01/01/2020,MLU,LA,ASW,CE,Combined TRACON& Tower with Radar,0,14,17,0,31,0,1,13,0,14,0,15,30,0,45,19,0,19,64
01/02/2020,MLU,LA,ASW,CE,Combined TRACON& Tower with Radar,0,26,26,0,52,0,0,0,0,0,0,26,26,0,52,12,0,12,64
01/03/2020,MLU,LA,ASW,CE,Combined TRACON& Tower with Radar,0,20,11,7,38,0,0,5,3,8,0,20,16,10,46,0,0,0,46
01/04/2020,MLU,LA,ASW,CE,Combined TRACON& Tower with Radar,0,14,13,0,27,0,0,31,0,31,0,14,44,0,58,20,0,20,78
01/05/2020,MLU,LA,ASW,CE,Combined TRACON& Tower with Radar,0,18,15,0,33,0,0,15,0,15,0,18,30,0,48,14,0,14,62
01/06/2020,MLU,LA,ASW,CE,Combined TRACON& Tower with Radar,0,23,34,9,66,0,0,40,0,40,0,23,74,9,106,130,0,130,236
01/07/2020,MLU,LA,ASW,CE,Combined TRACON& Tower with Radar,2,21,19,31,73,0,1,48,0,49,2,22,67,31,122,36,14,50,172
01/08/2020,MLU,LA,ASW,CE,Combined TRACON& Tower with Radar,1,19,37,27,84,0,1,51,1,53,1,20,88,28,137,56,4,60,197
01/09/2020,MLU,LA,ASW,CE,Combined TRACON& Tower with Radar,4,19,28,10,61,0,0,20,2,22,4,19,48,12,83,4,0,4,87
01/10/2020,MLU,LA,ASW,CE,Combined TRACON& Tower with Radar,3,18,9,0,30,0,0,2,1,3,3,18,11,1,33,0,0,0,33
01/11/2020,MLU,LA,ASW,CE,Combined TRACON& Tower with Radar,2,12,5,0,19,0,0,0,0,0,2,12,5,0,19,0,0,0,19
01/12/2020,MLU,LA,ASW,CE,Combined TRACON& Tower with Radar,4,12,22,0,38,0,0,8,0,8,4,12,30,0,46,0,0,0,46
01/13/2020,MLU,LA,ASW,CE,Combined TRACON& Tower with Radar,5,15,20,21,61,0,0,25,0,25,5,15,45,21,86,12,2,14,100
01/14/2020,MLU,LA,ASW,CE,Combined TRACON& Tower with Radar,2,14,8,0,24,0,0,0,0,0,2,14,8,0,24,0,0,0,24
01/15/2020,MLU,LA,ASW,CE,Combined TRACON& Tower with Radar,2,21,26,18,67,0,2,1,3,6,2,23,27,21,73,6,0,6,79
01/16/2020,MLU,LA,ASW,CE,Combined TRACON& Tower with Radar,4,18,13,4,39,0,0,0,0,0,4,18,13,4,39,0,0,0,39
01/17/2020,MLU,LA,ASW,CE,Combined TRACON& Tower with Radar,4,19,19,9,51,0,0,6,1,7,4,19,25,10,58,8,0,8,66
01/18/2020,MLU,LA,ASW,CE,Combined TRACON& Tower with Radar,2,13,6,0,21,0,0,6,0,6,2,13,12,0,27,0,0,0,27
01/19/2020,MLU,LA,ASW,CE,Combined TRACON& Tower with Radar,4,9,21,0,34,0,0,35,0,35,4,9,56,0,69,2,0,2,71
01/20/2020,MLU,LA,ASW,CE,Combined TRACON& Tower with Radar,4,17,19,6,46,0,1,44,0,45,4,18,63,6,91,42,0,42,133
01/21/2020,MLU,LA,ASW,CE,Combined TRACON& Tower with Radar,4,16,35,29,84,0,0,53,5,58,4,16,88,34,142,54,8,62,204
01/22/2020,MLU,LA,ASW,CE,Combined TRACON& Tower with Radar,2,23,11,0,36,0,0,6,0,6,2,23,17,0,42,0,0,0,42
01/23/2020,MLU,LA,ASW,CE,Combined TRACON& Tower with Radar,4,17,18,0,39,0,0,0,0,0,4,17,18,0,39,0,0,0,39
01/24/2020,MLU,LA,ASW,CE,Combined TRACON& Tower with Radar,4,16,38,54,112,0,0,34,7,41,4,16,72,61,153,4,30,34,187
01/25/2020,MLU,LA,ASW,CE,Combined TRACON& Tower with Radar,2,10,15,1,28,0,1,43,5,49,2,11,58,6,77,10,0,10,87
01/26/2020,MLU,LA,ASW,CE,Combined TRACON& Tower with Radar,4,12,14,6,36,0,0,0,1,1,4,12,14,7,37,10,0,10,47
01/27/2020,MLU,LA,ASW,CE,Combined TRACON& Tower with Radar,6,16,33,17,72,0,0,3,2,5,6,16,36,19,77,10,2,12,89
01/28/2020,MLU,LA,ASW,CE,Combined TRACON& Tower with Radar,4,17,22,1,44,0,0,2,0,2,4,17,24,1,46,0,0,0,46
01/29/2020,MLU,LA,ASW,CE,Combined TRACON& Tower with Radar,2,20,27,21,70,0,0,6,0,6,2,20,33,21,76,20,6,26,102
01/30/2020,MLU,LA,ASW,CE,Combined TRACON& Tower with Radar,4,23,22,9,58,0,0,2,0,2,4,23,24,9,60,0,0,0,60
01/31/2020,MLU,LA,ASW,CE,Combined TRACON& Tower with Radar,4,18,22,15,59,0,0,4,0,4,4,18,26,15,63,19,0,19,82
02/01/2020,MLU,LA,ASW,CE,Combined TRACON& Tower with Radar,2,13,19,6,40,0,0,39,5,44,2,13,58,11,84,4,18,22,106
02/02/2020,MLU,LA,ASW,CE,Combined TRACON& Tower with Radar,4,8,15,13,40,0,0,34,5,39,4,8,49,18,79,32,8,40,119
02/03/2020,MLU,LA,ASW,CE,Combined TRACON& Tower with Radar,4,16,26,10,56,0,2,13,2,17,4,18,39,12,73,16,2,18,91
02/04/2020,MLU,LA,ASW,CE,Combined TRACON& Tower with Radar,4,18,38,1,61,0,0,3,0,3,4,18,41,1,64,8,0,8,72
02/05/2020,MLU,LA,ASW,CE,Combined TRACON& Tower with Radar,2,26,8,0,36,0,0,0,0,0,2,26,8,0,36,0,0,0,36
02/06/2020,MLU,LA,ASW,CE,Combined TRACON& Tower with Radar,4,18,20,2,44,0,0,2,2,4,4,18,22,4,48,0,0,0,48
02/07/2020,MLU,LA,ASW,CE,Combined TRACON& Tower with Radar,3,20,37,34,94,0,0,41,8,49,3,20,78,42,143,30,8,38,181
02/08/2020,MLU,LA,ASW,CE,Combined TRACON& Tower with Radar,2,10,21,11,44,0,1,40,1,42,2,11,61,12,86,34,0,34,120
02/09/2020,MLU,LA,ASW,CE,Combined TRACON& Tower with Radar,3,12,14,23,52,0,0,17,0,17,3,12,31,23,69,12,0,12,81
02/10/2020,MLU,LA,ASW,CE,Combined TRACON& Tower with Radar,3,14,8,0,25,0,0,0,0,0,3,14,8,0,25,0,0,0,25
02/11/2020,MLU,LA,ASW,CE,Combined TRACON& Tower with Radar,4,17,14,0,35,0,0,0,0,0,4,17,14,0,35,0,0,0,35
02/12/2020,MLU,LA,ASW,CE,Combined TRACON& Tower with Radar,2,17,14,0,33,0,0,0,0,0,2,17,14,0,33,0,0,0,33
02/13/2020,MLU,LA,ASW,CE,Combined TRACON& Tower with Radar,4,19,44,33,100,0,0,32,4,36,4,19,76,37,136,16,20,36,172
02/14/2020,MLU,LA,ASW,CE,Combined TRACON& Tower with Radar,4,17,20,28,69,0,1,34,10,45,4,18,54,38,114,12,0,12,126
02/15/2020,MLU,LA,ASW,CE,Combined TRACON& Tower with Radar,4,8,26,0,38,0,1,47,0,48,4,9,73,0,86,20,0,20,106
02/16/2020,MLU,LA,ASW,CE,Combined TRACON& Tower with Radar,4,10,15,8,37,0,0,0,0,0,4,10,15,8,37,0,0,0,37
02/17/2020,MLU,LA,ASW,CE,Combined TRACON& Tower with Radar,4,16,22,0,42,0,0,3,0,3,4,16,25,0,45,0,0,0,45
02/18/2020,MLU,LA,ASW,CE,Combined TRACON& Tower with Radar,4,16,16,0,36,0,0,0,0,0,4,16,16,0,36,0,0,0,36
02/19/2020,MLU,LA,ASW,CE,Combined TRACON& Tower with Radar,4,15,22,0,41,0,0,0,0,0,4,15,22,0,41,0,0,0,41
02/20/2020,MLU,LA,ASW,CE,Combined TRACON& Tower with Radar,4,15,18,6,43,0,0,1,0,1,4,15,19,6,44,2,0,2,46
02/21/2020,MLU,LA,ASW,CE,Combined TRACON& Tower with Radar,4,19,39,24,86,0,1,58,5,64,4,20,97,29,150,14,8,22,172
02/22/2020,MLU,LA,ASW,CE,Combined TRACON& Tower with Radar,4,9,18,13,44,0,0,42,4,46,4,9,60,17,90,18,4,22,112
02/23/2020,MLU,LA,ASW,CE,Combined TRACON& Tower with Radar,3,16,9,0,28,0,1,12,0,13,3,17,21,0,41,0,0,0,41
02/24/2020,MLU,LA,ASW,CE,Combined TRACON& Tower with Radar,4,15,9,6,34,0,0,1,0,1,4,15,10,6,35,0,0,0,35
02/25/2020,MLU,LA,ASW,CE,Combined TRACON& Tower with Radar,4,15,24,41,84,0,0,26,7,33,4,15,50,48,117,26,20,46,163
02/26/2020,MLU,LA,ASW,CE,Combined TRACON& Tower with Radar,4,12,37,4,57,0,0,13,2,15,4,12,50,6,72,2,0,2,74
02/27/2020,MLU,LA,ASW,CE,Combined TRACON& Tower with Radar,4,18,37,37,96,0,2,35,13,50,4,20,72,50,146,80,0,80,226
02/28/2020,MLU,LA,ASW,CE,Combined TRACON& Tower with Radar,4,17,16,20,57,0,0,34,1,35,4,17,50,21,92,10,0,10,102
02/29/2020,MLU,LA,ASW,CE,Combined TRACON& Tower with Radar,4,10,21,12,47,0,0,40,1,41,4,10,61,13,88,38,0,38,126
03/01/2020,MLU,LA,ASW,CE,Combined TRACON& Tower with Radar,3,14,15,0,32,0,0,5,0,5,3,14,20,0,37,0,0,0,37
03/02/2020,MLU,LA,ASW,CE,Combined TRACON& Tower with Radar,4,16,27,3,50,0,0,9,0,9,4,16,36,3,59,0,0,0,59
03/03/2020,MLU,LA,ASW,CE,Combined TRACON& Tower with Radar,4,16,19,1,40,0,0,6,0,6,4,16,25,1,46,2,0,2,48
03/04/2020,MLU,LA,ASW,CE,Combined TRACON& Tower with Radar,4,16,5,0,25,0,0,0,0,0,4,16,5,0,25,0,0,0,25
03/05/2020,MLU,LA,ASW,CE,Combined TRACON& Tower with Radar,4,19,33,27,83,0,1,21,11,33,4,20,54,38,116,2,12,14,130
03/06/2020,MLU,LA,ASW,CE,Combined TRACON& Tower with Radar,4,19,27,10,60,0,0,41,8,49,4,19,68,18,109,14,0,14,123
03/07/2020,MLU,LA,ASW,CE,Combined TRACON& Tower with Radar,4,6,21,8,39,0,1,27,4,32,4,7,48,12,71,18,0,18,89
03/08/2020,MLU,LA,ASW,CE,Combined TRACON& Tower with Radar,4,14,13,1,32,0,1,17,2,20,4,15,30,3,52,14,0,14,66
03/09/2020,MLU,LA,ASW,CE,Combined TRACON& Tower with Radar,4,15,27,13,59,0,0,5,0,5,4,15,32,13,64,0,0,0,64
03/10/2020,MLU,LA,ASW,CE,Combined TRACON& Tower with Radar,4,14,22,28,68,0,0,12,2,14,4,14,34,30,82,0,0,0,82
03/11/2020,MLU,LA,ASW,CE,Combined TRACON& Tower with Radar,4,15,45,12,76,0,0,30,0,30,4,15,75,12,106,22,0,22,128
03/12/2020,MLU,LA,ASW,CE,Combined TRACON& Tower with Radar,4,15,27,12,58,0,0,14,2,16,4,15,41,14,74,10,0,10,84
03/13/2020,MLU,LA,ASW,CE,Combined TRACON& Tower with Radar,3,20,13,12,48,0,0,0,0,0,3,20,13,12,48,0,0,0,48
03/14/2020,MLU,LA,ASW,CE,Combined TRACON& Tower with Radar,3,9,7,2,21,0,0,1,2,3,3,9,8,4,24,0,0,0,24
03/15/2020,MLU,LA,ASW,CE,Combined TRACON& Tower with Radar,4,14,6,0,24,0,0,1,0,1,4,14,7,0,25,0,0,0,25
03/16/2020,MLU,LA,ASW,CE,Combined TRACON& Tower with Radar,4,15,24,1,44,0,0,19,0,19,4,15,43,1,63,32,0,32,95
03/17/2020,MLU,LA,ASW,CE,Combined TRACON& Tower with Radar,4,14,13,31,62,0,0,25,0,25,4,14,38,31,87,10,20,30,117
03/18/2020,MLU,LA,ASW,CE,Combined TRACON& Tower with Radar,6,13,20,14,53,0,0,15,1,16,6,13,35,15,69,24,6,30,99
03/19/2020,MLU,LA,ASW,CE,Combined TRACON& Tower with Radar,3,18,14,31,66,0,0,3,4,7,3,18,17,35,73,6,38,44,117
03/20/2020,MLU,LA,ASW,CE,Combined TRACON& Tower with Radar,4,13,1,0,18,0,0,0,0,0,4,13,1,0,18,0,0,0,18
03/21/2020,MLU,LA,ASW,CE,Combined TRACON& Tower with Radar,4,8,6,0,18,0,0,2,0,2,4,8,8,0,20,6,0,6,26
03/22/2020,MLU,LA,ASW,CE,Combined TRACON& Tower with Radar,4,18,8,3,33,0,0,0,0,0,4,18,8,3,33,0,0,0,33
03/23/2020,MLU,LA,ASW,CE,Combined TRACON& Tower with Radar,2,12,0,0,14,0,0,2,0,2,2,12,2,0,16,0,0,0,16
03/24/2020,MLU,LA,ASW,CE,Combined TRACON& Tower with Radar,2,12,2,12,28,0,0,3,0,3,2,12,5,12,31,0,8,8,39
03/25/2020,MLU,LA,ASW,CE,Combined TRACON& Tower with Radar,1,9,8,12,30,0,0,20,0,20,1,9,28,12,50,20,6,26,76
03/26/2020,MLU,LA,ASW,CE,Combined TRACON& Tower with Radar,1,6,5,0,12,0,0,17,0,17,1,6,22,0,29,28,0,28,57
03/27/2020,MLU,LA,ASW,CE,Combined TRACON& Tower with Radar,2,7,9,14,32,0,0,13,1,14,2,7,22,15,46,14,6,20,66
03/28/2020,MLU,LA,ASW,CE,Combined TRACON& Tower with Radar,2,6,0,0,8,0,0,7,0,7,2,6,7,0,15,0,0,0,15
03/29/2020,MLU,LA,ASW,CE,Combined TRACON& Tower with Radar,2,10,4,0,16,0,0,11,1,12,2,10,15,1,28,20,0,20,48
03/30/2020,MLU,LA,ASW,CE,Combined TRACON& Tower with Radar,2,8,0,20,30,0,0,3,1,4,2,8,3,21,34,0,6,6,40
03/31/2020,MLU,LA,ASW,CE,Combined TRACON& Tower with Radar,2,9,4,13,28,0,0,3,0,3,2,9,7,13,31,2,0,2,33
04/01/2020,MLU,LA,ASW,CE,Combined TRACON& Tower with Radar,1,8,8,7,24,0,0,17,0,17,1,8,25,7,41,34,4,38,79
04/02/2020,MLU,LA,ASW,CE,Combined TRACON& Tower with Radar,0,6,6,6,18,0,0,20,0,20,0,6,26,6,38,18,0,18,56
04/03/2020,MLU,LA,ASW,CE,Combined TRACON& Tower with Radar,2,7,4,5,18,0,0,13,0,13,2,7,17,5,31,0,0,0,31
04/04/2020,MLU,LA,ASW,CE,Combined TRACON& Tower with Radar,2,8,0,0,10,0,0,2,0,2,2,8,2,0,12,0,0,0,12
04/05/2020,MLU,LA,ASW,CE,Combined TRACON& Tower with Radar,1,6,2,0,9,0,0,5,0,5,1,6,7,0,14,0,0,0,14
04/06/2020,MLU,LA,ASW,CE,Combined TRACON& Tower with Radar,0,6,1,13,20,0,0,10,0,10,0,6,11,13,30,0,6,6,36
04/07/2020,MLU,LA,ASW,CE,Combined TRACON& Tower with Radar,0,7,2,0,9,0,0,1,1,2,0,7,3,1,11,0,0,0,11
04/08/2020,MLU,LA,ASW,CE,Combined TRACON& Tower with Radar,0,9,6,0,15,0,0,2,0,2,0,9,8,0,17,10,0,10,27
04/09/2020,MLU,LA,ASW,CE,Combined TRACON& Tower with Radar,0,8,9,31,48,0,0,14,0,14,0,8,23,31,62,46,28,74,136
04/10/2020,MLU,LA,ASW,CE,Combined TRACON& Tower with Radar,2,7,5,9,23,0,2,29,0,31,2,9,34,9,54,30,0,30,84
04/11/2020,MLU,LA,ASW,CE,Combined TRACON& Tower with Radar,0,10,4,12,26,0,0,14,0,14,0,10,18,12,40,32,0,32,72
04/12/2020,MLU,LA,ASW,CE,Combined TRACON& Tower with Radar,0,3,0,0,3,0,0,3,0,3,0,3,3,0,6,0,0,0,6
04/13/2020,MLU,LA,ASW,CE,Combined TRACON& Tower with Radar,0,2,2,0,4,0,0,1,3,4,0,2,3,3,8,0,0,0,8
04/14/2020,MLU,LA,ASW,CE,Combined TRACON& Tower with Radar,0,6,2,2,10,0,0,9,0,9,0,6,11,2,19,66,0,66,85
04/15/2020,MLU,LA,ASW,CE,Combined TRACON& Tower with Radar,0,6,8,0,14,0,0,33,3,36,0,6,41,3,50,20,0,20,70
04/16/2020,MLU,LA,ASW,CE,Combined TRACON& Tower with Radar,0,6,14,11,31,0,0,19,1,20,0,6,33,12,51,0,8,8,59
04/17/2020,MLU,LA,ASW,CE,Combined TRACON& Tower with Radar,0,6,3,0,9,0,0,8,0,8,0,6,11,0,17,54,0,54,71
04/18/2020,MLU,LA,ASW,CE,Combined TRACON& Tower with Radar,0,6,6,0,12,0,0,4,0,4,0,6,10,0,16,0,0,0,16
04/19/2020,MLU,LA,ASW,CE,Combined TRACON& Tower with Radar,0,5,2,0,7,0,0,0,0,0,0,5,2,0,7,0,0,0,7
04/20/2020,MLU,LA,ASW,CE,Combined TRACON& Tower with Radar,0,7,5,0,12,0,0,13,0,13,0,7,18,0,25,62,0,62,87
04/21/2020,MLU,LA,ASW,CE,Combined TRACON& Tower with Radar,0,9,5,27,41,0,1,31,22,54,0,10,36,49,95,72,0,72,167
04/22/2020,MLU,LA,ASW,CE,Combined TRACON& Tower with Radar,0,7,8,0,15,0,0,3,2,5,0,7,11,2,20,0,0,0,20
04/23/2020,MLU,LA,ASW,CE,Combined TRACON& Tower with Radar,0,8,10,63,81,0,0,13,2,15,0,8,23,65,96,8,26,34,130
04/24/2020,MLU,LA,ASW,CE,Combined TRACON& Tower with Radar,0,5,13,0,18,0,0,28,0,28,0,5,41,0,46,64,2,66,112
04/25/2020,MLU,LA,ASW,CE,Combined TRACON& Tower with Radar,0,9,0,48,57,0,0,12,0,12,0,9,12,48,69,2,2,4,73
04/26/2020,MLU,LA,ASW,CE,Combined TRACON& Tower with Radar,0,5,5,0,10,0,0,17,0,17,0,5,22,0,27,6,0,6,33
04/27/2020,MLU,LA,ASW,CE,Combined TRACON& Tower with Radar,0,6,9,0,15,0,0,27,0,27,0,6,36,0,42,0,0,0,42
04/28/2020,MLU,LA,ASW,CE,Combined TRACON& Tower with Radar,0,8,8,14,30,0,0,1,3,4,0,8,9,17,34,10,0,10,44
04/29/2020,MLU,LA,ASW,CE,Combined TRACON& Tower with Radar,0,7,4,0,11,0,0,1,1,2,0,7,5,1,13,6,0,6,19
04/30/2020,MLU,LA,ASW,CE,Combined TRACON& Tower with Radar,0,6,26,32,64,0,1,41,6,48,0,7,67,38,112,40,24,64,176
05/01/2020,MLU,LA,ASW,CE,Combined TRACON& Tower with Radar,1,2,5,0,8,0,0,14,0,14,1,2,19,0,22,44,0,44,66
05/02/2020,MLU,LA,ASW,CE,Combined TRACON& Tower with Radar,0,1,8,22,31,0,0,21,6,27,0,1,29,28,58,0,8,8,66
05/03/2020,MLU,LA,ASW,CE,Combined TRACON& Tower with Radar,0,0,5,0,5,0,0,4,0,4,0,0,9,0,9,0,0,0,9
05/04/2020,MLU,LA,ASW,CE,Combined TRACON& Tower with Radar,1,1,0,0,2,0,1,11,0,12,1,2,11,0,14,0,0,0,14
05/05/2020,MLU,LA,ASW,CE,Combined TRACON& Tower with Radar,0,0,4,0,4,0,1,2,1,4,0,1,6,1,8,20,0,20,28
05/06/2020,MLU,LA,ASW,CE,Combined TRACON& Tower with Radar,2,0,5,10,17,0,2,17,0,19,2,2,22,10,36,14,0,14,50
05/07/2020,MLU,LA,ASW,CE,Combined TRACON& Tower with Radar,0,4,3,14,21,0,0,10,0,10,0,4,13,14,31,8,0,8,39
05/08/2020,MLU,LA,ASW,CE,Combined TRACON& Tower with Radar,0,2,1,0,3,0,0,0,0,0,0,2,1,0,3,0,0,0,3
05/09/2020,MLU,LA,ASW,CE,Combined TRACON& Tower with Radar,0,1,9,11,21,0,0,9,0,9,0,1,18,11,30,16,4,20,50
05/10/2020,MLU,LA,ASW,CE,Combined TRACON& Tower with Radar,0,2,8,0,10,0,0,8,0,8,0,2,16,0,18,26,0,26,44
05/11/2020,MLU,LA,ASW,CE,Combined TRACON& Tower with Radar,0,2,7,12,21,0,0,22,0,22,0,2,29,12,43,2,0,2,45
05/12/2020,MLU,LA,ASW,CE,Combined TRACON& Tower with Radar,0,1,7,38,46,0,0,8,4,12,0,1,15,42,58,26,4,30,88
05/13/2020,MLU,LA,ASW,CE,Combined TRACON& Tower with Radar,0,1,8,6,15,0,0,3,0,3,0,1,11,6,18,0,0,0,18
05/14/2020,MLU,LA,ASW,CE,Combined TRACON& Tower with Radar,0,2,9,14,25,0,0,0,0,0,0,2,9,14,25,0,0,0,25
05/15/2020,MLU,LA,ASW,CE,Combined TRACON& Tower with Radar,0,2,12,0,14,0,0,1,0,1,0,2,13,0,15,34,0,34,49
05/16/2020,MLU,LA,ASW,CE,Combined TRACON& Tower with Radar,0,1,2,0,3,0,0,0,0,0,0,1,2,0,3,0,0,0,3
05/17/2020,MLU,LA,ASW,CE,Combined TRACON& Tower with Radar,0,1,5,0,6,0,0,1,0,1,0,1,6,0,7,0,0,0,7
05/18/2020,MLU,LA,ASW,CE,Combined TRACON& Tower with Radar,0,2,8,31,41,0,0,9,1,10,0,2,17,32,51,8,6,14,65
05/19/2020,MLU,LA,ASW,CE,Combined TRACON& Tower with Radar,0,1,11,9,21,0,0,21,0,21,0,1,32,9,42,8,0,8,50
05/20/2020,MLU,LA,ASW,CE,Combined TRACON& Tower with Radar,0,2,6,46,54,0,0,20,2,22,0,2,26,48,76,68,10,78,154
05/21/2020,MLU,LA,ASW,CE,Combined TRACON& Tower with Radar,0,2,4,21,27,0,2,1,1,4,0,4,5,22,31,0,10,10,41
05/22/2020,MLU,LA,ASW,CE,Combined TRACON& Tower with Radar,0,4,11,2,17,0,0,6,0,6,0,4,17,2,23,18,0,18,41
05/23/2020,MLU,LA,ASW,CE,Combined TRACON& Tower with Radar,0,1,3,0,4,0,0,4,0,4,0,1,7,0,8,6,0,6,14
05/24/2020,MLU,LA,ASW,CE,Combined TRACON& Tower with Radar,0,1,5,0,6,0,0,1,0,1,0,1,6,0,7,0,0,0,7
05/25/2020,MLU,LA,ASW,CE,Combined TRACON& Tower with Radar,0,6,10,0,16,0,0,2,0,2,0,6,12,0,18,0,0,0,18
05/26/2020,MLU,LA,ASW,CE,Combined TRACON& Tower with Radar,0,1,5,0,6,0,0,1,0,1,0,1,6,0,7,0,0,0,7
05/27/2020,MLU,LA,ASW,CE,Combined TRACON& Tower with Radar,0,1,8,16,25,0,0,8,0,8,0,1,16,16,33,16,14,30,63
05/28/2020,MLU,LA,ASW,CE,Combined TRACON& Tower with Radar,0,3,7,2,12,0,0,8,0,8,0,3,15,2,20,20,0,20,40
05/29/2020,MLU,LA,ASW,CE,Combined TRACON& Tower with Radar,0,1,13,39,53,0,0,21,0,21,0,1,34,39,74,56,0,56,130
05/30/2020,MLU,LA,ASW,CE,Combined TRACON& Tower with Radar,0,1,4,0,5,0,0,28,0,28,0,1,32,0,33,28,0,28,61
05/31/2020,MLU,LA,ASW,CE,Combined TRACON& Tower with Radar,0,1,10,0,11,0,0,6,0,6,0,1,16,0,17,0,0,0,17
06/01/2020,MLU,LA,ASW,CE,Combined TRACON& Tower with Radar,0,8,10,10,28,0,0,15,5,20,0,8,25,15,48,18,0,18,66
06/02/2020,MLU,LA,ASW,CE,Combined TRACON& Tower with Radar,0,3,12,1,16,0,0,14,3,17,0,3,26,4,33,6,4,10,43
06/03/2020,MLU,LA,ASW,CE,Combined TRACON& Tower with Radar,0,3,5,9,17,0,0,10,0,10,0,3,15,9,27,36,0,36,63
06/04/2020,MLU,LA,ASW,CE,Combined TRACON& Tower with Radar,0,6,20,37,63,0,0,16,0,16,0,6,36,37,79,14,0,14,93
06/05/2020,MLU,LA,ASW,CE,Combined TRACON& Tower with Radar,0,2,21,6,29,0,1,24,4,29,0,3,45,10,58,66,6,72,130
06/06/2020,MLU,LA,ASW,CE,Combined TRACON& Tower with Radar,0,2,10,0,12,0,0,4,0,4,0,2,14,0,16,16,0,16,32
06/07/2020,MLU,LA,ASW,CE,Combined TRACON& Tower with Radar,0,4,7,0,11,0,0,0,0,0,0,4,7,0,11,0,0,0,11
06/08/2020,MLU,LA,ASW,CE,Combined TRACON& Tower with Radar,0,6,2,0,8,0,0,0,0,0,0,6,2,0,8,0,0,0,8
06/09/2020,MLU,LA,ASW,CE,Combined TRACON& Tower with Radar,0,3,13,47,63,0,0,7,2,9,0,3,20,49,72,0,0,0,72
06/10/2020,MLU,LA,ASW,CE,Combined TRACON& Tower with Radar,0,2,24,40,66,0,0,12,1,13,0,2,36,41,79,4,0,4,83
06/11/2020,MLU,LA,ASW,CE,Combined TRACON& Tower with Radar,0,4,19,40,63,0,0,20,7,27,0,4,39,47,90,70,10,80,170
06/12/2020,MLU,LA,ASW,CE,Combined TRACON& Tower with Radar,0,4,10,31,45,0,0,13,0,13,0,4,23,31,58,10,4,14,72
06/13/2020,MLU,LA,ASW,CE,Combined TRACON& Tower with Radar,0,6,9,9,24,0,0,18,1,19,0,6,27,10,43,12,0,12,55
06/14/2020,MLU,LA,ASW,CE,Combined TRACON& Tower with Radar,0,8,11,0,19,0,1,9,0,10,0,9,20,0,29,0,0,0,29
06/15/2020,MLU,LA,ASW,CE,Combined TRACON& Tower with Radar,0,4,16,18,38,0,0,17,0,17,0,4,33,18,55,62,6,68,123
06/16/2020,MLU,LA,ASW,CE,Combined TRACON& Tower with Radar,0,2,15,10,27,0,0,18,1,19,0,2,33,11,46,50,0,50,96
06/17/2020,MLU,LA,ASW,CE,Combined TRACON& Tower with Radar,0,3,23,12,38,0,0,22,4,26,0,3,45,16,64,20,0,20,84
06/18/2020,MLU,LA,ASW,CE,Combined TRACON& Tower with Radar,0,5,17,15,37,0,0,22,0,22,0,5,39,15,59,20,0,20,79
06/19/2020,MLU,LA,ASW,CE,Combined TRACON& Tower with Radar,0,6,14,12,32,0,0,16,4,20,0,6,30,16,52,28,18,46,98
06/20/2020,MLU,LA,ASW,CE,Combined TRACON& Tower with Radar,0,2,6,0,8,0,2,8,0,10,0,4,14,0,18,34,0,34,52
06/21/2020,MLU,LA,ASW,CE,Combined TRACON& Tower with Radar,0,5,7,0,12,0,0,7,0,7,0,5,14,0,19,0,0,0,19
06/22/2020,MLU,LA,ASW,CE,Combined TRACON& Tower with Radar,0,6,3,11,20,0,0,6,0,6,0,6,9,11,26,20,0,20,46
06/23/2020,MLU,LA,ASW,CE,Combined TRACON& Tower with Radar,0,5,9,14,28,0,0,8,0,8,0,5,17,14,36,22,12,34,70
06/24/2020,MLU,LA,ASW,CE,Combined TRACON& Tower with Radar,0,5,10,0,15,0,0,0,0,0,0,5,10,0,15,0,0,0,15
06/25/2020,MLU,LA,ASW,CE,Combined TRACON& Tower with Radar,0,6,12,0,18,0,0,0,0,0,0,6,12,0,18,0,0,0,18
06/26/2020,MLU,LA,ASW,CE,Combined TRACON& Tower with Radar,0,5,9,0,14,0,0,0,0,0,0,5,9,0,14,0,0,0,14
06/27/2020,MLU,LA,ASW,CE,Combined TRACON& Tower with Radar,0,2,6,0,8,0,0,1,0,1,0,2,7,0,9,0,0,0,9
06/28/2020,MLU,LA,ASW,CE,Combined TRACON& Tower with Radar,0,4,8,0,12,0,0,4,0,4,0,4,12,0,16,0,0,0,16
06/29/2020,MLU,LA,ASW,CE,Combined TRACON& Tower with Radar,0,8,26,29,63,0,0,5,0,5,0,8,31,29,68,2,0,2,70
06/30/2020,MLU,LA,ASW,CE,Combined TRACON& Tower with Radar,0,2,23,16,41,0,0,10,0,10,0,2,33,16,51,18,6,24,75
07/01/2020,MLU,LA,ASW,CE,Combined TRACON& Tower with Radar,0,2,12,0,14,0,0,13,2,15,0,2,25,2,29,20,0,20,49
07/02/2020,MLU,LA,ASW,CE,Combined TRACON& Tower with Radar,0,5,28,1,34,0,0,16,0,16,0,5,44,1,50,0,0,0,50
07/03/2020,MLU,LA,ASW,CE,Combined TRACON& Tower with Radar,0,5,7,0,12,0,0,0,0,0,0,5,7,0,12,32,0,32,44
07/04/2020,MLU,LA,ASW,CE,Combined TRACON& Tower with Radar,1,3,2,2,8,0,0,11,6,17,1,3,13,8,25,14,0,14,39
07/05/2020,MLU,LA,ASW,CE,Combined TRACON& Tower with Radar,1,8,5,0,14,0,0,1,6,7,1,8,6,6,21,0,0,0,21
07/06/2020,MLU,LA,ASW,CE,Combined TRACON& Tower with Radar,0,7,11,0,18,0,0,2,0,2,0,7,13,0,20,44,0,44,64
07/07/2020,MLU,LA,ASW,CE,Combined TRACON& Tower with Radar,0,6,11,10,27,0,0,1,0,1,0,6,12,10,28,0,0,0,28
07/08/2020,MLU,LA,ASW,CE,Combined TRACON& Tower with Radar,0,10,9,0,19,0,0,2,2,4,0,10,11,2,23,12,0,12,35
07/09/2020,MLU,LA,ASW,CE,Combined TRACON& Tower with Radar,0,6,34,29,69,0,0,20,3,23,0,6,54,32,92,14,0,14,106
07/10/2020,MLU,LA,ASW,CE,Combined TRACON& Tower with Radar,0,9,20,29,58,0,0,27,1,28,0,9,47,30,86,28,22,50,136
07/11/2020,MLU,LA,ASW,CE,Combined TRACON& Tower with Radar,0,5,15,0,20,0,0,16,2,18,0,5,31,2,38,24,0,24,62
07/12/2020,MLU,LA,ASW,CE,Combined TRACON& Tower with Radar,0,7,12,0,19,0,0,9,0,9,0,7,21,0,28,12,0,12,40
07/13/2020,MLU,LA,ASW,CE,Combined TRACON& Tower with Radar,0,10,18,4,32,0,0,17,2,19,0,10,35,6,51,20,0,20,71
07/14/2020,MLU,LA,ASW,CE,Combined TRACON& Tower with Radar,0,7,9,23,39,0,0,21,0,21,0,7,30,23,60,46,0,46,106
07/15/2020,MLU,LA,ASW,CE,Combined TRACON& Tower with Radar,0,9,9,16,34,0,0,9,4,13,0,9,18,20,47,60,0,60,107
07/16/2020,MLU,LA,ASW,CE,Combined TRACON& Tower with Radar,0,7,11,9,27,0,0,20,2,22,0,7,31,11,49,8,0,8,57
07/17/2020,MLU,LA,ASW,CE,Combined TRACON& Tower with Radar,0,10,20,8,38,0,0,13,0,13,0,10,33,8,51,8,0,8,59
07/18/2020,MLU,LA,ASW,CE,Combined TRACON& Tower with Radar,0,8,7,0,15,0,0,15,1,16,0,8,22,1,31,34,0,34,65
07/19/2020,MLU,LA,ASW,CE,Combined TRACON& Tower with Radar,0,9,24,0,33,0,0,15,0,15,0,9,39,0,48,0,0,0,48
07/20/2020,MLU,LA,ASW,CE,Combined TRACON& Tower with Radar,0,13,14,19,46,0,0,17,4,21,0,13,31,23,67,22,2,24,91
07/21/2020,MLU,LA,ASW,CE,Combined TRACON& Tower with Radar,0,7,13,23,43,0,0,15,1,16,0,7,28,24,59,2,6,8,67
07/22/2020,MLU,LA,ASW,CE,Combined TRACON& Tower with Radar,0,9,11,12,32,0,0,8,0,8,0,9,19,12,40,26,0,26,66
07/23/2020,MLU,LA,ASW,CE,Combined TRACON& Tower with Radar,0,7,16,5,28,0,0,31,2,33,0,7,47,7,61,22,2,24,85
07/24/2020,MLU,LA,ASW,CE,Combined TRACON& Tower with Radar,0,9,21,22,52,0,0,5,0,5,0,9,26,22,57,0,0,0,57
07/25/2020,MLU,LA,ASW,CE,Combined TRACON& Tower with Radar,0,5,11,0,16,0,0,0,0,0,0,5,11,0,16,4,0,4,20
07/26/2020,MLU,LA,ASW,CE,Combined TRACON& Tower with Radar,0,9,12,4,25,0,0,4,0,4,0,9,16,4,29,4,0,4,33
07/27/2020,MLU,LA,ASW,CE,Combined TRACON& Tower with Radar,0,10,15,5,30,0,0,6,1,7,0,10,21,6,37,22,6,28,65
07/28/2020,MLU,LA,ASW,CE,Combined TRACON& Tower with Radar,0,8,24,59,91,0,0,9,0,9,0,8,33,59,100,0,50,50,150
07/29/2020,MLU,LA,ASW,CE,Combined TRACON& Tower with Radar,0,12,27,35,74,0,0,9,2,11,0,12,36,37,85,26,8,34,119
07/30/2020,MLU,LA,ASW,CE,Combined TRACON& Tower with Radar,0,7,26,23,56,0,0,13,1,14,0,7,39,24,70,38,10,48,118
07/31/2020,MLU,LA,ASW,CE,Combined TRACON& Tower with Radar,0,9,11,6,26,0,1,15,3,19,0,10,26,9,45,18,0,18,63
08/01/2020,MLU,LA,ASW,CE,Combined TRACON& Tower with Radar,0,6,12,0,18,0,0,11,0,11,0,6,23,0,29,50,0,50,79
08/02/2020,MLU,LA,ASW,CE,Combined TRACON& Tower with Radar,0,8,13,11,32,0,0,13,4,17,0,8,26,15,49,0,0,0,49
08/03/2020,MLU,LA,ASW,CE,Combined TRACON& Tower with Radar,0,9,28,28,65,0,2,22,4,28,0,11,50,32,93,26,6,32,125
08/04/2020,MLU,LA,ASW,CE,Combined TRACON& Tower with Radar,0,8,27,35,70,0,0,20,8,28,0,8,47,43,98,24,20,44,142
08/05/2020,MLU,LA,ASW,CE,Combined TRACON& Tower with Radar,0,12,16,23,51,0,0,29,7,36,0,12,45,30,87,8,18,26,113
08/06/2020,MLU,LA,ASW,CE,Combined TRACON& Tower with Radar,0,11,10,19,40,0,0,18,9,27,0,11,28,28,67,2,0,2,69
08/07/2020,MLU,LA,ASW,CE,Combined TRACON& Tower with Radar,0,11,22,4,37,0,0,48,9,57,0,11,70,13,94,28,32,60,154
08/08/2020,MLU,LA,ASW,CE,Combined TRACON& Tower with Radar,0,8,15,0,23,0,0,24,1,25,0,8,39,1,48,22,0,22,70
08/09/2020,MLU,LA,ASW,CE,Combined TRACON& Tower with Radar,0,10,14,0,24,0,0,8,2,10,0,10,22,2,34,0,0,0,34
08/10/2020,MLU,LA,ASW,CE,Combined TRACON& Tower with Radar,0,13,9,23,45,0,5,4,0,9,0,18,13,23,54,14,10,24,78
08/11/2020,MLU,LA,ASW,CE,Combined TRACON& Tower with Radar,0,14,27,17,58,0,0,19,3,22,0,14,46,20,80,4,12,16,96
08/12/2020,MLU,LA,ASW,CE,Combined TRACON& Tower with Radar,0,13,14,26,53,0,0,13,0,13,0,13,27,26,66,16,0,16,82
08/13/2020,MLU,LA,ASW,CE,Combined TRACON& Tower with Radar,0,14,13,39,66,0,1,10,2,13,0,15,23,41,79,2,34,36,115
08/14/2020,MLU,LA,ASW,CE,Combined TRACON& Tower with Radar,0,11,12,3,26,0,0,4,0,4,0,11,16,3,30,18,0,18,48
08/15/2020,MLU,LA,ASW,CE,Combined TRACON& Tower with Radar,0,9,21,9,39,0,0,16,8,24,0,9,37,17,63,14,0,14,77
08/16/2020,MLU,LA,ASW,CE,Combined TRACON& Tower with Radar,0,11,13,1,25,0,0,25,2,27,0,11,38,3,52,4,0,4,56
08/17/2020,MLU,LA,ASW,CE,Combined TRACON& Tower with Radar,0,12,16,30,58,0,0,25,6,31,0,12,41,36,89,54,6,60,149
08/18/2020,MLU,LA,ASW,CE,Combined TRACON& Tower with Radar,0,10,18,22,50,0,0,35,2,37,0,10,53,24,87,28,2,30,117
08/19/2020,MLU,LA,ASW,CE,Combined TRACON& Tower with Radar,0,10,37,20,67,0,1,40,4,45,0,11,77,24,112,18,8,26,138
08/20/2020,MLU,LA,ASW,CE,Combined TRACON& Tower with Radar,0,9,34,37,80,0,0,29,2,31,0,9,63,39,111,6,0,6,117
08/21/2020,MLU,LA,ASW,CE,Combined TRACON& Tower with Radar,0,11,10,22,43,0,0,19,2,21,0,11,29,24,64,22,6,28,92
08/22/2020,MLU,LA,ASW,CE,Combined TRACON& Tower with Radar,0,9,15,0,24,0,0,20,2,22,0,9,35,2,46,22,0,22,68
08/23/2020,MLU,LA,ASW,CE,Combined TRACON& Tower with Radar,0,10,14,11,35,0,0,28,0,28,0,10,42,11,63,16,0,16,79
08/24/2020,MLU,LA,ASW,CE,Combined TRACON& Tower with Radar,0,11,27,43,81,0,0,20,3,23,0,11,47,46,104,24,10,34,138
08/25/2020,MLU,LA,ASW,CE,Combined TRACON& Tower with Radar,0,9,12,57,78,0,0,7,0,7,0,9,19,57,85,16,10,26,111
08/26/2020,MLU,LA,ASW,CE,Combined TRACON& Tower with Radar,0,9,12,47,68,0,1,7,4,12,0,10,19,51,80,12,8,20,100
08/27/2020,MLU,LA,ASW,CE,Combined TRACON& Tower with Radar,0,6,1,0,7,0,0,0,0,0,0,6,1,0,7,0,0,0,7
08/28/2020,MLU,LA,ASW,CE,Combined TRACON& Tower with Radar,2,11,9,0,22,0,0,4,0,4,2,11,13,0,26,0,0,0,26
08/29/2020,MLU,LA,ASW,CE,Combined TRACON& Tower with Radar,0,11,9,0,20,0,1,10,0,11,0,12,19,0,31,0,0,0,31
08/30/2020,MLU,LA,ASW,CE,Combined TRACON& Tower with Radar,0,8,15,0,23,0,2,17,2,21,0,10,32,2,44,0,0,0,44
08/31/2020,MLU,LA,ASW,CE,Combined TRACON& Tower with Radar,0,12,25,38,75,0,1,9,0,10,0,13,34,38,85,0,8,8,93
09/01/2020,MLU,LA,ASW,CE,Combined TRACON& Tower with Radar,0,10,38,11,59,0,0,35,3,38,0,10,73,14,97,0,0,0,97
09/02/2020,MLU,LA,ASW,CE,Combined TRACON& Tower with Radar,0,11,32,21,64,0,0,10,0,10,0,11,42,21,74,0,16,16,90
09/03/2020,MLU,LA,ASW,CE,Combined TRACON& Tower with Radar,0,11,11,20,42,0,0,14,2,16,0,11,25,22,58,8,0,8,66
09/04/2020,MLU,LA,ASW,CE,Combined TRACON& Tower with Radar,0,9,21,0,30,0,0,24,0,24,0,9,45,0,54,0,0,0,54
09/05/2020,MLU,LA,ASW,CE,Combined TRACON& Tower with Radar,0,7,12,0,19,0,0,22,0,22,0,7,34,0,41,0,0,0,41
09/06/2020,MLU,LA,ASW,CE,Combined TRACON& Tower with Radar,0,10,6,0,16,0,0,22,0,22,0,10,28,0,38,0,0,0,38
09/07/2020,MLU,LA,ASW,CE,Combined TRACON& Tower with Radar,0,12,18,0,30,0,0,31,0,31,0,12,49,0,61,14,0,14,75
09/08/2020,MLU,LA,ASW,CE,Combined TRACON& Tower with Radar,0,11,25,15,51,0,0,12,2,14,0,11,37,17,65,6,20,26,91
09/09/2020,MLU,LA,ASW,CE,Combined TRACON& Tower with Radar,0,10,28,20,58,0,0,24,13,37,0,10,52,33,95,8,26,34,129
09/10/2020,MLU,LA,ASW,CE,Combined TRACON& Tower with Radar,0,12,16,39,67,0,0,17,8,25,0,12,33,47,92,0,26,26,118
09/11/2020,MLU,LA,ASW,CE,Combined TRACON& Tower with Radar,2,12,37,36,87,0,2,38,4,44,2,14,75,40,131,6,12,18,149
09/12/2020,MLU,LA,ASW,CE,Combined TRACON& Tower with Radar,0,7,10,0,17,0,4,8,3,15,0,11,18,3,32,20,0,20,52
09/13/2020,MLU,LA,ASW,CE,Combined TRACON& Tower with Radar,0,11,22,0,33,0,0,2,0,2,0,11,24,0,35,0,0,0,35
09/14/2020,MLU,LA,ASW,CE,Combined TRACON& Tower with Radar,0,11,29,7,47,0,1,15,0,16,0,12,44,7,63,0,2,2,65
09/15/2020,MLU,LA,ASW,CE,Combined TRACON& Tower with Radar,0,9,14,30,53,0,0,10,0,10,0,9,24,30,63,0,4,4,67
09/16/2020,MLU,LA,ASW,CE,Combined TRACON& Tower with Radar,0,10,17,20,47,0,0,5,0,5,0,10,22,20,52,2,20,22,74
09/17/2020,MLU,LA,ASW,CE,Combined TRACON& Tower with Radar,0,11,32,18,61,0,0,23,0,23,0,11,55,18,84,0,6,6,90
09/18/2020,MLU,LA,ASW,CE,Combined TRACON& Tower with Radar,0,10,21,12,43,0,1,25,5,31,0,11,46,17,74,36,2,38,112
09/19/2020,MLU,LA,ASW,CE,Combined TRACON& Tower with Radar,0,7,14,1,22,0,0,20,1,21,0,7,34,2,43,12,12,24,67
09/20/2020,MLU,LA,ASW,CE,Combined TRACON& Tower with Radar,0,10,12,7,29,0,1,19,0,20,0,11,31,7,49,12,0,12,61
09/21/2020,MLU,LA,ASW,CE,Combined TRACON& Tower with Radar,0,11,14,0,25,0,0,0,0,0,0,11,14,0,25,0,0,0,25
09/22/2020,MLU,LA,ASW,CE,Combined TRACON& Tower with Radar,0,10,12,0,22,0,0,2,0,2,0,10,14,0,24,0,0,0,24
09/23/2020,MLU,LA,ASW,CE,Combined TRACON& Tower with Radar,0,9,3,0,12,0,0,0,0,0,0,9,3,0,12,0,0,0,12
09/24/2020,MLU,LA,ASW,CE,Combined TRACON& Tower with Radar,0,9,9,2,20,0,0,1,0,1,0,9,10,2,21,2,0,2,23
09/25/2020,MLU,LA,ASW,CE,Combined TRACON& Tower with Radar,1,9,22,35,67,0,0,4,1,5,1,9,26,36,72,0,0,0,72
09/26/2020,MLU,LA,ASW,CE,Combined TRACON& Tower with Radar,0,7,15,6,28,0,0,7,0,7,0,7,22,6,35,26,0,26,61
09/27/2020,MLU,LA,ASW,CE,Combined TRACON& Tower with Radar,0,10,19,22,51,0,0,15,4,19,0,10,34,26,70,8,26,34,104
09/28/2020,MLU,LA,ASW,CE,Combined TRACON& Tower with Radar,0,9,22,21,52,0,0,12,0,12,0,9,34,21,64,0,0,0,64
09/29/2020,MLU,LA,ASW,CE,Combined TRACON& Tower with Radar,0,11,23,33,67,0,0,23,4,27,0,11,46,37,94,0,12,12,106
09/30/2020,MLU,LA,ASW,CE,Combined TRACON& Tower with Radar,0,9,23,31,63,0,0,37,2,39,0,9,60,33,102,4,8,12,114
10/01/2020,MLU,LA,ASW,CE,Combined TRACON& Tower with Radar,2,12,31,17,62,0,2,35,7,44,2,14,66,24,106,6,12,18,124
10/02/2020,MLU,LA,ASW,CE,Combined TRACON& Tower with Radar,1,8,16,16,41,0,0,27,2,29,1,8,43,18,70,0,8,8,78
10/03/2020,MLU,LA,ASW,CE,Combined TRACON& Tower with Radar,0,13,18,0,31,0,1,28,1,30,0,14,46,1,61,20,0,20,81
10/04/2020,MLU,LA,ASW,CE,Combined TRACON& Tower with Radar,0,9,23,2,34,0,0,20,2,22,0,9,43,4,56,10,0,10,66
10/05/2020,MLU,LA,ASW,CE,Combined TRACON& Tower with Radar,0,8,22,50,80,0,0,23,10,33,0,8,45,60,113,0,0,0,113
10/06/2020,MLU,LA,ASW,CE,Combined TRACON& Tower with Radar,0,8,17,44,69,0,0,17,2,19,0,8,34,46,88,10,0,10,98
10/07/2020,MLU,LA,ASW,CE,Combined TRACON& Tower with Radar,0,8,26,22,56,0,0,29,4,33,0,8,55,26,89,28,14,42,131
10/08/2020,MLU,LA,ASW,CE,Combined TRACON& Tower with Radar,1,9,19,10,39,0,0,7,2,9,1,9,26,12,48,0,0,0,48
10/09/2020,MLU,LA,ASW,CE,Combined TRACON& Tower with Radar,1,8,5,0,14,0,0,0,0,0,1,8,5,0,14,0,0,0,14
10/10/2020,MLU,LA,ASW,CE,Combined TRACON& Tower with Radar,1,8,1,0,10,0,0,1,0,1,1,8,2,0,11,0,0,0,11
10/11/2020,MLU,LA,ASW,CE,Combined TRACON& Tower with Radar,0,8,10,27,45,0,0,21,2,23,0,8,31,29,68,0,4,4,72
10/12/2020,MLU,LA,ASW,CE,Combined TRACON& Tower with Radar,0,10,29,0,39,0,1,12,2,15,0,11,41,2,54,0,0,0,54
10/13/2020,MLU,LA,ASW,CE,Combined TRACON& Tower with Radar,0,9,22,40,71,0,1,22,1,24,0,10,44,41,95,6,12,18,113
10/14/2020,MLU,LA,ASW,CE,Combined TRACON& Tower with Radar,0,7,40,8,55,0,0,25,1,26,0,7,65,9,81,4,6,10,91
10/15/2020,MLU,LA,ASW,CE,Combined TRACON& Tower with Radar,0,8,33,28,69,0,0,6,0,6,0,8,39,28,75,0,0,0,75
10/16/2020,MLU,LA,ASW,CE,Combined TRACON& Tower with Radar,1,8,19,17,45,0,0,31,2,33,1,8,50,19,78,4,6,10,88
10/17/2020,MLU,LA,ASW,CE,Combined TRACON& Tower with Radar,0,8,18,3,29,0,0,15,1,16,0,8,33,4,45,34,0,34,79
10/18/2020,MLU,LA,ASW,CE,Combined TRACON& Tower with Radar,0,8,17,0,25,0,0,15,1,16,0,8,32,1,41,6,0,6,47
10/19/2020,MLU,LA,ASW,CE,Combined TRACON& Tower with Radar,0,8,18,8,34,0,0,15,0,15,0,8,33,8,49,0,0,0,49
10/20/2020,MLU,LA,ASW,CE,Combined TRACON& Tower with Radar,0,7,21,8,36,0,0,20,2,22,0,7,41,10,58,0,0,0,58
10/21/2020,MLU,LA,ASW,CE,Combined TRACON& Tower with Radar,0,7,21,30,58,0,0,14,0,14,0,7,35,30,72,0,8,8,80
10/22/2020,MLU,LA,ASW,CE,Combined TRACON& Tower with Radar,0,8,32,2,42,0,2,39,5,46,0,10,71,7,88,4,0,4,92
10/23/2020,MLU,LA,ASW,CE,Combined TRACON& Tower with Radar,2,9,23,26,60,0,0,10,0,10,2,9,33,26,70,4,0,4,74
10/24/2020,MLU,LA,ASW,CE,Combined TRACON& Tower with Radar,0,11,23,1,35,0,0,1,1,2,0,11,24,2,37,0,0,0,37
10/25/2020,MLU,LA,ASW,CE,Combined TRACON& Tower with Radar,0,14,18,3,35,0,0,8,0,8,0,14,26,3,43,10,0,10,53
10/26/2020,MLU,LA,ASW,CE,Combined TRACON& Tower with Radar,0,13,31,7,51,0,0,3,1,4,0,13,34,8,55,0,0,0,55
10/27/2020,MLU,LA,ASW,CE,Combined TRACON& Tower with Radar,0,16,25,20,61,0,0,7,0,7,0,16,32,20,68,0,0,0,68
10/28/2020,MLU,LA,ASW,CE,Combined TRACON& Tower with Radar,0,16,9,0,25,0,0,0,0,0,0,16,9,0,25,0,0,0,25
10/29/2020,MLU,LA,ASW,CE,Combined TRACON& Tower with Radar,0,14,33,37,84,0,0,18,4,22,0,14,51,41,106,2,10,12,118
10/30/2020,MLU,LA,ASW,CE,Combined TRACON& Tower with Radar,1,15,31,37,84,0,0,24,6,30,1,15,55,43,114,28,16,44,158
10/31/2020,MLU,LA,ASW,CE,Combined TRACON& Tower with Radar,3,11,10,0,24,0,2,16,1,19,3,13,26,1,43,24,0,24,67
11/01/2020,MLU,LA,ASW,CE,Combined TRACON& Tower with Radar,0,12,25,8,45,0,3,16,0,19,0,15,41,8,64,8,0,8,72
11/02/2020,MLU,LA,ASW,CE,Combined TRACON& Tower with Radar,0,13,22,20,55,0,0,16,1,17,0,13,38,21,72,4,0,4,76
11/03/2020,MLU,LA,ASW,CE,Combined TRACON& Tower with Radar,0,12,31,14,57,0,0,41,5,46,0,12,72,19,103,36,10,46,149
11/04/2020,MLU,LA,ASW,CE,Combined TRACON& Tower with Radar,0,12,30,5,47,0,1,40,5,46,0,13,70,10,93,32,0,32,125
11/05/2020,MLU,LA,ASW,CE,Combined TRACON& Tower with Radar,0,11,27,20,58,0,0,25,5,30,0,11,52,25,88,24,0,24,112
11/06/2020,MLU,LA,ASW,CE,Combined TRACON& Tower with Radar,2,14,23,19,58,0,0,30,4,34,2,14,53,23,92,6,22,28,120
11/07/2020,MLU,LA,ASW,CE,Combined TRACON& Tower with Radar,4,9,14,0,27,0,0,12,0,12,4,9,26,0,39,0,0,0,39
11/08/2020,MLU,LA,ASW,CE,Combined TRACON& Tower with Radar,0,13,17,10,40,0,0,9,0,9,0,13,26,10,49,8,0,8,57
11/09/2020,MLU,LA,ASW,CE,Combined TRACON& Tower with Radar,0,13,22,14,49,0,0,16,3,19,0,13,38,17,68,8,0,8,76
11/10/2020,MLU,LA,ASW,CE,Combined TRACON& Tower with Radar,0,13,38,47,98,0,0,43,0,43,0,13,81,47,141,36,36,72,213
11/11/2020,MLU,LA,ASW,CE,Combined TRACON& Tower with Radar,0,15,15,0,30,0,0,28,0,28,0,15,43,0,58,10,0,10,68
11/12/2020,MLU,LA,ASW,CE,Combined TRACON& Tower with Radar,0,12,49,46,107,0,0,49,7,56,0,12,98,53,163,12,14,26,189
11/13/2020,MLU,LA,ASW,CE,Combined TRACON& Tower with Radar,0,12,25,37,74,0,0,35,10,45,0,12,60,47,119,48,16,64,183
11/14/2020,MLU,LA,ASW,CE,Combined TRACON& Tower with Radar,0,13,11,9,33,0,0,20,2,22,0,13,31,11,55,0,6,6,61
11/15/2020,MLU,LA,ASW,CE,Combined TRACON& Tower with Radar,0,10,21,10,41,0,0,17,0,17,0,10,38,10,58,4,0,4,62
11/16/2020,MLU,LA,ASW,CE,Combined TRACON& Tower with Radar,0,11,34,7,52,0,0,34,9,43,0,11,68,16,95,40,4,44,139
11/17/2020,MLU,LA,ASW,CE,Combined TRACON& Tower with Radar,0,16,21,26,63,0,1,28,9,38,0,17,49,35,101,48,0,48,149
11/18/2020,MLU,LA,ASW,CE,Combined TRACON& Tower with Radar,0,13,22,37,72,0,0,40,3,43,0,13,62,40,115,6,2,8,123
11/19/2020,MLU,LA,ASW,CE,Combined TRACON& Tower with Radar,0,12,22,26,60,0,4,26,3,33,0,16,48,29,93,0,0,0,93
11/20/2020,MLU,LA,ASW,CE,Combined TRACON& Tower with Radar,0,18,33,13,64,0,0,25,0,25,0,18,58,13,89,4,0,4,93
11/21/2020,MLU,LA,ASW,CE,Combined TRACON& Tower with Radar,0,12,24,1,37,0,0,24,0,24,0,12,48,1,61,30,12,42,103
11/22/2020,MLU,LA,ASW,CE,Combined TRACON& Tower with Radar,2,11,23,0,36,0,0,7,0,7,2,11,30,0,43,0,0,0,43
11/23/2020,MLU,LA,ASW,CE,Combined TRACON& Tower with Radar,0,16,16,21,53,0,1,28,3,32,0,17,44,24,85,32,0,32,117
11/24/2020,MLU,LA,ASW,CE,Combined TRACON& Tower with Radar,0,17,18,41,76,0,0,17,9,26,0,17,35,50,102,6,24,30,132
11/25/2020,MLU,LA,ASW,CE,Combined TRACON& Tower with Radar,0,19,20,0,39,0,2,8,0,10,0,21,28,0,49,0,0,0,49
11/26/2020,MLU,LA,ASW,CE,Combined TRACON& Tower with Radar,0,10,6,0,16,0,0,6,0,6,0,10,12,0,22,6,0,6,28
11/27/2020,MLU,LA,ASW,CE,Combined TRACON& Tower with Radar,0,15,4,0,19,0,0,0,0,0,0,15,4,0,19,0,0,0,19
11/28/2020,MLU,LA,ASW,CE,Combined TRACON& Tower with Radar,0,15,20,0,35,0,1,10,0,11,0,16,30,0,46,0,0,0,46
11/29/2020,MLU,LA,ASW,CE,Combined TRACON& Tower with Radar,0,17,17,2,36,0,0,1,0,1,0,17,18,2,37,0,0,0,37
11/30/2020,MLU,LA,ASW,CE,Combined TRACON& Tower with Radar,0,16,17,37,70,0,2,18,5,25,0,18,35,42,95,0,16,16,111
12/01/2020,MLU,LA,ASW,CE,Combined TRACON& Tower with Radar,0,18,32,12,62,0,3,30,2,35,0,21,62,14,97,28,12,40,137
12/02/2020,MLU,LA,ASW,CE,Combined TRACON& Tower with Radar,0,16,23,41,80,0,2,17,0,19,0,18,40,41,99,0,32,32,131
12/03/2020,MLU,LA,ASW,CE,Combined TRACON& Tower with Radar,0,12,30,19,61,0,0,0,5,5,0,12,30,24,66,0,10,10,76
12/04/2020,MLU,LA,ASW,CE,Combined TRACON& Tower with Radar,0,12,31,14,57,0,0,18,1,19,0,12,49,15,76,8,0,8,84
12/05/2020,MLU,LA,ASW,CE,Combined TRACON& Tower with Radar,0,8,19,0,27,0,0,20,3,23,0,8,39,3,50,0,0,0,50
12/06/2020,MLU,LA,ASW,CE,Combined TRACON& Tower with Radar,0,11,28,4,43,0,0,23,0,23,0,11,51,4,66,0,0,0,66
12/07/2020,MLU,LA,ASW,CE,Combined TRACON& Tower with Radar,0,11,11,31,53,0,0,20,9,29,0,11,31,40,82,12,10,22,104
12/08/2020,MLU,LA,ASW,CE,Combined TRACON& Tower with Radar,0,14,23,46,83,0,0,30,9,39,0,14,53,55,122,64,36,100,222
12/09/2020,MLU,LA,ASW,CE,Combined TRACON& Tower with Radar,0,13,22,27,62,0,0,31,4,35,0,13,53,31,97,0,10,10,107
12/10/2020,MLU,LA,ASW,CE,Combined TRACON& Tower with Radar,0,12,20,2,34,0,0,24,5,29,0,12,44,7,63,14,0,14,77
12/11/2020,MLU,LA,ASW,CE,Combined TRACON& Tower with Radar,0,11,13,3,27,0,0,3,1,4,0,11,16,4,31,0,0,0,31
12/12/2020,MLU,LA,ASW,CE,Combined TRACON& Tower with Radar,0,10,13,0,23,0,0,22,0,22,0,10,35,0,45,0,0,0,45
12/13/2020,MLU,LA,ASW,CE,Combined TRACON& Tower with Radar,0,14,10,5,29,0,0,6,0,6,0,14,16,5,35,0,8,8,43
12/14/2020,MLU,LA,ASW,CE,Combined TRACON& Tower with Radar,0,13,23,8,44,0,0,9,0,9,0,13,32,8,53,0,0,0,53
12/15/2020,MLU,LA,ASW,CE,Combined TRACON& Tower with Radar,0,13,21,2,36,0,0,1,0,1,0,13,22,2,37,0,0,0,37
12/16/2020,MLU,LA,ASW,CE,Combined TRACON& Tower with Radar,0,14,19,17,50,0,0,6,6,12,0,14,25,23,62,0,0,0,62
12/17/2020,MLU,LA,ASW,CE,Combined TRACON& Tower with Radar,0,18,16,22,56,0,0,19,1,20,0,18,35,23,76,0,16,16,92
12/18/2020,MLU,LA,ASW,CE,Combined TRACON& Tower with Radar,0,17,32,2,51,0,0,36,1,37,0,17,68,3,88,2,0,2,90
12/19/2020,MLU,LA,ASW,CE,Combined TRACON& Tower with Radar,0,15,1,0,16,0,0,4,0,4,0,15,5,0,20,0,0,0,20
12/20/2020,MLU,LA,ASW,CE,Combined TRACON& Tower with Radar,0,18,22,0,40,0,0,6,0,6,0,18,28,0,46,16,0,16,62
12/21/2020,MLU,LA,ASW,CE,Combined TRACON& Tower with Radar,0,19,18,28,65,0,1,32,2,35,0,20,50,30,100,14,0,14,114
12/22/2020,MLU,LA,ASW,CE,Combined TRACON& Tower with Radar,0,20,30,22,72,0,0,27,6,33,0,20,57,28,105,30,24,54,159
12/23/2020,MLU,LA,ASW,CE,Combined TRACON& Tower with Radar,0,16,18,0,34,0,0,3,0,3,0,16,21,0,37,0,0,0,37
12/24/2020,MLU,LA,ASW,CE,Combined TRACON& Tower with Radar,0,12,7,0,19,0,0,4,0,4,0,12,11,0,23,0,0,0,23
12/25/2020,MLU,LA,ASW,CE,Combined TRACON& Tower with Radar,0,8,3,0,11,0,0,7,0,7,0,8,10,0,18,2,0,2,20
12/26/2020,MLU,LA,ASW,CE,Combined TRACON& Tower with Radar,0,14,8,0,22,0,0,10,0,10,0,14,18,0,32,0,0,0,32
12/27/2020,MLU,LA,ASW,CE,Combined TRACON& Tower with Radar,0,15,23,0,38,0,0,13,0,13,0,15,36,0,51,0,0,0,51
12/28/2020,MLU,LA,ASW,CE,Combined TRACON& Tower with Radar,0,15,15,0,30,0,0,3,0,3,0,15,18,0,33,6,0,6,39
12/29/2020,MLU,LA,ASW,CE,Combined TRACON& Tower with Radar,0,17,10,0,27,0,0,19,0,19,0,17,29,0,46,4,0,4,50
12/30/2020,MLU,LA,ASW,CE,Combined TRACON& Tower with Radar,0,21,19,0,40,0,0,3,0,3,0,21,22,0,43,0,0,0,43
12/31/2020,MLU,LA,ASW,CE,Combined TRACON& Tower with Radar,0,10,10,0,20,0,0,0,0,0,0,10,10,0,20,0,0,0,20
01/01/2021,MLU,LA,ASW,CE,Combined TRACON& Tower with Radar,0,9,5,0,14,0,0,5,0,5,0,9,10,0,19,20,0,20,39
01/02/2021,MLU,LA,ASW,CE,Combined TRACON& Tower with Radar,0,16,24,0,40,0,0,10,0,10,0,16,34,0,50,8,0,8,58
01/03/2021,MLU,LA,ASW,CE,Combined TRACON& Tower with Radar,0,17,19,0,36,0,0,25,2,27,0,17,44,2,63,0,0,0,63
01/04/2021,MLU,LA,ASW,CE,Combined TRACON& Tower with Radar,0,20,17,2,39,0,0,19,0,19,0,20,36,2,58,38,0,38,96
01/05/2021,MLU,LA,ASW,CE,Combined TRACON& Tower with Radar,0,20,21,7,48,0,0,28,3,31,0,20,49,10,79,26,6,32,111
01/06/2021,MLU,LA,ASW,CE,Combined TRACON& Tower with Radar,0,18,17,22,57,0,0,20,5,25,0,18,37,27,82,44,2,46,128
01/07/2021,MLU,LA,ASW,CE,Combined TRACON& Tower with Radar,0,20,8,2,30,0,0,4,0,4,0,20,12,2,34,2,0,2,36
01/08/2021,MLU,LA,ASW,CE,Combined TRACON& Tower with Radar,0,17,18,30,65,0,0,12,2,14,0,17,30,32,79,34,14,48,127
01/09/2021,MLU,LA,ASW,CE,Combined TRACON& Tower with Radar,0,11,26,0,37,0,0,28,2,30,0,11,54,2,67,22,0,22,89
01/10/2021,MLU,LA,ASW,CE,Combined TRACON& Tower with Radar,0,11,20,0,31,0,0,3,0,3,0,11,23,0,34,0,0,0,34
01/11/2021,MLU,LA,ASW,CE,Combined TRACON& Tower with Radar,0,15,7,0,22,0,0,0,0,0,0,15,7,0,22,4,0,4,26
01/12/2021,MLU,LA,ASW,CE,Combined TRACON& Tower with Radar,0,14,17,48,79,0,1,21,14,36,0,15,38,62,115,42,30,72,187
01/13/2021,MLU,LA,ASW,CE,Combined TRACON& Tower with Radar,0,18,10,23,51,0,0,25,1,26,0,18,35,24,77,42,20,62,139
01/14/2021,MLU,LA,ASW,CE,Combined TRACON& Tower with Radar,0,15,21,21,57,0,0,16,15,31,0,15,37,36,88,0,6,6,94
01/15/2021,MLU,LA,ASW,CE,Combined TRACON& Tower with Radar,0,15,9,37,61,0,0,17,3,20,0,15,26,40,81,6,2,8,89
01/16/2021,MLU,LA,ASW,CE,Combined TRACON& Tower with Radar,0,11,7,0,18,0,0,22,2,24,0,11,29,2,42,40,0,40,82
01/17/2021,MLU,LA,ASW,CE,Combined TRACON& Tower with Radar,0,12,15,0,27,0,0,16,0,16,0,12,31,0,43,10,0,10,53
01/18/2021,MLU,LA,ASW,CE,Combined TRACON& Tower with Radar,0,14,39,4,57,0,0,39,0,39,0,14,78,4,96,4,0,4,100
01/19/2021,MLU,LA,ASW,CE,Combined TRACON& Tower with Radar,0,14,15,5,34,0,0,9,3,12,0,14,24,8,46,28,2,30,76
01/20/2021,MLU,LA,ASW,CE,Combined TRACON& Tower with Radar,0,15,18,14,47,0,0,19,2,21,0,15,37,16,68,24,0,24,92
01/21/2021,MLU,LA,ASW,CE,Combined TRACON& Tower with Radar,0,16,14,3,33,0,0,1,0,1,0,16,15,3,34,0,0,0,34
01/22/2021,MLU,LA,ASW,CE,Combined TRACON& Tower with Radar,0,17,15,3,35,0,0,2,0,2,0,17,17,3,37,0,0,0,37
01/23/2021,MLU,LA,ASW,CE,Combined TRACON& Tower with Radar,0,15,16,3,34,0,0,2,0,2,0,15,18,3,36,0,0,0,36
01/24/2021,MLU,LA,ASW,CE,Combined TRACON& Tower with Radar,0,16,17,0,33,0,0,0,0,0,0,16,17,0,33,0,0,0,33
01/25/2021,MLU,LA,ASW,CE,Combined TRACON& Tower with Radar,0,14,13,0,27,0,1,9,0,10,0,15,22,0,37,0,0,0,37
01/26/2021,MLU,LA,ASW,CE,Combined TRACON& Tower with Radar,1,15,30,40,86,0,1,31,6,38,1,16,61,46,124,14,0,14,138
01/27/2021,MLU,LA,ASW,CE,Combined TRACON& Tower with Radar,0,19,20,53,92,0,0,16,6,22,0,19,36,59,114,22,54,76,190
01/28/2021,MLU,LA,ASW,CE,Combined TRACON& Tower with Radar,0,21,27,48,96,0,2,41,4,47,0,23,68,52,143,46,10,56,199
01/29/2021,MLU,LA,ASW,CE,Combined TRACON& Tower with Radar,0,18,25,14,57,0,1,39,5,45,0,19,64,19,102,72,0,72,174
01/30/2021,MLU,LA,ASW,CE,Combined TRACON& Tower with Radar,0,12,12,0,24,0,0,4,0,4,0,12,16,0,28,0,0,0,28
01/31/2021,MLU,LA,ASW,CE,Combined TRACON& Tower with Radar,0,14,12,4,30,0,0,3,0,3,0,14,15,4,33,6,0,6,39
02/01/2021,MLU,LA,ASW,CE,Combined TRACON& Tower with Radar,0,16,25,45,86,0,0,38,6,44,0,16,63,51,130,10,54,64,194
02/02/2021,MLU,LA,ASW,CE,Combined TRACON& Tower with Radar,0,16,28,7,51,0,2,37,4,43,0,18,65,11,94,80,0,80,174
02/03/2021,MLU,LA,ASW,CE,Combined TRACON& Tower with Radar,0,18,15,38,71,0,0,34,10,44,0,18,49,48,115,50,28,78,193
02/04/2021,MLU,LA,ASW,CE,Combined TRACON& Tower with Radar,0,20,20,2,42,0,0,6,1,7,0,20,26,3,49,0,0,0,49
02/05/2021,MLU,LA,ASW,CE,Combined TRACON& Tower with Radar,0,17,22,14,53,0,1,25,4,30,0,18,47,18,83,30,6,36,119
02/06/2021,MLU,LA,ASW,CE,Combined TRACON& Tower with Radar,1,12,18,4,35,0,0,3,0,3,1,12,21,4,38,0,0,0,38
02/07/2021,MLU,LA,ASW,CE,Combined TRACON& Tower with Radar,0,12,10,12,34,0,0,7,0,7,0,12,17,12,41,0,0,0,41
02/08/2021,MLU,LA,ASW,CE,Combined TRACON& Tower with Radar,0,14,34,24,72,0,0,26,0,26,0,14,60,24,98,42,26,68,166
02/09/2021,MLU,LA,ASW,CE,Combined TRACON& Tower with Radar,0,14,23,31,68,0,0,7,3,10,0,14,30,34,78,30,18,48,126
02/10/2021,MLU,LA,ASW,CE,Combined TRACON& Tower with Radar,0,17,4,4,25,0,0,0,0,0,0,17,4,4,25,0,0,0,25
02/11/2021,MLU,LA,ASW,CE,Combined TRACON& Tower with Radar,0,17,9,0,26,0,0,0,0,0,0,17,9,0,26,0,0,0,26
02/12/2021,MLU,LA,ASW,CE,Combined TRACON& Tower with Radar,4,15,14,0,33,0,0,0,0,0,4,15,14,0,33,0,0,0,33
02/13/2021,MLU,LA,ASW,CE,Combined TRACON& Tower with Radar,0,12,10,0,22,0,0,6,0,6,0,12,16,0,28,0,0,0,28
02/14/2021,MLU,LA,ASW,CE,Combined TRACON& Tower with Radar,0,4,4,0,8,0,0,0,0,0,0,4,4,0,8,0,0,0,8
02/15/2021,MLU,LA,ASW,CE,Combined TRACON& Tower with Radar,0,0,0,0,0,0,0,1,0,1,0,0,1,0,1,0,0,0,1
02/16/2021,MLU,LA,ASW,CE,Combined TRACON& Tower with Radar,0,0,0,0,0,0,1,3,1,5,0,1,3,1,5,0,0,0,5
02/17/2021,MLU,LA,ASW,CE,Combined TRACON& Tower with Radar,0,0,0,0,0,0,0,0,0,0,0,0,0,0,0,0,0,0,0
02/18/2021,MLU,LA,ASW,CE,Combined TRACON& Tower with Radar,0,0,0,0,0,0,0,0,0,0,0,0,0,0,0,0,0,0,0
02/19/2021,MLU,LA,ASW,CE,Combined TRACON& Tower with Radar,0,0,0,0,0,0,6,3,0,9,0,6,3,0,9,0,0,0,9
02/20/2021,MLU,LA,ASW,CE,Combined TRACON& Tower with Radar,0,0,3,0,3,0,4,4,2,10,0,4,7,2,13,0,0,0,13
02/21/2021,MLU,LA,ASW,CE,Combined TRACON& Tower with Radar,4,14,16,0,34,0,0,5,2,7,4,14,21,2,41,0,0,0,41
02/22/2021,MLU,LA,ASW,CE,Combined TRACON& Tower with Radar,0,22,26,0,48,0,0,26,0,26,0,22,52,0,74,4,0,4,78
02/23/2021,MLU,LA,ASW,CE,Combined TRACON& Tower with Radar,0,15,23,3,41,0,0,40,2,42,0,15,63,5,83,36,4,40,123
02/24/2021,MLU,LA,ASW,CE,Combined TRACON& Tower with Radar,0,17,28,19,64,0,0,25,2,27,0,17,53,21,91,14,4,18,109
02/25/2021,MLU,LA,ASW,CE,Combined TRACON& Tower with Radar,1,21,18,9,49,0,4,8,0,12,1,25,26,9,61,18,0,18,79
02/26/2021,MLU,LA,ASW,CE,Combined TRACON& Tower with Radar,0,18,28,19,65,0,0,13,0,13,0,18,41,19,78,10,6,16,94
02/27/2021,MLU,LA,ASW,CE,Combined TRACON& Tower with Radar,0,15,8,0,23,0,0,4,0,4,0,15,12,0,27,8,0,8,35
02/28/2021,MLU,LA,ASW,CE,Combined TRACON& Tower with Radar,6,15,7,1,29,0,0,2,2,4,6,15,9,3,33,0,0,0,33
03/01/2021,MLU,LA,ASW,CE,Combined TRACON& Tower with Radar,0,16,6,0,22,0,0,0,0,0,0,16,6,0,22,0,0,0,22
03/02/2021,MLU,LA,ASW,CE,Combined TRACON& Tower with Radar,0,14,10,3,27,0,0,7,2,9,0,14,17,5,36,44,8,52,88
03/03/2021,MLU,LA,ASW,CE,Combined TRACON& Tower with Radar,0,15,18,24,57,0,4,36,14,54,0,19,54,38,111,8,6,14,125
03/04/2021,MLU,LA,ASW,CE,Combined TRACON& Tower with Radar,0,20,23,24,67,0,4,49,6,59,0,24,72,30,126,28,18,46,172
03/05/2021,MLU,LA,ASW,CE,Combined TRACON& Tower with Radar,0,17,18,2,37,0,2,13,4,19,0,19,31,6,56,14,10,24,80
03/06/2021,MLU,LA,ASW,CE,Combined TRACON& Tower with Radar,0,10,10,0,20,0,1,38,0,39,0,11,48,0,59,40,0,40,99
03/07/2021,MLU,LA,ASW,CE,Combined TRACON& Tower with Radar,0,14,7,4,25,0,0,23,0,23,0,14,30,4,48,0,4,4,52
03/08/2021,MLU,LA,ASW,CE,Combined TRACON& Tower with Radar,0,17,19,43,79,0,1,29,6,36,0,18,48,49,115,40,14,54,169
03/09/2021,MLU,LA,ASW,CE,Combined TRACON& Tower with Radar,0,16,25,14,55,0,0,16,8,24,0,16,41,22,79,0,2,2,81
03/10/2021,MLU,LA,ASW,CE,Combined TRACON& Tower with Radar,0,15,23,9,47,0,0,7,1,8,0,15,30,10,55,6,22,28,83
03/11/2021,MLU,LA,ASW,CE,Combined TRACON& Tower with Radar,0,17,31,13,61,0,0,7,5,12,0,17,38,18,73,2,6,8,81
03/12/2021,MLU,LA,ASW,CE,Combined TRACON& Tower with Radar,0,19,22,13,54,0,0,14,0,14,0,19,36,13,68,32,0,32,100
03/13/2021,MLU,LA,ASW,CE,Combined TRACON& Tower with Radar,0,10,12,4,26,0,0,8,0,8,0,10,20,4,34,10,6,16,50
03/14/2021,MLU,LA,ASW,CE,Combined TRACON& Tower with Radar,0,13,14,2,29,0,0,8,1,9,0,13,22,3,38,8,0,8,46
03/15/2021,MLU,LA,ASW,CE,Combined TRACON& Tower with Radar,0,17,16,9,42,0,0,15,3,18,0,17,31,12,60,36,0,36,96
03/16/2021,MLU,LA,ASW,CE,Combined TRACON& Tower with Radar,0,14,24,12,50,0,0,5,1,6,0,14,29,13,56,14,0,14,70
03/17/2021,MLU,LA,ASW,CE,Combined TRACON& Tower with Radar,0,14,8,1,23,0,0,2,0,2,0,14,10,1,25,0,0,0,25
03/18/2021,MLU,LA,ASW,CE,Combined TRACON& Tower with Radar,0,19,25,0,44,0,0,16,2,18,0,19,41,2,62,0,0,0,62
03/19/2021,MLU,LA,ASW,CE,Combined TRACON& Tower with Radar,0,20,22,0,42,0,0,11,0,11,0,20,33,0,53,24,0,24,77
03/20/2021,MLU,LA,ASW,CE,Combined TRACON& Tower with Radar,0,12,22,2,36,0,4,27,0,31,0,16,49,2,67,26,0,26,93
03/21/2021,MLU,LA,ASW,CE,Combined TRACON& Tower with Radar,0,17,25,1,43,0,2,22,1,25,0,19,47,2,68,38,20,58,126
03/22/2021,MLU,LA,ASW,CE,Combined TRACON& Tower with Radar,0,15,33,8,56,0,1,19,0,20,0,16,52,8,76,4,4,8,84
03/23/2021,MLU,LA,ASW,CE,Combined TRACON& Tower with Radar,0,12,38,4,54,0,0,31,0,31,0,12,69,4,85,12,0,12,97
03/24/2021,MLU,LA,ASW,CE,Combined TRACON& Tower with Radar,0,14,32,3,49,0,1,10,0,11,0,15,42,3,60,34,0,34,94
03/25/2021,MLU,LA,ASW,CE,Combined TRACON& Tower with Radar,0,14,11,4,29,0,1,5,0,6,0,15,16,4,35,16,6,22,57
03/26/2021,MLU,LA,ASW,CE,Combined TRACON& Tower with Radar,0,21,29,26,76,0,1,32,4,37,0,22,61,30,113,30,82,112,225
03/27/2021,MLU,LA,ASW,CE,Combined TRACON& Tower with Radar,0,9,15,0,24,0,0,3,0,3,0,9,18,0,27,0,0,0,27
03/28/2021,MLU,LA,ASW,CE,Combined TRACON& Tower with Radar,0,13,11,0,24,0,0,12,0,12,0,13,23,0,36,4,0,4,40
03/29/2021,MLU,LA,ASW,CE,Combined TRACON& Tower with Radar,0,15,24,37,76,0,0,31,4,35,0,15,55,41,111,32,34,66,177
03/30/2021,MLU,LA,ASW,CE,Combined TRACON& Tower with Radar,0,15,21,25,61,0,0,0,1,1,0,15,21,26,62,0,0,0,62
03/31/2021,MLU,LA,ASW,CE,Combined TRACON& Tower with Radar,0,13,22,38,73,0,0,5,2,7,0,13,27,40,80,0,24,24,104
04/01/2021,MLU,LA,ASW,CE,Combined TRACON& Tower with Radar,0,23,28,44,95,0,1,23,12,36,0,24,51,56,131,0,20,20,151
04/02/2021,MLU,LA,ASW,CE,Combined TRACON& Tower with Radar,0,22,22,12,56,0,1,30,4,35,0,23,52,16,91,62,14,76,167
04/03/2021,MLU,LA,ASW,CE,Combined TRACON& Tower with Radar,0,12,14,0,26,0,0,13,1,14,0,12,27,1,40,28,0,28,68
04/04/2021,MLU,LA,ASW,CE,Combined TRACON& Tower with Radar,0,16,9,0,25,0,0,14,1,15,0,16,23,1,40,0,0,0,40
04/05/2021,MLU,LA,ASW,CE,Combined TRACON& Tower with Radar,0,17,17,55,89,0,0,17,2,19,0,17,34,57,108,10,10,20,128
04/06/2021,MLU,LA,ASW,CE,Combined TRACON& Tower with Radar,1,14,22,37,74,0,0,13,2,15,1,14,35,39,89,10,18,28,117
04/07/2021,MLU,LA,ASW,CE,Combined TRACON& Tower with Radar,0,16,15,0,31,0,0,7,0,7,0,16,22,0,38,0,0,0,38
04/08/2021,MLU,LA,ASW,CE,Combined TRACON& Tower with Radar,1,23,37,86,147,0,0,30,9,39,1,23,67,95,186,12,4,16,202
04/09/2021,MLU,LA,ASW,CE,Combined TRACON& Tower with Radar,0,15,21,0,36,0,0,4,0,4,0,15,25,0,40,0,0,0,40
04/10/2021,MLU,LA,ASW,CE,Combined TRACON& Tower with Radar,0,18,13,1,32,0,0,13,2,15,0,18,26,3,47,34,0,34,81
04/11/2021,MLU,LA,ASW,CE,Combined TRACON& Tower with Radar,0,23,31,4,58,0,0,28,2,30,0,23,59,6,88,8,0,8,96
04/12/2021,MLU,LA,ASW,CE,Combined TRACON& Tower with Radar,0,19,17,55,91,0,0,24,5,29,0,19,41,60,120,26,12,38,158
04/13/2021,MLU,LA,ASW,CE,Combined TRACON& Tower with Radar,0,18,18,33,69,0,0,23,3,26,0,18,41,36,95,22,14,36,131
04/14/2021,MLU,LA,ASW,CE,Combined TRACON& Tower with Radar,4,16,12,0,32,0,0,0,0,0,4,16,12,0,32,0,0,0,32
04/15/2021,MLU,LA,ASW,CE,Combined TRACON& Tower with Radar,0,21,30,66,117,0,1,38,3,42,0,22,68,69,159,56,10,66,225
04/16/2021,MLU,LA,ASW,CE,Combined TRACON& Tower with Radar,4,17,9,0,30,0,0,3,2,5,4,17,12,2,35,0,0,0,35
04/17/2021,MLU,LA,ASW,CE,Combined TRACON& Tower with Radar,0,14,34,0,48,0,0,1,0,1,0,14,35,0,49,0,0,0,49
04/18/2021,MLU,LA,ASW,CE,Combined TRACON& Tower with Radar,0,18,16,0,34,0,2,20,0,22,0,20,36,0,56,20,6,26,82
04/19/2021,MLU,LA,ASW,CE,Combined TRACON& Tower with Radar,0,16,34,49,99,0,1,48,16,65,0,17,82,65,164,36,28,64,228
04/20/2021,MLU,LA,ASW,CE,Combined TRACON& Tower with Radar,0,19,26,24,69,0,1,42,9,52,0,20,68,33,121,12,12,24,145
04/21/2021,MLU,LA,ASW,CE,Combined TRACON& Tower with Radar,2,16,29,43,90,0,7,52,3,62,2,23,81,46,152,70,2,72,224
04/22/2021,MLU,LA,ASW,CE,Combined TRACON& Tower with Radar,2,20,41,47,110,0,6,34,7,47,2,26,75,54,157,32,4,36,193
04/23/2021,MLU,LA,ASW,CE,Combined TRACON& Tower with Radar,0,16,20,3,39,0,0,10,1,11,0,16,30,4,50,0,0,0,50
04/24/2021,MLU,LA,ASW,CE,Combined TRACON& Tower with Radar,0,14,3,8,25,0,0,12,0,12,0,14,15,8,37,14,0,14,51
04/25/2021,MLU,LA,ASW,CE,Combined TRACON& Tower with Radar,0,16,18,0,34,0,0,23,0,23,0,16,41,0,57,44,0,44,101
04/26/2021,MLU,LA,ASW,CE,Combined TRACON& Tower with Radar,0,16,36,45,97,0,0,45,6,51,0,16,81,51,148,64,28,92,240
04/27/2021,MLU,LA,ASW,CE,Combined TRACON& Tower with Radar,0,17,26,30,73,0,0,13,3,16,0,17,39,33,89,26,0,26,115
04/28/2021,MLU,LA,ASW,CE,Combined TRACON& Tower with Radar,0,19,30,21,70,0,1,8,3,12,0,20,38,24,82,14,0,14,96
04/29/2021,MLU,LA,ASW,CE,Combined TRACON& Tower with Radar,0,22,25,30,77,0,0,13,5,18,0,22,38,35,95,2,0,2,97
04/30/2021,MLU,LA,ASW,CE,Combined TRACON& Tower with Radar,0,28,19,2,49,0,0,2,0,2,0,28,21,2,51,0,0,0,51
05/01/2021,MLU,LA,ASW,CE,Combined TRACON& Tower with Radar,0,12,9,1,22,0,0,26,5,31,0,12,35,6,53,40,2,42,95
05/02/2021,MLU,LA,ASW,CE,Combined TRACON& Tower with Radar,0,20,16,0,36,0,0,3,0,3,0,20,19,0,39,0,0,0,39
05/03/2021,MLU,LA,ASW,CE,Combined TRACON& Tower with Radar,0,17,24,64,105,0,0,13,2,15,0,17,37,66,120,8,8,16,136
05/04/2021,MLU,LA,ASW,CE,Combined TRACON& Tower with Radar,0,21,4,0,25,0,0,4,0,4,0,21,8,0,29,18,26,44,73
05/05/2021,MLU,LA,ASW,CE,Combined TRACON& Tower with Radar,0,20,34,61,115,0,0,35,12,47,0,20,69,73,162,6,14,20,182
05/06/2021,MLU,LA,ASW,CE,Combined TRACON& Tower with Radar,0,20,24,27,71,0,0,34,8,42,0,20,58,35,113,8,0,8,121
05/07/2021,MLU,LA,ASW,CE,Combined TRACON& Tower with Radar,2,19,31,21,73,0,0,24,3,27,2,19,55,24,100,30,4,34,134
05/08/2021,MLU,LA,ASW,CE,Combined TRACON& Tower with Radar,0,15,12,8,35,0,0,21,0,21,0,15,33,8,56,24,0,24,80
05/09/2021,MLU,LA,ASW,CE,Combined TRACON& Tower with Radar,0,18,8,0,26,0,0,8,0,8,0,18,16,0,34,0,0,0,34
05/10/2021,MLU,LA,ASW,CE,Combined TRACON& Tower with Radar,2,17,7,16,42,0,0,5,0,5,2,17,12,16,47,4,0,4,51
05/11/2021,MLU,LA,ASW,CE,Combined TRACON& Tower with Radar,2,14,9,0,25,0,0,0,1,1,2,14,9,1,26,10,0,10,36
05/12/2021,MLU,LA,ASW,CE,Combined TRACON& Tower with Radar,0,21,12,29,62,0,0,11,1,12,0,21,23,30,74,80,0,80,154
05/13/2021,MLU,LA,ASW,CE,Combined TRACON& Tower with Radar,0,20,28,22,70,0,1,34,4,39,0,21,62,26,109,56,8,64,173
05/14/2021,MLU,LA,ASW,CE,Combined TRACON& Tower with Radar,0,19,16,60,95,0,0,36,8,44,0,19,52,68,139,68,0,68,207
05/15/2021,MLU,LA,ASW,CE,Combined TRACON& Tower with Radar,2,12,10,5,29,0,0,26,3,29,2,12,36,8,58,26,10,36,94
05/16/2021,MLU,LA,ASW,CE,Combined TRACON& Tower with Radar,0,15,4,0,19,0,0,14,0,14,0,15,18,0,33,8,0,8,41
05/17/2021,MLU,LA,ASW,CE,Combined TRACON& Tower with Radar,0,20,16,0,36,0,0,5,0,5,0,20,21,0,41,12,0,12,53
05/18/2021,MLU,LA,ASW,CE,Combined TRACON& Tower with Radar,0,18,7,2,27,0,0,3,0,3,0,18,10,2,30,0,0,0,30
05/19/2021,MLU,LA,ASW,CE,Combined TRACON& Tower with Radar,0,20,4,0,24,0,0,4,0,4,0,20,8,0,28,0,0,0,28
05/20/2021,MLU,LA,ASW,CE,Combined TRACON& Tower with Radar,0,18,18,5,41,0,0,7,1,8,0,18,25,6,49,28,0,28,77
05/21/2021,MLU,LA,ASW,CE,Combined TRACON& Tower with Radar,0,19,30,0,49,0,0,3,0,3,0,19,33,0,52,14,0,14,66
05/22/2021,MLU,LA,ASW,CE,Combined TRACON& Tower with Radar,0,13,16,0,29,0,0,18,2,20,0,13,34,2,49,64,0,64,113
05/23/2021,MLU,LA,ASW,CE,Combined TRACON& Tower with Radar,0,16,14,0,30,0,0,17,0,17,0,16,31,0,47,12,0,12,59
05/24/2021,MLU,LA,ASW,CE,Combined TRACON& Tower with Radar,0,18,20,51,89,0,0,19,12,31,0,18,39,63,120,18,8,26,146
05/25/2021,MLU,LA,ASW,CE,Combined TRACON& Tower with Radar,0,18,25,73,116,0,0,19,2,21,0,18,44,75,137,0,18,18,155
05/26/2021,MLU,LA,ASW,CE,Combined TRACON& Tower with Radar,0,18,40,14,72,0,0,29,3,32,0,18,69,17,104,44,0,44,148
05/27/2021,MLU,LA,ASW,CE,Combined TRACON& Tower with Radar,0,16,21,30,67,0,0,36,5,41,0,16,57,35,108,40,8,48,156
05/28/2021,MLU,LA,ASW,CE,Combined TRACON& Tower with Radar,0,19,18,0,37,0,0,9,0,9,0,19,27,0,46,32,0,32,78
05/29/2021,MLU,LA,ASW,CE,Combined TRACON& Tower with Radar,0,14,9,0,23,0,0,17,0,17,0,14,26,0,40,16,0,16,56
05/30/2021,MLU,LA,ASW,CE,Combined TRACON& Tower with Radar,0,14,12,0,26,0,0,24,0,24,0,14,36,0,50,28,0,28,78
05/31/2021,MLU,LA,ASW,CE,Combined TRACON& Tower with Radar,0,13,13,3,29,0,0,29,4,33,0,13,42,7,62,38,0,38,100
06/01/2021,MLU,LA,ASW,CE,Combined TRACON& Tower with Radar,0,16,23,12,51,0,0,1,0,1,0,16,24,12,52,10,0,10,62
06/02/2021,MLU,LA,ASW,CE,Combined TRACON& Tower with Radar,2,18,15,25,60,0,0,19,1,20,2,18,34,26,80,16,0,16,96
06/03/2021,MLU,LA,ASW,CE,Combined TRACON& Tower with Radar,0,15,29,25,69,0,0,28,5,33,0,15,57,30,102,36,0,36,138
06/04/2021,MLU,LA,ASW,CE,Combined TRACON& Tower with Radar,0,15,8,14,37,0,1,4,2,7,0,16,12,16,44,10,0,10,54
06/05/2021,MLU,LA,ASW,CE,Combined TRACON& Tower with Radar,0,15,9,12,36,0,0,3,0,3,0,15,12,12,39,8,0,8,47
06/06/2021,MLU,LA,ASW,CE,Combined TRACON& Tower with Radar,0,17,5,6,28,0,0,4,1,5,0,17,9,7,33,6,0,6,39
06/07/2021,MLU,LA,ASW,CE,Combined TRACON& Tower with Radar,0,18,11,0,29,0,0,3,0,3,0,18,14,0,32,0,0,0,32
06/08/2021,MLU,LA,ASW,CE,Combined TRACON& Tower with Radar,0,19,17,23,59,0,0,0,0,0,0,19,17,23,59,0,0,0,59
06/09/2021,MLU,LA,ASW,CE,Combined TRACON& Tower with Radar,0,20,18,6,44,0,0,5,0,5,0,20,23,6,49,0,0,0,49
06/10/2021,MLU,LA,ASW,CE,Combined TRACON& Tower with Radar,0,24,24,4,52,0,0,26,4,30,0,24,50,8,82,16,10,26,108
06/11/2021,MLU,LA,ASW,CE,Combined TRACON& Tower with Radar,0,20,28,80,128,0,0,28,22,50,0,20,56,102,178,42,8,50,228
06/12/2021,MLU,LA,ASW,CE,Combined TRACON& Tower with Radar,0,16,16,18,50,0,0,24,3,27,0,16,40,21,77,30,20,50,127
06/13/2021,MLU,LA,ASW,CE,Combined TRACON& Tower with Radar,2,11,10,0,23,0,0,6,1,7,2,11,16,1,30,10,0,10,40
06/14/2021,MLU,LA,ASW,CE,Combined TRACON& Tower with Radar,2,17,25,19,63,0,0,39,4,43,2,17,64,23,106,26,8,34,140
06/15/2021,MLU,LA,ASW,CE,Combined TRACON& Tower with Radar,2,16,20,47,85,0,1,34,10,45,2,17,54,57,130,26,10,36,166
06/16/2021,MLU,LA,ASW,CE,Combined TRACON& Tower with Radar,2,17,20,26,65,0,0,34,8,42,2,17,54,34,107,56,4,60,167
06/17/2021,MLU,LA,ASW,CE,Combined TRACON& Tower with Radar,1,15,17,19,52,0,1,37,2,40,1,16,54,21,92,26,0,26,118
06/18/2021,MLU,LA,ASW,CE,Combined TRACON& Tower with Radar,2,15,15,5,37,0,1,30,3,34,2,16,45,8,71,42,12,54,125
06/19/2021,MLU,LA,ASW,CE,Combined TRACON& Tower with Radar,0,13,8,0,21,0,0,24,0,24,0,13,32,0,45,30,0,30,75
06/20/2021,MLU,LA,ASW,CE,Combined TRACON& Tower with Radar,0,13,11,11,35,0,0,13,4,17,0,13,24,15,52,8,8,16,68
06/21/2021,MLU,LA,ASW,CE,Combined TRACON& Tower with Radar,2,15,13,20,50,0,0,10,0,10,2,15,23,20,60,0,0,0,60
06/22/2021,MLU,LA,ASW,CE,Combined TRACON& Tower with Radar,4,14,19,29,66,0,0,26,7,33,4,14,45,36,99,36,4,40,139
06/23/2021,MLU,LA,ASW,CE,Combined TRACON& Tower with Radar,2,16,35,18,71,0,0,33,2,35,2,16,68,20,106,44,20,64,170
06/24/2021,MLU,LA,ASW,CE,Combined TRACON& Tower with Radar,0,15,32,17,64,0,0,13,1,14,0,15,45,18,78,46,12,58,136
06/25/2021,MLU,LA,ASW,CE,Combined TRACON& Tower with Radar,0,16,25,38,79,0,0,15,0,15,0,16,40,38,94,4,12,16,110
06/26/2021,MLU,LA,ASW,CE,Combined TRACON& Tower with Radar,0,13,19,0,32,0,0,6,0,6,0,13,25,0,38,10,0,10,48
06/27/2021,MLU,LA,ASW,CE,Combined TRACON& Tower with Radar,0,13,10,5,28,0,0,8,0,8,0,13,18,5,36,12,0,12,48
06/28/2021,MLU,LA,ASW,CE,Combined TRACON& Tower with Radar,0,14,11,17,42,0,3,7,2,12,0,17,18,19,54,0,0,0,54
06/29/2021,MLU,LA,ASW,CE,Combined TRACON& Tower with Radar,0,16,19,31,66,0,0,9,4,13,0,16,28,35,79,56,10,66,145
06/30/2021,MLU,LA,ASW,CE,Combined TRACON& Tower with Radar,0,17,26,37,80,0,0,28,3,31,0,17,54,40,111,32,4,36,147
07/01/2021,MLU,LA,ASW,CE,Combined TRACON& Tower with Radar,0,15,40,30,85,0,0,35,13,48,0,15,75,43,133,34,6,40,173
07/02/2021,MLU,LA,ASW,CE,Combined TRACON& Tower with Radar,0,17,10,0,27,0,0,3,0,3,0,17,13,0,30,8,0,8,38
07/03/2021,MLU,LA,ASW,CE,Combined TRACON& Tower with Radar,0,15,12,0,27,0,0,29,0,29,0,15,41,0,56,48,0,48,104
07/04/2021,MLU,LA,ASW,CE,Combined TRACON& Tower with Radar,0,13,1,0,14,0,0,19,0,19,0,13,20,0,33,4,0,4,37
07/05/2021,MLU,LA,ASW,CE,Combined TRACON& Tower with Radar,0,17,18,8,43,0,0,25,0,25,0,17,43,8,68,52,0,52,120
07/06/2021,MLU,LA,ASW,CE,Combined TRACON& Tower with Radar,0,14,14,18,46,0,1,12,4,17,0,15,26,22,63,46,10,56,119
07/07/2021,MLU,LA,ASW,CE,Combined TRACON& Tower with Radar,0,17,24,16,57,0,0,13,0,13,0,17,37,16,70,20,22,42,112
07/08/2021,MLU,LA,ASW,CE,Combined TRACON& Tower with Radar,0,22,17,38,77,0,1,29,1,31,0,23,46,39,108,82,6,88,196
07/09/2021,MLU,LA,ASW,CE,Combined TRACON& Tower with Radar,2,14,35,26,77,0,0,41,0,41,2,14,76,26,118,4,20,24,142
07/10/2021,MLU,LA,ASW,CE,Combined TRACON& Tower with Radar,0,14,16,0,30,0,0,3,0,3,0,14,19,0,33,10,0,10,43
07/11/2021,MLU,LA,ASW,CE,Combined TRACON& Tower with Radar,0,13,9,0,22,0,0,7,0,7,0,13,16,0,29,0,0,0,29
07/12/2021,MLU,LA,ASW,CE,Combined TRACON& Tower with Radar,0,15,11,31,57,0,0,10,0,10,0,15,21,31,67,10,32,42,109
07/13/2021,MLU,LA,ASW,CE,Combined TRACON& Tower with Radar,2,14,14,29,59,0,0,23,9,32,2,14,37,38,91,36,0,36,127
07/14/2021,MLU,LA,ASW,CE,Combined TRACON& Tower with Radar,1,20,19,59,99,0,1,28,11,40,1,21,47,70,139,0,18,18,157
07/15/2021,MLU,LA,ASW,CE,Combined TRACON& Tower with Radar,1,22,23,28,74,0,0,26,1,27,1,22,49,29,101,10,18,28,129
07/16/2021,MLU,LA,ASW,CE,Combined TRACON& Tower with Radar,2,19,21,2,44,0,0,4,0,4,2,19,25,2,48,0,2,2,50
07/17/2021,MLU,LA,ASW,CE,Combined TRACON& Tower with Radar,0,13,6,0,19,0,2,9,0,11,0,15,15,0,30,22,0,22,52
07/18/2021,MLU,LA,ASW,CE,Combined TRACON& Tower with Radar,0,15,11,0,26,0,0,8,0,8,0,15,19,0,34,22,0,22,56
07/19/2021,MLU,LA,ASW,CE,Combined TRACON& Tower with Radar,0,12,14,0,26,0,0,2,0,2,0,12,16,0,28,12,0,12,40
07/20/2021,MLU,LA,ASW,CE,Combined TRACON& Tower with Radar,0,11,12,2,25,0,0,12,2,14,0,11,24,4,39,16,4,20,59
07/21/2021,MLU,LA,ASW,CE,Combined TRACON& Tower with Radar,2,14,22,38,76,0,0,20,1,21,2,14,42,39,97,22,24,46,143
07/22/2021,MLU,LA,ASW,CE,Combined TRACON& Tower with Radar,1,14,29,15,59,0,0,25,1,26,1,14,54,16,85,48,34,82,167
07/23/2021,MLU,LA,ASW,CE,Combined TRACON& Tower with Radar,0,15,15,39,69,0,0,30,2,32,0,15,45,41,101,4,14,18,119
07/24/2021,MLU,LA,ASW,CE,Combined TRACON& Tower with Radar,0,13,19,0,32,0,0,17,0,17,0,13,36,0,49,0,0,0,49
07/25/2021,MLU,LA,ASW,CE,Combined TRACON& Tower with Radar,0,13,13,0,26,0,0,19,0,19,0,13,32,0,45,4,0,4,49
07/26/2021,MLU,LA,ASW,CE,Combined TRACON& Tower with Radar,0,16,20,47,83,0,2,16,3,21,0,18,36,50,104,22,8,30,134
07/27/2021,MLU,LA,ASW,CE,Combined TRACON& Tower with Radar,2,18,14,4,38,0,0,16,3,19,2,18,30,7,57,28,0,28,85
07/28/2021,MLU,LA,ASW,CE,Combined TRACON& Tower with Radar,2,14,28,30,74,0,0,23,19,42,2,14,51,49,116,26,30,56,172
07/29/2021,MLU,LA,ASW,CE,Combined TRACON& Tower with Radar,1,17,19,43,80,0,0,37,10,47,1,17,56,53,127,34,22,56,183
07/30/2021,MLU,LA,ASW,CE,Combined TRACON& Tower with Radar,1,18,24,40,83,0,0,27,9,36,1,18,51,49,119,64,8,72,191
07/31/2021,MLU,LA,ASW,CE,Combined TRACON& Tower with Radar,0,17,10,6,33,0,0,18,0,18,0,17,28,6,51,26,0,26,77
08/01/2021,MLU,LA,ASW,CE,Combined TRACON& Tower with Radar,0,14,14,0,28,0,0,8,0,8,0,14,22,0,36,10,0,10,46
08/02/2021,MLU,LA,ASW,CE,Combined TRACON& Tower with Radar,0,17,26,0,43,0,0,1,0,1,0,17,27,0,44,8,0,8,52
08/03/2021,MLU,LA,ASW,CE,Combined TRACON& Tower with Radar,2,16,26,24,68,0,0,16,3,19,2,16,42,27,87,56,6,62,149
08/04/2021,MLU,LA,ASW,CE,Combined TRACON& Tower with Radar,1,15,29,24,69,0,0,42,7,49,1,15,71,31,118,98,14,112,230
08/05/2021,MLU,LA,ASW,CE,Combined TRACON& Tower with Radar,1,16,20,4,41,0,2,27,10,39,1,18,47,14,80,28,6,34,114
08/06/2021,MLU,LA,ASW,CE,Combined TRACON& Tower with Radar,1,18,15,9,43,0,0,22,0,22,1,18,37,9,65,8,2,10,75
08/07/2021,MLU,LA,ASW,CE,Combined TRACON& Tower with Radar,0,12,8,4,24,0,0,10,0,10,0,12,18,4,34,10,0,10,44
08/08/2021,MLU,LA,ASW,CE,Combined TRACON& Tower with Radar,0,20,11,6,37,0,0,9,0,9,0,20,20,6,46,10,2,12,58
08/09/2021,MLU,LA,ASW,CE,Combined TRACON& Tower with Radar,0,16,17,39,72,0,0,26,0,26,0,16,43,39,98,68,2,70,168
08/10/2021,MLU,LA,ASW,CE,Combined TRACON& Tower with Radar,2,11,25,73,111,0,0,21,8,29,2,11,46,81,140,36,4,40,180
08/11/2021,MLU,LA,ASW,CE,Combined TRACON& Tower with Radar,2,16,15,34,67,0,0,24,6,30,2,16,39,40,97,14,20,34,131
08/12/2021,MLU,LA,ASW,CE,Combined TRACON& Tower with Radar,0,18,17,19,54,0,0,13,15,28,0,18,30,34,82,0,0,0,82
08/13/2021,MLU,LA,ASW,CE,Combined TRACON& Tower with Radar,1,16,29,68,114,0,0,40,14,54,1,16,69,82,168,0,10,10,178
08/14/2021,MLU,LA,ASW,CE,Combined TRACON& Tower with Radar,0,10,2,0,12,0,0,7,0,7,0,10,9,0,19,0,0,0,19
08/15/2021,MLU,LA,ASW,CE,Combined TRACON& Tower with Radar,0,19,12,2,33,0,0,13,0,13,0,19,25,2,46,12,4,16,62
08/16/2021,MLU,LA,ASW,CE,Combined TRACON& Tower with Radar,0,19,16,46,81,0,3,7,0,10,0,22,23,46,91,10,12,22,113
08/17/2021,MLU,LA,ASW,CE,Combined TRACON& Tower with Radar,2,16,11,16,45,0,2,15,6,23,2,18,26,22,68,26,0,26,94
08/18/2021,MLU,LA,ASW,CE,Combined TRACON& Tower with Radar,2,12,14,29,57,0,1,22,2,25,2,13,36,31,82,40,0,40,122
08/19/2021,MLU,LA,ASW,CE,Combined TRACON& Tower with Radar,2,16,10,0,28,0,2,2,0,4,2,18,12,0,32,0,0,0,32
08/20/2021,MLU,LA,ASW,CE,Combined TRACON& Tower with Radar,2,18,15,57,92,0,3,13,1,17,2,21,28,58,109,18,0,18,127
08/21/2021,MLU,LA,ASW,CE,Combined TRACON& Tower with Radar,0,13,14,4,31,0,1,22,3,26,0,14,36,7,57,42,26,68,125
08/22/2021,MLU,LA,ASW,CE,Combined TRACON& Tower with Radar,0,17,11,0,28,0,0,18,0,18,0,17,29,0,46,0,4,4,50
08/23/2021,MLU,LA,ASW,CE,Combined TRACON& Tower with Radar,0,15,17,45,77,0,0,20,2,22,0,15,37,47,99,26,0,26,125
08/24/2021,MLU,LA,ASW,CE,Combined TRACON& Tower with Radar,2,16,24,34,76,0,0,29,10,39,2,16,53,44,115,14,6,20,135
08/25/2021,MLU,LA,ASW,CE,Combined TRACON& Tower with Radar,2,15,25,64,106,0,0,30,2,32,2,15,55,66,138,34,4,38,176
08/26/2021,MLU,LA,ASW,CE,Combined TRACON& Tower with Radar,2,21,18,41,82,0,0,6,8,14,2,21,24,49,96,24,0,24,120
08/27/2021,MLU,LA,ASW,CE,Combined TRACON& Tower with Radar,2,16,26,51,95,0,0,21,12,33,2,16,47,63,128,12,34,46,174
08/28/2021,MLU,LA,ASW,CE,Combined TRACON& Tower with Radar,0,18,11,1,30,0,0,26,4,30,0,18,37,5,60,28,10,38,98
08/29/2021,MLU,LA,ASW,CE,Combined TRACON& Tower with Radar,0,14,2,0,16,0,1,3,0,4,0,15,5,0,20,0,0,0,20
08/30/2021,MLU,LA,ASW,CE,Combined TRACON& Tower with Radar,0,15,2,1,18,0,1,3,0,4,0,16,5,1,22,0,0,0,22
08/31/2021,MLU,LA,ASW,CE,Combined TRACON& Tower with Radar,1,18,14,21,54,0,0,33,0,33,1,18,47,21,87,34,0,34,121
09/01/2021,MLU,LA,ASW,CE,Combined TRACON& Tower with Radar,2,16,10,32,60,0,1,40,13,54,2,17,50,45,114,32,18,50,164
09/02/2021,MLU,LA,ASW,CE,Combined TRACON& Tower with Radar,1,20,25,43,89,0,0,42,15,57,1,20,67,58,146,34,22,56,202
09/03/2021,MLU,LA,ASW,CE,Combined TRACON& Tower with Radar,4,16,16,0,36,0,1,23,0,24,4,17,39,0,60,6,0,6,66
09/04/2021,MLU,LA,ASW,CE,Combined TRACON& Tower with Radar,5,14,8,0,27,0,0,18,0,18,5,14,26,0,45,0,0,0,45
09/05/2021,MLU,LA,ASW,CE,Combined TRACON& Tower with Radar,0,14,3,3,20,0,0,9,0,9,0,14,12,3,29,0,0,0,29
09/06/2021,MLU,LA,ASW,CE,Combined TRACON& Tower with Radar,1,14,10,0,25,0,0,15,0,15,1,14,25,0,40,0,0,0,40
09/07/2021,MLU,LA,ASW,CE,Combined TRACON& Tower with Radar,0,13,23,50,86,0,0,47,8,55,0,13,70,58,141,54,0,54,195
09/08/2021,MLU,LA,ASW,CE,Combined TRACON& Tower with Radar,2,13,24,52,91,0,0,37,8,45,2,13,61,60,136,76,10,86,222
09/09/2021,MLU,LA,ASW,CE,Combined TRACON& Tower with Radar,2,19,31,19,71,0,0,31,7,38,2,19,62,26,109,0,4,4,113
09/10/2021,MLU,LA,ASW,CE,Combined TRACON& Tower with Radar,2,17,15,26,60,0,0,16,1,17,2,17,31,27,77,22,0,22,99
09/11/2021,MLU,LA,ASW,CE,Combined TRACON& Tower with Radar,0,13,15,0,28,0,0,26,0,26,0,13,41,0,54,32,0,32,86
09/12/2021,MLU,LA,ASW,CE,Combined TRACON& Tower with Radar,0,16,21,0,37,0,0,24,2,26,0,16,45,2,63,8,0,8,71
09/13/2021,MLU,LA,ASW,CE,Combined TRACON& Tower with Radar,0,18,22,16,56,0,0,2,0,2,0,18,24,16,58,0,0,0,58
09/14/2021,MLU,LA,ASW,CE,Combined TRACON& Tower with Radar,2,16,16,0,34,0,0,0,0,0,2,16,16,0,34,0,0,0,34
09/15/2021,MLU,LA,ASW,CE,Combined TRACON& Tower with Radar,0,18,25,13,56,0,0,5,0,5,0,18,30,13,61,0,6,6,67
09/16/2021,MLU,LA,ASW,CE,Combined TRACON& Tower with Radar,2,19,18,26,65,0,0,3,0,3,2,19,21,26,68,8,0,8,76
09/17/2021,MLU,LA,ASW,CE,Combined TRACON& Tower with Radar,2,23,14,2,41,0,0,2,0,2,2,23,16,2,43,10,0,10,53
09/18/2021,MLU,LA,ASW,CE,Combined TRACON& Tower with Radar,0,15,20,1,36,0,0,9,0,9,0,15,29,1,45,0,0,0,45
09/19/2021,MLU,LA,ASW,CE,Combined TRACON& Tower with Radar,0,23,18,4,45,0,0,5,1,6,0,23,23,5,51,0,0,0,51
09/20/2021,MLU,LA,ASW,CE,Combined TRACON& Tower with Radar,0,20,27,22,69,0,0,6,0,6,0,20,33,22,75,10,0,10,85
09/21/2021,MLU,LA,ASW,CE,Combined TRACON& Tower with Radar,2,11,27,31,71,0,0,18,2,20,2,11,45,33,91,10,0,10,101
09/22/2021,MLU,LA,ASW,CE,Combined TRACON& Tower with Radar,2,20,37,20,79,0,1,30,7,38,2,21,67,27,117,52,20,72,189
09/23/2021,MLU,LA,ASW,CE,Combined TRACON& Tower with Radar,2,19,22,12,55,0,0,22,10,32,2,19,44,22,87,34,0,34,121
09/24/2021,MLU,LA,ASW,CE,Combined TRACON& Tower with Radar,2,19,13,19,53,0,0,34,5,39,2,19,47,24,92,18,6,24,116
09/25/2021,MLU,LA,ASW,CE,Combined TRACON& Tower with Radar,0,13,7,4,24,0,0,19,0,19,0,13,26,4,43,36,0,36,79
09/26/2021,MLU,LA,ASW,CE,Combined TRACON& Tower with Radar,0,17,12,0,29,0,1,20,0,21,0,18,32,0,50,2,0,2,52
09/27/2021,MLU,LA,ASW,CE,Combined TRACON& Tower with Radar,0,15,27,21,63,0,1,33,7,41,0,16,60,28,104,76,36,112,216
09/28/2021,MLU,LA,ASW,CE,Combined TRACON& Tower with Radar,0,14,19,4,37,0,1,8,4,13,0,15,27,8,50,2,32,34,84
09/29/2021,MLU,LA,ASW,CE,Combined TRACON& Tower with Radar,2,17,8,0,27,0,0,5,3,8,2,17,13,3,35,0,0,0,35
09/30/2021,MLU,LA,ASW,CE,Combined TRACON& Tower with Radar,2,16,23,28,69,0,0,13,1,14,2,16,36,29,83,22,2,24,107
10/01/2021,MLU,LA,ASW,CE,Combined TRACON& Tower with Radar,6,21,22,6,55,0,0,6,0,6,6,21,28,6,61,0,0,0,61
10/02/2021,MLU,LA,ASW,CE,Combined TRACON& Tower with Radar,2,13,6,0,21,0,0,0,0,0,2,13,6,0,21,2,0,2,23
10/03/2021,MLU,LA,ASW,CE,Combined TRACON& Tower with Radar,0,13,22,0,35,0,0,4,0,4,0,13,26,0,39,8,0,8,47
10/04/2021,MLU,LA,ASW,CE,Combined TRACON& Tower with Radar,0,18,27,69,114,0,0,20,14,34,0,18,47,83,148,84,38,122,270
10/05/2021,MLU,LA,ASW,CE,Combined TRACON& Tower with Radar,2,9,15,54,80,0,0,26,2,28,2,9,41,56,108,50,18,68,176
10/06/2021,MLU,LA,ASW,CE,Combined TRACON& Tower with Radar,0,15,21,50,86,0,1,50,3,54,0,16,71,53,140,52,42,94,234
10/07/2021,MLU,LA,ASW,CE,Combined TRACON& Tower with Radar,0,20,26,40,86,0,0,32,11,43,0,20,58,51,129,58,10,68,197
10/08/2021,MLU,LA,ASW,CE,Combined TRACON& Tower with Radar,1,20,28,21,70,0,0,34,15,49,1,20,62,36,119,82,16,98,217
10/09/2021,MLU,LA,ASW,CE,Combined TRACON& Tower with Radar,0,16,14,0,30,0,0,19,0,19,0,16,33,0,49,66,0,66,115
10/10/2021,MLU,LA,ASW,CE,Combined TRACON& Tower with Radar,0,20,21,0,41,0,1,16,0,17,0,21,37,0,58,2,0,2,60
10/11/2021,MLU,LA,ASW,CE,Combined TRACON& Tower with Radar,1,15,15,2,33,0,0,9,0,9,1,15,24,2,42,30,2,32,74
10/12/2021,MLU,LA,ASW,CE,Combined TRACON& Tower with Radar,1,14,23,4,42,0,0,7,3,10,1,14,30,7,52,14,0,14,66
10/13/2021,MLU,LA,ASW,CE,Combined TRACON& Tower with Radar,1,19,29,15,64,0,1,29,3,33,1,20,58,18,97,80,12,92,189
10/14/2021,MLU,LA,ASW,CE,Combined TRACON& Tower with Radar,1,18,32,30,81,0,0,19,1,20,1,18,51,31,101,52,6,58,159
10/15/2021,MLU,LA,ASW,CE,Combined TRACON& Tower with Radar,3,18,34,12,67,0,0,17,1,18,3,18,51,13,85,28,0,28,113
10/16/2021,MLU,LA,ASW,CE,Combined TRACON& Tower with Radar,0,14,19,11,44,0,0,29,0,29,0,14,48,11,73,46,14,60,133
10/17/2021,MLU,LA,ASW,CE,Combined TRACON& Tower with Radar,0,13,21,5,39,0,0,28,1,29,0,13,49,6,68,20,0,20,88
10/18/2021,MLU,LA,ASW,CE,Combined TRACON& Tower with Radar,1,15,20,37,73,0,1,32,0,33,1,16,52,37,106,40,4,44,150
10/19/2021,MLU,LA,ASW,CE,Combined TRACON& Tower with Radar,3,13,23,12,51,0,0,28,6,34,3,13,51,18,85,42,16,58,143
10/20/2021,MLU,LA,ASW,CE,Combined TRACON& Tower with Radar,1,15,31,35,82,0,0,24,4,28,1,15,55,39,110,62,2,64,174
10/21/2021,MLU,LA,ASW,CE,Combined TRACON& Tower with Radar,7,14,23,44,88,0,1,26,2,29,7,15,49,46,117,10,2,12,129
10/22/2021,MLU,LA,ASW,CE,Combined TRACON& Tower with Radar,1,16,12,4,33,0,2,32,2,36,1,18,44,6,69,74,4,78,147
10/23/2021,MLU,LA,ASW,CE,Combined TRACON& Tower with Radar,2,11,6,0,19,0,0,28,1,29,2,11,34,1,48,22,0,22,70
10/24/2021,MLU,LA,ASW,CE,Combined TRACON& Tower with Radar,0,13,19,0,32,0,0,1,0,1,0,13,20,0,33,0,0,0,33
10/25/2021,MLU,LA,ASW,CE,Combined TRACON& Tower with Radar,2,20,15,2,39,0,1,28,0,29,2,21,43,2,68,18,0,18,86
10/26/2021,MLU,LA,ASW,CE,Combined TRACON& Tower with Radar,0,14,13,53,80,0,0,28,8,36,0,14,41,61,116,50,20,70,186
10/27/2021,MLU,LA,ASW,CE,Combined TRACON& Tower with Radar,2,12,8,0,22,0,0,5,0,5,2,12,13,0,27,0,0,0,27
10/28/2021,MLU,LA,ASW,CE,Combined TRACON& Tower with Radar,3,16,25,72,116,0,0,7,2,9,3,16,32,74,125,0,8,8,133
10/29/2021,MLU,LA,ASW,CE,Combined TRACON& Tower with Radar,7,17,18,43,85,0,0,18,1,19,7,17,36,44,104,2,22,24,128
10/30/2021,MLU,LA,ASW,CE,Combined TRACON& Tower with Radar,0,11,13,6,30,0,0,19,0,19,0,11,32,6,49,6,0,6,55
10/31/2021,MLU,LA,ASW,CE,Combined TRACON& Tower with Radar,0,13,30,5,48,0,1,21,0,22,0,14,51,5,70,16,0,16,86
11/01/2021,MLU,LA,ASW,CE,Combined TRACON& Tower with Radar,0,15,23,34,72,0,1,37,10,48,0,16,60,44,120,28,20,48,168
11/02/2021,MLU,LA,ASW,CE,Combined TRACON& Tower with Radar,0,16,29,41,86,0,0,29,10,39,0,16,58,51,125,20,6,26,151
11/03/2021,MLU,LA,ASW,CE,Combined TRACON& Tower with Radar,0,21,13,0,34,0,0,0,0,0,0,21,13,0,34,0,0,0,34
11/04/2021,MLU,LA,ASW,CE,Combined TRACON& Tower with Radar,0,20,26,48,94,0,1,33,8,42,0,21,59,56,136,44,4,48,184
11/05/2021,MLU,LA,ASW,CE,Combined TRACON& Tower with Radar,2,18,25,47,92,0,0,40,17,57,2,18,65,64,149,36,34,70,219
11/06/2021,MLU,LA,ASW,CE,Combined TRACON& Tower with Radar,2,16,12,3,33,0,0,14,2,16,2,16,26,5,49,0,4,4,53
11/07/2021,MLU,LA,ASW,CE,Combined TRACON& Tower with Radar,0,13,22,6,41,0,0,22,3,25,0,13,44,9,66,22,0,22,88
11/08/2021,MLU,LA,ASW,CE,Combined TRACON& Tower with Radar,0,17,24,20,61,0,0,29,7,36,0,17,53,27,97,16,4,20,117
11/09/2021,MLU,LA,ASW,CE,Combined TRACON& Tower with Radar,0,18,17,26,61,0,0,20,4,24,0,18,37,30,85,52,6,58,143
11/10/2021,MLU,LA,ASW,CE,Combined TRACON& Tower with Radar,0,17,16,15,48,0,2,19,1,22,0,19,35,16,70,22,0,22,92
11/11/2021,MLU,LA,ASW,CE,Combined TRACON& Tower with Radar,0,20,36,4,60,0,0,24,0,24,0,20,60,4,84,8,4,12,96
11/12/2021,MLU,LA,ASW,CE,Combined TRACON& Tower with Radar,3,23,31,12,69,0,1,25,0,26,3,24,56,12,95,24,0,24,119
11/13/2021,MLU,LA,ASW,CE,Combined TRACON& Tower with Radar,3,11,17,1,32,0,0,25,0,25,3,11,42,1,57,8,6,14,71
11/14/2021,MLU,LA,ASW,CE,Combined TRACON& Tower with Radar,0,18,13,4,35,0,0,6,0,6,0,18,19,4,41,8,0,8,49
11/15/2021,MLU,LA,ASW,CE,Combined TRACON& Tower with Radar,0,17,19,47,83,0,0,28,0,28,0,17,47,47,111,32,4,36,147
11/16/2021,MLU,LA,ASW,CE,Combined TRACON& Tower with Radar,0,18,30,69,117,0,0,17,5,22,0,18,47,74,139,10,22,32,171
11/17/2021,MLU,LA,ASW,CE,Combined TRACON& Tower with Radar,0,20,20,24,64,0,0,24,3,27,0,20,44,27,91,6,0,6,97
11/18/2021,MLU,LA,ASW,CE,Combined TRACON& Tower with Radar,0,25,19,43,87,0,0,11,4,15,0,25,30,47,102,0,20,20,122
11/19/2021,MLU,LA,ASW,CE,Combined TRACON& Tower with Radar,0,15,21,64,100,0,0,31,13,44,0,15,52,77,144,16,12,28,172
11/20/2021,MLU,LA,ASW,CE,Combined TRACON& Tower with Radar,0,13,11,0,24,0,0,25,0,25,0,13,36,0,49,10,0,10,59
11/21/2021,MLU,LA,ASW,CE,Combined TRACON& Tower with Radar,0,13,14,0,27,0,2,8,0,10,0,15,22,0,37,0,0,0,37
11/22/2021,MLU,LA,ASW,CE,Combined TRACON& Tower with Radar,0,19,30,46,95,0,1,29,7,37,0,20,59,53,132,6,4,10,142
11/23/2021,MLU,LA,ASW,CE,Combined TRACON& Tower with Radar,1,19,28,39,87,0,0,35,4,39,1,19,63,43,126,0,4,4,130
11/24/2021,MLU,LA,ASW,CE,Combined TRACON& Tower with Radar,0,22,16,31,69,0,0,18,0,18,0,22,34,31,87,12,8,20,107
11/25/2021,MLU,LA,ASW,CE,Combined TRACON& Tower with Radar,0,11,2,0,13,0,0,1,0,1,0,11,3,0,14,0,0,0,14
11/26/2021,MLU,LA,ASW,CE,Combined TRACON& Tower with Radar,0,16,8,1,25,0,1,12,0,13,0,17,20,1,38,26,0,26,64
11/27/2021,MLU,LA,ASW,CE,Combined TRACON& Tower with Radar,0,17,6,0,23,0,1,8,1,10,0,18,14,1,33,48,0,48,81
11/28/2021,MLU,LA,ASW,CE,Combined TRACON& Tower with Radar,1,17,21,0,39,0,0,5,0,5,1,17,26,0,44,2,0,2,46
11/29/2021,MLU,LA,ASW,CE,Combined TRACON& Tower with Radar,1,16,20,45,82,0,0,24,5,29,1,16,44,50,111,60,30,90,201
11/30/2021,MLU,LA,ASW,CE,Combined TRACON& Tower with Radar,0,18,20,28,66,0,2,24,6,32,0,20,44,34,98,32,0,32,130
12/01/2021,MLU,LA,ASW,CE,Combined TRACON& Tower with Radar,0,19,21,32,72,0,1,32,3,36,0,20,53,35,108,86,22,108,216
12/02/2021,MLU,LA,ASW,CE,Combined TRACON& Tower with Radar,0,18,22,17,57,0,3,17,12,32,0,21,39,29,89,44,0,44,133
12/03/2021,MLU,LA,ASW,CE,Combined TRACON& Tower with Radar,0,18,21,8,47,0,1,11,0,12,0,19,32,8,59,16,4,20,79
12/04/2021,MLU,LA,ASW,CE,Combined TRACON& Tower with Radar,0,13,8,0,21,0,1,6,0,7,0,14,14,0,28,0,0,0,28
12/05/2021,MLU,LA,ASW,CE,Combined TRACON& Tower with Radar,0,13,19,33,65,0,1,11,0,12,0,14,30,33,77,0,0,0,77
12/06/2021,MLU,LA,ASW,CE,Combined TRACON& Tower with Radar,0,17,7,20,44,0,0,8,2,10,0,17,15,22,54,2,0,2,56
12/07/2021,MLU,LA,ASW,CE,Combined TRACON& Tower with Radar,0,18,19,16,53,0,1,8,1,10,0,19,27,17,63,2,2,4,67
12/08/2021,MLU,LA,ASW,CE,Combined TRACON& Tower with Radar,0,15,25,13,53,0,0,39,2,41,0,15,64,15,94,62,0,62,156
12/09/2021,MLU,LA,ASW,CE,Combined TRACON& Tower with Radar,0,16,30,13,59,0,0,0,0,0,0,16,30,13,59,0,0,0,59
12/10/2021,MLU,LA,ASW,CE,Combined TRACON& Tower with Radar,0,16,22,54,92,0,0,4,0,4,0,16,26,54,96,0,8,8,104
12/11/2021,MLU,LA,ASW,CE,Combined TRACON& Tower with Radar,0,13,7,1,21,0,0,8,1,9,0,13,15,2,30,4,0,4,34
12/12/2021,MLU,LA,ASW,CE,Combined TRACON& Tower with Radar,0,13,18,1,32,0,0,11,1,12,0,13,29,2,44,14,0,14,58
12/13/2021,MLU,LA,ASW,CE,Combined TRACON& Tower with Radar,0,14,25,23,62,0,0,42,2,44,0,14,67,25,106,30,14,44,150
12/14/2021,MLU,LA,ASW,CE,Combined TRACON& Tower with Radar,5,13,18,6,42,0,0,16,6,22,5,13,34,12,64,24,4,28,92
12/15/2021,MLU,LA,ASW,CE,Combined TRACON& Tower with Radar,5,16,29,14,64,0,1,12,3,16,5,17,41,17,80,0,0,0,80
12/16/2021,MLU,LA,ASW,CE,Combined TRACON& Tower with Radar,0,17,37,26,80,0,0,15,7,22,0,17,52,33,102,12,6,18,120
12/17/2021,MLU,LA,ASW,CE,Combined TRACON& Tower with Radar,1,22,33,72,128,0,0,11,2,13,1,22,44,74,141,10,56,66,207
12/18/2021,MLU,LA,ASW,CE,Combined TRACON& Tower with Radar,1,9,2,0,12,0,0,0,0,0,1,9,2,0,12,0,0,0,12
12/19/2021,MLU,LA,ASW,CE,Combined TRACON& Tower with Radar,0,16,24,27,67,0,0,8,1,9,0,16,32,28,76,18,2,20,96
12/20/2021,MLU,LA,ASW,CE,Combined TRACON& Tower with Radar,0,13,25,0,38,0,0,5,1,6,0,13,30,1,44,0,0,0,44
12/21/2021,MLU,LA,ASW,CE,Combined TRACON& Tower with Radar,2,17,27,28,74,0,0,22,4,26,2,17,49,32,100,76,0,76,176
12/22/2021,MLU,LA,ASW,CE,Combined TRACON& Tower with Radar,0,17,15,8,40,0,0,28,2,30,0,17,43,10,70,54,0,54,124
12/23/2021,MLU,LA,ASW,CE,Combined TRACON& Tower with Radar,2,15,11,0,28,0,1,32,2,35,2,16,43,2,63,0,12,12,75
12/24/2021,MLU,LA,ASW,CE,Combined TRACON& Tower with Radar,1,14,3,0,18,0,1,3,0,4,1,15,6,0,22,0,0,0,22
12/25/2021,MLU,LA,ASW,CE,Combined TRACON& Tower with Radar,0,11,5,0,16,0,0,8,0,8,0,11,13,0,24,0,0,0,24
12/26/2021,MLU,LA,ASW,CE,Combined TRACON& Tower with Radar,0,16,22,0,38,0,0,4,0,4,0,16,26,0,42,14,0,14,56
12/27/2021,MLU,LA,ASW,CE,Combined TRACON& Tower with Radar,0,18,16,0,34,0,0,15,2,17,0,18,31,2,51,42,0,42,93
12/28/2021,MLU,LA,ASW,CE,Combined TRACON& Tower with Radar,2,16,19,1,38,0,0,12,0,12,2,16,31,1,50,2,0,2,52
12/29/2021,MLU,LA,ASW,CE,Combined TRACON& Tower with Radar,2,15,18,0,35,0,0,2,0,2,2,15,20,0,37,0,0,0,37
12/30/2021,MLU,LA,ASW,CE,Combined TRACON& Tower with Radar,2,13,27,0,42,0,0,10,0,10,2,13,37,0,52,0,0,0,52
12/31/2021,MLU,LA,ASW,CE,Combined TRACON& Tower with Radar,3,10,20,0,33,0,2,1,2,5,3,12,21,2,38,0,0,0,38
01/01/2022,MLU,LA,ASW,CE,Combined TRACON& Tower with Radar,0,8,7,0,15,0,0,1,0,1,0,8,8,0,16,0,0,0,16
01/02/2022,MLU,LA,ASW,CE,Combined TRACON& Tower with Radar,0,13,13,0,26,0,2,0,0,2,0,15,13,0,28,0,0,0,28
01/03/2022,MLU,LA,ASW,CE,Combined TRACON& Tower with Radar,0,10,25,4,39,0,0,27,0,27,0,10,52,4,66,0,0,0,66
01/04/2022,MLU,LA,ASW,CE,Combined TRACON& Tower with Radar,0,18,21,8,47,0,0,37,1,38,0,18,58,9,85,38,0,38,123
01/05/2022,MLU,LA,ASW,CE,Combined TRACON& Tower with Radar,0,13,31,27,71,0,0,25,4,29,0,13,56,31,100,20,6,26,126
01/06/2022,MLU,LA,ASW,CE,Combined TRACON& Tower with Radar,0,12,16,5,33,0,0,3,0,3,0,12,19,5,36,6,0,6,42
01/07/2022,MLU,LA,ASW,CE,Combined TRACON& Tower with Radar,0,14,12,18,44,0,0,29,7,36,0,14,41,25,80,28,16,44,124
01/08/2022,MLU,LA,ASW,CE,Combined TRACON& Tower with Radar,0,9,3,4,16,0,0,5,2,7,0,9,8,6,23,0,0,0,23
01/09/2022,MLU,LA,ASW,CE,Combined TRACON& Tower with Radar,0,14,13,0,27,0,1,7,2,10,0,15,20,2,37,6,0,6,43
01/10/2022,MLU,LA,ASW,CE,Combined TRACON& Tower with Radar,0,13,23,33,69,0,0,49,8,57,0,13,72,41,126,26,16,42,168
01/11/2022,MLU,LA,ASW,CE,Combined TRACON& Tower with Radar,0,19,20,31,70,0,0,40,11,51,0,19,60,42,121,34,6,40,161
01/12/2022,MLU,LA,ASW,CE,Combined TRACON& Tower with Radar,0,12,25,39,76,0,0,36,9,45,0,12,61,48,121,38,22,60,181
01/13/2022,MLU,LA,ASW,CE,Combined TRACON& Tower with Radar,0,23,11,5,39,0,0,31,4,35,0,23,42,9,74,34,0,34,108
01/14/2022,MLU,LA,ASW,CE,Combined TRACON& Tower with Radar,0,15,32,28,75,0,0,21,8,29,0,15,53,36,104,2,18,20,124
01/15/2022,MLU,LA,ASW,CE,Combined TRACON& Tower with Radar,0,9,4,0,13,0,0,0,0,0,0,9,4,0,13,0,0,0,13
01/16/2022,MLU,LA,ASW,CE,Combined TRACON& Tower with Radar,0,6,5,0,11,0,0,2,0,2,0,6,7,0,13,0,0,0,13
01/17/2022,MLU,LA,ASW,CE,Combined TRACON& Tower with Radar,0,12,22,2,36,0,0,33,0,33,0,12,55,2,69,36,0,36,105
01/18/2022,MLU,LA,ASW,CE,Combined TRACON& Tower with Radar,0,13,31,34,78,0,0,29,9,38,0,13,60,43,116,38,10,48,164
01/19/2022,MLU,LA,ASW,CE,Combined TRACON& Tower with Radar,0,15,18,13,46,0,1,16,2,19,0,16,34,15,65,2,40,42,107
01/20/2022,MLU,LA,ASW,CE,Combined TRACON& Tower with Radar,0,16,28,17,61,0,0,28,0,28,0,16,56,17,89,10,8,18,107
01/21/2022,MLU,LA,ASW,CE,Combined TRACON& Tower with Radar,0,18,20,30,68,0,0,22,3,25,0,18,42,33,93,54,14,68,161
01/22/2022,MLU,LA,ASW,CE,Combined TRACON& Tower with Radar,0,10,13,5,28,0,0,31,2,33,0,10,44,7,61,10,8,18,79
01/23/2022,MLU,LA,ASW,CE,Combined TRACON& Tower with Radar,0,15,16,0,31,0,0,18,0,18,0,15,34,0,49,6,0,6,55
01/24/2022,MLU,LA,ASW,CE,Combined TRACON& Tower with Radar,0,16,30,28,74,0,0,26,4,30,0,16,56,32,104,4,18,22,126
01/25/2022,MLU,LA,ASW,CE,Combined TRACON& Tower with Radar,0,14,27,15,56,0,0,22,1,23,0,14,49,16,79,22,0,22,101
01/26/2022,MLU,LA,ASW,CE,Combined TRACON& Tower with Radar,0,14,20,24,58,0,0,36,2,38,0,14,56,26,96,10,0,10,106
01/27/2022,MLU,LA,ASW,CE,Combined TRACON& Tower with Radar,0,19,28,14,61,0,0,47,4,51,0,19,75,18,112,44,12,56,168
01/28/2022,MLU,LA,ASW,CE,Combined TRACON& Tower with Radar,0,20,25,37,82,0,1,41,9,51,0,21,66,46,133,0,68,68,201
01/29/2022,MLU,LA,ASW,CE,Combined TRACON& Tower with Radar,0,11,9,6,26,0,0,37,4,41,0,11,46,10,67,9,32,41,108
01/30/2022,MLU,LA,ASW,CE,Combined TRACON& Tower with Radar,0,13,37,13,63,0,0,33,3,36,0,13,70,16,99,10,8,18,117
01/31/2022,MLU,LA,ASW,CE,Combined TRACON& Tower with Radar,0,12,17,35,64,0,0,32,3,35,0,12,49,38,99,0,28,28,127
02/01/2022,MLU,LA,ASW,CE,Combined TRACON& Tower with Radar,0,14,21,12,47,0,1,3,0,4,0,15,24,12,51,2,0,2,53
02/02/2022,MLU,LA,ASW,CE,Combined TRACON& Tower with Radar,0,11,16,20,47,0,0,4,2,6,0,11,20,22,53,26,114,140,193
02/03/2022,MLU,LA,ASW,CE,Combined TRACON& Tower with Radar,0,8,6,0,14,0,0,0,0,0,0,8,6,0,14,0,0,0,14
02/04/2022,MLU,LA,ASW,CE,Combined TRACON& Tower with Radar,1,16,7,42,66,0,0,8,2,10,1,16,15,44,76,0,6,6,82
02/05/2022,MLU,LA,ASW,CE,Combined TRACON& Tower with Radar,0,11,19,3,33,0,0,29,0,29,0,11,48,3,62,2,0,2,64
02/06/2022,MLU,LA,ASW,CE,Combined TRACON& Tower with Radar,0,16,16,27,59,0,0,15,1,16,0,16,31,28,75,6,0,6,81
02/07/2022,MLU,LA,ASW,CE,Combined TRACON& Tower with Radar,0,13,12,49,74,0,1,34,2,37,0,14,46,51,111,42,2,44,155
02/08/2022,MLU,LA,ASW,CE,Combined TRACON& Tower with Radar,1,11,28,39,79,0,1,56,5,62,1,12,84,44,141,28,0,28,169
02/09/2022,MLU,LA,ASW,CE,Combined TRACON& Tower with Radar,2,10,27,30,69,0,1,38,3,42,2,11,65,33,111,18,26,44,155
02/10/2022,MLU,LA,ASW,CE,Combined TRACON& Tower with Radar,0,14,29,60,103,0,0,40,11,51,0,14,69,71,154,42,44,86,240
02/11/2022,MLU,LA,ASW,CE,Combined TRACON& Tower with Radar,0,12,16,22,50,0,0,28,5,33,0,12,44,27,83,60,0,60,143
02/12/2022,MLU,LA,ASW,CE,Combined TRACON& Tower with Radar,0,10,11,0,21,0,0,2,0,2,0,10,13,0,23,0,0,0,23
02/13/2022,MLU,LA,ASW,CE,Combined TRACON& Tower with Radar,0,10,22,34,66,0,0,32,3,35,0,10,54,37,101,14,48,62,163
02/14/2022,MLU,LA,ASW,CE,Combined TRACON& Tower with Radar,0,15,23,25,63,0,0,29,6,35,0,15,52,31,98,56,4,60,158
02/15/2022,MLU,LA,ASW,CE,Combined TRACON& Tower with Radar,0,14,21,54,89,0,0,28,8,36,0,14,49,62,125,26,14,40,165
02/16/2022,MLU,LA,ASW,CE,Combined TRACON& Tower with Radar,0,11,35,37,83,0,0,13,8,21,0,11,48,45,104,14,20,34,138
02/17/2022,MLU,LA,ASW,CE,Combined TRACON& Tower with Radar,2,15,3,0,20,0,0,1,0,1,2,15,4,0,21,0,0,0,21
02/18/2022,MLU,LA,ASW,CE,Combined TRACON& Tower with Radar,0,14,20,26,60,0,0,34,4,38,0,14,54,30,98,42,2,44,142
02/19/2022,MLU,LA,ASW,CE,Combined TRACON& Tower with Radar,0,9,11,6,26,0,0,32,0,32,0,9,43,6,58,20,0,20,78
02/20/2022,MLU,LA,ASW,CE,Combined TRACON& Tower with Radar,0,9,21,28,58,0,0,21,0,21,0,9,42,28,79,12,0,12,91
02/21/2022,MLU,LA,ASW,CE,Combined TRACON& Tower with Radar,0,14,4,0,18,0,0,1,0,1,0,14,5,0,19,0,0,0,19
02/22/2022,MLU,LA,ASW,CE,Combined TRACON& Tower with Radar,0,11,25,38,74,0,0,15,1,16,0,11,40,39,90,0,10,10,100
02/23/2022,MLU,LA,ASW,CE,Combined TRACON& Tower with Radar,0,13,19,8,40,0,0,4,0,4,0,13,23,8,44,0,6,6,50
02/24/2022,MLU,LA,ASW,CE,Combined TRACON& Tower with Radar,0,15,17,0,32,0,0,0,0,0,0,15,17,0,32,0,0,0,32
02/25/2022,MLU,LA,ASW,CE,Combined TRACON& Tower with Radar,2,13,29,44,88,0,0,16,1,17,2,13,45,45,105,0,12,12,117
02/26/2022,MLU,LA,ASW,CE,Combined TRACON& Tower with Radar,0,9,2,2,13,0,0,0,0,0,0,9,2,2,13,0,0,0,13
02/27/2022,MLU,LA,ASW,CE,Combined TRACON& Tower with Radar,2,12,20,12,46,0,0,6,0,6,2,12,26,12,52,0,0,0,52
02/28/2022,MLU,LA,ASW,CE,Combined TRACON& Tower with Radar,2,14,12,64,92,0,0,43,6,49,2,14,55,70,141,52,52,104,245
03/01/2022,MLU,LA,ASW,CE,Combined TRACON& Tower with Radar,2,13,21,33,69,0,0,36,11,47,2,13,57,44,116,0,12,12,128
03/02/2022,MLU,LA,ASW,CE,Combined TRACON& Tower with Radar,2,17,21,43,83,0,0,18,9,27,2,17,39,52,110,52,12,64,174
03/03/2022,MLU,LA,ASW,CE,Combined TRACON& Tower with Radar,1,18,36,58,113,0,0,32,12,44,1,18,68,70,157,54,0,54,211
03/04/2022,MLU,LA,ASW,CE,Combined TRACON& Tower with Radar,1,13,36,5,55,0,0,27,3,30,1,13,63,8,85,10,6,16,101
03/05/2022,MLU,LA,ASW,CE,Combined TRACON& Tower with Radar,0,9,6,0,15,0,0,18,0,18,0,9,24,0,33,0,0,0,33
03/06/2022,MLU,LA,ASW,CE,Combined TRACON& Tower with Radar,0,13,15,0,28,0,0,15,0,15,0,13,30,0,43,8,0,8,51
03/07/2022,MLU,LA,ASW,CE,Combined TRACON& Tower with Radar,0,13,27,32,72,0,2,5,1,8,0,15,32,33,80,0,0,0,80
03/08/2022,MLU,LA,ASW,CE,Combined TRACON& Tower with Radar,2,11,12,14,39,0,0,1,0,1,2,11,13,14,40,0,0,0,40
03/09/2022,MLU,LA,ASW,CE,Combined TRACON& Tower with Radar,0,12,16,37,65,0,0,4,3,7,0,12,20,40,72,38,8,46,118
03/10/2022,MLU,LA,ASW,CE,Combined TRACON& Tower with Radar,2,12,25,54,93,0,0,48,15,63,2,12,73,69,156,44,22,66,222
03/11/2022,MLU,LA,ASW,CE,Combined TRACON& Tower with Radar,4,12,15,61,92,0,0,25,8,33,4,12,40,69,125,4,24,28,153
03/12/2022,MLU,LA,ASW,CE,Combined TRACON& Tower with Radar,0,9,11,1,21,0,0,25,1,26,0,9,36,2,47,10,0,10,57
03/13/2022,MLU,LA,ASW,CE,Combined TRACON& Tower with Radar,0,9,30,23,62,0,0,30,0,30,0,9,60,23,92,24,4,28,120
03/14/2022,MLU,LA,ASW,CE,Combined TRACON& Tower with Radar,0,10,10,8,28,0,0,7,3,10,0,10,17,11,38,0,0,0,38
03/15/2022,MLU,LA,ASW,CE,Combined TRACON& Tower with Radar,2,9,15,6,32,0,3,7,2,12,2,12,22,8,44,6,0,6,50
03/16/2022,MLU,LA,ASW,CE,Combined TRACON& Tower with Radar,0,13,16,40,69,0,0,19,5,24,0,13,35,45,93,34,46,80,173
03/17/2022,MLU,LA,ASW,CE,Combined TRACON& Tower with Radar,2,10,23,11,46,0,0,27,6,33,2,10,50,17,79,0,6,6,85
03/18/2022,MLU,LA,ASW,CE,Combined TRACON& Tower with Radar,0,15,36,27,78,0,0,20,3,23,0,15,56,30,101,0,2,2,103
03/19/2022,MLU,LA,ASW,CE,Combined TRACON& Tower with Radar,0,9,15,7,31,0,0,35,0,35,0,9,50,7,66,20,0,20,86
03/20/2022,MLU,LA,ASW,CE,Combined TRACON& Tower with Radar,0,12,25,6,43,0,0,15,0,15,0,12,40,6,58,20,6,26,84
03/21/2022,MLU,LA,ASW,CE,Combined TRACON& Tower with Radar,0,15,23,5,43,0,1,10,0,11,0,16,33,5,54,0,0,0,54
03/22/2022,MLU,LA,ASW,CE,Combined TRACON& Tower with Radar,0,10,13,5,28,0,0,0,0,0,0,10,13,5,28,0,0,0,28
03/23/2022,MLU,LA,ASW,CE,Combined TRACON& Tower with Radar,0,14,24,21,59,0,0,20,6,26,0,14,44,27,85,22,10,32,117
03/24/2022,MLU,LA,ASW,CE,Combined TRACON& Tower with Radar,2,16,32,25,75,0,3,49,1,53,2,19,81,26,128,58,34,92,220
03/25/2022,MLU,LA,ASW,CE,Combined TRACON& Tower with Radar,4,13,25,3,45,0,1,37,0,38,4,14,62,3,83,46,0,46,129
03/26/2022,MLU,LA,ASW,CE,Combined TRACON& Tower with Radar,0,11,27,9,47,0,0,42,0,42,0,11,69,9,89,20,0,20,109
03/27/2022,MLU,LA,ASW,CE,Combined TRACON& Tower with Radar,2,11,27,0,40,0,2,30,1,33,2,13,57,1,73,2,0,2,75
03/28/2022,MLU,LA,ASW,CE,Combined TRACON& Tower with Radar,0,15,24,46,85,0,0,24,4,28,0,15,48,50,113,46,14,60,173
03/29/2022,MLU,LA,ASW,CE,Combined TRACON& Tower with Radar,0,11,34,4,49,0,1,6,3,10,0,12,40,7,59,0,6,6,65
03/30/2022,MLU,LA,ASW,CE,Combined TRACON& Tower with Radar,2,10,2,1,15,0,0,1,1,2,2,10,3,2,17,0,0,0,17
03/31/2022,MLU,LA,ASW,CE,Combined TRACON& Tower with Radar,2,14,24,11,51,0,1,16,7,24,2,15,40,18,75,48,4,52,127
04/01/2022,MLU,LA,ASW,CE,Combined TRACON& Tower with Radar,0,14,28,7,49,0,0,30,0,30,0,14,58,7,79,104,0,104,183
04/02/2022,MLU,LA,ASW,CE,Combined TRACON& Tower with Radar,0,10,29,3,42,0,2,20,1,23,0,12,49,4,65,16,10,26,91
04/03/2022,MLU,LA,ASW,CE,Combined TRACON& Tower with Radar,0,11,16,2,29,0,0,18,2,20,0,11,34,4,49,10,0,10,59
04/04/2022,MLU,LA,ASW,CE,Combined TRACON& Tower with Radar,0,15,23,5,43,0,2,18,3,23,0,17,41,8,66,4,0,4,70
04/05/2022,MLU,LA,ASW,CE,Combined TRACON& Tower with Radar,3,13,22,18,56,0,0,16,15,31,3,13,38,33,87,12,62,74,161
04/06/2022,MLU,LA,ASW,CE,Combined TRACON& Tower with Radar,4,8,45,40,97,0,2,8,2,12,4,10,53,42,109,2,46,48,157
04/07/2022,MLU,LA,ASW,CE,Combined TRACON& Tower with Radar,4,11,18,6,39,0,0,11,6,17,4,11,29,12,56,22,26,48,104
04/08/2022,MLU,LA,ASW,CE,Combined TRACON& Tower with Radar,4,12,16,12,44,0,2,7,0,9,4,14,23,12,53,0,0,0,53
04/09/2022,MLU,LA,ASW,CE,Combined TRACON& Tower with Radar,4,8,26,2,40,0,0,35,4,39,4,8,61,6,79,32,0,32,111
04/10/2022,MLU,LA,ASW,CE,Combined TRACON& Tower with Radar,4,8,15,4,31,0,0,12,0,12,4,8,27,4,43,6,0,6,49
04/11/2022,MLU,LA,ASW,CE,Combined TRACON& Tower with Radar,4,15,27,15,61,0,1,15,1,17,4,16,42,16,78,12,10,22,100
04/12/2022,MLU,LA,ASW,CE,Combined TRACON& Tower with Radar,3,6,11,2,22,0,0,3,0,3,3,6,14,2,25,0,0,0,25
04/13/2022,MLU,LA,ASW,CE,Combined TRACON& Tower with Radar,2,6,5,0,13,0,1,0,0,1,2,7,5,0,14,0,0,0,14
04/14/2022,MLU,LA,ASW,CE,Combined TRACON& Tower with Radar,4,13,31,38,86,0,0,41,9,50,4,13,72,47,136,76,30,106,242
04/15/2022,MLU,LA,ASW,CE,Combined TRACON& Tower with Radar,4,12,17,12,45,0,1,14,3,18,4,13,31,15,63,12,12,24,87
04/16/2022,MLU,LA,ASW,CE,Combined TRACON& Tower with Radar,4,6,20,0,30,0,0,0,0,0,4,6,20,0,30,0,0,0,30
04/17/2022,MLU,LA,ASW,CE,Combined TRACON& Tower with Radar,4,8,7,0,19,0,0,2,0,2,4,8,9,0,21,0,0,0,21
04/18/2022,MLU,LA,ASW,CE,Combined TRACON& Tower with Radar,4,11,21,30,66,0,2,20,3,25,4,13,41,33,91,84,0,84,175
04/19/2022,MLU,LA,ASW,CE,Combined TRACON& Tower with Radar,4,8,34,34,80,0,0,29,8,37,4,8,63,42,117,24,14,38,155
04/20/2022,MLU,LA,ASW,CE,Combined TRACON& Tower with Radar,4,11,26,3,44,0,0,9,0,9,4,11,35,3,53,0,10,10,63
04/21/2022,MLU,LA,ASW,CE,Combined TRACON& Tower with Radar,4,15,27,43,89,0,1,21,6,28,4,16,48,49,117,12,24,36,153
04/22/2022,MLU,LA,ASW,CE,Combined TRACON& Tower with Radar,4,10,31,11,56,0,0,36,1,37,4,10,67,12,93,32,0,32,125
04/23/2022,MLU,LA,ASW,CE,Combined TRACON& Tower with Radar,9,6,8,7,30,0,0,13,1,14,9,6,21,8,44,14,0,14,58
04/24/2022,MLU,LA,ASW,CE,Combined TRACON& Tower with Radar,3,9,23,2,37,0,4,9,2,15,3,13,32,4,52,8,0,8,60
04/25/2022,MLU,LA,ASW,CE,Combined TRACON& Tower with Radar,2,12,23,0,37,0,0,1,0,1,2,12,24,0,38,0,0,0,38
04/26/2022,MLU,LA,ASW,CE,Combined TRACON& Tower with Radar,4,9,31,40,84,0,0,41,5,46,4,9,72,45,130,54,0,54,184
04/27/2022,MLU,LA,ASW,CE,Combined TRACON& Tower with Radar,5,9,31,19,64,0,2,45,0,47,5,11,76,19,111,30,0,30,141
04/28/2022,MLU,LA,ASW,CE,Combined TRACON& Tower with Radar,5,9,42,18,74,0,0,42,1,43,5,9,84,19,117,30,4,34,151
04/29/2022,MLU,LA,ASW,CE,Combined TRACON& Tower with Radar,4,9,32,9,54,0,0,37,2,39,4,9,69,11,93,58,8,66,159
04/30/2022,MLU,LA,ASW,CE,Combined TRACON& Tower with Radar,4,10,12,2,28,0,2,12,0,14,4,12,24,2,42,36,10,46,88
05/01/2022,MLU,LA,ASW,CE,Combined TRACON& Tower with Radar,6,6,32,0,44,0,0,16,0,16,6,6,48,0,60,2,0,2,62
05/02/2022,MLU,LA,ASW,CE,Combined TRACON& Tower with Radar,4,11,22,12,49,0,0,11,2,13,4,11,33,14,62,54,0,54,116
05/03/2022,MLU,LA,ASW,CE,Combined TRACON& Tower with Radar,6,8,18,4,36,0,0,17,1,18,6,8,35,5,54,84,0,84,138
05/04/2022,MLU,LA,ASW,CE,Combined TRACON& Tower with Radar,5,11,22,30,68,0,3,19,1,23,5,14,41,31,91,42,0,42,133
05/05/2022,MLU,LA,ASW,CE,Combined TRACON& Tower with Radar,3,9,17,31,60,0,0,2,3,5,3,9,19,34,65,0,13,13,78
05/06/2022,MLU,LA,ASW,CE,Combined TRACON& Tower with Radar,3,11,15,34,63,0,1,28,5,34,3,12,43,39,97,0,0,0,97
05/07/2022,MLU,LA,ASW,CE,Combined TRACON& Tower with Radar,3,6,9,5,23,0,0,23,1,24,3,6,32,6,47,38,0,38,85
05/08/2022,MLU,LA,ASW,CE,Combined TRACON& Tower with Radar,3,10,12,0,25,0,0,18,0,18,3,10,30,0,43,10,0,10,53
05/09/2022,MLU,LA,ASW,CE,Combined TRACON& Tower with Radar,3,9,17,33,62,0,0,27,1,28,3,9,44,34,90,68,0,68,158
05/10/2022,MLU,LA,ASW,CE,Combined TRACON& Tower with Radar,3,18,28,58,107,0,0,19,3,22,3,18,47,61,129,28,20,48,177
05/11/2022,MLU,LA,ASW,CE,Combined TRACON& Tower with Radar,3,18,31,53,105,0,0,27,6,33,3,18,58,59,138,8,20,28,166
05/12/2022,MLU,LA,ASW,CE,Combined TRACON& Tower with Radar,7,14,17,8,46,0,0,23,3,26,7,14,40,11,72,64,0,64,136
05/13/2022,MLU,LA,ASW,CE,Combined TRACON& Tower with Radar,3,13,19,13,48,0,0,23,7,30,3,13,42,20,78,40,6,46,124
05/14/2022,MLU,LA,ASW,CE,Combined TRACON& Tower with Radar,3,8,13,3,27,0,0,12,1,13,3,8,25,4,40,0,6,6,46
05/15/2022,MLU,LA,ASW,CE,Combined TRACON& Tower with Radar,3,8,20,19,50,0,4,17,1,22,3,12,37,20,72,0,6,6,78
05/16/2022,MLU,LA,ASW,CE,Combined TRACON& Tower with Radar,3,10,16,36,65,0,0,27,3,30,3,10,43,39,95,70,4,74,169
05/17/2022,MLU,LA,ASW,CE,Combined TRACON& Tower with Radar,3,14,29,18,64,0,1,33,3,37,3,15,62,21,101,16,26,42,143
05/18/2022,MLU,LA,ASW,CE,Combined TRACON& Tower with Radar,3,11,20,36,70,0,1,21,3,25,3,12,41,39,95,14,10,24,119
05/19/2022,MLU,LA,ASW,CE,Combined TRACON& Tower with Radar,3,12,24,17,56,0,1,10,1,12,3,13,34,18,68,6,0,6,74
05/20/2022,MLU,LA,ASW,CE,Combined TRACON& Tower with Radar,3,12,17,18,50,0,0,15,3,18,3,12,32,21,68,14,0,14,82
05/21/2022,MLU,LA,ASW,CE,Combined TRACON& Tower with Radar,3,6,27,13,49,0,2,14,0,16,3,8,41,13,65,24,2,26,91
05/22/2022,MLU,LA,ASW,CE,Combined TRACON& Tower with Radar,3,8,5,1,17,0,1,0,0,1,3,9,5,1,18,10,0,10,28
05/23/2022,MLU,LA,ASW,CE,Combined TRACON& Tower with Radar,3,9,11,63,86,0,0,4,0,4,3,9,15,63,90,10,0,10,100
05/24/2022,MLU,LA,ASW,CE,Combined TRACON& Tower with Radar,3,11,11,0,25,0,2,2,0,4,3,13,13,0,29,0,0,0,29
05/25/2022,MLU,LA,ASW,CE,Combined TRACON& Tower with Radar,3,8,10,16,37,0,0,6,1,7,3,8,16,17,44,6,0,6,50
05/26/2022,MLU,LA,ASW,CE,Combined TRACON& Tower with Radar,2,15,17,34,68,0,1,31,10,42,2,16,48,44,110,32,36,68,178
05/27/2022,MLU,LA,ASW,CE,Combined TRACON& Tower with Radar,2,13,18,0,33,0,0,18,0,18,2,13,36,0,51,50,0,50,101
05/28/2022,MLU,LA,ASW,CE,Combined TRACON& Tower with Radar,3,7,11,0,21,0,0,20,0,20,3,7,31,0,41,18,0,18,59
05/29/2022,MLU,LA,ASW,CE,Combined TRACON& Tower with Radar,3,6,7,0,16,0,1,19,0,20,3,7,26,0,36,22,0,22,58
05/30/2022,MLU,LA,ASW,CE,Combined TRACON& Tower with Radar,3,10,15,0,28,0,0,5,0,5,3,10,20,0,33,38,0,38,71
05/31/2022,MLU,LA,ASW,CE,Combined TRACON& Tower with Radar,3,12,11,59,85,0,1,8,2,11,3,13,19,61,96,40,0,40,136
06/01/2022,MLU,LA,ASW,CE,Combined TRACON& Tower with Radar,5,10,23,33,71,0,0,12,0,12,5,10,35,33,83,30,6,36,119
06/02/2022,MLU,LA,ASW,CE,Combined TRACON& Tower with Radar,2,12,14,0,28,0,0,6,0,6,2,12,20,0,34,20,0,20,54
06/03/2022,MLU,LA,ASW,CE,Combined TRACON& Tower with Radar,3,9,42,0,54,0,0,19,3,22,3,9,61,3,76,42,0,42,118
06/04/2022,MLU,LA,ASW,CE,Combined TRACON& Tower with Radar,3,7,10,13,33,0,0,25,2,27,3,7,35,15,60,8,0,8,68
06/05/2022,MLU,LA,ASW,CE,Combined TRACON& Tower with Radar,3,8,7,4,22,0,0,20,0,20,3,8,27,4,42,48,0,48,90
06/06/2022,MLU,LA,ASW,CE,Combined TRACON& Tower with Radar,3,12,26,38,79,0,0,16,0,16,3,12,42,38,95,10,16,26,121
06/07/2022,MLU,LA,ASW,CE,Combined TRACON& Tower with Radar,3,12,21,49,85,0,0,33,5,38,3,12,54,54,123,30,68,98,221
06/08/2022,MLU,LA,ASW,CE,Combined TRACON& Tower with Radar,3,9,26,56,94,0,0,14,2,16,3,9,40,58,110,12,16,28,138
06/09/2022,MLU,LA,ASW,CE,Combined TRACON& Tower with Radar,3,10,28,65,106,0,0,29,4,33,3,10,57,69,139,38,2,40,179
06/10/2022,MLU,LA,ASW,CE,Combined TRACON& Tower with Radar,2,10,12,2,26,0,0,3,0,3,2,10,15,2,29,0,0,0,29
06/11/2022,MLU,LA,ASW,CE,Combined TRACON& Tower with Radar,3,7,5,0,15,0,2,15,0,17,3,9,20,0,32,0,0,0,32
06/12/2022,MLU,LA,ASW,CE,Combined TRACON& Tower with Radar,3,9,13,0,25,0,0,11,0,11,3,9,24,0,36,0,0,0,36
06/13/2022,MLU,LA,ASW,CE,Combined TRACON& Tower with Radar,3,11,21,40,75,0,1,28,2,31,3,12,49,42,106,28,2,30,136
06/14/2022,MLU,LA,ASW,CE,Combined TRACON& Tower with Radar,3,13,20,15,51,0,0,20,3,23,3,13,40,18,74,60,0,60,134
06/15/2022,MLU,LA,ASW,CE,Combined TRACON& Tower with Radar,3,14,29,47,93,0,0,19,4,23,3,14,48,51,116,16,34,50,166
06/16/2022,MLU,LA,ASW,CE,Combined TRACON& Tower with Radar,3,18,33,10,64,0,3,34,2,39,3,21,67,12,103,30,16,46,149
06/17/2022,MLU,LA,ASW,CE,Combined TRACON& Tower with Radar,3,14,9,0,26,0,3,28,1,32,3,17,37,1,58,26,0,26,84
06/18/2022,MLU,LA,ASW,CE,Combined TRACON& Tower with Radar,3,4,10,1,18,0,0,40,0,40,3,4,50,1,58,0,0,0,58
06/19/2022,MLU,LA,ASW,CE,Combined TRACON& Tower with Radar,1,8,14,0,23,0,3,8,0,11,1,11,22,0,34,0,0,0,34
06/20/2022,MLU,LA,ASW,CE,Combined TRACON& Tower with Radar,3,11,8,11,33,0,0,21,0,21,3,11,29,11,54,28,0,28,82
06/21/2022,MLU,LA,ASW,CE,Combined TRACON& Tower with Radar,3,16,22,50,91,0,1,30,7,38,3,17,52,57,129,28,8,36,165
06/22/2022,MLU,LA,ASW,CE,Combined TRACON& Tower with Radar,5,9,22,19,55,0,0,38,5,43,5,9,60,24,98,42,2,44,142
06/23/2022,MLU,LA,ASW,CE,Combined TRACON& Tower with Radar,3,13,23,26,65,0,0,23,1,24,3,13,46,27,89,20,6,26,115
06/24/2022,MLU,LA,ASW,CE,Combined TRACON& Tower with Radar,3,10,17,16,46,0,0,23,0,23,3,10,40,16,69,78,0,78,147
06/25/2022,MLU,LA,ASW,CE,Combined TRACON& Tower with Radar,3,6,14,1,24,0,1,18,0,19,3,7,32,1,43,0,0,0,43
06/26/2022,MLU,LA,ASW,CE,Combined TRACON& Tower with Radar,3,10,9,0,22,0,2,5,0,7,3,12,14,0,29,0,0,0,29
06/27/2022,MLU,LA,ASW,CE,Combined TRACON& Tower with Radar,3,18,25,13,59,0,0,12,0,12,3,18,37,13,71,26,0,26,97
06/28/2022,MLU,LA,ASW,CE,Combined TRACON& Tower with Radar,3,10,14,17,44,0,0,28,1,29,3,10,42,18,73,50,0,50,123
06/29/2022,MLU,LA,ASW,CE,Combined TRACON& Tower with Radar,3,10,27,20,60,0,0,42,10,52,3,10,69,30,112,18,46,64,176
06/30/2022,MLU,LA,ASW,CE,Combined TRACON& Tower with Radar,3,12,13,51,79,0,0,8,0,8,3,12,21,51,87,0,0,0,87
07/01/2022,MLU,LA,ASW,CE,Combined TRACON& Tower with Radar,3,10,17,0,30,0,0,1,0,1,3,10,18,0,31,0,0,0,31
07/02/2022,MLU,LA,ASW,CE,Combined TRACON& Tower with Radar,3,6,8,2,19,0,0,3,0,3,3,6,11,2,22,4,0,4,26
07/03/2022,MLU,LA,ASW,CE,Combined TRACON& Tower with Radar,3,6,8,0,17,0,1,8,0,9,3,7,16,0,26,2,0,2,28
07/04/2022,MLU,LA,ASW,CE,Combined TRACON& Tower with Radar,3,8,10,0,21,0,1,28,0,29,3,9,38,0,50,48,0,48,98
07/05/2022,MLU,LA,ASW,CE,Combined TRACON& Tower with Radar,3,9,22,29,63,0,1,21,5,27,3,10,43,34,90,4,0,4,94
07/06/2022,MLU,LA,ASW,CE,Combined TRACON& Tower with Radar,3,10,17,30,60,0,1,13,0,14,3,11,30,30,74,20,12,32,106
07/07/2022,MLU,LA,ASW,CE,Combined TRACON& Tower with Radar,3,19,23,33,78,0,1,21,11,33,3,20,44,44,111,34,10,44,155
07/08/2022,MLU,LA,ASW,CE,Combined TRACON& Tower with Radar,3,11,22,49,85,0,0,19,2,21,3,11,41,51,106,52,4,56,162
07/09/2022,MLU,LA,ASW,CE,Combined TRACON& Tower with Radar,3,6,15,13,37,0,0,14,1,15,3,6,29,14,52,34,10,44,96
07/10/2022,MLU,LA,ASW,CE,Combined TRACON& Tower with Radar,3,11,24,13,51,0,2,10,1,13,3,13,34,14,64,18,6,24,88
07/11/2022,MLU,LA,ASW,CE,Combined TRACON& Tower with Radar,3,14,19,17,53,0,0,30,2,32,3,14,49,19,85,56,26,82,167
07/12/2022,MLU,LA,ASW,CE,Combined TRACON& Tower with Radar,3,12,26,56,97,0,1,38,4,43,3,13,64,60,140,8,18,26,166
07/13/2022,MLU,LA,ASW,CE,Combined TRACON& Tower with Radar,3,14,23,42,82,0,0,36,8,44,3,14,59,50,126,12,26,38,164
07/14/2022,MLU,LA,ASW,CE,Combined TRACON& Tower with Radar,5,10,13,23,51,0,0,14,7,21,5,10,27,30,72,10,8,18,90
07/15/2022,MLU,LA,ASW,CE,Combined TRACON& Tower with Radar,5,11,21,10,47,0,1,16,7,24,5,12,37,17,71,6,0,6,77
07/16/2022,MLU,LA,ASW,CE,Combined TRACON& Tower with Radar,3,5,8,3,19,0,1,18,2,21,3,6,26,5,40,8,0,8,48
07/17/2022,MLU,LA,ASW,CE,Combined TRACON& Tower with Radar,3,8,9,3,23,0,1,18,4,23,3,9,27,7,46,0,0,0,46
07/18/2022,MLU,LA,ASW,CE,Combined TRACON& Tower with Radar,4,13,25,57,99,0,0,24,7,31,4,13,49,64,130,14,18,32,162
07/19/2022,MLU,LA,ASW,CE,Combined TRACON& Tower with Radar,4,16,26,27,73,0,0,29,6,35,4,16,55,33,108,70,2,72,180
07/20/2022,MLU,LA,ASW,CE,Combined TRACON& Tower with Radar,3,13,27,43,86,0,2,41,10,53,3,15,68,53,139,28,18,46,185
07/21/2022,MLU,LA,ASW,CE,Combined TRACON& Tower with Radar,3,11,29,30,73,0,1,29,6,36,3,12,58,36,109,34,0,34,143
07/22/2022,MLU,LA,ASW,CE,Combined TRACON& Tower with Radar,3,10,11,25,49,0,1,17,3,21,3,11,28,28,70,36,0,36,106
07/23/2022,MLU,LA,ASW,CE,Combined TRACON& Tower with Radar,3,6,12,4,25,0,5,11,5,21,3,11,23,9,46,12,0,12,58
07/24/2022,MLU,LA,ASW,CE,Combined TRACON& Tower with Radar,3,11,12,3,29,0,0,18,1,19,3,11,30,4,48,34,8,42,90
07/25/2022,MLU,LA,ASW,CE,Combined TRACON& Tower with Radar,3,11,26,41,81,0,2,37,9,48,3,13,63,50,129,26,26,52,181
07/26/2022,MLU,LA,ASW,CE,Combined TRACON& Tower with Radar,3,12,15,64,94,0,0,20,6,26,3,12,35,70,120,2,18,20,140
07/27/2022,MLU,LA,ASW,CE,Combined TRACON& Tower with Radar,4,10,18,65,97,0,0,22,4,26,4,10,40,69,123,46,6,52,175
07/28/2022,MLU,LA,ASW,CE,Combined TRACON& Tower with Radar,4,14,25,5,48,0,2,20,7,29,4,16,45,12,77,62,0,62,139
07/29/2022,MLU,LA,ASW,CE,Combined TRACON& Tower with Radar,4,10,8,0,22,0,0,10,0,10,4,10,18,0,32,0,0,0,32
07/30/2022,MLU,LA,ASW,CE,Combined TRACON& Tower with Radar,3,9,6,0,18,0,0,3,0,3,3,9,9,0,21,10,0,10,31
07/31/2022,MLU,LA,ASW,CE,Combined TRACON& Tower with Radar,3,10,27,0,40,0,1,11,0,12,3,11,38,0,52,12,10,22,74
08/01/2022,MLU,LA,ASW,CE,Combined TRACON& Tower with Radar,3,9,18,45,75,0,1,24,9,34,3,10,42,54,109,36,0,36,145
08/02/2022,MLU,LA,ASW,CE,Combined TRACON& Tower with Radar,5,9,14,38,66,0,3,21,6,30,5,12,35,44,96,16,10,26,122
08/03/2022,MLU,LA,ASW,CE,Combined TRACON& Tower with Radar,4,11,15,13,43,0,0,0,0,0,4,11,15,13,43,0,0,0,43
08/04/2022,MLU,LA,ASW,CE,Combined TRACON& Tower with Radar,1,13,26,8,48,0,0,12,1,13,1,13,38,9,61,0,0,0,61
08/05/2022,MLU,LA,ASW,CE,Combined TRACON& Tower with Radar,1,14,26,7,48,0,3,12,0,15,1,17,38,7,63,16,0,16,79
08/06/2022,MLU,LA,ASW,CE,Combined TRACON& Tower with Radar,1,9,9,0,19,0,1,18,4,23,1,10,27,4,42,30,0,30,72
08/07/2022,MLU,LA,ASW,CE,Combined TRACON& Tower with Radar,1,11,9,12,33,0,0,9,0,9,1,11,18,12,42,6,0,6,48
08/08/2022,MLU,LA,ASW,CE,Combined TRACON& Tower with Radar,1,10,14,26,51,0,1,28,13,42,1,11,42,39,93,42,10,52,145
08/09/2022,MLU,LA,ASW,CE,Combined TRACON& Tower with Radar,1,16,11,7,35,0,0,6,3,9,1,16,17,10,44,24,16,40,84
08/10/2022,MLU,LA,ASW,CE,Combined TRACON& Tower with Radar,1,10,32,0,43,0,0,6,1,7,1,10,38,1,50,2,0,2,52
08/11/2022,MLU,LA,ASW,CE,Combined TRACON& Tower with Radar,0,16,22,32,70,0,0,10,1,11,0,16,32,33,81,8,16,24,105
08/12/2022,MLU,LA,ASW,CE,Combined TRACON& Tower with Radar,1,12,9,10,32,0,0,5,0,5,1,12,14,10,37,20,0,20,57
08/13/2022,MLU,LA,ASW,CE,Combined TRACON& Tower with Radar,1,8,11,0,20,0,1,16,0,17,1,9,27,0,37,32,0,32,69
08/14/2022,MLU,LA,ASW,CE,Combined TRACON& Tower with Radar,1,12,13,15,41,0,1,15,1,17,1,13,28,16,58,6,0,6,64
08/15/2022,MLU,LA,ASW,CE,Combined TRACON& Tower with Radar,1,13,22,21,57,0,1,29,5,35,1,14,51,26,92,42,0,42,134
08/16/2022,MLU,LA,ASW,CE,Combined TRACON& Tower with Radar,3,13,31,31,78,0,2,16,4,22,3,15,47,35,100,16,8,24,124
08/17/2022,MLU,LA,ASW,CE,Combined TRACON& Tower with Radar,3,15,25,50,93,0,1,14,0,15,3,16,39,50,108,8,38,46,154
08/18/2022,MLU,LA,ASW,CE,Combined TRACON& Tower with Radar,4,8,9,0,21,0,0,6,0,6,4,8,15,0,27,0,0,0,27
08/19/2022,MLU,LA,ASW,CE,Combined TRACON& Tower with Radar,3,17,21,17,58,0,1,4,0,5,3,18,25,17,63,0,0,0,63
08/20/2022,MLU,LA,ASW,CE,Combined TRACON& Tower with Radar,3,9,8,0,20,0,0,13,0,13,3,9,21,0,33,36,0,36,69
08/21/2022,MLU,LA,ASW,CE,Combined TRACON& Tower with Radar,3,10,7,0,20,0,0,1,0,1,3,10,8,0,21,0,0,0,21
08/22/2022,MLU,LA,ASW,CE,Combined TRACON& Tower with Radar,3,6,8,0,17,0,0,0,0,0,3,6,8,0,17,0,0,0,17
08/23/2022,MLU,LA,ASW,CE,Combined TRACON& Tower with Radar,5,13,5,0,23,0,0,0,0,0,5,13,5,0,23,0,0,0,23
08/24/2022,MLU,LA,ASW,CE,Combined TRACON& Tower with Radar,5,9,15,4,33,0,0,0,0,0,5,9,15,4,33,0,0,0,33
08/25/2022,MLU,LA,ASW,CE,Combined TRACON& Tower with Radar,3,12,9,2,26,0,0,0,1,1,3,12,9,3,27,0,10,10,37
08/26/2022,MLU,LA,ASW,CE,Combined TRACON& Tower with Radar,3,10,15,2,30,0,2,9,0,11,3,12,24,2,41,2,0,2,43
08/27/2022,MLU,LA,ASW,CE,Combined TRACON& Tower with Radar,3,7,7,0,17,0,0,5,0,5,3,7,12,0,22,10,0,10,32
08/28/2022,MLU,LA,ASW,CE,Combined TRACON& Tower with Radar,3,8,12,0,23,0,0,11,0,11,3,8,23,0,34,4,0,4,38
08/29/2022,MLU,LA,ASW,CE,Combined TRACON& Tower with Radar,3,11,20,18,52,0,0,15,0,15,3,11,35,18,67,12,0,12,79
08/30/2022,MLU,LA,ASW,CE,Combined TRACON& Tower with Radar,3,13,11,13,40,0,1,10,5,16,3,14,21,18,56,44,0,44,100
08/31/2022,MLU,LA,ASW,CE,Combined TRACON& Tower with Radar,5,13,15,25,58,0,2,19,14,35,5,15,34,39,93,38,0,38,131
09/01/2022,MLU,LA,ASW,CE,Combined TRACON& Tower with Radar,3,14,24,5,46,0,1,17,0,18,3,15,41,5,64,28,0,28,92
09/02/2022,MLU,LA,ASW,CE,Combined TRACON& Tower with Radar,4,15,13,0,32,0,0,16,2,18,4,15,29,2,50,64,0,64,114
09/03/2022,MLU,LA,ASW,CE,Combined TRACON& Tower with Radar,1,13,16,3,33,0,0,9,2,11,1,13,25,5,44,2,0,2,46
09/04/2022,MLU,LA,ASW,CE,Combined TRACON& Tower with Radar,0,6,12,2,20,0,1,2,2,5,0,7,14,4,25,0,0,0,25
09/05/2022,MLU,LA,ASW,CE,Combined TRACON& Tower with Radar,3,11,26,0,40,0,0,10,0,10,3,11,36,0,50,8,0,8,58
09/06/2022,MLU,LA,ASW,CE,Combined TRACON& Tower with Radar,3,8,19,27,57,0,2,20,1,23,3,10,39,28,80,46,10,56,136
09/07/2022,MLU,LA,ASW,CE,Combined TRACON& Tower with Radar,6,10,23,6,45,0,1,13,5,19,6,11,36,11,64,32,0,32,96
09/08/2022,MLU,LA,ASW,CE,Combined TRACON& Tower with Radar,7,7,14,2,30,0,5,24,0,29,7,12,38,2,59,76,0,76,135
09/09/2022,MLU,LA,ASW,CE,Combined TRACON& Tower with Radar,7,5,15,29,56,0,0,24,6,30,7,5,39,35,86,36,8,44,130
09/10/2022,MLU,LA,ASW,CE,Combined TRACON& Tower with Radar,6,3,8,2,19,0,0,2,3,5,6,3,10,5,24,2,0,2,26
09/11/2022,MLU,LA,ASW,CE,Combined TRACON& Tower with Radar,5,6,14,0,25,0,1,6,0,7,5,7,20,0,32,2,0,2,34
09/12/2022,MLU,LA,ASW,CE,Combined TRACON& Tower with Radar,5,6,26,11,48,0,1,25,2,28,5,7,51,13,76,46,0,46,122
09/13/2022,MLU,LA,ASW,CE,Combined TRACON& Tower with Radar,5,9,15,30,59,0,1,12,2,15,5,10,27,32,74,76,12,88,162
09/14/2022,MLU,LA,ASW,CE,Combined TRACON& Tower with Radar,5,10,26,33,74,0,1,28,3,32,5,11,54,36,106,74,14,88,194
09/15/2022,MLU,LA,ASW,CE,Combined TRACON& Tower with Radar,5,8,32,9,54,0,5,34,2,41,5,13,66,11,95,54,6,60,155
09/16/2022,MLU,LA,ASW,CE,Combined TRACON& Tower with Radar,8,9,20,30,67,0,1,16,3,20,8,10,36,33,87,20,14,34,121
09/17/2022,MLU,LA,ASW,CE,Combined TRACON& Tower with Radar,6,5,12,0,23,0,0,29,0,29,6,5,41,0,52,20,0,20,72
09/18/2022,MLU,LA,ASW,CE,Combined TRACON& Tower with Radar,5,6,23,6,40,0,3,14,0,17,5,9,37,6,57,2,0,2,59
09/19/2022,MLU,LA,ASW,CE,Combined TRACON& Tower with Radar,5,8,20,25,58,0,1,20,3,24,5,9,40,28,82,16,44,60,142
09/20/2022,MLU,LA,ASW,CE,Combined TRACON& Tower with Radar,9,5,13,42,69,0,0,12,17,29,9,5,25,59,98,8,24,32,130
09/21/2022,MLU,LA,ASW,CE,Combined TRACON& Tower with Radar,7,8,20,39,74,0,0,23,2,25,7,8,43,41,99,30,8,38,137
09/22/2022,MLU,LA,ASW,CE,Combined TRACON& Tower with Radar,8,10,26,17,61,0,0,26,3,29,8,10,52,20,90,24,6,30,120
09/23/2022,MLU,LA,ASW,CE,Combined TRACON& Tower with Radar,6,12,16,25,59,0,3,34,2,39,6,15,50,27,98,30,22,52,150
09/24/2022,MLU,LA,ASW,CE,Combined TRACON& Tower with Radar,5,6,18,0,29,0,1,16,0,17,5,7,34,0,46,12,0,12,58
09/25/2022,MLU,LA,ASW,CE,Combined TRACON& Tower with Radar,6,7,11,0,24,0,1,10,0,11,6,8,21,0,35,0,0,0,35
09/26/2022,MLU,LA,ASW,CE,Combined TRACON& Tower with Radar,5,7,18,15,45,0,3,28,1,32,5,10,46,16,77,38,22,60,137
09/27/2022,MLU,LA,ASW,CE,Combined TRACON& Tower with Radar,4,10,19,43,76,0,0,21,4,25,4,10,40,47,101,28,8,36,137
09/28/2022,MLU,LA,ASW,CE,Combined TRACON& Tower with Radar,5,9,15,72,101,0,3,23,9,35,5,12,38,81,136,24,30,54,190
09/29/2022,MLU,LA,ASW,CE,Combined TRACON& Tower with Radar,7,7,16,14,44,0,3,24,4,31,7,10,40,18,75,64,0,64,139
09/30/2022,MLU,LA,ASW,CE,Combined TRACON& Tower with Radar,5,11,15,8,39,0,0,25,0,25,5,11,40,8,64,48,4,52,116
10/01/2022,MLU,LA,ASW,CE,Combined TRACON& Tower with Radar,6,7,15,0,28,0,3,24,0,27,6,10,39,0,55,52,0,52,107
10/02/2022,MLU,LA,ASW,CE,Combined TRACON& Tower with Radar,6,7,15,0,28,0,1,14,0,15,6,8,29,0,43,4,0,4,47
10/03/2022,MLU,LA,ASW,CE,Combined TRACON& Tower with Radar,6,8,19,0,33,0,1,28,0,29,6,9,47,0,62,16,0,16,78
10/04/2022,MLU,LA,ASW,CE,Combined TRACON& Tower with Radar,5,9,15,2,31,0,1,17,3,21,5,10,32,5,52,28,0,28,80
10/05/2022,MLU,LA,ASW,CE,Combined TRACON& Tower with Radar,5,7,21,6,39,0,2,44,2,48,5,9,65,8,87,60,14,74,161
10/06/2022,MLU,LA,ASW,CE,Combined TRACON& Tower with Radar,5,13,14,8,40,0,0,21,3,24,5,13,35,11,64,30,0,30,94
10/07/2022,MLU,LA,ASW,CE,Combined TRACON& Tower with Radar,9,9,20,18,56,0,2,15,9,26,9,11,35,27,82,64,40,104,186
10/08/2022,MLU,LA,ASW,CE,Combined TRACON& Tower with Radar,7,9,16,0,32,0,2,17,0,19,7,11,33,0,51,16,0,16,67
10/09/2022,MLU,LA,ASW,CE,Combined TRACON& Tower with Radar,5,9,22,0,36,0,1,21,0,22,5,10,43,0,58,18,0,18,76
10/10/2022,MLU,LA,ASW,CE,Combined TRACON& Tower with Radar,6,5,20,2,33,0,0,17,1,18,6,5,37,3,51,12,0,12,63
10/11/2022,MLU,LA,ASW,CE,Combined TRACON& Tower with Radar,9,4,25,4,42,0,2,33,4,39,9,6,58,8,81,26,0,26,107
10/12/2022,MLU,LA,ASW,CE,Combined TRACON& Tower with Radar,7,6,38,45,96,0,0,27,5,32,7,6,65,50,128,48,40,88,216
10/13/2022,MLU,LA,ASW,CE,Combined TRACON& Tower with Radar,9,8,23,43,83,0,7,13,9,29,9,15,36,52,112,40,32,72,184
10/14/2022,MLU,LA,ASW,CE,Combined TRACON& Tower with Radar,5,7,21,9,42,0,0,21,3,24,5,7,42,12,66,14,10,24,90
10/15/2022,MLU,LA,ASW,CE,Combined TRACON& Tower with Radar,5,4,14,0,23,0,0,13,0,13,5,4,27,0,36,8,0,8,44
10/16/2022,MLU,LA,ASW,CE,Combined TRACON& Tower with Radar,7,10,17,0,34,0,0,6,0,6,7,10,23,0,40,10,0,10,50
10/17/2022,MLU,LA,ASW,CE,Combined TRACON& Tower with Radar,9,5,34,4,52,0,0,12,0,12,9,5,46,4,64,14,4,18,82
10/18/2022,MLU,LA,ASW,CE,Combined TRACON& Tower with Radar,5,13,17,13,48,0,1,27,3,31,5,14,44,16,79,22,8,30,109
10/19/2022,MLU,LA,ASW,CE,Combined TRACON& Tower with Radar,5,11,22,24,62,0,0,33,3,36,5,11,55,27,98,86,6,92,190
10/20/2022,MLU,LA,ASW,CE,Combined TRACON& Tower with Radar,6,11,16,34,67,0,1,25,14,40,6,12,41,48,107,40,4,44,151
10/21/2022,MLU,LA,ASW,CE,Combined TRACON& Tower with Radar,6,9,28,8,51,0,0,21,5,26,6,9,49,13,77,48,0,48,125
10/22/2022,MLU,LA,ASW,CE,Combined TRACON& Tower with Radar,6,4,14,0,24,0,1,21,0,22,6,5,35,0,46,4,0,4,50
10/23/2022,MLU,LA,ASW,CE,Combined TRACON& Tower with Radar,6,6,23,14,49,0,0,17,0,17,6,6,40,14,66,0,8,8,74
10/24/2022,MLU,LA,ASW,CE,Combined TRACON& Tower with Radar,3,7,21,47,78,0,0,16,5,21,3,7,37,52,99,0,26,26,125
10/25/2022,MLU,LA,ASW,CE,Combined TRACON& Tower with Radar,5,8,14,7,34,0,0,8,2,10,5,8,22,9,44,0,12,12,56
10/26/2022,MLU,LA,ASW,CE,Combined TRACON& Tower with Radar,5,13,10,23,51,0,1,23,7,31,5,14,33,30,82,8,4,12,94
10/27/2022,MLU,LA,ASW,CE,Combined TRACON& Tower with Radar,7,11,23,8,49,0,1,24,4,29,7,12,47,12,78,42,32,74,152
10/28/2022,MLU,LA,ASW,CE,Combined TRACON& Tower with Radar,5,11,12,32,60,0,0,18,5,23,5,11,30,37,83,64,6,70,153
10/29/2022,MLU,LA,ASW,CE,Combined TRACON& Tower with Radar,4,6,12,0,22,0,1,3,0,4,4,7,15,0,26,0,0,0,26
10/30/2022,MLU,LA,ASW,CE,Combined TRACON& Tower with Radar,5,10,23,0,38,0,3,3,0,6,5,13,26,0,44,0,0,0,44
10/31/2022,MLU,LA,ASW,CE,Combined TRACON& Tower with Radar,4,6,15,25,50,0,2,17,3,22,4,8,32,28,72,2,2,4,76
11/01/2022,MLU,LA,ASW,CE,Combined TRACON& Tower with Radar,5,9,29,22,65,0,0,22,5,27,5,9,51,27,92,68,30,98,190
11/02/2022,MLU,LA,ASW,CE,Combined TRACON& Tower with Radar,5,10,31,37,83,0,0,24,11,35,5,10,55,48,118,70,8,78,196
11/03/2022,MLU,LA,ASW,CE,Combined TRACON& Tower with Radar,5,11,21,26,63,0,0,21,3,24,5,11,42,29,87,36,18,54,141
11/04/2022,MLU,LA,ASW,CE,Combined TRACON& Tower with Radar,8,8,17,7,40,0,0,5,1,6,8,8,22,8,46,0,0,0,46
11/05/2022,MLU,LA,ASW,CE,Combined TRACON& Tower with Radar,8,5,15,3,31,0,0,13,6,19,8,5,28,9,50,0,0,0,50
11/06/2022,MLU,LA,ASW,CE,Combined TRACON& Tower with Radar,5,4,13,0,22,0,1,3,1,5,5,5,16,1,27,8,0,8,35
11/07/2022,MLU,LA,ASW,CE,Combined TRACON& Tower with Radar,5,6,12,11,34,0,0,4,0,4,5,6,16,11,38,34,6,40,78
11/08/2022,MLU,LA,ASW,CE,Combined TRACON& Tower with Radar,9,4,17,0,30,0,1,6,4,11,9,5,23,4,41,0,0,0,41
11/09/2022,MLU,LA,ASW,CE,Combined TRACON& Tower with Radar,4,9,25,4,42,0,2,21,4,27,4,11,46,8,69,60,0,60,129
11/10/2022,MLU,LA,ASW,CE,Combined TRACON& Tower with Radar,5,10,20,2,37,0,4,27,0,31,5,14,47,2,68,0,0,0,68
11/11/2022,MLU,LA,ASW,CE,Combined TRACON& Tower with Radar,8,6,19,0,33,0,0,16,0,16,8,6,35,0,49,26,0,26,75
11/12/2022,MLU,LA,ASW,CE,Combined TRACON& Tower with Radar,9,6,7,0,22,0,0,6,0,6,9,6,13,0,28,6,0,6,34
11/13/2022,MLU,LA,ASW,CE,Combined TRACON& Tower with Radar,5,10,23,0,38,0,2,16,0,18,5,12,39,0,56,2,0,2,58
11/14/2022,MLU,LA,ASW,CE,Combined TRACON& Tower with Radar,5,7,15,0,27,0,0,9,0,9,5,7,24,0,36,24,0,24,60
11/15/2022,MLU,LA,ASW,CE,Combined TRACON& Tower with Radar,4,15,8,2,29,0,0,6,2,8,4,15,14,4,37,2,0,2,39
11/16/2022,MLU,LA,ASW,CE,Combined TRACON& Tower with Radar,5,10,29,11,55,0,1,15,2,18,5,11,44,13,73,38,12,50,123
11/17/2022,MLU,LA,ASW,CE,Combined TRACON& Tower with Radar,6,13,24,2,45,0,2,23,0,25,6,15,47,2,70,38,0,38,108
11/18/2022,MLU,LA,ASW,CE,Combined TRACON& Tower with Radar,6,8,24,0,38,0,2,34,0,36,6,10,58,0,74,22,0,22,96
11/19/2022,MLU,LA,ASW,CE,Combined TRACON& Tower with Radar,5,5,7,0,17,0,2,18,0,20,5,7,25,0,37,24,0,24,61
11/20/2022,MLU,LA,ASW,CE,Combined TRACON& Tower with Radar,6,9,21,0,36,0,0,27,0,27,6,9,48,0,63,30,0,30,93
11/21/2022,MLU,LA,ASW,CE,Combined TRACON& Tower with Radar,5,8,14,1,28,0,3,22,0,25,5,11,36,1,53,78,2,80,133
11/22/2022,MLU,LA,ASW,CE,Combined TRACON& Tower with Radar,5,9,19,2,35,0,2,24,1,27,5,11,43,3,62,30,0,30,92
11/23/2022,MLU,LA,ASW,CE,Combined TRACON& Tower with Radar,5,10,11,1,27,0,0,15,0,15,5,10,26,1,42,6,0,6,48
11/24/2022,MLU,LA,ASW,CE,Combined TRACON& Tower with Radar,4,4,4,1,13,0,0,1,0,1,4,4,5,1,14,6,0,6,20
11/25/2022,MLU,LA,ASW,CE,Combined TRACON& Tower with Radar,6,7,5,0,18,0,0,0,0,0,6,7,5,0,18,0,0,0,18
11/26/2022,MLU,LA,ASW,CE,Combined TRACON& Tower with Radar,7,4,3,0,14,0,0,0,0,0,7,4,3,0,14,0,0,0,14
11/27/2022,MLU,LA,ASW,CE,Combined TRACON& Tower with Radar,7,9,20,0,36,0,2,14,0,16,7,11,34,0,52,8,0,8,60
11/28/2022,MLU,LA,ASW,CE,Combined TRACON& Tower with Radar,5,7,28,1,41,0,0,24,0,24,5,7,52,1,65,22,0,22,87
11/29/2022,MLU,LA,ASW,CE,Combined TRACON& Tower with Radar,5,7,7,0,19,0,0,1,0,1,5,7,8,0,20,0,0,0,20
11/30/2022,MLU,LA,ASW,CE,Combined TRACON& Tower with Radar,5,6,35,4,50,0,1,14,3,18,5,7,49,7,68,28,0,28,96
12/01/2022,MLU,LA,ASW,CE,Combined TRACON& Tower with Radar,5,7,14,0,26,0,0,24,0,24,5,7,38,0,50,56,0,56,106
12/02/2022,MLU,LA,ASW,CE,Combined TRACON& Tower with Radar,5,10,10,11,36,0,0,14,7,21,5,10,24,18,57,18,14,32,89
12/03/2022,MLU,LA,ASW,CE,Combined TRACON& Tower with Radar,5,7,14,1,27,0,0,3,2,5,5,7,17,3,32,22,0,22,54
12/04/2022,MLU,LA,ASW,CE,Combined TRACON& Tower with Radar,5,4,17,2,28,0,1,4,0,5,5,5,21,2,33,10,0,10,43
12/05/2022,MLU,LA,ASW,CE,Combined TRACON& Tower with Radar,5,4,13,0,22,0,0,2,0,2,5,4,15,0,24,0,0,0,24
12/06/2022,MLU,LA,ASW,CE,Combined TRACON& Tower with Radar,6,9,23,10,48,0,0,8,3,11,6,9,31,13,59,0,0,0,59
12/07/2022,MLU,LA,ASW,CE,Combined TRACON& Tower with Radar,8,5,10,10,33,0,1,14,0,15,8,6,24,10,48,62,0,62,110
12/08/2022,MLU,LA,ASW,CE,Combined TRACON& Tower with Radar,6,9,16,2,33,0,0,7,0,7,6,9,23,2,40,6,0,6,46
12/09/2022,MLU,LA,ASW,CE,Combined TRACON& Tower with Radar,6,6,19,12,43,0,0,4,2,6,6,6,23,14,49,18,0,18,67
12/10/2022,MLU,LA,ASW,CE,Combined TRACON& Tower with Radar,3,4,14,0,21,0,0,14,0,14,3,4,28,0,35,26,0,26,61
12/11/2022,MLU,LA,ASW,CE,Combined TRACON& Tower with Radar,7,4,11,0,22,0,0,0,0,0,7,4,11,0,22,0,0,0,22
12/12/2022,MLU,LA,ASW,CE,Combined TRACON& Tower with Radar,4,8,11,0,23,0,0,2,0,2,4,8,13,0,25,0,0,0,25
12/13/2022,MLU,LA,ASW,CE,Combined TRACON& Tower with Radar,2,9,11,0,22,0,0,3,0,3,2,9,14,0,25,0,0,0,25
12/14/2022,MLU,LA,ASW,CE,Combined TRACON& Tower with Radar,6,8,13,0,27,0,1,11,0,12,6,9,24,0,39,6,0,6,45
12/15/2022,MLU,LA,ASW,CE,Combined TRACON& Tower with Radar,5,9,23,14,51,0,0,38,2,40,5,9,61,16,91,108,2,110,201
12/16/2022,MLU,LA,ASW,CE,Combined TRACON& Tower with Radar,6,8,15,2,31,0,1,11,0,12,6,9,26,2,43,36,0,36,79
12/17/2022,MLU,LA,ASW,CE,Combined TRACON& Tower with Radar,5,5,16,0,26,0,1,23,0,24,5,6,39,0,50,42,0,42,92
12/18/2022,MLU,LA,ASW,CE,Combined TRACON& Tower with Radar,5,10,15,0,30,0,0,14,0,14,5,10,29,0,44,0,0,0,44
12/19/2022,MLU,LA,ASW,CE,Combined TRACON& Tower with Radar,6,8,6,0,20,0,0,1,0,1,6,8,7,0,21,0,0,0,21
12/20/2022,MLU,LA,ASW,CE,Combined TRACON& Tower with Radar,8,5,7,0,20,0,0,1,0,1,8,5,8,0,21,0,0,0,21
12/21/2022,MLU,LA,ASW,CE,Combined TRACON& Tower with Radar,5,9,18,1,33,0,0,1,0,1,5,9,19,1,34,22,0,22,56
12/22/2022,MLU,LA,ASW,CE,Combined TRACON& Tower with Radar,5,6,14,0,25,0,0,0,0,0,5,6,14,0,25,0,0,0,25
12/23/2022,MLU,LA,ASW,CE,Combined TRACON& Tower with Radar,5,6,6,0,17,0,2,10,0,12,5,8,16,0,29,0,0,0,29
12/24/2022,MLU,LA,ASW,CE,Combined TRACON& Tower with Radar,4,4,7,0,15,0,0,7,0,7,4,4,14,0,22,40,0,40,62
12/25/2022,MLU,LA,ASW,CE,Combined TRACON& Tower with Radar,4,2,1,0,7,0,0,2,0,2,4,2,3,0,9,0,0,0,9
12/26/2022,MLU,LA,ASW,CE,Combined TRACON& Tower with Radar,6,4,26,0,36,0,2,15,0,17,6,6,41,0,53,16,0,16,69
12/27/2022,MLU,LA,ASW,CE,Combined TRACON& Tower with Radar,6,7,19,0,32,0,0,17,0,17,6,7,36,0,49,38,0,38,87
12/28/2022,MLU,LA,ASW,CE,Combined TRACON& Tower with Radar,5,10,24,2,41,0,4,14,0,18,5,14,38,2,59,48,0,48,107
12/29/2022,MLU,LA,ASW,CE,Combined TRACON& Tower with Radar,5,6,7,0,18,0,0,2,0,2,5,6,9,0,20,0,0,0,20
12/30/2022,MLU,LA,ASW,CE,Combined TRACON& Tower with Radar,5,7,12,0,24,0,0,2,0,2,5,7,14,0,26,10,0,10,36
12/31/2022,MLU,LA,ASW,CE,Combined TRACON& Tower with Radar,9,4,5,0,18,0,0,4,0,4,9,4,9,0,22,0,0,0,22
01/01/2023,MLU,LA,ASW,CE,Combined TRACON& Tower with Radar,5,3,10,0,18,0,0,0,0,0,5,3,10,0,18,0,0,0,18
01/02/2023,MLU,LA,ASW,CE,Combined TRACON& Tower with Radar,7,4,8,0,19,0,0,1,0,1,7,4,9,0,20,0,0,0,20
01/03/2023,MLU,LA,ASW,CE,Combined TRACON& Tower with Radar,6,6,4,0,16,0,0,7,0,7,6,6,11,0,23,28,0,28,51
01/04/2023,MLU,LA,ASW,CE,Combined TRACON& Tower with Radar,5,6,19,5,35,0,2,18,2,22,5,8,37,7,57,48,12,60,117
01/05/2023,MLU,LA,ASW,CE,Combined TRACON& Tower with Radar,6,9,23,23,61,0,1,20,4,25,6,10,43,27,86,46,22,68,154
01/06/2023,MLU,LA,ASW,CE,Combined TRACON& Tower with Radar,5,7,21,13,46,0,0,30,5,35,5,7,51,18,81,18,22,40,121
01/07/2023,MLU,LA,ASW,CE,Combined TRACON& Tower with Radar,5,5,21,0,31,0,1,9,0,10,5,6,30,0,41,0,0,0,41
01/08/2023,MLU,LA,ASW,CE,Combined TRACON& Tower with Radar,6,4,14,0,24,0,1,9,0,10,6,5,23,0,34,16,0,16,50
01/09/2023,MLU,LA,ASW,CE,Combined TRACON& Tower with Radar,5,7,15,16,43,0,1,23,3,27,5,8,38,19,70,20,6,26,96
01/10/2023,MLU,LA,ASW,CE,Combined TRACON& Tower with Radar,6,6,29,7,48,0,0,12,0,12,6,6,41,7,60,10,0,10,70
01/11/2023,MLU,LA,ASW,CE,Combined TRACON& Tower with Radar,5,7,21,27,60,0,2,16,4,22,5,9,37,31,82,2,40,42,124
01/12/2023,MLU,LA,ASW,CE,Combined TRACON& Tower with Radar,5,7,18,0,30,0,0,8,2,10,5,7,26,2,40,10,0,10,50
01/13/2023,MLU,LA,ASW,CE,Combined TRACON& Tower with Radar,5,10,23,25,63,0,0,42,3,45,5,10,65,28,108,16,54,70,178
01/14/2023,MLU,LA,ASW,CE,Combined TRACON& Tower with Radar,4,6,12,7,29,0,3,34,0,37,4,9,46,7,66,26,0,26,92
01/15/2023,MLU,LA,ASW,CE,Combined TRACON& Tower with Radar,3,6,14,8,31,0,1,12,0,13,3,7,26,8,44,0,16,16,60
01/16/2023,MLU,LA,ASW,CE,Combined TRACON& Tower with Radar,4,10,13,0,27,0,0,5,0,5,4,10,18,0,32,8,0,8,40
01/17/2023,MLU,LA,ASW,CE,Combined TRACON& Tower with Radar,5,13,22,12,52,0,0,13,1,14,5,13,35,13,66,46,0,46,112
01/18/2023,MLU,LA,ASW,CE,Combined TRACON& Tower with Radar,5,6,8,0,19,0,2,1,0,3,5,8,9,0,22,0,0,0,22
01/19/2023,MLU,LA,ASW,CE,Combined TRACON& Tower with Radar,5,9,24,23,61,0,2,51,9,62,5,11,75,32,123,60,10,70,193
01/20/2023,MLU,LA,ASW,CE,Combined TRACON& Tower with Radar,6,7,14,37,64,0,2,23,8,33,6,9,37,45,97,94,32,126,223
01/21/2023,MLU,LA,ASW,CE,Combined TRACON& Tower with Radar,5,8,23,0,36,0,0,12,0,12,5,8,35,0,48,40,0,40,88
01/22/2023,MLU,LA,ASW,CE,Combined TRACON& Tower with Radar,5,4,17,19,45,0,1,18,0,19,5,5,35,19,64,2,2,4,68
01/23/2023,MLU,LA,ASW,CE,Combined TRACON& Tower with Radar,5,9,39,22,75,0,0,41,4,45,5,9,80,26,120,12,60,72,192
01/24/2023,MLU,LA,ASW,CE,Combined TRACON& Tower with Radar,5,9,3,0,17,0,0,1,1,2,5,9,4,1,19,0,0,0,19
01/25/2023,MLU,LA,ASW,CE,Combined TRACON& Tower with Radar,5,14,16,74,109,0,0,22,11,33,5,14,38,85,142,44,12,56,198
01/26/2023,MLU,LA,ASW,CE,Combined TRACON& Tower with Radar,6,12,32,15,65,0,0,33,8,41,6,12,65,23,106,36,24,60,166
01/27/2023,MLU,LA,ASW,CE,Combined TRACON& Tower with Radar,5,9,23,0,37,0,2,33,2,37,5,11,56,2,74,22,0,22,96
01/28/2023,MLU,LA,ASW,CE,Combined TRACON& Tower with Radar,5,4,9,0,18,0,0,4,0,4,5,4,13,0,22,8,0,8,30
01/29/2023,MLU,LA,ASW,CE,Combined TRACON& Tower with Radar,5,4,16,0,25,0,0,0,0,0,5,4,16,0,25,0,0,0,25
01/30/2023,MLU,LA,ASW,CE,Combined TRACON& Tower with Radar,3,7,10,0,20,0,0,0,0,0,3,7,10,0,20,0,0,0,20
01/31/2023,MLU,LA,ASW,CE,Combined TRACON& Tower with Radar,3,4,8,0,15,0,0,0,0,0,3,4,8,0,15,0,0,0,15
02/01/2023,MLU,LA,ASW,CE,Combined TRACON& Tower with Radar,2,5,4,0,11,0,0,0,0,0,2,5,4,0,11,0,0,0,11
02/02/2023,MLU,LA,ASW,CE,Combined TRACON& Tower with Radar,2,9,3,0,14,0,0,0,0,0,2,9,3,0,14,0,0,0,14
02/03/2023,MLU,LA,ASW,CE,Combined TRACON& Tower with Radar,5,10,22,3,40,0,0,35,6,41,5,10,57,9,81,14,0,14,95
02/04/2023,MLU,LA,ASW,CE,Combined TRACON& Tower with Radar,5,6,25,0,36,0,3,27,0,30,5,9,52,0,66,24,0,24,90
02/05/2023,MLU,LA,ASW,CE,Combined TRACON& Tower with Radar,5,5,22,0,32,0,0,22,0,22,5,5,44,0,54,0,0,0,54
02/06/2023,MLU,LA,ASW,CE,Combined TRACON& Tower with Radar,5,7,30,0,42,0,2,30,0,32,5,9,60,0,74,18,0,18,92
02/07/2023,MLU,LA,ASW,CE,Combined TRACON& Tower with Radar,5,9,24,12,50,0,1,44,4,49,5,10,68,16,99,30,0,30,129
02/08/2023,MLU,LA,ASW,CE,Combined TRACON& Tower with Radar,5,7,8,6,26,0,0,0,0,0,5,7,8,6,26,0,0,0,26
02/09/2023,MLU,LA,ASW,CE,Combined TRACON& Tower with Radar,8,5,28,13,54,0,1,52,14,67,8,6,80,27,121,64,22,86,207
02/10/2023,MLU,LA,ASW,CE,Combined TRACON& Tower with Radar,6,6,33,8,53,0,2,21,7,30,6,8,54,15,83,22,16,38,121
02/11/2023,MLU,LA,ASW,CE,Combined TRACON& Tower with Radar,5,3,6,0,14,0,1,8,0,9,5,4,14,0,23,30,0,30,53
02/12/2023,MLU,LA,ASW,CE,Combined TRACON& Tower with Radar,6,4,17,0,27,0,1,18,0,19,6,5,35,0,46,10,0,10,56
02/13/2023,MLU,LA,ASW,CE,Combined TRACON& Tower with Radar,5,6,18,38,67,0,0,33,5,38,5,6,51,43,105,32,28,60,165
02/14/2023,MLU,LA,ASW,CE,Combined TRACON& Tower with Radar,5,7,11,0,23,0,1,0,0,1,5,8,11,0,24,2,0,2,26
02/15/2023,MLU,LA,ASW,CE,Combined TRACON& Tower with Radar,5,7,13,14,39,0,2,4,0,6,5,9,17,14,45,24,0,24,69
02/16/2023,MLU,LA,ASW,CE,Combined TRACON& Tower with Radar,5,10,15,0,30,0,1,10,0,11,5,11,25,0,41,16,0,16,57
02/17/2023,MLU,LA,ASW,CE,Combined TRACON& Tower with Radar,6,9,14,11,40,0,0,13,3,16,6,9,27,14,56,6,16,22,78
02/18/2023,MLU,LA,ASW,CE,Combined TRACON& Tower with Radar,5,6,29,0,40,0,4,22,0,26,5,10,51,0,66,32,0,32,98
02/19/2023,MLU,LA,ASW,CE,Combined TRACON& Tower with Radar,5,8,24,0,37,0,2,16,0,18,5,10,40,0,55,8,0,8,63
02/20/2023,MLU,LA,ASW,CE,Combined TRACON& Tower with Radar,5,9,21,0,35,0,0,3,0,3,5,9,24,0,38,0,0,0,38
02/21/2023,MLU,LA,ASW,CE,Combined TRACON& Tower with Radar,5,9,21,8,43,0,2,14,2,18,5,11,35,10,61,4,8,12,73
02/22/2023,MLU,LA,ASW,CE,Combined TRACON& Tower with Radar,3,8,14,8,33,0,0,2,0,2,3,8,16,8,35,0,4,4,39
02/23/2023,MLU,LA,ASW,CE,Combined TRACON& Tower with Radar,5,6,36,15,62,0,0,16,5,21,5,6,52,20,83,8,10,18,101
02/24/2023,MLU,LA,ASW,CE,Combined TRACON& Tower with Radar,5,7,15,12,39,0,1,12,1,14,5,8,27,13,53,34,8,42,95
02/25/2023,MLU,LA,ASW,CE,Combined TRACON& Tower with Radar,5,4,14,0,23,0,1,2,0,3,5,5,16,0,26,40,0,40,66
02/26/2023,MLU,LA,ASW,CE,Combined TRACON& Tower with Radar,7,6,20,0,33,0,1,8,0,9,7,7,28,0,42,6,0,6,48
02/27/2023,MLU,LA,ASW,CE,Combined TRACON& Tower with Radar,5,8,15,18,46,0,0,14,1,15,5,8,29,19,61,4,24,28,89
02/28/2023,MLU,LA,ASW,CE,Combined TRACON& Tower with Radar,5,7,15,17,44,0,2,28,3,33,5,9,43,20,77,18,28,46,123
03/01/2023,MLU,LA,ASW,CE,Combined TRACON& Tower with Radar,5,8,23,13,49,0,1,14,2,17,5,9,37,15,66,10,20,30,96
03/02/2023,MLU,LA,ASW,CE,Combined TRACON& Tower with Radar,2,6,11,4,23,0,0,7,0,7,2,6,18,4,30,2,0,2,32
03/03/2023,MLU,LA,ASW,CE,Combined TRACON& Tower with Radar,5,5,20,2,32,0,0,12,0,12,5,5,32,2,44,0,0,0,44
03/04/2023,MLU,LA,ASW,CE,Combined TRACON& Tower with Radar,5,4,7,0,16,0,1,32,0,33,5,5,39,0,49,24,0,24,73
03/05/2023,MLU,LA,ASW,CE,Combined TRACON& Tower with Radar,7,9,26,0,42,0,0,26,0,26,7,9,52,0,68,2,0,2,70
03/06/2023,MLU,LA,ASW,CE,Combined TRACON& Tower with Radar,5,7,26,30,68,0,1,19,2,22,5,8,45,32,90,40,14,54,144
03/07/2023,MLU,LA,ASW,CE,Combined TRACON& Tower with Radar,5,9,22,22,58,0,3,18,0,21,5,12,40,22,79,36,0,36,115
03/08/2023,MLU,LA,ASW,CE,Combined TRACON& Tower with Radar,5,10,13,3,31,0,1,17,3,21,5,11,30,6,52,42,22,64,116
03/09/2023,MLU,LA,ASW,CE,Combined TRACON& Tower with Radar,5,7,31,18,61,0,0,14,2,16,5,7,45,20,77,68,52,120,197
03/10/2023,MLU,LA,ASW,CE,Combined TRACON& Tower with Radar,5,6,32,28,71,0,2,15,2,19,5,8,47,30,90,16,58,74,164
03/11/2023,MLU,LA,ASW,CE,Combined TRACON& Tower with Radar,6,4,24,0,34,0,0,9,0,9,6,4,33,0,43,0,0,0,43
03/12/2023,MLU,LA,ASW,CE,Combined TRACON& Tower with Radar,5,5,4,0,14,0,1,2,0,3,5,6,6,0,17,0,0,0,17
03/13/2023,MLU,LA,ASW,CE,Combined TRACON& Tower with Radar,6,6,20,28,60,0,0,34,13,47,6,6,54,41,107,60,88,148,255
03/14/2023,MLU,LA,ASW,CE,Combined TRACON& Tower with Radar,5,7,21,12,45,0,3,25,6,34,5,10,46,18,79,32,70,102,181
03/15/2023,MLU,LA,ASW,CE,Combined TRACON& Tower with Radar,5,7,28,4,44,0,2,41,1,44,5,9,69,5,88,130,0,130,218
03/16/2023,MLU,LA,ASW,CE,Combined TRACON& Tower with Radar,2,5,10,7,24,0,2,14,2,18,2,7,24,9,42,2,12,14,56
03/17/2023,MLU,LA,ASW,CE,Combined TRACON& Tower with Radar,4,7,23,16,50,0,1,18,0,19,4,8,41,16,69,18,0,18,87
03/18/2023,MLU,LA,ASW,CE,Combined TRACON& Tower with Radar,5,4,16,7,32,0,3,39,1,43,5,7,55,8,75,14,16,30,105
03/19/2023,MLU,LA,ASW,CE,Combined TRACON& Tower with Radar,5,7,13,1,26,0,0,22,2,24,5,7,35,3,50,6,6,12,62
03/20/2023,MLU,LA,ASW,CE,Combined TRACON& Tower with Radar,5,6,10,10,31,0,2,25,2,29,5,8,35,12,60,18,14,32,92
03/21/2023,MLU,LA,ASW,CE,Combined TRACON& Tower with Radar,4,8,12,9,33,0,1,14,4,19,4,9,26,13,52,0,4,4,56
03/22/2023,MLU,LA,ASW,CE,Combined TRACON& Tower with Radar,5,10,20,8,43,0,1,15,2,18,5,11,35,10,61,16,4,20,81
03/23/2023,MLU,LA,ASW,CE,Combined TRACON& Tower with Radar,5,9,31,12,57,0,1,19,3,23,5,10,50,15,80,46,0,46,126
03/24/2023,MLU,LA,ASW,CE,Combined TRACON& Tower with Radar,5,8,10,0,23,0,1,2,0,3,5,9,12,0,26,0,0,0,26
03/25/2023,MLU,LA,ASW,CE,Combined TRACON& Tower with Radar,5,8,8,0,21,0,0,26,0,26,5,8,34,0,47,34,0,34,81
03/26/2023,MLU,LA,ASW,CE,Combined TRACON& Tower with Radar,5,10,7,2,24,0,0,9,2,11,5,10,16,4,35,10,0,10,45
03/27/2023,MLU,LA,ASW,CE,Combined TRACON& Tower with Radar,5,8,25,15,53,0,0,26,5,31,5,8,51,20,84,16,20,36,120
03/28/2023,MLU,LA,ASW,CE,Combined TRACON& Tower with Radar,5,10,8,23,46,0,1,10,10,21,5,11,18,33,67,0,12,12,79
03/29/2023,MLU,LA,ASW,CE,Combined TRACON& Tower with Radar,5,6,21,41,73,0,6,44,4,54,5,12,65,45,127,46,22,68,195
03/30/2023,MLU,LA,ASW,CE,Combined TRACON& Tower with Radar,5,6,27,21,59,0,1,24,11,36,5,7,51,32,95,56,2,58,153
03/31/2023,MLU,LA,ASW,CE,Combined TRACON& Tower with Radar,5,7,16,0,28,0,0,3,0,3,5,7,19,0,31,0,0,0,31
04/01/2023,MLU,LA,ASW,CE,Combined TRACON& Tower with Radar,6,6,20,0,32,0,5,20,0,25,6,11,40,0,57,8,2,10,67
04/02/2023,MLU,LA,ASW,CE,Combined TRACON& Tower with Radar,4,3,22,0,29,0,1,9,0,10,4,4,31,0,39,8,0,8,47
04/03/2023,MLU,LA,ASW,CE,Combined TRACON& Tower with Radar,7,1,28,51,87,0,3,19,3,25,7,4,47,54,112,2,22,24,136
04/04/2023,MLU,LA,ASW,CE,Combined TRACON& Tower with Radar,9,2,21,33,65,0,4,15,4,23,9,6,36,37,88,0,18,18,106
04/05/2023,MLU,LA,ASW,CE,Combined TRACON& Tower with Radar,9,3,10,6,28,0,2,5,1,8,9,5,15,7,36,0,6,6,42
04/06/2023,MLU,LA,ASW,CE,Combined TRACON& Tower with Radar,9,5,4,0,18,0,0,0,0,0,9,5,4,0,18,0,0,0,18
04/07/2023,MLU,LA,ASW,CE,Combined TRACON& Tower with Radar,9,4,4,0,17,0,0,0,0,0,9,4,4,0,17,0,0,0,17
04/08/2023,MLU,LA,ASW,CE,Combined TRACON& Tower with Radar,10,4,11,0,25,0,0,4,0,4,10,4,15,0,29,2,0,2,31
04/09/2023,MLU,LA,ASW,CE,Combined TRACON& Tower with Radar,7,0,7,0,14,0,2,6,0,8,7,2,13,0,22,0,0,0,22
04/10/2023,MLU,LA,ASW,CE,Combined TRACON& Tower with Radar,9,8,24,12,53,0,2,38,4,44,9,10,62,16,97,58,10,68,165
04/11/2023,MLU,LA,ASW,CE,Combined TRACON& Tower with Radar,9,2,21,7,39,0,2,29,7,38,9,4,50,14,77,34,12,46,123
04/12/2023,MLU,LA,ASW,CE,Combined TRACON& Tower with Radar,9,2,13,8,32,0,2,28,2,32,9,4,41,10,64,54,2,56,120
04/13/2023,MLU,LA,ASW,CE,Combined TRACON& Tower with Radar,9,6,22,7,44,0,1,20,5,26,9,7,42,12,70,54,6,60,130
04/14/2023,MLU,LA,ASW,CE,Combined TRACON& Tower with Radar,9,4,16,31,60,0,2,42,18,62,9,6,58,49,122,46,26,72,194
04/15/2023,MLU,LA,ASW,CE,Combined TRACON& Tower with Radar,9,2,12,0,23,0,1,5,2,8,9,3,17,2,31,4,0,4,35
04/16/2023,MLU,LA,ASW,CE,Combined TRACON& Tower with Radar,8,0,6,4,18,0,6,8,0,14,8,6,14,4,32,0,0,0,32
04/17/2023,MLU,LA,ASW,CE,Combined TRACON& Tower with Radar,9,1,21,25,56,0,2,39,5,46,9,3,60,30,102,80,4,84,186
04/18/2023,MLU,LA,ASW,CE,Combined TRACON& Tower with Radar,9,3,32,48,92,0,2,33,5,40,9,5,65,53,132,84,34,118,250
04/19/2023,MLU,LA,ASW,CE,Combined TRACON& Tower with Radar,9,5,23,22,59,0,3,24,1,28,9,8,47,23,87,108,14,122,209
04/20/2023,MLU,LA,ASW,CE,Combined TRACON& Tower with Radar,7,3,20,28,58,0,0,8,1,9,7,3,28,29,67,6,0,6,73
04/21/2023,MLU,LA,ASW,CE,Combined TRACON& Tower with Radar,8,1,18,0,27,0,0,1,0,1,8,1,19,0,28,0,0,0,28
04/22/2023,MLU,LA,ASW,CE,Combined TRACON& Tower with Radar,9,4,28,1,42,0,3,39,1,43,9,7,67,2,85,40,6,46,131
04/23/2023,MLU,LA,ASW,CE,Combined TRACON& Tower with Radar,9,0,17,0,26,0,3,11,0,14,9,3,28,0,40,0,0,0,40
04/24/2023,MLU,LA,ASW,CE,Combined TRACON& Tower with Radar,9,6,17,5,37,0,2,19,1,22,9,8,36,6,59,26,6,32,91
04/25/2023,MLU,LA,ASW,CE,Combined TRACON& Tower with Radar,9,3,19,5,36,0,2,28,4,34,9,5,47,9,70,60,0,60,130
04/26/2023,MLU,LA,ASW,CE,Combined TRACON& Tower with Radar,9,5,17,8,39,0,0,9,0,9,9,5,26,8,48,28,8,36,84
04/27/2023,MLU,LA,ASW,CE,Combined TRACON& Tower with Radar,9,4,20,41,74,0,0,11,6,17,9,4,31,47,91,42,24,66,157
04/28/2023,MLU,LA,ASW,CE,Combined TRACON& Tower with Radar,9,6,14,35,64,0,0,25,0,25,9,6,39,35,89,80,4,84,173
04/29/2023,MLU,LA,ASW,CE,Combined TRACON& Tower with Radar,8,0,4,0,12,0,0,2,0,2,8,0,6,0,14,0,0,0,14
04/30/2023,MLU,LA,ASW,CE,Combined TRACON& Tower with Radar,9,0,23,5,37,0,2,32,3,37,9,2,55,8,74,8,8,16,90
05/01/2023,MLU,LA,ASW,CE,Combined TRACON& Tower with Radar,11,4,6,17,38,0,0,30,5,35,11,4,36,22,73,82,18,100,173
05/02/2023,MLU,LA,ASW,CE,Combined TRACON& Tower with Radar,9,6,15,32,62,0,0,19,5,24,9,6,34,37,86,48,18,66,152
05/03/2023,MLU,LA,ASW,CE,Combined TRACON& Tower with Radar,8,0,6,27,41,0,3,28,5,36,8,3,34,32,77,60,8,68,145
05/04/2023,MLU,LA,ASW,CE,Combined TRACON& Tower with Radar,9,3,8,11,31,0,0,43,5,48,9,3,51,16,79,66,26,92,171
05/05/2023,MLU,LA,ASW,CE,Combined TRACON& Tower with Radar,8,2,5,0,15,0,3,9,7,19,8,5,14,7,34,0,0,0,34
05/06/2023,MLU,LA,ASW,CE,Combined TRACON& Tower with Radar,9,0,6,2,17,0,1,17,14,32,9,1,23,16,49,2,24,26,75
05/07/2023,MLU,LA,ASW,CE,Combined TRACON& Tower with Radar,9,0,10,0,19,0,0,14,6,20,9,0,24,6,39,0,0,0,39
05/08/2023,MLU,LA,ASW,CE,Combined TRACON& Tower with Radar,9,3,19,15,46,0,0,12,2,14,9,3,31,17,60,38,2,40,100
05/09/2023,MLU,LA,ASW,CE,Combined TRACON& Tower with Radar,9,4,25,10,48,0,0,6,2,8,9,4,31,12,56,20,6,26,82
05/10/2023,MLU,LA,ASW,CE,Combined TRACON& Tower with Radar,9,2,19,2,32,0,0,1,0,1,9,2,20,2,33,0,4,4,37
05/11/2023,MLU,LA,ASW,CE,Combined TRACON& Tower with Radar,9,5,16,0,30,0,0,0,0,0,9,5,16,0,30,0,0,0,30
05/12/2023,MLU,LA,ASW,CE,Combined TRACON& Tower with Radar,9,4,25,16,54,0,0,8,7,15,9,4,33,23,69,26,0,26,95
05/13/2023,MLU,LA,ASW,CE,Combined TRACON& Tower with Radar,9,1,9,0,19,0,2,9,0,11,9,3,18,0,30,0,0,0,30
05/14/2023,MLU,LA,ASW,CE,Combined TRACON& Tower with Radar,8,4,10,1,23,0,0,0,3,3,8,4,10,4,26,6,2,8,34
05/15/2023,MLU,LA,ASW,CE,Combined TRACON& Tower with Radar,9,6,16,22,53,0,0,26,15,41,9,6,42,37,94,96,28,124,218
05/16/2023,MLU,LA,ASW,CE,Combined TRACON& Tower with Radar,9,3,15,41,68,0,4,26,14,44,9,7,41,55,112,48,48,96,208
05/17/2023,MLU,LA,ASW,CE,Combined TRACON& Tower with Radar,9,3,17,3,32,0,1,16,3,20,9,4,33,6,52,84,6,90,142
05/18/2023,MLU,LA,ASW,CE,Combined TRACON& Tower with Radar,9,2,22,22,55,0,0,21,3,24,9,2,43,25,79,84,64,148,227
05/19/2023,MLU,LA,ASW,CE,Combined TRACON& Tower with Radar,7,2,33,9,51,0,2,21,2,25,7,4,54,11,76,76,20,96,172
05/20/2023,MLU,LA,ASW,CE,Combined TRACON& Tower with Radar,9,3,6,0,18,0,0,5,0,5,9,3,11,0,23,6,0,6,29
05/21/2023,MLU,LA,ASW,CE,Combined TRACON& Tower with Radar,9,2,15,0,26,0,6,21,6,33,9,8,36,6,59,40,0,40,99
05/22/2023,MLU,LA,ASW,CE,Combined TRACON& Tower with Radar,9,1,17,2,29,0,0,22,2,24,9,1,39,4,53,56,22,78,131
05/23/2023,MLU,LA,ASW,CE,Combined TRACON& Tower with Radar,9,4,24,15,52,0,0,15,5,20,9,4,39,20,72,48,32,80,152
05/24/2023,MLU,LA,ASW,CE,Combined TRACON& Tower with Radar,9,6,24,25,64,0,3,19,8,30,9,9,43,33,94,22,80,102,196
05/25/2023,MLU,LA,ASW,CE,Combined TRACON& Tower with Radar,9,6,11,18,44,0,2,17,0,19,9,8,28,18,63,102,34,136,199
05/26/2023,MLU,LA,ASW,CE,Combined TRACON& Tower with Radar,9,5,13,0,27,0,0,19,0,19,9,5,32,0,46,68,0,68,114
05/27/2023,MLU,LA,ASW,CE,Combined TRACON& Tower with Radar,10,4,14,0,28,0,3,13,0,16,10,7,27,0,44,0,0,0,44
05/28/2023,MLU,LA,ASW,CE,Combined TRACON& Tower with Radar,10,5,7,0,22,0,1,19,0,20,10,6,26,0,42,4,0,4,46
05/29/2023,MLU,LA,ASW,CE,Combined TRACON& Tower with Radar,9,2,6,2,19,0,2,11,0,13,9,4,17,2,32,40,2,42,74
05/30/2023,MLU,LA,ASW,CE,Combined TRACON& Tower with Radar,9,0,14,19,42,0,1,25,3,29,9,1,39,22,71,60,12,72,143
05/31/2023,MLU,LA,ASW,CE,Combined TRACON& Tower with Radar,9,2,21,24,56,0,1,11,1,13,9,3,32,25,69,36,30,66,135
06/01/2023,MLU,LA,ASW,CE,Combined TRACON& Tower with Radar,9,8,12,6,35,0,3,24,4,31,9,11,36,10,66,88,34,122,188
06/02/2023,MLU,LA,ASW,CE,Combined TRACON& Tower with Radar,9,4,22,17,52,0,3,30,3,36,9,7,52,20,88,78,26,104,192
06/03/2023,MLU,LA,ASW,CE,Combined TRACON& Tower with Radar,9,3,10,6,28,0,0,25,10,35,9,3,35,16,63,8,26,34,97
06/04/2023,MLU,LA,ASW,CE,Combined TRACON& Tower with Radar,9,3,12,10,34,0,0,14,0,14,9,3,26,10,48,12,10,22,70
06/05/2023,MLU,LA,ASW,CE,Combined TRACON& Tower with Radar,10,0,9,3,22,0,0,15,0,15,10,0,24,3,37,24,0,24,61
06/06/2023,MLU,LA,ASW,CE,Combined TRACON& Tower with Radar,7,3,20,10,40,0,2,14,6,22,7,5,34,16,62,16,32,48,110
06/07/2023,MLU,LA,ASW,CE,Combined TRACON& Tower with Radar,9,4,16,2,31,0,6,7,1,14,9,10,23,3,45,22,0,22,67
06/08/2023,MLU,LA,ASW,CE,Combined TRACON& Tower with Radar,9,3,23,23,58,0,1,24,3,28,9,4,47,26,86,56,8,64,150
06/09/2023,MLU,LA,ASW,CE,Combined TRACON& Tower with Radar,9,5,9,2,25,0,1,15,0,16,9,6,24,2,41,30,0,30,71
06/10/2023,MLU,LA,ASW,CE,Combined TRACON& Tower with Radar,8,1,9,0,18,0,6,22,5,33,8,7,31,5,51,30,0,30,81
06/11/2023,MLU,LA,ASW,CE,Combined TRACON& Tower with Radar,9,1,20,0,30,0,1,11,0,12,9,2,31,0,42,8,0,8,50
06/12/2023,MLU,LA,ASW,CE,Combined TRACON& Tower with Radar,9,2,7,16,34,0,1,6,0,7,9,3,13,16,41,42,0,42,83
06/13/2023,MLU,LA,ASW,CE,Combined TRACON& Tower with Radar,7,3,9,0,19,0,0,1,0,1,7,3,10,0,20,0,0,0,20
06/14/2023,MLU,LA,ASW,CE,Combined TRACON& Tower with Radar,9,2,20,29,60,0,0,3,2,5,9,2,23,31,65,8,58,66,131
06/15/2023,MLU,LA,ASW,CE,Combined TRACON& Tower with Radar,9,3,18,20,50,0,1,8,0,9,9,4,26,20,59,20,2,22,81
06/16/2023,MLU,LA,ASW,CE,Combined TRACON& Tower with Radar,9,1,11,0,21,0,1,19,0,20,9,2,30,0,41,64,0,64,105
06/17/2023,MLU,LA,ASW,CE,Combined TRACON& Tower with Radar,9,1,14,0,24,0,2,20,0,22,9,3,34,0,46,22,0,22,68
06/18/2023,MLU,LA,ASW,CE,Combined TRACON& Tower with Radar,9,3,5,0,17,0,4,7,0,11,9,7,12,0,28,6,0,6,34
06/19/2023,MLU,LA,ASW,CE,Combined TRACON& Tower with Radar,9,5,19,6,39,0,1,26,2,29,9,6,45,8,68,76,0,76,144
06/20/2023,MLU,LA,ASW,CE,Combined TRACON& Tower with Radar,7,5,24,32,68,0,0,34,1,35,7,5,58,33,103,42,34,76,179
06/21/2023,MLU,LA,ASW,CE,Combined TRACON& Tower with Radar,9,2,13,43,67,0,1,38,8,47,9,3,51,51,114,40,28,68,182
06/22/2023,MLU,LA,ASW,CE,Combined TRACON& Tower with Radar,9,4,16,35,64,0,1,13,3,17,9,5,29,38,81,24,38,62,143
06/23/2023,MLU,LA,ASW,CE,Combined TRACON& Tower with Radar,9,0,28,52,89,0,5,40,5,50,9,5,68,57,139,30,14,44,183
06/24/2023,MLU,LA,ASW,CE,Combined TRACON& Tower with Radar,9,2,11,0,22,0,1,14,0,15,9,3,25,0,37,32,0,32,69
06/25/2023,MLU,LA,ASW,CE,Combined TRACON& Tower with Radar,9,8,12,0,29,0,2,13,0,15,9,10,25,0,44,0,0,0,44
06/26/2023,MLU,LA,ASW,CE,Combined TRACON& Tower with Radar,9,9,6,8,32,0,6,17,4,27,9,15,23,12,59,28,20,48,107
06/27/2023,MLU,LA,ASW,CE,Combined TRACON& Tower with Radar,7,9,18,20,54,0,0,16,0,16,7,9,34,20,70,6,0,6,76
06/28/2023,MLU,LA,ASW,CE,Combined TRACON& Tower with Radar,9,2,31,36,78,0,4,28,7,39,9,6,59,43,117,48,28,76,193
06/29/2023,MLU,LA,ASW,CE,Combined TRACON& Tower with Radar,9,4,24,10,47,0,5,45,1,51,9,9,69,11,98,52,4,56,154
06/30/2023,MLU,LA,ASW,CE,Combined TRACON& Tower with Radar,11,3,22,0,36,0,3,26,0,29,11,6,48,0,65,32,0,32,97
07/01/2023,MLU,LA,ASW,CE,Combined TRACON& Tower with Radar,9,4,11,0,24,0,8,18,0,26,9,12,29,0,50,56,0,56,106
07/02/2023,MLU,LA,ASW,CE,Combined TRACON& Tower with Radar,9,0,19,0,28,0,1,8,0,9,9,1,27,0,37,0,0,0,37
07/03/2023,MLU,LA,ASW,CE,Combined TRACON& Tower with Radar,8,0,11,0,19,0,0,9,0,9,8,0,20,0,28,4,0,4,32
07/04/2023,MLU,LA,ASW,CE,Combined TRACON& Tower with Radar,7,0,3,0,10,0,0,16,0,16,7,0,19,0,26,28,0,28,54
07/05/2023,MLU,LA,ASW,CE,Combined TRACON& Tower with Radar,7,0,15,16,38,0,2,7,2,11,7,2,22,18,49,0,70,70,119
07/06/2023,MLU,LA,ASW,CE,Combined TRACON& Tower with Radar,9,1,12,29,51,0,1,19,7,27,9,2,31,36,78,18,50,68,146
07/07/2023,MLU,LA,ASW,CE,Combined TRACON& Tower with Radar,9,3,13,8,33,0,0,12,0,12,9,3,25,8,45,52,0,52,97
07/08/2023,MLU,LA,ASW,CE,Combined TRACON& Tower with Radar,9,0,25,5,39,0,2,16,0,18,9,2,41,5,57,4,0,4,61
07/09/2023,MLU,LA,ASW,CE,Combined TRACON& Tower with Radar,9,2,13,2,26,0,0,4,2,6,9,2,17,4,32,0,6,6,38
07/10/2023,MLU,LA,ASW,CE,Combined TRACON& Tower with Radar,10,2,25,16,53,0,0,12,0,12,10,2,37,16,65,82,0,82,147
07/11/2023,MLU,LA,ASW,CE,Combined TRACON& Tower with Radar,9,1,24,0,34,0,0,8,0,8,9,1,32,0,42,12,0,12,54
07/12/2023,MLU,LA,ASW,CE,Combined TRACON& Tower with Radar,9,1,16,2,28,0,1,5,2,8,9,2,21,4,36,10,2,12,48
07/13/2023,MLU,LA,ASW,CE,Combined TRACON& Tower with Radar,11,4,11,20,46,0,1,9,0,10,11,5,20,20,56,20,18,38,94
07/14/2023,MLU,LA,ASW,CE,Combined TRACON& Tower with Radar,11,3,4,42,60,0,0,19,5,24,11,3,23,47,84,72,54,126,210
07/15/2023,MLU,LA,ASW,CE,Combined TRACON& Tower with Radar,11,1,9,0,21,0,4,27,3,34,11,5,36,3,55,29,28,57,112
07/16/2023,MLU,LA,ASW,CE,Combined TRACON& Tower with Radar,10,5,8,8,31,0,0,20,1,21,10,5,28,9,52,6,0,6,58
07/17/2023,MLU,LA,ASW,CE,Combined TRACON& Tower with Radar,11,2,13,32,58,0,0,28,5,33,11,2,41,37,91,0,28,28,119
07/18/2023,MLU,LA,ASW,CE,Combined TRACON& Tower with Radar,9,3,23,29,64,0,1,15,7,23,9,4,38,36,87,4,4,8,95
07/19/2023,MLU,LA,ASW,CE,Combined TRACON& Tower with Radar,7,4,33,33,77,0,9,25,5,39,7,13,58,38,116,20,44,64,180
07/20/2023,MLU,LA,ASW,CE,Combined TRACON& Tower with Radar,11,2,14,20,47,0,2,40,6,48,11,4,54,26,95,100,34,134,229
07/21/2023,MLU,LA,ASW,CE,Combined TRACON& Tower with Radar,11,4,13,21,49,0,2,7,5,14,11,6,20,26,63,0,36,36,99
07/22/2023,MLU,LA,ASW,CE,Combined TRACON& Tower with Radar,11,0,10,0,21,0,1,11,0,12,11,1,21,0,33,8,0,8,41
07/23/2023,MLU,LA,ASW,CE,Combined TRACON& Tower with Radar,11,5,12,0,28,0,7,13,0,20,11,12,25,0,48,10,0,10,58
07/24/2023,MLU,LA,ASW,CE,Combined TRACON& Tower with Radar,11,1,16,35,63,0,0,21,8,29,11,1,37,43,92,38,38,76,168
07/25/2023,MLU,LA,ASW,CE,Combined TRACON& Tower with Radar,9,3,24,23,59,0,1,23,5,29,9,4,47,28,88,4,18,22,110
07/26/2023,MLU,LA,ASW,CE,Combined TRACON& Tower with Radar,9,2,26,12,49,0,1,30,2,33,9,3,56,14,82,10,0,10,92
07/27/2023,MLU,LA,ASW,CE,Combined TRACON& Tower with Radar,11,3,23,10,47,0,0,34,3,37,11,3,57,13,84,20,2,22,106
07/28/2023,MLU,LA,ASW,CE,Combined TRACON& Tower with Radar,11,1,15,8,35,0,1,20,1,22,11,2,35,9,57,32,20,52,109
07/29/2023,MLU,LA,ASW,CE,Combined TRACON& Tower with Radar,11,1,6,0,18,0,1,23,0,24,11,2,29,0,42,22,0,22,64
07/30/2023,MLU,LA,ASW,CE,Combined TRACON& Tower with Radar,11,2,20,0,33,0,10,19,0,29,11,12,39,0,62,12,0,12,74
07/31/2023,MLU,LA,ASW,CE,Combined TRACON& Tower with Radar,10,0,16,6,32,0,0,11,0,11,10,0,27,6,43,24,8,32,75
08/01/2023,MLU,LA,ASW,CE,Combined TRACON& Tower with Radar,7,0,18,9,34,0,0,15,5,20,7,0,33,14,54,8,6,14,68
08/02/2023,MLU,LA,ASW,CE,Combined TRACON& Tower with Radar,7,1,18,8,34,0,0,26,7,33,7,1,44,15,67,8,10,18,85
08/03/2023,MLU,LA,ASW,CE,Combined TRACON& Tower with Radar,9,0,14,17,40,0,2,14,8,24,9,2,28,25,64,8,66,74,138
08/04/2023,MLU,LA,ASW,CE,Combined TRACON& Tower with Radar,9,2,15,4,30,0,2,20,1,23,9,4,35,5,53,34,0,34,87
08/05/2023,MLU,LA,ASW,CE,Combined TRACON& Tower with Radar,9,2,10,9,30,0,5,18,3,26,9,7,28,12,56,24,6,30,86
08/06/2023,MLU,LA,ASW,CE,Combined TRACON& Tower with Radar,7,0,10,4,21,0,4,11,0,15,7,4,21,4,36,0,0,0,36
08/07/2023,MLU,LA,ASW,CE,Combined TRACON& Tower with Radar,8,2,17,15,42,0,3,13,0,16,8,5,30,15,58,50,28,78,136
08/08/2023,MLU,LA,ASW,CE,Combined TRACON& Tower with Radar,12,1,14,16,43,0,1,12,4,17,12,2,26,20,60,0,10,10,70
08/09/2023,MLU,LA,ASW,CE,Combined TRACON& Tower with Radar,9,1,29,33,72,0,2,22,5,29,9,3,51,38,101,24,42,66,167
08/10/2023,MLU,LA,ASW,CE,Combined TRACON& Tower with Radar,9,3,15,9,36,0,5,17,6,28,9,8,32,15,64,0,4,4,68
08/11/2023,MLU,LA,ASW,CE,Combined TRACON& Tower with Radar,9,2,15,36,62,0,1,18,5,24,9,3,33,41,86,18,6,24,110
08/12/2023,MLU,LA,ASW,CE,Combined TRACON& Tower with Radar,9,0,8,3,20,0,0,15,7,22,9,0,23,10,42,2,12,14,56
08/13/2023,MLU,LA,ASW,CE,Combined TRACON& Tower with Radar,9,5,10,5,29,0,2,12,0,14,9,7,22,5,43,6,2,8,51
08/14/2023,MLU,LA,ASW,CE,Combined TRACON& Tower with Radar,9,1,18,23,51,0,3,28,6,37,9,4,46,29,88,51,60,111,199
08/15/2023,MLU,LA,ASW,CE,Combined TRACON& Tower with Radar,9,1,23,7,40,0,1,13,5,19,9,2,36,12,59,32,0,32,91
08/16/2023,MLU,LA,ASW,CE,Combined TRACON& Tower with Radar,9,1,17,11,38,0,7,21,7,35,9,8,38,18,73,10,18,28,101
08/17/2023,MLU,LA,ASW,CE,Combined TRACON& Tower with Radar,9,1,22,6,38,0,3,23,3,29,9,4,45,9,67,6,28,34,101
08/18/2023,MLU,LA,ASW,CE,Combined TRACON& Tower with Radar,9,0,19,50,78,0,2,31,5,38,9,2,50,55,116,20,42,62,178
08/19/2023,MLU,LA,ASW,CE,Combined TRACON& Tower with Radar,10,0,6,0,16,0,4,27,1,32,10,4,33,1,48,14,0,14,62
08/20/2023,MLU,LA,ASW,CE,Combined TRACON& Tower with Radar,9,2,10,2,23,0,1,19,2,22,9,3,29,4,45,10,0,10,55
08/21/2023,MLU,LA,ASW,CE,Combined TRACON& Tower with Radar,9,1,17,14,41,0,2,13,6,21,9,3,30,20,62,0,40,40,102
08/22/2023,MLU,LA,ASW,CE,Combined TRACON& Tower with Radar,9,6,13,20,48,0,1,15,2,18,9,7,28,22,66,16,20,36,102
08/23/2023,MLU,LA,ASW,CE,Combined TRACON& Tower with Radar,10,7,13,8,38,0,0,10,0,10,10,7,23,8,48,26,6,32,80
08/24/2023,MLU,LA,ASW,CE,Combined TRACON& Tower with Radar,9,4,16,27,56,0,4,22,4,30,9,8,38,31,86,16,28,44,130
08/25/2023,MLU,LA,ASW,CE,Combined TRACON& Tower with Radar,9,3,10,2,24,0,2,6,0,8,9,5,16,2,32,8,0,8,40
08/26/2023,MLU,LA,ASW,CE,Combined TRACON& Tower with Radar,10,1,18,3,32,0,1,17,0,18,10,2,35,3,50,0,0,0,50
08/27/2023,MLU,LA,ASW,CE,Combined TRACON& Tower with Radar,9,3,12,0,24,0,4,12,0,16,9,7,24,0,40,6,0,6,46
08/28/2023,MLU,LA,ASW,CE,Combined TRACON& Tower with Radar,9,2,28,50,89,0,2,22,4,28,9,4,50,54,117,2,24,26,143
08/29/2023,MLU,LA,ASW,CE,Combined TRACON& Tower with Radar,9,8,28,47,92,0,0,25,9,34,9,8,53,56,126,12,54,66,192
08/30/2023,MLU,LA,ASW,CE,Combined TRACON& Tower with Radar,9,2,17,28,56,0,1,33,5,39,9,3,50,33,95,0,20,20,115
08/31/2023,MLU,LA,ASW,CE,Combined TRACON& Tower with Radar,11,9,20,22,62,0,5,38,5,48,11,14,58,27,110,14,20,34,144
01/01/2020,MLU,LA,ASW,CE,Combined TRACON& Tower with Radar,0,14,17,0,31,0,1,13,0,14,0,15,30,0,45,19,0,19,64
01/02/2020,MLU,LA,ASW,CE,Combined TRACON& Tower with Radar,0,26,26,0,52,0,0,0,0,0,0,26,26,0,52,12,0,12,64
01/03/2020,MLU,LA,ASW,CE,Combined TRACON& Tower with Radar,0,20,11,7,38,0,0,5,3,8,0,20,16,10,46,0,0,0,46
01/04/2020,MLU,LA,ASW,CE,Combined TRACON& Tower with Radar,0,14,13,0,27,0,0,31,0,31,0,14,44,0,58,20,0,20,78
01/05/2020,MLU,LA,ASW,CE,Combined TRACON& Tower with Radar,0,18,15,0,33,0,0,15,0,15,0,18,30,0,48,14,0,14,62
01/06/2020,MLU,LA,ASW,CE,Combined TRACON& Tower with Radar,0,23,34,9,66,0,0,40,0,40,0,23,74,9,106,130,0,130,236
01/07/2020,MLU,LA,ASW,CE,Combined TRACON& Tower with Radar,2,21,19,31,73,0,1,48,0,49,2,22,67,31,122,36,14,50,172
01/08/2020,MLU,LA,ASW,CE,Combined TRACON& Tower with Radar,1,19,37,27,84,0,1,51,1,53,1,20,88,28,137,56,4,60,197
01/09/2020,MLU,LA,ASW,CE,Combined TRACON& Tower with Radar,4,19,28,10,61,0,0,20,2,22,4,19,48,12,83,4,0,4,87
01/10/2020,MLU,LA,ASW,CE,Combined TRACON& Tower with Radar,3,18,9,0,30,0,0,2,1,3,3,18,11,1,33,0,0,0,33
01/11/2020,MLU,LA,ASW,CE,Combined TRACON& Tower with Radar,2,12,5,0,19,0,0,0,0,0,2,12,5,0,19,0,0,0,19
01/12/2020,MLU,LA,ASW,CE,Combined TRACON& Tower with Radar,4,12,22,0,38,0,0,8,0,8,4,12,30,0,46,0,0,0,46
01/13/2020,MLU,LA,ASW,CE,Combined TRACON& Tower with Radar,5,15,20,21,61,0,0,25,0,25,5,15,45,21,86,12,2,14,100
01/14/2020,MLU,LA,ASW,CE,Combined TRACON& Tower with Radar,2,14,8,0,24,0,0,0,0,0,2,14,8,0,24,0,0,0,24
01/15/2020,MLU,LA,ASW,CE,Combined TRACON& Tower with Radar,2,21,26,18,67,0,2,1,3,6,2,23,27,21,73,6,0,6,79
01/16/2020,MLU,LA,ASW,CE,Combined TRACON& Tower with Radar,4,18,13,4,39,0,0,0,0,0,4,18,13,4,39,0,0,0,39
01/17/2020,MLU,LA,ASW,CE,Combined TRACON& Tower with Radar,4,19,19,9,51,0,0,6,1,7,4,19,25,10,58,8,0,8,66
01/18/2020,MLU,LA,ASW,CE,Combined TRACON& Tower with Radar,2,13,6,0,21,0,0,6,0,6,2,13,12,0,27,0,0,0,27
01/19/2020,MLU,LA,ASW,CE,Combined TRACON& Tower with Radar,4,9,21,0,34,0,0,35,0,35,4,9,56,0,69,2,0,2,71
01/20/2020,MLU,LA,ASW,CE,Combined TRACON& Tower with Radar,4,17,19,6,46,0,1,44,0,45,4,18,63,6,91,42,0,42,133
01/21/2020,MLU,LA,ASW,CE,Combined TRACON& Tower with Radar,4,16,35,29,84,0,0,53,5,58,4,16,88,34,142,54,8,62,204
01/22/2020,MLU,LA,ASW,CE,Combined TRACON& Tower with Radar,2,23,11,0,36,0,0,6,0,6,2,23,17,0,42,0,0,0,42
01/23/2020,MLU,LA,ASW,CE,Combined TRACON& Tower with Radar,4,17,18,0,39,0,0,0,0,0,4,17,18,0,39,0,0,0,39
01/24/2020,MLU,LA,ASW,CE,Combined TRACON& Tower with Radar,4,16,38,54,112,0,0,34,7,41,4,16,72,61,153,4,30,34,187
01/25/2020,MLU,LA,ASW,CE,Combined TRACON& Tower with Radar,2,10,15,1,28,0,1,43,5,49,2,11,58,6,77,10,0,10,87
01/26/2020,MLU,LA,ASW,CE,Combined TRACON& Tower with Radar,4,12,14,6,36,0,0,0,1,1,4,12,14,7,37,10,0,10,47
01/27/2020,MLU,LA,ASW,CE,Combined TRACON& Tower with Radar,6,16,33,17,72,0,0,3,2,5,6,16,36,19,77,10,2,12,89
01/28/2020,MLU,LA,ASW,CE,Combined TRACON& Tower with Radar,4,17,22,1,44,0,0,2,0,2,4,17,24,1,46,0,0,0,46
01/29/2020,MLU,LA,ASW,CE,Combined TRACON& Tower with Radar,2,20,27,21,70,0,0,6,0,6,2,20,33,21,76,20,6,26,102
01/30/2020,MLU,LA,ASW,CE,Combined TRACON& Tower with Radar,4,23,22,9,58,0,0,2,0,2,4,23,24,9,60,0,0,0,60
01/31/2020,MLU,LA,ASW,CE,Combined TRACON& Tower with Radar,4,18,22,15,59,0,0,4,0,4,4,18,26,15,63,19,0,19,82
02/01/2020,MLU,LA,ASW,CE,Combined TRACON& Tower with Radar,2,13,19,6,40,0,0,39,5,44,2,13,58,11,84,4,18,22,106
02/02/2020,MLU,LA,ASW,CE,Combined TRACON& Tower with Radar,4,8,15,13,40,0,0,34,5,39,4,8,49,18,79,32,8,40,119
02/03/2020,MLU,LA,ASW,CE,Combined TRACON& Tower with Radar,4,16,26,10,56,0,2,13,2,17,4,18,39,12,73,16,2,18,91
02/04/2020,MLU,LA,ASW,CE,Combined TRACON& Tower with Radar,4,18,38,1,61,0,0,3,0,3,4,18,41,1,64,8,0,8,72
02/05/2020,MLU,LA,ASW,CE,Combined TRACON& Tower with Radar,2,26,8,0,36,0,0,0,0,0,2,26,8,0,36,0,0,0,36
02/06/2020,MLU,LA,ASW,CE,Combined TRACON& Tower with Radar,4,18,20,2,44,0,0,2,2,4,4,18,22,4,48,0,0,0,48
02/07/2020,MLU,LA,ASW,CE,Combined TRACON& Tower with Radar,3,20,37,34,94,0,0,41,8,49,3,20,78,42,143,30,8,38,181
02/08/2020,MLU,LA,ASW,CE,Combined TRACON& Tower with Radar,2,10,21,11,44,0,1,40,1,42,2,11,61,12,86,34,0,34,120
02/09/2020,MLU,LA,ASW,CE,Combined TRACON& Tower with Radar,3,12,14,23,52,0,0,17,0,17,3,12,31,23,69,12,0,12,81
02/10/2020,MLU,LA,ASW,CE,Combined TRACON& Tower with Radar,3,14,8,0,25,0,0,0,0,0,3,14,8,0,25,0,0,0,25
02/11/2020,MLU,LA,ASW,CE,Combined TRACON& Tower with Radar,4,17,14,0,35,0,0,0,0,0,4,17,14,0,35,0,0,0,35
02/12/2020,MLU,LA,ASW,CE,Combined TRACON& Tower with Radar,2,17,14,0,33,0,0,0,0,0,2,17,14,0,33,0,0,0,33
02/13/2020,MLU,LA,ASW,CE,Combined TRACON& Tower with Radar,4,19,44,33,100,0,0,32,4,36,4,19,76,37,136,16,20,36,172
02/14/2020,MLU,LA,ASW,CE,Combined TRACON& Tower with Radar,4,17,20,28,69,0,1,34,10,45,4,18,54,38,114,12,0,12,126
02/15/2020,MLU,LA,ASW,CE,Combined TRACON& Tower with Radar,4,8,26,0,38,0,1,47,0,48,4,9,73,0,86,20,0,20,106
02/16/2020,MLU,LA,ASW,CE,Combined TRACON& Tower with Radar,4,10,15,8,37,0,0,0,0,0,4,10,15,8,37,0,0,0,37
02/17/2020,MLU,LA,ASW,CE,Combined TRACON& Tower with Radar,4,16,22,0,42,0,0,3,0,3,4,16,25,0,45,0,0,0,45
02/18/2020,MLU,LA,ASW,CE,Combined TRACON& Tower with Radar,4,16,16,0,36,0,0,0,0,0,4,16,16,0,36,0,0,0,36
02/19/2020,MLU,LA,ASW,CE,Combined TRACON& Tower with Radar,4,15,22,0,41,0,0,0,0,0,4,15,22,0,41,0,0,0,41
02/20/2020,MLU,LA,ASW,CE,Combined TRACON& Tower with Radar,4,15,18,6,43,0,0,1,0,1,4,15,19,6,44,2,0,2,46
02/21/2020,MLU,LA,ASW,CE,Combined TRACON& Tower with Radar,4,19,39,24,86,0,1,58,5,64,4,20,97,29,150,14,8,22,172
02/22/2020,MLU,LA,ASW,CE,Combined TRACON& Tower with Radar,4,9,18,13,44,0,0,42,4,46,4,9,60,17,90,18,4,22,112
02/23/2020,MLU,LA,ASW,CE,Combined TRACON& Tower with Radar,3,16,9,0,28,0,1,12,0,13,3,17,21,0,41,0,0,0,41
02/24/2020,MLU,LA,ASW,CE,Combined TRACON& Tower with Radar,4,15,9,6,34,0,0,1,0,1,4,15,10,6,35,0,0,0,35
02/25/2020,MLU,LA,ASW,CE,Combined TRACON& Tower with Radar,4,15,24,41,84,0,0,26,7,33,4,15,50,48,117,26,20,46,163
02/26/2020,MLU,LA,ASW,CE,Combined TRACON& Tower with Radar,4,12,37,4,57,0,0,13,2,15,4,12,50,6,72,2,0,2,74
02/27/2020,MLU,LA,ASW,CE,Combined TRACON& Tower with Radar,4,18,37,37,96,0,2,35,13,50,4,20,72,50,146,80,0,80,226
02/28/2020,MLU,LA,ASW,CE,Combined TRACON& Tower with Radar,4,17,16,20,57,0,0,34,1,35,4,17,50,21,92,10,0,10,102
02/29/2020,MLU,LA,ASW,CE,Combined TRACON& Tower with Radar,4,10,21,12,47,0,0,40,1,41,4,10,61,13,88,38,0,38,126
03/01/2020,MLU,LA,ASW,CE,Combined TRACON& Tower with Radar,3,14,15,0,32,0,0,5,0,5,3,14,20,0,37,0,0,0,37
03/02/2020,MLU,LA,ASW,CE,Combined TRACON& Tower with Radar,4,16,27,3,50,0,0,9,0,9,4,16,36,3,59,0,0,0,59
03/03/2020,MLU,LA,ASW,CE,Combined TRACON& Tower with Radar,4,16,19,1,40,0,0,6,0,6,4,16,25,1,46,2,0,2,48
03/04/2020,MLU,LA,ASW,CE,Combined TRACON& Tower with Radar,4,16,5,0,25,0,0,0,0,0,4,16,5,0,25,0,0,0,25
03/05/2020,MLU,LA,ASW,CE,Combined TRACON& Tower with Radar,4,19,33,27,83,0,1,21,11,33,4,20,54,38,116,2,12,14,130
03/06/2020,MLU,LA,ASW,CE,Combined TRACON& Tower with Radar,4,19,27,10,60,0,0,41,8,49,4,19,68,18,109,14,0,14,123
03/07/2020,MLU,LA,ASW,CE,Combined TRACON& Tower with Radar,4,6,21,8,39,0,1,27,4,32,4,7,48,12,71,18,0,18,89
03/08/2020,MLU,LA,ASW,CE,Combined TRACON& Tower with Radar,4,14,13,1,32,0,1,17,2,20,4,15,30,3,52,14,0,14,66
03/09/2020,MLU,LA,ASW,CE,Combined TRACON& Tower with Radar,4,15,27,13,59,0,0,5,0,5,4,15,32,13,64,0,0,0,64
03/10/2020,MLU,LA,ASW,CE,Combined TRACON& Tower with Radar,4,14,22,28,68,0,0,12,2,14,4,14,34,30,82,0,0,0,82
03/11/2020,MLU,LA,ASW,CE,Combined TRACON& Tower with Radar,4,15,45,12,76,0,0,30,0,30,4,15,75,12,106,22,0,22,128
03/12/2020,MLU,LA,ASW,CE,Combined TRACON& Tower with Radar,4,15,27,12,58,0,0,14,2,16,4,15,41,14,74,10,0,10,84
03/13/2020,MLU,LA,ASW,CE,Combined TRACON& Tower with Radar,3,20,13,12,48,0,0,0,0,0,3,20,13,12,48,0,0,0,48
03/14/2020,MLU,LA,ASW,CE,Combined TRACON& Tower with Radar,3,9,7,2,21,0,0,1,2,3,3,9,8,4,24,0,0,0,24
03/15/2020,MLU,LA,ASW,CE,Combined TRACON& Tower with Radar,4,14,6,0,24,0,0,1,0,1,4,14,7,0,25,0,0,0,25
03/16/2020,MLU,LA,ASW,CE,Combined TRACON& Tower with Radar,4,15,24,1,44,0,0,19,0,19,4,15,43,1,63,32,0,32,95
03/17/2020,MLU,LA,ASW,CE,Combined TRACON& Tower with Radar,4,14,13,31,62,0,0,25,0,25,4,14,38,31,87,10,20,30,117
03/18/2020,MLU,LA,ASW,CE,Combined TRACON& Tower with Radar,6,13,20,14,53,0,0,15,1,16,6,13,35,15,69,24,6,30,99
03/19/2020,MLU,LA,ASW,CE,Combined TRACON& Tower with Radar,3,18,14,31,66,0,0,3,4,7,3,18,17,35,73,6,38,44,117
03/20/2020,MLU,LA,ASW,CE,Combined TRACON& Tower with Radar,4,13,1,0,18,0,0,0,0,0,4,13,1,0,18,0,0,0,18
03/21/2020,MLU,LA,ASW,CE,Combined TRACON& Tower with Radar,4,8,6,0,18,0,0,2,0,2,4,8,8,0,20,6,0,6,26
03/22/2020,MLU,LA,ASW,CE,Combined TRACON& Tower with Radar,4,18,8,3,33,0,0,0,0,0,4,18,8,3,33,0,0,0,33
03/23/2020,MLU,LA,ASW,CE,Combined TRACON& Tower with Radar,2,12,0,0,14,0,0,2,0,2,2,12,2,0,16,0,0,0,16
03/24/2020,MLU,LA,ASW,CE,Combined TRACON& Tower with Radar,2,12,2,12,28,0,0,3,0,3,2,12,5,12,31,0,8,8,39
03/25/2020,MLU,LA,ASW,CE,Combined TRACON& Tower with Radar,1,9,8,12,30,0,0,20,0,20,1,9,28,12,50,20,6,26,76
03/26/2020,MLU,LA,ASW,CE,Combined TRACON& Tower with Radar,1,6,5,0,12,0,0,17,0,17,1,6,22,0,29,28,0,28,57
03/27/2020,MLU,LA,ASW,CE,Combined TRACON& Tower with Radar,2,7,9,14,32,0,0,13,1,14,2,7,22,15,46,14,6,20,66
03/28/2020,MLU,LA,ASW,CE,Combined TRACON& Tower with Radar,2,6,0,0,8,0,0,7,0,7,2,6,7,0,15,0,0,0,15
03/29/2020,MLU,LA,ASW,CE,Combined TRACON& Tower with Radar,2,10,4,0,16,0,0,11,1,12,2,10,15,1,28,20,0,20,48
03/30/2020,MLU,LA,ASW,CE,Combined TRACON& Tower with Radar,2,8,0,20,30,0,0,3,1,4,2,8,3,21,34,0,6,6,40
03/31/2020,MLU,LA,ASW,CE,Combined TRACON& Tower with Radar,2,9,4,13,28,0,0,3,0,3,2,9,7,13,31,2,0,2,33
04/01/2020,MLU,LA,ASW,CE,Combined TRACON& Tower with Radar,1,8,8,7,24,0,0,17,0,17,1,8,25,7,41,34,4,38,79
04/02/2020,MLU,LA,ASW,CE,Combined TRACON& Tower with Radar,0,6,6,6,18,0,0,20,0,20,0,6,26,6,38,18,0,18,56
04/03/2020,MLU,LA,ASW,CE,Combined TRACON& Tower with Radar,2,7,4,5,18,0,0,13,0,13,2,7,17,5,31,0,0,0,31
04/04/2020,MLU,LA,ASW,CE,Combined TRACON& Tower with Radar,2,8,0,0,10,0,0,2,0,2,2,8,2,0,12,0,0,0,12
04/05/2020,MLU,LA,ASW,CE,Combined TRACON& Tower with Radar,1,6,2,0,9,0,0,5,0,5,1,6,7,0,14,0,0,0,14
04/06/2020,MLU,LA,ASW,CE,Combined TRACON& Tower with Radar,0,6,1,13,20,0,0,10,0,10,0,6,11,13,30,0,6,6,36
04/07/2020,MLU,LA,ASW,CE,Combined TRACON& Tower with Radar,0,7,2,0,9,0,0,1,1,2,0,7,3,1,11,0,0,0,11
04/08/2020,MLU,LA,ASW,CE,Combined TRACON& Tower with Radar,0,9,6,0,15,0,0,2,0,2,0,9,8,0,17,10,0,10,27
04/09/2020,MLU,LA,ASW,CE,Combined TRACON& Tower with Radar,0,8,9,31,48,0,0,14,0,14,0,8,23,31,62,46,28,74,136
04/10/2020,MLU,LA,ASW,CE,Combined TRACON& Tower with Radar,2,7,5,9,23,0,2,29,0,31,2,9,34,9,54,30,0,30,84
04/11/2020,MLU,LA,ASW,CE,Combined TRACON& Tower with Radar,0,10,4,12,26,0,0,14,0,14,0,10,18,12,40,32,0,32,72
04/12/2020,MLU,LA,ASW,CE,Combined TRACON& Tower with Radar,0,3,0,0,3,0,0,3,0,3,0,3,3,0,6,0,0,0,6
04/13/2020,MLU,LA,ASW,CE,Combined TRACON& Tower with Radar,0,2,2,0,4,0,0,1,3,4,0,2,3,3,8,0,0,0,8
04/14/2020,MLU,LA,ASW,CE,Combined TRACON& Tower with Radar,0,6,2,2,10,0,0,9,0,9,0,6,11,2,19,66,0,66,85
04/15/2020,MLU,LA,ASW,CE,Combined TRACON& Tower with Radar,0,6,8,0,14,0,0,33,3,36,0,6,41,3,50,20,0,20,70
04/16/2020,MLU,LA,ASW,CE,Combined TRACON& Tower with Radar,0,6,14,11,31,0,0,19,1,20,0,6,33,12,51,0,8,8,59
04/17/2020,MLU,LA,ASW,CE,Combined TRACON& Tower with Radar,0,6,3,0,9,0,0,8,0,8,0,6,11,0,17,54,0,54,71
04/18/2020,MLU,LA,ASW,CE,Combined TRACON& Tower with Radar,0,6,6,0,12,0,0,4,0,4,0,6,10,0,16,0,0,0,16
04/19/2020,MLU,LA,ASW,CE,Combined TRACON& Tower with Radar,0,5,2,0,7,0,0,0,0,0,0,5,2,0,7,0,0,0,7
04/20/2020,MLU,LA,ASW,CE,Combined TRACON& Tower with Radar,0,7,5,0,12,0,0,13,0,13,0,7,18,0,25,62,0,62,87
04/21/2020,MLU,LA,ASW,CE,Combined TRACON& Tower with Radar,0,9,5,27,41,0,1,31,22,54,0,10,36,49,95,72,0,72,167
04/22/2020,MLU,LA,ASW,CE,Combined TRACON& Tower with Radar,0,7,8,0,15,0,0,3,2,5,0,7,11,2,20,0,0,0,20
04/23/2020,MLU,LA,ASW,CE,Combined TRACON& Tower with Radar,0,8,10,63,81,0,0,13,2,15,0,8,23,65,96,8,26,34,130
04/24/2020,MLU,LA,ASW,CE,Combined TRACON& Tower with Radar,0,5,13,0,18,0,0,28,0,28,0,5,41,0,46,64,2,66,112
04/25/2020,MLU,LA,ASW,CE,Combined TRACON& Tower with Radar,0,9,0,48,57,0,0,12,0,12,0,9,12,48,69,2,2,4,73
04/26/2020,MLU,LA,ASW,CE,Combined TRACON& Tower with Radar,0,5,5,0,10,0,0,17,0,17,0,5,22,0,27,6,0,6,33
04/27/2020,MLU,LA,ASW,CE,Combined TRACON& Tower with Radar,0,6,9,0,15,0,0,27,0,27,0,6,36,0,42,0,0,0,42
04/28/2020,MLU,LA,ASW,CE,Combined TRACON& Tower with Radar,0,8,8,14,30,0,0,1,3,4,0,8,9,17,34,10,0,10,44
04/29/2020,MLU,LA,ASW,CE,Combined TRACON& Tower with Radar,0,7,4,0,11,0,0,1,1,2,0,7,5,1,13,6,0,6,19
04/30/2020,MLU,LA,ASW,CE,Combined TRACON& Tower with Radar,0,6,26,32,64,0,1,41,6,48,0,7,67,38,112,40,24,64,176
05/01/2020,MLU,LA,ASW,CE,Combined TRACON& Tower with Radar,1,2,5,0,8,0,0,14,0,14,1,2,19,0,22,44,0,44,66
05/02/2020,MLU,LA,ASW,CE,Combined TRACON& Tower with Radar,0,1,8,22,31,0,0,21,6,27,0,1,29,28,58,0,8,8,66
05/03/2020,MLU,LA,ASW,CE,Combined TRACON& Tower with Radar,0,0,5,0,5,0,0,4,0,4,0,0,9,0,9,0,0,0,9
05/04/2020,MLU,LA,ASW,CE,Combined TRACON& Tower with Radar,1,1,0,0,2,0,1,11,0,12,1,2,11,0,14,0,0,0,14
05/05/2020,MLU,LA,ASW,CE,Combined TRACON& Tower with Radar,0,0,4,0,4,0,1,2,1,4,0,1,6,1,8,20,0,20,28
05/06/2020,MLU,LA,ASW,CE,Combined TRACON& Tower with Radar,2,0,5,10,17,0,2,17,0,19,2,2,22,10,36,14,0,14,50
05/07/2020,MLU,LA,ASW,CE,Combined TRACON& Tower with Radar,0,4,3,14,21,0,0,10,0,10,0,4,13,14,31,8,0,8,39
05/08/2020,MLU,LA,ASW,CE,Combined TRACON& Tower with Radar,0,2,1,0,3,0,0,0,0,0,0,2,1,0,3,0,0,0,3
05/09/2020,MLU,LA,ASW,CE,Combined TRACON& Tower with Radar,0,1,9,11,21,0,0,9,0,9,0,1,18,11,30,16,4,20,50
05/10/2020,MLU,LA,ASW,CE,Combined TRACON& Tower with Radar,0,2,8,0,10,0,0,8,0,8,0,2,16,0,18,26,0,26,44
05/11/2020,MLU,LA,ASW,CE,Combined TRACON& Tower with Radar,0,2,7,12,21,0,0,22,0,22,0,2,29,12,43,2,0,2,45
05/12/2020,MLU,LA,ASW,CE,Combined TRACON& Tower with Radar,0,1,7,38,46,0,0,8,4,12,0,1,15,42,58,26,4,30,88
05/13/2020,MLU,LA,ASW,CE,Combined TRACON& Tower with Radar,0,1,8,6,15,0,0,3,0,3,0,1,11,6,18,0,0,0,18
05/14/2020,MLU,LA,ASW,CE,Combined TRACON& Tower with Radar,0,2,9,14,25,0,0,0,0,0,0,2,9,14,25,0,0,0,25
05/15/2020,MLU,LA,ASW,CE,Combined TRACON& Tower with Radar,0,2,12,0,14,0,0,1,0,1,0,2,13,0,15,34,0,34,49
05/16/2020,MLU,LA,ASW,CE,Combined TRACON& Tower with Radar,0,1,2,0,3,0,0,0,0,0,0,1,2,0,3,0,0,0,3
05/17/2020,MLU,LA,ASW,CE,Combined TRACON& Tower with Radar,0,1,5,0,6,0,0,1,0,1,0,1,6,0,7,0,0,0,7
05/18/2020,MLU,LA,ASW,CE,Combined TRACON& Tower with Radar,0,2,8,31,41,0,0,9,1,10,0,2,17,32,51,8,6,14,65
05/19/2020,MLU,LA,ASW,CE,Combined TRACON& Tower with Radar,0,1,11,9,21,0,0,21,0,21,0,1,32,9,42,8,0,8,50
05/20/2020,MLU,LA,ASW,CE,Combined TRACON& Tower with Radar,0,2,6,46,54,0,0,20,2,22,0,2,26,48,76,68,10,78,154
05/21/2020,MLU,LA,ASW,CE,Combined TRACON& Tower with Radar,0,2,4,21,27,0,2,1,1,4,0,4,5,22,31,0,10,10,41
05/22/2020,MLU,LA,ASW,CE,Combined TRACON& Tower with Radar,0,4,11,2,17,0,0,6,0,6,0,4,17,2,23,18,0,18,41
05/23/2020,MLU,LA,ASW,CE,Combined TRACON& Tower with Radar,0,1,3,0,4,0,0,4,0,4,0,1,7,0,8,6,0,6,14
05/24/2020,MLU,LA,ASW,CE,Combined TRACON& Tower with Radar,0,1,5,0,6,0,0,1,0,1,0,1,6,0,7,0,0,0,7
05/25/2020,MLU,LA,ASW,CE,Combined TRACON& Tower with Radar,0,6,10,0,16,0,0,2,0,2,0,6,12,0,18,0,0,0,18
05/26/2020,MLU,LA,ASW,CE,Combined TRACON& Tower with Radar,0,1,5,0,6,0,0,1,0,1,0,1,6,0,7,0,0,0,7
05/27/2020,MLU,LA,ASW,CE,Combined TRACON& Tower with Radar,0,1,8,16,25,0,0,8,0,8,0,1,16,16,33,16,14,30,63
05/28/2020,MLU,LA,ASW,CE,Combined TRACON& Tower with Radar,0,3,7,2,12,0,0,8,0,8,0,3,15,2,20,20,0,20,40
05/29/2020,MLU,LA,ASW,CE,Combined TRACON& Tower with Radar,0,1,13,39,53,0,0,21,0,21,0,1,34,39,74,56,0,56,130
05/30/2020,MLU,LA,ASW,CE,Combined TRACON& Tower with Radar,0,1,4,0,5,0,0,28,0,28,0,1,32,0,33,28,0,28,61
05/31/2020,MLU,LA,ASW,CE,Combined TRACON& Tower with Radar,0,1,10,0,11,0,0,6,0,6,0,1,16,0,17,0,0,0,17
06/01/2020,MLU,LA,ASW,CE,Combined TRACON& Tower with Radar,0,8,10,10,28,0,0,15,5,20,0,8,25,15,48,18,0,18,66
06/02/2020,MLU,LA,ASW,CE,Combined TRACON& Tower with Radar,0,3,12,1,16,0,0,14,3,17,0,3,26,4,33,6,4,10,43
06/03/2020,MLU,LA,ASW,CE,Combined TRACON& Tower with Radar,0,3,5,9,17,0,0,10,0,10,0,3,15,9,27,36,0,36,63
06/04/2020,MLU,LA,ASW,CE,Combined TRACON& Tower with Radar,0,6,20,37,63,0,0,16,0,16,0,6,36,37,79,14,0,14,93
06/05/2020,MLU,LA,ASW,CE,Combined TRACON& Tower with Radar,0,2,21,6,29,0,1,24,4,29,0,3,45,10,58,66,6,72,130
06/06/2020,MLU,LA,ASW,CE,Combined TRACON& Tower with Radar,0,2,10,0,12,0,0,4,0,4,0,2,14,0,16,16,0,16,32
06/07/2020,MLU,LA,ASW,CE,Combined TRACON& Tower with Radar,0,4,7,0,11,0,0,0,0,0,0,4,7,0,11,0,0,0,11
06/08/2020,MLU,LA,ASW,CE,Combined TRACON& Tower with Radar,0,6,2,0,8,0,0,0,0,0,0,6,2,0,8,0,0,0,8
06/09/2020,MLU,LA,ASW,CE,Combined TRACON& Tower with Radar,0,3,13,47,63,0,0,7,2,9,0,3,20,49,72,0,0,0,72
06/10/2020,MLU,LA,ASW,CE,Combined TRACON& Tower with Radar,0,2,24,40,66,0,0,12,1,13,0,2,36,41,79,4,0,4,83
06/11/2020,MLU,LA,ASW,CE,Combined TRACON& Tower with Radar,0,4,19,40,63,0,0,20,7,27,0,4,39,47,90,70,10,80,170
06/12/2020,MLU,LA,ASW,CE,Combined TRACON& Tower with Radar,0,4,10,31,45,0,0,13,0,13,0,4,23,31,58,10,4,14,72
06/13/2020,MLU,LA,ASW,CE,Combined TRACON& Tower with Radar,0,6,9,9,24,0,0,18,1,19,0,6,27,10,43,12,0,12,55
06/14/2020,MLU,LA,ASW,CE,Combined TRACON& Tower with Radar,0,8,11,0,19,0,1,9,0,10,0,9,20,0,29,0,0,0,29
06/15/2020,MLU,LA,ASW,CE,Combined TRACON& Tower with Radar,0,4,16,18,38,0,0,17,0,17,0,4,33,18,55,62,6,68,123
06/16/2020,MLU,LA,ASW,CE,Combined TRACON& Tower with Radar,0,2,15,10,27,0,0,18,1,19,0,2,33,11,46,50,0,50,96
06/17/2020,MLU,LA,ASW,CE,Combined TRACON& Tower with Radar,0,3,23,12,38,0,0,22,4,26,0,3,45,16,64,20,0,20,84
06/18/2020,MLU,LA,ASW,CE,Combined TRACON& Tower with Radar,0,5,17,15,37,0,0,22,0,22,0,5,39,15,59,20,0,20,79
06/19/2020,MLU,LA,ASW,CE,Combined TRACON& Tower with Radar,0,6,14,12,32,0,0,16,4,20,0,6,30,16,52,28,18,46,98
06/20/2020,MLU,LA,ASW,CE,Combined TRACON& Tower with Radar,0,2,6,0,8,0,2,8,0,10,0,4,14,0,18,34,0,34,52
06/21/2020,MLU,LA,ASW,CE,Combined TRACON& Tower with Radar,0,5,7,0,12,0,0,7,0,7,0,5,14,0,19,0,0,0,19
06/22/2020,MLU,LA,ASW,CE,Combined TRACON& Tower with Radar,0,6,3,11,20,0,0,6,0,6,0,6,9,11,26,20,0,20,46
06/23/2020,MLU,LA,ASW,CE,Combined TRACON& Tower with Radar,0,5,9,14,28,0,0,8,0,8,0,5,17,14,36,22,12,34,70
06/24/2020,MLU,LA,ASW,CE,Combined TRACON& Tower with Radar,0,5,10,0,15,0,0,0,0,0,0,5,10,0,15,0,0,0,15
06/25/2020,MLU,LA,ASW,CE,Combined TRACON& Tower with Radar,0,6,12,0,18,0,0,0,0,0,0,6,12,0,18,0,0,0,18
06/26/2020,MLU,LA,ASW,CE,Combined TRACON& Tower with Radar,0,5,9,0,14,0,0,0,0,0,0,5,9,0,14,0,0,0,14
06/27/2020,MLU,LA,ASW,CE,Combined TRACON& Tower with Radar,0,2,6,0,8,0,0,1,0,1,0,2,7,0,9,0,0,0,9
06/28/2020,MLU,LA,ASW,CE,Combined TRACON& Tower with Radar,0,4,8,0,12,0,0,4,0,4,0,4,12,0,16,0,0,0,16
06/29/2020,MLU,LA,ASW,CE,Combined TRACON& Tower with Radar,0,8,26,29,63,0,0,5,0,5,0,8,31,29,68,2,0,2,70
06/30/2020,MLU,LA,ASW,CE,Combined TRACON& Tower with Radar,0,2,23,16,41,0,0,10,0,10,0,2,33,16,51,18,6,24,75
07/01/2020,MLU,LA,ASW,CE,Combined TRACON& Tower with Radar,0,2,12,0,14,0,0,13,2,15,0,2,25,2,29,20,0,20,49
07/02/2020,MLU,LA,ASW,CE,Combined TRACON& Tower with Radar,0,5,28,1,34,0,0,16,0,16,0,5,44,1,50,0,0,0,50
07/03/2020,MLU,LA,ASW,CE,Combined TRACON& Tower with Radar,0,5,7,0,12,0,0,0,0,0,0,5,7,0,12,32,0,32,44
07/04/2020,MLU,LA,ASW,CE,Combined TRACON& Tower with Radar,1,3,2,2,8,0,0,11,6,17,1,3,13,8,25,14,0,14,39
07/05/2020,MLU,LA,ASW,CE,Combined TRACON& Tower with Radar,1,8,5,0,14,0,0,1,6,7,1,8,6,6,21,0,0,0,21
07/06/2020,MLU,LA,ASW,CE,Combined TRACON& Tower with Radar,0,7,11,0,18,0,0,2,0,2,0,7,13,0,20,44,0,44,64
07/07/2020,MLU,LA,ASW,CE,Combined TRACON& Tower with Radar,0,6,11,10,27,0,0,1,0,1,0,6,12,10,28,0,0,0,28
07/08/2020,MLU,LA,ASW,CE,Combined TRACON& Tower with Radar,0,10,9,0,19,0,0,2,2,4,0,10,11,2,23,12,0,12,35
07/09/2020,MLU,LA,ASW,CE,Combined TRACON& Tower with Radar,0,6,34,29,69,0,0,20,3,23,0,6,54,32,92,14,0,14,106
07/10/2020,MLU,LA,ASW,CE,Combined TRACON& Tower with Radar,0,9,20,29,58,0,0,27,1,28,0,9,47,30,86,28,22,50,136
07/11/2020,MLU,LA,ASW,CE,Combined TRACON& Tower with Radar,0,5,15,0,20,0,0,16,2,18,0,5,31,2,38,24,0,24,62
07/12/2020,MLU,LA,ASW,CE,Combined TRACON& Tower with Radar,0,7,12,0,19,0,0,9,0,9,0,7,21,0,28,12,0,12,40
07/13/2020,MLU,LA,ASW,CE,Combined TRACON& Tower with Radar,0,10,18,4,32,0,0,17,2,19,0,10,35,6,51,20,0,20,71
07/14/2020,MLU,LA,ASW,CE,Combined TRACON& Tower with Radar,0,7,9,23,39,0,0,21,0,21,0,7,30,23,60,46,0,46,106
07/15/2020,MLU,LA,ASW,CE,Combined TRACON& Tower with Radar,0,9,9,16,34,0,0,9,4,13,0,9,18,20,47,60,0,60,107
07/16/2020,MLU,LA,ASW,CE,Combined TRACON& Tower with Radar,0,7,11,9,27,0,0,20,2,22,0,7,31,11,49,8,0,8,57
07/17/2020,MLU,LA,ASW,CE,Combined TRACON& Tower with Radar,0,10,20,8,38,0,0,13,0,13,0,10,33,8,51,8,0,8,59
07/18/2020,MLU,LA,ASW,CE,Combined TRACON& Tower with Radar,0,8,7,0,15,0,0,15,1,16,0,8,22,1,31,34,0,34,65
07/19/2020,MLU,LA,ASW,CE,Combined TRACON& Tower with Radar,0,9,24,0,33,0,0,15,0,15,0,9,39,0,48,0,0,0,48
07/20/2020,MLU,LA,ASW,CE,Combined TRACON& Tower with Radar,0,13,14,19,46,0,0,17,4,21,0,13,31,23,67,22,2,24,91
07/21/2020,MLU,LA,ASW,CE,Combined TRACON& Tower with Radar,0,7,13,23,43,0,0,15,1,16,0,7,28,24,59,2,6,8,67
07/22/2020,MLU,LA,ASW,CE,Combined TRACON& Tower with Radar,0,9,11,12,32,0,0,8,0,8,0,9,19,12,40,26,0,26,66
07/23/2020,MLU,LA,ASW,CE,Combined TRACON& Tower with Radar,0,7,16,5,28,0,0,31,2,33,0,7,47,7,61,22,2,24,85
07/24/2020,MLU,LA,ASW,CE,Combined TRACON& Tower with Radar,0,9,21,22,52,0,0,5,0,5,0,9,26,22,57,0,0,0,57
07/25/2020,MLU,LA,ASW,CE,Combined TRACON& Tower with Radar,0,5,11,0,16,0,0,0,0,0,0,5,11,0,16,4,0,4,20
07/26/2020,MLU,LA,ASW,CE,Combined TRACON& Tower with Radar,0,9,12,4,25,0,0,4,0,4,0,9,16,4,29,4,0,4,33
07/27/2020,MLU,LA,ASW,CE,Combined TRACON& Tower with Radar,0,10,15,5,30,0,0,6,1,7,0,10,21,6,37,22,6,28,65
07/28/2020,MLU,LA,ASW,CE,Combined TRACON& Tower with Radar,0,8,24,59,91,0,0,9,0,9,0,8,33,59,100,0,50,50,150
07/29/2020,MLU,LA,ASW,CE,Combined TRACON& Tower with Radar,0,12,27,35,74,0,0,9,2,11,0,12,36,37,85,26,8,34,119
07/30/2020,MLU,LA,ASW,CE,Combined TRACON& Tower with Radar,0,7,26,23,56,0,0,13,1,14,0,7,39,24,70,38,10,48,118
07/31/2020,MLU,LA,ASW,CE,Combined TRACON& Tower with Radar,0,9,11,6,26,0,1,15,3,19,0,10,26,9,45,18,0,18,63
08/01/2020,MLU,LA,ASW,CE,Combined TRACON& Tower with Radar,0,6,12,0,18,0,0,11,0,11,0,6,23,0,29,50,0,50,79
08/02/2020,MLU,LA,ASW,CE,Combined TRACON& Tower with Radar,0,8,13,11,32,0,0,13,4,17,0,8,26,15,49,0,0,0,49
08/03/2020,MLU,LA,ASW,CE,Combined TRACON& Tower with Radar,0,9,28,28,65,0,2,22,4,28,0,11,50,32,93,26,6,32,125
08/04/2020,MLU,LA,ASW,CE,Combined TRACON& Tower with Radar,0,8,27,35,70,0,0,20,8,28,0,8,47,43,98,24,20,44,142
08/05/2020,MLU,LA,ASW,CE,Combined TRACON& Tower with Radar,0,12,16,23,51,0,0,29,7,36,0,12,45,30,87,8,18,26,113
08/06/2020,MLU,LA,ASW,CE,Combined TRACON& Tower with Radar,0,11,10,19,40,0,0,18,9,27,0,11,28,28,67,2,0,2,69
08/07/2020,MLU,LA,ASW,CE,Combined TRACON& Tower with Radar,0,11,22,4,37,0,0,48,9,57,0,11,70,13,94,28,32,60,154
08/08/2020,MLU,LA,ASW,CE,Combined TRACON& Tower with Radar,0,8,15,0,23,0,0,24,1,25,0,8,39,1,48,22,0,22,70
08/09/2020,MLU,LA,ASW,CE,Combined TRACON& Tower with Radar,0,10,14,0,24,0,0,8,2,10,0,10,22,2,34,0,0,0,34
08/10/2020,MLU,LA,ASW,CE,Combined TRACON& Tower with Radar,0,13,9,23,45,0,5,4,0,9,0,18,13,23,54,14,10,24,78
08/11/2020,MLU,LA,ASW,CE,Combined TRACON& Tower with Radar,0,14,27,17,58,0,0,19,3,22,0,14,46,20,80,4,12,16,96
08/12/2020,MLU,LA,ASW,CE,Combined TRACON& Tower with Radar,0,13,14,26,53,0,0,13,0,13,0,13,27,26,66,16,0,16,82
08/13/2020,MLU,LA,ASW,CE,Combined TRACON& Tower with Radar,0,14,13,39,66,0,1,10,2,13,0,15,23,41,79,2,34,36,115
08/14/2020,MLU,LA,ASW,CE,Combined TRACON& Tower with Radar,0,11,12,3,26,0,0,4,0,4,0,11,16,3,30,18,0,18,48
08/15/2020,MLU,LA,ASW,CE,Combined TRACON& Tower with Radar,0,9,21,9,39,0,0,16,8,24,0,9,37,17,63,14,0,14,77
08/16/2020,MLU,LA,ASW,CE,Combined TRACON& Tower with Radar,0,11,13,1,25,0,0,25,2,27,0,11,38,3,52,4,0,4,56
08/17/2020,MLU,LA,ASW,CE,Combined TRACON& Tower with Radar,0,12,16,30,58,0,0,25,6,31,0,12,41,36,89,54,6,60,149
08/18/2020,MLU,LA,ASW,CE,Combined TRACON& Tower with Radar,0,10,18,22,50,0,0,35,2,37,0,10,53,24,87,28,2,30,117
08/19/2020,MLU,LA,ASW,CE,Combined TRACON& Tower with Radar,0,10,37,20,67,0,1,40,4,45,0,11,77,24,112,18,8,26,138
08/20/2020,MLU,LA,ASW,CE,Combined TRACON& Tower with Radar,0,9,34,37,80,0,0,29,2,31,0,9,63,39,111,6,0,6,117
08/21/2020,MLU,LA,ASW,CE,Combined TRACON& Tower with Radar,0,11,10,22,43,0,0,19,2,21,0,11,29,24,64,22,6,28,92
08/22/2020,MLU,LA,ASW,CE,Combined TRACON& Tower with Radar,0,9,15,0,24,0,0,20,2,22,0,9,35,2,46,22,0,22,68
08/23/2020,MLU,LA,ASW,CE,Combined TRACON& Tower with Radar,0,10,14,11,35,0,0,28,0,28,0,10,42,11,63,16,0,16,79
08/24/2020,MLU,LA,ASW,CE,Combined TRACON& Tower with Radar,0,11,27,43,81,0,0,20,3,23,0,11,47,46,104,24,10,34,138
08/25/2020,MLU,LA,ASW,CE,Combined TRACON& Tower with Radar,0,9,12,57,78,0,0,7,0,7,0,9,19,57,85,16,10,26,111
08/26/2020,MLU,LA,ASW,CE,Combined TRACON& Tower with Radar,0,9,12,47,68,0,1,7,4,12,0,10,19,51,80,12,8,20,100
08/27/2020,MLU,LA,ASW,CE,Combined TRACON& Tower with Radar,0,6,1,0,7,0,0,0,0,0,0,6,1,0,7,0,0,0,7
08/28/2020,MLU,LA,ASW,CE,Combined TRACON& Tower with Radar,2,11,9,0,22,0,0,4,0,4,2,11,13,0,26,0,0,0,26
08/29/2020,MLU,LA,ASW,CE,Combined TRACON& Tower with Radar,0,11,9,0,20,0,1,10,0,11,0,12,19,0,31,0,0,0,31
08/30/2020,MLU,LA,ASW,CE,Combined TRACON& Tower with Radar,0,8,15,0,23,0,2,17,2,21,0,10,32,2,44,0,0,0,44
08/31/2020,MLU,LA,ASW,CE,Combined TRACON& Tower with Radar,0,12,25,38,75,0,1,9,0,10,0,13,34,38,85,0,8,8,93
09/01/2020,MLU,LA,ASW,CE,Combined TRACON& Tower with Radar,0,10,38,11,59,0,0,35,3,38,0,10,73,14,97,0,0,0,97
09/02/2020,MLU,LA,ASW,CE,Combined TRACON& Tower with Radar,0,11,32,21,64,0,0,10,0,10,0,11,42,21,74,0,16,16,90
09/03/2020,MLU,LA,ASW,CE,Combined TRACON& Tower with Radar,0,11,11,20,42,0,0,14,2,16,0,11,25,22,58,8,0,8,66
09/04/2020,MLU,LA,ASW,CE,Combined TRACON& Tower with Radar,0,9,21,0,30,0,0,24,0,24,0,9,45,0,54,0,0,0,54
09/05/2020,MLU,LA,ASW,CE,Combined TRACON& Tower with Radar,0,7,12,0,19,0,0,22,0,22,0,7,34,0,41,0,0,0,41
09/06/2020,MLU,LA,ASW,CE,Combined TRACON& Tower with Radar,0,10,6,0,16,0,0,22,0,22,0,10,28,0,38,0,0,0,38
09/07/2020,MLU,LA,ASW,CE,Combined TRACON& Tower with Radar,0,12,18,0,30,0,0,31,0,31,0,12,49,0,61,14,0,14,75
09/08/2020,MLU,LA,ASW,CE,Combined TRACON& Tower with Radar,0,11,25,15,51,0,0,12,2,14,0,11,37,17,65,6,20,26,91
09/09/2020,MLU,LA,ASW,CE,Combined TRACON& Tower with Radar,0,10,28,20,58,0,0,24,13,37,0,10,52,33,95,8,26,34,129
09/10/2020,MLU,LA,ASW,CE,Combined TRACON& Tower with Radar,0,12,16,39,67,0,0,17,8,25,0,12,33,47,92,0,26,26,118
09/11/2020,MLU,LA,ASW,CE,Combined TRACON& Tower with Radar,2,12,37,36,87,0,2,38,4,44,2,14,75,40,131,6,12,18,149
09/12/2020,MLU,LA,ASW,CE,Combined TRACON& Tower with Radar,0,7,10,0,17,0,4,8,3,15,0,11,18,3,32,20,0,20,52
09/13/2020,MLU,LA,ASW,CE,Combined TRACON& Tower with Radar,0,11,22,0,33,0,0,2,0,2,0,11,24,0,35,0,0,0,35
09/14/2020,MLU,LA,ASW,CE,Combined TRACON& Tower with Radar,0,11,29,7,47,0,1,15,0,16,0,12,44,7,63,0,2,2,65
09/15/2020,MLU,LA,ASW,CE,Combined TRACON& Tower with Radar,0,9,14,30,53,0,0,10,0,10,0,9,24,30,63,0,4,4,67
09/16/2020,MLU,LA,ASW,CE,Combined TRACON& Tower with Radar,0,10,17,20,47,0,0,5,0,5,0,10,22,20,52,2,20,22,74
09/17/2020,MLU,LA,ASW,CE,Combined TRACON& Tower with Radar,0,11,32,18,61,0,0,23,0,23,0,11,55,18,84,0,6,6,90
09/18/2020,MLU,LA,ASW,CE,Combined TRACON& Tower with Radar,0,10,21,12,43,0,1,25,5,31,0,11,46,17,74,36,2,38,112
09/19/2020,MLU,LA,ASW,CE,Combined TRACON& Tower with Radar,0,7,14,1,22,0,0,20,1,21,0,7,34,2,43,12,12,24,67
09/20/2020,MLU,LA,ASW,CE,Combined TRACON& Tower with Radar,0,10,12,7,29,0,1,19,0,20,0,11,31,7,49,12,0,12,61
09/21/2020,MLU,LA,ASW,CE,Combined TRACON& Tower with Radar,0,11,14,0,25,0,0,0,0,0,0,11,14,0,25,0,0,0,25
09/22/2020,MLU,LA,ASW,CE,Combined TRACON& Tower with Radar,0,10,12,0,22,0,0,2,0,2,0,10,14,0,24,0,0,0,24
09/23/2020,MLU,LA,ASW,CE,Combined TRACON& Tower with Radar,0,9,3,0,12,0,0,0,0,0,0,9,3,0,12,0,0,0,12
09/24/2020,MLU,LA,ASW,CE,Combined TRACON& Tower with Radar,0,9,9,2,20,0,0,1,0,1,0,9,10,2,21,2,0,2,23
09/25/2020,MLU,LA,ASW,CE,Combined TRACON& Tower with Radar,1,9,22,35,67,0,0,4,1,5,1,9,26,36,72,0,0,0,72
09/26/2020,MLU,LA,ASW,CE,Combined TRACON& Tower with Radar,0,7,15,6,28,0,0,7,0,7,0,7,22,6,35,26,0,26,61
09/27/2020,MLU,LA,ASW,CE,Combined TRACON& Tower with Radar,0,10,19,22,51,0,0,15,4,19,0,10,34,26,70,8,26,34,104
09/28/2020,MLU,LA,ASW,CE,Combined TRACON& Tower with Radar,0,9,22,21,52,0,0,12,0,12,0,9,34,21,64,0,0,0,64
09/29/2020,MLU,LA,ASW,CE,Combined TRACON& Tower with Radar,0,11,23,33,67,0,0,23,4,27,0,11,46,37,94,0,12,12,106
09/30/2020,MLU,LA,ASW,CE,Combined TRACON& Tower with Radar,0,9,23,31,63,0,0,37,2,39,0,9,60,33,102,4,8,12,114
10/01/2020,MLU,LA,ASW,CE,Combined TRACON& Tower with Radar,2,12,31,17,62,0,2,35,7,44,2,14,66,24,106,6,12,18,124
10/02/2020,MLU,LA,ASW,CE,Combined TRACON& Tower with Radar,1,8,16,16,41,0,0,27,2,29,1,8,43,18,70,0,8,8,78
10/03/2020,MLU,LA,ASW,CE,Combined TRACON& Tower with Radar,0,13,18,0,31,0,1,28,1,30,0,14,46,1,61,20,0,20,81
10/04/2020,MLU,LA,ASW,CE,Combined TRACON& Tower with Radar,0,9,23,2,34,0,0,20,2,22,0,9,43,4,56,10,0,10,66
10/05/2020,MLU,LA,ASW,CE,Combined TRACON& Tower with Radar,0,8,22,50,80,0,0,23,10,33,0,8,45,60,113,0,0,0,113
10/06/2020,MLU,LA,ASW,CE,Combined TRACON& Tower with Radar,0,8,17,44,69,0,0,17,2,19,0,8,34,46,88,10,0,10,98
10/07/2020,MLU,LA,ASW,CE,Combined TRACON& Tower with Radar,0,8,26,22,56,0,0,29,4,33,0,8,55,26,89,28,14,42,131
10/08/2020,MLU,LA,ASW,CE,Combined TRACON& Tower with Radar,1,9,19,10,39,0,0,7,2,9,1,9,26,12,48,0,0,0,48
10/09/2020,MLU,LA,ASW,CE,Combined TRACON& Tower with Radar,1,8,5,0,14,0,0,0,0,0,1,8,5,0,14,0,0,0,14
10/10/2020,MLU,LA,ASW,CE,Combined TRACON& Tower with Radar,1,8,1,0,10,0,0,1,0,1,1,8,2,0,11,0,0,0,11
10/11/2020,MLU,LA,ASW,CE,Combined TRACON& Tower with Radar,0,8,10,27,45,0,0,21,2,23,0,8,31,29,68,0,4,4,72
10/12/2020,MLU,LA,ASW,CE,Combined TRACON& Tower with Radar,0,10,29,0,39,0,1,12,2,15,0,11,41,2,54,0,0,0,54
10/13/2020,MLU,LA,ASW,CE,Combined TRACON& Tower with Radar,0,9,22,40,71,0,1,22,1,24,0,10,44,41,95,6,12,18,113
10/14/2020,MLU,LA,ASW,CE,Combined TRACON& Tower with Radar,0,7,40,8,55,0,0,25,1,26,0,7,65,9,81,4,6,10,91
10/15/2020,MLU,LA,ASW,CE,Combined TRACON& Tower with Radar,0,8,33,28,69,0,0,6,0,6,0,8,39,28,75,0,0,0,75
10/16/2020,MLU,LA,ASW,CE,Combined TRACON& Tower with Radar,1,8,19,17,45,0,0,31,2,33,1,8,50,19,78,4,6,10,88
10/17/2020,MLU,LA,ASW,CE,Combined TRACON& Tower with Radar,0,8,18,3,29,0,0,15,1,16,0,8,33,4,45,34,0,34,79
10/18/2020,MLU,LA,ASW,CE,Combined TRACON& Tower with Radar,0,8,17,0,25,0,0,15,1,16,0,8,32,1,41,6,0,6,47
10/19/2020,MLU,LA,ASW,CE,Combined TRACON& Tower with Radar,0,8,18,8,34,0,0,15,0,15,0,8,33,8,49,0,0,0,49
10/20/2020,MLU,LA,ASW,CE,Combined TRACON& Tower with Radar,0,7,21,8,36,0,0,20,2,22,0,7,41,10,58,0,0,0,58
10/21/2020,MLU,LA,ASW,CE,Combined TRACON& Tower with Radar,0,7,21,30,58,0,0,14,0,14,0,7,35,30,72,0,8,8,80
10/22/2020,MLU,LA,ASW,CE,Combined TRACON& Tower with Radar,0,8,32,2,42,0,2,39,5,46,0,10,71,7,88,4,0,4,92
10/23/2020,MLU,LA,ASW,CE,Combined TRACON& Tower with Radar,2,9,23,26,60,0,0,10,0,10,2,9,33,26,70,4,0,4,74
10/24/2020,MLU,LA,ASW,CE,Combined TRACON& Tower with Radar,0,11,23,1,35,0,0,1,1,2,0,11,24,2,37,0,0,0,37
10/25/2020,MLU,LA,ASW,CE,Combined TRACON& Tower with Radar,0,14,18,3,35,0,0,8,0,8,0,14,26,3,43,10,0,10,53
10/26/2020,MLU,LA,ASW,CE,Combined TRACON& Tower with Radar,0,13,31,7,51,0,0,3,1,4,0,13,34,8,55,0,0,0,55
10/27/2020,MLU,LA,ASW,CE,Combined TRACON& Tower with Radar,0,16,25,20,61,0,0,7,0,7,0,16,32,20,68,0,0,0,68
10/28/2020,MLU,LA,ASW,CE,Combined TRACON& Tower with Radar,0,16,9,0,25,0,0,0,0,0,0,16,9,0,25,0,0,0,25
10/29/2020,MLU,LA,ASW,CE,Combined TRACON& Tower with Radar,0,14,33,37,84,0,0,18,4,22,0,14,51,41,106,2,10,12,118
10/30/2020,MLU,LA,ASW,CE,Combined TRACON& Tower with Radar,1,15,31,37,84,0,0,24,6,30,1,15,55,43,114,28,16,44,158
10/31/2020,MLU,LA,ASW,CE,Combined TRACON& Tower with Radar,3,11,10,0,24,0,2,16,1,19,3,13,26,1,43,24,0,24,67
11/01/2020,MLU,LA,ASW,CE,Combined TRACON& Tower with Radar,0,12,25,8,45,0,3,16,0,19,0,15,41,8,64,8,0,8,72
11/02/2020,MLU,LA,ASW,CE,Combined TRACON& Tower with Radar,0,13,22,20,55,0,0,16,1,17,0,13,38,21,72,4,0,4,76
11/03/2020,MLU,LA,ASW,CE,Combined TRACON& Tower with Radar,0,12,31,14,57,0,0,41,5,46,0,12,72,19,103,36,10,46,149
11/04/2020,MLU,LA,ASW,CE,Combined TRACON& Tower with Radar,0,12,30,5,47,0,1,40,5,46,0,13,70,10,93,32,0,32,125
11/05/2020,MLU,LA,ASW,CE,Combined TRACON& Tower with Radar,0,11,27,20,58,0,0,25,5,30,0,11,52,25,88,24,0,24,112
11/06/2020,MLU,LA,ASW,CE,Combined TRACON& Tower with Radar,2,14,23,19,58,0,0,30,4,34,2,14,53,23,92,6,22,28,120
11/07/2020,MLU,LA,ASW,CE,Combined TRACON& Tower with Radar,4,9,14,0,27,0,0,12,0,12,4,9,26,0,39,0,0,0,39
11/08/2020,MLU,LA,ASW,CE,Combined TRACON& Tower with Radar,0,13,17,10,40,0,0,9,0,9,0,13,26,10,49,8,0,8,57
11/09/2020,MLU,LA,ASW,CE,Combined TRACON& Tower with Radar,0,13,22,14,49,0,0,16,3,19,0,13,38,17,68,8,0,8,76
11/10/2020,MLU,LA,ASW,CE,Combined TRACON& Tower with Radar,0,13,38,47,98,0,0,43,0,43,0,13,81,47,141,36,36,72,213
11/11/2020,MLU,LA,ASW,CE,Combined TRACON& Tower with Radar,0,15,15,0,30,0,0,28,0,28,0,15,43,0,58,10,0,10,68
11/12/2020,MLU,LA,ASW,CE,Combined TRACON& Tower with Radar,0,12,49,46,107,0,0,49,7,56,0,12,98,53,163,12,14,26,189
11/13/2020,MLU,LA,ASW,CE,Combined TRACON& Tower with Radar,0,12,25,37,74,0,0,35,10,45,0,12,60,47,119,48,16,64,183
11/14/2020,MLU,LA,ASW,CE,Combined TRACON& Tower with Radar,0,13,11,9,33,0,0,20,2,22,0,13,31,11,55,0,6,6,61
11/15/2020,MLU,LA,ASW,CE,Combined TRACON& Tower with Radar,0,10,21,10,41,0,0,17,0,17,0,10,38,10,58,4,0,4,62
11/16/2020,MLU,LA,ASW,CE,Combined TRACON& Tower with Radar,0,11,34,7,52,0,0,34,9,43,0,11,68,16,95,40,4,44,139
11/17/2020,MLU,LA,ASW,CE,Combined TRACON& Tower with Radar,0,16,21,26,63,0,1,28,9,38,0,17,49,35,101,48,0,48,149
11/18/2020,MLU,LA,ASW,CE,Combined TRACON& Tower with Radar,0,13,22,37,72,0,0,40,3,43,0,13,62,40,115,6,2,8,123
11/19/2020,MLU,LA,ASW,CE,Combined TRACON& Tower with Radar,0,12,22,26,60,0,4,26,3,33,0,16,48,29,93,0,0,0,93
11/20/2020,MLU,LA,ASW,CE,Combined TRACON& Tower with Radar,0,18,33,13,64,0,0,25,0,25,0,18,58,13,89,4,0,4,93
11/21/2020,MLU,LA,ASW,CE,Combined TRACON& Tower with Radar,0,12,24,1,37,0,0,24,0,24,0,12,48,1,61,30,12,42,103
11/22/2020,MLU,LA,ASW,CE,Combined TRACON& Tower with Radar,2,11,23,0,36,0,0,7,0,7,2,11,30,0,43,0,0,0,43
11/23/2020,MLU,LA,ASW,CE,Combined TRACON& Tower with Radar,0,16,16,21,53,0,1,28,3,32,0,17,44,24,85,32,0,32,117
11/24/2020,MLU,LA,ASW,CE,Combined TRACON& Tower with Radar,0,17,18,41,76,0,0,17,9,26,0,17,35,50,102,6,24,30,132
11/25/2020,MLU,LA,ASW,CE,Combined TRACON& Tower with Radar,0,19,20,0,39,0,2,8,0,10,0,21,28,0,49,0,0,0,49
11/26/2020,MLU,LA,ASW,CE,Combined TRACON& Tower with Radar,0,10,6,0,16,0,0,6,0,6,0,10,12,0,22,6,0,6,28
11/27/2020,MLU,LA,ASW,CE,Combined TRACON& Tower with Radar,0,15,4,0,19,0,0,0,0,0,0,15,4,0,19,0,0,0,19
11/28/2020,MLU,LA,ASW,CE,Combined TRACON& Tower with Radar,0,15,20,0,35,0,1,10,0,11,0,16,30,0,46,0,0,0,46
11/29/2020,MLU,LA,ASW,CE,Combined TRACON& Tower with Radar,0,17,17,2,36,0,0,1,0,1,0,17,18,2,37,0,0,0,37
11/30/2020,MLU,LA,ASW,CE,Combined TRACON& Tower with Radar,0,16,17,37,70,0,2,18,5,25,0,18,35,42,95,0,16,16,111
12/01/2020,MLU,LA,ASW,CE,Combined TRACON& Tower with Radar,0,18,32,12,62,0,3,30,2,35,0,21,62,14,97,28,12,40,137
12/02/2020,MLU,LA,ASW,CE,Combined TRACON& Tower with Radar,0,16,23,41,80,0,2,17,0,19,0,18,40,41,99,0,32,32,131
12/03/2020,MLU,LA,ASW,CE,Combined TRACON& Tower with Radar,0,12,30,19,61,0,0,0,5,5,0,12,30,24,66,0,10,10,76
12/04/2020,MLU,LA,ASW,CE,Combined TRACON& Tower with Radar,0,12,31,14,57,0,0,18,1,19,0,12,49,15,76,8,0,8,84
12/05/2020,MLU,LA,ASW,CE,Combined TRACON& Tower with Radar,0,8,19,0,27,0,0,20,3,23,0,8,39,3,50,0,0,0,50
12/06/2020,MLU,LA,ASW,CE,Combined TRACON& Tower with Radar,0,11,28,4,43,0,0,23,0,23,0,11,51,4,66,0,0,0,66
12/07/2020,MLU,LA,ASW,CE,Combined TRACON& Tower with Radar,0,11,11,31,53,0,0,20,9,29,0,11,31,40,82,12,10,22,104
12/08/2020,MLU,LA,ASW,CE,Combined TRACON& Tower with Radar,0,14,23,46,83,0,0,30,9,39,0,14,53,55,122,64,36,100,222
12/09/2020,MLU,LA,ASW,CE,Combined TRACON& Tower with Radar,0,13,22,27,62,0,0,31,4,35,0,13,53,31,97,0,10,10,107
12/10/2020,MLU,LA,ASW,CE,Combined TRACON& Tower with Radar,0,12,20,2,34,0,0,24,5,29,0,12,44,7,63,14,0,14,77
12/11/2020,MLU,LA,ASW,CE,Combined TRACON& Tower with Radar,0,11,13,3,27,0,0,3,1,4,0,11,16,4,31,0,0,0,31
12/12/2020,MLU,LA,ASW,CE,Combined TRACON& Tower with Radar,0,10,13,0,23,0,0,22,0,22,0,10,35,0,45,0,0,0,45
12/13/2020,MLU,LA,ASW,CE,Combined TRACON& Tower with Radar,0,14,10,5,29,0,0,6,0,6,0,14,16,5,35,0,8,8,43
12/14/2020,MLU,LA,ASW,CE,Combined TRACON& Tower with Radar,0,13,23,8,44,0,0,9,0,9,0,13,32,8,53,0,0,0,53
12/15/2020,MLU,LA,ASW,CE,Combined TRACON& Tower with Radar,0,13,21,2,36,0,0,1,0,1,0,13,22,2,37,0,0,0,37
12/16/2020,MLU,LA,ASW,CE,Combined TRACON& Tower with Radar,0,14,19,17,50,0,0,6,6,12,0,14,25,23,62,0,0,0,62
12/17/2020,MLU,LA,ASW,CE,Combined TRACON& Tower with Radar,0,18,16,22,56,0,0,19,1,20,0,18,35,23,76,0,16,16,92
12/18/2020,MLU,LA,ASW,CE,Combined TRACON& Tower with Radar,0,17,32,2,51,0,0,36,1,37,0,17,68,3,88,2,0,2,90
12/19/2020,MLU,LA,ASW,CE,Combined TRACON& Tower with Radar,0,15,1,0,16,0,0,4,0,4,0,15,5,0,20,0,0,0,20
12/20/2020,MLU,LA,ASW,CE,Combined TRACON& Tower with Radar,0,18,22,0,40,0,0,6,0,6,0,18,28,0,46,16,0,16,62
12/21/2020,MLU,LA,ASW,CE,Combined TRACON& Tower with Radar,0,19,18,28,65,0,1,32,2,35,0,20,50,30,100,14,0,14,114
12/22/2020,MLU,LA,ASW,CE,Combined TRACON& Tower with Radar,0,20,30,22,72,0,0,27,6,33,0,20,57,28,105,30,24,54,159
12/23/2020,MLU,LA,ASW,CE,Combined TRACON& Tower with Radar,0,16,18,0,34,0,0,3,0,3,0,16,21,0,37,0,0,0,37
12/24/2020,MLU,LA,ASW,CE,Combined TRACON& Tower with Radar,0,12,7,0,19,0,0,4,0,4,0,12,11,0,23,0,0,0,23
12/25/2020,MLU,LA,ASW,CE,Combined TRACON& Tower with Radar,0,8,3,0,11,0,0,7,0,7,0,8,10,0,18,2,0,2,20
12/26/2020,MLU,LA,ASW,CE,Combined TRACON& Tower with Radar,0,14,8,0,22,0,0,10,0,10,0,14,18,0,32,0,0,0,32
12/27/2020,MLU,LA,ASW,CE,Combined TRACON& Tower with Radar,0,15,23,0,38,0,0,13,0,13,0,15,36,0,51,0,0,0,51
12/28/2020,MLU,LA,ASW,CE,Combined TRACON& Tower with Radar,0,15,15,0,30,0,0,3,0,3,0,15,18,0,33,6,0,6,39
12/29/2020,MLU,LA,ASW,CE,Combined TRACON& Tower with Radar,0,17,10,0,27,0,0,19,0,19,0,17,29,0,46,4,0,4,50
12/30/2020,MLU,LA,ASW,CE,Combined TRACON& Tower with Radar,0,21,19,0,40,0,0,3,0,3,0,21,22,0,43,0,0,0,43
12/31/2020,MLU,LA,ASW,CE,Combined TRACON& Tower with Radar,0,10,10,0,20,0,0,0,0,0,0,10,10,0,20,0,0,0,20
01/01/2021,MLU,LA,ASW,CE,Combined TRACON& Tower with Radar,0,9,5,0,14,0,0,5,0,5,0,9,10,0,19,20,0,20,39
01/02/2021,MLU,LA,ASW,CE,Combined TRACON& Tower with Radar,0,16,24,0,40,0,0,10,0,10,0,16,34,0,50,8,0,8,58
01/03/2021,MLU,LA,ASW,CE,Combined TRACON& Tower with Radar,0,17,19,0,36,0,0,25,2,27,0,17,44,2,63,0,0,0,63
01/04/2021,MLU,LA,ASW,CE,Combined TRACON& Tower with Radar,0,20,17,2,39,0,0,19,0,19,0,20,36,2,58,38,0,38,96
01/05/2021,MLU,LA,ASW,CE,Combined TRACON& Tower with Radar,0,20,21,7,48,0,0,28,3,31,0,20,49,10,79,26,6,32,111
01/06/2021,MLU,LA,ASW,CE,Combined TRACON& Tower with Radar,0,18,17,22,57,0,0,20,5,25,0,18,37,27,82,44,2,46,128
01/07/2021,MLU,LA,ASW,CE,Combined TRACON& Tower with Radar,0,20,8,2,30,0,0,4,0,4,0,20,12,2,34,2,0,2,36
01/08/2021,MLU,LA,ASW,CE,Combined TRACON& Tower with Radar,0,17,18,30,65,0,0,12,2,14,0,17,30,32,79,34,14,48,127
01/09/2021,MLU,LA,ASW,CE,Combined TRACON& Tower with Radar,0,11,26,0,37,0,0,28,2,30,0,11,54,2,67,22,0,22,89
01/10/2021,MLU,LA,ASW,CE,Combined TRACON& Tower with Radar,0,11,20,0,31,0,0,3,0,3,0,11,23,0,34,0,0,0,34
01/11/2021,MLU,LA,ASW,CE,Combined TRACON& Tower with Radar,0,15,7,0,22,0,0,0,0,0,0,15,7,0,22,4,0,4,26
01/12/2021,MLU,LA,ASW,CE,Combined TRACON& Tower with Radar,0,14,17,48,79,0,1,21,14,36,0,15,38,62,115,42,30,72,187
01/13/2021,MLU,LA,ASW,CE,Combined TRACON& Tower with Radar,0,18,10,23,51,0,0,25,1,26,0,18,35,24,77,42,20,62,139
01/14/2021,MLU,LA,ASW,CE,Combined TRACON& Tower with Radar,0,15,21,21,57,0,0,16,15,31,0,15,37,36,88,0,6,6,94
01/15/2021,MLU,LA,ASW,CE,Combined TRACON& Tower with Radar,0,15,9,37,61,0,0,17,3,20,0,15,26,40,81,6,2,8,89
01/16/2021,MLU,LA,ASW,CE,Combined TRACON& Tower with Radar,0,11,7,0,18,0,0,22,2,24,0,11,29,2,42,40,0,40,82
01/17/2021,MLU,LA,ASW,CE,Combined TRACON& Tower with Radar,0,12,15,0,27,0,0,16,0,16,0,12,31,0,43,10,0,10,53
01/18/2021,MLU,LA,ASW,CE,Combined TRACON& Tower with Radar,0,14,39,4,57,0,0,39,0,39,0,14,78,4,96,4,0,4,100
01/19/2021,MLU,LA,ASW,CE,Combined TRACON& Tower with Radar,0,14,15,5,34,0,0,9,3,12,0,14,24,8,46,28,2,30,76
01/20/2021,MLU,LA,ASW,CE,Combined TRACON& Tower with Radar,0,15,18,14,47,0,0,19,2,21,0,15,37,16,68,24,0,24,92
01/21/2021,MLU,LA,ASW,CE,Combined TRACON& Tower with Radar,0,16,14,3,33,0,0,1,0,1,0,16,15,3,34,0,0,0,34
01/22/2021,MLU,LA,ASW,CE,Combined TRACON& Tower with Radar,0,17,15,3,35,0,0,2,0,2,0,17,17,3,37,0,0,0,37
01/23/2021,MLU,LA,ASW,CE,Combined TRACON& Tower with Radar,0,15,16,3,34,0,0,2,0,2,0,15,18,3,36,0,0,0,36
01/24/2021,MLU,LA,ASW,CE,Combined TRACON& Tower with Radar,0,16,17,0,33,0,0,0,0,0,0,16,17,0,33,0,0,0,33
01/25/2021,MLU,LA,ASW,CE,Combined TRACON& Tower with Radar,0,14,13,0,27,0,1,9,0,10,0,15,22,0,37,0,0,0,37
01/26/2021,MLU,LA,ASW,CE,Combined TRACON& Tower with Radar,1,15,30,40,86,0,1,31,6,38,1,16,61,46,124,14,0,14,138
01/27/2021,MLU,LA,ASW,CE,Combined TRACON& Tower with Radar,0,19,20,53,92,0,0,16,6,22,0,19,36,59,114,22,54,76,190
01/28/2021,MLU,LA,ASW,CE,Combined TRACON& Tower with Radar,0,21,27,48,96,0,2,41,4,47,0,23,68,52,143,46,10,56,199
01/29/2021,MLU,LA,ASW,CE,Combined TRACON& Tower with Radar,0,18,25,14,57,0,1,39,5,45,0,19,64,19,102,72,0,72,174
01/30/2021,MLU,LA,ASW,CE,Combined TRACON& Tower with Radar,0,12,12,0,24,0,0,4,0,4,0,12,16,0,28,0,0,0,28
01/31/2021,MLU,LA,ASW,CE,Combined TRACON& Tower with Radar,0,14,12,4,30,0,0,3,0,3,0,14,15,4,33,6,0,6,39
02/01/2021,MLU,LA,ASW,CE,Combined TRACON& Tower with Radar,0,16,25,45,86,0,0,38,6,44,0,16,63,51,130,10,54,64,194
02/02/2021,MLU,LA,ASW,CE,Combined TRACON& Tower with Radar,0,16,28,7,51,0,2,37,4,43,0,18,65,11,94,80,0,80,174
02/03/2021,MLU,LA,ASW,CE,Combined TRACON& Tower with Radar,0,18,15,38,71,0,0,34,10,44,0,18,49,48,115,50,28,78,193
02/04/2021,MLU,LA,ASW,CE,Combined TRACON& Tower with Radar,0,20,20,2,42,0,0,6,1,7,0,20,26,3,49,0,0,0,49
02/05/2021,MLU,LA,ASW,CE,Combined TRACON& Tower with Radar,0,17,22,14,53,0,1,25,4,30,0,18,47,18,83,30,6,36,119
02/06/2021,MLU,LA,ASW,CE,Combined TRACON& Tower with Radar,1,12,18,4,35,0,0,3,0,3,1,12,21,4,38,0,0,0,38
02/07/2021,MLU,LA,ASW,CE,Combined TRACON& Tower with Radar,0,12,10,12,34,0,0,7,0,7,0,12,17,12,41,0,0,0,41
02/08/2021,MLU,LA,ASW,CE,Combined TRACON& Tower with Radar,0,14,34,24,72,0,0,26,0,26,0,14,60,24,98,42,26,68,166
02/09/2021,MLU,LA,ASW,CE,Combined TRACON& Tower with Radar,0,14,23,31,68,0,0,7,3,10,0,14,30,34,78,30,18,48,126
02/10/2021,MLU,LA,ASW,CE,Combined TRACON& Tower with Radar,0,17,4,4,25,0,0,0,0,0,0,17,4,4,25,0,0,0,25
02/11/2021,MLU,LA,ASW,CE,Combined TRACON& Tower with Radar,0,17,9,0,26,0,0,0,0,0,0,17,9,0,26,0,0,0,26
02/12/2021,MLU,LA,ASW,CE,Combined TRACON& Tower with Radar,4,15,14,0,33,0,0,0,0,0,4,15,14,0,33,0,0,0,33
02/13/2021,MLU,LA,ASW,CE,Combined TRACON& Tower with Radar,0,12,10,0,22,0,0,6,0,6,0,12,16,0,28,0,0,0,28
02/14/2021,MLU,LA,ASW,CE,Combined TRACON& Tower with Radar,0,4,4,0,8,0,0,0,0,0,0,4,4,0,8,0,0,0,8
02/15/2021,MLU,LA,ASW,CE,Combined TRACON& Tower with Radar,0,0,0,0,0,0,0,1,0,1,0,0,1,0,1,0,0,0,1
02/16/2021,MLU,LA,ASW,CE,Combined TRACON& Tower with Radar,0,0,0,0,0,0,1,3,1,5,0,1,3,1,5,0,0,0,5
02/17/2021,MLU,LA,ASW,CE,Combined TRACON& Tower with Radar,0,0,0,0,0,0,0,0,0,0,0,0,0,0,0,0,0,0,0
02/18/2021,MLU,LA,ASW,CE,Combined TRACON& Tower with Radar,0,0,0,0,0,0,0,0,0,0,0,0,0,0,0,0,0,0,0
02/19/2021,MLU,LA,ASW,CE,Combined TRACON& Tower with Radar,0,0,0,0,0,0,6,3,0,9,0,6,3,0,9,0,0,0,9
02/20/2021,MLU,LA,ASW,CE,Combined TRACON& Tower with Radar,0,0,3,0,3,0,4,4,2,10,0,4,7,2,13,0,0,0,13
02/21/2021,MLU,LA,ASW,CE,Combined TRACON& Tower with Radar,4,14,16,0,34,0,0,5,2,7,4,14,21,2,41,0,0,0,41
02/22/2021,MLU,LA,ASW,CE,Combined TRACON& Tower with Radar,0,22,26,0,48,0,0,26,0,26,0,22,52,0,74,4,0,4,78
02/23/2021,MLU,LA,ASW,CE,Combined TRACON& Tower with Radar,0,15,23,3,41,0,0,40,2,42,0,15,63,5,83,36,4,40,123
02/24/2021,MLU,LA,ASW,CE,Combined TRACON& Tower with Radar,0,17,28,19,64,0,0,25,2,27,0,17,53,21,91,14,4,18,109
02/25/2021,MLU,LA,ASW,CE,Combined TRACON& Tower with Radar,1,21,18,9,49,0,4,8,0,12,1,25,26,9,61,18,0,18,79
02/26/2021,MLU,LA,ASW,CE,Combined TRACON& Tower with Radar,0,18,28,19,65,0,0,13,0,13,0,18,41,19,78,10,6,16,94
02/27/2021,MLU,LA,ASW,CE,Combined TRACON& Tower with Radar,0,15,8,0,23,0,0,4,0,4,0,15,12,0,27,8,0,8,35
02/28/2021,MLU,LA,ASW,CE,Combined TRACON& Tower with Radar,6,15,7,1,29,0,0,2,2,4,6,15,9,3,33,0,0,0,33
03/01/2021,MLU,LA,ASW,CE,Combined TRACON& Tower with Radar,0,16,6,0,22,0,0,0,0,0,0,16,6,0,22,0,0,0,22
03/02/2021,MLU,LA,ASW,CE,Combined TRACON& Tower with Radar,0,14,10,3,27,0,0,7,2,9,0,14,17,5,36,44,8,52,88
03/03/2021,MLU,LA,ASW,CE,Combined TRACON& Tower with Radar,0,15,18,24,57,0,4,36,14,54,0,19,54,38,111,8,6,14,125
03/04/2021,MLU,LA,ASW,CE,Combined TRACON& Tower with Radar,0,20,23,24,67,0,4,49,6,59,0,24,72,30,126,28,18,46,172
03/05/2021,MLU,LA,ASW,CE,Combined TRACON& Tower with Radar,0,17,18,2,37,0,2,13,4,19,0,19,31,6,56,14,10,24,80
03/06/2021,MLU,LA,ASW,CE,Combined TRACON& Tower with Radar,0,10,10,0,20,0,1,38,0,39,0,11,48,0,59,40,0,40,99
03/07/2021,MLU,LA,ASW,CE,Combined TRACON& Tower with Radar,0,14,7,4,25,0,0,23,0,23,0,14,30,4,48,0,4,4,52
03/08/2021,MLU,LA,ASW,CE,Combined TRACON& Tower with Radar,0,17,19,43,79,0,1,29,6,36,0,18,48,49,115,40,14,54,169
03/09/2021,MLU,LA,ASW,CE,Combined TRACON& Tower with Radar,0,16,25,14,55,0,0,16,8,24,0,16,41,22,79,0,2,2,81
03/10/2021,MLU,LA,ASW,CE,Combined TRACON& Tower with Radar,0,15,23,9,47,0,0,7,1,8,0,15,30,10,55,6,22,28,83
03/11/2021,MLU,LA,ASW,CE,Combined TRACON& Tower with Radar,0,17,31,13,61,0,0,7,5,12,0,17,38,18,73,2,6,8,81
03/12/2021,MLU,LA,ASW,CE,Combined TRACON& Tower with Radar,0,19,22,13,54,0,0,14,0,14,0,19,36,13,68,32,0,32,100
03/13/2021,MLU,LA,ASW,CE,Combined TRACON& Tower with Radar,0,10,12,4,26,0,0,8,0,8,0,10,20,4,34,10,6,16,50
03/14/2021,MLU,LA,ASW,CE,Combined TRACON& Tower with Radar,0,13,14,2,29,0,0,8,1,9,0,13,22,3,38,8,0,8,46
03/15/2021,MLU,LA,ASW,CE,Combined TRACON& Tower with Radar,0,17,16,9,42,0,0,15,3,18,0,17,31,12,60,36,0,36,96
03/16/2021,MLU,LA,ASW,CE,Combined TRACON& Tower with Radar,0,14,24,12,50,0,0,5,1,6,0,14,29,13,56,14,0,14,70
03/17/2021,MLU,LA,ASW,CE,Combined TRACON& Tower with Radar,0,14,8,1,23,0,0,2,0,2,0,14,10,1,25,0,0,0,25
03/18/2021,MLU,LA,ASW,CE,Combined TRACON& Tower with Radar,0,19,25,0,44,0,0,16,2,18,0,19,41,2,62,0,0,0,62
03/19/2021,MLU,LA,ASW,CE,Combined TRACON& Tower with Radar,0,20,22,0,42,0,0,11,0,11,0,20,33,0,53,24,0,24,77
03/20/2021,MLU,LA,ASW,CE,Combined TRACON& Tower with Radar,0,12,22,2,36,0,4,27,0,31,0,16,49,2,67,26,0,26,93
03/21/2021,MLU,LA,ASW,CE,Combined TRACON& Tower with Radar,0,17,25,1,43,0,2,22,1,25,0,19,47,2,68,38,20,58,126
03/22/2021,MLU,LA,ASW,CE,Combined TRACON& Tower with Radar,0,15,33,8,56,0,1,19,0,20,0,16,52,8,76,4,4,8,84
03/23/2021,MLU,LA,ASW,CE,Combined TRACON& Tower with Radar,0,12,38,4,54,0,0,31,0,31,0,12,69,4,85,12,0,12,97
03/24/2021,MLU,LA,ASW,CE,Combined TRACON& Tower with Radar,0,14,32,3,49,0,1,10,0,11,0,15,42,3,60,34,0,34,94
03/25/2021,MLU,LA,ASW,CE,Combined TRACON& Tower with Radar,0,14,11,4,29,0,1,5,0,6,0,15,16,4,35,16,6,22,57
03/26/2021,MLU,LA,ASW,CE,Combined TRACON& Tower with Radar,0,21,29,26,76,0,1,32,4,37,0,22,61,30,113,30,82,112,225
03/27/2021,MLU,LA,ASW,CE,Combined TRACON& Tower with Radar,0,9,15,0,24,0,0,3,0,3,0,9,18,0,27,0,0,0,27
03/28/2021,MLU,LA,ASW,CE,Combined TRACON& Tower with Radar,0,13,11,0,24,0,0,12,0,12,0,13,23,0,36,4,0,4,40
03/29/2021,MLU,LA,ASW,CE,Combined TRACON& Tower with Radar,0,15,24,37,76,0,0,31,4,35,0,15,55,41,111,32,34,66,177
03/30/2021,MLU,LA,ASW,CE,Combined TRACON& Tower with Radar,0,15,21,25,61,0,0,0,1,1,0,15,21,26,62,0,0,0,62
03/31/2021,MLU,LA,ASW,CE,Combined TRACON& Tower with Radar,0,13,22,38,73,0,0,5,2,7,0,13,27,40,80,0,24,24,104
04/01/2021,MLU,LA,ASW,CE,Combined TRACON& Tower with Radar,0,23,28,44,95,0,1,23,12,36,0,24,51,56,131,0,20,20,151
04/02/2021,MLU,LA,ASW,CE,Combined TRACON& Tower with Radar,0,22,22,12,56,0,1,30,4,35,0,23,52,16,91,62,14,76,167
04/03/2021,MLU,LA,ASW,CE,Combined TRACON& Tower with Radar,0,12,14,0,26,0,0,13,1,14,0,12,27,1,40,28,0,28,68
04/04/2021,MLU,LA,ASW,CE,Combined TRACON& Tower with Radar,0,16,9,0,25,0,0,14,1,15,0,16,23,1,40,0,0,0,40
04/05/2021,MLU,LA,ASW,CE,Combined TRACON& Tower with Radar,0,17,17,55,89,0,0,17,2,19,0,17,34,57,108,10,10,20,128
04/06/2021,MLU,LA,ASW,CE,Combined TRACON& Tower with Radar,1,14,22,37,74,0,0,13,2,15,1,14,35,39,89,10,18,28,117
04/07/2021,MLU,LA,ASW,CE,Combined TRACON& Tower with Radar,0,16,15,0,31,0,0,7,0,7,0,16,22,0,38,0,0,0,38
04/08/2021,MLU,LA,ASW,CE,Combined TRACON& Tower with Radar,1,23,37,86,147,0,0,30,9,39,1,23,67,95,186,12,4,16,202
04/09/2021,MLU,LA,ASW,CE,Combined TRACON& Tower with Radar,0,15,21,0,36,0,0,4,0,4,0,15,25,0,40,0,0,0,40
04/10/2021,MLU,LA,ASW,CE,Combined TRACON& Tower with Radar,0,18,13,1,32,0,0,13,2,15,0,18,26,3,47,34,0,34,81
04/11/2021,MLU,LA,ASW,CE,Combined TRACON& Tower with Radar,0,23,31,4,58,0,0,28,2,30,0,23,59,6,88,8,0,8,96
04/12/2021,MLU,LA,ASW,CE,Combined TRACON& Tower with Radar,0,19,17,55,91,0,0,24,5,29,0,19,41,60,120,26,12,38,158
04/13/2021,MLU,LA,ASW,CE,Combined TRACON& Tower with Radar,0,18,18,33,69,0,0,23,3,26,0,18,41,36,95,22,14,36,131
04/14/2021,MLU,LA,ASW,CE,Combined TRACON& Tower with Radar,4,16,12,0,32,0,0,0,0,0,4,16,12,0,32,0,0,0,32
04/15/2021,MLU,LA,ASW,CE,Combined TRACON& Tower with Radar,0,21,30,66,117,0,1,38,3,42,0,22,68,69,159,56,10,66,225
04/16/2021,MLU,LA,ASW,CE,Combined TRACON& Tower with Radar,4,17,9,0,30,0,0,3,2,5,4,17,12,2,35,0,0,0,35
04/17/2021,MLU,LA,ASW,CE,Combined TRACON& Tower with Radar,0,14,34,0,48,0,0,1,0,1,0,14,35,0,49,0,0,0,49
04/18/2021,MLU,LA,ASW,CE,Combined TRACON& Tower with Radar,0,18,16,0,34,0,2,20,0,22,0,20,36,0,56,20,6,26,82
04/19/2021,MLU,LA,ASW,CE,Combined TRACON& Tower with Radar,0,16,34,49,99,0,1,48,16,65,0,17,82,65,164,36,28,64,228
04/20/2021,MLU,LA,ASW,CE,Combined TRACON& Tower with Radar,0,19,26,24,69,0,1,42,9,52,0,20,68,33,121,12,12,24,145
04/21/2021,MLU,LA,ASW,CE,Combined TRACON& Tower with Radar,2,16,29,43,90,0,7,52,3,62,2,23,81,46,152,70,2,72,224
04/22/2021,MLU,LA,ASW,CE,Combined TRACON& Tower with Radar,2,20,41,47,110,0,6,34,7,47,2,26,75,54,157,32,4,36,193
04/23/2021,MLU,LA,ASW,CE,Combined TRACON& Tower with Radar,0,16,20,3,39,0,0,10,1,11,0,16,30,4,50,0,0,0,50
04/24/2021,MLU,LA,ASW,CE,Combined TRACON& Tower with Radar,0,14,3,8,25,0,0,12,0,12,0,14,15,8,37,14,0,14,51
04/25/2021,MLU,LA,ASW,CE,Combined TRACON& Tower with Radar,0,16,18,0,34,0,0,23,0,23,0,16,41,0,57,44,0,44,101
04/26/2021,MLU,LA,ASW,CE,Combined TRACON& Tower with Radar,0,16,36,45,97,0,0,45,6,51,0,16,81,51,148,64,28,92,240
04/27/2021,MLU,LA,ASW,CE,Combined TRACON& Tower with Radar,0,17,26,30,73,0,0,13,3,16,0,17,39,33,89,26,0,26,115
04/28/2021,MLU,LA,ASW,CE,Combined TRACON& Tower with Radar,0,19,30,21,70,0,1,8,3,12,0,20,38,24,82,14,0,14,96
04/29/2021,MLU,LA,ASW,CE,Combined TRACON& Tower with Radar,0,22,25,30,77,0,0,13,5,18,0,22,38,35,95,2,0,2,97
04/30/2021,MLU,LA,ASW,CE,Combined TRACON& Tower with Radar,0,28,19,2,49,0,0,2,0,2,0,28,21,2,51,0,0,0,51
05/01/2021,MLU,LA,ASW,CE,Combined TRACON& Tower with Radar,0,12,9,1,22,0,0,26,5,31,0,12,35,6,53,40,2,42,95
05/02/2021,MLU,LA,ASW,CE,Combined TRACON& Tower with Radar,0,20,16,0,36,0,0,3,0,3,0,20,19,0,39,0,0,0,39
05/03/2021,MLU,LA,ASW,CE,Combined TRACON& Tower with Radar,0,17,24,64,105,0,0,13,2,15,0,17,37,66,120,8,8,16,136
05/04/2021,MLU,LA,ASW,CE,Combined TRACON& Tower with Radar,0,21,4,0,25,0,0,4,0,4,0,21,8,0,29,18,26,44,73
05/05/2021,MLU,LA,ASW,CE,Combined TRACON& Tower with Radar,0,20,34,61,115,0,0,35,12,47,0,20,69,73,162,6,14,20,182
05/06/2021,MLU,LA,ASW,CE,Combined TRACON& Tower with Radar,0,20,24,27,71,0,0,34,8,42,0,20,58,35,113,8,0,8,121
05/07/2021,MLU,LA,ASW,CE,Combined TRACON& Tower with Radar,2,19,31,21,73,0,0,24,3,27,2,19,55,24,100,30,4,34,134
05/08/2021,MLU,LA,ASW,CE,Combined TRACON& Tower with Radar,0,15,12,8,35,0,0,21,0,21,0,15,33,8,56,24,0,24,80
05/09/2021,MLU,LA,ASW,CE,Combined TRACON& Tower with Radar,0,18,8,0,26,0,0,8,0,8,0,18,16,0,34,0,0,0,34
05/10/2021,MLU,LA,ASW,CE,Combined TRACON& Tower with Radar,2,17,7,16,42,0,0,5,0,5,2,17,12,16,47,4,0,4,51
05/11/2021,MLU,LA,ASW,CE,Combined TRACON& Tower with Radar,2,14,9,0,25,0,0,0,1,1,2,14,9,1,26,10,0,10,36
05/12/2021,MLU,LA,ASW,CE,Combined TRACON& Tower with Radar,0,21,12,29,62,0,0,11,1,12,0,21,23,30,74,80,0,80,154
05/13/2021,MLU,LA,ASW,CE,Combined TRACON& Tower with Radar,0,20,28,22,70,0,1,34,4,39,0,21,62,26,109,56,8,64,173
05/14/2021,MLU,LA,ASW,CE,Combined TRACON& Tower with Radar,0,19,16,60,95,0,0,36,8,44,0,19,52,68,139,68,0,68,207
05/15/2021,MLU,LA,ASW,CE,Combined TRACON& Tower with Radar,2,12,10,5,29,0,0,26,3,29,2,12,36,8,58,26,10,36,94
05/16/2021,MLU,LA,ASW,CE,Combined TRACON& Tower with Radar,0,15,4,0,19,0,0,14,0,14,0,15,18,0,33,8,0,8,41
05/17/2021,MLU,LA,ASW,CE,Combined TRACON& Tower with Radar,0,20,16,0,36,0,0,5,0,5,0,20,21,0,41,12,0,12,53
05/18/2021,MLU,LA,ASW,CE,Combined TRACON& Tower with Radar,0,18,7,2,27,0,0,3,0,3,0,18,10,2,30,0,0,0,30
05/19/2021,MLU,LA,ASW,CE,Combined TRACON& Tower with Radar,0,20,4,0,24,0,0,4,0,4,0,20,8,0,28,0,0,0,28
05/20/2021,MLU,LA,ASW,CE,Combined TRACON& Tower with Radar,0,18,18,5,41,0,0,7,1,8,0,18,25,6,49,28,0,28,77
05/21/2021,MLU,LA,ASW,CE,Combined TRACON& Tower with Radar,0,19,30,0,49,0,0,3,0,3,0,19,33,0,52,14,0,14,66
05/22/2021,MLU,LA,ASW,CE,Combined TRACON& Tower with Radar,0,13,16,0,29,0,0,18,2,20,0,13,34,2,49,64,0,64,113
05/23/2021,MLU,LA,ASW,CE,Combined TRACON& Tower with Radar,0,16,14,0,30,0,0,17,0,17,0,16,31,0,47,12,0,12,59
05/24/2021,MLU,LA,ASW,CE,Combined TRACON& Tower with Radar,0,18,20,51,89,0,0,19,12,31,0,18,39,63,120,18,8,26,146
05/25/2021,MLU,LA,ASW,CE,Combined TRACON& Tower with Radar,0,18,25,73,116,0,0,19,2,21,0,18,44,75,137,0,18,18,155
05/26/2021,MLU,LA,ASW,CE,Combined TRACON& Tower with Radar,0,18,40,14,72,0,0,29,3,32,0,18,69,17,104,44,0,44,148
05/27/2021,MLU,LA,ASW,CE,Combined TRACON& Tower with Radar,0,16,21,30,67,0,0,36,5,41,0,16,57,35,108,40,8,48,156
05/28/2021,MLU,LA,ASW,CE,Combined TRACON& Tower with Radar,0,19,18,0,37,0,0,9,0,9,0,19,27,0,46,32,0,32,78
05/29/2021,MLU,LA,ASW,CE,Combined TRACON& Tower with Radar,0,14,9,0,23,0,0,17,0,17,0,14,26,0,40,16,0,16,56
05/30/2021,MLU,LA,ASW,CE,Combined TRACON& Tower with Radar,0,14,12,0,26,0,0,24,0,24,0,14,36,0,50,28,0,28,78
05/31/2021,MLU,LA,ASW,CE,Combined TRACON& Tower with Radar,0,13,13,3,29,0,0,29,4,33,0,13,42,7,62,38,0,38,100
06/01/2021,MLU,LA,ASW,CE,Combined TRACON& Tower with Radar,0,16,23,12,51,0,0,1,0,1,0,16,24,12,52,10,0,10,62
06/02/2021,MLU,LA,ASW,CE,Combined TRACON& Tower with Radar,2,18,15,25,60,0,0,19,1,20,2,18,34,26,80,16,0,16,96
06/03/2021,MLU,LA,ASW,CE,Combined TRACON& Tower with Radar,0,15,29,25,69,0,0,28,5,33,0,15,57,30,102,36,0,36,138
06/04/2021,MLU,LA,ASW,CE,Combined TRACON& Tower with Radar,0,15,8,14,37,0,1,4,2,7,0,16,12,16,44,10,0,10,54
06/05/2021,MLU,LA,ASW,CE,Combined TRACON& Tower with Radar,0,15,9,12,36,0,0,3,0,3,0,15,12,12,39,8,0,8,47
06/06/2021,MLU,LA,ASW,CE,Combined TRACON& Tower with Radar,0,17,5,6,28,0,0,4,1,5,0,17,9,7,33,6,0,6,39
06/07/2021,MLU,LA,ASW,CE,Combined TRACON& Tower with Radar,0,18,11,0,29,0,0,3,0,3,0,18,14,0,32,0,0,0,32
06/08/2021,MLU,LA,ASW,CE,Combined TRACON& Tower with Radar,0,19,17,23,59,0,0,0,0,0,0,19,17,23,59,0,0,0,59
06/09/2021,MLU,LA,ASW,CE,Combined TRACON& Tower with Radar,0,20,18,6,44,0,0,5,0,5,0,20,23,6,49,0,0,0,49
06/10/2021,MLU,LA,ASW,CE,Combined TRACON& Tower with Radar,0,24,24,4,52,0,0,26,4,30,0,24,50,8,82,16,10,26,108
06/11/2021,MLU,LA,ASW,CE,Combined TRACON& Tower with Radar,0,20,28,80,128,0,0,28,22,50,0,20,56,102,178,42,8,50,228
06/12/2021,MLU,LA,ASW,CE,Combined TRACON& Tower with Radar,0,16,16,18,50,0,0,24,3,27,0,16,40,21,77,30,20,50,127
06/13/2021,MLU,LA,ASW,CE,Combined TRACON& Tower with Radar,2,11,10,0,23,0,0,6,1,7,2,11,16,1,30,10,0,10,40
06/14/2021,MLU,LA,ASW,CE,Combined TRACON& Tower with Radar,2,17,25,19,63,0,0,39,4,43,2,17,64,23,106,26,8,34,140
06/15/2021,MLU,LA,ASW,CE,Combined TRACON& Tower with Radar,2,16,20,47,85,0,1,34,10,45,2,17,54,57,130,26,10,36,166
06/16/2021,MLU,LA,ASW,CE,Combined TRACON& Tower with Radar,2,17,20,26,65,0,0,34,8,42,2,17,54,34,107,56,4,60,167
06/17/2021,MLU,LA,ASW,CE,Combined TRACON& Tower with Radar,1,15,17,19,52,0,1,37,2,40,1,16,54,21,92,26,0,26,118
06/18/2021,MLU,LA,ASW,CE,Combined TRACON& Tower with Radar,2,15,15,5,37,0,1,30,3,34,2,16,45,8,71,42,12,54,125
06/19/2021,MLU,LA,ASW,CE,Combined TRACON& Tower with Radar,0,13,8,0,21,0,0,24,0,24,0,13,32,0,45,30,0,30,75
06/20/2021,MLU,LA,ASW,CE,Combined TRACON& Tower with Radar,0,13,11,11,35,0,0,13,4,17,0,13,24,15,52,8,8,16,68
06/21/2021,MLU,LA,ASW,CE,Combined TRACON& Tower with Radar,2,15,13,20,50,0,0,10,0,10,2,15,23,20,60,0,0,0,60
06/22/2021,MLU,LA,ASW,CE,Combined TRACON& Tower with Radar,4,14,19,29,66,0,0,26,7,33,4,14,45,36,99,36,4,40,139
06/23/2021,MLU,LA,ASW,CE,Combined TRACON& Tower with Radar,2,16,35,18,71,0,0,33,2,35,2,16,68,20,106,44,20,64,170
06/24/2021,MLU,LA,ASW,CE,Combined TRACON& Tower with Radar,0,15,32,17,64,0,0,13,1,14,0,15,45,18,78,46,12,58,136
06/25/2021,MLU,LA,ASW,CE,Combined TRACON& Tower with Radar,0,16,25,38,79,0,0,15,0,15,0,16,40,38,94,4,12,16,110
06/26/2021,MLU,LA,ASW,CE,Combined TRACON& Tower with Radar,0,13,19,0,32,0,0,6,0,6,0,13,25,0,38,10,0,10,48
06/27/2021,MLU,LA,ASW,CE,Combined TRACON& Tower with Radar,0,13,10,5,28,0,0,8,0,8,0,13,18,5,36,12,0,12,48
06/28/2021,MLU,LA,ASW,CE,Combined TRACON& Tower with Radar,0,14,11,17,42,0,3,7,2,12,0,17,18,19,54,0,0,0,54
06/29/2021,MLU,LA,ASW,CE,Combined TRACON& Tower with Radar,0,16,19,31,66,0,0,9,4,13,0,16,28,35,79,56,10,66,145
06/30/2021,MLU,LA,ASW,CE,Combined TRACON& Tower with Radar,0,17,26,37,80,0,0,28,3,31,0,17,54,40,111,32,4,36,147
07/01/2021,MLU,LA,ASW,CE,Combined TRACON& Tower with Radar,0,15,40,30,85,0,0,35,13,48,0,15,75,43,133,34,6,40,173
07/02/2021,MLU,LA,ASW,CE,Combined TRACON& Tower with Radar,0,17,10,0,27,0,0,3,0,3,0,17,13,0,30,8,0,8,38
07/03/2021,MLU,LA,ASW,CE,Combined TRACON& Tower with Radar,0,15,12,0,27,0,0,29,0,29,0,15,41,0,56,48,0,48,104
07/04/2021,MLU,LA,ASW,CE,Combined TRACON& Tower with Radar,0,13,1,0,14,0,0,19,0,19,0,13,20,0,33,4,0,4,37
07/05/2021,MLU,LA,ASW,CE,Combined TRACON& Tower with Radar,0,17,18,8,43,0,0,25,0,25,0,17,43,8,68,52,0,52,120
07/06/2021,MLU,LA,ASW,CE,Combined TRACON& Tower with Radar,0,14,14,18,46,0,1,12,4,17,0,15,26,22,63,46,10,56,119
07/07/2021,MLU,LA,ASW,CE,Combined TRACON& Tower with Radar,0,17,24,16,57,0,0,13,0,13,0,17,37,16,70,20,22,42,112
07/08/2021,MLU,LA,ASW,CE,Combined TRACON& Tower with Radar,0,22,17,38,77,0,1,29,1,31,0,23,46,39,108,82,6,88,196
07/09/2021,MLU,LA,ASW,CE,Combined TRACON& Tower with Radar,2,14,35,26,77,0,0,41,0,41,2,14,76,26,118,4,20,24,142
07/10/2021,MLU,LA,ASW,CE,Combined TRACON& Tower with Radar,0,14,16,0,30,0,0,3,0,3,0,14,19,0,33,10,0,10,43
07/11/2021,MLU,LA,ASW,CE,Combined TRACON& Tower with Radar,0,13,9,0,22,0,0,7,0,7,0,13,16,0,29,0,0,0,29
07/12/2021,MLU,LA,ASW,CE,Combined TRACON& Tower with Radar,0,15,11,31,57,0,0,10,0,10,0,15,21,31,67,10,32,42,109
07/13/2021,MLU,LA,ASW,CE,Combined TRACON& Tower with Radar,2,14,14,29,59,0,0,23,9,32,2,14,37,38,91,36,0,36,127
07/14/2021,MLU,LA,ASW,CE,Combined TRACON& Tower with Radar,1,20,19,59,99,0,1,28,11,40,1,21,47,70,139,0,18,18,157
07/15/2021,MLU,LA,ASW,CE,Combined TRACON& Tower with Radar,1,22,23,28,74,0,0,26,1,27,1,22,49,29,101,10,18,28,129
07/16/2021,MLU,LA,ASW,CE,Combined TRACON& Tower with Radar,2,19,21,2,44,0,0,4,0,4,2,19,25,2,48,0,2,2,50
07/17/2021,MLU,LA,ASW,CE,Combined TRACON& Tower with Radar,0,13,6,0,19,0,2,9,0,11,0,15,15,0,30,22,0,22,52
07/18/2021,MLU,LA,ASW,CE,Combined TRACON& Tower with Radar,0,15,11,0,26,0,0,8,0,8,0,15,19,0,34,22,0,22,56
07/19/2021,MLU,LA,ASW,CE,Combined TRACON& Tower with Radar,0,12,14,0,26,0,0,2,0,2,0,12,16,0,28,12,0,12,40
07/20/2021,MLU,LA,ASW,CE,Combined TRACON& Tower with Radar,0,11,12,2,25,0,0,12,2,14,0,11,24,4,39,16,4,20,59
07/21/2021,MLU,LA,ASW,CE,Combined TRACON& Tower with Radar,2,14,22,38,76,0,0,20,1,21,2,14,42,39,97,22,24,46,143
07/22/2021,MLU,LA,ASW,CE,Combined TRACON& Tower with Radar,1,14,29,15,59,0,0,25,1,26,1,14,54,16,85,48,34,82,167
07/23/2021,MLU,LA,ASW,CE,Combined TRACON& Tower with Radar,0,15,15,39,69,0,0,30,2,32,0,15,45,41,101,4,14,18,119
07/24/2021,MLU,LA,ASW,CE,Combined TRACON& Tower with Radar,0,13,19,0,32,0,0,17,0,17,0,13,36,0,49,0,0,0,49
07/25/2021,MLU,LA,ASW,CE,Combined TRACON& Tower with Radar,0,13,13,0,26,0,0,19,0,19,0,13,32,0,45,4,0,4,49
07/26/2021,MLU,LA,ASW,CE,Combined TRACON& Tower with Radar,0,16,20,47,83,0,2,16,3,21,0,18,36,50,104,22,8,30,134
07/27/2021,MLU,LA,ASW,CE,Combined TRACON& Tower with Radar,2,18,14,4,38,0,0,16,3,19,2,18,30,7,57,28,0,28,85
07/28/2021,MLU,LA,ASW,CE,Combined TRACON& Tower with Radar,2,14,28,30,74,0,0,23,19,42,2,14,51,49,116,26,30,56,172
07/29/2021,MLU,LA,ASW,CE,Combined TRACON& Tower with Radar,1,17,19,43,80,0,0,37,10,47,1,17,56,53,127,34,22,56,183
07/30/2021,MLU,LA,ASW,CE,Combined TRACON& Tower with Radar,1,18,24,40,83,0,0,27,9,36,1,18,51,49,119,64,8,72,191
07/31/2021,MLU,LA,ASW,CE,Combined TRACON& Tower with Radar,0,17,10,6,33,0,0,18,0,18,0,17,28,6,51,26,0,26,77
08/01/2021,MLU,LA,ASW,CE,Combined TRACON& Tower with Radar,0,14,14,0,28,0,0,8,0,8,0,14,22,0,36,10,0,10,46
08/02/2021,MLU,LA,ASW,CE,Combined TRACON& Tower with Radar,0,17,26,0,43,0,0,1,0,1,0,17,27,0,44,8,0,8,52
08/03/2021,MLU,LA,ASW,CE,Combined TRACON& Tower with Radar,2,16,26,24,68,0,0,16,3,19,2,16,42,27,87,56,6,62,149
08/04/2021,MLU,LA,ASW,CE,Combined TRACON& Tower with Radar,1,15,29,24,69,0,0,42,7,49,1,15,71,31,118,98,14,112,230
08/05/2021,MLU,LA,ASW,CE,Combined TRACON& Tower with Radar,1,16,20,4,41,0,2,27,10,39,1,18,47,14,80,28,6,34,114
08/06/2021,MLU,LA,ASW,CE,Combined TRACON& Tower with Radar,1,18,15,9,43,0,0,22,0,22,1,18,37,9,65,8,2,10,75
08/07/2021,MLU,LA,ASW,CE,Combined TRACON& Tower with Radar,0,12,8,4,24,0,0,10,0,10,0,12,18,4,34,10,0,10,44
08/08/2021,MLU,LA,ASW,CE,Combined TRACON& Tower with Radar,0,20,11,6,37,0,0,9,0,9,0,20,20,6,46,10,2,12,58
08/09/2021,MLU,LA,ASW,CE,Combined TRACON& Tower with Radar,0,16,17,39,72,0,0,26,0,26,0,16,43,39,98,68,2,70,168
08/10/2021,MLU,LA,ASW,CE,Combined TRACON& Tower with Radar,2,11,25,73,111,0,0,21,8,29,2,11,46,81,140,36,4,40,180
08/11/2021,MLU,LA,ASW,CE,Combined TRACON& Tower with Radar,2,16,15,34,67,0,0,24,6,30,2,16,39,40,97,14,20,34,131
08/12/2021,MLU,LA,ASW,CE,Combined TRACON& Tower with Radar,0,18,17,19,54,0,0,13,15,28,0,18,30,34,82,0,0,0,82
08/13/2021,MLU,LA,ASW,CE,Combined TRACON& Tower with Radar,1,16,29,68,114,0,0,40,14,54,1,16,69,82,168,0,10,10,178
08/14/2021,MLU,LA,ASW,CE,Combined TRACON& Tower with Radar,0,10,2,0,12,0,0,7,0,7,0,10,9,0,19,0,0,0,19
08/15/2021,MLU,LA,ASW,CE,Combined TRACON& Tower with Radar,0,19,12,2,33,0,0,13,0,13,0,19,25,2,46,12,4,16,62
08/16/2021,MLU,LA,ASW,CE,Combined TRACON& Tower with Radar,0,19,16,46,81,0,3,7,0,10,0,22,23,46,91,10,12,22,113
08/17/2021,MLU,LA,ASW,CE,Combined TRACON& Tower with Radar,2,16,11,16,45,0,2,15,6,23,2,18,26,22,68,26,0,26,94
08/18/2021,MLU,LA,ASW,CE,Combined TRACON& Tower with Radar,2,12,14,29,57,0,1,22,2,25,2,13,36,31,82,40,0,40,122
08/19/2021,MLU,LA,ASW,CE,Combined TRACON& Tower with Radar,2,16,10,0,28,0,2,2,0,4,2,18,12,0,32,0,0,0,32
08/20/2021,MLU,LA,ASW,CE,Combined TRACON& Tower with Radar,2,18,15,57,92,0,3,13,1,17,2,21,28,58,109,18,0,18,127
08/21/2021,MLU,LA,ASW,CE,Combined TRACON& Tower with Radar,0,13,14,4,31,0,1,22,3,26,0,14,36,7,57,42,26,68,125
08/22/2021,MLU,LA,ASW,CE,Combined TRACON& Tower with Radar,0,17,11,0,28,0,0,18,0,18,0,17,29,0,46,0,4,4,50
08/23/2021,MLU,LA,ASW,CE,Combined TRACON& Tower with Radar,0,15,17,45,77,0,0,20,2,22,0,15,37,47,99,26,0,26,125
08/24/2021,MLU,LA,ASW,CE,Combined TRACON& Tower with Radar,2,16,24,34,76,0,0,29,10,39,2,16,53,44,115,14,6,20,135
08/25/2021,MLU,LA,ASW,CE,Combined TRACON& Tower with Radar,2,15,25,64,106,0,0,30,2,32,2,15,55,66,138,34,4,38,176
08/26/2021,MLU,LA,ASW,CE,Combined TRACON& Tower with Radar,2,21,18,41,82,0,0,6,8,14,2,21,24,49,96,24,0,24,120
08/27/2021,MLU,LA,ASW,CE,Combined TRACON& Tower with Radar,2,16,26,51,95,0,0,21,12,33,2,16,47,63,128,12,34,46,174
08/28/2021,MLU,LA,ASW,CE,Combined TRACON& Tower with Radar,0,18,11,1,30,0,0,26,4,30,0,18,37,5,60,28,10,38,98
08/29/2021,MLU,LA,ASW,CE,Combined TRACON& Tower with Radar,0,14,2,0,16,0,1,3,0,4,0,15,5,0,20,0,0,0,20
08/30/2021,MLU,LA,ASW,CE,Combined TRACON& Tower with Radar,0,15,2,1,18,0,1,3,0,4,0,16,5,1,22,0,0,0,22
08/31/2021,MLU,LA,ASW,CE,Combined TRACON& Tower with Radar,1,18,14,21,54,0,0,33,0,33,1,18,47,21,87,34,0,34,121
09/01/2021,MLU,LA,ASW,CE,Combined TRACON& Tower with Radar,2,16,10,32,60,0,1,40,13,54,2,17,50,45,114,32,18,50,164
09/02/2021,MLU,LA,ASW,CE,Combined TRACON& Tower with Radar,1,20,25,43,89,0,0,42,15,57,1,20,67,58,146,34,22,56,202
09/03/2021,MLU,LA,ASW,CE,Combined TRACON& Tower with Radar,4,16,16,0,36,0,1,23,0,24,4,17,39,0,60,6,0,6,66
09/04/2021,MLU,LA,ASW,CE,Combined TRACON& Tower with Radar,5,14,8,0,27,0,0,18,0,18,5,14,26,0,45,0,0,0,45
09/05/2021,MLU,LA,ASW,CE,Combined TRACON& Tower with Radar,0,14,3,3,20,0,0,9,0,9,0,14,12,3,29,0,0,0,29
09/06/2021,MLU,LA,ASW,CE,Combined TRACON& Tower with Radar,1,14,10,0,25,0,0,15,0,15,1,14,25,0,40,0,0,0,40
09/07/2021,MLU,LA,ASW,CE,Combined TRACON& Tower with Radar,0,13,23,50,86,0,0,47,8,55,0,13,70,58,141,54,0,54,195
09/08/2021,MLU,LA,ASW,CE,Combined TRACON& Tower with Radar,2,13,24,52,91,0,0,37,8,45,2,13,61,60,136,76,10,86,222
09/09/2021,MLU,LA,ASW,CE,Combined TRACON& Tower with Radar,2,19,31,19,71,0,0,31,7,38,2,19,62,26,109,0,4,4,113
09/10/2021,MLU,LA,ASW,CE,Combined TRACON& Tower with Radar,2,17,15,26,60,0,0,16,1,17,2,17,31,27,77,22,0,22,99
09/11/2021,MLU,LA,ASW,CE,Combined TRACON& Tower with Radar,0,13,15,0,28,0,0,26,0,26,0,13,41,0,54,32,0,32,86
09/12/2021,MLU,LA,ASW,CE,Combined TRACON& Tower with Radar,0,16,21,0,37,0,0,24,2,26,0,16,45,2,63,8,0,8,71
09/13/2021,MLU,LA,ASW,CE,Combined TRACON& Tower with Radar,0,18,22,16,56,0,0,2,0,2,0,18,24,16,58,0,0,0,58
09/14/2021,MLU,LA,ASW,CE,Combined TRACON& Tower with Radar,2,16,16,0,34,0,0,0,0,0,2,16,16,0,34,0,0,0,34
09/15/2021,MLU,LA,ASW,CE,Combined TRACON& Tower with Radar,0,18,25,13,56,0,0,5,0,5,0,18,30,13,61,0,6,6,67
09/16/2021,MLU,LA,ASW,CE,Combined TRACON& Tower with Radar,2,19,18,26,65,0,0,3,0,3,2,19,21,26,68,8,0,8,76
09/17/2021,MLU,LA,ASW,CE,Combined TRACON& Tower with Radar,2,23,14,2,41,0,0,2,0,2,2,23,16,2,43,10,0,10,53
09/18/2021,MLU,LA,ASW,CE,Combined TRACON& Tower with Radar,0,15,20,1,36,0,0,9,0,9,0,15,29,1,45,0,0,0,45
09/19/2021,MLU,LA,ASW,CE,Combined TRACON& Tower with Radar,0,23,18,4,45,0,0,5,1,6,0,23,23,5,51,0,0,0,51
09/20/2021,MLU,LA,ASW,CE,Combined TRACON& Tower with Radar,0,20,27,22,69,0,0,6,0,6,0,20,33,22,75,10,0,10,85
09/21/2021,MLU,LA,ASW,CE,Combined TRACON& Tower with Radar,2,11,27,31,71,0,0,18,2,20,2,11,45,33,91,10,0,10,101
09/22/2021,MLU,LA,ASW,CE,Combined TRACON& Tower with Radar,2,20,37,20,79,0,1,30,7,38,2,21,67,27,117,52,20,72,189
09/23/2021,MLU,LA,ASW,CE,Combined TRACON& Tower with Radar,2,19,22,12,55,0,0,22,10,32,2,19,44,22,87,34,0,34,121
09/24/2021,MLU,LA,ASW,CE,Combined TRACON& Tower with Radar,2,19,13,19,53,0,0,34,5,39,2,19,47,24,92,18,6,24,116
09/25/2021,MLU,LA,ASW,CE,Combined TRACON& Tower with Radar,0,13,7,4,24,0,0,19,0,19,0,13,26,4,43,36,0,36,79
09/26/2021,MLU,LA,ASW,CE,Combined TRACON& Tower with Radar,0,17,12,0,29,0,1,20,0,21,0,18,32,0,50,2,0,2,52
09/27/2021,MLU,LA,ASW,CE,Combined TRACON& Tower with Radar,0,15,27,21,63,0,1,33,7,41,0,16,60,28,104,76,36,112,216
09/28/2021,MLU,LA,ASW,CE,Combined TRACON& Tower with Radar,0,14,19,4,37,0,1,8,4,13,0,15,27,8,50,2,32,34,84
09/29/2021,MLU,LA,ASW,CE,Combined TRACON& Tower with Radar,2,17,8,0,27,0,0,5,3,8,2,17,13,3,35,0,0,0,35
09/30/2021,MLU,LA,ASW,CE,Combined TRACON& Tower with Radar,2,16,23,28,69,0,0,13,1,14,2,16,36,29,83,22,2,24,107
10/01/2021,MLU,LA,ASW,CE,Combined TRACON& Tower with Radar,6,21,22,6,55,0,0,6,0,6,6,21,28,6,61,0,0,0,61
10/02/2021,MLU,LA,ASW,CE,Combined TRACON& Tower with Radar,2,13,6,0,21,0,0,0,0,0,2,13,6,0,21,2,0,2,23
10/03/2021,MLU,LA,ASW,CE,Combined TRACON& Tower with Radar,0,13,22,0,35,0,0,4,0,4,0,13,26,0,39,8,0,8,47
10/04/2021,MLU,LA,ASW,CE,Combined TRACON& Tower with Radar,0,18,27,69,114,0,0,20,14,34,0,18,47,83,148,84,38,122,270
10/05/2021,MLU,LA,ASW,CE,Combined TRACON& Tower with Radar,2,9,15,54,80,0,0,26,2,28,2,9,41,56,108,50,18,68,176
10/06/2021,MLU,LA,ASW,CE,Combined TRACON& Tower with Radar,0,15,21,50,86,0,1,50,3,54,0,16,71,53,140,52,42,94,234
10/07/2021,MLU,LA,ASW,CE,Combined TRACON& Tower with Radar,0,20,26,40,86,0,0,32,11,43,0,20,58,51,129,58,10,68,197
10/08/2021,MLU,LA,ASW,CE,Combined TRACON& Tower with Radar,1,20,28,21,70,0,0,34,15,49,1,20,62,36,119,82,16,98,217
10/09/2021,MLU,LA,ASW,CE,Combined TRACON& Tower with Radar,0,16,14,0,30,0,0,19,0,19,0,16,33,0,49,66,0,66,115
10/10/2021,MLU,LA,ASW,CE,Combined TRACON& Tower with Radar,0,20,21,0,41,0,1,16,0,17,0,21,37,0,58,2,0,2,60
10/11/2021,MLU,LA,ASW,CE,Combined TRACON& Tower with Radar,1,15,15,2,33,0,0,9,0,9,1,15,24,2,42,30,2,32,74
10/12/2021,MLU,LA,ASW,CE,Combined TRACON& Tower with Radar,1,14,23,4,42,0,0,7,3,10,1,14,30,7,52,14,0,14,66
10/13/2021,MLU,LA,ASW,CE,Combined TRACON& Tower with Radar,1,19,29,15,64,0,1,29,3,33,1,20,58,18,97,80,12,92,189
10/14/2021,MLU,LA,ASW,CE,Combined TRACON& Tower with Radar,1,18,32,30,81,0,0,19,1,20,1,18,51,31,101,52,6,58,159
10/15/2021,MLU,LA,ASW,CE,Combined TRACON& Tower with Radar,3,18,34,12,67,0,0,17,1,18,3,18,51,13,85,28,0,28,113
10/16/2021,MLU,LA,ASW,CE,Combined TRACON& Tower with Radar,0,14,19,11,44,0,0,29,0,29,0,14,48,11,73,46,14,60,133
10/17/2021,MLU,LA,ASW,CE,Combined TRACON& Tower with Radar,0,13,21,5,39,0,0,28,1,29,0,13,49,6,68,20,0,20,88
10/18/2021,MLU,LA,ASW,CE,Combined TRACON& Tower with Radar,1,15,20,37,73,0,1,32,0,33,1,16,52,37,106,40,4,44,150
10/19/2021,MLU,LA,ASW,CE,Combined TRACON& Tower with Radar,3,13,23,12,51,0,0,28,6,34,3,13,51,18,85,42,16,58,143
10/20/2021,MLU,LA,ASW,CE,Combined TRACON& Tower with Radar,1,15,31,35,82,0,0,24,4,28,1,15,55,39,110,62,2,64,174
10/21/2021,MLU,LA,ASW,CE,Combined TRACON& Tower with Radar,7,14,23,44,88,0,1,26,2,29,7,15,49,46,117,10,2,12,129
10/22/2021,MLU,LA,ASW,CE,Combined TRACON& Tower with Radar,1,16,12,4,33,0,2,32,2,36,1,18,44,6,69,74,4,78,147
10/23/2021,MLU,LA,ASW,CE,Combined TRACON& Tower with Radar,2,11,6,0,19,0,0,28,1,29,2,11,34,1,48,22,0,22,70
10/24/2021,MLU,LA,ASW,CE,Combined TRACON& Tower with Radar,0,13,19,0,32,0,0,1,0,1,0,13,20,0,33,0,0,0,33
10/25/2021,MLU,LA,ASW,CE,Combined TRACON& Tower with Radar,2,20,15,2,39,0,1,28,0,29,2,21,43,2,68,18,0,18,86
10/26/2021,MLU,LA,ASW,CE,Combined TRACON& Tower with Radar,0,14,13,53,80,0,0,28,8,36,0,14,41,61,116,50,20,70,186
10/27/2021,MLU,LA,ASW,CE,Combined TRACON& Tower with Radar,2,12,8,0,22,0,0,5,0,5,2,12,13,0,27,0,0,0,27
10/28/2021,MLU,LA,ASW,CE,Combined TRACON& Tower with Radar,3,16,25,72,116,0,0,7,2,9,3,16,32,74,125,0,8,8,133
10/29/2021,MLU,LA,ASW,CE,Combined TRACON& Tower with Radar,7,17,18,43,85,0,0,18,1,19,7,17,36,44,104,2,22,24,128
10/30/2021,MLU,LA,ASW,CE,Combined TRACON& Tower with Radar,0,11,13,6,30,0,0,19,0,19,0,11,32,6,49,6,0,6,55
10/31/2021,MLU,LA,ASW,CE,Combined TRACON& Tower with Radar,0,13,30,5,48,0,1,21,0,22,0,14,51,5,70,16,0,16,86
11/01/2021,MLU,LA,ASW,CE,Combined TRACON& Tower with Radar,0,15,23,34,72,0,1,37,10,48,0,16,60,44,120,28,20,48,168
11/02/2021,MLU,LA,ASW,CE,Combined TRACON& Tower with Radar,0,16,29,41,86,0,0,29,10,39,0,16,58,51,125,20,6,26,151
11/03/2021,MLU,LA,ASW,CE,Combined TRACON& Tower with Radar,0,21,13,0,34,0,0,0,0,0,0,21,13,0,34,0,0,0,34
11/04/2021,MLU,LA,ASW,CE,Combined TRACON& Tower with Radar,0,20,26,48,94,0,1,33,8,42,0,21,59,56,136,44,4,48,184
11/05/2021,MLU,LA,ASW,CE,Combined TRACON& Tower with Radar,2,18,25,47,92,0,0,40,17,57,2,18,65,64,149,36,34,70,219
11/06/2021,MLU,LA,ASW,CE,Combined TRACON& Tower with Radar,2,16,12,3,33,0,0,14,2,16,2,16,26,5,49,0,4,4,53
11/07/2021,MLU,LA,ASW,CE,Combined TRACON& Tower with Radar,0,13,22,6,41,0,0,22,3,25,0,13,44,9,66,22,0,22,88
11/08/2021,MLU,LA,ASW,CE,Combined TRACON& Tower with Radar,0,17,24,20,61,0,0,29,7,36,0,17,53,27,97,16,4,20,117
11/09/2021,MLU,LA,ASW,CE,Combined TRACON& Tower with Radar,0,18,17,26,61,0,0,20,4,24,0,18,37,30,85,52,6,58,143
11/10/2021,MLU,LA,ASW,CE,Combined TRACON& Tower with Radar,0,17,16,15,48,0,2,19,1,22,0,19,35,16,70,22,0,22,92
11/11/2021,MLU,LA,ASW,CE,Combined TRACON& Tower with Radar,0,20,36,4,60,0,0,24,0,24,0,20,60,4,84,8,4,12,96
11/12/2021,MLU,LA,ASW,CE,Combined TRACON& Tower with Radar,3,23,31,12,69,0,1,25,0,26,3,24,56,12,95,24,0,24,119
11/13/2021,MLU,LA,ASW,CE,Combined TRACON& Tower with Radar,3,11,17,1,32,0,0,25,0,25,3,11,42,1,57,8,6,14,71
11/14/2021,MLU,LA,ASW,CE,Combined TRACON& Tower with Radar,0,18,13,4,35,0,0,6,0,6,0,18,19,4,41,8,0,8,49
11/15/2021,MLU,LA,ASW,CE,Combined TRACON& Tower with Radar,0,17,19,47,83,0,0,28,0,28,0,17,47,47,111,32,4,36,147
11/16/2021,MLU,LA,ASW,CE,Combined TRACON& Tower with Radar,0,18,30,69,117,0,0,17,5,22,0,18,47,74,139,10,22,32,171
11/17/2021,MLU,LA,ASW,CE,Combined TRACON& Tower with Radar,0,20,20,24,64,0,0,24,3,27,0,20,44,27,91,6,0,6,97
11/18/2021,MLU,LA,ASW,CE,Combined TRACON& Tower with Radar,0,25,19,43,87,0,0,11,4,15,0,25,30,47,102,0,20,20,122
11/19/2021,MLU,LA,ASW,CE,Combined TRACON& Tower with Radar,0,15,21,64,100,0,0,31,13,44,0,15,52,77,144,16,12,28,172
11/20/2021,MLU,LA,ASW,CE,Combined TRACON& Tower with Radar,0,13,11,0,24,0,0,25,0,25,0,13,36,0,49,10,0,10,59
11/21/2021,MLU,LA,ASW,CE,Combined TRACON& Tower with Radar,0,13,14,0,27,0,2,8,0,10,0,15,22,0,37,0,0,0,37
11/22/2021,MLU,LA,ASW,CE,Combined TRACON& Tower with Radar,0,19,30,46,95,0,1,29,7,37,0,20,59,53,132,6,4,10,142
11/23/2021,MLU,LA,ASW,CE,Combined TRACON& Tower with Radar,1,19,28,39,87,0,0,35,4,39,1,19,63,43,126,0,4,4,130
11/24/2021,MLU,LA,ASW,CE,Combined TRACON& Tower with Radar,0,22,16,31,69,0,0,18,0,18,0,22,34,31,87,12,8,20,107
11/25/2021,MLU,LA,ASW,CE,Combined TRACON& Tower with Radar,0,11,2,0,13,0,0,1,0,1,0,11,3,0,14,0,0,0,14
11/26/2021,MLU,LA,ASW,CE,Combined TRACON& Tower with Radar,0,16,8,1,25,0,1,12,0,13,0,17,20,1,38,26,0,26,64
11/27/2021,MLU,LA,ASW,CE,Combined TRACON& Tower with Radar,0,17,6,0,23,0,1,8,1,10,0,18,14,1,33,48,0,48,81
11/28/2021,MLU,LA,ASW,CE,Combined TRACON& Tower with Radar,1,17,21,0,39,0,0,5,0,5,1,17,26,0,44,2,0,2,46
11/29/2021,MLU,LA,ASW,CE,Combined TRACON& Tower with Radar,1,16,20,45,82,0,0,24,5,29,1,16,44,50,111,60,30,90,201
11/30/2021,MLU,LA,ASW,CE,Combined TRACON& Tower with Radar,0,18,20,28,66,0,2,24,6,32,0,20,44,34,98,32,0,32,130
12/01/2021,MLU,LA,ASW,CE,Combined TRACON& Tower with Radar,0,19,21,32,72,0,1,32,3,36,0,20,53,35,108,86,22,108,216
12/02/2021,MLU,LA,ASW,CE,Combined TRACON& Tower with Radar,0,18,22,17,57,0,3,17,12,32,0,21,39,29,89,44,0,44,133
12/03/2021,MLU,LA,ASW,CE,Combined TRACON& Tower with Radar,0,18,21,8,47,0,1,11,0,12,0,19,32,8,59,16,4,20,79
12/04/2021,MLU,LA,ASW,CE,Combined TRACON& Tower with Radar,0,13,8,0,21,0,1,6,0,7,0,14,14,0,28,0,0,0,28
12/05/2021,MLU,LA,ASW,CE,Combined TRACON& Tower with Radar,0,13,19,33,65,0,1,11,0,12,0,14,30,33,77,0,0,0,77
12/06/2021,MLU,LA,ASW,CE,Combined TRACON& Tower with Radar,0,17,7,20,44,0,0,8,2,10,0,17,15,22,54,2,0,2,56
12/07/2021,MLU,LA,ASW,CE,Combined TRACON& Tower with Radar,0,18,19,16,53,0,1,8,1,10,0,19,27,17,63,2,2,4,67
12/08/2021,MLU,LA,ASW,CE,Combined TRACON& Tower with Radar,0,15,25,13,53,0,0,39,2,41,0,15,64,15,94,62,0,62,156
12/09/2021,MLU,LA,ASW,CE,Combined TRACON& Tower with Radar,0,16,30,13,59,0,0,0,0,0,0,16,30,13,59,0,0,0,59
12/10/2021,MLU,LA,ASW,CE,Combined TRACON& Tower with Radar,0,16,22,54,92,0,0,4,0,4,0,16,26,54,96,0,8,8,104
12/11/2021,MLU,LA,ASW,CE,Combined TRACON& Tower with Radar,0,13,7,1,21,0,0,8,1,9,0,13,15,2,30,4,0,4,34
12/12/2021,MLU,LA,ASW,CE,Combined TRACON& Tower with Radar,0,13,18,1,32,0,0,11,1,12,0,13,29,2,44,14,0,14,58
12/13/2021,MLU,LA,ASW,CE,Combined TRACON& Tower with Radar,0,14,25,23,62,0,0,42,2,44,0,14,67,25,106,30,14,44,150
12/14/2021,MLU,LA,ASW,CE,Combined TRACON& Tower with Radar,5,13,18,6,42,0,0,16,6,22,5,13,34,12,64,24,4,28,92
12/15/2021,MLU,LA,ASW,CE,Combined TRACON& Tower with Radar,5,16,29,14,64,0,1,12,3,16,5,17,41,17,80,0,0,0,80
12/16/2021,MLU,LA,ASW,CE,Combined TRACON& Tower with Radar,0,17,37,26,80,0,0,15,7,22,0,17,52,33,102,12,6,18,120
12/17/2021,MLU,LA,ASW,CE,Combined TRACON& Tower with Radar,1,22,33,72,128,0,0,11,2,13,1,22,44,74,141,10,56,66,207
12/18/2021,MLU,LA,ASW,CE,Combined TRACON& Tower with Radar,1,9,2,0,12,0,0,0,0,0,1,9,2,0,12,0,0,0,12
12/19/2021,MLU,LA,ASW,CE,Combined TRACON& Tower with Radar,0,16,24,27,67,0,0,8,1,9,0,16,32,28,76,18,2,20,96
12/20/2021,MLU,LA,ASW,CE,Combined TRACON& Tower with Radar,0,13,25,0,38,0,0,5,1,6,0,13,30,1,44,0,0,0,44
12/21/2021,MLU,LA,ASW,CE,Combined TRACON& Tower with Radar,2,17,27,28,74,0,0,22,4,26,2,17,49,32,100,76,0,76,176
12/22/2021,MLU,LA,ASW,CE,Combined TRACON& Tower with Radar,0,17,15,8,40,0,0,28,2,30,0,17,43,10,70,54,0,54,124
12/23/2021,MLU,LA,ASW,CE,Combined TRACON& Tower with Radar,2,15,11,0,28,0,1,32,2,35,2,16,43,2,63,0,12,12,75
12/24/2021,MLU,LA,ASW,CE,Combined TRACON& Tower with Radar,1,14,3,0,18,0,1,3,0,4,1,15,6,0,22,0,0,0,22
12/25/2021,MLU,LA,ASW,CE,Combined TRACON& Tower with Radar,0,11,5,0,16,0,0,8,0,8,0,11,13,0,24,0,0,0,24
12/26/2021,MLU,LA,ASW,CE,Combined TRACON& Tower with Radar,0,16,22,0,38,0,0,4,0,4,0,16,26,0,42,14,0,14,56
12/27/2021,MLU,LA,ASW,CE,Combined TRACON& Tower with Radar,0,18,16,0,34,0,0,15,2,17,0,18,31,2,51,42,0,42,93
12/28/2021,MLU,LA,ASW,CE,Combined TRACON& Tower with Radar,2,16,19,1,38,0,0,12,0,12,2,16,31,1,50,2,0,2,52
12/29/2021,MLU,LA,ASW,CE,Combined TRACON& Tower with Radar,2,15,18,0,35,0,0,2,0,2,2,15,20,0,37,0,0,0,37
12/30/2021,MLU,LA,ASW,CE,Combined TRACON& Tower with Radar,2,13,27,0,42,0,0,10,0,10,2,13,37,0,52,0,0,0,52
12/31/2021,MLU,LA,ASW,CE,Combined TRACON& Tower with Radar,3,10,20,0,33,0,2,1,2,5,3,12,21,2,38,0,0,0,38
01/01/2022,MLU,LA,ASW,CE,Combined TRACON& Tower with Radar,0,8,7,0,15,0,0,1,0,1,0,8,8,0,16,0,0,0,16
01/02/2022,MLU,LA,ASW,CE,Combined TRACON& Tower with Radar,0,13,13,0,26,0,2,0,0,2,0,15,13,0,28,0,0,0,28
01/03/2022,MLU,LA,ASW,CE,Combined TRACON& Tower with Radar,0,10,25,4,39,0,0,27,0,27,0,10,52,4,66,0,0,0,66
01/04/2022,MLU,LA,ASW,CE,Combined TRACON& Tower with Radar,0,18,21,8,47,0,0,37,1,38,0,18,58,9,85,38,0,38,123
01/05/2022,MLU,LA,ASW,CE,Combined TRACON& Tower with Radar,0,13,31,27,71,0,0,25,4,29,0,13,56,31,100,20,6,26,126
01/06/2022,MLU,LA,ASW,CE,Combined TRACON& Tower with Radar,0,12,16,5,33,0,0,3,0,3,0,12,19,5,36,6,0,6,42
01/07/2022,MLU,LA,ASW,CE,Combined TRACON& Tower with Radar,0,14,12,18,44,0,0,29,7,36,0,14,41,25,80,28,16,44,124
01/08/2022,MLU,LA,ASW,CE,Combined TRACON& Tower with Radar,0,9,3,4,16,0,0,5,2,7,0,9,8,6,23,0,0,0,23
01/09/2022,MLU,LA,ASW,CE,Combined TRACON& Tower with Radar,0,14,13,0,27,0,1,7,2,10,0,15,20,2,37,6,0,6,43
01/10/2022,MLU,LA,ASW,CE,Combined TRACON& Tower with Radar,0,13,23,33,69,0,0,49,8,57,0,13,72,41,126,26,16,42,168
01/11/2022,MLU,LA,ASW,CE,Combined TRACON& Tower with Radar,0,19,20,31,70,0,0,40,11,51,0,19,60,42,121,34,6,40,161
01/12/2022,MLU,LA,ASW,CE,Combined TRACON& Tower with Radar,0,12,25,39,76,0,0,36,9,45,0,12,61,48,121,38,22,60,181
01/13/2022,MLU,LA,ASW,CE,Combined TRACON& Tower with Radar,0,23,11,5,39,0,0,31,4,35,0,23,42,9,74,34,0,34,108
01/14/2022,MLU,LA,ASW,CE,Combined TRACON& Tower with Radar,0,15,32,28,75,0,0,21,8,29,0,15,53,36,104,2,18,20,124
01/15/2022,MLU,LA,ASW,CE,Combined TRACON& Tower with Radar,0,9,4,0,13,0,0,0,0,0,0,9,4,0,13,0,0,0,13
01/16/2022,MLU,LA,ASW,CE,Combined TRACON& Tower with Radar,0,6,5,0,11,0,0,2,0,2,0,6,7,0,13,0,0,0,13
01/17/2022,MLU,LA,ASW,CE,Combined TRACON& Tower with Radar,0,12,22,2,36,0,0,33,0,33,0,12,55,2,69,36,0,36,105
01/18/2022,MLU,LA,ASW,CE,Combined TRACON& Tower with Radar,0,13,31,34,78,0,0,29,9,38,0,13,60,43,116,38,10,48,164
01/19/2022,MLU,LA,ASW,CE,Combined TRACON& Tower with Radar,0,15,18,13,46,0,1,16,2,19,0,16,34,15,65,2,40,42,107
01/20/2022,MLU,LA,ASW,CE,Combined TRACON& Tower with Radar,0,16,28,17,61,0,0,28,0,28,0,16,56,17,89,10,8,18,107
01/21/2022,MLU,LA,ASW,CE,Combined TRACON& Tower with Radar,0,18,20,30,68,0,0,22,3,25,0,18,42,33,93,54,14,68,161
01/22/2022,MLU,LA,ASW,CE,Combined TRACON& Tower with Radar,0,10,13,5,28,0,0,31,2,33,0,10,44,7,61,10,8,18,79
01/23/2022,MLU,LA,ASW,CE,Combined TRACON& Tower with Radar,0,15,16,0,31,0,0,18,0,18,0,15,34,0,49,6,0,6,55
01/24/2022,MLU,LA,ASW,CE,Combined TRACON& Tower with Radar,0,16,30,28,74,0,0,26,4,30,0,16,56,32,104,4,18,22,126
01/25/2022,MLU,LA,ASW,CE,Combined TRACON& Tower with Radar,0,14,27,15,56,0,0,22,1,23,0,14,49,16,79,22,0,22,101
01/26/2022,MLU,LA,ASW,CE,Combined TRACON& Tower with Radar,0,14,20,24,58,0,0,36,2,38,0,14,56,26,96,10,0,10,106
01/27/2022,MLU,LA,ASW,CE,Combined TRACON& Tower with Radar,0,19,28,14,61,0,0,47,4,51,0,19,75,18,112,44,12,56,168
01/28/2022,MLU,LA,ASW,CE,Combined TRACON& Tower with Radar,0,20,25,37,82,0,1,41,9,51,0,21,66,46,133,0,68,68,201
01/29/2022,MLU,LA,ASW,CE,Combined TRACON& Tower with Radar,0,11,9,6,26,0,0,37,4,41,0,11,46,10,67,9,32,41,108
01/30/2022,MLU,LA,ASW,CE,Combined TRACON& Tower with Radar,0,13,37,13,63,0,0,33,3,36,0,13,70,16,99,10,8,18,117
01/31/2022,MLU,LA,ASW,CE,Combined TRACON& Tower with Radar,0,12,17,35,64,0,0,32,3,35,0,12,49,38,99,0,28,28,127
02/01/2022,MLU,LA,ASW,CE,Combined TRACON& Tower with Radar,0,14,21,12,47,0,1,3,0,4,0,15,24,12,51,2,0,2,53
02/02/2022,MLU,LA,ASW,CE,Combined TRACON& Tower with Radar,0,11,16,20,47,0,0,4,2,6,0,11,20,22,53,26,114,140,193
02/03/2022,MLU,LA,ASW,CE,Combined TRACON& Tower with Radar,0,8,6,0,14,0,0,0,0,0,0,8,6,0,14,0,0,0,14
02/04/2022,MLU,LA,ASW,CE,Combined TRACON& Tower with Radar,1,16,7,42,66,0,0,8,2,10,1,16,15,44,76,0,6,6,82
02/05/2022,MLU,LA,ASW,CE,Combined TRACON& Tower with Radar,0,11,19,3,33,0,0,29,0,29,0,11,48,3,62,2,0,2,64
02/06/2022,MLU,LA,ASW,CE,Combined TRACON& Tower with Radar,0,16,16,27,59,0,0,15,1,16,0,16,31,28,75,6,0,6,81
02/07/2022,MLU,LA,ASW,CE,Combined TRACON& Tower with Radar,0,13,12,49,74,0,1,34,2,37,0,14,46,51,111,42,2,44,155
02/08/2022,MLU,LA,ASW,CE,Combined TRACON& Tower with Radar,1,11,28,39,79,0,1,56,5,62,1,12,84,44,141,28,0,28,169
02/09/2022,MLU,LA,ASW,CE,Combined TRACON& Tower with Radar,2,10,27,30,69,0,1,38,3,42,2,11,65,33,111,18,26,44,155
02/10/2022,MLU,LA,ASW,CE,Combined TRACON& Tower with Radar,0,14,29,60,103,0,0,40,11,51,0,14,69,71,154,42,44,86,240
02/11/2022,MLU,LA,ASW,CE,Combined TRACON& Tower with Radar,0,12,16,22,50,0,0,28,5,33,0,12,44,27,83,60,0,60,143
02/12/2022,MLU,LA,ASW,CE,Combined TRACON& Tower with Radar,0,10,11,0,21,0,0,2,0,2,0,10,13,0,23,0,0,0,23
02/13/2022,MLU,LA,ASW,CE,Combined TRACON& Tower with Radar,0,10,22,34,66,0,0,32,3,35,0,10,54,37,101,14,48,62,163
02/14/2022,MLU,LA,ASW,CE,Combined TRACON& Tower with Radar,0,15,23,25,63,0,0,29,6,35,0,15,52,31,98,56,4,60,158
02/15/2022,MLU,LA,ASW,CE,Combined TRACON& Tower with Radar,0,14,21,54,89,0,0,28,8,36,0,14,49,62,125,26,14,40,165
02/16/2022,MLU,LA,ASW,CE,Combined TRACON& Tower with Radar,0,11,35,37,83,0,0,13,8,21,0,11,48,45,104,14,20,34,138
02/17/2022,MLU,LA,ASW,CE,Combined TRACON& Tower with Radar,2,15,3,0,20,0,0,1,0,1,2,15,4,0,21,0,0,0,21
02/18/2022,MLU,LA,ASW,CE,Combined TRACON& Tower with Radar,0,14,20,26,60,0,0,34,4,38,0,14,54,30,98,42,2,44,142
02/19/2022,MLU,LA,ASW,CE,Combined TRACON& Tower with Radar,0,9,11,6,26,0,0,32,0,32,0,9,43,6,58,20,0,20,78
02/20/2022,MLU,LA,ASW,CE,Combined TRACON& Tower with Radar,0,9,21,28,58,0,0,21,0,21,0,9,42,28,79,12,0,12,91
02/21/2022,MLU,LA,ASW,CE,Combined TRACON& Tower with Radar,0,14,4,0,18,0,0,1,0,1,0,14,5,0,19,0,0,0,19
02/22/2022,MLU,LA,ASW,CE,Combined TRACON& Tower with Radar,0,11,25,38,74,0,0,15,1,16,0,11,40,39,90,0,10,10,100
02/23/2022,MLU,LA,ASW,CE,Combined TRACON& Tower with Radar,0,13,19,8,40,0,0,4,0,4,0,13,23,8,44,0,6,6,50
02/24/2022,MLU,LA,ASW,CE,Combined TRACON& Tower with Radar,0,15,17,0,32,0,0,0,0,0,0,15,17,0,32,0,0,0,32
02/25/2022,MLU,LA,ASW,CE,Combined TRACON& Tower with Radar,2,13,29,44,88,0,0,16,1,17,2,13,45,45,105,0,12,12,117
02/26/2022,MLU,LA,ASW,CE,Combined TRACON& Tower with Radar,0,9,2,2,13,0,0,0,0,0,0,9,2,2,13,0,0,0,13
02/27/2022,MLU,LA,ASW,CE,Combined TRACON& Tower with Radar,2,12,20,12,46,0,0,6,0,6,2,12,26,12,52,0,0,0,52
02/28/2022,MLU,LA,ASW,CE,Combined TRACON& Tower with Radar,2,14,12,64,92,0,0,43,6,49,2,14,55,70,141,52,52,104,245
03/01/2022,MLU,LA,ASW,CE,Combined TRACON& Tower with Radar,2,13,21,33,69,0,0,36,11,47,2,13,57,44,116,0,12,12,128
03/02/2022,MLU,LA,ASW,CE,Combined TRACON& Tower with Radar,2,17,21,43,83,0,0,18,9,27,2,17,39,52,110,52,12,64,174
03/03/2022,MLU,LA,ASW,CE,Combined TRACON& Tower with Radar,1,18,36,58,113,0,0,32,12,44,1,18,68,70,157,54,0,54,211
03/04/2022,MLU,LA,ASW,CE,Combined TRACON& Tower with Radar,1,13,36,5,55,0,0,27,3,30,1,13,63,8,85,10,6,16,101
03/05/2022,MLU,LA,ASW,CE,Combined TRACON& Tower with Radar,0,9,6,0,15,0,0,18,0,18,0,9,24,0,33,0,0,0,33
03/06/2022,MLU,LA,ASW,CE,Combined TRACON& Tower with Radar,0,13,15,0,28,0,0,15,0,15,0,13,30,0,43,8,0,8,51
03/07/2022,MLU,LA,ASW,CE,Combined TRACON& Tower with Radar,0,13,27,32,72,0,2,5,1,8,0,15,32,33,80,0,0,0,80
03/08/2022,MLU,LA,ASW,CE,Combined TRACON& Tower with Radar,2,11,12,14,39,0,0,1,0,1,2,11,13,14,40,0,0,0,40
03/09/2022,MLU,LA,ASW,CE,Combined TRACON& Tower with Radar,0,12,16,37,65,0,0,4,3,7,0,12,20,40,72,38,8,46,118
03/10/2022,MLU,LA,ASW,CE,Combined TRACON& Tower with Radar,2,12,25,54,93,0,0,48,15,63,2,12,73,69,156,44,22,66,222
03/11/2022,MLU,LA,ASW,CE,Combined TRACON& Tower with Radar,4,12,15,61,92,0,0,25,8,33,4,12,40,69,125,4,24,28,153
03/12/2022,MLU,LA,ASW,CE,Combined TRACON& Tower with Radar,0,9,11,1,21,0,0,25,1,26,0,9,36,2,47,10,0,10,57
03/13/2022,MLU,LA,ASW,CE,Combined TRACON& Tower with Radar,0,9,30,23,62,0,0,30,0,30,0,9,60,23,92,24,4,28,120
03/14/2022,MLU,LA,ASW,CE,Combined TRACON& Tower with Radar,0,10,10,8,28,0,0,7,3,10,0,10,17,11,38,0,0,0,38
03/15/2022,MLU,LA,ASW,CE,Combined TRACON& Tower with Radar,2,9,15,6,32,0,3,7,2,12,2,12,22,8,44,6,0,6,50
03/16/2022,MLU,LA,ASW,CE,Combined TRACON& Tower with Radar,0,13,16,40,69,0,0,19,5,24,0,13,35,45,93,34,46,80,173
03/17/2022,MLU,LA,ASW,CE,Combined TRACON& Tower with Radar,2,10,23,11,46,0,0,27,6,33,2,10,50,17,79,0,6,6,85
03/18/2022,MLU,LA,ASW,CE,Combined TRACON& Tower with Radar,0,15,36,27,78,0,0,20,3,23,0,15,56,30,101,0,2,2,103
03/19/2022,MLU,LA,ASW,CE,Combined TRACON& Tower with Radar,0,9,15,7,31,0,0,35,0,35,0,9,50,7,66,20,0,20,86
03/20/2022,MLU,LA,ASW,CE,Combined TRACON& Tower with Radar,0,12,25,6,43,0,0,15,0,15,0,12,40,6,58,20,6,26,84
03/21/2022,MLU,LA,ASW,CE,Combined TRACON& Tower with Radar,0,15,23,5,43,0,1,10,0,11,0,16,33,5,54,0,0,0,54
03/22/2022,MLU,LA,ASW,CE,Combined TRACON& Tower with Radar,0,10,13,5,28,0,0,0,0,0,0,10,13,5,28,0,0,0,28
03/23/2022,MLU,LA,ASW,CE,Combined TRACON& Tower with Radar,0,14,24,21,59,0,0,20,6,26,0,14,44,27,85,22,10,32,117
03/24/2022,MLU,LA,ASW,CE,Combined TRACON& Tower with Radar,2,16,32,25,75,0,3,49,1,53,2,19,81,26,128,58,34,92,220
03/25/2022,MLU,LA,ASW,CE,Combined TRACON& Tower with Radar,4,13,25,3,45,0,1,37,0,38,4,14,62,3,83,46,0,46,129
03/26/2022,MLU,LA,ASW,CE,Combined TRACON& Tower with Radar,0,11,27,9,47,0,0,42,0,42,0,11,69,9,89,20,0,20,109
03/27/2022,MLU,LA,ASW,CE,Combined TRACON& Tower with Radar,2,11,27,0,40,0,2,30,1,33,2,13,57,1,73,2,0,2,75
03/28/2022,MLU,LA,ASW,CE,Combined TRACON& Tower with Radar,0,15,24,46,85,0,0,24,4,28,0,15,48,50,113,46,14,60,173
03/29/2022,MLU,LA,ASW,CE,Combined TRACON& Tower with Radar,0,11,34,4,49,0,1,6,3,10,0,12,40,7,59,0,6,6,65
03/30/2022,MLU,LA,ASW,CE,Combined TRACON& Tower with Radar,2,10,2,1,15,0,0,1,1,2,2,10,3,2,17,0,0,0,17
03/31/2022,MLU,LA,ASW,CE,Combined TRACON& Tower with Radar,2,14,24,11,51,0,1,16,7,24,2,15,40,18,75,48,4,52,127
04/01/2022,MLU,LA,ASW,CE,Combined TRACON& Tower with Radar,0,14,28,7,49,0,0,30,0,30,0,14,58,7,79,104,0,104,183
04/02/2022,MLU,LA,ASW,CE,Combined TRACON& Tower with Radar,0,10,29,3,42,0,2,20,1,23,0,12,49,4,65,16,10,26,91
04/03/2022,MLU,LA,ASW,CE,Combined TRACON& Tower with Radar,0,11,16,2,29,0,0,18,2,20,0,11,34,4,49,10,0,10,59
04/04/2022,MLU,LA,ASW,CE,Combined TRACON& Tower with Radar,0,15,23,5,43,0,2,18,3,23,0,17,41,8,66,4,0,4,70
04/05/2022,MLU,LA,ASW,CE,Combined TRACON& Tower with Radar,3,13,22,18,56,0,0,16,15,31,3,13,38,33,87,12,62,74,161
04/06/2022,MLU,LA,ASW,CE,Combined TRACON& Tower with Radar,4,8,45,40,97,0,2,8,2,12,4,10,53,42,109,2,46,48,157
04/07/2022,MLU,LA,ASW,CE,Combined TRACON& Tower with Radar,4,11,18,6,39,0,0,11,6,17,4,11,29,12,56,22,26,48,104
04/08/2022,MLU,LA,ASW,CE,Combined TRACON& Tower with Radar,4,12,16,12,44,0,2,7,0,9,4,14,23,12,53,0,0,0,53
04/09/2022,MLU,LA,ASW,CE,Combined TRACON& Tower with Radar,4,8,26,2,40,0,0,35,4,39,4,8,61,6,79,32,0,32,111
04/10/2022,MLU,LA,ASW,CE,Combined TRACON& Tower with Radar,4,8,15,4,31,0,0,12,0,12,4,8,27,4,43,6,0,6,49
04/11/2022,MLU,LA,ASW,CE,Combined TRACON& Tower with Radar,4,15,27,15,61,0,1,15,1,17,4,16,42,16,78,12,10,22,100
04/12/2022,MLU,LA,ASW,CE,Combined TRACON& Tower with Radar,3,6,11,2,22,0,0,3,0,3,3,6,14,2,25,0,0,0,25
04/13/2022,MLU,LA,ASW,CE,Combined TRACON& Tower with Radar,2,6,5,0,13,0,1,0,0,1,2,7,5,0,14,0,0,0,14
04/14/2022,MLU,LA,ASW,CE,Combined TRACON& Tower with Radar,4,13,31,38,86,0,0,41,9,50,4,13,72,47,136,76,30,106,242
04/15/2022,MLU,LA,ASW,CE,Combined TRACON& Tower with Radar,4,12,17,12,45,0,1,14,3,18,4,13,31,15,63,12,12,24,87
04/16/2022,MLU,LA,ASW,CE,Combined TRACON& Tower with Radar,4,6,20,0,30,0,0,0,0,0,4,6,20,0,30,0,0,0,30
04/17/2022,MLU,LA,ASW,CE,Combined TRACON& Tower with Radar,4,8,7,0,19,0,0,2,0,2,4,8,9,0,21,0,0,0,21
04/18/2022,MLU,LA,ASW,CE,Combined TRACON& Tower with Radar,4,11,21,30,66,0,2,20,3,25,4,13,41,33,91,84,0,84,175
04/19/2022,MLU,LA,ASW,CE,Combined TRACON& Tower with Radar,4,8,34,34,80,0,0,29,8,37,4,8,63,42,117,24,14,38,155
04/20/2022,MLU,LA,ASW,CE,Combined TRACON& Tower with Radar,4,11,26,3,44,0,0,9,0,9,4,11,35,3,53,0,10,10,63
04/21/2022,MLU,LA,ASW,CE,Combined TRACON& Tower with Radar,4,15,27,43,89,0,1,21,6,28,4,16,48,49,117,12,24,36,153
04/22/2022,MLU,LA,ASW,CE,Combined TRACON& Tower with Radar,4,10,31,11,56,0,0,36,1,37,4,10,67,12,93,32,0,32,125
04/23/2022,MLU,LA,ASW,CE,Combined TRACON& Tower with Radar,9,6,8,7,30,0,0,13,1,14,9,6,21,8,44,14,0,14,58
04/24/2022,MLU,LA,ASW,CE,Combined TRACON& Tower with Radar,3,9,23,2,37,0,4,9,2,15,3,13,32,4,52,8,0,8,60
04/25/2022,MLU,LA,ASW,CE,Combined TRACON& Tower with Radar,2,12,23,0,37,0,0,1,0,1,2,12,24,0,38,0,0,0,38
04/26/2022,MLU,LA,ASW,CE,Combined TRACON& Tower with Radar,4,9,31,40,84,0,0,41,5,46,4,9,72,45,130,54,0,54,184
04/27/2022,MLU,LA,ASW,CE,Combined TRACON& Tower with Radar,5,9,31,19,64,0,2,45,0,47,5,11,76,19,111,30,0,30,141
04/28/2022,MLU,LA,ASW,CE,Combined TRACON& Tower with Radar,5,9,42,18,74,0,0,42,1,43,5,9,84,19,117,30,4,34,151
04/29/2022,MLU,LA,ASW,CE,Combined TRACON& Tower with Radar,4,9,32,9,54,0,0,37,2,39,4,9,69,11,93,58,8,66,159
04/30/2022,MLU,LA,ASW,CE,Combined TRACON& Tower with Radar,4,10,12,2,28,0,2,12,0,14,4,12,24,2,42,36,10,46,88
05/01/2022,MLU,LA,ASW,CE,Combined TRACON& Tower with Radar,6,6,32,0,44,0,0,16,0,16,6,6,48,0,60,2,0,2,62
05/02/2022,MLU,LA,ASW,CE,Combined TRACON& Tower with Radar,4,11,22,12,49,0,0,11,2,13,4,11,33,14,62,54,0,54,116
05/03/2022,MLU,LA,ASW,CE,Combined TRACON& Tower with Radar,6,8,18,4,36,0,0,17,1,18,6,8,35,5,54,84,0,84,138
05/04/2022,MLU,LA,ASW,CE,Combined TRACON& Tower with Radar,5,11,22,30,68,0,3,19,1,23,5,14,41,31,91,42,0,42,133
05/05/2022,MLU,LA,ASW,CE,Combined TRACON& Tower with Radar,3,9,17,31,60,0,0,2,3,5,3,9,19,34,65,0,13,13,78
05/06/2022,MLU,LA,ASW,CE,Combined TRACON& Tower with Radar,3,11,15,34,63,0,1,28,5,34,3,12,43,39,97,0,0,0,97
05/07/2022,MLU,LA,ASW,CE,Combined TRACON& Tower with Radar,3,6,9,5,23,0,0,23,1,24,3,6,32,6,47,38,0,38,85
05/08/2022,MLU,LA,ASW,CE,Combined TRACON& Tower with Radar,3,10,12,0,25,0,0,18,0,18,3,10,30,0,43,10,0,10,53
05/09/2022,MLU,LA,ASW,CE,Combined TRACON& Tower with Radar,3,9,17,33,62,0,0,27,1,28,3,9,44,34,90,68,0,68,158
05/10/2022,MLU,LA,ASW,CE,Combined TRACON& Tower with Radar,3,18,28,58,107,0,0,19,3,22,3,18,47,61,129,28,20,48,177
05/11/2022,MLU,LA,ASW,CE,Combined TRACON& Tower with Radar,3,18,31,53,105,0,0,27,6,33,3,18,58,59,138,8,20,28,166
05/12/2022,MLU,LA,ASW,CE,Combined TRACON& Tower with Radar,7,14,17,8,46,0,0,23,3,26,7,14,40,11,72,64,0,64,136
05/13/2022,MLU,LA,ASW,CE,Combined TRACON& Tower with Radar,3,13,19,13,48,0,0,23,7,30,3,13,42,20,78,40,6,46,124
05/14/2022,MLU,LA,ASW,CE,Combined TRACON& Tower with Radar,3,8,13,3,27,0,0,12,1,13,3,8,25,4,40,0,6,6,46
05/15/2022,MLU,LA,ASW,CE,Combined TRACON& Tower with Radar,3,8,20,19,50,0,4,17,1,22,3,12,37,20,72,0,6,6,78
05/16/2022,MLU,LA,ASW,CE,Combined TRACON& Tower with Radar,3,10,16,36,65,0,0,27,3,30,3,10,43,39,95,70,4,74,169
05/17/2022,MLU,LA,ASW,CE,Combined TRACON& Tower with Radar,3,14,29,18,64,0,1,33,3,37,3,15,62,21,101,16,26,42,143
05/18/2022,MLU,LA,ASW,CE,Combined TRACON& Tower with Radar,3,11,20,36,70,0,1,21,3,25,3,12,41,39,95,14,10,24,119
05/19/2022,MLU,LA,ASW,CE,Combined TRACON& Tower with Radar,3,12,24,17,56,0,1,10,1,12,3,13,34,18,68,6,0,6,74
05/20/2022,MLU,LA,ASW,CE,Combined TRACON& Tower with Radar,3,12,17,18,50,0,0,15,3,18,3,12,32,21,68,14,0,14,82
05/21/2022,MLU,LA,ASW,CE,Combined TRACON& Tower with Radar,3,6,27,13,49,0,2,14,0,16,3,8,41,13,65,24,2,26,91
05/22/2022,MLU,LA,ASW,CE,Combined TRACON& Tower with Radar,3,8,5,1,17,0,1,0,0,1,3,9,5,1,18,10,0,10,28
05/23/2022,MLU,LA,ASW,CE,Combined TRACON& Tower with Radar,3,9,11,63,86,0,0,4,0,4,3,9,15,63,90,10,0,10,100
05/24/2022,MLU,LA,ASW,CE,Combined TRACON& Tower with Radar,3,11,11,0,25,0,2,2,0,4,3,13,13,0,29,0,0,0,29
05/25/2022,MLU,LA,ASW,CE,Combined TRACON& Tower with Radar,3,8,10,16,37,0,0,6,1,7,3,8,16,17,44,6,0,6,50
05/26/2022,MLU,LA,ASW,CE,Combined TRACON& Tower with Radar,2,15,17,34,68,0,1,31,10,42,2,16,48,44,110,32,36,68,178
05/27/2022,MLU,LA,ASW,CE,Combined TRACON& Tower with Radar,2,13,18,0,33,0,0,18,0,18,2,13,36,0,51,50,0,50,101
05/28/2022,MLU,LA,ASW,CE,Combined TRACON& Tower with Radar,3,7,11,0,21,0,0,20,0,20,3,7,31,0,41,18,0,18,59
05/29/2022,MLU,LA,ASW,CE,Combined TRACON& Tower with Radar,3,6,7,0,16,0,1,19,0,20,3,7,26,0,36,22,0,22,58
05/30/2022,MLU,LA,ASW,CE,Combined TRACON& Tower with Radar,3,10,15,0,28,0,0,5,0,5,3,10,20,0,33,38,0,38,71
05/31/2022,MLU,LA,ASW,CE,Combined TRACON& Tower with Radar,3,12,11,59,85,0,1,8,2,11,3,13,19,61,96,40,0,40,136
06/01/2022,MLU,LA,ASW,CE,Combined TRACON& Tower with Radar,5,10,23,33,71,0,0,12,0,12,5,10,35,33,83,30,6,36,119
06/02/2022,MLU,LA,ASW,CE,Combined TRACON& Tower with Radar,2,12,14,0,28,0,0,6,0,6,2,12,20,0,34,20,0,20,54
06/03/2022,MLU,LA,ASW,CE,Combined TRACON& Tower with Radar,3,9,42,0,54,0,0,19,3,22,3,9,61,3,76,42,0,42,118
06/04/2022,MLU,LA,ASW,CE,Combined TRACON& Tower with Radar,3,7,10,13,33,0,0,25,2,27,3,7,35,15,60,8,0,8,68
06/05/2022,MLU,LA,ASW,CE,Combined TRACON& Tower with Radar,3,8,7,4,22,0,0,20,0,20,3,8,27,4,42,48,0,48,90
06/06/2022,MLU,LA,ASW,CE,Combined TRACON& Tower with Radar,3,12,26,38,79,0,0,16,0,16,3,12,42,38,95,10,16,26,121
06/07/2022,MLU,LA,ASW,CE,Combined TRACON& Tower with Radar,3,12,21,49,85,0,0,33,5,38,3,12,54,54,123,30,68,98,221
06/08/2022,MLU,LA,ASW,CE,Combined TRACON& Tower with Radar,3,9,26,56,94,0,0,14,2,16,3,9,40,58,110,12,16,28,138
06/09/2022,MLU,LA,ASW,CE,Combined TRACON& Tower with Radar,3,10,28,65,106,0,0,29,4,33,3,10,57,69,139,38,2,40,179
06/10/2022,MLU,LA,ASW,CE,Combined TRACON& Tower with Radar,2,10,12,2,26,0,0,3,0,3,2,10,15,2,29,0,0,0,29
06/11/2022,MLU,LA,ASW,CE,Combined TRACON& Tower with Radar,3,7,5,0,15,0,2,15,0,17,3,9,20,0,32,0,0,0,32
06/12/2022,MLU,LA,ASW,CE,Combined TRACON& Tower with Radar,3,9,13,0,25,0,0,11,0,11,3,9,24,0,36,0,0,0,36
06/13/2022,MLU,LA,ASW,CE,Combined TRACON& Tower with Radar,3,11,21,40,75,0,1,28,2,31,3,12,49,42,106,28,2,30,136
06/14/2022,MLU,LA,ASW,CE,Combined TRACON& Tower with Radar,3,13,20,15,51,0,0,20,3,23,3,13,40,18,74,60,0,60,134
06/15/2022,MLU,LA,ASW,CE,Combined TRACON& Tower with Radar,3,14,29,47,93,0,0,19,4,23,3,14,48,51,116,16,34,50,166
06/16/2022,MLU,LA,ASW,CE,Combined TRACON& Tower with Radar,3,18,33,10,64,0,3,34,2,39,3,21,67,12,103,30,16,46,149
06/17/2022,MLU,LA,ASW,CE,Combined TRACON& Tower with Radar,3,14,9,0,26,0,3,28,1,32,3,17,37,1,58,26,0,26,84
06/18/2022,MLU,LA,ASW,CE,Combined TRACON& Tower with Radar,3,4,10,1,18,0,0,40,0,40,3,4,50,1,58,0,0,0,58
06/19/2022,MLU,LA,ASW,CE,Combined TRACON& Tower with Radar,1,8,14,0,23,0,3,8,0,11,1,11,22,0,34,0,0,0,34
06/20/2022,MLU,LA,ASW,CE,Combined TRACON& Tower with Radar,3,11,8,11,33,0,0,21,0,21,3,11,29,11,54,28,0,28,82
06/21/2022,MLU,LA,ASW,CE,Combined TRACON& Tower with Radar,3,16,22,50,91,0,1,30,7,38,3,17,52,57,129,28,8,36,165
06/22/2022,MLU,LA,ASW,CE,Combined TRACON& Tower with Radar,5,9,22,19,55,0,0,38,5,43,5,9,60,24,98,42,2,44,142
06/23/2022,MLU,LA,ASW,CE,Combined TRACON& Tower with Radar,3,13,23,26,65,0,0,23,1,24,3,13,46,27,89,20,6,26,115
06/24/2022,MLU,LA,ASW,CE,Combined TRACON& Tower with Radar,3,10,17,16,46,0,0,23,0,23,3,10,40,16,69,78,0,78,147
06/25/2022,MLU,LA,ASW,CE,Combined TRACON& Tower with Radar,3,6,14,1,24,0,1,18,0,19,3,7,32,1,43,0,0,0,43
06/26/2022,MLU,LA,ASW,CE,Combined TRACON& Tower with Radar,3,10,9,0,22,0,2,5,0,7,3,12,14,0,29,0,0,0,29
06/27/2022,MLU,LA,ASW,CE,Combined TRACON& Tower with Radar,3,18,25,13,59,0,0,12,0,12,3,18,37,13,71,26,0,26,97
06/28/2022,MLU,LA,ASW,CE,Combined TRACON& Tower with Radar,3,10,14,17,44,0,0,28,1,29,3,10,42,18,73,50,0,50,123
06/29/2022,MLU,LA,ASW,CE,Combined TRACON& Tower with Radar,3,10,27,20,60,0,0,42,10,52,3,10,69,30,112,18,46,64,176
06/30/2022,MLU,LA,ASW,CE,Combined TRACON& Tower with Radar,3,12,13,51,79,0,0,8,0,8,3,12,21,51,87,0,0,0,87
07/01/2022,MLU,LA,ASW,CE,Combined TRACON& Tower with Radar,3,10,17,0,30,0,0,1,0,1,3,10,18,0,31,0,0,0,31
07/02/2022,MLU,LA,ASW,CE,Combined TRACON& Tower with Radar,3,6,8,2,19,0,0,3,0,3,3,6,11,2,22,4,0,4,26
07/03/2022,MLU,LA,ASW,CE,Combined TRACON& Tower with Radar,3,6,8,0,17,0,1,8,0,9,3,7,16,0,26,2,0,2,28
07/04/2022,MLU,LA,ASW,CE,Combined TRACON& Tower with Radar,3,8,10,0,21,0,1,28,0,29,3,9,38,0,50,48,0,48,98
07/05/2022,MLU,LA,ASW,CE,Combined TRACON& Tower with Radar,3,9,22,29,63,0,1,21,5,27,3,10,43,34,90,4,0,4,94
07/06/2022,MLU,LA,ASW,CE,Combined TRACON& Tower with Radar,3,10,17,30,60,0,1,13,0,14,3,11,30,30,74,20,12,32,106
07/07/2022,MLU,LA,ASW,CE,Combined TRACON& Tower with Radar,3,19,23,33,78,0,1,21,11,33,3,20,44,44,111,34,10,44,155
07/08/2022,MLU,LA,ASW,CE,Combined TRACON& Tower with Radar,3,11,22,49,85,0,0,19,2,21,3,11,41,51,106,52,4,56,162
07/09/2022,MLU,LA,ASW,CE,Combined TRACON& Tower with Radar,3,6,15,13,37,0,0,14,1,15,3,6,29,14,52,34,10,44,96
07/10/2022,MLU,LA,ASW,CE,Combined TRACON& Tower with Radar,3,11,24,13,51,0,2,10,1,13,3,13,34,14,64,18,6,24,88
07/11/2022,MLU,LA,ASW,CE,Combined TRACON& Tower with Radar,3,14,19,17,53,0,0,30,2,32,3,14,49,19,85,56,26,82,167
07/12/2022,MLU,LA,ASW,CE,Combined TRACON& Tower with Radar,3,12,26,56,97,0,1,38,4,43,3,13,64,60,140,8,18,26,166
07/13/2022,MLU,LA,ASW,CE,Combined TRACON& Tower with Radar,3,14,23,42,82,0,0,36,8,44,3,14,59,50,126,12,26,38,164
07/14/2022,MLU,LA,ASW,CE,Combined TRACON& Tower with Radar,5,10,13,23,51,0,0,14,7,21,5,10,27,30,72,10,8,18,90
07/15/2022,MLU,LA,ASW,CE,Combined TRACON& Tower with Radar,5,11,21,10,47,0,1,16,7,24,5,12,37,17,71,6,0,6,77
07/16/2022,MLU,LA,ASW,CE,Combined TRACON& Tower with Radar,3,5,8,3,19,0,1,18,2,21,3,6,26,5,40,8,0,8,48
07/17/2022,MLU,LA,ASW,CE,Combined TRACON& Tower with Radar,3,8,9,3,23,0,1,18,4,23,3,9,27,7,46,0,0,0,46
07/18/2022,MLU,LA,ASW,CE,Combined TRACON& Tower with Radar,4,13,25,57,99,0,0,24,7,31,4,13,49,64,130,14,18,32,162
07/19/2022,MLU,LA,ASW,CE,Combined TRACON& Tower with Radar,4,16,26,27,73,0,0,29,6,35,4,16,55,33,108,70,2,72,180
07/20/2022,MLU,LA,ASW,CE,Combined TRACON& Tower with Radar,3,13,27,43,86,0,2,41,10,53,3,15,68,53,139,28,18,46,185
07/21/2022,MLU,LA,ASW,CE,Combined TRACON& Tower with Radar,3,11,29,30,73,0,1,29,6,36,3,12,58,36,109,34,0,34,143
07/22/2022,MLU,LA,ASW,CE,Combined TRACON& Tower with Radar,3,10,11,25,49,0,1,17,3,21,3,11,28,28,70,36,0,36,106
07/23/2022,MLU,LA,ASW,CE,Combined TRACON& Tower with Radar,3,6,12,4,25,0,5,11,5,21,3,11,23,9,46,12,0,12,58
07/24/2022,MLU,LA,ASW,CE,Combined TRACON& Tower with Radar,3,11,12,3,29,0,0,18,1,19,3,11,30,4,48,34,8,42,90
07/25/2022,MLU,LA,ASW,CE,Combined TRACON& Tower with Radar,3,11,26,41,81,0,2,37,9,48,3,13,63,50,129,26,26,52,181
07/26/2022,MLU,LA,ASW,CE,Combined TRACON& Tower with Radar,3,12,15,64,94,0,0,20,6,26,3,12,35,70,120,2,18,20,140
07/27/2022,MLU,LA,ASW,CE,Combined TRACON& Tower with Radar,4,10,18,65,97,0,0,22,4,26,4,10,40,69,123,46,6,52,175
07/28/2022,MLU,LA,ASW,CE,Combined TRACON& Tower with Radar,4,14,25,5,48,0,2,20,7,29,4,16,45,12,77,62,0,62,139
07/29/2022,MLU,LA,ASW,CE,Combined TRACON& Tower with Radar,4,10,8,0,22,0,0,10,0,10,4,10,18,0,32,0,0,0,32
07/30/2022,MLU,LA,ASW,CE,Combined TRACON& Tower with Radar,3,9,6,0,18,0,0,3,0,3,3,9,9,0,21,10,0,10,31
07/31/2022,MLU,LA,ASW,CE,Combined TRACON& Tower with Radar,3,10,27,0,40,0,1,11,0,12,3,11,38,0,52,12,10,22,74
08/01/2022,MLU,LA,ASW,CE,Combined TRACON& Tower with Radar,3,9,18,45,75,0,1,24,9,34,3,10,42,54,109,36,0,36,145
08/02/2022,MLU,LA,ASW,CE,Combined TRACON& Tower with Radar,5,9,14,38,66,0,3,21,6,30,5,12,35,44,96,16,10,26,122
08/03/2022,MLU,LA,ASW,CE,Combined TRACON& Tower with Radar,4,11,15,13,43,0,0,0,0,0,4,11,15,13,43,0,0,0,43
08/04/2022,MLU,LA,ASW,CE,Combined TRACON& Tower with Radar,1,13,26,8,48,0,0,12,1,13,1,13,38,9,61,0,0,0,61
08/05/2022,MLU,LA,ASW,CE,Combined TRACON& Tower with Radar,1,14,26,7,48,0,3,12,0,15,1,17,38,7,63,16,0,16,79
08/06/2022,MLU,LA,ASW,CE,Combined TRACON& Tower with Radar,1,9,9,0,19,0,1,18,4,23,1,10,27,4,42,30,0,30,72
08/07/2022,MLU,LA,ASW,CE,Combined TRACON& Tower with Radar,1,11,9,12,33,0,0,9,0,9,1,11,18,12,42,6,0,6,48
08/08/2022,MLU,LA,ASW,CE,Combined TRACON& Tower with Radar,1,10,14,26,51,0,1,28,13,42,1,11,42,39,93,42,10,52,145
08/09/2022,MLU,LA,ASW,CE,Combined TRACON& Tower with Radar,1,16,11,7,35,0,0,6,3,9,1,16,17,10,44,24,16,40,84
08/10/2022,MLU,LA,ASW,CE,Combined TRACON& Tower with Radar,1,10,32,0,43,0,0,6,1,7,1,10,38,1,50,2,0,2,52
08/11/2022,MLU,LA,ASW,CE,Combined TRACON& Tower with Radar,0,16,22,32,70,0,0,10,1,11,0,16,32,33,81,8,16,24,105
08/12/2022,MLU,LA,ASW,CE,Combined TRACON& Tower with Radar,1,12,9,10,32,0,0,5,0,5,1,12,14,10,37,20,0,20,57
08/13/2022,MLU,LA,ASW,CE,Combined TRACON& Tower with Radar,1,8,11,0,20,0,1,16,0,17,1,9,27,0,37,32,0,32,69
08/14/2022,MLU,LA,ASW,CE,Combined TRACON& Tower with Radar,1,12,13,15,41,0,1,15,1,17,1,13,28,16,58,6,0,6,64
08/15/2022,MLU,LA,ASW,CE,Combined TRACON& Tower with Radar,1,13,22,21,57,0,1,29,5,35,1,14,51,26,92,42,0,42,134
08/16/2022,MLU,LA,ASW,CE,Combined TRACON& Tower with Radar,3,13,31,31,78,0,2,16,4,22,3,15,47,35,100,16,8,24,124
08/17/2022,MLU,LA,ASW,CE,Combined TRACON& Tower with Radar,3,15,25,50,93,0,1,14,0,15,3,16,39,50,108,8,38,46,154
08/18/2022,MLU,LA,ASW,CE,Combined TRACON& Tower with Radar,4,8,9,0,21,0,0,6,0,6,4,8,15,0,27,0,0,0,27
08/19/2022,MLU,LA,ASW,CE,Combined TRACON& Tower with Radar,3,17,21,17,58,0,1,4,0,5,3,18,25,17,63,0,0,0,63
08/20/2022,MLU,LA,ASW,CE,Combined TRACON& Tower with Radar,3,9,8,0,20,0,0,13,0,13,3,9,21,0,33,36,0,36,69
08/21/2022,MLU,LA,ASW,CE,Combined TRACON& Tower with Radar,3,10,7,0,20,0,0,1,0,1,3,10,8,0,21,0,0,0,21
08/22/2022,MLU,LA,ASW,CE,Combined TRACON& Tower with Radar,3,6,8,0,17,0,0,0,0,0,3,6,8,0,17,0,0,0,17
08/23/2022,MLU,LA,ASW,CE,Combined TRACON& Tower with Radar,5,13,5,0,23,0,0,0,0,0,5,13,5,0,23,0,0,0,23
08/24/2022,MLU,LA,ASW,CE,Combined TRACON& Tower with Radar,5,9,15,4,33,0,0,0,0,0,5,9,15,4,33,0,0,0,33
08/25/2022,MLU,LA,ASW,CE,Combined TRACON& Tower with Radar,3,12,9,2,26,0,0,0,1,1,3,12,9,3,27,0,10,10,37
08/26/2022,MLU,LA,ASW,CE,Combined TRACON& Tower with Radar,3,10,15,2,30,0,2,9,0,11,3,12,24,2,41,2,0,2,43
08/27/2022,MLU,LA,ASW,CE,Combined TRACON& Tower with Radar,3,7,7,0,17,0,0,5,0,5,3,7,12,0,22,10,0,10,32
08/28/2022,MLU,LA,ASW,CE,Combined TRACON& Tower with Radar,3,8,12,0,23,0,0,11,0,11,3,8,23,0,34,4,0,4,38
08/29/2022,MLU,LA,ASW,CE,Combined TRACON& Tower with Radar,3,11,20,18,52,0,0,15,0,15,3,11,35,18,67,12,0,12,79
08/30/2022,MLU,LA,ASW,CE,Combined TRACON& Tower with Radar,3,13,11,13,40,0,1,10,5,16,3,14,21,18,56,44,0,44,100
08/31/2022,MLU,LA,ASW,CE,Combined TRACON& Tower with Radar,5,13,15,25,58,0,2,19,14,35,5,15,34,39,93,38,0,38,131
09/01/2022,MLU,LA,ASW,CE,Combined TRACON& Tower with Radar,3,14,24,5,46,0,1,17,0,18,3,15,41,5,64,28,0,28,92
09/02/2022,MLU,LA,ASW,CE,Combined TRACON& Tower with Radar,4,15,13,0,32,0,0,16,2,18,4,15,29,2,50,64,0,64,114
09/03/2022,MLU,LA,ASW,CE,Combined TRACON& Tower with Radar,1,13,16,3,33,0,0,9,2,11,1,13,25,5,44,2,0,2,46
09/04/2022,MLU,LA,ASW,CE,Combined TRACON& Tower with Radar,0,6,12,2,20,0,1,2,2,5,0,7,14,4,25,0,0,0,25
09/05/2022,MLU,LA,ASW,CE,Combined TRACON& Tower with Radar,3,11,26,0,40,0,0,10,0,10,3,11,36,0,50,8,0,8,58
09/06/2022,MLU,LA,ASW,CE,Combined TRACON& Tower with Radar,3,8,19,27,57,0,2,20,1,23,3,10,39,28,80,46,10,56,136
09/07/2022,MLU,LA,ASW,CE,Combined TRACON& Tower with Radar,6,10,23,6,45,0,1,13,5,19,6,11,36,11,64,32,0,32,96
09/08/2022,MLU,LA,ASW,CE,Combined TRACON& Tower with Radar,7,7,14,2,30,0,5,24,0,29,7,12,38,2,59,76,0,76,135
09/09/2022,MLU,LA,ASW,CE,Combined TRACON& Tower with Radar,7,5,15,29,56,0,0,24,6,30,7,5,39,35,86,36,8,44,130
09/10/2022,MLU,LA,ASW,CE,Combined TRACON& Tower with Radar,6,3,8,2,19,0,0,2,3,5,6,3,10,5,24,2,0,2,26
09/11/2022,MLU,LA,ASW,CE,Combined TRACON& Tower with Radar,5,6,14,0,25,0,1,6,0,7,5,7,20,0,32,2,0,2,34
09/12/2022,MLU,LA,ASW,CE,Combined TRACON& Tower with Radar,5,6,26,11,48,0,1,25,2,28,5,7,51,13,76,46,0,46,122
09/13/2022,MLU,LA,ASW,CE,Combined TRACON& Tower with Radar,5,9,15,30,59,0,1,12,2,15,5,10,27,32,74,76,12,88,162
09/14/2022,MLU,LA,ASW,CE,Combined TRACON& Tower with Radar,5,10,26,33,74,0,1,28,3,32,5,11,54,36,106,74,14,88,194
09/15/2022,MLU,LA,ASW,CE,Combined TRACON& Tower with Radar,5,8,32,9,54,0,5,34,2,41,5,13,66,11,95,54,6,60,155
09/16/2022,MLU,LA,ASW,CE,Combined TRACON& Tower with Radar,8,9,20,30,67,0,1,16,3,20,8,10,36,33,87,20,14,34,121
09/17/2022,MLU,LA,ASW,CE,Combined TRACON& Tower with Radar,6,5,12,0,23,0,0,29,0,29,6,5,41,0,52,20,0,20,72
09/18/2022,MLU,LA,ASW,CE,Combined TRACON& Tower with Radar,5,6,23,6,40,0,3,14,0,17,5,9,37,6,57,2,0,2,59
09/19/2022,MLU,LA,ASW,CE,Combined TRACON& Tower with Radar,5,8,20,25,58,0,1,20,3,24,5,9,40,28,82,16,44,60,142
09/20/2022,MLU,LA,ASW,CE,Combined TRACON& Tower with Radar,9,5,13,42,69,0,0,12,17,29,9,5,25,59,98,8,24,32,130
09/21/2022,MLU,LA,ASW,CE,Combined TRACON& Tower with Radar,7,8,20,39,74,0,0,23,2,25,7,8,43,41,99,30,8,38,137
09/22/2022,MLU,LA,ASW,CE,Combined TRACON& Tower with Radar,8,10,26,17,61,0,0,26,3,29,8,10,52,20,90,24,6,30,120
09/23/2022,MLU,LA,ASW,CE,Combined TRACON& Tower with Radar,6,12,16,25,59,0,3,34,2,39,6,15,50,27,98,30,22,52,150
09/24/2022,MLU,LA,ASW,CE,Combined TRACON& Tower with Radar,5,6,18,0,29,0,1,16,0,17,5,7,34,0,46,12,0,12,58
09/25/2022,MLU,LA,ASW,CE,Combined TRACON& Tower with Radar,6,7,11,0,24,0,1,10,0,11,6,8,21,0,35,0,0,0,35
09/26/2022,MLU,LA,ASW,CE,Combined TRACON& Tower with Radar,5,7,18,15,45,0,3,28,1,32,5,10,46,16,77,38,22,60,137
09/27/2022,MLU,LA,ASW,CE,Combined TRACON& Tower with Radar,4,10,19,43,76,0,0,21,4,25,4,10,40,47,101,28,8,36,137
09/28/2022,MLU,LA,ASW,CE,Combined TRACON& Tower with Radar,5,9,15,72,101,0,3,23,9,35,5,12,38,81,136,24,30,54,190
09/29/2022,MLU,LA,ASW,CE,Combined TRACON& Tower with Radar,7,7,16,14,44,0,3,24,4,31,7,10,40,18,75,64,0,64,139
09/30/2022,MLU,LA,ASW,CE,Combined TRACON& Tower with Radar,5,11,15,8,39,0,0,25,0,25,5,11,40,8,64,48,4,52,116
10/01/2022,MLU,LA,ASW,CE,Combined TRACON& Tower with Radar,6,7,15,0,28,0,3,24,0,27,6,10,39,0,55,52,0,52,107
10/02/2022,MLU,LA,ASW,CE,Combined TRACON& Tower with Radar,6,7,15,0,28,0,1,14,0,15,6,8,29,0,43,4,0,4,47
10/03/2022,MLU,LA,ASW,CE,Combined TRACON& Tower with Radar,6,8,19,0,33,0,1,28,0,29,6,9,47,0,62,16,0,16,78
10/04/2022,MLU,LA,ASW,CE,Combined TRACON& Tower with Radar,5,9,15,2,31,0,1,17,3,21,5,10,32,5,52,28,0,28,80
10/05/2022,MLU,LA,ASW,CE,Combined TRACON& Tower with Radar,5,7,21,6,39,0,2,44,2,48,5,9,65,8,87,60,14,74,161
10/06/2022,MLU,LA,ASW,CE,Combined TRACON& Tower with Radar,5,13,14,8,40,0,0,21,3,24,5,13,35,11,64,30,0,30,94
10/07/2022,MLU,LA,ASW,CE,Combined TRACON& Tower with Radar,9,9,20,18,56,0,2,15,9,26,9,11,35,27,82,64,40,104,186
10/08/2022,MLU,LA,ASW,CE,Combined TRACON& Tower with Radar,7,9,16,0,32,0,2,17,0,19,7,11,33,0,51,16,0,16,67
10/09/2022,MLU,LA,ASW,CE,Combined TRACON& Tower with Radar,5,9,22,0,36,0,1,21,0,22,5,10,43,0,58,18,0,18,76
10/10/2022,MLU,LA,ASW,CE,Combined TRACON& Tower with Radar,6,5,20,2,33,0,0,17,1,18,6,5,37,3,51,12,0,12,63
10/11/2022,MLU,LA,ASW,CE,Combined TRACON& Tower with Radar,9,4,25,4,42,0,2,33,4,39,9,6,58,8,81,26,0,26,107
10/12/2022,MLU,LA,ASW,CE,Combined TRACON& Tower with Radar,7,6,38,45,96,0,0,27,5,32,7,6,65,50,128,48,40,88,216
10/13/2022,MLU,LA,ASW,CE,Combined TRACON& Tower with Radar,9,8,23,43,83,0,7,13,9,29,9,15,36,52,112,40,32,72,184
10/14/2022,MLU,LA,ASW,CE,Combined TRACON& Tower with Radar,5,7,21,9,42,0,0,21,3,24,5,7,42,12,66,14,10,24,90
10/15/2022,MLU,LA,ASW,CE,Combined TRACON& Tower with Radar,5,4,14,0,23,0,0,13,0,13,5,4,27,0,36,8,0,8,44
10/16/2022,MLU,LA,ASW,CE,Combined TRACON& Tower with Radar,7,10,17,0,34,0,0,6,0,6,7,10,23,0,40,10,0,10,50
10/17/2022,MLU,LA,ASW,CE,Combined TRACON& Tower with Radar,9,5,34,4,52,0,0,12,0,12,9,5,46,4,64,14,4,18,82
10/18/2022,MLU,LA,ASW,CE,Combined TRACON& Tower with Radar,5,13,17,13,48,0,1,27,3,31,5,14,44,16,79,22,8,30,109
10/19/2022,MLU,LA,ASW,CE,Combined TRACON& Tower with Radar,5,11,22,24,62,0,0,33,3,36,5,11,55,27,98,86,6,92,190
10/20/2022,MLU,LA,ASW,CE,Combined TRACON& Tower with Radar,6,11,16,34,67,0,1,25,14,40,6,12,41,48,107,40,4,44,151
10/21/2022,MLU,LA,ASW,CE,Combined TRACON& Tower with Radar,6,9,28,8,51,0,0,21,5,26,6,9,49,13,77,48,0,48,125
10/22/2022,MLU,LA,ASW,CE,Combined TRACON& Tower with Radar,6,4,14,0,24,0,1,21,0,22,6,5,35,0,46,4,0,4,50
10/23/2022,MLU,LA,ASW,CE,Combined TRACON& Tower with Radar,6,6,23,14,49,0,0,17,0,17,6,6,40,14,66,0,8,8,74
10/24/2022,MLU,LA,ASW,CE,Combined TRACON& Tower with Radar,3,7,21,47,78,0,0,16,5,21,3,7,37,52,99,0,26,26,125
10/25/2022,MLU,LA,ASW,CE,Combined TRACON& Tower with Radar,5,8,14,7,34,0,0,8,2,10,5,8,22,9,44,0,12,12,56
10/26/2022,MLU,LA,ASW,CE,Combined TRACON& Tower with Radar,5,13,10,23,51,0,1,23,7,31,5,14,33,30,82,8,4,12,94
10/27/2022,MLU,LA,ASW,CE,Combined TRACON& Tower with Radar,7,11,23,8,49,0,1,24,4,29,7,12,47,12,78,42,32,74,152
10/28/2022,MLU,LA,ASW,CE,Combined TRACON& Tower with Radar,5,11,12,32,60,0,0,18,5,23,5,11,30,37,83,64,6,70,153
10/29/2022,MLU,LA,ASW,CE,Combined TRACON& Tower with Radar,4,6,12,0,22,0,1,3,0,4,4,7,15,0,26,0,0,0,26
10/30/2022,MLU,LA,ASW,CE,Combined TRACON& Tower with Radar,5,10,23,0,38,0,3,3,0,6,5,13,26,0,44,0,0,0,44
10/31/2022,MLU,LA,ASW,CE,Combined TRACON& Tower with Radar,4,6,15,25,50,0,2,17,3,22,4,8,32,28,72,2,2,4,76
11/01/2022,MLU,LA,ASW,CE,Combined TRACON& Tower with Radar,5,9,29,22,65,0,0,22,5,27,5,9,51,27,92,68,30,98,190
11/02/2022,MLU,LA,ASW,CE,Combined TRACON& Tower with Radar,5,10,31,37,83,0,0,24,11,35,5,10,55,48,118,70,8,78,196
11/03/2022,MLU,LA,ASW,CE,Combined TRACON& Tower with Radar,5,11,21,26,63,0,0,21,3,24,5,11,42,29,87,36,18,54,141
11/04/2022,MLU,LA,ASW,CE,Combined TRACON& Tower with Radar,8,8,17,7,40,0,0,5,1,6,8,8,22,8,46,0,0,0,46
11/05/2022,MLU,LA,ASW,CE,Combined TRACON& Tower with Radar,8,5,15,3,31,0,0,13,6,19,8,5,28,9,50,0,0,0,50
11/06/2022,MLU,LA,ASW,CE,Combined TRACON& Tower with Radar,5,4,13,0,22,0,1,3,1,5,5,5,16,1,27,8,0,8,35
11/07/2022,MLU,LA,ASW,CE,Combined TRACON& Tower with Radar,5,6,12,11,34,0,0,4,0,4,5,6,16,11,38,34,6,40,78
11/08/2022,MLU,LA,ASW,CE,Combined TRACON& Tower with Radar,9,4,17,0,30,0,1,6,4,11,9,5,23,4,41,0,0,0,41
11/09/2022,MLU,LA,ASW,CE,Combined TRACON& Tower with Radar,4,9,25,4,42,0,2,21,4,27,4,11,46,8,69,60,0,60,129
11/10/2022,MLU,LA,ASW,CE,Combined TRACON& Tower with Radar,5,10,20,2,37,0,4,27,0,31,5,14,47,2,68,0,0,0,68
11/11/2022,MLU,LA,ASW,CE,Combined TRACON& Tower with Radar,8,6,19,0,33,0,0,16,0,16,8,6,35,0,49,26,0,26,75
11/12/2022,MLU,LA,ASW,CE,Combined TRACON& Tower with Radar,9,6,7,0,22,0,0,6,0,6,9,6,13,0,28,6,0,6,34
11/13/2022,MLU,LA,ASW,CE,Combined TRACON& Tower with Radar,5,10,23,0,38,0,2,16,0,18,5,12,39,0,56,2,0,2,58
11/14/2022,MLU,LA,ASW,CE,Combined TRACON& Tower with Radar,5,7,15,0,27,0,0,9,0,9,5,7,24,0,36,24,0,24,60
11/15/2022,MLU,LA,ASW,CE,Combined TRACON& Tower with Radar,4,15,8,2,29,0,0,6,2,8,4,15,14,4,37,2,0,2,39
11/16/2022,MLU,LA,ASW,CE,Combined TRACON& Tower with Radar,5,10,29,11,55,0,1,15,2,18,5,11,44,13,73,38,12,50,123
11/17/2022,MLU,LA,ASW,CE,Combined TRACON& Tower with Radar,6,13,24,2,45,0,2,23,0,25,6,15,47,2,70,38,0,38,108
11/18/2022,MLU,LA,ASW,CE,Combined TRACON& Tower with Radar,6,8,24,0,38,0,2,34,0,36,6,10,58,0,74,22,0,22,96
11/19/2022,MLU,LA,ASW,CE,Combined TRACON& Tower with Radar,5,5,7,0,17,0,2,18,0,20,5,7,25,0,37,24,0,24,61
11/20/2022,MLU,LA,ASW,CE,Combined TRACON& Tower with Radar,6,9,21,0,36,0,0,27,0,27,6,9,48,0,63,30,0,30,93
11/21/2022,MLU,LA,ASW,CE,Combined TRACON& Tower with Radar,5,8,14,1,28,0,3,22,0,25,5,11,36,1,53,78,2,80,133
11/22/2022,MLU,LA,ASW,CE,Combined TRACON& Tower with Radar,5,9,19,2,35,0,2,24,1,27,5,11,43,3,62,30,0,30,92
11/23/2022,MLU,LA,ASW,CE,Combined TRACON& Tower with Radar,5,10,11,1,27,0,0,15,0,15,5,10,26,1,42,6,0,6,48
11/24/2022,MLU,LA,ASW,CE,Combined TRACON& Tower with Radar,4,4,4,1,13,0,0,1,0,1,4,4,5,1,14,6,0,6,20
11/25/2022,MLU,LA,ASW,CE,Combined TRACON& Tower with Radar,6,7,5,0,18,0,0,0,0,0,6,7,5,0,18,0,0,0,18
11/26/2022,MLU,LA,ASW,CE,Combined TRACON& Tower with Radar,7,4,3,0,14,0,0,0,0,0,7,4,3,0,14,0,0,0,14
11/27/2022,MLU,LA,ASW,CE,Combined TRACON& Tower with Radar,7,9,20,0,36,0,2,14,0,16,7,11,34,0,52,8,0,8,60
11/28/2022,MLU,LA,ASW,CE,Combined TRACON& Tower with Radar,5,7,28,1,41,0,0,24,0,24,5,7,52,1,65,22,0,22,87
11/29/2022,MLU,LA,ASW,CE,Combined TRACON& Tower with Radar,5,7,7,0,19,0,0,1,0,1,5,7,8,0,20,0,0,0,20
11/30/2022,MLU,LA,ASW,CE,Combined TRACON& Tower with Radar,5,6,35,4,50,0,1,14,3,18,5,7,49,7,68,28,0,28,96
12/01/2022,MLU,LA,ASW,CE,Combined TRACON& Tower with Radar,5,7,14,0,26,0,0,24,0,24,5,7,38,0,50,56,0,56,106
12/02/2022,MLU,LA,ASW,CE,Combined TRACON& Tower with Radar,5,10,10,11,36,0,0,14,7,21,5,10,24,18,57,18,14,32,89
12/03/2022,MLU,LA,ASW,CE,Combined TRACON& Tower with Radar,5,7,14,1,27,0,0,3,2,5,5,7,17,3,32,22,0,22,54
12/04/2022,MLU,LA,ASW,CE,Combined TRACON& Tower with Radar,5,4,17,2,28,0,1,4,0,5,5,5,21,2,33,10,0,10,43
12/05/2022,MLU,LA,ASW,CE,Combined TRACON& Tower with Radar,5,4,13,0,22,0,0,2,0,2,5,4,15,0,24,0,0,0,24
12/06/2022,MLU,LA,ASW,CE,Combined TRACON& Tower with Radar,6,9,23,10,48,0,0,8,3,11,6,9,31,13,59,0,0,0,59
12/07/2022,MLU,LA,ASW,CE,Combined TRACON& Tower with Radar,8,5,10,10,33,0,1,14,0,15,8,6,24,10,48,62,0,62,110
12/08/2022,MLU,LA,ASW,CE,Combined TRACON& Tower with Radar,6,9,16,2,33,0,0,7,0,7,6,9,23,2,40,6,0,6,46
12/09/2022,MLU,LA,ASW,CE,Combined TRACON& Tower with Radar,6,6,19,12,43,0,0,4,2,6,6,6,23,14,49,18,0,18,67
12/10/2022,MLU,LA,ASW,CE,Combined TRACON& Tower with Radar,3,4,14,0,21,0,0,14,0,14,3,4,28,0,35,26,0,26,61
12/11/2022,MLU,LA,ASW,CE,Combined TRACON& Tower with Radar,7,4,11,0,22,0,0,0,0,0,7,4,11,0,22,0,0,0,22
12/12/2022,MLU,LA,ASW,CE,Combined TRACON& Tower with Radar,4,8,11,0,23,0,0,2,0,2,4,8,13,0,25,0,0,0,25
12/13/2022,MLU,LA,ASW,CE,Combined TRACON& Tower with Radar,2,9,11,0,22,0,0,3,0,3,2,9,14,0,25,0,0,0,25
12/14/2022,MLU,LA,ASW,CE,Combined TRACON& Tower with Radar,6,8,13,0,27,0,1,11,0,12,6,9,24,0,39,6,0,6,45
12/15/2022,MLU,LA,ASW,CE,Combined TRACON& Tower with Radar,5,9,23,14,51,0,0,38,2,40,5,9,61,16,91,108,2,110,201
12/16/2022,MLU,LA,ASW,CE,Combined TRACON& Tower with Radar,6,8,15,2,31,0,1,11,0,12,6,9,26,2,43,36,0,36,79
12/17/2022,MLU,LA,ASW,CE,Combined TRACON& Tower with Radar,5,5,16,0,26,0,1,23,0,24,5,6,39,0,50,42,0,42,92
12/18/2022,MLU,LA,ASW,CE,Combined TRACON& Tower with Radar,5,10,15,0,30,0,0,14,0,14,5,10,29,0,44,0,0,0,44
12/19/2022,MLU,LA,ASW,CE,Combined TRACON& Tower with Radar,6,8,6,0,20,0,0,1,0,1,6,8,7,0,21,0,0,0,21
12/20/2022,MLU,LA,ASW,CE,Combined TRACON& Tower with Radar,8,5,7,0,20,0,0,1,0,1,8,5,8,0,21,0,0,0,21
12/21/2022,MLU,LA,ASW,CE,Combined TRACON& Tower with Radar,5,9,18,1,33,0,0,1,0,1,5,9,19,1,34,22,0,22,56
12/22/2022,MLU,LA,ASW,CE,Combined TRACON& Tower with Radar,5,6,14,0,25,0,0,0,0,0,5,6,14,0,25,0,0,0,25
12/23/2022,MLU,LA,ASW,CE,Combined TRACON& Tower with Radar,5,6,6,0,17,0,2,10,0,12,5,8,16,0,29,0,0,0,29
12/24/2022,MLU,LA,ASW,CE,Combined TRACON& Tower with Radar,4,4,7,0,15,0,0,7,0,7,4,4,14,0,22,40,0,40,62
12/25/2022,MLU,LA,ASW,CE,Combined TRACON& Tower with Radar,4,2,1,0,7,0,0,2,0,2,4,2,3,0,9,0,0,0,9
12/26/2022,MLU,LA,ASW,CE,Combined TRACON& Tower with Radar,6,4,26,0,36,0,2,15,0,17,6,6,41,0,53,16,0,16,69
12/27/2022,MLU,LA,ASW,CE,Combined TRACON& Tower with Radar,6,7,19,0,32,0,0,17,0,17,6,7,36,0,49,38,0,38,87
12/28/2022,MLU,LA,ASW,CE,Combined TRACON& Tower with Radar,5,10,24,2,41,0,4,14,0,18,5,14,38,2,59,48,0,48,107
12/29/2022,MLU,LA,ASW,CE,Combined TRACON& Tower with Radar,5,6,7,0,18,0,0,2,0,2,5,6,9,0,20,0,0,0,20
12/30/2022,MLU,LA,ASW,CE,Combined TRACON& Tower with Radar,5,7,12,0,24,0,0,2,0,2,5,7,14,0,26,10,0,10,36
12/31/2022,MLU,LA,ASW,CE,Combined TRACON& Tower with Radar,9,4,5,0,18,0,0,4,0,4,9,4,9,0,22,0,0,0,22
01/01/2023,MLU,LA,ASW,CE,Combined TRACON& Tower with Radar,5,3,10,0,18,0,0,0,0,0,5,3,10,0,18,0,0,0,18
01/02/2023,MLU,LA,ASW,CE,Combined TRACON& Tower with Radar,7,4,8,0,19,0,0,1,0,1,7,4,9,0,20,0,0,0,20
01/03/2023,MLU,LA,ASW,CE,Combined TRACON& Tower with Radar,6,6,4,0,16,0,0,7,0,7,6,6,11,0,23,28,0,28,51
01/04/2023,MLU,LA,ASW,CE,Combined TRACON& Tower with Radar,5,6,19,5,35,0,2,18,2,22,5,8,37,7,57,48,12,60,117
01/05/2023,MLU,LA,ASW,CE,Combined TRACON& Tower with Radar,6,9,23,23,61,0,1,20,4,25,6,10,43,27,86,46,22,68,154
01/06/2023,MLU,LA,ASW,CE,Combined TRACON& Tower with Radar,5,7,21,13,46,0,0,30,5,35,5,7,51,18,81,18,22,40,121
01/07/2023,MLU,LA,ASW,CE,Combined TRACON& Tower with Radar,5,5,21,0,31,0,1,9,0,10,5,6,30,0,41,0,0,0,41
01/08/2023,MLU,LA,ASW,CE,Combined TRACON& Tower with Radar,6,4,14,0,24,0,1,9,0,10,6,5,23,0,34,16,0,16,50
01/09/2023,MLU,LA,ASW,CE,Combined TRACON& Tower with Radar,5,7,15,16,43,0,1,23,3,27,5,8,38,19,70,20,6,26,96
01/10/2023,MLU,LA,ASW,CE,Combined TRACON& Tower with Radar,6,6,29,7,48,0,0,12,0,12,6,6,41,7,60,10,0,10,70
01/11/2023,MLU,LA,ASW,CE,Combined TRACON& Tower with Radar,5,7,21,27,60,0,2,16,4,22,5,9,37,31,82,2,40,42,124
01/12/2023,MLU,LA,ASW,CE,Combined TRACON& Tower with Radar,5,7,18,0,30,0,0,8,2,10,5,7,26,2,40,10,0,10,50
01/13/2023,MLU,LA,ASW,CE,Combined TRACON& Tower with Radar,5,10,23,25,63,0,0,42,3,45,5,10,65,28,108,16,54,70,178
01/14/2023,MLU,LA,ASW,CE,Combined TRACON& Tower with Radar,4,6,12,7,29,0,3,34,0,37,4,9,46,7,66,26,0,26,92
01/15/2023,MLU,LA,ASW,CE,Combined TRACON& Tower with Radar,3,6,14,8,31,0,1,12,0,13,3,7,26,8,44,0,16,16,60
01/16/2023,MLU,LA,ASW,CE,Combined TRACON& Tower with Radar,4,10,13,0,27,0,0,5,0,5,4,10,18,0,32,8,0,8,40
01/17/2023,MLU,LA,ASW,CE,Combined TRACON& Tower with Radar,5,13,22,12,52,0,0,13,1,14,5,13,35,13,66,46,0,46,112
01/18/2023,MLU,LA,ASW,CE,Combined TRACON& Tower with Radar,5,6,8,0,19,0,2,1,0,3,5,8,9,0,22,0,0,0,22
01/19/2023,MLU,LA,ASW,CE,Combined TRACON& Tower with Radar,5,9,24,23,61,0,2,51,9,62,5,11,75,32,123,60,10,70,193
01/20/2023,MLU,LA,ASW,CE,Combined TRACON& Tower with Radar,6,7,14,37,64,0,2,23,8,33,6,9,37,45,97,94,32,126,223
01/21/2023,MLU,LA,ASW,CE,Combined TRACON& Tower with Radar,5,8,23,0,36,0,0,12,0,12,5,8,35,0,48,40,0,40,88
01/22/2023,MLU,LA,ASW,CE,Combined TRACON& Tower with Radar,5,4,17,19,45,0,1,18,0,19,5,5,35,19,64,2,2,4,68
01/23/2023,MLU,LA,ASW,CE,Combined TRACON& Tower with Radar,5,9,39,22,75,0,0,41,4,45,5,9,80,26,120,12,60,72,192
01/24/2023,MLU,LA,ASW,CE,Combined TRACON& Tower with Radar,5,9,3,0,17,0,0,1,1,2,5,9,4,1,19,0,0,0,19
01/25/2023,MLU,LA,ASW,CE,Combined TRACON& Tower with Radar,5,14,16,74,109,0,0,22,11,33,5,14,38,85,142,44,12,56,198
01/26/2023,MLU,LA,ASW,CE,Combined TRACON& Tower with Radar,6,12,32,15,65,0,0,33,8,41,6,12,65,23,106,36,24,60,166
01/27/2023,MLU,LA,ASW,CE,Combined TRACON& Tower with Radar,5,9,23,0,37,0,2,33,2,37,5,11,56,2,74,22,0,22,96
01/28/2023,MLU,LA,ASW,CE,Combined TRACON& Tower with Radar,5,4,9,0,18,0,0,4,0,4,5,4,13,0,22,8,0,8,30
01/29/2023,MLU,LA,ASW,CE,Combined TRACON& Tower with Radar,5,4,16,0,25,0,0,0,0,0,5,4,16,0,25,0,0,0,25
01/30/2023,MLU,LA,ASW,CE,Combined TRACON& Tower with Radar,3,7,10,0,20,0,0,0,0,0,3,7,10,0,20,0,0,0,20
01/31/2023,MLU,LA,ASW,CE,Combined TRACON& Tower with Radar,3,4,8,0,15,0,0,0,0,0,3,4,8,0,15,0,0,0,15
02/01/2023,MLU,LA,ASW,CE,Combined TRACON& Tower with Radar,2,5,4,0,11,0,0,0,0,0,2,5,4,0,11,0,0,0,11
02/02/2023,MLU,LA,ASW,CE,Combined TRACON& Tower with Radar,2,9,3,0,14,0,0,0,0,0,2,9,3,0,14,0,0,0,14
02/03/2023,MLU,LA,ASW,CE,Combined TRACON& Tower with Radar,5,10,22,3,40,0,0,35,6,41,5,10,57,9,81,14,0,14,95
02/04/2023,MLU,LA,ASW,CE,Combined TRACON& Tower with Radar,5,6,25,0,36,0,3,27,0,30,5,9,52,0,66,24,0,24,90
02/05/2023,MLU,LA,ASW,CE,Combined TRACON& Tower with Radar,5,5,22,0,32,0,0,22,0,22,5,5,44,0,54,0,0,0,54
02/06/2023,MLU,LA,ASW,CE,Combined TRACON& Tower with Radar,5,7,30,0,42,0,2,30,0,32,5,9,60,0,74,18,0,18,92
02/07/2023,MLU,LA,ASW,CE,Combined TRACON& Tower with Radar,5,9,24,12,50,0,1,44,4,49,5,10,68,16,99,30,0,30,129
02/08/2023,MLU,LA,ASW,CE,Combined TRACON& Tower with Radar,5,7,8,6,26,0,0,0,0,0,5,7,8,6,26,0,0,0,26
02/09/2023,MLU,LA,ASW,CE,Combined TRACON& Tower with Radar,8,5,28,13,54,0,1,52,14,67,8,6,80,27,121,64,22,86,207
02/10/2023,MLU,LA,ASW,CE,Combined TRACON& Tower with Radar,6,6,33,8,53,0,2,21,7,30,6,8,54,15,83,22,16,38,121
02/11/2023,MLU,LA,ASW,CE,Combined TRACON& Tower with Radar,5,3,6,0,14,0,1,8,0,9,5,4,14,0,23,30,0,30,53
02/12/2023,MLU,LA,ASW,CE,Combined TRACON& Tower with Radar,6,4,17,0,27,0,1,18,0,19,6,5,35,0,46,10,0,10,56
02/13/2023,MLU,LA,ASW,CE,Combined TRACON& Tower with Radar,5,6,18,38,67,0,0,33,5,38,5,6,51,43,105,32,28,60,165
02/14/2023,MLU,LA,ASW,CE,Combined TRACON& Tower with Radar,5,7,11,0,23,0,1,0,0,1,5,8,11,0,24,2,0,2,26
02/15/2023,MLU,LA,ASW,CE,Combined TRACON& Tower with Radar,5,7,13,14,39,0,2,4,0,6,5,9,17,14,45,24,0,24,69
02/16/2023,MLU,LA,ASW,CE,Combined TRACON& Tower with Radar,5,10,15,0,30,0,1,10,0,11,5,11,25,0,41,16,0,16,57
02/17/2023,MLU,LA,ASW,CE,Combined TRACON& Tower with Radar,6,9,14,11,40,0,0,13,3,16,6,9,27,14,56,6,16,22,78
02/18/2023,MLU,LA,ASW,CE,Combined TRACON& Tower with Radar,5,6,29,0,40,0,4,22,0,26,5,10,51,0,66,32,0,32,98
02/19/2023,MLU,LA,ASW,CE,Combined TRACON& Tower with Radar,5,8,24,0,37,0,2,16,0,18,5,10,40,0,55,8,0,8,63
02/20/2023,MLU,LA,ASW,CE,Combined TRACON& Tower with Radar,5,9,21,0,35,0,0,3,0,3,5,9,24,0,38,0,0,0,38
02/21/2023,MLU,LA,ASW,CE,Combined TRACON& Tower with Radar,5,9,21,8,43,0,2,14,2,18,5,11,35,10,61,4,8,12,73
02/22/2023,MLU,LA,ASW,CE,Combined TRACON& Tower with Radar,3,8,14,8,33,0,0,2,0,2,3,8,16,8,35,0,4,4,39
02/23/2023,MLU,LA,ASW,CE,Combined TRACON& Tower with Radar,5,6,36,15,62,0,0,16,5,21,5,6,52,20,83,8,10,18,101
02/24/2023,MLU,LA,ASW,CE,Combined TRACON& Tower with Radar,5,7,15,12,39,0,1,12,1,14,5,8,27,13,53,34,8,42,95
02/25/2023,MLU,LA,ASW,CE,Combined TRACON& Tower with Radar,5,4,14,0,23,0,1,2,0,3,5,5,16,0,26,40,0,40,66
02/26/2023,MLU,LA,ASW,CE,Combined TRACON& Tower with Radar,7,6,20,0,33,0,1,8,0,9,7,7,28,0,42,6,0,6,48
02/27/2023,MLU,LA,ASW,CE,Combined TRACON& Tower with Radar,5,8,15,18,46,0,0,14,1,15,5,8,29,19,61,4,24,28,89
02/28/2023,MLU,LA,ASW,CE,Combined TRACON& Tower with Radar,5,7,15,17,44,0,2,28,3,33,5,9,43,20,77,18,28,46,123
03/01/2023,MLU,LA,ASW,CE,Combined TRACON& Tower with Radar,5,8,23,13,49,0,1,14,2,17,5,9,37,15,66,10,20,30,96
03/02/2023,MLU,LA,ASW,CE,Combined TRACON& Tower with Radar,2,6,11,4,23,0,0,7,0,7,2,6,18,4,30,2,0,2,32
03/03/2023,MLU,LA,ASW,CE,Combined TRACON& Tower with Radar,5,5,20,2,32,0,0,12,0,12,5,5,32,2,44,0,0,0,44
03/04/2023,MLU,LA,ASW,CE,Combined TRACON& Tower with Radar,5,4,7,0,16,0,1,32,0,33,5,5,39,0,49,24,0,24,73
03/05/2023,MLU,LA,ASW,CE,Combined TRACON& Tower with Radar,7,9,26,0,42,0,0,26,0,26,7,9,52,0,68,2,0,2,70
03/06/2023,MLU,LA,ASW,CE,Combined TRACON& Tower with Radar,5,7,26,30,68,0,1,19,2,22,5,8,45,32,90,40,14,54,144
03/07/2023,MLU,LA,ASW,CE,Combined TRACON& Tower with Radar,5,9,22,22,58,0,3,18,0,21,5,12,40,22,79,36,0,36,115
03/08/2023,MLU,LA,ASW,CE,Combined TRACON& Tower with Radar,5,10,13,3,31,0,1,17,3,21,5,11,30,6,52,42,22,64,116
03/09/2023,MLU,LA,ASW,CE,Combined TRACON& Tower with Radar,5,7,31,18,61,0,0,14,2,16,5,7,45,20,77,68,52,120,197
03/10/2023,MLU,LA,ASW,CE,Combined TRACON& Tower with Radar,5,6,32,28,71,0,2,15,2,19,5,8,47,30,90,16,58,74,164
03/11/2023,MLU,LA,ASW,CE,Combined TRACON& Tower with Radar,6,4,24,0,34,0,0,9,0,9,6,4,33,0,43,0,0,0,43
03/12/2023,MLU,LA,ASW,CE,Combined TRACON& Tower with Radar,5,5,4,0,14,0,1,2,0,3,5,6,6,0,17,0,0,0,17
03/13/2023,MLU,LA,ASW,CE,Combined TRACON& Tower with Radar,6,6,20,28,60,0,0,34,13,47,6,6,54,41,107,60,88,148,255
03/14/2023,MLU,LA,ASW,CE,Combined TRACON& Tower with Radar,5,7,21,12,45,0,3,25,6,34,5,10,46,18,79,32,70,102,181
03/15/2023,MLU,LA,ASW,CE,Combined TRACON& Tower with Radar,5,7,28,4,44,0,2,41,1,44,5,9,69,5,88,130,0,130,218
03/16/2023,MLU,LA,ASW,CE,Combined TRACON& Tower with Radar,2,5,10,7,24,0,2,14,2,18,2,7,24,9,42,2,12,14,56
03/17/2023,MLU,LA,ASW,CE,Combined TRACON& Tower with Radar,4,7,23,16,50,0,1,18,0,19,4,8,41,16,69,18,0,18,87
03/18/2023,MLU,LA,ASW,CE,Combined TRACON& Tower with Radar,5,4,16,7,32,0,3,39,1,43,5,7,55,8,75,14,16,30,105
03/19/2023,MLU,LA,ASW,CE,Combined TRACON& Tower with Radar,5,7,13,1,26,0,0,22,2,24,5,7,35,3,50,6,6,12,62
03/20/2023,MLU,LA,ASW,CE,Combined TRACON& Tower with Radar,5,6,10,10,31,0,2,25,2,29,5,8,35,12,60,18,14,32,92
03/21/2023,MLU,LA,ASW,CE,Combined TRACON& Tower with Radar,4,8,12,9,33,0,1,14,4,19,4,9,26,13,52,0,4,4,56
03/22/2023,MLU,LA,ASW,CE,Combined TRACON& Tower with Radar,5,10,20,8,43,0,1,15,2,18,5,11,35,10,61,16,4,20,81
03/23/2023,MLU,LA,ASW,CE,Combined TRACON& Tower with Radar,5,9,31,12,57,0,1,19,3,23,5,10,50,15,80,46,0,46,126
03/24/2023,MLU,LA,ASW,CE,Combined TRACON& Tower with Radar,5,8,10,0,23,0,1,2,0,3,5,9,12,0,26,0,0,0,26
03/25/2023,MLU,LA,ASW,CE,Combined TRACON& Tower with Radar,5,8,8,0,21,0,0,26,0,26,5,8,34,0,47,34,0,34,81
03/26/2023,MLU,LA,ASW,CE,Combined TRACON& Tower with Radar,5,10,7,2,24,0,0,9,2,11,5,10,16,4,35,10,0,10,45
03/27/2023,MLU,LA,ASW,CE,Combined TRACON& Tower with Radar,5,8,25,15,53,0,0,26,5,31,5,8,51,20,84,16,20,36,120
03/28/2023,MLU,LA,ASW,CE,Combined TRACON& Tower with Radar,5,10,8,23,46,0,1,10,10,21,5,11,18,33,67,0,12,12,79
03/29/2023,MLU,LA,ASW,CE,Combined TRACON& Tower with Radar,5,6,21,41,73,0,6,44,4,54,5,12,65,45,127,46,22,68,195
03/30/2023,MLU,LA,ASW,CE,Combined TRACON& Tower with Radar,5,6,27,21,59,0,1,24,11,36,5,7,51,32,95,56,2,58,153
03/31/2023,MLU,LA,ASW,CE,Combined TRACON& Tower with Radar,5,7,16,0,28,0,0,3,0,3,5,7,19,0,31,0,0,0,31
04/01/2023,MLU,LA,ASW,CE,Combined TRACON& Tower with Radar,6,6,20,0,32,0,5,20,0,25,6,11,40,0,57,8,2,10,67
04/02/2023,MLU,LA,ASW,CE,Combined TRACON& Tower with Radar,4,3,22,0,29,0,1,9,0,10,4,4,31,0,39,8,0,8,47
04/03/2023,MLU,LA,ASW,CE,Combined TRACON& Tower with Radar,7,1,28,51,87,0,3,19,3,25,7,4,47,54,112,2,22,24,136
04/04/2023,MLU,LA,ASW,CE,Combined TRACON& Tower with Radar,9,2,21,33,65,0,4,15,4,23,9,6,36,37,88,0,18,18,106
04/05/2023,MLU,LA,ASW,CE,Combined TRACON& Tower with Radar,9,3,10,6,28,0,2,5,1,8,9,5,15,7,36,0,6,6,42
04/06/2023,MLU,LA,ASW,CE,Combined TRACON& Tower with Radar,9,5,4,0,18,0,0,0,0,0,9,5,4,0,18,0,0,0,18
04/07/2023,MLU,LA,ASW,CE,Combined TRACON& Tower with Radar,9,4,4,0,17,0,0,0,0,0,9,4,4,0,17,0,0,0,17
04/08/2023,MLU,LA,ASW,CE,Combined TRACON& Tower with Radar,10,4,11,0,25,0,0,4,0,4,10,4,15,0,29,2,0,2,31
04/09/2023,MLU,LA,ASW,CE,Combined TRACON& Tower with Radar,7,0,7,0,14,0,2,6,0,8,7,2,13,0,22,0,0,0,22
04/10/2023,MLU,LA,ASW,CE,Combined TRACON& Tower with Radar,9,8,24,12,53,0,2,38,4,44,9,10,62,16,97,58,10,68,165
04/11/2023,MLU,LA,ASW,CE,Combined TRACON& Tower with Radar,9,2,21,7,39,0,2,29,7,38,9,4,50,14,77,34,12,46,123
04/12/2023,MLU,LA,ASW,CE,Combined TRACON& Tower with Radar,9,2,13,8,32,0,2,28,2,32,9,4,41,10,64,54,2,56,120
04/13/2023,MLU,LA,ASW,CE,Combined TRACON& Tower with Radar,9,6,22,7,44,0,1,20,5,26,9,7,42,12,70,54,6,60,130
04/14/2023,MLU,LA,ASW,CE,Combined TRACON& Tower with Radar,9,4,16,31,60,0,2,42,18,62,9,6,58,49,122,46,26,72,194
04/15/2023,MLU,LA,ASW,CE,Combined TRACON& Tower with Radar,9,2,12,0,23,0,1,5,2,8,9,3,17,2,31,4,0,4,35
04/16/2023,MLU,LA,ASW,CE,Combined TRACON& Tower with Radar,8,0,6,4,18,0,6,8,0,14,8,6,14,4,32,0,0,0,32
04/17/2023,MLU,LA,ASW,CE,Combined TRACON& Tower with Radar,9,1,21,25,56,0,2,39,5,46,9,3,60,30,102,80,4,84,186
04/18/2023,MLU,LA,ASW,CE,Combined TRACON& Tower with Radar,9,3,32,48,92,0,2,33,5,40,9,5,65,53,132,84,34,118,250
04/19/2023,MLU,LA,ASW,CE,Combined TRACON& Tower with Radar,9,5,23,22,59,0,3,24,1,28,9,8,47,23,87,108,14,122,209
04/20/2023,MLU,LA,ASW,CE,Combined TRACON& Tower with Radar,7,3,20,28,58,0,0,8,1,9,7,3,28,29,67,6,0,6,73
04/21/2023,MLU,LA,ASW,CE,Combined TRACON& Tower with Radar,8,1,18,0,27,0,0,1,0,1,8,1,19,0,28,0,0,0,28
04/22/2023,MLU,LA,ASW,CE,Combined TRACON& Tower with Radar,9,4,28,1,42,0,3,39,1,43,9,7,67,2,85,40,6,46,131
04/23/2023,MLU,LA,ASW,CE,Combined TRACON& Tower with Radar,9,0,17,0,26,0,3,11,0,14,9,3,28,0,40,0,0,0,40
04/24/2023,MLU,LA,ASW,CE,Combined TRACON& Tower with Radar,9,6,17,5,37,0,2,19,1,22,9,8,36,6,59,26,6,32,91
04/25/2023,MLU,LA,ASW,CE,Combined TRACON& Tower with Radar,9,3,19,5,36,0,2,28,4,34,9,5,47,9,70,60,0,60,130
04/26/2023,MLU,LA,ASW,CE,Combined TRACON& Tower with Radar,9,5,17,8,39,0,0,9,0,9,9,5,26,8,48,28,8,36,84
04/27/2023,MLU,LA,ASW,CE,Combined TRACON& Tower with Radar,9,4,20,41,74,0,0,11,6,17,9,4,31,47,91,42,24,66,157
04/28/2023,MLU,LA,ASW,CE,Combined TRACON& Tower with Radar,9,6,14,35,64,0,0,25,0,25,9,6,39,35,89,80,4,84,173
04/29/2023,MLU,LA,ASW,CE,Combined TRACON& Tower with Radar,8,0,4,0,12,0,0,2,0,2,8,0,6,0,14,0,0,0,14
04/30/2023,MLU,LA,ASW,CE,Combined TRACON& Tower with Radar,9,0,23,5,37,0,2,32,3,37,9,2,55,8,74,8,8,16,90
05/01/2023,MLU,LA,ASW,CE,Combined TRACON& Tower with Radar,11,4,6,17,38,0,0,30,5,35,11,4,36,22,73,82,18,100,173
05/02/2023,MLU,LA,ASW,CE,Combined TRACON& Tower with Radar,9,6,15,32,62,0,0,19,5,24,9,6,34,37,86,48,18,66,152
05/03/2023,MLU,LA,ASW,CE,Combined TRACON& Tower with Radar,8,0,6,27,41,0,3,28,5,36,8,3,34,32,77,60,8,68,145
05/04/2023,MLU,LA,ASW,CE,Combined TRACON& Tower with Radar,9,3,8,11,31,0,0,43,5,48,9,3,51,16,79,66,26,92,171
05/05/2023,MLU,LA,ASW,CE,Combined TRACON& Tower with Radar,8,2,5,0,15,0,3,9,7,19,8,5,14,7,34,0,0,0,34
05/06/2023,MLU,LA,ASW,CE,Combined TRACON& Tower with Radar,9,0,6,2,17,0,1,17,14,32,9,1,23,16,49,2,24,26,75
05/07/2023,MLU,LA,ASW,CE,Combined TRACON& Tower with Radar,9,0,10,0,19,0,0,14,6,20,9,0,24,6,39,0,0,0,39
05/08/2023,MLU,LA,ASW,CE,Combined TRACON& Tower with Radar,9,3,19,15,46,0,0,12,2,14,9,3,31,17,60,38,2,40,100
05/09/2023,MLU,LA,ASW,CE,Combined TRACON& Tower with Radar,9,4,25,10,48,0,0,6,2,8,9,4,31,12,56,20,6,26,82
05/10/2023,MLU,LA,ASW,CE,Combined TRACON& Tower with Radar,9,2,19,2,32,0,0,1,0,1,9,2,20,2,33,0,4,4,37
05/11/2023,MLU,LA,ASW,CE,Combined TRACON& Tower with Radar,9,5,16,0,30,0,0,0,0,0,9,5,16,0,30,0,0,0,30
05/12/2023,MLU,LA,ASW,CE,Combined TRACON& Tower with Radar,9,4,25,16,54,0,0,8,7,15,9,4,33,23,69,26,0,26,95
05/13/2023,MLU,LA,ASW,CE,Combined TRACON& Tower with Radar,9,1,9,0,19,0,2,9,0,11,9,3,18,0,30,0,0,0,30
05/14/2023,MLU,LA,ASW,CE,Combined TRACON& Tower with Radar,8,4,10,1,23,0,0,0,3,3,8,4,10,4,26,6,2,8,34
05/15/2023,MLU,LA,ASW,CE,Combined TRACON& Tower with Radar,9,6,16,22,53,0,0,26,15,41,9,6,42,37,94,96,28,124,218
05/16/2023,MLU,LA,ASW,CE,Combined TRACON& Tower with Radar,9,3,15,41,68,0,4,26,14,44,9,7,41,55,112,48,48,96,208
05/17/2023,MLU,LA,ASW,CE,Combined TRACON& Tower with Radar,9,3,17,3,32,0,1,16,3,20,9,4,33,6,52,84,6,90,142
05/18/2023,MLU,LA,ASW,CE,Combined TRACON& Tower with Radar,9,2,22,22,55,0,0,21,3,24,9,2,43,25,79,84,64,148,227
05/19/2023,MLU,LA,ASW,CE,Combined TRACON& Tower with Radar,7,2,33,9,51,0,2,21,2,25,7,4,54,11,76,76,20,96,172
05/20/2023,MLU,LA,ASW,CE,Combined TRACON& Tower with Radar,9,3,6,0,18,0,0,5,0,5,9,3,11,0,23,6,0,6,29
05/21/2023,MLU,LA,ASW,CE,Combined TRACON& Tower with Radar,9,2,15,0,26,0,6,21,6,33,9,8,36,6,59,40,0,40,99
05/22/2023,MLU,LA,ASW,CE,Combined TRACON& Tower with Radar,9,1,17,2,29,0,0,22,2,24,9,1,39,4,53,56,22,78,131
05/23/2023,MLU,LA,ASW,CE,Combined TRACON& Tower with Radar,9,4,24,15,52,0,0,15,5,20,9,4,39,20,72,48,32,80,152
05/24/2023,MLU,LA,ASW,CE,Combined TRACON& Tower with Radar,9,6,24,25,64,0,3,19,8,30,9,9,43,33,94,22,80,102,196
05/25/2023,MLU,LA,ASW,CE,Combined TRACON& Tower with Radar,9,6,11,18,44,0,2,17,0,19,9,8,28,18,63,102,34,136,199
05/26/2023,MLU,LA,ASW,CE,Combined TRACON& Tower with Radar,9,5,13,0,27,0,0,19,0,19,9,5,32,0,46,68,0,68,114
05/27/2023,MLU,LA,ASW,CE,Combined TRACON& Tower with Radar,10,4,14,0,28,0,3,13,0,16,10,7,27,0,44,0,0,0,44
05/28/2023,MLU,LA,ASW,CE,Combined TRACON& Tower with Radar,10,5,7,0,22,0,1,19,0,20,10,6,26,0,42,4,0,4,46
05/29/2023,MLU,LA,ASW,CE,Combined TRACON& Tower with Radar,9,2,6,2,19,0,2,11,0,13,9,4,17,2,32,40,2,42,74
05/30/2023,MLU,LA,ASW,CE,Combined TRACON& Tower with Radar,9,0,14,19,42,0,1,25,3,29,9,1,39,22,71,60,12,72,143
05/31/2023,MLU,LA,ASW,CE,Combined TRACON& Tower with Radar,9,2,21,24,56,0,1,11,1,13,9,3,32,25,69,36,30,66,135
06/01/2023,MLU,LA,ASW,CE,Combined TRACON& Tower with Radar,9,8,12,6,35,0,3,24,4,31,9,11,36,10,66,88,34,122,188
06/02/2023,MLU,LA,ASW,CE,Combined TRACON& Tower with Radar,9,4,22,17,52,0,3,30,3,36,9,7,52,20,88,78,26,104,192
06/03/2023,MLU,LA,ASW,CE,Combined TRACON& Tower with Radar,9,3,10,6,28,0,0,25,10,35,9,3,35,16,63,8,26,34,97
06/04/2023,MLU,LA,ASW,CE,Combined TRACON& Tower with Radar,9,3,12,10,34,0,0,14,0,14,9,3,26,10,48,12,10,22,70
06/05/2023,MLU,LA,ASW,CE,Combined TRACON& Tower with Radar,10,0,9,3,22,0,0,15,0,15,10,0,24,3,37,24,0,24,61
06/06/2023,MLU,LA,ASW,CE,Combined TRACON& Tower with Radar,7,3,20,10,40,0,2,14,6,22,7,5,34,16,62,16,32,48,110
06/07/2023,MLU,LA,ASW,CE,Combined TRACON& Tower with Radar,9,4,16,2,31,0,6,7,1,14,9,10,23,3,45,22,0,22,67
06/08/2023,MLU,LA,ASW,CE,Combined TRACON& Tower with Radar,9,3,23,23,58,0,1,24,3,28,9,4,47,26,86,56,8,64,150
06/09/2023,MLU,LA,ASW,CE,Combined TRACON& Tower with Radar,9,5,9,2,25,0,1,15,0,16,9,6,24,2,41,30,0,30,71
06/10/2023,MLU,LA,ASW,CE,Combined TRACON& Tower with Radar,8,1,9,0,18,0,6,22,5,33,8,7,31,5,51,30,0,30,81
06/11/2023,MLU,LA,ASW,CE,Combined TRACON& Tower with Radar,9,1,20,0,30,0,1,11,0,12,9,2,31,0,42,8,0,8,50
06/12/2023,MLU,LA,ASW,CE,Combined TRACON& Tower with Radar,9,2,7,16,34,0,1,6,0,7,9,3,13,16,41,42,0,42,83
06/13/2023,MLU,LA,ASW,CE,Combined TRACON& Tower with Radar,7,3,9,0,19,0,0,1,0,1,7,3,10,0,20,0,0,0,20
06/14/2023,MLU,LA,ASW,CE,Combined TRACON& Tower with Radar,9,2,20,29,60,0,0,3,2,5,9,2,23,31,65,8,58,66,131
06/15/2023,MLU,LA,ASW,CE,Combined TRACON& Tower with Radar,9,3,18,20,50,0,1,8,0,9,9,4,26,20,59,20,2,22,81
06/16/2023,MLU,LA,ASW,CE,Combined TRACON& Tower with Radar,9,1,11,0,21,0,1,19,0,20,9,2,30,0,41,64,0,64,105
06/17/2023,MLU,LA,ASW,CE,Combined TRACON& Tower with Radar,9,1,14,0,24,0,2,20,0,22,9,3,34,0,46,22,0,22,68
06/18/2023,MLU,LA,ASW,CE,Combined TRACON& Tower with Radar,9,3,5,0,17,0,4,7,0,11,9,7,12,0,28,6,0,6,34
06/19/2023,MLU,LA,ASW,CE,Combined TRACON& Tower with Radar,9,5,19,6,39,0,1,26,2,29,9,6,45,8,68,76,0,76,144
06/20/2023,MLU,LA,ASW,CE,Combined TRACON& Tower with Radar,7,5,24,32,68,0,0,34,1,35,7,5,58,33,103,42,34,76,179
06/21/2023,MLU,LA,ASW,CE,Combined TRACON& Tower with Radar,9,2,13,43,67,0,1,38,8,47,9,3,51,51,114,40,28,68,182
06/22/2023,MLU,LA,ASW,CE,Combined TRACON& Tower with Radar,9,4,16,35,64,0,1,13,3,17,9,5,29,38,81,24,38,62,143
06/23/2023,MLU,LA,ASW,CE,Combined TRACON& Tower with Radar,9,0,28,52,89,0,5,40,5,50,9,5,68,57,139,30,14,44,183
06/24/2023,MLU,LA,ASW,CE,Combined TRACON& Tower with Radar,9,2,11,0,22,0,1,14,0,15,9,3,25,0,37,32,0,32,69
06/25/2023,MLU,LA,ASW,CE,Combined TRACON& Tower with Radar,9,8,12,0,29,0,2,13,0,15,9,10,25,0,44,0,0,0,44
06/26/2023,MLU,LA,ASW,CE,Combined TRACON& Tower with Radar,9,9,6,8,32,0,6,17,4,27,9,15,23,12,59,28,20,48,107
06/27/2023,MLU,LA,ASW,CE,Combined TRACON& Tower with Radar,7,9,18,20,54,0,0,16,0,16,7,9,34,20,70,6,0,6,76
06/28/2023,MLU,LA,ASW,CE,Combined TRACON& Tower with Radar,9,2,31,36,78,0,4,28,7,39,9,6,59,43,117,48,28,76,193
06/29/2023,MLU,LA,ASW,CE,Combined TRACON& Tower with Radar,9,4,24,10,47,0,5,45,1,51,9,9,69,11,98,52,4,56,154
06/30/2023,MLU,LA,ASW,CE,Combined TRACON& Tower with Radar,11,3,22,0,36,0,3,26,0,29,11,6,48,0,65,32,0,32,97
07/01/2023,MLU,LA,ASW,CE,Combined TRACON& Tower with Radar,9,4,11,0,24,0,8,18,0,26,9,12,29,0,50,56,0,56,106
07/02/2023,MLU,LA,ASW,CE,Combined TRACON& Tower with Radar,9,0,19,0,28,0,1,8,0,9,9,1,27,0,37,0,0,0,37
07/03/2023,MLU,LA,ASW,CE,Combined TRACON& Tower with Radar,8,0,11,0,19,0,0,9,0,9,8,0,20,0,28,4,0,4,32
07/04/2023,MLU,LA,ASW,CE,Combined TRACON& Tower with Radar,7,0,3,0,10,0,0,16,0,16,7,0,19,0,26,28,0,28,54
07/05/2023,MLU,LA,ASW,CE,Combined TRACON& Tower with Radar,7,0,15,16,38,0,2,7,2,11,7,2,22,18,49,0,70,70,119
07/06/2023,MLU,LA,ASW,CE,Combined TRACON& Tower with Radar,9,1,12,29,51,0,1,19,7,27,9,2,31,36,78,18,50,68,146
07/07/2023,MLU,LA,ASW,CE,Combined TRACON& Tower with Radar,9,3,13,8,33,0,0,12,0,12,9,3,25,8,45,52,0,52,97
07/08/2023,MLU,LA,ASW,CE,Combined TRACON& Tower with Radar,9,0,25,5,39,0,2,16,0,18,9,2,41,5,57,4,0,4,61
07/09/2023,MLU,LA,ASW,CE,Combined TRACON& Tower with Radar,9,2,13,2,26,0,0,4,2,6,9,2,17,4,32,0,6,6,38
07/10/2023,MLU,LA,ASW,CE,Combined TRACON& Tower with Radar,10,2,25,16,53,0,0,12,0,12,10,2,37,16,65,82,0,82,147
07/11/2023,MLU,LA,ASW,CE,Combined TRACON& Tower with Radar,9,1,24,0,34,0,0,8,0,8,9,1,32,0,42,12,0,12,54
07/12/2023,MLU,LA,ASW,CE,Combined TRACON& Tower with Radar,9,1,16,2,28,0,1,5,2,8,9,2,21,4,36,10,2,12,48
07/13/2023,MLU,LA,ASW,CE,Combined TRACON& Tower with Radar,11,4,11,20,46,0,1,9,0,10,11,5,20,20,56,20,18,38,94
07/14/2023,MLU,LA,ASW,CE,Combined TRACON& Tower with Radar,11,3,4,42,60,0,0,19,5,24,11,3,23,47,84,72,54,126,210
07/15/2023,MLU,LA,ASW,CE,Combined TRACON& Tower with Radar,11,1,9,0,21,0,4,27,3,34,11,5,36,3,55,29,28,57,112
07/16/2023,MLU,LA,ASW,CE,Combined TRACON& Tower with Radar,10,5,8,8,31,0,0,20,1,21,10,5,28,9,52,6,0,6,58
07/17/2023,MLU,LA,ASW,CE,Combined TRACON& Tower with Radar,11,2,13,32,58,0,0,28,5,33,11,2,41,37,91,0,28,28,119
07/18/2023,MLU,LA,ASW,CE,Combined TRACON& Tower with Radar,9,3,23,29,64,0,1,15,7,23,9,4,38,36,87,4,4,8,95
07/19/2023,MLU,LA,ASW,CE,Combined TRACON& Tower with Radar,7,4,33,33,77,0,9,25,5,39,7,13,58,38,116,20,44,64,180
07/20/2023,MLU,LA,ASW,CE,Combined TRACON& Tower with Radar,11,2,14,20,47,0,2,40,6,48,11,4,54,26,95,100,34,134,229
07/21/2023,MLU,LA,ASW,CE,Combined TRACON& Tower with Radar,11,4,13,21,49,0,2,7,5,14,11,6,20,26,63,0,36,36,99
07/22/2023,MLU,LA,ASW,CE,Combined TRACON& Tower with Radar,11,0,10,0,21,0,1,11,0,12,11,1,21,0,33,8,0,8,41
07/23/2023,MLU,LA,ASW,CE,Combined TRACON& Tower with Radar,11,5,12,0,28,0,7,13,0,20,11,12,25,0,48,10,0,10,58
07/24/2023,MLU,LA,ASW,CE,Combined TRACON& Tower with Radar,11,1,16,35,63,0,0,21,8,29,11,1,37,43,92,38,38,76,168
07/25/2023,MLU,LA,ASW,CE,Combined TRACON& Tower with Radar,9,3,24,23,59,0,1,23,5,29,9,4,47,28,88,4,18,22,110
07/26/2023,MLU,LA,ASW,CE,Combined TRACON& Tower with Radar,9,2,26,12,49,0,1,30,2,33,9,3,56,14,82,10,0,10,92
07/27/2023,MLU,LA,ASW,CE,Combined TRACON& Tower with Radar,11,3,23,10,47,0,0,34,3,37,11,3,57,13,84,20,2,22,106
07/28/2023,MLU,LA,ASW,CE,Combined TRACON& Tower with Radar,11,1,15,8,35,0,1,20,1,22,11,2,35,9,57,32,20,52,109
07/29/2023,MLU,LA,ASW,CE,Combined TRACON& Tower with Radar,11,1,6,0,18,0,1,23,0,24,11,2,29,0,42,22,0,22,64
07/30/2023,MLU,LA,ASW,CE,Combined TRACON& Tower with Radar,11,2,20,0,33,0,10,19,0,29,11,12,39,0,62,12,0,12,74
07/31/2023,MLU,LA,ASW,CE,Combined TRACON& Tower with Radar,10,0,16,6,32,0,0,11,0,11,10,0,27,6,43,24,8,32,75
08/01/2023,MLU,LA,ASW,CE,Combined TRACON& Tower with Radar,7,0,18,9,34,0,0,15,5,20,7,0,33,14,54,8,6,14,68
08/02/2023,MLU,LA,ASW,CE,Combined TRACON& Tower with Radar,7,1,18,8,34,0,0,26,7,33,7,1,44,15,67,8,10,18,85
08/03/2023,MLU,LA,ASW,CE,Combined TRACON& Tower with Radar,9,0,14,17,40,0,2,14,8,24,9,2,28,25,64,8,66,74,138
08/04/2023,MLU,LA,ASW,CE,Combined TRACON& Tower with Radar,9,2,15,4,30,0,2,20,1,23,9,4,35,5,53,34,0,34,87
08/05/2023,MLU,LA,ASW,CE,Combined TRACON& Tower with Radar,9,2,10,9,30,0,5,18,3,26,9,7,28,12,56,24,6,30,86
08/06/2023,MLU,LA,ASW,CE,Combined TRACON& Tower with Radar,7,0,10,4,21,0,4,11,0,15,7,4,21,4,36,0,0,0,36
08/07/2023,MLU,LA,ASW,CE,Combined TRACON& Tower with Radar,8,2,17,15,42,0,3,13,0,16,8,5,30,15,58,50,28,78,136
08/08/2023,MLU,LA,ASW,CE,Combined TRACON& Tower with Radar,12,1,14,16,43,0,1,12,4,17,12,2,26,20,60,0,10,10,70
08/09/2023,MLU,LA,ASW,CE,Combined TRACON& Tower with Radar,9,1,29,33,72,0,2,22,5,29,9,3,51,38,101,24,42,66,167
08/10/2023,MLU,LA,ASW,CE,Combined TRACON& Tower with Radar,9,3,15,9,36,0,5,17,6,28,9,8,32,15,64,0,4,4,68
08/11/2023,MLU,LA,ASW,CE,Combined TRACON& Tower with Radar,9,2,15,36,62,0,1,18,5,24,9,3,33,41,86,18,6,24,110
08/12/2023,MLU,LA,ASW,CE,Combined TRACON& Tower with Radar,9,0,8,3,20,0,0,15,7,22,9,0,23,10,42,2,12,14,56
08/13/2023,MLU,LA,ASW,CE,Combined TRACON& Tower with Radar,9,5,10,5,29,0,2,12,0,14,9,7,22,5,43,6,2,8,51
08/14/2023,MLU,LA,ASW,CE,Combined TRACON& Tower with Radar,9,1,18,23,51,0,3,28,6,37,9,4,46,29,88,51,60,111,199
08/15/2023,MLU,LA,ASW,CE,Combined TRACON& Tower with Radar,9,1,23,7,40,0,1,13,5,19,9,2,36,12,59,32,0,32,91
08/16/2023,MLU,LA,ASW,CE,Combined TRACON& Tower with Radar,9,1,17,11,38,0,7,21,7,35,9,8,38,18,73,10,18,28,101
08/17/2023,MLU,LA,ASW,CE,Combined TRACON& Tower with Radar,9,1,22,6,38,0,3,23,3,29,9,4,45,9,67,6,28,34,101
08/18/2023,MLU,LA,ASW,CE,Combined TRACON& Tower with Radar,9,0,19,50,78,0,2,31,5,38,9,2,50,55,116,20,42,62,178
08/19/2023,MLU,LA,ASW,CE,Combined TRACON& Tower with Radar,10,0,6,0,16,0,4,27,1,32,10,4,33,1,48,14,0,14,62
08/20/2023,MLU,LA,ASW,CE,Combined TRACON& Tower with Radar,9,2,10,2,23,0,1,19,2,22,9,3,29,4,45,10,0,10,55
08/21/2023,MLU,LA,ASW,CE,Combined TRACON& Tower with Radar,9,1,17,14,41,0,2,13,6,21,9,3,30,20,62,0,40,40,102
08/22/2023,MLU,LA,ASW,CE,Combined TRACON& Tower with Radar,9,6,13,20,48,0,1,15,2,18,9,7,28,22,66,16,20,36,102
08/23/2023,MLU,LA,ASW,CE,Combined TRACON& Tower with Radar,10,7,13,8,38,0,0,10,0,10,10,7,23,8,48,26,6,32,80
08/24/2023,MLU,LA,ASW,CE,Combined TRACON& Tower with Radar,9,4,16,27,56,0,4,22,4,30,9,8,38,31,86,16,28,44,130
08/25/2023,MLU,LA,ASW,CE,Combined TRACON& Tower with Radar,9,3,10,2,24,0,2,6,0,8,9,5,16,2,32,8,0,8,40
08/26/2023,MLU,LA,ASW,CE,Combined TRACON& Tower with Radar,10,1,18,3,32,0,1,17,0,18,10,2,35,3,50,0,0,0,50
08/27/2023,MLU,LA,ASW,CE,Combined TRACON& Tower with Radar,9,3,12,0,24,0,4,12,0,16,9,7,24,0,40,6,0,6,46
08/28/2023,MLU,LA,ASW,CE,Combined TRACON& Tower with Radar,9,2,28,50,89,0,2,22,4,28,9,4,50,54,117,2,24,26,143
08/29/2023,MLU,LA,ASW,CE,Combined TRACON& Tower with Radar,9,8,28,47,92,0,0,25,9,34,9,8,53,56,126,12,54,66,192
08/30/2023,MLU,LA,ASW,CE,Combined TRACON& Tower with Radar,9,2,17,28,56,0,1,33,5,39,9,3,50,33,95,0,20,20,115
08/31/2023,MLU,LA,ASW,CE,Combined TRACON& Tower with Radar,11,9,20,22,62,0,5,38,5,48,11,14,58,27,110,14,20,34,144
