01/01/2020,MOB,AL,ASO,CE,Combined TRACON& Tower with Radar,10,17,4,5,36,0,0,13,1,14,10,17,17,6,50,0,0,0,50
01/02/2020,MOB,AL,ASO,CE,Combined TRACON& Tower with Radar,7,30,16,16,69,0,0,0,0,0,7,30,16,16,69,0,20,20,89
01/03/2020,MOB,AL,ASO,CE,Combined TRACON& Tower with Radar,7,26,4,41,78,0,0,0,6,6,7,26,4,47,84,0,102,102,186
01/04/2020,MOB,AL,ASO,CE,Combined TRACON& Tower with Radar,7,31,5,22,65,0,0,6,26,32,7,31,11,48,97,6,50,56,153
01/05/2020,MOB,AL,ASO,CE,Combined TRACON& Tower with Radar,7,30,6,44,87,0,0,16,27,43,7,30,22,71,130,0,0,0,130
01/06/2020,MOB,AL,ASO,CE,Combined TRACON& Tower with Radar,11,29,7,120,167,0,0,22,19,41,11,29,29,139,208,8,114,122,330
01/07/2020,MOB,AL,ASO,CE,Combined TRACON& Tower with Radar,11,26,2,110,149,0,1,15,39,55,11,27,17,149,204,10,90,100,304
01/08/2020,MOB,AL,ASO,CE,Combined TRACON& Tower with Radar,11,33,6,63,113,0,2,19,64,85,11,35,25,127,198,38,76,114,312
01/09/2020,MOB,AL,ASO,CE,Combined TRACON& Tower with Radar,15,27,11,105,158,0,0,11,72,83,15,27,22,177,241,12,114,126,367
01/10/2020,MOB,AL,ASO,CE,Combined TRACON& Tower with Radar,15,26,8,35,84,0,1,0,12,13,15,27,8,47,97,24,84,108,205
01/11/2020,MOB,AL,ASO,CE,Combined TRACON& Tower with Radar,9,12,2,2,25,0,1,0,0,1,9,13,2,2,26,0,0,0,26
01/12/2020,MOB,AL,ASO,CE,Combined TRACON& Tower with Radar,14,24,7,22,67,0,0,6,3,9,14,24,13,25,76,32,18,50,126
01/13/2020,MOB,AL,ASO,CE,Combined TRACON& Tower with Radar,12,22,7,12,53,0,0,0,0,0,12,22,7,12,53,6,2,8,61
01/14/2020,MOB,AL,ASO,CE,Combined TRACON& Tower with Radar,11,26,15,104,156,0,0,1,12,13,11,26,16,116,169,14,114,128,297
01/15/2020,MOB,AL,ASO,CE,Combined TRACON& Tower with Radar,13,29,14,106,162,0,0,5,19,24,13,29,19,125,186,38,46,84,270
01/16/2020,MOB,AL,ASO,CE,Combined TRACON& Tower with Radar,13,25,5,181,224,0,0,0,14,14,13,25,5,195,238,8,94,102,340
01/17/2020,MOB,AL,ASO,CE,Combined TRACON& Tower with Radar,14,25,7,88,134,0,0,4,34,38,14,25,11,122,172,32,76,108,280
01/18/2020,MOB,AL,ASO,CE,Combined TRACON& Tower with Radar,12,12,3,4,31,0,0,0,0,0,12,12,3,4,31,0,0,0,31
01/19/2020,MOB,AL,ASO,CE,Combined TRACON& Tower with Radar,9,22,5,39,75,0,0,14,25,39,9,22,19,64,114,0,56,56,170
01/20/2020,MOB,AL,ASO,CE,Combined TRACON& Tower with Radar,18,26,2,2,48,0,0,11,2,13,18,26,13,4,61,0,0,0,61
01/21/2020,MOB,AL,ASO,CE,Combined TRACON& Tower with Radar,11,23,18,109,161,0,0,18,54,72,11,23,36,163,233,18,76,94,327
01/22/2020,MOB,AL,ASO,CE,Combined TRACON& Tower with Radar,10,29,12,159,210,0,0,13,62,75,10,29,25,221,285,52,128,180,465
01/23/2020,MOB,AL,ASO,CE,Combined TRACON& Tower with Radar,20,25,7,159,211,0,0,0,19,19,20,25,7,178,230,0,120,120,350
01/24/2020,MOB,AL,ASO,CE,Combined TRACON& Tower with Radar,15,27,4,98,144,0,1,3,36,40,15,28,7,134,184,0,96,96,280
01/25/2020,MOB,AL,ASO,CE,Combined TRACON& Tower with Radar,12,19,9,11,51,0,1,13,18,32,12,20,22,29,83,76,30,106,189
01/26/2020,MOB,AL,ASO,CE,Combined TRACON& Tower with Radar,12,22,7,17,58,0,0,2,5,7,12,22,9,22,65,28,22,50,115
01/27/2020,MOB,AL,ASO,CE,Combined TRACON& Tower with Radar,14,29,9,82,134,0,0,0,18,18,14,29,9,100,152,12,76,88,240
01/28/2020,MOB,AL,ASO,CE,Combined TRACON& Tower with Radar,11,24,6,129,170,0,0,14,64,78,11,24,20,193,248,10,68,78,326
01/29/2020,MOB,AL,ASO,CE,Combined TRACON& Tower with Radar,11,26,4,202,243,0,0,0,11,11,11,26,4,213,254,28,78,106,360
01/30/2020,MOB,AL,ASO,CE,Combined TRACON& Tower with Radar,14,26,7,87,134,0,0,12,52,64,14,26,19,139,198,14,96,110,308
01/31/2020,MOB,AL,ASO,CE,Combined TRACON& Tower with Radar,12,25,10,55,102,0,0,0,1,1,12,25,10,56,103,0,22,22,125
02/01/2020,MOB,AL,ASO,CE,Combined TRACON& Tower with Radar,12,13,5,40,70,0,0,7,5,12,12,13,12,45,82,8,0,8,90
02/02/2020,MOB,AL,ASO,CE,Combined TRACON& Tower with Radar,11,22,6,44,83,1,0,15,22,38,12,22,21,66,121,46,26,72,193
02/03/2020,MOB,AL,ASO,CE,Combined TRACON& Tower with Radar,14,31,9,179,233,0,0,20,80,100,14,31,29,259,333,20,72,92,425
02/04/2020,MOB,AL,ASO,CE,Combined TRACON& Tower with Radar,11,26,9,159,205,0,1,5,38,44,11,27,14,197,249,14,146,160,409
02/05/2020,MOB,AL,ASO,CE,Combined TRACON& Tower with Radar,11,30,1,17,59,0,0,0,5,5,11,30,1,22,64,8,100,108,172
02/06/2020,MOB,AL,ASO,CE,Combined TRACON& Tower with Radar,14,19,1,16,50,0,0,0,10,10,14,19,1,26,60,10,122,132,192
02/07/2020,MOB,AL,ASO,CE,Combined TRACON& Tower with Radar,14,29,7,114,164,0,3,17,63,83,14,32,24,177,247,0,116,116,363
02/08/2020,MOB,AL,ASO,CE,Combined TRACON& Tower with Radar,12,14,4,8,38,0,0,12,12,24,12,14,16,20,62,28,0,28,90
02/09/2020,MOB,AL,ASO,CE,Combined TRACON& Tower with Radar,13,24,4,92,133,0,0,13,29,42,13,24,17,121,175,10,0,10,185
02/10/2020,MOB,AL,ASO,CE,Combined TRACON& Tower with Radar,14,25,3,101,143,0,0,2,20,22,14,25,5,121,165,0,128,128,293
02/11/2020,MOB,AL,ASO,CE,Combined TRACON& Tower with Radar,14,28,2,90,134,0,0,2,6,8,14,28,4,96,142,54,130,184,326
02/12/2020,MOB,AL,ASO,CE,Combined TRACON& Tower with Radar,11,25,10,90,136,0,0,0,3,3,11,25,10,93,139,0,114,114,253
02/13/2020,MOB,AL,ASO,CE,Combined TRACON& Tower with Radar,9,32,14,156,211,0,0,6,53,59,9,32,20,209,270,40,82,122,392
02/14/2020,MOB,AL,ASO,CE,Combined TRACON& Tower with Radar,7,31,7,88,133,0,0,26,43,69,7,31,33,131,202,14,80,94,296
02/15/2020,MOB,AL,ASO,CE,Combined TRACON& Tower with Radar,8,19,9,9,45,0,0,19,9,28,8,19,28,18,73,22,4,26,99
02/16/2020,MOB,AL,ASO,CE,Combined TRACON& Tower with Radar,7,25,1,4,37,0,0,0,0,0,7,25,1,4,37,0,0,0,37
02/17/2020,MOB,AL,ASO,CE,Combined TRACON& Tower with Radar,8,38,19,3,68,0,0,6,0,6,8,38,25,3,74,26,0,26,100
02/18/2020,MOB,AL,ASO,CE,Combined TRACON& Tower with Radar,10,31,11,68,120,0,0,0,3,3,10,31,11,71,123,0,77,77,200
02/19/2020,MOB,AL,ASO,CE,Combined TRACON& Tower with Radar,8,33,18,93,152,0,0,4,19,23,8,33,22,112,175,18,74,92,267
02/20/2020,MOB,AL,ASO,CE,Combined TRACON& Tower with Radar,10,33,9,33,85,0,0,0,2,2,10,33,9,35,87,0,0,0,87
02/21/2020,MOB,AL,ASO,CE,Combined TRACON& Tower with Radar,8,34,7,141,190,0,0,12,61,73,8,34,19,202,263,2,109,111,374
02/22/2020,MOB,AL,ASO,CE,Combined TRACON& Tower with Radar,8,24,8,22,62,0,3,21,12,36,8,27,29,34,98,14,38,52,150
02/23/2020,MOB,AL,ASO,CE,Combined TRACON& Tower with Radar,8,35,6,47,96,0,1,16,44,61,8,36,22,91,157,10,14,24,181
02/24/2020,MOB,AL,ASO,CE,Combined TRACON& Tower with Radar,7,32,3,129,171,0,1,0,29,30,7,33,3,158,201,0,50,50,251
02/25/2020,MOB,AL,ASO,CE,Combined TRACON& Tower with Radar,8,33,9,87,137,0,1,4,18,23,8,34,13,105,160,12,52,64,224
02/26/2020,MOB,AL,ASO,CE,Combined TRACON& Tower with Radar,8,33,10,92,143,0,0,5,39,44,8,33,15,131,187,40,80,120,307
02/27/2020,MOB,AL,ASO,CE,Combined TRACON& Tower with Radar,7,41,22,81,151,0,0,9,60,69,7,41,31,141,220,48,70,118,338
02/28/2020,MOB,AL,ASO,CE,Combined TRACON& Tower with Radar,8,35,4,93,140,0,0,14,52,66,8,35,18,145,206,16,16,32,238
02/29/2020,MOB,AL,ASO,CE,Combined TRACON& Tower with Radar,8,19,2,17,46,0,0,22,11,33,8,19,24,28,79,16,0,16,95
03/01/2020,MOB,AL,ASO,CE,Combined TRACON& Tower with Radar,8,28,6,31,73,0,0,11,17,28,8,28,17,48,101,0,0,0,101
03/02/2020,MOB,AL,ASO,CE,Combined TRACON& Tower with Radar,8,31,3,91,133,0,1,1,42,44,8,32,4,133,177,20,84,104,281
03/03/2020,MOB,AL,ASO,CE,Combined TRACON& Tower with Radar,8,30,10,102,150,0,0,3,30,33,8,30,13,132,183,0,152,152,335
03/04/2020,MOB,AL,ASO,CE,Combined TRACON& Tower with Radar,8,29,2,0,39,0,0,0,0,0,8,29,2,0,39,0,0,0,39
03/05/2020,MOB,AL,ASO,CE,Combined TRACON& Tower with Radar,8,34,4,87,133,0,0,0,22,22,8,34,4,109,155,46,74,120,275
03/06/2020,MOB,AL,ASO,CE,Combined TRACON& Tower with Radar,7,29,10,126,172,0,0,20,88,108,7,29,30,214,280,26,124,150,430
03/07/2020,MOB,AL,ASO,CE,Combined TRACON& Tower with Radar,8,21,8,16,53,0,1,21,14,36,8,22,29,30,89,70,40,110,199
03/08/2020,MOB,AL,ASO,CE,Combined TRACON& Tower with Radar,8,29,13,25,75,0,1,14,16,31,8,30,27,41,106,0,0,0,106
03/09/2020,MOB,AL,ASO,CE,Combined TRACON& Tower with Radar,10,34,14,148,206,0,0,7,38,45,10,34,21,186,251,26,88,114,365
03/10/2020,MOB,AL,ASO,CE,Combined TRACON& Tower with Radar,8,33,10,188,239,0,1,2,43,46,8,34,12,231,285,4,132,136,421
03/11/2020,MOB,AL,ASO,CE,Combined TRACON& Tower with Radar,5,33,15,219,272,0,0,6,27,33,5,33,21,246,305,56,112,168,473
03/12/2020,MOB,AL,ASO,CE,Combined TRACON& Tower with Radar,10,29,12,101,152,0,0,8,58,66,10,29,20,159,218,36,108,144,362
03/13/2020,MOB,AL,ASO,CE,Combined TRACON& Tower with Radar,11,37,15,98,161,0,0,3,32,35,11,37,18,130,196,0,94,94,290
03/14/2020,MOB,AL,ASO,CE,Combined TRACON& Tower with Radar,10,28,6,17,61,0,0,11,14,25,10,28,17,31,86,0,0,0,86
03/15/2020,MOB,AL,ASO,CE,Combined TRACON& Tower with Radar,11,27,8,39,85,0,2,11,35,48,11,29,19,74,133,0,0,0,133
03/16/2020,MOB,AL,ASO,CE,Combined TRACON& Tower with Radar,12,28,15,106,161,0,0,3,31,34,12,28,18,137,195,0,0,0,195
03/17/2020,MOB,AL,ASO,CE,Combined TRACON& Tower with Radar,10,30,9,99,148,0,0,4,30,34,10,30,13,129,182,4,93,97,279
03/18/2020,MOB,AL,ASO,CE,Combined TRACON& Tower with Radar,8,31,2,158,199,0,0,7,28,35,8,31,9,186,234,34,58,92,326
03/19/2020,MOB,AL,ASO,CE,Combined TRACON& Tower with Radar,8,28,4,120,160,0,0,10,20,30,8,28,14,140,190,40,30,70,260
03/20/2020,MOB,AL,ASO,CE,Combined TRACON& Tower with Radar,8,25,6,152,191,0,0,9,27,36,8,25,15,179,227,0,20,20,247
03/21/2020,MOB,AL,ASO,CE,Combined TRACON& Tower with Radar,16,14,2,41,73,0,0,2,11,13,16,14,4,52,86,0,38,38,124
03/22/2020,MOB,AL,ASO,CE,Combined TRACON& Tower with Radar,12,19,4,60,95,0,0,3,26,29,12,19,7,86,124,0,20,20,144
03/23/2020,MOB,AL,ASO,CE,Combined TRACON& Tower with Radar,8,22,0,73,103,0,0,1,29,30,8,22,1,102,133,0,0,0,133
03/24/2020,MOB,AL,ASO,CE,Combined TRACON& Tower with Radar,7,17,5,77,106,0,0,3,25,28,7,17,8,102,134,20,66,86,220
03/25/2020,MOB,AL,ASO,CE,Combined TRACON& Tower with Radar,5,19,4,148,176,0,1,12,38,51,5,20,16,186,227,0,44,44,271
03/26/2020,MOB,AL,ASO,CE,Combined TRACON& Tower with Radar,6,13,6,121,146,0,0,9,33,42,6,13,15,154,188,0,90,90,278
03/27/2020,MOB,AL,ASO,CE,Combined TRACON& Tower with Radar,5,13,8,141,167,0,0,13,41,54,5,13,21,182,221,12,40,52,273
03/28/2020,MOB,AL,ASO,CE,Combined TRACON& Tower with Radar,10,13,6,32,61,0,0,6,26,32,10,13,12,58,93,26,46,72,165
03/29/2020,MOB,AL,ASO,CE,Combined TRACON& Tower with Radar,10,15,5,50,80,0,0,5,20,25,10,15,10,70,105,0,0,0,105
03/30/2020,MOB,AL,ASO,CE,Combined TRACON& Tower with Radar,7,18,4,90,119,0,0,8,47,55,7,18,12,137,174,9,16,25,199
03/31/2020,MOB,AL,ASO,CE,Combined TRACON& Tower with Radar,9,13,0,56,78,0,0,0,26,26,9,13,0,82,104,0,120,120,224
04/01/2020,MOB,AL,ASO,CE,Combined TRACON& Tower with Radar,7,15,3,65,90,0,0,14,34,48,7,15,17,99,138,38,68,106,244
04/02/2020,MOB,AL,ASO,CE,Combined TRACON& Tower with Radar,7,11,9,55,82,0,0,21,31,52,7,11,30,86,134,18,104,122,256
04/03/2020,MOB,AL,ASO,CE,Combined TRACON& Tower with Radar,7,13,6,72,98,0,1,11,30,42,7,14,17,102,140,10,106,116,256
04/04/2020,MOB,AL,ASO,CE,Combined TRACON& Tower with Radar,7,9,5,23,44,0,0,4,20,24,7,9,9,43,68,26,36,62,130
04/05/2020,MOB,AL,ASO,CE,Combined TRACON& Tower with Radar,10,9,4,23,46,0,0,6,35,41,10,9,10,58,87,0,56,56,143
04/06/2020,MOB,AL,ASO,CE,Combined TRACON& Tower with Radar,5,14,5,116,140,0,0,17,30,47,5,14,22,146,187,0,106,106,293
04/07/2020,MOB,AL,ASO,CE,Combined TRACON& Tower with Radar,7,11,5,138,161,0,1,4,15,20,7,12,9,153,181,12,142,154,335
04/08/2020,MOB,AL,ASO,CE,Combined TRACON& Tower with Radar,7,12,4,137,160,0,0,2,19,21,7,12,6,156,181,0,168,168,349
04/09/2020,MOB,AL,ASO,CE,Combined TRACON& Tower with Radar,8,13,10,114,145,0,1,8,35,44,8,14,18,149,189,6,92,98,287
04/10/2020,MOB,AL,ASO,CE,Combined TRACON& Tower with Radar,8,9,3,15,35,0,0,7,2,9,8,9,10,17,44,44,64,108,152
04/11/2020,MOB,AL,ASO,CE,Combined TRACON& Tower with Radar,7,8,1,4,20,0,0,6,1,7,7,8,7,5,27,26,0,26,53
04/12/2020,MOB,AL,ASO,CE,Combined TRACON& Tower with Radar,8,11,0,0,19,0,0,0,0,0,8,11,0,0,19,0,0,0,19
04/13/2020,MOB,AL,ASO,CE,Combined TRACON& Tower with Radar,6,9,6,102,123,0,0,12,39,51,6,9,18,141,174,20,82,102,276
04/14/2020,MOB,AL,ASO,CE,Combined TRACON& Tower with Radar,6,8,6,63,83,0,1,9,38,48,6,9,15,101,131,20,80,100,231
04/15/2020,MOB,AL,ASO,CE,Combined TRACON& Tower with Radar,4,9,5,126,144,0,0,4,53,57,4,9,9,179,201,22,76,98,299
04/16/2020,MOB,AL,ASO,CE,Combined TRACON& Tower with Radar,4,11,8,108,131,0,2,13,64,79,4,13,21,172,210,0,0,0,210
04/17/2020,MOB,AL,ASO,CE,Combined TRACON& Tower with Radar,5,7,6,93,111,0,0,7,33,40,5,7,13,126,151,0,82,82,233
04/18/2020,MOB,AL,ASO,CE,Combined TRACON& Tower with Radar,3,5,0,26,34,0,0,2,16,18,3,5,2,42,52,2,30,32,84
04/19/2020,MOB,AL,ASO,CE,Combined TRACON& Tower with Radar,4,7,0,20,31,0,0,0,12,12,4,7,0,32,43,0,0,0,43
04/20/2020,MOB,AL,ASO,CE,Combined TRACON& Tower with Radar,4,8,2,65,79,0,0,9,38,47,4,8,11,103,126,8,94,102,228
04/21/2020,MOB,AL,ASO,CE,Combined TRACON& Tower with Radar,3,6,2,72,83,0,0,21,45,66,3,6,23,117,149,14,94,108,257
04/22/2020,MOB,AL,ASO,CE,Combined TRACON& Tower with Radar,3,11,3,80,97,0,0,11,53,64,3,11,14,133,161,20,86,106,267
04/23/2020,MOB,AL,ASO,CE,Combined TRACON& Tower with Radar,4,5,2,5,16,0,0,0,6,6,4,5,2,11,22,18,94,112,134
04/24/2020,MOB,AL,ASO,CE,Combined TRACON& Tower with Radar,4,9,3,71,87,0,0,7,43,50,4,9,10,114,137,0,120,120,257
04/25/2020,MOB,AL,ASO,CE,Combined TRACON& Tower with Radar,1,7,0,50,58,0,1,15,48,64,1,8,15,98,122,0,0,0,122
04/26/2020,MOB,AL,ASO,CE,Combined TRACON& Tower with Radar,3,9,4,52,68,0,0,12,32,44,3,9,16,84,112,0,0,0,112
04/27/2020,MOB,AL,ASO,CE,Combined TRACON& Tower with Radar,4,10,6,103,123,0,2,10,36,48,4,12,16,139,171,0,104,104,275
04/28/2020,MOB,AL,ASO,CE,Combined TRACON& Tower with Radar,7,6,5,93,111,0,0,12,48,60,7,6,17,141,171,0,106,106,277
04/29/2020,MOB,AL,ASO,CE,Combined TRACON& Tower with Radar,3,7,0,93,103,0,0,0,17,17,3,7,0,110,120,0,134,134,254
04/30/2020,MOB,AL,ASO,CE,Combined TRACON& Tower with Radar,4,10,11,103,128,0,3,9,28,40,4,13,20,131,168,38,22,60,228
05/01/2020,MOB,AL,ASO,CE,Combined TRACON& Tower with Radar,4,14,3,97,118,0,2,6,48,56,4,16,9,145,174,56,14,70,244
05/02/2020,MOB,AL,ASO,CE,Combined TRACON& Tower with Radar,5,7,3,32,47,0,0,10,23,33,5,7,13,55,80,14,0,14,94
05/03/2020,MOB,AL,ASO,CE,Combined TRACON& Tower with Radar,6,9,10,34,59,0,0,12,28,40,6,9,22,62,99,8,22,30,129
05/04/2020,MOB,AL,ASO,CE,Combined TRACON& Tower with Radar,6,9,4,86,105,0,2,12,42,56,6,11,16,128,161,12,8,20,181
05/05/2020,MOB,AL,ASO,CE,Combined TRACON& Tower with Radar,5,11,9,162,187,0,1,11,54,66,5,12,20,216,253,0,62,62,315
05/06/2020,MOB,AL,ASO,CE,Combined TRACON& Tower with Radar,5,11,2,86,104,0,3,14,39,56,5,14,16,125,160,14,72,86,246
05/07/2020,MOB,AL,ASO,CE,Combined TRACON& Tower with Radar,3,14,11,188,216,0,1,18,62,81,3,15,29,250,297,0,0,0,297
05/08/2020,MOB,AL,ASO,CE,Combined TRACON& Tower with Radar,2,12,5,63,82,0,0,8,16,24,2,12,13,79,106,0,0,0,106
05/09/2020,MOB,AL,ASO,CE,Combined TRACON& Tower with Radar,2,10,2,86,100,0,0,4,33,37,2,10,6,119,137,0,0,0,137
05/10/2020,MOB,AL,ASO,CE,Combined TRACON& Tower with Radar,2,14,0,28,44,0,2,6,16,24,2,16,6,44,68,0,0,0,68
05/11/2020,MOB,AL,ASO,CE,Combined TRACON& Tower with Radar,2,11,8,122,143,0,1,15,36,52,2,12,23,158,195,12,2,14,209
05/12/2020,MOB,AL,ASO,CE,Combined TRACON& Tower with Radar,2,8,4,122,136,0,0,15,46,61,2,8,19,168,197,0,0,0,197
05/13/2020,MOB,AL,ASO,CE,Combined TRACON& Tower with Radar,2,10,11,132,155,0,1,11,41,53,2,11,22,173,208,0,0,0,208
05/14/2020,MOB,AL,ASO,CE,Combined TRACON& Tower with Radar,2,9,8,105,124,0,1,10,42,53,2,10,18,147,177,0,0,0,177
05/15/2020,MOB,AL,ASO,CE,Combined TRACON& Tower with Radar,2,10,6,145,163,0,2,4,35,41,2,12,10,180,204,0,0,0,204
05/16/2020,MOB,AL,ASO,CE,Combined TRACON& Tower with Radar,4,10,5,27,46,0,0,9,21,30,4,10,14,48,76,0,0,0,76
05/17/2020,MOB,AL,ASO,CE,Combined TRACON& Tower with Radar,2,12,6,45,65,0,0,3,9,12,2,12,9,54,77,0,0,0,77
05/18/2020,MOB,AL,ASO,CE,Combined TRACON& Tower with Radar,2,13,6,98,119,0,0,3,41,44,2,13,9,139,163,0,0,0,163
05/19/2020,MOB,AL,ASO,CE,Combined TRACON& Tower with Radar,2,10,12,124,148,0,2,8,34,44,2,12,20,158,192,18,64,82,274
05/20/2020,MOB,AL,ASO,CE,Combined TRACON& Tower with Radar,2,11,6,41,60,0,0,0,20,20,2,11,6,61,80,0,68,68,148
05/21/2020,MOB,AL,ASO,CE,Combined TRACON& Tower with Radar,2,12,7,55,76,0,0,14,26,40,2,12,21,81,116,0,0,0,116
05/22/2020,MOB,AL,ASO,CE,Combined TRACON& Tower with Radar,4,11,4,4,23,0,0,5,14,19,4,11,9,18,42,0,0,0,42
05/23/2020,MOB,AL,ASO,CE,Combined TRACON& Tower with Radar,2,10,4,2,18,0,0,1,4,5,2,10,5,6,23,0,0,0,23
05/24/2020,MOB,AL,ASO,CE,Combined TRACON& Tower with Radar,2,12,3,7,24,0,0,3,2,5,2,12,6,9,29,0,0,0,29
05/25/2020,MOB,AL,ASO,CE,Combined TRACON& Tower with Radar,2,11,5,0,18,0,0,1,6,7,2,11,6,6,25,0,0,0,25
05/26/2020,MOB,AL,ASO,CE,Combined TRACON& Tower with Radar,2,13,3,24,42,0,0,0,9,9,2,13,3,33,51,0,0,0,51
05/27/2020,MOB,AL,ASO,CE,Combined TRACON& Tower with Radar,2,11,11,53,77,0,0,1,24,25,2,11,12,77,102,0,0,0,102
05/28/2020,MOB,AL,ASO,CE,Combined TRACON& Tower with Radar,2,10,14,141,167,0,1,5,62,68,2,11,19,203,235,0,0,0,235
05/29/2020,MOB,AL,ASO,CE,Combined TRACON& Tower with Radar,2,10,16,117,145,0,1,9,26,36,2,11,25,143,181,0,0,0,181
05/30/2020,MOB,AL,ASO,CE,Combined TRACON& Tower with Radar,8,10,5,46,69,0,2,10,14,26,8,12,15,60,95,0,0,0,95
05/31/2020,MOB,AL,ASO,CE,Combined TRACON& Tower with Radar,2,11,6,54,73,0,0,17,29,46,2,11,23,83,119,14,12,26,145
06/01/2020,MOB,AL,ASO,CE,Combined TRACON& Tower with Radar,2,12,14,107,135,0,0,8,56,64,2,12,22,163,199,0,0,0,199
06/02/2020,MOB,AL,ASO,CE,Combined TRACON& Tower with Radar,3,10,2,38,53,0,0,2,20,22,3,10,4,58,75,0,12,12,87
06/03/2020,MOB,AL,ASO,CE,Combined TRACON& Tower with Radar,2,12,0,91,105,0,0,0,37,37,2,12,0,128,142,0,0,0,142
06/04/2020,MOB,AL,ASO,CE,Combined TRACON& Tower with Radar,2,10,2,63,77,0,0,7,42,49,2,10,9,105,126,0,0,0,126
06/05/2020,MOB,AL,ASO,CE,Combined TRACON& Tower with Radar,2,12,4,123,141,0,0,8,38,46,2,12,12,161,187,10,46,56,243
06/06/2020,MOB,AL,ASO,CE,Combined TRACON& Tower with Radar,2,10,5,10,27,0,0,2,3,5,2,10,7,13,32,0,0,0,32
06/07/2020,MOB,AL,ASO,CE,Combined TRACON& Tower with Radar,2,13,0,0,15,0,0,0,0,0,2,13,0,0,15,0,0,0,15
06/08/2020,MOB,AL,ASO,CE,Combined TRACON& Tower with Radar,2,11,1,8,22,0,0,2,5,7,2,11,3,13,29,0,0,0,29
06/09/2020,MOB,AL,ASO,CE,Combined TRACON& Tower with Radar,2,10,4,21,37,0,0,0,12,12,2,10,4,33,49,0,0,0,49
06/10/2020,MOB,AL,ASO,CE,Combined TRACON& Tower with Radar,2,11,9,130,152,0,0,8,29,37,2,11,17,159,189,0,0,0,189
06/11/2020,MOB,AL,ASO,CE,Combined TRACON& Tower with Radar,2,14,5,123,144,0,2,28,57,87,2,16,33,180,231,0,0,0,231
06/12/2020,MOB,AL,ASO,CE,Combined TRACON& Tower with Radar,2,10,4,138,154,0,0,16,51,67,2,10,20,189,221,0,0,0,221
06/13/2020,MOB,AL,ASO,CE,Combined TRACON& Tower with Radar,2,9,9,59,79,0,2,24,27,53,2,11,33,86,132,0,0,0,132
06/14/2020,MOB,AL,ASO,CE,Combined TRACON& Tower with Radar,2,11,7,43,63,0,1,20,33,54,2,12,27,76,117,0,0,0,117
06/15/2020,MOB,AL,ASO,CE,Combined TRACON& Tower with Radar,2,12,7,128,149,0,2,18,37,57,2,14,25,165,206,0,0,0,206
06/16/2020,MOB,AL,ASO,CE,Combined TRACON& Tower with Radar,2,10,8,143,163,0,0,19,51,70,2,10,27,194,233,0,0,0,233
06/17/2020,MOB,AL,ASO,CE,Combined TRACON& Tower with Radar,2,14,12,170,198,0,3,28,37,68,2,17,40,207,266,0,0,0,266
06/18/2020,MOB,AL,ASO,CE,Combined TRACON& Tower with Radar,2,10,13,90,115,0,0,11,34,45,2,10,24,124,160,0,16,16,176
06/19/2020,MOB,AL,ASO,CE,Combined TRACON& Tower with Radar,2,11,4,125,142,0,0,24,27,51,2,11,28,152,193,0,0,0,193
06/20/2020,MOB,AL,ASO,CE,Combined TRACON& Tower with Radar,2,8,7,13,30,0,0,15,12,27,2,8,22,25,57,10,0,10,67
06/21/2020,MOB,AL,ASO,CE,Combined TRACON& Tower with Radar,2,8,3,28,41,0,0,6,15,21,2,8,9,43,62,0,0,0,62
06/22/2020,MOB,AL,ASO,CE,Combined TRACON& Tower with Radar,2,10,8,86,106,0,0,4,26,30,2,10,12,112,136,0,0,0,136
06/23/2020,MOB,AL,ASO,CE,Combined TRACON& Tower with Radar,2,8,2,67,79,0,0,5,39,44,2,8,7,106,123,0,0,0,123
06/24/2020,MOB,AL,ASO,CE,Combined TRACON& Tower with Radar,2,10,5,96,113,0,0,3,29,32,2,10,8,125,145,0,0,0,145
06/25/2020,MOB,AL,ASO,CE,Combined TRACON& Tower with Radar,2,11,6,119,138,0,1,6,39,46,2,12,12,158,184,0,0,0,184
06/26/2020,MOB,AL,ASO,CE,Combined TRACON& Tower with Radar,2,10,7,118,137,0,0,20,36,56,2,10,27,154,193,0,0,0,193
06/27/2020,MOB,AL,ASO,CE,Combined TRACON& Tower with Radar,2,8,7,48,65,0,0,15,18,33,2,8,22,66,98,48,4,52,150
06/28/2020,MOB,AL,ASO,CE,Combined TRACON& Tower with Radar,2,13,3,76,94,0,3,15,17,35,2,16,18,93,129,0,0,0,129
06/29/2020,MOB,AL,ASO,CE,Combined TRACON& Tower with Radar,2,10,2,86,100,0,2,9,40,51,2,12,11,126,151,0,0,0,151
06/30/2020,MOB,AL,ASO,CE,Combined TRACON& Tower with Radar,2,9,6,30,47,0,0,13,24,37,2,9,19,54,84,10,14,24,108
07/01/2020,MOB,AL,ASO,CE,Combined TRACON& Tower with Radar,2,12,8,68,90,0,2,8,20,30,2,14,16,88,120,0,0,0,120
07/02/2020,MOB,AL,ASO,CE,Combined TRACON& Tower with Radar,4,10,9,51,74,0,0,9,25,34,4,10,18,76,108,0,0,0,108
07/03/2020,MOB,AL,ASO,CE,Combined TRACON& Tower with Radar,4,11,4,0,19,0,0,6,0,6,4,11,10,0,25,16,0,16,41
07/04/2020,MOB,AL,ASO,CE,Combined TRACON& Tower with Radar,4,10,1,2,17,0,0,1,2,3,4,10,2,4,20,0,0,0,20
07/05/2020,MOB,AL,ASO,CE,Combined TRACON& Tower with Radar,4,10,8,2,24,0,0,2,3,5,4,10,10,5,29,0,0,0,29
07/06/2020,MOB,AL,ASO,CE,Combined TRACON& Tower with Radar,6,13,4,17,40,0,0,0,21,21,6,13,4,38,61,0,0,0,61
07/07/2020,MOB,AL,ASO,CE,Combined TRACON& Tower with Radar,7,13,7,28,55,0,0,1,19,20,7,13,8,47,75,0,0,0,75
07/08/2020,MOB,AL,ASO,CE,Combined TRACON& Tower with Radar,8,14,6,74,102,0,0,3,23,26,8,14,9,97,128,0,0,0,128
07/09/2020,MOB,AL,ASO,CE,Combined TRACON& Tower with Radar,9,19,8,206,242,0,5,4,36,45,9,24,12,242,287,0,0,0,287
07/10/2020,MOB,AL,ASO,CE,Combined TRACON& Tower with Radar,9,14,6,96,125,0,0,6,54,60,9,14,12,150,185,0,0,0,185
07/11/2020,MOB,AL,ASO,CE,Combined TRACON& Tower with Radar,5,17,15,53,90,0,8,20,42,70,5,25,35,95,160,0,0,0,160
07/12/2020,MOB,AL,ASO,CE,Combined TRACON& Tower with Radar,8,18,7,53,86,0,4,11,26,41,8,22,18,79,127,0,0,0,127
07/13/2020,MOB,AL,ASO,CE,Combined TRACON& Tower with Radar,10,15,8,67,100,0,0,18,48,66,10,15,26,115,166,0,0,0,166
07/14/2020,MOB,AL,ASO,CE,Combined TRACON& Tower with Radar,8,14,10,47,79,0,0,11,21,32,8,14,21,68,111,0,0,0,111
07/15/2020,MOB,AL,ASO,CE,Combined TRACON& Tower with Radar,8,12,9,14,43,0,0,9,11,20,8,12,18,25,63,0,0,0,63
07/16/2020,MOB,AL,ASO,CE,Combined TRACON& Tower with Radar,8,14,9,93,124,0,0,14,33,47,8,14,23,126,171,0,0,0,171
07/17/2020,MOB,AL,ASO,CE,Combined TRACON& Tower with Radar,12,19,7,81,119,0,3,12,31,46,12,22,19,112,165,0,0,0,165
07/18/2020,MOB,AL,ASO,CE,Combined TRACON& Tower with Radar,6,15,4,44,69,0,0,16,31,47,6,15,20,75,116,0,74,74,190
07/19/2020,MOB,AL,ASO,CE,Combined TRACON& Tower with Radar,8,14,7,19,48,0,0,8,18,26,8,14,15,37,74,0,0,0,74
07/20/2020,MOB,AL,ASO,CE,Combined TRACON& Tower with Radar,8,14,18,114,154,0,0,14,50,64,8,14,32,164,218,0,54,54,272
07/21/2020,MOB,AL,ASO,CE,Combined TRACON& Tower with Radar,8,12,9,95,124,0,0,7,65,72,8,12,16,160,196,8,36,44,240
07/22/2020,MOB,AL,ASO,CE,Combined TRACON& Tower with Radar,8,12,11,80,111,0,0,7,35,42,8,12,18,115,153,0,0,0,153
07/23/2020,MOB,AL,ASO,CE,Combined TRACON& Tower with Radar,8,14,13,27,62,0,0,3,32,35,8,14,16,59,97,0,0,0,97
07/24/2020,MOB,AL,ASO,CE,Combined TRACON& Tower with Radar,13,14,4,12,43,0,0,1,10,11,13,14,5,22,54,0,0,0,54
07/25/2020,MOB,AL,ASO,CE,Combined TRACON& Tower with Radar,10,14,3,23,50,0,0,0,14,14,10,14,3,37,64,0,0,0,64
07/26/2020,MOB,AL,ASO,CE,Combined TRACON& Tower with Radar,10,14,5,19,48,0,0,4,10,14,10,14,9,29,62,0,0,0,62
07/27/2020,MOB,AL,ASO,CE,Combined TRACON& Tower with Radar,10,16,9,70,105,0,0,7,9,16,10,16,16,79,121,0,0,0,121
07/28/2020,MOB,AL,ASO,CE,Combined TRACON& Tower with Radar,12,14,6,50,82,0,0,3,15,18,12,14,9,65,100,0,20,20,120
07/29/2020,MOB,AL,ASO,CE,Combined TRACON& Tower with Radar,10,12,11,104,137,0,0,0,18,18,10,12,11,122,155,0,30,30,185
07/30/2020,MOB,AL,ASO,CE,Combined TRACON& Tower with Radar,9,15,4,175,203,0,2,7,37,46,9,17,11,212,249,24,10,34,283
07/31/2020,MOB,AL,ASO,CE,Combined TRACON& Tower with Radar,12,20,10,127,169,0,5,12,50,67,12,25,22,177,236,42,32,74,310
08/01/2020,MOB,AL,ASO,CE,Combined TRACON& Tower with Radar,12,16,8,20,56,0,1,14,23,38,12,17,22,43,94,0,0,0,94
08/02/2020,MOB,AL,ASO,CE,Combined TRACON& Tower with Radar,13,17,6,17,53,0,0,7,14,21,13,17,13,31,74,0,0,0,74
08/03/2020,MOB,AL,ASO,CE,Combined TRACON& Tower with Radar,18,15,8,129,170,0,3,9,35,47,18,18,17,164,217,0,0,0,217
08/04/2020,MOB,AL,ASO,CE,Combined TRACON& Tower with Radar,14,11,11,121,157,0,0,17,40,57,14,11,28,161,214,0,0,0,214
08/05/2020,MOB,AL,ASO,CE,Combined TRACON& Tower with Radar,15,21,7,105,148,0,4,7,42,53,15,25,14,147,201,0,0,0,201
08/06/2020,MOB,AL,ASO,CE,Combined TRACON& Tower with Radar,15,12,10,181,218,0,0,20,56,76,15,12,30,237,294,0,0,0,294
08/07/2020,MOB,AL,ASO,CE,Combined TRACON& Tower with Radar,14,20,8,145,187,0,3,9,60,72,14,23,17,205,259,0,6,6,265
08/08/2020,MOB,AL,ASO,CE,Combined TRACON& Tower with Radar,14,11,4,38,67,0,1,4,32,37,14,12,8,70,104,0,0,0,104
08/09/2020,MOB,AL,ASO,CE,Combined TRACON& Tower with Radar,15,12,2,52,81,0,0,10,37,47,15,12,12,89,128,0,0,0,128
08/10/2020,MOB,AL,ASO,CE,Combined TRACON& Tower with Radar,16,18,5,155,194,0,2,6,52,60,16,20,11,207,254,0,0,0,254
08/11/2020,MOB,AL,ASO,CE,Combined TRACON& Tower with Radar,14,10,11,102,137,0,0,22,34,56,14,10,33,136,193,0,0,0,193
08/12/2020,MOB,AL,ASO,CE,Combined TRACON& Tower with Radar,14,10,10,63,97,0,0,6,23,29,14,10,16,86,126,0,0,0,126
08/13/2020,MOB,AL,ASO,CE,Combined TRACON& Tower with Radar,13,13,5,77,108,0,1,5,46,52,13,14,10,123,160,0,0,0,160
08/14/2020,MOB,AL,ASO,CE,Combined TRACON& Tower with Radar,15,12,10,64,101,0,0,12,23,35,15,12,22,87,136,10,18,28,164
08/15/2020,MOB,AL,ASO,CE,Combined TRACON& Tower with Radar,15,10,3,54,82,0,0,4,31,35,15,10,7,85,117,0,0,0,117
08/16/2020,MOB,AL,ASO,CE,Combined TRACON& Tower with Radar,13,12,11,43,79,0,0,14,29,43,13,12,25,72,122,0,0,0,122
08/17/2020,MOB,AL,ASO,CE,Combined TRACON& Tower with Radar,14,16,5,85,120,0,3,3,47,53,14,19,8,132,173,0,0,0,173
08/18/2020,MOB,AL,ASO,CE,Combined TRACON& Tower with Radar,14,14,8,120,156,0,3,15,49,67,14,17,23,169,223,0,0,0,223
08/19/2020,MOB,AL,ASO,CE,Combined TRACON& Tower with Radar,15,11,6,119,151,0,2,6,28,36,15,13,12,147,187,0,4,4,191
08/20/2020,MOB,AL,ASO,CE,Combined TRACON& Tower with Radar,15,18,7,119,159,0,0,7,55,62,15,18,14,174,221,26,14,40,261
08/21/2020,MOB,AL,ASO,CE,Combined TRACON& Tower with Radar,15,19,3,78,115,0,0,8,35,43,15,19,11,113,158,0,0,0,158
08/22/2020,MOB,AL,ASO,CE,Combined TRACON& Tower with Radar,14,12,4,75,105,0,0,7,34,41,14,12,11,109,146,0,0,0,146
08/23/2020,MOB,AL,ASO,CE,Combined TRACON& Tower with Radar,14,12,9,4,39,0,0,3,6,9,14,12,12,10,48,0,0,0,48
08/24/2020,MOB,AL,ASO,CE,Combined TRACON& Tower with Radar,14,12,2,34,62,0,0,0,7,7,14,12,2,41,69,0,0,0,69
08/25/2020,MOB,AL,ASO,CE,Combined TRACON& Tower with Radar,14,9,3,39,65,0,0,0,20,20,14,9,3,59,85,0,0,0,85
08/26/2020,MOB,AL,ASO,CE,Combined TRACON& Tower with Radar,12,6,8,67,93,0,0,2,16,18,12,6,10,83,111,0,0,0,111
08/27/2020,MOB,AL,ASO,CE,Combined TRACON& Tower with Radar,14,9,10,44,77,0,0,5,21,26,14,9,15,65,103,0,0,0,103
08/28/2020,MOB,AL,ASO,CE,Combined TRACON& Tower with Radar,14,17,15,89,135,0,1,13,26,40,14,18,28,115,175,0,0,0,175
08/29/2020,MOB,AL,ASO,CE,Combined TRACON& Tower with Radar,14,12,15,26,67,0,0,6,29,35,14,12,21,55,102,0,0,0,102
08/30/2020,MOB,AL,ASO,CE,Combined TRACON& Tower with Radar,12,12,11,82,117,0,0,0,44,44,12,12,11,126,161,10,14,24,185
08/31/2020,MOB,AL,ASO,CE,Combined TRACON& Tower with Radar,14,14,10,111,149,0,0,5,39,44,14,14,15,150,193,0,0,0,193
09/01/2020,MOB,AL,ASO,CE,Combined TRACON& Tower with Radar,12,15,4,202,233,0,3,12,53,68,12,18,16,255,301,0,0,0,301
09/02/2020,MOB,AL,ASO,CE,Combined TRACON& Tower with Radar,12,15,7,198,232,0,2,14,59,75,12,17,21,257,307,0,0,0,307
09/03/2020,MOB,AL,ASO,CE,Combined TRACON& Tower with Radar,12,19,18,169,218,0,5,11,62,78,12,24,29,231,296,0,0,0,296
09/04/2020,MOB,AL,ASO,CE,Combined TRACON& Tower with Radar,12,14,9,8,43,0,0,16,20,36,12,14,25,28,79,0,0,0,79
09/05/2020,MOB,AL,ASO,CE,Combined TRACON& Tower with Radar,11,12,4,0,27,0,0,5,4,9,11,12,9,4,36,0,0,0,36
09/06/2020,MOB,AL,ASO,CE,Combined TRACON& Tower with Radar,13,10,3,1,27,0,0,10,1,11,13,10,13,2,38,0,0,0,38
09/07/2020,MOB,AL,ASO,CE,Combined TRACON& Tower with Radar,11,13,3,9,36,0,1,3,5,9,11,14,6,14,45,0,0,0,45
09/08/2020,MOB,AL,ASO,CE,Combined TRACON& Tower with Radar,16,13,9,133,171,0,0,12,55,67,16,13,21,188,238,10,60,70,308
09/09/2020,MOB,AL,ASO,CE,Combined TRACON& Tower with Radar,12,13,5,187,217,0,3,10,79,92,12,16,15,266,309,10,20,30,339
09/10/2020,MOB,AL,ASO,CE,Combined TRACON& Tower with Radar,12,14,4,116,146,0,0,18,50,68,12,14,22,166,214,0,0,0,214
09/11/2020,MOB,AL,ASO,CE,Combined TRACON& Tower with Radar,12,14,21,120,167,0,0,13,53,66,12,14,34,173,233,0,0,0,233
09/12/2020,MOB,AL,ASO,CE,Combined TRACON& Tower with Radar,12,13,5,55,85,0,1,4,16,21,12,14,9,71,106,0,0,0,106
09/13/2020,MOB,AL,ASO,CE,Combined TRACON& Tower with Radar,12,14,12,6,44,0,0,1,10,11,12,14,13,16,55,0,0,0,55
09/14/2020,MOB,AL,ASO,CE,Combined TRACON& Tower with Radar,8,8,3,1,20,0,0,0,3,3,8,8,3,4,23,0,0,0,23
09/16/2020,MOB,AL,ASO,CE,Combined TRACON& Tower with Radar,0,0,1,0,1,0,0,0,0,0,0,0,1,0,1,0,0,0,1
09/17/2020,MOB,AL,ASO,CE,Combined TRACON& Tower with Radar,9,4,8,23,44,0,0,15,13,28,9,4,23,36,72,0,0,0,72
09/18/2020,MOB,AL,ASO,CE,Combined TRACON& Tower with Radar,13,14,6,2,35,0,0,19,32,51,13,14,25,34,86,0,0,0,86
09/19/2020,MOB,AL,ASO,CE,Combined TRACON& Tower with Radar,13,13,1,12,39,0,0,0,0,0,13,13,1,12,39,0,0,0,39
09/20/2020,MOB,AL,ASO,CE,Combined TRACON& Tower with Radar,12,13,12,6,43,0,0,0,0,0,12,13,12,6,43,0,0,0,43
09/21/2020,MOB,AL,ASO,CE,Combined TRACON& Tower with Radar,12,14,4,19,49,0,0,2,21,23,12,14,6,40,72,0,0,0,72
09/22/2020,MOB,AL,ASO,CE,Combined TRACON& Tower with Radar,14,12,14,216,256,0,0,8,40,48,14,12,22,256,304,0,0,0,304
09/23/2020,MOB,AL,ASO,CE,Combined TRACON& Tower with Radar,12,12,17,127,168,0,1,3,26,30,12,13,20,153,198,0,0,0,198
09/24/2020,MOB,AL,ASO,CE,Combined TRACON& Tower with Radar,12,15,5,159,191,0,0,6,27,33,12,15,11,186,224,0,0,0,224
09/25/2020,MOB,AL,ASO,CE,Combined TRACON& Tower with Radar,12,13,11,204,240,0,2,21,47,70,12,15,32,251,310,0,0,0,310
09/26/2020,MOB,AL,ASO,CE,Combined TRACON& Tower with Radar,12,12,7,40,71,0,0,15,24,39,12,12,22,64,110,16,0,16,126
09/27/2020,MOB,AL,ASO,CE,Combined TRACON& Tower with Radar,12,13,7,34,66,0,0,4,18,22,12,13,11,52,88,0,0,0,88
09/28/2020,MOB,AL,ASO,CE,Combined TRACON& Tower with Radar,13,15,3,93,124,0,0,1,20,21,13,15,4,113,145,0,20,20,165
09/29/2020,MOB,AL,ASO,CE,Combined TRACON& Tower with Radar,13,16,7,161,197,0,6,4,68,78,13,22,11,229,275,10,20,30,305
09/30/2020,MOB,AL,ASO,CE,Combined TRACON& Tower with Radar,14,13,19,172,218,0,0,26,44,70,14,13,45,216,288,0,0,0,288
10/01/2020,MOB,AL,ASO,CE,Combined TRACON& Tower with Radar,14,12,7,137,170,0,0,12,34,46,14,12,19,171,216,0,0,0,216
10/02/2020,MOB,AL,ASO,CE,Combined TRACON& Tower with Radar,12,12,11,117,152,0,1,21,52,74,12,13,32,169,226,0,0,0,226
10/03/2020,MOB,AL,ASO,CE,Combined TRACON& Tower with Radar,12,16,3,25,56,0,4,23,8,35,12,20,26,33,91,0,0,0,91
10/04/2020,MOB,AL,ASO,CE,Combined TRACON& Tower with Radar,12,12,7,14,45,0,1,1,15,17,12,13,8,29,62,0,0,0,62
10/05/2020,MOB,AL,ASO,CE,Combined TRACON& Tower with Radar,14,13,9,129,165,0,0,10,56,66,14,13,19,185,231,0,0,0,231
10/06/2020,MOB,AL,ASO,CE,Combined TRACON& Tower with Radar,12,12,4,103,131,0,0,6,41,47,12,12,10,144,178,0,0,0,178
10/07/2020,MOB,AL,ASO,CE,Combined TRACON& Tower with Radar,10,13,5,30,58,0,3,17,32,52,10,16,22,62,110,0,0,0,110
10/08/2020,MOB,AL,ASO,CE,Combined TRACON& Tower with Radar,12,19,8,14,53,0,0,6,5,11,12,19,14,19,64,0,0,0,64
10/09/2020,MOB,AL,ASO,CE,Combined TRACON& Tower with Radar,12,14,3,3,32,0,0,0,4,4,12,14,3,7,36,0,0,0,36
10/10/2020,MOB,AL,ASO,CE,Combined TRACON& Tower with Radar,12,12,2,9,35,0,0,3,9,12,12,12,5,18,47,0,0,0,47
10/11/2020,MOB,AL,ASO,CE,Combined TRACON& Tower with Radar,12,16,12,5,45,0,0,12,5,17,12,16,24,10,62,0,0,0,62
10/12/2020,MOB,AL,ASO,CE,Combined TRACON& Tower with Radar,12,17,9,5,43,0,0,9,3,12,12,17,18,8,55,0,0,0,55
10/13/2020,MOB,AL,ASO,CE,Combined TRACON& Tower with Radar,10,11,19,153,193,0,4,20,66,90,10,15,39,219,283,0,0,0,283
10/14/2020,MOB,AL,ASO,CE,Combined TRACON& Tower with Radar,10,21,12,162,205,0,14,24,48,86,10,35,36,210,291,0,0,0,291
10/15/2020,MOB,AL,ASO,CE,Combined TRACON& Tower with Radar,12,13,7,155,187,0,2,16,46,64,12,15,23,201,251,0,0,0,251
10/16/2020,MOB,AL,ASO,CE,Combined TRACON& Tower with Radar,12,18,8,165,203,0,0,9,63,72,12,18,17,228,275,0,0,0,275
10/17/2020,MOB,AL,ASO,CE,Combined TRACON& Tower with Radar,12,12,13,13,50,0,0,15,23,38,12,12,28,36,88,0,0,0,88
10/18/2020,MOB,AL,ASO,CE,Combined TRACON& Tower with Radar,14,16,9,36,75,0,2,10,23,35,14,18,19,59,110,0,0,0,110
10/19/2020,MOB,AL,ASO,CE,Combined TRACON& Tower with Radar,12,22,6,158,198,0,3,14,40,57,12,25,20,198,255,0,0,0,255
10/20/2020,MOB,AL,ASO,CE,Combined TRACON& Tower with Radar,12,21,9,146,188,0,1,17,55,73,12,22,26,201,261,0,0,0,261
10/21/2020,MOB,AL,ASO,CE,Combined TRACON& Tower with Radar,10,16,11,122,159,0,3,12,40,55,10,19,23,162,214,0,0,0,214
10/22/2020,MOB,AL,ASO,CE,Combined TRACON& Tower with Radar,12,14,10,166,202,0,1,16,39,56,12,15,26,205,258,0,0,0,258
10/23/2020,MOB,AL,ASO,CE,Combined TRACON& Tower with Radar,12,16,11,104,143,0,0,5,30,35,12,16,16,134,178,0,34,34,212
10/24/2020,MOB,AL,ASO,CE,Combined TRACON& Tower with Radar,12,13,6,7,38,0,1,3,12,16,12,14,9,19,54,14,4,18,72
10/25/2020,MOB,AL,ASO,CE,Combined TRACON& Tower with Radar,12,30,3,19,64,0,0,2,1,3,12,30,5,20,67,16,0,16,83
10/26/2020,MOB,AL,ASO,CE,Combined TRACON& Tower with Radar,12,17,11,31,71,0,1,10,22,33,12,18,21,53,104,10,8,18,122
10/27/2020,MOB,AL,ASO,CE,Combined TRACON& Tower with Radar,10,13,5,19,47,0,0,0,7,7,10,13,5,26,54,0,22,22,76
10/28/2020,MOB,AL,ASO,CE,Combined TRACON& Tower with Radar,8,8,5,3,24,0,0,0,0,0,8,8,5,3,24,0,0,0,24
10/29/2020,MOB,AL,ASO,CE,Combined TRACON& Tower with Radar,10,13,7,16,46,0,1,6,12,19,10,14,13,28,65,0,12,12,77
10/30/2020,MOB,AL,ASO,CE,Combined TRACON& Tower with Radar,12,17,11,43,83,0,2,14,29,45,12,19,25,72,128,0,0,0,128
10/31/2020,MOB,AL,ASO,CE,Combined TRACON& Tower with Radar,12,10,4,7,33,0,0,17,13,30,12,10,21,20,63,0,0,0,63
11/01/2020,MOB,AL,ASO,CE,Combined TRACON& Tower with Radar,10,14,15,10,49,0,1,16,8,25,10,15,31,18,74,0,0,0,74
11/02/2020,MOB,AL,ASO,CE,Combined TRACON& Tower with Radar,10,14,9,82,115,0,0,10,19,29,10,14,19,101,144,32,46,78,222
11/03/2020,MOB,AL,ASO,CE,Combined TRACON& Tower with Radar,8,10,10,119,147,0,1,18,28,47,8,11,28,147,194,6,26,32,226
11/04/2020,MOB,AL,ASO,CE,Combined TRACON& Tower with Radar,7,13,12,136,168,0,0,29,32,61,7,13,41,168,229,6,12,18,247
11/05/2020,MOB,AL,ASO,CE,Combined TRACON& Tower with Radar,10,16,8,107,141,0,2,15,26,43,10,18,23,133,184,10,18,28,212
11/06/2020,MOB,AL,ASO,CE,Combined TRACON& Tower with Radar,10,16,7,136,169,0,1,17,45,63,10,17,24,181,232,12,46,58,290
11/07/2020,MOB,AL,ASO,CE,Combined TRACON& Tower with Radar,10,17,4,46,77,0,0,6,44,50,10,17,10,90,127,14,10,24,151
11/08/2020,MOB,AL,ASO,CE,Combined TRACON& Tower with Radar,10,17,7,48,82,0,2,6,27,35,10,19,13,75,117,6,38,44,161
11/09/2020,MOB,AL,ASO,CE,Combined TRACON& Tower with Radar,10,14,7,148,179,0,1,6,27,34,10,15,13,175,213,0,26,26,239
11/10/2020,MOB,AL,ASO,CE,Combined TRACON& Tower with Radar,8,13,14,237,272,0,0,1,18,19,8,13,15,255,291,0,0,0,291
11/11/2020,MOB,AL,ASO,CE,Combined TRACON& Tower with Radar,8,17,6,10,41,0,0,1,0,1,8,17,7,10,42,0,0,0,42
11/12/2020,MOB,AL,ASO,CE,Combined TRACON& Tower with Radar,10,14,11,129,164,0,0,20,37,57,10,14,31,166,221,0,0,0,221
11/13/2020,MOB,AL,ASO,CE,Combined TRACON& Tower with Radar,10,16,18,103,147,0,0,26,70,96,10,16,44,173,243,0,0,0,243
11/14/2020,MOB,AL,ASO,CE,Combined TRACON& Tower with Radar,10,16,8,37,71,0,0,33,32,65,10,16,41,69,136,54,12,66,202
11/15/2020,MOB,AL,ASO,CE,Combined TRACON& Tower with Radar,11,17,4,16,48,0,1,6,5,12,11,18,10,21,60,0,0,0,60
11/16/2020,MOB,AL,ASO,CE,Combined TRACON& Tower with Radar,10,17,8,217,252,0,4,13,66,83,10,21,21,283,335,0,78,78,413
11/17/2020,MOB,AL,ASO,CE,Combined TRACON& Tower with Radar,11,16,5,153,185,0,1,12,61,74,11,17,17,214,259,0,10,10,269
11/18/2020,MOB,AL,ASO,CE,Combined TRACON& Tower with Radar,10,19,17,174,220,0,0,12,61,73,10,19,29,235,293,0,0,0,293
11/19/2020,MOB,AL,ASO,CE,Combined TRACON& Tower with Radar,10,21,9,121,161,0,2,19,50,71,10,23,28,171,232,0,32,32,264
11/20/2020,MOB,AL,ASO,CE,Combined TRACON& Tower with Radar,12,18,12,107,149,0,0,18,54,72,12,18,30,161,221,0,0,0,221
11/21/2020,MOB,AL,ASO,CE,Combined TRACON& Tower with Radar,12,16,3,23,54,0,0,18,11,29,12,16,21,34,83,0,0,0,83
11/22/2020,MOB,AL,ASO,CE,Combined TRACON& Tower with Radar,12,19,6,28,65,0,0,15,16,31,12,19,21,44,96,0,0,0,96
11/23/2020,MOB,AL,ASO,CE,Combined TRACON& Tower with Radar,10,18,2,131,161,0,3,12,46,61,10,21,14,177,222,0,0,0,222
11/24/2020,MOB,AL,ASO,CE,Combined TRACON& Tower with Radar,12,20,19,150,201,0,1,19,59,79,12,21,38,209,280,0,34,34,314
11/25/2020,MOB,AL,ASO,CE,Combined TRACON& Tower with Radar,16,19,10,26,71,0,0,6,15,21,16,19,16,41,92,0,18,18,110
11/26/2020,MOB,AL,ASO,CE,Combined TRACON& Tower with Radar,7,6,0,2,15,0,0,0,0,0,7,6,0,2,15,0,0,0,15
11/27/2020,MOB,AL,ASO,CE,Combined TRACON& Tower with Radar,9,12,9,0,30,0,0,1,0,1,9,12,10,0,31,0,0,0,31
11/28/2020,MOB,AL,ASO,CE,Combined TRACON& Tower with Radar,12,17,9,2,40,0,2,0,0,2,12,19,9,2,42,0,0,0,42
11/29/2020,MOB,AL,ASO,CE,Combined TRACON& Tower with Radar,12,19,5,4,40,0,0,0,0,0,12,19,5,4,40,0,0,0,40
11/30/2020,MOB,AL,ASO,CE,Combined TRACON& Tower with Radar,12,18,3,193,226,0,1,10,54,65,12,19,13,247,291,0,0,0,291
12/01/2020,MOB,AL,ASO,CE,Combined TRACON& Tower with Radar,11,18,11,114,154,0,2,31,39,72,11,20,42,153,226,0,0,0,226
12/02/2020,MOB,AL,ASO,CE,Combined TRACON& Tower with Radar,12,19,9,150,190,0,7,17,53,77,12,26,26,203,267,0,92,92,359
12/03/2020,MOB,AL,ASO,CE,Combined TRACON& Tower with Radar,10,18,9,151,188,0,2,9,40,51,10,20,18,191,239,0,0,0,239
12/04/2020,MOB,AL,ASO,CE,Combined TRACON& Tower with Radar,10,18,11,106,145,0,1,4,43,48,10,19,15,149,193,16,24,40,233
12/05/2020,MOB,AL,ASO,CE,Combined TRACON& Tower with Radar,6,16,10,32,64,0,0,33,21,54,6,16,43,53,118,10,0,10,128
12/06/2020,MOB,AL,ASO,CE,Combined TRACON& Tower with Radar,10,19,6,54,89,0,0,12,27,39,10,19,18,81,128,38,52,90,218
12/07/2020,MOB,AL,ASO,CE,Combined TRACON& Tower with Radar,10,17,7,137,171,0,0,4,57,61,10,17,11,194,232,0,62,62,294
12/08/2020,MOB,AL,ASO,CE,Combined TRACON& Tower with Radar,8,16,15,103,142,0,2,17,54,73,8,18,32,157,215,22,42,64,279
12/09/2020,MOB,AL,ASO,CE,Combined TRACON& Tower with Radar,8,15,10,158,191,0,0,12,72,84,8,15,22,230,275,0,4,4,279
12/10/2020,MOB,AL,ASO,CE,Combined TRACON& Tower with Radar,10,16,10,142,178,0,2,21,67,90,10,18,31,209,268,8,42,50,318
12/11/2020,MOB,AL,ASO,CE,Combined TRACON& Tower with Radar,10,18,17,96,141,0,2,14,41,57,10,20,31,137,198,20,20,40,238
12/12/2020,MOB,AL,ASO,CE,Combined TRACON& Tower with Radar,7,13,9,26,55,0,0,5,12,17,7,13,14,38,72,0,0,0,72
12/13/2020,MOB,AL,ASO,CE,Combined TRACON& Tower with Radar,11,17,11,52,91,0,0,0,2,2,11,17,11,54,93,0,0,0,93
12/14/2020,MOB,AL,ASO,CE,Combined TRACON& Tower with Radar,10,18,18,190,236,0,4,6,34,44,10,22,24,224,280,4,78,82,362
12/15/2020,MOB,AL,ASO,CE,Combined TRACON& Tower with Radar,12,12,13,129,166,0,1,8,44,53,12,13,21,173,219,12,50,62,281
12/16/2020,MOB,AL,ASO,CE,Combined TRACON& Tower with Radar,8,17,10,75,110,0,0,3,14,17,8,17,13,89,127,0,12,12,139
12/17/2020,MOB,AL,ASO,CE,Combined TRACON& Tower with Radar,10,18,14,70,112,0,0,14,23,37,10,18,28,93,149,0,68,68,217
12/18/2020,MOB,AL,ASO,CE,Combined TRACON& Tower with Radar,10,20,8,115,153,0,3,17,39,59,10,23,25,154,212,0,4,4,216
12/19/2020,MOB,AL,ASO,CE,Combined TRACON& Tower with Radar,8,20,3,20,51,0,0,17,4,21,8,20,20,24,72,10,4,14,86
12/20/2020,MOB,AL,ASO,CE,Combined TRACON& Tower with Radar,10,16,10,41,77,0,0,0,3,3,10,16,10,44,80,0,0,0,80
12/21/2020,MOB,AL,ASO,CE,Combined TRACON& Tower with Radar,12,16,13,122,163,0,0,8,27,35,12,16,21,149,198,12,42,54,252
12/22/2020,MOB,AL,ASO,CE,Combined TRACON& Tower with Radar,10,16,11,128,165,0,1,21,49,71,10,17,32,177,236,10,22,32,268
12/23/2020,MOB,AL,ASO,CE,Combined TRACON& Tower with Radar,10,18,5,66,99,0,2,1,42,45,10,20,6,108,144,0,20,20,164
12/24/2020,MOB,AL,ASO,CE,Combined TRACON& Tower with Radar,6,15,2,2,25,0,0,1,0,1,6,15,3,2,26,0,0,0,26
12/25/2020,MOB,AL,ASO,CE,Combined TRACON& Tower with Radar,6,11,1,2,20,0,1,2,1,4,6,12,3,3,24,0,0,0,24
12/26/2020,MOB,AL,ASO,CE,Combined TRACON& Tower with Radar,8,20,7,3,38,0,0,18,2,20,8,20,25,5,58,12,0,12,70
12/27/2020,MOB,AL,ASO,CE,Combined TRACON& Tower with Radar,10,16,12,1,39,0,2,15,6,23,10,18,27,7,62,0,0,0,62
12/28/2020,MOB,AL,ASO,CE,Combined TRACON& Tower with Radar,10,16,9,40,75,0,0,24,13,37,10,16,33,53,112,8,0,8,120
12/29/2020,MOB,AL,ASO,CE,Combined TRACON& Tower with Radar,14,18,10,51,93,0,0,18,36,54,14,18,28,87,147,0,18,18,165
12/30/2020,MOB,AL,ASO,CE,Combined TRACON& Tower with Radar,10,15,5,95,125,0,4,4,19,27,10,19,9,114,152,0,0,0,152
12/31/2020,MOB,AL,ASO,CE,Combined TRACON& Tower with Radar,7,12,1,6,26,0,1,0,0,1,7,13,1,6,27,0,0,0,27
01/01/2021,MOB,AL,ASO,CE,Combined TRACON& Tower with Radar,7,13,9,2,31,0,0,3,0,3,7,13,12,2,34,18,0,18,52
01/02/2021,MOB,AL,ASO,CE,Combined TRACON& Tower with Radar,8,18,6,2,34,0,0,16,0,16,8,18,22,2,50,0,0,0,50
01/03/2021,MOB,AL,ASO,CE,Combined TRACON& Tower with Radar,10,16,16,1,43,0,1,15,1,17,10,17,31,2,60,14,4,18,78
01/04/2021,MOB,AL,ASO,CE,Combined TRACON& Tower with Radar,10,16,3,86,115,0,2,7,43,52,10,18,10,129,167,0,0,0,167
01/05/2021,MOB,AL,ASO,CE,Combined TRACON& Tower with Radar,8,14,13,122,157,0,0,13,69,82,8,14,26,191,239,10,26,36,275
01/06/2021,MOB,AL,ASO,CE,Combined TRACON& Tower with Radar,8,15,2,110,135,0,0,13,55,68,8,15,15,165,203,0,0,0,203
01/07/2021,MOB,AL,ASO,CE,Combined TRACON& Tower with Radar,8,18,3,108,137,0,0,0,27,27,8,18,3,135,164,0,85,85,249
01/08/2021,MOB,AL,ASO,CE,Combined TRACON& Tower with Radar,8,16,6,123,153,0,0,4,27,31,8,16,10,150,184,0,14,14,198
01/09/2021,MOB,AL,ASO,CE,Combined TRACON& Tower with Radar,5,12,4,38,59,0,0,19,24,43,5,12,23,62,102,2,0,2,104
01/10/2021,MOB,AL,ASO,CE,Combined TRACON& Tower with Radar,8,17,5,37,67,0,1,2,18,21,8,18,7,55,88,0,14,14,102
01/11/2021,MOB,AL,ASO,CE,Combined TRACON& Tower with Radar,8,16,1,16,41,0,0,0,0,0,8,16,1,16,41,0,0,0,41
01/12/2021,MOB,AL,ASO,CE,Combined TRACON& Tower with Radar,8,20,7,88,123,0,0,0,3,3,8,20,7,91,126,0,0,0,126
01/13/2021,MOB,AL,ASO,CE,Combined TRACON& Tower with Radar,8,21,11,158,198,0,5,21,56,82,8,26,32,214,280,8,66,74,354
01/14/2021,MOB,AL,ASO,CE,Combined TRACON& Tower with Radar,8,19,13,156,196,0,5,20,60,85,8,24,33,216,281,6,58,64,345
01/15/2021,MOB,AL,ASO,CE,Combined TRACON& Tower with Radar,8,22,15,90,135,0,1,11,41,53,8,23,26,131,188,6,6,12,200
01/16/2021,MOB,AL,ASO,CE,Combined TRACON& Tower with Radar,6,12,6,4,28,0,0,15,3,18,6,12,21,7,46,6,0,6,52
01/17/2021,MOB,AL,ASO,CE,Combined TRACON& Tower with Radar,6,17,7,1,31,0,0,12,2,14,6,17,19,3,45,0,0,0,45
01/18/2021,MOB,AL,ASO,CE,Combined TRACON& Tower with Radar,8,18,7,2,35,0,0,8,4,12,8,18,15,6,47,8,0,8,55
01/19/2021,MOB,AL,ASO,CE,Combined TRACON& Tower with Radar,8,16,4,125,153,0,1,17,55,73,8,17,21,180,226,8,60,68,294
01/20/2021,MOB,AL,ASO,CE,Combined TRACON& Tower with Radar,8,14,6,162,190,0,0,14,51,65,8,14,20,213,255,0,0,0,255
01/21/2021,MOB,AL,ASO,CE,Combined TRACON& Tower with Radar,12,15,11,146,184,0,0,1,18,19,12,15,12,164,203,0,0,0,203
01/22/2021,MOB,AL,ASO,CE,Combined TRACON& Tower with Radar,8,21,6,53,88,0,0,2,6,8,8,21,8,59,96,0,0,0,96
01/23/2021,MOB,AL,ASO,CE,Combined TRACON& Tower with Radar,6,13,9,56,84,0,0,16,16,32,6,13,25,72,116,38,18,56,172
01/24/2021,MOB,AL,ASO,CE,Combined TRACON& Tower with Radar,8,21,7,26,62,0,0,0,0,0,8,21,7,26,62,0,0,0,62
01/25/2021,MOB,AL,ASO,CE,Combined TRACON& Tower with Radar,9,18,10,141,178,0,0,1,16,17,9,18,11,157,195,0,0,0,195
01/26/2021,MOB,AL,ASO,CE,Combined TRACON& Tower with Radar,8,15,3,75,101,0,0,4,19,23,8,15,7,94,124,10,60,70,194
01/27/2021,MOB,AL,ASO,CE,Combined TRACON& Tower with Radar,8,17,13,139,177,0,2,3,33,38,8,19,16,172,215,0,0,0,215
01/28/2021,MOB,AL,ASO,CE,Combined TRACON& Tower with Radar,8,17,8,128,161,0,0,9,92,101,8,17,17,220,262,0,16,16,278
01/29/2021,MOB,AL,ASO,CE,Combined TRACON& Tower with Radar,8,20,9,178,215,0,2,19,56,77,8,22,28,234,292,14,0,14,306
01/30/2021,MOB,AL,ASO,CE,Combined TRACON& Tower with Radar,8,12,12,32,64,0,0,15,19,34,8,12,27,51,98,24,6,30,128
01/31/2021,MOB,AL,ASO,CE,Combined TRACON& Tower with Radar,8,19,6,74,107,0,0,7,12,19,8,19,13,86,126,0,0,0,126
02/01/2021,MOB,AL,ASO,CE,Combined TRACON& Tower with Radar,8,15,8,169,200,0,1,15,35,51,8,16,23,204,251,0,32,32,283
02/02/2021,MOB,AL,ASO,CE,Combined TRACON& Tower with Radar,8,16,8,140,172,0,0,19,58,77,8,16,27,198,249,4,54,58,307
02/03/2021,MOB,AL,ASO,CE,Combined TRACON& Tower with Radar,8,14,7,111,140,0,2,17,48,67,8,16,24,159,207,0,64,64,271
02/04/2021,MOB,AL,ASO,CE,Combined TRACON& Tower with Radar,8,18,6,168,200,0,1,14,65,80,8,19,20,233,280,8,44,52,332
02/05/2021,MOB,AL,ASO,CE,Combined TRACON& Tower with Radar,8,19,13,153,193,0,1,3,32,36,8,20,16,185,229,0,0,0,229
02/06/2021,MOB,AL,ASO,CE,Combined TRACON& Tower with Radar,6,12,4,2,24,0,0,0,0,0,6,12,4,2,24,0,0,0,24
02/07/2021,MOB,AL,ASO,CE,Combined TRACON& Tower with Radar,6,18,15,14,53,0,1,14,7,22,6,19,29,21,75,0,0,0,75
02/08/2021,MOB,AL,ASO,CE,Combined TRACON& Tower with Radar,10,17,8,54,89,0,0,7,27,34,10,17,15,81,123,0,6,6,129
02/09/2021,MOB,AL,ASO,CE,Combined TRACON& Tower with Radar,8,16,8,113,145,0,0,6,21,27,8,16,14,134,172,16,0,16,188
02/10/2021,MOB,AL,ASO,CE,Combined TRACON& Tower with Radar,8,16,4,16,44,0,0,0,0,0,8,16,4,16,44,0,6,6,50
02/11/2021,MOB,AL,ASO,CE,Combined TRACON& Tower with Radar,8,15,5,1,29,0,0,0,4,4,8,15,5,5,33,0,0,0,33
02/12/2021,MOB,AL,ASO,CE,Combined TRACON& Tower with Radar,8,19,6,11,44,0,0,0,1,1,8,19,6,12,45,0,0,0,45
02/13/2021,MOB,AL,ASO,CE,Combined TRACON& Tower with Radar,8,15,9,4,36,0,0,0,0,0,8,15,9,4,36,0,0,0,36
02/14/2021,MOB,AL,ASO,CE,Combined TRACON& Tower with Radar,6,13,10,26,55,0,0,2,0,2,6,13,12,26,57,0,0,0,57
02/15/2021,MOB,AL,ASO,CE,Combined TRACON& Tower with Radar,8,11,3,0,22,0,0,0,0,0,8,11,3,0,22,0,0,0,22
02/16/2021,MOB,AL,ASO,CE,Combined TRACON& Tower with Radar,8,12,6,72,98,0,1,16,41,58,8,13,22,113,156,0,0,0,156
02/17/2021,MOB,AL,ASO,CE,Combined TRACON& Tower with Radar,12,7,3,88,110,0,0,8,23,31,12,7,11,111,141,0,22,22,163
02/18/2021,MOB,AL,ASO,CE,Combined TRACON& Tower with Radar,8,10,5,147,170,0,0,0,8,8,8,10,5,155,178,0,36,36,214
02/19/2021,MOB,AL,ASO,CE,Combined TRACON& Tower with Radar,8,22,7,139,176,0,7,7,33,47,8,29,14,172,223,30,36,66,289
02/20/2021,MOB,AL,ASO,CE,Combined TRACON& Tower with Radar,6,19,9,30,64,0,8,40,16,64,6,27,49,46,128,0,0,0,128
02/21/2021,MOB,AL,ASO,CE,Combined TRACON& Tower with Radar,8,21,11,45,85,0,0,26,21,47,8,21,37,66,132,0,0,0,132
02/22/2021,MOB,AL,ASO,CE,Combined TRACON& Tower with Radar,8,17,6,202,233,0,0,16,40,56,8,17,22,242,289,0,45,45,334
02/23/2021,MOB,AL,ASO,CE,Combined TRACON& Tower with Radar,12,14,7,174,207,0,2,16,75,93,12,16,23,249,300,0,32,32,332
02/24/2021,MOB,AL,ASO,CE,Combined TRACON& Tower with Radar,10,18,16,123,167,0,3,20,43,66,10,21,36,166,233,2,60,62,295
02/25/2021,MOB,AL,ASO,CE,Combined TRACON& Tower with Radar,8,18,8,87,121,0,1,8,46,55,8,19,16,133,176,0,14,14,190
02/26/2021,MOB,AL,ASO,CE,Combined TRACON& Tower with Radar,8,20,19,129,176,0,1,4,35,40,8,21,23,164,216,0,88,88,304
02/27/2021,MOB,AL,ASO,CE,Combined TRACON& Tower with Radar,8,16,8,12,44,0,0,1,0,1,8,16,9,12,45,0,0,0,45
02/28/2021,MOB,AL,ASO,CE,Combined TRACON& Tower with Radar,8,22,4,15,49,0,0,7,8,15,8,22,11,23,64,22,12,34,98
03/01/2021,MOB,AL,ASO,CE,Combined TRACON& Tower with Radar,7,19,10,53,89,0,0,2,14,16,7,19,12,67,105,0,122,122,227
03/02/2021,MOB,AL,ASO,CE,Combined TRACON& Tower with Radar,6,14,5,42,67,0,0,0,2,2,6,14,5,44,69,60,60,120,189
03/03/2021,MOB,AL,ASO,CE,Combined TRACON& Tower with Radar,6,20,19,198,243,0,1,12,66,79,6,21,31,264,322,9,87,96,418
03/04/2021,MOB,AL,ASO,CE,Combined TRACON& Tower with Radar,10,23,12,98,143,0,4,25,55,84,10,27,37,153,227,22,86,108,335
03/05/2021,MOB,AL,ASO,CE,Combined TRACON& Tower with Radar,10,19,15,125,169,0,2,20,30,52,10,21,35,155,221,0,154,154,375
03/06/2021,MOB,AL,ASO,CE,Combined TRACON& Tower with Radar,6,19,10,48,83,0,0,15,18,33,6,19,25,66,116,0,0,0,116
03/07/2021,MOB,AL,ASO,CE,Combined TRACON& Tower with Radar,10,17,10,30,67,0,0,17,23,40,10,17,27,53,107,0,0,0,107
03/08/2021,MOB,AL,ASO,CE,Combined TRACON& Tower with Radar,12,17,8,116,153,0,0,20,42,62,12,17,28,158,215,30,96,126,341
03/09/2021,MOB,AL,ASO,CE,Combined TRACON& Tower with Radar,8,17,17,118,160,0,1,22,53,76,8,18,39,171,236,0,0,0,236
03/10/2021,MOB,AL,ASO,CE,Combined TRACON& Tower with Radar,10,22,29,142,203,0,4,23,46,73,10,26,52,188,276,78,36,114,390
03/11/2021,MOB,AL,ASO,CE,Combined TRACON& Tower with Radar,10,17,21,135,183,0,0,14,43,57,10,17,35,178,240,20,92,112,352
03/12/2021,MOB,AL,ASO,CE,Combined TRACON& Tower with Radar,10,17,25,101,153,0,0,22,32,54,10,17,47,133,207,10,116,126,333
03/13/2021,MOB,AL,ASO,CE,Combined TRACON& Tower with Radar,6,17,12,32,67,0,2,13,9,24,6,19,25,41,91,12,62,74,165
03/14/2021,MOB,AL,ASO,CE,Combined TRACON& Tower with Radar,12,20,9,54,95,0,0,13,7,20,12,20,22,61,115,0,4,4,119
03/15/2021,MOB,AL,ASO,CE,Combined TRACON& Tower with Radar,10,17,11,92,130,0,0,0,14,14,10,17,11,106,144,0,160,160,304
03/16/2021,MOB,AL,ASO,CE,Combined TRACON& Tower with Radar,8,15,13,223,259,0,0,2,34,36,8,15,15,257,295,4,118,122,417
03/17/2021,MOB,AL,ASO,CE,Combined TRACON& Tower with Radar,10,15,3,15,43,0,0,0,5,5,10,15,3,20,48,42,122,164,212
03/18/2021,MOB,AL,ASO,CE,Combined TRACON& Tower with Radar,10,22,17,76,125,0,3,15,54,72,10,25,32,130,197,8,112,120,317
03/19/2021,MOB,AL,ASO,CE,Combined TRACON& Tower with Radar,10,19,14,117,160,0,0,19,51,70,10,19,33,168,230,0,110,110,340
03/20/2021,MOB,AL,ASO,CE,Combined TRACON& Tower with Radar,6,17,6,39,68,0,0,13,10,23,6,17,19,49,91,32,6,38,129
03/21/2021,MOB,AL,ASO,CE,Combined TRACON& Tower with Radar,10,19,16,32,77,0,1,21,22,44,10,20,37,54,121,8,0,8,129
03/22/2021,MOB,AL,ASO,CE,Combined TRACON& Tower with Radar,10,17,12,132,171,0,0,17,36,53,10,17,29,168,224,32,102,134,358
03/23/2021,MOB,AL,ASO,CE,Combined TRACON& Tower with Radar,10,21,3,10,44,0,0,4,16,20,10,21,7,26,64,0,116,116,180
03/24/2021,MOB,AL,ASO,CE,Combined TRACON& Tower with Radar,11,21,3,102,137,0,0,3,30,33,11,21,6,132,170,4,74,78,248
03/25/2021,MOB,AL,ASO,CE,Combined TRACON& Tower with Radar,10,19,8,35,72,0,0,0,20,20,10,19,8,55,92,0,42,42,134
03/26/2021,MOB,AL,ASO,CE,Combined TRACON& Tower with Radar,13,18,12,101,144,0,0,4,4,8,13,18,16,105,152,10,16,26,178
03/27/2021,MOB,AL,ASO,CE,Combined TRACON& Tower with Radar,7,18,6,7,38,0,1,4,2,7,7,19,10,9,45,0,60,60,105
03/28/2021,MOB,AL,ASO,CE,Combined TRACON& Tower with Radar,10,19,3,29,61,0,0,2,13,15,10,19,5,42,76,0,32,32,108
03/29/2021,MOB,AL,ASO,CE,Combined TRACON& Tower with Radar,10,19,7,72,108,0,1,18,36,55,10,20,25,108,163,0,68,68,231
03/30/2021,MOB,AL,ASO,CE,Combined TRACON& Tower with Radar,8,19,13,98,138,0,1,6,13,20,8,20,19,111,158,2,72,74,232
03/31/2021,MOB,AL,ASO,CE,Combined TRACON& Tower with Radar,9,20,10,55,94,0,0,3,14,17,9,20,13,69,111,0,89,89,200
04/01/2021,MOB,AL,ASO,CE,Combined TRACON& Tower with Radar,10,22,7,89,128,0,0,10,53,63,10,22,17,142,191,0,150,150,341
04/02/2021,MOB,AL,ASO,CE,Combined TRACON& Tower with Radar,8,25,4,16,53,0,1,16,27,44,8,26,20,43,97,2,114,116,213
04/03/2021,MOB,AL,ASO,CE,Combined TRACON& Tower with Radar,7,19,8,0,34,0,1,15,4,20,7,20,23,4,54,26,14,40,94
04/04/2021,MOB,AL,ASO,CE,Combined TRACON& Tower with Radar,8,24,4,2,38,0,0,12,2,14,8,24,16,4,52,0,22,22,74
04/05/2021,MOB,AL,ASO,CE,Combined TRACON& Tower with Radar,8,23,11,148,190,0,0,21,60,81,8,23,32,208,271,2,172,174,445
04/06/2021,MOB,AL,ASO,CE,Combined TRACON& Tower with Radar,6,21,11,123,161,0,1,23,53,77,6,22,34,176,238,0,130,130,368
04/07/2021,MOB,AL,ASO,CE,Combined TRACON& Tower with Radar,8,21,22,140,191,0,1,10,48,59,8,22,32,188,250,26,108,134,384
04/08/2021,MOB,AL,ASO,CE,Combined TRACON& Tower with Radar,8,24,9,118,159,0,0,7,40,47,8,24,16,158,206,0,150,150,356
04/09/2021,MOB,AL,ASO,CE,Combined TRACON& Tower with Radar,8,26,11,40,85,0,0,4,14,18,8,26,15,54,103,30,124,154,257
04/10/2021,MOB,AL,ASO,CE,Combined TRACON& Tower with Radar,6,23,5,4,38,0,0,0,8,8,6,23,5,12,46,0,0,0,46
04/11/2021,MOB,AL,ASO,CE,Combined TRACON& Tower with Radar,8,23,3,9,43,0,0,11,19,30,8,23,14,28,73,10,4,14,87
04/12/2021,MOB,AL,ASO,CE,Combined TRACON& Tower with Radar,8,24,16,61,109,0,2,13,61,76,8,26,29,122,185,22,146,168,353
04/13/2021,MOB,AL,ASO,CE,Combined TRACON& Tower with Radar,12,25,14,52,103,0,2,13,28,43,12,27,27,80,146,14,96,110,256
04/14/2021,MOB,AL,ASO,CE,Combined TRACON& Tower with Radar,8,21,9,22,60,0,0,2,24,26,8,21,11,46,86,0,166,166,252
04/15/2021,MOB,AL,ASO,CE,Combined TRACON& Tower with Radar,9,21,9,104,143,0,0,0,17,17,9,21,9,121,160,0,166,166,326
04/16/2021,MOB,AL,ASO,CE,Combined TRACON& Tower with Radar,11,19,9,47,86,0,0,7,34,41,11,19,16,81,127,4,132,136,263
04/17/2021,MOB,AL,ASO,CE,Combined TRACON& Tower with Radar,8,24,3,5,40,0,0,0,0,0,8,24,3,5,40,0,0,0,40
04/18/2021,MOB,AL,ASO,CE,Combined TRACON& Tower with Radar,8,24,17,35,84,0,1,15,20,36,8,25,32,55,120,2,20,22,142
04/19/2021,MOB,AL,ASO,CE,Combined TRACON& Tower with Radar,8,23,14,182,227,0,0,26,50,76,8,23,40,232,303,4,206,210,513
04/20/2021,MOB,AL,ASO,CE,Combined TRACON& Tower with Radar,16,27,22,118,183,0,3,9,54,66,16,30,31,172,249,16,136,152,401
04/21/2021,MOB,AL,ASO,CE,Combined TRACON& Tower with Radar,8,20,10,183,221,0,1,24,59,84,8,21,34,242,305,42,172,214,519
04/22/2021,MOB,AL,ASO,CE,Combined TRACON& Tower with Radar,8,23,15,88,134,0,1,19,47,67,8,24,34,135,201,0,120,120,321
04/23/2021,MOB,AL,ASO,CE,Combined TRACON& Tower with Radar,8,26,8,115,157,0,3,18,45,66,8,29,26,160,223,26,222,248,471
04/24/2021,MOB,AL,ASO,CE,Combined TRACON& Tower with Radar,6,25,2,2,35,0,0,0,2,2,6,25,2,4,37,0,0,0,37
04/25/2021,MOB,AL,ASO,CE,Combined TRACON& Tower with Radar,8,25,23,10,66,0,0,11,10,21,8,25,34,20,87,52,38,90,177
04/26/2021,MOB,AL,ASO,CE,Combined TRACON& Tower with Radar,8,25,13,145,191,0,1,8,42,51,8,26,21,187,242,30,138,168,410
04/27/2021,MOB,AL,ASO,CE,Combined TRACON& Tower with Radar,8,28,13,140,189,0,3,18,43,64,8,31,31,183,253,66,220,286,539
04/28/2021,MOB,AL,ASO,CE,Combined TRACON& Tower with Radar,8,22,13,104,147,0,0,8,50,58,8,22,21,154,205,46,96,142,347
04/29/2021,MOB,AL,ASO,CE,Combined TRACON& Tower with Radar,10,26,22,145,203,0,0,14,51,65,10,26,36,196,268,36,106,142,410
04/30/2021,MOB,AL,ASO,CE,Combined TRACON& Tower with Radar,8,19,13,89,129,0,0,6,11,17,8,19,19,100,146,24,96,120,266
05/01/2021,MOB,AL,ASO,CE,Combined TRACON& Tower with Radar,6,21,9,7,43,0,0,17,9,26,6,21,26,16,69,86,0,86,155
05/02/2021,MOB,AL,ASO,CE,Combined TRACON& Tower with Radar,8,21,14,0,43,0,0,2,3,5,8,21,16,3,48,0,0,0,48
05/03/2021,MOB,AL,ASO,CE,Combined TRACON& Tower with Radar,7,21,14,81,123,0,0,3,9,12,7,21,17,90,135,46,120,166,301
05/04/2021,MOB,AL,ASO,CE,Combined TRACON& Tower with Radar,10,19,5,127,161,0,0,0,23,23,10,19,5,150,184,0,150,150,334
05/05/2021,MOB,AL,ASO,CE,Combined TRACON& Tower with Radar,8,20,14,95,137,0,1,2,4,7,8,21,16,99,144,14,108,122,266
05/06/2021,MOB,AL,ASO,CE,Combined TRACON& Tower with Radar,8,23,16,97,144,0,0,20,40,60,8,23,36,137,204,98,70,168,372
05/07/2021,MOB,AL,ASO,CE,Combined TRACON& Tower with Radar,12,25,6,82,125,0,1,31,45,77,12,26,37,127,202,38,90,128,330
05/08/2021,MOB,AL,ASO,CE,Combined TRACON& Tower with Radar,8,23,6,30,67,0,1,23,23,47,8,24,29,53,114,34,94,128,242
05/09/2021,MOB,AL,ASO,CE,Combined TRACON& Tower with Radar,10,24,18,15,67,0,0,6,5,11,10,24,24,20,78,2,2,4,82
05/10/2021,MOB,AL,ASO,CE,Combined TRACON& Tower with Radar,10,22,12,69,113,0,0,0,14,14,10,22,12,83,127,14,126,140,267
05/11/2021,MOB,AL,ASO,CE,Combined TRACON& Tower with Radar,10,18,8,90,126,0,0,2,28,30,10,18,10,118,156,36,96,132,288
05/12/2021,MOB,AL,ASO,CE,Combined TRACON& Tower with Radar,10,27,13,175,225,0,0,0,32,32,10,27,13,207,257,0,130,130,387
05/13/2021,MOB,AL,ASO,CE,Combined TRACON& Tower with Radar,11,23,16,155,205,0,1,12,49,62,11,24,28,204,267,24,126,150,417
05/14/2021,MOB,AL,ASO,CE,Combined TRACON& Tower with Radar,13,27,20,135,195,0,5,24,40,69,13,32,44,175,264,12,126,138,402
05/15/2021,MOB,AL,ASO,CE,Combined TRACON& Tower with Radar,8,23,8,30,69,0,1,22,39,62,8,24,30,69,131,42,60,102,233
05/16/2021,MOB,AL,ASO,CE,Combined TRACON& Tower with Radar,10,24,18,41,93,0,0,10,28,38,10,24,28,69,131,40,16,56,187
05/17/2021,MOB,AL,ASO,CE,Combined TRACON& Tower with Radar,12,27,5,148,192,0,3,8,44,55,12,30,13,192,247,0,110,110,357
05/18/2021,MOB,AL,ASO,CE,Combined TRACON& Tower with Radar,11,22,5,34,72,0,0,8,24,32,11,22,13,58,104,12,144,156,260
05/19/2021,MOB,AL,ASO,CE,Combined TRACON& Tower with Radar,10,23,12,24,69,0,0,7,19,26,10,23,19,43,95,28,96,124,219
05/20/2021,MOB,AL,ASO,CE,Combined TRACON& Tower with Radar,14,28,3,143,188,0,1,5,56,62,14,29,8,199,250,10,122,132,382
05/21/2021,MOB,AL,ASO,CE,Combined TRACON& Tower with Radar,10,37,9,209,265,0,1,13,59,73,10,38,22,268,338,12,104,116,454
05/22/2021,MOB,AL,ASO,CE,Combined TRACON& Tower with Radar,8,24,3,10,45,0,0,11,16,27,8,24,14,26,72,28,42,70,142
05/23/2021,MOB,AL,ASO,CE,Combined TRACON& Tower with Radar,10,24,10,77,121,0,2,28,29,59,10,26,38,106,180,26,10,36,216
05/24/2021,MOB,AL,ASO,CE,Combined TRACON& Tower with Radar,12,21,21,137,191,0,0,22,41,63,12,21,43,178,254,52,102,154,408
05/25/2021,MOB,AL,ASO,CE,Combined TRACON& Tower with Radar,10,29,9,171,219,0,5,12,40,57,10,34,21,211,276,30,122,152,428
05/26/2021,MOB,AL,ASO,CE,Combined TRACON& Tower with Radar,10,25,7,138,180,0,0,17,31,48,10,25,24,169,228,32,84,116,344
05/27/2021,MOB,AL,ASO,CE,Combined TRACON& Tower with Radar,10,29,11,160,210,0,4,17,67,88,10,33,28,227,298,10,146,156,454
05/28/2021,MOB,AL,ASO,CE,Combined TRACON& Tower with Radar,10,24,9,34,77,0,2,18,15,35,10,26,27,49,112,14,24,38,150
05/29/2021,MOB,AL,ASO,CE,Combined TRACON& Tower with Radar,8,23,12,0,43,0,0,16,4,20,8,23,28,4,63,28,6,34,97
05/30/2021,MOB,AL,ASO,CE,Combined TRACON& Tower with Radar,12,23,7,1,43,0,0,11,4,15,12,23,18,5,58,26,0,26,84
05/31/2021,MOB,AL,ASO,CE,Combined TRACON& Tower with Radar,10,21,20,9,60,0,3,6,2,11,10,24,26,11,71,2,110,112,183
06/01/2021,MOB,AL,ASO,CE,Combined TRACON& Tower with Radar,10,21,13,69,113,0,0,11,34,45,10,21,24,103,158,28,98,126,284
06/02/2021,MOB,AL,ASO,CE,Combined TRACON& Tower with Radar,17,26,10,95,148,0,2,9,55,66,17,28,19,150,214,54,140,194,408
06/03/2021,MOB,AL,ASO,CE,Combined TRACON& Tower with Radar,18,15,15,73,121,0,0,7,42,49,18,15,22,115,170,0,144,144,314
06/04/2021,MOB,AL,ASO,CE,Combined TRACON& Tower with Radar,20,14,8,59,101,0,0,4,26,30,20,14,12,85,131,42,124,166,297
06/05/2021,MOB,AL,ASO,CE,Combined TRACON& Tower with Radar,18,12,13,19,62,0,0,2,6,8,18,12,15,25,70,0,24,24,94
06/06/2021,MOB,AL,ASO,CE,Combined TRACON& Tower with Radar,15,14,6,29,64,0,0,5,2,7,15,14,11,31,71,0,0,0,71
06/07/2021,MOB,AL,ASO,CE,Combined TRACON& Tower with Radar,20,19,16,232,287,0,0,10,43,53,20,19,26,275,340,0,166,166,506
06/08/2021,MOB,AL,ASO,CE,Combined TRACON& Tower with Radar,18,29,12,111,170,0,0,2,21,23,18,29,14,132,193,18,148,166,359
06/09/2021,MOB,AL,ASO,CE,Combined TRACON& Tower with Radar,19,17,18,101,155,0,0,11,22,33,19,17,29,123,188,6,132,138,326
06/10/2021,MOB,AL,ASO,CE,Combined TRACON& Tower with Radar,22,15,19,105,161,0,0,16,59,75,22,15,35,164,236,24,30,54,290
06/11/2021,MOB,AL,ASO,CE,Combined TRACON& Tower with Radar,25,16,17,138,196,0,1,10,48,59,25,17,27,186,255,36,76,112,367
06/12/2021,MOB,AL,ASO,CE,Combined TRACON& Tower with Radar,20,13,9,24,66,0,2,18,14,34,20,15,27,38,100,52,132,184,284
06/13/2021,MOB,AL,ASO,CE,Combined TRACON& Tower with Radar,17,24,6,8,55,0,1,6,5,12,17,25,12,13,67,0,0,0,67
06/14/2021,MOB,AL,ASO,CE,Combined TRACON& Tower with Radar,17,16,15,116,164,0,0,8,65,73,17,16,23,181,237,0,112,112,349
06/15/2021,MOB,AL,ASO,CE,Combined TRACON& Tower with Radar,17,21,10,118,166,0,3,22,43,68,17,24,32,161,234,42,64,106,340
06/16/2021,MOB,AL,ASO,CE,Combined TRACON& Tower with Radar,22,21,19,155,217,0,2,14,39,55,22,23,33,194,272,24,116,140,412
06/17/2021,MOB,AL,ASO,CE,Combined TRACON& Tower with Radar,20,16,8,185,229,0,1,18,74,93,20,17,26,259,322,14,202,216,538
06/18/2021,MOB,AL,ASO,CE,Combined TRACON& Tower with Radar,18,14,6,20,58,0,0,3,5,8,18,14,9,25,66,0,30,30,96
06/19/2021,MOB,AL,ASO,CE,Combined TRACON& Tower with Radar,18,12,0,0,30,0,0,0,0,0,18,12,0,0,30,0,0,0,30
06/20/2021,MOB,AL,ASO,CE,Combined TRACON& Tower with Radar,18,16,2,8,44,0,0,5,2,7,18,16,7,10,51,0,0,0,51
06/21/2021,MOB,AL,ASO,CE,Combined TRACON& Tower with Radar,16,19,8,14,57,0,0,6,2,8,16,19,14,16,65,0,0,0,65
06/22/2021,MOB,AL,ASO,CE,Combined TRACON& Tower with Radar,18,17,4,110,149,0,1,0,20,21,18,18,4,130,170,0,60,60,230
06/23/2021,MOB,AL,ASO,CE,Combined TRACON& Tower with Radar,19,19,10,57,105,0,0,7,41,48,19,19,17,98,153,22,6,28,181
06/24/2021,MOB,AL,ASO,CE,Combined TRACON& Tower with Radar,18,18,17,89,142,0,0,15,46,61,18,18,32,135,203,6,18,24,227
06/25/2021,MOB,AL,ASO,CE,Combined TRACON& Tower with Radar,20,19,8,71,118,0,2,4,29,35,20,21,12,100,153,52,24,76,229
06/26/2021,MOB,AL,ASO,CE,Combined TRACON& Tower with Radar,18,12,0,34,64,0,0,14,21,35,18,12,14,55,99,36,58,94,193
06/27/2021,MOB,AL,ASO,CE,Combined TRACON& Tower with Radar,19,17,6,57,99,0,1,5,0,6,19,18,11,57,105,38,46,84,189
06/28/2021,MOB,AL,ASO,CE,Combined TRACON& Tower with Radar,21,15,6,114,156,0,0,10,51,61,21,15,16,165,217,28,84,112,329
06/29/2021,MOB,AL,ASO,CE,Combined TRACON& Tower with Radar,20,22,6,175,223,0,0,13,49,62,20,22,19,224,285,10,24,34,319
06/30/2021,MOB,AL,ASO,CE,Combined TRACON& Tower with Radar,18,16,12,112,158,0,3,3,40,46,18,19,15,152,204,6,90,96,300
07/01/2021,MOB,AL,ASO,CE,Combined TRACON& Tower with Radar,18,16,12,112,158,0,0,4,47,51,18,16,16,159,209,0,0,0,209
07/02/2021,MOB,AL,ASO,CE,Combined TRACON& Tower with Radar,14,16,6,1,37,0,0,7,3,10,14,16,13,4,47,16,0,16,63
07/03/2021,MOB,AL,ASO,CE,Combined TRACON& Tower with Radar,18,13,5,3,39,0,0,1,1,2,18,13,6,4,41,0,0,0,41
07/04/2021,MOB,AL,ASO,CE,Combined TRACON& Tower with Radar,16,9,2,2,29,0,0,3,0,3,16,9,5,2,32,44,0,44,76
07/05/2021,MOB,AL,ASO,CE,Combined TRACON& Tower with Radar,18,14,3,4,39,0,0,3,0,3,18,14,6,4,42,0,0,0,42
07/06/2021,MOB,AL,ASO,CE,Combined TRACON& Tower with Radar,18,21,5,69,113,0,0,1,14,15,18,21,6,83,128,34,108,142,270
07/07/2021,MOB,AL,ASO,CE,Combined TRACON& Tower with Radar,19,12,7,142,180,0,0,4,26,30,19,12,11,168,210,20,26,46,256
07/08/2021,MOB,AL,ASO,CE,Combined TRACON& Tower with Radar,16,22,12,116,166,0,5,16,59,80,16,27,28,175,246,46,182,228,474
07/09/2021,MOB,AL,ASO,CE,Combined TRACON& Tower with Radar,16,16,10,106,148,0,0,4,37,41,16,16,14,143,189,20,110,130,319
07/10/2021,MOB,AL,ASO,CE,Combined TRACON& Tower with Radar,16,14,5,23,58,0,0,5,21,26,16,14,10,44,84,32,10,42,126
07/11/2021,MOB,AL,ASO,CE,Combined TRACON& Tower with Radar,15,19,3,5,42,0,0,5,4,9,15,19,8,9,51,0,0,0,51
07/12/2021,MOB,AL,ASO,CE,Combined TRACON& Tower with Radar,16,19,8,46,89,0,0,9,20,29,16,19,17,66,118,0,164,164,282
07/13/2021,MOB,AL,ASO,CE,Combined TRACON& Tower with Radar,19,28,21,133,201,0,10,13,65,88,19,38,34,198,289,0,124,124,413
07/14/2021,MOB,AL,ASO,CE,Combined TRACON& Tower with Radar,20,23,8,185,236,0,5,26,64,95,20,28,34,249,331,18,92,110,441
07/15/2021,MOB,AL,ASO,CE,Combined TRACON& Tower with Radar,18,19,13,138,188,0,2,8,87,97,18,21,21,225,285,14,0,14,299
07/16/2021,MOB,AL,ASO,CE,Combined TRACON& Tower with Radar,18,19,11,53,101,0,0,8,31,39,18,19,19,84,140,20,110,130,270
07/17/2021,MOB,AL,ASO,CE,Combined TRACON& Tower with Radar,18,13,3,12,46,0,1,3,2,6,18,14,6,14,52,20,26,46,98
07/18/2021,MOB,AL,ASO,CE,Combined TRACON& Tower with Radar,19,17,16,37,89,0,0,3,17,20,19,17,19,54,109,0,14,14,123
07/19/2021,MOB,AL,ASO,CE,Combined TRACON& Tower with Radar,13,26,9,28,76,0,0,2,24,26,13,26,11,52,102,24,106,130,232
07/20/2021,MOB,AL,ASO,CE,Combined TRACON& Tower with Radar,11,25,15,80,131,0,0,3,46,49,11,25,18,126,180,0,165,165,345
07/21/2021,MOB,AL,ASO,CE,Combined TRACON& Tower with Radar,20,18,15,171,224,0,3,11,74,88,20,21,26,245,312,42,114,156,468
07/22/2021,MOB,AL,ASO,CE,Combined TRACON& Tower with Radar,18,23,10,196,247,0,4,29,56,89,18,27,39,252,336,6,88,94,430
07/23/2021,MOB,AL,ASO,CE,Combined TRACON& Tower with Radar,17,18,8,71,114,0,1,8,28,37,17,19,16,99,151,20,122,142,293
07/24/2021,MOB,AL,ASO,CE,Combined TRACON& Tower with Radar,19,15,11,10,55,0,2,15,6,23,19,17,26,16,78,70,98,168,246
07/25/2021,MOB,AL,ASO,CE,Combined TRACON& Tower with Radar,18,17,10,9,54,0,0,2,9,11,18,17,12,18,65,32,60,92,157
07/26/2021,MOB,AL,ASO,CE,Combined TRACON& Tower with Radar,19,26,3,165,213,0,1,15,42,58,19,27,18,207,271,10,108,118,389
07/27/2021,MOB,AL,ASO,CE,Combined TRACON& Tower with Radar,19,16,15,86,136,0,1,14,50,65,19,17,29,136,201,32,140,172,373
07/28/2021,MOB,AL,ASO,CE,Combined TRACON& Tower with Radar,19,20,3,105,147,0,2,7,36,45,19,22,10,141,192,0,88,88,280
07/29/2021,MOB,AL,ASO,CE,Combined TRACON& Tower with Radar,20,21,11,109,161,0,2,12,49,63,20,23,23,158,224,24,130,154,378
07/30/2021,MOB,AL,ASO,CE,Combined TRACON& Tower with Radar,23,20,11,97,151,0,0,18,44,62,23,20,29,141,213,22,110,132,345
07/31/2021,MOB,AL,ASO,CE,Combined TRACON& Tower with Radar,18,14,7,11,50,0,0,25,21,46,18,14,32,32,96,22,40,62,158
08/01/2021,MOB,AL,ASO,CE,Combined TRACON& Tower with Radar,14,17,12,30,73,0,0,7,18,25,14,17,19,48,98,6,4,10,108
08/02/2021,MOB,AL,ASO,CE,Combined TRACON& Tower with Radar,18,12,10,61,101,0,0,4,26,30,18,12,14,87,131,20,120,140,271
08/03/2021,MOB,AL,ASO,CE,Combined TRACON& Tower with Radar,21,16,4,204,245,0,0,3,38,41,21,16,7,242,286,40,132,172,458
08/04/2021,MOB,AL,ASO,CE,Combined TRACON& Tower with Radar,29,13,17,46,105,0,0,28,47,75,29,13,45,93,180,22,112,134,314
08/05/2021,MOB,AL,ASO,CE,Combined TRACON& Tower with Radar,18,18,11,126,173,0,0,10,36,46,18,18,21,162,219,4,74,78,297
08/06/2021,MOB,AL,ASO,CE,Combined TRACON& Tower with Radar,18,18,19,50,105,0,3,8,14,25,18,21,27,64,130,0,18,18,148
08/07/2021,MOB,AL,ASO,CE,Combined TRACON& Tower with Radar,19,12,13,16,60,0,1,13,15,29,19,13,26,31,89,48,138,186,275
08/08/2021,MOB,AL,ASO,CE,Combined TRACON& Tower with Radar,19,12,6,5,42,0,0,18,7,25,19,12,24,12,67,30,14,44,111
08/09/2021,MOB,AL,ASO,CE,Combined TRACON& Tower with Radar,20,12,9,41,82,0,0,5,24,29,20,12,14,65,111,0,0,0,111
08/10/2021,MOB,AL,ASO,CE,Combined TRACON& Tower with Radar,19,16,14,66,115,0,0,16,19,35,19,16,30,85,150,20,64,84,234
08/11/2021,MOB,AL,ASO,CE,Combined TRACON& Tower with Radar,19,20,12,95,146,0,1,15,52,68,19,21,27,147,214,0,252,252,466
08/12/2021,MOB,AL,ASO,CE,Combined TRACON& Tower with Radar,21,14,9,89,133,0,3,6,48,57,21,17,15,137,190,0,78,78,268
08/13/2021,MOB,AL,ASO,CE,Combined TRACON& Tower with Radar,23,17,17,98,155,0,0,17,31,48,23,17,34,129,203,6,34,40,243
08/14/2021,MOB,AL,ASO,CE,Combined TRACON& Tower with Radar,17,13,7,2,39,0,0,9,0,9,17,13,16,2,48,0,0,0,48
08/15/2021,MOB,AL,ASO,CE,Combined TRACON& Tower with Radar,18,12,7,18,55,0,0,3,16,19,18,12,10,34,74,6,24,30,104
08/16/2021,MOB,AL,ASO,CE,Combined TRACON& Tower with Radar,18,17,5,9,49,0,0,2,19,21,18,17,7,28,70,16,50,66,136
08/17/2021,MOB,AL,ASO,CE,Combined TRACON& Tower with Radar,20,11,6,96,133,0,1,13,50,64,20,12,19,146,197,0,24,24,221
08/18/2021,MOB,AL,ASO,CE,Combined TRACON& Tower with Radar,17,13,6,97,133,0,0,14,56,70,17,13,20,153,203,34,146,180,383
08/19/2021,MOB,AL,ASO,CE,Combined TRACON& Tower with Radar,16,12,18,89,135,0,0,12,64,76,16,12,30,153,211,26,68,94,305
08/20/2021,MOB,AL,ASO,CE,Combined TRACON& Tower with Radar,14,18,10,28,70,0,0,8,19,27,14,18,18,47,97,0,34,34,131
08/21/2021,MOB,AL,ASO,CE,Combined TRACON& Tower with Radar,17,13,9,19,58,0,1,22,21,44,17,14,31,40,102,22,68,90,192
08/22/2021,MOB,AL,ASO,CE,Combined TRACON& Tower with Radar,25,12,9,47,93,0,0,23,23,46,25,12,32,70,139,8,0,8,147
08/23/2021,MOB,AL,ASO,CE,Combined TRACON& Tower with Radar,20,12,13,103,148,0,0,7,55,62,20,12,20,158,210,20,138,158,368
08/24/2021,MOB,AL,ASO,CE,Combined TRACON& Tower with Radar,18,12,7,108,145,0,0,15,55,70,18,12,22,163,215,12,38,50,265
08/25/2021,MOB,AL,ASO,CE,Combined TRACON& Tower with Radar,19,15,13,97,144,0,0,15,48,63,19,15,28,145,207,56,100,156,363
08/26/2021,MOB,AL,ASO,CE,Combined TRACON& Tower with Radar,19,15,19,108,161,0,2,8,59,69,19,17,27,167,230,0,0,0,230
08/27/2021,MOB,AL,ASO,CE,Combined TRACON& Tower with Radar,18,14,32,39,103,0,0,12,36,48,18,14,44,75,151,0,0,0,151
08/28/2021,MOB,AL,ASO,CE,Combined TRACON& Tower with Radar,17,20,9,5,51,0,0,0,4,4,17,20,9,9,55,0,0,0,55
08/29/2021,MOB,AL,ASO,CE,Combined TRACON& Tower with Radar,3,0,0,1,4,0,0,0,0,0,3,0,0,1,4,0,0,0,4
08/30/2021,MOB,AL,ASO,CE,Combined TRACON& Tower with Radar,9,4,5,8,26,0,0,0,14,14,9,4,5,22,40,0,0,0,40
08/31/2021,MOB,AL,ASO,CE,Combined TRACON& Tower with Radar,19,19,10,143,191,0,2,8,30,40,19,21,18,173,231,0,0,0,231
09/01/2021,MOB,AL,ASO,CE,Combined TRACON& Tower with Radar,19,22,12,113,166,0,6,13,75,94,19,28,25,188,260,2,56,58,318
09/02/2021,MOB,AL,ASO,CE,Combined TRACON& Tower with Radar,19,16,13,91,139,0,1,20,55,76,19,17,33,146,215,6,116,122,337
09/03/2021,MOB,AL,ASO,CE,Combined TRACON& Tower with Radar,22,14,24,6,66,0,0,22,12,34,22,14,46,18,100,26,6,32,132
09/04/2021,MOB,AL,ASO,CE,Combined TRACON& Tower with Radar,18,11,10,2,41,0,0,25,3,28,18,11,35,5,69,38,0,38,107
09/05/2021,MOB,AL,ASO,CE,Combined TRACON& Tower with Radar,18,10,5,2,35,0,0,6,3,9,18,10,11,5,44,18,16,34,78
09/06/2021,MOB,AL,ASO,CE,Combined TRACON& Tower with Radar,16,15,13,2,46,0,2,2,4,8,16,17,15,6,54,0,0,0,54
09/07/2021,MOB,AL,ASO,CE,Combined TRACON& Tower with Radar,15,13,8,185,221,0,0,11,87,98,15,13,19,272,319,28,124,152,471
09/08/2021,MOB,AL,ASO,CE,Combined TRACON& Tower with Radar,16,21,20,114,171,0,0,2,47,49,16,21,22,161,220,0,36,36,256
09/09/2021,MOB,AL,ASO,CE,Combined TRACON& Tower with Radar,15,23,24,172,234,0,0,9,56,65,15,23,33,228,299,2,70,72,371
09/10/2021,MOB,AL,ASO,CE,Combined TRACON& Tower with Radar,13,19,6,205,243,0,2,20,56,78,13,21,26,261,321,52,144,196,517
09/11/2021,MOB,AL,ASO,CE,Combined TRACON& Tower with Radar,14,13,9,46,82,0,1,32,34,67,14,14,41,80,149,8,22,30,179
09/12/2021,MOB,AL,ASO,CE,Combined TRACON& Tower with Radar,14,19,16,28,77,0,0,16,22,38,14,19,32,50,115,8,10,18,133
09/13/2021,MOB,AL,ASO,CE,Combined TRACON& Tower with Radar,12,22,7,101,142,0,2,9,63,74,12,24,16,164,216,0,52,52,268
09/14/2021,MOB,AL,ASO,CE,Combined TRACON& Tower with Radar,14,11,10,98,133,0,0,1,35,36,14,11,11,133,169,0,50,50,219
09/15/2021,MOB,AL,ASO,CE,Combined TRACON& Tower with Radar,16,15,7,1,39,0,0,0,0,0,16,15,7,1,39,0,0,0,39
09/16/2021,MOB,AL,ASO,CE,Combined TRACON& Tower with Radar,14,24,12,81,131,0,1,2,25,28,14,25,14,106,159,0,134,134,293
09/17/2021,MOB,AL,ASO,CE,Combined TRACON& Tower with Radar,13,20,11,37,81,0,0,0,20,20,13,20,11,57,101,0,52,52,153
09/18/2021,MOB,AL,ASO,CE,Combined TRACON& Tower with Radar,12,11,6,44,73,0,0,0,26,26,12,11,6,70,99,0,56,56,155
09/19/2021,MOB,AL,ASO,CE,Combined TRACON& Tower with Radar,15,16,14,10,55,0,0,5,4,9,15,16,19,14,64,0,0,0,64
09/20/2021,MOB,AL,ASO,CE,Combined TRACON& Tower with Radar,16,22,10,58,106,0,1,7,34,42,16,23,17,92,148,0,80,80,228
09/21/2021,MOB,AL,ASO,CE,Combined TRACON& Tower with Radar,14,16,14,50,94,0,0,4,33,37,14,16,18,83,131,4,122,126,257
09/22/2021,MOB,AL,ASO,CE,Combined TRACON& Tower with Radar,16,12,22,112,162,0,0,18,42,60,16,12,40,154,222,0,144,144,366
09/23/2021,MOB,AL,ASO,CE,Combined TRACON& Tower with Radar,12,25,16,73,126,0,2,29,43,74,12,27,45,116,200,0,40,40,240
09/24/2021,MOB,AL,ASO,CE,Combined TRACON& Tower with Radar,17,22,15,109,163,0,1,19,63,83,17,23,34,172,246,0,94,94,340
09/25/2021,MOB,AL,ASO,CE,Combined TRACON& Tower with Radar,12,13,9,1,35,0,2,19,5,26,12,15,28,6,61,12,0,12,73
09/26/2021,MOB,AL,ASO,CE,Combined TRACON& Tower with Radar,13,24,10,1,48,0,0,18,1,19,13,24,28,2,67,8,0,8,75
09/27/2021,MOB,AL,ASO,CE,Combined TRACON& Tower with Radar,12,20,14,151,197,0,1,21,59,81,12,21,35,210,278,0,68,68,346
09/28/2021,MOB,AL,ASO,CE,Combined TRACON& Tower with Radar,14,12,12,14,52,0,0,6,31,37,14,12,18,45,89,4,124,128,217
09/29/2021,MOB,AL,ASO,CE,Combined TRACON& Tower with Radar,16,17,6,39,78,0,0,9,18,27,16,17,15,57,105,0,10,10,115
09/30/2021,MOB,AL,ASO,CE,Combined TRACON& Tower with Radar,15,22,12,107,156,0,0,1,55,56,15,22,13,162,212,0,76,76,288
10/01/2021,MOB,AL,ASO,CE,Combined TRACON& Tower with Radar,12,24,9,119,164,0,5,24,31,60,12,29,33,150,224,2,74,76,300
10/02/2021,MOB,AL,ASO,CE,Combined TRACON& Tower with Radar,14,14,17,29,74,0,0,12,9,21,14,14,29,38,95,0,0,0,95
10/03/2021,MOB,AL,ASO,CE,Combined TRACON& Tower with Radar,12,21,10,60,103,0,0,0,3,3,12,21,10,63,106,0,22,22,128
10/04/2021,MOB,AL,ASO,CE,Combined TRACON& Tower with Radar,12,19,8,80,119,0,0,4,15,19,12,19,12,95,138,8,36,44,182
10/05/2021,MOB,AL,ASO,CE,Combined TRACON& Tower with Radar,14,14,9,81,118,0,0,1,18,19,14,14,10,99,137,0,48,48,185
10/06/2021,MOB,AL,ASO,CE,Combined TRACON& Tower with Radar,18,16,7,167,208,0,0,8,31,39,18,16,15,198,247,0,44,44,291
10/07/2021,MOB,AL,ASO,CE,Combined TRACON& Tower with Radar,12,23,12,179,226,0,0,12,24,36,12,23,24,203,262,14,50,64,326
10/08/2021,MOB,AL,ASO,CE,Combined TRACON& Tower with Radar,12,25,20,152,209,0,0,21,35,56,12,25,41,187,265,0,22,22,287
10/09/2021,MOB,AL,ASO,CE,Combined TRACON& Tower with Radar,13,21,8,5,47,0,1,29,6,36,13,22,37,11,83,60,0,60,143
10/10/2021,MOB,AL,ASO,CE,Combined TRACON& Tower with Radar,9,21,10,2,42,0,0,24,2,26,9,21,34,4,68,12,0,12,80
10/11/2021,MOB,AL,ASO,CE,Combined TRACON& Tower with Radar,4,28,14,2,48,0,0,16,2,18,4,28,30,4,66,10,2,12,78
10/12/2021,MOB,AL,ASO,CE,Combined TRACON& Tower with Radar,6,25,18,186,235,0,1,27,47,75,6,26,45,233,310,6,62,68,378
10/13/2021,MOB,AL,ASO,CE,Combined TRACON& Tower with Radar,8,22,17,162,209,0,0,19,44,63,8,22,36,206,272,0,62,62,334
10/14/2021,MOB,AL,ASO,CE,Combined TRACON& Tower with Radar,8,33,25,183,249,0,0,13,65,78,8,33,38,248,327,0,20,20,347
10/15/2021,MOB,AL,ASO,CE,Combined TRACON& Tower with Radar,10,27,22,132,191,0,0,8,40,48,10,27,30,172,239,34,62,96,335
10/16/2021,MOB,AL,ASO,CE,Combined TRACON& Tower with Radar,7,21,8,39,75,0,2,4,34,40,7,23,12,73,115,0,82,82,197
10/17/2021,MOB,AL,ASO,CE,Combined TRACON& Tower with Radar,10,23,14,24,71,0,2,11,10,23,10,25,25,34,94,2,0,2,96
10/18/2021,MOB,AL,ASO,CE,Combined TRACON& Tower with Radar,6,31,13,170,220,0,0,3,48,51,6,31,16,218,271,0,48,48,319
10/19/2021,MOB,AL,ASO,CE,Combined TRACON& Tower with Radar,5,23,12,146,186,0,0,18,43,61,5,23,30,189,247,0,40,40,287
10/20/2021,MOB,AL,ASO,CE,Combined TRACON& Tower with Radar,9,29,9,105,152,0,0,14,26,40,9,29,23,131,192,0,0,0,192
10/21/2021,MOB,AL,ASO,CE,Combined TRACON& Tower with Radar,7,31,10,76,124,0,0,1,19,20,7,31,11,95,144,0,0,0,144
10/22/2021,MOB,AL,ASO,CE,Combined TRACON& Tower with Radar,7,25,12,142,186,0,0,8,48,56,7,25,20,190,242,0,80,80,322
10/23/2021,MOB,AL,ASO,CE,Combined TRACON& Tower with Radar,7,24,15,30,76,0,0,26,13,39,7,24,41,43,115,4,0,4,119
10/24/2021,MOB,AL,ASO,CE,Combined TRACON& Tower with Radar,8,21,13,30,72,0,0,17,10,27,8,21,30,40,99,0,0,0,99
10/25/2021,MOB,AL,ASO,CE,Combined TRACON& Tower with Radar,6,23,18,137,184,0,1,8,43,52,6,24,26,180,236,4,84,88,324
10/26/2021,MOB,AL,ASO,CE,Combined TRACON& Tower with Radar,5,21,22,109,157,0,0,19,47,66,5,21,41,156,223,18,102,120,343
10/27/2021,MOB,AL,ASO,CE,Combined TRACON& Tower with Radar,8,22,14,114,158,0,0,14,28,42,8,22,28,142,200,20,52,72,272
10/28/2021,MOB,AL,ASO,CE,Combined TRACON& Tower with Radar,9,28,16,141,194,0,0,5,48,53,9,28,21,189,247,0,0,0,247
10/29/2021,MOB,AL,ASO,CE,Combined TRACON& Tower with Radar,12,23,15,124,174,0,0,8,17,25,12,23,23,141,199,0,40,40,239
10/30/2021,MOB,AL,ASO,CE,Combined TRACON& Tower with Radar,7,23,16,56,102,0,0,12,11,23,7,23,28,67,125,20,0,20,145
10/31/2021,MOB,AL,ASO,CE,Combined TRACON& Tower with Radar,10,22,14,22,68,0,0,12,12,24,10,22,26,34,92,0,0,0,92
11/01/2021,MOB,AL,ASO,CE,Combined TRACON& Tower with Radar,5,25,17,107,154,0,0,23,56,79,5,25,40,163,233,0,96,96,329
11/02/2021,MOB,AL,ASO,CE,Combined TRACON& Tower with Radar,5,27,14,134,180,0,0,17,83,100,5,27,31,217,280,4,24,28,308
11/03/2021,MOB,AL,ASO,CE,Combined TRACON& Tower with Radar,5,30,11,136,182,0,1,16,54,71,5,31,27,190,253,40,94,134,387
11/04/2021,MOB,AL,ASO,CE,Combined TRACON& Tower with Radar,3,31,10,161,205,0,3,5,22,30,3,34,15,183,235,4,28,32,267
11/05/2021,MOB,AL,ASO,CE,Combined TRACON& Tower with Radar,4,29,13,168,214,0,0,9,38,47,4,29,22,206,261,0,98,98,359
11/06/2021,MOB,AL,ASO,CE,Combined TRACON& Tower with Radar,3,28,23,26,80,0,0,21,8,29,3,28,44,34,109,12,58,70,179
11/07/2021,MOB,AL,ASO,CE,Combined TRACON& Tower with Radar,12,21,18,37,88,0,0,18,18,36,12,21,36,55,124,8,40,48,172
11/08/2021,MOB,AL,ASO,CE,Combined TRACON& Tower with Radar,8,22,16,140,186,0,0,11,46,57,8,22,27,186,243,0,0,0,243
11/09/2021,MOB,AL,ASO,CE,Combined TRACON& Tower with Radar,10,20,10,126,166,0,1,9,61,71,10,21,19,187,237,0,94,94,331
11/10/2021,MOB,AL,ASO,CE,Combined TRACON& Tower with Radar,10,21,12,131,174,0,1,16,61,78,10,22,28,192,252,0,90,90,342
11/11/2021,MOB,AL,ASO,CE,Combined TRACON& Tower with Radar,11,22,17,0,50,0,0,5,4,9,11,22,22,4,59,0,0,0,59
11/12/2021,MOB,AL,ASO,CE,Combined TRACON& Tower with Radar,10,30,20,24,84,0,3,24,3,30,10,33,44,27,114,0,0,0,114
11/13/2021,MOB,AL,ASO,CE,Combined TRACON& Tower with Radar,8,25,2,33,68,0,0,16,5,21,8,25,18,38,89,8,72,80,169
11/14/2021,MOB,AL,ASO,CE,Combined TRACON& Tower with Radar,11,19,14,10,54,0,0,12,0,12,11,19,26,10,66,8,4,12,78
11/15/2021,MOB,AL,ASO,CE,Combined TRACON& Tower with Radar,8,27,13,155,203,0,2,11,58,71,8,29,24,213,274,0,126,126,400
11/16/2021,MOB,AL,ASO,CE,Combined TRACON& Tower with Radar,9,21,10,129,169,0,0,19,53,72,9,21,29,182,241,0,16,16,257
11/17/2021,MOB,AL,ASO,CE,Combined TRACON& Tower with Radar,11,26,15,159,211,0,0,17,53,70,11,26,32,212,281,4,46,50,331
11/18/2021,MOB,AL,ASO,CE,Combined TRACON& Tower with Radar,11,23,20,145,199,0,0,10,52,62,11,23,30,197,261,0,76,76,337
11/19/2021,MOB,AL,ASO,CE,Combined TRACON& Tower with Radar,11,23,18,92,144,0,1,7,57,65,11,24,25,149,209,0,92,92,301
11/20/2021,MOB,AL,ASO,CE,Combined TRACON& Tower with Radar,10,22,16,18,66,0,0,25,9,34,10,22,41,27,100,24,0,24,124
11/21/2021,MOB,AL,ASO,CE,Combined TRACON& Tower with Radar,8,23,10,35,76,0,0,10,19,29,8,23,20,54,105,10,66,76,181
11/22/2021,MOB,AL,ASO,CE,Combined TRACON& Tower with Radar,11,24,14,137,186,0,0,4,28,32,11,24,18,165,218,0,84,84,302
11/23/2021,MOB,AL,ASO,CE,Combined TRACON& Tower with Radar,14,23,9,134,180,0,0,15,38,53,14,23,24,172,233,0,56,56,289
11/24/2021,MOB,AL,ASO,CE,Combined TRACON& Tower with Radar,10,21,22,21,74,0,0,17,18,35,10,21,39,39,109,16,82,98,207
11/25/2021,MOB,AL,ASO,CE,Combined TRACON& Tower with Radar,6,14,3,1,24,0,0,2,2,4,6,14,5,3,28,0,0,0,28
11/26/2021,MOB,AL,ASO,CE,Combined TRACON& Tower with Radar,10,23,13,3,49,0,1,8,1,10,10,24,21,4,59,0,0,0,59
11/27/2021,MOB,AL,ASO,CE,Combined TRACON& Tower with Radar,11,21,7,1,40,0,0,10,2,12,11,21,17,3,52,14,0,14,66
11/28/2021,MOB,AL,ASO,CE,Combined TRACON& Tower with Radar,10,23,11,2,46,0,0,2,0,2,10,23,13,2,48,0,0,0,48
11/29/2021,MOB,AL,ASO,CE,Combined TRACON& Tower with Radar,12,22,18,126,178,0,4,12,48,64,12,26,30,174,242,0,0,0,242
11/30/2021,MOB,AL,ASO,CE,Combined TRACON& Tower with Radar,10,23,15,145,193,0,1,14,34,49,10,24,29,179,242,0,14,14,256
12/01/2021,MOB,AL,ASO,CE,Combined TRACON& Tower with Radar,10,21,18,131,180,0,1,12,51,64,10,22,30,182,244,0,34,34,278
12/02/2021,MOB,AL,ASO,CE,Combined TRACON& Tower with Radar,10,26,13,155,204,0,0,10,46,56,10,26,23,201,260,0,14,14,274
12/03/2021,MOB,AL,ASO,CE,Combined TRACON& Tower with Radar,10,29,15,101,155,0,0,12,40,52,10,29,27,141,207,32,58,90,297
12/04/2021,MOB,AL,ASO,CE,Combined TRACON& Tower with Radar,15,18,11,60,104,0,0,6,27,33,15,18,17,87,137,58,30,88,225
12/05/2021,MOB,AL,ASO,CE,Combined TRACON& Tower with Radar,10,18,14,67,109,0,0,10,22,32,10,18,24,89,141,16,8,24,165
12/06/2021,MOB,AL,ASO,CE,Combined TRACON& Tower with Radar,11,18,21,57,107,0,0,1,11,12,11,18,22,68,119,0,50,50,169
12/07/2021,MOB,AL,ASO,CE,Combined TRACON& Tower with Radar,9,16,15,101,141,0,0,0,2,2,9,16,15,103,143,0,0,0,143
12/08/2021,MOB,AL,ASO,CE,Combined TRACON& Tower with Radar,10,20,8,111,149,0,0,3,24,27,10,20,11,135,176,0,0,0,176
12/09/2021,MOB,AL,ASO,CE,Combined TRACON& Tower with Radar,9,20,15,147,191,0,0,1,18,19,9,20,16,165,210,0,10,10,220
12/10/2021,MOB,AL,ASO,CE,Combined TRACON& Tower with Radar,9,22,11,126,168,0,0,3,13,16,9,22,14,139,184,0,0,0,184
12/11/2021,MOB,AL,ASO,CE,Combined TRACON& Tower with Radar,10,14,11,9,44,0,0,3,9,12,10,14,14,18,56,0,0,0,56
12/12/2021,MOB,AL,ASO,CE,Combined TRACON& Tower with Radar,11,18,22,51,102,0,0,20,27,47,11,18,42,78,149,0,0,0,149
12/13/2021,MOB,AL,ASO,CE,Combined TRACON& Tower with Radar,10,14,16,192,232,0,1,17,50,68,10,15,33,242,300,4,10,14,314
12/14/2021,MOB,AL,ASO,CE,Combined TRACON& Tower with Radar,10,19,15,163,207,0,1,12,41,54,10,20,27,204,261,22,102,124,385
12/15/2021,MOB,AL,ASO,CE,Combined TRACON& Tower with Radar,9,21,27,215,272,0,0,7,28,35,9,21,34,243,307,32,46,78,385
12/16/2021,MOB,AL,ASO,CE,Combined TRACON& Tower with Radar,8,17,31,127,183,0,2,13,10,25,8,19,44,137,208,0,0,0,208
12/17/2021,MOB,AL,ASO,CE,Combined TRACON& Tower with Radar,10,16,13,50,89,0,0,0,0,0,10,16,13,50,89,0,0,0,89
12/18/2021,MOB,AL,ASO,CE,Combined TRACON& Tower with Radar,8,20,9,0,37,0,0,0,2,2,8,20,9,2,39,0,0,0,39
12/19/2021,MOB,AL,ASO,CE,Combined TRACON& Tower with Radar,5,18,8,22,53,0,0,4,0,4,5,18,12,22,57,6,0,6,63
12/20/2021,MOB,AL,ASO,CE,Combined TRACON& Tower with Radar,6,23,14,105,148,0,0,6,9,15,6,23,20,114,163,0,24,24,187
12/21/2021,MOB,AL,ASO,CE,Combined TRACON& Tower with Radar,4,21,10,128,163,0,0,1,11,12,4,21,11,139,175,0,0,0,175
12/22/2021,MOB,AL,ASO,CE,Combined TRACON& Tower with Radar,4,18,12,61,95,0,0,27,25,52,4,18,39,86,147,4,4,8,155
12/23/2021,MOB,AL,ASO,CE,Combined TRACON& Tower with Radar,6,18,9,12,45,0,0,13,9,22,6,18,22,21,67,20,0,20,87
12/24/2021,MOB,AL,ASO,CE,Combined TRACON& Tower with Radar,6,12,9,0,27,0,0,16,0,16,6,12,25,0,43,0,0,0,43
12/25/2021,MOB,AL,ASO,CE,Combined TRACON& Tower with Radar,5,19,2,0,26,0,0,6,0,6,5,19,8,0,32,0,0,0,32
12/26/2021,MOB,AL,ASO,CE,Combined TRACON& Tower with Radar,5,21,15,1,42,0,0,8,1,9,5,21,23,2,51,0,0,0,51
12/27/2021,MOB,AL,ASO,CE,Combined TRACON& Tower with Radar,6,21,13,59,99,0,0,1,17,18,6,21,14,76,117,0,14,14,131
12/28/2021,MOB,AL,ASO,CE,Combined TRACON& Tower with Radar,6,19,12,63,100,0,0,2,12,14,6,19,14,75,114,0,36,36,150
12/29/2021,MOB,AL,ASO,CE,Combined TRACON& Tower with Radar,6,20,16,76,118,0,0,1,5,6,6,20,17,81,124,0,0,0,124
12/30/2021,MOB,AL,ASO,CE,Combined TRACON& Tower with Radar,7,20,8,74,109,0,0,1,11,12,7,20,9,85,121,0,0,0,121
12/31/2021,MOB,AL,ASO,CE,Combined TRACON& Tower with Radar,4,14,12,12,42,0,0,1,0,1,4,14,13,12,43,10,0,10,53
01/01/2022,MOB,AL,ASO,CE,Combined TRACON& Tower with Radar,4,17,9,4,34,0,0,0,0,0,4,17,9,4,34,0,0,0,34
01/02/2022,MOB,AL,ASO,CE,Combined TRACON& Tower with Radar,6,20,3,0,29,0,0,0,0,0,6,20,3,0,29,0,0,0,29
01/03/2022,MOB,AL,ASO,CE,Combined TRACON& Tower with Radar,4,18,10,4,36,0,0,9,14,23,4,18,19,18,59,0,0,0,59
01/04/2022,MOB,AL,ASO,CE,Combined TRACON& Tower with Radar,6,18,8,70,102,0,1,18,11,30,6,19,26,81,132,12,0,12,144
01/05/2022,MOB,AL,ASO,CE,Combined TRACON& Tower with Radar,6,22,21,83,132,0,0,13,30,43,6,22,34,113,175,53,64,117,292
01/06/2022,MOB,AL,ASO,CE,Combined TRACON& Tower with Radar,6,27,9,182,224,0,0,0,26,26,6,27,9,208,250,14,56,70,320
01/07/2022,MOB,AL,ASO,CE,Combined TRACON& Tower with Radar,6,23,19,116,164,0,0,16,46,62,6,23,35,162,226,16,40,56,282
01/08/2022,MOB,AL,ASO,CE,Combined TRACON& Tower with Radar,6,18,7,6,37,0,0,6,12,18,6,18,13,18,55,0,0,0,55
01/09/2022,MOB,AL,ASO,CE,Combined TRACON& Tower with Radar,6,24,6,4,40,0,0,0,0,0,6,24,6,4,40,0,0,0,40
01/10/2022,MOB,AL,ASO,CE,Combined TRACON& Tower with Radar,5,23,18,90,136,0,1,7,40,48,5,24,25,130,184,14,74,88,272
01/11/2022,MOB,AL,ASO,CE,Combined TRACON& Tower with Radar,5,16,14,151,186,0,1,14,24,39,5,17,28,175,225,8,98,106,331
01/12/2022,MOB,AL,ASO,CE,Combined TRACON& Tower with Radar,6,24,19,163,212,0,2,20,54,76,6,26,39,217,288,4,34,38,326
01/13/2022,MOB,AL,ASO,CE,Combined TRACON& Tower with Radar,6,26,10,67,109,0,2,21,40,63,6,28,31,107,172,18,22,40,212
01/14/2022,MOB,AL,ASO,CE,Combined TRACON& Tower with Radar,6,32,11,136,185,0,0,6,31,37,6,32,17,167,222,34,72,106,328
01/15/2022,MOB,AL,ASO,CE,Combined TRACON& Tower with Radar,6,16,6,4,32,0,0,0,1,1,6,16,6,5,33,32,0,32,65
01/16/2022,MOB,AL,ASO,CE,Combined TRACON& Tower with Radar,6,14,6,21,47,0,0,3,7,10,6,14,9,28,57,0,0,0,57
01/17/2022,MOB,AL,ASO,CE,Combined TRACON& Tower with Radar,6,22,14,1,43,0,0,20,1,21,6,22,34,2,64,8,0,8,72
01/18/2022,MOB,AL,ASO,CE,Combined TRACON& Tower with Radar,6,18,11,69,104,0,0,39,51,90,6,18,50,120,194,14,48,62,256
01/19/2022,MOB,AL,ASO,CE,Combined TRACON& Tower with Radar,6,25,24,143,198,0,0,12,25,37,6,25,36,168,235,16,18,34,269
01/20/2022,MOB,AL,ASO,CE,Combined TRACON& Tower with Radar,6,35,8,26,75,0,0,0,1,1,6,35,8,27,76,0,0,0,76
01/21/2022,MOB,AL,ASO,CE,Combined TRACON& Tower with Radar,6,23,9,43,81,0,0,3,8,11,6,23,12,51,92,0,124,124,216
01/22/2022,MOB,AL,ASO,CE,Combined TRACON& Tower with Radar,6,20,13,25,64,0,0,31,7,38,6,20,44,32,102,18,20,38,140
01/23/2022,MOB,AL,ASO,CE,Combined TRACON& Tower with Radar,6,24,11,46,87,0,1,24,21,46,6,25,35,67,133,0,0,0,133
01/24/2022,MOB,AL,ASO,CE,Combined TRACON& Tower with Radar,6,29,12,119,166,0,5,18,50,73,6,34,30,169,239,0,0,0,239
01/25/2022,MOB,AL,ASO,CE,Combined TRACON& Tower with Radar,6,19,8,30,63,0,0,0,6,6,6,19,8,36,69,0,0,0,69
01/26/2022,MOB,AL,ASO,CE,Combined TRACON& Tower with Radar,6,25,14,169,214,0,0,21,39,60,6,25,35,208,274,6,0,6,280
01/27/2022,MOB,AL,ASO,CE,Combined TRACON& Tower with Radar,6,26,17,141,190,0,1,26,51,78,6,27,43,192,268,0,0,0,268
01/28/2022,MOB,AL,ASO,CE,Combined TRACON& Tower with Radar,5,22,15,119,161,0,0,17,45,62,5,22,32,164,223,16,34,50,273
01/29/2022,MOB,AL,ASO,CE,Combined TRACON& Tower with Radar,9,14,7,11,41,0,0,15,3,18,9,14,22,14,59,0,0,0,59
01/30/2022,MOB,AL,ASO,CE,Combined TRACON& Tower with Radar,5,29,11,15,60,0,0,22,5,27,5,29,33,20,87,0,0,0,87
01/31/2022,MOB,AL,ASO,CE,Combined TRACON& Tower with Radar,7,31,12,98,148,0,1,11,41,53,7,32,23,139,201,42,108,150,351
02/01/2022,MOB,AL,ASO,CE,Combined TRACON& Tower with Radar,6,31,37,147,221,0,0,13,49,62,6,31,50,196,283,10,46,56,339
02/02/2022,MOB,AL,ASO,CE,Combined TRACON& Tower with Radar,6,28,16,77,127,0,0,0,4,4,6,28,16,81,131,0,24,24,155
02/03/2022,MOB,AL,ASO,CE,Combined TRACON& Tower with Radar,6,21,11,14,52,0,0,0,0,0,6,21,11,14,52,0,0,0,52
02/04/2022,MOB,AL,ASO,CE,Combined TRACON& Tower with Radar,8,18,13,7,46,0,0,0,3,3,8,18,13,10,49,0,0,0,49
02/05/2022,MOB,AL,ASO,CE,Combined TRACON& Tower with Radar,10,18,7,12,47,0,0,7,19,26,10,18,14,31,73,6,30,36,109
02/06/2022,MOB,AL,ASO,CE,Combined TRACON& Tower with Radar,8,22,11,31,72,0,0,21,14,35,8,22,32,45,107,12,24,36,143
02/07/2022,MOB,AL,ASO,CE,Combined TRACON& Tower with Radar,8,22,8,44,82,0,2,8,28,38,8,24,16,72,120,15,61,76,196
02/08/2022,MOB,AL,ASO,CE,Combined TRACON& Tower with Radar,7,20,4,162,193,0,0,15,58,73,7,20,19,220,266,16,50,66,332
02/09/2022,MOB,AL,ASO,CE,Combined TRACON& Tower with Radar,6,22,22,106,156,0,1,35,62,98,6,23,57,168,254,0,0,0,254
02/10/2022,MOB,AL,ASO,CE,Combined TRACON& Tower with Radar,7,24,14,121,166,0,3,21,46,70,7,27,35,167,236,10,67,77,313
02/11/2022,MOB,AL,ASO,CE,Combined TRACON& Tower with Radar,6,22,15,109,152,0,0,14,28,42,6,22,29,137,194,0,0,0,194
02/12/2022,MOB,AL,ASO,CE,Combined TRACON& Tower with Radar,4,18,11,43,76,0,0,11,9,20,4,18,22,52,96,12,0,12,108
02/13/2022,MOB,AL,ASO,CE,Combined TRACON& Tower with Radar,7,22,11,15,55,0,0,11,12,23,7,22,22,27,78,14,72,86,164
02/14/2022,MOB,AL,ASO,CE,Combined TRACON& Tower with Radar,7,25,8,118,158,0,0,6,36,42,7,25,14,154,200,0,0,0,200
02/15/2022,MOB,AL,ASO,CE,Combined TRACON& Tower with Radar,7,25,15,159,206,0,0,21,52,73,7,25,36,211,279,8,108,116,395
02/16/2022,MOB,AL,ASO,CE,Combined TRACON& Tower with Radar,7,25,9,147,188,0,0,12,28,40,7,25,21,175,228,0,72,72,300
02/17/2022,MOB,AL,ASO,CE,Combined TRACON& Tower with Radar,6,22,9,61,98,0,0,2,5,7,6,22,11,66,105,12,51,63,168
02/18/2022,MOB,AL,ASO,CE,Combined TRACON& Tower with Radar,5,24,12,129,170,0,1,6,22,29,5,25,18,151,199,0,52,52,251
02/19/2022,MOB,AL,ASO,CE,Combined TRACON& Tower with Radar,5,20,6,16,47,0,1,13,16,30,5,21,19,32,77,14,20,34,111
02/20/2022,MOB,AL,ASO,CE,Combined TRACON& Tower with Radar,7,22,12,6,47,0,0,16,8,24,7,22,28,14,71,0,0,0,71
02/21/2022,MOB,AL,ASO,CE,Combined TRACON& Tower with Radar,7,23,13,9,52,0,0,4,1,5,7,23,17,10,57,2,0,2,59
02/22/2022,MOB,AL,ASO,CE,Combined TRACON& Tower with Radar,9,18,14,140,181,0,2,0,31,33,9,20,14,171,214,13,48,61,275
02/23/2022,MOB,AL,ASO,CE,Combined TRACON& Tower with Radar,6,20,10,126,162,0,0,14,29,43,6,20,24,155,205,8,132,140,345
02/24/2022,MOB,AL,ASO,CE,Combined TRACON& Tower with Radar,7,23,17,136,183,0,0,6,29,35,7,23,23,165,218,0,156,156,374
02/25/2022,MOB,AL,ASO,CE,Combined TRACON& Tower with Radar,8,27,21,130,186,0,0,6,25,31,8,27,27,155,217,15,63,78,295
02/26/2022,MOB,AL,ASO,CE,Combined TRACON& Tower with Radar,5,19,23,29,76,0,0,10,2,12,5,19,33,31,88,26,0,26,114
02/27/2022,MOB,AL,ASO,CE,Combined TRACON& Tower with Radar,7,22,14,31,74,0,2,0,1,3,7,24,14,32,77,0,12,12,89
02/28/2022,MOB,AL,ASO,CE,Combined TRACON& Tower with Radar,8,26,6,104,144,0,2,9,49,60,8,28,15,153,204,0,0,0,204
03/01/2022,MOB,AL,ASO,CE,Combined TRACON& Tower with Radar,9,17,13,132,171,0,0,27,45,72,9,17,40,177,243,36,64,100,343
03/02/2022,MOB,AL,ASO,CE,Combined TRACON& Tower with Radar,7,26,11,141,185,0,0,15,66,81,7,26,26,207,266,0,24,24,290
03/03/2022,MOB,AL,ASO,CE,Combined TRACON& Tower with Radar,10,24,16,91,141,0,0,20,51,71,10,24,36,142,212,2,46,48,260
03/04/2022,MOB,AL,ASO,CE,Combined TRACON& Tower with Radar,12,22,8,69,111,0,0,18,43,61,12,22,26,112,172,8,49,57,229
03/05/2022,MOB,AL,ASO,CE,Combined TRACON& Tower with Radar,13,19,21,8,61,0,1,11,6,18,13,20,32,14,79,16,8,24,103
03/06/2022,MOB,AL,ASO,CE,Combined TRACON& Tower with Radar,13,21,14,51,99,0,0,2,3,5,13,21,16,54,104,23,0,23,127
03/07/2022,MOB,AL,ASO,CE,Combined TRACON& Tower with Radar,11,23,9,107,150,0,0,3,23,26,11,23,12,130,176,0,26,26,202
03/08/2022,MOB,AL,ASO,CE,Combined TRACON& Tower with Radar,10,20,9,113,152,0,0,2,10,12,10,20,11,123,164,7,74,81,245
03/09/2022,MOB,AL,ASO,CE,Combined TRACON& Tower with Radar,10,16,13,60,99,0,0,2,17,19,10,16,15,77,118,0,28,28,146
03/10/2022,MOB,AL,ASO,CE,Combined TRACON& Tower with Radar,10,20,24,165,219,0,3,6,54,63,10,23,30,219,282,4,52,56,338
03/11/2022,MOB,AL,ASO,CE,Combined TRACON& Tower with Radar,11,20,11,63,105,0,0,0,8,8,11,20,11,71,113,0,56,56,169
03/12/2022,MOB,AL,ASO,CE,Combined TRACON& Tower with Radar,11,16,11,11,49,0,0,0,1,1,11,16,11,12,50,0,0,0,50
03/13/2022,MOB,AL,ASO,CE,Combined TRACON& Tower with Radar,12,20,18,38,88,0,0,19,8,27,12,20,37,46,115,0,0,0,115
03/14/2022,MOB,AL,ASO,CE,Combined TRACON& Tower with Radar,10,23,19,130,182,0,0,11,52,63,10,23,30,182,245,10,188,198,443
03/15/2022,MOB,AL,ASO,CE,Combined TRACON& Tower with Radar,10,17,4,62,93,0,1,2,40,43,10,18,6,102,136,0,110,110,246
03/16/2022,MOB,AL,ASO,CE,Combined TRACON& Tower with Radar,12,18,13,100,143,0,0,12,36,48,12,18,25,136,191,28,76,104,295
03/17/2022,MOB,AL,ASO,CE,Combined TRACON& Tower with Radar,11,24,34,90,159,0,0,29,72,101,11,24,63,162,260,0,46,46,306
03/18/2022,MOB,AL,ASO,CE,Combined TRACON& Tower with Radar,12,18,6,38,74,0,0,0,13,13,12,18,6,51,87,0,16,16,103
03/19/2022,MOB,AL,ASO,CE,Combined TRACON& Tower with Radar,12,16,5,29,62,0,0,19,6,25,12,16,24,35,87,24,0,24,111
03/20/2022,MOB,AL,ASO,CE,Combined TRACON& Tower with Radar,12,22,12,5,51,0,0,20,3,23,12,22,32,8,74,8,2,10,84
03/21/2022,MOB,AL,ASO,CE,Combined TRACON& Tower with Radar,11,18,9,98,136,0,2,7,55,64,11,20,16,153,200,8,28,36,236
03/22/2022,MOB,AL,ASO,CE,Combined TRACON& Tower with Radar,8,17,2,47,74,0,0,1,10,11,8,17,3,57,85,0,62,62,147
03/23/2022,MOB,AL,ASO,CE,Combined TRACON& Tower with Radar,11,21,14,108,154,0,0,3,58,61,11,21,17,166,215,0,28,28,243
03/24/2022,MOB,AL,ASO,CE,Combined TRACON& Tower with Radar,12,21,11,108,152,0,1,11,40,52,12,22,22,148,204,2,22,24,228
03/25/2022,MOB,AL,ASO,CE,Combined TRACON& Tower with Radar,13,24,11,98,146,0,3,13,60,76,13,27,24,158,222,0,32,32,254
03/26/2022,MOB,AL,ASO,CE,Combined TRACON& Tower with Radar,11,17,11,74,113,0,0,5,10,15,11,17,16,84,128,4,28,32,160
03/27/2022,MOB,AL,ASO,CE,Combined TRACON& Tower with Radar,12,22,7,52,93,0,0,9,23,32,12,22,16,75,125,0,32,32,157
03/28/2022,MOB,AL,ASO,CE,Combined TRACON& Tower with Radar,10,20,15,169,214,0,1,13,66,80,10,21,28,235,294,0,90,90,384
03/29/2022,MOB,AL,ASO,CE,Combined TRACON& Tower with Radar,8,17,14,154,193,0,1,5,38,44,8,18,19,192,237,0,78,78,315
03/30/2022,MOB,AL,ASO,CE,Combined TRACON& Tower with Radar,9,18,5,39,71,0,0,0,20,20,9,18,5,59,91,0,0,0,91
03/31/2022,MOB,AL,ASO,CE,Combined TRACON& Tower with Radar,13,19,14,75,121,0,1,8,55,64,13,20,22,130,185,0,20,20,205
04/01/2022,MOB,AL,ASO,CE,Combined TRACON& Tower with Radar,14,16,15,53,98,0,1,18,47,66,14,17,33,100,164,0,29,29,193
04/02/2022,MOB,AL,ASO,CE,Combined TRACON& Tower with Radar,14,14,3,2,33,0,0,8,12,20,14,14,11,14,53,0,0,0,53
04/03/2022,MOB,AL,ASO,CE,Combined TRACON& Tower with Radar,14,17,4,11,46,0,0,8,9,17,14,17,12,20,63,0,0,0,63
04/04/2022,MOB,AL,ASO,CE,Combined TRACON& Tower with Radar,11,18,9,85,123,0,1,14,18,33,11,19,23,103,156,0,20,20,176
04/05/2022,MOB,AL,ASO,CE,Combined TRACON& Tower with Radar,13,19,6,0,38,0,0,0,0,0,13,19,6,0,38,0,0,0,38
04/06/2022,MOB,AL,ASO,CE,Combined TRACON& Tower with Radar,12,18,12,151,193,0,0,0,34,34,12,18,12,185,227,0,32,32,259
04/07/2022,MOB,AL,ASO,CE,Combined TRACON& Tower with Radar,14,15,10,102,141,0,0,10,59,69,14,15,20,161,210,0,106,106,316
04/08/2022,MOB,AL,ASO,CE,Combined TRACON& Tower with Radar,15,18,12,55,100,0,0,5,44,49,15,18,17,99,149,0,62,62,211
04/09/2022,MOB,AL,ASO,CE,Combined TRACON& Tower with Radar,18,12,12,8,50,0,0,9,8,17,18,12,21,16,67,0,60,60,127
04/10/2022,MOB,AL,ASO,CE,Combined TRACON& Tower with Radar,14,12,17,45,88,0,0,14,7,21,14,12,31,52,109,0,64,64,173
04/11/2022,MOB,AL,ASO,CE,Combined TRACON& Tower with Radar,14,16,20,72,122,0,0,2,24,26,14,16,22,96,148,0,0,0,148
04/12/2022,MOB,AL,ASO,CE,Combined TRACON& Tower with Radar,13,17,24,148,202,0,0,4,52,56,13,17,28,200,258,0,102,102,360
04/13/2022,MOB,AL,ASO,CE,Combined TRACON& Tower with Radar,14,14,21,171,220,0,4,3,41,48,14,18,24,212,268,0,80,80,348
04/14/2022,MOB,AL,ASO,CE,Combined TRACON& Tower with Radar,13,16,13,123,165,0,0,1,30,31,13,16,14,153,196,0,36,36,232
04/15/2022,MOB,AL,ASO,CE,Combined TRACON& Tower with Radar,16,18,15,58,107,0,0,9,26,35,16,18,24,84,142,0,26,26,168
04/16/2022,MOB,AL,ASO,CE,Combined TRACON& Tower with Radar,14,15,8,5,42,0,0,1,3,4,14,15,9,8,46,0,0,0,46
04/17/2022,MOB,AL,ASO,CE,Combined TRACON& Tower with Radar,13,18,18,10,59,0,0,2,0,2,13,18,20,10,61,0,0,0,61
04/18/2022,MOB,AL,ASO,CE,Combined TRACON& Tower with Radar,15,17,19,118,169,0,0,7,35,42,15,17,26,153,211,0,22,22,233
04/19/2022,MOB,AL,ASO,CE,Combined TRACON& Tower with Radar,18,15,14,109,156,0,1,14,50,65,18,16,28,159,221,0,36,36,257
04/20/2022,MOB,AL,ASO,CE,Combined TRACON& Tower with Radar,14,20,13,164,211,0,1,2,54,57,14,21,15,218,268,0,100,100,368
04/21/2022,MOB,AL,ASO,CE,Combined TRACON& Tower with Radar,14,18,13,89,134,0,0,8,45,53,14,18,21,134,187,0,92,92,279
04/22/2022,MOB,AL,ASO,CE,Combined TRACON& Tower with Radar,16,17,12,73,118,0,0,14,38,52,16,17,26,111,170,0,56,56,226
04/23/2022,MOB,AL,ASO,CE,Combined TRACON& Tower with Radar,15,17,5,20,57,0,0,7,10,17,15,17,12,30,74,0,0,0,74
04/24/2022,MOB,AL,ASO,CE,Combined TRACON& Tower with Radar,13,19,15,30,77,0,0,4,10,14,13,19,19,40,91,0,0,0,91
04/25/2022,MOB,AL,ASO,CE,Combined TRACON& Tower with Radar,13,13,9,117,152,0,0,5,32,37,13,13,14,149,189,4,76,80,269
04/26/2022,MOB,AL,ASO,CE,Combined TRACON& Tower with Radar,13,16,19,252,300,0,0,2,39,41,13,16,21,291,341,18,152,170,511
04/27/2022,MOB,AL,ASO,CE,Combined TRACON& Tower with Radar,13,17,9,88,127,0,0,7,40,47,13,17,16,128,174,0,112,112,286
04/28/2022,MOB,AL,ASO,CE,Combined TRACON& Tower with Radar,13,18,14,133,178,0,0,15,33,48,13,18,29,166,226,0,88,88,314
04/29/2022,MOB,AL,ASO,CE,Combined TRACON& Tower with Radar,13,17,11,116,157,0,1,5,28,34,13,18,16,144,191,8,24,32,223
04/30/2022,MOB,AL,ASO,CE,Combined TRACON& Tower with Radar,14,17,7,12,50,0,0,2,9,11,14,17,9,21,61,0,0,0,61
05/01/2022,MOB,AL,ASO,CE,Combined TRACON& Tower with Radar,14,21,13,60,108,0,0,2,41,43,14,21,15,101,151,0,0,0,151
05/02/2022,MOB,AL,ASO,CE,Combined TRACON& Tower with Radar,15,24,10,138,187,0,0,10,33,43,15,24,20,171,230,12,76,88,318
05/03/2022,MOB,AL,ASO,CE,Combined TRACON& Tower with Radar,13,21,13,147,194,0,0,13,41,54,13,21,26,188,248,10,144,154,402
05/04/2022,MOB,AL,ASO,CE,Combined TRACON& Tower with Radar,14,17,15,143,189,0,0,7,43,50,14,17,22,186,239,0,118,118,357
05/05/2022,MOB,AL,ASO,CE,Combined TRACON& Tower with Radar,11,20,17,93,141,0,0,8,47,55,11,20,25,140,196,20,27,47,243
05/06/2022,MOB,AL,ASO,CE,Combined TRACON& Tower with Radar,17,11,6,80,114,0,0,3,30,33,17,11,9,110,147,0,52,52,199
05/07/2022,MOB,AL,ASO,CE,Combined TRACON& Tower with Radar,19,7,6,4,36,0,0,4,4,8,19,7,10,8,44,0,16,16,60
05/08/2022,MOB,AL,ASO,CE,Combined TRACON& Tower with Radar,16,11,4,18,49,0,0,22,8,30,16,11,26,26,79,0,10,10,89
05/09/2022,MOB,AL,ASO,CE,Combined TRACON& Tower with Radar,18,14,9,85,126,0,0,5,63,68,18,14,14,148,194,0,0,0,194
05/10/2022,MOB,AL,ASO,CE,Combined TRACON& Tower with Radar,20,7,16,69,112,0,0,12,39,51,20,7,28,108,163,0,16,16,179
05/11/2022,MOB,AL,ASO,CE,Combined TRACON& Tower with Radar,20,9,17,103,149,0,0,15,62,77,20,9,32,165,226,0,122,122,348
05/12/2022,MOB,AL,ASO,CE,Combined TRACON& Tower with Radar,18,9,16,97,140,0,0,13,44,57,18,9,29,141,197,14,76,90,287
05/13/2022,MOB,AL,ASO,CE,Combined TRACON& Tower with Radar,19,14,9,64,106,0,0,9,28,37,19,14,18,92,143,0,0,0,143
05/14/2022,MOB,AL,ASO,CE,Combined TRACON& Tower with Radar,19,6,17,20,62,0,0,8,17,25,19,6,25,37,87,0,4,4,91
05/15/2022,MOB,AL,ASO,CE,Combined TRACON& Tower with Radar,14,19,15,34,82,0,0,10,14,24,14,19,25,48,106,0,0,0,106
05/16/2022,MOB,AL,ASO,CE,Combined TRACON& Tower with Radar,18,10,10,124,162,0,1,20,55,76,18,11,30,179,238,6,36,42,280
05/17/2022,MOB,AL,ASO,CE,Combined TRACON& Tower with Radar,21,7,19,117,164,0,2,17,49,68,21,9,36,166,232,12,126,138,370
05/18/2022,MOB,AL,ASO,CE,Combined TRACON& Tower with Radar,20,6,8,222,256,0,1,9,33,43,20,7,17,255,299,0,0,0,299
05/19/2022,MOB,AL,ASO,CE,Combined TRACON& Tower with Radar,18,8,14,146,186,0,0,1,30,31,18,8,15,176,217,0,94,94,311
05/20/2022,MOB,AL,ASO,CE,Combined TRACON& Tower with Radar,18,8,18,95,139,0,1,8,44,53,18,9,26,139,192,2,22,24,216
05/21/2022,MOB,AL,ASO,CE,Combined TRACON& Tower with Radar,21,8,7,27,63,0,0,0,24,24,21,8,7,51,87,0,0,0,87
05/22/2022,MOB,AL,ASO,CE,Combined TRACON& Tower with Radar,16,13,7,17,53,0,0,1,0,1,16,13,8,17,54,0,0,0,54
05/23/2022,MOB,AL,ASO,CE,Combined TRACON& Tower with Radar,18,11,11,142,182,0,0,5,25,30,18,11,16,167,212,0,54,54,266
05/24/2022,MOB,AL,ASO,CE,Combined TRACON& Tower with Radar,17,8,17,59,101,0,0,2,24,26,17,8,19,83,127,0,116,116,243
05/25/2022,MOB,AL,ASO,CE,Combined TRACON& Tower with Radar,21,8,13,14,56,0,0,1,16,17,21,8,14,30,73,0,36,36,109
05/26/2022,MOB,AL,ASO,CE,Combined TRACON& Tower with Radar,23,10,8,60,101,0,0,8,28,36,23,10,16,88,137,0,56,56,193
05/27/2022,MOB,AL,ASO,CE,Combined TRACON& Tower with Radar,21,8,11,18,58,0,0,15,12,27,21,8,26,30,85,12,22,34,119
05/28/2022,MOB,AL,ASO,CE,Combined TRACON& Tower with Radar,21,6,8,2,37,0,2,10,5,17,21,8,18,7,54,0,0,0,54
05/29/2022,MOB,AL,ASO,CE,Combined TRACON& Tower with Radar,16,13,11,15,55,0,0,7,5,12,16,13,18,20,67,26,8,34,101
05/30/2022,MOB,AL,ASO,CE,Combined TRACON& Tower with Radar,18,11,13,0,42,0,1,12,0,13,18,12,25,0,55,0,0,0,55
05/31/2022,MOB,AL,ASO,CE,Combined TRACON& Tower with Radar,19,8,19,81,127,0,0,8,36,44,19,8,27,117,171,28,82,110,281
06/01/2022,MOB,AL,ASO,CE,Combined TRACON& Tower with Radar,17,8,10,76,111,0,0,10,38,48,17,8,20,114,159,4,64,68,227
06/02/2022,MOB,AL,ASO,CE,Combined TRACON& Tower with Radar,18,10,16,104,148,0,1,14,46,61,18,11,30,150,209,0,76,76,285
06/03/2022,MOB,AL,ASO,CE,Combined TRACON& Tower with Radar,14,17,25,68,124,0,0,9,41,50,14,17,34,109,174,4,130,134,308
06/04/2022,MOB,AL,ASO,CE,Combined TRACON& Tower with Radar,14,11,10,15,50,0,0,9,11,20,14,11,19,26,70,0,18,18,88
06/05/2022,MOB,AL,ASO,CE,Combined TRACON& Tower with Radar,13,19,14,31,77,0,0,4,29,33,13,19,18,60,110,0,8,8,118
06/06/2022,MOB,AL,ASO,CE,Combined TRACON& Tower with Radar,12,18,13,93,136,0,1,10,37,48,12,19,23,130,184,6,26,32,216
06/07/2022,MOB,AL,ASO,CE,Combined TRACON& Tower with Radar,10,18,26,92,146,0,0,15,37,52,10,18,41,129,198,4,124,128,326
06/08/2022,MOB,AL,ASO,CE,Combined TRACON& Tower with Radar,9,24,12,101,146,0,5,9,46,60,9,29,21,147,206,4,128,132,338
06/09/2022,MOB,AL,ASO,CE,Combined TRACON& Tower with Radar,12,16,5,49,82,0,0,14,29,43,12,16,19,78,125,24,84,108,233
06/10/2022,MOB,AL,ASO,CE,Combined TRACON& Tower with Radar,13,12,9,23,57,0,0,2,15,17,13,12,11,38,74,0,48,48,122
06/11/2022,MOB,AL,ASO,CE,Combined TRACON& Tower with Radar,11,13,5,20,49,0,0,7,10,17,11,13,12,30,66,8,12,20,86
06/12/2022,MOB,AL,ASO,CE,Combined TRACON& Tower with Radar,9,16,10,16,51,0,0,7,9,16,9,16,17,25,67,0,0,0,67
06/13/2022,MOB,AL,ASO,CE,Combined TRACON& Tower with Radar,11,20,11,29,71,0,1,4,21,26,11,21,15,50,97,0,108,108,205
06/14/2022,MOB,AL,ASO,CE,Combined TRACON& Tower with Radar,10,16,25,36,87,0,0,4,25,29,10,16,29,61,116,4,60,64,180
06/15/2022,MOB,AL,ASO,CE,Combined TRACON& Tower with Radar,9,14,9,112,144,0,1,6,72,79,9,15,15,184,223,6,92,98,321
06/16/2022,MOB,AL,ASO,CE,Combined TRACON& Tower with Radar,9,18,18,105,150,0,0,6,30,36,9,18,24,135,186,0,46,46,232
06/17/2022,MOB,AL,ASO,CE,Combined TRACON& Tower with Radar,9,17,12,52,90,0,0,5,14,19,9,17,17,66,109,4,28,32,141
06/18/2022,MOB,AL,ASO,CE,Combined TRACON& Tower with Radar,7,16,11,12,46,0,0,18,7,25,7,16,29,19,71,0,0,0,71
06/19/2022,MOB,AL,ASO,CE,Combined TRACON& Tower with Radar,9,17,6,6,38,0,1,11,6,18,9,18,17,12,56,10,0,10,66
06/20/2022,MOB,AL,ASO,CE,Combined TRACON& Tower with Radar,10,16,10,1,37,0,0,8,3,11,10,16,18,4,48,0,0,0,48
06/21/2022,MOB,AL,ASO,CE,Combined TRACON& Tower with Radar,9,16,9,42,76,0,1,10,28,39,9,17,19,70,115,24,44,68,183
06/22/2022,MOB,AL,ASO,CE,Combined TRACON& Tower with Radar,9,18,7,92,126,0,1,11,46,58,9,19,18,138,184,16,98,114,298
06/23/2022,MOB,AL,ASO,CE,Combined TRACON& Tower with Radar,10,16,12,136,174,0,0,7,39,46,10,16,19,175,220,0,22,22,242
06/24/2022,MOB,AL,ASO,CE,Combined TRACON& Tower with Radar,9,19,7,55,90,0,0,11,33,44,9,19,18,88,134,6,60,66,200
06/25/2022,MOB,AL,ASO,CE,Combined TRACON& Tower with Radar,12,10,8,3,33,0,0,7,11,18,12,10,15,14,51,0,0,0,51
06/26/2022,MOB,AL,ASO,CE,Combined TRACON& Tower with Radar,9,17,17,2,45,0,0,2,4,6,9,17,19,6,51,0,0,0,51
06/27/2022,MOB,AL,ASO,CE,Combined TRACON& Tower with Radar,10,19,18,43,90,0,0,9,32,41,10,19,27,75,131,0,84,84,215
06/28/2022,MOB,AL,ASO,CE,Combined TRACON& Tower with Radar,10,12,10,52,84,0,0,5,27,32,10,12,15,79,116,0,64,64,180
06/29/2022,MOB,AL,ASO,CE,Combined TRACON& Tower with Radar,10,15,13,42,80,0,0,7,39,46,10,15,20,81,126,16,128,144,270
06/30/2022,MOB,AL,ASO,CE,Combined TRACON& Tower with Radar,11,16,16,55,98,0,0,1,21,22,11,16,17,76,120,0,72,72,192
07/01/2022,MOB,AL,ASO,CE,Combined TRACON& Tower with Radar,11,14,4,5,34,0,0,0,5,5,11,14,4,10,39,0,0,0,39
07/02/2022,MOB,AL,ASO,CE,Combined TRACON& Tower with Radar,11,14,12,2,39,0,0,2,0,2,11,14,14,2,41,10,0,10,51
07/03/2022,MOB,AL,ASO,CE,Combined TRACON& Tower with Radar,9,14,10,2,35,0,0,1,1,2,9,14,11,3,37,0,0,0,37
07/04/2022,MOB,AL,ASO,CE,Combined TRACON& Tower with Radar,11,13,4,1,29,0,0,0,1,1,11,13,4,2,30,0,0,0,30
07/05/2022,MOB,AL,ASO,CE,Combined TRACON& Tower with Radar,8,15,11,14,48,0,0,2,20,22,8,15,13,34,70,0,0,0,70
07/06/2022,MOB,AL,ASO,CE,Combined TRACON& Tower with Radar,10,19,5,48,82,0,0,12,21,33,10,19,17,69,115,4,166,170,285
07/07/2022,MOB,AL,ASO,CE,Combined TRACON& Tower with Radar,11,14,15,47,87,0,0,20,30,50,11,14,35,77,137,0,34,34,171
07/08/2022,MOB,AL,ASO,CE,Combined TRACON& Tower with Radar,17,12,6,43,78,0,1,5,24,30,17,13,11,67,108,0,24,24,132
07/09/2022,MOB,AL,ASO,CE,Combined TRACON& Tower with Radar,9,14,4,10,37,0,0,3,4,7,9,14,7,14,44,0,0,0,44
07/10/2022,MOB,AL,ASO,CE,Combined TRACON& Tower with Radar,10,16,6,17,49,0,0,6,1,7,10,16,12,18,56,0,4,4,60
07/11/2022,MOB,AL,ASO,CE,Combined TRACON& Tower with Radar,10,16,14,33,73,0,1,8,16,25,10,17,22,49,98,0,106,106,204
07/12/2022,MOB,AL,ASO,CE,Combined TRACON& Tower with Radar,11,16,14,42,83,0,1,12,27,40,11,17,26,69,123,0,46,46,169
07/13/2022,MOB,AL,ASO,CE,Combined TRACON& Tower with Radar,11,16,14,46,87,0,0,1,33,34,11,16,15,79,121,0,90,90,211
07/14/2022,MOB,AL,ASO,CE,Combined TRACON& Tower with Radar,11,14,14,42,81,0,0,1,23,24,11,14,15,65,105,0,0,0,105
07/15/2022,MOB,AL,ASO,CE,Combined TRACON& Tower with Radar,11,14,6,49,80,0,0,3,32,35,11,14,9,81,115,0,0,0,115
07/16/2022,MOB,AL,ASO,CE,Combined TRACON& Tower with Radar,9,14,6,6,35,0,1,8,4,13,9,15,14,10,48,0,0,0,48
07/17/2022,MOB,AL,ASO,CE,Combined TRACON& Tower with Radar,12,14,14,11,51,0,0,14,8,22,12,14,28,19,73,19,33,52,125
07/18/2022,MOB,AL,ASO,CE,Combined TRACON& Tower with Radar,11,16,7,32,66,0,0,11,33,44,11,16,18,65,110,0,10,10,120
07/19/2022,MOB,AL,ASO,CE,Combined TRACON& Tower with Radar,11,14,15,62,102,0,0,10,45,55,11,14,25,107,157,0,96,96,253
07/20/2022,MOB,AL,ASO,CE,Combined TRACON& Tower with Radar,11,12,14,51,88,0,0,14,32,46,11,12,28,83,134,17,25,42,176
07/21/2022,MOB,AL,ASO,CE,Combined TRACON& Tower with Radar,12,16,16,53,97,0,0,15,48,63,12,16,31,101,160,0,14,14,174
07/22/2022,MOB,AL,ASO,CE,Combined TRACON& Tower with Radar,14,13,10,20,57,0,0,7,34,41,14,13,17,54,98,0,72,72,170
07/23/2022,MOB,AL,ASO,CE,Combined TRACON& Tower with Radar,8,15,6,5,34,0,1,12,16,29,8,16,18,21,63,0,0,0,63
07/24/2022,MOB,AL,ASO,CE,Combined TRACON& Tower with Radar,12,16,18,5,51,0,1,4,7,12,12,17,22,12,63,24,7,31,94
07/25/2022,MOB,AL,ASO,CE,Combined TRACON& Tower with Radar,12,14,7,18,51,0,0,4,27,31,12,14,11,45,82,18,130,148,230
07/26/2022,MOB,AL,ASO,CE,Combined TRACON& Tower with Radar,9,15,14,66,104,0,0,5,40,45,9,15,19,106,149,7,106,113,262
07/27/2022,MOB,AL,ASO,CE,Combined TRACON& Tower with Radar,9,16,10,72,107,0,0,16,29,45,9,16,26,101,152,0,56,56,208
07/28/2022,MOB,AL,ASO,CE,Combined TRACON& Tower with Radar,10,16,10,39,75,0,0,7,42,49,10,16,17,81,124,0,82,82,206
07/29/2022,MOB,AL,ASO,CE,Combined TRACON& Tower with Radar,11,15,12,63,101,0,0,10,31,41,11,15,22,94,142,0,0,0,142
07/30/2022,MOB,AL,ASO,CE,Combined TRACON& Tower with Radar,8,15,3,0,26,0,0,11,2,13,8,15,14,2,39,0,0,0,39
07/31/2022,MOB,AL,ASO,CE,Combined TRACON& Tower with Radar,11,18,9,10,48,0,0,10,6,16,11,18,19,16,64,13,0,13,77
08/01/2022,MOB,AL,ASO,CE,Combined TRACON& Tower with Radar,15,16,5,19,55,0,0,2,19,21,15,16,7,38,76,0,0,0,76
08/02/2022,MOB,AL,ASO,CE,Combined TRACON& Tower with Radar,13,20,6,33,72,0,0,7,38,45,13,20,13,71,117,0,50,50,167
08/03/2022,MOB,AL,ASO,CE,Combined TRACON& Tower with Radar,11,14,20,24,69,0,0,7,41,48,11,14,27,65,117,0,20,20,137
08/04/2022,MOB,AL,ASO,CE,Combined TRACON& Tower with Radar,14,14,11,45,84,0,0,9,33,42,14,14,20,78,126,0,98,98,224
08/05/2022,MOB,AL,ASO,CE,Combined TRACON& Tower with Radar,11,14,16,37,78,0,0,14,39,53,11,14,30,76,131,0,0,0,131
08/06/2022,MOB,AL,ASO,CE,Combined TRACON& Tower with Radar,9,12,6,11,38,0,0,2,5,7,9,12,8,16,45,0,0,0,45
08/07/2022,MOB,AL,ASO,CE,Combined TRACON& Tower with Radar,12,15,12,12,51,0,0,7,8,15,12,15,19,20,66,0,18,18,84
08/08/2022,MOB,AL,ASO,CE,Combined TRACON& Tower with Radar,12,15,13,25,65,0,0,3,25,28,12,15,16,50,93,0,16,16,109
08/09/2022,MOB,AL,ASO,CE,Combined TRACON& Tower with Radar,15,14,6,110,145,0,2,14,75,91,15,16,20,185,236,12,108,120,356
08/10/2022,MOB,AL,ASO,CE,Combined TRACON& Tower with Radar,10,18,7,50,85,0,0,3,44,47,10,18,10,94,132,0,56,56,188
08/11/2022,MOB,AL,ASO,CE,Combined TRACON& Tower with Radar,9,17,16,35,77,0,0,1,28,29,9,17,17,63,106,0,66,66,172
08/12/2022,MOB,AL,ASO,CE,Combined TRACON& Tower with Radar,10,16,3,61,90,0,0,8,40,48,10,16,11,101,138,8,46,54,192
08/13/2022,MOB,AL,ASO,CE,Combined TRACON& Tower with Radar,9,16,13,10,48,0,0,7,8,15,9,16,20,18,63,0,6,6,69
08/14/2022,MOB,AL,ASO,CE,Combined TRACON& Tower with Radar,10,16,7,10,43,0,2,13,14,29,10,18,20,24,72,0,0,0,72
08/15/2022,MOB,AL,ASO,CE,Combined TRACON& Tower with Radar,12,16,10,88,126,0,1,18,24,43,12,17,28,112,169,11,109,120,289
08/16/2022,MOB,AL,ASO,CE,Combined TRACON& Tower with Radar,9,19,9,36,73,0,0,11,22,33,9,19,20,58,106,8,147,155,261
08/17/2022,MOB,AL,ASO,CE,Combined TRACON& Tower with Radar,9,21,11,36,77,0,3,14,42,59,9,24,25,78,136,0,94,94,230
08/18/2022,MOB,AL,ASO,CE,Combined TRACON& Tower with Radar,8,14,21,49,92,0,0,1,36,37,8,14,22,85,129,0,108,108,237
08/19/2022,MOB,AL,ASO,CE,Combined TRACON& Tower with Radar,8,13,10,35,66,0,0,4,42,46,8,13,14,77,112,6,56,62,174
08/20/2022,MOB,AL,ASO,CE,Combined TRACON& Tower with Radar,10,12,6,0,28,0,0,0,4,4,10,12,6,4,32,22,2,24,56
08/21/2022,MOB,AL,ASO,CE,Combined TRACON& Tower with Radar,7,15,12,32,66,0,0,0,11,11,7,15,12,43,77,0,0,0,77
08/22/2022,MOB,AL,ASO,CE,Combined TRACON& Tower with Radar,7,14,11,44,76,0,0,4,44,48,7,14,15,88,124,0,178,178,302
08/23/2022,MOB,AL,ASO,CE,Combined TRACON& Tower with Radar,11,14,5,34,64,0,0,4,19,23,11,14,9,53,87,6,60,66,153
08/24/2022,MOB,AL,ASO,CE,Combined TRACON& Tower with Radar,10,14,8,25,57,0,0,2,9,11,10,14,10,34,68,0,0,0,68
08/25/2022,MOB,AL,ASO,CE,Combined TRACON& Tower with Radar,9,17,13,1,40,0,0,0,9,9,9,17,13,10,49,0,33,33,82
08/26/2022,MOB,AL,ASO,CE,Combined TRACON& Tower with Radar,9,15,15,34,73,0,0,6,28,34,9,15,21,62,107,8,168,176,283
08/27/2022,MOB,AL,ASO,CE,Combined TRACON& Tower with Radar,12,13,9,6,40,0,0,11,2,13,12,13,20,8,53,0,0,0,53
08/28/2022,MOB,AL,ASO,CE,Combined TRACON& Tower with Radar,10,12,6,1,29,0,0,2,4,6,10,12,8,5,35,0,0,0,35
08/29/2022,MOB,AL,ASO,CE,Combined TRACON& Tower with Radar,9,14,19,79,121,0,0,10,32,42,9,14,29,111,163,8,74,82,245
08/30/2022,MOB,AL,ASO,CE,Combined TRACON& Tower with Radar,11,12,14,51,88,0,0,14,33,47,11,12,28,84,135,0,74,74,209
08/31/2022,MOB,AL,ASO,CE,Combined TRACON& Tower with Radar,11,14,24,87,136,0,0,19,61,80,11,14,43,148,216,0,90,90,306
09/01/2022,MOB,AL,ASO,CE,Combined TRACON& Tower with Radar,10,12,17,54,93,0,0,11,25,36,10,12,28,79,129,0,10,10,139
09/02/2022,MOB,AL,ASO,CE,Combined TRACON& Tower with Radar,10,16,19,36,81,0,1,11,5,17,10,17,30,41,98,6,0,6,104
09/03/2022,MOB,AL,ASO,CE,Combined TRACON& Tower with Radar,8,11,7,9,35,0,0,9,3,12,8,11,16,12,47,0,0,0,47
09/04/2022,MOB,AL,ASO,CE,Combined TRACON& Tower with Radar,9,10,10,18,47,0,1,0,9,10,9,11,10,27,57,0,4,4,61
09/05/2022,MOB,AL,ASO,CE,Combined TRACON& Tower with Radar,9,14,4,0,27,0,0,13,2,15,9,14,17,2,42,0,0,0,42
09/06/2022,MOB,AL,ASO,CE,Combined TRACON& Tower with Radar,10,15,13,75,113,0,0,14,38,52,10,15,27,113,165,20,70,90,255
09/07/2022,MOB,AL,ASO,CE,Combined TRACON& Tower with Radar,11,13,16,109,149,0,1,10,59,70,11,14,26,168,219,0,100,100,319
09/08/2022,MOB,AL,ASO,CE,Combined TRACON& Tower with Radar,10,15,15,38,78,0,0,9,17,26,10,15,24,55,104,0,58,58,162
09/09/2022,MOB,AL,ASO,CE,Combined TRACON& Tower with Radar,12,12,12,64,100,0,0,6,21,27,12,12,18,85,127,0,8,8,135
09/10/2022,MOB,AL,ASO,CE,Combined TRACON& Tower with Radar,12,14,7,35,68,0,0,5,21,26,12,14,12,56,94,0,22,22,116
09/11/2022,MOB,AL,ASO,CE,Combined TRACON& Tower with Radar,9,18,10,13,50,0,0,8,5,13,9,18,18,18,63,0,0,0,63
09/12/2022,MOB,AL,ASO,CE,Combined TRACON& Tower with Radar,16,10,14,63,103,0,1,15,30,46,16,11,29,93,149,0,9,9,158
09/13/2022,MOB,AL,ASO,CE,Combined TRACON& Tower with Radar,18,14,10,91,133,0,3,21,60,84,18,17,31,151,217,34,74,108,325
09/14/2022,MOB,AL,ASO,CE,Combined TRACON& Tower with Radar,14,11,8,72,105,0,1,22,35,58,14,12,30,107,163,4,24,28,191
09/15/2022,MOB,AL,ASO,CE,Combined TRACON& Tower with Radar,17,10,18,45,90,0,0,16,22,38,17,10,34,67,128,0,8,8,136
09/16/2022,MOB,AL,ASO,CE,Combined TRACON& Tower with Radar,17,14,24,35,90,0,7,27,41,75,17,21,51,76,165,0,42,42,207
09/17/2022,MOB,AL,ASO,CE,Combined TRACON& Tower with Radar,14,10,14,9,47,0,1,20,11,32,14,11,34,20,79,8,12,20,99
09/18/2022,MOB,AL,ASO,CE,Combined TRACON& Tower with Radar,18,9,11,33,71,0,1,10,8,19,18,10,21,41,90,0,23,23,113
09/19/2022,MOB,AL,ASO,CE,Combined TRACON& Tower with Radar,10,16,14,41,81,0,3,12,27,42,10,19,26,68,123,0,0,0,123
09/20/2022,MOB,AL,ASO,CE,Combined TRACON& Tower with Radar,15,15,13,81,124,0,2,14,55,71,15,17,27,136,195,0,34,34,229
09/21/2022,MOB,AL,ASO,CE,Combined TRACON& Tower with Radar,16,14,13,104,147,0,1,13,38,52,16,15,26,142,199,0,82,82,281
09/22/2022,MOB,AL,ASO,CE,Combined TRACON& Tower with Radar,16,12,21,76,125,0,1,14,46,61,16,13,35,122,186,6,66,72,258
09/23/2022,MOB,AL,ASO,CE,Combined TRACON& Tower with Radar,14,12,13,62,101,0,0,18,37,55,14,12,31,99,156,0,16,16,172
09/24/2022,MOB,AL,ASO,CE,Combined TRACON& Tower with Radar,16,12,7,4,39,0,0,2,4,6,16,12,9,8,45,0,0,0,45
09/25/2022,MOB,AL,ASO,CE,Combined TRACON& Tower with Radar,18,8,15,18,59,0,0,9,20,29,18,8,24,38,88,0,12,12,100
09/26/2022,MOB,AL,ASO,CE,Combined TRACON& Tower with Radar,19,8,7,122,156,0,0,9,60,69,19,8,16,182,225,0,30,30,255
09/27/2022,MOB,AL,ASO,CE,Combined TRACON& Tower with Radar,14,13,18,54,99,0,1,25,43,69,14,14,43,97,168,0,4,4,172
09/28/2022,MOB,AL,ASO,CE,Combined TRACON& Tower with Radar,14,16,12,45,87,0,0,4,27,31,14,16,16,72,118,0,34,34,152
09/29/2022,MOB,AL,ASO,CE,Combined TRACON& Tower with Radar,14,10,5,62,91,0,0,11,13,24,14,10,16,75,115,0,0,0,115
09/30/2022,MOB,AL,ASO,CE,Combined TRACON& Tower with Radar,13,12,17,49,91,0,1,10,20,31,13,13,27,69,122,0,0,0,122
10/01/2022,MOB,AL,ASO,CE,Combined TRACON& Tower with Radar,13,10,14,5,42,0,0,14,6,20,13,10,28,11,62,15,3,18,80
10/02/2022,MOB,AL,ASO,CE,Combined TRACON& Tower with Radar,15,10,8,7,40,0,2,8,2,12,15,12,16,9,52,12,0,12,64
10/03/2022,MOB,AL,ASO,CE,Combined TRACON& Tower with Radar,15,12,11,83,121,0,0,12,24,36,15,12,23,107,157,0,76,76,233
10/04/2022,MOB,AL,ASO,CE,Combined TRACON& Tower with Radar,16,8,12,50,86,0,0,23,33,56,16,8,35,83,142,1,14,15,157
10/05/2022,MOB,AL,ASO,CE,Combined TRACON& Tower with Radar,16,9,17,106,148,0,0,6,28,34,16,9,23,134,182,0,46,46,228
10/06/2022,MOB,AL,ASO,CE,Combined TRACON& Tower with Radar,16,8,16,86,126,0,2,13,33,48,16,10,29,119,174,7,84,91,265
10/07/2022,MOB,AL,ASO,CE,Combined TRACON& Tower with Radar,16,6,14,51,87,0,1,14,23,38,16,7,28,74,125,0,16,16,141
10/08/2022,MOB,AL,ASO,CE,Combined TRACON& Tower with Radar,13,8,8,1,30,0,1,1,5,7,13,9,9,6,37,8,0,8,45
10/09/2022,MOB,AL,ASO,CE,Combined TRACON& Tower with Radar,16,6,17,2,41,0,0,8,4,12,16,6,25,6,53,0,0,0,53
10/10/2022,MOB,AL,ASO,CE,Combined TRACON& Tower with Radar,15,5,18,1,39,0,0,22,1,23,15,5,40,2,62,28,0,28,90
10/11/2022,MOB,AL,ASO,CE,Combined TRACON& Tower with Radar,15,7,17,55,94,0,0,6,18,24,15,7,23,73,118,14,84,98,216
10/12/2022,MOB,AL,ASO,CE,Combined TRACON& Tower with Radar,15,6,14,90,125,0,0,2,30,32,15,6,16,120,157,0,82,82,239
10/13/2022,MOB,AL,ASO,CE,Combined TRACON& Tower with Radar,16,9,22,62,109,0,0,13,38,51,16,9,35,100,160,0,60,60,220
10/14/2022,MOB,AL,ASO,CE,Combined TRACON& Tower with Radar,16,10,16,48,90,0,1,19,41,61,16,11,35,89,151,0,4,4,155
10/15/2022,MOB,AL,ASO,CE,Combined TRACON& Tower with Radar,13,6,6,12,37,0,1,19,12,32,13,7,25,24,69,23,15,38,107
10/16/2022,MOB,AL,ASO,CE,Combined TRACON& Tower with Radar,16,6,10,14,46,0,0,4,16,20,16,6,14,30,66,0,0,0,66
10/17/2022,MOB,AL,ASO,CE,Combined TRACON& Tower with Radar,13,6,17,56,92,0,0,10,17,27,13,6,27,73,119,0,60,60,179
10/18/2022,MOB,AL,ASO,CE,Combined TRACON& Tower with Radar,15,11,9,92,127,0,3,9,42,54,15,14,18,134,181,0,34,34,215
10/19/2022,MOB,AL,ASO,CE,Combined TRACON& Tower with Radar,15,7,17,62,101,0,0,12,35,47,15,7,29,97,148,0,178,178,326
10/20/2022,MOB,AL,ASO,CE,Combined TRACON& Tower with Radar,15,9,13,47,84,0,0,14,38,52,15,9,27,85,136,2,106,108,244
10/21/2022,MOB,AL,ASO,CE,Combined TRACON& Tower with Radar,16,8,25,37,86,0,0,21,39,60,16,8,46,76,146,6,42,48,194
10/22/2022,MOB,AL,ASO,CE,Combined TRACON& Tower with Radar,13,8,14,10,45,0,0,8,22,30,13,8,22,32,75,6,14,20,95
10/23/2022,MOB,AL,ASO,CE,Combined TRACON& Tower with Radar,16,7,21,23,67,0,0,12,28,40,16,7,33,51,107,0,14,14,121
10/24/2022,MOB,AL,ASO,CE,Combined TRACON& Tower with Radar,13,6,16,50,85,0,0,11,19,30,13,6,27,69,115,0,42,42,157
10/25/2022,MOB,AL,ASO,CE,Combined TRACON& Tower with Radar,14,6,19,32,71,0,0,2,16,18,14,6,21,48,89,0,10,10,99
10/26/2022,MOB,AL,ASO,CE,Combined TRACON& Tower with Radar,14,10,21,30,75,0,2,11,31,44,14,12,32,61,119,0,148,148,267
10/27/2022,MOB,AL,ASO,CE,Combined TRACON& Tower with Radar,15,11,24,43,93,0,2,32,22,56,15,13,56,65,149,4,100,104,253
10/28/2022,MOB,AL,ASO,CE,Combined TRACON& Tower with Radar,15,6,15,59,95,0,0,5,20,25,15,6,20,79,120,0,10,10,130
10/29/2022,MOB,AL,ASO,CE,Combined TRACON& Tower with Radar,11,6,8,2,27,0,0,0,0,0,11,6,8,2,27,0,0,0,27
10/30/2022,MOB,AL,ASO,CE,Combined TRACON& Tower with Radar,17,6,12,32,67,0,1,4,6,11,17,7,16,38,78,0,0,0,78
10/31/2022,MOB,AL,ASO,CE,Combined TRACON& Tower with Radar,12,6,14,113,145,0,2,16,38,56,12,8,30,151,201,0,150,150,351
11/01/2022,MOB,AL,ASO,CE,Combined TRACON& Tower with Radar,15,10,18,81,124,0,2,18,44,64,15,12,36,125,188,8,82,90,278
11/02/2022,MOB,AL,ASO,CE,Combined TRACON& Tower with Radar,17,6,16,42,81,0,3,18,50,71,17,9,34,92,152,8,102,110,262
11/03/2022,MOB,AL,ASO,CE,Combined TRACON& Tower with Radar,15,9,14,66,104,0,1,21,43,65,15,10,35,109,169,36,68,104,273
11/04/2022,MOB,AL,ASO,CE,Combined TRACON& Tower with Radar,12,8,16,38,74,0,2,9,28,39,12,10,25,66,113,0,28,28,141
11/05/2022,MOB,AL,ASO,CE,Combined TRACON& Tower with Radar,17,7,7,22,53,0,0,1,9,10,17,7,8,31,63,0,0,0,63
11/06/2022,MOB,AL,ASO,CE,Combined TRACON& Tower with Radar,16,11,17,16,60,0,0,23,4,27,16,11,40,20,87,0,0,0,87
11/07/2022,MOB,AL,ASO,CE,Combined TRACON& Tower with Radar,15,12,12,53,92,0,0,8,27,35,15,12,20,80,127,12,76,88,215
11/08/2022,MOB,AL,ASO,CE,Combined TRACON& Tower with Radar,15,8,18,60,101,0,0,35,36,71,15,8,53,96,172,26,78,104,276
11/09/2022,MOB,AL,ASO,CE,Combined TRACON& Tower with Radar,15,13,22,56,106,0,5,23,39,67,15,18,45,95,173,0,80,80,253
11/10/2022,MOB,AL,ASO,CE,Combined TRACON& Tower with Radar,15,11,20,65,111,0,3,19,32,54,15,14,39,97,165,0,174,174,339
11/11/2022,MOB,AL,ASO,CE,Combined TRACON& Tower with Radar,14,8,29,18,69,0,0,31,14,45,14,8,60,32,114,16,0,16,130
11/12/2022,MOB,AL,ASO,CE,Combined TRACON& Tower with Radar,15,10,13,5,43,0,0,4,3,7,15,10,17,8,50,0,0,0,50
11/13/2022,MOB,AL,ASO,CE,Combined TRACON& Tower with Radar,17,8,18,6,49,0,0,21,1,22,17,8,39,7,71,0,0,0,71
11/14/2022,MOB,AL,ASO,CE,Combined TRACON& Tower with Radar,14,11,16,58,99,0,2,16,45,63,14,13,32,103,162,0,80,80,242
11/15/2022,MOB,AL,ASO,CE,Combined TRACON& Tower with Radar,15,9,14,110,148,0,0,0,8,8,15,9,14,118,156,0,0,0,156
11/16/2022,MOB,AL,ASO,CE,Combined TRACON& Tower with Radar,15,10,17,83,125,0,0,13,38,51,15,10,30,121,176,0,106,106,282
11/17/2022,MOB,AL,ASO,CE,Combined TRACON& Tower with Radar,15,11,21,50,97,0,5,28,31,64,15,16,49,81,161,14,60,74,235
11/18/2022,MOB,AL,ASO,CE,Combined TRACON& Tower with Radar,15,8,24,59,106,0,0,19,35,54,15,8,43,94,160,0,22,22,182
11/19/2022,MOB,AL,ASO,CE,Combined TRACON& Tower with Radar,15,8,12,2,37,0,0,15,4,19,15,8,27,6,56,0,0,0,56
11/20/2022,MOB,AL,ASO,CE,Combined TRACON& Tower with Radar,17,9,16,27,69,0,0,9,15,24,17,9,25,42,93,0,18,18,111
11/21/2022,MOB,AL,ASO,CE,Combined TRACON& Tower with Radar,15,9,15,49,88,0,1,22,36,59,15,10,37,85,147,22,54,76,223
11/22/2022,MOB,AL,ASO,CE,Combined TRACON& Tower with Radar,14,11,28,82,135,0,11,10,29,50,14,22,38,111,185,16,41,57,242
11/23/2022,MOB,AL,ASO,CE,Combined TRACON& Tower with Radar,16,8,9,8,41,0,3,27,11,41,16,11,36,19,82,0,10,10,92
11/24/2022,MOB,AL,ASO,CE,Combined TRACON& Tower with Radar,11,7,3,4,25,0,0,0,0,0,11,7,3,4,25,0,0,0,25
11/25/2022,MOB,AL,ASO,CE,Combined TRACON& Tower with Radar,15,6,18,4,43,0,0,0,0,0,15,6,18,4,43,0,0,0,43
11/26/2022,MOB,AL,ASO,CE,Combined TRACON& Tower with Radar,19,13,12,2,46,0,0,0,0,0,19,13,12,2,46,0,0,0,46
11/27/2022,MOB,AL,ASO,CE,Combined TRACON& Tower with Radar,17,12,17,4,50,0,0,12,1,13,17,12,29,5,63,30,0,30,93
11/28/2022,MOB,AL,ASO,CE,Combined TRACON& Tower with Radar,15,10,14,60,99,0,0,12,35,47,15,10,26,95,146,18,66,84,230
11/29/2022,MOB,AL,ASO,CE,Combined TRACON& Tower with Radar,14,10,11,51,86,0,0,4,17,21,14,10,15,68,107,0,90,90,197
11/30/2022,MOB,AL,ASO,CE,Combined TRACON& Tower with Radar,17,6,17,88,128,0,0,6,36,42,17,6,23,124,170,0,42,42,212
12/01/2022,MOB,AL,ASO,CE,Combined TRACON& Tower with Radar,17,4,22,55,98,0,0,10,45,55,17,4,32,100,153,50,66,116,269
12/02/2022,MOB,AL,ASO,CE,Combined TRACON& Tower with Radar,16,4,8,71,99,0,2,2,18,22,16,6,10,89,121,0,98,98,219
12/03/2022,MOB,AL,ASO,CE,Combined TRACON& Tower with Radar,14,2,7,12,35,0,0,11,9,20,14,2,18,21,55,0,0,0,55
12/04/2022,MOB,AL,ASO,CE,Combined TRACON& Tower with Radar,19,4,8,24,55,0,0,10,1,11,19,4,18,25,66,22,0,22,88
12/05/2022,MOB,AL,ASO,CE,Combined TRACON& Tower with Radar,18,6,17,51,92,0,0,2,4,6,18,6,19,55,98,0,104,104,202
12/06/2022,MOB,AL,ASO,CE,Combined TRACON& Tower with Radar,17,6,20,98,141,0,0,8,29,37,17,6,28,127,178,0,62,62,240
12/07/2022,MOB,AL,ASO,CE,Combined TRACON& Tower with Radar,15,9,18,59,101,0,2,15,32,49,15,11,33,91,150,0,142,142,292
12/08/2022,MOB,AL,ASO,CE,Combined TRACON& Tower with Radar,16,7,23,89,135,0,0,12,31,43,16,7,35,120,178,46,152,198,376
12/09/2022,MOB,AL,ASO,CE,Combined TRACON& Tower with Radar,17,7,10,56,90,0,0,2,14,16,17,7,12,70,106,0,28,28,134
12/10/2022,MOB,AL,ASO,CE,Combined TRACON& Tower with Radar,12,4,8,4,28,0,0,1,0,1,12,4,9,4,29,12,0,12,41
12/11/2022,MOB,AL,ASO,CE,Combined TRACON& Tower with Radar,20,6,6,13,45,0,0,0,1,1,20,6,6,14,46,0,0,0,46
12/12/2022,MOB,AL,ASO,CE,Combined TRACON& Tower with Radar,17,6,7,81,111,0,0,1,18,19,17,6,8,99,130,24,36,60,190
12/13/2022,MOB,AL,ASO,CE,Combined TRACON& Tower with Radar,18,6,11,91,126,0,0,0,10,10,18,6,11,101,136,0,0,0,136
12/14/2022,MOB,AL,ASO,CE,Combined TRACON& Tower with Radar,14,8,7,22,51,0,0,0,7,7,14,8,7,29,58,0,16,16,74
12/15/2022,MOB,AL,ASO,CE,Combined TRACON& Tower with Radar,16,13,12,54,95,0,1,24,21,46,16,14,36,75,141,0,12,12,153
12/16/2022,MOB,AL,ASO,CE,Combined TRACON& Tower with Radar,14,15,9,63,101,0,1,32,35,68,14,16,41,98,169,8,26,34,203
12/17/2022,MOB,AL,ASO,CE,Combined TRACON& Tower with Radar,11,15,7,9,42,0,0,2,7,9,11,15,9,16,51,12,20,32,83
12/18/2022,MOB,AL,ASO,CE,Combined TRACON& Tower with Radar,10,14,10,30,64,0,0,22,13,35,10,14,32,43,99,18,0,18,117
12/19/2022,MOB,AL,ASO,CE,Combined TRACON& Tower with Radar,8,16,12,47,83,0,0,5,10,15,8,16,17,57,98,22,0,22,120
12/20/2022,MOB,AL,ASO,CE,Combined TRACON& Tower with Radar,8,17,13,20,58,0,0,0,0,0,8,17,13,20,58,0,0,0,58
12/21/2022,MOB,AL,ASO,CE,Combined TRACON& Tower with Radar,10,15,12,36,73,0,0,0,0,0,10,15,12,36,73,0,0,0,73
12/22/2022,MOB,AL,ASO,CE,Combined TRACON& Tower with Radar,8,13,13,91,125,0,1,0,1,2,8,14,13,92,127,0,0,0,127
12/23/2022,MOB,AL,ASO,CE,Combined TRACON& Tower with Radar,10,13,9,1,33,0,0,6,9,15,10,13,15,10,48,0,8,8,56
12/24/2022,MOB,AL,ASO,CE,Combined TRACON& Tower with Radar,8,10,6,0,24,0,0,13,3,16,8,10,19,3,40,0,0,0,40
12/25/2022,MOB,AL,ASO,CE,Combined TRACON& Tower with Radar,8,11,2,0,21,0,0,8,0,8,8,11,10,0,29,0,0,0,29
12/26/2022,MOB,AL,ASO,CE,Combined TRACON& Tower with Radar,10,18,15,0,43,0,0,10,2,12,10,18,25,2,55,0,0,0,55
12/27/2022,MOB,AL,ASO,CE,Combined TRACON& Tower with Radar,10,14,20,80,124,0,0,40,26,66,10,14,60,106,190,8,18,26,216
12/28/2022,MOB,AL,ASO,CE,Combined TRACON& Tower with Radar,10,20,11,41,82,0,0,15,15,30,10,20,26,56,112,0,0,0,112
12/29/2022,MOB,AL,ASO,CE,Combined TRACON& Tower with Radar,10,15,16,46,87,0,0,6,11,17,10,15,22,57,104,20,0,20,124
12/30/2022,MOB,AL,ASO,CE,Combined TRACON& Tower with Radar,10,15,3,0,28,0,0,0,0,0,10,15,3,0,28,0,0,0,28
12/31/2022,MOB,AL,ASO,CE,Combined TRACON& Tower with Radar,8,11,10,2,31,0,0,1,0,1,8,11,11,2,32,0,0,0,32
01/01/2023,MOB,AL,ASO,CE,Combined TRACON& Tower with Radar,12,13,8,0,33,0,0,7,0,7,12,13,15,0,40,36,14,50,90
01/02/2023,MOB,AL,ASO,CE,Combined TRACON& Tower with Radar,11,19,13,4,47,0,0,0,0,0,11,19,13,4,47,0,0,0,47
01/03/2023,MOB,AL,ASO,CE,Combined TRACON& Tower with Radar,7,15,9,18,49,0,0,0,2,2,7,15,9,20,51,0,0,0,51
01/04/2023,MOB,AL,ASO,CE,Combined TRACON& Tower with Radar,11,11,10,90,122,0,1,14,30,45,11,12,24,120,167,15,102,117,284
01/05/2023,MOB,AL,ASO,CE,Combined TRACON& Tower with Radar,10,10,12,71,103,0,0,18,16,34,10,10,30,87,137,0,40,40,177
01/06/2023,MOB,AL,ASO,CE,Combined TRACON& Tower with Radar,14,10,21,75,120,0,3,31,45,79,14,13,52,120,199,30,4,34,233
01/07/2023,MOB,AL,ASO,CE,Combined TRACON& Tower with Radar,12,9,13,13,47,0,0,32,13,45,12,9,45,26,92,4,0,4,96
01/08/2023,MOB,AL,ASO,CE,Combined TRACON& Tower with Radar,12,9,15,3,39,0,0,6,4,10,12,9,21,7,49,33,24,57,106
01/09/2023,MOB,AL,ASO,CE,Combined TRACON& Tower with Radar,16,7,17,62,102,0,1,7,44,52,16,8,24,106,154,0,20,20,174
01/10/2023,MOB,AL,ASO,CE,Combined TRACON& Tower with Radar,14,8,10,83,115,0,0,18,54,72,14,8,28,137,187,0,56,56,243
01/11/2023,MOB,AL,ASO,CE,Combined TRACON& Tower with Radar,15,12,12,136,175,0,2,3,18,23,15,14,15,154,198,0,48,48,246
01/12/2023,MOB,AL,ASO,CE,Combined TRACON& Tower with Radar,17,7,15,40,79,0,0,1,17,18,17,7,16,57,97,0,10,10,107
01/13/2023,MOB,AL,ASO,CE,Combined TRACON& Tower with Radar,16,8,10,65,99,0,1,13,19,33,16,9,23,84,132,8,98,106,238
01/14/2023,MOB,AL,ASO,CE,Combined TRACON& Tower with Radar,11,9,11,20,51,0,0,16,8,24,11,9,27,28,75,0,0,0,75
01/15/2023,MOB,AL,ASO,CE,Combined TRACON& Tower with Radar,14,8,7,19,48,0,0,17,13,30,14,8,24,32,78,0,0,0,78
01/16/2023,MOB,AL,ASO,CE,Combined TRACON& Tower with Radar,16,8,19,4,47,0,0,10,0,10,16,8,29,4,57,0,0,0,57
01/17/2023,MOB,AL,ASO,CE,Combined TRACON& Tower with Radar,14,9,13,61,97,0,0,5,30,35,14,9,18,91,132,0,12,12,144
01/18/2023,MOB,AL,ASO,CE,Combined TRACON& Tower with Radar,11,18,5,125,159,0,0,1,18,19,11,18,6,143,178,0,40,40,218
01/19/2023,MOB,AL,ASO,CE,Combined TRACON& Tower with Radar,16,10,20,85,131,0,3,21,18,42,16,13,41,103,173,0,22,22,195
01/20/2023,MOB,AL,ASO,CE,Combined TRACON& Tower with Radar,16,11,17,52,96,0,1,23,37,61,16,12,40,89,157,22,10,32,189
01/21/2023,MOB,AL,ASO,CE,Combined TRACON& Tower with Radar,11,8,9,20,48,0,0,2,2,4,11,8,11,22,52,0,0,0,52
01/22/2023,MOB,AL,ASO,CE,Combined TRACON& Tower with Radar,16,7,4,26,53,0,3,0,0,3,16,10,4,26,56,0,0,0,56
01/23/2023,MOB,AL,ASO,CE,Combined TRACON& Tower with Radar,13,9,19,72,113,0,0,15,20,35,13,9,34,92,148,0,0,0,148
01/24/2023,MOB,AL,ASO,CE,Combined TRACON& Tower with Radar,14,9,10,56,89,0,0,2,31,33,14,9,12,87,122,12,4,16,138
01/25/2023,MOB,AL,ASO,CE,Combined TRACON& Tower with Radar,14,10,9,59,92,0,0,3,24,27,14,10,12,83,119,0,68,68,187
01/26/2023,MOB,AL,ASO,CE,Combined TRACON& Tower with Radar,16,9,18,42,85,0,0,18,32,50,16,9,36,74,135,0,0,0,135
01/27/2023,MOB,AL,ASO,CE,Combined TRACON& Tower with Radar,20,9,13,38,80,0,0,24,15,39,20,9,37,53,119,0,0,0,119
01/28/2023,MOB,AL,ASO,CE,Combined TRACON& Tower with Radar,12,11,10,14,47,0,1,25,11,37,12,12,35,25,84,0,0,0,84
01/29/2023,MOB,AL,ASO,CE,Combined TRACON& Tower with Radar,15,11,8,4,38,0,0,0,0,0,15,11,8,4,38,0,0,0,38
01/30/2023,MOB,AL,ASO,CE,Combined TRACON& Tower with Radar,12,11,7,65,95,0,0,1,3,4,12,11,8,68,99,0,24,24,123
01/31/2023,MOB,AL,ASO,CE,Combined TRACON& Tower with Radar,14,15,32,98,159,0,0,4,9,13,14,15,36,107,172,0,70,70,242
02/01/2023,MOB,AL,ASO,CE,Combined TRACON& Tower with Radar,14,11,21,62,108,0,0,0,8,8,14,11,21,70,116,0,48,48,164
02/02/2023,MOB,AL,ASO,CE,Combined TRACON& Tower with Radar,16,11,9,54,90,0,0,0,0,0,16,11,9,54,90,0,0,0,90
02/03/2023,MOB,AL,ASO,CE,Combined TRACON& Tower with Radar,16,15,14,46,91,0,0,12,21,33,16,15,26,67,124,0,0,0,124
02/04/2023,MOB,AL,ASO,CE,Combined TRACON& Tower with Radar,14,8,15,2,39,0,0,19,16,35,14,8,34,18,74,14,8,22,96
02/05/2023,MOB,AL,ASO,CE,Combined TRACON& Tower with Radar,15,8,7,20,50,0,1,13,12,26,15,9,20,32,76,34,16,50,126
02/06/2023,MOB,AL,ASO,CE,Combined TRACON& Tower with Radar,16,10,18,104,148,0,1,28,31,60,16,11,46,135,208,10,32,42,250
02/07/2023,MOB,AL,ASO,CE,Combined TRACON& Tower with Radar,17,12,11,32,72,0,0,5,23,28,17,12,16,55,100,0,0,0,100
02/08/2023,MOB,AL,ASO,CE,Combined TRACON& Tower with Radar,16,12,16,39,83,0,0,0,13,13,16,12,16,52,96,0,46,46,142
02/09/2023,MOB,AL,ASO,CE,Combined TRACON& Tower with Radar,16,12,18,39,85,0,0,0,10,10,16,12,18,49,95,0,0,0,95
02/10/2023,MOB,AL,ASO,CE,Combined TRACON& Tower with Radar,16,17,9,27,69,0,0,0,17,17,16,17,9,44,86,0,54,54,140
02/11/2023,MOB,AL,ASO,CE,Combined TRACON& Tower with Radar,16,15,6,10,47,0,0,0,0,0,16,15,6,10,47,0,0,0,47
02/12/2023,MOB,AL,ASO,CE,Combined TRACON& Tower with Radar,14,10,13,23,60,0,0,10,12,22,14,10,23,35,82,90,20,110,192
02/13/2023,MOB,AL,ASO,CE,Combined TRACON& Tower with Radar,14,13,12,71,110,0,0,7,39,46,14,13,19,110,156,16,30,46,202
02/14/2023,MOB,AL,ASO,CE,Combined TRACON& Tower with Radar,16,10,19,50,95,0,1,12,18,31,16,11,31,68,126,0,0,0,126
02/15/2023,MOB,AL,ASO,CE,Combined TRACON& Tower with Radar,20,13,16,53,102,0,0,6,24,30,20,13,22,77,132,0,28,28,160
02/16/2023,MOB,AL,ASO,CE,Combined TRACON& Tower with Radar,17,12,10,32,71,0,0,0,19,19,17,12,10,51,90,0,110,110,200
02/17/2023,MOB,AL,ASO,CE,Combined TRACON& Tower with Radar,15,11,16,36,78,0,0,2,4,6,15,11,18,40,84,0,0,0,84
02/18/2023,MOB,AL,ASO,CE,Combined TRACON& Tower with Radar,16,11,13,18,58,0,0,22,11,33,16,11,35,29,91,4,0,4,95
02/19/2023,MOB,AL,ASO,CE,Combined TRACON& Tower with Radar,14,11,20,11,56,0,0,11,6,17,14,11,31,17,73,2,0,2,75
02/20/2023,MOB,AL,ASO,CE,Combined TRACON& Tower with Radar,15,11,10,2,38,0,0,5,2,7,15,11,15,4,45,26,0,26,71
02/21/2023,MOB,AL,ASO,CE,Combined TRACON& Tower with Radar,18,10,20,87,135,0,0,1,20,21,18,10,21,107,156,0,112,112,268
02/22/2023,MOB,AL,ASO,CE,Combined TRACON& Tower with Radar,18,14,7,81,120,0,0,2,19,21,18,14,9,100,141,6,118,124,265
02/23/2023,MOB,AL,ASO,CE,Combined TRACON& Tower with Radar,16,10,9,102,137,0,0,2,11,13,16,10,11,113,150,0,70,70,220
02/24/2023,MOB,AL,ASO,CE,Combined TRACON& Tower with Radar,16,12,19,81,128,0,0,3,27,30,16,12,22,108,158,18,88,106,264
02/25/2023,MOB,AL,ASO,CE,Combined TRACON& Tower with Radar,16,14,4,26,60,0,1,1,3,5,16,15,5,29,65,12,0,12,77
02/26/2023,MOB,AL,ASO,CE,Combined TRACON& Tower with Radar,14,13,27,24,78,0,0,10,16,26,14,13,37,40,104,22,0,22,126
02/27/2023,MOB,AL,ASO,CE,Combined TRACON& Tower with Radar,15,13,11,52,91,0,0,5,21,26,15,13,16,73,117,12,26,38,155
02/28/2023,MOB,AL,ASO,CE,Combined TRACON& Tower with Radar,16,15,18,97,146,0,0,13,25,38,16,15,31,122,184,74,200,274,458
03/01/2023,MOB,AL,ASO,CE,Combined TRACON& Tower with Radar,16,9,15,91,131,0,0,0,28,28,16,9,15,119,159,0,140,140,299
03/02/2023,MOB,AL,ASO,CE,Combined TRACON& Tower with Radar,13,20,22,82,137,0,0,3,22,25,13,20,25,104,162,0,212,212,374
03/03/2023,MOB,AL,ASO,CE,Combined TRACON& Tower with Radar,19,14,13,86,132,0,4,5,29,38,19,18,18,115,170,0,46,46,216
03/04/2023,MOB,AL,ASO,CE,Combined TRACON& Tower with Radar,16,12,12,4,44,0,3,31,8,42,16,15,43,12,86,22,8,30,116
03/05/2023,MOB,AL,ASO,CE,Combined TRACON& Tower with Radar,16,13,11,39,79,0,0,22,13,35,16,13,33,52,114,0,2,2,116
03/06/2023,MOB,AL,ASO,CE,Combined TRACON& Tower with Radar,16,13,9,79,117,0,0,7,18,25,16,13,16,97,142,0,124,124,266
03/07/2023,MOB,AL,ASO,CE,Combined TRACON& Tower with Radar,16,14,9,65,104,0,0,16,28,44,16,14,25,93,148,4,108,112,260
03/08/2023,MOB,AL,ASO,CE,Combined TRACON& Tower with Radar,16,15,16,57,104,0,0,11,19,30,16,15,27,76,134,34,52,86,220
03/09/2023,MOB,AL,ASO,CE,Combined TRACON& Tower with Radar,16,12,14,50,92,0,0,6,29,35,16,12,20,79,127,0,0,0,127
03/10/2023,MOB,AL,ASO,CE,Combined TRACON& Tower with Radar,16,11,8,61,96,0,0,9,29,38,16,11,17,90,134,0,54,54,188
03/11/2023,MOB,AL,ASO,CE,Combined TRACON& Tower with Radar,15,16,12,13,56,0,0,22,5,27,15,16,34,18,83,26,0,26,109
03/12/2023,MOB,AL,ASO,CE,Combined TRACON& Tower with Radar,16,11,10,4,41,0,0,0,1,1,16,11,10,5,42,0,0,0,42
03/13/2023,MOB,AL,ASO,CE,Combined TRACON& Tower with Radar,16,13,12,46,87,0,2,9,20,31,16,15,21,66,118,14,18,32,150
03/14/2023,MOB,AL,ASO,CE,Combined TRACON& Tower with Radar,16,16,9,72,113,0,0,24,34,58,16,16,33,106,171,0,22,22,193
03/15/2023,MOB,AL,ASO,CE,Combined TRACON& Tower with Radar,16,12,9,60,97,0,0,22,62,84,16,12,31,122,181,18,96,114,295
03/16/2023,MOB,AL,ASO,CE,Combined TRACON& Tower with Radar,15,12,10,93,130,0,0,10,45,55,15,12,20,138,185,34,90,124,309
03/17/2023,MOB,AL,ASO,CE,Combined TRACON& Tower with Radar,18,17,6,25,66,0,0,0,12,12,18,17,6,37,78,22,90,112,190
03/18/2023,MOB,AL,ASO,CE,Combined TRACON& Tower with Radar,18,12,2,6,38,0,0,13,10,23,18,12,15,16,61,24,0,24,85
03/19/2023,MOB,AL,ASO,CE,Combined TRACON& Tower with Radar,17,10,8,26,61,0,0,7,12,19,17,10,15,38,80,90,8,98,178
03/20/2023,MOB,AL,ASO,CE,Combined TRACON& Tower with Radar,18,12,11,41,82,0,0,16,36,52,18,12,27,77,134,8,4,12,146
03/21/2023,MOB,AL,ASO,CE,Combined TRACON& Tower with Radar,17,20,24,72,133,0,1,30,28,59,17,21,54,100,192,66,58,124,316
03/22/2023,MOB,AL,ASO,CE,Combined TRACON& Tower with Radar,15,12,15,47,89,0,0,27,40,67,15,12,42,87,156,12,282,294,450
03/23/2023,MOB,AL,ASO,CE,Combined TRACON& Tower with Radar,20,14,33,48,115,0,1,11,23,35,20,15,44,71,150,0,80,80,230
03/24/2023,MOB,AL,ASO,CE,Combined TRACON& Tower with Radar,16,12,14,55,97,0,0,5,9,14,16,12,19,64,111,0,0,0,111
03/25/2023,MOB,AL,ASO,CE,Combined TRACON& Tower with Radar,17,12,22,3,54,0,0,5,5,10,17,12,27,8,64,20,0,20,84
03/26/2023,MOB,AL,ASO,CE,Combined TRACON& Tower with Radar,13,10,9,2,34,0,0,0,1,1,13,10,9,3,35,0,0,0,35
03/27/2023,MOB,AL,ASO,CE,Combined TRACON& Tower with Radar,15,14,6,25,60,0,0,2,18,20,15,14,8,43,80,20,121,141,221
03/28/2023,MOB,AL,ASO,CE,Combined TRACON& Tower with Radar,16,14,11,32,73,0,0,5,19,24,16,14,16,51,97,26,8,34,131
03/29/2023,MOB,AL,ASO,CE,Combined TRACON& Tower with Radar,16,10,18,71,115,0,0,24,44,68,16,10,42,115,183,0,88,88,271
03/30/2023,MOB,AL,ASO,CE,Combined TRACON& Tower with Radar,16,10,14,45,85,0,0,16,29,45,16,10,30,74,130,0,16,16,146
03/31/2023,MOB,AL,ASO,CE,Combined TRACON& Tower with Radar,14,14,13,67,108,0,0,3,15,18,14,14,16,82,126,0,40,40,166
04/01/2023,MOB,AL,ASO,CE,Combined TRACON& Tower with Radar,15,16,15,8,54,0,0,2,15,17,15,16,17,23,71,0,30,30,101
04/02/2023,MOB,AL,ASO,CE,Combined TRACON& Tower with Radar,15,10,11,15,51,0,0,26,11,37,15,10,37,26,88,0,6,6,94
04/03/2023,MOB,AL,ASO,CE,Combined TRACON& Tower with Radar,16,12,11,78,117,0,1,1,10,12,16,13,12,88,129,12,76,88,217
04/04/2023,MOB,AL,ASO,CE,Combined TRACON& Tower with Radar,16,13,5,90,124,0,0,4,8,12,16,13,9,98,136,22,86,108,244
04/05/2023,MOB,AL,ASO,CE,Combined TRACON& Tower with Radar,13,11,20,61,105,0,0,3,12,15,13,11,23,73,120,0,16,16,136
04/06/2023,MOB,AL,ASO,CE,Combined TRACON& Tower with Radar,16,10,17,52,95,0,0,7,34,41,16,10,24,86,136,0,32,32,168
04/07/2023,MOB,AL,ASO,CE,Combined TRACON& Tower with Radar,16,11,5,21,53,0,0,1,6,7,16,11,6,27,60,0,0,0,60
04/08/2023,MOB,AL,ASO,CE,Combined TRACON& Tower with Radar,14,11,8,2,35,0,0,2,0,2,14,11,10,2,37,0,0,0,37
04/09/2023,MOB,AL,ASO,CE,Combined TRACON& Tower with Radar,16,11,5,0,32,0,0,1,1,2,16,11,6,1,34,0,0,0,34
04/10/2023,MOB,AL,ASO,CE,Combined TRACON& Tower with Radar,16,18,19,86,139,0,3,15,24,42,16,21,34,110,181,14,38,52,233
04/11/2023,MOB,AL,ASO,CE,Combined TRACON& Tower with Radar,15,12,10,86,123,0,0,20,37,57,15,12,30,123,180,0,86,86,266
04/12/2023,MOB,AL,ASO,CE,Combined TRACON& Tower with Radar,19,13,9,42,83,0,0,7,21,28,19,13,16,63,111,0,138,138,249
04/13/2023,MOB,AL,ASO,CE,Combined TRACON& Tower with Radar,15,12,16,31,74,0,0,7,14,21,15,12,23,45,95,0,0,0,95
04/14/2023,MOB,AL,ASO,CE,Combined TRACON& Tower with Radar,16,12,21,72,121,0,0,48,16,64,16,12,69,88,185,20,40,60,245
04/15/2023,MOB,AL,ASO,CE,Combined TRACON& Tower with Radar,15,10,8,1,34,0,0,3,4,7,15,10,11,5,41,16,28,44,85
04/16/2023,MOB,AL,ASO,CE,Combined TRACON& Tower with Radar,15,10,11,38,74,0,0,6,12,18,15,10,17,50,92,30,28,58,150
04/17/2023,MOB,AL,ASO,CE,Combined TRACON& Tower with Radar,16,12,13,55,96,0,1,17,17,35,16,13,30,72,131,16,12,28,159
04/18/2023,MOB,AL,ASO,CE,Combined TRACON& Tower with Radar,13,12,7,102,134,0,0,18,18,36,13,12,25,120,170,0,20,20,190
04/19/2023,MOB,AL,ASO,CE,Combined TRACON& Tower with Radar,16,18,11,56,101,0,4,25,35,64,16,22,36,91,165,14,40,54,219
04/20/2023,MOB,AL,ASO,CE,Combined TRACON& Tower with Radar,17,11,12,37,77,0,1,23,33,57,17,12,35,70,134,38,46,84,218
04/21/2023,MOB,AL,ASO,CE,Combined TRACON& Tower with Radar,16,11,11,63,101,0,1,11,24,36,16,12,22,87,137,32,16,48,185
04/22/2023,MOB,AL,ASO,CE,Combined TRACON& Tower with Radar,16,11,9,1,37,0,1,12,2,15,16,12,21,3,52,0,0,0,52
04/23/2023,MOB,AL,ASO,CE,Combined TRACON& Tower with Radar,15,12,17,10,54,0,0,31,7,38,15,12,48,17,92,62,24,86,178
04/24/2023,MOB,AL,ASO,CE,Combined TRACON& Tower with Radar,14,12,13,68,107,0,0,13,30,43,14,12,26,98,150,22,38,60,210
04/25/2023,MOB,AL,ASO,CE,Combined TRACON& Tower with Radar,13,16,20,95,144,0,2,16,37,55,13,18,36,132,199,2,4,6,205
04/26/2023,MOB,AL,ASO,CE,Combined TRACON& Tower with Radar,15,12,20,80,127,0,0,13,37,50,15,12,33,117,177,22,0,22,199
04/27/2023,MOB,AL,ASO,CE,Combined TRACON& Tower with Radar,15,10,6,7,38,0,0,0,12,12,15,10,6,19,50,0,86,86,136
04/28/2023,MOB,AL,ASO,CE,Combined TRACON& Tower with Radar,14,12,10,64,100,0,0,22,32,54,14,12,32,96,154,0,20,20,174
04/29/2023,MOB,AL,ASO,CE,Combined TRACON& Tower with Radar,16,18,3,6,43,0,0,0,5,5,16,18,3,11,48,0,0,0,48
04/30/2023,MOB,AL,ASO,CE,Combined TRACON& Tower with Radar,16,10,6,23,55,0,0,7,12,19,16,10,13,35,74,0,0,0,74
05/01/2023,MOB,AL,ASO,CE,Combined TRACON& Tower with Radar,16,10,10,48,84,0,0,15,34,49,16,10,25,82,133,0,0,0,133
05/02/2023,MOB,AL,ASO,CE,Combined TRACON& Tower with Radar,14,10,13,66,103,0,0,21,24,45,14,10,34,90,148,14,50,64,212
05/03/2023,MOB,AL,ASO,CE,Combined TRACON& Tower with Radar,15,15,13,89,132,0,0,23,33,56,15,15,36,122,188,10,14,24,212
05/04/2023,MOB,AL,ASO,CE,Combined TRACON& Tower with Radar,14,11,16,33,74,0,0,26,39,65,14,11,42,72,139,28,12,40,179
05/05/2023,MOB,AL,ASO,CE,Combined TRACON& Tower with Radar,16,14,10,34,74,0,0,2,9,11,16,14,12,43,85,0,30,30,115
05/06/2023,MOB,AL,ASO,CE,Combined TRACON& Tower with Radar,17,11,10,4,42,0,0,2,7,9,17,11,12,11,51,0,0,0,51
05/07/2023,MOB,AL,ASO,CE,Combined TRACON& Tower with Radar,20,11,18,41,90,0,0,6,7,13,20,11,24,48,103,22,0,22,125
05/08/2023,MOB,AL,ASO,CE,Combined TRACON& Tower with Radar,15,9,11,47,82,0,1,0,16,17,15,10,11,63,99,0,114,114,213
05/09/2023,MOB,AL,ASO,CE,Combined TRACON& Tower with Radar,14,9,12,43,78,0,0,4,26,30,14,9,16,69,108,0,58,58,166
05/10/2023,MOB,AL,ASO,CE,Combined TRACON& Tower with Radar,14,8,23,66,111,0,0,17,42,59,14,8,40,108,170,0,74,74,244
05/11/2023,MOB,AL,ASO,CE,Combined TRACON& Tower with Radar,17,10,11,53,91,0,0,6,35,41,17,10,17,88,132,0,44,44,176
05/12/2023,MOB,AL,ASO,CE,Combined TRACON& Tower with Radar,17,11,23,105,156,0,0,21,36,57,17,11,44,141,213,20,136,156,369
05/13/2023,MOB,AL,ASO,CE,Combined TRACON& Tower with Radar,16,10,7,13,46,0,0,23,15,38,16,10,30,28,84,0,26,26,110
05/14/2023,MOB,AL,ASO,CE,Combined TRACON& Tower with Radar,16,10,3,11,40,0,1,9,11,21,16,11,12,22,61,18,0,18,79
05/15/2023,MOB,AL,ASO,CE,Combined TRACON& Tower with Radar,16,11,13,48,88,0,0,9,49,58,16,11,22,97,146,0,162,162,308
05/16/2023,MOB,AL,ASO,CE,Combined TRACON& Tower with Radar,15,9,18,44,86,0,0,8,25,33,15,9,26,69,119,0,0,0,119
05/17/2023,MOB,AL,ASO,CE,Combined TRACON& Tower with Radar,15,10,8,36,69,0,0,2,23,25,15,10,10,59,94,0,48,48,142
05/18/2023,MOB,AL,ASO,CE,Combined TRACON& Tower with Radar,17,12,19,69,117,0,0,14,30,44,17,12,33,99,161,0,76,76,237
05/19/2023,MOB,AL,ASO,CE,Combined TRACON& Tower with Radar,13,13,26,24,76,0,1,14,30,45,13,14,40,54,121,0,8,8,129
05/20/2023,MOB,AL,ASO,CE,Combined TRACON& Tower with Radar,15,9,5,15,44,0,0,14,11,25,15,9,19,26,69,0,0,0,69
05/21/2023,MOB,AL,ASO,CE,Combined TRACON& Tower with Radar,17,14,12,53,96,0,0,4,35,39,17,14,16,88,135,56,26,82,217
05/22/2023,MOB,AL,ASO,CE,Combined TRACON& Tower with Radar,17,13,14,115,159,0,0,18,34,52,17,13,32,149,211,32,122,154,365
05/23/2023,MOB,AL,ASO,CE,Combined TRACON& Tower with Radar,15,10,13,64,102,0,0,9,30,39,15,10,22,94,141,4,0,4,145
05/24/2023,MOB,AL,ASO,CE,Combined TRACON& Tower with Radar,16,9,12,114,151,0,0,1,22,23,16,9,13,136,174,0,72,72,246
05/25/2023,MOB,AL,ASO,CE,Combined TRACON& Tower with Radar,17,18,18,72,125,0,0,19,41,60,17,18,37,113,185,24,18,42,227
05/26/2023,MOB,AL,ASO,CE,Combined TRACON& Tower with Radar,17,12,16,62,107,0,0,16,22,38,17,12,32,84,145,0,14,14,159
05/27/2023,MOB,AL,ASO,CE,Combined TRACON& Tower with Radar,14,9,7,18,48,0,0,8,2,10,14,9,15,20,58,0,12,12,70
05/28/2023,MOB,AL,ASO,CE,Combined TRACON& Tower with Radar,16,9,3,13,41,0,2,9,9,20,16,11,12,22,61,14,11,25,86
05/29/2023,MOB,AL,ASO,CE,Combined TRACON& Tower with Radar,14,8,8,0,30,0,0,8,2,10,14,8,16,2,40,16,0,16,56
05/30/2023,MOB,AL,ASO,CE,Combined TRACON& Tower with Radar,15,9,18,31,73,0,2,13,11,26,15,11,31,42,99,6,16,22,121
05/31/2023,MOB,AL,ASO,CE,Combined TRACON& Tower with Radar,16,10,12,145,183,0,0,11,40,51,16,10,23,185,234,8,42,50,284
06/01/2023,MOB,AL,ASO,CE,Combined TRACON& Tower with Radar,17,8,14,91,130,0,0,8,32,40,17,8,22,123,170,0,74,74,244
06/02/2023,MOB,AL,ASO,CE,Combined TRACON& Tower with Radar,17,7,18,67,109,0,0,5,26,31,17,7,23,93,140,0,0,0,140
06/03/2023,MOB,AL,ASO,CE,Combined TRACON& Tower with Radar,15,6,14,8,43,0,0,17,11,28,15,6,31,19,71,0,0,0,71
06/04/2023,MOB,AL,ASO,CE,Combined TRACON& Tower with Radar,16,8,9,14,47,0,0,8,5,13,16,8,17,19,60,6,30,36,96
06/05/2023,MOB,AL,ASO,CE,Combined TRACON& Tower with Radar,17,11,5,43,76,0,0,4,29,33,17,11,9,72,109,0,10,10,119
06/06/2023,MOB,AL,ASO,CE,Combined TRACON& Tower with Radar,13,16,21,128,178,0,0,6,52,58,13,16,27,180,236,0,110,110,346
06/07/2023,MOB,AL,ASO,CE,Combined TRACON& Tower with Radar,23,13,18,92,146,0,0,7,31,38,23,13,25,123,184,24,155,179,363
06/08/2023,MOB,AL,ASO,CE,Combined TRACON& Tower with Radar,26,6,9,58,99,0,0,11,49,60,26,6,20,107,159,48,138,186,345
06/09/2023,MOB,AL,ASO,CE,Combined TRACON& Tower with Radar,19,6,20,87,132,0,0,16,40,56,19,6,36,127,188,50,34,84,272
06/10/2023,MOB,AL,ASO,CE,Combined TRACON& Tower with Radar,13,5,5,12,35,0,0,5,10,15,13,5,10,22,50,0,6,6,56
06/11/2023,MOB,AL,ASO,CE,Combined TRACON& Tower with Radar,15,9,8,50,82,0,1,7,10,18,15,10,15,60,100,10,6,16,116
06/12/2023,MOB,AL,ASO,CE,Combined TRACON& Tower with Radar,17,10,5,70,102,0,0,7,23,30,17,10,12,93,132,0,44,44,176
06/13/2023,MOB,AL,ASO,CE,Combined TRACON& Tower with Radar,14,14,22,93,143,0,0,6,35,41,14,14,28,128,184,32,74,106,290
06/14/2023,MOB,AL,ASO,CE,Combined TRACON& Tower with Radar,17,8,9,147,181,0,0,7,30,37,17,8,16,177,218,10,106,116,334
06/15/2023,MOB,AL,ASO,CE,Combined TRACON& Tower with Radar,15,8,11,10,44,0,1,1,9,11,15,9,12,19,55,8,50,58,113
06/16/2023,MOB,AL,ASO,CE,Combined TRACON& Tower with Radar,26,8,17,33,84,0,0,3,14,17,26,8,20,47,101,0,14,14,115
06/17/2023,MOB,AL,ASO,CE,Combined TRACON& Tower with Radar,16,6,11,9,42,0,0,7,6,13,16,6,18,15,55,36,24,60,115
06/18/2023,MOB,AL,ASO,CE,Combined TRACON& Tower with Radar,16,9,5,0,30,0,0,2,2,4,16,9,7,2,34,0,0,0,34
06/19/2023,MOB,AL,ASO,CE,Combined TRACON& Tower with Radar,17,12,6,0,35,0,0,2,0,2,17,12,8,0,37,0,0,0,37
06/20/2023,MOB,AL,ASO,CE,Combined TRACON& Tower with Radar,15,10,10,59,94,0,0,11,37,48,15,10,21,96,142,30,20,50,192
06/21/2023,MOB,AL,ASO,CE,Combined TRACON& Tower with Radar,16,12,12,29,69,0,0,5,17,22,16,12,17,46,91,16,40,56,147
06/22/2023,MOB,AL,ASO,CE,Combined TRACON& Tower with Radar,19,9,11,126,165,0,1,16,49,66,19,10,27,175,231,0,50,50,281
06/23/2023,MOB,AL,ASO,CE,Combined TRACON& Tower with Radar,16,10,13,132,171,0,0,11,28,39,16,10,24,160,210,34,90,124,334
06/24/2023,MOB,AL,ASO,CE,Combined TRACON& Tower with Radar,15,5,24,45,89,0,0,26,23,49,15,5,50,68,138,0,22,22,160
06/25/2023,MOB,AL,ASO,CE,Combined TRACON& Tower with Radar,18,9,13,33,73,0,0,8,9,17,18,9,21,42,90,4,18,22,112
06/26/2023,MOB,AL,ASO,CE,Combined TRACON& Tower with Radar,17,10,9,94,130,0,0,19,42,61,17,10,28,136,191,42,40,82,273
06/27/2023,MOB,AL,ASO,CE,Combined TRACON& Tower with Radar,16,12,23,63,114,0,0,9,42,51,16,12,32,105,165,0,64,64,229
06/28/2023,MOB,AL,ASO,CE,Combined TRACON& Tower with Radar,18,9,9,112,148,0,2,22,35,59,18,11,31,147,207,22,20,42,249
06/29/2023,MOB,AL,ASO,CE,Combined TRACON& Tower with Radar,20,9,12,102,143,0,1,20,34,55,20,10,32,136,198,14,40,54,252
06/30/2023,MOB,AL,ASO,CE,Combined TRACON& Tower with Radar,20,8,20,86,134,0,0,25,18,43,20,8,45,104,177,16,42,58,235
07/01/2023,MOB,AL,ASO,CE,Combined TRACON& Tower with Radar,14,5,10,3,32,0,0,16,0,16,14,5,26,3,48,0,0,0,48
07/02/2023,MOB,AL,ASO,CE,Combined TRACON& Tower with Radar,15,6,8,4,33,0,0,6,7,13,15,6,14,11,46,14,0,14,60
07/03/2023,MOB,AL,ASO,CE,Combined TRACON& Tower with Radar,12,8,5,1,26,0,0,7,1,8,12,8,12,2,34,0,0,0,34
07/04/2023,MOB,AL,ASO,CE,Combined TRACON& Tower with Radar,15,6,9,1,31,0,0,2,1,3,15,6,11,2,34,0,0,0,34
07/05/2023,MOB,AL,ASO,CE,Combined TRACON& Tower with Radar,18,7,9,12,46,0,0,3,10,13,18,7,12,22,59,0,46,46,105
07/06/2023,MOB,AL,ASO,CE,Combined TRACON& Tower with Radar,14,6,9,49,78,0,0,11,29,40,14,6,20,78,118,0,58,58,176
07/07/2023,MOB,AL,ASO,CE,Combined TRACON& Tower with Radar,18,6,7,72,103,0,2,14,50,66,18,8,21,122,169,16,28,44,213
07/08/2023,MOB,AL,ASO,CE,Combined TRACON& Tower with Radar,16,6,10,18,50,0,0,11,7,18,16,6,21,25,68,0,18,18,86
07/09/2023,MOB,AL,ASO,CE,Combined TRACON& Tower with Radar,15,8,4,3,30,0,0,0,0,0,15,8,4,3,30,12,0,12,42
07/10/2023,MOB,AL,ASO,CE,Combined TRACON& Tower with Radar,17,7,9,6,39,0,0,3,7,10,17,7,12,13,49,0,80,80,129
07/11/2023,MOB,AL,ASO,CE,Combined TRACON& Tower with Radar,17,9,10,57,93,0,0,2,19,21,17,9,12,76,114,0,10,10,124
07/12/2023,MOB,AL,ASO,CE,Combined TRACON& Tower with Radar,18,6,11,47,82,0,0,6,30,36,18,6,17,77,118,0,70,70,188
07/13/2023,MOB,AL,ASO,CE,Combined TRACON& Tower with Radar,22,10,17,38,87,0,0,10,26,36,22,10,27,64,123,2,24,26,149
07/14/2023,MOB,AL,ASO,CE,Combined TRACON& Tower with Radar,19,11,14,32,76,0,4,12,48,64,19,15,26,80,140,0,74,74,214
07/15/2023,MOB,AL,ASO,CE,Combined TRACON& Tower with Radar,16,6,10,27,59,0,1,22,17,40,16,7,32,44,99,10,0,10,109
07/16/2023,MOB,AL,ASO,CE,Combined TRACON& Tower with Radar,16,7,16,21,60,0,0,7,26,33,16,7,23,47,93,0,10,10,103
07/17/2023,MOB,AL,ASO,CE,Combined TRACON& Tower with Radar,25,7,12,107,151,0,0,12,45,57,25,7,24,152,208,0,18,18,226
07/18/2023,MOB,AL,ASO,CE,Combined TRACON& Tower with Radar,15,10,15,95,135,0,1,9,35,45,15,11,24,130,180,10,16,26,206
07/19/2023,MOB,AL,ASO,CE,Combined TRACON& Tower with Radar,20,10,20,108,158,0,1,13,56,70,20,11,33,164,228,0,90,90,318
07/20/2023,MOB,AL,ASO,CE,Combined TRACON& Tower with Radar,20,6,15,42,83,0,0,21,45,66,20,6,36,87,149,0,78,78,227
07/21/2023,MOB,AL,ASO,CE,Combined TRACON& Tower with Radar,18,12,8,69,107,0,0,11,23,34,18,12,19,92,141,0,18,18,159
07/22/2023,MOB,AL,ASO,CE,Combined TRACON& Tower with Radar,16,6,6,9,37,0,0,4,5,9,16,6,10,14,46,0,0,0,46
07/23/2023,MOB,AL,ASO,CE,Combined TRACON& Tower with Radar,23,6,5,27,61,0,0,7,9,16,23,6,12,36,77,0,25,25,102
07/24/2023,MOB,AL,ASO,CE,Combined TRACON& Tower with Radar,20,9,12,44,85,0,0,10,30,40,20,9,22,74,125,6,42,48,173
07/25/2023,MOB,AL,ASO,CE,Combined TRACON& Tower with Radar,24,8,16,88,136,0,0,14,41,55,24,8,30,129,191,38,8,46,237
07/26/2023,MOB,AL,ASO,CE,Combined TRACON& Tower with Radar,22,7,11,50,90,0,0,18,35,53,22,7,29,85,143,4,82,86,229
07/27/2023,MOB,AL,ASO,CE,Combined TRACON& Tower with Radar,18,11,12,34,75,0,3,17,36,56,18,14,29,70,131,46,14,60,191
07/28/2023,MOB,AL,ASO,CE,Combined TRACON& Tower with Radar,17,8,16,124,165,0,0,8,34,42,17,8,24,158,207,12,48,60,267
07/29/2023,MOB,AL,ASO,CE,Combined TRACON& Tower with Radar,16,8,12,25,61,0,1,7,10,18,16,9,19,35,79,0,0,0,79
07/30/2023,MOB,AL,ASO,CE,Combined TRACON& Tower with Radar,22,9,9,20,60,0,0,4,8,12,22,9,13,28,72,0,0,0,72
07/31/2023,MOB,AL,ASO,CE,Combined TRACON& Tower with Radar,19,11,15,83,128,0,1,19,33,53,19,12,34,116,181,10,80,90,271
08/01/2023,MOB,AL,ASO,CE,Combined TRACON& Tower with Radar,27,11,13,84,135,0,1,7,54,62,27,12,20,138,197,6,10,16,213
08/02/2023,MOB,AL,ASO,CE,Combined TRACON& Tower with Radar,14,10,16,106,146,0,0,13,41,54,14,10,29,147,200,18,126,144,344
08/03/2023,MOB,AL,ASO,CE,Combined TRACON& Tower with Radar,18,9,11,73,111,0,0,16,45,61,18,9,27,118,172,0,66,66,238
08/04/2023,MOB,AL,ASO,CE,Combined TRACON& Tower with Radar,20,5,7,101,133,0,1,14,48,63,20,6,21,149,196,0,44,44,240
08/05/2023,MOB,AL,ASO,CE,Combined TRACON& Tower with Radar,14,13,6,4,37,0,0,4,13,17,14,13,10,17,54,0,18,18,72
08/06/2023,MOB,AL,ASO,CE,Combined TRACON& Tower with Radar,16,8,4,40,68,0,0,3,17,20,16,8,7,57,88,0,10,10,98
08/07/2023,MOB,AL,ASO,CE,Combined TRACON& Tower with Radar,12,9,12,84,117,0,0,9,39,48,12,9,21,123,165,0,22,22,187
08/08/2023,MOB,AL,ASO,CE,Combined TRACON& Tower with Radar,17,6,10,69,102,0,1,9,40,50,17,7,19,109,152,0,0,0,152
08/09/2023,MOB,AL,ASO,CE,Combined TRACON& Tower with Radar,16,8,18,99,141,0,0,6,41,47,16,8,24,140,188,0,14,14,202
08/10/2023,MOB,AL,ASO,CE,Combined TRACON& Tower with Radar,15,6,11,112,144,0,0,11,42,53,15,6,22,154,197,1,40,41,238
08/11/2023,MOB,AL,ASO,CE,Combined TRACON& Tower with Radar,16,6,12,66,100,0,1,12,38,51,16,7,24,104,151,0,36,36,187
08/12/2023,MOB,AL,ASO,CE,Combined TRACON& Tower with Radar,14,4,5,8,31,0,0,7,14,21,14,4,12,22,52,0,22,22,74
08/13/2023,MOB,AL,ASO,CE,Combined TRACON& Tower with Radar,19,6,8,32,65,0,0,4,11,15,19,6,12,43,80,0,28,28,108
08/14/2023,MOB,AL,ASO,CE,Combined TRACON& Tower with Radar,16,12,11,127,166,0,0,5,32,37,16,12,16,159,203,0,70,70,273
08/15/2023,MOB,AL,ASO,CE,Combined TRACON& Tower with Radar,19,5,7,56,87,0,0,6,37,43,19,5,13,93,130,8,10,18,148
08/16/2023,MOB,AL,ASO,CE,Combined TRACON& Tower with Radar,20,11,17,91,139,0,0,9,29,38,20,11,26,120,177,0,60,60,237
08/17/2023,MOB,AL,ASO,CE,Combined TRACON& Tower with Radar,19,8,8,67,102,0,0,17,38,55,19,8,25,105,157,4,20,24,181
08/18/2023,MOB,AL,ASO,CE,Combined TRACON& Tower with Radar,18,7,16,75,116,0,2,15,40,57,18,9,31,115,173,0,68,68,241
08/19/2023,MOB,AL,ASO,CE,Combined TRACON& Tower with Radar,14,11,6,12,43,0,2,13,10,25,14,13,19,22,68,0,22,22,90
08/20/2023,MOB,AL,ASO,CE,Combined TRACON& Tower with Radar,15,7,9,46,77,0,0,17,14,31,15,7,26,60,108,0,8,8,116
08/21/2023,MOB,AL,ASO,CE,Combined TRACON& Tower with Radar,18,8,13,92,131,0,0,12,38,50,18,8,25,130,181,0,48,48,229
08/22/2023,MOB,AL,ASO,CE,Combined TRACON& Tower with Radar,20,7,8,72,107,0,0,11,34,45,20,7,19,106,152,8,8,16,168
08/23/2023,MOB,AL,ASO,CE,Combined TRACON& Tower with Radar,16,6,10,78,110,0,0,22,36,58,16,6,32,114,168,22,88,110,278
08/24/2023,MOB,AL,ASO,CE,Combined TRACON& Tower with Radar,15,8,16,49,88,0,0,21,33,54,15,8,37,82,142,14,2,16,158
08/25/2023,MOB,AL,ASO,CE,Combined TRACON& Tower with Radar,16,9,16,75,116,0,1,18,32,51,16,10,34,107,167,26,4,30,197
08/26/2023,MOB,AL,ASO,CE,Combined TRACON& Tower with Radar,14,9,13,14,50,0,1,20,4,25,14,10,33,18,75,0,0,0,75
08/27/2023,MOB,AL,ASO,CE,Combined TRACON& Tower with Radar,16,5,19,28,68,0,0,13,14,27,16,5,32,42,95,6,0,6,101
08/28/2023,MOB,AL,ASO,CE,Combined TRACON& Tower with Radar,14,11,9,11,45,0,0,7,17,24,14,11,16,28,69,0,28,28,97
08/29/2023,MOB,AL,ASO,CE,Combined TRACON& Tower with Radar,15,7,11,39,72,0,0,6,33,39,15,7,17,72,111,28,18,46,157
08/30/2023,MOB,AL,ASO,CE,Combined TRACON& Tower with Radar,14,15,9,85,123,0,1,3,25,29,14,16,12,110,152,0,52,52,204
08/31/2023,MOB,AL,ASO,CE,Combined TRACON& Tower with Radar,19,6,22,75,122,0,0,19,31,50,19,6,41,106,172,10,16,26,198
01/01/2020,MOB,AL,ASO,CE,Combined TRACON& Tower with Radar,10,17,4,5,36,0,0,13,1,14,10,17,17,6,50,0,0,0,50
01/02/2020,MOB,AL,ASO,CE,Combined TRACON& Tower with Radar,7,30,16,16,69,0,0,0,0,0,7,30,16,16,69,0,20,20,89
01/03/2020,MOB,AL,ASO,CE,Combined TRACON& Tower with Radar,7,26,4,41,78,0,0,0,6,6,7,26,4,47,84,0,102,102,186
01/04/2020,MOB,AL,ASO,CE,Combined TRACON& Tower with Radar,7,31,5,22,65,0,0,6,26,32,7,31,11,48,97,6,50,56,153
01/05/2020,MOB,AL,ASO,CE,Combined TRACON& Tower with Radar,7,30,6,44,87,0,0,16,27,43,7,30,22,71,130,0,0,0,130
01/06/2020,MOB,AL,ASO,CE,Combined TRACON& Tower with Radar,11,29,7,120,167,0,0,22,19,41,11,29,29,139,208,8,114,122,330
01/07/2020,MOB,AL,ASO,CE,Combined TRACON& Tower with Radar,11,26,2,110,149,0,1,15,39,55,11,27,17,149,204,10,90,100,304
01/08/2020,MOB,AL,ASO,CE,Combined TRACON& Tower with Radar,11,33,6,63,113,0,2,19,64,85,11,35,25,127,198,38,76,114,312
01/09/2020,MOB,AL,ASO,CE,Combined TRACON& Tower with Radar,15,27,11,105,158,0,0,11,72,83,15,27,22,177,241,12,114,126,367
01/10/2020,MOB,AL,ASO,CE,Combined TRACON& Tower with Radar,15,26,8,35,84,0,1,0,12,13,15,27,8,47,97,24,84,108,205
01/11/2020,MOB,AL,ASO,CE,Combined TRACON& Tower with Radar,9,12,2,2,25,0,1,0,0,1,9,13,2,2,26,0,0,0,26
01/12/2020,MOB,AL,ASO,CE,Combined TRACON& Tower with Radar,14,24,7,22,67,0,0,6,3,9,14,24,13,25,76,32,18,50,126
01/13/2020,MOB,AL,ASO,CE,Combined TRACON& Tower with Radar,12,22,7,12,53,0,0,0,0,0,12,22,7,12,53,6,2,8,61
01/14/2020,MOB,AL,ASO,CE,Combined TRACON& Tower with Radar,11,26,15,104,156,0,0,1,12,13,11,26,16,116,169,14,114,128,297
01/15/2020,MOB,AL,ASO,CE,Combined TRACON& Tower with Radar,13,29,14,106,162,0,0,5,19,24,13,29,19,125,186,38,46,84,270
01/16/2020,MOB,AL,ASO,CE,Combined TRACON& Tower with Radar,13,25,5,181,224,0,0,0,14,14,13,25,5,195,238,8,94,102,340
01/17/2020,MOB,AL,ASO,CE,Combined TRACON& Tower with Radar,14,25,7,88,134,0,0,4,34,38,14,25,11,122,172,32,76,108,280
01/18/2020,MOB,AL,ASO,CE,Combined TRACON& Tower with Radar,12,12,3,4,31,0,0,0,0,0,12,12,3,4,31,0,0,0,31
01/19/2020,MOB,AL,ASO,CE,Combined TRACON& Tower with Radar,9,22,5,39,75,0,0,14,25,39,9,22,19,64,114,0,56,56,170
01/20/2020,MOB,AL,ASO,CE,Combined TRACON& Tower with Radar,18,26,2,2,48,0,0,11,2,13,18,26,13,4,61,0,0,0,61
01/21/2020,MOB,AL,ASO,CE,Combined TRACON& Tower with Radar,11,23,18,109,161,0,0,18,54,72,11,23,36,163,233,18,76,94,327
01/22/2020,MOB,AL,ASO,CE,Combined TRACON& Tower with Radar,10,29,12,159,210,0,0,13,62,75,10,29,25,221,285,52,128,180,465
01/23/2020,MOB,AL,ASO,CE,Combined TRACON& Tower with Radar,20,25,7,159,211,0,0,0,19,19,20,25,7,178,230,0,120,120,350
01/24/2020,MOB,AL,ASO,CE,Combined TRACON& Tower with Radar,15,27,4,98,144,0,1,3,36,40,15,28,7,134,184,0,96,96,280
01/25/2020,MOB,AL,ASO,CE,Combined TRACON& Tower with Radar,12,19,9,11,51,0,1,13,18,32,12,20,22,29,83,76,30,106,189
01/26/2020,MOB,AL,ASO,CE,Combined TRACON& Tower with Radar,12,22,7,17,58,0,0,2,5,7,12,22,9,22,65,28,22,50,115
01/27/2020,MOB,AL,ASO,CE,Combined TRACON& Tower with Radar,14,29,9,82,134,0,0,0,18,18,14,29,9,100,152,12,76,88,240
01/28/2020,MOB,AL,ASO,CE,Combined TRACON& Tower with Radar,11,24,6,129,170,0,0,14,64,78,11,24,20,193,248,10,68,78,326
01/29/2020,MOB,AL,ASO,CE,Combined TRACON& Tower with Radar,11,26,4,202,243,0,0,0,11,11,11,26,4,213,254,28,78,106,360
01/30/2020,MOB,AL,ASO,CE,Combined TRACON& Tower with Radar,14,26,7,87,134,0,0,12,52,64,14,26,19,139,198,14,96,110,308
01/31/2020,MOB,AL,ASO,CE,Combined TRACON& Tower with Radar,12,25,10,55,102,0,0,0,1,1,12,25,10,56,103,0,22,22,125
02/01/2020,MOB,AL,ASO,CE,Combined TRACON& Tower with Radar,12,13,5,40,70,0,0,7,5,12,12,13,12,45,82,8,0,8,90
02/02/2020,MOB,AL,ASO,CE,Combined TRACON& Tower with Radar,11,22,6,44,83,1,0,15,22,38,12,22,21,66,121,46,26,72,193
02/03/2020,MOB,AL,ASO,CE,Combined TRACON& Tower with Radar,14,31,9,179,233,0,0,20,80,100,14,31,29,259,333,20,72,92,425
02/04/2020,MOB,AL,ASO,CE,Combined TRACON& Tower with Radar,11,26,9,159,205,0,1,5,38,44,11,27,14,197,249,14,146,160,409
02/05/2020,MOB,AL,ASO,CE,Combined TRACON& Tower with Radar,11,30,1,17,59,0,0,0,5,5,11,30,1,22,64,8,100,108,172
02/06/2020,MOB,AL,ASO,CE,Combined TRACON& Tower with Radar,14,19,1,16,50,0,0,0,10,10,14,19,1,26,60,10,122,132,192
02/07/2020,MOB,AL,ASO,CE,Combined TRACON& Tower with Radar,14,29,7,114,164,0,3,17,63,83,14,32,24,177,247,0,116,116,363
02/08/2020,MOB,AL,ASO,CE,Combined TRACON& Tower with Radar,12,14,4,8,38,0,0,12,12,24,12,14,16,20,62,28,0,28,90
02/09/2020,MOB,AL,ASO,CE,Combined TRACON& Tower with Radar,13,24,4,92,133,0,0,13,29,42,13,24,17,121,175,10,0,10,185
02/10/2020,MOB,AL,ASO,CE,Combined TRACON& Tower with Radar,14,25,3,101,143,0,0,2,20,22,14,25,5,121,165,0,128,128,293
02/11/2020,MOB,AL,ASO,CE,Combined TRACON& Tower with Radar,14,28,2,90,134,0,0,2,6,8,14,28,4,96,142,54,130,184,326
02/12/2020,MOB,AL,ASO,CE,Combined TRACON& Tower with Radar,11,25,10,90,136,0,0,0,3,3,11,25,10,93,139,0,114,114,253
02/13/2020,MOB,AL,ASO,CE,Combined TRACON& Tower with Radar,9,32,14,156,211,0,0,6,53,59,9,32,20,209,270,40,82,122,392
02/14/2020,MOB,AL,ASO,CE,Combined TRACON& Tower with Radar,7,31,7,88,133,0,0,26,43,69,7,31,33,131,202,14,80,94,296
02/15/2020,MOB,AL,ASO,CE,Combined TRACON& Tower with Radar,8,19,9,9,45,0,0,19,9,28,8,19,28,18,73,22,4,26,99
02/16/2020,MOB,AL,ASO,CE,Combined TRACON& Tower with Radar,7,25,1,4,37,0,0,0,0,0,7,25,1,4,37,0,0,0,37
02/17/2020,MOB,AL,ASO,CE,Combined TRACON& Tower with Radar,8,38,19,3,68,0,0,6,0,6,8,38,25,3,74,26,0,26,100
02/18/2020,MOB,AL,ASO,CE,Combined TRACON& Tower with Radar,10,31,11,68,120,0,0,0,3,3,10,31,11,71,123,0,77,77,200
02/19/2020,MOB,AL,ASO,CE,Combined TRACON& Tower with Radar,8,33,18,93,152,0,0,4,19,23,8,33,22,112,175,18,74,92,267
02/20/2020,MOB,AL,ASO,CE,Combined TRACON& Tower with Radar,10,33,9,33,85,0,0,0,2,2,10,33,9,35,87,0,0,0,87
02/21/2020,MOB,AL,ASO,CE,Combined TRACON& Tower with Radar,8,34,7,141,190,0,0,12,61,73,8,34,19,202,263,2,109,111,374
02/22/2020,MOB,AL,ASO,CE,Combined TRACON& Tower with Radar,8,24,8,22,62,0,3,21,12,36,8,27,29,34,98,14,38,52,150
02/23/2020,MOB,AL,ASO,CE,Combined TRACON& Tower with Radar,8,35,6,47,96,0,1,16,44,61,8,36,22,91,157,10,14,24,181
02/24/2020,MOB,AL,ASO,CE,Combined TRACON& Tower with Radar,7,32,3,129,171,0,1,0,29,30,7,33,3,158,201,0,50,50,251
02/25/2020,MOB,AL,ASO,CE,Combined TRACON& Tower with Radar,8,33,9,87,137,0,1,4,18,23,8,34,13,105,160,12,52,64,224
02/26/2020,MOB,AL,ASO,CE,Combined TRACON& Tower with Radar,8,33,10,92,143,0,0,5,39,44,8,33,15,131,187,40,80,120,307
02/27/2020,MOB,AL,ASO,CE,Combined TRACON& Tower with Radar,7,41,22,81,151,0,0,9,60,69,7,41,31,141,220,48,70,118,338
02/28/2020,MOB,AL,ASO,CE,Combined TRACON& Tower with Radar,8,35,4,93,140,0,0,14,52,66,8,35,18,145,206,16,16,32,238
02/29/2020,MOB,AL,ASO,CE,Combined TRACON& Tower with Radar,8,19,2,17,46,0,0,22,11,33,8,19,24,28,79,16,0,16,95
03/01/2020,MOB,AL,ASO,CE,Combined TRACON& Tower with Radar,8,28,6,31,73,0,0,11,17,28,8,28,17,48,101,0,0,0,101
03/02/2020,MOB,AL,ASO,CE,Combined TRACON& Tower with Radar,8,31,3,91,133,0,1,1,42,44,8,32,4,133,177,20,84,104,281
03/03/2020,MOB,AL,ASO,CE,Combined TRACON& Tower with Radar,8,30,10,102,150,0,0,3,30,33,8,30,13,132,183,0,152,152,335
03/04/2020,MOB,AL,ASO,CE,Combined TRACON& Tower with Radar,8,29,2,0,39,0,0,0,0,0,8,29,2,0,39,0,0,0,39
03/05/2020,MOB,AL,ASO,CE,Combined TRACON& Tower with Radar,8,34,4,87,133,0,0,0,22,22,8,34,4,109,155,46,74,120,275
03/06/2020,MOB,AL,ASO,CE,Combined TRACON& Tower with Radar,7,29,10,126,172,0,0,20,88,108,7,29,30,214,280,26,124,150,430
03/07/2020,MOB,AL,ASO,CE,Combined TRACON& Tower with Radar,8,21,8,16,53,0,1,21,14,36,8,22,29,30,89,70,40,110,199
03/08/2020,MOB,AL,ASO,CE,Combined TRACON& Tower with Radar,8,29,13,25,75,0,1,14,16,31,8,30,27,41,106,0,0,0,106
03/09/2020,MOB,AL,ASO,CE,Combined TRACON& Tower with Radar,10,34,14,148,206,0,0,7,38,45,10,34,21,186,251,26,88,114,365
03/10/2020,MOB,AL,ASO,CE,Combined TRACON& Tower with Radar,8,33,10,188,239,0,1,2,43,46,8,34,12,231,285,4,132,136,421
03/11/2020,MOB,AL,ASO,CE,Combined TRACON& Tower with Radar,5,33,15,219,272,0,0,6,27,33,5,33,21,246,305,56,112,168,473
03/12/2020,MOB,AL,ASO,CE,Combined TRACON& Tower with Radar,10,29,12,101,152,0,0,8,58,66,10,29,20,159,218,36,108,144,362
03/13/2020,MOB,AL,ASO,CE,Combined TRACON& Tower with Radar,11,37,15,98,161,0,0,3,32,35,11,37,18,130,196,0,94,94,290
03/14/2020,MOB,AL,ASO,CE,Combined TRACON& Tower with Radar,10,28,6,17,61,0,0,11,14,25,10,28,17,31,86,0,0,0,86
03/15/2020,MOB,AL,ASO,CE,Combined TRACON& Tower with Radar,11,27,8,39,85,0,2,11,35,48,11,29,19,74,133,0,0,0,133
03/16/2020,MOB,AL,ASO,CE,Combined TRACON& Tower with Radar,12,28,15,106,161,0,0,3,31,34,12,28,18,137,195,0,0,0,195
03/17/2020,MOB,AL,ASO,CE,Combined TRACON& Tower with Radar,10,30,9,99,148,0,0,4,30,34,10,30,13,129,182,4,93,97,279
03/18/2020,MOB,AL,ASO,CE,Combined TRACON& Tower with Radar,8,31,2,158,199,0,0,7,28,35,8,31,9,186,234,34,58,92,326
03/19/2020,MOB,AL,ASO,CE,Combined TRACON& Tower with Radar,8,28,4,120,160,0,0,10,20,30,8,28,14,140,190,40,30,70,260
03/20/2020,MOB,AL,ASO,CE,Combined TRACON& Tower with Radar,8,25,6,152,191,0,0,9,27,36,8,25,15,179,227,0,20,20,247
03/21/2020,MOB,AL,ASO,CE,Combined TRACON& Tower with Radar,16,14,2,41,73,0,0,2,11,13,16,14,4,52,86,0,38,38,124
03/22/2020,MOB,AL,ASO,CE,Combined TRACON& Tower with Radar,12,19,4,60,95,0,0,3,26,29,12,19,7,86,124,0,20,20,144
03/23/2020,MOB,AL,ASO,CE,Combined TRACON& Tower with Radar,8,22,0,73,103,0,0,1,29,30,8,22,1,102,133,0,0,0,133
03/24/2020,MOB,AL,ASO,CE,Combined TRACON& Tower with Radar,7,17,5,77,106,0,0,3,25,28,7,17,8,102,134,20,66,86,220
03/25/2020,MOB,AL,ASO,CE,Combined TRACON& Tower with Radar,5,19,4,148,176,0,1,12,38,51,5,20,16,186,227,0,44,44,271
03/26/2020,MOB,AL,ASO,CE,Combined TRACON& Tower with Radar,6,13,6,121,146,0,0,9,33,42,6,13,15,154,188,0,90,90,278
03/27/2020,MOB,AL,ASO,CE,Combined TRACON& Tower with Radar,5,13,8,141,167,0,0,13,41,54,5,13,21,182,221,12,40,52,273
03/28/2020,MOB,AL,ASO,CE,Combined TRACON& Tower with Radar,10,13,6,32,61,0,0,6,26,32,10,13,12,58,93,26,46,72,165
03/29/2020,MOB,AL,ASO,CE,Combined TRACON& Tower with Radar,10,15,5,50,80,0,0,5,20,25,10,15,10,70,105,0,0,0,105
03/30/2020,MOB,AL,ASO,CE,Combined TRACON& Tower with Radar,7,18,4,90,119,0,0,8,47,55,7,18,12,137,174,9,16,25,199
03/31/2020,MOB,AL,ASO,CE,Combined TRACON& Tower with Radar,9,13,0,56,78,0,0,0,26,26,9,13,0,82,104,0,120,120,224
04/01/2020,MOB,AL,ASO,CE,Combined TRACON& Tower with Radar,7,15,3,65,90,0,0,14,34,48,7,15,17,99,138,38,68,106,244
04/02/2020,MOB,AL,ASO,CE,Combined TRACON& Tower with Radar,7,11,9,55,82,0,0,21,31,52,7,11,30,86,134,18,104,122,256
04/03/2020,MOB,AL,ASO,CE,Combined TRACON& Tower with Radar,7,13,6,72,98,0,1,11,30,42,7,14,17,102,140,10,106,116,256
04/04/2020,MOB,AL,ASO,CE,Combined TRACON& Tower with Radar,7,9,5,23,44,0,0,4,20,24,7,9,9,43,68,26,36,62,130
04/05/2020,MOB,AL,ASO,CE,Combined TRACON& Tower with Radar,10,9,4,23,46,0,0,6,35,41,10,9,10,58,87,0,56,56,143
04/06/2020,MOB,AL,ASO,CE,Combined TRACON& Tower with Radar,5,14,5,116,140,0,0,17,30,47,5,14,22,146,187,0,106,106,293
04/07/2020,MOB,AL,ASO,CE,Combined TRACON& Tower with Radar,7,11,5,138,161,0,1,4,15,20,7,12,9,153,181,12,142,154,335
04/08/2020,MOB,AL,ASO,CE,Combined TRACON& Tower with Radar,7,12,4,137,160,0,0,2,19,21,7,12,6,156,181,0,168,168,349
04/09/2020,MOB,AL,ASO,CE,Combined TRACON& Tower with Radar,8,13,10,114,145,0,1,8,35,44,8,14,18,149,189,6,92,98,287
04/10/2020,MOB,AL,ASO,CE,Combined TRACON& Tower with Radar,8,9,3,15,35,0,0,7,2,9,8,9,10,17,44,44,64,108,152
04/11/2020,MOB,AL,ASO,CE,Combined TRACON& Tower with Radar,7,8,1,4,20,0,0,6,1,7,7,8,7,5,27,26,0,26,53
04/12/2020,MOB,AL,ASO,CE,Combined TRACON& Tower with Radar,8,11,0,0,19,0,0,0,0,0,8,11,0,0,19,0,0,0,19
04/13/2020,MOB,AL,ASO,CE,Combined TRACON& Tower with Radar,6,9,6,102,123,0,0,12,39,51,6,9,18,141,174,20,82,102,276
04/14/2020,MOB,AL,ASO,CE,Combined TRACON& Tower with Radar,6,8,6,63,83,0,1,9,38,48,6,9,15,101,131,20,80,100,231
04/15/2020,MOB,AL,ASO,CE,Combined TRACON& Tower with Radar,4,9,5,126,144,0,0,4,53,57,4,9,9,179,201,22,76,98,299
04/16/2020,MOB,AL,ASO,CE,Combined TRACON& Tower with Radar,4,11,8,108,131,0,2,13,64,79,4,13,21,172,210,0,0,0,210
04/17/2020,MOB,AL,ASO,CE,Combined TRACON& Tower with Radar,5,7,6,93,111,0,0,7,33,40,5,7,13,126,151,0,82,82,233
04/18/2020,MOB,AL,ASO,CE,Combined TRACON& Tower with Radar,3,5,0,26,34,0,0,2,16,18,3,5,2,42,52,2,30,32,84
04/19/2020,MOB,AL,ASO,CE,Combined TRACON& Tower with Radar,4,7,0,20,31,0,0,0,12,12,4,7,0,32,43,0,0,0,43
04/20/2020,MOB,AL,ASO,CE,Combined TRACON& Tower with Radar,4,8,2,65,79,0,0,9,38,47,4,8,11,103,126,8,94,102,228
04/21/2020,MOB,AL,ASO,CE,Combined TRACON& Tower with Radar,3,6,2,72,83,0,0,21,45,66,3,6,23,117,149,14,94,108,257
04/22/2020,MOB,AL,ASO,CE,Combined TRACON& Tower with Radar,3,11,3,80,97,0,0,11,53,64,3,11,14,133,161,20,86,106,267
04/23/2020,MOB,AL,ASO,CE,Combined TRACON& Tower with Radar,4,5,2,5,16,0,0,0,6,6,4,5,2,11,22,18,94,112,134
04/24/2020,MOB,AL,ASO,CE,Combined TRACON& Tower with Radar,4,9,3,71,87,0,0,7,43,50,4,9,10,114,137,0,120,120,257
04/25/2020,MOB,AL,ASO,CE,Combined TRACON& Tower with Radar,1,7,0,50,58,0,1,15,48,64,1,8,15,98,122,0,0,0,122
04/26/2020,MOB,AL,ASO,CE,Combined TRACON& Tower with Radar,3,9,4,52,68,0,0,12,32,44,3,9,16,84,112,0,0,0,112
04/27/2020,MOB,AL,ASO,CE,Combined TRACON& Tower with Radar,4,10,6,103,123,0,2,10,36,48,4,12,16,139,171,0,104,104,275
04/28/2020,MOB,AL,ASO,CE,Combined TRACON& Tower with Radar,7,6,5,93,111,0,0,12,48,60,7,6,17,141,171,0,106,106,277
04/29/2020,MOB,AL,ASO,CE,Combined TRACON& Tower with Radar,3,7,0,93,103,0,0,0,17,17,3,7,0,110,120,0,134,134,254
04/30/2020,MOB,AL,ASO,CE,Combined TRACON& Tower with Radar,4,10,11,103,128,0,3,9,28,40,4,13,20,131,168,38,22,60,228
05/01/2020,MOB,AL,ASO,CE,Combined TRACON& Tower with Radar,4,14,3,97,118,0,2,6,48,56,4,16,9,145,174,56,14,70,244
05/02/2020,MOB,AL,ASO,CE,Combined TRACON& Tower with Radar,5,7,3,32,47,0,0,10,23,33,5,7,13,55,80,14,0,14,94
05/03/2020,MOB,AL,ASO,CE,Combined TRACON& Tower with Radar,6,9,10,34,59,0,0,12,28,40,6,9,22,62,99,8,22,30,129
05/04/2020,MOB,AL,ASO,CE,Combined TRACON& Tower with Radar,6,9,4,86,105,0,2,12,42,56,6,11,16,128,161,12,8,20,181
05/05/2020,MOB,AL,ASO,CE,Combined TRACON& Tower with Radar,5,11,9,162,187,0,1,11,54,66,5,12,20,216,253,0,62,62,315
05/06/2020,MOB,AL,ASO,CE,Combined TRACON& Tower with Radar,5,11,2,86,104,0,3,14,39,56,5,14,16,125,160,14,72,86,246
05/07/2020,MOB,AL,ASO,CE,Combined TRACON& Tower with Radar,3,14,11,188,216,0,1,18,62,81,3,15,29,250,297,0,0,0,297
05/08/2020,MOB,AL,ASO,CE,Combined TRACON& Tower with Radar,2,12,5,63,82,0,0,8,16,24,2,12,13,79,106,0,0,0,106
05/09/2020,MOB,AL,ASO,CE,Combined TRACON& Tower with Radar,2,10,2,86,100,0,0,4,33,37,2,10,6,119,137,0,0,0,137
05/10/2020,MOB,AL,ASO,CE,Combined TRACON& Tower with Radar,2,14,0,28,44,0,2,6,16,24,2,16,6,44,68,0,0,0,68
05/11/2020,MOB,AL,ASO,CE,Combined TRACON& Tower with Radar,2,11,8,122,143,0,1,15,36,52,2,12,23,158,195,12,2,14,209
05/12/2020,MOB,AL,ASO,CE,Combined TRACON& Tower with Radar,2,8,4,122,136,0,0,15,46,61,2,8,19,168,197,0,0,0,197
05/13/2020,MOB,AL,ASO,CE,Combined TRACON& Tower with Radar,2,10,11,132,155,0,1,11,41,53,2,11,22,173,208,0,0,0,208
05/14/2020,MOB,AL,ASO,CE,Combined TRACON& Tower with Radar,2,9,8,105,124,0,1,10,42,53,2,10,18,147,177,0,0,0,177
05/15/2020,MOB,AL,ASO,CE,Combined TRACON& Tower with Radar,2,10,6,145,163,0,2,4,35,41,2,12,10,180,204,0,0,0,204
05/16/2020,MOB,AL,ASO,CE,Combined TRACON& Tower with Radar,4,10,5,27,46,0,0,9,21,30,4,10,14,48,76,0,0,0,76
05/17/2020,MOB,AL,ASO,CE,Combined TRACON& Tower with Radar,2,12,6,45,65,0,0,3,9,12,2,12,9,54,77,0,0,0,77
05/18/2020,MOB,AL,ASO,CE,Combined TRACON& Tower with Radar,2,13,6,98,119,0,0,3,41,44,2,13,9,139,163,0,0,0,163
05/19/2020,MOB,AL,ASO,CE,Combined TRACON& Tower with Radar,2,10,12,124,148,0,2,8,34,44,2,12,20,158,192,18,64,82,274
05/20/2020,MOB,AL,ASO,CE,Combined TRACON& Tower with Radar,2,11,6,41,60,0,0,0,20,20,2,11,6,61,80,0,68,68,148
05/21/2020,MOB,AL,ASO,CE,Combined TRACON& Tower with Radar,2,12,7,55,76,0,0,14,26,40,2,12,21,81,116,0,0,0,116
05/22/2020,MOB,AL,ASO,CE,Combined TRACON& Tower with Radar,4,11,4,4,23,0,0,5,14,19,4,11,9,18,42,0,0,0,42
05/23/2020,MOB,AL,ASO,CE,Combined TRACON& Tower with Radar,2,10,4,2,18,0,0,1,4,5,2,10,5,6,23,0,0,0,23
05/24/2020,MOB,AL,ASO,CE,Combined TRACON& Tower with Radar,2,12,3,7,24,0,0,3,2,5,2,12,6,9,29,0,0,0,29
05/25/2020,MOB,AL,ASO,CE,Combined TRACON& Tower with Radar,2,11,5,0,18,0,0,1,6,7,2,11,6,6,25,0,0,0,25
05/26/2020,MOB,AL,ASO,CE,Combined TRACON& Tower with Radar,2,13,3,24,42,0,0,0,9,9,2,13,3,33,51,0,0,0,51
05/27/2020,MOB,AL,ASO,CE,Combined TRACON& Tower with Radar,2,11,11,53,77,0,0,1,24,25,2,11,12,77,102,0,0,0,102
05/28/2020,MOB,AL,ASO,CE,Combined TRACON& Tower with Radar,2,10,14,141,167,0,1,5,62,68,2,11,19,203,235,0,0,0,235
05/29/2020,MOB,AL,ASO,CE,Combined TRACON& Tower with Radar,2,10,16,117,145,0,1,9,26,36,2,11,25,143,181,0,0,0,181
05/30/2020,MOB,AL,ASO,CE,Combined TRACON& Tower with Radar,8,10,5,46,69,0,2,10,14,26,8,12,15,60,95,0,0,0,95
05/31/2020,MOB,AL,ASO,CE,Combined TRACON& Tower with Radar,2,11,6,54,73,0,0,17,29,46,2,11,23,83,119,14,12,26,145
06/01/2020,MOB,AL,ASO,CE,Combined TRACON& Tower with Radar,2,12,14,107,135,0,0,8,56,64,2,12,22,163,199,0,0,0,199
06/02/2020,MOB,AL,ASO,CE,Combined TRACON& Tower with Radar,3,10,2,38,53,0,0,2,20,22,3,10,4,58,75,0,12,12,87
06/03/2020,MOB,AL,ASO,CE,Combined TRACON& Tower with Radar,2,12,0,91,105,0,0,0,37,37,2,12,0,128,142,0,0,0,142
06/04/2020,MOB,AL,ASO,CE,Combined TRACON& Tower with Radar,2,10,2,63,77,0,0,7,42,49,2,10,9,105,126,0,0,0,126
06/05/2020,MOB,AL,ASO,CE,Combined TRACON& Tower with Radar,2,12,4,123,141,0,0,8,38,46,2,12,12,161,187,10,46,56,243
06/06/2020,MOB,AL,ASO,CE,Combined TRACON& Tower with Radar,2,10,5,10,27,0,0,2,3,5,2,10,7,13,32,0,0,0,32
06/07/2020,MOB,AL,ASO,CE,Combined TRACON& Tower with Radar,2,13,0,0,15,0,0,0,0,0,2,13,0,0,15,0,0,0,15
06/08/2020,MOB,AL,ASO,CE,Combined TRACON& Tower with Radar,2,11,1,8,22,0,0,2,5,7,2,11,3,13,29,0,0,0,29
06/09/2020,MOB,AL,ASO,CE,Combined TRACON& Tower with Radar,2,10,4,21,37,0,0,0,12,12,2,10,4,33,49,0,0,0,49
06/10/2020,MOB,AL,ASO,CE,Combined TRACON& Tower with Radar,2,11,9,130,152,0,0,8,29,37,2,11,17,159,189,0,0,0,189
06/11/2020,MOB,AL,ASO,CE,Combined TRACON& Tower with Radar,2,14,5,123,144,0,2,28,57,87,2,16,33,180,231,0,0,0,231
06/12/2020,MOB,AL,ASO,CE,Combined TRACON& Tower with Radar,2,10,4,138,154,0,0,16,51,67,2,10,20,189,221,0,0,0,221
06/13/2020,MOB,AL,ASO,CE,Combined TRACON& Tower with Radar,2,9,9,59,79,0,2,24,27,53,2,11,33,86,132,0,0,0,132
06/14/2020,MOB,AL,ASO,CE,Combined TRACON& Tower with Radar,2,11,7,43,63,0,1,20,33,54,2,12,27,76,117,0,0,0,117
06/15/2020,MOB,AL,ASO,CE,Combined TRACON& Tower with Radar,2,12,7,128,149,0,2,18,37,57,2,14,25,165,206,0,0,0,206
06/16/2020,MOB,AL,ASO,CE,Combined TRACON& Tower with Radar,2,10,8,143,163,0,0,19,51,70,2,10,27,194,233,0,0,0,233
06/17/2020,MOB,AL,ASO,CE,Combined TRACON& Tower with Radar,2,14,12,170,198,0,3,28,37,68,2,17,40,207,266,0,0,0,266
06/18/2020,MOB,AL,ASO,CE,Combined TRACON& Tower with Radar,2,10,13,90,115,0,0,11,34,45,2,10,24,124,160,0,16,16,176
06/19/2020,MOB,AL,ASO,CE,Combined TRACON& Tower with Radar,2,11,4,125,142,0,0,24,27,51,2,11,28,152,193,0,0,0,193
06/20/2020,MOB,AL,ASO,CE,Combined TRACON& Tower with Radar,2,8,7,13,30,0,0,15,12,27,2,8,22,25,57,10,0,10,67
06/21/2020,MOB,AL,ASO,CE,Combined TRACON& Tower with Radar,2,8,3,28,41,0,0,6,15,21,2,8,9,43,62,0,0,0,62
06/22/2020,MOB,AL,ASO,CE,Combined TRACON& Tower with Radar,2,10,8,86,106,0,0,4,26,30,2,10,12,112,136,0,0,0,136
06/23/2020,MOB,AL,ASO,CE,Combined TRACON& Tower with Radar,2,8,2,67,79,0,0,5,39,44,2,8,7,106,123,0,0,0,123
06/24/2020,MOB,AL,ASO,CE,Combined TRACON& Tower with Radar,2,10,5,96,113,0,0,3,29,32,2,10,8,125,145,0,0,0,145
06/25/2020,MOB,AL,ASO,CE,Combined TRACON& Tower with Radar,2,11,6,119,138,0,1,6,39,46,2,12,12,158,184,0,0,0,184
06/26/2020,MOB,AL,ASO,CE,Combined TRACON& Tower with Radar,2,10,7,118,137,0,0,20,36,56,2,10,27,154,193,0,0,0,193
06/27/2020,MOB,AL,ASO,CE,Combined TRACON& Tower with Radar,2,8,7,48,65,0,0,15,18,33,2,8,22,66,98,48,4,52,150
06/28/2020,MOB,AL,ASO,CE,Combined TRACON& Tower with Radar,2,13,3,76,94,0,3,15,17,35,2,16,18,93,129,0,0,0,129
06/29/2020,MOB,AL,ASO,CE,Combined TRACON& Tower with Radar,2,10,2,86,100,0,2,9,40,51,2,12,11,126,151,0,0,0,151
06/30/2020,MOB,AL,ASO,CE,Combined TRACON& Tower with Radar,2,9,6,30,47,0,0,13,24,37,2,9,19,54,84,10,14,24,108
07/01/2020,MOB,AL,ASO,CE,Combined TRACON& Tower with Radar,2,12,8,68,90,0,2,8,20,30,2,14,16,88,120,0,0,0,120
07/02/2020,MOB,AL,ASO,CE,Combined TRACON& Tower with Radar,4,10,9,51,74,0,0,9,25,34,4,10,18,76,108,0,0,0,108
07/03/2020,MOB,AL,ASO,CE,Combined TRACON& Tower with Radar,4,11,4,0,19,0,0,6,0,6,4,11,10,0,25,16,0,16,41
07/04/2020,MOB,AL,ASO,CE,Combined TRACON& Tower with Radar,4,10,1,2,17,0,0,1,2,3,4,10,2,4,20,0,0,0,20
07/05/2020,MOB,AL,ASO,CE,Combined TRACON& Tower with Radar,4,10,8,2,24,0,0,2,3,5,4,10,10,5,29,0,0,0,29
07/06/2020,MOB,AL,ASO,CE,Combined TRACON& Tower with Radar,6,13,4,17,40,0,0,0,21,21,6,13,4,38,61,0,0,0,61
07/07/2020,MOB,AL,ASO,CE,Combined TRACON& Tower with Radar,7,13,7,28,55,0,0,1,19,20,7,13,8,47,75,0,0,0,75
07/08/2020,MOB,AL,ASO,CE,Combined TRACON& Tower with Radar,8,14,6,74,102,0,0,3,23,26,8,14,9,97,128,0,0,0,128
07/09/2020,MOB,AL,ASO,CE,Combined TRACON& Tower with Radar,9,19,8,206,242,0,5,4,36,45,9,24,12,242,287,0,0,0,287
07/10/2020,MOB,AL,ASO,CE,Combined TRACON& Tower with Radar,9,14,6,96,125,0,0,6,54,60,9,14,12,150,185,0,0,0,185
07/11/2020,MOB,AL,ASO,CE,Combined TRACON& Tower with Radar,5,17,15,53,90,0,8,20,42,70,5,25,35,95,160,0,0,0,160
07/12/2020,MOB,AL,ASO,CE,Combined TRACON& Tower with Radar,8,18,7,53,86,0,4,11,26,41,8,22,18,79,127,0,0,0,127
07/13/2020,MOB,AL,ASO,CE,Combined TRACON& Tower with Radar,10,15,8,67,100,0,0,18,48,66,10,15,26,115,166,0,0,0,166
07/14/2020,MOB,AL,ASO,CE,Combined TRACON& Tower with Radar,8,14,10,47,79,0,0,11,21,32,8,14,21,68,111,0,0,0,111
07/15/2020,MOB,AL,ASO,CE,Combined TRACON& Tower with Radar,8,12,9,14,43,0,0,9,11,20,8,12,18,25,63,0,0,0,63
07/16/2020,MOB,AL,ASO,CE,Combined TRACON& Tower with Radar,8,14,9,93,124,0,0,14,33,47,8,14,23,126,171,0,0,0,171
07/17/2020,MOB,AL,ASO,CE,Combined TRACON& Tower with Radar,12,19,7,81,119,0,3,12,31,46,12,22,19,112,165,0,0,0,165
07/18/2020,MOB,AL,ASO,CE,Combined TRACON& Tower with Radar,6,15,4,44,69,0,0,16,31,47,6,15,20,75,116,0,74,74,190
07/19/2020,MOB,AL,ASO,CE,Combined TRACON& Tower with Radar,8,14,7,19,48,0,0,8,18,26,8,14,15,37,74,0,0,0,74
07/20/2020,MOB,AL,ASO,CE,Combined TRACON& Tower with Radar,8,14,18,114,154,0,0,14,50,64,8,14,32,164,218,0,54,54,272
07/21/2020,MOB,AL,ASO,CE,Combined TRACON& Tower with Radar,8,12,9,95,124,0,0,7,65,72,8,12,16,160,196,8,36,44,240
07/22/2020,MOB,AL,ASO,CE,Combined TRACON& Tower with Radar,8,12,11,80,111,0,0,7,35,42,8,12,18,115,153,0,0,0,153
07/23/2020,MOB,AL,ASO,CE,Combined TRACON& Tower with Radar,8,14,13,27,62,0,0,3,32,35,8,14,16,59,97,0,0,0,97
07/24/2020,MOB,AL,ASO,CE,Combined TRACON& Tower with Radar,13,14,4,12,43,0,0,1,10,11,13,14,5,22,54,0,0,0,54
07/25/2020,MOB,AL,ASO,CE,Combined TRACON& Tower with Radar,10,14,3,23,50,0,0,0,14,14,10,14,3,37,64,0,0,0,64
07/26/2020,MOB,AL,ASO,CE,Combined TRACON& Tower with Radar,10,14,5,19,48,0,0,4,10,14,10,14,9,29,62,0,0,0,62
07/27/2020,MOB,AL,ASO,CE,Combined TRACON& Tower with Radar,10,16,9,70,105,0,0,7,9,16,10,16,16,79,121,0,0,0,121
07/28/2020,MOB,AL,ASO,CE,Combined TRACON& Tower with Radar,12,14,6,50,82,0,0,3,15,18,12,14,9,65,100,0,20,20,120
07/29/2020,MOB,AL,ASO,CE,Combined TRACON& Tower with Radar,10,12,11,104,137,0,0,0,18,18,10,12,11,122,155,0,30,30,185
07/30/2020,MOB,AL,ASO,CE,Combined TRACON& Tower with Radar,9,15,4,175,203,0,2,7,37,46,9,17,11,212,249,24,10,34,283
07/31/2020,MOB,AL,ASO,CE,Combined TRACON& Tower with Radar,12,20,10,127,169,0,5,12,50,67,12,25,22,177,236,42,32,74,310
08/01/2020,MOB,AL,ASO,CE,Combined TRACON& Tower with Radar,12,16,8,20,56,0,1,14,23,38,12,17,22,43,94,0,0,0,94
08/02/2020,MOB,AL,ASO,CE,Combined TRACON& Tower with Radar,13,17,6,17,53,0,0,7,14,21,13,17,13,31,74,0,0,0,74
08/03/2020,MOB,AL,ASO,CE,Combined TRACON& Tower with Radar,18,15,8,129,170,0,3,9,35,47,18,18,17,164,217,0,0,0,217
08/04/2020,MOB,AL,ASO,CE,Combined TRACON& Tower with Radar,14,11,11,121,157,0,0,17,40,57,14,11,28,161,214,0,0,0,214
08/05/2020,MOB,AL,ASO,CE,Combined TRACON& Tower with Radar,15,21,7,105,148,0,4,7,42,53,15,25,14,147,201,0,0,0,201
08/06/2020,MOB,AL,ASO,CE,Combined TRACON& Tower with Radar,15,12,10,181,218,0,0,20,56,76,15,12,30,237,294,0,0,0,294
08/07/2020,MOB,AL,ASO,CE,Combined TRACON& Tower with Radar,14,20,8,145,187,0,3,9,60,72,14,23,17,205,259,0,6,6,265
08/08/2020,MOB,AL,ASO,CE,Combined TRACON& Tower with Radar,14,11,4,38,67,0,1,4,32,37,14,12,8,70,104,0,0,0,104
08/09/2020,MOB,AL,ASO,CE,Combined TRACON& Tower with Radar,15,12,2,52,81,0,0,10,37,47,15,12,12,89,128,0,0,0,128
08/10/2020,MOB,AL,ASO,CE,Combined TRACON& Tower with Radar,16,18,5,155,194,0,2,6,52,60,16,20,11,207,254,0,0,0,254
08/11/2020,MOB,AL,ASO,CE,Combined TRACON& Tower with Radar,14,10,11,102,137,0,0,22,34,56,14,10,33,136,193,0,0,0,193
08/12/2020,MOB,AL,ASO,CE,Combined TRACON& Tower with Radar,14,10,10,63,97,0,0,6,23,29,14,10,16,86,126,0,0,0,126
08/13/2020,MOB,AL,ASO,CE,Combined TRACON& Tower with Radar,13,13,5,77,108,0,1,5,46,52,13,14,10,123,160,0,0,0,160
08/14/2020,MOB,AL,ASO,CE,Combined TRACON& Tower with Radar,15,12,10,64,101,0,0,12,23,35,15,12,22,87,136,10,18,28,164
08/15/2020,MOB,AL,ASO,CE,Combined TRACON& Tower with Radar,15,10,3,54,82,0,0,4,31,35,15,10,7,85,117,0,0,0,117
08/16/2020,MOB,AL,ASO,CE,Combined TRACON& Tower with Radar,13,12,11,43,79,0,0,14,29,43,13,12,25,72,122,0,0,0,122
08/17/2020,MOB,AL,ASO,CE,Combined TRACON& Tower with Radar,14,16,5,85,120,0,3,3,47,53,14,19,8,132,173,0,0,0,173
08/18/2020,MOB,AL,ASO,CE,Combined TRACON& Tower with Radar,14,14,8,120,156,0,3,15,49,67,14,17,23,169,223,0,0,0,223
08/19/2020,MOB,AL,ASO,CE,Combined TRACON& Tower with Radar,15,11,6,119,151,0,2,6,28,36,15,13,12,147,187,0,4,4,191
08/20/2020,MOB,AL,ASO,CE,Combined TRACON& Tower with Radar,15,18,7,119,159,0,0,7,55,62,15,18,14,174,221,26,14,40,261
08/21/2020,MOB,AL,ASO,CE,Combined TRACON& Tower with Radar,15,19,3,78,115,0,0,8,35,43,15,19,11,113,158,0,0,0,158
08/22/2020,MOB,AL,ASO,CE,Combined TRACON& Tower with Radar,14,12,4,75,105,0,0,7,34,41,14,12,11,109,146,0,0,0,146
08/23/2020,MOB,AL,ASO,CE,Combined TRACON& Tower with Radar,14,12,9,4,39,0,0,3,6,9,14,12,12,10,48,0,0,0,48
08/24/2020,MOB,AL,ASO,CE,Combined TRACON& Tower with Radar,14,12,2,34,62,0,0,0,7,7,14,12,2,41,69,0,0,0,69
08/25/2020,MOB,AL,ASO,CE,Combined TRACON& Tower with Radar,14,9,3,39,65,0,0,0,20,20,14,9,3,59,85,0,0,0,85
08/26/2020,MOB,AL,ASO,CE,Combined TRACON& Tower with Radar,12,6,8,67,93,0,0,2,16,18,12,6,10,83,111,0,0,0,111
08/27/2020,MOB,AL,ASO,CE,Combined TRACON& Tower with Radar,14,9,10,44,77,0,0,5,21,26,14,9,15,65,103,0,0,0,103
08/28/2020,MOB,AL,ASO,CE,Combined TRACON& Tower with Radar,14,17,15,89,135,0,1,13,26,40,14,18,28,115,175,0,0,0,175
08/29/2020,MOB,AL,ASO,CE,Combined TRACON& Tower with Radar,14,12,15,26,67,0,0,6,29,35,14,12,21,55,102,0,0,0,102
08/30/2020,MOB,AL,ASO,CE,Combined TRACON& Tower with Radar,12,12,11,82,117,0,0,0,44,44,12,12,11,126,161,10,14,24,185
08/31/2020,MOB,AL,ASO,CE,Combined TRACON& Tower with Radar,14,14,10,111,149,0,0,5,39,44,14,14,15,150,193,0,0,0,193
09/01/2020,MOB,AL,ASO,CE,Combined TRACON& Tower with Radar,12,15,4,202,233,0,3,12,53,68,12,18,16,255,301,0,0,0,301
09/02/2020,MOB,AL,ASO,CE,Combined TRACON& Tower with Radar,12,15,7,198,232,0,2,14,59,75,12,17,21,257,307,0,0,0,307
09/03/2020,MOB,AL,ASO,CE,Combined TRACON& Tower with Radar,12,19,18,169,218,0,5,11,62,78,12,24,29,231,296,0,0,0,296
09/04/2020,MOB,AL,ASO,CE,Combined TRACON& Tower with Radar,12,14,9,8,43,0,0,16,20,36,12,14,25,28,79,0,0,0,79
09/05/2020,MOB,AL,ASO,CE,Combined TRACON& Tower with Radar,11,12,4,0,27,0,0,5,4,9,11,12,9,4,36,0,0,0,36
09/06/2020,MOB,AL,ASO,CE,Combined TRACON& Tower with Radar,13,10,3,1,27,0,0,10,1,11,13,10,13,2,38,0,0,0,38
09/07/2020,MOB,AL,ASO,CE,Combined TRACON& Tower with Radar,11,13,3,9,36,0,1,3,5,9,11,14,6,14,45,0,0,0,45
09/08/2020,MOB,AL,ASO,CE,Combined TRACON& Tower with Radar,16,13,9,133,171,0,0,12,55,67,16,13,21,188,238,10,60,70,308
09/09/2020,MOB,AL,ASO,CE,Combined TRACON& Tower with Radar,12,13,5,187,217,0,3,10,79,92,12,16,15,266,309,10,20,30,339
09/10/2020,MOB,AL,ASO,CE,Combined TRACON& Tower with Radar,12,14,4,116,146,0,0,18,50,68,12,14,22,166,214,0,0,0,214
09/11/2020,MOB,AL,ASO,CE,Combined TRACON& Tower with Radar,12,14,21,120,167,0,0,13,53,66,12,14,34,173,233,0,0,0,233
09/12/2020,MOB,AL,ASO,CE,Combined TRACON& Tower with Radar,12,13,5,55,85,0,1,4,16,21,12,14,9,71,106,0,0,0,106
09/13/2020,MOB,AL,ASO,CE,Combined TRACON& Tower with Radar,12,14,12,6,44,0,0,1,10,11,12,14,13,16,55,0,0,0,55
09/14/2020,MOB,AL,ASO,CE,Combined TRACON& Tower with Radar,8,8,3,1,20,0,0,0,3,3,8,8,3,4,23,0,0,0,23
09/16/2020,MOB,AL,ASO,CE,Combined TRACON& Tower with Radar,0,0,1,0,1,0,0,0,0,0,0,0,1,0,1,0,0,0,1
09/17/2020,MOB,AL,ASO,CE,Combined TRACON& Tower with Radar,9,4,8,23,44,0,0,15,13,28,9,4,23,36,72,0,0,0,72
09/18/2020,MOB,AL,ASO,CE,Combined TRACON& Tower with Radar,13,14,6,2,35,0,0,19,32,51,13,14,25,34,86,0,0,0,86
09/19/2020,MOB,AL,ASO,CE,Combined TRACON& Tower with Radar,13,13,1,12,39,0,0,0,0,0,13,13,1,12,39,0,0,0,39
09/20/2020,MOB,AL,ASO,CE,Combined TRACON& Tower with Radar,12,13,12,6,43,0,0,0,0,0,12,13,12,6,43,0,0,0,43
09/21/2020,MOB,AL,ASO,CE,Combined TRACON& Tower with Radar,12,14,4,19,49,0,0,2,21,23,12,14,6,40,72,0,0,0,72
09/22/2020,MOB,AL,ASO,CE,Combined TRACON& Tower with Radar,14,12,14,216,256,0,0,8,40,48,14,12,22,256,304,0,0,0,304
09/23/2020,MOB,AL,ASO,CE,Combined TRACON& Tower with Radar,12,12,17,127,168,0,1,3,26,30,12,13,20,153,198,0,0,0,198
09/24/2020,MOB,AL,ASO,CE,Combined TRACON& Tower with Radar,12,15,5,159,191,0,0,6,27,33,12,15,11,186,224,0,0,0,224
09/25/2020,MOB,AL,ASO,CE,Combined TRACON& Tower with Radar,12,13,11,204,240,0,2,21,47,70,12,15,32,251,310,0,0,0,310
09/26/2020,MOB,AL,ASO,CE,Combined TRACON& Tower with Radar,12,12,7,40,71,0,0,15,24,39,12,12,22,64,110,16,0,16,126
09/27/2020,MOB,AL,ASO,CE,Combined TRACON& Tower with Radar,12,13,7,34,66,0,0,4,18,22,12,13,11,52,88,0,0,0,88
09/28/2020,MOB,AL,ASO,CE,Combined TRACON& Tower with Radar,13,15,3,93,124,0,0,1,20,21,13,15,4,113,145,0,20,20,165
09/29/2020,MOB,AL,ASO,CE,Combined TRACON& Tower with Radar,13,16,7,161,197,0,6,4,68,78,13,22,11,229,275,10,20,30,305
09/30/2020,MOB,AL,ASO,CE,Combined TRACON& Tower with Radar,14,13,19,172,218,0,0,26,44,70,14,13,45,216,288,0,0,0,288
10/01/2020,MOB,AL,ASO,CE,Combined TRACON& Tower with Radar,14,12,7,137,170,0,0,12,34,46,14,12,19,171,216,0,0,0,216
10/02/2020,MOB,AL,ASO,CE,Combined TRACON& Tower with Radar,12,12,11,117,152,0,1,21,52,74,12,13,32,169,226,0,0,0,226
10/03/2020,MOB,AL,ASO,CE,Combined TRACON& Tower with Radar,12,16,3,25,56,0,4,23,8,35,12,20,26,33,91,0,0,0,91
10/04/2020,MOB,AL,ASO,CE,Combined TRACON& Tower with Radar,12,12,7,14,45,0,1,1,15,17,12,13,8,29,62,0,0,0,62
10/05/2020,MOB,AL,ASO,CE,Combined TRACON& Tower with Radar,14,13,9,129,165,0,0,10,56,66,14,13,19,185,231,0,0,0,231
10/06/2020,MOB,AL,ASO,CE,Combined TRACON& Tower with Radar,12,12,4,103,131,0,0,6,41,47,12,12,10,144,178,0,0,0,178
10/07/2020,MOB,AL,ASO,CE,Combined TRACON& Tower with Radar,10,13,5,30,58,0,3,17,32,52,10,16,22,62,110,0,0,0,110
10/08/2020,MOB,AL,ASO,CE,Combined TRACON& Tower with Radar,12,19,8,14,53,0,0,6,5,11,12,19,14,19,64,0,0,0,64
10/09/2020,MOB,AL,ASO,CE,Combined TRACON& Tower with Radar,12,14,3,3,32,0,0,0,4,4,12,14,3,7,36,0,0,0,36
10/10/2020,MOB,AL,ASO,CE,Combined TRACON& Tower with Radar,12,12,2,9,35,0,0,3,9,12,12,12,5,18,47,0,0,0,47
10/11/2020,MOB,AL,ASO,CE,Combined TRACON& Tower with Radar,12,16,12,5,45,0,0,12,5,17,12,16,24,10,62,0,0,0,62
10/12/2020,MOB,AL,ASO,CE,Combined TRACON& Tower with Radar,12,17,9,5,43,0,0,9,3,12,12,17,18,8,55,0,0,0,55
10/13/2020,MOB,AL,ASO,CE,Combined TRACON& Tower with Radar,10,11,19,153,193,0,4,20,66,90,10,15,39,219,283,0,0,0,283
10/14/2020,MOB,AL,ASO,CE,Combined TRACON& Tower with Radar,10,21,12,162,205,0,14,24,48,86,10,35,36,210,291,0,0,0,291
10/15/2020,MOB,AL,ASO,CE,Combined TRACON& Tower with Radar,12,13,7,155,187,0,2,16,46,64,12,15,23,201,251,0,0,0,251
10/16/2020,MOB,AL,ASO,CE,Combined TRACON& Tower with Radar,12,18,8,165,203,0,0,9,63,72,12,18,17,228,275,0,0,0,275
10/17/2020,MOB,AL,ASO,CE,Combined TRACON& Tower with Radar,12,12,13,13,50,0,0,15,23,38,12,12,28,36,88,0,0,0,88
10/18/2020,MOB,AL,ASO,CE,Combined TRACON& Tower with Radar,14,16,9,36,75,0,2,10,23,35,14,18,19,59,110,0,0,0,110
10/19/2020,MOB,AL,ASO,CE,Combined TRACON& Tower with Radar,12,22,6,158,198,0,3,14,40,57,12,25,20,198,255,0,0,0,255
10/20/2020,MOB,AL,ASO,CE,Combined TRACON& Tower with Radar,12,21,9,146,188,0,1,17,55,73,12,22,26,201,261,0,0,0,261
10/21/2020,MOB,AL,ASO,CE,Combined TRACON& Tower with Radar,10,16,11,122,159,0,3,12,40,55,10,19,23,162,214,0,0,0,214
10/22/2020,MOB,AL,ASO,CE,Combined TRACON& Tower with Radar,12,14,10,166,202,0,1,16,39,56,12,15,26,205,258,0,0,0,258
10/23/2020,MOB,AL,ASO,CE,Combined TRACON& Tower with Radar,12,16,11,104,143,0,0,5,30,35,12,16,16,134,178,0,34,34,212
10/24/2020,MOB,AL,ASO,CE,Combined TRACON& Tower with Radar,12,13,6,7,38,0,1,3,12,16,12,14,9,19,54,14,4,18,72
10/25/2020,MOB,AL,ASO,CE,Combined TRACON& Tower with Radar,12,30,3,19,64,0,0,2,1,3,12,30,5,20,67,16,0,16,83
10/26/2020,MOB,AL,ASO,CE,Combined TRACON& Tower with Radar,12,17,11,31,71,0,1,10,22,33,12,18,21,53,104,10,8,18,122
10/27/2020,MOB,AL,ASO,CE,Combined TRACON& Tower with Radar,10,13,5,19,47,0,0,0,7,7,10,13,5,26,54,0,22,22,76
10/28/2020,MOB,AL,ASO,CE,Combined TRACON& Tower with Radar,8,8,5,3,24,0,0,0,0,0,8,8,5,3,24,0,0,0,24
10/29/2020,MOB,AL,ASO,CE,Combined TRACON& Tower with Radar,10,13,7,16,46,0,1,6,12,19,10,14,13,28,65,0,12,12,77
10/30/2020,MOB,AL,ASO,CE,Combined TRACON& Tower with Radar,12,17,11,43,83,0,2,14,29,45,12,19,25,72,128,0,0,0,128
10/31/2020,MOB,AL,ASO,CE,Combined TRACON& Tower with Radar,12,10,4,7,33,0,0,17,13,30,12,10,21,20,63,0,0,0,63
11/01/2020,MOB,AL,ASO,CE,Combined TRACON& Tower with Radar,10,14,15,10,49,0,1,16,8,25,10,15,31,18,74,0,0,0,74
11/02/2020,MOB,AL,ASO,CE,Combined TRACON& Tower with Radar,10,14,9,82,115,0,0,10,19,29,10,14,19,101,144,32,46,78,222
11/03/2020,MOB,AL,ASO,CE,Combined TRACON& Tower with Radar,8,10,10,119,147,0,1,18,28,47,8,11,28,147,194,6,26,32,226
11/04/2020,MOB,AL,ASO,CE,Combined TRACON& Tower with Radar,7,13,12,136,168,0,0,29,32,61,7,13,41,168,229,6,12,18,247
11/05/2020,MOB,AL,ASO,CE,Combined TRACON& Tower with Radar,10,16,8,107,141,0,2,15,26,43,10,18,23,133,184,10,18,28,212
11/06/2020,MOB,AL,ASO,CE,Combined TRACON& Tower with Radar,10,16,7,136,169,0,1,17,45,63,10,17,24,181,232,12,46,58,290
11/07/2020,MOB,AL,ASO,CE,Combined TRACON& Tower with Radar,10,17,4,46,77,0,0,6,44,50,10,17,10,90,127,14,10,24,151
11/08/2020,MOB,AL,ASO,CE,Combined TRACON& Tower with Radar,10,17,7,48,82,0,2,6,27,35,10,19,13,75,117,6,38,44,161
11/09/2020,MOB,AL,ASO,CE,Combined TRACON& Tower with Radar,10,14,7,148,179,0,1,6,27,34,10,15,13,175,213,0,26,26,239
11/10/2020,MOB,AL,ASO,CE,Combined TRACON& Tower with Radar,8,13,14,237,272,0,0,1,18,19,8,13,15,255,291,0,0,0,291
11/11/2020,MOB,AL,ASO,CE,Combined TRACON& Tower with Radar,8,17,6,10,41,0,0,1,0,1,8,17,7,10,42,0,0,0,42
11/12/2020,MOB,AL,ASO,CE,Combined TRACON& Tower with Radar,10,14,11,129,164,0,0,20,37,57,10,14,31,166,221,0,0,0,221
11/13/2020,MOB,AL,ASO,CE,Combined TRACON& Tower with Radar,10,16,18,103,147,0,0,26,70,96,10,16,44,173,243,0,0,0,243
11/14/2020,MOB,AL,ASO,CE,Combined TRACON& Tower with Radar,10,16,8,37,71,0,0,33,32,65,10,16,41,69,136,54,12,66,202
11/15/2020,MOB,AL,ASO,CE,Combined TRACON& Tower with Radar,11,17,4,16,48,0,1,6,5,12,11,18,10,21,60,0,0,0,60
11/16/2020,MOB,AL,ASO,CE,Combined TRACON& Tower with Radar,10,17,8,217,252,0,4,13,66,83,10,21,21,283,335,0,78,78,413
11/17/2020,MOB,AL,ASO,CE,Combined TRACON& Tower with Radar,11,16,5,153,185,0,1,12,61,74,11,17,17,214,259,0,10,10,269
11/18/2020,MOB,AL,ASO,CE,Combined TRACON& Tower with Radar,10,19,17,174,220,0,0,12,61,73,10,19,29,235,293,0,0,0,293
11/19/2020,MOB,AL,ASO,CE,Combined TRACON& Tower with Radar,10,21,9,121,161,0,2,19,50,71,10,23,28,171,232,0,32,32,264
11/20/2020,MOB,AL,ASO,CE,Combined TRACON& Tower with Radar,12,18,12,107,149,0,0,18,54,72,12,18,30,161,221,0,0,0,221
11/21/2020,MOB,AL,ASO,CE,Combined TRACON& Tower with Radar,12,16,3,23,54,0,0,18,11,29,12,16,21,34,83,0,0,0,83
11/22/2020,MOB,AL,ASO,CE,Combined TRACON& Tower with Radar,12,19,6,28,65,0,0,15,16,31,12,19,21,44,96,0,0,0,96
11/23/2020,MOB,AL,ASO,CE,Combined TRACON& Tower with Radar,10,18,2,131,161,0,3,12,46,61,10,21,14,177,222,0,0,0,222
11/24/2020,MOB,AL,ASO,CE,Combined TRACON& Tower with Radar,12,20,19,150,201,0,1,19,59,79,12,21,38,209,280,0,34,34,314
11/25/2020,MOB,AL,ASO,CE,Combined TRACON& Tower with Radar,16,19,10,26,71,0,0,6,15,21,16,19,16,41,92,0,18,18,110
11/26/2020,MOB,AL,ASO,CE,Combined TRACON& Tower with Radar,7,6,0,2,15,0,0,0,0,0,7,6,0,2,15,0,0,0,15
11/27/2020,MOB,AL,ASO,CE,Combined TRACON& Tower with Radar,9,12,9,0,30,0,0,1,0,1,9,12,10,0,31,0,0,0,31
11/28/2020,MOB,AL,ASO,CE,Combined TRACON& Tower with Radar,12,17,9,2,40,0,2,0,0,2,12,19,9,2,42,0,0,0,42
11/29/2020,MOB,AL,ASO,CE,Combined TRACON& Tower with Radar,12,19,5,4,40,0,0,0,0,0,12,19,5,4,40,0,0,0,40
11/30/2020,MOB,AL,ASO,CE,Combined TRACON& Tower with Radar,12,18,3,193,226,0,1,10,54,65,12,19,13,247,291,0,0,0,291
12/01/2020,MOB,AL,ASO,CE,Combined TRACON& Tower with Radar,11,18,11,114,154,0,2,31,39,72,11,20,42,153,226,0,0,0,226
12/02/2020,MOB,AL,ASO,CE,Combined TRACON& Tower with Radar,12,19,9,150,190,0,7,17,53,77,12,26,26,203,267,0,92,92,359
12/03/2020,MOB,AL,ASO,CE,Combined TRACON& Tower with Radar,10,18,9,151,188,0,2,9,40,51,10,20,18,191,239,0,0,0,239
12/04/2020,MOB,AL,ASO,CE,Combined TRACON& Tower with Radar,10,18,11,106,145,0,1,4,43,48,10,19,15,149,193,16,24,40,233
12/05/2020,MOB,AL,ASO,CE,Combined TRACON& Tower with Radar,6,16,10,32,64,0,0,33,21,54,6,16,43,53,118,10,0,10,128
12/06/2020,MOB,AL,ASO,CE,Combined TRACON& Tower with Radar,10,19,6,54,89,0,0,12,27,39,10,19,18,81,128,38,52,90,218
12/07/2020,MOB,AL,ASO,CE,Combined TRACON& Tower with Radar,10,17,7,137,171,0,0,4,57,61,10,17,11,194,232,0,62,62,294
12/08/2020,MOB,AL,ASO,CE,Combined TRACON& Tower with Radar,8,16,15,103,142,0,2,17,54,73,8,18,32,157,215,22,42,64,279
12/09/2020,MOB,AL,ASO,CE,Combined TRACON& Tower with Radar,8,15,10,158,191,0,0,12,72,84,8,15,22,230,275,0,4,4,279
12/10/2020,MOB,AL,ASO,CE,Combined TRACON& Tower with Radar,10,16,10,142,178,0,2,21,67,90,10,18,31,209,268,8,42,50,318
12/11/2020,MOB,AL,ASO,CE,Combined TRACON& Tower with Radar,10,18,17,96,141,0,2,14,41,57,10,20,31,137,198,20,20,40,238
12/12/2020,MOB,AL,ASO,CE,Combined TRACON& Tower with Radar,7,13,9,26,55,0,0,5,12,17,7,13,14,38,72,0,0,0,72
12/13/2020,MOB,AL,ASO,CE,Combined TRACON& Tower with Radar,11,17,11,52,91,0,0,0,2,2,11,17,11,54,93,0,0,0,93
12/14/2020,MOB,AL,ASO,CE,Combined TRACON& Tower with Radar,10,18,18,190,236,0,4,6,34,44,10,22,24,224,280,4,78,82,362
12/15/2020,MOB,AL,ASO,CE,Combined TRACON& Tower with Radar,12,12,13,129,166,0,1,8,44,53,12,13,21,173,219,12,50,62,281
12/16/2020,MOB,AL,ASO,CE,Combined TRACON& Tower with Radar,8,17,10,75,110,0,0,3,14,17,8,17,13,89,127,0,12,12,139
12/17/2020,MOB,AL,ASO,CE,Combined TRACON& Tower with Radar,10,18,14,70,112,0,0,14,23,37,10,18,28,93,149,0,68,68,217
12/18/2020,MOB,AL,ASO,CE,Combined TRACON& Tower with Radar,10,20,8,115,153,0,3,17,39,59,10,23,25,154,212,0,4,4,216
12/19/2020,MOB,AL,ASO,CE,Combined TRACON& Tower with Radar,8,20,3,20,51,0,0,17,4,21,8,20,20,24,72,10,4,14,86
12/20/2020,MOB,AL,ASO,CE,Combined TRACON& Tower with Radar,10,16,10,41,77,0,0,0,3,3,10,16,10,44,80,0,0,0,80
12/21/2020,MOB,AL,ASO,CE,Combined TRACON& Tower with Radar,12,16,13,122,163,0,0,8,27,35,12,16,21,149,198,12,42,54,252
12/22/2020,MOB,AL,ASO,CE,Combined TRACON& Tower with Radar,10,16,11,128,165,0,1,21,49,71,10,17,32,177,236,10,22,32,268
12/23/2020,MOB,AL,ASO,CE,Combined TRACON& Tower with Radar,10,18,5,66,99,0,2,1,42,45,10,20,6,108,144,0,20,20,164
12/24/2020,MOB,AL,ASO,CE,Combined TRACON& Tower with Radar,6,15,2,2,25,0,0,1,0,1,6,15,3,2,26,0,0,0,26
12/25/2020,MOB,AL,ASO,CE,Combined TRACON& Tower with Radar,6,11,1,2,20,0,1,2,1,4,6,12,3,3,24,0,0,0,24
12/26/2020,MOB,AL,ASO,CE,Combined TRACON& Tower with Radar,8,20,7,3,38,0,0,18,2,20,8,20,25,5,58,12,0,12,70
12/27/2020,MOB,AL,ASO,CE,Combined TRACON& Tower with Radar,10,16,12,1,39,0,2,15,6,23,10,18,27,7,62,0,0,0,62
12/28/2020,MOB,AL,ASO,CE,Combined TRACON& Tower with Radar,10,16,9,40,75,0,0,24,13,37,10,16,33,53,112,8,0,8,120
12/29/2020,MOB,AL,ASO,CE,Combined TRACON& Tower with Radar,14,18,10,51,93,0,0,18,36,54,14,18,28,87,147,0,18,18,165
12/30/2020,MOB,AL,ASO,CE,Combined TRACON& Tower with Radar,10,15,5,95,125,0,4,4,19,27,10,19,9,114,152,0,0,0,152
12/31/2020,MOB,AL,ASO,CE,Combined TRACON& Tower with Radar,7,12,1,6,26,0,1,0,0,1,7,13,1,6,27,0,0,0,27
01/01/2021,MOB,AL,ASO,CE,Combined TRACON& Tower with Radar,7,13,9,2,31,0,0,3,0,3,7,13,12,2,34,18,0,18,52
01/02/2021,MOB,AL,ASO,CE,Combined TRACON& Tower with Radar,8,18,6,2,34,0,0,16,0,16,8,18,22,2,50,0,0,0,50
01/03/2021,MOB,AL,ASO,CE,Combined TRACON& Tower with Radar,10,16,16,1,43,0,1,15,1,17,10,17,31,2,60,14,4,18,78
01/04/2021,MOB,AL,ASO,CE,Combined TRACON& Tower with Radar,10,16,3,86,115,0,2,7,43,52,10,18,10,129,167,0,0,0,167
01/05/2021,MOB,AL,ASO,CE,Combined TRACON& Tower with Radar,8,14,13,122,157,0,0,13,69,82,8,14,26,191,239,10,26,36,275
01/06/2021,MOB,AL,ASO,CE,Combined TRACON& Tower with Radar,8,15,2,110,135,0,0,13,55,68,8,15,15,165,203,0,0,0,203
01/07/2021,MOB,AL,ASO,CE,Combined TRACON& Tower with Radar,8,18,3,108,137,0,0,0,27,27,8,18,3,135,164,0,85,85,249
01/08/2021,MOB,AL,ASO,CE,Combined TRACON& Tower with Radar,8,16,6,123,153,0,0,4,27,31,8,16,10,150,184,0,14,14,198
01/09/2021,MOB,AL,ASO,CE,Combined TRACON& Tower with Radar,5,12,4,38,59,0,0,19,24,43,5,12,23,62,102,2,0,2,104
01/10/2021,MOB,AL,ASO,CE,Combined TRACON& Tower with Radar,8,17,5,37,67,0,1,2,18,21,8,18,7,55,88,0,14,14,102
01/11/2021,MOB,AL,ASO,CE,Combined TRACON& Tower with Radar,8,16,1,16,41,0,0,0,0,0,8,16,1,16,41,0,0,0,41
01/12/2021,MOB,AL,ASO,CE,Combined TRACON& Tower with Radar,8,20,7,88,123,0,0,0,3,3,8,20,7,91,126,0,0,0,126
01/13/2021,MOB,AL,ASO,CE,Combined TRACON& Tower with Radar,8,21,11,158,198,0,5,21,56,82,8,26,32,214,280,8,66,74,354
01/14/2021,MOB,AL,ASO,CE,Combined TRACON& Tower with Radar,8,19,13,156,196,0,5,20,60,85,8,24,33,216,281,6,58,64,345
01/15/2021,MOB,AL,ASO,CE,Combined TRACON& Tower with Radar,8,22,15,90,135,0,1,11,41,53,8,23,26,131,188,6,6,12,200
01/16/2021,MOB,AL,ASO,CE,Combined TRACON& Tower with Radar,6,12,6,4,28,0,0,15,3,18,6,12,21,7,46,6,0,6,52
01/17/2021,MOB,AL,ASO,CE,Combined TRACON& Tower with Radar,6,17,7,1,31,0,0,12,2,14,6,17,19,3,45,0,0,0,45
01/18/2021,MOB,AL,ASO,CE,Combined TRACON& Tower with Radar,8,18,7,2,35,0,0,8,4,12,8,18,15,6,47,8,0,8,55
01/19/2021,MOB,AL,ASO,CE,Combined TRACON& Tower with Radar,8,16,4,125,153,0,1,17,55,73,8,17,21,180,226,8,60,68,294
01/20/2021,MOB,AL,ASO,CE,Combined TRACON& Tower with Radar,8,14,6,162,190,0,0,14,51,65,8,14,20,213,255,0,0,0,255
01/21/2021,MOB,AL,ASO,CE,Combined TRACON& Tower with Radar,12,15,11,146,184,0,0,1,18,19,12,15,12,164,203,0,0,0,203
01/22/2021,MOB,AL,ASO,CE,Combined TRACON& Tower with Radar,8,21,6,53,88,0,0,2,6,8,8,21,8,59,96,0,0,0,96
01/23/2021,MOB,AL,ASO,CE,Combined TRACON& Tower with Radar,6,13,9,56,84,0,0,16,16,32,6,13,25,72,116,38,18,56,172
01/24/2021,MOB,AL,ASO,CE,Combined TRACON& Tower with Radar,8,21,7,26,62,0,0,0,0,0,8,21,7,26,62,0,0,0,62
01/25/2021,MOB,AL,ASO,CE,Combined TRACON& Tower with Radar,9,18,10,141,178,0,0,1,16,17,9,18,11,157,195,0,0,0,195
01/26/2021,MOB,AL,ASO,CE,Combined TRACON& Tower with Radar,8,15,3,75,101,0,0,4,19,23,8,15,7,94,124,10,60,70,194
01/27/2021,MOB,AL,ASO,CE,Combined TRACON& Tower with Radar,8,17,13,139,177,0,2,3,33,38,8,19,16,172,215,0,0,0,215
01/28/2021,MOB,AL,ASO,CE,Combined TRACON& Tower with Radar,8,17,8,128,161,0,0,9,92,101,8,17,17,220,262,0,16,16,278
01/29/2021,MOB,AL,ASO,CE,Combined TRACON& Tower with Radar,8,20,9,178,215,0,2,19,56,77,8,22,28,234,292,14,0,14,306
01/30/2021,MOB,AL,ASO,CE,Combined TRACON& Tower with Radar,8,12,12,32,64,0,0,15,19,34,8,12,27,51,98,24,6,30,128
01/31/2021,MOB,AL,ASO,CE,Combined TRACON& Tower with Radar,8,19,6,74,107,0,0,7,12,19,8,19,13,86,126,0,0,0,126
02/01/2021,MOB,AL,ASO,CE,Combined TRACON& Tower with Radar,8,15,8,169,200,0,1,15,35,51,8,16,23,204,251,0,32,32,283
02/02/2021,MOB,AL,ASO,CE,Combined TRACON& Tower with Radar,8,16,8,140,172,0,0,19,58,77,8,16,27,198,249,4,54,58,307
02/03/2021,MOB,AL,ASO,CE,Combined TRACON& Tower with Radar,8,14,7,111,140,0,2,17,48,67,8,16,24,159,207,0,64,64,271
02/04/2021,MOB,AL,ASO,CE,Combined TRACON& Tower with Radar,8,18,6,168,200,0,1,14,65,80,8,19,20,233,280,8,44,52,332
02/05/2021,MOB,AL,ASO,CE,Combined TRACON& Tower with Radar,8,19,13,153,193,0,1,3,32,36,8,20,16,185,229,0,0,0,229
02/06/2021,MOB,AL,ASO,CE,Combined TRACON& Tower with Radar,6,12,4,2,24,0,0,0,0,0,6,12,4,2,24,0,0,0,24
02/07/2021,MOB,AL,ASO,CE,Combined TRACON& Tower with Radar,6,18,15,14,53,0,1,14,7,22,6,19,29,21,75,0,0,0,75
02/08/2021,MOB,AL,ASO,CE,Combined TRACON& Tower with Radar,10,17,8,54,89,0,0,7,27,34,10,17,15,81,123,0,6,6,129
02/09/2021,MOB,AL,ASO,CE,Combined TRACON& Tower with Radar,8,16,8,113,145,0,0,6,21,27,8,16,14,134,172,16,0,16,188
02/10/2021,MOB,AL,ASO,CE,Combined TRACON& Tower with Radar,8,16,4,16,44,0,0,0,0,0,8,16,4,16,44,0,6,6,50
02/11/2021,MOB,AL,ASO,CE,Combined TRACON& Tower with Radar,8,15,5,1,29,0,0,0,4,4,8,15,5,5,33,0,0,0,33
02/12/2021,MOB,AL,ASO,CE,Combined TRACON& Tower with Radar,8,19,6,11,44,0,0,0,1,1,8,19,6,12,45,0,0,0,45
02/13/2021,MOB,AL,ASO,CE,Combined TRACON& Tower with Radar,8,15,9,4,36,0,0,0,0,0,8,15,9,4,36,0,0,0,36
02/14/2021,MOB,AL,ASO,CE,Combined TRACON& Tower with Radar,6,13,10,26,55,0,0,2,0,2,6,13,12,26,57,0,0,0,57
02/15/2021,MOB,AL,ASO,CE,Combined TRACON& Tower with Radar,8,11,3,0,22,0,0,0,0,0,8,11,3,0,22,0,0,0,22
02/16/2021,MOB,AL,ASO,CE,Combined TRACON& Tower with Radar,8,12,6,72,98,0,1,16,41,58,8,13,22,113,156,0,0,0,156
02/17/2021,MOB,AL,ASO,CE,Combined TRACON& Tower with Radar,12,7,3,88,110,0,0,8,23,31,12,7,11,111,141,0,22,22,163
02/18/2021,MOB,AL,ASO,CE,Combined TRACON& Tower with Radar,8,10,5,147,170,0,0,0,8,8,8,10,5,155,178,0,36,36,214
02/19/2021,MOB,AL,ASO,CE,Combined TRACON& Tower with Radar,8,22,7,139,176,0,7,7,33,47,8,29,14,172,223,30,36,66,289
02/20/2021,MOB,AL,ASO,CE,Combined TRACON& Tower with Radar,6,19,9,30,64,0,8,40,16,64,6,27,49,46,128,0,0,0,128
02/21/2021,MOB,AL,ASO,CE,Combined TRACON& Tower with Radar,8,21,11,45,85,0,0,26,21,47,8,21,37,66,132,0,0,0,132
02/22/2021,MOB,AL,ASO,CE,Combined TRACON& Tower with Radar,8,17,6,202,233,0,0,16,40,56,8,17,22,242,289,0,45,45,334
02/23/2021,MOB,AL,ASO,CE,Combined TRACON& Tower with Radar,12,14,7,174,207,0,2,16,75,93,12,16,23,249,300,0,32,32,332
02/24/2021,MOB,AL,ASO,CE,Combined TRACON& Tower with Radar,10,18,16,123,167,0,3,20,43,66,10,21,36,166,233,2,60,62,295
02/25/2021,MOB,AL,ASO,CE,Combined TRACON& Tower with Radar,8,18,8,87,121,0,1,8,46,55,8,19,16,133,176,0,14,14,190
02/26/2021,MOB,AL,ASO,CE,Combined TRACON& Tower with Radar,8,20,19,129,176,0,1,4,35,40,8,21,23,164,216,0,88,88,304
02/27/2021,MOB,AL,ASO,CE,Combined TRACON& Tower with Radar,8,16,8,12,44,0,0,1,0,1,8,16,9,12,45,0,0,0,45
02/28/2021,MOB,AL,ASO,CE,Combined TRACON& Tower with Radar,8,22,4,15,49,0,0,7,8,15,8,22,11,23,64,22,12,34,98
03/01/2021,MOB,AL,ASO,CE,Combined TRACON& Tower with Radar,7,19,10,53,89,0,0,2,14,16,7,19,12,67,105,0,122,122,227
03/02/2021,MOB,AL,ASO,CE,Combined TRACON& Tower with Radar,6,14,5,42,67,0,0,0,2,2,6,14,5,44,69,60,60,120,189
03/03/2021,MOB,AL,ASO,CE,Combined TRACON& Tower with Radar,6,20,19,198,243,0,1,12,66,79,6,21,31,264,322,9,87,96,418
03/04/2021,MOB,AL,ASO,CE,Combined TRACON& Tower with Radar,10,23,12,98,143,0,4,25,55,84,10,27,37,153,227,22,86,108,335
03/05/2021,MOB,AL,ASO,CE,Combined TRACON& Tower with Radar,10,19,15,125,169,0,2,20,30,52,10,21,35,155,221,0,154,154,375
03/06/2021,MOB,AL,ASO,CE,Combined TRACON& Tower with Radar,6,19,10,48,83,0,0,15,18,33,6,19,25,66,116,0,0,0,116
03/07/2021,MOB,AL,ASO,CE,Combined TRACON& Tower with Radar,10,17,10,30,67,0,0,17,23,40,10,17,27,53,107,0,0,0,107
03/08/2021,MOB,AL,ASO,CE,Combined TRACON& Tower with Radar,12,17,8,116,153,0,0,20,42,62,12,17,28,158,215,30,96,126,341
03/09/2021,MOB,AL,ASO,CE,Combined TRACON& Tower with Radar,8,17,17,118,160,0,1,22,53,76,8,18,39,171,236,0,0,0,236
03/10/2021,MOB,AL,ASO,CE,Combined TRACON& Tower with Radar,10,22,29,142,203,0,4,23,46,73,10,26,52,188,276,78,36,114,390
03/11/2021,MOB,AL,ASO,CE,Combined TRACON& Tower with Radar,10,17,21,135,183,0,0,14,43,57,10,17,35,178,240,20,92,112,352
03/12/2021,MOB,AL,ASO,CE,Combined TRACON& Tower with Radar,10,17,25,101,153,0,0,22,32,54,10,17,47,133,207,10,116,126,333
03/13/2021,MOB,AL,ASO,CE,Combined TRACON& Tower with Radar,6,17,12,32,67,0,2,13,9,24,6,19,25,41,91,12,62,74,165
03/14/2021,MOB,AL,ASO,CE,Combined TRACON& Tower with Radar,12,20,9,54,95,0,0,13,7,20,12,20,22,61,115,0,4,4,119
03/15/2021,MOB,AL,ASO,CE,Combined TRACON& Tower with Radar,10,17,11,92,130,0,0,0,14,14,10,17,11,106,144,0,160,160,304
03/16/2021,MOB,AL,ASO,CE,Combined TRACON& Tower with Radar,8,15,13,223,259,0,0,2,34,36,8,15,15,257,295,4,118,122,417
03/17/2021,MOB,AL,ASO,CE,Combined TRACON& Tower with Radar,10,15,3,15,43,0,0,0,5,5,10,15,3,20,48,42,122,164,212
03/18/2021,MOB,AL,ASO,CE,Combined TRACON& Tower with Radar,10,22,17,76,125,0,3,15,54,72,10,25,32,130,197,8,112,120,317
03/19/2021,MOB,AL,ASO,CE,Combined TRACON& Tower with Radar,10,19,14,117,160,0,0,19,51,70,10,19,33,168,230,0,110,110,340
03/20/2021,MOB,AL,ASO,CE,Combined TRACON& Tower with Radar,6,17,6,39,68,0,0,13,10,23,6,17,19,49,91,32,6,38,129
03/21/2021,MOB,AL,ASO,CE,Combined TRACON& Tower with Radar,10,19,16,32,77,0,1,21,22,44,10,20,37,54,121,8,0,8,129
03/22/2021,MOB,AL,ASO,CE,Combined TRACON& Tower with Radar,10,17,12,132,171,0,0,17,36,53,10,17,29,168,224,32,102,134,358
03/23/2021,MOB,AL,ASO,CE,Combined TRACON& Tower with Radar,10,21,3,10,44,0,0,4,16,20,10,21,7,26,64,0,116,116,180
03/24/2021,MOB,AL,ASO,CE,Combined TRACON& Tower with Radar,11,21,3,102,137,0,0,3,30,33,11,21,6,132,170,4,74,78,248
03/25/2021,MOB,AL,ASO,CE,Combined TRACON& Tower with Radar,10,19,8,35,72,0,0,0,20,20,10,19,8,55,92,0,42,42,134
03/26/2021,MOB,AL,ASO,CE,Combined TRACON& Tower with Radar,13,18,12,101,144,0,0,4,4,8,13,18,16,105,152,10,16,26,178
03/27/2021,MOB,AL,ASO,CE,Combined TRACON& Tower with Radar,7,18,6,7,38,0,1,4,2,7,7,19,10,9,45,0,60,60,105
03/28/2021,MOB,AL,ASO,CE,Combined TRACON& Tower with Radar,10,19,3,29,61,0,0,2,13,15,10,19,5,42,76,0,32,32,108
03/29/2021,MOB,AL,ASO,CE,Combined TRACON& Tower with Radar,10,19,7,72,108,0,1,18,36,55,10,20,25,108,163,0,68,68,231
03/30/2021,MOB,AL,ASO,CE,Combined TRACON& Tower with Radar,8,19,13,98,138,0,1,6,13,20,8,20,19,111,158,2,72,74,232
03/31/2021,MOB,AL,ASO,CE,Combined TRACON& Tower with Radar,9,20,10,55,94,0,0,3,14,17,9,20,13,69,111,0,89,89,200
04/01/2021,MOB,AL,ASO,CE,Combined TRACON& Tower with Radar,10,22,7,89,128,0,0,10,53,63,10,22,17,142,191,0,150,150,341
04/02/2021,MOB,AL,ASO,CE,Combined TRACON& Tower with Radar,8,25,4,16,53,0,1,16,27,44,8,26,20,43,97,2,114,116,213
04/03/2021,MOB,AL,ASO,CE,Combined TRACON& Tower with Radar,7,19,8,0,34,0,1,15,4,20,7,20,23,4,54,26,14,40,94
04/04/2021,MOB,AL,ASO,CE,Combined TRACON& Tower with Radar,8,24,4,2,38,0,0,12,2,14,8,24,16,4,52,0,22,22,74
04/05/2021,MOB,AL,ASO,CE,Combined TRACON& Tower with Radar,8,23,11,148,190,0,0,21,60,81,8,23,32,208,271,2,172,174,445
04/06/2021,MOB,AL,ASO,CE,Combined TRACON& Tower with Radar,6,21,11,123,161,0,1,23,53,77,6,22,34,176,238,0,130,130,368
04/07/2021,MOB,AL,ASO,CE,Combined TRACON& Tower with Radar,8,21,22,140,191,0,1,10,48,59,8,22,32,188,250,26,108,134,384
04/08/2021,MOB,AL,ASO,CE,Combined TRACON& Tower with Radar,8,24,9,118,159,0,0,7,40,47,8,24,16,158,206,0,150,150,356
04/09/2021,MOB,AL,ASO,CE,Combined TRACON& Tower with Radar,8,26,11,40,85,0,0,4,14,18,8,26,15,54,103,30,124,154,257
04/10/2021,MOB,AL,ASO,CE,Combined TRACON& Tower with Radar,6,23,5,4,38,0,0,0,8,8,6,23,5,12,46,0,0,0,46
04/11/2021,MOB,AL,ASO,CE,Combined TRACON& Tower with Radar,8,23,3,9,43,0,0,11,19,30,8,23,14,28,73,10,4,14,87
04/12/2021,MOB,AL,ASO,CE,Combined TRACON& Tower with Radar,8,24,16,61,109,0,2,13,61,76,8,26,29,122,185,22,146,168,353
04/13/2021,MOB,AL,ASO,CE,Combined TRACON& Tower with Radar,12,25,14,52,103,0,2,13,28,43,12,27,27,80,146,14,96,110,256
04/14/2021,MOB,AL,ASO,CE,Combined TRACON& Tower with Radar,8,21,9,22,60,0,0,2,24,26,8,21,11,46,86,0,166,166,252
04/15/2021,MOB,AL,ASO,CE,Combined TRACON& Tower with Radar,9,21,9,104,143,0,0,0,17,17,9,21,9,121,160,0,166,166,326
04/16/2021,MOB,AL,ASO,CE,Combined TRACON& Tower with Radar,11,19,9,47,86,0,0,7,34,41,11,19,16,81,127,4,132,136,263
04/17/2021,MOB,AL,ASO,CE,Combined TRACON& Tower with Radar,8,24,3,5,40,0,0,0,0,0,8,24,3,5,40,0,0,0,40
04/18/2021,MOB,AL,ASO,CE,Combined TRACON& Tower with Radar,8,24,17,35,84,0,1,15,20,36,8,25,32,55,120,2,20,22,142
04/19/2021,MOB,AL,ASO,CE,Combined TRACON& Tower with Radar,8,23,14,182,227,0,0,26,50,76,8,23,40,232,303,4,206,210,513
04/20/2021,MOB,AL,ASO,CE,Combined TRACON& Tower with Radar,16,27,22,118,183,0,3,9,54,66,16,30,31,172,249,16,136,152,401
04/21/2021,MOB,AL,ASO,CE,Combined TRACON& Tower with Radar,8,20,10,183,221,0,1,24,59,84,8,21,34,242,305,42,172,214,519
04/22/2021,MOB,AL,ASO,CE,Combined TRACON& Tower with Radar,8,23,15,88,134,0,1,19,47,67,8,24,34,135,201,0,120,120,321
04/23/2021,MOB,AL,ASO,CE,Combined TRACON& Tower with Radar,8,26,8,115,157,0,3,18,45,66,8,29,26,160,223,26,222,248,471
04/24/2021,MOB,AL,ASO,CE,Combined TRACON& Tower with Radar,6,25,2,2,35,0,0,0,2,2,6,25,2,4,37,0,0,0,37
04/25/2021,MOB,AL,ASO,CE,Combined TRACON& Tower with Radar,8,25,23,10,66,0,0,11,10,21,8,25,34,20,87,52,38,90,177
04/26/2021,MOB,AL,ASO,CE,Combined TRACON& Tower with Radar,8,25,13,145,191,0,1,8,42,51,8,26,21,187,242,30,138,168,410
04/27/2021,MOB,AL,ASO,CE,Combined TRACON& Tower with Radar,8,28,13,140,189,0,3,18,43,64,8,31,31,183,253,66,220,286,539
04/28/2021,MOB,AL,ASO,CE,Combined TRACON& Tower with Radar,8,22,13,104,147,0,0,8,50,58,8,22,21,154,205,46,96,142,347
04/29/2021,MOB,AL,ASO,CE,Combined TRACON& Tower with Radar,10,26,22,145,203,0,0,14,51,65,10,26,36,196,268,36,106,142,410
04/30/2021,MOB,AL,ASO,CE,Combined TRACON& Tower with Radar,8,19,13,89,129,0,0,6,11,17,8,19,19,100,146,24,96,120,266
05/01/2021,MOB,AL,ASO,CE,Combined TRACON& Tower with Radar,6,21,9,7,43,0,0,17,9,26,6,21,26,16,69,86,0,86,155
05/02/2021,MOB,AL,ASO,CE,Combined TRACON& Tower with Radar,8,21,14,0,43,0,0,2,3,5,8,21,16,3,48,0,0,0,48
05/03/2021,MOB,AL,ASO,CE,Combined TRACON& Tower with Radar,7,21,14,81,123,0,0,3,9,12,7,21,17,90,135,46,120,166,301
05/04/2021,MOB,AL,ASO,CE,Combined TRACON& Tower with Radar,10,19,5,127,161,0,0,0,23,23,10,19,5,150,184,0,150,150,334
05/05/2021,MOB,AL,ASO,CE,Combined TRACON& Tower with Radar,8,20,14,95,137,0,1,2,4,7,8,21,16,99,144,14,108,122,266
05/06/2021,MOB,AL,ASO,CE,Combined TRACON& Tower with Radar,8,23,16,97,144,0,0,20,40,60,8,23,36,137,204,98,70,168,372
05/07/2021,MOB,AL,ASO,CE,Combined TRACON& Tower with Radar,12,25,6,82,125,0,1,31,45,77,12,26,37,127,202,38,90,128,330
05/08/2021,MOB,AL,ASO,CE,Combined TRACON& Tower with Radar,8,23,6,30,67,0,1,23,23,47,8,24,29,53,114,34,94,128,242
05/09/2021,MOB,AL,ASO,CE,Combined TRACON& Tower with Radar,10,24,18,15,67,0,0,6,5,11,10,24,24,20,78,2,2,4,82
05/10/2021,MOB,AL,ASO,CE,Combined TRACON& Tower with Radar,10,22,12,69,113,0,0,0,14,14,10,22,12,83,127,14,126,140,267
05/11/2021,MOB,AL,ASO,CE,Combined TRACON& Tower with Radar,10,18,8,90,126,0,0,2,28,30,10,18,10,118,156,36,96,132,288
05/12/2021,MOB,AL,ASO,CE,Combined TRACON& Tower with Radar,10,27,13,175,225,0,0,0,32,32,10,27,13,207,257,0,130,130,387
05/13/2021,MOB,AL,ASO,CE,Combined TRACON& Tower with Radar,11,23,16,155,205,0,1,12,49,62,11,24,28,204,267,24,126,150,417
05/14/2021,MOB,AL,ASO,CE,Combined TRACON& Tower with Radar,13,27,20,135,195,0,5,24,40,69,13,32,44,175,264,12,126,138,402
05/15/2021,MOB,AL,ASO,CE,Combined TRACON& Tower with Radar,8,23,8,30,69,0,1,22,39,62,8,24,30,69,131,42,60,102,233
05/16/2021,MOB,AL,ASO,CE,Combined TRACON& Tower with Radar,10,24,18,41,93,0,0,10,28,38,10,24,28,69,131,40,16,56,187
05/17/2021,MOB,AL,ASO,CE,Combined TRACON& Tower with Radar,12,27,5,148,192,0,3,8,44,55,12,30,13,192,247,0,110,110,357
05/18/2021,MOB,AL,ASO,CE,Combined TRACON& Tower with Radar,11,22,5,34,72,0,0,8,24,32,11,22,13,58,104,12,144,156,260
05/19/2021,MOB,AL,ASO,CE,Combined TRACON& Tower with Radar,10,23,12,24,69,0,0,7,19,26,10,23,19,43,95,28,96,124,219
05/20/2021,MOB,AL,ASO,CE,Combined TRACON& Tower with Radar,14,28,3,143,188,0,1,5,56,62,14,29,8,199,250,10,122,132,382
05/21/2021,MOB,AL,ASO,CE,Combined TRACON& Tower with Radar,10,37,9,209,265,0,1,13,59,73,10,38,22,268,338,12,104,116,454
05/22/2021,MOB,AL,ASO,CE,Combined TRACON& Tower with Radar,8,24,3,10,45,0,0,11,16,27,8,24,14,26,72,28,42,70,142
05/23/2021,MOB,AL,ASO,CE,Combined TRACON& Tower with Radar,10,24,10,77,121,0,2,28,29,59,10,26,38,106,180,26,10,36,216
05/24/2021,MOB,AL,ASO,CE,Combined TRACON& Tower with Radar,12,21,21,137,191,0,0,22,41,63,12,21,43,178,254,52,102,154,408
05/25/2021,MOB,AL,ASO,CE,Combined TRACON& Tower with Radar,10,29,9,171,219,0,5,12,40,57,10,34,21,211,276,30,122,152,428
05/26/2021,MOB,AL,ASO,CE,Combined TRACON& Tower with Radar,10,25,7,138,180,0,0,17,31,48,10,25,24,169,228,32,84,116,344
05/27/2021,MOB,AL,ASO,CE,Combined TRACON& Tower with Radar,10,29,11,160,210,0,4,17,67,88,10,33,28,227,298,10,146,156,454
05/28/2021,MOB,AL,ASO,CE,Combined TRACON& Tower with Radar,10,24,9,34,77,0,2,18,15,35,10,26,27,49,112,14,24,38,150
05/29/2021,MOB,AL,ASO,CE,Combined TRACON& Tower with Radar,8,23,12,0,43,0,0,16,4,20,8,23,28,4,63,28,6,34,97
05/30/2021,MOB,AL,ASO,CE,Combined TRACON& Tower with Radar,12,23,7,1,43,0,0,11,4,15,12,23,18,5,58,26,0,26,84
05/31/2021,MOB,AL,ASO,CE,Combined TRACON& Tower with Radar,10,21,20,9,60,0,3,6,2,11,10,24,26,11,71,2,110,112,183
06/01/2021,MOB,AL,ASO,CE,Combined TRACON& Tower with Radar,10,21,13,69,113,0,0,11,34,45,10,21,24,103,158,28,98,126,284
06/02/2021,MOB,AL,ASO,CE,Combined TRACON& Tower with Radar,17,26,10,95,148,0,2,9,55,66,17,28,19,150,214,54,140,194,408
06/03/2021,MOB,AL,ASO,CE,Combined TRACON& Tower with Radar,18,15,15,73,121,0,0,7,42,49,18,15,22,115,170,0,144,144,314
06/04/2021,MOB,AL,ASO,CE,Combined TRACON& Tower with Radar,20,14,8,59,101,0,0,4,26,30,20,14,12,85,131,42,124,166,297
06/05/2021,MOB,AL,ASO,CE,Combined TRACON& Tower with Radar,18,12,13,19,62,0,0,2,6,8,18,12,15,25,70,0,24,24,94
06/06/2021,MOB,AL,ASO,CE,Combined TRACON& Tower with Radar,15,14,6,29,64,0,0,5,2,7,15,14,11,31,71,0,0,0,71
06/07/2021,MOB,AL,ASO,CE,Combined TRACON& Tower with Radar,20,19,16,232,287,0,0,10,43,53,20,19,26,275,340,0,166,166,506
06/08/2021,MOB,AL,ASO,CE,Combined TRACON& Tower with Radar,18,29,12,111,170,0,0,2,21,23,18,29,14,132,193,18,148,166,359
06/09/2021,MOB,AL,ASO,CE,Combined TRACON& Tower with Radar,19,17,18,101,155,0,0,11,22,33,19,17,29,123,188,6,132,138,326
06/10/2021,MOB,AL,ASO,CE,Combined TRACON& Tower with Radar,22,15,19,105,161,0,0,16,59,75,22,15,35,164,236,24,30,54,290
06/11/2021,MOB,AL,ASO,CE,Combined TRACON& Tower with Radar,25,16,17,138,196,0,1,10,48,59,25,17,27,186,255,36,76,112,367
06/12/2021,MOB,AL,ASO,CE,Combined TRACON& Tower with Radar,20,13,9,24,66,0,2,18,14,34,20,15,27,38,100,52,132,184,284
06/13/2021,MOB,AL,ASO,CE,Combined TRACON& Tower with Radar,17,24,6,8,55,0,1,6,5,12,17,25,12,13,67,0,0,0,67
06/14/2021,MOB,AL,ASO,CE,Combined TRACON& Tower with Radar,17,16,15,116,164,0,0,8,65,73,17,16,23,181,237,0,112,112,349
06/15/2021,MOB,AL,ASO,CE,Combined TRACON& Tower with Radar,17,21,10,118,166,0,3,22,43,68,17,24,32,161,234,42,64,106,340
06/16/2021,MOB,AL,ASO,CE,Combined TRACON& Tower with Radar,22,21,19,155,217,0,2,14,39,55,22,23,33,194,272,24,116,140,412
06/17/2021,MOB,AL,ASO,CE,Combined TRACON& Tower with Radar,20,16,8,185,229,0,1,18,74,93,20,17,26,259,322,14,202,216,538
06/18/2021,MOB,AL,ASO,CE,Combined TRACON& Tower with Radar,18,14,6,20,58,0,0,3,5,8,18,14,9,25,66,0,30,30,96
06/19/2021,MOB,AL,ASO,CE,Combined TRACON& Tower with Radar,18,12,0,0,30,0,0,0,0,0,18,12,0,0,30,0,0,0,30
06/20/2021,MOB,AL,ASO,CE,Combined TRACON& Tower with Radar,18,16,2,8,44,0,0,5,2,7,18,16,7,10,51,0,0,0,51
06/21/2021,MOB,AL,ASO,CE,Combined TRACON& Tower with Radar,16,19,8,14,57,0,0,6,2,8,16,19,14,16,65,0,0,0,65
06/22/2021,MOB,AL,ASO,CE,Combined TRACON& Tower with Radar,18,17,4,110,149,0,1,0,20,21,18,18,4,130,170,0,60,60,230
06/23/2021,MOB,AL,ASO,CE,Combined TRACON& Tower with Radar,19,19,10,57,105,0,0,7,41,48,19,19,17,98,153,22,6,28,181
06/24/2021,MOB,AL,ASO,CE,Combined TRACON& Tower with Radar,18,18,17,89,142,0,0,15,46,61,18,18,32,135,203,6,18,24,227
06/25/2021,MOB,AL,ASO,CE,Combined TRACON& Tower with Radar,20,19,8,71,118,0,2,4,29,35,20,21,12,100,153,52,24,76,229
06/26/2021,MOB,AL,ASO,CE,Combined TRACON& Tower with Radar,18,12,0,34,64,0,0,14,21,35,18,12,14,55,99,36,58,94,193
06/27/2021,MOB,AL,ASO,CE,Combined TRACON& Tower with Radar,19,17,6,57,99,0,1,5,0,6,19,18,11,57,105,38,46,84,189
06/28/2021,MOB,AL,ASO,CE,Combined TRACON& Tower with Radar,21,15,6,114,156,0,0,10,51,61,21,15,16,165,217,28,84,112,329
06/29/2021,MOB,AL,ASO,CE,Combined TRACON& Tower with Radar,20,22,6,175,223,0,0,13,49,62,20,22,19,224,285,10,24,34,319
06/30/2021,MOB,AL,ASO,CE,Combined TRACON& Tower with Radar,18,16,12,112,158,0,3,3,40,46,18,19,15,152,204,6,90,96,300
07/01/2021,MOB,AL,ASO,CE,Combined TRACON& Tower with Radar,18,16,12,112,158,0,0,4,47,51,18,16,16,159,209,0,0,0,209
07/02/2021,MOB,AL,ASO,CE,Combined TRACON& Tower with Radar,14,16,6,1,37,0,0,7,3,10,14,16,13,4,47,16,0,16,63
07/03/2021,MOB,AL,ASO,CE,Combined TRACON& Tower with Radar,18,13,5,3,39,0,0,1,1,2,18,13,6,4,41,0,0,0,41
07/04/2021,MOB,AL,ASO,CE,Combined TRACON& Tower with Radar,16,9,2,2,29,0,0,3,0,3,16,9,5,2,32,44,0,44,76
07/05/2021,MOB,AL,ASO,CE,Combined TRACON& Tower with Radar,18,14,3,4,39,0,0,3,0,3,18,14,6,4,42,0,0,0,42
07/06/2021,MOB,AL,ASO,CE,Combined TRACON& Tower with Radar,18,21,5,69,113,0,0,1,14,15,18,21,6,83,128,34,108,142,270
07/07/2021,MOB,AL,ASO,CE,Combined TRACON& Tower with Radar,19,12,7,142,180,0,0,4,26,30,19,12,11,168,210,20,26,46,256
07/08/2021,MOB,AL,ASO,CE,Combined TRACON& Tower with Radar,16,22,12,116,166,0,5,16,59,80,16,27,28,175,246,46,182,228,474
07/09/2021,MOB,AL,ASO,CE,Combined TRACON& Tower with Radar,16,16,10,106,148,0,0,4,37,41,16,16,14,143,189,20,110,130,319
07/10/2021,MOB,AL,ASO,CE,Combined TRACON& Tower with Radar,16,14,5,23,58,0,0,5,21,26,16,14,10,44,84,32,10,42,126
07/11/2021,MOB,AL,ASO,CE,Combined TRACON& Tower with Radar,15,19,3,5,42,0,0,5,4,9,15,19,8,9,51,0,0,0,51
07/12/2021,MOB,AL,ASO,CE,Combined TRACON& Tower with Radar,16,19,8,46,89,0,0,9,20,29,16,19,17,66,118,0,164,164,282
07/13/2021,MOB,AL,ASO,CE,Combined TRACON& Tower with Radar,19,28,21,133,201,0,10,13,65,88,19,38,34,198,289,0,124,124,413
07/14/2021,MOB,AL,ASO,CE,Combined TRACON& Tower with Radar,20,23,8,185,236,0,5,26,64,95,20,28,34,249,331,18,92,110,441
07/15/2021,MOB,AL,ASO,CE,Combined TRACON& Tower with Radar,18,19,13,138,188,0,2,8,87,97,18,21,21,225,285,14,0,14,299
07/16/2021,MOB,AL,ASO,CE,Combined TRACON& Tower with Radar,18,19,11,53,101,0,0,8,31,39,18,19,19,84,140,20,110,130,270
07/17/2021,MOB,AL,ASO,CE,Combined TRACON& Tower with Radar,18,13,3,12,46,0,1,3,2,6,18,14,6,14,52,20,26,46,98
07/18/2021,MOB,AL,ASO,CE,Combined TRACON& Tower with Radar,19,17,16,37,89,0,0,3,17,20,19,17,19,54,109,0,14,14,123
07/19/2021,MOB,AL,ASO,CE,Combined TRACON& Tower with Radar,13,26,9,28,76,0,0,2,24,26,13,26,11,52,102,24,106,130,232
07/20/2021,MOB,AL,ASO,CE,Combined TRACON& Tower with Radar,11,25,15,80,131,0,0,3,46,49,11,25,18,126,180,0,165,165,345
07/21/2021,MOB,AL,ASO,CE,Combined TRACON& Tower with Radar,20,18,15,171,224,0,3,11,74,88,20,21,26,245,312,42,114,156,468
07/22/2021,MOB,AL,ASO,CE,Combined TRACON& Tower with Radar,18,23,10,196,247,0,4,29,56,89,18,27,39,252,336,6,88,94,430
07/23/2021,MOB,AL,ASO,CE,Combined TRACON& Tower with Radar,17,18,8,71,114,0,1,8,28,37,17,19,16,99,151,20,122,142,293
07/24/2021,MOB,AL,ASO,CE,Combined TRACON& Tower with Radar,19,15,11,10,55,0,2,15,6,23,19,17,26,16,78,70,98,168,246
07/25/2021,MOB,AL,ASO,CE,Combined TRACON& Tower with Radar,18,17,10,9,54,0,0,2,9,11,18,17,12,18,65,32,60,92,157
07/26/2021,MOB,AL,ASO,CE,Combined TRACON& Tower with Radar,19,26,3,165,213,0,1,15,42,58,19,27,18,207,271,10,108,118,389
07/27/2021,MOB,AL,ASO,CE,Combined TRACON& Tower with Radar,19,16,15,86,136,0,1,14,50,65,19,17,29,136,201,32,140,172,373
07/28/2021,MOB,AL,ASO,CE,Combined TRACON& Tower with Radar,19,20,3,105,147,0,2,7,36,45,19,22,10,141,192,0,88,88,280
07/29/2021,MOB,AL,ASO,CE,Combined TRACON& Tower with Radar,20,21,11,109,161,0,2,12,49,63,20,23,23,158,224,24,130,154,378
07/30/2021,MOB,AL,ASO,CE,Combined TRACON& Tower with Radar,23,20,11,97,151,0,0,18,44,62,23,20,29,141,213,22,110,132,345
07/31/2021,MOB,AL,ASO,CE,Combined TRACON& Tower with Radar,18,14,7,11,50,0,0,25,21,46,18,14,32,32,96,22,40,62,158
08/01/2021,MOB,AL,ASO,CE,Combined TRACON& Tower with Radar,14,17,12,30,73,0,0,7,18,25,14,17,19,48,98,6,4,10,108
08/02/2021,MOB,AL,ASO,CE,Combined TRACON& Tower with Radar,18,12,10,61,101,0,0,4,26,30,18,12,14,87,131,20,120,140,271
08/03/2021,MOB,AL,ASO,CE,Combined TRACON& Tower with Radar,21,16,4,204,245,0,0,3,38,41,21,16,7,242,286,40,132,172,458
08/04/2021,MOB,AL,ASO,CE,Combined TRACON& Tower with Radar,29,13,17,46,105,0,0,28,47,75,29,13,45,93,180,22,112,134,314
08/05/2021,MOB,AL,ASO,CE,Combined TRACON& Tower with Radar,18,18,11,126,173,0,0,10,36,46,18,18,21,162,219,4,74,78,297
08/06/2021,MOB,AL,ASO,CE,Combined TRACON& Tower with Radar,18,18,19,50,105,0,3,8,14,25,18,21,27,64,130,0,18,18,148
08/07/2021,MOB,AL,ASO,CE,Combined TRACON& Tower with Radar,19,12,13,16,60,0,1,13,15,29,19,13,26,31,89,48,138,186,275
08/08/2021,MOB,AL,ASO,CE,Combined TRACON& Tower with Radar,19,12,6,5,42,0,0,18,7,25,19,12,24,12,67,30,14,44,111
08/09/2021,MOB,AL,ASO,CE,Combined TRACON& Tower with Radar,20,12,9,41,82,0,0,5,24,29,20,12,14,65,111,0,0,0,111
08/10/2021,MOB,AL,ASO,CE,Combined TRACON& Tower with Radar,19,16,14,66,115,0,0,16,19,35,19,16,30,85,150,20,64,84,234
08/11/2021,MOB,AL,ASO,CE,Combined TRACON& Tower with Radar,19,20,12,95,146,0,1,15,52,68,19,21,27,147,214,0,252,252,466
08/12/2021,MOB,AL,ASO,CE,Combined TRACON& Tower with Radar,21,14,9,89,133,0,3,6,48,57,21,17,15,137,190,0,78,78,268
08/13/2021,MOB,AL,ASO,CE,Combined TRACON& Tower with Radar,23,17,17,98,155,0,0,17,31,48,23,17,34,129,203,6,34,40,243
08/14/2021,MOB,AL,ASO,CE,Combined TRACON& Tower with Radar,17,13,7,2,39,0,0,9,0,9,17,13,16,2,48,0,0,0,48
08/15/2021,MOB,AL,ASO,CE,Combined TRACON& Tower with Radar,18,12,7,18,55,0,0,3,16,19,18,12,10,34,74,6,24,30,104
08/16/2021,MOB,AL,ASO,CE,Combined TRACON& Tower with Radar,18,17,5,9,49,0,0,2,19,21,18,17,7,28,70,16,50,66,136
08/17/2021,MOB,AL,ASO,CE,Combined TRACON& Tower with Radar,20,11,6,96,133,0,1,13,50,64,20,12,19,146,197,0,24,24,221
08/18/2021,MOB,AL,ASO,CE,Combined TRACON& Tower with Radar,17,13,6,97,133,0,0,14,56,70,17,13,20,153,203,34,146,180,383
08/19/2021,MOB,AL,ASO,CE,Combined TRACON& Tower with Radar,16,12,18,89,135,0,0,12,64,76,16,12,30,153,211,26,68,94,305
08/20/2021,MOB,AL,ASO,CE,Combined TRACON& Tower with Radar,14,18,10,28,70,0,0,8,19,27,14,18,18,47,97,0,34,34,131
08/21/2021,MOB,AL,ASO,CE,Combined TRACON& Tower with Radar,17,13,9,19,58,0,1,22,21,44,17,14,31,40,102,22,68,90,192
08/22/2021,MOB,AL,ASO,CE,Combined TRACON& Tower with Radar,25,12,9,47,93,0,0,23,23,46,25,12,32,70,139,8,0,8,147
08/23/2021,MOB,AL,ASO,CE,Combined TRACON& Tower with Radar,20,12,13,103,148,0,0,7,55,62,20,12,20,158,210,20,138,158,368
08/24/2021,MOB,AL,ASO,CE,Combined TRACON& Tower with Radar,18,12,7,108,145,0,0,15,55,70,18,12,22,163,215,12,38,50,265
08/25/2021,MOB,AL,ASO,CE,Combined TRACON& Tower with Radar,19,15,13,97,144,0,0,15,48,63,19,15,28,145,207,56,100,156,363
08/26/2021,MOB,AL,ASO,CE,Combined TRACON& Tower with Radar,19,15,19,108,161,0,2,8,59,69,19,17,27,167,230,0,0,0,230
08/27/2021,MOB,AL,ASO,CE,Combined TRACON& Tower with Radar,18,14,32,39,103,0,0,12,36,48,18,14,44,75,151,0,0,0,151
08/28/2021,MOB,AL,ASO,CE,Combined TRACON& Tower with Radar,17,20,9,5,51,0,0,0,4,4,17,20,9,9,55,0,0,0,55
08/29/2021,MOB,AL,ASO,CE,Combined TRACON& Tower with Radar,3,0,0,1,4,0,0,0,0,0,3,0,0,1,4,0,0,0,4
08/30/2021,MOB,AL,ASO,CE,Combined TRACON& Tower with Radar,9,4,5,8,26,0,0,0,14,14,9,4,5,22,40,0,0,0,40
08/31/2021,MOB,AL,ASO,CE,Combined TRACON& Tower with Radar,19,19,10,143,191,0,2,8,30,40,19,21,18,173,231,0,0,0,231
09/01/2021,MOB,AL,ASO,CE,Combined TRACON& Tower with Radar,19,22,12,113,166,0,6,13,75,94,19,28,25,188,260,2,56,58,318
09/02/2021,MOB,AL,ASO,CE,Combined TRACON& Tower with Radar,19,16,13,91,139,0,1,20,55,76,19,17,33,146,215,6,116,122,337
09/03/2021,MOB,AL,ASO,CE,Combined TRACON& Tower with Radar,22,14,24,6,66,0,0,22,12,34,22,14,46,18,100,26,6,32,132
09/04/2021,MOB,AL,ASO,CE,Combined TRACON& Tower with Radar,18,11,10,2,41,0,0,25,3,28,18,11,35,5,69,38,0,38,107
09/05/2021,MOB,AL,ASO,CE,Combined TRACON& Tower with Radar,18,10,5,2,35,0,0,6,3,9,18,10,11,5,44,18,16,34,78
09/06/2021,MOB,AL,ASO,CE,Combined TRACON& Tower with Radar,16,15,13,2,46,0,2,2,4,8,16,17,15,6,54,0,0,0,54
09/07/2021,MOB,AL,ASO,CE,Combined TRACON& Tower with Radar,15,13,8,185,221,0,0,11,87,98,15,13,19,272,319,28,124,152,471
09/08/2021,MOB,AL,ASO,CE,Combined TRACON& Tower with Radar,16,21,20,114,171,0,0,2,47,49,16,21,22,161,220,0,36,36,256
09/09/2021,MOB,AL,ASO,CE,Combined TRACON& Tower with Radar,15,23,24,172,234,0,0,9,56,65,15,23,33,228,299,2,70,72,371
09/10/2021,MOB,AL,ASO,CE,Combined TRACON& Tower with Radar,13,19,6,205,243,0,2,20,56,78,13,21,26,261,321,52,144,196,517
09/11/2021,MOB,AL,ASO,CE,Combined TRACON& Tower with Radar,14,13,9,46,82,0,1,32,34,67,14,14,41,80,149,8,22,30,179
09/12/2021,MOB,AL,ASO,CE,Combined TRACON& Tower with Radar,14,19,16,28,77,0,0,16,22,38,14,19,32,50,115,8,10,18,133
09/13/2021,MOB,AL,ASO,CE,Combined TRACON& Tower with Radar,12,22,7,101,142,0,2,9,63,74,12,24,16,164,216,0,52,52,268
09/14/2021,MOB,AL,ASO,CE,Combined TRACON& Tower with Radar,14,11,10,98,133,0,0,1,35,36,14,11,11,133,169,0,50,50,219
09/15/2021,MOB,AL,ASO,CE,Combined TRACON& Tower with Radar,16,15,7,1,39,0,0,0,0,0,16,15,7,1,39,0,0,0,39
09/16/2021,MOB,AL,ASO,CE,Combined TRACON& Tower with Radar,14,24,12,81,131,0,1,2,25,28,14,25,14,106,159,0,134,134,293
09/17/2021,MOB,AL,ASO,CE,Combined TRACON& Tower with Radar,13,20,11,37,81,0,0,0,20,20,13,20,11,57,101,0,52,52,153
09/18/2021,MOB,AL,ASO,CE,Combined TRACON& Tower with Radar,12,11,6,44,73,0,0,0,26,26,12,11,6,70,99,0,56,56,155
09/19/2021,MOB,AL,ASO,CE,Combined TRACON& Tower with Radar,15,16,14,10,55,0,0,5,4,9,15,16,19,14,64,0,0,0,64
09/20/2021,MOB,AL,ASO,CE,Combined TRACON& Tower with Radar,16,22,10,58,106,0,1,7,34,42,16,23,17,92,148,0,80,80,228
09/21/2021,MOB,AL,ASO,CE,Combined TRACON& Tower with Radar,14,16,14,50,94,0,0,4,33,37,14,16,18,83,131,4,122,126,257
09/22/2021,MOB,AL,ASO,CE,Combined TRACON& Tower with Radar,16,12,22,112,162,0,0,18,42,60,16,12,40,154,222,0,144,144,366
09/23/2021,MOB,AL,ASO,CE,Combined TRACON& Tower with Radar,12,25,16,73,126,0,2,29,43,74,12,27,45,116,200,0,40,40,240
09/24/2021,MOB,AL,ASO,CE,Combined TRACON& Tower with Radar,17,22,15,109,163,0,1,19,63,83,17,23,34,172,246,0,94,94,340
09/25/2021,MOB,AL,ASO,CE,Combined TRACON& Tower with Radar,12,13,9,1,35,0,2,19,5,26,12,15,28,6,61,12,0,12,73
09/26/2021,MOB,AL,ASO,CE,Combined TRACON& Tower with Radar,13,24,10,1,48,0,0,18,1,19,13,24,28,2,67,8,0,8,75
09/27/2021,MOB,AL,ASO,CE,Combined TRACON& Tower with Radar,12,20,14,151,197,0,1,21,59,81,12,21,35,210,278,0,68,68,346
09/28/2021,MOB,AL,ASO,CE,Combined TRACON& Tower with Radar,14,12,12,14,52,0,0,6,31,37,14,12,18,45,89,4,124,128,217
09/29/2021,MOB,AL,ASO,CE,Combined TRACON& Tower with Radar,16,17,6,39,78,0,0,9,18,27,16,17,15,57,105,0,10,10,115
09/30/2021,MOB,AL,ASO,CE,Combined TRACON& Tower with Radar,15,22,12,107,156,0,0,1,55,56,15,22,13,162,212,0,76,76,288
10/01/2021,MOB,AL,ASO,CE,Combined TRACON& Tower with Radar,12,24,9,119,164,0,5,24,31,60,12,29,33,150,224,2,74,76,300
10/02/2021,MOB,AL,ASO,CE,Combined TRACON& Tower with Radar,14,14,17,29,74,0,0,12,9,21,14,14,29,38,95,0,0,0,95
10/03/2021,MOB,AL,ASO,CE,Combined TRACON& Tower with Radar,12,21,10,60,103,0,0,0,3,3,12,21,10,63,106,0,22,22,128
10/04/2021,MOB,AL,ASO,CE,Combined TRACON& Tower with Radar,12,19,8,80,119,0,0,4,15,19,12,19,12,95,138,8,36,44,182
10/05/2021,MOB,AL,ASO,CE,Combined TRACON& Tower with Radar,14,14,9,81,118,0,0,1,18,19,14,14,10,99,137,0,48,48,185
10/06/2021,MOB,AL,ASO,CE,Combined TRACON& Tower with Radar,18,16,7,167,208,0,0,8,31,39,18,16,15,198,247,0,44,44,291
10/07/2021,MOB,AL,ASO,CE,Combined TRACON& Tower with Radar,12,23,12,179,226,0,0,12,24,36,12,23,24,203,262,14,50,64,326
10/08/2021,MOB,AL,ASO,CE,Combined TRACON& Tower with Radar,12,25,20,152,209,0,0,21,35,56,12,25,41,187,265,0,22,22,287
10/09/2021,MOB,AL,ASO,CE,Combined TRACON& Tower with Radar,13,21,8,5,47,0,1,29,6,36,13,22,37,11,83,60,0,60,143
10/10/2021,MOB,AL,ASO,CE,Combined TRACON& Tower with Radar,9,21,10,2,42,0,0,24,2,26,9,21,34,4,68,12,0,12,80
10/11/2021,MOB,AL,ASO,CE,Combined TRACON& Tower with Radar,4,28,14,2,48,0,0,16,2,18,4,28,30,4,66,10,2,12,78
10/12/2021,MOB,AL,ASO,CE,Combined TRACON& Tower with Radar,6,25,18,186,235,0,1,27,47,75,6,26,45,233,310,6,62,68,378
10/13/2021,MOB,AL,ASO,CE,Combined TRACON& Tower with Radar,8,22,17,162,209,0,0,19,44,63,8,22,36,206,272,0,62,62,334
10/14/2021,MOB,AL,ASO,CE,Combined TRACON& Tower with Radar,8,33,25,183,249,0,0,13,65,78,8,33,38,248,327,0,20,20,347
10/15/2021,MOB,AL,ASO,CE,Combined TRACON& Tower with Radar,10,27,22,132,191,0,0,8,40,48,10,27,30,172,239,34,62,96,335
10/16/2021,MOB,AL,ASO,CE,Combined TRACON& Tower with Radar,7,21,8,39,75,0,2,4,34,40,7,23,12,73,115,0,82,82,197
10/17/2021,MOB,AL,ASO,CE,Combined TRACON& Tower with Radar,10,23,14,24,71,0,2,11,10,23,10,25,25,34,94,2,0,2,96
10/18/2021,MOB,AL,ASO,CE,Combined TRACON& Tower with Radar,6,31,13,170,220,0,0,3,48,51,6,31,16,218,271,0,48,48,319
10/19/2021,MOB,AL,ASO,CE,Combined TRACON& Tower with Radar,5,23,12,146,186,0,0,18,43,61,5,23,30,189,247,0,40,40,287
10/20/2021,MOB,AL,ASO,CE,Combined TRACON& Tower with Radar,9,29,9,105,152,0,0,14,26,40,9,29,23,131,192,0,0,0,192
10/21/2021,MOB,AL,ASO,CE,Combined TRACON& Tower with Radar,7,31,10,76,124,0,0,1,19,20,7,31,11,95,144,0,0,0,144
10/22/2021,MOB,AL,ASO,CE,Combined TRACON& Tower with Radar,7,25,12,142,186,0,0,8,48,56,7,25,20,190,242,0,80,80,322
10/23/2021,MOB,AL,ASO,CE,Combined TRACON& Tower with Radar,7,24,15,30,76,0,0,26,13,39,7,24,41,43,115,4,0,4,119
10/24/2021,MOB,AL,ASO,CE,Combined TRACON& Tower with Radar,8,21,13,30,72,0,0,17,10,27,8,21,30,40,99,0,0,0,99
10/25/2021,MOB,AL,ASO,CE,Combined TRACON& Tower with Radar,6,23,18,137,184,0,1,8,43,52,6,24,26,180,236,4,84,88,324
10/26/2021,MOB,AL,ASO,CE,Combined TRACON& Tower with Radar,5,21,22,109,157,0,0,19,47,66,5,21,41,156,223,18,102,120,343
10/27/2021,MOB,AL,ASO,CE,Combined TRACON& Tower with Radar,8,22,14,114,158,0,0,14,28,42,8,22,28,142,200,20,52,72,272
10/28/2021,MOB,AL,ASO,CE,Combined TRACON& Tower with Radar,9,28,16,141,194,0,0,5,48,53,9,28,21,189,247,0,0,0,247
10/29/2021,MOB,AL,ASO,CE,Combined TRACON& Tower with Radar,12,23,15,124,174,0,0,8,17,25,12,23,23,141,199,0,40,40,239
10/30/2021,MOB,AL,ASO,CE,Combined TRACON& Tower with Radar,7,23,16,56,102,0,0,12,11,23,7,23,28,67,125,20,0,20,145
10/31/2021,MOB,AL,ASO,CE,Combined TRACON& Tower with Radar,10,22,14,22,68,0,0,12,12,24,10,22,26,34,92,0,0,0,92
11/01/2021,MOB,AL,ASO,CE,Combined TRACON& Tower with Radar,5,25,17,107,154,0,0,23,56,79,5,25,40,163,233,0,96,96,329
11/02/2021,MOB,AL,ASO,CE,Combined TRACON& Tower with Radar,5,27,14,134,180,0,0,17,83,100,5,27,31,217,280,4,24,28,308
11/03/2021,MOB,AL,ASO,CE,Combined TRACON& Tower with Radar,5,30,11,136,182,0,1,16,54,71,5,31,27,190,253,40,94,134,387
11/04/2021,MOB,AL,ASO,CE,Combined TRACON& Tower with Radar,3,31,10,161,205,0,3,5,22,30,3,34,15,183,235,4,28,32,267
11/05/2021,MOB,AL,ASO,CE,Combined TRACON& Tower with Radar,4,29,13,168,214,0,0,9,38,47,4,29,22,206,261,0,98,98,359
11/06/2021,MOB,AL,ASO,CE,Combined TRACON& Tower with Radar,3,28,23,26,80,0,0,21,8,29,3,28,44,34,109,12,58,70,179
11/07/2021,MOB,AL,ASO,CE,Combined TRACON& Tower with Radar,12,21,18,37,88,0,0,18,18,36,12,21,36,55,124,8,40,48,172
11/08/2021,MOB,AL,ASO,CE,Combined TRACON& Tower with Radar,8,22,16,140,186,0,0,11,46,57,8,22,27,186,243,0,0,0,243
11/09/2021,MOB,AL,ASO,CE,Combined TRACON& Tower with Radar,10,20,10,126,166,0,1,9,61,71,10,21,19,187,237,0,94,94,331
11/10/2021,MOB,AL,ASO,CE,Combined TRACON& Tower with Radar,10,21,12,131,174,0,1,16,61,78,10,22,28,192,252,0,90,90,342
11/11/2021,MOB,AL,ASO,CE,Combined TRACON& Tower with Radar,11,22,17,0,50,0,0,5,4,9,11,22,22,4,59,0,0,0,59
11/12/2021,MOB,AL,ASO,CE,Combined TRACON& Tower with Radar,10,30,20,24,84,0,3,24,3,30,10,33,44,27,114,0,0,0,114
11/13/2021,MOB,AL,ASO,CE,Combined TRACON& Tower with Radar,8,25,2,33,68,0,0,16,5,21,8,25,18,38,89,8,72,80,169
11/14/2021,MOB,AL,ASO,CE,Combined TRACON& Tower with Radar,11,19,14,10,54,0,0,12,0,12,11,19,26,10,66,8,4,12,78
11/15/2021,MOB,AL,ASO,CE,Combined TRACON& Tower with Radar,8,27,13,155,203,0,2,11,58,71,8,29,24,213,274,0,126,126,400
11/16/2021,MOB,AL,ASO,CE,Combined TRACON& Tower with Radar,9,21,10,129,169,0,0,19,53,72,9,21,29,182,241,0,16,16,257
11/17/2021,MOB,AL,ASO,CE,Combined TRACON& Tower with Radar,11,26,15,159,211,0,0,17,53,70,11,26,32,212,281,4,46,50,331
11/18/2021,MOB,AL,ASO,CE,Combined TRACON& Tower with Radar,11,23,20,145,199,0,0,10,52,62,11,23,30,197,261,0,76,76,337
11/19/2021,MOB,AL,ASO,CE,Combined TRACON& Tower with Radar,11,23,18,92,144,0,1,7,57,65,11,24,25,149,209,0,92,92,301
11/20/2021,MOB,AL,ASO,CE,Combined TRACON& Tower with Radar,10,22,16,18,66,0,0,25,9,34,10,22,41,27,100,24,0,24,124
11/21/2021,MOB,AL,ASO,CE,Combined TRACON& Tower with Radar,8,23,10,35,76,0,0,10,19,29,8,23,20,54,105,10,66,76,181
11/22/2021,MOB,AL,ASO,CE,Combined TRACON& Tower with Radar,11,24,14,137,186,0,0,4,28,32,11,24,18,165,218,0,84,84,302
11/23/2021,MOB,AL,ASO,CE,Combined TRACON& Tower with Radar,14,23,9,134,180,0,0,15,38,53,14,23,24,172,233,0,56,56,289
11/24/2021,MOB,AL,ASO,CE,Combined TRACON& Tower with Radar,10,21,22,21,74,0,0,17,18,35,10,21,39,39,109,16,82,98,207
11/25/2021,MOB,AL,ASO,CE,Combined TRACON& Tower with Radar,6,14,3,1,24,0,0,2,2,4,6,14,5,3,28,0,0,0,28
11/26/2021,MOB,AL,ASO,CE,Combined TRACON& Tower with Radar,10,23,13,3,49,0,1,8,1,10,10,24,21,4,59,0,0,0,59
11/27/2021,MOB,AL,ASO,CE,Combined TRACON& Tower with Radar,11,21,7,1,40,0,0,10,2,12,11,21,17,3,52,14,0,14,66
11/28/2021,MOB,AL,ASO,CE,Combined TRACON& Tower with Radar,10,23,11,2,46,0,0,2,0,2,10,23,13,2,48,0,0,0,48
11/29/2021,MOB,AL,ASO,CE,Combined TRACON& Tower with Radar,12,22,18,126,178,0,4,12,48,64,12,26,30,174,242,0,0,0,242
11/30/2021,MOB,AL,ASO,CE,Combined TRACON& Tower with Radar,10,23,15,145,193,0,1,14,34,49,10,24,29,179,242,0,14,14,256
12/01/2021,MOB,AL,ASO,CE,Combined TRACON& Tower with Radar,10,21,18,131,180,0,1,12,51,64,10,22,30,182,244,0,34,34,278
12/02/2021,MOB,AL,ASO,CE,Combined TRACON& Tower with Radar,10,26,13,155,204,0,0,10,46,56,10,26,23,201,260,0,14,14,274
12/03/2021,MOB,AL,ASO,CE,Combined TRACON& Tower with Radar,10,29,15,101,155,0,0,12,40,52,10,29,27,141,207,32,58,90,297
12/04/2021,MOB,AL,ASO,CE,Combined TRACON& Tower with Radar,15,18,11,60,104,0,0,6,27,33,15,18,17,87,137,58,30,88,225
12/05/2021,MOB,AL,ASO,CE,Combined TRACON& Tower with Radar,10,18,14,67,109,0,0,10,22,32,10,18,24,89,141,16,8,24,165
12/06/2021,MOB,AL,ASO,CE,Combined TRACON& Tower with Radar,11,18,21,57,107,0,0,1,11,12,11,18,22,68,119,0,50,50,169
12/07/2021,MOB,AL,ASO,CE,Combined TRACON& Tower with Radar,9,16,15,101,141,0,0,0,2,2,9,16,15,103,143,0,0,0,143
12/08/2021,MOB,AL,ASO,CE,Combined TRACON& Tower with Radar,10,20,8,111,149,0,0,3,24,27,10,20,11,135,176,0,0,0,176
12/09/2021,MOB,AL,ASO,CE,Combined TRACON& Tower with Radar,9,20,15,147,191,0,0,1,18,19,9,20,16,165,210,0,10,10,220
12/10/2021,MOB,AL,ASO,CE,Combined TRACON& Tower with Radar,9,22,11,126,168,0,0,3,13,16,9,22,14,139,184,0,0,0,184
12/11/2021,MOB,AL,ASO,CE,Combined TRACON& Tower with Radar,10,14,11,9,44,0,0,3,9,12,10,14,14,18,56,0,0,0,56
12/12/2021,MOB,AL,ASO,CE,Combined TRACON& Tower with Radar,11,18,22,51,102,0,0,20,27,47,11,18,42,78,149,0,0,0,149
12/13/2021,MOB,AL,ASO,CE,Combined TRACON& Tower with Radar,10,14,16,192,232,0,1,17,50,68,10,15,33,242,300,4,10,14,314
12/14/2021,MOB,AL,ASO,CE,Combined TRACON& Tower with Radar,10,19,15,163,207,0,1,12,41,54,10,20,27,204,261,22,102,124,385
12/15/2021,MOB,AL,ASO,CE,Combined TRACON& Tower with Radar,9,21,27,215,272,0,0,7,28,35,9,21,34,243,307,32,46,78,385
12/16/2021,MOB,AL,ASO,CE,Combined TRACON& Tower with Radar,8,17,31,127,183,0,2,13,10,25,8,19,44,137,208,0,0,0,208
12/17/2021,MOB,AL,ASO,CE,Combined TRACON& Tower with Radar,10,16,13,50,89,0,0,0,0,0,10,16,13,50,89,0,0,0,89
12/18/2021,MOB,AL,ASO,CE,Combined TRACON& Tower with Radar,8,20,9,0,37,0,0,0,2,2,8,20,9,2,39,0,0,0,39
12/19/2021,MOB,AL,ASO,CE,Combined TRACON& Tower with Radar,5,18,8,22,53,0,0,4,0,4,5,18,12,22,57,6,0,6,63
12/20/2021,MOB,AL,ASO,CE,Combined TRACON& Tower with Radar,6,23,14,105,148,0,0,6,9,15,6,23,20,114,163,0,24,24,187
12/21/2021,MOB,AL,ASO,CE,Combined TRACON& Tower with Radar,4,21,10,128,163,0,0,1,11,12,4,21,11,139,175,0,0,0,175
12/22/2021,MOB,AL,ASO,CE,Combined TRACON& Tower with Radar,4,18,12,61,95,0,0,27,25,52,4,18,39,86,147,4,4,8,155
12/23/2021,MOB,AL,ASO,CE,Combined TRACON& Tower with Radar,6,18,9,12,45,0,0,13,9,22,6,18,22,21,67,20,0,20,87
12/24/2021,MOB,AL,ASO,CE,Combined TRACON& Tower with Radar,6,12,9,0,27,0,0,16,0,16,6,12,25,0,43,0,0,0,43
12/25/2021,MOB,AL,ASO,CE,Combined TRACON& Tower with Radar,5,19,2,0,26,0,0,6,0,6,5,19,8,0,32,0,0,0,32
12/26/2021,MOB,AL,ASO,CE,Combined TRACON& Tower with Radar,5,21,15,1,42,0,0,8,1,9,5,21,23,2,51,0,0,0,51
12/27/2021,MOB,AL,ASO,CE,Combined TRACON& Tower with Radar,6,21,13,59,99,0,0,1,17,18,6,21,14,76,117,0,14,14,131
12/28/2021,MOB,AL,ASO,CE,Combined TRACON& Tower with Radar,6,19,12,63,100,0,0,2,12,14,6,19,14,75,114,0,36,36,150
12/29/2021,MOB,AL,ASO,CE,Combined TRACON& Tower with Radar,6,20,16,76,118,0,0,1,5,6,6,20,17,81,124,0,0,0,124
12/30/2021,MOB,AL,ASO,CE,Combined TRACON& Tower with Radar,7,20,8,74,109,0,0,1,11,12,7,20,9,85,121,0,0,0,121
12/31/2021,MOB,AL,ASO,CE,Combined TRACON& Tower with Radar,4,14,12,12,42,0,0,1,0,1,4,14,13,12,43,10,0,10,53
01/01/2022,MOB,AL,ASO,CE,Combined TRACON& Tower with Radar,4,17,9,4,34,0,0,0,0,0,4,17,9,4,34,0,0,0,34
01/02/2022,MOB,AL,ASO,CE,Combined TRACON& Tower with Radar,6,20,3,0,29,0,0,0,0,0,6,20,3,0,29,0,0,0,29
01/03/2022,MOB,AL,ASO,CE,Combined TRACON& Tower with Radar,4,18,10,4,36,0,0,9,14,23,4,18,19,18,59,0,0,0,59
01/04/2022,MOB,AL,ASO,CE,Combined TRACON& Tower with Radar,6,18,8,70,102,0,1,18,11,30,6,19,26,81,132,12,0,12,144
01/05/2022,MOB,AL,ASO,CE,Combined TRACON& Tower with Radar,6,22,21,83,132,0,0,13,30,43,6,22,34,113,175,53,64,117,292
01/06/2022,MOB,AL,ASO,CE,Combined TRACON& Tower with Radar,6,27,9,182,224,0,0,0,26,26,6,27,9,208,250,14,56,70,320
01/07/2022,MOB,AL,ASO,CE,Combined TRACON& Tower with Radar,6,23,19,116,164,0,0,16,46,62,6,23,35,162,226,16,40,56,282
01/08/2022,MOB,AL,ASO,CE,Combined TRACON& Tower with Radar,6,18,7,6,37,0,0,6,12,18,6,18,13,18,55,0,0,0,55
01/09/2022,MOB,AL,ASO,CE,Combined TRACON& Tower with Radar,6,24,6,4,40,0,0,0,0,0,6,24,6,4,40,0,0,0,40
01/10/2022,MOB,AL,ASO,CE,Combined TRACON& Tower with Radar,5,23,18,90,136,0,1,7,40,48,5,24,25,130,184,14,74,88,272
01/11/2022,MOB,AL,ASO,CE,Combined TRACON& Tower with Radar,5,16,14,151,186,0,1,14,24,39,5,17,28,175,225,8,98,106,331
01/12/2022,MOB,AL,ASO,CE,Combined TRACON& Tower with Radar,6,24,19,163,212,0,2,20,54,76,6,26,39,217,288,4,34,38,326
01/13/2022,MOB,AL,ASO,CE,Combined TRACON& Tower with Radar,6,26,10,67,109,0,2,21,40,63,6,28,31,107,172,18,22,40,212
01/14/2022,MOB,AL,ASO,CE,Combined TRACON& Tower with Radar,6,32,11,136,185,0,0,6,31,37,6,32,17,167,222,34,72,106,328
01/15/2022,MOB,AL,ASO,CE,Combined TRACON& Tower with Radar,6,16,6,4,32,0,0,0,1,1,6,16,6,5,33,32,0,32,65
01/16/2022,MOB,AL,ASO,CE,Combined TRACON& Tower with Radar,6,14,6,21,47,0,0,3,7,10,6,14,9,28,57,0,0,0,57
01/17/2022,MOB,AL,ASO,CE,Combined TRACON& Tower with Radar,6,22,14,1,43,0,0,20,1,21,6,22,34,2,64,8,0,8,72
01/18/2022,MOB,AL,ASO,CE,Combined TRACON& Tower with Radar,6,18,11,69,104,0,0,39,51,90,6,18,50,120,194,14,48,62,256
01/19/2022,MOB,AL,ASO,CE,Combined TRACON& Tower with Radar,6,25,24,143,198,0,0,12,25,37,6,25,36,168,235,16,18,34,269
01/20/2022,MOB,AL,ASO,CE,Combined TRACON& Tower with Radar,6,35,8,26,75,0,0,0,1,1,6,35,8,27,76,0,0,0,76
01/21/2022,MOB,AL,ASO,CE,Combined TRACON& Tower with Radar,6,23,9,43,81,0,0,3,8,11,6,23,12,51,92,0,124,124,216
01/22/2022,MOB,AL,ASO,CE,Combined TRACON& Tower with Radar,6,20,13,25,64,0,0,31,7,38,6,20,44,32,102,18,20,38,140
01/23/2022,MOB,AL,ASO,CE,Combined TRACON& Tower with Radar,6,24,11,46,87,0,1,24,21,46,6,25,35,67,133,0,0,0,133
01/24/2022,MOB,AL,ASO,CE,Combined TRACON& Tower with Radar,6,29,12,119,166,0,5,18,50,73,6,34,30,169,239,0,0,0,239
01/25/2022,MOB,AL,ASO,CE,Combined TRACON& Tower with Radar,6,19,8,30,63,0,0,0,6,6,6,19,8,36,69,0,0,0,69
01/26/2022,MOB,AL,ASO,CE,Combined TRACON& Tower with Radar,6,25,14,169,214,0,0,21,39,60,6,25,35,208,274,6,0,6,280
01/27/2022,MOB,AL,ASO,CE,Combined TRACON& Tower with Radar,6,26,17,141,190,0,1,26,51,78,6,27,43,192,268,0,0,0,268
01/28/2022,MOB,AL,ASO,CE,Combined TRACON& Tower with Radar,5,22,15,119,161,0,0,17,45,62,5,22,32,164,223,16,34,50,273
01/29/2022,MOB,AL,ASO,CE,Combined TRACON& Tower with Radar,9,14,7,11,41,0,0,15,3,18,9,14,22,14,59,0,0,0,59
01/30/2022,MOB,AL,ASO,CE,Combined TRACON& Tower with Radar,5,29,11,15,60,0,0,22,5,27,5,29,33,20,87,0,0,0,87
01/31/2022,MOB,AL,ASO,CE,Combined TRACON& Tower with Radar,7,31,12,98,148,0,1,11,41,53,7,32,23,139,201,42,108,150,351
02/01/2022,MOB,AL,ASO,CE,Combined TRACON& Tower with Radar,6,31,37,147,221,0,0,13,49,62,6,31,50,196,283,10,46,56,339
02/02/2022,MOB,AL,ASO,CE,Combined TRACON& Tower with Radar,6,28,16,77,127,0,0,0,4,4,6,28,16,81,131,0,24,24,155
02/03/2022,MOB,AL,ASO,CE,Combined TRACON& Tower with Radar,6,21,11,14,52,0,0,0,0,0,6,21,11,14,52,0,0,0,52
02/04/2022,MOB,AL,ASO,CE,Combined TRACON& Tower with Radar,8,18,13,7,46,0,0,0,3,3,8,18,13,10,49,0,0,0,49
02/05/2022,MOB,AL,ASO,CE,Combined TRACON& Tower with Radar,10,18,7,12,47,0,0,7,19,26,10,18,14,31,73,6,30,36,109
02/06/2022,MOB,AL,ASO,CE,Combined TRACON& Tower with Radar,8,22,11,31,72,0,0,21,14,35,8,22,32,45,107,12,24,36,143
02/07/2022,MOB,AL,ASO,CE,Combined TRACON& Tower with Radar,8,22,8,44,82,0,2,8,28,38,8,24,16,72,120,15,61,76,196
02/08/2022,MOB,AL,ASO,CE,Combined TRACON& Tower with Radar,7,20,4,162,193,0,0,15,58,73,7,20,19,220,266,16,50,66,332
02/09/2022,MOB,AL,ASO,CE,Combined TRACON& Tower with Radar,6,22,22,106,156,0,1,35,62,98,6,23,57,168,254,0,0,0,254
02/10/2022,MOB,AL,ASO,CE,Combined TRACON& Tower with Radar,7,24,14,121,166,0,3,21,46,70,7,27,35,167,236,10,67,77,313
02/11/2022,MOB,AL,ASO,CE,Combined TRACON& Tower with Radar,6,22,15,109,152,0,0,14,28,42,6,22,29,137,194,0,0,0,194
02/12/2022,MOB,AL,ASO,CE,Combined TRACON& Tower with Radar,4,18,11,43,76,0,0,11,9,20,4,18,22,52,96,12,0,12,108
02/13/2022,MOB,AL,ASO,CE,Combined TRACON& Tower with Radar,7,22,11,15,55,0,0,11,12,23,7,22,22,27,78,14,72,86,164
02/14/2022,MOB,AL,ASO,CE,Combined TRACON& Tower with Radar,7,25,8,118,158,0,0,6,36,42,7,25,14,154,200,0,0,0,200
02/15/2022,MOB,AL,ASO,CE,Combined TRACON& Tower with Radar,7,25,15,159,206,0,0,21,52,73,7,25,36,211,279,8,108,116,395
02/16/2022,MOB,AL,ASO,CE,Combined TRACON& Tower with Radar,7,25,9,147,188,0,0,12,28,40,7,25,21,175,228,0,72,72,300
02/17/2022,MOB,AL,ASO,CE,Combined TRACON& Tower with Radar,6,22,9,61,98,0,0,2,5,7,6,22,11,66,105,12,51,63,168
02/18/2022,MOB,AL,ASO,CE,Combined TRACON& Tower with Radar,5,24,12,129,170,0,1,6,22,29,5,25,18,151,199,0,52,52,251
02/19/2022,MOB,AL,ASO,CE,Combined TRACON& Tower with Radar,5,20,6,16,47,0,1,13,16,30,5,21,19,32,77,14,20,34,111
02/20/2022,MOB,AL,ASO,CE,Combined TRACON& Tower with Radar,7,22,12,6,47,0,0,16,8,24,7,22,28,14,71,0,0,0,71
02/21/2022,MOB,AL,ASO,CE,Combined TRACON& Tower with Radar,7,23,13,9,52,0,0,4,1,5,7,23,17,10,57,2,0,2,59
02/22/2022,MOB,AL,ASO,CE,Combined TRACON& Tower with Radar,9,18,14,140,181,0,2,0,31,33,9,20,14,171,214,13,48,61,275
02/23/2022,MOB,AL,ASO,CE,Combined TRACON& Tower with Radar,6,20,10,126,162,0,0,14,29,43,6,20,24,155,205,8,132,140,345
02/24/2022,MOB,AL,ASO,CE,Combined TRACON& Tower with Radar,7,23,17,136,183,0,0,6,29,35,7,23,23,165,218,0,156,156,374
02/25/2022,MOB,AL,ASO,CE,Combined TRACON& Tower with Radar,8,27,21,130,186,0,0,6,25,31,8,27,27,155,217,15,63,78,295
02/26/2022,MOB,AL,ASO,CE,Combined TRACON& Tower with Radar,5,19,23,29,76,0,0,10,2,12,5,19,33,31,88,26,0,26,114
02/27/2022,MOB,AL,ASO,CE,Combined TRACON& Tower with Radar,7,22,14,31,74,0,2,0,1,3,7,24,14,32,77,0,12,12,89
02/28/2022,MOB,AL,ASO,CE,Combined TRACON& Tower with Radar,8,26,6,104,144,0,2,9,49,60,8,28,15,153,204,0,0,0,204
03/01/2022,MOB,AL,ASO,CE,Combined TRACON& Tower with Radar,9,17,13,132,171,0,0,27,45,72,9,17,40,177,243,36,64,100,343
03/02/2022,MOB,AL,ASO,CE,Combined TRACON& Tower with Radar,7,26,11,141,185,0,0,15,66,81,7,26,26,207,266,0,24,24,290
03/03/2022,MOB,AL,ASO,CE,Combined TRACON& Tower with Radar,10,24,16,91,141,0,0,20,51,71,10,24,36,142,212,2,46,48,260
03/04/2022,MOB,AL,ASO,CE,Combined TRACON& Tower with Radar,12,22,8,69,111,0,0,18,43,61,12,22,26,112,172,8,49,57,229
03/05/2022,MOB,AL,ASO,CE,Combined TRACON& Tower with Radar,13,19,21,8,61,0,1,11,6,18,13,20,32,14,79,16,8,24,103
03/06/2022,MOB,AL,ASO,CE,Combined TRACON& Tower with Radar,13,21,14,51,99,0,0,2,3,5,13,21,16,54,104,23,0,23,127
03/07/2022,MOB,AL,ASO,CE,Combined TRACON& Tower with Radar,11,23,9,107,150,0,0,3,23,26,11,23,12,130,176,0,26,26,202
03/08/2022,MOB,AL,ASO,CE,Combined TRACON& Tower with Radar,10,20,9,113,152,0,0,2,10,12,10,20,11,123,164,7,74,81,245
03/09/2022,MOB,AL,ASO,CE,Combined TRACON& Tower with Radar,10,16,13,60,99,0,0,2,17,19,10,16,15,77,118,0,28,28,146
03/10/2022,MOB,AL,ASO,CE,Combined TRACON& Tower with Radar,10,20,24,165,219,0,3,6,54,63,10,23,30,219,282,4,52,56,338
03/11/2022,MOB,AL,ASO,CE,Combined TRACON& Tower with Radar,11,20,11,63,105,0,0,0,8,8,11,20,11,71,113,0,56,56,169
03/12/2022,MOB,AL,ASO,CE,Combined TRACON& Tower with Radar,11,16,11,11,49,0,0,0,1,1,11,16,11,12,50,0,0,0,50
03/13/2022,MOB,AL,ASO,CE,Combined TRACON& Tower with Radar,12,20,18,38,88,0,0,19,8,27,12,20,37,46,115,0,0,0,115
03/14/2022,MOB,AL,ASO,CE,Combined TRACON& Tower with Radar,10,23,19,130,182,0,0,11,52,63,10,23,30,182,245,10,188,198,443
03/15/2022,MOB,AL,ASO,CE,Combined TRACON& Tower with Radar,10,17,4,62,93,0,1,2,40,43,10,18,6,102,136,0,110,110,246
03/16/2022,MOB,AL,ASO,CE,Combined TRACON& Tower with Radar,12,18,13,100,143,0,0,12,36,48,12,18,25,136,191,28,76,104,295
03/17/2022,MOB,AL,ASO,CE,Combined TRACON& Tower with Radar,11,24,34,90,159,0,0,29,72,101,11,24,63,162,260,0,46,46,306
03/18/2022,MOB,AL,ASO,CE,Combined TRACON& Tower with Radar,12,18,6,38,74,0,0,0,13,13,12,18,6,51,87,0,16,16,103
03/19/2022,MOB,AL,ASO,CE,Combined TRACON& Tower with Radar,12,16,5,29,62,0,0,19,6,25,12,16,24,35,87,24,0,24,111
03/20/2022,MOB,AL,ASO,CE,Combined TRACON& Tower with Radar,12,22,12,5,51,0,0,20,3,23,12,22,32,8,74,8,2,10,84
03/21/2022,MOB,AL,ASO,CE,Combined TRACON& Tower with Radar,11,18,9,98,136,0,2,7,55,64,11,20,16,153,200,8,28,36,236
03/22/2022,MOB,AL,ASO,CE,Combined TRACON& Tower with Radar,8,17,2,47,74,0,0,1,10,11,8,17,3,57,85,0,62,62,147
03/23/2022,MOB,AL,ASO,CE,Combined TRACON& Tower with Radar,11,21,14,108,154,0,0,3,58,61,11,21,17,166,215,0,28,28,243
03/24/2022,MOB,AL,ASO,CE,Combined TRACON& Tower with Radar,12,21,11,108,152,0,1,11,40,52,12,22,22,148,204,2,22,24,228
03/25/2022,MOB,AL,ASO,CE,Combined TRACON& Tower with Radar,13,24,11,98,146,0,3,13,60,76,13,27,24,158,222,0,32,32,254
03/26/2022,MOB,AL,ASO,CE,Combined TRACON& Tower with Radar,11,17,11,74,113,0,0,5,10,15,11,17,16,84,128,4,28,32,160
03/27/2022,MOB,AL,ASO,CE,Combined TRACON& Tower with Radar,12,22,7,52,93,0,0,9,23,32,12,22,16,75,125,0,32,32,157
03/28/2022,MOB,AL,ASO,CE,Combined TRACON& Tower with Radar,10,20,15,169,214,0,1,13,66,80,10,21,28,235,294,0,90,90,384
03/29/2022,MOB,AL,ASO,CE,Combined TRACON& Tower with Radar,8,17,14,154,193,0,1,5,38,44,8,18,19,192,237,0,78,78,315
03/30/2022,MOB,AL,ASO,CE,Combined TRACON& Tower with Radar,9,18,5,39,71,0,0,0,20,20,9,18,5,59,91,0,0,0,91
03/31/2022,MOB,AL,ASO,CE,Combined TRACON& Tower with Radar,13,19,14,75,121,0,1,8,55,64,13,20,22,130,185,0,20,20,205
04/01/2022,MOB,AL,ASO,CE,Combined TRACON& Tower with Radar,14,16,15,53,98,0,1,18,47,66,14,17,33,100,164,0,29,29,193
04/02/2022,MOB,AL,ASO,CE,Combined TRACON& Tower with Radar,14,14,3,2,33,0,0,8,12,20,14,14,11,14,53,0,0,0,53
04/03/2022,MOB,AL,ASO,CE,Combined TRACON& Tower with Radar,14,17,4,11,46,0,0,8,9,17,14,17,12,20,63,0,0,0,63
04/04/2022,MOB,AL,ASO,CE,Combined TRACON& Tower with Radar,11,18,9,85,123,0,1,14,18,33,11,19,23,103,156,0,20,20,176
04/05/2022,MOB,AL,ASO,CE,Combined TRACON& Tower with Radar,13,19,6,0,38,0,0,0,0,0,13,19,6,0,38,0,0,0,38
04/06/2022,MOB,AL,ASO,CE,Combined TRACON& Tower with Radar,12,18,12,151,193,0,0,0,34,34,12,18,12,185,227,0,32,32,259
04/07/2022,MOB,AL,ASO,CE,Combined TRACON& Tower with Radar,14,15,10,102,141,0,0,10,59,69,14,15,20,161,210,0,106,106,316
04/08/2022,MOB,AL,ASO,CE,Combined TRACON& Tower with Radar,15,18,12,55,100,0,0,5,44,49,15,18,17,99,149,0,62,62,211
04/09/2022,MOB,AL,ASO,CE,Combined TRACON& Tower with Radar,18,12,12,8,50,0,0,9,8,17,18,12,21,16,67,0,60,60,127
04/10/2022,MOB,AL,ASO,CE,Combined TRACON& Tower with Radar,14,12,17,45,88,0,0,14,7,21,14,12,31,52,109,0,64,64,173
04/11/2022,MOB,AL,ASO,CE,Combined TRACON& Tower with Radar,14,16,20,72,122,0,0,2,24,26,14,16,22,96,148,0,0,0,148
04/12/2022,MOB,AL,ASO,CE,Combined TRACON& Tower with Radar,13,17,24,148,202,0,0,4,52,56,13,17,28,200,258,0,102,102,360
04/13/2022,MOB,AL,ASO,CE,Combined TRACON& Tower with Radar,14,14,21,171,220,0,4,3,41,48,14,18,24,212,268,0,80,80,348
04/14/2022,MOB,AL,ASO,CE,Combined TRACON& Tower with Radar,13,16,13,123,165,0,0,1,30,31,13,16,14,153,196,0,36,36,232
04/15/2022,MOB,AL,ASO,CE,Combined TRACON& Tower with Radar,16,18,15,58,107,0,0,9,26,35,16,18,24,84,142,0,26,26,168
04/16/2022,MOB,AL,ASO,CE,Combined TRACON& Tower with Radar,14,15,8,5,42,0,0,1,3,4,14,15,9,8,46,0,0,0,46
04/17/2022,MOB,AL,ASO,CE,Combined TRACON& Tower with Radar,13,18,18,10,59,0,0,2,0,2,13,18,20,10,61,0,0,0,61
04/18/2022,MOB,AL,ASO,CE,Combined TRACON& Tower with Radar,15,17,19,118,169,0,0,7,35,42,15,17,26,153,211,0,22,22,233
04/19/2022,MOB,AL,ASO,CE,Combined TRACON& Tower with Radar,18,15,14,109,156,0,1,14,50,65,18,16,28,159,221,0,36,36,257
04/20/2022,MOB,AL,ASO,CE,Combined TRACON& Tower with Radar,14,20,13,164,211,0,1,2,54,57,14,21,15,218,268,0,100,100,368
04/21/2022,MOB,AL,ASO,CE,Combined TRACON& Tower with Radar,14,18,13,89,134,0,0,8,45,53,14,18,21,134,187,0,92,92,279
04/22/2022,MOB,AL,ASO,CE,Combined TRACON& Tower with Radar,16,17,12,73,118,0,0,14,38,52,16,17,26,111,170,0,56,56,226
04/23/2022,MOB,AL,ASO,CE,Combined TRACON& Tower with Radar,15,17,5,20,57,0,0,7,10,17,15,17,12,30,74,0,0,0,74
04/24/2022,MOB,AL,ASO,CE,Combined TRACON& Tower with Radar,13,19,15,30,77,0,0,4,10,14,13,19,19,40,91,0,0,0,91
04/25/2022,MOB,AL,ASO,CE,Combined TRACON& Tower with Radar,13,13,9,117,152,0,0,5,32,37,13,13,14,149,189,4,76,80,269
04/26/2022,MOB,AL,ASO,CE,Combined TRACON& Tower with Radar,13,16,19,252,300,0,0,2,39,41,13,16,21,291,341,18,152,170,511
04/27/2022,MOB,AL,ASO,CE,Combined TRACON& Tower with Radar,13,17,9,88,127,0,0,7,40,47,13,17,16,128,174,0,112,112,286
04/28/2022,MOB,AL,ASO,CE,Combined TRACON& Tower with Radar,13,18,14,133,178,0,0,15,33,48,13,18,29,166,226,0,88,88,314
04/29/2022,MOB,AL,ASO,CE,Combined TRACON& Tower with Radar,13,17,11,116,157,0,1,5,28,34,13,18,16,144,191,8,24,32,223
04/30/2022,MOB,AL,ASO,CE,Combined TRACON& Tower with Radar,14,17,7,12,50,0,0,2,9,11,14,17,9,21,61,0,0,0,61
05/01/2022,MOB,AL,ASO,CE,Combined TRACON& Tower with Radar,14,21,13,60,108,0,0,2,41,43,14,21,15,101,151,0,0,0,151
05/02/2022,MOB,AL,ASO,CE,Combined TRACON& Tower with Radar,15,24,10,138,187,0,0,10,33,43,15,24,20,171,230,12,76,88,318
05/03/2022,MOB,AL,ASO,CE,Combined TRACON& Tower with Radar,13,21,13,147,194,0,0,13,41,54,13,21,26,188,248,10,144,154,402
05/04/2022,MOB,AL,ASO,CE,Combined TRACON& Tower with Radar,14,17,15,143,189,0,0,7,43,50,14,17,22,186,239,0,118,118,357
05/05/2022,MOB,AL,ASO,CE,Combined TRACON& Tower with Radar,11,20,17,93,141,0,0,8,47,55,11,20,25,140,196,20,27,47,243
05/06/2022,MOB,AL,ASO,CE,Combined TRACON& Tower with Radar,17,11,6,80,114,0,0,3,30,33,17,11,9,110,147,0,52,52,199
05/07/2022,MOB,AL,ASO,CE,Combined TRACON& Tower with Radar,19,7,6,4,36,0,0,4,4,8,19,7,10,8,44,0,16,16,60
05/08/2022,MOB,AL,ASO,CE,Combined TRACON& Tower with Radar,16,11,4,18,49,0,0,22,8,30,16,11,26,26,79,0,10,10,89
05/09/2022,MOB,AL,ASO,CE,Combined TRACON& Tower with Radar,18,14,9,85,126,0,0,5,63,68,18,14,14,148,194,0,0,0,194
05/10/2022,MOB,AL,ASO,CE,Combined TRACON& Tower with Radar,20,7,16,69,112,0,0,12,39,51,20,7,28,108,163,0,16,16,179
05/11/2022,MOB,AL,ASO,CE,Combined TRACON& Tower with Radar,20,9,17,103,149,0,0,15,62,77,20,9,32,165,226,0,122,122,348
05/12/2022,MOB,AL,ASO,CE,Combined TRACON& Tower with Radar,18,9,16,97,140,0,0,13,44,57,18,9,29,141,197,14,76,90,287
05/13/2022,MOB,AL,ASO,CE,Combined TRACON& Tower with Radar,19,14,9,64,106,0,0,9,28,37,19,14,18,92,143,0,0,0,143
05/14/2022,MOB,AL,ASO,CE,Combined TRACON& Tower with Radar,19,6,17,20,62,0,0,8,17,25,19,6,25,37,87,0,4,4,91
05/15/2022,MOB,AL,ASO,CE,Combined TRACON& Tower with Radar,14,19,15,34,82,0,0,10,14,24,14,19,25,48,106,0,0,0,106
05/16/2022,MOB,AL,ASO,CE,Combined TRACON& Tower with Radar,18,10,10,124,162,0,1,20,55,76,18,11,30,179,238,6,36,42,280
05/17/2022,MOB,AL,ASO,CE,Combined TRACON& Tower with Radar,21,7,19,117,164,0,2,17,49,68,21,9,36,166,232,12,126,138,370
05/18/2022,MOB,AL,ASO,CE,Combined TRACON& Tower with Radar,20,6,8,222,256,0,1,9,33,43,20,7,17,255,299,0,0,0,299
05/19/2022,MOB,AL,ASO,CE,Combined TRACON& Tower with Radar,18,8,14,146,186,0,0,1,30,31,18,8,15,176,217,0,94,94,311
05/20/2022,MOB,AL,ASO,CE,Combined TRACON& Tower with Radar,18,8,18,95,139,0,1,8,44,53,18,9,26,139,192,2,22,24,216
05/21/2022,MOB,AL,ASO,CE,Combined TRACON& Tower with Radar,21,8,7,27,63,0,0,0,24,24,21,8,7,51,87,0,0,0,87
05/22/2022,MOB,AL,ASO,CE,Combined TRACON& Tower with Radar,16,13,7,17,53,0,0,1,0,1,16,13,8,17,54,0,0,0,54
05/23/2022,MOB,AL,ASO,CE,Combined TRACON& Tower with Radar,18,11,11,142,182,0,0,5,25,30,18,11,16,167,212,0,54,54,266
05/24/2022,MOB,AL,ASO,CE,Combined TRACON& Tower with Radar,17,8,17,59,101,0,0,2,24,26,17,8,19,83,127,0,116,116,243
05/25/2022,MOB,AL,ASO,CE,Combined TRACON& Tower with Radar,21,8,13,14,56,0,0,1,16,17,21,8,14,30,73,0,36,36,109
05/26/2022,MOB,AL,ASO,CE,Combined TRACON& Tower with Radar,23,10,8,60,101,0,0,8,28,36,23,10,16,88,137,0,56,56,193
05/27/2022,MOB,AL,ASO,CE,Combined TRACON& Tower with Radar,21,8,11,18,58,0,0,15,12,27,21,8,26,30,85,12,22,34,119
05/28/2022,MOB,AL,ASO,CE,Combined TRACON& Tower with Radar,21,6,8,2,37,0,2,10,5,17,21,8,18,7,54,0,0,0,54
05/29/2022,MOB,AL,ASO,CE,Combined TRACON& Tower with Radar,16,13,11,15,55,0,0,7,5,12,16,13,18,20,67,26,8,34,101
05/30/2022,MOB,AL,ASO,CE,Combined TRACON& Tower with Radar,18,11,13,0,42,0,1,12,0,13,18,12,25,0,55,0,0,0,55
05/31/2022,MOB,AL,ASO,CE,Combined TRACON& Tower with Radar,19,8,19,81,127,0,0,8,36,44,19,8,27,117,171,28,82,110,281
06/01/2022,MOB,AL,ASO,CE,Combined TRACON& Tower with Radar,17,8,10,76,111,0,0,10,38,48,17,8,20,114,159,4,64,68,227
06/02/2022,MOB,AL,ASO,CE,Combined TRACON& Tower with Radar,18,10,16,104,148,0,1,14,46,61,18,11,30,150,209,0,76,76,285
06/03/2022,MOB,AL,ASO,CE,Combined TRACON& Tower with Radar,14,17,25,68,124,0,0,9,41,50,14,17,34,109,174,4,130,134,308
06/04/2022,MOB,AL,ASO,CE,Combined TRACON& Tower with Radar,14,11,10,15,50,0,0,9,11,20,14,11,19,26,70,0,18,18,88
06/05/2022,MOB,AL,ASO,CE,Combined TRACON& Tower with Radar,13,19,14,31,77,0,0,4,29,33,13,19,18,60,110,0,8,8,118
06/06/2022,MOB,AL,ASO,CE,Combined TRACON& Tower with Radar,12,18,13,93,136,0,1,10,37,48,12,19,23,130,184,6,26,32,216
06/07/2022,MOB,AL,ASO,CE,Combined TRACON& Tower with Radar,10,18,26,92,146,0,0,15,37,52,10,18,41,129,198,4,124,128,326
06/08/2022,MOB,AL,ASO,CE,Combined TRACON& Tower with Radar,9,24,12,101,146,0,5,9,46,60,9,29,21,147,206,4,128,132,338
06/09/2022,MOB,AL,ASO,CE,Combined TRACON& Tower with Radar,12,16,5,49,82,0,0,14,29,43,12,16,19,78,125,24,84,108,233
06/10/2022,MOB,AL,ASO,CE,Combined TRACON& Tower with Radar,13,12,9,23,57,0,0,2,15,17,13,12,11,38,74,0,48,48,122
06/11/2022,MOB,AL,ASO,CE,Combined TRACON& Tower with Radar,11,13,5,20,49,0,0,7,10,17,11,13,12,30,66,8,12,20,86
06/12/2022,MOB,AL,ASO,CE,Combined TRACON& Tower with Radar,9,16,10,16,51,0,0,7,9,16,9,16,17,25,67,0,0,0,67
06/13/2022,MOB,AL,ASO,CE,Combined TRACON& Tower with Radar,11,20,11,29,71,0,1,4,21,26,11,21,15,50,97,0,108,108,205
06/14/2022,MOB,AL,ASO,CE,Combined TRACON& Tower with Radar,10,16,25,36,87,0,0,4,25,29,10,16,29,61,116,4,60,64,180
06/15/2022,MOB,AL,ASO,CE,Combined TRACON& Tower with Radar,9,14,9,112,144,0,1,6,72,79,9,15,15,184,223,6,92,98,321
06/16/2022,MOB,AL,ASO,CE,Combined TRACON& Tower with Radar,9,18,18,105,150,0,0,6,30,36,9,18,24,135,186,0,46,46,232
06/17/2022,MOB,AL,ASO,CE,Combined TRACON& Tower with Radar,9,17,12,52,90,0,0,5,14,19,9,17,17,66,109,4,28,32,141
06/18/2022,MOB,AL,ASO,CE,Combined TRACON& Tower with Radar,7,16,11,12,46,0,0,18,7,25,7,16,29,19,71,0,0,0,71
06/19/2022,MOB,AL,ASO,CE,Combined TRACON& Tower with Radar,9,17,6,6,38,0,1,11,6,18,9,18,17,12,56,10,0,10,66
06/20/2022,MOB,AL,ASO,CE,Combined TRACON& Tower with Radar,10,16,10,1,37,0,0,8,3,11,10,16,18,4,48,0,0,0,48
06/21/2022,MOB,AL,ASO,CE,Combined TRACON& Tower with Radar,9,16,9,42,76,0,1,10,28,39,9,17,19,70,115,24,44,68,183
06/22/2022,MOB,AL,ASO,CE,Combined TRACON& Tower with Radar,9,18,7,92,126,0,1,11,46,58,9,19,18,138,184,16,98,114,298
06/23/2022,MOB,AL,ASO,CE,Combined TRACON& Tower with Radar,10,16,12,136,174,0,0,7,39,46,10,16,19,175,220,0,22,22,242
06/24/2022,MOB,AL,ASO,CE,Combined TRACON& Tower with Radar,9,19,7,55,90,0,0,11,33,44,9,19,18,88,134,6,60,66,200
06/25/2022,MOB,AL,ASO,CE,Combined TRACON& Tower with Radar,12,10,8,3,33,0,0,7,11,18,12,10,15,14,51,0,0,0,51
06/26/2022,MOB,AL,ASO,CE,Combined TRACON& Tower with Radar,9,17,17,2,45,0,0,2,4,6,9,17,19,6,51,0,0,0,51
06/27/2022,MOB,AL,ASO,CE,Combined TRACON& Tower with Radar,10,19,18,43,90,0,0,9,32,41,10,19,27,75,131,0,84,84,215
06/28/2022,MOB,AL,ASO,CE,Combined TRACON& Tower with Radar,10,12,10,52,84,0,0,5,27,32,10,12,15,79,116,0,64,64,180
06/29/2022,MOB,AL,ASO,CE,Combined TRACON& Tower with Radar,10,15,13,42,80,0,0,7,39,46,10,15,20,81,126,16,128,144,270
06/30/2022,MOB,AL,ASO,CE,Combined TRACON& Tower with Radar,11,16,16,55,98,0,0,1,21,22,11,16,17,76,120,0,72,72,192
07/01/2022,MOB,AL,ASO,CE,Combined TRACON& Tower with Radar,11,14,4,5,34,0,0,0,5,5,11,14,4,10,39,0,0,0,39
07/02/2022,MOB,AL,ASO,CE,Combined TRACON& Tower with Radar,11,14,12,2,39,0,0,2,0,2,11,14,14,2,41,10,0,10,51
07/03/2022,MOB,AL,ASO,CE,Combined TRACON& Tower with Radar,9,14,10,2,35,0,0,1,1,2,9,14,11,3,37,0,0,0,37
07/04/2022,MOB,AL,ASO,CE,Combined TRACON& Tower with Radar,11,13,4,1,29,0,0,0,1,1,11,13,4,2,30,0,0,0,30
07/05/2022,MOB,AL,ASO,CE,Combined TRACON& Tower with Radar,8,15,11,14,48,0,0,2,20,22,8,15,13,34,70,0,0,0,70
07/06/2022,MOB,AL,ASO,CE,Combined TRACON& Tower with Radar,10,19,5,48,82,0,0,12,21,33,10,19,17,69,115,4,166,170,285
07/07/2022,MOB,AL,ASO,CE,Combined TRACON& Tower with Radar,11,14,15,47,87,0,0,20,30,50,11,14,35,77,137,0,34,34,171
07/08/2022,MOB,AL,ASO,CE,Combined TRACON& Tower with Radar,17,12,6,43,78,0,1,5,24,30,17,13,11,67,108,0,24,24,132
07/09/2022,MOB,AL,ASO,CE,Combined TRACON& Tower with Radar,9,14,4,10,37,0,0,3,4,7,9,14,7,14,44,0,0,0,44
07/10/2022,MOB,AL,ASO,CE,Combined TRACON& Tower with Radar,10,16,6,17,49,0,0,6,1,7,10,16,12,18,56,0,4,4,60
07/11/2022,MOB,AL,ASO,CE,Combined TRACON& Tower with Radar,10,16,14,33,73,0,1,8,16,25,10,17,22,49,98,0,106,106,204
07/12/2022,MOB,AL,ASO,CE,Combined TRACON& Tower with Radar,11,16,14,42,83,0,1,12,27,40,11,17,26,69,123,0,46,46,169
07/13/2022,MOB,AL,ASO,CE,Combined TRACON& Tower with Radar,11,16,14,46,87,0,0,1,33,34,11,16,15,79,121,0,90,90,211
07/14/2022,MOB,AL,ASO,CE,Combined TRACON& Tower with Radar,11,14,14,42,81,0,0,1,23,24,11,14,15,65,105,0,0,0,105
07/15/2022,MOB,AL,ASO,CE,Combined TRACON& Tower with Radar,11,14,6,49,80,0,0,3,32,35,11,14,9,81,115,0,0,0,115
07/16/2022,MOB,AL,ASO,CE,Combined TRACON& Tower with Radar,9,14,6,6,35,0,1,8,4,13,9,15,14,10,48,0,0,0,48
07/17/2022,MOB,AL,ASO,CE,Combined TRACON& Tower with Radar,12,14,14,11,51,0,0,14,8,22,12,14,28,19,73,19,33,52,125
07/18/2022,MOB,AL,ASO,CE,Combined TRACON& Tower with Radar,11,16,7,32,66,0,0,11,33,44,11,16,18,65,110,0,10,10,120
07/19/2022,MOB,AL,ASO,CE,Combined TRACON& Tower with Radar,11,14,15,62,102,0,0,10,45,55,11,14,25,107,157,0,96,96,253
07/20/2022,MOB,AL,ASO,CE,Combined TRACON& Tower with Radar,11,12,14,51,88,0,0,14,32,46,11,12,28,83,134,17,25,42,176
07/21/2022,MOB,AL,ASO,CE,Combined TRACON& Tower with Radar,12,16,16,53,97,0,0,15,48,63,12,16,31,101,160,0,14,14,174
07/22/2022,MOB,AL,ASO,CE,Combined TRACON& Tower with Radar,14,13,10,20,57,0,0,7,34,41,14,13,17,54,98,0,72,72,170
07/23/2022,MOB,AL,ASO,CE,Combined TRACON& Tower with Radar,8,15,6,5,34,0,1,12,16,29,8,16,18,21,63,0,0,0,63
07/24/2022,MOB,AL,ASO,CE,Combined TRACON& Tower with Radar,12,16,18,5,51,0,1,4,7,12,12,17,22,12,63,24,7,31,94
07/25/2022,MOB,AL,ASO,CE,Combined TRACON& Tower with Radar,12,14,7,18,51,0,0,4,27,31,12,14,11,45,82,18,130,148,230
07/26/2022,MOB,AL,ASO,CE,Combined TRACON& Tower with Radar,9,15,14,66,104,0,0,5,40,45,9,15,19,106,149,7,106,113,262
07/27/2022,MOB,AL,ASO,CE,Combined TRACON& Tower with Radar,9,16,10,72,107,0,0,16,29,45,9,16,26,101,152,0,56,56,208
07/28/2022,MOB,AL,ASO,CE,Combined TRACON& Tower with Radar,10,16,10,39,75,0,0,7,42,49,10,16,17,81,124,0,82,82,206
07/29/2022,MOB,AL,ASO,CE,Combined TRACON& Tower with Radar,11,15,12,63,101,0,0,10,31,41,11,15,22,94,142,0,0,0,142
07/30/2022,MOB,AL,ASO,CE,Combined TRACON& Tower with Radar,8,15,3,0,26,0,0,11,2,13,8,15,14,2,39,0,0,0,39
07/31/2022,MOB,AL,ASO,CE,Combined TRACON& Tower with Radar,11,18,9,10,48,0,0,10,6,16,11,18,19,16,64,13,0,13,77
08/01/2022,MOB,AL,ASO,CE,Combined TRACON& Tower with Radar,15,16,5,19,55,0,0,2,19,21,15,16,7,38,76,0,0,0,76
08/02/2022,MOB,AL,ASO,CE,Combined TRACON& Tower with Radar,13,20,6,33,72,0,0,7,38,45,13,20,13,71,117,0,50,50,167
08/03/2022,MOB,AL,ASO,CE,Combined TRACON& Tower with Radar,11,14,20,24,69,0,0,7,41,48,11,14,27,65,117,0,20,20,137
08/04/2022,MOB,AL,ASO,CE,Combined TRACON& Tower with Radar,14,14,11,45,84,0,0,9,33,42,14,14,20,78,126,0,98,98,224
08/05/2022,MOB,AL,ASO,CE,Combined TRACON& Tower with Radar,11,14,16,37,78,0,0,14,39,53,11,14,30,76,131,0,0,0,131
08/06/2022,MOB,AL,ASO,CE,Combined TRACON& Tower with Radar,9,12,6,11,38,0,0,2,5,7,9,12,8,16,45,0,0,0,45
08/07/2022,MOB,AL,ASO,CE,Combined TRACON& Tower with Radar,12,15,12,12,51,0,0,7,8,15,12,15,19,20,66,0,18,18,84
08/08/2022,MOB,AL,ASO,CE,Combined TRACON& Tower with Radar,12,15,13,25,65,0,0,3,25,28,12,15,16,50,93,0,16,16,109
08/09/2022,MOB,AL,ASO,CE,Combined TRACON& Tower with Radar,15,14,6,110,145,0,2,14,75,91,15,16,20,185,236,12,108,120,356
08/10/2022,MOB,AL,ASO,CE,Combined TRACON& Tower with Radar,10,18,7,50,85,0,0,3,44,47,10,18,10,94,132,0,56,56,188
08/11/2022,MOB,AL,ASO,CE,Combined TRACON& Tower with Radar,9,17,16,35,77,0,0,1,28,29,9,17,17,63,106,0,66,66,172
08/12/2022,MOB,AL,ASO,CE,Combined TRACON& Tower with Radar,10,16,3,61,90,0,0,8,40,48,10,16,11,101,138,8,46,54,192
08/13/2022,MOB,AL,ASO,CE,Combined TRACON& Tower with Radar,9,16,13,10,48,0,0,7,8,15,9,16,20,18,63,0,6,6,69
08/14/2022,MOB,AL,ASO,CE,Combined TRACON& Tower with Radar,10,16,7,10,43,0,2,13,14,29,10,18,20,24,72,0,0,0,72
08/15/2022,MOB,AL,ASO,CE,Combined TRACON& Tower with Radar,12,16,10,88,126,0,1,18,24,43,12,17,28,112,169,11,109,120,289
08/16/2022,MOB,AL,ASO,CE,Combined TRACON& Tower with Radar,9,19,9,36,73,0,0,11,22,33,9,19,20,58,106,8,147,155,261
08/17/2022,MOB,AL,ASO,CE,Combined TRACON& Tower with Radar,9,21,11,36,77,0,3,14,42,59,9,24,25,78,136,0,94,94,230
08/18/2022,MOB,AL,ASO,CE,Combined TRACON& Tower with Radar,8,14,21,49,92,0,0,1,36,37,8,14,22,85,129,0,108,108,237
08/19/2022,MOB,AL,ASO,CE,Combined TRACON& Tower with Radar,8,13,10,35,66,0,0,4,42,46,8,13,14,77,112,6,56,62,174
08/20/2022,MOB,AL,ASO,CE,Combined TRACON& Tower with Radar,10,12,6,0,28,0,0,0,4,4,10,12,6,4,32,22,2,24,56
08/21/2022,MOB,AL,ASO,CE,Combined TRACON& Tower with Radar,7,15,12,32,66,0,0,0,11,11,7,15,12,43,77,0,0,0,77
08/22/2022,MOB,AL,ASO,CE,Combined TRACON& Tower with Radar,7,14,11,44,76,0,0,4,44,48,7,14,15,88,124,0,178,178,302
08/23/2022,MOB,AL,ASO,CE,Combined TRACON& Tower with Radar,11,14,5,34,64,0,0,4,19,23,11,14,9,53,87,6,60,66,153
08/24/2022,MOB,AL,ASO,CE,Combined TRACON& Tower with Radar,10,14,8,25,57,0,0,2,9,11,10,14,10,34,68,0,0,0,68
08/25/2022,MOB,AL,ASO,CE,Combined TRACON& Tower with Radar,9,17,13,1,40,0,0,0,9,9,9,17,13,10,49,0,33,33,82
08/26/2022,MOB,AL,ASO,CE,Combined TRACON& Tower with Radar,9,15,15,34,73,0,0,6,28,34,9,15,21,62,107,8,168,176,283
08/27/2022,MOB,AL,ASO,CE,Combined TRACON& Tower with Radar,12,13,9,6,40,0,0,11,2,13,12,13,20,8,53,0,0,0,53
08/28/2022,MOB,AL,ASO,CE,Combined TRACON& Tower with Radar,10,12,6,1,29,0,0,2,4,6,10,12,8,5,35,0,0,0,35
08/29/2022,MOB,AL,ASO,CE,Combined TRACON& Tower with Radar,9,14,19,79,121,0,0,10,32,42,9,14,29,111,163,8,74,82,245
08/30/2022,MOB,AL,ASO,CE,Combined TRACON& Tower with Radar,11,12,14,51,88,0,0,14,33,47,11,12,28,84,135,0,74,74,209
08/31/2022,MOB,AL,ASO,CE,Combined TRACON& Tower with Radar,11,14,24,87,136,0,0,19,61,80,11,14,43,148,216,0,90,90,306
09/01/2022,MOB,AL,ASO,CE,Combined TRACON& Tower with Radar,10,12,17,54,93,0,0,11,25,36,10,12,28,79,129,0,10,10,139
09/02/2022,MOB,AL,ASO,CE,Combined TRACON& Tower with Radar,10,16,19,36,81,0,1,11,5,17,10,17,30,41,98,6,0,6,104
09/03/2022,MOB,AL,ASO,CE,Combined TRACON& Tower with Radar,8,11,7,9,35,0,0,9,3,12,8,11,16,12,47,0,0,0,47
09/04/2022,MOB,AL,ASO,CE,Combined TRACON& Tower with Radar,9,10,10,18,47,0,1,0,9,10,9,11,10,27,57,0,4,4,61
09/05/2022,MOB,AL,ASO,CE,Combined TRACON& Tower with Radar,9,14,4,0,27,0,0,13,2,15,9,14,17,2,42,0,0,0,42
09/06/2022,MOB,AL,ASO,CE,Combined TRACON& Tower with Radar,10,15,13,75,113,0,0,14,38,52,10,15,27,113,165,20,70,90,255
09/07/2022,MOB,AL,ASO,CE,Combined TRACON& Tower with Radar,11,13,16,109,149,0,1,10,59,70,11,14,26,168,219,0,100,100,319
09/08/2022,MOB,AL,ASO,CE,Combined TRACON& Tower with Radar,10,15,15,38,78,0,0,9,17,26,10,15,24,55,104,0,58,58,162
09/09/2022,MOB,AL,ASO,CE,Combined TRACON& Tower with Radar,12,12,12,64,100,0,0,6,21,27,12,12,18,85,127,0,8,8,135
09/10/2022,MOB,AL,ASO,CE,Combined TRACON& Tower with Radar,12,14,7,35,68,0,0,5,21,26,12,14,12,56,94,0,22,22,116
09/11/2022,MOB,AL,ASO,CE,Combined TRACON& Tower with Radar,9,18,10,13,50,0,0,8,5,13,9,18,18,18,63,0,0,0,63
09/12/2022,MOB,AL,ASO,CE,Combined TRACON& Tower with Radar,16,10,14,63,103,0,1,15,30,46,16,11,29,93,149,0,9,9,158
09/13/2022,MOB,AL,ASO,CE,Combined TRACON& Tower with Radar,18,14,10,91,133,0,3,21,60,84,18,17,31,151,217,34,74,108,325
09/14/2022,MOB,AL,ASO,CE,Combined TRACON& Tower with Radar,14,11,8,72,105,0,1,22,35,58,14,12,30,107,163,4,24,28,191
09/15/2022,MOB,AL,ASO,CE,Combined TRACON& Tower with Radar,17,10,18,45,90,0,0,16,22,38,17,10,34,67,128,0,8,8,136
09/16/2022,MOB,AL,ASO,CE,Combined TRACON& Tower with Radar,17,14,24,35,90,0,7,27,41,75,17,21,51,76,165,0,42,42,207
09/17/2022,MOB,AL,ASO,CE,Combined TRACON& Tower with Radar,14,10,14,9,47,0,1,20,11,32,14,11,34,20,79,8,12,20,99
09/18/2022,MOB,AL,ASO,CE,Combined TRACON& Tower with Radar,18,9,11,33,71,0,1,10,8,19,18,10,21,41,90,0,23,23,113
09/19/2022,MOB,AL,ASO,CE,Combined TRACON& Tower with Radar,10,16,14,41,81,0,3,12,27,42,10,19,26,68,123,0,0,0,123
09/20/2022,MOB,AL,ASO,CE,Combined TRACON& Tower with Radar,15,15,13,81,124,0,2,14,55,71,15,17,27,136,195,0,34,34,229
09/21/2022,MOB,AL,ASO,CE,Combined TRACON& Tower with Radar,16,14,13,104,147,0,1,13,38,52,16,15,26,142,199,0,82,82,281
09/22/2022,MOB,AL,ASO,CE,Combined TRACON& Tower with Radar,16,12,21,76,125,0,1,14,46,61,16,13,35,122,186,6,66,72,258
09/23/2022,MOB,AL,ASO,CE,Combined TRACON& Tower with Radar,14,12,13,62,101,0,0,18,37,55,14,12,31,99,156,0,16,16,172
09/24/2022,MOB,AL,ASO,CE,Combined TRACON& Tower with Radar,16,12,7,4,39,0,0,2,4,6,16,12,9,8,45,0,0,0,45
09/25/2022,MOB,AL,ASO,CE,Combined TRACON& Tower with Radar,18,8,15,18,59,0,0,9,20,29,18,8,24,38,88,0,12,12,100
09/26/2022,MOB,AL,ASO,CE,Combined TRACON& Tower with Radar,19,8,7,122,156,0,0,9,60,69,19,8,16,182,225,0,30,30,255
09/27/2022,MOB,AL,ASO,CE,Combined TRACON& Tower with Radar,14,13,18,54,99,0,1,25,43,69,14,14,43,97,168,0,4,4,172
09/28/2022,MOB,AL,ASO,CE,Combined TRACON& Tower with Radar,14,16,12,45,87,0,0,4,27,31,14,16,16,72,118,0,34,34,152
09/29/2022,MOB,AL,ASO,CE,Combined TRACON& Tower with Radar,14,10,5,62,91,0,0,11,13,24,14,10,16,75,115,0,0,0,115
09/30/2022,MOB,AL,ASO,CE,Combined TRACON& Tower with Radar,13,12,17,49,91,0,1,10,20,31,13,13,27,69,122,0,0,0,122
10/01/2022,MOB,AL,ASO,CE,Combined TRACON& Tower with Radar,13,10,14,5,42,0,0,14,6,20,13,10,28,11,62,15,3,18,80
10/02/2022,MOB,AL,ASO,CE,Combined TRACON& Tower with Radar,15,10,8,7,40,0,2,8,2,12,15,12,16,9,52,12,0,12,64
10/03/2022,MOB,AL,ASO,CE,Combined TRACON& Tower with Radar,15,12,11,83,121,0,0,12,24,36,15,12,23,107,157,0,76,76,233
10/04/2022,MOB,AL,ASO,CE,Combined TRACON& Tower with Radar,16,8,12,50,86,0,0,23,33,56,16,8,35,83,142,1,14,15,157
10/05/2022,MOB,AL,ASO,CE,Combined TRACON& Tower with Radar,16,9,17,106,148,0,0,6,28,34,16,9,23,134,182,0,46,46,228
10/06/2022,MOB,AL,ASO,CE,Combined TRACON& Tower with Radar,16,8,16,86,126,0,2,13,33,48,16,10,29,119,174,7,84,91,265
10/07/2022,MOB,AL,ASO,CE,Combined TRACON& Tower with Radar,16,6,14,51,87,0,1,14,23,38,16,7,28,74,125,0,16,16,141
10/08/2022,MOB,AL,ASO,CE,Combined TRACON& Tower with Radar,13,8,8,1,30,0,1,1,5,7,13,9,9,6,37,8,0,8,45
10/09/2022,MOB,AL,ASO,CE,Combined TRACON& Tower with Radar,16,6,17,2,41,0,0,8,4,12,16,6,25,6,53,0,0,0,53
10/10/2022,MOB,AL,ASO,CE,Combined TRACON& Tower with Radar,15,5,18,1,39,0,0,22,1,23,15,5,40,2,62,28,0,28,90
10/11/2022,MOB,AL,ASO,CE,Combined TRACON& Tower with Radar,15,7,17,55,94,0,0,6,18,24,15,7,23,73,118,14,84,98,216
10/12/2022,MOB,AL,ASO,CE,Combined TRACON& Tower with Radar,15,6,14,90,125,0,0,2,30,32,15,6,16,120,157,0,82,82,239
10/13/2022,MOB,AL,ASO,CE,Combined TRACON& Tower with Radar,16,9,22,62,109,0,0,13,38,51,16,9,35,100,160,0,60,60,220
10/14/2022,MOB,AL,ASO,CE,Combined TRACON& Tower with Radar,16,10,16,48,90,0,1,19,41,61,16,11,35,89,151,0,4,4,155
10/15/2022,MOB,AL,ASO,CE,Combined TRACON& Tower with Radar,13,6,6,12,37,0,1,19,12,32,13,7,25,24,69,23,15,38,107
10/16/2022,MOB,AL,ASO,CE,Combined TRACON& Tower with Radar,16,6,10,14,46,0,0,4,16,20,16,6,14,30,66,0,0,0,66
10/17/2022,MOB,AL,ASO,CE,Combined TRACON& Tower with Radar,13,6,17,56,92,0,0,10,17,27,13,6,27,73,119,0,60,60,179
10/18/2022,MOB,AL,ASO,CE,Combined TRACON& Tower with Radar,15,11,9,92,127,0,3,9,42,54,15,14,18,134,181,0,34,34,215
10/19/2022,MOB,AL,ASO,CE,Combined TRACON& Tower with Radar,15,7,17,62,101,0,0,12,35,47,15,7,29,97,148,0,178,178,326
10/20/2022,MOB,AL,ASO,CE,Combined TRACON& Tower with Radar,15,9,13,47,84,0,0,14,38,52,15,9,27,85,136,2,106,108,244
10/21/2022,MOB,AL,ASO,CE,Combined TRACON& Tower with Radar,16,8,25,37,86,0,0,21,39,60,16,8,46,76,146,6,42,48,194
10/22/2022,MOB,AL,ASO,CE,Combined TRACON& Tower with Radar,13,8,14,10,45,0,0,8,22,30,13,8,22,32,75,6,14,20,95
10/23/2022,MOB,AL,ASO,CE,Combined TRACON& Tower with Radar,16,7,21,23,67,0,0,12,28,40,16,7,33,51,107,0,14,14,121
10/24/2022,MOB,AL,ASO,CE,Combined TRACON& Tower with Radar,13,6,16,50,85,0,0,11,19,30,13,6,27,69,115,0,42,42,157
10/25/2022,MOB,AL,ASO,CE,Combined TRACON& Tower with Radar,14,6,19,32,71,0,0,2,16,18,14,6,21,48,89,0,10,10,99
10/26/2022,MOB,AL,ASO,CE,Combined TRACON& Tower with Radar,14,10,21,30,75,0,2,11,31,44,14,12,32,61,119,0,148,148,267
10/27/2022,MOB,AL,ASO,CE,Combined TRACON& Tower with Radar,15,11,24,43,93,0,2,32,22,56,15,13,56,65,149,4,100,104,253
10/28/2022,MOB,AL,ASO,CE,Combined TRACON& Tower with Radar,15,6,15,59,95,0,0,5,20,25,15,6,20,79,120,0,10,10,130
10/29/2022,MOB,AL,ASO,CE,Combined TRACON& Tower with Radar,11,6,8,2,27,0,0,0,0,0,11,6,8,2,27,0,0,0,27
10/30/2022,MOB,AL,ASO,CE,Combined TRACON& Tower with Radar,17,6,12,32,67,0,1,4,6,11,17,7,16,38,78,0,0,0,78
10/31/2022,MOB,AL,ASO,CE,Combined TRACON& Tower with Radar,12,6,14,113,145,0,2,16,38,56,12,8,30,151,201,0,150,150,351
11/01/2022,MOB,AL,ASO,CE,Combined TRACON& Tower with Radar,15,10,18,81,124,0,2,18,44,64,15,12,36,125,188,8,82,90,278
11/02/2022,MOB,AL,ASO,CE,Combined TRACON& Tower with Radar,17,6,16,42,81,0,3,18,50,71,17,9,34,92,152,8,102,110,262
11/03/2022,MOB,AL,ASO,CE,Combined TRACON& Tower with Radar,15,9,14,66,104,0,1,21,43,65,15,10,35,109,169,36,68,104,273
11/04/2022,MOB,AL,ASO,CE,Combined TRACON& Tower with Radar,12,8,16,38,74,0,2,9,28,39,12,10,25,66,113,0,28,28,141
11/05/2022,MOB,AL,ASO,CE,Combined TRACON& Tower with Radar,17,7,7,22,53,0,0,1,9,10,17,7,8,31,63,0,0,0,63
11/06/2022,MOB,AL,ASO,CE,Combined TRACON& Tower with Radar,16,11,17,16,60,0,0,23,4,27,16,11,40,20,87,0,0,0,87
11/07/2022,MOB,AL,ASO,CE,Combined TRACON& Tower with Radar,15,12,12,53,92,0,0,8,27,35,15,12,20,80,127,12,76,88,215
11/08/2022,MOB,AL,ASO,CE,Combined TRACON& Tower with Radar,15,8,18,60,101,0,0,35,36,71,15,8,53,96,172,26,78,104,276
11/09/2022,MOB,AL,ASO,CE,Combined TRACON& Tower with Radar,15,13,22,56,106,0,5,23,39,67,15,18,45,95,173,0,80,80,253
11/10/2022,MOB,AL,ASO,CE,Combined TRACON& Tower with Radar,15,11,20,65,111,0,3,19,32,54,15,14,39,97,165,0,174,174,339
11/11/2022,MOB,AL,ASO,CE,Combined TRACON& Tower with Radar,14,8,29,18,69,0,0,31,14,45,14,8,60,32,114,16,0,16,130
11/12/2022,MOB,AL,ASO,CE,Combined TRACON& Tower with Radar,15,10,13,5,43,0,0,4,3,7,15,10,17,8,50,0,0,0,50
11/13/2022,MOB,AL,ASO,CE,Combined TRACON& Tower with Radar,17,8,18,6,49,0,0,21,1,22,17,8,39,7,71,0,0,0,71
11/14/2022,MOB,AL,ASO,CE,Combined TRACON& Tower with Radar,14,11,16,58,99,0,2,16,45,63,14,13,32,103,162,0,80,80,242
11/15/2022,MOB,AL,ASO,CE,Combined TRACON& Tower with Radar,15,9,14,110,148,0,0,0,8,8,15,9,14,118,156,0,0,0,156
11/16/2022,MOB,AL,ASO,CE,Combined TRACON& Tower with Radar,15,10,17,83,125,0,0,13,38,51,15,10,30,121,176,0,106,106,282
11/17/2022,MOB,AL,ASO,CE,Combined TRACON& Tower with Radar,15,11,21,50,97,0,5,28,31,64,15,16,49,81,161,14,60,74,235
11/18/2022,MOB,AL,ASO,CE,Combined TRACON& Tower with Radar,15,8,24,59,106,0,0,19,35,54,15,8,43,94,160,0,22,22,182
11/19/2022,MOB,AL,ASO,CE,Combined TRACON& Tower with Radar,15,8,12,2,37,0,0,15,4,19,15,8,27,6,56,0,0,0,56
11/20/2022,MOB,AL,ASO,CE,Combined TRACON& Tower with Radar,17,9,16,27,69,0,0,9,15,24,17,9,25,42,93,0,18,18,111
11/21/2022,MOB,AL,ASO,CE,Combined TRACON& Tower with Radar,15,9,15,49,88,0,1,22,36,59,15,10,37,85,147,22,54,76,223
11/22/2022,MOB,AL,ASO,CE,Combined TRACON& Tower with Radar,14,11,28,82,135,0,11,10,29,50,14,22,38,111,185,16,41,57,242
11/23/2022,MOB,AL,ASO,CE,Combined TRACON& Tower with Radar,16,8,9,8,41,0,3,27,11,41,16,11,36,19,82,0,10,10,92
11/24/2022,MOB,AL,ASO,CE,Combined TRACON& Tower with Radar,11,7,3,4,25,0,0,0,0,0,11,7,3,4,25,0,0,0,25
11/25/2022,MOB,AL,ASO,CE,Combined TRACON& Tower with Radar,15,6,18,4,43,0,0,0,0,0,15,6,18,4,43,0,0,0,43
11/26/2022,MOB,AL,ASO,CE,Combined TRACON& Tower with Radar,19,13,12,2,46,0,0,0,0,0,19,13,12,2,46,0,0,0,46
11/27/2022,MOB,AL,ASO,CE,Combined TRACON& Tower with Radar,17,12,17,4,50,0,0,12,1,13,17,12,29,5,63,30,0,30,93
11/28/2022,MOB,AL,ASO,CE,Combined TRACON& Tower with Radar,15,10,14,60,99,0,0,12,35,47,15,10,26,95,146,18,66,84,230
11/29/2022,MOB,AL,ASO,CE,Combined TRACON& Tower with Radar,14,10,11,51,86,0,0,4,17,21,14,10,15,68,107,0,90,90,197
11/30/2022,MOB,AL,ASO,CE,Combined TRACON& Tower with Radar,17,6,17,88,128,0,0,6,36,42,17,6,23,124,170,0,42,42,212
12/01/2022,MOB,AL,ASO,CE,Combined TRACON& Tower with Radar,17,4,22,55,98,0,0,10,45,55,17,4,32,100,153,50,66,116,269
12/02/2022,MOB,AL,ASO,CE,Combined TRACON& Tower with Radar,16,4,8,71,99,0,2,2,18,22,16,6,10,89,121,0,98,98,219
12/03/2022,MOB,AL,ASO,CE,Combined TRACON& Tower with Radar,14,2,7,12,35,0,0,11,9,20,14,2,18,21,55,0,0,0,55
12/04/2022,MOB,AL,ASO,CE,Combined TRACON& Tower with Radar,19,4,8,24,55,0,0,10,1,11,19,4,18,25,66,22,0,22,88
12/05/2022,MOB,AL,ASO,CE,Combined TRACON& Tower with Radar,18,6,17,51,92,0,0,2,4,6,18,6,19,55,98,0,104,104,202
12/06/2022,MOB,AL,ASO,CE,Combined TRACON& Tower with Radar,17,6,20,98,141,0,0,8,29,37,17,6,28,127,178,0,62,62,240
12/07/2022,MOB,AL,ASO,CE,Combined TRACON& Tower with Radar,15,9,18,59,101,0,2,15,32,49,15,11,33,91,150,0,142,142,292
12/08/2022,MOB,AL,ASO,CE,Combined TRACON& Tower with Radar,16,7,23,89,135,0,0,12,31,43,16,7,35,120,178,46,152,198,376
12/09/2022,MOB,AL,ASO,CE,Combined TRACON& Tower with Radar,17,7,10,56,90,0,0,2,14,16,17,7,12,70,106,0,28,28,134
12/10/2022,MOB,AL,ASO,CE,Combined TRACON& Tower with Radar,12,4,8,4,28,0,0,1,0,1,12,4,9,4,29,12,0,12,41
12/11/2022,MOB,AL,ASO,CE,Combined TRACON& Tower with Radar,20,6,6,13,45,0,0,0,1,1,20,6,6,14,46,0,0,0,46
12/12/2022,MOB,AL,ASO,CE,Combined TRACON& Tower with Radar,17,6,7,81,111,0,0,1,18,19,17,6,8,99,130,24,36,60,190
12/13/2022,MOB,AL,ASO,CE,Combined TRACON& Tower with Radar,18,6,11,91,126,0,0,0,10,10,18,6,11,101,136,0,0,0,136
12/14/2022,MOB,AL,ASO,CE,Combined TRACON& Tower with Radar,14,8,7,22,51,0,0,0,7,7,14,8,7,29,58,0,16,16,74
12/15/2022,MOB,AL,ASO,CE,Combined TRACON& Tower with Radar,16,13,12,54,95,0,1,24,21,46,16,14,36,75,141,0,12,12,153
12/16/2022,MOB,AL,ASO,CE,Combined TRACON& Tower with Radar,14,15,9,63,101,0,1,32,35,68,14,16,41,98,169,8,26,34,203
12/17/2022,MOB,AL,ASO,CE,Combined TRACON& Tower with Radar,11,15,7,9,42,0,0,2,7,9,11,15,9,16,51,12,20,32,83
12/18/2022,MOB,AL,ASO,CE,Combined TRACON& Tower with Radar,10,14,10,30,64,0,0,22,13,35,10,14,32,43,99,18,0,18,117
12/19/2022,MOB,AL,ASO,CE,Combined TRACON& Tower with Radar,8,16,12,47,83,0,0,5,10,15,8,16,17,57,98,22,0,22,120
12/20/2022,MOB,AL,ASO,CE,Combined TRACON& Tower with Radar,8,17,13,20,58,0,0,0,0,0,8,17,13,20,58,0,0,0,58
12/21/2022,MOB,AL,ASO,CE,Combined TRACON& Tower with Radar,10,15,12,36,73,0,0,0,0,0,10,15,12,36,73,0,0,0,73
12/22/2022,MOB,AL,ASO,CE,Combined TRACON& Tower with Radar,8,13,13,91,125,0,1,0,1,2,8,14,13,92,127,0,0,0,127
12/23/2022,MOB,AL,ASO,CE,Combined TRACON& Tower with Radar,10,13,9,1,33,0,0,6,9,15,10,13,15,10,48,0,8,8,56
12/24/2022,MOB,AL,ASO,CE,Combined TRACON& Tower with Radar,8,10,6,0,24,0,0,13,3,16,8,10,19,3,40,0,0,0,40
12/25/2022,MOB,AL,ASO,CE,Combined TRACON& Tower with Radar,8,11,2,0,21,0,0,8,0,8,8,11,10,0,29,0,0,0,29
12/26/2022,MOB,AL,ASO,CE,Combined TRACON& Tower with Radar,10,18,15,0,43,0,0,10,2,12,10,18,25,2,55,0,0,0,55
12/27/2022,MOB,AL,ASO,CE,Combined TRACON& Tower with Radar,10,14,20,80,124,0,0,40,26,66,10,14,60,106,190,8,18,26,216
12/28/2022,MOB,AL,ASO,CE,Combined TRACON& Tower with Radar,10,20,11,41,82,0,0,15,15,30,10,20,26,56,112,0,0,0,112
12/29/2022,MOB,AL,ASO,CE,Combined TRACON& Tower with Radar,10,15,16,46,87,0,0,6,11,17,10,15,22,57,104,20,0,20,124
12/30/2022,MOB,AL,ASO,CE,Combined TRACON& Tower with Radar,10,15,3,0,28,0,0,0,0,0,10,15,3,0,28,0,0,0,28
12/31/2022,MOB,AL,ASO,CE,Combined TRACON& Tower with Radar,8,11,10,2,31,0,0,1,0,1,8,11,11,2,32,0,0,0,32
01/01/2023,MOB,AL,ASO,CE,Combined TRACON& Tower with Radar,12,13,8,0,33,0,0,7,0,7,12,13,15,0,40,36,14,50,90
01/02/2023,MOB,AL,ASO,CE,Combined TRACON& Tower with Radar,11,19,13,4,47,0,0,0,0,0,11,19,13,4,47,0,0,0,47
01/03/2023,MOB,AL,ASO,CE,Combined TRACON& Tower with Radar,7,15,9,18,49,0,0,0,2,2,7,15,9,20,51,0,0,0,51
01/04/2023,MOB,AL,ASO,CE,Combined TRACON& Tower with Radar,11,11,10,90,122,0,1,14,30,45,11,12,24,120,167,15,102,117,284
01/05/2023,MOB,AL,ASO,CE,Combined TRACON& Tower with Radar,10,10,12,71,103,0,0,18,16,34,10,10,30,87,137,0,40,40,177
01/06/2023,MOB,AL,ASO,CE,Combined TRACON& Tower with Radar,14,10,21,75,120,0,3,31,45,79,14,13,52,120,199,30,4,34,233
01/07/2023,MOB,AL,ASO,CE,Combined TRACON& Tower with Radar,12,9,13,13,47,0,0,32,13,45,12,9,45,26,92,4,0,4,96
01/08/2023,MOB,AL,ASO,CE,Combined TRACON& Tower with Radar,12,9,15,3,39,0,0,6,4,10,12,9,21,7,49,33,24,57,106
01/09/2023,MOB,AL,ASO,CE,Combined TRACON& Tower with Radar,16,7,17,62,102,0,1,7,44,52,16,8,24,106,154,0,20,20,174
01/10/2023,MOB,AL,ASO,CE,Combined TRACON& Tower with Radar,14,8,10,83,115,0,0,18,54,72,14,8,28,137,187,0,56,56,243
01/11/2023,MOB,AL,ASO,CE,Combined TRACON& Tower with Radar,15,12,12,136,175,0,2,3,18,23,15,14,15,154,198,0,48,48,246
01/12/2023,MOB,AL,ASO,CE,Combined TRACON& Tower with Radar,17,7,15,40,79,0,0,1,17,18,17,7,16,57,97,0,10,10,107
01/13/2023,MOB,AL,ASO,CE,Combined TRACON& Tower with Radar,16,8,10,65,99,0,1,13,19,33,16,9,23,84,132,8,98,106,238
01/14/2023,MOB,AL,ASO,CE,Combined TRACON& Tower with Radar,11,9,11,20,51,0,0,16,8,24,11,9,27,28,75,0,0,0,75
01/15/2023,MOB,AL,ASO,CE,Combined TRACON& Tower with Radar,14,8,7,19,48,0,0,17,13,30,14,8,24,32,78,0,0,0,78
01/16/2023,MOB,AL,ASO,CE,Combined TRACON& Tower with Radar,16,8,19,4,47,0,0,10,0,10,16,8,29,4,57,0,0,0,57
01/17/2023,MOB,AL,ASO,CE,Combined TRACON& Tower with Radar,14,9,13,61,97,0,0,5,30,35,14,9,18,91,132,0,12,12,144
01/18/2023,MOB,AL,ASO,CE,Combined TRACON& Tower with Radar,11,18,5,125,159,0,0,1,18,19,11,18,6,143,178,0,40,40,218
01/19/2023,MOB,AL,ASO,CE,Combined TRACON& Tower with Radar,16,10,20,85,131,0,3,21,18,42,16,13,41,103,173,0,22,22,195
01/20/2023,MOB,AL,ASO,CE,Combined TRACON& Tower with Radar,16,11,17,52,96,0,1,23,37,61,16,12,40,89,157,22,10,32,189
01/21/2023,MOB,AL,ASO,CE,Combined TRACON& Tower with Radar,11,8,9,20,48,0,0,2,2,4,11,8,11,22,52,0,0,0,52
01/22/2023,MOB,AL,ASO,CE,Combined TRACON& Tower with Radar,16,7,4,26,53,0,3,0,0,3,16,10,4,26,56,0,0,0,56
01/23/2023,MOB,AL,ASO,CE,Combined TRACON& Tower with Radar,13,9,19,72,113,0,0,15,20,35,13,9,34,92,148,0,0,0,148
01/24/2023,MOB,AL,ASO,CE,Combined TRACON& Tower with Radar,14,9,10,56,89,0,0,2,31,33,14,9,12,87,122,12,4,16,138
01/25/2023,MOB,AL,ASO,CE,Combined TRACON& Tower with Radar,14,10,9,59,92,0,0,3,24,27,14,10,12,83,119,0,68,68,187
01/26/2023,MOB,AL,ASO,CE,Combined TRACON& Tower with Radar,16,9,18,42,85,0,0,18,32,50,16,9,36,74,135,0,0,0,135
01/27/2023,MOB,AL,ASO,CE,Combined TRACON& Tower with Radar,20,9,13,38,80,0,0,24,15,39,20,9,37,53,119,0,0,0,119
01/28/2023,MOB,AL,ASO,CE,Combined TRACON& Tower with Radar,12,11,10,14,47,0,1,25,11,37,12,12,35,25,84,0,0,0,84
01/29/2023,MOB,AL,ASO,CE,Combined TRACON& Tower with Radar,15,11,8,4,38,0,0,0,0,0,15,11,8,4,38,0,0,0,38
01/30/2023,MOB,AL,ASO,CE,Combined TRACON& Tower with Radar,12,11,7,65,95,0,0,1,3,4,12,11,8,68,99,0,24,24,123
01/31/2023,MOB,AL,ASO,CE,Combined TRACON& Tower with Radar,14,15,32,98,159,0,0,4,9,13,14,15,36,107,172,0,70,70,242
02/01/2023,MOB,AL,ASO,CE,Combined TRACON& Tower with Radar,14,11,21,62,108,0,0,0,8,8,14,11,21,70,116,0,48,48,164
02/02/2023,MOB,AL,ASO,CE,Combined TRACON& Tower with Radar,16,11,9,54,90,0,0,0,0,0,16,11,9,54,90,0,0,0,90
02/03/2023,MOB,AL,ASO,CE,Combined TRACON& Tower with Radar,16,15,14,46,91,0,0,12,21,33,16,15,26,67,124,0,0,0,124
02/04/2023,MOB,AL,ASO,CE,Combined TRACON& Tower with Radar,14,8,15,2,39,0,0,19,16,35,14,8,34,18,74,14,8,22,96
02/05/2023,MOB,AL,ASO,CE,Combined TRACON& Tower with Radar,15,8,7,20,50,0,1,13,12,26,15,9,20,32,76,34,16,50,126
02/06/2023,MOB,AL,ASO,CE,Combined TRACON& Tower with Radar,16,10,18,104,148,0,1,28,31,60,16,11,46,135,208,10,32,42,250
02/07/2023,MOB,AL,ASO,CE,Combined TRACON& Tower with Radar,17,12,11,32,72,0,0,5,23,28,17,12,16,55,100,0,0,0,100
02/08/2023,MOB,AL,ASO,CE,Combined TRACON& Tower with Radar,16,12,16,39,83,0,0,0,13,13,16,12,16,52,96,0,46,46,142
02/09/2023,MOB,AL,ASO,CE,Combined TRACON& Tower with Radar,16,12,18,39,85,0,0,0,10,10,16,12,18,49,95,0,0,0,95
02/10/2023,MOB,AL,ASO,CE,Combined TRACON& Tower with Radar,16,17,9,27,69,0,0,0,17,17,16,17,9,44,86,0,54,54,140
02/11/2023,MOB,AL,ASO,CE,Combined TRACON& Tower with Radar,16,15,6,10,47,0,0,0,0,0,16,15,6,10,47,0,0,0,47
02/12/2023,MOB,AL,ASO,CE,Combined TRACON& Tower with Radar,14,10,13,23,60,0,0,10,12,22,14,10,23,35,82,90,20,110,192
02/13/2023,MOB,AL,ASO,CE,Combined TRACON& Tower with Radar,14,13,12,71,110,0,0,7,39,46,14,13,19,110,156,16,30,46,202
02/14/2023,MOB,AL,ASO,CE,Combined TRACON& Tower with Radar,16,10,19,50,95,0,1,12,18,31,16,11,31,68,126,0,0,0,126
02/15/2023,MOB,AL,ASO,CE,Combined TRACON& Tower with Radar,20,13,16,53,102,0,0,6,24,30,20,13,22,77,132,0,28,28,160
02/16/2023,MOB,AL,ASO,CE,Combined TRACON& Tower with Radar,17,12,10,32,71,0,0,0,19,19,17,12,10,51,90,0,110,110,200
02/17/2023,MOB,AL,ASO,CE,Combined TRACON& Tower with Radar,15,11,16,36,78,0,0,2,4,6,15,11,18,40,84,0,0,0,84
02/18/2023,MOB,AL,ASO,CE,Combined TRACON& Tower with Radar,16,11,13,18,58,0,0,22,11,33,16,11,35,29,91,4,0,4,95
02/19/2023,MOB,AL,ASO,CE,Combined TRACON& Tower with Radar,14,11,20,11,56,0,0,11,6,17,14,11,31,17,73,2,0,2,75
02/20/2023,MOB,AL,ASO,CE,Combined TRACON& Tower with Radar,15,11,10,2,38,0,0,5,2,7,15,11,15,4,45,26,0,26,71
02/21/2023,MOB,AL,ASO,CE,Combined TRACON& Tower with Radar,18,10,20,87,135,0,0,1,20,21,18,10,21,107,156,0,112,112,268
02/22/2023,MOB,AL,ASO,CE,Combined TRACON& Tower with Radar,18,14,7,81,120,0,0,2,19,21,18,14,9,100,141,6,118,124,265
02/23/2023,MOB,AL,ASO,CE,Combined TRACON& Tower with Radar,16,10,9,102,137,0,0,2,11,13,16,10,11,113,150,0,70,70,220
02/24/2023,MOB,AL,ASO,CE,Combined TRACON& Tower with Radar,16,12,19,81,128,0,0,3,27,30,16,12,22,108,158,18,88,106,264
02/25/2023,MOB,AL,ASO,CE,Combined TRACON& Tower with Radar,16,14,4,26,60,0,1,1,3,5,16,15,5,29,65,12,0,12,77
02/26/2023,MOB,AL,ASO,CE,Combined TRACON& Tower with Radar,14,13,27,24,78,0,0,10,16,26,14,13,37,40,104,22,0,22,126
02/27/2023,MOB,AL,ASO,CE,Combined TRACON& Tower with Radar,15,13,11,52,91,0,0,5,21,26,15,13,16,73,117,12,26,38,155
02/28/2023,MOB,AL,ASO,CE,Combined TRACON& Tower with Radar,16,15,18,97,146,0,0,13,25,38,16,15,31,122,184,74,200,274,458
03/01/2023,MOB,AL,ASO,CE,Combined TRACON& Tower with Radar,16,9,15,91,131,0,0,0,28,28,16,9,15,119,159,0,140,140,299
03/02/2023,MOB,AL,ASO,CE,Combined TRACON& Tower with Radar,13,20,22,82,137,0,0,3,22,25,13,20,25,104,162,0,212,212,374
03/03/2023,MOB,AL,ASO,CE,Combined TRACON& Tower with Radar,19,14,13,86,132,0,4,5,29,38,19,18,18,115,170,0,46,46,216
03/04/2023,MOB,AL,ASO,CE,Combined TRACON& Tower with Radar,16,12,12,4,44,0,3,31,8,42,16,15,43,12,86,22,8,30,116
03/05/2023,MOB,AL,ASO,CE,Combined TRACON& Tower with Radar,16,13,11,39,79,0,0,22,13,35,16,13,33,52,114,0,2,2,116
03/06/2023,MOB,AL,ASO,CE,Combined TRACON& Tower with Radar,16,13,9,79,117,0,0,7,18,25,16,13,16,97,142,0,124,124,266
03/07/2023,MOB,AL,ASO,CE,Combined TRACON& Tower with Radar,16,14,9,65,104,0,0,16,28,44,16,14,25,93,148,4,108,112,260
03/08/2023,MOB,AL,ASO,CE,Combined TRACON& Tower with Radar,16,15,16,57,104,0,0,11,19,30,16,15,27,76,134,34,52,86,220
03/09/2023,MOB,AL,ASO,CE,Combined TRACON& Tower with Radar,16,12,14,50,92,0,0,6,29,35,16,12,20,79,127,0,0,0,127
03/10/2023,MOB,AL,ASO,CE,Combined TRACON& Tower with Radar,16,11,8,61,96,0,0,9,29,38,16,11,17,90,134,0,54,54,188
03/11/2023,MOB,AL,ASO,CE,Combined TRACON& Tower with Radar,15,16,12,13,56,0,0,22,5,27,15,16,34,18,83,26,0,26,109
03/12/2023,MOB,AL,ASO,CE,Combined TRACON& Tower with Radar,16,11,10,4,41,0,0,0,1,1,16,11,10,5,42,0,0,0,42
03/13/2023,MOB,AL,ASO,CE,Combined TRACON& Tower with Radar,16,13,12,46,87,0,2,9,20,31,16,15,21,66,118,14,18,32,150
03/14/2023,MOB,AL,ASO,CE,Combined TRACON& Tower with Radar,16,16,9,72,113,0,0,24,34,58,16,16,33,106,171,0,22,22,193
03/15/2023,MOB,AL,ASO,CE,Combined TRACON& Tower with Radar,16,12,9,60,97,0,0,22,62,84,16,12,31,122,181,18,96,114,295
03/16/2023,MOB,AL,ASO,CE,Combined TRACON& Tower with Radar,15,12,10,93,130,0,0,10,45,55,15,12,20,138,185,34,90,124,309
03/17/2023,MOB,AL,ASO,CE,Combined TRACON& Tower with Radar,18,17,6,25,66,0,0,0,12,12,18,17,6,37,78,22,90,112,190
03/18/2023,MOB,AL,ASO,CE,Combined TRACON& Tower with Radar,18,12,2,6,38,0,0,13,10,23,18,12,15,16,61,24,0,24,85
03/19/2023,MOB,AL,ASO,CE,Combined TRACON& Tower with Radar,17,10,8,26,61,0,0,7,12,19,17,10,15,38,80,90,8,98,178
03/20/2023,MOB,AL,ASO,CE,Combined TRACON& Tower with Radar,18,12,11,41,82,0,0,16,36,52,18,12,27,77,134,8,4,12,146
03/21/2023,MOB,AL,ASO,CE,Combined TRACON& Tower with Radar,17,20,24,72,133,0,1,30,28,59,17,21,54,100,192,66,58,124,316
03/22/2023,MOB,AL,ASO,CE,Combined TRACON& Tower with Radar,15,12,15,47,89,0,0,27,40,67,15,12,42,87,156,12,282,294,450
03/23/2023,MOB,AL,ASO,CE,Combined TRACON& Tower with Radar,20,14,33,48,115,0,1,11,23,35,20,15,44,71,150,0,80,80,230
03/24/2023,MOB,AL,ASO,CE,Combined TRACON& Tower with Radar,16,12,14,55,97,0,0,5,9,14,16,12,19,64,111,0,0,0,111
03/25/2023,MOB,AL,ASO,CE,Combined TRACON& Tower with Radar,17,12,22,3,54,0,0,5,5,10,17,12,27,8,64,20,0,20,84
03/26/2023,MOB,AL,ASO,CE,Combined TRACON& Tower with Radar,13,10,9,2,34,0,0,0,1,1,13,10,9,3,35,0,0,0,35
03/27/2023,MOB,AL,ASO,CE,Combined TRACON& Tower with Radar,15,14,6,25,60,0,0,2,18,20,15,14,8,43,80,20,121,141,221
03/28/2023,MOB,AL,ASO,CE,Combined TRACON& Tower with Radar,16,14,11,32,73,0,0,5,19,24,16,14,16,51,97,26,8,34,131
03/29/2023,MOB,AL,ASO,CE,Combined TRACON& Tower with Radar,16,10,18,71,115,0,0,24,44,68,16,10,42,115,183,0,88,88,271
03/30/2023,MOB,AL,ASO,CE,Combined TRACON& Tower with Radar,16,10,14,45,85,0,0,16,29,45,16,10,30,74,130,0,16,16,146
03/31/2023,MOB,AL,ASO,CE,Combined TRACON& Tower with Radar,14,14,13,67,108,0,0,3,15,18,14,14,16,82,126,0,40,40,166
04/01/2023,MOB,AL,ASO,CE,Combined TRACON& Tower with Radar,15,16,15,8,54,0,0,2,15,17,15,16,17,23,71,0,30,30,101
04/02/2023,MOB,AL,ASO,CE,Combined TRACON& Tower with Radar,15,10,11,15,51,0,0,26,11,37,15,10,37,26,88,0,6,6,94
04/03/2023,MOB,AL,ASO,CE,Combined TRACON& Tower with Radar,16,12,11,78,117,0,1,1,10,12,16,13,12,88,129,12,76,88,217
04/04/2023,MOB,AL,ASO,CE,Combined TRACON& Tower with Radar,16,13,5,90,124,0,0,4,8,12,16,13,9,98,136,22,86,108,244
04/05/2023,MOB,AL,ASO,CE,Combined TRACON& Tower with Radar,13,11,20,61,105,0,0,3,12,15,13,11,23,73,120,0,16,16,136
04/06/2023,MOB,AL,ASO,CE,Combined TRACON& Tower with Radar,16,10,17,52,95,0,0,7,34,41,16,10,24,86,136,0,32,32,168
04/07/2023,MOB,AL,ASO,CE,Combined TRACON& Tower with Radar,16,11,5,21,53,0,0,1,6,7,16,11,6,27,60,0,0,0,60
04/08/2023,MOB,AL,ASO,CE,Combined TRACON& Tower with Radar,14,11,8,2,35,0,0,2,0,2,14,11,10,2,37,0,0,0,37
04/09/2023,MOB,AL,ASO,CE,Combined TRACON& Tower with Radar,16,11,5,0,32,0,0,1,1,2,16,11,6,1,34,0,0,0,34
04/10/2023,MOB,AL,ASO,CE,Combined TRACON& Tower with Radar,16,18,19,86,139,0,3,15,24,42,16,21,34,110,181,14,38,52,233
04/11/2023,MOB,AL,ASO,CE,Combined TRACON& Tower with Radar,15,12,10,86,123,0,0,20,37,57,15,12,30,123,180,0,86,86,266
04/12/2023,MOB,AL,ASO,CE,Combined TRACON& Tower with Radar,19,13,9,42,83,0,0,7,21,28,19,13,16,63,111,0,138,138,249
04/13/2023,MOB,AL,ASO,CE,Combined TRACON& Tower with Radar,15,12,16,31,74,0,0,7,14,21,15,12,23,45,95,0,0,0,95
04/14/2023,MOB,AL,ASO,CE,Combined TRACON& Tower with Radar,16,12,21,72,121,0,0,48,16,64,16,12,69,88,185,20,40,60,245
04/15/2023,MOB,AL,ASO,CE,Combined TRACON& Tower with Radar,15,10,8,1,34,0,0,3,4,7,15,10,11,5,41,16,28,44,85
04/16/2023,MOB,AL,ASO,CE,Combined TRACON& Tower with Radar,15,10,11,38,74,0,0,6,12,18,15,10,17,50,92,30,28,58,150
04/17/2023,MOB,AL,ASO,CE,Combined TRACON& Tower with Radar,16,12,13,55,96,0,1,17,17,35,16,13,30,72,131,16,12,28,159
04/18/2023,MOB,AL,ASO,CE,Combined TRACON& Tower with Radar,13,12,7,102,134,0,0,18,18,36,13,12,25,120,170,0,20,20,190
04/19/2023,MOB,AL,ASO,CE,Combined TRACON& Tower with Radar,16,18,11,56,101,0,4,25,35,64,16,22,36,91,165,14,40,54,219
04/20/2023,MOB,AL,ASO,CE,Combined TRACON& Tower with Radar,17,11,12,37,77,0,1,23,33,57,17,12,35,70,134,38,46,84,218
04/21/2023,MOB,AL,ASO,CE,Combined TRACON& Tower with Radar,16,11,11,63,101,0,1,11,24,36,16,12,22,87,137,32,16,48,185
04/22/2023,MOB,AL,ASO,CE,Combined TRACON& Tower with Radar,16,11,9,1,37,0,1,12,2,15,16,12,21,3,52,0,0,0,52
04/23/2023,MOB,AL,ASO,CE,Combined TRACON& Tower with Radar,15,12,17,10,54,0,0,31,7,38,15,12,48,17,92,62,24,86,178
04/24/2023,MOB,AL,ASO,CE,Combined TRACON& Tower with Radar,14,12,13,68,107,0,0,13,30,43,14,12,26,98,150,22,38,60,210
04/25/2023,MOB,AL,ASO,CE,Combined TRACON& Tower with Radar,13,16,20,95,144,0,2,16,37,55,13,18,36,132,199,2,4,6,205
04/26/2023,MOB,AL,ASO,CE,Combined TRACON& Tower with Radar,15,12,20,80,127,0,0,13,37,50,15,12,33,117,177,22,0,22,199
04/27/2023,MOB,AL,ASO,CE,Combined TRACON& Tower with Radar,15,10,6,7,38,0,0,0,12,12,15,10,6,19,50,0,86,86,136
04/28/2023,MOB,AL,ASO,CE,Combined TRACON& Tower with Radar,14,12,10,64,100,0,0,22,32,54,14,12,32,96,154,0,20,20,174
04/29/2023,MOB,AL,ASO,CE,Combined TRACON& Tower with Radar,16,18,3,6,43,0,0,0,5,5,16,18,3,11,48,0,0,0,48
04/30/2023,MOB,AL,ASO,CE,Combined TRACON& Tower with Radar,16,10,6,23,55,0,0,7,12,19,16,10,13,35,74,0,0,0,74
05/01/2023,MOB,AL,ASO,CE,Combined TRACON& Tower with Radar,16,10,10,48,84,0,0,15,34,49,16,10,25,82,133,0,0,0,133
05/02/2023,MOB,AL,ASO,CE,Combined TRACON& Tower with Radar,14,10,13,66,103,0,0,21,24,45,14,10,34,90,148,14,50,64,212
05/03/2023,MOB,AL,ASO,CE,Combined TRACON& Tower with Radar,15,15,13,89,132,0,0,23,33,56,15,15,36,122,188,10,14,24,212
05/04/2023,MOB,AL,ASO,CE,Combined TRACON& Tower with Radar,14,11,16,33,74,0,0,26,39,65,14,11,42,72,139,28,12,40,179
05/05/2023,MOB,AL,ASO,CE,Combined TRACON& Tower with Radar,16,14,10,34,74,0,0,2,9,11,16,14,12,43,85,0,30,30,115
05/06/2023,MOB,AL,ASO,CE,Combined TRACON& Tower with Radar,17,11,10,4,42,0,0,2,7,9,17,11,12,11,51,0,0,0,51
05/07/2023,MOB,AL,ASO,CE,Combined TRACON& Tower with Radar,20,11,18,41,90,0,0,6,7,13,20,11,24,48,103,22,0,22,125
05/08/2023,MOB,AL,ASO,CE,Combined TRACON& Tower with Radar,15,9,11,47,82,0,1,0,16,17,15,10,11,63,99,0,114,114,213
05/09/2023,MOB,AL,ASO,CE,Combined TRACON& Tower with Radar,14,9,12,43,78,0,0,4,26,30,14,9,16,69,108,0,58,58,166
05/10/2023,MOB,AL,ASO,CE,Combined TRACON& Tower with Radar,14,8,23,66,111,0,0,17,42,59,14,8,40,108,170,0,74,74,244
05/11/2023,MOB,AL,ASO,CE,Combined TRACON& Tower with Radar,17,10,11,53,91,0,0,6,35,41,17,10,17,88,132,0,44,44,176
05/12/2023,MOB,AL,ASO,CE,Combined TRACON& Tower with Radar,17,11,23,105,156,0,0,21,36,57,17,11,44,141,213,20,136,156,369
05/13/2023,MOB,AL,ASO,CE,Combined TRACON& Tower with Radar,16,10,7,13,46,0,0,23,15,38,16,10,30,28,84,0,26,26,110
05/14/2023,MOB,AL,ASO,CE,Combined TRACON& Tower with Radar,16,10,3,11,40,0,1,9,11,21,16,11,12,22,61,18,0,18,79
05/15/2023,MOB,AL,ASO,CE,Combined TRACON& Tower with Radar,16,11,13,48,88,0,0,9,49,58,16,11,22,97,146,0,162,162,308
05/16/2023,MOB,AL,ASO,CE,Combined TRACON& Tower with Radar,15,9,18,44,86,0,0,8,25,33,15,9,26,69,119,0,0,0,119
05/17/2023,MOB,AL,ASO,CE,Combined TRACON& Tower with Radar,15,10,8,36,69,0,0,2,23,25,15,10,10,59,94,0,48,48,142
05/18/2023,MOB,AL,ASO,CE,Combined TRACON& Tower with Radar,17,12,19,69,117,0,0,14,30,44,17,12,33,99,161,0,76,76,237
05/19/2023,MOB,AL,ASO,CE,Combined TRACON& Tower with Radar,13,13,26,24,76,0,1,14,30,45,13,14,40,54,121,0,8,8,129
05/20/2023,MOB,AL,ASO,CE,Combined TRACON& Tower with Radar,15,9,5,15,44,0,0,14,11,25,15,9,19,26,69,0,0,0,69
05/21/2023,MOB,AL,ASO,CE,Combined TRACON& Tower with Radar,17,14,12,53,96,0,0,4,35,39,17,14,16,88,135,56,26,82,217
05/22/2023,MOB,AL,ASO,CE,Combined TRACON& Tower with Radar,17,13,14,115,159,0,0,18,34,52,17,13,32,149,211,32,122,154,365
05/23/2023,MOB,AL,ASO,CE,Combined TRACON& Tower with Radar,15,10,13,64,102,0,0,9,30,39,15,10,22,94,141,4,0,4,145
05/24/2023,MOB,AL,ASO,CE,Combined TRACON& Tower with Radar,16,9,12,114,151,0,0,1,22,23,16,9,13,136,174,0,72,72,246
05/25/2023,MOB,AL,ASO,CE,Combined TRACON& Tower with Radar,17,18,18,72,125,0,0,19,41,60,17,18,37,113,185,24,18,42,227
05/26/2023,MOB,AL,ASO,CE,Combined TRACON& Tower with Radar,17,12,16,62,107,0,0,16,22,38,17,12,32,84,145,0,14,14,159
05/27/2023,MOB,AL,ASO,CE,Combined TRACON& Tower with Radar,14,9,7,18,48,0,0,8,2,10,14,9,15,20,58,0,12,12,70
05/28/2023,MOB,AL,ASO,CE,Combined TRACON& Tower with Radar,16,9,3,13,41,0,2,9,9,20,16,11,12,22,61,14,11,25,86
05/29/2023,MOB,AL,ASO,CE,Combined TRACON& Tower with Radar,14,8,8,0,30,0,0,8,2,10,14,8,16,2,40,16,0,16,56
05/30/2023,MOB,AL,ASO,CE,Combined TRACON& Tower with Radar,15,9,18,31,73,0,2,13,11,26,15,11,31,42,99,6,16,22,121
05/31/2023,MOB,AL,ASO,CE,Combined TRACON& Tower with Radar,16,10,12,145,183,0,0,11,40,51,16,10,23,185,234,8,42,50,284
06/01/2023,MOB,AL,ASO,CE,Combined TRACON& Tower with Radar,17,8,14,91,130,0,0,8,32,40,17,8,22,123,170,0,74,74,244
06/02/2023,MOB,AL,ASO,CE,Combined TRACON& Tower with Radar,17,7,18,67,109,0,0,5,26,31,17,7,23,93,140,0,0,0,140
06/03/2023,MOB,AL,ASO,CE,Combined TRACON& Tower with Radar,15,6,14,8,43,0,0,17,11,28,15,6,31,19,71,0,0,0,71
06/04/2023,MOB,AL,ASO,CE,Combined TRACON& Tower with Radar,16,8,9,14,47,0,0,8,5,13,16,8,17,19,60,6,30,36,96
06/05/2023,MOB,AL,ASO,CE,Combined TRACON& Tower with Radar,17,11,5,43,76,0,0,4,29,33,17,11,9,72,109,0,10,10,119
06/06/2023,MOB,AL,ASO,CE,Combined TRACON& Tower with Radar,13,16,21,128,178,0,0,6,52,58,13,16,27,180,236,0,110,110,346
06/07/2023,MOB,AL,ASO,CE,Combined TRACON& Tower with Radar,23,13,18,92,146,0,0,7,31,38,23,13,25,123,184,24,155,179,363
06/08/2023,MOB,AL,ASO,CE,Combined TRACON& Tower with Radar,26,6,9,58,99,0,0,11,49,60,26,6,20,107,159,48,138,186,345
06/09/2023,MOB,AL,ASO,CE,Combined TRACON& Tower with Radar,19,6,20,87,132,0,0,16,40,56,19,6,36,127,188,50,34,84,272
06/10/2023,MOB,AL,ASO,CE,Combined TRACON& Tower with Radar,13,5,5,12,35,0,0,5,10,15,13,5,10,22,50,0,6,6,56
06/11/2023,MOB,AL,ASO,CE,Combined TRACON& Tower with Radar,15,9,8,50,82,0,1,7,10,18,15,10,15,60,100,10,6,16,116
06/12/2023,MOB,AL,ASO,CE,Combined TRACON& Tower with Radar,17,10,5,70,102,0,0,7,23,30,17,10,12,93,132,0,44,44,176
06/13/2023,MOB,AL,ASO,CE,Combined TRACON& Tower with Radar,14,14,22,93,143,0,0,6,35,41,14,14,28,128,184,32,74,106,290
06/14/2023,MOB,AL,ASO,CE,Combined TRACON& Tower with Radar,17,8,9,147,181,0,0,7,30,37,17,8,16,177,218,10,106,116,334
06/15/2023,MOB,AL,ASO,CE,Combined TRACON& Tower with Radar,15,8,11,10,44,0,1,1,9,11,15,9,12,19,55,8,50,58,113
06/16/2023,MOB,AL,ASO,CE,Combined TRACON& Tower with Radar,26,8,17,33,84,0,0,3,14,17,26,8,20,47,101,0,14,14,115
06/17/2023,MOB,AL,ASO,CE,Combined TRACON& Tower with Radar,16,6,11,9,42,0,0,7,6,13,16,6,18,15,55,36,24,60,115
06/18/2023,MOB,AL,ASO,CE,Combined TRACON& Tower with Radar,16,9,5,0,30,0,0,2,2,4,16,9,7,2,34,0,0,0,34
06/19/2023,MOB,AL,ASO,CE,Combined TRACON& Tower with Radar,17,12,6,0,35,0,0,2,0,2,17,12,8,0,37,0,0,0,37
06/20/2023,MOB,AL,ASO,CE,Combined TRACON& Tower with Radar,15,10,10,59,94,0,0,11,37,48,15,10,21,96,142,30,20,50,192
06/21/2023,MOB,AL,ASO,CE,Combined TRACON& Tower with Radar,16,12,12,29,69,0,0,5,17,22,16,12,17,46,91,16,40,56,147
06/22/2023,MOB,AL,ASO,CE,Combined TRACON& Tower with Radar,19,9,11,126,165,0,1,16,49,66,19,10,27,175,231,0,50,50,281
06/23/2023,MOB,AL,ASO,CE,Combined TRACON& Tower with Radar,16,10,13,132,171,0,0,11,28,39,16,10,24,160,210,34,90,124,334
06/24/2023,MOB,AL,ASO,CE,Combined TRACON& Tower with Radar,15,5,24,45,89,0,0,26,23,49,15,5,50,68,138,0,22,22,160
06/25/2023,MOB,AL,ASO,CE,Combined TRACON& Tower with Radar,18,9,13,33,73,0,0,8,9,17,18,9,21,42,90,4,18,22,112
06/26/2023,MOB,AL,ASO,CE,Combined TRACON& Tower with Radar,17,10,9,94,130,0,0,19,42,61,17,10,28,136,191,42,40,82,273
06/27/2023,MOB,AL,ASO,CE,Combined TRACON& Tower with Radar,16,12,23,63,114,0,0,9,42,51,16,12,32,105,165,0,64,64,229
06/28/2023,MOB,AL,ASO,CE,Combined TRACON& Tower with Radar,18,9,9,112,148,0,2,22,35,59,18,11,31,147,207,22,20,42,249
06/29/2023,MOB,AL,ASO,CE,Combined TRACON& Tower with Radar,20,9,12,102,143,0,1,20,34,55,20,10,32,136,198,14,40,54,252
06/30/2023,MOB,AL,ASO,CE,Combined TRACON& Tower with Radar,20,8,20,86,134,0,0,25,18,43,20,8,45,104,177,16,42,58,235
07/01/2023,MOB,AL,ASO,CE,Combined TRACON& Tower with Radar,14,5,10,3,32,0,0,16,0,16,14,5,26,3,48,0,0,0,48
07/02/2023,MOB,AL,ASO,CE,Combined TRACON& Tower with Radar,15,6,8,4,33,0,0,6,7,13,15,6,14,11,46,14,0,14,60
07/03/2023,MOB,AL,ASO,CE,Combined TRACON& Tower with Radar,12,8,5,1,26,0,0,7,1,8,12,8,12,2,34,0,0,0,34
07/04/2023,MOB,AL,ASO,CE,Combined TRACON& Tower with Radar,15,6,9,1,31,0,0,2,1,3,15,6,11,2,34,0,0,0,34
07/05/2023,MOB,AL,ASO,CE,Combined TRACON& Tower with Radar,18,7,9,12,46,0,0,3,10,13,18,7,12,22,59,0,46,46,105
07/06/2023,MOB,AL,ASO,CE,Combined TRACON& Tower with Radar,14,6,9,49,78,0,0,11,29,40,14,6,20,78,118,0,58,58,176
07/07/2023,MOB,AL,ASO,CE,Combined TRACON& Tower with Radar,18,6,7,72,103,0,2,14,50,66,18,8,21,122,169,16,28,44,213
07/08/2023,MOB,AL,ASO,CE,Combined TRACON& Tower with Radar,16,6,10,18,50,0,0,11,7,18,16,6,21,25,68,0,18,18,86
07/09/2023,MOB,AL,ASO,CE,Combined TRACON& Tower with Radar,15,8,4,3,30,0,0,0,0,0,15,8,4,3,30,12,0,12,42
07/10/2023,MOB,AL,ASO,CE,Combined TRACON& Tower with Radar,17,7,9,6,39,0,0,3,7,10,17,7,12,13,49,0,80,80,129
07/11/2023,MOB,AL,ASO,CE,Combined TRACON& Tower with Radar,17,9,10,57,93,0,0,2,19,21,17,9,12,76,114,0,10,10,124
07/12/2023,MOB,AL,ASO,CE,Combined TRACON& Tower with Radar,18,6,11,47,82,0,0,6,30,36,18,6,17,77,118,0,70,70,188
07/13/2023,MOB,AL,ASO,CE,Combined TRACON& Tower with Radar,22,10,17,38,87,0,0,10,26,36,22,10,27,64,123,2,24,26,149
07/14/2023,MOB,AL,ASO,CE,Combined TRACON& Tower with Radar,19,11,14,32,76,0,4,12,48,64,19,15,26,80,140,0,74,74,214
07/15/2023,MOB,AL,ASO,CE,Combined TRACON& Tower with Radar,16,6,10,27,59,0,1,22,17,40,16,7,32,44,99,10,0,10,109
07/16/2023,MOB,AL,ASO,CE,Combined TRACON& Tower with Radar,16,7,16,21,60,0,0,7,26,33,16,7,23,47,93,0,10,10,103
07/17/2023,MOB,AL,ASO,CE,Combined TRACON& Tower with Radar,25,7,12,107,151,0,0,12,45,57,25,7,24,152,208,0,18,18,226
07/18/2023,MOB,AL,ASO,CE,Combined TRACON& Tower with Radar,15,10,15,95,135,0,1,9,35,45,15,11,24,130,180,10,16,26,206
07/19/2023,MOB,AL,ASO,CE,Combined TRACON& Tower with Radar,20,10,20,108,158,0,1,13,56,70,20,11,33,164,228,0,90,90,318
07/20/2023,MOB,AL,ASO,CE,Combined TRACON& Tower with Radar,20,6,15,42,83,0,0,21,45,66,20,6,36,87,149,0,78,78,227
07/21/2023,MOB,AL,ASO,CE,Combined TRACON& Tower with Radar,18,12,8,69,107,0,0,11,23,34,18,12,19,92,141,0,18,18,159
07/22/2023,MOB,AL,ASO,CE,Combined TRACON& Tower with Radar,16,6,6,9,37,0,0,4,5,9,16,6,10,14,46,0,0,0,46
07/23/2023,MOB,AL,ASO,CE,Combined TRACON& Tower with Radar,23,6,5,27,61,0,0,7,9,16,23,6,12,36,77,0,25,25,102
07/24/2023,MOB,AL,ASO,CE,Combined TRACON& Tower with Radar,20,9,12,44,85,0,0,10,30,40,20,9,22,74,125,6,42,48,173
07/25/2023,MOB,AL,ASO,CE,Combined TRACON& Tower with Radar,24,8,16,88,136,0,0,14,41,55,24,8,30,129,191,38,8,46,237
07/26/2023,MOB,AL,ASO,CE,Combined TRACON& Tower with Radar,22,7,11,50,90,0,0,18,35,53,22,7,29,85,143,4,82,86,229
07/27/2023,MOB,AL,ASO,CE,Combined TRACON& Tower with Radar,18,11,12,34,75,0,3,17,36,56,18,14,29,70,131,46,14,60,191
07/28/2023,MOB,AL,ASO,CE,Combined TRACON& Tower with Radar,17,8,16,124,165,0,0,8,34,42,17,8,24,158,207,12,48,60,267
07/29/2023,MOB,AL,ASO,CE,Combined TRACON& Tower with Radar,16,8,12,25,61,0,1,7,10,18,16,9,19,35,79,0,0,0,79
07/30/2023,MOB,AL,ASO,CE,Combined TRACON& Tower with Radar,22,9,9,20,60,0,0,4,8,12,22,9,13,28,72,0,0,0,72
07/31/2023,MOB,AL,ASO,CE,Combined TRACON& Tower with Radar,19,11,15,83,128,0,1,19,33,53,19,12,34,116,181,10,80,90,271
08/01/2023,MOB,AL,ASO,CE,Combined TRACON& Tower with Radar,27,11,13,84,135,0,1,7,54,62,27,12,20,138,197,6,10,16,213
08/02/2023,MOB,AL,ASO,CE,Combined TRACON& Tower with Radar,14,10,16,106,146,0,0,13,41,54,14,10,29,147,200,18,126,144,344
08/03/2023,MOB,AL,ASO,CE,Combined TRACON& Tower with Radar,18,9,11,73,111,0,0,16,45,61,18,9,27,118,172,0,66,66,238
08/04/2023,MOB,AL,ASO,CE,Combined TRACON& Tower with Radar,20,5,7,101,133,0,1,14,48,63,20,6,21,149,196,0,44,44,240
08/05/2023,MOB,AL,ASO,CE,Combined TRACON& Tower with Radar,14,13,6,4,37,0,0,4,13,17,14,13,10,17,54,0,18,18,72
08/06/2023,MOB,AL,ASO,CE,Combined TRACON& Tower with Radar,16,8,4,40,68,0,0,3,17,20,16,8,7,57,88,0,10,10,98
08/07/2023,MOB,AL,ASO,CE,Combined TRACON& Tower with Radar,12,9,12,84,117,0,0,9,39,48,12,9,21,123,165,0,22,22,187
08/08/2023,MOB,AL,ASO,CE,Combined TRACON& Tower with Radar,17,6,10,69,102,0,1,9,40,50,17,7,19,109,152,0,0,0,152
08/09/2023,MOB,AL,ASO,CE,Combined TRACON& Tower with Radar,16,8,18,99,141,0,0,6,41,47,16,8,24,140,188,0,14,14,202
08/10/2023,MOB,AL,ASO,CE,Combined TRACON& Tower with Radar,15,6,11,112,144,0,0,11,42,53,15,6,22,154,197,1,40,41,238
08/11/2023,MOB,AL,ASO,CE,Combined TRACON& Tower with Radar,16,6,12,66,100,0,1,12,38,51,16,7,24,104,151,0,36,36,187
08/12/2023,MOB,AL,ASO,CE,Combined TRACON& Tower with Radar,14,4,5,8,31,0,0,7,14,21,14,4,12,22,52,0,22,22,74
08/13/2023,MOB,AL,ASO,CE,Combined TRACON& Tower with Radar,19,6,8,32,65,0,0,4,11,15,19,6,12,43,80,0,28,28,108
08/14/2023,MOB,AL,ASO,CE,Combined TRACON& Tower with Radar,16,12,11,127,166,0,0,5,32,37,16,12,16,159,203,0,70,70,273
08/15/2023,MOB,AL,ASO,CE,Combined TRACON& Tower with Radar,19,5,7,56,87,0,0,6,37,43,19,5,13,93,130,8,10,18,148
08/16/2023,MOB,AL,ASO,CE,Combined TRACON& Tower with Radar,20,11,17,91,139,0,0,9,29,38,20,11,26,120,177,0,60,60,237
08/17/2023,MOB,AL,ASO,CE,Combined TRACON& Tower with Radar,19,8,8,67,102,0,0,17,38,55,19,8,25,105,157,4,20,24,181
08/18/2023,MOB,AL,ASO,CE,Combined TRACON& Tower with Radar,18,7,16,75,116,0,2,15,40,57,18,9,31,115,173,0,68,68,241
08/19/2023,MOB,AL,ASO,CE,Combined TRACON& Tower with Radar,14,11,6,12,43,0,2,13,10,25,14,13,19,22,68,0,22,22,90
08/20/2023,MOB,AL,ASO,CE,Combined TRACON& Tower with Radar,15,7,9,46,77,0,0,17,14,31,15,7,26,60,108,0,8,8,116
08/21/2023,MOB,AL,ASO,CE,Combined TRACON& Tower with Radar,18,8,13,92,131,0,0,12,38,50,18,8,25,130,181,0,48,48,229
08/22/2023,MOB,AL,ASO,CE,Combined TRACON& Tower with Radar,20,7,8,72,107,0,0,11,34,45,20,7,19,106,152,8,8,16,168
08/23/2023,MOB,AL,ASO,CE,Combined TRACON& Tower with Radar,16,6,10,78,110,0,0,22,36,58,16,6,32,114,168,22,88,110,278
08/24/2023,MOB,AL,ASO,CE,Combined TRACON& Tower with Radar,15,8,16,49,88,0,0,21,33,54,15,8,37,82,142,14,2,16,158
08/25/2023,MOB,AL,ASO,CE,Combined TRACON& Tower with Radar,16,9,16,75,116,0,1,18,32,51,16,10,34,107,167,26,4,30,197
08/26/2023,MOB,AL,ASO,CE,Combined TRACON& Tower with Radar,14,9,13,14,50,0,1,20,4,25,14,10,33,18,75,0,0,0,75
08/27/2023,MOB,AL,ASO,CE,Combined TRACON& Tower with Radar,16,5,19,28,68,0,0,13,14,27,16,5,32,42,95,6,0,6,101
08/28/2023,MOB,AL,ASO,CE,Combined TRACON& Tower with Radar,14,11,9,11,45,0,0,7,17,24,14,11,16,28,69,0,28,28,97
08/29/2023,MOB,AL,ASO,CE,Combined TRACON& Tower with Radar,15,7,11,39,72,0,0,6,33,39,15,7,17,72,111,28,18,46,157
08/30/2023,MOB,AL,ASO,CE,Combined TRACON& Tower with Radar,14,15,9,85,123,0,1,3,25,29,14,16,12,110,152,0,52,52,204
08/31/2023,MOB,AL,ASO,CE,Combined TRACON& Tower with Radar,19,6,22,75,122,0,0,19,31,50,19,6,41,106,172,10,16,26,198
