01/01/2020,MOD,CA,AWP,WE,Federal Contract Tower,0,2,4,0,6,0,23,29,0,52,0,25,33,0,58,22,0,22,80
01/02/2020,MOD,CA,AWP,WE,Federal Contract Tower,0,9,25,0,34,0,14,19,0,33,0,23,44,0,67,42,0,42,109
01/03/2020,MOD,CA,AWP,WE,Federal Contract Tower,0,5,12,0,17,0,23,18,0,41,0,28,30,0,58,6,0,6,64
01/04/2020,MOD,CA,AWP,WE,Federal Contract Tower,0,10,18,0,28,0,17,24,0,41,0,27,42,0,69,16,0,16,85
01/05/2020,MOD,CA,AWP,WE,Federal Contract Tower,0,1,11,0,12,0,4,19,0,23,0,5,30,0,35,4,0,4,39
01/06/2020,MOD,CA,AWP,WE,Federal Contract Tower,0,2,23,0,25,0,7,25,2,34,0,9,48,2,59,10,0,10,69
01/07/2020,MOD,CA,AWP,WE,Federal Contract Tower,0,10,9,0,19,0,0,0,0,0,0,10,9,0,19,0,0,0,19
01/08/2020,MOD,CA,AWP,WE,Federal Contract Tower,0,12,18,3,33,0,5,3,0,8,0,17,21,3,41,2,8,10,51
01/09/2020,MOD,CA,AWP,WE,Federal Contract Tower,0,18,18,1,37,0,10,3,1,14,0,28,21,2,51,0,0,0,51
01/10/2020,MOD,CA,AWP,WE,Federal Contract Tower,0,9,28,2,39,0,7,30,0,37,0,16,58,2,76,30,0,30,106
01/11/2020,MOD,CA,AWP,WE,Federal Contract Tower,0,1,29,0,30,0,4,47,0,51,0,5,76,0,81,76,0,76,157
01/12/2020,MOD,CA,AWP,WE,Federal Contract Tower,0,2,19,0,21,0,17,47,0,64,0,19,66,0,85,84,0,84,169
01/13/2020,MOD,CA,AWP,WE,Federal Contract Tower,0,6,19,0,25,1,16,28,0,45,1,22,47,0,70,20,0,20,90
01/14/2020,MOD,CA,AWP,WE,Federal Contract Tower,0,15,27,0,42,0,11,45,0,56,0,26,72,0,98,50,0,50,148
01/15/2020,MOD,CA,AWP,WE,Federal Contract Tower,0,5,21,0,26,0,12,19,0,31,0,17,40,0,57,14,0,14,71
01/16/2020,MOD,CA,AWP,WE,Federal Contract Tower,0,14,2,0,16,0,4,2,0,6,0,18,4,0,22,8,0,8,30
01/17/2020,MOD,CA,AWP,WE,Federal Contract Tower,2,16,19,0,37,0,68,23,0,91,2,84,42,0,128,52,0,52,180
01/18/2020,MOD,CA,AWP,WE,Federal Contract Tower,0,10,22,0,32,0,1,2,0,3,0,11,24,0,35,2,0,2,37
01/19/2020,MOD,CA,AWP,WE,Federal Contract Tower,0,19,28,0,47,0,1,0,0,1,0,20,28,0,48,0,0,0,48
01/20/2020,MOD,CA,AWP,WE,Federal Contract Tower,0,14,27,0,41,0,13,6,0,19,0,27,33,0,60,6,0,6,66
01/21/2020,MOD,CA,AWP,WE,Federal Contract Tower,2,16,36,3,57,0,2,20,1,23,2,18,56,4,80,20,6,26,106
01/22/2020,MOD,CA,AWP,WE,Federal Contract Tower,0,12,31,0,43,0,12,19,0,31,0,24,50,0,74,21,8,29,103
01/23/2020,MOD,CA,AWP,WE,Federal Contract Tower,0,6,22,0,28,0,21,17,0,38,0,27,39,0,66,16,0,16,82
01/24/2020,MOD,CA,AWP,WE,Federal Contract Tower,0,7,34,0,41,0,30,47,0,77,0,37,81,0,118,30,0,30,148
01/25/2020,MOD,CA,AWP,WE,Federal Contract Tower,0,4,35,0,39,0,19,7,0,26,0,23,42,0,65,10,0,10,75
01/26/2020,MOD,CA,AWP,WE,Federal Contract Tower,0,6,36,0,42,0,5,16,0,21,0,11,52,0,63,4,0,4,67
01/27/2020,MOD,CA,AWP,WE,Federal Contract Tower,0,12,35,2,49,0,12,66,0,78,0,24,101,2,127,40,0,40,167
01/28/2020,MOD,CA,AWP,WE,Federal Contract Tower,0,9,27,0,36,0,5,46,0,51,0,14,73,0,87,36,0,36,123
01/29/2020,MOD,CA,AWP,WE,Federal Contract Tower,0,15,52,0,67,0,17,52,0,69,0,32,104,0,136,10,0,10,146
01/30/2020,MOD,CA,AWP,WE,Federal Contract Tower,0,6,39,0,45,0,9,27,0,36,0,15,66,0,81,20,0,20,101
01/31/2020,MOD,CA,AWP,WE,Federal Contract Tower,0,13,34,0,47,0,13,48,0,61,0,26,82,0,108,20,0,20,128
02/01/2020,MOD,CA,AWP,WE,Federal Contract Tower,0,4,24,0,28,0,23,43,0,66,0,27,67,0,94,52,0,52,146
02/02/2020,MOD,CA,AWP,WE,Federal Contract Tower,0,12,11,0,23,0,8,3,0,11,0,20,14,0,34,0,0,0,34
02/03/2020,MOD,CA,AWP,WE,Federal Contract Tower,0,5,7,0,12,0,11,17,0,28,0,16,24,0,40,0,0,0,40
02/04/2020,MOD,CA,AWP,WE,Federal Contract Tower,0,7,27,0,34,0,8,62,0,70,0,15,89,0,104,18,0,18,122
02/05/2020,MOD,CA,AWP,WE,Federal Contract Tower,0,4,21,0,25,0,18,59,0,77,0,22,80,0,102,19,0,19,121
02/06/2020,MOD,CA,AWP,WE,Federal Contract Tower,0,3,24,2,29,0,9,60,0,69,0,12,84,2,98,18,0,18,116
02/07/2020,MOD,CA,AWP,WE,Federal Contract Tower,0,3,41,0,44,0,20,87,0,107,0,23,128,0,151,38,0,38,189
02/08/2020,MOD,CA,AWP,WE,Federal Contract Tower,0,1,44,0,45,0,19,78,0,97,0,20,122,0,142,34,0,34,176
02/09/2020,MOD,CA,AWP,WE,Federal Contract Tower,0,4,5,0,9,0,9,6,0,15,0,13,11,0,24,0,0,0,24
02/10/2020,MOD,CA,AWP,WE,Federal Contract Tower,0,1,31,1,33,0,17,51,1,69,0,18,82,2,102,86,6,92,194
02/11/2020,MOD,CA,AWP,WE,Federal Contract Tower,0,4,25,0,29,0,14,70,0,84,0,18,95,0,113,84,0,84,197
02/12/2020,MOD,CA,AWP,WE,Federal Contract Tower,0,6,36,0,42,0,13,84,0,97,0,19,120,0,139,4,0,4,143
02/13/2020,MOD,CA,AWP,WE,Federal Contract Tower,0,9,35,0,44,0,18,66,0,84,0,27,101,0,128,24,0,24,152
02/14/2020,MOD,CA,AWP,WE,Federal Contract Tower,0,10,11,0,21,0,23,66,0,89,0,33,77,0,110,8,0,8,118
02/15/2020,MOD,CA,AWP,WE,Federal Contract Tower,0,6,12,0,18,0,33,52,0,85,0,39,64,0,103,50,0,50,153
02/16/2020,MOD,CA,AWP,WE,Federal Contract Tower,0,3,22,0,25,0,14,32,0,46,0,17,54,0,71,32,0,32,103
02/17/2020,MOD,CA,AWP,WE,Federal Contract Tower,0,5,41,0,46,0,19,47,0,66,0,24,88,0,112,10,0,10,122
02/18/2020,MOD,CA,AWP,WE,Federal Contract Tower,0,3,23,0,26,0,8,95,0,103,0,11,118,0,129,50,0,50,179
02/19/2020,MOD,CA,AWP,WE,Federal Contract Tower,0,10,30,0,40,0,19,53,0,72,0,29,83,0,112,29,0,29,141
02/20/2020,MOD,CA,AWP,WE,Federal Contract Tower,0,4,22,0,26,0,21,61,0,82,0,25,83,0,108,34,0,34,142
02/21/2020,MOD,CA,AWP,WE,Federal Contract Tower,0,8,32,0,40,0,12,78,0,90,0,20,110,0,130,16,0,16,146
02/22/2020,MOD,CA,AWP,WE,Federal Contract Tower,0,5,20,0,25,0,15,51,0,66,0,20,71,0,91,22,0,22,113
02/23/2020,MOD,CA,AWP,WE,Federal Contract Tower,0,5,32,0,37,0,28,38,0,66,0,33,70,0,103,8,0,8,111
02/24/2020,MOD,CA,AWP,WE,Federal Contract Tower,0,9,23,4,36,0,11,44,0,55,0,20,67,4,91,45,0,45,136
02/25/2020,MOD,CA,AWP,WE,Federal Contract Tower,0,5,25,0,30,0,27,71,0,98,0,32,96,0,128,49,4,53,181
02/26/2020,MOD,CA,AWP,WE,Federal Contract Tower,0,4,29,0,33,0,8,59,2,69,0,12,88,2,102,62,0,62,164
02/27/2020,MOD,CA,AWP,WE,Federal Contract Tower,0,4,25,0,29,0,21,68,0,89,0,25,93,0,118,28,0,28,146
02/28/2020,MOD,CA,AWP,WE,Federal Contract Tower,0,6,22,0,28,0,20,61,0,81,0,26,83,0,109,10,0,10,119
02/29/2020,MOD,CA,AWP,WE,Federal Contract Tower,0,6,16,0,22,0,26,57,0,83,0,32,73,0,105,50,0,50,155
03/01/2020,MOD,CA,AWP,WE,Federal Contract Tower,0,3,13,0,16,0,10,30,0,40,0,13,43,0,56,28,0,28,84
03/02/2020,MOD,CA,AWP,WE,Federal Contract Tower,0,2,12,0,14,0,9,24,0,33,0,11,36,0,47,12,0,12,59
03/03/2020,MOD,CA,AWP,WE,Federal Contract Tower,0,6,38,2,46,0,20,61,0,81,0,26,99,2,127,22,0,22,149
03/04/2020,MOD,CA,AWP,WE,Federal Contract Tower,0,37,0,0,37,0,13,64,0,77,0,50,64,0,114,42,0,42,156
03/05/2020,MOD,CA,AWP,WE,Federal Contract Tower,0,7,50,0,57,0,24,49,0,73,0,31,99,0,130,40,0,40,170
03/06/2020,MOD,CA,AWP,WE,Federal Contract Tower,0,3,24,0,27,0,28,62,2,92,0,31,86,2,119,28,0,28,147
03/07/2020,MOD,CA,AWP,WE,Federal Contract Tower,0,3,27,0,30,0,15,20,0,35,0,18,47,0,65,6,0,6,71
03/08/2020,MOD,CA,AWP,WE,Federal Contract Tower,0,3,15,0,18,0,19,19,2,40,0,22,34,2,58,58,0,58,116
03/09/2020,MOD,CA,AWP,WE,Federal Contract Tower,0,2,24,0,26,0,20,51,0,71,0,22,75,0,97,18,0,18,115
03/10/2020,MOD,CA,AWP,WE,Federal Contract Tower,0,4,15,0,19,12,0,46,2,60,12,4,61,2,79,18,0,18,97
03/11/2020,MOD,CA,AWP,WE,Federal Contract Tower,1,4,36,0,41,17,0,82,2,101,18,4,118,2,142,51,0,51,193
03/12/2020,MOD,CA,AWP,WE,Federal Contract Tower,0,6,35,0,41,0,20,50,2,72,0,26,85,2,113,28,0,28,141
03/13/2020,MOD,CA,AWP,WE,Federal Contract Tower,0,4,13,0,17,0,23,43,2,68,0,27,56,2,85,16,0,16,101
03/14/2020,MOD,CA,AWP,WE,Federal Contract Tower,0,7,7,0,14,0,19,19,0,38,0,26,26,0,52,6,0,6,58
03/15/2020,MOD,CA,AWP,WE,Federal Contract Tower,0,5,5,0,10,0,3,3,0,6,0,8,8,0,16,0,0,0,16
03/16/2020,MOD,CA,AWP,WE,Federal Contract Tower,0,10,7,0,17,0,2,2,0,4,0,12,9,0,21,18,0,18,39
03/17/2020,MOD,CA,AWP,WE,Federal Contract Tower,0,5,7,0,12,0,15,11,0,26,0,20,18,0,38,15,0,15,53
03/18/2020,MOD,CA,AWP,WE,Federal Contract Tower,0,3,5,0,8,0,6,26,0,32,0,9,31,0,40,34,0,34,74
03/19/2020,MOD,CA,AWP,WE,Federal Contract Tower,0,2,18,2,22,0,9,24,1,34,0,11,42,3,56,24,2,26,82
03/20/2020,MOD,CA,AWP,WE,Federal Contract Tower,0,1,11,0,12,0,13,23,0,36,0,14,34,0,48,18,0,18,66
03/21/2020,MOD,CA,AWP,WE,Federal Contract Tower,0,2,6,0,8,0,10,16,0,26,0,12,22,0,34,38,0,38,72
03/22/2020,MOD,CA,AWP,WE,Federal Contract Tower,0,1,4,0,5,0,3,23,0,26,0,4,27,0,31,0,0,0,31
03/23/2020,MOD,CA,AWP,WE,Federal Contract Tower,0,5,3,0,8,0,10,7,4,21,0,15,10,4,29,2,0,2,31
03/24/2020,MOD,CA,AWP,WE,Federal Contract Tower,0,4,7,0,11,0,9,12,0,21,0,13,19,0,32,4,0,4,36
03/25/2020,MOD,CA,AWP,WE,Federal Contract Tower,0,0,6,1,7,0,12,14,1,27,0,12,20,2,34,6,0,6,40
03/26/2020,MOD,CA,AWP,WE,Federal Contract Tower,0,5,17,0,22,0,12,15,0,27,0,17,32,0,49,8,0,8,57
03/27/2020,MOD,CA,AWP,WE,Federal Contract Tower,0,1,30,0,31,0,11,31,0,42,0,12,61,0,73,12,0,12,85
03/28/2020,MOD,CA,AWP,WE,Federal Contract Tower,0,2,22,0,24,0,25,5,0,30,0,27,27,0,54,20,0,20,74
03/29/2020,MOD,CA,AWP,WE,Federal Contract Tower,0,0,15,0,15,0,4,11,0,15,0,4,26,0,30,6,0,6,36
03/30/2020,MOD,CA,AWP,WE,Federal Contract Tower,0,5,7,0,12,0,6,19,0,25,0,11,26,0,37,18,0,18,55
03/31/2020,MOD,CA,AWP,WE,Federal Contract Tower,0,5,14,0,19,0,13,17,0,30,0,18,31,0,49,12,0,12,61
04/01/2020,MOD,CA,AWP,WE,Federal Contract Tower,0,2,8,2,12,0,17,21,0,38,0,19,29,2,50,7,0,7,57
04/03/2020,MOD,CA,AWP,WE,Federal Contract Tower,0,6,13,0,19,0,15,30,0,45,0,21,43,0,64,2,0,2,66
04/04/2020,MOD,CA,AWP,WE,Federal Contract Tower,0,5,11,0,16,0,17,9,0,26,0,22,20,0,42,4,0,4,46
04/05/2020,MOD,CA,AWP,WE,Federal Contract Tower,0,5,0,0,5,0,0,0,0,0,0,5,0,0,5,0,0,0,5
04/06/2020,MOD,CA,AWP,WE,Federal Contract Tower,0,2,18,0,20,0,1,8,0,9,0,3,26,0,29,2,0,2,31
04/07/2020,MOD,CA,AWP,WE,Federal Contract Tower,0,12,23,0,35,0,18,33,0,51,0,30,56,0,86,16,0,16,102
04/08/2020,MOD,CA,AWP,WE,Federal Contract Tower,0,8,27,0,35,0,11,37,0,48,0,19,64,0,83,32,0,32,115
04/11/2020,MOD,CA,AWP,WE,Federal Contract Tower,0,2,21,0,23,0,9,26,0,35,0,11,47,0,58,26,0,26,84
04/12/2020,MOD,CA,AWP,WE,Federal Contract Tower,0,1,33,0,34,0,17,29,0,46,0,18,62,0,80,14,0,14,94
04/13/2020,MOD,CA,AWP,WE,Federal Contract Tower,0,7,28,0,35,0,29,37,0,66,0,36,65,0,101,20,0,20,121
04/14/2020,MOD,CA,AWP,WE,Federal Contract Tower,0,0,16,2,18,0,15,38,0,53,0,15,54,2,71,44,0,44,115
04/15/2020,MOD,CA,AWP,WE,Federal Contract Tower,0,3,29,0,32,0,12,50,5,67,0,15,79,5,99,66,0,66,165
04/16/2020,MOD,CA,AWP,WE,Federal Contract Tower,0,2,15,0,17,0,19,14,0,33,0,21,29,0,50,26,0,26,76
04/17/2020,MOD,CA,AWP,WE,Federal Contract Tower,0,6,18,0,24,0,12,28,0,40,0,18,46,0,64,2,0,2,66
04/18/2020,MOD,CA,AWP,WE,Federal Contract Tower,0,0,4,0,4,0,19,23,0,42,0,19,27,0,46,18,0,18,64
04/19/2020,MOD,CA,AWP,WE,Federal Contract Tower,0,3,14,0,17,0,20,46,0,66,0,23,60,0,83,38,0,38,121
04/20/2020,MOD,CA,AWP,WE,Federal Contract Tower,0,9,17,0,26,0,20,15,2,37,0,29,32,2,63,12,0,12,75
04/21/2020,MOD,CA,AWP,WE,Federal Contract Tower,0,1,20,0,21,0,13,41,0,54,0,14,61,0,75,18,0,18,93
04/22/2020,MOD,CA,AWP,WE,Federal Contract Tower,0,5,14,0,19,0,22,39,0,61,0,27,53,0,80,71,0,71,151
04/23/2020,MOD,CA,AWP,WE,Federal Contract Tower,0,7,6,0,13,0,23,35,0,58,0,30,41,0,71,28,0,28,99
04/24/2020,MOD,CA,AWP,WE,Federal Contract Tower,0,2,13,0,15,0,16,32,0,48,0,18,45,0,63,8,0,8,71
04/25/2020,MOD,CA,AWP,WE,Federal Contract Tower,0,3,16,0,19,0,15,38,0,53,0,18,54,0,72,68,0,68,140
04/26/2020,MOD,CA,AWP,WE,Federal Contract Tower,0,2,19,0,21,0,14,43,0,57,0,16,62,0,78,12,0,12,90
04/27/2020,MOD,CA,AWP,WE,Federal Contract Tower,0,5,16,2,23,0,9,16,0,25,0,14,32,2,48,22,0,22,70
04/28/2020,MOD,CA,AWP,WE,Federal Contract Tower,0,3,20,2,25,0,12,32,0,44,0,15,52,2,69,18,0,18,87
04/29/2020,MOD,CA,AWP,WE,Federal Contract Tower,0,0,7,0,7,0,13,30,0,43,0,13,37,0,50,6,0,6,56
04/30/2020,MOD,CA,AWP,WE,Federal Contract Tower,0,5,16,0,21,0,24,57,0,81,0,29,73,0,102,42,0,42,144
05/01/2020,MOD,CA,AWP,WE,Federal Contract Tower,0,2,33,0,35,0,8,55,0,63,0,10,88,0,98,50,0,50,148
05/02/2020,MOD,CA,AWP,WE,Federal Contract Tower,0,4,14,0,18,0,16,33,0,49,0,20,47,0,67,16,0,16,83
05/03/2020,MOD,CA,AWP,WE,Federal Contract Tower,0,1,22,0,23,0,14,34,0,48,0,15,56,0,71,12,0,12,83
05/04/2020,MOD,CA,AWP,WE,Federal Contract Tower,0,0,18,0,18,0,15,44,0,59,0,15,62,0,77,20,0,20,97
05/05/2020,MOD,CA,AWP,WE,Federal Contract Tower,0,1,16,0,17,0,16,45,0,61,0,17,61,0,78,44,0,44,122
05/06/2020,MOD,CA,AWP,WE,Federal Contract Tower,0,0,8,2,10,0,9,37,0,46,0,9,45,2,56,16,0,16,72
05/07/2020,MOD,CA,AWP,WE,Federal Contract Tower,0,18,0,0,18,0,10,61,0,71,0,28,61,0,89,46,0,46,135
05/08/2020,MOD,CA,AWP,WE,Federal Contract Tower,0,4,15,0,19,0,26,51,0,77,0,30,66,0,96,32,0,32,128
05/09/2020,MOD,CA,AWP,WE,Federal Contract Tower,0,5,11,0,16,0,7,39,5,51,0,12,50,5,67,38,0,38,105
05/10/2020,MOD,CA,AWP,WE,Federal Contract Tower,0,0,5,0,5,0,28,33,0,61,0,28,38,0,66,64,0,64,130
05/11/2020,MOD,CA,AWP,WE,Federal Contract Tower,0,3,7,2,12,0,16,23,0,39,0,19,30,2,51,30,0,30,81
05/12/2020,MOD,CA,AWP,WE,Federal Contract Tower,0,1,8,0,9,0,27,25,0,52,0,28,33,0,61,30,0,30,91
05/13/2020,MOD,CA,AWP,WE,Federal Contract Tower,0,8,10,0,18,0,23,45,0,68,0,31,55,0,86,48,0,48,134
05/14/2020,MOD,CA,AWP,WE,Federal Contract Tower,0,8,10,0,18,0,19,37,0,56,0,27,47,0,74,34,0,34,108
05/15/2020,MOD,CA,AWP,WE,Federal Contract Tower,0,3,22,0,25,0,14,46,0,60,0,17,68,0,85,16,0,16,101
05/16/2020,MOD,CA,AWP,WE,Federal Contract Tower,0,5,9,0,14,0,18,58,0,76,0,23,67,0,90,50,0,50,140
05/17/2020,MOD,CA,AWP,WE,Federal Contract Tower,0,2,5,0,7,0,11,10,0,21,0,13,15,0,28,6,0,6,34
05/18/2020,MOD,CA,AWP,WE,Federal Contract Tower,0,7,14,0,21,0,8,4,0,12,0,15,18,0,33,16,0,16,49
05/19/2020,MOD,CA,AWP,WE,Federal Contract Tower,0,6,25,0,31,0,11,44,0,55,0,17,69,0,86,56,0,56,142
05/20/2020,MOD,CA,AWP,WE,Federal Contract Tower,0,0,20,0,20,0,20,48,0,68,0,20,68,0,88,36,0,36,124
05/21/2020,MOD,CA,AWP,WE,Federal Contract Tower,0,6,25,0,31,0,26,65,0,91,0,32,90,0,122,48,0,48,170
05/22/2020,MOD,CA,AWP,WE,Federal Contract Tower,0,1,19,0,20,0,15,63,0,78,0,16,82,0,98,58,0,58,156
05/23/2020,MOD,CA,AWP,WE,Federal Contract Tower,0,3,22,0,25,0,18,39,0,57,0,21,61,0,82,24,0,24,106
05/24/2020,MOD,CA,AWP,WE,Federal Contract Tower,0,2,8,0,10,0,24,42,0,66,0,26,50,0,76,8,0,8,84
05/25/2020,MOD,CA,AWP,WE,Federal Contract Tower,0,0,16,0,16,0,29,45,0,74,0,29,61,0,90,22,0,22,112
05/26/2020,MOD,CA,AWP,WE,Federal Contract Tower,0,3,28,0,31,0,17,37,0,54,0,20,65,0,85,28,0,28,113
05/27/2020,MOD,CA,AWP,WE,Federal Contract Tower,0,4,23,2,29,0,10,31,0,41,0,14,54,2,70,9,0,9,79
05/28/2020,MOD,CA,AWP,WE,Federal Contract Tower,0,2,30,0,32,0,26,21,0,47,0,28,51,0,79,10,0,10,89
05/29/2020,MOD,CA,AWP,WE,Federal Contract Tower,0,2,14,0,16,0,18,49,0,67,0,20,63,0,83,32,0,32,115
05/30/2020,MOD,CA,AWP,WE,Federal Contract Tower,0,3,22,0,25,0,19,30,0,49,0,22,52,0,74,13,0,13,87
05/31/2020,MOD,CA,AWP,WE,Federal Contract Tower,0,4,25,2,31,0,21,63,0,84,0,25,88,2,115,20,0,20,135
06/01/2020,MOD,CA,AWP,WE,Federal Contract Tower,0,4,13,0,17,0,16,46,2,64,0,20,59,2,81,10,0,10,91
06/02/2020,MOD,CA,AWP,WE,Federal Contract Tower,0,3,7,0,10,0,12,39,0,51,0,15,46,0,61,6,0,6,67
06/03/2020,MOD,CA,AWP,WE,Federal Contract Tower,0,1,31,0,32,0,20,46,0,66,0,21,77,0,98,34,0,34,132
06/04/2020,MOD,CA,AWP,WE,Federal Contract Tower,0,7,18,0,25,0,22,33,0,55,0,29,51,0,80,44,0,44,124
06/05/2020,MOD,CA,AWP,WE,Federal Contract Tower,0,1,16,0,17,0,10,27,0,37,0,11,43,0,54,18,0,18,72
06/06/2020,MOD,CA,AWP,WE,Federal Contract Tower,0,6,13,0,19,0,16,48,0,64,0,22,61,0,83,38,0,38,121
06/07/2020,MOD,CA,AWP,WE,Federal Contract Tower,0,1,22,0,23,0,21,17,0,38,0,22,39,0,61,10,0,10,71
06/08/2020,MOD,CA,AWP,WE,Federal Contract Tower,0,8,9,0,17,0,10,22,0,32,0,18,31,0,49,6,0,6,55
06/09/2020,MOD,CA,AWP,WE,Federal Contract Tower,0,4,21,2,27,0,19,63,0,82,0,23,84,2,109,8,0,8,117
06/10/2020,MOD,CA,AWP,WE,Federal Contract Tower,0,7,22,0,29,0,19,58,0,77,0,26,80,0,106,34,0,34,140
06/11/2020,MOD,CA,AWP,WE,Federal Contract Tower,0,8,33,0,41,0,25,41,0,66,0,33,74,0,107,32,0,32,139
06/12/2020,MOD,CA,AWP,WE,Federal Contract Tower,0,6,21,0,27,0,9,31,0,40,0,15,52,0,67,4,0,4,71
06/13/2020,MOD,CA,AWP,WE,Federal Contract Tower,0,8,15,0,23,0,26,0,0,26,0,34,15,0,49,4,0,4,53
06/14/2020,MOD,CA,AWP,WE,Federal Contract Tower,0,3,31,0,34,0,18,41,0,59,0,21,72,0,93,1,0,1,94
06/15/2020,MOD,CA,AWP,WE,Federal Contract Tower,0,2,9,0,11,0,23,32,0,55,0,25,41,0,66,16,0,16,82
06/16/2020,MOD,CA,AWP,WE,Federal Contract Tower,0,2,24,0,26,0,15,44,0,59,0,17,68,0,85,24,0,24,109
06/17/2020,MOD,CA,AWP,WE,Federal Contract Tower,0,3,10,0,13,0,16,53,0,69,0,19,63,0,82,35,0,35,117
06/18/2020,MOD,CA,AWP,WE,Federal Contract Tower,0,7,38,0,45,0,22,51,0,73,0,29,89,0,118,50,0,50,168
06/19/2020,MOD,CA,AWP,WE,Federal Contract Tower,0,2,17,0,19,0,15,60,0,75,0,17,77,0,94,28,0,28,122
06/20/2020,MOD,CA,AWP,WE,Federal Contract Tower,0,7,19,0,26,0,14,49,0,63,0,21,68,0,89,62,0,62,151
06/21/2020,MOD,CA,AWP,WE,Federal Contract Tower,0,2,23,0,25,0,24,25,0,49,0,26,48,0,74,8,0,8,82
06/22/2020,MOD,CA,AWP,WE,Federal Contract Tower,0,7,24,0,31,0,15,35,0,50,0,22,59,0,81,22,0,22,103
06/23/2020,MOD,CA,AWP,WE,Federal Contract Tower,0,9,24,0,33,0,21,54,0,75,0,30,78,0,108,4,0,4,112
06/24/2020,MOD,CA,AWP,WE,Federal Contract Tower,0,6,35,0,41,0,16,59,0,75,0,22,94,0,116,12,0,12,128
06/25/2020,MOD,CA,AWP,WE,Federal Contract Tower,0,8,13,0,21,0,17,33,0,50,0,25,46,0,71,78,0,78,149
06/26/2020,MOD,CA,AWP,WE,Federal Contract Tower,0,9,21,0,30,0,22,56,0,78,0,31,77,0,108,48,0,48,156
06/27/2020,MOD,CA,AWP,WE,Federal Contract Tower,0,3,16,0,19,0,34,66,0,100,0,37,82,0,119,28,0,28,147
06/28/2020,MOD,CA,AWP,WE,Federal Contract Tower,0,9,11,0,20,0,13,36,0,49,0,22,47,0,69,110,0,110,179
06/29/2020,MOD,CA,AWP,WE,Federal Contract Tower,0,2,20,0,22,0,20,38,0,58,0,22,58,0,80,62,0,62,142
06/30/2020,MOD,CA,AWP,WE,Federal Contract Tower,0,9,34,0,43,0,12,35,0,47,0,21,69,0,90,38,0,38,128
07/01/2020,MOD,CA,AWP,WE,Federal Contract Tower,0,4,14,0,18,0,11,76,0,87,0,15,90,0,105,58,0,58,163
07/02/2020,MOD,CA,AWP,WE,Federal Contract Tower,0,9,13,0,22,0,24,61,0,85,0,33,74,0,107,28,0,28,135
07/03/2020,MOD,CA,AWP,WE,Federal Contract Tower,0,10,22,0,32,0,13,46,0,59,0,23,68,0,91,32,0,32,123
07/04/2020,MOD,CA,AWP,WE,Federal Contract Tower,0,7,0,0,7,0,23,54,0,77,0,30,54,0,84,46,0,46,130
07/05/2020,MOD,CA,AWP,WE,Federal Contract Tower,0,6,6,0,12,0,23,42,0,65,0,29,48,0,77,8,0,8,85
07/06/2020,MOD,CA,AWP,WE,Federal Contract Tower,0,6,19,0,25,0,26,35,0,61,0,32,54,0,86,14,0,14,100
07/07/2020,MOD,CA,AWP,WE,Federal Contract Tower,0,8,15,0,23,0,27,49,0,76,0,35,64,0,99,30,0,30,129
07/08/2020,MOD,CA,AWP,WE,Federal Contract Tower,0,6,7,0,13,0,12,77,0,89,0,18,84,0,102,34,0,34,136
07/09/2020,MOD,CA,AWP,WE,Federal Contract Tower,0,4,21,0,25,0,15,51,0,66,0,19,72,0,91,48,0,48,139
07/10/2020,MOD,CA,AWP,WE,Federal Contract Tower,0,2,17,0,19,0,28,54,0,82,0,30,71,0,101,26,0,26,127
07/11/2020,MOD,CA,AWP,WE,Federal Contract Tower,0,4,27,0,31,0,14,62,0,76,0,18,89,0,107,14,0,14,121
07/12/2020,MOD,CA,AWP,WE,Federal Contract Tower,0,7,19,0,26,0,20,32,0,52,0,27,51,0,78,30,0,30,108
07/13/2020,MOD,CA,AWP,WE,Federal Contract Tower,0,4,26,2,32,0,29,29,0,58,0,33,55,2,90,46,0,46,136
07/14/2020,MOD,CA,AWP,WE,Federal Contract Tower,0,4,41,0,45,0,45,36,0,81,0,49,77,0,126,0,0,0,126
07/15/2020,MOD,CA,AWP,WE,Federal Contract Tower,0,7,26,2,35,0,18,44,0,62,0,25,70,2,97,14,0,14,111
07/16/2020,MOD,CA,AWP,WE,Federal Contract Tower,0,3,12,0,15,0,26,61,0,87,0,29,73,0,102,18,0,18,120
07/17/2020,MOD,CA,AWP,WE,Federal Contract Tower,0,2,15,0,17,0,34,55,0,89,0,36,70,0,106,60,0,60,166
07/18/2020,MOD,CA,AWP,WE,Federal Contract Tower,0,3,23,0,26,0,28,62,0,90,0,31,85,0,116,50,0,50,166
07/19/2020,MOD,CA,AWP,WE,Federal Contract Tower,0,5,7,0,12,0,27,63,0,90,0,32,70,0,102,34,0,34,136
07/20/2020,MOD,CA,AWP,WE,Federal Contract Tower,0,3,14,0,17,0,30,34,0,64,0,33,48,0,81,12,0,12,93
07/21/2020,MOD,CA,AWP,WE,Federal Contract Tower,0,7,42,0,49,0,19,62,2,83,0,26,104,2,132,54,0,54,186
07/22/2020,MOD,CA,AWP,WE,Federal Contract Tower,0,2,5,0,7,0,12,29,0,41,0,14,34,0,48,12,0,12,60
07/23/2020,MOD,CA,AWP,WE,Federal Contract Tower,0,5,17,0,22,0,27,46,0,73,0,32,63,0,95,26,0,26,121
07/24/2020,MOD,CA,AWP,WE,Federal Contract Tower,0,2,38,0,40,0,19,53,0,72,0,21,91,0,112,34,0,34,146
07/25/2020,MOD,CA,AWP,WE,Federal Contract Tower,0,9,29,0,38,0,32,59,0,91,0,41,88,0,129,30,0,30,159
07/26/2020,MOD,CA,AWP,WE,Federal Contract Tower,0,4,33,0,37,0,26,56,0,82,0,30,89,0,119,80,0,80,199
07/27/2020,MOD,CA,AWP,WE,Federal Contract Tower,0,9,15,0,24,0,17,39,4,60,0,26,54,4,84,32,0,32,116
07/28/2020,MOD,CA,AWP,WE,Federal Contract Tower,0,11,18,0,29,0,18,43,0,61,0,29,61,0,90,40,0,40,130
07/29/2020,MOD,CA,AWP,WE,Federal Contract Tower,0,8,5,2,15,0,8,53,0,61,0,16,58,2,76,32,0,32,108
07/30/2020,MOD,CA,AWP,WE,Federal Contract Tower,0,3,13,0,16,0,11,40,0,51,0,14,53,0,67,16,0,16,83
07/31/2020,MOD,CA,AWP,WE,Federal Contract Tower,0,5,27,0,32,0,20,54,0,74,0,25,81,0,106,86,0,86,192
08/01/2020,MOD,CA,AWP,WE,Federal Contract Tower,0,2,7,0,9,0,24,32,0,56,0,26,39,0,65,28,0,28,93
08/02/2020,MOD,CA,AWP,WE,Federal Contract Tower,0,5,12,0,17,0,35,40,0,75,0,40,52,0,92,10,0,10,102
08/03/2020,MOD,CA,AWP,WE,Federal Contract Tower,0,5,9,0,14,0,9,49,0,58,0,14,58,0,72,50,0,50,122
08/04/2020,MOD,CA,AWP,WE,Federal Contract Tower,0,4,19,0,23,0,30,47,0,77,0,34,66,0,100,48,0,48,148
08/05/2020,MOD,CA,AWP,WE,Federal Contract Tower,0,9,31,0,40,0,18,41,0,59,0,27,72,0,99,2,0,2,101
08/06/2020,MOD,CA,AWP,WE,Federal Contract Tower,0,9,20,0,29,0,21,46,0,67,0,30,66,0,96,36,0,36,132
08/07/2020,MOD,CA,AWP,WE,Federal Contract Tower,0,5,13,0,18,0,20,68,0,88,0,25,81,0,106,42,0,42,148
08/08/2020,MOD,CA,AWP,WE,Federal Contract Tower,0,5,5,0,10,0,14,51,0,65,0,19,56,0,75,30,0,30,105
08/09/2020,MOD,CA,AWP,WE,Federal Contract Tower,0,8,6,0,14,0,14,53,0,67,0,22,59,0,81,18,0,18,99
08/10/2020,MOD,CA,AWP,WE,Federal Contract Tower,0,3,11,0,14,0,9,41,0,50,0,12,52,0,64,48,0,48,112
08/11/2020,MOD,CA,AWP,WE,Federal Contract Tower,0,5,19,0,24,0,12,50,0,62,0,17,69,0,86,50,0,50,136
08/12/2020,MOD,CA,AWP,WE,Federal Contract Tower,0,3,17,0,20,0,15,51,0,66,0,18,68,0,86,48,0,48,134
08/13/2020,MOD,CA,AWP,WE,Federal Contract Tower,0,3,21,0,24,0,31,42,0,73,0,34,63,0,97,48,0,48,145
08/14/2020,MOD,CA,AWP,WE,Federal Contract Tower,0,2,16,0,18,0,20,30,0,50,0,22,46,0,68,10,0,10,78
08/15/2020,MOD,CA,AWP,WE,Federal Contract Tower,0,1,25,0,26,0,12,48,0,60,0,13,73,0,86,18,0,18,104
08/16/2020,MOD,CA,AWP,WE,Federal Contract Tower,0,3,10,0,13,0,24,33,0,57,0,27,43,0,70,6,0,6,76
08/17/2020,MOD,CA,AWP,WE,Federal Contract Tower,0,5,10,0,15,0,19,19,0,38,0,24,29,0,53,12,0,12,65
08/18/2020,MOD,CA,AWP,WE,Federal Contract Tower,0,5,6,0,11,0,14,18,0,32,0,19,24,0,43,22,0,22,65
08/19/2020,MOD,CA,AWP,WE,Federal Contract Tower,0,11,8,0,19,0,13,19,0,32,0,24,27,0,51,4,0,4,55
08/20/2020,MOD,CA,AWP,WE,Federal Contract Tower,0,34,9,0,43,0,5,2,0,7,0,39,11,0,50,4,0,4,54
08/21/2020,MOD,CA,AWP,WE,Federal Contract Tower,0,16,7,0,23,0,0,2,0,2,0,16,9,0,25,0,0,0,25
08/22/2020,MOD,CA,AWP,WE,Federal Contract Tower,0,3,8,0,11,0,5,7,0,12,0,8,15,0,23,6,0,6,29
08/23/2020,MOD,CA,AWP,WE,Federal Contract Tower,0,12,5,0,17,0,13,11,0,24,0,25,16,0,41,8,0,8,49
08/24/2020,MOD,CA,AWP,WE,Federal Contract Tower,0,10,13,2,25,0,0,0,0,0,0,10,13,2,25,0,0,0,25
08/25/2020,MOD,CA,AWP,WE,Federal Contract Tower,0,9,12,0,21,0,18,17,0,35,0,27,29,0,56,2,0,2,58
08/26/2020,MOD,CA,AWP,WE,Federal Contract Tower,0,6,21,0,27,0,16,18,0,34,0,22,39,0,61,38,0,38,99
08/27/2020,MOD,CA,AWP,WE,Federal Contract Tower,0,6,23,0,29,0,18,42,0,60,0,24,65,0,89,56,0,56,145
08/28/2020,MOD,CA,AWP,WE,Federal Contract Tower,0,5,18,0,23,0,19,48,2,69,0,24,66,2,92,56,0,56,148
08/29/2020,MOD,CA,AWP,WE,Federal Contract Tower,0,1,11,0,12,0,17,40,0,57,0,18,51,0,69,16,0,16,85
08/30/2020,MOD,CA,AWP,WE,Federal Contract Tower,0,3,17,0,20,0,21,22,0,43,0,24,39,0,63,0,0,0,63
08/31/2020,MOD,CA,AWP,WE,Federal Contract Tower,0,9,5,0,14,0,18,19,0,37,0,27,24,0,51,36,0,36,87
09/01/2020,MOD,CA,AWP,WE,Federal Contract Tower,0,9,24,0,33,0,10,27,0,37,0,19,51,0,70,20,0,20,90
09/02/2020,MOD,CA,AWP,WE,Federal Contract Tower,0,3,19,0,22,0,9,36,0,45,0,12,55,0,67,22,0,22,89
09/03/2020,MOD,CA,AWP,WE,Federal Contract Tower,0,6,43,0,49,0,36,39,0,75,0,42,82,0,124,48,0,48,172
09/04/2020,MOD,CA,AWP,WE,Federal Contract Tower,0,7,26,0,33,0,35,30,0,65,0,42,56,0,98,32,0,32,130
09/06/2020,MOD,CA,AWP,WE,Federal Contract Tower,0,3,19,0,22,0,6,11,0,17,0,9,30,0,39,10,0,10,49
09/07/2020,MOD,CA,AWP,WE,Federal Contract Tower,0,17,18,0,35,0,15,26,0,41,0,32,44,0,76,8,0,8,84
09/08/2020,MOD,CA,AWP,WE,Federal Contract Tower,0,9,7,0,16,0,3,1,0,4,0,12,8,0,20,0,0,0,20
09/09/2020,MOD,CA,AWP,WE,Federal Contract Tower,0,11,20,0,31,0,5,9,0,14,0,16,29,0,45,14,0,14,59
09/10/2020,MOD,CA,AWP,WE,Federal Contract Tower,0,14,19,0,33,0,3,9,0,12,0,17,28,0,45,4,0,4,49
09/11/2020,MOD,CA,AWP,WE,Federal Contract Tower,0,19,11,0,30,0,3,0,0,3,0,22,11,0,33,2,0,2,35
09/12/2020,MOD,CA,AWP,WE,Federal Contract Tower,0,10,12,0,22,0,2,1,0,3,0,12,13,0,25,0,0,0,25
09/13/2020,MOD,CA,AWP,WE,Federal Contract Tower,0,8,5,0,13,0,0,0,0,0,0,8,5,0,13,0,0,0,13
09/14/2020,MOD,CA,AWP,WE,Federal Contract Tower,0,16,7,2,25,0,0,0,0,0,0,16,7,2,25,0,0,0,25
09/15/2020,MOD,CA,AWP,WE,Federal Contract Tower,0,10,27,8,45,0,9,15,0,24,0,19,42,8,69,6,0,6,75
09/16/2020,MOD,CA,AWP,WE,Federal Contract Tower,0,12,28,0,40,0,9,54,0,63,0,21,82,0,103,56,0,56,159
09/17/2020,MOD,CA,AWP,WE,Federal Contract Tower,0,9,18,0,27,0,18,47,0,65,0,27,65,0,92,76,0,76,168
09/18/2020,MOD,CA,AWP,WE,Federal Contract Tower,0,6,28,0,34,0,18,62,0,80,0,24,90,0,114,56,0,56,170
09/19/2020,MOD,CA,AWP,WE,Federal Contract Tower,0,3,18,0,21,0,23,39,0,62,0,26,57,0,83,46,0,46,129
09/20/2020,MOD,CA,AWP,WE,Federal Contract Tower,0,6,30,0,36,0,18,51,0,69,0,24,81,0,105,52,0,52,157
09/21/2020,MOD,CA,AWP,WE,Federal Contract Tower,0,2,49,0,51,0,28,42,0,70,0,30,91,0,121,140,0,140,261
09/22/2020,MOD,CA,AWP,WE,Federal Contract Tower,0,11,18,0,29,0,26,54,0,80,0,37,72,0,109,72,0,72,181
09/23/2020,MOD,CA,AWP,WE,Federal Contract Tower,0,4,17,0,21,0,14,76,0,90,0,18,93,0,111,60,0,60,171
09/24/2020,MOD,CA,AWP,WE,Federal Contract Tower,0,8,45,0,53,0,23,45,0,68,0,31,90,0,121,52,0,52,173
09/25/2020,MOD,CA,AWP,WE,Federal Contract Tower,0,7,8,0,15,0,36,80,0,116,0,43,88,0,131,16,0,16,147
09/26/2020,MOD,CA,AWP,WE,Federal Contract Tower,0,3,9,0,12,0,11,60,0,71,0,14,69,0,83,44,0,44,127
09/27/2020,MOD,CA,AWP,WE,Federal Contract Tower,0,3,17,0,20,0,22,31,0,53,0,25,48,0,73,8,0,8,81
09/28/2020,MOD,CA,AWP,WE,Federal Contract Tower,0,9,13,0,22,0,21,34,0,55,0,30,47,0,77,52,0,52,129
09/29/2020,MOD,CA,AWP,WE,Federal Contract Tower,0,6,34,0,40,0,8,44,0,52,0,14,78,0,92,6,0,6,98
09/30/2020,MOD,CA,AWP,WE,Federal Contract Tower,0,12,20,0,32,0,7,26,0,33,0,19,46,0,65,16,0,16,81
10/01/2020,MOD,CA,AWP,WE,Federal Contract Tower,0,9,22,0,31,0,14,12,0,26,0,23,34,0,57,16,0,16,73
10/02/2020,MOD,CA,AWP,WE,Federal Contract Tower,0,12,25,0,37,0,2,7,0,9,0,14,32,0,46,2,0,2,48
10/03/2020,MOD,CA,AWP,WE,Federal Contract Tower,0,7,21,0,28,0,10,13,0,23,0,17,34,0,51,8,0,8,59
10/04/2020,MOD,CA,AWP,WE,Federal Contract Tower,0,7,14,0,21,0,17,25,0,42,0,24,39,0,63,30,0,30,93
10/05/2020,MOD,CA,AWP,WE,Federal Contract Tower,0,6,27,0,33,0,17,53,0,70,0,23,80,0,103,22,0,22,125
10/06/2020,MOD,CA,AWP,WE,Federal Contract Tower,0,13,24,0,37,0,19,52,0,71,0,32,76,0,108,32,0,32,140
10/07/2020,MOD,CA,AWP,WE,Federal Contract Tower,0,5,33,0,38,0,26,49,0,75,0,31,82,0,113,2,0,2,115
10/08/2020,MOD,CA,AWP,WE,Federal Contract Tower,0,10,50,0,60,0,18,49,0,67,0,28,99,0,127,60,0,60,187
10/09/2020,MOD,CA,AWP,WE,Federal Contract Tower,0,8,19,0,27,0,31,63,0,94,0,39,82,0,121,36,0,36,157
10/10/2020,MOD,CA,AWP,WE,Federal Contract Tower,0,7,9,0,16,0,22,66,0,88,0,29,75,0,104,56,0,56,160
10/11/2020,MOD,CA,AWP,WE,Federal Contract Tower,0,3,25,0,28,0,14,36,0,50,0,17,61,0,78,16,0,16,94
10/12/2020,MOD,CA,AWP,WE,Federal Contract Tower,0,5,27,0,32,0,22,63,0,85,0,27,90,0,117,42,0,42,159
10/13/2020,MOD,CA,AWP,WE,Federal Contract Tower,0,3,17,0,20,0,18,56,0,74,0,21,73,0,94,32,0,32,126
10/14/2020,MOD,CA,AWP,WE,Federal Contract Tower,0,7,15,0,22,0,13,57,0,70,0,20,72,0,92,64,0,64,156
10/15/2020,MOD,CA,AWP,WE,Federal Contract Tower,0,6,33,4,43,0,16,46,0,62,0,22,79,4,105,52,0,52,157
10/16/2020,MOD,CA,AWP,WE,Federal Contract Tower,0,3,25,0,28,0,29,69,0,98,0,32,94,0,126,30,0,30,156
10/17/2020,MOD,CA,AWP,WE,Federal Contract Tower,0,4,13,0,17,0,20,48,0,68,0,24,61,0,85,40,0,40,125
10/18/2020,MOD,CA,AWP,WE,Federal Contract Tower,0,9,13,0,22,0,25,88,0,113,0,34,101,0,135,16,0,16,151
10/19/2020,MOD,CA,AWP,WE,Federal Contract Tower,0,4,15,2,21,0,27,72,0,99,0,31,87,2,120,40,0,40,160
10/20/2020,MOD,CA,AWP,WE,Federal Contract Tower,0,9,9,0,18,0,27,36,0,63,0,36,45,0,81,38,0,38,119
10/21/2020,MOD,CA,AWP,WE,Federal Contract Tower,0,7,13,0,20,0,14,80,0,94,0,21,93,0,114,50,0,50,164
10/22/2020,MOD,CA,AWP,WE,Federal Contract Tower,0,15,18,0,33,0,12,56,4,72,0,27,74,4,105,22,0,22,127
10/23/2020,MOD,CA,AWP,WE,Federal Contract Tower,0,3,31,0,34,0,14,71,0,85,0,17,102,0,119,28,0,28,147
10/24/2020,MOD,CA,AWP,WE,Federal Contract Tower,0,5,10,0,15,0,13,76,0,89,0,18,86,0,104,38,0,38,142
10/25/2020,MOD,CA,AWP,WE,Federal Contract Tower,0,4,18,0,22,0,13,18,0,31,0,17,36,0,53,12,0,12,65
10/26/2020,MOD,CA,AWP,WE,Federal Contract Tower,0,3,13,0,16,0,21,23,0,44,0,24,36,0,60,20,0,20,80
10/27/2020,MOD,CA,AWP,WE,Federal Contract Tower,0,3,19,0,22,0,21,51,0,72,0,24,70,0,94,22,0,22,116
10/28/2020,MOD,CA,AWP,WE,Federal Contract Tower,0,2,21,2,25,0,23,69,0,92,0,25,90,2,117,66,0,66,183
10/29/2020,MOD,CA,AWP,WE,Federal Contract Tower,0,5,19,0,24,0,30,71,0,101,0,35,90,0,125,60,0,60,185
10/30/2020,MOD,CA,AWP,WE,Federal Contract Tower,0,16,21,0,37,0,23,38,0,61,0,39,59,0,98,58,0,58,156
10/31/2020,MOD,CA,AWP,WE,Federal Contract Tower,0,1,11,0,12,0,14,55,0,69,0,15,66,0,81,42,0,42,123
11/02/2020,MOD,CA,AWP,WE,Federal Contract Tower,0,8,23,0,31,0,31,37,4,72,0,39,60,4,103,78,0,78,181
11/03/2020,MOD,CA,AWP,WE,Federal Contract Tower,0,4,26,0,30,0,16,41,10,67,0,20,67,10,97,76,0,76,173
11/04/2020,MOD,CA,AWP,WE,Federal Contract Tower,0,5,23,0,28,0,15,76,0,91,0,20,99,0,119,28,0,28,147
11/05/2020,MOD,CA,AWP,WE,Federal Contract Tower,0,3,24,0,27,0,26,52,0,78,0,29,76,0,105,44,0,44,149
11/06/2020,MOD,CA,AWP,WE,Federal Contract Tower,0,12,6,0,18,0,32,26,0,58,0,44,32,0,76,10,0,10,86
11/07/2020,MOD,CA,AWP,WE,Federal Contract Tower,0,3,16,0,19,0,20,33,0,53,0,23,49,0,72,38,0,38,110
11/08/2020,MOD,CA,AWP,WE,Federal Contract Tower,0,6,9,0,15,0,21,18,0,39,0,27,27,0,54,34,0,34,88
11/09/2020,MOD,CA,AWP,WE,Federal Contract Tower,0,1,55,0,56,0,24,45,0,69,0,25,100,0,125,46,0,46,171
11/10/2020,MOD,CA,AWP,WE,Federal Contract Tower,0,1,31,0,32,0,29,56,0,85,0,30,87,0,117,58,0,58,175
11/11/2020,MOD,CA,AWP,WE,Federal Contract Tower,0,3,27,0,30,0,14,55,0,69,0,17,82,0,99,118,0,118,217
11/12/2020,MOD,CA,AWP,WE,Federal Contract Tower,0,3,27,2,32,0,18,38,0,56,0,21,65,2,88,62,0,62,150
11/13/2020,MOD,CA,AWP,WE,Federal Contract Tower,0,19,17,0,36,0,29,19,0,48,0,48,36,0,84,6,0,6,90
11/14/2020,MOD,CA,AWP,WE,Federal Contract Tower,0,13,30,0,43,0,13,7,0,20,0,26,37,0,63,6,0,6,69
11/15/2020,MOD,CA,AWP,WE,Federal Contract Tower,0,7,22,0,29,0,28,43,0,71,0,35,65,0,100,74,0,74,174
11/16/2020,MOD,CA,AWP,WE,Federal Contract Tower,0,18,37,0,55,0,20,42,0,62,0,38,79,0,117,30,0,30,147
11/17/2020,MOD,CA,AWP,WE,Federal Contract Tower,0,9,25,0,34,0,6,36,0,42,0,15,61,0,76,22,0,22,98
11/18/2020,MOD,CA,AWP,WE,Federal Contract Tower,0,6,6,0,12,0,4,6,0,10,0,10,12,0,22,24,0,24,46
11/19/2020,MOD,CA,AWP,WE,Federal Contract Tower,0,4,19,0,23,0,12,30,0,42,0,16,49,0,65,28,0,28,93
11/20/2020,MOD,CA,AWP,WE,Federal Contract Tower,0,5,19,0,24,0,17,57,0,74,0,22,76,0,98,87,0,87,185
11/21/2020,MOD,CA,AWP,WE,Federal Contract Tower,0,6,12,0,18,0,26,62,0,88,0,32,74,0,106,34,0,34,140
11/22/2020,MOD,CA,AWP,WE,Federal Contract Tower,0,8,3,0,11,0,11,46,0,57,0,19,49,0,68,30,0,30,98
11/23/2020,MOD,CA,AWP,WE,Federal Contract Tower,0,10,22,0,32,0,17,39,0,56,0,27,61,0,88,48,0,48,136
11/24/2020,MOD,CA,AWP,WE,Federal Contract Tower,0,7,28,0,35,0,20,47,0,67,0,27,75,0,102,46,0,46,148
11/25/2020,MOD,CA,AWP,WE,Federal Contract Tower,0,4,22,0,26,0,10,43,0,53,0,14,65,0,79,32,0,32,111
11/26/2020,MOD,CA,AWP,WE,Federal Contract Tower,0,4,0,0,4,0,13,9,0,22,0,17,9,0,26,0,0,0,26
11/27/2020,MOD,CA,AWP,WE,Federal Contract Tower,0,2,11,0,13,0,17,32,0,49,0,19,43,0,62,24,0,24,86
11/28/2020,MOD,CA,AWP,WE,Federal Contract Tower,0,1,19,0,20,0,13,41,0,54,0,14,60,0,74,32,0,32,106
11/29/2020,MOD,CA,AWP,WE,Federal Contract Tower,0,15,7,0,22,0,18,30,0,48,0,33,37,0,70,48,0,48,118
11/30/2020,MOD,CA,AWP,WE,Federal Contract Tower,0,5,24,0,29,0,22,41,0,63,0,27,65,0,92,16,0,16,108
12/01/2020,MOD,CA,AWP,WE,Federal Contract Tower,0,7,29,0,36,0,15,39,0,54,0,22,68,0,90,54,0,54,144
12/02/2020,MOD,CA,AWP,WE,Federal Contract Tower,0,7,21,1,29,0,9,41,1,51,0,16,62,2,80,14,0,14,94
12/03/2020,MOD,CA,AWP,WE,Federal Contract Tower,0,1,19,0,20,0,11,44,0,55,0,12,63,0,75,70,0,70,145
12/04/2020,MOD,CA,AWP,WE,Federal Contract Tower,0,2,3,0,5,0,16,59,0,75,0,18,62,0,80,36,0,36,116
12/05/2020,MOD,CA,AWP,WE,Federal Contract Tower,0,5,20,0,25,0,18,55,0,73,0,23,75,0,98,42,0,42,140
12/06/2020,MOD,CA,AWP,WE,Federal Contract Tower,0,6,16,0,22,0,18,46,0,64,0,24,62,0,86,36,0,36,122
12/07/2020,MOD,CA,AWP,WE,Federal Contract Tower,0,5,15,0,20,0,18,29,0,47,0,23,44,0,67,12,0,12,79
12/08/2020,MOD,CA,AWP,WE,Federal Contract Tower,0,2,16,0,18,0,10,59,0,69,0,12,75,0,87,58,0,58,145
12/09/2020,MOD,CA,AWP,WE,Federal Contract Tower,0,4,26,0,30,0,14,59,0,73,0,18,85,0,103,38,0,38,141
12/10/2020,MOD,CA,AWP,WE,Federal Contract Tower,0,5,22,0,27,0,19,60,0,79,0,24,82,0,106,32,0,32,138
12/11/2020,MOD,CA,AWP,WE,Federal Contract Tower,0,13,11,0,24,0,20,48,0,68,0,33,59,0,92,8,0,8,100
12/12/2020,MOD,CA,AWP,WE,Federal Contract Tower,0,8,29,0,37,0,6,0,0,6,0,14,29,0,43,0,0,0,43
12/13/2020,MOD,CA,AWP,WE,Federal Contract Tower,0,10,7,0,17,0,0,0,0,0,0,10,7,0,17,0,0,0,17
12/14/2020,MOD,CA,AWP,WE,Federal Contract Tower,0,7,20,0,27,0,9,44,0,53,0,16,64,0,80,32,0,32,112
12/15/2020,MOD,CA,AWP,WE,Federal Contract Tower,0,1,22,0,23,0,9,49,0,58,0,10,71,0,81,4,0,4,85
12/16/2020,MOD,CA,AWP,WE,Federal Contract Tower,0,1,27,0,28,0,6,32,0,38,0,7,59,0,66,18,0,18,84
12/17/2020,MOD,CA,AWP,WE,Federal Contract Tower,0,10,25,0,35,0,15,19,0,34,0,25,44,0,69,32,0,32,101
12/18/2020,MOD,CA,AWP,WE,Federal Contract Tower,0,7,15,0,22,0,18,64,0,82,0,25,79,0,104,54,0,54,158
12/19/2020,MOD,CA,AWP,WE,Federal Contract Tower,0,2,29,0,31,0,11,18,0,29,0,13,47,0,60,8,0,8,68
12/20/2020,MOD,CA,AWP,WE,Federal Contract Tower,0,11,25,0,36,0,2,7,0,9,0,13,32,0,45,12,0,12,57
12/21/2020,MOD,CA,AWP,WE,Federal Contract Tower,0,12,24,0,36,0,0,0,0,0,0,12,24,0,36,0,0,0,36
12/22/2020,MOD,CA,AWP,WE,Federal Contract Tower,0,15,38,0,53,0,3,4,0,7,0,18,42,0,60,4,0,4,64
12/23/2020,MOD,CA,AWP,WE,Federal Contract Tower,0,5,28,0,33,0,3,19,0,22,0,8,47,0,55,18,0,18,73
12/24/2020,MOD,CA,AWP,WE,Federal Contract Tower,0,1,13,0,14,0,5,6,0,11,0,6,19,0,25,4,0,4,29
12/25/2020,MOD,CA,AWP,WE,Federal Contract Tower,0,0,1,0,1,0,11,8,0,19,0,11,9,0,20,0,0,0,20
12/26/2020,MOD,CA,AWP,WE,Federal Contract Tower,0,6,13,0,19,0,22,32,0,54,0,28,45,0,73,36,0,36,109
12/27/2020,MOD,CA,AWP,WE,Federal Contract Tower,0,14,6,0,20,0,16,20,0,36,0,30,26,0,56,0,0,0,56
12/28/2020,MOD,CA,AWP,WE,Federal Contract Tower,0,3,26,0,29,0,14,38,2,54,0,17,64,2,83,54,0,54,137
12/29/2020,MOD,CA,AWP,WE,Federal Contract Tower,0,6,24,0,30,0,10,51,0,61,0,16,75,0,91,52,0,52,143
12/30/2020,MOD,CA,AWP,WE,Federal Contract Tower,0,2,23,0,25,0,7,34,0,41,0,9,57,0,66,14,0,14,80
12/31/2020,MOD,CA,AWP,WE,Federal Contract Tower,0,7,12,0,19,0,20,9,0,29,0,27,21,0,48,2,0,2,50
01/01/2021,MOD,CA,AWP,WE,Federal Contract Tower,0,5,5,0,10,0,20,8,0,28,0,25,13,0,38,4,0,4,42
01/02/2021,MOD,CA,AWP,WE,Federal Contract Tower,0,14,6,0,20,0,17,20,0,37,0,31,26,0,57,60,0,60,117
01/03/2021,MOD,CA,AWP,WE,Federal Contract Tower,0,9,10,0,19,0,26,27,0,53,0,35,37,0,72,8,0,8,80
01/04/2021,MOD,CA,AWP,WE,Federal Contract Tower,0,9,9,0,18,0,13,8,0,21,0,22,17,0,39,10,0,10,49
01/05/2021,MOD,CA,AWP,WE,Federal Contract Tower,0,0,23,0,23,0,11,32,0,43,0,11,55,0,66,44,0,44,110
01/06/2021,MOD,CA,AWP,WE,Federal Contract Tower,0,4,7,0,11,0,15,35,2,52,0,19,42,2,63,6,0,6,69
01/07/2021,MOD,CA,AWP,WE,Federal Contract Tower,0,8,13,0,21,0,14,7,0,21,0,22,20,0,42,10,0,10,52
01/08/2021,MOD,CA,AWP,WE,Federal Contract Tower,0,7,10,0,17,0,16,9,0,25,0,23,19,0,42,8,0,8,50
01/09/2021,MOD,CA,AWP,WE,Federal Contract Tower,0,8,20,0,28,0,30,35,0,65,0,38,55,0,93,88,0,88,181
01/10/2021,MOD,CA,AWP,WE,Federal Contract Tower,0,5,16,0,21,0,10,15,0,25,0,15,31,0,46,6,0,6,52
01/11/2021,MOD,CA,AWP,WE,Federal Contract Tower,0,2,15,0,17,0,10,12,0,22,0,12,27,0,39,10,0,10,49
01/12/2021,MOD,CA,AWP,WE,Federal Contract Tower,0,8,13,0,21,0,9,9,0,18,0,17,22,0,39,42,0,42,81
01/13/2021,MOD,CA,AWP,WE,Federal Contract Tower,0,3,9,0,12,0,9,37,0,46,0,12,46,0,58,12,0,12,70
01/14/2021,MOD,CA,AWP,WE,Federal Contract Tower,0,6,21,0,27,0,7,21,0,28,0,13,42,0,55,20,0,20,75
01/15/2021,MOD,CA,AWP,WE,Federal Contract Tower,0,13,17,0,30,0,14,27,0,41,0,27,44,0,71,4,0,4,75
01/16/2021,MOD,CA,AWP,WE,Federal Contract Tower,0,3,28,0,31,0,10,29,0,39,0,13,57,0,70,42,0,42,112
01/17/2021,MOD,CA,AWP,WE,Federal Contract Tower,0,6,9,0,15,0,26,30,0,56,0,32,39,0,71,8,0,8,79
01/18/2021,MOD,CA,AWP,WE,Federal Contract Tower,0,4,1,0,5,0,9,14,0,23,0,13,15,0,28,8,0,8,36
01/19/2021,MOD,CA,AWP,WE,Federal Contract Tower,0,8,1,0,9,0,7,7,0,14,0,15,8,0,23,10,0,10,33
01/20/2021,MOD,CA,AWP,WE,Federal Contract Tower,0,2,4,0,6,0,11,71,0,82,0,13,75,0,88,74,0,74,162
01/21/2021,MOD,CA,AWP,WE,Federal Contract Tower,0,5,15,0,20,0,21,45,0,66,0,26,60,0,86,54,0,54,140
01/22/2021,MOD,CA,AWP,WE,Federal Contract Tower,0,0,5,0,5,0,14,16,0,30,0,14,21,0,35,0,0,0,35
01/23/2021,MOD,CA,AWP,WE,Federal Contract Tower,0,8,36,0,44,0,13,27,0,40,0,21,63,0,84,18,0,18,102
01/24/2021,MOD,CA,AWP,WE,Federal Contract Tower,0,4,6,0,10,0,14,14,0,28,0,18,20,0,38,8,0,8,46
01/25/2021,MOD,CA,AWP,WE,Federal Contract Tower,0,7,5,0,12,0,23,5,0,28,0,30,10,0,40,8,0,8,48
01/26/2021,MOD,CA,AWP,WE,Federal Contract Tower,0,1,19,2,22,0,15,26,2,43,0,16,45,4,65,10,0,10,75
01/27/2021,MOD,CA,AWP,WE,Federal Contract Tower,0,3,4,0,7,0,2,3,0,5,0,5,7,0,12,0,0,0,12
01/28/2021,MOD,CA,AWP,WE,Federal Contract Tower,0,8,15,0,23,0,6,2,0,8,0,14,17,0,31,0,0,0,31
01/29/2021,MOD,CA,AWP,WE,Federal Contract Tower,0,10,11,0,21,0,20,23,0,43,0,30,34,0,64,12,0,12,76
01/30/2021,MOD,CA,AWP,WE,Federal Contract Tower,0,6,17,0,23,0,10,58,0,68,0,16,75,0,91,76,0,76,167
01/31/2021,MOD,CA,AWP,WE,Federal Contract Tower,0,4,18,0,22,0,20,33,0,53,0,24,51,0,75,24,0,24,99
02/01/2021,MOD,CA,AWP,WE,Federal Contract Tower,0,15,14,0,29,0,21,16,0,37,0,36,30,0,66,32,0,32,98
02/02/2021,MOD,CA,AWP,WE,Federal Contract Tower,0,19,3,0,22,0,6,7,0,13,0,25,10,0,35,12,0,12,47
02/03/2021,MOD,CA,AWP,WE,Federal Contract Tower,0,4,12,2,18,0,14,58,0,72,0,18,70,2,90,44,0,44,134
02/04/2021,MOD,CA,AWP,WE,Federal Contract Tower,0,7,26,0,33,0,13,73,0,86,0,20,99,0,119,40,0,40,159
02/05/2021,MOD,CA,AWP,WE,Federal Contract Tower,0,1,12,0,13,0,38,72,0,110,0,39,84,0,123,30,0,30,153
02/06/2021,MOD,CA,AWP,WE,Federal Contract Tower,0,7,20,0,27,0,13,103,0,116,0,20,123,0,143,88,0,88,231
02/07/2021,MOD,CA,AWP,WE,Federal Contract Tower,0,0,15,0,15,0,24,41,0,65,0,24,56,0,80,32,0,32,112
02/08/2021,MOD,CA,AWP,WE,Federal Contract Tower,0,5,16,0,21,0,13,24,0,37,0,18,40,0,58,34,0,34,92
02/09/2021,MOD,CA,AWP,WE,Federal Contract Tower,0,7,22,2,31,0,28,33,0,61,0,35,55,2,92,40,0,40,132
02/10/2021,MOD,CA,AWP,WE,Federal Contract Tower,0,11,25,0,36,0,5,82,0,87,0,16,107,0,123,38,0,38,161
02/11/2021,MOD,CA,AWP,WE,Federal Contract Tower,0,6,17,0,23,0,17,19,0,36,0,23,36,0,59,8,0,8,67
02/12/2021,MOD,CA,AWP,WE,Federal Contract Tower,0,12,11,0,23,0,24,40,0,64,0,36,51,0,87,44,0,44,131
02/13/2021,MOD,CA,AWP,WE,Federal Contract Tower,0,5,18,0,23,0,9,21,0,30,0,14,39,0,53,36,0,36,89
02/14/2021,MOD,CA,AWP,WE,Federal Contract Tower,0,0,20,0,20,0,24,19,0,43,0,24,39,0,63,14,0,14,77
02/15/2021,MOD,CA,AWP,WE,Federal Contract Tower,0,8,11,0,19,0,14,11,0,25,0,22,22,0,44,8,0,8,52
02/16/2021,MOD,CA,AWP,WE,Federal Contract Tower,0,2,15,2,19,0,15,36,0,51,0,17,51,2,70,6,0,6,76
02/17/2021,MOD,CA,AWP,WE,Federal Contract Tower,0,3,10,0,13,0,9,40,14,63,0,12,50,14,76,30,0,30,106
02/18/2021,MOD,CA,AWP,WE,Federal Contract Tower,0,2,8,0,10,0,29,52,7,88,0,31,60,7,98,46,0,46,144
02/19/2021,MOD,CA,AWP,WE,Federal Contract Tower,0,5,15,0,20,0,22,20,0,42,0,27,35,0,62,8,0,8,70
02/20/2021,MOD,CA,AWP,WE,Federal Contract Tower,0,2,15,0,17,0,14,37,0,51,0,16,52,0,68,6,0,6,74
02/21/2021,MOD,CA,AWP,WE,Federal Contract Tower,0,2,21,0,23,0,16,59,0,75,0,18,80,0,98,44,0,44,142
02/22/2021,MOD,CA,AWP,WE,Federal Contract Tower,0,9,10,0,19,0,20,75,0,95,0,29,85,0,114,56,0,56,170
02/23/2021,MOD,CA,AWP,WE,Federal Contract Tower,0,7,18,0,25,0,19,37,0,56,0,26,55,0,81,22,0,22,103
02/24/2021,MOD,CA,AWP,WE,Federal Contract Tower,0,4,11,0,15,0,10,30,0,40,0,14,41,0,55,4,0,4,59
02/25/2021,MOD,CA,AWP,WE,Federal Contract Tower,0,8,43,0,51,0,33,43,0,76,0,41,86,0,127,28,0,28,155
02/26/2021,MOD,CA,AWP,WE,Federal Contract Tower,0,8,24,0,32,0,22,72,0,94,0,30,96,0,126,30,0,30,156
02/27/2021,MOD,CA,AWP,WE,Federal Contract Tower,0,1,22,0,23,0,13,28,0,41,0,14,50,0,64,28,0,28,92
02/28/2021,MOD,CA,AWP,WE,Federal Contract Tower,0,3,14,0,17,0,29,60,0,89,0,32,74,0,106,38,0,38,144
03/01/2021,MOD,CA,AWP,WE,Federal Contract Tower,0,1,18,0,19,0,27,48,0,75,0,28,66,0,94,28,0,28,122
03/02/2021,MOD,CA,AWP,WE,Federal Contract Tower,0,7,15,0,22,0,24,35,0,59,0,31,50,0,81,16,0,16,97
03/03/2021,MOD,CA,AWP,WE,Federal Contract Tower,0,7,27,0,34,0,7,64,0,71,0,14,91,0,105,22,0,22,127
03/04/2021,MOD,CA,AWP,WE,Federal Contract Tower,0,9,22,0,31,0,31,63,0,94,0,40,85,0,125,32,0,32,157
03/05/2021,MOD,CA,AWP,WE,Federal Contract Tower,0,2,24,0,26,0,15,61,0,76,0,17,85,0,102,38,0,38,140
03/06/2021,MOD,CA,AWP,WE,Federal Contract Tower,0,2,15,0,17,0,29,33,0,62,0,31,48,0,79,24,0,24,103
03/07/2021,MOD,CA,AWP,WE,Federal Contract Tower,0,3,33,0,36,0,32,46,0,78,0,35,79,0,114,48,0,48,162
03/08/2021,MOD,CA,AWP,WE,Federal Contract Tower,0,7,36,0,43,0,28,28,0,56,0,35,64,0,99,16,0,16,115
03/09/2021,MOD,CA,AWP,WE,Federal Contract Tower,0,3,23,0,26,0,7,15,0,22,0,10,38,0,48,20,0,20,68
03/10/2021,MOD,CA,AWP,WE,Federal Contract Tower,0,12,8,0,20,0,7,1,0,8,0,19,9,0,28,0,0,0,28
03/11/2021,MOD,CA,AWP,WE,Federal Contract Tower,0,8,14,0,22,0,13,48,0,61,0,21,62,0,83,26,0,26,109
03/12/2021,MOD,CA,AWP,WE,Federal Contract Tower,0,8,40,0,48,0,37,66,0,103,0,45,106,0,151,44,0,44,195
03/13/2021,MOD,CA,AWP,WE,Federal Contract Tower,0,3,21,0,24,0,22,59,0,81,0,25,80,0,105,78,0,78,183
03/14/2021,MOD,CA,AWP,WE,Federal Contract Tower,0,4,11,0,15,0,14,18,0,32,0,18,29,0,47,30,0,30,77
03/15/2021,MOD,CA,AWP,WE,Federal Contract Tower,0,6,2,0,8,0,20,7,0,27,0,26,9,0,35,2,0,2,37
03/16/2021,MOD,CA,AWP,WE,Federal Contract Tower,0,7,26,0,33,0,21,52,0,73,0,28,78,0,106,70,0,70,176
03/17/2021,MOD,CA,AWP,WE,Federal Contract Tower,0,6,14,0,20,0,17,60,0,77,0,23,74,0,97,38,0,38,135
03/18/2021,MOD,CA,AWP,WE,Federal Contract Tower,0,6,7,0,13,0,11,9,0,20,0,17,16,0,33,26,0,26,59
03/19/2021,MOD,CA,AWP,WE,Federal Contract Tower,0,14,28,4,46,0,21,25,0,46,0,35,53,4,92,12,0,12,104
03/20/2021,MOD,CA,AWP,WE,Federal Contract Tower,0,6,33,0,39,0,25,51,0,76,0,31,84,0,115,18,0,18,133
03/21/2021,MOD,CA,AWP,WE,Federal Contract Tower,0,2,36,0,38,0,27,48,0,75,0,29,84,0,113,28,0,28,141
03/22/2021,MOD,CA,AWP,WE,Federal Contract Tower,0,4,43,0,47,0,15,61,0,76,0,19,104,0,123,36,0,36,159
03/23/2021,MOD,CA,AWP,WE,Federal Contract Tower,0,5,3,0,8,0,13,19,0,32,0,18,22,0,40,6,0,6,46
03/24/2021,MOD,CA,AWP,WE,Federal Contract Tower,0,7,16,0,23,0,11,40,0,51,0,18,56,0,74,32,0,32,106
03/25/2021,MOD,CA,AWP,WE,Federal Contract Tower,0,4,18,0,22,0,16,67,0,83,0,20,85,0,105,34,0,34,139
03/26/2021,MOD,CA,AWP,WE,Federal Contract Tower,0,14,26,0,40,0,16,49,0,65,0,30,75,0,105,28,0,28,133
03/27/2021,MOD,CA,AWP,WE,Federal Contract Tower,0,1,21,0,22,0,7,55,0,62,0,8,76,0,84,30,0,30,114
03/28/2021,MOD,CA,AWP,WE,Federal Contract Tower,0,6,12,0,18,0,26,64,0,90,0,32,76,0,108,66,0,66,174
03/29/2021,MOD,CA,AWP,WE,Federal Contract Tower,0,7,19,0,26,0,21,33,0,54,0,28,52,0,80,10,0,10,90
03/30/2021,MOD,CA,AWP,WE,Federal Contract Tower,0,3,38,0,41,0,27,41,0,68,0,30,79,0,109,28,0,28,137
03/31/2021,MOD,CA,AWP,WE,Federal Contract Tower,0,6,42,0,48,0,15,70,0,85,0,21,112,0,133,38,0,38,171
04/01/2021,MOD,CA,AWP,WE,Federal Contract Tower,0,5,34,4,43,0,29,44,0,73,0,34,78,4,116,10,0,10,126
04/02/2021,MOD,CA,AWP,WE,Federal Contract Tower,0,12,20,0,32,0,29,47,0,76,0,41,67,0,108,28,0,28,136
04/03/2021,MOD,CA,AWP,WE,Federal Contract Tower,0,14,12,0,26,0,14,50,0,64,0,28,62,0,90,20,0,20,110
04/04/2021,MOD,CA,AWP,WE,Federal Contract Tower,0,5,22,0,27,0,21,20,0,41,0,26,42,0,68,18,0,18,86
04/05/2021,MOD,CA,AWP,WE,Federal Contract Tower,0,8,17,0,25,0,31,39,0,70,0,39,56,0,95,30,0,30,125
04/06/2021,MOD,CA,AWP,WE,Federal Contract Tower,0,13,30,0,43,0,27,52,0,79,0,40,82,0,122,50,0,50,172
04/07/2021,MOD,CA,AWP,WE,Federal Contract Tower,0,7,44,0,51,0,18,78,0,96,0,25,122,0,147,28,0,28,175
04/08/2021,MOD,CA,AWP,WE,Federal Contract Tower,0,5,12,0,17,0,28,55,0,83,0,33,67,0,100,36,0,36,136
04/09/2021,MOD,CA,AWP,WE,Federal Contract Tower,0,10,25,0,35,0,36,70,0,106,0,46,95,0,141,16,0,16,157
04/10/2021,MOD,CA,AWP,WE,Federal Contract Tower,0,7,25,0,32,0,31,49,0,80,0,38,74,0,112,66,0,66,178
04/11/2021,MOD,CA,AWP,WE,Federal Contract Tower,0,6,19,0,25,0,20,51,0,71,0,26,70,0,96,44,0,44,140
04/12/2021,MOD,CA,AWP,WE,Federal Contract Tower,0,4,19,0,23,0,21,55,0,76,0,25,74,0,99,60,0,60,159
04/13/2021,MOD,CA,AWP,WE,Federal Contract Tower,0,8,12,0,20,0,16,45,0,61,0,24,57,0,81,12,0,12,93
04/14/2021,MOD,CA,AWP,WE,Federal Contract Tower,0,6,27,0,33,0,10,85,0,95,0,16,112,0,128,64,0,64,192
04/15/2021,MOD,CA,AWP,WE,Federal Contract Tower,0,8,24,2,34,0,32,42,0,74,0,40,66,2,108,40,0,40,148
04/16/2021,MOD,CA,AWP,WE,Federal Contract Tower,0,5,10,0,15,0,25,55,0,80,0,30,65,0,95,8,0,8,103
04/17/2021,MOD,CA,AWP,WE,Federal Contract Tower,0,4,17,0,21,0,34,59,0,93,0,38,76,0,114,36,0,36,150
04/18/2021,MOD,CA,AWP,WE,Federal Contract Tower,0,2,6,0,8,0,35,32,0,67,0,37,38,0,75,56,0,56,131
04/19/2021,MOD,CA,AWP,WE,Federal Contract Tower,0,1,22,0,23,0,26,37,0,63,0,27,59,0,86,16,0,16,102
04/20/2021,MOD,CA,AWP,WE,Federal Contract Tower,0,3,38,0,41,0,27,35,0,62,0,30,73,0,103,4,0,4,107
04/21/2021,MOD,CA,AWP,WE,Federal Contract Tower,0,5,21,0,26,0,15,45,0,60,0,20,66,0,86,2,0,2,88
04/22/2021,MOD,CA,AWP,WE,Federal Contract Tower,0,5,28,0,33,0,22,52,0,74,0,27,80,0,107,100,0,100,207
04/23/2021,MOD,CA,AWP,WE,Federal Contract Tower,0,10,21,2,33,0,28,46,0,74,0,38,67,2,107,50,0,50,157
04/24/2021,MOD,CA,AWP,WE,Federal Contract Tower,0,3,30,0,33,0,16,39,0,55,0,19,69,0,88,48,0,48,136
04/25/2021,MOD,CA,AWP,WE,Federal Contract Tower,0,11,6,0,17,0,30,16,0,46,0,41,22,0,63,28,0,28,91
04/26/2021,MOD,CA,AWP,WE,Federal Contract Tower,0,9,15,2,26,0,22,18,0,40,0,31,33,2,66,40,0,40,106
04/27/2021,MOD,CA,AWP,WE,Federal Contract Tower,0,7,15,0,22,0,21,47,0,68,0,28,62,0,90,20,0,20,110
04/28/2021,MOD,CA,AWP,WE,Federal Contract Tower,0,3,20,0,23,0,12,68,0,80,0,15,88,0,103,16,0,16,119
04/29/2021,MOD,CA,AWP,WE,Federal Contract Tower,0,6,30,0,36,0,38,40,1,79,0,44,70,1,115,32,0,32,147
04/30/2021,MOD,CA,AWP,WE,Federal Contract Tower,0,4,33,0,37,0,27,44,0,71,0,31,77,0,108,22,0,22,130
05/01/2021,MOD,CA,AWP,WE,Federal Contract Tower,0,6,30,0,36,0,15,42,0,57,0,21,72,0,93,22,0,22,115
05/02/2021,MOD,CA,AWP,WE,Federal Contract Tower,0,7,6,0,13,0,17,27,0,44,0,24,33,0,57,8,0,8,65
05/03/2021,MOD,CA,AWP,WE,Federal Contract Tower,0,7,24,0,31,0,25,27,0,52,0,32,51,0,83,30,0,30,113
05/04/2021,MOD,CA,AWP,WE,Federal Contract Tower,0,12,16,0,28,0,22,42,0,64,0,34,58,0,92,32,0,32,124
05/05/2021,MOD,CA,AWP,WE,Federal Contract Tower,0,3,19,0,22,0,8,62,0,70,0,11,81,0,92,20,0,20,112
05/06/2021,MOD,CA,AWP,WE,Federal Contract Tower,0,6,28,0,34,0,35,35,0,70,0,41,63,0,104,44,0,44,148
05/07/2021,MOD,CA,AWP,WE,Federal Contract Tower,0,3,12,0,15,0,22,49,0,71,0,25,61,0,86,10,0,10,96
05/08/2021,MOD,CA,AWP,WE,Federal Contract Tower,0,0,11,0,11,0,23,41,0,64,0,23,52,0,75,26,0,26,101
05/09/2021,MOD,CA,AWP,WE,Federal Contract Tower,0,2,4,0,6,0,25,32,0,57,0,27,36,0,63,4,0,4,67
05/10/2021,MOD,CA,AWP,WE,Federal Contract Tower,0,7,7,0,14,0,18,19,0,37,0,25,26,0,51,2,0,2,53
05/11/2021,MOD,CA,AWP,WE,Federal Contract Tower,0,6,12,0,18,0,18,50,0,68,0,24,62,0,86,26,0,26,112
05/12/2021,MOD,CA,AWP,WE,Federal Contract Tower,0,6,17,2,25,0,17,61,0,78,0,23,78,2,103,26,0,26,129
05/13/2021,MOD,CA,AWP,WE,Federal Contract Tower,0,13,27,0,40,0,28,37,0,65,0,41,64,0,105,32,0,32,137
05/14/2021,MOD,CA,AWP,WE,Federal Contract Tower,0,9,6,0,15,0,23,38,0,61,0,32,44,0,76,22,0,22,98
05/15/2021,MOD,CA,AWP,WE,Federal Contract Tower,0,5,32,0,37,0,24,30,0,54,0,29,62,0,91,40,0,40,131
05/16/2021,MOD,CA,AWP,WE,Federal Contract Tower,0,8,23,0,31,0,26,39,0,65,0,34,62,0,96,6,0,6,102
05/17/2021,MOD,CA,AWP,WE,Federal Contract Tower,0,8,15,0,23,0,36,24,0,60,0,44,39,0,83,2,0,2,85
05/18/2021,MOD,CA,AWP,WE,Federal Contract Tower,0,3,42,0,45,0,24,29,0,53,0,27,71,0,98,4,0,4,102
05/19/2021,MOD,CA,AWP,WE,Federal Contract Tower,0,3,22,0,25,0,14,36,0,50,0,17,58,0,75,24,0,24,99
05/20/2021,MOD,CA,AWP,WE,Federal Contract Tower,0,15,22,0,37,0,18,25,0,43,0,33,47,0,80,8,0,8,88
05/21/2021,MOD,CA,AWP,WE,Federal Contract Tower,0,10,11,0,21,0,34,36,0,70,0,44,47,0,91,30,0,30,121
05/22/2021,MOD,CA,AWP,WE,Federal Contract Tower,0,2,23,0,25,0,15,39,0,54,0,17,62,0,79,30,0,30,109
05/23/2021,MOD,CA,AWP,WE,Federal Contract Tower,0,11,14,0,25,0,17,41,0,58,0,28,55,0,83,18,0,18,101
05/24/2021,MOD,CA,AWP,WE,Federal Contract Tower,0,14,4,0,18,0,27,29,0,56,0,41,33,0,74,2,0,2,76
05/25/2021,MOD,CA,AWP,WE,Federal Contract Tower,0,12,29,0,41,0,9,41,0,50,0,21,70,0,91,8,0,8,99
05/26/2021,MOD,CA,AWP,WE,Federal Contract Tower,0,9,30,4,43,0,6,60,0,66,0,15,90,4,109,38,0,38,147
05/27/2021,MOD,CA,AWP,WE,Federal Contract Tower,0,11,48,0,59,0,43,42,0,85,0,54,90,0,144,26,0,26,170
05/28/2021,MOD,CA,AWP,WE,Federal Contract Tower,0,11,13,0,24,0,24,56,0,80,0,35,69,0,104,0,0,0,104
05/29/2021,MOD,CA,AWP,WE,Federal Contract Tower,0,4,25,0,29,0,22,19,0,41,0,26,44,0,70,38,0,38,108
05/30/2021,MOD,CA,AWP,WE,Federal Contract Tower,0,6,22,0,28,0,19,30,0,49,0,25,52,0,77,14,0,14,91
05/31/2021,MOD,CA,AWP,WE,Federal Contract Tower,0,5,16,0,21,0,22,38,0,60,0,27,54,0,81,32,0,32,113
06/01/2021,MOD,CA,AWP,WE,Federal Contract Tower,0,9,23,0,32,0,13,17,0,30,0,22,40,0,62,0,0,0,62
06/02/2021,MOD,CA,AWP,WE,Federal Contract Tower,0,8,11,1,20,0,6,43,1,50,0,14,54,2,70,16,0,16,86
06/03/2021,MOD,CA,AWP,WE,Federal Contract Tower,0,11,23,0,34,0,19,23,0,42,0,30,46,0,76,4,0,4,80
06/04/2021,MOD,CA,AWP,WE,Federal Contract Tower,0,6,14,0,20,0,32,61,0,93,0,38,75,0,113,64,0,64,177
06/05/2021,MOD,CA,AWP,WE,Federal Contract Tower,0,4,19,0,23,0,9,41,0,50,0,13,60,0,73,18,0,18,91
06/06/2021,MOD,CA,AWP,WE,Federal Contract Tower,0,16,31,0,47,0,23,30,0,53,0,39,61,0,100,16,0,16,116
06/07/2021,MOD,CA,AWP,WE,Federal Contract Tower,0,5,20,0,25,0,20,32,0,52,0,25,52,0,77,42,0,42,119
06/08/2021,MOD,CA,AWP,WE,Federal Contract Tower,0,5,25,0,30,0,28,35,0,63,0,33,60,0,93,28,0,28,121
06/09/2021,MOD,CA,AWP,WE,Federal Contract Tower,0,5,11,0,16,0,11,30,0,41,0,16,41,0,57,70,0,70,127
06/10/2021,MOD,CA,AWP,WE,Federal Contract Tower,0,14,19,0,33,0,18,46,0,64,0,32,65,0,97,38,0,38,135
06/11/2021,MOD,CA,AWP,WE,Federal Contract Tower,0,11,7,0,18,0,23,33,0,56,0,34,40,0,74,24,0,24,98
06/12/2021,MOD,CA,AWP,WE,Federal Contract Tower,0,7,21,0,28,0,14,35,0,49,0,21,56,0,77,16,0,16,93
06/13/2021,MOD,CA,AWP,WE,Federal Contract Tower,0,21,25,0,46,0,21,43,0,64,0,42,68,0,110,8,0,8,118
06/14/2021,MOD,CA,AWP,WE,Federal Contract Tower,0,4,21,0,25,0,33,40,0,73,0,37,61,0,98,26,0,26,124
06/15/2021,MOD,CA,AWP,WE,Federal Contract Tower,0,9,14,0,23,0,14,38,0,52,0,23,52,0,75,26,0,26,101
06/16/2021,MOD,CA,AWP,WE,Federal Contract Tower,0,6,5,0,11,0,16,45,0,61,0,22,50,0,72,72,0,72,144
06/17/2021,MOD,CA,AWP,WE,Federal Contract Tower,0,8,3,0,11,0,22,62,0,84,0,30,65,0,95,52,0,52,147
06/18/2021,MOD,CA,AWP,WE,Federal Contract Tower,0,8,11,0,19,0,45,39,0,84,0,53,50,0,103,32,0,32,135
06/19/2021,MOD,CA,AWP,WE,Federal Contract Tower,0,5,11,0,16,0,22,65,0,87,0,27,76,0,103,18,0,18,121
06/20/2021,MOD,CA,AWP,WE,Federal Contract Tower,0,3,9,0,12,0,33,26,0,59,0,36,35,0,71,10,0,10,81
06/21/2021,MOD,CA,AWP,WE,Federal Contract Tower,0,8,20,0,28,0,24,45,0,69,0,32,65,0,97,22,0,22,119
06/22/2021,MOD,CA,AWP,WE,Federal Contract Tower,0,1,12,12,25,0,29,58,0,87,0,30,70,12,112,22,0,22,134
06/23/2021,MOD,CA,AWP,WE,Federal Contract Tower,0,6,25,0,31,0,18,58,0,76,0,24,83,0,107,10,0,10,117
06/24/2021,MOD,CA,AWP,WE,Federal Contract Tower,0,15,15,0,30,0,15,48,0,63,0,30,63,0,93,56,0,56,149
06/25/2021,MOD,CA,AWP,WE,Federal Contract Tower,0,7,17,1,25,0,18,62,0,80,0,25,79,1,105,18,0,18,123
06/26/2021,MOD,CA,AWP,WE,Federal Contract Tower,0,3,19,0,22,0,6,49,0,55,0,9,68,0,77,52,0,52,129
06/27/2021,MOD,CA,AWP,WE,Federal Contract Tower,0,2,8,0,10,0,25,40,0,65,0,27,48,0,75,22,2,24,99
06/28/2021,MOD,CA,AWP,WE,Federal Contract Tower,0,5,19,0,24,0,29,33,0,62,0,34,52,0,86,38,0,38,124
06/29/2021,MOD,CA,AWP,WE,Federal Contract Tower,0,4,9,0,13,0,28,34,0,62,0,32,43,0,75,64,0,64,139
06/30/2021,MOD,CA,AWP,WE,Federal Contract Tower,0,2,2,0,4,0,30,72,0,102,0,32,74,0,106,20,0,20,126
07/01/2021,MOD,CA,AWP,WE,Federal Contract Tower,0,2,7,0,9,0,24,36,0,60,0,26,43,0,69,10,0,10,79
07/02/2021,MOD,CA,AWP,WE,Federal Contract Tower,0,5,10,0,15,0,22,63,0,85,0,27,73,0,100,42,0,42,142
07/03/2021,MOD,CA,AWP,WE,Federal Contract Tower,0,1,23,0,24,0,24,44,0,68,0,25,67,0,92,18,0,18,110
07/04/2021,MOD,CA,AWP,WE,Federal Contract Tower,0,4,0,0,4,0,12,44,0,56,0,16,44,0,60,48,0,48,108
07/05/2021,MOD,CA,AWP,WE,Federal Contract Tower,0,7,6,0,13,0,28,44,0,72,0,35,50,0,85,26,0,26,111
07/06/2021,MOD,CA,AWP,WE,Federal Contract Tower,0,4,14,0,18,0,31,68,0,99,0,35,82,0,117,22,0,22,139
07/07/2021,MOD,CA,AWP,WE,Federal Contract Tower,0,4,15,0,19,0,33,67,0,100,0,37,82,0,119,56,0,56,175
07/08/2021,MOD,CA,AWP,WE,Federal Contract Tower,0,7,7,2,16,0,34,65,0,99,0,41,72,2,115,36,0,36,151
07/09/2021,MOD,CA,AWP,WE,Federal Contract Tower,0,7,16,0,23,0,28,68,0,96,0,35,84,0,119,20,0,20,139
07/10/2021,MOD,CA,AWP,WE,Federal Contract Tower,0,1,5,0,6,0,11,66,0,77,0,12,71,0,83,12,0,12,95
07/11/2021,MOD,CA,AWP,WE,Federal Contract Tower,0,9,4,0,13,0,21,46,0,67,0,30,50,0,80,42,0,42,122
07/12/2021,MOD,CA,AWP,WE,Federal Contract Tower,0,8,6,0,14,0,14,43,0,57,0,22,49,0,71,26,0,26,97
07/13/2021,MOD,CA,AWP,WE,Federal Contract Tower,0,6,8,0,14,0,23,70,0,93,0,29,78,0,107,44,0,44,151
07/14/2021,MOD,CA,AWP,WE,Federal Contract Tower,0,6,11,0,17,0,14,65,0,79,0,20,76,0,96,10,0,10,106
07/15/2021,MOD,CA,AWP,WE,Federal Contract Tower,0,8,6,0,14,0,25,68,0,93,0,33,74,0,107,30,0,30,137
07/16/2021,MOD,CA,AWP,WE,Federal Contract Tower,0,6,12,0,18,0,29,70,0,99,0,35,82,0,117,42,0,42,159
07/17/2021,MOD,CA,AWP,WE,Federal Contract Tower,0,2,11,0,13,0,29,59,0,88,0,31,70,0,101,56,0,56,157
07/18/2021,MOD,CA,AWP,WE,Federal Contract Tower,0,3,5,0,8,0,30,26,0,56,0,33,31,0,64,38,0,38,102
07/19/2021,MOD,CA,AWP,WE,Federal Contract Tower,0,6,17,0,23,0,37,14,0,51,0,43,31,0,74,34,0,34,108
07/20/2021,MOD,CA,AWP,WE,Federal Contract Tower,0,11,19,0,30,0,26,49,0,75,0,37,68,0,105,58,0,58,163
07/21/2021,MOD,CA,AWP,WE,Federal Contract Tower,0,11,20,0,31,0,34,55,0,89,0,45,75,0,120,20,0,20,140
07/22/2021,MOD,CA,AWP,WE,Federal Contract Tower,0,4,12,0,16,0,14,44,0,58,0,18,56,0,74,36,0,36,110
07/23/2021,MOD,CA,AWP,WE,Federal Contract Tower,0,5,5,0,10,0,16,64,0,80,0,21,69,0,90,18,0,18,108
07/24/2021,MOD,CA,AWP,WE,Federal Contract Tower,0,3,14,0,17,0,9,61,0,70,0,12,75,0,87,30,0,30,117
07/25/2021,MOD,CA,AWP,WE,Federal Contract Tower,0,8,12,0,20,0,23,37,0,60,0,31,49,0,80,34,0,34,114
07/26/2021,MOD,CA,AWP,WE,Federal Contract Tower,0,7,12,0,19,0,37,44,0,81,0,44,56,0,100,10,0,10,110
07/27/2021,MOD,CA,AWP,WE,Federal Contract Tower,0,1,38,0,39,0,19,49,0,68,0,20,87,0,107,19,0,19,126
07/28/2021,MOD,CA,AWP,WE,Federal Contract Tower,0,8,8,0,16,0,13,28,0,41,0,21,36,0,57,18,0,18,75
07/29/2021,MOD,CA,AWP,WE,Federal Contract Tower,0,11,22,0,33,0,13,68,0,81,0,24,90,0,114,56,0,56,170
07/30/2021,MOD,CA,AWP,WE,Federal Contract Tower,0,6,15,0,21,0,21,50,0,71,0,27,65,0,92,8,0,8,100
07/31/2021,MOD,CA,AWP,WE,Federal Contract Tower,0,3,7,0,10,0,28,45,0,73,0,31,52,0,83,30,0,30,113
08/01/2021,MOD,CA,AWP,WE,Federal Contract Tower,0,6,6,0,12,0,36,38,0,74,0,42,44,0,86,4,0,4,90
08/02/2021,MOD,CA,AWP,WE,Federal Contract Tower,0,5,15,0,20,0,39,47,0,86,0,44,62,0,106,22,0,22,128
08/03/2021,MOD,CA,AWP,WE,Federal Contract Tower,0,4,0,0,4,0,13,48,0,61,0,17,48,0,65,16,0,16,81
08/04/2021,MOD,CA,AWP,WE,Federal Contract Tower,0,2,10,0,12,0,33,55,0,88,0,35,65,0,100,4,0,4,104
08/05/2021,MOD,CA,AWP,WE,Federal Contract Tower,0,8,26,0,34,0,12,47,0,59,0,20,73,0,93,10,0,10,103
08/06/2021,MOD,CA,AWP,WE,Federal Contract Tower,0,9,9,0,18,0,24,38,0,62,0,33,47,0,80,16,0,16,96
08/07/2021,MOD,CA,AWP,WE,Federal Contract Tower,0,5,8,0,13,0,4,14,0,18,0,9,22,0,31,4,0,4,35
08/08/2021,MOD,CA,AWP,WE,Federal Contract Tower,0,4,2,0,6,0,16,41,0,57,0,20,43,0,63,20,0,20,83
08/09/2021,MOD,CA,AWP,WE,Federal Contract Tower,0,7,14,0,21,0,15,49,0,64,0,22,63,0,85,56,0,56,141
08/10/2021,MOD,CA,AWP,WE,Federal Contract Tower,0,1,7,0,8,0,24,60,0,84,0,25,67,0,92,28,0,28,120
08/11/2021,MOD,CA,AWP,WE,Federal Contract Tower,0,4,35,0,39,0,19,63,0,82,0,23,98,0,121,52,0,52,173
08/12/2021,MOD,CA,AWP,WE,Federal Contract Tower,0,6,27,0,33,0,19,61,0,80,0,25,88,0,113,6,0,6,119
08/13/2021,MOD,CA,AWP,WE,Federal Contract Tower,0,9,15,0,24,0,20,64,0,84,0,29,79,0,108,12,0,12,120
08/14/2021,MOD,CA,AWP,WE,Federal Contract Tower,0,5,11,0,16,0,8,47,0,55,0,13,58,0,71,26,0,26,97
08/15/2021,MOD,CA,AWP,WE,Federal Contract Tower,0,11,12,0,23,0,18,32,0,50,0,29,44,0,73,46,0,46,119
08/16/2021,MOD,CA,AWP,WE,Federal Contract Tower,0,3,8,0,11,0,30,32,0,62,0,33,40,0,73,30,0,30,103
08/17/2021,MOD,CA,AWP,WE,Federal Contract Tower,0,15,21,0,36,0,13,51,0,64,0,28,72,0,100,68,0,68,168
08/18/2021,MOD,CA,AWP,WE,Federal Contract Tower,0,26,32,0,58,0,9,6,0,15,0,35,38,0,73,0,0,0,73
08/19/2021,MOD,CA,AWP,WE,Federal Contract Tower,0,4,11,0,15,0,10,24,0,34,0,14,35,0,49,4,0,4,53
08/20/2021,MOD,CA,AWP,WE,Federal Contract Tower,0,8,38,0,46,0,11,32,0,43,0,19,70,0,89,38,0,38,127
08/21/2021,MOD,CA,AWP,WE,Federal Contract Tower,0,12,8,0,20,0,20,25,0,45,0,32,33,0,65,8,0,8,73
08/22/2021,MOD,CA,AWP,WE,Federal Contract Tower,0,13,4,0,17,0,17,41,0,58,0,30,45,0,75,56,0,56,131
08/23/2021,MOD,CA,AWP,WE,Federal Contract Tower,0,8,17,0,25,0,29,75,0,104,0,37,92,0,129,12,0,12,141
08/24/2021,MOD,CA,AWP,WE,Federal Contract Tower,0,8,21,0,29,0,30,52,0,82,0,38,73,0,111,18,0,18,129
08/25/2021,MOD,CA,AWP,WE,Federal Contract Tower,0,9,30,0,39,0,8,40,0,48,0,17,70,0,87,30,0,30,117
08/26/2021,MOD,CA,AWP,WE,Federal Contract Tower,0,3,15,2,20,0,26,52,0,78,0,29,67,2,98,66,0,66,164
08/27/2021,MOD,CA,AWP,WE,Federal Contract Tower,0,16,15,0,31,0,26,23,0,49,0,42,38,0,80,14,0,14,94
08/28/2021,MOD,CA,AWP,WE,Federal Contract Tower,0,4,39,0,43,0,2,3,0,5,0,6,42,0,48,0,0,0,48
08/29/2021,MOD,CA,AWP,WE,Federal Contract Tower,0,4,35,0,39,0,15,41,0,56,0,19,76,0,95,14,0,14,109
08/30/2021,MOD,CA,AWP,WE,Federal Contract Tower,0,5,29,0,34,0,15,30,0,45,0,20,59,0,79,10,0,10,89
08/31/2021,MOD,CA,AWP,WE,Federal Contract Tower,0,3,12,0,15,0,13,52,0,65,0,16,64,0,80,30,0,30,110
09/01/2021,MOD,CA,AWP,WE,Federal Contract Tower,0,5,13,0,18,0,10,46,0,56,0,15,59,0,74,18,0,18,92
09/02/2021,MOD,CA,AWP,WE,Federal Contract Tower,0,9,18,0,27,0,35,48,0,83,0,44,66,0,110,24,0,24,134
09/03/2021,MOD,CA,AWP,WE,Federal Contract Tower,0,9,14,0,23,0,23,47,0,70,0,32,61,0,93,58,0,58,151
09/04/2021,MOD,CA,AWP,WE,Federal Contract Tower,0,3,3,0,6,0,15,41,0,56,0,18,44,0,62,18,0,18,80
09/05/2021,MOD,CA,AWP,WE,Federal Contract Tower,0,2,17,0,19,0,19,55,0,74,0,21,72,0,93,20,0,20,113
09/06/2021,MOD,CA,AWP,WE,Federal Contract Tower,0,10,16,0,26,0,17,82,0,99,0,27,98,0,125,44,0,44,169
09/07/2021,MOD,CA,AWP,WE,Federal Contract Tower,0,17,7,0,24,0,13,50,0,63,0,30,57,0,87,10,0,10,97
09/08/2021,MOD,CA,AWP,WE,Federal Contract Tower,0,10,14,0,24,0,21,37,0,58,0,31,51,0,82,36,0,36,118
09/09/2021,MOD,CA,AWP,WE,Federal Contract Tower,0,9,20,0,29,0,26,41,0,67,0,35,61,0,96,8,0,8,104
09/10/2021,MOD,CA,AWP,WE,Federal Contract Tower,0,9,7,0,16,0,12,37,0,49,0,21,44,0,65,22,0,22,87
09/11/2021,MOD,CA,AWP,WE,Federal Contract Tower,0,5,18,0,23,0,17,64,0,81,0,22,82,0,104,64,0,64,168
09/12/2021,MOD,CA,AWP,WE,Federal Contract Tower,0,6,26,0,32,0,10,25,0,35,0,16,51,0,67,30,0,30,97
09/13/2021,MOD,CA,AWP,WE,Federal Contract Tower,0,8,29,0,37,0,25,55,0,80,0,33,84,0,117,24,0,24,141
09/14/2021,MOD,CA,AWP,WE,Federal Contract Tower,0,5,14,0,19,0,13,64,0,77,0,18,78,0,96,2,0,2,98
09/15/2021,MOD,CA,AWP,WE,Federal Contract Tower,0,15,21,0,36,0,19,54,0,73,0,34,75,0,109,26,0,26,135
09/16/2021,MOD,CA,AWP,WE,Federal Contract Tower,0,5,34,0,39,0,31,57,0,88,0,36,91,0,127,30,0,30,157
09/17/2021,MOD,CA,AWP,WE,Federal Contract Tower,0,14,19,0,33,0,40,66,0,106,0,54,85,0,139,44,0,44,183
09/18/2021,MOD,CA,AWP,WE,Federal Contract Tower,0,13,31,0,44,0,17,77,0,94,0,30,108,0,138,56,0,56,194
09/19/2021,MOD,CA,AWP,WE,Federal Contract Tower,0,12,15,0,27,0,34,39,0,73,0,46,54,0,100,58,0,58,158
09/20/2021,MOD,CA,AWP,WE,Federal Contract Tower,0,11,22,0,33,0,18,44,0,62,0,29,66,0,95,52,0,52,147
09/21/2021,MOD,CA,AWP,WE,Federal Contract Tower,0,5,20,0,25,0,23,63,0,86,0,28,83,0,111,38,0,38,149
09/22/2021,MOD,CA,AWP,WE,Federal Contract Tower,0,8,23,4,35,0,7,76,0,83,0,15,99,4,118,40,0,40,158
09/23/2021,MOD,CA,AWP,WE,Federal Contract Tower,1,6,22,0,29,0,30,74,0,104,1,36,96,0,133,70,0,70,203
09/24/2021,MOD,CA,AWP,WE,Federal Contract Tower,0,11,18,0,29,0,35,61,0,96,0,46,79,0,125,36,0,36,161
09/25/2021,MOD,CA,AWP,WE,Federal Contract Tower,0,4,13,0,17,0,27,62,0,89,0,31,75,0,106,62,0,62,168
09/26/2021,MOD,CA,AWP,WE,Federal Contract Tower,0,12,34,0,46,0,30,57,0,87,0,42,91,0,133,24,0,24,157
09/27/2021,MOD,CA,AWP,WE,Federal Contract Tower,0,8,22,0,30,0,19,47,0,66,0,27,69,0,96,24,0,24,120
09/28/2021,MOD,CA,AWP,WE,Federal Contract Tower,0,10,15,2,27,0,21,39,0,60,0,31,54,2,87,4,0,4,91
09/29/2021,MOD,CA,AWP,WE,Federal Contract Tower,0,9,27,0,36,0,14,80,0,94,0,23,107,0,130,50,0,50,180
09/30/2021,MOD,CA,AWP,WE,Federal Contract Tower,0,15,15,0,30,0,19,110,0,129,0,34,125,0,159,60,0,60,219
10/01/2021,MOD,CA,AWP,WE,Federal Contract Tower,0,6,30,0,36,0,22,232,0,254,0,28,262,0,290,82,0,82,372
10/02/2021,MOD,CA,AWP,WE,Federal Contract Tower,0,6,26,0,32,0,13,152,0,165,0,19,178,0,197,98,0,98,295
10/03/2021,MOD,CA,AWP,WE,Federal Contract Tower,0,9,15,0,24,0,18,63,0,81,0,27,78,0,105,4,0,4,109
10/04/2021,MOD,CA,AWP,WE,Federal Contract Tower,0,11,7,0,18,0,22,20,0,42,0,33,27,0,60,10,0,10,70
10/05/2021,MOD,CA,AWP,WE,Federal Contract Tower,0,12,14,0,26,0,16,26,0,42,0,28,40,0,68,28,0,28,96
10/06/2021,MOD,CA,AWP,WE,Federal Contract Tower,0,11,9,0,20,0,28,51,0,79,0,39,60,0,99,44,0,44,143
10/07/2021,MOD,CA,AWP,WE,Federal Contract Tower,0,11,30,0,41,0,38,45,0,83,0,49,75,0,124,38,0,38,162
10/08/2021,MOD,CA,AWP,WE,Federal Contract Tower,0,8,13,0,21,0,23,35,0,58,0,31,48,0,79,20,0,20,99
10/09/2021,MOD,CA,AWP,WE,Federal Contract Tower,0,7,11,0,18,0,10,64,0,74,0,17,75,0,92,37,0,37,129
10/10/2021,MOD,CA,AWP,WE,Federal Contract Tower,0,9,8,0,17,0,18,70,0,88,0,27,78,0,105,50,0,50,155
10/11/2021,MOD,CA,AWP,WE,Federal Contract Tower,0,7,8,0,15,0,12,8,0,20,0,19,16,0,35,2,0,2,37
10/12/2021,MOD,CA,AWP,WE,Federal Contract Tower,0,6,5,0,11,0,12,20,0,32,0,18,25,0,43,0,0,0,43
10/13/2021,MOD,CA,AWP,WE,Federal Contract Tower,0,9,9,2,20,0,15,69,0,84,0,24,78,2,104,42,0,42,146
10/14/2021,MOD,CA,AWP,WE,Federal Contract Tower,0,6,13,0,19,0,29,60,0,89,0,35,73,0,108,34,0,34,142
10/15/2021,MOD,CA,AWP,WE,Federal Contract Tower,0,8,14,0,22,0,31,43,0,74,0,39,57,0,96,44,0,44,140
10/16/2021,MOD,CA,AWP,WE,Federal Contract Tower,0,1,19,0,20,0,22,60,0,82,0,23,79,0,102,40,0,40,142
10/17/2021,MOD,CA,AWP,WE,Federal Contract Tower,0,1,11,0,12,0,21,61,0,82,0,22,72,0,94,2,0,2,96
10/18/2021,MOD,CA,AWP,WE,Federal Contract Tower,0,6,11,0,17,0,16,58,0,74,0,22,69,0,91,70,0,70,161
10/19/2021,MOD,CA,AWP,WE,Federal Contract Tower,0,12,4,0,16,0,26,70,0,96,0,38,74,0,112,8,0,8,120
10/20/2021,MOD,CA,AWP,WE,Federal Contract Tower,0,7,13,0,20,0,8,32,0,40,0,15,45,0,60,12,0,12,72
10/21/2021,MOD,CA,AWP,WE,Federal Contract Tower,0,6,15,2,23,0,22,51,0,73,0,28,66,2,96,22,0,22,118
10/22/2021,MOD,CA,AWP,WE,Federal Contract Tower,0,13,12,0,25,0,14,38,0,52,0,27,50,0,77,0,0,0,77
10/23/2021,MOD,CA,AWP,WE,Federal Contract Tower,0,7,2,0,9,0,9,36,0,45,0,16,38,0,54,8,0,8,62
10/24/2021,MOD,CA,AWP,WE,Federal Contract Tower,0,4,3,0,7,0,12,0,0,12,0,16,3,0,19,0,0,0,19
10/25/2021,MOD,CA,AWP,WE,Federal Contract Tower,0,6,5,0,11,0,8,9,0,17,0,14,14,0,28,0,0,0,28
10/26/2021,MOD,CA,AWP,WE,Federal Contract Tower,2,15,16,0,33,0,9,53,0,62,2,24,69,0,95,18,0,18,113
10/27/2021,MOD,CA,AWP,WE,Federal Contract Tower,0,2,23,0,25,0,21,90,0,111,0,23,113,0,136,18,0,18,154
10/28/2021,MOD,CA,AWP,WE,Federal Contract Tower,0,11,24,0,35,0,23,67,0,90,0,34,91,0,125,52,0,52,177
10/29/2021,MOD,CA,AWP,WE,Federal Contract Tower,0,6,7,0,13,0,16,41,0,57,0,22,48,0,70,18,0,18,88
10/30/2021,MOD,CA,AWP,WE,Federal Contract Tower,0,3,22,0,25,0,26,36,0,62,0,29,58,0,87,8,0,8,95
10/31/2021,MOD,CA,AWP,WE,Federal Contract Tower,0,5,22,0,27,0,19,55,0,74,0,24,77,0,101,14,0,14,115
11/01/2021,MOD,CA,AWP,WE,Federal Contract Tower,0,12,4,0,16,0,23,14,0,37,0,35,18,0,53,0,0,0,53
11/02/2021,MOD,CA,AWP,WE,Federal Contract Tower,0,5,30,0,35,0,11,51,0,62,0,16,81,0,97,10,0,10,107
11/04/2021,MOD,CA,AWP,WE,Federal Contract Tower,0,11,13,2,26,0,18,43,0,61,0,29,56,2,87,32,0,32,119
11/05/2021,MOD,CA,AWP,WE,Federal Contract Tower,0,8,12,0,20,0,23,76,0,99,0,31,88,0,119,26,0,26,145
11/06/2021,MOD,CA,AWP,WE,Federal Contract Tower,0,7,13,0,20,0,18,41,0,59,0,25,54,0,79,50,0,50,129
11/07/2021,MOD,CA,AWP,WE,Federal Contract Tower,0,7,16,0,23,0,20,44,0,64,0,27,60,0,87,8,0,8,95
11/08/2021,MOD,CA,AWP,WE,Federal Contract Tower,0,5,20,0,25,0,26,47,0,73,0,31,67,0,98,2,0,2,100
11/09/2021,MOD,CA,AWP,WE,Federal Contract Tower,0,25,12,2,39,0,15,7,0,22,0,40,19,2,61,8,0,8,69
11/10/2021,MOD,CA,AWP,WE,Federal Contract Tower,0,16,11,0,27,0,19,44,0,63,0,35,55,0,90,18,0,18,108
11/11/2021,MOD,CA,AWP,WE,Federal Contract Tower,0,14,20,0,34,0,17,38,0,55,0,31,58,0,89,38,0,38,127
11/12/2021,MOD,CA,AWP,WE,Federal Contract Tower,0,20,10,0,30,0,16,10,0,26,0,36,20,0,56,18,0,18,74
11/13/2021,MOD,CA,AWP,WE,Federal Contract Tower,0,14,17,0,31,0,4,2,0,6,0,18,19,0,37,0,0,0,37
11/14/2021,MOD,CA,AWP,WE,Federal Contract Tower,0,11,25,0,36,0,4,1,0,5,0,15,26,0,41,0,0,0,41
11/15/2021,MOD,CA,AWP,WE,Federal Contract Tower,0,22,18,2,42,0,1,2,0,3,0,23,20,2,45,0,0,0,45
11/16/2021,MOD,CA,AWP,WE,Federal Contract Tower,0,8,33,0,41,0,6,2,0,8,0,14,35,0,49,0,0,0,49
11/17/2021,MOD,CA,AWP,WE,Federal Contract Tower,0,12,14,0,26,0,10,28,0,38,0,22,42,0,64,6,0,6,70
11/18/2021,MOD,CA,AWP,WE,Federal Contract Tower,0,18,24,0,42,0,4,8,0,12,0,22,32,0,54,0,0,0,54
11/19/2021,MOD,CA,AWP,WE,Federal Contract Tower,0,6,32,0,38,0,18,40,0,58,0,24,72,0,96,14,0,14,110
11/20/2021,MOD,CA,AWP,WE,Federal Contract Tower,0,4,17,0,21,0,16,57,0,73,0,20,74,0,94,20,0,20,114
11/21/2021,MOD,CA,AWP,WE,Federal Contract Tower,0,7,18,0,25,0,23,53,0,76,0,30,71,0,101,62,0,62,163
11/22/2021,MOD,CA,AWP,WE,Federal Contract Tower,0,9,5,0,14,0,26,47,0,73,0,35,52,0,87,10,0,10,97
11/23/2021,MOD,CA,AWP,WE,Federal Contract Tower,0,11,16,0,27,0,16,15,0,31,0,27,31,0,58,0,0,0,58
11/24/2021,MOD,CA,AWP,WE,Federal Contract Tower,0,4,36,0,40,0,19,38,3,60,0,23,74,3,100,0,0,0,100
11/25/2021,MOD,CA,AWP,WE,Federal Contract Tower,0,7,15,0,22,0,0,7,0,7,0,7,22,0,29,0,0,0,29
11/26/2021,MOD,CA,AWP,WE,Federal Contract Tower,0,6,27,0,33,0,35,61,0,96,0,41,88,0,129,10,0,10,139
11/27/2021,MOD,CA,AWP,WE,Federal Contract Tower,0,14,7,0,21,0,19,59,0,78,0,33,66,0,99,22,0,22,121
11/28/2021,MOD,CA,AWP,WE,Federal Contract Tower,0,21,8,0,29,0,17,32,0,49,0,38,40,0,78,10,0,10,88
11/29/2021,MOD,CA,AWP,WE,Federal Contract Tower,0,18,4,0,22,0,20,38,0,58,0,38,42,0,80,26,0,26,106
11/30/2021,MOD,CA,AWP,WE,Federal Contract Tower,0,8,9,0,17,0,20,60,0,80,0,28,69,0,97,6,0,6,103
12/01/2021,MOD,CA,AWP,WE,Federal Contract Tower,0,5,21,0,26,0,13,34,0,47,0,18,55,0,73,20,0,20,93
12/02/2021,MOD,CA,AWP,WE,Federal Contract Tower,0,14,26,0,40,0,16,21,0,37,0,30,47,0,77,6,0,6,83
12/03/2021,MOD,CA,AWP,WE,Federal Contract Tower,0,19,6,0,25,0,8,24,0,32,0,27,30,0,57,0,0,0,57
12/04/2021,MOD,CA,AWP,WE,Federal Contract Tower,0,18,11,0,29,0,2,0,0,2,0,20,11,0,31,0,0,0,31
12/05/2021,MOD,CA,AWP,WE,Federal Contract Tower,0,7,26,0,33,0,12,19,0,31,0,19,45,0,64,12,0,12,76
12/06/2021,MOD,CA,AWP,WE,Federal Contract Tower,0,18,19,0,37,0,14,2,0,16,0,32,21,0,53,0,0,0,53
12/07/2021,MOD,CA,AWP,WE,Federal Contract Tower,0,17,20,0,37,0,0,0,0,0,0,17,20,0,37,0,0,0,37
12/08/2021,MOD,CA,AWP,WE,Federal Contract Tower,0,22,23,0,45,0,3,0,0,3,0,25,23,0,48,0,0,0,48
12/09/2021,MOD,CA,AWP,WE,Federal Contract Tower,0,17,4,0,21,0,7,39,0,46,0,24,43,0,67,36,0,36,103
12/10/2021,MOD,CA,AWP,WE,Federal Contract Tower,0,3,21,0,24,0,26,60,0,86,0,29,81,0,110,20,0,20,130
12/11/2021,MOD,CA,AWP,WE,Federal Contract Tower,0,2,18,0,20,0,24,64,0,88,0,26,82,0,108,30,0,30,138
12/12/2021,MOD,CA,AWP,WE,Federal Contract Tower,0,8,7,0,15,0,2,10,0,12,0,10,17,0,27,0,0,0,27
12/13/2021,MOD,CA,AWP,WE,Federal Contract Tower,0,13,1,0,14,0,1,1,0,2,0,14,2,0,16,0,0,0,16
12/14/2021,MOD,CA,AWP,WE,Federal Contract Tower,0,13,14,2,29,0,10,24,0,34,0,23,38,2,63,2,0,2,65
12/15/2021,MOD,CA,AWP,WE,Federal Contract Tower,0,8,10,0,18,0,26,31,0,57,0,34,41,0,75,14,0,14,89
12/16/2021,MOD,CA,AWP,WE,Federal Contract Tower,0,10,22,0,32,0,15,26,0,41,0,25,48,0,73,0,0,0,73
12/17/2021,MOD,CA,AWP,WE,Federal Contract Tower,0,14,34,0,48,0,12,34,0,46,0,26,68,0,94,0,0,0,94
12/18/2021,MOD,CA,AWP,WE,Federal Contract Tower,0,14,29,0,43,0,16,20,0,36,0,30,49,0,79,18,0,18,97
12/20/2021,MOD,CA,AWP,WE,Federal Contract Tower,0,12,33,0,45,0,0,0,0,0,0,12,33,0,45,0,0,0,45
12/21/2021,MOD,CA,AWP,WE,Federal Contract Tower,0,20,15,0,35,0,3,3,0,6,0,23,18,0,41,0,0,0,41
12/22/2021,MOD,CA,AWP,WE,Federal Contract Tower,0,16,7,0,23,0,26,33,0,59,0,42,40,0,82,0,0,0,82
12/23/2021,MOD,CA,AWP,WE,Federal Contract Tower,0,6,3,0,9,0,14,1,0,15,0,20,4,0,24,0,0,0,24
12/24/2021,MOD,CA,AWP,WE,Federal Contract Tower,0,8,4,0,12,0,20,13,0,33,0,28,17,0,45,2,0,2,47
12/25/2021,MOD,CA,AWP,WE,Federal Contract Tower,0,4,1,0,5,0,0,6,0,6,0,4,7,0,11,0,0,0,11
12/26/2021,MOD,CA,AWP,WE,Federal Contract Tower,0,8,5,0,13,0,33,28,0,61,0,41,33,0,74,14,0,14,88
12/27/2021,MOD,CA,AWP,WE,Federal Contract Tower,0,16,7,0,23,0,16,7,0,23,0,32,14,0,46,12,0,12,58
12/28/2021,MOD,CA,AWP,WE,Federal Contract Tower,0,14,13,0,27,0,6,23,0,29,0,20,36,0,56,2,0,2,58
12/29/2021,MOD,CA,AWP,WE,Federal Contract Tower,0,6,5,0,11,0,4,4,0,8,0,10,9,0,19,0,0,0,19
12/30/2021,MOD,CA,AWP,WE,Federal Contract Tower,0,13,11,0,24,0,19,58,0,77,0,32,69,0,101,12,0,12,113
12/31/2021,MOD,CA,AWP,WE,Federal Contract Tower,0,3,16,0,19,0,16,26,0,42,0,19,42,0,61,18,0,18,79
01/01/2022,MOD,CA,AWP,WE,Federal Contract Tower,0,1,10,0,11,0,20,45,0,65,0,21,55,0,76,22,0,22,98
01/02/2022,MOD,CA,AWP,WE,Federal Contract Tower,0,13,13,0,26,0,33,43,0,76,0,46,56,0,102,26,0,26,128
01/03/2022,MOD,CA,AWP,WE,Federal Contract Tower,0,18,8,0,26,0,21,36,0,57,0,39,44,0,83,20,0,20,103
01/04/2022,MOD,CA,AWP,WE,Federal Contract Tower,0,9,18,0,27,0,17,36,0,53,0,26,54,0,80,26,0,26,106
01/05/2022,MOD,CA,AWP,WE,Federal Contract Tower,0,9,17,1,27,0,16,65,1,82,0,25,82,2,109,10,0,10,119
01/06/2022,MOD,CA,AWP,WE,Federal Contract Tower,0,17,25,0,42,0,9,12,0,21,0,26,37,0,63,0,0,0,63
01/07/2022,MOD,CA,AWP,WE,Federal Contract Tower,0,8,8,0,16,0,10,35,0,45,0,18,43,0,61,34,0,34,95
01/08/2022,MOD,CA,AWP,WE,Federal Contract Tower,0,7,26,0,33,0,13,1,0,14,0,20,27,0,47,0,0,0,47
01/09/2022,MOD,CA,AWP,WE,Federal Contract Tower,0,5,8,0,13,0,11,41,0,52,0,16,49,0,65,58,0,58,123
01/10/2022,MOD,CA,AWP,WE,Federal Contract Tower,0,4,6,0,10,0,7,37,0,44,0,11,43,0,54,8,0,8,62
01/11/2022,MOD,CA,AWP,WE,Federal Contract Tower,0,4,32,0,36,0,10,51,0,61,0,14,83,0,97,26,0,26,123
01/12/2022,MOD,CA,AWP,WE,Federal Contract Tower,0,5,25,0,30,0,11,36,0,47,0,16,61,0,77,10,0,10,87
01/13/2022,MOD,CA,AWP,WE,Federal Contract Tower,0,10,40,0,50,0,16,49,0,65,0,26,89,0,115,22,0,22,137
01/14/2022,MOD,CA,AWP,WE,Federal Contract Tower,0,24,21,0,45,0,11,48,0,59,0,35,69,0,104,12,0,12,116
01/15/2022,MOD,CA,AWP,WE,Federal Contract Tower,0,8,19,0,27,0,13,25,0,38,0,21,44,0,65,16,0,16,81
01/16/2022,MOD,CA,AWP,WE,Federal Contract Tower,0,2,14,0,16,0,18,43,0,61,0,20,57,0,77,10,0,10,87
01/17/2022,MOD,CA,AWP,WE,Federal Contract Tower,0,8,23,0,31,0,21,58,0,79,0,29,81,0,110,62,0,62,172
01/18/2022,MOD,CA,AWP,WE,Federal Contract Tower,0,7,18,0,25,0,17,75,0,92,0,24,93,0,117,10,0,10,127
01/19/2022,MOD,CA,AWP,WE,Federal Contract Tower,0,4,23,3,30,0,28,39,0,67,0,32,62,3,97,42,0,42,139
01/20/2022,MOD,CA,AWP,WE,Federal Contract Tower,0,6,25,0,31,0,18,44,0,62,0,24,69,0,93,14,0,14,107
01/21/2022,MOD,CA,AWP,WE,Federal Contract Tower,0,11,15,0,26,0,11,12,0,23,0,22,27,0,49,0,0,0,49
01/22/2022,MOD,CA,AWP,WE,Federal Contract Tower,0,3,23,0,26,0,11,40,0,51,0,14,63,0,77,0,0,0,77
01/23/2022,MOD,CA,AWP,WE,Federal Contract Tower,0,8,15,0,23,0,10,21,0,31,0,18,36,0,54,18,0,18,72
01/24/2022,MOD,CA,AWP,WE,Federal Contract Tower,0,4,15,0,19,0,11,45,0,56,0,15,60,0,75,18,0,18,93
01/25/2022,MOD,CA,AWP,WE,Federal Contract Tower,0,6,8,0,14,0,8,60,0,68,0,14,68,0,82,16,0,16,98
01/26/2022,MOD,CA,AWP,WE,Federal Contract Tower,0,15,11,0,26,0,29,39,0,68,0,44,50,0,94,30,0,30,124
01/27/2022,MOD,CA,AWP,WE,Federal Contract Tower,0,5,14,2,21,0,25,51,0,76,0,30,65,2,97,28,0,28,125
01/28/2022,MOD,CA,AWP,WE,Federal Contract Tower,0,6,10,0,16,0,27,60,0,87,0,33,70,0,103,46,0,46,149
01/29/2022,MOD,CA,AWP,WE,Federal Contract Tower,0,2,31,0,33,0,13,55,2,70,0,15,86,2,103,4,0,4,107
01/30/2022,MOD,CA,AWP,WE,Federal Contract Tower,0,4,22,1,27,0,41,47,13,101,0,45,69,14,128,32,0,32,160
01/31/2022,MOD,CA,AWP,WE,Federal Contract Tower,0,7,20,0,27,0,11,82,0,93,0,18,102,0,120,20,0,20,140
02/01/2022,MOD,CA,AWP,WE,Federal Contract Tower,0,3,5,2,10,0,12,29,0,41,0,15,34,2,51,0,0,0,51
02/02/2022,MOD,CA,AWP,WE,Federal Contract Tower,0,6,4,2,12,0,30,32,0,62,0,36,36,2,74,2,0,2,76
02/03/2022,MOD,CA,AWP,WE,Federal Contract Tower,0,12,21,0,33,0,19,84,0,103,0,31,105,0,136,20,0,20,156
02/04/2022,MOD,CA,AWP,WE,Federal Contract Tower,0,2,25,0,27,0,19,79,0,98,0,21,104,0,125,78,12,90,215
02/05/2022,MOD,CA,AWP,WE,Federal Contract Tower,0,11,20,0,31,0,22,50,0,72,0,33,70,0,103,46,0,46,149
02/06/2022,MOD,CA,AWP,WE,Federal Contract Tower,0,8,26,0,34,0,28,58,0,86,0,36,84,0,120,38,0,38,158
02/07/2022,MOD,CA,AWP,WE,Federal Contract Tower,0,6,13,0,19,0,21,68,0,89,0,27,81,0,108,60,0,60,168
02/08/2022,MOD,CA,AWP,WE,Federal Contract Tower,0,10,28,0,38,0,9,64,0,73,0,19,92,0,111,26,0,26,137
02/09/2022,MOD,CA,AWP,WE,Federal Contract Tower,0,9,25,0,34,0,9,58,0,67,0,18,83,0,101,42,0,42,143
02/10/2022,MOD,CA,AWP,WE,Federal Contract Tower,0,6,32,0,38,0,22,71,0,93,0,28,103,0,131,38,0,38,169
02/11/2022,MOD,CA,AWP,WE,Federal Contract Tower,0,11,13,0,24,0,32,77,0,109,0,43,90,0,133,40,0,40,173
02/12/2022,MOD,CA,AWP,WE,Federal Contract Tower,0,5,24,0,29,0,18,76,0,94,0,23,100,0,123,50,0,50,173
02/13/2022,MOD,CA,AWP,WE,Federal Contract Tower,0,9,6,0,15,0,16,49,0,65,0,25,55,0,80,18,0,18,98
02/14/2022,MOD,CA,AWP,WE,Federal Contract Tower,0,9,8,0,17,0,17,52,0,69,0,26,60,0,86,28,0,28,114
02/15/2022,MOD,CA,AWP,WE,Federal Contract Tower,0,9,6,2,17,0,11,13,0,24,0,20,19,2,41,0,0,0,41
02/16/2022,MOD,CA,AWP,WE,Federal Contract Tower,0,6,10,0,16,0,19,65,0,84,0,25,75,0,100,24,0,24,124
02/17/2022,MOD,CA,AWP,WE,Federal Contract Tower,0,6,20,0,26,0,18,72,0,90,0,24,92,0,116,34,0,34,150
02/18/2022,MOD,CA,AWP,WE,Federal Contract Tower,0,5,24,0,29,0,40,101,0,141,0,45,125,0,170,54,0,54,224
02/19/2022,MOD,CA,AWP,WE,Federal Contract Tower,0,4,9,0,13,0,21,78,0,99,0,25,87,0,112,42,0,42,154
02/20/2022,MOD,CA,AWP,WE,Federal Contract Tower,0,1,12,0,13,0,12,43,0,55,0,13,55,0,68,56,0,56,124
02/21/2022,MOD,CA,AWP,WE,Federal Contract Tower,0,7,14,0,21,0,13,46,0,59,0,20,60,0,80,40,0,40,120
02/22/2022,MOD,CA,AWP,WE,Federal Contract Tower,0,6,6,0,12,0,7,15,0,22,0,13,21,0,34,12,0,12,46
02/23/2022,MOD,CA,AWP,WE,Federal Contract Tower,0,13,27,0,40,0,25,39,0,64,0,38,66,0,104,34,0,34,138
02/24/2022,MOD,CA,AWP,WE,Federal Contract Tower,0,13,22,0,35,0,20,76,0,96,0,33,98,0,131,58,0,58,189
02/25/2022,MOD,CA,AWP,WE,Federal Contract Tower,0,5,21,0,26,0,25,72,0,97,0,30,93,0,123,88,0,88,211
02/26/2022,MOD,CA,AWP,WE,Federal Contract Tower,0,9,21,0,30,0,36,69,0,105,0,45,90,0,135,48,0,48,183
02/27/2022,MOD,CA,AWP,WE,Federal Contract Tower,0,1,19,0,20,0,22,70,0,92,0,23,89,0,112,66,0,66,178
02/28/2022,MOD,CA,AWP,WE,Federal Contract Tower,0,9,12,0,21,0,23,61,0,84,0,32,73,0,105,16,0,16,121
03/01/2022,MOD,CA,AWP,WE,Federal Contract Tower,0,3,4,0,7,0,16,54,0,70,0,19,58,0,77,36,0,36,113
03/02/2022,MOD,CA,AWP,WE,Federal Contract Tower,0,15,20,0,35,0,21,79,0,100,0,36,99,0,135,34,0,34,169
03/03/2022,MOD,CA,AWP,WE,Federal Contract Tower,0,14,16,0,30,0,23,72,0,95,0,37,88,0,125,38,0,38,163
03/04/2022,MOD,CA,AWP,WE,Federal Contract Tower,0,12,8,0,20,0,19,44,0,63,0,31,52,0,83,62,0,62,145
03/05/2022,MOD,CA,AWP,WE,Federal Contract Tower,0,9,30,0,39,0,34,39,0,73,0,43,69,0,112,26,0,26,138
03/06/2022,MOD,CA,AWP,WE,Federal Contract Tower,0,4,21,0,25,0,30,77,0,107,0,34,98,0,132,52,0,52,184
03/07/2022,MOD,CA,AWP,WE,Federal Contract Tower,0,5,12,0,17,0,22,45,0,67,0,27,57,0,84,26,0,26,110
03/08/2022,MOD,CA,AWP,WE,Federal Contract Tower,0,8,22,0,30,0,15,42,0,57,0,23,64,0,87,36,0,36,123
03/09/2022,MOD,CA,AWP,WE,Federal Contract Tower,0,11,16,0,27,0,9,50,0,59,0,20,66,0,86,20,0,20,106
03/10/2022,MOD,CA,AWP,WE,Federal Contract Tower,0,11,10,0,21,0,23,15,0,38,0,34,25,0,59,8,0,8,67
03/11/2022,MOD,CA,AWP,WE,Federal Contract Tower,0,15,18,0,33,0,35,74,0,109,0,50,92,0,142,76,0,76,218
03/12/2022,MOD,CA,AWP,WE,Federal Contract Tower,0,2,24,0,26,0,20,108,0,128,0,22,132,0,154,60,0,60,214
03/13/2022,MOD,CA,AWP,WE,Federal Contract Tower,0,9,16,0,25,0,16,37,0,53,0,25,53,0,78,22,0,22,100
03/14/2022,MOD,CA,AWP,WE,Federal Contract Tower,0,3,28,0,31,0,27,52,0,79,0,30,80,0,110,34,0,34,144
03/15/2022,MOD,CA,AWP,WE,Federal Contract Tower,0,11,12,0,23,0,8,50,0,58,0,19,62,0,81,4,0,4,85
03/16/2022,MOD,CA,AWP,WE,Federal Contract Tower,0,5,27,0,32,0,14,59,0,73,0,19,86,0,105,18,0,18,123
03/17/2022,MOD,CA,AWP,WE,Federal Contract Tower,0,4,34,0,38,0,18,46,0,64,0,22,80,0,102,50,0,50,152
03/18/2022,MOD,CA,AWP,WE,Federal Contract Tower,0,11,32,0,43,0,23,66,0,89,0,34,98,0,132,54,0,54,186
03/19/2022,MOD,CA,AWP,WE,Federal Contract Tower,0,4,8,0,12,0,21,8,0,29,0,25,16,0,41,36,0,36,77
03/20/2022,MOD,CA,AWP,WE,Federal Contract Tower,0,12,2,0,14,0,26,28,0,54,0,38,30,0,68,24,0,24,92
03/21/2022,MOD,CA,AWP,WE,Federal Contract Tower,0,7,18,2,27,0,9,48,0,57,0,16,66,2,84,40,0,40,124
03/22/2022,MOD,CA,AWP,WE,Federal Contract Tower,0,7,28,0,35,0,9,73,0,82,0,16,101,0,117,56,0,56,173
03/23/2022,MOD,CA,AWP,WE,Federal Contract Tower,0,2,24,0,26,0,17,74,0,91,0,19,98,0,117,48,0,48,165
03/24/2022,MOD,CA,AWP,WE,Federal Contract Tower,0,5,28,2,35,0,20,55,0,75,0,25,83,2,110,40,0,40,150
03/25/2022,MOD,CA,AWP,WE,Federal Contract Tower,0,10,14,1,25,2,38,55,1,96,2,48,69,2,121,108,0,108,229
03/26/2022,MOD,CA,AWP,WE,Federal Contract Tower,0,2,14,0,16,0,21,91,0,112,0,23,105,0,128,26,0,26,154
03/27/2022,MOD,CA,AWP,WE,Federal Contract Tower,0,4,5,0,9,0,21,51,0,72,0,25,56,0,81,26,0,26,107
03/28/2022,MOD,CA,AWP,WE,Federal Contract Tower,0,8,3,0,11,0,9,6,0,15,0,17,9,0,26,10,0,10,36
03/29/2022,MOD,CA,AWP,WE,Federal Contract Tower,0,12,21,0,33,0,11,84,0,95,0,23,105,0,128,24,0,24,152
03/30/2022,MOD,CA,AWP,WE,Federal Contract Tower,0,8,27,0,35,0,13,66,0,79,0,21,93,0,114,50,0,50,164
03/31/2022,MOD,CA,AWP,WE,Federal Contract Tower,0,2,25,0,27,0,26,69,0,95,0,28,94,0,122,90,0,90,212
04/01/2022,MOD,CA,AWP,WE,Federal Contract Tower,0,7,30,0,37,0,27,76,0,103,0,34,106,0,140,22,0,22,162
04/02/2022,MOD,CA,AWP,WE,Federal Contract Tower,0,4,25,0,29,0,15,95,0,110,0,19,120,0,139,64,0,64,203
04/03/2022,MOD,CA,AWP,WE,Federal Contract Tower,0,4,18,0,22,0,21,53,0,74,0,25,71,0,96,38,0,38,134
04/04/2022,MOD,CA,AWP,WE,Federal Contract Tower,0,6,16,0,22,0,19,69,0,88,0,25,85,0,110,38,0,38,148
04/05/2022,MOD,CA,AWP,WE,Federal Contract Tower,0,2,15,0,17,0,29,27,0,56,0,31,42,0,73,16,0,16,89
04/06/2022,MOD,CA,AWP,WE,Federal Contract Tower,0,4,18,1,23,0,13,54,1,68,0,17,72,2,91,40,0,40,131
04/07/2022,MOD,CA,AWP,WE,Federal Contract Tower,0,14,23,0,37,0,27,61,0,88,0,41,84,0,125,24,0,24,149
04/08/2022,MOD,CA,AWP,WE,Federal Contract Tower,0,5,16,0,21,0,33,79,0,112,0,38,95,0,133,52,0,52,185
04/09/2022,MOD,CA,AWP,WE,Federal Contract Tower,0,2,13,0,15,0,26,40,0,66,0,28,53,0,81,4,0,4,85
04/10/2022,MOD,CA,AWP,WE,Federal Contract Tower,0,6,6,0,12,0,35,11,0,46,0,41,17,0,58,20,0,20,78
04/11/2022,MOD,CA,AWP,WE,Federal Contract Tower,0,11,4,0,15,0,24,16,0,40,0,35,20,0,55,26,0,26,81
04/12/2022,MOD,CA,AWP,WE,Federal Contract Tower,0,8,9,0,17,0,11,70,0,81,0,19,79,0,98,30,0,30,128
04/13/2022,MOD,CA,AWP,WE,Federal Contract Tower,0,11,21,0,32,0,9,76,0,85,0,20,97,0,117,42,0,42,159
04/14/2022,MOD,CA,AWP,WE,Federal Contract Tower,0,11,0,2,13,0,12,65,0,77,0,23,65,2,90,84,0,84,174
04/15/2022,MOD,CA,AWP,WE,Federal Contract Tower,0,11,24,0,35,0,34,73,0,107,0,45,97,0,142,74,0,74,216
04/16/2022,MOD,CA,AWP,WE,Federal Contract Tower,0,3,11,0,14,0,15,17,0,32,0,18,28,0,46,16,0,16,62
04/17/2022,MOD,CA,AWP,WE,Federal Contract Tower,0,5,13,0,18,0,20,57,0,77,0,25,70,0,95,32,0,32,127
04/18/2022,MOD,CA,AWP,WE,Federal Contract Tower,0,6,25,0,31,0,22,42,0,64,0,28,67,0,95,60,0,60,155
04/19/2022,MOD,CA,AWP,WE,Federal Contract Tower,0,12,12,0,24,0,19,29,0,48,0,31,41,0,72,22,0,22,94
04/20/2022,MOD,CA,AWP,WE,Federal Contract Tower,0,8,15,0,23,0,6,48,0,54,0,14,63,0,77,82,0,82,159
04/21/2022,MOD,CA,AWP,WE,Federal Contract Tower,0,20,4,0,24,0,12,12,0,24,0,32,16,0,48,32,0,32,80
04/22/2022,MOD,CA,AWP,WE,Federal Contract Tower,0,11,42,0,53,0,23,40,0,63,0,34,82,0,116,40,8,48,164
04/23/2022,MOD,CA,AWP,WE,Federal Contract Tower,0,5,32,0,37,0,19,120,0,139,0,24,152,0,176,48,0,48,224
04/24/2022,MOD,CA,AWP,WE,Federal Contract Tower,0,10,14,0,24,0,14,102,0,116,0,24,116,0,140,50,0,50,190
04/25/2022,MOD,CA,AWP,WE,Federal Contract Tower,0,10,19,0,29,0,21,78,2,101,0,31,97,2,130,14,0,14,144
04/26/2022,MOD,CA,AWP,WE,Federal Contract Tower,0,2,19,0,21,0,20,47,0,67,0,22,66,0,88,46,0,46,134
04/27/2022,MOD,CA,AWP,WE,Federal Contract Tower,0,5,26,0,31,0,12,64,3,79,0,17,90,3,110,24,0,24,134
04/28/2022,MOD,CA,AWP,WE,Federal Contract Tower,0,8,11,0,19,0,21,44,0,65,0,29,55,0,84,46,0,46,130
04/29/2022,MOD,CA,AWP,WE,Federal Contract Tower,0,6,18,0,24,0,30,52,0,82,0,36,70,0,106,42,0,42,148
04/30/2022,MOD,CA,AWP,WE,Federal Contract Tower,0,3,23,0,26,0,33,65,0,98,0,36,88,0,124,44,0,44,168
05/01/2022,MOD,CA,AWP,WE,Federal Contract Tower,0,9,23,0,32,0,35,32,0,67,0,44,55,0,99,30,0,30,129
05/02/2022,MOD,CA,AWP,WE,Federal Contract Tower,0,3,42,2,47,0,32,22,0,54,0,35,64,2,101,2,0,2,103
05/03/2022,MOD,CA,AWP,WE,Federal Contract Tower,0,14,12,0,26,0,22,25,0,47,0,36,37,0,73,4,0,4,77
05/04/2022,MOD,CA,AWP,WE,Federal Contract Tower,0,6,37,0,43,0,19,84,0,103,0,25,121,0,146,80,0,80,226
05/05/2022,MOD,CA,AWP,WE,Federal Contract Tower,0,8,16,0,24,0,16,54,0,70,0,24,70,0,94,56,0,56,150
05/06/2022,MOD,CA,AWP,WE,Federal Contract Tower,0,8,22,0,30,0,15,53,0,68,0,23,75,0,98,94,0,94,192
05/07/2022,MOD,CA,AWP,WE,Federal Contract Tower,0,2,13,0,15,0,20,44,0,64,0,22,57,0,79,44,0,44,123
05/08/2022,MOD,CA,AWP,WE,Federal Contract Tower,0,3,1,0,4,0,25,9,0,34,0,28,10,0,38,0,0,0,38
05/09/2022,MOD,CA,AWP,WE,Federal Contract Tower,0,11,7,0,18,0,16,50,0,66,0,27,57,0,84,54,0,54,138
05/10/2022,MOD,CA,AWP,WE,Federal Contract Tower,0,8,17,0,25,0,15,42,0,57,0,23,59,0,82,18,0,18,100
05/11/2022,MOD,CA,AWP,WE,Federal Contract Tower,0,10,19,0,29,0,19,48,0,67,0,29,67,0,96,46,0,46,142
05/12/2022,MOD,CA,AWP,WE,Federal Contract Tower,0,13,20,0,33,0,38,54,0,92,0,51,74,0,125,64,0,64,189
05/13/2022,MOD,CA,AWP,WE,Federal Contract Tower,0,8,26,0,34,0,17,62,0,79,0,25,88,0,113,46,0,46,159
05/14/2022,MOD,CA,AWP,WE,Federal Contract Tower,0,1,19,0,20,0,15,89,0,104,0,16,108,0,124,22,0,22,146
05/15/2022,MOD,CA,AWP,WE,Federal Contract Tower,0,15,12,0,27,0,17,50,0,67,0,32,62,0,94,20,0,20,114
05/16/2022,MOD,CA,AWP,WE,Federal Contract Tower,0,7,22,0,29,0,37,49,0,86,0,44,71,0,115,78,0,78,193
05/17/2022,MOD,CA,AWP,WE,Federal Contract Tower,0,7,15,0,22,0,19,49,0,68,0,26,64,0,90,24,0,24,114
05/18/2022,MOD,CA,AWP,WE,Federal Contract Tower,0,7,8,0,15,0,15,55,2,72,0,22,63,2,87,70,0,70,157
05/19/2022,MOD,CA,AWP,WE,Federal Contract Tower,0,8,10,0,18,0,22,27,0,49,0,30,37,0,67,16,0,16,83
05/20/2022,MOD,CA,AWP,WE,Federal Contract Tower,0,5,14,0,19,0,24,14,0,38,0,29,28,0,57,2,0,2,59
05/21/2022,MOD,CA,AWP,WE,Federal Contract Tower,0,3,18,0,21,0,13,82,0,95,0,16,100,0,116,24,0,24,140
05/22/2022,MOD,CA,AWP,WE,Federal Contract Tower,0,17,20,0,37,0,24,70,0,94,0,41,90,0,131,90,0,90,221
05/23/2022,MOD,CA,AWP,WE,Federal Contract Tower,0,6,10,0,16,0,27,45,2,74,0,33,55,2,90,28,0,28,118
05/24/2022,MOD,CA,AWP,WE,Federal Contract Tower,0,2,24,0,26,0,17,43,0,60,0,19,67,0,86,48,0,48,134
05/25/2022,MOD,CA,AWP,WE,Federal Contract Tower,0,8,11,2,21,0,9,64,0,73,0,17,75,2,94,26,0,26,120
05/26/2022,MOD,CA,AWP,WE,Federal Contract Tower,0,8,8,0,16,0,25,58,0,83,0,33,66,0,99,44,0,44,143
05/27/2022,MOD,CA,AWP,WE,Federal Contract Tower,0,7,29,0,36,0,22,68,0,90,0,29,97,0,126,64,0,64,190
05/28/2022,MOD,CA,AWP,WE,Federal Contract Tower,0,1,26,0,27,0,19,41,0,60,0,20,67,0,87,40,0,40,127
05/29/2022,MOD,CA,AWP,WE,Federal Contract Tower,0,4,9,0,13,0,20,26,0,46,0,24,35,0,59,16,0,16,75
05/30/2022,MOD,CA,AWP,WE,Federal Contract Tower,0,3,18,0,21,0,36,27,0,63,0,39,45,0,84,16,0,16,100
05/31/2022,MOD,CA,AWP,WE,Federal Contract Tower,0,5,11,0,16,0,14,44,0,58,0,19,55,0,74,62,0,62,136
06/01/2022,MOD,CA,AWP,WE,Federal Contract Tower,0,3,31,0,34,0,12,74,0,86,0,15,105,0,120,108,0,108,228
06/02/2022,MOD,CA,AWP,WE,Federal Contract Tower,0,4,8,0,12,0,13,57,0,70,0,17,65,0,82,26,0,26,108
06/03/2022,MOD,CA,AWP,WE,Federal Contract Tower,0,9,18,0,27,0,11,49,0,60,0,20,67,0,87,40,0,40,127
06/04/2022,MOD,CA,AWP,WE,Federal Contract Tower,0,8,26,0,34,0,26,64,0,90,0,34,90,0,124,36,0,36,160
06/05/2022,MOD,CA,AWP,WE,Federal Contract Tower,0,11,7,0,18,0,10,69,0,79,0,21,76,0,97,64,0,64,161
06/06/2022,MOD,CA,AWP,WE,Federal Contract Tower,0,5,10,0,15,0,12,53,0,65,0,17,63,0,80,54,0,54,134
06/07/2022,MOD,CA,AWP,WE,Federal Contract Tower,0,2,16,0,18,0,18,61,0,79,0,20,77,0,97,26,0,26,123
06/08/2022,MOD,CA,AWP,WE,Federal Contract Tower,0,4,6,0,10,0,6,62,0,68,0,10,68,0,78,62,0,62,140
06/09/2022,MOD,CA,AWP,WE,Federal Contract Tower,0,15,14,0,29,0,22,47,0,69,0,37,61,0,98,38,0,38,136
06/10/2022,MOD,CA,AWP,WE,Federal Contract Tower,0,12,14,0,26,0,29,62,0,91,0,41,76,0,117,36,0,36,153
06/11/2022,MOD,CA,AWP,WE,Federal Contract Tower,0,5,2,0,7,0,21,89,0,110,0,26,91,0,117,38,0,38,155
06/12/2022,MOD,CA,AWP,WE,Federal Contract Tower,0,2,8,0,10,0,16,44,0,60,0,18,52,0,70,10,0,10,80
06/13/2022,MOD,CA,AWP,WE,Federal Contract Tower,0,8,21,0,29,0,36,22,0,58,0,44,43,0,87,10,0,10,97
06/14/2022,MOD,CA,AWP,WE,Federal Contract Tower,0,4,23,0,27,0,22,48,0,70,0,26,71,0,97,38,0,38,135
06/15/2022,MOD,CA,AWP,WE,Federal Contract Tower,0,6,25,0,31,0,17,71,0,88,0,23,96,0,119,72,0,72,191
06/16/2022,MOD,CA,AWP,WE,Federal Contract Tower,0,8,18,2,28,0,25,59,0,84,0,33,77,2,112,32,0,32,144
06/17/2022,MOD,CA,AWP,WE,Federal Contract Tower,0,4,9,0,13,0,36,52,0,88,0,40,61,0,101,78,0,78,179
06/18/2022,MOD,CA,AWP,WE,Federal Contract Tower,0,2,21,0,23,0,23,75,0,98,0,25,96,0,121,50,0,50,171
06/19/2022,MOD,CA,AWP,WE,Federal Contract Tower,0,8,4,0,12,0,22,70,0,92,0,30,74,0,104,32,0,32,136
06/20/2022,MOD,CA,AWP,WE,Federal Contract Tower,0,8,31,0,39,0,20,82,0,102,0,28,113,0,141,54,0,54,195
06/21/2022,MOD,CA,AWP,WE,Federal Contract Tower,0,1,9,0,10,0,26,47,0,73,0,27,56,0,83,72,0,72,155
06/22/2022,MOD,CA,AWP,WE,Federal Contract Tower,0,0,7,0,7,0,11,56,0,67,0,11,63,0,74,70,0,70,144
06/23/2022,MOD,CA,AWP,WE,Federal Contract Tower,0,3,5,0,8,0,30,81,0,111,0,33,86,0,119,54,0,54,173
06/24/2022,MOD,CA,AWP,WE,Federal Contract Tower,0,3,21,0,24,0,37,46,0,83,0,40,67,0,107,84,0,84,191
06/25/2022,MOD,CA,AWP,WE,Federal Contract Tower,0,2,27,0,29,0,23,93,0,116,0,25,120,0,145,36,0,36,181
06/26/2022,MOD,CA,AWP,WE,Federal Contract Tower,0,3,12,0,15,0,34,59,0,93,0,37,71,0,108,16,0,16,124
06/27/2022,MOD,CA,AWP,WE,Federal Contract Tower,0,6,12,0,18,0,28,73,0,101,0,34,85,0,119,24,0,24,143
06/28/2022,MOD,CA,AWP,WE,Federal Contract Tower,0,7,8,0,15,0,30,41,0,71,0,37,49,0,86,38,0,38,124
06/29/2022,MOD,CA,AWP,WE,Federal Contract Tower,0,9,9,2,20,0,22,106,0,128,0,31,115,2,148,120,0,120,268
06/30/2022,MOD,CA,AWP,WE,Federal Contract Tower,0,5,12,0,17,0,16,66,0,82,0,21,78,0,99,58,0,58,157
07/01/2022,MOD,CA,AWP,WE,Federal Contract Tower,0,6,11,0,17,0,26,71,0,97,0,32,82,0,114,84,0,84,198
07/02/2022,MOD,CA,AWP,WE,Federal Contract Tower,0,11,8,0,19,0,30,63,0,93,0,41,71,0,112,40,0,40,152
07/03/2022,MOD,CA,AWP,WE,Federal Contract Tower,0,4,2,0,6,0,17,30,0,47,0,21,32,0,53,4,0,4,57
07/04/2022,MOD,CA,AWP,WE,Federal Contract Tower,0,6,9,0,15,0,28,36,0,64,0,34,45,0,79,0,0,0,79
07/05/2022,MOD,CA,AWP,WE,Federal Contract Tower,0,5,15,0,20,0,21,48,0,69,0,26,63,0,89,74,0,74,163
07/06/2022,MOD,CA,AWP,WE,Federal Contract Tower,0,3,15,0,18,0,14,62,0,76,0,17,77,0,94,58,0,58,152
07/07/2022,MOD,CA,AWP,WE,Federal Contract Tower,0,20,9,0,29,0,42,61,0,103,0,62,70,0,132,32,0,32,164
07/08/2022,MOD,CA,AWP,WE,Federal Contract Tower,0,7,13,0,20,0,32,56,0,88,0,39,69,0,108,24,0,24,132
07/09/2022,MOD,CA,AWP,WE,Federal Contract Tower,0,2,20,0,22,0,21,150,0,171,0,23,170,0,193,36,0,36,229
07/10/2022,MOD,CA,AWP,WE,Federal Contract Tower,0,7,13,0,20,0,25,75,0,100,0,32,88,0,120,42,0,42,162
07/11/2022,MOD,CA,AWP,WE,Federal Contract Tower,0,11,13,0,24,0,20,54,0,74,0,31,67,0,98,72,0,72,170
07/12/2022,MOD,CA,AWP,WE,Federal Contract Tower,0,7,11,0,18,0,23,36,0,59,0,30,47,0,77,16,0,16,93
07/13/2022,MOD,CA,AWP,WE,Federal Contract Tower,0,6,4,0,10,0,23,53,0,76,0,29,57,0,86,58,0,58,144
07/14/2022,MOD,CA,AWP,WE,Federal Contract Tower,0,1,13,4,18,0,21,55,0,76,0,22,68,4,94,44,0,44,138
07/15/2022,MOD,CA,AWP,WE,Federal Contract Tower,0,1,11,0,12,0,21,74,0,95,0,22,85,0,107,48,0,48,155
07/16/2022,MOD,CA,AWP,WE,Federal Contract Tower,0,3,9,0,12,0,29,78,0,107,0,32,87,0,119,60,0,60,179
07/17/2022,MOD,CA,AWP,WE,Federal Contract Tower,0,5,7,0,12,0,16,55,0,71,0,21,62,0,83,24,0,24,107
07/18/2022,MOD,CA,AWP,WE,Federal Contract Tower,0,7,11,0,18,0,13,49,0,62,0,20,60,0,80,46,0,46,126
07/19/2022,MOD,CA,AWP,WE,Federal Contract Tower,0,5,7,2,14,0,20,72,0,92,0,25,79,2,106,38,0,38,144
07/20/2022,MOD,CA,AWP,WE,Federal Contract Tower,0,5,12,0,17,0,9,76,0,85,0,14,88,0,102,64,0,64,166
07/21/2022,MOD,CA,AWP,WE,Federal Contract Tower,0,11,12,0,23,0,23,49,0,72,0,34,61,0,95,44,2,46,141
07/22/2022,MOD,CA,AWP,WE,Federal Contract Tower,0,8,14,0,22,0,38,62,0,100,0,46,76,0,122,34,0,34,156
07/23/2022,MOD,CA,AWP,WE,Federal Contract Tower,0,6,11,0,17,0,30,112,0,142,0,36,123,0,159,54,0,54,213
07/24/2022,MOD,CA,AWP,WE,Federal Contract Tower,0,4,6,0,10,0,21,57,0,78,0,25,63,0,88,14,0,14,102
07/25/2022,MOD,CA,AWP,WE,Federal Contract Tower,0,3,14,0,17,0,15,50,0,65,0,18,64,0,82,12,0,12,94
07/26/2022,MOD,CA,AWP,WE,Federal Contract Tower,0,7,20,0,27,0,18,33,0,51,0,25,53,0,78,14,0,14,92
07/27/2022,MOD,CA,AWP,WE,Federal Contract Tower,0,9,3,0,12,0,18,61,0,79,0,27,64,0,91,46,0,46,137
07/28/2022,MOD,CA,AWP,WE,Federal Contract Tower,0,7,8,0,15,0,34,73,0,107,0,41,81,0,122,6,0,6,128
07/29/2022,MOD,CA,AWP,WE,Federal Contract Tower,0,11,18,0,29,0,25,50,0,75,0,36,68,0,104,30,0,30,134
07/30/2022,MOD,CA,AWP,WE,Federal Contract Tower,0,6,14,0,20,0,13,60,0,73,0,19,74,0,93,60,0,60,153
07/31/2022,MOD,CA,AWP,WE,Federal Contract Tower,0,9,19,0,28,0,24,47,0,71,0,33,66,0,99,28,0,28,127
08/01/2022,MOD,CA,AWP,WE,Federal Contract Tower,0,5,16,0,21,0,26,50,0,76,0,31,66,0,97,14,0,14,111
08/02/2022,MOD,CA,AWP,WE,Federal Contract Tower,0,5,21,0,26,0,35,41,2,78,0,40,62,2,104,30,0,30,134
08/03/2022,MOD,CA,AWP,WE,Federal Contract Tower,0,5,11,0,16,0,22,68,1,91,0,27,79,1,107,24,0,24,131
08/04/2022,MOD,CA,AWP,WE,Federal Contract Tower,0,7,11,2,20,0,36,50,0,86,0,43,61,2,106,24,0,24,130
08/05/2022,MOD,CA,AWP,WE,Federal Contract Tower,0,6,33,0,39,0,28,68,0,96,0,34,101,0,135,14,0,14,149
08/06/2022,MOD,CA,AWP,WE,Federal Contract Tower,0,2,4,0,6,0,16,66,0,82,0,18,70,0,88,58,0,58,146
08/07/2022,MOD,CA,AWP,WE,Federal Contract Tower,0,9,18,0,27,0,19,55,0,74,0,28,73,0,101,20,0,20,121
08/08/2022,MOD,CA,AWP,WE,Federal Contract Tower,0,5,14,2,21,0,21,53,0,74,0,26,67,2,95,10,0,10,105
08/09/2022,MOD,CA,AWP,WE,Federal Contract Tower,0,4,10,0,14,0,22,58,0,80,0,26,68,0,94,74,0,74,168
08/10/2022,MOD,CA,AWP,WE,Federal Contract Tower,0,4,17,2,23,0,16,68,0,84,0,20,85,2,107,56,0,56,163
08/11/2022,MOD,CA,AWP,WE,Federal Contract Tower,0,9,36,0,45,0,28,46,0,74,0,37,82,0,119,24,0,24,143
08/12/2022,MOD,CA,AWP,WE,Federal Contract Tower,0,4,10,0,14,0,25,47,0,72,0,29,57,0,86,36,0,36,122
08/13/2022,MOD,CA,AWP,WE,Federal Contract Tower,0,3,11,0,14,0,28,160,0,188,0,31,171,0,202,46,0,46,248
08/14/2022,MOD,CA,AWP,WE,Federal Contract Tower,0,5,17,0,22,0,20,79,0,99,0,25,96,0,121,86,0,86,207
08/15/2022,MOD,CA,AWP,WE,Federal Contract Tower,0,7,17,0,24,0,23,67,0,90,0,30,84,0,114,16,0,16,130
08/16/2022,MOD,CA,AWP,WE,Federal Contract Tower,0,7,9,0,16,0,20,57,0,77,0,27,66,0,93,98,0,98,191
08/17/2022,MOD,CA,AWP,WE,Federal Contract Tower,0,7,2,0,9,0,14,42,0,56,0,21,44,0,65,70,0,70,135
08/18/2022,MOD,CA,AWP,WE,Federal Contract Tower,0,11,14,0,25,0,10,34,0,44,0,21,48,0,69,78,0,78,147
08/19/2022,MOD,CA,AWP,WE,Federal Contract Tower,0,12,9,0,21,0,32,54,0,86,0,44,63,0,107,36,0,36,143
08/20/2022,MOD,CA,AWP,WE,Federal Contract Tower,0,5,8,0,13,0,19,53,0,72,0,24,61,0,85,46,0,46,131
08/21/2022,MOD,CA,AWP,WE,Federal Contract Tower,0,7,19,0,26,0,24,59,0,83,0,31,78,0,109,68,0,68,177
08/22/2022,MOD,CA,AWP,WE,Federal Contract Tower,0,6,14,0,20,0,24,32,0,56,0,30,46,0,76,22,0,22,98
08/23/2022,MOD,CA,AWP,WE,Federal Contract Tower,0,2,7,0,9,0,28,59,0,87,0,30,66,0,96,68,0,68,164
08/24/2022,MOD,CA,AWP,WE,Federal Contract Tower,0,5,24,0,29,0,15,69,0,84,0,20,93,0,113,34,0,34,147
08/25/2022,MOD,CA,AWP,WE,Federal Contract Tower,0,12,20,0,32,0,22,41,0,63,0,34,61,0,95,10,0,10,105
08/26/2022,MOD,CA,AWP,WE,Federal Contract Tower,0,14,12,0,26,0,27,61,0,88,0,41,73,0,114,50,0,50,164
08/27/2022,MOD,CA,AWP,WE,Federal Contract Tower,0,7,31,0,38,0,19,103,0,122,0,26,134,0,160,54,0,54,214
08/28/2022,MOD,CA,AWP,WE,Federal Contract Tower,0,1,14,0,15,0,19,64,0,83,0,20,78,0,98,104,0,104,202
08/29/2022,MOD,CA,AWP,WE,Federal Contract Tower,0,11,31,0,42,0,34,35,0,69,0,45,66,0,111,44,0,44,155
08/30/2022,MOD,CA,AWP,WE,Federal Contract Tower,0,13,15,0,28,0,20,50,0,70,0,33,65,0,98,50,0,50,148
08/31/2022,MOD,CA,AWP,WE,Federal Contract Tower,0,7,19,0,26,0,12,72,0,84,0,19,91,0,110,68,0,68,178
09/01/2022,MOD,CA,AWP,WE,Federal Contract Tower,0,10,29,0,39,0,35,57,0,92,0,45,86,0,131,10,0,10,141
09/02/2022,MOD,CA,AWP,WE,Federal Contract Tower,0,5,9,0,14,0,33,49,0,82,0,38,58,0,96,46,0,46,142
09/03/2022,MOD,CA,AWP,WE,Federal Contract Tower,0,0,22,0,22,0,41,49,0,90,0,41,71,0,112,16,0,16,128
09/04/2022,MOD,CA,AWP,WE,Federal Contract Tower,0,1,10,0,11,0,6,22,0,28,0,7,32,0,39,0,0,0,39
09/05/2022,MOD,CA,AWP,WE,Federal Contract Tower,0,6,0,0,6,0,19,31,0,50,0,25,31,0,56,26,0,26,82
09/06/2022,MOD,CA,AWP,WE,Federal Contract Tower,0,3,2,0,5,0,3,24,0,27,0,6,26,0,32,0,0,0,32
09/07/2022,MOD,CA,AWP,WE,Federal Contract Tower,0,2,1,0,3,0,1,12,0,13,0,3,13,0,16,0,0,0,16
09/08/2022,MOD,CA,AWP,WE,Federal Contract Tower,0,0,0,0,0,0,0,0,0,0,0,0,0,0,0,0,0,0,0
09/09/2022,MOD,CA,AWP,WE,Federal Contract Tower,0,8,16,0,24,0,5,44,0,49,0,13,60,0,73,26,0,26,99
09/10/2022,MOD,CA,AWP,WE,Federal Contract Tower,0,3,17,0,20,0,1,97,0,98,0,4,114,0,118,20,0,20,138
09/11/2022,MOD,CA,AWP,WE,Federal Contract Tower,0,4,3,0,7,0,10,37,0,47,0,14,40,0,54,10,0,10,64
09/12/2022,MOD,CA,AWP,WE,Federal Contract Tower,0,8,19,0,27,0,10,42,0,52,0,18,61,0,79,44,0,44,123
09/13/2022,MOD,CA,AWP,WE,Federal Contract Tower,0,7,13,0,20,0,26,50,0,76,0,33,63,0,96,46,0,46,142
09/14/2022,MOD,CA,AWP,WE,Federal Contract Tower,0,3,10,0,13,0,12,44,0,56,0,15,54,0,69,40,0,40,109
09/15/2022,MOD,CA,AWP,WE,Federal Contract Tower,0,6,18,0,24,0,15,31,0,46,0,21,49,0,70,34,0,34,104
09/16/2022,MOD,CA,AWP,WE,Federal Contract Tower,0,5,17,0,22,0,41,75,0,116,0,46,92,0,138,76,0,76,214
09/17/2022,MOD,CA,AWP,WE,Federal Contract Tower,0,13,16,0,29,0,13,51,0,64,0,26,67,0,93,106,0,106,199
09/18/2022,MOD,CA,AWP,WE,Federal Contract Tower,0,5,10,0,15,0,21,12,0,33,0,26,22,0,48,0,0,0,48
09/19/2022,MOD,CA,AWP,WE,Federal Contract Tower,0,12,22,0,34,0,25,11,0,36,0,37,33,0,70,0,0,0,70
09/20/2022,MOD,CA,AWP,WE,Federal Contract Tower,0,6,23,0,29,0,21,28,0,49,0,27,51,0,78,42,0,42,120
09/21/2022,MOD,CA,AWP,WE,Federal Contract Tower,0,2,8,0,10,0,18,44,0,62,0,20,52,0,72,30,0,30,102
09/22/2022,MOD,CA,AWP,WE,Federal Contract Tower,0,6,5,0,11,0,28,42,0,70,0,34,47,0,81,24,0,24,105
09/23/2022,MOD,CA,AWP,WE,Federal Contract Tower,0,8,24,0,32,0,44,89,10,143,0,52,113,10,175,58,0,58,233
09/24/2022,MOD,CA,AWP,WE,Federal Contract Tower,0,5,18,0,23,0,26,104,0,130,0,31,122,0,153,106,0,106,259
09/25/2022,MOD,CA,AWP,WE,Federal Contract Tower,0,9,15,0,24,0,29,89,0,118,0,38,104,0,142,82,0,82,224
09/26/2022,MOD,CA,AWP,WE,Federal Contract Tower,0,9,19,0,28,0,26,47,0,73,0,35,66,0,101,40,0,40,141
09/27/2022,MOD,CA,AWP,WE,Federal Contract Tower,0,13,16,0,29,0,19,51,0,70,0,32,67,0,99,60,0,60,159
09/28/2022,MOD,CA,AWP,WE,Federal Contract Tower,0,3,4,0,7,0,9,55,0,64,0,12,59,0,71,50,0,50,121
09/29/2022,MOD,CA,AWP,WE,Federal Contract Tower,0,4,12,0,16,0,14,83,0,97,0,18,95,0,113,74,0,74,187
09/30/2022,MOD,CA,AWP,WE,Federal Contract Tower,0,15,22,0,37,0,37,134,0,171,0,52,156,0,208,84,0,84,292
10/01/2022,MOD,CA,AWP,WE,Federal Contract Tower,0,5,22,0,27,0,22,178,0,200,0,27,200,0,227,122,0,122,349
10/02/2022,MOD,CA,AWP,WE,Federal Contract Tower,0,6,18,0,24,0,18,86,0,104,0,24,104,0,128,54,0,54,182
10/03/2022,MOD,CA,AWP,WE,Federal Contract Tower,0,11,19,0,30,0,18,46,0,64,0,29,65,0,94,4,0,4,98
10/04/2022,MOD,CA,AWP,WE,Federal Contract Tower,0,7,23,0,30,0,31,49,0,80,0,38,72,0,110,36,0,36,146
10/05/2022,MOD,CA,AWP,WE,Federal Contract Tower,0,5,10,0,15,0,13,61,0,74,0,18,71,0,89,40,0,40,129
10/06/2022,MOD,CA,AWP,WE,Federal Contract Tower,0,13,18,0,31,0,31,57,0,88,0,44,75,0,119,50,0,50,169
10/07/2022,MOD,CA,AWP,WE,Federal Contract Tower,0,9,20,0,29,0,18,57,0,75,0,27,77,0,104,28,0,28,132
10/08/2022,MOD,CA,AWP,WE,Federal Contract Tower,0,17,20,0,37,0,26,63,0,89,0,43,83,0,126,52,0,52,178
10/09/2022,MOD,CA,AWP,WE,Federal Contract Tower,0,12,21,0,33,0,24,38,0,62,0,36,59,0,95,32,0,32,127
10/10/2022,MOD,CA,AWP,WE,Federal Contract Tower,0,7,30,0,37,0,30,47,0,77,0,37,77,0,114,38,0,38,152
10/11/2022,MOD,CA,AWP,WE,Federal Contract Tower,0,14,14,0,28,0,23,69,0,92,0,37,83,0,120,66,0,66,186
10/12/2022,MOD,CA,AWP,WE,Federal Contract Tower,0,5,11,0,16,0,14,76,0,90,0,19,87,0,106,44,0,44,150
10/13/2022,MOD,CA,AWP,WE,Federal Contract Tower,0,11,14,0,25,0,41,70,0,111,0,52,84,0,136,56,0,56,192
10/14/2022,MOD,CA,AWP,WE,Federal Contract Tower,0,7,11,0,18,0,15,54,0,69,0,22,65,0,87,34,0,34,121
10/15/2022,MOD,CA,AWP,WE,Federal Contract Tower,0,3,23,0,26,0,26,49,0,75,0,29,72,0,101,54,0,54,155
10/16/2022,MOD,CA,AWP,WE,Federal Contract Tower,0,1,21,0,22,0,25,47,0,72,0,26,68,0,94,44,0,44,138
10/17/2022,MOD,CA,AWP,WE,Federal Contract Tower,0,4,6,0,10,0,18,57,0,75,0,22,63,0,85,30,0,30,115
10/18/2022,MOD,CA,AWP,WE,Federal Contract Tower,0,5,10,0,15,0,8,62,0,70,0,13,72,0,85,46,0,46,131
10/19/2022,MOD,CA,AWP,WE,Federal Contract Tower,0,4,15,0,19,0,30,64,0,94,0,34,79,0,113,2,0,2,115
10/20/2022,MOD,CA,AWP,WE,Federal Contract Tower,0,4,24,0,28,0,13,60,0,73,0,17,84,0,101,32,0,32,133
10/21/2022,MOD,CA,AWP,WE,Federal Contract Tower,0,6,19,0,25,0,24,69,0,93,0,30,88,0,118,52,0,52,170
10/22/2022,MOD,CA,AWP,WE,Federal Contract Tower,0,3,22,0,25,0,18,67,0,85,0,21,89,0,110,36,0,36,146
10/23/2022,MOD,CA,AWP,WE,Federal Contract Tower,0,4,32,0,36,0,32,48,0,80,0,36,80,0,116,50,0,50,166
10/24/2022,MOD,CA,AWP,WE,Federal Contract Tower,0,7,15,0,22,0,28,58,0,86,0,35,73,0,108,26,0,26,134
10/25/2022,MOD,CA,AWP,WE,Federal Contract Tower,0,11,24,2,37,0,7,53,0,60,0,18,77,2,97,40,0,40,137
10/26/2022,MOD,CA,AWP,WE,Federal Contract Tower,0,17,20,0,37,0,26,63,0,89,0,43,83,0,126,52,0,52,178
10/27/2022,MOD,CA,AWP,WE,Federal Contract Tower,0,5,36,0,41,0,22,52,0,74,0,27,88,0,115,22,0,22,137
10/28/2022,MOD,CA,AWP,WE,Federal Contract Tower,0,15,16,0,31,0,25,76,0,101,0,40,92,0,132,38,0,38,170
10/29/2022,MOD,CA,AWP,WE,Federal Contract Tower,0,5,20,0,25,0,24,64,0,88,0,29,84,0,113,70,0,70,183
10/30/2022,MOD,CA,AWP,WE,Federal Contract Tower,0,5,18,0,23,0,27,43,0,70,0,32,61,0,93,60,0,60,153
10/31/2022,MOD,CA,AWP,WE,Federal Contract Tower,0,7,12,0,19,0,28,45,0,73,0,35,57,0,92,68,0,68,160
11/01/2022,MOD,CA,AWP,WE,Federal Contract Tower,0,9,16,0,25,0,6,17,0,23,0,15,33,0,48,2,0,2,50
11/02/2022,MOD,CA,AWP,WE,Federal Contract Tower,0,11,11,2,24,0,22,27,0,49,0,33,38,2,73,24,0,24,97
11/03/2022,MOD,CA,AWP,WE,Federal Contract Tower,0,12,41,0,53,0,21,30,0,51,0,33,71,0,104,22,0,22,126
11/04/2022,MOD,CA,AWP,WE,Federal Contract Tower,0,5,17,0,22,0,32,74,0,106,0,37,91,0,128,78,0,78,206
11/05/2022,MOD,CA,AWP,WE,Federal Contract Tower,0,15,15,0,30,0,16,40,0,56,0,31,55,0,86,74,0,74,160
11/06/2022,MOD,CA,AWP,WE,Federal Contract Tower,0,6,16,0,22,0,22,36,0,58,0,28,52,0,80,68,0,68,148
11/07/2022,MOD,CA,AWP,WE,Federal Contract Tower,0,25,7,0,32,0,17,39,0,56,0,42,46,0,88,42,0,42,130
11/08/2022,MOD,CA,AWP,WE,Federal Contract Tower,0,16,2,0,18,0,8,0,0,8,0,24,2,0,26,0,0,0,26
11/09/2022,MOD,CA,AWP,WE,Federal Contract Tower,0,1,29,0,30,0,32,50,0,82,0,33,79,0,112,74,0,74,186
11/10/2022,MOD,CA,AWP,WE,Federal Contract Tower,0,12,21,0,33,0,16,53,0,69,0,28,74,0,102,46,0,46,148
11/11/2022,MOD,CA,AWP,WE,Federal Contract Tower,0,4,21,2,27,0,28,50,0,78,0,32,71,2,105,100,0,100,205
11/12/2022,MOD,CA,AWP,WE,Federal Contract Tower,0,6,34,0,40,0,31,89,0,120,0,37,123,0,160,36,0,36,196
11/13/2022,MOD,CA,AWP,WE,Federal Contract Tower,0,9,15,0,24,0,27,46,0,73,0,36,61,0,97,28,0,28,125
11/14/2022,MOD,CA,AWP,WE,Federal Contract Tower,0,6,7,0,13,0,30,35,0,65,0,36,42,0,78,38,0,38,116
11/15/2022,MOD,CA,AWP,WE,Federal Contract Tower,0,9,21,0,30,0,22,40,0,62,0,31,61,0,92,20,0,20,112
11/16/2022,MOD,CA,AWP,WE,Federal Contract Tower,0,10,17,0,27,0,20,62,0,82,0,30,79,0,109,44,0,44,153
11/17/2022,MOD,CA,AWP,WE,Federal Contract Tower,0,17,30,0,47,0,30,46,0,76,0,47,76,0,123,26,0,26,149
11/18/2022,MOD,CA,AWP,WE,Federal Contract Tower,0,16,33,0,49,0,44,46,0,90,0,60,79,0,139,44,0,44,183
11/19/2022,MOD,CA,AWP,WE,Federal Contract Tower,0,3,2,0,5,0,21,59,0,80,0,24,61,0,85,50,0,50,135
11/20/2022,MOD,CA,AWP,WE,Federal Contract Tower,0,5,12,0,17,0,24,40,0,64,0,29,52,0,81,20,0,20,101
11/21/2022,MOD,CA,AWP,WE,Federal Contract Tower,0,6,8,0,14,0,18,36,0,54,0,24,44,0,68,14,0,14,82
11/22/2022,MOD,CA,AWP,WE,Federal Contract Tower,0,12,19,0,31,0,26,36,0,62,0,38,55,0,93,20,0,20,113
11/23/2022,MOD,CA,AWP,WE,Federal Contract Tower,0,11,24,4,39,0,24,47,0,71,0,35,71,4,110,18,0,18,128
11/24/2022,MOD,CA,AWP,WE,Federal Contract Tower,0,0,6,0,6,0,0,22,0,22,0,0,28,0,28,0,0,0,28
11/25/2022,MOD,CA,AWP,WE,Federal Contract Tower,0,7,19,0,26,0,26,53,0,79,0,33,72,0,105,12,0,12,117
11/26/2022,MOD,CA,AWP,WE,Federal Contract Tower,0,11,9,0,20,0,18,69,0,87,0,29,78,0,107,58,0,58,165
11/27/2022,MOD,CA,AWP,WE,Federal Contract Tower,0,3,12,0,15,0,17,45,0,62,0,20,57,0,77,8,0,8,85
11/28/2022,MOD,CA,AWP,WE,Federal Contract Tower,0,6,29,0,35,0,34,24,0,58,0,40,53,0,93,20,0,20,113
11/29/2022,MOD,CA,AWP,WE,Federal Contract Tower,0,9,3,0,12,0,27,36,0,63,0,36,39,0,75,18,0,18,93
11/30/2022,MOD,CA,AWP,WE,Federal Contract Tower,0,14,23,2,39,0,27,66,0,93,0,41,89,2,132,26,0,26,158
12/01/2022,MOD,CA,AWP,WE,Federal Contract Tower,0,15,4,0,19,0,8,0,0,8,0,23,4,0,27,0,0,0,27
12/02/2022,MOD,CA,AWP,WE,Federal Contract Tower,0,1,32,0,33,0,24,46,0,70,0,25,78,0,103,60,0,60,163
12/03/2022,MOD,CA,AWP,WE,Federal Contract Tower,0,9,4,0,13,0,5,2,0,7,0,14,6,0,20,0,0,0,20
12/04/2022,MOD,CA,AWP,WE,Federal Contract Tower,0,6,2,0,8,0,18,13,0,31,0,24,15,0,39,0,0,0,39
12/05/2022,MOD,CA,AWP,WE,Federal Contract Tower,0,15,29,0,44,0,20,25,0,45,0,35,54,0,89,16,0,16,105
12/06/2022,MOD,CA,AWP,WE,Federal Contract Tower,0,12,31,2,45,0,17,27,0,44,0,29,58,2,89,14,0,14,103
12/07/2022,MOD,CA,AWP,WE,Federal Contract Tower,0,8,20,2,30,0,14,58,0,72,0,22,78,2,102,50,0,50,152
12/08/2022,MOD,CA,AWP,WE,Federal Contract Tower,0,21,22,0,43,0,21,19,0,40,0,42,41,0,83,40,0,40,123
12/09/2022,MOD,CA,AWP,WE,Federal Contract Tower,0,10,23,0,33,0,24,21,0,45,0,34,44,0,78,24,0,24,102
12/10/2022,MOD,CA,AWP,WE,Federal Contract Tower,0,12,6,0,18,0,9,0,0,9,0,21,6,0,27,0,0,0,27
12/11/2022,MOD,CA,AWP,WE,Federal Contract Tower,0,10,10,0,20,0,11,15,0,26,0,21,25,0,46,14,0,14,60
12/12/2022,MOD,CA,AWP,WE,Federal Contract Tower,0,13,15,0,28,0,16,41,0,57,0,29,56,0,85,16,0,16,101
12/13/2022,MOD,CA,AWP,WE,Federal Contract Tower,0,17,17,0,34,0,34,63,0,97,0,51,80,0,131,40,0,40,171
12/14/2022,MOD,CA,AWP,WE,Federal Contract Tower,0,4,25,2,31,0,19,50,0,69,0,23,75,2,100,54,0,54,154
12/15/2022,MOD,CA,AWP,WE,Federal Contract Tower,0,8,25,0,33,0,9,36,0,45,0,17,61,0,78,14,0,14,92
12/16/2022,MOD,CA,AWP,WE,Federal Contract Tower,0,11,18,0,29,0,25,28,0,53,0,36,46,0,82,36,0,36,118
12/17/2022,MOD,CA,AWP,WE,Federal Contract Tower,0,4,18,0,22,0,2,15,0,17,0,6,33,0,39,6,0,6,45
12/18/2022,MOD,CA,AWP,WE,Federal Contract Tower,0,4,3,0,7,0,0,0,0,0,0,4,3,0,7,0,0,0,7
12/19/2022,MOD,CA,AWP,WE,Federal Contract Tower,0,10,13,2,25,0,0,0,0,0,0,10,13,2,25,0,0,0,25
12/20/2022,MOD,CA,AWP,WE,Federal Contract Tower,0,7,21,0,28,0,9,14,0,23,0,16,35,0,51,36,0,36,87
12/21/2022,MOD,CA,AWP,WE,Federal Contract Tower,0,15,24,0,39,0,0,0,0,0,0,15,24,0,39,0,0,0,39
12/22/2022,MOD,CA,AWP,WE,Federal Contract Tower,0,15,22,0,37,0,1,1,0,2,0,16,23,0,39,0,0,0,39
12/23/2022,MOD,CA,AWP,WE,Federal Contract Tower,0,8,21,0,29,0,12,15,0,27,0,20,36,0,56,12,0,12,68
12/24/2022,MOD,CA,AWP,WE,Federal Contract Tower,0,8,16,0,24,0,2,2,0,4,0,10,18,0,28,0,0,0,28
12/25/2022,MOD,CA,AWP,WE,Federal Contract Tower,0,0,8,0,8,0,0,0,0,0,0,0,8,0,8,0,0,0,8
12/26/2022,MOD,CA,AWP,WE,Federal Contract Tower,0,13,17,0,30,0,0,0,0,0,0,13,17,0,30,0,0,0,30
12/27/2022,MOD,CA,AWP,WE,Federal Contract Tower,0,7,4,0,11,0,0,0,0,0,0,7,4,0,11,0,0,0,11
12/28/2022,MOD,CA,AWP,WE,Federal Contract Tower,0,9,20,0,29,0,16,50,0,66,0,25,70,0,95,16,0,16,111
12/29/2022,MOD,CA,AWP,WE,Federal Contract Tower,0,10,0,0,10,0,1,0,0,1,0,11,0,0,11,0,0,0,11
12/30/2022,MOD,CA,AWP,WE,Federal Contract Tower,0,7,5,0,12,0,0,0,0,0,0,7,5,0,12,0,0,0,12
12/31/2022,MOD,CA,AWP,WE,Federal Contract Tower,0,4,1,0,5,0,2,0,0,2,0,6,1,0,7,2,0,2,9
01/01/2023,MOD,CA,AWP,WE,Federal Contract Tower,0,7,7,0,14,0,23,19,0,42,0,30,26,0,56,8,0,8,64
01/02/2023,MOD,CA,AWP,WE,Federal Contract Tower,0,4,3,0,7,0,12,12,0,24,0,16,15,0,31,0,0,0,31
01/03/2023,MOD,CA,AWP,WE,Federal Contract Tower,0,20,8,1,29,0,15,26,1,42,0,35,34,2,71,38,12,50,121
01/04/2023,MOD,CA,AWP,WE,Federal Contract Tower,0,4,0,0,4,0,12,0,0,12,0,16,0,0,16,4,0,4,20
01/05/2023,MOD,CA,AWP,WE,Federal Contract Tower,0,3,0,0,3,0,7,7,0,14,0,10,7,0,17,18,0,18,35
01/06/2023,MOD,CA,AWP,WE,Federal Contract Tower,0,3,32,0,35,0,17,44,0,61,0,20,76,0,96,64,0,64,160
01/07/2023,MOD,CA,AWP,WE,Federal Contract Tower,0,2,6,0,8,0,21,18,0,39,0,23,24,0,47,14,0,14,61
01/08/2023,MOD,CA,AWP,WE,Federal Contract Tower,0,3,21,0,24,0,13,9,0,22,0,16,30,0,46,4,0,4,50
01/09/2023,MOD,CA,AWP,WE,Federal Contract Tower,0,6,13,0,19,0,9,7,0,16,0,15,20,0,35,6,0,6,41
01/10/2023,MOD,CA,AWP,WE,Federal Contract Tower,0,1,8,0,9,0,12,4,0,16,0,13,12,0,25,0,0,0,25
01/11/2023,MOD,CA,AWP,WE,Federal Contract Tower,0,7,7,0,14,0,11,3,0,14,0,18,10,0,28,8,0,8,36
01/13/2023,MOD,CA,AWP,WE,Federal Contract Tower,0,6,10,0,16,0,21,12,0,33,0,27,22,0,49,12,0,12,61
01/14/2023,MOD,CA,AWP,WE,Federal Contract Tower,0,4,1,0,5,0,16,2,0,18,0,20,3,0,23,0,0,0,23
01/15/2023,MOD,CA,AWP,WE,Federal Contract Tower,0,3,5,0,8,0,3,4,0,7,0,6,9,0,15,16,0,16,31
01/16/2023,MOD,CA,AWP,WE,Federal Contract Tower,0,4,17,0,21,0,18,22,0,40,0,22,39,0,61,10,0,10,71
01/17/2023,MOD,CA,AWP,WE,Federal Contract Tower,0,6,18,0,24,0,12,21,0,33,0,18,39,0,57,32,0,32,89
01/18/2023,MOD,CA,AWP,WE,Federal Contract Tower,0,9,6,0,15,0,15,18,0,33,0,24,24,0,48,8,0,8,56
01/19/2023,MOD,CA,AWP,WE,Federal Contract Tower,0,19,14,0,33,0,7,8,0,15,0,26,22,0,48,10,0,10,58
01/20/2023,MOD,CA,AWP,WE,Federal Contract Tower,0,6,20,0,26,0,15,57,0,72,0,21,77,0,98,12,0,12,110
01/21/2023,MOD,CA,AWP,WE,Federal Contract Tower,0,0,17,0,17,0,13,56,6,75,0,13,73,6,92,70,0,70,162
01/22/2023,MOD,CA,AWP,WE,Federal Contract Tower,0,7,18,0,25,0,18,23,0,41,0,25,41,0,66,24,0,24,90
01/23/2023,MOD,CA,AWP,WE,Federal Contract Tower,0,9,14,0,23,0,24,38,3,65,0,33,52,3,88,36,0,36,124
01/24/2023,MOD,CA,AWP,WE,Federal Contract Tower,0,4,13,0,17,0,28,34,0,62,0,32,47,0,79,48,0,48,127
01/25/2023,MOD,CA,AWP,WE,Federal Contract Tower,0,8,15,0,23,0,15,55,0,70,0,23,70,0,93,36,0,36,129
01/26/2023,MOD,CA,AWP,WE,Federal Contract Tower,0,14,19,0,33,0,30,58,0,88,0,44,77,0,121,70,0,70,191
01/27/2023,MOD,CA,AWP,WE,Federal Contract Tower,0,17,44,0,61,0,29,54,0,83,0,46,98,0,144,70,0,70,214
01/28/2023,MOD,CA,AWP,WE,Federal Contract Tower,0,4,20,0,24,0,22,53,0,75,0,26,73,0,99,38,0,38,137
01/29/2023,MOD,CA,AWP,WE,Federal Contract Tower,0,11,6,0,17,0,8,9,0,17,0,19,15,0,34,8,0,8,42
01/30/2023,MOD,CA,AWP,WE,Federal Contract Tower,0,7,22,4,33,0,32,47,0,79,0,39,69,4,112,14,0,14,126
01/31/2023,MOD,CA,AWP,WE,Federal Contract Tower,0,10,14,6,30,0,40,50,0,90,0,50,64,6,120,34,0,34,154
02/01/2023,MOD,CA,AWP,WE,Federal Contract Tower,0,7,34,0,41,0,28,67,0,95,0,35,101,0,136,58,0,58,194
02/02/2023,MOD,CA,AWP,WE,Federal Contract Tower,0,6,18,0,24,0,30,34,0,64,0,36,52,0,88,58,0,58,146
02/03/2023,MOD,CA,AWP,WE,Federal Contract Tower,0,5,20,0,25,0,28,30,0,58,0,33,50,0,83,4,0,4,87
02/04/2023,MOD,CA,AWP,WE,Federal Contract Tower,0,6,5,0,11,0,20,25,0,45,0,26,30,0,56,30,0,30,86
02/05/2023,MOD,CA,AWP,WE,Federal Contract Tower,0,4,6,0,10,0,19,8,0,27,0,23,14,0,37,20,0,20,57
02/06/2023,MOD,CA,AWP,WE,Federal Contract Tower,0,9,15,0,24,0,24,47,0,71,0,33,62,0,95,56,0,56,151
02/07/2023,MOD,CA,AWP,WE,Federal Contract Tower,0,8,22,0,30,0,26,52,0,78,0,34,74,0,108,44,0,44,152
02/08/2023,MOD,CA,AWP,WE,Federal Contract Tower,0,5,14,0,19,0,12,54,0,66,0,17,68,0,85,90,0,90,175
02/09/2023,MOD,CA,AWP,WE,Federal Contract Tower,0,5,28,0,33,0,26,54,0,80,0,31,82,0,113,104,0,104,217
02/10/2023,MOD,CA,AWP,WE,Federal Contract Tower,0,6,31,0,37,0,24,33,0,57,0,30,64,0,94,28,0,28,122
02/11/2023,MOD,CA,AWP,WE,Federal Contract Tower,0,5,12,0,17,0,15,72,2,89,0,20,84,2,106,32,0,32,138
02/12/2023,MOD,CA,AWP,WE,Federal Contract Tower,0,4,17,0,21,0,9,59,0,68,0,13,76,0,89,62,0,62,151
02/13/2023,MOD,CA,AWP,WE,Federal Contract Tower,0,13,13,0,26,0,27,43,0,70,0,40,56,0,96,40,0,40,136
02/14/2023,MOD,CA,AWP,WE,Federal Contract Tower,0,6,24,0,30,0,21,28,0,49,0,27,52,0,79,10,0,10,89
02/15/2023,MOD,CA,AWP,WE,Federal Contract Tower,0,7,30,0,37,0,5,43,0,48,0,12,73,0,85,30,0,30,115
02/16/2023,MOD,CA,AWP,WE,Federal Contract Tower,0,15,36,0,51,0,24,43,0,67,0,39,79,0,118,46,0,46,164
02/17/2023,MOD,CA,AWP,WE,Federal Contract Tower,0,8,35,0,43,0,38,64,0,102,0,46,99,0,145,14,0,14,159
02/18/2023,MOD,CA,AWP,WE,Federal Contract Tower,0,10,33,0,43,0,29,93,0,122,0,39,126,0,165,70,0,70,235
02/19/2023,MOD,CA,AWP,WE,Federal Contract Tower,0,4,24,0,28,0,13,55,0,68,0,17,79,0,96,22,0,22,118
02/20/2023,MOD,CA,AWP,WE,Federal Contract Tower,0,10,16,0,26,0,33,77,0,110,0,43,93,0,136,74,0,74,210
02/21/2023,MOD,CA,AWP,WE,Federal Contract Tower,0,14,5,2,21,0,13,23,0,36,0,27,28,2,57,12,0,12,69
02/22/2023,MOD,CA,AWP,WE,Federal Contract Tower,0,10,2,2,14,0,13,22,0,35,0,23,24,2,49,14,0,14,63
02/23/2023,MOD,CA,AWP,WE,Federal Contract Tower,0,16,0,0,16,0,14,7,0,21,0,30,7,0,37,2,0,2,39
02/24/2023,MOD,CA,AWP,WE,Federal Contract Tower,0,6,0,0,6,0,2,0,0,2,0,8,0,0,8,0,0,0,8
02/25/2023,MOD,CA,AWP,WE,Federal Contract Tower,0,6,3,0,9,0,25,5,0,30,0,31,8,0,39,0,0,0,39
02/26/2023,MOD,CA,AWP,WE,Federal Contract Tower,0,13,2,0,15,0,8,4,0,12,0,21,6,0,27,10,0,10,37
02/27/2023,MOD,CA,AWP,WE,Federal Contract Tower,0,1,5,0,6,0,10,3,0,13,0,11,8,0,19,32,0,32,51
02/28/2023,MOD,CA,AWP,WE,Federal Contract Tower,0,9,5,2,16,0,11,1,0,12,0,20,6,2,28,0,0,0,28
03/01/2023,MOD,CA,AWP,WE,Federal Contract Tower,0,2,6,4,12,0,34,28,0,62,0,36,34,4,74,2,0,2,76
03/02/2023,MOD,CA,AWP,WE,Federal Contract Tower,0,7,18,0,25,0,19,75,0,94,0,26,93,0,119,88,0,88,207
03/03/2023,MOD,CA,AWP,WE,Federal Contract Tower,0,10,37,0,47,0,35,60,0,95,0,45,97,0,142,66,0,66,208
03/04/2023,MOD,CA,AWP,WE,Federal Contract Tower,0,3,2,0,5,0,17,10,0,27,0,20,12,0,32,12,0,12,44
03/05/2023,MOD,CA,AWP,WE,Federal Contract Tower,0,9,8,0,17,0,13,15,0,28,0,22,23,0,45,18,0,18,63
03/06/2023,MOD,CA,AWP,WE,Federal Contract Tower,0,20,7,0,27,0,14,19,0,33,0,34,26,0,60,18,0,18,78
03/07/2023,MOD,CA,AWP,WE,Federal Contract Tower,0,5,22,0,27,0,27,49,0,76,0,32,71,0,103,68,0,68,171
03/08/2023,MOD,CA,AWP,WE,Federal Contract Tower,0,8,13,0,21,0,21,31,0,52,0,29,44,0,73,44,0,44,117
03/09/2023,MOD,CA,AWP,WE,Federal Contract Tower,0,19,3,2,24,0,7,10,0,17,0,26,13,2,41,4,0,4,45
03/10/2023,MOD,CA,AWP,WE,Federal Contract Tower,0,17,3,0,20,0,12,0,0,12,0,29,3,0,32,0,0,0,32
03/11/2023,MOD,CA,AWP,WE,Federal Contract Tower,0,13,22,0,35,0,30,11,0,41,0,43,33,0,76,12,0,12,88
03/12/2023,MOD,CA,AWP,WE,Federal Contract Tower,0,8,13,0,21,0,3,5,0,8,0,11,18,0,29,20,0,20,49
03/13/2023,MOD,CA,AWP,WE,Federal Contract Tower,0,14,12,0,26,0,23,17,0,40,0,37,29,0,66,34,0,34,100
03/14/2023,MOD,CA,AWP,WE,Federal Contract Tower,0,8,0,0,8,0,7,0,0,7,0,15,0,0,15,0,0,0,15
03/15/2023,MOD,CA,AWP,WE,Federal Contract Tower,0,5,16,0,21,0,13,27,0,40,0,18,43,0,61,24,0,24,85
03/16/2023,MOD,CA,AWP,WE,Federal Contract Tower,0,7,42,0,49,0,42,81,0,123,0,49,123,0,172,72,0,72,244
03/17/2023,MOD,CA,AWP,WE,Federal Contract Tower,0,12,23,0,35,0,27,66,0,93,0,39,89,0,128,42,0,42,170
03/18/2023,MOD,CA,AWP,WE,Federal Contract Tower,0,0,20,0,20,0,37,70,0,107,0,37,90,0,127,46,0,46,173
03/19/2023,MOD,CA,AWP,WE,Federal Contract Tower,0,2,3,0,5,0,10,3,0,13,0,12,6,0,18,12,0,12,30
03/20/2023,MOD,CA,AWP,WE,Federal Contract Tower,0,5,31,0,36,0,29,25,0,54,0,34,56,0,90,84,0,84,174
03/21/2023,MOD,CA,AWP,WE,Federal Contract Tower,0,6,1,0,7,0,8,0,0,8,0,14,1,0,15,0,0,0,15
03/22/2023,MOD,CA,AWP,WE,Federal Contract Tower,0,9,8,0,17,0,11,4,0,15,0,20,12,0,32,6,0,6,38
03/23/2023,MOD,CA,AWP,WE,Federal Contract Tower,0,18,28,0,46,0,24,39,0,63,0,42,67,0,109,28,0,28,137
03/24/2023,MOD,CA,AWP,WE,Federal Contract Tower,0,17,13,0,30,0,23,63,0,86,0,40,76,0,116,18,0,18,134
03/25/2023,MOD,CA,AWP,WE,Federal Contract Tower,0,4,27,0,31,0,12,83,0,95,0,16,110,0,126,38,0,38,164
03/26/2023,MOD,CA,AWP,WE,Federal Contract Tower,0,9,31,0,40,0,28,50,0,78,0,37,81,0,118,60,0,60,178
03/27/2023,MOD,CA,AWP,WE,Federal Contract Tower,0,5,26,0,31,0,35,53,0,88,0,40,79,0,119,20,0,20,139
03/28/2023,MOD,CA,AWP,WE,Federal Contract Tower,0,3,0,0,3,0,14,1,0,15,0,17,1,0,18,0,0,0,18
03/30/2023,MOD,CA,AWP,WE,Federal Contract Tower,0,23,25,0,48,0,23,48,0,71,0,46,73,0,119,114,0,114,233
03/31/2023,MOD,CA,AWP,WE,Federal Contract Tower,0,10,34,0,44,0,22,53,0,75,0,32,87,0,119,36,0,36,155
04/01/2023,MOD,CA,AWP,WE,Federal Contract Tower,0,7,7,0,14,0,16,61,0,77,0,23,68,0,91,42,0,42,133
04/02/2023,MOD,CA,AWP,WE,Federal Contract Tower,0,5,19,0,24,0,30,30,0,60,0,35,49,0,84,22,0,22,106
04/03/2023,MOD,CA,AWP,WE,Federal Contract Tower,0,9,3,0,12,0,30,11,0,41,0,39,14,0,53,8,0,8,61
04/04/2023,MOD,CA,AWP,WE,Federal Contract Tower,0,8,11,0,19,0,25,63,0,88,0,33,74,0,107,34,0,34,141
04/05/2023,MOD,CA,AWP,WE,Federal Contract Tower,0,4,21,0,25,0,22,61,0,83,0,26,82,0,108,32,0,32,140
04/06/2023,MOD,CA,AWP,WE,Federal Contract Tower,0,18,37,0,55,0,46,58,0,104,0,64,95,0,159,22,0,22,181
04/07/2023,MOD,CA,AWP,WE,Federal Contract Tower,0,10,28,0,38,0,36,30,0,66,0,46,58,0,104,30,0,30,134
04/08/2023,MOD,CA,AWP,WE,Federal Contract Tower,0,15,22,0,37,0,21,121,0,142,0,36,143,0,179,72,0,72,251
04/09/2023,MOD,CA,AWP,WE,Federal Contract Tower,0,5,12,0,17,0,27,41,0,68,0,32,53,0,85,42,0,42,127
04/10/2023,MOD,CA,AWP,WE,Federal Contract Tower,0,10,21,0,31,0,19,57,0,76,0,29,78,0,107,72,0,72,179
04/11/2023,MOD,CA,AWP,WE,Federal Contract Tower,0,7,8,0,15,0,37,28,0,65,0,44,36,0,80,16,0,16,96
04/12/2023,MOD,CA,AWP,WE,Federal Contract Tower,0,4,9,0,13,0,9,63,0,72,0,13,72,0,85,16,0,16,101
04/13/2023,MOD,CA,AWP,WE,Federal Contract Tower,0,14,23,0,37,0,38,43,2,83,0,52,66,2,120,44,0,44,164
04/14/2023,MOD,CA,AWP,WE,Federal Contract Tower,0,9,27,0,36,0,29,74,0,103,0,38,101,0,139,82,0,82,221
04/15/2023,MOD,CA,AWP,WE,Federal Contract Tower,0,5,18,0,23,0,30,98,0,128,0,35,116,0,151,72,0,72,223
04/16/2023,MOD,CA,AWP,WE,Federal Contract Tower,0,9,16,0,25,0,11,51,0,62,0,20,67,0,87,40,0,40,127
04/17/2023,MOD,CA,AWP,WE,Federal Contract Tower,0,10,19,2,31,0,20,32,0,52,0,30,51,2,83,56,0,56,139
04/18/2023,MOD,CA,AWP,WE,Federal Contract Tower,0,6,25,0,31,0,15,53,0,68,0,21,78,0,99,20,0,20,119
04/19/2023,MOD,CA,AWP,WE,Federal Contract Tower,0,5,24,0,29,0,29,40,0,69,0,34,64,0,98,42,0,42,140
04/20/2023,MOD,CA,AWP,WE,Federal Contract Tower,0,10,20,0,30,0,25,35,4,64,0,35,55,4,94,16,0,16,110
04/21/2023,MOD,CA,AWP,WE,Federal Contract Tower,0,2,16,0,18,0,23,44,0,67,0,25,60,0,85,40,0,40,125
04/22/2023,MOD,CA,AWP,WE,Federal Contract Tower,0,6,12,0,18,0,9,62,0,71,0,15,74,0,89,14,0,14,103
04/23/2023,MOD,CA,AWP,WE,Federal Contract Tower,0,10,20,0,30,0,20,61,0,81,0,30,81,0,111,32,0,32,143
04/24/2023,MOD,CA,AWP,WE,Federal Contract Tower,0,9,27,0,36,0,35,34,0,69,0,44,61,0,105,30,0,30,135
04/25/2023,MOD,CA,AWP,WE,Federal Contract Tower,0,8,8,0,16,0,10,29,0,39,0,18,37,0,55,16,0,16,71
04/26/2023,MOD,CA,AWP,WE,Federal Contract Tower,0,14,30,0,44,0,28,53,0,81,0,42,83,0,125,80,0,80,205
04/27/2023,MOD,CA,AWP,WE,Federal Contract Tower,0,19,31,0,50,0,30,69,0,99,0,49,100,0,149,40,0,40,189
04/28/2023,MOD,CA,AWP,WE,Federal Contract Tower,0,7,38,0,45,0,21,84,0,105,0,28,122,0,150,54,0,54,204
04/29/2023,MOD,CA,AWP,WE,Federal Contract Tower,0,7,36,0,43,0,16,53,0,69,0,23,89,0,112,38,0,38,150
04/30/2023,MOD,CA,AWP,WE,Federal Contract Tower,0,11,21,0,32,0,32,47,0,79,0,43,68,0,111,32,0,32,143
05/01/2023,MOD,CA,AWP,WE,Federal Contract Tower,0,22,25,0,47,0,24,20,0,44,0,46,45,0,91,26,0,26,117
05/02/2023,MOD,CA,AWP,WE,Federal Contract Tower,0,18,8,0,26,0,17,19,0,36,0,35,27,0,62,0,0,0,62
05/03/2023,MOD,CA,AWP,WE,Federal Contract Tower,0,16,18,0,34,0,15,32,0,47,0,31,50,0,81,16,0,16,97
05/04/2023,MOD,CA,AWP,WE,Federal Contract Tower,0,9,21,0,30,0,8,21,0,29,0,17,42,0,59,12,0,12,71
05/05/2023,MOD,CA,AWP,WE,Federal Contract Tower,0,16,14,0,30,0,10,32,0,42,0,26,46,0,72,42,0,42,114
05/06/2023,MOD,CA,AWP,WE,Federal Contract Tower,0,4,15,0,19,0,7,18,0,25,0,11,33,0,44,14,0,14,58
05/07/2023,MOD,CA,AWP,WE,Federal Contract Tower,0,10,27,0,37,0,25,45,0,70,0,35,72,0,107,46,0,46,153
05/08/2023,MOD,CA,AWP,WE,Federal Contract Tower,0,12,18,0,30,0,25,29,0,54,0,37,47,0,84,44,0,44,128
05/09/2023,MOD,CA,AWP,WE,Federal Contract Tower,0,1,12,2,15,0,18,46,0,64,0,19,58,2,79,40,0,40,119
05/10/2023,MOD,CA,AWP,WE,Federal Contract Tower,0,12,16,0,28,0,14,35,0,49,0,26,51,0,77,60,0,60,137
05/11/2023,MOD,CA,AWP,WE,Federal Contract Tower,0,22,39,2,63,0,24,51,0,75,0,46,90,2,138,12,0,12,150
05/12/2023,MOD,CA,AWP,WE,Federal Contract Tower,0,10,27,0,37,0,33,72,0,105,0,43,99,0,142,46,0,46,188
05/13/2023,MOD,CA,AWP,WE,Federal Contract Tower,0,4,28,0,32,0,21,122,0,143,0,25,150,0,175,32,0,32,207
05/14/2023,MOD,CA,AWP,WE,Federal Contract Tower,0,5,18,0,23,0,24,42,0,66,0,29,60,0,89,42,0,42,131
05/15/2023,MOD,CA,AWP,WE,Federal Contract Tower,0,10,18,2,30,0,12,35,0,47,0,22,53,2,77,26,0,26,103
05/16/2023,MOD,CA,AWP,WE,Federal Contract Tower,0,9,16,0,25,0,16,60,0,76,0,25,76,0,101,38,0,38,139
05/17/2023,MOD,CA,AWP,WE,Federal Contract Tower,0,5,27,0,32,0,18,61,0,79,0,23,88,0,111,66,0,66,177
05/18/2023,MOD,CA,AWP,WE,Federal Contract Tower,0,5,19,0,24,0,28,53,0,81,0,33,72,0,105,60,0,60,165
05/19/2023,MOD,CA,AWP,WE,Federal Contract Tower,0,10,26,0,36,0,26,52,0,78,0,36,78,0,114,34,0,34,148
05/20/2023,MOD,CA,AWP,WE,Federal Contract Tower,0,5,33,0,38,0,24,59,0,83,0,29,92,0,121,38,0,38,159
05/21/2023,MOD,CA,AWP,WE,Federal Contract Tower,0,6,19,0,25,0,23,64,0,87,0,29,83,0,112,68,0,68,180
05/22/2023,MOD,CA,AWP,WE,Federal Contract Tower,0,8,20,0,28,0,23,62,0,85,0,31,82,0,113,12,0,12,125
05/23/2023,MOD,CA,AWP,WE,Federal Contract Tower,0,3,20,0,23,0,32,51,0,83,0,35,71,0,106,74,0,74,180
05/24/2023,MOD,CA,AWP,WE,Federal Contract Tower,0,10,33,0,43,0,20,69,0,89,0,30,102,0,132,64,0,64,196
05/25/2023,MOD,CA,AWP,WE,Federal Contract Tower,0,8,27,0,35,0,27,40,0,67,0,35,67,0,102,16,0,16,118
05/26/2023,MOD,CA,AWP,WE,Federal Contract Tower,0,7,18,0,25,0,23,50,0,73,0,30,68,0,98,76,0,76,174
05/27/2023,MOD,CA,AWP,WE,Federal Contract Tower,0,2,16,0,18,0,21,90,0,111,0,23,106,0,129,56,0,56,185
05/28/2023,MOD,CA,AWP,WE,Federal Contract Tower,0,8,19,0,27,0,39,36,0,75,0,47,55,0,102,24,0,24,126
05/29/2023,MOD,CA,AWP,WE,Federal Contract Tower,0,11,14,0,25,0,32,49,0,81,0,43,63,0,106,58,0,58,164
05/30/2023,MOD,CA,AWP,WE,Federal Contract Tower,0,7,22,0,29,0,27,38,0,65,0,34,60,0,94,36,0,36,130
05/31/2023,MOD,CA,AWP,WE,Federal Contract Tower,0,15,19,0,34,0,27,37,0,64,0,42,56,0,98,46,0,46,144
06/01/2023,MOD,CA,AWP,WE,Federal Contract Tower,0,10,19,0,29,0,21,21,0,42,0,31,40,0,71,50,0,50,121
06/02/2023,MOD,CA,AWP,WE,Federal Contract Tower,0,6,20,0,26,0,41,56,0,97,0,47,76,0,123,32,0,32,155
06/03/2023,MOD,CA,AWP,WE,Federal Contract Tower,0,3,6,0,9,0,10,39,0,49,0,13,45,0,58,32,0,32,90
06/04/2023,MOD,CA,AWP,WE,Federal Contract Tower,0,5,12,0,17,0,13,56,0,69,0,18,68,0,86,20,0,20,106
06/05/2023,MOD,CA,AWP,WE,Federal Contract Tower,0,8,22,0,30,0,16,52,2,70,0,24,74,2,100,6,0,6,106
06/06/2023,MOD,CA,AWP,WE,Federal Contract Tower,0,6,19,8,33,0,20,27,0,47,0,26,46,8,80,38,0,38,118
06/07/2023,MOD,CA,AWP,WE,Federal Contract Tower,0,11,18,2,31,0,20,37,0,57,0,31,55,2,88,24,0,24,112
06/08/2023,MOD,CA,AWP,WE,Federal Contract Tower,0,11,27,0,38,0,36,41,0,77,0,47,68,0,115,28,0,28,143
06/09/2023,MOD,CA,AWP,WE,Federal Contract Tower,0,4,18,0,22,0,25,56,0,81,0,29,74,0,103,60,0,60,163
06/10/2023,MOD,CA,AWP,WE,Federal Contract Tower,0,2,25,0,27,0,15,95,0,110,0,17,120,0,137,28,0,28,165
06/11/2023,MOD,CA,AWP,WE,Federal Contract Tower,0,11,22,1,34,0,37,46,7,90,0,48,68,8,124,20,0,20,144
06/12/2023,MOD,CA,AWP,WE,Federal Contract Tower,0,10,10,0,20,0,35,52,0,87,0,45,62,0,107,34,0,34,141
06/13/2023,MOD,CA,AWP,WE,Federal Contract Tower,0,14,37,0,51,0,25,70,0,95,0,39,107,0,146,38,0,38,184
06/14/2023,MOD,CA,AWP,WE,Federal Contract Tower,0,7,13,0,20,0,17,55,0,72,0,24,68,0,92,10,0,10,102
06/15/2023,MOD,CA,AWP,WE,Federal Contract Tower,0,9,18,0,27,0,25,60,0,85,0,34,78,0,112,18,0,18,130
06/16/2023,MOD,CA,AWP,WE,Federal Contract Tower,0,6,21,0,27,0,31,59,0,90,0,37,80,0,117,30,0,30,147
06/17/2023,MOD,CA,AWP,WE,Federal Contract Tower,0,5,26,0,31,0,22,66,0,88,0,27,92,0,119,16,0,16,135
06/18/2023,MOD,CA,AWP,WE,Federal Contract Tower,0,1,9,0,10,0,13,34,0,47,0,14,43,0,57,2,0,2,59
06/19/2023,MOD,CA,AWP,WE,Federal Contract Tower,0,9,6,0,15,0,22,37,0,59,0,31,43,0,74,4,0,4,78
06/20/2023,MOD,CA,AWP,WE,Federal Contract Tower,0,3,34,2,39,0,22,63,0,85,0,25,97,2,124,12,0,12,136
06/21/2023,MOD,CA,AWP,WE,Federal Contract Tower,0,12,28,0,40,0,32,78,0,110,0,44,106,0,150,40,0,40,190
06/22/2023,MOD,CA,AWP,WE,Federal Contract Tower,0,6,24,0,30,0,19,43,0,62,0,25,67,0,92,0,0,0,92
06/23/2023,MOD,CA,AWP,WE,Federal Contract Tower,0,8,24,0,32,0,28,43,0,71,0,36,67,0,103,64,0,64,167
06/24/2023,MOD,CA,AWP,WE,Federal Contract Tower,0,6,24,0,30,0,18,89,0,107,0,24,113,0,137,24,0,24,161
06/25/2023,MOD,CA,AWP,WE,Federal Contract Tower,0,4,14,0,18,0,17,39,0,56,0,21,53,0,74,12,0,12,86
06/26/2023,MOD,CA,AWP,WE,Federal Contract Tower,0,6,16,0,22,0,21,42,0,63,0,27,58,0,85,35,0,35,120
06/27/2023,MOD,CA,AWP,WE,Federal Contract Tower,0,3,23,2,28,0,22,53,0,75,0,25,76,2,103,10,0,10,113
06/28/2023,MOD,CA,AWP,WE,Federal Contract Tower,0,7,12,2,21,0,26,41,0,67,0,33,53,2,88,36,0,36,124
06/29/2023,MOD,CA,AWP,WE,Federal Contract Tower,0,13,27,0,40,0,39,48,0,87,0,52,75,0,127,14,0,14,141
06/30/2023,MOD,CA,AWP,WE,Federal Contract Tower,0,9,15,0,24,0,47,52,0,99,0,56,67,0,123,40,0,40,163
07/01/2023,MOD,CA,AWP,WE,Federal Contract Tower,0,8,10,0,18,0,28,45,0,73,0,36,55,0,91,43,0,43,134
07/02/2023,MOD,CA,AWP,WE,Federal Contract Tower,0,7,10,0,17,0,22,25,0,47,0,29,35,0,64,4,0,4,68
07/03/2023,MOD,CA,AWP,WE,Federal Contract Tower,0,8,19,0,27,0,27,41,0,68,0,35,60,0,95,24,0,24,119
07/04/2023,MOD,CA,AWP,WE,Federal Contract Tower,0,2,24,0,26,0,24,36,0,60,0,26,60,0,86,10,0,10,96
07/05/2023,MOD,CA,AWP,WE,Federal Contract Tower,0,7,7,0,14,0,24,41,0,65,0,31,48,0,79,26,0,26,105
07/06/2023,MOD,CA,AWP,WE,Federal Contract Tower,0,9,8,0,17,0,23,34,0,57,0,32,42,0,74,56,0,56,130
07/07/2023,MOD,CA,AWP,WE,Federal Contract Tower,0,1,3,0,4,0,28,30,0,58,0,29,33,0,62,6,0,6,68
07/08/2023,MOD,CA,AWP,WE,Federal Contract Tower,0,2,15,0,17,0,18,101,0,119,0,20,116,0,136,10,0,10,146
07/09/2023,MOD,CA,AWP,WE,Federal Contract Tower,0,7,8,0,15,0,32,55,0,87,0,39,63,0,102,114,0,114,216
07/10/2023,MOD,CA,AWP,WE,Federal Contract Tower,0,12,12,0,24,0,13,47,0,60,0,25,59,0,84,10,0,10,94
07/11/2023,MOD,CA,AWP,WE,Federal Contract Tower,0,12,16,0,28,0,24,49,0,73,0,36,65,0,101,34,0,34,135
07/13/2023,MOD,CA,AWP,WE,Federal Contract Tower,0,6,20,0,26,0,35,32,0,67,0,41,52,0,93,34,0,34,127
07/14/2023,MOD,CA,AWP,WE,Federal Contract Tower,0,2,18,0,20,0,35,50,0,85,0,37,68,0,105,44,0,44,149
07/15/2023,MOD,CA,AWP,WE,Federal Contract Tower,0,4,14,0,18,0,17,54,0,71,0,21,68,0,89,12,0,12,101
07/16/2023,MOD,CA,AWP,WE,Federal Contract Tower,0,7,18,0,25,0,27,32,0,59,0,34,50,0,84,22,0,22,106
07/17/2023,MOD,CA,AWP,WE,Federal Contract Tower,0,1,11,0,12,0,31,39,0,70,0,32,50,0,82,20,0,20,102
07/18/2023,MOD,CA,AWP,WE,Federal Contract Tower,0,10,20,0,30,0,21,51,0,72,0,31,71,0,102,30,0,30,132
07/19/2023,MOD,CA,AWP,WE,Federal Contract Tower,0,6,23,0,29,0,24,46,0,70,0,30,69,0,99,36,0,36,135
07/20/2023,MOD,CA,AWP,WE,Federal Contract Tower,0,6,28,0,34,0,35,51,0,86,0,41,79,0,120,68,0,68,188
07/21/2023,MOD,CA,AWP,WE,Federal Contract Tower,0,7,21,0,28,0,33,52,0,85,0,40,73,0,113,22,0,22,135
07/22/2023,MOD,CA,AWP,WE,Federal Contract Tower,0,13,19,0,32,0,27,52,0,79,0,40,71,0,111,50,0,50,161
07/23/2023,MOD,CA,AWP,WE,Federal Contract Tower,0,4,7,0,11,0,31,42,0,73,0,35,49,0,84,32,0,32,116
07/24/2023,MOD,CA,AWP,WE,Federal Contract Tower,0,7,10,0,17,0,29,44,0,73,0,36,54,0,90,42,0,42,132
07/25/2023,MOD,CA,AWP,WE,Federal Contract Tower,0,11,19,4,34,0,28,43,0,71,0,39,62,4,105,28,0,28,133
07/26/2023,MOD,CA,AWP,WE,Federal Contract Tower,0,7,9,0,16,0,26,40,0,66,0,33,49,0,82,34,0,34,116
07/27/2023,MOD,CA,AWP,WE,Federal Contract Tower,0,7,19,0,26,0,18,44,0,62,0,25,63,0,88,62,0,62,150
07/28/2023,MOD,CA,AWP,WE,Federal Contract Tower,0,9,20,0,29,0,31,53,0,84,0,40,73,0,113,38,0,38,151
07/29/2023,MOD,CA,AWP,WE,Federal Contract Tower,0,2,16,0,18,0,30,49,0,79,0,32,65,0,97,22,0,22,119
07/30/2023,MOD,CA,AWP,WE,Federal Contract Tower,0,2,17,0,19,0,19,59,0,78,0,21,76,0,97,46,0,46,143
07/31/2023,MOD,CA,AWP,WE,Federal Contract Tower,0,10,17,0,27,0,31,48,0,79,0,41,65,0,106,22,0,22,128
08/01/2023,MOD,CA,AWP,WE,Federal Contract Tower,0,10,16,0,26,0,23,43,0,66,0,33,59,0,92,16,0,16,108
08/02/2023,MOD,CA,AWP,WE,Federal Contract Tower,0,11,10,0,21,0,32,38,0,70,0,43,48,0,91,64,0,64,155
08/03/2023,MOD,CA,AWP,WE,Federal Contract Tower,0,6,26,0,32,0,25,48,0,73,0,31,74,0,105,36,0,36,141
08/04/2023,MOD,CA,AWP,WE,Federal Contract Tower,0,4,28,0,32,0,25,41,0,66,0,29,69,0,98,18,2,20,118
08/05/2023,MOD,CA,AWP,WE,Federal Contract Tower,0,2,27,0,29,0,28,47,0,75,0,30,74,0,104,16,0,16,120
08/06/2023,MOD,CA,AWP,WE,Federal Contract Tower,0,10,23,0,33,0,22,46,0,68,0,32,69,0,101,26,0,26,127
08/07/2023,MOD,CA,AWP,WE,Federal Contract Tower,0,4,18,0,22,0,24,39,0,63,0,28,57,0,85,16,0,16,101
08/08/2023,MOD,CA,AWP,WE,Federal Contract Tower,0,5,16,0,21,0,30,46,0,76,0,35,62,0,97,36,0,36,133
08/09/2023,MOD,CA,AWP,WE,Federal Contract Tower,0,5,20,0,25,0,11,55,0,66,0,16,75,0,91,84,0,84,175
08/10/2023,MOD,CA,AWP,WE,Federal Contract Tower,0,14,11,0,25,0,30,54,0,84,0,44,65,0,109,82,0,82,191
08/11/2023,MOD,CA,AWP,WE,Federal Contract Tower,0,6,40,0,46,0,29,49,0,78,0,35,89,0,124,38,0,38,162
08/12/2023,MOD,CA,AWP,WE,Federal Contract Tower,0,3,13,0,16,0,21,132,0,153,0,24,145,0,169,66,0,66,235
08/13/2023,MOD,CA,AWP,WE,Federal Contract Tower,0,6,10,0,16,0,18,45,0,63,0,24,55,0,79,30,0,30,109
08/14/2023,MOD,CA,AWP,WE,Federal Contract Tower,0,6,18,0,24,0,20,52,0,72,0,26,70,0,96,32,0,32,128
08/15/2023,MOD,CA,AWP,WE,Federal Contract Tower,0,3,5,2,10,0,20,45,0,65,0,23,50,2,75,16,0,16,91
08/16/2023,MOD,CA,AWP,WE,Federal Contract Tower,0,6,8,2,16,0,21,57,0,78,0,27,65,2,94,26,0,26,120
08/19/2023,MOD,CA,AWP,WE,Federal Contract Tower,0,8,8,0,16,0,35,64,0,99,0,43,72,0,115,70,0,70,185
08/20/2023,MOD,CA,AWP,WE,Federal Contract Tower,0,6,10,0,16,0,20,61,0,81,0,26,71,0,97,80,0,80,177
08/21/2023,MOD,CA,AWP,WE,Federal Contract Tower,0,11,4,0,15,0,15,9,0,24,0,26,13,0,39,2,0,2,41
08/22/2023,MOD,CA,AWP,WE,Federal Contract Tower,0,10,12,0,22,0,22,77,0,99,0,32,89,0,121,86,0,86,207
08/23/2023,MOD,CA,AWP,WE,Federal Contract Tower,0,3,25,0,28,0,22,83,0,105,0,25,108,0,133,38,0,38,171
08/24/2023,MOD,CA,AWP,WE,Federal Contract Tower,0,14,13,0,27,0,20,35,0,55,0,34,48,0,82,56,0,56,138
08/25/2023,MOD,CA,AWP,WE,Federal Contract Tower,0,19,7,0,26,0,41,52,0,93,0,60,59,0,119,12,0,12,131
08/26/2023,MOD,CA,AWP,WE,Federal Contract Tower,0,6,18,0,24,0,25,45,0,70,0,31,63,0,94,40,0,40,134
08/27/2023,MOD,CA,AWP,WE,Federal Contract Tower,0,6,16,0,22,0,23,50,0,73,0,29,66,0,95,40,0,40,135
08/28/2023,MOD,CA,AWP,WE,Federal Contract Tower,0,16,17,0,33,0,37,50,0,87,0,53,67,0,120,42,0,42,162
08/29/2023,MOD,CA,AWP,WE,Federal Contract Tower,0,11,13,0,24,0,18,52,0,70,0,29,65,0,94,24,0,24,118
08/30/2023,MOD,CA,AWP,WE,Federal Contract Tower,0,15,9,0,24,0,18,35,0,53,0,33,44,0,77,2,0,2,79
08/31/2023,MOD,CA,AWP,WE,Federal Contract Tower,0,8,25,0,33,0,21,45,0,66,0,29,70,0,99,4,0,4,103
01/01/2020,MOD,CA,AWP,WE,Federal Contract Tower,0,2,4,0,6,0,23,29,0,52,0,25,33,0,58,22,0,22,80
01/02/2020,MOD,CA,AWP,WE,Federal Contract Tower,0,9,25,0,34,0,14,19,0,33,0,23,44,0,67,42,0,42,109
01/03/2020,MOD,CA,AWP,WE,Federal Contract Tower,0,5,12,0,17,0,23,18,0,41,0,28,30,0,58,6,0,6,64
01/04/2020,MOD,CA,AWP,WE,Federal Contract Tower,0,10,18,0,28,0,17,24,0,41,0,27,42,0,69,16,0,16,85
01/05/2020,MOD,CA,AWP,WE,Federal Contract Tower,0,1,11,0,12,0,4,19,0,23,0,5,30,0,35,4,0,4,39
01/06/2020,MOD,CA,AWP,WE,Federal Contract Tower,0,2,23,0,25,0,7,25,2,34,0,9,48,2,59,10,0,10,69
01/07/2020,MOD,CA,AWP,WE,Federal Contract Tower,0,10,9,0,19,0,0,0,0,0,0,10,9,0,19,0,0,0,19
01/08/2020,MOD,CA,AWP,WE,Federal Contract Tower,0,12,18,3,33,0,5,3,0,8,0,17,21,3,41,2,8,10,51
01/09/2020,MOD,CA,AWP,WE,Federal Contract Tower,0,18,18,1,37,0,10,3,1,14,0,28,21,2,51,0,0,0,51
01/10/2020,MOD,CA,AWP,WE,Federal Contract Tower,0,9,28,2,39,0,7,30,0,37,0,16,58,2,76,30,0,30,106
01/11/2020,MOD,CA,AWP,WE,Federal Contract Tower,0,1,29,0,30,0,4,47,0,51,0,5,76,0,81,76,0,76,157
01/12/2020,MOD,CA,AWP,WE,Federal Contract Tower,0,2,19,0,21,0,17,47,0,64,0,19,66,0,85,84,0,84,169
01/13/2020,MOD,CA,AWP,WE,Federal Contract Tower,0,6,19,0,25,1,16,28,0,45,1,22,47,0,70,20,0,20,90
01/14/2020,MOD,CA,AWP,WE,Federal Contract Tower,0,15,27,0,42,0,11,45,0,56,0,26,72,0,98,50,0,50,148
01/15/2020,MOD,CA,AWP,WE,Federal Contract Tower,0,5,21,0,26,0,12,19,0,31,0,17,40,0,57,14,0,14,71
01/16/2020,MOD,CA,AWP,WE,Federal Contract Tower,0,14,2,0,16,0,4,2,0,6,0,18,4,0,22,8,0,8,30
01/17/2020,MOD,CA,AWP,WE,Federal Contract Tower,2,16,19,0,37,0,68,23,0,91,2,84,42,0,128,52,0,52,180
01/18/2020,MOD,CA,AWP,WE,Federal Contract Tower,0,10,22,0,32,0,1,2,0,3,0,11,24,0,35,2,0,2,37
01/19/2020,MOD,CA,AWP,WE,Federal Contract Tower,0,19,28,0,47,0,1,0,0,1,0,20,28,0,48,0,0,0,48
01/20/2020,MOD,CA,AWP,WE,Federal Contract Tower,0,14,27,0,41,0,13,6,0,19,0,27,33,0,60,6,0,6,66
01/21/2020,MOD,CA,AWP,WE,Federal Contract Tower,2,16,36,3,57,0,2,20,1,23,2,18,56,4,80,20,6,26,106
01/22/2020,MOD,CA,AWP,WE,Federal Contract Tower,0,12,31,0,43,0,12,19,0,31,0,24,50,0,74,21,8,29,103
01/23/2020,MOD,CA,AWP,WE,Federal Contract Tower,0,6,22,0,28,0,21,17,0,38,0,27,39,0,66,16,0,16,82
01/24/2020,MOD,CA,AWP,WE,Federal Contract Tower,0,7,34,0,41,0,30,47,0,77,0,37,81,0,118,30,0,30,148
01/25/2020,MOD,CA,AWP,WE,Federal Contract Tower,0,4,35,0,39,0,19,7,0,26,0,23,42,0,65,10,0,10,75
01/26/2020,MOD,CA,AWP,WE,Federal Contract Tower,0,6,36,0,42,0,5,16,0,21,0,11,52,0,63,4,0,4,67
01/27/2020,MOD,CA,AWP,WE,Federal Contract Tower,0,12,35,2,49,0,12,66,0,78,0,24,101,2,127,40,0,40,167
01/28/2020,MOD,CA,AWP,WE,Federal Contract Tower,0,9,27,0,36,0,5,46,0,51,0,14,73,0,87,36,0,36,123
01/29/2020,MOD,CA,AWP,WE,Federal Contract Tower,0,15,52,0,67,0,17,52,0,69,0,32,104,0,136,10,0,10,146
01/30/2020,MOD,CA,AWP,WE,Federal Contract Tower,0,6,39,0,45,0,9,27,0,36,0,15,66,0,81,20,0,20,101
01/31/2020,MOD,CA,AWP,WE,Federal Contract Tower,0,13,34,0,47,0,13,48,0,61,0,26,82,0,108,20,0,20,128
02/01/2020,MOD,CA,AWP,WE,Federal Contract Tower,0,4,24,0,28,0,23,43,0,66,0,27,67,0,94,52,0,52,146
02/02/2020,MOD,CA,AWP,WE,Federal Contract Tower,0,12,11,0,23,0,8,3,0,11,0,20,14,0,34,0,0,0,34
02/03/2020,MOD,CA,AWP,WE,Federal Contract Tower,0,5,7,0,12,0,11,17,0,28,0,16,24,0,40,0,0,0,40
02/04/2020,MOD,CA,AWP,WE,Federal Contract Tower,0,7,27,0,34,0,8,62,0,70,0,15,89,0,104,18,0,18,122
02/05/2020,MOD,CA,AWP,WE,Federal Contract Tower,0,4,21,0,25,0,18,59,0,77,0,22,80,0,102,19,0,19,121
02/06/2020,MOD,CA,AWP,WE,Federal Contract Tower,0,3,24,2,29,0,9,60,0,69,0,12,84,2,98,18,0,18,116
02/07/2020,MOD,CA,AWP,WE,Federal Contract Tower,0,3,41,0,44,0,20,87,0,107,0,23,128,0,151,38,0,38,189
02/08/2020,MOD,CA,AWP,WE,Federal Contract Tower,0,1,44,0,45,0,19,78,0,97,0,20,122,0,142,34,0,34,176
02/09/2020,MOD,CA,AWP,WE,Federal Contract Tower,0,4,5,0,9,0,9,6,0,15,0,13,11,0,24,0,0,0,24
02/10/2020,MOD,CA,AWP,WE,Federal Contract Tower,0,1,31,1,33,0,17,51,1,69,0,18,82,2,102,86,6,92,194
02/11/2020,MOD,CA,AWP,WE,Federal Contract Tower,0,4,25,0,29,0,14,70,0,84,0,18,95,0,113,84,0,84,197
02/12/2020,MOD,CA,AWP,WE,Federal Contract Tower,0,6,36,0,42,0,13,84,0,97,0,19,120,0,139,4,0,4,143
02/13/2020,MOD,CA,AWP,WE,Federal Contract Tower,0,9,35,0,44,0,18,66,0,84,0,27,101,0,128,24,0,24,152
02/14/2020,MOD,CA,AWP,WE,Federal Contract Tower,0,10,11,0,21,0,23,66,0,89,0,33,77,0,110,8,0,8,118
02/15/2020,MOD,CA,AWP,WE,Federal Contract Tower,0,6,12,0,18,0,33,52,0,85,0,39,64,0,103,50,0,50,153
02/16/2020,MOD,CA,AWP,WE,Federal Contract Tower,0,3,22,0,25,0,14,32,0,46,0,17,54,0,71,32,0,32,103
02/17/2020,MOD,CA,AWP,WE,Federal Contract Tower,0,5,41,0,46,0,19,47,0,66,0,24,88,0,112,10,0,10,122
02/18/2020,MOD,CA,AWP,WE,Federal Contract Tower,0,3,23,0,26,0,8,95,0,103,0,11,118,0,129,50,0,50,179
02/19/2020,MOD,CA,AWP,WE,Federal Contract Tower,0,10,30,0,40,0,19,53,0,72,0,29,83,0,112,29,0,29,141
02/20/2020,MOD,CA,AWP,WE,Federal Contract Tower,0,4,22,0,26,0,21,61,0,82,0,25,83,0,108,34,0,34,142
02/21/2020,MOD,CA,AWP,WE,Federal Contract Tower,0,8,32,0,40,0,12,78,0,90,0,20,110,0,130,16,0,16,146
02/22/2020,MOD,CA,AWP,WE,Federal Contract Tower,0,5,20,0,25,0,15,51,0,66,0,20,71,0,91,22,0,22,113
02/23/2020,MOD,CA,AWP,WE,Federal Contract Tower,0,5,32,0,37,0,28,38,0,66,0,33,70,0,103,8,0,8,111
02/24/2020,MOD,CA,AWP,WE,Federal Contract Tower,0,9,23,4,36,0,11,44,0,55,0,20,67,4,91,45,0,45,136
02/25/2020,MOD,CA,AWP,WE,Federal Contract Tower,0,5,25,0,30,0,27,71,0,98,0,32,96,0,128,49,4,53,181
02/26/2020,MOD,CA,AWP,WE,Federal Contract Tower,0,4,29,0,33,0,8,59,2,69,0,12,88,2,102,62,0,62,164
02/27/2020,MOD,CA,AWP,WE,Federal Contract Tower,0,4,25,0,29,0,21,68,0,89,0,25,93,0,118,28,0,28,146
02/28/2020,MOD,CA,AWP,WE,Federal Contract Tower,0,6,22,0,28,0,20,61,0,81,0,26,83,0,109,10,0,10,119
02/29/2020,MOD,CA,AWP,WE,Federal Contract Tower,0,6,16,0,22,0,26,57,0,83,0,32,73,0,105,50,0,50,155
03/01/2020,MOD,CA,AWP,WE,Federal Contract Tower,0,3,13,0,16,0,10,30,0,40,0,13,43,0,56,28,0,28,84
03/02/2020,MOD,CA,AWP,WE,Federal Contract Tower,0,2,12,0,14,0,9,24,0,33,0,11,36,0,47,12,0,12,59
03/03/2020,MOD,CA,AWP,WE,Federal Contract Tower,0,6,38,2,46,0,20,61,0,81,0,26,99,2,127,22,0,22,149
03/04/2020,MOD,CA,AWP,WE,Federal Contract Tower,0,37,0,0,37,0,13,64,0,77,0,50,64,0,114,42,0,42,156
03/05/2020,MOD,CA,AWP,WE,Federal Contract Tower,0,7,50,0,57,0,24,49,0,73,0,31,99,0,130,40,0,40,170
03/06/2020,MOD,CA,AWP,WE,Federal Contract Tower,0,3,24,0,27,0,28,62,2,92,0,31,86,2,119,28,0,28,147
03/07/2020,MOD,CA,AWP,WE,Federal Contract Tower,0,3,27,0,30,0,15,20,0,35,0,18,47,0,65,6,0,6,71
03/08/2020,MOD,CA,AWP,WE,Federal Contract Tower,0,3,15,0,18,0,19,19,2,40,0,22,34,2,58,58,0,58,116
03/09/2020,MOD,CA,AWP,WE,Federal Contract Tower,0,2,24,0,26,0,20,51,0,71,0,22,75,0,97,18,0,18,115
03/10/2020,MOD,CA,AWP,WE,Federal Contract Tower,0,4,15,0,19,12,0,46,2,60,12,4,61,2,79,18,0,18,97
03/11/2020,MOD,CA,AWP,WE,Federal Contract Tower,1,4,36,0,41,17,0,82,2,101,18,4,118,2,142,51,0,51,193
03/12/2020,MOD,CA,AWP,WE,Federal Contract Tower,0,6,35,0,41,0,20,50,2,72,0,26,85,2,113,28,0,28,141
03/13/2020,MOD,CA,AWP,WE,Federal Contract Tower,0,4,13,0,17,0,23,43,2,68,0,27,56,2,85,16,0,16,101
03/14/2020,MOD,CA,AWP,WE,Federal Contract Tower,0,7,7,0,14,0,19,19,0,38,0,26,26,0,52,6,0,6,58
03/15/2020,MOD,CA,AWP,WE,Federal Contract Tower,0,5,5,0,10,0,3,3,0,6,0,8,8,0,16,0,0,0,16
03/16/2020,MOD,CA,AWP,WE,Federal Contract Tower,0,10,7,0,17,0,2,2,0,4,0,12,9,0,21,18,0,18,39
03/17/2020,MOD,CA,AWP,WE,Federal Contract Tower,0,5,7,0,12,0,15,11,0,26,0,20,18,0,38,15,0,15,53
03/18/2020,MOD,CA,AWP,WE,Federal Contract Tower,0,3,5,0,8,0,6,26,0,32,0,9,31,0,40,34,0,34,74
03/19/2020,MOD,CA,AWP,WE,Federal Contract Tower,0,2,18,2,22,0,9,24,1,34,0,11,42,3,56,24,2,26,82
03/20/2020,MOD,CA,AWP,WE,Federal Contract Tower,0,1,11,0,12,0,13,23,0,36,0,14,34,0,48,18,0,18,66
03/21/2020,MOD,CA,AWP,WE,Federal Contract Tower,0,2,6,0,8,0,10,16,0,26,0,12,22,0,34,38,0,38,72
03/22/2020,MOD,CA,AWP,WE,Federal Contract Tower,0,1,4,0,5,0,3,23,0,26,0,4,27,0,31,0,0,0,31
03/23/2020,MOD,CA,AWP,WE,Federal Contract Tower,0,5,3,0,8,0,10,7,4,21,0,15,10,4,29,2,0,2,31
03/24/2020,MOD,CA,AWP,WE,Federal Contract Tower,0,4,7,0,11,0,9,12,0,21,0,13,19,0,32,4,0,4,36
03/25/2020,MOD,CA,AWP,WE,Federal Contract Tower,0,0,6,1,7,0,12,14,1,27,0,12,20,2,34,6,0,6,40
03/26/2020,MOD,CA,AWP,WE,Federal Contract Tower,0,5,17,0,22,0,12,15,0,27,0,17,32,0,49,8,0,8,57
03/27/2020,MOD,CA,AWP,WE,Federal Contract Tower,0,1,30,0,31,0,11,31,0,42,0,12,61,0,73,12,0,12,85
03/28/2020,MOD,CA,AWP,WE,Federal Contract Tower,0,2,22,0,24,0,25,5,0,30,0,27,27,0,54,20,0,20,74
03/29/2020,MOD,CA,AWP,WE,Federal Contract Tower,0,0,15,0,15,0,4,11,0,15,0,4,26,0,30,6,0,6,36
03/30/2020,MOD,CA,AWP,WE,Federal Contract Tower,0,5,7,0,12,0,6,19,0,25,0,11,26,0,37,18,0,18,55
03/31/2020,MOD,CA,AWP,WE,Federal Contract Tower,0,5,14,0,19,0,13,17,0,30,0,18,31,0,49,12,0,12,61
04/01/2020,MOD,CA,AWP,WE,Federal Contract Tower,0,2,8,2,12,0,17,21,0,38,0,19,29,2,50,7,0,7,57
04/03/2020,MOD,CA,AWP,WE,Federal Contract Tower,0,6,13,0,19,0,15,30,0,45,0,21,43,0,64,2,0,2,66
04/04/2020,MOD,CA,AWP,WE,Federal Contract Tower,0,5,11,0,16,0,17,9,0,26,0,22,20,0,42,4,0,4,46
04/05/2020,MOD,CA,AWP,WE,Federal Contract Tower,0,5,0,0,5,0,0,0,0,0,0,5,0,0,5,0,0,0,5
04/06/2020,MOD,CA,AWP,WE,Federal Contract Tower,0,2,18,0,20,0,1,8,0,9,0,3,26,0,29,2,0,2,31
04/07/2020,MOD,CA,AWP,WE,Federal Contract Tower,0,12,23,0,35,0,18,33,0,51,0,30,56,0,86,16,0,16,102
04/08/2020,MOD,CA,AWP,WE,Federal Contract Tower,0,8,27,0,35,0,11,37,0,48,0,19,64,0,83,32,0,32,115
04/11/2020,MOD,CA,AWP,WE,Federal Contract Tower,0,2,21,0,23,0,9,26,0,35,0,11,47,0,58,26,0,26,84
04/12/2020,MOD,CA,AWP,WE,Federal Contract Tower,0,1,33,0,34,0,17,29,0,46,0,18,62,0,80,14,0,14,94
04/13/2020,MOD,CA,AWP,WE,Federal Contract Tower,0,7,28,0,35,0,29,37,0,66,0,36,65,0,101,20,0,20,121
04/14/2020,MOD,CA,AWP,WE,Federal Contract Tower,0,0,16,2,18,0,15,38,0,53,0,15,54,2,71,44,0,44,115
04/15/2020,MOD,CA,AWP,WE,Federal Contract Tower,0,3,29,0,32,0,12,50,5,67,0,15,79,5,99,66,0,66,165
04/16/2020,MOD,CA,AWP,WE,Federal Contract Tower,0,2,15,0,17,0,19,14,0,33,0,21,29,0,50,26,0,26,76
04/17/2020,MOD,CA,AWP,WE,Federal Contract Tower,0,6,18,0,24,0,12,28,0,40,0,18,46,0,64,2,0,2,66
04/18/2020,MOD,CA,AWP,WE,Federal Contract Tower,0,0,4,0,4,0,19,23,0,42,0,19,27,0,46,18,0,18,64
04/19/2020,MOD,CA,AWP,WE,Federal Contract Tower,0,3,14,0,17,0,20,46,0,66,0,23,60,0,83,38,0,38,121
04/20/2020,MOD,CA,AWP,WE,Federal Contract Tower,0,9,17,0,26,0,20,15,2,37,0,29,32,2,63,12,0,12,75
04/21/2020,MOD,CA,AWP,WE,Federal Contract Tower,0,1,20,0,21,0,13,41,0,54,0,14,61,0,75,18,0,18,93
04/22/2020,MOD,CA,AWP,WE,Federal Contract Tower,0,5,14,0,19,0,22,39,0,61,0,27,53,0,80,71,0,71,151
04/23/2020,MOD,CA,AWP,WE,Federal Contract Tower,0,7,6,0,13,0,23,35,0,58,0,30,41,0,71,28,0,28,99
04/24/2020,MOD,CA,AWP,WE,Federal Contract Tower,0,2,13,0,15,0,16,32,0,48,0,18,45,0,63,8,0,8,71
04/25/2020,MOD,CA,AWP,WE,Federal Contract Tower,0,3,16,0,19,0,15,38,0,53,0,18,54,0,72,68,0,68,140
04/26/2020,MOD,CA,AWP,WE,Federal Contract Tower,0,2,19,0,21,0,14,43,0,57,0,16,62,0,78,12,0,12,90
04/27/2020,MOD,CA,AWP,WE,Federal Contract Tower,0,5,16,2,23,0,9,16,0,25,0,14,32,2,48,22,0,22,70
04/28/2020,MOD,CA,AWP,WE,Federal Contract Tower,0,3,20,2,25,0,12,32,0,44,0,15,52,2,69,18,0,18,87
04/29/2020,MOD,CA,AWP,WE,Federal Contract Tower,0,0,7,0,7,0,13,30,0,43,0,13,37,0,50,6,0,6,56
04/30/2020,MOD,CA,AWP,WE,Federal Contract Tower,0,5,16,0,21,0,24,57,0,81,0,29,73,0,102,42,0,42,144
05/01/2020,MOD,CA,AWP,WE,Federal Contract Tower,0,2,33,0,35,0,8,55,0,63,0,10,88,0,98,50,0,50,148
05/02/2020,MOD,CA,AWP,WE,Federal Contract Tower,0,4,14,0,18,0,16,33,0,49,0,20,47,0,67,16,0,16,83
05/03/2020,MOD,CA,AWP,WE,Federal Contract Tower,0,1,22,0,23,0,14,34,0,48,0,15,56,0,71,12,0,12,83
05/04/2020,MOD,CA,AWP,WE,Federal Contract Tower,0,0,18,0,18,0,15,44,0,59,0,15,62,0,77,20,0,20,97
05/05/2020,MOD,CA,AWP,WE,Federal Contract Tower,0,1,16,0,17,0,16,45,0,61,0,17,61,0,78,44,0,44,122
05/06/2020,MOD,CA,AWP,WE,Federal Contract Tower,0,0,8,2,10,0,9,37,0,46,0,9,45,2,56,16,0,16,72
05/07/2020,MOD,CA,AWP,WE,Federal Contract Tower,0,18,0,0,18,0,10,61,0,71,0,28,61,0,89,46,0,46,135
05/08/2020,MOD,CA,AWP,WE,Federal Contract Tower,0,4,15,0,19,0,26,51,0,77,0,30,66,0,96,32,0,32,128
05/09/2020,MOD,CA,AWP,WE,Federal Contract Tower,0,5,11,0,16,0,7,39,5,51,0,12,50,5,67,38,0,38,105
05/10/2020,MOD,CA,AWP,WE,Federal Contract Tower,0,0,5,0,5,0,28,33,0,61,0,28,38,0,66,64,0,64,130
05/11/2020,MOD,CA,AWP,WE,Federal Contract Tower,0,3,7,2,12,0,16,23,0,39,0,19,30,2,51,30,0,30,81
05/12/2020,MOD,CA,AWP,WE,Federal Contract Tower,0,1,8,0,9,0,27,25,0,52,0,28,33,0,61,30,0,30,91
05/13/2020,MOD,CA,AWP,WE,Federal Contract Tower,0,8,10,0,18,0,23,45,0,68,0,31,55,0,86,48,0,48,134
05/14/2020,MOD,CA,AWP,WE,Federal Contract Tower,0,8,10,0,18,0,19,37,0,56,0,27,47,0,74,34,0,34,108
05/15/2020,MOD,CA,AWP,WE,Federal Contract Tower,0,3,22,0,25,0,14,46,0,60,0,17,68,0,85,16,0,16,101
05/16/2020,MOD,CA,AWP,WE,Federal Contract Tower,0,5,9,0,14,0,18,58,0,76,0,23,67,0,90,50,0,50,140
05/17/2020,MOD,CA,AWP,WE,Federal Contract Tower,0,2,5,0,7,0,11,10,0,21,0,13,15,0,28,6,0,6,34
05/18/2020,MOD,CA,AWP,WE,Federal Contract Tower,0,7,14,0,21,0,8,4,0,12,0,15,18,0,33,16,0,16,49
05/19/2020,MOD,CA,AWP,WE,Federal Contract Tower,0,6,25,0,31,0,11,44,0,55,0,17,69,0,86,56,0,56,142
05/20/2020,MOD,CA,AWP,WE,Federal Contract Tower,0,0,20,0,20,0,20,48,0,68,0,20,68,0,88,36,0,36,124
05/21/2020,MOD,CA,AWP,WE,Federal Contract Tower,0,6,25,0,31,0,26,65,0,91,0,32,90,0,122,48,0,48,170
05/22/2020,MOD,CA,AWP,WE,Federal Contract Tower,0,1,19,0,20,0,15,63,0,78,0,16,82,0,98,58,0,58,156
05/23/2020,MOD,CA,AWP,WE,Federal Contract Tower,0,3,22,0,25,0,18,39,0,57,0,21,61,0,82,24,0,24,106
05/24/2020,MOD,CA,AWP,WE,Federal Contract Tower,0,2,8,0,10,0,24,42,0,66,0,26,50,0,76,8,0,8,84
05/25/2020,MOD,CA,AWP,WE,Federal Contract Tower,0,0,16,0,16,0,29,45,0,74,0,29,61,0,90,22,0,22,112
05/26/2020,MOD,CA,AWP,WE,Federal Contract Tower,0,3,28,0,31,0,17,37,0,54,0,20,65,0,85,28,0,28,113
05/27/2020,MOD,CA,AWP,WE,Federal Contract Tower,0,4,23,2,29,0,10,31,0,41,0,14,54,2,70,9,0,9,79
05/28/2020,MOD,CA,AWP,WE,Federal Contract Tower,0,2,30,0,32,0,26,21,0,47,0,28,51,0,79,10,0,10,89
05/29/2020,MOD,CA,AWP,WE,Federal Contract Tower,0,2,14,0,16,0,18,49,0,67,0,20,63,0,83,32,0,32,115
05/30/2020,MOD,CA,AWP,WE,Federal Contract Tower,0,3,22,0,25,0,19,30,0,49,0,22,52,0,74,13,0,13,87
05/31/2020,MOD,CA,AWP,WE,Federal Contract Tower,0,4,25,2,31,0,21,63,0,84,0,25,88,2,115,20,0,20,135
06/01/2020,MOD,CA,AWP,WE,Federal Contract Tower,0,4,13,0,17,0,16,46,2,64,0,20,59,2,81,10,0,10,91
06/02/2020,MOD,CA,AWP,WE,Federal Contract Tower,0,3,7,0,10,0,12,39,0,51,0,15,46,0,61,6,0,6,67
06/03/2020,MOD,CA,AWP,WE,Federal Contract Tower,0,1,31,0,32,0,20,46,0,66,0,21,77,0,98,34,0,34,132
06/04/2020,MOD,CA,AWP,WE,Federal Contract Tower,0,7,18,0,25,0,22,33,0,55,0,29,51,0,80,44,0,44,124
06/05/2020,MOD,CA,AWP,WE,Federal Contract Tower,0,1,16,0,17,0,10,27,0,37,0,11,43,0,54,18,0,18,72
06/06/2020,MOD,CA,AWP,WE,Federal Contract Tower,0,6,13,0,19,0,16,48,0,64,0,22,61,0,83,38,0,38,121
06/07/2020,MOD,CA,AWP,WE,Federal Contract Tower,0,1,22,0,23,0,21,17,0,38,0,22,39,0,61,10,0,10,71
06/08/2020,MOD,CA,AWP,WE,Federal Contract Tower,0,8,9,0,17,0,10,22,0,32,0,18,31,0,49,6,0,6,55
06/09/2020,MOD,CA,AWP,WE,Federal Contract Tower,0,4,21,2,27,0,19,63,0,82,0,23,84,2,109,8,0,8,117
06/10/2020,MOD,CA,AWP,WE,Federal Contract Tower,0,7,22,0,29,0,19,58,0,77,0,26,80,0,106,34,0,34,140
06/11/2020,MOD,CA,AWP,WE,Federal Contract Tower,0,8,33,0,41,0,25,41,0,66,0,33,74,0,107,32,0,32,139
06/12/2020,MOD,CA,AWP,WE,Federal Contract Tower,0,6,21,0,27,0,9,31,0,40,0,15,52,0,67,4,0,4,71
06/13/2020,MOD,CA,AWP,WE,Federal Contract Tower,0,8,15,0,23,0,26,0,0,26,0,34,15,0,49,4,0,4,53
06/14/2020,MOD,CA,AWP,WE,Federal Contract Tower,0,3,31,0,34,0,18,41,0,59,0,21,72,0,93,1,0,1,94
06/15/2020,MOD,CA,AWP,WE,Federal Contract Tower,0,2,9,0,11,0,23,32,0,55,0,25,41,0,66,16,0,16,82
06/16/2020,MOD,CA,AWP,WE,Federal Contract Tower,0,2,24,0,26,0,15,44,0,59,0,17,68,0,85,24,0,24,109
06/17/2020,MOD,CA,AWP,WE,Federal Contract Tower,0,3,10,0,13,0,16,53,0,69,0,19,63,0,82,35,0,35,117
06/18/2020,MOD,CA,AWP,WE,Federal Contract Tower,0,7,38,0,45,0,22,51,0,73,0,29,89,0,118,50,0,50,168
06/19/2020,MOD,CA,AWP,WE,Federal Contract Tower,0,2,17,0,19,0,15,60,0,75,0,17,77,0,94,28,0,28,122
06/20/2020,MOD,CA,AWP,WE,Federal Contract Tower,0,7,19,0,26,0,14,49,0,63,0,21,68,0,89,62,0,62,151
06/21/2020,MOD,CA,AWP,WE,Federal Contract Tower,0,2,23,0,25,0,24,25,0,49,0,26,48,0,74,8,0,8,82
06/22/2020,MOD,CA,AWP,WE,Federal Contract Tower,0,7,24,0,31,0,15,35,0,50,0,22,59,0,81,22,0,22,103
06/23/2020,MOD,CA,AWP,WE,Federal Contract Tower,0,9,24,0,33,0,21,54,0,75,0,30,78,0,108,4,0,4,112
06/24/2020,MOD,CA,AWP,WE,Federal Contract Tower,0,6,35,0,41,0,16,59,0,75,0,22,94,0,116,12,0,12,128
06/25/2020,MOD,CA,AWP,WE,Federal Contract Tower,0,8,13,0,21,0,17,33,0,50,0,25,46,0,71,78,0,78,149
06/26/2020,MOD,CA,AWP,WE,Federal Contract Tower,0,9,21,0,30,0,22,56,0,78,0,31,77,0,108,48,0,48,156
06/27/2020,MOD,CA,AWP,WE,Federal Contract Tower,0,3,16,0,19,0,34,66,0,100,0,37,82,0,119,28,0,28,147
06/28/2020,MOD,CA,AWP,WE,Federal Contract Tower,0,9,11,0,20,0,13,36,0,49,0,22,47,0,69,110,0,110,179
06/29/2020,MOD,CA,AWP,WE,Federal Contract Tower,0,2,20,0,22,0,20,38,0,58,0,22,58,0,80,62,0,62,142
06/30/2020,MOD,CA,AWP,WE,Federal Contract Tower,0,9,34,0,43,0,12,35,0,47,0,21,69,0,90,38,0,38,128
07/01/2020,MOD,CA,AWP,WE,Federal Contract Tower,0,4,14,0,18,0,11,76,0,87,0,15,90,0,105,58,0,58,163
07/02/2020,MOD,CA,AWP,WE,Federal Contract Tower,0,9,13,0,22,0,24,61,0,85,0,33,74,0,107,28,0,28,135
07/03/2020,MOD,CA,AWP,WE,Federal Contract Tower,0,10,22,0,32,0,13,46,0,59,0,23,68,0,91,32,0,32,123
07/04/2020,MOD,CA,AWP,WE,Federal Contract Tower,0,7,0,0,7,0,23,54,0,77,0,30,54,0,84,46,0,46,130
07/05/2020,MOD,CA,AWP,WE,Federal Contract Tower,0,6,6,0,12,0,23,42,0,65,0,29,48,0,77,8,0,8,85
07/06/2020,MOD,CA,AWP,WE,Federal Contract Tower,0,6,19,0,25,0,26,35,0,61,0,32,54,0,86,14,0,14,100
07/07/2020,MOD,CA,AWP,WE,Federal Contract Tower,0,8,15,0,23,0,27,49,0,76,0,35,64,0,99,30,0,30,129
07/08/2020,MOD,CA,AWP,WE,Federal Contract Tower,0,6,7,0,13,0,12,77,0,89,0,18,84,0,102,34,0,34,136
07/09/2020,MOD,CA,AWP,WE,Federal Contract Tower,0,4,21,0,25,0,15,51,0,66,0,19,72,0,91,48,0,48,139
07/10/2020,MOD,CA,AWP,WE,Federal Contract Tower,0,2,17,0,19,0,28,54,0,82,0,30,71,0,101,26,0,26,127
07/11/2020,MOD,CA,AWP,WE,Federal Contract Tower,0,4,27,0,31,0,14,62,0,76,0,18,89,0,107,14,0,14,121
07/12/2020,MOD,CA,AWP,WE,Federal Contract Tower,0,7,19,0,26,0,20,32,0,52,0,27,51,0,78,30,0,30,108
07/13/2020,MOD,CA,AWP,WE,Federal Contract Tower,0,4,26,2,32,0,29,29,0,58,0,33,55,2,90,46,0,46,136
07/14/2020,MOD,CA,AWP,WE,Federal Contract Tower,0,4,41,0,45,0,45,36,0,81,0,49,77,0,126,0,0,0,126
07/15/2020,MOD,CA,AWP,WE,Federal Contract Tower,0,7,26,2,35,0,18,44,0,62,0,25,70,2,97,14,0,14,111
07/16/2020,MOD,CA,AWP,WE,Federal Contract Tower,0,3,12,0,15,0,26,61,0,87,0,29,73,0,102,18,0,18,120
07/17/2020,MOD,CA,AWP,WE,Federal Contract Tower,0,2,15,0,17,0,34,55,0,89,0,36,70,0,106,60,0,60,166
07/18/2020,MOD,CA,AWP,WE,Federal Contract Tower,0,3,23,0,26,0,28,62,0,90,0,31,85,0,116,50,0,50,166
07/19/2020,MOD,CA,AWP,WE,Federal Contract Tower,0,5,7,0,12,0,27,63,0,90,0,32,70,0,102,34,0,34,136
07/20/2020,MOD,CA,AWP,WE,Federal Contract Tower,0,3,14,0,17,0,30,34,0,64,0,33,48,0,81,12,0,12,93
07/21/2020,MOD,CA,AWP,WE,Federal Contract Tower,0,7,42,0,49,0,19,62,2,83,0,26,104,2,132,54,0,54,186
07/22/2020,MOD,CA,AWP,WE,Federal Contract Tower,0,2,5,0,7,0,12,29,0,41,0,14,34,0,48,12,0,12,60
07/23/2020,MOD,CA,AWP,WE,Federal Contract Tower,0,5,17,0,22,0,27,46,0,73,0,32,63,0,95,26,0,26,121
07/24/2020,MOD,CA,AWP,WE,Federal Contract Tower,0,2,38,0,40,0,19,53,0,72,0,21,91,0,112,34,0,34,146
07/25/2020,MOD,CA,AWP,WE,Federal Contract Tower,0,9,29,0,38,0,32,59,0,91,0,41,88,0,129,30,0,30,159
07/26/2020,MOD,CA,AWP,WE,Federal Contract Tower,0,4,33,0,37,0,26,56,0,82,0,30,89,0,119,80,0,80,199
07/27/2020,MOD,CA,AWP,WE,Federal Contract Tower,0,9,15,0,24,0,17,39,4,60,0,26,54,4,84,32,0,32,116
07/28/2020,MOD,CA,AWP,WE,Federal Contract Tower,0,11,18,0,29,0,18,43,0,61,0,29,61,0,90,40,0,40,130
07/29/2020,MOD,CA,AWP,WE,Federal Contract Tower,0,8,5,2,15,0,8,53,0,61,0,16,58,2,76,32,0,32,108
07/30/2020,MOD,CA,AWP,WE,Federal Contract Tower,0,3,13,0,16,0,11,40,0,51,0,14,53,0,67,16,0,16,83
07/31/2020,MOD,CA,AWP,WE,Federal Contract Tower,0,5,27,0,32,0,20,54,0,74,0,25,81,0,106,86,0,86,192
08/01/2020,MOD,CA,AWP,WE,Federal Contract Tower,0,2,7,0,9,0,24,32,0,56,0,26,39,0,65,28,0,28,93
08/02/2020,MOD,CA,AWP,WE,Federal Contract Tower,0,5,12,0,17,0,35,40,0,75,0,40,52,0,92,10,0,10,102
08/03/2020,MOD,CA,AWP,WE,Federal Contract Tower,0,5,9,0,14,0,9,49,0,58,0,14,58,0,72,50,0,50,122
08/04/2020,MOD,CA,AWP,WE,Federal Contract Tower,0,4,19,0,23,0,30,47,0,77,0,34,66,0,100,48,0,48,148
08/05/2020,MOD,CA,AWP,WE,Federal Contract Tower,0,9,31,0,40,0,18,41,0,59,0,27,72,0,99,2,0,2,101
08/06/2020,MOD,CA,AWP,WE,Federal Contract Tower,0,9,20,0,29,0,21,46,0,67,0,30,66,0,96,36,0,36,132
08/07/2020,MOD,CA,AWP,WE,Federal Contract Tower,0,5,13,0,18,0,20,68,0,88,0,25,81,0,106,42,0,42,148
08/08/2020,MOD,CA,AWP,WE,Federal Contract Tower,0,5,5,0,10,0,14,51,0,65,0,19,56,0,75,30,0,30,105
08/09/2020,MOD,CA,AWP,WE,Federal Contract Tower,0,8,6,0,14,0,14,53,0,67,0,22,59,0,81,18,0,18,99
08/10/2020,MOD,CA,AWP,WE,Federal Contract Tower,0,3,11,0,14,0,9,41,0,50,0,12,52,0,64,48,0,48,112
08/11/2020,MOD,CA,AWP,WE,Federal Contract Tower,0,5,19,0,24,0,12,50,0,62,0,17,69,0,86,50,0,50,136
08/12/2020,MOD,CA,AWP,WE,Federal Contract Tower,0,3,17,0,20,0,15,51,0,66,0,18,68,0,86,48,0,48,134
08/13/2020,MOD,CA,AWP,WE,Federal Contract Tower,0,3,21,0,24,0,31,42,0,73,0,34,63,0,97,48,0,48,145
08/14/2020,MOD,CA,AWP,WE,Federal Contract Tower,0,2,16,0,18,0,20,30,0,50,0,22,46,0,68,10,0,10,78
08/15/2020,MOD,CA,AWP,WE,Federal Contract Tower,0,1,25,0,26,0,12,48,0,60,0,13,73,0,86,18,0,18,104
08/16/2020,MOD,CA,AWP,WE,Federal Contract Tower,0,3,10,0,13,0,24,33,0,57,0,27,43,0,70,6,0,6,76
08/17/2020,MOD,CA,AWP,WE,Federal Contract Tower,0,5,10,0,15,0,19,19,0,38,0,24,29,0,53,12,0,12,65
08/18/2020,MOD,CA,AWP,WE,Federal Contract Tower,0,5,6,0,11,0,14,18,0,32,0,19,24,0,43,22,0,22,65
08/19/2020,MOD,CA,AWP,WE,Federal Contract Tower,0,11,8,0,19,0,13,19,0,32,0,24,27,0,51,4,0,4,55
08/20/2020,MOD,CA,AWP,WE,Federal Contract Tower,0,34,9,0,43,0,5,2,0,7,0,39,11,0,50,4,0,4,54
08/21/2020,MOD,CA,AWP,WE,Federal Contract Tower,0,16,7,0,23,0,0,2,0,2,0,16,9,0,25,0,0,0,25
08/22/2020,MOD,CA,AWP,WE,Federal Contract Tower,0,3,8,0,11,0,5,7,0,12,0,8,15,0,23,6,0,6,29
08/23/2020,MOD,CA,AWP,WE,Federal Contract Tower,0,12,5,0,17,0,13,11,0,24,0,25,16,0,41,8,0,8,49
08/24/2020,MOD,CA,AWP,WE,Federal Contract Tower,0,10,13,2,25,0,0,0,0,0,0,10,13,2,25,0,0,0,25
08/25/2020,MOD,CA,AWP,WE,Federal Contract Tower,0,9,12,0,21,0,18,17,0,35,0,27,29,0,56,2,0,2,58
08/26/2020,MOD,CA,AWP,WE,Federal Contract Tower,0,6,21,0,27,0,16,18,0,34,0,22,39,0,61,38,0,38,99
08/27/2020,MOD,CA,AWP,WE,Federal Contract Tower,0,6,23,0,29,0,18,42,0,60,0,24,65,0,89,56,0,56,145
08/28/2020,MOD,CA,AWP,WE,Federal Contract Tower,0,5,18,0,23,0,19,48,2,69,0,24,66,2,92,56,0,56,148
08/29/2020,MOD,CA,AWP,WE,Federal Contract Tower,0,1,11,0,12,0,17,40,0,57,0,18,51,0,69,16,0,16,85
08/30/2020,MOD,CA,AWP,WE,Federal Contract Tower,0,3,17,0,20,0,21,22,0,43,0,24,39,0,63,0,0,0,63
08/31/2020,MOD,CA,AWP,WE,Federal Contract Tower,0,9,5,0,14,0,18,19,0,37,0,27,24,0,51,36,0,36,87
09/01/2020,MOD,CA,AWP,WE,Federal Contract Tower,0,9,24,0,33,0,10,27,0,37,0,19,51,0,70,20,0,20,90
09/02/2020,MOD,CA,AWP,WE,Federal Contract Tower,0,3,19,0,22,0,9,36,0,45,0,12,55,0,67,22,0,22,89
09/03/2020,MOD,CA,AWP,WE,Federal Contract Tower,0,6,43,0,49,0,36,39,0,75,0,42,82,0,124,48,0,48,172
09/04/2020,MOD,CA,AWP,WE,Federal Contract Tower,0,7,26,0,33,0,35,30,0,65,0,42,56,0,98,32,0,32,130
09/06/2020,MOD,CA,AWP,WE,Federal Contract Tower,0,3,19,0,22,0,6,11,0,17,0,9,30,0,39,10,0,10,49
09/07/2020,MOD,CA,AWP,WE,Federal Contract Tower,0,17,18,0,35,0,15,26,0,41,0,32,44,0,76,8,0,8,84
09/08/2020,MOD,CA,AWP,WE,Federal Contract Tower,0,9,7,0,16,0,3,1,0,4,0,12,8,0,20,0,0,0,20
09/09/2020,MOD,CA,AWP,WE,Federal Contract Tower,0,11,20,0,31,0,5,9,0,14,0,16,29,0,45,14,0,14,59
09/10/2020,MOD,CA,AWP,WE,Federal Contract Tower,0,14,19,0,33,0,3,9,0,12,0,17,28,0,45,4,0,4,49
09/11/2020,MOD,CA,AWP,WE,Federal Contract Tower,0,19,11,0,30,0,3,0,0,3,0,22,11,0,33,2,0,2,35
09/12/2020,MOD,CA,AWP,WE,Federal Contract Tower,0,10,12,0,22,0,2,1,0,3,0,12,13,0,25,0,0,0,25
09/13/2020,MOD,CA,AWP,WE,Federal Contract Tower,0,8,5,0,13,0,0,0,0,0,0,8,5,0,13,0,0,0,13
09/14/2020,MOD,CA,AWP,WE,Federal Contract Tower,0,16,7,2,25,0,0,0,0,0,0,16,7,2,25,0,0,0,25
09/15/2020,MOD,CA,AWP,WE,Federal Contract Tower,0,10,27,8,45,0,9,15,0,24,0,19,42,8,69,6,0,6,75
09/16/2020,MOD,CA,AWP,WE,Federal Contract Tower,0,12,28,0,40,0,9,54,0,63,0,21,82,0,103,56,0,56,159
09/17/2020,MOD,CA,AWP,WE,Federal Contract Tower,0,9,18,0,27,0,18,47,0,65,0,27,65,0,92,76,0,76,168
09/18/2020,MOD,CA,AWP,WE,Federal Contract Tower,0,6,28,0,34,0,18,62,0,80,0,24,90,0,114,56,0,56,170
09/19/2020,MOD,CA,AWP,WE,Federal Contract Tower,0,3,18,0,21,0,23,39,0,62,0,26,57,0,83,46,0,46,129
09/20/2020,MOD,CA,AWP,WE,Federal Contract Tower,0,6,30,0,36,0,18,51,0,69,0,24,81,0,105,52,0,52,157
09/21/2020,MOD,CA,AWP,WE,Federal Contract Tower,0,2,49,0,51,0,28,42,0,70,0,30,91,0,121,140,0,140,261
09/22/2020,MOD,CA,AWP,WE,Federal Contract Tower,0,11,18,0,29,0,26,54,0,80,0,37,72,0,109,72,0,72,181
09/23/2020,MOD,CA,AWP,WE,Federal Contract Tower,0,4,17,0,21,0,14,76,0,90,0,18,93,0,111,60,0,60,171
09/24/2020,MOD,CA,AWP,WE,Federal Contract Tower,0,8,45,0,53,0,23,45,0,68,0,31,90,0,121,52,0,52,173
09/25/2020,MOD,CA,AWP,WE,Federal Contract Tower,0,7,8,0,15,0,36,80,0,116,0,43,88,0,131,16,0,16,147
09/26/2020,MOD,CA,AWP,WE,Federal Contract Tower,0,3,9,0,12,0,11,60,0,71,0,14,69,0,83,44,0,44,127
09/27/2020,MOD,CA,AWP,WE,Federal Contract Tower,0,3,17,0,20,0,22,31,0,53,0,25,48,0,73,8,0,8,81
09/28/2020,MOD,CA,AWP,WE,Federal Contract Tower,0,9,13,0,22,0,21,34,0,55,0,30,47,0,77,52,0,52,129
09/29/2020,MOD,CA,AWP,WE,Federal Contract Tower,0,6,34,0,40,0,8,44,0,52,0,14,78,0,92,6,0,6,98
09/30/2020,MOD,CA,AWP,WE,Federal Contract Tower,0,12,20,0,32,0,7,26,0,33,0,19,46,0,65,16,0,16,81
10/01/2020,MOD,CA,AWP,WE,Federal Contract Tower,0,9,22,0,31,0,14,12,0,26,0,23,34,0,57,16,0,16,73
10/02/2020,MOD,CA,AWP,WE,Federal Contract Tower,0,12,25,0,37,0,2,7,0,9,0,14,32,0,46,2,0,2,48
10/03/2020,MOD,CA,AWP,WE,Federal Contract Tower,0,7,21,0,28,0,10,13,0,23,0,17,34,0,51,8,0,8,59
10/04/2020,MOD,CA,AWP,WE,Federal Contract Tower,0,7,14,0,21,0,17,25,0,42,0,24,39,0,63,30,0,30,93
10/05/2020,MOD,CA,AWP,WE,Federal Contract Tower,0,6,27,0,33,0,17,53,0,70,0,23,80,0,103,22,0,22,125
10/06/2020,MOD,CA,AWP,WE,Federal Contract Tower,0,13,24,0,37,0,19,52,0,71,0,32,76,0,108,32,0,32,140
10/07/2020,MOD,CA,AWP,WE,Federal Contract Tower,0,5,33,0,38,0,26,49,0,75,0,31,82,0,113,2,0,2,115
10/08/2020,MOD,CA,AWP,WE,Federal Contract Tower,0,10,50,0,60,0,18,49,0,67,0,28,99,0,127,60,0,60,187
10/09/2020,MOD,CA,AWP,WE,Federal Contract Tower,0,8,19,0,27,0,31,63,0,94,0,39,82,0,121,36,0,36,157
10/10/2020,MOD,CA,AWP,WE,Federal Contract Tower,0,7,9,0,16,0,22,66,0,88,0,29,75,0,104,56,0,56,160
10/11/2020,MOD,CA,AWP,WE,Federal Contract Tower,0,3,25,0,28,0,14,36,0,50,0,17,61,0,78,16,0,16,94
10/12/2020,MOD,CA,AWP,WE,Federal Contract Tower,0,5,27,0,32,0,22,63,0,85,0,27,90,0,117,42,0,42,159
10/13/2020,MOD,CA,AWP,WE,Federal Contract Tower,0,3,17,0,20,0,18,56,0,74,0,21,73,0,94,32,0,32,126
10/14/2020,MOD,CA,AWP,WE,Federal Contract Tower,0,7,15,0,22,0,13,57,0,70,0,20,72,0,92,64,0,64,156
10/15/2020,MOD,CA,AWP,WE,Federal Contract Tower,0,6,33,4,43,0,16,46,0,62,0,22,79,4,105,52,0,52,157
10/16/2020,MOD,CA,AWP,WE,Federal Contract Tower,0,3,25,0,28,0,29,69,0,98,0,32,94,0,126,30,0,30,156
10/17/2020,MOD,CA,AWP,WE,Federal Contract Tower,0,4,13,0,17,0,20,48,0,68,0,24,61,0,85,40,0,40,125
10/18/2020,MOD,CA,AWP,WE,Federal Contract Tower,0,9,13,0,22,0,25,88,0,113,0,34,101,0,135,16,0,16,151
10/19/2020,MOD,CA,AWP,WE,Federal Contract Tower,0,4,15,2,21,0,27,72,0,99,0,31,87,2,120,40,0,40,160
10/20/2020,MOD,CA,AWP,WE,Federal Contract Tower,0,9,9,0,18,0,27,36,0,63,0,36,45,0,81,38,0,38,119
10/21/2020,MOD,CA,AWP,WE,Federal Contract Tower,0,7,13,0,20,0,14,80,0,94,0,21,93,0,114,50,0,50,164
10/22/2020,MOD,CA,AWP,WE,Federal Contract Tower,0,15,18,0,33,0,12,56,4,72,0,27,74,4,105,22,0,22,127
10/23/2020,MOD,CA,AWP,WE,Federal Contract Tower,0,3,31,0,34,0,14,71,0,85,0,17,102,0,119,28,0,28,147
10/24/2020,MOD,CA,AWP,WE,Federal Contract Tower,0,5,10,0,15,0,13,76,0,89,0,18,86,0,104,38,0,38,142
10/25/2020,MOD,CA,AWP,WE,Federal Contract Tower,0,4,18,0,22,0,13,18,0,31,0,17,36,0,53,12,0,12,65
10/26/2020,MOD,CA,AWP,WE,Federal Contract Tower,0,3,13,0,16,0,21,23,0,44,0,24,36,0,60,20,0,20,80
10/27/2020,MOD,CA,AWP,WE,Federal Contract Tower,0,3,19,0,22,0,21,51,0,72,0,24,70,0,94,22,0,22,116
10/28/2020,MOD,CA,AWP,WE,Federal Contract Tower,0,2,21,2,25,0,23,69,0,92,0,25,90,2,117,66,0,66,183
10/29/2020,MOD,CA,AWP,WE,Federal Contract Tower,0,5,19,0,24,0,30,71,0,101,0,35,90,0,125,60,0,60,185
10/30/2020,MOD,CA,AWP,WE,Federal Contract Tower,0,16,21,0,37,0,23,38,0,61,0,39,59,0,98,58,0,58,156
10/31/2020,MOD,CA,AWP,WE,Federal Contract Tower,0,1,11,0,12,0,14,55,0,69,0,15,66,0,81,42,0,42,123
11/02/2020,MOD,CA,AWP,WE,Federal Contract Tower,0,8,23,0,31,0,31,37,4,72,0,39,60,4,103,78,0,78,181
11/03/2020,MOD,CA,AWP,WE,Federal Contract Tower,0,4,26,0,30,0,16,41,10,67,0,20,67,10,97,76,0,76,173
11/04/2020,MOD,CA,AWP,WE,Federal Contract Tower,0,5,23,0,28,0,15,76,0,91,0,20,99,0,119,28,0,28,147
11/05/2020,MOD,CA,AWP,WE,Federal Contract Tower,0,3,24,0,27,0,26,52,0,78,0,29,76,0,105,44,0,44,149
11/06/2020,MOD,CA,AWP,WE,Federal Contract Tower,0,12,6,0,18,0,32,26,0,58,0,44,32,0,76,10,0,10,86
11/07/2020,MOD,CA,AWP,WE,Federal Contract Tower,0,3,16,0,19,0,20,33,0,53,0,23,49,0,72,38,0,38,110
11/08/2020,MOD,CA,AWP,WE,Federal Contract Tower,0,6,9,0,15,0,21,18,0,39,0,27,27,0,54,34,0,34,88
11/09/2020,MOD,CA,AWP,WE,Federal Contract Tower,0,1,55,0,56,0,24,45,0,69,0,25,100,0,125,46,0,46,171
11/10/2020,MOD,CA,AWP,WE,Federal Contract Tower,0,1,31,0,32,0,29,56,0,85,0,30,87,0,117,58,0,58,175
11/11/2020,MOD,CA,AWP,WE,Federal Contract Tower,0,3,27,0,30,0,14,55,0,69,0,17,82,0,99,118,0,118,217
11/12/2020,MOD,CA,AWP,WE,Federal Contract Tower,0,3,27,2,32,0,18,38,0,56,0,21,65,2,88,62,0,62,150
11/13/2020,MOD,CA,AWP,WE,Federal Contract Tower,0,19,17,0,36,0,29,19,0,48,0,48,36,0,84,6,0,6,90
11/14/2020,MOD,CA,AWP,WE,Federal Contract Tower,0,13,30,0,43,0,13,7,0,20,0,26,37,0,63,6,0,6,69
11/15/2020,MOD,CA,AWP,WE,Federal Contract Tower,0,7,22,0,29,0,28,43,0,71,0,35,65,0,100,74,0,74,174
11/16/2020,MOD,CA,AWP,WE,Federal Contract Tower,0,18,37,0,55,0,20,42,0,62,0,38,79,0,117,30,0,30,147
11/17/2020,MOD,CA,AWP,WE,Federal Contract Tower,0,9,25,0,34,0,6,36,0,42,0,15,61,0,76,22,0,22,98
11/18/2020,MOD,CA,AWP,WE,Federal Contract Tower,0,6,6,0,12,0,4,6,0,10,0,10,12,0,22,24,0,24,46
11/19/2020,MOD,CA,AWP,WE,Federal Contract Tower,0,4,19,0,23,0,12,30,0,42,0,16,49,0,65,28,0,28,93
11/20/2020,MOD,CA,AWP,WE,Federal Contract Tower,0,5,19,0,24,0,17,57,0,74,0,22,76,0,98,87,0,87,185
11/21/2020,MOD,CA,AWP,WE,Federal Contract Tower,0,6,12,0,18,0,26,62,0,88,0,32,74,0,106,34,0,34,140
11/22/2020,MOD,CA,AWP,WE,Federal Contract Tower,0,8,3,0,11,0,11,46,0,57,0,19,49,0,68,30,0,30,98
11/23/2020,MOD,CA,AWP,WE,Federal Contract Tower,0,10,22,0,32,0,17,39,0,56,0,27,61,0,88,48,0,48,136
11/24/2020,MOD,CA,AWP,WE,Federal Contract Tower,0,7,28,0,35,0,20,47,0,67,0,27,75,0,102,46,0,46,148
11/25/2020,MOD,CA,AWP,WE,Federal Contract Tower,0,4,22,0,26,0,10,43,0,53,0,14,65,0,79,32,0,32,111
11/26/2020,MOD,CA,AWP,WE,Federal Contract Tower,0,4,0,0,4,0,13,9,0,22,0,17,9,0,26,0,0,0,26
11/27/2020,MOD,CA,AWP,WE,Federal Contract Tower,0,2,11,0,13,0,17,32,0,49,0,19,43,0,62,24,0,24,86
11/28/2020,MOD,CA,AWP,WE,Federal Contract Tower,0,1,19,0,20,0,13,41,0,54,0,14,60,0,74,32,0,32,106
11/29/2020,MOD,CA,AWP,WE,Federal Contract Tower,0,15,7,0,22,0,18,30,0,48,0,33,37,0,70,48,0,48,118
11/30/2020,MOD,CA,AWP,WE,Federal Contract Tower,0,5,24,0,29,0,22,41,0,63,0,27,65,0,92,16,0,16,108
12/01/2020,MOD,CA,AWP,WE,Federal Contract Tower,0,7,29,0,36,0,15,39,0,54,0,22,68,0,90,54,0,54,144
12/02/2020,MOD,CA,AWP,WE,Federal Contract Tower,0,7,21,1,29,0,9,41,1,51,0,16,62,2,80,14,0,14,94
12/03/2020,MOD,CA,AWP,WE,Federal Contract Tower,0,1,19,0,20,0,11,44,0,55,0,12,63,0,75,70,0,70,145
12/04/2020,MOD,CA,AWP,WE,Federal Contract Tower,0,2,3,0,5,0,16,59,0,75,0,18,62,0,80,36,0,36,116
12/05/2020,MOD,CA,AWP,WE,Federal Contract Tower,0,5,20,0,25,0,18,55,0,73,0,23,75,0,98,42,0,42,140
12/06/2020,MOD,CA,AWP,WE,Federal Contract Tower,0,6,16,0,22,0,18,46,0,64,0,24,62,0,86,36,0,36,122
12/07/2020,MOD,CA,AWP,WE,Federal Contract Tower,0,5,15,0,20,0,18,29,0,47,0,23,44,0,67,12,0,12,79
12/08/2020,MOD,CA,AWP,WE,Federal Contract Tower,0,2,16,0,18,0,10,59,0,69,0,12,75,0,87,58,0,58,145
12/09/2020,MOD,CA,AWP,WE,Federal Contract Tower,0,4,26,0,30,0,14,59,0,73,0,18,85,0,103,38,0,38,141
12/10/2020,MOD,CA,AWP,WE,Federal Contract Tower,0,5,22,0,27,0,19,60,0,79,0,24,82,0,106,32,0,32,138
12/11/2020,MOD,CA,AWP,WE,Federal Contract Tower,0,13,11,0,24,0,20,48,0,68,0,33,59,0,92,8,0,8,100
12/12/2020,MOD,CA,AWP,WE,Federal Contract Tower,0,8,29,0,37,0,6,0,0,6,0,14,29,0,43,0,0,0,43
12/13/2020,MOD,CA,AWP,WE,Federal Contract Tower,0,10,7,0,17,0,0,0,0,0,0,10,7,0,17,0,0,0,17
12/14/2020,MOD,CA,AWP,WE,Federal Contract Tower,0,7,20,0,27,0,9,44,0,53,0,16,64,0,80,32,0,32,112
12/15/2020,MOD,CA,AWP,WE,Federal Contract Tower,0,1,22,0,23,0,9,49,0,58,0,10,71,0,81,4,0,4,85
12/16/2020,MOD,CA,AWP,WE,Federal Contract Tower,0,1,27,0,28,0,6,32,0,38,0,7,59,0,66,18,0,18,84
12/17/2020,MOD,CA,AWP,WE,Federal Contract Tower,0,10,25,0,35,0,15,19,0,34,0,25,44,0,69,32,0,32,101
12/18/2020,MOD,CA,AWP,WE,Federal Contract Tower,0,7,15,0,22,0,18,64,0,82,0,25,79,0,104,54,0,54,158
12/19/2020,MOD,CA,AWP,WE,Federal Contract Tower,0,2,29,0,31,0,11,18,0,29,0,13,47,0,60,8,0,8,68
12/20/2020,MOD,CA,AWP,WE,Federal Contract Tower,0,11,25,0,36,0,2,7,0,9,0,13,32,0,45,12,0,12,57
12/21/2020,MOD,CA,AWP,WE,Federal Contract Tower,0,12,24,0,36,0,0,0,0,0,0,12,24,0,36,0,0,0,36
12/22/2020,MOD,CA,AWP,WE,Federal Contract Tower,0,15,38,0,53,0,3,4,0,7,0,18,42,0,60,4,0,4,64
12/23/2020,MOD,CA,AWP,WE,Federal Contract Tower,0,5,28,0,33,0,3,19,0,22,0,8,47,0,55,18,0,18,73
12/24/2020,MOD,CA,AWP,WE,Federal Contract Tower,0,1,13,0,14,0,5,6,0,11,0,6,19,0,25,4,0,4,29
12/25/2020,MOD,CA,AWP,WE,Federal Contract Tower,0,0,1,0,1,0,11,8,0,19,0,11,9,0,20,0,0,0,20
12/26/2020,MOD,CA,AWP,WE,Federal Contract Tower,0,6,13,0,19,0,22,32,0,54,0,28,45,0,73,36,0,36,109
12/27/2020,MOD,CA,AWP,WE,Federal Contract Tower,0,14,6,0,20,0,16,20,0,36,0,30,26,0,56,0,0,0,56
12/28/2020,MOD,CA,AWP,WE,Federal Contract Tower,0,3,26,0,29,0,14,38,2,54,0,17,64,2,83,54,0,54,137
12/29/2020,MOD,CA,AWP,WE,Federal Contract Tower,0,6,24,0,30,0,10,51,0,61,0,16,75,0,91,52,0,52,143
12/30/2020,MOD,CA,AWP,WE,Federal Contract Tower,0,2,23,0,25,0,7,34,0,41,0,9,57,0,66,14,0,14,80
12/31/2020,MOD,CA,AWP,WE,Federal Contract Tower,0,7,12,0,19,0,20,9,0,29,0,27,21,0,48,2,0,2,50
01/01/2021,MOD,CA,AWP,WE,Federal Contract Tower,0,5,5,0,10,0,20,8,0,28,0,25,13,0,38,4,0,4,42
01/02/2021,MOD,CA,AWP,WE,Federal Contract Tower,0,14,6,0,20,0,17,20,0,37,0,31,26,0,57,60,0,60,117
01/03/2021,MOD,CA,AWP,WE,Federal Contract Tower,0,9,10,0,19,0,26,27,0,53,0,35,37,0,72,8,0,8,80
01/04/2021,MOD,CA,AWP,WE,Federal Contract Tower,0,9,9,0,18,0,13,8,0,21,0,22,17,0,39,10,0,10,49
01/05/2021,MOD,CA,AWP,WE,Federal Contract Tower,0,0,23,0,23,0,11,32,0,43,0,11,55,0,66,44,0,44,110
01/06/2021,MOD,CA,AWP,WE,Federal Contract Tower,0,4,7,0,11,0,15,35,2,52,0,19,42,2,63,6,0,6,69
01/07/2021,MOD,CA,AWP,WE,Federal Contract Tower,0,8,13,0,21,0,14,7,0,21,0,22,20,0,42,10,0,10,52
01/08/2021,MOD,CA,AWP,WE,Federal Contract Tower,0,7,10,0,17,0,16,9,0,25,0,23,19,0,42,8,0,8,50
01/09/2021,MOD,CA,AWP,WE,Federal Contract Tower,0,8,20,0,28,0,30,35,0,65,0,38,55,0,93,88,0,88,181
01/10/2021,MOD,CA,AWP,WE,Federal Contract Tower,0,5,16,0,21,0,10,15,0,25,0,15,31,0,46,6,0,6,52
01/11/2021,MOD,CA,AWP,WE,Federal Contract Tower,0,2,15,0,17,0,10,12,0,22,0,12,27,0,39,10,0,10,49
01/12/2021,MOD,CA,AWP,WE,Federal Contract Tower,0,8,13,0,21,0,9,9,0,18,0,17,22,0,39,42,0,42,81
01/13/2021,MOD,CA,AWP,WE,Federal Contract Tower,0,3,9,0,12,0,9,37,0,46,0,12,46,0,58,12,0,12,70
01/14/2021,MOD,CA,AWP,WE,Federal Contract Tower,0,6,21,0,27,0,7,21,0,28,0,13,42,0,55,20,0,20,75
01/15/2021,MOD,CA,AWP,WE,Federal Contract Tower,0,13,17,0,30,0,14,27,0,41,0,27,44,0,71,4,0,4,75
01/16/2021,MOD,CA,AWP,WE,Federal Contract Tower,0,3,28,0,31,0,10,29,0,39,0,13,57,0,70,42,0,42,112
01/17/2021,MOD,CA,AWP,WE,Federal Contract Tower,0,6,9,0,15,0,26,30,0,56,0,32,39,0,71,8,0,8,79
01/18/2021,MOD,CA,AWP,WE,Federal Contract Tower,0,4,1,0,5,0,9,14,0,23,0,13,15,0,28,8,0,8,36
01/19/2021,MOD,CA,AWP,WE,Federal Contract Tower,0,8,1,0,9,0,7,7,0,14,0,15,8,0,23,10,0,10,33
01/20/2021,MOD,CA,AWP,WE,Federal Contract Tower,0,2,4,0,6,0,11,71,0,82,0,13,75,0,88,74,0,74,162
01/21/2021,MOD,CA,AWP,WE,Federal Contract Tower,0,5,15,0,20,0,21,45,0,66,0,26,60,0,86,54,0,54,140
01/22/2021,MOD,CA,AWP,WE,Federal Contract Tower,0,0,5,0,5,0,14,16,0,30,0,14,21,0,35,0,0,0,35
01/23/2021,MOD,CA,AWP,WE,Federal Contract Tower,0,8,36,0,44,0,13,27,0,40,0,21,63,0,84,18,0,18,102
01/24/2021,MOD,CA,AWP,WE,Federal Contract Tower,0,4,6,0,10,0,14,14,0,28,0,18,20,0,38,8,0,8,46
01/25/2021,MOD,CA,AWP,WE,Federal Contract Tower,0,7,5,0,12,0,23,5,0,28,0,30,10,0,40,8,0,8,48
01/26/2021,MOD,CA,AWP,WE,Federal Contract Tower,0,1,19,2,22,0,15,26,2,43,0,16,45,4,65,10,0,10,75
01/27/2021,MOD,CA,AWP,WE,Federal Contract Tower,0,3,4,0,7,0,2,3,0,5,0,5,7,0,12,0,0,0,12
01/28/2021,MOD,CA,AWP,WE,Federal Contract Tower,0,8,15,0,23,0,6,2,0,8,0,14,17,0,31,0,0,0,31
01/29/2021,MOD,CA,AWP,WE,Federal Contract Tower,0,10,11,0,21,0,20,23,0,43,0,30,34,0,64,12,0,12,76
01/30/2021,MOD,CA,AWP,WE,Federal Contract Tower,0,6,17,0,23,0,10,58,0,68,0,16,75,0,91,76,0,76,167
01/31/2021,MOD,CA,AWP,WE,Federal Contract Tower,0,4,18,0,22,0,20,33,0,53,0,24,51,0,75,24,0,24,99
02/01/2021,MOD,CA,AWP,WE,Federal Contract Tower,0,15,14,0,29,0,21,16,0,37,0,36,30,0,66,32,0,32,98
02/02/2021,MOD,CA,AWP,WE,Federal Contract Tower,0,19,3,0,22,0,6,7,0,13,0,25,10,0,35,12,0,12,47
02/03/2021,MOD,CA,AWP,WE,Federal Contract Tower,0,4,12,2,18,0,14,58,0,72,0,18,70,2,90,44,0,44,134
02/04/2021,MOD,CA,AWP,WE,Federal Contract Tower,0,7,26,0,33,0,13,73,0,86,0,20,99,0,119,40,0,40,159
02/05/2021,MOD,CA,AWP,WE,Federal Contract Tower,0,1,12,0,13,0,38,72,0,110,0,39,84,0,123,30,0,30,153
02/06/2021,MOD,CA,AWP,WE,Federal Contract Tower,0,7,20,0,27,0,13,103,0,116,0,20,123,0,143,88,0,88,231
02/07/2021,MOD,CA,AWP,WE,Federal Contract Tower,0,0,15,0,15,0,24,41,0,65,0,24,56,0,80,32,0,32,112
02/08/2021,MOD,CA,AWP,WE,Federal Contract Tower,0,5,16,0,21,0,13,24,0,37,0,18,40,0,58,34,0,34,92
02/09/2021,MOD,CA,AWP,WE,Federal Contract Tower,0,7,22,2,31,0,28,33,0,61,0,35,55,2,92,40,0,40,132
02/10/2021,MOD,CA,AWP,WE,Federal Contract Tower,0,11,25,0,36,0,5,82,0,87,0,16,107,0,123,38,0,38,161
02/11/2021,MOD,CA,AWP,WE,Federal Contract Tower,0,6,17,0,23,0,17,19,0,36,0,23,36,0,59,8,0,8,67
02/12/2021,MOD,CA,AWP,WE,Federal Contract Tower,0,12,11,0,23,0,24,40,0,64,0,36,51,0,87,44,0,44,131
02/13/2021,MOD,CA,AWP,WE,Federal Contract Tower,0,5,18,0,23,0,9,21,0,30,0,14,39,0,53,36,0,36,89
02/14/2021,MOD,CA,AWP,WE,Federal Contract Tower,0,0,20,0,20,0,24,19,0,43,0,24,39,0,63,14,0,14,77
02/15/2021,MOD,CA,AWP,WE,Federal Contract Tower,0,8,11,0,19,0,14,11,0,25,0,22,22,0,44,8,0,8,52
02/16/2021,MOD,CA,AWP,WE,Federal Contract Tower,0,2,15,2,19,0,15,36,0,51,0,17,51,2,70,6,0,6,76
02/17/2021,MOD,CA,AWP,WE,Federal Contract Tower,0,3,10,0,13,0,9,40,14,63,0,12,50,14,76,30,0,30,106
02/18/2021,MOD,CA,AWP,WE,Federal Contract Tower,0,2,8,0,10,0,29,52,7,88,0,31,60,7,98,46,0,46,144
02/19/2021,MOD,CA,AWP,WE,Federal Contract Tower,0,5,15,0,20,0,22,20,0,42,0,27,35,0,62,8,0,8,70
02/20/2021,MOD,CA,AWP,WE,Federal Contract Tower,0,2,15,0,17,0,14,37,0,51,0,16,52,0,68,6,0,6,74
02/21/2021,MOD,CA,AWP,WE,Federal Contract Tower,0,2,21,0,23,0,16,59,0,75,0,18,80,0,98,44,0,44,142
02/22/2021,MOD,CA,AWP,WE,Federal Contract Tower,0,9,10,0,19,0,20,75,0,95,0,29,85,0,114,56,0,56,170
02/23/2021,MOD,CA,AWP,WE,Federal Contract Tower,0,7,18,0,25,0,19,37,0,56,0,26,55,0,81,22,0,22,103
02/24/2021,MOD,CA,AWP,WE,Federal Contract Tower,0,4,11,0,15,0,10,30,0,40,0,14,41,0,55,4,0,4,59
02/25/2021,MOD,CA,AWP,WE,Federal Contract Tower,0,8,43,0,51,0,33,43,0,76,0,41,86,0,127,28,0,28,155
02/26/2021,MOD,CA,AWP,WE,Federal Contract Tower,0,8,24,0,32,0,22,72,0,94,0,30,96,0,126,30,0,30,156
02/27/2021,MOD,CA,AWP,WE,Federal Contract Tower,0,1,22,0,23,0,13,28,0,41,0,14,50,0,64,28,0,28,92
02/28/2021,MOD,CA,AWP,WE,Federal Contract Tower,0,3,14,0,17,0,29,60,0,89,0,32,74,0,106,38,0,38,144
03/01/2021,MOD,CA,AWP,WE,Federal Contract Tower,0,1,18,0,19,0,27,48,0,75,0,28,66,0,94,28,0,28,122
03/02/2021,MOD,CA,AWP,WE,Federal Contract Tower,0,7,15,0,22,0,24,35,0,59,0,31,50,0,81,16,0,16,97
03/03/2021,MOD,CA,AWP,WE,Federal Contract Tower,0,7,27,0,34,0,7,64,0,71,0,14,91,0,105,22,0,22,127
03/04/2021,MOD,CA,AWP,WE,Federal Contract Tower,0,9,22,0,31,0,31,63,0,94,0,40,85,0,125,32,0,32,157
03/05/2021,MOD,CA,AWP,WE,Federal Contract Tower,0,2,24,0,26,0,15,61,0,76,0,17,85,0,102,38,0,38,140
03/06/2021,MOD,CA,AWP,WE,Federal Contract Tower,0,2,15,0,17,0,29,33,0,62,0,31,48,0,79,24,0,24,103
03/07/2021,MOD,CA,AWP,WE,Federal Contract Tower,0,3,33,0,36,0,32,46,0,78,0,35,79,0,114,48,0,48,162
03/08/2021,MOD,CA,AWP,WE,Federal Contract Tower,0,7,36,0,43,0,28,28,0,56,0,35,64,0,99,16,0,16,115
03/09/2021,MOD,CA,AWP,WE,Federal Contract Tower,0,3,23,0,26,0,7,15,0,22,0,10,38,0,48,20,0,20,68
03/10/2021,MOD,CA,AWP,WE,Federal Contract Tower,0,12,8,0,20,0,7,1,0,8,0,19,9,0,28,0,0,0,28
03/11/2021,MOD,CA,AWP,WE,Federal Contract Tower,0,8,14,0,22,0,13,48,0,61,0,21,62,0,83,26,0,26,109
03/12/2021,MOD,CA,AWP,WE,Federal Contract Tower,0,8,40,0,48,0,37,66,0,103,0,45,106,0,151,44,0,44,195
03/13/2021,MOD,CA,AWP,WE,Federal Contract Tower,0,3,21,0,24,0,22,59,0,81,0,25,80,0,105,78,0,78,183
03/14/2021,MOD,CA,AWP,WE,Federal Contract Tower,0,4,11,0,15,0,14,18,0,32,0,18,29,0,47,30,0,30,77
03/15/2021,MOD,CA,AWP,WE,Federal Contract Tower,0,6,2,0,8,0,20,7,0,27,0,26,9,0,35,2,0,2,37
03/16/2021,MOD,CA,AWP,WE,Federal Contract Tower,0,7,26,0,33,0,21,52,0,73,0,28,78,0,106,70,0,70,176
03/17/2021,MOD,CA,AWP,WE,Federal Contract Tower,0,6,14,0,20,0,17,60,0,77,0,23,74,0,97,38,0,38,135
03/18/2021,MOD,CA,AWP,WE,Federal Contract Tower,0,6,7,0,13,0,11,9,0,20,0,17,16,0,33,26,0,26,59
03/19/2021,MOD,CA,AWP,WE,Federal Contract Tower,0,14,28,4,46,0,21,25,0,46,0,35,53,4,92,12,0,12,104
03/20/2021,MOD,CA,AWP,WE,Federal Contract Tower,0,6,33,0,39,0,25,51,0,76,0,31,84,0,115,18,0,18,133
03/21/2021,MOD,CA,AWP,WE,Federal Contract Tower,0,2,36,0,38,0,27,48,0,75,0,29,84,0,113,28,0,28,141
03/22/2021,MOD,CA,AWP,WE,Federal Contract Tower,0,4,43,0,47,0,15,61,0,76,0,19,104,0,123,36,0,36,159
03/23/2021,MOD,CA,AWP,WE,Federal Contract Tower,0,5,3,0,8,0,13,19,0,32,0,18,22,0,40,6,0,6,46
03/24/2021,MOD,CA,AWP,WE,Federal Contract Tower,0,7,16,0,23,0,11,40,0,51,0,18,56,0,74,32,0,32,106
03/25/2021,MOD,CA,AWP,WE,Federal Contract Tower,0,4,18,0,22,0,16,67,0,83,0,20,85,0,105,34,0,34,139
03/26/2021,MOD,CA,AWP,WE,Federal Contract Tower,0,14,26,0,40,0,16,49,0,65,0,30,75,0,105,28,0,28,133
03/27/2021,MOD,CA,AWP,WE,Federal Contract Tower,0,1,21,0,22,0,7,55,0,62,0,8,76,0,84,30,0,30,114
03/28/2021,MOD,CA,AWP,WE,Federal Contract Tower,0,6,12,0,18,0,26,64,0,90,0,32,76,0,108,66,0,66,174
03/29/2021,MOD,CA,AWP,WE,Federal Contract Tower,0,7,19,0,26,0,21,33,0,54,0,28,52,0,80,10,0,10,90
03/30/2021,MOD,CA,AWP,WE,Federal Contract Tower,0,3,38,0,41,0,27,41,0,68,0,30,79,0,109,28,0,28,137
03/31/2021,MOD,CA,AWP,WE,Federal Contract Tower,0,6,42,0,48,0,15,70,0,85,0,21,112,0,133,38,0,38,171
04/01/2021,MOD,CA,AWP,WE,Federal Contract Tower,0,5,34,4,43,0,29,44,0,73,0,34,78,4,116,10,0,10,126
04/02/2021,MOD,CA,AWP,WE,Federal Contract Tower,0,12,20,0,32,0,29,47,0,76,0,41,67,0,108,28,0,28,136
04/03/2021,MOD,CA,AWP,WE,Federal Contract Tower,0,14,12,0,26,0,14,50,0,64,0,28,62,0,90,20,0,20,110
04/04/2021,MOD,CA,AWP,WE,Federal Contract Tower,0,5,22,0,27,0,21,20,0,41,0,26,42,0,68,18,0,18,86
04/05/2021,MOD,CA,AWP,WE,Federal Contract Tower,0,8,17,0,25,0,31,39,0,70,0,39,56,0,95,30,0,30,125
04/06/2021,MOD,CA,AWP,WE,Federal Contract Tower,0,13,30,0,43,0,27,52,0,79,0,40,82,0,122,50,0,50,172
04/07/2021,MOD,CA,AWP,WE,Federal Contract Tower,0,7,44,0,51,0,18,78,0,96,0,25,122,0,147,28,0,28,175
04/08/2021,MOD,CA,AWP,WE,Federal Contract Tower,0,5,12,0,17,0,28,55,0,83,0,33,67,0,100,36,0,36,136
04/09/2021,MOD,CA,AWP,WE,Federal Contract Tower,0,10,25,0,35,0,36,70,0,106,0,46,95,0,141,16,0,16,157
04/10/2021,MOD,CA,AWP,WE,Federal Contract Tower,0,7,25,0,32,0,31,49,0,80,0,38,74,0,112,66,0,66,178
04/11/2021,MOD,CA,AWP,WE,Federal Contract Tower,0,6,19,0,25,0,20,51,0,71,0,26,70,0,96,44,0,44,140
04/12/2021,MOD,CA,AWP,WE,Federal Contract Tower,0,4,19,0,23,0,21,55,0,76,0,25,74,0,99,60,0,60,159
04/13/2021,MOD,CA,AWP,WE,Federal Contract Tower,0,8,12,0,20,0,16,45,0,61,0,24,57,0,81,12,0,12,93
04/14/2021,MOD,CA,AWP,WE,Federal Contract Tower,0,6,27,0,33,0,10,85,0,95,0,16,112,0,128,64,0,64,192
04/15/2021,MOD,CA,AWP,WE,Federal Contract Tower,0,8,24,2,34,0,32,42,0,74,0,40,66,2,108,40,0,40,148
04/16/2021,MOD,CA,AWP,WE,Federal Contract Tower,0,5,10,0,15,0,25,55,0,80,0,30,65,0,95,8,0,8,103
04/17/2021,MOD,CA,AWP,WE,Federal Contract Tower,0,4,17,0,21,0,34,59,0,93,0,38,76,0,114,36,0,36,150
04/18/2021,MOD,CA,AWP,WE,Federal Contract Tower,0,2,6,0,8,0,35,32,0,67,0,37,38,0,75,56,0,56,131
04/19/2021,MOD,CA,AWP,WE,Federal Contract Tower,0,1,22,0,23,0,26,37,0,63,0,27,59,0,86,16,0,16,102
04/20/2021,MOD,CA,AWP,WE,Federal Contract Tower,0,3,38,0,41,0,27,35,0,62,0,30,73,0,103,4,0,4,107
04/21/2021,MOD,CA,AWP,WE,Federal Contract Tower,0,5,21,0,26,0,15,45,0,60,0,20,66,0,86,2,0,2,88
04/22/2021,MOD,CA,AWP,WE,Federal Contract Tower,0,5,28,0,33,0,22,52,0,74,0,27,80,0,107,100,0,100,207
04/23/2021,MOD,CA,AWP,WE,Federal Contract Tower,0,10,21,2,33,0,28,46,0,74,0,38,67,2,107,50,0,50,157
04/24/2021,MOD,CA,AWP,WE,Federal Contract Tower,0,3,30,0,33,0,16,39,0,55,0,19,69,0,88,48,0,48,136
04/25/2021,MOD,CA,AWP,WE,Federal Contract Tower,0,11,6,0,17,0,30,16,0,46,0,41,22,0,63,28,0,28,91
04/26/2021,MOD,CA,AWP,WE,Federal Contract Tower,0,9,15,2,26,0,22,18,0,40,0,31,33,2,66,40,0,40,106
04/27/2021,MOD,CA,AWP,WE,Federal Contract Tower,0,7,15,0,22,0,21,47,0,68,0,28,62,0,90,20,0,20,110
04/28/2021,MOD,CA,AWP,WE,Federal Contract Tower,0,3,20,0,23,0,12,68,0,80,0,15,88,0,103,16,0,16,119
04/29/2021,MOD,CA,AWP,WE,Federal Contract Tower,0,6,30,0,36,0,38,40,1,79,0,44,70,1,115,32,0,32,147
04/30/2021,MOD,CA,AWP,WE,Federal Contract Tower,0,4,33,0,37,0,27,44,0,71,0,31,77,0,108,22,0,22,130
05/01/2021,MOD,CA,AWP,WE,Federal Contract Tower,0,6,30,0,36,0,15,42,0,57,0,21,72,0,93,22,0,22,115
05/02/2021,MOD,CA,AWP,WE,Federal Contract Tower,0,7,6,0,13,0,17,27,0,44,0,24,33,0,57,8,0,8,65
05/03/2021,MOD,CA,AWP,WE,Federal Contract Tower,0,7,24,0,31,0,25,27,0,52,0,32,51,0,83,30,0,30,113
05/04/2021,MOD,CA,AWP,WE,Federal Contract Tower,0,12,16,0,28,0,22,42,0,64,0,34,58,0,92,32,0,32,124
05/05/2021,MOD,CA,AWP,WE,Federal Contract Tower,0,3,19,0,22,0,8,62,0,70,0,11,81,0,92,20,0,20,112
05/06/2021,MOD,CA,AWP,WE,Federal Contract Tower,0,6,28,0,34,0,35,35,0,70,0,41,63,0,104,44,0,44,148
05/07/2021,MOD,CA,AWP,WE,Federal Contract Tower,0,3,12,0,15,0,22,49,0,71,0,25,61,0,86,10,0,10,96
05/08/2021,MOD,CA,AWP,WE,Federal Contract Tower,0,0,11,0,11,0,23,41,0,64,0,23,52,0,75,26,0,26,101
05/09/2021,MOD,CA,AWP,WE,Federal Contract Tower,0,2,4,0,6,0,25,32,0,57,0,27,36,0,63,4,0,4,67
05/10/2021,MOD,CA,AWP,WE,Federal Contract Tower,0,7,7,0,14,0,18,19,0,37,0,25,26,0,51,2,0,2,53
05/11/2021,MOD,CA,AWP,WE,Federal Contract Tower,0,6,12,0,18,0,18,50,0,68,0,24,62,0,86,26,0,26,112
05/12/2021,MOD,CA,AWP,WE,Federal Contract Tower,0,6,17,2,25,0,17,61,0,78,0,23,78,2,103,26,0,26,129
05/13/2021,MOD,CA,AWP,WE,Federal Contract Tower,0,13,27,0,40,0,28,37,0,65,0,41,64,0,105,32,0,32,137
05/14/2021,MOD,CA,AWP,WE,Federal Contract Tower,0,9,6,0,15,0,23,38,0,61,0,32,44,0,76,22,0,22,98
05/15/2021,MOD,CA,AWP,WE,Federal Contract Tower,0,5,32,0,37,0,24,30,0,54,0,29,62,0,91,40,0,40,131
05/16/2021,MOD,CA,AWP,WE,Federal Contract Tower,0,8,23,0,31,0,26,39,0,65,0,34,62,0,96,6,0,6,102
05/17/2021,MOD,CA,AWP,WE,Federal Contract Tower,0,8,15,0,23,0,36,24,0,60,0,44,39,0,83,2,0,2,85
05/18/2021,MOD,CA,AWP,WE,Federal Contract Tower,0,3,42,0,45,0,24,29,0,53,0,27,71,0,98,4,0,4,102
05/19/2021,MOD,CA,AWP,WE,Federal Contract Tower,0,3,22,0,25,0,14,36,0,50,0,17,58,0,75,24,0,24,99
05/20/2021,MOD,CA,AWP,WE,Federal Contract Tower,0,15,22,0,37,0,18,25,0,43,0,33,47,0,80,8,0,8,88
05/21/2021,MOD,CA,AWP,WE,Federal Contract Tower,0,10,11,0,21,0,34,36,0,70,0,44,47,0,91,30,0,30,121
05/22/2021,MOD,CA,AWP,WE,Federal Contract Tower,0,2,23,0,25,0,15,39,0,54,0,17,62,0,79,30,0,30,109
05/23/2021,MOD,CA,AWP,WE,Federal Contract Tower,0,11,14,0,25,0,17,41,0,58,0,28,55,0,83,18,0,18,101
05/24/2021,MOD,CA,AWP,WE,Federal Contract Tower,0,14,4,0,18,0,27,29,0,56,0,41,33,0,74,2,0,2,76
05/25/2021,MOD,CA,AWP,WE,Federal Contract Tower,0,12,29,0,41,0,9,41,0,50,0,21,70,0,91,8,0,8,99
05/26/2021,MOD,CA,AWP,WE,Federal Contract Tower,0,9,30,4,43,0,6,60,0,66,0,15,90,4,109,38,0,38,147
05/27/2021,MOD,CA,AWP,WE,Federal Contract Tower,0,11,48,0,59,0,43,42,0,85,0,54,90,0,144,26,0,26,170
05/28/2021,MOD,CA,AWP,WE,Federal Contract Tower,0,11,13,0,24,0,24,56,0,80,0,35,69,0,104,0,0,0,104
05/29/2021,MOD,CA,AWP,WE,Federal Contract Tower,0,4,25,0,29,0,22,19,0,41,0,26,44,0,70,38,0,38,108
05/30/2021,MOD,CA,AWP,WE,Federal Contract Tower,0,6,22,0,28,0,19,30,0,49,0,25,52,0,77,14,0,14,91
05/31/2021,MOD,CA,AWP,WE,Federal Contract Tower,0,5,16,0,21,0,22,38,0,60,0,27,54,0,81,32,0,32,113
06/01/2021,MOD,CA,AWP,WE,Federal Contract Tower,0,9,23,0,32,0,13,17,0,30,0,22,40,0,62,0,0,0,62
06/02/2021,MOD,CA,AWP,WE,Federal Contract Tower,0,8,11,1,20,0,6,43,1,50,0,14,54,2,70,16,0,16,86
06/03/2021,MOD,CA,AWP,WE,Federal Contract Tower,0,11,23,0,34,0,19,23,0,42,0,30,46,0,76,4,0,4,80
06/04/2021,MOD,CA,AWP,WE,Federal Contract Tower,0,6,14,0,20,0,32,61,0,93,0,38,75,0,113,64,0,64,177
06/05/2021,MOD,CA,AWP,WE,Federal Contract Tower,0,4,19,0,23,0,9,41,0,50,0,13,60,0,73,18,0,18,91
06/06/2021,MOD,CA,AWP,WE,Federal Contract Tower,0,16,31,0,47,0,23,30,0,53,0,39,61,0,100,16,0,16,116
06/07/2021,MOD,CA,AWP,WE,Federal Contract Tower,0,5,20,0,25,0,20,32,0,52,0,25,52,0,77,42,0,42,119
06/08/2021,MOD,CA,AWP,WE,Federal Contract Tower,0,5,25,0,30,0,28,35,0,63,0,33,60,0,93,28,0,28,121
06/09/2021,MOD,CA,AWP,WE,Federal Contract Tower,0,5,11,0,16,0,11,30,0,41,0,16,41,0,57,70,0,70,127
06/10/2021,MOD,CA,AWP,WE,Federal Contract Tower,0,14,19,0,33,0,18,46,0,64,0,32,65,0,97,38,0,38,135
06/11/2021,MOD,CA,AWP,WE,Federal Contract Tower,0,11,7,0,18,0,23,33,0,56,0,34,40,0,74,24,0,24,98
06/12/2021,MOD,CA,AWP,WE,Federal Contract Tower,0,7,21,0,28,0,14,35,0,49,0,21,56,0,77,16,0,16,93
06/13/2021,MOD,CA,AWP,WE,Federal Contract Tower,0,21,25,0,46,0,21,43,0,64,0,42,68,0,110,8,0,8,118
06/14/2021,MOD,CA,AWP,WE,Federal Contract Tower,0,4,21,0,25,0,33,40,0,73,0,37,61,0,98,26,0,26,124
06/15/2021,MOD,CA,AWP,WE,Federal Contract Tower,0,9,14,0,23,0,14,38,0,52,0,23,52,0,75,26,0,26,101
06/16/2021,MOD,CA,AWP,WE,Federal Contract Tower,0,6,5,0,11,0,16,45,0,61,0,22,50,0,72,72,0,72,144
06/17/2021,MOD,CA,AWP,WE,Federal Contract Tower,0,8,3,0,11,0,22,62,0,84,0,30,65,0,95,52,0,52,147
06/18/2021,MOD,CA,AWP,WE,Federal Contract Tower,0,8,11,0,19,0,45,39,0,84,0,53,50,0,103,32,0,32,135
06/19/2021,MOD,CA,AWP,WE,Federal Contract Tower,0,5,11,0,16,0,22,65,0,87,0,27,76,0,103,18,0,18,121
06/20/2021,MOD,CA,AWP,WE,Federal Contract Tower,0,3,9,0,12,0,33,26,0,59,0,36,35,0,71,10,0,10,81
06/21/2021,MOD,CA,AWP,WE,Federal Contract Tower,0,8,20,0,28,0,24,45,0,69,0,32,65,0,97,22,0,22,119
06/22/2021,MOD,CA,AWP,WE,Federal Contract Tower,0,1,12,12,25,0,29,58,0,87,0,30,70,12,112,22,0,22,134
06/23/2021,MOD,CA,AWP,WE,Federal Contract Tower,0,6,25,0,31,0,18,58,0,76,0,24,83,0,107,10,0,10,117
06/24/2021,MOD,CA,AWP,WE,Federal Contract Tower,0,15,15,0,30,0,15,48,0,63,0,30,63,0,93,56,0,56,149
06/25/2021,MOD,CA,AWP,WE,Federal Contract Tower,0,7,17,1,25,0,18,62,0,80,0,25,79,1,105,18,0,18,123
06/26/2021,MOD,CA,AWP,WE,Federal Contract Tower,0,3,19,0,22,0,6,49,0,55,0,9,68,0,77,52,0,52,129
06/27/2021,MOD,CA,AWP,WE,Federal Contract Tower,0,2,8,0,10,0,25,40,0,65,0,27,48,0,75,22,2,24,99
06/28/2021,MOD,CA,AWP,WE,Federal Contract Tower,0,5,19,0,24,0,29,33,0,62,0,34,52,0,86,38,0,38,124
06/29/2021,MOD,CA,AWP,WE,Federal Contract Tower,0,4,9,0,13,0,28,34,0,62,0,32,43,0,75,64,0,64,139
06/30/2021,MOD,CA,AWP,WE,Federal Contract Tower,0,2,2,0,4,0,30,72,0,102,0,32,74,0,106,20,0,20,126
07/01/2021,MOD,CA,AWP,WE,Federal Contract Tower,0,2,7,0,9,0,24,36,0,60,0,26,43,0,69,10,0,10,79
07/02/2021,MOD,CA,AWP,WE,Federal Contract Tower,0,5,10,0,15,0,22,63,0,85,0,27,73,0,100,42,0,42,142
07/03/2021,MOD,CA,AWP,WE,Federal Contract Tower,0,1,23,0,24,0,24,44,0,68,0,25,67,0,92,18,0,18,110
07/04/2021,MOD,CA,AWP,WE,Federal Contract Tower,0,4,0,0,4,0,12,44,0,56,0,16,44,0,60,48,0,48,108
07/05/2021,MOD,CA,AWP,WE,Federal Contract Tower,0,7,6,0,13,0,28,44,0,72,0,35,50,0,85,26,0,26,111
07/06/2021,MOD,CA,AWP,WE,Federal Contract Tower,0,4,14,0,18,0,31,68,0,99,0,35,82,0,117,22,0,22,139
07/07/2021,MOD,CA,AWP,WE,Federal Contract Tower,0,4,15,0,19,0,33,67,0,100,0,37,82,0,119,56,0,56,175
07/08/2021,MOD,CA,AWP,WE,Federal Contract Tower,0,7,7,2,16,0,34,65,0,99,0,41,72,2,115,36,0,36,151
07/09/2021,MOD,CA,AWP,WE,Federal Contract Tower,0,7,16,0,23,0,28,68,0,96,0,35,84,0,119,20,0,20,139
07/10/2021,MOD,CA,AWP,WE,Federal Contract Tower,0,1,5,0,6,0,11,66,0,77,0,12,71,0,83,12,0,12,95
07/11/2021,MOD,CA,AWP,WE,Federal Contract Tower,0,9,4,0,13,0,21,46,0,67,0,30,50,0,80,42,0,42,122
07/12/2021,MOD,CA,AWP,WE,Federal Contract Tower,0,8,6,0,14,0,14,43,0,57,0,22,49,0,71,26,0,26,97
07/13/2021,MOD,CA,AWP,WE,Federal Contract Tower,0,6,8,0,14,0,23,70,0,93,0,29,78,0,107,44,0,44,151
07/14/2021,MOD,CA,AWP,WE,Federal Contract Tower,0,6,11,0,17,0,14,65,0,79,0,20,76,0,96,10,0,10,106
07/15/2021,MOD,CA,AWP,WE,Federal Contract Tower,0,8,6,0,14,0,25,68,0,93,0,33,74,0,107,30,0,30,137
07/16/2021,MOD,CA,AWP,WE,Federal Contract Tower,0,6,12,0,18,0,29,70,0,99,0,35,82,0,117,42,0,42,159
07/17/2021,MOD,CA,AWP,WE,Federal Contract Tower,0,2,11,0,13,0,29,59,0,88,0,31,70,0,101,56,0,56,157
07/18/2021,MOD,CA,AWP,WE,Federal Contract Tower,0,3,5,0,8,0,30,26,0,56,0,33,31,0,64,38,0,38,102
07/19/2021,MOD,CA,AWP,WE,Federal Contract Tower,0,6,17,0,23,0,37,14,0,51,0,43,31,0,74,34,0,34,108
07/20/2021,MOD,CA,AWP,WE,Federal Contract Tower,0,11,19,0,30,0,26,49,0,75,0,37,68,0,105,58,0,58,163
07/21/2021,MOD,CA,AWP,WE,Federal Contract Tower,0,11,20,0,31,0,34,55,0,89,0,45,75,0,120,20,0,20,140
07/22/2021,MOD,CA,AWP,WE,Federal Contract Tower,0,4,12,0,16,0,14,44,0,58,0,18,56,0,74,36,0,36,110
07/23/2021,MOD,CA,AWP,WE,Federal Contract Tower,0,5,5,0,10,0,16,64,0,80,0,21,69,0,90,18,0,18,108
07/24/2021,MOD,CA,AWP,WE,Federal Contract Tower,0,3,14,0,17,0,9,61,0,70,0,12,75,0,87,30,0,30,117
07/25/2021,MOD,CA,AWP,WE,Federal Contract Tower,0,8,12,0,20,0,23,37,0,60,0,31,49,0,80,34,0,34,114
07/26/2021,MOD,CA,AWP,WE,Federal Contract Tower,0,7,12,0,19,0,37,44,0,81,0,44,56,0,100,10,0,10,110
07/27/2021,MOD,CA,AWP,WE,Federal Contract Tower,0,1,38,0,39,0,19,49,0,68,0,20,87,0,107,19,0,19,126
07/28/2021,MOD,CA,AWP,WE,Federal Contract Tower,0,8,8,0,16,0,13,28,0,41,0,21,36,0,57,18,0,18,75
07/29/2021,MOD,CA,AWP,WE,Federal Contract Tower,0,11,22,0,33,0,13,68,0,81,0,24,90,0,114,56,0,56,170
07/30/2021,MOD,CA,AWP,WE,Federal Contract Tower,0,6,15,0,21,0,21,50,0,71,0,27,65,0,92,8,0,8,100
07/31/2021,MOD,CA,AWP,WE,Federal Contract Tower,0,3,7,0,10,0,28,45,0,73,0,31,52,0,83,30,0,30,113
08/01/2021,MOD,CA,AWP,WE,Federal Contract Tower,0,6,6,0,12,0,36,38,0,74,0,42,44,0,86,4,0,4,90
08/02/2021,MOD,CA,AWP,WE,Federal Contract Tower,0,5,15,0,20,0,39,47,0,86,0,44,62,0,106,22,0,22,128
08/03/2021,MOD,CA,AWP,WE,Federal Contract Tower,0,4,0,0,4,0,13,48,0,61,0,17,48,0,65,16,0,16,81
08/04/2021,MOD,CA,AWP,WE,Federal Contract Tower,0,2,10,0,12,0,33,55,0,88,0,35,65,0,100,4,0,4,104
08/05/2021,MOD,CA,AWP,WE,Federal Contract Tower,0,8,26,0,34,0,12,47,0,59,0,20,73,0,93,10,0,10,103
08/06/2021,MOD,CA,AWP,WE,Federal Contract Tower,0,9,9,0,18,0,24,38,0,62,0,33,47,0,80,16,0,16,96
08/07/2021,MOD,CA,AWP,WE,Federal Contract Tower,0,5,8,0,13,0,4,14,0,18,0,9,22,0,31,4,0,4,35
08/08/2021,MOD,CA,AWP,WE,Federal Contract Tower,0,4,2,0,6,0,16,41,0,57,0,20,43,0,63,20,0,20,83
08/09/2021,MOD,CA,AWP,WE,Federal Contract Tower,0,7,14,0,21,0,15,49,0,64,0,22,63,0,85,56,0,56,141
08/10/2021,MOD,CA,AWP,WE,Federal Contract Tower,0,1,7,0,8,0,24,60,0,84,0,25,67,0,92,28,0,28,120
08/11/2021,MOD,CA,AWP,WE,Federal Contract Tower,0,4,35,0,39,0,19,63,0,82,0,23,98,0,121,52,0,52,173
08/12/2021,MOD,CA,AWP,WE,Federal Contract Tower,0,6,27,0,33,0,19,61,0,80,0,25,88,0,113,6,0,6,119
08/13/2021,MOD,CA,AWP,WE,Federal Contract Tower,0,9,15,0,24,0,20,64,0,84,0,29,79,0,108,12,0,12,120
08/14/2021,MOD,CA,AWP,WE,Federal Contract Tower,0,5,11,0,16,0,8,47,0,55,0,13,58,0,71,26,0,26,97
08/15/2021,MOD,CA,AWP,WE,Federal Contract Tower,0,11,12,0,23,0,18,32,0,50,0,29,44,0,73,46,0,46,119
08/16/2021,MOD,CA,AWP,WE,Federal Contract Tower,0,3,8,0,11,0,30,32,0,62,0,33,40,0,73,30,0,30,103
08/17/2021,MOD,CA,AWP,WE,Federal Contract Tower,0,15,21,0,36,0,13,51,0,64,0,28,72,0,100,68,0,68,168
08/18/2021,MOD,CA,AWP,WE,Federal Contract Tower,0,26,32,0,58,0,9,6,0,15,0,35,38,0,73,0,0,0,73
08/19/2021,MOD,CA,AWP,WE,Federal Contract Tower,0,4,11,0,15,0,10,24,0,34,0,14,35,0,49,4,0,4,53
08/20/2021,MOD,CA,AWP,WE,Federal Contract Tower,0,8,38,0,46,0,11,32,0,43,0,19,70,0,89,38,0,38,127
08/21/2021,MOD,CA,AWP,WE,Federal Contract Tower,0,12,8,0,20,0,20,25,0,45,0,32,33,0,65,8,0,8,73
08/22/2021,MOD,CA,AWP,WE,Federal Contract Tower,0,13,4,0,17,0,17,41,0,58,0,30,45,0,75,56,0,56,131
08/23/2021,MOD,CA,AWP,WE,Federal Contract Tower,0,8,17,0,25,0,29,75,0,104,0,37,92,0,129,12,0,12,141
08/24/2021,MOD,CA,AWP,WE,Federal Contract Tower,0,8,21,0,29,0,30,52,0,82,0,38,73,0,111,18,0,18,129
08/25/2021,MOD,CA,AWP,WE,Federal Contract Tower,0,9,30,0,39,0,8,40,0,48,0,17,70,0,87,30,0,30,117
08/26/2021,MOD,CA,AWP,WE,Federal Contract Tower,0,3,15,2,20,0,26,52,0,78,0,29,67,2,98,66,0,66,164
08/27/2021,MOD,CA,AWP,WE,Federal Contract Tower,0,16,15,0,31,0,26,23,0,49,0,42,38,0,80,14,0,14,94
08/28/2021,MOD,CA,AWP,WE,Federal Contract Tower,0,4,39,0,43,0,2,3,0,5,0,6,42,0,48,0,0,0,48
08/29/2021,MOD,CA,AWP,WE,Federal Contract Tower,0,4,35,0,39,0,15,41,0,56,0,19,76,0,95,14,0,14,109
08/30/2021,MOD,CA,AWP,WE,Federal Contract Tower,0,5,29,0,34,0,15,30,0,45,0,20,59,0,79,10,0,10,89
08/31/2021,MOD,CA,AWP,WE,Federal Contract Tower,0,3,12,0,15,0,13,52,0,65,0,16,64,0,80,30,0,30,110
09/01/2021,MOD,CA,AWP,WE,Federal Contract Tower,0,5,13,0,18,0,10,46,0,56,0,15,59,0,74,18,0,18,92
09/02/2021,MOD,CA,AWP,WE,Federal Contract Tower,0,9,18,0,27,0,35,48,0,83,0,44,66,0,110,24,0,24,134
09/03/2021,MOD,CA,AWP,WE,Federal Contract Tower,0,9,14,0,23,0,23,47,0,70,0,32,61,0,93,58,0,58,151
09/04/2021,MOD,CA,AWP,WE,Federal Contract Tower,0,3,3,0,6,0,15,41,0,56,0,18,44,0,62,18,0,18,80
09/05/2021,MOD,CA,AWP,WE,Federal Contract Tower,0,2,17,0,19,0,19,55,0,74,0,21,72,0,93,20,0,20,113
09/06/2021,MOD,CA,AWP,WE,Federal Contract Tower,0,10,16,0,26,0,17,82,0,99,0,27,98,0,125,44,0,44,169
09/07/2021,MOD,CA,AWP,WE,Federal Contract Tower,0,17,7,0,24,0,13,50,0,63,0,30,57,0,87,10,0,10,97
09/08/2021,MOD,CA,AWP,WE,Federal Contract Tower,0,10,14,0,24,0,21,37,0,58,0,31,51,0,82,36,0,36,118
09/09/2021,MOD,CA,AWP,WE,Federal Contract Tower,0,9,20,0,29,0,26,41,0,67,0,35,61,0,96,8,0,8,104
09/10/2021,MOD,CA,AWP,WE,Federal Contract Tower,0,9,7,0,16,0,12,37,0,49,0,21,44,0,65,22,0,22,87
09/11/2021,MOD,CA,AWP,WE,Federal Contract Tower,0,5,18,0,23,0,17,64,0,81,0,22,82,0,104,64,0,64,168
09/12/2021,MOD,CA,AWP,WE,Federal Contract Tower,0,6,26,0,32,0,10,25,0,35,0,16,51,0,67,30,0,30,97
09/13/2021,MOD,CA,AWP,WE,Federal Contract Tower,0,8,29,0,37,0,25,55,0,80,0,33,84,0,117,24,0,24,141
09/14/2021,MOD,CA,AWP,WE,Federal Contract Tower,0,5,14,0,19,0,13,64,0,77,0,18,78,0,96,2,0,2,98
09/15/2021,MOD,CA,AWP,WE,Federal Contract Tower,0,15,21,0,36,0,19,54,0,73,0,34,75,0,109,26,0,26,135
09/16/2021,MOD,CA,AWP,WE,Federal Contract Tower,0,5,34,0,39,0,31,57,0,88,0,36,91,0,127,30,0,30,157
09/17/2021,MOD,CA,AWP,WE,Federal Contract Tower,0,14,19,0,33,0,40,66,0,106,0,54,85,0,139,44,0,44,183
09/18/2021,MOD,CA,AWP,WE,Federal Contract Tower,0,13,31,0,44,0,17,77,0,94,0,30,108,0,138,56,0,56,194
09/19/2021,MOD,CA,AWP,WE,Federal Contract Tower,0,12,15,0,27,0,34,39,0,73,0,46,54,0,100,58,0,58,158
09/20/2021,MOD,CA,AWP,WE,Federal Contract Tower,0,11,22,0,33,0,18,44,0,62,0,29,66,0,95,52,0,52,147
09/21/2021,MOD,CA,AWP,WE,Federal Contract Tower,0,5,20,0,25,0,23,63,0,86,0,28,83,0,111,38,0,38,149
09/22/2021,MOD,CA,AWP,WE,Federal Contract Tower,0,8,23,4,35,0,7,76,0,83,0,15,99,4,118,40,0,40,158
09/23/2021,MOD,CA,AWP,WE,Federal Contract Tower,1,6,22,0,29,0,30,74,0,104,1,36,96,0,133,70,0,70,203
09/24/2021,MOD,CA,AWP,WE,Federal Contract Tower,0,11,18,0,29,0,35,61,0,96,0,46,79,0,125,36,0,36,161
09/25/2021,MOD,CA,AWP,WE,Federal Contract Tower,0,4,13,0,17,0,27,62,0,89,0,31,75,0,106,62,0,62,168
09/26/2021,MOD,CA,AWP,WE,Federal Contract Tower,0,12,34,0,46,0,30,57,0,87,0,42,91,0,133,24,0,24,157
09/27/2021,MOD,CA,AWP,WE,Federal Contract Tower,0,8,22,0,30,0,19,47,0,66,0,27,69,0,96,24,0,24,120
09/28/2021,MOD,CA,AWP,WE,Federal Contract Tower,0,10,15,2,27,0,21,39,0,60,0,31,54,2,87,4,0,4,91
09/29/2021,MOD,CA,AWP,WE,Federal Contract Tower,0,9,27,0,36,0,14,80,0,94,0,23,107,0,130,50,0,50,180
09/30/2021,MOD,CA,AWP,WE,Federal Contract Tower,0,15,15,0,30,0,19,110,0,129,0,34,125,0,159,60,0,60,219
10/01/2021,MOD,CA,AWP,WE,Federal Contract Tower,0,6,30,0,36,0,22,232,0,254,0,28,262,0,290,82,0,82,372
10/02/2021,MOD,CA,AWP,WE,Federal Contract Tower,0,6,26,0,32,0,13,152,0,165,0,19,178,0,197,98,0,98,295
10/03/2021,MOD,CA,AWP,WE,Federal Contract Tower,0,9,15,0,24,0,18,63,0,81,0,27,78,0,105,4,0,4,109
10/04/2021,MOD,CA,AWP,WE,Federal Contract Tower,0,11,7,0,18,0,22,20,0,42,0,33,27,0,60,10,0,10,70
10/05/2021,MOD,CA,AWP,WE,Federal Contract Tower,0,12,14,0,26,0,16,26,0,42,0,28,40,0,68,28,0,28,96
10/06/2021,MOD,CA,AWP,WE,Federal Contract Tower,0,11,9,0,20,0,28,51,0,79,0,39,60,0,99,44,0,44,143
10/07/2021,MOD,CA,AWP,WE,Federal Contract Tower,0,11,30,0,41,0,38,45,0,83,0,49,75,0,124,38,0,38,162
10/08/2021,MOD,CA,AWP,WE,Federal Contract Tower,0,8,13,0,21,0,23,35,0,58,0,31,48,0,79,20,0,20,99
10/09/2021,MOD,CA,AWP,WE,Federal Contract Tower,0,7,11,0,18,0,10,64,0,74,0,17,75,0,92,37,0,37,129
10/10/2021,MOD,CA,AWP,WE,Federal Contract Tower,0,9,8,0,17,0,18,70,0,88,0,27,78,0,105,50,0,50,155
10/11/2021,MOD,CA,AWP,WE,Federal Contract Tower,0,7,8,0,15,0,12,8,0,20,0,19,16,0,35,2,0,2,37
10/12/2021,MOD,CA,AWP,WE,Federal Contract Tower,0,6,5,0,11,0,12,20,0,32,0,18,25,0,43,0,0,0,43
10/13/2021,MOD,CA,AWP,WE,Federal Contract Tower,0,9,9,2,20,0,15,69,0,84,0,24,78,2,104,42,0,42,146
10/14/2021,MOD,CA,AWP,WE,Federal Contract Tower,0,6,13,0,19,0,29,60,0,89,0,35,73,0,108,34,0,34,142
10/15/2021,MOD,CA,AWP,WE,Federal Contract Tower,0,8,14,0,22,0,31,43,0,74,0,39,57,0,96,44,0,44,140
10/16/2021,MOD,CA,AWP,WE,Federal Contract Tower,0,1,19,0,20,0,22,60,0,82,0,23,79,0,102,40,0,40,142
10/17/2021,MOD,CA,AWP,WE,Federal Contract Tower,0,1,11,0,12,0,21,61,0,82,0,22,72,0,94,2,0,2,96
10/18/2021,MOD,CA,AWP,WE,Federal Contract Tower,0,6,11,0,17,0,16,58,0,74,0,22,69,0,91,70,0,70,161
10/19/2021,MOD,CA,AWP,WE,Federal Contract Tower,0,12,4,0,16,0,26,70,0,96,0,38,74,0,112,8,0,8,120
10/20/2021,MOD,CA,AWP,WE,Federal Contract Tower,0,7,13,0,20,0,8,32,0,40,0,15,45,0,60,12,0,12,72
10/21/2021,MOD,CA,AWP,WE,Federal Contract Tower,0,6,15,2,23,0,22,51,0,73,0,28,66,2,96,22,0,22,118
10/22/2021,MOD,CA,AWP,WE,Federal Contract Tower,0,13,12,0,25,0,14,38,0,52,0,27,50,0,77,0,0,0,77
10/23/2021,MOD,CA,AWP,WE,Federal Contract Tower,0,7,2,0,9,0,9,36,0,45,0,16,38,0,54,8,0,8,62
10/24/2021,MOD,CA,AWP,WE,Federal Contract Tower,0,4,3,0,7,0,12,0,0,12,0,16,3,0,19,0,0,0,19
10/25/2021,MOD,CA,AWP,WE,Federal Contract Tower,0,6,5,0,11,0,8,9,0,17,0,14,14,0,28,0,0,0,28
10/26/2021,MOD,CA,AWP,WE,Federal Contract Tower,2,15,16,0,33,0,9,53,0,62,2,24,69,0,95,18,0,18,113
10/27/2021,MOD,CA,AWP,WE,Federal Contract Tower,0,2,23,0,25,0,21,90,0,111,0,23,113,0,136,18,0,18,154
10/28/2021,MOD,CA,AWP,WE,Federal Contract Tower,0,11,24,0,35,0,23,67,0,90,0,34,91,0,125,52,0,52,177
10/29/2021,MOD,CA,AWP,WE,Federal Contract Tower,0,6,7,0,13,0,16,41,0,57,0,22,48,0,70,18,0,18,88
10/30/2021,MOD,CA,AWP,WE,Federal Contract Tower,0,3,22,0,25,0,26,36,0,62,0,29,58,0,87,8,0,8,95
10/31/2021,MOD,CA,AWP,WE,Federal Contract Tower,0,5,22,0,27,0,19,55,0,74,0,24,77,0,101,14,0,14,115
11/01/2021,MOD,CA,AWP,WE,Federal Contract Tower,0,12,4,0,16,0,23,14,0,37,0,35,18,0,53,0,0,0,53
11/02/2021,MOD,CA,AWP,WE,Federal Contract Tower,0,5,30,0,35,0,11,51,0,62,0,16,81,0,97,10,0,10,107
11/04/2021,MOD,CA,AWP,WE,Federal Contract Tower,0,11,13,2,26,0,18,43,0,61,0,29,56,2,87,32,0,32,119
11/05/2021,MOD,CA,AWP,WE,Federal Contract Tower,0,8,12,0,20,0,23,76,0,99,0,31,88,0,119,26,0,26,145
11/06/2021,MOD,CA,AWP,WE,Federal Contract Tower,0,7,13,0,20,0,18,41,0,59,0,25,54,0,79,50,0,50,129
11/07/2021,MOD,CA,AWP,WE,Federal Contract Tower,0,7,16,0,23,0,20,44,0,64,0,27,60,0,87,8,0,8,95
11/08/2021,MOD,CA,AWP,WE,Federal Contract Tower,0,5,20,0,25,0,26,47,0,73,0,31,67,0,98,2,0,2,100
11/09/2021,MOD,CA,AWP,WE,Federal Contract Tower,0,25,12,2,39,0,15,7,0,22,0,40,19,2,61,8,0,8,69
11/10/2021,MOD,CA,AWP,WE,Federal Contract Tower,0,16,11,0,27,0,19,44,0,63,0,35,55,0,90,18,0,18,108
11/11/2021,MOD,CA,AWP,WE,Federal Contract Tower,0,14,20,0,34,0,17,38,0,55,0,31,58,0,89,38,0,38,127
11/12/2021,MOD,CA,AWP,WE,Federal Contract Tower,0,20,10,0,30,0,16,10,0,26,0,36,20,0,56,18,0,18,74
11/13/2021,MOD,CA,AWP,WE,Federal Contract Tower,0,14,17,0,31,0,4,2,0,6,0,18,19,0,37,0,0,0,37
11/14/2021,MOD,CA,AWP,WE,Federal Contract Tower,0,11,25,0,36,0,4,1,0,5,0,15,26,0,41,0,0,0,41
11/15/2021,MOD,CA,AWP,WE,Federal Contract Tower,0,22,18,2,42,0,1,2,0,3,0,23,20,2,45,0,0,0,45
11/16/2021,MOD,CA,AWP,WE,Federal Contract Tower,0,8,33,0,41,0,6,2,0,8,0,14,35,0,49,0,0,0,49
11/17/2021,MOD,CA,AWP,WE,Federal Contract Tower,0,12,14,0,26,0,10,28,0,38,0,22,42,0,64,6,0,6,70
11/18/2021,MOD,CA,AWP,WE,Federal Contract Tower,0,18,24,0,42,0,4,8,0,12,0,22,32,0,54,0,0,0,54
11/19/2021,MOD,CA,AWP,WE,Federal Contract Tower,0,6,32,0,38,0,18,40,0,58,0,24,72,0,96,14,0,14,110
11/20/2021,MOD,CA,AWP,WE,Federal Contract Tower,0,4,17,0,21,0,16,57,0,73,0,20,74,0,94,20,0,20,114
11/21/2021,MOD,CA,AWP,WE,Federal Contract Tower,0,7,18,0,25,0,23,53,0,76,0,30,71,0,101,62,0,62,163
11/22/2021,MOD,CA,AWP,WE,Federal Contract Tower,0,9,5,0,14,0,26,47,0,73,0,35,52,0,87,10,0,10,97
11/23/2021,MOD,CA,AWP,WE,Federal Contract Tower,0,11,16,0,27,0,16,15,0,31,0,27,31,0,58,0,0,0,58
11/24/2021,MOD,CA,AWP,WE,Federal Contract Tower,0,4,36,0,40,0,19,38,3,60,0,23,74,3,100,0,0,0,100
11/25/2021,MOD,CA,AWP,WE,Federal Contract Tower,0,7,15,0,22,0,0,7,0,7,0,7,22,0,29,0,0,0,29
11/26/2021,MOD,CA,AWP,WE,Federal Contract Tower,0,6,27,0,33,0,35,61,0,96,0,41,88,0,129,10,0,10,139
11/27/2021,MOD,CA,AWP,WE,Federal Contract Tower,0,14,7,0,21,0,19,59,0,78,0,33,66,0,99,22,0,22,121
11/28/2021,MOD,CA,AWP,WE,Federal Contract Tower,0,21,8,0,29,0,17,32,0,49,0,38,40,0,78,10,0,10,88
11/29/2021,MOD,CA,AWP,WE,Federal Contract Tower,0,18,4,0,22,0,20,38,0,58,0,38,42,0,80,26,0,26,106
11/30/2021,MOD,CA,AWP,WE,Federal Contract Tower,0,8,9,0,17,0,20,60,0,80,0,28,69,0,97,6,0,6,103
12/01/2021,MOD,CA,AWP,WE,Federal Contract Tower,0,5,21,0,26,0,13,34,0,47,0,18,55,0,73,20,0,20,93
12/02/2021,MOD,CA,AWP,WE,Federal Contract Tower,0,14,26,0,40,0,16,21,0,37,0,30,47,0,77,6,0,6,83
12/03/2021,MOD,CA,AWP,WE,Federal Contract Tower,0,19,6,0,25,0,8,24,0,32,0,27,30,0,57,0,0,0,57
12/04/2021,MOD,CA,AWP,WE,Federal Contract Tower,0,18,11,0,29,0,2,0,0,2,0,20,11,0,31,0,0,0,31
12/05/2021,MOD,CA,AWP,WE,Federal Contract Tower,0,7,26,0,33,0,12,19,0,31,0,19,45,0,64,12,0,12,76
12/06/2021,MOD,CA,AWP,WE,Federal Contract Tower,0,18,19,0,37,0,14,2,0,16,0,32,21,0,53,0,0,0,53
12/07/2021,MOD,CA,AWP,WE,Federal Contract Tower,0,17,20,0,37,0,0,0,0,0,0,17,20,0,37,0,0,0,37
12/08/2021,MOD,CA,AWP,WE,Federal Contract Tower,0,22,23,0,45,0,3,0,0,3,0,25,23,0,48,0,0,0,48
12/09/2021,MOD,CA,AWP,WE,Federal Contract Tower,0,17,4,0,21,0,7,39,0,46,0,24,43,0,67,36,0,36,103
12/10/2021,MOD,CA,AWP,WE,Federal Contract Tower,0,3,21,0,24,0,26,60,0,86,0,29,81,0,110,20,0,20,130
12/11/2021,MOD,CA,AWP,WE,Federal Contract Tower,0,2,18,0,20,0,24,64,0,88,0,26,82,0,108,30,0,30,138
12/12/2021,MOD,CA,AWP,WE,Federal Contract Tower,0,8,7,0,15,0,2,10,0,12,0,10,17,0,27,0,0,0,27
12/13/2021,MOD,CA,AWP,WE,Federal Contract Tower,0,13,1,0,14,0,1,1,0,2,0,14,2,0,16,0,0,0,16
12/14/2021,MOD,CA,AWP,WE,Federal Contract Tower,0,13,14,2,29,0,10,24,0,34,0,23,38,2,63,2,0,2,65
12/15/2021,MOD,CA,AWP,WE,Federal Contract Tower,0,8,10,0,18,0,26,31,0,57,0,34,41,0,75,14,0,14,89
12/16/2021,MOD,CA,AWP,WE,Federal Contract Tower,0,10,22,0,32,0,15,26,0,41,0,25,48,0,73,0,0,0,73
12/17/2021,MOD,CA,AWP,WE,Federal Contract Tower,0,14,34,0,48,0,12,34,0,46,0,26,68,0,94,0,0,0,94
12/18/2021,MOD,CA,AWP,WE,Federal Contract Tower,0,14,29,0,43,0,16,20,0,36,0,30,49,0,79,18,0,18,97
12/20/2021,MOD,CA,AWP,WE,Federal Contract Tower,0,12,33,0,45,0,0,0,0,0,0,12,33,0,45,0,0,0,45
12/21/2021,MOD,CA,AWP,WE,Federal Contract Tower,0,20,15,0,35,0,3,3,0,6,0,23,18,0,41,0,0,0,41
12/22/2021,MOD,CA,AWP,WE,Federal Contract Tower,0,16,7,0,23,0,26,33,0,59,0,42,40,0,82,0,0,0,82
12/23/2021,MOD,CA,AWP,WE,Federal Contract Tower,0,6,3,0,9,0,14,1,0,15,0,20,4,0,24,0,0,0,24
12/24/2021,MOD,CA,AWP,WE,Federal Contract Tower,0,8,4,0,12,0,20,13,0,33,0,28,17,0,45,2,0,2,47
12/25/2021,MOD,CA,AWP,WE,Federal Contract Tower,0,4,1,0,5,0,0,6,0,6,0,4,7,0,11,0,0,0,11
12/26/2021,MOD,CA,AWP,WE,Federal Contract Tower,0,8,5,0,13,0,33,28,0,61,0,41,33,0,74,14,0,14,88
12/27/2021,MOD,CA,AWP,WE,Federal Contract Tower,0,16,7,0,23,0,16,7,0,23,0,32,14,0,46,12,0,12,58
12/28/2021,MOD,CA,AWP,WE,Federal Contract Tower,0,14,13,0,27,0,6,23,0,29,0,20,36,0,56,2,0,2,58
12/29/2021,MOD,CA,AWP,WE,Federal Contract Tower,0,6,5,0,11,0,4,4,0,8,0,10,9,0,19,0,0,0,19
12/30/2021,MOD,CA,AWP,WE,Federal Contract Tower,0,13,11,0,24,0,19,58,0,77,0,32,69,0,101,12,0,12,113
12/31/2021,MOD,CA,AWP,WE,Federal Contract Tower,0,3,16,0,19,0,16,26,0,42,0,19,42,0,61,18,0,18,79
01/01/2022,MOD,CA,AWP,WE,Federal Contract Tower,0,1,10,0,11,0,20,45,0,65,0,21,55,0,76,22,0,22,98
01/02/2022,MOD,CA,AWP,WE,Federal Contract Tower,0,13,13,0,26,0,33,43,0,76,0,46,56,0,102,26,0,26,128
01/03/2022,MOD,CA,AWP,WE,Federal Contract Tower,0,18,8,0,26,0,21,36,0,57,0,39,44,0,83,20,0,20,103
01/04/2022,MOD,CA,AWP,WE,Federal Contract Tower,0,9,18,0,27,0,17,36,0,53,0,26,54,0,80,26,0,26,106
01/05/2022,MOD,CA,AWP,WE,Federal Contract Tower,0,9,17,1,27,0,16,65,1,82,0,25,82,2,109,10,0,10,119
01/06/2022,MOD,CA,AWP,WE,Federal Contract Tower,0,17,25,0,42,0,9,12,0,21,0,26,37,0,63,0,0,0,63
01/07/2022,MOD,CA,AWP,WE,Federal Contract Tower,0,8,8,0,16,0,10,35,0,45,0,18,43,0,61,34,0,34,95
01/08/2022,MOD,CA,AWP,WE,Federal Contract Tower,0,7,26,0,33,0,13,1,0,14,0,20,27,0,47,0,0,0,47
01/09/2022,MOD,CA,AWP,WE,Federal Contract Tower,0,5,8,0,13,0,11,41,0,52,0,16,49,0,65,58,0,58,123
01/10/2022,MOD,CA,AWP,WE,Federal Contract Tower,0,4,6,0,10,0,7,37,0,44,0,11,43,0,54,8,0,8,62
01/11/2022,MOD,CA,AWP,WE,Federal Contract Tower,0,4,32,0,36,0,10,51,0,61,0,14,83,0,97,26,0,26,123
01/12/2022,MOD,CA,AWP,WE,Federal Contract Tower,0,5,25,0,30,0,11,36,0,47,0,16,61,0,77,10,0,10,87
01/13/2022,MOD,CA,AWP,WE,Federal Contract Tower,0,10,40,0,50,0,16,49,0,65,0,26,89,0,115,22,0,22,137
01/14/2022,MOD,CA,AWP,WE,Federal Contract Tower,0,24,21,0,45,0,11,48,0,59,0,35,69,0,104,12,0,12,116
01/15/2022,MOD,CA,AWP,WE,Federal Contract Tower,0,8,19,0,27,0,13,25,0,38,0,21,44,0,65,16,0,16,81
01/16/2022,MOD,CA,AWP,WE,Federal Contract Tower,0,2,14,0,16,0,18,43,0,61,0,20,57,0,77,10,0,10,87
01/17/2022,MOD,CA,AWP,WE,Federal Contract Tower,0,8,23,0,31,0,21,58,0,79,0,29,81,0,110,62,0,62,172
01/18/2022,MOD,CA,AWP,WE,Federal Contract Tower,0,7,18,0,25,0,17,75,0,92,0,24,93,0,117,10,0,10,127
01/19/2022,MOD,CA,AWP,WE,Federal Contract Tower,0,4,23,3,30,0,28,39,0,67,0,32,62,3,97,42,0,42,139
01/20/2022,MOD,CA,AWP,WE,Federal Contract Tower,0,6,25,0,31,0,18,44,0,62,0,24,69,0,93,14,0,14,107
01/21/2022,MOD,CA,AWP,WE,Federal Contract Tower,0,11,15,0,26,0,11,12,0,23,0,22,27,0,49,0,0,0,49
01/22/2022,MOD,CA,AWP,WE,Federal Contract Tower,0,3,23,0,26,0,11,40,0,51,0,14,63,0,77,0,0,0,77
01/23/2022,MOD,CA,AWP,WE,Federal Contract Tower,0,8,15,0,23,0,10,21,0,31,0,18,36,0,54,18,0,18,72
01/24/2022,MOD,CA,AWP,WE,Federal Contract Tower,0,4,15,0,19,0,11,45,0,56,0,15,60,0,75,18,0,18,93
01/25/2022,MOD,CA,AWP,WE,Federal Contract Tower,0,6,8,0,14,0,8,60,0,68,0,14,68,0,82,16,0,16,98
01/26/2022,MOD,CA,AWP,WE,Federal Contract Tower,0,15,11,0,26,0,29,39,0,68,0,44,50,0,94,30,0,30,124
01/27/2022,MOD,CA,AWP,WE,Federal Contract Tower,0,5,14,2,21,0,25,51,0,76,0,30,65,2,97,28,0,28,125
01/28/2022,MOD,CA,AWP,WE,Federal Contract Tower,0,6,10,0,16,0,27,60,0,87,0,33,70,0,103,46,0,46,149
01/29/2022,MOD,CA,AWP,WE,Federal Contract Tower,0,2,31,0,33,0,13,55,2,70,0,15,86,2,103,4,0,4,107
01/30/2022,MOD,CA,AWP,WE,Federal Contract Tower,0,4,22,1,27,0,41,47,13,101,0,45,69,14,128,32,0,32,160
01/31/2022,MOD,CA,AWP,WE,Federal Contract Tower,0,7,20,0,27,0,11,82,0,93,0,18,102,0,120,20,0,20,140
02/01/2022,MOD,CA,AWP,WE,Federal Contract Tower,0,3,5,2,10,0,12,29,0,41,0,15,34,2,51,0,0,0,51
02/02/2022,MOD,CA,AWP,WE,Federal Contract Tower,0,6,4,2,12,0,30,32,0,62,0,36,36,2,74,2,0,2,76
02/03/2022,MOD,CA,AWP,WE,Federal Contract Tower,0,12,21,0,33,0,19,84,0,103,0,31,105,0,136,20,0,20,156
02/04/2022,MOD,CA,AWP,WE,Federal Contract Tower,0,2,25,0,27,0,19,79,0,98,0,21,104,0,125,78,12,90,215
02/05/2022,MOD,CA,AWP,WE,Federal Contract Tower,0,11,20,0,31,0,22,50,0,72,0,33,70,0,103,46,0,46,149
02/06/2022,MOD,CA,AWP,WE,Federal Contract Tower,0,8,26,0,34,0,28,58,0,86,0,36,84,0,120,38,0,38,158
02/07/2022,MOD,CA,AWP,WE,Federal Contract Tower,0,6,13,0,19,0,21,68,0,89,0,27,81,0,108,60,0,60,168
02/08/2022,MOD,CA,AWP,WE,Federal Contract Tower,0,10,28,0,38,0,9,64,0,73,0,19,92,0,111,26,0,26,137
02/09/2022,MOD,CA,AWP,WE,Federal Contract Tower,0,9,25,0,34,0,9,58,0,67,0,18,83,0,101,42,0,42,143
02/10/2022,MOD,CA,AWP,WE,Federal Contract Tower,0,6,32,0,38,0,22,71,0,93,0,28,103,0,131,38,0,38,169
02/11/2022,MOD,CA,AWP,WE,Federal Contract Tower,0,11,13,0,24,0,32,77,0,109,0,43,90,0,133,40,0,40,173
02/12/2022,MOD,CA,AWP,WE,Federal Contract Tower,0,5,24,0,29,0,18,76,0,94,0,23,100,0,123,50,0,50,173
02/13/2022,MOD,CA,AWP,WE,Federal Contract Tower,0,9,6,0,15,0,16,49,0,65,0,25,55,0,80,18,0,18,98
02/14/2022,MOD,CA,AWP,WE,Federal Contract Tower,0,9,8,0,17,0,17,52,0,69,0,26,60,0,86,28,0,28,114
02/15/2022,MOD,CA,AWP,WE,Federal Contract Tower,0,9,6,2,17,0,11,13,0,24,0,20,19,2,41,0,0,0,41
02/16/2022,MOD,CA,AWP,WE,Federal Contract Tower,0,6,10,0,16,0,19,65,0,84,0,25,75,0,100,24,0,24,124
02/17/2022,MOD,CA,AWP,WE,Federal Contract Tower,0,6,20,0,26,0,18,72,0,90,0,24,92,0,116,34,0,34,150
02/18/2022,MOD,CA,AWP,WE,Federal Contract Tower,0,5,24,0,29,0,40,101,0,141,0,45,125,0,170,54,0,54,224
02/19/2022,MOD,CA,AWP,WE,Federal Contract Tower,0,4,9,0,13,0,21,78,0,99,0,25,87,0,112,42,0,42,154
02/20/2022,MOD,CA,AWP,WE,Federal Contract Tower,0,1,12,0,13,0,12,43,0,55,0,13,55,0,68,56,0,56,124
02/21/2022,MOD,CA,AWP,WE,Federal Contract Tower,0,7,14,0,21,0,13,46,0,59,0,20,60,0,80,40,0,40,120
02/22/2022,MOD,CA,AWP,WE,Federal Contract Tower,0,6,6,0,12,0,7,15,0,22,0,13,21,0,34,12,0,12,46
02/23/2022,MOD,CA,AWP,WE,Federal Contract Tower,0,13,27,0,40,0,25,39,0,64,0,38,66,0,104,34,0,34,138
02/24/2022,MOD,CA,AWP,WE,Federal Contract Tower,0,13,22,0,35,0,20,76,0,96,0,33,98,0,131,58,0,58,189
02/25/2022,MOD,CA,AWP,WE,Federal Contract Tower,0,5,21,0,26,0,25,72,0,97,0,30,93,0,123,88,0,88,211
02/26/2022,MOD,CA,AWP,WE,Federal Contract Tower,0,9,21,0,30,0,36,69,0,105,0,45,90,0,135,48,0,48,183
02/27/2022,MOD,CA,AWP,WE,Federal Contract Tower,0,1,19,0,20,0,22,70,0,92,0,23,89,0,112,66,0,66,178
02/28/2022,MOD,CA,AWP,WE,Federal Contract Tower,0,9,12,0,21,0,23,61,0,84,0,32,73,0,105,16,0,16,121
03/01/2022,MOD,CA,AWP,WE,Federal Contract Tower,0,3,4,0,7,0,16,54,0,70,0,19,58,0,77,36,0,36,113
03/02/2022,MOD,CA,AWP,WE,Federal Contract Tower,0,15,20,0,35,0,21,79,0,100,0,36,99,0,135,34,0,34,169
03/03/2022,MOD,CA,AWP,WE,Federal Contract Tower,0,14,16,0,30,0,23,72,0,95,0,37,88,0,125,38,0,38,163
03/04/2022,MOD,CA,AWP,WE,Federal Contract Tower,0,12,8,0,20,0,19,44,0,63,0,31,52,0,83,62,0,62,145
03/05/2022,MOD,CA,AWP,WE,Federal Contract Tower,0,9,30,0,39,0,34,39,0,73,0,43,69,0,112,26,0,26,138
03/06/2022,MOD,CA,AWP,WE,Federal Contract Tower,0,4,21,0,25,0,30,77,0,107,0,34,98,0,132,52,0,52,184
03/07/2022,MOD,CA,AWP,WE,Federal Contract Tower,0,5,12,0,17,0,22,45,0,67,0,27,57,0,84,26,0,26,110
03/08/2022,MOD,CA,AWP,WE,Federal Contract Tower,0,8,22,0,30,0,15,42,0,57,0,23,64,0,87,36,0,36,123
03/09/2022,MOD,CA,AWP,WE,Federal Contract Tower,0,11,16,0,27,0,9,50,0,59,0,20,66,0,86,20,0,20,106
03/10/2022,MOD,CA,AWP,WE,Federal Contract Tower,0,11,10,0,21,0,23,15,0,38,0,34,25,0,59,8,0,8,67
03/11/2022,MOD,CA,AWP,WE,Federal Contract Tower,0,15,18,0,33,0,35,74,0,109,0,50,92,0,142,76,0,76,218
03/12/2022,MOD,CA,AWP,WE,Federal Contract Tower,0,2,24,0,26,0,20,108,0,128,0,22,132,0,154,60,0,60,214
03/13/2022,MOD,CA,AWP,WE,Federal Contract Tower,0,9,16,0,25,0,16,37,0,53,0,25,53,0,78,22,0,22,100
03/14/2022,MOD,CA,AWP,WE,Federal Contract Tower,0,3,28,0,31,0,27,52,0,79,0,30,80,0,110,34,0,34,144
03/15/2022,MOD,CA,AWP,WE,Federal Contract Tower,0,11,12,0,23,0,8,50,0,58,0,19,62,0,81,4,0,4,85
03/16/2022,MOD,CA,AWP,WE,Federal Contract Tower,0,5,27,0,32,0,14,59,0,73,0,19,86,0,105,18,0,18,123
03/17/2022,MOD,CA,AWP,WE,Federal Contract Tower,0,4,34,0,38,0,18,46,0,64,0,22,80,0,102,50,0,50,152
03/18/2022,MOD,CA,AWP,WE,Federal Contract Tower,0,11,32,0,43,0,23,66,0,89,0,34,98,0,132,54,0,54,186
03/19/2022,MOD,CA,AWP,WE,Federal Contract Tower,0,4,8,0,12,0,21,8,0,29,0,25,16,0,41,36,0,36,77
03/20/2022,MOD,CA,AWP,WE,Federal Contract Tower,0,12,2,0,14,0,26,28,0,54,0,38,30,0,68,24,0,24,92
03/21/2022,MOD,CA,AWP,WE,Federal Contract Tower,0,7,18,2,27,0,9,48,0,57,0,16,66,2,84,40,0,40,124
03/22/2022,MOD,CA,AWP,WE,Federal Contract Tower,0,7,28,0,35,0,9,73,0,82,0,16,101,0,117,56,0,56,173
03/23/2022,MOD,CA,AWP,WE,Federal Contract Tower,0,2,24,0,26,0,17,74,0,91,0,19,98,0,117,48,0,48,165
03/24/2022,MOD,CA,AWP,WE,Federal Contract Tower,0,5,28,2,35,0,20,55,0,75,0,25,83,2,110,40,0,40,150
03/25/2022,MOD,CA,AWP,WE,Federal Contract Tower,0,10,14,1,25,2,38,55,1,96,2,48,69,2,121,108,0,108,229
03/26/2022,MOD,CA,AWP,WE,Federal Contract Tower,0,2,14,0,16,0,21,91,0,112,0,23,105,0,128,26,0,26,154
03/27/2022,MOD,CA,AWP,WE,Federal Contract Tower,0,4,5,0,9,0,21,51,0,72,0,25,56,0,81,26,0,26,107
03/28/2022,MOD,CA,AWP,WE,Federal Contract Tower,0,8,3,0,11,0,9,6,0,15,0,17,9,0,26,10,0,10,36
03/29/2022,MOD,CA,AWP,WE,Federal Contract Tower,0,12,21,0,33,0,11,84,0,95,0,23,105,0,128,24,0,24,152
03/30/2022,MOD,CA,AWP,WE,Federal Contract Tower,0,8,27,0,35,0,13,66,0,79,0,21,93,0,114,50,0,50,164
03/31/2022,MOD,CA,AWP,WE,Federal Contract Tower,0,2,25,0,27,0,26,69,0,95,0,28,94,0,122,90,0,90,212
04/01/2022,MOD,CA,AWP,WE,Federal Contract Tower,0,7,30,0,37,0,27,76,0,103,0,34,106,0,140,22,0,22,162
04/02/2022,MOD,CA,AWP,WE,Federal Contract Tower,0,4,25,0,29,0,15,95,0,110,0,19,120,0,139,64,0,64,203
04/03/2022,MOD,CA,AWP,WE,Federal Contract Tower,0,4,18,0,22,0,21,53,0,74,0,25,71,0,96,38,0,38,134
04/04/2022,MOD,CA,AWP,WE,Federal Contract Tower,0,6,16,0,22,0,19,69,0,88,0,25,85,0,110,38,0,38,148
04/05/2022,MOD,CA,AWP,WE,Federal Contract Tower,0,2,15,0,17,0,29,27,0,56,0,31,42,0,73,16,0,16,89
04/06/2022,MOD,CA,AWP,WE,Federal Contract Tower,0,4,18,1,23,0,13,54,1,68,0,17,72,2,91,40,0,40,131
04/07/2022,MOD,CA,AWP,WE,Federal Contract Tower,0,14,23,0,37,0,27,61,0,88,0,41,84,0,125,24,0,24,149
04/08/2022,MOD,CA,AWP,WE,Federal Contract Tower,0,5,16,0,21,0,33,79,0,112,0,38,95,0,133,52,0,52,185
04/09/2022,MOD,CA,AWP,WE,Federal Contract Tower,0,2,13,0,15,0,26,40,0,66,0,28,53,0,81,4,0,4,85
04/10/2022,MOD,CA,AWP,WE,Federal Contract Tower,0,6,6,0,12,0,35,11,0,46,0,41,17,0,58,20,0,20,78
04/11/2022,MOD,CA,AWP,WE,Federal Contract Tower,0,11,4,0,15,0,24,16,0,40,0,35,20,0,55,26,0,26,81
04/12/2022,MOD,CA,AWP,WE,Federal Contract Tower,0,8,9,0,17,0,11,70,0,81,0,19,79,0,98,30,0,30,128
04/13/2022,MOD,CA,AWP,WE,Federal Contract Tower,0,11,21,0,32,0,9,76,0,85,0,20,97,0,117,42,0,42,159
04/14/2022,MOD,CA,AWP,WE,Federal Contract Tower,0,11,0,2,13,0,12,65,0,77,0,23,65,2,90,84,0,84,174
04/15/2022,MOD,CA,AWP,WE,Federal Contract Tower,0,11,24,0,35,0,34,73,0,107,0,45,97,0,142,74,0,74,216
04/16/2022,MOD,CA,AWP,WE,Federal Contract Tower,0,3,11,0,14,0,15,17,0,32,0,18,28,0,46,16,0,16,62
04/17/2022,MOD,CA,AWP,WE,Federal Contract Tower,0,5,13,0,18,0,20,57,0,77,0,25,70,0,95,32,0,32,127
04/18/2022,MOD,CA,AWP,WE,Federal Contract Tower,0,6,25,0,31,0,22,42,0,64,0,28,67,0,95,60,0,60,155
04/19/2022,MOD,CA,AWP,WE,Federal Contract Tower,0,12,12,0,24,0,19,29,0,48,0,31,41,0,72,22,0,22,94
04/20/2022,MOD,CA,AWP,WE,Federal Contract Tower,0,8,15,0,23,0,6,48,0,54,0,14,63,0,77,82,0,82,159
04/21/2022,MOD,CA,AWP,WE,Federal Contract Tower,0,20,4,0,24,0,12,12,0,24,0,32,16,0,48,32,0,32,80
04/22/2022,MOD,CA,AWP,WE,Federal Contract Tower,0,11,42,0,53,0,23,40,0,63,0,34,82,0,116,40,8,48,164
04/23/2022,MOD,CA,AWP,WE,Federal Contract Tower,0,5,32,0,37,0,19,120,0,139,0,24,152,0,176,48,0,48,224
04/24/2022,MOD,CA,AWP,WE,Federal Contract Tower,0,10,14,0,24,0,14,102,0,116,0,24,116,0,140,50,0,50,190
04/25/2022,MOD,CA,AWP,WE,Federal Contract Tower,0,10,19,0,29,0,21,78,2,101,0,31,97,2,130,14,0,14,144
04/26/2022,MOD,CA,AWP,WE,Federal Contract Tower,0,2,19,0,21,0,20,47,0,67,0,22,66,0,88,46,0,46,134
04/27/2022,MOD,CA,AWP,WE,Federal Contract Tower,0,5,26,0,31,0,12,64,3,79,0,17,90,3,110,24,0,24,134
04/28/2022,MOD,CA,AWP,WE,Federal Contract Tower,0,8,11,0,19,0,21,44,0,65,0,29,55,0,84,46,0,46,130
04/29/2022,MOD,CA,AWP,WE,Federal Contract Tower,0,6,18,0,24,0,30,52,0,82,0,36,70,0,106,42,0,42,148
04/30/2022,MOD,CA,AWP,WE,Federal Contract Tower,0,3,23,0,26,0,33,65,0,98,0,36,88,0,124,44,0,44,168
05/01/2022,MOD,CA,AWP,WE,Federal Contract Tower,0,9,23,0,32,0,35,32,0,67,0,44,55,0,99,30,0,30,129
05/02/2022,MOD,CA,AWP,WE,Federal Contract Tower,0,3,42,2,47,0,32,22,0,54,0,35,64,2,101,2,0,2,103
05/03/2022,MOD,CA,AWP,WE,Federal Contract Tower,0,14,12,0,26,0,22,25,0,47,0,36,37,0,73,4,0,4,77
05/04/2022,MOD,CA,AWP,WE,Federal Contract Tower,0,6,37,0,43,0,19,84,0,103,0,25,121,0,146,80,0,80,226
05/05/2022,MOD,CA,AWP,WE,Federal Contract Tower,0,8,16,0,24,0,16,54,0,70,0,24,70,0,94,56,0,56,150
05/06/2022,MOD,CA,AWP,WE,Federal Contract Tower,0,8,22,0,30,0,15,53,0,68,0,23,75,0,98,94,0,94,192
05/07/2022,MOD,CA,AWP,WE,Federal Contract Tower,0,2,13,0,15,0,20,44,0,64,0,22,57,0,79,44,0,44,123
05/08/2022,MOD,CA,AWP,WE,Federal Contract Tower,0,3,1,0,4,0,25,9,0,34,0,28,10,0,38,0,0,0,38
05/09/2022,MOD,CA,AWP,WE,Federal Contract Tower,0,11,7,0,18,0,16,50,0,66,0,27,57,0,84,54,0,54,138
05/10/2022,MOD,CA,AWP,WE,Federal Contract Tower,0,8,17,0,25,0,15,42,0,57,0,23,59,0,82,18,0,18,100
05/11/2022,MOD,CA,AWP,WE,Federal Contract Tower,0,10,19,0,29,0,19,48,0,67,0,29,67,0,96,46,0,46,142
05/12/2022,MOD,CA,AWP,WE,Federal Contract Tower,0,13,20,0,33,0,38,54,0,92,0,51,74,0,125,64,0,64,189
05/13/2022,MOD,CA,AWP,WE,Federal Contract Tower,0,8,26,0,34,0,17,62,0,79,0,25,88,0,113,46,0,46,159
05/14/2022,MOD,CA,AWP,WE,Federal Contract Tower,0,1,19,0,20,0,15,89,0,104,0,16,108,0,124,22,0,22,146
05/15/2022,MOD,CA,AWP,WE,Federal Contract Tower,0,15,12,0,27,0,17,50,0,67,0,32,62,0,94,20,0,20,114
05/16/2022,MOD,CA,AWP,WE,Federal Contract Tower,0,7,22,0,29,0,37,49,0,86,0,44,71,0,115,78,0,78,193
05/17/2022,MOD,CA,AWP,WE,Federal Contract Tower,0,7,15,0,22,0,19,49,0,68,0,26,64,0,90,24,0,24,114
05/18/2022,MOD,CA,AWP,WE,Federal Contract Tower,0,7,8,0,15,0,15,55,2,72,0,22,63,2,87,70,0,70,157
05/19/2022,MOD,CA,AWP,WE,Federal Contract Tower,0,8,10,0,18,0,22,27,0,49,0,30,37,0,67,16,0,16,83
05/20/2022,MOD,CA,AWP,WE,Federal Contract Tower,0,5,14,0,19,0,24,14,0,38,0,29,28,0,57,2,0,2,59
05/21/2022,MOD,CA,AWP,WE,Federal Contract Tower,0,3,18,0,21,0,13,82,0,95,0,16,100,0,116,24,0,24,140
05/22/2022,MOD,CA,AWP,WE,Federal Contract Tower,0,17,20,0,37,0,24,70,0,94,0,41,90,0,131,90,0,90,221
05/23/2022,MOD,CA,AWP,WE,Federal Contract Tower,0,6,10,0,16,0,27,45,2,74,0,33,55,2,90,28,0,28,118
05/24/2022,MOD,CA,AWP,WE,Federal Contract Tower,0,2,24,0,26,0,17,43,0,60,0,19,67,0,86,48,0,48,134
05/25/2022,MOD,CA,AWP,WE,Federal Contract Tower,0,8,11,2,21,0,9,64,0,73,0,17,75,2,94,26,0,26,120
05/26/2022,MOD,CA,AWP,WE,Federal Contract Tower,0,8,8,0,16,0,25,58,0,83,0,33,66,0,99,44,0,44,143
05/27/2022,MOD,CA,AWP,WE,Federal Contract Tower,0,7,29,0,36,0,22,68,0,90,0,29,97,0,126,64,0,64,190
05/28/2022,MOD,CA,AWP,WE,Federal Contract Tower,0,1,26,0,27,0,19,41,0,60,0,20,67,0,87,40,0,40,127
05/29/2022,MOD,CA,AWP,WE,Federal Contract Tower,0,4,9,0,13,0,20,26,0,46,0,24,35,0,59,16,0,16,75
05/30/2022,MOD,CA,AWP,WE,Federal Contract Tower,0,3,18,0,21,0,36,27,0,63,0,39,45,0,84,16,0,16,100
05/31/2022,MOD,CA,AWP,WE,Federal Contract Tower,0,5,11,0,16,0,14,44,0,58,0,19,55,0,74,62,0,62,136
06/01/2022,MOD,CA,AWP,WE,Federal Contract Tower,0,3,31,0,34,0,12,74,0,86,0,15,105,0,120,108,0,108,228
06/02/2022,MOD,CA,AWP,WE,Federal Contract Tower,0,4,8,0,12,0,13,57,0,70,0,17,65,0,82,26,0,26,108
06/03/2022,MOD,CA,AWP,WE,Federal Contract Tower,0,9,18,0,27,0,11,49,0,60,0,20,67,0,87,40,0,40,127
06/04/2022,MOD,CA,AWP,WE,Federal Contract Tower,0,8,26,0,34,0,26,64,0,90,0,34,90,0,124,36,0,36,160
06/05/2022,MOD,CA,AWP,WE,Federal Contract Tower,0,11,7,0,18,0,10,69,0,79,0,21,76,0,97,64,0,64,161
06/06/2022,MOD,CA,AWP,WE,Federal Contract Tower,0,5,10,0,15,0,12,53,0,65,0,17,63,0,80,54,0,54,134
06/07/2022,MOD,CA,AWP,WE,Federal Contract Tower,0,2,16,0,18,0,18,61,0,79,0,20,77,0,97,26,0,26,123
06/08/2022,MOD,CA,AWP,WE,Federal Contract Tower,0,4,6,0,10,0,6,62,0,68,0,10,68,0,78,62,0,62,140
06/09/2022,MOD,CA,AWP,WE,Federal Contract Tower,0,15,14,0,29,0,22,47,0,69,0,37,61,0,98,38,0,38,136
06/10/2022,MOD,CA,AWP,WE,Federal Contract Tower,0,12,14,0,26,0,29,62,0,91,0,41,76,0,117,36,0,36,153
06/11/2022,MOD,CA,AWP,WE,Federal Contract Tower,0,5,2,0,7,0,21,89,0,110,0,26,91,0,117,38,0,38,155
06/12/2022,MOD,CA,AWP,WE,Federal Contract Tower,0,2,8,0,10,0,16,44,0,60,0,18,52,0,70,10,0,10,80
06/13/2022,MOD,CA,AWP,WE,Federal Contract Tower,0,8,21,0,29,0,36,22,0,58,0,44,43,0,87,10,0,10,97
06/14/2022,MOD,CA,AWP,WE,Federal Contract Tower,0,4,23,0,27,0,22,48,0,70,0,26,71,0,97,38,0,38,135
06/15/2022,MOD,CA,AWP,WE,Federal Contract Tower,0,6,25,0,31,0,17,71,0,88,0,23,96,0,119,72,0,72,191
06/16/2022,MOD,CA,AWP,WE,Federal Contract Tower,0,8,18,2,28,0,25,59,0,84,0,33,77,2,112,32,0,32,144
06/17/2022,MOD,CA,AWP,WE,Federal Contract Tower,0,4,9,0,13,0,36,52,0,88,0,40,61,0,101,78,0,78,179
06/18/2022,MOD,CA,AWP,WE,Federal Contract Tower,0,2,21,0,23,0,23,75,0,98,0,25,96,0,121,50,0,50,171
06/19/2022,MOD,CA,AWP,WE,Federal Contract Tower,0,8,4,0,12,0,22,70,0,92,0,30,74,0,104,32,0,32,136
06/20/2022,MOD,CA,AWP,WE,Federal Contract Tower,0,8,31,0,39,0,20,82,0,102,0,28,113,0,141,54,0,54,195
06/21/2022,MOD,CA,AWP,WE,Federal Contract Tower,0,1,9,0,10,0,26,47,0,73,0,27,56,0,83,72,0,72,155
06/22/2022,MOD,CA,AWP,WE,Federal Contract Tower,0,0,7,0,7,0,11,56,0,67,0,11,63,0,74,70,0,70,144
06/23/2022,MOD,CA,AWP,WE,Federal Contract Tower,0,3,5,0,8,0,30,81,0,111,0,33,86,0,119,54,0,54,173
06/24/2022,MOD,CA,AWP,WE,Federal Contract Tower,0,3,21,0,24,0,37,46,0,83,0,40,67,0,107,84,0,84,191
06/25/2022,MOD,CA,AWP,WE,Federal Contract Tower,0,2,27,0,29,0,23,93,0,116,0,25,120,0,145,36,0,36,181
06/26/2022,MOD,CA,AWP,WE,Federal Contract Tower,0,3,12,0,15,0,34,59,0,93,0,37,71,0,108,16,0,16,124
06/27/2022,MOD,CA,AWP,WE,Federal Contract Tower,0,6,12,0,18,0,28,73,0,101,0,34,85,0,119,24,0,24,143
06/28/2022,MOD,CA,AWP,WE,Federal Contract Tower,0,7,8,0,15,0,30,41,0,71,0,37,49,0,86,38,0,38,124
06/29/2022,MOD,CA,AWP,WE,Federal Contract Tower,0,9,9,2,20,0,22,106,0,128,0,31,115,2,148,120,0,120,268
06/30/2022,MOD,CA,AWP,WE,Federal Contract Tower,0,5,12,0,17,0,16,66,0,82,0,21,78,0,99,58,0,58,157
07/01/2022,MOD,CA,AWP,WE,Federal Contract Tower,0,6,11,0,17,0,26,71,0,97,0,32,82,0,114,84,0,84,198
07/02/2022,MOD,CA,AWP,WE,Federal Contract Tower,0,11,8,0,19,0,30,63,0,93,0,41,71,0,112,40,0,40,152
07/03/2022,MOD,CA,AWP,WE,Federal Contract Tower,0,4,2,0,6,0,17,30,0,47,0,21,32,0,53,4,0,4,57
07/04/2022,MOD,CA,AWP,WE,Federal Contract Tower,0,6,9,0,15,0,28,36,0,64,0,34,45,0,79,0,0,0,79
07/05/2022,MOD,CA,AWP,WE,Federal Contract Tower,0,5,15,0,20,0,21,48,0,69,0,26,63,0,89,74,0,74,163
07/06/2022,MOD,CA,AWP,WE,Federal Contract Tower,0,3,15,0,18,0,14,62,0,76,0,17,77,0,94,58,0,58,152
07/07/2022,MOD,CA,AWP,WE,Federal Contract Tower,0,20,9,0,29,0,42,61,0,103,0,62,70,0,132,32,0,32,164
07/08/2022,MOD,CA,AWP,WE,Federal Contract Tower,0,7,13,0,20,0,32,56,0,88,0,39,69,0,108,24,0,24,132
07/09/2022,MOD,CA,AWP,WE,Federal Contract Tower,0,2,20,0,22,0,21,150,0,171,0,23,170,0,193,36,0,36,229
07/10/2022,MOD,CA,AWP,WE,Federal Contract Tower,0,7,13,0,20,0,25,75,0,100,0,32,88,0,120,42,0,42,162
07/11/2022,MOD,CA,AWP,WE,Federal Contract Tower,0,11,13,0,24,0,20,54,0,74,0,31,67,0,98,72,0,72,170
07/12/2022,MOD,CA,AWP,WE,Federal Contract Tower,0,7,11,0,18,0,23,36,0,59,0,30,47,0,77,16,0,16,93
07/13/2022,MOD,CA,AWP,WE,Federal Contract Tower,0,6,4,0,10,0,23,53,0,76,0,29,57,0,86,58,0,58,144
07/14/2022,MOD,CA,AWP,WE,Federal Contract Tower,0,1,13,4,18,0,21,55,0,76,0,22,68,4,94,44,0,44,138
07/15/2022,MOD,CA,AWP,WE,Federal Contract Tower,0,1,11,0,12,0,21,74,0,95,0,22,85,0,107,48,0,48,155
07/16/2022,MOD,CA,AWP,WE,Federal Contract Tower,0,3,9,0,12,0,29,78,0,107,0,32,87,0,119,60,0,60,179
07/17/2022,MOD,CA,AWP,WE,Federal Contract Tower,0,5,7,0,12,0,16,55,0,71,0,21,62,0,83,24,0,24,107
07/18/2022,MOD,CA,AWP,WE,Federal Contract Tower,0,7,11,0,18,0,13,49,0,62,0,20,60,0,80,46,0,46,126
07/19/2022,MOD,CA,AWP,WE,Federal Contract Tower,0,5,7,2,14,0,20,72,0,92,0,25,79,2,106,38,0,38,144
07/20/2022,MOD,CA,AWP,WE,Federal Contract Tower,0,5,12,0,17,0,9,76,0,85,0,14,88,0,102,64,0,64,166
07/21/2022,MOD,CA,AWP,WE,Federal Contract Tower,0,11,12,0,23,0,23,49,0,72,0,34,61,0,95,44,2,46,141
07/22/2022,MOD,CA,AWP,WE,Federal Contract Tower,0,8,14,0,22,0,38,62,0,100,0,46,76,0,122,34,0,34,156
07/23/2022,MOD,CA,AWP,WE,Federal Contract Tower,0,6,11,0,17,0,30,112,0,142,0,36,123,0,159,54,0,54,213
07/24/2022,MOD,CA,AWP,WE,Federal Contract Tower,0,4,6,0,10,0,21,57,0,78,0,25,63,0,88,14,0,14,102
07/25/2022,MOD,CA,AWP,WE,Federal Contract Tower,0,3,14,0,17,0,15,50,0,65,0,18,64,0,82,12,0,12,94
07/26/2022,MOD,CA,AWP,WE,Federal Contract Tower,0,7,20,0,27,0,18,33,0,51,0,25,53,0,78,14,0,14,92
07/27/2022,MOD,CA,AWP,WE,Federal Contract Tower,0,9,3,0,12,0,18,61,0,79,0,27,64,0,91,46,0,46,137
07/28/2022,MOD,CA,AWP,WE,Federal Contract Tower,0,7,8,0,15,0,34,73,0,107,0,41,81,0,122,6,0,6,128
07/29/2022,MOD,CA,AWP,WE,Federal Contract Tower,0,11,18,0,29,0,25,50,0,75,0,36,68,0,104,30,0,30,134
07/30/2022,MOD,CA,AWP,WE,Federal Contract Tower,0,6,14,0,20,0,13,60,0,73,0,19,74,0,93,60,0,60,153
07/31/2022,MOD,CA,AWP,WE,Federal Contract Tower,0,9,19,0,28,0,24,47,0,71,0,33,66,0,99,28,0,28,127
08/01/2022,MOD,CA,AWP,WE,Federal Contract Tower,0,5,16,0,21,0,26,50,0,76,0,31,66,0,97,14,0,14,111
08/02/2022,MOD,CA,AWP,WE,Federal Contract Tower,0,5,21,0,26,0,35,41,2,78,0,40,62,2,104,30,0,30,134
08/03/2022,MOD,CA,AWP,WE,Federal Contract Tower,0,5,11,0,16,0,22,68,1,91,0,27,79,1,107,24,0,24,131
08/04/2022,MOD,CA,AWP,WE,Federal Contract Tower,0,7,11,2,20,0,36,50,0,86,0,43,61,2,106,24,0,24,130
08/05/2022,MOD,CA,AWP,WE,Federal Contract Tower,0,6,33,0,39,0,28,68,0,96,0,34,101,0,135,14,0,14,149
08/06/2022,MOD,CA,AWP,WE,Federal Contract Tower,0,2,4,0,6,0,16,66,0,82,0,18,70,0,88,58,0,58,146
08/07/2022,MOD,CA,AWP,WE,Federal Contract Tower,0,9,18,0,27,0,19,55,0,74,0,28,73,0,101,20,0,20,121
08/08/2022,MOD,CA,AWP,WE,Federal Contract Tower,0,5,14,2,21,0,21,53,0,74,0,26,67,2,95,10,0,10,105
08/09/2022,MOD,CA,AWP,WE,Federal Contract Tower,0,4,10,0,14,0,22,58,0,80,0,26,68,0,94,74,0,74,168
08/10/2022,MOD,CA,AWP,WE,Federal Contract Tower,0,4,17,2,23,0,16,68,0,84,0,20,85,2,107,56,0,56,163
08/11/2022,MOD,CA,AWP,WE,Federal Contract Tower,0,9,36,0,45,0,28,46,0,74,0,37,82,0,119,24,0,24,143
08/12/2022,MOD,CA,AWP,WE,Federal Contract Tower,0,4,10,0,14,0,25,47,0,72,0,29,57,0,86,36,0,36,122
08/13/2022,MOD,CA,AWP,WE,Federal Contract Tower,0,3,11,0,14,0,28,160,0,188,0,31,171,0,202,46,0,46,248
08/14/2022,MOD,CA,AWP,WE,Federal Contract Tower,0,5,17,0,22,0,20,79,0,99,0,25,96,0,121,86,0,86,207
08/15/2022,MOD,CA,AWP,WE,Federal Contract Tower,0,7,17,0,24,0,23,67,0,90,0,30,84,0,114,16,0,16,130
08/16/2022,MOD,CA,AWP,WE,Federal Contract Tower,0,7,9,0,16,0,20,57,0,77,0,27,66,0,93,98,0,98,191
08/17/2022,MOD,CA,AWP,WE,Federal Contract Tower,0,7,2,0,9,0,14,42,0,56,0,21,44,0,65,70,0,70,135
08/18/2022,MOD,CA,AWP,WE,Federal Contract Tower,0,11,14,0,25,0,10,34,0,44,0,21,48,0,69,78,0,78,147
08/19/2022,MOD,CA,AWP,WE,Federal Contract Tower,0,12,9,0,21,0,32,54,0,86,0,44,63,0,107,36,0,36,143
08/20/2022,MOD,CA,AWP,WE,Federal Contract Tower,0,5,8,0,13,0,19,53,0,72,0,24,61,0,85,46,0,46,131
08/21/2022,MOD,CA,AWP,WE,Federal Contract Tower,0,7,19,0,26,0,24,59,0,83,0,31,78,0,109,68,0,68,177
08/22/2022,MOD,CA,AWP,WE,Federal Contract Tower,0,6,14,0,20,0,24,32,0,56,0,30,46,0,76,22,0,22,98
08/23/2022,MOD,CA,AWP,WE,Federal Contract Tower,0,2,7,0,9,0,28,59,0,87,0,30,66,0,96,68,0,68,164
08/24/2022,MOD,CA,AWP,WE,Federal Contract Tower,0,5,24,0,29,0,15,69,0,84,0,20,93,0,113,34,0,34,147
08/25/2022,MOD,CA,AWP,WE,Federal Contract Tower,0,12,20,0,32,0,22,41,0,63,0,34,61,0,95,10,0,10,105
08/26/2022,MOD,CA,AWP,WE,Federal Contract Tower,0,14,12,0,26,0,27,61,0,88,0,41,73,0,114,50,0,50,164
08/27/2022,MOD,CA,AWP,WE,Federal Contract Tower,0,7,31,0,38,0,19,103,0,122,0,26,134,0,160,54,0,54,214
08/28/2022,MOD,CA,AWP,WE,Federal Contract Tower,0,1,14,0,15,0,19,64,0,83,0,20,78,0,98,104,0,104,202
08/29/2022,MOD,CA,AWP,WE,Federal Contract Tower,0,11,31,0,42,0,34,35,0,69,0,45,66,0,111,44,0,44,155
08/30/2022,MOD,CA,AWP,WE,Federal Contract Tower,0,13,15,0,28,0,20,50,0,70,0,33,65,0,98,50,0,50,148
08/31/2022,MOD,CA,AWP,WE,Federal Contract Tower,0,7,19,0,26,0,12,72,0,84,0,19,91,0,110,68,0,68,178
09/01/2022,MOD,CA,AWP,WE,Federal Contract Tower,0,10,29,0,39,0,35,57,0,92,0,45,86,0,131,10,0,10,141
09/02/2022,MOD,CA,AWP,WE,Federal Contract Tower,0,5,9,0,14,0,33,49,0,82,0,38,58,0,96,46,0,46,142
09/03/2022,MOD,CA,AWP,WE,Federal Contract Tower,0,0,22,0,22,0,41,49,0,90,0,41,71,0,112,16,0,16,128
09/04/2022,MOD,CA,AWP,WE,Federal Contract Tower,0,1,10,0,11,0,6,22,0,28,0,7,32,0,39,0,0,0,39
09/05/2022,MOD,CA,AWP,WE,Federal Contract Tower,0,6,0,0,6,0,19,31,0,50,0,25,31,0,56,26,0,26,82
09/06/2022,MOD,CA,AWP,WE,Federal Contract Tower,0,3,2,0,5,0,3,24,0,27,0,6,26,0,32,0,0,0,32
09/07/2022,MOD,CA,AWP,WE,Federal Contract Tower,0,2,1,0,3,0,1,12,0,13,0,3,13,0,16,0,0,0,16
09/08/2022,MOD,CA,AWP,WE,Federal Contract Tower,0,0,0,0,0,0,0,0,0,0,0,0,0,0,0,0,0,0,0
09/09/2022,MOD,CA,AWP,WE,Federal Contract Tower,0,8,16,0,24,0,5,44,0,49,0,13,60,0,73,26,0,26,99
09/10/2022,MOD,CA,AWP,WE,Federal Contract Tower,0,3,17,0,20,0,1,97,0,98,0,4,114,0,118,20,0,20,138
09/11/2022,MOD,CA,AWP,WE,Federal Contract Tower,0,4,3,0,7,0,10,37,0,47,0,14,40,0,54,10,0,10,64
09/12/2022,MOD,CA,AWP,WE,Federal Contract Tower,0,8,19,0,27,0,10,42,0,52,0,18,61,0,79,44,0,44,123
09/13/2022,MOD,CA,AWP,WE,Federal Contract Tower,0,7,13,0,20,0,26,50,0,76,0,33,63,0,96,46,0,46,142
09/14/2022,MOD,CA,AWP,WE,Federal Contract Tower,0,3,10,0,13,0,12,44,0,56,0,15,54,0,69,40,0,40,109
09/15/2022,MOD,CA,AWP,WE,Federal Contract Tower,0,6,18,0,24,0,15,31,0,46,0,21,49,0,70,34,0,34,104
09/16/2022,MOD,CA,AWP,WE,Federal Contract Tower,0,5,17,0,22,0,41,75,0,116,0,46,92,0,138,76,0,76,214
09/17/2022,MOD,CA,AWP,WE,Federal Contract Tower,0,13,16,0,29,0,13,51,0,64,0,26,67,0,93,106,0,106,199
09/18/2022,MOD,CA,AWP,WE,Federal Contract Tower,0,5,10,0,15,0,21,12,0,33,0,26,22,0,48,0,0,0,48
09/19/2022,MOD,CA,AWP,WE,Federal Contract Tower,0,12,22,0,34,0,25,11,0,36,0,37,33,0,70,0,0,0,70
09/20/2022,MOD,CA,AWP,WE,Federal Contract Tower,0,6,23,0,29,0,21,28,0,49,0,27,51,0,78,42,0,42,120
09/21/2022,MOD,CA,AWP,WE,Federal Contract Tower,0,2,8,0,10,0,18,44,0,62,0,20,52,0,72,30,0,30,102
09/22/2022,MOD,CA,AWP,WE,Federal Contract Tower,0,6,5,0,11,0,28,42,0,70,0,34,47,0,81,24,0,24,105
09/23/2022,MOD,CA,AWP,WE,Federal Contract Tower,0,8,24,0,32,0,44,89,10,143,0,52,113,10,175,58,0,58,233
09/24/2022,MOD,CA,AWP,WE,Federal Contract Tower,0,5,18,0,23,0,26,104,0,130,0,31,122,0,153,106,0,106,259
09/25/2022,MOD,CA,AWP,WE,Federal Contract Tower,0,9,15,0,24,0,29,89,0,118,0,38,104,0,142,82,0,82,224
09/26/2022,MOD,CA,AWP,WE,Federal Contract Tower,0,9,19,0,28,0,26,47,0,73,0,35,66,0,101,40,0,40,141
09/27/2022,MOD,CA,AWP,WE,Federal Contract Tower,0,13,16,0,29,0,19,51,0,70,0,32,67,0,99,60,0,60,159
09/28/2022,MOD,CA,AWP,WE,Federal Contract Tower,0,3,4,0,7,0,9,55,0,64,0,12,59,0,71,50,0,50,121
09/29/2022,MOD,CA,AWP,WE,Federal Contract Tower,0,4,12,0,16,0,14,83,0,97,0,18,95,0,113,74,0,74,187
09/30/2022,MOD,CA,AWP,WE,Federal Contract Tower,0,15,22,0,37,0,37,134,0,171,0,52,156,0,208,84,0,84,292
10/01/2022,MOD,CA,AWP,WE,Federal Contract Tower,0,5,22,0,27,0,22,178,0,200,0,27,200,0,227,122,0,122,349
10/02/2022,MOD,CA,AWP,WE,Federal Contract Tower,0,6,18,0,24,0,18,86,0,104,0,24,104,0,128,54,0,54,182
10/03/2022,MOD,CA,AWP,WE,Federal Contract Tower,0,11,19,0,30,0,18,46,0,64,0,29,65,0,94,4,0,4,98
10/04/2022,MOD,CA,AWP,WE,Federal Contract Tower,0,7,23,0,30,0,31,49,0,80,0,38,72,0,110,36,0,36,146
10/05/2022,MOD,CA,AWP,WE,Federal Contract Tower,0,5,10,0,15,0,13,61,0,74,0,18,71,0,89,40,0,40,129
10/06/2022,MOD,CA,AWP,WE,Federal Contract Tower,0,13,18,0,31,0,31,57,0,88,0,44,75,0,119,50,0,50,169
10/07/2022,MOD,CA,AWP,WE,Federal Contract Tower,0,9,20,0,29,0,18,57,0,75,0,27,77,0,104,28,0,28,132
10/08/2022,MOD,CA,AWP,WE,Federal Contract Tower,0,17,20,0,37,0,26,63,0,89,0,43,83,0,126,52,0,52,178
10/09/2022,MOD,CA,AWP,WE,Federal Contract Tower,0,12,21,0,33,0,24,38,0,62,0,36,59,0,95,32,0,32,127
10/10/2022,MOD,CA,AWP,WE,Federal Contract Tower,0,7,30,0,37,0,30,47,0,77,0,37,77,0,114,38,0,38,152
10/11/2022,MOD,CA,AWP,WE,Federal Contract Tower,0,14,14,0,28,0,23,69,0,92,0,37,83,0,120,66,0,66,186
10/12/2022,MOD,CA,AWP,WE,Federal Contract Tower,0,5,11,0,16,0,14,76,0,90,0,19,87,0,106,44,0,44,150
10/13/2022,MOD,CA,AWP,WE,Federal Contract Tower,0,11,14,0,25,0,41,70,0,111,0,52,84,0,136,56,0,56,192
10/14/2022,MOD,CA,AWP,WE,Federal Contract Tower,0,7,11,0,18,0,15,54,0,69,0,22,65,0,87,34,0,34,121
10/15/2022,MOD,CA,AWP,WE,Federal Contract Tower,0,3,23,0,26,0,26,49,0,75,0,29,72,0,101,54,0,54,155
10/16/2022,MOD,CA,AWP,WE,Federal Contract Tower,0,1,21,0,22,0,25,47,0,72,0,26,68,0,94,44,0,44,138
10/17/2022,MOD,CA,AWP,WE,Federal Contract Tower,0,4,6,0,10,0,18,57,0,75,0,22,63,0,85,30,0,30,115
10/18/2022,MOD,CA,AWP,WE,Federal Contract Tower,0,5,10,0,15,0,8,62,0,70,0,13,72,0,85,46,0,46,131
10/19/2022,MOD,CA,AWP,WE,Federal Contract Tower,0,4,15,0,19,0,30,64,0,94,0,34,79,0,113,2,0,2,115
10/20/2022,MOD,CA,AWP,WE,Federal Contract Tower,0,4,24,0,28,0,13,60,0,73,0,17,84,0,101,32,0,32,133
10/21/2022,MOD,CA,AWP,WE,Federal Contract Tower,0,6,19,0,25,0,24,69,0,93,0,30,88,0,118,52,0,52,170
10/22/2022,MOD,CA,AWP,WE,Federal Contract Tower,0,3,22,0,25,0,18,67,0,85,0,21,89,0,110,36,0,36,146
10/23/2022,MOD,CA,AWP,WE,Federal Contract Tower,0,4,32,0,36,0,32,48,0,80,0,36,80,0,116,50,0,50,166
10/24/2022,MOD,CA,AWP,WE,Federal Contract Tower,0,7,15,0,22,0,28,58,0,86,0,35,73,0,108,26,0,26,134
10/25/2022,MOD,CA,AWP,WE,Federal Contract Tower,0,11,24,2,37,0,7,53,0,60,0,18,77,2,97,40,0,40,137
10/26/2022,MOD,CA,AWP,WE,Federal Contract Tower,0,17,20,0,37,0,26,63,0,89,0,43,83,0,126,52,0,52,178
10/27/2022,MOD,CA,AWP,WE,Federal Contract Tower,0,5,36,0,41,0,22,52,0,74,0,27,88,0,115,22,0,22,137
10/28/2022,MOD,CA,AWP,WE,Federal Contract Tower,0,15,16,0,31,0,25,76,0,101,0,40,92,0,132,38,0,38,170
10/29/2022,MOD,CA,AWP,WE,Federal Contract Tower,0,5,20,0,25,0,24,64,0,88,0,29,84,0,113,70,0,70,183
10/30/2022,MOD,CA,AWP,WE,Federal Contract Tower,0,5,18,0,23,0,27,43,0,70,0,32,61,0,93,60,0,60,153
10/31/2022,MOD,CA,AWP,WE,Federal Contract Tower,0,7,12,0,19,0,28,45,0,73,0,35,57,0,92,68,0,68,160
11/01/2022,MOD,CA,AWP,WE,Federal Contract Tower,0,9,16,0,25,0,6,17,0,23,0,15,33,0,48,2,0,2,50
11/02/2022,MOD,CA,AWP,WE,Federal Contract Tower,0,11,11,2,24,0,22,27,0,49,0,33,38,2,73,24,0,24,97
11/03/2022,MOD,CA,AWP,WE,Federal Contract Tower,0,12,41,0,53,0,21,30,0,51,0,33,71,0,104,22,0,22,126
11/04/2022,MOD,CA,AWP,WE,Federal Contract Tower,0,5,17,0,22,0,32,74,0,106,0,37,91,0,128,78,0,78,206
11/05/2022,MOD,CA,AWP,WE,Federal Contract Tower,0,15,15,0,30,0,16,40,0,56,0,31,55,0,86,74,0,74,160
11/06/2022,MOD,CA,AWP,WE,Federal Contract Tower,0,6,16,0,22,0,22,36,0,58,0,28,52,0,80,68,0,68,148
11/07/2022,MOD,CA,AWP,WE,Federal Contract Tower,0,25,7,0,32,0,17,39,0,56,0,42,46,0,88,42,0,42,130
11/08/2022,MOD,CA,AWP,WE,Federal Contract Tower,0,16,2,0,18,0,8,0,0,8,0,24,2,0,26,0,0,0,26
11/09/2022,MOD,CA,AWP,WE,Federal Contract Tower,0,1,29,0,30,0,32,50,0,82,0,33,79,0,112,74,0,74,186
11/10/2022,MOD,CA,AWP,WE,Federal Contract Tower,0,12,21,0,33,0,16,53,0,69,0,28,74,0,102,46,0,46,148
11/11/2022,MOD,CA,AWP,WE,Federal Contract Tower,0,4,21,2,27,0,28,50,0,78,0,32,71,2,105,100,0,100,205
11/12/2022,MOD,CA,AWP,WE,Federal Contract Tower,0,6,34,0,40,0,31,89,0,120,0,37,123,0,160,36,0,36,196
11/13/2022,MOD,CA,AWP,WE,Federal Contract Tower,0,9,15,0,24,0,27,46,0,73,0,36,61,0,97,28,0,28,125
11/14/2022,MOD,CA,AWP,WE,Federal Contract Tower,0,6,7,0,13,0,30,35,0,65,0,36,42,0,78,38,0,38,116
11/15/2022,MOD,CA,AWP,WE,Federal Contract Tower,0,9,21,0,30,0,22,40,0,62,0,31,61,0,92,20,0,20,112
11/16/2022,MOD,CA,AWP,WE,Federal Contract Tower,0,10,17,0,27,0,20,62,0,82,0,30,79,0,109,44,0,44,153
11/17/2022,MOD,CA,AWP,WE,Federal Contract Tower,0,17,30,0,47,0,30,46,0,76,0,47,76,0,123,26,0,26,149
11/18/2022,MOD,CA,AWP,WE,Federal Contract Tower,0,16,33,0,49,0,44,46,0,90,0,60,79,0,139,44,0,44,183
11/19/2022,MOD,CA,AWP,WE,Federal Contract Tower,0,3,2,0,5,0,21,59,0,80,0,24,61,0,85,50,0,50,135
11/20/2022,MOD,CA,AWP,WE,Federal Contract Tower,0,5,12,0,17,0,24,40,0,64,0,29,52,0,81,20,0,20,101
11/21/2022,MOD,CA,AWP,WE,Federal Contract Tower,0,6,8,0,14,0,18,36,0,54,0,24,44,0,68,14,0,14,82
11/22/2022,MOD,CA,AWP,WE,Federal Contract Tower,0,12,19,0,31,0,26,36,0,62,0,38,55,0,93,20,0,20,113
11/23/2022,MOD,CA,AWP,WE,Federal Contract Tower,0,11,24,4,39,0,24,47,0,71,0,35,71,4,110,18,0,18,128
11/24/2022,MOD,CA,AWP,WE,Federal Contract Tower,0,0,6,0,6,0,0,22,0,22,0,0,28,0,28,0,0,0,28
11/25/2022,MOD,CA,AWP,WE,Federal Contract Tower,0,7,19,0,26,0,26,53,0,79,0,33,72,0,105,12,0,12,117
11/26/2022,MOD,CA,AWP,WE,Federal Contract Tower,0,11,9,0,20,0,18,69,0,87,0,29,78,0,107,58,0,58,165
11/27/2022,MOD,CA,AWP,WE,Federal Contract Tower,0,3,12,0,15,0,17,45,0,62,0,20,57,0,77,8,0,8,85
11/28/2022,MOD,CA,AWP,WE,Federal Contract Tower,0,6,29,0,35,0,34,24,0,58,0,40,53,0,93,20,0,20,113
11/29/2022,MOD,CA,AWP,WE,Federal Contract Tower,0,9,3,0,12,0,27,36,0,63,0,36,39,0,75,18,0,18,93
11/30/2022,MOD,CA,AWP,WE,Federal Contract Tower,0,14,23,2,39,0,27,66,0,93,0,41,89,2,132,26,0,26,158
12/01/2022,MOD,CA,AWP,WE,Federal Contract Tower,0,15,4,0,19,0,8,0,0,8,0,23,4,0,27,0,0,0,27
12/02/2022,MOD,CA,AWP,WE,Federal Contract Tower,0,1,32,0,33,0,24,46,0,70,0,25,78,0,103,60,0,60,163
12/03/2022,MOD,CA,AWP,WE,Federal Contract Tower,0,9,4,0,13,0,5,2,0,7,0,14,6,0,20,0,0,0,20
12/04/2022,MOD,CA,AWP,WE,Federal Contract Tower,0,6,2,0,8,0,18,13,0,31,0,24,15,0,39,0,0,0,39
12/05/2022,MOD,CA,AWP,WE,Federal Contract Tower,0,15,29,0,44,0,20,25,0,45,0,35,54,0,89,16,0,16,105
12/06/2022,MOD,CA,AWP,WE,Federal Contract Tower,0,12,31,2,45,0,17,27,0,44,0,29,58,2,89,14,0,14,103
12/07/2022,MOD,CA,AWP,WE,Federal Contract Tower,0,8,20,2,30,0,14,58,0,72,0,22,78,2,102,50,0,50,152
12/08/2022,MOD,CA,AWP,WE,Federal Contract Tower,0,21,22,0,43,0,21,19,0,40,0,42,41,0,83,40,0,40,123
12/09/2022,MOD,CA,AWP,WE,Federal Contract Tower,0,10,23,0,33,0,24,21,0,45,0,34,44,0,78,24,0,24,102
12/10/2022,MOD,CA,AWP,WE,Federal Contract Tower,0,12,6,0,18,0,9,0,0,9,0,21,6,0,27,0,0,0,27
12/11/2022,MOD,CA,AWP,WE,Federal Contract Tower,0,10,10,0,20,0,11,15,0,26,0,21,25,0,46,14,0,14,60
12/12/2022,MOD,CA,AWP,WE,Federal Contract Tower,0,13,15,0,28,0,16,41,0,57,0,29,56,0,85,16,0,16,101
12/13/2022,MOD,CA,AWP,WE,Federal Contract Tower,0,17,17,0,34,0,34,63,0,97,0,51,80,0,131,40,0,40,171
12/14/2022,MOD,CA,AWP,WE,Federal Contract Tower,0,4,25,2,31,0,19,50,0,69,0,23,75,2,100,54,0,54,154
12/15/2022,MOD,CA,AWP,WE,Federal Contract Tower,0,8,25,0,33,0,9,36,0,45,0,17,61,0,78,14,0,14,92
12/16/2022,MOD,CA,AWP,WE,Federal Contract Tower,0,11,18,0,29,0,25,28,0,53,0,36,46,0,82,36,0,36,118
12/17/2022,MOD,CA,AWP,WE,Federal Contract Tower,0,4,18,0,22,0,2,15,0,17,0,6,33,0,39,6,0,6,45
12/18/2022,MOD,CA,AWP,WE,Federal Contract Tower,0,4,3,0,7,0,0,0,0,0,0,4,3,0,7,0,0,0,7
12/19/2022,MOD,CA,AWP,WE,Federal Contract Tower,0,10,13,2,25,0,0,0,0,0,0,10,13,2,25,0,0,0,25
12/20/2022,MOD,CA,AWP,WE,Federal Contract Tower,0,7,21,0,28,0,9,14,0,23,0,16,35,0,51,36,0,36,87
12/21/2022,MOD,CA,AWP,WE,Federal Contract Tower,0,15,24,0,39,0,0,0,0,0,0,15,24,0,39,0,0,0,39
12/22/2022,MOD,CA,AWP,WE,Federal Contract Tower,0,15,22,0,37,0,1,1,0,2,0,16,23,0,39,0,0,0,39
12/23/2022,MOD,CA,AWP,WE,Federal Contract Tower,0,8,21,0,29,0,12,15,0,27,0,20,36,0,56,12,0,12,68
12/24/2022,MOD,CA,AWP,WE,Federal Contract Tower,0,8,16,0,24,0,2,2,0,4,0,10,18,0,28,0,0,0,28
12/25/2022,MOD,CA,AWP,WE,Federal Contract Tower,0,0,8,0,8,0,0,0,0,0,0,0,8,0,8,0,0,0,8
12/26/2022,MOD,CA,AWP,WE,Federal Contract Tower,0,13,17,0,30,0,0,0,0,0,0,13,17,0,30,0,0,0,30
12/27/2022,MOD,CA,AWP,WE,Federal Contract Tower,0,7,4,0,11,0,0,0,0,0,0,7,4,0,11,0,0,0,11
12/28/2022,MOD,CA,AWP,WE,Federal Contract Tower,0,9,20,0,29,0,16,50,0,66,0,25,70,0,95,16,0,16,111
12/29/2022,MOD,CA,AWP,WE,Federal Contract Tower,0,10,0,0,10,0,1,0,0,1,0,11,0,0,11,0,0,0,11
12/30/2022,MOD,CA,AWP,WE,Federal Contract Tower,0,7,5,0,12,0,0,0,0,0,0,7,5,0,12,0,0,0,12
12/31/2022,MOD,CA,AWP,WE,Federal Contract Tower,0,4,1,0,5,0,2,0,0,2,0,6,1,0,7,2,0,2,9
01/01/2023,MOD,CA,AWP,WE,Federal Contract Tower,0,7,7,0,14,0,23,19,0,42,0,30,26,0,56,8,0,8,64
01/02/2023,MOD,CA,AWP,WE,Federal Contract Tower,0,4,3,0,7,0,12,12,0,24,0,16,15,0,31,0,0,0,31
01/03/2023,MOD,CA,AWP,WE,Federal Contract Tower,0,20,8,1,29,0,15,26,1,42,0,35,34,2,71,38,12,50,121
01/04/2023,MOD,CA,AWP,WE,Federal Contract Tower,0,4,0,0,4,0,12,0,0,12,0,16,0,0,16,4,0,4,20
01/05/2023,MOD,CA,AWP,WE,Federal Contract Tower,0,3,0,0,3,0,7,7,0,14,0,10,7,0,17,18,0,18,35
01/06/2023,MOD,CA,AWP,WE,Federal Contract Tower,0,3,32,0,35,0,17,44,0,61,0,20,76,0,96,64,0,64,160
01/07/2023,MOD,CA,AWP,WE,Federal Contract Tower,0,2,6,0,8,0,21,18,0,39,0,23,24,0,47,14,0,14,61
01/08/2023,MOD,CA,AWP,WE,Federal Contract Tower,0,3,21,0,24,0,13,9,0,22,0,16,30,0,46,4,0,4,50
01/09/2023,MOD,CA,AWP,WE,Federal Contract Tower,0,6,13,0,19,0,9,7,0,16,0,15,20,0,35,6,0,6,41
01/10/2023,MOD,CA,AWP,WE,Federal Contract Tower,0,1,8,0,9,0,12,4,0,16,0,13,12,0,25,0,0,0,25
01/11/2023,MOD,CA,AWP,WE,Federal Contract Tower,0,7,7,0,14,0,11,3,0,14,0,18,10,0,28,8,0,8,36
01/13/2023,MOD,CA,AWP,WE,Federal Contract Tower,0,6,10,0,16,0,21,12,0,33,0,27,22,0,49,12,0,12,61
01/14/2023,MOD,CA,AWP,WE,Federal Contract Tower,0,4,1,0,5,0,16,2,0,18,0,20,3,0,23,0,0,0,23
01/15/2023,MOD,CA,AWP,WE,Federal Contract Tower,0,3,5,0,8,0,3,4,0,7,0,6,9,0,15,16,0,16,31
01/16/2023,MOD,CA,AWP,WE,Federal Contract Tower,0,4,17,0,21,0,18,22,0,40,0,22,39,0,61,10,0,10,71
01/17/2023,MOD,CA,AWP,WE,Federal Contract Tower,0,6,18,0,24,0,12,21,0,33,0,18,39,0,57,32,0,32,89
01/18/2023,MOD,CA,AWP,WE,Federal Contract Tower,0,9,6,0,15,0,15,18,0,33,0,24,24,0,48,8,0,8,56
01/19/2023,MOD,CA,AWP,WE,Federal Contract Tower,0,19,14,0,33,0,7,8,0,15,0,26,22,0,48,10,0,10,58
01/20/2023,MOD,CA,AWP,WE,Federal Contract Tower,0,6,20,0,26,0,15,57,0,72,0,21,77,0,98,12,0,12,110
01/21/2023,MOD,CA,AWP,WE,Federal Contract Tower,0,0,17,0,17,0,13,56,6,75,0,13,73,6,92,70,0,70,162
01/22/2023,MOD,CA,AWP,WE,Federal Contract Tower,0,7,18,0,25,0,18,23,0,41,0,25,41,0,66,24,0,24,90
01/23/2023,MOD,CA,AWP,WE,Federal Contract Tower,0,9,14,0,23,0,24,38,3,65,0,33,52,3,88,36,0,36,124
01/24/2023,MOD,CA,AWP,WE,Federal Contract Tower,0,4,13,0,17,0,28,34,0,62,0,32,47,0,79,48,0,48,127
01/25/2023,MOD,CA,AWP,WE,Federal Contract Tower,0,8,15,0,23,0,15,55,0,70,0,23,70,0,93,36,0,36,129
01/26/2023,MOD,CA,AWP,WE,Federal Contract Tower,0,14,19,0,33,0,30,58,0,88,0,44,77,0,121,70,0,70,191
01/27/2023,MOD,CA,AWP,WE,Federal Contract Tower,0,17,44,0,61,0,29,54,0,83,0,46,98,0,144,70,0,70,214
01/28/2023,MOD,CA,AWP,WE,Federal Contract Tower,0,4,20,0,24,0,22,53,0,75,0,26,73,0,99,38,0,38,137
01/29/2023,MOD,CA,AWP,WE,Federal Contract Tower,0,11,6,0,17,0,8,9,0,17,0,19,15,0,34,8,0,8,42
01/30/2023,MOD,CA,AWP,WE,Federal Contract Tower,0,7,22,4,33,0,32,47,0,79,0,39,69,4,112,14,0,14,126
01/31/2023,MOD,CA,AWP,WE,Federal Contract Tower,0,10,14,6,30,0,40,50,0,90,0,50,64,6,120,34,0,34,154
02/01/2023,MOD,CA,AWP,WE,Federal Contract Tower,0,7,34,0,41,0,28,67,0,95,0,35,101,0,136,58,0,58,194
02/02/2023,MOD,CA,AWP,WE,Federal Contract Tower,0,6,18,0,24,0,30,34,0,64,0,36,52,0,88,58,0,58,146
02/03/2023,MOD,CA,AWP,WE,Federal Contract Tower,0,5,20,0,25,0,28,30,0,58,0,33,50,0,83,4,0,4,87
02/04/2023,MOD,CA,AWP,WE,Federal Contract Tower,0,6,5,0,11,0,20,25,0,45,0,26,30,0,56,30,0,30,86
02/05/2023,MOD,CA,AWP,WE,Federal Contract Tower,0,4,6,0,10,0,19,8,0,27,0,23,14,0,37,20,0,20,57
02/06/2023,MOD,CA,AWP,WE,Federal Contract Tower,0,9,15,0,24,0,24,47,0,71,0,33,62,0,95,56,0,56,151
02/07/2023,MOD,CA,AWP,WE,Federal Contract Tower,0,8,22,0,30,0,26,52,0,78,0,34,74,0,108,44,0,44,152
02/08/2023,MOD,CA,AWP,WE,Federal Contract Tower,0,5,14,0,19,0,12,54,0,66,0,17,68,0,85,90,0,90,175
02/09/2023,MOD,CA,AWP,WE,Federal Contract Tower,0,5,28,0,33,0,26,54,0,80,0,31,82,0,113,104,0,104,217
02/10/2023,MOD,CA,AWP,WE,Federal Contract Tower,0,6,31,0,37,0,24,33,0,57,0,30,64,0,94,28,0,28,122
02/11/2023,MOD,CA,AWP,WE,Federal Contract Tower,0,5,12,0,17,0,15,72,2,89,0,20,84,2,106,32,0,32,138
02/12/2023,MOD,CA,AWP,WE,Federal Contract Tower,0,4,17,0,21,0,9,59,0,68,0,13,76,0,89,62,0,62,151
02/13/2023,MOD,CA,AWP,WE,Federal Contract Tower,0,13,13,0,26,0,27,43,0,70,0,40,56,0,96,40,0,40,136
02/14/2023,MOD,CA,AWP,WE,Federal Contract Tower,0,6,24,0,30,0,21,28,0,49,0,27,52,0,79,10,0,10,89
02/15/2023,MOD,CA,AWP,WE,Federal Contract Tower,0,7,30,0,37,0,5,43,0,48,0,12,73,0,85,30,0,30,115
02/16/2023,MOD,CA,AWP,WE,Federal Contract Tower,0,15,36,0,51,0,24,43,0,67,0,39,79,0,118,46,0,46,164
02/17/2023,MOD,CA,AWP,WE,Federal Contract Tower,0,8,35,0,43,0,38,64,0,102,0,46,99,0,145,14,0,14,159
02/18/2023,MOD,CA,AWP,WE,Federal Contract Tower,0,10,33,0,43,0,29,93,0,122,0,39,126,0,165,70,0,70,235
02/19/2023,MOD,CA,AWP,WE,Federal Contract Tower,0,4,24,0,28,0,13,55,0,68,0,17,79,0,96,22,0,22,118
02/20/2023,MOD,CA,AWP,WE,Federal Contract Tower,0,10,16,0,26,0,33,77,0,110,0,43,93,0,136,74,0,74,210
02/21/2023,MOD,CA,AWP,WE,Federal Contract Tower,0,14,5,2,21,0,13,23,0,36,0,27,28,2,57,12,0,12,69
02/22/2023,MOD,CA,AWP,WE,Federal Contract Tower,0,10,2,2,14,0,13,22,0,35,0,23,24,2,49,14,0,14,63
02/23/2023,MOD,CA,AWP,WE,Federal Contract Tower,0,16,0,0,16,0,14,7,0,21,0,30,7,0,37,2,0,2,39
02/24/2023,MOD,CA,AWP,WE,Federal Contract Tower,0,6,0,0,6,0,2,0,0,2,0,8,0,0,8,0,0,0,8
02/25/2023,MOD,CA,AWP,WE,Federal Contract Tower,0,6,3,0,9,0,25,5,0,30,0,31,8,0,39,0,0,0,39
02/26/2023,MOD,CA,AWP,WE,Federal Contract Tower,0,13,2,0,15,0,8,4,0,12,0,21,6,0,27,10,0,10,37
02/27/2023,MOD,CA,AWP,WE,Federal Contract Tower,0,1,5,0,6,0,10,3,0,13,0,11,8,0,19,32,0,32,51
02/28/2023,MOD,CA,AWP,WE,Federal Contract Tower,0,9,5,2,16,0,11,1,0,12,0,20,6,2,28,0,0,0,28
03/01/2023,MOD,CA,AWP,WE,Federal Contract Tower,0,2,6,4,12,0,34,28,0,62,0,36,34,4,74,2,0,2,76
03/02/2023,MOD,CA,AWP,WE,Federal Contract Tower,0,7,18,0,25,0,19,75,0,94,0,26,93,0,119,88,0,88,207
03/03/2023,MOD,CA,AWP,WE,Federal Contract Tower,0,10,37,0,47,0,35,60,0,95,0,45,97,0,142,66,0,66,208
03/04/2023,MOD,CA,AWP,WE,Federal Contract Tower,0,3,2,0,5,0,17,10,0,27,0,20,12,0,32,12,0,12,44
03/05/2023,MOD,CA,AWP,WE,Federal Contract Tower,0,9,8,0,17,0,13,15,0,28,0,22,23,0,45,18,0,18,63
03/06/2023,MOD,CA,AWP,WE,Federal Contract Tower,0,20,7,0,27,0,14,19,0,33,0,34,26,0,60,18,0,18,78
03/07/2023,MOD,CA,AWP,WE,Federal Contract Tower,0,5,22,0,27,0,27,49,0,76,0,32,71,0,103,68,0,68,171
03/08/2023,MOD,CA,AWP,WE,Federal Contract Tower,0,8,13,0,21,0,21,31,0,52,0,29,44,0,73,44,0,44,117
03/09/2023,MOD,CA,AWP,WE,Federal Contract Tower,0,19,3,2,24,0,7,10,0,17,0,26,13,2,41,4,0,4,45
03/10/2023,MOD,CA,AWP,WE,Federal Contract Tower,0,17,3,0,20,0,12,0,0,12,0,29,3,0,32,0,0,0,32
03/11/2023,MOD,CA,AWP,WE,Federal Contract Tower,0,13,22,0,35,0,30,11,0,41,0,43,33,0,76,12,0,12,88
03/12/2023,MOD,CA,AWP,WE,Federal Contract Tower,0,8,13,0,21,0,3,5,0,8,0,11,18,0,29,20,0,20,49
03/13/2023,MOD,CA,AWP,WE,Federal Contract Tower,0,14,12,0,26,0,23,17,0,40,0,37,29,0,66,34,0,34,100
03/14/2023,MOD,CA,AWP,WE,Federal Contract Tower,0,8,0,0,8,0,7,0,0,7,0,15,0,0,15,0,0,0,15
03/15/2023,MOD,CA,AWP,WE,Federal Contract Tower,0,5,16,0,21,0,13,27,0,40,0,18,43,0,61,24,0,24,85
03/16/2023,MOD,CA,AWP,WE,Federal Contract Tower,0,7,42,0,49,0,42,81,0,123,0,49,123,0,172,72,0,72,244
03/17/2023,MOD,CA,AWP,WE,Federal Contract Tower,0,12,23,0,35,0,27,66,0,93,0,39,89,0,128,42,0,42,170
03/18/2023,MOD,CA,AWP,WE,Federal Contract Tower,0,0,20,0,20,0,37,70,0,107,0,37,90,0,127,46,0,46,173
03/19/2023,MOD,CA,AWP,WE,Federal Contract Tower,0,2,3,0,5,0,10,3,0,13,0,12,6,0,18,12,0,12,30
03/20/2023,MOD,CA,AWP,WE,Federal Contract Tower,0,5,31,0,36,0,29,25,0,54,0,34,56,0,90,84,0,84,174
03/21/2023,MOD,CA,AWP,WE,Federal Contract Tower,0,6,1,0,7,0,8,0,0,8,0,14,1,0,15,0,0,0,15
03/22/2023,MOD,CA,AWP,WE,Federal Contract Tower,0,9,8,0,17,0,11,4,0,15,0,20,12,0,32,6,0,6,38
03/23/2023,MOD,CA,AWP,WE,Federal Contract Tower,0,18,28,0,46,0,24,39,0,63,0,42,67,0,109,28,0,28,137
03/24/2023,MOD,CA,AWP,WE,Federal Contract Tower,0,17,13,0,30,0,23,63,0,86,0,40,76,0,116,18,0,18,134
03/25/2023,MOD,CA,AWP,WE,Federal Contract Tower,0,4,27,0,31,0,12,83,0,95,0,16,110,0,126,38,0,38,164
03/26/2023,MOD,CA,AWP,WE,Federal Contract Tower,0,9,31,0,40,0,28,50,0,78,0,37,81,0,118,60,0,60,178
03/27/2023,MOD,CA,AWP,WE,Federal Contract Tower,0,5,26,0,31,0,35,53,0,88,0,40,79,0,119,20,0,20,139
03/28/2023,MOD,CA,AWP,WE,Federal Contract Tower,0,3,0,0,3,0,14,1,0,15,0,17,1,0,18,0,0,0,18
03/30/2023,MOD,CA,AWP,WE,Federal Contract Tower,0,23,25,0,48,0,23,48,0,71,0,46,73,0,119,114,0,114,233
03/31/2023,MOD,CA,AWP,WE,Federal Contract Tower,0,10,34,0,44,0,22,53,0,75,0,32,87,0,119,36,0,36,155
04/01/2023,MOD,CA,AWP,WE,Federal Contract Tower,0,7,7,0,14,0,16,61,0,77,0,23,68,0,91,42,0,42,133
04/02/2023,MOD,CA,AWP,WE,Federal Contract Tower,0,5,19,0,24,0,30,30,0,60,0,35,49,0,84,22,0,22,106
04/03/2023,MOD,CA,AWP,WE,Federal Contract Tower,0,9,3,0,12,0,30,11,0,41,0,39,14,0,53,8,0,8,61
04/04/2023,MOD,CA,AWP,WE,Federal Contract Tower,0,8,11,0,19,0,25,63,0,88,0,33,74,0,107,34,0,34,141
04/05/2023,MOD,CA,AWP,WE,Federal Contract Tower,0,4,21,0,25,0,22,61,0,83,0,26,82,0,108,32,0,32,140
04/06/2023,MOD,CA,AWP,WE,Federal Contract Tower,0,18,37,0,55,0,46,58,0,104,0,64,95,0,159,22,0,22,181
04/07/2023,MOD,CA,AWP,WE,Federal Contract Tower,0,10,28,0,38,0,36,30,0,66,0,46,58,0,104,30,0,30,134
04/08/2023,MOD,CA,AWP,WE,Federal Contract Tower,0,15,22,0,37,0,21,121,0,142,0,36,143,0,179,72,0,72,251
04/09/2023,MOD,CA,AWP,WE,Federal Contract Tower,0,5,12,0,17,0,27,41,0,68,0,32,53,0,85,42,0,42,127
04/10/2023,MOD,CA,AWP,WE,Federal Contract Tower,0,10,21,0,31,0,19,57,0,76,0,29,78,0,107,72,0,72,179
04/11/2023,MOD,CA,AWP,WE,Federal Contract Tower,0,7,8,0,15,0,37,28,0,65,0,44,36,0,80,16,0,16,96
04/12/2023,MOD,CA,AWP,WE,Federal Contract Tower,0,4,9,0,13,0,9,63,0,72,0,13,72,0,85,16,0,16,101
04/13/2023,MOD,CA,AWP,WE,Federal Contract Tower,0,14,23,0,37,0,38,43,2,83,0,52,66,2,120,44,0,44,164
04/14/2023,MOD,CA,AWP,WE,Federal Contract Tower,0,9,27,0,36,0,29,74,0,103,0,38,101,0,139,82,0,82,221
04/15/2023,MOD,CA,AWP,WE,Federal Contract Tower,0,5,18,0,23,0,30,98,0,128,0,35,116,0,151,72,0,72,223
04/16/2023,MOD,CA,AWP,WE,Federal Contract Tower,0,9,16,0,25,0,11,51,0,62,0,20,67,0,87,40,0,40,127
04/17/2023,MOD,CA,AWP,WE,Federal Contract Tower,0,10,19,2,31,0,20,32,0,52,0,30,51,2,83,56,0,56,139
04/18/2023,MOD,CA,AWP,WE,Federal Contract Tower,0,6,25,0,31,0,15,53,0,68,0,21,78,0,99,20,0,20,119
04/19/2023,MOD,CA,AWP,WE,Federal Contract Tower,0,5,24,0,29,0,29,40,0,69,0,34,64,0,98,42,0,42,140
04/20/2023,MOD,CA,AWP,WE,Federal Contract Tower,0,10,20,0,30,0,25,35,4,64,0,35,55,4,94,16,0,16,110
04/21/2023,MOD,CA,AWP,WE,Federal Contract Tower,0,2,16,0,18,0,23,44,0,67,0,25,60,0,85,40,0,40,125
04/22/2023,MOD,CA,AWP,WE,Federal Contract Tower,0,6,12,0,18,0,9,62,0,71,0,15,74,0,89,14,0,14,103
04/23/2023,MOD,CA,AWP,WE,Federal Contract Tower,0,10,20,0,30,0,20,61,0,81,0,30,81,0,111,32,0,32,143
04/24/2023,MOD,CA,AWP,WE,Federal Contract Tower,0,9,27,0,36,0,35,34,0,69,0,44,61,0,105,30,0,30,135
04/25/2023,MOD,CA,AWP,WE,Federal Contract Tower,0,8,8,0,16,0,10,29,0,39,0,18,37,0,55,16,0,16,71
04/26/2023,MOD,CA,AWP,WE,Federal Contract Tower,0,14,30,0,44,0,28,53,0,81,0,42,83,0,125,80,0,80,205
04/27/2023,MOD,CA,AWP,WE,Federal Contract Tower,0,19,31,0,50,0,30,69,0,99,0,49,100,0,149,40,0,40,189
04/28/2023,MOD,CA,AWP,WE,Federal Contract Tower,0,7,38,0,45,0,21,84,0,105,0,28,122,0,150,54,0,54,204
04/29/2023,MOD,CA,AWP,WE,Federal Contract Tower,0,7,36,0,43,0,16,53,0,69,0,23,89,0,112,38,0,38,150
04/30/2023,MOD,CA,AWP,WE,Federal Contract Tower,0,11,21,0,32,0,32,47,0,79,0,43,68,0,111,32,0,32,143
05/01/2023,MOD,CA,AWP,WE,Federal Contract Tower,0,22,25,0,47,0,24,20,0,44,0,46,45,0,91,26,0,26,117
05/02/2023,MOD,CA,AWP,WE,Federal Contract Tower,0,18,8,0,26,0,17,19,0,36,0,35,27,0,62,0,0,0,62
05/03/2023,MOD,CA,AWP,WE,Federal Contract Tower,0,16,18,0,34,0,15,32,0,47,0,31,50,0,81,16,0,16,97
05/04/2023,MOD,CA,AWP,WE,Federal Contract Tower,0,9,21,0,30,0,8,21,0,29,0,17,42,0,59,12,0,12,71
05/05/2023,MOD,CA,AWP,WE,Federal Contract Tower,0,16,14,0,30,0,10,32,0,42,0,26,46,0,72,42,0,42,114
05/06/2023,MOD,CA,AWP,WE,Federal Contract Tower,0,4,15,0,19,0,7,18,0,25,0,11,33,0,44,14,0,14,58
05/07/2023,MOD,CA,AWP,WE,Federal Contract Tower,0,10,27,0,37,0,25,45,0,70,0,35,72,0,107,46,0,46,153
05/08/2023,MOD,CA,AWP,WE,Federal Contract Tower,0,12,18,0,30,0,25,29,0,54,0,37,47,0,84,44,0,44,128
05/09/2023,MOD,CA,AWP,WE,Federal Contract Tower,0,1,12,2,15,0,18,46,0,64,0,19,58,2,79,40,0,40,119
05/10/2023,MOD,CA,AWP,WE,Federal Contract Tower,0,12,16,0,28,0,14,35,0,49,0,26,51,0,77,60,0,60,137
05/11/2023,MOD,CA,AWP,WE,Federal Contract Tower,0,22,39,2,63,0,24,51,0,75,0,46,90,2,138,12,0,12,150
05/12/2023,MOD,CA,AWP,WE,Federal Contract Tower,0,10,27,0,37,0,33,72,0,105,0,43,99,0,142,46,0,46,188
05/13/2023,MOD,CA,AWP,WE,Federal Contract Tower,0,4,28,0,32,0,21,122,0,143,0,25,150,0,175,32,0,32,207
05/14/2023,MOD,CA,AWP,WE,Federal Contract Tower,0,5,18,0,23,0,24,42,0,66,0,29,60,0,89,42,0,42,131
05/15/2023,MOD,CA,AWP,WE,Federal Contract Tower,0,10,18,2,30,0,12,35,0,47,0,22,53,2,77,26,0,26,103
05/16/2023,MOD,CA,AWP,WE,Federal Contract Tower,0,9,16,0,25,0,16,60,0,76,0,25,76,0,101,38,0,38,139
05/17/2023,MOD,CA,AWP,WE,Federal Contract Tower,0,5,27,0,32,0,18,61,0,79,0,23,88,0,111,66,0,66,177
05/18/2023,MOD,CA,AWP,WE,Federal Contract Tower,0,5,19,0,24,0,28,53,0,81,0,33,72,0,105,60,0,60,165
05/19/2023,MOD,CA,AWP,WE,Federal Contract Tower,0,10,26,0,36,0,26,52,0,78,0,36,78,0,114,34,0,34,148
05/20/2023,MOD,CA,AWP,WE,Federal Contract Tower,0,5,33,0,38,0,24,59,0,83,0,29,92,0,121,38,0,38,159
05/21/2023,MOD,CA,AWP,WE,Federal Contract Tower,0,6,19,0,25,0,23,64,0,87,0,29,83,0,112,68,0,68,180
05/22/2023,MOD,CA,AWP,WE,Federal Contract Tower,0,8,20,0,28,0,23,62,0,85,0,31,82,0,113,12,0,12,125
05/23/2023,MOD,CA,AWP,WE,Federal Contract Tower,0,3,20,0,23,0,32,51,0,83,0,35,71,0,106,74,0,74,180
05/24/2023,MOD,CA,AWP,WE,Federal Contract Tower,0,10,33,0,43,0,20,69,0,89,0,30,102,0,132,64,0,64,196
05/25/2023,MOD,CA,AWP,WE,Federal Contract Tower,0,8,27,0,35,0,27,40,0,67,0,35,67,0,102,16,0,16,118
05/26/2023,MOD,CA,AWP,WE,Federal Contract Tower,0,7,18,0,25,0,23,50,0,73,0,30,68,0,98,76,0,76,174
05/27/2023,MOD,CA,AWP,WE,Federal Contract Tower,0,2,16,0,18,0,21,90,0,111,0,23,106,0,129,56,0,56,185
05/28/2023,MOD,CA,AWP,WE,Federal Contract Tower,0,8,19,0,27,0,39,36,0,75,0,47,55,0,102,24,0,24,126
05/29/2023,MOD,CA,AWP,WE,Federal Contract Tower,0,11,14,0,25,0,32,49,0,81,0,43,63,0,106,58,0,58,164
05/30/2023,MOD,CA,AWP,WE,Federal Contract Tower,0,7,22,0,29,0,27,38,0,65,0,34,60,0,94,36,0,36,130
05/31/2023,MOD,CA,AWP,WE,Federal Contract Tower,0,15,19,0,34,0,27,37,0,64,0,42,56,0,98,46,0,46,144
06/01/2023,MOD,CA,AWP,WE,Federal Contract Tower,0,10,19,0,29,0,21,21,0,42,0,31,40,0,71,50,0,50,121
06/02/2023,MOD,CA,AWP,WE,Federal Contract Tower,0,6,20,0,26,0,41,56,0,97,0,47,76,0,123,32,0,32,155
06/03/2023,MOD,CA,AWP,WE,Federal Contract Tower,0,3,6,0,9,0,10,39,0,49,0,13,45,0,58,32,0,32,90
06/04/2023,MOD,CA,AWP,WE,Federal Contract Tower,0,5,12,0,17,0,13,56,0,69,0,18,68,0,86,20,0,20,106
06/05/2023,MOD,CA,AWP,WE,Federal Contract Tower,0,8,22,0,30,0,16,52,2,70,0,24,74,2,100,6,0,6,106
06/06/2023,MOD,CA,AWP,WE,Federal Contract Tower,0,6,19,8,33,0,20,27,0,47,0,26,46,8,80,38,0,38,118
06/07/2023,MOD,CA,AWP,WE,Federal Contract Tower,0,11,18,2,31,0,20,37,0,57,0,31,55,2,88,24,0,24,112
06/08/2023,MOD,CA,AWP,WE,Federal Contract Tower,0,11,27,0,38,0,36,41,0,77,0,47,68,0,115,28,0,28,143
06/09/2023,MOD,CA,AWP,WE,Federal Contract Tower,0,4,18,0,22,0,25,56,0,81,0,29,74,0,103,60,0,60,163
06/10/2023,MOD,CA,AWP,WE,Federal Contract Tower,0,2,25,0,27,0,15,95,0,110,0,17,120,0,137,28,0,28,165
06/11/2023,MOD,CA,AWP,WE,Federal Contract Tower,0,11,22,1,34,0,37,46,7,90,0,48,68,8,124,20,0,20,144
06/12/2023,MOD,CA,AWP,WE,Federal Contract Tower,0,10,10,0,20,0,35,52,0,87,0,45,62,0,107,34,0,34,141
06/13/2023,MOD,CA,AWP,WE,Federal Contract Tower,0,14,37,0,51,0,25,70,0,95,0,39,107,0,146,38,0,38,184
06/14/2023,MOD,CA,AWP,WE,Federal Contract Tower,0,7,13,0,20,0,17,55,0,72,0,24,68,0,92,10,0,10,102
06/15/2023,MOD,CA,AWP,WE,Federal Contract Tower,0,9,18,0,27,0,25,60,0,85,0,34,78,0,112,18,0,18,130
06/16/2023,MOD,CA,AWP,WE,Federal Contract Tower,0,6,21,0,27,0,31,59,0,90,0,37,80,0,117,30,0,30,147
06/17/2023,MOD,CA,AWP,WE,Federal Contract Tower,0,5,26,0,31,0,22,66,0,88,0,27,92,0,119,16,0,16,135
06/18/2023,MOD,CA,AWP,WE,Federal Contract Tower,0,1,9,0,10,0,13,34,0,47,0,14,43,0,57,2,0,2,59
06/19/2023,MOD,CA,AWP,WE,Federal Contract Tower,0,9,6,0,15,0,22,37,0,59,0,31,43,0,74,4,0,4,78
06/20/2023,MOD,CA,AWP,WE,Federal Contract Tower,0,3,34,2,39,0,22,63,0,85,0,25,97,2,124,12,0,12,136
06/21/2023,MOD,CA,AWP,WE,Federal Contract Tower,0,12,28,0,40,0,32,78,0,110,0,44,106,0,150,40,0,40,190
06/22/2023,MOD,CA,AWP,WE,Federal Contract Tower,0,6,24,0,30,0,19,43,0,62,0,25,67,0,92,0,0,0,92
06/23/2023,MOD,CA,AWP,WE,Federal Contract Tower,0,8,24,0,32,0,28,43,0,71,0,36,67,0,103,64,0,64,167
06/24/2023,MOD,CA,AWP,WE,Federal Contract Tower,0,6,24,0,30,0,18,89,0,107,0,24,113,0,137,24,0,24,161
06/25/2023,MOD,CA,AWP,WE,Federal Contract Tower,0,4,14,0,18,0,17,39,0,56,0,21,53,0,74,12,0,12,86
06/26/2023,MOD,CA,AWP,WE,Federal Contract Tower,0,6,16,0,22,0,21,42,0,63,0,27,58,0,85,35,0,35,120
06/27/2023,MOD,CA,AWP,WE,Federal Contract Tower,0,3,23,2,28,0,22,53,0,75,0,25,76,2,103,10,0,10,113
06/28/2023,MOD,CA,AWP,WE,Federal Contract Tower,0,7,12,2,21,0,26,41,0,67,0,33,53,2,88,36,0,36,124
06/29/2023,MOD,CA,AWP,WE,Federal Contract Tower,0,13,27,0,40,0,39,48,0,87,0,52,75,0,127,14,0,14,141
06/30/2023,MOD,CA,AWP,WE,Federal Contract Tower,0,9,15,0,24,0,47,52,0,99,0,56,67,0,123,40,0,40,163
07/01/2023,MOD,CA,AWP,WE,Federal Contract Tower,0,8,10,0,18,0,28,45,0,73,0,36,55,0,91,43,0,43,134
07/02/2023,MOD,CA,AWP,WE,Federal Contract Tower,0,7,10,0,17,0,22,25,0,47,0,29,35,0,64,4,0,4,68
07/03/2023,MOD,CA,AWP,WE,Federal Contract Tower,0,8,19,0,27,0,27,41,0,68,0,35,60,0,95,24,0,24,119
07/04/2023,MOD,CA,AWP,WE,Federal Contract Tower,0,2,24,0,26,0,24,36,0,60,0,26,60,0,86,10,0,10,96
07/05/2023,MOD,CA,AWP,WE,Federal Contract Tower,0,7,7,0,14,0,24,41,0,65,0,31,48,0,79,26,0,26,105
07/06/2023,MOD,CA,AWP,WE,Federal Contract Tower,0,9,8,0,17,0,23,34,0,57,0,32,42,0,74,56,0,56,130
07/07/2023,MOD,CA,AWP,WE,Federal Contract Tower,0,1,3,0,4,0,28,30,0,58,0,29,33,0,62,6,0,6,68
07/08/2023,MOD,CA,AWP,WE,Federal Contract Tower,0,2,15,0,17,0,18,101,0,119,0,20,116,0,136,10,0,10,146
07/09/2023,MOD,CA,AWP,WE,Federal Contract Tower,0,7,8,0,15,0,32,55,0,87,0,39,63,0,102,114,0,114,216
07/10/2023,MOD,CA,AWP,WE,Federal Contract Tower,0,12,12,0,24,0,13,47,0,60,0,25,59,0,84,10,0,10,94
07/11/2023,MOD,CA,AWP,WE,Federal Contract Tower,0,12,16,0,28,0,24,49,0,73,0,36,65,0,101,34,0,34,135
07/13/2023,MOD,CA,AWP,WE,Federal Contract Tower,0,6,20,0,26,0,35,32,0,67,0,41,52,0,93,34,0,34,127
07/14/2023,MOD,CA,AWP,WE,Federal Contract Tower,0,2,18,0,20,0,35,50,0,85,0,37,68,0,105,44,0,44,149
07/15/2023,MOD,CA,AWP,WE,Federal Contract Tower,0,4,14,0,18,0,17,54,0,71,0,21,68,0,89,12,0,12,101
07/16/2023,MOD,CA,AWP,WE,Federal Contract Tower,0,7,18,0,25,0,27,32,0,59,0,34,50,0,84,22,0,22,106
07/17/2023,MOD,CA,AWP,WE,Federal Contract Tower,0,1,11,0,12,0,31,39,0,70,0,32,50,0,82,20,0,20,102
07/18/2023,MOD,CA,AWP,WE,Federal Contract Tower,0,10,20,0,30,0,21,51,0,72,0,31,71,0,102,30,0,30,132
07/19/2023,MOD,CA,AWP,WE,Federal Contract Tower,0,6,23,0,29,0,24,46,0,70,0,30,69,0,99,36,0,36,135
07/20/2023,MOD,CA,AWP,WE,Federal Contract Tower,0,6,28,0,34,0,35,51,0,86,0,41,79,0,120,68,0,68,188
07/21/2023,MOD,CA,AWP,WE,Federal Contract Tower,0,7,21,0,28,0,33,52,0,85,0,40,73,0,113,22,0,22,135
07/22/2023,MOD,CA,AWP,WE,Federal Contract Tower,0,13,19,0,32,0,27,52,0,79,0,40,71,0,111,50,0,50,161
07/23/2023,MOD,CA,AWP,WE,Federal Contract Tower,0,4,7,0,11,0,31,42,0,73,0,35,49,0,84,32,0,32,116
07/24/2023,MOD,CA,AWP,WE,Federal Contract Tower,0,7,10,0,17,0,29,44,0,73,0,36,54,0,90,42,0,42,132
07/25/2023,MOD,CA,AWP,WE,Federal Contract Tower,0,11,19,4,34,0,28,43,0,71,0,39,62,4,105,28,0,28,133
07/26/2023,MOD,CA,AWP,WE,Federal Contract Tower,0,7,9,0,16,0,26,40,0,66,0,33,49,0,82,34,0,34,116
07/27/2023,MOD,CA,AWP,WE,Federal Contract Tower,0,7,19,0,26,0,18,44,0,62,0,25,63,0,88,62,0,62,150
07/28/2023,MOD,CA,AWP,WE,Federal Contract Tower,0,9,20,0,29,0,31,53,0,84,0,40,73,0,113,38,0,38,151
07/29/2023,MOD,CA,AWP,WE,Federal Contract Tower,0,2,16,0,18,0,30,49,0,79,0,32,65,0,97,22,0,22,119
07/30/2023,MOD,CA,AWP,WE,Federal Contract Tower,0,2,17,0,19,0,19,59,0,78,0,21,76,0,97,46,0,46,143
07/31/2023,MOD,CA,AWP,WE,Federal Contract Tower,0,10,17,0,27,0,31,48,0,79,0,41,65,0,106,22,0,22,128
08/01/2023,MOD,CA,AWP,WE,Federal Contract Tower,0,10,16,0,26,0,23,43,0,66,0,33,59,0,92,16,0,16,108
08/02/2023,MOD,CA,AWP,WE,Federal Contract Tower,0,11,10,0,21,0,32,38,0,70,0,43,48,0,91,64,0,64,155
08/03/2023,MOD,CA,AWP,WE,Federal Contract Tower,0,6,26,0,32,0,25,48,0,73,0,31,74,0,105,36,0,36,141
08/04/2023,MOD,CA,AWP,WE,Federal Contract Tower,0,4,28,0,32,0,25,41,0,66,0,29,69,0,98,18,2,20,118
08/05/2023,MOD,CA,AWP,WE,Federal Contract Tower,0,2,27,0,29,0,28,47,0,75,0,30,74,0,104,16,0,16,120
08/06/2023,MOD,CA,AWP,WE,Federal Contract Tower,0,10,23,0,33,0,22,46,0,68,0,32,69,0,101,26,0,26,127
08/07/2023,MOD,CA,AWP,WE,Federal Contract Tower,0,4,18,0,22,0,24,39,0,63,0,28,57,0,85,16,0,16,101
08/08/2023,MOD,CA,AWP,WE,Federal Contract Tower,0,5,16,0,21,0,30,46,0,76,0,35,62,0,97,36,0,36,133
08/09/2023,MOD,CA,AWP,WE,Federal Contract Tower,0,5,20,0,25,0,11,55,0,66,0,16,75,0,91,84,0,84,175
08/10/2023,MOD,CA,AWP,WE,Federal Contract Tower,0,14,11,0,25,0,30,54,0,84,0,44,65,0,109,82,0,82,191
08/11/2023,MOD,CA,AWP,WE,Federal Contract Tower,0,6,40,0,46,0,29,49,0,78,0,35,89,0,124,38,0,38,162
08/12/2023,MOD,CA,AWP,WE,Federal Contract Tower,0,3,13,0,16,0,21,132,0,153,0,24,145,0,169,66,0,66,235
08/13/2023,MOD,CA,AWP,WE,Federal Contract Tower,0,6,10,0,16,0,18,45,0,63,0,24,55,0,79,30,0,30,109
08/14/2023,MOD,CA,AWP,WE,Federal Contract Tower,0,6,18,0,24,0,20,52,0,72,0,26,70,0,96,32,0,32,128
08/15/2023,MOD,CA,AWP,WE,Federal Contract Tower,0,3,5,2,10,0,20,45,0,65,0,23,50,2,75,16,0,16,91
08/16/2023,MOD,CA,AWP,WE,Federal Contract Tower,0,6,8,2,16,0,21,57,0,78,0,27,65,2,94,26,0,26,120
08/19/2023,MOD,CA,AWP,WE,Federal Contract Tower,0,8,8,0,16,0,35,64,0,99,0,43,72,0,115,70,0,70,185
08/20/2023,MOD,CA,AWP,WE,Federal Contract Tower,0,6,10,0,16,0,20,61,0,81,0,26,71,0,97,80,0,80,177
08/21/2023,MOD,CA,AWP,WE,Federal Contract Tower,0,11,4,0,15,0,15,9,0,24,0,26,13,0,39,2,0,2,41
08/22/2023,MOD,CA,AWP,WE,Federal Contract Tower,0,10,12,0,22,0,22,77,0,99,0,32,89,0,121,86,0,86,207
08/23/2023,MOD,CA,AWP,WE,Federal Contract Tower,0,3,25,0,28,0,22,83,0,105,0,25,108,0,133,38,0,38,171
08/24/2023,MOD,CA,AWP,WE,Federal Contract Tower,0,14,13,0,27,0,20,35,0,55,0,34,48,0,82,56,0,56,138
08/25/2023,MOD,CA,AWP,WE,Federal Contract Tower,0,19,7,0,26,0,41,52,0,93,0,60,59,0,119,12,0,12,131
08/26/2023,MOD,CA,AWP,WE,Federal Contract Tower,0,6,18,0,24,0,25,45,0,70,0,31,63,0,94,40,0,40,134
08/27/2023,MOD,CA,AWP,WE,Federal Contract Tower,0,6,16,0,22,0,23,50,0,73,0,29,66,0,95,40,0,40,135
08/28/2023,MOD,CA,AWP,WE,Federal Contract Tower,0,16,17,0,33,0,37,50,0,87,0,53,67,0,120,42,0,42,162
08/29/2023,MOD,CA,AWP,WE,Federal Contract Tower,0,11,13,0,24,0,18,52,0,70,0,29,65,0,94,24,0,24,118
08/30/2023,MOD,CA,AWP,WE,Federal Contract Tower,0,15,9,0,24,0,18,35,0,53,0,33,44,0,77,2,0,2,79
08/31/2023,MOD,CA,AWP,WE,Federal Contract Tower,0,8,25,0,33,0,21,45,0,66,0,29,70,0,99,4,0,4,103
