01/01/2020,MOT,ND,AGL,CE,Federal Contract Tower,6,7,3,0,16,0,4,0,0,4,6,11,3,0,20,10,0,10,30
01/02/2020,MOT,ND,AGL,CE,Federal Contract Tower,6,9,16,0,31,0,2,1,0,3,6,11,17,0,34,24,0,24,58
01/03/2020,MOT,ND,AGL,CE,Federal Contract Tower,2,18,1,0,21,0,4,5,0,9,2,22,6,0,30,50,0,50,80
01/04/2020,MOT,ND,AGL,CE,Federal Contract Tower,6,13,7,0,26,0,3,8,0,11,6,16,15,0,37,46,2,48,85
01/05/2020,MOT,ND,AGL,CE,Federal Contract Tower,1,7,5,0,13,0,0,5,0,5,1,7,10,0,18,0,0,0,18
01/06/2020,MOT,ND,AGL,CE,Federal Contract Tower,4,14,5,0,23,0,6,12,0,18,4,20,17,0,41,2,4,6,47
01/07/2020,MOT,ND,AGL,CE,Federal Contract Tower,0,22,7,0,29,0,3,8,0,11,0,25,15,0,40,30,2,32,72
01/08/2020,MOT,ND,AGL,CE,Federal Contract Tower,0,22,15,2,39,0,0,1,0,1,0,22,16,2,40,0,0,0,40
01/09/2020,MOT,ND,AGL,CE,Federal Contract Tower,4,22,6,0,32,0,3,6,0,9,4,25,12,0,41,11,8,19,60
01/10/2020,MOT,ND,AGL,CE,Federal Contract Tower,0,21,10,0,31,0,8,7,0,15,0,29,17,0,46,2,0,2,48
01/11/2020,MOT,ND,AGL,CE,Federal Contract Tower,4,16,1,0,21,0,0,11,0,11,4,16,12,0,32,21,0,21,53
01/12/2020,MOT,ND,AGL,CE,Federal Contract Tower,0,10,1,0,11,0,0,4,0,4,0,10,5,0,15,63,0,63,78
01/13/2020,MOT,ND,AGL,CE,Federal Contract Tower,4,19,9,0,32,0,0,0,0,0,4,19,9,0,32,0,4,4,36
01/14/2020,MOT,ND,AGL,CE,Federal Contract Tower,1,19,18,0,38,0,12,6,0,18,1,31,24,0,56,0,0,0,56
01/15/2020,MOT,ND,AGL,CE,Federal Contract Tower,1,18,6,0,25,0,0,4,0,4,1,18,10,0,29,6,12,18,47
01/16/2020,MOT,ND,AGL,CE,Federal Contract Tower,4,22,9,0,35,0,0,6,0,6,4,22,15,0,41,0,2,2,43
01/17/2020,MOT,ND,AGL,CE,Federal Contract Tower,2,15,4,0,21,0,0,1,0,1,2,15,5,0,22,4,10,14,36
01/18/2020,MOT,ND,AGL,CE,Federal Contract Tower,4,12,0,0,16,0,0,2,0,2,4,12,2,0,18,2,0,2,20
01/19/2020,MOT,ND,AGL,CE,Federal Contract Tower,0,12,1,0,13,0,1,6,0,7,0,13,7,0,20,0,0,0,20
01/20/2020,MOT,ND,AGL,CE,Federal Contract Tower,6,16,4,0,26,0,0,9,0,9,6,16,13,0,35,23,0,23,58
01/21/2020,MOT,ND,AGL,CE,Federal Contract Tower,0,19,20,0,39,0,9,11,0,20,0,28,31,0,59,70,0,70,129
01/22/2020,MOT,ND,AGL,CE,Federal Contract Tower,0,22,11,0,33,0,1,16,0,17,0,23,27,0,50,73,2,75,125
01/23/2020,MOT,ND,AGL,CE,Federal Contract Tower,6,16,9,0,31,0,0,0,0,0,6,16,9,0,31,0,2,2,33
01/24/2020,MOT,ND,AGL,CE,Federal Contract Tower,0,24,7,0,31,0,0,1,0,1,0,24,8,0,32,0,0,0,32
01/25/2020,MOT,ND,AGL,CE,Federal Contract Tower,4,15,5,0,24,0,0,20,0,20,4,15,25,0,44,67,0,67,111
01/26/2020,MOT,ND,AGL,CE,Federal Contract Tower,3,13,3,0,19,0,0,0,0,0,3,13,3,0,19,0,0,0,19
01/27/2020,MOT,ND,AGL,CE,Federal Contract Tower,4,15,5,0,24,0,0,0,0,0,4,15,5,0,24,0,0,0,24
01/28/2020,MOT,ND,AGL,CE,Federal Contract Tower,0,22,11,0,33,0,0,0,0,0,0,22,11,0,33,0,0,0,33
01/29/2020,MOT,ND,AGL,CE,Federal Contract Tower,0,15,2,0,17,0,0,0,0,0,0,15,2,0,17,10,0,10,27
01/30/2020,MOT,ND,AGL,CE,Federal Contract Tower,6,26,8,0,40,0,0,0,0,0,6,26,8,0,40,0,0,0,40
01/31/2020,MOT,ND,AGL,CE,Federal Contract Tower,0,22,7,0,29,0,4,0,2,6,0,26,7,2,35,38,4,42,77
02/01/2020,MOT,ND,AGL,CE,Federal Contract Tower,4,17,1,0,22,0,0,9,0,9,4,17,10,0,31,0,0,0,31
02/02/2020,MOT,ND,AGL,CE,Federal Contract Tower,0,10,5,0,15,0,4,8,0,12,0,14,13,0,27,19,0,19,46
02/03/2020,MOT,ND,AGL,CE,Federal Contract Tower,3,15,8,0,26,0,0,6,0,6,3,15,14,0,32,26,72,98,130
02/04/2020,MOT,ND,AGL,CE,Federal Contract Tower,0,21,8,0,29,0,5,13,0,18,0,26,21,0,47,85,2,87,134
02/05/2020,MOT,ND,AGL,CE,Federal Contract Tower,0,18,11,0,29,0,1,10,0,11,0,19,21,0,40,82,12,94,134
02/06/2020,MOT,ND,AGL,CE,Federal Contract Tower,5,24,13,0,42,0,0,5,0,5,5,24,18,0,47,71,31,102,149
02/07/2020,MOT,ND,AGL,CE,Federal Contract Tower,0,16,3,0,19,0,0,5,0,5,0,16,8,0,24,34,4,38,62
02/08/2020,MOT,ND,AGL,CE,Federal Contract Tower,4,19,3,0,26,0,0,13,0,13,4,19,16,0,39,58,0,58,97
02/09/2020,MOT,ND,AGL,CE,Federal Contract Tower,0,12,3,0,15,0,0,9,0,9,0,12,12,0,24,55,0,55,79
02/10/2020,MOT,ND,AGL,CE,Federal Contract Tower,4,14,4,0,22,0,0,9,0,9,4,14,13,0,31,2,2,4,35
02/11/2020,MOT,ND,AGL,CE,Federal Contract Tower,0,21,9,0,30,0,0,16,0,16,0,21,25,0,46,18,4,22,68
02/12/2020,MOT,ND,AGL,CE,Federal Contract Tower,4,19,8,0,31,0,5,5,0,10,4,24,13,0,41,4,6,10,51
02/13/2020,MOT,ND,AGL,CE,Federal Contract Tower,4,20,11,0,35,0,2,7,0,9,4,22,18,0,44,13,12,25,69
02/14/2020,MOT,ND,AGL,CE,Federal Contract Tower,0,15,6,2,23,0,1,4,0,5,0,16,10,2,28,53,0,53,81
02/15/2020,MOT,ND,AGL,CE,Federal Contract Tower,4,16,0,0,20,0,2,19,0,21,4,18,19,0,41,50,0,50,91
02/16/2020,MOT,ND,AGL,CE,Federal Contract Tower,2,7,3,0,12,0,0,14,0,14,2,7,17,0,26,32,0,32,58
02/17/2020,MOT,ND,AGL,CE,Federal Contract Tower,2,16,7,0,25,0,1,1,0,2,2,17,8,0,27,109,0,109,136
02/18/2020,MOT,ND,AGL,CE,Federal Contract Tower,2,18,5,1,26,0,2,8,1,11,2,20,13,2,37,1,69,70,107
02/19/2020,MOT,ND,AGL,CE,Federal Contract Tower,6,15,12,0,33,0,0,5,1,6,6,15,17,1,39,12,4,16,55
02/20/2020,MOT,ND,AGL,CE,Federal Contract Tower,4,12,11,0,27,0,4,9,0,13,4,16,20,0,40,78,0,78,118
02/21/2020,MOT,ND,AGL,CE,Federal Contract Tower,0,15,0,0,15,0,0,15,0,15,0,15,15,0,30,50,0,50,80
02/22/2020,MOT,ND,AGL,CE,Federal Contract Tower,4,15,7,0,26,0,12,36,0,48,4,27,43,0,74,111,0,111,185
02/23/2020,MOT,ND,AGL,CE,Federal Contract Tower,2,8,9,0,19,0,0,22,0,22,2,8,31,0,41,57,0,57,98
02/24/2020,MOT,ND,AGL,CE,Federal Contract Tower,2,15,4,0,21,0,1,8,0,9,2,16,12,0,30,54,10,64,94
02/25/2020,MOT,ND,AGL,CE,Federal Contract Tower,2,20,11,0,33,0,0,3,0,3,2,20,14,0,36,52,16,68,104
02/26/2020,MOT,ND,AGL,CE,Federal Contract Tower,4,17,10,0,31,0,4,12,0,16,4,21,22,0,47,66,8,74,121
02/27/2020,MOT,ND,AGL,CE,Federal Contract Tower,4,20,4,0,28,0,0,6,1,7,4,20,10,1,35,23,2,25,60
02/28/2020,MOT,ND,AGL,CE,Federal Contract Tower,3,15,9,0,27,0,0,15,0,15,3,15,24,0,42,138,2,140,182
02/29/2020,MOT,ND,AGL,CE,Federal Contract Tower,4,14,4,0,22,0,4,27,0,31,4,18,31,0,53,96,0,96,149
03/01/2020,MOT,ND,AGL,CE,Federal Contract Tower,2,10,12,0,24,0,0,7,0,7,2,10,19,0,31,0,0,0,31
03/02/2020,MOT,ND,AGL,CE,Federal Contract Tower,4,14,3,0,21,0,0,3,0,3,4,14,6,0,24,0,4,4,28
03/03/2020,MOT,ND,AGL,CE,Federal Contract Tower,3,17,12,0,32,0,2,9,0,11,3,19,21,0,43,58,12,70,113
03/04/2020,MOT,ND,AGL,CE,Federal Contract Tower,4,16,6,2,28,0,0,6,3,9,4,16,12,5,37,46,6,52,89
03/05/2020,MOT,ND,AGL,CE,Federal Contract Tower,3,21,11,0,35,0,6,3,0,9,3,27,14,0,44,0,0,0,44
03/06/2020,MOT,ND,AGL,CE,Federal Contract Tower,2,17,5,0,24,0,19,10,0,29,2,36,15,0,53,4,4,8,61
03/07/2020,MOT,ND,AGL,CE,Federal Contract Tower,4,17,5,0,26,0,7,24,0,31,4,24,29,0,57,76,0,76,133
03/08/2020,MOT,ND,AGL,CE,Federal Contract Tower,4,9,2,0,15,0,0,0,0,0,4,9,2,0,15,0,0,0,15
03/09/2020,MOT,ND,AGL,CE,Federal Contract Tower,4,12,5,0,21,0,0,9,0,9,4,12,14,0,30,33,14,47,77
03/10/2020,MOT,ND,AGL,CE,Federal Contract Tower,2,17,6,0,25,0,0,20,0,20,2,17,26,0,45,115,0,115,160
03/11/2020,MOT,ND,AGL,CE,Federal Contract Tower,3,17,15,0,35,0,3,6,0,9,3,20,21,0,44,15,2,17,61
03/12/2020,MOT,ND,AGL,CE,Federal Contract Tower,4,21,12,0,37,0,0,2,0,2,4,21,14,0,39,0,0,0,39
03/13/2020,MOT,ND,AGL,CE,Federal Contract Tower,2,17,11,0,30,0,4,15,0,19,2,21,26,0,49,54,0,54,103
03/14/2020,MOT,ND,AGL,CE,Federal Contract Tower,3,19,7,0,29,0,0,15,0,15,3,19,22,0,44,57,0,57,101
03/15/2020,MOT,ND,AGL,CE,Federal Contract Tower,2,12,3,0,17,0,0,0,0,0,2,12,3,0,17,0,0,0,17
03/16/2020,MOT,ND,AGL,CE,Federal Contract Tower,3,15,6,0,24,0,0,1,0,1,3,15,7,0,25,2,0,2,27
03/17/2020,MOT,ND,AGL,CE,Federal Contract Tower,2,20,7,0,29,0,1,21,0,22,2,21,28,0,51,40,4,44,95
03/18/2020,MOT,ND,AGL,CE,Federal Contract Tower,4,26,6,0,36,0,0,0,0,0,4,26,6,0,36,18,0,18,54
03/19/2020,MOT,ND,AGL,CE,Federal Contract Tower,3,24,3,0,30,0,0,1,0,1,3,24,4,0,31,14,0,14,45
03/20/2020,MOT,ND,AGL,CE,Federal Contract Tower,3,17,3,0,23,0,1,6,0,7,3,18,9,0,30,24,12,36,66
03/21/2020,MOT,ND,AGL,CE,Federal Contract Tower,4,16,0,0,20,0,8,6,0,14,4,24,6,0,34,45,0,45,79
03/22/2020,MOT,ND,AGL,CE,Federal Contract Tower,2,10,4,0,16,0,0,8,0,8,2,10,12,0,24,40,6,46,70
03/23/2020,MOT,ND,AGL,CE,Federal Contract Tower,2,16,3,0,21,0,6,15,0,21,2,22,18,0,42,14,4,18,60
03/24/2020,MOT,ND,AGL,CE,Federal Contract Tower,0,18,1,0,19,0,0,11,0,11,0,18,12,0,30,29,4,33,63
03/25/2020,MOT,ND,AGL,CE,Federal Contract Tower,0,15,6,0,21,0,0,3,0,3,0,15,9,0,24,56,12,68,92
03/26/2020,MOT,ND,AGL,CE,Federal Contract Tower,2,16,4,0,22,0,0,14,0,14,2,16,18,0,36,64,2,66,102
03/27/2020,MOT,ND,AGL,CE,Federal Contract Tower,2,9,6,0,17,0,1,13,0,14,2,10,19,0,31,24,24,48,79
03/28/2020,MOT,ND,AGL,CE,Federal Contract Tower,0,11,1,0,12,0,2,11,0,13,0,13,12,0,25,8,0,8,33
03/29/2020,MOT,ND,AGL,CE,Federal Contract Tower,2,6,3,0,11,0,0,17,0,17,2,6,20,0,28,36,0,36,64
03/30/2020,MOT,ND,AGL,CE,Federal Contract Tower,0,7,3,0,10,0,5,4,0,9,0,12,7,0,19,35,18,53,72
03/31/2020,MOT,ND,AGL,CE,Federal Contract Tower,0,16,4,0,20,0,6,7,0,13,0,22,11,0,33,7,21,28,61
04/01/2020,MOT,ND,AGL,CE,Federal Contract Tower,0,14,1,0,15,0,0,0,0,0,0,14,1,0,15,0,0,0,15
04/02/2020,MOT,ND,AGL,CE,Federal Contract Tower,2,9,0,0,11,0,0,1,0,1,2,9,1,0,12,0,4,4,16
04/03/2020,MOT,ND,AGL,CE,Federal Contract Tower,2,8,5,0,15,0,1,8,0,9,2,9,13,0,24,18,0,18,42
04/04/2020,MOT,ND,AGL,CE,Federal Contract Tower,2,7,4,0,13,0,0,4,0,4,2,7,8,0,17,28,0,28,45
04/05/2020,MOT,ND,AGL,CE,Federal Contract Tower,0,5,0,0,5,0,0,2,0,2,0,5,2,0,7,0,0,0,7
04/06/2020,MOT,ND,AGL,CE,Federal Contract Tower,2,6,1,0,9,0,6,6,4,16,2,12,7,4,25,29,0,29,54
04/07/2020,MOT,ND,AGL,CE,Federal Contract Tower,3,9,8,0,20,0,5,9,2,16,3,14,17,2,36,76,28,104,140
04/08/2020,MOT,ND,AGL,CE,Federal Contract Tower,2,10,6,0,18,0,0,2,0,2,2,10,8,0,20,12,8,20,40
04/09/2020,MOT,ND,AGL,CE,Federal Contract Tower,2,7,4,0,13,0,1,5,2,8,2,8,9,2,21,26,37,63,84
04/10/2020,MOT,ND,AGL,CE,Federal Contract Tower,5,9,8,0,22,0,3,19,0,22,5,12,27,0,44,148,2,150,194
04/11/2020,MOT,ND,AGL,CE,Federal Contract Tower,3,8,1,0,12,0,0,7,0,7,3,8,8,0,19,63,0,63,82
04/12/2020,MOT,ND,AGL,CE,Federal Contract Tower,0,1,0,0,1,0,0,3,0,3,0,1,3,0,4,40,0,40,44
04/13/2020,MOT,ND,AGL,CE,Federal Contract Tower,5,4,8,0,17,0,0,0,4,4,5,4,8,4,21,0,6,6,27
04/14/2020,MOT,ND,AGL,CE,Federal Contract Tower,2,8,2,0,12,0,3,10,0,13,2,11,12,0,25,45,4,49,74
04/15/2020,MOT,ND,AGL,CE,Federal Contract Tower,3,9,6,2,20,0,0,7,0,7,3,9,13,2,27,42,0,42,69
04/16/2020,MOT,ND,AGL,CE,Federal Contract Tower,3,8,6,0,17,0,9,23,0,32,3,17,29,0,49,71,0,71,120
04/17/2020,MOT,ND,AGL,CE,Federal Contract Tower,3,11,5,0,19,0,13,15,0,28,3,24,20,0,47,12,16,28,75
04/18/2020,MOT,ND,AGL,CE,Federal Contract Tower,0,11,2,0,13,0,0,10,0,10,0,11,12,0,23,14,0,14,37
04/19/2020,MOT,ND,AGL,CE,Federal Contract Tower,3,1,1,0,5,0,4,5,0,9,3,5,6,0,14,32,0,32,46
04/20/2020,MOT,ND,AGL,CE,Federal Contract Tower,3,6,5,0,14,0,3,3,0,6,3,9,8,0,20,7,6,13,33
04/21/2020,MOT,ND,AGL,CE,Federal Contract Tower,3,10,1,0,14,0,0,9,0,9,3,10,10,0,23,116,8,124,147
04/22/2020,MOT,ND,AGL,CE,Federal Contract Tower,3,9,2,0,14,0,5,5,0,10,3,14,7,0,24,54,6,60,84
04/23/2020,MOT,ND,AGL,CE,Federal Contract Tower,5,7,2,0,14,0,0,6,0,6,5,7,8,0,20,30,40,70,90
04/24/2020,MOT,ND,AGL,CE,Federal Contract Tower,3,8,4,0,15,0,0,15,0,15,3,8,19,0,30,89,6,95,125
04/25/2020,MOT,ND,AGL,CE,Federal Contract Tower,1,7,1,0,9,0,1,18,0,19,1,8,19,0,28,82,0,82,110
04/26/2020,MOT,ND,AGL,CE,Federal Contract Tower,0,1,3,0,4,0,2,9,0,11,0,3,12,0,15,0,0,0,15
04/27/2020,MOT,ND,AGL,CE,Federal Contract Tower,3,6,0,0,9,0,0,4,0,4,3,6,4,0,13,58,2,60,73
04/28/2020,MOT,ND,AGL,CE,Federal Contract Tower,3,8,7,0,18,0,0,8,1,9,3,8,15,1,27,28,30,58,85
04/29/2020,MOT,ND,AGL,CE,Federal Contract Tower,1,7,4,4,16,0,0,28,1,29,1,7,32,5,45,123,66,189,234
04/30/2020,MOT,ND,AGL,CE,Federal Contract Tower,3,7,8,0,18,0,7,26,0,33,3,14,34,0,51,85,0,85,136
05/01/2020,MOT,ND,AGL,CE,Federal Contract Tower,1,11,5,0,17,0,2,7,0,9,1,13,12,0,26,18,2,20,46
05/02/2020,MOT,ND,AGL,CE,Federal Contract Tower,1,7,2,0,10,0,4,18,0,22,1,11,20,0,32,78,0,78,110
05/03/2020,MOT,ND,AGL,CE,Federal Contract Tower,1,1,4,0,6,0,0,18,0,18,1,1,22,0,24,88,0,88,112
05/04/2020,MOT,ND,AGL,CE,Federal Contract Tower,1,8,5,0,14,0,0,2,0,2,1,8,7,0,16,4,0,4,20
05/05/2020,MOT,ND,AGL,CE,Federal Contract Tower,4,8,8,0,20,0,3,6,0,9,4,11,14,0,29,22,0,22,51
05/06/2020,MOT,ND,AGL,CE,Federal Contract Tower,1,9,3,2,15,0,8,29,0,37,1,17,32,2,52,109,4,113,165
05/07/2020,MOT,ND,AGL,CE,Federal Contract Tower,4,10,7,0,21,0,4,13,2,19,4,14,20,2,40,112,2,114,154
05/08/2020,MOT,ND,AGL,CE,Federal Contract Tower,1,14,5,0,20,0,0,32,4,36,1,14,37,4,56,102,18,120,176
05/09/2020,MOT,ND,AGL,CE,Federal Contract Tower,1,7,1,0,9,0,2,1,0,3,1,9,2,0,12,37,0,37,49
05/10/2020,MOT,ND,AGL,CE,Federal Contract Tower,4,3,6,0,13,0,0,13,0,13,4,3,19,0,26,26,0,26,52
05/11/2020,MOT,ND,AGL,CE,Federal Contract Tower,1,7,1,0,9,0,1,9,0,10,1,8,10,0,19,60,0,60,79
05/12/2020,MOT,ND,AGL,CE,Federal Contract Tower,1,8,4,0,13,0,9,19,0,28,1,17,23,0,41,59,4,63,104
05/13/2020,MOT,ND,AGL,CE,Federal Contract Tower,3,6,8,0,17,0,0,8,0,8,3,6,16,0,25,0,0,0,25
05/14/2020,MOT,ND,AGL,CE,Federal Contract Tower,1,9,5,0,15,0,0,2,0,2,1,9,7,0,17,43,4,47,64
05/15/2020,MOT,ND,AGL,CE,Federal Contract Tower,3,7,5,0,15,0,0,23,0,23,3,7,28,0,38,126,0,126,164
05/16/2020,MOT,ND,AGL,CE,Federal Contract Tower,1,6,8,0,15,0,8,18,0,26,1,14,26,0,41,82,0,82,123
05/17/2020,MOT,ND,AGL,CE,Federal Contract Tower,1,3,7,0,11,0,4,11,0,15,1,7,18,0,26,26,0,26,52
05/18/2020,MOT,ND,AGL,CE,Federal Contract Tower,5,9,8,0,22,0,3,3,2,8,5,12,11,2,30,0,0,0,30
05/19/2020,MOT,ND,AGL,CE,Federal Contract Tower,3,9,8,0,20,0,0,5,0,5,3,9,13,0,25,0,2,2,27
05/20/2020,MOT,ND,AGL,CE,Federal Contract Tower,3,6,9,0,18,0,0,7,0,7,3,6,16,0,25,28,0,28,53
05/21/2020,MOT,ND,AGL,CE,Federal Contract Tower,4,9,6,0,19,0,0,17,0,17,4,9,23,0,36,39,24,63,99
05/22/2020,MOT,ND,AGL,CE,Federal Contract Tower,4,8,10,0,22,0,10,38,0,48,4,18,48,0,70,104,6,110,180
05/23/2020,MOT,ND,AGL,CE,Federal Contract Tower,3,8,1,0,12,0,3,4,0,7,3,11,5,0,19,48,0,48,67
05/24/2020,MOT,ND,AGL,CE,Federal Contract Tower,3,2,5,0,10,0,0,0,0,0,3,2,5,0,10,0,0,0,10
05/25/2020,MOT,ND,AGL,CE,Federal Contract Tower,5,2,6,0,13,0,0,24,0,24,5,2,30,0,37,82,0,82,119
05/26/2020,MOT,ND,AGL,CE,Federal Contract Tower,3,8,14,0,25,0,9,19,6,34,3,17,33,6,59,140,10,150,209
05/27/2020,MOT,ND,AGL,CE,Federal Contract Tower,3,9,8,0,20,0,0,21,0,21,3,9,29,0,41,109,8,117,158
05/28/2020,MOT,ND,AGL,CE,Federal Contract Tower,3,10,3,0,16,0,4,6,0,10,3,14,9,0,26,0,2,2,28
05/29/2020,MOT,ND,AGL,CE,Federal Contract Tower,3,8,9,0,20,0,4,16,0,20,3,12,25,0,40,136,6,142,182
05/30/2020,MOT,ND,AGL,CE,Federal Contract Tower,1,7,2,0,10,0,3,26,0,29,1,10,28,0,39,149,0,149,188
05/31/2020,MOT,ND,AGL,CE,Federal Contract Tower,3,2,4,0,9,0,3,18,0,21,3,5,22,0,30,20,0,20,50
06/01/2020,MOT,ND,AGL,CE,Federal Contract Tower,5,6,5,0,16,0,2,16,2,20,5,8,21,2,36,58,8,66,102
06/02/2020,MOT,ND,AGL,CE,Federal Contract Tower,2,7,12,0,21,0,0,24,0,24,2,7,36,0,45,20,4,24,69
06/03/2020,MOT,ND,AGL,CE,Federal Contract Tower,3,9,7,0,19,0,5,14,0,19,3,14,21,0,38,58,26,84,122
06/04/2020,MOT,ND,AGL,CE,Federal Contract Tower,3,7,12,0,22,0,1,25,0,26,3,8,37,0,48,66,2,68,116
06/05/2020,MOT,ND,AGL,CE,Federal Contract Tower,4,7,10,0,21,0,7,32,4,43,4,14,42,4,64,140,0,140,204
06/06/2020,MOT,ND,AGL,CE,Federal Contract Tower,3,10,2,0,15,0,0,2,0,2,3,10,4,0,17,0,0,0,17
06/07/2020,MOT,ND,AGL,CE,Federal Contract Tower,3,0,2,0,5,0,2,7,0,9,3,2,9,0,14,46,0,46,60
06/08/2020,MOT,ND,AGL,CE,Federal Contract Tower,7,5,7,0,19,0,1,14,0,15,7,6,21,0,34,66,0,66,100
06/09/2020,MOT,ND,AGL,CE,Federal Contract Tower,3,7,9,0,19,0,1,6,0,7,3,8,15,0,26,28,0,28,54
06/10/2020,MOT,ND,AGL,CE,Federal Contract Tower,3,10,9,0,22,0,1,23,0,24,3,11,32,0,46,64,0,64,110
06/11/2020,MOT,ND,AGL,CE,Federal Contract Tower,3,8,4,0,15,0,2,31,2,35,3,10,35,2,50,13,18,31,81
06/12/2020,MOT,ND,AGL,CE,Federal Contract Tower,4,7,8,0,19,0,1,20,0,21,4,8,28,0,40,37,4,41,81
06/13/2020,MOT,ND,AGL,CE,Federal Contract Tower,3,8,1,0,12,0,0,6,0,6,3,8,7,0,18,6,0,6,24
06/14/2020,MOT,ND,AGL,CE,Federal Contract Tower,3,2,3,0,8,0,0,5,0,5,3,2,8,0,13,0,0,0,13
06/15/2020,MOT,ND,AGL,CE,Federal Contract Tower,7,4,5,0,16,0,4,12,0,16,7,8,17,0,32,11,0,11,43
06/16/2020,MOT,ND,AGL,CE,Federal Contract Tower,3,8,2,0,13,0,7,5,0,12,3,15,7,0,25,16,88,104,129
06/17/2020,MOT,ND,AGL,CE,Federal Contract Tower,3,8,9,0,20,0,0,13,0,13,3,8,22,0,33,101,14,115,148
06/18/2020,MOT,ND,AGL,CE,Federal Contract Tower,4,8,15,0,27,0,0,4,6,10,4,8,19,6,37,14,2,16,53
06/19/2020,MOT,ND,AGL,CE,Federal Contract Tower,5,9,3,0,17,0,0,19,0,19,5,9,22,0,36,44,12,56,92
06/20/2020,MOT,ND,AGL,CE,Federal Contract Tower,5,8,3,0,16,0,2,20,0,22,5,10,23,0,38,55,0,55,93
06/21/2020,MOT,ND,AGL,CE,Federal Contract Tower,3,0,0,0,3,0,3,16,0,19,3,3,16,0,22,39,0,39,61
06/22/2020,MOT,ND,AGL,CE,Federal Contract Tower,6,10,8,0,24,0,5,29,0,34,6,15,37,0,58,67,38,105,163
06/23/2020,MOT,ND,AGL,CE,Federal Contract Tower,3,9,6,0,18,0,1,25,0,26,3,10,31,0,44,80,6,86,130
06/24/2020,MOT,ND,AGL,CE,Federal Contract Tower,3,13,4,0,20,0,0,41,0,41,3,13,45,0,61,45,8,53,114
06/25/2020,MOT,ND,AGL,CE,Federal Contract Tower,3,7,2,0,12,0,0,14,0,14,3,7,16,0,26,30,2,32,58
06/26/2020,MOT,ND,AGL,CE,Federal Contract Tower,3,9,5,0,17,0,7,29,0,36,3,16,34,0,53,118,6,124,177
06/27/2020,MOT,ND,AGL,CE,Federal Contract Tower,5,8,0,0,13,0,3,18,0,21,5,11,18,0,34,23,6,29,63
06/28/2020,MOT,ND,AGL,CE,Federal Contract Tower,3,0,1,0,4,0,0,11,0,11,3,0,12,0,15,45,0,45,60
06/29/2020,MOT,ND,AGL,CE,Federal Contract Tower,4,5,17,0,26,0,0,25,0,25,4,5,42,0,51,32,8,40,91
06/30/2020,MOT,ND,AGL,CE,Federal Contract Tower,4,9,7,0,20,0,0,5,0,5,4,9,12,0,25,0,0,0,25
07/01/2020,MOT,ND,AGL,CE,Federal Contract Tower,3,9,14,0,26,0,2,31,0,33,3,11,45,0,59,170,4,174,233
07/02/2020,MOT,ND,AGL,CE,Federal Contract Tower,3,4,11,0,18,0,1,24,0,25,3,5,35,0,43,74,4,78,121
07/03/2020,MOT,ND,AGL,CE,Federal Contract Tower,5,9,2,0,16,0,6,38,0,44,5,15,40,0,60,209,0,209,269
07/04/2020,MOT,ND,AGL,CE,Federal Contract Tower,4,3,3,0,10,0,1,9,0,10,4,4,12,0,20,89,0,89,109
07/05/2020,MOT,ND,AGL,CE,Federal Contract Tower,3,0,4,0,7,0,5,18,0,23,3,5,22,0,30,78,0,78,108
07/06/2020,MOT,ND,AGL,CE,Federal Contract Tower,7,8,7,0,22,0,0,35,0,35,7,8,42,0,57,174,0,174,231
07/07/2020,MOT,ND,AGL,CE,Federal Contract Tower,4,9,6,0,19,0,2,24,0,26,4,11,30,0,45,105,0,105,150
07/08/2020,MOT,ND,AGL,CE,Federal Contract Tower,3,13,8,0,24,0,0,21,3,24,3,13,29,3,48,142,14,156,204
07/09/2020,MOT,ND,AGL,CE,Federal Contract Tower,7,6,5,0,18,0,0,13,0,13,7,6,18,0,31,26,52,78,109
07/10/2020,MOT,ND,AGL,CE,Federal Contract Tower,4,13,10,0,27,0,8,17,1,26,4,21,27,1,53,174,5,179,232
07/11/2020,MOT,ND,AGL,CE,Federal Contract Tower,3,9,4,0,16,0,0,25,0,25,3,9,29,0,41,161,31,192,233
07/12/2020,MOT,ND,AGL,CE,Federal Contract Tower,3,3,3,0,9,0,6,18,0,24,3,9,21,0,33,52,35,87,120
07/13/2020,MOT,ND,AGL,CE,Federal Contract Tower,7,6,8,0,21,0,2,22,0,24,7,8,30,0,45,116,6,122,167
07/14/2020,MOT,ND,AGL,CE,Federal Contract Tower,3,10,16,0,29,0,5,43,0,48,3,15,59,0,77,88,40,128,205
07/15/2020,MOT,ND,AGL,CE,Federal Contract Tower,3,14,14,0,31,0,0,31,0,31,3,14,45,0,62,76,28,104,166
07/16/2020,MOT,ND,AGL,CE,Federal Contract Tower,5,14,10,0,29,0,0,40,0,40,5,14,50,0,69,108,2,110,179
07/17/2020,MOT,ND,AGL,CE,Federal Contract Tower,5,10,5,0,20,0,0,39,0,39,5,10,44,0,59,138,4,142,201
07/18/2020,MOT,ND,AGL,CE,Federal Contract Tower,3,10,2,0,15,0,9,10,0,19,3,19,12,0,34,16,0,16,50
07/19/2020,MOT,ND,AGL,CE,Federal Contract Tower,4,3,10,0,17,0,0,24,0,24,4,3,34,0,41,66,0,66,107
07/20/2020,MOT,ND,AGL,CE,Federal Contract Tower,7,6,8,0,21,0,0,9,0,9,7,6,17,0,30,28,6,34,64
07/21/2020,MOT,ND,AGL,CE,Federal Contract Tower,3,10,19,0,32,0,4,36,0,40,3,14,55,0,72,89,4,93,165
07/22/2020,MOT,ND,AGL,CE,Federal Contract Tower,3,14,4,0,21,0,0,34,0,34,3,14,38,0,55,80,6,86,141
07/24/2020,MOT,ND,AGL,CE,Federal Contract Tower,5,12,8,0,25,0,2,39,0,41,5,14,47,0,66,114,28,142,208
07/25/2020,MOT,ND,AGL,CE,Federal Contract Tower,4,13,2,0,19,0,4,22,0,26,4,17,24,0,45,57,2,59,104
07/26/2020,MOT,ND,AGL,CE,Federal Contract Tower,5,6,8,0,19,0,1,24,0,25,5,7,32,0,44,70,14,84,128
07/27/2020,MOT,ND,AGL,CE,Federal Contract Tower,5,14,10,0,29,0,2,41,0,43,5,16,51,0,72,43,24,67,139
07/28/2020,MOT,ND,AGL,CE,Federal Contract Tower,3,12,13,0,28,0,4,37,0,41,3,16,50,0,69,26,26,52,121
07/29/2020,MOT,ND,AGL,CE,Federal Contract Tower,5,9,11,0,25,0,1,25,0,26,5,10,36,0,51,61,2,63,114
07/30/2020,MOT,ND,AGL,CE,Federal Contract Tower,6,12,16,1,35,0,1,30,1,32,6,13,46,2,67,77,6,83,150
07/31/2020,MOT,ND,AGL,CE,Federal Contract Tower,7,11,6,0,24,0,3,23,0,26,7,14,29,0,50,103,12,115,165
08/01/2020,MOT,ND,AGL,CE,Federal Contract Tower,6,8,5,0,19,0,1,76,0,77,6,9,81,0,96,119,0,119,215
08/02/2020,MOT,ND,AGL,CE,Federal Contract Tower,3,8,1,0,12,0,0,33,0,33,3,8,34,0,45,78,0,78,123
08/03/2020,MOT,ND,AGL,CE,Federal Contract Tower,6,9,7,0,22,0,0,20,0,20,6,9,27,0,42,63,6,69,111
08/04/2020,MOT,ND,AGL,CE,Federal Contract Tower,3,12,14,0,29,0,0,18,0,18,3,12,32,0,47,75,14,89,136
08/05/2020,MOT,ND,AGL,CE,Federal Contract Tower,4,13,9,0,26,0,1,30,0,31,4,14,39,0,57,116,4,120,177
08/06/2020,MOT,ND,AGL,CE,Federal Contract Tower,9,16,9,0,34,0,5,32,4,41,9,21,41,4,75,107,22,129,204
08/07/2020,MOT,ND,AGL,CE,Federal Contract Tower,7,12,10,0,29,0,0,25,0,25,7,12,35,0,54,103,13,116,170
08/08/2020,MOT,ND,AGL,CE,Federal Contract Tower,3,15,3,0,21,0,1,36,0,37,3,16,39,0,58,126,0,126,184
08/09/2020,MOT,ND,AGL,CE,Federal Contract Tower,3,7,2,0,12,0,0,4,0,4,3,7,6,0,16,55,0,55,71
08/10/2020,MOT,ND,AGL,CE,Federal Contract Tower,8,11,6,0,25,0,0,25,0,25,8,11,31,0,50,65,30,95,145
08/11/2020,MOT,ND,AGL,CE,Federal Contract Tower,5,15,6,0,26,0,0,9,3,12,5,15,15,3,38,85,0,85,123
08/12/2020,MOT,ND,AGL,CE,Federal Contract Tower,7,8,8,0,23,0,2,12,0,14,7,10,20,0,37,120,11,131,168
08/13/2020,MOT,ND,AGL,CE,Federal Contract Tower,3,13,14,0,30,0,1,17,2,20,3,14,31,2,50,26,4,30,80
08/14/2020,MOT,ND,AGL,CE,Federal Contract Tower,4,12,5,0,21,0,0,18,0,18,4,12,23,0,39,16,0,16,55
08/15/2020,MOT,ND,AGL,CE,Federal Contract Tower,4,12,2,0,18,0,3,29,0,32,4,15,31,0,50,97,0,97,147
08/16/2020,MOT,ND,AGL,CE,Federal Contract Tower,3,10,9,0,22,0,0,34,0,34,3,10,43,0,56,68,0,68,124
08/17/2020,MOT,ND,AGL,CE,Federal Contract Tower,7,14,11,0,32,0,3,29,0,32,7,17,40,0,64,66,2,68,132
08/18/2020,MOT,ND,AGL,CE,Federal Contract Tower,5,12,6,0,23,0,0,27,0,27,5,12,33,0,50,59,11,70,120
08/19/2020,MOT,ND,AGL,CE,Federal Contract Tower,5,9,12,0,26,0,6,26,0,32,5,15,38,0,58,58,0,58,116
08/20/2020,MOT,ND,AGL,CE,Federal Contract Tower,6,17,10,0,33,0,1,19,2,22,6,18,29,2,55,55,0,55,110
08/21/2020,MOT,ND,AGL,CE,Federal Contract Tower,3,14,1,0,18,0,0,20,0,20,3,14,21,0,38,63,2,65,103
08/22/2020,MOT,ND,AGL,CE,Federal Contract Tower,4,12,5,0,21,0,2,45,0,47,4,14,50,0,68,89,4,93,161
08/23/2020,MOT,ND,AGL,CE,Federal Contract Tower,3,6,6,0,15,0,5,25,0,30,3,11,31,0,45,19,0,19,64
08/24/2020,MOT,ND,AGL,CE,Federal Contract Tower,10,6,5,0,21,0,8,21,0,29,10,14,26,0,50,36,8,44,94
08/25/2020,MOT,ND,AGL,CE,Federal Contract Tower,4,13,13,2,32,0,0,11,3,14,4,13,24,5,46,26,20,46,92
08/26/2020,MOT,ND,AGL,CE,Federal Contract Tower,2,20,19,0,41,0,1,24,0,25,2,21,43,0,66,26,10,36,102
08/27/2020,MOT,ND,AGL,CE,Federal Contract Tower,6,17,7,0,30,0,6,6,0,12,6,23,13,0,42,34,10,44,86
08/28/2020,MOT,ND,AGL,CE,Federal Contract Tower,3,14,22,0,39,0,0,24,0,24,3,14,46,0,63,54,0,54,117
08/29/2020,MOT,ND,AGL,CE,Federal Contract Tower,4,12,4,0,20,0,6,40,0,46,4,18,44,0,66,94,0,94,160
08/30/2020,MOT,ND,AGL,CE,Federal Contract Tower,6,5,3,0,14,0,0,6,0,6,6,5,9,0,20,35,0,35,55
08/31/2020,MOT,ND,AGL,CE,Federal Contract Tower,10,6,7,0,23,0,5,20,0,25,10,11,27,0,48,40,0,40,88
09/01/2020,MOT,ND,AGL,CE,Federal Contract Tower,3,16,13,0,32,0,0,10,0,10,3,16,23,0,42,1,12,13,55
09/02/2020,MOT,ND,AGL,CE,Federal Contract Tower,1,22,5,0,28,0,0,21,0,21,1,22,26,0,49,58,2,60,109
09/03/2020,MOT,ND,AGL,CE,Federal Contract Tower,7,15,8,0,30,0,3,29,0,32,7,18,37,0,62,34,4,38,100
09/04/2020,MOT,ND,AGL,CE,Federal Contract Tower,5,16,5,0,26,0,0,44,0,44,5,16,49,0,70,74,0,74,144
09/05/2020,MOT,ND,AGL,CE,Federal Contract Tower,5,10,2,0,17,0,3,32,0,35,5,13,34,0,52,66,0,66,118
09/06/2020,MOT,ND,AGL,CE,Federal Contract Tower,6,1,0,0,7,0,0,6,0,6,6,1,6,0,13,2,0,2,15
09/07/2020,MOT,ND,AGL,CE,Federal Contract Tower,7,6,3,0,16,0,0,7,0,7,7,6,10,0,23,51,0,51,74
09/08/2020,MOT,ND,AGL,CE,Federal Contract Tower,9,8,8,0,25,0,3,29,5,37,9,11,37,5,62,92,40,132,194
09/09/2020,MOT,ND,AGL,CE,Federal Contract Tower,6,11,8,0,25,0,2,29,0,31,6,13,37,0,56,52,0,52,108
09/10/2020,MOT,ND,AGL,CE,Federal Contract Tower,10,11,18,0,39,0,1,25,0,26,10,12,43,0,65,26,11,37,102
09/11/2020,MOT,ND,AGL,CE,Federal Contract Tower,6,14,6,0,26,0,3,23,5,31,6,17,29,5,57,66,36,102,159
09/12/2020,MOT,ND,AGL,CE,Federal Contract Tower,6,10,0,0,16,0,0,40,4,44,6,10,40,4,60,76,0,76,136
09/13/2020,MOT,ND,AGL,CE,Federal Contract Tower,6,2,1,0,9,0,0,43,0,43,6,2,44,0,52,73,4,77,129
09/14/2020,MOT,ND,AGL,CE,Federal Contract Tower,10,10,12,0,32,0,0,14,0,14,10,10,26,0,46,63,0,63,109
09/15/2020,MOT,ND,AGL,CE,Federal Contract Tower,7,15,12,0,34,0,0,33,0,33,7,15,45,0,67,3,4,7,74
09/16/2020,MOT,ND,AGL,CE,Federal Contract Tower,6,12,6,0,24,0,4,36,0,40,6,16,42,0,64,20,0,20,84
09/17/2020,MOT,ND,AGL,CE,Federal Contract Tower,12,12,3,0,27,0,6,33,0,39,12,18,36,0,66,105,0,105,171
09/18/2020,MOT,ND,AGL,CE,Federal Contract Tower,7,9,7,0,23,0,4,35,0,39,7,13,42,0,62,89,4,93,155
09/19/2020,MOT,ND,AGL,CE,Federal Contract Tower,6,11,0,0,17,0,4,39,2,45,6,15,39,2,62,100,0,100,162
09/20/2020,MOT,ND,AGL,CE,Federal Contract Tower,7,2,9,0,18,0,5,16,0,21,7,7,25,0,39,38,0,38,77
09/21/2020,MOT,ND,AGL,CE,Federal Contract Tower,10,9,8,0,27,0,5,10,0,15,10,14,18,0,42,18,2,20,62
09/22/2020,MOT,ND,AGL,CE,Federal Contract Tower,6,17,13,0,36,0,0,36,0,36,6,17,49,0,72,57,16,73,145
09/23/2020,MOT,ND,AGL,CE,Federal Contract Tower,6,15,9,0,30,0,0,12,6,18,6,15,21,6,48,94,0,94,142
09/24/2020,MOT,ND,AGL,CE,Federal Contract Tower,11,18,7,0,36,0,0,14,0,14,11,18,21,0,50,29,2,31,81
09/25/2020,MOT,ND,AGL,CE,Federal Contract Tower,7,14,14,0,35,0,12,39,0,51,7,26,53,0,86,76,8,84,170
09/26/2020,MOT,ND,AGL,CE,Federal Contract Tower,7,9,3,0,19,0,0,15,0,15,7,9,18,0,34,9,2,11,45
09/27/2020,MOT,ND,AGL,CE,Federal Contract Tower,6,1,4,0,11,0,0,3,0,3,6,1,7,0,14,12,0,12,26
09/28/2020,MOT,ND,AGL,CE,Federal Contract Tower,10,8,7,0,25,0,6,11,0,17,10,14,18,0,42,23,8,31,73
09/29/2020,MOT,ND,AGL,CE,Federal Contract Tower,6,14,10,0,30,0,0,3,0,3,6,14,13,0,33,56,0,56,89
09/30/2020,MOT,ND,AGL,CE,Federal Contract Tower,6,16,6,0,28,0,3,2,0,5,6,19,8,0,33,0,0,0,33
10/01/2020,MOT,ND,AGL,CE,Federal Contract Tower,12,13,14,0,39,0,3,22,0,25,12,16,36,0,64,59,8,67,131
10/02/2020,MOT,ND,AGL,CE,Federal Contract Tower,8,11,9,0,28,0,0,20,0,20,8,11,29,0,48,47,14,61,109
10/03/2020,MOT,ND,AGL,CE,Federal Contract Tower,8,11,2,0,21,0,1,26,0,27,8,12,28,0,48,48,0,48,96
10/04/2020,MOT,ND,AGL,CE,Federal Contract Tower,8,6,3,0,17,0,0,21,0,21,8,6,24,0,38,74,0,74,112
10/05/2020,MOT,ND,AGL,CE,Federal Contract Tower,12,10,12,0,34,0,0,6,0,6,12,10,18,0,40,0,2,2,42
10/06/2020,MOT,ND,AGL,CE,Federal Contract Tower,8,8,6,0,22,0,12,0,0,12,8,20,6,0,34,42,3,45,79
10/07/2020,MOT,ND,AGL,CE,Federal Contract Tower,8,12,11,0,31,0,0,31,0,31,8,12,42,0,62,50,0,50,112
10/08/2020,MOT,ND,AGL,CE,Federal Contract Tower,9,14,8,0,31,0,0,28,4,32,9,14,36,4,63,17,4,21,84
10/09/2020,MOT,ND,AGL,CE,Federal Contract Tower,10,12,7,0,29,0,0,29,0,29,10,12,36,0,58,89,0,89,147
10/10/2020,MOT,ND,AGL,CE,Federal Contract Tower,8,12,1,0,21,0,0,19,0,19,8,12,20,0,40,19,0,19,59
10/11/2020,MOT,ND,AGL,CE,Federal Contract Tower,8,4,8,0,20,0,0,10,0,10,8,4,18,0,30,70,0,70,100
10/12/2020,MOT,ND,AGL,CE,Federal Contract Tower,12,9,5,0,26,1,2,35,0,38,13,11,40,0,64,41,0,41,105
10/13/2020,MOT,ND,AGL,CE,Federal Contract Tower,8,10,11,0,29,0,1,13,0,14,8,11,24,0,43,23,26,49,92
10/14/2020,MOT,ND,AGL,CE,Federal Contract Tower,8,13,11,0,32,0,0,9,0,9,8,13,20,0,41,0,0,0,41
10/15/2020,MOT,ND,AGL,CE,Federal Contract Tower,11,14,15,0,40,0,0,15,0,15,11,14,30,0,55,15,0,15,70
10/16/2020,MOT,ND,AGL,CE,Federal Contract Tower,10,14,12,0,36,0,0,36,0,36,10,14,48,0,72,70,0,70,142
10/17/2020,MOT,ND,AGL,CE,Federal Contract Tower,8,13,4,0,25,0,2,17,0,19,8,15,21,0,44,25,0,25,69
10/18/2020,MOT,ND,AGL,CE,Federal Contract Tower,8,5,4,0,17,0,0,14,0,14,8,5,18,0,31,36,0,36,67
10/19/2020,MOT,ND,AGL,CE,Federal Contract Tower,11,10,3,0,24,0,0,15,0,15,11,10,18,0,39,34,8,42,81
10/20/2020,MOT,ND,AGL,CE,Federal Contract Tower,10,10,8,1,29,0,0,0,0,0,10,10,8,1,29,0,0,0,29
10/21/2020,MOT,ND,AGL,CE,Federal Contract Tower,8,14,13,1,36,0,0,16,0,16,8,14,29,1,52,107,6,113,165
10/22/2020,MOT,ND,AGL,CE,Federal Contract Tower,14,16,6,0,36,0,0,1,0,1,14,16,7,0,37,0,0,0,37
10/23/2020,MOT,ND,AGL,CE,Federal Contract Tower,7,12,9,0,28,0,0,23,0,23,7,12,32,0,51,15,0,15,66
10/24/2020,MOT,ND,AGL,CE,Federal Contract Tower,9,9,10,0,28,0,0,8,0,8,9,9,18,0,36,20,0,20,56
10/25/2020,MOT,ND,AGL,CE,Federal Contract Tower,6,3,9,0,18,0,2,14,0,16,6,5,23,0,34,55,0,55,89
10/26/2020,MOT,ND,AGL,CE,Federal Contract Tower,10,5,12,0,27,0,6,17,0,23,10,11,29,0,50,7,8,15,65
10/27/2020,MOT,ND,AGL,CE,Federal Contract Tower,6,12,8,0,26,0,0,15,0,15,6,12,23,0,41,0,0,0,41
10/28/2020,MOT,ND,AGL,CE,Federal Contract Tower,7,13,13,0,33,0,3,21,0,24,7,16,34,0,57,53,4,57,114
10/29/2020,MOT,ND,AGL,CE,Federal Contract Tower,9,13,4,0,26,0,0,16,0,16,9,13,20,0,42,15,0,15,57
10/30/2020,MOT,ND,AGL,CE,Federal Contract Tower,6,14,18,0,38,0,0,2,0,2,6,14,20,0,40,4,0,4,44
10/31/2020,MOT,ND,AGL,CE,Federal Contract Tower,5,8,3,0,16,0,0,0,0,0,5,8,3,0,16,0,0,0,16
11/01/2020,MOT,ND,AGL,CE,Federal Contract Tower,5,8,9,0,22,0,0,24,0,24,5,8,33,0,46,36,0,36,82
11/03/2020,MOT,ND,AGL,CE,Federal Contract Tower,4,13,7,0,24,0,0,24,2,26,4,13,31,2,50,45,2,47,97
11/04/2020,MOT,ND,AGL,CE,Federal Contract Tower,5,16,4,0,25,0,0,12,0,12,5,16,16,0,37,14,2,16,53
11/05/2020,MOT,ND,AGL,CE,Federal Contract Tower,10,16,12,0,38,0,0,22,0,22,10,16,34,0,60,76,24,100,160
11/06/2020,MOT,ND,AGL,CE,Federal Contract Tower,6,14,5,0,25,0,0,18,0,18,6,14,23,0,43,79,0,79,122
11/07/2020,MOT,ND,AGL,CE,Federal Contract Tower,6,13,2,0,21,0,0,1,0,1,6,13,3,0,22,0,0,0,22
11/08/2020,MOT,ND,AGL,CE,Federal Contract Tower,8,6,1,0,15,0,0,0,0,0,8,6,1,0,15,2,0,2,17
11/09/2020,MOT,ND,AGL,CE,Federal Contract Tower,13,8,9,2,32,0,0,2,0,2,13,8,11,2,34,1,0,1,35
11/10/2020,MOT,ND,AGL,CE,Federal Contract Tower,8,12,6,0,26,0,0,18,0,18,8,12,24,0,44,101,2,103,147
11/11/2020,MOT,ND,AGL,CE,Federal Contract Tower,8,18,11,0,37,0,0,1,0,1,8,18,12,0,38,0,0,0,38
11/12/2020,MOT,ND,AGL,CE,Federal Contract Tower,11,12,4,0,27,0,0,18,0,18,11,12,22,0,45,61,0,61,106
11/13/2020,MOT,ND,AGL,CE,Federal Contract Tower,8,11,5,0,24,0,0,18,0,18,8,11,23,0,42,53,4,57,99
11/14/2020,MOT,ND,AGL,CE,Federal Contract Tower,9,9,1,0,19,0,0,10,0,10,9,9,11,0,29,11,0,11,40
11/15/2020,MOT,ND,AGL,CE,Federal Contract Tower,8,4,1,0,13,0,0,13,0,13,8,4,14,0,26,104,0,104,130
11/16/2020,MOT,ND,AGL,CE,Federal Contract Tower,12,11,4,0,27,0,0,2,0,2,12,11,6,0,29,0,6,6,35
11/17/2020,MOT,ND,AGL,CE,Federal Contract Tower,8,16,9,0,33,0,1,8,0,9,8,17,17,0,42,2,2,4,46
11/18/2020,MOT,ND,AGL,CE,Federal Contract Tower,7,15,19,0,41,0,0,17,0,17,7,15,36,0,58,42,14,56,114
11/19/2020,MOT,ND,AGL,CE,Federal Contract Tower,10,18,8,0,36,0,0,0,0,0,10,18,8,0,36,0,0,0,36
11/20/2020,MOT,ND,AGL,CE,Federal Contract Tower,8,14,10,0,32,0,0,12,0,12,8,14,22,0,44,58,8,66,110
11/21/2020,MOT,ND,AGL,CE,Federal Contract Tower,12,12,2,0,26,0,0,29,2,31,12,12,31,2,57,29,2,31,88
11/22/2020,MOT,ND,AGL,CE,Federal Contract Tower,8,5,3,0,16,0,0,15,0,15,8,5,18,0,31,68,0,68,99
11/23/2020,MOT,ND,AGL,CE,Federal Contract Tower,14,4,9,0,27,0,4,14,0,18,14,8,23,0,45,40,2,42,87
11/24/2020,MOT,ND,AGL,CE,Federal Contract Tower,8,19,15,0,42,0,0,1,0,1,8,19,16,0,43,0,2,2,45
11/25/2020,MOT,ND,AGL,CE,Federal Contract Tower,14,16,6,0,36,0,0,9,0,9,14,16,15,0,45,20,10,30,75
11/26/2020,MOT,ND,AGL,CE,Federal Contract Tower,3,3,3,0,9,0,1,11,0,12,3,4,14,0,21,0,0,0,21
11/27/2020,MOT,ND,AGL,CE,Federal Contract Tower,8,12,4,0,24,0,0,13,0,13,8,12,17,0,37,27,0,27,64
11/28/2020,MOT,ND,AGL,CE,Federal Contract Tower,14,11,3,0,28,0,4,13,0,17,14,15,16,0,45,26,0,26,71
11/29/2020,MOT,ND,AGL,CE,Federal Contract Tower,8,10,5,0,23,0,0,16,0,16,8,10,21,0,39,51,0,51,90
11/30/2020,MOT,ND,AGL,CE,Federal Contract Tower,10,9,7,0,26,0,0,29,0,29,10,9,36,0,55,3,30,33,88
12/01/2020,MOT,ND,AGL,CE,Federal Contract Tower,8,9,2,0,19,0,3,6,0,9,8,12,8,0,28,25,2,27,55
12/02/2020,MOT,ND,AGL,CE,Federal Contract Tower,3,15,7,0,25,0,0,29,2,31,3,15,36,2,56,40,4,44,100
12/03/2020,MOT,ND,AGL,CE,Federal Contract Tower,4,20,10,1,35,0,0,16,4,20,4,20,26,5,55,26,22,48,103
12/04/2020,MOT,ND,AGL,CE,Federal Contract Tower,3,16,8,0,27,0,0,19,0,19,3,16,27,0,46,31,8,39,85
12/05/2020,MOT,ND,AGL,CE,Federal Contract Tower,1,9,13,0,23,0,0,23,0,23,1,9,36,0,46,66,4,70,116
12/06/2020,MOT,ND,AGL,CE,Federal Contract Tower,3,8,3,0,14,0,1,28,0,29,3,9,31,0,43,95,0,95,138
12/07/2020,MOT,ND,AGL,CE,Federal Contract Tower,5,13,12,0,30,0,0,11,0,11,5,13,23,0,41,32,0,32,73
12/08/2020,MOT,ND,AGL,CE,Federal Contract Tower,2,21,19,0,42,0,0,18,0,18,2,21,37,0,60,29,4,33,93
12/09/2020,MOT,ND,AGL,CE,Federal Contract Tower,2,17,15,0,34,0,5,29,0,34,2,22,44,0,68,50,0,50,118
12/10/2020,MOT,ND,AGL,CE,Federal Contract Tower,4,17,10,0,31,0,0,10,0,10,4,17,20,0,41,46,32,78,119
12/11/2020,MOT,ND,AGL,CE,Federal Contract Tower,3,18,0,0,21,0,0,0,0,0,3,18,0,0,21,0,0,0,21
12/12/2020,MOT,ND,AGL,CE,Federal Contract Tower,0,15,2,0,17,0,0,0,0,0,0,15,2,0,17,0,0,0,17
12/13/2020,MOT,ND,AGL,CE,Federal Contract Tower,2,9,1,0,12,0,0,1,0,1,2,9,2,0,13,0,0,0,13
12/14/2020,MOT,ND,AGL,CE,Federal Contract Tower,5,14,6,0,25,0,0,6,0,6,5,14,12,0,31,8,10,18,49
12/15/2020,MOT,ND,AGL,CE,Federal Contract Tower,2,20,17,0,39,0,0,11,0,11,2,20,28,0,50,12,30,42,92
12/16/2020,MOT,ND,AGL,CE,Federal Contract Tower,3,15,9,0,27,0,1,20,0,21,3,16,29,0,48,48,0,48,96
12/17/2020,MOT,ND,AGL,CE,Federal Contract Tower,8,21,17,0,46,0,0,14,0,14,8,21,31,0,60,48,2,50,110
12/18/2020,MOT,ND,AGL,CE,Federal Contract Tower,1,19,5,0,25,0,0,14,0,14,1,19,19,0,39,49,10,59,98
12/19/2020,MOT,ND,AGL,CE,Federal Contract Tower,6,15,2,0,23,0,0,11,0,11,6,15,13,0,34,10,0,10,44
12/20/2020,MOT,ND,AGL,CE,Federal Contract Tower,3,11,5,0,19,0,2,3,0,5,3,13,8,0,24,0,0,0,24
12/21/2020,MOT,ND,AGL,CE,Federal Contract Tower,6,12,9,0,27,0,0,9,0,9,6,12,18,0,36,46,10,56,92
12/22/2020,MOT,ND,AGL,CE,Federal Contract Tower,0,19,9,0,28,0,0,21,0,21,0,19,30,0,49,110,0,110,159
12/23/2020,MOT,ND,AGL,CE,Federal Contract Tower,4,7,1,0,12,0,4,2,0,6,4,11,3,0,18,0,4,4,22
12/24/2020,MOT,ND,AGL,CE,Federal Contract Tower,4,13,4,0,21,0,3,1,0,4,4,16,5,0,25,0,0,0,25
12/25/2020,MOT,ND,AGL,CE,Federal Contract Tower,1,6,2,0,9,0,0,8,0,8,1,6,10,0,17,0,0,0,17
12/26/2020,MOT,ND,AGL,CE,Federal Contract Tower,5,19,3,0,27,0,0,13,0,13,5,19,16,0,40,45,0,45,85
12/27/2020,MOT,ND,AGL,CE,Federal Contract Tower,0,12,10,0,22,0,0,9,0,9,0,12,19,0,31,6,0,6,37
12/28/2020,MOT,ND,AGL,CE,Federal Contract Tower,4,13,3,0,20,0,0,13,0,13,4,13,16,0,33,22,0,22,55
12/29/2020,MOT,ND,AGL,CE,Federal Contract Tower,0,17,4,0,21,0,1,9,0,10,0,18,13,0,31,2,26,28,59
12/30/2020,MOT,ND,AGL,CE,Federal Contract Tower,2,17,5,0,24,0,0,9,0,9,2,17,14,0,33,87,8,95,128
12/31/2020,MOT,ND,AGL,CE,Federal Contract Tower,4,14,5,0,23,0,1,18,0,19,4,15,23,0,42,54,0,54,96
01/01/2021,MOT,ND,AGL,CE,Federal Contract Tower,0,10,3,0,13,0,0,11,0,11,0,10,14,0,24,50,0,50,74
01/02/2021,MOT,ND,AGL,CE,Federal Contract Tower,4,18,2,0,24,0,2,15,0,17,4,20,17,0,41,12,0,12,53
01/03/2021,MOT,ND,AGL,CE,Federal Contract Tower,0,9,6,0,15,0,0,14,0,14,0,9,20,0,29,16,0,16,45
01/04/2021,MOT,ND,AGL,CE,Federal Contract Tower,4,12,8,0,24,0,0,18,0,18,4,12,26,0,42,51,0,51,93
01/05/2021,MOT,ND,AGL,CE,Federal Contract Tower,0,21,4,0,25,0,0,13,0,13,0,21,17,0,38,9,50,59,97
01/06/2021,MOT,ND,AGL,CE,Federal Contract Tower,0,17,2,0,19,0,5,22,0,27,0,22,24,0,46,78,4,82,128
01/07/2021,MOT,ND,AGL,CE,Federal Contract Tower,4,19,1,1,25,0,0,7,0,7,4,19,8,1,32,69,2,71,103
01/08/2021,MOT,ND,AGL,CE,Federal Contract Tower,0,19,4,0,23,0,0,1,0,1,0,19,5,0,24,0,0,0,24
01/09/2021,MOT,ND,AGL,CE,Federal Contract Tower,0,12,3,0,15,0,0,13,0,13,0,12,16,0,28,34,0,34,62
01/10/2021,MOT,ND,AGL,CE,Federal Contract Tower,2,9,4,0,15,0,6,9,0,15,2,15,13,0,30,37,0,37,67
01/11/2021,MOT,ND,AGL,CE,Federal Contract Tower,4,16,6,0,26,0,0,11,0,11,4,16,17,0,37,35,28,63,100
01/12/2021,MOT,ND,AGL,CE,Federal Contract Tower,0,20,8,0,28,0,0,24,0,24,0,20,32,0,52,70,11,81,133
01/13/2021,MOT,ND,AGL,CE,Federal Contract Tower,0,18,12,0,30,0,2,25,0,27,0,20,37,0,57,22,6,28,85
01/14/2021,MOT,ND,AGL,CE,Federal Contract Tower,4,11,0,0,15,0,0,0,0,0,4,11,0,0,15,0,0,0,15
01/15/2021,MOT,ND,AGL,CE,Federal Contract Tower,6,16,11,0,33,0,0,11,0,11,6,16,22,0,44,17,0,17,61
01/16/2021,MOT,ND,AGL,CE,Federal Contract Tower,0,17,0,0,17,0,0,25,0,25,0,17,25,0,42,58,0,58,100
01/17/2021,MOT,ND,AGL,CE,Federal Contract Tower,0,6,3,0,9,0,2,22,0,24,0,8,25,0,33,49,0,49,82
01/18/2021,MOT,ND,AGL,CE,Federal Contract Tower,4,13,5,0,22,0,0,0,0,0,4,13,5,0,22,29,0,29,51
01/19/2021,MOT,ND,AGL,CE,Federal Contract Tower,4,14,7,0,25,0,0,12,0,12,4,14,19,0,37,38,2,40,77
01/20/2021,MOT,ND,AGL,CE,Federal Contract Tower,0,17,7,0,24,0,0,2,0,2,0,17,9,0,26,0,0,0,26
01/21/2021,MOT,ND,AGL,CE,Federal Contract Tower,4,15,7,0,26,0,0,1,0,1,4,15,8,0,27,16,15,31,58
01/22/2021,MOT,ND,AGL,CE,Federal Contract Tower,0,16,9,0,25,0,1,5,0,6,0,17,14,0,31,0,2,2,33
01/23/2021,MOT,ND,AGL,CE,Federal Contract Tower,0,13,2,0,15,0,0,22,0,22,0,13,24,0,37,127,0,127,164
01/24/2021,MOT,ND,AGL,CE,Federal Contract Tower,2,7,1,0,10,0,0,0,0,0,2,7,1,0,10,0,0,0,10
01/25/2021,MOT,ND,AGL,CE,Federal Contract Tower,4,19,9,0,32,0,0,0,3,3,4,19,9,3,35,2,2,4,39
01/26/2021,MOT,ND,AGL,CE,Federal Contract Tower,0,18,9,0,27,0,0,0,0,0,0,18,9,0,27,0,12,12,39
01/27/2021,MOT,ND,AGL,CE,Federal Contract Tower,0,19,9,0,28,0,0,5,0,5,0,19,14,0,33,4,0,4,37
01/28/2021,MOT,ND,AGL,CE,Federal Contract Tower,4,18,13,0,35,0,0,1,0,1,4,18,14,0,36,7,0,7,43
01/29/2021,MOT,ND,AGL,CE,Federal Contract Tower,0,17,5,2,24,0,0,0,0,0,0,17,5,2,24,0,0,0,24
01/30/2021,MOT,ND,AGL,CE,Federal Contract Tower,0,11,1,0,12,0,0,0,0,0,0,11,1,0,12,0,0,0,12
01/31/2021,MOT,ND,AGL,CE,Federal Contract Tower,0,9,7,0,16,0,2,3,0,5,0,11,10,0,21,20,0,20,41
02/01/2021,MOT,ND,AGL,CE,Federal Contract Tower,4,12,8,0,24,0,0,17,0,17,4,12,25,0,41,149,0,149,190
02/02/2021,MOT,ND,AGL,CE,Federal Contract Tower,1,17,12,0,30,0,0,10,0,10,1,17,22,0,40,73,2,75,115
02/03/2021,MOT,ND,AGL,CE,Federal Contract Tower,0,18,8,0,26,0,4,1,0,5,0,22,9,0,31,8,0,8,39
02/04/2021,MOT,ND,AGL,CE,Federal Contract Tower,4,15,6,0,25,0,1,9,0,10,4,16,15,0,35,17,8,25,60
02/05/2021,MOT,ND,AGL,CE,Federal Contract Tower,1,16,5,0,22,0,0,3,0,3,1,16,8,0,25,0,8,8,33
02/06/2021,MOT,ND,AGL,CE,Federal Contract Tower,0,14,1,0,15,0,0,0,0,0,0,14,1,0,15,0,2,2,17
02/07/2021,MOT,ND,AGL,CE,Federal Contract Tower,0,9,6,0,15,0,0,9,0,9,0,9,15,0,24,0,0,0,24
02/08/2021,MOT,ND,AGL,CE,Federal Contract Tower,4,16,4,0,24,0,0,5,0,5,4,16,9,0,29,4,10,14,43
02/09/2021,MOT,ND,AGL,CE,Federal Contract Tower,0,18,8,0,26,0,0,0,0,0,0,18,8,0,26,1,2,3,29
02/10/2021,MOT,ND,AGL,CE,Federal Contract Tower,4,23,4,0,31,0,0,8,0,8,4,23,12,0,39,0,0,0,39
02/11/2021,MOT,ND,AGL,CE,Federal Contract Tower,2,16,7,0,25,0,0,0,0,0,2,16,7,0,25,2,0,2,27
02/12/2021,MOT,ND,AGL,CE,Federal Contract Tower,0,22,9,0,31,0,0,0,0,0,0,22,9,0,31,0,0,0,31
02/13/2021,MOT,ND,AGL,CE,Federal Contract Tower,3,16,0,0,19,0,0,5,0,5,3,16,5,0,24,0,0,0,24
02/14/2021,MOT,ND,AGL,CE,Federal Contract Tower,1,8,3,0,12,0,0,2,0,2,1,8,5,0,14,0,0,0,14
02/15/2021,MOT,ND,AGL,CE,Federal Contract Tower,1,15,2,0,18,0,0,7,0,7,1,15,9,0,25,16,0,16,41
02/16/2021,MOT,ND,AGL,CE,Federal Contract Tower,0,14,8,0,22,0,0,7,2,9,0,14,15,2,31,15,10,25,56
02/17/2021,MOT,ND,AGL,CE,Federal Contract Tower,7,17,11,0,35,0,0,9,0,9,7,17,20,0,44,45,0,45,89
02/18/2021,MOT,ND,AGL,CE,Federal Contract Tower,3,19,11,0,33,0,0,5,0,5,3,19,16,0,38,12,6,18,56
02/19/2021,MOT,ND,AGL,CE,Federal Contract Tower,3,12,3,0,18,0,0,17,0,17,3,12,20,0,35,22,4,26,61
02/20/2021,MOT,ND,AGL,CE,Federal Contract Tower,4,15,3,0,22,0,0,22,0,22,4,15,25,0,44,116,0,116,160
02/21/2021,MOT,ND,AGL,CE,Federal Contract Tower,5,10,3,0,18,0,6,18,0,24,5,16,21,0,42,80,4,84,126
02/22/2021,MOT,ND,AGL,CE,Federal Contract Tower,2,11,12,0,25,0,0,1,0,1,2,11,13,0,26,4,8,12,38
02/23/2021,MOT,ND,AGL,CE,Federal Contract Tower,0,18,5,0,23,0,0,0,0,0,0,18,5,0,23,0,0,0,23
02/24/2021,MOT,ND,AGL,CE,Federal Contract Tower,4,19,10,0,33,0,0,9,0,9,4,19,19,0,42,0,4,4,46
02/25/2021,MOT,ND,AGL,CE,Federal Contract Tower,4,19,7,0,30,0,4,16,0,20,4,23,23,0,50,8,2,10,60
02/26/2021,MOT,ND,AGL,CE,Federal Contract Tower,0,19,9,0,28,0,0,17,0,17,0,19,26,0,45,38,0,38,83
02/27/2021,MOT,ND,AGL,CE,Federal Contract Tower,4,14,1,0,19,0,0,8,0,8,4,14,9,0,27,6,0,6,33
02/28/2021,MOT,ND,AGL,CE,Federal Contract Tower,2,10,1,0,13,0,0,14,0,14,2,10,15,0,27,0,0,0,27
03/01/2021,MOT,ND,AGL,CE,Federal Contract Tower,0,12,7,0,19,0,0,11,0,11,0,12,18,0,30,18,24,42,72
03/02/2021,MOT,ND,AGL,CE,Federal Contract Tower,0,22,3,0,25,0,0,13,0,13,0,22,16,0,38,29,36,65,103
03/03/2021,MOT,ND,AGL,CE,Federal Contract Tower,4,22,11,0,37,0,1,38,0,39,4,23,49,0,76,38,31,69,145
03/04/2021,MOT,ND,AGL,CE,Federal Contract Tower,4,20,10,0,34,0,4,19,0,23,4,24,29,0,57,19,2,21,78
03/05/2021,MOT,ND,AGL,CE,Federal Contract Tower,0,19,2,0,21,0,8,0,0,8,0,27,2,0,29,18,0,18,47
03/06/2021,MOT,ND,AGL,CE,Federal Contract Tower,6,15,5,0,26,0,0,22,0,22,6,15,27,0,48,22,0,22,70
03/07/2021,MOT,ND,AGL,CE,Federal Contract Tower,2,13,1,0,16,0,2,28,0,30,2,15,29,0,46,3,0,3,49
03/08/2021,MOT,ND,AGL,CE,Federal Contract Tower,2,15,5,0,22,0,1,16,0,17,2,16,21,0,39,34,43,77,116
03/09/2021,MOT,ND,AGL,CE,Federal Contract Tower,0,24,13,0,37,0,0,1,0,1,0,24,14,0,38,0,16,16,54
03/10/2021,MOT,ND,AGL,CE,Federal Contract Tower,4,21,4,0,29,0,0,9,0,9,4,21,13,0,38,40,33,73,111
03/11/2021,MOT,ND,AGL,CE,Federal Contract Tower,5,22,6,0,33,0,5,15,0,20,5,27,21,0,53,0,0,0,53
03/12/2021,MOT,ND,AGL,CE,Federal Contract Tower,0,26,7,0,33,0,3,24,0,27,0,29,31,0,60,33,0,33,93
03/13/2021,MOT,ND,AGL,CE,Federal Contract Tower,4,19,3,0,26,0,3,36,0,39,4,22,39,0,65,87,0,87,152
03/14/2021,MOT,ND,AGL,CE,Federal Contract Tower,2,14,7,0,23,0,0,20,0,20,2,14,27,0,43,27,0,27,70
03/15/2021,MOT,ND,AGL,CE,Federal Contract Tower,2,13,5,0,20,0,0,16,0,16,2,13,21,0,36,5,16,21,57
03/16/2021,MOT,ND,AGL,CE,Federal Contract Tower,0,25,6,0,31,0,0,14,0,14,0,25,20,0,45,8,2,10,55
03/17/2021,MOT,ND,AGL,CE,Federal Contract Tower,4,15,10,0,29,0,7,0,0,7,4,22,10,0,36,57,2,59,95
03/18/2021,MOT,ND,AGL,CE,Federal Contract Tower,4,24,1,0,29,0,4,13,0,17,4,28,14,0,46,28,6,34,80
03/19/2021,MOT,ND,AGL,CE,Federal Contract Tower,0,29,5,0,34,0,0,25,0,25,0,29,30,0,59,4,0,4,63
03/20/2021,MOT,ND,AGL,CE,Federal Contract Tower,4,19,4,0,27,0,0,48,0,48,4,19,52,0,75,76,0,76,151
03/21/2021,MOT,ND,AGL,CE,Federal Contract Tower,2,18,3,0,23,0,3,13,0,16,2,21,16,0,39,13,0,13,52
03/22/2021,MOT,ND,AGL,CE,Federal Contract Tower,4,17,5,0,26,0,6,9,0,15,4,23,14,0,41,4,32,36,77
03/23/2021,MOT,ND,AGL,CE,Federal Contract Tower,0,29,8,0,37,0,5,17,0,22,0,34,25,0,59,50,6,56,115
03/24/2021,MOT,ND,AGL,CE,Federal Contract Tower,4,22,13,0,39,0,0,13,0,13,4,22,26,0,52,32,2,34,86
03/25/2021,MOT,ND,AGL,CE,Federal Contract Tower,2,25,5,0,32,0,0,26,0,26,2,25,31,0,58,55,0,55,113
03/26/2021,MOT,ND,AGL,CE,Federal Contract Tower,0,26,8,0,34,0,6,9,0,15,0,32,17,0,49,24,4,28,77
03/27/2021,MOT,ND,AGL,CE,Federal Contract Tower,5,20,4,0,29,0,2,17,0,19,5,22,21,0,48,54,0,54,102
03/28/2021,MOT,ND,AGL,CE,Federal Contract Tower,2,14,5,0,21,0,1,11,0,12,2,15,16,0,33,0,0,0,33
03/29/2021,MOT,ND,AGL,CE,Federal Contract Tower,1,15,3,0,19,0,0,4,0,4,1,15,7,0,23,8,2,10,33
03/30/2021,MOT,ND,AGL,CE,Federal Contract Tower,0,25,4,0,29,0,0,2,0,2,0,25,6,0,31,0,2,2,33
03/31/2021,MOT,ND,AGL,CE,Federal Contract Tower,4,22,3,0,29,0,0,28,0,28,4,22,31,0,57,54,6,60,117
04/01/2021,MOT,ND,AGL,CE,Federal Contract Tower,4,24,6,0,34,0,1,13,0,14,4,25,19,0,48,13,2,15,63
04/02/2021,MOT,ND,AGL,CE,Federal Contract Tower,2,20,3,0,25,0,4,23,0,27,2,24,26,0,52,50,0,50,102
04/03/2021,MOT,ND,AGL,CE,Federal Contract Tower,4,17,2,0,23,0,1,29,0,30,4,18,31,0,53,105,0,105,158
04/05/2021,MOT,ND,AGL,CE,Federal Contract Tower,2,20,15,0,37,0,2,16,0,18,2,22,31,0,55,11,0,11,66
04/06/2021,MOT,ND,AGL,CE,Federal Contract Tower,0,23,15,0,38,0,2,18,0,20,0,25,33,0,58,135,10,145,203
04/07/2021,MOT,ND,AGL,CE,Federal Contract Tower,4,24,17,0,45,0,0,25,0,25,4,24,42,0,70,69,0,69,139
04/08/2021,MOT,ND,AGL,CE,Federal Contract Tower,4,26,7,0,37,0,1,13,0,14,4,27,20,0,51,72,0,72,123
04/09/2021,MOT,ND,AGL,CE,Federal Contract Tower,0,23,5,0,28,0,1,9,0,10,0,24,14,0,38,3,4,7,45
04/10/2021,MOT,ND,AGL,CE,Federal Contract Tower,4,20,8,0,32,0,6,39,0,45,4,26,47,0,77,57,0,57,134
04/11/2021,MOT,ND,AGL,CE,Federal Contract Tower,2,13,0,0,15,0,1,0,0,1,2,14,0,0,16,2,0,2,18
04/12/2021,MOT,ND,AGL,CE,Federal Contract Tower,2,16,6,0,24,0,0,0,0,0,2,16,6,0,24,0,0,0,24
04/13/2021,MOT,ND,AGL,CE,Federal Contract Tower,0,25,7,0,32,0,0,0,0,0,0,25,7,0,32,0,0,0,32
04/14/2021,MOT,ND,AGL,CE,Federal Contract Tower,0,22,4,0,26,0,0,3,0,3,0,22,7,0,29,0,22,22,51
04/15/2021,MOT,ND,AGL,CE,Federal Contract Tower,1,22,15,0,38,0,2,6,0,8,1,24,21,0,46,18,0,18,64
04/16/2021,MOT,ND,AGL,CE,Federal Contract Tower,1,20,2,0,23,0,6,5,0,11,1,26,7,0,34,46,0,46,80
04/17/2021,MOT,ND,AGL,CE,Federal Contract Tower,0,18,6,0,24,0,12,69,0,81,0,30,75,0,105,65,0,65,170
04/18/2021,MOT,ND,AGL,CE,Federal Contract Tower,0,14,5,0,19,0,0,5,0,5,0,14,10,0,24,0,0,0,24
04/19/2021,MOT,ND,AGL,CE,Federal Contract Tower,3,16,2,0,21,0,0,8,0,8,3,16,10,0,29,8,22,30,59
04/20/2021,MOT,ND,AGL,CE,Federal Contract Tower,4,21,9,0,34,0,8,6,0,14,4,29,15,0,48,12,0,12,60
04/21/2021,MOT,ND,AGL,CE,Federal Contract Tower,0,18,3,0,21,0,7,26,0,33,0,25,29,0,54,53,12,65,119
04/22/2021,MOT,ND,AGL,CE,Federal Contract Tower,0,25,8,0,33,0,2,36,0,38,0,27,44,0,71,22,0,22,93
04/23/2021,MOT,ND,AGL,CE,Federal Contract Tower,1,21,8,0,30,0,0,13,0,13,1,21,21,0,43,31,4,35,78
04/24/2021,MOT,ND,AGL,CE,Federal Contract Tower,2,16,4,0,22,0,0,41,0,41,2,16,45,0,63,108,4,112,175
04/25/2021,MOT,ND,AGL,CE,Federal Contract Tower,0,14,8,0,22,0,1,6,0,7,0,15,14,0,29,14,0,14,43
04/26/2021,MOT,ND,AGL,CE,Federal Contract Tower,3,20,8,0,31,0,0,8,0,8,3,20,16,0,39,18,4,22,61
04/27/2021,MOT,ND,AGL,CE,Federal Contract Tower,0,22,13,0,35,0,5,29,0,34,0,27,42,0,69,53,21,74,143
04/28/2021,MOT,ND,AGL,CE,Federal Contract Tower,0,26,6,0,32,0,0,32,0,32,0,26,38,0,64,64,4,68,132
04/29/2021,MOT,ND,AGL,CE,Federal Contract Tower,1,28,5,0,34,0,0,13,0,13,1,28,18,0,47,25,2,27,74
04/30/2021,MOT,ND,AGL,CE,Federal Contract Tower,1,26,6,0,33,0,3,12,0,15,1,29,18,0,48,17,0,17,65
05/01/2021,MOT,ND,AGL,CE,Federal Contract Tower,0,18,3,0,21,0,2,24,0,26,0,20,27,0,47,56,0,56,103
05/02/2021,MOT,ND,AGL,CE,Federal Contract Tower,0,12,3,0,15,0,5,17,0,22,0,17,20,0,37,68,0,68,105
05/03/2021,MOT,ND,AGL,CE,Federal Contract Tower,3,16,4,0,23,0,0,4,0,4,3,16,8,0,27,46,0,46,73
05/04/2021,MOT,ND,AGL,CE,Federal Contract Tower,0,19,11,0,30,0,4,28,0,32,0,23,39,0,62,54,2,56,118
05/05/2021,MOT,ND,AGL,CE,Federal Contract Tower,2,20,9,0,31,0,0,15,0,15,2,20,24,0,46,54,2,56,102
05/06/2021,MOT,ND,AGL,CE,Federal Contract Tower,2,22,6,0,30,0,0,10,0,10,2,22,16,0,40,2,0,2,42
05/07/2021,MOT,ND,AGL,CE,Federal Contract Tower,1,25,8,0,34,0,0,44,0,44,1,25,52,0,78,68,4,72,150
05/08/2021,MOT,ND,AGL,CE,Federal Contract Tower,1,17,5,0,23,0,2,24,0,26,1,19,29,0,49,50,0,50,99
05/09/2021,MOT,ND,AGL,CE,Federal Contract Tower,1,13,7,0,21,0,0,33,0,33,1,13,40,0,54,17,0,17,71
05/10/2021,MOT,ND,AGL,CE,Federal Contract Tower,4,15,11,0,30,0,3,23,0,26,4,18,34,0,56,71,0,71,127
05/11/2021,MOT,ND,AGL,CE,Federal Contract Tower,2,22,10,0,34,0,4,26,0,30,2,26,36,0,64,84,16,100,164
05/12/2021,MOT,ND,AGL,CE,Federal Contract Tower,2,19,7,0,28,0,11,29,0,40,2,30,36,0,68,16,8,24,92
05/13/2021,MOT,ND,AGL,CE,Federal Contract Tower,3,18,0,0,21,0,2,50,0,52,3,20,50,0,73,85,2,87,160
05/14/2021,MOT,ND,AGL,CE,Federal Contract Tower,0,27,5,0,32,0,1,28,0,29,0,28,33,0,61,86,0,86,147
05/15/2021,MOT,ND,AGL,CE,Federal Contract Tower,0,16,1,0,17,0,7,59,1,67,0,23,60,1,84,78,3,81,165
05/16/2021,MOT,ND,AGL,CE,Federal Contract Tower,2,9,3,0,14,0,8,31,0,39,2,17,34,0,53,50,0,50,103
05/17/2021,MOT,ND,AGL,CE,Federal Contract Tower,5,13,4,0,22,0,4,12,0,16,5,17,16,0,38,0,2,2,40
05/18/2021,MOT,ND,AGL,CE,Federal Contract Tower,2,23,6,0,31,0,2,8,0,10,2,25,14,0,41,0,2,2,43
05/19/2021,MOT,ND,AGL,CE,Federal Contract Tower,2,17,8,0,27,0,12,21,0,33,2,29,29,0,60,21,28,49,109
05/20/2021,MOT,ND,AGL,CE,Federal Contract Tower,4,19,7,0,30,0,0,2,0,2,4,19,9,0,32,0,6,6,38
05/21/2021,MOT,ND,AGL,CE,Federal Contract Tower,3,17,11,0,31,0,0,3,0,3,3,17,14,0,34,3,0,3,37
05/22/2021,MOT,ND,AGL,CE,Federal Contract Tower,0,16,12,0,28,0,3,2,0,5,0,19,14,0,33,0,0,0,33
05/23/2021,MOT,ND,AGL,CE,Federal Contract Tower,1,11,6,0,18,0,0,0,0,0,1,11,6,0,18,0,0,0,18
05/24/2021,MOT,ND,AGL,CE,Federal Contract Tower,7,14,2,0,23,0,0,6,0,6,7,14,8,0,29,0,8,8,37
05/25/2021,MOT,ND,AGL,CE,Federal Contract Tower,2,15,10,0,27,0,1,8,0,9,2,16,18,0,36,0,24,24,60
05/26/2021,MOT,ND,AGL,CE,Federal Contract Tower,4,23,14,0,41,0,5,37,0,42,4,28,51,0,83,101,15,116,199
05/27/2021,MOT,ND,AGL,CE,Federal Contract Tower,6,17,11,0,34,0,0,34,0,34,6,17,45,0,68,98,0,98,166
05/28/2021,MOT,ND,AGL,CE,Federal Contract Tower,3,18,2,0,23,0,5,3,0,8,3,23,5,0,31,0,0,0,31
05/29/2021,MOT,ND,AGL,CE,Federal Contract Tower,5,16,0,0,21,0,8,35,0,43,5,24,35,0,64,44,0,44,108
05/30/2021,MOT,ND,AGL,CE,Federal Contract Tower,0,10,9,0,19,0,6,22,0,28,0,16,31,0,47,37,0,37,84
05/31/2021,MOT,ND,AGL,CE,Federal Contract Tower,6,10,7,0,23,0,2,31,0,33,6,12,38,0,56,124,0,124,180
06/01/2021,MOT,ND,AGL,CE,Federal Contract Tower,2,22,5,0,29,0,0,33,0,33,2,22,38,0,62,93,46,139,201
06/02/2021,MOT,ND,AGL,CE,Federal Contract Tower,6,16,13,0,35,0,0,28,0,28,6,16,41,0,63,59,10,69,132
06/03/2021,MOT,ND,AGL,CE,Federal Contract Tower,3,18,5,0,26,0,3,16,0,19,3,21,21,0,45,53,0,53,98
06/04/2021,MOT,ND,AGL,CE,Federal Contract Tower,2,17,7,0,26,0,4,11,0,15,2,21,18,0,41,32,0,32,73
06/05/2021,MOT,ND,AGL,CE,Federal Contract Tower,6,15,2,0,23,0,6,24,0,30,6,21,26,0,53,26,0,26,79
06/06/2021,MOT,ND,AGL,CE,Federal Contract Tower,2,11,5,0,18,0,2,14,0,16,2,13,19,0,34,14,0,14,48
06/07/2021,MOT,ND,AGL,CE,Federal Contract Tower,7,12,7,0,26,0,0,46,0,46,7,12,53,0,72,33,4,37,109
06/08/2021,MOT,ND,AGL,CE,Federal Contract Tower,2,20,9,0,31,0,4,19,0,23,2,24,28,0,54,33,0,33,87
06/09/2021,MOT,ND,AGL,CE,Federal Contract Tower,4,21,11,0,36,0,3,19,0,22,4,24,30,0,58,116,8,124,182
06/10/2021,MOT,ND,AGL,CE,Federal Contract Tower,4,19,13,0,36,0,0,6,0,6,4,19,19,0,42,0,0,0,42
06/11/2021,MOT,ND,AGL,CE,Federal Contract Tower,1,18,2,0,21,0,2,1,0,3,1,20,3,0,24,0,0,0,24
06/12/2021,MOT,ND,AGL,CE,Federal Contract Tower,4,20,14,0,38,0,1,21,0,22,4,21,35,0,60,146,0,146,206
06/13/2021,MOT,ND,AGL,CE,Federal Contract Tower,2,11,4,0,17,0,1,44,1,46,2,12,48,1,63,87,0,87,150
06/14/2021,MOT,ND,AGL,CE,Federal Contract Tower,4,16,8,0,28,0,2,31,0,33,4,18,39,0,61,110,0,110,171
06/15/2021,MOT,ND,AGL,CE,Federal Contract Tower,2,24,12,0,38,0,4,24,0,28,2,28,36,0,66,46,0,46,112
06/16/2021,MOT,ND,AGL,CE,Federal Contract Tower,3,24,12,0,39,0,4,2,0,6,3,28,14,0,45,38,6,44,89
06/17/2021,MOT,ND,AGL,CE,Federal Contract Tower,4,20,15,0,39,0,0,20,0,20,4,20,35,0,59,0,0,0,59
06/18/2021,MOT,ND,AGL,CE,Federal Contract Tower,3,24,6,0,33,0,2,21,0,23,3,26,27,0,56,22,0,22,78
06/19/2021,MOT,ND,AGL,CE,Federal Contract Tower,3,24,2,0,29,0,4,42,0,46,3,28,44,0,75,39,0,39,114
06/20/2021,MOT,ND,AGL,CE,Federal Contract Tower,2,11,4,0,17,0,3,4,0,7,2,14,8,0,24,2,0,2,26
06/21/2021,MOT,ND,AGL,CE,Federal Contract Tower,2,17,12,0,31,0,7,20,13,40,2,24,32,13,71,24,0,24,95
06/22/2021,MOT,ND,AGL,CE,Federal Contract Tower,0,25,4,0,29,0,0,31,0,31,0,25,35,0,60,41,8,49,109
06/23/2021,MOT,ND,AGL,CE,Federal Contract Tower,2,23,8,0,33,0,9,20,0,29,2,32,28,0,62,36,20,56,118
06/24/2021,MOT,ND,AGL,CE,Federal Contract Tower,4,22,8,0,34,0,0,40,2,42,4,22,48,2,76,80,0,80,156
06/25/2021,MOT,ND,AGL,CE,Federal Contract Tower,3,22,12,0,37,0,4,5,0,9,3,26,17,0,46,32,6,38,84
06/26/2021,MOT,ND,AGL,CE,Federal Contract Tower,6,17,1,0,24,0,0,25,0,25,6,17,26,0,49,83,0,83,132
06/27/2021,MOT,ND,AGL,CE,Federal Contract Tower,4,11,3,0,18,0,0,2,0,2,4,11,5,0,20,12,0,12,32
06/28/2021,MOT,ND,AGL,CE,Federal Contract Tower,3,17,8,0,28,0,0,28,0,28,3,17,36,0,56,50,2,52,108
06/29/2021,MOT,ND,AGL,CE,Federal Contract Tower,0,24,4,0,28,0,4,58,0,62,0,28,62,0,90,60,0,60,150
06/30/2021,MOT,ND,AGL,CE,Federal Contract Tower,4,23,7,0,34,0,2,29,0,31,4,25,36,0,65,31,8,39,104
07/01/2021,MOT,ND,AGL,CE,Federal Contract Tower,6,21,6,0,33,0,0,18,0,18,6,21,24,0,51,36,0,36,87
07/02/2021,MOT,ND,AGL,CE,Federal Contract Tower,5,19,3,0,27,0,10,24,0,34,5,29,27,0,61,40,0,40,101
07/03/2021,MOT,ND,AGL,CE,Federal Contract Tower,4,18,7,0,29,0,5,19,0,24,4,23,26,0,53,73,0,73,126
07/04/2021,MOT,ND,AGL,CE,Federal Contract Tower,2,13,1,0,16,0,0,12,0,12,2,13,13,0,28,1,0,1,29
07/05/2021,MOT,ND,AGL,CE,Federal Contract Tower,5,13,5,0,23,0,4,31,0,35,5,17,36,0,58,67,0,67,125
07/06/2021,MOT,ND,AGL,CE,Federal Contract Tower,2,19,9,0,30,0,1,11,0,12,2,20,20,0,42,38,2,40,82
07/07/2021,MOT,ND,AGL,CE,Federal Contract Tower,5,21,12,0,38,0,4,40,0,44,5,25,52,0,82,73,10,83,165
07/08/2021,MOT,ND,AGL,CE,Federal Contract Tower,4,23,2,0,29,0,0,21,0,21,4,23,23,0,50,58,2,60,110
07/09/2021,MOT,ND,AGL,CE,Federal Contract Tower,2,17,14,0,33,0,0,27,0,27,2,17,41,0,60,53,8,61,121
07/10/2021,MOT,ND,AGL,CE,Federal Contract Tower,4,19,1,0,24,0,2,40,0,42,4,21,41,0,66,94,0,94,160
07/11/2021,MOT,ND,AGL,CE,Federal Contract Tower,2,13,2,0,17,0,0,34,0,34,2,13,36,0,51,0,0,0,51
07/12/2021,MOT,ND,AGL,CE,Federal Contract Tower,4,21,10,0,35,0,4,41,0,45,4,25,51,0,80,70,6,76,156
07/13/2021,MOT,ND,AGL,CE,Federal Contract Tower,0,25,10,0,35,0,0,28,0,28,0,25,38,0,63,34,0,34,97
07/14/2021,MOT,ND,AGL,CE,Federal Contract Tower,4,23,9,0,36,0,5,31,0,36,4,28,40,0,72,32,2,34,106
07/15/2021,MOT,ND,AGL,CE,Federal Contract Tower,2,21,3,0,26,0,2,18,0,20,2,23,21,0,46,27,0,27,73
07/16/2021,MOT,ND,AGL,CE,Federal Contract Tower,2,20,6,0,28,0,0,23,0,23,2,20,29,0,51,6,8,14,65
07/17/2021,MOT,ND,AGL,CE,Federal Contract Tower,2,20,0,0,22,0,2,33,0,35,2,22,33,0,57,35,0,35,92
07/18/2021,MOT,ND,AGL,CE,Federal Contract Tower,2,14,6,0,22,0,0,17,0,17,2,14,23,0,39,9,0,9,48
07/19/2021,MOT,ND,AGL,CE,Federal Contract Tower,4,14,7,0,25,0,4,24,0,28,4,18,31,0,53,8,12,20,73
07/20/2021,MOT,ND,AGL,CE,Federal Contract Tower,2,21,12,0,35,0,1,26,0,27,2,22,38,0,62,51,0,51,113
07/21/2021,MOT,ND,AGL,CE,Federal Contract Tower,3,20,14,1,38,0,2,19,0,21,3,22,33,1,59,16,25,41,100
07/22/2021,MOT,ND,AGL,CE,Federal Contract Tower,1,35,20,0,56,0,0,21,0,21,1,35,41,0,77,45,12,57,134
07/23/2021,MOT,ND,AGL,CE,Federal Contract Tower,1,25,12,2,40,0,6,33,0,39,1,31,45,2,79,48,14,62,141
07/24/2021,MOT,ND,AGL,CE,Federal Contract Tower,4,19,5,0,28,0,0,41,0,41,4,19,46,0,69,48,0,48,117
07/25/2021,MOT,ND,AGL,CE,Federal Contract Tower,2,14,11,0,27,0,4,34,0,38,2,18,45,0,65,62,0,62,127
07/26/2021,MOT,ND,AGL,CE,Federal Contract Tower,7,13,12,0,32,0,6,27,0,33,7,19,39,0,65,42,44,86,151
07/27/2021,MOT,ND,AGL,CE,Federal Contract Tower,2,21,4,2,29,0,0,7,0,7,2,21,11,2,36,60,67,127,163
07/28/2021,MOT,ND,AGL,CE,Federal Contract Tower,4,19,12,0,35,0,4,17,0,21,4,23,29,0,56,74,2,76,132
07/29/2021,MOT,ND,AGL,CE,Federal Contract Tower,4,20,3,0,27,0,1,18,2,21,4,21,21,2,48,53,83,136,184
07/30/2021,MOT,ND,AGL,CE,Federal Contract Tower,2,19,21,0,42,0,1,21,0,22,2,20,42,0,64,18,0,18,82
07/31/2021,MOT,ND,AGL,CE,Federal Contract Tower,6,16,9,0,31,0,1,33,0,34,6,17,42,0,65,45,0,45,110
08/01/2021,MOT,ND,AGL,CE,Federal Contract Tower,2,10,5,0,17,0,0,33,0,33,2,10,38,0,50,4,0,4,54
08/02/2021,MOT,ND,AGL,CE,Federal Contract Tower,4,16,12,0,32,0,3,35,0,38,4,19,47,0,70,6,4,10,80
08/03/2021,MOT,ND,AGL,CE,Federal Contract Tower,2,28,10,0,40,0,4,16,0,20,2,32,26,0,60,26,0,26,86
08/04/2021,MOT,ND,AGL,CE,Federal Contract Tower,5,19,15,0,39,0,7,25,0,32,5,26,40,0,71,40,2,42,113
08/05/2021,MOT,ND,AGL,CE,Federal Contract Tower,4,21,8,0,33,0,1,20,0,21,4,22,28,0,54,4,4,8,62
08/06/2021,MOT,ND,AGL,CE,Federal Contract Tower,3,16,8,0,27,0,5,24,0,29,3,21,32,0,56,28,4,32,88
08/07/2021,MOT,ND,AGL,CE,Federal Contract Tower,4,16,0,0,20,0,1,39,0,40,4,17,39,0,60,98,0,98,158
08/08/2021,MOT,ND,AGL,CE,Federal Contract Tower,2,9,9,0,20,0,0,26,0,26,2,9,35,0,46,21,0,21,67
08/09/2021,MOT,ND,AGL,CE,Federal Contract Tower,4,15,10,0,29,0,1,15,0,16,4,16,25,0,45,13,2,15,60
08/10/2021,MOT,ND,AGL,CE,Federal Contract Tower,1,18,10,0,29,0,6,26,3,35,1,24,36,3,64,19,33,52,116
08/11/2021,MOT,ND,AGL,CE,Federal Contract Tower,3,24,17,2,46,0,0,15,2,17,3,24,32,4,63,6,4,10,73
08/12/2021,MOT,ND,AGL,CE,Federal Contract Tower,5,17,12,0,34,0,0,11,0,11,5,17,23,0,45,27,4,31,76
08/13/2021,MOT,ND,AGL,CE,Federal Contract Tower,3,15,6,0,24,0,14,26,0,40,3,29,32,0,64,24,15,39,103
08/14/2021,MOT,ND,AGL,CE,Federal Contract Tower,4,16,6,0,26,0,11,31,0,42,4,27,37,0,68,34,1,35,103
08/15/2021,MOT,ND,AGL,CE,Federal Contract Tower,2,9,8,0,19,0,5,11,0,16,2,14,19,0,35,0,4,4,39
08/16/2021,MOT,ND,AGL,CE,Federal Contract Tower,5,14,4,0,23,0,1,13,4,18,5,15,17,4,41,15,0,15,56
08/17/2021,MOT,ND,AGL,CE,Federal Contract Tower,2,23,9,2,36,0,3,19,0,22,2,26,28,2,58,34,27,61,119
08/18/2021,MOT,ND,AGL,CE,Federal Contract Tower,2,16,26,0,44,0,8,14,0,22,2,24,40,0,66,21,21,42,108
08/19/2021,MOT,ND,AGL,CE,Federal Contract Tower,4,27,7,0,38,0,10,16,0,26,4,37,23,0,64,43,0,43,107
08/20/2021,MOT,ND,AGL,CE,Federal Contract Tower,2,15,4,0,21,0,0,0,0,0,2,15,4,0,21,0,0,0,21
08/21/2021,MOT,ND,AGL,CE,Federal Contract Tower,2,15,5,0,22,0,8,18,0,26,2,23,23,0,48,58,0,58,106
08/22/2021,MOT,ND,AGL,CE,Federal Contract Tower,0,11,8,0,19,0,0,2,0,2,0,11,10,0,21,2,0,2,23
08/23/2021,MOT,ND,AGL,CE,Federal Contract Tower,6,14,11,0,31,0,12,16,0,28,6,26,27,0,59,24,10,34,93
08/24/2021,MOT,ND,AGL,CE,Federal Contract Tower,2,20,7,0,29,0,0,6,0,6,2,20,13,0,35,20,2,22,57
08/25/2021,MOT,ND,AGL,CE,Federal Contract Tower,3,22,14,2,41,0,0,26,0,26,3,22,40,2,67,58,6,64,131
08/26/2021,MOT,ND,AGL,CE,Federal Contract Tower,5,17,3,0,25,0,2,12,0,14,5,19,15,0,39,27,6,33,72
08/27/2021,MOT,ND,AGL,CE,Federal Contract Tower,2,24,3,0,29,0,0,13,0,13,2,24,16,0,42,0,4,4,46
08/28/2021,MOT,ND,AGL,CE,Federal Contract Tower,2,18,1,0,21,0,7,41,0,48,2,25,42,0,69,62,0,62,131
08/29/2021,MOT,ND,AGL,CE,Federal Contract Tower,2,13,4,0,19,0,0,22,0,22,2,13,26,0,41,44,0,44,85
08/30/2021,MOT,ND,AGL,CE,Federal Contract Tower,6,15,8,0,29,0,0,24,0,24,6,15,32,0,53,47,8,55,108
08/31/2021,MOT,ND,AGL,CE,Federal Contract Tower,2,18,14,0,34,0,0,20,0,20,2,18,34,0,54,41,0,41,95
09/01/2021,MOT,ND,AGL,CE,Federal Contract Tower,2,21,8,0,31,0,1,4,2,7,2,22,12,2,38,21,18,39,77
09/02/2021,MOT,ND,AGL,CE,Federal Contract Tower,6,17,9,0,32,0,0,16,0,16,6,17,25,0,48,68,26,94,142
09/03/2021,MOT,ND,AGL,CE,Federal Contract Tower,2,17,9,3,31,0,2,33,0,35,2,19,42,3,66,37,0,37,103
09/04/2021,MOT,ND,AGL,CE,Federal Contract Tower,1,17,0,0,18,0,3,38,0,41,1,20,38,0,59,106,0,106,165
09/05/2021,MOT,ND,AGL,CE,Federal Contract Tower,0,13,3,0,16,0,11,8,0,19,0,24,11,0,35,26,0,26,61
09/06/2021,MOT,ND,AGL,CE,Federal Contract Tower,6,8,4,0,18,0,5,23,0,28,6,13,27,0,46,29,0,29,75
09/07/2021,MOT,ND,AGL,CE,Federal Contract Tower,2,14,7,0,23,0,0,5,0,5,2,14,12,0,28,25,4,29,57
09/08/2021,MOT,ND,AGL,CE,Federal Contract Tower,2,17,10,0,29,0,3,22,0,25,2,20,32,0,54,49,10,59,113
09/09/2021,MOT,ND,AGL,CE,Federal Contract Tower,5,16,9,0,30,0,18,34,0,52,5,34,43,0,82,29,4,33,115
09/10/2021,MOT,ND,AGL,CE,Federal Contract Tower,2,16,4,0,22,0,0,28,0,28,2,16,32,0,50,97,14,111,161
09/11/2021,MOT,ND,AGL,CE,Federal Contract Tower,2,13,7,0,22,0,0,25,0,25,2,13,32,0,47,5,4,9,56
09/12/2021,MOT,ND,AGL,CE,Federal Contract Tower,2,9,10,0,21,0,2,30,0,32,2,11,40,0,53,26,0,26,79
09/13/2021,MOT,ND,AGL,CE,Federal Contract Tower,7,14,18,0,39,0,4,18,0,22,7,18,36,0,61,95,6,101,162
09/14/2021,MOT,ND,AGL,CE,Federal Contract Tower,4,21,12,2,39,0,6,24,0,30,4,27,36,2,69,42,9,51,120
09/15/2021,MOT,ND,AGL,CE,Federal Contract Tower,3,15,13,3,34,0,5,22,0,27,3,20,35,3,61,42,26,68,129
09/16/2021,MOT,ND,AGL,CE,Federal Contract Tower,8,16,7,0,31,0,2,22,0,24,8,18,29,0,55,30,0,30,85
09/17/2021,MOT,ND,AGL,CE,Federal Contract Tower,4,14,12,0,30,0,5,17,0,22,4,19,29,0,52,9,8,17,69
09/18/2021,MOT,ND,AGL,CE,Federal Contract Tower,5,10,6,0,21,0,5,24,0,29,5,15,30,0,50,29,0,29,79
09/19/2021,MOT,ND,AGL,CE,Federal Contract Tower,4,10,10,0,24,0,4,14,0,18,4,14,24,0,42,34,0,34,76
09/20/2021,MOT,ND,AGL,CE,Federal Contract Tower,7,9,8,0,24,0,1,8,0,9,7,10,16,0,33,2,4,6,39
09/21/2021,MOT,ND,AGL,CE,Federal Contract Tower,4,22,7,0,33,0,0,18,0,18,4,22,25,0,51,74,0,74,125
09/22/2021,MOT,ND,AGL,CE,Federal Contract Tower,4,16,11,0,31,0,3,23,0,26,4,19,34,0,57,92,16,108,165
09/23/2021,MOT,ND,AGL,CE,Federal Contract Tower,8,14,14,0,36,0,1,22,0,23,8,15,36,0,59,85,2,87,146
09/24/2021,MOT,ND,AGL,CE,Federal Contract Tower,4,12,11,0,27,0,0,16,0,16,4,12,27,0,43,60,2,62,105
09/25/2021,MOT,ND,AGL,CE,Federal Contract Tower,4,13,9,0,26,0,10,26,0,36,4,23,35,0,62,85,0,85,147
09/26/2021,MOT,ND,AGL,CE,Federal Contract Tower,4,8,6,0,18,0,2,33,0,35,4,10,39,0,53,15,0,15,68
09/27/2021,MOT,ND,AGL,CE,Federal Contract Tower,6,13,9,0,28,0,1,25,0,26,6,14,34,0,54,47,2,49,103
09/28/2021,MOT,ND,AGL,CE,Federal Contract Tower,4,19,13,0,36,0,0,28,0,28,4,19,41,0,64,15,4,19,83
09/29/2021,MOT,ND,AGL,CE,Federal Contract Tower,4,19,17,0,40,0,0,25,0,25,4,19,42,0,65,4,2,6,71
09/30/2021,MOT,ND,AGL,CE,Federal Contract Tower,7,16,15,0,38,0,4,29,0,33,7,20,44,0,71,87,8,95,166
10/01/2021,MOT,ND,AGL,CE,Federal Contract Tower,5,16,10,0,31,0,3,34,0,37,5,19,44,0,68,61,4,65,133
10/02/2021,MOT,ND,AGL,CE,Federal Contract Tower,3,15,1,0,19,0,0,22,0,22,3,15,23,0,41,9,0,9,50
10/03/2021,MOT,ND,AGL,CE,Federal Contract Tower,3,8,10,0,21,0,0,13,0,13,3,8,23,0,34,28,0,28,62
10/04/2021,MOT,ND,AGL,CE,Federal Contract Tower,9,8,17,0,34,0,9,22,2,33,9,17,39,2,67,30,12,42,109
10/05/2021,MOT,ND,AGL,CE,Federal Contract Tower,4,19,5,0,28,0,3,25,0,28,4,22,30,0,56,47,0,47,103
10/06/2021,MOT,ND,AGL,CE,Federal Contract Tower,4,22,18,0,44,0,1,13,0,14,4,23,31,0,58,12,0,12,70
10/07/2021,MOT,ND,AGL,CE,Federal Contract Tower,6,15,8,0,29,0,0,26,0,26,6,15,34,0,55,85,0,85,140
10/08/2021,MOT,ND,AGL,CE,Federal Contract Tower,6,17,15,0,38,0,0,7,0,7,6,17,22,0,45,21,0,21,66
10/09/2021,MOT,ND,AGL,CE,Federal Contract Tower,5,16,5,0,26,0,0,0,0,0,5,16,5,0,26,2,0,2,28
10/10/2021,MOT,ND,AGL,CE,Federal Contract Tower,6,9,4,0,19,0,0,43,0,43,6,9,47,0,62,34,0,34,96
10/11/2021,MOT,ND,AGL,CE,Federal Contract Tower,7,14,6,0,27,0,1,26,0,27,7,15,32,0,54,62,0,62,116
10/12/2021,MOT,ND,AGL,CE,Federal Contract Tower,4,16,9,0,29,0,2,20,0,22,4,18,29,0,51,64,12,76,127
10/13/2021,MOT,ND,AGL,CE,Federal Contract Tower,6,14,8,0,28,0,0,0,0,0,6,14,8,0,28,0,0,0,28
10/14/2021,MOT,ND,AGL,CE,Federal Contract Tower,6,14,13,0,33,0,0,0,0,0,6,14,13,0,33,0,14,14,47
10/15/2021,MOT,ND,AGL,CE,Federal Contract Tower,4,15,21,6,46,0,9,24,0,33,4,24,45,6,79,14,4,18,97
10/16/2021,MOT,ND,AGL,CE,Federal Contract Tower,6,14,4,0,24,0,0,70,0,70,6,14,74,0,94,57,0,57,151
10/17/2021,MOT,ND,AGL,CE,Federal Contract Tower,4,6,12,4,26,0,0,26,0,26,4,6,38,4,52,56,0,56,108
10/18/2021,MOT,ND,AGL,CE,Federal Contract Tower,7,14,12,0,33,0,2,35,0,37,7,16,47,0,70,96,0,96,166
10/19/2021,MOT,ND,AGL,CE,Federal Contract Tower,4,14,13,0,31,0,0,2,0,2,4,14,15,0,33,2,0,2,35
10/20/2021,MOT,ND,AGL,CE,Federal Contract Tower,6,13,27,0,46,0,0,9,0,9,6,13,36,0,55,39,10,49,104
10/21/2021,MOT,ND,AGL,CE,Federal Contract Tower,7,14,11,0,32,0,1,25,0,26,7,15,36,0,58,54,10,64,122
10/22/2021,MOT,ND,AGL,CE,Federal Contract Tower,2,14,12,0,28,0,2,24,0,26,2,16,36,0,54,28,10,38,92
10/23/2021,MOT,ND,AGL,CE,Federal Contract Tower,8,12,3,0,23,0,1,16,0,17,8,13,19,0,40,15,0,15,55
10/24/2021,MOT,ND,AGL,CE,Federal Contract Tower,2,8,3,0,13,0,0,1,0,1,2,8,4,0,14,0,0,0,14
10/25/2021,MOT,ND,AGL,CE,Federal Contract Tower,7,11,7,0,25,0,0,10,0,10,7,11,17,0,35,20,26,46,81
10/26/2021,MOT,ND,AGL,CE,Federal Contract Tower,4,20,16,0,40,0,0,1,0,1,4,20,17,0,41,0,0,0,41
10/27/2021,MOT,ND,AGL,CE,Federal Contract Tower,4,15,12,0,31,0,0,33,0,33,4,15,45,0,64,33,4,37,101
10/28/2021,MOT,ND,AGL,CE,Federal Contract Tower,7,14,18,0,39,0,0,37,0,37,7,14,55,0,76,78,0,78,154
10/29/2021,MOT,ND,AGL,CE,Federal Contract Tower,3,17,6,0,26,0,2,20,0,22,3,19,26,0,48,8,22,30,78
10/30/2021,MOT,ND,AGL,CE,Federal Contract Tower,6,13,2,0,21,0,4,12,0,16,6,17,14,0,37,23,0,23,60
10/31/2021,MOT,ND,AGL,CE,Federal Contract Tower,4,5,5,0,14,0,0,19,0,19,4,5,24,0,33,38,0,38,71
11/01/2021,MOT,ND,AGL,CE,Federal Contract Tower,8,13,8,0,29,0,3,7,0,10,8,16,15,0,39,48,0,48,87
11/02/2021,MOT,ND,AGL,CE,Federal Contract Tower,4,16,9,0,29,0,6,18,2,26,4,22,27,2,55,54,24,78,133
11/03/2021,MOT,ND,AGL,CE,Federal Contract Tower,2,21,7,0,30,0,7,16,0,23,2,28,23,0,53,72,8,80,133
11/04/2021,MOT,ND,AGL,CE,Federal Contract Tower,6,15,11,0,32,0,3,32,0,35,6,18,43,0,67,52,0,52,119
11/05/2021,MOT,ND,AGL,CE,Federal Contract Tower,3,17,8,0,28,0,13,22,0,35,3,30,30,0,63,22,30,52,115
11/06/2021,MOT,ND,AGL,CE,Federal Contract Tower,6,14,0,0,20,0,0,38,0,38,6,14,38,0,58,83,0,83,141
11/07/2021,MOT,ND,AGL,CE,Federal Contract Tower,6,3,5,0,14,0,1,34,0,35,6,4,39,0,49,42,0,42,91
11/08/2021,MOT,ND,AGL,CE,Federal Contract Tower,10,7,11,0,28,0,4,10,0,14,10,11,21,0,42,67,18,85,127
11/09/2021,MOT,ND,AGL,CE,Federal Contract Tower,8,15,18,0,41,0,5,23,0,28,8,20,41,0,69,70,2,72,141
11/10/2021,MOT,ND,AGL,CE,Federal Contract Tower,6,16,17,0,39,0,4,4,0,8,6,20,21,0,47,26,8,34,81
11/11/2021,MOT,ND,AGL,CE,Federal Contract Tower,9,14,13,0,36,0,0,0,0,0,9,14,13,0,36,0,0,0,36
11/12/2021,MOT,ND,AGL,CE,Federal Contract Tower,6,12,6,0,24,0,0,3,0,3,6,12,9,0,27,48,0,48,75
11/13/2021,MOT,ND,AGL,CE,Federal Contract Tower,10,5,3,0,18,0,0,0,0,0,10,5,3,0,18,0,0,0,18
11/14/2021,MOT,ND,AGL,CE,Federal Contract Tower,7,5,15,1,28,0,6,21,0,27,7,11,36,1,55,57,0,57,112
11/15/2021,MOT,ND,AGL,CE,Federal Contract Tower,10,8,17,0,35,0,0,0,0,0,10,8,17,0,35,0,0,0,35
11/16/2021,MOT,ND,AGL,CE,Federal Contract Tower,6,12,14,0,32,0,0,2,0,2,6,12,16,0,34,0,10,10,44
11/17/2021,MOT,ND,AGL,CE,Federal Contract Tower,6,10,7,0,23,0,0,0,0,0,6,10,7,0,23,0,0,0,23
11/18/2021,MOT,ND,AGL,CE,Federal Contract Tower,10,13,18,0,41,0,7,17,0,24,10,20,35,0,65,16,0,16,81
11/19/2021,MOT,ND,AGL,CE,Federal Contract Tower,6,13,8,0,27,0,7,18,0,25,6,20,26,0,52,26,8,34,86
11/20/2021,MOT,ND,AGL,CE,Federal Contract Tower,10,10,3,0,23,0,0,36,0,36,10,10,39,0,59,68,0,68,127
11/21/2021,MOT,ND,AGL,CE,Federal Contract Tower,6,5,6,0,17,0,3,20,0,23,6,8,26,0,40,15,0,15,55
11/22/2021,MOT,ND,AGL,CE,Federal Contract Tower,12,4,8,0,24,0,2,16,0,18,12,6,24,0,42,38,4,42,84
11/23/2021,MOT,ND,AGL,CE,Federal Contract Tower,6,14,11,0,31,0,4,21,4,29,6,18,32,4,60,30,0,30,90
11/24/2021,MOT,ND,AGL,CE,Federal Contract Tower,8,16,4,0,28,0,0,2,0,2,8,16,6,0,30,0,0,0,30
11/25/2021,MOT,ND,AGL,CE,Federal Contract Tower,2,3,5,0,10,0,1,2,0,3,2,4,7,0,13,0,0,0,13
11/26/2021,MOT,ND,AGL,CE,Federal Contract Tower,9,15,2,0,26,0,1,30,0,31,9,16,32,0,57,44,0,44,101
11/27/2021,MOT,ND,AGL,CE,Federal Contract Tower,8,8,3,0,19,0,0,15,0,15,8,8,18,0,34,75,0,75,109
11/28/2021,MOT,ND,AGL,CE,Federal Contract Tower,6,3,7,0,16,0,0,7,0,7,6,3,14,0,23,15,0,15,38
11/29/2021,MOT,ND,AGL,CE,Federal Contract Tower,8,7,17,0,32,0,2,16,0,18,8,9,33,0,50,56,3,59,109
11/30/2021,MOT,ND,AGL,CE,Federal Contract Tower,6,10,6,0,22,0,0,20,0,20,6,10,26,0,42,9,8,17,59
12/01/2021,MOT,ND,AGL,CE,Federal Contract Tower,8,15,11,0,34,0,2,12,0,14,8,17,23,0,48,11,2,13,61
12/02/2021,MOT,ND,AGL,CE,Federal Contract Tower,10,11,10,0,31,0,0,15,0,15,10,11,25,0,46,24,4,28,74
12/03/2021,MOT,ND,AGL,CE,Federal Contract Tower,6,16,13,0,35,0,6,33,0,39,6,22,46,0,74,16,10,26,100
12/04/2021,MOT,ND,AGL,CE,Federal Contract Tower,6,12,1,0,19,0,0,12,0,12,6,12,13,0,31,43,0,43,74
12/05/2021,MOT,ND,AGL,CE,Federal Contract Tower,4,10,4,0,18,0,0,0,0,0,4,10,4,0,18,0,0,0,18
12/06/2021,MOT,ND,AGL,CE,Federal Contract Tower,7,10,8,0,25,0,0,5,8,13,7,10,13,8,38,2,2,4,42
12/07/2021,MOT,ND,AGL,CE,Federal Contract Tower,4,14,8,0,26,0,0,8,0,8,4,14,16,0,34,14,6,20,54
12/08/2021,MOT,ND,AGL,CE,Federal Contract Tower,6,14,18,0,38,0,0,5,0,5,6,14,23,0,43,34,10,44,87
12/09/2021,MOT,ND,AGL,CE,Federal Contract Tower,5,22,5,0,32,0,0,22,0,22,5,22,27,0,54,21,0,21,75
12/10/2021,MOT,ND,AGL,CE,Federal Contract Tower,8,12,12,0,32,0,1,21,0,22,8,13,33,0,54,28,0,28,82
12/11/2021,MOT,ND,AGL,CE,Federal Contract Tower,4,15,7,0,26,0,6,33,0,39,4,21,40,0,65,20,0,20,85
12/12/2021,MOT,ND,AGL,CE,Federal Contract Tower,4,5,7,0,16,0,0,16,0,16,4,5,23,0,32,36,0,36,68
12/13/2021,MOT,ND,AGL,CE,Federal Contract Tower,8,7,9,0,24,0,0,17,0,17,8,7,26,0,41,104,10,114,155
12/14/2021,MOT,ND,AGL,CE,Federal Contract Tower,4,20,9,0,33,0,0,20,0,20,4,20,29,0,53,28,20,48,101
12/15/2021,MOT,ND,AGL,CE,Federal Contract Tower,4,9,5,0,18,0,0,0,0,0,4,9,5,0,18,0,0,0,18
12/16/2021,MOT,ND,AGL,CE,Federal Contract Tower,6,18,14,2,40,0,0,14,0,14,6,18,28,2,54,2,0,2,56
12/17/2021,MOT,ND,AGL,CE,Federal Contract Tower,3,20,6,0,29,0,0,0,0,0,3,20,6,0,29,0,0,0,29
12/18/2021,MOT,ND,AGL,CE,Federal Contract Tower,5,20,3,0,28,0,0,23,0,23,5,20,26,0,51,2,0,2,53
12/19/2021,MOT,ND,AGL,CE,Federal Contract Tower,3,10,3,0,16,0,1,6,0,7,3,11,9,0,23,0,0,0,23
12/20/2021,MOT,ND,AGL,CE,Federal Contract Tower,6,13,8,0,27,0,2,10,0,12,6,15,18,0,39,0,8,8,47
12/21/2021,MOT,ND,AGL,CE,Federal Contract Tower,2,16,7,0,25,0,8,16,0,24,2,24,23,0,49,19,30,49,98
12/22/2021,MOT,ND,AGL,CE,Federal Contract Tower,8,9,13,0,30,0,4,11,0,15,8,13,24,0,45,27,0,27,72
12/23/2021,MOT,ND,AGL,CE,Federal Contract Tower,2,16,6,0,24,0,0,35,0,35,2,16,41,0,59,102,0,102,161
12/24/2021,MOT,ND,AGL,CE,Federal Contract Tower,4,13,6,0,23,0,1,1,0,2,4,14,7,0,25,2,0,2,27
12/25/2021,MOT,ND,AGL,CE,Federal Contract Tower,3,5,1,0,9,0,0,0,0,0,3,5,1,0,9,0,0,0,9
12/26/2021,MOT,ND,AGL,CE,Federal Contract Tower,3,4,3,0,10,0,0,0,0,0,3,4,3,0,10,0,0,0,10
12/27/2021,MOT,ND,AGL,CE,Federal Contract Tower,6,10,8,0,24,0,6,1,0,7,6,16,9,0,31,0,0,0,31
12/28/2021,MOT,ND,AGL,CE,Federal Contract Tower,5,16,7,0,28,0,0,3,0,3,5,16,10,0,31,0,0,0,31
12/29/2021,MOT,ND,AGL,CE,Federal Contract Tower,5,16,5,0,26,0,1,1,0,2,5,17,6,0,28,0,0,0,28
12/30/2021,MOT,ND,AGL,CE,Federal Contract Tower,2,17,1,0,20,0,0,0,0,0,2,17,1,0,20,0,0,0,20
12/31/2021,MOT,ND,AGL,CE,Federal Contract Tower,4,11,5,0,20,0,0,0,0,0,4,11,5,0,20,0,0,0,20
01/01/2022,MOT,ND,AGL,CE,Federal Contract Tower,1,6,3,0,10,0,0,0,0,0,1,6,3,0,10,0,0,0,10
01/02/2022,MOT,ND,AGL,CE,Federal Contract Tower,1,7,3,0,11,0,0,13,0,13,1,7,16,0,24,14,0,14,38
01/03/2022,MOT,ND,AGL,CE,Federal Contract Tower,2,11,6,0,19,0,0,6,0,6,2,11,12,0,25,24,0,24,49
01/04/2022,MOT,ND,AGL,CE,Federal Contract Tower,2,12,6,0,20,0,0,0,0,0,2,12,6,0,20,0,0,0,20
01/05/2022,MOT,ND,AGL,CE,Federal Contract Tower,6,14,8,0,28,0,0,1,0,1,6,14,9,0,29,0,12,12,41
01/06/2022,MOT,ND,AGL,CE,Federal Contract Tower,8,10,10,0,28,0,0,4,0,4,8,10,14,0,32,0,0,0,32
01/07/2022,MOT,ND,AGL,CE,Federal Contract Tower,5,8,16,0,29,0,0,4,0,4,5,8,20,0,33,0,0,0,33
01/08/2022,MOT,ND,AGL,CE,Federal Contract Tower,5,12,3,0,20,0,0,4,0,4,5,12,7,0,24,0,0,0,24
01/09/2022,MOT,ND,AGL,CE,Federal Contract Tower,4,4,5,0,13,0,0,7,0,7,4,4,12,0,20,10,0,10,30
01/10/2022,MOT,ND,AGL,CE,Federal Contract Tower,7,10,11,0,28,0,7,28,0,35,7,17,39,0,63,21,10,31,94
01/11/2022,MOT,ND,AGL,CE,Federal Contract Tower,4,19,8,0,31,0,4,4,0,8,4,23,12,0,39,6,2,8,47
01/12/2022,MOT,ND,AGL,CE,Federal Contract Tower,4,20,5,0,29,0,4,20,0,24,4,24,25,0,53,43,12,55,108
01/13/2022,MOT,ND,AGL,CE,Federal Contract Tower,9,13,6,0,28,0,0,0,0,0,9,13,6,0,28,0,0,0,28
01/14/2022,MOT,ND,AGL,CE,Federal Contract Tower,4,7,3,0,14,0,0,1,0,1,4,7,4,0,15,0,0,0,15
01/15/2022,MOT,ND,AGL,CE,Federal Contract Tower,4,8,2,0,14,0,6,2,0,8,4,14,4,0,22,0,0,0,22
01/16/2022,MOT,ND,AGL,CE,Federal Contract Tower,2,7,3,0,12,0,0,8,0,8,2,7,11,0,20,28,0,28,48
01/17/2022,MOT,ND,AGL,CE,Federal Contract Tower,8,7,9,0,24,0,2,9,0,11,8,9,18,0,35,7,0,7,42
01/18/2022,MOT,ND,AGL,CE,Federal Contract Tower,6,5,1,0,12,0,0,0,0,0,6,5,1,0,12,0,0,0,12
01/19/2022,MOT,ND,AGL,CE,Federal Contract Tower,5,14,9,0,28,0,0,11,0,11,5,14,20,0,39,6,0,6,45
01/20/2022,MOT,ND,AGL,CE,Federal Contract Tower,9,12,7,0,28,0,0,5,0,5,9,12,12,0,33,0,18,18,51
01/21/2022,MOT,ND,AGL,CE,Federal Contract Tower,3,15,1,0,19,0,0,3,0,3,3,15,4,0,22,10,0,10,32
01/22/2022,MOT,ND,AGL,CE,Federal Contract Tower,6,11,4,0,21,0,0,0,0,0,6,11,4,0,21,0,0,0,21
01/23/2022,MOT,ND,AGL,CE,Federal Contract Tower,4,4,5,0,13,0,4,2,0,6,4,8,7,0,19,0,0,0,19
01/24/2022,MOT,ND,AGL,CE,Federal Contract Tower,8,14,2,0,24,0,0,12,5,17,8,14,14,5,41,5,8,13,54
01/25/2022,MOT,ND,AGL,CE,Federal Contract Tower,4,10,8,0,22,0,0,9,0,9,4,10,17,0,31,19,8,27,58
01/26/2022,MOT,ND,AGL,CE,Federal Contract Tower,5,12,5,0,22,0,3,0,0,3,5,15,5,0,25,0,14,14,39
01/27/2022,MOT,ND,AGL,CE,Federal Contract Tower,8,11,15,0,34,0,0,14,0,14,8,11,29,0,48,2,2,4,52
01/28/2022,MOT,ND,AGL,CE,Federal Contract Tower,4,11,9,0,24,0,0,20,0,20,4,11,29,0,44,39,6,45,89
01/29/2022,MOT,ND,AGL,CE,Federal Contract Tower,4,12,9,0,25,0,11,19,0,30,4,23,28,0,55,82,0,82,137
01/30/2022,MOT,ND,AGL,CE,Federal Contract Tower,4,6,6,0,16,0,0,23,0,23,4,6,29,0,39,49,0,49,88
01/31/2022,MOT,ND,AGL,CE,Federal Contract Tower,8,6,8,0,22,0,3,7,0,10,8,9,15,0,32,10,0,10,42
02/01/2022,MOT,ND,AGL,CE,Federal Contract Tower,5,12,4,0,21,0,0,0,0,0,5,12,4,0,21,0,0,0,21
02/02/2022,MOT,ND,AGL,CE,Federal Contract Tower,4,12,11,0,27,0,0,7,0,7,4,12,18,0,34,2,6,8,42
02/03/2022,MOT,ND,AGL,CE,Federal Contract Tower,10,11,11,0,32,0,3,7,0,10,10,14,18,0,42,6,0,6,48
02/04/2022,MOT,ND,AGL,CE,Federal Contract Tower,4,10,4,0,18,0,4,1,2,7,4,14,5,2,25,12,0,12,37
02/05/2022,MOT,ND,AGL,CE,Federal Contract Tower,6,10,4,0,20,0,6,0,0,6,6,16,4,0,26,0,0,0,26
02/06/2022,MOT,ND,AGL,CE,Federal Contract Tower,3,5,5,0,13,0,0,12,0,12,3,5,17,0,25,19,0,19,44
02/07/2022,MOT,ND,AGL,CE,Federal Contract Tower,15,16,6,0,37,0,0,21,0,21,15,16,27,0,58,79,30,109,167
02/08/2022,MOT,ND,AGL,CE,Federal Contract Tower,4,9,5,0,18,0,0,4,0,4,4,9,9,0,22,0,4,4,26
02/09/2022,MOT,ND,AGL,CE,Federal Contract Tower,4,20,9,0,33,0,0,7,0,7,4,20,16,0,40,39,8,47,87
02/10/2022,MOT,ND,AGL,CE,Federal Contract Tower,8,12,6,0,26,0,0,0,0,0,8,12,6,0,26,0,30,30,56
02/11/2022,MOT,ND,AGL,CE,Federal Contract Tower,4,9,5,0,18,0,0,7,0,7,4,9,12,0,25,0,0,0,25
02/12/2022,MOT,ND,AGL,CE,Federal Contract Tower,4,10,7,0,21,0,0,3,0,3,4,10,10,0,24,2,0,2,26
02/13/2022,MOT,ND,AGL,CE,Federal Contract Tower,2,6,2,0,10,0,0,2,0,2,2,6,4,0,12,0,0,0,12
02/14/2022,MOT,ND,AGL,CE,Federal Contract Tower,10,6,4,0,20,0,0,17,0,17,10,6,21,0,37,0,8,8,45
02/15/2022,MOT,ND,AGL,CE,Federal Contract Tower,4,17,15,0,36,0,6,5,0,11,4,23,20,0,47,16,34,50,97
02/16/2022,MOT,ND,AGL,CE,Federal Contract Tower,6,21,9,0,36,0,5,2,0,7,6,26,11,0,43,6,2,8,51
02/17/2022,MOT,ND,AGL,CE,Federal Contract Tower,8,14,19,0,41,0,0,4,0,4,8,14,23,0,45,0,16,16,61
02/18/2022,MOT,ND,AGL,CE,Federal Contract Tower,4,11,6,0,21,0,0,2,0,2,4,11,8,0,23,4,0,4,27
02/19/2022,MOT,ND,AGL,CE,Federal Contract Tower,8,13,5,0,26,0,0,6,0,6,8,13,11,0,32,17,0,17,49
02/20/2022,MOT,ND,AGL,CE,Federal Contract Tower,5,7,17,0,29,0,0,6,0,6,5,7,23,0,35,0,0,0,35
02/21/2022,MOT,ND,AGL,CE,Federal Contract Tower,6,6,0,0,12,0,0,1,0,1,6,6,1,0,13,0,0,0,13
02/22/2022,MOT,ND,AGL,CE,Federal Contract Tower,6,12,8,0,26,0,0,5,0,5,6,12,13,0,31,0,6,6,37
02/23/2022,MOT,ND,AGL,CE,Federal Contract Tower,7,16,4,0,27,0,4,8,0,12,7,20,12,0,39,8,0,8,47
02/24/2022,MOT,ND,AGL,CE,Federal Contract Tower,11,13,8,0,32,0,3,11,0,14,11,16,19,0,46,14,12,26,72
02/25/2022,MOT,ND,AGL,CE,Federal Contract Tower,6,13,10,0,29,0,0,14,0,14,6,13,24,0,43,22,6,28,71
02/26/2022,MOT,ND,AGL,CE,Federal Contract Tower,6,11,4,0,21,0,0,26,0,26,6,11,30,0,47,28,0,28,75
02/27/2022,MOT,ND,AGL,CE,Federal Contract Tower,6,4,8,0,18,0,0,16,0,16,6,4,24,0,34,104,0,104,138
02/28/2022,MOT,ND,AGL,CE,Federal Contract Tower,7,7,17,0,31,0,0,7,0,7,7,7,24,0,38,0,8,8,46
03/01/2022,MOT,ND,AGL,CE,Federal Contract Tower,5,20,2,0,27,0,0,0,0,0,5,20,2,0,27,0,0,0,27
03/02/2022,MOT,ND,AGL,CE,Federal Contract Tower,4,17,17,0,38,0,2,4,0,6,4,19,21,0,44,20,20,40,84
03/03/2022,MOT,ND,AGL,CE,Federal Contract Tower,4,20,11,0,35,0,0,12,0,12,4,20,23,0,47,22,0,22,69
03/04/2022,MOT,ND,AGL,CE,Federal Contract Tower,1,14,7,0,22,0,0,2,0,2,1,14,9,0,24,0,4,4,28
03/05/2022,MOT,ND,AGL,CE,Federal Contract Tower,6,14,0,0,20,0,0,0,0,0,6,14,0,0,20,0,0,0,20
03/06/2022,MOT,ND,AGL,CE,Federal Contract Tower,2,7,2,0,11,0,0,17,0,17,2,7,19,0,28,62,0,62,90
03/07/2022,MOT,ND,AGL,CE,Federal Contract Tower,4,8,9,0,21,0,1,18,0,19,4,9,27,0,40,26,4,30,70
03/08/2022,MOT,ND,AGL,CE,Federal Contract Tower,4,16,9,0,29,0,0,0,0,0,4,16,9,0,29,0,0,0,29
03/09/2022,MOT,ND,AGL,CE,Federal Contract Tower,3,16,11,0,30,0,0,14,0,14,3,16,25,0,44,13,16,29,73
03/10/2022,MOT,ND,AGL,CE,Federal Contract Tower,6,16,5,0,27,0,0,4,0,4,6,16,9,0,31,0,20,20,51
03/11/2022,MOT,ND,AGL,CE,Federal Contract Tower,2,10,15,0,27,0,2,11,0,13,2,12,26,0,40,4,37,41,81
03/12/2022,MOT,ND,AGL,CE,Federal Contract Tower,4,12,11,0,27,0,1,7,0,8,4,13,18,0,35,59,0,59,94
03/13/2022,MOT,ND,AGL,CE,Federal Contract Tower,3,8,6,0,17,0,0,18,0,18,3,8,24,0,35,49,0,49,84
03/14/2022,MOT,ND,AGL,CE,Federal Contract Tower,4,12,11,0,27,0,0,12,0,12,4,12,23,0,39,42,9,51,90
03/15/2022,MOT,ND,AGL,CE,Federal Contract Tower,4,17,10,2,33,0,0,26,0,26,4,17,36,2,59,88,58,146,205
03/16/2022,MOT,ND,AGL,CE,Federal Contract Tower,4,15,6,0,25,0,0,5,0,5,4,15,11,0,30,45,16,61,91
03/17/2022,MOT,ND,AGL,CE,Federal Contract Tower,5,19,7,0,31,0,1,24,0,25,5,20,31,0,56,73,11,84,140
03/18/2022,MOT,ND,AGL,CE,Federal Contract Tower,2,14,6,0,22,0,0,21,0,21,2,14,27,0,43,81,4,85,128
03/19/2022,MOT,ND,AGL,CE,Federal Contract Tower,4,20,4,0,28,0,5,65,0,70,4,25,69,0,98,112,0,112,210
03/20/2022,MOT,ND,AGL,CE,Federal Contract Tower,3,6,7,0,16,0,3,16,0,19,3,9,23,0,35,70,0,70,105
03/21/2022,MOT,ND,AGL,CE,Federal Contract Tower,4,10,13,0,27,0,0,3,0,3,4,10,16,0,30,13,54,67,97
03/22/2022,MOT,ND,AGL,CE,Federal Contract Tower,4,21,8,0,33,0,6,5,2,13,4,27,13,2,46,7,4,11,57
03/23/2022,MOT,ND,AGL,CE,Federal Contract Tower,2,19,8,0,29,0,0,31,0,31,2,19,39,0,60,36,18,54,114
03/24/2022,MOT,ND,AGL,CE,Federal Contract Tower,5,16,7,0,28,0,0,14,0,14,5,16,21,0,42,2,6,8,50
03/25/2022,MOT,ND,AGL,CE,Federal Contract Tower,2,14,5,0,21,0,0,0,0,0,2,14,5,0,21,0,0,0,21
03/26/2022,MOT,ND,AGL,CE,Federal Contract Tower,6,9,7,0,22,0,2,32,0,34,6,11,39,0,56,41,0,41,97
03/27/2022,MOT,ND,AGL,CE,Federal Contract Tower,3,6,2,0,11,0,3,29,0,32,3,9,31,0,43,50,0,50,93
03/28/2022,MOT,ND,AGL,CE,Federal Contract Tower,4,13,7,0,24,0,8,15,0,23,4,21,22,0,47,9,10,19,66
03/29/2022,MOT,ND,AGL,CE,Federal Contract Tower,4,20,8,0,32,0,0,7,0,7,4,20,15,0,39,24,2,26,65
03/30/2022,MOT,ND,AGL,CE,Federal Contract Tower,2,15,9,0,26,0,0,17,0,17,2,15,26,0,43,73,2,75,118
03/31/2022,MOT,ND,AGL,CE,Federal Contract Tower,6,15,6,0,27,0,0,31,6,37,6,15,37,6,64,52,5,57,121
04/01/2022,MOT,ND,AGL,CE,Federal Contract Tower,2,13,8,0,23,0,2,7,0,9,2,15,15,0,32,26,6,32,64
04/02/2022,MOT,ND,AGL,CE,Federal Contract Tower,6,9,3,0,18,0,1,41,0,42,6,10,44,0,60,61,0,61,121
04/03/2022,MOT,ND,AGL,CE,Federal Contract Tower,2,5,5,0,12,0,0,4,0,4,2,5,9,0,16,42,0,42,58
04/04/2022,MOT,ND,AGL,CE,Federal Contract Tower,4,10,12,0,26,0,0,12,0,12,4,10,24,0,38,8,35,43,81
04/05/2022,MOT,ND,AGL,CE,Federal Contract Tower,4,14,8,0,26,0,0,7,0,7,4,14,15,0,33,2,8,10,43
04/06/2022,MOT,ND,AGL,CE,Federal Contract Tower,2,16,10,0,28,0,0,3,0,3,2,16,13,0,31,0,12,12,43
04/07/2022,MOT,ND,AGL,CE,Federal Contract Tower,4,15,3,0,22,0,5,4,1,10,4,20,7,1,32,0,4,4,36
04/08/2022,MOT,ND,AGL,CE,Federal Contract Tower,2,12,5,0,19,0,4,42,0,46,2,16,47,0,65,138,0,138,203
04/09/2022,MOT,ND,AGL,CE,Federal Contract Tower,6,11,3,0,20,0,0,41,0,41,6,11,44,0,61,38,0,38,99
04/10/2022,MOT,ND,AGL,CE,Federal Contract Tower,4,6,7,0,17,0,5,22,0,27,4,11,29,0,44,53,0,53,97
04/11/2022,MOT,ND,AGL,CE,Federal Contract Tower,6,8,16,2,32,0,1,16,0,17,6,9,32,2,49,6,46,52,101
04/12/2022,MOT,ND,AGL,CE,Federal Contract Tower,0,10,2,0,12,0,0,0,0,0,0,10,2,0,12,0,0,0,12
04/13/2022,MOT,ND,AGL,CE,Federal Contract Tower,0,0,0,0,0,0,0,0,0,0,0,0,0,0,0,0,0,0,0
04/14/2022,MOT,ND,AGL,CE,Federal Contract Tower,0,0,0,0,0,0,0,0,0,0,0,0,0,0,0,0,0,0,0
04/15/2022,MOT,ND,AGL,CE,Federal Contract Tower,0,5,2,0,7,0,4,0,0,4,0,9,2,0,11,0,0,0,11
04/16/2022,MOT,ND,AGL,CE,Federal Contract Tower,8,9,4,0,21,0,0,18,0,18,8,9,22,0,39,31,0,31,70
04/17/2022,MOT,ND,AGL,CE,Federal Contract Tower,3,5,0,0,8,0,0,0,0,0,3,5,0,0,8,0,0,0,8
04/18/2022,MOT,ND,AGL,CE,Federal Contract Tower,6,17,8,0,31,0,0,12,0,12,6,17,20,0,43,38,0,38,81
04/19/2022,MOT,ND,AGL,CE,Federal Contract Tower,6,16,5,0,27,0,0,4,0,4,6,16,9,0,31,28,4,32,63
04/20/2022,MOT,ND,AGL,CE,Federal Contract Tower,2,13,12,0,27,0,0,18,4,22,2,13,30,4,49,24,2,26,75
04/21/2022,MOT,ND,AGL,CE,Federal Contract Tower,6,12,11,0,29,0,0,21,0,21,6,12,32,0,50,20,2,22,72
04/22/2022,MOT,ND,AGL,CE,Federal Contract Tower,4,12,2,0,18,0,0,0,0,0,4,12,2,0,18,0,0,0,18
04/23/2022,MOT,ND,AGL,CE,Federal Contract Tower,2,2,0,0,4,0,0,0,0,0,2,2,0,0,4,0,0,0,4
04/24/2022,MOT,ND,AGL,CE,Federal Contract Tower,6,7,7,0,20,0,0,0,0,0,6,7,7,0,20,0,2,2,22
04/25/2022,MOT,ND,AGL,CE,Federal Contract Tower,7,14,5,0,26,0,0,5,0,5,7,14,10,0,31,0,24,24,55
04/26/2022,MOT,ND,AGL,CE,Federal Contract Tower,4,14,5,0,23,0,2,15,0,17,4,16,20,0,40,29,6,35,75
04/27/2022,MOT,ND,AGL,CE,Federal Contract Tower,2,15,4,0,21,0,2,13,0,15,2,17,17,0,36,27,10,37,73
04/28/2022,MOT,ND,AGL,CE,Federal Contract Tower,8,10,4,0,22,0,2,23,0,25,8,12,27,0,47,75,0,75,122
04/29/2022,MOT,ND,AGL,CE,Federal Contract Tower,6,12,7,0,25,0,0,5,0,5,6,12,12,0,30,8,10,18,48
04/30/2022,MOT,ND,AGL,CE,Federal Contract Tower,4,12,1,0,17,0,0,5,0,5,4,12,6,0,22,20,0,20,42
05/01/2022,MOT,ND,AGL,CE,Federal Contract Tower,6,5,3,0,14,0,4,11,3,18,6,9,14,3,32,10,0,10,42
05/02/2022,MOT,ND,AGL,CE,Federal Contract Tower,6,10,5,0,21,0,0,20,0,20,6,10,25,0,41,32,10,42,83
05/03/2022,MOT,ND,AGL,CE,Federal Contract Tower,4,20,8,0,32,0,0,7,0,7,4,20,15,0,39,47,32,79,118
05/04/2022,MOT,ND,AGL,CE,Federal Contract Tower,2,16,6,0,24,0,0,27,0,27,2,16,33,0,51,50,6,56,107
05/05/2022,MOT,ND,AGL,CE,Federal Contract Tower,6,17,12,0,35,0,2,38,0,40,6,19,50,0,75,32,36,68,143
05/06/2022,MOT,ND,AGL,CE,Federal Contract Tower,4,16,11,0,31,0,2,15,0,17,4,18,26,0,48,13,2,15,63
05/07/2022,MOT,ND,AGL,CE,Federal Contract Tower,6,10,3,0,19,0,0,22,0,22,6,10,25,0,41,28,0,28,69
05/08/2022,MOT,ND,AGL,CE,Federal Contract Tower,6,5,4,0,15,0,4,25,0,29,6,9,29,0,44,78,0,78,122
05/09/2022,MOT,ND,AGL,CE,Federal Contract Tower,6,8,19,0,33,0,0,1,0,1,6,8,20,0,34,0,0,0,34
05/10/2022,MOT,ND,AGL,CE,Federal Contract Tower,5,16,12,2,35,0,0,33,0,33,5,16,45,2,68,44,33,77,145
05/11/2022,MOT,ND,AGL,CE,Federal Contract Tower,4,16,13,0,33,0,2,17,0,19,4,18,30,0,52,13,3,16,68
05/12/2022,MOT,ND,AGL,CE,Federal Contract Tower,6,13,11,0,30,0,1,7,0,8,6,14,18,0,38,0,0,0,38
05/13/2022,MOT,ND,AGL,CE,Federal Contract Tower,4,13,3,0,20,0,0,1,0,1,4,13,4,0,21,0,0,0,21
05/14/2022,MOT,ND,AGL,CE,Federal Contract Tower,6,9,5,0,20,0,0,18,0,18,6,9,23,0,38,11,0,11,49
05/15/2022,MOT,ND,AGL,CE,Federal Contract Tower,4,7,3,0,14,0,0,22,0,22,4,7,25,0,36,43,0,43,79
05/16/2022,MOT,ND,AGL,CE,Federal Contract Tower,6,8,9,0,23,0,2,34,2,38,6,10,43,2,61,53,0,53,114
05/17/2022,MOT,ND,AGL,CE,Federal Contract Tower,4,13,5,0,22,0,12,16,0,28,4,25,21,0,50,17,36,53,103
05/18/2022,MOT,ND,AGL,CE,Federal Contract Tower,4,15,16,0,35,0,20,10,0,30,4,35,26,0,65,0,0,0,65
05/19/2022,MOT,ND,AGL,CE,Federal Contract Tower,6,15,9,0,30,0,6,36,0,42,6,21,45,0,72,25,0,25,97
05/20/2022,MOT,ND,AGL,CE,Federal Contract Tower,4,17,11,0,32,0,4,1,0,5,4,21,12,0,37,0,4,4,41
05/21/2022,MOT,ND,AGL,CE,Federal Contract Tower,4,13,2,0,19,0,15,48,0,63,4,28,50,0,82,20,0,20,102
05/22/2022,MOT,ND,AGL,CE,Federal Contract Tower,4,6,7,0,17,0,12,41,0,53,4,18,48,0,70,55,0,55,125
05/23/2022,MOT,ND,AGL,CE,Federal Contract Tower,7,10,4,0,21,0,19,31,0,50,7,29,35,0,71,65,0,65,136
05/24/2022,MOT,ND,AGL,CE,Federal Contract Tower,4,13,12,0,29,0,8,38,0,46,4,21,50,0,75,80,0,80,155
05/25/2022,MOT,ND,AGL,CE,Federal Contract Tower,4,17,21,0,42,0,14,17,0,31,4,31,38,0,73,94,4,98,171
05/26/2022,MOT,ND,AGL,CE,Federal Contract Tower,6,15,4,0,25,0,6,45,0,51,6,21,49,0,76,54,8,62,138
05/27/2022,MOT,ND,AGL,CE,Federal Contract Tower,5,12,10,0,27,0,9,40,0,49,5,21,50,0,76,108,0,108,184
05/28/2022,MOT,ND,AGL,CE,Federal Contract Tower,6,10,5,0,21,0,9,31,0,40,6,19,36,0,61,81,0,81,142
05/29/2022,MOT,ND,AGL,CE,Federal Contract Tower,2,6,2,0,10,0,1,5,0,6,2,7,7,0,16,40,0,40,56
05/30/2022,MOT,ND,AGL,CE,Federal Contract Tower,5,7,2,0,14,0,0,0,0,0,5,7,2,0,14,0,0,0,14
05/31/2022,MOT,ND,AGL,CE,Federal Contract Tower,4,14,10,0,28,0,0,4,0,4,4,14,14,0,32,13,10,23,55
06/01/2022,MOT,ND,AGL,CE,Federal Contract Tower,4,11,12,0,27,0,4,32,0,36,4,15,44,0,63,0,2,2,65
06/02/2022,MOT,ND,AGL,CE,Federal Contract Tower,5,16,7,0,28,0,8,14,2,24,5,24,21,2,52,0,8,8,60
06/03/2022,MOT,ND,AGL,CE,Federal Contract Tower,4,15,7,0,26,0,16,35,0,51,4,31,42,0,77,72,5,77,154
06/04/2022,MOT,ND,AGL,CE,Federal Contract Tower,6,7,7,0,20,0,9,47,0,56,6,16,54,0,76,106,0,106,182
06/05/2022,MOT,ND,AGL,CE,Federal Contract Tower,4,3,10,0,17,0,4,27,0,31,4,7,37,0,48,106,0,106,154
06/06/2022,MOT,ND,AGL,CE,Federal Contract Tower,4,5,13,0,22,0,0,21,0,21,4,5,34,0,43,101,0,101,144
06/07/2022,MOT,ND,AGL,CE,Federal Contract Tower,9,13,7,0,29,0,2,27,0,29,9,15,34,0,58,93,0,93,151
06/08/2022,MOT,ND,AGL,CE,Federal Contract Tower,5,16,10,1,32,0,2,15,0,17,5,18,25,1,49,78,2,80,129
06/09/2022,MOT,ND,AGL,CE,Federal Contract Tower,6,15,8,0,29,0,8,14,0,22,6,23,22,0,51,54,0,54,105
06/10/2022,MOT,ND,AGL,CE,Federal Contract Tower,6,12,18,0,36,0,0,17,0,17,6,12,35,0,53,64,4,68,121
06/11/2022,MOT,ND,AGL,CE,Federal Contract Tower,6,12,4,0,22,0,7,21,0,28,6,19,25,0,50,124,0,124,174
06/12/2022,MOT,ND,AGL,CE,Federal Contract Tower,6,6,6,0,18,0,2,28,0,30,6,8,34,0,48,68,0,68,116
06/13/2022,MOT,ND,AGL,CE,Federal Contract Tower,8,8,6,0,22,0,0,9,0,9,8,8,15,0,31,26,18,44,75
06/14/2022,MOT,ND,AGL,CE,Federal Contract Tower,6,16,22,0,44,0,0,6,0,6,6,16,28,0,50,34,0,34,84
06/15/2022,MOT,ND,AGL,CE,Federal Contract Tower,7,20,16,0,43,0,0,1,0,1,7,20,17,0,44,0,0,0,44
06/16/2022,MOT,ND,AGL,CE,Federal Contract Tower,7,12,8,0,27,0,2,14,0,16,7,14,22,0,43,34,6,40,83
06/17/2022,MOT,ND,AGL,CE,Federal Contract Tower,6,14,14,0,34,0,0,13,0,13,6,14,27,0,47,44,36,80,127
06/18/2022,MOT,ND,AGL,CE,Federal Contract Tower,5,9,8,0,22,0,4,26,0,30,5,13,34,0,52,43,0,43,95
06/19/2022,MOT,ND,AGL,CE,Federal Contract Tower,7,6,7,0,20,0,0,32,0,32,7,6,39,0,52,59,0,59,111
06/20/2022,MOT,ND,AGL,CE,Federal Contract Tower,7,11,8,0,26,0,7,9,0,16,7,18,17,0,42,37,0,37,79
06/21/2022,MOT,ND,AGL,CE,Federal Contract Tower,5,14,7,4,30,0,0,9,0,9,5,14,16,4,39,18,0,18,57
06/22/2022,MOT,ND,AGL,CE,Federal Contract Tower,7,9,9,0,25,0,5,31,0,36,7,14,40,0,61,45,8,53,114
06/23/2022,MOT,ND,AGL,CE,Federal Contract Tower,7,12,5,0,24,0,3,35,0,38,7,15,40,0,62,73,6,79,141
06/24/2022,MOT,ND,AGL,CE,Federal Contract Tower,6,10,6,0,22,0,5,33,3,41,6,15,39,3,63,24,6,30,93
06/25/2022,MOT,ND,AGL,CE,Federal Contract Tower,5,9,2,0,16,0,0,7,0,7,5,9,9,0,23,0,0,0,23
06/26/2022,MOT,ND,AGL,CE,Federal Contract Tower,7,2,8,0,17,0,2,24,0,26,7,4,32,0,43,49,0,49,92
06/27/2022,MOT,ND,AGL,CE,Federal Contract Tower,8,5,1,0,14,0,6,27,0,33,8,11,28,0,47,30,4,34,81
06/28/2022,MOT,ND,AGL,CE,Federal Contract Tower,6,8,8,0,22,0,1,29,0,30,6,9,37,0,52,11,24,35,87
06/29/2022,MOT,ND,AGL,CE,Federal Contract Tower,6,10,10,0,26,0,1,38,0,39,6,11,48,0,65,102,62,164,229
06/30/2022,MOT,ND,AGL,CE,Federal Contract Tower,7,11,7,0,25,0,4,23,0,27,7,15,30,0,52,44,27,71,123
07/01/2022,MOT,ND,AGL,CE,Federal Contract Tower,6,9,6,0,21,0,11,27,0,38,6,20,33,0,59,46,0,46,105
07/02/2022,MOT,ND,AGL,CE,Federal Contract Tower,6,9,7,0,22,0,5,32,0,37,6,14,39,0,59,54,0,54,113
07/03/2022,MOT,ND,AGL,CE,Federal Contract Tower,4,5,2,0,11,0,8,30,0,38,4,13,32,0,49,43,0,43,92
07/04/2022,MOT,ND,AGL,CE,Federal Contract Tower,6,3,0,0,9,0,1,7,0,8,6,4,7,0,17,30,0,30,47
07/05/2022,MOT,ND,AGL,CE,Federal Contract Tower,6,5,13,0,24,0,13,5,0,18,6,18,18,0,42,2,0,2,44
07/06/2022,MOT,ND,AGL,CE,Federal Contract Tower,4,8,7,0,19,0,13,30,0,43,4,21,37,0,62,70,31,101,163
07/07/2022,MOT,ND,AGL,CE,Federal Contract Tower,5,18,14,0,37,0,8,19,0,27,5,26,33,0,64,2,14,16,80
07/08/2022,MOT,ND,AGL,CE,Federal Contract Tower,4,13,9,0,26,0,46,30,0,76,4,59,39,0,102,60,4,64,166
07/09/2022,MOT,ND,AGL,CE,Federal Contract Tower,8,9,2,0,19,0,108,28,0,136,8,117,30,0,155,79,0,79,234
07/10/2022,MOT,ND,AGL,CE,Federal Contract Tower,6,2,1,0,9,0,97,37,0,134,6,99,38,0,143,54,0,54,197
07/11/2022,MOT,ND,AGL,CE,Federal Contract Tower,8,9,8,0,25,0,5,48,0,53,8,14,56,0,78,38,8,46,124
07/12/2022,MOT,ND,AGL,CE,Federal Contract Tower,6,18,13,0,37,0,3,119,0,122,6,21,132,0,159,62,2,64,223
07/13/2022,MOT,ND,AGL,CE,Federal Contract Tower,6,13,10,0,29,0,4,114,0,118,6,17,124,0,147,51,2,53,200
07/14/2022,MOT,ND,AGL,CE,Federal Contract Tower,6,12,13,0,31,0,12,83,0,95,6,24,96,0,126,65,6,71,197
07/15/2022,MOT,ND,AGL,CE,Federal Contract Tower,7,11,9,1,28,0,2,112,0,114,7,13,121,1,142,55,4,59,201
07/16/2022,MOT,ND,AGL,CE,Federal Contract Tower,6,13,17,0,36,0,0,179,0,179,6,13,196,0,215,42,0,42,257
07/17/2022,MOT,ND,AGL,CE,Federal Contract Tower,7,3,7,2,19,0,0,155,0,155,7,3,162,2,174,53,0,53,227
07/18/2022,MOT,ND,AGL,CE,Federal Contract Tower,10,11,11,0,32,0,4,161,0,165,10,15,172,0,197,33,8,41,238
07/19/2022,MOT,ND,AGL,CE,Federal Contract Tower,7,11,9,0,27,0,0,21,0,21,7,11,30,0,48,2,2,4,52
07/20/2022,MOT,ND,AGL,CE,Federal Contract Tower,6,12,16,0,34,0,0,157,0,157,6,12,173,0,191,47,10,57,248
07/21/2022,MOT,ND,AGL,CE,Federal Contract Tower,10,11,12,0,33,0,0,156,2,158,10,11,168,2,191,95,0,95,286
07/22/2022,MOT,ND,AGL,CE,Federal Contract Tower,6,6,14,0,26,0,3,122,0,125,6,9,136,0,151,100,0,100,251
07/23/2022,MOT,ND,AGL,CE,Federal Contract Tower,6,11,8,0,25,0,2,77,0,79,6,13,85,0,104,54,0,54,158
07/24/2022,MOT,ND,AGL,CE,Federal Contract Tower,6,4,9,0,19,0,0,106,0,106,6,4,115,0,125,85,0,85,210
07/25/2022,MOT,ND,AGL,CE,Federal Contract Tower,8,6,22,0,36,0,0,56,0,56,8,6,78,0,92,62,0,62,154
07/26/2022,MOT,ND,AGL,CE,Federal Contract Tower,6,15,12,0,33,0,1,47,0,48,6,16,59,0,81,44,0,44,125
07/27/2022,MOT,ND,AGL,CE,Federal Contract Tower,7,11,17,0,35,0,6,39,0,45,7,17,56,0,80,41,8,49,129
07/28/2022,MOT,ND,AGL,CE,Federal Contract Tower,8,11,22,0,41,0,2,52,0,54,8,13,74,0,95,70,42,112,207
07/29/2022,MOT,ND,AGL,CE,Federal Contract Tower,6,10,14,0,30,0,0,55,0,55,6,10,69,0,85,118,0,118,203
07/30/2022,MOT,ND,AGL,CE,Federal Contract Tower,6,9,2,0,17,0,0,54,0,54,6,9,56,0,71,106,0,106,177
07/31/2022,MOT,ND,AGL,CE,Federal Contract Tower,6,5,11,0,22,0,0,19,0,19,6,5,30,0,41,65,0,65,106
08/01/2022,MOT,ND,AGL,CE,Federal Contract Tower,7,8,14,0,29,0,0,48,0,48,7,8,62,0,77,106,14,120,197
08/02/2022,MOT,ND,AGL,CE,Federal Contract Tower,6,10,3,0,19,0,6,37,0,43,6,16,40,0,62,26,0,26,88
08/03/2022,MOT,ND,AGL,CE,Federal Contract Tower,8,11,12,0,31,0,4,47,0,51,8,15,59,0,82,82,8,90,172
08/04/2022,MOT,ND,AGL,CE,Federal Contract Tower,8,13,11,0,32,0,2,23,2,27,8,15,34,2,59,55,2,57,116
08/05/2022,MOT,ND,AGL,CE,Federal Contract Tower,6,9,3,0,18,0,0,52,0,52,6,9,55,0,70,95,2,97,167
08/06/2022,MOT,ND,AGL,CE,Federal Contract Tower,6,15,9,0,30,0,0,38,0,38,6,15,47,0,68,70,0,70,138
08/07/2022,MOT,ND,AGL,CE,Federal Contract Tower,6,3,6,0,15,0,0,28,0,28,6,3,34,0,43,73,0,73,116
08/08/2022,MOT,ND,AGL,CE,Federal Contract Tower,8,5,8,0,21,0,3,37,0,40,8,8,45,0,61,100,32,132,193
08/09/2022,MOT,ND,AGL,CE,Federal Contract Tower,6,15,13,0,34,0,1,15,0,16,6,16,28,0,50,64,2,66,116
08/10/2022,MOT,ND,AGL,CE,Federal Contract Tower,6,12,12,0,30,0,0,28,0,28,6,12,40,0,58,59,6,65,123
08/11/2022,MOT,ND,AGL,CE,Federal Contract Tower,7,9,8,0,24,0,0,21,0,21,7,9,29,0,45,106,4,110,155
08/12/2022,MOT,ND,AGL,CE,Federal Contract Tower,6,9,12,0,27,0,1,44,0,45,6,10,56,0,72,73,0,73,145
08/13/2022,MOT,ND,AGL,CE,Federal Contract Tower,6,9,3,0,18,0,1,33,0,34,6,10,36,0,52,11,0,11,63
08/14/2022,MOT,ND,AGL,CE,Federal Contract Tower,6,3,4,0,13,0,1,26,0,27,6,4,30,0,40,36,0,36,76
08/15/2022,MOT,ND,AGL,CE,Federal Contract Tower,8,6,15,0,29,0,0,14,0,14,8,6,29,0,43,93,10,103,146
08/16/2022,MOT,ND,AGL,CE,Federal Contract Tower,6,14,7,0,27,0,1,38,0,39,6,15,45,0,66,65,2,67,133
08/17/2022,MOT,ND,AGL,CE,Federal Contract Tower,6,13,15,0,34,0,2,25,0,27,6,15,40,0,61,93,2,95,156
08/18/2022,MOT,ND,AGL,CE,Federal Contract Tower,10,10,11,0,31,0,4,31,0,35,10,14,42,0,66,37,29,66,132
08/19/2022,MOT,ND,AGL,CE,Federal Contract Tower,4,11,13,0,28,0,0,32,0,32,4,11,45,0,60,37,4,41,101
08/20/2022,MOT,ND,AGL,CE,Federal Contract Tower,4,14,2,0,20,0,0,54,0,54,4,14,56,0,74,47,4,51,125
08/21/2022,MOT,ND,AGL,CE,Federal Contract Tower,6,4,2,0,12,0,4,33,0,37,6,8,35,0,49,25,0,25,74
08/22/2022,MOT,ND,AGL,CE,Federal Contract Tower,8,9,7,0,24,0,6,10,0,16,8,15,17,0,40,43,0,43,83
08/23/2022,MOT,ND,AGL,CE,Federal Contract Tower,6,14,17,0,37,0,0,18,0,18,6,14,35,0,55,20,12,32,87
08/24/2022,MOT,ND,AGL,CE,Federal Contract Tower,6,11,9,0,26,0,0,8,0,8,6,11,17,0,34,105,10,115,149
08/25/2022,MOT,ND,AGL,CE,Federal Contract Tower,8,10,12,0,30,0,3,39,0,42,8,13,51,0,72,108,0,108,180
08/26/2022,MOT,ND,AGL,CE,Federal Contract Tower,6,10,8,0,24,0,10,24,0,34,6,20,32,0,58,52,10,62,120
08/27/2022,MOT,ND,AGL,CE,Federal Contract Tower,4,8,10,0,22,0,0,29,0,29,4,8,39,0,51,18,0,18,69
08/28/2022,MOT,ND,AGL,CE,Federal Contract Tower,6,6,9,0,21,0,4,15,0,19,6,10,24,0,40,17,0,17,57
08/29/2022,MOT,ND,AGL,CE,Federal Contract Tower,8,8,6,0,22,1,5,11,0,17,9,13,17,0,39,9,4,13,52
08/30/2022,MOT,ND,AGL,CE,Federal Contract Tower,6,12,10,0,28,0,0,57,0,57,6,12,67,0,85,93,34,127,212
08/31/2022,MOT,ND,AGL,CE,Federal Contract Tower,6,11,9,0,26,0,0,33,0,33,6,11,42,0,59,135,0,135,194
09/01/2022,MOT,ND,AGL,CE,Federal Contract Tower,8,9,15,0,32,0,3,31,0,34,8,12,46,0,66,28,24,52,118
09/02/2022,MOT,ND,AGL,CE,Federal Contract Tower,8,7,14,0,29,0,6,32,0,38,8,13,46,0,67,56,0,56,123
09/03/2022,MOT,ND,AGL,CE,Federal Contract Tower,4,12,14,0,30,0,6,38,0,44,4,18,52,0,74,34,0,34,108
09/04/2022,MOT,ND,AGL,CE,Federal Contract Tower,4,3,10,0,17,0,4,13,0,17,4,7,23,0,34,8,0,8,42
09/05/2022,MOT,ND,AGL,CE,Federal Contract Tower,10,5,8,0,23,0,0,31,0,31,10,5,39,0,54,46,0,46,100
09/06/2022,MOT,ND,AGL,CE,Federal Contract Tower,4,13,10,3,30,0,1,26,2,29,4,14,36,5,59,112,4,116,175
09/07/2022,MOT,ND,AGL,CE,Federal Contract Tower,4,17,17,0,38,0,0,23,0,23,4,17,40,0,61,74,12,86,147
09/08/2022,MOT,ND,AGL,CE,Federal Contract Tower,5,13,9,0,27,0,2,17,0,19,5,15,26,0,46,32,0,32,78
09/09/2022,MOT,ND,AGL,CE,Federal Contract Tower,5,12,11,0,28,0,3,37,0,40,5,15,48,0,68,52,12,64,132
09/10/2022,MOT,ND,AGL,CE,Federal Contract Tower,5,13,3,0,21,0,0,23,0,23,5,13,26,0,44,43,0,43,87
09/11/2022,MOT,ND,AGL,CE,Federal Contract Tower,5,4,3,0,12,0,1,33,0,34,5,5,36,0,46,13,0,13,59
09/12/2022,MOT,ND,AGL,CE,Federal Contract Tower,7,10,9,0,26,0,0,21,0,21,7,10,30,0,47,45,34,79,126
09/13/2022,MOT,ND,AGL,CE,Federal Contract Tower,5,14,13,0,32,0,10,31,0,41,5,24,44,0,73,92,44,136,209
09/14/2022,MOT,ND,AGL,CE,Federal Contract Tower,6,16,12,4,38,0,4,15,0,19,6,20,27,4,57,44,0,44,101
09/15/2022,MOT,ND,AGL,CE,Federal Contract Tower,8,15,25,0,48,0,0,2,6,8,8,15,27,6,56,12,13,25,81
09/16/2022,MOT,ND,AGL,CE,Federal Contract Tower,8,14,9,0,31,0,0,0,0,0,8,14,9,0,31,4,6,10,41
09/17/2022,MOT,ND,AGL,CE,Federal Contract Tower,4,11,16,0,31,0,3,22,0,25,4,14,38,0,56,84,0,84,140
09/18/2022,MOT,ND,AGL,CE,Federal Contract Tower,6,2,10,0,18,0,2,26,0,28,6,4,36,0,46,48,0,48,94
09/19/2022,MOT,ND,AGL,CE,Federal Contract Tower,9,11,4,0,24,0,0,16,0,16,9,11,20,0,40,35,0,35,75
09/20/2022,MOT,ND,AGL,CE,Federal Contract Tower,6,17,11,0,34,0,4,19,0,23,6,21,30,0,57,67,2,69,126
09/21/2022,MOT,ND,AGL,CE,Federal Contract Tower,7,27,21,0,55,0,1,19,0,20,7,28,40,0,75,66,0,66,141
09/22/2022,MOT,ND,AGL,CE,Federal Contract Tower,8,18,15,0,41,0,6,17,0,23,8,24,32,0,64,63,0,63,127
09/23/2022,MOT,ND,AGL,CE,Federal Contract Tower,6,9,18,0,33,0,0,16,0,16,6,9,34,0,49,106,2,108,157
09/24/2022,MOT,ND,AGL,CE,Federal Contract Tower,4,10,6,0,20,0,0,27,0,27,4,10,33,0,47,24,0,24,71
09/25/2022,MOT,ND,AGL,CE,Federal Contract Tower,6,6,12,0,24,0,4,32,0,36,6,10,44,0,60,37,0,37,97
09/26/2022,MOT,ND,AGL,CE,Federal Contract Tower,9,9,7,0,25,0,2,48,0,50,9,11,55,0,75,136,8,144,219
09/27/2022,MOT,ND,AGL,CE,Federal Contract Tower,6,20,4,0,30,0,7,35,0,42,6,27,39,0,72,81,20,101,173
09/28/2022,MOT,ND,AGL,CE,Federal Contract Tower,6,16,9,0,31,0,0,22,0,22,6,16,31,0,53,48,0,48,101
09/29/2022,MOT,ND,AGL,CE,Federal Contract Tower,8,17,11,0,36,0,8,39,0,47,8,25,50,0,83,105,22,127,210
09/30/2022,MOT,ND,AGL,CE,Federal Contract Tower,6,15,3,0,24,0,0,34,0,34,6,15,37,0,58,97,14,111,169
10/01/2022,MOT,ND,AGL,CE,Federal Contract Tower,5,11,13,0,29,0,0,8,0,8,5,11,21,0,37,23,0,23,60
10/02/2022,MOT,ND,AGL,CE,Federal Contract Tower,4,8,17,0,29,0,2,15,0,17,4,10,32,0,46,35,0,35,81
10/03/2022,MOT,ND,AGL,CE,Federal Contract Tower,7,12,8,0,27,0,0,14,0,14,7,12,22,0,41,29,2,31,72
10/04/2022,MOT,ND,AGL,CE,Federal Contract Tower,4,16,16,0,36,0,0,33,0,33,4,16,49,0,69,77,2,79,148
10/05/2022,MOT,ND,AGL,CE,Federal Contract Tower,4,22,10,0,36,0,1,28,0,29,4,23,38,0,65,31,10,41,106
10/06/2022,MOT,ND,AGL,CE,Federal Contract Tower,6,12,9,0,27,0,1,25,0,26,6,13,34,0,53,37,0,37,90
10/07/2022,MOT,ND,AGL,CE,Federal Contract Tower,4,9,12,0,25,0,0,28,0,28,4,9,40,0,53,58,0,58,111
10/08/2022,MOT,ND,AGL,CE,Federal Contract Tower,4,13,9,0,26,0,8,25,0,33,4,21,34,0,59,35,0,35,94
10/09/2022,MOT,ND,AGL,CE,Federal Contract Tower,6,5,2,0,13,0,5,20,0,25,6,10,22,0,38,99,0,99,137
10/10/2022,MOT,ND,AGL,CE,Federal Contract Tower,9,10,14,0,33,0,6,26,0,32,9,16,40,0,65,55,0,55,120
10/11/2022,MOT,ND,AGL,CE,Federal Contract Tower,4,13,4,0,21,0,0,9,0,9,4,13,13,0,30,0,38,38,68
10/12/2022,MOT,ND,AGL,CE,Federal Contract Tower,4,10,13,0,27,0,0,5,0,5,4,10,18,0,32,25,10,35,67
10/13/2022,MOT,ND,AGL,CE,Federal Contract Tower,6,12,10,0,28,0,2,1,0,3,6,14,11,0,31,6,0,6,37
10/14/2022,MOT,ND,AGL,CE,Federal Contract Tower,6,13,16,0,35,0,6,16,0,22,6,19,32,0,57,107,16,123,180
10/15/2022,MOT,ND,AGL,CE,Federal Contract Tower,4,13,6,0,23,0,6,4,0,10,4,19,10,0,33,16,0,16,49
10/16/2022,MOT,ND,AGL,CE,Federal Contract Tower,3,12,2,0,17,0,3,35,0,38,3,15,37,0,55,72,0,72,127
10/17/2022,MOT,ND,AGL,CE,Federal Contract Tower,7,10,10,0,27,0,1,18,0,19,7,11,28,0,46,58,2,60,106
10/18/2022,MOT,ND,AGL,CE,Federal Contract Tower,4,15,9,0,28,0,4,24,0,28,4,19,33,0,56,42,6,48,104
10/19/2022,MOT,ND,AGL,CE,Federal Contract Tower,5,20,12,0,37,0,0,26,0,26,5,20,38,0,63,82,2,84,147
10/20/2022,MOT,ND,AGL,CE,Federal Contract Tower,6,15,11,0,32,0,0,10,0,10,6,15,21,0,42,16,6,22,64
10/21/2022,MOT,ND,AGL,CE,Federal Contract Tower,5,10,7,0,22,0,3,18,0,21,5,13,25,0,43,60,4,64,107
10/22/2022,MOT,ND,AGL,CE,Federal Contract Tower,4,10,7,0,21,0,0,6,0,6,4,10,13,0,27,2,0,2,29
10/23/2022,MOT,ND,AGL,CE,Federal Contract Tower,5,4,16,0,25,0,0,0,0,0,5,4,16,0,25,0,0,0,25
10/24/2022,MOT,ND,AGL,CE,Federal Contract Tower,6,10,8,0,24,0,0,0,0,0,6,10,8,0,24,0,0,0,24
10/25/2022,MOT,ND,AGL,CE,Federal Contract Tower,4,13,15,0,32,0,0,5,0,5,4,13,20,0,37,30,18,48,85
10/26/2022,MOT,ND,AGL,CE,Federal Contract Tower,4,11,13,0,28,0,1,45,0,46,4,12,58,0,74,63,0,63,137
10/27/2022,MOT,ND,AGL,CE,Federal Contract Tower,6,13,7,0,26,0,0,22,0,22,6,13,29,0,48,90,2,92,140
10/28/2022,MOT,ND,AGL,CE,Federal Contract Tower,4,10,3,0,17,0,0,35,0,35,4,10,38,0,52,76,12,88,140
10/29/2022,MOT,ND,AGL,CE,Federal Contract Tower,2,11,4,0,17,0,0,37,0,37,2,11,41,0,54,86,0,86,140
10/30/2022,MOT,ND,AGL,CE,Federal Contract Tower,2,2,6,0,10,0,7,14,0,21,2,9,20,0,31,10,0,10,41
10/31/2022,MOT,ND,AGL,CE,Federal Contract Tower,6,8,13,0,27,0,2,19,0,21,6,10,32,0,48,49,16,65,113
11/01/2022,MOT,ND,AGL,CE,Federal Contract Tower,4,15,6,0,25,0,5,28,0,33,4,20,34,0,58,58,6,64,122
11/02/2022,MOT,ND,AGL,CE,Federal Contract Tower,5,12,12,0,29,0,0,41,0,41,5,12,53,0,70,94,4,98,168
11/03/2022,MOT,ND,AGL,CE,Federal Contract Tower,6,12,12,0,30,0,0,5,0,5,6,12,17,0,35,38,0,38,73
11/04/2022,MOT,ND,AGL,CE,Federal Contract Tower,7,9,12,0,28,0,0,18,0,18,7,9,30,0,46,96,2,98,144
11/05/2022,MOT,ND,AGL,CE,Federal Contract Tower,2,11,5,0,18,0,3,12,0,15,2,14,17,0,33,9,0,9,42
11/06/2022,MOT,ND,AGL,CE,Federal Contract Tower,2,2,8,0,12,0,0,1,0,1,2,2,9,0,13,0,0,0,13
11/07/2022,MOT,ND,AGL,CE,Federal Contract Tower,6,6,14,0,26,0,0,0,0,0,6,6,14,0,26,0,8,8,34
11/08/2022,MOT,ND,AGL,CE,Federal Contract Tower,4,8,11,0,23,0,2,14,0,16,4,10,25,0,39,26,0,26,65
11/09/2022,MOT,ND,AGL,CE,Federal Contract Tower,6,7,5,0,18,0,0,2,0,2,6,7,7,0,20,2,8,10,30
11/10/2022,MOT,ND,AGL,CE,Federal Contract Tower,0,2,1,0,3,0,0,0,0,0,0,2,1,0,3,0,0,0,3
11/11/2022,MOT,ND,AGL,CE,Federal Contract Tower,6,16,10,0,32,0,0,19,0,19,6,16,29,0,51,29,2,31,82
11/12/2022,MOT,ND,AGL,CE,Federal Contract Tower,5,10,2,0,17,0,0,0,0,0,5,10,2,0,17,0,0,0,17
11/13/2022,MOT,ND,AGL,CE,Federal Contract Tower,4,6,13,0,23,0,0,7,0,7,4,6,20,0,30,8,0,8,38
11/14/2022,MOT,ND,AGL,CE,Federal Contract Tower,10,6,8,0,24,0,0,0,0,0,10,6,8,0,24,0,10,10,34
11/15/2022,MOT,ND,AGL,CE,Federal Contract Tower,3,17,12,0,32,0,0,0,0,0,3,17,12,0,32,2,0,2,34
11/16/2022,MOT,ND,AGL,CE,Federal Contract Tower,4,10,10,0,24,0,0,2,0,2,4,10,12,0,26,2,0,2,28
11/17/2022,MOT,ND,AGL,CE,Federal Contract Tower,7,6,6,0,19,0,0,0,0,0,7,6,6,0,19,0,8,8,27
11/18/2022,MOT,ND,AGL,CE,Federal Contract Tower,6,9,5,0,20,0,0,2,0,2,6,9,7,0,22,4,4,8,30
11/19/2022,MOT,ND,AGL,CE,Federal Contract Tower,6,8,2,0,16,0,0,11,0,11,6,8,13,0,27,36,0,36,63
11/20/2022,MOT,ND,AGL,CE,Federal Contract Tower,4,5,3,0,12,0,7,22,0,29,4,12,25,0,41,57,0,57,98
11/21/2022,MOT,ND,AGL,CE,Federal Contract Tower,6,8,7,0,21,0,0,26,0,26,6,8,33,0,47,89,24,113,160
11/22/2022,MOT,ND,AGL,CE,Federal Contract Tower,6,10,7,0,23,0,0,14,0,14,6,10,21,0,37,43,0,43,80
11/23/2022,MOT,ND,AGL,CE,Federal Contract Tower,5,10,4,0,19,0,0,15,0,15,5,10,19,0,34,80,8,88,122
11/24/2022,MOT,ND,AGL,CE,Federal Contract Tower,3,4,2,0,9,0,1,6,0,7,3,5,8,0,16,0,0,0,16
11/25/2022,MOT,ND,AGL,CE,Federal Contract Tower,6,12,2,0,20,0,0,15,0,15,6,12,17,0,35,30,0,30,65
11/26/2022,MOT,ND,AGL,CE,Federal Contract Tower,7,9,1,0,17,0,0,15,0,15,7,9,16,0,32,51,0,51,83
11/27/2022,MOT,ND,AGL,CE,Federal Contract Tower,4,2,9,0,15,0,0,15,0,15,4,2,24,0,30,15,0,15,45
11/28/2022,MOT,ND,AGL,CE,Federal Contract Tower,9,7,8,0,24,0,0,8,0,8,9,7,16,0,32,16,16,32,64
11/29/2022,MOT,ND,AGL,CE,Federal Contract Tower,3,19,8,0,30,0,0,1,0,1,3,19,9,0,31,0,6,6,37
11/30/2022,MOT,ND,AGL,CE,Federal Contract Tower,6,13,19,0,38,0,0,6,0,6,6,13,25,0,44,0,0,0,44
12/01/2022,MOT,ND,AGL,CE,Federal Contract Tower,5,12,11,0,28,0,1,19,0,20,5,13,30,0,48,45,0,45,93
12/02/2022,MOT,ND,AGL,CE,Federal Contract Tower,5,19,13,0,37,0,0,5,2,7,5,19,18,2,44,0,0,0,44
12/03/2022,MOT,ND,AGL,CE,Federal Contract Tower,6,9,8,0,23,0,2,20,0,22,6,11,28,0,45,18,0,18,63
12/04/2022,MOT,ND,AGL,CE,Federal Contract Tower,5,5,6,0,16,0,0,4,0,4,5,5,10,0,20,0,0,0,20
12/05/2022,MOT,ND,AGL,CE,Federal Contract Tower,6,7,11,0,24,0,4,14,0,18,6,11,25,0,42,18,0,18,60
12/06/2022,MOT,ND,AGL,CE,Federal Contract Tower,4,13,0,0,17,0,0,3,0,3,4,13,3,0,20,0,0,0,20
12/07/2022,MOT,ND,AGL,CE,Federal Contract Tower,6,12,16,0,34,0,0,13,0,13,6,12,29,0,47,22,2,24,71
12/08/2022,MOT,ND,AGL,CE,Federal Contract Tower,4,15,14,0,33,0,4,15,0,19,4,19,29,0,52,40,4,44,96
12/09/2022,MOT,ND,AGL,CE,Federal Contract Tower,8,10,7,0,25,0,3,14,2,19,8,13,21,2,44,36,4,40,84
12/10/2022,MOT,ND,AGL,CE,Federal Contract Tower,6,8,1,0,15,0,8,18,0,26,6,16,19,0,41,46,0,46,87
12/11/2022,MOT,ND,AGL,CE,Federal Contract Tower,4,2,5,0,11,0,0,1,0,1,4,2,6,0,12,0,0,0,12
12/12/2022,MOT,ND,AGL,CE,Federal Contract Tower,8,9,4,0,21,0,0,0,0,0,8,9,4,0,21,0,4,4,25
12/14/2022,MOT,ND,AGL,CE,Federal Contract Tower,0,4,1,0,5,0,0,0,0,0,0,4,1,0,5,0,0,0,5
12/15/2022,MOT,ND,AGL,CE,Federal Contract Tower,2,8,1,0,11,0,0,0,0,0,2,8,1,0,11,0,0,0,11
12/17/2022,MOT,ND,AGL,CE,Federal Contract Tower,6,12,7,0,25,0,0,3,0,3,6,12,10,0,28,0,0,0,28
12/18/2022,MOT,ND,AGL,CE,Federal Contract Tower,7,4,7,0,18,0,0,0,0,0,7,4,7,0,18,0,0,0,18
12/19/2022,MOT,ND,AGL,CE,Federal Contract Tower,4,9,18,0,31,0,0,1,0,1,4,9,19,0,32,0,0,0,32
12/20/2022,MOT,ND,AGL,CE,Federal Contract Tower,7,13,10,2,32,0,0,11,0,11,7,13,21,2,43,6,0,6,49
12/21/2022,MOT,ND,AGL,CE,Federal Contract Tower,6,16,10,0,32,0,0,0,0,0,6,16,10,0,32,0,0,0,32
12/22/2022,MOT,ND,AGL,CE,Federal Contract Tower,4,12,4,0,20,0,0,3,0,3,4,12,7,0,23,0,0,0,23
12/23/2022,MOT,ND,AGL,CE,Federal Contract Tower,3,6,7,0,16,0,0,4,0,4,3,6,11,0,20,0,0,0,20
12/24/2022,MOT,ND,AGL,CE,Federal Contract Tower,4,11,0,0,15,0,0,6,0,6,4,11,6,0,21,0,0,0,21
12/25/2022,MOT,ND,AGL,CE,Federal Contract Tower,1,3,3,0,7,0,0,0,0,0,1,3,3,0,7,0,0,0,7
12/26/2022,MOT,ND,AGL,CE,Federal Contract Tower,3,3,1,0,7,0,0,3,0,3,3,3,4,0,10,0,0,0,10
12/27/2022,MOT,ND,AGL,CE,Federal Contract Tower,7,9,7,0,23,0,0,7,0,7,7,9,14,0,30,38,18,56,86
12/28/2022,MOT,ND,AGL,CE,Federal Contract Tower,4,17,9,0,30,0,6,6,0,12,4,23,15,0,42,6,4,10,52
12/29/2022,MOT,ND,AGL,CE,Federal Contract Tower,6,12,5,0,23,0,0,3,0,3,6,12,8,0,26,0,0,0,26
12/30/2022,MOT,ND,AGL,CE,Federal Contract Tower,4,11,6,0,21,0,0,7,0,7,4,11,13,0,28,38,0,38,66
12/31/2022,MOT,ND,AGL,CE,Federal Contract Tower,2,12,5,0,19,0,0,8,0,8,2,12,13,0,27,31,0,31,58
01/01/2023,MOT,ND,AGL,CE,Federal Contract Tower,6,7,4,0,17,0,2,0,0,2,6,9,4,0,19,0,0,0,19
01/02/2023,MOT,ND,AGL,CE,Federal Contract Tower,4,2,1,0,7,0,6,15,0,21,4,8,16,0,28,18,0,18,46
01/04/2023,MOT,ND,AGL,CE,Federal Contract Tower,4,11,7,0,22,0,0,7,0,7,4,11,14,0,29,0,28,28,57
01/05/2023,MOT,ND,AGL,CE,Federal Contract Tower,6,11,8,0,25,0,0,7,0,7,6,11,15,0,32,0,4,4,36
01/06/2023,MOT,ND,AGL,CE,Federal Contract Tower,6,15,8,0,29,0,0,0,0,0,6,15,8,0,29,0,12,12,41
01/07/2023,MOT,ND,AGL,CE,Federal Contract Tower,5,16,5,0,26,0,2,12,0,14,5,18,17,0,40,34,0,34,74
01/08/2023,MOT,ND,AGL,CE,Federal Contract Tower,4,9,3,0,16,0,4,17,0,21,4,13,20,0,37,41,0,41,78
01/09/2023,MOT,ND,AGL,CE,Federal Contract Tower,8,9,7,2,26,0,0,10,0,10,8,9,17,2,36,59,36,95,131
01/10/2023,MOT,ND,AGL,CE,Federal Contract Tower,4,13,6,0,23,0,6,13,0,19,4,19,19,0,42,58,70,128,170
01/11/2023,MOT,ND,AGL,CE,Federal Contract Tower,5,10,7,0,22,0,0,0,0,0,5,10,7,0,22,20,12,32,54
01/12/2023,MOT,ND,AGL,CE,Federal Contract Tower,7,14,7,0,28,0,2,10,0,12,7,16,17,0,40,15,2,17,57
01/13/2023,MOT,ND,AGL,CE,Federal Contract Tower,6,10,20,0,36,0,4,19,0,23,6,14,39,0,59,51,0,51,110
01/14/2023,MOT,ND,AGL,CE,Federal Contract Tower,4,13,3,0,20,0,4,22,0,26,4,17,25,0,46,30,0,30,76
01/15/2023,MOT,ND,AGL,CE,Federal Contract Tower,4,1,0,0,5,0,0,0,0,0,4,1,0,0,5,0,0,0,5
01/16/2023,MOT,ND,AGL,CE,Federal Contract Tower,6,7,2,0,15,0,0,0,0,0,6,7,2,0,15,0,0,0,15
01/17/2023,MOT,ND,AGL,CE,Federal Contract Tower,4,14,16,0,34,0,0,0,0,0,4,14,16,0,34,0,12,12,46
01/18/2023,MOT,ND,AGL,CE,Federal Contract Tower,4,13,9,0,26,0,0,0,0,0,4,13,9,0,26,0,0,0,26
01/19/2023,MOT,ND,AGL,CE,Federal Contract Tower,6,22,8,0,36,0,0,0,0,0,6,22,8,0,36,0,4,4,40
01/20/2023,MOT,ND,AGL,CE,Federal Contract Tower,6,11,6,0,23,0,0,10,0,10,6,11,16,0,33,2,8,10,43
01/21/2023,MOT,ND,AGL,CE,Federal Contract Tower,4,10,0,0,14,0,4,25,0,29,4,14,25,0,43,29,0,29,72
01/22/2023,MOT,ND,AGL,CE,Federal Contract Tower,4,5,6,0,15,0,4,16,0,20,4,9,22,0,35,27,0,27,62
01/23/2023,MOT,ND,AGL,CE,Federal Contract Tower,7,13,13,0,33,0,0,6,0,6,7,13,19,0,39,21,0,21,60
01/24/2023,MOT,ND,AGL,CE,Federal Contract Tower,3,15,8,0,26,0,0,0,0,0,3,15,8,0,26,0,4,4,30
01/26/2023,MOT,ND,AGL,CE,Federal Contract Tower,6,19,4,0,29,0,0,0,0,0,6,19,4,0,29,16,0,16,45
01/27/2023,MOT,ND,AGL,CE,Federal Contract Tower,6,8,4,0,18,0,0,4,0,4,6,8,8,0,22,30,18,48,70
01/28/2023,MOT,ND,AGL,CE,Federal Contract Tower,4,10,4,0,18,0,2,4,0,6,4,12,8,0,24,3,2,5,29
01/29/2023,MOT,ND,AGL,CE,Federal Contract Tower,4,4,6,0,14,0,0,6,0,6,4,4,12,0,20,6,0,6,26
01/30/2023,MOT,ND,AGL,CE,Federal Contract Tower,8,6,4,0,18,0,0,8,0,8,8,6,12,0,26,0,16,16,42
01/31/2023,MOT,ND,AGL,CE,Federal Contract Tower,4,10,1,0,15,0,0,8,0,8,4,10,9,0,23,4,4,8,31
02/01/2023,MOT,ND,AGL,CE,Federal Contract Tower,4,11,13,0,28,0,3,21,0,24,4,14,34,0,52,26,14,40,92
02/02/2023,MOT,ND,AGL,CE,Federal Contract Tower,6,8,16,0,30,0,0,3,0,3,6,8,19,0,33,6,0,6,39
02/03/2023,MOT,ND,AGL,CE,Federal Contract Tower,6,12,10,0,28,0,0,10,0,10,6,12,20,0,38,14,28,42,80
02/04/2023,MOT,ND,AGL,CE,Federal Contract Tower,4,11,5,0,20,0,0,12,0,12,4,11,17,0,32,5,0,5,37
02/05/2023,MOT,ND,AGL,CE,Federal Contract Tower,4,7,9,0,20,0,3,25,0,28,4,10,34,0,48,86,4,90,138
02/06/2023,MOT,ND,AGL,CE,Federal Contract Tower,9,7,6,0,22,0,8,5,0,13,9,15,11,0,35,29,4,33,68
02/07/2023,MOT,ND,AGL,CE,Federal Contract Tower,4,14,11,0,29,0,0,7,0,7,4,14,18,0,36,17,4,21,57
02/08/2023,MOT,ND,AGL,CE,Federal Contract Tower,4,12,11,0,27,0,4,24,0,28,4,16,35,0,55,61,12,73,128
02/09/2023,MOT,ND,AGL,CE,Federal Contract Tower,6,19,7,0,32,0,0,9,0,9,6,19,16,0,41,48,0,48,89
02/10/2023,MOT,ND,AGL,CE,Federal Contract Tower,6,11,8,0,25,0,5,15,0,20,6,16,23,0,45,54,0,54,99
02/11/2023,MOT,ND,AGL,CE,Federal Contract Tower,6,9,1,0,16,0,1,22,0,23,6,10,23,0,39,80,8,88,127
02/12/2023,MOT,ND,AGL,CE,Federal Contract Tower,4,3,12,0,19,0,0,13,0,13,4,3,25,0,32,43,4,47,79
02/13/2023,MOT,ND,AGL,CE,Federal Contract Tower,7,6,7,0,20,0,1,20,0,21,7,7,27,0,41,96,4,100,141
02/14/2023,MOT,ND,AGL,CE,Federal Contract Tower,5,12,12,0,29,0,0,4,0,4,5,12,16,0,33,0,0,0,33
02/15/2023,MOT,ND,AGL,CE,Federal Contract Tower,4,8,4,0,16,0,0,24,0,24,4,8,28,0,40,26,12,38,78
02/16/2023,MOT,ND,AGL,CE,Federal Contract Tower,8,9,11,0,28,0,0,19,0,19,8,9,30,0,47,18,0,18,65
02/17/2023,MOT,ND,AGL,CE,Federal Contract Tower,4,9,5,0,18,0,1,20,0,21,4,10,25,0,39,30,0,30,69
02/18/2023,MOT,ND,AGL,CE,Federal Contract Tower,5,10,2,0,17,0,0,22,0,22,5,10,24,0,39,68,2,70,109
02/19/2023,MOT,ND,AGL,CE,Federal Contract Tower,5,3,7,0,15,0,0,1,0,1,5,3,8,0,16,0,0,0,16
02/20/2023,MOT,ND,AGL,CE,Federal Contract Tower,6,7,9,2,24,0,0,1,2,3,6,7,10,4,27,0,0,0,27
02/21/2023,MOT,ND,AGL,CE,Federal Contract Tower,5,19,11,0,35,0,1,6,0,7,5,20,17,0,42,0,12,12,54
02/22/2023,MOT,ND,AGL,CE,Federal Contract Tower,5,13,5,0,23,0,0,0,0,0,5,13,5,0,23,0,4,4,27
02/23/2023,MOT,ND,AGL,CE,Federal Contract Tower,8,12,4,0,24,0,0,0,0,0,8,12,4,0,24,0,8,8,32
02/24/2023,MOT,ND,AGL,CE,Federal Contract Tower,4,12,9,0,25,0,0,2,0,2,4,12,11,0,27,0,8,8,35
02/25/2023,MOT,ND,AGL,CE,Federal Contract Tower,8,11,9,0,28,0,0,17,0,17,8,11,26,0,45,117,4,121,166
02/26/2023,MOT,ND,AGL,CE,Federal Contract Tower,6,3,8,0,17,0,3,29,0,32,6,6,37,0,49,63,0,63,112
02/27/2023,MOT,ND,AGL,CE,Federal Contract Tower,6,7,9,0,22,0,0,7,0,7,6,7,16,0,29,18,8,26,55
02/28/2023,MOT,ND,AGL,CE,Federal Contract Tower,3,16,11,0,30,0,0,10,0,10,3,16,21,0,40,25,0,25,65
03/01/2023,MOT,ND,AGL,CE,Federal Contract Tower,4,13,6,0,23,0,0,9,0,9,4,13,15,0,32,27,4,31,63
03/02/2023,MOT,ND,AGL,CE,Federal Contract Tower,8,12,11,0,31,0,6,11,0,17,8,18,22,0,48,4,0,4,52
03/03/2023,MOT,ND,AGL,CE,Federal Contract Tower,4,10,9,2,25,0,7,14,0,21,4,17,23,2,46,35,4,39,85
03/04/2023,MOT,ND,AGL,CE,Federal Contract Tower,5,10,4,0,19,0,1,31,0,32,5,11,35,0,51,72,8,80,131
03/05/2023,MOT,ND,AGL,CE,Federal Contract Tower,8,2,7,0,17,0,0,0,0,0,8,2,7,0,17,0,0,0,17
03/06/2023,MOT,ND,AGL,CE,Federal Contract Tower,8,8,8,0,24,0,3,16,0,19,8,11,24,0,43,41,8,49,92
03/07/2023,MOT,ND,AGL,CE,Federal Contract Tower,4,17,3,0,24,0,0,8,0,8,4,17,11,0,32,0,4,4,36
03/08/2023,MOT,ND,AGL,CE,Federal Contract Tower,5,16,7,0,28,0,0,3,0,3,5,16,10,0,31,2,2,4,35
03/09/2023,MOT,ND,AGL,CE,Federal Contract Tower,7,17,7,0,31,0,0,0,0,0,7,17,7,0,31,0,2,2,33
03/10/2023,MOT,ND,AGL,CE,Federal Contract Tower,8,12,5,2,27,0,0,0,0,0,8,12,5,2,27,0,0,0,27
03/11/2023,MOT,ND,AGL,CE,Federal Contract Tower,0,0,0,0,0,0,0,0,0,0,0,0,0,0,0,0,0,0,0
03/12/2023,MOT,ND,AGL,CE,Federal Contract Tower,14,7,1,0,22,0,3,9,0,12,14,10,10,0,34,2,10,12,46
03/13/2023,MOT,ND,AGL,CE,Federal Contract Tower,6,7,9,0,22,0,1,18,1,20,6,8,27,1,42,31,2,33,75
03/14/2023,MOT,ND,AGL,CE,Federal Contract Tower,8,14,15,0,37,0,0,16,0,16,8,14,31,0,53,14,8,22,75
03/15/2023,MOT,ND,AGL,CE,Federal Contract Tower,9,11,5,0,25,0,0,6,0,6,9,11,11,0,31,80,0,80,111
03/16/2023,MOT,ND,AGL,CE,Federal Contract Tower,10,10,9,0,29,0,0,21,0,21,10,10,30,0,50,35,0,35,85
03/17/2023,MOT,ND,AGL,CE,Federal Contract Tower,6,8,8,0,22,0,6,7,0,13,6,14,15,0,35,31,0,31,66
03/18/2023,MOT,ND,AGL,CE,Federal Contract Tower,11,14,3,0,28,0,0,26,1,27,11,14,29,1,55,102,0,102,157
03/19/2023,MOT,ND,AGL,CE,Federal Contract Tower,8,3,1,0,12,0,1,28,0,29,8,4,29,0,41,93,0,93,134
03/20/2023,MOT,ND,AGL,CE,Federal Contract Tower,10,6,5,0,21,0,0,0,0,0,10,6,5,0,21,111,4,115,136
03/21/2023,MOT,ND,AGL,CE,Federal Contract Tower,8,13,10,0,31,0,0,19,0,19,8,13,29,0,50,69,0,69,119
03/22/2023,MOT,ND,AGL,CE,Federal Contract Tower,6,14,8,0,28,0,1,16,0,17,6,15,24,0,45,65,2,67,112
03/23/2023,MOT,ND,AGL,CE,Federal Contract Tower,12,13,4,0,29,0,0,18,0,18,12,13,22,0,47,17,4,21,68
03/24/2023,MOT,ND,AGL,CE,Federal Contract Tower,6,11,4,0,21,0,0,31,0,31,6,11,35,0,52,48,0,48,100
03/25/2023,MOT,ND,AGL,CE,Federal Contract Tower,10,10,5,0,25,0,4,26,0,30,10,14,31,0,55,23,4,27,82
03/26/2023,MOT,ND,AGL,CE,Federal Contract Tower,10,7,4,0,21,0,0,10,0,10,10,7,14,0,31,29,4,33,64
03/27/2023,MOT,ND,AGL,CE,Federal Contract Tower,8,7,7,0,22,0,0,10,0,10,8,7,17,0,32,39,0,39,71
03/28/2023,MOT,ND,AGL,CE,Federal Contract Tower,6,12,3,1,22,0,0,7,0,7,6,12,10,1,29,0,2,2,31
03/29/2023,MOT,ND,AGL,CE,Federal Contract Tower,6,11,7,0,24,0,0,21,0,21,6,11,28,0,45,34,4,38,83
03/30/2023,MOT,ND,AGL,CE,Federal Contract Tower,9,14,8,0,31,0,0,14,0,14,9,14,22,0,45,120,6,126,171
03/31/2023,MOT,ND,AGL,CE,Federal Contract Tower,6,18,2,0,26,0,0,18,0,18,6,18,20,0,44,104,4,108,152
04/01/2023,MOT,ND,AGL,CE,Federal Contract Tower,8,8,9,0,25,0,0,22,0,22,8,8,31,0,47,134,0,134,181
04/02/2023,MOT,ND,AGL,CE,Federal Contract Tower,8,4,0,0,12,0,0,6,0,6,8,4,6,0,18,50,0,50,68
04/03/2023,MOT,ND,AGL,CE,Federal Contract Tower,8,9,15,0,32,0,0,2,0,2,8,9,17,0,34,0,4,4,38
04/04/2023,MOT,ND,AGL,CE,Federal Contract Tower,6,10,5,0,21,0,0,0,0,0,6,10,5,0,21,0,8,8,29
04/05/2023,MOT,ND,AGL,CE,Federal Contract Tower,6,8,3,0,17,0,0,0,0,0,6,8,3,0,17,0,2,2,19
04/06/2023,MOT,ND,AGL,CE,Federal Contract Tower,8,16,10,0,34,0,0,13,0,13,8,16,23,0,47,0,21,21,68
04/07/2023,MOT,ND,AGL,CE,Federal Contract Tower,6,13,5,0,24,0,0,3,0,3,6,13,8,0,27,12,7,19,46
04/08/2023,MOT,ND,AGL,CE,Federal Contract Tower,8,8,0,0,16,0,0,19,0,19,8,8,19,0,35,147,2,149,184
04/09/2023,MOT,ND,AGL,CE,Federal Contract Tower,8,5,3,0,16,0,0,15,0,15,8,5,18,0,31,19,0,19,50
04/10/2023,MOT,ND,AGL,CE,Federal Contract Tower,8,5,11,0,24,0,0,25,0,25,8,5,36,0,49,27,0,27,76
04/11/2023,MOT,ND,AGL,CE,Federal Contract Tower,20,18,4,0,42,0,15,35,3,53,20,33,39,3,95,98,18,116,211
04/12/2023,MOT,ND,AGL,CE,Federal Contract Tower,8,11,7,0,26,0,0,30,2,32,8,11,37,2,58,115,10,125,183
04/13/2023,MOT,ND,AGL,CE,Federal Contract Tower,11,12,7,3,33,0,4,8,0,12,11,16,15,3,45,44,2,46,91
04/15/2023,MOT,ND,AGL,CE,Federal Contract Tower,9,8,5,0,22,0,0,11,2,13,9,8,16,2,35,79,0,79,114
04/16/2023,MOT,ND,AGL,CE,Federal Contract Tower,8,5,4,0,17,0,3,30,0,33,8,8,34,0,50,99,0,99,149
04/17/2023,MOT,ND,AGL,CE,Federal Contract Tower,14,8,9,0,31,0,3,30,0,33,14,11,39,0,64,108,0,108,172
04/18/2023,MOT,ND,AGL,CE,Federal Contract Tower,8,12,7,0,27,0,1,15,0,16,8,13,22,0,43,89,20,109,152
04/19/2023,MOT,ND,AGL,CE,Federal Contract Tower,7,17,2,0,26,0,0,0,0,0,7,17,2,0,26,0,0,0,26
04/20/2023,MOT,ND,AGL,CE,Federal Contract Tower,13,14,9,0,36,0,0,0,0,0,13,14,9,0,36,0,0,0,36
04/21/2023,MOT,ND,AGL,CE,Federal Contract Tower,10,8,12,0,30,0,2,0,0,2,10,10,12,0,32,10,0,10,42
04/22/2023,MOT,ND,AGL,CE,Federal Contract Tower,6,9,3,0,18,0,0,20,0,20,6,9,23,0,38,135,0,135,173
04/23/2023,MOT,ND,AGL,CE,Federal Contract Tower,10,2,3,0,15,0,2,51,0,53,10,4,54,0,68,30,0,30,98
04/24/2023,MOT,ND,AGL,CE,Federal Contract Tower,11,6,8,1,26,0,0,48,0,48,11,6,56,1,74,94,0,94,168
04/25/2023,MOT,ND,AGL,CE,Federal Contract Tower,6,12,8,0,26,0,0,39,0,39,6,12,47,0,65,53,0,53,118
04/26/2023,MOT,ND,AGL,CE,Federal Contract Tower,11,11,11,0,33,0,0,21,0,21,11,11,32,0,54,18,0,18,72
04/27/2023,MOT,ND,AGL,CE,Federal Contract Tower,10,13,4,0,27,0,0,2,2,4,10,13,6,2,31,0,24,24,55
04/28/2023,MOT,ND,AGL,CE,Federal Contract Tower,6,12,13,2,33,0,0,35,0,35,6,12,48,2,68,100,2,102,170
04/29/2023,MOT,ND,AGL,CE,Federal Contract Tower,8,10,4,0,22,0,0,8,0,8,8,10,12,0,30,19,2,21,51
04/30/2023,MOT,ND,AGL,CE,Federal Contract Tower,11,3,3,0,17,0,0,30,0,30,11,3,33,0,47,65,2,67,114
05/01/2023,MOT,ND,AGL,CE,Federal Contract Tower,13,6,6,0,25,0,0,48,0,48,13,6,54,0,73,96,0,96,169
05/02/2023,MOT,ND,AGL,CE,Federal Contract Tower,7,10,6,0,23,0,0,32,3,35,7,10,38,3,58,101,28,129,187
05/03/2023,MOT,ND,AGL,CE,Federal Contract Tower,6,18,13,0,37,0,3,41,0,44,6,21,54,0,81,147,0,147,228
05/04/2023,MOT,ND,AGL,CE,Federal Contract Tower,10,17,10,0,37,0,0,37,0,37,10,17,47,0,74,68,0,68,142
05/05/2023,MOT,ND,AGL,CE,Federal Contract Tower,8,13,5,0,26,0,0,25,0,25,8,13,30,0,51,80,2,82,133
05/06/2023,MOT,ND,AGL,CE,Federal Contract Tower,8,11,3,0,22,0,0,20,0,20,8,11,23,0,42,47,0,47,89
05/07/2023,MOT,ND,AGL,CE,Federal Contract Tower,10,1,7,0,18,0,0,2,0,2,10,1,9,0,20,4,0,4,24
05/08/2023,MOT,ND,AGL,CE,Federal Contract Tower,9,5,17,2,33,0,0,6,0,6,9,5,23,2,39,25,4,29,68
05/09/2023,MOT,ND,AGL,CE,Federal Contract Tower,6,16,6,0,28,0,0,14,0,14,6,16,20,0,42,30,2,32,74
05/10/2023,MOT,ND,AGL,CE,Federal Contract Tower,6,14,19,0,39,0,1,39,0,40,6,15,58,0,79,61,0,61,140
05/11/2023,MOT,ND,AGL,CE,Federal Contract Tower,13,9,6,0,28,0,0,24,0,24,13,9,30,0,52,16,0,16,68
05/12/2023,MOT,ND,AGL,CE,Federal Contract Tower,8,9,5,0,22,0,0,2,4,6,8,9,7,4,28,0,0,0,28
05/13/2023,MOT,ND,AGL,CE,Federal Contract Tower,5,10,7,0,22,0,0,4,0,4,5,10,11,0,26,0,0,0,26
05/15/2023,MOT,ND,AGL,CE,Federal Contract Tower,8,7,16,0,31,0,2,26,0,28,8,9,42,0,59,38,4,42,101
05/16/2023,MOT,ND,AGL,CE,Federal Contract Tower,6,12,6,0,24,0,1,25,0,26,6,13,31,0,50,81,2,83,133
05/17/2023,MOT,ND,AGL,CE,Federal Contract Tower,8,14,14,0,36,0,0,2,0,2,8,14,16,0,38,0,0,0,38
05/18/2023,MOT,ND,AGL,CE,Federal Contract Tower,12,12,8,1,33,0,0,15,1,16,12,12,23,2,49,77,0,77,126
05/19/2023,MOT,ND,AGL,CE,Federal Contract Tower,7,7,15,0,29,0,0,50,0,50,7,7,65,0,79,119,8,127,206
05/20/2023,MOT,ND,AGL,CE,Federal Contract Tower,6,8,8,0,22,0,0,88,0,88,6,8,96,0,110,80,0,80,190
05/21/2023,MOT,ND,AGL,CE,Federal Contract Tower,6,4,7,0,17,0,0,36,0,36,6,4,43,0,53,55,0,55,108
05/22/2023,MOT,ND,AGL,CE,Federal Contract Tower,8,5,16,0,29,0,2,41,0,43,8,7,57,0,72,139,0,139,211
05/23/2023,MOT,ND,AGL,CE,Federal Contract Tower,7,13,5,0,25,0,0,39,0,39,7,13,44,0,64,20,18,38,102
05/24/2023,MOT,ND,AGL,CE,Federal Contract Tower,8,15,5,0,28,0,0,27,0,27,8,15,32,0,55,18,0,18,73
05/25/2023,MOT,ND,AGL,CE,Federal Contract Tower,7,9,14,0,30,0,0,18,0,18,7,9,32,0,48,44,0,44,92
05/26/2023,MOT,ND,AGL,CE,Federal Contract Tower,12,11,6,0,29,0,0,28,0,28,12,11,34,0,57,9,0,9,66
05/27/2023,MOT,ND,AGL,CE,Federal Contract Tower,6,11,4,0,21,0,0,14,0,14,6,11,18,0,35,45,0,45,80
05/28/2023,MOT,ND,AGL,CE,Federal Contract Tower,4,9,4,0,17,0,0,14,0,14,4,9,18,0,31,18,0,18,49
05/29/2023,MOT,ND,AGL,CE,Federal Contract Tower,10,3,4,0,17,0,0,32,0,32,10,3,36,0,49,36,0,36,85
05/30/2023,MOT,ND,AGL,CE,Federal Contract Tower,8,13,14,0,35,0,3,34,0,37,8,16,48,0,72,52,0,52,124
05/31/2023,MOT,ND,AGL,CE,Federal Contract Tower,6,13,16,0,35,0,0,27,0,27,6,13,43,0,62,31,8,39,101
06/01/2023,MOT,ND,AGL,CE,Federal Contract Tower,8,13,16,0,37,0,2,27,0,29,8,15,43,0,66,37,2,39,105
06/02/2023,MOT,ND,AGL,CE,Federal Contract Tower,6,11,6,0,23,0,0,15,4,19,6,11,21,4,42,24,28,52,94
06/03/2023,MOT,ND,AGL,CE,Federal Contract Tower,4,9,0,0,13,0,0,34,0,34,4,9,34,0,47,95,2,97,144
06/04/2023,MOT,ND,AGL,CE,Federal Contract Tower,6,11,3,0,20,0,1,29,0,30,6,12,32,0,50,16,0,16,66
06/05/2023,MOT,ND,AGL,CE,Federal Contract Tower,8,7,13,0,28,0,2,44,0,46,8,9,57,0,74,143,8,151,225
06/06/2023,MOT,ND,AGL,CE,Federal Contract Tower,6,10,9,0,25,0,0,25,0,25,6,10,34,0,50,81,4,85,135
06/07/2023,MOT,ND,AGL,CE,Federal Contract Tower,6,12,21,0,39,0,3,31,0,34,6,15,52,0,73,60,8,68,141
06/08/2023,MOT,ND,AGL,CE,Federal Contract Tower,7,17,9,0,33,0,0,18,0,18,7,17,27,0,51,36,0,36,87
06/09/2023,MOT,ND,AGL,CE,Federal Contract Tower,6,14,16,0,36,0,0,21,0,21,6,14,37,0,57,103,0,103,160
06/10/2023,MOT,ND,AGL,CE,Federal Contract Tower,4,11,8,0,23,0,0,32,0,32,4,11,40,0,55,37,0,37,92
06/11/2023,MOT,ND,AGL,CE,Federal Contract Tower,6,3,8,0,17,0,0,31,0,31,6,3,39,0,48,52,0,52,100
06/12/2023,MOT,ND,AGL,CE,Federal Contract Tower,9,8,7,0,24,0,1,41,0,42,9,9,48,0,66,130,6,136,202
06/13/2023,MOT,ND,AGL,CE,Federal Contract Tower,6,11,15,0,32,0,0,43,0,43,6,11,58,0,75,87,0,87,162
06/14/2023,MOT,ND,AGL,CE,Federal Contract Tower,6,14,13,0,33,0,1,22,0,23,6,15,35,0,56,85,0,85,141
06/15/2023,MOT,ND,AGL,CE,Federal Contract Tower,8,14,15,0,37,0,0,28,0,28,8,14,43,0,65,138,0,138,203
06/16/2023,MOT,ND,AGL,CE,Federal Contract Tower,8,10,17,2,37,0,2,50,2,54,8,12,67,4,91,106,4,110,201
06/17/2023,MOT,ND,AGL,CE,Federal Contract Tower,7,11,4,0,22,0,0,91,0,91,7,11,95,0,113,79,2,81,194
06/18/2023,MOT,ND,AGL,CE,Federal Contract Tower,6,3,9,0,18,0,0,36,0,36,6,3,45,0,54,37,0,37,91
06/19/2023,MOT,ND,AGL,CE,Federal Contract Tower,8,7,8,0,23,0,1,56,0,57,8,8,64,0,80,48,0,48,128
06/20/2023,MOT,ND,AGL,CE,Federal Contract Tower,5,14,10,0,29,0,0,45,0,45,5,14,55,0,74,61,0,61,135
06/21/2023,MOT,ND,AGL,CE,Federal Contract Tower,6,11,17,1,35,0,3,88,0,91,6,14,105,1,126,148,2,150,276
06/22/2023,MOT,ND,AGL,CE,Federal Contract Tower,8,12,15,0,35,0,2,63,0,65,8,14,78,0,100,91,0,91,191
06/23/2023,MOT,ND,AGL,CE,Federal Contract Tower,6,14,13,0,33,0,2,80,0,82,6,16,93,0,115,43,16,59,174
06/24/2023,MOT,ND,AGL,CE,Federal Contract Tower,4,13,6,6,29,0,0,6,0,6,4,13,12,6,35,3,2,5,40
06/25/2023,MOT,ND,AGL,CE,Federal Contract Tower,7,6,4,0,17,0,0,61,0,61,7,6,65,0,78,65,0,65,143
06/26/2023,MOT,ND,AGL,CE,Federal Contract Tower,8,7,13,0,28,0,2,106,0,108,8,9,119,0,136,136,6,142,278
06/27/2023,MOT,ND,AGL,CE,Federal Contract Tower,6,13,16,0,35,0,0,64,0,64,6,13,80,0,99,133,0,133,232
06/28/2023,MOT,ND,AGL,CE,Federal Contract Tower,7,11,21,0,39,0,5,77,0,82,7,16,98,0,121,71,24,95,216
06/29/2023,MOT,ND,AGL,CE,Federal Contract Tower,9,10,18,0,37,0,0,67,0,67,9,10,85,0,104,102,0,102,206
06/30/2023,MOT,ND,AGL,CE,Federal Contract Tower,5,10,12,0,27,0,0,55,0,55,5,10,67,0,82,120,0,120,202
07/01/2023,MOT,ND,AGL,CE,Federal Contract Tower,5,12,7,0,24,0,0,40,0,40,5,12,47,0,64,95,0,95,159
07/02/2023,MOT,ND,AGL,CE,Federal Contract Tower,4,5,4,0,13,0,0,14,0,14,4,5,18,0,27,65,0,65,92
07/03/2023,MOT,ND,AGL,CE,Federal Contract Tower,6,8,6,0,20,0,2,59,0,61,6,10,65,0,81,58,0,58,139
07/04/2023,MOT,ND,AGL,CE,Federal Contract Tower,4,4,3,0,11,0,0,19,0,19,4,4,22,0,30,0,0,0,30
07/05/2023,MOT,ND,AGL,CE,Federal Contract Tower,6,13,9,0,28,0,0,72,0,72,6,13,81,0,100,47,0,47,147
07/06/2023,MOT,ND,AGL,CE,Federal Contract Tower,7,12,11,0,30,0,10,55,0,65,7,22,66,0,95,64,0,64,159
07/07/2023,MOT,ND,AGL,CE,Federal Contract Tower,4,13,3,2,22,0,0,35,0,35,4,13,38,2,57,80,0,80,137
07/08/2023,MOT,ND,AGL,CE,Federal Contract Tower,4,11,2,0,17,0,0,90,0,90,4,11,92,0,107,59,2,61,168
07/09/2023,MOT,ND,AGL,CE,Federal Contract Tower,6,4,3,0,13,0,1,59,0,60,6,5,62,0,73,15,0,15,88
07/10/2023,MOT,ND,AGL,CE,Federal Contract Tower,8,11,10,0,29,0,0,70,6,76,8,11,80,6,105,34,0,34,139
07/11/2023,MOT,ND,AGL,CE,Federal Contract Tower,6,11,20,0,37,0,0,19,6,25,6,11,39,6,62,8,0,8,70
07/12/2023,MOT,ND,AGL,CE,Federal Contract Tower,6,13,15,1,35,0,0,28,4,32,6,13,43,5,67,41,8,49,116
07/13/2023,MOT,ND,AGL,CE,Federal Contract Tower,7,14,5,0,26,0,3,45,0,48,7,17,50,0,74,86,0,86,160
07/14/2023,MOT,ND,AGL,CE,Federal Contract Tower,6,13,6,0,25,0,0,33,0,33,6,13,39,0,58,39,36,75,133
07/15/2023,MOT,ND,AGL,CE,Federal Contract Tower,4,8,8,0,20,0,0,50,0,50,4,8,58,0,70,104,0,104,174
07/16/2023,MOT,ND,AGL,CE,Federal Contract Tower,4,6,3,0,13,0,0,43,0,43,4,6,46,0,56,12,0,12,68
07/17/2023,MOT,ND,AGL,CE,Federal Contract Tower,8,7,12,0,27,0,2,57,0,59,8,9,69,0,86,68,0,68,154
07/18/2023,MOT,ND,AGL,CE,Federal Contract Tower,6,15,13,0,34,0,0,60,5,65,6,15,73,5,99,74,0,74,173
07/19/2023,MOT,ND,AGL,CE,Federal Contract Tower,6,15,8,0,29,0,0,12,0,12,6,15,20,0,41,28,0,28,69
07/20/2023,MOT,ND,AGL,CE,Federal Contract Tower,10,9,18,0,37,0,0,53,6,59,10,9,71,6,96,88,0,88,184
07/21/2023,MOT,ND,AGL,CE,Federal Contract Tower,8,13,7,0,28,0,2,51,0,53,8,15,58,0,81,37,8,45,126
07/22/2023,MOT,ND,AGL,CE,Federal Contract Tower,4,17,7,0,28,0,0,74,0,74,4,17,81,0,102,21,0,21,123
07/23/2023,MOT,ND,AGL,CE,Federal Contract Tower,6,14,9,0,29,0,0,44,0,44,6,14,53,0,73,5,0,5,78
07/24/2023,MOT,ND,AGL,CE,Federal Contract Tower,9,10,13,0,32,0,0,24,0,24,9,10,37,0,56,65,0,65,121
07/25/2023,MOT,ND,AGL,CE,Federal Contract Tower,6,13,13,0,32,0,1,51,0,52,6,14,64,0,84,27,0,27,111
07/26/2023,MOT,ND,AGL,CE,Federal Contract Tower,6,14,11,0,31,0,0,20,0,20,6,14,31,0,51,87,0,87,138
07/27/2023,MOT,ND,AGL,CE,Federal Contract Tower,8,15,9,0,32,0,0,41,0,41,8,15,50,0,73,73,0,73,146
07/28/2023,MOT,ND,AGL,CE,Federal Contract Tower,6,15,8,3,32,0,3,18,0,21,6,18,26,3,53,138,2,140,193
07/29/2023,MOT,ND,AGL,CE,Federal Contract Tower,3,8,23,0,34,0,0,19,0,19,3,8,42,0,53,36,0,36,89
07/30/2023,MOT,ND,AGL,CE,Federal Contract Tower,3,6,11,0,20,0,1,44,0,45,3,7,55,0,65,22,0,22,87
07/31/2023,MOT,ND,AGL,CE,Federal Contract Tower,8,8,5,0,21,0,0,29,9,38,8,8,34,9,59,11,0,11,70
08/01/2023,MOT,ND,AGL,CE,Federal Contract Tower,5,12,10,0,27,1,3,31,0,35,6,15,41,0,62,20,2,22,84
08/02/2023,MOT,ND,AGL,CE,Federal Contract Tower,7,6,18,0,31,0,1,44,2,47,7,7,62,2,78,117,0,117,195
08/03/2023,MOT,ND,AGL,CE,Federal Contract Tower,8,12,8,0,28,0,7,27,4,38,8,19,35,4,66,66,12,78,144
08/04/2023,MOT,ND,AGL,CE,Federal Contract Tower,7,13,6,0,26,0,7,8,0,15,7,20,14,0,41,69,0,69,110
08/05/2023,MOT,ND,AGL,CE,Federal Contract Tower,4,11,8,0,23,0,9,25,0,34,4,20,33,0,57,96,0,96,153
08/06/2023,MOT,ND,AGL,CE,Federal Contract Tower,6,14,6,0,26,0,2,25,0,27,6,16,31,0,53,47,0,47,100
08/07/2023,MOT,ND,AGL,CE,Federal Contract Tower,9,10,10,0,29,0,3,21,0,24,9,13,31,0,53,45,6,51,104
08/08/2023,MOT,ND,AGL,CE,Federal Contract Tower,6,12,11,0,29,0,2,33,0,35,6,14,44,0,64,68,6,74,138
08/09/2023,MOT,ND,AGL,CE,Federal Contract Tower,6,13,12,0,31,0,4,28,0,32,6,17,40,0,63,55,2,57,120
08/10/2023,MOT,ND,AGL,CE,Federal Contract Tower,8,16,10,0,34,0,0,17,0,17,8,16,27,0,51,7,0,7,58
08/11/2023,MOT,ND,AGL,CE,Federal Contract Tower,5,15,12,0,32,0,1,31,0,32,5,16,43,0,64,14,0,14,78
08/12/2023,MOT,ND,AGL,CE,Federal Contract Tower,4,11,8,0,23,0,0,31,0,31,4,11,39,0,54,46,0,46,100
08/13/2023,MOT,ND,AGL,CE,Federal Contract Tower,6,3,4,0,13,0,4,5,0,9,6,7,9,0,22,20,0,20,42
08/14/2023,MOT,ND,AGL,CE,Federal Contract Tower,8,8,11,0,27,0,1,39,0,40,8,9,50,0,67,83,2,85,152
08/16/2023,MOT,ND,AGL,CE,Federal Contract Tower,6,13,9,1,29,0,0,1,1,2,6,13,10,2,31,0,0,0,31
08/17/2023,MOT,ND,AGL,CE,Federal Contract Tower,8,17,6,0,31,0,0,47,3,50,8,17,53,3,81,77,26,103,184
08/18/2023,MOT,ND,AGL,CE,Federal Contract Tower,6,13,10,2,31,0,0,28,2,30,6,13,38,4,61,18,22,40,101
08/19/2023,MOT,ND,AGL,CE,Federal Contract Tower,4,10,8,0,22,0,0,20,0,20,4,10,28,0,42,12,0,12,54
08/20/2023,MOT,ND,AGL,CE,Federal Contract Tower,6,6,4,0,16,0,0,7,0,7,6,6,11,0,23,53,0,53,76
08/21/2023,MOT,ND,AGL,CE,Federal Contract Tower,8,16,12,2,38,0,0,13,0,13,8,16,25,2,51,33,4,37,88
08/22/2023,MOT,ND,AGL,CE,Federal Contract Tower,8,13,6,0,27,0,0,14,0,14,8,13,20,0,41,15,0,15,56
08/23/2023,MOT,ND,AGL,CE,Federal Contract Tower,6,15,10,0,31,0,0,12,8,20,6,15,22,8,51,66,2,68,119
08/24/2023,MOT,ND,AGL,CE,Federal Contract Tower,8,14,8,0,30,0,0,8,2,10,8,14,16,2,40,29,0,29,69
08/25/2023,MOT,ND,AGL,CE,Federal Contract Tower,6,10,6,0,22,0,0,25,0,25,6,10,31,0,47,49,6,55,102
08/26/2023,MOT,ND,AGL,CE,Federal Contract Tower,4,10,3,2,19,0,0,46,0,46,4,10,49,2,65,41,0,41,106
08/27/2023,MOT,ND,AGL,CE,Federal Contract Tower,6,3,7,0,16,0,0,27,0,27,6,3,34,0,43,63,0,63,106
08/28/2023,MOT,ND,AGL,CE,Federal Contract Tower,8,10,22,2,42,0,2,28,2,32,8,12,50,4,74,2,0,2,76
08/29/2023,MOT,ND,AGL,CE,Federal Contract Tower,6,14,8,0,28,0,0,20,0,20,6,14,28,0,48,93,0,93,141
08/30/2023,MOT,ND,AGL,CE,Federal Contract Tower,6,15,5,0,26,0,0,11,8,19,6,15,16,8,45,71,0,71,116
08/31/2023,MOT,ND,AGL,CE,Federal Contract Tower,8,14,7,0,29,0,2,44,0,46,8,16,51,0,75,50,2,52,127
01/01/2020,MOT,ND,AGL,CE,Federal Contract Tower,6,7,3,0,16,0,4,0,0,4,6,11,3,0,20,10,0,10,30
01/02/2020,MOT,ND,AGL,CE,Federal Contract Tower,6,9,16,0,31,0,2,1,0,3,6,11,17,0,34,24,0,24,58
01/03/2020,MOT,ND,AGL,CE,Federal Contract Tower,2,18,1,0,21,0,4,5,0,9,2,22,6,0,30,50,0,50,80
01/04/2020,MOT,ND,AGL,CE,Federal Contract Tower,6,13,7,0,26,0,3,8,0,11,6,16,15,0,37,46,2,48,85
01/05/2020,MOT,ND,AGL,CE,Federal Contract Tower,1,7,5,0,13,0,0,5,0,5,1,7,10,0,18,0,0,0,18
01/06/2020,MOT,ND,AGL,CE,Federal Contract Tower,4,14,5,0,23,0,6,12,0,18,4,20,17,0,41,2,4,6,47
01/07/2020,MOT,ND,AGL,CE,Federal Contract Tower,0,22,7,0,29,0,3,8,0,11,0,25,15,0,40,30,2,32,72
01/08/2020,MOT,ND,AGL,CE,Federal Contract Tower,0,22,15,2,39,0,0,1,0,1,0,22,16,2,40,0,0,0,40
01/09/2020,MOT,ND,AGL,CE,Federal Contract Tower,4,22,6,0,32,0,3,6,0,9,4,25,12,0,41,11,8,19,60
01/10/2020,MOT,ND,AGL,CE,Federal Contract Tower,0,21,10,0,31,0,8,7,0,15,0,29,17,0,46,2,0,2,48
01/11/2020,MOT,ND,AGL,CE,Federal Contract Tower,4,16,1,0,21,0,0,11,0,11,4,16,12,0,32,21,0,21,53
01/12/2020,MOT,ND,AGL,CE,Federal Contract Tower,0,10,1,0,11,0,0,4,0,4,0,10,5,0,15,63,0,63,78
01/13/2020,MOT,ND,AGL,CE,Federal Contract Tower,4,19,9,0,32,0,0,0,0,0,4,19,9,0,32,0,4,4,36
01/14/2020,MOT,ND,AGL,CE,Federal Contract Tower,1,19,18,0,38,0,12,6,0,18,1,31,24,0,56,0,0,0,56
01/15/2020,MOT,ND,AGL,CE,Federal Contract Tower,1,18,6,0,25,0,0,4,0,4,1,18,10,0,29,6,12,18,47
01/16/2020,MOT,ND,AGL,CE,Federal Contract Tower,4,22,9,0,35,0,0,6,0,6,4,22,15,0,41,0,2,2,43
01/17/2020,MOT,ND,AGL,CE,Federal Contract Tower,2,15,4,0,21,0,0,1,0,1,2,15,5,0,22,4,10,14,36
01/18/2020,MOT,ND,AGL,CE,Federal Contract Tower,4,12,0,0,16,0,0,2,0,2,4,12,2,0,18,2,0,2,20
01/19/2020,MOT,ND,AGL,CE,Federal Contract Tower,0,12,1,0,13,0,1,6,0,7,0,13,7,0,20,0,0,0,20
01/20/2020,MOT,ND,AGL,CE,Federal Contract Tower,6,16,4,0,26,0,0,9,0,9,6,16,13,0,35,23,0,23,58
01/21/2020,MOT,ND,AGL,CE,Federal Contract Tower,0,19,20,0,39,0,9,11,0,20,0,28,31,0,59,70,0,70,129
01/22/2020,MOT,ND,AGL,CE,Federal Contract Tower,0,22,11,0,33,0,1,16,0,17,0,23,27,0,50,73,2,75,125
01/23/2020,MOT,ND,AGL,CE,Federal Contract Tower,6,16,9,0,31,0,0,0,0,0,6,16,9,0,31,0,2,2,33
01/24/2020,MOT,ND,AGL,CE,Federal Contract Tower,0,24,7,0,31,0,0,1,0,1,0,24,8,0,32,0,0,0,32
01/25/2020,MOT,ND,AGL,CE,Federal Contract Tower,4,15,5,0,24,0,0,20,0,20,4,15,25,0,44,67,0,67,111
01/26/2020,MOT,ND,AGL,CE,Federal Contract Tower,3,13,3,0,19,0,0,0,0,0,3,13,3,0,19,0,0,0,19
01/27/2020,MOT,ND,AGL,CE,Federal Contract Tower,4,15,5,0,24,0,0,0,0,0,4,15,5,0,24,0,0,0,24
01/28/2020,MOT,ND,AGL,CE,Federal Contract Tower,0,22,11,0,33,0,0,0,0,0,0,22,11,0,33,0,0,0,33
01/29/2020,MOT,ND,AGL,CE,Federal Contract Tower,0,15,2,0,17,0,0,0,0,0,0,15,2,0,17,10,0,10,27
01/30/2020,MOT,ND,AGL,CE,Federal Contract Tower,6,26,8,0,40,0,0,0,0,0,6,26,8,0,40,0,0,0,40
01/31/2020,MOT,ND,AGL,CE,Federal Contract Tower,0,22,7,0,29,0,4,0,2,6,0,26,7,2,35,38,4,42,77
02/01/2020,MOT,ND,AGL,CE,Federal Contract Tower,4,17,1,0,22,0,0,9,0,9,4,17,10,0,31,0,0,0,31
02/02/2020,MOT,ND,AGL,CE,Federal Contract Tower,0,10,5,0,15,0,4,8,0,12,0,14,13,0,27,19,0,19,46
02/03/2020,MOT,ND,AGL,CE,Federal Contract Tower,3,15,8,0,26,0,0,6,0,6,3,15,14,0,32,26,72,98,130
02/04/2020,MOT,ND,AGL,CE,Federal Contract Tower,0,21,8,0,29,0,5,13,0,18,0,26,21,0,47,85,2,87,134
02/05/2020,MOT,ND,AGL,CE,Federal Contract Tower,0,18,11,0,29,0,1,10,0,11,0,19,21,0,40,82,12,94,134
02/06/2020,MOT,ND,AGL,CE,Federal Contract Tower,5,24,13,0,42,0,0,5,0,5,5,24,18,0,47,71,31,102,149
02/07/2020,MOT,ND,AGL,CE,Federal Contract Tower,0,16,3,0,19,0,0,5,0,5,0,16,8,0,24,34,4,38,62
02/08/2020,MOT,ND,AGL,CE,Federal Contract Tower,4,19,3,0,26,0,0,13,0,13,4,19,16,0,39,58,0,58,97
02/09/2020,MOT,ND,AGL,CE,Federal Contract Tower,0,12,3,0,15,0,0,9,0,9,0,12,12,0,24,55,0,55,79
02/10/2020,MOT,ND,AGL,CE,Federal Contract Tower,4,14,4,0,22,0,0,9,0,9,4,14,13,0,31,2,2,4,35
02/11/2020,MOT,ND,AGL,CE,Federal Contract Tower,0,21,9,0,30,0,0,16,0,16,0,21,25,0,46,18,4,22,68
02/12/2020,MOT,ND,AGL,CE,Federal Contract Tower,4,19,8,0,31,0,5,5,0,10,4,24,13,0,41,4,6,10,51
02/13/2020,MOT,ND,AGL,CE,Federal Contract Tower,4,20,11,0,35,0,2,7,0,9,4,22,18,0,44,13,12,25,69
02/14/2020,MOT,ND,AGL,CE,Federal Contract Tower,0,15,6,2,23,0,1,4,0,5,0,16,10,2,28,53,0,53,81
02/15/2020,MOT,ND,AGL,CE,Federal Contract Tower,4,16,0,0,20,0,2,19,0,21,4,18,19,0,41,50,0,50,91
02/16/2020,MOT,ND,AGL,CE,Federal Contract Tower,2,7,3,0,12,0,0,14,0,14,2,7,17,0,26,32,0,32,58
02/17/2020,MOT,ND,AGL,CE,Federal Contract Tower,2,16,7,0,25,0,1,1,0,2,2,17,8,0,27,109,0,109,136
02/18/2020,MOT,ND,AGL,CE,Federal Contract Tower,2,18,5,1,26,0,2,8,1,11,2,20,13,2,37,1,69,70,107
02/19/2020,MOT,ND,AGL,CE,Federal Contract Tower,6,15,12,0,33,0,0,5,1,6,6,15,17,1,39,12,4,16,55
02/20/2020,MOT,ND,AGL,CE,Federal Contract Tower,4,12,11,0,27,0,4,9,0,13,4,16,20,0,40,78,0,78,118
02/21/2020,MOT,ND,AGL,CE,Federal Contract Tower,0,15,0,0,15,0,0,15,0,15,0,15,15,0,30,50,0,50,80
02/22/2020,MOT,ND,AGL,CE,Federal Contract Tower,4,15,7,0,26,0,12,36,0,48,4,27,43,0,74,111,0,111,185
02/23/2020,MOT,ND,AGL,CE,Federal Contract Tower,2,8,9,0,19,0,0,22,0,22,2,8,31,0,41,57,0,57,98
02/24/2020,MOT,ND,AGL,CE,Federal Contract Tower,2,15,4,0,21,0,1,8,0,9,2,16,12,0,30,54,10,64,94
02/25/2020,MOT,ND,AGL,CE,Federal Contract Tower,2,20,11,0,33,0,0,3,0,3,2,20,14,0,36,52,16,68,104
02/26/2020,MOT,ND,AGL,CE,Federal Contract Tower,4,17,10,0,31,0,4,12,0,16,4,21,22,0,47,66,8,74,121
02/27/2020,MOT,ND,AGL,CE,Federal Contract Tower,4,20,4,0,28,0,0,6,1,7,4,20,10,1,35,23,2,25,60
02/28/2020,MOT,ND,AGL,CE,Federal Contract Tower,3,15,9,0,27,0,0,15,0,15,3,15,24,0,42,138,2,140,182
02/29/2020,MOT,ND,AGL,CE,Federal Contract Tower,4,14,4,0,22,0,4,27,0,31,4,18,31,0,53,96,0,96,149
03/01/2020,MOT,ND,AGL,CE,Federal Contract Tower,2,10,12,0,24,0,0,7,0,7,2,10,19,0,31,0,0,0,31
03/02/2020,MOT,ND,AGL,CE,Federal Contract Tower,4,14,3,0,21,0,0,3,0,3,4,14,6,0,24,0,4,4,28
03/03/2020,MOT,ND,AGL,CE,Federal Contract Tower,3,17,12,0,32,0,2,9,0,11,3,19,21,0,43,58,12,70,113
03/04/2020,MOT,ND,AGL,CE,Federal Contract Tower,4,16,6,2,28,0,0,6,3,9,4,16,12,5,37,46,6,52,89
03/05/2020,MOT,ND,AGL,CE,Federal Contract Tower,3,21,11,0,35,0,6,3,0,9,3,27,14,0,44,0,0,0,44
03/06/2020,MOT,ND,AGL,CE,Federal Contract Tower,2,17,5,0,24,0,19,10,0,29,2,36,15,0,53,4,4,8,61
03/07/2020,MOT,ND,AGL,CE,Federal Contract Tower,4,17,5,0,26,0,7,24,0,31,4,24,29,0,57,76,0,76,133
03/08/2020,MOT,ND,AGL,CE,Federal Contract Tower,4,9,2,0,15,0,0,0,0,0,4,9,2,0,15,0,0,0,15
03/09/2020,MOT,ND,AGL,CE,Federal Contract Tower,4,12,5,0,21,0,0,9,0,9,4,12,14,0,30,33,14,47,77
03/10/2020,MOT,ND,AGL,CE,Federal Contract Tower,2,17,6,0,25,0,0,20,0,20,2,17,26,0,45,115,0,115,160
03/11/2020,MOT,ND,AGL,CE,Federal Contract Tower,3,17,15,0,35,0,3,6,0,9,3,20,21,0,44,15,2,17,61
03/12/2020,MOT,ND,AGL,CE,Federal Contract Tower,4,21,12,0,37,0,0,2,0,2,4,21,14,0,39,0,0,0,39
03/13/2020,MOT,ND,AGL,CE,Federal Contract Tower,2,17,11,0,30,0,4,15,0,19,2,21,26,0,49,54,0,54,103
03/14/2020,MOT,ND,AGL,CE,Federal Contract Tower,3,19,7,0,29,0,0,15,0,15,3,19,22,0,44,57,0,57,101
03/15/2020,MOT,ND,AGL,CE,Federal Contract Tower,2,12,3,0,17,0,0,0,0,0,2,12,3,0,17,0,0,0,17
03/16/2020,MOT,ND,AGL,CE,Federal Contract Tower,3,15,6,0,24,0,0,1,0,1,3,15,7,0,25,2,0,2,27
03/17/2020,MOT,ND,AGL,CE,Federal Contract Tower,2,20,7,0,29,0,1,21,0,22,2,21,28,0,51,40,4,44,95
03/18/2020,MOT,ND,AGL,CE,Federal Contract Tower,4,26,6,0,36,0,0,0,0,0,4,26,6,0,36,18,0,18,54
03/19/2020,MOT,ND,AGL,CE,Federal Contract Tower,3,24,3,0,30,0,0,1,0,1,3,24,4,0,31,14,0,14,45
03/20/2020,MOT,ND,AGL,CE,Federal Contract Tower,3,17,3,0,23,0,1,6,0,7,3,18,9,0,30,24,12,36,66
03/21/2020,MOT,ND,AGL,CE,Federal Contract Tower,4,16,0,0,20,0,8,6,0,14,4,24,6,0,34,45,0,45,79
03/22/2020,MOT,ND,AGL,CE,Federal Contract Tower,2,10,4,0,16,0,0,8,0,8,2,10,12,0,24,40,6,46,70
03/23/2020,MOT,ND,AGL,CE,Federal Contract Tower,2,16,3,0,21,0,6,15,0,21,2,22,18,0,42,14,4,18,60
03/24/2020,MOT,ND,AGL,CE,Federal Contract Tower,0,18,1,0,19,0,0,11,0,11,0,18,12,0,30,29,4,33,63
03/25/2020,MOT,ND,AGL,CE,Federal Contract Tower,0,15,6,0,21,0,0,3,0,3,0,15,9,0,24,56,12,68,92
03/26/2020,MOT,ND,AGL,CE,Federal Contract Tower,2,16,4,0,22,0,0,14,0,14,2,16,18,0,36,64,2,66,102
03/27/2020,MOT,ND,AGL,CE,Federal Contract Tower,2,9,6,0,17,0,1,13,0,14,2,10,19,0,31,24,24,48,79
03/28/2020,MOT,ND,AGL,CE,Federal Contract Tower,0,11,1,0,12,0,2,11,0,13,0,13,12,0,25,8,0,8,33
03/29/2020,MOT,ND,AGL,CE,Federal Contract Tower,2,6,3,0,11,0,0,17,0,17,2,6,20,0,28,36,0,36,64
03/30/2020,MOT,ND,AGL,CE,Federal Contract Tower,0,7,3,0,10,0,5,4,0,9,0,12,7,0,19,35,18,53,72
03/31/2020,MOT,ND,AGL,CE,Federal Contract Tower,0,16,4,0,20,0,6,7,0,13,0,22,11,0,33,7,21,28,61
04/01/2020,MOT,ND,AGL,CE,Federal Contract Tower,0,14,1,0,15,0,0,0,0,0,0,14,1,0,15,0,0,0,15
04/02/2020,MOT,ND,AGL,CE,Federal Contract Tower,2,9,0,0,11,0,0,1,0,1,2,9,1,0,12,0,4,4,16
04/03/2020,MOT,ND,AGL,CE,Federal Contract Tower,2,8,5,0,15,0,1,8,0,9,2,9,13,0,24,18,0,18,42
04/04/2020,MOT,ND,AGL,CE,Federal Contract Tower,2,7,4,0,13,0,0,4,0,4,2,7,8,0,17,28,0,28,45
04/05/2020,MOT,ND,AGL,CE,Federal Contract Tower,0,5,0,0,5,0,0,2,0,2,0,5,2,0,7,0,0,0,7
04/06/2020,MOT,ND,AGL,CE,Federal Contract Tower,2,6,1,0,9,0,6,6,4,16,2,12,7,4,25,29,0,29,54
04/07/2020,MOT,ND,AGL,CE,Federal Contract Tower,3,9,8,0,20,0,5,9,2,16,3,14,17,2,36,76,28,104,140
04/08/2020,MOT,ND,AGL,CE,Federal Contract Tower,2,10,6,0,18,0,0,2,0,2,2,10,8,0,20,12,8,20,40
04/09/2020,MOT,ND,AGL,CE,Federal Contract Tower,2,7,4,0,13,0,1,5,2,8,2,8,9,2,21,26,37,63,84
04/10/2020,MOT,ND,AGL,CE,Federal Contract Tower,5,9,8,0,22,0,3,19,0,22,5,12,27,0,44,148,2,150,194
04/11/2020,MOT,ND,AGL,CE,Federal Contract Tower,3,8,1,0,12,0,0,7,0,7,3,8,8,0,19,63,0,63,82
04/12/2020,MOT,ND,AGL,CE,Federal Contract Tower,0,1,0,0,1,0,0,3,0,3,0,1,3,0,4,40,0,40,44
04/13/2020,MOT,ND,AGL,CE,Federal Contract Tower,5,4,8,0,17,0,0,0,4,4,5,4,8,4,21,0,6,6,27
04/14/2020,MOT,ND,AGL,CE,Federal Contract Tower,2,8,2,0,12,0,3,10,0,13,2,11,12,0,25,45,4,49,74
04/15/2020,MOT,ND,AGL,CE,Federal Contract Tower,3,9,6,2,20,0,0,7,0,7,3,9,13,2,27,42,0,42,69
04/16/2020,MOT,ND,AGL,CE,Federal Contract Tower,3,8,6,0,17,0,9,23,0,32,3,17,29,0,49,71,0,71,120
04/17/2020,MOT,ND,AGL,CE,Federal Contract Tower,3,11,5,0,19,0,13,15,0,28,3,24,20,0,47,12,16,28,75
04/18/2020,MOT,ND,AGL,CE,Federal Contract Tower,0,11,2,0,13,0,0,10,0,10,0,11,12,0,23,14,0,14,37
04/19/2020,MOT,ND,AGL,CE,Federal Contract Tower,3,1,1,0,5,0,4,5,0,9,3,5,6,0,14,32,0,32,46
04/20/2020,MOT,ND,AGL,CE,Federal Contract Tower,3,6,5,0,14,0,3,3,0,6,3,9,8,0,20,7,6,13,33
04/21/2020,MOT,ND,AGL,CE,Federal Contract Tower,3,10,1,0,14,0,0,9,0,9,3,10,10,0,23,116,8,124,147
04/22/2020,MOT,ND,AGL,CE,Federal Contract Tower,3,9,2,0,14,0,5,5,0,10,3,14,7,0,24,54,6,60,84
04/23/2020,MOT,ND,AGL,CE,Federal Contract Tower,5,7,2,0,14,0,0,6,0,6,5,7,8,0,20,30,40,70,90
04/24/2020,MOT,ND,AGL,CE,Federal Contract Tower,3,8,4,0,15,0,0,15,0,15,3,8,19,0,30,89,6,95,125
04/25/2020,MOT,ND,AGL,CE,Federal Contract Tower,1,7,1,0,9,0,1,18,0,19,1,8,19,0,28,82,0,82,110
04/26/2020,MOT,ND,AGL,CE,Federal Contract Tower,0,1,3,0,4,0,2,9,0,11,0,3,12,0,15,0,0,0,15
04/27/2020,MOT,ND,AGL,CE,Federal Contract Tower,3,6,0,0,9,0,0,4,0,4,3,6,4,0,13,58,2,60,73
04/28/2020,MOT,ND,AGL,CE,Federal Contract Tower,3,8,7,0,18,0,0,8,1,9,3,8,15,1,27,28,30,58,85
04/29/2020,MOT,ND,AGL,CE,Federal Contract Tower,1,7,4,4,16,0,0,28,1,29,1,7,32,5,45,123,66,189,234
04/30/2020,MOT,ND,AGL,CE,Federal Contract Tower,3,7,8,0,18,0,7,26,0,33,3,14,34,0,51,85,0,85,136
05/01/2020,MOT,ND,AGL,CE,Federal Contract Tower,1,11,5,0,17,0,2,7,0,9,1,13,12,0,26,18,2,20,46
05/02/2020,MOT,ND,AGL,CE,Federal Contract Tower,1,7,2,0,10,0,4,18,0,22,1,11,20,0,32,78,0,78,110
05/03/2020,MOT,ND,AGL,CE,Federal Contract Tower,1,1,4,0,6,0,0,18,0,18,1,1,22,0,24,88,0,88,112
05/04/2020,MOT,ND,AGL,CE,Federal Contract Tower,1,8,5,0,14,0,0,2,0,2,1,8,7,0,16,4,0,4,20
05/05/2020,MOT,ND,AGL,CE,Federal Contract Tower,4,8,8,0,20,0,3,6,0,9,4,11,14,0,29,22,0,22,51
05/06/2020,MOT,ND,AGL,CE,Federal Contract Tower,1,9,3,2,15,0,8,29,0,37,1,17,32,2,52,109,4,113,165
05/07/2020,MOT,ND,AGL,CE,Federal Contract Tower,4,10,7,0,21,0,4,13,2,19,4,14,20,2,40,112,2,114,154
05/08/2020,MOT,ND,AGL,CE,Federal Contract Tower,1,14,5,0,20,0,0,32,4,36,1,14,37,4,56,102,18,120,176
05/09/2020,MOT,ND,AGL,CE,Federal Contract Tower,1,7,1,0,9,0,2,1,0,3,1,9,2,0,12,37,0,37,49
05/10/2020,MOT,ND,AGL,CE,Federal Contract Tower,4,3,6,0,13,0,0,13,0,13,4,3,19,0,26,26,0,26,52
05/11/2020,MOT,ND,AGL,CE,Federal Contract Tower,1,7,1,0,9,0,1,9,0,10,1,8,10,0,19,60,0,60,79
05/12/2020,MOT,ND,AGL,CE,Federal Contract Tower,1,8,4,0,13,0,9,19,0,28,1,17,23,0,41,59,4,63,104
05/13/2020,MOT,ND,AGL,CE,Federal Contract Tower,3,6,8,0,17,0,0,8,0,8,3,6,16,0,25,0,0,0,25
05/14/2020,MOT,ND,AGL,CE,Federal Contract Tower,1,9,5,0,15,0,0,2,0,2,1,9,7,0,17,43,4,47,64
05/15/2020,MOT,ND,AGL,CE,Federal Contract Tower,3,7,5,0,15,0,0,23,0,23,3,7,28,0,38,126,0,126,164
05/16/2020,MOT,ND,AGL,CE,Federal Contract Tower,1,6,8,0,15,0,8,18,0,26,1,14,26,0,41,82,0,82,123
05/17/2020,MOT,ND,AGL,CE,Federal Contract Tower,1,3,7,0,11,0,4,11,0,15,1,7,18,0,26,26,0,26,52
05/18/2020,MOT,ND,AGL,CE,Federal Contract Tower,5,9,8,0,22,0,3,3,2,8,5,12,11,2,30,0,0,0,30
05/19/2020,MOT,ND,AGL,CE,Federal Contract Tower,3,9,8,0,20,0,0,5,0,5,3,9,13,0,25,0,2,2,27
05/20/2020,MOT,ND,AGL,CE,Federal Contract Tower,3,6,9,0,18,0,0,7,0,7,3,6,16,0,25,28,0,28,53
05/21/2020,MOT,ND,AGL,CE,Federal Contract Tower,4,9,6,0,19,0,0,17,0,17,4,9,23,0,36,39,24,63,99
05/22/2020,MOT,ND,AGL,CE,Federal Contract Tower,4,8,10,0,22,0,10,38,0,48,4,18,48,0,70,104,6,110,180
05/23/2020,MOT,ND,AGL,CE,Federal Contract Tower,3,8,1,0,12,0,3,4,0,7,3,11,5,0,19,48,0,48,67
05/24/2020,MOT,ND,AGL,CE,Federal Contract Tower,3,2,5,0,10,0,0,0,0,0,3,2,5,0,10,0,0,0,10
05/25/2020,MOT,ND,AGL,CE,Federal Contract Tower,5,2,6,0,13,0,0,24,0,24,5,2,30,0,37,82,0,82,119
05/26/2020,MOT,ND,AGL,CE,Federal Contract Tower,3,8,14,0,25,0,9,19,6,34,3,17,33,6,59,140,10,150,209
05/27/2020,MOT,ND,AGL,CE,Federal Contract Tower,3,9,8,0,20,0,0,21,0,21,3,9,29,0,41,109,8,117,158
05/28/2020,MOT,ND,AGL,CE,Federal Contract Tower,3,10,3,0,16,0,4,6,0,10,3,14,9,0,26,0,2,2,28
05/29/2020,MOT,ND,AGL,CE,Federal Contract Tower,3,8,9,0,20,0,4,16,0,20,3,12,25,0,40,136,6,142,182
05/30/2020,MOT,ND,AGL,CE,Federal Contract Tower,1,7,2,0,10,0,3,26,0,29,1,10,28,0,39,149,0,149,188
05/31/2020,MOT,ND,AGL,CE,Federal Contract Tower,3,2,4,0,9,0,3,18,0,21,3,5,22,0,30,20,0,20,50
06/01/2020,MOT,ND,AGL,CE,Federal Contract Tower,5,6,5,0,16,0,2,16,2,20,5,8,21,2,36,58,8,66,102
06/02/2020,MOT,ND,AGL,CE,Federal Contract Tower,2,7,12,0,21,0,0,24,0,24,2,7,36,0,45,20,4,24,69
06/03/2020,MOT,ND,AGL,CE,Federal Contract Tower,3,9,7,0,19,0,5,14,0,19,3,14,21,0,38,58,26,84,122
06/04/2020,MOT,ND,AGL,CE,Federal Contract Tower,3,7,12,0,22,0,1,25,0,26,3,8,37,0,48,66,2,68,116
06/05/2020,MOT,ND,AGL,CE,Federal Contract Tower,4,7,10,0,21,0,7,32,4,43,4,14,42,4,64,140,0,140,204
06/06/2020,MOT,ND,AGL,CE,Federal Contract Tower,3,10,2,0,15,0,0,2,0,2,3,10,4,0,17,0,0,0,17
06/07/2020,MOT,ND,AGL,CE,Federal Contract Tower,3,0,2,0,5,0,2,7,0,9,3,2,9,0,14,46,0,46,60
06/08/2020,MOT,ND,AGL,CE,Federal Contract Tower,7,5,7,0,19,0,1,14,0,15,7,6,21,0,34,66,0,66,100
06/09/2020,MOT,ND,AGL,CE,Federal Contract Tower,3,7,9,0,19,0,1,6,0,7,3,8,15,0,26,28,0,28,54
06/10/2020,MOT,ND,AGL,CE,Federal Contract Tower,3,10,9,0,22,0,1,23,0,24,3,11,32,0,46,64,0,64,110
06/11/2020,MOT,ND,AGL,CE,Federal Contract Tower,3,8,4,0,15,0,2,31,2,35,3,10,35,2,50,13,18,31,81
06/12/2020,MOT,ND,AGL,CE,Federal Contract Tower,4,7,8,0,19,0,1,20,0,21,4,8,28,0,40,37,4,41,81
06/13/2020,MOT,ND,AGL,CE,Federal Contract Tower,3,8,1,0,12,0,0,6,0,6,3,8,7,0,18,6,0,6,24
06/14/2020,MOT,ND,AGL,CE,Federal Contract Tower,3,2,3,0,8,0,0,5,0,5,3,2,8,0,13,0,0,0,13
06/15/2020,MOT,ND,AGL,CE,Federal Contract Tower,7,4,5,0,16,0,4,12,0,16,7,8,17,0,32,11,0,11,43
06/16/2020,MOT,ND,AGL,CE,Federal Contract Tower,3,8,2,0,13,0,7,5,0,12,3,15,7,0,25,16,88,104,129
06/17/2020,MOT,ND,AGL,CE,Federal Contract Tower,3,8,9,0,20,0,0,13,0,13,3,8,22,0,33,101,14,115,148
06/18/2020,MOT,ND,AGL,CE,Federal Contract Tower,4,8,15,0,27,0,0,4,6,10,4,8,19,6,37,14,2,16,53
06/19/2020,MOT,ND,AGL,CE,Federal Contract Tower,5,9,3,0,17,0,0,19,0,19,5,9,22,0,36,44,12,56,92
06/20/2020,MOT,ND,AGL,CE,Federal Contract Tower,5,8,3,0,16,0,2,20,0,22,5,10,23,0,38,55,0,55,93
06/21/2020,MOT,ND,AGL,CE,Federal Contract Tower,3,0,0,0,3,0,3,16,0,19,3,3,16,0,22,39,0,39,61
06/22/2020,MOT,ND,AGL,CE,Federal Contract Tower,6,10,8,0,24,0,5,29,0,34,6,15,37,0,58,67,38,105,163
06/23/2020,MOT,ND,AGL,CE,Federal Contract Tower,3,9,6,0,18,0,1,25,0,26,3,10,31,0,44,80,6,86,130
06/24/2020,MOT,ND,AGL,CE,Federal Contract Tower,3,13,4,0,20,0,0,41,0,41,3,13,45,0,61,45,8,53,114
06/25/2020,MOT,ND,AGL,CE,Federal Contract Tower,3,7,2,0,12,0,0,14,0,14,3,7,16,0,26,30,2,32,58
06/26/2020,MOT,ND,AGL,CE,Federal Contract Tower,3,9,5,0,17,0,7,29,0,36,3,16,34,0,53,118,6,124,177
06/27/2020,MOT,ND,AGL,CE,Federal Contract Tower,5,8,0,0,13,0,3,18,0,21,5,11,18,0,34,23,6,29,63
06/28/2020,MOT,ND,AGL,CE,Federal Contract Tower,3,0,1,0,4,0,0,11,0,11,3,0,12,0,15,45,0,45,60
06/29/2020,MOT,ND,AGL,CE,Federal Contract Tower,4,5,17,0,26,0,0,25,0,25,4,5,42,0,51,32,8,40,91
06/30/2020,MOT,ND,AGL,CE,Federal Contract Tower,4,9,7,0,20,0,0,5,0,5,4,9,12,0,25,0,0,0,25
07/01/2020,MOT,ND,AGL,CE,Federal Contract Tower,3,9,14,0,26,0,2,31,0,33,3,11,45,0,59,170,4,174,233
07/02/2020,MOT,ND,AGL,CE,Federal Contract Tower,3,4,11,0,18,0,1,24,0,25,3,5,35,0,43,74,4,78,121
07/03/2020,MOT,ND,AGL,CE,Federal Contract Tower,5,9,2,0,16,0,6,38,0,44,5,15,40,0,60,209,0,209,269
07/04/2020,MOT,ND,AGL,CE,Federal Contract Tower,4,3,3,0,10,0,1,9,0,10,4,4,12,0,20,89,0,89,109
07/05/2020,MOT,ND,AGL,CE,Federal Contract Tower,3,0,4,0,7,0,5,18,0,23,3,5,22,0,30,78,0,78,108
07/06/2020,MOT,ND,AGL,CE,Federal Contract Tower,7,8,7,0,22,0,0,35,0,35,7,8,42,0,57,174,0,174,231
07/07/2020,MOT,ND,AGL,CE,Federal Contract Tower,4,9,6,0,19,0,2,24,0,26,4,11,30,0,45,105,0,105,150
07/08/2020,MOT,ND,AGL,CE,Federal Contract Tower,3,13,8,0,24,0,0,21,3,24,3,13,29,3,48,142,14,156,204
07/09/2020,MOT,ND,AGL,CE,Federal Contract Tower,7,6,5,0,18,0,0,13,0,13,7,6,18,0,31,26,52,78,109
07/10/2020,MOT,ND,AGL,CE,Federal Contract Tower,4,13,10,0,27,0,8,17,1,26,4,21,27,1,53,174,5,179,232
07/11/2020,MOT,ND,AGL,CE,Federal Contract Tower,3,9,4,0,16,0,0,25,0,25,3,9,29,0,41,161,31,192,233
07/12/2020,MOT,ND,AGL,CE,Federal Contract Tower,3,3,3,0,9,0,6,18,0,24,3,9,21,0,33,52,35,87,120
07/13/2020,MOT,ND,AGL,CE,Federal Contract Tower,7,6,8,0,21,0,2,22,0,24,7,8,30,0,45,116,6,122,167
07/14/2020,MOT,ND,AGL,CE,Federal Contract Tower,3,10,16,0,29,0,5,43,0,48,3,15,59,0,77,88,40,128,205
07/15/2020,MOT,ND,AGL,CE,Federal Contract Tower,3,14,14,0,31,0,0,31,0,31,3,14,45,0,62,76,28,104,166
07/16/2020,MOT,ND,AGL,CE,Federal Contract Tower,5,14,10,0,29,0,0,40,0,40,5,14,50,0,69,108,2,110,179
07/17/2020,MOT,ND,AGL,CE,Federal Contract Tower,5,10,5,0,20,0,0,39,0,39,5,10,44,0,59,138,4,142,201
07/18/2020,MOT,ND,AGL,CE,Federal Contract Tower,3,10,2,0,15,0,9,10,0,19,3,19,12,0,34,16,0,16,50
07/19/2020,MOT,ND,AGL,CE,Federal Contract Tower,4,3,10,0,17,0,0,24,0,24,4,3,34,0,41,66,0,66,107
07/20/2020,MOT,ND,AGL,CE,Federal Contract Tower,7,6,8,0,21,0,0,9,0,9,7,6,17,0,30,28,6,34,64
07/21/2020,MOT,ND,AGL,CE,Federal Contract Tower,3,10,19,0,32,0,4,36,0,40,3,14,55,0,72,89,4,93,165
07/22/2020,MOT,ND,AGL,CE,Federal Contract Tower,3,14,4,0,21,0,0,34,0,34,3,14,38,0,55,80,6,86,141
07/24/2020,MOT,ND,AGL,CE,Federal Contract Tower,5,12,8,0,25,0,2,39,0,41,5,14,47,0,66,114,28,142,208
07/25/2020,MOT,ND,AGL,CE,Federal Contract Tower,4,13,2,0,19,0,4,22,0,26,4,17,24,0,45,57,2,59,104
07/26/2020,MOT,ND,AGL,CE,Federal Contract Tower,5,6,8,0,19,0,1,24,0,25,5,7,32,0,44,70,14,84,128
07/27/2020,MOT,ND,AGL,CE,Federal Contract Tower,5,14,10,0,29,0,2,41,0,43,5,16,51,0,72,43,24,67,139
07/28/2020,MOT,ND,AGL,CE,Federal Contract Tower,3,12,13,0,28,0,4,37,0,41,3,16,50,0,69,26,26,52,121
07/29/2020,MOT,ND,AGL,CE,Federal Contract Tower,5,9,11,0,25,0,1,25,0,26,5,10,36,0,51,61,2,63,114
07/30/2020,MOT,ND,AGL,CE,Federal Contract Tower,6,12,16,1,35,0,1,30,1,32,6,13,46,2,67,77,6,83,150
07/31/2020,MOT,ND,AGL,CE,Federal Contract Tower,7,11,6,0,24,0,3,23,0,26,7,14,29,0,50,103,12,115,165
08/01/2020,MOT,ND,AGL,CE,Federal Contract Tower,6,8,5,0,19,0,1,76,0,77,6,9,81,0,96,119,0,119,215
08/02/2020,MOT,ND,AGL,CE,Federal Contract Tower,3,8,1,0,12,0,0,33,0,33,3,8,34,0,45,78,0,78,123
08/03/2020,MOT,ND,AGL,CE,Federal Contract Tower,6,9,7,0,22,0,0,20,0,20,6,9,27,0,42,63,6,69,111
08/04/2020,MOT,ND,AGL,CE,Federal Contract Tower,3,12,14,0,29,0,0,18,0,18,3,12,32,0,47,75,14,89,136
08/05/2020,MOT,ND,AGL,CE,Federal Contract Tower,4,13,9,0,26,0,1,30,0,31,4,14,39,0,57,116,4,120,177
08/06/2020,MOT,ND,AGL,CE,Federal Contract Tower,9,16,9,0,34,0,5,32,4,41,9,21,41,4,75,107,22,129,204
08/07/2020,MOT,ND,AGL,CE,Federal Contract Tower,7,12,10,0,29,0,0,25,0,25,7,12,35,0,54,103,13,116,170
08/08/2020,MOT,ND,AGL,CE,Federal Contract Tower,3,15,3,0,21,0,1,36,0,37,3,16,39,0,58,126,0,126,184
08/09/2020,MOT,ND,AGL,CE,Federal Contract Tower,3,7,2,0,12,0,0,4,0,4,3,7,6,0,16,55,0,55,71
08/10/2020,MOT,ND,AGL,CE,Federal Contract Tower,8,11,6,0,25,0,0,25,0,25,8,11,31,0,50,65,30,95,145
08/11/2020,MOT,ND,AGL,CE,Federal Contract Tower,5,15,6,0,26,0,0,9,3,12,5,15,15,3,38,85,0,85,123
08/12/2020,MOT,ND,AGL,CE,Federal Contract Tower,7,8,8,0,23,0,2,12,0,14,7,10,20,0,37,120,11,131,168
08/13/2020,MOT,ND,AGL,CE,Federal Contract Tower,3,13,14,0,30,0,1,17,2,20,3,14,31,2,50,26,4,30,80
08/14/2020,MOT,ND,AGL,CE,Federal Contract Tower,4,12,5,0,21,0,0,18,0,18,4,12,23,0,39,16,0,16,55
08/15/2020,MOT,ND,AGL,CE,Federal Contract Tower,4,12,2,0,18,0,3,29,0,32,4,15,31,0,50,97,0,97,147
08/16/2020,MOT,ND,AGL,CE,Federal Contract Tower,3,10,9,0,22,0,0,34,0,34,3,10,43,0,56,68,0,68,124
08/17/2020,MOT,ND,AGL,CE,Federal Contract Tower,7,14,11,0,32,0,3,29,0,32,7,17,40,0,64,66,2,68,132
08/18/2020,MOT,ND,AGL,CE,Federal Contract Tower,5,12,6,0,23,0,0,27,0,27,5,12,33,0,50,59,11,70,120
08/19/2020,MOT,ND,AGL,CE,Federal Contract Tower,5,9,12,0,26,0,6,26,0,32,5,15,38,0,58,58,0,58,116
08/20/2020,MOT,ND,AGL,CE,Federal Contract Tower,6,17,10,0,33,0,1,19,2,22,6,18,29,2,55,55,0,55,110
08/21/2020,MOT,ND,AGL,CE,Federal Contract Tower,3,14,1,0,18,0,0,20,0,20,3,14,21,0,38,63,2,65,103
08/22/2020,MOT,ND,AGL,CE,Federal Contract Tower,4,12,5,0,21,0,2,45,0,47,4,14,50,0,68,89,4,93,161
08/23/2020,MOT,ND,AGL,CE,Federal Contract Tower,3,6,6,0,15,0,5,25,0,30,3,11,31,0,45,19,0,19,64
08/24/2020,MOT,ND,AGL,CE,Federal Contract Tower,10,6,5,0,21,0,8,21,0,29,10,14,26,0,50,36,8,44,94
08/25/2020,MOT,ND,AGL,CE,Federal Contract Tower,4,13,13,2,32,0,0,11,3,14,4,13,24,5,46,26,20,46,92
08/26/2020,MOT,ND,AGL,CE,Federal Contract Tower,2,20,19,0,41,0,1,24,0,25,2,21,43,0,66,26,10,36,102
08/27/2020,MOT,ND,AGL,CE,Federal Contract Tower,6,17,7,0,30,0,6,6,0,12,6,23,13,0,42,34,10,44,86
08/28/2020,MOT,ND,AGL,CE,Federal Contract Tower,3,14,22,0,39,0,0,24,0,24,3,14,46,0,63,54,0,54,117
08/29/2020,MOT,ND,AGL,CE,Federal Contract Tower,4,12,4,0,20,0,6,40,0,46,4,18,44,0,66,94,0,94,160
08/30/2020,MOT,ND,AGL,CE,Federal Contract Tower,6,5,3,0,14,0,0,6,0,6,6,5,9,0,20,35,0,35,55
08/31/2020,MOT,ND,AGL,CE,Federal Contract Tower,10,6,7,0,23,0,5,20,0,25,10,11,27,0,48,40,0,40,88
09/01/2020,MOT,ND,AGL,CE,Federal Contract Tower,3,16,13,0,32,0,0,10,0,10,3,16,23,0,42,1,12,13,55
09/02/2020,MOT,ND,AGL,CE,Federal Contract Tower,1,22,5,0,28,0,0,21,0,21,1,22,26,0,49,58,2,60,109
09/03/2020,MOT,ND,AGL,CE,Federal Contract Tower,7,15,8,0,30,0,3,29,0,32,7,18,37,0,62,34,4,38,100
09/04/2020,MOT,ND,AGL,CE,Federal Contract Tower,5,16,5,0,26,0,0,44,0,44,5,16,49,0,70,74,0,74,144
09/05/2020,MOT,ND,AGL,CE,Federal Contract Tower,5,10,2,0,17,0,3,32,0,35,5,13,34,0,52,66,0,66,118
09/06/2020,MOT,ND,AGL,CE,Federal Contract Tower,6,1,0,0,7,0,0,6,0,6,6,1,6,0,13,2,0,2,15
09/07/2020,MOT,ND,AGL,CE,Federal Contract Tower,7,6,3,0,16,0,0,7,0,7,7,6,10,0,23,51,0,51,74
09/08/2020,MOT,ND,AGL,CE,Federal Contract Tower,9,8,8,0,25,0,3,29,5,37,9,11,37,5,62,92,40,132,194
09/09/2020,MOT,ND,AGL,CE,Federal Contract Tower,6,11,8,0,25,0,2,29,0,31,6,13,37,0,56,52,0,52,108
09/10/2020,MOT,ND,AGL,CE,Federal Contract Tower,10,11,18,0,39,0,1,25,0,26,10,12,43,0,65,26,11,37,102
09/11/2020,MOT,ND,AGL,CE,Federal Contract Tower,6,14,6,0,26,0,3,23,5,31,6,17,29,5,57,66,36,102,159
09/12/2020,MOT,ND,AGL,CE,Federal Contract Tower,6,10,0,0,16,0,0,40,4,44,6,10,40,4,60,76,0,76,136
09/13/2020,MOT,ND,AGL,CE,Federal Contract Tower,6,2,1,0,9,0,0,43,0,43,6,2,44,0,52,73,4,77,129
09/14/2020,MOT,ND,AGL,CE,Federal Contract Tower,10,10,12,0,32,0,0,14,0,14,10,10,26,0,46,63,0,63,109
09/15/2020,MOT,ND,AGL,CE,Federal Contract Tower,7,15,12,0,34,0,0,33,0,33,7,15,45,0,67,3,4,7,74
09/16/2020,MOT,ND,AGL,CE,Federal Contract Tower,6,12,6,0,24,0,4,36,0,40,6,16,42,0,64,20,0,20,84
09/17/2020,MOT,ND,AGL,CE,Federal Contract Tower,12,12,3,0,27,0,6,33,0,39,12,18,36,0,66,105,0,105,171
09/18/2020,MOT,ND,AGL,CE,Federal Contract Tower,7,9,7,0,23,0,4,35,0,39,7,13,42,0,62,89,4,93,155
09/19/2020,MOT,ND,AGL,CE,Federal Contract Tower,6,11,0,0,17,0,4,39,2,45,6,15,39,2,62,100,0,100,162
09/20/2020,MOT,ND,AGL,CE,Federal Contract Tower,7,2,9,0,18,0,5,16,0,21,7,7,25,0,39,38,0,38,77
09/21/2020,MOT,ND,AGL,CE,Federal Contract Tower,10,9,8,0,27,0,5,10,0,15,10,14,18,0,42,18,2,20,62
09/22/2020,MOT,ND,AGL,CE,Federal Contract Tower,6,17,13,0,36,0,0,36,0,36,6,17,49,0,72,57,16,73,145
09/23/2020,MOT,ND,AGL,CE,Federal Contract Tower,6,15,9,0,30,0,0,12,6,18,6,15,21,6,48,94,0,94,142
09/24/2020,MOT,ND,AGL,CE,Federal Contract Tower,11,18,7,0,36,0,0,14,0,14,11,18,21,0,50,29,2,31,81
09/25/2020,MOT,ND,AGL,CE,Federal Contract Tower,7,14,14,0,35,0,12,39,0,51,7,26,53,0,86,76,8,84,170
09/26/2020,MOT,ND,AGL,CE,Federal Contract Tower,7,9,3,0,19,0,0,15,0,15,7,9,18,0,34,9,2,11,45
09/27/2020,MOT,ND,AGL,CE,Federal Contract Tower,6,1,4,0,11,0,0,3,0,3,6,1,7,0,14,12,0,12,26
09/28/2020,MOT,ND,AGL,CE,Federal Contract Tower,10,8,7,0,25,0,6,11,0,17,10,14,18,0,42,23,8,31,73
09/29/2020,MOT,ND,AGL,CE,Federal Contract Tower,6,14,10,0,30,0,0,3,0,3,6,14,13,0,33,56,0,56,89
09/30/2020,MOT,ND,AGL,CE,Federal Contract Tower,6,16,6,0,28,0,3,2,0,5,6,19,8,0,33,0,0,0,33
10/01/2020,MOT,ND,AGL,CE,Federal Contract Tower,12,13,14,0,39,0,3,22,0,25,12,16,36,0,64,59,8,67,131
10/02/2020,MOT,ND,AGL,CE,Federal Contract Tower,8,11,9,0,28,0,0,20,0,20,8,11,29,0,48,47,14,61,109
10/03/2020,MOT,ND,AGL,CE,Federal Contract Tower,8,11,2,0,21,0,1,26,0,27,8,12,28,0,48,48,0,48,96
10/04/2020,MOT,ND,AGL,CE,Federal Contract Tower,8,6,3,0,17,0,0,21,0,21,8,6,24,0,38,74,0,74,112
10/05/2020,MOT,ND,AGL,CE,Federal Contract Tower,12,10,12,0,34,0,0,6,0,6,12,10,18,0,40,0,2,2,42
10/06/2020,MOT,ND,AGL,CE,Federal Contract Tower,8,8,6,0,22,0,12,0,0,12,8,20,6,0,34,42,3,45,79
10/07/2020,MOT,ND,AGL,CE,Federal Contract Tower,8,12,11,0,31,0,0,31,0,31,8,12,42,0,62,50,0,50,112
10/08/2020,MOT,ND,AGL,CE,Federal Contract Tower,9,14,8,0,31,0,0,28,4,32,9,14,36,4,63,17,4,21,84
10/09/2020,MOT,ND,AGL,CE,Federal Contract Tower,10,12,7,0,29,0,0,29,0,29,10,12,36,0,58,89,0,89,147
10/10/2020,MOT,ND,AGL,CE,Federal Contract Tower,8,12,1,0,21,0,0,19,0,19,8,12,20,0,40,19,0,19,59
10/11/2020,MOT,ND,AGL,CE,Federal Contract Tower,8,4,8,0,20,0,0,10,0,10,8,4,18,0,30,70,0,70,100
10/12/2020,MOT,ND,AGL,CE,Federal Contract Tower,12,9,5,0,26,1,2,35,0,38,13,11,40,0,64,41,0,41,105
10/13/2020,MOT,ND,AGL,CE,Federal Contract Tower,8,10,11,0,29,0,1,13,0,14,8,11,24,0,43,23,26,49,92
10/14/2020,MOT,ND,AGL,CE,Federal Contract Tower,8,13,11,0,32,0,0,9,0,9,8,13,20,0,41,0,0,0,41
10/15/2020,MOT,ND,AGL,CE,Federal Contract Tower,11,14,15,0,40,0,0,15,0,15,11,14,30,0,55,15,0,15,70
10/16/2020,MOT,ND,AGL,CE,Federal Contract Tower,10,14,12,0,36,0,0,36,0,36,10,14,48,0,72,70,0,70,142
10/17/2020,MOT,ND,AGL,CE,Federal Contract Tower,8,13,4,0,25,0,2,17,0,19,8,15,21,0,44,25,0,25,69
10/18/2020,MOT,ND,AGL,CE,Federal Contract Tower,8,5,4,0,17,0,0,14,0,14,8,5,18,0,31,36,0,36,67
10/19/2020,MOT,ND,AGL,CE,Federal Contract Tower,11,10,3,0,24,0,0,15,0,15,11,10,18,0,39,34,8,42,81
10/20/2020,MOT,ND,AGL,CE,Federal Contract Tower,10,10,8,1,29,0,0,0,0,0,10,10,8,1,29,0,0,0,29
10/21/2020,MOT,ND,AGL,CE,Federal Contract Tower,8,14,13,1,36,0,0,16,0,16,8,14,29,1,52,107,6,113,165
10/22/2020,MOT,ND,AGL,CE,Federal Contract Tower,14,16,6,0,36,0,0,1,0,1,14,16,7,0,37,0,0,0,37
10/23/2020,MOT,ND,AGL,CE,Federal Contract Tower,7,12,9,0,28,0,0,23,0,23,7,12,32,0,51,15,0,15,66
10/24/2020,MOT,ND,AGL,CE,Federal Contract Tower,9,9,10,0,28,0,0,8,0,8,9,9,18,0,36,20,0,20,56
10/25/2020,MOT,ND,AGL,CE,Federal Contract Tower,6,3,9,0,18,0,2,14,0,16,6,5,23,0,34,55,0,55,89
10/26/2020,MOT,ND,AGL,CE,Federal Contract Tower,10,5,12,0,27,0,6,17,0,23,10,11,29,0,50,7,8,15,65
10/27/2020,MOT,ND,AGL,CE,Federal Contract Tower,6,12,8,0,26,0,0,15,0,15,6,12,23,0,41,0,0,0,41
10/28/2020,MOT,ND,AGL,CE,Federal Contract Tower,7,13,13,0,33,0,3,21,0,24,7,16,34,0,57,53,4,57,114
10/29/2020,MOT,ND,AGL,CE,Federal Contract Tower,9,13,4,0,26,0,0,16,0,16,9,13,20,0,42,15,0,15,57
10/30/2020,MOT,ND,AGL,CE,Federal Contract Tower,6,14,18,0,38,0,0,2,0,2,6,14,20,0,40,4,0,4,44
10/31/2020,MOT,ND,AGL,CE,Federal Contract Tower,5,8,3,0,16,0,0,0,0,0,5,8,3,0,16,0,0,0,16
11/01/2020,MOT,ND,AGL,CE,Federal Contract Tower,5,8,9,0,22,0,0,24,0,24,5,8,33,0,46,36,0,36,82
11/03/2020,MOT,ND,AGL,CE,Federal Contract Tower,4,13,7,0,24,0,0,24,2,26,4,13,31,2,50,45,2,47,97
11/04/2020,MOT,ND,AGL,CE,Federal Contract Tower,5,16,4,0,25,0,0,12,0,12,5,16,16,0,37,14,2,16,53
11/05/2020,MOT,ND,AGL,CE,Federal Contract Tower,10,16,12,0,38,0,0,22,0,22,10,16,34,0,60,76,24,100,160
11/06/2020,MOT,ND,AGL,CE,Federal Contract Tower,6,14,5,0,25,0,0,18,0,18,6,14,23,0,43,79,0,79,122
11/07/2020,MOT,ND,AGL,CE,Federal Contract Tower,6,13,2,0,21,0,0,1,0,1,6,13,3,0,22,0,0,0,22
11/08/2020,MOT,ND,AGL,CE,Federal Contract Tower,8,6,1,0,15,0,0,0,0,0,8,6,1,0,15,2,0,2,17
11/09/2020,MOT,ND,AGL,CE,Federal Contract Tower,13,8,9,2,32,0,0,2,0,2,13,8,11,2,34,1,0,1,35
11/10/2020,MOT,ND,AGL,CE,Federal Contract Tower,8,12,6,0,26,0,0,18,0,18,8,12,24,0,44,101,2,103,147
11/11/2020,MOT,ND,AGL,CE,Federal Contract Tower,8,18,11,0,37,0,0,1,0,1,8,18,12,0,38,0,0,0,38
11/12/2020,MOT,ND,AGL,CE,Federal Contract Tower,11,12,4,0,27,0,0,18,0,18,11,12,22,0,45,61,0,61,106
11/13/2020,MOT,ND,AGL,CE,Federal Contract Tower,8,11,5,0,24,0,0,18,0,18,8,11,23,0,42,53,4,57,99
11/14/2020,MOT,ND,AGL,CE,Federal Contract Tower,9,9,1,0,19,0,0,10,0,10,9,9,11,0,29,11,0,11,40
11/15/2020,MOT,ND,AGL,CE,Federal Contract Tower,8,4,1,0,13,0,0,13,0,13,8,4,14,0,26,104,0,104,130
11/16/2020,MOT,ND,AGL,CE,Federal Contract Tower,12,11,4,0,27,0,0,2,0,2,12,11,6,0,29,0,6,6,35
11/17/2020,MOT,ND,AGL,CE,Federal Contract Tower,8,16,9,0,33,0,1,8,0,9,8,17,17,0,42,2,2,4,46
11/18/2020,MOT,ND,AGL,CE,Federal Contract Tower,7,15,19,0,41,0,0,17,0,17,7,15,36,0,58,42,14,56,114
11/19/2020,MOT,ND,AGL,CE,Federal Contract Tower,10,18,8,0,36,0,0,0,0,0,10,18,8,0,36,0,0,0,36
11/20/2020,MOT,ND,AGL,CE,Federal Contract Tower,8,14,10,0,32,0,0,12,0,12,8,14,22,0,44,58,8,66,110
11/21/2020,MOT,ND,AGL,CE,Federal Contract Tower,12,12,2,0,26,0,0,29,2,31,12,12,31,2,57,29,2,31,88
11/22/2020,MOT,ND,AGL,CE,Federal Contract Tower,8,5,3,0,16,0,0,15,0,15,8,5,18,0,31,68,0,68,99
11/23/2020,MOT,ND,AGL,CE,Federal Contract Tower,14,4,9,0,27,0,4,14,0,18,14,8,23,0,45,40,2,42,87
11/24/2020,MOT,ND,AGL,CE,Federal Contract Tower,8,19,15,0,42,0,0,1,0,1,8,19,16,0,43,0,2,2,45
11/25/2020,MOT,ND,AGL,CE,Federal Contract Tower,14,16,6,0,36,0,0,9,0,9,14,16,15,0,45,20,10,30,75
11/26/2020,MOT,ND,AGL,CE,Federal Contract Tower,3,3,3,0,9,0,1,11,0,12,3,4,14,0,21,0,0,0,21
11/27/2020,MOT,ND,AGL,CE,Federal Contract Tower,8,12,4,0,24,0,0,13,0,13,8,12,17,0,37,27,0,27,64
11/28/2020,MOT,ND,AGL,CE,Federal Contract Tower,14,11,3,0,28,0,4,13,0,17,14,15,16,0,45,26,0,26,71
11/29/2020,MOT,ND,AGL,CE,Federal Contract Tower,8,10,5,0,23,0,0,16,0,16,8,10,21,0,39,51,0,51,90
11/30/2020,MOT,ND,AGL,CE,Federal Contract Tower,10,9,7,0,26,0,0,29,0,29,10,9,36,0,55,3,30,33,88
12/01/2020,MOT,ND,AGL,CE,Federal Contract Tower,8,9,2,0,19,0,3,6,0,9,8,12,8,0,28,25,2,27,55
12/02/2020,MOT,ND,AGL,CE,Federal Contract Tower,3,15,7,0,25,0,0,29,2,31,3,15,36,2,56,40,4,44,100
12/03/2020,MOT,ND,AGL,CE,Federal Contract Tower,4,20,10,1,35,0,0,16,4,20,4,20,26,5,55,26,22,48,103
12/04/2020,MOT,ND,AGL,CE,Federal Contract Tower,3,16,8,0,27,0,0,19,0,19,3,16,27,0,46,31,8,39,85
12/05/2020,MOT,ND,AGL,CE,Federal Contract Tower,1,9,13,0,23,0,0,23,0,23,1,9,36,0,46,66,4,70,116
12/06/2020,MOT,ND,AGL,CE,Federal Contract Tower,3,8,3,0,14,0,1,28,0,29,3,9,31,0,43,95,0,95,138
12/07/2020,MOT,ND,AGL,CE,Federal Contract Tower,5,13,12,0,30,0,0,11,0,11,5,13,23,0,41,32,0,32,73
12/08/2020,MOT,ND,AGL,CE,Federal Contract Tower,2,21,19,0,42,0,0,18,0,18,2,21,37,0,60,29,4,33,93
12/09/2020,MOT,ND,AGL,CE,Federal Contract Tower,2,17,15,0,34,0,5,29,0,34,2,22,44,0,68,50,0,50,118
12/10/2020,MOT,ND,AGL,CE,Federal Contract Tower,4,17,10,0,31,0,0,10,0,10,4,17,20,0,41,46,32,78,119
12/11/2020,MOT,ND,AGL,CE,Federal Contract Tower,3,18,0,0,21,0,0,0,0,0,3,18,0,0,21,0,0,0,21
12/12/2020,MOT,ND,AGL,CE,Federal Contract Tower,0,15,2,0,17,0,0,0,0,0,0,15,2,0,17,0,0,0,17
12/13/2020,MOT,ND,AGL,CE,Federal Contract Tower,2,9,1,0,12,0,0,1,0,1,2,9,2,0,13,0,0,0,13
12/14/2020,MOT,ND,AGL,CE,Federal Contract Tower,5,14,6,0,25,0,0,6,0,6,5,14,12,0,31,8,10,18,49
12/15/2020,MOT,ND,AGL,CE,Federal Contract Tower,2,20,17,0,39,0,0,11,0,11,2,20,28,0,50,12,30,42,92
12/16/2020,MOT,ND,AGL,CE,Federal Contract Tower,3,15,9,0,27,0,1,20,0,21,3,16,29,0,48,48,0,48,96
12/17/2020,MOT,ND,AGL,CE,Federal Contract Tower,8,21,17,0,46,0,0,14,0,14,8,21,31,0,60,48,2,50,110
12/18/2020,MOT,ND,AGL,CE,Federal Contract Tower,1,19,5,0,25,0,0,14,0,14,1,19,19,0,39,49,10,59,98
12/19/2020,MOT,ND,AGL,CE,Federal Contract Tower,6,15,2,0,23,0,0,11,0,11,6,15,13,0,34,10,0,10,44
12/20/2020,MOT,ND,AGL,CE,Federal Contract Tower,3,11,5,0,19,0,2,3,0,5,3,13,8,0,24,0,0,0,24
12/21/2020,MOT,ND,AGL,CE,Federal Contract Tower,6,12,9,0,27,0,0,9,0,9,6,12,18,0,36,46,10,56,92
12/22/2020,MOT,ND,AGL,CE,Federal Contract Tower,0,19,9,0,28,0,0,21,0,21,0,19,30,0,49,110,0,110,159
12/23/2020,MOT,ND,AGL,CE,Federal Contract Tower,4,7,1,0,12,0,4,2,0,6,4,11,3,0,18,0,4,4,22
12/24/2020,MOT,ND,AGL,CE,Federal Contract Tower,4,13,4,0,21,0,3,1,0,4,4,16,5,0,25,0,0,0,25
12/25/2020,MOT,ND,AGL,CE,Federal Contract Tower,1,6,2,0,9,0,0,8,0,8,1,6,10,0,17,0,0,0,17
12/26/2020,MOT,ND,AGL,CE,Federal Contract Tower,5,19,3,0,27,0,0,13,0,13,5,19,16,0,40,45,0,45,85
12/27/2020,MOT,ND,AGL,CE,Federal Contract Tower,0,12,10,0,22,0,0,9,0,9,0,12,19,0,31,6,0,6,37
12/28/2020,MOT,ND,AGL,CE,Federal Contract Tower,4,13,3,0,20,0,0,13,0,13,4,13,16,0,33,22,0,22,55
12/29/2020,MOT,ND,AGL,CE,Federal Contract Tower,0,17,4,0,21,0,1,9,0,10,0,18,13,0,31,2,26,28,59
12/30/2020,MOT,ND,AGL,CE,Federal Contract Tower,2,17,5,0,24,0,0,9,0,9,2,17,14,0,33,87,8,95,128
12/31/2020,MOT,ND,AGL,CE,Federal Contract Tower,4,14,5,0,23,0,1,18,0,19,4,15,23,0,42,54,0,54,96
01/01/2021,MOT,ND,AGL,CE,Federal Contract Tower,0,10,3,0,13,0,0,11,0,11,0,10,14,0,24,50,0,50,74
01/02/2021,MOT,ND,AGL,CE,Federal Contract Tower,4,18,2,0,24,0,2,15,0,17,4,20,17,0,41,12,0,12,53
01/03/2021,MOT,ND,AGL,CE,Federal Contract Tower,0,9,6,0,15,0,0,14,0,14,0,9,20,0,29,16,0,16,45
01/04/2021,MOT,ND,AGL,CE,Federal Contract Tower,4,12,8,0,24,0,0,18,0,18,4,12,26,0,42,51,0,51,93
01/05/2021,MOT,ND,AGL,CE,Federal Contract Tower,0,21,4,0,25,0,0,13,0,13,0,21,17,0,38,9,50,59,97
01/06/2021,MOT,ND,AGL,CE,Federal Contract Tower,0,17,2,0,19,0,5,22,0,27,0,22,24,0,46,78,4,82,128
01/07/2021,MOT,ND,AGL,CE,Federal Contract Tower,4,19,1,1,25,0,0,7,0,7,4,19,8,1,32,69,2,71,103
01/08/2021,MOT,ND,AGL,CE,Federal Contract Tower,0,19,4,0,23,0,0,1,0,1,0,19,5,0,24,0,0,0,24
01/09/2021,MOT,ND,AGL,CE,Federal Contract Tower,0,12,3,0,15,0,0,13,0,13,0,12,16,0,28,34,0,34,62
01/10/2021,MOT,ND,AGL,CE,Federal Contract Tower,2,9,4,0,15,0,6,9,0,15,2,15,13,0,30,37,0,37,67
01/11/2021,MOT,ND,AGL,CE,Federal Contract Tower,4,16,6,0,26,0,0,11,0,11,4,16,17,0,37,35,28,63,100
01/12/2021,MOT,ND,AGL,CE,Federal Contract Tower,0,20,8,0,28,0,0,24,0,24,0,20,32,0,52,70,11,81,133
01/13/2021,MOT,ND,AGL,CE,Federal Contract Tower,0,18,12,0,30,0,2,25,0,27,0,20,37,0,57,22,6,28,85
01/14/2021,MOT,ND,AGL,CE,Federal Contract Tower,4,11,0,0,15,0,0,0,0,0,4,11,0,0,15,0,0,0,15
01/15/2021,MOT,ND,AGL,CE,Federal Contract Tower,6,16,11,0,33,0,0,11,0,11,6,16,22,0,44,17,0,17,61
01/16/2021,MOT,ND,AGL,CE,Federal Contract Tower,0,17,0,0,17,0,0,25,0,25,0,17,25,0,42,58,0,58,100
01/17/2021,MOT,ND,AGL,CE,Federal Contract Tower,0,6,3,0,9,0,2,22,0,24,0,8,25,0,33,49,0,49,82
01/18/2021,MOT,ND,AGL,CE,Federal Contract Tower,4,13,5,0,22,0,0,0,0,0,4,13,5,0,22,29,0,29,51
01/19/2021,MOT,ND,AGL,CE,Federal Contract Tower,4,14,7,0,25,0,0,12,0,12,4,14,19,0,37,38,2,40,77
01/20/2021,MOT,ND,AGL,CE,Federal Contract Tower,0,17,7,0,24,0,0,2,0,2,0,17,9,0,26,0,0,0,26
01/21/2021,MOT,ND,AGL,CE,Federal Contract Tower,4,15,7,0,26,0,0,1,0,1,4,15,8,0,27,16,15,31,58
01/22/2021,MOT,ND,AGL,CE,Federal Contract Tower,0,16,9,0,25,0,1,5,0,6,0,17,14,0,31,0,2,2,33
01/23/2021,MOT,ND,AGL,CE,Federal Contract Tower,0,13,2,0,15,0,0,22,0,22,0,13,24,0,37,127,0,127,164
01/24/2021,MOT,ND,AGL,CE,Federal Contract Tower,2,7,1,0,10,0,0,0,0,0,2,7,1,0,10,0,0,0,10
01/25/2021,MOT,ND,AGL,CE,Federal Contract Tower,4,19,9,0,32,0,0,0,3,3,4,19,9,3,35,2,2,4,39
01/26/2021,MOT,ND,AGL,CE,Federal Contract Tower,0,18,9,0,27,0,0,0,0,0,0,18,9,0,27,0,12,12,39
01/27/2021,MOT,ND,AGL,CE,Federal Contract Tower,0,19,9,0,28,0,0,5,0,5,0,19,14,0,33,4,0,4,37
01/28/2021,MOT,ND,AGL,CE,Federal Contract Tower,4,18,13,0,35,0,0,1,0,1,4,18,14,0,36,7,0,7,43
01/29/2021,MOT,ND,AGL,CE,Federal Contract Tower,0,17,5,2,24,0,0,0,0,0,0,17,5,2,24,0,0,0,24
01/30/2021,MOT,ND,AGL,CE,Federal Contract Tower,0,11,1,0,12,0,0,0,0,0,0,11,1,0,12,0,0,0,12
01/31/2021,MOT,ND,AGL,CE,Federal Contract Tower,0,9,7,0,16,0,2,3,0,5,0,11,10,0,21,20,0,20,41
02/01/2021,MOT,ND,AGL,CE,Federal Contract Tower,4,12,8,0,24,0,0,17,0,17,4,12,25,0,41,149,0,149,190
02/02/2021,MOT,ND,AGL,CE,Federal Contract Tower,1,17,12,0,30,0,0,10,0,10,1,17,22,0,40,73,2,75,115
02/03/2021,MOT,ND,AGL,CE,Federal Contract Tower,0,18,8,0,26,0,4,1,0,5,0,22,9,0,31,8,0,8,39
02/04/2021,MOT,ND,AGL,CE,Federal Contract Tower,4,15,6,0,25,0,1,9,0,10,4,16,15,0,35,17,8,25,60
02/05/2021,MOT,ND,AGL,CE,Federal Contract Tower,1,16,5,0,22,0,0,3,0,3,1,16,8,0,25,0,8,8,33
02/06/2021,MOT,ND,AGL,CE,Federal Contract Tower,0,14,1,0,15,0,0,0,0,0,0,14,1,0,15,0,2,2,17
02/07/2021,MOT,ND,AGL,CE,Federal Contract Tower,0,9,6,0,15,0,0,9,0,9,0,9,15,0,24,0,0,0,24
02/08/2021,MOT,ND,AGL,CE,Federal Contract Tower,4,16,4,0,24,0,0,5,0,5,4,16,9,0,29,4,10,14,43
02/09/2021,MOT,ND,AGL,CE,Federal Contract Tower,0,18,8,0,26,0,0,0,0,0,0,18,8,0,26,1,2,3,29
02/10/2021,MOT,ND,AGL,CE,Federal Contract Tower,4,23,4,0,31,0,0,8,0,8,4,23,12,0,39,0,0,0,39
02/11/2021,MOT,ND,AGL,CE,Federal Contract Tower,2,16,7,0,25,0,0,0,0,0,2,16,7,0,25,2,0,2,27
02/12/2021,MOT,ND,AGL,CE,Federal Contract Tower,0,22,9,0,31,0,0,0,0,0,0,22,9,0,31,0,0,0,31
02/13/2021,MOT,ND,AGL,CE,Federal Contract Tower,3,16,0,0,19,0,0,5,0,5,3,16,5,0,24,0,0,0,24
02/14/2021,MOT,ND,AGL,CE,Federal Contract Tower,1,8,3,0,12,0,0,2,0,2,1,8,5,0,14,0,0,0,14
02/15/2021,MOT,ND,AGL,CE,Federal Contract Tower,1,15,2,0,18,0,0,7,0,7,1,15,9,0,25,16,0,16,41
02/16/2021,MOT,ND,AGL,CE,Federal Contract Tower,0,14,8,0,22,0,0,7,2,9,0,14,15,2,31,15,10,25,56
02/17/2021,MOT,ND,AGL,CE,Federal Contract Tower,7,17,11,0,35,0,0,9,0,9,7,17,20,0,44,45,0,45,89
02/18/2021,MOT,ND,AGL,CE,Federal Contract Tower,3,19,11,0,33,0,0,5,0,5,3,19,16,0,38,12,6,18,56
02/19/2021,MOT,ND,AGL,CE,Federal Contract Tower,3,12,3,0,18,0,0,17,0,17,3,12,20,0,35,22,4,26,61
02/20/2021,MOT,ND,AGL,CE,Federal Contract Tower,4,15,3,0,22,0,0,22,0,22,4,15,25,0,44,116,0,116,160
02/21/2021,MOT,ND,AGL,CE,Federal Contract Tower,5,10,3,0,18,0,6,18,0,24,5,16,21,0,42,80,4,84,126
02/22/2021,MOT,ND,AGL,CE,Federal Contract Tower,2,11,12,0,25,0,0,1,0,1,2,11,13,0,26,4,8,12,38
02/23/2021,MOT,ND,AGL,CE,Federal Contract Tower,0,18,5,0,23,0,0,0,0,0,0,18,5,0,23,0,0,0,23
02/24/2021,MOT,ND,AGL,CE,Federal Contract Tower,4,19,10,0,33,0,0,9,0,9,4,19,19,0,42,0,4,4,46
02/25/2021,MOT,ND,AGL,CE,Federal Contract Tower,4,19,7,0,30,0,4,16,0,20,4,23,23,0,50,8,2,10,60
02/26/2021,MOT,ND,AGL,CE,Federal Contract Tower,0,19,9,0,28,0,0,17,0,17,0,19,26,0,45,38,0,38,83
02/27/2021,MOT,ND,AGL,CE,Federal Contract Tower,4,14,1,0,19,0,0,8,0,8,4,14,9,0,27,6,0,6,33
02/28/2021,MOT,ND,AGL,CE,Federal Contract Tower,2,10,1,0,13,0,0,14,0,14,2,10,15,0,27,0,0,0,27
03/01/2021,MOT,ND,AGL,CE,Federal Contract Tower,0,12,7,0,19,0,0,11,0,11,0,12,18,0,30,18,24,42,72
03/02/2021,MOT,ND,AGL,CE,Federal Contract Tower,0,22,3,0,25,0,0,13,0,13,0,22,16,0,38,29,36,65,103
03/03/2021,MOT,ND,AGL,CE,Federal Contract Tower,4,22,11,0,37,0,1,38,0,39,4,23,49,0,76,38,31,69,145
03/04/2021,MOT,ND,AGL,CE,Federal Contract Tower,4,20,10,0,34,0,4,19,0,23,4,24,29,0,57,19,2,21,78
03/05/2021,MOT,ND,AGL,CE,Federal Contract Tower,0,19,2,0,21,0,8,0,0,8,0,27,2,0,29,18,0,18,47
03/06/2021,MOT,ND,AGL,CE,Federal Contract Tower,6,15,5,0,26,0,0,22,0,22,6,15,27,0,48,22,0,22,70
03/07/2021,MOT,ND,AGL,CE,Federal Contract Tower,2,13,1,0,16,0,2,28,0,30,2,15,29,0,46,3,0,3,49
03/08/2021,MOT,ND,AGL,CE,Federal Contract Tower,2,15,5,0,22,0,1,16,0,17,2,16,21,0,39,34,43,77,116
03/09/2021,MOT,ND,AGL,CE,Federal Contract Tower,0,24,13,0,37,0,0,1,0,1,0,24,14,0,38,0,16,16,54
03/10/2021,MOT,ND,AGL,CE,Federal Contract Tower,4,21,4,0,29,0,0,9,0,9,4,21,13,0,38,40,33,73,111
03/11/2021,MOT,ND,AGL,CE,Federal Contract Tower,5,22,6,0,33,0,5,15,0,20,5,27,21,0,53,0,0,0,53
03/12/2021,MOT,ND,AGL,CE,Federal Contract Tower,0,26,7,0,33,0,3,24,0,27,0,29,31,0,60,33,0,33,93
03/13/2021,MOT,ND,AGL,CE,Federal Contract Tower,4,19,3,0,26,0,3,36,0,39,4,22,39,0,65,87,0,87,152
03/14/2021,MOT,ND,AGL,CE,Federal Contract Tower,2,14,7,0,23,0,0,20,0,20,2,14,27,0,43,27,0,27,70
03/15/2021,MOT,ND,AGL,CE,Federal Contract Tower,2,13,5,0,20,0,0,16,0,16,2,13,21,0,36,5,16,21,57
03/16/2021,MOT,ND,AGL,CE,Federal Contract Tower,0,25,6,0,31,0,0,14,0,14,0,25,20,0,45,8,2,10,55
03/17/2021,MOT,ND,AGL,CE,Federal Contract Tower,4,15,10,0,29,0,7,0,0,7,4,22,10,0,36,57,2,59,95
03/18/2021,MOT,ND,AGL,CE,Federal Contract Tower,4,24,1,0,29,0,4,13,0,17,4,28,14,0,46,28,6,34,80
03/19/2021,MOT,ND,AGL,CE,Federal Contract Tower,0,29,5,0,34,0,0,25,0,25,0,29,30,0,59,4,0,4,63
03/20/2021,MOT,ND,AGL,CE,Federal Contract Tower,4,19,4,0,27,0,0,48,0,48,4,19,52,0,75,76,0,76,151
03/21/2021,MOT,ND,AGL,CE,Federal Contract Tower,2,18,3,0,23,0,3,13,0,16,2,21,16,0,39,13,0,13,52
03/22/2021,MOT,ND,AGL,CE,Federal Contract Tower,4,17,5,0,26,0,6,9,0,15,4,23,14,0,41,4,32,36,77
03/23/2021,MOT,ND,AGL,CE,Federal Contract Tower,0,29,8,0,37,0,5,17,0,22,0,34,25,0,59,50,6,56,115
03/24/2021,MOT,ND,AGL,CE,Federal Contract Tower,4,22,13,0,39,0,0,13,0,13,4,22,26,0,52,32,2,34,86
03/25/2021,MOT,ND,AGL,CE,Federal Contract Tower,2,25,5,0,32,0,0,26,0,26,2,25,31,0,58,55,0,55,113
03/26/2021,MOT,ND,AGL,CE,Federal Contract Tower,0,26,8,0,34,0,6,9,0,15,0,32,17,0,49,24,4,28,77
03/27/2021,MOT,ND,AGL,CE,Federal Contract Tower,5,20,4,0,29,0,2,17,0,19,5,22,21,0,48,54,0,54,102
03/28/2021,MOT,ND,AGL,CE,Federal Contract Tower,2,14,5,0,21,0,1,11,0,12,2,15,16,0,33,0,0,0,33
03/29/2021,MOT,ND,AGL,CE,Federal Contract Tower,1,15,3,0,19,0,0,4,0,4,1,15,7,0,23,8,2,10,33
03/30/2021,MOT,ND,AGL,CE,Federal Contract Tower,0,25,4,0,29,0,0,2,0,2,0,25,6,0,31,0,2,2,33
03/31/2021,MOT,ND,AGL,CE,Federal Contract Tower,4,22,3,0,29,0,0,28,0,28,4,22,31,0,57,54,6,60,117
04/01/2021,MOT,ND,AGL,CE,Federal Contract Tower,4,24,6,0,34,0,1,13,0,14,4,25,19,0,48,13,2,15,63
04/02/2021,MOT,ND,AGL,CE,Federal Contract Tower,2,20,3,0,25,0,4,23,0,27,2,24,26,0,52,50,0,50,102
04/03/2021,MOT,ND,AGL,CE,Federal Contract Tower,4,17,2,0,23,0,1,29,0,30,4,18,31,0,53,105,0,105,158
04/05/2021,MOT,ND,AGL,CE,Federal Contract Tower,2,20,15,0,37,0,2,16,0,18,2,22,31,0,55,11,0,11,66
04/06/2021,MOT,ND,AGL,CE,Federal Contract Tower,0,23,15,0,38,0,2,18,0,20,0,25,33,0,58,135,10,145,203
04/07/2021,MOT,ND,AGL,CE,Federal Contract Tower,4,24,17,0,45,0,0,25,0,25,4,24,42,0,70,69,0,69,139
04/08/2021,MOT,ND,AGL,CE,Federal Contract Tower,4,26,7,0,37,0,1,13,0,14,4,27,20,0,51,72,0,72,123
04/09/2021,MOT,ND,AGL,CE,Federal Contract Tower,0,23,5,0,28,0,1,9,0,10,0,24,14,0,38,3,4,7,45
04/10/2021,MOT,ND,AGL,CE,Federal Contract Tower,4,20,8,0,32,0,6,39,0,45,4,26,47,0,77,57,0,57,134
04/11/2021,MOT,ND,AGL,CE,Federal Contract Tower,2,13,0,0,15,0,1,0,0,1,2,14,0,0,16,2,0,2,18
04/12/2021,MOT,ND,AGL,CE,Federal Contract Tower,2,16,6,0,24,0,0,0,0,0,2,16,6,0,24,0,0,0,24
04/13/2021,MOT,ND,AGL,CE,Federal Contract Tower,0,25,7,0,32,0,0,0,0,0,0,25,7,0,32,0,0,0,32
04/14/2021,MOT,ND,AGL,CE,Federal Contract Tower,0,22,4,0,26,0,0,3,0,3,0,22,7,0,29,0,22,22,51
04/15/2021,MOT,ND,AGL,CE,Federal Contract Tower,1,22,15,0,38,0,2,6,0,8,1,24,21,0,46,18,0,18,64
04/16/2021,MOT,ND,AGL,CE,Federal Contract Tower,1,20,2,0,23,0,6,5,0,11,1,26,7,0,34,46,0,46,80
04/17/2021,MOT,ND,AGL,CE,Federal Contract Tower,0,18,6,0,24,0,12,69,0,81,0,30,75,0,105,65,0,65,170
04/18/2021,MOT,ND,AGL,CE,Federal Contract Tower,0,14,5,0,19,0,0,5,0,5,0,14,10,0,24,0,0,0,24
04/19/2021,MOT,ND,AGL,CE,Federal Contract Tower,3,16,2,0,21,0,0,8,0,8,3,16,10,0,29,8,22,30,59
04/20/2021,MOT,ND,AGL,CE,Federal Contract Tower,4,21,9,0,34,0,8,6,0,14,4,29,15,0,48,12,0,12,60
04/21/2021,MOT,ND,AGL,CE,Federal Contract Tower,0,18,3,0,21,0,7,26,0,33,0,25,29,0,54,53,12,65,119
04/22/2021,MOT,ND,AGL,CE,Federal Contract Tower,0,25,8,0,33,0,2,36,0,38,0,27,44,0,71,22,0,22,93
04/23/2021,MOT,ND,AGL,CE,Federal Contract Tower,1,21,8,0,30,0,0,13,0,13,1,21,21,0,43,31,4,35,78
04/24/2021,MOT,ND,AGL,CE,Federal Contract Tower,2,16,4,0,22,0,0,41,0,41,2,16,45,0,63,108,4,112,175
04/25/2021,MOT,ND,AGL,CE,Federal Contract Tower,0,14,8,0,22,0,1,6,0,7,0,15,14,0,29,14,0,14,43
04/26/2021,MOT,ND,AGL,CE,Federal Contract Tower,3,20,8,0,31,0,0,8,0,8,3,20,16,0,39,18,4,22,61
04/27/2021,MOT,ND,AGL,CE,Federal Contract Tower,0,22,13,0,35,0,5,29,0,34,0,27,42,0,69,53,21,74,143
04/28/2021,MOT,ND,AGL,CE,Federal Contract Tower,0,26,6,0,32,0,0,32,0,32,0,26,38,0,64,64,4,68,132
04/29/2021,MOT,ND,AGL,CE,Federal Contract Tower,1,28,5,0,34,0,0,13,0,13,1,28,18,0,47,25,2,27,74
04/30/2021,MOT,ND,AGL,CE,Federal Contract Tower,1,26,6,0,33,0,3,12,0,15,1,29,18,0,48,17,0,17,65
05/01/2021,MOT,ND,AGL,CE,Federal Contract Tower,0,18,3,0,21,0,2,24,0,26,0,20,27,0,47,56,0,56,103
05/02/2021,MOT,ND,AGL,CE,Federal Contract Tower,0,12,3,0,15,0,5,17,0,22,0,17,20,0,37,68,0,68,105
05/03/2021,MOT,ND,AGL,CE,Federal Contract Tower,3,16,4,0,23,0,0,4,0,4,3,16,8,0,27,46,0,46,73
05/04/2021,MOT,ND,AGL,CE,Federal Contract Tower,0,19,11,0,30,0,4,28,0,32,0,23,39,0,62,54,2,56,118
05/05/2021,MOT,ND,AGL,CE,Federal Contract Tower,2,20,9,0,31,0,0,15,0,15,2,20,24,0,46,54,2,56,102
05/06/2021,MOT,ND,AGL,CE,Federal Contract Tower,2,22,6,0,30,0,0,10,0,10,2,22,16,0,40,2,0,2,42
05/07/2021,MOT,ND,AGL,CE,Federal Contract Tower,1,25,8,0,34,0,0,44,0,44,1,25,52,0,78,68,4,72,150
05/08/2021,MOT,ND,AGL,CE,Federal Contract Tower,1,17,5,0,23,0,2,24,0,26,1,19,29,0,49,50,0,50,99
05/09/2021,MOT,ND,AGL,CE,Federal Contract Tower,1,13,7,0,21,0,0,33,0,33,1,13,40,0,54,17,0,17,71
05/10/2021,MOT,ND,AGL,CE,Federal Contract Tower,4,15,11,0,30,0,3,23,0,26,4,18,34,0,56,71,0,71,127
05/11/2021,MOT,ND,AGL,CE,Federal Contract Tower,2,22,10,0,34,0,4,26,0,30,2,26,36,0,64,84,16,100,164
05/12/2021,MOT,ND,AGL,CE,Federal Contract Tower,2,19,7,0,28,0,11,29,0,40,2,30,36,0,68,16,8,24,92
05/13/2021,MOT,ND,AGL,CE,Federal Contract Tower,3,18,0,0,21,0,2,50,0,52,3,20,50,0,73,85,2,87,160
05/14/2021,MOT,ND,AGL,CE,Federal Contract Tower,0,27,5,0,32,0,1,28,0,29,0,28,33,0,61,86,0,86,147
05/15/2021,MOT,ND,AGL,CE,Federal Contract Tower,0,16,1,0,17,0,7,59,1,67,0,23,60,1,84,78,3,81,165
05/16/2021,MOT,ND,AGL,CE,Federal Contract Tower,2,9,3,0,14,0,8,31,0,39,2,17,34,0,53,50,0,50,103
05/17/2021,MOT,ND,AGL,CE,Federal Contract Tower,5,13,4,0,22,0,4,12,0,16,5,17,16,0,38,0,2,2,40
05/18/2021,MOT,ND,AGL,CE,Federal Contract Tower,2,23,6,0,31,0,2,8,0,10,2,25,14,0,41,0,2,2,43
05/19/2021,MOT,ND,AGL,CE,Federal Contract Tower,2,17,8,0,27,0,12,21,0,33,2,29,29,0,60,21,28,49,109
05/20/2021,MOT,ND,AGL,CE,Federal Contract Tower,4,19,7,0,30,0,0,2,0,2,4,19,9,0,32,0,6,6,38
05/21/2021,MOT,ND,AGL,CE,Federal Contract Tower,3,17,11,0,31,0,0,3,0,3,3,17,14,0,34,3,0,3,37
05/22/2021,MOT,ND,AGL,CE,Federal Contract Tower,0,16,12,0,28,0,3,2,0,5,0,19,14,0,33,0,0,0,33
05/23/2021,MOT,ND,AGL,CE,Federal Contract Tower,1,11,6,0,18,0,0,0,0,0,1,11,6,0,18,0,0,0,18
05/24/2021,MOT,ND,AGL,CE,Federal Contract Tower,7,14,2,0,23,0,0,6,0,6,7,14,8,0,29,0,8,8,37
05/25/2021,MOT,ND,AGL,CE,Federal Contract Tower,2,15,10,0,27,0,1,8,0,9,2,16,18,0,36,0,24,24,60
05/26/2021,MOT,ND,AGL,CE,Federal Contract Tower,4,23,14,0,41,0,5,37,0,42,4,28,51,0,83,101,15,116,199
05/27/2021,MOT,ND,AGL,CE,Federal Contract Tower,6,17,11,0,34,0,0,34,0,34,6,17,45,0,68,98,0,98,166
05/28/2021,MOT,ND,AGL,CE,Federal Contract Tower,3,18,2,0,23,0,5,3,0,8,3,23,5,0,31,0,0,0,31
05/29/2021,MOT,ND,AGL,CE,Federal Contract Tower,5,16,0,0,21,0,8,35,0,43,5,24,35,0,64,44,0,44,108
05/30/2021,MOT,ND,AGL,CE,Federal Contract Tower,0,10,9,0,19,0,6,22,0,28,0,16,31,0,47,37,0,37,84
05/31/2021,MOT,ND,AGL,CE,Federal Contract Tower,6,10,7,0,23,0,2,31,0,33,6,12,38,0,56,124,0,124,180
06/01/2021,MOT,ND,AGL,CE,Federal Contract Tower,2,22,5,0,29,0,0,33,0,33,2,22,38,0,62,93,46,139,201
06/02/2021,MOT,ND,AGL,CE,Federal Contract Tower,6,16,13,0,35,0,0,28,0,28,6,16,41,0,63,59,10,69,132
06/03/2021,MOT,ND,AGL,CE,Federal Contract Tower,3,18,5,0,26,0,3,16,0,19,3,21,21,0,45,53,0,53,98
06/04/2021,MOT,ND,AGL,CE,Federal Contract Tower,2,17,7,0,26,0,4,11,0,15,2,21,18,0,41,32,0,32,73
06/05/2021,MOT,ND,AGL,CE,Federal Contract Tower,6,15,2,0,23,0,6,24,0,30,6,21,26,0,53,26,0,26,79
06/06/2021,MOT,ND,AGL,CE,Federal Contract Tower,2,11,5,0,18,0,2,14,0,16,2,13,19,0,34,14,0,14,48
06/07/2021,MOT,ND,AGL,CE,Federal Contract Tower,7,12,7,0,26,0,0,46,0,46,7,12,53,0,72,33,4,37,109
06/08/2021,MOT,ND,AGL,CE,Federal Contract Tower,2,20,9,0,31,0,4,19,0,23,2,24,28,0,54,33,0,33,87
06/09/2021,MOT,ND,AGL,CE,Federal Contract Tower,4,21,11,0,36,0,3,19,0,22,4,24,30,0,58,116,8,124,182
06/10/2021,MOT,ND,AGL,CE,Federal Contract Tower,4,19,13,0,36,0,0,6,0,6,4,19,19,0,42,0,0,0,42
06/11/2021,MOT,ND,AGL,CE,Federal Contract Tower,1,18,2,0,21,0,2,1,0,3,1,20,3,0,24,0,0,0,24
06/12/2021,MOT,ND,AGL,CE,Federal Contract Tower,4,20,14,0,38,0,1,21,0,22,4,21,35,0,60,146,0,146,206
06/13/2021,MOT,ND,AGL,CE,Federal Contract Tower,2,11,4,0,17,0,1,44,1,46,2,12,48,1,63,87,0,87,150
06/14/2021,MOT,ND,AGL,CE,Federal Contract Tower,4,16,8,0,28,0,2,31,0,33,4,18,39,0,61,110,0,110,171
06/15/2021,MOT,ND,AGL,CE,Federal Contract Tower,2,24,12,0,38,0,4,24,0,28,2,28,36,0,66,46,0,46,112
06/16/2021,MOT,ND,AGL,CE,Federal Contract Tower,3,24,12,0,39,0,4,2,0,6,3,28,14,0,45,38,6,44,89
06/17/2021,MOT,ND,AGL,CE,Federal Contract Tower,4,20,15,0,39,0,0,20,0,20,4,20,35,0,59,0,0,0,59
06/18/2021,MOT,ND,AGL,CE,Federal Contract Tower,3,24,6,0,33,0,2,21,0,23,3,26,27,0,56,22,0,22,78
06/19/2021,MOT,ND,AGL,CE,Federal Contract Tower,3,24,2,0,29,0,4,42,0,46,3,28,44,0,75,39,0,39,114
06/20/2021,MOT,ND,AGL,CE,Federal Contract Tower,2,11,4,0,17,0,3,4,0,7,2,14,8,0,24,2,0,2,26
06/21/2021,MOT,ND,AGL,CE,Federal Contract Tower,2,17,12,0,31,0,7,20,13,40,2,24,32,13,71,24,0,24,95
06/22/2021,MOT,ND,AGL,CE,Federal Contract Tower,0,25,4,0,29,0,0,31,0,31,0,25,35,0,60,41,8,49,109
06/23/2021,MOT,ND,AGL,CE,Federal Contract Tower,2,23,8,0,33,0,9,20,0,29,2,32,28,0,62,36,20,56,118
06/24/2021,MOT,ND,AGL,CE,Federal Contract Tower,4,22,8,0,34,0,0,40,2,42,4,22,48,2,76,80,0,80,156
06/25/2021,MOT,ND,AGL,CE,Federal Contract Tower,3,22,12,0,37,0,4,5,0,9,3,26,17,0,46,32,6,38,84
06/26/2021,MOT,ND,AGL,CE,Federal Contract Tower,6,17,1,0,24,0,0,25,0,25,6,17,26,0,49,83,0,83,132
06/27/2021,MOT,ND,AGL,CE,Federal Contract Tower,4,11,3,0,18,0,0,2,0,2,4,11,5,0,20,12,0,12,32
06/28/2021,MOT,ND,AGL,CE,Federal Contract Tower,3,17,8,0,28,0,0,28,0,28,3,17,36,0,56,50,2,52,108
06/29/2021,MOT,ND,AGL,CE,Federal Contract Tower,0,24,4,0,28,0,4,58,0,62,0,28,62,0,90,60,0,60,150
06/30/2021,MOT,ND,AGL,CE,Federal Contract Tower,4,23,7,0,34,0,2,29,0,31,4,25,36,0,65,31,8,39,104
07/01/2021,MOT,ND,AGL,CE,Federal Contract Tower,6,21,6,0,33,0,0,18,0,18,6,21,24,0,51,36,0,36,87
07/02/2021,MOT,ND,AGL,CE,Federal Contract Tower,5,19,3,0,27,0,10,24,0,34,5,29,27,0,61,40,0,40,101
07/03/2021,MOT,ND,AGL,CE,Federal Contract Tower,4,18,7,0,29,0,5,19,0,24,4,23,26,0,53,73,0,73,126
07/04/2021,MOT,ND,AGL,CE,Federal Contract Tower,2,13,1,0,16,0,0,12,0,12,2,13,13,0,28,1,0,1,29
07/05/2021,MOT,ND,AGL,CE,Federal Contract Tower,5,13,5,0,23,0,4,31,0,35,5,17,36,0,58,67,0,67,125
07/06/2021,MOT,ND,AGL,CE,Federal Contract Tower,2,19,9,0,30,0,1,11,0,12,2,20,20,0,42,38,2,40,82
07/07/2021,MOT,ND,AGL,CE,Federal Contract Tower,5,21,12,0,38,0,4,40,0,44,5,25,52,0,82,73,10,83,165
07/08/2021,MOT,ND,AGL,CE,Federal Contract Tower,4,23,2,0,29,0,0,21,0,21,4,23,23,0,50,58,2,60,110
07/09/2021,MOT,ND,AGL,CE,Federal Contract Tower,2,17,14,0,33,0,0,27,0,27,2,17,41,0,60,53,8,61,121
07/10/2021,MOT,ND,AGL,CE,Federal Contract Tower,4,19,1,0,24,0,2,40,0,42,4,21,41,0,66,94,0,94,160
07/11/2021,MOT,ND,AGL,CE,Federal Contract Tower,2,13,2,0,17,0,0,34,0,34,2,13,36,0,51,0,0,0,51
07/12/2021,MOT,ND,AGL,CE,Federal Contract Tower,4,21,10,0,35,0,4,41,0,45,4,25,51,0,80,70,6,76,156
07/13/2021,MOT,ND,AGL,CE,Federal Contract Tower,0,25,10,0,35,0,0,28,0,28,0,25,38,0,63,34,0,34,97
07/14/2021,MOT,ND,AGL,CE,Federal Contract Tower,4,23,9,0,36,0,5,31,0,36,4,28,40,0,72,32,2,34,106
07/15/2021,MOT,ND,AGL,CE,Federal Contract Tower,2,21,3,0,26,0,2,18,0,20,2,23,21,0,46,27,0,27,73
07/16/2021,MOT,ND,AGL,CE,Federal Contract Tower,2,20,6,0,28,0,0,23,0,23,2,20,29,0,51,6,8,14,65
07/17/2021,MOT,ND,AGL,CE,Federal Contract Tower,2,20,0,0,22,0,2,33,0,35,2,22,33,0,57,35,0,35,92
07/18/2021,MOT,ND,AGL,CE,Federal Contract Tower,2,14,6,0,22,0,0,17,0,17,2,14,23,0,39,9,0,9,48
07/19/2021,MOT,ND,AGL,CE,Federal Contract Tower,4,14,7,0,25,0,4,24,0,28,4,18,31,0,53,8,12,20,73
07/20/2021,MOT,ND,AGL,CE,Federal Contract Tower,2,21,12,0,35,0,1,26,0,27,2,22,38,0,62,51,0,51,113
07/21/2021,MOT,ND,AGL,CE,Federal Contract Tower,3,20,14,1,38,0,2,19,0,21,3,22,33,1,59,16,25,41,100
07/22/2021,MOT,ND,AGL,CE,Federal Contract Tower,1,35,20,0,56,0,0,21,0,21,1,35,41,0,77,45,12,57,134
07/23/2021,MOT,ND,AGL,CE,Federal Contract Tower,1,25,12,2,40,0,6,33,0,39,1,31,45,2,79,48,14,62,141
07/24/2021,MOT,ND,AGL,CE,Federal Contract Tower,4,19,5,0,28,0,0,41,0,41,4,19,46,0,69,48,0,48,117
07/25/2021,MOT,ND,AGL,CE,Federal Contract Tower,2,14,11,0,27,0,4,34,0,38,2,18,45,0,65,62,0,62,127
07/26/2021,MOT,ND,AGL,CE,Federal Contract Tower,7,13,12,0,32,0,6,27,0,33,7,19,39,0,65,42,44,86,151
07/27/2021,MOT,ND,AGL,CE,Federal Contract Tower,2,21,4,2,29,0,0,7,0,7,2,21,11,2,36,60,67,127,163
07/28/2021,MOT,ND,AGL,CE,Federal Contract Tower,4,19,12,0,35,0,4,17,0,21,4,23,29,0,56,74,2,76,132
07/29/2021,MOT,ND,AGL,CE,Federal Contract Tower,4,20,3,0,27,0,1,18,2,21,4,21,21,2,48,53,83,136,184
07/30/2021,MOT,ND,AGL,CE,Federal Contract Tower,2,19,21,0,42,0,1,21,0,22,2,20,42,0,64,18,0,18,82
07/31/2021,MOT,ND,AGL,CE,Federal Contract Tower,6,16,9,0,31,0,1,33,0,34,6,17,42,0,65,45,0,45,110
08/01/2021,MOT,ND,AGL,CE,Federal Contract Tower,2,10,5,0,17,0,0,33,0,33,2,10,38,0,50,4,0,4,54
08/02/2021,MOT,ND,AGL,CE,Federal Contract Tower,4,16,12,0,32,0,3,35,0,38,4,19,47,0,70,6,4,10,80
08/03/2021,MOT,ND,AGL,CE,Federal Contract Tower,2,28,10,0,40,0,4,16,0,20,2,32,26,0,60,26,0,26,86
08/04/2021,MOT,ND,AGL,CE,Federal Contract Tower,5,19,15,0,39,0,7,25,0,32,5,26,40,0,71,40,2,42,113
08/05/2021,MOT,ND,AGL,CE,Federal Contract Tower,4,21,8,0,33,0,1,20,0,21,4,22,28,0,54,4,4,8,62
08/06/2021,MOT,ND,AGL,CE,Federal Contract Tower,3,16,8,0,27,0,5,24,0,29,3,21,32,0,56,28,4,32,88
08/07/2021,MOT,ND,AGL,CE,Federal Contract Tower,4,16,0,0,20,0,1,39,0,40,4,17,39,0,60,98,0,98,158
08/08/2021,MOT,ND,AGL,CE,Federal Contract Tower,2,9,9,0,20,0,0,26,0,26,2,9,35,0,46,21,0,21,67
08/09/2021,MOT,ND,AGL,CE,Federal Contract Tower,4,15,10,0,29,0,1,15,0,16,4,16,25,0,45,13,2,15,60
08/10/2021,MOT,ND,AGL,CE,Federal Contract Tower,1,18,10,0,29,0,6,26,3,35,1,24,36,3,64,19,33,52,116
08/11/2021,MOT,ND,AGL,CE,Federal Contract Tower,3,24,17,2,46,0,0,15,2,17,3,24,32,4,63,6,4,10,73
08/12/2021,MOT,ND,AGL,CE,Federal Contract Tower,5,17,12,0,34,0,0,11,0,11,5,17,23,0,45,27,4,31,76
08/13/2021,MOT,ND,AGL,CE,Federal Contract Tower,3,15,6,0,24,0,14,26,0,40,3,29,32,0,64,24,15,39,103
08/14/2021,MOT,ND,AGL,CE,Federal Contract Tower,4,16,6,0,26,0,11,31,0,42,4,27,37,0,68,34,1,35,103
08/15/2021,MOT,ND,AGL,CE,Federal Contract Tower,2,9,8,0,19,0,5,11,0,16,2,14,19,0,35,0,4,4,39
08/16/2021,MOT,ND,AGL,CE,Federal Contract Tower,5,14,4,0,23,0,1,13,4,18,5,15,17,4,41,15,0,15,56
08/17/2021,MOT,ND,AGL,CE,Federal Contract Tower,2,23,9,2,36,0,3,19,0,22,2,26,28,2,58,34,27,61,119
08/18/2021,MOT,ND,AGL,CE,Federal Contract Tower,2,16,26,0,44,0,8,14,0,22,2,24,40,0,66,21,21,42,108
08/19/2021,MOT,ND,AGL,CE,Federal Contract Tower,4,27,7,0,38,0,10,16,0,26,4,37,23,0,64,43,0,43,107
08/20/2021,MOT,ND,AGL,CE,Federal Contract Tower,2,15,4,0,21,0,0,0,0,0,2,15,4,0,21,0,0,0,21
08/21/2021,MOT,ND,AGL,CE,Federal Contract Tower,2,15,5,0,22,0,8,18,0,26,2,23,23,0,48,58,0,58,106
08/22/2021,MOT,ND,AGL,CE,Federal Contract Tower,0,11,8,0,19,0,0,2,0,2,0,11,10,0,21,2,0,2,23
08/23/2021,MOT,ND,AGL,CE,Federal Contract Tower,6,14,11,0,31,0,12,16,0,28,6,26,27,0,59,24,10,34,93
08/24/2021,MOT,ND,AGL,CE,Federal Contract Tower,2,20,7,0,29,0,0,6,0,6,2,20,13,0,35,20,2,22,57
08/25/2021,MOT,ND,AGL,CE,Federal Contract Tower,3,22,14,2,41,0,0,26,0,26,3,22,40,2,67,58,6,64,131
08/26/2021,MOT,ND,AGL,CE,Federal Contract Tower,5,17,3,0,25,0,2,12,0,14,5,19,15,0,39,27,6,33,72
08/27/2021,MOT,ND,AGL,CE,Federal Contract Tower,2,24,3,0,29,0,0,13,0,13,2,24,16,0,42,0,4,4,46
08/28/2021,MOT,ND,AGL,CE,Federal Contract Tower,2,18,1,0,21,0,7,41,0,48,2,25,42,0,69,62,0,62,131
08/29/2021,MOT,ND,AGL,CE,Federal Contract Tower,2,13,4,0,19,0,0,22,0,22,2,13,26,0,41,44,0,44,85
08/30/2021,MOT,ND,AGL,CE,Federal Contract Tower,6,15,8,0,29,0,0,24,0,24,6,15,32,0,53,47,8,55,108
08/31/2021,MOT,ND,AGL,CE,Federal Contract Tower,2,18,14,0,34,0,0,20,0,20,2,18,34,0,54,41,0,41,95
09/01/2021,MOT,ND,AGL,CE,Federal Contract Tower,2,21,8,0,31,0,1,4,2,7,2,22,12,2,38,21,18,39,77
09/02/2021,MOT,ND,AGL,CE,Federal Contract Tower,6,17,9,0,32,0,0,16,0,16,6,17,25,0,48,68,26,94,142
09/03/2021,MOT,ND,AGL,CE,Federal Contract Tower,2,17,9,3,31,0,2,33,0,35,2,19,42,3,66,37,0,37,103
09/04/2021,MOT,ND,AGL,CE,Federal Contract Tower,1,17,0,0,18,0,3,38,0,41,1,20,38,0,59,106,0,106,165
09/05/2021,MOT,ND,AGL,CE,Federal Contract Tower,0,13,3,0,16,0,11,8,0,19,0,24,11,0,35,26,0,26,61
09/06/2021,MOT,ND,AGL,CE,Federal Contract Tower,6,8,4,0,18,0,5,23,0,28,6,13,27,0,46,29,0,29,75
09/07/2021,MOT,ND,AGL,CE,Federal Contract Tower,2,14,7,0,23,0,0,5,0,5,2,14,12,0,28,25,4,29,57
09/08/2021,MOT,ND,AGL,CE,Federal Contract Tower,2,17,10,0,29,0,3,22,0,25,2,20,32,0,54,49,10,59,113
09/09/2021,MOT,ND,AGL,CE,Federal Contract Tower,5,16,9,0,30,0,18,34,0,52,5,34,43,0,82,29,4,33,115
09/10/2021,MOT,ND,AGL,CE,Federal Contract Tower,2,16,4,0,22,0,0,28,0,28,2,16,32,0,50,97,14,111,161
09/11/2021,MOT,ND,AGL,CE,Federal Contract Tower,2,13,7,0,22,0,0,25,0,25,2,13,32,0,47,5,4,9,56
09/12/2021,MOT,ND,AGL,CE,Federal Contract Tower,2,9,10,0,21,0,2,30,0,32,2,11,40,0,53,26,0,26,79
09/13/2021,MOT,ND,AGL,CE,Federal Contract Tower,7,14,18,0,39,0,4,18,0,22,7,18,36,0,61,95,6,101,162
09/14/2021,MOT,ND,AGL,CE,Federal Contract Tower,4,21,12,2,39,0,6,24,0,30,4,27,36,2,69,42,9,51,120
09/15/2021,MOT,ND,AGL,CE,Federal Contract Tower,3,15,13,3,34,0,5,22,0,27,3,20,35,3,61,42,26,68,129
09/16/2021,MOT,ND,AGL,CE,Federal Contract Tower,8,16,7,0,31,0,2,22,0,24,8,18,29,0,55,30,0,30,85
09/17/2021,MOT,ND,AGL,CE,Federal Contract Tower,4,14,12,0,30,0,5,17,0,22,4,19,29,0,52,9,8,17,69
09/18/2021,MOT,ND,AGL,CE,Federal Contract Tower,5,10,6,0,21,0,5,24,0,29,5,15,30,0,50,29,0,29,79
09/19/2021,MOT,ND,AGL,CE,Federal Contract Tower,4,10,10,0,24,0,4,14,0,18,4,14,24,0,42,34,0,34,76
09/20/2021,MOT,ND,AGL,CE,Federal Contract Tower,7,9,8,0,24,0,1,8,0,9,7,10,16,0,33,2,4,6,39
09/21/2021,MOT,ND,AGL,CE,Federal Contract Tower,4,22,7,0,33,0,0,18,0,18,4,22,25,0,51,74,0,74,125
09/22/2021,MOT,ND,AGL,CE,Federal Contract Tower,4,16,11,0,31,0,3,23,0,26,4,19,34,0,57,92,16,108,165
09/23/2021,MOT,ND,AGL,CE,Federal Contract Tower,8,14,14,0,36,0,1,22,0,23,8,15,36,0,59,85,2,87,146
09/24/2021,MOT,ND,AGL,CE,Federal Contract Tower,4,12,11,0,27,0,0,16,0,16,4,12,27,0,43,60,2,62,105
09/25/2021,MOT,ND,AGL,CE,Federal Contract Tower,4,13,9,0,26,0,10,26,0,36,4,23,35,0,62,85,0,85,147
09/26/2021,MOT,ND,AGL,CE,Federal Contract Tower,4,8,6,0,18,0,2,33,0,35,4,10,39,0,53,15,0,15,68
09/27/2021,MOT,ND,AGL,CE,Federal Contract Tower,6,13,9,0,28,0,1,25,0,26,6,14,34,0,54,47,2,49,103
09/28/2021,MOT,ND,AGL,CE,Federal Contract Tower,4,19,13,0,36,0,0,28,0,28,4,19,41,0,64,15,4,19,83
09/29/2021,MOT,ND,AGL,CE,Federal Contract Tower,4,19,17,0,40,0,0,25,0,25,4,19,42,0,65,4,2,6,71
09/30/2021,MOT,ND,AGL,CE,Federal Contract Tower,7,16,15,0,38,0,4,29,0,33,7,20,44,0,71,87,8,95,166
10/01/2021,MOT,ND,AGL,CE,Federal Contract Tower,5,16,10,0,31,0,3,34,0,37,5,19,44,0,68,61,4,65,133
10/02/2021,MOT,ND,AGL,CE,Federal Contract Tower,3,15,1,0,19,0,0,22,0,22,3,15,23,0,41,9,0,9,50
10/03/2021,MOT,ND,AGL,CE,Federal Contract Tower,3,8,10,0,21,0,0,13,0,13,3,8,23,0,34,28,0,28,62
10/04/2021,MOT,ND,AGL,CE,Federal Contract Tower,9,8,17,0,34,0,9,22,2,33,9,17,39,2,67,30,12,42,109
10/05/2021,MOT,ND,AGL,CE,Federal Contract Tower,4,19,5,0,28,0,3,25,0,28,4,22,30,0,56,47,0,47,103
10/06/2021,MOT,ND,AGL,CE,Federal Contract Tower,4,22,18,0,44,0,1,13,0,14,4,23,31,0,58,12,0,12,70
10/07/2021,MOT,ND,AGL,CE,Federal Contract Tower,6,15,8,0,29,0,0,26,0,26,6,15,34,0,55,85,0,85,140
10/08/2021,MOT,ND,AGL,CE,Federal Contract Tower,6,17,15,0,38,0,0,7,0,7,6,17,22,0,45,21,0,21,66
10/09/2021,MOT,ND,AGL,CE,Federal Contract Tower,5,16,5,0,26,0,0,0,0,0,5,16,5,0,26,2,0,2,28
10/10/2021,MOT,ND,AGL,CE,Federal Contract Tower,6,9,4,0,19,0,0,43,0,43,6,9,47,0,62,34,0,34,96
10/11/2021,MOT,ND,AGL,CE,Federal Contract Tower,7,14,6,0,27,0,1,26,0,27,7,15,32,0,54,62,0,62,116
10/12/2021,MOT,ND,AGL,CE,Federal Contract Tower,4,16,9,0,29,0,2,20,0,22,4,18,29,0,51,64,12,76,127
10/13/2021,MOT,ND,AGL,CE,Federal Contract Tower,6,14,8,0,28,0,0,0,0,0,6,14,8,0,28,0,0,0,28
10/14/2021,MOT,ND,AGL,CE,Federal Contract Tower,6,14,13,0,33,0,0,0,0,0,6,14,13,0,33,0,14,14,47
10/15/2021,MOT,ND,AGL,CE,Federal Contract Tower,4,15,21,6,46,0,9,24,0,33,4,24,45,6,79,14,4,18,97
10/16/2021,MOT,ND,AGL,CE,Federal Contract Tower,6,14,4,0,24,0,0,70,0,70,6,14,74,0,94,57,0,57,151
10/17/2021,MOT,ND,AGL,CE,Federal Contract Tower,4,6,12,4,26,0,0,26,0,26,4,6,38,4,52,56,0,56,108
10/18/2021,MOT,ND,AGL,CE,Federal Contract Tower,7,14,12,0,33,0,2,35,0,37,7,16,47,0,70,96,0,96,166
10/19/2021,MOT,ND,AGL,CE,Federal Contract Tower,4,14,13,0,31,0,0,2,0,2,4,14,15,0,33,2,0,2,35
10/20/2021,MOT,ND,AGL,CE,Federal Contract Tower,6,13,27,0,46,0,0,9,0,9,6,13,36,0,55,39,10,49,104
10/21/2021,MOT,ND,AGL,CE,Federal Contract Tower,7,14,11,0,32,0,1,25,0,26,7,15,36,0,58,54,10,64,122
10/22/2021,MOT,ND,AGL,CE,Federal Contract Tower,2,14,12,0,28,0,2,24,0,26,2,16,36,0,54,28,10,38,92
10/23/2021,MOT,ND,AGL,CE,Federal Contract Tower,8,12,3,0,23,0,1,16,0,17,8,13,19,0,40,15,0,15,55
10/24/2021,MOT,ND,AGL,CE,Federal Contract Tower,2,8,3,0,13,0,0,1,0,1,2,8,4,0,14,0,0,0,14
10/25/2021,MOT,ND,AGL,CE,Federal Contract Tower,7,11,7,0,25,0,0,10,0,10,7,11,17,0,35,20,26,46,81
10/26/2021,MOT,ND,AGL,CE,Federal Contract Tower,4,20,16,0,40,0,0,1,0,1,4,20,17,0,41,0,0,0,41
10/27/2021,MOT,ND,AGL,CE,Federal Contract Tower,4,15,12,0,31,0,0,33,0,33,4,15,45,0,64,33,4,37,101
10/28/2021,MOT,ND,AGL,CE,Federal Contract Tower,7,14,18,0,39,0,0,37,0,37,7,14,55,0,76,78,0,78,154
10/29/2021,MOT,ND,AGL,CE,Federal Contract Tower,3,17,6,0,26,0,2,20,0,22,3,19,26,0,48,8,22,30,78
10/30/2021,MOT,ND,AGL,CE,Federal Contract Tower,6,13,2,0,21,0,4,12,0,16,6,17,14,0,37,23,0,23,60
10/31/2021,MOT,ND,AGL,CE,Federal Contract Tower,4,5,5,0,14,0,0,19,0,19,4,5,24,0,33,38,0,38,71
11/01/2021,MOT,ND,AGL,CE,Federal Contract Tower,8,13,8,0,29,0,3,7,0,10,8,16,15,0,39,48,0,48,87
11/02/2021,MOT,ND,AGL,CE,Federal Contract Tower,4,16,9,0,29,0,6,18,2,26,4,22,27,2,55,54,24,78,133
11/03/2021,MOT,ND,AGL,CE,Federal Contract Tower,2,21,7,0,30,0,7,16,0,23,2,28,23,0,53,72,8,80,133
11/04/2021,MOT,ND,AGL,CE,Federal Contract Tower,6,15,11,0,32,0,3,32,0,35,6,18,43,0,67,52,0,52,119
11/05/2021,MOT,ND,AGL,CE,Federal Contract Tower,3,17,8,0,28,0,13,22,0,35,3,30,30,0,63,22,30,52,115
11/06/2021,MOT,ND,AGL,CE,Federal Contract Tower,6,14,0,0,20,0,0,38,0,38,6,14,38,0,58,83,0,83,141
11/07/2021,MOT,ND,AGL,CE,Federal Contract Tower,6,3,5,0,14,0,1,34,0,35,6,4,39,0,49,42,0,42,91
11/08/2021,MOT,ND,AGL,CE,Federal Contract Tower,10,7,11,0,28,0,4,10,0,14,10,11,21,0,42,67,18,85,127
11/09/2021,MOT,ND,AGL,CE,Federal Contract Tower,8,15,18,0,41,0,5,23,0,28,8,20,41,0,69,70,2,72,141
11/10/2021,MOT,ND,AGL,CE,Federal Contract Tower,6,16,17,0,39,0,4,4,0,8,6,20,21,0,47,26,8,34,81
11/11/2021,MOT,ND,AGL,CE,Federal Contract Tower,9,14,13,0,36,0,0,0,0,0,9,14,13,0,36,0,0,0,36
11/12/2021,MOT,ND,AGL,CE,Federal Contract Tower,6,12,6,0,24,0,0,3,0,3,6,12,9,0,27,48,0,48,75
11/13/2021,MOT,ND,AGL,CE,Federal Contract Tower,10,5,3,0,18,0,0,0,0,0,10,5,3,0,18,0,0,0,18
11/14/2021,MOT,ND,AGL,CE,Federal Contract Tower,7,5,15,1,28,0,6,21,0,27,7,11,36,1,55,57,0,57,112
11/15/2021,MOT,ND,AGL,CE,Federal Contract Tower,10,8,17,0,35,0,0,0,0,0,10,8,17,0,35,0,0,0,35
11/16/2021,MOT,ND,AGL,CE,Federal Contract Tower,6,12,14,0,32,0,0,2,0,2,6,12,16,0,34,0,10,10,44
11/17/2021,MOT,ND,AGL,CE,Federal Contract Tower,6,10,7,0,23,0,0,0,0,0,6,10,7,0,23,0,0,0,23
11/18/2021,MOT,ND,AGL,CE,Federal Contract Tower,10,13,18,0,41,0,7,17,0,24,10,20,35,0,65,16,0,16,81
11/19/2021,MOT,ND,AGL,CE,Federal Contract Tower,6,13,8,0,27,0,7,18,0,25,6,20,26,0,52,26,8,34,86
11/20/2021,MOT,ND,AGL,CE,Federal Contract Tower,10,10,3,0,23,0,0,36,0,36,10,10,39,0,59,68,0,68,127
11/21/2021,MOT,ND,AGL,CE,Federal Contract Tower,6,5,6,0,17,0,3,20,0,23,6,8,26,0,40,15,0,15,55
11/22/2021,MOT,ND,AGL,CE,Federal Contract Tower,12,4,8,0,24,0,2,16,0,18,12,6,24,0,42,38,4,42,84
11/23/2021,MOT,ND,AGL,CE,Federal Contract Tower,6,14,11,0,31,0,4,21,4,29,6,18,32,4,60,30,0,30,90
11/24/2021,MOT,ND,AGL,CE,Federal Contract Tower,8,16,4,0,28,0,0,2,0,2,8,16,6,0,30,0,0,0,30
11/25/2021,MOT,ND,AGL,CE,Federal Contract Tower,2,3,5,0,10,0,1,2,0,3,2,4,7,0,13,0,0,0,13
11/26/2021,MOT,ND,AGL,CE,Federal Contract Tower,9,15,2,0,26,0,1,30,0,31,9,16,32,0,57,44,0,44,101
11/27/2021,MOT,ND,AGL,CE,Federal Contract Tower,8,8,3,0,19,0,0,15,0,15,8,8,18,0,34,75,0,75,109
11/28/2021,MOT,ND,AGL,CE,Federal Contract Tower,6,3,7,0,16,0,0,7,0,7,6,3,14,0,23,15,0,15,38
11/29/2021,MOT,ND,AGL,CE,Federal Contract Tower,8,7,17,0,32,0,2,16,0,18,8,9,33,0,50,56,3,59,109
11/30/2021,MOT,ND,AGL,CE,Federal Contract Tower,6,10,6,0,22,0,0,20,0,20,6,10,26,0,42,9,8,17,59
12/01/2021,MOT,ND,AGL,CE,Federal Contract Tower,8,15,11,0,34,0,2,12,0,14,8,17,23,0,48,11,2,13,61
12/02/2021,MOT,ND,AGL,CE,Federal Contract Tower,10,11,10,0,31,0,0,15,0,15,10,11,25,0,46,24,4,28,74
12/03/2021,MOT,ND,AGL,CE,Federal Contract Tower,6,16,13,0,35,0,6,33,0,39,6,22,46,0,74,16,10,26,100
12/04/2021,MOT,ND,AGL,CE,Federal Contract Tower,6,12,1,0,19,0,0,12,0,12,6,12,13,0,31,43,0,43,74
12/05/2021,MOT,ND,AGL,CE,Federal Contract Tower,4,10,4,0,18,0,0,0,0,0,4,10,4,0,18,0,0,0,18
12/06/2021,MOT,ND,AGL,CE,Federal Contract Tower,7,10,8,0,25,0,0,5,8,13,7,10,13,8,38,2,2,4,42
12/07/2021,MOT,ND,AGL,CE,Federal Contract Tower,4,14,8,0,26,0,0,8,0,8,4,14,16,0,34,14,6,20,54
12/08/2021,MOT,ND,AGL,CE,Federal Contract Tower,6,14,18,0,38,0,0,5,0,5,6,14,23,0,43,34,10,44,87
12/09/2021,MOT,ND,AGL,CE,Federal Contract Tower,5,22,5,0,32,0,0,22,0,22,5,22,27,0,54,21,0,21,75
12/10/2021,MOT,ND,AGL,CE,Federal Contract Tower,8,12,12,0,32,0,1,21,0,22,8,13,33,0,54,28,0,28,82
12/11/2021,MOT,ND,AGL,CE,Federal Contract Tower,4,15,7,0,26,0,6,33,0,39,4,21,40,0,65,20,0,20,85
12/12/2021,MOT,ND,AGL,CE,Federal Contract Tower,4,5,7,0,16,0,0,16,0,16,4,5,23,0,32,36,0,36,68
12/13/2021,MOT,ND,AGL,CE,Federal Contract Tower,8,7,9,0,24,0,0,17,0,17,8,7,26,0,41,104,10,114,155
12/14/2021,MOT,ND,AGL,CE,Federal Contract Tower,4,20,9,0,33,0,0,20,0,20,4,20,29,0,53,28,20,48,101
12/15/2021,MOT,ND,AGL,CE,Federal Contract Tower,4,9,5,0,18,0,0,0,0,0,4,9,5,0,18,0,0,0,18
12/16/2021,MOT,ND,AGL,CE,Federal Contract Tower,6,18,14,2,40,0,0,14,0,14,6,18,28,2,54,2,0,2,56
12/17/2021,MOT,ND,AGL,CE,Federal Contract Tower,3,20,6,0,29,0,0,0,0,0,3,20,6,0,29,0,0,0,29
12/18/2021,MOT,ND,AGL,CE,Federal Contract Tower,5,20,3,0,28,0,0,23,0,23,5,20,26,0,51,2,0,2,53
12/19/2021,MOT,ND,AGL,CE,Federal Contract Tower,3,10,3,0,16,0,1,6,0,7,3,11,9,0,23,0,0,0,23
12/20/2021,MOT,ND,AGL,CE,Federal Contract Tower,6,13,8,0,27,0,2,10,0,12,6,15,18,0,39,0,8,8,47
12/21/2021,MOT,ND,AGL,CE,Federal Contract Tower,2,16,7,0,25,0,8,16,0,24,2,24,23,0,49,19,30,49,98
12/22/2021,MOT,ND,AGL,CE,Federal Contract Tower,8,9,13,0,30,0,4,11,0,15,8,13,24,0,45,27,0,27,72
12/23/2021,MOT,ND,AGL,CE,Federal Contract Tower,2,16,6,0,24,0,0,35,0,35,2,16,41,0,59,102,0,102,161
12/24/2021,MOT,ND,AGL,CE,Federal Contract Tower,4,13,6,0,23,0,1,1,0,2,4,14,7,0,25,2,0,2,27
12/25/2021,MOT,ND,AGL,CE,Federal Contract Tower,3,5,1,0,9,0,0,0,0,0,3,5,1,0,9,0,0,0,9
12/26/2021,MOT,ND,AGL,CE,Federal Contract Tower,3,4,3,0,10,0,0,0,0,0,3,4,3,0,10,0,0,0,10
12/27/2021,MOT,ND,AGL,CE,Federal Contract Tower,6,10,8,0,24,0,6,1,0,7,6,16,9,0,31,0,0,0,31
12/28/2021,MOT,ND,AGL,CE,Federal Contract Tower,5,16,7,0,28,0,0,3,0,3,5,16,10,0,31,0,0,0,31
12/29/2021,MOT,ND,AGL,CE,Federal Contract Tower,5,16,5,0,26,0,1,1,0,2,5,17,6,0,28,0,0,0,28
12/30/2021,MOT,ND,AGL,CE,Federal Contract Tower,2,17,1,0,20,0,0,0,0,0,2,17,1,0,20,0,0,0,20
12/31/2021,MOT,ND,AGL,CE,Federal Contract Tower,4,11,5,0,20,0,0,0,0,0,4,11,5,0,20,0,0,0,20
01/01/2022,MOT,ND,AGL,CE,Federal Contract Tower,1,6,3,0,10,0,0,0,0,0,1,6,3,0,10,0,0,0,10
01/02/2022,MOT,ND,AGL,CE,Federal Contract Tower,1,7,3,0,11,0,0,13,0,13,1,7,16,0,24,14,0,14,38
01/03/2022,MOT,ND,AGL,CE,Federal Contract Tower,2,11,6,0,19,0,0,6,0,6,2,11,12,0,25,24,0,24,49
01/04/2022,MOT,ND,AGL,CE,Federal Contract Tower,2,12,6,0,20,0,0,0,0,0,2,12,6,0,20,0,0,0,20
01/05/2022,MOT,ND,AGL,CE,Federal Contract Tower,6,14,8,0,28,0,0,1,0,1,6,14,9,0,29,0,12,12,41
01/06/2022,MOT,ND,AGL,CE,Federal Contract Tower,8,10,10,0,28,0,0,4,0,4,8,10,14,0,32,0,0,0,32
01/07/2022,MOT,ND,AGL,CE,Federal Contract Tower,5,8,16,0,29,0,0,4,0,4,5,8,20,0,33,0,0,0,33
01/08/2022,MOT,ND,AGL,CE,Federal Contract Tower,5,12,3,0,20,0,0,4,0,4,5,12,7,0,24,0,0,0,24
01/09/2022,MOT,ND,AGL,CE,Federal Contract Tower,4,4,5,0,13,0,0,7,0,7,4,4,12,0,20,10,0,10,30
01/10/2022,MOT,ND,AGL,CE,Federal Contract Tower,7,10,11,0,28,0,7,28,0,35,7,17,39,0,63,21,10,31,94
01/11/2022,MOT,ND,AGL,CE,Federal Contract Tower,4,19,8,0,31,0,4,4,0,8,4,23,12,0,39,6,2,8,47
01/12/2022,MOT,ND,AGL,CE,Federal Contract Tower,4,20,5,0,29,0,4,20,0,24,4,24,25,0,53,43,12,55,108
01/13/2022,MOT,ND,AGL,CE,Federal Contract Tower,9,13,6,0,28,0,0,0,0,0,9,13,6,0,28,0,0,0,28
01/14/2022,MOT,ND,AGL,CE,Federal Contract Tower,4,7,3,0,14,0,0,1,0,1,4,7,4,0,15,0,0,0,15
01/15/2022,MOT,ND,AGL,CE,Federal Contract Tower,4,8,2,0,14,0,6,2,0,8,4,14,4,0,22,0,0,0,22
01/16/2022,MOT,ND,AGL,CE,Federal Contract Tower,2,7,3,0,12,0,0,8,0,8,2,7,11,0,20,28,0,28,48
01/17/2022,MOT,ND,AGL,CE,Federal Contract Tower,8,7,9,0,24,0,2,9,0,11,8,9,18,0,35,7,0,7,42
01/18/2022,MOT,ND,AGL,CE,Federal Contract Tower,6,5,1,0,12,0,0,0,0,0,6,5,1,0,12,0,0,0,12
01/19/2022,MOT,ND,AGL,CE,Federal Contract Tower,5,14,9,0,28,0,0,11,0,11,5,14,20,0,39,6,0,6,45
01/20/2022,MOT,ND,AGL,CE,Federal Contract Tower,9,12,7,0,28,0,0,5,0,5,9,12,12,0,33,0,18,18,51
01/21/2022,MOT,ND,AGL,CE,Federal Contract Tower,3,15,1,0,19,0,0,3,0,3,3,15,4,0,22,10,0,10,32
01/22/2022,MOT,ND,AGL,CE,Federal Contract Tower,6,11,4,0,21,0,0,0,0,0,6,11,4,0,21,0,0,0,21
01/23/2022,MOT,ND,AGL,CE,Federal Contract Tower,4,4,5,0,13,0,4,2,0,6,4,8,7,0,19,0,0,0,19
01/24/2022,MOT,ND,AGL,CE,Federal Contract Tower,8,14,2,0,24,0,0,12,5,17,8,14,14,5,41,5,8,13,54
01/25/2022,MOT,ND,AGL,CE,Federal Contract Tower,4,10,8,0,22,0,0,9,0,9,4,10,17,0,31,19,8,27,58
01/26/2022,MOT,ND,AGL,CE,Federal Contract Tower,5,12,5,0,22,0,3,0,0,3,5,15,5,0,25,0,14,14,39
01/27/2022,MOT,ND,AGL,CE,Federal Contract Tower,8,11,15,0,34,0,0,14,0,14,8,11,29,0,48,2,2,4,52
01/28/2022,MOT,ND,AGL,CE,Federal Contract Tower,4,11,9,0,24,0,0,20,0,20,4,11,29,0,44,39,6,45,89
01/29/2022,MOT,ND,AGL,CE,Federal Contract Tower,4,12,9,0,25,0,11,19,0,30,4,23,28,0,55,82,0,82,137
01/30/2022,MOT,ND,AGL,CE,Federal Contract Tower,4,6,6,0,16,0,0,23,0,23,4,6,29,0,39,49,0,49,88
01/31/2022,MOT,ND,AGL,CE,Federal Contract Tower,8,6,8,0,22,0,3,7,0,10,8,9,15,0,32,10,0,10,42
02/01/2022,MOT,ND,AGL,CE,Federal Contract Tower,5,12,4,0,21,0,0,0,0,0,5,12,4,0,21,0,0,0,21
02/02/2022,MOT,ND,AGL,CE,Federal Contract Tower,4,12,11,0,27,0,0,7,0,7,4,12,18,0,34,2,6,8,42
02/03/2022,MOT,ND,AGL,CE,Federal Contract Tower,10,11,11,0,32,0,3,7,0,10,10,14,18,0,42,6,0,6,48
02/04/2022,MOT,ND,AGL,CE,Federal Contract Tower,4,10,4,0,18,0,4,1,2,7,4,14,5,2,25,12,0,12,37
02/05/2022,MOT,ND,AGL,CE,Federal Contract Tower,6,10,4,0,20,0,6,0,0,6,6,16,4,0,26,0,0,0,26
02/06/2022,MOT,ND,AGL,CE,Federal Contract Tower,3,5,5,0,13,0,0,12,0,12,3,5,17,0,25,19,0,19,44
02/07/2022,MOT,ND,AGL,CE,Federal Contract Tower,15,16,6,0,37,0,0,21,0,21,15,16,27,0,58,79,30,109,167
02/08/2022,MOT,ND,AGL,CE,Federal Contract Tower,4,9,5,0,18,0,0,4,0,4,4,9,9,0,22,0,4,4,26
02/09/2022,MOT,ND,AGL,CE,Federal Contract Tower,4,20,9,0,33,0,0,7,0,7,4,20,16,0,40,39,8,47,87
02/10/2022,MOT,ND,AGL,CE,Federal Contract Tower,8,12,6,0,26,0,0,0,0,0,8,12,6,0,26,0,30,30,56
02/11/2022,MOT,ND,AGL,CE,Federal Contract Tower,4,9,5,0,18,0,0,7,0,7,4,9,12,0,25,0,0,0,25
02/12/2022,MOT,ND,AGL,CE,Federal Contract Tower,4,10,7,0,21,0,0,3,0,3,4,10,10,0,24,2,0,2,26
02/13/2022,MOT,ND,AGL,CE,Federal Contract Tower,2,6,2,0,10,0,0,2,0,2,2,6,4,0,12,0,0,0,12
02/14/2022,MOT,ND,AGL,CE,Federal Contract Tower,10,6,4,0,20,0,0,17,0,17,10,6,21,0,37,0,8,8,45
02/15/2022,MOT,ND,AGL,CE,Federal Contract Tower,4,17,15,0,36,0,6,5,0,11,4,23,20,0,47,16,34,50,97
02/16/2022,MOT,ND,AGL,CE,Federal Contract Tower,6,21,9,0,36,0,5,2,0,7,6,26,11,0,43,6,2,8,51
02/17/2022,MOT,ND,AGL,CE,Federal Contract Tower,8,14,19,0,41,0,0,4,0,4,8,14,23,0,45,0,16,16,61
02/18/2022,MOT,ND,AGL,CE,Federal Contract Tower,4,11,6,0,21,0,0,2,0,2,4,11,8,0,23,4,0,4,27
02/19/2022,MOT,ND,AGL,CE,Federal Contract Tower,8,13,5,0,26,0,0,6,0,6,8,13,11,0,32,17,0,17,49
02/20/2022,MOT,ND,AGL,CE,Federal Contract Tower,5,7,17,0,29,0,0,6,0,6,5,7,23,0,35,0,0,0,35
02/21/2022,MOT,ND,AGL,CE,Federal Contract Tower,6,6,0,0,12,0,0,1,0,1,6,6,1,0,13,0,0,0,13
02/22/2022,MOT,ND,AGL,CE,Federal Contract Tower,6,12,8,0,26,0,0,5,0,5,6,12,13,0,31,0,6,6,37
02/23/2022,MOT,ND,AGL,CE,Federal Contract Tower,7,16,4,0,27,0,4,8,0,12,7,20,12,0,39,8,0,8,47
02/24/2022,MOT,ND,AGL,CE,Federal Contract Tower,11,13,8,0,32,0,3,11,0,14,11,16,19,0,46,14,12,26,72
02/25/2022,MOT,ND,AGL,CE,Federal Contract Tower,6,13,10,0,29,0,0,14,0,14,6,13,24,0,43,22,6,28,71
02/26/2022,MOT,ND,AGL,CE,Federal Contract Tower,6,11,4,0,21,0,0,26,0,26,6,11,30,0,47,28,0,28,75
02/27/2022,MOT,ND,AGL,CE,Federal Contract Tower,6,4,8,0,18,0,0,16,0,16,6,4,24,0,34,104,0,104,138
02/28/2022,MOT,ND,AGL,CE,Federal Contract Tower,7,7,17,0,31,0,0,7,0,7,7,7,24,0,38,0,8,8,46
03/01/2022,MOT,ND,AGL,CE,Federal Contract Tower,5,20,2,0,27,0,0,0,0,0,5,20,2,0,27,0,0,0,27
03/02/2022,MOT,ND,AGL,CE,Federal Contract Tower,4,17,17,0,38,0,2,4,0,6,4,19,21,0,44,20,20,40,84
03/03/2022,MOT,ND,AGL,CE,Federal Contract Tower,4,20,11,0,35,0,0,12,0,12,4,20,23,0,47,22,0,22,69
03/04/2022,MOT,ND,AGL,CE,Federal Contract Tower,1,14,7,0,22,0,0,2,0,2,1,14,9,0,24,0,4,4,28
03/05/2022,MOT,ND,AGL,CE,Federal Contract Tower,6,14,0,0,20,0,0,0,0,0,6,14,0,0,20,0,0,0,20
03/06/2022,MOT,ND,AGL,CE,Federal Contract Tower,2,7,2,0,11,0,0,17,0,17,2,7,19,0,28,62,0,62,90
03/07/2022,MOT,ND,AGL,CE,Federal Contract Tower,4,8,9,0,21,0,1,18,0,19,4,9,27,0,40,26,4,30,70
03/08/2022,MOT,ND,AGL,CE,Federal Contract Tower,4,16,9,0,29,0,0,0,0,0,4,16,9,0,29,0,0,0,29
03/09/2022,MOT,ND,AGL,CE,Federal Contract Tower,3,16,11,0,30,0,0,14,0,14,3,16,25,0,44,13,16,29,73
03/10/2022,MOT,ND,AGL,CE,Federal Contract Tower,6,16,5,0,27,0,0,4,0,4,6,16,9,0,31,0,20,20,51
03/11/2022,MOT,ND,AGL,CE,Federal Contract Tower,2,10,15,0,27,0,2,11,0,13,2,12,26,0,40,4,37,41,81
03/12/2022,MOT,ND,AGL,CE,Federal Contract Tower,4,12,11,0,27,0,1,7,0,8,4,13,18,0,35,59,0,59,94
03/13/2022,MOT,ND,AGL,CE,Federal Contract Tower,3,8,6,0,17,0,0,18,0,18,3,8,24,0,35,49,0,49,84
03/14/2022,MOT,ND,AGL,CE,Federal Contract Tower,4,12,11,0,27,0,0,12,0,12,4,12,23,0,39,42,9,51,90
03/15/2022,MOT,ND,AGL,CE,Federal Contract Tower,4,17,10,2,33,0,0,26,0,26,4,17,36,2,59,88,58,146,205
03/16/2022,MOT,ND,AGL,CE,Federal Contract Tower,4,15,6,0,25,0,0,5,0,5,4,15,11,0,30,45,16,61,91
03/17/2022,MOT,ND,AGL,CE,Federal Contract Tower,5,19,7,0,31,0,1,24,0,25,5,20,31,0,56,73,11,84,140
03/18/2022,MOT,ND,AGL,CE,Federal Contract Tower,2,14,6,0,22,0,0,21,0,21,2,14,27,0,43,81,4,85,128
03/19/2022,MOT,ND,AGL,CE,Federal Contract Tower,4,20,4,0,28,0,5,65,0,70,4,25,69,0,98,112,0,112,210
03/20/2022,MOT,ND,AGL,CE,Federal Contract Tower,3,6,7,0,16,0,3,16,0,19,3,9,23,0,35,70,0,70,105
03/21/2022,MOT,ND,AGL,CE,Federal Contract Tower,4,10,13,0,27,0,0,3,0,3,4,10,16,0,30,13,54,67,97
03/22/2022,MOT,ND,AGL,CE,Federal Contract Tower,4,21,8,0,33,0,6,5,2,13,4,27,13,2,46,7,4,11,57
03/23/2022,MOT,ND,AGL,CE,Federal Contract Tower,2,19,8,0,29,0,0,31,0,31,2,19,39,0,60,36,18,54,114
03/24/2022,MOT,ND,AGL,CE,Federal Contract Tower,5,16,7,0,28,0,0,14,0,14,5,16,21,0,42,2,6,8,50
03/25/2022,MOT,ND,AGL,CE,Federal Contract Tower,2,14,5,0,21,0,0,0,0,0,2,14,5,0,21,0,0,0,21
03/26/2022,MOT,ND,AGL,CE,Federal Contract Tower,6,9,7,0,22,0,2,32,0,34,6,11,39,0,56,41,0,41,97
03/27/2022,MOT,ND,AGL,CE,Federal Contract Tower,3,6,2,0,11,0,3,29,0,32,3,9,31,0,43,50,0,50,93
03/28/2022,MOT,ND,AGL,CE,Federal Contract Tower,4,13,7,0,24,0,8,15,0,23,4,21,22,0,47,9,10,19,66
03/29/2022,MOT,ND,AGL,CE,Federal Contract Tower,4,20,8,0,32,0,0,7,0,7,4,20,15,0,39,24,2,26,65
03/30/2022,MOT,ND,AGL,CE,Federal Contract Tower,2,15,9,0,26,0,0,17,0,17,2,15,26,0,43,73,2,75,118
03/31/2022,MOT,ND,AGL,CE,Federal Contract Tower,6,15,6,0,27,0,0,31,6,37,6,15,37,6,64,52,5,57,121
04/01/2022,MOT,ND,AGL,CE,Federal Contract Tower,2,13,8,0,23,0,2,7,0,9,2,15,15,0,32,26,6,32,64
04/02/2022,MOT,ND,AGL,CE,Federal Contract Tower,6,9,3,0,18,0,1,41,0,42,6,10,44,0,60,61,0,61,121
04/03/2022,MOT,ND,AGL,CE,Federal Contract Tower,2,5,5,0,12,0,0,4,0,4,2,5,9,0,16,42,0,42,58
04/04/2022,MOT,ND,AGL,CE,Federal Contract Tower,4,10,12,0,26,0,0,12,0,12,4,10,24,0,38,8,35,43,81
04/05/2022,MOT,ND,AGL,CE,Federal Contract Tower,4,14,8,0,26,0,0,7,0,7,4,14,15,0,33,2,8,10,43
04/06/2022,MOT,ND,AGL,CE,Federal Contract Tower,2,16,10,0,28,0,0,3,0,3,2,16,13,0,31,0,12,12,43
04/07/2022,MOT,ND,AGL,CE,Federal Contract Tower,4,15,3,0,22,0,5,4,1,10,4,20,7,1,32,0,4,4,36
04/08/2022,MOT,ND,AGL,CE,Federal Contract Tower,2,12,5,0,19,0,4,42,0,46,2,16,47,0,65,138,0,138,203
04/09/2022,MOT,ND,AGL,CE,Federal Contract Tower,6,11,3,0,20,0,0,41,0,41,6,11,44,0,61,38,0,38,99
04/10/2022,MOT,ND,AGL,CE,Federal Contract Tower,4,6,7,0,17,0,5,22,0,27,4,11,29,0,44,53,0,53,97
04/11/2022,MOT,ND,AGL,CE,Federal Contract Tower,6,8,16,2,32,0,1,16,0,17,6,9,32,2,49,6,46,52,101
04/12/2022,MOT,ND,AGL,CE,Federal Contract Tower,0,10,2,0,12,0,0,0,0,0,0,10,2,0,12,0,0,0,12
04/13/2022,MOT,ND,AGL,CE,Federal Contract Tower,0,0,0,0,0,0,0,0,0,0,0,0,0,0,0,0,0,0,0
04/14/2022,MOT,ND,AGL,CE,Federal Contract Tower,0,0,0,0,0,0,0,0,0,0,0,0,0,0,0,0,0,0,0
04/15/2022,MOT,ND,AGL,CE,Federal Contract Tower,0,5,2,0,7,0,4,0,0,4,0,9,2,0,11,0,0,0,11
04/16/2022,MOT,ND,AGL,CE,Federal Contract Tower,8,9,4,0,21,0,0,18,0,18,8,9,22,0,39,31,0,31,70
04/17/2022,MOT,ND,AGL,CE,Federal Contract Tower,3,5,0,0,8,0,0,0,0,0,3,5,0,0,8,0,0,0,8
04/18/2022,MOT,ND,AGL,CE,Federal Contract Tower,6,17,8,0,31,0,0,12,0,12,6,17,20,0,43,38,0,38,81
04/19/2022,MOT,ND,AGL,CE,Federal Contract Tower,6,16,5,0,27,0,0,4,0,4,6,16,9,0,31,28,4,32,63
04/20/2022,MOT,ND,AGL,CE,Federal Contract Tower,2,13,12,0,27,0,0,18,4,22,2,13,30,4,49,24,2,26,75
04/21/2022,MOT,ND,AGL,CE,Federal Contract Tower,6,12,11,0,29,0,0,21,0,21,6,12,32,0,50,20,2,22,72
04/22/2022,MOT,ND,AGL,CE,Federal Contract Tower,4,12,2,0,18,0,0,0,0,0,4,12,2,0,18,0,0,0,18
04/23/2022,MOT,ND,AGL,CE,Federal Contract Tower,2,2,0,0,4,0,0,0,0,0,2,2,0,0,4,0,0,0,4
04/24/2022,MOT,ND,AGL,CE,Federal Contract Tower,6,7,7,0,20,0,0,0,0,0,6,7,7,0,20,0,2,2,22
04/25/2022,MOT,ND,AGL,CE,Federal Contract Tower,7,14,5,0,26,0,0,5,0,5,7,14,10,0,31,0,24,24,55
04/26/2022,MOT,ND,AGL,CE,Federal Contract Tower,4,14,5,0,23,0,2,15,0,17,4,16,20,0,40,29,6,35,75
04/27/2022,MOT,ND,AGL,CE,Federal Contract Tower,2,15,4,0,21,0,2,13,0,15,2,17,17,0,36,27,10,37,73
04/28/2022,MOT,ND,AGL,CE,Federal Contract Tower,8,10,4,0,22,0,2,23,0,25,8,12,27,0,47,75,0,75,122
04/29/2022,MOT,ND,AGL,CE,Federal Contract Tower,6,12,7,0,25,0,0,5,0,5,6,12,12,0,30,8,10,18,48
04/30/2022,MOT,ND,AGL,CE,Federal Contract Tower,4,12,1,0,17,0,0,5,0,5,4,12,6,0,22,20,0,20,42
05/01/2022,MOT,ND,AGL,CE,Federal Contract Tower,6,5,3,0,14,0,4,11,3,18,6,9,14,3,32,10,0,10,42
05/02/2022,MOT,ND,AGL,CE,Federal Contract Tower,6,10,5,0,21,0,0,20,0,20,6,10,25,0,41,32,10,42,83
05/03/2022,MOT,ND,AGL,CE,Federal Contract Tower,4,20,8,0,32,0,0,7,0,7,4,20,15,0,39,47,32,79,118
05/04/2022,MOT,ND,AGL,CE,Federal Contract Tower,2,16,6,0,24,0,0,27,0,27,2,16,33,0,51,50,6,56,107
05/05/2022,MOT,ND,AGL,CE,Federal Contract Tower,6,17,12,0,35,0,2,38,0,40,6,19,50,0,75,32,36,68,143
05/06/2022,MOT,ND,AGL,CE,Federal Contract Tower,4,16,11,0,31,0,2,15,0,17,4,18,26,0,48,13,2,15,63
05/07/2022,MOT,ND,AGL,CE,Federal Contract Tower,6,10,3,0,19,0,0,22,0,22,6,10,25,0,41,28,0,28,69
05/08/2022,MOT,ND,AGL,CE,Federal Contract Tower,6,5,4,0,15,0,4,25,0,29,6,9,29,0,44,78,0,78,122
05/09/2022,MOT,ND,AGL,CE,Federal Contract Tower,6,8,19,0,33,0,0,1,0,1,6,8,20,0,34,0,0,0,34
05/10/2022,MOT,ND,AGL,CE,Federal Contract Tower,5,16,12,2,35,0,0,33,0,33,5,16,45,2,68,44,33,77,145
05/11/2022,MOT,ND,AGL,CE,Federal Contract Tower,4,16,13,0,33,0,2,17,0,19,4,18,30,0,52,13,3,16,68
05/12/2022,MOT,ND,AGL,CE,Federal Contract Tower,6,13,11,0,30,0,1,7,0,8,6,14,18,0,38,0,0,0,38
05/13/2022,MOT,ND,AGL,CE,Federal Contract Tower,4,13,3,0,20,0,0,1,0,1,4,13,4,0,21,0,0,0,21
05/14/2022,MOT,ND,AGL,CE,Federal Contract Tower,6,9,5,0,20,0,0,18,0,18,6,9,23,0,38,11,0,11,49
05/15/2022,MOT,ND,AGL,CE,Federal Contract Tower,4,7,3,0,14,0,0,22,0,22,4,7,25,0,36,43,0,43,79
05/16/2022,MOT,ND,AGL,CE,Federal Contract Tower,6,8,9,0,23,0,2,34,2,38,6,10,43,2,61,53,0,53,114
05/17/2022,MOT,ND,AGL,CE,Federal Contract Tower,4,13,5,0,22,0,12,16,0,28,4,25,21,0,50,17,36,53,103
05/18/2022,MOT,ND,AGL,CE,Federal Contract Tower,4,15,16,0,35,0,20,10,0,30,4,35,26,0,65,0,0,0,65
05/19/2022,MOT,ND,AGL,CE,Federal Contract Tower,6,15,9,0,30,0,6,36,0,42,6,21,45,0,72,25,0,25,97
05/20/2022,MOT,ND,AGL,CE,Federal Contract Tower,4,17,11,0,32,0,4,1,0,5,4,21,12,0,37,0,4,4,41
05/21/2022,MOT,ND,AGL,CE,Federal Contract Tower,4,13,2,0,19,0,15,48,0,63,4,28,50,0,82,20,0,20,102
05/22/2022,MOT,ND,AGL,CE,Federal Contract Tower,4,6,7,0,17,0,12,41,0,53,4,18,48,0,70,55,0,55,125
05/23/2022,MOT,ND,AGL,CE,Federal Contract Tower,7,10,4,0,21,0,19,31,0,50,7,29,35,0,71,65,0,65,136
05/24/2022,MOT,ND,AGL,CE,Federal Contract Tower,4,13,12,0,29,0,8,38,0,46,4,21,50,0,75,80,0,80,155
05/25/2022,MOT,ND,AGL,CE,Federal Contract Tower,4,17,21,0,42,0,14,17,0,31,4,31,38,0,73,94,4,98,171
05/26/2022,MOT,ND,AGL,CE,Federal Contract Tower,6,15,4,0,25,0,6,45,0,51,6,21,49,0,76,54,8,62,138
05/27/2022,MOT,ND,AGL,CE,Federal Contract Tower,5,12,10,0,27,0,9,40,0,49,5,21,50,0,76,108,0,108,184
05/28/2022,MOT,ND,AGL,CE,Federal Contract Tower,6,10,5,0,21,0,9,31,0,40,6,19,36,0,61,81,0,81,142
05/29/2022,MOT,ND,AGL,CE,Federal Contract Tower,2,6,2,0,10,0,1,5,0,6,2,7,7,0,16,40,0,40,56
05/30/2022,MOT,ND,AGL,CE,Federal Contract Tower,5,7,2,0,14,0,0,0,0,0,5,7,2,0,14,0,0,0,14
05/31/2022,MOT,ND,AGL,CE,Federal Contract Tower,4,14,10,0,28,0,0,4,0,4,4,14,14,0,32,13,10,23,55
06/01/2022,MOT,ND,AGL,CE,Federal Contract Tower,4,11,12,0,27,0,4,32,0,36,4,15,44,0,63,0,2,2,65
06/02/2022,MOT,ND,AGL,CE,Federal Contract Tower,5,16,7,0,28,0,8,14,2,24,5,24,21,2,52,0,8,8,60
06/03/2022,MOT,ND,AGL,CE,Federal Contract Tower,4,15,7,0,26,0,16,35,0,51,4,31,42,0,77,72,5,77,154
06/04/2022,MOT,ND,AGL,CE,Federal Contract Tower,6,7,7,0,20,0,9,47,0,56,6,16,54,0,76,106,0,106,182
06/05/2022,MOT,ND,AGL,CE,Federal Contract Tower,4,3,10,0,17,0,4,27,0,31,4,7,37,0,48,106,0,106,154
06/06/2022,MOT,ND,AGL,CE,Federal Contract Tower,4,5,13,0,22,0,0,21,0,21,4,5,34,0,43,101,0,101,144
06/07/2022,MOT,ND,AGL,CE,Federal Contract Tower,9,13,7,0,29,0,2,27,0,29,9,15,34,0,58,93,0,93,151
06/08/2022,MOT,ND,AGL,CE,Federal Contract Tower,5,16,10,1,32,0,2,15,0,17,5,18,25,1,49,78,2,80,129
06/09/2022,MOT,ND,AGL,CE,Federal Contract Tower,6,15,8,0,29,0,8,14,0,22,6,23,22,0,51,54,0,54,105
06/10/2022,MOT,ND,AGL,CE,Federal Contract Tower,6,12,18,0,36,0,0,17,0,17,6,12,35,0,53,64,4,68,121
06/11/2022,MOT,ND,AGL,CE,Federal Contract Tower,6,12,4,0,22,0,7,21,0,28,6,19,25,0,50,124,0,124,174
06/12/2022,MOT,ND,AGL,CE,Federal Contract Tower,6,6,6,0,18,0,2,28,0,30,6,8,34,0,48,68,0,68,116
06/13/2022,MOT,ND,AGL,CE,Federal Contract Tower,8,8,6,0,22,0,0,9,0,9,8,8,15,0,31,26,18,44,75
06/14/2022,MOT,ND,AGL,CE,Federal Contract Tower,6,16,22,0,44,0,0,6,0,6,6,16,28,0,50,34,0,34,84
06/15/2022,MOT,ND,AGL,CE,Federal Contract Tower,7,20,16,0,43,0,0,1,0,1,7,20,17,0,44,0,0,0,44
06/16/2022,MOT,ND,AGL,CE,Federal Contract Tower,7,12,8,0,27,0,2,14,0,16,7,14,22,0,43,34,6,40,83
06/17/2022,MOT,ND,AGL,CE,Federal Contract Tower,6,14,14,0,34,0,0,13,0,13,6,14,27,0,47,44,36,80,127
06/18/2022,MOT,ND,AGL,CE,Federal Contract Tower,5,9,8,0,22,0,4,26,0,30,5,13,34,0,52,43,0,43,95
06/19/2022,MOT,ND,AGL,CE,Federal Contract Tower,7,6,7,0,20,0,0,32,0,32,7,6,39,0,52,59,0,59,111
06/20/2022,MOT,ND,AGL,CE,Federal Contract Tower,7,11,8,0,26,0,7,9,0,16,7,18,17,0,42,37,0,37,79
06/21/2022,MOT,ND,AGL,CE,Federal Contract Tower,5,14,7,4,30,0,0,9,0,9,5,14,16,4,39,18,0,18,57
06/22/2022,MOT,ND,AGL,CE,Federal Contract Tower,7,9,9,0,25,0,5,31,0,36,7,14,40,0,61,45,8,53,114
06/23/2022,MOT,ND,AGL,CE,Federal Contract Tower,7,12,5,0,24,0,3,35,0,38,7,15,40,0,62,73,6,79,141
06/24/2022,MOT,ND,AGL,CE,Federal Contract Tower,6,10,6,0,22,0,5,33,3,41,6,15,39,3,63,24,6,30,93
06/25/2022,MOT,ND,AGL,CE,Federal Contract Tower,5,9,2,0,16,0,0,7,0,7,5,9,9,0,23,0,0,0,23
06/26/2022,MOT,ND,AGL,CE,Federal Contract Tower,7,2,8,0,17,0,2,24,0,26,7,4,32,0,43,49,0,49,92
06/27/2022,MOT,ND,AGL,CE,Federal Contract Tower,8,5,1,0,14,0,6,27,0,33,8,11,28,0,47,30,4,34,81
06/28/2022,MOT,ND,AGL,CE,Federal Contract Tower,6,8,8,0,22,0,1,29,0,30,6,9,37,0,52,11,24,35,87
06/29/2022,MOT,ND,AGL,CE,Federal Contract Tower,6,10,10,0,26,0,1,38,0,39,6,11,48,0,65,102,62,164,229
06/30/2022,MOT,ND,AGL,CE,Federal Contract Tower,7,11,7,0,25,0,4,23,0,27,7,15,30,0,52,44,27,71,123
07/01/2022,MOT,ND,AGL,CE,Federal Contract Tower,6,9,6,0,21,0,11,27,0,38,6,20,33,0,59,46,0,46,105
07/02/2022,MOT,ND,AGL,CE,Federal Contract Tower,6,9,7,0,22,0,5,32,0,37,6,14,39,0,59,54,0,54,113
07/03/2022,MOT,ND,AGL,CE,Federal Contract Tower,4,5,2,0,11,0,8,30,0,38,4,13,32,0,49,43,0,43,92
07/04/2022,MOT,ND,AGL,CE,Federal Contract Tower,6,3,0,0,9,0,1,7,0,8,6,4,7,0,17,30,0,30,47
07/05/2022,MOT,ND,AGL,CE,Federal Contract Tower,6,5,13,0,24,0,13,5,0,18,6,18,18,0,42,2,0,2,44
07/06/2022,MOT,ND,AGL,CE,Federal Contract Tower,4,8,7,0,19,0,13,30,0,43,4,21,37,0,62,70,31,101,163
07/07/2022,MOT,ND,AGL,CE,Federal Contract Tower,5,18,14,0,37,0,8,19,0,27,5,26,33,0,64,2,14,16,80
07/08/2022,MOT,ND,AGL,CE,Federal Contract Tower,4,13,9,0,26,0,46,30,0,76,4,59,39,0,102,60,4,64,166
07/09/2022,MOT,ND,AGL,CE,Federal Contract Tower,8,9,2,0,19,0,108,28,0,136,8,117,30,0,155,79,0,79,234
07/10/2022,MOT,ND,AGL,CE,Federal Contract Tower,6,2,1,0,9,0,97,37,0,134,6,99,38,0,143,54,0,54,197
07/11/2022,MOT,ND,AGL,CE,Federal Contract Tower,8,9,8,0,25,0,5,48,0,53,8,14,56,0,78,38,8,46,124
07/12/2022,MOT,ND,AGL,CE,Federal Contract Tower,6,18,13,0,37,0,3,119,0,122,6,21,132,0,159,62,2,64,223
07/13/2022,MOT,ND,AGL,CE,Federal Contract Tower,6,13,10,0,29,0,4,114,0,118,6,17,124,0,147,51,2,53,200
07/14/2022,MOT,ND,AGL,CE,Federal Contract Tower,6,12,13,0,31,0,12,83,0,95,6,24,96,0,126,65,6,71,197
07/15/2022,MOT,ND,AGL,CE,Federal Contract Tower,7,11,9,1,28,0,2,112,0,114,7,13,121,1,142,55,4,59,201
07/16/2022,MOT,ND,AGL,CE,Federal Contract Tower,6,13,17,0,36,0,0,179,0,179,6,13,196,0,215,42,0,42,257
07/17/2022,MOT,ND,AGL,CE,Federal Contract Tower,7,3,7,2,19,0,0,155,0,155,7,3,162,2,174,53,0,53,227
07/18/2022,MOT,ND,AGL,CE,Federal Contract Tower,10,11,11,0,32,0,4,161,0,165,10,15,172,0,197,33,8,41,238
07/19/2022,MOT,ND,AGL,CE,Federal Contract Tower,7,11,9,0,27,0,0,21,0,21,7,11,30,0,48,2,2,4,52
07/20/2022,MOT,ND,AGL,CE,Federal Contract Tower,6,12,16,0,34,0,0,157,0,157,6,12,173,0,191,47,10,57,248
07/21/2022,MOT,ND,AGL,CE,Federal Contract Tower,10,11,12,0,33,0,0,156,2,158,10,11,168,2,191,95,0,95,286
07/22/2022,MOT,ND,AGL,CE,Federal Contract Tower,6,6,14,0,26,0,3,122,0,125,6,9,136,0,151,100,0,100,251
07/23/2022,MOT,ND,AGL,CE,Federal Contract Tower,6,11,8,0,25,0,2,77,0,79,6,13,85,0,104,54,0,54,158
07/24/2022,MOT,ND,AGL,CE,Federal Contract Tower,6,4,9,0,19,0,0,106,0,106,6,4,115,0,125,85,0,85,210
07/25/2022,MOT,ND,AGL,CE,Federal Contract Tower,8,6,22,0,36,0,0,56,0,56,8,6,78,0,92,62,0,62,154
07/26/2022,MOT,ND,AGL,CE,Federal Contract Tower,6,15,12,0,33,0,1,47,0,48,6,16,59,0,81,44,0,44,125
07/27/2022,MOT,ND,AGL,CE,Federal Contract Tower,7,11,17,0,35,0,6,39,0,45,7,17,56,0,80,41,8,49,129
07/28/2022,MOT,ND,AGL,CE,Federal Contract Tower,8,11,22,0,41,0,2,52,0,54,8,13,74,0,95,70,42,112,207
07/29/2022,MOT,ND,AGL,CE,Federal Contract Tower,6,10,14,0,30,0,0,55,0,55,6,10,69,0,85,118,0,118,203
07/30/2022,MOT,ND,AGL,CE,Federal Contract Tower,6,9,2,0,17,0,0,54,0,54,6,9,56,0,71,106,0,106,177
07/31/2022,MOT,ND,AGL,CE,Federal Contract Tower,6,5,11,0,22,0,0,19,0,19,6,5,30,0,41,65,0,65,106
08/01/2022,MOT,ND,AGL,CE,Federal Contract Tower,7,8,14,0,29,0,0,48,0,48,7,8,62,0,77,106,14,120,197
08/02/2022,MOT,ND,AGL,CE,Federal Contract Tower,6,10,3,0,19,0,6,37,0,43,6,16,40,0,62,26,0,26,88
08/03/2022,MOT,ND,AGL,CE,Federal Contract Tower,8,11,12,0,31,0,4,47,0,51,8,15,59,0,82,82,8,90,172
08/04/2022,MOT,ND,AGL,CE,Federal Contract Tower,8,13,11,0,32,0,2,23,2,27,8,15,34,2,59,55,2,57,116
08/05/2022,MOT,ND,AGL,CE,Federal Contract Tower,6,9,3,0,18,0,0,52,0,52,6,9,55,0,70,95,2,97,167
08/06/2022,MOT,ND,AGL,CE,Federal Contract Tower,6,15,9,0,30,0,0,38,0,38,6,15,47,0,68,70,0,70,138
08/07/2022,MOT,ND,AGL,CE,Federal Contract Tower,6,3,6,0,15,0,0,28,0,28,6,3,34,0,43,73,0,73,116
08/08/2022,MOT,ND,AGL,CE,Federal Contract Tower,8,5,8,0,21,0,3,37,0,40,8,8,45,0,61,100,32,132,193
08/09/2022,MOT,ND,AGL,CE,Federal Contract Tower,6,15,13,0,34,0,1,15,0,16,6,16,28,0,50,64,2,66,116
08/10/2022,MOT,ND,AGL,CE,Federal Contract Tower,6,12,12,0,30,0,0,28,0,28,6,12,40,0,58,59,6,65,123
08/11/2022,MOT,ND,AGL,CE,Federal Contract Tower,7,9,8,0,24,0,0,21,0,21,7,9,29,0,45,106,4,110,155
08/12/2022,MOT,ND,AGL,CE,Federal Contract Tower,6,9,12,0,27,0,1,44,0,45,6,10,56,0,72,73,0,73,145
08/13/2022,MOT,ND,AGL,CE,Federal Contract Tower,6,9,3,0,18,0,1,33,0,34,6,10,36,0,52,11,0,11,63
08/14/2022,MOT,ND,AGL,CE,Federal Contract Tower,6,3,4,0,13,0,1,26,0,27,6,4,30,0,40,36,0,36,76
08/15/2022,MOT,ND,AGL,CE,Federal Contract Tower,8,6,15,0,29,0,0,14,0,14,8,6,29,0,43,93,10,103,146
08/16/2022,MOT,ND,AGL,CE,Federal Contract Tower,6,14,7,0,27,0,1,38,0,39,6,15,45,0,66,65,2,67,133
08/17/2022,MOT,ND,AGL,CE,Federal Contract Tower,6,13,15,0,34,0,2,25,0,27,6,15,40,0,61,93,2,95,156
08/18/2022,MOT,ND,AGL,CE,Federal Contract Tower,10,10,11,0,31,0,4,31,0,35,10,14,42,0,66,37,29,66,132
08/19/2022,MOT,ND,AGL,CE,Federal Contract Tower,4,11,13,0,28,0,0,32,0,32,4,11,45,0,60,37,4,41,101
08/20/2022,MOT,ND,AGL,CE,Federal Contract Tower,4,14,2,0,20,0,0,54,0,54,4,14,56,0,74,47,4,51,125
08/21/2022,MOT,ND,AGL,CE,Federal Contract Tower,6,4,2,0,12,0,4,33,0,37,6,8,35,0,49,25,0,25,74
08/22/2022,MOT,ND,AGL,CE,Federal Contract Tower,8,9,7,0,24,0,6,10,0,16,8,15,17,0,40,43,0,43,83
08/23/2022,MOT,ND,AGL,CE,Federal Contract Tower,6,14,17,0,37,0,0,18,0,18,6,14,35,0,55,20,12,32,87
08/24/2022,MOT,ND,AGL,CE,Federal Contract Tower,6,11,9,0,26,0,0,8,0,8,6,11,17,0,34,105,10,115,149
08/25/2022,MOT,ND,AGL,CE,Federal Contract Tower,8,10,12,0,30,0,3,39,0,42,8,13,51,0,72,108,0,108,180
08/26/2022,MOT,ND,AGL,CE,Federal Contract Tower,6,10,8,0,24,0,10,24,0,34,6,20,32,0,58,52,10,62,120
08/27/2022,MOT,ND,AGL,CE,Federal Contract Tower,4,8,10,0,22,0,0,29,0,29,4,8,39,0,51,18,0,18,69
08/28/2022,MOT,ND,AGL,CE,Federal Contract Tower,6,6,9,0,21,0,4,15,0,19,6,10,24,0,40,17,0,17,57
08/29/2022,MOT,ND,AGL,CE,Federal Contract Tower,8,8,6,0,22,1,5,11,0,17,9,13,17,0,39,9,4,13,52
08/30/2022,MOT,ND,AGL,CE,Federal Contract Tower,6,12,10,0,28,0,0,57,0,57,6,12,67,0,85,93,34,127,212
08/31/2022,MOT,ND,AGL,CE,Federal Contract Tower,6,11,9,0,26,0,0,33,0,33,6,11,42,0,59,135,0,135,194
09/01/2022,MOT,ND,AGL,CE,Federal Contract Tower,8,9,15,0,32,0,3,31,0,34,8,12,46,0,66,28,24,52,118
09/02/2022,MOT,ND,AGL,CE,Federal Contract Tower,8,7,14,0,29,0,6,32,0,38,8,13,46,0,67,56,0,56,123
09/03/2022,MOT,ND,AGL,CE,Federal Contract Tower,4,12,14,0,30,0,6,38,0,44,4,18,52,0,74,34,0,34,108
09/04/2022,MOT,ND,AGL,CE,Federal Contract Tower,4,3,10,0,17,0,4,13,0,17,4,7,23,0,34,8,0,8,42
09/05/2022,MOT,ND,AGL,CE,Federal Contract Tower,10,5,8,0,23,0,0,31,0,31,10,5,39,0,54,46,0,46,100
09/06/2022,MOT,ND,AGL,CE,Federal Contract Tower,4,13,10,3,30,0,1,26,2,29,4,14,36,5,59,112,4,116,175
09/07/2022,MOT,ND,AGL,CE,Federal Contract Tower,4,17,17,0,38,0,0,23,0,23,4,17,40,0,61,74,12,86,147
09/08/2022,MOT,ND,AGL,CE,Federal Contract Tower,5,13,9,0,27,0,2,17,0,19,5,15,26,0,46,32,0,32,78
09/09/2022,MOT,ND,AGL,CE,Federal Contract Tower,5,12,11,0,28,0,3,37,0,40,5,15,48,0,68,52,12,64,132
09/10/2022,MOT,ND,AGL,CE,Federal Contract Tower,5,13,3,0,21,0,0,23,0,23,5,13,26,0,44,43,0,43,87
09/11/2022,MOT,ND,AGL,CE,Federal Contract Tower,5,4,3,0,12,0,1,33,0,34,5,5,36,0,46,13,0,13,59
09/12/2022,MOT,ND,AGL,CE,Federal Contract Tower,7,10,9,0,26,0,0,21,0,21,7,10,30,0,47,45,34,79,126
09/13/2022,MOT,ND,AGL,CE,Federal Contract Tower,5,14,13,0,32,0,10,31,0,41,5,24,44,0,73,92,44,136,209
09/14/2022,MOT,ND,AGL,CE,Federal Contract Tower,6,16,12,4,38,0,4,15,0,19,6,20,27,4,57,44,0,44,101
09/15/2022,MOT,ND,AGL,CE,Federal Contract Tower,8,15,25,0,48,0,0,2,6,8,8,15,27,6,56,12,13,25,81
09/16/2022,MOT,ND,AGL,CE,Federal Contract Tower,8,14,9,0,31,0,0,0,0,0,8,14,9,0,31,4,6,10,41
09/17/2022,MOT,ND,AGL,CE,Federal Contract Tower,4,11,16,0,31,0,3,22,0,25,4,14,38,0,56,84,0,84,140
09/18/2022,MOT,ND,AGL,CE,Federal Contract Tower,6,2,10,0,18,0,2,26,0,28,6,4,36,0,46,48,0,48,94
09/19/2022,MOT,ND,AGL,CE,Federal Contract Tower,9,11,4,0,24,0,0,16,0,16,9,11,20,0,40,35,0,35,75
09/20/2022,MOT,ND,AGL,CE,Federal Contract Tower,6,17,11,0,34,0,4,19,0,23,6,21,30,0,57,67,2,69,126
09/21/2022,MOT,ND,AGL,CE,Federal Contract Tower,7,27,21,0,55,0,1,19,0,20,7,28,40,0,75,66,0,66,141
09/22/2022,MOT,ND,AGL,CE,Federal Contract Tower,8,18,15,0,41,0,6,17,0,23,8,24,32,0,64,63,0,63,127
09/23/2022,MOT,ND,AGL,CE,Federal Contract Tower,6,9,18,0,33,0,0,16,0,16,6,9,34,0,49,106,2,108,157
09/24/2022,MOT,ND,AGL,CE,Federal Contract Tower,4,10,6,0,20,0,0,27,0,27,4,10,33,0,47,24,0,24,71
09/25/2022,MOT,ND,AGL,CE,Federal Contract Tower,6,6,12,0,24,0,4,32,0,36,6,10,44,0,60,37,0,37,97
09/26/2022,MOT,ND,AGL,CE,Federal Contract Tower,9,9,7,0,25,0,2,48,0,50,9,11,55,0,75,136,8,144,219
09/27/2022,MOT,ND,AGL,CE,Federal Contract Tower,6,20,4,0,30,0,7,35,0,42,6,27,39,0,72,81,20,101,173
09/28/2022,MOT,ND,AGL,CE,Federal Contract Tower,6,16,9,0,31,0,0,22,0,22,6,16,31,0,53,48,0,48,101
09/29/2022,MOT,ND,AGL,CE,Federal Contract Tower,8,17,11,0,36,0,8,39,0,47,8,25,50,0,83,105,22,127,210
09/30/2022,MOT,ND,AGL,CE,Federal Contract Tower,6,15,3,0,24,0,0,34,0,34,6,15,37,0,58,97,14,111,169
10/01/2022,MOT,ND,AGL,CE,Federal Contract Tower,5,11,13,0,29,0,0,8,0,8,5,11,21,0,37,23,0,23,60
10/02/2022,MOT,ND,AGL,CE,Federal Contract Tower,4,8,17,0,29,0,2,15,0,17,4,10,32,0,46,35,0,35,81
10/03/2022,MOT,ND,AGL,CE,Federal Contract Tower,7,12,8,0,27,0,0,14,0,14,7,12,22,0,41,29,2,31,72
10/04/2022,MOT,ND,AGL,CE,Federal Contract Tower,4,16,16,0,36,0,0,33,0,33,4,16,49,0,69,77,2,79,148
10/05/2022,MOT,ND,AGL,CE,Federal Contract Tower,4,22,10,0,36,0,1,28,0,29,4,23,38,0,65,31,10,41,106
10/06/2022,MOT,ND,AGL,CE,Federal Contract Tower,6,12,9,0,27,0,1,25,0,26,6,13,34,0,53,37,0,37,90
10/07/2022,MOT,ND,AGL,CE,Federal Contract Tower,4,9,12,0,25,0,0,28,0,28,4,9,40,0,53,58,0,58,111
10/08/2022,MOT,ND,AGL,CE,Federal Contract Tower,4,13,9,0,26,0,8,25,0,33,4,21,34,0,59,35,0,35,94
10/09/2022,MOT,ND,AGL,CE,Federal Contract Tower,6,5,2,0,13,0,5,20,0,25,6,10,22,0,38,99,0,99,137
10/10/2022,MOT,ND,AGL,CE,Federal Contract Tower,9,10,14,0,33,0,6,26,0,32,9,16,40,0,65,55,0,55,120
10/11/2022,MOT,ND,AGL,CE,Federal Contract Tower,4,13,4,0,21,0,0,9,0,9,4,13,13,0,30,0,38,38,68
10/12/2022,MOT,ND,AGL,CE,Federal Contract Tower,4,10,13,0,27,0,0,5,0,5,4,10,18,0,32,25,10,35,67
10/13/2022,MOT,ND,AGL,CE,Federal Contract Tower,6,12,10,0,28,0,2,1,0,3,6,14,11,0,31,6,0,6,37
10/14/2022,MOT,ND,AGL,CE,Federal Contract Tower,6,13,16,0,35,0,6,16,0,22,6,19,32,0,57,107,16,123,180
10/15/2022,MOT,ND,AGL,CE,Federal Contract Tower,4,13,6,0,23,0,6,4,0,10,4,19,10,0,33,16,0,16,49
10/16/2022,MOT,ND,AGL,CE,Federal Contract Tower,3,12,2,0,17,0,3,35,0,38,3,15,37,0,55,72,0,72,127
10/17/2022,MOT,ND,AGL,CE,Federal Contract Tower,7,10,10,0,27,0,1,18,0,19,7,11,28,0,46,58,2,60,106
10/18/2022,MOT,ND,AGL,CE,Federal Contract Tower,4,15,9,0,28,0,4,24,0,28,4,19,33,0,56,42,6,48,104
10/19/2022,MOT,ND,AGL,CE,Federal Contract Tower,5,20,12,0,37,0,0,26,0,26,5,20,38,0,63,82,2,84,147
10/20/2022,MOT,ND,AGL,CE,Federal Contract Tower,6,15,11,0,32,0,0,10,0,10,6,15,21,0,42,16,6,22,64
10/21/2022,MOT,ND,AGL,CE,Federal Contract Tower,5,10,7,0,22,0,3,18,0,21,5,13,25,0,43,60,4,64,107
10/22/2022,MOT,ND,AGL,CE,Federal Contract Tower,4,10,7,0,21,0,0,6,0,6,4,10,13,0,27,2,0,2,29
10/23/2022,MOT,ND,AGL,CE,Federal Contract Tower,5,4,16,0,25,0,0,0,0,0,5,4,16,0,25,0,0,0,25
10/24/2022,MOT,ND,AGL,CE,Federal Contract Tower,6,10,8,0,24,0,0,0,0,0,6,10,8,0,24,0,0,0,24
10/25/2022,MOT,ND,AGL,CE,Federal Contract Tower,4,13,15,0,32,0,0,5,0,5,4,13,20,0,37,30,18,48,85
10/26/2022,MOT,ND,AGL,CE,Federal Contract Tower,4,11,13,0,28,0,1,45,0,46,4,12,58,0,74,63,0,63,137
10/27/2022,MOT,ND,AGL,CE,Federal Contract Tower,6,13,7,0,26,0,0,22,0,22,6,13,29,0,48,90,2,92,140
10/28/2022,MOT,ND,AGL,CE,Federal Contract Tower,4,10,3,0,17,0,0,35,0,35,4,10,38,0,52,76,12,88,140
10/29/2022,MOT,ND,AGL,CE,Federal Contract Tower,2,11,4,0,17,0,0,37,0,37,2,11,41,0,54,86,0,86,140
10/30/2022,MOT,ND,AGL,CE,Federal Contract Tower,2,2,6,0,10,0,7,14,0,21,2,9,20,0,31,10,0,10,41
10/31/2022,MOT,ND,AGL,CE,Federal Contract Tower,6,8,13,0,27,0,2,19,0,21,6,10,32,0,48,49,16,65,113
11/01/2022,MOT,ND,AGL,CE,Federal Contract Tower,4,15,6,0,25,0,5,28,0,33,4,20,34,0,58,58,6,64,122
11/02/2022,MOT,ND,AGL,CE,Federal Contract Tower,5,12,12,0,29,0,0,41,0,41,5,12,53,0,70,94,4,98,168
11/03/2022,MOT,ND,AGL,CE,Federal Contract Tower,6,12,12,0,30,0,0,5,0,5,6,12,17,0,35,38,0,38,73
11/04/2022,MOT,ND,AGL,CE,Federal Contract Tower,7,9,12,0,28,0,0,18,0,18,7,9,30,0,46,96,2,98,144
11/05/2022,MOT,ND,AGL,CE,Federal Contract Tower,2,11,5,0,18,0,3,12,0,15,2,14,17,0,33,9,0,9,42
11/06/2022,MOT,ND,AGL,CE,Federal Contract Tower,2,2,8,0,12,0,0,1,0,1,2,2,9,0,13,0,0,0,13
11/07/2022,MOT,ND,AGL,CE,Federal Contract Tower,6,6,14,0,26,0,0,0,0,0,6,6,14,0,26,0,8,8,34
11/08/2022,MOT,ND,AGL,CE,Federal Contract Tower,4,8,11,0,23,0,2,14,0,16,4,10,25,0,39,26,0,26,65
11/09/2022,MOT,ND,AGL,CE,Federal Contract Tower,6,7,5,0,18,0,0,2,0,2,6,7,7,0,20,2,8,10,30
11/10/2022,MOT,ND,AGL,CE,Federal Contract Tower,0,2,1,0,3,0,0,0,0,0,0,2,1,0,3,0,0,0,3
11/11/2022,MOT,ND,AGL,CE,Federal Contract Tower,6,16,10,0,32,0,0,19,0,19,6,16,29,0,51,29,2,31,82
11/12/2022,MOT,ND,AGL,CE,Federal Contract Tower,5,10,2,0,17,0,0,0,0,0,5,10,2,0,17,0,0,0,17
11/13/2022,MOT,ND,AGL,CE,Federal Contract Tower,4,6,13,0,23,0,0,7,0,7,4,6,20,0,30,8,0,8,38
11/14/2022,MOT,ND,AGL,CE,Federal Contract Tower,10,6,8,0,24,0,0,0,0,0,10,6,8,0,24,0,10,10,34
11/15/2022,MOT,ND,AGL,CE,Federal Contract Tower,3,17,12,0,32,0,0,0,0,0,3,17,12,0,32,2,0,2,34
11/16/2022,MOT,ND,AGL,CE,Federal Contract Tower,4,10,10,0,24,0,0,2,0,2,4,10,12,0,26,2,0,2,28
11/17/2022,MOT,ND,AGL,CE,Federal Contract Tower,7,6,6,0,19,0,0,0,0,0,7,6,6,0,19,0,8,8,27
11/18/2022,MOT,ND,AGL,CE,Federal Contract Tower,6,9,5,0,20,0,0,2,0,2,6,9,7,0,22,4,4,8,30
11/19/2022,MOT,ND,AGL,CE,Federal Contract Tower,6,8,2,0,16,0,0,11,0,11,6,8,13,0,27,36,0,36,63
11/20/2022,MOT,ND,AGL,CE,Federal Contract Tower,4,5,3,0,12,0,7,22,0,29,4,12,25,0,41,57,0,57,98
11/21/2022,MOT,ND,AGL,CE,Federal Contract Tower,6,8,7,0,21,0,0,26,0,26,6,8,33,0,47,89,24,113,160
11/22/2022,MOT,ND,AGL,CE,Federal Contract Tower,6,10,7,0,23,0,0,14,0,14,6,10,21,0,37,43,0,43,80
11/23/2022,MOT,ND,AGL,CE,Federal Contract Tower,5,10,4,0,19,0,0,15,0,15,5,10,19,0,34,80,8,88,122
11/24/2022,MOT,ND,AGL,CE,Federal Contract Tower,3,4,2,0,9,0,1,6,0,7,3,5,8,0,16,0,0,0,16
11/25/2022,MOT,ND,AGL,CE,Federal Contract Tower,6,12,2,0,20,0,0,15,0,15,6,12,17,0,35,30,0,30,65
11/26/2022,MOT,ND,AGL,CE,Federal Contract Tower,7,9,1,0,17,0,0,15,0,15,7,9,16,0,32,51,0,51,83
11/27/2022,MOT,ND,AGL,CE,Federal Contract Tower,4,2,9,0,15,0,0,15,0,15,4,2,24,0,30,15,0,15,45
11/28/2022,MOT,ND,AGL,CE,Federal Contract Tower,9,7,8,0,24,0,0,8,0,8,9,7,16,0,32,16,16,32,64
11/29/2022,MOT,ND,AGL,CE,Federal Contract Tower,3,19,8,0,30,0,0,1,0,1,3,19,9,0,31,0,6,6,37
11/30/2022,MOT,ND,AGL,CE,Federal Contract Tower,6,13,19,0,38,0,0,6,0,6,6,13,25,0,44,0,0,0,44
12/01/2022,MOT,ND,AGL,CE,Federal Contract Tower,5,12,11,0,28,0,1,19,0,20,5,13,30,0,48,45,0,45,93
12/02/2022,MOT,ND,AGL,CE,Federal Contract Tower,5,19,13,0,37,0,0,5,2,7,5,19,18,2,44,0,0,0,44
12/03/2022,MOT,ND,AGL,CE,Federal Contract Tower,6,9,8,0,23,0,2,20,0,22,6,11,28,0,45,18,0,18,63
12/04/2022,MOT,ND,AGL,CE,Federal Contract Tower,5,5,6,0,16,0,0,4,0,4,5,5,10,0,20,0,0,0,20
12/05/2022,MOT,ND,AGL,CE,Federal Contract Tower,6,7,11,0,24,0,4,14,0,18,6,11,25,0,42,18,0,18,60
12/06/2022,MOT,ND,AGL,CE,Federal Contract Tower,4,13,0,0,17,0,0,3,0,3,4,13,3,0,20,0,0,0,20
12/07/2022,MOT,ND,AGL,CE,Federal Contract Tower,6,12,16,0,34,0,0,13,0,13,6,12,29,0,47,22,2,24,71
12/08/2022,MOT,ND,AGL,CE,Federal Contract Tower,4,15,14,0,33,0,4,15,0,19,4,19,29,0,52,40,4,44,96
12/09/2022,MOT,ND,AGL,CE,Federal Contract Tower,8,10,7,0,25,0,3,14,2,19,8,13,21,2,44,36,4,40,84
12/10/2022,MOT,ND,AGL,CE,Federal Contract Tower,6,8,1,0,15,0,8,18,0,26,6,16,19,0,41,46,0,46,87
12/11/2022,MOT,ND,AGL,CE,Federal Contract Tower,4,2,5,0,11,0,0,1,0,1,4,2,6,0,12,0,0,0,12
12/12/2022,MOT,ND,AGL,CE,Federal Contract Tower,8,9,4,0,21,0,0,0,0,0,8,9,4,0,21,0,4,4,25
12/14/2022,MOT,ND,AGL,CE,Federal Contract Tower,0,4,1,0,5,0,0,0,0,0,0,4,1,0,5,0,0,0,5
12/15/2022,MOT,ND,AGL,CE,Federal Contract Tower,2,8,1,0,11,0,0,0,0,0,2,8,1,0,11,0,0,0,11
12/17/2022,MOT,ND,AGL,CE,Federal Contract Tower,6,12,7,0,25,0,0,3,0,3,6,12,10,0,28,0,0,0,28
12/18/2022,MOT,ND,AGL,CE,Federal Contract Tower,7,4,7,0,18,0,0,0,0,0,7,4,7,0,18,0,0,0,18
12/19/2022,MOT,ND,AGL,CE,Federal Contract Tower,4,9,18,0,31,0,0,1,0,1,4,9,19,0,32,0,0,0,32
12/20/2022,MOT,ND,AGL,CE,Federal Contract Tower,7,13,10,2,32,0,0,11,0,11,7,13,21,2,43,6,0,6,49
12/21/2022,MOT,ND,AGL,CE,Federal Contract Tower,6,16,10,0,32,0,0,0,0,0,6,16,10,0,32,0,0,0,32
12/22/2022,MOT,ND,AGL,CE,Federal Contract Tower,4,12,4,0,20,0,0,3,0,3,4,12,7,0,23,0,0,0,23
12/23/2022,MOT,ND,AGL,CE,Federal Contract Tower,3,6,7,0,16,0,0,4,0,4,3,6,11,0,20,0,0,0,20
12/24/2022,MOT,ND,AGL,CE,Federal Contract Tower,4,11,0,0,15,0,0,6,0,6,4,11,6,0,21,0,0,0,21
12/25/2022,MOT,ND,AGL,CE,Federal Contract Tower,1,3,3,0,7,0,0,0,0,0,1,3,3,0,7,0,0,0,7
12/26/2022,MOT,ND,AGL,CE,Federal Contract Tower,3,3,1,0,7,0,0,3,0,3,3,3,4,0,10,0,0,0,10
12/27/2022,MOT,ND,AGL,CE,Federal Contract Tower,7,9,7,0,23,0,0,7,0,7,7,9,14,0,30,38,18,56,86
12/28/2022,MOT,ND,AGL,CE,Federal Contract Tower,4,17,9,0,30,0,6,6,0,12,4,23,15,0,42,6,4,10,52
12/29/2022,MOT,ND,AGL,CE,Federal Contract Tower,6,12,5,0,23,0,0,3,0,3,6,12,8,0,26,0,0,0,26
12/30/2022,MOT,ND,AGL,CE,Federal Contract Tower,4,11,6,0,21,0,0,7,0,7,4,11,13,0,28,38,0,38,66
12/31/2022,MOT,ND,AGL,CE,Federal Contract Tower,2,12,5,0,19,0,0,8,0,8,2,12,13,0,27,31,0,31,58
01/01/2023,MOT,ND,AGL,CE,Federal Contract Tower,6,7,4,0,17,0,2,0,0,2,6,9,4,0,19,0,0,0,19
01/02/2023,MOT,ND,AGL,CE,Federal Contract Tower,4,2,1,0,7,0,6,15,0,21,4,8,16,0,28,18,0,18,46
01/04/2023,MOT,ND,AGL,CE,Federal Contract Tower,4,11,7,0,22,0,0,7,0,7,4,11,14,0,29,0,28,28,57
01/05/2023,MOT,ND,AGL,CE,Federal Contract Tower,6,11,8,0,25,0,0,7,0,7,6,11,15,0,32,0,4,4,36
01/06/2023,MOT,ND,AGL,CE,Federal Contract Tower,6,15,8,0,29,0,0,0,0,0,6,15,8,0,29,0,12,12,41
01/07/2023,MOT,ND,AGL,CE,Federal Contract Tower,5,16,5,0,26,0,2,12,0,14,5,18,17,0,40,34,0,34,74
01/08/2023,MOT,ND,AGL,CE,Federal Contract Tower,4,9,3,0,16,0,4,17,0,21,4,13,20,0,37,41,0,41,78
01/09/2023,MOT,ND,AGL,CE,Federal Contract Tower,8,9,7,2,26,0,0,10,0,10,8,9,17,2,36,59,36,95,131
01/10/2023,MOT,ND,AGL,CE,Federal Contract Tower,4,13,6,0,23,0,6,13,0,19,4,19,19,0,42,58,70,128,170
01/11/2023,MOT,ND,AGL,CE,Federal Contract Tower,5,10,7,0,22,0,0,0,0,0,5,10,7,0,22,20,12,32,54
01/12/2023,MOT,ND,AGL,CE,Federal Contract Tower,7,14,7,0,28,0,2,10,0,12,7,16,17,0,40,15,2,17,57
01/13/2023,MOT,ND,AGL,CE,Federal Contract Tower,6,10,20,0,36,0,4,19,0,23,6,14,39,0,59,51,0,51,110
01/14/2023,MOT,ND,AGL,CE,Federal Contract Tower,4,13,3,0,20,0,4,22,0,26,4,17,25,0,46,30,0,30,76
01/15/2023,MOT,ND,AGL,CE,Federal Contract Tower,4,1,0,0,5,0,0,0,0,0,4,1,0,0,5,0,0,0,5
01/16/2023,MOT,ND,AGL,CE,Federal Contract Tower,6,7,2,0,15,0,0,0,0,0,6,7,2,0,15,0,0,0,15
01/17/2023,MOT,ND,AGL,CE,Federal Contract Tower,4,14,16,0,34,0,0,0,0,0,4,14,16,0,34,0,12,12,46
01/18/2023,MOT,ND,AGL,CE,Federal Contract Tower,4,13,9,0,26,0,0,0,0,0,4,13,9,0,26,0,0,0,26
01/19/2023,MOT,ND,AGL,CE,Federal Contract Tower,6,22,8,0,36,0,0,0,0,0,6,22,8,0,36,0,4,4,40
01/20/2023,MOT,ND,AGL,CE,Federal Contract Tower,6,11,6,0,23,0,0,10,0,10,6,11,16,0,33,2,8,10,43
01/21/2023,MOT,ND,AGL,CE,Federal Contract Tower,4,10,0,0,14,0,4,25,0,29,4,14,25,0,43,29,0,29,72
01/22/2023,MOT,ND,AGL,CE,Federal Contract Tower,4,5,6,0,15,0,4,16,0,20,4,9,22,0,35,27,0,27,62
01/23/2023,MOT,ND,AGL,CE,Federal Contract Tower,7,13,13,0,33,0,0,6,0,6,7,13,19,0,39,21,0,21,60
01/24/2023,MOT,ND,AGL,CE,Federal Contract Tower,3,15,8,0,26,0,0,0,0,0,3,15,8,0,26,0,4,4,30
01/26/2023,MOT,ND,AGL,CE,Federal Contract Tower,6,19,4,0,29,0,0,0,0,0,6,19,4,0,29,16,0,16,45
01/27/2023,MOT,ND,AGL,CE,Federal Contract Tower,6,8,4,0,18,0,0,4,0,4,6,8,8,0,22,30,18,48,70
01/28/2023,MOT,ND,AGL,CE,Federal Contract Tower,4,10,4,0,18,0,2,4,0,6,4,12,8,0,24,3,2,5,29
01/29/2023,MOT,ND,AGL,CE,Federal Contract Tower,4,4,6,0,14,0,0,6,0,6,4,4,12,0,20,6,0,6,26
01/30/2023,MOT,ND,AGL,CE,Federal Contract Tower,8,6,4,0,18,0,0,8,0,8,8,6,12,0,26,0,16,16,42
01/31/2023,MOT,ND,AGL,CE,Federal Contract Tower,4,10,1,0,15,0,0,8,0,8,4,10,9,0,23,4,4,8,31
02/01/2023,MOT,ND,AGL,CE,Federal Contract Tower,4,11,13,0,28,0,3,21,0,24,4,14,34,0,52,26,14,40,92
02/02/2023,MOT,ND,AGL,CE,Federal Contract Tower,6,8,16,0,30,0,0,3,0,3,6,8,19,0,33,6,0,6,39
02/03/2023,MOT,ND,AGL,CE,Federal Contract Tower,6,12,10,0,28,0,0,10,0,10,6,12,20,0,38,14,28,42,80
02/04/2023,MOT,ND,AGL,CE,Federal Contract Tower,4,11,5,0,20,0,0,12,0,12,4,11,17,0,32,5,0,5,37
02/05/2023,MOT,ND,AGL,CE,Federal Contract Tower,4,7,9,0,20,0,3,25,0,28,4,10,34,0,48,86,4,90,138
02/06/2023,MOT,ND,AGL,CE,Federal Contract Tower,9,7,6,0,22,0,8,5,0,13,9,15,11,0,35,29,4,33,68
02/07/2023,MOT,ND,AGL,CE,Federal Contract Tower,4,14,11,0,29,0,0,7,0,7,4,14,18,0,36,17,4,21,57
02/08/2023,MOT,ND,AGL,CE,Federal Contract Tower,4,12,11,0,27,0,4,24,0,28,4,16,35,0,55,61,12,73,128
02/09/2023,MOT,ND,AGL,CE,Federal Contract Tower,6,19,7,0,32,0,0,9,0,9,6,19,16,0,41,48,0,48,89
02/10/2023,MOT,ND,AGL,CE,Federal Contract Tower,6,11,8,0,25,0,5,15,0,20,6,16,23,0,45,54,0,54,99
02/11/2023,MOT,ND,AGL,CE,Federal Contract Tower,6,9,1,0,16,0,1,22,0,23,6,10,23,0,39,80,8,88,127
02/12/2023,MOT,ND,AGL,CE,Federal Contract Tower,4,3,12,0,19,0,0,13,0,13,4,3,25,0,32,43,4,47,79
02/13/2023,MOT,ND,AGL,CE,Federal Contract Tower,7,6,7,0,20,0,1,20,0,21,7,7,27,0,41,96,4,100,141
02/14/2023,MOT,ND,AGL,CE,Federal Contract Tower,5,12,12,0,29,0,0,4,0,4,5,12,16,0,33,0,0,0,33
02/15/2023,MOT,ND,AGL,CE,Federal Contract Tower,4,8,4,0,16,0,0,24,0,24,4,8,28,0,40,26,12,38,78
02/16/2023,MOT,ND,AGL,CE,Federal Contract Tower,8,9,11,0,28,0,0,19,0,19,8,9,30,0,47,18,0,18,65
02/17/2023,MOT,ND,AGL,CE,Federal Contract Tower,4,9,5,0,18,0,1,20,0,21,4,10,25,0,39,30,0,30,69
02/18/2023,MOT,ND,AGL,CE,Federal Contract Tower,5,10,2,0,17,0,0,22,0,22,5,10,24,0,39,68,2,70,109
02/19/2023,MOT,ND,AGL,CE,Federal Contract Tower,5,3,7,0,15,0,0,1,0,1,5,3,8,0,16,0,0,0,16
02/20/2023,MOT,ND,AGL,CE,Federal Contract Tower,6,7,9,2,24,0,0,1,2,3,6,7,10,4,27,0,0,0,27
02/21/2023,MOT,ND,AGL,CE,Federal Contract Tower,5,19,11,0,35,0,1,6,0,7,5,20,17,0,42,0,12,12,54
02/22/2023,MOT,ND,AGL,CE,Federal Contract Tower,5,13,5,0,23,0,0,0,0,0,5,13,5,0,23,0,4,4,27
02/23/2023,MOT,ND,AGL,CE,Federal Contract Tower,8,12,4,0,24,0,0,0,0,0,8,12,4,0,24,0,8,8,32
02/24/2023,MOT,ND,AGL,CE,Federal Contract Tower,4,12,9,0,25,0,0,2,0,2,4,12,11,0,27,0,8,8,35
02/25/2023,MOT,ND,AGL,CE,Federal Contract Tower,8,11,9,0,28,0,0,17,0,17,8,11,26,0,45,117,4,121,166
02/26/2023,MOT,ND,AGL,CE,Federal Contract Tower,6,3,8,0,17,0,3,29,0,32,6,6,37,0,49,63,0,63,112
02/27/2023,MOT,ND,AGL,CE,Federal Contract Tower,6,7,9,0,22,0,0,7,0,7,6,7,16,0,29,18,8,26,55
02/28/2023,MOT,ND,AGL,CE,Federal Contract Tower,3,16,11,0,30,0,0,10,0,10,3,16,21,0,40,25,0,25,65
03/01/2023,MOT,ND,AGL,CE,Federal Contract Tower,4,13,6,0,23,0,0,9,0,9,4,13,15,0,32,27,4,31,63
03/02/2023,MOT,ND,AGL,CE,Federal Contract Tower,8,12,11,0,31,0,6,11,0,17,8,18,22,0,48,4,0,4,52
03/03/2023,MOT,ND,AGL,CE,Federal Contract Tower,4,10,9,2,25,0,7,14,0,21,4,17,23,2,46,35,4,39,85
03/04/2023,MOT,ND,AGL,CE,Federal Contract Tower,5,10,4,0,19,0,1,31,0,32,5,11,35,0,51,72,8,80,131
03/05/2023,MOT,ND,AGL,CE,Federal Contract Tower,8,2,7,0,17,0,0,0,0,0,8,2,7,0,17,0,0,0,17
03/06/2023,MOT,ND,AGL,CE,Federal Contract Tower,8,8,8,0,24,0,3,16,0,19,8,11,24,0,43,41,8,49,92
03/07/2023,MOT,ND,AGL,CE,Federal Contract Tower,4,17,3,0,24,0,0,8,0,8,4,17,11,0,32,0,4,4,36
03/08/2023,MOT,ND,AGL,CE,Federal Contract Tower,5,16,7,0,28,0,0,3,0,3,5,16,10,0,31,2,2,4,35
03/09/2023,MOT,ND,AGL,CE,Federal Contract Tower,7,17,7,0,31,0,0,0,0,0,7,17,7,0,31,0,2,2,33
03/10/2023,MOT,ND,AGL,CE,Federal Contract Tower,8,12,5,2,27,0,0,0,0,0,8,12,5,2,27,0,0,0,27
03/11/2023,MOT,ND,AGL,CE,Federal Contract Tower,0,0,0,0,0,0,0,0,0,0,0,0,0,0,0,0,0,0,0
03/12/2023,MOT,ND,AGL,CE,Federal Contract Tower,14,7,1,0,22,0,3,9,0,12,14,10,10,0,34,2,10,12,46
03/13/2023,MOT,ND,AGL,CE,Federal Contract Tower,6,7,9,0,22,0,1,18,1,20,6,8,27,1,42,31,2,33,75
03/14/2023,MOT,ND,AGL,CE,Federal Contract Tower,8,14,15,0,37,0,0,16,0,16,8,14,31,0,53,14,8,22,75
03/15/2023,MOT,ND,AGL,CE,Federal Contract Tower,9,11,5,0,25,0,0,6,0,6,9,11,11,0,31,80,0,80,111
03/16/2023,MOT,ND,AGL,CE,Federal Contract Tower,10,10,9,0,29,0,0,21,0,21,10,10,30,0,50,35,0,35,85
03/17/2023,MOT,ND,AGL,CE,Federal Contract Tower,6,8,8,0,22,0,6,7,0,13,6,14,15,0,35,31,0,31,66
03/18/2023,MOT,ND,AGL,CE,Federal Contract Tower,11,14,3,0,28,0,0,26,1,27,11,14,29,1,55,102,0,102,157
03/19/2023,MOT,ND,AGL,CE,Federal Contract Tower,8,3,1,0,12,0,1,28,0,29,8,4,29,0,41,93,0,93,134
03/20/2023,MOT,ND,AGL,CE,Federal Contract Tower,10,6,5,0,21,0,0,0,0,0,10,6,5,0,21,111,4,115,136
03/21/2023,MOT,ND,AGL,CE,Federal Contract Tower,8,13,10,0,31,0,0,19,0,19,8,13,29,0,50,69,0,69,119
03/22/2023,MOT,ND,AGL,CE,Federal Contract Tower,6,14,8,0,28,0,1,16,0,17,6,15,24,0,45,65,2,67,112
03/23/2023,MOT,ND,AGL,CE,Federal Contract Tower,12,13,4,0,29,0,0,18,0,18,12,13,22,0,47,17,4,21,68
03/24/2023,MOT,ND,AGL,CE,Federal Contract Tower,6,11,4,0,21,0,0,31,0,31,6,11,35,0,52,48,0,48,100
03/25/2023,MOT,ND,AGL,CE,Federal Contract Tower,10,10,5,0,25,0,4,26,0,30,10,14,31,0,55,23,4,27,82
03/26/2023,MOT,ND,AGL,CE,Federal Contract Tower,10,7,4,0,21,0,0,10,0,10,10,7,14,0,31,29,4,33,64
03/27/2023,MOT,ND,AGL,CE,Federal Contract Tower,8,7,7,0,22,0,0,10,0,10,8,7,17,0,32,39,0,39,71
03/28/2023,MOT,ND,AGL,CE,Federal Contract Tower,6,12,3,1,22,0,0,7,0,7,6,12,10,1,29,0,2,2,31
03/29/2023,MOT,ND,AGL,CE,Federal Contract Tower,6,11,7,0,24,0,0,21,0,21,6,11,28,0,45,34,4,38,83
03/30/2023,MOT,ND,AGL,CE,Federal Contract Tower,9,14,8,0,31,0,0,14,0,14,9,14,22,0,45,120,6,126,171
03/31/2023,MOT,ND,AGL,CE,Federal Contract Tower,6,18,2,0,26,0,0,18,0,18,6,18,20,0,44,104,4,108,152
04/01/2023,MOT,ND,AGL,CE,Federal Contract Tower,8,8,9,0,25,0,0,22,0,22,8,8,31,0,47,134,0,134,181
04/02/2023,MOT,ND,AGL,CE,Federal Contract Tower,8,4,0,0,12,0,0,6,0,6,8,4,6,0,18,50,0,50,68
04/03/2023,MOT,ND,AGL,CE,Federal Contract Tower,8,9,15,0,32,0,0,2,0,2,8,9,17,0,34,0,4,4,38
04/04/2023,MOT,ND,AGL,CE,Federal Contract Tower,6,10,5,0,21,0,0,0,0,0,6,10,5,0,21,0,8,8,29
04/05/2023,MOT,ND,AGL,CE,Federal Contract Tower,6,8,3,0,17,0,0,0,0,0,6,8,3,0,17,0,2,2,19
04/06/2023,MOT,ND,AGL,CE,Federal Contract Tower,8,16,10,0,34,0,0,13,0,13,8,16,23,0,47,0,21,21,68
04/07/2023,MOT,ND,AGL,CE,Federal Contract Tower,6,13,5,0,24,0,0,3,0,3,6,13,8,0,27,12,7,19,46
04/08/2023,MOT,ND,AGL,CE,Federal Contract Tower,8,8,0,0,16,0,0,19,0,19,8,8,19,0,35,147,2,149,184
04/09/2023,MOT,ND,AGL,CE,Federal Contract Tower,8,5,3,0,16,0,0,15,0,15,8,5,18,0,31,19,0,19,50
04/10/2023,MOT,ND,AGL,CE,Federal Contract Tower,8,5,11,0,24,0,0,25,0,25,8,5,36,0,49,27,0,27,76
04/11/2023,MOT,ND,AGL,CE,Federal Contract Tower,20,18,4,0,42,0,15,35,3,53,20,33,39,3,95,98,18,116,211
04/12/2023,MOT,ND,AGL,CE,Federal Contract Tower,8,11,7,0,26,0,0,30,2,32,8,11,37,2,58,115,10,125,183
04/13/2023,MOT,ND,AGL,CE,Federal Contract Tower,11,12,7,3,33,0,4,8,0,12,11,16,15,3,45,44,2,46,91
04/15/2023,MOT,ND,AGL,CE,Federal Contract Tower,9,8,5,0,22,0,0,11,2,13,9,8,16,2,35,79,0,79,114
04/16/2023,MOT,ND,AGL,CE,Federal Contract Tower,8,5,4,0,17,0,3,30,0,33,8,8,34,0,50,99,0,99,149
04/17/2023,MOT,ND,AGL,CE,Federal Contract Tower,14,8,9,0,31,0,3,30,0,33,14,11,39,0,64,108,0,108,172
04/18/2023,MOT,ND,AGL,CE,Federal Contract Tower,8,12,7,0,27,0,1,15,0,16,8,13,22,0,43,89,20,109,152
04/19/2023,MOT,ND,AGL,CE,Federal Contract Tower,7,17,2,0,26,0,0,0,0,0,7,17,2,0,26,0,0,0,26
04/20/2023,MOT,ND,AGL,CE,Federal Contract Tower,13,14,9,0,36,0,0,0,0,0,13,14,9,0,36,0,0,0,36
04/21/2023,MOT,ND,AGL,CE,Federal Contract Tower,10,8,12,0,30,0,2,0,0,2,10,10,12,0,32,10,0,10,42
04/22/2023,MOT,ND,AGL,CE,Federal Contract Tower,6,9,3,0,18,0,0,20,0,20,6,9,23,0,38,135,0,135,173
04/23/2023,MOT,ND,AGL,CE,Federal Contract Tower,10,2,3,0,15,0,2,51,0,53,10,4,54,0,68,30,0,30,98
04/24/2023,MOT,ND,AGL,CE,Federal Contract Tower,11,6,8,1,26,0,0,48,0,48,11,6,56,1,74,94,0,94,168
04/25/2023,MOT,ND,AGL,CE,Federal Contract Tower,6,12,8,0,26,0,0,39,0,39,6,12,47,0,65,53,0,53,118
04/26/2023,MOT,ND,AGL,CE,Federal Contract Tower,11,11,11,0,33,0,0,21,0,21,11,11,32,0,54,18,0,18,72
04/27/2023,MOT,ND,AGL,CE,Federal Contract Tower,10,13,4,0,27,0,0,2,2,4,10,13,6,2,31,0,24,24,55
04/28/2023,MOT,ND,AGL,CE,Federal Contract Tower,6,12,13,2,33,0,0,35,0,35,6,12,48,2,68,100,2,102,170
04/29/2023,MOT,ND,AGL,CE,Federal Contract Tower,8,10,4,0,22,0,0,8,0,8,8,10,12,0,30,19,2,21,51
04/30/2023,MOT,ND,AGL,CE,Federal Contract Tower,11,3,3,0,17,0,0,30,0,30,11,3,33,0,47,65,2,67,114
05/01/2023,MOT,ND,AGL,CE,Federal Contract Tower,13,6,6,0,25,0,0,48,0,48,13,6,54,0,73,96,0,96,169
05/02/2023,MOT,ND,AGL,CE,Federal Contract Tower,7,10,6,0,23,0,0,32,3,35,7,10,38,3,58,101,28,129,187
05/03/2023,MOT,ND,AGL,CE,Federal Contract Tower,6,18,13,0,37,0,3,41,0,44,6,21,54,0,81,147,0,147,228
05/04/2023,MOT,ND,AGL,CE,Federal Contract Tower,10,17,10,0,37,0,0,37,0,37,10,17,47,0,74,68,0,68,142
05/05/2023,MOT,ND,AGL,CE,Federal Contract Tower,8,13,5,0,26,0,0,25,0,25,8,13,30,0,51,80,2,82,133
05/06/2023,MOT,ND,AGL,CE,Federal Contract Tower,8,11,3,0,22,0,0,20,0,20,8,11,23,0,42,47,0,47,89
05/07/2023,MOT,ND,AGL,CE,Federal Contract Tower,10,1,7,0,18,0,0,2,0,2,10,1,9,0,20,4,0,4,24
05/08/2023,MOT,ND,AGL,CE,Federal Contract Tower,9,5,17,2,33,0,0,6,0,6,9,5,23,2,39,25,4,29,68
05/09/2023,MOT,ND,AGL,CE,Federal Contract Tower,6,16,6,0,28,0,0,14,0,14,6,16,20,0,42,30,2,32,74
05/10/2023,MOT,ND,AGL,CE,Federal Contract Tower,6,14,19,0,39,0,1,39,0,40,6,15,58,0,79,61,0,61,140
05/11/2023,MOT,ND,AGL,CE,Federal Contract Tower,13,9,6,0,28,0,0,24,0,24,13,9,30,0,52,16,0,16,68
05/12/2023,MOT,ND,AGL,CE,Federal Contract Tower,8,9,5,0,22,0,0,2,4,6,8,9,7,4,28,0,0,0,28
05/13/2023,MOT,ND,AGL,CE,Federal Contract Tower,5,10,7,0,22,0,0,4,0,4,5,10,11,0,26,0,0,0,26
05/15/2023,MOT,ND,AGL,CE,Federal Contract Tower,8,7,16,0,31,0,2,26,0,28,8,9,42,0,59,38,4,42,101
05/16/2023,MOT,ND,AGL,CE,Federal Contract Tower,6,12,6,0,24,0,1,25,0,26,6,13,31,0,50,81,2,83,133
05/17/2023,MOT,ND,AGL,CE,Federal Contract Tower,8,14,14,0,36,0,0,2,0,2,8,14,16,0,38,0,0,0,38
05/18/2023,MOT,ND,AGL,CE,Federal Contract Tower,12,12,8,1,33,0,0,15,1,16,12,12,23,2,49,77,0,77,126
05/19/2023,MOT,ND,AGL,CE,Federal Contract Tower,7,7,15,0,29,0,0,50,0,50,7,7,65,0,79,119,8,127,206
05/20/2023,MOT,ND,AGL,CE,Federal Contract Tower,6,8,8,0,22,0,0,88,0,88,6,8,96,0,110,80,0,80,190
05/21/2023,MOT,ND,AGL,CE,Federal Contract Tower,6,4,7,0,17,0,0,36,0,36,6,4,43,0,53,55,0,55,108
05/22/2023,MOT,ND,AGL,CE,Federal Contract Tower,8,5,16,0,29,0,2,41,0,43,8,7,57,0,72,139,0,139,211
05/23/2023,MOT,ND,AGL,CE,Federal Contract Tower,7,13,5,0,25,0,0,39,0,39,7,13,44,0,64,20,18,38,102
05/24/2023,MOT,ND,AGL,CE,Federal Contract Tower,8,15,5,0,28,0,0,27,0,27,8,15,32,0,55,18,0,18,73
05/25/2023,MOT,ND,AGL,CE,Federal Contract Tower,7,9,14,0,30,0,0,18,0,18,7,9,32,0,48,44,0,44,92
05/26/2023,MOT,ND,AGL,CE,Federal Contract Tower,12,11,6,0,29,0,0,28,0,28,12,11,34,0,57,9,0,9,66
05/27/2023,MOT,ND,AGL,CE,Federal Contract Tower,6,11,4,0,21,0,0,14,0,14,6,11,18,0,35,45,0,45,80
05/28/2023,MOT,ND,AGL,CE,Federal Contract Tower,4,9,4,0,17,0,0,14,0,14,4,9,18,0,31,18,0,18,49
05/29/2023,MOT,ND,AGL,CE,Federal Contract Tower,10,3,4,0,17,0,0,32,0,32,10,3,36,0,49,36,0,36,85
05/30/2023,MOT,ND,AGL,CE,Federal Contract Tower,8,13,14,0,35,0,3,34,0,37,8,16,48,0,72,52,0,52,124
05/31/2023,MOT,ND,AGL,CE,Federal Contract Tower,6,13,16,0,35,0,0,27,0,27,6,13,43,0,62,31,8,39,101
06/01/2023,MOT,ND,AGL,CE,Federal Contract Tower,8,13,16,0,37,0,2,27,0,29,8,15,43,0,66,37,2,39,105
06/02/2023,MOT,ND,AGL,CE,Federal Contract Tower,6,11,6,0,23,0,0,15,4,19,6,11,21,4,42,24,28,52,94
06/03/2023,MOT,ND,AGL,CE,Federal Contract Tower,4,9,0,0,13,0,0,34,0,34,4,9,34,0,47,95,2,97,144
06/04/2023,MOT,ND,AGL,CE,Federal Contract Tower,6,11,3,0,20,0,1,29,0,30,6,12,32,0,50,16,0,16,66
06/05/2023,MOT,ND,AGL,CE,Federal Contract Tower,8,7,13,0,28,0,2,44,0,46,8,9,57,0,74,143,8,151,225
06/06/2023,MOT,ND,AGL,CE,Federal Contract Tower,6,10,9,0,25,0,0,25,0,25,6,10,34,0,50,81,4,85,135
06/07/2023,MOT,ND,AGL,CE,Federal Contract Tower,6,12,21,0,39,0,3,31,0,34,6,15,52,0,73,60,8,68,141
06/08/2023,MOT,ND,AGL,CE,Federal Contract Tower,7,17,9,0,33,0,0,18,0,18,7,17,27,0,51,36,0,36,87
06/09/2023,MOT,ND,AGL,CE,Federal Contract Tower,6,14,16,0,36,0,0,21,0,21,6,14,37,0,57,103,0,103,160
06/10/2023,MOT,ND,AGL,CE,Federal Contract Tower,4,11,8,0,23,0,0,32,0,32,4,11,40,0,55,37,0,37,92
06/11/2023,MOT,ND,AGL,CE,Federal Contract Tower,6,3,8,0,17,0,0,31,0,31,6,3,39,0,48,52,0,52,100
06/12/2023,MOT,ND,AGL,CE,Federal Contract Tower,9,8,7,0,24,0,1,41,0,42,9,9,48,0,66,130,6,136,202
06/13/2023,MOT,ND,AGL,CE,Federal Contract Tower,6,11,15,0,32,0,0,43,0,43,6,11,58,0,75,87,0,87,162
06/14/2023,MOT,ND,AGL,CE,Federal Contract Tower,6,14,13,0,33,0,1,22,0,23,6,15,35,0,56,85,0,85,141
06/15/2023,MOT,ND,AGL,CE,Federal Contract Tower,8,14,15,0,37,0,0,28,0,28,8,14,43,0,65,138,0,138,203
06/16/2023,MOT,ND,AGL,CE,Federal Contract Tower,8,10,17,2,37,0,2,50,2,54,8,12,67,4,91,106,4,110,201
06/17/2023,MOT,ND,AGL,CE,Federal Contract Tower,7,11,4,0,22,0,0,91,0,91,7,11,95,0,113,79,2,81,194
06/18/2023,MOT,ND,AGL,CE,Federal Contract Tower,6,3,9,0,18,0,0,36,0,36,6,3,45,0,54,37,0,37,91
06/19/2023,MOT,ND,AGL,CE,Federal Contract Tower,8,7,8,0,23,0,1,56,0,57,8,8,64,0,80,48,0,48,128
06/20/2023,MOT,ND,AGL,CE,Federal Contract Tower,5,14,10,0,29,0,0,45,0,45,5,14,55,0,74,61,0,61,135
06/21/2023,MOT,ND,AGL,CE,Federal Contract Tower,6,11,17,1,35,0,3,88,0,91,6,14,105,1,126,148,2,150,276
06/22/2023,MOT,ND,AGL,CE,Federal Contract Tower,8,12,15,0,35,0,2,63,0,65,8,14,78,0,100,91,0,91,191
06/23/2023,MOT,ND,AGL,CE,Federal Contract Tower,6,14,13,0,33,0,2,80,0,82,6,16,93,0,115,43,16,59,174
06/24/2023,MOT,ND,AGL,CE,Federal Contract Tower,4,13,6,6,29,0,0,6,0,6,4,13,12,6,35,3,2,5,40
06/25/2023,MOT,ND,AGL,CE,Federal Contract Tower,7,6,4,0,17,0,0,61,0,61,7,6,65,0,78,65,0,65,143
06/26/2023,MOT,ND,AGL,CE,Federal Contract Tower,8,7,13,0,28,0,2,106,0,108,8,9,119,0,136,136,6,142,278
06/27/2023,MOT,ND,AGL,CE,Federal Contract Tower,6,13,16,0,35,0,0,64,0,64,6,13,80,0,99,133,0,133,232
06/28/2023,MOT,ND,AGL,CE,Federal Contract Tower,7,11,21,0,39,0,5,77,0,82,7,16,98,0,121,71,24,95,216
06/29/2023,MOT,ND,AGL,CE,Federal Contract Tower,9,10,18,0,37,0,0,67,0,67,9,10,85,0,104,102,0,102,206
06/30/2023,MOT,ND,AGL,CE,Federal Contract Tower,5,10,12,0,27,0,0,55,0,55,5,10,67,0,82,120,0,120,202
07/01/2023,MOT,ND,AGL,CE,Federal Contract Tower,5,12,7,0,24,0,0,40,0,40,5,12,47,0,64,95,0,95,159
07/02/2023,MOT,ND,AGL,CE,Federal Contract Tower,4,5,4,0,13,0,0,14,0,14,4,5,18,0,27,65,0,65,92
07/03/2023,MOT,ND,AGL,CE,Federal Contract Tower,6,8,6,0,20,0,2,59,0,61,6,10,65,0,81,58,0,58,139
07/04/2023,MOT,ND,AGL,CE,Federal Contract Tower,4,4,3,0,11,0,0,19,0,19,4,4,22,0,30,0,0,0,30
07/05/2023,MOT,ND,AGL,CE,Federal Contract Tower,6,13,9,0,28,0,0,72,0,72,6,13,81,0,100,47,0,47,147
07/06/2023,MOT,ND,AGL,CE,Federal Contract Tower,7,12,11,0,30,0,10,55,0,65,7,22,66,0,95,64,0,64,159
07/07/2023,MOT,ND,AGL,CE,Federal Contract Tower,4,13,3,2,22,0,0,35,0,35,4,13,38,2,57,80,0,80,137
07/08/2023,MOT,ND,AGL,CE,Federal Contract Tower,4,11,2,0,17,0,0,90,0,90,4,11,92,0,107,59,2,61,168
07/09/2023,MOT,ND,AGL,CE,Federal Contract Tower,6,4,3,0,13,0,1,59,0,60,6,5,62,0,73,15,0,15,88
07/10/2023,MOT,ND,AGL,CE,Federal Contract Tower,8,11,10,0,29,0,0,70,6,76,8,11,80,6,105,34,0,34,139
07/11/2023,MOT,ND,AGL,CE,Federal Contract Tower,6,11,20,0,37,0,0,19,6,25,6,11,39,6,62,8,0,8,70
07/12/2023,MOT,ND,AGL,CE,Federal Contract Tower,6,13,15,1,35,0,0,28,4,32,6,13,43,5,67,41,8,49,116
07/13/2023,MOT,ND,AGL,CE,Federal Contract Tower,7,14,5,0,26,0,3,45,0,48,7,17,50,0,74,86,0,86,160
07/14/2023,MOT,ND,AGL,CE,Federal Contract Tower,6,13,6,0,25,0,0,33,0,33,6,13,39,0,58,39,36,75,133
07/15/2023,MOT,ND,AGL,CE,Federal Contract Tower,4,8,8,0,20,0,0,50,0,50,4,8,58,0,70,104,0,104,174
07/16/2023,MOT,ND,AGL,CE,Federal Contract Tower,4,6,3,0,13,0,0,43,0,43,4,6,46,0,56,12,0,12,68
07/17/2023,MOT,ND,AGL,CE,Federal Contract Tower,8,7,12,0,27,0,2,57,0,59,8,9,69,0,86,68,0,68,154
07/18/2023,MOT,ND,AGL,CE,Federal Contract Tower,6,15,13,0,34,0,0,60,5,65,6,15,73,5,99,74,0,74,173
07/19/2023,MOT,ND,AGL,CE,Federal Contract Tower,6,15,8,0,29,0,0,12,0,12,6,15,20,0,41,28,0,28,69
07/20/2023,MOT,ND,AGL,CE,Federal Contract Tower,10,9,18,0,37,0,0,53,6,59,10,9,71,6,96,88,0,88,184
07/21/2023,MOT,ND,AGL,CE,Federal Contract Tower,8,13,7,0,28,0,2,51,0,53,8,15,58,0,81,37,8,45,126
07/22/2023,MOT,ND,AGL,CE,Federal Contract Tower,4,17,7,0,28,0,0,74,0,74,4,17,81,0,102,21,0,21,123
07/23/2023,MOT,ND,AGL,CE,Federal Contract Tower,6,14,9,0,29,0,0,44,0,44,6,14,53,0,73,5,0,5,78
07/24/2023,MOT,ND,AGL,CE,Federal Contract Tower,9,10,13,0,32,0,0,24,0,24,9,10,37,0,56,65,0,65,121
07/25/2023,MOT,ND,AGL,CE,Federal Contract Tower,6,13,13,0,32,0,1,51,0,52,6,14,64,0,84,27,0,27,111
07/26/2023,MOT,ND,AGL,CE,Federal Contract Tower,6,14,11,0,31,0,0,20,0,20,6,14,31,0,51,87,0,87,138
07/27/2023,MOT,ND,AGL,CE,Federal Contract Tower,8,15,9,0,32,0,0,41,0,41,8,15,50,0,73,73,0,73,146
07/28/2023,MOT,ND,AGL,CE,Federal Contract Tower,6,15,8,3,32,0,3,18,0,21,6,18,26,3,53,138,2,140,193
07/29/2023,MOT,ND,AGL,CE,Federal Contract Tower,3,8,23,0,34,0,0,19,0,19,3,8,42,0,53,36,0,36,89
07/30/2023,MOT,ND,AGL,CE,Federal Contract Tower,3,6,11,0,20,0,1,44,0,45,3,7,55,0,65,22,0,22,87
07/31/2023,MOT,ND,AGL,CE,Federal Contract Tower,8,8,5,0,21,0,0,29,9,38,8,8,34,9,59,11,0,11,70
08/01/2023,MOT,ND,AGL,CE,Federal Contract Tower,5,12,10,0,27,1,3,31,0,35,6,15,41,0,62,20,2,22,84
08/02/2023,MOT,ND,AGL,CE,Federal Contract Tower,7,6,18,0,31,0,1,44,2,47,7,7,62,2,78,117,0,117,195
08/03/2023,MOT,ND,AGL,CE,Federal Contract Tower,8,12,8,0,28,0,7,27,4,38,8,19,35,4,66,66,12,78,144
08/04/2023,MOT,ND,AGL,CE,Federal Contract Tower,7,13,6,0,26,0,7,8,0,15,7,20,14,0,41,69,0,69,110
08/05/2023,MOT,ND,AGL,CE,Federal Contract Tower,4,11,8,0,23,0,9,25,0,34,4,20,33,0,57,96,0,96,153
08/06/2023,MOT,ND,AGL,CE,Federal Contract Tower,6,14,6,0,26,0,2,25,0,27,6,16,31,0,53,47,0,47,100
08/07/2023,MOT,ND,AGL,CE,Federal Contract Tower,9,10,10,0,29,0,3,21,0,24,9,13,31,0,53,45,6,51,104
08/08/2023,MOT,ND,AGL,CE,Federal Contract Tower,6,12,11,0,29,0,2,33,0,35,6,14,44,0,64,68,6,74,138
08/09/2023,MOT,ND,AGL,CE,Federal Contract Tower,6,13,12,0,31,0,4,28,0,32,6,17,40,0,63,55,2,57,120
08/10/2023,MOT,ND,AGL,CE,Federal Contract Tower,8,16,10,0,34,0,0,17,0,17,8,16,27,0,51,7,0,7,58
08/11/2023,MOT,ND,AGL,CE,Federal Contract Tower,5,15,12,0,32,0,1,31,0,32,5,16,43,0,64,14,0,14,78
08/12/2023,MOT,ND,AGL,CE,Federal Contract Tower,4,11,8,0,23,0,0,31,0,31,4,11,39,0,54,46,0,46,100
08/13/2023,MOT,ND,AGL,CE,Federal Contract Tower,6,3,4,0,13,0,4,5,0,9,6,7,9,0,22,20,0,20,42
08/14/2023,MOT,ND,AGL,CE,Federal Contract Tower,8,8,11,0,27,0,1,39,0,40,8,9,50,0,67,83,2,85,152
08/16/2023,MOT,ND,AGL,CE,Federal Contract Tower,6,13,9,1,29,0,0,1,1,2,6,13,10,2,31,0,0,0,31
08/17/2023,MOT,ND,AGL,CE,Federal Contract Tower,8,17,6,0,31,0,0,47,3,50,8,17,53,3,81,77,26,103,184
08/18/2023,MOT,ND,AGL,CE,Federal Contract Tower,6,13,10,2,31,0,0,28,2,30,6,13,38,4,61,18,22,40,101
08/19/2023,MOT,ND,AGL,CE,Federal Contract Tower,4,10,8,0,22,0,0,20,0,20,4,10,28,0,42,12,0,12,54
08/20/2023,MOT,ND,AGL,CE,Federal Contract Tower,6,6,4,0,16,0,0,7,0,7,6,6,11,0,23,53,0,53,76
08/21/2023,MOT,ND,AGL,CE,Federal Contract Tower,8,16,12,2,38,0,0,13,0,13,8,16,25,2,51,33,4,37,88
08/22/2023,MOT,ND,AGL,CE,Federal Contract Tower,8,13,6,0,27,0,0,14,0,14,8,13,20,0,41,15,0,15,56
08/23/2023,MOT,ND,AGL,CE,Federal Contract Tower,6,15,10,0,31,0,0,12,8,20,6,15,22,8,51,66,2,68,119
08/24/2023,MOT,ND,AGL,CE,Federal Contract Tower,8,14,8,0,30,0,0,8,2,10,8,14,16,2,40,29,0,29,69
08/25/2023,MOT,ND,AGL,CE,Federal Contract Tower,6,10,6,0,22,0,0,25,0,25,6,10,31,0,47,49,6,55,102
08/26/2023,MOT,ND,AGL,CE,Federal Contract Tower,4,10,3,2,19,0,0,46,0,46,4,10,49,2,65,41,0,41,106
08/27/2023,MOT,ND,AGL,CE,Federal Contract Tower,6,3,7,0,16,0,0,27,0,27,6,3,34,0,43,63,0,63,106
08/28/2023,MOT,ND,AGL,CE,Federal Contract Tower,8,10,22,2,42,0,2,28,2,32,8,12,50,4,74,2,0,2,76
08/29/2023,MOT,ND,AGL,CE,Federal Contract Tower,6,14,8,0,28,0,0,20,0,20,6,14,28,0,48,93,0,93,141
08/30/2023,MOT,ND,AGL,CE,Federal Contract Tower,6,15,5,0,26,0,0,11,8,19,6,15,16,8,45,71,0,71,116
08/31/2023,MOT,ND,AGL,CE,Federal Contract Tower,8,14,7,0,29,0,2,44,0,46,8,16,51,0,75,50,2,52,127
