01/01/2020,MQY,TN,ASO,CE,Federal Contract Tower,0,3,16,0,19,0,3,85,0,88,0,6,101,0,107,114,0,114,221
01/02/2020,MQY,TN,ASO,CE,Federal Contract Tower,1,4,25,0,30,0,0,1,0,1,1,4,26,0,31,2,0,2,33
01/03/2020,MQY,TN,ASO,CE,Federal Contract Tower,1,16,28,0,45,0,0,0,0,0,1,16,28,0,45,0,0,0,45
01/04/2020,MQY,TN,ASO,CE,Federal Contract Tower,0,7,15,0,22,0,2,44,0,46,0,9,59,0,68,96,0,96,164
01/05/2020,MQY,TN,ASO,CE,Federal Contract Tower,0,16,41,0,57,0,2,94,0,96,0,18,135,0,153,124,0,124,277
01/06/2020,MQY,TN,ASO,CE,Federal Contract Tower,0,15,32,0,47,0,4,102,1,107,0,19,134,1,154,182,0,182,336
01/07/2020,MQY,TN,ASO,CE,Federal Contract Tower,0,12,55,4,71,0,6,99,0,105,0,18,154,4,176,146,0,146,322
01/08/2020,MQY,TN,ASO,CE,Federal Contract Tower,0,14,54,2,70,0,16,154,3,173,0,30,208,5,243,166,0,166,409
01/09/2020,MQY,TN,ASO,CE,Federal Contract Tower,1,14,36,0,51,0,5,85,9,99,1,19,121,9,150,152,0,152,302
01/10/2020,MQY,TN,ASO,CE,Federal Contract Tower,0,6,22,1,29,0,0,25,17,42,0,6,47,18,71,0,74,74,145
01/11/2020,MQY,TN,ASO,CE,Federal Contract Tower,0,0,2,0,2,0,0,0,0,0,0,0,2,0,2,0,0,0,2
01/12/2020,MQY,TN,ASO,CE,Federal Contract Tower,0,5,36,2,43,0,0,71,0,71,0,5,107,2,114,118,0,118,232
01/13/2020,MQY,TN,ASO,CE,Federal Contract Tower,0,11,57,1,69,0,10,72,0,82,0,21,129,1,151,134,0,134,285
01/14/2020,MQY,TN,ASO,CE,Federal Contract Tower,0,5,46,2,53,0,1,46,5,52,0,6,92,7,105,102,2,104,209
01/15/2020,MQY,TN,ASO,CE,Federal Contract Tower,1,10,67,0,78,0,0,12,0,12,1,10,79,0,90,58,0,58,148
01/16/2020,MQY,TN,ASO,CE,Federal Contract Tower,1,16,44,6,67,0,2,138,8,148,1,18,182,14,215,286,20,306,521
01/17/2020,MQY,TN,ASO,CE,Federal Contract Tower,1,5,52,21,79,0,4,103,9,116,1,9,155,30,195,222,20,242,437
01/18/2020,MQY,TN,ASO,CE,Federal Contract Tower,2,1,12,4,19,0,2,3,0,5,2,3,15,4,24,16,0,16,40
01/19/2020,MQY,TN,ASO,CE,Federal Contract Tower,0,8,29,30,67,0,1,49,0,50,0,9,78,30,117,102,0,102,219
01/20/2020,MQY,TN,ASO,CE,Federal Contract Tower,0,9,22,2,33,0,13,51,0,64,0,22,73,2,97,152,0,152,249
01/21/2020,MQY,TN,ASO,CE,Federal Contract Tower,0,20,42,1,63,0,27,89,1,117,0,47,131,2,180,220,0,220,400
01/22/2020,MQY,TN,ASO,CE,Federal Contract Tower,1,9,48,3,61,0,7,105,6,118,1,16,153,9,179,224,2,226,405
01/23/2020,MQY,TN,ASO,CE,Federal Contract Tower,3,9,41,0,53,0,17,34,1,52,3,26,75,1,105,90,0,90,195
01/24/2020,MQY,TN,ASO,CE,Federal Contract Tower,0,4,39,3,46,1,2,20,9,32,1,6,59,12,78,84,40,124,202
01/25/2020,MQY,TN,ASO,CE,Federal Contract Tower,0,1,12,2,15,0,6,49,17,72,0,7,61,19,87,214,46,260,347
01/26/2020,MQY,TN,ASO,CE,Federal Contract Tower,5,4,41,0,50,0,8,106,1,115,5,12,147,1,165,192,0,192,357
01/27/2020,MQY,TN,ASO,CE,Federal Contract Tower,1,10,50,0,61,0,3,63,1,67,1,13,113,1,128,154,0,154,282
01/28/2020,MQY,TN,ASO,CE,Federal Contract Tower,0,10,55,2,67,0,12,42,6,60,0,22,97,8,127,106,10,116,243
01/29/2020,MQY,TN,ASO,CE,Federal Contract Tower,0,9,54,8,71,0,8,108,4,120,0,17,162,12,191,282,2,284,475
01/30/2020,MQY,TN,ASO,CE,Federal Contract Tower,3,4,67,2,76,0,18,107,17,142,3,22,174,19,218,184,32,216,434
01/31/2020,MQY,TN,ASO,CE,Federal Contract Tower,0,4,43,14,61,0,0,68,3,71,0,4,111,17,132,192,4,196,328
02/01/2020,MQY,TN,ASO,ES,Federal Contract Tower,0,0,16,6,22,10,6,43,1,60,10,6,59,7,82,144,0,144,226
02/02/2020,MQY,TN,ASO,ES,Federal Contract Tower,2,3,34,5,44,0,12,79,4,95,2,15,113,9,139,122,0,122,261
02/03/2020,MQY,TN,ASO,ES,Federal Contract Tower,0,14,35,1,50,0,31,71,1,103,0,45,106,2,153,133,0,133,286
02/04/2020,MQY,TN,ASO,ES,Federal Contract Tower,1,7,25,0,33,0,0,7,0,7,1,7,32,0,40,20,0,20,60
02/05/2020,MQY,TN,ASO,ES,Federal Contract Tower,0,5,14,0,19,0,0,0,0,0,0,5,14,0,19,0,0,0,19
02/06/2020,MQY,TN,ASO,ES,Federal Contract Tower,0,12,14,0,26,0,0,4,0,4,0,12,18,0,30,0,0,0,30
02/07/2020,MQY,TN,ASO,ES,Federal Contract Tower,0,5,35,0,40,0,15,47,6,68,0,20,82,6,108,100,0,100,208
02/08/2020,MQY,TN,ASO,ES,Federal Contract Tower,0,7,37,2,46,0,17,100,10,127,0,24,137,12,173,122,20,142,315
02/09/2020,MQY,TN,ASO,ES,Federal Contract Tower,0,9,25,1,35,0,17,79,5,101,0,26,104,6,136,108,0,108,244
02/10/2020,MQY,TN,ASO,ES,Federal Contract Tower,0,10,26,0,36,0,0,0,0,0,0,10,26,0,36,0,0,0,36
02/11/2020,MQY,TN,ASO,ES,Federal Contract Tower,0,13,44,2,59,0,0,10,6,16,0,13,54,8,75,74,20,94,169
02/12/2020,MQY,TN,ASO,ES,Federal Contract Tower,1,9,25,0,35,0,0,0,0,0,1,9,25,0,35,0,0,0,35
02/13/2020,MQY,TN,ASO,ES,Federal Contract Tower,1,7,25,0,33,0,2,51,14,67,1,9,76,14,100,224,42,266,366
02/14/2020,MQY,TN,ASO,ES,Federal Contract Tower,1,13,54,0,68,0,71,130,2,203,1,84,184,2,271,246,2,248,519
02/15/2020,MQY,TN,ASO,ES,Federal Contract Tower,1,5,39,2,47,0,67,127,6,200,1,72,166,8,247,198,10,208,455
02/16/2020,MQY,TN,ASO,ES,Federal Contract Tower,2,13,30,7,52,0,26,87,1,114,2,39,117,8,166,178,0,178,344
02/17/2020,MQY,TN,ASO,ES,Federal Contract Tower,0,15,33,0,48,0,26,117,1,144,0,41,150,1,192,184,0,184,376
02/18/2020,MQY,TN,ASO,ES,Federal Contract Tower,1,13,18,0,32,0,0,0,0,0,1,13,18,0,32,0,0,0,32
02/19/2020,MQY,TN,ASO,ES,Federal Contract Tower,0,14,58,0,72,0,46,120,6,172,0,60,178,6,244,312,0,312,556
02/20/2020,MQY,TN,ASO,ES,Federal Contract Tower,0,10,25,6,41,0,0,37,6,43,0,10,62,12,84,22,0,22,106
02/21/2020,MQY,TN,ASO,ES,Federal Contract Tower,0,24,47,24,95,0,37,137,14,188,0,61,184,38,283,232,10,242,525
02/22/2020,MQY,TN,ASO,ES,Federal Contract Tower,1,1,39,1,42,0,54,142,12,208,1,55,181,13,250,232,10,242,492
02/23/2020,MQY,TN,ASO,ES,Federal Contract Tower,1,7,41,6,55,0,113,77,3,193,1,120,118,9,248,158,0,158,406
02/24/2020,MQY,TN,ASO,ES,Federal Contract Tower,0,4,23,0,27,0,0,2,0,2,0,4,25,0,29,6,0,6,35
02/25/2020,MQY,TN,ASO,ES,Federal Contract Tower,0,8,76,0,84,0,73,69,14,156,0,81,145,14,240,214,12,226,466
02/26/2020,MQY,TN,ASO,ES,Federal Contract Tower,0,11,13,2,26,0,0,31,0,31,0,11,44,2,57,112,0,112,169
02/27/2020,MQY,TN,ASO,ES,Federal Contract Tower,0,24,35,4,63,0,31,127,12,170,0,55,162,16,233,210,20,230,463
02/28/2020,MQY,TN,ASO,ES,Federal Contract Tower,1,18,27,1,47,0,3,56,1,60,1,21,83,2,107,120,0,120,227
02/29/2020,MQY,TN,ASO,ES,Federal Contract Tower,0,28,40,5,73,0,47,157,2,206,0,75,197,7,279,264,0,264,543
03/01/2020,MQY,TN,ASO,ES,Federal Contract Tower,1,26,45,3,75,0,58,102,6,166,1,84,147,9,241,160,4,164,405
03/02/2020,MQY,TN,ASO,ES,Federal Contract Tower,0,12,28,7,47,0,0,4,0,4,0,12,32,7,51,16,0,16,67
03/03/2020,MQY,TN,ASO,ES,Federal Contract Tower,0,15,49,2,66,0,32,75,27,134,0,47,124,29,200,176,0,176,376
03/04/2020,MQY,TN,ASO,ES,Federal Contract Tower,1,52,36,4,93,0,69,157,6,232,1,121,193,10,325,362,2,364,689
03/05/2020,MQY,TN,ASO,ES,Federal Contract Tower,1,61,46,4,112,0,36,154,3,193,1,97,200,7,305,332,0,332,637
03/06/2020,MQY,TN,ASO,ES,Federal Contract Tower,2,24,51,8,85,0,6,44,8,58,2,30,95,16,143,74,0,74,217
03/07/2020,MQY,TN,ASO,ES,Federal Contract Tower,0,14,26,1,41,0,32,147,9,188,0,46,173,10,229,260,0,260,489
03/08/2020,MQY,TN,ASO,ES,Federal Contract Tower,0,14,36,6,56,0,72,134,3,209,0,86,170,9,265,148,0,148,413
03/09/2020,MQY,TN,ASO,ES,Federal Contract Tower,0,14,53,1,68,0,8,95,3,106,0,22,148,4,174,210,0,210,384
03/10/2020,MQY,TN,ASO,ES,Federal Contract Tower,0,8,30,4,42,0,2,32,3,37,0,10,62,7,79,118,8,126,205
03/11/2020,MQY,TN,ASO,ES,Federal Contract Tower,0,20,47,5,72,0,16,42,5,63,0,36,89,10,135,114,26,140,275
03/12/2020,MQY,TN,ASO,ES,Federal Contract Tower,0,4,47,2,53,0,0,27,0,27,0,4,74,2,80,244,0,244,324
03/13/2020,MQY,TN,ASO,ES,Federal Contract Tower,1,10,63,2,76,0,10,143,1,154,1,20,206,3,230,334,0,334,564
03/14/2020,MQY,TN,ASO,ES,Federal Contract Tower,0,2,25,0,27,0,3,60,0,63,0,5,85,0,90,280,0,280,370
03/15/2020,MQY,TN,ASO,ES,Federal Contract Tower,0,10,48,0,58,0,0,21,0,21,0,10,69,0,79,70,0,70,149
03/16/2020,MQY,TN,ASO,ES,Federal Contract Tower,0,13,45,6,64,0,0,39,0,39,0,13,84,6,103,252,0,252,355
03/17/2020,MQY,TN,ASO,ES,Federal Contract Tower,1,5,36,5,47,0,0,0,1,1,1,5,36,6,48,0,0,0,48
03/18/2020,MQY,TN,ASO,ES,Federal Contract Tower,0,9,31,0,40,0,11,68,0,79,0,20,99,0,119,200,0,200,319
03/19/2020,MQY,TN,ASO,ES,Federal Contract Tower,3,5,41,0,49,0,2,47,0,49,3,7,88,0,98,186,0,186,284
03/20/2020,MQY,TN,ASO,ES,Federal Contract Tower,2,2,24,0,28,2,1,15,0,18,4,3,39,0,46,172,0,172,218
03/21/2020,MQY,TN,ASO,ES,Federal Contract Tower,1,2,38,0,41,0,2,80,4,86,1,4,118,4,127,218,0,218,345
03/22/2020,MQY,TN,ASO,ES,Federal Contract Tower,0,1,44,0,45,0,3,103,3,109,0,4,147,3,154,228,0,228,382
03/23/2020,MQY,TN,ASO,ES,Federal Contract Tower,1,6,19,0,26,0,6,33,0,39,1,12,52,0,65,180,0,180,245
03/24/2020,MQY,TN,ASO,ES,Federal Contract Tower,0,3,6,0,9,0,0,0,0,0,0,3,6,0,9,0,0,0,9
03/25/2020,MQY,TN,ASO,ES,Federal Contract Tower,1,7,52,0,60,0,2,151,1,154,1,9,203,1,214,480,0,480,694
03/26/2020,MQY,TN,ASO,ES,Federal Contract Tower,1,4,37,6,48,0,8,180,9,197,1,12,217,15,245,222,0,222,467
03/27/2020,MQY,TN,ASO,ES,Federal Contract Tower,0,7,24,0,31,0,10,154,0,164,0,17,178,0,195,324,0,324,519
03/28/2020,MQY,TN,ASO,ES,Federal Contract Tower,0,8,17,0,25,0,9,58,0,67,0,17,75,0,92,224,0,224,316
03/29/2020,MQY,TN,ASO,ES,Federal Contract Tower,0,0,10,0,10,0,0,56,0,56,0,0,66,0,66,88,0,88,154
03/30/2020,MQY,TN,ASO,ES,Federal Contract Tower,0,3,26,0,29,0,9,103,1,113,0,12,129,1,142,292,0,292,434
03/31/2020,MQY,TN,ASO,ES,Federal Contract Tower,0,1,16,0,17,0,0,10,0,10,0,1,26,0,27,110,0,110,137
04/01/2020,MQY,TN,ASO,ES,Federal Contract Tower,0,3,25,0,28,0,0,95,0,95,0,3,120,0,123,154,0,154,277
04/02/2020,MQY,TN,ASO,ES,Federal Contract Tower,0,3,32,0,35,0,9,155,3,167,0,12,187,3,202,338,4,342,544
04/03/2020,MQY,TN,ASO,ES,Federal Contract Tower,0,1,23,0,24,0,5,152,2,159,0,6,175,2,183,252,0,252,435
04/04/2020,MQY,TN,ASO,ES,Federal Contract Tower,0,0,14,1,15,0,7,114,2,123,0,7,128,3,138,258,0,258,396
04/05/2020,MQY,TN,ASO,ES,Federal Contract Tower,0,5,19,0,24,0,6,105,1,112,0,11,124,1,136,156,0,156,292
04/06/2020,MQY,TN,ASO,ES,Federal Contract Tower,0,2,30,0,32,0,3,92,0,95,0,5,122,0,127,124,0,124,251
04/07/2020,MQY,TN,ASO,ES,Federal Contract Tower,0,2,16,0,18,0,0,70,0,70,0,2,86,0,88,64,0,64,152
04/08/2020,MQY,TN,ASO,ES,Federal Contract Tower,0,2,29,0,31,0,1,45,3,49,0,3,74,3,80,78,0,78,158
04/09/2020,MQY,TN,ASO,ES,Federal Contract Tower,0,4,19,0,23,0,1,88,0,89,0,5,107,0,112,158,0,158,270
04/10/2020,MQY,TN,ASO,ES,Federal Contract Tower,0,5,23,0,28,0,10,114,8,132,0,15,137,8,160,132,0,132,292
04/11/2020,MQY,TN,ASO,ES,Federal Contract Tower,0,2,24,1,27,0,0,118,0,118,0,2,142,1,145,140,0,140,285
04/12/2020,MQY,TN,ASO,ES,Federal Contract Tower,0,0,3,0,3,0,0,0,0,0,0,0,3,0,3,0,0,0,3
04/13/2020,MQY,TN,ASO,ES,Federal Contract Tower,0,2,17,0,19,0,0,28,0,28,0,2,45,0,47,88,0,88,135
04/14/2020,MQY,TN,ASO,ES,Federal Contract Tower,0,2,47,0,49,0,3,90,5,98,0,5,137,5,147,104,0,104,251
04/15/2020,MQY,TN,ASO,ES,Federal Contract Tower,1,4,47,0,52,0,3,134,4,141,1,7,181,4,193,202,0,202,395
04/16/2020,MQY,TN,ASO,ES,Federal Contract Tower,0,1,36,0,37,0,4,158,0,162,0,5,194,0,199,220,0,220,419
04/17/2020,MQY,TN,ASO,ES,Federal Contract Tower,0,4,13,0,17,0,12,66,0,78,0,16,79,0,95,116,0,116,211
04/18/2020,MQY,TN,ASO,ES,Federal Contract Tower,0,2,21,0,23,0,1,101,5,107,0,3,122,5,130,306,0,306,436
04/19/2020,MQY,TN,ASO,ES,Federal Contract Tower,0,2,8,0,10,0,4,18,7,29,0,6,26,7,39,110,0,110,149
04/20/2020,MQY,TN,ASO,ES,Federal Contract Tower,0,2,19,4,25,0,4,120,1,125,0,6,139,5,150,260,0,260,410
04/21/2020,MQY,TN,ASO,ES,Federal Contract Tower,0,3,25,0,28,0,3,100,3,106,0,6,125,3,134,230,2,232,366
04/22/2020,MQY,TN,ASO,ES,Federal Contract Tower,0,3,37,2,42,0,6,111,10,127,0,9,148,12,169,202,0,202,371
04/23/2020,MQY,TN,ASO,ES,Federal Contract Tower,0,2,5,0,7,0,0,2,0,2,0,2,7,0,9,0,0,0,9
04/24/2020,MQY,TN,ASO,ES,Federal Contract Tower,0,6,36,0,42,0,3,110,3,116,0,9,146,3,158,318,0,318,476
04/25/2020,MQY,TN,ASO,ES,Federal Contract Tower,0,2,7,0,9,0,0,4,0,4,0,2,11,0,13,12,0,12,25
04/26/2020,MQY,TN,ASO,ES,Federal Contract Tower,0,2,20,0,22,0,0,11,0,11,0,2,31,0,33,20,0,20,53
04/27/2020,MQY,TN,ASO,ES,Federal Contract Tower,0,6,48,0,54,0,3,132,2,137,0,9,180,2,191,214,2,216,407
04/28/2020,MQY,TN,ASO,ES,Federal Contract Tower,0,3,45,0,48,0,3,114,12,129,0,6,159,12,177,254,28,282,459
04/29/2020,MQY,TN,ASO,ES,Federal Contract Tower,2,4,14,0,20,0,1,11,2,14,2,5,25,2,34,34,0,34,68
04/30/2020,MQY,TN,ASO,ES,Federal Contract Tower,0,4,40,2,46,0,5,64,6,75,0,9,104,8,121,122,10,132,253
05/01/2020,MQY,TN,ASO,ES,Federal Contract Tower,1,5,51,0,57,0,18,190,4,212,1,23,241,4,269,396,12,408,677
05/02/2020,MQY,TN,ASO,ES,Federal Contract Tower,0,2,22,0,24,0,0,102,3,105,0,2,124,3,129,176,0,176,305
05/03/2020,MQY,TN,ASO,ES,Federal Contract Tower,0,2,16,0,18,0,0,51,0,51,0,2,67,0,69,100,0,100,169
05/04/2020,MQY,TN,ASO,ES,Federal Contract Tower,0,3,24,0,27,0,3,80,0,83,0,6,104,0,110,220,0,220,330
05/05/2020,MQY,TN,ASO,ES,Federal Contract Tower,0,6,28,3,37,0,3,17,6,26,0,9,45,9,63,6,12,18,81
05/06/2020,MQY,TN,ASO,ES,Federal Contract Tower,0,4,38,0,42,0,6,52,1,59,0,10,90,1,101,112,0,112,213
05/07/2020,MQY,TN,ASO,ES,Federal Contract Tower,0,5,59,5,69,0,13,173,6,192,0,18,232,11,261,294,0,294,555
05/08/2020,MQY,TN,ASO,ES,Federal Contract Tower,0,1,23,0,24,0,8,5,0,13,0,9,28,0,37,6,0,6,43
05/09/2020,MQY,TN,ASO,ES,Federal Contract Tower,1,0,45,0,46,0,1,164,0,165,1,1,209,0,211,210,0,210,421
05/10/2020,MQY,TN,ASO,ES,Federal Contract Tower,0,0,25,0,25,0,4,55,0,59,0,4,80,0,84,68,0,68,152
05/11/2020,MQY,TN,ASO,ES,Federal Contract Tower,0,4,57,0,61,0,1,156,2,159,0,5,213,2,220,258,0,258,478
05/12/2020,MQY,TN,ASO,ES,Federal Contract Tower,0,4,64,0,68,0,4,100,6,110,0,8,164,6,178,252,0,252,430
05/13/2020,MQY,TN,ASO,ES,Federal Contract Tower,0,3,30,2,35,0,5,91,2,98,0,8,121,4,133,192,0,192,325
05/14/2020,MQY,TN,ASO,ES,Federal Contract Tower,0,5,46,2,53,0,16,105,8,129,0,21,151,10,182,104,6,110,292
05/15/2020,MQY,TN,ASO,ES,Federal Contract Tower,0,4,48,0,52,0,1,106,1,108,0,5,154,1,160,100,0,100,260
05/16/2020,MQY,TN,ASO,ES,Federal Contract Tower,0,3,22,17,42,0,1,75,1,77,0,4,97,18,119,154,4,158,277
05/17/2020,MQY,TN,ASO,ES,Federal Contract Tower,0,2,20,0,22,0,5,41,0,46,0,7,61,0,68,78,0,78,146
05/18/2020,MQY,TN,ASO,ES,Federal Contract Tower,0,0,36,0,36,0,1,22,0,23,0,1,58,0,59,52,0,52,111
05/19/2020,MQY,TN,ASO,ES,Federal Contract Tower,0,4,58,2,64,0,1,79,5,85,0,5,137,7,149,148,12,160,309
05/20/2020,MQY,TN,ASO,ES,Federal Contract Tower,0,5,63,0,68,0,2,29,4,35,0,7,92,4,103,142,14,156,259
05/21/2020,MQY,TN,ASO,ES,Federal Contract Tower,1,10,59,1,71,0,2,82,5,89,1,12,141,6,160,244,0,244,404
05/22/2020,MQY,TN,ASO,ES,Federal Contract Tower,1,3,44,0,48,0,5,89,0,94,1,8,133,0,142,214,0,214,356
05/23/2020,MQY,TN,ASO,ES,Federal Contract Tower,0,0,45,0,45,0,22,93,2,117,0,22,138,2,162,256,0,256,418
05/24/2020,MQY,TN,ASO,ES,Federal Contract Tower,0,3,24,0,27,0,2,77,0,79,0,5,101,0,106,140,0,140,246
05/25/2020,MQY,TN,ASO,ES,Federal Contract Tower,0,0,29,0,29,0,0,81,0,81,0,0,110,0,110,154,0,154,264
05/26/2020,MQY,TN,ASO,ES,Federal Contract Tower,0,8,43,4,55,0,4,106,0,110,0,12,149,4,165,154,0,154,319
05/27/2020,MQY,TN,ASO,ES,Federal Contract Tower,0,4,33,1,38,0,2,14,0,16,0,6,47,1,54,96,0,96,150
05/28/2020,MQY,TN,ASO,ES,Federal Contract Tower,0,5,58,0,63,0,17,128,5,150,0,22,186,5,213,300,0,300,513
05/29/2020,MQY,TN,ASO,ES,Federal Contract Tower,0,6,39,0,45,0,10,142,12,164,0,16,181,12,209,202,0,202,411
05/30/2020,MQY,TN,ASO,ES,Federal Contract Tower,0,5,35,2,42,0,10,132,0,142,0,15,167,2,184,218,0,218,402
05/31/2020,MQY,TN,ASO,ES,Federal Contract Tower,1,3,32,1,37,0,10,77,5,92,1,13,109,6,129,136,0,136,265
06/01/2020,MQY,TN,ASO,ES,Federal Contract Tower,0,21,59,0,80,0,29,132,0,161,0,50,191,0,241,242,0,242,483
06/02/2020,MQY,TN,ASO,ES,Federal Contract Tower,0,10,43,0,53,0,38,141,7,186,0,48,184,7,239,270,0,270,509
06/03/2020,MQY,TN,ASO,ES,Federal Contract Tower,1,10,51,2,64,0,35,124,0,159,1,45,175,2,223,292,0,292,515
06/04/2020,MQY,TN,ASO,ES,Federal Contract Tower,0,12,33,11,56,0,7,96,2,105,0,19,129,13,161,158,0,158,319
06/05/2020,MQY,TN,ASO,ES,Federal Contract Tower,0,27,48,2,77,0,33,121,14,168,0,60,169,16,245,212,0,212,457
06/06/2020,MQY,TN,ASO,ES,Federal Contract Tower,0,22,44,0,66,0,8,132,0,140,0,30,176,0,206,216,0,216,422
06/07/2020,MQY,TN,ASO,ES,Federal Contract Tower,0,18,40,2,60,0,43,83,0,126,0,61,123,2,186,168,0,168,354
06/08/2020,MQY,TN,ASO,ES,Federal Contract Tower,0,8,41,0,49,0,16,82,0,98,0,24,123,0,147,114,0,114,261
06/09/2020,MQY,TN,ASO,ES,Federal Contract Tower,0,7,8,10,25,0,1,16,3,20,0,8,24,13,45,38,36,74,119
06/10/2020,MQY,TN,ASO,ES,Federal Contract Tower,1,9,40,1,51,0,3,54,2,59,1,12,94,3,110,42,0,42,152
06/11/2020,MQY,TN,ASO,ES,Federal Contract Tower,0,36,59,0,95,0,34,156,25,215,0,70,215,25,310,274,48,322,632
06/12/2020,MQY,TN,ASO,ES,Federal Contract Tower,0,31,71,0,102,0,17,160,13,190,0,48,231,13,292,284,4,288,580
06/13/2020,MQY,TN,ASO,ES,Federal Contract Tower,0,9,28,0,37,0,22,134,1,157,0,31,162,1,194,244,0,244,438
06/14/2020,MQY,TN,ASO,ES,Federal Contract Tower,0,6,18,0,24,0,22,55,0,77,0,28,73,0,101,130,0,130,231
06/15/2020,MQY,TN,ASO,ES,Federal Contract Tower,0,22,43,2,67,0,45,104,6,155,0,67,147,8,222,246,0,246,468
06/16/2020,MQY,TN,ASO,ES,Federal Contract Tower,0,29,40,0,69,0,49,106,0,155,0,78,146,0,224,210,0,210,434
06/17/2020,MQY,TN,ASO,ES,Federal Contract Tower,0,18,62,0,80,0,87,164,6,257,0,105,226,6,337,286,0,286,623
06/18/2020,MQY,TN,ASO,ES,Federal Contract Tower,0,23,50,2,75,0,42,137,8,187,0,65,187,10,262,290,0,290,552
06/19/2020,MQY,TN,ASO,ES,Federal Contract Tower,0,15,54,0,69,0,42,124,2,168,0,57,178,2,237,192,0,192,429
06/20/2020,MQY,TN,ASO,ES,Federal Contract Tower,0,22,44,0,66,0,63,113,0,176,0,85,157,0,242,162,0,162,404
06/21/2020,MQY,TN,ASO,ES,Federal Contract Tower,1,5,21,0,27,0,21,0,0,21,1,26,21,0,48,56,0,56,104
06/22/2020,MQY,TN,ASO,ES,Federal Contract Tower,0,1,40,0,41,0,16,73,0,89,0,17,113,0,130,134,0,134,264
06/23/2020,MQY,TN,ASO,ES,Federal Contract Tower,0,25,83,0,108,0,21,86,13,120,0,46,169,13,228,166,16,182,410
06/24/2020,MQY,TN,ASO,ES,Federal Contract Tower,2,34,53,2,91,0,75,161,1,237,2,109,214,3,328,250,0,250,578
06/25/2020,MQY,TN,ASO,ES,Federal Contract Tower,0,31,62,2,95,0,83,162,19,264,0,114,224,21,359,406,34,440,799
06/26/2020,MQY,TN,ASO,ES,Federal Contract Tower,0,17,67,0,84,0,8,94,8,110,0,25,161,8,194,176,0,176,370
06/27/2020,MQY,TN,ASO,ES,Federal Contract Tower,0,11,33,0,44,0,1,32,0,33,0,12,65,0,77,24,0,24,101
06/28/2020,MQY,TN,ASO,ES,Federal Contract Tower,0,9,33,0,42,0,0,26,0,26,0,9,59,0,68,10,0,10,78
06/29/2020,MQY,TN,ASO,ES,Federal Contract Tower,0,6,24,1,31,0,34,66,12,112,0,40,90,13,143,140,10,150,293
06/30/2020,MQY,TN,ASO,ES,Federal Contract Tower,0,2,27,0,29,0,3,22,0,25,0,5,49,0,54,54,0,54,108
07/01/2020,MQY,TN,ASO,ES,Federal Contract Tower,0,12,57,0,69,0,10,24,14,48,0,22,81,14,117,30,6,36,153
07/02/2020,MQY,TN,ASO,ES,Federal Contract Tower,0,30,68,1,99,0,38,146,4,188,0,68,214,5,287,272,4,276,563
07/03/2020,MQY,TN,ASO,ES,Federal Contract Tower,0,20,42,0,62,0,56,150,7,213,0,76,192,7,275,178,0,178,453
07/04/2020,MQY,TN,ASO,ES,Federal Contract Tower,0,4,21,0,25,0,7,67,8,82,0,11,88,8,107,24,0,24,131
07/05/2020,MQY,TN,ASO,ES,Federal Contract Tower,0,6,31,2,39,0,31,32,0,63,0,37,63,2,102,32,0,32,134
07/06/2020,MQY,TN,ASO,ES,Federal Contract Tower,0,27,51,0,78,0,40,108,0,148,0,67,159,0,226,198,0,198,424
07/07/2020,MQY,TN,ASO,ES,Federal Contract Tower,0,20,35,0,55,0,16,102,6,124,0,36,137,6,179,186,4,190,369
07/08/2020,MQY,TN,ASO,ES,Federal Contract Tower,0,12,41,8,61,0,37,115,26,178,0,49,156,34,239,248,58,306,545
07/09/2020,MQY,TN,ASO,ES,Federal Contract Tower,2,13,43,0,58,0,80,159,9,248,2,93,202,9,306,270,4,274,580
07/10/2020,MQY,TN,ASO,ES,Federal Contract Tower,1,12,52,7,72,0,35,125,0,160,1,47,177,7,232,182,0,182,414
07/11/2020,MQY,TN,ASO,ES,Federal Contract Tower,0,10,32,1,43,0,23,125,7,155,0,33,157,8,198,108,2,110,308
07/12/2020,MQY,TN,ASO,ES,Federal Contract Tower,0,4,14,0,18,0,1,24,0,25,0,5,38,0,43,16,0,16,59
07/13/2020,MQY,TN,ASO,ES,Federal Contract Tower,0,16,53,5,74,0,55,132,8,195,0,71,185,13,269,210,2,212,481
07/14/2020,MQY,TN,ASO,ES,Federal Contract Tower,0,13,65,1,79,0,11,138,8,157,0,24,203,9,236,180,0,180,416
07/15/2020,MQY,TN,ASO,ES,Federal Contract Tower,0,14,86,1,101,0,9,194,6,209,0,23,280,7,310,382,0,382,692
07/16/2020,MQY,TN,ASO,ES,Federal Contract Tower,0,6,48,3,57,0,4,166,7,177,0,10,214,10,234,256,24,280,514
07/17/2020,MQY,TN,ASO,ES,Federal Contract Tower,0,5,45,0,50,0,10,140,3,153,0,15,185,3,203,180,0,180,383
07/18/2020,MQY,TN,ASO,ES,Federal Contract Tower,0,4,26,0,30,0,4,95,2,101,0,8,121,2,131,170,0,170,301
07/19/2020,MQY,TN,ASO,ES,Federal Contract Tower,0,6,33,0,39,0,3,55,0,58,0,9,88,0,97,68,0,68,165
07/20/2020,MQY,TN,ASO,ES,Federal Contract Tower,0,6,48,1,55,0,2,114,34,150,0,8,162,35,205,194,22,216,421
07/21/2020,MQY,TN,ASO,ES,Federal Contract Tower,0,13,46,0,59,0,16,96,0,112,0,29,142,0,171,156,0,156,327
07/22/2020,MQY,TN,ASO,ES,Federal Contract Tower,1,8,39,0,48,0,4,83,1,88,1,12,122,1,136,154,0,154,290
07/23/2020,MQY,TN,ASO,ES,Federal Contract Tower,0,12,38,0,50,0,12,99,10,121,0,24,137,10,171,282,44,326,497
07/24/2020,MQY,TN,ASO,ES,Federal Contract Tower,0,14,40,0,54,0,44,119,0,163,0,58,159,0,217,160,0,160,377
07/25/2020,MQY,TN,ASO,ES,Federal Contract Tower,0,22,33,1,56,0,24,105,0,129,0,46,138,1,185,176,0,176,361
07/26/2020,MQY,TN,ASO,ES,Federal Contract Tower,0,11,41,0,52,0,23,83,1,107,0,34,124,1,159,144,0,144,303
07/27/2020,MQY,TN,ASO,ES,Federal Contract Tower,0,25,49,0,74,0,13,96,0,109,0,38,145,0,183,162,0,162,345
07/28/2020,MQY,TN,ASO,ES,Federal Contract Tower,0,24,39,0,63,0,3,72,0,75,0,27,111,0,138,168,0,168,306
07/29/2020,MQY,TN,ASO,ES,Federal Contract Tower,0,19,61,3,83,0,4,102,2,108,0,23,163,5,191,324,4,328,519
07/30/2020,MQY,TN,ASO,ES,Federal Contract Tower,2,9,34,1,46,8,78,6,0,92,10,87,40,1,138,182,20,202,340
07/31/2020,MQY,TN,ASO,ES,Federal Contract Tower,0,16,36,1,53,0,1,57,3,61,0,17,93,4,114,166,0,166,280
08/01/2020,MQY,TN,ASO,ES,Federal Contract Tower,0,5,21,0,26,0,4,27,0,31,0,9,48,0,57,48,0,48,105
08/02/2020,MQY,TN,ASO,ES,Federal Contract Tower,0,9,30,0,39,0,18,100,0,118,0,27,130,0,157,268,0,268,425
08/03/2020,MQY,TN,ASO,ES,Federal Contract Tower,0,20,42,0,62,0,5,133,0,138,0,25,175,0,200,206,0,206,406
08/04/2020,MQY,TN,ASO,ES,Federal Contract Tower,0,14,80,0,94,0,5,94,3,102,0,19,174,3,196,130,0,130,326
08/05/2020,MQY,TN,ASO,ES,Federal Contract Tower,0,20,80,1,101,0,14,172,4,190,0,34,252,5,291,292,0,292,583
08/06/2020,MQY,TN,ASO,ES,Federal Contract Tower,0,12,55,12,79,0,21,167,14,202,0,33,222,26,281,378,34,412,693
08/07/2020,MQY,TN,ASO,ES,Federal Contract Tower,0,14,49,6,69,0,24,176,11,211,0,38,225,17,280,322,26,348,628
08/08/2020,MQY,TN,ASO,ES,Federal Contract Tower,1,12,24,0,37,0,27,96,2,125,1,39,120,2,162,200,0,200,362
08/09/2020,MQY,TN,ASO,ES,Federal Contract Tower,0,4,19,0,23,0,4,45,4,53,0,8,64,4,76,116,0,116,192
08/10/2020,MQY,TN,ASO,ES,Federal Contract Tower,0,20,43,0,63,0,3,71,2,76,0,23,114,2,139,172,0,172,311
08/11/2020,MQY,TN,ASO,ES,Federal Contract Tower,0,10,53,2,65,0,12,135,10,157,0,22,188,12,222,172,12,184,406
08/12/2020,MQY,TN,ASO,ES,Federal Contract Tower,0,10,34,1,45,0,3,82,0,85,0,13,116,1,130,150,2,152,282
08/13/2020,MQY,TN,ASO,ES,Federal Contract Tower,0,27,52,0,79,0,8,97,8,113,0,35,149,8,192,166,8,174,366
08/14/2020,MQY,TN,ASO,ES,Federal Contract Tower,0,11,50,0,61,0,5,18,0,23,0,16,68,0,84,36,0,36,120
08/15/2020,MQY,TN,ASO,ES,Federal Contract Tower,0,4,38,0,42,0,2,27,3,32,0,6,65,3,74,40,0,40,114
08/16/2020,MQY,TN,ASO,ES,Federal Contract Tower,0,1,37,1,39,0,0,45,4,49,0,1,82,5,88,120,0,120,208
08/17/2020,MQY,TN,ASO,ES,Federal Contract Tower,0,10,47,0,57,0,17,131,0,148,0,27,178,0,205,202,0,202,407
08/18/2020,MQY,TN,ASO,ES,Federal Contract Tower,0,4,40,0,44,0,0,115,2,117,0,4,155,2,161,214,8,222,383
08/19/2020,MQY,TN,ASO,ES,Federal Contract Tower,2,5,60,1,68,0,9,77,1,87,2,14,137,2,155,202,0,202,357
08/20/2020,MQY,TN,ASO,ES,Federal Contract Tower,0,5,60,5,70,0,7,137,22,166,0,12,197,27,236,202,36,238,474
08/21/2020,MQY,TN,ASO,ES,Federal Contract Tower,0,5,40,0,45,0,1,87,0,88,0,6,127,0,133,244,0,244,377
08/22/2020,MQY,TN,ASO,ES,Federal Contract Tower,0,1,29,2,32,0,3,42,9,54,0,4,71,11,86,76,40,116,202
08/23/2020,MQY,TN,ASO,ES,Federal Contract Tower,1,62,0,0,63,0,1,101,4,106,1,63,101,4,169,116,16,132,301
08/24/2020,MQY,TN,ASO,ES,Federal Contract Tower,2,13,61,6,82,0,2,155,2,159,2,15,216,8,241,248,6,254,495
08/25/2020,MQY,TN,ASO,ES,Federal Contract Tower,0,11,51,4,66,0,2,120,23,145,0,13,171,27,211,200,38,238,449
08/26/2020,MQY,TN,ASO,ES,Federal Contract Tower,1,13,55,0,69,0,15,168,13,196,1,28,223,13,265,292,26,318,583
08/27/2020,MQY,TN,ASO,ES,Federal Contract Tower,0,18,63,6,87,0,19,126,0,145,0,37,189,6,232,214,0,214,446
08/28/2020,MQY,TN,ASO,ES,Federal Contract Tower,0,0,11,0,11,0,0,14,2,16,0,0,25,2,27,36,0,36,63
08/29/2020,MQY,TN,ASO,ES,Federal Contract Tower,0,8,40,6,54,0,3,61,2,66,0,11,101,8,120,172,0,172,292
08/30/2020,MQY,TN,ASO,ES,Federal Contract Tower,0,4,41,0,45,0,1,17,0,18,0,5,58,0,63,26,0,26,89
08/31/2020,MQY,TN,ASO,ES,Federal Contract Tower,0,18,33,0,51,0,16,49,1,66,0,34,82,1,117,190,0,190,307
09/01/2020,MQY,TN,ASO,ES,Federal Contract Tower,0,10,40,0,50,0,2,37,10,49,0,12,77,10,99,152,32,184,283
09/02/2020,MQY,TN,ASO,ES,Federal Contract Tower,0,23,73,0,96,0,11,106,0,117,0,34,179,0,213,294,0,294,507
09/03/2020,MQY,TN,ASO,ES,Federal Contract Tower,0,8,59,2,69,0,10,115,19,144,0,18,174,21,213,342,42,384,597
09/04/2020,MQY,TN,ASO,ES,Federal Contract Tower,2,12,57,1,72,0,7,122,6,135,2,19,179,7,207,326,0,326,533
09/05/2020,MQY,TN,ASO,ES,Federal Contract Tower,0,4,18,1,23,0,22,142,0,164,0,26,160,1,187,184,0,184,371
09/06/2020,MQY,TN,ASO,ES,Federal Contract Tower,0,6,26,0,32,0,5,98,0,103,0,11,124,0,135,186,0,186,321
09/07/2020,MQY,TN,ASO,ES,Federal Contract Tower,0,12,46,0,58,0,5,158,6,169,0,17,204,6,227,242,2,244,471
09/08/2020,MQY,TN,ASO,ES,Federal Contract Tower,0,11,52,4,67,0,19,146,7,172,0,30,198,11,239,248,20,268,507
09/09/2020,MQY,TN,ASO,ES,Federal Contract Tower,0,11,58,0,69,0,30,133,4,167,0,41,191,4,236,288,0,288,524
09/10/2020,MQY,TN,ASO,ES,Federal Contract Tower,0,17,75,10,102,0,8,187,23,218,0,25,262,33,320,292,62,354,674
09/11/2020,MQY,TN,ASO,ES,Federal Contract Tower,0,16,52,7,75,0,17,108,3,128,0,33,160,10,203,158,2,160,363
09/12/2020,MQY,TN,ASO,ES,Federal Contract Tower,0,3,27,0,30,0,2,57,0,59,0,5,84,0,89,108,0,108,197
09/13/2020,MQY,TN,ASO,ES,Federal Contract Tower,2,4,21,0,27,0,1,0,0,1,2,5,21,0,28,0,0,0,28
09/14/2020,MQY,TN,ASO,ES,Federal Contract Tower,0,11,63,4,78,0,8,54,1,63,0,19,117,5,141,148,0,148,289
09/15/2020,MQY,TN,ASO,ES,Federal Contract Tower,0,15,52,15,82,0,36,118,2,156,0,51,170,17,238,310,0,310,548
09/16/2020,MQY,TN,ASO,ES,Federal Contract Tower,0,11,55,12,78,0,58,138,0,196,0,69,193,12,274,274,0,274,548
09/17/2020,MQY,TN,ASO,ES,Federal Contract Tower,0,21,40,5,66,0,57,109,0,166,0,78,149,5,232,218,0,218,450
09/18/2020,MQY,TN,ASO,ES,Federal Contract Tower,0,12,77,4,93,0,28,84,0,112,0,40,161,4,205,136,0,136,341
09/19/2020,MQY,TN,ASO,ES,Federal Contract Tower,2,9,33,0,44,8,51,80,0,139,10,60,113,0,183,166,0,166,349
09/20/2020,MQY,TN,ASO,ES,Federal Contract Tower,0,8,45,0,53,0,53,105,3,161,0,61,150,3,214,256,0,256,470
09/21/2020,MQY,TN,ASO,ES,Federal Contract Tower,1,10,39,6,56,0,63,139,0,202,1,73,178,6,258,290,0,290,548
09/22/2020,MQY,TN,ASO,ES,Federal Contract Tower,0,22,68,1,91,0,30,146,4,180,0,52,214,5,271,275,0,275,546
09/23/2020,MQY,TN,ASO,ES,Federal Contract Tower,0,11,51,1,63,0,36,122,16,174,0,47,173,17,237,366,20,386,623
09/24/2020,MQY,TN,ASO,ES,Federal Contract Tower,2,10,32,0,44,0,0,0,0,0,2,10,32,0,44,0,0,0,44
09/25/2020,MQY,TN,ASO,ES,Federal Contract Tower,0,10,67,4,81,0,12,40,1,53,0,22,107,5,134,202,0,202,336
09/26/2020,MQY,TN,ASO,ES,Federal Contract Tower,0,5,42,0,47,0,25,92,0,117,0,30,134,0,164,174,0,174,338
09/27/2020,MQY,TN,ASO,ES,Federal Contract Tower,0,8,40,1,49,0,34,115,1,150,0,42,155,2,199,248,0,248,447
09/28/2020,MQY,TN,ASO,ES,Federal Contract Tower,0,9,32,0,41,0,1,10,0,11,0,10,42,0,52,10,0,10,62
09/29/2020,MQY,TN,ASO,ES,Federal Contract Tower,0,23,55,3,81,0,21,150,0,171,0,44,205,3,252,298,0,298,550
09/30/2020,MQY,TN,ASO,ES,Federal Contract Tower,0,34,56,1,91,0,53,178,0,231,0,87,234,1,322,232,0,232,554
10/01/2020,MQY,TN,ASO,ES,Federal Contract Tower,1,34,48,1,84,0,35,174,0,209,1,69,222,1,293,336,0,336,629
10/02/2020,MQY,TN,ASO,ES,Federal Contract Tower,2,24,61,3,90,0,45,169,1,215,2,69,230,4,305,200,0,200,505
10/03/2020,MQY,TN,ASO,ES,Federal Contract Tower,0,10,33,0,43,0,70,137,4,211,0,80,170,4,254,248,0,248,502
10/04/2020,MQY,TN,ASO,ES,Federal Contract Tower,0,22,40,3,65,0,39,102,3,144,0,61,142,6,209,132,0,132,341
10/05/2020,MQY,TN,ASO,ES,Federal Contract Tower,0,30,57,3,90,0,38,88,4,130,0,68,145,7,220,296,0,296,516
10/06/2020,MQY,TN,ASO,ES,Federal Contract Tower,0,42,48,1,91,0,90,163,7,260,0,132,211,8,351,410,0,410,761
10/07/2020,MQY,TN,ASO,ES,Federal Contract Tower,0,30,57,1,88,0,24,174,6,204,0,54,231,7,292,426,0,426,718
10/08/2020,MQY,TN,ASO,ES,Federal Contract Tower,0,29,63,3,95,0,44,149,1,194,0,73,212,4,289,350,0,350,639
10/09/2020,MQY,TN,ASO,ES,Federal Contract Tower,2,36,55,0,93,0,24,111,0,135,2,60,166,0,228,286,0,286,514
10/10/2020,MQY,TN,ASO,ES,Federal Contract Tower,1,0,12,0,13,0,30,6,0,36,1,30,18,0,49,4,0,4,53
10/11/2020,MQY,TN,ASO,ES,Federal Contract Tower,2,8,44,0,54,0,2,0,0,2,2,10,44,0,56,0,0,0,56
10/12/2020,MQY,TN,ASO,ES,Federal Contract Tower,0,15,58,0,73,0,25,82,0,107,0,40,140,0,180,308,0,308,488
10/13/2020,MQY,TN,ASO,ES,Federal Contract Tower,0,25,72,0,97,0,87,156,0,243,0,112,228,0,340,276,0,276,616
10/14/2020,MQY,TN,ASO,ES,Federal Contract Tower,0,39,65,0,104,0,34,126,0,160,0,73,191,0,264,207,0,207,471
10/15/2020,MQY,TN,ASO,ES,Federal Contract Tower,3,53,55,0,111,0,36,124,1,161,3,89,179,1,272,264,0,264,536
10/16/2020,MQY,TN,ASO,ES,Federal Contract Tower,2,28,66,4,100,0,62,139,2,203,2,90,205,6,303,294,0,294,597
10/17/2020,MQY,TN,ASO,ES,Federal Contract Tower,0,26,41,0,67,0,64,140,8,212,0,90,181,8,279,216,12,228,507
10/18/2020,MQY,TN,ASO,ES,Federal Contract Tower,0,22,37,6,65,0,29,89,5,123,0,51,126,11,188,170,18,188,376
10/19/2020,MQY,TN,ASO,ES,Federal Contract Tower,2,26,45,4,77,0,47,102,0,149,2,73,147,4,226,260,0,260,486
10/20/2020,MQY,TN,ASO,ES,Federal Contract Tower,2,48,60,5,115,0,75,158,19,252,2,123,218,24,367,372,26,398,765
10/21/2020,MQY,TN,ASO,ES,Federal Contract Tower,1,46,71,0,118,0,102,181,0,283,1,148,252,0,401,464,0,464,865
10/22/2020,MQY,TN,ASO,ES,Federal Contract Tower,0,36,88,0,124,0,18,92,1,111,0,54,180,1,235,110,0,110,345
10/23/2020,MQY,TN,ASO,ES,Federal Contract Tower,3,25,56,4,88,0,43,107,2,152,3,68,163,6,240,200,0,200,440
10/24/2020,MQY,TN,ASO,ES,Federal Contract Tower,0,6,29,0,35,0,0,0,0,0,0,6,29,0,35,0,0,0,35
10/25/2020,MQY,TN,ASO,ES,Federal Contract Tower,3,14,29,0,46,0,2,0,0,2,3,16,29,0,48,2,0,2,50
10/26/2020,MQY,TN,ASO,ES,Federal Contract Tower,0,28,75,0,103,0,2,19,0,21,0,30,94,0,124,94,0,94,218
10/27/2020,MQY,TN,ASO,ES,Federal Contract Tower,0,31,66,0,97,0,7,12,0,19,0,38,78,0,116,48,0,48,164
10/28/2020,MQY,TN,ASO,ES,Federal Contract Tower,0,6,24,0,30,0,0,0,0,0,0,6,24,0,30,0,0,0,30
10/29/2020,MQY,TN,ASO,ES,Federal Contract Tower,0,17,52,0,69,0,2,35,0,37,0,19,87,0,106,54,46,100,206
10/30/2020,MQY,TN,ASO,ES,Federal Contract Tower,1,31,70,19,121,0,64,166,18,248,1,95,236,37,369,424,22,446,815
10/31/2020,MQY,TN,ASO,ES,Federal Contract Tower,0,10,31,1,42,0,111,156,4,271,0,121,187,5,313,226,0,226,539
11/01/2020,MQY,TN,ASO,ES,Federal Contract Tower,0,8,17,14,39,0,9,72,2,83,0,17,89,16,122,84,0,84,206
11/02/2020,MQY,TN,ASO,ES,Federal Contract Tower,0,27,39,0,66,0,68,142,0,210,0,95,181,0,276,200,0,200,476
11/03/2020,MQY,TN,ASO,ES,Federal Contract Tower,1,39,46,0,86,0,66,140,1,207,1,105,186,1,293,318,0,318,611
11/04/2020,MQY,TN,ASO,ES,Federal Contract Tower,1,46,67,1,115,0,29,145,5,179,1,75,212,6,294,256,14,270,564
11/05/2020,MQY,TN,ASO,ES,Federal Contract Tower,3,44,74,0,121,0,84,153,7,244,3,128,227,7,365,238,10,248,613
11/06/2020,MQY,TN,ASO,ES,Federal Contract Tower,1,47,62,0,110,0,88,183,15,286,1,135,245,15,396,216,40,256,652
11/07/2020,MQY,TN,ASO,ES,Federal Contract Tower,1,19,39,5,64,0,24,71,11,106,1,43,110,16,170,72,14,86,256
11/08/2020,MQY,TN,ASO,ES,Federal Contract Tower,1,16,35,2,54,0,25,72,5,102,1,41,107,7,156,100,0,100,256
11/09/2020,MQY,TN,ASO,ES,Federal Contract Tower,1,44,54,0,99,0,30,121,0,151,1,74,175,0,250,220,0,220,470
11/10/2020,MQY,TN,ASO,ES,Federal Contract Tower,0,12,48,0,60,0,25,61,0,86,0,37,109,0,146,180,0,180,326
11/11/2020,MQY,TN,ASO,ES,Federal Contract Tower,0,10,47,1,58,0,2,28,0,30,0,12,75,1,88,160,0,160,248
11/12/2020,MQY,TN,ASO,ES,Federal Contract Tower,0,24,55,4,83,0,46,185,14,245,0,70,240,18,328,370,10,380,708
11/13/2020,MQY,TN,ASO,ES,Federal Contract Tower,0,44,93,2,139,0,58,161,2,221,0,102,254,4,360,260,2,262,622
11/14/2020,MQY,TN,ASO,ES,Federal Contract Tower,0,15,47,3,65,0,52,152,0,204,0,67,199,3,269,204,0,204,473
11/15/2020,MQY,TN,ASO,ES,Federal Contract Tower,1,8,19,0,28,0,5,25,0,30,1,13,44,0,58,42,0,42,100
11/16/2020,MQY,TN,ASO,ES,Federal Contract Tower,0,31,62,0,93,0,30,181,0,211,0,61,243,0,304,320,0,320,624
11/17/2020,MQY,TN,ASO,ES,Federal Contract Tower,1,24,58,3,86,0,12,124,3,139,1,36,182,6,225,184,14,198,423
11/18/2020,MQY,TN,ASO,ES,Federal Contract Tower,0,30,46,0,76,0,31,165,0,196,0,61,211,0,272,254,0,254,526
11/19/2020,MQY,TN,ASO,ES,Federal Contract Tower,0,20,51,1,72,0,16,111,4,131,0,36,162,5,203,104,0,104,307
11/20/2020,MQY,TN,ASO,ES,Federal Contract Tower,0,18,69,1,88,0,23,189,6,218,0,41,258,7,306,302,0,302,608
11/21/2020,MQY,TN,ASO,ES,Federal Contract Tower,0,11,49,2,62,0,12,145,19,176,0,23,194,21,238,170,78,248,486
11/22/2020,MQY,TN,ASO,ES,Federal Contract Tower,1,7,35,5,48,0,21,31,3,55,1,28,66,8,103,46,0,46,149
11/23/2020,MQY,TN,ASO,ES,Federal Contract Tower,0,21,53,0,74,0,78,133,3,214,0,99,186,3,288,260,0,260,548
11/24/2020,MQY,TN,ASO,ES,Federal Contract Tower,3,21,63,0,87,0,26,135,2,163,3,47,198,2,250,202,0,202,452
11/25/2020,MQY,TN,ASO,ES,Federal Contract Tower,0,1,12,0,13,0,2,1,0,3,0,3,13,0,16,0,0,0,16
11/26/2020,MQY,TN,ASO,ES,Federal Contract Tower,0,2,7,0,9,0,5,32,0,37,0,7,39,0,46,2,0,2,48
11/27/2020,MQY,TN,ASO,ES,Federal Contract Tower,0,7,37,0,44,0,46,87,2,135,0,53,124,2,179,102,0,102,281
11/28/2020,MQY,TN,ASO,ES,Federal Contract Tower,0,12,28,0,40,0,31,95,0,126,0,43,123,0,166,126,0,126,292
11/29/2020,MQY,TN,ASO,ES,Federal Contract Tower,0,15,35,0,50,0,21,48,6,75,0,36,83,6,125,144,0,144,269
11/30/2020,MQY,TN,ASO,ES,Federal Contract Tower,0,4,8,0,12,0,0,0,0,0,0,4,8,0,12,0,0,0,12
12/01/2020,MQY,TN,ASO,ES,Federal Contract Tower,0,5,42,2,49,0,25,127,0,152,0,30,169,2,201,300,0,300,501
12/02/2020,MQY,TN,ASO,ES,Federal Contract Tower,0,16,62,2,80,0,50,145,0,195,0,66,207,2,275,150,0,150,425
12/03/2020,MQY,TN,ASO,ES,Federal Contract Tower,0,16,77,2,95,0,12,116,24,152,0,28,193,26,247,228,32,260,507
12/04/2020,MQY,TN,ASO,ES,Federal Contract Tower,0,11,32,0,43,0,1,5,0,6,0,12,37,0,49,30,0,30,79
12/05/2020,MQY,TN,ASO,ES,Federal Contract Tower,0,3,41,0,44,0,45,129,0,174,0,48,170,0,218,200,0,200,418
12/06/2020,MQY,TN,ASO,ES,Federal Contract Tower,2,12,38,1,53,0,26,86,0,112,2,38,124,1,165,170,0,170,335
12/07/2020,MQY,TN,ASO,ES,Federal Contract Tower,1,10,38,0,49,0,18,66,0,84,1,28,104,0,133,168,0,168,301
12/08/2020,MQY,TN,ASO,ES,Federal Contract Tower,0,15,48,0,63,0,40,94,9,143,0,55,142,9,206,236,20,256,462
12/09/2020,MQY,TN,ASO,ES,Federal Contract Tower,0,18,62,0,80,0,29,154,0,183,0,47,216,0,263,200,0,200,463
12/10/2020,MQY,TN,ASO,ES,Federal Contract Tower,0,6,60,9,75,0,33,161,14,208,0,39,221,23,283,234,14,248,531
12/11/2020,MQY,TN,ASO,ES,Federal Contract Tower,0,15,59,2,76,0,20,153,5,178,0,35,212,7,254,220,0,220,474
12/12/2020,MQY,TN,ASO,ES,Federal Contract Tower,0,5,27,3,35,0,1,14,1,16,0,6,41,4,51,26,0,26,77
12/13/2020,MQY,TN,ASO,ES,Federal Contract Tower,2,9,35,0,46,0,2,55,0,57,2,11,90,0,103,46,0,46,149
12/14/2020,MQY,TN,ASO,ES,Federal Contract Tower,0,17,29,2,48,0,4,4,0,8,0,21,33,2,56,26,0,26,82
12/15/2020,MQY,TN,ASO,ES,Federal Contract Tower,1,18,78,0,97,0,39,126,19,184,1,57,204,19,281,230,16,246,527
12/16/2020,MQY,TN,ASO,ES,Federal Contract Tower,2,4,30,0,36,0,0,0,0,0,2,4,30,0,36,0,0,0,36
12/17/2020,MQY,TN,ASO,ES,Federal Contract Tower,0,13,52,2,67,0,25,130,14,169,0,38,182,16,236,184,16,200,436
12/18/2020,MQY,TN,ASO,ES,Federal Contract Tower,4,8,57,0,69,0,0,111,0,111,4,8,168,0,180,198,0,198,378
12/19/2020,MQY,TN,ASO,ES,Federal Contract Tower,0,4,50,0,54,0,0,84,0,84,0,4,134,0,138,52,0,52,190
12/20/2020,MQY,TN,ASO,ES,Federal Contract Tower,2,5,27,0,34,0,0,4,0,4,2,5,31,0,38,12,0,12,50
12/21/2020,MQY,TN,ASO,ES,Federal Contract Tower,3,13,42,0,58,0,7,47,0,54,3,20,89,0,112,72,0,72,184
12/22/2020,MQY,TN,ASO,ES,Federal Contract Tower,0,10,68,0,78,0,2,181,0,183,0,12,249,0,261,206,0,206,467
12/23/2020,MQY,TN,ASO,ES,Federal Contract Tower,0,2,36,0,38,0,1,29,0,30,0,3,65,0,68,44,0,44,112
12/24/2020,MQY,TN,ASO,ES,Federal Contract Tower,0,1,6,0,7,0,0,12,0,12,0,1,18,0,19,44,0,44,63
12/25/2020,MQY,TN,ASO,ES,Federal Contract Tower,0,1,2,0,3,0,9,3,0,12,0,10,5,0,15,0,0,0,15
12/26/2020,MQY,TN,ASO,ES,Federal Contract Tower,0,4,15,0,19,0,7,63,2,72,0,11,78,2,91,42,0,42,133
12/27/2020,MQY,TN,ASO,ES,Federal Contract Tower,0,2,25,0,27,0,1,59,1,61,0,3,84,1,88,78,0,78,166
12/28/2020,MQY,TN,ASO,ES,Federal Contract Tower,0,5,33,0,38,0,3,65,0,68,0,8,98,0,106,118,0,118,224
12/29/2020,MQY,TN,ASO,ES,Federal Contract Tower,0,9,45,1,55,0,0,0,0,0,0,9,45,1,55,140,0,140,195
12/30/2020,MQY,TN,ASO,ES,Federal Contract Tower,0,12,19,0,31,0,0,26,3,29,0,12,45,3,60,22,0,22,82
12/31/2020,MQY,TN,ASO,ES,Federal Contract Tower,4,4,15,0,23,0,0,0,0,0,4,4,15,0,23,0,0,0,23
01/01/2021,MQY,TN,ASO,ES,Federal Contract Tower,0,6,19,0,25,0,2,1,0,3,0,8,20,0,28,12,0,12,40
01/02/2021,MQY,TN,ASO,ES,Federal Contract Tower,2,4,36,0,42,0,4,5,37,46,2,8,41,37,88,148,0,148,236
01/03/2021,MQY,TN,ASO,ES,Federal Contract Tower,0,4,27,0,31,0,1,56,0,57,0,5,83,0,88,62,0,62,150
01/04/2021,MQY,TN,ASO,ES,Federal Contract Tower,0,14,43,0,57,0,2,116,2,120,0,16,159,2,177,182,0,182,359
01/05/2021,MQY,TN,ASO,ES,Federal Contract Tower,0,16,53,0,69,0,0,83,0,83,0,16,136,0,152,180,0,180,332
01/06/2021,MQY,TN,ASO,ES,Federal Contract Tower,1,13,51,0,65,0,0,142,12,154,1,13,193,12,219,188,6,194,413
01/07/2021,MQY,TN,ASO,ES,Federal Contract Tower,0,11,27,3,41,0,5,78,11,94,0,16,105,14,135,168,40,208,343
01/08/2021,MQY,TN,ASO,ES,Federal Contract Tower,0,3,20,0,23,0,1,27,0,28,0,4,47,0,51,64,0,64,115
01/09/2021,MQY,TN,ASO,ES,Federal Contract Tower,1,2,13,0,16,0,7,61,1,69,1,9,74,1,85,200,0,200,285
01/10/2021,MQY,TN,ASO,ES,Federal Contract Tower,0,12,24,2,38,0,2,104,2,108,0,14,128,4,146,212,4,216,362
01/11/2021,MQY,TN,ASO,ES,Federal Contract Tower,0,3,25,0,28,0,0,0,0,0,0,3,25,0,28,0,0,0,28
01/12/2021,MQY,TN,ASO,ES,Federal Contract Tower,0,7,29,5,41,0,3,116,8,127,0,10,145,13,168,120,0,120,288
01/13/2021,MQY,TN,ASO,ES,Federal Contract Tower,0,9,61,1,71,0,28,155,7,190,0,37,216,8,261,242,0,242,503
01/14/2021,MQY,TN,ASO,ES,Federal Contract Tower,2,10,52,7,71,0,6,126,8,140,2,16,178,15,211,184,24,208,419
01/15/2021,MQY,TN,ASO,ES,Federal Contract Tower,0,5,39,2,46,0,15,83,2,100,0,20,122,4,146,100,0,100,246
01/16/2021,MQY,TN,ASO,ES,Federal Contract Tower,2,2,22,2,28,0,1,54,0,55,2,3,76,2,83,94,0,94,177
01/17/2021,MQY,TN,ASO,ES,Federal Contract Tower,0,7,29,3,39,0,6,43,2,51,0,13,72,5,90,50,0,50,140
01/18/2021,MQY,TN,ASO,ES,Federal Contract Tower,0,8,65,4,77,0,3,125,0,128,0,11,190,4,205,0,0,0,205
01/19/2021,MQY,TN,ASO,ES,Federal Contract Tower,0,9,59,3,71,0,3,120,2,125,0,12,179,5,196,176,0,176,372
01/20/2021,MQY,TN,ASO,ES,Federal Contract Tower,1,12,56,3,72,0,24,162,4,190,1,36,218,7,262,174,16,190,452
01/21/2021,MQY,TN,ASO,ES,Federal Contract Tower,1,3,36,1,41,0,4,8,3,15,1,7,44,4,56,22,10,32,88
01/22/2021,MQY,TN,ASO,ES,Federal Contract Tower,0,5,54,19,78,0,2,110,7,119,0,7,164,26,197,156,10,166,363
01/23/2021,MQY,TN,ASO,ES,Federal Contract Tower,0,5,39,5,49,0,10,168,4,182,0,15,207,9,231,230,0,230,461
01/24/2021,MQY,TN,ASO,ES,Federal Contract Tower,0,2,28,5,35,0,14,26,3,43,0,16,54,8,78,26,2,28,106
01/25/2021,MQY,TN,ASO,ES,Federal Contract Tower,0,8,20,9,37,0,0,0,0,0,0,8,20,9,37,0,0,0,37
01/26/2021,MQY,TN,ASO,ES,Federal Contract Tower,0,4,56,5,65,0,7,127,6,140,0,11,183,11,205,110,8,118,323
01/27/2021,MQY,TN,ASO,ES,Federal Contract Tower,0,5,38,1,44,0,1,45,0,46,0,6,83,1,90,58,0,58,148
01/28/2021,MQY,TN,ASO,ES,Federal Contract Tower,0,9,68,4,81,0,9,123,1,133,0,18,191,5,214,188,0,188,402
01/29/2021,MQY,TN,ASO,ES,Federal Contract Tower,0,7,67,8,82,0,6,171,2,179,0,13,238,10,261,174,0,174,435
01/30/2021,MQY,TN,ASO,ES,Federal Contract Tower,0,2,19,0,21,0,35,84,0,119,0,37,103,0,140,128,0,128,268
01/31/2021,MQY,TN,ASO,ES,Federal Contract Tower,0,0,25,6,31,0,1,10,0,11,0,1,35,6,42,28,0,28,70
02/01/2021,MQY,TN,ASO,ES,Federal Contract Tower,0,2,19,2,23,0,0,6,0,6,0,2,25,2,29,10,0,10,39
02/02/2021,MQY,TN,ASO,ES,Federal Contract Tower,0,10,65,4,79,0,5,100,3,108,0,15,165,7,187,206,10,216,403
02/03/2021,MQY,TN,ASO,ES,Federal Contract Tower,1,7,49,4,61,0,12,171,2,185,1,19,220,6,246,208,16,224,470
02/04/2021,MQY,TN,ASO,ES,Federal Contract Tower,0,9,42,0,51,0,11,48,2,61,0,20,90,2,112,52,0,52,164
02/05/2021,MQY,TN,ASO,ES,Federal Contract Tower,0,17,57,2,76,1,10,150,7,168,1,27,207,9,244,204,20,224,468
02/06/2021,MQY,TN,ASO,ES,Federal Contract Tower,0,1,45,1,47,0,2,157,1,160,0,3,202,2,207,270,0,270,477
02/07/2021,MQY,TN,ASO,ES,Federal Contract Tower,0,2,28,0,30,0,0,33,0,33,0,2,61,0,63,90,0,90,153
02/08/2021,MQY,TN,ASO,ES,Federal Contract Tower,0,11,56,0,67,0,6,82,0,88,0,17,138,0,155,76,0,76,231
02/09/2021,MQY,TN,ASO,ES,Federal Contract Tower,0,11,62,1,74,0,44,115,1,160,0,55,177,2,234,164,0,164,398
02/10/2021,MQY,TN,ASO,ES,Federal Contract Tower,1,12,50,0,63,0,9,99,0,108,1,21,149,0,171,198,0,198,369
02/11/2021,MQY,TN,ASO,ES,Federal Contract Tower,0,3,20,2,25,0,0,0,0,0,0,3,20,2,25,0,0,0,25
02/12/2021,MQY,TN,ASO,ES,Federal Contract Tower,2,6,33,0,41,0,0,0,0,0,2,6,33,0,41,0,0,0,41
02/13/2021,MQY,TN,ASO,ES,Federal Contract Tower,1,0,16,0,17,0,0,0,0,0,1,0,16,0,17,0,0,0,17
02/14/2021,MQY,TN,ASO,ES,Federal Contract Tower,1,3,8,0,12,0,0,0,0,0,1,3,8,0,12,0,0,0,12
02/15/2021,MQY,TN,ASO,ES,Federal Contract Tower,0,0,4,0,4,0,0,0,0,0,0,0,4,0,4,0,0,0,4
02/16/2021,MQY,TN,ASO,ES,Federal Contract Tower,0,0,6,0,6,0,0,1,0,1,0,0,7,0,7,0,0,0,7
02/17/2021,MQY,TN,ASO,ES,Federal Contract Tower,0,1,5,0,6,0,2,0,0,2,0,3,5,0,8,0,0,0,8
02/18/2021,MQY,TN,ASO,ES,Federal Contract Tower,0,0,1,0,1,0,0,0,0,0,0,0,1,0,1,0,0,0,1
02/19/2021,MQY,TN,ASO,ES,Federal Contract Tower,0,0,1,0,1,3,0,0,0,3,3,0,1,0,4,0,0,0,4
02/20/2021,MQY,TN,ASO,ES,Federal Contract Tower,1,0,10,0,11,0,6,2,3,11,1,6,12,3,22,0,0,0,22
02/21/2021,MQY,TN,ASO,ES,Federal Contract Tower,1,5,15,0,21,0,4,25,0,29,1,9,40,0,50,6,0,6,56
02/22/2021,MQY,TN,ASO,ES,Federal Contract Tower,0,11,51,4,66,0,20,108,0,128,0,31,159,4,194,144,0,144,338
02/23/2021,MQY,TN,ASO,ES,Federal Contract Tower,0,6,59,4,69,0,25,185,7,217,0,31,244,11,286,184,8,192,478
02/24/2021,MQY,TN,ASO,ES,Federal Contract Tower,0,15,62,0,77,0,55,151,2,208,0,70,213,2,285,164,0,164,449
02/25/2021,MQY,TN,ASO,ES,Federal Contract Tower,0,19,56,1,76,0,40,147,8,195,0,59,203,9,271,310,2,312,583
02/26/2021,MQY,TN,ASO,ES,Federal Contract Tower,0,7,29,0,36,0,18,3,0,21,0,25,32,0,57,2,0,2,59
02/27/2021,MQY,TN,ASO,ES,Federal Contract Tower,0,1,50,0,51,0,0,0,0,0,0,1,50,0,51,0,0,0,51
02/28/2021,MQY,TN,ASO,ES,Federal Contract Tower,0,3,14,0,17,0,13,11,0,24,0,16,25,0,41,20,0,20,61
03/01/2021,MQY,TN,ASO,ES,Federal Contract Tower,0,12,44,0,56,0,56,112,0,168,0,68,156,0,224,262,0,262,486
03/02/2021,MQY,TN,ASO,ES,Federal Contract Tower,0,26,50,0,76,0,35,148,0,183,0,61,198,0,259,312,0,312,571
03/03/2021,MQY,TN,ASO,ES,Federal Contract Tower,0,20,80,3,103,0,58,187,4,249,0,78,267,7,352,290,0,290,642
03/04/2021,MQY,TN,ASO,ES,Federal Contract Tower,0,18,75,0,93,0,86,155,8,249,0,104,230,8,342,274,0,274,616
03/05/2021,MQY,TN,ASO,ES,Federal Contract Tower,0,23,64,0,87,0,82,167,1,250,0,105,231,1,337,170,0,170,507
03/06/2021,MQY,TN,ASO,ES,Federal Contract Tower,0,4,44,0,48,0,49,169,2,220,0,53,213,2,268,82,0,82,350
03/07/2021,MQY,TN,ASO,ES,Federal Contract Tower,6,10,41,2,59,0,115,138,0,253,6,125,179,2,312,194,0,194,506
03/08/2021,MQY,TN,ASO,ES,Federal Contract Tower,0,22,51,0,73,0,105,132,0,237,0,127,183,0,310,274,0,274,584
03/09/2021,MQY,TN,ASO,ES,Federal Contract Tower,0,10,58,6,74,0,44,161,10,215,0,54,219,16,289,230,0,230,519
03/10/2021,MQY,TN,ASO,ES,Federal Contract Tower,1,24,49,2,76,0,34,103,2,139,1,58,152,4,215,156,0,156,371
03/11/2021,MQY,TN,ASO,ES,Federal Contract Tower,0,33,63,2,98,0,45,106,7,158,0,78,169,9,256,238,38,276,532
03/12/2021,MQY,TN,ASO,ES,Federal Contract Tower,0,18,58,0,76,0,42,27,0,69,0,60,85,0,145,126,0,126,271
03/13/2021,MQY,TN,ASO,ES,Federal Contract Tower,0,13,41,0,54,0,2,2,0,4,0,15,43,0,58,12,0,12,70
03/14/2021,MQY,TN,ASO,ES,Federal Contract Tower,0,4,37,6,47,0,27,54,2,83,0,31,91,8,130,54,0,54,184
03/15/2021,MQY,TN,ASO,ES,Federal Contract Tower,0,18,44,0,62,0,24,33,0,57,0,42,77,0,119,132,0,132,251
03/16/2021,MQY,TN,ASO,ES,Federal Contract Tower,0,26,58,0,84,0,84,139,4,227,0,110,197,4,311,308,0,308,619
03/17/2021,MQY,TN,ASO,ES,Federal Contract Tower,0,7,8,0,15,0,0,5,0,5,0,7,13,0,20,22,0,22,42
03/18/2021,MQY,TN,ASO,ES,Federal Contract Tower,1,22,54,0,77,0,54,52,7,113,1,76,106,7,190,200,0,200,390
03/19/2021,MQY,TN,ASO,ES,Federal Contract Tower,0,32,51,1,84,0,55,75,1,131,0,87,126,2,215,94,0,94,309
03/20/2021,MQY,TN,ASO,ES,Federal Contract Tower,0,19,57,6,82,0,10,170,1,181,0,29,227,7,263,204,0,204,467
03/21/2021,MQY,TN,ASO,ES,Federal Contract Tower,0,28,52,2,82,0,98,124,3,225,0,126,176,5,307,230,0,230,537
03/22/2021,MQY,TN,ASO,ES,Federal Contract Tower,0,55,79,1,135,0,49,130,0,179,0,104,209,1,314,280,0,280,594
03/23/2021,MQY,TN,ASO,ES,Federal Contract Tower,0,19,49,2,70,0,12,43,5,60,0,31,92,7,130,78,18,96,226
03/24/2021,MQY,TN,ASO,ES,Federal Contract Tower,0,51,52,3,106,0,29,102,1,132,0,80,154,4,238,226,0,226,464
03/25/2021,MQY,TN,ASO,ES,Federal Contract Tower,0,3,14,0,17,0,0,3,0,3,0,3,17,0,20,16,0,16,36
03/26/2021,MQY,TN,ASO,ES,Federal Contract Tower,3,42,80,1,126,0,69,178,9,256,3,111,258,10,382,330,0,330,712
03/27/2021,MQY,TN,ASO,ES,Federal Contract Tower,0,1,9,0,10,0,0,0,0,0,0,1,9,0,10,0,0,0,10
03/28/2021,MQY,TN,ASO,ES,Federal Contract Tower,0,12,32,2,46,0,17,55,0,72,0,29,87,2,118,102,0,102,220
03/29/2021,MQY,TN,ASO,ES,Federal Contract Tower,1,62,54,4,121,0,31,165,10,206,1,93,219,14,327,262,0,262,589
03/30/2021,MQY,TN,ASO,ES,Federal Contract Tower,0,41,42,0,83,0,57,109,0,166,0,98,151,0,249,184,0,184,433
03/31/2021,MQY,TN,ASO,ES,Federal Contract Tower,0,33,40,3,76,0,28,41,2,71,0,61,81,5,147,80,0,80,227
04/01/2021,MQY,TN,ASO,ES,Federal Contract Tower,0,53,57,9,119,0,57,141,2,200,0,110,198,11,319,208,0,208,527
04/02/2021,MQY,TN,ASO,ES,Federal Contract Tower,0,32,60,4,96,0,106,177,10,293,0,138,237,14,389,212,16,228,617
04/03/2021,MQY,TN,ASO,ES,Federal Contract Tower,0,16,29,2,47,0,65,131,4,200,0,81,160,6,247,200,0,200,447
04/04/2021,MQY,TN,ASO,ES,Federal Contract Tower,0,14,34,1,49,0,208,82,1,291,0,222,116,2,340,100,0,100,440
04/05/2021,MQY,TN,ASO,ES,Federal Contract Tower,0,45,64,0,109,0,53,163,1,217,0,98,227,1,326,310,0,310,636
04/06/2021,MQY,TN,ASO,ES,Federal Contract Tower,0,35,65,1,101,0,96,179,9,284,0,131,244,10,385,249,0,249,634
04/07/2021,MQY,TN,ASO,ES,Federal Contract Tower,0,52,81,0,133,0,64,183,0,247,0,116,264,0,380,380,0,380,760
04/08/2021,MQY,TN,ASO,ES,Federal Contract Tower,1,13,45,2,61,0,13,59,4,76,1,26,104,6,137,80,18,98,235
04/09/2021,MQY,TN,ASO,ES,Federal Contract Tower,0,36,58,0,94,0,56,170,10,236,0,92,228,10,330,202,4,206,536
04/10/2021,MQY,TN,ASO,ES,Federal Contract Tower,0,9,16,1,26,0,0,3,0,3,0,9,19,1,29,0,0,0,29
04/11/2021,MQY,TN,ASO,ES,Federal Contract Tower,0,21,35,3,59,0,12,74,0,86,0,33,109,3,145,60,0,60,205
04/12/2021,MQY,TN,ASO,ES,Federal Contract Tower,0,26,67,0,93,0,119,162,0,281,0,145,229,0,374,318,0,318,692
04/13/2021,MQY,TN,ASO,ES,Federal Contract Tower,0,31,67,0,98,0,111,172,0,283,0,142,239,0,381,174,0,174,555
04/14/2021,MQY,TN,ASO,ES,Federal Contract Tower,0,35,69,0,104,0,89,111,0,200,0,124,180,0,304,208,0,208,512
04/15/2021,MQY,TN,ASO,ES,Federal Contract Tower,0,20,74,4,98,0,119,151,10,280,0,139,225,14,378,296,10,306,684
04/16/2021,MQY,TN,ASO,ES,Federal Contract Tower,0,24,72,32,128,0,102,157,18,277,0,126,229,50,405,266,38,304,709
04/17/2021,MQY,TN,ASO,ES,Federal Contract Tower,1,9,29,8,47,0,126,121,3,250,1,135,150,11,297,214,4,218,515
04/18/2021,MQY,TN,ASO,ES,Federal Contract Tower,0,18,44,18,80,0,83,112,1,196,0,101,156,19,276,184,0,184,460
04/19/2021,MQY,TN,ASO,ES,Federal Contract Tower,0,28,47,0,75,0,56,122,0,178,0,84,169,0,253,210,0,210,463
04/20/2021,MQY,TN,ASO,ES,Federal Contract Tower,0,23,61,0,84,0,89,97,2,188,0,112,158,2,272,140,0,140,412
04/21/2021,MQY,TN,ASO,ES,Federal Contract Tower,0,13,50,1,64,0,6,112,0,118,0,19,162,1,182,250,0,250,432
04/22/2021,MQY,TN,ASO,ES,Federal Contract Tower,0,20,59,2,81,0,35,147,11,193,0,55,206,13,274,160,4,164,438
04/23/2021,MQY,TN,ASO,ES,Federal Contract Tower,2,26,72,5,105,0,69,141,7,217,2,95,213,12,322,180,0,180,502
04/24/2021,MQY,TN,ASO,ES,Federal Contract Tower,0,2,15,0,17,0,1,4,0,5,0,3,19,0,22,14,0,14,36
04/25/2021,MQY,TN,ASO,ES,Federal Contract Tower,2,11,58,1,72,0,15,92,3,110,2,26,150,4,182,140,0,140,322
04/26/2021,MQY,TN,ASO,ES,Federal Contract Tower,1,21,63,3,88,0,18,173,8,199,1,39,236,11,287,330,0,330,617
04/27/2021,MQY,TN,ASO,ES,Federal Contract Tower,0,15,55,4,74,0,48,78,5,131,0,63,133,9,205,120,0,120,325
04/28/2021,MQY,TN,ASO,ES,Federal Contract Tower,0,11,38,3,52,0,27,38,2,67,0,38,76,5,119,42,0,42,161
04/29/2021,MQY,TN,ASO,ES,Federal Contract Tower,0,9,47,3,59,0,0,3,0,3,0,9,50,3,62,0,0,0,62
04/30/2021,MQY,TN,ASO,ES,Federal Contract Tower,0,18,64,0,82,0,18,191,21,230,0,36,255,21,312,326,40,366,678
05/01/2021,MQY,TN,ASO,ES,Federal Contract Tower,0,15,34,0,49,0,22,155,3,180,0,37,189,3,229,164,0,164,393
05/02/2021,MQY,TN,ASO,ES,Federal Contract Tower,0,9,33,0,42,0,6,102,0,108,0,15,135,0,150,236,0,236,386
05/03/2021,MQY,TN,ASO,ES,Federal Contract Tower,0,6,25,3,34,0,4,13,0,17,0,10,38,3,51,36,0,36,87
05/04/2021,MQY,TN,ASO,ES,Federal Contract Tower,0,1,15,3,19,0,2,16,0,18,0,3,31,3,37,32,0,32,69
05/05/2021,MQY,TN,ASO,ES,Federal Contract Tower,0,31,69,2,102,0,41,102,4,147,0,72,171,6,249,174,4,178,427
05/06/2021,MQY,TN,ASO,ES,Federal Contract Tower,0,10,58,0,68,0,65,142,14,221,0,75,200,14,289,258,42,300,589
05/07/2021,MQY,TN,ASO,ES,Federal Contract Tower,0,17,70,12,99,0,12,159,5,176,0,29,229,17,275,232,0,232,507
05/08/2021,MQY,TN,ASO,ES,Federal Contract Tower,0,6,44,0,50,0,2,122,2,126,0,8,166,2,176,136,0,136,312
05/09/2021,MQY,TN,ASO,ES,Federal Contract Tower,0,7,16,4,27,0,3,0,0,3,0,10,16,4,30,0,0,0,30
05/10/2021,MQY,TN,ASO,ES,Federal Contract Tower,0,3,63,0,66,0,0,31,0,31,0,3,94,0,97,118,0,118,215
05/11/2021,MQY,TN,ASO,ES,Federal Contract Tower,0,11,70,11,92,0,68,139,35,242,0,79,209,46,334,214,0,214,548
05/12/2021,MQY,TN,ASO,ES,Federal Contract Tower,1,5,43,10,59,0,15,126,11,152,1,20,169,21,211,218,16,234,445
05/13/2021,MQY,TN,ASO,ES,Federal Contract Tower,0,13,61,1,75,0,26,159,13,198,0,39,220,14,273,342,16,358,631
05/14/2021,MQY,TN,ASO,ES,Federal Contract Tower,0,14,53,11,78,0,58,157,30,245,0,72,210,41,323,196,74,270,593
05/15/2021,MQY,TN,ASO,ES,Federal Contract Tower,0,5,33,0,38,0,10,116,2,128,0,15,149,2,166,204,0,204,370
05/16/2021,MQY,TN,ASO,ES,Federal Contract Tower,1,2,36,7,46,0,6,79,9,94,1,8,115,16,140,114,0,114,254
05/17/2021,MQY,TN,ASO,ES,Federal Contract Tower,0,5,64,7,76,0,7,107,3,117,0,12,171,10,193,222,0,222,415
05/18/2021,MQY,TN,ASO,ES,Federal Contract Tower,0,4,55,5,64,0,2,137,15,154,0,6,192,20,218,150,0,150,368
05/19/2021,MQY,TN,ASO,ES,Federal Contract Tower,1,12,54,8,75,0,38,99,6,143,1,50,153,14,218,166,0,166,384
05/20/2021,MQY,TN,ASO,ES,Federal Contract Tower,0,6,79,2,87,0,43,170,17,230,0,49,249,19,317,212,16,228,545
05/21/2021,MQY,TN,ASO,ES,Federal Contract Tower,0,9,58,7,74,0,46,133,13,192,0,55,191,20,266,196,4,200,466
05/22/2021,MQY,TN,ASO,ES,Federal Contract Tower,0,12,38,3,53,0,29,133,3,165,0,41,171,6,218,180,0,180,398
05/23/2021,MQY,TN,ASO,ES,Federal Contract Tower,0,3,38,4,45,0,71,96,2,169,0,74,134,6,214,114,0,114,328
05/24/2021,MQY,TN,ASO,ES,Federal Contract Tower,0,14,49,10,73,0,42,146,2,190,0,56,195,12,263,254,6,260,523
05/25/2021,MQY,TN,ASO,ES,Federal Contract Tower,0,13,51,2,66,0,6,162,12,180,0,19,213,14,246,242,2,244,490
05/26/2021,MQY,TN,ASO,ES,Federal Contract Tower,0,10,42,2,54,0,14,87,7,108,0,24,129,9,162,116,10,126,288
05/27/2021,MQY,TN,ASO,ES,Federal Contract Tower,0,7,88,6,101,0,40,137,8,185,0,47,225,14,286,268,4,272,558
05/28/2021,MQY,TN,ASO,ES,Federal Contract Tower,1,9,42,0,52,0,4,13,0,17,1,13,55,0,69,12,0,12,81
05/29/2021,MQY,TN,ASO,ES,Federal Contract Tower,0,4,28,1,33,0,6,3,3,12,0,10,31,4,45,6,0,6,51
05/30/2021,MQY,TN,ASO,ES,Federal Contract Tower,0,3,26,0,29,0,22,72,1,95,0,25,98,1,124,100,0,100,224
05/31/2021,MQY,TN,ASO,ES,Federal Contract Tower,0,11,44,0,55,0,26,53,2,81,0,37,97,2,136,100,4,104,240
06/01/2021,MQY,TN,ASO,ES,Federal Contract Tower,0,12,43,1,56,0,71,119,6,196,0,83,162,7,252,248,0,248,500
06/02/2021,MQY,TN,ASO,ES,Federal Contract Tower,0,4,21,2,27,0,0,2,2,4,0,4,23,4,31,0,0,0,31
06/03/2021,MQY,TN,ASO,ES,Federal Contract Tower,0,11,51,1,63,0,5,44,6,55,0,16,95,7,118,14,8,22,140
06/04/2021,MQY,TN,ASO,ES,Federal Contract Tower,0,8,27,11,46,0,1,20,9,30,0,9,47,20,76,30,14,44,120
06/05/2021,MQY,TN,ASO,ES,Federal Contract Tower,0,2,27,0,29,0,1,13,3,17,0,3,40,3,46,2,0,2,48
06/06/2021,MQY,TN,ASO,ES,Federal Contract Tower,0,1,17,5,23,0,3,6,6,15,0,4,23,11,38,16,0,16,54
06/07/2021,MQY,TN,ASO,ES,Federal Contract Tower,0,6,48,14,68,0,22,79,0,101,0,28,127,14,169,104,0,104,273
06/08/2021,MQY,TN,ASO,ES,Federal Contract Tower,0,10,57,0,67,0,31,69,5,105,0,41,126,5,172,206,0,206,378
06/09/2021,MQY,TN,ASO,ES,Federal Contract Tower,0,4,48,4,56,0,4,9,1,14,0,8,57,5,70,44,0,44,114
06/10/2021,MQY,TN,ASO,ES,Federal Contract Tower,0,12,56,5,73,0,9,74,4,87,0,21,130,9,160,224,20,244,404
06/11/2021,MQY,TN,ASO,ES,Federal Contract Tower,0,8,59,9,76,0,13,22,16,51,0,21,81,25,127,62,0,62,189
06/12/2021,MQY,TN,ASO,ES,Federal Contract Tower,0,8,40,2,50,0,69,108,13,190,0,77,148,15,240,140,0,140,380
06/13/2021,MQY,TN,ASO,ES,Federal Contract Tower,0,17,41,17,75,0,16,51,12,79,0,33,92,29,154,28,0,28,182
06/14/2021,MQY,TN,ASO,ES,Federal Contract Tower,0,26,82,2,110,0,28,128,0,156,0,54,210,2,266,260,0,260,526
06/15/2021,MQY,TN,ASO,ES,Federal Contract Tower,0,14,69,6,89,0,44,143,6,193,0,58,212,12,282,196,0,196,478
06/16/2021,MQY,TN,ASO,ES,Federal Contract Tower,0,28,58,3,89,0,22,159,1,182,0,50,217,4,271,236,0,236,507
06/17/2021,MQY,TN,ASO,ES,Federal Contract Tower,0,20,64,3,87,0,53,156,8,217,0,73,220,11,304,352,2,354,658
06/18/2021,MQY,TN,ASO,ES,Federal Contract Tower,0,24,110,0,134,0,46,166,12,224,0,70,276,12,358,200,0,200,558
06/19/2021,MQY,TN,ASO,ES,Federal Contract Tower,0,11,66,2,79,0,46,126,0,172,0,57,192,2,251,126,0,126,377
06/20/2021,MQY,TN,ASO,ES,Federal Contract Tower,0,29,76,0,105,0,8,74,0,82,0,37,150,0,187,32,0,32,219
06/21/2021,MQY,TN,ASO,ES,Federal Contract Tower,0,3,32,10,45,0,2,24,0,26,0,5,56,10,71,44,0,44,115
06/22/2021,MQY,TN,ASO,ES,Federal Contract Tower,0,29,62,7,98,0,6,137,1,144,0,35,199,8,242,210,34,244,486
06/23/2021,MQY,TN,ASO,ES,Federal Contract Tower,0,25,70,1,96,0,31,186,7,224,0,56,256,8,320,276,10,286,606
06/24/2021,MQY,TN,ASO,ES,Federal Contract Tower,0,8,57,2,67,0,13,126,9,148,0,21,183,11,215,186,18,204,419
06/25/2021,MQY,TN,ASO,ES,Federal Contract Tower,0,7,57,0,64,0,31,132,7,170,0,38,189,7,234,126,0,126,360
06/26/2021,MQY,TN,ASO,ES,Federal Contract Tower,0,1,29,2,32,0,26,82,0,108,0,27,111,2,140,54,0,54,194
06/27/2021,MQY,TN,ASO,ES,Federal Contract Tower,0,3,26,0,29,0,4,72,4,80,0,7,98,4,109,68,0,68,177
06/28/2021,MQY,TN,ASO,ES,Federal Contract Tower,0,12,63,0,75,0,56,106,0,162,0,68,169,0,237,218,0,218,455
06/29/2021,MQY,TN,ASO,ES,Federal Contract Tower,0,21,48,1,70,0,38,122,1,161,0,59,170,2,231,162,0,162,393
06/30/2021,MQY,TN,ASO,ES,Federal Contract Tower,0,15,47,2,64,0,11,95,32,138,0,26,142,34,202,124,0,124,326
07/01/2021,MQY,TN,ASO,ES,Federal Contract Tower,0,9,40,7,56,0,14,39,4,57,0,23,79,11,113,90,0,90,203
07/02/2021,MQY,TN,ASO,ES,Federal Contract Tower,0,19,63,0,82,0,20,77,0,97,0,39,140,0,179,150,0,150,329
07/03/2021,MQY,TN,ASO,ES,Federal Contract Tower,1,7,26,0,34,0,10,103,0,113,1,17,129,0,147,62,0,62,209
07/04/2021,MQY,TN,ASO,ES,Federal Contract Tower,0,0,20,0,20,0,0,40,0,40,0,0,60,0,60,20,0,20,80
07/05/2021,MQY,TN,ASO,ES,Federal Contract Tower,0,23,46,0,69,0,18,116,0,134,0,41,162,0,203,266,0,266,469
07/06/2021,MQY,TN,ASO,ES,Federal Contract Tower,0,9,43,9,61,0,10,147,0,157,0,19,190,9,218,206,0,206,424
07/07/2021,MQY,TN,ASO,ES,Federal Contract Tower,0,7,37,2,46,0,2,53,2,57,0,9,90,4,103,194,8,202,305
07/08/2021,MQY,TN,ASO,ES,Federal Contract Tower,0,8,53,1,62,0,28,100,8,136,0,36,153,9,198,194,0,194,392
07/09/2021,MQY,TN,ASO,ES,Federal Contract Tower,0,11,32,6,49,0,14,92,2,108,0,25,124,8,157,220,0,220,377
07/10/2021,MQY,TN,ASO,ES,Federal Contract Tower,0,10,21,0,31,0,0,68,4,72,0,10,89,4,103,40,0,40,143
07/11/2021,MQY,TN,ASO,ES,Federal Contract Tower,0,5,21,3,29,0,0,8,2,10,0,5,29,5,39,0,0,0,39
07/12/2021,MQY,TN,ASO,ES,Federal Contract Tower,0,8,52,0,60,0,0,33,1,34,0,8,85,1,94,116,0,116,210
07/13/2021,MQY,TN,ASO,ES,Federal Contract Tower,1,9,39,0,49,0,13,48,0,61,1,22,87,0,110,158,0,158,268
07/14/2021,MQY,TN,ASO,ES,Federal Contract Tower,0,7,72,3,82,0,39,157,10,206,0,46,229,13,288,246,0,246,534
07/15/2021,MQY,TN,ASO,ES,Federal Contract Tower,0,10,60,2,72,0,36,154,4,194,0,46,214,6,266,278,0,278,544
07/16/2021,MQY,TN,ASO,ES,Federal Contract Tower,0,2,46,2,50,0,23,144,0,167,0,25,190,2,217,200,0,200,417
07/17/2021,MQY,TN,ASO,ES,Federal Contract Tower,0,4,19,0,23,0,6,20,0,26,0,10,39,0,49,58,0,58,107
07/18/2021,MQY,TN,ASO,ES,Federal Contract Tower,0,3,30,0,33,0,3,11,0,14,0,6,41,0,47,4,0,4,51
07/19/2021,MQY,TN,ASO,ES,Federal Contract Tower,0,3,53,0,56,0,6,47,0,53,0,9,100,0,109,108,0,108,217
07/20/2021,MQY,TN,ASO,ES,Federal Contract Tower,0,13,56,6,75,0,29,151,6,186,0,42,207,12,261,304,20,324,585
07/21/2021,MQY,TN,ASO,ES,Federal Contract Tower,0,12,74,18,104,0,86,143,2,231,0,98,217,20,335,218,10,228,563
07/22/2021,MQY,TN,ASO,ES,Federal Contract Tower,0,10,70,0,80,0,45,159,0,204,0,55,229,0,284,322,0,322,606
07/23/2021,MQY,TN,ASO,ES,Federal Contract Tower,0,18,48,20,86,0,23,134,0,157,0,41,182,20,243,242,0,242,485
07/24/2021,MQY,TN,ASO,ES,Federal Contract Tower,0,5,33,0,38,0,2,112,3,117,0,7,145,3,155,122,0,122,277
07/25/2021,MQY,TN,ASO,ES,Federal Contract Tower,0,5,32,8,45,0,0,42,5,47,0,5,74,13,92,52,0,52,144
07/26/2021,MQY,TN,ASO,ES,Federal Contract Tower,0,3,31,2,36,0,2,56,0,58,0,5,87,2,94,84,0,84,178
07/27/2021,MQY,TN,ASO,ES,Federal Contract Tower,0,11,63,26,100,0,18,95,0,113,0,29,158,26,213,130,0,130,343
07/28/2021,MQY,TN,ASO,ES,Federal Contract Tower,0,14,71,0,85,0,25,116,0,141,0,39,187,0,226,206,0,206,432
07/29/2021,MQY,TN,ASO,ES,Federal Contract Tower,2,10,66,2,80,0,8,106,4,118,2,18,172,6,198,268,12,280,478
07/30/2021,MQY,TN,ASO,ES,Federal Contract Tower,0,9,56,17,82,0,8,106,6,120,0,17,162,23,202,138,6,144,346
07/31/2021,MQY,TN,ASO,ES,Federal Contract Tower,0,3,37,6,46,0,25,97,9,131,0,28,134,15,177,102,62,164,341
08/01/2021,MQY,TN,ASO,ES,Federal Contract Tower,0,4,27,0,31,0,3,21,0,24,0,7,48,0,55,64,0,64,119
08/02/2021,MQY,TN,ASO,ES,Federal Contract Tower,0,9,37,9,55,0,22,107,3,132,0,31,144,12,187,144,0,144,331
08/03/2021,MQY,TN,ASO,ES,Federal Contract Tower,0,5,54,5,64,0,24,141,2,167,0,29,195,7,231,170,0,170,401
08/04/2021,MQY,TN,ASO,ES,Federal Contract Tower,0,11,77,9,97,0,18,139,4,161,0,29,216,13,258,246,0,246,504
08/05/2021,MQY,TN,ASO,ES,Federal Contract Tower,0,10,79,19,108,0,30,159,5,194,0,40,238,24,302,138,0,138,440
08/06/2021,MQY,TN,ASO,ES,Federal Contract Tower,0,14,52,10,76,0,10,146,8,164,0,24,198,18,240,178,0,178,418
08/07/2021,MQY,TN,ASO,ES,Federal Contract Tower,0,6,31,0,37,0,33,90,8,131,0,39,121,8,168,76,0,76,244
08/08/2021,MQY,TN,ASO,ES,Federal Contract Tower,0,13,29,5,47,0,7,49,1,57,0,20,78,6,104,46,0,46,150
08/09/2021,MQY,TN,ASO,ES,Federal Contract Tower,0,13,60,0,73,0,2,94,0,96,0,15,154,0,169,112,0,112,281
08/10/2021,MQY,TN,ASO,ES,Federal Contract Tower,0,11,61,3,75,0,0,100,1,101,0,11,161,4,176,126,0,126,302
08/11/2021,MQY,TN,ASO,ES,Federal Contract Tower,0,8,58,3,69,0,8,128,6,142,0,16,186,9,211,110,0,110,321
08/12/2021,MQY,TN,ASO,ES,Federal Contract Tower,0,10,61,0,71,0,8,120,9,137,0,18,181,9,208,156,26,182,390
08/13/2021,MQY,TN,ASO,ES,Federal Contract Tower,0,5,48,6,59,0,1,90,1,92,0,6,138,7,151,86,10,96,247
08/14/2021,MQY,TN,ASO,ES,Federal Contract Tower,0,1,32,0,33,0,1,59,8,68,0,2,91,8,101,126,0,126,227
08/15/2021,MQY,TN,ASO,ES,Federal Contract Tower,0,2,30,0,32,0,0,2,0,2,0,2,32,0,34,0,0,0,34
08/16/2021,MQY,TN,ASO,ES,Federal Contract Tower,0,18,41,0,59,0,0,22,0,22,0,18,63,0,81,58,0,58,139
08/17/2021,MQY,TN,ASO,ES,Federal Contract Tower,0,7,58,0,65,0,3,106,0,109,0,10,164,0,174,220,0,220,394
08/18/2021,MQY,TN,ASO,ES,Federal Contract Tower,0,8,51,0,59,0,2,73,0,75,0,10,124,0,134,88,0,88,222
08/19/2021,MQY,TN,ASO,ES,Federal Contract Tower,0,15,54,1,70,0,7,50,2,59,0,22,104,3,129,138,14,152,281
08/20/2021,MQY,TN,ASO,ES,Federal Contract Tower,0,13,64,0,77,0,19,70,1,90,0,32,134,1,167,124,0,124,291
08/21/2021,MQY,TN,ASO,ES,Federal Contract Tower,0,9,25,0,34,0,4,23,4,31,0,13,48,4,65,52,0,52,117
08/22/2021,MQY,TN,ASO,ES,Federal Contract Tower,0,7,36,2,45,0,5,77,7,89,0,12,113,9,134,168,6,174,308
08/23/2021,MQY,TN,ASO,ES,Federal Contract Tower,0,14,62,6,82,0,28,159,2,189,0,42,221,8,271,318,0,318,589
08/24/2021,MQY,TN,ASO,ES,Federal Contract Tower,0,3,81,2,86,0,2,119,4,125,0,5,200,6,211,216,4,220,431
08/25/2021,MQY,TN,ASO,ES,Federal Contract Tower,2,15,61,11,89,0,13,133,8,154,2,28,194,19,243,146,0,146,389
08/26/2021,MQY,TN,ASO,ES,Federal Contract Tower,0,13,75,0,88,0,31,133,7,171,0,44,208,7,259,156,0,156,415
08/27/2021,MQY,TN,ASO,ES,Federal Contract Tower,0,16,62,0,78,0,32,140,2,174,0,48,202,2,252,150,0,150,402
08/28/2021,MQY,TN,ASO,ES,Federal Contract Tower,0,9,41,0,50,0,2,100,3,105,0,11,141,3,155,102,0,102,257
08/29/2021,MQY,TN,ASO,ES,Federal Contract Tower,0,5,45,0,50,0,6,76,1,83,0,11,121,1,133,54,0,54,187
08/30/2021,MQY,TN,ASO,ES,Federal Contract Tower,0,12,42,0,54,0,23,62,2,87,0,35,104,2,141,94,8,102,243
08/31/2021,MQY,TN,ASO,ES,Federal Contract Tower,0,6,16,0,22,0,0,0,0,0,0,6,16,0,22,0,0,0,22
09/01/2021,MQY,TN,ASO,ES,Federal Contract Tower,0,8,132,2,142,0,11,88,0,99,0,19,220,2,241,126,0,126,367
09/02/2021,MQY,TN,ASO,ES,Federal Contract Tower,0,9,57,2,68,0,7,129,9,145,0,16,186,11,213,174,0,174,387
09/03/2021,MQY,TN,ASO,ES,Federal Contract Tower,2,8,55,1,66,0,10,145,1,156,2,18,200,2,222,202,0,202,424
09/04/2021,MQY,TN,ASO,ES,Federal Contract Tower,0,7,64,0,71,0,13,117,4,134,0,20,181,4,205,56,0,56,261
09/05/2021,MQY,TN,ASO,ES,Federal Contract Tower,0,4,56,6,66,0,0,13,12,25,0,4,69,18,91,8,16,24,115
09/06/2021,MQY,TN,ASO,ES,Federal Contract Tower,0,12,75,0,87,0,6,120,0,126,0,18,195,0,213,170,0,170,383
09/07/2021,MQY,TN,ASO,ES,Federal Contract Tower,0,10,61,2,73,0,9,128,0,137,0,19,189,2,210,192,0,192,402
09/08/2021,MQY,TN,ASO,ES,Federal Contract Tower,0,16,73,2,91,0,22,138,0,160,0,38,211,2,251,206,0,206,457
09/09/2021,MQY,TN,ASO,ES,Federal Contract Tower,0,8,46,0,54,0,26,138,14,178,0,34,184,14,232,194,18,212,444
09/10/2021,MQY,TN,ASO,ES,Federal Contract Tower,0,14,52,0,66,0,34,165,8,207,0,48,217,8,273,242,6,248,521
09/11/2021,MQY,TN,ASO,ES,Federal Contract Tower,0,11,37,3,51,0,21,129,3,153,0,32,166,6,204,94,0,94,298
09/12/2021,MQY,TN,ASO,ES,Federal Contract Tower,0,10,31,0,41,0,61,85,3,149,0,71,116,3,190,126,4,130,320
09/13/2021,MQY,TN,ASO,ES,Federal Contract Tower,0,11,40,1,52,0,24,108,0,132,0,35,148,1,184,156,0,156,340
09/14/2021,MQY,TN,ASO,ES,Federal Contract Tower,0,5,49,0,54,0,29,102,0,131,0,34,151,0,185,124,0,124,309
09/15/2021,MQY,TN,ASO,ES,Federal Contract Tower,0,8,41,0,49,0,11,28,0,39,0,19,69,0,88,84,0,84,172
09/16/2021,MQY,TN,ASO,ES,Federal Contract Tower,0,14,43,0,57,0,21,125,7,153,0,35,168,7,210,160,12,172,382
09/17/2021,MQY,TN,ASO,ES,Federal Contract Tower,2,5,44,0,51,0,8,70,1,79,2,13,114,1,130,82,0,82,212
09/18/2021,MQY,TN,ASO,ES,Federal Contract Tower,0,4,18,0,22,0,0,5,0,5,0,4,23,0,27,6,0,6,33
09/19/2021,MQY,TN,ASO,ES,Federal Contract Tower,0,3,29,0,32,0,0,0,0,0,0,3,29,0,32,0,0,0,32
09/20/2021,MQY,TN,ASO,ES,Federal Contract Tower,0,7,23,0,30,0,2,4,0,6,0,9,27,0,36,18,0,18,54
09/21/2021,MQY,TN,ASO,ES,Federal Contract Tower,0,18,54,0,72,0,12,49,0,61,0,30,103,0,133,106,0,106,239
09/22/2021,MQY,TN,ASO,ES,Federal Contract Tower,0,13,57,0,70,0,1,42,3,46,0,14,99,3,116,0,0,0,116
09/23/2021,MQY,TN,ASO,ES,Federal Contract Tower,2,22,74,2,100,0,25,180,5,210,2,47,254,7,310,188,0,188,498
09/24/2021,MQY,TN,ASO,ES,Federal Contract Tower,2,35,86,0,123,0,52,235,4,291,2,87,321,4,414,208,4,212,626
09/25/2021,MQY,TN,ASO,ES,Federal Contract Tower,0,12,58,0,70,0,26,121,5,152,0,38,179,5,222,122,12,134,356
09/26/2021,MQY,TN,ASO,ES,Federal Contract Tower,0,10,56,0,66,0,25,82,0,107,0,35,138,0,173,114,0,114,287
09/27/2021,MQY,TN,ASO,ES,Federal Contract Tower,0,13,46,4,63,0,61,133,3,197,0,74,179,7,260,104,20,124,384
09/28/2021,MQY,TN,ASO,ES,Federal Contract Tower,0,5,63,2,70,0,24,139,4,167,0,29,202,6,237,200,0,200,437
09/29/2021,MQY,TN,ASO,ES,Federal Contract Tower,1,23,51,5,80,0,29,148,3,180,1,52,199,8,260,144,68,212,472
09/30/2021,MQY,TN,ASO,ES,Federal Contract Tower,0,56,70,6,132,0,4,156,2,162,0,60,226,8,294,228,0,228,522
10/01/2021,MQY,TN,ASO,ES,Federal Contract Tower,1,45,75,0,121,0,23,148,0,171,1,68,223,0,292,220,0,220,512
10/02/2021,MQY,TN,ASO,ES,Federal Contract Tower,0,14,39,0,53,0,24,133,0,157,0,38,172,0,210,200,0,200,410
10/03/2021,MQY,TN,ASO,ES,Federal Contract Tower,0,4,23,0,27,0,13,10,0,23,0,17,33,0,50,78,0,78,128
10/04/2021,MQY,TN,ASO,ES,Federal Contract Tower,0,42,64,1,107,0,33,100,2,135,0,75,164,3,242,162,0,162,404
10/05/2021,MQY,TN,ASO,ES,Federal Contract Tower,0,29,47,0,76,0,12,38,1,51,0,41,85,1,127,48,0,48,175
10/06/2021,MQY,TN,ASO,ES,Federal Contract Tower,0,20,29,1,50,0,3,43,0,46,0,23,72,1,96,106,0,106,202
10/07/2021,MQY,TN,ASO,ES,Federal Contract Tower,0,39,67,0,106,0,43,93,0,136,0,82,160,0,242,188,0,188,430
10/08/2021,MQY,TN,ASO,ES,Federal Contract Tower,2,38,64,0,104,0,31,149,0,180,2,69,213,0,284,226,0,226,510
10/09/2021,MQY,TN,ASO,ES,Federal Contract Tower,0,18,45,0,63,0,50,129,2,181,0,68,174,2,244,112,0,112,356
10/10/2021,MQY,TN,ASO,ES,Federal Contract Tower,0,16,67,1,84,0,47,122,8,177,0,63,189,9,261,124,10,134,395
10/11/2021,MQY,TN,ASO,ES,Federal Contract Tower,0,14,49,0,63,0,26,88,0,114,0,40,137,0,177,110,0,110,287
10/12/2021,MQY,TN,ASO,ES,Federal Contract Tower,0,19,71,0,90,0,59,108,0,167,0,78,179,0,257,130,0,130,387
10/13/2021,MQY,TN,ASO,ES,Federal Contract Tower,0,15,82,0,97,0,10,124,2,136,0,25,206,2,233,180,0,180,413
10/14/2021,MQY,TN,ASO,ES,Federal Contract Tower,0,42,56,0,98,0,35,167,13,215,0,77,223,13,313,250,24,274,587
10/15/2021,MQY,TN,ASO,ES,Federal Contract Tower,0,11,45,0,56,0,4,35,0,39,0,15,80,0,95,66,0,66,161
10/16/2021,MQY,TN,ASO,ES,Federal Contract Tower,0,17,27,0,44,0,55,72,6,133,0,72,99,6,177,56,0,56,233
10/17/2021,MQY,TN,ASO,ES,Federal Contract Tower,0,37,70,2,109,0,19,114,5,138,0,56,184,7,247,208,0,208,455
10/18/2021,MQY,TN,ASO,ES,Federal Contract Tower,0,59,78,8,145,0,57,155,3,215,0,116,233,11,360,304,0,304,664
10/19/2021,MQY,TN,ASO,ES,Federal Contract Tower,1,29,71,0,101,0,48,162,0,210,1,77,233,0,311,184,0,184,495
10/20/2021,MQY,TN,ASO,ES,Federal Contract Tower,1,45,77,0,123,0,64,143,8,215,1,109,220,8,338,222,6,228,566
10/21/2021,MQY,TN,ASO,ES,Federal Contract Tower,2,38,51,0,91,0,3,75,4,82,2,41,126,4,173,180,6,186,359
10/22/2021,MQY,TN,ASO,ES,Federal Contract Tower,0,19,93,4,116,0,61,124,2,187,0,80,217,6,303,190,0,190,493
10/23/2021,MQY,TN,ASO,ES,Federal Contract Tower,0,8,67,0,75,0,40,145,2,187,0,48,212,2,262,184,0,184,446
10/24/2021,MQY,TN,ASO,ES,Federal Contract Tower,0,15,43,0,58,0,1,70,0,71,0,16,113,0,129,42,0,42,171
10/25/2021,MQY,TN,ASO,ES,Federal Contract Tower,0,4,81,10,95,0,2,19,5,26,0,6,100,15,121,10,16,26,147
10/26/2021,MQY,TN,ASO,ES,Federal Contract Tower,0,18,75,6,99,0,7,125,7,139,0,25,200,13,238,292,12,304,542
10/27/2021,MQY,TN,ASO,ES,Federal Contract Tower,0,32,61,6,99,0,27,163,3,193,0,59,224,9,292,258,0,258,550
10/28/2021,MQY,TN,ASO,ES,Federal Contract Tower,0,6,43,0,49,0,0,25,6,31,0,6,68,6,80,84,10,94,174
10/29/2021,MQY,TN,ASO,ES,Federal Contract Tower,1,15,49,2,67,0,0,16,0,16,1,15,65,2,83,32,0,32,115
10/30/2021,MQY,TN,ASO,ES,Federal Contract Tower,0,3,22,0,25,0,0,0,0,0,0,3,22,0,25,0,0,0,25
10/31/2021,MQY,TN,ASO,ES,Federal Contract Tower,0,23,61,3,87,0,21,85,5,111,0,44,146,8,198,100,0,100,298
11/01/2021,MQY,TN,ASO,ES,Federal Contract Tower,0,17,44,0,61,0,17,103,0,120,0,34,147,0,181,178,0,178,359
11/02/2021,MQY,TN,ASO,ES,Federal Contract Tower,0,9,53,2,64,0,11,87,3,101,0,20,140,5,165,222,10,232,397
11/03/2021,MQY,TN,ASO,ES,Federal Contract Tower,0,32,49,0,81,0,15,117,5,137,0,47,166,5,218,184,0,184,402
11/04/2021,MQY,TN,ASO,ES,Federal Contract Tower,0,18,66,9,93,0,10,128,11,149,0,28,194,20,242,164,6,170,412
11/05/2021,MQY,TN,ASO,ES,Federal Contract Tower,0,12,49,1,62,0,22,166,6,194,0,34,215,7,256,272,16,288,544
11/06/2021,MQY,TN,ASO,ES,Federal Contract Tower,0,13,31,1,45,0,21,84,4,109,0,34,115,5,154,100,0,100,254
11/07/2021,MQY,TN,ASO,ES,Federal Contract Tower,0,9,53,1,63,0,45,117,25,187,0,54,170,26,250,176,22,198,448
11/08/2021,MQY,TN,ASO,ES,Federal Contract Tower,0,16,61,0,77,0,74,149,6,229,0,90,210,6,306,194,0,194,500
11/09/2021,MQY,TN,ASO,ES,Federal Contract Tower,0,29,54,3,86,0,33,186,2,221,0,62,240,5,307,234,0,234,541
11/10/2021,MQY,TN,ASO,ES,Federal Contract Tower,0,15,64,3,82,0,20,165,1,186,0,35,229,4,268,226,0,226,494
11/11/2021,MQY,TN,ASO,ES,Federal Contract Tower,0,11,19,0,30,0,2,13,1,16,0,13,32,1,46,34,0,34,80
11/12/2021,MQY,TN,ASO,ES,Federal Contract Tower,0,31,61,2,94,0,11,129,4,144,0,42,190,6,238,176,2,178,416
11/13/2021,MQY,TN,ASO,ES,Federal Contract Tower,0,11,35,1,47,0,0,127,6,133,0,11,162,7,180,154,0,154,334
11/14/2021,MQY,TN,ASO,ES,Federal Contract Tower,0,17,34,1,52,0,30,60,1,91,0,47,94,2,143,78,2,80,223
11/15/2021,MQY,TN,ASO,ES,Federal Contract Tower,1,12,57,0,70,0,44,154,0,198,1,56,211,0,268,230,0,230,498
11/16/2021,MQY,TN,ASO,ES,Federal Contract Tower,0,8,99,0,107,0,3,100,3,106,0,11,199,3,213,256,10,266,479
11/17/2021,MQY,TN,ASO,ES,Federal Contract Tower,0,17,67,0,84,0,17,102,1,120,0,34,169,1,204,192,0,192,396
11/18/2021,MQY,TN,ASO,ES,Federal Contract Tower,0,16,53,0,69,0,17,68,2,87,0,33,121,2,156,146,6,152,308
11/19/2021,MQY,TN,ASO,ES,Federal Contract Tower,1,16,67,3,87,0,51,176,0,227,1,67,243,3,314,288,0,288,602
11/20/2021,MQY,TN,ASO,ES,Federal Contract Tower,0,12,32,8,52,0,5,143,10,158,0,17,175,18,210,222,0,222,432
11/21/2021,MQY,TN,ASO,ES,Federal Contract Tower,0,19,3,0,22,0,1,22,0,23,0,20,25,0,45,62,0,62,107
11/22/2021,MQY,TN,ASO,ES,Federal Contract Tower,0,16,67,1,84,0,8,143,0,151,0,24,210,1,235,174,0,174,409
11/23/2021,MQY,TN,ASO,ES,Federal Contract Tower,0,12,59,7,78,0,44,162,7,213,0,56,221,14,291,266,0,266,557
11/24/2021,MQY,TN,ASO,ES,Federal Contract Tower,0,8,56,0,64,0,13,106,0,119,0,21,162,0,183,234,0,234,417
11/25/2021,MQY,TN,ASO,ES,Federal Contract Tower,0,3,5,0,8,0,0,0,0,0,0,3,5,0,8,0,0,0,8
11/26/2021,MQY,TN,ASO,ES,Federal Contract Tower,2,4,28,0,34,0,7,69,0,76,2,11,97,0,110,92,0,92,202
11/27/2021,MQY,TN,ASO,ES,Federal Contract Tower,0,11,29,0,40,0,0,76,3,79,0,11,105,3,119,52,2,54,173
11/28/2021,MQY,TN,ASO,ES,Federal Contract Tower,0,7,49,0,56,0,13,96,0,109,0,20,145,0,165,140,0,140,305
11/29/2021,MQY,TN,ASO,ES,Federal Contract Tower,3,10,64,0,77,0,4,146,0,150,3,14,210,0,227,180,0,180,407
11/30/2021,MQY,TN,ASO,ES,Federal Contract Tower,0,21,47,3,71,0,3,125,5,133,0,24,172,8,204,130,0,130,334
12/01/2021,MQY,TN,ASO,ES,Federal Contract Tower,0,2,52,1,55,0,5,87,4,96,0,7,139,5,151,214,0,214,365
12/02/2021,MQY,TN,ASO,ES,Federal Contract Tower,0,17,62,4,83,0,28,155,8,191,0,45,217,12,274,200,0,200,474
12/03/2021,MQY,TN,ASO,ES,Federal Contract Tower,3,16,72,0,91,0,23,145,6,174,3,39,217,6,265,250,0,250,515
12/04/2021,MQY,TN,ASO,ES,Federal Contract Tower,0,11,34,0,45,0,0,0,0,0,0,11,34,0,45,0,0,0,45
12/05/2021,MQY,TN,ASO,ES,Federal Contract Tower,0,8,25,5,38,0,6,26,5,37,0,14,51,10,75,60,30,90,165
12/06/2021,MQY,TN,ASO,ES,Federal Contract Tower,2,8,35,0,45,0,3,77,0,80,2,11,112,0,125,142,0,142,267
12/07/2021,MQY,TN,ASO,ES,Federal Contract Tower,0,10,62,0,72,0,7,126,0,133,0,17,188,0,205,238,0,238,443
12/08/2021,MQY,TN,ASO,ES,Federal Contract Tower,0,11,55,12,78,0,8,124,4,136,0,19,179,16,214,226,0,226,440
12/09/2021,MQY,TN,ASO,ES,Federal Contract Tower,0,7,50,2,59,0,25,82,8,115,0,32,132,10,174,162,18,180,354
12/10/2021,MQY,TN,ASO,ES,Federal Contract Tower,0,8,41,0,49,0,0,0,0,0,0,8,41,0,49,0,0,0,49
12/11/2021,MQY,TN,ASO,ES,Federal Contract Tower,0,10,11,0,21,0,2,13,0,15,0,12,24,0,36,12,0,12,48
12/12/2021,MQY,TN,ASO,ES,Federal Contract Tower,0,9,52,0,61,0,1,120,2,123,0,10,172,2,184,220,0,220,404
12/13/2021,MQY,TN,ASO,ES,Federal Contract Tower,0,6,47,0,53,0,9,150,8,167,0,15,197,8,220,174,4,178,398
12/14/2021,MQY,TN,ASO,ES,Federal Contract Tower,0,8,58,0,66,0,8,161,0,169,0,16,219,0,235,274,0,274,509
12/15/2021,MQY,TN,ASO,ES,Federal Contract Tower,0,8,53,2,63,0,15,132,17,164,0,23,185,19,227,192,0,192,419
12/16/2021,MQY,TN,ASO,ES,Federal Contract Tower,0,15,48,0,63,0,3,16,5,24,0,18,64,5,87,22,14,36,123
12/17/2021,MQY,TN,ASO,ES,Federal Contract Tower,0,7,46,0,53,0,0,0,0,0,0,7,46,0,53,0,0,0,53
12/18/2021,MQY,TN,ASO,ES,Federal Contract Tower,0,3,18,0,21,0,0,5,0,5,0,3,23,0,26,16,0,16,42
12/19/2021,MQY,TN,ASO,ES,Federal Contract Tower,0,7,39,2,48,0,3,77,1,81,0,10,116,3,129,176,0,176,305
12/20/2021,MQY,TN,ASO,ES,Federal Contract Tower,0,6,58,0,64,0,0,68,0,68,0,6,126,0,132,126,0,126,258
12/21/2021,MQY,TN,ASO,ES,Federal Contract Tower,0,16,71,1,88,0,5,113,1,119,0,21,184,2,207,230,0,230,437
12/22/2021,MQY,TN,ASO,ES,Federal Contract Tower,0,6,76,0,82,0,4,127,2,133,0,10,203,2,215,214,0,214,429
12/23/2021,MQY,TN,ASO,ES,Federal Contract Tower,0,2,31,0,33,0,3,106,0,109,0,5,137,0,142,160,0,160,302
12/24/2021,MQY,TN,ASO,ES,Federal Contract Tower,0,2,10,0,12,0,0,0,0,0,0,2,10,0,12,0,0,0,12
12/25/2021,MQY,TN,ASO,ES,Federal Contract Tower,0,1,2,0,3,0,0,0,0,0,0,1,2,0,3,0,0,0,3
12/26/2021,MQY,TN,ASO,ES,Federal Contract Tower,0,6,39,0,45,0,2,22,2,26,0,8,61,2,71,48,0,48,119
12/27/2021,MQY,TN,ASO,ES,Federal Contract Tower,0,3,25,1,29,0,1,22,1,24,0,4,47,2,53,30,0,30,83
12/28/2021,MQY,TN,ASO,ES,Federal Contract Tower,0,10,37,0,47,0,0,28,4,32,0,10,65,4,79,26,6,32,111
12/29/2021,MQY,TN,ASO,ES,Federal Contract Tower,0,4,19,0,23,0,0,19,0,19,0,4,38,0,42,20,0,20,62
12/30/2021,MQY,TN,ASO,ES,Federal Contract Tower,0,8,44,0,52,0,4,17,0,21,0,12,61,0,73,50,0,50,123
12/31/2021,MQY,TN,ASO,ES,Federal Contract Tower,0,10,18,0,28,0,4,22,0,26,0,14,40,0,54,74,0,74,128
01/01/2022,MQY,TN,ASO,ES,Federal Contract Tower,0,1,9,0,10,0,0,2,0,2,0,1,11,0,12,0,0,0,12
01/02/2022,MQY,TN,ASO,ES,Federal Contract Tower,0,6,16,0,22,0,0,0,0,0,0,6,16,0,22,0,0,0,22
01/03/2022,MQY,TN,ASO,ES,Federal Contract Tower,0,7,35,0,42,0,2,56,0,58,0,9,91,0,100,206,0,206,306
01/04/2022,MQY,TN,ASO,ES,Federal Contract Tower,0,16,46,0,62,0,9,111,0,120,0,25,157,0,182,118,0,118,300
01/05/2022,MQY,TN,ASO,ES,Federal Contract Tower,0,11,56,4,71,0,19,89,0,108,0,30,145,4,179,192,0,192,371
01/06/2022,MQY,TN,ASO,ES,Federal Contract Tower,0,0,7,0,7,0,0,0,0,0,0,0,7,0,7,0,0,0,7
01/07/2022,MQY,TN,ASO,ES,Federal Contract Tower,0,0,0,0,0,0,3,3,0,6,0,3,3,0,6,0,0,0,6
01/08/2022,MQY,TN,ASO,ES,Federal Contract Tower,0,3,14,0,17,0,1,29,6,36,0,4,43,6,53,18,8,26,79
01/09/2022,MQY,TN,ASO,ES,Federal Contract Tower,0,6,12,0,18,0,1,0,0,1,0,7,12,0,19,0,0,0,19
01/10/2022,MQY,TN,ASO,ES,Federal Contract Tower,0,18,45,2,65,0,3,115,0,118,0,21,160,2,183,200,0,200,383
01/11/2022,MQY,TN,ASO,ES,Federal Contract Tower,0,8,62,0,70,0,4,132,1,137,0,12,194,1,207,174,0,174,381
01/12/2022,MQY,TN,ASO,ES,Federal Contract Tower,0,9,58,0,67,0,12,121,0,133,0,21,179,0,200,134,0,134,334
01/13/2022,MQY,TN,ASO,ES,Federal Contract Tower,0,7,38,0,45,0,8,104,6,118,0,15,142,6,163,188,16,204,367
01/14/2022,MQY,TN,ASO,ES,Federal Contract Tower,0,17,66,6,89,0,9,109,1,119,0,26,175,7,208,174,0,174,382
01/15/2022,MQY,TN,ASO,ES,Federal Contract Tower,0,7,15,0,22,0,0,14,0,14,0,7,29,0,36,32,0,32,68
01/16/2022,MQY,TN,ASO,ES,Federal Contract Tower,0,2,4,0,6,0,0,0,0,0,0,2,4,0,6,0,0,0,6
01/17/2022,MQY,TN,ASO,ES,Federal Contract Tower,0,6,18,0,24,0,0,8,0,8,0,6,26,0,32,68,0,68,100
01/18/2022,MQY,TN,ASO,ES,Federal Contract Tower,0,17,51,3,71,0,11,113,2,126,0,28,164,5,197,88,0,88,285
01/19/2022,MQY,TN,ASO,ES,Federal Contract Tower,0,5,24,0,29,0,0,13,0,13,0,5,37,0,42,88,0,88,130
01/20/2022,MQY,TN,ASO,ES,Federal Contract Tower,0,12,18,0,30,0,4,44,5,53,0,16,62,5,83,166,0,166,249
01/21/2022,MQY,TN,ASO,ES,Federal Contract Tower,0,7,46,0,53,0,22,130,10,162,0,29,176,10,215,214,10,224,439
01/22/2022,MQY,TN,ASO,ES,Federal Contract Tower,0,8,43,0,51,0,13,104,2,119,0,21,147,2,170,166,0,166,336
01/23/2022,MQY,TN,ASO,ES,Federal Contract Tower,0,3,47,1,51,0,8,120,7,135,0,11,167,8,186,154,0,154,340
01/24/2022,MQY,TN,ASO,ES,Federal Contract Tower,0,7,46,0,53,0,8,90,0,98,0,15,136,0,151,122,0,122,273
01/25/2022,MQY,TN,ASO,ES,Federal Contract Tower,2,12,52,11,77,0,3,113,2,118,2,15,165,13,195,244,16,260,455
01/26/2022,MQY,TN,ASO,ES,Federal Contract Tower,0,10,39,1,50,0,39,113,3,155,0,49,152,4,205,208,0,208,413
01/27/2022,MQY,TN,ASO,ES,Federal Contract Tower,0,11,61,3,75,0,4,129,9,142,0,15,190,12,217,188,6,194,411
01/28/2022,MQY,TN,ASO,ES,Federal Contract Tower,0,9,31,0,40,0,27,31,0,58,0,36,62,0,98,70,0,70,168
01/29/2022,MQY,TN,ASO,ES,Federal Contract Tower,0,15,39,0,54,0,28,131,2,161,0,43,170,2,215,160,10,170,385
01/30/2022,MQY,TN,ASO,ES,Federal Contract Tower,0,5,40,0,45,0,2,98,2,102,0,7,138,2,147,68,0,68,215
01/31/2022,MQY,TN,ASO,ES,Federal Contract Tower,0,7,47,1,55,0,2,82,0,84,0,9,129,1,139,2,0,2,141
02/01/2022,MQY,TN,ASO,ES,Federal Contract Tower,0,5,50,0,55,0,20,102,0,122,0,25,152,0,177,128,0,128,305
02/02/2022,MQY,TN,ASO,ES,Federal Contract Tower,0,14,29,0,43,0,0,0,0,0,0,14,29,0,43,0,0,0,43
02/03/2022,MQY,TN,ASO,ES,Federal Contract Tower,1,5,15,0,21,0,0,0,0,0,1,5,15,0,21,0,0,0,21
02/04/2022,MQY,TN,ASO,ES,Federal Contract Tower,0,6,21,0,27,0,0,5,4,9,0,6,26,4,36,0,10,10,46
02/05/2022,MQY,TN,ASO,ES,Federal Contract Tower,0,5,29,1,35,0,1,117,2,120,0,6,146,3,155,248,4,252,407
02/06/2022,MQY,TN,ASO,ES,Federal Contract Tower,0,7,38,5,50,0,2,112,10,124,0,9,150,15,174,224,12,236,410
02/07/2022,MQY,TN,ASO,ES,Federal Contract Tower,0,3,34,0,37,0,81,109,0,190,0,84,143,0,227,148,0,148,375
02/08/2022,MQY,TN,ASO,ES,Federal Contract Tower,0,11,48,0,59,0,2,121,0,123,0,13,169,0,182,178,2,180,362
02/09/2022,MQY,TN,ASO,ES,Federal Contract Tower,0,3,47,1,51,0,33,137,1,171,0,36,184,2,222,182,0,182,404
02/10/2022,MQY,TN,ASO,ES,Federal Contract Tower,0,12,55,0,67,0,60,137,11,208,0,72,192,11,275,160,20,180,455
02/11/2022,MQY,TN,ASO,ES,Federal Contract Tower,0,10,38,0,48,0,9,54,0,63,0,19,92,0,111,48,0,48,159
02/12/2022,MQY,TN,ASO,ES,Federal Contract Tower,0,7,24,0,31,0,7,86,3,96,0,14,110,3,127,230,6,236,363
02/13/2022,MQY,TN,ASO,ES,Federal Contract Tower,0,13,49,0,62,0,44,91,0,135,0,57,140,0,197,110,0,110,307
02/14/2022,MQY,TN,ASO,ES,Federal Contract Tower,0,7,42,0,49,0,34,134,2,170,0,41,176,2,219,118,0,118,337
02/15/2022,MQY,TN,ASO,ES,Federal Contract Tower,0,10,54,1,65,0,83,135,4,222,0,93,189,5,287,226,0,226,513
02/16/2022,MQY,TN,ASO,ES,Federal Contract Tower,1,7,51,2,61,0,13,27,1,41,1,20,78,3,102,30,0,30,132
02/17/2022,MQY,TN,ASO,ES,Federal Contract Tower,1,7,10,0,18,0,0,2,0,2,1,7,12,0,20,0,0,0,20
02/18/2022,MQY,TN,ASO,ES,Federal Contract Tower,1,19,74,0,94,0,18,150,1,169,1,37,224,1,263,296,0,296,559
02/19/2022,MQY,TN,ASO,ES,Federal Contract Tower,0,12,41,1,54,0,48,140,3,191,0,60,181,4,245,190,0,190,435
02/20/2022,MQY,TN,ASO,ES,Federal Contract Tower,4,54,4,0,62,0,46,94,4,144,4,100,98,4,206,108,0,108,314
02/21/2022,MQY,TN,ASO,ES,Federal Contract Tower,0,5,53,1,59,0,3,39,0,42,0,8,92,1,101,86,0,86,187
02/22/2022,MQY,TN,ASO,ES,Federal Contract Tower,0,8,20,0,28,0,1,3,0,4,0,9,23,0,32,0,0,0,32
02/23/2022,MQY,TN,ASO,ES,Federal Contract Tower,0,10,31,0,41,0,0,0,0,0,0,10,31,0,41,0,0,0,41
02/24/2022,MQY,TN,ASO,ES,Federal Contract Tower,0,4,31,2,37,0,0,0,0,0,0,4,31,2,37,0,0,0,37
02/25/2022,MQY,TN,ASO,ES,Federal Contract Tower,0,9,45,2,56,0,3,69,4,76,0,12,114,6,132,200,10,210,342
02/26/2022,MQY,TN,ASO,ES,Federal Contract Tower,0,6,14,1,21,0,0,47,4,51,0,6,61,5,72,130,0,130,202
02/27/2022,MQY,TN,ASO,ES,Federal Contract Tower,0,9,48,1,58,0,57,113,3,173,0,66,161,4,231,216,2,218,449
02/28/2022,MQY,TN,ASO,ES,Federal Contract Tower,0,11,59,2,72,0,20,204,1,225,0,31,263,3,297,178,0,178,475
03/01/2022,MQY,TN,ASO,ES,Federal Contract Tower,0,9,57,3,69,0,23,153,2,178,0,32,210,5,247,166,0,166,413
03/02/2022,MQY,TN,ASO,ES,Federal Contract Tower,0,6,46,1,53,0,40,149,0,189,0,46,195,1,242,202,0,202,444
03/03/2022,MQY,TN,ASO,ES,Federal Contract Tower,0,39,61,2,102,0,30,145,4,179,0,69,206,6,281,192,30,222,503
03/04/2022,MQY,TN,ASO,ES,Federal Contract Tower,3,42,49,1,95,0,65,172,0,237,3,107,221,1,332,172,0,172,504
03/05/2022,MQY,TN,ASO,ES,Federal Contract Tower,0,10,27,0,37,0,6,91,2,99,0,16,118,2,136,82,0,82,218
03/06/2022,MQY,TN,ASO,ES,Federal Contract Tower,0,4,31,0,35,0,4,22,3,29,0,8,53,3,64,2,0,2,66
03/07/2022,MQY,TN,ASO,ES,Federal Contract Tower,0,1,16,0,17,0,0,5,0,5,0,1,21,0,22,10,0,10,32
03/08/2022,MQY,TN,ASO,ES,Federal Contract Tower,0,15,48,9,72,0,15,94,2,111,0,30,142,11,183,290,14,304,487
03/09/2022,MQY,TN,ASO,ES,Federal Contract Tower,1,14,47,2,64,0,33,109,3,145,1,47,156,5,209,250,0,250,459
03/10/2022,MQY,TN,ASO,ES,Federal Contract Tower,0,8,62,0,70,0,58,137,11,206,0,66,199,11,276,202,20,222,498
03/11/2022,MQY,TN,ASO,ES,Federal Contract Tower,0,10,63,11,84,0,55,131,4,190,0,65,194,15,274,178,24,202,476
03/12/2022,MQY,TN,ASO,ES,Federal Contract Tower,0,6,22,1,29,0,1,26,4,31,0,7,48,5,60,18,0,18,78
03/13/2022,MQY,TN,ASO,ES,Federal Contract Tower,0,17,34,0,51,0,2,84,0,86,0,19,118,0,137,134,0,134,271
03/14/2022,MQY,TN,ASO,ES,Federal Contract Tower,1,14,44,2,61,0,41,129,7,177,1,55,173,9,238,210,0,210,448
03/15/2022,MQY,TN,ASO,ES,Federal Contract Tower,1,18,36,3,58,0,67,149,1,217,1,85,185,4,275,258,0,258,533
03/16/2022,MQY,TN,ASO,ES,Federal Contract Tower,0,30,77,6,113,0,30,53,1,84,0,60,130,7,197,112,0,112,309
03/17/2022,MQY,TN,ASO,ES,Federal Contract Tower,0,30,69,9,108,0,19,131,14,164,0,49,200,23,272,264,32,296,568
03/18/2022,MQY,TN,ASO,ES,Federal Contract Tower,0,7,27,3,37,0,1,17,1,19,0,8,44,4,56,10,0,10,66
03/19/2022,MQY,TN,ASO,ES,Federal Contract Tower,0,21,45,0,66,0,12,52,4,68,0,33,97,4,134,120,6,126,260
03/20/2022,MQY,TN,ASO,ES,Federal Contract Tower,0,13,74,3,90,0,92,141,10,243,0,105,215,13,333,208,10,218,551
03/21/2022,MQY,TN,ASO,ES,Federal Contract Tower,0,22,51,4,77,0,56,140,0,196,0,78,191,4,273,154,0,154,427
03/22/2022,MQY,TN,ASO,ES,Federal Contract Tower,0,11,34,1,46,0,0,31,2,33,0,11,65,3,79,48,18,66,145
03/23/2022,MQY,TN,ASO,ES,Federal Contract Tower,0,5,47,1,53,0,10,12,7,29,0,15,59,8,82,40,20,60,142
03/24/2022,MQY,TN,ASO,ES,Federal Contract Tower,1,26,63,0,90,0,33,91,6,130,1,59,154,6,220,82,0,82,302
03/25/2022,MQY,TN,ASO,ES,Federal Contract Tower,1,42,49,0,92,0,57,115,1,173,1,99,164,1,265,140,0,140,405
03/26/2022,MQY,TN,ASO,ES,Federal Contract Tower,3,13,23,0,39,0,2,30,2,34,3,15,53,2,73,64,0,64,137
03/27/2022,MQY,TN,ASO,ES,Federal Contract Tower,0,30,47,1,78,0,38,101,12,151,0,68,148,13,229,184,10,194,423
03/28/2022,MQY,TN,ASO,ES,Federal Contract Tower,1,27,75,4,107,0,100,160,5,265,1,127,235,9,372,194,2,196,568
03/29/2022,MQY,TN,ASO,ES,Federal Contract Tower,3,36,51,4,94,0,65,120,4,189,3,101,171,8,283,206,4,210,493
03/30/2022,MQY,TN,ASO,ES,Federal Contract Tower,3,11,28,0,42,0,2,15,1,18,3,13,43,1,60,28,0,28,88
03/31/2022,MQY,TN,ASO,ES,Federal Contract Tower,1,29,51,0,81,0,5,45,15,65,1,34,96,15,146,108,2,110,256
04/01/2022,MQY,TN,ASO,ES,Federal Contract Tower,2,16,57,1,76,0,114,140,6,260,2,130,197,7,336,226,20,246,582
04/02/2022,MQY,TN,ASO,ES,Federal Contract Tower,1,9,45,13,68,0,92,139,3,234,1,101,184,16,302,132,0,132,434
04/03/2022,MQY,TN,ASO,ES,Federal Contract Tower,0,18,50,2,70,0,101,119,4,224,0,119,169,6,294,154,0,154,448
04/04/2022,MQY,TN,ASO,ES,Federal Contract Tower,0,27,53,3,83,0,42,128,0,170,0,69,181,3,253,200,0,200,453
04/05/2022,MQY,TN,ASO,ES,Federal Contract Tower,0,10,29,2,41,0,1,4,0,5,0,11,33,2,46,24,0,24,70
04/06/2022,MQY,TN,ASO,ES,Federal Contract Tower,0,10,16,2,28,0,8,1,0,9,0,18,17,2,37,0,0,0,37
04/07/2022,MQY,TN,ASO,ES,Federal Contract Tower,1,11,64,0,76,0,30,142,13,185,1,41,206,13,261,184,44,228,489
04/08/2022,MQY,TN,ASO,ES,Federal Contract Tower,1,12,32,0,45,0,24,40,2,66,1,36,72,2,111,108,0,108,219
04/09/2022,MQY,TN,ASO,ES,Federal Contract Tower,0,14,20,6,40,0,8,59,16,83,0,22,79,22,123,66,28,94,217
04/10/2022,MQY,TN,ASO,ES,Federal Contract Tower,0,6,65,1,72,0,33,132,3,168,0,39,197,4,240,160,0,160,400
04/11/2022,MQY,TN,ASO,ES,Federal Contract Tower,0,8,34,0,42,0,0,11,0,11,0,8,45,0,53,26,0,26,79
04/12/2022,MQY,TN,ASO,ES,Federal Contract Tower,0,13,36,0,49,0,2,39,0,41,0,15,75,0,90,232,0,232,322
04/13/2022,MQY,TN,ASO,ES,Federal Contract Tower,0,10,41,0,51,0,0,15,0,15,0,10,56,0,66,18,0,18,84
04/14/2022,MQY,TN,ASO,ES,Federal Contract Tower,0,25,59,6,90,0,28,185,9,222,0,53,244,15,312,352,4,356,668
04/15/2022,MQY,TN,ASO,ES,Federal Contract Tower,0,24,68,2,94,0,57,161,2,220,0,81,229,4,314,256,0,256,570
04/16/2022,MQY,TN,ASO,ES,Federal Contract Tower,0,8,44,0,52,0,40,43,0,83,0,48,87,0,135,132,0,132,267
04/17/2022,MQY,TN,ASO,ES,Federal Contract Tower,0,14,15,0,29,0,3,39,0,42,0,17,54,0,71,134,0,134,205
04/18/2022,MQY,TN,ASO,ES,Federal Contract Tower,0,8,59,0,67,0,11,62,0,73,0,19,121,0,140,188,0,188,328
04/19/2022,MQY,TN,ASO,ES,Federal Contract Tower,0,21,59,2,82,0,30,136,1,167,0,51,195,3,249,278,0,278,527
04/20/2022,MQY,TN,ASO,ES,Federal Contract Tower,0,16,61,0,77,0,11,133,9,153,0,27,194,9,230,182,0,182,412
04/21/2022,MQY,TN,ASO,ES,Federal Contract Tower,3,20,50,1,74,0,8,114,13,135,3,28,164,14,209,192,0,192,401
04/22/2022,MQY,TN,ASO,ES,Federal Contract Tower,0,27,70,2,99,0,60,175,10,245,0,87,245,12,344,292,4,296,640
04/23/2022,MQY,TN,ASO,ES,Federal Contract Tower,0,5,29,0,34,0,16,116,3,135,0,21,145,3,169,162,0,162,331
04/24/2022,MQY,TN,ASO,ES,Federal Contract Tower,0,8,38,2,48,0,4,85,1,90,0,12,123,3,138,184,6,190,328
04/25/2022,MQY,TN,ASO,ES,Federal Contract Tower,0,10,27,0,37,0,19,16,0,35,0,29,43,0,72,38,0,38,110
04/26/2022,MQY,TN,ASO,ES,Federal Contract Tower,0,15,62,2,79,0,30,129,4,163,0,45,191,6,242,216,0,216,458
04/27/2022,MQY,TN,ASO,ES,Federal Contract Tower,1,14,80,0,95,0,12,166,5,183,1,26,246,5,278,268,0,268,546
04/28/2022,MQY,TN,ASO,ES,Federal Contract Tower,2,14,63,2,81,0,46,182,8,236,2,60,245,10,317,334,0,334,651
04/29/2022,MQY,TN,ASO,ES,Federal Contract Tower,0,18,69,0,87,0,26,177,0,203,0,44,246,0,290,232,0,232,522
04/30/2022,MQY,TN,ASO,ES,Federal Contract Tower,0,7,28,0,35,0,7,88,1,96,0,14,116,1,131,140,0,140,271
05/01/2022,MQY,TN,ASO,ES,Federal Contract Tower,2,13,40,0,55,0,7,51,1,59,2,20,91,1,114,168,0,168,282
05/02/2022,MQY,TN,ASO,ES,Federal Contract Tower,0,14,43,2,59,0,26,143,3,172,0,40,186,5,231,212,0,212,443
05/03/2022,MQY,TN,ASO,ES,Federal Contract Tower,0,13,38,1,52,0,2,50,2,54,0,15,88,3,106,70,28,98,204
05/04/2022,MQY,TN,ASO,ES,Federal Contract Tower,1,20,91,5,117,0,38,131,20,189,1,58,222,25,306,310,14,324,630
05/05/2022,MQY,TN,ASO,ES,Federal Contract Tower,0,11,59,2,72,0,5,95,1,101,0,16,154,3,173,146,0,146,319
05/06/2022,MQY,TN,ASO,ES,Federal Contract Tower,0,7,20,3,30,0,2,7,0,9,0,9,27,3,39,0,0,0,39
05/07/2022,MQY,TN,ASO,ES,Federal Contract Tower,0,6,44,0,50,0,2,3,0,5,0,8,47,0,55,36,0,36,91
05/08/2022,MQY,TN,ASO,ES,Federal Contract Tower,0,14,44,0,58,0,2,78,2,82,0,16,122,2,140,146,0,146,286
05/09/2022,MQY,TN,ASO,ES,Federal Contract Tower,0,12,66,4,82,0,3,125,2,130,0,15,191,6,212,186,0,186,398
05/10/2022,MQY,TN,ASO,ES,Federal Contract Tower,0,13,59,1,73,0,22,126,2,150,0,35,185,3,223,236,0,236,459
05/11/2022,MQY,TN,ASO,ES,Federal Contract Tower,0,8,60,6,74,0,44,163,12,219,0,52,223,18,293,314,0,314,607
05/12/2022,MQY,TN,ASO,ES,Federal Contract Tower,0,13,54,4,71,0,9,174,12,195,0,22,228,16,266,366,0,366,632
05/13/2022,MQY,TN,ASO,ES,Federal Contract Tower,0,18,64,2,84,0,9,151,1,161,0,27,215,3,245,278,0,278,523
05/14/2022,MQY,TN,ASO,ES,Federal Contract Tower,0,12,46,2,60,0,1,142,1,144,0,13,188,3,204,200,0,200,404
05/15/2022,MQY,TN,ASO,ES,Federal Contract Tower,0,7,48,0,55,0,1,87,0,88,0,8,135,0,143,106,0,106,249
05/16/2022,MQY,TN,ASO,ES,Federal Contract Tower,0,14,50,0,64,0,3,112,0,115,0,17,162,0,179,208,0,208,387
05/17/2022,MQY,TN,ASO,ES,Federal Contract Tower,0,11,64,1,76,0,17,147,5,169,0,28,211,6,245,222,0,222,467
05/18/2022,MQY,TN,ASO,ES,Federal Contract Tower,0,8,58,2,68,0,7,82,0,89,0,15,140,2,157,100,0,100,257
05/19/2022,MQY,TN,ASO,ES,Federal Contract Tower,0,13,54,5,72,0,11,109,5,125,0,24,163,10,197,110,12,122,319
05/20/2022,MQY,TN,ASO,ES,Federal Contract Tower,0,11,54,8,73,0,5,84,14,103,0,16,138,22,176,52,4,56,232
05/21/2022,MQY,TN,ASO,ES,Federal Contract Tower,0,9,28,0,37,0,3,124,0,127,0,12,152,0,164,152,0,152,316
05/22/2022,MQY,TN,ASO,ES,Federal Contract Tower,0,9,38,4,51,0,13,16,2,31,0,22,54,6,82,50,0,50,132
05/23/2022,MQY,TN,ASO,ES,Federal Contract Tower,0,15,49,0,64,0,2,23,0,25,0,17,72,0,89,58,0,58,147
05/24/2022,MQY,TN,ASO,ES,Federal Contract Tower,0,24,82,7,113,0,3,35,1,39,0,27,117,8,152,66,0,66,218
05/25/2022,MQY,TN,ASO,ES,Federal Contract Tower,0,5,36,3,44,0,6,31,2,39,0,11,67,5,83,50,0,50,133
05/26/2022,MQY,TN,ASO,ES,Federal Contract Tower,1,8,20,0,29,0,6,3,2,11,1,14,23,2,40,0,0,0,40
05/27/2022,MQY,TN,ASO,ES,Federal Contract Tower,0,23,73,2,98,0,5,103,0,108,0,28,176,2,206,254,0,254,460
05/28/2022,MQY,TN,ASO,ES,Federal Contract Tower,0,11,48,0,59,0,3,76,0,79,0,14,124,0,138,212,0,212,350
05/29/2022,MQY,TN,ASO,ES,Federal Contract Tower,0,11,26,2,39,0,7,93,0,100,0,18,119,2,139,134,0,134,273
05/30/2022,MQY,TN,ASO,ES,Federal Contract Tower,0,4,51,0,55,0,4,109,0,113,0,8,160,0,168,110,0,110,278
05/31/2022,MQY,TN,ASO,ES,Federal Contract Tower,0,11,52,2,65,0,13,169,2,184,0,24,221,4,249,242,0,242,491
06/01/2022,MQY,TN,ASO,ES,Federal Contract Tower,0,16,54,1,71,0,21,144,1,166,0,37,198,2,237,140,0,140,377
06/02/2022,MQY,TN,ASO,ES,Federal Contract Tower,0,6,34,1,41,0,26,97,2,125,0,32,131,3,166,108,6,114,280
06/03/2022,MQY,TN,ASO,ES,Federal Contract Tower,0,12,83,12,107,0,4,179,5,188,0,16,262,17,295,114,0,114,409
06/04/2022,MQY,TN,ASO,ES,Federal Contract Tower,0,18,32,1,51,0,44,139,9,192,0,62,171,10,243,172,0,172,415
06/05/2022,MQY,TN,ASO,ES,Federal Contract Tower,0,8,44,0,52,0,20,84,1,105,0,28,128,1,157,98,0,98,255
06/06/2022,MQY,TN,ASO,ES,Federal Contract Tower,2,5,25,0,32,0,19,61,16,96,2,24,86,16,128,136,14,150,278
06/07/2022,MQY,TN,ASO,ES,Federal Contract Tower,0,6,32,0,38,0,3,24,7,34,0,9,56,7,72,80,28,108,180
06/08/2022,MQY,TN,ASO,ES,Federal Contract Tower,0,7,37,0,44,0,8,37,0,45,0,15,74,0,89,144,0,144,233
06/09/2022,MQY,TN,ASO,ES,Federal Contract Tower,0,20,59,1,80,0,57,154,14,225,0,77,213,15,305,282,0,282,587
06/10/2022,MQY,TN,ASO,ES,Federal Contract Tower,0,18,32,1,51,0,11,142,1,154,0,29,174,2,205,200,0,200,405
06/11/2022,MQY,TN,ASO,ES,Federal Contract Tower,2,12,41,0,55,0,35,181,5,221,2,47,222,5,276,90,0,90,366
06/12/2022,MQY,TN,ASO,ES,Federal Contract Tower,1,24,37,1,63,0,6,89,0,95,1,30,126,1,158,96,0,96,254
06/13/2022,MQY,TN,ASO,ES,Federal Contract Tower,1,19,63,0,83,0,9,118,0,127,1,28,181,0,210,128,0,128,338
06/14/2022,MQY,TN,ASO,ES,Federal Contract Tower,2,16,43,4,65,0,28,136,1,165,2,44,179,5,230,240,0,240,470
06/15/2022,MQY,TN,ASO,ES,Federal Contract Tower,1,6,49,8,64,0,8,150,2,160,1,14,199,10,224,280,0,280,504
06/16/2022,MQY,TN,ASO,ES,Federal Contract Tower,0,16,48,2,66,0,17,130,10,157,0,33,178,12,223,248,14,262,485
06/17/2022,MQY,TN,ASO,ES,Federal Contract Tower,1,20,50,0,71,0,8,84,2,94,1,28,134,2,165,140,2,142,307
06/18/2022,MQY,TN,ASO,ES,Federal Contract Tower,0,16,25,0,41,0,14,76,1,91,0,30,101,1,132,72,0,72,204
06/19/2022,MQY,TN,ASO,ES,Federal Contract Tower,0,8,42,0,50,0,7,64,0,71,0,15,106,0,121,88,0,88,209
06/20/2022,MQY,TN,ASO,ES,Federal Contract Tower,2,24,51,0,77,0,6,116,0,122,2,30,167,0,199,224,0,224,423
06/21/2022,MQY,TN,ASO,ES,Federal Contract Tower,0,25,46,0,71,0,27,120,0,147,0,52,166,0,218,238,0,238,456
06/22/2022,MQY,TN,ASO,ES,Federal Contract Tower,0,35,36,5,76,0,9,149,0,158,0,44,185,5,234,242,0,242,476
06/23/2022,MQY,TN,ASO,ES,Federal Contract Tower,1,55,68,0,124,0,36,155,15,206,1,91,223,15,330,242,18,260,590
06/24/2022,MQY,TN,ASO,ES,Federal Contract Tower,0,45,73,4,122,0,32,160,14,206,0,77,233,18,328,122,22,144,472
06/25/2022,MQY,TN,ASO,ES,Federal Contract Tower,0,16,49,1,66,0,12,125,8,145,0,28,174,9,211,106,0,106,317
06/26/2022,MQY,TN,ASO,ES,Federal Contract Tower,0,35,64,2,101,0,2,68,3,73,0,37,132,5,174,154,0,154,328
06/27/2022,MQY,TN,ASO,ES,Federal Contract Tower,0,46,59,8,113,0,13,125,9,147,0,59,184,17,260,140,14,154,414
06/28/2022,MQY,TN,ASO,ES,Federal Contract Tower,0,34,54,5,93,0,22,162,4,188,0,56,216,9,281,222,0,222,503
06/29/2022,MQY,TN,ASO,ES,Federal Contract Tower,0,38,62,2,102,0,25,173,13,211,0,63,235,15,313,234,0,234,547
06/30/2022,MQY,TN,ASO,ES,Federal Contract Tower,0,22,46,1,69,0,25,112,19,156,0,47,158,20,225,200,4,204,429
07/01/2022,MQY,TN,ASO,ES,Federal Contract Tower,0,16,65,2,83,0,32,130,3,165,0,48,195,5,248,166,0,166,414
07/02/2022,MQY,TN,ASO,ES,Federal Contract Tower,0,11,17,3,31,0,10,69,0,79,0,21,86,3,110,112,0,112,222
07/03/2022,MQY,TN,ASO,ES,Federal Contract Tower,0,5,11,0,16,0,3,21,0,24,0,8,32,0,40,50,0,50,90
07/04/2022,MQY,TN,ASO,ES,Federal Contract Tower,0,0,9,0,9,0,0,34,2,36,0,0,43,2,45,144,0,144,189
07/05/2022,MQY,TN,ASO,ES,Federal Contract Tower,0,10,47,1,58,0,32,82,0,114,0,42,129,1,172,180,0,180,352
07/06/2022,MQY,TN,ASO,ES,Federal Contract Tower,0,7,51,1,59,0,1,76,0,77,0,8,127,1,136,104,0,104,240
07/07/2022,MQY,TN,ASO,ES,Federal Contract Tower,0,14,49,0,63,0,4,74,1,79,0,18,123,1,142,114,0,114,256
07/08/2022,MQY,TN,ASO,ES,Federal Contract Tower,0,21,43,0,64,0,17,106,4,127,0,38,149,4,191,102,0,102,293
07/09/2022,MQY,TN,ASO,ES,Federal Contract Tower,0,7,27,0,34,0,0,12,0,12,0,7,39,0,46,14,0,14,60
07/10/2022,MQY,TN,ASO,ES,Federal Contract Tower,0,13,62,0,75,0,8,50,0,58,0,21,112,0,133,58,0,58,191
07/11/2022,MQY,TN,ASO,ES,Federal Contract Tower,0,30,56,0,86,0,33,141,1,175,0,63,197,1,261,298,0,298,559
07/12/2022,MQY,TN,ASO,ES,Federal Contract Tower,1,16,45,0,62,0,34,107,0,141,1,50,152,0,203,114,0,114,317
07/13/2022,MQY,TN,ASO,ES,Federal Contract Tower,2,13,52,0,67,0,4,89,0,93,2,17,141,0,160,206,0,206,366
07/14/2022,MQY,TN,ASO,ES,Federal Contract Tower,0,20,49,0,69,0,3,133,10,146,0,23,182,10,215,200,10,210,425
07/15/2022,MQY,TN,ASO,ES,Federal Contract Tower,0,22,49,4,75,0,28,137,7,172,0,50,186,11,247,168,6,174,421
07/16/2022,MQY,TN,ASO,ES,Federal Contract Tower,0,18,38,0,56,0,27,137,2,166,0,45,175,2,222,94,0,94,316
07/17/2022,MQY,TN,ASO,ES,Federal Contract Tower,2,7,40,5,54,0,4,51,0,55,2,11,91,5,109,104,0,104,213
07/18/2022,MQY,TN,ASO,ES,Federal Contract Tower,0,3,38,1,42,0,2,18,2,22,0,5,56,3,64,126,0,126,190
07/19/2022,MQY,TN,ASO,ES,Federal Contract Tower,0,7,65,1,73,0,2,118,5,125,0,9,183,6,198,248,0,248,446
07/20/2022,MQY,TN,ASO,ES,Federal Contract Tower,0,8,63,1,72,0,4,175,4,183,0,12,238,5,255,240,0,240,495
07/21/2022,MQY,TN,ASO,ES,Federal Contract Tower,0,8,69,2,79,0,4,133,2,139,0,12,202,4,218,234,0,234,452
07/22/2022,MQY,TN,ASO,ES,Federal Contract Tower,0,8,57,0,65,0,5,129,2,136,0,13,186,2,201,252,0,252,453
07/23/2022,MQY,TN,ASO,ES,Federal Contract Tower,0,3,32,1,36,0,7,124,2,133,0,10,156,3,169,178,0,178,347
07/24/2022,MQY,TN,ASO,ES,Federal Contract Tower,0,7,34,0,41,0,18,68,1,87,0,25,102,1,128,192,2,194,322
07/25/2022,MQY,TN,ASO,ES,Federal Contract Tower,0,16,38,1,55,0,11,62,3,76,0,27,100,4,131,210,0,210,341
07/26/2022,MQY,TN,ASO,ES,Federal Contract Tower,0,20,41,3,64,0,7,83,1,91,0,27,124,4,155,210,0,210,365
07/27/2022,MQY,TN,ASO,ES,Federal Contract Tower,2,22,58,1,83,0,31,157,0,188,2,53,215,1,271,280,0,280,551
07/28/2022,MQY,TN,ASO,ES,Federal Contract Tower,2,8,34,1,45,0,16,63,4,83,2,24,97,5,128,136,0,136,264
07/29/2022,MQY,TN,ASO,ES,Federal Contract Tower,2,11,38,1,52,3,22,4,0,29,5,33,42,1,81,110,12,122,203
07/30/2022,MQY,TN,ASO,ES,Federal Contract Tower,2,6,49,0,57,0,2,92,1,95,2,8,141,1,152,200,0,200,352
07/31/2022,MQY,TN,ASO,ES,Federal Contract Tower,2,5,30,13,50,0,0,15,0,15,2,5,45,13,65,22,0,22,87
08/01/2022,MQY,TN,ASO,ES,Federal Contract Tower,0,16,59,5,80,0,7,72,1,80,0,23,131,6,160,286,0,286,446
08/02/2022,MQY,TN,ASO,ES,Federal Contract Tower,1,28,40,0,69,0,9,156,5,170,1,37,196,5,239,292,10,302,541
08/03/2022,MQY,TN,ASO,ES,Federal Contract Tower,6,11,69,0,86,0,26,155,0,181,6,37,224,0,267,250,0,250,517
08/04/2022,MQY,TN,ASO,ES,Federal Contract Tower,0,25,53,2,80,0,4,116,5,125,0,29,169,7,205,244,0,244,449
08/05/2022,MQY,TN,ASO,ES,Federal Contract Tower,4,19,48,3,74,0,9,108,15,132,4,28,156,18,206,218,0,218,424
08/06/2022,MQY,TN,ASO,ES,Federal Contract Tower,2,5,23,4,34,0,6,71,13,90,2,11,94,17,124,78,0,78,202
08/07/2022,MQY,TN,ASO,ES,Federal Contract Tower,0,10,40,1,51,0,4,75,6,85,0,14,115,7,136,154,0,154,290
08/08/2022,MQY,TN,ASO,ES,Federal Contract Tower,0,22,51,6,79,0,11,116,12,139,0,33,167,18,218,172,0,172,390
08/09/2022,MQY,TN,ASO,ES,Federal Contract Tower,0,17,39,0,56,0,4,98,1,103,0,21,137,1,159,116,0,116,275
08/10/2022,MQY,TN,ASO,ES,Federal Contract Tower,0,15,34,0,49,0,24,60,0,84,0,39,94,0,133,142,0,142,275
08/11/2022,MQY,TN,ASO,ES,Federal Contract Tower,0,12,62,2,76,0,3,62,0,65,0,15,124,2,141,178,0,178,319
08/12/2022,MQY,TN,ASO,ES,Federal Contract Tower,0,33,51,10,94,0,31,151,4,186,0,64,202,14,280,320,0,320,600
08/13/2022,MQY,TN,ASO,ES,Federal Contract Tower,0,21,33,0,54,0,6,119,0,125,0,27,152,0,179,212,0,212,391
08/14/2022,MQY,TN,ASO,ES,Federal Contract Tower,0,5,28,2,35,0,45,106,1,152,0,50,134,3,187,170,0,170,357
08/15/2022,MQY,TN,ASO,ES,Federal Contract Tower,0,10,55,4,69,0,3,161,0,164,0,13,216,4,233,230,0,230,463
08/16/2022,MQY,TN,ASO,ES,Federal Contract Tower,0,9,65,0,74,0,23,138,9,170,0,32,203,9,244,340,0,340,584
08/17/2022,MQY,TN,ASO,ES,Federal Contract Tower,0,18,55,17,90,0,4,124,10,138,0,22,179,27,228,224,0,224,452
08/18/2022,MQY,TN,ASO,ES,Federal Contract Tower,2,12,43,0,57,0,55,177,6,238,2,67,220,6,295,302,4,306,601
08/19/2022,MQY,TN,ASO,ES,Federal Contract Tower,3,8,56,7,74,0,26,147,7,180,3,34,203,14,254,218,0,218,472
08/20/2022,MQY,TN,ASO,ES,Federal Contract Tower,2,4,16,1,23,0,2,9,0,11,2,6,25,1,34,40,0,40,74
08/21/2022,MQY,TN,ASO,ES,Federal Contract Tower,2,6,22,5,35,0,31,13,6,50,2,37,35,11,85,74,0,74,159
08/22/2022,MQY,TN,ASO,ES,Federal Contract Tower,0,14,65,0,79,0,3,113,0,116,0,17,178,0,195,234,0,234,429
08/23/2022,MQY,TN,ASO,ES,Federal Contract Tower,0,16,62,0,78,0,9,164,0,173,0,25,226,0,251,352,0,352,603
08/24/2022,MQY,TN,ASO,ES,Federal Contract Tower,0,26,47,2,75,0,44,148,5,197,0,70,195,7,272,368,0,368,640
08/25/2022,MQY,TN,ASO,ES,Federal Contract Tower,0,16,58,0,74,0,19,185,1,205,0,35,243,1,279,338,0,338,617
08/26/2022,MQY,TN,ASO,ES,Federal Contract Tower,0,16,50,4,70,0,8,112,0,120,0,24,162,4,190,228,0,228,418
08/27/2022,MQY,TN,ASO,ES,Federal Contract Tower,0,6,29,2,37,0,38,163,2,203,0,44,192,4,240,264,0,264,504
08/28/2022,MQY,TN,ASO,ES,Federal Contract Tower,0,6,43,9,58,0,22,104,6,132,0,28,147,15,190,194,0,194,384
08/29/2022,MQY,TN,ASO,ES,Federal Contract Tower,1,14,38,0,53,0,11,102,2,115,1,25,140,2,168,246,0,246,414
08/30/2022,MQY,TN,ASO,ES,Federal Contract Tower,0,10,58,2,70,0,23,113,0,136,0,33,171,2,206,222,0,222,428
08/31/2022,MQY,TN,ASO,ES,Federal Contract Tower,3,16,63,14,96,0,24,161,0,185,3,40,224,14,281,224,0,224,505
09/01/2022,MQY,TN,ASO,ES,Federal Contract Tower,1,15,53,0,69,0,6,151,4,161,1,21,204,4,230,264,0,264,494
09/02/2022,MQY,TN,ASO,ES,Federal Contract Tower,2,6,39,3,50,0,6,110,2,118,2,12,149,5,168,132,0,132,300
09/03/2022,MQY,TN,ASO,ES,Federal Contract Tower,0,13,20,0,33,0,3,67,4,74,0,16,87,4,107,106,0,106,213
09/04/2022,MQY,TN,ASO,ES,Federal Contract Tower,0,2,13,0,15,0,0,43,0,43,0,2,56,0,58,120,0,120,178
09/05/2022,MQY,TN,ASO,ES,Federal Contract Tower,0,8,56,0,64,0,0,39,0,39,0,8,95,0,103,106,0,106,209
09/06/2022,MQY,TN,ASO,ES,Federal Contract Tower,0,11,37,0,48,0,5,73,4,82,0,16,110,4,130,174,0,174,304
09/07/2022,MQY,TN,ASO,ES,Federal Contract Tower,1,18,78,4,101,0,40,76,1,117,1,58,154,5,218,82,0,82,300
09/08/2022,MQY,TN,ASO,ES,Federal Contract Tower,0,13,68,4,85,0,57,195,2,254,0,70,263,6,339,254,0,254,593
09/09/2022,MQY,TN,ASO,ES,Federal Contract Tower,2,20,45,2,69,0,24,172,0,196,2,44,217,2,265,230,0,230,495
09/10/2022,MQY,TN,ASO,ES,Federal Contract Tower,0,10,35,1,46,0,1,13,1,15,0,11,48,2,61,32,0,32,93
09/11/2022,MQY,TN,ASO,ES,Federal Contract Tower,0,11,18,0,29,0,0,2,0,2,0,11,20,0,31,0,0,0,31
09/12/2022,MQY,TN,ASO,ES,Federal Contract Tower,0,15,57,2,74,0,45,144,0,189,0,60,201,2,263,200,0,200,463
09/13/2022,MQY,TN,ASO,ES,Federal Contract Tower,0,17,65,0,82,0,27,140,2,169,0,44,205,2,251,212,0,212,463
09/14/2022,MQY,TN,ASO,ES,Federal Contract Tower,0,30,50,3,83,0,71,140,6,217,0,101,190,9,300,210,16,226,526
09/15/2022,MQY,TN,ASO,ES,Federal Contract Tower,0,14,50,0,64,0,69,161,10,240,0,83,211,10,304,222,0,222,526
09/16/2022,MQY,TN,ASO,ES,Federal Contract Tower,0,11,45,4,60,0,30,152,3,185,0,41,197,7,245,264,0,264,509
09/17/2022,MQY,TN,ASO,ES,Federal Contract Tower,0,11,28,0,39,0,16,148,3,167,0,27,176,3,206,316,0,316,522
09/18/2022,MQY,TN,ASO,ES,Federal Contract Tower,0,29,43,3,75,0,12,131,2,145,0,41,174,5,220,230,0,230,450
09/19/2022,MQY,TN,ASO,ES,Federal Contract Tower,2,17,61,1,81,0,28,163,2,193,2,45,224,3,274,270,0,270,544
09/20/2022,MQY,TN,ASO,ES,Federal Contract Tower,2,14,76,0,92,0,53,156,0,209,2,67,232,0,301,210,0,210,511
09/21/2022,MQY,TN,ASO,ES,Federal Contract Tower,0,14,105,0,119,0,11,112,0,123,0,25,217,0,242,60,0,60,302
09/22/2022,MQY,TN,ASO,ES,Federal Contract Tower,1,12,68,1,82,0,6,113,8,127,1,18,181,9,209,138,12,150,359
09/23/2022,MQY,TN,ASO,ES,Federal Contract Tower,2,17,116,0,135,0,78,138,3,219,2,95,254,3,354,236,0,236,590
09/24/2022,MQY,TN,ASO,ES,Federal Contract Tower,0,11,83,1,95,0,3,116,2,121,0,14,199,3,216,198,0,198,414
09/25/2022,MQY,TN,ASO,ES,Federal Contract Tower,1,7,90,0,98,0,2,49,1,52,1,9,139,1,150,186,0,186,336
09/26/2022,MQY,TN,ASO,ES,Federal Contract Tower,3,19,56,0,78,0,34,103,1,138,3,53,159,1,216,274,4,278,494
09/27/2022,MQY,TN,ASO,ES,Federal Contract Tower,1,20,45,1,67,0,56,134,0,190,1,76,179,1,257,204,0,204,461
09/28/2022,MQY,TN,ASO,ES,Federal Contract Tower,0,27,55,8,90,0,79,113,3,195,0,106,168,11,285,172,0,172,457
09/29/2022,MQY,TN,ASO,ES,Federal Contract Tower,0,23,35,0,58,0,43,135,5,183,0,66,170,5,241,240,24,264,505
09/30/2022,MQY,TN,ASO,ES,Federal Contract Tower,1,21,53,1,76,0,61,121,1,183,1,82,174,2,259,310,0,310,569
10/01/2022,MQY,TN,ASO,ES,Federal Contract Tower,0,26,35,0,61,0,51,124,0,175,0,77,159,0,236,206,0,206,442
10/02/2022,MQY,TN,ASO,ES,Federal Contract Tower,0,31,40,0,71,0,10,76,0,86,0,41,116,0,157,144,0,144,301
10/03/2022,MQY,TN,ASO,ES,Federal Contract Tower,0,30,41,1,72,0,7,121,1,129,0,37,162,2,201,170,0,170,371
10/04/2022,MQY,TN,ASO,ES,Federal Contract Tower,0,46,56,5,107,0,61,144,1,206,0,107,200,6,313,232,4,236,549
10/05/2022,MQY,TN,ASO,ES,Federal Contract Tower,2,52,52,2,108,0,27,159,0,186,2,79,211,2,294,256,0,256,550
10/06/2022,MQY,TN,ASO,ES,Federal Contract Tower,1,25,34,2,62,0,51,165,1,217,1,76,199,3,279,280,0,280,559
10/07/2022,MQY,TN,ASO,ES,Federal Contract Tower,0,15,43,2,60,0,56,124,3,183,0,71,167,5,243,234,0,234,477
10/08/2022,MQY,TN,ASO,ES,Federal Contract Tower,1,12,46,0,59,0,4,115,0,119,1,16,161,0,178,38,0,38,216
10/09/2022,MQY,TN,ASO,ES,Federal Contract Tower,0,18,43,0,61,0,24,72,0,96,0,42,115,0,157,84,0,84,241
10/10/2022,MQY,TN,ASO,ES,Federal Contract Tower,1,31,62,0,94,0,13,120,1,134,1,44,182,1,228,292,0,292,520
10/11/2022,MQY,TN,ASO,ES,Federal Contract Tower,3,37,64,0,104,0,52,108,0,160,3,89,172,0,264,182,0,182,446
10/12/2022,MQY,TN,ASO,ES,Federal Contract Tower,0,21,27,0,48,0,7,58,0,65,0,28,85,0,113,68,0,68,181
10/13/2022,MQY,TN,ASO,ES,Federal Contract Tower,1,30,60,0,91,0,40,129,8,177,1,70,189,8,268,154,10,164,432
10/14/2022,MQY,TN,ASO,ES,Federal Contract Tower,2,50,51,5,108,0,33,126,5,164,2,83,177,10,272,160,0,160,432
10/15/2022,MQY,TN,ASO,ES,Federal Contract Tower,1,10,46,0,57,0,4,118,3,125,1,14,164,3,182,144,10,154,336
10/16/2022,MQY,TN,ASO,ES,Federal Contract Tower,0,18,42,9,69,0,11,40,0,51,0,29,82,9,120,106,0,106,226
10/17/2022,MQY,TN,ASO,ES,Federal Contract Tower,1,47,61,0,109,0,5,129,3,137,1,52,190,3,246,324,0,324,570
10/18/2022,MQY,TN,ASO,ES,Federal Contract Tower,1,39,39,2,81,0,38,112,0,150,1,77,151,2,231,286,0,286,517
10/19/2022,MQY,TN,ASO,ES,Federal Contract Tower,1,45,65,2,113,0,23,141,0,164,1,68,206,2,277,206,0,206,483
10/20/2022,MQY,TN,ASO,ES,Federal Contract Tower,2,48,41,0,91,0,16,151,7,174,2,64,192,7,265,306,14,320,585
10/21/2022,MQY,TN,ASO,ES,Federal Contract Tower,0,49,47,0,96,0,60,166,2,228,0,109,213,2,324,284,0,284,608
10/22/2022,MQY,TN,ASO,ES,Federal Contract Tower,2,16,30,0,48,0,24,129,2,155,2,40,159,2,203,156,0,156,359
10/23/2022,MQY,TN,ASO,ES,Federal Contract Tower,1,16,32,1,50,0,6,113,2,121,1,22,145,3,171,180,0,180,351
10/24/2022,MQY,TN,ASO,ES,Federal Contract Tower,0,35,50,2,87,0,14,132,4,150,0,49,182,6,237,270,10,280,517
10/25/2022,MQY,TN,ASO,ES,Federal Contract Tower,0,9,18,2,29,0,3,17,0,20,0,12,35,2,49,32,0,32,81
10/26/2022,MQY,TN,ASO,ES,Federal Contract Tower,1,37,77,0,115,0,51,106,0,157,1,88,183,0,272,286,0,286,558
10/27/2022,MQY,TN,ASO,ES,Federal Contract Tower,0,3,35,50,88,0,23,144,1,168,0,26,179,51,256,226,0,226,482
10/28/2022,MQY,TN,ASO,ES,Federal Contract Tower,3,43,53,2,101,0,59,172,0,231,3,102,225,2,332,266,0,266,598
10/29/2022,MQY,TN,ASO,ES,Federal Contract Tower,0,13,18,0,31,0,5,138,0,143,0,18,156,0,174,120,0,120,294
10/30/2022,MQY,TN,ASO,ES,Federal Contract Tower,0,15,34,0,49,0,1,5,0,6,0,16,39,0,55,6,0,6,61
10/31/2022,MQY,TN,ASO,ES,Federal Contract Tower,0,19,74,0,93,0,5,63,0,68,0,24,137,0,161,298,0,298,459
11/01/2022,MQY,TN,ASO,ES,Federal Contract Tower,0,20,61,0,81,0,51,163,1,215,0,71,224,1,296,216,0,216,512
11/02/2022,MQY,TN,ASO,ES,Federal Contract Tower,0,31,49,0,80,0,37,142,8,187,0,68,191,8,267,160,0,160,427
11/03/2022,MQY,TN,ASO,ES,Federal Contract Tower,1,12,48,1,62,0,51,140,5,196,1,63,188,6,258,266,0,266,524
11/04/2022,MQY,TN,ASO,ES,Federal Contract Tower,3,24,50,1,78,0,20,132,6,158,3,44,182,7,236,248,0,248,484
11/05/2022,MQY,TN,ASO,ES,Federal Contract Tower,1,9,17,0,27,0,0,1,0,1,1,9,18,0,28,0,0,0,28
11/06/2022,MQY,TN,ASO,ES,Federal Contract Tower,0,8,49,0,57,0,2,4,1,7,0,10,53,1,64,36,0,36,100
11/07/2022,MQY,TN,ASO,ES,Federal Contract Tower,1,31,56,6,94,0,20,66,0,86,1,51,122,6,180,160,0,160,340
11/08/2022,MQY,TN,ASO,ES,Federal Contract Tower,0,32,61,5,98,0,34,131,10,175,0,66,192,15,273,264,20,284,557
11/09/2022,MQY,TN,ASO,ES,Federal Contract Tower,0,2,13,60,75,0,28,152,2,182,0,30,165,62,257,210,0,210,467
11/10/2022,MQY,TN,ASO,ES,Federal Contract Tower,0,16,44,3,63,0,24,139,9,172,0,40,183,12,235,222,32,254,489
11/11/2022,MQY,TN,ASO,ES,Federal Contract Tower,2,12,36,0,50,0,0,0,0,0,2,12,36,0,50,148,0,148,198
11/12/2022,MQY,TN,ASO,ES,Federal Contract Tower,0,2,12,0,14,0,0,0,1,1,0,2,12,1,15,0,0,0,15
11/13/2022,MQY,TN,ASO,ES,Federal Contract Tower,1,9,37,0,47,0,2,92,2,96,1,11,129,2,143,216,0,216,359
11/14/2022,MQY,TN,ASO,ES,Federal Contract Tower,0,14,54,2,70,0,5,120,0,125,0,19,174,2,195,158,0,158,353
11/15/2022,MQY,TN,ASO,ES,Federal Contract Tower,0,19,42,2,63,0,2,3,0,5,0,21,45,2,68,28,0,28,96
11/16/2022,MQY,TN,ASO,ES,Federal Contract Tower,4,19,52,2,77,0,26,142,3,171,4,45,194,5,248,272,2,274,522
11/17/2022,MQY,TN,ASO,ES,Federal Contract Tower,3,15,49,1,68,0,5,152,6,163,3,20,201,7,231,284,16,300,531
11/18/2022,MQY,TN,ASO,ES,Federal Contract Tower,4,11,75,0,90,0,7,132,12,151,4,18,207,12,241,170,14,184,425
11/19/2022,MQY,TN,ASO,ES,Federal Contract Tower,0,5,17,0,22,0,7,128,2,137,0,12,145,2,159,140,0,140,299
11/20/2022,MQY,TN,ASO,ES,Federal Contract Tower,0,7,33,0,40,0,3,81,2,86,0,10,114,2,126,226,0,226,352
11/21/2022,MQY,TN,ASO,ES,Federal Contract Tower,0,13,61,0,74,0,21,109,0,130,0,34,170,0,204,226,0,226,430
11/22/2022,MQY,TN,ASO,ES,Federal Contract Tower,0,8,43,0,51,0,2,109,3,114,0,10,152,3,165,234,0,234,399
11/23/2022,MQY,TN,ASO,ES,Federal Contract Tower,0,10,41,0,51,0,10,125,0,135,0,20,166,0,186,224,0,224,410
11/24/2022,MQY,TN,ASO,ES,Federal Contract Tower,0,5,1,0,6,0,2,11,0,13,0,7,12,0,19,0,0,0,19
11/25/2022,MQY,TN,ASO,ES,Federal Contract Tower,3,2,19,0,24,0,4,31,0,35,3,6,50,0,59,120,0,120,179
11/26/2022,MQY,TN,ASO,ES,Federal Contract Tower,0,10,32,1,43,0,6,55,1,62,0,16,87,2,105,102,0,102,207
11/27/2022,MQY,TN,ASO,ES,Federal Contract Tower,0,6,25,0,31,0,3,2,2,7,0,9,27,2,38,6,0,6,44
11/28/2022,MQY,TN,ASO,ES,Federal Contract Tower,0,8,63,3,74,0,6,85,3,94,0,14,148,6,168,326,0,326,494
11/29/2022,MQY,TN,ASO,ES,Federal Contract Tower,0,6,34,2,42,0,4,61,0,65,0,10,95,2,107,68,0,68,175
11/30/2022,MQY,TN,ASO,ES,Federal Contract Tower,1,16,68,2,87,0,10,108,0,118,1,26,176,2,205,138,2,140,345
12/01/2022,MQY,TN,ASO,ES,Federal Contract Tower,0,8,43,8,59,0,18,138,10,166,0,26,181,18,225,176,0,176,401
12/02/2022,MQY,TN,ASO,ES,Federal Contract Tower,2,7,46,0,55,0,4,114,0,118,2,11,160,0,173,142,0,142,315
12/03/2022,MQY,TN,ASO,ES,Federal Contract Tower,2,10,14,0,26,0,20,36,0,56,2,30,50,0,82,210,0,210,292
12/04/2022,MQY,TN,ASO,ES,Federal Contract Tower,0,7,32,0,39,0,39,97,3,139,0,46,129,3,178,206,0,206,384
12/05/2022,MQY,TN,ASO,ES,Federal Contract Tower,0,10,23,2,35,0,0,3,0,3,0,10,26,2,38,6,0,6,44
12/06/2022,MQY,TN,ASO,ES,Federal Contract Tower,0,22,30,0,52,0,0,3,1,4,0,22,33,1,56,0,0,0,56
12/07/2022,MQY,TN,ASO,ES,Federal Contract Tower,0,9,32,0,41,0,0,0,0,0,0,9,32,0,41,0,0,0,41
12/08/2022,MQY,TN,ASO,ES,Federal Contract Tower,0,14,28,0,42,0,0,0,0,0,0,14,28,0,42,0,0,0,42
12/09/2022,MQY,TN,ASO,ES,Federal Contract Tower,0,5,33,0,38,0,0,0,0,0,0,5,33,0,38,0,0,0,38
12/10/2022,MQY,TN,ASO,ES,Federal Contract Tower,0,2,36,0,38,0,0,7,0,7,0,2,43,0,45,18,0,18,63
12/11/2022,MQY,TN,ASO,ES,Federal Contract Tower,0,5,26,5,36,0,0,1,0,1,0,5,27,5,37,0,0,0,37
12/12/2022,MQY,TN,ASO,ES,Federal Contract Tower,0,16,83,0,99,0,9,97,0,106,0,25,180,0,205,176,0,176,381
12/13/2022,MQY,TN,ASO,ES,Federal Contract Tower,0,16,52,3,71,0,5,108,7,120,0,21,160,10,191,202,18,220,411
12/14/2022,MQY,TN,ASO,ES,Federal Contract Tower,0,7,33,0,40,0,0,0,0,0,0,7,33,0,40,0,0,0,40
12/15/2022,MQY,TN,ASO,ES,Federal Contract Tower,0,17,51,1,69,0,0,185,11,196,0,17,236,12,265,276,28,304,569
12/16/2022,MQY,TN,ASO,ES,Federal Contract Tower,1,21,46,2,70,0,6,159,0,165,1,27,205,2,235,184,0,184,419
12/17/2022,MQY,TN,ASO,ES,Federal Contract Tower,0,13,30,0,43,0,11,107,9,127,0,24,137,9,170,82,0,82,252
12/18/2022,MQY,TN,ASO,ES,Federal Contract Tower,2,11,35,2,50,0,6,108,3,117,2,17,143,5,167,140,10,150,317
12/19/2022,MQY,TN,ASO,ES,Federal Contract Tower,0,6,56,2,64,0,5,87,0,92,0,11,143,2,156,118,0,118,274
12/20/2022,MQY,TN,ASO,ES,Federal Contract Tower,0,10,45,1,56,0,9,106,1,116,0,19,151,2,172,116,0,116,288
12/21/2022,MQY,TN,ASO,ES,Federal Contract Tower,1,9,47,4,61,0,2,87,7,96,1,11,134,11,157,126,22,148,305
12/22/2022,MQY,TN,ASO,ES,Federal Contract Tower,0,15,31,0,46,0,0,6,0,6,0,15,37,0,52,14,0,14,66
12/23/2022,MQY,TN,ASO,ES,Federal Contract Tower,0,3,5,0,8,0,0,1,0,1,0,3,6,0,9,2,0,2,11
12/24/2022,MQY,TN,ASO,ES,Federal Contract Tower,0,1,3,0,4,0,2,7,0,9,0,3,10,0,13,8,0,8,21
12/25/2022,MQY,TN,ASO,ES,Federal Contract Tower,0,6,4,0,10,0,0,1,0,1,0,6,5,0,11,0,0,0,11
12/26/2022,MQY,TN,ASO,ES,Federal Contract Tower,0,3,15,0,18,0,0,6,0,6,0,3,21,0,24,12,0,12,36
12/27/2022,MQY,TN,ASO,ES,Federal Contract Tower,0,4,47,2,53,0,2,89,0,91,0,6,136,2,144,134,0,134,278
12/28/2022,MQY,TN,ASO,ES,Federal Contract Tower,0,9,27,0,36,0,7,59,1,67,0,16,86,1,103,54,0,54,157
12/29/2022,MQY,TN,ASO,ES,Federal Contract Tower,0,8,37,0,45,0,8,45,0,53,0,16,82,0,98,30,0,30,128
12/30/2022,MQY,TN,ASO,ES,Federal Contract Tower,0,6,35,0,41,0,2,38,0,40,0,8,73,0,81,80,0,80,161
12/31/2022,MQY,TN,ASO,ES,Federal Contract Tower,0,3,7,0,10,0,3,14,1,18,0,6,21,1,28,44,0,44,72
01/01/2023,MQY,TN,ASO,ES,Federal Contract Tower,0,2,12,0,14,0,2,46,0,48,0,4,58,0,62,4,0,4,66
01/02/2023,MQY,TN,ASO,ES,Federal Contract Tower,0,2,52,0,54,0,1,83,1,85,0,3,135,1,139,282,0,282,421
01/03/2023,MQY,TN,ASO,ES,Federal Contract Tower,0,4,13,0,17,0,0,3,0,3,0,4,16,0,20,0,0,0,20
01/04/2023,MQY,TN,ASO,ES,Federal Contract Tower,0,17,31,1,49,0,3,133,0,136,0,20,164,1,185,224,0,224,409
01/05/2023,MQY,TN,ASO,ES,Federal Contract Tower,0,2,32,0,34,0,2,100,4,106,0,4,132,4,140,118,0,118,258
01/06/2023,MQY,TN,ASO,ES,Federal Contract Tower,0,6,39,0,45,0,6,143,0,149,0,12,182,0,194,254,0,254,448
01/07/2023,MQY,TN,ASO,ES,Federal Contract Tower,0,4,16,0,20,0,0,18,0,18,0,4,34,0,38,52,0,52,90
01/08/2023,MQY,TN,ASO,ES,Federal Contract Tower,0,1,10,0,11,0,0,0,0,0,0,1,10,0,11,6,0,6,17
01/09/2023,MQY,TN,ASO,ES,Federal Contract Tower,0,7,65,0,72,0,5,154,1,160,0,12,219,1,232,278,4,282,514
01/10/2023,MQY,TN,ASO,ES,Federal Contract Tower,0,8,51,0,59,0,4,173,8,185,0,12,224,8,244,210,22,232,476
01/11/2023,MQY,TN,ASO,ES,Federal Contract Tower,0,14,57,2,73,0,6,29,0,35,0,20,86,2,108,76,0,76,184
01/12/2023,MQY,TN,ASO,ES,Federal Contract Tower,0,6,11,0,17,0,0,4,0,4,0,6,15,0,21,10,0,10,31
01/13/2023,MQY,TN,ASO,ES,Federal Contract Tower,0,5,18,0,23,0,1,0,0,1,0,6,18,0,24,0,0,0,24
01/14/2023,MQY,TN,ASO,ES,Federal Contract Tower,0,9,19,0,28,0,1,123,1,125,0,10,142,1,153,350,0,350,503
01/15/2023,MQY,TN,ASO,ES,Federal Contract Tower,0,5,34,0,39,0,0,102,1,103,0,5,136,1,142,272,0,272,414
01/16/2023,MQY,TN,ASO,ES,Federal Contract Tower,0,4,41,0,45,0,2,80,1,83,0,6,121,1,128,218,0,218,346
01/17/2023,MQY,TN,ASO,ES,Federal Contract Tower,0,5,59,0,64,0,1,77,2,80,0,6,136,2,144,244,0,244,388
01/18/2023,MQY,TN,ASO,ES,Federal Contract Tower,0,13,41,0,54,0,2,24,0,26,0,15,65,0,80,124,0,124,204
01/19/2023,MQY,TN,ASO,ES,Federal Contract Tower,0,8,41,1,50,0,11,58,1,70,0,19,99,2,120,118,0,118,238
01/20/2023,MQY,TN,ASO,ES,Federal Contract Tower,0,11,40,0,51,0,43,188,8,239,0,54,228,8,290,338,20,358,648
01/21/2023,MQY,TN,ASO,ES,Federal Contract Tower,0,10,26,0,36,0,5,235,0,240,0,15,261,0,276,222,0,222,498
01/22/2023,MQY,TN,ASO,ES,Federal Contract Tower,0,8,15,0,23,0,0,0,0,0,0,8,15,0,23,0,0,0,23
01/23/2023,MQY,TN,ASO,ES,Federal Contract Tower,0,9,29,0,38,0,18,132,1,151,0,27,161,1,189,398,0,398,587
01/24/2023,MQY,TN,ASO,ES,Federal Contract Tower,0,9,48,0,57,0,2,155,0,157,0,11,203,0,214,196,0,196,410
01/25/2023,MQY,TN,ASO,ES,Federal Contract Tower,0,8,22,0,30,0,0,4,0,4,0,8,26,0,34,0,0,0,34
01/26/2023,MQY,TN,ASO,ES,Federal Contract Tower,0,11,32,0,43,0,5,87,6,98,0,16,119,6,141,266,0,266,407
01/27/2023,MQY,TN,ASO,ES,Federal Contract Tower,0,10,49,2,61,0,4,163,1,168,0,14,212,3,229,300,0,300,529
01/28/2023,MQY,TN,ASO,ES,Federal Contract Tower,0,1,27,0,28,0,5,156,0,161,0,6,183,0,189,254,0,254,443
01/29/2023,MQY,TN,ASO,ES,Federal Contract Tower,0,1,21,0,22,0,0,0,0,0,0,1,21,0,22,0,0,0,22
01/30/2023,MQY,TN,ASO,ES,Federal Contract Tower,0,7,37,0,44,0,0,0,0,0,0,7,37,0,44,0,0,0,44
01/31/2023,MQY,TN,ASO,ES,Federal Contract Tower,0,1,12,0,13,0,0,0,0,0,0,1,12,0,13,0,0,0,13
02/01/2023,MQY,TN,ASO,ES,Federal Contract Tower,0,3,26,0,29,0,0,0,0,0,0,3,26,0,29,0,0,0,29
02/02/2023,MQY,TN,ASO,ES,Federal Contract Tower,0,12,10,0,22,0,0,0,0,0,0,12,10,0,22,0,0,0,22
02/03/2023,MQY,TN,ASO,ES,Federal Contract Tower,0,12,54,1,67,0,11,137,0,148,0,23,191,1,215,258,0,258,473
02/04/2023,MQY,TN,ASO,ES,Federal Contract Tower,0,1,27,1,29,0,16,132,5,153,0,17,159,6,182,258,12,270,452
02/05/2023,MQY,TN,ASO,ES,Federal Contract Tower,0,5,27,0,32,0,4,84,6,94,0,9,111,6,126,122,0,122,248
02/06/2023,MQY,TN,ASO,ES,Federal Contract Tower,0,7,63,0,70,0,8,136,1,145,0,15,199,1,215,322,0,322,537
02/07/2023,MQY,TN,ASO,ES,Federal Contract Tower,0,15,52,0,67,0,11,143,5,159,0,26,195,5,226,274,0,274,500
02/08/2023,MQY,TN,ASO,ES,Federal Contract Tower,0,16,67,0,83,0,23,8,0,31,0,39,75,0,114,12,0,12,126
02/09/2023,MQY,TN,ASO,ES,Federal Contract Tower,2,7,28,0,37,0,23,31,0,54,2,30,59,0,91,50,0,50,141
02/10/2023,MQY,TN,ASO,ES,Federal Contract Tower,0,14,68,4,86,0,41,168,7,216,0,55,236,11,302,312,0,312,614
02/11/2023,MQY,TN,ASO,ES,Federal Contract Tower,0,8,35,1,44,0,33,114,0,147,0,41,149,1,191,214,0,214,405
02/12/2023,MQY,TN,ASO,ES,Federal Contract Tower,0,4,23,1,28,0,23,53,1,77,0,27,76,2,105,134,0,134,239
02/13/2023,MQY,TN,ASO,ES,Federal Contract Tower,0,4,41,5,50,0,28,144,4,176,0,32,185,9,226,310,0,310,536
02/14/2023,MQY,TN,ASO,ES,Federal Contract Tower,1,14,30,0,45,0,3,75,0,78,1,17,105,0,123,156,0,156,279
02/15/2023,MQY,TN,ASO,ES,Federal Contract Tower,1,11,63,1,76,0,3,72,1,76,1,14,135,2,152,200,0,200,352
02/16/2023,MQY,TN,ASO,ES,Federal Contract Tower,0,8,12,0,20,0,0,4,0,4,0,8,16,0,24,0,0,0,24
02/17/2023,MQY,TN,ASO,ES,Federal Contract Tower,0,3,21,0,24,0,27,69,0,96,0,30,90,0,120,280,0,280,400
02/18/2023,MQY,TN,ASO,ES,Federal Contract Tower,0,7,39,2,48,0,44,159,1,204,0,51,198,3,252,272,0,272,524
02/19/2023,MQY,TN,ASO,ES,Federal Contract Tower,0,2,17,0,19,0,24,88,1,113,0,26,105,1,132,94,0,94,226
02/20/2023,MQY,TN,ASO,ES,Federal Contract Tower,0,9,45,0,54,0,61,84,0,145,0,70,129,0,199,228,0,228,427
02/21/2023,MQY,TN,ASO,ES,Federal Contract Tower,0,5,52,0,57,0,32,141,4,177,0,37,193,4,234,258,12,270,504
02/22/2023,MQY,TN,ASO,ES,Federal Contract Tower,0,8,39,0,47,0,10,8,1,19,0,18,47,1,66,22,0,22,88
02/23/2023,MQY,TN,ASO,ES,Federal Contract Tower,0,5,59,0,64,0,86,154,0,240,0,91,213,0,304,296,0,296,600
02/24/2023,MQY,TN,ASO,ES,Federal Contract Tower,0,13,43,0,56,0,81,123,0,204,0,94,166,0,260,250,0,250,510
02/25/2023,MQY,TN,ASO,ES,Federal Contract Tower,0,4,25,0,29,0,0,3,0,3,0,4,28,0,32,0,0,0,32
02/26/2023,MQY,TN,ASO,ES,Federal Contract Tower,0,8,27,0,35,0,0,3,0,3,0,8,30,0,38,0,0,0,38
02/27/2023,MQY,TN,ASO,ES,Federal Contract Tower,0,5,23,0,28,0,20,6,0,26,0,25,29,0,54,12,0,12,66
02/28/2023,MQY,TN,ASO,ES,Federal Contract Tower,0,14,51,0,65,0,85,162,1,248,0,99,213,1,313,220,0,220,533
03/01/2023,MQY,TN,ASO,ES,Federal Contract Tower,0,18,63,0,81,0,82,144,2,228,0,100,207,2,309,160,0,160,469
03/02/2023,MQY,TN,ASO,ES,Federal Contract Tower,0,28,29,0,57,0,2,8,0,10,0,30,37,0,67,50,0,50,117
03/03/2023,MQY,TN,ASO,ES,Federal Contract Tower,0,8,8,0,16,0,2,1,0,3,0,10,9,0,19,4,0,4,23
03/04/2023,MQY,TN,ASO,ES,Federal Contract Tower,0,24,39,0,63,0,158,96,3,257,0,182,135,3,320,172,0,172,492
03/05/2023,MQY,TN,ASO,ES,Federal Contract Tower,0,8,36,0,44,0,155,115,2,272,0,163,151,2,316,154,0,154,470
03/06/2023,MQY,TN,ASO,ES,Federal Contract Tower,0,18,51,0,69,0,125,105,0,230,0,143,156,0,299,118,0,118,417
03/07/2023,MQY,TN,ASO,ES,Federal Contract Tower,0,24,51,2,77,0,162,150,0,312,0,186,201,2,389,280,0,280,669
03/08/2023,MQY,TN,ASO,ES,Federal Contract Tower,0,12,65,0,77,0,110,102,15,227,0,122,167,15,304,154,0,154,458
03/09/2023,MQY,TN,ASO,ES,Federal Contract Tower,0,20,55,1,76,0,93,57,0,150,0,113,112,1,226,126,0,126,352
03/10/2023,MQY,TN,ASO,ES,Federal Contract Tower,4,17,48,7,76,0,94,75,2,171,4,111,123,9,247,268,4,272,519
03/11/2023,MQY,TN,ASO,ES,Federal Contract Tower,0,10,19,0,29,0,100,120,4,224,0,110,139,4,253,256,0,256,509
03/12/2023,MQY,TN,ASO,ES,Federal Contract Tower,0,8,19,0,27,0,0,4,0,4,0,8,23,0,31,0,0,0,31
03/13/2023,MQY,TN,ASO,ES,Federal Contract Tower,0,22,36,9,67,0,177,109,0,286,0,199,145,9,353,254,6,260,613
03/14/2023,MQY,TN,ASO,ES,Federal Contract Tower,2,19,33,2,56,0,160,119,1,280,2,179,152,3,336,256,0,256,592
03/15/2023,MQY,TN,ASO,ES,Federal Contract Tower,0,25,50,0,75,0,180,154,0,334,0,205,204,0,409,264,0,264,673
03/16/2023,MQY,TN,ASO,ES,Federal Contract Tower,4,19,35,1,59,0,108,72,0,180,4,127,107,1,239,68,0,68,307
03/17/2023,MQY,TN,ASO,ES,Federal Contract Tower,0,9,29,0,38,0,72,6,0,78,0,81,35,0,116,0,0,0,116
03/18/2023,MQY,TN,ASO,ES,Federal Contract Tower,0,6,32,0,38,0,52,75,1,128,0,58,107,1,166,104,0,104,270
03/19/2023,MQY,TN,ASO,ES,Federal Contract Tower,2,15,33,0,50,0,55,77,1,133,2,70,110,1,183,120,0,120,303
03/20/2023,MQY,TN,ASO,ES,Federal Contract Tower,0,22,46,0,68,0,171,145,2,318,0,193,191,2,386,184,0,184,570
03/21/2023,MQY,TN,ASO,ES,Federal Contract Tower,1,18,42,0,61,0,72,78,1,151,1,90,120,1,212,144,0,144,356
03/22/2023,MQY,TN,ASO,ES,Federal Contract Tower,2,16,62,0,80,0,0,0,0,0,2,16,62,0,80,0,0,0,80
03/23/2023,MQY,TN,ASO,ES,Federal Contract Tower,0,19,53,0,72,0,56,83,14,153,0,75,136,14,225,156,4,160,385
03/24/2023,MQY,TN,ASO,ES,Federal Contract Tower,0,13,49,0,62,0,50,36,0,86,0,63,85,0,148,82,0,82,230
03/25/2023,MQY,TN,ASO,ES,Federal Contract Tower,0,6,17,0,23,0,11,68,3,82,0,17,85,3,105,6,0,6,111
03/26/2023,MQY,TN,ASO,ES,Federal Contract Tower,0,13,24,0,37,0,139,108,4,251,0,152,132,4,288,158,2,160,448
03/27/2023,MQY,TN,ASO,ES,Federal Contract Tower,0,19,37,0,56,0,99,125,0,224,0,118,162,0,280,196,0,196,476
03/28/2023,MQY,TN,ASO,ES,Federal Contract Tower,0,21,43,1,65,0,133,117,2,252,0,154,160,3,317,164,12,176,493
03/29/2023,MQY,TN,ASO,ES,Federal Contract Tower,0,26,56,1,83,0,166,145,1,312,0,192,201,2,395,226,0,226,621
03/30/2023,MQY,TN,ASO,ES,Federal Contract Tower,3,23,37,0,63,0,155,144,9,308,3,178,181,9,371,128,30,158,529
03/31/2023,MQY,TN,ASO,ES,Federal Contract Tower,1,7,26,0,34,0,0,23,2,25,1,7,49,2,59,26,16,42,101
04/01/2023,MQY,TN,ASO,ES,Federal Contract Tower,2,2,17,0,21,0,9,9,2,20,2,11,26,2,41,6,0,6,47
04/02/2023,MQY,TN,ASO,ES,Federal Contract Tower,0,12,29,1,42,0,102,109,8,219,0,114,138,9,261,238,2,240,501
04/03/2023,MQY,TN,ASO,ES,Federal Contract Tower,1,9,62,0,72,0,7,24,0,31,1,16,86,0,103,36,0,36,139
04/04/2023,MQY,TN,ASO,ES,Federal Contract Tower,0,22,63,0,85,0,92,82,3,177,0,114,145,3,262,108,16,124,386
04/05/2023,MQY,TN,ASO,ES,Federal Contract Tower,2,26,35,0,63,0,17,25,1,43,2,43,60,1,106,24,0,24,130
04/06/2023,MQY,TN,ASO,ES,Federal Contract Tower,0,10,50,0,60,0,0,0,0,0,0,10,50,0,60,0,0,0,60
04/07/2023,MQY,TN,ASO,ES,Federal Contract Tower,0,22,36,5,63,0,24,55,0,79,0,46,91,5,142,94,0,94,236
04/08/2023,MQY,TN,ASO,ES,Federal Contract Tower,0,10,22,0,32,0,0,7,0,7,0,10,29,0,39,16,0,16,55
04/09/2023,MQY,TN,ASO,ES,Federal Contract Tower,0,6,25,0,31,0,156,49,2,207,0,162,74,2,238,22,0,22,260
04/10/2023,MQY,TN,ASO,ES,Federal Contract Tower,0,21,54,0,75,0,170,162,0,332,0,191,216,0,407,256,0,256,663
04/11/2023,MQY,TN,ASO,ES,Federal Contract Tower,0,13,32,3,48,0,107,135,0,242,0,120,167,3,290,138,0,138,428
04/12/2023,MQY,TN,ASO,ES,Federal Contract Tower,0,22,60,0,82,0,164,165,3,332,0,186,225,3,414,204,0,204,618
04/13/2023,MQY,TN,ASO,ES,Federal Contract Tower,0,11,49,2,62,0,65,150,7,222,0,76,199,9,284,174,14,188,472
04/14/2023,MQY,TN,ASO,ES,Federal Contract Tower,0,14,37,2,53,0,150,101,2,253,0,164,138,4,306,216,0,216,522
04/15/2023,MQY,TN,ASO,ES,Federal Contract Tower,0,10,24,0,34,0,103,103,4,210,0,113,127,4,244,154,0,154,398
04/16/2023,MQY,TN,ASO,ES,Federal Contract Tower,0,9,19,2,30,0,5,15,3,23,0,14,34,5,53,0,0,0,53
04/17/2023,MQY,TN,ASO,ES,Federal Contract Tower,0,11,31,0,42,0,120,72,0,192,0,131,103,0,234,42,0,42,276
04/18/2023,MQY,TN,ASO,ES,Federal Contract Tower,2,25,50,0,77,0,132,132,1,265,2,157,182,1,342,112,0,112,454
04/19/2023,MQY,TN,ASO,ES,Federal Contract Tower,0,18,50,1,69,0,113,147,5,265,0,131,197,6,334,220,0,220,554
04/20/2023,MQY,TN,ASO,ES,Federal Contract Tower,0,16,24,0,40,0,118,89,3,210,0,134,113,3,250,110,0,110,360
04/21/2023,MQY,TN,ASO,ES,Federal Contract Tower,2,6,18,3,29,0,86,55,1,142,2,92,73,4,171,90,0,90,261
04/22/2023,MQY,TN,ASO,ES,Federal Contract Tower,0,10,26,1,37,0,106,85,1,192,0,116,111,2,229,116,0,116,345
04/23/2023,MQY,TN,ASO,ES,Federal Contract Tower,0,17,26,2,45,0,131,87,2,220,0,148,113,4,265,84,0,84,349
04/24/2023,MQY,TN,ASO,ES,Federal Contract Tower,0,16,25,0,41,0,128,135,2,265,0,144,160,2,306,274,0,274,580
04/25/2023,MQY,TN,ASO,ES,Federal Contract Tower,0,23,51,0,74,0,115,118,0,233,0,138,169,0,307,146,0,146,453
04/26/2023,MQY,TN,ASO,ES,Federal Contract Tower,1,26,49,1,77,0,114,117,0,231,1,140,166,1,308,108,0,108,416
04/27/2023,MQY,TN,ASO,ES,Federal Contract Tower,0,9,37,0,46,0,0,8,0,8,0,9,45,0,54,16,0,16,70
04/28/2023,MQY,TN,ASO,ES,Federal Contract Tower,0,29,59,3,91,0,33,46,0,79,0,62,105,3,170,140,0,140,310
04/29/2023,MQY,TN,ASO,ES,Federal Contract Tower,0,5,29,0,34,0,58,83,3,144,0,63,112,3,178,114,0,114,292
04/30/2023,MQY,TN,ASO,ES,Federal Contract Tower,0,9,22,3,34,0,15,42,2,59,0,24,64,5,93,32,0,32,125
05/01/2023,MQY,TN,ASO,ES,Federal Contract Tower,0,14,31,0,45,0,31,51,0,82,0,45,82,0,127,20,0,20,147
05/02/2023,MQY,TN,ASO,ES,Federal Contract Tower,0,13,28,0,41,0,14,55,1,70,0,27,83,1,111,70,0,70,181
05/03/2023,MQY,TN,ASO,ES,Federal Contract Tower,1,11,28,1,41,0,108,115,2,225,1,119,143,3,266,130,6,136,402
05/04/2023,MQY,TN,ASO,ES,Federal Contract Tower,0,20,54,2,76,0,101,141,4,246,0,121,195,6,322,144,0,144,466
05/05/2023,MQY,TN,ASO,ES,Federal Contract Tower,0,21,39,3,63,0,56,79,0,135,0,77,118,3,198,60,0,60,258
05/06/2023,MQY,TN,ASO,ES,Federal Contract Tower,0,20,16,2,38,0,24,56,3,83,0,44,72,5,121,84,0,84,205
05/07/2023,MQY,TN,ASO,ES,Federal Contract Tower,0,7,29,5,41,0,25,25,4,54,0,32,54,9,95,24,0,24,119
05/08/2023,MQY,TN,ASO,ES,Federal Contract Tower,0,12,31,0,43,0,59,34,0,93,0,71,65,0,136,62,0,62,198
05/09/2023,MQY,TN,ASO,ES,Federal Contract Tower,0,13,36,0,49,0,69,100,0,169,0,82,136,0,218,160,0,160,378
05/10/2023,MQY,TN,ASO,ES,Federal Contract Tower,0,15,30,3,48,0,126,157,1,284,0,141,187,4,332,132,0,132,464
05/11/2023,MQY,TN,ASO,ES,Federal Contract Tower,0,15,39,0,54,0,81,56,3,140,0,96,95,3,194,126,4,130,324
05/12/2023,MQY,TN,ASO,ES,Federal Contract Tower,0,6,26,0,32,0,0,8,0,8,0,6,34,0,40,46,0,46,86
05/13/2023,MQY,TN,ASO,ES,Federal Contract Tower,0,4,18,0,22,0,29,52,2,83,0,33,70,2,105,176,0,176,281
05/14/2023,MQY,TN,ASO,ES,Federal Contract Tower,0,13,23,0,36,0,39,39,1,79,0,52,62,1,115,38,0,38,153
05/15/2023,MQY,TN,ASO,ES,Federal Contract Tower,0,14,43,2,59,0,104,102,4,210,0,118,145,6,269,176,0,176,445
05/16/2023,MQY,TN,ASO,ES,Federal Contract Tower,1,10,39,0,50,0,95,97,0,192,1,105,136,0,242,108,0,108,350
05/17/2023,MQY,TN,ASO,ES,Federal Contract Tower,0,26,66,4,96,0,137,152,3,292,0,163,218,7,388,230,4,234,622
05/18/2023,MQY,TN,ASO,ES,Federal Contract Tower,0,15,54,2,71,0,72,156,3,231,0,87,210,5,302,200,0,200,502
05/19/2023,MQY,TN,ASO,ES,Federal Contract Tower,2,33,61,2,98,0,93,100,5,198,2,126,161,7,296,234,4,238,534
05/20/2023,MQY,TN,ASO,ES,Federal Contract Tower,0,6,37,0,43,0,0,1,2,3,0,6,38,2,46,0,0,0,46
05/21/2023,MQY,TN,ASO,ES,Federal Contract Tower,5,9,36,0,50,0,32,120,2,154,5,41,156,2,204,98,0,98,302
05/22/2023,MQY,TN,ASO,ES,Federal Contract Tower,0,14,38,5,57,0,115,112,0,227,0,129,150,5,284,160,2,162,446
05/23/2023,MQY,TN,ASO,ES,Federal Contract Tower,0,17,40,2,59,0,192,126,2,320,0,209,166,4,379,144,0,144,523
05/24/2023,MQY,TN,ASO,ES,Federal Contract Tower,1,19,41,2,63,0,94,145,0,239,1,113,186,2,302,200,0,200,502
05/25/2023,MQY,TN,ASO,ES,Federal Contract Tower,1,30,49,1,81,0,117,129,2,248,1,147,178,3,329,192,0,192,521
05/26/2023,MQY,TN,ASO,ES,Federal Contract Tower,0,15,27,6,48,0,124,128,4,256,0,139,155,10,304,224,0,224,528
05/27/2023,MQY,TN,ASO,ES,Federal Contract Tower,0,9,26,0,35,0,88,87,0,175,0,97,113,0,210,108,0,108,318
05/28/2023,MQY,TN,ASO,ES,Federal Contract Tower,0,4,18,0,22,0,35,56,2,93,0,39,74,2,115,0,0,0,115
05/29/2023,MQY,TN,ASO,ES,Federal Contract Tower,0,20,32,0,52,0,106,66,0,172,0,126,98,0,224,48,0,48,272
05/30/2023,MQY,TN,ASO,ES,Federal Contract Tower,2,36,56,2,96,0,80,113,2,195,2,116,169,4,291,154,0,154,445
05/31/2023,MQY,TN,ASO,ES,Federal Contract Tower,2,21,40,0,63,0,66,100,0,166,2,87,140,0,229,206,0,206,435
06/01/2023,MQY,TN,ASO,ES,Federal Contract Tower,0,31,42,1,74,0,112,92,3,207,0,143,134,4,281,100,4,104,385
06/02/2023,MQY,TN,ASO,ES,Federal Contract Tower,0,23,53,0,76,0,182,123,2,307,0,205,176,2,383,86,0,86,469
06/03/2023,MQY,TN,ASO,ES,Federal Contract Tower,0,9,19,0,28,0,125,95,1,221,0,134,114,1,249,92,0,92,341
06/04/2023,MQY,TN,ASO,ES,Federal Contract Tower,0,12,21,0,33,0,85,71,1,157,0,97,92,1,190,70,0,70,260
06/05/2023,MQY,TN,ASO,ES,Federal Contract Tower,0,25,41,0,66,0,113,109,4,226,0,138,150,4,292,106,0,106,398
06/06/2023,MQY,TN,ASO,ES,Federal Contract Tower,0,21,59,4,84,0,114,132,6,252,0,135,191,10,336,86,0,86,422
06/07/2023,MQY,TN,ASO,ES,Federal Contract Tower,0,19,33,4,56,0,22,106,9,137,0,41,139,13,193,10,0,10,203
06/08/2023,MQY,TN,ASO,ES,Federal Contract Tower,0,16,34,5,55,0,14,39,6,59,0,30,73,11,114,10,26,36,150
06/09/2023,MQY,TN,ASO,ES,Federal Contract Tower,0,10,18,14,42,0,1,34,6,41,0,11,52,20,83,0,0,0,83
06/10/2023,MQY,TN,ASO,ES,Federal Contract Tower,0,3,17,1,21,0,6,29,3,38,0,9,46,4,59,0,0,0,59
06/11/2023,MQY,TN,ASO,ES,Federal Contract Tower,0,3,12,4,19,0,3,2,3,8,0,6,14,7,27,0,0,0,27
06/12/2023,MQY,TN,ASO,ES,Federal Contract Tower,0,19,68,14,101,0,121,90,7,218,0,140,158,21,319,160,0,160,479
06/13/2023,MQY,TN,ASO,ES,Federal Contract Tower,0,18,41,3,62,0,123,140,9,272,0,141,181,12,334,122,2,124,458
06/14/2023,MQY,TN,ASO,ES,Federal Contract Tower,0,22,50,9,81,0,92,153,3,248,0,114,203,12,329,202,0,202,531
06/15/2023,MQY,TN,ASO,ES,Federal Contract Tower,0,15,53,13,81,0,71,100,8,179,0,86,153,21,260,56,16,72,332
06/16/2023,MQY,TN,ASO,ES,Federal Contract Tower,0,18,37,9,64,0,49,134,7,190,0,67,171,16,254,166,22,188,442
06/17/2023,MQY,TN,ASO,ES,Federal Contract Tower,0,15,41,4,60,0,108,115,16,239,0,123,156,20,299,66,0,66,365
06/18/2023,MQY,TN,ASO,ES,Federal Contract Tower,0,19,21,0,40,0,167,48,2,217,0,186,69,2,257,66,0,66,323
06/19/2023,MQY,TN,ASO,ES,Federal Contract Tower,0,8,50,5,63,0,12,19,0,31,0,20,69,5,94,64,0,64,158
06/20/2023,MQY,TN,ASO,ES,Federal Contract Tower,1,2,47,2,52,0,0,3,0,3,1,2,50,2,55,10,0,10,65
06/21/2023,MQY,TN,ASO,ES,Federal Contract Tower,1,23,40,2,66,0,25,28,6,59,1,48,68,8,125,58,4,62,187
06/22/2023,MQY,TN,ASO,ES,Federal Contract Tower,1,28,62,3,94,0,148,86,4,238,1,176,148,7,332,72,0,72,404
06/23/2023,MQY,TN,ASO,ES,Federal Contract Tower,2,46,89,3,140,0,162,159,2,323,2,208,248,5,463,72,0,72,535
06/24/2023,MQY,TN,ASO,ES,Federal Contract Tower,2,28,46,2,78,0,129,144,1,274,2,157,190,3,352,80,0,80,432
06/25/2023,MQY,TN,ASO,ES,Federal Contract Tower,0,32,74,8,114,0,88,69,4,161,0,120,143,12,275,134,0,134,409
06/26/2023,MQY,TN,ASO,ES,Federal Contract Tower,1,16,34,5,56,0,98,138,3,239,1,114,172,8,295,154,0,154,449
06/27/2023,MQY,TN,ASO,ES,Federal Contract Tower,0,32,40,0,72,0,126,150,0,276,0,158,190,0,348,226,0,226,574
06/28/2023,MQY,TN,ASO,ES,Federal Contract Tower,0,21,52,5,78,0,101,89,5,195,0,122,141,10,273,80,8,88,361
06/29/2023,MQY,TN,ASO,ES,Federal Contract Tower,0,17,39,0,56,0,58,78,4,140,0,75,117,4,196,78,2,80,276
06/30/2023,MQY,TN,ASO,ES,Federal Contract Tower,1,33,52,1,87,0,108,114,2,224,1,141,166,3,311,120,0,120,431
07/01/2023,MQY,TN,ASO,ES,Federal Contract Tower,0,7,20,0,27,0,76,59,0,135,0,83,79,0,162,110,0,110,272
07/02/2023,MQY,TN,ASO,ES,Federal Contract Tower,0,13,31,0,44,0,68,41,0,109,0,81,72,0,153,54,0,54,207
07/03/2023,MQY,TN,ASO,ES,Federal Contract Tower,0,30,32,0,62,0,81,102,1,184,0,111,134,1,246,250,0,250,496
07/04/2023,MQY,TN,ASO,ES,Federal Contract Tower,0,4,14,2,20,0,48,66,0,114,0,52,80,2,134,60,0,60,194
07/05/2023,MQY,TN,ASO,ES,Federal Contract Tower,0,14,24,0,38,0,140,116,0,256,0,154,140,0,294,194,0,194,488
07/06/2023,MQY,TN,ASO,ES,Federal Contract Tower,1,16,45,0,62,0,88,87,3,178,1,104,132,3,240,104,4,108,348
07/07/2023,MQY,TN,ASO,ES,Federal Contract Tower,0,22,39,0,61,0,59,126,0,185,0,81,165,0,246,66,0,66,312
07/08/2023,MQY,TN,ASO,ES,Federal Contract Tower,0,20,18,3,41,0,86,69,8,163,0,106,87,11,204,66,0,66,270
07/09/2023,MQY,TN,ASO,ES,Federal Contract Tower,0,9,33,0,42,0,0,2,0,2,0,9,35,0,44,0,0,0,44
07/10/2023,MQY,TN,ASO,ES,Federal Contract Tower,0,23,54,1,78,0,132,130,8,270,0,155,184,9,348,158,18,176,524
07/11/2023,MQY,TN,ASO,ES,Federal Contract Tower,0,19,40,5,64,0,131,132,2,265,0,150,172,7,329,146,0,146,475
07/12/2023,MQY,TN,ASO,ES,Federal Contract Tower,0,13,39,0,52,0,89,126,0,215,0,102,165,0,267,164,0,164,431
07/13/2023,MQY,TN,ASO,ES,Federal Contract Tower,0,15,48,0,63,0,108,70,0,178,0,123,118,0,241,138,0,138,379
07/14/2023,MQY,TN,ASO,ES,Federal Contract Tower,0,15,56,0,71,0,104,85,23,212,0,119,141,23,283,178,14,192,475
07/15/2023,MQY,TN,ASO,ES,Federal Contract Tower,0,9,16,0,25,0,0,11,0,11,0,9,27,0,36,10,0,10,46
07/16/2023,MQY,TN,ASO,ES,Federal Contract Tower,0,13,43,2,58,0,28,66,0,94,0,41,109,2,152,100,0,100,252
07/17/2023,MQY,TN,ASO,ES,Federal Contract Tower,0,22,52,6,80,0,104,103,2,209,0,126,155,8,289,164,0,164,453
07/18/2023,MQY,TN,ASO,ES,Federal Contract Tower,1,16,38,0,55,0,35,71,0,106,1,51,109,0,161,92,0,92,253
07/19/2023,MQY,TN,ASO,ES,Federal Contract Tower,0,11,28,0,39,0,68,52,0,120,0,79,80,0,159,34,0,34,193
07/20/2023,MQY,TN,ASO,ES,Federal Contract Tower,1,16,32,0,49,0,76,69,0,145,1,92,101,0,194,96,0,96,290
07/21/2023,MQY,TN,ASO,ES,Federal Contract Tower,1,14,42,3,60,0,84,78,2,164,1,98,120,5,224,110,0,110,334
07/22/2023,MQY,TN,ASO,ES,Federal Contract Tower,0,12,26,2,40,0,100,130,5,235,0,112,156,7,275,154,0,154,429
07/23/2023,MQY,TN,ASO,ES,Federal Contract Tower,0,18,36,0,54,0,135,75,1,211,0,153,111,1,265,104,0,104,369
07/24/2023,MQY,TN,ASO,ES,Federal Contract Tower,0,15,42,4,61,0,157,122,0,279,0,172,164,4,340,142,0,142,482
07/25/2023,MQY,TN,ASO,ES,Federal Contract Tower,0,12,28,1,41,0,147,160,0,307,0,159,188,1,348,178,0,178,526
07/26/2023,MQY,TN,ASO,ES,Federal Contract Tower,1,25,38,0,64,0,128,107,1,236,1,153,145,1,300,158,0,158,458
07/27/2023,MQY,TN,ASO,ES,Federal Contract Tower,2,22,56,5,85,0,114,121,10,245,2,136,177,15,330,180,16,196,526
07/28/2023,MQY,TN,ASO,ES,Federal Contract Tower,0,25,36,7,68,0,94,127,0,221,0,119,163,7,289,158,0,158,447
07/29/2023,MQY,TN,ASO,ES,Federal Contract Tower,0,11,31,2,44,0,21,55,1,77,0,32,86,3,121,80,0,80,201
07/30/2023,MQY,TN,ASO,ES,Federal Contract Tower,0,14,57,3,74,0,40,40,2,82,0,54,97,5,156,96,0,96,252
07/31/2023,MQY,TN,ASO,ES,Federal Contract Tower,0,21,55,0,76,0,64,133,0,197,0,85,188,0,273,206,0,206,479
08/01/2023,MQY,TN,ASO,ES,Federal Contract Tower,0,18,45,0,63,0,72,128,0,200,0,90,173,0,263,152,0,152,415
08/02/2023,MQY,TN,ASO,ES,Federal Contract Tower,0,18,62,10,90,0,85,143,6,234,0,103,205,16,324,156,0,156,480
08/03/2023,MQY,TN,ASO,ES,Federal Contract Tower,0,13,36,0,49,0,105,14,2,121,0,118,50,2,170,12,0,12,182
08/04/2023,MQY,TN,ASO,ES,Federal Contract Tower,1,17,56,2,76,0,20,10,2,32,1,37,66,4,108,36,0,36,144
08/05/2023,MQY,TN,ASO,ES,Federal Contract Tower,0,10,30,2,42,0,12,52,0,64,0,22,82,2,106,74,0,74,180
08/06/2023,MQY,TN,ASO,ES,Federal Contract Tower,0,13,36,0,49,0,103,42,2,147,0,116,78,2,196,122,0,122,318
08/07/2023,MQY,TN,ASO,ES,Federal Contract Tower,0,19,32,0,51,0,50,55,1,106,0,69,87,1,157,66,0,66,223
08/08/2023,MQY,TN,ASO,ES,Federal Contract Tower,0,24,52,5,81,0,179,132,3,314,0,203,184,8,395,130,0,130,525
08/09/2023,MQY,TN,ASO,ES,Federal Contract Tower,0,12,54,0,66,0,102,80,0,182,0,114,134,0,248,114,0,114,362
08/10/2023,MQY,TN,ASO,ES,Federal Contract Tower,1,18,69,0,88,0,94,24,1,119,1,112,93,1,207,44,0,44,251
08/11/2023,MQY,TN,ASO,ES,Federal Contract Tower,0,23,40,7,70,0,101,117,7,225,0,124,157,14,295,210,0,210,505
08/12/2023,MQY,TN,ASO,ES,Federal Contract Tower,0,12,22,0,34,0,37,39,2,78,0,49,61,2,112,60,0,60,172
08/13/2023,MQY,TN,ASO,ES,Federal Contract Tower,0,14,19,2,35,0,48,48,6,102,0,62,67,8,137,44,2,46,183
08/14/2023,MQY,TN,ASO,ES,Federal Contract Tower,0,7,47,1,55,0,59,84,0,143,0,66,131,1,198,118,0,118,316
08/15/2023,MQY,TN,ASO,ES,Federal Contract Tower,0,21,44,3,68,0,91,115,3,209,0,112,159,6,277,198,0,198,475
08/16/2023,MQY,TN,ASO,ES,Federal Contract Tower,0,29,67,2,98,0,113,140,3,256,0,142,207,5,354,164,0,164,518
08/17/2023,MQY,TN,ASO,ES,Federal Contract Tower,0,14,62,3,79,0,100,123,9,232,0,114,185,12,311,124,4,128,439
08/18/2023,MQY,TN,ASO,ES,Federal Contract Tower,0,21,43,5,69,0,82,141,0,223,0,103,184,5,292,84,0,84,376
08/19/2023,MQY,TN,ASO,ES,Federal Contract Tower,0,11,25,2,38,0,82,130,2,214,0,93,155,4,252,210,0,210,462
08/20/2023,MQY,TN,ASO,ES,Federal Contract Tower,0,21,26,2,49,0,120,59,4,183,0,141,85,6,232,108,0,108,340
08/21/2023,MQY,TN,ASO,ES,Federal Contract Tower,0,24,62,0,86,0,157,134,2,293,0,181,196,2,379,140,0,140,519
08/22/2023,MQY,TN,ASO,ES,Federal Contract Tower,0,17,41,4,62,0,53,120,0,173,0,70,161,4,235,134,0,134,369
08/23/2023,MQY,TN,ASO,ES,Federal Contract Tower,0,12,53,7,72,0,108,116,3,227,0,120,169,10,299,98,14,112,411
08/24/2023,MQY,TN,ASO,ES,Federal Contract Tower,3,17,43,1,64,0,53,88,13,154,3,70,131,14,218,92,0,92,310
08/25/2023,MQY,TN,ASO,ES,Federal Contract Tower,1,18,35,3,57,0,50,91,3,144,1,68,126,6,201,78,6,84,285
08/26/2023,MQY,TN,ASO,ES,Federal Contract Tower,0,12,23,1,36,0,66,97,0,163,0,78,120,1,199,124,0,124,323
08/27/2023,MQY,TN,ASO,ES,Federal Contract Tower,0,5,17,2,24,0,0,10,0,10,0,5,27,2,34,0,0,0,34
08/28/2023,MQY,TN,ASO,ES,Federal Contract Tower,0,19,46,6,71,0,65,44,1,110,0,84,90,7,181,88,0,88,269
08/29/2023,MQY,TN,ASO,ES,Federal Contract Tower,0,32,54,4,90,0,113,125,4,242,0,145,179,8,332,160,0,160,492
08/30/2023,MQY,TN,ASO,ES,Federal Contract Tower,0,35,46,6,87,0,104,139,1,244,0,139,185,7,331,120,0,120,451
08/31/2023,MQY,TN,ASO,ES,Federal Contract Tower,3,38,48,6,95,0,114,127,5,246,3,152,175,11,341,102,0,102,443
01/01/2020,MQY,TN,ASO,CE,Federal Contract Tower,0,3,16,0,19,0,3,85,0,88,0,6,101,0,107,114,0,114,221
01/02/2020,MQY,TN,ASO,CE,Federal Contract Tower,1,4,25,0,30,0,0,1,0,1,1,4,26,0,31,2,0,2,33
01/03/2020,MQY,TN,ASO,CE,Federal Contract Tower,1,16,28,0,45,0,0,0,0,0,1,16,28,0,45,0,0,0,45
01/04/2020,MQY,TN,ASO,CE,Federal Contract Tower,0,7,15,0,22,0,2,44,0,46,0,9,59,0,68,96,0,96,164
01/05/2020,MQY,TN,ASO,CE,Federal Contract Tower,0,16,41,0,57,0,2,94,0,96,0,18,135,0,153,124,0,124,277
01/06/2020,MQY,TN,ASO,CE,Federal Contract Tower,0,15,32,0,47,0,4,102,1,107,0,19,134,1,154,182,0,182,336
01/07/2020,MQY,TN,ASO,CE,Federal Contract Tower,0,12,55,4,71,0,6,99,0,105,0,18,154,4,176,146,0,146,322
01/08/2020,MQY,TN,ASO,CE,Federal Contract Tower,0,14,54,2,70,0,16,154,3,173,0,30,208,5,243,166,0,166,409
01/09/2020,MQY,TN,ASO,CE,Federal Contract Tower,1,14,36,0,51,0,5,85,9,99,1,19,121,9,150,152,0,152,302
01/10/2020,MQY,TN,ASO,CE,Federal Contract Tower,0,6,22,1,29,0,0,25,17,42,0,6,47,18,71,0,74,74,145
01/11/2020,MQY,TN,ASO,CE,Federal Contract Tower,0,0,2,0,2,0,0,0,0,0,0,0,2,0,2,0,0,0,2
01/12/2020,MQY,TN,ASO,CE,Federal Contract Tower,0,5,36,2,43,0,0,71,0,71,0,5,107,2,114,118,0,118,232
01/13/2020,MQY,TN,ASO,CE,Federal Contract Tower,0,11,57,1,69,0,10,72,0,82,0,21,129,1,151,134,0,134,285
01/14/2020,MQY,TN,ASO,CE,Federal Contract Tower,0,5,46,2,53,0,1,46,5,52,0,6,92,7,105,102,2,104,209
01/15/2020,MQY,TN,ASO,CE,Federal Contract Tower,1,10,67,0,78,0,0,12,0,12,1,10,79,0,90,58,0,58,148
01/16/2020,MQY,TN,ASO,CE,Federal Contract Tower,1,16,44,6,67,0,2,138,8,148,1,18,182,14,215,286,20,306,521
01/17/2020,MQY,TN,ASO,CE,Federal Contract Tower,1,5,52,21,79,0,4,103,9,116,1,9,155,30,195,222,20,242,437
01/18/2020,MQY,TN,ASO,CE,Federal Contract Tower,2,1,12,4,19,0,2,3,0,5,2,3,15,4,24,16,0,16,40
01/19/2020,MQY,TN,ASO,CE,Federal Contract Tower,0,8,29,30,67,0,1,49,0,50,0,9,78,30,117,102,0,102,219
01/20/2020,MQY,TN,ASO,CE,Federal Contract Tower,0,9,22,2,33,0,13,51,0,64,0,22,73,2,97,152,0,152,249
01/21/2020,MQY,TN,ASO,CE,Federal Contract Tower,0,20,42,1,63,0,27,89,1,117,0,47,131,2,180,220,0,220,400
01/22/2020,MQY,TN,ASO,CE,Federal Contract Tower,1,9,48,3,61,0,7,105,6,118,1,16,153,9,179,224,2,226,405
01/23/2020,MQY,TN,ASO,CE,Federal Contract Tower,3,9,41,0,53,0,17,34,1,52,3,26,75,1,105,90,0,90,195
01/24/2020,MQY,TN,ASO,CE,Federal Contract Tower,0,4,39,3,46,1,2,20,9,32,1,6,59,12,78,84,40,124,202
01/25/2020,MQY,TN,ASO,CE,Federal Contract Tower,0,1,12,2,15,0,6,49,17,72,0,7,61,19,87,214,46,260,347
01/26/2020,MQY,TN,ASO,CE,Federal Contract Tower,5,4,41,0,50,0,8,106,1,115,5,12,147,1,165,192,0,192,357
01/27/2020,MQY,TN,ASO,CE,Federal Contract Tower,1,10,50,0,61,0,3,63,1,67,1,13,113,1,128,154,0,154,282
01/28/2020,MQY,TN,ASO,CE,Federal Contract Tower,0,10,55,2,67,0,12,42,6,60,0,22,97,8,127,106,10,116,243
01/29/2020,MQY,TN,ASO,CE,Federal Contract Tower,0,9,54,8,71,0,8,108,4,120,0,17,162,12,191,282,2,284,475
01/30/2020,MQY,TN,ASO,CE,Federal Contract Tower,3,4,67,2,76,0,18,107,17,142,3,22,174,19,218,184,32,216,434
01/31/2020,MQY,TN,ASO,CE,Federal Contract Tower,0,4,43,14,61,0,0,68,3,71,0,4,111,17,132,192,4,196,328
02/01/2020,MQY,TN,ASO,ES,Federal Contract Tower,0,0,16,6,22,10,6,43,1,60,10,6,59,7,82,144,0,144,226
02/02/2020,MQY,TN,ASO,ES,Federal Contract Tower,2,3,34,5,44,0,12,79,4,95,2,15,113,9,139,122,0,122,261
02/03/2020,MQY,TN,ASO,ES,Federal Contract Tower,0,14,35,1,50,0,31,71,1,103,0,45,106,2,153,133,0,133,286
02/04/2020,MQY,TN,ASO,ES,Federal Contract Tower,1,7,25,0,33,0,0,7,0,7,1,7,32,0,40,20,0,20,60
02/05/2020,MQY,TN,ASO,ES,Federal Contract Tower,0,5,14,0,19,0,0,0,0,0,0,5,14,0,19,0,0,0,19
02/06/2020,MQY,TN,ASO,ES,Federal Contract Tower,0,12,14,0,26,0,0,4,0,4,0,12,18,0,30,0,0,0,30
02/07/2020,MQY,TN,ASO,ES,Federal Contract Tower,0,5,35,0,40,0,15,47,6,68,0,20,82,6,108,100,0,100,208
02/08/2020,MQY,TN,ASO,ES,Federal Contract Tower,0,7,37,2,46,0,17,100,10,127,0,24,137,12,173,122,20,142,315
02/09/2020,MQY,TN,ASO,ES,Federal Contract Tower,0,9,25,1,35,0,17,79,5,101,0,26,104,6,136,108,0,108,244
02/10/2020,MQY,TN,ASO,ES,Federal Contract Tower,0,10,26,0,36,0,0,0,0,0,0,10,26,0,36,0,0,0,36
02/11/2020,MQY,TN,ASO,ES,Federal Contract Tower,0,13,44,2,59,0,0,10,6,16,0,13,54,8,75,74,20,94,169
02/12/2020,MQY,TN,ASO,ES,Federal Contract Tower,1,9,25,0,35,0,0,0,0,0,1,9,25,0,35,0,0,0,35
02/13/2020,MQY,TN,ASO,ES,Federal Contract Tower,1,7,25,0,33,0,2,51,14,67,1,9,76,14,100,224,42,266,366
02/14/2020,MQY,TN,ASO,ES,Federal Contract Tower,1,13,54,0,68,0,71,130,2,203,1,84,184,2,271,246,2,248,519
02/15/2020,MQY,TN,ASO,ES,Federal Contract Tower,1,5,39,2,47,0,67,127,6,200,1,72,166,8,247,198,10,208,455
02/16/2020,MQY,TN,ASO,ES,Federal Contract Tower,2,13,30,7,52,0,26,87,1,114,2,39,117,8,166,178,0,178,344
02/17/2020,MQY,TN,ASO,ES,Federal Contract Tower,0,15,33,0,48,0,26,117,1,144,0,41,150,1,192,184,0,184,376
02/18/2020,MQY,TN,ASO,ES,Federal Contract Tower,1,13,18,0,32,0,0,0,0,0,1,13,18,0,32,0,0,0,32
02/19/2020,MQY,TN,ASO,ES,Federal Contract Tower,0,14,58,0,72,0,46,120,6,172,0,60,178,6,244,312,0,312,556
02/20/2020,MQY,TN,ASO,ES,Federal Contract Tower,0,10,25,6,41,0,0,37,6,43,0,10,62,12,84,22,0,22,106
02/21/2020,MQY,TN,ASO,ES,Federal Contract Tower,0,24,47,24,95,0,37,137,14,188,0,61,184,38,283,232,10,242,525
02/22/2020,MQY,TN,ASO,ES,Federal Contract Tower,1,1,39,1,42,0,54,142,12,208,1,55,181,13,250,232,10,242,492
02/23/2020,MQY,TN,ASO,ES,Federal Contract Tower,1,7,41,6,55,0,113,77,3,193,1,120,118,9,248,158,0,158,406
02/24/2020,MQY,TN,ASO,ES,Federal Contract Tower,0,4,23,0,27,0,0,2,0,2,0,4,25,0,29,6,0,6,35
02/25/2020,MQY,TN,ASO,ES,Federal Contract Tower,0,8,76,0,84,0,73,69,14,156,0,81,145,14,240,214,12,226,466
02/26/2020,MQY,TN,ASO,ES,Federal Contract Tower,0,11,13,2,26,0,0,31,0,31,0,11,44,2,57,112,0,112,169
02/27/2020,MQY,TN,ASO,ES,Federal Contract Tower,0,24,35,4,63,0,31,127,12,170,0,55,162,16,233,210,20,230,463
02/28/2020,MQY,TN,ASO,ES,Federal Contract Tower,1,18,27,1,47,0,3,56,1,60,1,21,83,2,107,120,0,120,227
02/29/2020,MQY,TN,ASO,ES,Federal Contract Tower,0,28,40,5,73,0,47,157,2,206,0,75,197,7,279,264,0,264,543
03/01/2020,MQY,TN,ASO,ES,Federal Contract Tower,1,26,45,3,75,0,58,102,6,166,1,84,147,9,241,160,4,164,405
03/02/2020,MQY,TN,ASO,ES,Federal Contract Tower,0,12,28,7,47,0,0,4,0,4,0,12,32,7,51,16,0,16,67
03/03/2020,MQY,TN,ASO,ES,Federal Contract Tower,0,15,49,2,66,0,32,75,27,134,0,47,124,29,200,176,0,176,376
03/04/2020,MQY,TN,ASO,ES,Federal Contract Tower,1,52,36,4,93,0,69,157,6,232,1,121,193,10,325,362,2,364,689
03/05/2020,MQY,TN,ASO,ES,Federal Contract Tower,1,61,46,4,112,0,36,154,3,193,1,97,200,7,305,332,0,332,637
03/06/2020,MQY,TN,ASO,ES,Federal Contract Tower,2,24,51,8,85,0,6,44,8,58,2,30,95,16,143,74,0,74,217
03/07/2020,MQY,TN,ASO,ES,Federal Contract Tower,0,14,26,1,41,0,32,147,9,188,0,46,173,10,229,260,0,260,489
03/08/2020,MQY,TN,ASO,ES,Federal Contract Tower,0,14,36,6,56,0,72,134,3,209,0,86,170,9,265,148,0,148,413
03/09/2020,MQY,TN,ASO,ES,Federal Contract Tower,0,14,53,1,68,0,8,95,3,106,0,22,148,4,174,210,0,210,384
03/10/2020,MQY,TN,ASO,ES,Federal Contract Tower,0,8,30,4,42,0,2,32,3,37,0,10,62,7,79,118,8,126,205
03/11/2020,MQY,TN,ASO,ES,Federal Contract Tower,0,20,47,5,72,0,16,42,5,63,0,36,89,10,135,114,26,140,275
03/12/2020,MQY,TN,ASO,ES,Federal Contract Tower,0,4,47,2,53,0,0,27,0,27,0,4,74,2,80,244,0,244,324
03/13/2020,MQY,TN,ASO,ES,Federal Contract Tower,1,10,63,2,76,0,10,143,1,154,1,20,206,3,230,334,0,334,564
03/14/2020,MQY,TN,ASO,ES,Federal Contract Tower,0,2,25,0,27,0,3,60,0,63,0,5,85,0,90,280,0,280,370
03/15/2020,MQY,TN,ASO,ES,Federal Contract Tower,0,10,48,0,58,0,0,21,0,21,0,10,69,0,79,70,0,70,149
03/16/2020,MQY,TN,ASO,ES,Federal Contract Tower,0,13,45,6,64,0,0,39,0,39,0,13,84,6,103,252,0,252,355
03/17/2020,MQY,TN,ASO,ES,Federal Contract Tower,1,5,36,5,47,0,0,0,1,1,1,5,36,6,48,0,0,0,48
03/18/2020,MQY,TN,ASO,ES,Federal Contract Tower,0,9,31,0,40,0,11,68,0,79,0,20,99,0,119,200,0,200,319
03/19/2020,MQY,TN,ASO,ES,Federal Contract Tower,3,5,41,0,49,0,2,47,0,49,3,7,88,0,98,186,0,186,284
03/20/2020,MQY,TN,ASO,ES,Federal Contract Tower,2,2,24,0,28,2,1,15,0,18,4,3,39,0,46,172,0,172,218
03/21/2020,MQY,TN,ASO,ES,Federal Contract Tower,1,2,38,0,41,0,2,80,4,86,1,4,118,4,127,218,0,218,345
03/22/2020,MQY,TN,ASO,ES,Federal Contract Tower,0,1,44,0,45,0,3,103,3,109,0,4,147,3,154,228,0,228,382
03/23/2020,MQY,TN,ASO,ES,Federal Contract Tower,1,6,19,0,26,0,6,33,0,39,1,12,52,0,65,180,0,180,245
03/24/2020,MQY,TN,ASO,ES,Federal Contract Tower,0,3,6,0,9,0,0,0,0,0,0,3,6,0,9,0,0,0,9
03/25/2020,MQY,TN,ASO,ES,Federal Contract Tower,1,7,52,0,60,0,2,151,1,154,1,9,203,1,214,480,0,480,694
03/26/2020,MQY,TN,ASO,ES,Federal Contract Tower,1,4,37,6,48,0,8,180,9,197,1,12,217,15,245,222,0,222,467
03/27/2020,MQY,TN,ASO,ES,Federal Contract Tower,0,7,24,0,31,0,10,154,0,164,0,17,178,0,195,324,0,324,519
03/28/2020,MQY,TN,ASO,ES,Federal Contract Tower,0,8,17,0,25,0,9,58,0,67,0,17,75,0,92,224,0,224,316
03/29/2020,MQY,TN,ASO,ES,Federal Contract Tower,0,0,10,0,10,0,0,56,0,56,0,0,66,0,66,88,0,88,154
03/30/2020,MQY,TN,ASO,ES,Federal Contract Tower,0,3,26,0,29,0,9,103,1,113,0,12,129,1,142,292,0,292,434
03/31/2020,MQY,TN,ASO,ES,Federal Contract Tower,0,1,16,0,17,0,0,10,0,10,0,1,26,0,27,110,0,110,137
04/01/2020,MQY,TN,ASO,ES,Federal Contract Tower,0,3,25,0,28,0,0,95,0,95,0,3,120,0,123,154,0,154,277
04/02/2020,MQY,TN,ASO,ES,Federal Contract Tower,0,3,32,0,35,0,9,155,3,167,0,12,187,3,202,338,4,342,544
04/03/2020,MQY,TN,ASO,ES,Federal Contract Tower,0,1,23,0,24,0,5,152,2,159,0,6,175,2,183,252,0,252,435
04/04/2020,MQY,TN,ASO,ES,Federal Contract Tower,0,0,14,1,15,0,7,114,2,123,0,7,128,3,138,258,0,258,396
04/05/2020,MQY,TN,ASO,ES,Federal Contract Tower,0,5,19,0,24,0,6,105,1,112,0,11,124,1,136,156,0,156,292
04/06/2020,MQY,TN,ASO,ES,Federal Contract Tower,0,2,30,0,32,0,3,92,0,95,0,5,122,0,127,124,0,124,251
04/07/2020,MQY,TN,ASO,ES,Federal Contract Tower,0,2,16,0,18,0,0,70,0,70,0,2,86,0,88,64,0,64,152
04/08/2020,MQY,TN,ASO,ES,Federal Contract Tower,0,2,29,0,31,0,1,45,3,49,0,3,74,3,80,78,0,78,158
04/09/2020,MQY,TN,ASO,ES,Federal Contract Tower,0,4,19,0,23,0,1,88,0,89,0,5,107,0,112,158,0,158,270
04/10/2020,MQY,TN,ASO,ES,Federal Contract Tower,0,5,23,0,28,0,10,114,8,132,0,15,137,8,160,132,0,132,292
04/11/2020,MQY,TN,ASO,ES,Federal Contract Tower,0,2,24,1,27,0,0,118,0,118,0,2,142,1,145,140,0,140,285
04/12/2020,MQY,TN,ASO,ES,Federal Contract Tower,0,0,3,0,3,0,0,0,0,0,0,0,3,0,3,0,0,0,3
04/13/2020,MQY,TN,ASO,ES,Federal Contract Tower,0,2,17,0,19,0,0,28,0,28,0,2,45,0,47,88,0,88,135
04/14/2020,MQY,TN,ASO,ES,Federal Contract Tower,0,2,47,0,49,0,3,90,5,98,0,5,137,5,147,104,0,104,251
04/15/2020,MQY,TN,ASO,ES,Federal Contract Tower,1,4,47,0,52,0,3,134,4,141,1,7,181,4,193,202,0,202,395
04/16/2020,MQY,TN,ASO,ES,Federal Contract Tower,0,1,36,0,37,0,4,158,0,162,0,5,194,0,199,220,0,220,419
04/17/2020,MQY,TN,ASO,ES,Federal Contract Tower,0,4,13,0,17,0,12,66,0,78,0,16,79,0,95,116,0,116,211
04/18/2020,MQY,TN,ASO,ES,Federal Contract Tower,0,2,21,0,23,0,1,101,5,107,0,3,122,5,130,306,0,306,436
04/19/2020,MQY,TN,ASO,ES,Federal Contract Tower,0,2,8,0,10,0,4,18,7,29,0,6,26,7,39,110,0,110,149
04/20/2020,MQY,TN,ASO,ES,Federal Contract Tower,0,2,19,4,25,0,4,120,1,125,0,6,139,5,150,260,0,260,410
04/21/2020,MQY,TN,ASO,ES,Federal Contract Tower,0,3,25,0,28,0,3,100,3,106,0,6,125,3,134,230,2,232,366
04/22/2020,MQY,TN,ASO,ES,Federal Contract Tower,0,3,37,2,42,0,6,111,10,127,0,9,148,12,169,202,0,202,371
04/23/2020,MQY,TN,ASO,ES,Federal Contract Tower,0,2,5,0,7,0,0,2,0,2,0,2,7,0,9,0,0,0,9
04/24/2020,MQY,TN,ASO,ES,Federal Contract Tower,0,6,36,0,42,0,3,110,3,116,0,9,146,3,158,318,0,318,476
04/25/2020,MQY,TN,ASO,ES,Federal Contract Tower,0,2,7,0,9,0,0,4,0,4,0,2,11,0,13,12,0,12,25
04/26/2020,MQY,TN,ASO,ES,Federal Contract Tower,0,2,20,0,22,0,0,11,0,11,0,2,31,0,33,20,0,20,53
04/27/2020,MQY,TN,ASO,ES,Federal Contract Tower,0,6,48,0,54,0,3,132,2,137,0,9,180,2,191,214,2,216,407
04/28/2020,MQY,TN,ASO,ES,Federal Contract Tower,0,3,45,0,48,0,3,114,12,129,0,6,159,12,177,254,28,282,459
04/29/2020,MQY,TN,ASO,ES,Federal Contract Tower,2,4,14,0,20,0,1,11,2,14,2,5,25,2,34,34,0,34,68
04/30/2020,MQY,TN,ASO,ES,Federal Contract Tower,0,4,40,2,46,0,5,64,6,75,0,9,104,8,121,122,10,132,253
05/01/2020,MQY,TN,ASO,ES,Federal Contract Tower,1,5,51,0,57,0,18,190,4,212,1,23,241,4,269,396,12,408,677
05/02/2020,MQY,TN,ASO,ES,Federal Contract Tower,0,2,22,0,24,0,0,102,3,105,0,2,124,3,129,176,0,176,305
05/03/2020,MQY,TN,ASO,ES,Federal Contract Tower,0,2,16,0,18,0,0,51,0,51,0,2,67,0,69,100,0,100,169
05/04/2020,MQY,TN,ASO,ES,Federal Contract Tower,0,3,24,0,27,0,3,80,0,83,0,6,104,0,110,220,0,220,330
05/05/2020,MQY,TN,ASO,ES,Federal Contract Tower,0,6,28,3,37,0,3,17,6,26,0,9,45,9,63,6,12,18,81
05/06/2020,MQY,TN,ASO,ES,Federal Contract Tower,0,4,38,0,42,0,6,52,1,59,0,10,90,1,101,112,0,112,213
05/07/2020,MQY,TN,ASO,ES,Federal Contract Tower,0,5,59,5,69,0,13,173,6,192,0,18,232,11,261,294,0,294,555
05/08/2020,MQY,TN,ASO,ES,Federal Contract Tower,0,1,23,0,24,0,8,5,0,13,0,9,28,0,37,6,0,6,43
05/09/2020,MQY,TN,ASO,ES,Federal Contract Tower,1,0,45,0,46,0,1,164,0,165,1,1,209,0,211,210,0,210,421
05/10/2020,MQY,TN,ASO,ES,Federal Contract Tower,0,0,25,0,25,0,4,55,0,59,0,4,80,0,84,68,0,68,152
05/11/2020,MQY,TN,ASO,ES,Federal Contract Tower,0,4,57,0,61,0,1,156,2,159,0,5,213,2,220,258,0,258,478
05/12/2020,MQY,TN,ASO,ES,Federal Contract Tower,0,4,64,0,68,0,4,100,6,110,0,8,164,6,178,252,0,252,430
05/13/2020,MQY,TN,ASO,ES,Federal Contract Tower,0,3,30,2,35,0,5,91,2,98,0,8,121,4,133,192,0,192,325
05/14/2020,MQY,TN,ASO,ES,Federal Contract Tower,0,5,46,2,53,0,16,105,8,129,0,21,151,10,182,104,6,110,292
05/15/2020,MQY,TN,ASO,ES,Federal Contract Tower,0,4,48,0,52,0,1,106,1,108,0,5,154,1,160,100,0,100,260
05/16/2020,MQY,TN,ASO,ES,Federal Contract Tower,0,3,22,17,42,0,1,75,1,77,0,4,97,18,119,154,4,158,277
05/17/2020,MQY,TN,ASO,ES,Federal Contract Tower,0,2,20,0,22,0,5,41,0,46,0,7,61,0,68,78,0,78,146
05/18/2020,MQY,TN,ASO,ES,Federal Contract Tower,0,0,36,0,36,0,1,22,0,23,0,1,58,0,59,52,0,52,111
05/19/2020,MQY,TN,ASO,ES,Federal Contract Tower,0,4,58,2,64,0,1,79,5,85,0,5,137,7,149,148,12,160,309
05/20/2020,MQY,TN,ASO,ES,Federal Contract Tower,0,5,63,0,68,0,2,29,4,35,0,7,92,4,103,142,14,156,259
05/21/2020,MQY,TN,ASO,ES,Federal Contract Tower,1,10,59,1,71,0,2,82,5,89,1,12,141,6,160,244,0,244,404
05/22/2020,MQY,TN,ASO,ES,Federal Contract Tower,1,3,44,0,48,0,5,89,0,94,1,8,133,0,142,214,0,214,356
05/23/2020,MQY,TN,ASO,ES,Federal Contract Tower,0,0,45,0,45,0,22,93,2,117,0,22,138,2,162,256,0,256,418
05/24/2020,MQY,TN,ASO,ES,Federal Contract Tower,0,3,24,0,27,0,2,77,0,79,0,5,101,0,106,140,0,140,246
05/25/2020,MQY,TN,ASO,ES,Federal Contract Tower,0,0,29,0,29,0,0,81,0,81,0,0,110,0,110,154,0,154,264
05/26/2020,MQY,TN,ASO,ES,Federal Contract Tower,0,8,43,4,55,0,4,106,0,110,0,12,149,4,165,154,0,154,319
05/27/2020,MQY,TN,ASO,ES,Federal Contract Tower,0,4,33,1,38,0,2,14,0,16,0,6,47,1,54,96,0,96,150
05/28/2020,MQY,TN,ASO,ES,Federal Contract Tower,0,5,58,0,63,0,17,128,5,150,0,22,186,5,213,300,0,300,513
05/29/2020,MQY,TN,ASO,ES,Federal Contract Tower,0,6,39,0,45,0,10,142,12,164,0,16,181,12,209,202,0,202,411
05/30/2020,MQY,TN,ASO,ES,Federal Contract Tower,0,5,35,2,42,0,10,132,0,142,0,15,167,2,184,218,0,218,402
05/31/2020,MQY,TN,ASO,ES,Federal Contract Tower,1,3,32,1,37,0,10,77,5,92,1,13,109,6,129,136,0,136,265
06/01/2020,MQY,TN,ASO,ES,Federal Contract Tower,0,21,59,0,80,0,29,132,0,161,0,50,191,0,241,242,0,242,483
06/02/2020,MQY,TN,ASO,ES,Federal Contract Tower,0,10,43,0,53,0,38,141,7,186,0,48,184,7,239,270,0,270,509
06/03/2020,MQY,TN,ASO,ES,Federal Contract Tower,1,10,51,2,64,0,35,124,0,159,1,45,175,2,223,292,0,292,515
06/04/2020,MQY,TN,ASO,ES,Federal Contract Tower,0,12,33,11,56,0,7,96,2,105,0,19,129,13,161,158,0,158,319
06/05/2020,MQY,TN,ASO,ES,Federal Contract Tower,0,27,48,2,77,0,33,121,14,168,0,60,169,16,245,212,0,212,457
06/06/2020,MQY,TN,ASO,ES,Federal Contract Tower,0,22,44,0,66,0,8,132,0,140,0,30,176,0,206,216,0,216,422
06/07/2020,MQY,TN,ASO,ES,Federal Contract Tower,0,18,40,2,60,0,43,83,0,126,0,61,123,2,186,168,0,168,354
06/08/2020,MQY,TN,ASO,ES,Federal Contract Tower,0,8,41,0,49,0,16,82,0,98,0,24,123,0,147,114,0,114,261
06/09/2020,MQY,TN,ASO,ES,Federal Contract Tower,0,7,8,10,25,0,1,16,3,20,0,8,24,13,45,38,36,74,119
06/10/2020,MQY,TN,ASO,ES,Federal Contract Tower,1,9,40,1,51,0,3,54,2,59,1,12,94,3,110,42,0,42,152
06/11/2020,MQY,TN,ASO,ES,Federal Contract Tower,0,36,59,0,95,0,34,156,25,215,0,70,215,25,310,274,48,322,632
06/12/2020,MQY,TN,ASO,ES,Federal Contract Tower,0,31,71,0,102,0,17,160,13,190,0,48,231,13,292,284,4,288,580
06/13/2020,MQY,TN,ASO,ES,Federal Contract Tower,0,9,28,0,37,0,22,134,1,157,0,31,162,1,194,244,0,244,438
06/14/2020,MQY,TN,ASO,ES,Federal Contract Tower,0,6,18,0,24,0,22,55,0,77,0,28,73,0,101,130,0,130,231
06/15/2020,MQY,TN,ASO,ES,Federal Contract Tower,0,22,43,2,67,0,45,104,6,155,0,67,147,8,222,246,0,246,468
06/16/2020,MQY,TN,ASO,ES,Federal Contract Tower,0,29,40,0,69,0,49,106,0,155,0,78,146,0,224,210,0,210,434
06/17/2020,MQY,TN,ASO,ES,Federal Contract Tower,0,18,62,0,80,0,87,164,6,257,0,105,226,6,337,286,0,286,623
06/18/2020,MQY,TN,ASO,ES,Federal Contract Tower,0,23,50,2,75,0,42,137,8,187,0,65,187,10,262,290,0,290,552
06/19/2020,MQY,TN,ASO,ES,Federal Contract Tower,0,15,54,0,69,0,42,124,2,168,0,57,178,2,237,192,0,192,429
06/20/2020,MQY,TN,ASO,ES,Federal Contract Tower,0,22,44,0,66,0,63,113,0,176,0,85,157,0,242,162,0,162,404
06/21/2020,MQY,TN,ASO,ES,Federal Contract Tower,1,5,21,0,27,0,21,0,0,21,1,26,21,0,48,56,0,56,104
06/22/2020,MQY,TN,ASO,ES,Federal Contract Tower,0,1,40,0,41,0,16,73,0,89,0,17,113,0,130,134,0,134,264
06/23/2020,MQY,TN,ASO,ES,Federal Contract Tower,0,25,83,0,108,0,21,86,13,120,0,46,169,13,228,166,16,182,410
06/24/2020,MQY,TN,ASO,ES,Federal Contract Tower,2,34,53,2,91,0,75,161,1,237,2,109,214,3,328,250,0,250,578
06/25/2020,MQY,TN,ASO,ES,Federal Contract Tower,0,31,62,2,95,0,83,162,19,264,0,114,224,21,359,406,34,440,799
06/26/2020,MQY,TN,ASO,ES,Federal Contract Tower,0,17,67,0,84,0,8,94,8,110,0,25,161,8,194,176,0,176,370
06/27/2020,MQY,TN,ASO,ES,Federal Contract Tower,0,11,33,0,44,0,1,32,0,33,0,12,65,0,77,24,0,24,101
06/28/2020,MQY,TN,ASO,ES,Federal Contract Tower,0,9,33,0,42,0,0,26,0,26,0,9,59,0,68,10,0,10,78
06/29/2020,MQY,TN,ASO,ES,Federal Contract Tower,0,6,24,1,31,0,34,66,12,112,0,40,90,13,143,140,10,150,293
06/30/2020,MQY,TN,ASO,ES,Federal Contract Tower,0,2,27,0,29,0,3,22,0,25,0,5,49,0,54,54,0,54,108
07/01/2020,MQY,TN,ASO,ES,Federal Contract Tower,0,12,57,0,69,0,10,24,14,48,0,22,81,14,117,30,6,36,153
07/02/2020,MQY,TN,ASO,ES,Federal Contract Tower,0,30,68,1,99,0,38,146,4,188,0,68,214,5,287,272,4,276,563
07/03/2020,MQY,TN,ASO,ES,Federal Contract Tower,0,20,42,0,62,0,56,150,7,213,0,76,192,7,275,178,0,178,453
07/04/2020,MQY,TN,ASO,ES,Federal Contract Tower,0,4,21,0,25,0,7,67,8,82,0,11,88,8,107,24,0,24,131
07/05/2020,MQY,TN,ASO,ES,Federal Contract Tower,0,6,31,2,39,0,31,32,0,63,0,37,63,2,102,32,0,32,134
07/06/2020,MQY,TN,ASO,ES,Federal Contract Tower,0,27,51,0,78,0,40,108,0,148,0,67,159,0,226,198,0,198,424
07/07/2020,MQY,TN,ASO,ES,Federal Contract Tower,0,20,35,0,55,0,16,102,6,124,0,36,137,6,179,186,4,190,369
07/08/2020,MQY,TN,ASO,ES,Federal Contract Tower,0,12,41,8,61,0,37,115,26,178,0,49,156,34,239,248,58,306,545
07/09/2020,MQY,TN,ASO,ES,Federal Contract Tower,2,13,43,0,58,0,80,159,9,248,2,93,202,9,306,270,4,274,580
07/10/2020,MQY,TN,ASO,ES,Federal Contract Tower,1,12,52,7,72,0,35,125,0,160,1,47,177,7,232,182,0,182,414
07/11/2020,MQY,TN,ASO,ES,Federal Contract Tower,0,10,32,1,43,0,23,125,7,155,0,33,157,8,198,108,2,110,308
07/12/2020,MQY,TN,ASO,ES,Federal Contract Tower,0,4,14,0,18,0,1,24,0,25,0,5,38,0,43,16,0,16,59
07/13/2020,MQY,TN,ASO,ES,Federal Contract Tower,0,16,53,5,74,0,55,132,8,195,0,71,185,13,269,210,2,212,481
07/14/2020,MQY,TN,ASO,ES,Federal Contract Tower,0,13,65,1,79,0,11,138,8,157,0,24,203,9,236,180,0,180,416
07/15/2020,MQY,TN,ASO,ES,Federal Contract Tower,0,14,86,1,101,0,9,194,6,209,0,23,280,7,310,382,0,382,692
07/16/2020,MQY,TN,ASO,ES,Federal Contract Tower,0,6,48,3,57,0,4,166,7,177,0,10,214,10,234,256,24,280,514
07/17/2020,MQY,TN,ASO,ES,Federal Contract Tower,0,5,45,0,50,0,10,140,3,153,0,15,185,3,203,180,0,180,383
07/18/2020,MQY,TN,ASO,ES,Federal Contract Tower,0,4,26,0,30,0,4,95,2,101,0,8,121,2,131,170,0,170,301
07/19/2020,MQY,TN,ASO,ES,Federal Contract Tower,0,6,33,0,39,0,3,55,0,58,0,9,88,0,97,68,0,68,165
07/20/2020,MQY,TN,ASO,ES,Federal Contract Tower,0,6,48,1,55,0,2,114,34,150,0,8,162,35,205,194,22,216,421
07/21/2020,MQY,TN,ASO,ES,Federal Contract Tower,0,13,46,0,59,0,16,96,0,112,0,29,142,0,171,156,0,156,327
07/22/2020,MQY,TN,ASO,ES,Federal Contract Tower,1,8,39,0,48,0,4,83,1,88,1,12,122,1,136,154,0,154,290
07/23/2020,MQY,TN,ASO,ES,Federal Contract Tower,0,12,38,0,50,0,12,99,10,121,0,24,137,10,171,282,44,326,497
07/24/2020,MQY,TN,ASO,ES,Federal Contract Tower,0,14,40,0,54,0,44,119,0,163,0,58,159,0,217,160,0,160,377
07/25/2020,MQY,TN,ASO,ES,Federal Contract Tower,0,22,33,1,56,0,24,105,0,129,0,46,138,1,185,176,0,176,361
07/26/2020,MQY,TN,ASO,ES,Federal Contract Tower,0,11,41,0,52,0,23,83,1,107,0,34,124,1,159,144,0,144,303
07/27/2020,MQY,TN,ASO,ES,Federal Contract Tower,0,25,49,0,74,0,13,96,0,109,0,38,145,0,183,162,0,162,345
07/28/2020,MQY,TN,ASO,ES,Federal Contract Tower,0,24,39,0,63,0,3,72,0,75,0,27,111,0,138,168,0,168,306
07/29/2020,MQY,TN,ASO,ES,Federal Contract Tower,0,19,61,3,83,0,4,102,2,108,0,23,163,5,191,324,4,328,519
07/30/2020,MQY,TN,ASO,ES,Federal Contract Tower,2,9,34,1,46,8,78,6,0,92,10,87,40,1,138,182,20,202,340
07/31/2020,MQY,TN,ASO,ES,Federal Contract Tower,0,16,36,1,53,0,1,57,3,61,0,17,93,4,114,166,0,166,280
08/01/2020,MQY,TN,ASO,ES,Federal Contract Tower,0,5,21,0,26,0,4,27,0,31,0,9,48,0,57,48,0,48,105
08/02/2020,MQY,TN,ASO,ES,Federal Contract Tower,0,9,30,0,39,0,18,100,0,118,0,27,130,0,157,268,0,268,425
08/03/2020,MQY,TN,ASO,ES,Federal Contract Tower,0,20,42,0,62,0,5,133,0,138,0,25,175,0,200,206,0,206,406
08/04/2020,MQY,TN,ASO,ES,Federal Contract Tower,0,14,80,0,94,0,5,94,3,102,0,19,174,3,196,130,0,130,326
08/05/2020,MQY,TN,ASO,ES,Federal Contract Tower,0,20,80,1,101,0,14,172,4,190,0,34,252,5,291,292,0,292,583
08/06/2020,MQY,TN,ASO,ES,Federal Contract Tower,0,12,55,12,79,0,21,167,14,202,0,33,222,26,281,378,34,412,693
08/07/2020,MQY,TN,ASO,ES,Federal Contract Tower,0,14,49,6,69,0,24,176,11,211,0,38,225,17,280,322,26,348,628
08/08/2020,MQY,TN,ASO,ES,Federal Contract Tower,1,12,24,0,37,0,27,96,2,125,1,39,120,2,162,200,0,200,362
08/09/2020,MQY,TN,ASO,ES,Federal Contract Tower,0,4,19,0,23,0,4,45,4,53,0,8,64,4,76,116,0,116,192
08/10/2020,MQY,TN,ASO,ES,Federal Contract Tower,0,20,43,0,63,0,3,71,2,76,0,23,114,2,139,172,0,172,311
08/11/2020,MQY,TN,ASO,ES,Federal Contract Tower,0,10,53,2,65,0,12,135,10,157,0,22,188,12,222,172,12,184,406
08/12/2020,MQY,TN,ASO,ES,Federal Contract Tower,0,10,34,1,45,0,3,82,0,85,0,13,116,1,130,150,2,152,282
08/13/2020,MQY,TN,ASO,ES,Federal Contract Tower,0,27,52,0,79,0,8,97,8,113,0,35,149,8,192,166,8,174,366
08/14/2020,MQY,TN,ASO,ES,Federal Contract Tower,0,11,50,0,61,0,5,18,0,23,0,16,68,0,84,36,0,36,120
08/15/2020,MQY,TN,ASO,ES,Federal Contract Tower,0,4,38,0,42,0,2,27,3,32,0,6,65,3,74,40,0,40,114
08/16/2020,MQY,TN,ASO,ES,Federal Contract Tower,0,1,37,1,39,0,0,45,4,49,0,1,82,5,88,120,0,120,208
08/17/2020,MQY,TN,ASO,ES,Federal Contract Tower,0,10,47,0,57,0,17,131,0,148,0,27,178,0,205,202,0,202,407
08/18/2020,MQY,TN,ASO,ES,Federal Contract Tower,0,4,40,0,44,0,0,115,2,117,0,4,155,2,161,214,8,222,383
08/19/2020,MQY,TN,ASO,ES,Federal Contract Tower,2,5,60,1,68,0,9,77,1,87,2,14,137,2,155,202,0,202,357
08/20/2020,MQY,TN,ASO,ES,Federal Contract Tower,0,5,60,5,70,0,7,137,22,166,0,12,197,27,236,202,36,238,474
08/21/2020,MQY,TN,ASO,ES,Federal Contract Tower,0,5,40,0,45,0,1,87,0,88,0,6,127,0,133,244,0,244,377
08/22/2020,MQY,TN,ASO,ES,Federal Contract Tower,0,1,29,2,32,0,3,42,9,54,0,4,71,11,86,76,40,116,202
08/23/2020,MQY,TN,ASO,ES,Federal Contract Tower,1,62,0,0,63,0,1,101,4,106,1,63,101,4,169,116,16,132,301
08/24/2020,MQY,TN,ASO,ES,Federal Contract Tower,2,13,61,6,82,0,2,155,2,159,2,15,216,8,241,248,6,254,495
08/25/2020,MQY,TN,ASO,ES,Federal Contract Tower,0,11,51,4,66,0,2,120,23,145,0,13,171,27,211,200,38,238,449
08/26/2020,MQY,TN,ASO,ES,Federal Contract Tower,1,13,55,0,69,0,15,168,13,196,1,28,223,13,265,292,26,318,583
08/27/2020,MQY,TN,ASO,ES,Federal Contract Tower,0,18,63,6,87,0,19,126,0,145,0,37,189,6,232,214,0,214,446
08/28/2020,MQY,TN,ASO,ES,Federal Contract Tower,0,0,11,0,11,0,0,14,2,16,0,0,25,2,27,36,0,36,63
08/29/2020,MQY,TN,ASO,ES,Federal Contract Tower,0,8,40,6,54,0,3,61,2,66,0,11,101,8,120,172,0,172,292
08/30/2020,MQY,TN,ASO,ES,Federal Contract Tower,0,4,41,0,45,0,1,17,0,18,0,5,58,0,63,26,0,26,89
08/31/2020,MQY,TN,ASO,ES,Federal Contract Tower,0,18,33,0,51,0,16,49,1,66,0,34,82,1,117,190,0,190,307
09/01/2020,MQY,TN,ASO,ES,Federal Contract Tower,0,10,40,0,50,0,2,37,10,49,0,12,77,10,99,152,32,184,283
09/02/2020,MQY,TN,ASO,ES,Federal Contract Tower,0,23,73,0,96,0,11,106,0,117,0,34,179,0,213,294,0,294,507
09/03/2020,MQY,TN,ASO,ES,Federal Contract Tower,0,8,59,2,69,0,10,115,19,144,0,18,174,21,213,342,42,384,597
09/04/2020,MQY,TN,ASO,ES,Federal Contract Tower,2,12,57,1,72,0,7,122,6,135,2,19,179,7,207,326,0,326,533
09/05/2020,MQY,TN,ASO,ES,Federal Contract Tower,0,4,18,1,23,0,22,142,0,164,0,26,160,1,187,184,0,184,371
09/06/2020,MQY,TN,ASO,ES,Federal Contract Tower,0,6,26,0,32,0,5,98,0,103,0,11,124,0,135,186,0,186,321
09/07/2020,MQY,TN,ASO,ES,Federal Contract Tower,0,12,46,0,58,0,5,158,6,169,0,17,204,6,227,242,2,244,471
09/08/2020,MQY,TN,ASO,ES,Federal Contract Tower,0,11,52,4,67,0,19,146,7,172,0,30,198,11,239,248,20,268,507
09/09/2020,MQY,TN,ASO,ES,Federal Contract Tower,0,11,58,0,69,0,30,133,4,167,0,41,191,4,236,288,0,288,524
09/10/2020,MQY,TN,ASO,ES,Federal Contract Tower,0,17,75,10,102,0,8,187,23,218,0,25,262,33,320,292,62,354,674
09/11/2020,MQY,TN,ASO,ES,Federal Contract Tower,0,16,52,7,75,0,17,108,3,128,0,33,160,10,203,158,2,160,363
09/12/2020,MQY,TN,ASO,ES,Federal Contract Tower,0,3,27,0,30,0,2,57,0,59,0,5,84,0,89,108,0,108,197
09/13/2020,MQY,TN,ASO,ES,Federal Contract Tower,2,4,21,0,27,0,1,0,0,1,2,5,21,0,28,0,0,0,28
09/14/2020,MQY,TN,ASO,ES,Federal Contract Tower,0,11,63,4,78,0,8,54,1,63,0,19,117,5,141,148,0,148,289
09/15/2020,MQY,TN,ASO,ES,Federal Contract Tower,0,15,52,15,82,0,36,118,2,156,0,51,170,17,238,310,0,310,548
09/16/2020,MQY,TN,ASO,ES,Federal Contract Tower,0,11,55,12,78,0,58,138,0,196,0,69,193,12,274,274,0,274,548
09/17/2020,MQY,TN,ASO,ES,Federal Contract Tower,0,21,40,5,66,0,57,109,0,166,0,78,149,5,232,218,0,218,450
09/18/2020,MQY,TN,ASO,ES,Federal Contract Tower,0,12,77,4,93,0,28,84,0,112,0,40,161,4,205,136,0,136,341
09/19/2020,MQY,TN,ASO,ES,Federal Contract Tower,2,9,33,0,44,8,51,80,0,139,10,60,113,0,183,166,0,166,349
09/20/2020,MQY,TN,ASO,ES,Federal Contract Tower,0,8,45,0,53,0,53,105,3,161,0,61,150,3,214,256,0,256,470
09/21/2020,MQY,TN,ASO,ES,Federal Contract Tower,1,10,39,6,56,0,63,139,0,202,1,73,178,6,258,290,0,290,548
09/22/2020,MQY,TN,ASO,ES,Federal Contract Tower,0,22,68,1,91,0,30,146,4,180,0,52,214,5,271,275,0,275,546
09/23/2020,MQY,TN,ASO,ES,Federal Contract Tower,0,11,51,1,63,0,36,122,16,174,0,47,173,17,237,366,20,386,623
09/24/2020,MQY,TN,ASO,ES,Federal Contract Tower,2,10,32,0,44,0,0,0,0,0,2,10,32,0,44,0,0,0,44
09/25/2020,MQY,TN,ASO,ES,Federal Contract Tower,0,10,67,4,81,0,12,40,1,53,0,22,107,5,134,202,0,202,336
09/26/2020,MQY,TN,ASO,ES,Federal Contract Tower,0,5,42,0,47,0,25,92,0,117,0,30,134,0,164,174,0,174,338
09/27/2020,MQY,TN,ASO,ES,Federal Contract Tower,0,8,40,1,49,0,34,115,1,150,0,42,155,2,199,248,0,248,447
09/28/2020,MQY,TN,ASO,ES,Federal Contract Tower,0,9,32,0,41,0,1,10,0,11,0,10,42,0,52,10,0,10,62
09/29/2020,MQY,TN,ASO,ES,Federal Contract Tower,0,23,55,3,81,0,21,150,0,171,0,44,205,3,252,298,0,298,550
09/30/2020,MQY,TN,ASO,ES,Federal Contract Tower,0,34,56,1,91,0,53,178,0,231,0,87,234,1,322,232,0,232,554
10/01/2020,MQY,TN,ASO,ES,Federal Contract Tower,1,34,48,1,84,0,35,174,0,209,1,69,222,1,293,336,0,336,629
10/02/2020,MQY,TN,ASO,ES,Federal Contract Tower,2,24,61,3,90,0,45,169,1,215,2,69,230,4,305,200,0,200,505
10/03/2020,MQY,TN,ASO,ES,Federal Contract Tower,0,10,33,0,43,0,70,137,4,211,0,80,170,4,254,248,0,248,502
10/04/2020,MQY,TN,ASO,ES,Federal Contract Tower,0,22,40,3,65,0,39,102,3,144,0,61,142,6,209,132,0,132,341
10/05/2020,MQY,TN,ASO,ES,Federal Contract Tower,0,30,57,3,90,0,38,88,4,130,0,68,145,7,220,296,0,296,516
10/06/2020,MQY,TN,ASO,ES,Federal Contract Tower,0,42,48,1,91,0,90,163,7,260,0,132,211,8,351,410,0,410,761
10/07/2020,MQY,TN,ASO,ES,Federal Contract Tower,0,30,57,1,88,0,24,174,6,204,0,54,231,7,292,426,0,426,718
10/08/2020,MQY,TN,ASO,ES,Federal Contract Tower,0,29,63,3,95,0,44,149,1,194,0,73,212,4,289,350,0,350,639
10/09/2020,MQY,TN,ASO,ES,Federal Contract Tower,2,36,55,0,93,0,24,111,0,135,2,60,166,0,228,286,0,286,514
10/10/2020,MQY,TN,ASO,ES,Federal Contract Tower,1,0,12,0,13,0,30,6,0,36,1,30,18,0,49,4,0,4,53
10/11/2020,MQY,TN,ASO,ES,Federal Contract Tower,2,8,44,0,54,0,2,0,0,2,2,10,44,0,56,0,0,0,56
10/12/2020,MQY,TN,ASO,ES,Federal Contract Tower,0,15,58,0,73,0,25,82,0,107,0,40,140,0,180,308,0,308,488
10/13/2020,MQY,TN,ASO,ES,Federal Contract Tower,0,25,72,0,97,0,87,156,0,243,0,112,228,0,340,276,0,276,616
10/14/2020,MQY,TN,ASO,ES,Federal Contract Tower,0,39,65,0,104,0,34,126,0,160,0,73,191,0,264,207,0,207,471
10/15/2020,MQY,TN,ASO,ES,Federal Contract Tower,3,53,55,0,111,0,36,124,1,161,3,89,179,1,272,264,0,264,536
10/16/2020,MQY,TN,ASO,ES,Federal Contract Tower,2,28,66,4,100,0,62,139,2,203,2,90,205,6,303,294,0,294,597
10/17/2020,MQY,TN,ASO,ES,Federal Contract Tower,0,26,41,0,67,0,64,140,8,212,0,90,181,8,279,216,12,228,507
10/18/2020,MQY,TN,ASO,ES,Federal Contract Tower,0,22,37,6,65,0,29,89,5,123,0,51,126,11,188,170,18,188,376
10/19/2020,MQY,TN,ASO,ES,Federal Contract Tower,2,26,45,4,77,0,47,102,0,149,2,73,147,4,226,260,0,260,486
10/20/2020,MQY,TN,ASO,ES,Federal Contract Tower,2,48,60,5,115,0,75,158,19,252,2,123,218,24,367,372,26,398,765
10/21/2020,MQY,TN,ASO,ES,Federal Contract Tower,1,46,71,0,118,0,102,181,0,283,1,148,252,0,401,464,0,464,865
10/22/2020,MQY,TN,ASO,ES,Federal Contract Tower,0,36,88,0,124,0,18,92,1,111,0,54,180,1,235,110,0,110,345
10/23/2020,MQY,TN,ASO,ES,Federal Contract Tower,3,25,56,4,88,0,43,107,2,152,3,68,163,6,240,200,0,200,440
10/24/2020,MQY,TN,ASO,ES,Federal Contract Tower,0,6,29,0,35,0,0,0,0,0,0,6,29,0,35,0,0,0,35
10/25/2020,MQY,TN,ASO,ES,Federal Contract Tower,3,14,29,0,46,0,2,0,0,2,3,16,29,0,48,2,0,2,50
10/26/2020,MQY,TN,ASO,ES,Federal Contract Tower,0,28,75,0,103,0,2,19,0,21,0,30,94,0,124,94,0,94,218
10/27/2020,MQY,TN,ASO,ES,Federal Contract Tower,0,31,66,0,97,0,7,12,0,19,0,38,78,0,116,48,0,48,164
10/28/2020,MQY,TN,ASO,ES,Federal Contract Tower,0,6,24,0,30,0,0,0,0,0,0,6,24,0,30,0,0,0,30
10/29/2020,MQY,TN,ASO,ES,Federal Contract Tower,0,17,52,0,69,0,2,35,0,37,0,19,87,0,106,54,46,100,206
10/30/2020,MQY,TN,ASO,ES,Federal Contract Tower,1,31,70,19,121,0,64,166,18,248,1,95,236,37,369,424,22,446,815
10/31/2020,MQY,TN,ASO,ES,Federal Contract Tower,0,10,31,1,42,0,111,156,4,271,0,121,187,5,313,226,0,226,539
11/01/2020,MQY,TN,ASO,ES,Federal Contract Tower,0,8,17,14,39,0,9,72,2,83,0,17,89,16,122,84,0,84,206
11/02/2020,MQY,TN,ASO,ES,Federal Contract Tower,0,27,39,0,66,0,68,142,0,210,0,95,181,0,276,200,0,200,476
11/03/2020,MQY,TN,ASO,ES,Federal Contract Tower,1,39,46,0,86,0,66,140,1,207,1,105,186,1,293,318,0,318,611
11/04/2020,MQY,TN,ASO,ES,Federal Contract Tower,1,46,67,1,115,0,29,145,5,179,1,75,212,6,294,256,14,270,564
11/05/2020,MQY,TN,ASO,ES,Federal Contract Tower,3,44,74,0,121,0,84,153,7,244,3,128,227,7,365,238,10,248,613
11/06/2020,MQY,TN,ASO,ES,Federal Contract Tower,1,47,62,0,110,0,88,183,15,286,1,135,245,15,396,216,40,256,652
11/07/2020,MQY,TN,ASO,ES,Federal Contract Tower,1,19,39,5,64,0,24,71,11,106,1,43,110,16,170,72,14,86,256
11/08/2020,MQY,TN,ASO,ES,Federal Contract Tower,1,16,35,2,54,0,25,72,5,102,1,41,107,7,156,100,0,100,256
11/09/2020,MQY,TN,ASO,ES,Federal Contract Tower,1,44,54,0,99,0,30,121,0,151,1,74,175,0,250,220,0,220,470
11/10/2020,MQY,TN,ASO,ES,Federal Contract Tower,0,12,48,0,60,0,25,61,0,86,0,37,109,0,146,180,0,180,326
11/11/2020,MQY,TN,ASO,ES,Federal Contract Tower,0,10,47,1,58,0,2,28,0,30,0,12,75,1,88,160,0,160,248
11/12/2020,MQY,TN,ASO,ES,Federal Contract Tower,0,24,55,4,83,0,46,185,14,245,0,70,240,18,328,370,10,380,708
11/13/2020,MQY,TN,ASO,ES,Federal Contract Tower,0,44,93,2,139,0,58,161,2,221,0,102,254,4,360,260,2,262,622
11/14/2020,MQY,TN,ASO,ES,Federal Contract Tower,0,15,47,3,65,0,52,152,0,204,0,67,199,3,269,204,0,204,473
11/15/2020,MQY,TN,ASO,ES,Federal Contract Tower,1,8,19,0,28,0,5,25,0,30,1,13,44,0,58,42,0,42,100
11/16/2020,MQY,TN,ASO,ES,Federal Contract Tower,0,31,62,0,93,0,30,181,0,211,0,61,243,0,304,320,0,320,624
11/17/2020,MQY,TN,ASO,ES,Federal Contract Tower,1,24,58,3,86,0,12,124,3,139,1,36,182,6,225,184,14,198,423
11/18/2020,MQY,TN,ASO,ES,Federal Contract Tower,0,30,46,0,76,0,31,165,0,196,0,61,211,0,272,254,0,254,526
11/19/2020,MQY,TN,ASO,ES,Federal Contract Tower,0,20,51,1,72,0,16,111,4,131,0,36,162,5,203,104,0,104,307
11/20/2020,MQY,TN,ASO,ES,Federal Contract Tower,0,18,69,1,88,0,23,189,6,218,0,41,258,7,306,302,0,302,608
11/21/2020,MQY,TN,ASO,ES,Federal Contract Tower,0,11,49,2,62,0,12,145,19,176,0,23,194,21,238,170,78,248,486
11/22/2020,MQY,TN,ASO,ES,Federal Contract Tower,1,7,35,5,48,0,21,31,3,55,1,28,66,8,103,46,0,46,149
11/23/2020,MQY,TN,ASO,ES,Federal Contract Tower,0,21,53,0,74,0,78,133,3,214,0,99,186,3,288,260,0,260,548
11/24/2020,MQY,TN,ASO,ES,Federal Contract Tower,3,21,63,0,87,0,26,135,2,163,3,47,198,2,250,202,0,202,452
11/25/2020,MQY,TN,ASO,ES,Federal Contract Tower,0,1,12,0,13,0,2,1,0,3,0,3,13,0,16,0,0,0,16
11/26/2020,MQY,TN,ASO,ES,Federal Contract Tower,0,2,7,0,9,0,5,32,0,37,0,7,39,0,46,2,0,2,48
11/27/2020,MQY,TN,ASO,ES,Federal Contract Tower,0,7,37,0,44,0,46,87,2,135,0,53,124,2,179,102,0,102,281
11/28/2020,MQY,TN,ASO,ES,Federal Contract Tower,0,12,28,0,40,0,31,95,0,126,0,43,123,0,166,126,0,126,292
11/29/2020,MQY,TN,ASO,ES,Federal Contract Tower,0,15,35,0,50,0,21,48,6,75,0,36,83,6,125,144,0,144,269
11/30/2020,MQY,TN,ASO,ES,Federal Contract Tower,0,4,8,0,12,0,0,0,0,0,0,4,8,0,12,0,0,0,12
12/01/2020,MQY,TN,ASO,ES,Federal Contract Tower,0,5,42,2,49,0,25,127,0,152,0,30,169,2,201,300,0,300,501
12/02/2020,MQY,TN,ASO,ES,Federal Contract Tower,0,16,62,2,80,0,50,145,0,195,0,66,207,2,275,150,0,150,425
12/03/2020,MQY,TN,ASO,ES,Federal Contract Tower,0,16,77,2,95,0,12,116,24,152,0,28,193,26,247,228,32,260,507
12/04/2020,MQY,TN,ASO,ES,Federal Contract Tower,0,11,32,0,43,0,1,5,0,6,0,12,37,0,49,30,0,30,79
12/05/2020,MQY,TN,ASO,ES,Federal Contract Tower,0,3,41,0,44,0,45,129,0,174,0,48,170,0,218,200,0,200,418
12/06/2020,MQY,TN,ASO,ES,Federal Contract Tower,2,12,38,1,53,0,26,86,0,112,2,38,124,1,165,170,0,170,335
12/07/2020,MQY,TN,ASO,ES,Federal Contract Tower,1,10,38,0,49,0,18,66,0,84,1,28,104,0,133,168,0,168,301
12/08/2020,MQY,TN,ASO,ES,Federal Contract Tower,0,15,48,0,63,0,40,94,9,143,0,55,142,9,206,236,20,256,462
12/09/2020,MQY,TN,ASO,ES,Federal Contract Tower,0,18,62,0,80,0,29,154,0,183,0,47,216,0,263,200,0,200,463
12/10/2020,MQY,TN,ASO,ES,Federal Contract Tower,0,6,60,9,75,0,33,161,14,208,0,39,221,23,283,234,14,248,531
12/11/2020,MQY,TN,ASO,ES,Federal Contract Tower,0,15,59,2,76,0,20,153,5,178,0,35,212,7,254,220,0,220,474
12/12/2020,MQY,TN,ASO,ES,Federal Contract Tower,0,5,27,3,35,0,1,14,1,16,0,6,41,4,51,26,0,26,77
12/13/2020,MQY,TN,ASO,ES,Federal Contract Tower,2,9,35,0,46,0,2,55,0,57,2,11,90,0,103,46,0,46,149
12/14/2020,MQY,TN,ASO,ES,Federal Contract Tower,0,17,29,2,48,0,4,4,0,8,0,21,33,2,56,26,0,26,82
12/15/2020,MQY,TN,ASO,ES,Federal Contract Tower,1,18,78,0,97,0,39,126,19,184,1,57,204,19,281,230,16,246,527
12/16/2020,MQY,TN,ASO,ES,Federal Contract Tower,2,4,30,0,36,0,0,0,0,0,2,4,30,0,36,0,0,0,36
12/17/2020,MQY,TN,ASO,ES,Federal Contract Tower,0,13,52,2,67,0,25,130,14,169,0,38,182,16,236,184,16,200,436
12/18/2020,MQY,TN,ASO,ES,Federal Contract Tower,4,8,57,0,69,0,0,111,0,111,4,8,168,0,180,198,0,198,378
12/19/2020,MQY,TN,ASO,ES,Federal Contract Tower,0,4,50,0,54,0,0,84,0,84,0,4,134,0,138,52,0,52,190
12/20/2020,MQY,TN,ASO,ES,Federal Contract Tower,2,5,27,0,34,0,0,4,0,4,2,5,31,0,38,12,0,12,50
12/21/2020,MQY,TN,ASO,ES,Federal Contract Tower,3,13,42,0,58,0,7,47,0,54,3,20,89,0,112,72,0,72,184
12/22/2020,MQY,TN,ASO,ES,Federal Contract Tower,0,10,68,0,78,0,2,181,0,183,0,12,249,0,261,206,0,206,467
12/23/2020,MQY,TN,ASO,ES,Federal Contract Tower,0,2,36,0,38,0,1,29,0,30,0,3,65,0,68,44,0,44,112
12/24/2020,MQY,TN,ASO,ES,Federal Contract Tower,0,1,6,0,7,0,0,12,0,12,0,1,18,0,19,44,0,44,63
12/25/2020,MQY,TN,ASO,ES,Federal Contract Tower,0,1,2,0,3,0,9,3,0,12,0,10,5,0,15,0,0,0,15
12/26/2020,MQY,TN,ASO,ES,Federal Contract Tower,0,4,15,0,19,0,7,63,2,72,0,11,78,2,91,42,0,42,133
12/27/2020,MQY,TN,ASO,ES,Federal Contract Tower,0,2,25,0,27,0,1,59,1,61,0,3,84,1,88,78,0,78,166
12/28/2020,MQY,TN,ASO,ES,Federal Contract Tower,0,5,33,0,38,0,3,65,0,68,0,8,98,0,106,118,0,118,224
12/29/2020,MQY,TN,ASO,ES,Federal Contract Tower,0,9,45,1,55,0,0,0,0,0,0,9,45,1,55,140,0,140,195
12/30/2020,MQY,TN,ASO,ES,Federal Contract Tower,0,12,19,0,31,0,0,26,3,29,0,12,45,3,60,22,0,22,82
12/31/2020,MQY,TN,ASO,ES,Federal Contract Tower,4,4,15,0,23,0,0,0,0,0,4,4,15,0,23,0,0,0,23
01/01/2021,MQY,TN,ASO,ES,Federal Contract Tower,0,6,19,0,25,0,2,1,0,3,0,8,20,0,28,12,0,12,40
01/02/2021,MQY,TN,ASO,ES,Federal Contract Tower,2,4,36,0,42,0,4,5,37,46,2,8,41,37,88,148,0,148,236
01/03/2021,MQY,TN,ASO,ES,Federal Contract Tower,0,4,27,0,31,0,1,56,0,57,0,5,83,0,88,62,0,62,150
01/04/2021,MQY,TN,ASO,ES,Federal Contract Tower,0,14,43,0,57,0,2,116,2,120,0,16,159,2,177,182,0,182,359
01/05/2021,MQY,TN,ASO,ES,Federal Contract Tower,0,16,53,0,69,0,0,83,0,83,0,16,136,0,152,180,0,180,332
01/06/2021,MQY,TN,ASO,ES,Federal Contract Tower,1,13,51,0,65,0,0,142,12,154,1,13,193,12,219,188,6,194,413
01/07/2021,MQY,TN,ASO,ES,Federal Contract Tower,0,11,27,3,41,0,5,78,11,94,0,16,105,14,135,168,40,208,343
01/08/2021,MQY,TN,ASO,ES,Federal Contract Tower,0,3,20,0,23,0,1,27,0,28,0,4,47,0,51,64,0,64,115
01/09/2021,MQY,TN,ASO,ES,Federal Contract Tower,1,2,13,0,16,0,7,61,1,69,1,9,74,1,85,200,0,200,285
01/10/2021,MQY,TN,ASO,ES,Federal Contract Tower,0,12,24,2,38,0,2,104,2,108,0,14,128,4,146,212,4,216,362
01/11/2021,MQY,TN,ASO,ES,Federal Contract Tower,0,3,25,0,28,0,0,0,0,0,0,3,25,0,28,0,0,0,28
01/12/2021,MQY,TN,ASO,ES,Federal Contract Tower,0,7,29,5,41,0,3,116,8,127,0,10,145,13,168,120,0,120,288
01/13/2021,MQY,TN,ASO,ES,Federal Contract Tower,0,9,61,1,71,0,28,155,7,190,0,37,216,8,261,242,0,242,503
01/14/2021,MQY,TN,ASO,ES,Federal Contract Tower,2,10,52,7,71,0,6,126,8,140,2,16,178,15,211,184,24,208,419
01/15/2021,MQY,TN,ASO,ES,Federal Contract Tower,0,5,39,2,46,0,15,83,2,100,0,20,122,4,146,100,0,100,246
01/16/2021,MQY,TN,ASO,ES,Federal Contract Tower,2,2,22,2,28,0,1,54,0,55,2,3,76,2,83,94,0,94,177
01/17/2021,MQY,TN,ASO,ES,Federal Contract Tower,0,7,29,3,39,0,6,43,2,51,0,13,72,5,90,50,0,50,140
01/18/2021,MQY,TN,ASO,ES,Federal Contract Tower,0,8,65,4,77,0,3,125,0,128,0,11,190,4,205,0,0,0,205
01/19/2021,MQY,TN,ASO,ES,Federal Contract Tower,0,9,59,3,71,0,3,120,2,125,0,12,179,5,196,176,0,176,372
01/20/2021,MQY,TN,ASO,ES,Federal Contract Tower,1,12,56,3,72,0,24,162,4,190,1,36,218,7,262,174,16,190,452
01/21/2021,MQY,TN,ASO,ES,Federal Contract Tower,1,3,36,1,41,0,4,8,3,15,1,7,44,4,56,22,10,32,88
01/22/2021,MQY,TN,ASO,ES,Federal Contract Tower,0,5,54,19,78,0,2,110,7,119,0,7,164,26,197,156,10,166,363
01/23/2021,MQY,TN,ASO,ES,Federal Contract Tower,0,5,39,5,49,0,10,168,4,182,0,15,207,9,231,230,0,230,461
01/24/2021,MQY,TN,ASO,ES,Federal Contract Tower,0,2,28,5,35,0,14,26,3,43,0,16,54,8,78,26,2,28,106
01/25/2021,MQY,TN,ASO,ES,Federal Contract Tower,0,8,20,9,37,0,0,0,0,0,0,8,20,9,37,0,0,0,37
01/26/2021,MQY,TN,ASO,ES,Federal Contract Tower,0,4,56,5,65,0,7,127,6,140,0,11,183,11,205,110,8,118,323
01/27/2021,MQY,TN,ASO,ES,Federal Contract Tower,0,5,38,1,44,0,1,45,0,46,0,6,83,1,90,58,0,58,148
01/28/2021,MQY,TN,ASO,ES,Federal Contract Tower,0,9,68,4,81,0,9,123,1,133,0,18,191,5,214,188,0,188,402
01/29/2021,MQY,TN,ASO,ES,Federal Contract Tower,0,7,67,8,82,0,6,171,2,179,0,13,238,10,261,174,0,174,435
01/30/2021,MQY,TN,ASO,ES,Federal Contract Tower,0,2,19,0,21,0,35,84,0,119,0,37,103,0,140,128,0,128,268
01/31/2021,MQY,TN,ASO,ES,Federal Contract Tower,0,0,25,6,31,0,1,10,0,11,0,1,35,6,42,28,0,28,70
02/01/2021,MQY,TN,ASO,ES,Federal Contract Tower,0,2,19,2,23,0,0,6,0,6,0,2,25,2,29,10,0,10,39
02/02/2021,MQY,TN,ASO,ES,Federal Contract Tower,0,10,65,4,79,0,5,100,3,108,0,15,165,7,187,206,10,216,403
02/03/2021,MQY,TN,ASO,ES,Federal Contract Tower,1,7,49,4,61,0,12,171,2,185,1,19,220,6,246,208,16,224,470
02/04/2021,MQY,TN,ASO,ES,Federal Contract Tower,0,9,42,0,51,0,11,48,2,61,0,20,90,2,112,52,0,52,164
02/05/2021,MQY,TN,ASO,ES,Federal Contract Tower,0,17,57,2,76,1,10,150,7,168,1,27,207,9,244,204,20,224,468
02/06/2021,MQY,TN,ASO,ES,Federal Contract Tower,0,1,45,1,47,0,2,157,1,160,0,3,202,2,207,270,0,270,477
02/07/2021,MQY,TN,ASO,ES,Federal Contract Tower,0,2,28,0,30,0,0,33,0,33,0,2,61,0,63,90,0,90,153
02/08/2021,MQY,TN,ASO,ES,Federal Contract Tower,0,11,56,0,67,0,6,82,0,88,0,17,138,0,155,76,0,76,231
02/09/2021,MQY,TN,ASO,ES,Federal Contract Tower,0,11,62,1,74,0,44,115,1,160,0,55,177,2,234,164,0,164,398
02/10/2021,MQY,TN,ASO,ES,Federal Contract Tower,1,12,50,0,63,0,9,99,0,108,1,21,149,0,171,198,0,198,369
02/11/2021,MQY,TN,ASO,ES,Federal Contract Tower,0,3,20,2,25,0,0,0,0,0,0,3,20,2,25,0,0,0,25
02/12/2021,MQY,TN,ASO,ES,Federal Contract Tower,2,6,33,0,41,0,0,0,0,0,2,6,33,0,41,0,0,0,41
02/13/2021,MQY,TN,ASO,ES,Federal Contract Tower,1,0,16,0,17,0,0,0,0,0,1,0,16,0,17,0,0,0,17
02/14/2021,MQY,TN,ASO,ES,Federal Contract Tower,1,3,8,0,12,0,0,0,0,0,1,3,8,0,12,0,0,0,12
02/15/2021,MQY,TN,ASO,ES,Federal Contract Tower,0,0,4,0,4,0,0,0,0,0,0,0,4,0,4,0,0,0,4
02/16/2021,MQY,TN,ASO,ES,Federal Contract Tower,0,0,6,0,6,0,0,1,0,1,0,0,7,0,7,0,0,0,7
02/17/2021,MQY,TN,ASO,ES,Federal Contract Tower,0,1,5,0,6,0,2,0,0,2,0,3,5,0,8,0,0,0,8
02/18/2021,MQY,TN,ASO,ES,Federal Contract Tower,0,0,1,0,1,0,0,0,0,0,0,0,1,0,1,0,0,0,1
02/19/2021,MQY,TN,ASO,ES,Federal Contract Tower,0,0,1,0,1,3,0,0,0,3,3,0,1,0,4,0,0,0,4
02/20/2021,MQY,TN,ASO,ES,Federal Contract Tower,1,0,10,0,11,0,6,2,3,11,1,6,12,3,22,0,0,0,22
02/21/2021,MQY,TN,ASO,ES,Federal Contract Tower,1,5,15,0,21,0,4,25,0,29,1,9,40,0,50,6,0,6,56
02/22/2021,MQY,TN,ASO,ES,Federal Contract Tower,0,11,51,4,66,0,20,108,0,128,0,31,159,4,194,144,0,144,338
02/23/2021,MQY,TN,ASO,ES,Federal Contract Tower,0,6,59,4,69,0,25,185,7,217,0,31,244,11,286,184,8,192,478
02/24/2021,MQY,TN,ASO,ES,Federal Contract Tower,0,15,62,0,77,0,55,151,2,208,0,70,213,2,285,164,0,164,449
02/25/2021,MQY,TN,ASO,ES,Federal Contract Tower,0,19,56,1,76,0,40,147,8,195,0,59,203,9,271,310,2,312,583
02/26/2021,MQY,TN,ASO,ES,Federal Contract Tower,0,7,29,0,36,0,18,3,0,21,0,25,32,0,57,2,0,2,59
02/27/2021,MQY,TN,ASO,ES,Federal Contract Tower,0,1,50,0,51,0,0,0,0,0,0,1,50,0,51,0,0,0,51
02/28/2021,MQY,TN,ASO,ES,Federal Contract Tower,0,3,14,0,17,0,13,11,0,24,0,16,25,0,41,20,0,20,61
03/01/2021,MQY,TN,ASO,ES,Federal Contract Tower,0,12,44,0,56,0,56,112,0,168,0,68,156,0,224,262,0,262,486
03/02/2021,MQY,TN,ASO,ES,Federal Contract Tower,0,26,50,0,76,0,35,148,0,183,0,61,198,0,259,312,0,312,571
03/03/2021,MQY,TN,ASO,ES,Federal Contract Tower,0,20,80,3,103,0,58,187,4,249,0,78,267,7,352,290,0,290,642
03/04/2021,MQY,TN,ASO,ES,Federal Contract Tower,0,18,75,0,93,0,86,155,8,249,0,104,230,8,342,274,0,274,616
03/05/2021,MQY,TN,ASO,ES,Federal Contract Tower,0,23,64,0,87,0,82,167,1,250,0,105,231,1,337,170,0,170,507
03/06/2021,MQY,TN,ASO,ES,Federal Contract Tower,0,4,44,0,48,0,49,169,2,220,0,53,213,2,268,82,0,82,350
03/07/2021,MQY,TN,ASO,ES,Federal Contract Tower,6,10,41,2,59,0,115,138,0,253,6,125,179,2,312,194,0,194,506
03/08/2021,MQY,TN,ASO,ES,Federal Contract Tower,0,22,51,0,73,0,105,132,0,237,0,127,183,0,310,274,0,274,584
03/09/2021,MQY,TN,ASO,ES,Federal Contract Tower,0,10,58,6,74,0,44,161,10,215,0,54,219,16,289,230,0,230,519
03/10/2021,MQY,TN,ASO,ES,Federal Contract Tower,1,24,49,2,76,0,34,103,2,139,1,58,152,4,215,156,0,156,371
03/11/2021,MQY,TN,ASO,ES,Federal Contract Tower,0,33,63,2,98,0,45,106,7,158,0,78,169,9,256,238,38,276,532
03/12/2021,MQY,TN,ASO,ES,Federal Contract Tower,0,18,58,0,76,0,42,27,0,69,0,60,85,0,145,126,0,126,271
03/13/2021,MQY,TN,ASO,ES,Federal Contract Tower,0,13,41,0,54,0,2,2,0,4,0,15,43,0,58,12,0,12,70
03/14/2021,MQY,TN,ASO,ES,Federal Contract Tower,0,4,37,6,47,0,27,54,2,83,0,31,91,8,130,54,0,54,184
03/15/2021,MQY,TN,ASO,ES,Federal Contract Tower,0,18,44,0,62,0,24,33,0,57,0,42,77,0,119,132,0,132,251
03/16/2021,MQY,TN,ASO,ES,Federal Contract Tower,0,26,58,0,84,0,84,139,4,227,0,110,197,4,311,308,0,308,619
03/17/2021,MQY,TN,ASO,ES,Federal Contract Tower,0,7,8,0,15,0,0,5,0,5,0,7,13,0,20,22,0,22,42
03/18/2021,MQY,TN,ASO,ES,Federal Contract Tower,1,22,54,0,77,0,54,52,7,113,1,76,106,7,190,200,0,200,390
03/19/2021,MQY,TN,ASO,ES,Federal Contract Tower,0,32,51,1,84,0,55,75,1,131,0,87,126,2,215,94,0,94,309
03/20/2021,MQY,TN,ASO,ES,Federal Contract Tower,0,19,57,6,82,0,10,170,1,181,0,29,227,7,263,204,0,204,467
03/21/2021,MQY,TN,ASO,ES,Federal Contract Tower,0,28,52,2,82,0,98,124,3,225,0,126,176,5,307,230,0,230,537
03/22/2021,MQY,TN,ASO,ES,Federal Contract Tower,0,55,79,1,135,0,49,130,0,179,0,104,209,1,314,280,0,280,594
03/23/2021,MQY,TN,ASO,ES,Federal Contract Tower,0,19,49,2,70,0,12,43,5,60,0,31,92,7,130,78,18,96,226
03/24/2021,MQY,TN,ASO,ES,Federal Contract Tower,0,51,52,3,106,0,29,102,1,132,0,80,154,4,238,226,0,226,464
03/25/2021,MQY,TN,ASO,ES,Federal Contract Tower,0,3,14,0,17,0,0,3,0,3,0,3,17,0,20,16,0,16,36
03/26/2021,MQY,TN,ASO,ES,Federal Contract Tower,3,42,80,1,126,0,69,178,9,256,3,111,258,10,382,330,0,330,712
03/27/2021,MQY,TN,ASO,ES,Federal Contract Tower,0,1,9,0,10,0,0,0,0,0,0,1,9,0,10,0,0,0,10
03/28/2021,MQY,TN,ASO,ES,Federal Contract Tower,0,12,32,2,46,0,17,55,0,72,0,29,87,2,118,102,0,102,220
03/29/2021,MQY,TN,ASO,ES,Federal Contract Tower,1,62,54,4,121,0,31,165,10,206,1,93,219,14,327,262,0,262,589
03/30/2021,MQY,TN,ASO,ES,Federal Contract Tower,0,41,42,0,83,0,57,109,0,166,0,98,151,0,249,184,0,184,433
03/31/2021,MQY,TN,ASO,ES,Federal Contract Tower,0,33,40,3,76,0,28,41,2,71,0,61,81,5,147,80,0,80,227
04/01/2021,MQY,TN,ASO,ES,Federal Contract Tower,0,53,57,9,119,0,57,141,2,200,0,110,198,11,319,208,0,208,527
04/02/2021,MQY,TN,ASO,ES,Federal Contract Tower,0,32,60,4,96,0,106,177,10,293,0,138,237,14,389,212,16,228,617
04/03/2021,MQY,TN,ASO,ES,Federal Contract Tower,0,16,29,2,47,0,65,131,4,200,0,81,160,6,247,200,0,200,447
04/04/2021,MQY,TN,ASO,ES,Federal Contract Tower,0,14,34,1,49,0,208,82,1,291,0,222,116,2,340,100,0,100,440
04/05/2021,MQY,TN,ASO,ES,Federal Contract Tower,0,45,64,0,109,0,53,163,1,217,0,98,227,1,326,310,0,310,636
04/06/2021,MQY,TN,ASO,ES,Federal Contract Tower,0,35,65,1,101,0,96,179,9,284,0,131,244,10,385,249,0,249,634
04/07/2021,MQY,TN,ASO,ES,Federal Contract Tower,0,52,81,0,133,0,64,183,0,247,0,116,264,0,380,380,0,380,760
04/08/2021,MQY,TN,ASO,ES,Federal Contract Tower,1,13,45,2,61,0,13,59,4,76,1,26,104,6,137,80,18,98,235
04/09/2021,MQY,TN,ASO,ES,Federal Contract Tower,0,36,58,0,94,0,56,170,10,236,0,92,228,10,330,202,4,206,536
04/10/2021,MQY,TN,ASO,ES,Federal Contract Tower,0,9,16,1,26,0,0,3,0,3,0,9,19,1,29,0,0,0,29
04/11/2021,MQY,TN,ASO,ES,Federal Contract Tower,0,21,35,3,59,0,12,74,0,86,0,33,109,3,145,60,0,60,205
04/12/2021,MQY,TN,ASO,ES,Federal Contract Tower,0,26,67,0,93,0,119,162,0,281,0,145,229,0,374,318,0,318,692
04/13/2021,MQY,TN,ASO,ES,Federal Contract Tower,0,31,67,0,98,0,111,172,0,283,0,142,239,0,381,174,0,174,555
04/14/2021,MQY,TN,ASO,ES,Federal Contract Tower,0,35,69,0,104,0,89,111,0,200,0,124,180,0,304,208,0,208,512
04/15/2021,MQY,TN,ASO,ES,Federal Contract Tower,0,20,74,4,98,0,119,151,10,280,0,139,225,14,378,296,10,306,684
04/16/2021,MQY,TN,ASO,ES,Federal Contract Tower,0,24,72,32,128,0,102,157,18,277,0,126,229,50,405,266,38,304,709
04/17/2021,MQY,TN,ASO,ES,Federal Contract Tower,1,9,29,8,47,0,126,121,3,250,1,135,150,11,297,214,4,218,515
04/18/2021,MQY,TN,ASO,ES,Federal Contract Tower,0,18,44,18,80,0,83,112,1,196,0,101,156,19,276,184,0,184,460
04/19/2021,MQY,TN,ASO,ES,Federal Contract Tower,0,28,47,0,75,0,56,122,0,178,0,84,169,0,253,210,0,210,463
04/20/2021,MQY,TN,ASO,ES,Federal Contract Tower,0,23,61,0,84,0,89,97,2,188,0,112,158,2,272,140,0,140,412
04/21/2021,MQY,TN,ASO,ES,Federal Contract Tower,0,13,50,1,64,0,6,112,0,118,0,19,162,1,182,250,0,250,432
04/22/2021,MQY,TN,ASO,ES,Federal Contract Tower,0,20,59,2,81,0,35,147,11,193,0,55,206,13,274,160,4,164,438
04/23/2021,MQY,TN,ASO,ES,Federal Contract Tower,2,26,72,5,105,0,69,141,7,217,2,95,213,12,322,180,0,180,502
04/24/2021,MQY,TN,ASO,ES,Federal Contract Tower,0,2,15,0,17,0,1,4,0,5,0,3,19,0,22,14,0,14,36
04/25/2021,MQY,TN,ASO,ES,Federal Contract Tower,2,11,58,1,72,0,15,92,3,110,2,26,150,4,182,140,0,140,322
04/26/2021,MQY,TN,ASO,ES,Federal Contract Tower,1,21,63,3,88,0,18,173,8,199,1,39,236,11,287,330,0,330,617
04/27/2021,MQY,TN,ASO,ES,Federal Contract Tower,0,15,55,4,74,0,48,78,5,131,0,63,133,9,205,120,0,120,325
04/28/2021,MQY,TN,ASO,ES,Federal Contract Tower,0,11,38,3,52,0,27,38,2,67,0,38,76,5,119,42,0,42,161
04/29/2021,MQY,TN,ASO,ES,Federal Contract Tower,0,9,47,3,59,0,0,3,0,3,0,9,50,3,62,0,0,0,62
04/30/2021,MQY,TN,ASO,ES,Federal Contract Tower,0,18,64,0,82,0,18,191,21,230,0,36,255,21,312,326,40,366,678
05/01/2021,MQY,TN,ASO,ES,Federal Contract Tower,0,15,34,0,49,0,22,155,3,180,0,37,189,3,229,164,0,164,393
05/02/2021,MQY,TN,ASO,ES,Federal Contract Tower,0,9,33,0,42,0,6,102,0,108,0,15,135,0,150,236,0,236,386
05/03/2021,MQY,TN,ASO,ES,Federal Contract Tower,0,6,25,3,34,0,4,13,0,17,0,10,38,3,51,36,0,36,87
05/04/2021,MQY,TN,ASO,ES,Federal Contract Tower,0,1,15,3,19,0,2,16,0,18,0,3,31,3,37,32,0,32,69
05/05/2021,MQY,TN,ASO,ES,Federal Contract Tower,0,31,69,2,102,0,41,102,4,147,0,72,171,6,249,174,4,178,427
05/06/2021,MQY,TN,ASO,ES,Federal Contract Tower,0,10,58,0,68,0,65,142,14,221,0,75,200,14,289,258,42,300,589
05/07/2021,MQY,TN,ASO,ES,Federal Contract Tower,0,17,70,12,99,0,12,159,5,176,0,29,229,17,275,232,0,232,507
05/08/2021,MQY,TN,ASO,ES,Federal Contract Tower,0,6,44,0,50,0,2,122,2,126,0,8,166,2,176,136,0,136,312
05/09/2021,MQY,TN,ASO,ES,Federal Contract Tower,0,7,16,4,27,0,3,0,0,3,0,10,16,4,30,0,0,0,30
05/10/2021,MQY,TN,ASO,ES,Federal Contract Tower,0,3,63,0,66,0,0,31,0,31,0,3,94,0,97,118,0,118,215
05/11/2021,MQY,TN,ASO,ES,Federal Contract Tower,0,11,70,11,92,0,68,139,35,242,0,79,209,46,334,214,0,214,548
05/12/2021,MQY,TN,ASO,ES,Federal Contract Tower,1,5,43,10,59,0,15,126,11,152,1,20,169,21,211,218,16,234,445
05/13/2021,MQY,TN,ASO,ES,Federal Contract Tower,0,13,61,1,75,0,26,159,13,198,0,39,220,14,273,342,16,358,631
05/14/2021,MQY,TN,ASO,ES,Federal Contract Tower,0,14,53,11,78,0,58,157,30,245,0,72,210,41,323,196,74,270,593
05/15/2021,MQY,TN,ASO,ES,Federal Contract Tower,0,5,33,0,38,0,10,116,2,128,0,15,149,2,166,204,0,204,370
05/16/2021,MQY,TN,ASO,ES,Federal Contract Tower,1,2,36,7,46,0,6,79,9,94,1,8,115,16,140,114,0,114,254
05/17/2021,MQY,TN,ASO,ES,Federal Contract Tower,0,5,64,7,76,0,7,107,3,117,0,12,171,10,193,222,0,222,415
05/18/2021,MQY,TN,ASO,ES,Federal Contract Tower,0,4,55,5,64,0,2,137,15,154,0,6,192,20,218,150,0,150,368
05/19/2021,MQY,TN,ASO,ES,Federal Contract Tower,1,12,54,8,75,0,38,99,6,143,1,50,153,14,218,166,0,166,384
05/20/2021,MQY,TN,ASO,ES,Federal Contract Tower,0,6,79,2,87,0,43,170,17,230,0,49,249,19,317,212,16,228,545
05/21/2021,MQY,TN,ASO,ES,Federal Contract Tower,0,9,58,7,74,0,46,133,13,192,0,55,191,20,266,196,4,200,466
05/22/2021,MQY,TN,ASO,ES,Federal Contract Tower,0,12,38,3,53,0,29,133,3,165,0,41,171,6,218,180,0,180,398
05/23/2021,MQY,TN,ASO,ES,Federal Contract Tower,0,3,38,4,45,0,71,96,2,169,0,74,134,6,214,114,0,114,328
05/24/2021,MQY,TN,ASO,ES,Federal Contract Tower,0,14,49,10,73,0,42,146,2,190,0,56,195,12,263,254,6,260,523
05/25/2021,MQY,TN,ASO,ES,Federal Contract Tower,0,13,51,2,66,0,6,162,12,180,0,19,213,14,246,242,2,244,490
05/26/2021,MQY,TN,ASO,ES,Federal Contract Tower,0,10,42,2,54,0,14,87,7,108,0,24,129,9,162,116,10,126,288
05/27/2021,MQY,TN,ASO,ES,Federal Contract Tower,0,7,88,6,101,0,40,137,8,185,0,47,225,14,286,268,4,272,558
05/28/2021,MQY,TN,ASO,ES,Federal Contract Tower,1,9,42,0,52,0,4,13,0,17,1,13,55,0,69,12,0,12,81
05/29/2021,MQY,TN,ASO,ES,Federal Contract Tower,0,4,28,1,33,0,6,3,3,12,0,10,31,4,45,6,0,6,51
05/30/2021,MQY,TN,ASO,ES,Federal Contract Tower,0,3,26,0,29,0,22,72,1,95,0,25,98,1,124,100,0,100,224
05/31/2021,MQY,TN,ASO,ES,Federal Contract Tower,0,11,44,0,55,0,26,53,2,81,0,37,97,2,136,100,4,104,240
06/01/2021,MQY,TN,ASO,ES,Federal Contract Tower,0,12,43,1,56,0,71,119,6,196,0,83,162,7,252,248,0,248,500
06/02/2021,MQY,TN,ASO,ES,Federal Contract Tower,0,4,21,2,27,0,0,2,2,4,0,4,23,4,31,0,0,0,31
06/03/2021,MQY,TN,ASO,ES,Federal Contract Tower,0,11,51,1,63,0,5,44,6,55,0,16,95,7,118,14,8,22,140
06/04/2021,MQY,TN,ASO,ES,Federal Contract Tower,0,8,27,11,46,0,1,20,9,30,0,9,47,20,76,30,14,44,120
06/05/2021,MQY,TN,ASO,ES,Federal Contract Tower,0,2,27,0,29,0,1,13,3,17,0,3,40,3,46,2,0,2,48
06/06/2021,MQY,TN,ASO,ES,Federal Contract Tower,0,1,17,5,23,0,3,6,6,15,0,4,23,11,38,16,0,16,54
06/07/2021,MQY,TN,ASO,ES,Federal Contract Tower,0,6,48,14,68,0,22,79,0,101,0,28,127,14,169,104,0,104,273
06/08/2021,MQY,TN,ASO,ES,Federal Contract Tower,0,10,57,0,67,0,31,69,5,105,0,41,126,5,172,206,0,206,378
06/09/2021,MQY,TN,ASO,ES,Federal Contract Tower,0,4,48,4,56,0,4,9,1,14,0,8,57,5,70,44,0,44,114
06/10/2021,MQY,TN,ASO,ES,Federal Contract Tower,0,12,56,5,73,0,9,74,4,87,0,21,130,9,160,224,20,244,404
06/11/2021,MQY,TN,ASO,ES,Federal Contract Tower,0,8,59,9,76,0,13,22,16,51,0,21,81,25,127,62,0,62,189
06/12/2021,MQY,TN,ASO,ES,Federal Contract Tower,0,8,40,2,50,0,69,108,13,190,0,77,148,15,240,140,0,140,380
06/13/2021,MQY,TN,ASO,ES,Federal Contract Tower,0,17,41,17,75,0,16,51,12,79,0,33,92,29,154,28,0,28,182
06/14/2021,MQY,TN,ASO,ES,Federal Contract Tower,0,26,82,2,110,0,28,128,0,156,0,54,210,2,266,260,0,260,526
06/15/2021,MQY,TN,ASO,ES,Federal Contract Tower,0,14,69,6,89,0,44,143,6,193,0,58,212,12,282,196,0,196,478
06/16/2021,MQY,TN,ASO,ES,Federal Contract Tower,0,28,58,3,89,0,22,159,1,182,0,50,217,4,271,236,0,236,507
06/17/2021,MQY,TN,ASO,ES,Federal Contract Tower,0,20,64,3,87,0,53,156,8,217,0,73,220,11,304,352,2,354,658
06/18/2021,MQY,TN,ASO,ES,Federal Contract Tower,0,24,110,0,134,0,46,166,12,224,0,70,276,12,358,200,0,200,558
06/19/2021,MQY,TN,ASO,ES,Federal Contract Tower,0,11,66,2,79,0,46,126,0,172,0,57,192,2,251,126,0,126,377
06/20/2021,MQY,TN,ASO,ES,Federal Contract Tower,0,29,76,0,105,0,8,74,0,82,0,37,150,0,187,32,0,32,219
06/21/2021,MQY,TN,ASO,ES,Federal Contract Tower,0,3,32,10,45,0,2,24,0,26,0,5,56,10,71,44,0,44,115
06/22/2021,MQY,TN,ASO,ES,Federal Contract Tower,0,29,62,7,98,0,6,137,1,144,0,35,199,8,242,210,34,244,486
06/23/2021,MQY,TN,ASO,ES,Federal Contract Tower,0,25,70,1,96,0,31,186,7,224,0,56,256,8,320,276,10,286,606
06/24/2021,MQY,TN,ASO,ES,Federal Contract Tower,0,8,57,2,67,0,13,126,9,148,0,21,183,11,215,186,18,204,419
06/25/2021,MQY,TN,ASO,ES,Federal Contract Tower,0,7,57,0,64,0,31,132,7,170,0,38,189,7,234,126,0,126,360
06/26/2021,MQY,TN,ASO,ES,Federal Contract Tower,0,1,29,2,32,0,26,82,0,108,0,27,111,2,140,54,0,54,194
06/27/2021,MQY,TN,ASO,ES,Federal Contract Tower,0,3,26,0,29,0,4,72,4,80,0,7,98,4,109,68,0,68,177
06/28/2021,MQY,TN,ASO,ES,Federal Contract Tower,0,12,63,0,75,0,56,106,0,162,0,68,169,0,237,218,0,218,455
06/29/2021,MQY,TN,ASO,ES,Federal Contract Tower,0,21,48,1,70,0,38,122,1,161,0,59,170,2,231,162,0,162,393
06/30/2021,MQY,TN,ASO,ES,Federal Contract Tower,0,15,47,2,64,0,11,95,32,138,0,26,142,34,202,124,0,124,326
07/01/2021,MQY,TN,ASO,ES,Federal Contract Tower,0,9,40,7,56,0,14,39,4,57,0,23,79,11,113,90,0,90,203
07/02/2021,MQY,TN,ASO,ES,Federal Contract Tower,0,19,63,0,82,0,20,77,0,97,0,39,140,0,179,150,0,150,329
07/03/2021,MQY,TN,ASO,ES,Federal Contract Tower,1,7,26,0,34,0,10,103,0,113,1,17,129,0,147,62,0,62,209
07/04/2021,MQY,TN,ASO,ES,Federal Contract Tower,0,0,20,0,20,0,0,40,0,40,0,0,60,0,60,20,0,20,80
07/05/2021,MQY,TN,ASO,ES,Federal Contract Tower,0,23,46,0,69,0,18,116,0,134,0,41,162,0,203,266,0,266,469
07/06/2021,MQY,TN,ASO,ES,Federal Contract Tower,0,9,43,9,61,0,10,147,0,157,0,19,190,9,218,206,0,206,424
07/07/2021,MQY,TN,ASO,ES,Federal Contract Tower,0,7,37,2,46,0,2,53,2,57,0,9,90,4,103,194,8,202,305
07/08/2021,MQY,TN,ASO,ES,Federal Contract Tower,0,8,53,1,62,0,28,100,8,136,0,36,153,9,198,194,0,194,392
07/09/2021,MQY,TN,ASO,ES,Federal Contract Tower,0,11,32,6,49,0,14,92,2,108,0,25,124,8,157,220,0,220,377
07/10/2021,MQY,TN,ASO,ES,Federal Contract Tower,0,10,21,0,31,0,0,68,4,72,0,10,89,4,103,40,0,40,143
07/11/2021,MQY,TN,ASO,ES,Federal Contract Tower,0,5,21,3,29,0,0,8,2,10,0,5,29,5,39,0,0,0,39
07/12/2021,MQY,TN,ASO,ES,Federal Contract Tower,0,8,52,0,60,0,0,33,1,34,0,8,85,1,94,116,0,116,210
07/13/2021,MQY,TN,ASO,ES,Federal Contract Tower,1,9,39,0,49,0,13,48,0,61,1,22,87,0,110,158,0,158,268
07/14/2021,MQY,TN,ASO,ES,Federal Contract Tower,0,7,72,3,82,0,39,157,10,206,0,46,229,13,288,246,0,246,534
07/15/2021,MQY,TN,ASO,ES,Federal Contract Tower,0,10,60,2,72,0,36,154,4,194,0,46,214,6,266,278,0,278,544
07/16/2021,MQY,TN,ASO,ES,Federal Contract Tower,0,2,46,2,50,0,23,144,0,167,0,25,190,2,217,200,0,200,417
07/17/2021,MQY,TN,ASO,ES,Federal Contract Tower,0,4,19,0,23,0,6,20,0,26,0,10,39,0,49,58,0,58,107
07/18/2021,MQY,TN,ASO,ES,Federal Contract Tower,0,3,30,0,33,0,3,11,0,14,0,6,41,0,47,4,0,4,51
07/19/2021,MQY,TN,ASO,ES,Federal Contract Tower,0,3,53,0,56,0,6,47,0,53,0,9,100,0,109,108,0,108,217
07/20/2021,MQY,TN,ASO,ES,Federal Contract Tower,0,13,56,6,75,0,29,151,6,186,0,42,207,12,261,304,20,324,585
07/21/2021,MQY,TN,ASO,ES,Federal Contract Tower,0,12,74,18,104,0,86,143,2,231,0,98,217,20,335,218,10,228,563
07/22/2021,MQY,TN,ASO,ES,Federal Contract Tower,0,10,70,0,80,0,45,159,0,204,0,55,229,0,284,322,0,322,606
07/23/2021,MQY,TN,ASO,ES,Federal Contract Tower,0,18,48,20,86,0,23,134,0,157,0,41,182,20,243,242,0,242,485
07/24/2021,MQY,TN,ASO,ES,Federal Contract Tower,0,5,33,0,38,0,2,112,3,117,0,7,145,3,155,122,0,122,277
07/25/2021,MQY,TN,ASO,ES,Federal Contract Tower,0,5,32,8,45,0,0,42,5,47,0,5,74,13,92,52,0,52,144
07/26/2021,MQY,TN,ASO,ES,Federal Contract Tower,0,3,31,2,36,0,2,56,0,58,0,5,87,2,94,84,0,84,178
07/27/2021,MQY,TN,ASO,ES,Federal Contract Tower,0,11,63,26,100,0,18,95,0,113,0,29,158,26,213,130,0,130,343
07/28/2021,MQY,TN,ASO,ES,Federal Contract Tower,0,14,71,0,85,0,25,116,0,141,0,39,187,0,226,206,0,206,432
07/29/2021,MQY,TN,ASO,ES,Federal Contract Tower,2,10,66,2,80,0,8,106,4,118,2,18,172,6,198,268,12,280,478
07/30/2021,MQY,TN,ASO,ES,Federal Contract Tower,0,9,56,17,82,0,8,106,6,120,0,17,162,23,202,138,6,144,346
07/31/2021,MQY,TN,ASO,ES,Federal Contract Tower,0,3,37,6,46,0,25,97,9,131,0,28,134,15,177,102,62,164,341
08/01/2021,MQY,TN,ASO,ES,Federal Contract Tower,0,4,27,0,31,0,3,21,0,24,0,7,48,0,55,64,0,64,119
08/02/2021,MQY,TN,ASO,ES,Federal Contract Tower,0,9,37,9,55,0,22,107,3,132,0,31,144,12,187,144,0,144,331
08/03/2021,MQY,TN,ASO,ES,Federal Contract Tower,0,5,54,5,64,0,24,141,2,167,0,29,195,7,231,170,0,170,401
08/04/2021,MQY,TN,ASO,ES,Federal Contract Tower,0,11,77,9,97,0,18,139,4,161,0,29,216,13,258,246,0,246,504
08/05/2021,MQY,TN,ASO,ES,Federal Contract Tower,0,10,79,19,108,0,30,159,5,194,0,40,238,24,302,138,0,138,440
08/06/2021,MQY,TN,ASO,ES,Federal Contract Tower,0,14,52,10,76,0,10,146,8,164,0,24,198,18,240,178,0,178,418
08/07/2021,MQY,TN,ASO,ES,Federal Contract Tower,0,6,31,0,37,0,33,90,8,131,0,39,121,8,168,76,0,76,244
08/08/2021,MQY,TN,ASO,ES,Federal Contract Tower,0,13,29,5,47,0,7,49,1,57,0,20,78,6,104,46,0,46,150
08/09/2021,MQY,TN,ASO,ES,Federal Contract Tower,0,13,60,0,73,0,2,94,0,96,0,15,154,0,169,112,0,112,281
08/10/2021,MQY,TN,ASO,ES,Federal Contract Tower,0,11,61,3,75,0,0,100,1,101,0,11,161,4,176,126,0,126,302
08/11/2021,MQY,TN,ASO,ES,Federal Contract Tower,0,8,58,3,69,0,8,128,6,142,0,16,186,9,211,110,0,110,321
08/12/2021,MQY,TN,ASO,ES,Federal Contract Tower,0,10,61,0,71,0,8,120,9,137,0,18,181,9,208,156,26,182,390
08/13/2021,MQY,TN,ASO,ES,Federal Contract Tower,0,5,48,6,59,0,1,90,1,92,0,6,138,7,151,86,10,96,247
08/14/2021,MQY,TN,ASO,ES,Federal Contract Tower,0,1,32,0,33,0,1,59,8,68,0,2,91,8,101,126,0,126,227
08/15/2021,MQY,TN,ASO,ES,Federal Contract Tower,0,2,30,0,32,0,0,2,0,2,0,2,32,0,34,0,0,0,34
08/16/2021,MQY,TN,ASO,ES,Federal Contract Tower,0,18,41,0,59,0,0,22,0,22,0,18,63,0,81,58,0,58,139
08/17/2021,MQY,TN,ASO,ES,Federal Contract Tower,0,7,58,0,65,0,3,106,0,109,0,10,164,0,174,220,0,220,394
08/18/2021,MQY,TN,ASO,ES,Federal Contract Tower,0,8,51,0,59,0,2,73,0,75,0,10,124,0,134,88,0,88,222
08/19/2021,MQY,TN,ASO,ES,Federal Contract Tower,0,15,54,1,70,0,7,50,2,59,0,22,104,3,129,138,14,152,281
08/20/2021,MQY,TN,ASO,ES,Federal Contract Tower,0,13,64,0,77,0,19,70,1,90,0,32,134,1,167,124,0,124,291
08/21/2021,MQY,TN,ASO,ES,Federal Contract Tower,0,9,25,0,34,0,4,23,4,31,0,13,48,4,65,52,0,52,117
08/22/2021,MQY,TN,ASO,ES,Federal Contract Tower,0,7,36,2,45,0,5,77,7,89,0,12,113,9,134,168,6,174,308
08/23/2021,MQY,TN,ASO,ES,Federal Contract Tower,0,14,62,6,82,0,28,159,2,189,0,42,221,8,271,318,0,318,589
08/24/2021,MQY,TN,ASO,ES,Federal Contract Tower,0,3,81,2,86,0,2,119,4,125,0,5,200,6,211,216,4,220,431
08/25/2021,MQY,TN,ASO,ES,Federal Contract Tower,2,15,61,11,89,0,13,133,8,154,2,28,194,19,243,146,0,146,389
08/26/2021,MQY,TN,ASO,ES,Federal Contract Tower,0,13,75,0,88,0,31,133,7,171,0,44,208,7,259,156,0,156,415
08/27/2021,MQY,TN,ASO,ES,Federal Contract Tower,0,16,62,0,78,0,32,140,2,174,0,48,202,2,252,150,0,150,402
08/28/2021,MQY,TN,ASO,ES,Federal Contract Tower,0,9,41,0,50,0,2,100,3,105,0,11,141,3,155,102,0,102,257
08/29/2021,MQY,TN,ASO,ES,Federal Contract Tower,0,5,45,0,50,0,6,76,1,83,0,11,121,1,133,54,0,54,187
08/30/2021,MQY,TN,ASO,ES,Federal Contract Tower,0,12,42,0,54,0,23,62,2,87,0,35,104,2,141,94,8,102,243
08/31/2021,MQY,TN,ASO,ES,Federal Contract Tower,0,6,16,0,22,0,0,0,0,0,0,6,16,0,22,0,0,0,22
09/01/2021,MQY,TN,ASO,ES,Federal Contract Tower,0,8,132,2,142,0,11,88,0,99,0,19,220,2,241,126,0,126,367
09/02/2021,MQY,TN,ASO,ES,Federal Contract Tower,0,9,57,2,68,0,7,129,9,145,0,16,186,11,213,174,0,174,387
09/03/2021,MQY,TN,ASO,ES,Federal Contract Tower,2,8,55,1,66,0,10,145,1,156,2,18,200,2,222,202,0,202,424
09/04/2021,MQY,TN,ASO,ES,Federal Contract Tower,0,7,64,0,71,0,13,117,4,134,0,20,181,4,205,56,0,56,261
09/05/2021,MQY,TN,ASO,ES,Federal Contract Tower,0,4,56,6,66,0,0,13,12,25,0,4,69,18,91,8,16,24,115
09/06/2021,MQY,TN,ASO,ES,Federal Contract Tower,0,12,75,0,87,0,6,120,0,126,0,18,195,0,213,170,0,170,383
09/07/2021,MQY,TN,ASO,ES,Federal Contract Tower,0,10,61,2,73,0,9,128,0,137,0,19,189,2,210,192,0,192,402
09/08/2021,MQY,TN,ASO,ES,Federal Contract Tower,0,16,73,2,91,0,22,138,0,160,0,38,211,2,251,206,0,206,457
09/09/2021,MQY,TN,ASO,ES,Federal Contract Tower,0,8,46,0,54,0,26,138,14,178,0,34,184,14,232,194,18,212,444
09/10/2021,MQY,TN,ASO,ES,Federal Contract Tower,0,14,52,0,66,0,34,165,8,207,0,48,217,8,273,242,6,248,521
09/11/2021,MQY,TN,ASO,ES,Federal Contract Tower,0,11,37,3,51,0,21,129,3,153,0,32,166,6,204,94,0,94,298
09/12/2021,MQY,TN,ASO,ES,Federal Contract Tower,0,10,31,0,41,0,61,85,3,149,0,71,116,3,190,126,4,130,320
09/13/2021,MQY,TN,ASO,ES,Federal Contract Tower,0,11,40,1,52,0,24,108,0,132,0,35,148,1,184,156,0,156,340
09/14/2021,MQY,TN,ASO,ES,Federal Contract Tower,0,5,49,0,54,0,29,102,0,131,0,34,151,0,185,124,0,124,309
09/15/2021,MQY,TN,ASO,ES,Federal Contract Tower,0,8,41,0,49,0,11,28,0,39,0,19,69,0,88,84,0,84,172
09/16/2021,MQY,TN,ASO,ES,Federal Contract Tower,0,14,43,0,57,0,21,125,7,153,0,35,168,7,210,160,12,172,382
09/17/2021,MQY,TN,ASO,ES,Federal Contract Tower,2,5,44,0,51,0,8,70,1,79,2,13,114,1,130,82,0,82,212
09/18/2021,MQY,TN,ASO,ES,Federal Contract Tower,0,4,18,0,22,0,0,5,0,5,0,4,23,0,27,6,0,6,33
09/19/2021,MQY,TN,ASO,ES,Federal Contract Tower,0,3,29,0,32,0,0,0,0,0,0,3,29,0,32,0,0,0,32
09/20/2021,MQY,TN,ASO,ES,Federal Contract Tower,0,7,23,0,30,0,2,4,0,6,0,9,27,0,36,18,0,18,54
09/21/2021,MQY,TN,ASO,ES,Federal Contract Tower,0,18,54,0,72,0,12,49,0,61,0,30,103,0,133,106,0,106,239
09/22/2021,MQY,TN,ASO,ES,Federal Contract Tower,0,13,57,0,70,0,1,42,3,46,0,14,99,3,116,0,0,0,116
09/23/2021,MQY,TN,ASO,ES,Federal Contract Tower,2,22,74,2,100,0,25,180,5,210,2,47,254,7,310,188,0,188,498
09/24/2021,MQY,TN,ASO,ES,Federal Contract Tower,2,35,86,0,123,0,52,235,4,291,2,87,321,4,414,208,4,212,626
09/25/2021,MQY,TN,ASO,ES,Federal Contract Tower,0,12,58,0,70,0,26,121,5,152,0,38,179,5,222,122,12,134,356
09/26/2021,MQY,TN,ASO,ES,Federal Contract Tower,0,10,56,0,66,0,25,82,0,107,0,35,138,0,173,114,0,114,287
09/27/2021,MQY,TN,ASO,ES,Federal Contract Tower,0,13,46,4,63,0,61,133,3,197,0,74,179,7,260,104,20,124,384
09/28/2021,MQY,TN,ASO,ES,Federal Contract Tower,0,5,63,2,70,0,24,139,4,167,0,29,202,6,237,200,0,200,437
09/29/2021,MQY,TN,ASO,ES,Federal Contract Tower,1,23,51,5,80,0,29,148,3,180,1,52,199,8,260,144,68,212,472
09/30/2021,MQY,TN,ASO,ES,Federal Contract Tower,0,56,70,6,132,0,4,156,2,162,0,60,226,8,294,228,0,228,522
10/01/2021,MQY,TN,ASO,ES,Federal Contract Tower,1,45,75,0,121,0,23,148,0,171,1,68,223,0,292,220,0,220,512
10/02/2021,MQY,TN,ASO,ES,Federal Contract Tower,0,14,39,0,53,0,24,133,0,157,0,38,172,0,210,200,0,200,410
10/03/2021,MQY,TN,ASO,ES,Federal Contract Tower,0,4,23,0,27,0,13,10,0,23,0,17,33,0,50,78,0,78,128
10/04/2021,MQY,TN,ASO,ES,Federal Contract Tower,0,42,64,1,107,0,33,100,2,135,0,75,164,3,242,162,0,162,404
10/05/2021,MQY,TN,ASO,ES,Federal Contract Tower,0,29,47,0,76,0,12,38,1,51,0,41,85,1,127,48,0,48,175
10/06/2021,MQY,TN,ASO,ES,Federal Contract Tower,0,20,29,1,50,0,3,43,0,46,0,23,72,1,96,106,0,106,202
10/07/2021,MQY,TN,ASO,ES,Federal Contract Tower,0,39,67,0,106,0,43,93,0,136,0,82,160,0,242,188,0,188,430
10/08/2021,MQY,TN,ASO,ES,Federal Contract Tower,2,38,64,0,104,0,31,149,0,180,2,69,213,0,284,226,0,226,510
10/09/2021,MQY,TN,ASO,ES,Federal Contract Tower,0,18,45,0,63,0,50,129,2,181,0,68,174,2,244,112,0,112,356
10/10/2021,MQY,TN,ASO,ES,Federal Contract Tower,0,16,67,1,84,0,47,122,8,177,0,63,189,9,261,124,10,134,395
10/11/2021,MQY,TN,ASO,ES,Federal Contract Tower,0,14,49,0,63,0,26,88,0,114,0,40,137,0,177,110,0,110,287
10/12/2021,MQY,TN,ASO,ES,Federal Contract Tower,0,19,71,0,90,0,59,108,0,167,0,78,179,0,257,130,0,130,387
10/13/2021,MQY,TN,ASO,ES,Federal Contract Tower,0,15,82,0,97,0,10,124,2,136,0,25,206,2,233,180,0,180,413
10/14/2021,MQY,TN,ASO,ES,Federal Contract Tower,0,42,56,0,98,0,35,167,13,215,0,77,223,13,313,250,24,274,587
10/15/2021,MQY,TN,ASO,ES,Federal Contract Tower,0,11,45,0,56,0,4,35,0,39,0,15,80,0,95,66,0,66,161
10/16/2021,MQY,TN,ASO,ES,Federal Contract Tower,0,17,27,0,44,0,55,72,6,133,0,72,99,6,177,56,0,56,233
10/17/2021,MQY,TN,ASO,ES,Federal Contract Tower,0,37,70,2,109,0,19,114,5,138,0,56,184,7,247,208,0,208,455
10/18/2021,MQY,TN,ASO,ES,Federal Contract Tower,0,59,78,8,145,0,57,155,3,215,0,116,233,11,360,304,0,304,664
10/19/2021,MQY,TN,ASO,ES,Federal Contract Tower,1,29,71,0,101,0,48,162,0,210,1,77,233,0,311,184,0,184,495
10/20/2021,MQY,TN,ASO,ES,Federal Contract Tower,1,45,77,0,123,0,64,143,8,215,1,109,220,8,338,222,6,228,566
10/21/2021,MQY,TN,ASO,ES,Federal Contract Tower,2,38,51,0,91,0,3,75,4,82,2,41,126,4,173,180,6,186,359
10/22/2021,MQY,TN,ASO,ES,Federal Contract Tower,0,19,93,4,116,0,61,124,2,187,0,80,217,6,303,190,0,190,493
10/23/2021,MQY,TN,ASO,ES,Federal Contract Tower,0,8,67,0,75,0,40,145,2,187,0,48,212,2,262,184,0,184,446
10/24/2021,MQY,TN,ASO,ES,Federal Contract Tower,0,15,43,0,58,0,1,70,0,71,0,16,113,0,129,42,0,42,171
10/25/2021,MQY,TN,ASO,ES,Federal Contract Tower,0,4,81,10,95,0,2,19,5,26,0,6,100,15,121,10,16,26,147
10/26/2021,MQY,TN,ASO,ES,Federal Contract Tower,0,18,75,6,99,0,7,125,7,139,0,25,200,13,238,292,12,304,542
10/27/2021,MQY,TN,ASO,ES,Federal Contract Tower,0,32,61,6,99,0,27,163,3,193,0,59,224,9,292,258,0,258,550
10/28/2021,MQY,TN,ASO,ES,Federal Contract Tower,0,6,43,0,49,0,0,25,6,31,0,6,68,6,80,84,10,94,174
10/29/2021,MQY,TN,ASO,ES,Federal Contract Tower,1,15,49,2,67,0,0,16,0,16,1,15,65,2,83,32,0,32,115
10/30/2021,MQY,TN,ASO,ES,Federal Contract Tower,0,3,22,0,25,0,0,0,0,0,0,3,22,0,25,0,0,0,25
10/31/2021,MQY,TN,ASO,ES,Federal Contract Tower,0,23,61,3,87,0,21,85,5,111,0,44,146,8,198,100,0,100,298
11/01/2021,MQY,TN,ASO,ES,Federal Contract Tower,0,17,44,0,61,0,17,103,0,120,0,34,147,0,181,178,0,178,359
11/02/2021,MQY,TN,ASO,ES,Federal Contract Tower,0,9,53,2,64,0,11,87,3,101,0,20,140,5,165,222,10,232,397
11/03/2021,MQY,TN,ASO,ES,Federal Contract Tower,0,32,49,0,81,0,15,117,5,137,0,47,166,5,218,184,0,184,402
11/04/2021,MQY,TN,ASO,ES,Federal Contract Tower,0,18,66,9,93,0,10,128,11,149,0,28,194,20,242,164,6,170,412
11/05/2021,MQY,TN,ASO,ES,Federal Contract Tower,0,12,49,1,62,0,22,166,6,194,0,34,215,7,256,272,16,288,544
11/06/2021,MQY,TN,ASO,ES,Federal Contract Tower,0,13,31,1,45,0,21,84,4,109,0,34,115,5,154,100,0,100,254
11/07/2021,MQY,TN,ASO,ES,Federal Contract Tower,0,9,53,1,63,0,45,117,25,187,0,54,170,26,250,176,22,198,448
11/08/2021,MQY,TN,ASO,ES,Federal Contract Tower,0,16,61,0,77,0,74,149,6,229,0,90,210,6,306,194,0,194,500
11/09/2021,MQY,TN,ASO,ES,Federal Contract Tower,0,29,54,3,86,0,33,186,2,221,0,62,240,5,307,234,0,234,541
11/10/2021,MQY,TN,ASO,ES,Federal Contract Tower,0,15,64,3,82,0,20,165,1,186,0,35,229,4,268,226,0,226,494
11/11/2021,MQY,TN,ASO,ES,Federal Contract Tower,0,11,19,0,30,0,2,13,1,16,0,13,32,1,46,34,0,34,80
11/12/2021,MQY,TN,ASO,ES,Federal Contract Tower,0,31,61,2,94,0,11,129,4,144,0,42,190,6,238,176,2,178,416
11/13/2021,MQY,TN,ASO,ES,Federal Contract Tower,0,11,35,1,47,0,0,127,6,133,0,11,162,7,180,154,0,154,334
11/14/2021,MQY,TN,ASO,ES,Federal Contract Tower,0,17,34,1,52,0,30,60,1,91,0,47,94,2,143,78,2,80,223
11/15/2021,MQY,TN,ASO,ES,Federal Contract Tower,1,12,57,0,70,0,44,154,0,198,1,56,211,0,268,230,0,230,498
11/16/2021,MQY,TN,ASO,ES,Federal Contract Tower,0,8,99,0,107,0,3,100,3,106,0,11,199,3,213,256,10,266,479
11/17/2021,MQY,TN,ASO,ES,Federal Contract Tower,0,17,67,0,84,0,17,102,1,120,0,34,169,1,204,192,0,192,396
11/18/2021,MQY,TN,ASO,ES,Federal Contract Tower,0,16,53,0,69,0,17,68,2,87,0,33,121,2,156,146,6,152,308
11/19/2021,MQY,TN,ASO,ES,Federal Contract Tower,1,16,67,3,87,0,51,176,0,227,1,67,243,3,314,288,0,288,602
11/20/2021,MQY,TN,ASO,ES,Federal Contract Tower,0,12,32,8,52,0,5,143,10,158,0,17,175,18,210,222,0,222,432
11/21/2021,MQY,TN,ASO,ES,Federal Contract Tower,0,19,3,0,22,0,1,22,0,23,0,20,25,0,45,62,0,62,107
11/22/2021,MQY,TN,ASO,ES,Federal Contract Tower,0,16,67,1,84,0,8,143,0,151,0,24,210,1,235,174,0,174,409
11/23/2021,MQY,TN,ASO,ES,Federal Contract Tower,0,12,59,7,78,0,44,162,7,213,0,56,221,14,291,266,0,266,557
11/24/2021,MQY,TN,ASO,ES,Federal Contract Tower,0,8,56,0,64,0,13,106,0,119,0,21,162,0,183,234,0,234,417
11/25/2021,MQY,TN,ASO,ES,Federal Contract Tower,0,3,5,0,8,0,0,0,0,0,0,3,5,0,8,0,0,0,8
11/26/2021,MQY,TN,ASO,ES,Federal Contract Tower,2,4,28,0,34,0,7,69,0,76,2,11,97,0,110,92,0,92,202
11/27/2021,MQY,TN,ASO,ES,Federal Contract Tower,0,11,29,0,40,0,0,76,3,79,0,11,105,3,119,52,2,54,173
11/28/2021,MQY,TN,ASO,ES,Federal Contract Tower,0,7,49,0,56,0,13,96,0,109,0,20,145,0,165,140,0,140,305
11/29/2021,MQY,TN,ASO,ES,Federal Contract Tower,3,10,64,0,77,0,4,146,0,150,3,14,210,0,227,180,0,180,407
11/30/2021,MQY,TN,ASO,ES,Federal Contract Tower,0,21,47,3,71,0,3,125,5,133,0,24,172,8,204,130,0,130,334
12/01/2021,MQY,TN,ASO,ES,Federal Contract Tower,0,2,52,1,55,0,5,87,4,96,0,7,139,5,151,214,0,214,365
12/02/2021,MQY,TN,ASO,ES,Federal Contract Tower,0,17,62,4,83,0,28,155,8,191,0,45,217,12,274,200,0,200,474
12/03/2021,MQY,TN,ASO,ES,Federal Contract Tower,3,16,72,0,91,0,23,145,6,174,3,39,217,6,265,250,0,250,515
12/04/2021,MQY,TN,ASO,ES,Federal Contract Tower,0,11,34,0,45,0,0,0,0,0,0,11,34,0,45,0,0,0,45
12/05/2021,MQY,TN,ASO,ES,Federal Contract Tower,0,8,25,5,38,0,6,26,5,37,0,14,51,10,75,60,30,90,165
12/06/2021,MQY,TN,ASO,ES,Federal Contract Tower,2,8,35,0,45,0,3,77,0,80,2,11,112,0,125,142,0,142,267
12/07/2021,MQY,TN,ASO,ES,Federal Contract Tower,0,10,62,0,72,0,7,126,0,133,0,17,188,0,205,238,0,238,443
12/08/2021,MQY,TN,ASO,ES,Federal Contract Tower,0,11,55,12,78,0,8,124,4,136,0,19,179,16,214,226,0,226,440
12/09/2021,MQY,TN,ASO,ES,Federal Contract Tower,0,7,50,2,59,0,25,82,8,115,0,32,132,10,174,162,18,180,354
12/10/2021,MQY,TN,ASO,ES,Federal Contract Tower,0,8,41,0,49,0,0,0,0,0,0,8,41,0,49,0,0,0,49
12/11/2021,MQY,TN,ASO,ES,Federal Contract Tower,0,10,11,0,21,0,2,13,0,15,0,12,24,0,36,12,0,12,48
12/12/2021,MQY,TN,ASO,ES,Federal Contract Tower,0,9,52,0,61,0,1,120,2,123,0,10,172,2,184,220,0,220,404
12/13/2021,MQY,TN,ASO,ES,Federal Contract Tower,0,6,47,0,53,0,9,150,8,167,0,15,197,8,220,174,4,178,398
12/14/2021,MQY,TN,ASO,ES,Federal Contract Tower,0,8,58,0,66,0,8,161,0,169,0,16,219,0,235,274,0,274,509
12/15/2021,MQY,TN,ASO,ES,Federal Contract Tower,0,8,53,2,63,0,15,132,17,164,0,23,185,19,227,192,0,192,419
12/16/2021,MQY,TN,ASO,ES,Federal Contract Tower,0,15,48,0,63,0,3,16,5,24,0,18,64,5,87,22,14,36,123
12/17/2021,MQY,TN,ASO,ES,Federal Contract Tower,0,7,46,0,53,0,0,0,0,0,0,7,46,0,53,0,0,0,53
12/18/2021,MQY,TN,ASO,ES,Federal Contract Tower,0,3,18,0,21,0,0,5,0,5,0,3,23,0,26,16,0,16,42
12/19/2021,MQY,TN,ASO,ES,Federal Contract Tower,0,7,39,2,48,0,3,77,1,81,0,10,116,3,129,176,0,176,305
12/20/2021,MQY,TN,ASO,ES,Federal Contract Tower,0,6,58,0,64,0,0,68,0,68,0,6,126,0,132,126,0,126,258
12/21/2021,MQY,TN,ASO,ES,Federal Contract Tower,0,16,71,1,88,0,5,113,1,119,0,21,184,2,207,230,0,230,437
12/22/2021,MQY,TN,ASO,ES,Federal Contract Tower,0,6,76,0,82,0,4,127,2,133,0,10,203,2,215,214,0,214,429
12/23/2021,MQY,TN,ASO,ES,Federal Contract Tower,0,2,31,0,33,0,3,106,0,109,0,5,137,0,142,160,0,160,302
12/24/2021,MQY,TN,ASO,ES,Federal Contract Tower,0,2,10,0,12,0,0,0,0,0,0,2,10,0,12,0,0,0,12
12/25/2021,MQY,TN,ASO,ES,Federal Contract Tower,0,1,2,0,3,0,0,0,0,0,0,1,2,0,3,0,0,0,3
12/26/2021,MQY,TN,ASO,ES,Federal Contract Tower,0,6,39,0,45,0,2,22,2,26,0,8,61,2,71,48,0,48,119
12/27/2021,MQY,TN,ASO,ES,Federal Contract Tower,0,3,25,1,29,0,1,22,1,24,0,4,47,2,53,30,0,30,83
12/28/2021,MQY,TN,ASO,ES,Federal Contract Tower,0,10,37,0,47,0,0,28,4,32,0,10,65,4,79,26,6,32,111
12/29/2021,MQY,TN,ASO,ES,Federal Contract Tower,0,4,19,0,23,0,0,19,0,19,0,4,38,0,42,20,0,20,62
12/30/2021,MQY,TN,ASO,ES,Federal Contract Tower,0,8,44,0,52,0,4,17,0,21,0,12,61,0,73,50,0,50,123
12/31/2021,MQY,TN,ASO,ES,Federal Contract Tower,0,10,18,0,28,0,4,22,0,26,0,14,40,0,54,74,0,74,128
01/01/2022,MQY,TN,ASO,ES,Federal Contract Tower,0,1,9,0,10,0,0,2,0,2,0,1,11,0,12,0,0,0,12
01/02/2022,MQY,TN,ASO,ES,Federal Contract Tower,0,6,16,0,22,0,0,0,0,0,0,6,16,0,22,0,0,0,22
01/03/2022,MQY,TN,ASO,ES,Federal Contract Tower,0,7,35,0,42,0,2,56,0,58,0,9,91,0,100,206,0,206,306
01/04/2022,MQY,TN,ASO,ES,Federal Contract Tower,0,16,46,0,62,0,9,111,0,120,0,25,157,0,182,118,0,118,300
01/05/2022,MQY,TN,ASO,ES,Federal Contract Tower,0,11,56,4,71,0,19,89,0,108,0,30,145,4,179,192,0,192,371
01/06/2022,MQY,TN,ASO,ES,Federal Contract Tower,0,0,7,0,7,0,0,0,0,0,0,0,7,0,7,0,0,0,7
01/07/2022,MQY,TN,ASO,ES,Federal Contract Tower,0,0,0,0,0,0,3,3,0,6,0,3,3,0,6,0,0,0,6
01/08/2022,MQY,TN,ASO,ES,Federal Contract Tower,0,3,14,0,17,0,1,29,6,36,0,4,43,6,53,18,8,26,79
01/09/2022,MQY,TN,ASO,ES,Federal Contract Tower,0,6,12,0,18,0,1,0,0,1,0,7,12,0,19,0,0,0,19
01/10/2022,MQY,TN,ASO,ES,Federal Contract Tower,0,18,45,2,65,0,3,115,0,118,0,21,160,2,183,200,0,200,383
01/11/2022,MQY,TN,ASO,ES,Federal Contract Tower,0,8,62,0,70,0,4,132,1,137,0,12,194,1,207,174,0,174,381
01/12/2022,MQY,TN,ASO,ES,Federal Contract Tower,0,9,58,0,67,0,12,121,0,133,0,21,179,0,200,134,0,134,334
01/13/2022,MQY,TN,ASO,ES,Federal Contract Tower,0,7,38,0,45,0,8,104,6,118,0,15,142,6,163,188,16,204,367
01/14/2022,MQY,TN,ASO,ES,Federal Contract Tower,0,17,66,6,89,0,9,109,1,119,0,26,175,7,208,174,0,174,382
01/15/2022,MQY,TN,ASO,ES,Federal Contract Tower,0,7,15,0,22,0,0,14,0,14,0,7,29,0,36,32,0,32,68
01/16/2022,MQY,TN,ASO,ES,Federal Contract Tower,0,2,4,0,6,0,0,0,0,0,0,2,4,0,6,0,0,0,6
01/17/2022,MQY,TN,ASO,ES,Federal Contract Tower,0,6,18,0,24,0,0,8,0,8,0,6,26,0,32,68,0,68,100
01/18/2022,MQY,TN,ASO,ES,Federal Contract Tower,0,17,51,3,71,0,11,113,2,126,0,28,164,5,197,88,0,88,285
01/19/2022,MQY,TN,ASO,ES,Federal Contract Tower,0,5,24,0,29,0,0,13,0,13,0,5,37,0,42,88,0,88,130
01/20/2022,MQY,TN,ASO,ES,Federal Contract Tower,0,12,18,0,30,0,4,44,5,53,0,16,62,5,83,166,0,166,249
01/21/2022,MQY,TN,ASO,ES,Federal Contract Tower,0,7,46,0,53,0,22,130,10,162,0,29,176,10,215,214,10,224,439
01/22/2022,MQY,TN,ASO,ES,Federal Contract Tower,0,8,43,0,51,0,13,104,2,119,0,21,147,2,170,166,0,166,336
01/23/2022,MQY,TN,ASO,ES,Federal Contract Tower,0,3,47,1,51,0,8,120,7,135,0,11,167,8,186,154,0,154,340
01/24/2022,MQY,TN,ASO,ES,Federal Contract Tower,0,7,46,0,53,0,8,90,0,98,0,15,136,0,151,122,0,122,273
01/25/2022,MQY,TN,ASO,ES,Federal Contract Tower,2,12,52,11,77,0,3,113,2,118,2,15,165,13,195,244,16,260,455
01/26/2022,MQY,TN,ASO,ES,Federal Contract Tower,0,10,39,1,50,0,39,113,3,155,0,49,152,4,205,208,0,208,413
01/27/2022,MQY,TN,ASO,ES,Federal Contract Tower,0,11,61,3,75,0,4,129,9,142,0,15,190,12,217,188,6,194,411
01/28/2022,MQY,TN,ASO,ES,Federal Contract Tower,0,9,31,0,40,0,27,31,0,58,0,36,62,0,98,70,0,70,168
01/29/2022,MQY,TN,ASO,ES,Federal Contract Tower,0,15,39,0,54,0,28,131,2,161,0,43,170,2,215,160,10,170,385
01/30/2022,MQY,TN,ASO,ES,Federal Contract Tower,0,5,40,0,45,0,2,98,2,102,0,7,138,2,147,68,0,68,215
01/31/2022,MQY,TN,ASO,ES,Federal Contract Tower,0,7,47,1,55,0,2,82,0,84,0,9,129,1,139,2,0,2,141
02/01/2022,MQY,TN,ASO,ES,Federal Contract Tower,0,5,50,0,55,0,20,102,0,122,0,25,152,0,177,128,0,128,305
02/02/2022,MQY,TN,ASO,ES,Federal Contract Tower,0,14,29,0,43,0,0,0,0,0,0,14,29,0,43,0,0,0,43
02/03/2022,MQY,TN,ASO,ES,Federal Contract Tower,1,5,15,0,21,0,0,0,0,0,1,5,15,0,21,0,0,0,21
02/04/2022,MQY,TN,ASO,ES,Federal Contract Tower,0,6,21,0,27,0,0,5,4,9,0,6,26,4,36,0,10,10,46
02/05/2022,MQY,TN,ASO,ES,Federal Contract Tower,0,5,29,1,35,0,1,117,2,120,0,6,146,3,155,248,4,252,407
02/06/2022,MQY,TN,ASO,ES,Federal Contract Tower,0,7,38,5,50,0,2,112,10,124,0,9,150,15,174,224,12,236,410
02/07/2022,MQY,TN,ASO,ES,Federal Contract Tower,0,3,34,0,37,0,81,109,0,190,0,84,143,0,227,148,0,148,375
02/08/2022,MQY,TN,ASO,ES,Federal Contract Tower,0,11,48,0,59,0,2,121,0,123,0,13,169,0,182,178,2,180,362
02/09/2022,MQY,TN,ASO,ES,Federal Contract Tower,0,3,47,1,51,0,33,137,1,171,0,36,184,2,222,182,0,182,404
02/10/2022,MQY,TN,ASO,ES,Federal Contract Tower,0,12,55,0,67,0,60,137,11,208,0,72,192,11,275,160,20,180,455
02/11/2022,MQY,TN,ASO,ES,Federal Contract Tower,0,10,38,0,48,0,9,54,0,63,0,19,92,0,111,48,0,48,159
02/12/2022,MQY,TN,ASO,ES,Federal Contract Tower,0,7,24,0,31,0,7,86,3,96,0,14,110,3,127,230,6,236,363
02/13/2022,MQY,TN,ASO,ES,Federal Contract Tower,0,13,49,0,62,0,44,91,0,135,0,57,140,0,197,110,0,110,307
02/14/2022,MQY,TN,ASO,ES,Federal Contract Tower,0,7,42,0,49,0,34,134,2,170,0,41,176,2,219,118,0,118,337
02/15/2022,MQY,TN,ASO,ES,Federal Contract Tower,0,10,54,1,65,0,83,135,4,222,0,93,189,5,287,226,0,226,513
02/16/2022,MQY,TN,ASO,ES,Federal Contract Tower,1,7,51,2,61,0,13,27,1,41,1,20,78,3,102,30,0,30,132
02/17/2022,MQY,TN,ASO,ES,Federal Contract Tower,1,7,10,0,18,0,0,2,0,2,1,7,12,0,20,0,0,0,20
02/18/2022,MQY,TN,ASO,ES,Federal Contract Tower,1,19,74,0,94,0,18,150,1,169,1,37,224,1,263,296,0,296,559
02/19/2022,MQY,TN,ASO,ES,Federal Contract Tower,0,12,41,1,54,0,48,140,3,191,0,60,181,4,245,190,0,190,435
02/20/2022,MQY,TN,ASO,ES,Federal Contract Tower,4,54,4,0,62,0,46,94,4,144,4,100,98,4,206,108,0,108,314
02/21/2022,MQY,TN,ASO,ES,Federal Contract Tower,0,5,53,1,59,0,3,39,0,42,0,8,92,1,101,86,0,86,187
02/22/2022,MQY,TN,ASO,ES,Federal Contract Tower,0,8,20,0,28,0,1,3,0,4,0,9,23,0,32,0,0,0,32
02/23/2022,MQY,TN,ASO,ES,Federal Contract Tower,0,10,31,0,41,0,0,0,0,0,0,10,31,0,41,0,0,0,41
02/24/2022,MQY,TN,ASO,ES,Federal Contract Tower,0,4,31,2,37,0,0,0,0,0,0,4,31,2,37,0,0,0,37
02/25/2022,MQY,TN,ASO,ES,Federal Contract Tower,0,9,45,2,56,0,3,69,4,76,0,12,114,6,132,200,10,210,342
02/26/2022,MQY,TN,ASO,ES,Federal Contract Tower,0,6,14,1,21,0,0,47,4,51,0,6,61,5,72,130,0,130,202
02/27/2022,MQY,TN,ASO,ES,Federal Contract Tower,0,9,48,1,58,0,57,113,3,173,0,66,161,4,231,216,2,218,449
02/28/2022,MQY,TN,ASO,ES,Federal Contract Tower,0,11,59,2,72,0,20,204,1,225,0,31,263,3,297,178,0,178,475
03/01/2022,MQY,TN,ASO,ES,Federal Contract Tower,0,9,57,3,69,0,23,153,2,178,0,32,210,5,247,166,0,166,413
03/02/2022,MQY,TN,ASO,ES,Federal Contract Tower,0,6,46,1,53,0,40,149,0,189,0,46,195,1,242,202,0,202,444
03/03/2022,MQY,TN,ASO,ES,Federal Contract Tower,0,39,61,2,102,0,30,145,4,179,0,69,206,6,281,192,30,222,503
03/04/2022,MQY,TN,ASO,ES,Federal Contract Tower,3,42,49,1,95,0,65,172,0,237,3,107,221,1,332,172,0,172,504
03/05/2022,MQY,TN,ASO,ES,Federal Contract Tower,0,10,27,0,37,0,6,91,2,99,0,16,118,2,136,82,0,82,218
03/06/2022,MQY,TN,ASO,ES,Federal Contract Tower,0,4,31,0,35,0,4,22,3,29,0,8,53,3,64,2,0,2,66
03/07/2022,MQY,TN,ASO,ES,Federal Contract Tower,0,1,16,0,17,0,0,5,0,5,0,1,21,0,22,10,0,10,32
03/08/2022,MQY,TN,ASO,ES,Federal Contract Tower,0,15,48,9,72,0,15,94,2,111,0,30,142,11,183,290,14,304,487
03/09/2022,MQY,TN,ASO,ES,Federal Contract Tower,1,14,47,2,64,0,33,109,3,145,1,47,156,5,209,250,0,250,459
03/10/2022,MQY,TN,ASO,ES,Federal Contract Tower,0,8,62,0,70,0,58,137,11,206,0,66,199,11,276,202,20,222,498
03/11/2022,MQY,TN,ASO,ES,Federal Contract Tower,0,10,63,11,84,0,55,131,4,190,0,65,194,15,274,178,24,202,476
03/12/2022,MQY,TN,ASO,ES,Federal Contract Tower,0,6,22,1,29,0,1,26,4,31,0,7,48,5,60,18,0,18,78
03/13/2022,MQY,TN,ASO,ES,Federal Contract Tower,0,17,34,0,51,0,2,84,0,86,0,19,118,0,137,134,0,134,271
03/14/2022,MQY,TN,ASO,ES,Federal Contract Tower,1,14,44,2,61,0,41,129,7,177,1,55,173,9,238,210,0,210,448
03/15/2022,MQY,TN,ASO,ES,Federal Contract Tower,1,18,36,3,58,0,67,149,1,217,1,85,185,4,275,258,0,258,533
03/16/2022,MQY,TN,ASO,ES,Federal Contract Tower,0,30,77,6,113,0,30,53,1,84,0,60,130,7,197,112,0,112,309
03/17/2022,MQY,TN,ASO,ES,Federal Contract Tower,0,30,69,9,108,0,19,131,14,164,0,49,200,23,272,264,32,296,568
03/18/2022,MQY,TN,ASO,ES,Federal Contract Tower,0,7,27,3,37,0,1,17,1,19,0,8,44,4,56,10,0,10,66
03/19/2022,MQY,TN,ASO,ES,Federal Contract Tower,0,21,45,0,66,0,12,52,4,68,0,33,97,4,134,120,6,126,260
03/20/2022,MQY,TN,ASO,ES,Federal Contract Tower,0,13,74,3,90,0,92,141,10,243,0,105,215,13,333,208,10,218,551
03/21/2022,MQY,TN,ASO,ES,Federal Contract Tower,0,22,51,4,77,0,56,140,0,196,0,78,191,4,273,154,0,154,427
03/22/2022,MQY,TN,ASO,ES,Federal Contract Tower,0,11,34,1,46,0,0,31,2,33,0,11,65,3,79,48,18,66,145
03/23/2022,MQY,TN,ASO,ES,Federal Contract Tower,0,5,47,1,53,0,10,12,7,29,0,15,59,8,82,40,20,60,142
03/24/2022,MQY,TN,ASO,ES,Federal Contract Tower,1,26,63,0,90,0,33,91,6,130,1,59,154,6,220,82,0,82,302
03/25/2022,MQY,TN,ASO,ES,Federal Contract Tower,1,42,49,0,92,0,57,115,1,173,1,99,164,1,265,140,0,140,405
03/26/2022,MQY,TN,ASO,ES,Federal Contract Tower,3,13,23,0,39,0,2,30,2,34,3,15,53,2,73,64,0,64,137
03/27/2022,MQY,TN,ASO,ES,Federal Contract Tower,0,30,47,1,78,0,38,101,12,151,0,68,148,13,229,184,10,194,423
03/28/2022,MQY,TN,ASO,ES,Federal Contract Tower,1,27,75,4,107,0,100,160,5,265,1,127,235,9,372,194,2,196,568
03/29/2022,MQY,TN,ASO,ES,Federal Contract Tower,3,36,51,4,94,0,65,120,4,189,3,101,171,8,283,206,4,210,493
03/30/2022,MQY,TN,ASO,ES,Federal Contract Tower,3,11,28,0,42,0,2,15,1,18,3,13,43,1,60,28,0,28,88
03/31/2022,MQY,TN,ASO,ES,Federal Contract Tower,1,29,51,0,81,0,5,45,15,65,1,34,96,15,146,108,2,110,256
04/01/2022,MQY,TN,ASO,ES,Federal Contract Tower,2,16,57,1,76,0,114,140,6,260,2,130,197,7,336,226,20,246,582
04/02/2022,MQY,TN,ASO,ES,Federal Contract Tower,1,9,45,13,68,0,92,139,3,234,1,101,184,16,302,132,0,132,434
04/03/2022,MQY,TN,ASO,ES,Federal Contract Tower,0,18,50,2,70,0,101,119,4,224,0,119,169,6,294,154,0,154,448
04/04/2022,MQY,TN,ASO,ES,Federal Contract Tower,0,27,53,3,83,0,42,128,0,170,0,69,181,3,253,200,0,200,453
04/05/2022,MQY,TN,ASO,ES,Federal Contract Tower,0,10,29,2,41,0,1,4,0,5,0,11,33,2,46,24,0,24,70
04/06/2022,MQY,TN,ASO,ES,Federal Contract Tower,0,10,16,2,28,0,8,1,0,9,0,18,17,2,37,0,0,0,37
04/07/2022,MQY,TN,ASO,ES,Federal Contract Tower,1,11,64,0,76,0,30,142,13,185,1,41,206,13,261,184,44,228,489
04/08/2022,MQY,TN,ASO,ES,Federal Contract Tower,1,12,32,0,45,0,24,40,2,66,1,36,72,2,111,108,0,108,219
04/09/2022,MQY,TN,ASO,ES,Federal Contract Tower,0,14,20,6,40,0,8,59,16,83,0,22,79,22,123,66,28,94,217
04/10/2022,MQY,TN,ASO,ES,Federal Contract Tower,0,6,65,1,72,0,33,132,3,168,0,39,197,4,240,160,0,160,400
04/11/2022,MQY,TN,ASO,ES,Federal Contract Tower,0,8,34,0,42,0,0,11,0,11,0,8,45,0,53,26,0,26,79
04/12/2022,MQY,TN,ASO,ES,Federal Contract Tower,0,13,36,0,49,0,2,39,0,41,0,15,75,0,90,232,0,232,322
04/13/2022,MQY,TN,ASO,ES,Federal Contract Tower,0,10,41,0,51,0,0,15,0,15,0,10,56,0,66,18,0,18,84
04/14/2022,MQY,TN,ASO,ES,Federal Contract Tower,0,25,59,6,90,0,28,185,9,222,0,53,244,15,312,352,4,356,668
04/15/2022,MQY,TN,ASO,ES,Federal Contract Tower,0,24,68,2,94,0,57,161,2,220,0,81,229,4,314,256,0,256,570
04/16/2022,MQY,TN,ASO,ES,Federal Contract Tower,0,8,44,0,52,0,40,43,0,83,0,48,87,0,135,132,0,132,267
04/17/2022,MQY,TN,ASO,ES,Federal Contract Tower,0,14,15,0,29,0,3,39,0,42,0,17,54,0,71,134,0,134,205
04/18/2022,MQY,TN,ASO,ES,Federal Contract Tower,0,8,59,0,67,0,11,62,0,73,0,19,121,0,140,188,0,188,328
04/19/2022,MQY,TN,ASO,ES,Federal Contract Tower,0,21,59,2,82,0,30,136,1,167,0,51,195,3,249,278,0,278,527
04/20/2022,MQY,TN,ASO,ES,Federal Contract Tower,0,16,61,0,77,0,11,133,9,153,0,27,194,9,230,182,0,182,412
04/21/2022,MQY,TN,ASO,ES,Federal Contract Tower,3,20,50,1,74,0,8,114,13,135,3,28,164,14,209,192,0,192,401
04/22/2022,MQY,TN,ASO,ES,Federal Contract Tower,0,27,70,2,99,0,60,175,10,245,0,87,245,12,344,292,4,296,640
04/23/2022,MQY,TN,ASO,ES,Federal Contract Tower,0,5,29,0,34,0,16,116,3,135,0,21,145,3,169,162,0,162,331
04/24/2022,MQY,TN,ASO,ES,Federal Contract Tower,0,8,38,2,48,0,4,85,1,90,0,12,123,3,138,184,6,190,328
04/25/2022,MQY,TN,ASO,ES,Federal Contract Tower,0,10,27,0,37,0,19,16,0,35,0,29,43,0,72,38,0,38,110
04/26/2022,MQY,TN,ASO,ES,Federal Contract Tower,0,15,62,2,79,0,30,129,4,163,0,45,191,6,242,216,0,216,458
04/27/2022,MQY,TN,ASO,ES,Federal Contract Tower,1,14,80,0,95,0,12,166,5,183,1,26,246,5,278,268,0,268,546
04/28/2022,MQY,TN,ASO,ES,Federal Contract Tower,2,14,63,2,81,0,46,182,8,236,2,60,245,10,317,334,0,334,651
04/29/2022,MQY,TN,ASO,ES,Federal Contract Tower,0,18,69,0,87,0,26,177,0,203,0,44,246,0,290,232,0,232,522
04/30/2022,MQY,TN,ASO,ES,Federal Contract Tower,0,7,28,0,35,0,7,88,1,96,0,14,116,1,131,140,0,140,271
05/01/2022,MQY,TN,ASO,ES,Federal Contract Tower,2,13,40,0,55,0,7,51,1,59,2,20,91,1,114,168,0,168,282
05/02/2022,MQY,TN,ASO,ES,Federal Contract Tower,0,14,43,2,59,0,26,143,3,172,0,40,186,5,231,212,0,212,443
05/03/2022,MQY,TN,ASO,ES,Federal Contract Tower,0,13,38,1,52,0,2,50,2,54,0,15,88,3,106,70,28,98,204
05/04/2022,MQY,TN,ASO,ES,Federal Contract Tower,1,20,91,5,117,0,38,131,20,189,1,58,222,25,306,310,14,324,630
05/05/2022,MQY,TN,ASO,ES,Federal Contract Tower,0,11,59,2,72,0,5,95,1,101,0,16,154,3,173,146,0,146,319
05/06/2022,MQY,TN,ASO,ES,Federal Contract Tower,0,7,20,3,30,0,2,7,0,9,0,9,27,3,39,0,0,0,39
05/07/2022,MQY,TN,ASO,ES,Federal Contract Tower,0,6,44,0,50,0,2,3,0,5,0,8,47,0,55,36,0,36,91
05/08/2022,MQY,TN,ASO,ES,Federal Contract Tower,0,14,44,0,58,0,2,78,2,82,0,16,122,2,140,146,0,146,286
05/09/2022,MQY,TN,ASO,ES,Federal Contract Tower,0,12,66,4,82,0,3,125,2,130,0,15,191,6,212,186,0,186,398
05/10/2022,MQY,TN,ASO,ES,Federal Contract Tower,0,13,59,1,73,0,22,126,2,150,0,35,185,3,223,236,0,236,459
05/11/2022,MQY,TN,ASO,ES,Federal Contract Tower,0,8,60,6,74,0,44,163,12,219,0,52,223,18,293,314,0,314,607
05/12/2022,MQY,TN,ASO,ES,Federal Contract Tower,0,13,54,4,71,0,9,174,12,195,0,22,228,16,266,366,0,366,632
05/13/2022,MQY,TN,ASO,ES,Federal Contract Tower,0,18,64,2,84,0,9,151,1,161,0,27,215,3,245,278,0,278,523
05/14/2022,MQY,TN,ASO,ES,Federal Contract Tower,0,12,46,2,60,0,1,142,1,144,0,13,188,3,204,200,0,200,404
05/15/2022,MQY,TN,ASO,ES,Federal Contract Tower,0,7,48,0,55,0,1,87,0,88,0,8,135,0,143,106,0,106,249
05/16/2022,MQY,TN,ASO,ES,Federal Contract Tower,0,14,50,0,64,0,3,112,0,115,0,17,162,0,179,208,0,208,387
05/17/2022,MQY,TN,ASO,ES,Federal Contract Tower,0,11,64,1,76,0,17,147,5,169,0,28,211,6,245,222,0,222,467
05/18/2022,MQY,TN,ASO,ES,Federal Contract Tower,0,8,58,2,68,0,7,82,0,89,0,15,140,2,157,100,0,100,257
05/19/2022,MQY,TN,ASO,ES,Federal Contract Tower,0,13,54,5,72,0,11,109,5,125,0,24,163,10,197,110,12,122,319
05/20/2022,MQY,TN,ASO,ES,Federal Contract Tower,0,11,54,8,73,0,5,84,14,103,0,16,138,22,176,52,4,56,232
05/21/2022,MQY,TN,ASO,ES,Federal Contract Tower,0,9,28,0,37,0,3,124,0,127,0,12,152,0,164,152,0,152,316
05/22/2022,MQY,TN,ASO,ES,Federal Contract Tower,0,9,38,4,51,0,13,16,2,31,0,22,54,6,82,50,0,50,132
05/23/2022,MQY,TN,ASO,ES,Federal Contract Tower,0,15,49,0,64,0,2,23,0,25,0,17,72,0,89,58,0,58,147
05/24/2022,MQY,TN,ASO,ES,Federal Contract Tower,0,24,82,7,113,0,3,35,1,39,0,27,117,8,152,66,0,66,218
05/25/2022,MQY,TN,ASO,ES,Federal Contract Tower,0,5,36,3,44,0,6,31,2,39,0,11,67,5,83,50,0,50,133
05/26/2022,MQY,TN,ASO,ES,Federal Contract Tower,1,8,20,0,29,0,6,3,2,11,1,14,23,2,40,0,0,0,40
05/27/2022,MQY,TN,ASO,ES,Federal Contract Tower,0,23,73,2,98,0,5,103,0,108,0,28,176,2,206,254,0,254,460
05/28/2022,MQY,TN,ASO,ES,Federal Contract Tower,0,11,48,0,59,0,3,76,0,79,0,14,124,0,138,212,0,212,350
05/29/2022,MQY,TN,ASO,ES,Federal Contract Tower,0,11,26,2,39,0,7,93,0,100,0,18,119,2,139,134,0,134,273
05/30/2022,MQY,TN,ASO,ES,Federal Contract Tower,0,4,51,0,55,0,4,109,0,113,0,8,160,0,168,110,0,110,278
05/31/2022,MQY,TN,ASO,ES,Federal Contract Tower,0,11,52,2,65,0,13,169,2,184,0,24,221,4,249,242,0,242,491
06/01/2022,MQY,TN,ASO,ES,Federal Contract Tower,0,16,54,1,71,0,21,144,1,166,0,37,198,2,237,140,0,140,377
06/02/2022,MQY,TN,ASO,ES,Federal Contract Tower,0,6,34,1,41,0,26,97,2,125,0,32,131,3,166,108,6,114,280
06/03/2022,MQY,TN,ASO,ES,Federal Contract Tower,0,12,83,12,107,0,4,179,5,188,0,16,262,17,295,114,0,114,409
06/04/2022,MQY,TN,ASO,ES,Federal Contract Tower,0,18,32,1,51,0,44,139,9,192,0,62,171,10,243,172,0,172,415
06/05/2022,MQY,TN,ASO,ES,Federal Contract Tower,0,8,44,0,52,0,20,84,1,105,0,28,128,1,157,98,0,98,255
06/06/2022,MQY,TN,ASO,ES,Federal Contract Tower,2,5,25,0,32,0,19,61,16,96,2,24,86,16,128,136,14,150,278
06/07/2022,MQY,TN,ASO,ES,Federal Contract Tower,0,6,32,0,38,0,3,24,7,34,0,9,56,7,72,80,28,108,180
06/08/2022,MQY,TN,ASO,ES,Federal Contract Tower,0,7,37,0,44,0,8,37,0,45,0,15,74,0,89,144,0,144,233
06/09/2022,MQY,TN,ASO,ES,Federal Contract Tower,0,20,59,1,80,0,57,154,14,225,0,77,213,15,305,282,0,282,587
06/10/2022,MQY,TN,ASO,ES,Federal Contract Tower,0,18,32,1,51,0,11,142,1,154,0,29,174,2,205,200,0,200,405
06/11/2022,MQY,TN,ASO,ES,Federal Contract Tower,2,12,41,0,55,0,35,181,5,221,2,47,222,5,276,90,0,90,366
06/12/2022,MQY,TN,ASO,ES,Federal Contract Tower,1,24,37,1,63,0,6,89,0,95,1,30,126,1,158,96,0,96,254
06/13/2022,MQY,TN,ASO,ES,Federal Contract Tower,1,19,63,0,83,0,9,118,0,127,1,28,181,0,210,128,0,128,338
06/14/2022,MQY,TN,ASO,ES,Federal Contract Tower,2,16,43,4,65,0,28,136,1,165,2,44,179,5,230,240,0,240,470
06/15/2022,MQY,TN,ASO,ES,Federal Contract Tower,1,6,49,8,64,0,8,150,2,160,1,14,199,10,224,280,0,280,504
06/16/2022,MQY,TN,ASO,ES,Federal Contract Tower,0,16,48,2,66,0,17,130,10,157,0,33,178,12,223,248,14,262,485
06/17/2022,MQY,TN,ASO,ES,Federal Contract Tower,1,20,50,0,71,0,8,84,2,94,1,28,134,2,165,140,2,142,307
06/18/2022,MQY,TN,ASO,ES,Federal Contract Tower,0,16,25,0,41,0,14,76,1,91,0,30,101,1,132,72,0,72,204
06/19/2022,MQY,TN,ASO,ES,Federal Contract Tower,0,8,42,0,50,0,7,64,0,71,0,15,106,0,121,88,0,88,209
06/20/2022,MQY,TN,ASO,ES,Federal Contract Tower,2,24,51,0,77,0,6,116,0,122,2,30,167,0,199,224,0,224,423
06/21/2022,MQY,TN,ASO,ES,Federal Contract Tower,0,25,46,0,71,0,27,120,0,147,0,52,166,0,218,238,0,238,456
06/22/2022,MQY,TN,ASO,ES,Federal Contract Tower,0,35,36,5,76,0,9,149,0,158,0,44,185,5,234,242,0,242,476
06/23/2022,MQY,TN,ASO,ES,Federal Contract Tower,1,55,68,0,124,0,36,155,15,206,1,91,223,15,330,242,18,260,590
06/24/2022,MQY,TN,ASO,ES,Federal Contract Tower,0,45,73,4,122,0,32,160,14,206,0,77,233,18,328,122,22,144,472
06/25/2022,MQY,TN,ASO,ES,Federal Contract Tower,0,16,49,1,66,0,12,125,8,145,0,28,174,9,211,106,0,106,317
06/26/2022,MQY,TN,ASO,ES,Federal Contract Tower,0,35,64,2,101,0,2,68,3,73,0,37,132,5,174,154,0,154,328
06/27/2022,MQY,TN,ASO,ES,Federal Contract Tower,0,46,59,8,113,0,13,125,9,147,0,59,184,17,260,140,14,154,414
06/28/2022,MQY,TN,ASO,ES,Federal Contract Tower,0,34,54,5,93,0,22,162,4,188,0,56,216,9,281,222,0,222,503
06/29/2022,MQY,TN,ASO,ES,Federal Contract Tower,0,38,62,2,102,0,25,173,13,211,0,63,235,15,313,234,0,234,547
06/30/2022,MQY,TN,ASO,ES,Federal Contract Tower,0,22,46,1,69,0,25,112,19,156,0,47,158,20,225,200,4,204,429
07/01/2022,MQY,TN,ASO,ES,Federal Contract Tower,0,16,65,2,83,0,32,130,3,165,0,48,195,5,248,166,0,166,414
07/02/2022,MQY,TN,ASO,ES,Federal Contract Tower,0,11,17,3,31,0,10,69,0,79,0,21,86,3,110,112,0,112,222
07/03/2022,MQY,TN,ASO,ES,Federal Contract Tower,0,5,11,0,16,0,3,21,0,24,0,8,32,0,40,50,0,50,90
07/04/2022,MQY,TN,ASO,ES,Federal Contract Tower,0,0,9,0,9,0,0,34,2,36,0,0,43,2,45,144,0,144,189
07/05/2022,MQY,TN,ASO,ES,Federal Contract Tower,0,10,47,1,58,0,32,82,0,114,0,42,129,1,172,180,0,180,352
07/06/2022,MQY,TN,ASO,ES,Federal Contract Tower,0,7,51,1,59,0,1,76,0,77,0,8,127,1,136,104,0,104,240
07/07/2022,MQY,TN,ASO,ES,Federal Contract Tower,0,14,49,0,63,0,4,74,1,79,0,18,123,1,142,114,0,114,256
07/08/2022,MQY,TN,ASO,ES,Federal Contract Tower,0,21,43,0,64,0,17,106,4,127,0,38,149,4,191,102,0,102,293
07/09/2022,MQY,TN,ASO,ES,Federal Contract Tower,0,7,27,0,34,0,0,12,0,12,0,7,39,0,46,14,0,14,60
07/10/2022,MQY,TN,ASO,ES,Federal Contract Tower,0,13,62,0,75,0,8,50,0,58,0,21,112,0,133,58,0,58,191
07/11/2022,MQY,TN,ASO,ES,Federal Contract Tower,0,30,56,0,86,0,33,141,1,175,0,63,197,1,261,298,0,298,559
07/12/2022,MQY,TN,ASO,ES,Federal Contract Tower,1,16,45,0,62,0,34,107,0,141,1,50,152,0,203,114,0,114,317
07/13/2022,MQY,TN,ASO,ES,Federal Contract Tower,2,13,52,0,67,0,4,89,0,93,2,17,141,0,160,206,0,206,366
07/14/2022,MQY,TN,ASO,ES,Federal Contract Tower,0,20,49,0,69,0,3,133,10,146,0,23,182,10,215,200,10,210,425
07/15/2022,MQY,TN,ASO,ES,Federal Contract Tower,0,22,49,4,75,0,28,137,7,172,0,50,186,11,247,168,6,174,421
07/16/2022,MQY,TN,ASO,ES,Federal Contract Tower,0,18,38,0,56,0,27,137,2,166,0,45,175,2,222,94,0,94,316
07/17/2022,MQY,TN,ASO,ES,Federal Contract Tower,2,7,40,5,54,0,4,51,0,55,2,11,91,5,109,104,0,104,213
07/18/2022,MQY,TN,ASO,ES,Federal Contract Tower,0,3,38,1,42,0,2,18,2,22,0,5,56,3,64,126,0,126,190
07/19/2022,MQY,TN,ASO,ES,Federal Contract Tower,0,7,65,1,73,0,2,118,5,125,0,9,183,6,198,248,0,248,446
07/20/2022,MQY,TN,ASO,ES,Federal Contract Tower,0,8,63,1,72,0,4,175,4,183,0,12,238,5,255,240,0,240,495
07/21/2022,MQY,TN,ASO,ES,Federal Contract Tower,0,8,69,2,79,0,4,133,2,139,0,12,202,4,218,234,0,234,452
07/22/2022,MQY,TN,ASO,ES,Federal Contract Tower,0,8,57,0,65,0,5,129,2,136,0,13,186,2,201,252,0,252,453
07/23/2022,MQY,TN,ASO,ES,Federal Contract Tower,0,3,32,1,36,0,7,124,2,133,0,10,156,3,169,178,0,178,347
07/24/2022,MQY,TN,ASO,ES,Federal Contract Tower,0,7,34,0,41,0,18,68,1,87,0,25,102,1,128,192,2,194,322
07/25/2022,MQY,TN,ASO,ES,Federal Contract Tower,0,16,38,1,55,0,11,62,3,76,0,27,100,4,131,210,0,210,341
07/26/2022,MQY,TN,ASO,ES,Federal Contract Tower,0,20,41,3,64,0,7,83,1,91,0,27,124,4,155,210,0,210,365
07/27/2022,MQY,TN,ASO,ES,Federal Contract Tower,2,22,58,1,83,0,31,157,0,188,2,53,215,1,271,280,0,280,551
07/28/2022,MQY,TN,ASO,ES,Federal Contract Tower,2,8,34,1,45,0,16,63,4,83,2,24,97,5,128,136,0,136,264
07/29/2022,MQY,TN,ASO,ES,Federal Contract Tower,2,11,38,1,52,3,22,4,0,29,5,33,42,1,81,110,12,122,203
07/30/2022,MQY,TN,ASO,ES,Federal Contract Tower,2,6,49,0,57,0,2,92,1,95,2,8,141,1,152,200,0,200,352
07/31/2022,MQY,TN,ASO,ES,Federal Contract Tower,2,5,30,13,50,0,0,15,0,15,2,5,45,13,65,22,0,22,87
08/01/2022,MQY,TN,ASO,ES,Federal Contract Tower,0,16,59,5,80,0,7,72,1,80,0,23,131,6,160,286,0,286,446
08/02/2022,MQY,TN,ASO,ES,Federal Contract Tower,1,28,40,0,69,0,9,156,5,170,1,37,196,5,239,292,10,302,541
08/03/2022,MQY,TN,ASO,ES,Federal Contract Tower,6,11,69,0,86,0,26,155,0,181,6,37,224,0,267,250,0,250,517
08/04/2022,MQY,TN,ASO,ES,Federal Contract Tower,0,25,53,2,80,0,4,116,5,125,0,29,169,7,205,244,0,244,449
08/05/2022,MQY,TN,ASO,ES,Federal Contract Tower,4,19,48,3,74,0,9,108,15,132,4,28,156,18,206,218,0,218,424
08/06/2022,MQY,TN,ASO,ES,Federal Contract Tower,2,5,23,4,34,0,6,71,13,90,2,11,94,17,124,78,0,78,202
08/07/2022,MQY,TN,ASO,ES,Federal Contract Tower,0,10,40,1,51,0,4,75,6,85,0,14,115,7,136,154,0,154,290
08/08/2022,MQY,TN,ASO,ES,Federal Contract Tower,0,22,51,6,79,0,11,116,12,139,0,33,167,18,218,172,0,172,390
08/09/2022,MQY,TN,ASO,ES,Federal Contract Tower,0,17,39,0,56,0,4,98,1,103,0,21,137,1,159,116,0,116,275
08/10/2022,MQY,TN,ASO,ES,Federal Contract Tower,0,15,34,0,49,0,24,60,0,84,0,39,94,0,133,142,0,142,275
08/11/2022,MQY,TN,ASO,ES,Federal Contract Tower,0,12,62,2,76,0,3,62,0,65,0,15,124,2,141,178,0,178,319
08/12/2022,MQY,TN,ASO,ES,Federal Contract Tower,0,33,51,10,94,0,31,151,4,186,0,64,202,14,280,320,0,320,600
08/13/2022,MQY,TN,ASO,ES,Federal Contract Tower,0,21,33,0,54,0,6,119,0,125,0,27,152,0,179,212,0,212,391
08/14/2022,MQY,TN,ASO,ES,Federal Contract Tower,0,5,28,2,35,0,45,106,1,152,0,50,134,3,187,170,0,170,357
08/15/2022,MQY,TN,ASO,ES,Federal Contract Tower,0,10,55,4,69,0,3,161,0,164,0,13,216,4,233,230,0,230,463
08/16/2022,MQY,TN,ASO,ES,Federal Contract Tower,0,9,65,0,74,0,23,138,9,170,0,32,203,9,244,340,0,340,584
08/17/2022,MQY,TN,ASO,ES,Federal Contract Tower,0,18,55,17,90,0,4,124,10,138,0,22,179,27,228,224,0,224,452
08/18/2022,MQY,TN,ASO,ES,Federal Contract Tower,2,12,43,0,57,0,55,177,6,238,2,67,220,6,295,302,4,306,601
08/19/2022,MQY,TN,ASO,ES,Federal Contract Tower,3,8,56,7,74,0,26,147,7,180,3,34,203,14,254,218,0,218,472
08/20/2022,MQY,TN,ASO,ES,Federal Contract Tower,2,4,16,1,23,0,2,9,0,11,2,6,25,1,34,40,0,40,74
08/21/2022,MQY,TN,ASO,ES,Federal Contract Tower,2,6,22,5,35,0,31,13,6,50,2,37,35,11,85,74,0,74,159
08/22/2022,MQY,TN,ASO,ES,Federal Contract Tower,0,14,65,0,79,0,3,113,0,116,0,17,178,0,195,234,0,234,429
08/23/2022,MQY,TN,ASO,ES,Federal Contract Tower,0,16,62,0,78,0,9,164,0,173,0,25,226,0,251,352,0,352,603
08/24/2022,MQY,TN,ASO,ES,Federal Contract Tower,0,26,47,2,75,0,44,148,5,197,0,70,195,7,272,368,0,368,640
08/25/2022,MQY,TN,ASO,ES,Federal Contract Tower,0,16,58,0,74,0,19,185,1,205,0,35,243,1,279,338,0,338,617
08/26/2022,MQY,TN,ASO,ES,Federal Contract Tower,0,16,50,4,70,0,8,112,0,120,0,24,162,4,190,228,0,228,418
08/27/2022,MQY,TN,ASO,ES,Federal Contract Tower,0,6,29,2,37,0,38,163,2,203,0,44,192,4,240,264,0,264,504
08/28/2022,MQY,TN,ASO,ES,Federal Contract Tower,0,6,43,9,58,0,22,104,6,132,0,28,147,15,190,194,0,194,384
08/29/2022,MQY,TN,ASO,ES,Federal Contract Tower,1,14,38,0,53,0,11,102,2,115,1,25,140,2,168,246,0,246,414
08/30/2022,MQY,TN,ASO,ES,Federal Contract Tower,0,10,58,2,70,0,23,113,0,136,0,33,171,2,206,222,0,222,428
08/31/2022,MQY,TN,ASO,ES,Federal Contract Tower,3,16,63,14,96,0,24,161,0,185,3,40,224,14,281,224,0,224,505
09/01/2022,MQY,TN,ASO,ES,Federal Contract Tower,1,15,53,0,69,0,6,151,4,161,1,21,204,4,230,264,0,264,494
09/02/2022,MQY,TN,ASO,ES,Federal Contract Tower,2,6,39,3,50,0,6,110,2,118,2,12,149,5,168,132,0,132,300
09/03/2022,MQY,TN,ASO,ES,Federal Contract Tower,0,13,20,0,33,0,3,67,4,74,0,16,87,4,107,106,0,106,213
09/04/2022,MQY,TN,ASO,ES,Federal Contract Tower,0,2,13,0,15,0,0,43,0,43,0,2,56,0,58,120,0,120,178
09/05/2022,MQY,TN,ASO,ES,Federal Contract Tower,0,8,56,0,64,0,0,39,0,39,0,8,95,0,103,106,0,106,209
09/06/2022,MQY,TN,ASO,ES,Federal Contract Tower,0,11,37,0,48,0,5,73,4,82,0,16,110,4,130,174,0,174,304
09/07/2022,MQY,TN,ASO,ES,Federal Contract Tower,1,18,78,4,101,0,40,76,1,117,1,58,154,5,218,82,0,82,300
09/08/2022,MQY,TN,ASO,ES,Federal Contract Tower,0,13,68,4,85,0,57,195,2,254,0,70,263,6,339,254,0,254,593
09/09/2022,MQY,TN,ASO,ES,Federal Contract Tower,2,20,45,2,69,0,24,172,0,196,2,44,217,2,265,230,0,230,495
09/10/2022,MQY,TN,ASO,ES,Federal Contract Tower,0,10,35,1,46,0,1,13,1,15,0,11,48,2,61,32,0,32,93
09/11/2022,MQY,TN,ASO,ES,Federal Contract Tower,0,11,18,0,29,0,0,2,0,2,0,11,20,0,31,0,0,0,31
09/12/2022,MQY,TN,ASO,ES,Federal Contract Tower,0,15,57,2,74,0,45,144,0,189,0,60,201,2,263,200,0,200,463
09/13/2022,MQY,TN,ASO,ES,Federal Contract Tower,0,17,65,0,82,0,27,140,2,169,0,44,205,2,251,212,0,212,463
09/14/2022,MQY,TN,ASO,ES,Federal Contract Tower,0,30,50,3,83,0,71,140,6,217,0,101,190,9,300,210,16,226,526
09/15/2022,MQY,TN,ASO,ES,Federal Contract Tower,0,14,50,0,64,0,69,161,10,240,0,83,211,10,304,222,0,222,526
09/16/2022,MQY,TN,ASO,ES,Federal Contract Tower,0,11,45,4,60,0,30,152,3,185,0,41,197,7,245,264,0,264,509
09/17/2022,MQY,TN,ASO,ES,Federal Contract Tower,0,11,28,0,39,0,16,148,3,167,0,27,176,3,206,316,0,316,522
09/18/2022,MQY,TN,ASO,ES,Federal Contract Tower,0,29,43,3,75,0,12,131,2,145,0,41,174,5,220,230,0,230,450
09/19/2022,MQY,TN,ASO,ES,Federal Contract Tower,2,17,61,1,81,0,28,163,2,193,2,45,224,3,274,270,0,270,544
09/20/2022,MQY,TN,ASO,ES,Federal Contract Tower,2,14,76,0,92,0,53,156,0,209,2,67,232,0,301,210,0,210,511
09/21/2022,MQY,TN,ASO,ES,Federal Contract Tower,0,14,105,0,119,0,11,112,0,123,0,25,217,0,242,60,0,60,302
09/22/2022,MQY,TN,ASO,ES,Federal Contract Tower,1,12,68,1,82,0,6,113,8,127,1,18,181,9,209,138,12,150,359
09/23/2022,MQY,TN,ASO,ES,Federal Contract Tower,2,17,116,0,135,0,78,138,3,219,2,95,254,3,354,236,0,236,590
09/24/2022,MQY,TN,ASO,ES,Federal Contract Tower,0,11,83,1,95,0,3,116,2,121,0,14,199,3,216,198,0,198,414
09/25/2022,MQY,TN,ASO,ES,Federal Contract Tower,1,7,90,0,98,0,2,49,1,52,1,9,139,1,150,186,0,186,336
09/26/2022,MQY,TN,ASO,ES,Federal Contract Tower,3,19,56,0,78,0,34,103,1,138,3,53,159,1,216,274,4,278,494
09/27/2022,MQY,TN,ASO,ES,Federal Contract Tower,1,20,45,1,67,0,56,134,0,190,1,76,179,1,257,204,0,204,461
09/28/2022,MQY,TN,ASO,ES,Federal Contract Tower,0,27,55,8,90,0,79,113,3,195,0,106,168,11,285,172,0,172,457
09/29/2022,MQY,TN,ASO,ES,Federal Contract Tower,0,23,35,0,58,0,43,135,5,183,0,66,170,5,241,240,24,264,505
09/30/2022,MQY,TN,ASO,ES,Federal Contract Tower,1,21,53,1,76,0,61,121,1,183,1,82,174,2,259,310,0,310,569
10/01/2022,MQY,TN,ASO,ES,Federal Contract Tower,0,26,35,0,61,0,51,124,0,175,0,77,159,0,236,206,0,206,442
10/02/2022,MQY,TN,ASO,ES,Federal Contract Tower,0,31,40,0,71,0,10,76,0,86,0,41,116,0,157,144,0,144,301
10/03/2022,MQY,TN,ASO,ES,Federal Contract Tower,0,30,41,1,72,0,7,121,1,129,0,37,162,2,201,170,0,170,371
10/04/2022,MQY,TN,ASO,ES,Federal Contract Tower,0,46,56,5,107,0,61,144,1,206,0,107,200,6,313,232,4,236,549
10/05/2022,MQY,TN,ASO,ES,Federal Contract Tower,2,52,52,2,108,0,27,159,0,186,2,79,211,2,294,256,0,256,550
10/06/2022,MQY,TN,ASO,ES,Federal Contract Tower,1,25,34,2,62,0,51,165,1,217,1,76,199,3,279,280,0,280,559
10/07/2022,MQY,TN,ASO,ES,Federal Contract Tower,0,15,43,2,60,0,56,124,3,183,0,71,167,5,243,234,0,234,477
10/08/2022,MQY,TN,ASO,ES,Federal Contract Tower,1,12,46,0,59,0,4,115,0,119,1,16,161,0,178,38,0,38,216
10/09/2022,MQY,TN,ASO,ES,Federal Contract Tower,0,18,43,0,61,0,24,72,0,96,0,42,115,0,157,84,0,84,241
10/10/2022,MQY,TN,ASO,ES,Federal Contract Tower,1,31,62,0,94,0,13,120,1,134,1,44,182,1,228,292,0,292,520
10/11/2022,MQY,TN,ASO,ES,Federal Contract Tower,3,37,64,0,104,0,52,108,0,160,3,89,172,0,264,182,0,182,446
10/12/2022,MQY,TN,ASO,ES,Federal Contract Tower,0,21,27,0,48,0,7,58,0,65,0,28,85,0,113,68,0,68,181
10/13/2022,MQY,TN,ASO,ES,Federal Contract Tower,1,30,60,0,91,0,40,129,8,177,1,70,189,8,268,154,10,164,432
10/14/2022,MQY,TN,ASO,ES,Federal Contract Tower,2,50,51,5,108,0,33,126,5,164,2,83,177,10,272,160,0,160,432
10/15/2022,MQY,TN,ASO,ES,Federal Contract Tower,1,10,46,0,57,0,4,118,3,125,1,14,164,3,182,144,10,154,336
10/16/2022,MQY,TN,ASO,ES,Federal Contract Tower,0,18,42,9,69,0,11,40,0,51,0,29,82,9,120,106,0,106,226
10/17/2022,MQY,TN,ASO,ES,Federal Contract Tower,1,47,61,0,109,0,5,129,3,137,1,52,190,3,246,324,0,324,570
10/18/2022,MQY,TN,ASO,ES,Federal Contract Tower,1,39,39,2,81,0,38,112,0,150,1,77,151,2,231,286,0,286,517
10/19/2022,MQY,TN,ASO,ES,Federal Contract Tower,1,45,65,2,113,0,23,141,0,164,1,68,206,2,277,206,0,206,483
10/20/2022,MQY,TN,ASO,ES,Federal Contract Tower,2,48,41,0,91,0,16,151,7,174,2,64,192,7,265,306,14,320,585
10/21/2022,MQY,TN,ASO,ES,Federal Contract Tower,0,49,47,0,96,0,60,166,2,228,0,109,213,2,324,284,0,284,608
10/22/2022,MQY,TN,ASO,ES,Federal Contract Tower,2,16,30,0,48,0,24,129,2,155,2,40,159,2,203,156,0,156,359
10/23/2022,MQY,TN,ASO,ES,Federal Contract Tower,1,16,32,1,50,0,6,113,2,121,1,22,145,3,171,180,0,180,351
10/24/2022,MQY,TN,ASO,ES,Federal Contract Tower,0,35,50,2,87,0,14,132,4,150,0,49,182,6,237,270,10,280,517
10/25/2022,MQY,TN,ASO,ES,Federal Contract Tower,0,9,18,2,29,0,3,17,0,20,0,12,35,2,49,32,0,32,81
10/26/2022,MQY,TN,ASO,ES,Federal Contract Tower,1,37,77,0,115,0,51,106,0,157,1,88,183,0,272,286,0,286,558
10/27/2022,MQY,TN,ASO,ES,Federal Contract Tower,0,3,35,50,88,0,23,144,1,168,0,26,179,51,256,226,0,226,482
10/28/2022,MQY,TN,ASO,ES,Federal Contract Tower,3,43,53,2,101,0,59,172,0,231,3,102,225,2,332,266,0,266,598
10/29/2022,MQY,TN,ASO,ES,Federal Contract Tower,0,13,18,0,31,0,5,138,0,143,0,18,156,0,174,120,0,120,294
10/30/2022,MQY,TN,ASO,ES,Federal Contract Tower,0,15,34,0,49,0,1,5,0,6,0,16,39,0,55,6,0,6,61
10/31/2022,MQY,TN,ASO,ES,Federal Contract Tower,0,19,74,0,93,0,5,63,0,68,0,24,137,0,161,298,0,298,459
11/01/2022,MQY,TN,ASO,ES,Federal Contract Tower,0,20,61,0,81,0,51,163,1,215,0,71,224,1,296,216,0,216,512
11/02/2022,MQY,TN,ASO,ES,Federal Contract Tower,0,31,49,0,80,0,37,142,8,187,0,68,191,8,267,160,0,160,427
11/03/2022,MQY,TN,ASO,ES,Federal Contract Tower,1,12,48,1,62,0,51,140,5,196,1,63,188,6,258,266,0,266,524
11/04/2022,MQY,TN,ASO,ES,Federal Contract Tower,3,24,50,1,78,0,20,132,6,158,3,44,182,7,236,248,0,248,484
11/05/2022,MQY,TN,ASO,ES,Federal Contract Tower,1,9,17,0,27,0,0,1,0,1,1,9,18,0,28,0,0,0,28
11/06/2022,MQY,TN,ASO,ES,Federal Contract Tower,0,8,49,0,57,0,2,4,1,7,0,10,53,1,64,36,0,36,100
11/07/2022,MQY,TN,ASO,ES,Federal Contract Tower,1,31,56,6,94,0,20,66,0,86,1,51,122,6,180,160,0,160,340
11/08/2022,MQY,TN,ASO,ES,Federal Contract Tower,0,32,61,5,98,0,34,131,10,175,0,66,192,15,273,264,20,284,557
11/09/2022,MQY,TN,ASO,ES,Federal Contract Tower,0,2,13,60,75,0,28,152,2,182,0,30,165,62,257,210,0,210,467
11/10/2022,MQY,TN,ASO,ES,Federal Contract Tower,0,16,44,3,63,0,24,139,9,172,0,40,183,12,235,222,32,254,489
11/11/2022,MQY,TN,ASO,ES,Federal Contract Tower,2,12,36,0,50,0,0,0,0,0,2,12,36,0,50,148,0,148,198
11/12/2022,MQY,TN,ASO,ES,Federal Contract Tower,0,2,12,0,14,0,0,0,1,1,0,2,12,1,15,0,0,0,15
11/13/2022,MQY,TN,ASO,ES,Federal Contract Tower,1,9,37,0,47,0,2,92,2,96,1,11,129,2,143,216,0,216,359
11/14/2022,MQY,TN,ASO,ES,Federal Contract Tower,0,14,54,2,70,0,5,120,0,125,0,19,174,2,195,158,0,158,353
11/15/2022,MQY,TN,ASO,ES,Federal Contract Tower,0,19,42,2,63,0,2,3,0,5,0,21,45,2,68,28,0,28,96
11/16/2022,MQY,TN,ASO,ES,Federal Contract Tower,4,19,52,2,77,0,26,142,3,171,4,45,194,5,248,272,2,274,522
11/17/2022,MQY,TN,ASO,ES,Federal Contract Tower,3,15,49,1,68,0,5,152,6,163,3,20,201,7,231,284,16,300,531
11/18/2022,MQY,TN,ASO,ES,Federal Contract Tower,4,11,75,0,90,0,7,132,12,151,4,18,207,12,241,170,14,184,425
11/19/2022,MQY,TN,ASO,ES,Federal Contract Tower,0,5,17,0,22,0,7,128,2,137,0,12,145,2,159,140,0,140,299
11/20/2022,MQY,TN,ASO,ES,Federal Contract Tower,0,7,33,0,40,0,3,81,2,86,0,10,114,2,126,226,0,226,352
11/21/2022,MQY,TN,ASO,ES,Federal Contract Tower,0,13,61,0,74,0,21,109,0,130,0,34,170,0,204,226,0,226,430
11/22/2022,MQY,TN,ASO,ES,Federal Contract Tower,0,8,43,0,51,0,2,109,3,114,0,10,152,3,165,234,0,234,399
11/23/2022,MQY,TN,ASO,ES,Federal Contract Tower,0,10,41,0,51,0,10,125,0,135,0,20,166,0,186,224,0,224,410
11/24/2022,MQY,TN,ASO,ES,Federal Contract Tower,0,5,1,0,6,0,2,11,0,13,0,7,12,0,19,0,0,0,19
11/25/2022,MQY,TN,ASO,ES,Federal Contract Tower,3,2,19,0,24,0,4,31,0,35,3,6,50,0,59,120,0,120,179
11/26/2022,MQY,TN,ASO,ES,Federal Contract Tower,0,10,32,1,43,0,6,55,1,62,0,16,87,2,105,102,0,102,207
11/27/2022,MQY,TN,ASO,ES,Federal Contract Tower,0,6,25,0,31,0,3,2,2,7,0,9,27,2,38,6,0,6,44
11/28/2022,MQY,TN,ASO,ES,Federal Contract Tower,0,8,63,3,74,0,6,85,3,94,0,14,148,6,168,326,0,326,494
11/29/2022,MQY,TN,ASO,ES,Federal Contract Tower,0,6,34,2,42,0,4,61,0,65,0,10,95,2,107,68,0,68,175
11/30/2022,MQY,TN,ASO,ES,Federal Contract Tower,1,16,68,2,87,0,10,108,0,118,1,26,176,2,205,138,2,140,345
12/01/2022,MQY,TN,ASO,ES,Federal Contract Tower,0,8,43,8,59,0,18,138,10,166,0,26,181,18,225,176,0,176,401
12/02/2022,MQY,TN,ASO,ES,Federal Contract Tower,2,7,46,0,55,0,4,114,0,118,2,11,160,0,173,142,0,142,315
12/03/2022,MQY,TN,ASO,ES,Federal Contract Tower,2,10,14,0,26,0,20,36,0,56,2,30,50,0,82,210,0,210,292
12/04/2022,MQY,TN,ASO,ES,Federal Contract Tower,0,7,32,0,39,0,39,97,3,139,0,46,129,3,178,206,0,206,384
12/05/2022,MQY,TN,ASO,ES,Federal Contract Tower,0,10,23,2,35,0,0,3,0,3,0,10,26,2,38,6,0,6,44
12/06/2022,MQY,TN,ASO,ES,Federal Contract Tower,0,22,30,0,52,0,0,3,1,4,0,22,33,1,56,0,0,0,56
12/07/2022,MQY,TN,ASO,ES,Federal Contract Tower,0,9,32,0,41,0,0,0,0,0,0,9,32,0,41,0,0,0,41
12/08/2022,MQY,TN,ASO,ES,Federal Contract Tower,0,14,28,0,42,0,0,0,0,0,0,14,28,0,42,0,0,0,42
12/09/2022,MQY,TN,ASO,ES,Federal Contract Tower,0,5,33,0,38,0,0,0,0,0,0,5,33,0,38,0,0,0,38
12/10/2022,MQY,TN,ASO,ES,Federal Contract Tower,0,2,36,0,38,0,0,7,0,7,0,2,43,0,45,18,0,18,63
12/11/2022,MQY,TN,ASO,ES,Federal Contract Tower,0,5,26,5,36,0,0,1,0,1,0,5,27,5,37,0,0,0,37
12/12/2022,MQY,TN,ASO,ES,Federal Contract Tower,0,16,83,0,99,0,9,97,0,106,0,25,180,0,205,176,0,176,381
12/13/2022,MQY,TN,ASO,ES,Federal Contract Tower,0,16,52,3,71,0,5,108,7,120,0,21,160,10,191,202,18,220,411
12/14/2022,MQY,TN,ASO,ES,Federal Contract Tower,0,7,33,0,40,0,0,0,0,0,0,7,33,0,40,0,0,0,40
12/15/2022,MQY,TN,ASO,ES,Federal Contract Tower,0,17,51,1,69,0,0,185,11,196,0,17,236,12,265,276,28,304,569
12/16/2022,MQY,TN,ASO,ES,Federal Contract Tower,1,21,46,2,70,0,6,159,0,165,1,27,205,2,235,184,0,184,419
12/17/2022,MQY,TN,ASO,ES,Federal Contract Tower,0,13,30,0,43,0,11,107,9,127,0,24,137,9,170,82,0,82,252
12/18/2022,MQY,TN,ASO,ES,Federal Contract Tower,2,11,35,2,50,0,6,108,3,117,2,17,143,5,167,140,10,150,317
12/19/2022,MQY,TN,ASO,ES,Federal Contract Tower,0,6,56,2,64,0,5,87,0,92,0,11,143,2,156,118,0,118,274
12/20/2022,MQY,TN,ASO,ES,Federal Contract Tower,0,10,45,1,56,0,9,106,1,116,0,19,151,2,172,116,0,116,288
12/21/2022,MQY,TN,ASO,ES,Federal Contract Tower,1,9,47,4,61,0,2,87,7,96,1,11,134,11,157,126,22,148,305
12/22/2022,MQY,TN,ASO,ES,Federal Contract Tower,0,15,31,0,46,0,0,6,0,6,0,15,37,0,52,14,0,14,66
12/23/2022,MQY,TN,ASO,ES,Federal Contract Tower,0,3,5,0,8,0,0,1,0,1,0,3,6,0,9,2,0,2,11
12/24/2022,MQY,TN,ASO,ES,Federal Contract Tower,0,1,3,0,4,0,2,7,0,9,0,3,10,0,13,8,0,8,21
12/25/2022,MQY,TN,ASO,ES,Federal Contract Tower,0,6,4,0,10,0,0,1,0,1,0,6,5,0,11,0,0,0,11
12/26/2022,MQY,TN,ASO,ES,Federal Contract Tower,0,3,15,0,18,0,0,6,0,6,0,3,21,0,24,12,0,12,36
12/27/2022,MQY,TN,ASO,ES,Federal Contract Tower,0,4,47,2,53,0,2,89,0,91,0,6,136,2,144,134,0,134,278
12/28/2022,MQY,TN,ASO,ES,Federal Contract Tower,0,9,27,0,36,0,7,59,1,67,0,16,86,1,103,54,0,54,157
12/29/2022,MQY,TN,ASO,ES,Federal Contract Tower,0,8,37,0,45,0,8,45,0,53,0,16,82,0,98,30,0,30,128
12/30/2022,MQY,TN,ASO,ES,Federal Contract Tower,0,6,35,0,41,0,2,38,0,40,0,8,73,0,81,80,0,80,161
12/31/2022,MQY,TN,ASO,ES,Federal Contract Tower,0,3,7,0,10,0,3,14,1,18,0,6,21,1,28,44,0,44,72
01/01/2023,MQY,TN,ASO,ES,Federal Contract Tower,0,2,12,0,14,0,2,46,0,48,0,4,58,0,62,4,0,4,66
01/02/2023,MQY,TN,ASO,ES,Federal Contract Tower,0,2,52,0,54,0,1,83,1,85,0,3,135,1,139,282,0,282,421
01/03/2023,MQY,TN,ASO,ES,Federal Contract Tower,0,4,13,0,17,0,0,3,0,3,0,4,16,0,20,0,0,0,20
01/04/2023,MQY,TN,ASO,ES,Federal Contract Tower,0,17,31,1,49,0,3,133,0,136,0,20,164,1,185,224,0,224,409
01/05/2023,MQY,TN,ASO,ES,Federal Contract Tower,0,2,32,0,34,0,2,100,4,106,0,4,132,4,140,118,0,118,258
01/06/2023,MQY,TN,ASO,ES,Federal Contract Tower,0,6,39,0,45,0,6,143,0,149,0,12,182,0,194,254,0,254,448
01/07/2023,MQY,TN,ASO,ES,Federal Contract Tower,0,4,16,0,20,0,0,18,0,18,0,4,34,0,38,52,0,52,90
01/08/2023,MQY,TN,ASO,ES,Federal Contract Tower,0,1,10,0,11,0,0,0,0,0,0,1,10,0,11,6,0,6,17
01/09/2023,MQY,TN,ASO,ES,Federal Contract Tower,0,7,65,0,72,0,5,154,1,160,0,12,219,1,232,278,4,282,514
01/10/2023,MQY,TN,ASO,ES,Federal Contract Tower,0,8,51,0,59,0,4,173,8,185,0,12,224,8,244,210,22,232,476
01/11/2023,MQY,TN,ASO,ES,Federal Contract Tower,0,14,57,2,73,0,6,29,0,35,0,20,86,2,108,76,0,76,184
01/12/2023,MQY,TN,ASO,ES,Federal Contract Tower,0,6,11,0,17,0,0,4,0,4,0,6,15,0,21,10,0,10,31
01/13/2023,MQY,TN,ASO,ES,Federal Contract Tower,0,5,18,0,23,0,1,0,0,1,0,6,18,0,24,0,0,0,24
01/14/2023,MQY,TN,ASO,ES,Federal Contract Tower,0,9,19,0,28,0,1,123,1,125,0,10,142,1,153,350,0,350,503
01/15/2023,MQY,TN,ASO,ES,Federal Contract Tower,0,5,34,0,39,0,0,102,1,103,0,5,136,1,142,272,0,272,414
01/16/2023,MQY,TN,ASO,ES,Federal Contract Tower,0,4,41,0,45,0,2,80,1,83,0,6,121,1,128,218,0,218,346
01/17/2023,MQY,TN,ASO,ES,Federal Contract Tower,0,5,59,0,64,0,1,77,2,80,0,6,136,2,144,244,0,244,388
01/18/2023,MQY,TN,ASO,ES,Federal Contract Tower,0,13,41,0,54,0,2,24,0,26,0,15,65,0,80,124,0,124,204
01/19/2023,MQY,TN,ASO,ES,Federal Contract Tower,0,8,41,1,50,0,11,58,1,70,0,19,99,2,120,118,0,118,238
01/20/2023,MQY,TN,ASO,ES,Federal Contract Tower,0,11,40,0,51,0,43,188,8,239,0,54,228,8,290,338,20,358,648
01/21/2023,MQY,TN,ASO,ES,Federal Contract Tower,0,10,26,0,36,0,5,235,0,240,0,15,261,0,276,222,0,222,498
01/22/2023,MQY,TN,ASO,ES,Federal Contract Tower,0,8,15,0,23,0,0,0,0,0,0,8,15,0,23,0,0,0,23
01/23/2023,MQY,TN,ASO,ES,Federal Contract Tower,0,9,29,0,38,0,18,132,1,151,0,27,161,1,189,398,0,398,587
01/24/2023,MQY,TN,ASO,ES,Federal Contract Tower,0,9,48,0,57,0,2,155,0,157,0,11,203,0,214,196,0,196,410
01/25/2023,MQY,TN,ASO,ES,Federal Contract Tower,0,8,22,0,30,0,0,4,0,4,0,8,26,0,34,0,0,0,34
01/26/2023,MQY,TN,ASO,ES,Federal Contract Tower,0,11,32,0,43,0,5,87,6,98,0,16,119,6,141,266,0,266,407
01/27/2023,MQY,TN,ASO,ES,Federal Contract Tower,0,10,49,2,61,0,4,163,1,168,0,14,212,3,229,300,0,300,529
01/28/2023,MQY,TN,ASO,ES,Federal Contract Tower,0,1,27,0,28,0,5,156,0,161,0,6,183,0,189,254,0,254,443
01/29/2023,MQY,TN,ASO,ES,Federal Contract Tower,0,1,21,0,22,0,0,0,0,0,0,1,21,0,22,0,0,0,22
01/30/2023,MQY,TN,ASO,ES,Federal Contract Tower,0,7,37,0,44,0,0,0,0,0,0,7,37,0,44,0,0,0,44
01/31/2023,MQY,TN,ASO,ES,Federal Contract Tower,0,1,12,0,13,0,0,0,0,0,0,1,12,0,13,0,0,0,13
02/01/2023,MQY,TN,ASO,ES,Federal Contract Tower,0,3,26,0,29,0,0,0,0,0,0,3,26,0,29,0,0,0,29
02/02/2023,MQY,TN,ASO,ES,Federal Contract Tower,0,12,10,0,22,0,0,0,0,0,0,12,10,0,22,0,0,0,22
02/03/2023,MQY,TN,ASO,ES,Federal Contract Tower,0,12,54,1,67,0,11,137,0,148,0,23,191,1,215,258,0,258,473
02/04/2023,MQY,TN,ASO,ES,Federal Contract Tower,0,1,27,1,29,0,16,132,5,153,0,17,159,6,182,258,12,270,452
02/05/2023,MQY,TN,ASO,ES,Federal Contract Tower,0,5,27,0,32,0,4,84,6,94,0,9,111,6,126,122,0,122,248
02/06/2023,MQY,TN,ASO,ES,Federal Contract Tower,0,7,63,0,70,0,8,136,1,145,0,15,199,1,215,322,0,322,537
02/07/2023,MQY,TN,ASO,ES,Federal Contract Tower,0,15,52,0,67,0,11,143,5,159,0,26,195,5,226,274,0,274,500
02/08/2023,MQY,TN,ASO,ES,Federal Contract Tower,0,16,67,0,83,0,23,8,0,31,0,39,75,0,114,12,0,12,126
02/09/2023,MQY,TN,ASO,ES,Federal Contract Tower,2,7,28,0,37,0,23,31,0,54,2,30,59,0,91,50,0,50,141
02/10/2023,MQY,TN,ASO,ES,Federal Contract Tower,0,14,68,4,86,0,41,168,7,216,0,55,236,11,302,312,0,312,614
02/11/2023,MQY,TN,ASO,ES,Federal Contract Tower,0,8,35,1,44,0,33,114,0,147,0,41,149,1,191,214,0,214,405
02/12/2023,MQY,TN,ASO,ES,Federal Contract Tower,0,4,23,1,28,0,23,53,1,77,0,27,76,2,105,134,0,134,239
02/13/2023,MQY,TN,ASO,ES,Federal Contract Tower,0,4,41,5,50,0,28,144,4,176,0,32,185,9,226,310,0,310,536
02/14/2023,MQY,TN,ASO,ES,Federal Contract Tower,1,14,30,0,45,0,3,75,0,78,1,17,105,0,123,156,0,156,279
02/15/2023,MQY,TN,ASO,ES,Federal Contract Tower,1,11,63,1,76,0,3,72,1,76,1,14,135,2,152,200,0,200,352
02/16/2023,MQY,TN,ASO,ES,Federal Contract Tower,0,8,12,0,20,0,0,4,0,4,0,8,16,0,24,0,0,0,24
02/17/2023,MQY,TN,ASO,ES,Federal Contract Tower,0,3,21,0,24,0,27,69,0,96,0,30,90,0,120,280,0,280,400
02/18/2023,MQY,TN,ASO,ES,Federal Contract Tower,0,7,39,2,48,0,44,159,1,204,0,51,198,3,252,272,0,272,524
02/19/2023,MQY,TN,ASO,ES,Federal Contract Tower,0,2,17,0,19,0,24,88,1,113,0,26,105,1,132,94,0,94,226
02/20/2023,MQY,TN,ASO,ES,Federal Contract Tower,0,9,45,0,54,0,61,84,0,145,0,70,129,0,199,228,0,228,427
02/21/2023,MQY,TN,ASO,ES,Federal Contract Tower,0,5,52,0,57,0,32,141,4,177,0,37,193,4,234,258,12,270,504
02/22/2023,MQY,TN,ASO,ES,Federal Contract Tower,0,8,39,0,47,0,10,8,1,19,0,18,47,1,66,22,0,22,88
02/23/2023,MQY,TN,ASO,ES,Federal Contract Tower,0,5,59,0,64,0,86,154,0,240,0,91,213,0,304,296,0,296,600
02/24/2023,MQY,TN,ASO,ES,Federal Contract Tower,0,13,43,0,56,0,81,123,0,204,0,94,166,0,260,250,0,250,510
02/25/2023,MQY,TN,ASO,ES,Federal Contract Tower,0,4,25,0,29,0,0,3,0,3,0,4,28,0,32,0,0,0,32
02/26/2023,MQY,TN,ASO,ES,Federal Contract Tower,0,8,27,0,35,0,0,3,0,3,0,8,30,0,38,0,0,0,38
02/27/2023,MQY,TN,ASO,ES,Federal Contract Tower,0,5,23,0,28,0,20,6,0,26,0,25,29,0,54,12,0,12,66
02/28/2023,MQY,TN,ASO,ES,Federal Contract Tower,0,14,51,0,65,0,85,162,1,248,0,99,213,1,313,220,0,220,533
03/01/2023,MQY,TN,ASO,ES,Federal Contract Tower,0,18,63,0,81,0,82,144,2,228,0,100,207,2,309,160,0,160,469
03/02/2023,MQY,TN,ASO,ES,Federal Contract Tower,0,28,29,0,57,0,2,8,0,10,0,30,37,0,67,50,0,50,117
03/03/2023,MQY,TN,ASO,ES,Federal Contract Tower,0,8,8,0,16,0,2,1,0,3,0,10,9,0,19,4,0,4,23
03/04/2023,MQY,TN,ASO,ES,Federal Contract Tower,0,24,39,0,63,0,158,96,3,257,0,182,135,3,320,172,0,172,492
03/05/2023,MQY,TN,ASO,ES,Federal Contract Tower,0,8,36,0,44,0,155,115,2,272,0,163,151,2,316,154,0,154,470
03/06/2023,MQY,TN,ASO,ES,Federal Contract Tower,0,18,51,0,69,0,125,105,0,230,0,143,156,0,299,118,0,118,417
03/07/2023,MQY,TN,ASO,ES,Federal Contract Tower,0,24,51,2,77,0,162,150,0,312,0,186,201,2,389,280,0,280,669
03/08/2023,MQY,TN,ASO,ES,Federal Contract Tower,0,12,65,0,77,0,110,102,15,227,0,122,167,15,304,154,0,154,458
03/09/2023,MQY,TN,ASO,ES,Federal Contract Tower,0,20,55,1,76,0,93,57,0,150,0,113,112,1,226,126,0,126,352
03/10/2023,MQY,TN,ASO,ES,Federal Contract Tower,4,17,48,7,76,0,94,75,2,171,4,111,123,9,247,268,4,272,519
03/11/2023,MQY,TN,ASO,ES,Federal Contract Tower,0,10,19,0,29,0,100,120,4,224,0,110,139,4,253,256,0,256,509
03/12/2023,MQY,TN,ASO,ES,Federal Contract Tower,0,8,19,0,27,0,0,4,0,4,0,8,23,0,31,0,0,0,31
03/13/2023,MQY,TN,ASO,ES,Federal Contract Tower,0,22,36,9,67,0,177,109,0,286,0,199,145,9,353,254,6,260,613
03/14/2023,MQY,TN,ASO,ES,Federal Contract Tower,2,19,33,2,56,0,160,119,1,280,2,179,152,3,336,256,0,256,592
03/15/2023,MQY,TN,ASO,ES,Federal Contract Tower,0,25,50,0,75,0,180,154,0,334,0,205,204,0,409,264,0,264,673
03/16/2023,MQY,TN,ASO,ES,Federal Contract Tower,4,19,35,1,59,0,108,72,0,180,4,127,107,1,239,68,0,68,307
03/17/2023,MQY,TN,ASO,ES,Federal Contract Tower,0,9,29,0,38,0,72,6,0,78,0,81,35,0,116,0,0,0,116
03/18/2023,MQY,TN,ASO,ES,Federal Contract Tower,0,6,32,0,38,0,52,75,1,128,0,58,107,1,166,104,0,104,270
03/19/2023,MQY,TN,ASO,ES,Federal Contract Tower,2,15,33,0,50,0,55,77,1,133,2,70,110,1,183,120,0,120,303
03/20/2023,MQY,TN,ASO,ES,Federal Contract Tower,0,22,46,0,68,0,171,145,2,318,0,193,191,2,386,184,0,184,570
03/21/2023,MQY,TN,ASO,ES,Federal Contract Tower,1,18,42,0,61,0,72,78,1,151,1,90,120,1,212,144,0,144,356
03/22/2023,MQY,TN,ASO,ES,Federal Contract Tower,2,16,62,0,80,0,0,0,0,0,2,16,62,0,80,0,0,0,80
03/23/2023,MQY,TN,ASO,ES,Federal Contract Tower,0,19,53,0,72,0,56,83,14,153,0,75,136,14,225,156,4,160,385
03/24/2023,MQY,TN,ASO,ES,Federal Contract Tower,0,13,49,0,62,0,50,36,0,86,0,63,85,0,148,82,0,82,230
03/25/2023,MQY,TN,ASO,ES,Federal Contract Tower,0,6,17,0,23,0,11,68,3,82,0,17,85,3,105,6,0,6,111
03/26/2023,MQY,TN,ASO,ES,Federal Contract Tower,0,13,24,0,37,0,139,108,4,251,0,152,132,4,288,158,2,160,448
03/27/2023,MQY,TN,ASO,ES,Federal Contract Tower,0,19,37,0,56,0,99,125,0,224,0,118,162,0,280,196,0,196,476
03/28/2023,MQY,TN,ASO,ES,Federal Contract Tower,0,21,43,1,65,0,133,117,2,252,0,154,160,3,317,164,12,176,493
03/29/2023,MQY,TN,ASO,ES,Federal Contract Tower,0,26,56,1,83,0,166,145,1,312,0,192,201,2,395,226,0,226,621
03/30/2023,MQY,TN,ASO,ES,Federal Contract Tower,3,23,37,0,63,0,155,144,9,308,3,178,181,9,371,128,30,158,529
03/31/2023,MQY,TN,ASO,ES,Federal Contract Tower,1,7,26,0,34,0,0,23,2,25,1,7,49,2,59,26,16,42,101
04/01/2023,MQY,TN,ASO,ES,Federal Contract Tower,2,2,17,0,21,0,9,9,2,20,2,11,26,2,41,6,0,6,47
04/02/2023,MQY,TN,ASO,ES,Federal Contract Tower,0,12,29,1,42,0,102,109,8,219,0,114,138,9,261,238,2,240,501
04/03/2023,MQY,TN,ASO,ES,Federal Contract Tower,1,9,62,0,72,0,7,24,0,31,1,16,86,0,103,36,0,36,139
04/04/2023,MQY,TN,ASO,ES,Federal Contract Tower,0,22,63,0,85,0,92,82,3,177,0,114,145,3,262,108,16,124,386
04/05/2023,MQY,TN,ASO,ES,Federal Contract Tower,2,26,35,0,63,0,17,25,1,43,2,43,60,1,106,24,0,24,130
04/06/2023,MQY,TN,ASO,ES,Federal Contract Tower,0,10,50,0,60,0,0,0,0,0,0,10,50,0,60,0,0,0,60
04/07/2023,MQY,TN,ASO,ES,Federal Contract Tower,0,22,36,5,63,0,24,55,0,79,0,46,91,5,142,94,0,94,236
04/08/2023,MQY,TN,ASO,ES,Federal Contract Tower,0,10,22,0,32,0,0,7,0,7,0,10,29,0,39,16,0,16,55
04/09/2023,MQY,TN,ASO,ES,Federal Contract Tower,0,6,25,0,31,0,156,49,2,207,0,162,74,2,238,22,0,22,260
04/10/2023,MQY,TN,ASO,ES,Federal Contract Tower,0,21,54,0,75,0,170,162,0,332,0,191,216,0,407,256,0,256,663
04/11/2023,MQY,TN,ASO,ES,Federal Contract Tower,0,13,32,3,48,0,107,135,0,242,0,120,167,3,290,138,0,138,428
04/12/2023,MQY,TN,ASO,ES,Federal Contract Tower,0,22,60,0,82,0,164,165,3,332,0,186,225,3,414,204,0,204,618
04/13/2023,MQY,TN,ASO,ES,Federal Contract Tower,0,11,49,2,62,0,65,150,7,222,0,76,199,9,284,174,14,188,472
04/14/2023,MQY,TN,ASO,ES,Federal Contract Tower,0,14,37,2,53,0,150,101,2,253,0,164,138,4,306,216,0,216,522
04/15/2023,MQY,TN,ASO,ES,Federal Contract Tower,0,10,24,0,34,0,103,103,4,210,0,113,127,4,244,154,0,154,398
04/16/2023,MQY,TN,ASO,ES,Federal Contract Tower,0,9,19,2,30,0,5,15,3,23,0,14,34,5,53,0,0,0,53
04/17/2023,MQY,TN,ASO,ES,Federal Contract Tower,0,11,31,0,42,0,120,72,0,192,0,131,103,0,234,42,0,42,276
04/18/2023,MQY,TN,ASO,ES,Federal Contract Tower,2,25,50,0,77,0,132,132,1,265,2,157,182,1,342,112,0,112,454
04/19/2023,MQY,TN,ASO,ES,Federal Contract Tower,0,18,50,1,69,0,113,147,5,265,0,131,197,6,334,220,0,220,554
04/20/2023,MQY,TN,ASO,ES,Federal Contract Tower,0,16,24,0,40,0,118,89,3,210,0,134,113,3,250,110,0,110,360
04/21/2023,MQY,TN,ASO,ES,Federal Contract Tower,2,6,18,3,29,0,86,55,1,142,2,92,73,4,171,90,0,90,261
04/22/2023,MQY,TN,ASO,ES,Federal Contract Tower,0,10,26,1,37,0,106,85,1,192,0,116,111,2,229,116,0,116,345
04/23/2023,MQY,TN,ASO,ES,Federal Contract Tower,0,17,26,2,45,0,131,87,2,220,0,148,113,4,265,84,0,84,349
04/24/2023,MQY,TN,ASO,ES,Federal Contract Tower,0,16,25,0,41,0,128,135,2,265,0,144,160,2,306,274,0,274,580
04/25/2023,MQY,TN,ASO,ES,Federal Contract Tower,0,23,51,0,74,0,115,118,0,233,0,138,169,0,307,146,0,146,453
04/26/2023,MQY,TN,ASO,ES,Federal Contract Tower,1,26,49,1,77,0,114,117,0,231,1,140,166,1,308,108,0,108,416
04/27/2023,MQY,TN,ASO,ES,Federal Contract Tower,0,9,37,0,46,0,0,8,0,8,0,9,45,0,54,16,0,16,70
04/28/2023,MQY,TN,ASO,ES,Federal Contract Tower,0,29,59,3,91,0,33,46,0,79,0,62,105,3,170,140,0,140,310
04/29/2023,MQY,TN,ASO,ES,Federal Contract Tower,0,5,29,0,34,0,58,83,3,144,0,63,112,3,178,114,0,114,292
04/30/2023,MQY,TN,ASO,ES,Federal Contract Tower,0,9,22,3,34,0,15,42,2,59,0,24,64,5,93,32,0,32,125
05/01/2023,MQY,TN,ASO,ES,Federal Contract Tower,0,14,31,0,45,0,31,51,0,82,0,45,82,0,127,20,0,20,147
05/02/2023,MQY,TN,ASO,ES,Federal Contract Tower,0,13,28,0,41,0,14,55,1,70,0,27,83,1,111,70,0,70,181
05/03/2023,MQY,TN,ASO,ES,Federal Contract Tower,1,11,28,1,41,0,108,115,2,225,1,119,143,3,266,130,6,136,402
05/04/2023,MQY,TN,ASO,ES,Federal Contract Tower,0,20,54,2,76,0,101,141,4,246,0,121,195,6,322,144,0,144,466
05/05/2023,MQY,TN,ASO,ES,Federal Contract Tower,0,21,39,3,63,0,56,79,0,135,0,77,118,3,198,60,0,60,258
05/06/2023,MQY,TN,ASO,ES,Federal Contract Tower,0,20,16,2,38,0,24,56,3,83,0,44,72,5,121,84,0,84,205
05/07/2023,MQY,TN,ASO,ES,Federal Contract Tower,0,7,29,5,41,0,25,25,4,54,0,32,54,9,95,24,0,24,119
05/08/2023,MQY,TN,ASO,ES,Federal Contract Tower,0,12,31,0,43,0,59,34,0,93,0,71,65,0,136,62,0,62,198
05/09/2023,MQY,TN,ASO,ES,Federal Contract Tower,0,13,36,0,49,0,69,100,0,169,0,82,136,0,218,160,0,160,378
05/10/2023,MQY,TN,ASO,ES,Federal Contract Tower,0,15,30,3,48,0,126,157,1,284,0,141,187,4,332,132,0,132,464
05/11/2023,MQY,TN,ASO,ES,Federal Contract Tower,0,15,39,0,54,0,81,56,3,140,0,96,95,3,194,126,4,130,324
05/12/2023,MQY,TN,ASO,ES,Federal Contract Tower,0,6,26,0,32,0,0,8,0,8,0,6,34,0,40,46,0,46,86
05/13/2023,MQY,TN,ASO,ES,Federal Contract Tower,0,4,18,0,22,0,29,52,2,83,0,33,70,2,105,176,0,176,281
05/14/2023,MQY,TN,ASO,ES,Federal Contract Tower,0,13,23,0,36,0,39,39,1,79,0,52,62,1,115,38,0,38,153
05/15/2023,MQY,TN,ASO,ES,Federal Contract Tower,0,14,43,2,59,0,104,102,4,210,0,118,145,6,269,176,0,176,445
05/16/2023,MQY,TN,ASO,ES,Federal Contract Tower,1,10,39,0,50,0,95,97,0,192,1,105,136,0,242,108,0,108,350
05/17/2023,MQY,TN,ASO,ES,Federal Contract Tower,0,26,66,4,96,0,137,152,3,292,0,163,218,7,388,230,4,234,622
05/18/2023,MQY,TN,ASO,ES,Federal Contract Tower,0,15,54,2,71,0,72,156,3,231,0,87,210,5,302,200,0,200,502
05/19/2023,MQY,TN,ASO,ES,Federal Contract Tower,2,33,61,2,98,0,93,100,5,198,2,126,161,7,296,234,4,238,534
05/20/2023,MQY,TN,ASO,ES,Federal Contract Tower,0,6,37,0,43,0,0,1,2,3,0,6,38,2,46,0,0,0,46
05/21/2023,MQY,TN,ASO,ES,Federal Contract Tower,5,9,36,0,50,0,32,120,2,154,5,41,156,2,204,98,0,98,302
05/22/2023,MQY,TN,ASO,ES,Federal Contract Tower,0,14,38,5,57,0,115,112,0,227,0,129,150,5,284,160,2,162,446
05/23/2023,MQY,TN,ASO,ES,Federal Contract Tower,0,17,40,2,59,0,192,126,2,320,0,209,166,4,379,144,0,144,523
05/24/2023,MQY,TN,ASO,ES,Federal Contract Tower,1,19,41,2,63,0,94,145,0,239,1,113,186,2,302,200,0,200,502
05/25/2023,MQY,TN,ASO,ES,Federal Contract Tower,1,30,49,1,81,0,117,129,2,248,1,147,178,3,329,192,0,192,521
05/26/2023,MQY,TN,ASO,ES,Federal Contract Tower,0,15,27,6,48,0,124,128,4,256,0,139,155,10,304,224,0,224,528
05/27/2023,MQY,TN,ASO,ES,Federal Contract Tower,0,9,26,0,35,0,88,87,0,175,0,97,113,0,210,108,0,108,318
05/28/2023,MQY,TN,ASO,ES,Federal Contract Tower,0,4,18,0,22,0,35,56,2,93,0,39,74,2,115,0,0,0,115
05/29/2023,MQY,TN,ASO,ES,Federal Contract Tower,0,20,32,0,52,0,106,66,0,172,0,126,98,0,224,48,0,48,272
05/30/2023,MQY,TN,ASO,ES,Federal Contract Tower,2,36,56,2,96,0,80,113,2,195,2,116,169,4,291,154,0,154,445
05/31/2023,MQY,TN,ASO,ES,Federal Contract Tower,2,21,40,0,63,0,66,100,0,166,2,87,140,0,229,206,0,206,435
06/01/2023,MQY,TN,ASO,ES,Federal Contract Tower,0,31,42,1,74,0,112,92,3,207,0,143,134,4,281,100,4,104,385
06/02/2023,MQY,TN,ASO,ES,Federal Contract Tower,0,23,53,0,76,0,182,123,2,307,0,205,176,2,383,86,0,86,469
06/03/2023,MQY,TN,ASO,ES,Federal Contract Tower,0,9,19,0,28,0,125,95,1,221,0,134,114,1,249,92,0,92,341
06/04/2023,MQY,TN,ASO,ES,Federal Contract Tower,0,12,21,0,33,0,85,71,1,157,0,97,92,1,190,70,0,70,260
06/05/2023,MQY,TN,ASO,ES,Federal Contract Tower,0,25,41,0,66,0,113,109,4,226,0,138,150,4,292,106,0,106,398
06/06/2023,MQY,TN,ASO,ES,Federal Contract Tower,0,21,59,4,84,0,114,132,6,252,0,135,191,10,336,86,0,86,422
06/07/2023,MQY,TN,ASO,ES,Federal Contract Tower,0,19,33,4,56,0,22,106,9,137,0,41,139,13,193,10,0,10,203
06/08/2023,MQY,TN,ASO,ES,Federal Contract Tower,0,16,34,5,55,0,14,39,6,59,0,30,73,11,114,10,26,36,150
06/09/2023,MQY,TN,ASO,ES,Federal Contract Tower,0,10,18,14,42,0,1,34,6,41,0,11,52,20,83,0,0,0,83
06/10/2023,MQY,TN,ASO,ES,Federal Contract Tower,0,3,17,1,21,0,6,29,3,38,0,9,46,4,59,0,0,0,59
06/11/2023,MQY,TN,ASO,ES,Federal Contract Tower,0,3,12,4,19,0,3,2,3,8,0,6,14,7,27,0,0,0,27
06/12/2023,MQY,TN,ASO,ES,Federal Contract Tower,0,19,68,14,101,0,121,90,7,218,0,140,158,21,319,160,0,160,479
06/13/2023,MQY,TN,ASO,ES,Federal Contract Tower,0,18,41,3,62,0,123,140,9,272,0,141,181,12,334,122,2,124,458
06/14/2023,MQY,TN,ASO,ES,Federal Contract Tower,0,22,50,9,81,0,92,153,3,248,0,114,203,12,329,202,0,202,531
06/15/2023,MQY,TN,ASO,ES,Federal Contract Tower,0,15,53,13,81,0,71,100,8,179,0,86,153,21,260,56,16,72,332
06/16/2023,MQY,TN,ASO,ES,Federal Contract Tower,0,18,37,9,64,0,49,134,7,190,0,67,171,16,254,166,22,188,442
06/17/2023,MQY,TN,ASO,ES,Federal Contract Tower,0,15,41,4,60,0,108,115,16,239,0,123,156,20,299,66,0,66,365
06/18/2023,MQY,TN,ASO,ES,Federal Contract Tower,0,19,21,0,40,0,167,48,2,217,0,186,69,2,257,66,0,66,323
06/19/2023,MQY,TN,ASO,ES,Federal Contract Tower,0,8,50,5,63,0,12,19,0,31,0,20,69,5,94,64,0,64,158
06/20/2023,MQY,TN,ASO,ES,Federal Contract Tower,1,2,47,2,52,0,0,3,0,3,1,2,50,2,55,10,0,10,65
06/21/2023,MQY,TN,ASO,ES,Federal Contract Tower,1,23,40,2,66,0,25,28,6,59,1,48,68,8,125,58,4,62,187
06/22/2023,MQY,TN,ASO,ES,Federal Contract Tower,1,28,62,3,94,0,148,86,4,238,1,176,148,7,332,72,0,72,404
06/23/2023,MQY,TN,ASO,ES,Federal Contract Tower,2,46,89,3,140,0,162,159,2,323,2,208,248,5,463,72,0,72,535
06/24/2023,MQY,TN,ASO,ES,Federal Contract Tower,2,28,46,2,78,0,129,144,1,274,2,157,190,3,352,80,0,80,432
06/25/2023,MQY,TN,ASO,ES,Federal Contract Tower,0,32,74,8,114,0,88,69,4,161,0,120,143,12,275,134,0,134,409
06/26/2023,MQY,TN,ASO,ES,Federal Contract Tower,1,16,34,5,56,0,98,138,3,239,1,114,172,8,295,154,0,154,449
06/27/2023,MQY,TN,ASO,ES,Federal Contract Tower,0,32,40,0,72,0,126,150,0,276,0,158,190,0,348,226,0,226,574
06/28/2023,MQY,TN,ASO,ES,Federal Contract Tower,0,21,52,5,78,0,101,89,5,195,0,122,141,10,273,80,8,88,361
06/29/2023,MQY,TN,ASO,ES,Federal Contract Tower,0,17,39,0,56,0,58,78,4,140,0,75,117,4,196,78,2,80,276
06/30/2023,MQY,TN,ASO,ES,Federal Contract Tower,1,33,52,1,87,0,108,114,2,224,1,141,166,3,311,120,0,120,431
07/01/2023,MQY,TN,ASO,ES,Federal Contract Tower,0,7,20,0,27,0,76,59,0,135,0,83,79,0,162,110,0,110,272
07/02/2023,MQY,TN,ASO,ES,Federal Contract Tower,0,13,31,0,44,0,68,41,0,109,0,81,72,0,153,54,0,54,207
07/03/2023,MQY,TN,ASO,ES,Federal Contract Tower,0,30,32,0,62,0,81,102,1,184,0,111,134,1,246,250,0,250,496
07/04/2023,MQY,TN,ASO,ES,Federal Contract Tower,0,4,14,2,20,0,48,66,0,114,0,52,80,2,134,60,0,60,194
07/05/2023,MQY,TN,ASO,ES,Federal Contract Tower,0,14,24,0,38,0,140,116,0,256,0,154,140,0,294,194,0,194,488
07/06/2023,MQY,TN,ASO,ES,Federal Contract Tower,1,16,45,0,62,0,88,87,3,178,1,104,132,3,240,104,4,108,348
07/07/2023,MQY,TN,ASO,ES,Federal Contract Tower,0,22,39,0,61,0,59,126,0,185,0,81,165,0,246,66,0,66,312
07/08/2023,MQY,TN,ASO,ES,Federal Contract Tower,0,20,18,3,41,0,86,69,8,163,0,106,87,11,204,66,0,66,270
07/09/2023,MQY,TN,ASO,ES,Federal Contract Tower,0,9,33,0,42,0,0,2,0,2,0,9,35,0,44,0,0,0,44
07/10/2023,MQY,TN,ASO,ES,Federal Contract Tower,0,23,54,1,78,0,132,130,8,270,0,155,184,9,348,158,18,176,524
07/11/2023,MQY,TN,ASO,ES,Federal Contract Tower,0,19,40,5,64,0,131,132,2,265,0,150,172,7,329,146,0,146,475
07/12/2023,MQY,TN,ASO,ES,Federal Contract Tower,0,13,39,0,52,0,89,126,0,215,0,102,165,0,267,164,0,164,431
07/13/2023,MQY,TN,ASO,ES,Federal Contract Tower,0,15,48,0,63,0,108,70,0,178,0,123,118,0,241,138,0,138,379
07/14/2023,MQY,TN,ASO,ES,Federal Contract Tower,0,15,56,0,71,0,104,85,23,212,0,119,141,23,283,178,14,192,475
07/15/2023,MQY,TN,ASO,ES,Federal Contract Tower,0,9,16,0,25,0,0,11,0,11,0,9,27,0,36,10,0,10,46
07/16/2023,MQY,TN,ASO,ES,Federal Contract Tower,0,13,43,2,58,0,28,66,0,94,0,41,109,2,152,100,0,100,252
07/17/2023,MQY,TN,ASO,ES,Federal Contract Tower,0,22,52,6,80,0,104,103,2,209,0,126,155,8,289,164,0,164,453
07/18/2023,MQY,TN,ASO,ES,Federal Contract Tower,1,16,38,0,55,0,35,71,0,106,1,51,109,0,161,92,0,92,253
07/19/2023,MQY,TN,ASO,ES,Federal Contract Tower,0,11,28,0,39,0,68,52,0,120,0,79,80,0,159,34,0,34,193
07/20/2023,MQY,TN,ASO,ES,Federal Contract Tower,1,16,32,0,49,0,76,69,0,145,1,92,101,0,194,96,0,96,290
07/21/2023,MQY,TN,ASO,ES,Federal Contract Tower,1,14,42,3,60,0,84,78,2,164,1,98,120,5,224,110,0,110,334
07/22/2023,MQY,TN,ASO,ES,Federal Contract Tower,0,12,26,2,40,0,100,130,5,235,0,112,156,7,275,154,0,154,429
07/23/2023,MQY,TN,ASO,ES,Federal Contract Tower,0,18,36,0,54,0,135,75,1,211,0,153,111,1,265,104,0,104,369
07/24/2023,MQY,TN,ASO,ES,Federal Contract Tower,0,15,42,4,61,0,157,122,0,279,0,172,164,4,340,142,0,142,482
07/25/2023,MQY,TN,ASO,ES,Federal Contract Tower,0,12,28,1,41,0,147,160,0,307,0,159,188,1,348,178,0,178,526
07/26/2023,MQY,TN,ASO,ES,Federal Contract Tower,1,25,38,0,64,0,128,107,1,236,1,153,145,1,300,158,0,158,458
07/27/2023,MQY,TN,ASO,ES,Federal Contract Tower,2,22,56,5,85,0,114,121,10,245,2,136,177,15,330,180,16,196,526
07/28/2023,MQY,TN,ASO,ES,Federal Contract Tower,0,25,36,7,68,0,94,127,0,221,0,119,163,7,289,158,0,158,447
07/29/2023,MQY,TN,ASO,ES,Federal Contract Tower,0,11,31,2,44,0,21,55,1,77,0,32,86,3,121,80,0,80,201
07/30/2023,MQY,TN,ASO,ES,Federal Contract Tower,0,14,57,3,74,0,40,40,2,82,0,54,97,5,156,96,0,96,252
07/31/2023,MQY,TN,ASO,ES,Federal Contract Tower,0,21,55,0,76,0,64,133,0,197,0,85,188,0,273,206,0,206,479
08/01/2023,MQY,TN,ASO,ES,Federal Contract Tower,0,18,45,0,63,0,72,128,0,200,0,90,173,0,263,152,0,152,415
08/02/2023,MQY,TN,ASO,ES,Federal Contract Tower,0,18,62,10,90,0,85,143,6,234,0,103,205,16,324,156,0,156,480
08/03/2023,MQY,TN,ASO,ES,Federal Contract Tower,0,13,36,0,49,0,105,14,2,121,0,118,50,2,170,12,0,12,182
08/04/2023,MQY,TN,ASO,ES,Federal Contract Tower,1,17,56,2,76,0,20,10,2,32,1,37,66,4,108,36,0,36,144
08/05/2023,MQY,TN,ASO,ES,Federal Contract Tower,0,10,30,2,42,0,12,52,0,64,0,22,82,2,106,74,0,74,180
08/06/2023,MQY,TN,ASO,ES,Federal Contract Tower,0,13,36,0,49,0,103,42,2,147,0,116,78,2,196,122,0,122,318
08/07/2023,MQY,TN,ASO,ES,Federal Contract Tower,0,19,32,0,51,0,50,55,1,106,0,69,87,1,157,66,0,66,223
08/08/2023,MQY,TN,ASO,ES,Federal Contract Tower,0,24,52,5,81,0,179,132,3,314,0,203,184,8,395,130,0,130,525
08/09/2023,MQY,TN,ASO,ES,Federal Contract Tower,0,12,54,0,66,0,102,80,0,182,0,114,134,0,248,114,0,114,362
08/10/2023,MQY,TN,ASO,ES,Federal Contract Tower,1,18,69,0,88,0,94,24,1,119,1,112,93,1,207,44,0,44,251
08/11/2023,MQY,TN,ASO,ES,Federal Contract Tower,0,23,40,7,70,0,101,117,7,225,0,124,157,14,295,210,0,210,505
08/12/2023,MQY,TN,ASO,ES,Federal Contract Tower,0,12,22,0,34,0,37,39,2,78,0,49,61,2,112,60,0,60,172
08/13/2023,MQY,TN,ASO,ES,Federal Contract Tower,0,14,19,2,35,0,48,48,6,102,0,62,67,8,137,44,2,46,183
08/14/2023,MQY,TN,ASO,ES,Federal Contract Tower,0,7,47,1,55,0,59,84,0,143,0,66,131,1,198,118,0,118,316
08/15/2023,MQY,TN,ASO,ES,Federal Contract Tower,0,21,44,3,68,0,91,115,3,209,0,112,159,6,277,198,0,198,475
08/16/2023,MQY,TN,ASO,ES,Federal Contract Tower,0,29,67,2,98,0,113,140,3,256,0,142,207,5,354,164,0,164,518
08/17/2023,MQY,TN,ASO,ES,Federal Contract Tower,0,14,62,3,79,0,100,123,9,232,0,114,185,12,311,124,4,128,439
08/18/2023,MQY,TN,ASO,ES,Federal Contract Tower,0,21,43,5,69,0,82,141,0,223,0,103,184,5,292,84,0,84,376
08/19/2023,MQY,TN,ASO,ES,Federal Contract Tower,0,11,25,2,38,0,82,130,2,214,0,93,155,4,252,210,0,210,462
08/20/2023,MQY,TN,ASO,ES,Federal Contract Tower,0,21,26,2,49,0,120,59,4,183,0,141,85,6,232,108,0,108,340
08/21/2023,MQY,TN,ASO,ES,Federal Contract Tower,0,24,62,0,86,0,157,134,2,293,0,181,196,2,379,140,0,140,519
08/22/2023,MQY,TN,ASO,ES,Federal Contract Tower,0,17,41,4,62,0,53,120,0,173,0,70,161,4,235,134,0,134,369
08/23/2023,MQY,TN,ASO,ES,Federal Contract Tower,0,12,53,7,72,0,108,116,3,227,0,120,169,10,299,98,14,112,411
08/24/2023,MQY,TN,ASO,ES,Federal Contract Tower,3,17,43,1,64,0,53,88,13,154,3,70,131,14,218,92,0,92,310
08/25/2023,MQY,TN,ASO,ES,Federal Contract Tower,1,18,35,3,57,0,50,91,3,144,1,68,126,6,201,78,6,84,285
08/26/2023,MQY,TN,ASO,ES,Federal Contract Tower,0,12,23,1,36,0,66,97,0,163,0,78,120,1,199,124,0,124,323
08/27/2023,MQY,TN,ASO,ES,Federal Contract Tower,0,5,17,2,24,0,0,10,0,10,0,5,27,2,34,0,0,0,34
08/28/2023,MQY,TN,ASO,ES,Federal Contract Tower,0,19,46,6,71,0,65,44,1,110,0,84,90,7,181,88,0,88,269
08/29/2023,MQY,TN,ASO,ES,Federal Contract Tower,0,32,54,4,90,0,113,125,4,242,0,145,179,8,332,160,0,160,492
08/30/2023,MQY,TN,ASO,ES,Federal Contract Tower,0,35,46,6,87,0,104,139,1,244,0,139,185,7,331,120,0,120,451
08/31/2023,MQY,TN,ASO,ES,Federal Contract Tower,3,38,48,6,95,0,114,127,5,246,3,152,175,11,341,102,0,102,443
