01/01/2020,MRI,AK,AAL,WE,Towers with Radar,0,1,0,0,1,0,2,11,0,13,0,3,11,0,14,50,0,50,64
01/02/2020,MRI,AK,AAL,WE,Towers with Radar,0,5,9,0,14,0,27,70,0,97,0,32,79,0,111,68,0,68,179
01/03/2020,MRI,AK,AAL,WE,Towers with Radar,0,1,6,0,7,0,16,90,0,106,0,17,96,0,113,52,0,52,165
01/04/2020,MRI,AK,AAL,WE,Towers with Radar,0,6,8,0,14,0,9,23,0,32,0,15,31,0,46,22,0,22,68
01/05/2020,MRI,AK,AAL,WE,Towers with Radar,0,0,1,0,1,0,7,40,0,47,0,7,41,0,48,64,0,64,112
01/06/2020,MRI,AK,AAL,WE,Towers with Radar,0,1,3,0,4,0,3,12,0,15,0,4,15,0,19,2,0,2,21
01/07/2020,MRI,AK,AAL,WE,Towers with Radar,0,4,7,4,15,0,0,4,0,4,0,4,11,4,19,0,0,0,19
01/08/2020,MRI,AK,AAL,WE,Towers with Radar,0,5,5,0,10,0,3,11,0,14,0,8,16,0,24,4,0,4,28
01/09/2020,MRI,AK,AAL,WE,Towers with Radar,0,3,8,0,11,0,28,51,0,79,0,31,59,0,90,32,0,32,122
01/10/2020,MRI,AK,AAL,WE,Towers with Radar,0,1,3,0,4,0,20,81,0,101,0,21,84,0,105,100,0,100,205
01/11/2020,MRI,AK,AAL,WE,Towers with Radar,0,0,1,0,1,0,24,105,0,129,0,24,106,0,130,2,0,2,132
01/12/2020,MRI,AK,AAL,WE,Towers with Radar,0,1,3,0,4,0,0,21,0,21,0,1,24,0,25,44,0,44,69
01/13/2020,MRI,AK,AAL,WE,Towers with Radar,0,9,5,0,14,0,18,39,0,57,0,27,44,0,71,26,0,26,97
01/14/2020,MRI,AK,AAL,WE,Towers with Radar,0,6,11,0,17,0,6,49,0,55,0,12,60,0,72,134,0,134,206
01/15/2020,MRI,AK,AAL,WE,Towers with Radar,0,1,5,0,6,0,35,93,0,128,0,36,98,0,134,98,0,98,232
01/16/2020,MRI,AK,AAL,WE,Towers with Radar,0,2,1,0,3,0,26,98,0,124,0,28,99,0,127,104,0,104,231
01/17/2020,MRI,AK,AAL,WE,Towers with Radar,0,0,3,0,3,0,25,168,0,193,0,25,171,0,196,102,0,102,298
01/18/2020,MRI,AK,AAL,WE,Towers with Radar,0,0,3,0,3,0,25,141,0,166,0,25,144,0,169,62,0,62,231
01/19/2020,MRI,AK,AAL,WE,Towers with Radar,0,0,4,0,4,0,10,103,0,113,0,10,107,0,117,98,0,98,215
01/20/2020,MRI,AK,AAL,WE,Towers with Radar,0,7,4,0,11,0,3,7,0,10,0,10,11,0,21,60,0,60,81
01/21/2020,MRI,AK,AAL,WE,Towers with Radar,0,6,5,0,11,0,32,52,0,84,0,38,57,0,95,102,0,102,197
01/22/2020,MRI,AK,AAL,WE,Towers with Radar,0,4,7,0,11,0,18,12,0,30,0,22,19,0,41,16,0,16,57
01/23/2020,MRI,AK,AAL,WE,Towers with Radar,0,2,3,0,5,0,25,128,0,153,0,27,131,0,158,156,0,156,314
01/24/2020,MRI,AK,AAL,WE,Towers with Radar,0,2,3,0,5,0,31,176,0,207,0,33,179,0,212,158,0,158,370
01/25/2020,MRI,AK,AAL,WE,Towers with Radar,0,0,1,0,1,0,17,97,0,114,0,17,98,0,115,50,0,50,165
01/26/2020,MRI,AK,AAL,WE,Towers with Radar,0,3,1,0,4,0,25,92,0,117,0,28,93,0,121,22,0,22,143
01/27/2020,MRI,AK,AAL,WE,Towers with Radar,0,3,2,0,5,0,30,123,0,153,0,33,125,0,158,104,0,104,262
01/28/2020,MRI,AK,AAL,WE,Towers with Radar,0,4,3,0,7,0,29,114,0,143,0,33,117,0,150,127,0,127,277
01/29/2020,MRI,AK,AAL,WE,Towers with Radar,0,0,5,0,5,0,15,105,0,120,0,15,110,0,125,224,0,224,349
01/30/2020,MRI,AK,AAL,WE,Towers with Radar,0,14,11,0,25,0,29,105,0,134,0,43,116,0,159,110,0,110,269
01/31/2020,MRI,AK,AAL,WE,Towers with Radar,0,13,12,0,25,0,21,53,0,74,0,34,65,0,99,72,0,72,171
02/01/2020,MRI,AK,AAL,WE,Towers with Radar,0,0,6,0,6,0,28,215,0,243,0,28,221,0,249,248,0,248,497
02/02/2020,MRI,AK,AAL,WE,Towers with Radar,0,0,0,0,0,0,7,58,0,65,0,7,58,0,65,102,0,102,167
02/03/2020,MRI,AK,AAL,WE,Towers with Radar,0,4,5,0,9,0,35,94,0,129,0,39,99,0,138,168,0,168,306
02/04/2020,MRI,AK,AAL,WE,Towers with Radar,0,5,7,0,12,0,8,50,0,58,0,13,57,0,70,104,0,104,174
02/05/2020,MRI,AK,AAL,WE,Towers with Radar,0,7,1,5,13,0,15,49,0,64,0,22,50,5,77,167,0,167,244
02/06/2020,MRI,AK,AAL,WE,Towers with Radar,0,2,4,0,6,0,24,216,0,240,0,26,220,0,246,210,0,210,456
02/07/2020,MRI,AK,AAL,WE,Towers with Radar,0,8,8,0,16,0,22,120,1,143,0,30,128,1,159,236,0,236,395
02/08/2020,MRI,AK,AAL,WE,Towers with Radar,0,2,3,0,5,0,13,0,0,13,0,15,3,0,18,6,0,6,24
02/09/2020,MRI,AK,AAL,WE,Towers with Radar,0,5,5,0,10,0,23,49,0,72,0,28,54,0,82,26,0,26,108
02/10/2020,MRI,AK,AAL,WE,Towers with Radar,0,5,4,0,9,0,45,166,0,211,0,50,170,0,220,238,0,238,458
02/11/2020,MRI,AK,AAL,WE,Towers with Radar,0,3,6,0,9,0,43,178,0,221,0,46,184,0,230,190,0,190,420
02/12/2020,MRI,AK,AAL,WE,Towers with Radar,0,0,4,0,4,0,9,42,0,51,0,9,46,0,55,86,0,86,141
02/13/2020,MRI,AK,AAL,WE,Towers with Radar,0,2,6,0,8,0,35,188,0,223,0,37,194,0,231,169,0,169,400
02/14/2020,MRI,AK,AAL,WE,Towers with Radar,0,0,8,0,8,0,42,208,0,250,0,42,216,0,258,188,0,188,446
02/15/2020,MRI,AK,AAL,WE,Towers with Radar,0,0,9,0,9,0,29,196,0,225,0,29,205,0,234,154,0,154,388
02/16/2020,MRI,AK,AAL,WE,Towers with Radar,0,0,3,0,3,0,16,170,0,186,0,16,173,0,189,96,0,96,285
02/17/2020,MRI,AK,AAL,WE,Towers with Radar,0,0,2,0,2,0,2,13,0,15,0,2,15,0,17,34,0,34,51
02/18/2020,MRI,AK,AAL,WE,Towers with Radar,0,2,3,0,5,0,0,0,0,0,0,2,3,0,5,0,0,0,5
02/19/2020,MRI,AK,AAL,WE,Towers with Radar,0,6,4,0,10,0,43,55,0,98,0,49,59,0,108,42,0,42,150
02/20/2020,MRI,AK,AAL,WE,Towers with Radar,0,3,1,0,4,0,18,132,0,150,0,21,133,0,154,152,0,152,306
02/21/2020,MRI,AK,AAL,WE,Towers with Radar,0,1,7,0,8,0,1,0,0,1,0,2,7,0,9,0,0,0,9
02/22/2020,MRI,AK,AAL,WE,Towers with Radar,0,6,6,0,12,0,5,45,0,50,0,11,51,0,62,112,0,112,174
02/23/2020,MRI,AK,AAL,WE,Towers with Radar,0,4,3,0,7,0,32,193,0,225,0,36,196,0,232,152,0,152,384
02/24/2020,MRI,AK,AAL,WE,Towers with Radar,0,5,6,0,11,0,34,238,0,272,0,39,244,0,283,246,0,246,529
02/25/2020,MRI,AK,AAL,WE,Towers with Radar,0,4,5,0,9,0,25,106,0,131,0,29,111,0,140,94,0,94,234
02/26/2020,MRI,AK,AAL,WE,Towers with Radar,0,4,7,0,11,0,23,209,0,232,0,27,216,0,243,204,0,204,447
02/27/2020,MRI,AK,AAL,WE,Towers with Radar,0,2,2,0,4,0,27,191,0,218,0,29,193,0,222,144,0,144,366
02/28/2020,MRI,AK,AAL,WE,Towers with Radar,0,4,10,0,14,0,41,355,0,396,0,45,365,0,410,154,0,154,564
02/29/2020,MRI,AK,AAL,WE,Towers with Radar,0,6,14,0,20,0,11,125,0,136,0,17,139,0,156,94,0,94,250
03/01/2020,MRI,AK,AAL,WE,Towers with Radar,0,0,3,0,3,0,0,3,0,3,0,0,6,0,6,0,0,0,6
03/02/2020,MRI,AK,AAL,WE,Towers with Radar,0,2,6,0,8,0,19,44,0,63,0,21,50,0,71,98,0,98,169
03/03/2020,MRI,AK,AAL,WE,Towers with Radar,0,5,6,0,11,0,54,191,0,245,0,59,197,0,256,188,0,188,444
03/04/2020,MRI,AK,AAL,WE,Towers with Radar,0,2,4,0,6,0,34,128,0,162,0,36,132,0,168,140,0,140,308
03/05/2020,MRI,AK,AAL,WE,Towers with Radar,0,4,2,0,6,0,27,89,0,116,0,31,91,0,122,150,0,150,272
03/06/2020,MRI,AK,AAL,WE,Towers with Radar,0,6,8,1,15,0,54,315,0,369,0,60,323,1,384,230,0,230,614
03/07/2020,MRI,AK,AAL,WE,Towers with Radar,0,2,11,0,13,0,14,21,0,35,0,16,32,0,48,26,0,26,74
03/08/2020,MRI,AK,AAL,WE,Towers with Radar,0,2,11,0,13,0,1,22,0,23,0,3,33,0,36,30,0,30,66
03/09/2020,MRI,AK,AAL,WE,Towers with Radar,0,20,5,0,25,0,14,36,0,50,0,34,41,0,75,20,0,20,95
03/10/2020,MRI,AK,AAL,WE,Towers with Radar,0,5,3,0,8,0,48,171,0,219,0,53,174,0,227,186,0,186,413
03/11/2020,MRI,AK,AAL,WE,Towers with Radar,0,6,3,0,9,0,32,202,0,234,0,38,205,0,243,204,0,204,447
03/12/2020,MRI,AK,AAL,WE,Towers with Radar,0,0,8,0,8,0,33,178,0,211,0,33,186,0,219,94,0,94,313
03/13/2020,MRI,AK,AAL,WE,Towers with Radar,0,3,5,0,8,0,27,164,0,191,0,30,169,0,199,222,0,222,421
03/14/2020,MRI,AK,AAL,WE,Towers with Radar,0,0,5,0,5,0,17,239,1,257,0,17,244,1,262,166,0,166,428
03/15/2020,MRI,AK,AAL,WE,Towers with Radar,0,1,4,0,5,0,19,206,2,227,0,20,210,2,232,104,0,104,336
03/16/2020,MRI,AK,AAL,WE,Towers with Radar,0,3,4,0,7,0,37,177,0,214,0,40,181,0,221,178,0,178,399
03/17/2020,MRI,AK,AAL,WE,Towers with Radar,0,2,1,0,3,0,11,44,0,55,0,13,45,0,58,130,0,130,188
03/18/2020,MRI,AK,AAL,WE,Towers with Radar,0,13,18,1,32,0,0,27,1,28,0,13,45,2,60,2,0,2,62
03/19/2020,MRI,AK,AAL,WE,Towers with Radar,0,1,6,0,7,0,1,22,0,23,0,2,28,0,30,42,0,42,72
03/20/2020,MRI,AK,AAL,WE,Towers with Radar,0,4,6,0,10,0,40,217,0,257,0,44,223,0,267,120,0,120,387
03/21/2020,MRI,AK,AAL,WE,Towers with Radar,0,3,5,0,8,0,0,1,0,1,0,3,6,0,9,0,0,0,9
03/22/2020,MRI,AK,AAL,WE,Towers with Radar,0,0,10,0,10,0,15,181,0,196,0,15,191,0,206,226,0,226,432
03/23/2020,MRI,AK,AAL,WE,Towers with Radar,0,7,2,0,9,0,25,142,0,167,0,32,144,0,176,172,0,172,348
03/24/2020,MRI,AK,AAL,WE,Towers with Radar,0,2,4,0,6,0,24,105,0,129,0,26,109,0,135,190,0,190,325
03/25/2020,MRI,AK,AAL,WE,Towers with Radar,0,2,0,0,2,0,11,67,0,78,0,13,67,0,80,86,0,86,166
03/26/2020,MRI,AK,AAL,WE,Towers with Radar,0,3,1,0,4,0,20,110,0,130,0,23,111,0,134,76,0,76,210
03/27/2020,MRI,AK,AAL,WE,Towers with Radar,0,2,10,0,12,0,15,84,0,99,0,17,94,0,111,102,0,102,213
03/28/2020,MRI,AK,AAL,WE,Towers with Radar,0,1,3,0,4,0,15,98,0,113,0,16,101,0,117,18,0,18,135
03/29/2020,MRI,AK,AAL,WE,Towers with Radar,0,1,3,0,4,0,7,63,0,70,0,8,66,0,74,90,0,90,164
03/30/2020,MRI,AK,AAL,WE,Towers with Radar,0,2,1,0,3,0,20,104,0,124,0,22,105,0,127,130,0,130,257
03/31/2020,MRI,AK,AAL,WE,Towers with Radar,0,4,8,0,12,0,23,189,0,212,0,27,197,0,224,142,0,142,366
04/01/2020,MRI,AK,AAL,WE,Towers with Radar,0,0,10,0,10,0,16,143,0,159,0,16,153,0,169,144,0,144,313
04/02/2020,MRI,AK,AAL,WE,Towers with Radar,0,7,3,0,10,0,0,3,0,3,0,7,6,0,13,0,0,0,13
04/03/2020,MRI,AK,AAL,WE,Towers with Radar,0,8,4,0,12,0,12,42,0,54,0,20,46,0,66,66,0,66,132
04/04/2020,MRI,AK,AAL,WE,Towers with Radar,0,0,2,0,2,0,10,63,0,73,0,10,65,0,75,66,0,66,141
04/05/2020,MRI,AK,AAL,WE,Towers with Radar,0,0,0,0,0,0,8,10,0,18,0,8,10,0,18,0,0,0,18
04/06/2020,MRI,AK,AAL,WE,Towers with Radar,0,3,0,0,3,0,13,56,0,69,0,16,56,0,72,22,0,22,94
04/07/2020,MRI,AK,AAL,WE,Towers with Radar,0,1,0,0,1,0,23,144,0,167,0,24,144,0,168,30,0,30,198
04/08/2020,MRI,AK,AAL,WE,Towers with Radar,0,1,2,0,3,0,21,122,0,143,0,22,124,0,146,180,0,180,326
04/09/2020,MRI,AK,AAL,WE,Towers with Radar,0,5,10,0,15,0,41,244,0,285,0,46,254,0,300,176,0,176,476
04/10/2020,MRI,AK,AAL,WE,Towers with Radar,0,2,5,0,7,0,35,220,0,255,0,37,225,0,262,176,0,176,438
04/11/2020,MRI,AK,AAL,WE,Towers with Radar,0,5,6,0,11,0,15,188,0,203,0,20,194,0,214,162,0,162,376
04/12/2020,MRI,AK,AAL,WE,Towers with Radar,0,0,0,0,0,0,0,29,0,29,0,0,29,0,29,54,0,54,83
04/13/2020,MRI,AK,AAL,WE,Towers with Radar,0,1,7,0,8,0,4,54,0,58,0,5,61,0,66,52,0,52,118
04/14/2020,MRI,AK,AAL,WE,Towers with Radar,0,6,7,0,13,0,19,110,0,129,0,25,117,0,142,142,0,142,284
04/15/2020,MRI,AK,AAL,WE,Towers with Radar,0,2,3,0,5,0,17,70,0,87,0,19,73,0,92,72,0,72,164
04/16/2020,MRI,AK,AAL,WE,Towers with Radar,0,10,15,0,25,0,2,3,0,5,0,12,18,0,30,0,0,0,30
04/17/2020,MRI,AK,AAL,WE,Towers with Radar,0,6,5,0,11,0,18,67,0,85,0,24,72,0,96,46,0,46,142
04/18/2020,MRI,AK,AAL,WE,Towers with Radar,0,3,11,0,14,0,13,169,0,182,0,16,180,0,196,100,0,100,296
04/19/2020,MRI,AK,AAL,WE,Towers with Radar,0,0,1,0,1,0,18,100,0,118,0,18,101,0,119,64,0,64,183
04/20/2020,MRI,AK,AAL,WE,Towers with Radar,0,3,28,0,31,0,18,27,0,45,0,21,55,0,76,76,0,76,152
04/21/2020,MRI,AK,AAL,WE,Towers with Radar,0,5,12,0,17,0,31,63,0,94,0,36,75,0,111,242,0,242,353
04/22/2020,MRI,AK,AAL,WE,Towers with Radar,0,0,15,0,15,0,24,119,0,143,0,24,134,0,158,134,0,134,292
04/23/2020,MRI,AK,AAL,WE,Towers with Radar,0,1,4,0,5,0,12,155,0,167,0,13,159,0,172,236,0,236,408
04/24/2020,MRI,AK,AAL,WE,Towers with Radar,0,2,7,0,9,0,29,175,0,204,0,31,182,0,213,274,0,274,487
04/25/2020,MRI,AK,AAL,WE,Towers with Radar,0,0,4,0,4,0,10,234,0,244,0,10,238,0,248,172,0,172,420
04/26/2020,MRI,AK,AAL,WE,Towers with Radar,0,1,10,0,11,0,12,191,0,203,0,13,201,0,214,90,0,90,304
04/27/2020,MRI,AK,AAL,WE,Towers with Radar,0,3,5,0,8,0,20,185,0,205,0,23,190,0,213,140,0,140,353
04/28/2020,MRI,AK,AAL,WE,Towers with Radar,0,8,7,0,15,0,33,283,0,316,0,41,290,0,331,226,0,226,557
04/29/2020,MRI,AK,AAL,WE,Towers with Radar,0,3,13,0,16,0,35,283,0,318,0,38,296,0,334,262,0,262,596
04/30/2020,MRI,AK,AAL,WE,Towers with Radar,0,4,8,0,12,0,42,269,0,311,0,46,277,0,323,156,0,156,479
05/01/2020,MRI,AK,AAL,WE,Towers with Radar,0,2,7,0,9,0,27,259,0,286,0,29,266,0,295,204,0,204,499
05/02/2020,MRI,AK,AAL,WE,Towers with Radar,0,5,4,0,9,0,14,336,0,350,0,19,340,0,359,212,0,212,571
05/03/2020,MRI,AK,AAL,WE,Towers with Radar,0,1,1,0,2,0,23,220,0,243,0,24,221,0,245,34,0,34,279
05/04/2020,MRI,AK,AAL,WE,Towers with Radar,0,6,4,0,10,0,29,153,0,182,0,35,157,0,192,244,0,244,436
05/05/2020,MRI,AK,AAL,WE,Towers with Radar,0,2,5,0,7,0,28,249,0,277,0,30,254,0,284,158,0,158,442
05/06/2020,MRI,AK,AAL,WE,Towers with Radar,0,0,6,0,6,0,20,283,0,303,0,20,289,0,309,196,0,196,505
05/07/2020,MRI,AK,AAL,WE,Towers with Radar,0,4,4,0,8,0,28,139,0,167,0,32,143,0,175,82,0,82,257
05/08/2020,MRI,AK,AAL,WE,Towers with Radar,0,5,12,0,17,0,34,175,0,209,0,39,187,0,226,222,0,222,448
05/09/2020,MRI,AK,AAL,WE,Towers with Radar,0,2,4,0,6,0,21,226,0,247,0,23,230,0,253,216,0,216,469
05/10/2020,MRI,AK,AAL,WE,Towers with Radar,0,1,11,0,12,0,23,252,0,275,0,24,263,0,287,56,0,56,343
05/11/2020,MRI,AK,AAL,WE,Towers with Radar,0,9,17,0,26,0,34,120,0,154,0,43,137,0,180,120,0,120,300
05/12/2020,MRI,AK,AAL,WE,Towers with Radar,0,4,7,0,11,0,37,280,0,317,0,41,287,0,328,261,0,261,589
05/13/2020,MRI,AK,AAL,WE,Towers with Radar,0,0,6,0,6,0,25,286,0,311,0,25,292,0,317,260,0,260,577
05/14/2020,MRI,AK,AAL,WE,Towers with Radar,0,4,10,0,14,0,34,242,0,276,0,38,252,0,290,230,0,230,520
05/15/2020,MRI,AK,AAL,WE,Towers with Radar,0,5,10,0,15,0,59,356,0,415,0,64,366,0,430,242,0,242,672
05/16/2020,MRI,AK,AAL,WE,Towers with Radar,0,0,14,0,14,0,42,317,0,359,0,42,331,0,373,214,0,214,587
05/17/2020,MRI,AK,AAL,WE,Towers with Radar,0,0,18,0,18,0,20,275,0,295,0,20,293,0,313,222,0,222,535
05/18/2020,MRI,AK,AAL,WE,Towers with Radar,0,4,9,0,13,0,43,229,0,272,0,47,238,0,285,230,0,230,515
05/19/2020,MRI,AK,AAL,WE,Towers with Radar,0,5,8,0,13,0,25,221,0,246,0,30,229,0,259,270,0,270,529
05/20/2020,MRI,AK,AAL,WE,Towers with Radar,0,5,3,0,8,0,36,257,0,293,0,41,260,0,301,304,0,304,605
05/21/2020,MRI,AK,AAL,WE,Towers with Radar,0,6,4,0,10,0,30,129,0,159,0,36,133,0,169,180,0,180,349
05/22/2020,MRI,AK,AAL,WE,Towers with Radar,0,4,10,0,14,0,35,149,1,185,0,39,159,1,199,144,0,144,343
05/23/2020,MRI,AK,AAL,WE,Towers with Radar,0,1,3,0,4,0,14,140,0,154,0,15,143,0,158,176,0,176,334
05/24/2020,MRI,AK,AAL,WE,Towers with Radar,0,3,8,0,11,0,17,27,0,44,0,20,35,0,55,16,0,16,71
05/25/2020,MRI,AK,AAL,WE,Towers with Radar,0,6,5,0,11,0,33,234,0,267,0,39,239,0,278,294,0,294,572
05/26/2020,MRI,AK,AAL,WE,Towers with Radar,0,6,2,0,8,0,69,242,0,311,0,75,244,0,319,194,0,194,513
05/27/2020,MRI,AK,AAL,WE,Towers with Radar,0,4,8,0,12,0,37,294,0,331,0,41,302,0,343,270,0,270,613
05/28/2020,MRI,AK,AAL,WE,Towers with Radar,0,5,11,0,16,0,57,362,0,419,0,62,373,0,435,200,0,200,635
05/29/2020,MRI,AK,AAL,WE,Towers with Radar,0,7,12,0,19,0,50,417,0,467,0,57,429,0,486,172,0,172,658
05/30/2020,MRI,AK,AAL,WE,Towers with Radar,0,4,9,0,13,0,39,313,0,352,0,43,322,0,365,96,0,96,461
05/31/2020,MRI,AK,AAL,WE,Towers with Radar,0,3,8,0,11,0,36,163,0,199,0,39,171,0,210,110,0,110,320
06/01/2020,MRI,AK,AAL,WE,Towers with Radar,0,12,4,0,16,0,64,310,3,377,0,76,314,3,393,204,0,204,597
06/02/2020,MRI,AK,AAL,WE,Towers with Radar,0,4,13,0,17,0,61,336,0,397,0,65,349,0,414,266,0,266,680
06/03/2020,MRI,AK,AAL,WE,Towers with Radar,0,3,5,0,8,0,30,254,0,284,0,33,259,0,292,222,0,222,514
06/04/2020,MRI,AK,AAL,WE,Towers with Radar,0,4,14,0,18,0,49,292,0,341,0,53,306,0,359,200,0,200,559
06/05/2020,MRI,AK,AAL,WE,Towers with Radar,0,7,12,0,19,0,65,352,0,417,0,72,364,0,436,266,0,266,702
06/06/2020,MRI,AK,AAL,WE,Towers with Radar,0,3,7,0,10,0,39,314,2,355,0,42,321,2,365,126,0,126,491
06/07/2020,MRI,AK,AAL,WE,Towers with Radar,0,1,4,0,5,0,39,250,0,289,0,40,254,0,294,90,0,90,384
06/08/2020,MRI,AK,AAL,WE,Towers with Radar,0,7,17,0,24,0,43,213,0,256,0,50,230,0,280,158,0,158,438
06/09/2020,MRI,AK,AAL,WE,Towers with Radar,0,9,31,0,40,0,32,91,0,123,0,41,122,0,163,102,0,102,265
06/10/2020,MRI,AK,AAL,WE,Towers with Radar,0,1,4,0,5,0,24,270,0,294,0,25,274,0,299,353,0,353,652
06/11/2020,MRI,AK,AAL,WE,Towers with Radar,0,5,5,0,10,0,51,260,0,311,0,56,265,0,321,390,42,432,753
06/12/2020,MRI,AK,AAL,WE,Towers with Radar,0,2,3,0,5,0,50,391,2,443,0,52,394,2,448,484,0,484,932
06/13/2020,MRI,AK,AAL,WE,Towers with Radar,0,1,5,0,6,0,29,352,0,381,0,30,357,0,387,232,0,232,619
06/14/2020,MRI,AK,AAL,WE,Towers with Radar,0,3,7,0,10,0,20,277,0,297,0,23,284,0,307,218,0,218,525
06/15/2020,MRI,AK,AAL,WE,Towers with Radar,0,8,10,0,18,0,54,299,0,353,0,62,309,0,371,263,0,263,634
06/16/2020,MRI,AK,AAL,WE,Towers with Radar,0,6,6,0,12,0,77,257,0,334,0,83,263,0,346,330,0,330,676
06/17/2020,MRI,AK,AAL,WE,Towers with Radar,0,2,8,0,10,0,41,213,0,254,0,43,221,0,264,326,0,326,590
06/18/2020,MRI,AK,AAL,WE,Towers with Radar,0,3,6,0,9,0,37,236,0,273,0,40,242,0,282,418,0,418,700
06/19/2020,MRI,AK,AAL,WE,Towers with Radar,0,14,11,0,25,1,31,99,0,131,1,45,110,0,156,252,0,252,408
06/20/2020,MRI,AK,AAL,WE,Towers with Radar,0,3,11,0,14,0,38,234,0,272,0,41,245,0,286,268,0,268,554
06/21/2020,MRI,AK,AAL,WE,Towers with Radar,0,5,6,0,11,0,27,233,0,260,0,32,239,0,271,130,0,130,401
06/22/2020,MRI,AK,AAL,WE,Towers with Radar,0,4,8,0,12,0,43,226,0,269,0,47,234,0,281,254,0,254,535
06/23/2020,MRI,AK,AAL,WE,Towers with Radar,0,8,6,0,14,0,35,210,0,245,0,43,216,0,259,316,0,316,575
06/24/2020,MRI,AK,AAL,WE,Towers with Radar,0,4,8,0,12,0,51,227,0,278,0,55,235,0,290,260,0,260,550
06/25/2020,MRI,AK,AAL,WE,Towers with Radar,0,5,2,0,7,0,33,300,0,333,0,38,302,0,340,290,0,290,630
06/26/2020,MRI,AK,AAL,WE,Towers with Radar,0,9,7,1,17,0,59,258,0,317,0,68,265,1,334,290,0,290,624
06/27/2020,MRI,AK,AAL,WE,Towers with Radar,0,2,11,2,15,0,45,400,3,448,0,47,411,5,463,280,0,280,743
06/28/2020,MRI,AK,AAL,WE,Towers with Radar,0,0,6,0,6,0,25,134,1,160,0,25,140,1,166,160,0,160,326
06/29/2020,MRI,AK,AAL,WE,Towers with Radar,0,5,12,3,20,0,46,241,4,291,0,51,253,7,311,250,0,250,561
06/30/2020,MRI,AK,AAL,WE,Towers with Radar,0,1,6,3,10,0,76,377,4,457,0,77,383,7,467,447,0,447,914
07/01/2020,MRI,AK,AAL,WE,Towers with Radar,0,3,5,4,12,0,45,331,9,385,0,48,336,13,397,284,0,284,681
07/02/2020,MRI,AK,AAL,WE,Towers with Radar,0,3,5,4,12,0,56,268,6,330,0,59,273,10,342,310,0,310,652
07/03/2020,MRI,AK,AAL,WE,Towers with Radar,0,0,9,1,10,0,43,312,4,359,0,43,321,5,369,262,0,262,631
07/04/2020,MRI,AK,AAL,WE,Towers with Radar,0,2,4,2,8,0,26,229,2,257,0,28,233,4,265,54,0,54,319
07/05/2020,MRI,AK,AAL,WE,Towers with Radar,0,1,9,1,11,0,49,231,1,281,0,50,240,2,292,110,0,110,402
07/06/2020,MRI,AK,AAL,WE,Towers with Radar,0,10,31,1,42,0,36,106,2,144,0,46,137,3,186,202,0,202,388
07/07/2020,MRI,AK,AAL,WE,Towers with Radar,0,4,11,6,21,0,63,202,5,270,0,67,213,11,291,392,0,392,683
07/08/2020,MRI,AK,AAL,WE,Towers with Radar,0,7,15,2,24,0,9,28,0,37,0,16,43,2,61,18,0,18,79
07/09/2020,MRI,AK,AAL,WE,Towers with Radar,0,18,25,5,48,0,35,158,9,202,0,53,183,14,250,146,0,146,396
07/10/2020,MRI,AK,AAL,WE,Towers with Radar,0,1,6,2,9,0,60,263,5,328,0,61,269,7,337,346,0,346,683
07/11/2020,MRI,AK,AAL,WE,Towers with Radar,0,4,8,3,15,0,32,216,1,249,0,36,224,4,264,302,0,302,566
07/12/2020,MRI,AK,AAL,WE,Towers with Radar,0,4,11,1,16,0,26,142,1,169,0,30,153,2,185,124,0,124,309
07/13/2020,MRI,AK,AAL,WE,Towers with Radar,0,3,9,4,16,0,40,330,9,379,0,43,339,13,395,351,0,351,746
07/14/2020,MRI,AK,AAL,WE,Towers with Radar,0,2,9,3,14,1,82,476,5,564,1,84,485,8,578,240,0,240,818
07/15/2020,MRI,AK,AAL,WE,Towers with Radar,0,1,9,2,12,0,53,371,2,426,0,54,380,4,438,320,0,320,758
07/16/2020,MRI,AK,AAL,WE,Towers with Radar,0,4,5,5,14,0,42,219,5,266,0,46,224,10,280,280,0,280,560
07/17/2020,MRI,AK,AAL,WE,Towers with Radar,0,4,6,4,14,0,45,267,5,317,0,49,273,9,331,270,0,270,601
07/18/2020,MRI,AK,AAL,WE,Towers with Radar,0,2,12,2,16,0,52,281,2,335,0,54,293,4,351,230,0,230,581
07/19/2020,MRI,AK,AAL,WE,Towers with Radar,0,1,8,2,11,0,40,143,0,183,0,41,151,2,194,216,0,216,410
07/20/2020,MRI,AK,AAL,WE,Towers with Radar,0,11,19,6,36,0,56,197,4,257,0,67,216,10,293,320,0,320,613
07/21/2020,MRI,AK,AAL,WE,Towers with Radar,0,0,3,1,4,0,76,372,2,450,0,76,375,3,454,408,0,408,862
07/22/2020,MRI,AK,AAL,WE,Towers with Radar,0,6,11,3,20,0,54,195,3,252,0,60,206,6,272,292,0,292,564
07/23/2020,MRI,AK,AAL,WE,Towers with Radar,0,3,11,5,19,0,40,353,6,399,0,43,364,11,418,240,0,240,658
07/24/2020,MRI,AK,AAL,WE,Towers with Radar,0,8,12,4,24,0,56,156,4,216,0,64,168,8,240,296,0,296,536
07/25/2020,MRI,AK,AAL,WE,Towers with Radar,0,4,9,3,16,0,48,189,3,240,0,52,198,6,256,126,0,126,382
07/26/2020,MRI,AK,AAL,WE,Towers with Radar,0,3,7,2,12,0,46,313,0,359,0,49,320,2,371,230,0,230,601
07/27/2020,MRI,AK,AAL,WE,Towers with Radar,0,2,15,3,20,0,63,335,3,401,0,65,350,6,421,342,0,342,763
07/28/2020,MRI,AK,AAL,WE,Towers with Radar,0,1,10,4,15,0,68,350,4,422,0,69,360,8,437,224,0,224,661
07/29/2020,MRI,AK,AAL,WE,Towers with Radar,0,5,8,3,16,0,48,333,5,386,0,53,341,8,402,268,0,268,670
07/30/2020,MRI,AK,AAL,WE,Towers with Radar,0,0,5,5,10,0,53,200,8,261,0,53,205,13,271,132,0,132,403
07/31/2020,MRI,AK,AAL,WE,Towers with Radar,0,2,5,2,9,0,57,343,3,403,0,59,348,5,412,274,0,274,686
08/01/2020,MRI,AK,AAL,WE,Towers with Radar,0,6,14,3,23,0,39,88,1,128,0,45,102,4,151,38,0,38,189
08/02/2020,MRI,AK,AAL,WE,Towers with Radar,0,7,12,2,21,0,58,152,2,212,0,65,164,4,233,140,0,140,373
08/03/2020,MRI,AK,AAL,WE,Towers with Radar,0,3,15,4,22,0,64,241,5,310,0,67,256,9,332,190,0,190,522
08/04/2020,MRI,AK,AAL,WE,Towers with Radar,0,2,10,7,19,0,76,372,5,453,0,78,382,12,472,302,0,302,774
08/05/2020,MRI,AK,AAL,WE,Towers with Radar,0,6,3,4,13,0,44,276,4,324,0,50,279,8,337,240,0,240,577
08/06/2020,MRI,AK,AAL,WE,Towers with Radar,0,4,3,5,12,0,34,207,7,248,0,38,210,12,260,424,0,424,684
08/07/2020,MRI,AK,AAL,WE,Towers with Radar,0,3,8,4,15,0,69,299,4,372,0,72,307,8,387,182,0,182,569
08/08/2020,MRI,AK,AAL,WE,Towers with Radar,0,3,9,3,15,0,57,295,4,356,0,60,304,7,371,176,0,176,547
08/09/2020,MRI,AK,AAL,WE,Towers with Radar,0,6,11,3,20,0,42,252,1,295,0,48,263,4,315,170,0,170,485
08/10/2020,MRI,AK,AAL,WE,Towers with Radar,0,5,10,4,19,0,53,293,4,350,0,58,303,8,369,260,0,260,629
08/11/2020,MRI,AK,AAL,WE,Towers with Radar,0,4,10,3,17,0,74,210,3,287,0,78,220,6,304,362,0,362,666
08/12/2020,MRI,AK,AAL,WE,Towers with Radar,0,4,8,3,15,0,38,265,3,306,0,42,273,6,321,300,2,302,623
08/13/2020,MRI,AK,AAL,WE,Towers with Radar,0,1,3,3,7,0,48,338,3,389,0,49,341,6,396,238,0,238,634
08/14/2020,MRI,AK,AAL,WE,Towers with Radar,0,8,23,6,37,0,56,348,5,409,0,64,371,11,446,266,0,266,712
08/15/2020,MRI,AK,AAL,WE,Towers with Radar,0,1,7,1,9,0,71,235,1,307,0,72,242,2,316,192,0,192,508
08/16/2020,MRI,AK,AAL,WE,Towers with Radar,0,2,10,3,15,0,39,320,1,360,0,41,330,4,375,160,0,160,535
08/17/2020,MRI,AK,AAL,WE,Towers with Radar,0,3,6,3,12,0,60,315,4,379,0,63,321,7,391,326,0,326,717
08/18/2020,MRI,AK,AAL,WE,Towers with Radar,0,2,8,4,14,0,60,221,5,286,0,62,229,9,300,400,0,400,700
08/19/2020,MRI,AK,AAL,WE,Towers with Radar,0,2,9,4,15,0,54,317,3,374,0,56,326,7,389,348,0,348,737
08/20/2020,MRI,AK,AAL,WE,Towers with Radar,0,3,11,3,17,0,48,282,4,334,0,51,293,7,351,344,0,344,695
08/21/2020,MRI,AK,AAL,WE,Towers with Radar,0,3,7,3,13,0,41,360,35,436,0,44,367,38,449,316,0,316,765
08/22/2020,MRI,AK,AAL,WE,Towers with Radar,0,3,11,3,17,0,52,391,3,446,0,55,402,6,463,188,0,188,651
08/23/2020,MRI,AK,AAL,WE,Towers with Radar,0,2,8,2,12,0,25,192,2,219,0,27,200,4,231,100,0,100,331
08/24/2020,MRI,AK,AAL,WE,Towers with Radar,0,2,6,4,12,0,43,133,4,180,0,45,139,8,192,390,0,390,582
08/25/2020,MRI,AK,AAL,WE,Towers with Radar,0,32,25,7,64,0,37,74,3,114,0,69,99,10,178,267,0,267,445
08/26/2020,MRI,AK,AAL,WE,Towers with Radar,0,7,9,8,24,0,48,189,18,255,0,55,198,26,279,240,0,240,519
08/27/2020,MRI,AK,AAL,WE,Towers with Radar,0,4,7,4,15,0,51,266,4,321,0,55,273,8,336,224,0,224,560
08/28/2020,MRI,AK,AAL,WE,Towers with Radar,0,6,7,5,18,0,57,423,5,485,0,63,430,10,503,244,0,244,747
08/29/2020,MRI,AK,AAL,WE,Towers with Radar,0,3,10,2,15,0,41,267,4,312,0,44,277,6,327,120,0,120,447
08/30/2020,MRI,AK,AAL,WE,Towers with Radar,0,5,1,2,8,0,29,151,5,185,0,34,152,7,193,100,0,100,293
08/31/2020,MRI,AK,AAL,WE,Towers with Radar,0,4,6,3,13,0,41,96,0,137,0,45,102,3,150,106,0,106,256
09/01/2020,MRI,AK,AAL,WE,Towers with Radar,0,6,8,4,18,0,44,158,1,203,0,50,166,5,221,252,0,252,473
09/02/2020,MRI,AK,AAL,WE,Towers with Radar,0,6,11,3,20,0,53,192,4,249,0,59,203,7,269,349,0,349,618
09/03/2020,MRI,AK,AAL,WE,Towers with Radar,0,6,6,4,16,0,52,182,5,239,0,58,188,9,255,242,0,242,497
09/04/2020,MRI,AK,AAL,WE,Towers with Radar,0,5,6,5,16,0,52,352,5,409,0,57,358,10,425,338,0,338,763
09/05/2020,MRI,AK,AAL,WE,Towers with Radar,0,2,9,1,12,0,53,421,6,480,0,55,430,7,492,208,0,208,700
09/06/2020,MRI,AK,AAL,WE,Towers with Radar,0,0,6,0,6,0,21,151,2,174,0,21,157,2,180,208,0,208,388
09/07/2020,MRI,AK,AAL,WE,Towers with Radar,0,7,5,4,16,0,52,63,4,119,0,59,68,8,135,14,0,14,149
09/08/2020,MRI,AK,AAL,WE,Towers with Radar,0,3,4,4,11,0,58,228,7,293,0,61,232,11,304,212,0,212,516
09/09/2020,MRI,AK,AAL,WE,Towers with Radar,0,2,3,3,8,0,59,224,5,288,0,61,227,8,296,298,0,298,594
09/10/2020,MRI,AK,AAL,WE,Towers with Radar,0,5,4,6,15,0,56,291,8,355,0,61,295,14,370,338,0,338,708
09/11/2020,MRI,AK,AAL,WE,Towers with Radar,0,5,6,5,16,0,68,521,9,598,0,73,527,14,614,308,0,308,922
09/12/2020,MRI,AK,AAL,WE,Towers with Radar,0,5,14,2,21,0,56,444,4,504,0,61,458,6,525,181,0,181,706
09/13/2020,MRI,AK,AAL,WE,Towers with Radar,0,0,3,0,3,0,34,369,0,403,0,34,372,0,406,144,0,144,550
09/14/2020,MRI,AK,AAL,WE,Towers with Radar,0,3,10,2,15,0,70,264,6,340,0,73,274,8,355,240,0,240,595
09/15/2020,MRI,AK,AAL,WE,Towers with Radar,0,5,8,4,17,0,56,180,4,240,0,61,188,8,257,338,0,338,595
09/16/2020,MRI,AK,AAL,WE,Towers with Radar,0,7,9,7,23,0,43,232,8,283,0,50,241,15,306,276,0,276,582
09/17/2020,MRI,AK,AAL,WE,Towers with Radar,0,5,5,5,15,0,32,32,4,68,0,37,37,9,83,96,0,96,179
09/18/2020,MRI,AK,AAL,WE,Towers with Radar,0,7,6,5,18,0,47,177,7,231,0,54,183,12,249,174,0,174,423
09/19/2020,MRI,AK,AAL,WE,Towers with Radar,0,2,5,2,9,0,67,327,2,396,0,69,332,4,405,168,0,168,573
09/20/2020,MRI,AK,AAL,WE,Towers with Radar,0,4,8,4,16,0,62,216,2,280,0,66,224,6,296,196,0,196,492
09/21/2020,MRI,AK,AAL,WE,Towers with Radar,0,20,31,7,58,0,49,178,10,237,0,69,209,17,295,117,0,117,412
09/22/2020,MRI,AK,AAL,WE,Towers with Radar,0,6,8,5,19,0,65,299,7,371,0,71,307,12,390,306,0,306,696
09/23/2020,MRI,AK,AAL,WE,Towers with Radar,0,4,6,5,15,0,44,225,6,275,0,48,231,11,290,320,0,320,610
09/24/2020,MRI,AK,AAL,WE,Towers with Radar,0,8,9,7,24,0,44,111,5,160,0,52,120,12,184,308,0,308,492
09/25/2020,MRI,AK,AAL,WE,Towers with Radar,0,26,39,9,74,0,33,182,5,220,0,59,221,14,294,168,0,168,462
09/26/2020,MRI,AK,AAL,WE,Towers with Radar,0,11,6,2,19,0,41,338,2,381,0,52,344,4,400,346,0,346,746
09/27/2020,MRI,AK,AAL,WE,Towers with Radar,0,3,6,2,11,0,30,146,2,178,0,33,152,4,189,58,0,58,247
09/28/2020,MRI,AK,AAL,WE,Towers with Radar,0,5,17,5,27,0,57,193,3,253,0,62,210,8,280,282,0,282,562
09/29/2020,MRI,AK,AAL,WE,Towers with Radar,0,8,11,5,24,0,62,420,6,488,0,70,431,11,512,320,0,320,832
09/30/2020,MRI,AK,AAL,WE,Towers with Radar,0,7,21,1,29,0,28,70,1,99,0,35,91,2,128,144,0,144,272
10/01/2020,MRI,AK,AAL,WE,Towers with Radar,0,5,10,5,20,0,45,156,5,206,0,50,166,10,226,152,0,152,378
10/02/2020,MRI,AK,AAL,WE,Towers with Radar,0,7,3,4,14,0,34,136,4,174,0,41,139,8,188,282,0,282,470
10/03/2020,MRI,AK,AAL,WE,Towers with Radar,0,5,5,5,15,0,39,218,3,260,0,44,223,8,275,187,0,187,462
10/04/2020,MRI,AK,AAL,WE,Towers with Radar,0,0,5,0,5,0,17,252,0,269,0,17,257,0,274,197,0,197,471
10/05/2020,MRI,AK,AAL,WE,Towers with Radar,0,4,9,4,17,0,64,377,7,448,0,68,386,11,465,249,0,249,714
10/06/2020,MRI,AK,AAL,WE,Towers with Radar,0,5,12,4,21,0,45,396,5,446,0,50,408,9,467,391,0,391,858
10/07/2020,MRI,AK,AAL,WE,Towers with Radar,0,6,4,3,13,0,29,310,2,341,0,35,314,5,354,369,0,369,723
10/08/2020,MRI,AK,AAL,WE,Towers with Radar,0,9,3,6,18,0,56,309,6,371,0,65,312,12,389,360,0,360,749
10/09/2020,MRI,AK,AAL,WE,Towers with Radar,0,8,2,8,18,0,78,380,7,465,0,86,382,15,483,286,0,286,769
10/10/2020,MRI,AK,AAL,WE,Towers with Radar,0,2,8,1,11,0,46,383,6,435,0,48,391,7,446,272,0,272,718
10/11/2020,MRI,AK,AAL,WE,Towers with Radar,0,3,5,2,10,0,34,241,3,278,0,37,246,5,288,128,0,128,416
10/12/2020,MRI,AK,AAL,WE,Towers with Radar,0,9,14,5,28,0,52,277,6,335,0,61,291,11,363,235,0,235,598
10/13/2020,MRI,AK,AAL,WE,Towers with Radar,0,5,14,3,22,0,71,310,9,390,0,76,324,12,412,330,0,330,742
10/14/2020,MRI,AK,AAL,WE,Towers with Radar,0,3,17,2,22,0,52,285,3,340,0,55,302,5,362,201,0,201,563
10/15/2020,MRI,AK,AAL,WE,Towers with Radar,0,12,19,3,34,0,53,216,5,274,0,65,235,8,308,189,0,189,497
10/16/2020,MRI,AK,AAL,WE,Towers with Radar,0,5,39,3,47,0,60,403,4,467,0,65,442,7,514,241,0,241,755
10/17/2020,MRI,AK,AAL,WE,Towers with Radar,0,1,9,2,12,0,35,379,5,419,0,36,388,7,431,206,2,208,639
10/18/2020,MRI,AK,AAL,WE,Towers with Radar,0,5,25,2,32,0,1,5,0,6,0,6,30,2,38,71,0,71,109
10/19/2020,MRI,AK,AAL,WE,Towers with Radar,0,6,14,3,23,0,58,185,3,246,0,64,199,6,269,239,0,239,508
10/20/2020,MRI,AK,AAL,WE,Towers with Radar,0,5,12,4,21,0,55,342,5,402,0,60,354,9,423,335,0,335,758
10/21/2020,MRI,AK,AAL,WE,Towers with Radar,0,4,5,3,12,0,57,403,5,465,0,61,408,8,477,292,0,292,769
10/22/2020,MRI,AK,AAL,WE,Towers with Radar,0,8,6,6,20,0,47,381,6,434,0,55,387,12,454,298,0,298,752
10/23/2020,MRI,AK,AAL,WE,Towers with Radar,0,3,10,4,17,0,43,298,4,345,0,46,308,8,362,377,0,377,739
10/24/2020,MRI,AK,AAL,WE,Towers with Radar,0,4,6,1,11,0,29,182,1,212,0,33,188,2,223,152,0,152,375
10/25/2020,MRI,AK,AAL,WE,Towers with Radar,0,0,8,0,8,0,0,30,0,30,0,0,38,0,38,154,0,154,192
10/26/2020,MRI,AK,AAL,WE,Towers with Radar,0,8,9,3,20,0,5,10,3,18,0,13,19,6,38,29,0,29,67
10/27/2020,MRI,AK,AAL,WE,Towers with Radar,0,19,35,8,62,0,8,7,1,16,0,27,42,9,78,0,0,0,78
10/28/2020,MRI,AK,AAL,WE,Towers with Radar,0,8,23,0,31,0,2,1,0,3,0,10,24,0,34,0,0,0,34
10/29/2020,MRI,AK,AAL,WE,Towers with Radar,0,45,33,9,87,0,42,87,5,134,0,87,120,14,221,196,0,196,417
10/30/2020,MRI,AK,AAL,WE,Towers with Radar,0,5,13,3,21,1,42,260,5,308,1,47,273,8,329,183,0,183,512
10/31/2020,MRI,AK,AAL,WE,Towers with Radar,0,5,5,3,13,0,29,276,3,308,0,34,281,6,321,168,0,168,489
11/01/2020,MRI,AK,AAL,WE,Towers with Radar,0,2,0,1,3,0,10,81,1,92,0,12,81,2,95,116,0,116,211
11/02/2020,MRI,AK,AAL,WE,Towers with Radar,0,6,0,5,11,0,15,39,3,57,0,21,39,8,68,20,0,20,88
11/03/2020,MRI,AK,AAL,WE,Towers with Radar,0,7,6,3,16,0,57,270,4,331,0,64,276,7,347,247,0,247,594
11/04/2020,MRI,AK,AAL,WE,Towers with Radar,0,4,2,4,10,0,45,268,9,322,0,49,270,13,332,324,0,324,656
11/05/2020,MRI,AK,AAL,WE,Towers with Radar,0,4,6,6,16,0,38,236,3,277,0,42,242,9,293,307,0,307,600
11/06/2020,MRI,AK,AAL,WE,Towers with Radar,0,21,17,10,48,0,5,1,0,6,0,26,18,10,54,0,0,0,54
11/07/2020,MRI,AK,AAL,WE,Towers with Radar,0,23,21,0,44,0,6,2,0,8,0,29,23,0,52,2,0,2,54
11/08/2020,MRI,AK,AAL,WE,Towers with Radar,0,0,0,0,0,0,0,0,0,0,0,0,0,0,0,0,0,0,0
11/09/2020,MRI,AK,AAL,WE,Towers with Radar,0,3,7,3,13,0,50,196,4,250,0,53,203,7,263,80,0,80,343
11/10/2020,MRI,AK,AAL,WE,Towers with Radar,0,5,3,3,11,0,26,169,3,198,0,31,172,6,209,290,0,290,499
11/11/2020,MRI,AK,AAL,WE,Towers with Radar,0,5,9,5,19,0,19,71,2,92,0,24,80,7,111,382,0,382,493
11/12/2020,MRI,AK,AAL,WE,Towers with Radar,0,11,16,3,30,0,1,2,0,3,0,12,18,3,33,0,0,0,33
11/13/2020,MRI,AK,AAL,WE,Towers with Radar,0,9,8,2,19,0,10,17,1,28,0,19,25,3,47,46,0,46,93
11/14/2020,MRI,AK,AAL,WE,Towers with Radar,0,6,17,2,25,0,0,0,0,0,0,6,17,2,25,0,0,0,25
11/15/2020,MRI,AK,AAL,WE,Towers with Radar,0,2,4,1,7,0,42,262,2,306,0,44,266,3,313,190,0,190,503
11/16/2020,MRI,AK,AAL,WE,Towers with Radar,0,7,3,11,21,0,40,252,5,297,0,47,255,16,318,291,0,291,609
11/17/2020,MRI,AK,AAL,WE,Towers with Radar,0,3,4,3,10,0,38,235,4,277,0,41,239,7,287,348,0,348,635
11/18/2020,MRI,AK,AAL,WE,Towers with Radar,0,2,17,2,21,0,24,236,2,262,0,26,253,4,283,183,0,183,466
11/19/2020,MRI,AK,AAL,WE,Towers with Radar,0,2,3,4,9,0,56,225,3,284,0,58,228,7,293,330,0,330,623
11/20/2020,MRI,AK,AAL,WE,Towers with Radar,0,2,10,4,16,0,33,170,2,205,0,35,180,6,221,342,0,342,563
11/21/2020,MRI,AK,AAL,WE,Towers with Radar,0,1,9,1,11,0,30,104,1,135,0,31,113,2,146,249,0,249,395
11/22/2020,MRI,AK,AAL,WE,Towers with Radar,1,0,2,0,3,0,12,123,2,137,1,12,125,2,140,251,0,251,391
11/23/2020,MRI,AK,AAL,WE,Towers with Radar,0,1,0,2,3,0,42,76,6,124,0,43,76,8,127,175,0,175,302
11/24/2020,MRI,AK,AAL,WE,Towers with Radar,0,2,13,2,17,0,52,288,2,342,0,54,301,4,359,331,0,331,690
11/25/2020,MRI,AK,AAL,WE,Towers with Radar,0,3,4,2,9,0,10,62,2,74,0,13,66,4,83,185,0,185,268
11/26/2020,MRI,AK,AAL,WE,Towers with Radar,0,3,0,2,5,0,10,72,2,84,0,13,72,4,89,30,0,30,119
11/27/2020,MRI,AK,AAL,WE,Towers with Radar,0,7,2,2,11,0,1,2,0,3,0,8,4,2,14,0,0,0,14
11/28/2020,MRI,AK,AAL,WE,Towers with Radar,0,1,1,1,3,0,30,116,3,149,0,31,117,4,152,97,0,97,249
11/29/2020,MRI,AK,AAL,WE,Towers with Radar,0,3,5,0,8,0,11,46,2,59,0,14,51,2,67,51,0,51,118
11/30/2020,MRI,AK,AAL,WE,Towers with Radar,0,2,0,2,4,0,39,113,1,153,0,41,113,3,157,294,0,294,451
12/01/2020,MRI,AK,AAL,WE,Towers with Radar,0,6,0,3,9,0,17,95,4,116,0,23,95,7,125,178,0,178,303
12/02/2020,MRI,AK,AAL,WE,Towers with Radar,0,7,15,4,26,0,4,3,0,7,0,11,18,4,33,0,0,0,33
12/03/2020,MRI,AK,AAL,WE,Towers with Radar,0,6,4,8,18,0,68,68,0,136,0,74,72,8,154,116,0,116,270
12/04/2020,MRI,AK,AAL,WE,Towers with Radar,0,22,34,5,61,0,21,50,1,72,0,43,84,6,133,111,0,111,244
12/05/2020,MRI,AK,AAL,WE,Towers with Radar,0,0,20,0,20,0,15,117,0,132,0,15,137,0,152,84,0,84,236
12/06/2020,MRI,AK,AAL,WE,Towers with Radar,0,2,1,1,4,0,19,153,1,173,0,21,154,2,177,289,0,289,466
12/07/2020,MRI,AK,AAL,WE,Towers with Radar,0,2,2,1,5,0,43,193,1,237,0,45,195,2,242,324,0,324,566
12/08/2020,MRI,AK,AAL,WE,Towers with Radar,0,5,6,3,14,0,2,4,1,7,0,7,10,4,21,28,0,28,49
12/09/2020,MRI,AK,AAL,WE,Towers with Radar,0,3,5,1,9,0,42,261,2,305,0,45,266,3,314,307,0,307,621
12/10/2020,MRI,AK,AAL,WE,Towers with Radar,0,2,4,1,7,0,6,24,1,31,0,8,28,2,38,46,0,46,84
12/11/2020,MRI,AK,AAL,WE,Towers with Radar,0,1,11,1,13,0,44,279,4,327,0,45,290,5,340,256,0,256,596
12/12/2020,MRI,AK,AAL,WE,Towers with Radar,0,4,3,1,8,0,27,288,1,316,0,31,291,2,324,304,0,304,628
12/13/2020,MRI,AK,AAL,WE,Towers with Radar,0,0,1,0,1,0,5,162,1,168,0,5,163,1,169,278,0,278,447
12/14/2020,MRI,AK,AAL,WE,Towers with Radar,0,3,3,1,7,0,48,166,3,217,0,51,169,4,224,243,0,243,467
12/15/2020,MRI,AK,AAL,WE,Towers with Radar,0,9,11,4,24,0,5,8,0,13,0,14,19,4,37,0,0,0,37
12/16/2020,MRI,AK,AAL,WE,Towers with Radar,0,13,33,8,54,0,0,9,0,9,0,13,42,8,63,16,0,16,79
12/17/2020,MRI,AK,AAL,WE,Towers with Radar,0,1,8,1,10,0,58,214,3,275,0,59,222,4,285,325,0,325,610
12/18/2020,MRI,AK,AAL,WE,Towers with Radar,0,1,6,2,9,0,52,164,0,216,0,53,170,2,225,358,0,358,583
12/19/2020,MRI,AK,AAL,WE,Towers with Radar,0,11,5,0,16,0,1,1,0,2,0,12,6,0,18,0,0,0,18
12/20/2020,MRI,AK,AAL,WE,Towers with Radar,0,4,10,4,18,0,13,52,0,65,0,17,62,4,83,184,0,184,267
12/21/2020,MRI,AK,AAL,WE,Towers with Radar,0,2,5,5,12,0,26,96,4,126,0,28,101,9,138,174,0,174,312
12/22/2020,MRI,AK,AAL,WE,Towers with Radar,0,3,0,0,3,0,7,13,0,20,0,10,13,0,23,0,0,0,23
12/23/2020,MRI,AK,AAL,WE,Towers with Radar,0,2,3,2,7,0,78,94,6,178,0,80,97,8,185,139,8,147,332
12/24/2020,MRI,AK,AAL,WE,Towers with Radar,0,2,3,3,8,0,29,112,4,145,0,31,115,7,153,96,0,96,249
12/25/2020,MRI,AK,AAL,WE,Towers with Radar,0,0,0,0,0,0,0,43,0,43,0,0,43,0,43,27,0,27,70
12/26/2020,MRI,AK,AAL,WE,Towers with Radar,0,2,22,0,24,0,6,42,0,48,0,8,64,0,72,73,0,73,145
12/27/2020,MRI,AK,AAL,WE,Towers with Radar,0,1,1,0,2,0,20,70,0,90,0,21,71,0,92,171,0,171,263
12/28/2020,MRI,AK,AAL,WE,Towers with Radar,0,3,2,2,7,0,20,52,0,72,0,23,54,2,79,40,0,40,119
12/29/2020,MRI,AK,AAL,WE,Towers with Radar,0,3,3,2,8,0,45,262,3,310,0,48,265,5,318,230,0,230,548
12/30/2020,MRI,AK,AAL,WE,Towers with Radar,0,0,10,0,10,0,28,167,2,197,0,28,177,2,207,188,0,188,395
12/31/2020,MRI,AK,AAL,WE,Towers with Radar,0,2,7,2,11,0,43,243,4,290,0,45,250,6,301,159,0,159,460
01/01/2021,MRI,AK,AAL,WE,Towers with Radar,0,0,2,0,2,0,16,116,4,136,0,16,118,4,138,117,0,117,255
01/02/2021,MRI,AK,AAL,WE,Towers with Radar,0,0,4,0,4,0,4,9,2,15,0,4,13,2,19,2,0,2,21
01/03/2021,MRI,AK,AAL,WE,Towers with Radar,0,11,2,9,22,0,26,113,3,142,0,37,115,12,164,62,0,62,226
01/04/2021,MRI,AK,AAL,WE,Towers with Radar,0,8,0,7,15,0,30,107,6,143,0,38,107,13,158,161,0,161,319
01/05/2021,MRI,AK,AAL,WE,Towers with Radar,0,3,11,3,17,0,59,213,4,276,0,62,224,7,293,240,0,240,533
01/06/2021,MRI,AK,AAL,WE,Towers with Radar,0,6,3,2,11,0,49,111,2,162,0,55,114,4,173,224,0,224,397
01/07/2021,MRI,AK,AAL,WE,Towers with Radar,0,2,1,2,5,0,26,108,2,136,0,28,109,4,141,118,0,118,259
01/08/2021,MRI,AK,AAL,WE,Towers with Radar,0,1,6,4,11,0,27,202,2,231,0,28,208,6,242,350,0,350,592
01/09/2021,MRI,AK,AAL,WE,Towers with Radar,0,1,1,0,2,0,16,147,0,163,0,17,148,0,165,187,6,193,358
01/10/2021,MRI,AK,AAL,WE,Towers with Radar,0,0,9,0,9,0,20,144,0,164,0,20,153,0,173,225,0,225,398
01/11/2021,MRI,AK,AAL,WE,Towers with Radar,0,6,1,3,10,0,40,164,2,206,0,46,165,5,216,207,0,207,423
01/12/2021,MRI,AK,AAL,WE,Towers with Radar,0,3,9,2,14,0,28,164,3,195,0,31,173,5,209,153,0,153,362
01/13/2021,MRI,AK,AAL,WE,Towers with Radar,0,7,5,3,15,0,31,221,4,256,0,38,226,7,271,251,0,251,522
01/14/2021,MRI,AK,AAL,WE,Towers with Radar,0,2,7,3,12,0,23,128,1,152,0,25,135,4,164,223,0,223,387
01/15/2021,MRI,AK,AAL,WE,Towers with Radar,0,6,6,7,19,0,22,101,2,125,0,28,107,9,144,165,0,165,309
01/16/2021,MRI,AK,AAL,WE,Towers with Radar,0,0,11,0,11,0,18,172,1,191,0,18,183,1,202,180,0,180,382
01/17/2021,MRI,AK,AAL,WE,Towers with Radar,0,3,2,2,7,0,9,102,2,113,0,12,104,4,120,197,0,197,317
01/18/2021,MRI,AK,AAL,WE,Towers with Radar,0,1,2,2,5,0,8,17,0,25,0,9,19,2,30,1,0,1,31
01/19/2021,MRI,AK,AAL,WE,Towers with Radar,0,9,9,3,21,0,36,109,5,150,0,45,118,8,171,130,0,130,301
01/20/2021,MRI,AK,AAL,WE,Towers with Radar,0,2,14,2,18,0,33,269,2,304,0,35,283,4,322,172,0,172,494
01/21/2021,MRI,AK,AAL,WE,Towers with Radar,0,5,2,3,10,0,34,215,3,252,0,39,217,6,262,258,0,258,520
01/22/2021,MRI,AK,AAL,WE,Towers with Radar,0,3,8,1,12,0,43,190,2,235,0,46,198,3,247,211,0,211,458
01/23/2021,MRI,AK,AAL,WE,Towers with Radar,0,4,2,0,6,0,4,76,0,80,0,8,78,0,86,221,0,221,307
01/24/2021,MRI,AK,AAL,WE,Towers with Radar,0,2,8,1,11,0,13,172,3,188,0,15,180,4,199,228,0,228,427
01/25/2021,MRI,AK,AAL,WE,Towers with Radar,0,6,35,0,41,0,7,37,0,44,0,13,72,0,85,38,1,39,124
01/26/2021,MRI,AK,AAL,WE,Towers with Radar,0,2,5,1,8,0,46,300,2,348,0,48,305,3,356,265,0,265,621
01/27/2021,MRI,AK,AAL,WE,Towers with Radar,0,3,37,2,42,0,53,185,2,240,0,56,222,4,282,204,0,204,486
01/28/2021,MRI,AK,AAL,WE,Towers with Radar,0,7,31,3,41,0,23,120,1,144,0,30,151,4,185,197,0,197,382
01/29/2021,MRI,AK,AAL,WE,Towers with Radar,0,2,9,2,13,0,41,235,2,278,0,43,244,4,291,272,0,272,563
01/30/2021,MRI,AK,AAL,WE,Towers with Radar,0,6,4,1,11,0,23,318,5,346,0,29,322,6,357,214,0,214,571
01/31/2021,MRI,AK,AAL,WE,Towers with Radar,0,0,15,1,16,0,19,209,1,229,0,19,224,2,245,129,0,129,374
02/01/2021,MRI,AK,AAL,WE,Towers with Radar,0,1,5,1,7,0,37,158,3,198,0,38,163,4,205,137,0,137,342
02/02/2021,MRI,AK,AAL,WE,Towers with Radar,0,3,7,1,11,0,34,166,4,204,0,37,173,5,215,127,0,127,342
02/03/2021,MRI,AK,AAL,WE,Towers with Radar,0,4,14,0,18,0,3,2,0,5,0,7,16,0,23,0,0,0,23
02/04/2021,MRI,AK,AAL,WE,Towers with Radar,0,6,18,3,27,0,30,133,1,164,0,36,151,4,191,282,0,282,473
02/05/2021,MRI,AK,AAL,WE,Towers with Radar,0,10,21,5,36,0,6,21,1,28,0,16,42,6,64,49,0,49,113
02/06/2021,MRI,AK,AAL,WE,Towers with Radar,0,7,20,2,29,0,5,41,0,46,0,12,61,2,75,36,0,36,111
02/07/2021,MRI,AK,AAL,WE,Towers with Radar,0,3,12,1,16,0,0,92,1,93,0,3,104,2,109,175,0,175,284
02/08/2021,MRI,AK,AAL,WE,Towers with Radar,0,2,7,0,9,0,44,288,6,338,0,46,295,6,347,247,0,247,594
02/09/2021,MRI,AK,AAL,WE,Towers with Radar,0,7,10,4,21,0,15,98,0,113,0,22,108,4,134,91,0,91,225
02/10/2021,MRI,AK,AAL,WE,Towers with Radar,0,2,3,0,5,0,20,164,1,185,0,22,167,1,190,319,0,319,509
02/11/2021,MRI,AK,AAL,WE,Towers with Radar,0,3,6,3,12,0,31,185,3,219,0,34,191,6,231,219,0,219,450
02/12/2021,MRI,AK,AAL,WE,Towers with Radar,0,0,9,0,9,0,41,333,2,376,0,41,342,2,385,220,0,220,605
02/13/2021,MRI,AK,AAL,WE,Towers with Radar,0,1,9,0,10,0,28,273,1,302,0,29,282,1,312,118,0,118,430
02/14/2021,MRI,AK,AAL,WE,Towers with Radar,0,0,9,0,9,0,19,163,0,182,0,19,172,0,191,91,0,91,282
02/15/2021,MRI,AK,AAL,WE,Towers with Radar,0,2,5,0,7,0,22,283,4,309,0,24,288,4,316,291,0,291,607
02/16/2021,MRI,AK,AAL,WE,Towers with Radar,0,3,11,2,16,0,21,85,2,108,0,24,96,4,124,96,0,96,220
02/17/2021,MRI,AK,AAL,WE,Towers with Radar,0,0,12,0,12,0,22,178,2,202,0,22,190,2,214,287,0,287,501
02/18/2021,MRI,AK,AAL,WE,Towers with Radar,0,2,2,2,6,0,8,29,2,39,0,10,31,4,45,77,0,77,122
02/19/2021,MRI,AK,AAL,WE,Towers with Radar,0,7,3,4,14,0,43,293,4,340,0,50,296,8,354,271,0,271,625
02/20/2021,MRI,AK,AAL,WE,Towers with Radar,0,0,9,0,9,0,37,196,6,239,0,37,205,6,248,215,0,215,463
02/21/2021,MRI,AK,AAL,WE,Towers with Radar,0,5,8,4,17,0,2,33,1,36,0,7,41,5,53,88,0,88,141
02/22/2021,MRI,AK,AAL,WE,Towers with Radar,0,5,14,3,22,0,38,265,1,304,0,43,279,4,326,343,0,343,669
02/23/2021,MRI,AK,AAL,WE,Towers with Radar,0,7,8,5,20,0,19,145,1,165,0,26,153,6,185,268,0,268,453
02/24/2021,MRI,AK,AAL,WE,Towers with Radar,0,4,9,4,17,0,6,48,0,54,0,10,57,4,71,32,0,32,103
02/25/2021,MRI,AK,AAL,WE,Towers with Radar,0,7,5,3,15,0,33,217,6,256,0,40,222,9,271,234,0,234,505
02/26/2021,MRI,AK,AAL,WE,Towers with Radar,0,4,9,2,15,0,6,26,2,34,0,10,35,4,49,19,0,19,68
02/27/2021,MRI,AK,AAL,WE,Towers with Radar,0,8,22,0,30,0,3,3,0,6,0,11,25,0,36,2,0,2,38
02/28/2021,MRI,AK,AAL,WE,Towers with Radar,0,2,6,2,10,0,27,143,3,173,0,29,149,5,183,195,0,195,378
03/01/2021,MRI,AK,AAL,WE,Towers with Radar,0,2,9,0,11,0,1,0,0,1,0,3,9,0,12,2,0,2,14
03/02/2021,MRI,AK,AAL,WE,Towers with Radar,0,5,26,2,33,0,25,197,4,226,0,30,223,6,259,212,0,212,471
03/03/2021,MRI,AK,AAL,WE,Towers with Radar,0,4,26,1,31,0,33,322,4,359,0,37,348,5,390,163,0,163,553
03/04/2021,MRI,AK,AAL,WE,Towers with Radar,0,2,7,3,12,0,36,448,5,489,0,38,455,8,501,341,0,341,842
03/05/2021,MRI,AK,AAL,WE,Towers with Radar,0,4,7,2,13,0,19,305,5,329,0,23,312,7,342,328,0,328,670
03/06/2021,MRI,AK,AAL,WE,Towers with Radar,0,1,2,1,4,0,43,202,2,247,0,44,204,3,251,170,0,170,421
03/07/2021,MRI,AK,AAL,WE,Towers with Radar,0,5,0,2,7,0,24,306,3,333,0,29,306,5,340,231,0,231,571
03/08/2021,MRI,AK,AAL,WE,Towers with Radar,0,1,14,1,16,0,45,294,7,346,0,46,308,8,362,265,0,265,627
03/09/2021,MRI,AK,AAL,WE,Towers with Radar,0,9,4,3,16,0,20,138,3,161,0,29,142,6,177,373,0,373,550
03/10/2021,MRI,AK,AAL,WE,Towers with Radar,0,5,16,2,23,0,6,66,0,72,0,11,82,2,95,136,0,136,231
03/11/2021,MRI,AK,AAL,WE,Towers with Radar,0,4,8,3,15,0,46,57,4,107,0,50,65,7,122,52,0,52,174
03/12/2021,MRI,AK,AAL,WE,Towers with Radar,0,1,10,1,12,0,52,316,3,371,0,53,326,4,383,269,0,269,652
03/13/2021,MRI,AK,AAL,WE,Towers with Radar,0,0,7,0,7,0,27,387,2,416,0,27,394,2,423,232,0,232,655
03/14/2021,MRI,AK,AAL,WE,Towers with Radar,0,0,11,0,11,0,2,121,0,123,0,2,132,0,134,180,0,180,314
03/15/2021,MRI,AK,AAL,WE,Towers with Radar,0,14,11,2,27,0,2,2,0,4,0,16,13,2,31,0,0,0,31
03/16/2021,MRI,AK,AAL,WE,Towers with Radar,0,15,22,6,43,0,42,154,6,202,0,57,176,12,245,206,0,206,451
03/17/2021,MRI,AK,AAL,WE,Towers with Radar,0,2,8,1,11,0,61,349,6,416,0,63,357,7,427,332,0,332,759
03/18/2021,MRI,AK,AAL,WE,Towers with Radar,0,7,15,2,24,0,30,227,4,261,0,37,242,6,285,185,0,185,470
03/19/2021,MRI,AK,AAL,WE,Towers with Radar,0,5,5,2,12,0,47,345,6,398,0,52,350,8,410,191,0,191,601
03/20/2021,MRI,AK,AAL,WE,Towers with Radar,0,0,6,0,6,0,20,188,0,208,0,20,194,0,214,246,0,246,460
03/21/2021,MRI,AK,AAL,WE,Towers with Radar,0,0,10,0,10,0,17,315,2,334,0,17,325,2,344,257,0,257,601
03/22/2021,MRI,AK,AAL,WE,Towers with Radar,0,0,7,0,7,0,38,293,2,333,0,38,300,2,340,299,0,299,639
03/23/2021,MRI,AK,AAL,WE,Towers with Radar,0,3,10,2,15,0,27,341,2,370,0,30,351,4,385,350,0,350,735
03/24/2021,MRI,AK,AAL,WE,Towers with Radar,0,2,9,0,11,0,30,264,1,295,0,32,273,1,306,411,0,411,717
03/25/2021,MRI,AK,AAL,WE,Towers with Radar,0,13,10,6,29,0,4,3,1,8,0,17,13,7,37,0,0,0,37
03/26/2021,MRI,AK,AAL,WE,Towers with Radar,0,2,6,2,10,0,53,322,3,378,0,55,328,5,388,295,0,295,683
03/27/2021,MRI,AK,AAL,WE,Towers with Radar,0,5,9,4,18,0,33,247,4,284,0,38,256,8,302,347,0,347,649
03/28/2021,MRI,AK,AAL,WE,Towers with Radar,0,1,11,0,12,0,7,170,0,177,0,8,181,0,189,192,0,192,381
03/29/2021,MRI,AK,AAL,WE,Towers with Radar,0,4,4,0,8,0,14,39,2,55,0,18,43,2,63,34,0,34,97
03/30/2021,MRI,AK,AAL,WE,Towers with Radar,0,4,9,2,15,0,41,292,3,336,0,45,301,5,351,307,0,307,658
03/31/2021,MRI,AK,AAL,WE,Towers with Radar,0,5,14,4,23,0,59,217,4,280,0,64,231,8,303,148,0,148,451
04/01/2021,MRI,AK,AAL,WE,Towers with Radar,0,4,11,4,19,0,50,306,4,360,0,54,317,8,379,241,0,241,620
04/02/2021,MRI,AK,AAL,WE,Towers with Radar,0,1,6,2,9,0,35,387,6,428,0,36,393,8,437,329,0,329,766
04/03/2021,MRI,AK,AAL,WE,Towers with Radar,0,3,3,1,7,0,28,134,1,163,0,31,137,2,170,355,0,355,525
04/04/2021,MRI,AK,AAL,WE,Towers with Radar,0,8,0,4,12,0,0,14,4,18,0,8,14,8,30,26,0,26,56
04/05/2021,MRI,AK,AAL,WE,Towers with Radar,0,4,5,2,11,0,50,238,4,292,0,54,243,6,303,165,0,165,468
04/06/2021,MRI,AK,AAL,WE,Towers with Radar,0,1,17,1,19,0,43,336,8,387,0,44,353,9,406,423,0,423,829
04/07/2021,MRI,AK,AAL,WE,Towers with Radar,0,3,4,2,9,0,36,364,4,404,0,39,368,6,413,357,0,357,770
04/08/2021,MRI,AK,AAL,WE,Towers with Radar,0,6,11,5,22,0,16,37,5,58,0,22,48,10,80,0,0,0,80
04/09/2021,MRI,AK,AAL,WE,Towers with Radar,0,3,7,1,11,0,35,199,3,237,0,38,206,4,248,46,0,46,294
04/10/2021,MRI,AK,AAL,WE,Towers with Radar,0,0,13,0,13,0,48,289,0,337,0,48,302,0,350,315,0,315,665
04/11/2021,MRI,AK,AAL,WE,Towers with Radar,0,0,3,0,3,0,5,61,0,66,0,5,64,0,69,90,0,90,159
04/12/2021,MRI,AK,AAL,WE,Towers with Radar,0,7,8,2,17,0,28,110,3,141,0,35,118,5,158,194,0,194,352
04/13/2021,MRI,AK,AAL,WE,Towers with Radar,0,4,8,3,15,0,37,229,5,271,0,41,237,8,286,246,0,246,532
04/14/2021,MRI,AK,AAL,WE,Towers with Radar,0,3,3,2,8,0,15,115,2,132,0,18,118,4,140,319,0,319,459
04/15/2021,MRI,AK,AAL,WE,Towers with Radar,0,1,4,1,6,0,57,323,4,384,0,58,327,5,390,302,0,302,692
04/16/2021,MRI,AK,AAL,WE,Towers with Radar,0,5,37,1,43,0,51,434,3,488,0,56,471,4,531,311,0,311,842
04/17/2021,MRI,AK,AAL,WE,Towers with Radar,0,0,6,0,6,0,22,398,2,422,0,22,404,2,428,346,0,346,774
04/18/2021,MRI,AK,AAL,WE,Towers with Radar,0,4,4,0,8,0,18,310,0,328,0,22,314,0,336,284,0,284,620
04/19/2021,MRI,AK,AAL,WE,Towers with Radar,0,3,2,2,7,0,54,305,5,364,0,57,307,7,371,304,0,304,675
04/20/2021,MRI,AK,AAL,WE,Towers with Radar,0,2,12,2,16,0,58,321,2,381,0,60,333,4,397,191,0,191,588
04/21/2021,MRI,AK,AAL,WE,Towers with Radar,0,2,7,2,11,0,33,327,3,363,0,35,334,5,374,336,0,336,710
04/22/2021,MRI,AK,AAL,WE,Towers with Radar,0,3,9,3,15,0,46,340,3,389,0,49,349,6,404,427,0,427,831
04/23/2021,MRI,AK,AAL,WE,Towers with Radar,0,2,4,2,8,0,45,482,5,532,0,47,486,7,540,299,0,299,839
04/24/2021,MRI,AK,AAL,WE,Towers with Radar,0,0,6,0,6,0,28,408,0,436,0,28,414,0,442,185,0,185,627
04/25/2021,MRI,AK,AAL,WE,Towers with Radar,0,0,6,0,6,0,23,317,0,340,0,23,323,0,346,244,0,244,590
04/26/2021,MRI,AK,AAL,WE,Towers with Radar,0,6,4,5,15,0,40,376,6,422,0,46,380,11,437,232,0,232,669
04/27/2021,MRI,AK,AAL,WE,Towers with Radar,0,2,8,2,12,0,43,386,5,434,0,45,394,7,446,491,0,491,937
04/28/2021,MRI,AK,AAL,WE,Towers with Radar,0,2,3,0,5,0,38,394,4,436,0,40,397,4,441,176,0,176,617
04/29/2021,MRI,AK,AAL,WE,Towers with Radar,0,10,33,7,50,0,36,120,1,157,0,46,153,8,207,184,0,184,391
04/30/2021,MRI,AK,AAL,WE,Towers with Radar,0,5,7,5,17,0,37,349,5,391,0,42,356,10,408,311,0,311,719
05/01/2021,MRI,AK,AAL,WE,Towers with Radar,0,2,3,2,7,0,41,379,2,422,0,43,382,4,429,186,0,186,615
05/02/2021,MRI,AK,AAL,WE,Towers with Radar,0,2,7,1,10,0,24,296,1,321,0,26,303,2,331,137,0,137,468
05/03/2021,MRI,AK,AAL,WE,Towers with Radar,0,8,8,3,19,0,70,331,7,408,0,78,339,10,427,285,0,285,712
05/04/2021,MRI,AK,AAL,WE,Towers with Radar,0,3,4,3,10,0,61,230,3,294,0,64,234,6,304,313,0,313,617
05/05/2021,MRI,AK,AAL,WE,Towers with Radar,0,4,9,1,14,0,62,397,8,467,0,66,406,9,481,382,0,382,863
05/06/2021,MRI,AK,AAL,WE,Towers with Radar,0,2,10,3,15,0,40,449,3,492,0,42,459,6,507,422,0,422,929
05/07/2021,MRI,AK,AAL,WE,Towers with Radar,0,9,8,6,23,0,54,335,6,395,0,63,343,12,418,216,0,216,634
05/08/2021,MRI,AK,AAL,WE,Towers with Radar,0,7,9,3,19,0,34,313,4,351,0,41,322,7,370,300,0,300,670
05/09/2021,MRI,AK,AAL,WE,Towers with Radar,0,1,21,0,22,0,41,249,0,290,0,42,270,0,312,221,0,221,533
05/10/2021,MRI,AK,AAL,WE,Towers with Radar,0,5,8,4,17,0,59,327,4,390,0,64,335,8,407,364,0,364,771
05/11/2021,MRI,AK,AAL,WE,Towers with Radar,0,7,14,3,24,0,50,259,3,312,0,57,273,6,336,269,0,269,605
05/12/2021,MRI,AK,AAL,WE,Towers with Radar,0,5,2,4,11,0,53,421,4,478,0,58,423,8,489,482,0,482,971
05/13/2021,MRI,AK,AAL,WE,Towers with Radar,0,2,5,2,9,0,63,458,5,526,0,65,463,7,535,264,0,264,799
05/14/2021,MRI,AK,AAL,WE,Towers with Radar,0,7,8,7,22,0,47,402,6,455,0,54,410,13,477,173,0,173,650
05/15/2021,MRI,AK,AAL,WE,Towers with Radar,0,6,6,5,17,0,39,267,1,307,0,45,273,6,324,281,0,281,605
05/16/2021,MRI,AK,AAL,WE,Towers with Radar,0,0,7,0,7,0,36,315,1,352,0,36,322,1,359,187,0,187,546
05/17/2021,MRI,AK,AAL,WE,Towers with Radar,0,3,7,3,13,0,67,371,8,446,0,70,378,11,459,314,0,314,773
05/18/2021,MRI,AK,AAL,WE,Towers with Radar,0,3,7,3,13,0,74,427,9,510,0,77,434,12,523,135,0,135,658
05/19/2021,MRI,AK,AAL,WE,Towers with Radar,0,4,2,3,9,0,66,268,3,337,0,70,270,6,346,245,0,245,591
05/20/2021,MRI,AK,AAL,WE,Towers with Radar,0,3,21,3,27,0,74,246,3,323,0,77,267,6,350,217,0,217,567
05/21/2021,MRI,AK,AAL,WE,Towers with Radar,0,10,16,4,30,0,67,254,4,325,0,77,270,8,355,190,0,190,545
05/22/2021,MRI,AK,AAL,WE,Towers with Radar,0,3,7,3,13,0,48,314,3,365,0,51,321,6,378,246,0,246,624
05/23/2021,MRI,AK,AAL,WE,Towers with Radar,0,2,6,1,9,0,35,382,4,421,0,37,388,5,430,190,0,190,620
05/24/2021,MRI,AK,AAL,WE,Towers with Radar,0,6,7,3,16,0,80,469,7,556,0,86,476,10,572,400,0,400,972
05/25/2021,MRI,AK,AAL,WE,Towers with Radar,0,3,10,3,16,0,79,450,6,535,0,82,460,9,551,386,0,386,937
05/26/2021,MRI,AK,AAL,WE,Towers with Radar,0,5,16,3,24,0,66,457,5,528,0,71,473,8,552,439,0,439,991
05/27/2021,MRI,AK,AAL,WE,Towers with Radar,0,5,3,5,13,0,51,298,5,354,0,56,301,10,367,341,0,341,708
05/28/2021,MRI,AK,AAL,WE,Towers with Radar,0,5,35,5,45,0,29,133,1,163,0,34,168,6,208,376,0,376,584
05/29/2021,MRI,AK,AAL,WE,Towers with Radar,0,6,22,3,31,0,47,121,3,171,0,53,143,6,202,86,0,86,288
05/30/2021,MRI,AK,AAL,WE,Towers with Radar,0,8,8,3,19,0,38,227,4,269,0,46,235,7,288,156,0,156,444
05/31/2021,MRI,AK,AAL,WE,Towers with Radar,0,4,10,4,18,0,64,336,5,405,0,68,346,9,423,222,0,222,645
06/01/2021,MRI,AK,AAL,WE,Towers with Radar,0,4,4,6,14,0,66,167,5,238,0,70,171,11,252,67,0,67,319
06/02/2021,MRI,AK,AAL,WE,Towers with Radar,0,3,18,5,26,0,107,511,8,626,0,110,529,13,652,378,0,378,1030
06/03/2021,MRI,AK,AAL,WE,Towers with Radar,0,6,6,2,14,0,95,348,4,447,0,101,354,6,461,362,0,362,823
06/04/2021,MRI,AK,AAL,WE,Towers with Radar,0,5,14,5,24,0,94,449,9,552,0,99,463,14,576,357,0,357,933
06/05/2021,MRI,AK,AAL,WE,Towers with Radar,0,2,6,2,10,0,60,368,4,432,0,62,374,6,442,288,0,288,730
06/06/2021,MRI,AK,AAL,WE,Towers with Radar,0,1,10,1,12,0,53,350,5,408,0,54,360,6,420,58,0,58,478
06/07/2021,MRI,AK,AAL,WE,Towers with Radar,0,4,6,3,13,0,78,368,5,451,0,82,374,8,464,313,0,313,777
06/08/2021,MRI,AK,AAL,WE,Towers with Radar,0,2,5,3,10,0,82,277,3,362,0,84,282,6,372,77,0,77,449
06/09/2021,MRI,AK,AAL,WE,Towers with Radar,0,4,23,3,30,0,85,246,7,338,0,89,269,10,368,257,0,257,625
06/10/2021,MRI,AK,AAL,WE,Towers with Radar,0,6,17,5,28,0,88,403,5,496,0,94,420,10,524,300,0,300,824
06/11/2021,MRI,AK,AAL,WE,Towers with Radar,0,8,16,6,30,0,73,487,9,569,0,81,503,15,599,380,0,380,979
06/12/2021,MRI,AK,AAL,WE,Towers with Radar,0,2,4,1,7,0,78,418,2,498,0,80,422,3,505,122,0,122,627
06/13/2021,MRI,AK,AAL,WE,Towers with Radar,0,3,2,1,6,0,47,340,1,388,0,50,342,2,394,135,0,135,529
06/14/2021,MRI,AK,AAL,WE,Towers with Radar,0,7,9,3,19,0,100,460,5,565,0,107,469,8,584,264,0,264,848
06/15/2021,MRI,AK,AAL,WE,Towers with Radar,0,4,11,2,17,0,110,474,7,591,0,114,485,9,608,208,0,208,816
06/16/2021,MRI,AK,AAL,WE,Towers with Radar,0,12,11,7,30,0,62,277,9,348,0,74,288,16,378,438,0,438,816
06/17/2021,MRI,AK,AAL,WE,Towers with Radar,0,4,10,6,20,0,104,381,5,490,0,108,391,11,510,416,0,416,926
06/18/2021,MRI,AK,AAL,WE,Towers with Radar,0,3,10,4,17,0,77,434,7,518,0,80,444,11,535,389,0,389,924
06/19/2021,MRI,AK,AAL,WE,Towers with Radar,0,2,10,2,14,0,92,324,4,420,0,94,334,6,434,261,0,261,695
06/20/2021,MRI,AK,AAL,WE,Towers with Radar,0,2,5,2,9,0,63,273,2,338,0,65,278,4,347,217,0,217,564
06/21/2021,MRI,AK,AAL,WE,Towers with Radar,0,8,6,5,19,0,79,348,9,436,0,87,354,14,455,361,0,361,816
06/22/2021,MRI,AK,AAL,WE,Towers with Radar,0,6,2,3,11,0,143,414,6,563,0,149,416,9,574,232,0,232,806
06/23/2021,MRI,AK,AAL,WE,Towers with Radar,0,7,6,5,18,0,61,364,5,430,0,68,370,10,448,505,0,505,953
06/24/2021,MRI,AK,AAL,WE,Towers with Radar,0,3,11,4,18,0,77,247,6,330,0,80,258,10,348,219,0,219,567
06/25/2021,MRI,AK,AAL,WE,Towers with Radar,0,5,7,6,18,0,70,268,9,347,0,75,275,15,365,223,0,223,588
06/26/2021,MRI,AK,AAL,WE,Towers with Radar,0,2,9,4,15,0,53,282,3,338,0,55,291,7,353,273,0,273,626
06/27/2021,MRI,AK,AAL,WE,Towers with Radar,0,4,4,4,12,0,31,277,2,310,0,35,281,6,322,209,0,209,531
06/28/2021,MRI,AK,AAL,WE,Towers with Radar,0,5,4,5,14,0,47,226,7,280,0,52,230,12,294,276,0,276,570
06/29/2021,MRI,AK,AAL,WE,Towers with Radar,0,2,5,1,8,0,79,325,6,410,0,81,330,7,418,263,0,263,681
06/30/2021,MRI,AK,AAL,WE,Towers with Radar,0,2,0,2,4,0,54,304,4,362,0,56,304,6,366,349,0,349,715
07/01/2021,MRI,AK,AAL,WE,Towers with Radar,0,2,3,3,8,0,53,300,2,355,0,55,303,5,363,459,0,459,822
07/02/2021,MRI,AK,AAL,WE,Towers with Radar,0,9,6,0,15,0,61,194,0,255,0,70,200,0,270,270,0,270,540
07/03/2021,MRI,AK,AAL,WE,Towers with Radar,0,12,23,0,35,0,47,116,0,163,0,59,139,0,198,199,0,199,397
07/04/2021,MRI,AK,AAL,WE,Towers with Radar,0,2,0,0,2,0,27,183,1,211,0,29,183,1,213,100,0,100,313
07/05/2021,MRI,AK,AAL,WE,Towers with Radar,0,6,8,0,14,0,50,204,0,254,0,56,212,0,268,188,0,188,456
07/06/2021,MRI,AK,AAL,WE,Towers with Radar,0,23,17,0,40,0,36,93,0,129,0,59,110,0,169,174,0,174,343
07/07/2021,MRI,AK,AAL,WE,Towers with Radar,0,2,9,0,11,0,53,187,0,240,0,55,196,0,251,440,0,440,691
07/08/2021,MRI,AK,AAL,WE,Towers with Radar,0,3,4,1,8,0,59,224,1,284,0,62,228,2,292,281,0,281,573
07/09/2021,MRI,AK,AAL,WE,Towers with Radar,0,7,5,0,12,0,59,165,0,224,0,66,170,0,236,279,0,279,515
07/10/2021,MRI,AK,AAL,WE,Towers with Radar,0,1,8,0,9,0,46,250,0,296,0,47,258,0,305,221,0,221,526
07/11/2021,MRI,AK,AAL,WE,Towers with Radar,0,4,5,0,9,0,42,274,0,316,0,46,279,0,325,159,0,159,484
07/12/2021,MRI,AK,AAL,WE,Towers with Radar,0,5,3,0,8,0,50,268,0,318,0,55,271,0,326,318,0,318,644
07/13/2021,MRI,AK,AAL,WE,Towers with Radar,0,3,3,0,6,0,68,277,0,345,0,71,280,0,351,390,0,390,741
07/14/2021,MRI,AK,AAL,WE,Towers with Radar,0,3,4,0,7,0,68,312,4,384,0,71,316,4,391,398,0,398,789
07/15/2021,MRI,AK,AAL,WE,Towers with Radar,0,1,4,0,5,0,60,347,0,407,0,61,351,0,412,365,0,365,777
07/16/2021,MRI,AK,AAL,WE,Towers with Radar,0,5,2,0,7,0,60,302,1,363,0,65,304,1,370,166,0,166,536
07/17/2021,MRI,AK,AAL,WE,Towers with Radar,0,4,4,0,8,0,55,317,0,372,0,59,321,0,380,251,0,251,631
07/18/2021,MRI,AK,AAL,WE,Towers with Radar,0,3,4,0,7,0,57,301,1,359,0,60,305,1,366,169,0,169,535
07/19/2021,MRI,AK,AAL,WE,Towers with Radar,0,4,5,0,9,0,59,241,0,300,0,63,246,0,309,252,0,252,561
07/20/2021,MRI,AK,AAL,WE,Towers with Radar,0,3,13,0,16,0,56,217,0,273,0,59,230,0,289,293,0,293,582
07/21/2021,MRI,AK,AAL,WE,Towers with Radar,0,10,16,0,26,0,38,106,0,144,0,48,122,0,170,97,0,97,267
07/22/2021,MRI,AK,AAL,WE,Towers with Radar,0,7,2,0,9,0,52,244,0,296,0,59,246,0,305,292,0,292,597
07/23/2021,MRI,AK,AAL,WE,Towers with Radar,0,7,7,0,14,0,64,311,0,375,0,71,318,0,389,316,0,316,705
07/24/2021,MRI,AK,AAL,WE,Towers with Radar,0,4,8,0,12,0,53,204,0,257,0,57,212,0,269,136,0,136,405
07/25/2021,MRI,AK,AAL,WE,Towers with Radar,0,3,8,0,11,0,51,241,0,292,0,54,249,0,303,126,0,126,429
07/26/2021,MRI,AK,AAL,WE,Towers with Radar,0,9,1,0,10,0,65,371,1,437,0,74,372,1,447,347,0,347,794
07/27/2021,MRI,AK,AAL,WE,Towers with Radar,0,7,2,0,9,0,72,311,0,383,0,79,313,0,392,161,0,161,553
07/28/2021,MRI,AK,AAL,WE,Towers with Radar,0,8,10,0,18,0,58,211,0,269,0,66,221,0,287,389,0,389,676
07/29/2021,MRI,AK,AAL,WE,Towers with Radar,0,25,19,0,44,0,29,96,0,125,0,54,115,0,169,96,0,96,265
07/30/2021,MRI,AK,AAL,WE,Towers with Radar,0,5,7,0,12,0,55,168,0,223,0,60,175,0,235,213,0,213,448
07/31/2021,MRI,AK,AAL,WE,Towers with Radar,0,2,7,0,9,0,55,332,0,387,0,57,339,0,396,256,0,256,652
08/01/2021,MRI,AK,AAL,WE,Towers with Radar,0,1,0,0,1,0,42,317,1,360,0,43,317,1,361,116,0,116,477
08/02/2021,MRI,AK,AAL,WE,Towers with Radar,0,3,2,0,5,0,64,316,0,380,0,67,318,0,385,243,0,243,628
08/03/2021,MRI,AK,AAL,WE,Towers with Radar,0,2,2,0,4,0,84,323,0,407,0,86,325,0,411,255,0,255,666
08/04/2021,MRI,AK,AAL,WE,Towers with Radar,0,3,8,0,11,0,63,309,0,372,0,66,317,0,383,323,0,323,706
08/05/2021,MRI,AK,AAL,WE,Towers with Radar,0,5,6,0,11,0,64,257,0,321,0,69,263,0,332,285,0,285,617
08/06/2021,MRI,AK,AAL,WE,Towers with Radar,0,17,15,0,32,0,70,172,0,242,0,87,187,0,274,199,0,199,473
08/07/2021,MRI,AK,AAL,WE,Towers with Radar,0,2,8,0,10,0,59,195,0,254,0,61,203,0,264,226,0,226,490
08/08/2021,MRI,AK,AAL,WE,Towers with Radar,0,17,18,0,35,0,24,45,0,69,0,41,63,0,104,0,0,0,104
08/09/2021,MRI,AK,AAL,WE,Towers with Radar,0,4,0,0,4,0,71,226,0,297,0,75,226,0,301,286,0,286,587
08/10/2021,MRI,AK,AAL,WE,Towers with Radar,0,11,22,0,33,0,53,159,0,212,0,64,181,0,245,210,0,210,455
08/11/2021,MRI,AK,AAL,WE,Towers with Radar,0,9,2,0,11,0,56,203,0,259,0,65,205,0,270,130,0,130,400
08/12/2021,MRI,AK,AAL,WE,Towers with Radar,0,3,11,0,14,0,38,101,0,139,0,41,112,0,153,277,0,277,430
08/13/2021,MRI,AK,AAL,WE,Towers with Radar,0,6,7,0,13,0,52,238,0,290,0,58,245,0,303,238,0,238,541
08/14/2021,MRI,AK,AAL,WE,Towers with Radar,0,5,2,0,7,0,55,240,0,295,0,60,242,0,302,232,0,232,534
08/15/2021,MRI,AK,AAL,WE,Towers with Radar,0,4,1,0,5,0,47,288,0,335,0,51,289,0,340,137,0,137,477
08/16/2021,MRI,AK,AAL,WE,Towers with Radar,0,5,4,0,9,0,50,230,0,280,0,55,234,0,289,135,0,135,424
08/17/2021,MRI,AK,AAL,WE,Towers with Radar,0,3,4,0,7,0,62,209,0,271,0,65,213,0,278,247,0,247,525
08/18/2021,MRI,AK,AAL,WE,Towers with Radar,0,4,4,0,8,0,41,222,0,263,0,45,226,0,271,312,0,312,583
08/19/2021,MRI,AK,AAL,WE,Towers with Radar,0,2,7,0,9,0,49,257,0,306,0,51,264,0,315,261,0,261,576
08/20/2021,MRI,AK,AAL,WE,Towers with Radar,0,6,7,0,13,0,65,137,0,202,0,71,144,0,215,106,0,106,321
08/21/2021,MRI,AK,AAL,WE,Towers with Radar,0,5,5,0,10,0,75,371,0,446,0,80,376,0,456,221,0,221,677
08/22/2021,MRI,AK,AAL,WE,Towers with Radar,0,6,5,0,11,0,39,211,0,250,0,45,216,0,261,199,0,199,460
08/23/2021,MRI,AK,AAL,WE,Towers with Radar,0,6,7,0,13,0,35,142,0,177,0,41,149,0,190,336,0,336,526
08/24/2021,MRI,AK,AAL,WE,Towers with Radar,0,3,11,0,14,0,63,200,2,265,0,66,211,2,279,323,8,331,610
08/25/2021,MRI,AK,AAL,WE,Towers with Radar,0,6,9,0,15,0,35,160,2,197,0,41,169,2,212,255,0,255,467
08/26/2021,MRI,AK,AAL,WE,Towers with Radar,0,4,3,0,7,0,59,222,0,281,0,63,225,0,288,226,0,226,514
08/27/2021,MRI,AK,AAL,WE,Towers with Radar,0,8,4,0,12,0,49,83,0,132,0,57,87,0,144,115,0,115,259
08/28/2021,MRI,AK,AAL,WE,Towers with Radar,0,2,3,0,5,0,55,369,0,424,0,57,372,0,429,148,0,148,577
08/29/2021,MRI,AK,AAL,WE,Towers with Radar,0,0,1,0,1,0,38,311,0,349,0,38,312,0,350,146,0,146,496
08/30/2021,MRI,AK,AAL,WE,Towers with Radar,0,4,5,0,9,0,66,323,0,389,0,70,328,0,398,310,0,310,708
08/31/2021,MRI,AK,AAL,WE,Towers with Radar,0,2,5,0,7,0,63,294,0,357,0,65,299,0,364,189,0,189,553
09/01/2021,MRI,AK,AAL,WE,Towers with Radar,0,4,5,0,9,0,40,203,0,243,0,44,208,0,252,208,0,208,460
09/02/2021,MRI,AK,AAL,WE,Towers with Radar,0,20,14,0,34,0,27,76,0,103,0,47,90,0,137,32,0,32,169
09/03/2021,MRI,AK,AAL,WE,Towers with Radar,0,5,9,1,15,0,50,188,0,238,0,55,197,1,253,178,0,178,431
09/04/2021,MRI,AK,AAL,WE,Towers with Radar,0,21,19,0,40,0,30,69,0,99,0,51,88,0,139,166,0,166,305
09/05/2021,MRI,AK,AAL,WE,Towers with Radar,0,3,7,0,10,0,37,105,0,142,0,40,112,0,152,265,0,265,417
09/06/2021,MRI,AK,AAL,WE,Towers with Radar,0,5,11,0,16,0,51,265,0,316,0,56,276,0,332,194,0,194,526
09/07/2021,MRI,AK,AAL,WE,Towers with Radar,0,9,3,0,12,0,71,276,0,347,0,80,279,0,359,195,0,195,554
09/08/2021,MRI,AK,AAL,WE,Towers with Radar,0,4,7,0,11,0,39,181,0,220,0,43,188,0,231,326,0,326,557
09/09/2021,MRI,AK,AAL,WE,Towers with Radar,0,8,7,0,15,0,52,251,0,303,0,60,258,0,318,225,0,225,543
09/10/2021,MRI,AK,AAL,WE,Towers with Radar,0,9,3,0,12,0,57,175,0,232,0,66,178,0,244,170,0,170,414
09/11/2021,MRI,AK,AAL,WE,Towers with Radar,0,1,6,0,7,0,51,297,0,348,0,52,303,0,355,136,0,136,491
09/12/2021,MRI,AK,AAL,WE,Towers with Radar,0,5,1,0,6,0,23,117,0,140,0,28,118,0,146,110,0,110,256
09/13/2021,MRI,AK,AAL,WE,Towers with Radar,0,5,2,0,7,0,39,106,0,145,0,44,108,0,152,133,0,133,285
09/14/2021,MRI,AK,AAL,WE,Towers with Radar,0,3,7,0,10,0,50,259,0,309,0,53,266,0,319,193,0,193,512
09/15/2021,MRI,AK,AAL,WE,Towers with Radar,0,5,6,0,11,0,40,160,0,200,0,45,166,0,211,281,0,281,492
09/16/2021,MRI,AK,AAL,WE,Towers with Radar,0,8,8,0,16,0,44,177,0,221,0,52,185,0,237,162,0,162,399
09/17/2021,MRI,AK,AAL,WE,Towers with Radar,0,11,21,0,32,0,41,239,1,281,0,52,260,1,313,197,0,197,510
09/18/2021,MRI,AK,AAL,WE,Towers with Radar,0,1,5,0,6,0,36,308,0,344,0,37,313,0,350,244,0,244,594
09/19/2021,MRI,AK,AAL,WE,Towers with Radar,0,1,5,0,6,0,45,304,0,349,0,46,309,0,355,87,0,87,442
09/20/2021,MRI,AK,AAL,WE,Towers with Radar,0,4,5,0,9,0,68,157,0,225,0,72,162,0,234,146,0,146,380
09/21/2021,MRI,AK,AAL,WE,Towers with Radar,0,3,2,0,5,0,35,59,0,94,0,38,61,0,99,35,0,35,134
09/22/2021,MRI,AK,AAL,WE,Towers with Radar,0,4,9,1,14,0,66,325,0,391,0,70,334,1,405,212,0,212,617
09/23/2021,MRI,AK,AAL,WE,Towers with Radar,0,3,5,0,8,0,49,99,0,148,0,52,104,0,156,81,0,81,237
09/24/2021,MRI,AK,AAL,WE,Towers with Radar,0,22,15,0,37,0,18,22,0,40,0,40,37,0,77,0,0,0,77
09/25/2021,MRI,AK,AAL,WE,Towers with Radar,0,14,19,0,33,0,30,107,0,137,0,44,126,0,170,103,0,103,273
09/26/2021,MRI,AK,AAL,WE,Towers with Radar,0,2,4,0,6,0,35,302,1,338,0,37,306,1,344,157,0,157,501
09/27/2021,MRI,AK,AAL,WE,Towers with Radar,0,3,10,0,13,0,46,271,4,321,0,49,281,4,334,210,0,210,544
09/28/2021,MRI,AK,AAL,WE,Towers with Radar,0,2,2,0,4,0,42,289,1,332,0,44,291,1,336,240,0,240,576
09/29/2021,MRI,AK,AAL,WE,Towers with Radar,0,4,3,1,8,0,41,273,0,314,0,45,276,1,322,201,0,201,523
09/30/2021,MRI,AK,AAL,WE,Towers with Radar,0,2,6,0,8,0,44,256,1,301,0,46,262,1,309,163,0,163,472
10/01/2021,MRI,AK,AAL,WE,Towers with Radar,0,4,3,0,7,0,37,209,0,246,0,41,212,0,253,244,0,244,497
10/02/2021,MRI,AK,AAL,WE,Towers with Radar,0,5,3,0,8,0,14,17,0,31,0,19,20,0,39,6,0,6,45
10/03/2021,MRI,AK,AAL,WE,Towers with Radar,0,0,4,0,4,0,23,229,0,252,0,23,233,0,256,171,0,171,427
10/04/2021,MRI,AK,AAL,WE,Towers with Radar,0,4,3,0,7,0,46,269,0,315,0,50,272,0,322,207,0,207,529
10/05/2021,MRI,AK,AAL,WE,Towers with Radar,0,6,7,0,13,0,50,133,0,183,0,56,140,0,196,220,0,220,416
10/06/2021,MRI,AK,AAL,WE,Towers with Radar,0,6,1,0,7,0,23,38,0,61,0,29,39,0,68,115,0,115,183
10/07/2021,MRI,AK,AAL,WE,Towers with Radar,0,6,3,0,9,0,36,157,0,193,0,42,160,0,202,211,0,211,413
10/08/2021,MRI,AK,AAL,WE,Towers with Radar,0,10,13,0,23,0,28,60,0,88,0,38,73,0,111,172,0,172,283
10/09/2021,MRI,AK,AAL,WE,Towers with Radar,0,1,2,0,3,0,30,55,0,85,0,31,57,0,88,295,0,295,383
10/10/2021,MRI,AK,AAL,WE,Towers with Radar,0,3,4,0,7,0,19,234,0,253,0,22,238,0,260,135,0,135,395
10/11/2021,MRI,AK,AAL,WE,Towers with Radar,0,3,6,0,9,0,25,140,0,165,0,28,146,0,174,227,0,227,401
10/12/2021,MRI,AK,AAL,WE,Towers with Radar,0,4,6,0,10,0,54,250,0,304,0,58,256,0,314,206,0,206,520
10/13/2021,MRI,AK,AAL,WE,Towers with Radar,0,0,5,0,5,0,42,228,0,270,0,42,233,0,275,229,0,229,504
10/14/2021,MRI,AK,AAL,WE,Towers with Radar,0,12,10,1,23,0,6,14,0,20,0,18,24,1,43,9,0,9,52
10/15/2021,MRI,AK,AAL,WE,Towers with Radar,0,12,12,0,24,0,56,83,0,139,0,68,95,0,163,186,0,186,349
10/16/2021,MRI,AK,AAL,WE,Towers with Radar,0,1,6,0,7,0,32,107,0,139,0,33,113,0,146,158,0,158,304
10/17/2021,MRI,AK,AAL,WE,Towers with Radar,0,2,0,0,2,0,16,112,0,128,0,18,112,0,130,188,0,188,318
10/18/2021,MRI,AK,AAL,WE,Towers with Radar,0,4,7,0,11,0,49,242,0,291,0,53,249,0,302,278,0,278,580
10/19/2021,MRI,AK,AAL,WE,Towers with Radar,0,4,5,0,9,0,37,78,0,115,0,41,83,0,124,196,0,196,320
10/20/2021,MRI,AK,AAL,WE,Towers with Radar,0,4,5,0,9,0,39,161,0,200,0,43,166,0,209,241,0,241,450
10/21/2021,MRI,AK,AAL,WE,Towers with Radar,0,4,8,0,12,0,24,143,0,167,0,28,151,0,179,166,0,166,345
10/22/2021,MRI,AK,AAL,WE,Towers with Radar,0,7,3,0,10,0,31,151,0,182,0,38,154,0,192,196,0,196,388
10/23/2021,MRI,AK,AAL,WE,Towers with Radar,0,0,2,0,2,0,31,199,0,230,0,31,201,0,232,149,0,149,381
10/24/2021,MRI,AK,AAL,WE,Towers with Radar,0,4,1,0,5,0,20,233,0,253,0,24,234,0,258,194,0,194,452
10/25/2021,MRI,AK,AAL,WE,Towers with Radar,0,5,7,0,12,0,47,195,0,242,0,52,202,0,254,216,0,216,470
10/26/2021,MRI,AK,AAL,WE,Towers with Radar,0,3,9,0,12,0,62,221,0,283,0,65,230,0,295,195,0,195,490
10/27/2021,MRI,AK,AAL,WE,Towers with Radar,0,1,6,0,7,0,37,211,0,248,0,38,217,0,255,336,0,336,591
10/28/2021,MRI,AK,AAL,WE,Towers with Radar,0,7,4,0,11,0,28,50,0,78,0,35,54,0,89,192,0,192,281
10/29/2021,MRI,AK,AAL,WE,Towers with Radar,0,4,4,0,8,0,32,112,0,144,0,36,116,0,152,185,0,185,337
10/30/2021,MRI,AK,AAL,WE,Towers with Radar,0,0,0,0,0,0,8,4,0,12,0,8,4,0,12,16,0,16,28
10/31/2021,MRI,AK,AAL,WE,Towers with Radar,0,1,1,0,2,0,8,23,0,31,0,9,24,0,33,40,0,40,73
11/01/2021,MRI,AK,AAL,WE,Towers with Radar,0,4,14,0,18,0,28,53,0,81,0,32,67,0,99,114,0,114,213
11/02/2021,MRI,AK,AAL,WE,Towers with Radar,0,6,5,0,11,0,2,1,0,3,0,8,6,0,14,0,0,0,14
11/03/2021,MRI,AK,AAL,WE,Towers with Radar,0,2,3,0,5,0,46,163,0,209,0,48,166,0,214,184,0,184,398
11/04/2021,MRI,AK,AAL,WE,Towers with Radar,0,4,7,0,11,0,28,60,0,88,0,32,67,0,99,160,0,160,259
11/05/2021,MRI,AK,AAL,WE,Towers with Radar,0,13,5,0,18,0,10,9,0,19,0,23,14,0,37,55,0,55,92
11/06/2021,MRI,AK,AAL,WE,Towers with Radar,0,1,3,0,4,0,23,50,0,73,0,24,53,0,77,114,0,114,191
11/07/2021,MRI,AK,AAL,WE,Towers with Radar,0,0,3,0,3,0,14,48,0,62,0,14,51,0,65,197,0,197,262
11/08/2021,MRI,AK,AAL,WE,Towers with Radar,0,6,2,0,8,0,33,123,0,156,0,39,125,0,164,306,0,306,470
11/09/2021,MRI,AK,AAL,WE,Towers with Radar,0,19,33,0,52,0,25,94,0,119,0,44,127,0,171,97,0,97,268
11/10/2021,MRI,AK,AAL,WE,Towers with Radar,0,3,4,0,7,0,37,120,0,157,0,40,124,0,164,162,0,162,326
11/11/2021,MRI,AK,AAL,WE,Towers with Radar,0,6,5,0,11,0,2,0,0,2,0,8,5,0,13,0,0,0,13
11/12/2021,MRI,AK,AAL,WE,Towers with Radar,0,4,0,0,4,0,29,43,0,72,0,33,43,0,76,0,0,0,76
11/13/2021,MRI,AK,AAL,WE,Towers with Radar,0,1,6,0,7,0,18,151,0,169,0,19,157,0,176,190,0,190,366
11/14/2021,MRI,AK,AAL,WE,Towers with Radar,0,1,3,0,4,0,10,150,0,160,0,11,153,0,164,114,0,114,278
11/15/2021,MRI,AK,AAL,WE,Towers with Radar,0,2,13,0,15,0,4,12,0,16,0,6,25,0,31,2,0,2,33
11/16/2021,MRI,AK,AAL,WE,Towers with Radar,0,4,8,0,12,0,43,123,0,166,0,47,131,0,178,180,0,180,358
11/17/2021,MRI,AK,AAL,WE,Towers with Radar,0,3,1,0,4,0,34,88,0,122,0,37,89,0,126,90,0,90,216
11/18/2021,MRI,AK,AAL,WE,Towers with Radar,0,3,3,0,6,0,27,125,0,152,0,30,128,0,158,155,0,155,313
11/19/2021,MRI,AK,AAL,WE,Towers with Radar,0,2,1,0,3,0,27,134,0,161,0,29,135,0,164,130,0,130,294
11/20/2021,MRI,AK,AAL,WE,Towers with Radar,0,1,1,0,2,0,20,142,0,162,0,21,143,0,164,123,0,123,287
11/21/2021,MRI,AK,AAL,WE,Towers with Radar,0,0,5,0,5,0,14,107,0,121,0,14,112,0,126,219,0,219,345
11/22/2021,MRI,AK,AAL,WE,Towers with Radar,0,5,3,0,8,0,31,85,0,116,0,36,88,0,124,234,0,234,358
11/23/2021,MRI,AK,AAL,WE,Towers with Radar,0,3,6,0,9,0,45,134,0,179,0,48,140,0,188,168,0,168,356
11/24/2021,MRI,AK,AAL,WE,Towers with Radar,0,1,5,0,6,0,34,55,0,89,0,35,60,0,95,210,0,210,305
11/25/2021,MRI,AK,AAL,WE,Towers with Radar,0,2,0,0,2,0,0,0,0,0,0,2,0,0,2,0,0,0,2
11/26/2021,MRI,AK,AAL,WE,Towers with Radar,0,4,4,0,8,0,25,66,0,91,0,29,70,0,99,59,0,59,158
11/27/2021,MRI,AK,AAL,WE,Towers with Radar,0,1,3,0,4,0,10,115,0,125,0,11,118,0,129,31,0,31,160
11/28/2021,MRI,AK,AAL,WE,Towers with Radar,0,1,4,0,5,0,18,39,0,57,0,19,43,0,62,180,0,180,242
11/29/2021,MRI,AK,AAL,WE,Towers with Radar,0,6,4,0,10,0,24,57,0,81,0,30,61,0,91,84,0,84,175
11/30/2021,MRI,AK,AAL,WE,Towers with Radar,0,14,12,0,26,0,4,22,0,26,0,18,34,0,52,39,0,39,91
12/01/2021,MRI,AK,AAL,WE,Towers with Radar,0,16,13,0,29,0,7,1,0,8,0,23,14,0,37,0,0,0,37
12/02/2021,MRI,AK,AAL,WE,Towers with Radar,0,7,5,0,12,0,36,136,0,172,0,43,141,0,184,129,0,129,313
12/03/2021,MRI,AK,AAL,WE,Towers with Radar,0,10,12,0,22,0,21,53,0,74,0,31,65,0,96,56,0,56,152
12/04/2021,MRI,AK,AAL,WE,Towers with Radar,0,12,15,0,27,0,7,4,0,11,0,19,19,0,38,2,0,2,40
12/05/2021,MRI,AK,AAL,WE,Towers with Radar,0,1,0,0,1,0,13,35,0,48,0,14,35,0,49,222,0,222,271
12/06/2021,MRI,AK,AAL,WE,Towers with Radar,0,1,0,0,1,0,19,29,0,48,0,20,29,0,49,184,0,184,233
12/07/2021,MRI,AK,AAL,WE,Towers with Radar,0,12,10,0,22,0,12,6,0,18,0,24,16,0,40,0,0,0,40
12/08/2021,MRI,AK,AAL,WE,Towers with Radar,0,1,4,0,5,1,26,94,0,121,1,27,98,0,126,58,0,58,184
12/09/2021,MRI,AK,AAL,WE,Towers with Radar,0,4,2,0,6,0,3,12,1,16,0,7,14,1,22,66,0,66,88
12/10/2021,MRI,AK,AAL,WE,Towers with Radar,0,5,8,0,13,0,25,74,0,99,0,30,82,0,112,156,0,156,268
12/11/2021,MRI,AK,AAL,WE,Towers with Radar,0,2,4,0,6,0,15,77,0,92,0,17,81,0,98,98,0,98,196
12/12/2021,MRI,AK,AAL,WE,Towers with Radar,0,0,3,0,3,0,17,55,1,73,0,17,58,1,76,6,0,6,82
12/13/2021,MRI,AK,AAL,WE,Towers with Radar,0,2,2,0,4,0,38,110,0,148,0,40,112,0,152,111,0,111,263
12/14/2021,MRI,AK,AAL,WE,Towers with Radar,0,4,5,0,9,0,36,144,0,180,0,40,149,0,189,153,0,153,342
12/15/2021,MRI,AK,AAL,WE,Towers with Radar,0,9,9,0,18,0,17,41,0,58,0,26,50,0,76,21,0,21,97
12/16/2021,MRI,AK,AAL,WE,Towers with Radar,0,7,3,0,10,0,12,33,0,45,0,19,36,0,55,84,0,84,139
12/17/2021,MRI,AK,AAL,WE,Towers with Radar,0,20,12,0,32,0,6,10,0,16,0,26,22,0,48,50,0,50,98
12/18/2021,MRI,AK,AAL,WE,Towers with Radar,0,11,9,0,20,0,3,6,0,9,0,14,15,0,29,4,0,4,33
12/19/2021,MRI,AK,AAL,WE,Towers with Radar,0,0,10,0,10,0,30,108,0,138,0,30,118,0,148,164,0,164,312
12/20/2021,MRI,AK,AAL,WE,Towers with Radar,0,1,10,0,11,0,2,1,0,3,0,3,11,0,14,0,0,0,14
12/21/2021,MRI,AK,AAL,WE,Towers with Radar,0,6,7,0,13,0,5,7,0,12,0,11,14,0,25,12,0,12,37
12/22/2021,MRI,AK,AAL,WE,Towers with Radar,0,7,6,0,13,0,41,66,0,107,0,48,72,0,120,111,0,111,231
12/23/2021,MRI,AK,AAL,WE,Towers with Radar,0,4,3,0,7,0,43,137,0,180,0,47,140,0,187,175,0,175,362
12/24/2021,MRI,AK,AAL,WE,Towers with Radar,0,1,1,0,2,0,18,82,0,100,0,19,83,0,102,82,0,82,184
12/25/2021,MRI,AK,AAL,WE,Towers with Radar,0,2,0,0,2,0,5,12,0,17,0,7,12,0,19,6,0,6,25
12/26/2021,MRI,AK,AAL,WE,Towers with Radar,0,0,0,0,0,0,0,0,0,0,0,0,0,0,0,0,0,0,0
12/27/2021,MRI,AK,AAL,WE,Towers with Radar,0,0,2,0,2,0,24,49,0,73,0,24,51,0,75,159,0,159,234
12/28/2021,MRI,AK,AAL,WE,Towers with Radar,0,3,4,0,7,0,27,50,0,77,0,30,54,0,84,120,0,120,204
12/29/2021,MRI,AK,AAL,WE,Towers with Radar,0,4,2,0,6,0,36,74,0,110,0,40,76,0,116,76,0,76,192
12/30/2021,MRI,AK,AAL,WE,Towers with Radar,0,2,6,0,8,0,36,113,0,149,0,38,119,0,157,141,0,141,298
12/31/2021,MRI,AK,AAL,WE,Towers with Radar,0,6,8,0,14,0,5,4,0,9,0,11,12,0,23,0,0,0,23
01/01/2022,MRI,AK,AAL,WE,Towers with Radar,0,0,0,0,0,0,0,3,0,3,0,0,3,0,3,0,0,0,3
01/02/2022,MRI,AK,AAL,WE,Towers with Radar,0,0,0,0,0,0,3,3,0,6,0,3,3,0,6,0,0,0,6
01/03/2022,MRI,AK,AAL,WE,Towers with Radar,0,0,1,0,1,0,30,52,0,82,0,30,53,0,83,91,0,91,174
01/04/2022,MRI,AK,AAL,WE,Towers with Radar,0,3,2,0,5,0,46,88,0,134,0,49,90,0,139,74,0,74,213
01/05/2022,MRI,AK,AAL,WE,Towers with Radar,0,3,5,0,8,0,32,94,0,126,0,35,99,0,134,83,0,83,217
01/06/2022,MRI,AK,AAL,WE,Towers with Radar,0,3,7,0,10,0,7,10,0,17,0,10,17,0,27,0,0,0,27
01/07/2022,MRI,AK,AAL,WE,Towers with Radar,0,3,13,0,16,0,16,32,0,48,0,19,45,0,64,17,0,17,81
01/08/2022,MRI,AK,AAL,WE,Towers with Radar,0,3,0,0,3,0,29,54,0,83,0,32,54,0,86,89,0,89,175
01/09/2022,MRI,AK,AAL,WE,Towers with Radar,0,0,0,0,0,0,10,23,0,33,0,10,23,0,33,2,0,2,35
01/10/2022,MRI,AK,AAL,WE,Towers with Radar,0,4,2,0,6,0,22,89,0,111,0,26,91,0,117,77,0,77,194
01/11/2022,MRI,AK,AAL,WE,Towers with Radar,0,12,8,0,20,0,14,32,0,46,0,26,40,0,66,42,0,42,108
01/12/2022,MRI,AK,AAL,WE,Towers with Radar,0,5,4,0,9,0,46,69,0,115,0,51,73,0,124,169,0,169,293
01/13/2022,MRI,AK,AAL,WE,Towers with Radar,0,5,5,0,10,0,17,32,0,49,0,22,37,0,59,188,0,188,247
01/14/2022,MRI,AK,AAL,WE,Towers with Radar,0,4,2,0,6,0,32,68,0,100,0,36,70,0,106,302,0,302,408
01/15/2022,MRI,AK,AAL,WE,Towers with Radar,0,6,6,0,12,0,5,15,1,21,0,11,21,1,33,108,0,108,141
01/16/2022,MRI,AK,AAL,WE,Towers with Radar,0,3,12,0,15,0,10,82,0,92,0,13,94,0,107,128,0,128,235
01/17/2022,MRI,AK,AAL,WE,Towers with Radar,0,5,10,0,15,0,16,37,0,53,0,21,47,0,68,27,0,27,95
01/18/2022,MRI,AK,AAL,WE,Towers with Radar,0,6,3,0,9,0,41,147,0,188,0,47,150,0,197,211,0,211,408
01/19/2022,MRI,AK,AAL,WE,Towers with Radar,0,9,6,0,15,0,2,0,0,2,0,11,6,0,17,0,0,0,17
01/20/2022,MRI,AK,AAL,WE,Towers with Radar,0,12,13,0,25,0,0,3,0,3,0,12,16,0,28,0,0,0,28
01/21/2022,MRI,AK,AAL,WE,Towers with Radar,0,1,3,0,4,0,13,34,0,47,0,14,37,0,51,117,0,117,168
01/22/2022,MRI,AK,AAL,WE,Towers with Radar,0,1,4,0,5,0,18,36,0,54,0,19,40,0,59,44,0,44,103
01/23/2022,MRI,AK,AAL,WE,Towers with Radar,0,3,2,0,5,0,12,45,0,57,0,15,47,0,62,53,0,53,115
01/24/2022,MRI,AK,AAL,WE,Towers with Radar,0,0,1,0,1,0,22,21,0,43,0,22,22,0,44,0,0,0,44
01/25/2022,MRI,AK,AAL,WE,Towers with Radar,0,7,4,0,11,0,16,24,0,40,0,23,28,0,51,22,0,22,73
01/26/2022,MRI,AK,AAL,WE,Towers with Radar,0,6,3,0,9,0,33,136,0,169,0,39,139,0,178,230,0,230,408
01/27/2022,MRI,AK,AAL,WE,Towers with Radar,0,4,3,0,7,0,7,17,0,24,0,11,20,0,31,50,0,50,81
01/28/2022,MRI,AK,AAL,WE,Towers with Radar,0,2,5,0,7,0,8,69,0,77,0,10,74,0,84,127,0,127,211
01/29/2022,MRI,AK,AAL,WE,Towers with Radar,0,4,3,0,7,0,33,160,0,193,0,37,163,0,200,237,0,237,437
01/30/2022,MRI,AK,AAL,WE,Towers with Radar,0,3,9,0,12,0,12,79,0,91,0,15,88,0,103,119,0,119,222
01/31/2022,MRI,AK,AAL,WE,Towers with Radar,0,3,3,0,6,0,20,86,0,106,0,23,89,0,112,189,0,189,301
02/01/2022,MRI,AK,AAL,WE,Towers with Radar,0,12,5,0,17,0,10,27,0,37,0,22,32,0,54,61,0,61,115
02/02/2022,MRI,AK,AAL,WE,Towers with Radar,0,5,2,0,7,0,29,158,1,188,0,34,160,1,195,182,2,184,379
02/03/2022,MRI,AK,AAL,WE,Towers with Radar,0,8,6,0,14,0,3,13,0,16,0,11,19,0,30,27,0,27,57
02/04/2022,MRI,AK,AAL,WE,Towers with Radar,0,7,5,0,12,0,10,20,0,30,0,17,25,0,42,111,0,111,153
02/05/2022,MRI,AK,AAL,WE,Towers with Radar,0,4,6,0,10,0,24,123,0,147,0,28,129,0,157,284,0,284,441
02/06/2022,MRI,AK,AAL,WE,Towers with Radar,0,1,0,0,1,0,9,119,0,128,0,10,119,0,129,211,0,211,340
02/07/2022,MRI,AK,AAL,WE,Towers with Radar,0,4,1,0,5,0,27,147,0,174,0,31,148,0,179,244,0,244,423
02/08/2022,MRI,AK,AAL,WE,Towers with Radar,0,5,3,0,8,0,11,19,0,30,0,16,22,0,38,36,0,36,74
02/09/2022,MRI,AK,AAL,WE,Towers with Radar,0,12,6,0,18,0,8,7,0,15,0,20,13,0,33,0,0,0,33
02/10/2022,MRI,AK,AAL,WE,Towers with Radar,0,2,1,0,3,0,35,118,0,153,0,37,119,0,156,99,0,99,255
02/11/2022,MRI,AK,AAL,WE,Towers with Radar,0,3,14,0,17,0,28,130,0,158,0,31,144,0,175,217,0,217,392
02/12/2022,MRI,AK,AAL,WE,Towers with Radar,0,7,10,0,17,0,7,8,0,15,0,14,18,0,32,0,0,0,32
02/13/2022,MRI,AK,AAL,WE,Towers with Radar,0,4,5,0,9,0,2,3,0,5,0,6,8,0,14,2,0,2,16
02/14/2022,MRI,AK,AAL,WE,Towers with Radar,0,2,10,0,12,0,0,0,0,0,0,2,10,0,12,0,0,0,12
02/15/2022,MRI,AK,AAL,WE,Towers with Radar,0,7,16,0,23,0,0,0,0,0,0,7,16,0,23,0,0,0,23
02/16/2022,MRI,AK,AAL,WE,Towers with Radar,0,7,10,0,17,0,1,3,0,4,0,8,13,0,21,0,0,0,21
02/17/2022,MRI,AK,AAL,WE,Towers with Radar,0,4,3,0,7,0,1,11,0,12,0,5,14,0,19,0,0,0,19
02/18/2022,MRI,AK,AAL,WE,Towers with Radar,0,5,4,0,9,0,16,66,0,82,0,21,70,0,91,2,0,2,93
02/19/2022,MRI,AK,AAL,WE,Towers with Radar,0,0,8,0,8,0,33,208,0,241,0,33,216,0,249,216,0,216,465
02/20/2022,MRI,AK,AAL,WE,Towers with Radar,0,2,7,0,9,0,7,72,0,79,0,9,79,0,88,140,0,140,228
02/21/2022,MRI,AK,AAL,WE,Towers with Radar,0,9,5,0,14,0,2,3,0,5,0,11,8,0,19,14,0,14,33
02/22/2022,MRI,AK,AAL,WE,Towers with Radar,0,5,5,0,10,0,21,107,0,128,0,26,112,0,138,143,0,143,281
02/23/2022,MRI,AK,AAL,WE,Towers with Radar,0,2,6,0,8,0,29,176,0,205,0,31,182,0,213,297,0,297,510
02/24/2022,MRI,AK,AAL,WE,Towers with Radar,0,5,6,0,11,0,29,76,0,105,0,34,82,0,116,175,0,175,291
02/25/2022,MRI,AK,AAL,WE,Towers with Radar,0,0,3,0,3,0,2,42,0,44,0,2,45,0,47,86,0,86,133
02/26/2022,MRI,AK,AAL,WE,Towers with Radar,0,1,5,0,6,0,31,239,0,270,0,32,244,0,276,323,0,323,599
02/27/2022,MRI,AK,AAL,WE,Towers with Radar,0,0,2,0,2,0,16,215,0,231,0,16,217,0,233,256,0,256,489
02/28/2022,MRI,AK,AAL,WE,Towers with Radar,0,5,6,0,11,0,32,168,2,202,0,37,174,2,213,332,0,332,545
03/01/2022,MRI,AK,AAL,WE,Towers with Radar,0,5,4,0,9,0,29,165,2,196,0,34,169,2,205,305,0,305,510
03/02/2022,MRI,AK,AAL,WE,Towers with Radar,0,3,1,0,4,0,38,230,0,268,0,41,231,0,272,252,0,252,524
03/03/2022,MRI,AK,AAL,WE,Towers with Radar,0,3,2,0,5,0,26,120,0,146,0,29,122,0,151,315,0,315,466
03/04/2022,MRI,AK,AAL,WE,Towers with Radar,0,3,4,0,7,0,11,20,0,31,0,14,24,0,38,10,0,10,48
03/05/2022,MRI,AK,AAL,WE,Towers with Radar,0,2,1,0,3,0,0,1,0,1,0,2,2,0,4,0,0,0,4
03/06/2022,MRI,AK,AAL,WE,Towers with Radar,0,6,2,0,8,0,43,262,0,305,0,49,264,0,313,88,0,88,401
03/07/2022,MRI,AK,AAL,WE,Towers with Radar,0,9,3,0,12,0,43,267,0,310,0,52,270,0,322,107,0,107,429
03/08/2022,MRI,AK,AAL,WE,Towers with Radar,0,6,5,0,11,0,27,229,0,256,0,33,234,0,267,292,0,292,559
03/09/2022,MRI,AK,AAL,WE,Towers with Radar,0,6,6,0,12,0,0,0,0,0,0,6,6,0,12,0,0,0,12
03/10/2022,MRI,AK,AAL,WE,Towers with Radar,0,12,8,0,20,0,10,40,0,50,0,22,48,0,70,62,0,62,132
03/11/2022,MRI,AK,AAL,WE,Towers with Radar,0,13,11,0,24,0,23,82,0,105,0,36,93,0,129,162,0,162,291
03/12/2022,MRI,AK,AAL,WE,Towers with Radar,0,0,3,0,3,0,16,180,0,196,0,16,183,0,199,376,0,376,575
03/13/2022,MRI,AK,AAL,WE,Towers with Radar,0,8,7,0,15,0,26,88,0,114,0,34,95,0,129,83,0,83,212
03/14/2022,MRI,AK,AAL,WE,Towers with Radar,0,5,6,0,11,0,36,283,0,319,0,41,289,0,330,284,0,284,614
03/15/2022,MRI,AK,AAL,WE,Towers with Radar,0,3,1,0,4,0,34,266,0,300,0,37,267,0,304,342,0,342,646
03/16/2022,MRI,AK,AAL,WE,Towers with Radar,0,8,5,0,13,0,22,154,0,176,0,30,159,0,189,408,0,408,597
03/17/2022,MRI,AK,AAL,WE,Towers with Radar,0,9,5,0,14,0,8,31,0,39,0,17,36,0,53,8,0,8,61
03/18/2022,MRI,AK,AAL,WE,Towers with Radar,0,1,4,0,5,0,34,196,0,230,0,35,200,0,235,374,0,374,609
03/19/2022,MRI,AK,AAL,WE,Towers with Radar,0,1,7,0,8,0,20,251,0,271,0,21,258,0,279,275,0,275,554
03/20/2022,MRI,AK,AAL,WE,Towers with Radar,0,1,10,0,11,0,18,241,0,259,0,19,251,0,270,282,0,282,552
03/21/2022,MRI,AK,AAL,WE,Towers with Radar,0,4,3,0,7,0,39,245,2,286,0,43,248,2,293,302,0,302,595
03/22/2022,MRI,AK,AAL,WE,Towers with Radar,0,5,3,0,8,0,34,127,0,161,0,39,130,0,169,275,0,275,444
03/23/2022,MRI,AK,AAL,WE,Towers with Radar,0,3,4,0,7,0,30,87,0,117,0,33,91,0,124,252,0,252,376
03/24/2022,MRI,AK,AAL,WE,Towers with Radar,0,4,1,0,5,0,32,96,0,128,0,36,97,0,133,328,0,328,461
03/25/2022,MRI,AK,AAL,WE,Towers with Radar,0,8,5,0,13,0,33,125,0,158,0,41,130,0,171,413,0,413,584
03/26/2022,MRI,AK,AAL,WE,Towers with Radar,0,1,4,0,5,0,25,272,0,297,0,26,276,0,302,210,0,210,512
03/27/2022,MRI,AK,AAL,WE,Towers with Radar,0,1,5,0,6,0,13,153,0,166,0,14,158,0,172,202,0,202,374
03/28/2022,MRI,AK,AAL,WE,Towers with Radar,0,6,7,0,13,0,27,134,0,161,0,33,141,0,174,366,0,366,540
03/29/2022,MRI,AK,AAL,WE,Towers with Radar,0,4,7,0,11,0,37,237,0,274,0,41,244,0,285,327,0,327,612
03/30/2022,MRI,AK,AAL,WE,Towers with Radar,0,3,2,0,5,0,36,289,0,325,0,39,291,0,330,346,0,346,676
03/31/2022,MRI,AK,AAL,WE,Towers with Radar,0,2,5,0,7,0,36,183,0,219,0,38,188,0,226,325,0,325,551
04/01/2022,MRI,AK,AAL,WE,Towers with Radar,0,1,2,0,3,0,29,163,0,192,0,30,165,0,195,289,0,289,484
04/02/2022,MRI,AK,AAL,WE,Towers with Radar,0,0,3,0,3,0,29,260,0,289,0,29,263,0,292,316,0,316,608
04/03/2022,MRI,AK,AAL,WE,Towers with Radar,0,1,4,0,5,0,19,208,0,227,0,20,212,0,232,287,0,287,519
04/04/2022,MRI,AK,AAL,WE,Towers with Radar,0,5,1,0,6,0,38,114,0,152,0,43,115,0,158,354,0,354,512
04/05/2022,MRI,AK,AAL,WE,Towers with Radar,0,5,3,0,8,0,27,47,0,74,0,32,50,0,82,73,0,73,155
04/06/2022,MRI,AK,AAL,WE,Towers with Radar,0,5,1,0,6,0,26,174,0,200,0,31,175,0,206,189,0,189,395
04/07/2022,MRI,AK,AAL,WE,Towers with Radar,0,3,7,0,10,0,32,252,0,284,0,35,259,0,294,289,0,289,583
04/08/2022,MRI,AK,AAL,WE,Towers with Radar,0,7,3,0,10,0,28,96,0,124,0,35,99,0,134,226,0,226,360
04/09/2022,MRI,AK,AAL,WE,Towers with Radar,0,0,1,0,1,0,30,286,0,316,0,30,287,0,317,336,0,336,653
04/10/2022,MRI,AK,AAL,WE,Towers with Radar,0,1,1,0,2,0,15,314,0,329,0,16,315,0,331,251,0,251,582
04/11/2022,MRI,AK,AAL,WE,Towers with Radar,0,4,6,0,10,0,43,208,0,251,0,47,214,0,261,379,0,379,640
04/12/2022,MRI,AK,AAL,WE,Towers with Radar,0,6,4,0,10,0,32,253,1,286,0,38,257,1,296,270,0,270,566
04/13/2022,MRI,AK,AAL,WE,Towers with Radar,0,2,5,0,7,0,27,205,0,232,0,29,210,0,239,299,0,299,538
04/14/2022,MRI,AK,AAL,WE,Towers with Radar,0,2,3,0,5,0,37,214,0,251,0,39,217,0,256,222,0,222,478
04/15/2022,MRI,AK,AAL,WE,Towers with Radar,0,4,4,0,8,0,24,205,0,229,0,28,209,0,237,226,0,226,463
04/16/2022,MRI,AK,AAL,WE,Towers with Radar,0,3,8,0,11,0,20,236,0,256,0,23,244,0,267,197,0,197,464
04/17/2022,MRI,AK,AAL,WE,Towers with Radar,0,0,0,0,0,0,1,146,0,147,0,1,146,0,147,133,0,133,280
04/18/2022,MRI,AK,AAL,WE,Towers with Radar,0,4,4,0,8,0,47,237,0,284,0,51,241,0,292,182,0,182,474
04/19/2022,MRI,AK,AAL,WE,Towers with Radar,0,2,6,0,8,0,35,241,0,276,0,37,247,0,284,334,0,334,618
04/20/2022,MRI,AK,AAL,WE,Towers with Radar,0,6,6,0,12,0,36,191,0,227,0,42,197,0,239,366,0,366,605
04/21/2022,MRI,AK,AAL,WE,Towers with Radar,0,5,4,0,9,0,31,184,1,216,0,36,188,1,225,368,0,368,593
04/22/2022,MRI,AK,AAL,WE,Towers with Radar,0,4,2,0,6,0,36,165,0,201,0,40,167,0,207,329,0,329,536
04/23/2022,MRI,AK,AAL,WE,Towers with Radar,0,3,2,0,5,0,29,214,0,243,0,32,216,0,248,225,0,225,473
04/24/2022,MRI,AK,AAL,WE,Towers with Radar,0,1,6,0,7,0,19,261,0,280,0,20,267,0,287,266,0,266,553
04/25/2022,MRI,AK,AAL,WE,Towers with Radar,0,4,5,0,9,0,42,212,0,254,0,46,217,0,263,364,0,364,627
04/26/2022,MRI,AK,AAL,WE,Towers with Radar,0,5,4,0,9,0,44,229,0,273,0,49,233,0,282,314,0,314,596
04/27/2022,MRI,AK,AAL,WE,Towers with Radar,0,3,4,0,7,0,41,283,0,324,0,44,287,0,331,293,0,293,624
04/28/2022,MRI,AK,AAL,WE,Towers with Radar,0,4,1,0,5,0,49,177,0,226,0,53,178,0,231,410,0,410,641
04/29/2022,MRI,AK,AAL,WE,Towers with Radar,0,5,0,0,5,0,42,255,0,297,0,47,255,0,302,190,0,190,492
04/30/2022,MRI,AK,AAL,WE,Towers with Radar,0,4,5,0,9,0,26,216,0,242,0,30,221,0,251,212,0,212,463
05/01/2022,MRI,AK,AAL,WE,Towers with Radar,0,3,5,0,8,0,25,139,0,164,0,28,144,0,172,127,0,127,299
05/02/2022,MRI,AK,AAL,WE,Towers with Radar,0,3,7,0,10,0,43,143,0,186,0,46,150,0,196,451,0,451,647
05/03/2022,MRI,AK,AAL,WE,Towers with Radar,0,4,6,0,10,0,44,270,0,314,0,48,276,0,324,330,0,330,654
05/04/2022,MRI,AK,AAL,WE,Towers with Radar,0,4,2,0,6,0,47,255,0,302,0,51,257,0,308,327,0,327,635
05/05/2022,MRI,AK,AAL,WE,Towers with Radar,0,2,6,0,8,0,49,260,1,310,0,51,266,1,318,441,0,441,759
05/06/2022,MRI,AK,AAL,WE,Towers with Radar,0,4,5,0,9,0,46,319,0,365,0,50,324,0,374,341,0,341,715
05/07/2022,MRI,AK,AAL,WE,Towers with Radar,0,1,3,0,4,0,30,311,0,341,0,31,314,0,345,209,0,209,554
05/08/2022,MRI,AK,AAL,WE,Towers with Radar,0,0,3,0,3,0,30,182,0,212,0,30,185,0,215,184,0,184,399
05/09/2022,MRI,AK,AAL,WE,Towers with Radar,0,4,5,0,9,0,57,176,0,233,0,61,181,0,242,150,0,150,392
05/10/2022,MRI,AK,AAL,WE,Towers with Radar,0,2,4,0,6,0,41,113,0,154,0,43,117,0,160,52,0,52,212
05/11/2022,MRI,AK,AAL,WE,Towers with Radar,0,2,6,0,8,0,44,337,0,381,0,46,343,0,389,377,0,377,766
05/12/2022,MRI,AK,AAL,WE,Towers with Radar,0,5,3,0,8,0,46,321,0,367,0,51,324,0,375,419,0,419,794
05/13/2022,MRI,AK,AAL,WE,Towers with Radar,0,6,4,0,10,0,46,181,0,227,0,52,185,0,237,175,0,175,412
05/14/2022,MRI,AK,AAL,WE,Towers with Radar,0,4,6,0,10,0,33,206,0,239,0,37,212,0,249,200,0,200,449
05/15/2022,MRI,AK,AAL,WE,Towers with Radar,0,3,1,0,4,0,24,298,0,322,0,27,299,0,326,237,0,237,563
05/16/2022,MRI,AK,AAL,WE,Towers with Radar,1,2,4,0,7,0,51,284,0,335,1,53,288,0,342,258,0,258,600
05/17/2022,MRI,AK,AAL,WE,Towers with Radar,1,4,10,0,15,0,61,300,1,362,1,65,310,1,377,257,0,257,634
05/18/2022,MRI,AK,AAL,WE,Towers with Radar,0,1,5,0,6,0,49,287,0,336,0,50,292,0,342,351,0,351,693
05/19/2022,MRI,AK,AAL,WE,Towers with Radar,0,3,4,0,7,0,27,198,1,226,0,30,202,1,233,147,0,147,380
05/20/2022,MRI,AK,AAL,WE,Towers with Radar,0,3,1,0,4,0,53,231,0,284,0,56,232,0,288,134,0,134,422
05/21/2022,MRI,AK,AAL,WE,Towers with Radar,0,0,11,0,11,0,61,339,0,400,0,61,350,0,411,197,0,197,608
05/22/2022,MRI,AK,AAL,WE,Towers with Radar,0,4,2,0,6,0,33,245,0,278,0,37,247,0,284,140,0,140,424
05/23/2022,MRI,AK,AAL,WE,Towers with Radar,0,5,0,0,5,0,53,202,0,255,0,58,202,0,260,209,0,209,469
05/24/2022,MRI,AK,AAL,WE,Towers with Radar,0,5,4,0,9,0,37,179,1,217,0,42,183,1,226,238,0,238,464
05/25/2022,MRI,AK,AAL,WE,Towers with Radar,0,3,0,0,3,0,53,325,0,378,0,56,325,0,381,300,0,300,681
05/26/2022,MRI,AK,AAL,WE,Towers with Radar,0,2,5,0,7,0,57,341,0,398,0,59,346,0,405,236,0,236,641
05/27/2022,MRI,AK,AAL,WE,Towers with Radar,0,2,3,0,5,0,66,288,0,354,0,68,291,0,359,300,0,300,659
05/28/2022,MRI,AK,AAL,WE,Towers with Radar,0,4,3,0,7,0,38,260,0,298,0,42,263,0,305,184,0,184,489
05/29/2022,MRI,AK,AAL,WE,Towers with Radar,0,3,3,0,6,0,30,178,0,208,0,33,181,0,214,126,0,126,340
05/30/2022,MRI,AK,AAL,WE,Towers with Radar,0,3,1,0,4,0,38,160,0,198,0,41,161,0,202,44,0,44,246
05/31/2022,MRI,AK,AAL,WE,Towers with Radar,0,5,3,0,8,0,66,303,0,369,0,71,306,0,377,196,0,196,573
06/01/2022,MRI,AK,AAL,WE,Towers with Radar,0,3,1,0,4,0,62,287,0,349,0,65,288,0,353,330,0,330,683
06/02/2022,MRI,AK,AAL,WE,Towers with Radar,0,4,3,0,7,0,63,324,0,387,0,67,327,0,394,376,0,376,770
06/03/2022,MRI,AK,AAL,WE,Towers with Radar,0,3,4,0,7,0,62,323,0,385,0,65,327,0,392,270,0,270,662
06/04/2022,MRI,AK,AAL,WE,Towers with Radar,0,1,5,0,6,0,39,265,2,306,0,40,270,2,312,179,0,179,491
06/05/2022,MRI,AK,AAL,WE,Towers with Radar,0,2,3,0,5,0,50,236,0,286,0,52,239,0,291,188,0,188,479
06/06/2022,MRI,AK,AAL,WE,Towers with Radar,0,6,7,0,13,0,75,287,0,362,0,81,294,0,375,257,0,257,632
06/07/2022,MRI,AK,AAL,WE,Towers with Radar,0,8,10,0,18,0,72,208,0,280,0,80,218,0,298,358,0,358,656
06/08/2022,MRI,AK,AAL,WE,Towers with Radar,0,1,5,0,6,0,56,319,0,375,0,57,324,0,381,346,0,346,727
06/09/2022,MRI,AK,AAL,WE,Towers with Radar,0,5,5,0,10,0,56,308,1,365,0,61,313,1,375,311,0,311,686
06/10/2022,MRI,AK,AAL,WE,Towers with Radar,0,9,3,0,12,0,48,288,0,336,0,57,291,0,348,212,0,212,560
06/11/2022,MRI,AK,AAL,WE,Towers with Radar,0,2,1,0,3,0,38,282,0,320,0,40,283,0,323,104,0,104,427
06/12/2022,MRI,AK,AAL,WE,Towers with Radar,0,3,4,0,7,0,40,270,0,310,0,43,274,0,317,199,0,199,516
06/13/2022,MRI,AK,AAL,WE,Towers with Radar,0,2,5,0,7,0,65,247,0,312,0,67,252,0,319,260,0,260,579
06/14/2022,MRI,AK,AAL,WE,Towers with Radar,0,8,7,0,15,0,62,336,0,398,0,70,343,0,413,229,0,229,642
06/15/2022,MRI,AK,AAL,WE,Towers with Radar,0,6,6,0,12,0,47,294,2,343,0,53,300,2,355,350,0,350,705
06/16/2022,MRI,AK,AAL,WE,Towers with Radar,0,4,6,0,10,0,56,332,0,388,0,60,338,0,398,316,0,316,714
06/17/2022,MRI,AK,AAL,WE,Towers with Radar,0,7,4,0,11,0,61,303,0,364,0,68,307,0,375,267,0,267,642
06/18/2022,MRI,AK,AAL,WE,Towers with Radar,0,3,6,0,9,0,46,222,0,268,0,49,228,0,277,232,0,232,509
06/19/2022,MRI,AK,AAL,WE,Towers with Radar,0,3,6,0,9,0,61,167,0,228,0,64,173,0,237,173,0,173,410
06/20/2022,MRI,AK,AAL,WE,Towers with Radar,0,7,4,0,11,0,67,340,0,407,0,74,344,0,418,289,0,289,707
06/21/2022,MRI,AK,AAL,WE,Towers with Radar,0,6,4,0,10,0,53,342,0,395,0,59,346,0,405,237,0,237,642
06/22/2022,MRI,AK,AAL,WE,Towers with Radar,0,4,6,0,10,0,56,257,0,313,0,60,263,0,323,336,0,336,659
06/23/2022,MRI,AK,AAL,WE,Towers with Radar,0,4,2,0,6,0,47,292,1,340,0,51,294,1,346,293,0,293,639
06/24/2022,MRI,AK,AAL,WE,Towers with Radar,0,6,6,0,12,0,58,240,0,298,0,64,246,0,310,225,0,225,535
06/25/2022,MRI,AK,AAL,WE,Towers with Radar,0,28,30,0,58,0,26,60,0,86,0,54,90,0,144,38,0,38,182
06/26/2022,MRI,AK,AAL,WE,Towers with Radar,0,4,15,0,19,0,30,145,0,175,0,34,160,0,194,98,0,98,292
06/27/2022,MRI,AK,AAL,WE,Towers with Radar,0,5,8,0,13,0,46,242,0,288,0,51,250,0,301,231,0,231,532
06/28/2022,MRI,AK,AAL,WE,Towers with Radar,0,6,7,0,13,0,62,329,1,392,0,68,336,1,405,427,0,427,832
06/29/2022,MRI,AK,AAL,WE,Towers with Radar,0,8,9,0,17,0,53,168,0,221,0,61,177,0,238,429,0,429,667
06/30/2022,MRI,AK,AAL,WE,Towers with Radar,0,5,2,0,7,0,53,267,0,320,0,58,269,0,327,309,0,309,636
07/01/2022,MRI,AK,AAL,WE,Towers with Radar,0,5,1,0,6,0,69,307,0,376,0,74,308,0,382,303,0,303,685
07/02/2022,MRI,AK,AAL,WE,Towers with Radar,0,3,1,0,4,0,52,232,0,284,0,55,233,0,288,217,0,217,505
07/03/2022,MRI,AK,AAL,WE,Towers with Radar,0,2,7,0,9,0,40,190,0,230,0,42,197,0,239,232,0,232,471
07/04/2022,MRI,AK,AAL,WE,Towers with Radar,0,7,1,0,8,0,39,182,0,221,0,46,183,0,229,77,0,77,306
07/05/2022,MRI,AK,AAL,WE,Towers with Radar,0,5,10,0,15,0,57,243,0,300,0,62,253,0,315,332,0,332,647
07/06/2022,MRI,AK,AAL,WE,Towers with Radar,0,4,5,1,10,0,63,276,0,339,0,67,281,1,349,266,0,266,615
07/07/2022,MRI,AK,AAL,WE,Towers with Radar,0,6,11,0,17,0,48,171,0,219,0,54,182,0,236,342,0,342,578
07/08/2022,MRI,AK,AAL,WE,Towers with Radar,0,6,4,0,10,0,63,266,0,329,0,69,270,0,339,336,0,336,675
07/09/2022,MRI,AK,AAL,WE,Towers with Radar,0,4,7,0,11,0,52,292,0,344,0,56,299,0,355,239,0,239,594
07/10/2022,MRI,AK,AAL,WE,Towers with Radar,0,1,6,0,7,0,53,210,0,263,0,54,216,0,270,247,0,247,517
07/11/2022,MRI,AK,AAL,WE,Towers with Radar,0,12,19,0,31,0,54,189,0,243,0,66,208,0,274,184,0,184,458
07/12/2022,MRI,AK,AAL,WE,Towers with Radar,0,7,15,0,22,0,58,231,0,289,0,65,246,0,311,495,0,495,806
07/13/2022,MRI,AK,AAL,WE,Towers with Radar,0,5,6,0,11,0,43,170,0,213,0,48,176,0,224,470,0,470,694
07/14/2022,MRI,AK,AAL,WE,Towers with Radar,0,11,16,0,27,0,58,146,0,204,0,69,162,0,231,141,0,141,372
07/15/2022,MRI,AK,AAL,WE,Towers with Radar,0,7,8,0,15,0,49,172,0,221,0,56,180,0,236,255,0,255,491
07/16/2022,MRI,AK,AAL,WE,Towers with Radar,0,7,23,0,30,0,17,53,0,70,0,24,76,0,100,81,0,81,181
07/17/2022,MRI,AK,AAL,WE,Towers with Radar,0,22,36,0,58,0,16,32,0,48,0,38,68,0,106,0,0,0,106
07/18/2022,MRI,AK,AAL,WE,Towers with Radar,0,6,8,0,14,0,75,225,0,300,0,81,233,0,314,265,0,265,579
07/19/2022,MRI,AK,AAL,WE,Towers with Radar,0,17,37,0,54,0,37,36,0,73,0,54,73,0,127,102,0,102,229
07/20/2022,MRI,AK,AAL,WE,Towers with Radar,0,3,7,0,10,0,56,164,0,220,0,59,171,0,230,511,0,511,741
07/21/2022,MRI,AK,AAL,WE,Towers with Radar,0,7,6,0,13,0,55,192,2,249,0,62,198,2,262,404,0,404,666
07/22/2022,MRI,AK,AAL,WE,Towers with Radar,0,4,8,0,12,0,59,176,0,235,0,63,184,0,247,191,0,191,438
07/23/2022,MRI,AK,AAL,WE,Towers with Radar,0,3,4,0,7,0,66,290,0,356,0,69,294,0,363,136,0,136,499
07/24/2022,MRI,AK,AAL,WE,Towers with Radar,0,3,1,0,4,0,44,263,0,307,0,47,264,0,311,263,0,263,574
07/25/2022,MRI,AK,AAL,WE,Towers with Radar,0,3,9,0,12,0,27,41,0,68,0,30,50,0,80,34,0,34,114
07/26/2022,MRI,AK,AAL,WE,Towers with Radar,0,6,9,0,15,0,70,247,0,317,0,76,256,0,332,335,0,335,667
07/27/2022,MRI,AK,AAL,WE,Towers with Radar,0,4,2,0,6,0,67,304,0,371,0,71,306,0,377,429,0,429,806
07/28/2022,MRI,AK,AAL,WE,Towers with Radar,0,3,4,0,7,0,69,268,0,337,0,72,272,0,344,299,0,299,643
07/29/2022,MRI,AK,AAL,WE,Towers with Radar,0,5,1,0,6,0,59,210,1,270,0,64,211,1,276,163,0,163,439
07/30/2022,MRI,AK,AAL,WE,Towers with Radar,0,2,6,0,8,0,43,133,0,176,0,45,139,0,184,104,0,104,288
07/31/2022,MRI,AK,AAL,WE,Towers with Radar,0,3,9,0,12,0,42,130,0,172,0,45,139,0,184,195,0,195,379
08/01/2022,MRI,AK,AAL,WE,Towers with Radar,0,5,13,0,18,0,46,116,0,162,0,51,129,0,180,379,0,379,559
08/02/2022,MRI,AK,AAL,WE,Towers with Radar,0,5,6,0,11,0,61,249,0,310,0,66,255,0,321,473,0,473,794
08/03/2022,MRI,AK,AAL,WE,Towers with Radar,0,1,5,0,6,0,51,261,0,312,0,52,266,0,318,126,0,126,444
08/04/2022,MRI,AK,AAL,WE,Towers with Radar,0,2,5,0,7,0,55,279,0,334,0,57,284,0,341,392,0,392,733
08/05/2022,MRI,AK,AAL,WE,Towers with Radar,0,15,24,0,39,0,41,83,0,124,0,56,107,0,163,55,0,55,218
08/06/2022,MRI,AK,AAL,WE,Towers with Radar,0,0,7,0,7,0,59,235,0,294,0,59,242,0,301,139,0,139,440
08/07/2022,MRI,AK,AAL,WE,Towers with Radar,0,3,5,0,8,0,39,115,0,154,0,42,120,0,162,75,0,75,237
08/08/2022,MRI,AK,AAL,WE,Towers with Radar,0,8,13,0,21,0,44,57,0,101,0,52,70,0,122,30,0,30,152
08/09/2022,MRI,AK,AAL,WE,Towers with Radar,0,9,7,0,16,0,60,211,0,271,0,69,218,0,287,374,0,374,661
08/10/2022,MRI,AK,AAL,WE,Towers with Radar,0,8,28,0,36,0,56,356,0,412,0,64,384,0,448,171,0,171,619
08/11/2022,MRI,AK,AAL,WE,Towers with Radar,0,6,10,0,16,0,57,271,0,328,0,63,281,0,344,264,0,264,608
08/12/2022,MRI,AK,AAL,WE,Towers with Radar,0,14,47,0,61,0,37,82,0,119,0,51,129,0,180,59,0,59,239
08/13/2022,MRI,AK,AAL,WE,Towers with Radar,0,11,41,0,52,0,17,35,0,52,0,28,76,0,104,44,0,44,148
08/14/2022,MRI,AK,AAL,WE,Towers with Radar,0,4,8,0,12,0,56,153,0,209,0,60,161,0,221,302,0,302,523
08/15/2022,MRI,AK,AAL,WE,Towers with Radar,0,6,6,0,12,1,73,275,0,349,1,79,281,0,361,419,0,419,780
08/16/2022,MRI,AK,AAL,WE,Towers with Radar,0,8,8,0,16,0,63,202,1,266,0,71,210,1,282,293,0,293,575
08/17/2022,MRI,AK,AAL,WE,Towers with Radar,0,9,9,0,18,0,38,81,0,119,0,47,90,0,137,294,0,294,431
08/18/2022,MRI,AK,AAL,WE,Towers with Radar,0,5,5,0,10,0,54,190,0,244,0,59,195,0,254,234,0,234,488
08/19/2022,MRI,AK,AAL,WE,Towers with Radar,0,17,25,0,42,0,29,71,0,100,0,46,96,0,142,159,0,159,301
08/20/2022,MRI,AK,AAL,WE,Towers with Radar,0,8,8,0,16,0,53,165,2,220,0,61,173,2,236,210,0,210,446
08/21/2022,MRI,AK,AAL,WE,Towers with Radar,0,5,8,0,13,0,41,199,0,240,0,46,207,0,253,233,0,233,486
08/22/2022,MRI,AK,AAL,WE,Towers with Radar,0,11,8,0,19,0,64,200,0,264,0,75,208,0,283,224,0,224,507
08/23/2022,MRI,AK,AAL,WE,Towers with Radar,0,8,3,0,11,0,62,298,0,360,0,70,301,0,371,370,0,370,741
08/24/2022,MRI,AK,AAL,WE,Towers with Radar,0,11,12,0,23,0,62,214,0,276,0,73,226,0,299,345,0,345,644
08/25/2022,MRI,AK,AAL,WE,Towers with Radar,0,15,21,0,36,0,58,205,1,264,0,73,226,1,300,181,0,181,481
08/26/2022,MRI,AK,AAL,WE,Towers with Radar,0,6,10,0,16,0,38,112,0,150,0,44,122,0,166,229,0,229,395
08/27/2022,MRI,AK,AAL,WE,Towers with Radar,0,13,17,0,30,0,33,60,0,93,0,46,77,0,123,0,0,0,123
08/28/2022,MRI,AK,AAL,WE,Towers with Radar,0,3,5,0,8,0,47,237,0,284,0,50,242,0,292,272,0,272,564
08/29/2022,MRI,AK,AAL,WE,Towers with Radar,0,20,25,0,45,0,46,180,1,227,0,66,205,1,272,91,0,91,363
08/30/2022,MRI,AK,AAL,WE,Towers with Radar,0,7,8,0,15,0,81,338,0,419,0,88,346,0,434,439,0,439,873
08/31/2022,MRI,AK,AAL,WE,Towers with Radar,0,10,8,0,18,0,34,130,0,164,0,44,138,0,182,223,0,223,405
09/01/2022,MRI,AK,AAL,WE,Towers with Radar,0,12,9,0,21,0,42,120,0,162,0,54,129,0,183,145,0,145,328
09/02/2022,MRI,AK,AAL,WE,Towers with Radar,0,14,11,0,25,0,47,293,0,340,0,61,304,0,365,88,0,88,453
09/03/2022,MRI,AK,AAL,WE,Towers with Radar,0,5,5,0,10,0,45,153,0,198,0,50,158,0,208,180,0,180,388
09/04/2022,MRI,AK,AAL,WE,Towers with Radar,0,3,5,0,8,0,47,227,0,274,0,50,232,0,282,161,0,161,443
09/05/2022,MRI,AK,AAL,WE,Towers with Radar,0,3,5,0,8,0,52,319,0,371,0,55,324,0,379,269,0,269,648
09/06/2022,MRI,AK,AAL,WE,Towers with Radar,0,12,14,0,26,0,51,166,0,217,0,63,180,0,243,325,0,325,568
09/07/2022,MRI,AK,AAL,WE,Towers with Radar,0,5,5,0,10,0,47,207,0,254,0,52,212,0,264,219,0,219,483
09/08/2022,MRI,AK,AAL,WE,Towers with Radar,0,10,13,0,23,0,22,69,0,91,0,32,82,0,114,137,0,137,251
09/09/2022,MRI,AK,AAL,WE,Towers with Radar,0,7,5,0,12,0,81,159,0,240,0,88,164,0,252,154,0,154,406
09/10/2022,MRI,AK,AAL,WE,Towers with Radar,0,9,3,0,12,0,58,319,0,377,0,67,322,0,389,195,0,195,584
09/11/2022,MRI,AK,AAL,WE,Towers with Radar,0,4,4,0,8,0,31,106,0,137,0,35,110,0,145,149,0,149,294
09/12/2022,MRI,AK,AAL,WE,Towers with Radar,0,6,10,0,16,0,36,193,0,229,0,42,203,0,245,212,0,212,457
09/13/2022,MRI,AK,AAL,WE,Towers with Radar,0,7,7,0,14,0,55,201,0,256,0,62,208,0,270,416,0,416,686
09/14/2022,MRI,AK,AAL,WE,Towers with Radar,0,7,15,0,22,0,48,339,0,387,0,55,354,0,409,235,0,235,644
09/15/2022,MRI,AK,AAL,WE,Towers with Radar,0,9,7,0,16,0,49,185,0,234,0,58,192,0,250,248,0,248,498
09/16/2022,MRI,AK,AAL,WE,Towers with Radar,0,9,6,0,15,0,68,251,0,319,0,77,257,0,334,179,0,179,513
09/17/2022,MRI,AK,AAL,WE,Towers with Radar,0,1,0,0,1,0,47,85,0,132,0,48,85,0,133,23,0,23,156
09/18/2022,MRI,AK,AAL,WE,Towers with Radar,0,3,0,0,3,0,31,187,0,218,0,34,187,0,221,104,0,104,325
09/19/2022,MRI,AK,AAL,WE,Towers with Radar,0,9,3,0,12,0,45,97,0,142,0,54,100,0,154,183,0,183,337
09/20/2022,MRI,AK,AAL,WE,Towers with Radar,0,20,13,0,33,0,64,143,0,207,0,84,156,0,240,272,0,272,512
09/21/2022,MRI,AK,AAL,WE,Towers with Radar,0,10,5,0,15,1,69,250,2,322,1,79,255,2,337,575,0,575,912
09/22/2022,MRI,AK,AAL,WE,Towers with Radar,0,8,3,0,11,0,62,219,0,281,0,70,222,0,292,387,0,387,679
09/23/2022,MRI,AK,AAL,WE,Towers with Radar,0,12,8,0,20,0,60,203,0,263,0,72,211,0,283,461,0,461,744
09/24/2022,MRI,AK,AAL,WE,Towers with Radar,0,3,7,0,10,0,47,275,0,322,0,50,282,0,332,255,0,255,587
09/25/2022,MRI,AK,AAL,WE,Towers with Radar,0,3,4,0,7,0,35,206,0,241,0,38,210,0,248,139,0,139,387
09/26/2022,MRI,AK,AAL,WE,Towers with Radar,0,7,4,0,11,0,61,261,0,322,0,68,265,0,333,423,0,423,756
09/27/2022,MRI,AK,AAL,WE,Towers with Radar,0,3,3,0,6,0,59,294,0,353,0,62,297,0,359,498,0,498,857
09/28/2022,MRI,AK,AAL,WE,Towers with Radar,0,6,6,0,12,0,36,142,0,178,0,42,148,0,190,323,0,323,513
09/29/2022,MRI,AK,AAL,WE,Towers with Radar,0,4,11,0,15,0,41,136,3,180,0,45,147,3,195,276,12,288,483
09/30/2022,MRI,AK,AAL,WE,Towers with Radar,0,13,6,0,19,0,54,169,0,223,0,67,175,0,242,210,0,210,452
10/01/2022,MRI,AK,AAL,WE,Towers with Radar,0,8,6,0,14,0,39,212,0,251,0,47,218,0,265,281,0,281,546
10/02/2022,MRI,AK,AAL,WE,Towers with Radar,0,5,8,0,13,0,14,91,0,105,0,19,99,0,118,267,0,267,385
10/03/2022,MRI,AK,AAL,WE,Towers with Radar,0,10,7,0,17,0,70,182,0,252,0,80,189,0,269,203,0,203,472
10/04/2022,MRI,AK,AAL,WE,Towers with Radar,0,5,4,0,9,0,53,241,0,294,0,58,245,0,303,383,0,383,686
10/05/2022,MRI,AK,AAL,WE,Towers with Radar,0,5,6,0,11,0,50,231,0,281,0,55,237,0,292,323,0,323,615
10/06/2022,MRI,AK,AAL,WE,Towers with Radar,0,2,3,0,5,0,53,218,1,272,0,55,221,1,277,41,0,41,318
10/07/2022,MRI,AK,AAL,WE,Towers with Radar,0,4,2,0,6,0,54,184,0,238,0,58,186,0,244,342,0,342,586
10/08/2022,MRI,AK,AAL,WE,Towers with Radar,0,0,2,0,2,0,24,19,0,43,0,24,21,0,45,2,0,2,47
10/09/2022,MRI,AK,AAL,WE,Towers with Radar,0,4,10,0,14,0,30,76,0,106,0,34,86,0,120,138,0,138,258
10/10/2022,MRI,AK,AAL,WE,Towers with Radar,0,10,4,0,14,0,36,124,0,160,0,46,128,0,174,172,0,172,346
10/11/2022,MRI,AK,AAL,WE,Towers with Radar,0,4,6,0,10,0,61,226,1,288,0,65,232,1,298,263,0,263,561
10/12/2022,MRI,AK,AAL,WE,Towers with Radar,0,1,2,0,3,0,34,114,0,148,0,35,116,0,151,227,0,227,378
10/13/2022,MRI,AK,AAL,WE,Towers with Radar,0,5,1,1,7,0,65,360,0,425,0,70,361,1,432,303,0,303,735
10/14/2022,MRI,AK,AAL,WE,Towers with Radar,0,3,8,0,11,0,44,252,0,296,0,47,260,0,307,230,0,230,537
10/15/2022,MRI,AK,AAL,WE,Towers with Radar,0,2,7,0,9,0,21,109,0,130,0,23,116,0,139,169,0,169,308
10/16/2022,MRI,AK,AAL,WE,Towers with Radar,0,4,6,0,10,0,12,69,0,81,0,16,75,0,91,170,0,170,261
10/17/2022,MRI,AK,AAL,WE,Towers with Radar,0,6,10,0,16,0,61,145,0,206,0,67,155,0,222,372,0,372,594
10/18/2022,MRI,AK,AAL,WE,Towers with Radar,0,7,3,0,10,0,58,191,0,249,0,65,194,0,259,500,0,500,759
10/19/2022,MRI,AK,AAL,WE,Towers with Radar,0,4,8,0,12,0,52,215,0,267,0,56,223,0,279,261,0,261,540
10/20/2022,MRI,AK,AAL,WE,Towers with Radar,0,9,8,1,18,0,26,81,0,107,0,35,89,1,125,191,0,191,316
10/21/2022,MRI,AK,AAL,WE,Towers with Radar,0,10,11,0,21,0,27,119,0,146,0,37,130,0,167,134,0,134,301
10/22/2022,MRI,AK,AAL,WE,Towers with Radar,0,4,6,0,10,0,48,236,0,284,0,52,242,0,294,248,0,248,542
10/23/2022,MRI,AK,AAL,WE,Towers with Radar,0,9,6,0,15,0,41,231,1,273,0,50,237,1,288,295,0,295,583
10/24/2022,MRI,AK,AAL,WE,Towers with Radar,0,4,6,0,10,0,64,266,0,330,0,68,272,0,340,295,0,295,635
10/25/2022,MRI,AK,AAL,WE,Towers with Radar,0,2,5,0,7,0,17,103,0,120,0,19,108,0,127,144,0,144,271
10/26/2022,MRI,AK,AAL,WE,Towers with Radar,0,0,3,0,3,0,19,116,0,135,0,19,119,0,138,214,0,214,352
10/27/2022,MRI,AK,AAL,WE,Towers with Radar,0,7,1,0,8,0,49,192,0,241,0,56,193,0,249,289,0,289,538
10/28/2022,MRI,AK,AAL,WE,Towers with Radar,0,4,1,0,5,0,39,185,0,224,0,43,186,0,229,266,0,266,495
10/29/2022,MRI,AK,AAL,WE,Towers with Radar,0,2,1,0,3,0,12,143,0,155,0,14,144,0,158,246,0,246,404
10/30/2022,MRI,AK,AAL,WE,Towers with Radar,0,1,5,0,6,0,21,148,0,169,0,22,153,0,175,228,0,228,403
10/31/2022,MRI,AK,AAL,WE,Towers with Radar,0,3,6,0,9,0,47,122,0,169,0,50,128,0,178,330,0,330,508
11/01/2022,MRI,AK,AAL,WE,Towers with Radar,0,3,2,0,5,0,38,205,0,243,0,41,207,0,248,303,0,303,551
11/02/2022,MRI,AK,AAL,WE,Towers with Radar,0,7,11,0,18,0,7,7,0,14,0,14,18,0,32,72,0,72,104
11/03/2022,MRI,AK,AAL,WE,Towers with Radar,0,12,11,0,23,0,29,36,0,65,0,41,47,0,88,20,0,20,108
11/04/2022,MRI,AK,AAL,WE,Towers with Radar,0,6,1,0,7,0,28,147,0,175,0,34,148,0,182,135,0,135,317
11/05/2022,MRI,AK,AAL,WE,Towers with Radar,0,1,0,0,1,0,11,42,0,53,0,12,42,0,54,32,0,32,86
11/06/2022,MRI,AK,AAL,WE,Towers with Radar,0,2,4,0,6,0,22,165,0,187,0,24,169,0,193,189,0,189,382
11/07/2022,MRI,AK,AAL,WE,Towers with Radar,0,0,8,0,8,0,26,79,0,105,0,26,87,0,113,167,0,167,280
11/08/2022,MRI,AK,AAL,WE,Towers with Radar,0,7,4,0,11,0,36,135,0,171,0,43,139,0,182,380,0,380,562
11/09/2022,MRI,AK,AAL,WE,Towers with Radar,0,3,2,0,5,0,18,117,0,135,0,21,119,0,140,301,0,301,441
11/10/2022,MRI,AK,AAL,WE,Towers with Radar,0,6,10,0,16,0,10,16,0,26,0,16,26,0,42,30,0,30,72
11/11/2022,MRI,AK,AAL,WE,Towers with Radar,0,4,4,0,8,0,41,64,0,105,0,45,68,0,113,179,0,179,292
11/12/2022,MRI,AK,AAL,WE,Towers with Radar,0,6,4,0,10,0,20,117,0,137,0,26,121,0,147,288,0,288,435
11/13/2022,MRI,AK,AAL,WE,Towers with Radar,0,5,3,0,8,0,3,23,0,26,0,8,26,0,34,156,0,156,190
11/14/2022,MRI,AK,AAL,WE,Towers with Radar,0,3,1,1,5,0,56,174,0,230,0,59,175,1,235,163,0,163,398
11/15/2022,MRI,AK,AAL,WE,Towers with Radar,0,3,3,0,6,0,46,131,0,177,0,49,134,0,183,298,0,298,481
11/16/2022,MRI,AK,AAL,WE,Towers with Radar,0,1,3,0,4,0,30,146,0,176,0,31,149,0,180,224,0,224,404
11/17/2022,MRI,AK,AAL,WE,Towers with Radar,0,2,3,0,5,0,35,164,0,199,0,37,167,0,204,250,0,250,454
11/18/2022,MRI,AK,AAL,WE,Towers with Radar,0,1,1,0,2,0,29,185,0,214,0,30,186,0,216,256,0,256,472
11/19/2022,MRI,AK,AAL,WE,Towers with Radar,0,3,1,0,4,0,26,147,0,173,0,29,148,0,177,223,0,223,400
11/20/2022,MRI,AK,AAL,WE,Towers with Radar,0,0,2,0,2,0,8,29,0,37,0,8,31,0,39,37,0,37,76
11/21/2022,MRI,AK,AAL,WE,Towers with Radar,0,4,4,0,8,0,30,74,0,104,0,34,78,0,112,194,0,194,306
11/22/2022,MRI,AK,AAL,WE,Towers with Radar,0,14,12,0,26,0,10,50,0,60,0,24,62,0,86,100,0,100,186
11/23/2022,MRI,AK,AAL,WE,Towers with Radar,0,14,9,0,23,0,21,39,0,60,0,35,48,0,83,102,0,102,185
11/24/2022,MRI,AK,AAL,WE,Towers with Radar,0,1,0,0,1,0,3,47,0,50,0,4,47,0,51,120,0,120,171
11/25/2022,MRI,AK,AAL,WE,Towers with Radar,0,5,5,0,10,0,12,53,0,65,0,17,58,0,75,203,0,203,278
11/26/2022,MRI,AK,AAL,WE,Towers with Radar,0,4,2,0,6,0,21,173,0,194,0,25,175,0,200,184,0,184,384
11/27/2022,MRI,AK,AAL,WE,Towers with Radar,0,4,2,0,6,0,20,112,0,132,0,24,114,0,138,95,0,95,233
11/28/2022,MRI,AK,AAL,WE,Towers with Radar,0,3,5,0,8,0,31,127,0,158,0,34,132,0,166,155,0,155,321
11/29/2022,MRI,AK,AAL,WE,Towers with Radar,0,5,3,0,8,0,41,140,0,181,0,46,143,0,189,190,0,190,379
11/30/2022,MRI,AK,AAL,WE,Towers with Radar,0,5,1,0,6,0,44,52,0,96,0,49,53,0,102,286,0,286,388
12/01/2022,MRI,AK,AAL,WE,Towers with Radar,0,2,6,0,8,0,37,135,0,172,0,39,141,0,180,157,0,157,337
12/02/2022,MRI,AK,AAL,WE,Towers with Radar,0,3,7,0,10,0,40,174,0,214,0,43,181,0,224,153,0,153,377
12/03/2022,MRI,AK,AAL,WE,Towers with Radar,0,2,3,0,5,0,30,133,0,163,0,32,136,0,168,126,0,126,294
12/04/2022,MRI,AK,AAL,WE,Towers with Radar,0,0,4,0,4,0,16,79,0,95,0,16,83,0,99,120,0,120,219
12/05/2022,MRI,AK,AAL,WE,Towers with Radar,0,3,13,0,16,0,2,1,0,3,0,5,14,0,19,0,0,0,19
12/06/2022,MRI,AK,AAL,WE,Towers with Radar,0,6,9,0,15,0,5,4,0,9,0,11,13,0,24,14,0,14,38
12/07/2022,MRI,AK,AAL,WE,Towers with Radar,0,3,1,0,4,0,11,8,0,19,0,14,9,0,23,0,0,0,23
12/08/2022,MRI,AK,AAL,WE,Towers with Radar,0,2,0,0,2,0,49,95,0,144,0,51,95,0,146,10,0,10,156
12/09/2022,MRI,AK,AAL,WE,Towers with Radar,0,1,4,1,6,0,29,111,0,140,0,30,115,1,146,206,0,206,352
12/10/2022,MRI,AK,AAL,WE,Towers with Radar,0,0,6,0,6,0,19,78,0,97,0,19,84,0,103,242,0,242,345
12/11/2022,MRI,AK,AAL,WE,Towers with Radar,0,0,0,0,0,0,0,0,0,0,0,0,0,0,0,6,0,6,6
12/12/2022,MRI,AK,AAL,WE,Towers with Radar,0,1,2,0,3,0,14,12,0,26,0,15,14,0,29,0,0,0,29
12/13/2022,MRI,AK,AAL,WE,Towers with Radar,0,8,6,0,14,0,6,7,0,13,0,14,13,0,27,2,0,2,29
12/14/2022,MRI,AK,AAL,WE,Towers with Radar,0,6,6,0,12,0,2,2,0,4,0,8,8,0,16,0,0,0,16
12/15/2022,MRI,AK,AAL,WE,Towers with Radar,0,6,6,0,12,0,18,28,0,46,0,24,34,0,58,7,0,7,65
12/16/2022,MRI,AK,AAL,WE,Towers with Radar,0,1,0,0,1,0,37,78,0,115,0,38,78,0,116,112,0,112,228
12/17/2022,MRI,AK,AAL,WE,Towers with Radar,0,1,6,0,7,0,0,0,0,0,0,1,6,0,7,0,0,0,7
12/18/2022,MRI,AK,AAL,WE,Towers with Radar,0,4,1,0,5,0,27,69,0,96,0,31,70,0,101,91,0,91,192
12/19/2022,MRI,AK,AAL,WE,Towers with Radar,0,2,4,0,6,0,26,44,0,70,0,28,48,0,76,28,0,28,104
12/20/2022,MRI,AK,AAL,WE,Towers with Radar,0,3,7,0,10,0,27,45,0,72,0,30,52,0,82,16,0,16,98
12/21/2022,MRI,AK,AAL,WE,Towers with Radar,0,2,1,0,3,0,49,84,0,133,0,51,85,0,136,112,0,112,248
12/22/2022,MRI,AK,AAL,WE,Towers with Radar,0,3,3,0,6,0,33,79,2,114,0,36,82,2,120,117,0,117,237
12/23/2022,MRI,AK,AAL,WE,Towers with Radar,0,3,2,0,5,0,6,9,0,15,0,9,11,0,20,6,0,6,26
12/24/2022,MRI,AK,AAL,WE,Towers with Radar,0,0,0,0,0,0,10,25,0,35,0,10,25,0,35,8,0,8,43
12/25/2022,MRI,AK,AAL,WE,Towers with Radar,0,0,0,0,0,0,0,5,0,5,0,0,5,0,5,0,0,0,5
12/26/2022,MRI,AK,AAL,WE,Towers with Radar,0,0,2,0,2,0,5,16,0,21,0,5,18,0,23,68,0,68,91
12/27/2022,MRI,AK,AAL,WE,Towers with Radar,0,6,3,0,9,0,18,51,0,69,0,24,54,0,78,62,0,62,140
12/28/2022,MRI,AK,AAL,WE,Towers with Radar,0,2,0,0,2,0,37,66,0,103,0,39,66,0,105,144,0,144,249
12/29/2022,MRI,AK,AAL,WE,Towers with Radar,0,2,2,0,4,0,32,111,0,143,0,34,113,0,147,42,0,42,189
12/30/2022,MRI,AK,AAL,WE,Towers with Radar,0,1,1,0,2,0,28,93,0,121,0,29,94,0,123,70,0,70,193
12/31/2022,MRI,AK,AAL,WE,Towers with Radar,0,0,4,0,4,0,13,70,0,83,0,13,74,0,87,54,0,54,141
01/01/2023,MRI,AK,AAL,WE,Towers with Radar,0,0,0,0,0,0,0,4,0,4,0,0,4,0,4,0,0,0,4
01/02/2023,MRI,AK,AAL,WE,Towers with Radar,0,4,5,0,9,0,25,78,0,103,0,29,83,0,112,136,0,136,248
01/03/2023,MRI,AK,AAL,WE,Towers with Radar,0,2,6,0,8,0,36,113,0,149,0,38,119,0,157,140,0,140,297
01/04/2023,MRI,AK,AAL,WE,Towers with Radar,0,2,3,0,5,0,36,81,0,117,0,38,84,0,122,237,0,237,359
01/05/2023,MRI,AK,AAL,WE,Towers with Radar,0,2,3,0,5,0,45,144,0,189,0,47,147,0,194,173,0,173,367
01/06/2023,MRI,AK,AAL,WE,Towers with Radar,0,2,4,0,6,0,17,143,0,160,0,19,147,0,166,235,0,235,401
01/07/2023,MRI,AK,AAL,WE,Towers with Radar,0,1,3,0,4,0,30,133,0,163,0,31,136,0,167,225,0,225,392
01/08/2023,MRI,AK,AAL,WE,Towers with Radar,0,1,1,0,2,0,15,30,0,45,0,16,31,0,47,79,0,79,126
01/09/2023,MRI,AK,AAL,WE,Towers with Radar,0,1,10,0,11,0,70,192,0,262,0,71,202,0,273,132,0,132,405
01/10/2023,MRI,AK,AAL,WE,Towers with Radar,0,9,3,0,12,0,50,168,0,218,0,59,171,0,230,170,0,170,400
01/11/2023,MRI,AK,AAL,WE,Towers with Radar,0,9,4,0,13,0,25,105,0,130,0,34,109,0,143,336,0,336,479
01/12/2023,MRI,AK,AAL,WE,Towers with Radar,0,3,6,0,9,0,40,130,0,170,0,43,136,0,179,227,0,227,406
01/13/2023,MRI,AK,AAL,WE,Towers with Radar,0,3,3,0,6,0,24,150,0,174,0,27,153,0,180,207,0,207,387
01/14/2023,MRI,AK,AAL,WE,Towers with Radar,0,9,15,0,24,0,9,44,0,53,0,18,59,0,77,82,0,82,159
01/15/2023,MRI,AK,AAL,WE,Towers with Radar,0,0,2,0,2,0,13,123,0,136,0,13,125,0,138,241,0,241,379
01/16/2023,MRI,AK,AAL,WE,Towers with Radar,0,1,8,0,9,0,30,122,0,152,0,31,130,0,161,269,0,269,430
01/17/2023,MRI,AK,AAL,WE,Towers with Radar,0,4,0,0,4,0,36,155,0,191,0,40,155,0,195,178,0,178,373
01/18/2023,MRI,AK,AAL,WE,Towers with Radar,0,4,2,0,6,0,36,162,0,198,0,40,164,0,204,282,0,282,486
01/19/2023,MRI,AK,AAL,WE,Towers with Radar,0,5,3,0,8,0,33,116,0,149,0,38,119,0,157,268,0,268,425
01/20/2023,MRI,AK,AAL,WE,Towers with Radar,0,4,11,1,16,0,7,26,0,33,0,11,37,1,49,36,0,36,85
01/21/2023,MRI,AK,AAL,WE,Towers with Radar,0,0,2,0,2,0,30,173,0,203,0,30,175,0,205,93,0,93,298
01/22/2023,MRI,AK,AAL,WE,Towers with Radar,0,4,0,0,4,0,7,87,0,94,0,11,87,0,98,108,0,108,206
01/23/2023,MRI,AK,AAL,WE,Towers with Radar,0,6,2,0,8,0,4,19,0,23,0,10,21,0,31,80,0,80,111
01/24/2023,MRI,AK,AAL,WE,Towers with Radar,0,6,1,0,7,0,33,33,0,66,0,39,34,0,73,114,0,114,187
01/25/2023,MRI,AK,AAL,WE,Towers with Radar,0,3,4,0,7,0,17,72,0,89,0,20,76,0,96,310,0,310,406
01/26/2023,MRI,AK,AAL,WE,Towers with Radar,0,5,6,0,11,0,33,90,0,123,0,38,96,0,134,59,0,59,193
01/27/2023,MRI,AK,AAL,WE,Towers with Radar,0,2,8,0,10,0,20,129,0,149,0,22,137,0,159,121,0,121,280
01/28/2023,MRI,AK,AAL,WE,Towers with Radar,0,0,4,0,4,0,15,150,0,165,0,15,154,0,169,96,0,96,265
01/29/2023,MRI,AK,AAL,WE,Towers with Radar,0,2,5,0,7,0,8,76,0,84,0,10,81,0,91,188,0,188,279
01/30/2023,MRI,AK,AAL,WE,Towers with Radar,0,2,6,0,8,0,22,78,0,100,0,24,84,0,108,133,0,133,241
01/31/2023,MRI,AK,AAL,WE,Towers with Radar,0,0,0,0,0,0,0,0,0,0,0,0,0,0,0,0,0,0,0
02/01/2023,MRI,AK,AAL,WE,Towers with Radar,0,18,12,0,30,0,2,1,0,3,0,20,13,0,33,0,0,0,33
02/02/2023,MRI,AK,AAL,WE,Towers with Radar,0,12,16,0,28,0,3,8,0,11,0,15,24,0,39,0,0,0,39
02/03/2023,MRI,AK,AAL,WE,Towers with Radar,0,4,11,0,15,0,6,3,0,9,0,10,14,0,24,0,0,0,24
02/04/2023,MRI,AK,AAL,WE,Towers with Radar,0,3,5,0,8,0,30,52,0,82,0,33,57,0,90,45,0,45,135
02/05/2023,MRI,AK,AAL,WE,Towers with Radar,0,7,2,0,9,0,14,54,1,69,0,21,56,1,78,98,0,98,176
02/06/2023,MRI,AK,AAL,WE,Towers with Radar,0,5,7,1,13,0,6,6,0,12,0,11,13,1,25,51,0,51,76
02/07/2023,MRI,AK,AAL,WE,Towers with Radar,0,11,9,0,20,0,24,96,0,120,0,35,105,0,140,124,0,124,264
02/08/2023,MRI,AK,AAL,WE,Towers with Radar,0,11,11,0,22,0,8,12,0,20,0,19,23,0,42,52,0,52,94
02/09/2023,MRI,AK,AAL,WE,Towers with Radar,0,15,8,0,23,0,40,34,0,74,0,55,42,0,97,290,0,290,387
02/10/2023,MRI,AK,AAL,WE,Towers with Radar,0,5,4,0,9,0,21,71,0,92,0,26,75,0,101,196,0,196,297
02/11/2023,MRI,AK,AAL,WE,Towers with Radar,0,9,8,0,17,0,2,4,0,6,0,11,12,0,23,0,0,0,23
02/12/2023,MRI,AK,AAL,WE,Towers with Radar,0,4,1,0,5,0,1,3,0,4,0,5,4,0,9,2,0,2,11
02/13/2023,MRI,AK,AAL,WE,Towers with Radar,0,4,4,0,8,0,37,106,0,143,0,41,110,0,151,84,0,84,235
02/14/2023,MRI,AK,AAL,WE,Towers with Radar,0,1,2,0,3,0,18,101,0,119,0,19,103,0,122,151,0,151,273
02/15/2023,MRI,AK,AAL,WE,Towers with Radar,0,11,0,0,11,0,26,225,1,252,0,37,225,1,263,326,0,326,589
02/16/2023,MRI,AK,AAL,WE,Towers with Radar,0,5,10,0,15,0,13,36,0,49,0,18,46,0,64,175,0,175,239
02/17/2023,MRI,AK,AAL,WE,Towers with Radar,0,9,5,0,14,0,3,14,0,17,0,12,19,0,31,48,0,48,79
02/18/2023,MRI,AK,AAL,WE,Towers with Radar,1,16,4,0,21,0,2,2,0,4,1,18,6,0,25,69,0,69,94
02/19/2023,MRI,AK,AAL,WE,Towers with Radar,0,5,11,0,16,0,10,33,0,43,0,15,44,0,59,182,0,182,241
02/20/2023,MRI,AK,AAL,WE,Towers with Radar,0,4,2,0,6,0,32,245,0,277,0,36,247,0,283,337,0,337,620
02/21/2023,MRI,AK,AAL,WE,Towers with Radar,0,4,7,0,11,0,52,280,0,332,0,56,287,0,343,348,0,348,691
02/22/2023,MRI,AK,AAL,WE,Towers with Radar,0,4,3,0,7,0,34,158,0,192,0,38,161,0,199,333,0,333,532
02/23/2023,MRI,AK,AAL,WE,Towers with Radar,0,11,3,0,14,0,9,3,0,12,0,20,6,0,26,40,0,40,66
02/24/2023,MRI,AK,AAL,WE,Towers with Radar,0,18,5,0,23,0,21,12,0,33,0,39,17,0,56,35,0,35,91
02/25/2023,MRI,AK,AAL,WE,Towers with Radar,0,3,1,0,4,0,17,171,0,188,0,20,172,0,192,262,0,262,454
02/26/2023,MRI,AK,AAL,WE,Towers with Radar,0,5,9,0,14,0,30,211,0,241,0,35,220,0,255,198,0,198,453
02/27/2023,MRI,AK,AAL,WE,Towers with Radar,0,3,7,0,10,0,50,265,0,315,0,53,272,0,325,196,0,196,521
02/28/2023,MRI,AK,AAL,WE,Towers with Radar,0,6,5,0,11,0,3,0,0,3,0,9,5,0,14,0,0,0,14
03/01/2023,MRI,AK,AAL,WE,Towers with Radar,0,8,8,0,16,0,9,22,0,31,0,17,30,0,47,16,0,16,63
03/02/2023,MRI,AK,AAL,WE,Towers with Radar,0,4,9,0,13,0,47,188,0,235,0,51,197,0,248,271,0,271,519
03/03/2023,MRI,AK,AAL,WE,Towers with Radar,0,3,5,0,8,0,45,243,0,288,0,48,248,0,296,209,0,209,505
03/04/2023,MRI,AK,AAL,WE,Towers with Radar,0,1,3,0,4,0,23,201,0,224,0,24,204,0,228,332,0,332,560
03/05/2023,MRI,AK,AAL,WE,Towers with Radar,0,1,3,0,4,0,27,239,0,266,0,28,242,0,270,152,0,152,422
03/06/2023,MRI,AK,AAL,WE,Towers with Radar,0,6,3,0,9,0,42,265,0,307,0,48,268,0,316,241,0,241,557
03/07/2023,MRI,AK,AAL,WE,Towers with Radar,0,6,12,0,18,0,43,288,0,331,0,49,300,0,349,282,0,282,631
03/08/2023,MRI,AK,AAL,WE,Towers with Radar,0,7,4,0,11,0,36,240,0,276,0,43,244,0,287,225,0,225,512
03/09/2023,MRI,AK,AAL,WE,Towers with Radar,0,4,4,0,8,0,47,215,0,262,0,51,219,0,270,261,0,261,531
03/10/2023,MRI,AK,AAL,WE,Towers with Radar,0,8,0,0,8,0,25,15,0,40,0,33,15,0,48,0,0,0,48
03/11/2023,MRI,AK,AAL,WE,Towers with Radar,0,5,3,0,8,0,35,173,2,210,0,40,176,2,218,295,4,299,517
03/12/2023,MRI,AK,AAL,WE,Towers with Radar,0,5,2,0,7,0,26,182,0,208,0,31,184,0,215,213,0,213,428
03/13/2023,MRI,AK,AAL,WE,Towers with Radar,0,3,4,0,7,0,40,114,0,154,0,43,118,0,161,213,0,213,374
03/14/2023,MRI,AK,AAL,WE,Towers with Radar,0,2,6,0,8,0,49,210,0,259,0,51,216,0,267,166,0,166,433
03/15/2023,MRI,AK,AAL,WE,Towers with Radar,0,5,2,0,7,0,36,165,0,201,0,41,167,0,208,216,0,216,424
03/16/2023,MRI,AK,AAL,WE,Towers with Radar,0,6,5,0,11,0,33,203,0,236,0,39,208,0,247,197,0,197,444
03/17/2023,MRI,AK,AAL,WE,Towers with Radar,0,12,1,0,13,0,9,15,0,24,0,21,16,0,37,52,0,52,89
03/18/2023,MRI,AK,AAL,WE,Towers with Radar,0,4,2,0,6,0,26,43,0,69,0,30,45,0,75,170,0,170,245
03/19/2023,MRI,AK,AAL,WE,Towers with Radar,0,7,2,0,9,0,26,164,0,190,0,33,166,0,199,133,0,133,332
03/20/2023,MRI,AK,AAL,WE,Towers with Radar,0,5,4,0,9,0,35,185,0,220,0,40,189,0,229,184,0,184,413
03/21/2023,MRI,AK,AAL,WE,Towers with Radar,0,8,0,0,8,0,26,201,0,227,0,34,201,0,235,284,0,284,519
03/22/2023,MRI,AK,AAL,WE,Towers with Radar,0,2,3,0,5,0,28,53,0,81,0,30,56,0,86,245,0,245,331
03/23/2023,MRI,AK,AAL,WE,Towers with Radar,0,13,8,0,21,0,27,59,0,86,0,40,67,0,107,107,0,107,214
03/24/2023,MRI,AK,AAL,WE,Towers with Radar,0,5,1,0,6,0,31,66,0,97,0,36,67,0,103,171,0,171,274
03/25/2023,MRI,AK,AAL,WE,Towers with Radar,0,1,7,0,8,0,27,237,0,264,0,28,244,0,272,291,0,291,563
03/26/2023,MRI,AK,AAL,WE,Towers with Radar,0,0,2,0,2,0,12,218,0,230,0,12,220,0,232,261,0,261,493
03/27/2023,MRI,AK,AAL,WE,Towers with Radar,0,4,2,0,6,0,48,217,0,265,0,52,219,0,271,259,0,259,530
03/28/2023,MRI,AK,AAL,WE,Towers with Radar,0,12,4,0,16,0,33,128,0,161,0,45,132,0,177,201,0,201,378
03/29/2023,MRI,AK,AAL,WE,Towers with Radar,0,5,3,0,8,0,42,171,0,213,0,47,174,0,221,386,0,386,607
03/30/2023,MRI,AK,AAL,WE,Towers with Radar,0,8,8,0,16,0,18,132,0,150,0,26,140,0,166,212,0,212,378
03/31/2023,MRI,AK,AAL,WE,Towers with Radar,0,6,4,0,10,0,34,162,0,196,0,40,166,0,206,292,0,292,498
04/01/2023,MRI,AK,AAL,WE,Towers with Radar,0,2,3,0,5,0,19,279,0,298,0,21,282,0,303,306,0,306,609
04/02/2023,MRI,AK,AAL,WE,Towers with Radar,0,4,0,0,4,0,29,191,0,220,0,33,191,0,224,133,0,133,357
04/03/2023,MRI,AK,AAL,WE,Towers with Radar,0,4,2,0,6,0,34,179,0,213,0,38,181,0,219,236,0,236,455
04/04/2023,MRI,AK,AAL,WE,Towers with Radar,0,5,1,0,6,0,25,137,1,163,0,30,138,1,169,339,0,339,508
04/05/2023,MRI,AK,AAL,WE,Towers with Radar,0,16,10,0,26,0,4,36,0,40,0,20,46,0,66,199,0,199,265
04/06/2023,MRI,AK,AAL,WE,Towers with Radar,0,5,6,0,11,0,36,154,0,190,0,41,160,0,201,352,0,352,553
04/07/2023,MRI,AK,AAL,WE,Towers with Radar,0,2,3,2,7,0,43,292,6,341,0,45,295,8,348,370,0,370,718
04/08/2023,MRI,AK,AAL,WE,Towers with Radar,0,6,10,2,18,0,2,7,0,9,0,8,17,2,27,0,0,0,27
04/09/2023,MRI,AK,AAL,WE,Towers with Radar,0,2,3,0,5,0,0,0,0,0,0,2,3,0,5,0,0,0,5
04/10/2023,MRI,AK,AAL,WE,Towers with Radar,0,5,2,0,7,0,10,66,0,76,0,15,68,0,83,211,0,211,294
04/11/2023,MRI,AK,AAL,WE,Towers with Radar,0,12,7,0,19,0,15,33,0,48,0,27,40,0,67,148,0,148,215
04/12/2023,MRI,AK,AAL,WE,Towers with Radar,0,6,4,1,11,0,33,88,0,121,0,39,92,1,132,96,0,96,228
04/13/2023,MRI,AK,AAL,WE,Towers with Radar,0,14,8,0,22,0,16,99,0,115,0,30,107,0,137,310,0,310,447
04/14/2023,MRI,AK,AAL,WE,Towers with Radar,0,11,7,0,18,0,38,151,0,189,0,49,158,0,207,183,0,183,390
04/15/2023,MRI,AK,AAL,WE,Towers with Radar,0,1,7,0,8,0,27,214,0,241,0,28,221,0,249,270,0,270,519
04/16/2023,MRI,AK,AAL,WE,Towers with Radar,0,2,0,0,2,0,22,204,0,226,0,24,204,0,228,320,0,320,548
04/17/2023,MRI,AK,AAL,WE,Towers with Radar,0,3,2,0,5,0,47,241,0,288,0,50,243,0,293,200,0,200,493
04/18/2023,MRI,AK,AAL,WE,Towers with Radar,0,4,1,0,5,0,36,257,0,293,0,40,258,0,298,291,0,291,589
04/19/2023,MRI,AK,AAL,WE,Towers with Radar,0,3,2,0,5,0,29,326,0,355,0,32,328,0,360,331,0,331,691
04/20/2023,MRI,AK,AAL,WE,Towers with Radar,0,3,5,0,8,0,43,247,0,290,0,46,252,0,298,290,0,290,588
04/21/2023,MRI,AK,AAL,WE,Towers with Radar,0,5,4,0,9,0,48,268,0,316,0,53,272,0,325,266,0,266,591
04/22/2023,MRI,AK,AAL,WE,Towers with Radar,0,2,3,0,5,0,31,186,0,217,0,33,189,0,222,253,0,253,475
04/23/2023,MRI,AK,AAL,WE,Towers with Radar,0,4,2,0,6,0,24,97,0,121,0,28,99,0,127,126,0,126,253
04/24/2023,MRI,AK,AAL,WE,Towers with Radar,0,6,5,0,11,0,43,247,0,290,0,49,252,0,301,259,0,259,560
04/25/2023,MRI,AK,AAL,WE,Towers with Radar,0,5,7,0,12,0,39,160,0,199,0,44,167,0,211,302,0,302,513
04/26/2023,MRI,AK,AAL,WE,Towers with Radar,0,3,7,0,10,0,39,202,0,241,0,42,209,0,251,355,0,355,606
04/27/2023,MRI,AK,AAL,WE,Towers with Radar,0,3,6,0,9,0,32,239,0,271,0,35,245,0,280,259,0,259,539
04/28/2023,MRI,AK,AAL,WE,Towers with Radar,0,5,6,0,11,0,31,152,0,183,0,36,158,0,194,312,0,312,506
04/29/2023,MRI,AK,AAL,WE,Towers with Radar,0,2,2,0,4,0,21,278,0,299,0,23,280,0,303,279,0,279,582
04/30/2023,MRI,AK,AAL,WE,Towers with Radar,0,2,0,0,2,0,24,192,0,216,0,26,192,0,218,252,0,252,470
05/01/2023,MRI,AK,AAL,WE,Towers with Radar,0,8,3,0,11,0,50,72,0,122,0,58,75,0,133,295,0,295,428
05/02/2023,MRI,AK,AAL,WE,Towers with Radar,0,4,3,0,7,0,37,179,0,216,0,41,182,0,223,294,0,294,517
05/03/2023,MRI,AK,AAL,WE,Towers with Radar,0,11,8,0,19,0,0,10,0,10,0,11,18,0,29,0,0,0,29
05/04/2023,MRI,AK,AAL,WE,Towers with Radar,0,12,4,0,16,0,38,243,0,281,0,50,247,0,297,233,0,233,530
05/05/2023,MRI,AK,AAL,WE,Towers with Radar,0,5,3,0,8,0,36,271,0,307,0,41,274,0,315,360,0,360,675
05/06/2023,MRI,AK,AAL,WE,Towers with Radar,0,4,3,0,7,0,38,214,0,252,0,42,217,0,259,371,0,371,630
05/07/2023,MRI,AK,AAL,WE,Towers with Radar,0,5,3,0,8,0,25,194,0,219,0,30,197,0,227,153,0,153,380
05/08/2023,MRI,AK,AAL,WE,Towers with Radar,0,11,4,0,15,0,50,183,0,233,0,61,187,0,248,135,0,135,383
05/09/2023,MRI,AK,AAL,WE,Towers with Radar,0,10,5,0,15,0,52,195,0,247,0,62,200,0,262,480,0,480,742
05/10/2023,MRI,AK,AAL,WE,Towers with Radar,0,4,7,0,11,0,31,184,0,215,0,35,191,0,226,388,0,388,614
05/11/2023,MRI,AK,AAL,WE,Towers with Radar,0,5,5,0,10,0,42,258,0,300,0,47,263,0,310,292,0,292,602
05/12/2023,MRI,AK,AAL,WE,Towers with Radar,0,9,6,0,15,0,65,289,0,354,0,74,295,0,369,228,0,228,597
05/13/2023,MRI,AK,AAL,WE,Towers with Radar,0,2,2,0,4,0,46,147,0,193,0,48,149,0,197,60,0,60,257
05/14/2023,MRI,AK,AAL,WE,Towers with Radar,0,2,2,0,4,0,24,135,0,159,0,26,137,0,163,39,0,39,202
05/15/2023,MRI,AK,AAL,WE,Towers with Radar,0,5,5,0,10,0,50,169,0,219,0,55,174,0,229,190,0,190,419
05/16/2023,MRI,AK,AAL,WE,Towers with Radar,0,6,4,0,10,0,36,124,0,160,0,42,128,0,170,321,0,321,491
05/17/2023,MRI,AK,AAL,WE,Towers with Radar,0,7,4,0,11,0,34,235,0,269,0,41,239,0,280,327,0,327,607
05/18/2023,MRI,AK,AAL,WE,Towers with Radar,0,2,5,0,7,0,52,282,0,334,0,54,287,0,341,270,0,270,611
05/19/2023,MRI,AK,AAL,WE,Towers with Radar,0,4,3,0,7,0,33,205,0,238,0,37,208,0,245,179,0,179,424
05/20/2023,MRI,AK,AAL,WE,Towers with Radar,0,3,4,0,7,0,27,210,0,237,0,30,214,0,244,191,0,191,435
05/21/2023,MRI,AK,AAL,WE,Towers with Radar,0,2,2,0,4,0,27,181,0,208,0,29,183,0,212,153,0,153,365
05/22/2023,MRI,AK,AAL,WE,Towers with Radar,0,4,7,0,11,0,56,242,0,298,0,60,249,0,309,197,0,197,506
05/23/2023,MRI,AK,AAL,WE,Towers with Radar,0,8,1,0,9,0,49,249,0,298,0,57,250,0,307,446,0,446,753
05/24/2023,MRI,AK,AAL,WE,Towers with Radar,0,8,10,0,18,0,48,276,0,324,0,56,286,0,342,371,0,371,713
05/25/2023,MRI,AK,AAL,WE,Towers with Radar,0,5,37,0,42,0,47,177,0,224,0,52,214,0,266,370,0,370,636
05/26/2023,MRI,AK,AAL,WE,Towers with Radar,0,15,8,0,23,0,42,136,0,178,0,57,144,0,201,87,0,87,288
05/27/2023,MRI,AK,AAL,WE,Towers with Radar,0,2,5,0,7,0,33,240,0,273,0,35,245,0,280,197,0,197,477
05/28/2023,MRI,AK,AAL,WE,Towers with Radar,0,3,4,0,7,0,24,172,0,196,0,27,176,0,203,246,0,246,449
05/29/2023,MRI,AK,AAL,WE,Towers with Radar,0,5,9,0,14,0,47,240,0,287,0,52,249,0,301,286,0,286,587
05/30/2023,MRI,AK,AAL,WE,Towers with Radar,0,4,11,0,15,0,53,226,0,279,0,57,237,0,294,476,0,476,770
05/31/2023,MRI,AK,AAL,WE,Towers with Radar,0,8,6,0,14,0,60,264,0,324,0,68,270,0,338,282,0,282,620
06/01/2023,MRI,AK,AAL,WE,Towers with Radar,0,5,1,0,6,0,55,228,0,283,0,60,229,0,289,214,0,214,503
06/02/2023,MRI,AK,AAL,WE,Towers with Radar,0,7,6,1,14,0,48,177,0,225,0,55,183,1,239,362,0,362,601
06/03/2023,MRI,AK,AAL,WE,Towers with Radar,0,5,10,0,15,0,35,288,0,323,0,40,298,0,338,301,0,301,639
06/04/2023,MRI,AK,AAL,WE,Towers with Radar,0,4,5,0,9,0,46,314,0,360,0,50,319,0,369,254,0,254,623
06/05/2023,MRI,AK,AAL,WE,Towers with Radar,0,8,2,0,10,0,69,305,0,374,0,77,307,0,384,281,0,281,665
06/06/2023,MRI,AK,AAL,WE,Towers with Radar,0,11,5,0,16,0,54,258,0,312,0,65,263,0,328,465,0,465,793
06/07/2023,MRI,AK,AAL,WE,Towers with Radar,0,7,3,0,10,0,60,254,0,314,0,67,257,0,324,425,0,425,749
06/08/2023,MRI,AK,AAL,WE,Towers with Radar,0,3,4,0,7,0,72,234,0,306,0,75,238,0,313,386,0,386,699
06/09/2023,MRI,AK,AAL,WE,Towers with Radar,0,6,3,0,9,0,62,283,0,345,0,68,286,0,354,263,0,263,617
06/10/2023,MRI,AK,AAL,WE,Towers with Radar,0,7,5,0,12,0,65,259,0,324,0,72,264,0,336,260,0,260,596
06/11/2023,MRI,AK,AAL,WE,Towers with Radar,0,6,1,0,7,0,26,76,0,102,0,32,77,0,109,135,0,135,244
06/12/2023,MRI,AK,AAL,WE,Towers with Radar,0,8,7,0,15,0,57,198,0,255,0,65,205,0,270,178,0,178,448
06/13/2023,MRI,AK,AAL,WE,Towers with Radar,0,7,5,0,12,0,57,215,0,272,0,64,220,0,284,263,0,263,547
06/14/2023,MRI,AK,AAL,WE,Towers with Radar,0,6,4,0,10,0,49,304,0,353,0,55,308,0,363,261,0,261,624
06/15/2023,MRI,AK,AAL,WE,Towers with Radar,0,9,4,0,13,0,65,272,0,337,0,74,276,0,350,422,0,422,772
06/16/2023,MRI,AK,AAL,WE,Towers with Radar,0,6,5,0,11,0,56,293,0,349,0,62,298,0,360,260,0,260,620
06/17/2023,MRI,AK,AAL,WE,Towers with Radar,0,3,4,0,7,0,56,317,0,373,0,59,321,0,380,273,0,273,653
06/18/2023,MRI,AK,AAL,WE,Towers with Radar,0,4,2,0,6,0,49,311,1,361,0,53,313,1,367,139,0,139,506
06/19/2023,MRI,AK,AAL,WE,Towers with Radar,0,2,1,0,3,0,49,393,0,442,0,51,394,0,445,316,0,316,761
06/20/2023,MRI,AK,AAL,WE,Towers with Radar,0,14,10,0,24,0,18,66,0,84,0,32,76,0,108,256,0,256,364
06/21/2023,MRI,AK,AAL,WE,Towers with Radar,0,20,8,0,28,0,46,64,0,110,0,66,72,0,138,288,0,288,426
06/22/2023,MRI,AK,AAL,WE,Towers with Radar,0,8,12,0,20,0,49,176,0,225,0,57,188,0,245,380,0,380,625
06/23/2023,MRI,AK,AAL,WE,Towers with Radar,0,16,19,0,35,1,45,260,1,307,1,61,279,1,342,213,0,213,555
06/24/2023,MRI,AK,AAL,WE,Towers with Radar,0,7,4,0,11,0,44,259,0,303,0,51,263,0,314,226,0,226,540
06/25/2023,MRI,AK,AAL,WE,Towers with Radar,0,7,2,0,9,0,28,62,0,90,0,35,64,0,99,4,0,4,103
06/26/2023,MRI,AK,AAL,WE,Towers with Radar,0,7,4,1,12,0,51,263,0,314,0,58,267,1,326,539,0,539,865
06/27/2023,MRI,AK,AAL,WE,Towers with Radar,0,8,4,0,12,0,48,231,0,279,0,56,235,0,291,544,0,544,835
06/28/2023,MRI,AK,AAL,WE,Towers with Radar,0,21,40,0,61,0,24,29,0,53,0,45,69,0,114,114,0,114,228
06/29/2023,MRI,AK,AAL,WE,Towers with Radar,0,11,20,0,31,0,24,112,1,137,0,35,132,1,168,279,0,279,447
06/30/2023,MRI,AK,AAL,WE,Towers with Radar,0,6,6,0,12,0,61,316,0,377,0,67,322,0,389,429,0,429,818
07/01/2023,MRI,AK,AAL,WE,Towers with Radar,0,1,2,0,3,0,63,399,0,462,0,64,401,0,465,400,0,400,865
07/02/2023,MRI,AK,AAL,WE,Towers with Radar,0,8,5,0,13,0,45,182,0,227,0,53,187,0,240,226,0,226,466
07/03/2023,MRI,AK,AAL,WE,Towers with Radar,0,10,6,0,16,0,55,167,0,222,0,65,173,0,238,238,0,238,476
07/04/2023,MRI,AK,AAL,WE,Towers with Radar,0,3,6,0,9,0,37,188,0,225,0,40,194,0,234,124,0,124,358
07/05/2023,MRI,AK,AAL,WE,Towers with Radar,0,7,5,0,12,0,61,248,0,309,0,68,253,0,321,375,0,375,696
07/06/2023,MRI,AK,AAL,WE,Towers with Radar,0,23,26,0,49,0,9,6,0,15,0,32,32,0,64,20,0,20,84
07/07/2023,MRI,AK,AAL,WE,Towers with Radar,0,19,14,0,33,0,48,51,0,99,0,67,65,0,132,96,0,96,228
07/08/2023,MRI,AK,AAL,WE,Towers with Radar,0,4,7,0,11,0,57,321,0,378,0,61,328,0,389,381,0,381,770
07/09/2023,MRI,AK,AAL,WE,Towers with Radar,0,6,4,0,10,0,49,289,0,338,0,55,293,0,348,267,0,267,615
07/10/2023,MRI,AK,AAL,WE,Towers with Radar,0,12,14,0,26,0,49,101,0,150,0,61,115,0,176,506,0,506,682
07/11/2023,MRI,AK,AAL,WE,Towers with Radar,0,8,11,0,19,0,65,289,0,354,0,73,300,0,373,353,0,353,726
07/12/2023,MRI,AK,AAL,WE,Towers with Radar,0,7,4,1,12,0,77,368,1,446,0,84,372,2,458,360,0,360,818
07/13/2023,MRI,AK,AAL,WE,Towers with Radar,0,3,5,0,8,0,75,405,0,480,0,78,410,0,488,414,0,414,902
07/14/2023,MRI,AK,AAL,WE,Towers with Radar,0,5,6,0,11,0,82,355,0,437,0,87,361,0,448,364,0,364,812
07/15/2023,MRI,AK,AAL,WE,Towers with Radar,0,10,13,0,23,0,6,17,0,23,0,16,30,0,46,0,0,0,46
07/16/2023,MRI,AK,AAL,WE,Towers with Radar,0,13,11,0,24,0,19,53,0,72,0,32,64,0,96,50,0,50,146
07/17/2023,MRI,AK,AAL,WE,Towers with Radar,0,13,32,0,45,0,76,171,0,247,0,89,203,0,292,314,0,314,606
07/18/2023,MRI,AK,AAL,WE,Towers with Radar,0,3,6,0,9,0,85,392,0,477,0,88,398,0,486,382,0,382,868
07/19/2023,MRI,AK,AAL,WE,Towers with Radar,0,1,6,0,7,0,61,296,0,357,0,62,302,0,364,409,0,409,773
07/20/2023,MRI,AK,AAL,WE,Towers with Radar,0,8,15,0,23,0,60,257,1,318,0,68,272,1,341,401,0,401,742
07/21/2023,MRI,AK,AAL,WE,Towers with Radar,0,5,2,0,7,0,74,375,0,449,0,79,377,0,456,341,0,341,797
07/22/2023,MRI,AK,AAL,WE,Towers with Radar,0,3,6,0,9,0,64,303,0,367,0,67,309,0,376,255,0,255,631
07/23/2023,MRI,AK,AAL,WE,Towers with Radar,0,4,3,0,7,0,66,281,0,347,0,70,284,0,354,149,0,149,503
07/24/2023,MRI,AK,AAL,WE,Towers with Radar,0,2,4,0,6,0,77,348,0,425,0,79,352,0,431,329,0,329,760
07/25/2023,MRI,AK,AAL,WE,Towers with Radar,0,9,12,0,21,0,73,335,0,408,0,82,347,0,429,442,0,442,871
07/26/2023,MRI,AK,AAL,WE,Towers with Radar,0,8,4,0,12,0,65,330,0,395,0,73,334,0,407,388,0,388,795
07/27/2023,MRI,AK,AAL,WE,Towers with Radar,0,6,10,0,16,0,72,309,0,381,0,78,319,0,397,350,0,350,747
07/28/2023,MRI,AK,AAL,WE,Towers with Radar,0,6,4,0,10,0,60,339,0,399,0,66,343,0,409,388,0,388,797
07/29/2023,MRI,AK,AAL,WE,Towers with Radar,0,18,28,0,46,0,4,3,0,7,0,22,31,0,53,0,0,0,53
07/30/2023,MRI,AK,AAL,WE,Towers with Radar,0,25,19,0,44,0,35,144,0,179,0,60,163,0,223,140,0,140,363
07/31/2023,MRI,AK,AAL,WE,Towers with Radar,0,5,3,0,8,0,80,383,0,463,0,85,386,0,471,376,0,376,847
08/01/2023,MRI,AK,AAL,WE,Towers with Radar,0,3,4,0,7,0,83,399,0,482,0,86,403,0,489,307,0,307,796
08/02/2023,MRI,AK,AAL,WE,Towers with Radar,0,4,7,0,11,0,60,409,1,470,0,64,416,1,481,351,0,351,832
08/03/2023,MRI,AK,AAL,WE,Towers with Radar,0,5,9,0,14,0,66,257,0,323,0,71,266,0,337,426,0,426,763
08/04/2023,MRI,AK,AAL,WE,Towers with Radar,0,9,10,0,19,0,95,370,0,465,0,104,380,0,484,364,0,364,848
08/05/2023,MRI,AK,AAL,WE,Towers with Radar,0,6,2,0,8,0,70,310,2,382,0,76,312,2,390,272,0,272,662
08/06/2023,MRI,AK,AAL,WE,Towers with Radar,0,9,6,0,15,0,50,172,0,222,0,59,178,0,237,312,0,312,549
08/07/2023,MRI,AK,AAL,WE,Towers with Radar,0,4,8,1,13,0,74,282,0,356,0,78,290,1,369,300,0,300,669
08/08/2023,MRI,AK,AAL,WE,Towers with Radar,0,24,12,0,36,0,51,152,0,203,0,75,164,0,239,321,0,321,560
08/09/2023,MRI,AK,AAL,WE,Towers with Radar,0,11,18,0,29,0,36,113,0,149,0,47,131,0,178,220,0,220,398
08/10/2023,MRI,AK,AAL,WE,Towers with Radar,0,11,12,0,23,0,46,191,0,237,0,57,203,0,260,399,0,399,659
08/11/2023,MRI,AK,AAL,WE,Towers with Radar,0,5,9,0,14,0,85,344,0,429,0,90,353,0,443,323,0,323,766
08/12/2023,MRI,AK,AAL,WE,Towers with Radar,0,12,5,0,17,0,43,210,0,253,0,55,215,0,270,369,0,369,639
08/13/2023,MRI,AK,AAL,WE,Towers with Radar,0,8,13,0,21,0,50,186,0,236,0,58,199,0,257,308,0,308,565
08/14/2023,MRI,AK,AAL,WE,Towers with Radar,0,7,4,0,11,0,56,234,0,290,0,63,238,0,301,411,0,411,712
08/15/2023,MRI,AK,AAL,WE,Towers with Radar,0,6,9,0,15,0,45,243,1,289,0,51,252,1,304,369,0,369,673
08/16/2023,MRI,AK,AAL,WE,Towers with Radar,0,24,17,0,41,0,34,56,0,90,0,58,73,0,131,193,0,193,324
08/17/2023,MRI,AK,AAL,WE,Towers with Radar,0,3,3,0,6,0,80,444,0,524,0,83,447,0,530,351,0,351,881
08/18/2023,MRI,AK,AAL,WE,Towers with Radar,0,2,3,0,5,0,66,385,0,451,0,68,388,0,456,318,0,318,774
08/19/2023,MRI,AK,AAL,WE,Towers with Radar,0,9,6,0,15,0,58,331,0,389,0,67,337,0,404,383,0,383,787
08/20/2023,MRI,AK,AAL,WE,Towers with Radar,0,2,6,0,8,0,58,224,0,282,0,60,230,0,290,220,0,220,510
08/21/2023,MRI,AK,AAL,WE,Towers with Radar,0,6,8,0,14,0,59,289,0,348,0,65,297,0,362,386,0,386,748
08/22/2023,MRI,AK,AAL,WE,Towers with Radar,0,5,6,0,11,0,74,345,0,419,0,79,351,0,430,409,0,409,839
08/23/2023,MRI,AK,AAL,WE,Towers with Radar,0,4,4,0,8,0,69,382,0,451,0,73,386,0,459,435,0,435,894
08/24/2023,MRI,AK,AAL,WE,Towers with Radar,0,11,9,0,20,0,24,70,0,94,0,35,79,0,114,397,0,397,511
08/25/2023,MRI,AK,AAL,WE,Towers with Radar,0,10,3,0,13,0,68,176,0,244,0,78,179,0,257,318,0,318,575
08/26/2023,MRI,AK,AAL,WE,Towers with Radar,0,15,4,0,19,0,34,28,0,62,0,49,32,0,81,12,0,12,93
08/27/2023,MRI,AK,AAL,WE,Towers with Radar,0,12,1,0,13,0,35,77,0,112,0,47,78,0,125,55,0,55,180
08/28/2023,MRI,AK,AAL,WE,Towers with Radar,0,22,12,0,34,0,18,6,1,25,0,40,18,1,59,52,0,52,111
08/29/2023,MRI,AK,AAL,WE,Towers with Radar,0,16,10,0,26,0,62,187,0,249,0,78,197,0,275,278,0,278,553
08/30/2023,MRI,AK,AAL,WE,Towers with Radar,0,12,11,1,24,0,75,251,0,326,0,87,262,1,350,401,0,401,751
08/31/2023,MRI,AK,AAL,WE,Towers with Radar,0,12,4,0,16,0,25,30,0,55,0,37,34,0,71,100,0,100,171
01/01/2020,MRI,AK,AAL,WE,Towers with Radar,0,1,0,0,1,0,2,11,0,13,0,3,11,0,14,50,0,50,64
01/02/2020,MRI,AK,AAL,WE,Towers with Radar,0,5,9,0,14,0,27,70,0,97,0,32,79,0,111,68,0,68,179
01/03/2020,MRI,AK,AAL,WE,Towers with Radar,0,1,6,0,7,0,16,90,0,106,0,17,96,0,113,52,0,52,165
01/04/2020,MRI,AK,AAL,WE,Towers with Radar,0,6,8,0,14,0,9,23,0,32,0,15,31,0,46,22,0,22,68
01/05/2020,MRI,AK,AAL,WE,Towers with Radar,0,0,1,0,1,0,7,40,0,47,0,7,41,0,48,64,0,64,112
01/06/2020,MRI,AK,AAL,WE,Towers with Radar,0,1,3,0,4,0,3,12,0,15,0,4,15,0,19,2,0,2,21
01/07/2020,MRI,AK,AAL,WE,Towers with Radar,0,4,7,4,15,0,0,4,0,4,0,4,11,4,19,0,0,0,19
01/08/2020,MRI,AK,AAL,WE,Towers with Radar,0,5,5,0,10,0,3,11,0,14,0,8,16,0,24,4,0,4,28
01/09/2020,MRI,AK,AAL,WE,Towers with Radar,0,3,8,0,11,0,28,51,0,79,0,31,59,0,90,32,0,32,122
01/10/2020,MRI,AK,AAL,WE,Towers with Radar,0,1,3,0,4,0,20,81,0,101,0,21,84,0,105,100,0,100,205
01/11/2020,MRI,AK,AAL,WE,Towers with Radar,0,0,1,0,1,0,24,105,0,129,0,24,106,0,130,2,0,2,132
01/12/2020,MRI,AK,AAL,WE,Towers with Radar,0,1,3,0,4,0,0,21,0,21,0,1,24,0,25,44,0,44,69
01/13/2020,MRI,AK,AAL,WE,Towers with Radar,0,9,5,0,14,0,18,39,0,57,0,27,44,0,71,26,0,26,97
01/14/2020,MRI,AK,AAL,WE,Towers with Radar,0,6,11,0,17,0,6,49,0,55,0,12,60,0,72,134,0,134,206
01/15/2020,MRI,AK,AAL,WE,Towers with Radar,0,1,5,0,6,0,35,93,0,128,0,36,98,0,134,98,0,98,232
01/16/2020,MRI,AK,AAL,WE,Towers with Radar,0,2,1,0,3,0,26,98,0,124,0,28,99,0,127,104,0,104,231
01/17/2020,MRI,AK,AAL,WE,Towers with Radar,0,0,3,0,3,0,25,168,0,193,0,25,171,0,196,102,0,102,298
01/18/2020,MRI,AK,AAL,WE,Towers with Radar,0,0,3,0,3,0,25,141,0,166,0,25,144,0,169,62,0,62,231
01/19/2020,MRI,AK,AAL,WE,Towers with Radar,0,0,4,0,4,0,10,103,0,113,0,10,107,0,117,98,0,98,215
01/20/2020,MRI,AK,AAL,WE,Towers with Radar,0,7,4,0,11,0,3,7,0,10,0,10,11,0,21,60,0,60,81
01/21/2020,MRI,AK,AAL,WE,Towers with Radar,0,6,5,0,11,0,32,52,0,84,0,38,57,0,95,102,0,102,197
01/22/2020,MRI,AK,AAL,WE,Towers with Radar,0,4,7,0,11,0,18,12,0,30,0,22,19,0,41,16,0,16,57
01/23/2020,MRI,AK,AAL,WE,Towers with Radar,0,2,3,0,5,0,25,128,0,153,0,27,131,0,158,156,0,156,314
01/24/2020,MRI,AK,AAL,WE,Towers with Radar,0,2,3,0,5,0,31,176,0,207,0,33,179,0,212,158,0,158,370
01/25/2020,MRI,AK,AAL,WE,Towers with Radar,0,0,1,0,1,0,17,97,0,114,0,17,98,0,115,50,0,50,165
01/26/2020,MRI,AK,AAL,WE,Towers with Radar,0,3,1,0,4,0,25,92,0,117,0,28,93,0,121,22,0,22,143
01/27/2020,MRI,AK,AAL,WE,Towers with Radar,0,3,2,0,5,0,30,123,0,153,0,33,125,0,158,104,0,104,262
01/28/2020,MRI,AK,AAL,WE,Towers with Radar,0,4,3,0,7,0,29,114,0,143,0,33,117,0,150,127,0,127,277
01/29/2020,MRI,AK,AAL,WE,Towers with Radar,0,0,5,0,5,0,15,105,0,120,0,15,110,0,125,224,0,224,349
01/30/2020,MRI,AK,AAL,WE,Towers with Radar,0,14,11,0,25,0,29,105,0,134,0,43,116,0,159,110,0,110,269
01/31/2020,MRI,AK,AAL,WE,Towers with Radar,0,13,12,0,25,0,21,53,0,74,0,34,65,0,99,72,0,72,171
02/01/2020,MRI,AK,AAL,WE,Towers with Radar,0,0,6,0,6,0,28,215,0,243,0,28,221,0,249,248,0,248,497
02/02/2020,MRI,AK,AAL,WE,Towers with Radar,0,0,0,0,0,0,7,58,0,65,0,7,58,0,65,102,0,102,167
02/03/2020,MRI,AK,AAL,WE,Towers with Radar,0,4,5,0,9,0,35,94,0,129,0,39,99,0,138,168,0,168,306
02/04/2020,MRI,AK,AAL,WE,Towers with Radar,0,5,7,0,12,0,8,50,0,58,0,13,57,0,70,104,0,104,174
02/05/2020,MRI,AK,AAL,WE,Towers with Radar,0,7,1,5,13,0,15,49,0,64,0,22,50,5,77,167,0,167,244
02/06/2020,MRI,AK,AAL,WE,Towers with Radar,0,2,4,0,6,0,24,216,0,240,0,26,220,0,246,210,0,210,456
02/07/2020,MRI,AK,AAL,WE,Towers with Radar,0,8,8,0,16,0,22,120,1,143,0,30,128,1,159,236,0,236,395
02/08/2020,MRI,AK,AAL,WE,Towers with Radar,0,2,3,0,5,0,13,0,0,13,0,15,3,0,18,6,0,6,24
02/09/2020,MRI,AK,AAL,WE,Towers with Radar,0,5,5,0,10,0,23,49,0,72,0,28,54,0,82,26,0,26,108
02/10/2020,MRI,AK,AAL,WE,Towers with Radar,0,5,4,0,9,0,45,166,0,211,0,50,170,0,220,238,0,238,458
02/11/2020,MRI,AK,AAL,WE,Towers with Radar,0,3,6,0,9,0,43,178,0,221,0,46,184,0,230,190,0,190,420
02/12/2020,MRI,AK,AAL,WE,Towers with Radar,0,0,4,0,4,0,9,42,0,51,0,9,46,0,55,86,0,86,141
02/13/2020,MRI,AK,AAL,WE,Towers with Radar,0,2,6,0,8,0,35,188,0,223,0,37,194,0,231,169,0,169,400
02/14/2020,MRI,AK,AAL,WE,Towers with Radar,0,0,8,0,8,0,42,208,0,250,0,42,216,0,258,188,0,188,446
02/15/2020,MRI,AK,AAL,WE,Towers with Radar,0,0,9,0,9,0,29,196,0,225,0,29,205,0,234,154,0,154,388
02/16/2020,MRI,AK,AAL,WE,Towers with Radar,0,0,3,0,3,0,16,170,0,186,0,16,173,0,189,96,0,96,285
02/17/2020,MRI,AK,AAL,WE,Towers with Radar,0,0,2,0,2,0,2,13,0,15,0,2,15,0,17,34,0,34,51
02/18/2020,MRI,AK,AAL,WE,Towers with Radar,0,2,3,0,5,0,0,0,0,0,0,2,3,0,5,0,0,0,5
02/19/2020,MRI,AK,AAL,WE,Towers with Radar,0,6,4,0,10,0,43,55,0,98,0,49,59,0,108,42,0,42,150
02/20/2020,MRI,AK,AAL,WE,Towers with Radar,0,3,1,0,4,0,18,132,0,150,0,21,133,0,154,152,0,152,306
02/21/2020,MRI,AK,AAL,WE,Towers with Radar,0,1,7,0,8,0,1,0,0,1,0,2,7,0,9,0,0,0,9
02/22/2020,MRI,AK,AAL,WE,Towers with Radar,0,6,6,0,12,0,5,45,0,50,0,11,51,0,62,112,0,112,174
02/23/2020,MRI,AK,AAL,WE,Towers with Radar,0,4,3,0,7,0,32,193,0,225,0,36,196,0,232,152,0,152,384
02/24/2020,MRI,AK,AAL,WE,Towers with Radar,0,5,6,0,11,0,34,238,0,272,0,39,244,0,283,246,0,246,529
02/25/2020,MRI,AK,AAL,WE,Towers with Radar,0,4,5,0,9,0,25,106,0,131,0,29,111,0,140,94,0,94,234
02/26/2020,MRI,AK,AAL,WE,Towers with Radar,0,4,7,0,11,0,23,209,0,232,0,27,216,0,243,204,0,204,447
02/27/2020,MRI,AK,AAL,WE,Towers with Radar,0,2,2,0,4,0,27,191,0,218,0,29,193,0,222,144,0,144,366
02/28/2020,MRI,AK,AAL,WE,Towers with Radar,0,4,10,0,14,0,41,355,0,396,0,45,365,0,410,154,0,154,564
02/29/2020,MRI,AK,AAL,WE,Towers with Radar,0,6,14,0,20,0,11,125,0,136,0,17,139,0,156,94,0,94,250
03/01/2020,MRI,AK,AAL,WE,Towers with Radar,0,0,3,0,3,0,0,3,0,3,0,0,6,0,6,0,0,0,6
03/02/2020,MRI,AK,AAL,WE,Towers with Radar,0,2,6,0,8,0,19,44,0,63,0,21,50,0,71,98,0,98,169
03/03/2020,MRI,AK,AAL,WE,Towers with Radar,0,5,6,0,11,0,54,191,0,245,0,59,197,0,256,188,0,188,444
03/04/2020,MRI,AK,AAL,WE,Towers with Radar,0,2,4,0,6,0,34,128,0,162,0,36,132,0,168,140,0,140,308
03/05/2020,MRI,AK,AAL,WE,Towers with Radar,0,4,2,0,6,0,27,89,0,116,0,31,91,0,122,150,0,150,272
03/06/2020,MRI,AK,AAL,WE,Towers with Radar,0,6,8,1,15,0,54,315,0,369,0,60,323,1,384,230,0,230,614
03/07/2020,MRI,AK,AAL,WE,Towers with Radar,0,2,11,0,13,0,14,21,0,35,0,16,32,0,48,26,0,26,74
03/08/2020,MRI,AK,AAL,WE,Towers with Radar,0,2,11,0,13,0,1,22,0,23,0,3,33,0,36,30,0,30,66
03/09/2020,MRI,AK,AAL,WE,Towers with Radar,0,20,5,0,25,0,14,36,0,50,0,34,41,0,75,20,0,20,95
03/10/2020,MRI,AK,AAL,WE,Towers with Radar,0,5,3,0,8,0,48,171,0,219,0,53,174,0,227,186,0,186,413
03/11/2020,MRI,AK,AAL,WE,Towers with Radar,0,6,3,0,9,0,32,202,0,234,0,38,205,0,243,204,0,204,447
03/12/2020,MRI,AK,AAL,WE,Towers with Radar,0,0,8,0,8,0,33,178,0,211,0,33,186,0,219,94,0,94,313
03/13/2020,MRI,AK,AAL,WE,Towers with Radar,0,3,5,0,8,0,27,164,0,191,0,30,169,0,199,222,0,222,421
03/14/2020,MRI,AK,AAL,WE,Towers with Radar,0,0,5,0,5,0,17,239,1,257,0,17,244,1,262,166,0,166,428
03/15/2020,MRI,AK,AAL,WE,Towers with Radar,0,1,4,0,5,0,19,206,2,227,0,20,210,2,232,104,0,104,336
03/16/2020,MRI,AK,AAL,WE,Towers with Radar,0,3,4,0,7,0,37,177,0,214,0,40,181,0,221,178,0,178,399
03/17/2020,MRI,AK,AAL,WE,Towers with Radar,0,2,1,0,3,0,11,44,0,55,0,13,45,0,58,130,0,130,188
03/18/2020,MRI,AK,AAL,WE,Towers with Radar,0,13,18,1,32,0,0,27,1,28,0,13,45,2,60,2,0,2,62
03/19/2020,MRI,AK,AAL,WE,Towers with Radar,0,1,6,0,7,0,1,22,0,23,0,2,28,0,30,42,0,42,72
03/20/2020,MRI,AK,AAL,WE,Towers with Radar,0,4,6,0,10,0,40,217,0,257,0,44,223,0,267,120,0,120,387
03/21/2020,MRI,AK,AAL,WE,Towers with Radar,0,3,5,0,8,0,0,1,0,1,0,3,6,0,9,0,0,0,9
03/22/2020,MRI,AK,AAL,WE,Towers with Radar,0,0,10,0,10,0,15,181,0,196,0,15,191,0,206,226,0,226,432
03/23/2020,MRI,AK,AAL,WE,Towers with Radar,0,7,2,0,9,0,25,142,0,167,0,32,144,0,176,172,0,172,348
03/24/2020,MRI,AK,AAL,WE,Towers with Radar,0,2,4,0,6,0,24,105,0,129,0,26,109,0,135,190,0,190,325
03/25/2020,MRI,AK,AAL,WE,Towers with Radar,0,2,0,0,2,0,11,67,0,78,0,13,67,0,80,86,0,86,166
03/26/2020,MRI,AK,AAL,WE,Towers with Radar,0,3,1,0,4,0,20,110,0,130,0,23,111,0,134,76,0,76,210
03/27/2020,MRI,AK,AAL,WE,Towers with Radar,0,2,10,0,12,0,15,84,0,99,0,17,94,0,111,102,0,102,213
03/28/2020,MRI,AK,AAL,WE,Towers with Radar,0,1,3,0,4,0,15,98,0,113,0,16,101,0,117,18,0,18,135
03/29/2020,MRI,AK,AAL,WE,Towers with Radar,0,1,3,0,4,0,7,63,0,70,0,8,66,0,74,90,0,90,164
03/30/2020,MRI,AK,AAL,WE,Towers with Radar,0,2,1,0,3,0,20,104,0,124,0,22,105,0,127,130,0,130,257
03/31/2020,MRI,AK,AAL,WE,Towers with Radar,0,4,8,0,12,0,23,189,0,212,0,27,197,0,224,142,0,142,366
04/01/2020,MRI,AK,AAL,WE,Towers with Radar,0,0,10,0,10,0,16,143,0,159,0,16,153,0,169,144,0,144,313
04/02/2020,MRI,AK,AAL,WE,Towers with Radar,0,7,3,0,10,0,0,3,0,3,0,7,6,0,13,0,0,0,13
04/03/2020,MRI,AK,AAL,WE,Towers with Radar,0,8,4,0,12,0,12,42,0,54,0,20,46,0,66,66,0,66,132
04/04/2020,MRI,AK,AAL,WE,Towers with Radar,0,0,2,0,2,0,10,63,0,73,0,10,65,0,75,66,0,66,141
04/05/2020,MRI,AK,AAL,WE,Towers with Radar,0,0,0,0,0,0,8,10,0,18,0,8,10,0,18,0,0,0,18
04/06/2020,MRI,AK,AAL,WE,Towers with Radar,0,3,0,0,3,0,13,56,0,69,0,16,56,0,72,22,0,22,94
04/07/2020,MRI,AK,AAL,WE,Towers with Radar,0,1,0,0,1,0,23,144,0,167,0,24,144,0,168,30,0,30,198
04/08/2020,MRI,AK,AAL,WE,Towers with Radar,0,1,2,0,3,0,21,122,0,143,0,22,124,0,146,180,0,180,326
04/09/2020,MRI,AK,AAL,WE,Towers with Radar,0,5,10,0,15,0,41,244,0,285,0,46,254,0,300,176,0,176,476
04/10/2020,MRI,AK,AAL,WE,Towers with Radar,0,2,5,0,7,0,35,220,0,255,0,37,225,0,262,176,0,176,438
04/11/2020,MRI,AK,AAL,WE,Towers with Radar,0,5,6,0,11,0,15,188,0,203,0,20,194,0,214,162,0,162,376
04/12/2020,MRI,AK,AAL,WE,Towers with Radar,0,0,0,0,0,0,0,29,0,29,0,0,29,0,29,54,0,54,83
04/13/2020,MRI,AK,AAL,WE,Towers with Radar,0,1,7,0,8,0,4,54,0,58,0,5,61,0,66,52,0,52,118
04/14/2020,MRI,AK,AAL,WE,Towers with Radar,0,6,7,0,13,0,19,110,0,129,0,25,117,0,142,142,0,142,284
04/15/2020,MRI,AK,AAL,WE,Towers with Radar,0,2,3,0,5,0,17,70,0,87,0,19,73,0,92,72,0,72,164
04/16/2020,MRI,AK,AAL,WE,Towers with Radar,0,10,15,0,25,0,2,3,0,5,0,12,18,0,30,0,0,0,30
04/17/2020,MRI,AK,AAL,WE,Towers with Radar,0,6,5,0,11,0,18,67,0,85,0,24,72,0,96,46,0,46,142
04/18/2020,MRI,AK,AAL,WE,Towers with Radar,0,3,11,0,14,0,13,169,0,182,0,16,180,0,196,100,0,100,296
04/19/2020,MRI,AK,AAL,WE,Towers with Radar,0,0,1,0,1,0,18,100,0,118,0,18,101,0,119,64,0,64,183
04/20/2020,MRI,AK,AAL,WE,Towers with Radar,0,3,28,0,31,0,18,27,0,45,0,21,55,0,76,76,0,76,152
04/21/2020,MRI,AK,AAL,WE,Towers with Radar,0,5,12,0,17,0,31,63,0,94,0,36,75,0,111,242,0,242,353
04/22/2020,MRI,AK,AAL,WE,Towers with Radar,0,0,15,0,15,0,24,119,0,143,0,24,134,0,158,134,0,134,292
04/23/2020,MRI,AK,AAL,WE,Towers with Radar,0,1,4,0,5,0,12,155,0,167,0,13,159,0,172,236,0,236,408
04/24/2020,MRI,AK,AAL,WE,Towers with Radar,0,2,7,0,9,0,29,175,0,204,0,31,182,0,213,274,0,274,487
04/25/2020,MRI,AK,AAL,WE,Towers with Radar,0,0,4,0,4,0,10,234,0,244,0,10,238,0,248,172,0,172,420
04/26/2020,MRI,AK,AAL,WE,Towers with Radar,0,1,10,0,11,0,12,191,0,203,0,13,201,0,214,90,0,90,304
04/27/2020,MRI,AK,AAL,WE,Towers with Radar,0,3,5,0,8,0,20,185,0,205,0,23,190,0,213,140,0,140,353
04/28/2020,MRI,AK,AAL,WE,Towers with Radar,0,8,7,0,15,0,33,283,0,316,0,41,290,0,331,226,0,226,557
04/29/2020,MRI,AK,AAL,WE,Towers with Radar,0,3,13,0,16,0,35,283,0,318,0,38,296,0,334,262,0,262,596
04/30/2020,MRI,AK,AAL,WE,Towers with Radar,0,4,8,0,12,0,42,269,0,311,0,46,277,0,323,156,0,156,479
05/01/2020,MRI,AK,AAL,WE,Towers with Radar,0,2,7,0,9,0,27,259,0,286,0,29,266,0,295,204,0,204,499
05/02/2020,MRI,AK,AAL,WE,Towers with Radar,0,5,4,0,9,0,14,336,0,350,0,19,340,0,359,212,0,212,571
05/03/2020,MRI,AK,AAL,WE,Towers with Radar,0,1,1,0,2,0,23,220,0,243,0,24,221,0,245,34,0,34,279
05/04/2020,MRI,AK,AAL,WE,Towers with Radar,0,6,4,0,10,0,29,153,0,182,0,35,157,0,192,244,0,244,436
05/05/2020,MRI,AK,AAL,WE,Towers with Radar,0,2,5,0,7,0,28,249,0,277,0,30,254,0,284,158,0,158,442
05/06/2020,MRI,AK,AAL,WE,Towers with Radar,0,0,6,0,6,0,20,283,0,303,0,20,289,0,309,196,0,196,505
05/07/2020,MRI,AK,AAL,WE,Towers with Radar,0,4,4,0,8,0,28,139,0,167,0,32,143,0,175,82,0,82,257
05/08/2020,MRI,AK,AAL,WE,Towers with Radar,0,5,12,0,17,0,34,175,0,209,0,39,187,0,226,222,0,222,448
05/09/2020,MRI,AK,AAL,WE,Towers with Radar,0,2,4,0,6,0,21,226,0,247,0,23,230,0,253,216,0,216,469
05/10/2020,MRI,AK,AAL,WE,Towers with Radar,0,1,11,0,12,0,23,252,0,275,0,24,263,0,287,56,0,56,343
05/11/2020,MRI,AK,AAL,WE,Towers with Radar,0,9,17,0,26,0,34,120,0,154,0,43,137,0,180,120,0,120,300
05/12/2020,MRI,AK,AAL,WE,Towers with Radar,0,4,7,0,11,0,37,280,0,317,0,41,287,0,328,261,0,261,589
05/13/2020,MRI,AK,AAL,WE,Towers with Radar,0,0,6,0,6,0,25,286,0,311,0,25,292,0,317,260,0,260,577
05/14/2020,MRI,AK,AAL,WE,Towers with Radar,0,4,10,0,14,0,34,242,0,276,0,38,252,0,290,230,0,230,520
05/15/2020,MRI,AK,AAL,WE,Towers with Radar,0,5,10,0,15,0,59,356,0,415,0,64,366,0,430,242,0,242,672
05/16/2020,MRI,AK,AAL,WE,Towers with Radar,0,0,14,0,14,0,42,317,0,359,0,42,331,0,373,214,0,214,587
05/17/2020,MRI,AK,AAL,WE,Towers with Radar,0,0,18,0,18,0,20,275,0,295,0,20,293,0,313,222,0,222,535
05/18/2020,MRI,AK,AAL,WE,Towers with Radar,0,4,9,0,13,0,43,229,0,272,0,47,238,0,285,230,0,230,515
05/19/2020,MRI,AK,AAL,WE,Towers with Radar,0,5,8,0,13,0,25,221,0,246,0,30,229,0,259,270,0,270,529
05/20/2020,MRI,AK,AAL,WE,Towers with Radar,0,5,3,0,8,0,36,257,0,293,0,41,260,0,301,304,0,304,605
05/21/2020,MRI,AK,AAL,WE,Towers with Radar,0,6,4,0,10,0,30,129,0,159,0,36,133,0,169,180,0,180,349
05/22/2020,MRI,AK,AAL,WE,Towers with Radar,0,4,10,0,14,0,35,149,1,185,0,39,159,1,199,144,0,144,343
05/23/2020,MRI,AK,AAL,WE,Towers with Radar,0,1,3,0,4,0,14,140,0,154,0,15,143,0,158,176,0,176,334
05/24/2020,MRI,AK,AAL,WE,Towers with Radar,0,3,8,0,11,0,17,27,0,44,0,20,35,0,55,16,0,16,71
05/25/2020,MRI,AK,AAL,WE,Towers with Radar,0,6,5,0,11,0,33,234,0,267,0,39,239,0,278,294,0,294,572
05/26/2020,MRI,AK,AAL,WE,Towers with Radar,0,6,2,0,8,0,69,242,0,311,0,75,244,0,319,194,0,194,513
05/27/2020,MRI,AK,AAL,WE,Towers with Radar,0,4,8,0,12,0,37,294,0,331,0,41,302,0,343,270,0,270,613
05/28/2020,MRI,AK,AAL,WE,Towers with Radar,0,5,11,0,16,0,57,362,0,419,0,62,373,0,435,200,0,200,635
05/29/2020,MRI,AK,AAL,WE,Towers with Radar,0,7,12,0,19,0,50,417,0,467,0,57,429,0,486,172,0,172,658
05/30/2020,MRI,AK,AAL,WE,Towers with Radar,0,4,9,0,13,0,39,313,0,352,0,43,322,0,365,96,0,96,461
05/31/2020,MRI,AK,AAL,WE,Towers with Radar,0,3,8,0,11,0,36,163,0,199,0,39,171,0,210,110,0,110,320
06/01/2020,MRI,AK,AAL,WE,Towers with Radar,0,12,4,0,16,0,64,310,3,377,0,76,314,3,393,204,0,204,597
06/02/2020,MRI,AK,AAL,WE,Towers with Radar,0,4,13,0,17,0,61,336,0,397,0,65,349,0,414,266,0,266,680
06/03/2020,MRI,AK,AAL,WE,Towers with Radar,0,3,5,0,8,0,30,254,0,284,0,33,259,0,292,222,0,222,514
06/04/2020,MRI,AK,AAL,WE,Towers with Radar,0,4,14,0,18,0,49,292,0,341,0,53,306,0,359,200,0,200,559
06/05/2020,MRI,AK,AAL,WE,Towers with Radar,0,7,12,0,19,0,65,352,0,417,0,72,364,0,436,266,0,266,702
06/06/2020,MRI,AK,AAL,WE,Towers with Radar,0,3,7,0,10,0,39,314,2,355,0,42,321,2,365,126,0,126,491
06/07/2020,MRI,AK,AAL,WE,Towers with Radar,0,1,4,0,5,0,39,250,0,289,0,40,254,0,294,90,0,90,384
06/08/2020,MRI,AK,AAL,WE,Towers with Radar,0,7,17,0,24,0,43,213,0,256,0,50,230,0,280,158,0,158,438
06/09/2020,MRI,AK,AAL,WE,Towers with Radar,0,9,31,0,40,0,32,91,0,123,0,41,122,0,163,102,0,102,265
06/10/2020,MRI,AK,AAL,WE,Towers with Radar,0,1,4,0,5,0,24,270,0,294,0,25,274,0,299,353,0,353,652
06/11/2020,MRI,AK,AAL,WE,Towers with Radar,0,5,5,0,10,0,51,260,0,311,0,56,265,0,321,390,42,432,753
06/12/2020,MRI,AK,AAL,WE,Towers with Radar,0,2,3,0,5,0,50,391,2,443,0,52,394,2,448,484,0,484,932
06/13/2020,MRI,AK,AAL,WE,Towers with Radar,0,1,5,0,6,0,29,352,0,381,0,30,357,0,387,232,0,232,619
06/14/2020,MRI,AK,AAL,WE,Towers with Radar,0,3,7,0,10,0,20,277,0,297,0,23,284,0,307,218,0,218,525
06/15/2020,MRI,AK,AAL,WE,Towers with Radar,0,8,10,0,18,0,54,299,0,353,0,62,309,0,371,263,0,263,634
06/16/2020,MRI,AK,AAL,WE,Towers with Radar,0,6,6,0,12,0,77,257,0,334,0,83,263,0,346,330,0,330,676
06/17/2020,MRI,AK,AAL,WE,Towers with Radar,0,2,8,0,10,0,41,213,0,254,0,43,221,0,264,326,0,326,590
06/18/2020,MRI,AK,AAL,WE,Towers with Radar,0,3,6,0,9,0,37,236,0,273,0,40,242,0,282,418,0,418,700
06/19/2020,MRI,AK,AAL,WE,Towers with Radar,0,14,11,0,25,1,31,99,0,131,1,45,110,0,156,252,0,252,408
06/20/2020,MRI,AK,AAL,WE,Towers with Radar,0,3,11,0,14,0,38,234,0,272,0,41,245,0,286,268,0,268,554
06/21/2020,MRI,AK,AAL,WE,Towers with Radar,0,5,6,0,11,0,27,233,0,260,0,32,239,0,271,130,0,130,401
06/22/2020,MRI,AK,AAL,WE,Towers with Radar,0,4,8,0,12,0,43,226,0,269,0,47,234,0,281,254,0,254,535
06/23/2020,MRI,AK,AAL,WE,Towers with Radar,0,8,6,0,14,0,35,210,0,245,0,43,216,0,259,316,0,316,575
06/24/2020,MRI,AK,AAL,WE,Towers with Radar,0,4,8,0,12,0,51,227,0,278,0,55,235,0,290,260,0,260,550
06/25/2020,MRI,AK,AAL,WE,Towers with Radar,0,5,2,0,7,0,33,300,0,333,0,38,302,0,340,290,0,290,630
06/26/2020,MRI,AK,AAL,WE,Towers with Radar,0,9,7,1,17,0,59,258,0,317,0,68,265,1,334,290,0,290,624
06/27/2020,MRI,AK,AAL,WE,Towers with Radar,0,2,11,2,15,0,45,400,3,448,0,47,411,5,463,280,0,280,743
06/28/2020,MRI,AK,AAL,WE,Towers with Radar,0,0,6,0,6,0,25,134,1,160,0,25,140,1,166,160,0,160,326
06/29/2020,MRI,AK,AAL,WE,Towers with Radar,0,5,12,3,20,0,46,241,4,291,0,51,253,7,311,250,0,250,561
06/30/2020,MRI,AK,AAL,WE,Towers with Radar,0,1,6,3,10,0,76,377,4,457,0,77,383,7,467,447,0,447,914
07/01/2020,MRI,AK,AAL,WE,Towers with Radar,0,3,5,4,12,0,45,331,9,385,0,48,336,13,397,284,0,284,681
07/02/2020,MRI,AK,AAL,WE,Towers with Radar,0,3,5,4,12,0,56,268,6,330,0,59,273,10,342,310,0,310,652
07/03/2020,MRI,AK,AAL,WE,Towers with Radar,0,0,9,1,10,0,43,312,4,359,0,43,321,5,369,262,0,262,631
07/04/2020,MRI,AK,AAL,WE,Towers with Radar,0,2,4,2,8,0,26,229,2,257,0,28,233,4,265,54,0,54,319
07/05/2020,MRI,AK,AAL,WE,Towers with Radar,0,1,9,1,11,0,49,231,1,281,0,50,240,2,292,110,0,110,402
07/06/2020,MRI,AK,AAL,WE,Towers with Radar,0,10,31,1,42,0,36,106,2,144,0,46,137,3,186,202,0,202,388
07/07/2020,MRI,AK,AAL,WE,Towers with Radar,0,4,11,6,21,0,63,202,5,270,0,67,213,11,291,392,0,392,683
07/08/2020,MRI,AK,AAL,WE,Towers with Radar,0,7,15,2,24,0,9,28,0,37,0,16,43,2,61,18,0,18,79
07/09/2020,MRI,AK,AAL,WE,Towers with Radar,0,18,25,5,48,0,35,158,9,202,0,53,183,14,250,146,0,146,396
07/10/2020,MRI,AK,AAL,WE,Towers with Radar,0,1,6,2,9,0,60,263,5,328,0,61,269,7,337,346,0,346,683
07/11/2020,MRI,AK,AAL,WE,Towers with Radar,0,4,8,3,15,0,32,216,1,249,0,36,224,4,264,302,0,302,566
07/12/2020,MRI,AK,AAL,WE,Towers with Radar,0,4,11,1,16,0,26,142,1,169,0,30,153,2,185,124,0,124,309
07/13/2020,MRI,AK,AAL,WE,Towers with Radar,0,3,9,4,16,0,40,330,9,379,0,43,339,13,395,351,0,351,746
07/14/2020,MRI,AK,AAL,WE,Towers with Radar,0,2,9,3,14,1,82,476,5,564,1,84,485,8,578,240,0,240,818
07/15/2020,MRI,AK,AAL,WE,Towers with Radar,0,1,9,2,12,0,53,371,2,426,0,54,380,4,438,320,0,320,758
07/16/2020,MRI,AK,AAL,WE,Towers with Radar,0,4,5,5,14,0,42,219,5,266,0,46,224,10,280,280,0,280,560
07/17/2020,MRI,AK,AAL,WE,Towers with Radar,0,4,6,4,14,0,45,267,5,317,0,49,273,9,331,270,0,270,601
07/18/2020,MRI,AK,AAL,WE,Towers with Radar,0,2,12,2,16,0,52,281,2,335,0,54,293,4,351,230,0,230,581
07/19/2020,MRI,AK,AAL,WE,Towers with Radar,0,1,8,2,11,0,40,143,0,183,0,41,151,2,194,216,0,216,410
07/20/2020,MRI,AK,AAL,WE,Towers with Radar,0,11,19,6,36,0,56,197,4,257,0,67,216,10,293,320,0,320,613
07/21/2020,MRI,AK,AAL,WE,Towers with Radar,0,0,3,1,4,0,76,372,2,450,0,76,375,3,454,408,0,408,862
07/22/2020,MRI,AK,AAL,WE,Towers with Radar,0,6,11,3,20,0,54,195,3,252,0,60,206,6,272,292,0,292,564
07/23/2020,MRI,AK,AAL,WE,Towers with Radar,0,3,11,5,19,0,40,353,6,399,0,43,364,11,418,240,0,240,658
07/24/2020,MRI,AK,AAL,WE,Towers with Radar,0,8,12,4,24,0,56,156,4,216,0,64,168,8,240,296,0,296,536
07/25/2020,MRI,AK,AAL,WE,Towers with Radar,0,4,9,3,16,0,48,189,3,240,0,52,198,6,256,126,0,126,382
07/26/2020,MRI,AK,AAL,WE,Towers with Radar,0,3,7,2,12,0,46,313,0,359,0,49,320,2,371,230,0,230,601
07/27/2020,MRI,AK,AAL,WE,Towers with Radar,0,2,15,3,20,0,63,335,3,401,0,65,350,6,421,342,0,342,763
07/28/2020,MRI,AK,AAL,WE,Towers with Radar,0,1,10,4,15,0,68,350,4,422,0,69,360,8,437,224,0,224,661
07/29/2020,MRI,AK,AAL,WE,Towers with Radar,0,5,8,3,16,0,48,333,5,386,0,53,341,8,402,268,0,268,670
07/30/2020,MRI,AK,AAL,WE,Towers with Radar,0,0,5,5,10,0,53,200,8,261,0,53,205,13,271,132,0,132,403
07/31/2020,MRI,AK,AAL,WE,Towers with Radar,0,2,5,2,9,0,57,343,3,403,0,59,348,5,412,274,0,274,686
08/01/2020,MRI,AK,AAL,WE,Towers with Radar,0,6,14,3,23,0,39,88,1,128,0,45,102,4,151,38,0,38,189
08/02/2020,MRI,AK,AAL,WE,Towers with Radar,0,7,12,2,21,0,58,152,2,212,0,65,164,4,233,140,0,140,373
08/03/2020,MRI,AK,AAL,WE,Towers with Radar,0,3,15,4,22,0,64,241,5,310,0,67,256,9,332,190,0,190,522
08/04/2020,MRI,AK,AAL,WE,Towers with Radar,0,2,10,7,19,0,76,372,5,453,0,78,382,12,472,302,0,302,774
08/05/2020,MRI,AK,AAL,WE,Towers with Radar,0,6,3,4,13,0,44,276,4,324,0,50,279,8,337,240,0,240,577
08/06/2020,MRI,AK,AAL,WE,Towers with Radar,0,4,3,5,12,0,34,207,7,248,0,38,210,12,260,424,0,424,684
08/07/2020,MRI,AK,AAL,WE,Towers with Radar,0,3,8,4,15,0,69,299,4,372,0,72,307,8,387,182,0,182,569
08/08/2020,MRI,AK,AAL,WE,Towers with Radar,0,3,9,3,15,0,57,295,4,356,0,60,304,7,371,176,0,176,547
08/09/2020,MRI,AK,AAL,WE,Towers with Radar,0,6,11,3,20,0,42,252,1,295,0,48,263,4,315,170,0,170,485
08/10/2020,MRI,AK,AAL,WE,Towers with Radar,0,5,10,4,19,0,53,293,4,350,0,58,303,8,369,260,0,260,629
08/11/2020,MRI,AK,AAL,WE,Towers with Radar,0,4,10,3,17,0,74,210,3,287,0,78,220,6,304,362,0,362,666
08/12/2020,MRI,AK,AAL,WE,Towers with Radar,0,4,8,3,15,0,38,265,3,306,0,42,273,6,321,300,2,302,623
08/13/2020,MRI,AK,AAL,WE,Towers with Radar,0,1,3,3,7,0,48,338,3,389,0,49,341,6,396,238,0,238,634
08/14/2020,MRI,AK,AAL,WE,Towers with Radar,0,8,23,6,37,0,56,348,5,409,0,64,371,11,446,266,0,266,712
08/15/2020,MRI,AK,AAL,WE,Towers with Radar,0,1,7,1,9,0,71,235,1,307,0,72,242,2,316,192,0,192,508
08/16/2020,MRI,AK,AAL,WE,Towers with Radar,0,2,10,3,15,0,39,320,1,360,0,41,330,4,375,160,0,160,535
08/17/2020,MRI,AK,AAL,WE,Towers with Radar,0,3,6,3,12,0,60,315,4,379,0,63,321,7,391,326,0,326,717
08/18/2020,MRI,AK,AAL,WE,Towers with Radar,0,2,8,4,14,0,60,221,5,286,0,62,229,9,300,400,0,400,700
08/19/2020,MRI,AK,AAL,WE,Towers with Radar,0,2,9,4,15,0,54,317,3,374,0,56,326,7,389,348,0,348,737
08/20/2020,MRI,AK,AAL,WE,Towers with Radar,0,3,11,3,17,0,48,282,4,334,0,51,293,7,351,344,0,344,695
08/21/2020,MRI,AK,AAL,WE,Towers with Radar,0,3,7,3,13,0,41,360,35,436,0,44,367,38,449,316,0,316,765
08/22/2020,MRI,AK,AAL,WE,Towers with Radar,0,3,11,3,17,0,52,391,3,446,0,55,402,6,463,188,0,188,651
08/23/2020,MRI,AK,AAL,WE,Towers with Radar,0,2,8,2,12,0,25,192,2,219,0,27,200,4,231,100,0,100,331
08/24/2020,MRI,AK,AAL,WE,Towers with Radar,0,2,6,4,12,0,43,133,4,180,0,45,139,8,192,390,0,390,582
08/25/2020,MRI,AK,AAL,WE,Towers with Radar,0,32,25,7,64,0,37,74,3,114,0,69,99,10,178,267,0,267,445
08/26/2020,MRI,AK,AAL,WE,Towers with Radar,0,7,9,8,24,0,48,189,18,255,0,55,198,26,279,240,0,240,519
08/27/2020,MRI,AK,AAL,WE,Towers with Radar,0,4,7,4,15,0,51,266,4,321,0,55,273,8,336,224,0,224,560
08/28/2020,MRI,AK,AAL,WE,Towers with Radar,0,6,7,5,18,0,57,423,5,485,0,63,430,10,503,244,0,244,747
08/29/2020,MRI,AK,AAL,WE,Towers with Radar,0,3,10,2,15,0,41,267,4,312,0,44,277,6,327,120,0,120,447
08/30/2020,MRI,AK,AAL,WE,Towers with Radar,0,5,1,2,8,0,29,151,5,185,0,34,152,7,193,100,0,100,293
08/31/2020,MRI,AK,AAL,WE,Towers with Radar,0,4,6,3,13,0,41,96,0,137,0,45,102,3,150,106,0,106,256
09/01/2020,MRI,AK,AAL,WE,Towers with Radar,0,6,8,4,18,0,44,158,1,203,0,50,166,5,221,252,0,252,473
09/02/2020,MRI,AK,AAL,WE,Towers with Radar,0,6,11,3,20,0,53,192,4,249,0,59,203,7,269,349,0,349,618
09/03/2020,MRI,AK,AAL,WE,Towers with Radar,0,6,6,4,16,0,52,182,5,239,0,58,188,9,255,242,0,242,497
09/04/2020,MRI,AK,AAL,WE,Towers with Radar,0,5,6,5,16,0,52,352,5,409,0,57,358,10,425,338,0,338,763
09/05/2020,MRI,AK,AAL,WE,Towers with Radar,0,2,9,1,12,0,53,421,6,480,0,55,430,7,492,208,0,208,700
09/06/2020,MRI,AK,AAL,WE,Towers with Radar,0,0,6,0,6,0,21,151,2,174,0,21,157,2,180,208,0,208,388
09/07/2020,MRI,AK,AAL,WE,Towers with Radar,0,7,5,4,16,0,52,63,4,119,0,59,68,8,135,14,0,14,149
09/08/2020,MRI,AK,AAL,WE,Towers with Radar,0,3,4,4,11,0,58,228,7,293,0,61,232,11,304,212,0,212,516
09/09/2020,MRI,AK,AAL,WE,Towers with Radar,0,2,3,3,8,0,59,224,5,288,0,61,227,8,296,298,0,298,594
09/10/2020,MRI,AK,AAL,WE,Towers with Radar,0,5,4,6,15,0,56,291,8,355,0,61,295,14,370,338,0,338,708
09/11/2020,MRI,AK,AAL,WE,Towers with Radar,0,5,6,5,16,0,68,521,9,598,0,73,527,14,614,308,0,308,922
09/12/2020,MRI,AK,AAL,WE,Towers with Radar,0,5,14,2,21,0,56,444,4,504,0,61,458,6,525,181,0,181,706
09/13/2020,MRI,AK,AAL,WE,Towers with Radar,0,0,3,0,3,0,34,369,0,403,0,34,372,0,406,144,0,144,550
09/14/2020,MRI,AK,AAL,WE,Towers with Radar,0,3,10,2,15,0,70,264,6,340,0,73,274,8,355,240,0,240,595
09/15/2020,MRI,AK,AAL,WE,Towers with Radar,0,5,8,4,17,0,56,180,4,240,0,61,188,8,257,338,0,338,595
09/16/2020,MRI,AK,AAL,WE,Towers with Radar,0,7,9,7,23,0,43,232,8,283,0,50,241,15,306,276,0,276,582
09/17/2020,MRI,AK,AAL,WE,Towers with Radar,0,5,5,5,15,0,32,32,4,68,0,37,37,9,83,96,0,96,179
09/18/2020,MRI,AK,AAL,WE,Towers with Radar,0,7,6,5,18,0,47,177,7,231,0,54,183,12,249,174,0,174,423
09/19/2020,MRI,AK,AAL,WE,Towers with Radar,0,2,5,2,9,0,67,327,2,396,0,69,332,4,405,168,0,168,573
09/20/2020,MRI,AK,AAL,WE,Towers with Radar,0,4,8,4,16,0,62,216,2,280,0,66,224,6,296,196,0,196,492
09/21/2020,MRI,AK,AAL,WE,Towers with Radar,0,20,31,7,58,0,49,178,10,237,0,69,209,17,295,117,0,117,412
09/22/2020,MRI,AK,AAL,WE,Towers with Radar,0,6,8,5,19,0,65,299,7,371,0,71,307,12,390,306,0,306,696
09/23/2020,MRI,AK,AAL,WE,Towers with Radar,0,4,6,5,15,0,44,225,6,275,0,48,231,11,290,320,0,320,610
09/24/2020,MRI,AK,AAL,WE,Towers with Radar,0,8,9,7,24,0,44,111,5,160,0,52,120,12,184,308,0,308,492
09/25/2020,MRI,AK,AAL,WE,Towers with Radar,0,26,39,9,74,0,33,182,5,220,0,59,221,14,294,168,0,168,462
09/26/2020,MRI,AK,AAL,WE,Towers with Radar,0,11,6,2,19,0,41,338,2,381,0,52,344,4,400,346,0,346,746
09/27/2020,MRI,AK,AAL,WE,Towers with Radar,0,3,6,2,11,0,30,146,2,178,0,33,152,4,189,58,0,58,247
09/28/2020,MRI,AK,AAL,WE,Towers with Radar,0,5,17,5,27,0,57,193,3,253,0,62,210,8,280,282,0,282,562
09/29/2020,MRI,AK,AAL,WE,Towers with Radar,0,8,11,5,24,0,62,420,6,488,0,70,431,11,512,320,0,320,832
09/30/2020,MRI,AK,AAL,WE,Towers with Radar,0,7,21,1,29,0,28,70,1,99,0,35,91,2,128,144,0,144,272
10/01/2020,MRI,AK,AAL,WE,Towers with Radar,0,5,10,5,20,0,45,156,5,206,0,50,166,10,226,152,0,152,378
10/02/2020,MRI,AK,AAL,WE,Towers with Radar,0,7,3,4,14,0,34,136,4,174,0,41,139,8,188,282,0,282,470
10/03/2020,MRI,AK,AAL,WE,Towers with Radar,0,5,5,5,15,0,39,218,3,260,0,44,223,8,275,187,0,187,462
10/04/2020,MRI,AK,AAL,WE,Towers with Radar,0,0,5,0,5,0,17,252,0,269,0,17,257,0,274,197,0,197,471
10/05/2020,MRI,AK,AAL,WE,Towers with Radar,0,4,9,4,17,0,64,377,7,448,0,68,386,11,465,249,0,249,714
10/06/2020,MRI,AK,AAL,WE,Towers with Radar,0,5,12,4,21,0,45,396,5,446,0,50,408,9,467,391,0,391,858
10/07/2020,MRI,AK,AAL,WE,Towers with Radar,0,6,4,3,13,0,29,310,2,341,0,35,314,5,354,369,0,369,723
10/08/2020,MRI,AK,AAL,WE,Towers with Radar,0,9,3,6,18,0,56,309,6,371,0,65,312,12,389,360,0,360,749
10/09/2020,MRI,AK,AAL,WE,Towers with Radar,0,8,2,8,18,0,78,380,7,465,0,86,382,15,483,286,0,286,769
10/10/2020,MRI,AK,AAL,WE,Towers with Radar,0,2,8,1,11,0,46,383,6,435,0,48,391,7,446,272,0,272,718
10/11/2020,MRI,AK,AAL,WE,Towers with Radar,0,3,5,2,10,0,34,241,3,278,0,37,246,5,288,128,0,128,416
10/12/2020,MRI,AK,AAL,WE,Towers with Radar,0,9,14,5,28,0,52,277,6,335,0,61,291,11,363,235,0,235,598
10/13/2020,MRI,AK,AAL,WE,Towers with Radar,0,5,14,3,22,0,71,310,9,390,0,76,324,12,412,330,0,330,742
10/14/2020,MRI,AK,AAL,WE,Towers with Radar,0,3,17,2,22,0,52,285,3,340,0,55,302,5,362,201,0,201,563
10/15/2020,MRI,AK,AAL,WE,Towers with Radar,0,12,19,3,34,0,53,216,5,274,0,65,235,8,308,189,0,189,497
10/16/2020,MRI,AK,AAL,WE,Towers with Radar,0,5,39,3,47,0,60,403,4,467,0,65,442,7,514,241,0,241,755
10/17/2020,MRI,AK,AAL,WE,Towers with Radar,0,1,9,2,12,0,35,379,5,419,0,36,388,7,431,206,2,208,639
10/18/2020,MRI,AK,AAL,WE,Towers with Radar,0,5,25,2,32,0,1,5,0,6,0,6,30,2,38,71,0,71,109
10/19/2020,MRI,AK,AAL,WE,Towers with Radar,0,6,14,3,23,0,58,185,3,246,0,64,199,6,269,239,0,239,508
10/20/2020,MRI,AK,AAL,WE,Towers with Radar,0,5,12,4,21,0,55,342,5,402,0,60,354,9,423,335,0,335,758
10/21/2020,MRI,AK,AAL,WE,Towers with Radar,0,4,5,3,12,0,57,403,5,465,0,61,408,8,477,292,0,292,769
10/22/2020,MRI,AK,AAL,WE,Towers with Radar,0,8,6,6,20,0,47,381,6,434,0,55,387,12,454,298,0,298,752
10/23/2020,MRI,AK,AAL,WE,Towers with Radar,0,3,10,4,17,0,43,298,4,345,0,46,308,8,362,377,0,377,739
10/24/2020,MRI,AK,AAL,WE,Towers with Radar,0,4,6,1,11,0,29,182,1,212,0,33,188,2,223,152,0,152,375
10/25/2020,MRI,AK,AAL,WE,Towers with Radar,0,0,8,0,8,0,0,30,0,30,0,0,38,0,38,154,0,154,192
10/26/2020,MRI,AK,AAL,WE,Towers with Radar,0,8,9,3,20,0,5,10,3,18,0,13,19,6,38,29,0,29,67
10/27/2020,MRI,AK,AAL,WE,Towers with Radar,0,19,35,8,62,0,8,7,1,16,0,27,42,9,78,0,0,0,78
10/28/2020,MRI,AK,AAL,WE,Towers with Radar,0,8,23,0,31,0,2,1,0,3,0,10,24,0,34,0,0,0,34
10/29/2020,MRI,AK,AAL,WE,Towers with Radar,0,45,33,9,87,0,42,87,5,134,0,87,120,14,221,196,0,196,417
10/30/2020,MRI,AK,AAL,WE,Towers with Radar,0,5,13,3,21,1,42,260,5,308,1,47,273,8,329,183,0,183,512
10/31/2020,MRI,AK,AAL,WE,Towers with Radar,0,5,5,3,13,0,29,276,3,308,0,34,281,6,321,168,0,168,489
11/01/2020,MRI,AK,AAL,WE,Towers with Radar,0,2,0,1,3,0,10,81,1,92,0,12,81,2,95,116,0,116,211
11/02/2020,MRI,AK,AAL,WE,Towers with Radar,0,6,0,5,11,0,15,39,3,57,0,21,39,8,68,20,0,20,88
11/03/2020,MRI,AK,AAL,WE,Towers with Radar,0,7,6,3,16,0,57,270,4,331,0,64,276,7,347,247,0,247,594
11/04/2020,MRI,AK,AAL,WE,Towers with Radar,0,4,2,4,10,0,45,268,9,322,0,49,270,13,332,324,0,324,656
11/05/2020,MRI,AK,AAL,WE,Towers with Radar,0,4,6,6,16,0,38,236,3,277,0,42,242,9,293,307,0,307,600
11/06/2020,MRI,AK,AAL,WE,Towers with Radar,0,21,17,10,48,0,5,1,0,6,0,26,18,10,54,0,0,0,54
11/07/2020,MRI,AK,AAL,WE,Towers with Radar,0,23,21,0,44,0,6,2,0,8,0,29,23,0,52,2,0,2,54
11/08/2020,MRI,AK,AAL,WE,Towers with Radar,0,0,0,0,0,0,0,0,0,0,0,0,0,0,0,0,0,0,0
11/09/2020,MRI,AK,AAL,WE,Towers with Radar,0,3,7,3,13,0,50,196,4,250,0,53,203,7,263,80,0,80,343
11/10/2020,MRI,AK,AAL,WE,Towers with Radar,0,5,3,3,11,0,26,169,3,198,0,31,172,6,209,290,0,290,499
11/11/2020,MRI,AK,AAL,WE,Towers with Radar,0,5,9,5,19,0,19,71,2,92,0,24,80,7,111,382,0,382,493
11/12/2020,MRI,AK,AAL,WE,Towers with Radar,0,11,16,3,30,0,1,2,0,3,0,12,18,3,33,0,0,0,33
11/13/2020,MRI,AK,AAL,WE,Towers with Radar,0,9,8,2,19,0,10,17,1,28,0,19,25,3,47,46,0,46,93
11/14/2020,MRI,AK,AAL,WE,Towers with Radar,0,6,17,2,25,0,0,0,0,0,0,6,17,2,25,0,0,0,25
11/15/2020,MRI,AK,AAL,WE,Towers with Radar,0,2,4,1,7,0,42,262,2,306,0,44,266,3,313,190,0,190,503
11/16/2020,MRI,AK,AAL,WE,Towers with Radar,0,7,3,11,21,0,40,252,5,297,0,47,255,16,318,291,0,291,609
11/17/2020,MRI,AK,AAL,WE,Towers with Radar,0,3,4,3,10,0,38,235,4,277,0,41,239,7,287,348,0,348,635
11/18/2020,MRI,AK,AAL,WE,Towers with Radar,0,2,17,2,21,0,24,236,2,262,0,26,253,4,283,183,0,183,466
11/19/2020,MRI,AK,AAL,WE,Towers with Radar,0,2,3,4,9,0,56,225,3,284,0,58,228,7,293,330,0,330,623
11/20/2020,MRI,AK,AAL,WE,Towers with Radar,0,2,10,4,16,0,33,170,2,205,0,35,180,6,221,342,0,342,563
11/21/2020,MRI,AK,AAL,WE,Towers with Radar,0,1,9,1,11,0,30,104,1,135,0,31,113,2,146,249,0,249,395
11/22/2020,MRI,AK,AAL,WE,Towers with Radar,1,0,2,0,3,0,12,123,2,137,1,12,125,2,140,251,0,251,391
11/23/2020,MRI,AK,AAL,WE,Towers with Radar,0,1,0,2,3,0,42,76,6,124,0,43,76,8,127,175,0,175,302
11/24/2020,MRI,AK,AAL,WE,Towers with Radar,0,2,13,2,17,0,52,288,2,342,0,54,301,4,359,331,0,331,690
11/25/2020,MRI,AK,AAL,WE,Towers with Radar,0,3,4,2,9,0,10,62,2,74,0,13,66,4,83,185,0,185,268
11/26/2020,MRI,AK,AAL,WE,Towers with Radar,0,3,0,2,5,0,10,72,2,84,0,13,72,4,89,30,0,30,119
11/27/2020,MRI,AK,AAL,WE,Towers with Radar,0,7,2,2,11,0,1,2,0,3,0,8,4,2,14,0,0,0,14
11/28/2020,MRI,AK,AAL,WE,Towers with Radar,0,1,1,1,3,0,30,116,3,149,0,31,117,4,152,97,0,97,249
11/29/2020,MRI,AK,AAL,WE,Towers with Radar,0,3,5,0,8,0,11,46,2,59,0,14,51,2,67,51,0,51,118
11/30/2020,MRI,AK,AAL,WE,Towers with Radar,0,2,0,2,4,0,39,113,1,153,0,41,113,3,157,294,0,294,451
12/01/2020,MRI,AK,AAL,WE,Towers with Radar,0,6,0,3,9,0,17,95,4,116,0,23,95,7,125,178,0,178,303
12/02/2020,MRI,AK,AAL,WE,Towers with Radar,0,7,15,4,26,0,4,3,0,7,0,11,18,4,33,0,0,0,33
12/03/2020,MRI,AK,AAL,WE,Towers with Radar,0,6,4,8,18,0,68,68,0,136,0,74,72,8,154,116,0,116,270
12/04/2020,MRI,AK,AAL,WE,Towers with Radar,0,22,34,5,61,0,21,50,1,72,0,43,84,6,133,111,0,111,244
12/05/2020,MRI,AK,AAL,WE,Towers with Radar,0,0,20,0,20,0,15,117,0,132,0,15,137,0,152,84,0,84,236
12/06/2020,MRI,AK,AAL,WE,Towers with Radar,0,2,1,1,4,0,19,153,1,173,0,21,154,2,177,289,0,289,466
12/07/2020,MRI,AK,AAL,WE,Towers with Radar,0,2,2,1,5,0,43,193,1,237,0,45,195,2,242,324,0,324,566
12/08/2020,MRI,AK,AAL,WE,Towers with Radar,0,5,6,3,14,0,2,4,1,7,0,7,10,4,21,28,0,28,49
12/09/2020,MRI,AK,AAL,WE,Towers with Radar,0,3,5,1,9,0,42,261,2,305,0,45,266,3,314,307,0,307,621
12/10/2020,MRI,AK,AAL,WE,Towers with Radar,0,2,4,1,7,0,6,24,1,31,0,8,28,2,38,46,0,46,84
12/11/2020,MRI,AK,AAL,WE,Towers with Radar,0,1,11,1,13,0,44,279,4,327,0,45,290,5,340,256,0,256,596
12/12/2020,MRI,AK,AAL,WE,Towers with Radar,0,4,3,1,8,0,27,288,1,316,0,31,291,2,324,304,0,304,628
12/13/2020,MRI,AK,AAL,WE,Towers with Radar,0,0,1,0,1,0,5,162,1,168,0,5,163,1,169,278,0,278,447
12/14/2020,MRI,AK,AAL,WE,Towers with Radar,0,3,3,1,7,0,48,166,3,217,0,51,169,4,224,243,0,243,467
12/15/2020,MRI,AK,AAL,WE,Towers with Radar,0,9,11,4,24,0,5,8,0,13,0,14,19,4,37,0,0,0,37
12/16/2020,MRI,AK,AAL,WE,Towers with Radar,0,13,33,8,54,0,0,9,0,9,0,13,42,8,63,16,0,16,79
12/17/2020,MRI,AK,AAL,WE,Towers with Radar,0,1,8,1,10,0,58,214,3,275,0,59,222,4,285,325,0,325,610
12/18/2020,MRI,AK,AAL,WE,Towers with Radar,0,1,6,2,9,0,52,164,0,216,0,53,170,2,225,358,0,358,583
12/19/2020,MRI,AK,AAL,WE,Towers with Radar,0,11,5,0,16,0,1,1,0,2,0,12,6,0,18,0,0,0,18
12/20/2020,MRI,AK,AAL,WE,Towers with Radar,0,4,10,4,18,0,13,52,0,65,0,17,62,4,83,184,0,184,267
12/21/2020,MRI,AK,AAL,WE,Towers with Radar,0,2,5,5,12,0,26,96,4,126,0,28,101,9,138,174,0,174,312
12/22/2020,MRI,AK,AAL,WE,Towers with Radar,0,3,0,0,3,0,7,13,0,20,0,10,13,0,23,0,0,0,23
12/23/2020,MRI,AK,AAL,WE,Towers with Radar,0,2,3,2,7,0,78,94,6,178,0,80,97,8,185,139,8,147,332
12/24/2020,MRI,AK,AAL,WE,Towers with Radar,0,2,3,3,8,0,29,112,4,145,0,31,115,7,153,96,0,96,249
12/25/2020,MRI,AK,AAL,WE,Towers with Radar,0,0,0,0,0,0,0,43,0,43,0,0,43,0,43,27,0,27,70
12/26/2020,MRI,AK,AAL,WE,Towers with Radar,0,2,22,0,24,0,6,42,0,48,0,8,64,0,72,73,0,73,145
12/27/2020,MRI,AK,AAL,WE,Towers with Radar,0,1,1,0,2,0,20,70,0,90,0,21,71,0,92,171,0,171,263
12/28/2020,MRI,AK,AAL,WE,Towers with Radar,0,3,2,2,7,0,20,52,0,72,0,23,54,2,79,40,0,40,119
12/29/2020,MRI,AK,AAL,WE,Towers with Radar,0,3,3,2,8,0,45,262,3,310,0,48,265,5,318,230,0,230,548
12/30/2020,MRI,AK,AAL,WE,Towers with Radar,0,0,10,0,10,0,28,167,2,197,0,28,177,2,207,188,0,188,395
12/31/2020,MRI,AK,AAL,WE,Towers with Radar,0,2,7,2,11,0,43,243,4,290,0,45,250,6,301,159,0,159,460
01/01/2021,MRI,AK,AAL,WE,Towers with Radar,0,0,2,0,2,0,16,116,4,136,0,16,118,4,138,117,0,117,255
01/02/2021,MRI,AK,AAL,WE,Towers with Radar,0,0,4,0,4,0,4,9,2,15,0,4,13,2,19,2,0,2,21
01/03/2021,MRI,AK,AAL,WE,Towers with Radar,0,11,2,9,22,0,26,113,3,142,0,37,115,12,164,62,0,62,226
01/04/2021,MRI,AK,AAL,WE,Towers with Radar,0,8,0,7,15,0,30,107,6,143,0,38,107,13,158,161,0,161,319
01/05/2021,MRI,AK,AAL,WE,Towers with Radar,0,3,11,3,17,0,59,213,4,276,0,62,224,7,293,240,0,240,533
01/06/2021,MRI,AK,AAL,WE,Towers with Radar,0,6,3,2,11,0,49,111,2,162,0,55,114,4,173,224,0,224,397
01/07/2021,MRI,AK,AAL,WE,Towers with Radar,0,2,1,2,5,0,26,108,2,136,0,28,109,4,141,118,0,118,259
01/08/2021,MRI,AK,AAL,WE,Towers with Radar,0,1,6,4,11,0,27,202,2,231,0,28,208,6,242,350,0,350,592
01/09/2021,MRI,AK,AAL,WE,Towers with Radar,0,1,1,0,2,0,16,147,0,163,0,17,148,0,165,187,6,193,358
01/10/2021,MRI,AK,AAL,WE,Towers with Radar,0,0,9,0,9,0,20,144,0,164,0,20,153,0,173,225,0,225,398
01/11/2021,MRI,AK,AAL,WE,Towers with Radar,0,6,1,3,10,0,40,164,2,206,0,46,165,5,216,207,0,207,423
01/12/2021,MRI,AK,AAL,WE,Towers with Radar,0,3,9,2,14,0,28,164,3,195,0,31,173,5,209,153,0,153,362
01/13/2021,MRI,AK,AAL,WE,Towers with Radar,0,7,5,3,15,0,31,221,4,256,0,38,226,7,271,251,0,251,522
01/14/2021,MRI,AK,AAL,WE,Towers with Radar,0,2,7,3,12,0,23,128,1,152,0,25,135,4,164,223,0,223,387
01/15/2021,MRI,AK,AAL,WE,Towers with Radar,0,6,6,7,19,0,22,101,2,125,0,28,107,9,144,165,0,165,309
01/16/2021,MRI,AK,AAL,WE,Towers with Radar,0,0,11,0,11,0,18,172,1,191,0,18,183,1,202,180,0,180,382
01/17/2021,MRI,AK,AAL,WE,Towers with Radar,0,3,2,2,7,0,9,102,2,113,0,12,104,4,120,197,0,197,317
01/18/2021,MRI,AK,AAL,WE,Towers with Radar,0,1,2,2,5,0,8,17,0,25,0,9,19,2,30,1,0,1,31
01/19/2021,MRI,AK,AAL,WE,Towers with Radar,0,9,9,3,21,0,36,109,5,150,0,45,118,8,171,130,0,130,301
01/20/2021,MRI,AK,AAL,WE,Towers with Radar,0,2,14,2,18,0,33,269,2,304,0,35,283,4,322,172,0,172,494
01/21/2021,MRI,AK,AAL,WE,Towers with Radar,0,5,2,3,10,0,34,215,3,252,0,39,217,6,262,258,0,258,520
01/22/2021,MRI,AK,AAL,WE,Towers with Radar,0,3,8,1,12,0,43,190,2,235,0,46,198,3,247,211,0,211,458
01/23/2021,MRI,AK,AAL,WE,Towers with Radar,0,4,2,0,6,0,4,76,0,80,0,8,78,0,86,221,0,221,307
01/24/2021,MRI,AK,AAL,WE,Towers with Radar,0,2,8,1,11,0,13,172,3,188,0,15,180,4,199,228,0,228,427
01/25/2021,MRI,AK,AAL,WE,Towers with Radar,0,6,35,0,41,0,7,37,0,44,0,13,72,0,85,38,1,39,124
01/26/2021,MRI,AK,AAL,WE,Towers with Radar,0,2,5,1,8,0,46,300,2,348,0,48,305,3,356,265,0,265,621
01/27/2021,MRI,AK,AAL,WE,Towers with Radar,0,3,37,2,42,0,53,185,2,240,0,56,222,4,282,204,0,204,486
01/28/2021,MRI,AK,AAL,WE,Towers with Radar,0,7,31,3,41,0,23,120,1,144,0,30,151,4,185,197,0,197,382
01/29/2021,MRI,AK,AAL,WE,Towers with Radar,0,2,9,2,13,0,41,235,2,278,0,43,244,4,291,272,0,272,563
01/30/2021,MRI,AK,AAL,WE,Towers with Radar,0,6,4,1,11,0,23,318,5,346,0,29,322,6,357,214,0,214,571
01/31/2021,MRI,AK,AAL,WE,Towers with Radar,0,0,15,1,16,0,19,209,1,229,0,19,224,2,245,129,0,129,374
02/01/2021,MRI,AK,AAL,WE,Towers with Radar,0,1,5,1,7,0,37,158,3,198,0,38,163,4,205,137,0,137,342
02/02/2021,MRI,AK,AAL,WE,Towers with Radar,0,3,7,1,11,0,34,166,4,204,0,37,173,5,215,127,0,127,342
02/03/2021,MRI,AK,AAL,WE,Towers with Radar,0,4,14,0,18,0,3,2,0,5,0,7,16,0,23,0,0,0,23
02/04/2021,MRI,AK,AAL,WE,Towers with Radar,0,6,18,3,27,0,30,133,1,164,0,36,151,4,191,282,0,282,473
02/05/2021,MRI,AK,AAL,WE,Towers with Radar,0,10,21,5,36,0,6,21,1,28,0,16,42,6,64,49,0,49,113
02/06/2021,MRI,AK,AAL,WE,Towers with Radar,0,7,20,2,29,0,5,41,0,46,0,12,61,2,75,36,0,36,111
02/07/2021,MRI,AK,AAL,WE,Towers with Radar,0,3,12,1,16,0,0,92,1,93,0,3,104,2,109,175,0,175,284
02/08/2021,MRI,AK,AAL,WE,Towers with Radar,0,2,7,0,9,0,44,288,6,338,0,46,295,6,347,247,0,247,594
02/09/2021,MRI,AK,AAL,WE,Towers with Radar,0,7,10,4,21,0,15,98,0,113,0,22,108,4,134,91,0,91,225
02/10/2021,MRI,AK,AAL,WE,Towers with Radar,0,2,3,0,5,0,20,164,1,185,0,22,167,1,190,319,0,319,509
02/11/2021,MRI,AK,AAL,WE,Towers with Radar,0,3,6,3,12,0,31,185,3,219,0,34,191,6,231,219,0,219,450
02/12/2021,MRI,AK,AAL,WE,Towers with Radar,0,0,9,0,9,0,41,333,2,376,0,41,342,2,385,220,0,220,605
02/13/2021,MRI,AK,AAL,WE,Towers with Radar,0,1,9,0,10,0,28,273,1,302,0,29,282,1,312,118,0,118,430
02/14/2021,MRI,AK,AAL,WE,Towers with Radar,0,0,9,0,9,0,19,163,0,182,0,19,172,0,191,91,0,91,282
02/15/2021,MRI,AK,AAL,WE,Towers with Radar,0,2,5,0,7,0,22,283,4,309,0,24,288,4,316,291,0,291,607
02/16/2021,MRI,AK,AAL,WE,Towers with Radar,0,3,11,2,16,0,21,85,2,108,0,24,96,4,124,96,0,96,220
02/17/2021,MRI,AK,AAL,WE,Towers with Radar,0,0,12,0,12,0,22,178,2,202,0,22,190,2,214,287,0,287,501
02/18/2021,MRI,AK,AAL,WE,Towers with Radar,0,2,2,2,6,0,8,29,2,39,0,10,31,4,45,77,0,77,122
02/19/2021,MRI,AK,AAL,WE,Towers with Radar,0,7,3,4,14,0,43,293,4,340,0,50,296,8,354,271,0,271,625
02/20/2021,MRI,AK,AAL,WE,Towers with Radar,0,0,9,0,9,0,37,196,6,239,0,37,205,6,248,215,0,215,463
02/21/2021,MRI,AK,AAL,WE,Towers with Radar,0,5,8,4,17,0,2,33,1,36,0,7,41,5,53,88,0,88,141
02/22/2021,MRI,AK,AAL,WE,Towers with Radar,0,5,14,3,22,0,38,265,1,304,0,43,279,4,326,343,0,343,669
02/23/2021,MRI,AK,AAL,WE,Towers with Radar,0,7,8,5,20,0,19,145,1,165,0,26,153,6,185,268,0,268,453
02/24/2021,MRI,AK,AAL,WE,Towers with Radar,0,4,9,4,17,0,6,48,0,54,0,10,57,4,71,32,0,32,103
02/25/2021,MRI,AK,AAL,WE,Towers with Radar,0,7,5,3,15,0,33,217,6,256,0,40,222,9,271,234,0,234,505
02/26/2021,MRI,AK,AAL,WE,Towers with Radar,0,4,9,2,15,0,6,26,2,34,0,10,35,4,49,19,0,19,68
02/27/2021,MRI,AK,AAL,WE,Towers with Radar,0,8,22,0,30,0,3,3,0,6,0,11,25,0,36,2,0,2,38
02/28/2021,MRI,AK,AAL,WE,Towers with Radar,0,2,6,2,10,0,27,143,3,173,0,29,149,5,183,195,0,195,378
03/01/2021,MRI,AK,AAL,WE,Towers with Radar,0,2,9,0,11,0,1,0,0,1,0,3,9,0,12,2,0,2,14
03/02/2021,MRI,AK,AAL,WE,Towers with Radar,0,5,26,2,33,0,25,197,4,226,0,30,223,6,259,212,0,212,471
03/03/2021,MRI,AK,AAL,WE,Towers with Radar,0,4,26,1,31,0,33,322,4,359,0,37,348,5,390,163,0,163,553
03/04/2021,MRI,AK,AAL,WE,Towers with Radar,0,2,7,3,12,0,36,448,5,489,0,38,455,8,501,341,0,341,842
03/05/2021,MRI,AK,AAL,WE,Towers with Radar,0,4,7,2,13,0,19,305,5,329,0,23,312,7,342,328,0,328,670
03/06/2021,MRI,AK,AAL,WE,Towers with Radar,0,1,2,1,4,0,43,202,2,247,0,44,204,3,251,170,0,170,421
03/07/2021,MRI,AK,AAL,WE,Towers with Radar,0,5,0,2,7,0,24,306,3,333,0,29,306,5,340,231,0,231,571
03/08/2021,MRI,AK,AAL,WE,Towers with Radar,0,1,14,1,16,0,45,294,7,346,0,46,308,8,362,265,0,265,627
03/09/2021,MRI,AK,AAL,WE,Towers with Radar,0,9,4,3,16,0,20,138,3,161,0,29,142,6,177,373,0,373,550
03/10/2021,MRI,AK,AAL,WE,Towers with Radar,0,5,16,2,23,0,6,66,0,72,0,11,82,2,95,136,0,136,231
03/11/2021,MRI,AK,AAL,WE,Towers with Radar,0,4,8,3,15,0,46,57,4,107,0,50,65,7,122,52,0,52,174
03/12/2021,MRI,AK,AAL,WE,Towers with Radar,0,1,10,1,12,0,52,316,3,371,0,53,326,4,383,269,0,269,652
03/13/2021,MRI,AK,AAL,WE,Towers with Radar,0,0,7,0,7,0,27,387,2,416,0,27,394,2,423,232,0,232,655
03/14/2021,MRI,AK,AAL,WE,Towers with Radar,0,0,11,0,11,0,2,121,0,123,0,2,132,0,134,180,0,180,314
03/15/2021,MRI,AK,AAL,WE,Towers with Radar,0,14,11,2,27,0,2,2,0,4,0,16,13,2,31,0,0,0,31
03/16/2021,MRI,AK,AAL,WE,Towers with Radar,0,15,22,6,43,0,42,154,6,202,0,57,176,12,245,206,0,206,451
03/17/2021,MRI,AK,AAL,WE,Towers with Radar,0,2,8,1,11,0,61,349,6,416,0,63,357,7,427,332,0,332,759
03/18/2021,MRI,AK,AAL,WE,Towers with Radar,0,7,15,2,24,0,30,227,4,261,0,37,242,6,285,185,0,185,470
03/19/2021,MRI,AK,AAL,WE,Towers with Radar,0,5,5,2,12,0,47,345,6,398,0,52,350,8,410,191,0,191,601
03/20/2021,MRI,AK,AAL,WE,Towers with Radar,0,0,6,0,6,0,20,188,0,208,0,20,194,0,214,246,0,246,460
03/21/2021,MRI,AK,AAL,WE,Towers with Radar,0,0,10,0,10,0,17,315,2,334,0,17,325,2,344,257,0,257,601
03/22/2021,MRI,AK,AAL,WE,Towers with Radar,0,0,7,0,7,0,38,293,2,333,0,38,300,2,340,299,0,299,639
03/23/2021,MRI,AK,AAL,WE,Towers with Radar,0,3,10,2,15,0,27,341,2,370,0,30,351,4,385,350,0,350,735
03/24/2021,MRI,AK,AAL,WE,Towers with Radar,0,2,9,0,11,0,30,264,1,295,0,32,273,1,306,411,0,411,717
03/25/2021,MRI,AK,AAL,WE,Towers with Radar,0,13,10,6,29,0,4,3,1,8,0,17,13,7,37,0,0,0,37
03/26/2021,MRI,AK,AAL,WE,Towers with Radar,0,2,6,2,10,0,53,322,3,378,0,55,328,5,388,295,0,295,683
03/27/2021,MRI,AK,AAL,WE,Towers with Radar,0,5,9,4,18,0,33,247,4,284,0,38,256,8,302,347,0,347,649
03/28/2021,MRI,AK,AAL,WE,Towers with Radar,0,1,11,0,12,0,7,170,0,177,0,8,181,0,189,192,0,192,381
03/29/2021,MRI,AK,AAL,WE,Towers with Radar,0,4,4,0,8,0,14,39,2,55,0,18,43,2,63,34,0,34,97
03/30/2021,MRI,AK,AAL,WE,Towers with Radar,0,4,9,2,15,0,41,292,3,336,0,45,301,5,351,307,0,307,658
03/31/2021,MRI,AK,AAL,WE,Towers with Radar,0,5,14,4,23,0,59,217,4,280,0,64,231,8,303,148,0,148,451
04/01/2021,MRI,AK,AAL,WE,Towers with Radar,0,4,11,4,19,0,50,306,4,360,0,54,317,8,379,241,0,241,620
04/02/2021,MRI,AK,AAL,WE,Towers with Radar,0,1,6,2,9,0,35,387,6,428,0,36,393,8,437,329,0,329,766
04/03/2021,MRI,AK,AAL,WE,Towers with Radar,0,3,3,1,7,0,28,134,1,163,0,31,137,2,170,355,0,355,525
04/04/2021,MRI,AK,AAL,WE,Towers with Radar,0,8,0,4,12,0,0,14,4,18,0,8,14,8,30,26,0,26,56
04/05/2021,MRI,AK,AAL,WE,Towers with Radar,0,4,5,2,11,0,50,238,4,292,0,54,243,6,303,165,0,165,468
04/06/2021,MRI,AK,AAL,WE,Towers with Radar,0,1,17,1,19,0,43,336,8,387,0,44,353,9,406,423,0,423,829
04/07/2021,MRI,AK,AAL,WE,Towers with Radar,0,3,4,2,9,0,36,364,4,404,0,39,368,6,413,357,0,357,770
04/08/2021,MRI,AK,AAL,WE,Towers with Radar,0,6,11,5,22,0,16,37,5,58,0,22,48,10,80,0,0,0,80
04/09/2021,MRI,AK,AAL,WE,Towers with Radar,0,3,7,1,11,0,35,199,3,237,0,38,206,4,248,46,0,46,294
04/10/2021,MRI,AK,AAL,WE,Towers with Radar,0,0,13,0,13,0,48,289,0,337,0,48,302,0,350,315,0,315,665
04/11/2021,MRI,AK,AAL,WE,Towers with Radar,0,0,3,0,3,0,5,61,0,66,0,5,64,0,69,90,0,90,159
04/12/2021,MRI,AK,AAL,WE,Towers with Radar,0,7,8,2,17,0,28,110,3,141,0,35,118,5,158,194,0,194,352
04/13/2021,MRI,AK,AAL,WE,Towers with Radar,0,4,8,3,15,0,37,229,5,271,0,41,237,8,286,246,0,246,532
04/14/2021,MRI,AK,AAL,WE,Towers with Radar,0,3,3,2,8,0,15,115,2,132,0,18,118,4,140,319,0,319,459
04/15/2021,MRI,AK,AAL,WE,Towers with Radar,0,1,4,1,6,0,57,323,4,384,0,58,327,5,390,302,0,302,692
04/16/2021,MRI,AK,AAL,WE,Towers with Radar,0,5,37,1,43,0,51,434,3,488,0,56,471,4,531,311,0,311,842
04/17/2021,MRI,AK,AAL,WE,Towers with Radar,0,0,6,0,6,0,22,398,2,422,0,22,404,2,428,346,0,346,774
04/18/2021,MRI,AK,AAL,WE,Towers with Radar,0,4,4,0,8,0,18,310,0,328,0,22,314,0,336,284,0,284,620
04/19/2021,MRI,AK,AAL,WE,Towers with Radar,0,3,2,2,7,0,54,305,5,364,0,57,307,7,371,304,0,304,675
04/20/2021,MRI,AK,AAL,WE,Towers with Radar,0,2,12,2,16,0,58,321,2,381,0,60,333,4,397,191,0,191,588
04/21/2021,MRI,AK,AAL,WE,Towers with Radar,0,2,7,2,11,0,33,327,3,363,0,35,334,5,374,336,0,336,710
04/22/2021,MRI,AK,AAL,WE,Towers with Radar,0,3,9,3,15,0,46,340,3,389,0,49,349,6,404,427,0,427,831
04/23/2021,MRI,AK,AAL,WE,Towers with Radar,0,2,4,2,8,0,45,482,5,532,0,47,486,7,540,299,0,299,839
04/24/2021,MRI,AK,AAL,WE,Towers with Radar,0,0,6,0,6,0,28,408,0,436,0,28,414,0,442,185,0,185,627
04/25/2021,MRI,AK,AAL,WE,Towers with Radar,0,0,6,0,6,0,23,317,0,340,0,23,323,0,346,244,0,244,590
04/26/2021,MRI,AK,AAL,WE,Towers with Radar,0,6,4,5,15,0,40,376,6,422,0,46,380,11,437,232,0,232,669
04/27/2021,MRI,AK,AAL,WE,Towers with Radar,0,2,8,2,12,0,43,386,5,434,0,45,394,7,446,491,0,491,937
04/28/2021,MRI,AK,AAL,WE,Towers with Radar,0,2,3,0,5,0,38,394,4,436,0,40,397,4,441,176,0,176,617
04/29/2021,MRI,AK,AAL,WE,Towers with Radar,0,10,33,7,50,0,36,120,1,157,0,46,153,8,207,184,0,184,391
04/30/2021,MRI,AK,AAL,WE,Towers with Radar,0,5,7,5,17,0,37,349,5,391,0,42,356,10,408,311,0,311,719
05/01/2021,MRI,AK,AAL,WE,Towers with Radar,0,2,3,2,7,0,41,379,2,422,0,43,382,4,429,186,0,186,615
05/02/2021,MRI,AK,AAL,WE,Towers with Radar,0,2,7,1,10,0,24,296,1,321,0,26,303,2,331,137,0,137,468
05/03/2021,MRI,AK,AAL,WE,Towers with Radar,0,8,8,3,19,0,70,331,7,408,0,78,339,10,427,285,0,285,712
05/04/2021,MRI,AK,AAL,WE,Towers with Radar,0,3,4,3,10,0,61,230,3,294,0,64,234,6,304,313,0,313,617
05/05/2021,MRI,AK,AAL,WE,Towers with Radar,0,4,9,1,14,0,62,397,8,467,0,66,406,9,481,382,0,382,863
05/06/2021,MRI,AK,AAL,WE,Towers with Radar,0,2,10,3,15,0,40,449,3,492,0,42,459,6,507,422,0,422,929
05/07/2021,MRI,AK,AAL,WE,Towers with Radar,0,9,8,6,23,0,54,335,6,395,0,63,343,12,418,216,0,216,634
05/08/2021,MRI,AK,AAL,WE,Towers with Radar,0,7,9,3,19,0,34,313,4,351,0,41,322,7,370,300,0,300,670
05/09/2021,MRI,AK,AAL,WE,Towers with Radar,0,1,21,0,22,0,41,249,0,290,0,42,270,0,312,221,0,221,533
05/10/2021,MRI,AK,AAL,WE,Towers with Radar,0,5,8,4,17,0,59,327,4,390,0,64,335,8,407,364,0,364,771
05/11/2021,MRI,AK,AAL,WE,Towers with Radar,0,7,14,3,24,0,50,259,3,312,0,57,273,6,336,269,0,269,605
05/12/2021,MRI,AK,AAL,WE,Towers with Radar,0,5,2,4,11,0,53,421,4,478,0,58,423,8,489,482,0,482,971
05/13/2021,MRI,AK,AAL,WE,Towers with Radar,0,2,5,2,9,0,63,458,5,526,0,65,463,7,535,264,0,264,799
05/14/2021,MRI,AK,AAL,WE,Towers with Radar,0,7,8,7,22,0,47,402,6,455,0,54,410,13,477,173,0,173,650
05/15/2021,MRI,AK,AAL,WE,Towers with Radar,0,6,6,5,17,0,39,267,1,307,0,45,273,6,324,281,0,281,605
05/16/2021,MRI,AK,AAL,WE,Towers with Radar,0,0,7,0,7,0,36,315,1,352,0,36,322,1,359,187,0,187,546
05/17/2021,MRI,AK,AAL,WE,Towers with Radar,0,3,7,3,13,0,67,371,8,446,0,70,378,11,459,314,0,314,773
05/18/2021,MRI,AK,AAL,WE,Towers with Radar,0,3,7,3,13,0,74,427,9,510,0,77,434,12,523,135,0,135,658
05/19/2021,MRI,AK,AAL,WE,Towers with Radar,0,4,2,3,9,0,66,268,3,337,0,70,270,6,346,245,0,245,591
05/20/2021,MRI,AK,AAL,WE,Towers with Radar,0,3,21,3,27,0,74,246,3,323,0,77,267,6,350,217,0,217,567
05/21/2021,MRI,AK,AAL,WE,Towers with Radar,0,10,16,4,30,0,67,254,4,325,0,77,270,8,355,190,0,190,545
05/22/2021,MRI,AK,AAL,WE,Towers with Radar,0,3,7,3,13,0,48,314,3,365,0,51,321,6,378,246,0,246,624
05/23/2021,MRI,AK,AAL,WE,Towers with Radar,0,2,6,1,9,0,35,382,4,421,0,37,388,5,430,190,0,190,620
05/24/2021,MRI,AK,AAL,WE,Towers with Radar,0,6,7,3,16,0,80,469,7,556,0,86,476,10,572,400,0,400,972
05/25/2021,MRI,AK,AAL,WE,Towers with Radar,0,3,10,3,16,0,79,450,6,535,0,82,460,9,551,386,0,386,937
05/26/2021,MRI,AK,AAL,WE,Towers with Radar,0,5,16,3,24,0,66,457,5,528,0,71,473,8,552,439,0,439,991
05/27/2021,MRI,AK,AAL,WE,Towers with Radar,0,5,3,5,13,0,51,298,5,354,0,56,301,10,367,341,0,341,708
05/28/2021,MRI,AK,AAL,WE,Towers with Radar,0,5,35,5,45,0,29,133,1,163,0,34,168,6,208,376,0,376,584
05/29/2021,MRI,AK,AAL,WE,Towers with Radar,0,6,22,3,31,0,47,121,3,171,0,53,143,6,202,86,0,86,288
05/30/2021,MRI,AK,AAL,WE,Towers with Radar,0,8,8,3,19,0,38,227,4,269,0,46,235,7,288,156,0,156,444
05/31/2021,MRI,AK,AAL,WE,Towers with Radar,0,4,10,4,18,0,64,336,5,405,0,68,346,9,423,222,0,222,645
06/01/2021,MRI,AK,AAL,WE,Towers with Radar,0,4,4,6,14,0,66,167,5,238,0,70,171,11,252,67,0,67,319
06/02/2021,MRI,AK,AAL,WE,Towers with Radar,0,3,18,5,26,0,107,511,8,626,0,110,529,13,652,378,0,378,1030
06/03/2021,MRI,AK,AAL,WE,Towers with Radar,0,6,6,2,14,0,95,348,4,447,0,101,354,6,461,362,0,362,823
06/04/2021,MRI,AK,AAL,WE,Towers with Radar,0,5,14,5,24,0,94,449,9,552,0,99,463,14,576,357,0,357,933
06/05/2021,MRI,AK,AAL,WE,Towers with Radar,0,2,6,2,10,0,60,368,4,432,0,62,374,6,442,288,0,288,730
06/06/2021,MRI,AK,AAL,WE,Towers with Radar,0,1,10,1,12,0,53,350,5,408,0,54,360,6,420,58,0,58,478
06/07/2021,MRI,AK,AAL,WE,Towers with Radar,0,4,6,3,13,0,78,368,5,451,0,82,374,8,464,313,0,313,777
06/08/2021,MRI,AK,AAL,WE,Towers with Radar,0,2,5,3,10,0,82,277,3,362,0,84,282,6,372,77,0,77,449
06/09/2021,MRI,AK,AAL,WE,Towers with Radar,0,4,23,3,30,0,85,246,7,338,0,89,269,10,368,257,0,257,625
06/10/2021,MRI,AK,AAL,WE,Towers with Radar,0,6,17,5,28,0,88,403,5,496,0,94,420,10,524,300,0,300,824
06/11/2021,MRI,AK,AAL,WE,Towers with Radar,0,8,16,6,30,0,73,487,9,569,0,81,503,15,599,380,0,380,979
06/12/2021,MRI,AK,AAL,WE,Towers with Radar,0,2,4,1,7,0,78,418,2,498,0,80,422,3,505,122,0,122,627
06/13/2021,MRI,AK,AAL,WE,Towers with Radar,0,3,2,1,6,0,47,340,1,388,0,50,342,2,394,135,0,135,529
06/14/2021,MRI,AK,AAL,WE,Towers with Radar,0,7,9,3,19,0,100,460,5,565,0,107,469,8,584,264,0,264,848
06/15/2021,MRI,AK,AAL,WE,Towers with Radar,0,4,11,2,17,0,110,474,7,591,0,114,485,9,608,208,0,208,816
06/16/2021,MRI,AK,AAL,WE,Towers with Radar,0,12,11,7,30,0,62,277,9,348,0,74,288,16,378,438,0,438,816
06/17/2021,MRI,AK,AAL,WE,Towers with Radar,0,4,10,6,20,0,104,381,5,490,0,108,391,11,510,416,0,416,926
06/18/2021,MRI,AK,AAL,WE,Towers with Radar,0,3,10,4,17,0,77,434,7,518,0,80,444,11,535,389,0,389,924
06/19/2021,MRI,AK,AAL,WE,Towers with Radar,0,2,10,2,14,0,92,324,4,420,0,94,334,6,434,261,0,261,695
06/20/2021,MRI,AK,AAL,WE,Towers with Radar,0,2,5,2,9,0,63,273,2,338,0,65,278,4,347,217,0,217,564
06/21/2021,MRI,AK,AAL,WE,Towers with Radar,0,8,6,5,19,0,79,348,9,436,0,87,354,14,455,361,0,361,816
06/22/2021,MRI,AK,AAL,WE,Towers with Radar,0,6,2,3,11,0,143,414,6,563,0,149,416,9,574,232,0,232,806
06/23/2021,MRI,AK,AAL,WE,Towers with Radar,0,7,6,5,18,0,61,364,5,430,0,68,370,10,448,505,0,505,953
06/24/2021,MRI,AK,AAL,WE,Towers with Radar,0,3,11,4,18,0,77,247,6,330,0,80,258,10,348,219,0,219,567
06/25/2021,MRI,AK,AAL,WE,Towers with Radar,0,5,7,6,18,0,70,268,9,347,0,75,275,15,365,223,0,223,588
06/26/2021,MRI,AK,AAL,WE,Towers with Radar,0,2,9,4,15,0,53,282,3,338,0,55,291,7,353,273,0,273,626
06/27/2021,MRI,AK,AAL,WE,Towers with Radar,0,4,4,4,12,0,31,277,2,310,0,35,281,6,322,209,0,209,531
06/28/2021,MRI,AK,AAL,WE,Towers with Radar,0,5,4,5,14,0,47,226,7,280,0,52,230,12,294,276,0,276,570
06/29/2021,MRI,AK,AAL,WE,Towers with Radar,0,2,5,1,8,0,79,325,6,410,0,81,330,7,418,263,0,263,681
06/30/2021,MRI,AK,AAL,WE,Towers with Radar,0,2,0,2,4,0,54,304,4,362,0,56,304,6,366,349,0,349,715
07/01/2021,MRI,AK,AAL,WE,Towers with Radar,0,2,3,3,8,0,53,300,2,355,0,55,303,5,363,459,0,459,822
07/02/2021,MRI,AK,AAL,WE,Towers with Radar,0,9,6,0,15,0,61,194,0,255,0,70,200,0,270,270,0,270,540
07/03/2021,MRI,AK,AAL,WE,Towers with Radar,0,12,23,0,35,0,47,116,0,163,0,59,139,0,198,199,0,199,397
07/04/2021,MRI,AK,AAL,WE,Towers with Radar,0,2,0,0,2,0,27,183,1,211,0,29,183,1,213,100,0,100,313
07/05/2021,MRI,AK,AAL,WE,Towers with Radar,0,6,8,0,14,0,50,204,0,254,0,56,212,0,268,188,0,188,456
07/06/2021,MRI,AK,AAL,WE,Towers with Radar,0,23,17,0,40,0,36,93,0,129,0,59,110,0,169,174,0,174,343
07/07/2021,MRI,AK,AAL,WE,Towers with Radar,0,2,9,0,11,0,53,187,0,240,0,55,196,0,251,440,0,440,691
07/08/2021,MRI,AK,AAL,WE,Towers with Radar,0,3,4,1,8,0,59,224,1,284,0,62,228,2,292,281,0,281,573
07/09/2021,MRI,AK,AAL,WE,Towers with Radar,0,7,5,0,12,0,59,165,0,224,0,66,170,0,236,279,0,279,515
07/10/2021,MRI,AK,AAL,WE,Towers with Radar,0,1,8,0,9,0,46,250,0,296,0,47,258,0,305,221,0,221,526
07/11/2021,MRI,AK,AAL,WE,Towers with Radar,0,4,5,0,9,0,42,274,0,316,0,46,279,0,325,159,0,159,484
07/12/2021,MRI,AK,AAL,WE,Towers with Radar,0,5,3,0,8,0,50,268,0,318,0,55,271,0,326,318,0,318,644
07/13/2021,MRI,AK,AAL,WE,Towers with Radar,0,3,3,0,6,0,68,277,0,345,0,71,280,0,351,390,0,390,741
07/14/2021,MRI,AK,AAL,WE,Towers with Radar,0,3,4,0,7,0,68,312,4,384,0,71,316,4,391,398,0,398,789
07/15/2021,MRI,AK,AAL,WE,Towers with Radar,0,1,4,0,5,0,60,347,0,407,0,61,351,0,412,365,0,365,777
07/16/2021,MRI,AK,AAL,WE,Towers with Radar,0,5,2,0,7,0,60,302,1,363,0,65,304,1,370,166,0,166,536
07/17/2021,MRI,AK,AAL,WE,Towers with Radar,0,4,4,0,8,0,55,317,0,372,0,59,321,0,380,251,0,251,631
07/18/2021,MRI,AK,AAL,WE,Towers with Radar,0,3,4,0,7,0,57,301,1,359,0,60,305,1,366,169,0,169,535
07/19/2021,MRI,AK,AAL,WE,Towers with Radar,0,4,5,0,9,0,59,241,0,300,0,63,246,0,309,252,0,252,561
07/20/2021,MRI,AK,AAL,WE,Towers with Radar,0,3,13,0,16,0,56,217,0,273,0,59,230,0,289,293,0,293,582
07/21/2021,MRI,AK,AAL,WE,Towers with Radar,0,10,16,0,26,0,38,106,0,144,0,48,122,0,170,97,0,97,267
07/22/2021,MRI,AK,AAL,WE,Towers with Radar,0,7,2,0,9,0,52,244,0,296,0,59,246,0,305,292,0,292,597
07/23/2021,MRI,AK,AAL,WE,Towers with Radar,0,7,7,0,14,0,64,311,0,375,0,71,318,0,389,316,0,316,705
07/24/2021,MRI,AK,AAL,WE,Towers with Radar,0,4,8,0,12,0,53,204,0,257,0,57,212,0,269,136,0,136,405
07/25/2021,MRI,AK,AAL,WE,Towers with Radar,0,3,8,0,11,0,51,241,0,292,0,54,249,0,303,126,0,126,429
07/26/2021,MRI,AK,AAL,WE,Towers with Radar,0,9,1,0,10,0,65,371,1,437,0,74,372,1,447,347,0,347,794
07/27/2021,MRI,AK,AAL,WE,Towers with Radar,0,7,2,0,9,0,72,311,0,383,0,79,313,0,392,161,0,161,553
07/28/2021,MRI,AK,AAL,WE,Towers with Radar,0,8,10,0,18,0,58,211,0,269,0,66,221,0,287,389,0,389,676
07/29/2021,MRI,AK,AAL,WE,Towers with Radar,0,25,19,0,44,0,29,96,0,125,0,54,115,0,169,96,0,96,265
07/30/2021,MRI,AK,AAL,WE,Towers with Radar,0,5,7,0,12,0,55,168,0,223,0,60,175,0,235,213,0,213,448
07/31/2021,MRI,AK,AAL,WE,Towers with Radar,0,2,7,0,9,0,55,332,0,387,0,57,339,0,396,256,0,256,652
08/01/2021,MRI,AK,AAL,WE,Towers with Radar,0,1,0,0,1,0,42,317,1,360,0,43,317,1,361,116,0,116,477
08/02/2021,MRI,AK,AAL,WE,Towers with Radar,0,3,2,0,5,0,64,316,0,380,0,67,318,0,385,243,0,243,628
08/03/2021,MRI,AK,AAL,WE,Towers with Radar,0,2,2,0,4,0,84,323,0,407,0,86,325,0,411,255,0,255,666
08/04/2021,MRI,AK,AAL,WE,Towers with Radar,0,3,8,0,11,0,63,309,0,372,0,66,317,0,383,323,0,323,706
08/05/2021,MRI,AK,AAL,WE,Towers with Radar,0,5,6,0,11,0,64,257,0,321,0,69,263,0,332,285,0,285,617
08/06/2021,MRI,AK,AAL,WE,Towers with Radar,0,17,15,0,32,0,70,172,0,242,0,87,187,0,274,199,0,199,473
08/07/2021,MRI,AK,AAL,WE,Towers with Radar,0,2,8,0,10,0,59,195,0,254,0,61,203,0,264,226,0,226,490
08/08/2021,MRI,AK,AAL,WE,Towers with Radar,0,17,18,0,35,0,24,45,0,69,0,41,63,0,104,0,0,0,104
08/09/2021,MRI,AK,AAL,WE,Towers with Radar,0,4,0,0,4,0,71,226,0,297,0,75,226,0,301,286,0,286,587
08/10/2021,MRI,AK,AAL,WE,Towers with Radar,0,11,22,0,33,0,53,159,0,212,0,64,181,0,245,210,0,210,455
08/11/2021,MRI,AK,AAL,WE,Towers with Radar,0,9,2,0,11,0,56,203,0,259,0,65,205,0,270,130,0,130,400
08/12/2021,MRI,AK,AAL,WE,Towers with Radar,0,3,11,0,14,0,38,101,0,139,0,41,112,0,153,277,0,277,430
08/13/2021,MRI,AK,AAL,WE,Towers with Radar,0,6,7,0,13,0,52,238,0,290,0,58,245,0,303,238,0,238,541
08/14/2021,MRI,AK,AAL,WE,Towers with Radar,0,5,2,0,7,0,55,240,0,295,0,60,242,0,302,232,0,232,534
08/15/2021,MRI,AK,AAL,WE,Towers with Radar,0,4,1,0,5,0,47,288,0,335,0,51,289,0,340,137,0,137,477
08/16/2021,MRI,AK,AAL,WE,Towers with Radar,0,5,4,0,9,0,50,230,0,280,0,55,234,0,289,135,0,135,424
08/17/2021,MRI,AK,AAL,WE,Towers with Radar,0,3,4,0,7,0,62,209,0,271,0,65,213,0,278,247,0,247,525
08/18/2021,MRI,AK,AAL,WE,Towers with Radar,0,4,4,0,8,0,41,222,0,263,0,45,226,0,271,312,0,312,583
08/19/2021,MRI,AK,AAL,WE,Towers with Radar,0,2,7,0,9,0,49,257,0,306,0,51,264,0,315,261,0,261,576
08/20/2021,MRI,AK,AAL,WE,Towers with Radar,0,6,7,0,13,0,65,137,0,202,0,71,144,0,215,106,0,106,321
08/21/2021,MRI,AK,AAL,WE,Towers with Radar,0,5,5,0,10,0,75,371,0,446,0,80,376,0,456,221,0,221,677
08/22/2021,MRI,AK,AAL,WE,Towers with Radar,0,6,5,0,11,0,39,211,0,250,0,45,216,0,261,199,0,199,460
08/23/2021,MRI,AK,AAL,WE,Towers with Radar,0,6,7,0,13,0,35,142,0,177,0,41,149,0,190,336,0,336,526
08/24/2021,MRI,AK,AAL,WE,Towers with Radar,0,3,11,0,14,0,63,200,2,265,0,66,211,2,279,323,8,331,610
08/25/2021,MRI,AK,AAL,WE,Towers with Radar,0,6,9,0,15,0,35,160,2,197,0,41,169,2,212,255,0,255,467
08/26/2021,MRI,AK,AAL,WE,Towers with Radar,0,4,3,0,7,0,59,222,0,281,0,63,225,0,288,226,0,226,514
08/27/2021,MRI,AK,AAL,WE,Towers with Radar,0,8,4,0,12,0,49,83,0,132,0,57,87,0,144,115,0,115,259
08/28/2021,MRI,AK,AAL,WE,Towers with Radar,0,2,3,0,5,0,55,369,0,424,0,57,372,0,429,148,0,148,577
08/29/2021,MRI,AK,AAL,WE,Towers with Radar,0,0,1,0,1,0,38,311,0,349,0,38,312,0,350,146,0,146,496
08/30/2021,MRI,AK,AAL,WE,Towers with Radar,0,4,5,0,9,0,66,323,0,389,0,70,328,0,398,310,0,310,708
08/31/2021,MRI,AK,AAL,WE,Towers with Radar,0,2,5,0,7,0,63,294,0,357,0,65,299,0,364,189,0,189,553
09/01/2021,MRI,AK,AAL,WE,Towers with Radar,0,4,5,0,9,0,40,203,0,243,0,44,208,0,252,208,0,208,460
09/02/2021,MRI,AK,AAL,WE,Towers with Radar,0,20,14,0,34,0,27,76,0,103,0,47,90,0,137,32,0,32,169
09/03/2021,MRI,AK,AAL,WE,Towers with Radar,0,5,9,1,15,0,50,188,0,238,0,55,197,1,253,178,0,178,431
09/04/2021,MRI,AK,AAL,WE,Towers with Radar,0,21,19,0,40,0,30,69,0,99,0,51,88,0,139,166,0,166,305
09/05/2021,MRI,AK,AAL,WE,Towers with Radar,0,3,7,0,10,0,37,105,0,142,0,40,112,0,152,265,0,265,417
09/06/2021,MRI,AK,AAL,WE,Towers with Radar,0,5,11,0,16,0,51,265,0,316,0,56,276,0,332,194,0,194,526
09/07/2021,MRI,AK,AAL,WE,Towers with Radar,0,9,3,0,12,0,71,276,0,347,0,80,279,0,359,195,0,195,554
09/08/2021,MRI,AK,AAL,WE,Towers with Radar,0,4,7,0,11,0,39,181,0,220,0,43,188,0,231,326,0,326,557
09/09/2021,MRI,AK,AAL,WE,Towers with Radar,0,8,7,0,15,0,52,251,0,303,0,60,258,0,318,225,0,225,543
09/10/2021,MRI,AK,AAL,WE,Towers with Radar,0,9,3,0,12,0,57,175,0,232,0,66,178,0,244,170,0,170,414
09/11/2021,MRI,AK,AAL,WE,Towers with Radar,0,1,6,0,7,0,51,297,0,348,0,52,303,0,355,136,0,136,491
09/12/2021,MRI,AK,AAL,WE,Towers with Radar,0,5,1,0,6,0,23,117,0,140,0,28,118,0,146,110,0,110,256
09/13/2021,MRI,AK,AAL,WE,Towers with Radar,0,5,2,0,7,0,39,106,0,145,0,44,108,0,152,133,0,133,285
09/14/2021,MRI,AK,AAL,WE,Towers with Radar,0,3,7,0,10,0,50,259,0,309,0,53,266,0,319,193,0,193,512
09/15/2021,MRI,AK,AAL,WE,Towers with Radar,0,5,6,0,11,0,40,160,0,200,0,45,166,0,211,281,0,281,492
09/16/2021,MRI,AK,AAL,WE,Towers with Radar,0,8,8,0,16,0,44,177,0,221,0,52,185,0,237,162,0,162,399
09/17/2021,MRI,AK,AAL,WE,Towers with Radar,0,11,21,0,32,0,41,239,1,281,0,52,260,1,313,197,0,197,510
09/18/2021,MRI,AK,AAL,WE,Towers with Radar,0,1,5,0,6,0,36,308,0,344,0,37,313,0,350,244,0,244,594
09/19/2021,MRI,AK,AAL,WE,Towers with Radar,0,1,5,0,6,0,45,304,0,349,0,46,309,0,355,87,0,87,442
09/20/2021,MRI,AK,AAL,WE,Towers with Radar,0,4,5,0,9,0,68,157,0,225,0,72,162,0,234,146,0,146,380
09/21/2021,MRI,AK,AAL,WE,Towers with Radar,0,3,2,0,5,0,35,59,0,94,0,38,61,0,99,35,0,35,134
09/22/2021,MRI,AK,AAL,WE,Towers with Radar,0,4,9,1,14,0,66,325,0,391,0,70,334,1,405,212,0,212,617
09/23/2021,MRI,AK,AAL,WE,Towers with Radar,0,3,5,0,8,0,49,99,0,148,0,52,104,0,156,81,0,81,237
09/24/2021,MRI,AK,AAL,WE,Towers with Radar,0,22,15,0,37,0,18,22,0,40,0,40,37,0,77,0,0,0,77
09/25/2021,MRI,AK,AAL,WE,Towers with Radar,0,14,19,0,33,0,30,107,0,137,0,44,126,0,170,103,0,103,273
09/26/2021,MRI,AK,AAL,WE,Towers with Radar,0,2,4,0,6,0,35,302,1,338,0,37,306,1,344,157,0,157,501
09/27/2021,MRI,AK,AAL,WE,Towers with Radar,0,3,10,0,13,0,46,271,4,321,0,49,281,4,334,210,0,210,544
09/28/2021,MRI,AK,AAL,WE,Towers with Radar,0,2,2,0,4,0,42,289,1,332,0,44,291,1,336,240,0,240,576
09/29/2021,MRI,AK,AAL,WE,Towers with Radar,0,4,3,1,8,0,41,273,0,314,0,45,276,1,322,201,0,201,523
09/30/2021,MRI,AK,AAL,WE,Towers with Radar,0,2,6,0,8,0,44,256,1,301,0,46,262,1,309,163,0,163,472
10/01/2021,MRI,AK,AAL,WE,Towers with Radar,0,4,3,0,7,0,37,209,0,246,0,41,212,0,253,244,0,244,497
10/02/2021,MRI,AK,AAL,WE,Towers with Radar,0,5,3,0,8,0,14,17,0,31,0,19,20,0,39,6,0,6,45
10/03/2021,MRI,AK,AAL,WE,Towers with Radar,0,0,4,0,4,0,23,229,0,252,0,23,233,0,256,171,0,171,427
10/04/2021,MRI,AK,AAL,WE,Towers with Radar,0,4,3,0,7,0,46,269,0,315,0,50,272,0,322,207,0,207,529
10/05/2021,MRI,AK,AAL,WE,Towers with Radar,0,6,7,0,13,0,50,133,0,183,0,56,140,0,196,220,0,220,416
10/06/2021,MRI,AK,AAL,WE,Towers with Radar,0,6,1,0,7,0,23,38,0,61,0,29,39,0,68,115,0,115,183
10/07/2021,MRI,AK,AAL,WE,Towers with Radar,0,6,3,0,9,0,36,157,0,193,0,42,160,0,202,211,0,211,413
10/08/2021,MRI,AK,AAL,WE,Towers with Radar,0,10,13,0,23,0,28,60,0,88,0,38,73,0,111,172,0,172,283
10/09/2021,MRI,AK,AAL,WE,Towers with Radar,0,1,2,0,3,0,30,55,0,85,0,31,57,0,88,295,0,295,383
10/10/2021,MRI,AK,AAL,WE,Towers with Radar,0,3,4,0,7,0,19,234,0,253,0,22,238,0,260,135,0,135,395
10/11/2021,MRI,AK,AAL,WE,Towers with Radar,0,3,6,0,9,0,25,140,0,165,0,28,146,0,174,227,0,227,401
10/12/2021,MRI,AK,AAL,WE,Towers with Radar,0,4,6,0,10,0,54,250,0,304,0,58,256,0,314,206,0,206,520
10/13/2021,MRI,AK,AAL,WE,Towers with Radar,0,0,5,0,5,0,42,228,0,270,0,42,233,0,275,229,0,229,504
10/14/2021,MRI,AK,AAL,WE,Towers with Radar,0,12,10,1,23,0,6,14,0,20,0,18,24,1,43,9,0,9,52
10/15/2021,MRI,AK,AAL,WE,Towers with Radar,0,12,12,0,24,0,56,83,0,139,0,68,95,0,163,186,0,186,349
10/16/2021,MRI,AK,AAL,WE,Towers with Radar,0,1,6,0,7,0,32,107,0,139,0,33,113,0,146,158,0,158,304
10/17/2021,MRI,AK,AAL,WE,Towers with Radar,0,2,0,0,2,0,16,112,0,128,0,18,112,0,130,188,0,188,318
10/18/2021,MRI,AK,AAL,WE,Towers with Radar,0,4,7,0,11,0,49,242,0,291,0,53,249,0,302,278,0,278,580
10/19/2021,MRI,AK,AAL,WE,Towers with Radar,0,4,5,0,9,0,37,78,0,115,0,41,83,0,124,196,0,196,320
10/20/2021,MRI,AK,AAL,WE,Towers with Radar,0,4,5,0,9,0,39,161,0,200,0,43,166,0,209,241,0,241,450
10/21/2021,MRI,AK,AAL,WE,Towers with Radar,0,4,8,0,12,0,24,143,0,167,0,28,151,0,179,166,0,166,345
10/22/2021,MRI,AK,AAL,WE,Towers with Radar,0,7,3,0,10,0,31,151,0,182,0,38,154,0,192,196,0,196,388
10/23/2021,MRI,AK,AAL,WE,Towers with Radar,0,0,2,0,2,0,31,199,0,230,0,31,201,0,232,149,0,149,381
10/24/2021,MRI,AK,AAL,WE,Towers with Radar,0,4,1,0,5,0,20,233,0,253,0,24,234,0,258,194,0,194,452
10/25/2021,MRI,AK,AAL,WE,Towers with Radar,0,5,7,0,12,0,47,195,0,242,0,52,202,0,254,216,0,216,470
10/26/2021,MRI,AK,AAL,WE,Towers with Radar,0,3,9,0,12,0,62,221,0,283,0,65,230,0,295,195,0,195,490
10/27/2021,MRI,AK,AAL,WE,Towers with Radar,0,1,6,0,7,0,37,211,0,248,0,38,217,0,255,336,0,336,591
10/28/2021,MRI,AK,AAL,WE,Towers with Radar,0,7,4,0,11,0,28,50,0,78,0,35,54,0,89,192,0,192,281
10/29/2021,MRI,AK,AAL,WE,Towers with Radar,0,4,4,0,8,0,32,112,0,144,0,36,116,0,152,185,0,185,337
10/30/2021,MRI,AK,AAL,WE,Towers with Radar,0,0,0,0,0,0,8,4,0,12,0,8,4,0,12,16,0,16,28
10/31/2021,MRI,AK,AAL,WE,Towers with Radar,0,1,1,0,2,0,8,23,0,31,0,9,24,0,33,40,0,40,73
11/01/2021,MRI,AK,AAL,WE,Towers with Radar,0,4,14,0,18,0,28,53,0,81,0,32,67,0,99,114,0,114,213
11/02/2021,MRI,AK,AAL,WE,Towers with Radar,0,6,5,0,11,0,2,1,0,3,0,8,6,0,14,0,0,0,14
11/03/2021,MRI,AK,AAL,WE,Towers with Radar,0,2,3,0,5,0,46,163,0,209,0,48,166,0,214,184,0,184,398
11/04/2021,MRI,AK,AAL,WE,Towers with Radar,0,4,7,0,11,0,28,60,0,88,0,32,67,0,99,160,0,160,259
11/05/2021,MRI,AK,AAL,WE,Towers with Radar,0,13,5,0,18,0,10,9,0,19,0,23,14,0,37,55,0,55,92
11/06/2021,MRI,AK,AAL,WE,Towers with Radar,0,1,3,0,4,0,23,50,0,73,0,24,53,0,77,114,0,114,191
11/07/2021,MRI,AK,AAL,WE,Towers with Radar,0,0,3,0,3,0,14,48,0,62,0,14,51,0,65,197,0,197,262
11/08/2021,MRI,AK,AAL,WE,Towers with Radar,0,6,2,0,8,0,33,123,0,156,0,39,125,0,164,306,0,306,470
11/09/2021,MRI,AK,AAL,WE,Towers with Radar,0,19,33,0,52,0,25,94,0,119,0,44,127,0,171,97,0,97,268
11/10/2021,MRI,AK,AAL,WE,Towers with Radar,0,3,4,0,7,0,37,120,0,157,0,40,124,0,164,162,0,162,326
11/11/2021,MRI,AK,AAL,WE,Towers with Radar,0,6,5,0,11,0,2,0,0,2,0,8,5,0,13,0,0,0,13
11/12/2021,MRI,AK,AAL,WE,Towers with Radar,0,4,0,0,4,0,29,43,0,72,0,33,43,0,76,0,0,0,76
11/13/2021,MRI,AK,AAL,WE,Towers with Radar,0,1,6,0,7,0,18,151,0,169,0,19,157,0,176,190,0,190,366
11/14/2021,MRI,AK,AAL,WE,Towers with Radar,0,1,3,0,4,0,10,150,0,160,0,11,153,0,164,114,0,114,278
11/15/2021,MRI,AK,AAL,WE,Towers with Radar,0,2,13,0,15,0,4,12,0,16,0,6,25,0,31,2,0,2,33
11/16/2021,MRI,AK,AAL,WE,Towers with Radar,0,4,8,0,12,0,43,123,0,166,0,47,131,0,178,180,0,180,358
11/17/2021,MRI,AK,AAL,WE,Towers with Radar,0,3,1,0,4,0,34,88,0,122,0,37,89,0,126,90,0,90,216
11/18/2021,MRI,AK,AAL,WE,Towers with Radar,0,3,3,0,6,0,27,125,0,152,0,30,128,0,158,155,0,155,313
11/19/2021,MRI,AK,AAL,WE,Towers with Radar,0,2,1,0,3,0,27,134,0,161,0,29,135,0,164,130,0,130,294
11/20/2021,MRI,AK,AAL,WE,Towers with Radar,0,1,1,0,2,0,20,142,0,162,0,21,143,0,164,123,0,123,287
11/21/2021,MRI,AK,AAL,WE,Towers with Radar,0,0,5,0,5,0,14,107,0,121,0,14,112,0,126,219,0,219,345
11/22/2021,MRI,AK,AAL,WE,Towers with Radar,0,5,3,0,8,0,31,85,0,116,0,36,88,0,124,234,0,234,358
11/23/2021,MRI,AK,AAL,WE,Towers with Radar,0,3,6,0,9,0,45,134,0,179,0,48,140,0,188,168,0,168,356
11/24/2021,MRI,AK,AAL,WE,Towers with Radar,0,1,5,0,6,0,34,55,0,89,0,35,60,0,95,210,0,210,305
11/25/2021,MRI,AK,AAL,WE,Towers with Radar,0,2,0,0,2,0,0,0,0,0,0,2,0,0,2,0,0,0,2
11/26/2021,MRI,AK,AAL,WE,Towers with Radar,0,4,4,0,8,0,25,66,0,91,0,29,70,0,99,59,0,59,158
11/27/2021,MRI,AK,AAL,WE,Towers with Radar,0,1,3,0,4,0,10,115,0,125,0,11,118,0,129,31,0,31,160
11/28/2021,MRI,AK,AAL,WE,Towers with Radar,0,1,4,0,5,0,18,39,0,57,0,19,43,0,62,180,0,180,242
11/29/2021,MRI,AK,AAL,WE,Towers with Radar,0,6,4,0,10,0,24,57,0,81,0,30,61,0,91,84,0,84,175
11/30/2021,MRI,AK,AAL,WE,Towers with Radar,0,14,12,0,26,0,4,22,0,26,0,18,34,0,52,39,0,39,91
12/01/2021,MRI,AK,AAL,WE,Towers with Radar,0,16,13,0,29,0,7,1,0,8,0,23,14,0,37,0,0,0,37
12/02/2021,MRI,AK,AAL,WE,Towers with Radar,0,7,5,0,12,0,36,136,0,172,0,43,141,0,184,129,0,129,313
12/03/2021,MRI,AK,AAL,WE,Towers with Radar,0,10,12,0,22,0,21,53,0,74,0,31,65,0,96,56,0,56,152
12/04/2021,MRI,AK,AAL,WE,Towers with Radar,0,12,15,0,27,0,7,4,0,11,0,19,19,0,38,2,0,2,40
12/05/2021,MRI,AK,AAL,WE,Towers with Radar,0,1,0,0,1,0,13,35,0,48,0,14,35,0,49,222,0,222,271
12/06/2021,MRI,AK,AAL,WE,Towers with Radar,0,1,0,0,1,0,19,29,0,48,0,20,29,0,49,184,0,184,233
12/07/2021,MRI,AK,AAL,WE,Towers with Radar,0,12,10,0,22,0,12,6,0,18,0,24,16,0,40,0,0,0,40
12/08/2021,MRI,AK,AAL,WE,Towers with Radar,0,1,4,0,5,1,26,94,0,121,1,27,98,0,126,58,0,58,184
12/09/2021,MRI,AK,AAL,WE,Towers with Radar,0,4,2,0,6,0,3,12,1,16,0,7,14,1,22,66,0,66,88
12/10/2021,MRI,AK,AAL,WE,Towers with Radar,0,5,8,0,13,0,25,74,0,99,0,30,82,0,112,156,0,156,268
12/11/2021,MRI,AK,AAL,WE,Towers with Radar,0,2,4,0,6,0,15,77,0,92,0,17,81,0,98,98,0,98,196
12/12/2021,MRI,AK,AAL,WE,Towers with Radar,0,0,3,0,3,0,17,55,1,73,0,17,58,1,76,6,0,6,82
12/13/2021,MRI,AK,AAL,WE,Towers with Radar,0,2,2,0,4,0,38,110,0,148,0,40,112,0,152,111,0,111,263
12/14/2021,MRI,AK,AAL,WE,Towers with Radar,0,4,5,0,9,0,36,144,0,180,0,40,149,0,189,153,0,153,342
12/15/2021,MRI,AK,AAL,WE,Towers with Radar,0,9,9,0,18,0,17,41,0,58,0,26,50,0,76,21,0,21,97
12/16/2021,MRI,AK,AAL,WE,Towers with Radar,0,7,3,0,10,0,12,33,0,45,0,19,36,0,55,84,0,84,139
12/17/2021,MRI,AK,AAL,WE,Towers with Radar,0,20,12,0,32,0,6,10,0,16,0,26,22,0,48,50,0,50,98
12/18/2021,MRI,AK,AAL,WE,Towers with Radar,0,11,9,0,20,0,3,6,0,9,0,14,15,0,29,4,0,4,33
12/19/2021,MRI,AK,AAL,WE,Towers with Radar,0,0,10,0,10,0,30,108,0,138,0,30,118,0,148,164,0,164,312
12/20/2021,MRI,AK,AAL,WE,Towers with Radar,0,1,10,0,11,0,2,1,0,3,0,3,11,0,14,0,0,0,14
12/21/2021,MRI,AK,AAL,WE,Towers with Radar,0,6,7,0,13,0,5,7,0,12,0,11,14,0,25,12,0,12,37
12/22/2021,MRI,AK,AAL,WE,Towers with Radar,0,7,6,0,13,0,41,66,0,107,0,48,72,0,120,111,0,111,231
12/23/2021,MRI,AK,AAL,WE,Towers with Radar,0,4,3,0,7,0,43,137,0,180,0,47,140,0,187,175,0,175,362
12/24/2021,MRI,AK,AAL,WE,Towers with Radar,0,1,1,0,2,0,18,82,0,100,0,19,83,0,102,82,0,82,184
12/25/2021,MRI,AK,AAL,WE,Towers with Radar,0,2,0,0,2,0,5,12,0,17,0,7,12,0,19,6,0,6,25
12/26/2021,MRI,AK,AAL,WE,Towers with Radar,0,0,0,0,0,0,0,0,0,0,0,0,0,0,0,0,0,0,0
12/27/2021,MRI,AK,AAL,WE,Towers with Radar,0,0,2,0,2,0,24,49,0,73,0,24,51,0,75,159,0,159,234
12/28/2021,MRI,AK,AAL,WE,Towers with Radar,0,3,4,0,7,0,27,50,0,77,0,30,54,0,84,120,0,120,204
12/29/2021,MRI,AK,AAL,WE,Towers with Radar,0,4,2,0,6,0,36,74,0,110,0,40,76,0,116,76,0,76,192
12/30/2021,MRI,AK,AAL,WE,Towers with Radar,0,2,6,0,8,0,36,113,0,149,0,38,119,0,157,141,0,141,298
12/31/2021,MRI,AK,AAL,WE,Towers with Radar,0,6,8,0,14,0,5,4,0,9,0,11,12,0,23,0,0,0,23
01/01/2022,MRI,AK,AAL,WE,Towers with Radar,0,0,0,0,0,0,0,3,0,3,0,0,3,0,3,0,0,0,3
01/02/2022,MRI,AK,AAL,WE,Towers with Radar,0,0,0,0,0,0,3,3,0,6,0,3,3,0,6,0,0,0,6
01/03/2022,MRI,AK,AAL,WE,Towers with Radar,0,0,1,0,1,0,30,52,0,82,0,30,53,0,83,91,0,91,174
01/04/2022,MRI,AK,AAL,WE,Towers with Radar,0,3,2,0,5,0,46,88,0,134,0,49,90,0,139,74,0,74,213
01/05/2022,MRI,AK,AAL,WE,Towers with Radar,0,3,5,0,8,0,32,94,0,126,0,35,99,0,134,83,0,83,217
01/06/2022,MRI,AK,AAL,WE,Towers with Radar,0,3,7,0,10,0,7,10,0,17,0,10,17,0,27,0,0,0,27
01/07/2022,MRI,AK,AAL,WE,Towers with Radar,0,3,13,0,16,0,16,32,0,48,0,19,45,0,64,17,0,17,81
01/08/2022,MRI,AK,AAL,WE,Towers with Radar,0,3,0,0,3,0,29,54,0,83,0,32,54,0,86,89,0,89,175
01/09/2022,MRI,AK,AAL,WE,Towers with Radar,0,0,0,0,0,0,10,23,0,33,0,10,23,0,33,2,0,2,35
01/10/2022,MRI,AK,AAL,WE,Towers with Radar,0,4,2,0,6,0,22,89,0,111,0,26,91,0,117,77,0,77,194
01/11/2022,MRI,AK,AAL,WE,Towers with Radar,0,12,8,0,20,0,14,32,0,46,0,26,40,0,66,42,0,42,108
01/12/2022,MRI,AK,AAL,WE,Towers with Radar,0,5,4,0,9,0,46,69,0,115,0,51,73,0,124,169,0,169,293
01/13/2022,MRI,AK,AAL,WE,Towers with Radar,0,5,5,0,10,0,17,32,0,49,0,22,37,0,59,188,0,188,247
01/14/2022,MRI,AK,AAL,WE,Towers with Radar,0,4,2,0,6,0,32,68,0,100,0,36,70,0,106,302,0,302,408
01/15/2022,MRI,AK,AAL,WE,Towers with Radar,0,6,6,0,12,0,5,15,1,21,0,11,21,1,33,108,0,108,141
01/16/2022,MRI,AK,AAL,WE,Towers with Radar,0,3,12,0,15,0,10,82,0,92,0,13,94,0,107,128,0,128,235
01/17/2022,MRI,AK,AAL,WE,Towers with Radar,0,5,10,0,15,0,16,37,0,53,0,21,47,0,68,27,0,27,95
01/18/2022,MRI,AK,AAL,WE,Towers with Radar,0,6,3,0,9,0,41,147,0,188,0,47,150,0,197,211,0,211,408
01/19/2022,MRI,AK,AAL,WE,Towers with Radar,0,9,6,0,15,0,2,0,0,2,0,11,6,0,17,0,0,0,17
01/20/2022,MRI,AK,AAL,WE,Towers with Radar,0,12,13,0,25,0,0,3,0,3,0,12,16,0,28,0,0,0,28
01/21/2022,MRI,AK,AAL,WE,Towers with Radar,0,1,3,0,4,0,13,34,0,47,0,14,37,0,51,117,0,117,168
01/22/2022,MRI,AK,AAL,WE,Towers with Radar,0,1,4,0,5,0,18,36,0,54,0,19,40,0,59,44,0,44,103
01/23/2022,MRI,AK,AAL,WE,Towers with Radar,0,3,2,0,5,0,12,45,0,57,0,15,47,0,62,53,0,53,115
01/24/2022,MRI,AK,AAL,WE,Towers with Radar,0,0,1,0,1,0,22,21,0,43,0,22,22,0,44,0,0,0,44
01/25/2022,MRI,AK,AAL,WE,Towers with Radar,0,7,4,0,11,0,16,24,0,40,0,23,28,0,51,22,0,22,73
01/26/2022,MRI,AK,AAL,WE,Towers with Radar,0,6,3,0,9,0,33,136,0,169,0,39,139,0,178,230,0,230,408
01/27/2022,MRI,AK,AAL,WE,Towers with Radar,0,4,3,0,7,0,7,17,0,24,0,11,20,0,31,50,0,50,81
01/28/2022,MRI,AK,AAL,WE,Towers with Radar,0,2,5,0,7,0,8,69,0,77,0,10,74,0,84,127,0,127,211
01/29/2022,MRI,AK,AAL,WE,Towers with Radar,0,4,3,0,7,0,33,160,0,193,0,37,163,0,200,237,0,237,437
01/30/2022,MRI,AK,AAL,WE,Towers with Radar,0,3,9,0,12,0,12,79,0,91,0,15,88,0,103,119,0,119,222
01/31/2022,MRI,AK,AAL,WE,Towers with Radar,0,3,3,0,6,0,20,86,0,106,0,23,89,0,112,189,0,189,301
02/01/2022,MRI,AK,AAL,WE,Towers with Radar,0,12,5,0,17,0,10,27,0,37,0,22,32,0,54,61,0,61,115
02/02/2022,MRI,AK,AAL,WE,Towers with Radar,0,5,2,0,7,0,29,158,1,188,0,34,160,1,195,182,2,184,379
02/03/2022,MRI,AK,AAL,WE,Towers with Radar,0,8,6,0,14,0,3,13,0,16,0,11,19,0,30,27,0,27,57
02/04/2022,MRI,AK,AAL,WE,Towers with Radar,0,7,5,0,12,0,10,20,0,30,0,17,25,0,42,111,0,111,153
02/05/2022,MRI,AK,AAL,WE,Towers with Radar,0,4,6,0,10,0,24,123,0,147,0,28,129,0,157,284,0,284,441
02/06/2022,MRI,AK,AAL,WE,Towers with Radar,0,1,0,0,1,0,9,119,0,128,0,10,119,0,129,211,0,211,340
02/07/2022,MRI,AK,AAL,WE,Towers with Radar,0,4,1,0,5,0,27,147,0,174,0,31,148,0,179,244,0,244,423
02/08/2022,MRI,AK,AAL,WE,Towers with Radar,0,5,3,0,8,0,11,19,0,30,0,16,22,0,38,36,0,36,74
02/09/2022,MRI,AK,AAL,WE,Towers with Radar,0,12,6,0,18,0,8,7,0,15,0,20,13,0,33,0,0,0,33
02/10/2022,MRI,AK,AAL,WE,Towers with Radar,0,2,1,0,3,0,35,118,0,153,0,37,119,0,156,99,0,99,255
02/11/2022,MRI,AK,AAL,WE,Towers with Radar,0,3,14,0,17,0,28,130,0,158,0,31,144,0,175,217,0,217,392
02/12/2022,MRI,AK,AAL,WE,Towers with Radar,0,7,10,0,17,0,7,8,0,15,0,14,18,0,32,0,0,0,32
02/13/2022,MRI,AK,AAL,WE,Towers with Radar,0,4,5,0,9,0,2,3,0,5,0,6,8,0,14,2,0,2,16
02/14/2022,MRI,AK,AAL,WE,Towers with Radar,0,2,10,0,12,0,0,0,0,0,0,2,10,0,12,0,0,0,12
02/15/2022,MRI,AK,AAL,WE,Towers with Radar,0,7,16,0,23,0,0,0,0,0,0,7,16,0,23,0,0,0,23
02/16/2022,MRI,AK,AAL,WE,Towers with Radar,0,7,10,0,17,0,1,3,0,4,0,8,13,0,21,0,0,0,21
02/17/2022,MRI,AK,AAL,WE,Towers with Radar,0,4,3,0,7,0,1,11,0,12,0,5,14,0,19,0,0,0,19
02/18/2022,MRI,AK,AAL,WE,Towers with Radar,0,5,4,0,9,0,16,66,0,82,0,21,70,0,91,2,0,2,93
02/19/2022,MRI,AK,AAL,WE,Towers with Radar,0,0,8,0,8,0,33,208,0,241,0,33,216,0,249,216,0,216,465
02/20/2022,MRI,AK,AAL,WE,Towers with Radar,0,2,7,0,9,0,7,72,0,79,0,9,79,0,88,140,0,140,228
02/21/2022,MRI,AK,AAL,WE,Towers with Radar,0,9,5,0,14,0,2,3,0,5,0,11,8,0,19,14,0,14,33
02/22/2022,MRI,AK,AAL,WE,Towers with Radar,0,5,5,0,10,0,21,107,0,128,0,26,112,0,138,143,0,143,281
02/23/2022,MRI,AK,AAL,WE,Towers with Radar,0,2,6,0,8,0,29,176,0,205,0,31,182,0,213,297,0,297,510
02/24/2022,MRI,AK,AAL,WE,Towers with Radar,0,5,6,0,11,0,29,76,0,105,0,34,82,0,116,175,0,175,291
02/25/2022,MRI,AK,AAL,WE,Towers with Radar,0,0,3,0,3,0,2,42,0,44,0,2,45,0,47,86,0,86,133
02/26/2022,MRI,AK,AAL,WE,Towers with Radar,0,1,5,0,6,0,31,239,0,270,0,32,244,0,276,323,0,323,599
02/27/2022,MRI,AK,AAL,WE,Towers with Radar,0,0,2,0,2,0,16,215,0,231,0,16,217,0,233,256,0,256,489
02/28/2022,MRI,AK,AAL,WE,Towers with Radar,0,5,6,0,11,0,32,168,2,202,0,37,174,2,213,332,0,332,545
03/01/2022,MRI,AK,AAL,WE,Towers with Radar,0,5,4,0,9,0,29,165,2,196,0,34,169,2,205,305,0,305,510
03/02/2022,MRI,AK,AAL,WE,Towers with Radar,0,3,1,0,4,0,38,230,0,268,0,41,231,0,272,252,0,252,524
03/03/2022,MRI,AK,AAL,WE,Towers with Radar,0,3,2,0,5,0,26,120,0,146,0,29,122,0,151,315,0,315,466
03/04/2022,MRI,AK,AAL,WE,Towers with Radar,0,3,4,0,7,0,11,20,0,31,0,14,24,0,38,10,0,10,48
03/05/2022,MRI,AK,AAL,WE,Towers with Radar,0,2,1,0,3,0,0,1,0,1,0,2,2,0,4,0,0,0,4
03/06/2022,MRI,AK,AAL,WE,Towers with Radar,0,6,2,0,8,0,43,262,0,305,0,49,264,0,313,88,0,88,401
03/07/2022,MRI,AK,AAL,WE,Towers with Radar,0,9,3,0,12,0,43,267,0,310,0,52,270,0,322,107,0,107,429
03/08/2022,MRI,AK,AAL,WE,Towers with Radar,0,6,5,0,11,0,27,229,0,256,0,33,234,0,267,292,0,292,559
03/09/2022,MRI,AK,AAL,WE,Towers with Radar,0,6,6,0,12,0,0,0,0,0,0,6,6,0,12,0,0,0,12
03/10/2022,MRI,AK,AAL,WE,Towers with Radar,0,12,8,0,20,0,10,40,0,50,0,22,48,0,70,62,0,62,132
03/11/2022,MRI,AK,AAL,WE,Towers with Radar,0,13,11,0,24,0,23,82,0,105,0,36,93,0,129,162,0,162,291
03/12/2022,MRI,AK,AAL,WE,Towers with Radar,0,0,3,0,3,0,16,180,0,196,0,16,183,0,199,376,0,376,575
03/13/2022,MRI,AK,AAL,WE,Towers with Radar,0,8,7,0,15,0,26,88,0,114,0,34,95,0,129,83,0,83,212
03/14/2022,MRI,AK,AAL,WE,Towers with Radar,0,5,6,0,11,0,36,283,0,319,0,41,289,0,330,284,0,284,614
03/15/2022,MRI,AK,AAL,WE,Towers with Radar,0,3,1,0,4,0,34,266,0,300,0,37,267,0,304,342,0,342,646
03/16/2022,MRI,AK,AAL,WE,Towers with Radar,0,8,5,0,13,0,22,154,0,176,0,30,159,0,189,408,0,408,597
03/17/2022,MRI,AK,AAL,WE,Towers with Radar,0,9,5,0,14,0,8,31,0,39,0,17,36,0,53,8,0,8,61
03/18/2022,MRI,AK,AAL,WE,Towers with Radar,0,1,4,0,5,0,34,196,0,230,0,35,200,0,235,374,0,374,609
03/19/2022,MRI,AK,AAL,WE,Towers with Radar,0,1,7,0,8,0,20,251,0,271,0,21,258,0,279,275,0,275,554
03/20/2022,MRI,AK,AAL,WE,Towers with Radar,0,1,10,0,11,0,18,241,0,259,0,19,251,0,270,282,0,282,552
03/21/2022,MRI,AK,AAL,WE,Towers with Radar,0,4,3,0,7,0,39,245,2,286,0,43,248,2,293,302,0,302,595
03/22/2022,MRI,AK,AAL,WE,Towers with Radar,0,5,3,0,8,0,34,127,0,161,0,39,130,0,169,275,0,275,444
03/23/2022,MRI,AK,AAL,WE,Towers with Radar,0,3,4,0,7,0,30,87,0,117,0,33,91,0,124,252,0,252,376
03/24/2022,MRI,AK,AAL,WE,Towers with Radar,0,4,1,0,5,0,32,96,0,128,0,36,97,0,133,328,0,328,461
03/25/2022,MRI,AK,AAL,WE,Towers with Radar,0,8,5,0,13,0,33,125,0,158,0,41,130,0,171,413,0,413,584
03/26/2022,MRI,AK,AAL,WE,Towers with Radar,0,1,4,0,5,0,25,272,0,297,0,26,276,0,302,210,0,210,512
03/27/2022,MRI,AK,AAL,WE,Towers with Radar,0,1,5,0,6,0,13,153,0,166,0,14,158,0,172,202,0,202,374
03/28/2022,MRI,AK,AAL,WE,Towers with Radar,0,6,7,0,13,0,27,134,0,161,0,33,141,0,174,366,0,366,540
03/29/2022,MRI,AK,AAL,WE,Towers with Radar,0,4,7,0,11,0,37,237,0,274,0,41,244,0,285,327,0,327,612
03/30/2022,MRI,AK,AAL,WE,Towers with Radar,0,3,2,0,5,0,36,289,0,325,0,39,291,0,330,346,0,346,676
03/31/2022,MRI,AK,AAL,WE,Towers with Radar,0,2,5,0,7,0,36,183,0,219,0,38,188,0,226,325,0,325,551
04/01/2022,MRI,AK,AAL,WE,Towers with Radar,0,1,2,0,3,0,29,163,0,192,0,30,165,0,195,289,0,289,484
04/02/2022,MRI,AK,AAL,WE,Towers with Radar,0,0,3,0,3,0,29,260,0,289,0,29,263,0,292,316,0,316,608
04/03/2022,MRI,AK,AAL,WE,Towers with Radar,0,1,4,0,5,0,19,208,0,227,0,20,212,0,232,287,0,287,519
04/04/2022,MRI,AK,AAL,WE,Towers with Radar,0,5,1,0,6,0,38,114,0,152,0,43,115,0,158,354,0,354,512
04/05/2022,MRI,AK,AAL,WE,Towers with Radar,0,5,3,0,8,0,27,47,0,74,0,32,50,0,82,73,0,73,155
04/06/2022,MRI,AK,AAL,WE,Towers with Radar,0,5,1,0,6,0,26,174,0,200,0,31,175,0,206,189,0,189,395
04/07/2022,MRI,AK,AAL,WE,Towers with Radar,0,3,7,0,10,0,32,252,0,284,0,35,259,0,294,289,0,289,583
04/08/2022,MRI,AK,AAL,WE,Towers with Radar,0,7,3,0,10,0,28,96,0,124,0,35,99,0,134,226,0,226,360
04/09/2022,MRI,AK,AAL,WE,Towers with Radar,0,0,1,0,1,0,30,286,0,316,0,30,287,0,317,336,0,336,653
04/10/2022,MRI,AK,AAL,WE,Towers with Radar,0,1,1,0,2,0,15,314,0,329,0,16,315,0,331,251,0,251,582
04/11/2022,MRI,AK,AAL,WE,Towers with Radar,0,4,6,0,10,0,43,208,0,251,0,47,214,0,261,379,0,379,640
04/12/2022,MRI,AK,AAL,WE,Towers with Radar,0,6,4,0,10,0,32,253,1,286,0,38,257,1,296,270,0,270,566
04/13/2022,MRI,AK,AAL,WE,Towers with Radar,0,2,5,0,7,0,27,205,0,232,0,29,210,0,239,299,0,299,538
04/14/2022,MRI,AK,AAL,WE,Towers with Radar,0,2,3,0,5,0,37,214,0,251,0,39,217,0,256,222,0,222,478
04/15/2022,MRI,AK,AAL,WE,Towers with Radar,0,4,4,0,8,0,24,205,0,229,0,28,209,0,237,226,0,226,463
04/16/2022,MRI,AK,AAL,WE,Towers with Radar,0,3,8,0,11,0,20,236,0,256,0,23,244,0,267,197,0,197,464
04/17/2022,MRI,AK,AAL,WE,Towers with Radar,0,0,0,0,0,0,1,146,0,147,0,1,146,0,147,133,0,133,280
04/18/2022,MRI,AK,AAL,WE,Towers with Radar,0,4,4,0,8,0,47,237,0,284,0,51,241,0,292,182,0,182,474
04/19/2022,MRI,AK,AAL,WE,Towers with Radar,0,2,6,0,8,0,35,241,0,276,0,37,247,0,284,334,0,334,618
04/20/2022,MRI,AK,AAL,WE,Towers with Radar,0,6,6,0,12,0,36,191,0,227,0,42,197,0,239,366,0,366,605
04/21/2022,MRI,AK,AAL,WE,Towers with Radar,0,5,4,0,9,0,31,184,1,216,0,36,188,1,225,368,0,368,593
04/22/2022,MRI,AK,AAL,WE,Towers with Radar,0,4,2,0,6,0,36,165,0,201,0,40,167,0,207,329,0,329,536
04/23/2022,MRI,AK,AAL,WE,Towers with Radar,0,3,2,0,5,0,29,214,0,243,0,32,216,0,248,225,0,225,473
04/24/2022,MRI,AK,AAL,WE,Towers with Radar,0,1,6,0,7,0,19,261,0,280,0,20,267,0,287,266,0,266,553
04/25/2022,MRI,AK,AAL,WE,Towers with Radar,0,4,5,0,9,0,42,212,0,254,0,46,217,0,263,364,0,364,627
04/26/2022,MRI,AK,AAL,WE,Towers with Radar,0,5,4,0,9,0,44,229,0,273,0,49,233,0,282,314,0,314,596
04/27/2022,MRI,AK,AAL,WE,Towers with Radar,0,3,4,0,7,0,41,283,0,324,0,44,287,0,331,293,0,293,624
04/28/2022,MRI,AK,AAL,WE,Towers with Radar,0,4,1,0,5,0,49,177,0,226,0,53,178,0,231,410,0,410,641
04/29/2022,MRI,AK,AAL,WE,Towers with Radar,0,5,0,0,5,0,42,255,0,297,0,47,255,0,302,190,0,190,492
04/30/2022,MRI,AK,AAL,WE,Towers with Radar,0,4,5,0,9,0,26,216,0,242,0,30,221,0,251,212,0,212,463
05/01/2022,MRI,AK,AAL,WE,Towers with Radar,0,3,5,0,8,0,25,139,0,164,0,28,144,0,172,127,0,127,299
05/02/2022,MRI,AK,AAL,WE,Towers with Radar,0,3,7,0,10,0,43,143,0,186,0,46,150,0,196,451,0,451,647
05/03/2022,MRI,AK,AAL,WE,Towers with Radar,0,4,6,0,10,0,44,270,0,314,0,48,276,0,324,330,0,330,654
05/04/2022,MRI,AK,AAL,WE,Towers with Radar,0,4,2,0,6,0,47,255,0,302,0,51,257,0,308,327,0,327,635
05/05/2022,MRI,AK,AAL,WE,Towers with Radar,0,2,6,0,8,0,49,260,1,310,0,51,266,1,318,441,0,441,759
05/06/2022,MRI,AK,AAL,WE,Towers with Radar,0,4,5,0,9,0,46,319,0,365,0,50,324,0,374,341,0,341,715
05/07/2022,MRI,AK,AAL,WE,Towers with Radar,0,1,3,0,4,0,30,311,0,341,0,31,314,0,345,209,0,209,554
05/08/2022,MRI,AK,AAL,WE,Towers with Radar,0,0,3,0,3,0,30,182,0,212,0,30,185,0,215,184,0,184,399
05/09/2022,MRI,AK,AAL,WE,Towers with Radar,0,4,5,0,9,0,57,176,0,233,0,61,181,0,242,150,0,150,392
05/10/2022,MRI,AK,AAL,WE,Towers with Radar,0,2,4,0,6,0,41,113,0,154,0,43,117,0,160,52,0,52,212
05/11/2022,MRI,AK,AAL,WE,Towers with Radar,0,2,6,0,8,0,44,337,0,381,0,46,343,0,389,377,0,377,766
05/12/2022,MRI,AK,AAL,WE,Towers with Radar,0,5,3,0,8,0,46,321,0,367,0,51,324,0,375,419,0,419,794
05/13/2022,MRI,AK,AAL,WE,Towers with Radar,0,6,4,0,10,0,46,181,0,227,0,52,185,0,237,175,0,175,412
05/14/2022,MRI,AK,AAL,WE,Towers with Radar,0,4,6,0,10,0,33,206,0,239,0,37,212,0,249,200,0,200,449
05/15/2022,MRI,AK,AAL,WE,Towers with Radar,0,3,1,0,4,0,24,298,0,322,0,27,299,0,326,237,0,237,563
05/16/2022,MRI,AK,AAL,WE,Towers with Radar,1,2,4,0,7,0,51,284,0,335,1,53,288,0,342,258,0,258,600
05/17/2022,MRI,AK,AAL,WE,Towers with Radar,1,4,10,0,15,0,61,300,1,362,1,65,310,1,377,257,0,257,634
05/18/2022,MRI,AK,AAL,WE,Towers with Radar,0,1,5,0,6,0,49,287,0,336,0,50,292,0,342,351,0,351,693
05/19/2022,MRI,AK,AAL,WE,Towers with Radar,0,3,4,0,7,0,27,198,1,226,0,30,202,1,233,147,0,147,380
05/20/2022,MRI,AK,AAL,WE,Towers with Radar,0,3,1,0,4,0,53,231,0,284,0,56,232,0,288,134,0,134,422
05/21/2022,MRI,AK,AAL,WE,Towers with Radar,0,0,11,0,11,0,61,339,0,400,0,61,350,0,411,197,0,197,608
05/22/2022,MRI,AK,AAL,WE,Towers with Radar,0,4,2,0,6,0,33,245,0,278,0,37,247,0,284,140,0,140,424
05/23/2022,MRI,AK,AAL,WE,Towers with Radar,0,5,0,0,5,0,53,202,0,255,0,58,202,0,260,209,0,209,469
05/24/2022,MRI,AK,AAL,WE,Towers with Radar,0,5,4,0,9,0,37,179,1,217,0,42,183,1,226,238,0,238,464
05/25/2022,MRI,AK,AAL,WE,Towers with Radar,0,3,0,0,3,0,53,325,0,378,0,56,325,0,381,300,0,300,681
05/26/2022,MRI,AK,AAL,WE,Towers with Radar,0,2,5,0,7,0,57,341,0,398,0,59,346,0,405,236,0,236,641
05/27/2022,MRI,AK,AAL,WE,Towers with Radar,0,2,3,0,5,0,66,288,0,354,0,68,291,0,359,300,0,300,659
05/28/2022,MRI,AK,AAL,WE,Towers with Radar,0,4,3,0,7,0,38,260,0,298,0,42,263,0,305,184,0,184,489
05/29/2022,MRI,AK,AAL,WE,Towers with Radar,0,3,3,0,6,0,30,178,0,208,0,33,181,0,214,126,0,126,340
05/30/2022,MRI,AK,AAL,WE,Towers with Radar,0,3,1,0,4,0,38,160,0,198,0,41,161,0,202,44,0,44,246
05/31/2022,MRI,AK,AAL,WE,Towers with Radar,0,5,3,0,8,0,66,303,0,369,0,71,306,0,377,196,0,196,573
06/01/2022,MRI,AK,AAL,WE,Towers with Radar,0,3,1,0,4,0,62,287,0,349,0,65,288,0,353,330,0,330,683
06/02/2022,MRI,AK,AAL,WE,Towers with Radar,0,4,3,0,7,0,63,324,0,387,0,67,327,0,394,376,0,376,770
06/03/2022,MRI,AK,AAL,WE,Towers with Radar,0,3,4,0,7,0,62,323,0,385,0,65,327,0,392,270,0,270,662
06/04/2022,MRI,AK,AAL,WE,Towers with Radar,0,1,5,0,6,0,39,265,2,306,0,40,270,2,312,179,0,179,491
06/05/2022,MRI,AK,AAL,WE,Towers with Radar,0,2,3,0,5,0,50,236,0,286,0,52,239,0,291,188,0,188,479
06/06/2022,MRI,AK,AAL,WE,Towers with Radar,0,6,7,0,13,0,75,287,0,362,0,81,294,0,375,257,0,257,632
06/07/2022,MRI,AK,AAL,WE,Towers with Radar,0,8,10,0,18,0,72,208,0,280,0,80,218,0,298,358,0,358,656
06/08/2022,MRI,AK,AAL,WE,Towers with Radar,0,1,5,0,6,0,56,319,0,375,0,57,324,0,381,346,0,346,727
06/09/2022,MRI,AK,AAL,WE,Towers with Radar,0,5,5,0,10,0,56,308,1,365,0,61,313,1,375,311,0,311,686
06/10/2022,MRI,AK,AAL,WE,Towers with Radar,0,9,3,0,12,0,48,288,0,336,0,57,291,0,348,212,0,212,560
06/11/2022,MRI,AK,AAL,WE,Towers with Radar,0,2,1,0,3,0,38,282,0,320,0,40,283,0,323,104,0,104,427
06/12/2022,MRI,AK,AAL,WE,Towers with Radar,0,3,4,0,7,0,40,270,0,310,0,43,274,0,317,199,0,199,516
06/13/2022,MRI,AK,AAL,WE,Towers with Radar,0,2,5,0,7,0,65,247,0,312,0,67,252,0,319,260,0,260,579
06/14/2022,MRI,AK,AAL,WE,Towers with Radar,0,8,7,0,15,0,62,336,0,398,0,70,343,0,413,229,0,229,642
06/15/2022,MRI,AK,AAL,WE,Towers with Radar,0,6,6,0,12,0,47,294,2,343,0,53,300,2,355,350,0,350,705
06/16/2022,MRI,AK,AAL,WE,Towers with Radar,0,4,6,0,10,0,56,332,0,388,0,60,338,0,398,316,0,316,714
06/17/2022,MRI,AK,AAL,WE,Towers with Radar,0,7,4,0,11,0,61,303,0,364,0,68,307,0,375,267,0,267,642
06/18/2022,MRI,AK,AAL,WE,Towers with Radar,0,3,6,0,9,0,46,222,0,268,0,49,228,0,277,232,0,232,509
06/19/2022,MRI,AK,AAL,WE,Towers with Radar,0,3,6,0,9,0,61,167,0,228,0,64,173,0,237,173,0,173,410
06/20/2022,MRI,AK,AAL,WE,Towers with Radar,0,7,4,0,11,0,67,340,0,407,0,74,344,0,418,289,0,289,707
06/21/2022,MRI,AK,AAL,WE,Towers with Radar,0,6,4,0,10,0,53,342,0,395,0,59,346,0,405,237,0,237,642
06/22/2022,MRI,AK,AAL,WE,Towers with Radar,0,4,6,0,10,0,56,257,0,313,0,60,263,0,323,336,0,336,659
06/23/2022,MRI,AK,AAL,WE,Towers with Radar,0,4,2,0,6,0,47,292,1,340,0,51,294,1,346,293,0,293,639
06/24/2022,MRI,AK,AAL,WE,Towers with Radar,0,6,6,0,12,0,58,240,0,298,0,64,246,0,310,225,0,225,535
06/25/2022,MRI,AK,AAL,WE,Towers with Radar,0,28,30,0,58,0,26,60,0,86,0,54,90,0,144,38,0,38,182
06/26/2022,MRI,AK,AAL,WE,Towers with Radar,0,4,15,0,19,0,30,145,0,175,0,34,160,0,194,98,0,98,292
06/27/2022,MRI,AK,AAL,WE,Towers with Radar,0,5,8,0,13,0,46,242,0,288,0,51,250,0,301,231,0,231,532
06/28/2022,MRI,AK,AAL,WE,Towers with Radar,0,6,7,0,13,0,62,329,1,392,0,68,336,1,405,427,0,427,832
06/29/2022,MRI,AK,AAL,WE,Towers with Radar,0,8,9,0,17,0,53,168,0,221,0,61,177,0,238,429,0,429,667
06/30/2022,MRI,AK,AAL,WE,Towers with Radar,0,5,2,0,7,0,53,267,0,320,0,58,269,0,327,309,0,309,636
07/01/2022,MRI,AK,AAL,WE,Towers with Radar,0,5,1,0,6,0,69,307,0,376,0,74,308,0,382,303,0,303,685
07/02/2022,MRI,AK,AAL,WE,Towers with Radar,0,3,1,0,4,0,52,232,0,284,0,55,233,0,288,217,0,217,505
07/03/2022,MRI,AK,AAL,WE,Towers with Radar,0,2,7,0,9,0,40,190,0,230,0,42,197,0,239,232,0,232,471
07/04/2022,MRI,AK,AAL,WE,Towers with Radar,0,7,1,0,8,0,39,182,0,221,0,46,183,0,229,77,0,77,306
07/05/2022,MRI,AK,AAL,WE,Towers with Radar,0,5,10,0,15,0,57,243,0,300,0,62,253,0,315,332,0,332,647
07/06/2022,MRI,AK,AAL,WE,Towers with Radar,0,4,5,1,10,0,63,276,0,339,0,67,281,1,349,266,0,266,615
07/07/2022,MRI,AK,AAL,WE,Towers with Radar,0,6,11,0,17,0,48,171,0,219,0,54,182,0,236,342,0,342,578
07/08/2022,MRI,AK,AAL,WE,Towers with Radar,0,6,4,0,10,0,63,266,0,329,0,69,270,0,339,336,0,336,675
07/09/2022,MRI,AK,AAL,WE,Towers with Radar,0,4,7,0,11,0,52,292,0,344,0,56,299,0,355,239,0,239,594
07/10/2022,MRI,AK,AAL,WE,Towers with Radar,0,1,6,0,7,0,53,210,0,263,0,54,216,0,270,247,0,247,517
07/11/2022,MRI,AK,AAL,WE,Towers with Radar,0,12,19,0,31,0,54,189,0,243,0,66,208,0,274,184,0,184,458
07/12/2022,MRI,AK,AAL,WE,Towers with Radar,0,7,15,0,22,0,58,231,0,289,0,65,246,0,311,495,0,495,806
07/13/2022,MRI,AK,AAL,WE,Towers with Radar,0,5,6,0,11,0,43,170,0,213,0,48,176,0,224,470,0,470,694
07/14/2022,MRI,AK,AAL,WE,Towers with Radar,0,11,16,0,27,0,58,146,0,204,0,69,162,0,231,141,0,141,372
07/15/2022,MRI,AK,AAL,WE,Towers with Radar,0,7,8,0,15,0,49,172,0,221,0,56,180,0,236,255,0,255,491
07/16/2022,MRI,AK,AAL,WE,Towers with Radar,0,7,23,0,30,0,17,53,0,70,0,24,76,0,100,81,0,81,181
07/17/2022,MRI,AK,AAL,WE,Towers with Radar,0,22,36,0,58,0,16,32,0,48,0,38,68,0,106,0,0,0,106
07/18/2022,MRI,AK,AAL,WE,Towers with Radar,0,6,8,0,14,0,75,225,0,300,0,81,233,0,314,265,0,265,579
07/19/2022,MRI,AK,AAL,WE,Towers with Radar,0,17,37,0,54,0,37,36,0,73,0,54,73,0,127,102,0,102,229
07/20/2022,MRI,AK,AAL,WE,Towers with Radar,0,3,7,0,10,0,56,164,0,220,0,59,171,0,230,511,0,511,741
07/21/2022,MRI,AK,AAL,WE,Towers with Radar,0,7,6,0,13,0,55,192,2,249,0,62,198,2,262,404,0,404,666
07/22/2022,MRI,AK,AAL,WE,Towers with Radar,0,4,8,0,12,0,59,176,0,235,0,63,184,0,247,191,0,191,438
07/23/2022,MRI,AK,AAL,WE,Towers with Radar,0,3,4,0,7,0,66,290,0,356,0,69,294,0,363,136,0,136,499
07/24/2022,MRI,AK,AAL,WE,Towers with Radar,0,3,1,0,4,0,44,263,0,307,0,47,264,0,311,263,0,263,574
07/25/2022,MRI,AK,AAL,WE,Towers with Radar,0,3,9,0,12,0,27,41,0,68,0,30,50,0,80,34,0,34,114
07/26/2022,MRI,AK,AAL,WE,Towers with Radar,0,6,9,0,15,0,70,247,0,317,0,76,256,0,332,335,0,335,667
07/27/2022,MRI,AK,AAL,WE,Towers with Radar,0,4,2,0,6,0,67,304,0,371,0,71,306,0,377,429,0,429,806
07/28/2022,MRI,AK,AAL,WE,Towers with Radar,0,3,4,0,7,0,69,268,0,337,0,72,272,0,344,299,0,299,643
07/29/2022,MRI,AK,AAL,WE,Towers with Radar,0,5,1,0,6,0,59,210,1,270,0,64,211,1,276,163,0,163,439
07/30/2022,MRI,AK,AAL,WE,Towers with Radar,0,2,6,0,8,0,43,133,0,176,0,45,139,0,184,104,0,104,288
07/31/2022,MRI,AK,AAL,WE,Towers with Radar,0,3,9,0,12,0,42,130,0,172,0,45,139,0,184,195,0,195,379
08/01/2022,MRI,AK,AAL,WE,Towers with Radar,0,5,13,0,18,0,46,116,0,162,0,51,129,0,180,379,0,379,559
08/02/2022,MRI,AK,AAL,WE,Towers with Radar,0,5,6,0,11,0,61,249,0,310,0,66,255,0,321,473,0,473,794
08/03/2022,MRI,AK,AAL,WE,Towers with Radar,0,1,5,0,6,0,51,261,0,312,0,52,266,0,318,126,0,126,444
08/04/2022,MRI,AK,AAL,WE,Towers with Radar,0,2,5,0,7,0,55,279,0,334,0,57,284,0,341,392,0,392,733
08/05/2022,MRI,AK,AAL,WE,Towers with Radar,0,15,24,0,39,0,41,83,0,124,0,56,107,0,163,55,0,55,218
08/06/2022,MRI,AK,AAL,WE,Towers with Radar,0,0,7,0,7,0,59,235,0,294,0,59,242,0,301,139,0,139,440
08/07/2022,MRI,AK,AAL,WE,Towers with Radar,0,3,5,0,8,0,39,115,0,154,0,42,120,0,162,75,0,75,237
08/08/2022,MRI,AK,AAL,WE,Towers with Radar,0,8,13,0,21,0,44,57,0,101,0,52,70,0,122,30,0,30,152
08/09/2022,MRI,AK,AAL,WE,Towers with Radar,0,9,7,0,16,0,60,211,0,271,0,69,218,0,287,374,0,374,661
08/10/2022,MRI,AK,AAL,WE,Towers with Radar,0,8,28,0,36,0,56,356,0,412,0,64,384,0,448,171,0,171,619
08/11/2022,MRI,AK,AAL,WE,Towers with Radar,0,6,10,0,16,0,57,271,0,328,0,63,281,0,344,264,0,264,608
08/12/2022,MRI,AK,AAL,WE,Towers with Radar,0,14,47,0,61,0,37,82,0,119,0,51,129,0,180,59,0,59,239
08/13/2022,MRI,AK,AAL,WE,Towers with Radar,0,11,41,0,52,0,17,35,0,52,0,28,76,0,104,44,0,44,148
08/14/2022,MRI,AK,AAL,WE,Towers with Radar,0,4,8,0,12,0,56,153,0,209,0,60,161,0,221,302,0,302,523
08/15/2022,MRI,AK,AAL,WE,Towers with Radar,0,6,6,0,12,1,73,275,0,349,1,79,281,0,361,419,0,419,780
08/16/2022,MRI,AK,AAL,WE,Towers with Radar,0,8,8,0,16,0,63,202,1,266,0,71,210,1,282,293,0,293,575
08/17/2022,MRI,AK,AAL,WE,Towers with Radar,0,9,9,0,18,0,38,81,0,119,0,47,90,0,137,294,0,294,431
08/18/2022,MRI,AK,AAL,WE,Towers with Radar,0,5,5,0,10,0,54,190,0,244,0,59,195,0,254,234,0,234,488
08/19/2022,MRI,AK,AAL,WE,Towers with Radar,0,17,25,0,42,0,29,71,0,100,0,46,96,0,142,159,0,159,301
08/20/2022,MRI,AK,AAL,WE,Towers with Radar,0,8,8,0,16,0,53,165,2,220,0,61,173,2,236,210,0,210,446
08/21/2022,MRI,AK,AAL,WE,Towers with Radar,0,5,8,0,13,0,41,199,0,240,0,46,207,0,253,233,0,233,486
08/22/2022,MRI,AK,AAL,WE,Towers with Radar,0,11,8,0,19,0,64,200,0,264,0,75,208,0,283,224,0,224,507
08/23/2022,MRI,AK,AAL,WE,Towers with Radar,0,8,3,0,11,0,62,298,0,360,0,70,301,0,371,370,0,370,741
08/24/2022,MRI,AK,AAL,WE,Towers with Radar,0,11,12,0,23,0,62,214,0,276,0,73,226,0,299,345,0,345,644
08/25/2022,MRI,AK,AAL,WE,Towers with Radar,0,15,21,0,36,0,58,205,1,264,0,73,226,1,300,181,0,181,481
08/26/2022,MRI,AK,AAL,WE,Towers with Radar,0,6,10,0,16,0,38,112,0,150,0,44,122,0,166,229,0,229,395
08/27/2022,MRI,AK,AAL,WE,Towers with Radar,0,13,17,0,30,0,33,60,0,93,0,46,77,0,123,0,0,0,123
08/28/2022,MRI,AK,AAL,WE,Towers with Radar,0,3,5,0,8,0,47,237,0,284,0,50,242,0,292,272,0,272,564
08/29/2022,MRI,AK,AAL,WE,Towers with Radar,0,20,25,0,45,0,46,180,1,227,0,66,205,1,272,91,0,91,363
08/30/2022,MRI,AK,AAL,WE,Towers with Radar,0,7,8,0,15,0,81,338,0,419,0,88,346,0,434,439,0,439,873
08/31/2022,MRI,AK,AAL,WE,Towers with Radar,0,10,8,0,18,0,34,130,0,164,0,44,138,0,182,223,0,223,405
09/01/2022,MRI,AK,AAL,WE,Towers with Radar,0,12,9,0,21,0,42,120,0,162,0,54,129,0,183,145,0,145,328
09/02/2022,MRI,AK,AAL,WE,Towers with Radar,0,14,11,0,25,0,47,293,0,340,0,61,304,0,365,88,0,88,453
09/03/2022,MRI,AK,AAL,WE,Towers with Radar,0,5,5,0,10,0,45,153,0,198,0,50,158,0,208,180,0,180,388
09/04/2022,MRI,AK,AAL,WE,Towers with Radar,0,3,5,0,8,0,47,227,0,274,0,50,232,0,282,161,0,161,443
09/05/2022,MRI,AK,AAL,WE,Towers with Radar,0,3,5,0,8,0,52,319,0,371,0,55,324,0,379,269,0,269,648
09/06/2022,MRI,AK,AAL,WE,Towers with Radar,0,12,14,0,26,0,51,166,0,217,0,63,180,0,243,325,0,325,568
09/07/2022,MRI,AK,AAL,WE,Towers with Radar,0,5,5,0,10,0,47,207,0,254,0,52,212,0,264,219,0,219,483
09/08/2022,MRI,AK,AAL,WE,Towers with Radar,0,10,13,0,23,0,22,69,0,91,0,32,82,0,114,137,0,137,251
09/09/2022,MRI,AK,AAL,WE,Towers with Radar,0,7,5,0,12,0,81,159,0,240,0,88,164,0,252,154,0,154,406
09/10/2022,MRI,AK,AAL,WE,Towers with Radar,0,9,3,0,12,0,58,319,0,377,0,67,322,0,389,195,0,195,584
09/11/2022,MRI,AK,AAL,WE,Towers with Radar,0,4,4,0,8,0,31,106,0,137,0,35,110,0,145,149,0,149,294
09/12/2022,MRI,AK,AAL,WE,Towers with Radar,0,6,10,0,16,0,36,193,0,229,0,42,203,0,245,212,0,212,457
09/13/2022,MRI,AK,AAL,WE,Towers with Radar,0,7,7,0,14,0,55,201,0,256,0,62,208,0,270,416,0,416,686
09/14/2022,MRI,AK,AAL,WE,Towers with Radar,0,7,15,0,22,0,48,339,0,387,0,55,354,0,409,235,0,235,644
09/15/2022,MRI,AK,AAL,WE,Towers with Radar,0,9,7,0,16,0,49,185,0,234,0,58,192,0,250,248,0,248,498
09/16/2022,MRI,AK,AAL,WE,Towers with Radar,0,9,6,0,15,0,68,251,0,319,0,77,257,0,334,179,0,179,513
09/17/2022,MRI,AK,AAL,WE,Towers with Radar,0,1,0,0,1,0,47,85,0,132,0,48,85,0,133,23,0,23,156
09/18/2022,MRI,AK,AAL,WE,Towers with Radar,0,3,0,0,3,0,31,187,0,218,0,34,187,0,221,104,0,104,325
09/19/2022,MRI,AK,AAL,WE,Towers with Radar,0,9,3,0,12,0,45,97,0,142,0,54,100,0,154,183,0,183,337
09/20/2022,MRI,AK,AAL,WE,Towers with Radar,0,20,13,0,33,0,64,143,0,207,0,84,156,0,240,272,0,272,512
09/21/2022,MRI,AK,AAL,WE,Towers with Radar,0,10,5,0,15,1,69,250,2,322,1,79,255,2,337,575,0,575,912
09/22/2022,MRI,AK,AAL,WE,Towers with Radar,0,8,3,0,11,0,62,219,0,281,0,70,222,0,292,387,0,387,679
09/23/2022,MRI,AK,AAL,WE,Towers with Radar,0,12,8,0,20,0,60,203,0,263,0,72,211,0,283,461,0,461,744
09/24/2022,MRI,AK,AAL,WE,Towers with Radar,0,3,7,0,10,0,47,275,0,322,0,50,282,0,332,255,0,255,587
09/25/2022,MRI,AK,AAL,WE,Towers with Radar,0,3,4,0,7,0,35,206,0,241,0,38,210,0,248,139,0,139,387
09/26/2022,MRI,AK,AAL,WE,Towers with Radar,0,7,4,0,11,0,61,261,0,322,0,68,265,0,333,423,0,423,756
09/27/2022,MRI,AK,AAL,WE,Towers with Radar,0,3,3,0,6,0,59,294,0,353,0,62,297,0,359,498,0,498,857
09/28/2022,MRI,AK,AAL,WE,Towers with Radar,0,6,6,0,12,0,36,142,0,178,0,42,148,0,190,323,0,323,513
09/29/2022,MRI,AK,AAL,WE,Towers with Radar,0,4,11,0,15,0,41,136,3,180,0,45,147,3,195,276,12,288,483
09/30/2022,MRI,AK,AAL,WE,Towers with Radar,0,13,6,0,19,0,54,169,0,223,0,67,175,0,242,210,0,210,452
10/01/2022,MRI,AK,AAL,WE,Towers with Radar,0,8,6,0,14,0,39,212,0,251,0,47,218,0,265,281,0,281,546
10/02/2022,MRI,AK,AAL,WE,Towers with Radar,0,5,8,0,13,0,14,91,0,105,0,19,99,0,118,267,0,267,385
10/03/2022,MRI,AK,AAL,WE,Towers with Radar,0,10,7,0,17,0,70,182,0,252,0,80,189,0,269,203,0,203,472
10/04/2022,MRI,AK,AAL,WE,Towers with Radar,0,5,4,0,9,0,53,241,0,294,0,58,245,0,303,383,0,383,686
10/05/2022,MRI,AK,AAL,WE,Towers with Radar,0,5,6,0,11,0,50,231,0,281,0,55,237,0,292,323,0,323,615
10/06/2022,MRI,AK,AAL,WE,Towers with Radar,0,2,3,0,5,0,53,218,1,272,0,55,221,1,277,41,0,41,318
10/07/2022,MRI,AK,AAL,WE,Towers with Radar,0,4,2,0,6,0,54,184,0,238,0,58,186,0,244,342,0,342,586
10/08/2022,MRI,AK,AAL,WE,Towers with Radar,0,0,2,0,2,0,24,19,0,43,0,24,21,0,45,2,0,2,47
10/09/2022,MRI,AK,AAL,WE,Towers with Radar,0,4,10,0,14,0,30,76,0,106,0,34,86,0,120,138,0,138,258
10/10/2022,MRI,AK,AAL,WE,Towers with Radar,0,10,4,0,14,0,36,124,0,160,0,46,128,0,174,172,0,172,346
10/11/2022,MRI,AK,AAL,WE,Towers with Radar,0,4,6,0,10,0,61,226,1,288,0,65,232,1,298,263,0,263,561
10/12/2022,MRI,AK,AAL,WE,Towers with Radar,0,1,2,0,3,0,34,114,0,148,0,35,116,0,151,227,0,227,378
10/13/2022,MRI,AK,AAL,WE,Towers with Radar,0,5,1,1,7,0,65,360,0,425,0,70,361,1,432,303,0,303,735
10/14/2022,MRI,AK,AAL,WE,Towers with Radar,0,3,8,0,11,0,44,252,0,296,0,47,260,0,307,230,0,230,537
10/15/2022,MRI,AK,AAL,WE,Towers with Radar,0,2,7,0,9,0,21,109,0,130,0,23,116,0,139,169,0,169,308
10/16/2022,MRI,AK,AAL,WE,Towers with Radar,0,4,6,0,10,0,12,69,0,81,0,16,75,0,91,170,0,170,261
10/17/2022,MRI,AK,AAL,WE,Towers with Radar,0,6,10,0,16,0,61,145,0,206,0,67,155,0,222,372,0,372,594
10/18/2022,MRI,AK,AAL,WE,Towers with Radar,0,7,3,0,10,0,58,191,0,249,0,65,194,0,259,500,0,500,759
10/19/2022,MRI,AK,AAL,WE,Towers with Radar,0,4,8,0,12,0,52,215,0,267,0,56,223,0,279,261,0,261,540
10/20/2022,MRI,AK,AAL,WE,Towers with Radar,0,9,8,1,18,0,26,81,0,107,0,35,89,1,125,191,0,191,316
10/21/2022,MRI,AK,AAL,WE,Towers with Radar,0,10,11,0,21,0,27,119,0,146,0,37,130,0,167,134,0,134,301
10/22/2022,MRI,AK,AAL,WE,Towers with Radar,0,4,6,0,10,0,48,236,0,284,0,52,242,0,294,248,0,248,542
10/23/2022,MRI,AK,AAL,WE,Towers with Radar,0,9,6,0,15,0,41,231,1,273,0,50,237,1,288,295,0,295,583
10/24/2022,MRI,AK,AAL,WE,Towers with Radar,0,4,6,0,10,0,64,266,0,330,0,68,272,0,340,295,0,295,635
10/25/2022,MRI,AK,AAL,WE,Towers with Radar,0,2,5,0,7,0,17,103,0,120,0,19,108,0,127,144,0,144,271
10/26/2022,MRI,AK,AAL,WE,Towers with Radar,0,0,3,0,3,0,19,116,0,135,0,19,119,0,138,214,0,214,352
10/27/2022,MRI,AK,AAL,WE,Towers with Radar,0,7,1,0,8,0,49,192,0,241,0,56,193,0,249,289,0,289,538
10/28/2022,MRI,AK,AAL,WE,Towers with Radar,0,4,1,0,5,0,39,185,0,224,0,43,186,0,229,266,0,266,495
10/29/2022,MRI,AK,AAL,WE,Towers with Radar,0,2,1,0,3,0,12,143,0,155,0,14,144,0,158,246,0,246,404
10/30/2022,MRI,AK,AAL,WE,Towers with Radar,0,1,5,0,6,0,21,148,0,169,0,22,153,0,175,228,0,228,403
10/31/2022,MRI,AK,AAL,WE,Towers with Radar,0,3,6,0,9,0,47,122,0,169,0,50,128,0,178,330,0,330,508
11/01/2022,MRI,AK,AAL,WE,Towers with Radar,0,3,2,0,5,0,38,205,0,243,0,41,207,0,248,303,0,303,551
11/02/2022,MRI,AK,AAL,WE,Towers with Radar,0,7,11,0,18,0,7,7,0,14,0,14,18,0,32,72,0,72,104
11/03/2022,MRI,AK,AAL,WE,Towers with Radar,0,12,11,0,23,0,29,36,0,65,0,41,47,0,88,20,0,20,108
11/04/2022,MRI,AK,AAL,WE,Towers with Radar,0,6,1,0,7,0,28,147,0,175,0,34,148,0,182,135,0,135,317
11/05/2022,MRI,AK,AAL,WE,Towers with Radar,0,1,0,0,1,0,11,42,0,53,0,12,42,0,54,32,0,32,86
11/06/2022,MRI,AK,AAL,WE,Towers with Radar,0,2,4,0,6,0,22,165,0,187,0,24,169,0,193,189,0,189,382
11/07/2022,MRI,AK,AAL,WE,Towers with Radar,0,0,8,0,8,0,26,79,0,105,0,26,87,0,113,167,0,167,280
11/08/2022,MRI,AK,AAL,WE,Towers with Radar,0,7,4,0,11,0,36,135,0,171,0,43,139,0,182,380,0,380,562
11/09/2022,MRI,AK,AAL,WE,Towers with Radar,0,3,2,0,5,0,18,117,0,135,0,21,119,0,140,301,0,301,441
11/10/2022,MRI,AK,AAL,WE,Towers with Radar,0,6,10,0,16,0,10,16,0,26,0,16,26,0,42,30,0,30,72
11/11/2022,MRI,AK,AAL,WE,Towers with Radar,0,4,4,0,8,0,41,64,0,105,0,45,68,0,113,179,0,179,292
11/12/2022,MRI,AK,AAL,WE,Towers with Radar,0,6,4,0,10,0,20,117,0,137,0,26,121,0,147,288,0,288,435
11/13/2022,MRI,AK,AAL,WE,Towers with Radar,0,5,3,0,8,0,3,23,0,26,0,8,26,0,34,156,0,156,190
11/14/2022,MRI,AK,AAL,WE,Towers with Radar,0,3,1,1,5,0,56,174,0,230,0,59,175,1,235,163,0,163,398
11/15/2022,MRI,AK,AAL,WE,Towers with Radar,0,3,3,0,6,0,46,131,0,177,0,49,134,0,183,298,0,298,481
11/16/2022,MRI,AK,AAL,WE,Towers with Radar,0,1,3,0,4,0,30,146,0,176,0,31,149,0,180,224,0,224,404
11/17/2022,MRI,AK,AAL,WE,Towers with Radar,0,2,3,0,5,0,35,164,0,199,0,37,167,0,204,250,0,250,454
11/18/2022,MRI,AK,AAL,WE,Towers with Radar,0,1,1,0,2,0,29,185,0,214,0,30,186,0,216,256,0,256,472
11/19/2022,MRI,AK,AAL,WE,Towers with Radar,0,3,1,0,4,0,26,147,0,173,0,29,148,0,177,223,0,223,400
11/20/2022,MRI,AK,AAL,WE,Towers with Radar,0,0,2,0,2,0,8,29,0,37,0,8,31,0,39,37,0,37,76
11/21/2022,MRI,AK,AAL,WE,Towers with Radar,0,4,4,0,8,0,30,74,0,104,0,34,78,0,112,194,0,194,306
11/22/2022,MRI,AK,AAL,WE,Towers with Radar,0,14,12,0,26,0,10,50,0,60,0,24,62,0,86,100,0,100,186
11/23/2022,MRI,AK,AAL,WE,Towers with Radar,0,14,9,0,23,0,21,39,0,60,0,35,48,0,83,102,0,102,185
11/24/2022,MRI,AK,AAL,WE,Towers with Radar,0,1,0,0,1,0,3,47,0,50,0,4,47,0,51,120,0,120,171
11/25/2022,MRI,AK,AAL,WE,Towers with Radar,0,5,5,0,10,0,12,53,0,65,0,17,58,0,75,203,0,203,278
11/26/2022,MRI,AK,AAL,WE,Towers with Radar,0,4,2,0,6,0,21,173,0,194,0,25,175,0,200,184,0,184,384
11/27/2022,MRI,AK,AAL,WE,Towers with Radar,0,4,2,0,6,0,20,112,0,132,0,24,114,0,138,95,0,95,233
11/28/2022,MRI,AK,AAL,WE,Towers with Radar,0,3,5,0,8,0,31,127,0,158,0,34,132,0,166,155,0,155,321
11/29/2022,MRI,AK,AAL,WE,Towers with Radar,0,5,3,0,8,0,41,140,0,181,0,46,143,0,189,190,0,190,379
11/30/2022,MRI,AK,AAL,WE,Towers with Radar,0,5,1,0,6,0,44,52,0,96,0,49,53,0,102,286,0,286,388
12/01/2022,MRI,AK,AAL,WE,Towers with Radar,0,2,6,0,8,0,37,135,0,172,0,39,141,0,180,157,0,157,337
12/02/2022,MRI,AK,AAL,WE,Towers with Radar,0,3,7,0,10,0,40,174,0,214,0,43,181,0,224,153,0,153,377
12/03/2022,MRI,AK,AAL,WE,Towers with Radar,0,2,3,0,5,0,30,133,0,163,0,32,136,0,168,126,0,126,294
12/04/2022,MRI,AK,AAL,WE,Towers with Radar,0,0,4,0,4,0,16,79,0,95,0,16,83,0,99,120,0,120,219
12/05/2022,MRI,AK,AAL,WE,Towers with Radar,0,3,13,0,16,0,2,1,0,3,0,5,14,0,19,0,0,0,19
12/06/2022,MRI,AK,AAL,WE,Towers with Radar,0,6,9,0,15,0,5,4,0,9,0,11,13,0,24,14,0,14,38
12/07/2022,MRI,AK,AAL,WE,Towers with Radar,0,3,1,0,4,0,11,8,0,19,0,14,9,0,23,0,0,0,23
12/08/2022,MRI,AK,AAL,WE,Towers with Radar,0,2,0,0,2,0,49,95,0,144,0,51,95,0,146,10,0,10,156
12/09/2022,MRI,AK,AAL,WE,Towers with Radar,0,1,4,1,6,0,29,111,0,140,0,30,115,1,146,206,0,206,352
12/10/2022,MRI,AK,AAL,WE,Towers with Radar,0,0,6,0,6,0,19,78,0,97,0,19,84,0,103,242,0,242,345
12/11/2022,MRI,AK,AAL,WE,Towers with Radar,0,0,0,0,0,0,0,0,0,0,0,0,0,0,0,6,0,6,6
12/12/2022,MRI,AK,AAL,WE,Towers with Radar,0,1,2,0,3,0,14,12,0,26,0,15,14,0,29,0,0,0,29
12/13/2022,MRI,AK,AAL,WE,Towers with Radar,0,8,6,0,14,0,6,7,0,13,0,14,13,0,27,2,0,2,29
12/14/2022,MRI,AK,AAL,WE,Towers with Radar,0,6,6,0,12,0,2,2,0,4,0,8,8,0,16,0,0,0,16
12/15/2022,MRI,AK,AAL,WE,Towers with Radar,0,6,6,0,12,0,18,28,0,46,0,24,34,0,58,7,0,7,65
12/16/2022,MRI,AK,AAL,WE,Towers with Radar,0,1,0,0,1,0,37,78,0,115,0,38,78,0,116,112,0,112,228
12/17/2022,MRI,AK,AAL,WE,Towers with Radar,0,1,6,0,7,0,0,0,0,0,0,1,6,0,7,0,0,0,7
12/18/2022,MRI,AK,AAL,WE,Towers with Radar,0,4,1,0,5,0,27,69,0,96,0,31,70,0,101,91,0,91,192
12/19/2022,MRI,AK,AAL,WE,Towers with Radar,0,2,4,0,6,0,26,44,0,70,0,28,48,0,76,28,0,28,104
12/20/2022,MRI,AK,AAL,WE,Towers with Radar,0,3,7,0,10,0,27,45,0,72,0,30,52,0,82,16,0,16,98
12/21/2022,MRI,AK,AAL,WE,Towers with Radar,0,2,1,0,3,0,49,84,0,133,0,51,85,0,136,112,0,112,248
12/22/2022,MRI,AK,AAL,WE,Towers with Radar,0,3,3,0,6,0,33,79,2,114,0,36,82,2,120,117,0,117,237
12/23/2022,MRI,AK,AAL,WE,Towers with Radar,0,3,2,0,5,0,6,9,0,15,0,9,11,0,20,6,0,6,26
12/24/2022,MRI,AK,AAL,WE,Towers with Radar,0,0,0,0,0,0,10,25,0,35,0,10,25,0,35,8,0,8,43
12/25/2022,MRI,AK,AAL,WE,Towers with Radar,0,0,0,0,0,0,0,5,0,5,0,0,5,0,5,0,0,0,5
12/26/2022,MRI,AK,AAL,WE,Towers with Radar,0,0,2,0,2,0,5,16,0,21,0,5,18,0,23,68,0,68,91
12/27/2022,MRI,AK,AAL,WE,Towers with Radar,0,6,3,0,9,0,18,51,0,69,0,24,54,0,78,62,0,62,140
12/28/2022,MRI,AK,AAL,WE,Towers with Radar,0,2,0,0,2,0,37,66,0,103,0,39,66,0,105,144,0,144,249
12/29/2022,MRI,AK,AAL,WE,Towers with Radar,0,2,2,0,4,0,32,111,0,143,0,34,113,0,147,42,0,42,189
12/30/2022,MRI,AK,AAL,WE,Towers with Radar,0,1,1,0,2,0,28,93,0,121,0,29,94,0,123,70,0,70,193
12/31/2022,MRI,AK,AAL,WE,Towers with Radar,0,0,4,0,4,0,13,70,0,83,0,13,74,0,87,54,0,54,141
01/01/2023,MRI,AK,AAL,WE,Towers with Radar,0,0,0,0,0,0,0,4,0,4,0,0,4,0,4,0,0,0,4
01/02/2023,MRI,AK,AAL,WE,Towers with Radar,0,4,5,0,9,0,25,78,0,103,0,29,83,0,112,136,0,136,248
01/03/2023,MRI,AK,AAL,WE,Towers with Radar,0,2,6,0,8,0,36,113,0,149,0,38,119,0,157,140,0,140,297
01/04/2023,MRI,AK,AAL,WE,Towers with Radar,0,2,3,0,5,0,36,81,0,117,0,38,84,0,122,237,0,237,359
01/05/2023,MRI,AK,AAL,WE,Towers with Radar,0,2,3,0,5,0,45,144,0,189,0,47,147,0,194,173,0,173,367
01/06/2023,MRI,AK,AAL,WE,Towers with Radar,0,2,4,0,6,0,17,143,0,160,0,19,147,0,166,235,0,235,401
01/07/2023,MRI,AK,AAL,WE,Towers with Radar,0,1,3,0,4,0,30,133,0,163,0,31,136,0,167,225,0,225,392
01/08/2023,MRI,AK,AAL,WE,Towers with Radar,0,1,1,0,2,0,15,30,0,45,0,16,31,0,47,79,0,79,126
01/09/2023,MRI,AK,AAL,WE,Towers with Radar,0,1,10,0,11,0,70,192,0,262,0,71,202,0,273,132,0,132,405
01/10/2023,MRI,AK,AAL,WE,Towers with Radar,0,9,3,0,12,0,50,168,0,218,0,59,171,0,230,170,0,170,400
01/11/2023,MRI,AK,AAL,WE,Towers with Radar,0,9,4,0,13,0,25,105,0,130,0,34,109,0,143,336,0,336,479
01/12/2023,MRI,AK,AAL,WE,Towers with Radar,0,3,6,0,9,0,40,130,0,170,0,43,136,0,179,227,0,227,406
01/13/2023,MRI,AK,AAL,WE,Towers with Radar,0,3,3,0,6,0,24,150,0,174,0,27,153,0,180,207,0,207,387
01/14/2023,MRI,AK,AAL,WE,Towers with Radar,0,9,15,0,24,0,9,44,0,53,0,18,59,0,77,82,0,82,159
01/15/2023,MRI,AK,AAL,WE,Towers with Radar,0,0,2,0,2,0,13,123,0,136,0,13,125,0,138,241,0,241,379
01/16/2023,MRI,AK,AAL,WE,Towers with Radar,0,1,8,0,9,0,30,122,0,152,0,31,130,0,161,269,0,269,430
01/17/2023,MRI,AK,AAL,WE,Towers with Radar,0,4,0,0,4,0,36,155,0,191,0,40,155,0,195,178,0,178,373
01/18/2023,MRI,AK,AAL,WE,Towers with Radar,0,4,2,0,6,0,36,162,0,198,0,40,164,0,204,282,0,282,486
01/19/2023,MRI,AK,AAL,WE,Towers with Radar,0,5,3,0,8,0,33,116,0,149,0,38,119,0,157,268,0,268,425
01/20/2023,MRI,AK,AAL,WE,Towers with Radar,0,4,11,1,16,0,7,26,0,33,0,11,37,1,49,36,0,36,85
01/21/2023,MRI,AK,AAL,WE,Towers with Radar,0,0,2,0,2,0,30,173,0,203,0,30,175,0,205,93,0,93,298
01/22/2023,MRI,AK,AAL,WE,Towers with Radar,0,4,0,0,4,0,7,87,0,94,0,11,87,0,98,108,0,108,206
01/23/2023,MRI,AK,AAL,WE,Towers with Radar,0,6,2,0,8,0,4,19,0,23,0,10,21,0,31,80,0,80,111
01/24/2023,MRI,AK,AAL,WE,Towers with Radar,0,6,1,0,7,0,33,33,0,66,0,39,34,0,73,114,0,114,187
01/25/2023,MRI,AK,AAL,WE,Towers with Radar,0,3,4,0,7,0,17,72,0,89,0,20,76,0,96,310,0,310,406
01/26/2023,MRI,AK,AAL,WE,Towers with Radar,0,5,6,0,11,0,33,90,0,123,0,38,96,0,134,59,0,59,193
01/27/2023,MRI,AK,AAL,WE,Towers with Radar,0,2,8,0,10,0,20,129,0,149,0,22,137,0,159,121,0,121,280
01/28/2023,MRI,AK,AAL,WE,Towers with Radar,0,0,4,0,4,0,15,150,0,165,0,15,154,0,169,96,0,96,265
01/29/2023,MRI,AK,AAL,WE,Towers with Radar,0,2,5,0,7,0,8,76,0,84,0,10,81,0,91,188,0,188,279
01/30/2023,MRI,AK,AAL,WE,Towers with Radar,0,2,6,0,8,0,22,78,0,100,0,24,84,0,108,133,0,133,241
01/31/2023,MRI,AK,AAL,WE,Towers with Radar,0,0,0,0,0,0,0,0,0,0,0,0,0,0,0,0,0,0,0
02/01/2023,MRI,AK,AAL,WE,Towers with Radar,0,18,12,0,30,0,2,1,0,3,0,20,13,0,33,0,0,0,33
02/02/2023,MRI,AK,AAL,WE,Towers with Radar,0,12,16,0,28,0,3,8,0,11,0,15,24,0,39,0,0,0,39
02/03/2023,MRI,AK,AAL,WE,Towers with Radar,0,4,11,0,15,0,6,3,0,9,0,10,14,0,24,0,0,0,24
02/04/2023,MRI,AK,AAL,WE,Towers with Radar,0,3,5,0,8,0,30,52,0,82,0,33,57,0,90,45,0,45,135
02/05/2023,MRI,AK,AAL,WE,Towers with Radar,0,7,2,0,9,0,14,54,1,69,0,21,56,1,78,98,0,98,176
02/06/2023,MRI,AK,AAL,WE,Towers with Radar,0,5,7,1,13,0,6,6,0,12,0,11,13,1,25,51,0,51,76
02/07/2023,MRI,AK,AAL,WE,Towers with Radar,0,11,9,0,20,0,24,96,0,120,0,35,105,0,140,124,0,124,264
02/08/2023,MRI,AK,AAL,WE,Towers with Radar,0,11,11,0,22,0,8,12,0,20,0,19,23,0,42,52,0,52,94
02/09/2023,MRI,AK,AAL,WE,Towers with Radar,0,15,8,0,23,0,40,34,0,74,0,55,42,0,97,290,0,290,387
02/10/2023,MRI,AK,AAL,WE,Towers with Radar,0,5,4,0,9,0,21,71,0,92,0,26,75,0,101,196,0,196,297
02/11/2023,MRI,AK,AAL,WE,Towers with Radar,0,9,8,0,17,0,2,4,0,6,0,11,12,0,23,0,0,0,23
02/12/2023,MRI,AK,AAL,WE,Towers with Radar,0,4,1,0,5,0,1,3,0,4,0,5,4,0,9,2,0,2,11
02/13/2023,MRI,AK,AAL,WE,Towers with Radar,0,4,4,0,8,0,37,106,0,143,0,41,110,0,151,84,0,84,235
02/14/2023,MRI,AK,AAL,WE,Towers with Radar,0,1,2,0,3,0,18,101,0,119,0,19,103,0,122,151,0,151,273
02/15/2023,MRI,AK,AAL,WE,Towers with Radar,0,11,0,0,11,0,26,225,1,252,0,37,225,1,263,326,0,326,589
02/16/2023,MRI,AK,AAL,WE,Towers with Radar,0,5,10,0,15,0,13,36,0,49,0,18,46,0,64,175,0,175,239
02/17/2023,MRI,AK,AAL,WE,Towers with Radar,0,9,5,0,14,0,3,14,0,17,0,12,19,0,31,48,0,48,79
02/18/2023,MRI,AK,AAL,WE,Towers with Radar,1,16,4,0,21,0,2,2,0,4,1,18,6,0,25,69,0,69,94
02/19/2023,MRI,AK,AAL,WE,Towers with Radar,0,5,11,0,16,0,10,33,0,43,0,15,44,0,59,182,0,182,241
02/20/2023,MRI,AK,AAL,WE,Towers with Radar,0,4,2,0,6,0,32,245,0,277,0,36,247,0,283,337,0,337,620
02/21/2023,MRI,AK,AAL,WE,Towers with Radar,0,4,7,0,11,0,52,280,0,332,0,56,287,0,343,348,0,348,691
02/22/2023,MRI,AK,AAL,WE,Towers with Radar,0,4,3,0,7,0,34,158,0,192,0,38,161,0,199,333,0,333,532
02/23/2023,MRI,AK,AAL,WE,Towers with Radar,0,11,3,0,14,0,9,3,0,12,0,20,6,0,26,40,0,40,66
02/24/2023,MRI,AK,AAL,WE,Towers with Radar,0,18,5,0,23,0,21,12,0,33,0,39,17,0,56,35,0,35,91
02/25/2023,MRI,AK,AAL,WE,Towers with Radar,0,3,1,0,4,0,17,171,0,188,0,20,172,0,192,262,0,262,454
02/26/2023,MRI,AK,AAL,WE,Towers with Radar,0,5,9,0,14,0,30,211,0,241,0,35,220,0,255,198,0,198,453
02/27/2023,MRI,AK,AAL,WE,Towers with Radar,0,3,7,0,10,0,50,265,0,315,0,53,272,0,325,196,0,196,521
02/28/2023,MRI,AK,AAL,WE,Towers with Radar,0,6,5,0,11,0,3,0,0,3,0,9,5,0,14,0,0,0,14
03/01/2023,MRI,AK,AAL,WE,Towers with Radar,0,8,8,0,16,0,9,22,0,31,0,17,30,0,47,16,0,16,63
03/02/2023,MRI,AK,AAL,WE,Towers with Radar,0,4,9,0,13,0,47,188,0,235,0,51,197,0,248,271,0,271,519
03/03/2023,MRI,AK,AAL,WE,Towers with Radar,0,3,5,0,8,0,45,243,0,288,0,48,248,0,296,209,0,209,505
03/04/2023,MRI,AK,AAL,WE,Towers with Radar,0,1,3,0,4,0,23,201,0,224,0,24,204,0,228,332,0,332,560
03/05/2023,MRI,AK,AAL,WE,Towers with Radar,0,1,3,0,4,0,27,239,0,266,0,28,242,0,270,152,0,152,422
03/06/2023,MRI,AK,AAL,WE,Towers with Radar,0,6,3,0,9,0,42,265,0,307,0,48,268,0,316,241,0,241,557
03/07/2023,MRI,AK,AAL,WE,Towers with Radar,0,6,12,0,18,0,43,288,0,331,0,49,300,0,349,282,0,282,631
03/08/2023,MRI,AK,AAL,WE,Towers with Radar,0,7,4,0,11,0,36,240,0,276,0,43,244,0,287,225,0,225,512
03/09/2023,MRI,AK,AAL,WE,Towers with Radar,0,4,4,0,8,0,47,215,0,262,0,51,219,0,270,261,0,261,531
03/10/2023,MRI,AK,AAL,WE,Towers with Radar,0,8,0,0,8,0,25,15,0,40,0,33,15,0,48,0,0,0,48
03/11/2023,MRI,AK,AAL,WE,Towers with Radar,0,5,3,0,8,0,35,173,2,210,0,40,176,2,218,295,4,299,517
03/12/2023,MRI,AK,AAL,WE,Towers with Radar,0,5,2,0,7,0,26,182,0,208,0,31,184,0,215,213,0,213,428
03/13/2023,MRI,AK,AAL,WE,Towers with Radar,0,3,4,0,7,0,40,114,0,154,0,43,118,0,161,213,0,213,374
03/14/2023,MRI,AK,AAL,WE,Towers with Radar,0,2,6,0,8,0,49,210,0,259,0,51,216,0,267,166,0,166,433
03/15/2023,MRI,AK,AAL,WE,Towers with Radar,0,5,2,0,7,0,36,165,0,201,0,41,167,0,208,216,0,216,424
03/16/2023,MRI,AK,AAL,WE,Towers with Radar,0,6,5,0,11,0,33,203,0,236,0,39,208,0,247,197,0,197,444
03/17/2023,MRI,AK,AAL,WE,Towers with Radar,0,12,1,0,13,0,9,15,0,24,0,21,16,0,37,52,0,52,89
03/18/2023,MRI,AK,AAL,WE,Towers with Radar,0,4,2,0,6,0,26,43,0,69,0,30,45,0,75,170,0,170,245
03/19/2023,MRI,AK,AAL,WE,Towers with Radar,0,7,2,0,9,0,26,164,0,190,0,33,166,0,199,133,0,133,332
03/20/2023,MRI,AK,AAL,WE,Towers with Radar,0,5,4,0,9,0,35,185,0,220,0,40,189,0,229,184,0,184,413
03/21/2023,MRI,AK,AAL,WE,Towers with Radar,0,8,0,0,8,0,26,201,0,227,0,34,201,0,235,284,0,284,519
03/22/2023,MRI,AK,AAL,WE,Towers with Radar,0,2,3,0,5,0,28,53,0,81,0,30,56,0,86,245,0,245,331
03/23/2023,MRI,AK,AAL,WE,Towers with Radar,0,13,8,0,21,0,27,59,0,86,0,40,67,0,107,107,0,107,214
03/24/2023,MRI,AK,AAL,WE,Towers with Radar,0,5,1,0,6,0,31,66,0,97,0,36,67,0,103,171,0,171,274
03/25/2023,MRI,AK,AAL,WE,Towers with Radar,0,1,7,0,8,0,27,237,0,264,0,28,244,0,272,291,0,291,563
03/26/2023,MRI,AK,AAL,WE,Towers with Radar,0,0,2,0,2,0,12,218,0,230,0,12,220,0,232,261,0,261,493
03/27/2023,MRI,AK,AAL,WE,Towers with Radar,0,4,2,0,6,0,48,217,0,265,0,52,219,0,271,259,0,259,530
03/28/2023,MRI,AK,AAL,WE,Towers with Radar,0,12,4,0,16,0,33,128,0,161,0,45,132,0,177,201,0,201,378
03/29/2023,MRI,AK,AAL,WE,Towers with Radar,0,5,3,0,8,0,42,171,0,213,0,47,174,0,221,386,0,386,607
03/30/2023,MRI,AK,AAL,WE,Towers with Radar,0,8,8,0,16,0,18,132,0,150,0,26,140,0,166,212,0,212,378
03/31/2023,MRI,AK,AAL,WE,Towers with Radar,0,6,4,0,10,0,34,162,0,196,0,40,166,0,206,292,0,292,498
04/01/2023,MRI,AK,AAL,WE,Towers with Radar,0,2,3,0,5,0,19,279,0,298,0,21,282,0,303,306,0,306,609
04/02/2023,MRI,AK,AAL,WE,Towers with Radar,0,4,0,0,4,0,29,191,0,220,0,33,191,0,224,133,0,133,357
04/03/2023,MRI,AK,AAL,WE,Towers with Radar,0,4,2,0,6,0,34,179,0,213,0,38,181,0,219,236,0,236,455
04/04/2023,MRI,AK,AAL,WE,Towers with Radar,0,5,1,0,6,0,25,137,1,163,0,30,138,1,169,339,0,339,508
04/05/2023,MRI,AK,AAL,WE,Towers with Radar,0,16,10,0,26,0,4,36,0,40,0,20,46,0,66,199,0,199,265
04/06/2023,MRI,AK,AAL,WE,Towers with Radar,0,5,6,0,11,0,36,154,0,190,0,41,160,0,201,352,0,352,553
04/07/2023,MRI,AK,AAL,WE,Towers with Radar,0,2,3,2,7,0,43,292,6,341,0,45,295,8,348,370,0,370,718
04/08/2023,MRI,AK,AAL,WE,Towers with Radar,0,6,10,2,18,0,2,7,0,9,0,8,17,2,27,0,0,0,27
04/09/2023,MRI,AK,AAL,WE,Towers with Radar,0,2,3,0,5,0,0,0,0,0,0,2,3,0,5,0,0,0,5
04/10/2023,MRI,AK,AAL,WE,Towers with Radar,0,5,2,0,7,0,10,66,0,76,0,15,68,0,83,211,0,211,294
04/11/2023,MRI,AK,AAL,WE,Towers with Radar,0,12,7,0,19,0,15,33,0,48,0,27,40,0,67,148,0,148,215
04/12/2023,MRI,AK,AAL,WE,Towers with Radar,0,6,4,1,11,0,33,88,0,121,0,39,92,1,132,96,0,96,228
04/13/2023,MRI,AK,AAL,WE,Towers with Radar,0,14,8,0,22,0,16,99,0,115,0,30,107,0,137,310,0,310,447
04/14/2023,MRI,AK,AAL,WE,Towers with Radar,0,11,7,0,18,0,38,151,0,189,0,49,158,0,207,183,0,183,390
04/15/2023,MRI,AK,AAL,WE,Towers with Radar,0,1,7,0,8,0,27,214,0,241,0,28,221,0,249,270,0,270,519
04/16/2023,MRI,AK,AAL,WE,Towers with Radar,0,2,0,0,2,0,22,204,0,226,0,24,204,0,228,320,0,320,548
04/17/2023,MRI,AK,AAL,WE,Towers with Radar,0,3,2,0,5,0,47,241,0,288,0,50,243,0,293,200,0,200,493
04/18/2023,MRI,AK,AAL,WE,Towers with Radar,0,4,1,0,5,0,36,257,0,293,0,40,258,0,298,291,0,291,589
04/19/2023,MRI,AK,AAL,WE,Towers with Radar,0,3,2,0,5,0,29,326,0,355,0,32,328,0,360,331,0,331,691
04/20/2023,MRI,AK,AAL,WE,Towers with Radar,0,3,5,0,8,0,43,247,0,290,0,46,252,0,298,290,0,290,588
04/21/2023,MRI,AK,AAL,WE,Towers with Radar,0,5,4,0,9,0,48,268,0,316,0,53,272,0,325,266,0,266,591
04/22/2023,MRI,AK,AAL,WE,Towers with Radar,0,2,3,0,5,0,31,186,0,217,0,33,189,0,222,253,0,253,475
04/23/2023,MRI,AK,AAL,WE,Towers with Radar,0,4,2,0,6,0,24,97,0,121,0,28,99,0,127,126,0,126,253
04/24/2023,MRI,AK,AAL,WE,Towers with Radar,0,6,5,0,11,0,43,247,0,290,0,49,252,0,301,259,0,259,560
04/25/2023,MRI,AK,AAL,WE,Towers with Radar,0,5,7,0,12,0,39,160,0,199,0,44,167,0,211,302,0,302,513
04/26/2023,MRI,AK,AAL,WE,Towers with Radar,0,3,7,0,10,0,39,202,0,241,0,42,209,0,251,355,0,355,606
04/27/2023,MRI,AK,AAL,WE,Towers with Radar,0,3,6,0,9,0,32,239,0,271,0,35,245,0,280,259,0,259,539
04/28/2023,MRI,AK,AAL,WE,Towers with Radar,0,5,6,0,11,0,31,152,0,183,0,36,158,0,194,312,0,312,506
04/29/2023,MRI,AK,AAL,WE,Towers with Radar,0,2,2,0,4,0,21,278,0,299,0,23,280,0,303,279,0,279,582
04/30/2023,MRI,AK,AAL,WE,Towers with Radar,0,2,0,0,2,0,24,192,0,216,0,26,192,0,218,252,0,252,470
05/01/2023,MRI,AK,AAL,WE,Towers with Radar,0,8,3,0,11,0,50,72,0,122,0,58,75,0,133,295,0,295,428
05/02/2023,MRI,AK,AAL,WE,Towers with Radar,0,4,3,0,7,0,37,179,0,216,0,41,182,0,223,294,0,294,517
05/03/2023,MRI,AK,AAL,WE,Towers with Radar,0,11,8,0,19,0,0,10,0,10,0,11,18,0,29,0,0,0,29
05/04/2023,MRI,AK,AAL,WE,Towers with Radar,0,12,4,0,16,0,38,243,0,281,0,50,247,0,297,233,0,233,530
05/05/2023,MRI,AK,AAL,WE,Towers with Radar,0,5,3,0,8,0,36,271,0,307,0,41,274,0,315,360,0,360,675
05/06/2023,MRI,AK,AAL,WE,Towers with Radar,0,4,3,0,7,0,38,214,0,252,0,42,217,0,259,371,0,371,630
05/07/2023,MRI,AK,AAL,WE,Towers with Radar,0,5,3,0,8,0,25,194,0,219,0,30,197,0,227,153,0,153,380
05/08/2023,MRI,AK,AAL,WE,Towers with Radar,0,11,4,0,15,0,50,183,0,233,0,61,187,0,248,135,0,135,383
05/09/2023,MRI,AK,AAL,WE,Towers with Radar,0,10,5,0,15,0,52,195,0,247,0,62,200,0,262,480,0,480,742
05/10/2023,MRI,AK,AAL,WE,Towers with Radar,0,4,7,0,11,0,31,184,0,215,0,35,191,0,226,388,0,388,614
05/11/2023,MRI,AK,AAL,WE,Towers with Radar,0,5,5,0,10,0,42,258,0,300,0,47,263,0,310,292,0,292,602
05/12/2023,MRI,AK,AAL,WE,Towers with Radar,0,9,6,0,15,0,65,289,0,354,0,74,295,0,369,228,0,228,597
05/13/2023,MRI,AK,AAL,WE,Towers with Radar,0,2,2,0,4,0,46,147,0,193,0,48,149,0,197,60,0,60,257
05/14/2023,MRI,AK,AAL,WE,Towers with Radar,0,2,2,0,4,0,24,135,0,159,0,26,137,0,163,39,0,39,202
05/15/2023,MRI,AK,AAL,WE,Towers with Radar,0,5,5,0,10,0,50,169,0,219,0,55,174,0,229,190,0,190,419
05/16/2023,MRI,AK,AAL,WE,Towers with Radar,0,6,4,0,10,0,36,124,0,160,0,42,128,0,170,321,0,321,491
05/17/2023,MRI,AK,AAL,WE,Towers with Radar,0,7,4,0,11,0,34,235,0,269,0,41,239,0,280,327,0,327,607
05/18/2023,MRI,AK,AAL,WE,Towers with Radar,0,2,5,0,7,0,52,282,0,334,0,54,287,0,341,270,0,270,611
05/19/2023,MRI,AK,AAL,WE,Towers with Radar,0,4,3,0,7,0,33,205,0,238,0,37,208,0,245,179,0,179,424
05/20/2023,MRI,AK,AAL,WE,Towers with Radar,0,3,4,0,7,0,27,210,0,237,0,30,214,0,244,191,0,191,435
05/21/2023,MRI,AK,AAL,WE,Towers with Radar,0,2,2,0,4,0,27,181,0,208,0,29,183,0,212,153,0,153,365
05/22/2023,MRI,AK,AAL,WE,Towers with Radar,0,4,7,0,11,0,56,242,0,298,0,60,249,0,309,197,0,197,506
05/23/2023,MRI,AK,AAL,WE,Towers with Radar,0,8,1,0,9,0,49,249,0,298,0,57,250,0,307,446,0,446,753
05/24/2023,MRI,AK,AAL,WE,Towers with Radar,0,8,10,0,18,0,48,276,0,324,0,56,286,0,342,371,0,371,713
05/25/2023,MRI,AK,AAL,WE,Towers with Radar,0,5,37,0,42,0,47,177,0,224,0,52,214,0,266,370,0,370,636
05/26/2023,MRI,AK,AAL,WE,Towers with Radar,0,15,8,0,23,0,42,136,0,178,0,57,144,0,201,87,0,87,288
05/27/2023,MRI,AK,AAL,WE,Towers with Radar,0,2,5,0,7,0,33,240,0,273,0,35,245,0,280,197,0,197,477
05/28/2023,MRI,AK,AAL,WE,Towers with Radar,0,3,4,0,7,0,24,172,0,196,0,27,176,0,203,246,0,246,449
05/29/2023,MRI,AK,AAL,WE,Towers with Radar,0,5,9,0,14,0,47,240,0,287,0,52,249,0,301,286,0,286,587
05/30/2023,MRI,AK,AAL,WE,Towers with Radar,0,4,11,0,15,0,53,226,0,279,0,57,237,0,294,476,0,476,770
05/31/2023,MRI,AK,AAL,WE,Towers with Radar,0,8,6,0,14,0,60,264,0,324,0,68,270,0,338,282,0,282,620
06/01/2023,MRI,AK,AAL,WE,Towers with Radar,0,5,1,0,6,0,55,228,0,283,0,60,229,0,289,214,0,214,503
06/02/2023,MRI,AK,AAL,WE,Towers with Radar,0,7,6,1,14,0,48,177,0,225,0,55,183,1,239,362,0,362,601
06/03/2023,MRI,AK,AAL,WE,Towers with Radar,0,5,10,0,15,0,35,288,0,323,0,40,298,0,338,301,0,301,639
06/04/2023,MRI,AK,AAL,WE,Towers with Radar,0,4,5,0,9,0,46,314,0,360,0,50,319,0,369,254,0,254,623
06/05/2023,MRI,AK,AAL,WE,Towers with Radar,0,8,2,0,10,0,69,305,0,374,0,77,307,0,384,281,0,281,665
06/06/2023,MRI,AK,AAL,WE,Towers with Radar,0,11,5,0,16,0,54,258,0,312,0,65,263,0,328,465,0,465,793
06/07/2023,MRI,AK,AAL,WE,Towers with Radar,0,7,3,0,10,0,60,254,0,314,0,67,257,0,324,425,0,425,749
06/08/2023,MRI,AK,AAL,WE,Towers with Radar,0,3,4,0,7,0,72,234,0,306,0,75,238,0,313,386,0,386,699
06/09/2023,MRI,AK,AAL,WE,Towers with Radar,0,6,3,0,9,0,62,283,0,345,0,68,286,0,354,263,0,263,617
06/10/2023,MRI,AK,AAL,WE,Towers with Radar,0,7,5,0,12,0,65,259,0,324,0,72,264,0,336,260,0,260,596
06/11/2023,MRI,AK,AAL,WE,Towers with Radar,0,6,1,0,7,0,26,76,0,102,0,32,77,0,109,135,0,135,244
06/12/2023,MRI,AK,AAL,WE,Towers with Radar,0,8,7,0,15,0,57,198,0,255,0,65,205,0,270,178,0,178,448
06/13/2023,MRI,AK,AAL,WE,Towers with Radar,0,7,5,0,12,0,57,215,0,272,0,64,220,0,284,263,0,263,547
06/14/2023,MRI,AK,AAL,WE,Towers with Radar,0,6,4,0,10,0,49,304,0,353,0,55,308,0,363,261,0,261,624
06/15/2023,MRI,AK,AAL,WE,Towers with Radar,0,9,4,0,13,0,65,272,0,337,0,74,276,0,350,422,0,422,772
06/16/2023,MRI,AK,AAL,WE,Towers with Radar,0,6,5,0,11,0,56,293,0,349,0,62,298,0,360,260,0,260,620
06/17/2023,MRI,AK,AAL,WE,Towers with Radar,0,3,4,0,7,0,56,317,0,373,0,59,321,0,380,273,0,273,653
06/18/2023,MRI,AK,AAL,WE,Towers with Radar,0,4,2,0,6,0,49,311,1,361,0,53,313,1,367,139,0,139,506
06/19/2023,MRI,AK,AAL,WE,Towers with Radar,0,2,1,0,3,0,49,393,0,442,0,51,394,0,445,316,0,316,761
06/20/2023,MRI,AK,AAL,WE,Towers with Radar,0,14,10,0,24,0,18,66,0,84,0,32,76,0,108,256,0,256,364
06/21/2023,MRI,AK,AAL,WE,Towers with Radar,0,20,8,0,28,0,46,64,0,110,0,66,72,0,138,288,0,288,426
06/22/2023,MRI,AK,AAL,WE,Towers with Radar,0,8,12,0,20,0,49,176,0,225,0,57,188,0,245,380,0,380,625
06/23/2023,MRI,AK,AAL,WE,Towers with Radar,0,16,19,0,35,1,45,260,1,307,1,61,279,1,342,213,0,213,555
06/24/2023,MRI,AK,AAL,WE,Towers with Radar,0,7,4,0,11,0,44,259,0,303,0,51,263,0,314,226,0,226,540
06/25/2023,MRI,AK,AAL,WE,Towers with Radar,0,7,2,0,9,0,28,62,0,90,0,35,64,0,99,4,0,4,103
06/26/2023,MRI,AK,AAL,WE,Towers with Radar,0,7,4,1,12,0,51,263,0,314,0,58,267,1,326,539,0,539,865
06/27/2023,MRI,AK,AAL,WE,Towers with Radar,0,8,4,0,12,0,48,231,0,279,0,56,235,0,291,544,0,544,835
06/28/2023,MRI,AK,AAL,WE,Towers with Radar,0,21,40,0,61,0,24,29,0,53,0,45,69,0,114,114,0,114,228
06/29/2023,MRI,AK,AAL,WE,Towers with Radar,0,11,20,0,31,0,24,112,1,137,0,35,132,1,168,279,0,279,447
06/30/2023,MRI,AK,AAL,WE,Towers with Radar,0,6,6,0,12,0,61,316,0,377,0,67,322,0,389,429,0,429,818
07/01/2023,MRI,AK,AAL,WE,Towers with Radar,0,1,2,0,3,0,63,399,0,462,0,64,401,0,465,400,0,400,865
07/02/2023,MRI,AK,AAL,WE,Towers with Radar,0,8,5,0,13,0,45,182,0,227,0,53,187,0,240,226,0,226,466
07/03/2023,MRI,AK,AAL,WE,Towers with Radar,0,10,6,0,16,0,55,167,0,222,0,65,173,0,238,238,0,238,476
07/04/2023,MRI,AK,AAL,WE,Towers with Radar,0,3,6,0,9,0,37,188,0,225,0,40,194,0,234,124,0,124,358
07/05/2023,MRI,AK,AAL,WE,Towers with Radar,0,7,5,0,12,0,61,248,0,309,0,68,253,0,321,375,0,375,696
07/06/2023,MRI,AK,AAL,WE,Towers with Radar,0,23,26,0,49,0,9,6,0,15,0,32,32,0,64,20,0,20,84
07/07/2023,MRI,AK,AAL,WE,Towers with Radar,0,19,14,0,33,0,48,51,0,99,0,67,65,0,132,96,0,96,228
07/08/2023,MRI,AK,AAL,WE,Towers with Radar,0,4,7,0,11,0,57,321,0,378,0,61,328,0,389,381,0,381,770
07/09/2023,MRI,AK,AAL,WE,Towers with Radar,0,6,4,0,10,0,49,289,0,338,0,55,293,0,348,267,0,267,615
07/10/2023,MRI,AK,AAL,WE,Towers with Radar,0,12,14,0,26,0,49,101,0,150,0,61,115,0,176,506,0,506,682
07/11/2023,MRI,AK,AAL,WE,Towers with Radar,0,8,11,0,19,0,65,289,0,354,0,73,300,0,373,353,0,353,726
07/12/2023,MRI,AK,AAL,WE,Towers with Radar,0,7,4,1,12,0,77,368,1,446,0,84,372,2,458,360,0,360,818
07/13/2023,MRI,AK,AAL,WE,Towers with Radar,0,3,5,0,8,0,75,405,0,480,0,78,410,0,488,414,0,414,902
07/14/2023,MRI,AK,AAL,WE,Towers with Radar,0,5,6,0,11,0,82,355,0,437,0,87,361,0,448,364,0,364,812
07/15/2023,MRI,AK,AAL,WE,Towers with Radar,0,10,13,0,23,0,6,17,0,23,0,16,30,0,46,0,0,0,46
07/16/2023,MRI,AK,AAL,WE,Towers with Radar,0,13,11,0,24,0,19,53,0,72,0,32,64,0,96,50,0,50,146
07/17/2023,MRI,AK,AAL,WE,Towers with Radar,0,13,32,0,45,0,76,171,0,247,0,89,203,0,292,314,0,314,606
07/18/2023,MRI,AK,AAL,WE,Towers with Radar,0,3,6,0,9,0,85,392,0,477,0,88,398,0,486,382,0,382,868
07/19/2023,MRI,AK,AAL,WE,Towers with Radar,0,1,6,0,7,0,61,296,0,357,0,62,302,0,364,409,0,409,773
07/20/2023,MRI,AK,AAL,WE,Towers with Radar,0,8,15,0,23,0,60,257,1,318,0,68,272,1,341,401,0,401,742
07/21/2023,MRI,AK,AAL,WE,Towers with Radar,0,5,2,0,7,0,74,375,0,449,0,79,377,0,456,341,0,341,797
07/22/2023,MRI,AK,AAL,WE,Towers with Radar,0,3,6,0,9,0,64,303,0,367,0,67,309,0,376,255,0,255,631
07/23/2023,MRI,AK,AAL,WE,Towers with Radar,0,4,3,0,7,0,66,281,0,347,0,70,284,0,354,149,0,149,503
07/24/2023,MRI,AK,AAL,WE,Towers with Radar,0,2,4,0,6,0,77,348,0,425,0,79,352,0,431,329,0,329,760
07/25/2023,MRI,AK,AAL,WE,Towers with Radar,0,9,12,0,21,0,73,335,0,408,0,82,347,0,429,442,0,442,871
07/26/2023,MRI,AK,AAL,WE,Towers with Radar,0,8,4,0,12,0,65,330,0,395,0,73,334,0,407,388,0,388,795
07/27/2023,MRI,AK,AAL,WE,Towers with Radar,0,6,10,0,16,0,72,309,0,381,0,78,319,0,397,350,0,350,747
07/28/2023,MRI,AK,AAL,WE,Towers with Radar,0,6,4,0,10,0,60,339,0,399,0,66,343,0,409,388,0,388,797
07/29/2023,MRI,AK,AAL,WE,Towers with Radar,0,18,28,0,46,0,4,3,0,7,0,22,31,0,53,0,0,0,53
07/30/2023,MRI,AK,AAL,WE,Towers with Radar,0,25,19,0,44,0,35,144,0,179,0,60,163,0,223,140,0,140,363
07/31/2023,MRI,AK,AAL,WE,Towers with Radar,0,5,3,0,8,0,80,383,0,463,0,85,386,0,471,376,0,376,847
08/01/2023,MRI,AK,AAL,WE,Towers with Radar,0,3,4,0,7,0,83,399,0,482,0,86,403,0,489,307,0,307,796
08/02/2023,MRI,AK,AAL,WE,Towers with Radar,0,4,7,0,11,0,60,409,1,470,0,64,416,1,481,351,0,351,832
08/03/2023,MRI,AK,AAL,WE,Towers with Radar,0,5,9,0,14,0,66,257,0,323,0,71,266,0,337,426,0,426,763
08/04/2023,MRI,AK,AAL,WE,Towers with Radar,0,9,10,0,19,0,95,370,0,465,0,104,380,0,484,364,0,364,848
08/05/2023,MRI,AK,AAL,WE,Towers with Radar,0,6,2,0,8,0,70,310,2,382,0,76,312,2,390,272,0,272,662
08/06/2023,MRI,AK,AAL,WE,Towers with Radar,0,9,6,0,15,0,50,172,0,222,0,59,178,0,237,312,0,312,549
08/07/2023,MRI,AK,AAL,WE,Towers with Radar,0,4,8,1,13,0,74,282,0,356,0,78,290,1,369,300,0,300,669
08/08/2023,MRI,AK,AAL,WE,Towers with Radar,0,24,12,0,36,0,51,152,0,203,0,75,164,0,239,321,0,321,560
08/09/2023,MRI,AK,AAL,WE,Towers with Radar,0,11,18,0,29,0,36,113,0,149,0,47,131,0,178,220,0,220,398
08/10/2023,MRI,AK,AAL,WE,Towers with Radar,0,11,12,0,23,0,46,191,0,237,0,57,203,0,260,399,0,399,659
08/11/2023,MRI,AK,AAL,WE,Towers with Radar,0,5,9,0,14,0,85,344,0,429,0,90,353,0,443,323,0,323,766
08/12/2023,MRI,AK,AAL,WE,Towers with Radar,0,12,5,0,17,0,43,210,0,253,0,55,215,0,270,369,0,369,639
08/13/2023,MRI,AK,AAL,WE,Towers with Radar,0,8,13,0,21,0,50,186,0,236,0,58,199,0,257,308,0,308,565
08/14/2023,MRI,AK,AAL,WE,Towers with Radar,0,7,4,0,11,0,56,234,0,290,0,63,238,0,301,411,0,411,712
08/15/2023,MRI,AK,AAL,WE,Towers with Radar,0,6,9,0,15,0,45,243,1,289,0,51,252,1,304,369,0,369,673
08/16/2023,MRI,AK,AAL,WE,Towers with Radar,0,24,17,0,41,0,34,56,0,90,0,58,73,0,131,193,0,193,324
08/17/2023,MRI,AK,AAL,WE,Towers with Radar,0,3,3,0,6,0,80,444,0,524,0,83,447,0,530,351,0,351,881
08/18/2023,MRI,AK,AAL,WE,Towers with Radar,0,2,3,0,5,0,66,385,0,451,0,68,388,0,456,318,0,318,774
08/19/2023,MRI,AK,AAL,WE,Towers with Radar,0,9,6,0,15,0,58,331,0,389,0,67,337,0,404,383,0,383,787
08/20/2023,MRI,AK,AAL,WE,Towers with Radar,0,2,6,0,8,0,58,224,0,282,0,60,230,0,290,220,0,220,510
08/21/2023,MRI,AK,AAL,WE,Towers with Radar,0,6,8,0,14,0,59,289,0,348,0,65,297,0,362,386,0,386,748
08/22/2023,MRI,AK,AAL,WE,Towers with Radar,0,5,6,0,11,0,74,345,0,419,0,79,351,0,430,409,0,409,839
08/23/2023,MRI,AK,AAL,WE,Towers with Radar,0,4,4,0,8,0,69,382,0,451,0,73,386,0,459,435,0,435,894
08/24/2023,MRI,AK,AAL,WE,Towers with Radar,0,11,9,0,20,0,24,70,0,94,0,35,79,0,114,397,0,397,511
08/25/2023,MRI,AK,AAL,WE,Towers with Radar,0,10,3,0,13,0,68,176,0,244,0,78,179,0,257,318,0,318,575
08/26/2023,MRI,AK,AAL,WE,Towers with Radar,0,15,4,0,19,0,34,28,0,62,0,49,32,0,81,12,0,12,93
08/27/2023,MRI,AK,AAL,WE,Towers with Radar,0,12,1,0,13,0,35,77,0,112,0,47,78,0,125,55,0,55,180
08/28/2023,MRI,AK,AAL,WE,Towers with Radar,0,22,12,0,34,0,18,6,1,25,0,40,18,1,59,52,0,52,111
08/29/2023,MRI,AK,AAL,WE,Towers with Radar,0,16,10,0,26,0,62,187,0,249,0,78,197,0,275,278,0,278,553
08/30/2023,MRI,AK,AAL,WE,Towers with Radar,0,12,11,1,24,0,75,251,0,326,0,87,262,1,350,401,0,401,751
08/31/2023,MRI,AK,AAL,WE,Towers with Radar,0,12,4,0,16,0,25,30,0,55,0,37,34,0,71,100,0,100,171
