01/01/2020,MRY,CA,AWP,WE,Towers with Radar,14,21,42,0,77,0,0,8,0,8,14,21,50,0,85,0,0,0,85
01/02/2020,MRY,CA,AWP,WE,Towers with Radar,14,27,30,3,74,0,3,46,1,50,14,30,76,4,124,0,2,2,126
01/03/2020,MRY,CA,AWP,WE,Towers with Radar,15,17,25,2,59,0,3,57,0,60,15,20,82,2,119,10,0,10,129
01/04/2020,MRY,CA,AWP,WE,Towers with Radar,10,20,42,0,72,0,0,40,0,40,10,20,82,0,112,0,0,0,112
01/05/2020,MRY,CA,AWP,WE,Towers with Radar,11,18,17,0,46,0,2,62,0,64,11,20,79,0,110,28,0,28,138
01/06/2020,MRY,CA,AWP,WE,Towers with Radar,12,15,17,0,44,0,3,49,1,53,12,18,66,1,97,30,4,34,131
01/07/2020,MRY,CA,AWP,WE,Towers with Radar,9,20,24,2,55,0,4,31,0,35,9,24,55,2,90,36,0,36,126
01/08/2020,MRY,CA,AWP,WE,Towers with Radar,10,26,20,5,61,0,2,8,0,10,10,28,28,5,71,26,4,30,101
01/09/2020,MRY,CA,AWP,WE,Towers with Radar,10,24,31,2,67,0,0,14,0,14,10,24,45,2,81,2,0,2,83
01/10/2020,MRY,CA,AWP,WE,Towers with Radar,12,27,17,2,58,0,2,65,0,67,12,29,82,2,125,2,0,2,127
01/11/2020,MRY,CA,AWP,WE,Towers with Radar,10,20,31,0,61,0,1,45,0,46,10,21,76,0,107,0,0,0,107
01/12/2020,MRY,CA,AWP,WE,Towers with Radar,10,35,23,0,68,0,2,51,0,53,10,37,74,0,121,0,0,0,121
01/13/2020,MRY,CA,AWP,WE,Towers with Radar,13,19,18,1,51,0,0,37,2,39,13,19,55,3,90,12,0,12,102
01/14/2020,MRY,CA,AWP,WE,Towers with Radar,9,25,15,0,49,0,3,31,1,35,9,28,46,1,84,8,0,8,92
01/15/2020,MRY,CA,AWP,WE,Towers with Radar,10,21,22,0,53,0,3,28,1,32,10,24,50,1,85,34,0,34,119
01/16/2020,MRY,CA,AWP,WE,Towers with Radar,10,25,17,0,52,0,1,5,0,6,10,26,22,0,58,0,0,0,58
01/17/2020,MRY,CA,AWP,WE,Towers with Radar,11,24,35,0,70,0,5,60,1,66,11,29,95,1,136,10,0,10,146
01/18/2020,MRY,CA,AWP,WE,Towers with Radar,9,20,24,8,61,0,6,73,0,79,9,26,97,8,140,34,0,34,174
01/19/2020,MRY,CA,AWP,WE,Towers with Radar,8,21,11,0,40,0,5,42,0,47,8,26,53,0,87,18,0,18,105
01/20/2020,MRY,CA,AWP,WE,Towers with Radar,13,19,33,0,65,0,2,42,0,44,13,21,75,0,109,76,0,76,185
01/21/2020,MRY,CA,AWP,WE,Towers with Radar,11,21,21,0,53,0,1,11,1,13,11,22,32,1,66,18,0,18,84
01/22/2020,MRY,CA,AWP,WE,Towers with Radar,10,24,27,3,64,0,0,21,0,21,10,24,48,3,85,0,0,0,85
01/23/2020,MRY,CA,AWP,WE,Towers with Radar,10,21,25,13,69,0,4,42,0,46,10,25,67,13,115,8,2,10,125
01/24/2020,MRY,CA,AWP,WE,Towers with Radar,10,29,19,2,60,0,2,46,2,50,10,31,65,4,110,12,0,12,122
01/25/2020,MRY,CA,AWP,WE,Towers with Radar,10,16,26,0,52,0,2,52,0,54,10,18,78,0,106,18,0,18,124
01/26/2020,MRY,CA,AWP,WE,Towers with Radar,11,34,20,0,65,0,0,20,0,20,11,34,40,0,85,14,0,14,99
01/27/2020,MRY,CA,AWP,WE,Towers with Radar,12,23,19,1,55,0,0,47,1,48,12,23,66,2,103,22,2,24,127
01/28/2020,MRY,CA,AWP,WE,Towers with Radar,9,28,19,2,58,0,1,35,0,36,9,29,54,2,94,6,0,6,100
01/29/2020,MRY,CA,AWP,WE,Towers with Radar,10,30,21,3,64,0,3,30,0,33,10,33,51,3,97,8,4,12,109
01/30/2020,MRY,CA,AWP,WE,Towers with Radar,10,32,37,3,82,0,1,9,1,11,10,33,46,4,93,0,0,0,93
01/31/2020,MRY,CA,AWP,WE,Towers with Radar,12,22,32,0,66,0,4,49,0,53,12,26,81,0,119,12,0,12,131
02/01/2020,MRY,CA,AWP,WE,Towers with Radar,10,20,30,0,60,0,2,65,0,67,10,22,95,0,127,42,0,42,169
02/02/2020,MRY,CA,AWP,WE,Towers with Radar,10,29,28,0,67,0,0,11,0,11,10,29,39,0,78,0,0,0,78
02/03/2020,MRY,CA,AWP,WE,Towers with Radar,11,57,56,11,135,0,1,39,3,43,11,58,95,14,178,4,0,4,182
02/04/2020,MRY,CA,AWP,WE,Towers with Radar,11,36,37,0,84,0,3,41,0,44,11,39,78,0,128,4,0,4,132
02/05/2020,MRY,CA,AWP,WE,Towers with Radar,10,39,32,0,81,0,5,59,0,64,10,44,91,0,145,16,0,16,161
02/06/2020,MRY,CA,AWP,WE,Towers with Radar,10,20,37,5,72,0,8,70,0,78,10,28,107,5,150,12,4,16,166
02/07/2020,MRY,CA,AWP,WE,Towers with Radar,12,29,27,27,95,0,3,92,0,95,12,32,119,27,190,10,0,10,200
02/08/2020,MRY,CA,AWP,WE,Towers with Radar,10,33,48,2,93,0,0,42,0,42,10,33,90,2,135,6,0,6,141
02/09/2020,MRY,CA,AWP,WE,Towers with Radar,10,72,63,0,145,0,0,45,0,45,10,72,108,0,190,0,0,0,190
02/10/2020,MRY,CA,AWP,WE,Towers with Radar,11,32,38,0,81,0,2,44,4,50,11,34,82,4,131,2,8,10,141
02/11/2020,MRY,CA,AWP,WE,Towers with Radar,9,29,23,2,63,0,4,67,2,73,9,33,90,4,136,22,0,22,158
02/12/2020,MRY,CA,AWP,WE,Towers with Radar,9,38,18,5,70,0,3,64,0,67,9,41,82,5,137,10,0,10,147
02/13/2020,MRY,CA,AWP,WE,Towers with Radar,10,23,41,2,76,0,2,39,0,41,10,25,80,2,117,6,0,6,123
02/14/2020,MRY,CA,AWP,WE,Towers with Radar,13,22,46,2,83,0,2,50,0,52,13,24,96,2,135,12,0,12,147
02/15/2020,MRY,CA,AWP,WE,Towers with Radar,9,23,19,0,51,0,3,94,2,99,9,26,113,2,150,14,0,14,164
02/16/2020,MRY,CA,AWP,WE,Towers with Radar,11,34,27,0,72,0,0,67,0,67,11,34,94,0,139,28,0,28,167
02/17/2020,MRY,CA,AWP,WE,Towers with Radar,11,22,33,0,66,0,5,77,0,82,11,27,110,0,148,26,0,26,174
02/18/2020,MRY,CA,AWP,WE,Towers with Radar,10,24,21,0,55,0,2,51,0,53,10,26,72,0,108,26,0,26,134
02/19/2020,MRY,CA,AWP,WE,Towers with Radar,9,23,23,0,55,0,2,53,0,55,9,25,76,0,110,0,0,0,110
02/20/2020,MRY,CA,AWP,WE,Towers with Radar,9,24,20,0,53,0,2,49,2,53,9,26,69,2,106,0,8,8,114
02/21/2020,MRY,CA,AWP,WE,Towers with Radar,11,29,22,3,65,0,5,53,0,58,11,34,75,3,123,14,0,14,137
02/22/2020,MRY,CA,AWP,WE,Towers with Radar,11,31,33,0,75,0,0,10,0,10,11,31,43,0,85,0,0,0,85
02/23/2020,MRY,CA,AWP,WE,Towers with Radar,9,22,35,0,66,0,0,20,0,20,9,22,55,0,86,0,0,0,86
02/24/2020,MRY,CA,AWP,WE,Towers with Radar,10,23,28,16,77,0,1,49,14,64,10,24,77,30,141,34,0,34,175
02/25/2020,MRY,CA,AWP,WE,Towers with Radar,9,26,23,0,58,0,2,48,0,50,9,28,71,0,108,6,0,6,114
02/26/2020,MRY,CA,AWP,WE,Towers with Radar,9,22,20,3,54,0,2,72,0,74,9,24,92,3,128,10,0,10,138
02/27/2020,MRY,CA,AWP,WE,Towers with Radar,8,18,17,2,45,0,3,48,2,53,8,21,65,4,98,36,0,36,134
02/28/2020,MRY,CA,AWP,WE,Towers with Radar,11,20,29,0,60,0,2,65,0,67,11,22,94,0,127,10,0,10,137
02/29/2020,MRY,CA,AWP,WE,Towers with Radar,11,27,20,0,58,0,0,26,0,26,11,27,46,0,84,16,0,16,100
03/01/2020,MRY,CA,AWP,WE,Towers with Radar,11,26,33,0,70,0,2,9,0,11,11,28,42,0,81,66,0,66,147
03/02/2020,MRY,CA,AWP,WE,Towers with Radar,11,23,24,6,64,0,1,54,18,73,11,24,78,24,137,40,0,40,177
03/03/2020,MRY,CA,AWP,WE,Towers with Radar,8,24,21,0,53,0,5,67,0,72,8,29,88,0,125,34,0,34,159
03/04/2020,MRY,CA,AWP,WE,Towers with Radar,9,25,22,2,58,0,7,101,1,109,9,32,123,3,167,18,2,20,187
03/05/2020,MRY,CA,AWP,WE,Towers with Radar,9,28,34,2,73,0,1,28,0,29,9,29,62,2,102,36,2,38,140
03/06/2020,MRY,CA,AWP,WE,Towers with Radar,10,31,44,0,85,0,1,30,0,31,10,32,74,0,116,30,0,30,146
03/07/2020,MRY,CA,AWP,WE,Towers with Radar,12,25,22,0,59,0,0,14,0,14,12,25,36,0,73,36,0,36,109
03/08/2020,MRY,CA,AWP,WE,Towers with Radar,10,25,23,0,58,0,0,45,0,45,10,25,68,0,103,48,0,48,151
03/09/2020,MRY,CA,AWP,WE,Towers with Radar,12,23,26,0,61,0,1,26,0,27,12,24,52,0,88,22,0,22,110
03/10/2020,MRY,CA,AWP,WE,Towers with Radar,10,24,21,2,57,0,3,23,2,28,10,27,44,4,85,32,0,32,117
03/11/2020,MRY,CA,AWP,WE,Towers with Radar,12,23,36,0,71,0,2,46,0,48,12,25,82,0,119,22,0,22,141
03/12/2020,MRY,CA,AWP,WE,Towers with Radar,10,35,44,2,91,0,2,43,6,51,10,37,87,8,142,48,12,60,202
03/13/2020,MRY,CA,AWP,WE,Towers with Radar,11,27,45,4,87,0,0,18,0,18,11,27,63,4,105,14,0,14,119
03/14/2020,MRY,CA,AWP,WE,Towers with Radar,10,22,19,0,51,0,0,10,0,10,10,22,29,0,61,4,0,4,65
03/15/2020,MRY,CA,AWP,WE,Towers with Radar,10,45,41,0,96,0,0,0,0,0,10,45,41,0,96,0,0,0,96
03/16/2020,MRY,CA,AWP,WE,Towers with Radar,14,16,19,0,49,0,1,4,0,5,14,17,23,0,54,30,0,30,84
03/17/2020,MRY,CA,AWP,WE,Towers with Radar,10,20,15,0,45,0,2,7,0,9,10,22,22,0,54,0,0,0,54
03/18/2020,MRY,CA,AWP,WE,Towers with Radar,10,26,7,2,45,0,0,17,2,19,10,26,24,4,64,0,0,0,64
03/19/2020,MRY,CA,AWP,WE,Towers with Radar,8,15,9,2,34,0,3,21,0,24,8,18,30,2,58,28,0,28,86
03/20/2020,MRY,CA,AWP,WE,Towers with Radar,8,21,13,2,44,0,2,34,0,36,8,23,47,2,80,16,2,18,98
03/21/2020,MRY,CA,AWP,WE,Towers with Radar,9,17,8,0,34,0,2,27,0,29,9,19,35,0,63,20,0,20,83
03/22/2020,MRY,CA,AWP,WE,Towers with Radar,6,12,8,0,26,0,0,9,0,9,6,12,17,0,35,0,0,0,35
03/23/2020,MRY,CA,AWP,WE,Towers with Radar,6,14,4,0,24,0,0,0,0,0,6,14,4,0,24,0,0,0,24
03/24/2020,MRY,CA,AWP,WE,Towers with Radar,6,16,7,6,35,0,1,9,0,10,6,17,16,6,45,0,4,4,49
03/25/2020,MRY,CA,AWP,WE,Towers with Radar,6,11,9,4,30,0,1,9,0,10,6,12,18,4,40,12,0,12,52
03/26/2020,MRY,CA,AWP,WE,Towers with Radar,8,9,3,4,24,0,2,28,2,32,8,11,31,6,56,26,0,26,82
03/27/2020,MRY,CA,AWP,WE,Towers with Radar,4,11,7,0,22,0,4,22,1,27,4,15,29,1,49,32,0,32,81
03/28/2020,MRY,CA,AWP,WE,Towers with Radar,5,7,3,0,15,0,0,16,0,16,5,7,19,0,31,66,0,66,97
03/29/2020,MRY,CA,AWP,WE,Towers with Radar,5,9,3,0,17,0,0,3,0,3,5,9,6,0,20,20,0,20,40
03/30/2020,MRY,CA,AWP,WE,Towers with Radar,6,12,11,0,29,0,2,13,0,15,6,14,24,0,44,28,0,28,72
03/31/2020,MRY,CA,AWP,WE,Towers with Radar,4,10,0,4,18,0,2,33,1,36,4,12,33,5,54,22,0,22,76
04/01/2020,MRY,CA,AWP,WE,Towers with Radar,5,6,9,0,20,0,2,25,0,27,5,8,34,0,47,10,0,10,57
04/02/2020,MRY,CA,AWP,WE,Towers with Radar,5,5,9,2,21,0,2,44,0,46,5,7,53,2,67,68,0,68,135
04/03/2020,MRY,CA,AWP,WE,Towers with Radar,5,5,6,0,16,0,2,24,3,29,5,7,30,3,45,18,0,18,63
04/04/2020,MRY,CA,AWP,WE,Towers with Radar,5,6,3,0,14,0,0,4,1,5,5,6,7,1,19,4,0,4,23
04/05/2020,MRY,CA,AWP,WE,Towers with Radar,7,5,2,0,14,0,0,0,0,0,7,5,2,0,14,0,0,0,14
04/06/2020,MRY,CA,AWP,WE,Towers with Radar,7,5,2,3,17,0,0,0,5,5,7,5,2,8,22,16,2,18,40
04/07/2020,MRY,CA,AWP,WE,Towers with Radar,6,7,4,0,17,0,2,26,2,30,6,9,30,2,47,16,0,16,63
04/08/2020,MRY,CA,AWP,WE,Towers with Radar,7,14,20,1,42,0,0,8,3,11,7,14,28,4,53,0,0,0,53
04/09/2020,MRY,CA,AWP,WE,Towers with Radar,9,4,5,4,22,0,0,5,1,6,9,4,10,5,28,0,0,0,28
04/10/2020,MRY,CA,AWP,WE,Towers with Radar,9,3,12,2,26,0,1,21,1,23,9,4,33,3,49,10,0,10,59
04/11/2020,MRY,CA,AWP,WE,Towers with Radar,8,4,26,0,38,0,0,9,0,9,8,4,35,0,47,8,0,8,55
04/12/2020,MRY,CA,AWP,WE,Towers with Radar,5,1,21,1,28,0,0,0,1,1,5,1,21,2,29,0,0,0,29
04/13/2020,MRY,CA,AWP,WE,Towers with Radar,7,6,7,2,22,0,1,30,1,32,7,7,37,3,54,16,0,16,70
04/14/2020,MRY,CA,AWP,WE,Towers with Radar,4,4,8,2,18,0,2,52,0,54,4,6,60,2,72,0,0,0,72
04/15/2020,MRY,CA,AWP,WE,Towers with Radar,9,5,8,1,23,0,3,67,1,71,9,8,75,2,94,10,2,12,106
04/16/2020,MRY,CA,AWP,WE,Towers with Radar,9,11,8,1,29,0,0,1,0,1,9,11,9,1,30,0,0,0,30
04/17/2020,MRY,CA,AWP,WE,Towers with Radar,6,6,21,4,37,0,0,4,0,4,6,6,25,4,41,0,0,0,41
04/18/2020,MRY,CA,AWP,WE,Towers with Radar,6,3,12,0,21,0,1,12,0,13,6,4,24,0,34,0,0,0,34
04/19/2020,MRY,CA,AWP,WE,Towers with Radar,7,3,14,0,24,0,0,30,0,30,7,3,44,0,54,10,0,10,64
04/20/2020,MRY,CA,AWP,WE,Towers with Radar,5,2,10,0,17,0,1,9,1,11,5,3,19,1,28,0,0,0,28
04/21/2020,MRY,CA,AWP,WE,Towers with Radar,5,10,11,0,26,0,0,21,0,21,5,10,32,0,47,6,0,6,53
04/22/2020,MRY,CA,AWP,WE,Towers with Radar,5,6,5,0,16,0,5,44,0,49,5,11,49,0,65,12,0,12,77
04/23/2020,MRY,CA,AWP,WE,Towers with Radar,5,8,5,0,18,0,1,22,0,23,5,9,27,0,41,0,0,0,41
04/24/2020,MRY,CA,AWP,WE,Towers with Radar,3,6,7,0,16,0,3,75,0,78,3,9,82,0,94,30,0,30,124
04/25/2020,MRY,CA,AWP,WE,Towers with Radar,5,7,6,2,20,0,2,45,0,47,5,9,51,2,67,10,0,10,77
04/26/2020,MRY,CA,AWP,WE,Towers with Radar,2,7,10,0,19,0,0,50,0,50,2,7,60,0,69,0,0,0,69
04/27/2020,MRY,CA,AWP,WE,Towers with Radar,6,7,7,0,20,0,1,23,2,26,6,8,30,2,46,28,0,28,74
04/28/2020,MRY,CA,AWP,WE,Towers with Radar,4,7,8,8,27,0,4,29,0,33,4,11,37,8,60,10,0,10,70
04/29/2020,MRY,CA,AWP,WE,Towers with Radar,4,7,9,0,20,0,0,13,0,13,4,7,22,0,33,0,0,0,33
04/30/2020,MRY,CA,AWP,WE,Towers with Radar,8,12,4,0,24,0,0,34,0,34,8,12,38,0,58,2,0,2,60
05/01/2020,MRY,CA,AWP,WE,Towers with Radar,2,8,13,7,30,0,3,54,1,58,2,11,67,8,88,20,0,20,108
05/02/2020,MRY,CA,AWP,WE,Towers with Radar,2,7,5,0,14,0,1,45,0,46,2,8,50,0,60,0,0,0,60
05/03/2020,MRY,CA,AWP,WE,Towers with Radar,6,4,10,0,20,0,0,36,0,36,6,4,46,0,56,0,0,0,56
05/04/2020,MRY,CA,AWP,WE,Towers with Radar,6,6,5,0,17,0,0,34,0,34,6,6,39,0,51,10,0,10,61
05/05/2020,MRY,CA,AWP,WE,Towers with Radar,3,6,11,0,20,0,3,34,0,37,3,9,45,0,57,8,0,8,65
05/06/2020,MRY,CA,AWP,WE,Towers with Radar,4,6,13,0,23,0,3,37,0,40,4,9,50,0,63,0,0,0,63
05/07/2020,MRY,CA,AWP,WE,Towers with Radar,5,10,12,0,27,0,3,25,2,30,5,13,37,2,57,6,0,6,63
05/08/2020,MRY,CA,AWP,WE,Towers with Radar,12,5,12,0,29,0,2,45,0,47,12,7,57,0,76,0,0,0,76
05/09/2020,MRY,CA,AWP,WE,Towers with Radar,4,6,20,0,30,0,0,44,0,44,4,6,64,0,74,32,0,32,106
05/10/2020,MRY,CA,AWP,WE,Towers with Radar,8,11,16,0,35,0,1,27,0,28,8,12,43,0,63,0,0,0,63
05/11/2020,MRY,CA,AWP,WE,Towers with Radar,8,10,13,0,31,0,0,30,1,31,8,10,43,1,62,26,0,26,88
05/12/2020,MRY,CA,AWP,WE,Towers with Radar,7,7,19,0,33,0,1,12,1,14,7,8,31,1,47,0,0,0,47
05/13/2020,MRY,CA,AWP,WE,Towers with Radar,6,9,6,2,23,0,3,22,2,27,6,12,28,4,50,10,6,16,66
05/14/2020,MRY,CA,AWP,WE,Towers with Radar,8,15,22,2,47,0,2,18,2,22,8,17,40,4,69,22,0,22,91
05/15/2020,MRY,CA,AWP,WE,Towers with Radar,9,15,13,1,38,1,4,62,0,67,10,19,75,1,105,2,0,2,107
05/16/2020,MRY,CA,AWP,WE,Towers with Radar,8,4,10,0,22,0,2,62,0,64,8,6,72,0,86,8,0,8,94
05/17/2020,MRY,CA,AWP,WE,Towers with Radar,8,3,16,0,27,0,1,6,0,7,8,4,22,0,34,0,0,0,34
05/18/2020,MRY,CA,AWP,WE,Towers with Radar,10,2,5,3,20,0,1,10,0,11,10,3,15,3,31,2,0,2,33
05/19/2020,MRY,CA,AWP,WE,Towers with Radar,4,2,23,8,37,0,3,29,1,33,4,5,52,9,70,0,0,0,70
05/20/2020,MRY,CA,AWP,WE,Towers with Radar,6,14,21,6,47,0,1,12,0,13,6,15,33,6,60,0,0,0,60
05/21/2020,MRY,CA,AWP,WE,Towers with Radar,4,9,24,10,47,0,4,36,2,42,4,13,60,12,89,0,0,0,89
05/22/2020,MRY,CA,AWP,WE,Towers with Radar,10,15,21,3,49,0,1,35,4,40,10,16,56,7,89,14,0,14,103
05/23/2020,MRY,CA,AWP,WE,Towers with Radar,4,4,17,0,25,0,1,50,0,51,4,5,67,0,76,0,0,0,76
05/24/2020,MRY,CA,AWP,WE,Towers with Radar,6,3,9,0,18,0,0,58,0,58,6,3,67,0,76,6,0,6,82
05/25/2020,MRY,CA,AWP,WE,Towers with Radar,9,12,12,0,33,1,1,61,0,63,10,13,73,0,96,10,0,10,106
05/26/2020,MRY,CA,AWP,WE,Towers with Radar,4,8,15,0,27,0,3,33,0,36,4,11,48,0,63,0,0,0,63
05/27/2020,MRY,CA,AWP,WE,Towers with Radar,6,3,8,7,24,0,3,37,0,40,6,6,45,7,64,2,0,2,66
05/28/2020,MRY,CA,AWP,WE,Towers with Radar,4,11,22,2,39,0,0,24,0,24,4,11,46,2,63,4,0,4,67
05/29/2020,MRY,CA,AWP,WE,Towers with Radar,12,16,48,0,76,0,2,24,0,26,12,18,72,0,102,0,0,0,102
05/30/2020,MRY,CA,AWP,WE,Towers with Radar,4,6,13,3,26,0,1,9,0,10,4,7,22,3,36,0,0,0,36
05/31/2020,MRY,CA,AWP,WE,Towers with Radar,6,10,32,0,48,0,0,23,1,24,6,10,55,1,72,0,0,0,72
06/01/2020,MRY,CA,AWP,WE,Towers with Radar,12,9,22,0,43,0,0,9,0,9,12,9,31,0,52,6,0,6,58
06/02/2020,MRY,CA,AWP,WE,Towers with Radar,3,15,15,6,39,1,3,45,2,51,4,18,60,8,90,0,6,6,96
06/03/2020,MRY,CA,AWP,WE,Towers with Radar,8,13,17,0,38,0,5,48,3,56,8,18,65,3,94,6,0,6,100
06/04/2020,MRY,CA,AWP,WE,Towers with Radar,7,10,29,0,46,0,0,37,0,37,7,10,66,0,83,6,0,6,89
06/05/2020,MRY,CA,AWP,WE,Towers with Radar,11,10,55,0,76,0,1,11,0,12,11,11,66,0,88,0,0,0,88
06/06/2020,MRY,CA,AWP,WE,Towers with Radar,4,15,21,0,40,0,3,39,0,42,4,18,60,0,82,10,0,10,92
06/07/2020,MRY,CA,AWP,WE,Towers with Radar,4,12,16,0,32,0,1,52,0,53,4,13,68,0,85,0,0,0,85
06/08/2020,MRY,CA,AWP,WE,Towers with Radar,10,3,13,0,26,0,1,52,5,58,10,4,65,5,84,8,0,8,92
06/09/2020,MRY,CA,AWP,WE,Towers with Radar,6,9,18,2,35,0,4,48,0,52,6,13,66,2,87,10,2,12,99
06/10/2020,MRY,CA,AWP,WE,Towers with Radar,6,7,14,9,36,0,1,42,1,44,6,8,56,10,80,0,8,8,88
06/11/2020,MRY,CA,AWP,WE,Towers with Radar,6,13,26,0,45,0,1,46,3,50,6,14,72,3,95,6,0,6,101
06/12/2020,MRY,CA,AWP,WE,Towers with Radar,10,9,25,0,44,0,2,42,0,44,10,11,67,0,88,14,0,14,102
06/13/2020,MRY,CA,AWP,WE,Towers with Radar,4,7,22,0,33,0,4,60,1,65,4,11,82,1,98,0,0,0,98
06/14/2020,MRY,CA,AWP,WE,Towers with Radar,8,15,30,0,53,0,1,68,0,69,8,16,98,0,122,22,0,22,144
06/15/2020,MRY,CA,AWP,WE,Towers with Radar,10,10,30,3,53,0,2,38,0,40,10,12,68,3,93,14,0,14,107
06/16/2020,MRY,CA,AWP,WE,Towers with Radar,3,14,27,0,44,0,3,28,0,31,3,17,55,0,75,30,0,30,105
06/17/2020,MRY,CA,AWP,WE,Towers with Radar,9,16,22,0,47,0,3,41,0,44,9,19,63,0,91,6,0,6,97
06/18/2020,MRY,CA,AWP,WE,Towers with Radar,3,21,28,6,58,1,7,46,1,55,4,28,74,7,113,21,0,21,134
06/19/2020,MRY,CA,AWP,WE,Towers with Radar,10,12,40,2,64,0,4,54,2,60,10,16,94,4,124,0,0,0,124
06/20/2020,MRY,CA,AWP,WE,Towers with Radar,4,17,42,0,63,0,1,32,0,33,4,18,74,0,96,18,0,18,114
06/21/2020,MRY,CA,AWP,WE,Towers with Radar,8,13,27,0,48,0,4,38,0,42,8,17,65,0,90,0,0,0,90
06/22/2020,MRY,CA,AWP,WE,Towers with Radar,10,28,35,0,73,0,0,27,0,27,10,28,62,0,100,10,0,10,110
06/23/2020,MRY,CA,AWP,WE,Towers with Radar,4,21,18,6,49,0,0,23,0,23,4,21,41,6,72,12,0,12,84
06/24/2020,MRY,CA,AWP,WE,Towers with Radar,8,23,30,2,63,0,1,35,0,36,8,24,65,2,99,0,0,0,99
06/25/2020,MRY,CA,AWP,WE,Towers with Radar,4,33,44,0,81,0,0,26,0,26,4,33,70,0,107,0,0,0,107
06/26/2020,MRY,CA,AWP,WE,Towers with Radar,8,32,36,0,76,0,1,54,0,55,8,33,90,0,131,0,0,0,131
06/27/2020,MRY,CA,AWP,WE,Towers with Radar,4,18,52,0,74,0,1,48,0,49,4,19,100,0,123,0,0,0,123
06/28/2020,MRY,CA,AWP,WE,Towers with Radar,8,20,35,1,64,0,6,25,1,32,8,26,60,2,96,0,0,0,96
06/29/2020,MRY,CA,AWP,WE,Towers with Radar,8,14,20,0,42,0,0,42,0,42,8,14,62,0,84,18,0,18,102
06/30/2020,MRY,CA,AWP,WE,Towers with Radar,3,11,33,5,52,0,3,53,0,56,3,14,86,5,108,4,0,4,112
07/01/2020,MRY,CA,AWP,WE,Towers with Radar,10,27,23,0,60,0,1,31,2,34,10,28,54,2,94,4,0,4,98
07/02/2020,MRY,CA,AWP,WE,Towers with Radar,9,20,34,0,63,0,0,45,0,45,9,20,79,0,108,10,0,10,118
07/03/2020,MRY,CA,AWP,WE,Towers with Radar,10,22,28,2,62,0,0,53,0,53,10,22,81,2,115,0,0,0,115
07/04/2020,MRY,CA,AWP,WE,Towers with Radar,6,8,8,0,22,0,0,40,0,40,6,8,48,0,62,0,0,0,62
07/05/2020,MRY,CA,AWP,WE,Towers with Radar,10,14,28,0,52,0,1,63,0,64,10,15,91,0,116,18,0,18,134
07/06/2020,MRY,CA,AWP,WE,Towers with Radar,11,15,19,0,45,0,0,33,3,36,11,15,52,3,81,0,0,0,81
07/07/2020,MRY,CA,AWP,WE,Towers with Radar,9,13,27,4,53,0,1,57,0,58,9,14,84,4,111,6,0,6,117
07/08/2020,MRY,CA,AWP,WE,Towers with Radar,10,20,25,9,64,0,0,33,0,33,10,20,58,9,97,0,0,0,97
07/09/2020,MRY,CA,AWP,WE,Towers with Radar,8,21,25,0,54,0,2,44,3,49,8,23,69,3,103,10,0,10,113
07/10/2020,MRY,CA,AWP,WE,Towers with Radar,11,24,21,0,56,0,2,43,0,45,11,26,64,0,101,0,0,0,101
07/11/2020,MRY,CA,AWP,WE,Towers with Radar,8,8,26,0,42,0,1,80,2,83,8,9,106,2,125,0,0,0,125
07/12/2020,MRY,CA,AWP,WE,Towers with Radar,8,18,25,0,51,0,4,61,0,65,8,22,86,0,116,0,0,0,116
07/13/2020,MRY,CA,AWP,WE,Towers with Radar,12,25,49,0,86,0,0,15,3,18,12,25,64,3,104,0,0,0,104
07/14/2020,MRY,CA,AWP,WE,Towers with Radar,10,13,32,0,55,0,3,17,0,20,10,16,49,0,75,0,0,0,75
07/15/2020,MRY,CA,AWP,WE,Towers with Radar,8,20,35,0,63,0,3,33,0,36,8,23,68,0,99,0,0,0,99
07/16/2020,MRY,CA,AWP,WE,Towers with Radar,9,24,52,2,87,0,0,41,0,41,9,24,93,2,128,8,0,8,136
07/17/2020,MRY,CA,AWP,WE,Towers with Radar,13,27,36,0,76,0,0,40,0,40,13,27,76,0,116,0,0,0,116
07/18/2020,MRY,CA,AWP,WE,Towers with Radar,8,20,39,0,67,0,2,40,0,42,8,22,79,0,109,0,0,0,109
07/19/2020,MRY,CA,AWP,WE,Towers with Radar,8,15,54,0,77,0,3,37,0,40,8,18,91,0,117,0,0,0,117
07/20/2020,MRY,CA,AWP,WE,Towers with Radar,10,12,45,0,67,0,0,16,0,16,10,12,61,0,83,0,0,0,83
07/21/2020,MRY,CA,AWP,WE,Towers with Radar,10,14,22,0,46,0,0,12,0,12,10,14,34,0,58,2,0,2,60
07/22/2020,MRY,CA,AWP,WE,Towers with Radar,8,20,30,0,58,0,2,35,2,39,8,22,65,2,97,6,0,6,103
07/23/2020,MRY,CA,AWP,WE,Towers with Radar,8,11,51,4,74,0,1,22,3,26,8,12,73,7,100,16,0,16,116
07/24/2020,MRY,CA,AWP,WE,Towers with Radar,10,20,48,0,78,0,0,14,0,14,10,20,62,0,92,0,0,0,92
07/25/2020,MRY,CA,AWP,WE,Towers with Radar,9,15,33,0,57,1,1,49,1,52,10,16,82,1,109,6,0,6,115
07/26/2020,MRY,CA,AWP,WE,Towers with Radar,8,16,26,0,50,0,1,40,1,42,8,17,66,1,92,6,0,6,98
07/27/2020,MRY,CA,AWP,WE,Towers with Radar,10,19,17,0,46,0,1,26,0,27,10,20,43,0,73,22,0,22,95
07/28/2020,MRY,CA,AWP,WE,Towers with Radar,10,23,34,8,75,0,0,36,2,38,10,23,70,10,113,6,0,6,119
07/29/2020,MRY,CA,AWP,WE,Towers with Radar,8,18,35,4,65,0,1,29,0,30,8,19,64,4,95,0,0,0,95
07/30/2020,MRY,CA,AWP,WE,Towers with Radar,8,29,33,0,70,0,1,40,0,41,8,30,73,0,111,14,0,14,125
07/31/2020,MRY,CA,AWP,WE,Towers with Radar,12,29,44,0,85,0,4,57,0,61,12,33,101,0,146,12,0,12,158
08/01/2020,MRY,CA,AWP,WE,Towers with Radar,8,12,24,0,44,0,2,67,2,71,8,14,91,2,115,10,0,10,125
08/02/2020,MRY,CA,AWP,WE,Towers with Radar,8,22,44,0,74,0,2,53,0,55,8,24,97,0,129,0,0,0,129
08/03/2020,MRY,CA,AWP,WE,Towers with Radar,10,22,25,1,58,0,1,71,0,72,10,23,96,1,130,18,0,18,148
08/04/2020,MRY,CA,AWP,WE,Towers with Radar,8,18,50,0,76,0,1,11,0,12,8,19,61,0,88,0,0,0,88
08/05/2020,MRY,CA,AWP,WE,Towers with Radar,8,18,52,0,78,0,0,8,0,8,8,18,60,0,86,0,0,0,86
08/06/2020,MRY,CA,AWP,WE,Towers with Radar,8,20,45,9,82,0,3,20,0,23,8,23,65,9,105,0,0,0,105
08/07/2020,MRY,CA,AWP,WE,Towers with Radar,11,27,18,0,56,0,4,53,0,57,11,31,71,0,113,6,0,6,119
08/08/2020,MRY,CA,AWP,WE,Towers with Radar,10,26,28,5,69,0,1,58,0,59,10,27,86,5,128,44,0,44,172
08/09/2020,MRY,CA,AWP,WE,Towers with Radar,8,26,31,0,65,0,2,60,0,62,8,28,91,0,127,34,0,34,161
08/10/2020,MRY,CA,AWP,WE,Towers with Radar,8,21,21,0,50,0,2,36,3,41,8,23,57,3,91,0,0,0,91
08/11/2020,MRY,CA,AWP,WE,Towers with Radar,12,25,39,1,77,0,2,35,1,38,12,27,74,2,115,0,0,0,115
08/12/2020,MRY,CA,AWP,WE,Towers with Radar,8,23,20,0,51,0,0,40,0,40,8,23,60,0,91,6,0,6,97
08/13/2020,MRY,CA,AWP,WE,Towers with Radar,8,28,21,0,57,0,2,63,0,65,8,30,84,0,122,0,0,0,122
08/14/2020,MRY,CA,AWP,WE,Towers with Radar,10,25,25,2,62,0,4,79,0,83,10,29,104,2,145,14,0,14,159
08/15/2020,MRY,CA,AWP,WE,Towers with Radar,8,38,26,0,72,0,1,76,0,77,8,39,102,0,149,10,0,10,159
08/16/2020,MRY,CA,AWP,WE,Towers with Radar,7,32,25,4,68,0,0,77,0,77,7,32,102,4,145,2,0,2,147
08/17/2020,MRY,CA,AWP,WE,Towers with Radar,8,17,24,4,53,0,3,50,2,55,8,20,74,6,108,16,10,26,134
08/18/2020,MRY,CA,AWP,WE,Towers with Radar,6,32,31,0,69,0,3,38,0,41,6,35,69,0,110,0,0,0,110
08/19/2020,MRY,CA,AWP,WE,Towers with Radar,8,23,27,0,58,0,0,8,0,8,8,23,35,0,66,0,0,0,66
08/20/2020,MRY,CA,AWP,WE,Towers with Radar,9,32,27,0,68,0,0,1,0,1,9,32,28,0,69,0,0,0,69
08/21/2020,MRY,CA,AWP,WE,Towers with Radar,12,32,28,0,72,0,0,2,0,2,12,32,30,0,74,0,0,0,74
08/22/2020,MRY,CA,AWP,WE,Towers with Radar,7,20,16,0,43,0,0,7,0,7,7,20,23,0,50,0,0,0,50
08/23/2020,MRY,CA,AWP,WE,Towers with Radar,10,19,26,0,55,0,0,8,4,12,10,19,34,4,67,0,0,0,67
08/24/2020,MRY,CA,AWP,WE,Towers with Radar,9,24,15,0,48,0,1,16,0,17,9,25,31,0,65,14,0,14,79
08/25/2020,MRY,CA,AWP,WE,Towers with Radar,10,22,15,0,47,0,0,11,0,11,10,22,26,0,58,0,0,0,58
08/26/2020,MRY,CA,AWP,WE,Towers with Radar,7,18,12,0,37,0,0,0,0,0,7,18,12,0,37,0,0,0,37
08/27/2020,MRY,CA,AWP,WE,Towers with Radar,15,25,32,0,72,0,1,10,0,11,15,26,42,0,83,0,0,0,83
08/28/2020,MRY,CA,AWP,WE,Towers with Radar,5,26,20,0,51,0,1,28,0,29,5,27,48,0,80,2,0,2,82
08/29/2020,MRY,CA,AWP,WE,Towers with Radar,6,23,18,0,47,0,0,19,1,20,6,23,37,1,67,10,0,10,77
08/30/2020,MRY,CA,AWP,WE,Towers with Radar,9,22,24,0,55,1,0,39,0,40,10,22,63,0,95,20,0,20,115
08/31/2020,MRY,CA,AWP,WE,Towers with Radar,8,21,38,2,69,0,1,24,2,27,8,22,62,4,96,14,2,16,112
09/01/2020,MRY,CA,AWP,WE,Towers with Radar,6,20,40,0,66,0,0,29,1,30,6,20,69,1,96,0,0,0,96
09/02/2020,MRY,CA,AWP,WE,Towers with Radar,6,18,35,3,62,0,2,16,1,19,6,20,51,4,81,0,0,0,81
09/03/2020,MRY,CA,AWP,WE,Towers with Radar,7,26,34,2,69,0,2,31,0,33,7,28,65,2,102,0,0,0,102
09/04/2020,MRY,CA,AWP,WE,Towers with Radar,10,24,32,0,66,0,2,34,0,36,10,26,66,0,102,0,0,0,102
09/05/2020,MRY,CA,AWP,WE,Towers with Radar,7,13,11,2,33,0,6,64,0,70,7,19,75,2,103,0,0,0,103
09/06/2020,MRY,CA,AWP,WE,Towers with Radar,8,18,29,0,55,0,2,53,1,56,8,20,82,1,111,4,0,4,115
09/07/2020,MRY,CA,AWP,WE,Towers with Radar,8,27,34,0,69,0,0,66,0,66,8,27,100,0,135,26,0,26,161
09/08/2020,MRY,CA,AWP,WE,Towers with Radar,6,24,51,0,81,0,0,13,0,13,6,24,64,0,94,18,0,18,112
09/09/2020,MRY,CA,AWP,WE,Towers with Radar,8,26,22,4,60,0,0,0,0,0,8,26,22,4,60,0,0,0,60
09/10/2020,MRY,CA,AWP,WE,Towers with Radar,8,37,39,0,84,0,0,0,0,0,8,37,39,0,84,0,0,0,84
09/11/2020,MRY,CA,AWP,WE,Towers with Radar,12,31,36,2,81,0,0,0,0,0,12,31,36,2,81,6,0,6,87
09/12/2020,MRY,CA,AWP,WE,Towers with Radar,8,22,24,0,54,0,0,0,0,0,8,22,24,0,54,0,0,0,54
09/13/2020,MRY,CA,AWP,WE,Towers with Radar,10,28,37,0,75,0,0,0,0,0,10,28,37,0,75,0,0,0,75
09/14/2020,MRY,CA,AWP,WE,Towers with Radar,12,29,35,0,76,0,0,3,1,4,12,29,38,1,80,0,0,0,80
09/15/2020,MRY,CA,AWP,WE,Towers with Radar,6,21,33,3,63,0,1,11,0,12,6,22,44,3,75,0,0,0,75
09/16/2020,MRY,CA,AWP,WE,Towers with Radar,6,20,27,0,53,0,0,34,2,36,6,20,61,2,89,14,0,14,103
09/17/2020,MRY,CA,AWP,WE,Towers with Radar,8,26,21,2,57,0,1,35,0,36,8,27,56,2,93,20,0,20,113
09/18/2020,MRY,CA,AWP,WE,Towers with Radar,8,18,30,1,57,0,3,64,1,68,8,21,94,2,125,6,0,6,131
09/19/2020,MRY,CA,AWP,WE,Towers with Radar,10,27,23,0,60,0,2,55,0,57,10,29,78,0,117,4,0,4,121
09/20/2020,MRY,CA,AWP,WE,Towers with Radar,10,39,34,0,83,0,1,93,0,94,10,40,127,0,177,0,0,0,177
09/21/2020,MRY,CA,AWP,WE,Towers with Radar,8,15,27,0,50,0,0,28,0,28,8,15,55,0,78,8,0,8,86
09/22/2020,MRY,CA,AWP,WE,Towers with Radar,6,29,18,0,53,0,0,24,0,24,6,29,42,0,77,54,0,54,131
09/23/2020,MRY,CA,AWP,WE,Towers with Radar,6,30,39,4,79,0,2,65,0,67,6,32,104,4,146,28,0,28,174
09/24/2020,MRY,CA,AWP,WE,Towers with Radar,8,27,34,4,73,0,4,55,0,59,8,31,89,4,132,20,2,22,154
09/25/2020,MRY,CA,AWP,WE,Towers with Radar,10,22,36,3,71,0,2,54,1,57,10,24,90,4,128,0,0,0,128
09/26/2020,MRY,CA,AWP,WE,Towers with Radar,7,13,16,0,36,0,1,66,3,70,7,14,82,3,106,22,8,30,136
09/27/2020,MRY,CA,AWP,WE,Towers with Radar,10,36,37,0,83,0,2,83,0,85,10,38,120,0,168,20,0,20,188
09/28/2020,MRY,CA,AWP,WE,Towers with Radar,8,17,32,4,61,0,2,44,0,46,8,19,76,4,107,10,0,10,117
09/29/2020,MRY,CA,AWP,WE,Towers with Radar,7,18,36,5,66,0,2,29,1,32,7,20,65,6,98,36,0,36,134
09/30/2020,MRY,CA,AWP,WE,Towers with Radar,7,40,35,12,94,0,2,28,0,30,7,42,63,12,124,30,0,30,154
10/01/2020,MRY,CA,AWP,WE,Towers with Radar,10,35,44,4,93,0,4,17,1,22,10,39,61,5,115,10,0,10,125
10/02/2020,MRY,CA,AWP,WE,Towers with Radar,12,37,60,4,113,0,0,25,2,27,12,37,85,6,140,6,0,6,146
10/03/2020,MRY,CA,AWP,WE,Towers with Radar,8,26,27,0,61,0,1,30,2,33,8,27,57,2,94,6,0,6,100
10/04/2020,MRY,CA,AWP,WE,Towers with Radar,10,47,48,4,109,0,0,51,1,52,10,47,99,5,161,14,0,14,175
10/05/2020,MRY,CA,AWP,WE,Towers with Radar,7,21,32,4,64,0,0,34,0,34,7,21,66,4,98,14,0,14,112
10/06/2020,MRY,CA,AWP,WE,Towers with Radar,8,23,22,4,57,0,1,31,1,33,8,24,53,5,90,12,0,12,102
10/07/2020,MRY,CA,AWP,WE,Towers with Radar,11,28,51,6,96,0,0,2,0,2,11,28,53,6,98,0,0,0,98
10/08/2020,MRY,CA,AWP,WE,Towers with Radar,14,22,43,3,82,0,0,11,0,11,14,22,54,3,93,0,0,0,93
10/09/2020,MRY,CA,AWP,WE,Towers with Radar,12,31,40,0,83,0,6,39,0,45,12,37,79,0,128,16,0,16,144
10/10/2020,MRY,CA,AWP,WE,Towers with Radar,10,27,38,0,75,0,3,43,0,46,10,30,81,0,121,10,0,10,131
10/11/2020,MRY,CA,AWP,WE,Towers with Radar,12,19,34,0,65,0,0,67,0,67,12,19,101,0,132,0,0,0,132
10/12/2020,MRY,CA,AWP,WE,Towers with Radar,12,30,37,0,79,0,2,71,0,73,12,32,108,0,152,50,0,50,202
10/13/2020,MRY,CA,AWP,WE,Towers with Radar,10,21,31,6,68,0,9,60,0,69,10,30,91,6,137,8,0,8,145
10/14/2020,MRY,CA,AWP,WE,Towers with Radar,10,23,39,4,76,0,5,57,0,62,10,28,96,4,138,38,0,38,176
10/15/2020,MRY,CA,AWP,WE,Towers with Radar,14,29,36,4,83,0,4,44,0,48,14,33,80,4,131,6,0,6,137
10/16/2020,MRY,CA,AWP,WE,Towers with Radar,12,28,45,2,87,0,6,75,0,81,12,34,120,2,168,10,0,10,178
10/17/2020,MRY,CA,AWP,WE,Towers with Radar,11,19,26,0,56,0,1,76,0,77,11,20,102,0,133,4,0,4,137
10/18/2020,MRY,CA,AWP,WE,Towers with Radar,13,41,47,0,101,0,2,106,0,108,13,43,153,0,209,12,0,12,221
10/19/2020,MRY,CA,AWP,WE,Towers with Radar,9,17,43,4,73,0,0,30,0,30,9,17,73,4,103,14,0,14,117
10/20/2020,MRY,CA,AWP,WE,Towers with Radar,15,27,41,2,85,0,3,49,0,52,15,30,90,2,137,16,0,16,153
10/21/2020,MRY,CA,AWP,WE,Towers with Radar,9,27,21,5,62,0,2,50,2,54,9,29,71,7,116,38,0,38,154
10/22/2020,MRY,CA,AWP,WE,Towers with Radar,14,24,42,8,88,0,3,28,0,31,14,27,70,8,119,12,0,12,131
10/23/2020,MRY,CA,AWP,WE,Towers with Radar,12,24,32,0,68,0,5,54,0,59,12,29,86,0,127,18,0,18,145
10/24/2020,MRY,CA,AWP,WE,Towers with Radar,10,14,24,1,49,0,0,35,1,36,10,14,59,2,85,18,0,18,103
10/25/2020,MRY,CA,AWP,WE,Towers with Radar,12,23,50,0,85,0,0,17,0,17,12,23,67,0,102,4,0,4,106
10/26/2020,MRY,CA,AWP,WE,Towers with Radar,10,23,24,0,57,0,4,46,2,52,10,27,70,2,109,0,0,0,109
10/27/2020,MRY,CA,AWP,WE,Towers with Radar,9,20,26,0,55,1,2,57,0,60,10,22,83,0,115,4,0,4,119
10/28/2020,MRY,CA,AWP,WE,Towers with Radar,10,25,30,0,65,0,4,60,1,65,10,29,90,1,130,34,0,34,164
10/29/2020,MRY,CA,AWP,WE,Towers with Radar,13,38,54,4,109,0,4,50,0,54,13,42,104,4,163,0,0,0,163
10/30/2020,MRY,CA,AWP,WE,Towers with Radar,14,31,31,8,84,0,2,59,2,63,14,33,90,10,147,0,6,6,153
10/31/2020,MRY,CA,AWP,WE,Towers with Radar,6,21,14,0,41,0,2,81,2,85,6,23,95,2,126,10,0,10,136
11/01/2020,MRY,CA,AWP,WE,Towers with Radar,15,42,52,0,109,0,1,71,1,73,15,43,123,1,182,10,0,10,192
11/02/2020,MRY,CA,AWP,WE,Towers with Radar,11,23,26,5,65,0,0,31,1,32,11,23,57,6,97,22,0,22,119
11/03/2020,MRY,CA,AWP,WE,Towers with Radar,12,23,7,6,48,0,2,44,3,49,12,25,51,9,97,6,0,6,103
11/04/2020,MRY,CA,AWP,WE,Towers with Radar,10,25,27,0,62,0,2,42,0,44,10,27,69,0,106,52,0,52,158
11/05/2020,MRY,CA,AWP,WE,Towers with Radar,12,33,29,2,76,0,3,55,1,59,12,36,84,3,135,40,0,40,175
11/06/2020,MRY,CA,AWP,WE,Towers with Radar,8,19,35,0,62,0,3,29,1,33,8,22,64,1,95,20,0,20,115
11/07/2020,MRY,CA,AWP,WE,Towers with Radar,8,20,25,0,53,0,1,25,1,27,8,21,50,1,80,32,0,32,112
11/08/2020,MRY,CA,AWP,WE,Towers with Radar,10,25,27,0,62,0,3,9,0,12,10,28,36,0,74,8,0,8,82
11/09/2020,MRY,CA,AWP,WE,Towers with Radar,9,21,29,3,62,0,4,47,2,53,9,25,76,5,115,39,0,39,154
11/10/2020,MRY,CA,AWP,WE,Towers with Radar,9,13,27,1,50,0,3,48,1,52,9,16,75,2,102,24,0,24,126
11/11/2020,MRY,CA,AWP,WE,Towers with Radar,8,20,28,0,56,0,5,42,2,49,8,25,70,2,105,0,0,0,105
11/12/2020,MRY,CA,AWP,WE,Towers with Radar,10,23,32,8,73,0,3,53,5,61,10,26,85,13,134,0,0,0,134
11/13/2020,MRY,CA,AWP,WE,Towers with Radar,10,23,33,2,68,0,2,22,1,25,10,25,55,3,93,16,0,16,109
11/14/2020,MRY,CA,AWP,WE,Towers with Radar,8,19,36,0,63,0,2,62,0,64,8,21,98,0,127,0,0,0,127
11/15/2020,MRY,CA,AWP,WE,Towers with Radar,10,34,38,0,82,0,2,55,1,58,10,36,93,1,140,4,0,4,144
11/16/2020,MRY,CA,AWP,WE,Towers with Radar,8,38,22,2,70,0,1,43,0,44,8,39,65,2,114,40,0,40,154
11/17/2020,MRY,CA,AWP,WE,Towers with Radar,10,16,31,1,58,0,0,15,4,19,10,16,46,5,77,0,0,0,77
11/18/2020,MRY,CA,AWP,WE,Towers with Radar,10,25,27,1,63,0,0,12,1,13,10,25,39,2,76,20,0,20,96
11/19/2020,MRY,CA,AWP,WE,Towers with Radar,10,17,12,4,43,0,8,41,0,49,10,25,53,4,92,6,0,6,98
11/20/2020,MRY,CA,AWP,WE,Towers with Radar,8,21,21,2,52,0,4,48,2,54,8,25,69,4,106,10,0,10,116
11/21/2020,MRY,CA,AWP,WE,Towers with Radar,8,32,33,0,73,0,2,72,6,80,8,34,105,6,153,6,0,6,159
11/22/2020,MRY,CA,AWP,WE,Towers with Radar,10,38,33,0,81,0,2,61,3,66,10,40,94,3,147,4,0,4,151
11/23/2020,MRY,CA,AWP,WE,Towers with Radar,8,26,33,1,68,0,1,13,0,14,8,27,46,1,82,0,0,0,82
11/24/2020,MRY,CA,AWP,WE,Towers with Radar,10,26,29,0,65,0,4,46,3,53,10,30,75,3,118,14,0,14,132
11/25/2020,MRY,CA,AWP,WE,Towers with Radar,10,20,33,2,65,0,1,45,1,47,10,21,78,3,112,0,0,0,112
11/26/2020,MRY,CA,AWP,WE,Towers with Radar,4,2,9,0,15,0,2,19,0,21,4,4,28,0,36,8,0,8,44
11/27/2020,MRY,CA,AWP,WE,Towers with Radar,8,19,12,0,39,0,6,52,0,58,8,25,64,0,97,0,0,0,97
11/28/2020,MRY,CA,AWP,WE,Towers with Radar,9,20,23,0,52,1,1,95,0,97,10,21,118,0,149,32,18,50,199
11/29/2020,MRY,CA,AWP,WE,Towers with Radar,12,26,25,0,63,0,6,65,0,71,12,32,90,0,134,4,0,4,138
11/30/2020,MRY,CA,AWP,WE,Towers with Radar,10,17,24,2,53,0,1,53,3,57,10,18,77,5,110,64,0,64,174
12/01/2020,MRY,CA,AWP,WE,Towers with Radar,10,16,31,0,57,0,3,40,0,43,10,19,71,0,100,28,0,28,128
12/02/2020,MRY,CA,AWP,WE,Towers with Radar,8,12,21,0,41,0,4,31,0,35,8,16,52,0,76,34,0,34,110
12/03/2020,MRY,CA,AWP,WE,Towers with Radar,11,18,26,0,55,0,2,28,2,32,11,20,54,2,87,6,0,6,93
12/04/2020,MRY,CA,AWP,WE,Towers with Radar,10,15,22,1,48,0,3,68,1,72,10,18,90,2,120,0,0,0,120
12/05/2020,MRY,CA,AWP,WE,Towers with Radar,8,20,12,0,40,0,1,60,0,61,8,21,72,0,101,18,0,18,119
12/06/2020,MRY,CA,AWP,WE,Towers with Radar,8,6,17,0,31,0,0,38,0,38,8,6,55,0,69,44,0,44,113
12/07/2020,MRY,CA,AWP,WE,Towers with Radar,8,10,18,0,36,0,1,29,0,30,8,11,47,0,66,18,0,18,84
12/08/2020,MRY,CA,AWP,WE,Towers with Radar,8,9,17,9,43,0,3,56,0,59,8,12,73,9,102,18,0,18,120
12/09/2020,MRY,CA,AWP,WE,Towers with Radar,8,19,15,5,47,0,2,51,0,53,8,21,66,5,100,20,0,20,120
12/10/2020,MRY,CA,AWP,WE,Towers with Radar,8,23,22,3,56,0,3,32,2,37,8,26,54,5,93,2,0,2,95
12/11/2020,MRY,CA,AWP,WE,Towers with Radar,10,19,14,2,45,0,2,50,2,54,10,21,64,4,99,0,0,0,99
12/12/2020,MRY,CA,AWP,WE,Towers with Radar,9,9,25,0,43,0,0,3,0,3,9,9,28,0,46,6,0,6,52
12/13/2020,MRY,CA,AWP,WE,Towers with Radar,13,10,39,0,62,0,0,0,0,0,13,10,39,0,62,2,0,2,64
12/14/2020,MRY,CA,AWP,WE,Towers with Radar,10,12,15,2,39,0,0,37,10,47,10,12,52,12,86,10,10,20,106
12/15/2020,MRY,CA,AWP,WE,Towers with Radar,8,15,20,2,45,0,5,33,0,38,8,20,53,2,83,28,0,28,111
12/16/2020,MRY,CA,AWP,WE,Towers with Radar,8,16,28,5,57,0,5,33,5,43,8,21,61,10,100,40,0,40,140
12/17/2020,MRY,CA,AWP,WE,Towers with Radar,14,11,28,1,54,0,1,25,1,27,14,12,53,2,81,0,0,0,81
12/18/2020,MRY,CA,AWP,WE,Towers with Radar,12,16,13,0,41,0,5,44,0,49,12,21,57,0,90,26,0,26,116
12/19/2020,MRY,CA,AWP,WE,Towers with Radar,11,9,16,0,36,0,4,93,1,98,11,13,109,1,134,8,0,8,142
12/20/2020,MRY,CA,AWP,WE,Towers with Radar,14,9,15,0,38,0,0,50,2,52,14,9,65,2,90,12,0,12,102
12/21/2020,MRY,CA,AWP,WE,Towers with Radar,12,15,17,2,46,0,2,27,0,29,12,17,44,2,75,30,0,30,105
12/22/2020,MRY,CA,AWP,WE,Towers with Radar,12,11,25,6,54,0,2,40,0,42,12,13,65,6,96,34,0,34,130
12/23/2020,MRY,CA,AWP,WE,Towers with Radar,13,10,19,4,46,0,6,56,1,63,13,16,75,5,109,0,0,0,109
12/24/2020,MRY,CA,AWP,WE,Towers with Radar,8,11,6,0,25,0,5,33,0,38,8,16,39,0,63,10,0,10,73
12/25/2020,MRY,CA,AWP,WE,Towers with Radar,4,5,2,4,15,0,0,9,0,9,4,5,11,4,24,0,0,0,24
12/26/2020,MRY,CA,AWP,WE,Towers with Radar,12,10,27,0,49,0,2,38,0,40,12,12,65,0,89,27,0,27,116
12/27/2020,MRY,CA,AWP,WE,Towers with Radar,12,8,28,0,48,0,0,41,0,41,12,8,69,0,89,0,0,0,89
12/28/2020,MRY,CA,AWP,WE,Towers with Radar,12,12,18,0,42,0,2,23,1,26,12,14,41,1,68,78,0,78,146
12/29/2020,MRY,CA,AWP,WE,Towers with Radar,12,7,20,6,45,0,2,81,0,83,12,9,101,6,128,76,0,76,204
12/30/2020,MRY,CA,AWP,WE,Towers with Radar,16,10,18,0,44,0,1,39,2,42,16,11,57,2,86,38,0,38,124
12/31/2020,MRY,CA,AWP,WE,Towers with Radar,8,10,13,3,34,0,7,38,1,46,8,17,51,4,80,4,0,4,84
01/01/2021,MRY,CA,AWP,WE,Towers with Radar,12,5,11,0,28,0,0,43,0,43,12,5,54,0,71,0,0,0,71
01/02/2021,MRY,CA,AWP,WE,Towers with Radar,17,4,34,0,55,0,0,0,0,0,17,4,34,0,55,30,0,30,85
01/03/2021,MRY,CA,AWP,WE,Towers with Radar,13,9,24,0,46,0,0,17,0,17,13,9,41,0,63,12,0,12,75
01/04/2021,MRY,CA,AWP,WE,Towers with Radar,12,12,27,0,51,0,0,3,0,3,12,12,30,0,54,0,0,0,54
01/05/2021,MRY,CA,AWP,WE,Towers with Radar,8,17,8,0,33,0,2,37,2,41,8,19,45,2,74,32,0,32,106
01/06/2021,MRY,CA,AWP,WE,Towers with Radar,8,8,12,2,30,0,3,32,0,35,8,11,44,2,65,6,0,6,71
01/07/2021,MRY,CA,AWP,WE,Towers with Radar,10,14,10,1,35,0,2,27,1,30,10,16,37,2,65,34,0,34,99
01/08/2021,MRY,CA,AWP,WE,Towers with Radar,13,10,18,8,49,0,2,44,0,46,13,12,62,8,95,22,0,22,117
01/09/2021,MRY,CA,AWP,WE,Towers with Radar,8,17,13,0,38,0,1,56,2,59,8,18,69,2,97,35,2,37,134
01/10/2021,MRY,CA,AWP,WE,Towers with Radar,10,14,19,0,43,0,0,54,0,54,10,14,73,0,97,26,0,26,123
01/11/2021,MRY,CA,AWP,WE,Towers with Radar,11,14,14,8,47,0,3,30,1,34,11,17,44,9,81,56,0,56,137
01/12/2021,MRY,CA,AWP,WE,Towers with Radar,8,11,13,10,42,0,2,41,6,49,8,13,54,16,91,58,12,70,161
01/13/2021,MRY,CA,AWP,WE,Towers with Radar,8,17,15,0,40,0,3,37,2,42,8,20,52,2,82,2,0,2,84
01/14/2021,MRY,CA,AWP,WE,Towers with Radar,10,10,21,2,43,0,5,43,0,48,10,15,64,2,91,24,0,24,115
01/15/2021,MRY,CA,AWP,WE,Towers with Radar,12,16,18,4,50,0,2,66,0,68,12,18,84,4,118,32,0,32,150
01/16/2021,MRY,CA,AWP,WE,Towers with Radar,8,13,7,0,28,0,1,54,0,55,8,14,61,0,83,32,0,32,115
01/17/2021,MRY,CA,AWP,WE,Towers with Radar,10,13,17,0,40,0,3,71,0,74,10,16,88,0,114,10,0,10,124
01/18/2021,MRY,CA,AWP,WE,Towers with Radar,14,18,12,0,44,0,1,32,0,33,14,19,44,0,77,10,0,10,87
01/19/2021,MRY,CA,AWP,WE,Towers with Radar,8,5,6,0,19,0,2,6,0,8,8,7,12,0,27,4,0,4,31
01/20/2021,MRY,CA,AWP,WE,Towers with Radar,8,11,10,2,31,0,3,43,0,46,8,14,53,2,77,16,0,16,93
01/21/2021,MRY,CA,AWP,WE,Towers with Radar,10,17,9,4,40,0,8,46,0,54,10,25,55,4,94,20,0,20,114
01/22/2021,MRY,CA,AWP,WE,Towers with Radar,11,10,17,4,42,0,3,3,0,6,11,13,20,4,48,10,0,10,58
01/23/2021,MRY,CA,AWP,WE,Towers with Radar,8,20,22,0,50,0,0,46,0,46,8,20,68,0,96,98,0,98,194
01/24/2021,MRY,CA,AWP,WE,Towers with Radar,10,11,14,0,35,0,0,0,0,0,10,11,14,0,35,0,0,0,35
01/25/2021,MRY,CA,AWP,WE,Towers with Radar,11,12,13,0,36,0,2,4,0,6,11,14,17,0,42,0,0,0,42
01/26/2021,MRY,CA,AWP,WE,Towers with Radar,8,13,17,0,38,0,2,19,0,21,8,15,36,0,59,20,0,20,79
01/27/2021,MRY,CA,AWP,WE,Towers with Radar,10,13,6,2,31,0,1,1,0,2,10,14,7,2,33,0,0,0,33
01/28/2021,MRY,CA,AWP,WE,Towers with Radar,10,8,8,0,26,0,1,2,0,3,10,9,10,0,29,0,0,0,29
01/29/2021,MRY,CA,AWP,WE,Towers with Radar,10,9,9,2,30,0,2,33,0,35,10,11,42,2,65,36,0,36,101
01/30/2021,MRY,CA,AWP,WE,Towers with Radar,8,11,16,0,35,0,2,43,0,45,8,13,59,0,80,36,0,36,116
01/31/2021,MRY,CA,AWP,WE,Towers with Radar,10,6,8,0,24,0,2,60,0,62,10,8,68,0,86,24,0,24,110
02/01/2021,MRY,CA,AWP,WE,Towers with Radar,10,13,9,7,39,0,1,21,3,25,10,14,30,10,64,16,0,16,80
02/02/2021,MRY,CA,AWP,WE,Towers with Radar,8,16,24,2,50,0,0,3,0,3,8,16,27,2,53,0,0,0,53
02/03/2021,MRY,CA,AWP,WE,Towers with Radar,10,14,30,2,56,0,3,43,1,47,10,17,73,3,103,16,0,16,119
02/04/2021,MRY,CA,AWP,WE,Towers with Radar,10,17,20,4,51,0,3,48,1,52,10,20,68,5,103,14,0,14,117
02/05/2021,MRY,CA,AWP,WE,Towers with Radar,13,21,20,2,56,0,5,60,0,65,13,26,80,2,121,20,0,20,141
02/06/2021,MRY,CA,AWP,WE,Towers with Radar,8,16,21,0,45,0,5,94,0,99,8,21,115,0,144,24,0,24,168
02/07/2021,MRY,CA,AWP,WE,Towers with Radar,12,21,20,0,53,0,1,65,0,66,12,22,85,0,119,22,0,22,141
02/08/2021,MRY,CA,AWP,WE,Towers with Radar,13,25,41,0,79,0,0,13,0,13,13,25,54,0,92,0,0,0,92
02/09/2021,MRY,CA,AWP,WE,Towers with Radar,8,24,31,0,63,0,4,28,2,34,8,28,59,2,97,2,4,6,103
02/10/2021,MRY,CA,AWP,WE,Towers with Radar,10,22,36,4,72,0,2,37,0,39,10,24,73,4,111,28,0,28,139
02/11/2021,MRY,CA,AWP,WE,Towers with Radar,12,18,30,2,62,0,1,19,0,20,12,19,49,2,82,23,0,23,105
02/12/2021,MRY,CA,AWP,WE,Towers with Radar,14,22,38,6,80,0,2,26,0,28,14,24,64,6,108,20,0,20,128
02/13/2021,MRY,CA,AWP,WE,Towers with Radar,13,17,30,0,60,0,0,5,0,5,13,17,35,0,65,0,0,0,65
02/14/2021,MRY,CA,AWP,WE,Towers with Radar,8,27,34,1,70,0,0,40,1,41,8,27,74,2,111,12,0,12,123
02/15/2021,MRY,CA,AWP,WE,Towers with Radar,12,14,22,0,48,0,1,1,0,2,12,15,23,0,50,0,0,0,50
02/16/2021,MRY,CA,AWP,WE,Towers with Radar,8,20,25,2,55,0,2,28,0,30,8,22,53,2,85,24,0,24,109
02/17/2021,MRY,CA,AWP,WE,Towers with Radar,6,23,22,2,53,0,6,44,0,50,6,29,66,2,103,26,0,26,129
02/18/2021,MRY,CA,AWP,WE,Towers with Radar,10,21,20,1,52,0,2,54,3,59,10,23,74,4,111,26,0,26,137
02/19/2021,MRY,CA,AWP,WE,Towers with Radar,14,19,45,8,86,0,1,9,1,11,14,20,54,9,97,0,0,0,97
02/20/2021,MRY,CA,AWP,WE,Towers with Radar,10,20,13,2,45,0,0,29,1,30,10,20,42,3,75,16,0,16,91
02/21/2021,MRY,CA,AWP,WE,Towers with Radar,12,21,19,0,52,0,1,62,1,64,12,22,81,1,116,4,0,4,120
02/22/2021,MRY,CA,AWP,WE,Towers with Radar,14,21,27,4,66,0,3,39,0,42,14,24,66,4,108,10,0,10,118
02/23/2021,MRY,CA,AWP,WE,Towers with Radar,8,15,24,2,49,0,5,41,0,46,8,20,65,2,95,38,0,38,133
02/24/2021,MRY,CA,AWP,WE,Towers with Radar,8,20,30,5,63,0,5,49,1,55,8,25,79,6,118,36,0,36,154
02/25/2021,MRY,CA,AWP,WE,Towers with Radar,11,18,23,2,54,0,4,50,0,54,11,22,73,2,108,46,0,46,154
02/26/2021,MRY,CA,AWP,WE,Towers with Radar,16,15,28,2,61,0,2,59,1,62,16,17,87,3,123,2,0,2,125
02/27/2021,MRY,CA,AWP,WE,Towers with Radar,10,13,27,0,50,0,1,49,0,50,10,14,76,0,100,8,0,8,108
02/28/2021,MRY,CA,AWP,WE,Towers with Radar,12,12,29,1,54,0,0,108,1,109,12,12,137,2,163,22,0,22,185
03/01/2021,MRY,CA,AWP,WE,Towers with Radar,14,20,24,0,58,0,1,53,1,55,14,21,77,1,113,26,0,26,139
03/02/2021,MRY,CA,AWP,WE,Towers with Radar,8,16,28,1,53,0,3,41,1,45,8,19,69,2,98,0,0,0,98
03/03/2021,MRY,CA,AWP,WE,Towers with Radar,8,19,38,0,65,0,2,22,0,24,8,21,60,0,89,10,0,10,99
03/04/2021,MRY,CA,AWP,WE,Towers with Radar,12,20,37,0,69,1,2,50,0,53,13,22,87,0,122,44,0,44,166
03/05/2021,MRY,CA,AWP,WE,Towers with Radar,16,19,27,1,63,0,6,61,4,71,16,25,88,5,134,38,0,38,172
03/06/2021,MRY,CA,AWP,WE,Towers with Radar,14,12,19,0,45,0,1,54,0,55,14,13,73,0,100,8,0,8,108
03/07/2021,MRY,CA,AWP,WE,Towers with Radar,13,11,43,0,67,1,1,76,0,78,14,12,119,0,145,0,0,0,145
03/08/2021,MRY,CA,AWP,WE,Towers with Radar,16,15,31,0,62,0,1,27,2,30,16,16,58,2,92,18,2,20,112
03/09/2021,MRY,CA,AWP,WE,Towers with Radar,12,13,30,7,62,0,0,17,1,18,12,13,47,8,80,0,0,0,80
03/10/2021,MRY,CA,AWP,WE,Towers with Radar,12,20,29,0,61,0,2,7,0,9,12,22,36,0,70,0,0,0,70
03/11/2021,MRY,CA,AWP,WE,Towers with Radar,15,31,38,3,87,0,4,30,0,34,15,35,68,3,121,2,0,2,123
03/12/2021,MRY,CA,AWP,WE,Towers with Radar,16,16,43,0,75,0,4,46,0,50,16,20,89,0,125,20,0,20,145
03/13/2021,MRY,CA,AWP,WE,Towers with Radar,13,22,33,0,68,0,3,29,2,34,13,25,62,2,102,12,0,12,114
03/14/2021,MRY,CA,AWP,WE,Towers with Radar,15,24,38,0,77,0,3,23,1,27,15,27,61,1,104,42,2,44,148
03/15/2021,MRY,CA,AWP,WE,Towers with Radar,19,19,20,0,58,0,0,6,3,9,19,19,26,3,67,0,6,6,73
03/16/2021,MRY,CA,AWP,WE,Towers with Radar,12,22,34,2,70,0,4,36,0,40,12,26,70,2,110,8,0,8,118
03/17/2021,MRY,CA,AWP,WE,Towers with Radar,10,32,24,6,72,0,1,23,0,24,10,33,47,6,96,22,0,22,118
03/18/2021,MRY,CA,AWP,WE,Towers with Radar,14,26,32,0,72,0,1,3,0,4,14,27,35,0,76,0,0,0,76
03/19/2021,MRY,CA,AWP,WE,Towers with Radar,16,22,53,6,97,0,2,4,0,6,16,24,57,6,103,0,0,0,103
03/20/2021,MRY,CA,AWP,WE,Towers with Radar,14,19,32,0,65,0,2,53,0,55,14,21,85,0,120,18,0,18,138
03/21/2021,MRY,CA,AWP,WE,Towers with Radar,14,28,25,2,69,0,4,89,1,94,14,32,114,3,163,14,0,14,177
03/22/2021,MRY,CA,AWP,WE,Towers with Radar,15,19,25,6,65,0,1,21,2,24,15,20,46,8,89,22,14,36,125
03/23/2021,MRY,CA,AWP,WE,Towers with Radar,12,16,16,2,46,0,2,22,0,24,12,18,38,2,70,14,4,18,88
03/24/2021,MRY,CA,AWP,WE,Towers with Radar,12,30,28,0,70,0,2,39,1,42,12,32,67,1,112,16,0,16,128
03/25/2021,MRY,CA,AWP,WE,Towers with Radar,14,17,41,0,72,0,3,11,3,17,14,20,52,3,89,26,0,26,115
03/26/2021,MRY,CA,AWP,WE,Towers with Radar,15,28,29,5,77,0,2,91,2,95,15,30,120,7,172,30,14,44,216
03/27/2021,MRY,CA,AWP,WE,Towers with Radar,14,21,13,5,53,0,4,93,0,97,14,25,106,5,150,18,4,22,172
03/28/2021,MRY,CA,AWP,WE,Towers with Radar,14,27,30,0,71,0,2,85,0,87,14,29,115,0,158,40,0,40,198
03/29/2021,MRY,CA,AWP,WE,Towers with Radar,16,23,33,0,72,0,2,27,2,31,16,25,60,2,103,44,20,64,167
03/30/2021,MRY,CA,AWP,WE,Towers with Radar,12,17,21,1,51,0,2,28,1,31,12,19,49,2,82,18,8,26,108
03/31/2021,MRY,CA,AWP,WE,Towers with Radar,12,24,34,4,74,0,5,60,0,65,12,29,94,4,139,36,0,36,175
04/01/2021,MRY,CA,AWP,WE,Towers with Radar,14,16,34,2,66,0,2,62,0,64,14,18,96,2,130,32,0,32,162
04/02/2021,MRY,CA,AWP,WE,Towers with Radar,16,34,28,2,80,0,3,39,0,42,16,37,67,2,122,34,0,34,156
04/03/2021,MRY,CA,AWP,WE,Towers with Radar,13,13,31,1,58,0,0,30,0,30,13,13,61,1,88,24,0,24,112
04/04/2021,MRY,CA,AWP,WE,Towers with Radar,11,19,12,1,43,0,0,62,0,62,11,19,74,1,105,14,0,14,119
04/05/2021,MRY,CA,AWP,WE,Towers with Radar,15,28,44,0,87,0,0,32,0,32,15,28,76,0,119,0,28,28,147
04/06/2021,MRY,CA,AWP,WE,Towers with Radar,11,16,51,3,81,0,0,30,0,30,11,16,81,3,111,34,4,38,149
04/07/2021,MRY,CA,AWP,WE,Towers with Radar,13,33,28,2,76,0,5,40,0,45,13,38,68,2,121,46,0,46,167
04/08/2021,MRY,CA,AWP,WE,Towers with Radar,15,27,33,2,77,0,5,43,1,49,15,32,76,3,126,22,0,22,148
04/09/2021,MRY,CA,AWP,WE,Towers with Radar,18,34,43,2,97,0,1,43,0,44,18,35,86,2,141,18,0,18,159
04/10/2021,MRY,CA,AWP,WE,Towers with Radar,14,30,31,0,75,0,0,47,0,47,14,30,78,0,122,14,0,14,136
04/11/2021,MRY,CA,AWP,WE,Towers with Radar,13,38,46,0,97,0,1,55,0,56,13,39,101,0,153,44,0,44,197
04/12/2021,MRY,CA,AWP,WE,Towers with Radar,19,16,48,2,85,0,0,17,0,17,19,16,65,2,102,32,18,50,152
04/13/2021,MRY,CA,AWP,WE,Towers with Radar,12,26,53,0,91,0,1,21,0,22,12,27,74,0,113,14,0,14,127
04/14/2021,MRY,CA,AWP,WE,Towers with Radar,13,25,32,3,73,0,1,31,2,34,13,26,63,5,107,8,0,8,115
04/15/2021,MRY,CA,AWP,WE,Towers with Radar,13,27,46,2,88,0,1,51,1,53,13,28,97,3,141,50,0,50,191
04/16/2021,MRY,CA,AWP,WE,Towers with Radar,15,38,40,6,99,0,1,52,1,54,15,39,92,7,153,42,6,48,201
04/17/2021,MRY,CA,AWP,WE,Towers with Radar,13,18,42,0,73,0,1,40,0,41,13,19,82,0,114,52,0,52,166
04/18/2021,MRY,CA,AWP,WE,Towers with Radar,13,27,38,2,80,0,0,87,0,87,13,27,125,2,167,54,0,54,221
04/19/2021,MRY,CA,AWP,WE,Towers with Radar,14,20,29,0,63,0,2,9,0,11,14,22,38,0,74,2,18,20,94
04/20/2021,MRY,CA,AWP,WE,Towers with Radar,13,28,58,2,101,0,0,4,0,4,13,28,62,2,105,0,0,0,105
04/21/2021,MRY,CA,AWP,WE,Towers with Radar,15,31,65,6,117,0,0,3,0,3,15,31,68,6,120,0,0,0,120
04/22/2021,MRY,CA,AWP,WE,Towers with Radar,12,43,66,4,125,0,0,7,0,7,12,43,73,4,132,0,0,0,132
04/23/2021,MRY,CA,AWP,WE,Towers with Radar,15,28,48,2,93,0,0,32,0,32,15,28,80,2,125,40,12,52,177
04/24/2021,MRY,CA,AWP,WE,Towers with Radar,15,15,25,6,61,0,0,56,0,56,15,15,81,6,117,58,34,92,209
04/25/2021,MRY,CA,AWP,WE,Towers with Radar,13,56,51,0,120,0,0,8,0,8,13,56,59,0,128,84,0,84,212
04/26/2021,MRY,CA,AWP,WE,Towers with Radar,15,26,22,6,69,0,0,37,0,37,15,26,59,6,106,58,10,68,174
04/27/2021,MRY,CA,AWP,WE,Towers with Radar,13,38,29,5,85,0,5,47,0,52,13,43,76,5,137,28,0,28,165
04/28/2021,MRY,CA,AWP,WE,Towers with Radar,13,20,45,11,89,0,2,47,0,49,13,22,92,11,138,50,0,50,188
04/29/2021,MRY,CA,AWP,WE,Towers with Radar,14,33,38,0,85,0,2,59,0,61,14,35,97,0,146,0,0,0,146
04/30/2021,MRY,CA,AWP,WE,Towers with Radar,18,19,41,2,80,0,1,43,1,45,18,20,84,3,125,56,0,56,181
05/01/2021,MRY,CA,AWP,WE,Towers with Radar,13,40,48,0,101,0,0,6,7,13,13,40,54,7,114,42,0,42,156
05/02/2021,MRY,CA,AWP,WE,Towers with Radar,11,27,47,0,85,0,2,55,0,57,11,29,102,0,142,82,0,82,224
05/03/2021,MRY,CA,AWP,WE,Towers with Radar,15,29,36,3,83,0,1,53,0,54,15,30,89,3,137,48,20,68,205
05/04/2021,MRY,CA,AWP,WE,Towers with Radar,12,21,31,4,68,0,4,56,0,60,12,25,87,4,128,24,8,32,160
05/05/2021,MRY,CA,AWP,WE,Towers with Radar,14,34,40,1,89,0,0,40,0,40,14,34,80,1,129,0,0,0,129
05/06/2021,MRY,CA,AWP,WE,Towers with Radar,17,29,37,0,83,0,1,29,1,31,17,30,66,1,114,24,0,24,138
05/07/2021,MRY,CA,AWP,WE,Towers with Radar,15,44,35,3,97,0,1,51,3,55,15,45,86,6,152,64,14,78,230
05/08/2021,MRY,CA,AWP,WE,Towers with Radar,11,26,13,0,50,0,2,86,0,88,11,28,99,0,138,54,0,54,192
05/09/2021,MRY,CA,AWP,WE,Towers with Radar,12,37,29,2,80,0,0,91,0,91,12,37,120,2,171,62,0,62,233
05/10/2021,MRY,CA,AWP,WE,Towers with Radar,16,24,45,0,85,0,1,55,2,58,16,25,100,2,143,34,20,54,197
05/11/2021,MRY,CA,AWP,WE,Towers with Radar,11,18,26,1,56,0,1,30,0,31,11,19,56,1,87,34,0,34,121
05/12/2021,MRY,CA,AWP,WE,Towers with Radar,13,33,51,6,103,0,1,33,2,36,13,34,84,8,139,8,0,8,147
05/13/2021,MRY,CA,AWP,WE,Towers with Radar,12,46,45,2,105,0,4,21,0,25,12,50,66,2,130,0,0,0,130
05/14/2021,MRY,CA,AWP,WE,Towers with Radar,17,30,80,3,130,0,0,2,2,4,17,30,82,5,134,18,44,62,196
05/15/2021,MRY,CA,AWP,WE,Towers with Radar,11,24,60,0,95,0,0,4,0,4,11,24,64,0,99,4,0,4,103
05/16/2021,MRY,CA,AWP,WE,Towers with Radar,14,35,83,0,132,0,0,4,0,4,14,35,87,0,136,26,0,26,162
05/17/2021,MRY,CA,AWP,WE,Towers with Radar,14,21,39,0,74,0,0,11,0,11,14,21,50,0,85,16,0,16,101
05/18/2021,MRY,CA,AWP,WE,Towers with Radar,10,30,29,4,73,0,2,40,0,42,10,32,69,4,115,32,0,32,147
05/19/2021,MRY,CA,AWP,WE,Towers with Radar,13,27,36,10,86,0,5,47,0,52,13,32,83,10,138,26,8,34,172
05/20/2021,MRY,CA,AWP,WE,Towers with Radar,12,22,31,1,66,0,4,26,1,31,12,26,57,2,97,4,0,4,101
05/21/2021,MRY,CA,AWP,WE,Towers with Radar,15,39,44,2,100,0,2,30,3,35,15,41,74,5,135,52,8,60,195
05/22/2021,MRY,CA,AWP,WE,Towers with Radar,10,26,52,0,88,0,2,44,0,46,10,28,96,0,134,86,0,86,220
05/23/2021,MRY,CA,AWP,WE,Towers with Radar,13,40,47,0,100,0,2,74,0,76,13,42,121,0,176,88,0,88,264
05/24/2021,MRY,CA,AWP,WE,Towers with Radar,14,25,34,8,81,0,2,41,1,44,14,27,75,9,125,14,0,14,139
05/25/2021,MRY,CA,AWP,WE,Towers with Radar,9,30,41,2,82,0,3,32,1,36,9,33,73,3,118,30,0,30,148
05/26/2021,MRY,CA,AWP,WE,Towers with Radar,13,39,64,7,123,0,0,25,0,25,13,39,89,7,148,0,0,0,148
05/27/2021,MRY,CA,AWP,WE,Towers with Radar,11,34,68,0,113,0,0,39,0,39,11,34,107,0,152,28,0,28,180
05/28/2021,MRY,CA,AWP,WE,Towers with Radar,15,30,73,0,118,0,1,31,1,33,15,31,104,1,151,48,12,60,211
05/29/2021,MRY,CA,AWP,WE,Towers with Radar,11,21,51,0,83,0,0,13,0,13,11,21,64,0,96,36,0,36,132
05/30/2021,MRY,CA,AWP,WE,Towers with Radar,11,23,46,0,80,0,0,79,0,79,11,23,125,0,159,74,0,74,233
05/31/2021,MRY,CA,AWP,WE,Towers with Radar,14,24,37,0,75,0,2,94,1,97,14,26,131,1,172,52,0,52,224
06/01/2021,MRY,CA,AWP,WE,Towers with Radar,11,31,38,0,80,0,2,26,0,28,11,33,64,0,108,0,0,0,108
06/02/2021,MRY,CA,AWP,WE,Towers with Radar,13,29,39,0,81,0,3,25,0,28,13,32,64,0,109,8,0,8,117
06/03/2021,MRY,CA,AWP,WE,Towers with Radar,15,39,45,1,100,0,1,32,0,33,15,40,77,1,133,36,0,36,169
06/04/2021,MRY,CA,AWP,WE,Towers with Radar,17,29,41,4,91,0,1,40,0,41,17,30,81,4,132,10,0,10,142
06/05/2021,MRY,CA,AWP,WE,Towers with Radar,15,32,26,0,73,0,3,70,0,73,15,35,96,0,146,20,0,20,166
06/06/2021,MRY,CA,AWP,WE,Towers with Radar,13,44,60,0,117,0,2,41,0,43,13,46,101,0,160,0,0,0,160
06/07/2021,MRY,CA,AWP,WE,Towers with Radar,17,17,30,0,64,0,1,16,0,17,17,18,46,0,81,0,0,0,81
06/08/2021,MRY,CA,AWP,WE,Towers with Radar,13,26,38,6,83,0,3,41,3,47,13,29,79,9,130,12,4,16,146
06/09/2021,MRY,CA,AWP,WE,Towers with Radar,13,32,22,2,69,0,2,48,4,54,13,34,70,6,123,6,0,6,129
06/10/2021,MRY,CA,AWP,WE,Towers with Radar,13,28,30,5,76,0,3,53,3,59,13,31,83,8,135,44,0,44,179
06/11/2021,MRY,CA,AWP,WE,Towers with Radar,19,36,32,3,90,0,4,63,1,68,19,40,95,4,158,0,0,0,158
06/12/2021,MRY,CA,AWP,WE,Towers with Radar,12,13,30,0,55,0,1,76,6,83,12,14,106,6,138,10,0,10,148
06/13/2021,MRY,CA,AWP,WE,Towers with Radar,13,43,35,4,95,0,0,79,0,79,13,43,114,4,174,74,0,74,248
06/14/2021,MRY,CA,AWP,WE,Towers with Radar,17,36,36,1,90,0,1,26,1,28,17,37,62,2,118,18,0,18,136
06/15/2021,MRY,CA,AWP,WE,Towers with Radar,14,31,34,15,94,0,2,55,2,59,14,33,89,17,153,26,30,56,209
06/16/2021,MRY,CA,AWP,WE,Towers with Radar,13,27,29,3,72,0,4,72,1,77,13,31,101,4,149,20,0,20,169
06/17/2021,MRY,CA,AWP,WE,Towers with Radar,13,34,28,3,78,0,2,72,2,76,13,36,100,5,154,34,18,52,206
06/18/2021,MRY,CA,AWP,WE,Towers with Radar,15,30,47,2,94,0,3,90,2,95,15,33,137,4,189,66,0,66,255
06/19/2021,MRY,CA,AWP,WE,Towers with Radar,15,22,32,0,69,0,2,59,1,62,15,24,91,1,131,68,0,68,199
06/20/2021,MRY,CA,AWP,WE,Towers with Radar,13,40,42,0,95,0,0,82,0,82,13,40,124,0,177,48,0,48,225
06/21/2021,MRY,CA,AWP,WE,Towers with Radar,15,36,40,0,91,0,1,25,0,26,15,37,65,0,117,76,0,76,193
06/22/2021,MRY,CA,AWP,WE,Towers with Radar,13,30,32,2,77,0,3,29,1,33,13,33,61,3,110,62,0,62,172
06/23/2021,MRY,CA,AWP,WE,Towers with Radar,13,35,53,6,107,0,4,22,9,35,13,39,75,15,142,2,18,20,162
06/24/2021,MRY,CA,AWP,WE,Towers with Radar,13,38,52,2,105,1,3,35,1,40,14,41,87,3,145,50,0,50,195
06/25/2021,MRY,CA,AWP,WE,Towers with Radar,15,45,88,1,149,0,2,42,2,46,15,47,130,3,195,52,0,52,247
06/26/2021,MRY,CA,AWP,WE,Towers with Radar,16,28,45,3,92,0,0,27,0,27,16,28,72,3,119,56,0,56,175
06/27/2021,MRY,CA,AWP,WE,Towers with Radar,13,63,72,2,150,0,0,33,0,33,13,63,105,2,183,0,0,0,183
06/28/2021,MRY,CA,AWP,WE,Towers with Radar,14,35,40,12,101,0,2,15,0,17,14,37,55,12,118,0,0,0,118
06/29/2021,MRY,CA,AWP,WE,Towers with Radar,12,37,52,5,106,0,2,26,0,28,12,39,78,5,134,0,0,0,134
06/30/2021,MRY,CA,AWP,WE,Towers with Radar,12,31,46,8,97,0,0,5,0,5,12,31,51,8,102,46,0,46,148
07/01/2021,MRY,CA,AWP,WE,Towers with Radar,15,33,64,1,113,0,0,10,0,10,15,33,74,1,123,0,0,0,123
07/02/2021,MRY,CA,AWP,WE,Towers with Radar,18,33,61,0,112,0,1,19,0,20,18,34,80,0,132,64,0,64,196
07/03/2021,MRY,CA,AWP,WE,Towers with Radar,11,20,42,0,73,0,6,27,0,33,11,26,69,0,106,54,0,54,160
07/04/2021,MRY,CA,AWP,WE,Towers with Radar,13,13,31,0,57,0,4,24,0,28,13,17,55,0,85,14,0,14,99
07/05/2021,MRY,CA,AWP,WE,Towers with Radar,17,23,50,0,90,0,3,32,1,36,17,26,82,1,126,26,30,56,182
07/06/2021,MRY,CA,AWP,WE,Towers with Radar,14,25,45,2,86,0,1,13,0,14,14,26,58,2,100,36,0,36,136
07/07/2021,MRY,CA,AWP,WE,Towers with Radar,13,24,32,0,69,0,1,8,1,10,13,25,40,1,79,24,0,24,103
07/08/2021,MRY,CA,AWP,WE,Towers with Radar,14,24,33,2,73,0,1,38,1,40,14,25,71,3,113,46,0,46,159
07/09/2021,MRY,CA,AWP,WE,Towers with Radar,19,27,23,4,73,0,5,73,1,79,19,32,96,5,152,40,18,58,210
07/10/2021,MRY,CA,AWP,WE,Towers with Radar,14,23,35,0,72,0,2,75,0,77,14,25,110,0,149,0,0,0,149
07/11/2021,MRY,CA,AWP,WE,Towers with Radar,14,33,66,0,113,0,1,70,0,71,14,34,136,0,184,2,0,2,186
07/12/2021,MRY,CA,AWP,WE,Towers with Radar,18,30,38,2,88,0,0,13,2,15,18,30,51,4,103,18,34,52,155
07/13/2021,MRY,CA,AWP,WE,Towers with Radar,14,25,44,2,85,0,0,6,2,8,14,25,50,4,93,20,0,20,113
07/14/2021,MRY,CA,AWP,WE,Towers with Radar,15,28,63,8,114,0,0,22,0,22,15,28,85,8,136,40,6,46,182
07/15/2021,MRY,CA,AWP,WE,Towers with Radar,14,30,65,4,113,0,0,14,0,14,14,30,79,4,127,18,0,18,145
07/16/2021,MRY,CA,AWP,WE,Towers with Radar,17,42,120,6,185,0,0,26,0,26,17,42,146,6,211,28,0,28,239
07/17/2021,MRY,CA,AWP,WE,Towers with Radar,17,25,32,0,74,0,2,44,0,46,17,27,76,0,120,4,0,4,124
07/18/2021,MRY,CA,AWP,WE,Towers with Radar,14,29,62,0,105,0,4,52,0,56,14,33,114,0,161,12,0,12,173
07/19/2021,MRY,CA,AWP,WE,Towers with Radar,14,30,34,0,78,0,1,50,0,51,14,31,84,0,129,66,40,106,235
07/20/2021,MRY,CA,AWP,WE,Towers with Radar,18,32,39,12,101,0,1,36,3,40,18,33,75,15,141,28,10,38,179
07/21/2021,MRY,CA,AWP,WE,Towers with Radar,13,33,29,8,83,0,1,52,0,53,13,34,81,8,136,28,6,34,170
07/22/2021,MRY,CA,AWP,WE,Towers with Radar,15,45,60,11,131,0,2,37,4,43,15,47,97,15,174,0,4,4,178
07/23/2021,MRY,CA,AWP,WE,Towers with Radar,15,31,42,0,88,0,2,39,0,41,15,33,81,0,129,14,0,14,143
07/24/2021,MRY,CA,AWP,WE,Towers with Radar,15,46,34,0,95,0,2,43,0,45,15,48,77,0,140,0,0,0,140
07/25/2021,MRY,CA,AWP,WE,Towers with Radar,15,34,51,0,100,0,1,38,0,39,15,35,89,0,139,14,0,14,153
07/26/2021,MRY,CA,AWP,WE,Towers with Radar,16,32,48,2,98,0,1,29,1,31,16,33,77,3,129,38,50,88,217
07/27/2021,MRY,CA,AWP,WE,Towers with Radar,14,24,28,4,70,0,4,38,5,47,14,28,66,9,117,42,22,64,181
07/28/2021,MRY,CA,AWP,WE,Towers with Radar,15,20,39,5,79,0,1,26,4,31,15,21,65,9,110,38,6,44,154
07/29/2021,MRY,CA,AWP,WE,Towers with Radar,15,33,44,0,92,0,1,54,0,55,15,34,98,0,147,8,0,8,155
07/30/2021,MRY,CA,AWP,WE,Towers with Radar,17,37,59,13,126,0,1,32,0,33,17,38,91,13,159,32,12,44,203
07/31/2021,MRY,CA,AWP,WE,Towers with Radar,15,27,40,0,82,0,2,44,0,46,15,29,84,0,128,16,0,16,144
08/01/2021,MRY,CA,AWP,WE,Towers with Radar,14,49,51,1,115,0,3,64,0,67,14,52,115,1,182,6,0,6,188
08/02/2021,MRY,CA,AWP,WE,Towers with Radar,15,35,49,8,107,0,1,32,0,33,15,36,81,8,140,40,48,88,228
08/03/2021,MRY,CA,AWP,WE,Towers with Radar,15,45,28,4,92,0,4,30,6,40,15,49,58,10,132,48,6,54,186
08/04/2021,MRY,CA,AWP,WE,Towers with Radar,14,38,42,0,94,0,0,20,0,20,14,38,62,0,114,0,0,0,114
08/05/2021,MRY,CA,AWP,WE,Towers with Radar,15,47,43,2,107,0,0,24,0,24,15,47,67,2,131,14,0,14,145
08/06/2021,MRY,CA,AWP,WE,Towers with Radar,17,45,65,6,133,0,1,29,0,30,17,46,94,6,163,6,0,6,169
08/07/2021,MRY,CA,AWP,WE,Towers with Radar,15,31,49,0,95,0,1,43,1,45,15,32,92,1,140,30,0,30,170
08/08/2021,MRY,CA,AWP,WE,Towers with Radar,15,45,64,0,124,0,0,40,0,40,15,45,104,0,164,0,0,0,164
08/09/2021,MRY,CA,AWP,WE,Towers with Radar,18,53,56,4,131,0,1,38,5,44,18,54,94,9,175,8,28,36,211
08/10/2021,MRY,CA,AWP,WE,Towers with Radar,15,59,64,0,138,0,2,58,5,65,15,61,122,5,203,36,28,64,267
08/11/2021,MRY,CA,AWP,WE,Towers with Radar,15,88,106,15,224,0,1,63,3,67,15,89,169,18,291,20,28,48,339
08/12/2021,MRY,CA,AWP,WE,Towers with Radar,15,95,119,6,235,0,1,65,3,69,15,96,184,9,304,0,0,0,304
08/13/2021,MRY,CA,AWP,WE,Towers with Radar,19,52,94,0,165,0,3,48,1,52,19,55,142,1,217,40,0,40,257
08/14/2021,MRY,CA,AWP,WE,Towers with Radar,15,54,50,0,119,0,1,25,0,26,15,55,75,0,145,0,0,0,145
08/15/2021,MRY,CA,AWP,WE,Towers with Radar,15,132,158,0,305,0,0,35,0,35,15,132,193,0,340,0,0,0,340
08/16/2021,MRY,CA,AWP,WE,Towers with Radar,15,108,126,0,249,0,4,14,2,20,15,112,140,2,269,26,0,26,295
08/17/2021,MRY,CA,AWP,WE,Towers with Radar,16,34,40,12,102,0,1,14,0,15,16,35,54,12,117,0,12,12,129
08/18/2021,MRY,CA,AWP,WE,Towers with Radar,15,34,57,0,106,0,2,27,3,32,15,36,84,3,138,6,0,6,144
08/19/2021,MRY,CA,AWP,WE,Towers with Radar,17,52,65,2,136,0,3,26,3,32,17,55,91,5,168,38,0,38,206
08/20/2021,MRY,CA,AWP,WE,Towers with Radar,19,43,64,0,126,0,0,27,0,27,19,43,91,0,153,68,0,68,221
08/21/2021,MRY,CA,AWP,WE,Towers with Radar,19,23,47,3,92,0,0,4,0,4,19,23,51,3,96,0,0,0,96
08/22/2021,MRY,CA,AWP,WE,Towers with Radar,16,43,63,0,122,0,0,34,0,34,16,43,97,0,156,0,0,0,156
08/23/2021,MRY,CA,AWP,WE,Towers with Radar,20,46,74,10,150,0,0,17,2,19,20,46,91,12,169,26,18,44,213
08/24/2021,MRY,CA,AWP,WE,Towers with Radar,15,42,51,2,110,0,0,1,0,1,15,42,52,2,111,0,0,0,111
08/25/2021,MRY,CA,AWP,WE,Towers with Radar,14,34,39,2,89,0,1,21,5,27,14,35,60,7,116,38,22,60,176
08/26/2021,MRY,CA,AWP,WE,Towers with Radar,16,53,46,2,117,0,1,41,0,42,16,54,87,2,159,8,2,10,169
08/27/2021,MRY,CA,AWP,WE,Towers with Radar,20,45,32,4,101,0,8,44,0,52,20,53,76,4,153,30,0,30,183
08/28/2021,MRY,CA,AWP,WE,Towers with Radar,15,25,35,0,75,0,0,72,0,72,15,25,107,0,147,46,0,46,193
08/29/2021,MRY,CA,AWP,WE,Towers with Radar,16,43,53,0,112,0,2,67,0,69,16,45,120,0,181,20,0,20,201
08/30/2021,MRY,CA,AWP,WE,Towers with Radar,21,34,60,4,119,0,1,18,0,19,21,35,78,4,138,68,8,76,214
08/31/2021,MRY,CA,AWP,WE,Towers with Radar,14,31,38,0,83,0,1,29,0,30,14,32,67,0,113,0,0,0,113
09/01/2021,MRY,CA,AWP,WE,Towers with Radar,15,31,42,10,98,0,2,29,1,32,15,33,71,11,130,42,12,54,184
09/02/2021,MRY,CA,AWP,WE,Towers with Radar,16,44,41,0,101,0,0,39,2,41,16,44,80,2,142,12,0,12,154
09/03/2021,MRY,CA,AWP,WE,Towers with Radar,19,33,62,0,114,0,1,57,0,58,19,34,119,0,172,16,0,16,188
09/04/2021,MRY,CA,AWP,WE,Towers with Radar,16,29,29,0,74,0,0,66,0,66,16,29,95,0,140,56,0,56,196
09/05/2021,MRY,CA,AWP,WE,Towers with Radar,14,35,18,0,67,0,2,48,0,50,14,37,66,0,117,76,0,76,193
09/06/2021,MRY,CA,AWP,WE,Towers with Radar,22,35,48,0,105,0,4,87,0,91,22,39,135,0,196,102,0,102,298
09/07/2021,MRY,CA,AWP,WE,Towers with Radar,14,33,29,0,76,0,2,31,0,33,14,35,60,0,109,0,0,0,109
09/08/2021,MRY,CA,AWP,WE,Towers with Radar,12,27,35,0,74,0,1,59,0,60,12,28,94,0,134,4,0,4,138
09/09/2021,MRY,CA,AWP,WE,Towers with Radar,15,43,45,3,106,0,4,42,0,46,15,47,87,3,152,30,0,30,182
09/10/2021,MRY,CA,AWP,WE,Towers with Radar,17,53,55,0,125,0,3,35,1,39,17,56,90,1,164,0,0,0,164
09/11/2021,MRY,CA,AWP,WE,Towers with Radar,13,26,40,0,79,0,5,63,0,68,13,31,103,0,147,38,0,38,185
09/12/2021,MRY,CA,AWP,WE,Towers with Radar,13,54,74,2,143,0,6,45,0,51,13,60,119,2,194,0,0,0,194
09/13/2021,MRY,CA,AWP,WE,Towers with Radar,19,41,42,9,111,0,1,16,6,23,19,42,58,15,134,24,28,52,186
09/14/2021,MRY,CA,AWP,WE,Towers with Radar,13,36,34,0,83,0,3,33,2,38,13,39,67,2,121,0,0,0,121
09/15/2021,MRY,CA,AWP,WE,Towers with Radar,13,40,43,2,98,0,1,27,0,28,13,41,70,2,126,56,0,56,182
09/16/2021,MRY,CA,AWP,WE,Towers with Radar,15,57,47,1,120,0,2,31,0,33,15,59,78,1,153,18,0,18,171
09/17/2021,MRY,CA,AWP,WE,Towers with Radar,15,43,57,1,116,0,3,35,3,41,15,46,92,4,157,0,0,0,157
09/18/2021,MRY,CA,AWP,WE,Towers with Radar,13,23,24,0,60,0,3,46,0,49,13,26,70,0,109,38,0,38,147
09/19/2021,MRY,CA,AWP,WE,Towers with Radar,13,57,66,0,136,0,1,36,0,37,13,58,102,0,173,28,0,28,201
09/20/2021,MRY,CA,AWP,WE,Towers with Radar,15,40,23,27,105,0,2,80,1,83,15,42,103,28,188,36,48,84,272
09/21/2021,MRY,CA,AWP,WE,Towers with Radar,15,31,22,1,69,0,2,49,0,51,15,33,71,1,120,50,8,58,178
09/22/2021,MRY,CA,AWP,WE,Towers with Radar,13,45,33,10,101,0,3,36,2,41,13,48,69,12,142,42,8,50,192
09/23/2021,MRY,CA,AWP,WE,Towers with Radar,13,47,41,2,103,0,1,40,2,43,13,48,81,4,146,18,0,18,164
09/24/2021,MRY,CA,AWP,WE,Towers with Radar,15,29,41,5,90,0,1,38,2,41,15,30,79,7,131,6,4,10,141
09/25/2021,MRY,CA,AWP,WE,Towers with Radar,13,29,37,0,79,0,1,41,0,42,13,30,78,0,121,46,0,46,167
09/26/2021,MRY,CA,AWP,WE,Towers with Radar,13,58,61,0,132,0,0,69,0,69,13,58,130,0,201,14,0,14,215
09/27/2021,MRY,CA,AWP,WE,Towers with Radar,15,38,43,0,96,0,0,27,7,34,15,38,70,7,130,32,26,58,188
09/28/2021,MRY,CA,AWP,WE,Towers with Radar,14,24,43,0,81,0,2,46,1,49,14,26,89,1,130,88,0,88,218
09/29/2021,MRY,CA,AWP,WE,Towers with Radar,13,37,37,14,101,0,2,55,4,61,13,39,92,18,162,48,12,60,222
09/30/2021,MRY,CA,AWP,WE,Towers with Radar,12,43,55,3,113,0,2,59,0,61,12,45,114,3,174,60,4,64,238
10/01/2021,MRY,CA,AWP,WE,Towers with Radar,17,64,36,0,117,0,5,61,5,71,17,69,97,5,188,70,32,102,290
10/02/2021,MRY,CA,AWP,WE,Towers with Radar,13,31,24,0,68,0,4,72,0,76,13,35,96,0,144,64,0,64,208
10/03/2021,MRY,CA,AWP,WE,Towers with Radar,13,56,56,0,125,0,3,81,0,84,13,59,137,0,209,10,0,10,219
10/04/2021,MRY,CA,AWP,WE,Towers with Radar,17,42,46,0,105,0,2,42,0,44,17,44,88,0,149,62,0,62,211
10/05/2021,MRY,CA,AWP,WE,Towers with Radar,12,33,25,0,70,0,2,31,0,33,12,35,56,0,103,52,0,52,155
10/06/2021,MRY,CA,AWP,WE,Towers with Radar,17,57,44,6,124,0,2,41,0,43,17,59,85,6,167,42,4,46,213
10/07/2021,MRY,CA,AWP,WE,Towers with Radar,15,35,49,2,101,0,1,32,3,36,15,36,81,5,137,0,0,0,137
10/08/2021,MRY,CA,AWP,WE,Towers with Radar,18,41,43,4,106,0,4,37,0,41,18,45,80,4,147,2,0,2,149
10/09/2021,MRY,CA,AWP,WE,Towers with Radar,14,24,34,0,72,0,3,79,0,82,14,27,113,0,154,56,0,56,210
10/10/2021,MRY,CA,AWP,WE,Towers with Radar,14,46,49,2,111,0,2,84,1,87,14,48,133,3,198,12,0,12,210
10/11/2021,MRY,CA,AWP,WE,Towers with Radar,21,42,35,0,98,0,3,28,0,31,21,45,63,0,129,0,0,0,129
10/12/2021,MRY,CA,AWP,WE,Towers with Radar,19,53,41,3,116,0,3,40,0,43,19,56,81,3,159,22,0,22,181
10/13/2021,MRY,CA,AWP,WE,Towers with Radar,14,68,46,9,137,0,4,30,4,38,14,72,76,13,175,12,8,20,195
10/14/2021,MRY,CA,AWP,WE,Towers with Radar,15,69,54,7,145,0,2,56,6,64,15,71,110,13,209,12,12,24,233
10/15/2021,MRY,CA,AWP,WE,Towers with Radar,19,53,64,9,145,0,3,82,2,87,19,56,146,11,232,32,0,32,264
10/16/2021,MRY,CA,AWP,WE,Towers with Radar,17,34,26,0,77,0,5,104,0,109,17,39,130,0,186,20,0,20,206
10/17/2021,MRY,CA,AWP,WE,Towers with Radar,14,84,58,0,156,0,0,40,0,40,14,84,98,0,196,4,0,4,200
10/18/2021,MRY,CA,AWP,WE,Towers with Radar,19,48,31,3,101,0,5,48,3,56,19,53,79,6,157,28,0,28,185
10/19/2021,MRY,CA,AWP,WE,Towers with Radar,17,39,30,2,88,0,4,52,3,59,17,43,82,5,147,6,0,6,153
10/20/2021,MRY,CA,AWP,WE,Towers with Radar,15,54,50,3,122,0,0,11,0,11,15,54,61,3,133,14,0,14,147
10/21/2021,MRY,CA,AWP,WE,Towers with Radar,13,32,33,6,84,0,2,24,0,26,13,34,57,6,110,10,0,10,120
10/22/2021,MRY,CA,AWP,WE,Towers with Radar,19,54,60,0,133,0,1,19,0,20,19,55,79,0,153,14,0,14,167
10/23/2021,MRY,CA,AWP,WE,Towers with Radar,15,34,34,0,83,0,3,49,0,52,15,37,83,0,135,12,0,12,147
10/24/2021,MRY,CA,AWP,WE,Towers with Radar,21,49,32,0,102,0,0,0,0,0,21,49,32,0,102,0,0,0,102
10/25/2021,MRY,CA,AWP,WE,Towers with Radar,36,57,37,0,130,0,1,20,0,21,36,58,57,0,151,30,0,30,181
10/26/2021,MRY,CA,AWP,WE,Towers with Radar,27,57,36,2,122,0,2,34,0,36,27,59,70,2,158,4,0,4,162
10/27/2021,MRY,CA,AWP,WE,Towers with Radar,15,28,24,1,68,0,4,70,2,76,15,32,94,3,144,10,0,10,154
10/28/2021,MRY,CA,AWP,WE,Towers with Radar,13,57,41,6,117,0,5,68,5,78,13,62,109,11,195,32,0,32,227
10/29/2021,MRY,CA,AWP,WE,Towers with Radar,19,25,45,1,90,0,4,65,15,84,19,29,110,16,174,12,0,12,186
10/30/2021,MRY,CA,AWP,WE,Towers with Radar,16,27,40,1,84,0,2,27,6,35,16,29,67,7,119,8,0,8,127
10/31/2021,MRY,CA,AWP,WE,Towers with Radar,13,40,31,0,84,0,6,51,4,61,13,46,82,4,145,0,0,0,145
11/01/2021,MRY,CA,AWP,WE,Towers with Radar,21,29,31,19,100,0,1,14,1,16,21,30,45,20,116,10,20,30,146
11/02/2021,MRY,CA,AWP,WE,Towers with Radar,17,22,31,12,82,0,0,7,2,9,17,22,38,14,91,8,12,20,111
11/03/2021,MRY,CA,AWP,WE,Towers with Radar,16,31,31,0,78,0,4,45,3,52,16,35,76,3,130,60,0,60,190
11/04/2021,MRY,CA,AWP,WE,Towers with Radar,18,48,41,2,109,0,2,26,0,28,18,50,67,2,137,50,4,54,191
11/05/2021,MRY,CA,AWP,WE,Towers with Radar,21,29,26,2,78,0,3,64,1,68,21,32,90,3,146,30,18,48,194
11/06/2021,MRY,CA,AWP,WE,Towers with Radar,17,21,27,1,66,0,5,73,4,82,17,26,100,5,148,54,2,56,204
11/07/2021,MRY,CA,AWP,WE,Towers with Radar,17,44,51,0,112,0,2,70,4,76,17,46,121,4,188,20,0,20,208
11/08/2021,MRY,CA,AWP,WE,Towers with Radar,20,28,37,2,87,0,1,33,1,35,20,29,70,3,122,112,0,112,234
11/09/2021,MRY,CA,AWP,WE,Towers with Radar,17,33,52,2,104,0,1,6,0,7,17,34,58,2,111,0,0,0,111
11/10/2021,MRY,CA,AWP,WE,Towers with Radar,15,36,49,0,100,0,6,38,0,44,15,42,87,0,144,48,0,48,192
11/11/2021,MRY,CA,AWP,WE,Towers with Radar,16,32,38,0,86,0,8,73,0,81,16,40,111,0,167,22,2,24,191
11/12/2021,MRY,CA,AWP,WE,Towers with Radar,21,42,43,0,106,0,2,60,0,62,21,44,103,0,168,18,0,18,186
11/13/2021,MRY,CA,AWP,WE,Towers with Radar,19,36,47,0,102,0,1,104,0,105,19,37,151,0,207,18,0,18,225
11/14/2021,MRY,CA,AWP,WE,Towers with Radar,18,47,59,0,124,0,2,87,0,89,18,49,146,0,213,0,0,0,213
11/15/2021,MRY,CA,AWP,WE,Towers with Radar,24,43,54,6,127,0,0,40,9,49,24,43,94,15,176,24,52,76,252
11/16/2021,MRY,CA,AWP,WE,Towers with Radar,16,33,54,2,105,0,1,4,0,5,16,34,58,2,110,0,0,0,110
11/17/2021,MRY,CA,AWP,WE,Towers with Radar,17,32,33,2,84,0,6,63,0,69,17,38,96,2,153,26,4,30,183
11/18/2021,MRY,CA,AWP,WE,Towers with Radar,16,36,51,4,107,0,1,28,1,30,16,37,79,5,137,24,2,26,163
11/19/2021,MRY,CA,AWP,WE,Towers with Radar,23,41,49,0,113,0,3,28,0,31,23,44,77,0,144,30,0,30,174
11/20/2021,MRY,CA,AWP,WE,Towers with Radar,15,39,34,0,88,0,2,60,0,62,15,41,94,0,150,0,0,0,150
11/21/2021,MRY,CA,AWP,WE,Towers with Radar,16,70,61,0,147,0,0,67,0,67,16,70,128,0,214,18,0,18,232
11/22/2021,MRY,CA,AWP,WE,Towers with Radar,20,36,36,14,106,0,3,45,11,59,20,39,81,25,165,24,68,92,257
11/23/2021,MRY,CA,AWP,WE,Towers with Radar,17,28,28,7,80,0,4,60,0,64,17,32,88,7,144,32,0,32,176
11/24/2021,MRY,CA,AWP,WE,Towers with Radar,18,37,40,4,99,0,2,72,0,74,18,39,112,4,173,6,0,6,179
11/25/2021,MRY,CA,AWP,WE,Towers with Radar,10,10,5,0,25,0,0,25,0,25,10,10,30,0,50,10,0,10,60
11/26/2021,MRY,CA,AWP,WE,Towers with Radar,14,20,34,0,68,0,4,65,0,69,14,24,99,0,137,12,0,12,149
11/27/2021,MRY,CA,AWP,WE,Towers with Radar,17,32,39,0,88,0,1,63,0,64,17,33,102,0,152,12,0,12,164
11/28/2021,MRY,CA,AWP,WE,Towers with Radar,21,44,37,4,106,0,1,78,0,79,21,45,115,4,185,0,0,0,185
11/29/2021,MRY,CA,AWP,WE,Towers with Radar,17,28,29,2,76,0,2,47,5,54,17,30,76,7,130,24,14,38,168
11/30/2021,MRY,CA,AWP,WE,Towers with Radar,16,29,48,9,102,0,3,38,5,46,16,32,86,14,148,18,16,34,182
12/01/2021,MRY,CA,AWP,WE,Towers with Radar,16,25,32,2,75,0,2,51,6,59,16,27,83,8,134,16,18,34,168
12/02/2021,MRY,CA,AWP,WE,Towers with Radar,15,31,35,2,83,0,2,31,0,33,15,33,66,2,116,6,0,6,122
12/03/2021,MRY,CA,AWP,WE,Towers with Radar,19,30,59,4,112,0,0,11,0,11,19,30,70,4,123,4,0,4,127
12/04/2021,MRY,CA,AWP,WE,Towers with Radar,17,20,29,0,66,0,1,9,2,12,17,21,38,2,78,14,0,14,92
12/05/2021,MRY,CA,AWP,WE,Towers with Radar,16,25,44,4,89,0,1,45,0,46,16,26,89,4,135,8,0,8,143
12/06/2021,MRY,CA,AWP,WE,Towers with Radar,17,21,29,2,69,0,0,14,0,14,17,21,43,2,83,0,0,0,83
12/07/2021,MRY,CA,AWP,WE,Towers with Radar,13,18,28,2,61,0,4,18,1,23,13,22,46,3,84,18,0,18,102
12/08/2021,MRY,CA,AWP,WE,Towers with Radar,14,19,49,6,88,0,0,1,0,1,14,19,50,6,89,0,0,0,89
12/09/2021,MRY,CA,AWP,WE,Towers with Radar,17,21,40,9,87,0,7,15,2,24,17,28,55,11,111,0,10,10,121
12/10/2021,MRY,CA,AWP,WE,Towers with Radar,19,36,25,0,80,0,8,57,0,65,19,44,82,0,145,30,0,30,175
12/11/2021,MRY,CA,AWP,WE,Towers with Radar,15,19,32,2,68,0,3,70,0,73,15,22,102,2,141,32,0,32,173
12/12/2021,MRY,CA,AWP,WE,Towers with Radar,15,19,42,0,76,0,0,11,0,11,15,19,53,0,87,10,0,10,97
12/13/2021,MRY,CA,AWP,WE,Towers with Radar,20,10,11,2,43,0,0,1,0,1,20,10,12,2,44,0,8,8,52
12/14/2021,MRY,CA,AWP,WE,Towers with Radar,16,12,20,0,48,0,3,2,1,6,16,15,22,1,54,0,0,0,54
12/15/2021,MRY,CA,AWP,WE,Towers with Radar,15,21,34,3,73,0,4,35,2,41,15,25,69,5,114,8,0,8,122
12/16/2021,MRY,CA,AWP,WE,Towers with Radar,11,26,33,0,70,0,2,17,0,19,11,28,50,0,89,14,0,14,103
12/17/2021,MRY,CA,AWP,WE,Towers with Radar,13,28,39,0,80,0,6,67,0,73,13,34,106,0,153,40,0,40,193
12/18/2021,MRY,CA,AWP,WE,Towers with Radar,14,22,30,2,68,0,7,86,0,93,14,29,116,2,161,30,6,36,197
12/19/2021,MRY,CA,AWP,WE,Towers with Radar,14,26,32,3,75,0,1,36,1,38,14,27,68,4,113,22,0,22,135
12/20/2021,MRY,CA,AWP,WE,Towers with Radar,15,25,32,4,76,0,1,22,2,25,15,26,54,6,101,16,8,24,125
12/21/2021,MRY,CA,AWP,WE,Towers with Radar,9,15,19,2,45,0,2,32,2,36,9,17,51,4,81,24,4,28,109
12/22/2021,MRY,CA,AWP,WE,Towers with Radar,9,27,42,0,78,0,1,2,0,3,9,28,44,0,81,0,0,0,81
12/23/2021,MRY,CA,AWP,WE,Towers with Radar,10,21,24,0,55,0,1,5,0,6,10,22,29,0,61,0,0,0,61
12/24/2021,MRY,CA,AWP,WE,Towers with Radar,12,10,11,0,33,0,3,3,0,6,12,13,14,0,39,0,0,0,39
12/25/2021,MRY,CA,AWP,WE,Towers with Radar,7,18,8,0,33,0,0,4,0,4,7,18,12,0,37,0,0,0,37
12/26/2021,MRY,CA,AWP,WE,Towers with Radar,12,22,23,0,57,0,0,15,0,15,12,22,38,0,72,24,0,24,96
12/27/2021,MRY,CA,AWP,WE,Towers with Radar,11,22,30,0,63,0,1,0,0,1,11,23,30,0,64,0,0,0,64
12/28/2021,MRY,CA,AWP,WE,Towers with Radar,9,23,42,0,74,0,1,8,2,11,9,24,50,2,85,32,0,32,117
12/29/2021,MRY,CA,AWP,WE,Towers with Radar,10,23,32,0,65,0,1,2,0,3,10,24,34,0,68,0,0,0,68
12/30/2021,MRY,CA,AWP,WE,Towers with Radar,9,24,41,0,74,0,4,51,0,55,9,28,92,0,129,34,0,34,163
12/31/2021,MRY,CA,AWP,WE,Towers with Radar,12,20,17,0,49,0,6,46,0,52,12,26,63,0,101,24,0,24,125
01/01/2022,MRY,CA,AWP,WE,Towers with Radar,6,16,20,4,46,0,7,67,0,74,6,23,87,4,120,8,0,8,128
01/02/2022,MRY,CA,AWP,WE,Towers with Radar,10,14,25,0,49,0,3,75,0,78,10,17,100,0,127,0,0,0,127
01/03/2022,MRY,CA,AWP,WE,Towers with Radar,11,15,33,0,59,0,0,13,0,13,11,15,46,0,72,46,0,46,118
01/04/2022,MRY,CA,AWP,WE,Towers with Radar,9,30,19,0,58,0,1,16,0,17,9,31,35,0,75,38,0,38,113
01/05/2022,MRY,CA,AWP,WE,Towers with Radar,10,38,27,3,78,0,0,15,1,16,10,38,42,4,94,26,0,26,120
01/06/2022,MRY,CA,AWP,WE,Towers with Radar,8,19,28,0,55,0,1,18,0,19,8,20,46,0,74,0,0,0,74
01/07/2022,MRY,CA,AWP,WE,Towers with Radar,12,29,36,14,91,0,1,6,0,7,12,30,42,14,98,0,16,16,114
01/08/2022,MRY,CA,AWP,WE,Towers with Radar,10,21,39,0,70,0,3,54,0,57,10,24,93,0,127,42,0,42,169
01/09/2022,MRY,CA,AWP,WE,Towers with Radar,11,25,39,0,75,0,5,91,0,96,11,30,130,0,171,64,0,64,235
01/10/2022,MRY,CA,AWP,WE,Towers with Radar,10,26,22,2,60,0,2,30,5,37,10,28,52,7,97,48,36,84,181
01/11/2022,MRY,CA,AWP,WE,Towers with Radar,8,21,27,8,64,0,2,54,1,57,8,23,81,9,121,38,12,50,171
01/12/2022,MRY,CA,AWP,WE,Towers with Radar,7,27,28,2,64,0,2,35,0,37,7,29,63,2,101,0,0,0,101
01/13/2022,MRY,CA,AWP,WE,Towers with Radar,10,31,25,4,70,0,2,33,0,35,10,33,58,4,105,42,4,46,151
01/14/2022,MRY,CA,AWP,WE,Towers with Radar,12,24,30,0,66,0,2,50,0,52,12,26,80,0,118,10,0,10,128
01/15/2022,MRY,CA,AWP,WE,Towers with Radar,9,16,26,0,51,0,2,66,2,70,9,18,92,2,121,40,0,40,161
01/16/2022,MRY,CA,AWP,WE,Towers with Radar,10,20,22,1,53,0,1,64,0,65,10,21,86,1,118,40,0,40,158
01/17/2022,MRY,CA,AWP,WE,Towers with Radar,10,31,35,0,76,0,1,36,0,37,10,32,71,0,113,60,0,60,173
01/18/2022,MRY,CA,AWP,WE,Towers with Radar,6,24,36,14,80,0,0,16,0,16,6,24,52,14,96,26,14,40,136
01/19/2022,MRY,CA,AWP,WE,Towers with Radar,12,27,29,8,76,0,2,27,0,29,12,29,56,8,105,28,8,36,141
01/20/2022,MRY,CA,AWP,WE,Towers with Radar,12,28,36,4,80,0,4,51,0,55,12,32,87,4,135,24,4,28,163
01/21/2022,MRY,CA,AWP,WE,Towers with Radar,15,27,24,2,68,0,2,41,0,43,15,29,65,2,111,6,0,6,117
01/22/2022,MRY,CA,AWP,WE,Towers with Radar,8,13,19,1,41,0,2,69,0,71,8,15,88,1,112,34,0,34,146
01/23/2022,MRY,CA,AWP,WE,Towers with Radar,7,33,46,0,86,0,2,83,0,85,7,35,129,0,171,28,0,28,199
01/24/2022,MRY,CA,AWP,WE,Towers with Radar,11,20,32,6,69,0,3,33,8,44,11,23,65,14,113,50,24,74,187
01/25/2022,MRY,CA,AWP,WE,Towers with Radar,8,15,24,2,49,0,5,28,4,37,8,20,52,6,86,20,4,24,110
01/26/2022,MRY,CA,AWP,WE,Towers with Radar,11,19,20,2,52,0,3,51,2,56,11,22,71,4,108,34,0,34,142
01/27/2022,MRY,CA,AWP,WE,Towers with Radar,11,30,28,6,75,0,2,55,4,61,11,32,83,10,136,18,6,24,160
01/28/2022,MRY,CA,AWP,WE,Towers with Radar,11,29,31,9,80,0,4,49,2,55,11,33,80,11,135,10,14,24,159
01/29/2022,MRY,CA,AWP,WE,Towers with Radar,8,22,18,0,48,0,1,77,6,84,8,23,95,6,132,72,0,72,204
01/30/2022,MRY,CA,AWP,WE,Towers with Radar,13,43,50,0,106,0,2,76,2,80,13,45,126,2,186,36,0,36,222
01/31/2022,MRY,CA,AWP,WE,Towers with Radar,10,40,53,2,105,0,1,48,6,55,10,41,101,8,160,24,0,24,184
02/01/2022,MRY,CA,AWP,WE,Towers with Radar,9,38,36,0,83,0,6,24,4,34,9,44,60,4,117,20,4,24,141
02/02/2022,MRY,CA,AWP,WE,Towers with Radar,11,35,44,18,108,0,2,43,5,50,11,37,87,23,158,14,18,32,190
02/03/2022,MRY,CA,AWP,WE,Towers with Radar,13,37,40,2,92,0,3,76,0,79,13,40,116,2,171,30,0,30,201
02/04/2022,MRY,CA,AWP,WE,Towers with Radar,10,35,43,0,88,0,2,104,1,107,10,37,147,1,195,30,0,30,225
02/05/2022,MRY,CA,AWP,WE,Towers with Radar,11,31,38,0,80,0,4,90,3,97,11,35,128,3,177,114,0,114,291
02/06/2022,MRY,CA,AWP,WE,Towers with Radar,13,85,78,4,180,0,1,92,0,93,13,86,170,4,273,0,0,0,273
02/07/2022,MRY,CA,AWP,WE,Towers with Radar,15,26,23,13,77,0,2,53,7,62,15,28,76,20,139,28,38,66,205
02/08/2022,MRY,CA,AWP,WE,Towers with Radar,12,22,23,10,67,0,2,56,0,58,12,24,79,10,125,44,4,48,173
02/09/2022,MRY,CA,AWP,WE,Towers with Radar,11,17,24,6,58,0,4,58,4,66,11,21,82,10,124,38,6,44,168
02/10/2022,MRY,CA,AWP,WE,Towers with Radar,13,26,30,14,83,0,5,50,1,56,13,31,80,15,139,4,4,8,147
02/11/2022,MRY,CA,AWP,WE,Towers with Radar,9,27,41,0,77,0,2,79,2,83,9,29,120,2,160,14,0,14,174
02/12/2022,MRY,CA,AWP,WE,Towers with Radar,12,18,20,0,50,0,2,103,0,105,12,20,123,0,155,48,0,48,203
02/13/2022,MRY,CA,AWP,WE,Towers with Radar,13,27,21,0,61,0,0,57,0,57,13,27,78,0,118,8,0,8,126
02/14/2022,MRY,CA,AWP,WE,Towers with Radar,13,32,50,2,97,0,0,2,0,2,13,32,52,2,99,0,0,0,99
02/15/2022,MRY,CA,AWP,WE,Towers with Radar,11,36,31,2,80,0,3,29,1,33,11,39,60,3,113,32,0,32,145
02/16/2022,MRY,CA,AWP,WE,Towers with Radar,14,31,23,11,79,0,4,41,3,48,14,35,64,14,127,16,6,22,149
02/17/2022,MRY,CA,AWP,WE,Towers with Radar,12,32,36,3,83,0,3,53,0,56,12,35,89,3,139,30,0,30,169
02/18/2022,MRY,CA,AWP,WE,Towers with Radar,12,34,41,0,87,0,2,68,2,72,12,36,109,2,159,24,0,24,183
02/19/2022,MRY,CA,AWP,WE,Towers with Radar,9,20,20,0,49,0,1,73,3,77,9,21,93,3,126,46,0,46,172
02/20/2022,MRY,CA,AWP,WE,Towers with Radar,15,43,60,6,124,0,1,10,0,11,15,44,70,6,135,20,0,20,155
02/21/2022,MRY,CA,AWP,WE,Towers with Radar,13,33,48,0,94,0,3,52,0,55,13,36,100,0,149,18,0,18,167
02/22/2022,MRY,CA,AWP,WE,Towers with Radar,10,24,40,0,74,0,4,10,0,14,10,28,50,0,88,10,0,10,98
02/23/2022,MRY,CA,AWP,WE,Towers with Radar,9,26,28,11,74,0,3,52,14,69,9,29,80,25,143,14,44,58,201
02/24/2022,MRY,CA,AWP,WE,Towers with Radar,10,34,32,4,80,0,3,55,0,58,10,37,87,4,138,42,2,44,182
02/25/2022,MRY,CA,AWP,WE,Towers with Radar,15,37,35,2,89,0,3,64,1,68,15,40,99,3,157,26,0,26,183
02/26/2022,MRY,CA,AWP,WE,Towers with Radar,9,31,30,0,70,0,1,82,0,83,9,32,112,0,153,48,0,48,201
02/27/2022,MRY,CA,AWP,WE,Towers with Radar,11,39,34,0,84,0,2,94,0,96,11,41,128,0,180,60,0,60,240
02/28/2022,MRY,CA,AWP,WE,Towers with Radar,12,33,21,2,68,0,1,54,0,55,12,34,75,2,123,46,2,48,171
03/01/2022,MRY,CA,AWP,WE,Towers with Radar,10,26,14,20,70,0,2,41,1,44,10,28,55,21,114,44,24,68,182
03/02/2022,MRY,CA,AWP,WE,Towers with Radar,10,34,22,0,66,0,2,43,3,48,10,36,65,3,114,6,14,20,134
03/03/2022,MRY,CA,AWP,WE,Towers with Radar,14,29,40,0,83,0,3,15,0,18,14,32,55,0,101,8,0,8,109
03/04/2022,MRY,CA,AWP,WE,Towers with Radar,13,18,46,0,77,0,1,4,1,6,13,19,50,1,83,0,0,0,83
03/05/2022,MRY,CA,AWP,WE,Towers with Radar,11,26,20,0,57,0,2,24,2,28,11,28,44,2,85,18,0,18,103
03/06/2022,MRY,CA,AWP,WE,Towers with Radar,12,28,32,0,72,0,2,66,0,68,12,30,98,0,140,0,0,0,140
03/07/2022,MRY,CA,AWP,WE,Towers with Radar,16,31,20,0,67,0,1,45,0,46,16,32,65,0,113,18,0,18,131
03/08/2022,MRY,CA,AWP,WE,Towers with Radar,10,25,35,2,72,0,4,48,1,53,10,29,83,3,125,52,0,52,177
03/09/2022,MRY,CA,AWP,WE,Towers with Radar,10,30,42,14,96,0,6,45,0,51,10,36,87,14,147,8,8,16,163
03/10/2022,MRY,CA,AWP,WE,Towers with Radar,12,30,26,10,78,0,2,38,2,42,12,32,64,12,120,38,2,40,160
03/11/2022,MRY,CA,AWP,WE,Towers with Radar,13,21,36,1,71,0,2,68,0,70,13,23,104,1,141,0,0,0,141
03/12/2022,MRY,CA,AWP,WE,Towers with Radar,11,29,28,0,68,0,3,80,0,83,11,32,108,0,151,0,0,0,151
03/13/2022,MRY,CA,AWP,WE,Towers with Radar,13,34,62,0,109,0,0,37,0,37,13,34,99,0,146,0,0,0,146
03/14/2022,MRY,CA,AWP,WE,Towers with Radar,13,27,35,0,75,0,1,33,4,38,13,28,68,4,113,28,0,28,141
03/15/2022,MRY,CA,AWP,WE,Towers with Radar,12,17,44,6,79,0,1,11,0,12,12,18,55,6,91,20,0,20,111
03/16/2022,MRY,CA,AWP,WE,Towers with Radar,12,19,40,14,85,0,2,49,5,56,12,21,89,19,141,24,28,52,193
03/17/2022,MRY,CA,AWP,WE,Towers with Radar,13,29,29,7,78,0,1,40,0,41,13,30,69,7,119,8,0,8,127
03/18/2022,MRY,CA,AWP,WE,Towers with Radar,17,30,43,3,93,0,16,54,2,72,17,46,97,5,165,26,0,26,191
03/19/2022,MRY,CA,AWP,WE,Towers with Radar,13,28,37,0,78,0,0,4,0,4,13,28,41,0,82,0,0,0,82
03/20/2022,MRY,CA,AWP,WE,Towers with Radar,13,37,33,0,83,0,0,93,0,93,13,37,126,0,176,24,0,24,200
03/21/2022,MRY,CA,AWP,WE,Towers with Radar,13,27,28,0,68,0,1,40,8,49,13,28,68,8,117,48,10,58,175
03/22/2022,MRY,CA,AWP,WE,Towers with Radar,12,26,35,5,78,0,2,57,2,61,12,28,92,7,139,56,4,60,199
03/23/2022,MRY,CA,AWP,WE,Towers with Radar,28,26,40,12,106,0,1,17,2,20,28,27,57,14,126,14,4,18,144
03/24/2022,MRY,CA,AWP,WE,Towers with Radar,17,46,38,6,107,0,0,29,4,33,17,46,67,10,140,18,2,20,160
03/25/2022,MRY,CA,AWP,WE,Towers with Radar,14,31,52,0,97,0,1,47,0,48,14,32,99,0,145,0,0,0,145
03/26/2022,MRY,CA,AWP,WE,Towers with Radar,10,19,24,4,57,0,3,56,0,59,10,22,80,4,116,46,0,46,162
03/27/2022,MRY,CA,AWP,WE,Towers with Radar,11,27,40,0,78,0,0,26,0,26,11,27,66,0,104,0,0,0,104
03/28/2022,MRY,CA,AWP,WE,Towers with Radar,13,35,22,4,74,0,0,10,1,11,13,35,32,5,85,0,4,4,89
03/29/2022,MRY,CA,AWP,WE,Towers with Radar,10,26,57,2,95,0,0,2,0,2,10,26,59,2,97,0,0,0,97
03/30/2022,MRY,CA,AWP,WE,Towers with Radar,10,43,40,2,95,0,2,14,0,16,10,45,54,2,111,24,0,24,135
03/31/2022,MRY,CA,AWP,WE,Towers with Radar,11,52,41,0,104,0,2,35,0,37,11,54,76,0,141,12,0,12,153
04/01/2022,MRY,CA,AWP,WE,Towers with Radar,11,33,48,2,94,0,1,55,2,58,11,34,103,4,152,42,0,42,194
04/02/2022,MRY,CA,AWP,WE,Towers with Radar,10,25,46,0,81,0,1,33,0,34,10,26,79,0,115,24,0,24,139
04/03/2022,MRY,CA,AWP,WE,Towers with Radar,11,46,47,0,104,0,0,67,0,67,11,46,114,0,171,24,0,24,195
04/04/2022,MRY,CA,AWP,WE,Towers with Radar,13,23,29,0,65,0,1,57,6,64,13,24,86,6,129,68,34,102,231
04/05/2022,MRY,CA,AWP,WE,Towers with Radar,12,29,31,11,83,0,3,70,1,74,12,32,101,12,157,64,8,72,229
04/06/2022,MRY,CA,AWP,WE,Towers with Radar,10,24,31,16,81,0,7,45,1,53,10,31,76,17,134,34,14,48,182
04/07/2022,MRY,CA,AWP,WE,Towers with Radar,12,29,36,3,80,0,5,68,0,73,12,34,104,3,153,20,2,22,175
04/08/2022,MRY,CA,AWP,WE,Towers with Radar,12,32,35,6,85,0,7,92,0,99,12,39,127,6,184,58,0,58,242
04/09/2022,MRY,CA,AWP,WE,Towers with Radar,10,33,23,2,68,0,1,91,1,93,10,34,114,3,161,26,0,26,187
04/10/2022,MRY,CA,AWP,WE,Towers with Radar,12,40,39,0,91,0,2,57,1,60,12,42,96,1,151,32,0,32,183
04/11/2022,MRY,CA,AWP,WE,Towers with Radar,12,32,20,0,64,0,1,1,0,2,12,33,21,0,66,0,0,0,66
04/12/2022,MRY,CA,AWP,WE,Towers with Radar,9,27,27,7,70,0,2,28,2,32,9,29,55,9,102,0,6,6,108
04/13/2022,MRY,CA,AWP,WE,Towers with Radar,10,38,31,4,83,0,2,54,0,56,10,40,85,4,139,16,0,16,155
04/14/2022,MRY,CA,AWP,WE,Towers with Radar,11,40,33,0,84,0,0,19,0,19,11,40,52,0,103,0,0,0,103
04/15/2022,MRY,CA,AWP,WE,Towers with Radar,11,31,49,2,93,0,3,63,1,67,11,34,112,3,160,40,0,40,200
04/16/2022,MRY,CA,AWP,WE,Towers with Radar,10,37,26,1,74,0,0,11,0,11,10,37,37,1,85,0,0,0,85
04/17/2022,MRY,CA,AWP,WE,Towers with Radar,12,36,25,0,73,0,0,75,0,75,12,36,100,0,148,46,0,46,194
04/18/2022,MRY,CA,AWP,WE,Towers with Radar,12,45,32,4,93,0,3,52,0,55,12,48,84,4,148,34,56,90,238
04/19/2022,MRY,CA,AWP,WE,Towers with Radar,10,29,32,2,73,0,3,17,4,24,10,32,49,6,97,28,10,38,135
04/20/2022,MRY,CA,AWP,WE,Towers with Radar,10,32,30,7,79,0,2,60,2,64,10,34,90,9,143,32,6,38,181
04/21/2022,MRY,CA,AWP,WE,Towers with Radar,12,53,59,0,124,0,1,3,0,4,12,54,62,0,128,20,0,20,148
04/22/2022,MRY,CA,AWP,WE,Towers with Radar,12,41,27,3,83,0,2,49,1,52,12,43,76,4,135,16,6,22,157
04/23/2022,MRY,CA,AWP,WE,Towers with Radar,10,30,27,0,67,0,5,70,0,75,10,35,97,0,142,16,0,16,158
04/24/2022,MRY,CA,AWP,WE,Towers with Radar,11,55,58,0,124,0,0,93,0,93,11,55,151,0,217,22,0,22,239
04/25/2022,MRY,CA,AWP,WE,Towers with Radar,14,38,32,0,84,0,1,62,0,63,14,39,94,0,147,62,34,96,243
04/26/2022,MRY,CA,AWP,WE,Towers with Radar,10,28,37,2,77,0,2,29,5,36,10,30,66,7,113,4,4,8,121
04/27/2022,MRY,CA,AWP,WE,Towers with Radar,10,40,40,12,102,0,2,52,0,54,10,42,92,12,156,14,6,20,176
04/28/2022,MRY,CA,AWP,WE,Towers with Radar,12,44,52,1,109,0,2,35,1,38,12,46,87,2,147,26,0,26,173
04/29/2022,MRY,CA,AWP,WE,Towers with Radar,13,50,36,0,99,0,5,68,0,73,13,55,104,0,172,30,0,30,202
04/30/2022,MRY,CA,AWP,WE,Towers with Radar,10,31,34,2,77,0,0,36,0,36,10,31,70,2,113,12,0,12,125
05/01/2022,MRY,CA,AWP,WE,Towers with Radar,9,56,55,0,120,0,4,95,0,99,9,60,150,0,219,20,0,20,239
05/02/2022,MRY,CA,AWP,WE,Towers with Radar,10,39,38,2,89,0,1,16,3,20,10,40,54,5,109,6,0,6,115
05/03/2022,MRY,CA,AWP,WE,Towers with Radar,8,24,39,3,74,0,2,56,1,59,8,26,95,4,133,44,0,44,177
05/04/2022,MRY,CA,AWP,WE,Towers with Radar,8,46,36,1,91,0,3,39,0,42,8,49,75,1,133,2,0,2,135
05/05/2022,MRY,CA,AWP,WE,Towers with Radar,14,34,40,2,90,0,4,39,4,47,14,38,79,6,137,60,2,62,199
05/06/2022,MRY,CA,AWP,WE,Towers with Radar,10,49,46,0,105,0,0,47,0,47,10,49,93,0,152,42,0,42,194
05/07/2022,MRY,CA,AWP,WE,Towers with Radar,10,23,25,4,62,0,1,69,1,71,10,24,94,5,133,12,0,12,145
05/08/2022,MRY,CA,AWP,WE,Towers with Radar,12,32,36,0,80,0,0,43,0,43,12,32,79,0,123,0,0,0,123
05/09/2022,MRY,CA,AWP,WE,Towers with Radar,14,26,37,6,83,0,1,46,0,47,14,27,83,6,130,38,6,44,174
05/10/2022,MRY,CA,AWP,WE,Towers with Radar,9,33,19,0,61,0,1,48,0,49,9,34,67,0,110,44,0,44,154
05/11/2022,MRY,CA,AWP,WE,Towers with Radar,8,30,25,8,71,0,4,46,7,57,8,34,71,15,128,12,6,18,146
05/12/2022,MRY,CA,AWP,WE,Towers with Radar,12,42,27,0,81,0,6,48,1,55,12,48,75,1,136,12,0,12,148
05/13/2022,MRY,CA,AWP,WE,Towers with Radar,12,29,35,6,82,0,4,96,0,100,12,33,131,6,182,34,2,36,218
05/14/2022,MRY,CA,AWP,WE,Towers with Radar,12,31,47,2,92,0,2,94,2,98,12,33,141,4,190,26,0,26,216
05/15/2022,MRY,CA,AWP,WE,Towers with Radar,11,28,51,0,90,0,1,26,0,27,11,29,77,0,117,0,0,0,117
05/16/2022,MRY,CA,AWP,WE,Towers with Radar,14,30,45,0,89,0,1,20,0,21,14,31,65,0,110,4,0,4,114
05/17/2022,MRY,CA,AWP,WE,Towers with Radar,9,28,42,0,79,0,1,33,7,41,9,29,75,7,120,8,0,8,128
05/18/2022,MRY,CA,AWP,WE,Towers with Radar,8,34,29,9,80,0,3,57,1,61,8,37,86,10,141,64,2,66,207
05/19/2022,MRY,CA,AWP,WE,Towers with Radar,12,39,50,1,102,0,2,83,6,91,12,41,133,7,193,82,20,102,295
05/20/2022,MRY,CA,AWP,WE,Towers with Radar,14,33,39,4,90,0,2,79,1,82,14,35,118,5,172,38,0,38,210
05/21/2022,MRY,CA,AWP,WE,Towers with Radar,12,16,34,0,62,0,4,87,0,91,12,20,121,0,153,8,0,8,161
05/22/2022,MRY,CA,AWP,WE,Towers with Radar,11,38,49,1,99,0,3,64,0,67,11,41,113,1,166,14,0,14,180
05/23/2022,MRY,CA,AWP,WE,Towers with Radar,14,27,29,2,72,0,1,51,0,52,14,28,80,2,124,8,0,8,132
05/24/2022,MRY,CA,AWP,WE,Towers with Radar,10,23,37,0,70,0,8,37,2,47,10,31,74,2,117,38,0,38,155
05/25/2022,MRY,CA,AWP,WE,Towers with Radar,10,31,45,1,87,0,3,62,0,65,10,34,107,1,152,12,0,12,164
05/26/2022,MRY,CA,AWP,WE,Towers with Radar,11,34,50,0,95,0,2,18,0,20,11,36,68,0,115,22,0,22,137
05/27/2022,MRY,CA,AWP,WE,Towers with Radar,14,38,54,0,106,0,1,37,0,38,14,39,91,0,144,44,0,44,188
05/28/2022,MRY,CA,AWP,WE,Towers with Radar,12,20,39,0,71,0,1,66,0,67,12,21,105,0,138,62,0,62,200
05/29/2022,MRY,CA,AWP,WE,Towers with Radar,11,34,30,0,75,0,2,70,1,73,11,36,100,1,148,18,0,18,166
05/30/2022,MRY,CA,AWP,WE,Towers with Radar,12,29,37,0,78,0,2,83,0,85,12,31,120,0,163,12,0,12,175
05/31/2022,MRY,CA,AWP,WE,Towers with Radar,10,29,28,0,67,0,2,54,3,59,10,31,82,3,126,34,4,38,164
06/01/2022,MRY,CA,AWP,WE,Towers with Radar,10,40,34,1,85,0,2,53,0,55,10,42,87,1,140,72,0,72,212
06/02/2022,MRY,CA,AWP,WE,Towers with Radar,12,45,30,0,87,0,2,55,0,57,12,47,85,0,144,30,0,30,174
06/03/2022,MRY,CA,AWP,WE,Towers with Radar,13,24,46,8,91,0,0,26,1,27,13,24,72,9,118,28,6,34,152
06/04/2022,MRY,CA,AWP,WE,Towers with Radar,16,23,27,0,66,0,2,36,0,38,16,25,63,0,104,6,0,6,110
06/05/2022,MRY,CA,AWP,WE,Towers with Radar,17,49,56,2,124,0,2,21,0,23,17,51,77,2,147,30,0,30,177
06/06/2022,MRY,CA,AWP,WE,Towers with Radar,17,32,40,0,89,0,1,36,0,37,17,33,76,0,126,2,0,2,128
06/07/2022,MRY,CA,AWP,WE,Towers with Radar,17,24,60,0,101,0,2,34,4,40,17,26,94,4,141,52,2,54,195
06/08/2022,MRY,CA,AWP,WE,Towers with Radar,19,28,31,0,78,0,2,65,2,69,19,30,96,2,147,20,0,20,167
06/09/2022,MRY,CA,AWP,WE,Towers with Radar,17,46,22,5,90,0,2,55,0,57,17,48,77,5,147,42,0,42,189
06/10/2022,MRY,CA,AWP,WE,Towers with Radar,18,28,26,0,72,0,2,69,0,71,18,30,95,0,143,12,0,12,155
06/11/2022,MRY,CA,AWP,WE,Towers with Radar,16,22,19,0,57,0,4,105,0,109,16,26,124,0,166,46,0,46,212
06/12/2022,MRY,CA,AWP,WE,Towers with Radar,17,32,45,2,96,0,1,44,0,45,17,33,89,2,141,2,0,2,143
06/13/2022,MRY,CA,AWP,WE,Towers with Radar,18,33,14,4,69,0,1,50,0,51,18,34,64,4,120,16,0,16,136
06/14/2022,MRY,CA,AWP,WE,Towers with Radar,15,28,33,8,84,0,2,57,1,60,15,30,90,9,144,24,2,26,170
06/15/2022,MRY,CA,AWP,WE,Towers with Radar,17,20,33,1,71,0,2,72,0,74,17,22,105,1,145,36,0,36,181
06/16/2022,MRY,CA,AWP,WE,Towers with Radar,17,47,27,4,95,0,3,47,0,50,17,50,74,4,145,46,0,46,191
06/17/2022,MRY,CA,AWP,WE,Towers with Radar,18,34,46,1,99,0,8,51,0,59,18,42,97,1,158,8,0,8,166
06/18/2022,MRY,CA,AWP,WE,Towers with Radar,16,23,23,0,62,0,1,71,0,72,16,24,94,0,134,28,0,28,162
06/19/2022,MRY,CA,AWP,WE,Towers with Radar,17,35,21,0,73,0,2,86,0,88,17,37,107,0,161,10,0,10,171
06/20/2022,MRY,CA,AWP,WE,Towers with Radar,20,33,44,0,97,0,7,66,1,74,20,40,110,1,171,48,0,48,219
06/21/2022,MRY,CA,AWP,WE,Towers with Radar,17,34,22,25,98,0,4,48,6,58,17,38,70,31,156,22,28,50,206
06/22/2022,MRY,CA,AWP,WE,Towers with Radar,20,43,38,0,101,0,1,50,2,53,20,44,88,2,154,30,0,30,184
06/23/2022,MRY,CA,AWP,WE,Towers with Radar,19,35,50,10,114,0,2,57,0,59,19,37,107,10,173,18,4,22,195
06/24/2022,MRY,CA,AWP,WE,Towers with Radar,16,41,55,0,112,0,5,77,0,82,16,46,132,0,194,32,0,32,226
06/25/2022,MRY,CA,AWP,WE,Towers with Radar,16,23,21,0,60,0,3,45,0,48,16,26,66,0,108,22,0,22,130
06/26/2022,MRY,CA,AWP,WE,Towers with Radar,17,51,67,2,137,0,0,44,0,44,17,51,111,2,181,0,0,0,181
06/27/2022,MRY,CA,AWP,WE,Towers with Radar,17,32,37,0,86,0,1,32,1,34,17,33,69,1,120,0,0,0,120
06/28/2022,MRY,CA,AWP,WE,Towers with Radar,16,27,28,1,72,0,0,45,6,51,16,27,73,7,123,60,4,64,187
06/29/2022,MRY,CA,AWP,WE,Towers with Radar,18,38,27,0,83,0,0,34,4,38,18,38,61,4,121,14,12,26,147
06/30/2022,MRY,CA,AWP,WE,Towers with Radar,17,51,44,8,120,0,0,36,0,36,17,51,80,8,156,12,2,14,170
07/01/2022,MRY,CA,AWP,WE,Towers with Radar,16,38,52,0,106,0,0,19,0,19,16,38,71,0,125,0,0,0,125
07/02/2022,MRY,CA,AWP,WE,Towers with Radar,15,19,36,0,70,0,1,15,0,16,15,20,51,0,86,0,0,0,86
07/03/2022,MRY,CA,AWP,WE,Towers with Radar,13,27,28,0,68,0,0,30,0,30,13,27,58,0,98,0,0,0,98
07/04/2022,MRY,CA,AWP,WE,Towers with Radar,19,25,13,4,61,0,1,43,0,44,19,26,56,4,105,12,0,12,117
07/05/2022,MRY,CA,AWP,WE,Towers with Radar,17,29,40,2,88,0,2,14,0,16,17,31,54,2,104,30,0,30,134
07/06/2022,MRY,CA,AWP,WE,Towers with Radar,17,21,32,0,70,0,2,42,0,44,17,23,74,0,114,18,0,18,132
07/07/2022,MRY,CA,AWP,WE,Towers with Radar,17,26,39,6,88,0,2,40,0,42,17,28,79,6,130,8,2,10,140
07/08/2022,MRY,CA,AWP,WE,Towers with Radar,19,31,37,0,87,0,3,69,0,72,19,34,106,0,159,0,0,0,159
07/09/2022,MRY,CA,AWP,WE,Towers with Radar,15,20,37,0,72,0,1,39,0,40,15,21,76,0,112,16,0,16,128
07/10/2022,MRY,CA,AWP,WE,Towers with Radar,18,35,54,0,107,0,2,51,0,53,18,37,105,0,160,0,0,0,160
07/11/2022,MRY,CA,AWP,WE,Towers with Radar,17,27,36,4,84,0,1,38,0,39,17,28,74,4,123,56,0,56,179
07/12/2022,MRY,CA,AWP,WE,Towers with Radar,16,23,33,10,82,0,2,34,2,38,16,25,67,12,120,24,8,32,152
07/13/2022,MRY,CA,AWP,WE,Towers with Radar,17,33,26,2,78,0,6,40,0,46,17,39,66,2,124,52,0,52,176
07/14/2022,MRY,CA,AWP,WE,Towers with Radar,17,35,54,2,108,0,1,35,1,37,17,36,89,3,145,10,0,10,155
07/15/2022,MRY,CA,AWP,WE,Towers with Radar,17,43,43,0,103,0,3,32,0,35,17,46,75,0,138,2,0,2,140
07/16/2022,MRY,CA,AWP,WE,Towers with Radar,14,28,39,0,81,0,0,38,0,38,14,28,77,0,119,28,0,28,147
07/17/2022,MRY,CA,AWP,WE,Towers with Radar,14,43,62,0,119,0,2,73,2,77,14,45,135,2,196,46,0,46,242
07/18/2022,MRY,CA,AWP,WE,Towers with Radar,17,39,20,25,101,0,8,55,2,65,17,47,75,27,166,28,32,60,226
07/19/2022,MRY,CA,AWP,WE,Towers with Radar,18,40,45,2,105,0,3,38,0,41,18,43,83,2,146,102,0,102,248
07/20/2022,MRY,CA,AWP,WE,Towers with Radar,16,29,43,1,89,0,1,35,1,37,16,30,78,2,126,28,0,28,154
07/21/2022,MRY,CA,AWP,WE,Towers with Radar,16,43,54,0,113,0,1,49,0,50,16,44,103,0,163,14,0,14,177
07/22/2022,MRY,CA,AWP,WE,Towers with Radar,18,32,38,2,90,0,4,55,0,59,18,36,93,2,149,76,0,76,225
07/23/2022,MRY,CA,AWP,WE,Towers with Radar,15,39,37,0,91,0,0,32,0,32,15,39,69,0,123,24,0,24,147
07/24/2022,MRY,CA,AWP,WE,Towers with Radar,15,37,44,0,96,0,2,23,0,25,15,39,67,0,121,0,0,0,121
07/25/2022,MRY,CA,AWP,WE,Towers with Radar,17,20,37,0,74,0,1,23,0,24,17,21,60,0,98,94,0,94,192
07/26/2022,MRY,CA,AWP,WE,Towers with Radar,17,34,40,0,91,0,1,31,0,32,17,35,71,0,123,60,0,60,183
07/27/2022,MRY,CA,AWP,WE,Towers with Radar,16,18,37,4,75,0,2,33,0,35,16,20,70,4,110,34,0,34,144
07/28/2022,MRY,CA,AWP,WE,Towers with Radar,17,50,28,0,95,0,1,28,0,29,17,51,56,0,124,8,0,8,132
07/29/2022,MRY,CA,AWP,WE,Towers with Radar,19,43,52,0,114,0,0,38,0,38,19,43,90,0,152,26,0,26,178
07/30/2022,MRY,CA,AWP,WE,Towers with Radar,15,34,40,0,89,0,3,61,0,64,15,37,101,0,153,16,0,16,169
07/31/2022,MRY,CA,AWP,WE,Towers with Radar,17,43,50,0,110,0,0,47,0,47,17,43,97,0,157,72,0,72,229
08/01/2022,MRY,CA,AWP,WE,Towers with Radar,19,32,39,2,92,0,1,41,0,42,19,33,80,2,134,126,0,126,260
08/02/2022,MRY,CA,AWP,WE,Towers with Radar,17,26,25,0,68,0,3,45,0,48,17,29,70,0,116,70,0,70,186
08/03/2022,MRY,CA,AWP,WE,Towers with Radar,17,22,24,3,66,0,2,53,0,55,17,24,77,3,121,24,0,24,145
08/04/2022,MRY,CA,AWP,WE,Towers with Radar,17,53,62,2,134,0,0,37,6,43,17,53,99,8,177,12,8,20,197
08/05/2022,MRY,CA,AWP,WE,Towers with Radar,22,38,59,0,119,0,1,54,0,55,22,39,113,0,174,30,0,30,204
08/06/2022,MRY,CA,AWP,WE,Towers with Radar,15,31,38,4,88,0,3,74,0,77,15,34,112,4,165,26,0,26,191
08/07/2022,MRY,CA,AWP,WE,Towers with Radar,14,52,59,1,126,0,2,56,0,58,14,54,115,1,184,8,0,8,192
08/08/2022,MRY,CA,AWP,WE,Towers with Radar,22,41,30,1,94,0,2,64,2,68,22,43,94,3,162,52,2,54,216
08/09/2022,MRY,CA,AWP,WE,Towers with Radar,16,33,36,4,89,0,5,66,1,72,16,38,102,5,161,24,0,24,185
08/10/2022,MRY,CA,AWP,WE,Towers with Radar,17,23,20,5,65,0,3,62,9,74,17,26,82,14,139,8,14,22,161
08/11/2022,MRY,CA,AWP,WE,Towers with Radar,15,34,31,4,84,0,3,63,8,74,15,37,94,12,158,44,18,62,220
08/12/2022,MRY,CA,AWP,WE,Towers with Radar,19,34,42,5,100,0,2,56,5,63,19,36,98,10,163,34,4,38,201
08/13/2022,MRY,CA,AWP,WE,Towers with Radar,15,28,39,0,82,0,1,91,0,92,15,29,130,0,174,26,6,32,206
08/14/2022,MRY,CA,AWP,WE,Towers with Radar,16,35,43,0,94,0,0,54,0,54,16,35,97,0,148,10,0,10,158
08/15/2022,MRY,CA,AWP,WE,Towers with Radar,18,42,33,2,95,0,2,20,0,22,18,44,53,2,117,16,0,16,133
08/16/2022,MRY,CA,AWP,WE,Towers with Radar,14,41,66,4,125,0,1,36,3,40,14,42,102,7,165,34,2,36,201
08/17/2022,MRY,CA,AWP,WE,Towers with Radar,17,74,92,5,188,0,2,42,2,46,17,76,134,7,234,0,0,0,234
08/18/2022,MRY,CA,AWP,WE,Towers with Radar,20,95,119,1,235,0,2,53,0,55,20,97,172,1,290,0,0,0,290
08/19/2022,MRY,CA,AWP,WE,Towers with Radar,19,55,100,4,178,0,0,19,0,19,19,55,119,4,197,0,0,0,197
08/20/2022,MRY,CA,AWP,WE,Towers with Radar,14,59,55,0,128,0,0,47,0,47,14,59,102,0,175,0,0,0,175
08/21/2022,MRY,CA,AWP,WE,Towers with Radar,14,148,156,0,318,0,2,37,0,39,14,150,193,0,357,0,0,0,357
08/22/2022,MRY,CA,AWP,WE,Towers with Radar,19,90,112,0,221,0,1,29,0,30,19,91,141,0,251,10,0,10,261
08/23/2022,MRY,CA,AWP,WE,Towers with Radar,13,23,33,0,69,0,0,13,0,13,13,23,46,0,82,0,0,0,82
08/24/2022,MRY,CA,AWP,WE,Towers with Radar,17,40,45,3,105,0,1,34,0,35,17,41,79,3,140,0,0,0,140
08/25/2022,MRY,CA,AWP,WE,Towers with Radar,17,28,57,2,104,0,0,25,0,25,17,28,82,2,129,0,0,0,129
08/26/2022,MRY,CA,AWP,WE,Towers with Radar,19,45,46,0,110,0,1,36,0,37,19,46,82,0,147,10,0,10,157
08/27/2022,MRY,CA,AWP,WE,Towers with Radar,15,18,23,0,56,0,0,45,0,45,15,18,68,0,101,12,0,12,113
08/28/2022,MRY,CA,AWP,WE,Towers with Radar,14,35,72,0,121,0,0,36,0,36,14,35,108,0,157,38,0,38,195
08/29/2022,MRY,CA,AWP,WE,Towers with Radar,19,29,49,0,97,0,1,26,6,33,19,30,75,6,130,36,6,42,172
08/30/2022,MRY,CA,AWP,WE,Towers with Radar,15,28,31,9,83,0,4,48,0,52,15,32,79,9,135,52,4,56,191
08/31/2022,MRY,CA,AWP,WE,Towers with Radar,16,30,44,19,109,0,1,42,0,43,16,31,86,19,152,4,10,14,166
09/01/2022,MRY,CA,AWP,WE,Towers with Radar,17,36,55,2,110,0,2,59,0,61,17,38,114,2,171,38,0,38,209
09/02/2022,MRY,CA,AWP,WE,Towers with Radar,18,31,31,0,80,0,2,60,0,62,18,33,91,0,142,0,0,0,142
09/03/2022,MRY,CA,AWP,WE,Towers with Radar,12,16,21,0,49,0,6,89,0,95,12,22,110,0,144,36,0,36,180
09/04/2022,MRY,CA,AWP,WE,Towers with Radar,11,27,27,0,65,0,0,95,0,95,11,27,122,0,160,30,0,30,190
09/05/2022,MRY,CA,AWP,WE,Towers with Radar,19,37,29,0,85,0,10,99,0,109,19,47,128,0,194,74,0,74,268
09/06/2022,MRY,CA,AWP,WE,Towers with Radar,18,35,35,9,97,0,6,45,5,56,18,41,80,14,153,36,14,50,203
09/07/2022,MRY,CA,AWP,WE,Towers with Radar,17,29,31,1,78,0,7,46,2,55,17,36,77,3,133,74,0,74,207
09/08/2022,MRY,CA,AWP,WE,Towers with Radar,17,33,40,0,90,0,5,57,0,62,17,38,97,0,152,16,0,16,168
09/09/2022,MRY,CA,AWP,WE,Towers with Radar,19,28,38,2,87,0,6,65,0,71,19,34,103,2,158,30,0,30,188
09/10/2022,MRY,CA,AWP,WE,Towers with Radar,16,31,31,0,78,0,1,27,7,35,16,32,58,7,113,0,26,26,139
09/11/2022,MRY,CA,AWP,WE,Towers with Radar,18,39,58,0,115,0,1,62,0,63,18,40,120,0,178,16,0,16,194
09/12/2022,MRY,CA,AWP,WE,Towers with Radar,19,38,35,2,94,0,4,43,0,47,19,42,78,2,141,40,34,74,215
09/13/2022,MRY,CA,AWP,WE,Towers with Radar,18,36,29,5,88,0,6,44,1,51,18,42,73,6,139,14,2,16,155
09/14/2022,MRY,CA,AWP,WE,Towers with Radar,16,21,52,0,89,0,5,51,0,56,16,26,103,0,145,24,0,24,169
09/15/2022,MRY,CA,AWP,WE,Towers with Radar,17,30,26,2,75,0,6,31,1,38,17,36,57,3,113,2,2,4,117
09/16/2022,MRY,CA,AWP,WE,Towers with Radar,19,24,38,2,83,0,3,62,0,65,19,27,100,2,148,6,0,6,154
09/17/2022,MRY,CA,AWP,WE,Towers with Radar,16,22,26,0,64,0,0,44,0,44,16,22,70,0,108,56,0,56,164
09/18/2022,MRY,CA,AWP,WE,Towers with Radar,17,42,44,0,103,0,0,7,0,7,17,42,51,0,110,0,0,0,110
09/19/2022,MRY,CA,AWP,WE,Towers with Radar,18,27,54,0,99,0,1,17,0,18,18,28,71,0,117,14,0,14,131
09/20/2022,MRY,CA,AWP,WE,Towers with Radar,16,40,40,1,97,0,9,29,3,41,16,49,69,4,138,4,0,4,142
09/21/2022,MRY,CA,AWP,WE,Towers with Radar,16,24,12,0,52,0,8,34,0,42,16,32,46,0,94,32,0,32,126
09/22/2022,MRY,CA,AWP,WE,Towers with Radar,17,32,22,3,74,0,7,73,0,80,17,39,95,3,154,26,0,26,180
09/23/2022,MRY,CA,AWP,WE,Towers with Radar,19,29,20,1,69,0,8,75,3,86,19,37,95,4,155,0,0,0,155
09/24/2022,MRY,CA,AWP,WE,Towers with Radar,16,17,25,5,63,0,6,69,0,75,16,23,94,5,138,12,4,16,154
09/25/2022,MRY,CA,AWP,WE,Towers with Radar,19,46,53,2,120,0,1,24,0,25,19,47,77,2,145,8,0,8,153
09/26/2022,MRY,CA,AWP,WE,Towers with Radar,19,30,29,0,78,0,0,14,1,15,19,30,43,1,93,0,0,0,93
09/27/2022,MRY,CA,AWP,WE,Towers with Radar,16,19,27,8,70,0,3,35,2,40,16,22,62,10,110,26,14,40,150
09/28/2022,MRY,CA,AWP,WE,Towers with Radar,16,39,27,1,83,0,4,59,2,65,16,43,86,3,148,24,2,26,174
09/29/2022,MRY,CA,AWP,WE,Towers with Radar,17,50,51,4,122,0,7,37,3,47,17,57,88,7,169,4,0,4,173
09/30/2022,MRY,CA,AWP,WE,Towers with Radar,19,51,43,0,113,0,3,47,0,50,19,54,90,0,163,52,0,52,215
10/01/2022,MRY,CA,AWP,WE,Towers with Radar,12,36,44,0,92,0,0,12,1,13,12,36,56,1,105,20,0,20,125
10/02/2022,MRY,CA,AWP,WE,Towers with Radar,13,50,64,0,127,0,4,49,6,59,13,54,113,6,186,16,0,16,202
10/03/2022,MRY,CA,AWP,WE,Towers with Radar,14,42,25,4,85,0,1,52,0,53,14,43,77,4,138,36,0,36,174
10/04/2022,MRY,CA,AWP,WE,Towers with Radar,12,39,44,2,97,0,0,23,0,23,12,39,67,2,120,6,0,6,126
10/05/2022,MRY,CA,AWP,WE,Towers with Radar,12,56,47,0,115,0,0,5,0,5,12,56,52,0,120,6,0,6,126
10/06/2022,MRY,CA,AWP,WE,Towers with Radar,13,42,37,1,93,0,3,33,0,36,13,45,70,1,129,80,0,80,209
10/07/2022,MRY,CA,AWP,WE,Towers with Radar,15,48,47,0,110,0,2,39,1,42,15,50,86,1,152,0,0,0,152
10/08/2022,MRY,CA,AWP,WE,Towers with Radar,15,34,52,0,101,0,0,14,0,14,15,34,66,0,115,0,0,0,115
10/09/2022,MRY,CA,AWP,WE,Towers with Radar,13,48,55,1,117,0,0,16,1,17,13,48,71,2,134,0,0,0,134
10/10/2022,MRY,CA,AWP,WE,Towers with Radar,15,46,46,1,108,0,0,8,1,9,15,46,54,2,117,0,0,0,117
10/11/2022,MRY,CA,AWP,WE,Towers with Radar,13,23,43,3,82,0,1,8,1,10,13,24,51,4,92,10,0,10,102
10/12/2022,MRY,CA,AWP,WE,Towers with Radar,13,52,45,3,113,0,2,22,3,27,13,54,67,6,140,42,0,42,182
10/13/2022,MRY,CA,AWP,WE,Towers with Radar,13,62,63,6,144,0,0,19,0,19,13,62,82,6,163,32,0,32,195
10/14/2022,MRY,CA,AWP,WE,Towers with Radar,15,57,60,0,132,0,0,10,0,10,15,57,70,0,142,0,0,0,142
10/15/2022,MRY,CA,AWP,WE,Towers with Radar,13,44,56,0,113,0,1,10,0,11,13,45,66,0,124,24,0,24,148
10/16/2022,MRY,CA,AWP,WE,Towers with Radar,13,65,98,4,180,0,4,42,0,46,13,69,140,4,226,10,0,10,236
10/17/2022,MRY,CA,AWP,WE,Towers with Radar,13,40,43,0,96,0,5,50,0,55,13,45,93,0,151,0,0,0,151
10/18/2022,MRY,CA,AWP,WE,Towers with Radar,12,33,27,4,76,0,5,50,7,62,12,38,77,11,138,14,0,14,152
10/19/2022,MRY,CA,AWP,WE,Towers with Radar,13,44,60,2,119,0,8,57,2,67,13,52,117,4,186,42,0,42,228
10/20/2022,MRY,CA,AWP,WE,Towers with Radar,12,55,27,0,94,0,4,45,2,51,12,59,72,2,145,0,0,0,145
10/21/2022,MRY,CA,AWP,WE,Towers with Radar,14,45,66,0,125,0,0,40,0,40,14,45,106,0,165,4,0,4,169
10/22/2022,MRY,CA,AWP,WE,Towers with Radar,13,27,18,1,59,0,0,23,0,23,13,27,41,1,82,0,0,0,82
10/23/2022,MRY,CA,AWP,WE,Towers with Radar,13,62,49,0,124,0,3,89,0,92,13,65,138,0,216,40,0,40,256
10/24/2022,MRY,CA,AWP,WE,Towers with Radar,13,40,30,2,85,0,1,55,1,57,13,41,85,3,142,6,0,6,148
10/25/2022,MRY,CA,AWP,WE,Towers with Radar,12,25,20,4,61,0,4,35,6,45,12,29,55,10,106,10,22,32,138
10/26/2022,MRY,CA,AWP,WE,Towers with Radar,12,32,38,12,94,0,4,45,2,51,12,36,83,14,145,16,8,24,169
10/27/2022,MRY,CA,AWP,WE,Towers with Radar,13,41,20,1,75,0,3,64,0,67,13,44,84,1,142,40,0,40,182
10/28/2022,MRY,CA,AWP,WE,Towers with Radar,14,38,44,3,99,0,5,67,1,73,14,43,111,4,172,34,0,34,206
10/29/2022,MRY,CA,AWP,WE,Towers with Radar,10,20,21,0,51,0,1,70,1,72,10,21,91,1,123,28,0,28,151
10/30/2022,MRY,CA,AWP,WE,Towers with Radar,21,44,47,0,112,0,3,30,0,33,21,47,77,0,145,8,0,8,153
10/31/2022,MRY,CA,AWP,WE,Towers with Radar,14,30,38,4,86,0,0,15,0,15,14,30,53,4,101,0,0,0,101
11/01/2022,MRY,CA,AWP,WE,Towers with Radar,16,22,34,2,74,0,1,12,0,13,16,23,46,2,87,18,0,18,105
11/02/2022,MRY,CA,AWP,WE,Towers with Radar,16,20,28,8,72,0,2,6,0,8,16,22,34,8,80,22,0,22,102
11/03/2022,MRY,CA,AWP,WE,Towers with Radar,17,38,22,6,83,0,6,60,0,66,17,44,82,6,149,22,4,26,175
11/04/2022,MRY,CA,AWP,WE,Towers with Radar,18,24,21,8,71,0,3,65,0,68,18,27,86,8,139,72,4,76,215
11/05/2022,MRY,CA,AWP,WE,Towers with Radar,15,24,28,0,67,0,0,46,0,46,15,24,74,0,113,48,0,48,161
11/06/2022,MRY,CA,AWP,WE,Towers with Radar,18,37,32,0,87,0,1,37,0,38,18,38,69,0,125,8,0,8,133
11/07/2022,MRY,CA,AWP,WE,Towers with Radar,18,24,34,4,80,0,0,21,1,22,18,24,55,5,102,18,14,32,134
11/08/2022,MRY,CA,AWP,WE,Towers with Radar,16,18,16,0,50,0,0,4,0,4,16,18,20,0,54,32,0,32,86
11/09/2022,MRY,CA,AWP,WE,Towers with Radar,16,29,33,4,82,0,4,30,0,34,16,33,63,4,116,2,0,2,118
11/10/2022,MRY,CA,AWP,WE,Towers with Radar,16,22,34,4,76,0,3,58,0,61,16,25,92,4,137,18,0,18,155
11/11/2022,MRY,CA,AWP,WE,Towers with Radar,18,22,32,0,72,0,8,80,0,88,18,30,112,0,160,30,0,30,190
11/12/2022,MRY,CA,AWP,WE,Towers with Radar,16,13,27,4,60,0,3,65,2,70,16,16,92,6,130,34,4,38,168
11/13/2022,MRY,CA,AWP,WE,Towers with Radar,16,24,29,0,69,0,0,85,0,85,16,24,114,0,154,42,0,42,196
11/14/2022,MRY,CA,AWP,WE,Towers with Radar,20,26,43,0,89,0,1,48,0,49,20,27,91,0,138,22,46,68,206
11/15/2022,MRY,CA,AWP,WE,Towers with Radar,16,31,27,4,78,0,3,50,0,53,16,34,77,4,131,60,4,64,195
11/16/2022,MRY,CA,AWP,WE,Towers with Radar,18,19,27,14,78,0,5,66,0,71,18,24,93,14,149,40,10,50,199
11/17/2022,MRY,CA,AWP,WE,Towers with Radar,16,21,35,1,73,0,5,59,3,67,16,26,94,4,140,22,0,22,162
11/18/2022,MRY,CA,AWP,WE,Towers with Radar,18,28,43,2,91,0,2,57,0,59,18,30,100,2,150,38,0,38,188
11/19/2022,MRY,CA,AWP,WE,Towers with Radar,18,34,29,0,81,0,2,90,0,92,18,36,119,0,173,24,0,24,197
11/20/2022,MRY,CA,AWP,WE,Towers with Radar,18,33,50,0,101,0,2,85,2,89,18,35,135,2,190,54,0,54,244
11/21/2022,MRY,CA,AWP,WE,Towers with Radar,18,24,29,2,73,0,1,54,2,57,18,25,83,4,130,30,4,34,164
11/22/2022,MRY,CA,AWP,WE,Towers with Radar,20,32,22,2,76,0,2,39,0,41,20,34,61,2,117,48,0,48,165
11/23/2022,MRY,CA,AWP,WE,Towers with Radar,17,15,43,0,75,0,3,66,0,69,17,18,109,0,144,90,0,90,234
11/24/2022,MRY,CA,AWP,WE,Towers with Radar,11,8,6,0,25,0,0,19,0,19,11,8,25,0,44,6,0,6,50
11/25/2022,MRY,CA,AWP,WE,Towers with Radar,17,16,25,0,58,0,4,76,0,80,17,20,101,0,138,44,0,44,182
11/26/2022,MRY,CA,AWP,WE,Towers with Radar,18,18,24,0,60,0,1,85,0,86,18,19,109,0,146,22,0,22,168
11/27/2022,MRY,CA,AWP,WE,Towers with Radar,18,19,44,0,81,0,0,58,0,58,18,19,102,0,139,42,0,42,181
11/28/2022,MRY,CA,AWP,WE,Towers with Radar,16,23,30,0,69,0,1,17,6,24,16,24,47,6,93,4,34,38,131
11/29/2022,MRY,CA,AWP,WE,Towers with Radar,14,21,30,10,75,0,4,43,0,47,14,25,73,10,122,42,8,50,172
11/30/2022,MRY,CA,AWP,WE,Towers with Radar,14,14,25,2,55,0,2,50,0,52,14,16,75,2,107,6,0,6,113
12/01/2022,MRY,CA,AWP,WE,Towers with Radar,14,14,24,0,52,0,0,0,0,0,14,14,24,0,52,0,0,0,52
12/02/2022,MRY,CA,AWP,WE,Towers with Radar,18,23,24,2,67,0,6,35,2,43,18,29,59,4,110,56,0,56,166
12/03/2022,MRY,CA,AWP,WE,Towers with Radar,12,18,21,0,51,0,0,0,0,0,12,18,21,0,51,0,0,0,51
12/04/2022,MRY,CA,AWP,WE,Towers with Radar,14,13,38,4,69,0,1,35,0,36,14,14,73,4,105,24,0,24,129
12/05/2022,MRY,CA,AWP,WE,Towers with Radar,15,21,27,2,65,0,1,9,0,10,15,22,36,2,75,18,0,18,93
12/06/2022,MRY,CA,AWP,WE,Towers with Radar,9,15,23,2,49,0,2,24,0,26,9,17,47,2,75,0,0,0,75
12/07/2022,MRY,CA,AWP,WE,Towers with Radar,12,20,21,2,55,0,5,60,0,65,12,25,81,2,120,56,0,56,176
12/08/2022,MRY,CA,AWP,WE,Towers with Radar,14,22,24,0,60,0,1,16,2,19,14,23,40,2,79,22,0,22,101
12/09/2022,MRY,CA,AWP,WE,Towers with Radar,16,30,53,8,107,0,0,7,2,9,16,30,60,10,116,4,4,8,124
12/10/2022,MRY,CA,AWP,WE,Towers with Radar,12,12,12,0,36,0,0,0,0,0,12,12,12,0,36,0,0,0,36
12/11/2022,MRY,CA,AWP,WE,Towers with Radar,13,23,33,0,69,1,0,6,1,8,14,23,39,1,77,34,0,34,111
12/12/2022,MRY,CA,AWP,WE,Towers with Radar,16,10,32,8,66,0,3,30,14,47,16,13,62,22,113,40,54,94,207
12/13/2022,MRY,CA,AWP,WE,Towers with Radar,10,10,27,2,49,0,8,41,2,51,10,18,68,4,100,42,8,50,150
12/14/2022,MRY,CA,AWP,WE,Towers with Radar,12,17,13,2,44,0,3,50,1,54,12,20,63,3,98,34,0,34,132
12/15/2022,MRY,CA,AWP,WE,Towers with Radar,14,12,21,1,48,0,2,41,0,43,14,14,62,1,91,20,0,20,111
12/16/2022,MRY,CA,AWP,WE,Towers with Radar,14,15,38,1,68,0,2,52,0,54,14,17,90,1,122,16,0,16,138
12/17/2022,MRY,CA,AWP,WE,Towers with Radar,16,16,29,0,61,0,4,54,0,58,16,20,83,0,119,10,0,10,129
12/18/2022,MRY,CA,AWP,WE,Towers with Radar,10,12,21,0,43,0,2,60,0,62,10,14,81,0,105,42,18,60,165
12/19/2022,MRY,CA,AWP,WE,Towers with Radar,12,16,31,8,67,0,2,29,6,37,12,18,60,14,104,10,32,42,146
12/20/2022,MRY,CA,AWP,WE,Towers with Radar,14,23,21,0,58,0,6,51,0,57,14,29,72,0,115,90,0,90,205
12/21/2022,MRY,CA,AWP,WE,Towers with Radar,14,25,26,2,67,0,3,39,1,43,14,28,65,3,110,60,0,60,170
12/22/2022,MRY,CA,AWP,WE,Towers with Radar,14,25,21,6,66,0,6,44,0,50,14,31,65,6,116,42,4,46,162
12/23/2022,MRY,CA,AWP,WE,Towers with Radar,14,17,24,0,55,0,2,47,0,49,14,19,71,0,104,36,0,36,140
12/24/2022,MRY,CA,AWP,WE,Towers with Radar,8,7,14,0,29,0,2,47,0,49,8,9,61,0,78,16,0,16,94
12/25/2022,MRY,CA,AWP,WE,Towers with Radar,12,7,7,0,26,0,0,19,0,19,12,7,26,0,45,0,0,0,45
12/26/2022,MRY,CA,AWP,WE,Towers with Radar,14,24,47,0,85,0,0,32,0,32,14,24,79,0,117,24,0,24,141
12/27/2022,MRY,CA,AWP,WE,Towers with Radar,16,19,31,0,66,0,0,2,0,2,16,19,33,0,68,0,0,0,68
12/28/2022,MRY,CA,AWP,WE,Towers with Radar,14,23,29,0,66,0,1,55,2,58,14,24,84,2,124,6,0,6,130
12/29/2022,MRY,CA,AWP,WE,Towers with Radar,13,27,30,12,82,0,0,0,0,0,13,27,30,12,82,0,8,8,90
12/30/2022,MRY,CA,AWP,WE,Towers with Radar,17,24,27,0,68,0,0,0,0,0,17,24,27,0,68,0,0,0,68
12/31/2022,MRY,CA,AWP,WE,Towers with Radar,11,16,9,0,36,0,0,0,0,0,11,16,9,0,36,0,0,0,36
01/01/2023,MRY,CA,AWP,WE,Towers with Radar,14,19,23,1,57,0,2,58,0,60,14,21,81,1,117,40,0,40,157
01/02/2023,MRY,CA,AWP,WE,Towers with Radar,14,16,33,0,63,0,2,5,0,7,14,18,38,0,70,0,0,0,70
01/03/2023,MRY,CA,AWP,WE,Towers with Radar,16,28,15,2,61,0,0,21,0,21,16,28,36,2,82,52,0,52,134
01/04/2023,MRY,CA,AWP,WE,Towers with Radar,10,23,6,0,39,0,0,0,0,0,10,23,6,0,39,0,0,0,39
01/05/2023,MRY,CA,AWP,WE,Towers with Radar,13,27,17,2,59,0,0,0,0,0,13,27,17,2,59,0,0,0,59
01/06/2023,MRY,CA,AWP,WE,Towers with Radar,14,28,25,0,67,0,6,51,1,58,14,34,76,1,125,48,0,48,173
01/07/2023,MRY,CA,AWP,WE,Towers with Radar,12,26,11,0,49,0,2,4,0,6,12,28,15,0,55,0,0,0,55
01/08/2023,MRY,CA,AWP,WE,Towers with Radar,14,13,24,12,63,0,0,20,1,21,14,13,44,13,84,40,16,56,140
01/09/2023,MRY,CA,AWP,WE,Towers with Radar,13,19,13,0,45,0,0,0,0,0,13,19,13,0,45,0,0,0,45
01/10/2023,MRY,CA,AWP,WE,Towers with Radar,7,16,15,2,40,0,1,4,3,8,7,17,19,5,48,20,32,52,100
01/11/2023,MRY,CA,AWP,WE,Towers with Radar,11,21,17,0,49,0,1,1,0,2,11,22,18,0,51,0,0,0,51
01/12/2023,MRY,CA,AWP,WE,Towers with Radar,15,17,22,3,57,0,2,52,1,55,15,19,74,4,112,14,0,14,126
01/13/2023,MRY,CA,AWP,WE,Towers with Radar,15,21,23,0,59,0,0,6,0,6,15,21,29,0,65,4,0,4,69
01/14/2023,MRY,CA,AWP,WE,Towers with Radar,8,17,15,0,40,0,0,0,0,0,8,17,15,0,40,0,0,0,40
01/15/2023,MRY,CA,AWP,WE,Towers with Radar,12,13,7,0,32,0,0,2,4,6,12,13,9,4,38,34,0,34,72
01/16/2023,MRY,CA,AWP,WE,Towers with Radar,14,29,21,2,66,0,0,4,4,8,14,29,25,6,74,2,8,10,84
01/17/2023,MRY,CA,AWP,WE,Towers with Radar,9,22,16,4,51,0,4,51,7,62,9,26,67,11,113,30,16,46,159
01/18/2023,MRY,CA,AWP,WE,Towers with Radar,9,17,18,1,45,0,2,29,2,33,9,19,47,3,78,30,0,30,108
01/19/2023,MRY,CA,AWP,WE,Towers with Radar,13,23,37,2,75,0,4,15,0,19,13,27,52,2,94,0,0,0,94
01/20/2023,MRY,CA,AWP,WE,Towers with Radar,15,28,25,2,70,0,2,75,0,77,15,30,100,2,147,0,0,0,147
01/21/2023,MRY,CA,AWP,WE,Towers with Radar,11,22,26,0,59,0,1,77,0,78,11,23,103,0,137,2,0,2,139
01/22/2023,MRY,CA,AWP,WE,Towers with Radar,15,29,16,0,60,0,0,51,2,53,15,29,67,2,113,30,0,30,143
01/23/2023,MRY,CA,AWP,WE,Towers with Radar,14,20,16,8,58,0,2,44,0,46,14,22,60,8,104,8,0,8,112
01/24/2023,MRY,CA,AWP,WE,Towers with Radar,9,16,12,0,37,0,2,60,3,65,9,18,72,3,102,0,0,0,102
01/25/2023,MRY,CA,AWP,WE,Towers with Radar,9,18,10,2,39,0,2,59,2,63,9,20,69,4,102,34,0,34,136
01/26/2023,MRY,CA,AWP,WE,Towers with Radar,13,19,32,3,67,0,2,55,2,59,13,21,87,5,126,6,0,6,132
01/27/2023,MRY,CA,AWP,WE,Towers with Radar,17,22,34,2,75,0,2,61,0,63,17,24,95,2,138,28,0,28,166
01/28/2023,MRY,CA,AWP,WE,Towers with Radar,11,19,37,0,67,0,3,57,2,62,11,22,94,2,129,14,0,14,143
01/29/2023,MRY,CA,AWP,WE,Towers with Radar,15,40,37,0,92,0,0,9,4,13,15,40,46,4,105,24,0,24,129
01/30/2023,MRY,CA,AWP,WE,Towers with Radar,13,52,50,3,118,0,1,58,7,66,13,53,108,10,184,40,58,98,282
01/31/2023,MRY,CA,AWP,WE,Towers with Radar,7,33,33,10,83,0,2,51,1,54,7,35,84,11,137,32,14,46,183
02/01/2023,MRY,CA,AWP,WE,Towers with Radar,7,33,46,8,94,0,2,46,0,48,7,35,92,8,142,26,8,34,176
02/02/2023,MRY,CA,AWP,WE,Towers with Radar,14,38,51,2,105,0,4,60,1,65,14,42,111,3,170,22,0,22,192
02/03/2023,MRY,CA,AWP,WE,Towers with Radar,14,33,60,0,107,0,1,12,2,15,14,34,72,2,122,0,0,0,122
02/04/2023,MRY,CA,AWP,WE,Towers with Radar,9,42,44,0,95,0,1,13,0,14,9,43,57,0,109,0,0,0,109
02/05/2023,MRY,CA,AWP,WE,Towers with Radar,14,68,74,2,158,0,0,9,0,9,14,68,83,2,167,0,0,0,167
02/06/2023,MRY,CA,AWP,WE,Towers with Radar,13,47,43,0,103,0,3,35,6,44,13,50,78,6,147,42,14,56,203
02/07/2023,MRY,CA,AWP,WE,Towers with Radar,8,20,20,6,54,0,2,40,2,44,8,22,60,8,98,68,8,76,174
02/08/2023,MRY,CA,AWP,WE,Towers with Radar,8,20,24,0,52,0,2,43,0,45,8,22,67,0,97,24,0,24,121
02/09/2023,MRY,CA,AWP,WE,Towers with Radar,11,29,28,2,70,0,2,60,6,68,11,31,88,8,138,26,8,34,172
02/10/2023,MRY,CA,AWP,WE,Towers with Radar,17,29,32,4,82,0,2,30,0,32,17,31,62,4,114,14,2,16,130
02/11/2023,MRY,CA,AWP,WE,Towers with Radar,9,24,16,0,49,0,1,10,0,11,9,25,26,0,60,30,0,30,90
02/12/2023,MRY,CA,AWP,WE,Towers with Radar,14,24,13,0,51,0,0,92,0,92,14,24,105,0,143,52,0,52,195
02/13/2023,MRY,CA,AWP,WE,Towers with Radar,14,28,52,3,97,0,2,11,1,14,14,30,63,4,111,0,0,0,111
02/14/2023,MRY,CA,AWP,WE,Towers with Radar,12,18,12,2,44,0,2,16,0,18,12,20,28,2,62,0,0,0,62
02/15/2023,MRY,CA,AWP,WE,Towers with Radar,10,23,20,1,54,0,6,71,1,78,10,29,91,2,132,12,0,12,144
02/16/2023,MRY,CA,AWP,WE,Towers with Radar,13,28,25,4,70,0,5,43,1,49,13,33,68,5,119,36,20,56,175
02/17/2023,MRY,CA,AWP,WE,Towers with Radar,12,23,35,0,70,0,2,69,0,71,12,25,104,0,141,48,0,48,189
02/18/2023,MRY,CA,AWP,WE,Towers with Radar,15,23,25,0,63,0,1,86,1,88,15,24,111,1,151,8,0,8,159
02/19/2023,MRY,CA,AWP,WE,Towers with Radar,13,24,26,0,63,0,2,88,0,90,13,26,114,0,153,16,0,16,169
02/20/2023,MRY,CA,AWP,WE,Towers with Radar,14,34,45,0,93,0,2,69,0,71,14,36,114,0,164,66,0,66,230
02/21/2023,MRY,CA,AWP,WE,Towers with Radar,13,16,27,6,62,0,0,8,4,12,13,16,35,10,74,0,6,6,80
02/22/2023,MRY,CA,AWP,WE,Towers with Radar,13,16,23,0,52,0,2,8,0,10,13,18,31,0,62,0,0,0,62
02/23/2023,MRY,CA,AWP,WE,Towers with Radar,11,22,24,20,77,0,3,9,0,12,11,25,33,20,89,6,16,22,111
02/24/2023,MRY,CA,AWP,WE,Towers with Radar,11,15,15,0,41,0,1,4,0,5,11,16,19,0,46,10,0,10,56
02/25/2023,MRY,CA,AWP,WE,Towers with Radar,11,12,24,0,47,0,1,38,0,39,11,13,62,0,86,10,0,10,96
02/26/2023,MRY,CA,AWP,WE,Towers with Radar,10,19,17,2,48,0,0,4,0,4,10,19,21,2,52,14,0,14,66
02/27/2023,MRY,CA,AWP,WE,Towers with Radar,16,20,17,0,53,0,1,2,0,3,16,21,19,0,56,0,0,0,56
02/28/2023,MRY,CA,AWP,WE,Towers with Radar,13,25,24,4,66,0,0,0,0,0,13,25,24,4,66,0,4,4,70
03/01/2023,MRY,CA,AWP,WE,Towers with Radar,15,25,29,4,73,0,4,33,1,38,15,29,62,5,111,22,0,22,133
03/02/2023,MRY,CA,AWP,WE,Towers with Radar,13,17,26,0,56,0,4,80,0,84,13,21,106,0,140,58,0,58,198
03/03/2023,MRY,CA,AWP,WE,Towers with Radar,15,31,46,1,93,0,2,43,0,45,15,33,89,1,138,40,0,40,178
03/04/2023,MRY,CA,AWP,WE,Towers with Radar,12,24,14,0,50,0,1,3,0,4,12,25,17,0,54,0,0,0,54
03/05/2023,MRY,CA,AWP,WE,Towers with Radar,13,22,35,0,70,0,2,16,0,18,13,24,51,0,88,46,0,46,134
03/06/2023,MRY,CA,AWP,WE,Towers with Radar,14,21,28,2,65,0,1,15,0,16,14,22,43,2,81,18,4,22,103
03/07/2023,MRY,CA,AWP,WE,Towers with Radar,11,16,25,0,52,0,2,34,0,36,11,18,59,0,88,60,0,60,148
03/08/2023,MRY,CA,AWP,WE,Towers with Radar,9,27,12,4,52,0,1,17,0,18,9,28,29,4,70,30,0,30,100
03/09/2023,MRY,CA,AWP,WE,Towers with Radar,13,26,31,6,76,0,2,5,0,7,13,28,36,6,83,14,0,14,97
03/10/2023,MRY,CA,AWP,WE,Towers with Radar,18,24,19,0,61,0,0,1,0,1,18,24,20,0,62,0,0,0,62
03/11/2023,MRY,CA,AWP,WE,Towers with Radar,11,23,24,0,58,0,0,3,0,3,11,23,27,0,61,4,0,4,65
03/12/2023,MRY,CA,AWP,WE,Towers with Radar,14,28,27,0,69,0,0,13,0,13,14,28,40,0,82,40,0,40,122
03/13/2023,MRY,CA,AWP,WE,Towers with Radar,13,27,29,0,69,0,0,28,2,30,13,27,57,2,99,60,0,60,159
03/14/2023,MRY,CA,AWP,WE,Towers with Radar,13,15,12,0,40,0,1,0,0,1,13,16,12,0,41,0,0,0,41
03/15/2023,MRY,CA,AWP,WE,Towers with Radar,11,25,28,4,68,0,4,44,1,49,11,29,72,5,117,34,0,34,151
03/16/2023,MRY,CA,AWP,WE,Towers with Radar,13,17,49,1,80,0,1,41,1,43,13,18,90,2,123,34,2,36,159
03/17/2023,MRY,CA,AWP,WE,Towers with Radar,15,25,24,0,64,0,1,36,3,40,15,26,60,3,104,6,4,10,114
03/18/2023,MRY,CA,AWP,WE,Towers with Radar,13,18,16,0,47,0,2,79,0,81,13,20,95,0,128,36,0,36,164
03/19/2023,MRY,CA,AWP,WE,Towers with Radar,13,28,27,0,68,0,0,4,0,4,13,28,31,0,72,16,0,16,88
03/20/2023,MRY,CA,AWP,WE,Towers with Radar,13,15,44,0,72,0,1,15,2,18,13,16,59,2,90,8,0,8,98
03/21/2023,MRY,CA,AWP,WE,Towers with Radar,13,8,16,0,37,0,1,0,0,1,13,9,16,0,38,0,0,0,38
03/22/2023,MRY,CA,AWP,WE,Towers with Radar,13,24,22,2,61,0,1,4,0,5,13,25,26,2,66,6,0,6,72
03/23/2023,MRY,CA,AWP,WE,Towers with Radar,13,27,26,0,66,0,2,20,0,22,13,29,46,0,88,78,0,78,166
03/24/2023,MRY,CA,AWP,WE,Towers with Radar,9,23,30,0,62,0,2,51,0,53,9,25,81,0,115,22,0,22,137
03/25/2023,MRY,CA,AWP,WE,Towers with Radar,15,13,17,0,45,0,5,69,1,75,15,18,86,1,120,12,0,12,132
03/26/2023,MRY,CA,AWP,WE,Towers with Radar,13,30,31,0,74,0,1,89,0,90,13,31,120,0,164,30,0,30,194
03/27/2023,MRY,CA,AWP,WE,Towers with Radar,13,21,26,0,60,0,1,55,0,56,13,22,81,0,116,16,0,16,132
03/28/2023,MRY,CA,AWP,WE,Towers with Radar,12,20,19,0,51,0,1,1,0,2,12,21,20,0,53,0,0,0,53
03/29/2023,MRY,CA,AWP,WE,Towers with Radar,11,20,12,7,50,0,1,4,0,5,11,21,16,7,55,0,0,0,55
03/30/2023,MRY,CA,AWP,WE,Towers with Radar,14,28,29,4,75,0,6,40,2,48,14,34,69,6,123,42,0,42,165
03/31/2023,MRY,CA,AWP,WE,Towers with Radar,17,21,33,13,84,0,7,73,2,82,17,28,106,15,166,22,14,36,202
04/01/2023,MRY,CA,AWP,WE,Towers with Radar,11,19,22,2,54,0,1,90,0,91,11,20,112,2,145,24,0,24,169
04/02/2023,MRY,CA,AWP,WE,Towers with Radar,13,16,37,0,66,0,0,33,0,33,13,16,70,0,99,12,0,12,111
04/03/2023,MRY,CA,AWP,WE,Towers with Radar,11,20,19,2,52,0,1,14,0,15,11,21,33,2,67,0,0,0,67
04/04/2023,MRY,CA,AWP,WE,Towers with Radar,12,25,20,8,65,0,4,44,6,54,12,29,64,14,119,36,16,52,171
04/05/2023,MRY,CA,AWP,WE,Towers with Radar,9,31,19,0,59,0,3,49,0,52,9,34,68,0,111,66,4,70,181
04/06/2023,MRY,CA,AWP,WE,Towers with Radar,14,19,28,0,61,0,5,57,0,62,14,24,85,0,123,0,0,0,123
04/07/2023,MRY,CA,AWP,WE,Towers with Radar,14,34,45,0,93,0,0,13,0,13,14,34,58,0,106,0,0,0,106
04/08/2023,MRY,CA,AWP,WE,Towers with Radar,14,22,20,0,56,0,0,40,0,40,14,22,60,0,96,36,0,36,132
04/09/2023,MRY,CA,AWP,WE,Towers with Radar,14,24,11,0,49,0,0,71,0,71,14,24,82,0,120,58,0,58,178
04/10/2023,MRY,CA,AWP,WE,Towers with Radar,14,25,38,0,77,0,3,38,4,45,14,28,76,4,122,20,0,20,142
04/11/2023,MRY,CA,AWP,WE,Towers with Radar,12,32,30,2,76,0,2,13,0,15,12,34,43,2,91,60,0,60,151
04/12/2023,MRY,CA,AWP,WE,Towers with Radar,10,34,41,0,85,0,3,29,2,34,10,37,70,2,119,10,0,10,129
04/13/2023,MRY,CA,AWP,WE,Towers with Radar,13,30,33,6,82,0,4,77,0,81,13,34,110,6,163,28,4,32,195
04/14/2023,MRY,CA,AWP,WE,Towers with Radar,13,44,44,6,107,0,3,81,0,84,13,47,125,6,191,10,4,14,205
04/15/2023,MRY,CA,AWP,WE,Towers with Radar,14,23,32,0,69,0,1,62,0,63,14,24,94,0,132,0,0,0,132
04/16/2023,MRY,CA,AWP,WE,Towers with Radar,14,17,42,0,73,0,1,83,0,84,14,18,125,0,157,20,0,20,177
04/17/2023,MRY,CA,AWP,WE,Towers with Radar,13,27,44,0,84,0,1,29,0,30,13,28,73,0,114,58,4,62,176
04/18/2023,MRY,CA,AWP,WE,Towers with Radar,10,23,28,3,64,0,3,29,4,36,10,26,57,7,100,56,4,60,160
04/19/2023,MRY,CA,AWP,WE,Towers with Radar,9,28,32,2,71,0,2,45,0,47,9,30,77,2,118,52,0,52,170
04/20/2023,MRY,CA,AWP,WE,Towers with Radar,15,32,33,4,84,0,3,43,2,48,15,35,76,6,132,50,4,54,186
04/21/2023,MRY,CA,AWP,WE,Towers with Radar,14,34,23,4,75,0,4,70,0,74,14,38,93,4,149,24,0,24,173
04/22/2023,MRY,CA,AWP,WE,Towers with Radar,14,11,18,0,43,0,1,47,0,48,14,12,65,0,91,68,0,68,159
04/23/2023,MRY,CA,AWP,WE,Towers with Radar,13,38,78,0,129,0,0,4,0,4,13,38,82,0,133,0,0,0,133
04/24/2023,MRY,CA,AWP,WE,Towers with Radar,13,24,27,2,66,0,1,31,2,34,13,25,58,4,100,0,0,0,100
04/25/2023,MRY,CA,AWP,WE,Towers with Radar,12,37,32,4,85,0,3,34,4,41,12,40,66,8,126,56,8,64,190
04/26/2023,MRY,CA,AWP,WE,Towers with Radar,9,31,39,4,83,0,4,39,0,43,9,35,78,4,126,44,6,50,176
04/27/2023,MRY,CA,AWP,WE,Towers with Radar,13,44,34,0,91,0,4,54,0,58,13,48,88,0,149,42,0,42,191
04/28/2023,MRY,CA,AWP,WE,Towers with Radar,14,31,41,3,89,0,2,44,0,46,14,33,85,3,135,76,0,76,211
04/29/2023,MRY,CA,AWP,WE,Towers with Radar,13,24,28,0,65,0,3,20,0,23,13,27,48,0,88,6,0,6,94
04/30/2023,MRY,CA,AWP,WE,Towers with Radar,16,48,42,0,106,0,3,7,0,10,16,51,49,0,116,0,0,0,116
05/01/2023,MRY,CA,AWP,WE,Towers with Radar,16,35,37,0,88,0,0,5,6,11,16,35,42,6,99,26,30,56,155
05/02/2023,MRY,CA,AWP,WE,Towers with Radar,10,16,21,1,48,0,2,9,0,11,10,18,30,1,59,0,0,0,59
05/03/2023,MRY,CA,AWP,WE,Towers with Radar,12,39,47,4,102,0,1,8,0,9,12,40,55,4,111,18,4,22,133
05/04/2023,MRY,CA,AWP,WE,Towers with Radar,14,35,37,8,94,0,2,31,0,33,14,37,68,8,127,50,8,58,185
05/05/2023,MRY,CA,AWP,WE,Towers with Radar,14,39,37,0,90,0,1,33,0,34,14,40,70,0,124,38,0,38,162
05/06/2023,MRY,CA,AWP,WE,Towers with Radar,18,18,26,0,62,0,0,17,0,17,18,18,43,0,79,0,0,0,79
05/07/2023,MRY,CA,AWP,WE,Towers with Radar,18,34,55,0,107,0,2,58,0,60,18,36,113,0,167,26,6,32,199
05/08/2023,MRY,CA,AWP,WE,Towers with Radar,19,30,29,0,78,0,1,30,0,31,19,31,59,0,109,56,0,56,165
05/09/2023,MRY,CA,AWP,WE,Towers with Radar,12,19,27,0,58,0,2,38,0,40,12,21,65,0,98,78,0,78,176
05/10/2023,MRY,CA,AWP,WE,Towers with Radar,14,23,58,2,97,0,0,31,2,33,14,23,89,4,130,20,0,20,150
05/11/2023,MRY,CA,AWP,WE,Towers with Radar,19,42,52,0,113,0,2,32,0,34,19,44,84,0,147,36,0,36,183
05/12/2023,MRY,CA,AWP,WE,Towers with Radar,18,39,47,0,104,0,1,35,2,38,18,40,82,2,142,0,0,0,142
05/13/2023,MRY,CA,AWP,WE,Towers with Radar,23,32,23,0,78,0,4,66,0,70,23,36,89,0,148,42,0,42,190
05/14/2023,MRY,CA,AWP,WE,Towers with Radar,14,33,38,0,85,0,2,65,0,67,14,35,103,0,152,0,0,0,152
05/15/2023,MRY,CA,AWP,WE,Towers with Radar,19,30,49,0,98,0,3,18,0,21,19,33,67,0,119,58,0,58,177
05/16/2023,MRY,CA,AWP,WE,Towers with Radar,15,14,25,4,58,0,2,42,0,44,15,16,67,4,102,46,0,46,148
05/17/2023,MRY,CA,AWP,WE,Towers with Radar,16,23,32,0,71,0,2,26,0,28,16,25,58,0,99,0,0,0,99
05/18/2023,MRY,CA,AWP,WE,Towers with Radar,18,39,45,5,107,0,2,25,0,27,18,41,70,5,134,22,4,26,160
05/19/2023,MRY,CA,AWP,WE,Towers with Radar,22,26,44,0,92,0,2,36,1,39,22,28,80,1,131,0,0,0,131
05/20/2023,MRY,CA,AWP,WE,Towers with Radar,18,17,51,0,86,0,0,27,0,27,18,17,78,0,113,20,0,20,133
05/21/2023,MRY,CA,AWP,WE,Towers with Radar,20,29,41,0,90,0,0,4,0,4,20,29,45,0,94,0,0,0,94
05/22/2023,MRY,CA,AWP,WE,Towers with Radar,20,32,36,0,88,0,0,11,0,11,20,32,47,0,99,0,0,0,99
05/23/2023,MRY,CA,AWP,WE,Towers with Radar,14,28,39,0,81,0,3,12,0,15,14,31,51,0,96,0,0,0,96
05/24/2023,MRY,CA,AWP,WE,Towers with Radar,18,33,47,0,98,0,0,22,1,23,18,33,69,1,121,80,0,80,201
05/25/2023,MRY,CA,AWP,WE,Towers with Radar,18,39,52,0,109,0,0,14,0,14,18,39,66,0,123,20,0,20,143
05/26/2023,MRY,CA,AWP,WE,Towers with Radar,20,30,63,0,113,0,2,35,0,37,20,32,98,0,150,118,0,118,268
05/27/2023,MRY,CA,AWP,WE,Towers with Radar,16,12,51,0,79,0,0,27,0,27,16,12,78,0,106,0,0,0,106
05/28/2023,MRY,CA,AWP,WE,Towers with Radar,22,21,53,0,96,0,0,5,0,5,22,21,58,0,101,0,0,0,101
05/29/2023,MRY,CA,AWP,WE,Towers with Radar,20,30,61,0,111,0,1,18,0,19,20,31,79,0,130,72,0,72,202
05/30/2023,MRY,CA,AWP,WE,Towers with Radar,14,13,32,2,61,0,2,26,3,31,14,15,58,5,92,152,4,156,248
05/31/2023,MRY,CA,AWP,WE,Towers with Radar,16,33,42,4,95,0,0,8,2,10,16,33,50,6,105,102,0,102,207
06/01/2023,MRY,CA,AWP,WE,Towers with Radar,20,42,66,8,136,0,0,7,0,7,20,42,73,8,143,146,8,154,297
06/02/2023,MRY,CA,AWP,WE,Towers with Radar,23,24,50,4,101,0,3,30,0,33,23,27,80,4,134,0,4,4,138
06/03/2023,MRY,CA,AWP,WE,Towers with Radar,19,26,32,0,77,0,3,32,0,35,19,29,64,0,112,0,0,0,112
06/04/2023,MRY,CA,AWP,WE,Towers with Radar,20,43,58,0,121,0,0,14,0,14,20,43,72,0,135,0,0,0,135
06/05/2023,MRY,CA,AWP,WE,Towers with Radar,22,23,37,0,82,0,0,3,0,3,22,23,40,0,85,0,0,0,85
06/06/2023,MRY,CA,AWP,WE,Towers with Radar,18,31,42,0,91,0,0,3,0,3,18,31,45,0,94,40,0,40,134
06/07/2023,MRY,CA,AWP,WE,Towers with Radar,18,30,40,1,89,0,1,23,1,25,18,31,63,2,114,42,0,42,156
06/08/2023,MRY,CA,AWP,WE,Towers with Radar,20,26,36,0,82,0,7,64,2,73,20,33,100,2,155,6,0,6,161
06/09/2023,MRY,CA,AWP,WE,Towers with Radar,22,24,41,0,87,0,1,23,0,24,22,25,64,0,111,8,0,8,119
06/10/2023,MRY,CA,AWP,WE,Towers with Radar,22,22,32,0,76,0,0,3,0,3,22,22,35,0,79,0,0,0,79
06/11/2023,MRY,CA,AWP,WE,Towers with Radar,20,28,63,0,111,0,0,13,2,15,20,28,76,2,126,0,0,0,126
06/12/2023,MRY,CA,AWP,WE,Towers with Radar,22,22,41,4,89,0,3,18,0,21,22,25,59,4,110,50,0,50,160
06/13/2023,MRY,CA,AWP,WE,Towers with Radar,16,44,38,2,100,0,0,13,0,13,16,44,51,2,113,0,0,0,113
06/14/2023,MRY,CA,AWP,WE,Towers with Radar,21,25,49,0,95,0,0,11,0,11,21,25,60,0,106,0,0,0,106
06/15/2023,MRY,CA,AWP,WE,Towers with Radar,19,30,69,0,118,0,0,11,0,11,19,30,80,0,129,0,0,0,129
06/16/2023,MRY,CA,AWP,WE,Towers with Radar,22,21,56,0,99,0,2,33,0,35,22,23,89,0,134,22,0,22,156
06/17/2023,MRY,CA,AWP,WE,Towers with Radar,20,20,39,0,79,0,0,26,0,26,20,20,65,0,105,2,0,2,107
06/18/2023,MRY,CA,AWP,WE,Towers with Radar,20,25,24,0,69,0,4,57,0,61,20,29,81,0,130,22,0,22,152
06/19/2023,MRY,CA,AWP,WE,Towers with Radar,22,28,29,0,79,0,0,49,0,49,22,28,78,0,128,60,0,60,188
06/20/2023,MRY,CA,AWP,WE,Towers with Radar,18,18,19,6,61,0,0,62,3,65,18,18,81,9,126,92,12,104,230
06/21/2023,MRY,CA,AWP,WE,Towers with Radar,18,24,31,8,81,0,0,40,0,40,18,24,71,8,121,78,2,80,201
06/22/2023,MRY,CA,AWP,WE,Towers with Radar,20,47,54,0,121,0,0,29,2,31,20,47,83,2,152,20,0,20,172
06/23/2023,MRY,CA,AWP,WE,Towers with Radar,22,32,54,0,108,0,1,28,0,29,22,33,82,0,137,0,0,0,137
06/24/2023,MRY,CA,AWP,WE,Towers with Radar,20,15,31,0,66,0,2,26,1,29,20,17,57,1,95,0,0,0,95
06/25/2023,MRY,CA,AWP,WE,Towers with Radar,21,47,74,0,142,0,1,25,0,26,21,48,99,0,168,0,0,0,168
06/26/2023,MRY,CA,AWP,WE,Towers with Radar,23,19,32,0,74,0,0,4,2,6,23,19,36,2,80,44,0,44,124
06/27/2023,MRY,CA,AWP,WE,Towers with Radar,16,25,38,0,79,0,0,1,0,1,16,25,39,0,80,38,0,38,118
06/28/2023,MRY,CA,AWP,WE,Towers with Radar,17,19,43,0,79,0,0,5,0,5,17,19,48,0,84,0,0,0,84
06/29/2023,MRY,CA,AWP,WE,Towers with Radar,23,36,43,0,102,0,1,32,0,33,23,37,75,0,135,4,0,4,139
06/30/2023,MRY,CA,AWP,WE,Towers with Radar,24,26,48,2,100,0,2,86,0,88,24,28,134,2,188,54,0,54,242
07/01/2023,MRY,CA,AWP,WE,Towers with Radar,21,27,33,0,81,0,8,68,0,76,21,35,101,0,157,2,0,2,159
07/02/2023,MRY,CA,AWP,WE,Towers with Radar,21,23,25,0,69,0,0,61,0,61,21,23,86,0,130,30,0,30,160
07/03/2023,MRY,CA,AWP,WE,Towers with Radar,22,29,27,1,79,0,0,31,1,32,22,29,58,2,111,0,0,0,111
07/04/2023,MRY,CA,AWP,WE,Towers with Radar,15,12,13,0,40,0,0,31,4,35,15,12,44,4,75,28,10,38,113
07/05/2023,MRY,CA,AWP,WE,Towers with Radar,20,27,27,3,77,0,0,27,1,28,20,27,54,4,105,30,0,30,135
07/06/2023,MRY,CA,AWP,WE,Towers with Radar,22,30,36,1,89,0,0,10,0,10,22,30,46,1,99,58,0,58,157
07/07/2023,MRY,CA,AWP,WE,Towers with Radar,22,24,47,2,95,0,0,23,0,23,22,24,70,2,118,8,0,8,126
07/08/2023,MRY,CA,AWP,WE,Towers with Radar,21,12,36,1,70,0,3,37,0,40,21,15,73,1,110,0,0,0,110
07/09/2023,MRY,CA,AWP,WE,Towers with Radar,20,32,53,0,105,0,1,43,0,44,20,33,96,0,149,42,0,42,191
07/10/2023,MRY,CA,AWP,WE,Towers with Radar,22,30,30,1,83,0,2,49,2,53,22,32,79,3,136,40,0,40,176
07/11/2023,MRY,CA,AWP,WE,Towers with Radar,18,20,22,9,69,0,2,42,0,44,18,22,64,9,113,22,4,26,139
07/12/2023,MRY,CA,AWP,WE,Towers with Radar,20,29,32,0,81,0,3,30,0,33,20,32,62,0,114,42,0,42,156
07/13/2023,MRY,CA,AWP,WE,Towers with Radar,20,32,43,6,101,0,3,46,1,50,20,35,89,7,151,104,0,104,255
07/14/2023,MRY,CA,AWP,WE,Towers with Radar,24,36,50,6,116,0,5,45,2,52,24,41,95,8,168,6,8,14,182
07/15/2023,MRY,CA,AWP,WE,Towers with Radar,21,21,26,1,69,0,3,23,3,29,21,24,49,4,98,20,0,20,118
07/16/2023,MRY,CA,AWP,WE,Towers with Radar,22,31,44,0,97,0,1,93,0,94,22,32,137,0,191,44,0,44,235
07/17/2023,MRY,CA,AWP,WE,Towers with Radar,21,27,25,8,81,0,1,57,0,58,21,28,82,8,139,108,8,116,255
07/18/2023,MRY,CA,AWP,WE,Towers with Radar,18,30,31,0,79,0,1,36,0,37,18,31,67,0,116,86,0,86,202
07/19/2023,MRY,CA,AWP,WE,Towers with Radar,20,30,40,0,90,0,0,13,0,13,20,30,53,0,103,0,0,0,103
07/20/2023,MRY,CA,AWP,WE,Towers with Radar,21,35,56,2,114,0,1,26,0,27,21,36,82,2,141,0,0,0,141
07/21/2023,MRY,CA,AWP,WE,Towers with Radar,22,38,31,0,91,0,2,39,0,41,22,40,70,0,132,80,0,80,212
07/22/2023,MRY,CA,AWP,WE,Towers with Radar,18,13,24,1,56,0,1,63,0,64,18,14,87,1,120,4,0,4,124
07/23/2023,MRY,CA,AWP,WE,Towers with Radar,20,36,35,0,91,0,5,74,1,80,20,41,109,1,171,40,0,40,211
07/24/2023,MRY,CA,AWP,WE,Towers with Radar,24,19,19,12,74,0,9,33,8,50,24,28,52,20,124,30,10,40,164
07/25/2023,MRY,CA,AWP,WE,Towers with Radar,18,16,38,3,75,0,2,56,3,61,18,18,94,6,136,0,0,0,136
07/26/2023,MRY,CA,AWP,WE,Towers with Radar,24,23,45,5,97,0,1,27,1,29,24,24,72,6,126,4,0,4,130
07/27/2023,MRY,CA,AWP,WE,Towers with Radar,21,32,41,9,103,0,1,36,7,44,21,33,77,16,147,0,0,0,147
07/28/2023,MRY,CA,AWP,WE,Towers with Radar,22,24,34,2,82,0,2,61,5,68,22,26,95,7,150,58,0,58,208
07/29/2023,MRY,CA,AWP,WE,Towers with Radar,25,23,39,0,87,0,3,51,0,54,25,26,90,0,141,26,0,26,167
07/30/2023,MRY,CA,AWP,WE,Towers with Radar,23,26,46,0,95,0,1,45,0,46,23,27,91,0,141,32,0,32,173
07/31/2023,MRY,CA,AWP,WE,Towers with Radar,28,30,32,0,90,0,1,18,0,19,28,31,50,0,109,8,0,8,117
08/01/2023,MRY,CA,AWP,WE,Towers with Radar,18,34,43,0,95,0,0,12,0,12,18,34,55,0,107,40,0,40,147
08/02/2023,MRY,CA,AWP,WE,Towers with Radar,21,25,38,9,93,0,1,7,1,9,21,26,45,10,102,0,8,8,110
08/03/2023,MRY,CA,AWP,WE,Towers with Radar,20,34,38,4,96,0,3,47,1,51,20,37,85,5,147,0,0,0,147
08/04/2023,MRY,CA,AWP,WE,Towers with Radar,23,28,41,0,92,0,0,25,0,25,23,28,66,0,117,10,0,10,127
08/05/2023,MRY,CA,AWP,WE,Towers with Radar,21,18,45,0,84,0,0,50,1,51,21,18,95,1,135,40,0,40,175
08/06/2023,MRY,CA,AWP,WE,Towers with Radar,21,33,41,0,95,0,0,58,0,58,21,33,99,0,153,0,0,0,153
08/07/2023,MRY,CA,AWP,WE,Towers with Radar,23,30,29,4,86,0,5,40,2,47,23,35,69,6,133,54,10,64,197
08/08/2023,MRY,CA,AWP,WE,Towers with Radar,20,18,32,2,72,0,1,16,2,19,20,19,48,4,91,68,4,72,163
08/09/2023,MRY,CA,AWP,WE,Towers with Radar,21,28,33,0,82,0,1,33,0,34,21,29,66,0,116,50,4,54,170
08/10/2023,MRY,CA,AWP,WE,Towers with Radar,24,30,35,1,90,0,1,42,0,43,24,31,77,1,133,34,0,34,167
08/11/2023,MRY,CA,AWP,WE,Towers with Radar,24,23,28,1,76,0,1,32,0,33,24,24,60,1,109,32,0,32,141
08/12/2023,MRY,CA,AWP,WE,Towers with Radar,22,28,21,0,71,0,3,65,0,68,22,31,86,0,139,14,0,14,153
08/13/2023,MRY,CA,AWP,WE,Towers with Radar,21,31,44,0,96,0,0,52,0,52,21,31,96,0,148,28,0,28,176
08/14/2023,MRY,CA,AWP,WE,Towers with Radar,24,22,27,0,73,0,2,36,0,38,24,24,63,0,111,4,0,4,115
08/15/2023,MRY,CA,AWP,WE,Towers with Radar,25,36,46,0,107,0,1,28,0,29,25,37,74,0,136,34,0,34,170
08/16/2023,MRY,CA,AWP,WE,Towers with Radar,20,92,98,0,210,0,3,39,0,42,20,95,137,0,252,0,0,0,252
08/17/2023,MRY,CA,AWP,WE,Towers with Radar,20,91,104,0,215,0,2,27,0,29,20,93,131,0,244,0,0,0,244
08/18/2023,MRY,CA,AWP,WE,Towers with Radar,23,64,85,0,172,0,4,52,0,56,23,68,137,0,228,0,0,0,228
08/19/2023,MRY,CA,AWP,WE,Towers with Radar,22,39,78,0,139,0,3,29,0,32,22,42,107,0,171,0,0,0,171
08/20/2023,MRY,CA,AWP,WE,Towers with Radar,17,117,111,0,245,0,0,32,0,32,17,117,143,0,277,0,0,0,277
08/21/2023,MRY,CA,AWP,WE,Towers with Radar,24,76,105,0,205,0,2,7,2,11,24,78,112,2,216,0,0,0,216
08/22/2023,MRY,CA,AWP,WE,Towers with Radar,21,24,48,0,93,0,2,50,0,52,21,26,98,0,145,36,0,36,181
08/23/2023,MRY,CA,AWP,WE,Towers with Radar,23,10,32,0,65,0,2,53,2,57,23,12,85,2,122,58,14,72,194
08/24/2023,MRY,CA,AWP,WE,Towers with Radar,22,25,42,0,89,0,2,44,0,46,22,27,86,0,135,0,0,0,135
08/25/2023,MRY,CA,AWP,WE,Towers with Radar,23,29,53,0,105,0,0,6,0,6,23,29,59,0,111,0,0,0,111
08/26/2023,MRY,CA,AWP,WE,Towers with Radar,23,15,48,0,86,0,0,10,0,10,23,15,58,0,96,0,0,0,96
08/27/2023,MRY,CA,AWP,WE,Towers with Radar,21,25,50,0,96,0,0,49,3,52,21,25,99,3,148,16,0,16,164
08/28/2023,MRY,CA,AWP,WE,Towers with Radar,23,13,38,2,76,0,1,67,2,70,23,14,105,4,146,0,0,0,146
08/29/2023,MRY,CA,AWP,WE,Towers with Radar,22,31,41,0,94,0,2,55,1,58,22,33,96,1,152,68,4,72,224
08/30/2023,MRY,CA,AWP,WE,Towers with Radar,23,32,28,4,87,0,2,42,2,46,23,34,70,6,133,36,2,38,171
08/31/2023,MRY,CA,AWP,WE,Towers with Radar,21,33,54,1,109,0,0,2,0,2,21,33,56,1,111,0,0,0,111
01/01/2020,MRY,CA,AWP,WE,Towers with Radar,14,21,42,0,77,0,0,8,0,8,14,21,50,0,85,0,0,0,85
01/02/2020,MRY,CA,AWP,WE,Towers with Radar,14,27,30,3,74,0,3,46,1,50,14,30,76,4,124,0,2,2,126
01/03/2020,MRY,CA,AWP,WE,Towers with Radar,15,17,25,2,59,0,3,57,0,60,15,20,82,2,119,10,0,10,129
01/04/2020,MRY,CA,AWP,WE,Towers with Radar,10,20,42,0,72,0,0,40,0,40,10,20,82,0,112,0,0,0,112
01/05/2020,MRY,CA,AWP,WE,Towers with Radar,11,18,17,0,46,0,2,62,0,64,11,20,79,0,110,28,0,28,138
01/06/2020,MRY,CA,AWP,WE,Towers with Radar,12,15,17,0,44,0,3,49,1,53,12,18,66,1,97,30,4,34,131
01/07/2020,MRY,CA,AWP,WE,Towers with Radar,9,20,24,2,55,0,4,31,0,35,9,24,55,2,90,36,0,36,126
01/08/2020,MRY,CA,AWP,WE,Towers with Radar,10,26,20,5,61,0,2,8,0,10,10,28,28,5,71,26,4,30,101
01/09/2020,MRY,CA,AWP,WE,Towers with Radar,10,24,31,2,67,0,0,14,0,14,10,24,45,2,81,2,0,2,83
01/10/2020,MRY,CA,AWP,WE,Towers with Radar,12,27,17,2,58,0,2,65,0,67,12,29,82,2,125,2,0,2,127
01/11/2020,MRY,CA,AWP,WE,Towers with Radar,10,20,31,0,61,0,1,45,0,46,10,21,76,0,107,0,0,0,107
01/12/2020,MRY,CA,AWP,WE,Towers with Radar,10,35,23,0,68,0,2,51,0,53,10,37,74,0,121,0,0,0,121
01/13/2020,MRY,CA,AWP,WE,Towers with Radar,13,19,18,1,51,0,0,37,2,39,13,19,55,3,90,12,0,12,102
01/14/2020,MRY,CA,AWP,WE,Towers with Radar,9,25,15,0,49,0,3,31,1,35,9,28,46,1,84,8,0,8,92
01/15/2020,MRY,CA,AWP,WE,Towers with Radar,10,21,22,0,53,0,3,28,1,32,10,24,50,1,85,34,0,34,119
01/16/2020,MRY,CA,AWP,WE,Towers with Radar,10,25,17,0,52,0,1,5,0,6,10,26,22,0,58,0,0,0,58
01/17/2020,MRY,CA,AWP,WE,Towers with Radar,11,24,35,0,70,0,5,60,1,66,11,29,95,1,136,10,0,10,146
01/18/2020,MRY,CA,AWP,WE,Towers with Radar,9,20,24,8,61,0,6,73,0,79,9,26,97,8,140,34,0,34,174
01/19/2020,MRY,CA,AWP,WE,Towers with Radar,8,21,11,0,40,0,5,42,0,47,8,26,53,0,87,18,0,18,105
01/20/2020,MRY,CA,AWP,WE,Towers with Radar,13,19,33,0,65,0,2,42,0,44,13,21,75,0,109,76,0,76,185
01/21/2020,MRY,CA,AWP,WE,Towers with Radar,11,21,21,0,53,0,1,11,1,13,11,22,32,1,66,18,0,18,84
01/22/2020,MRY,CA,AWP,WE,Towers with Radar,10,24,27,3,64,0,0,21,0,21,10,24,48,3,85,0,0,0,85
01/23/2020,MRY,CA,AWP,WE,Towers with Radar,10,21,25,13,69,0,4,42,0,46,10,25,67,13,115,8,2,10,125
01/24/2020,MRY,CA,AWP,WE,Towers with Radar,10,29,19,2,60,0,2,46,2,50,10,31,65,4,110,12,0,12,122
01/25/2020,MRY,CA,AWP,WE,Towers with Radar,10,16,26,0,52,0,2,52,0,54,10,18,78,0,106,18,0,18,124
01/26/2020,MRY,CA,AWP,WE,Towers with Radar,11,34,20,0,65,0,0,20,0,20,11,34,40,0,85,14,0,14,99
01/27/2020,MRY,CA,AWP,WE,Towers with Radar,12,23,19,1,55,0,0,47,1,48,12,23,66,2,103,22,2,24,127
01/28/2020,MRY,CA,AWP,WE,Towers with Radar,9,28,19,2,58,0,1,35,0,36,9,29,54,2,94,6,0,6,100
01/29/2020,MRY,CA,AWP,WE,Towers with Radar,10,30,21,3,64,0,3,30,0,33,10,33,51,3,97,8,4,12,109
01/30/2020,MRY,CA,AWP,WE,Towers with Radar,10,32,37,3,82,0,1,9,1,11,10,33,46,4,93,0,0,0,93
01/31/2020,MRY,CA,AWP,WE,Towers with Radar,12,22,32,0,66,0,4,49,0,53,12,26,81,0,119,12,0,12,131
02/01/2020,MRY,CA,AWP,WE,Towers with Radar,10,20,30,0,60,0,2,65,0,67,10,22,95,0,127,42,0,42,169
02/02/2020,MRY,CA,AWP,WE,Towers with Radar,10,29,28,0,67,0,0,11,0,11,10,29,39,0,78,0,0,0,78
02/03/2020,MRY,CA,AWP,WE,Towers with Radar,11,57,56,11,135,0,1,39,3,43,11,58,95,14,178,4,0,4,182
02/04/2020,MRY,CA,AWP,WE,Towers with Radar,11,36,37,0,84,0,3,41,0,44,11,39,78,0,128,4,0,4,132
02/05/2020,MRY,CA,AWP,WE,Towers with Radar,10,39,32,0,81,0,5,59,0,64,10,44,91,0,145,16,0,16,161
02/06/2020,MRY,CA,AWP,WE,Towers with Radar,10,20,37,5,72,0,8,70,0,78,10,28,107,5,150,12,4,16,166
02/07/2020,MRY,CA,AWP,WE,Towers with Radar,12,29,27,27,95,0,3,92,0,95,12,32,119,27,190,10,0,10,200
02/08/2020,MRY,CA,AWP,WE,Towers with Radar,10,33,48,2,93,0,0,42,0,42,10,33,90,2,135,6,0,6,141
02/09/2020,MRY,CA,AWP,WE,Towers with Radar,10,72,63,0,145,0,0,45,0,45,10,72,108,0,190,0,0,0,190
02/10/2020,MRY,CA,AWP,WE,Towers with Radar,11,32,38,0,81,0,2,44,4,50,11,34,82,4,131,2,8,10,141
02/11/2020,MRY,CA,AWP,WE,Towers with Radar,9,29,23,2,63,0,4,67,2,73,9,33,90,4,136,22,0,22,158
02/12/2020,MRY,CA,AWP,WE,Towers with Radar,9,38,18,5,70,0,3,64,0,67,9,41,82,5,137,10,0,10,147
02/13/2020,MRY,CA,AWP,WE,Towers with Radar,10,23,41,2,76,0,2,39,0,41,10,25,80,2,117,6,0,6,123
02/14/2020,MRY,CA,AWP,WE,Towers with Radar,13,22,46,2,83,0,2,50,0,52,13,24,96,2,135,12,0,12,147
02/15/2020,MRY,CA,AWP,WE,Towers with Radar,9,23,19,0,51,0,3,94,2,99,9,26,113,2,150,14,0,14,164
02/16/2020,MRY,CA,AWP,WE,Towers with Radar,11,34,27,0,72,0,0,67,0,67,11,34,94,0,139,28,0,28,167
02/17/2020,MRY,CA,AWP,WE,Towers with Radar,11,22,33,0,66,0,5,77,0,82,11,27,110,0,148,26,0,26,174
02/18/2020,MRY,CA,AWP,WE,Towers with Radar,10,24,21,0,55,0,2,51,0,53,10,26,72,0,108,26,0,26,134
02/19/2020,MRY,CA,AWP,WE,Towers with Radar,9,23,23,0,55,0,2,53,0,55,9,25,76,0,110,0,0,0,110
02/20/2020,MRY,CA,AWP,WE,Towers with Radar,9,24,20,0,53,0,2,49,2,53,9,26,69,2,106,0,8,8,114
02/21/2020,MRY,CA,AWP,WE,Towers with Radar,11,29,22,3,65,0,5,53,0,58,11,34,75,3,123,14,0,14,137
02/22/2020,MRY,CA,AWP,WE,Towers with Radar,11,31,33,0,75,0,0,10,0,10,11,31,43,0,85,0,0,0,85
02/23/2020,MRY,CA,AWP,WE,Towers with Radar,9,22,35,0,66,0,0,20,0,20,9,22,55,0,86,0,0,0,86
02/24/2020,MRY,CA,AWP,WE,Towers with Radar,10,23,28,16,77,0,1,49,14,64,10,24,77,30,141,34,0,34,175
02/25/2020,MRY,CA,AWP,WE,Towers with Radar,9,26,23,0,58,0,2,48,0,50,9,28,71,0,108,6,0,6,114
02/26/2020,MRY,CA,AWP,WE,Towers with Radar,9,22,20,3,54,0,2,72,0,74,9,24,92,3,128,10,0,10,138
02/27/2020,MRY,CA,AWP,WE,Towers with Radar,8,18,17,2,45,0,3,48,2,53,8,21,65,4,98,36,0,36,134
02/28/2020,MRY,CA,AWP,WE,Towers with Radar,11,20,29,0,60,0,2,65,0,67,11,22,94,0,127,10,0,10,137
02/29/2020,MRY,CA,AWP,WE,Towers with Radar,11,27,20,0,58,0,0,26,0,26,11,27,46,0,84,16,0,16,100
03/01/2020,MRY,CA,AWP,WE,Towers with Radar,11,26,33,0,70,0,2,9,0,11,11,28,42,0,81,66,0,66,147
03/02/2020,MRY,CA,AWP,WE,Towers with Radar,11,23,24,6,64,0,1,54,18,73,11,24,78,24,137,40,0,40,177
03/03/2020,MRY,CA,AWP,WE,Towers with Radar,8,24,21,0,53,0,5,67,0,72,8,29,88,0,125,34,0,34,159
03/04/2020,MRY,CA,AWP,WE,Towers with Radar,9,25,22,2,58,0,7,101,1,109,9,32,123,3,167,18,2,20,187
03/05/2020,MRY,CA,AWP,WE,Towers with Radar,9,28,34,2,73,0,1,28,0,29,9,29,62,2,102,36,2,38,140
03/06/2020,MRY,CA,AWP,WE,Towers with Radar,10,31,44,0,85,0,1,30,0,31,10,32,74,0,116,30,0,30,146
03/07/2020,MRY,CA,AWP,WE,Towers with Radar,12,25,22,0,59,0,0,14,0,14,12,25,36,0,73,36,0,36,109
03/08/2020,MRY,CA,AWP,WE,Towers with Radar,10,25,23,0,58,0,0,45,0,45,10,25,68,0,103,48,0,48,151
03/09/2020,MRY,CA,AWP,WE,Towers with Radar,12,23,26,0,61,0,1,26,0,27,12,24,52,0,88,22,0,22,110
03/10/2020,MRY,CA,AWP,WE,Towers with Radar,10,24,21,2,57,0,3,23,2,28,10,27,44,4,85,32,0,32,117
03/11/2020,MRY,CA,AWP,WE,Towers with Radar,12,23,36,0,71,0,2,46,0,48,12,25,82,0,119,22,0,22,141
03/12/2020,MRY,CA,AWP,WE,Towers with Radar,10,35,44,2,91,0,2,43,6,51,10,37,87,8,142,48,12,60,202
03/13/2020,MRY,CA,AWP,WE,Towers with Radar,11,27,45,4,87,0,0,18,0,18,11,27,63,4,105,14,0,14,119
03/14/2020,MRY,CA,AWP,WE,Towers with Radar,10,22,19,0,51,0,0,10,0,10,10,22,29,0,61,4,0,4,65
03/15/2020,MRY,CA,AWP,WE,Towers with Radar,10,45,41,0,96,0,0,0,0,0,10,45,41,0,96,0,0,0,96
03/16/2020,MRY,CA,AWP,WE,Towers with Radar,14,16,19,0,49,0,1,4,0,5,14,17,23,0,54,30,0,30,84
03/17/2020,MRY,CA,AWP,WE,Towers with Radar,10,20,15,0,45,0,2,7,0,9,10,22,22,0,54,0,0,0,54
03/18/2020,MRY,CA,AWP,WE,Towers with Radar,10,26,7,2,45,0,0,17,2,19,10,26,24,4,64,0,0,0,64
03/19/2020,MRY,CA,AWP,WE,Towers with Radar,8,15,9,2,34,0,3,21,0,24,8,18,30,2,58,28,0,28,86
03/20/2020,MRY,CA,AWP,WE,Towers with Radar,8,21,13,2,44,0,2,34,0,36,8,23,47,2,80,16,2,18,98
03/21/2020,MRY,CA,AWP,WE,Towers with Radar,9,17,8,0,34,0,2,27,0,29,9,19,35,0,63,20,0,20,83
03/22/2020,MRY,CA,AWP,WE,Towers with Radar,6,12,8,0,26,0,0,9,0,9,6,12,17,0,35,0,0,0,35
03/23/2020,MRY,CA,AWP,WE,Towers with Radar,6,14,4,0,24,0,0,0,0,0,6,14,4,0,24,0,0,0,24
03/24/2020,MRY,CA,AWP,WE,Towers with Radar,6,16,7,6,35,0,1,9,0,10,6,17,16,6,45,0,4,4,49
03/25/2020,MRY,CA,AWP,WE,Towers with Radar,6,11,9,4,30,0,1,9,0,10,6,12,18,4,40,12,0,12,52
03/26/2020,MRY,CA,AWP,WE,Towers with Radar,8,9,3,4,24,0,2,28,2,32,8,11,31,6,56,26,0,26,82
03/27/2020,MRY,CA,AWP,WE,Towers with Radar,4,11,7,0,22,0,4,22,1,27,4,15,29,1,49,32,0,32,81
03/28/2020,MRY,CA,AWP,WE,Towers with Radar,5,7,3,0,15,0,0,16,0,16,5,7,19,0,31,66,0,66,97
03/29/2020,MRY,CA,AWP,WE,Towers with Radar,5,9,3,0,17,0,0,3,0,3,5,9,6,0,20,20,0,20,40
03/30/2020,MRY,CA,AWP,WE,Towers with Radar,6,12,11,0,29,0,2,13,0,15,6,14,24,0,44,28,0,28,72
03/31/2020,MRY,CA,AWP,WE,Towers with Radar,4,10,0,4,18,0,2,33,1,36,4,12,33,5,54,22,0,22,76
04/01/2020,MRY,CA,AWP,WE,Towers with Radar,5,6,9,0,20,0,2,25,0,27,5,8,34,0,47,10,0,10,57
04/02/2020,MRY,CA,AWP,WE,Towers with Radar,5,5,9,2,21,0,2,44,0,46,5,7,53,2,67,68,0,68,135
04/03/2020,MRY,CA,AWP,WE,Towers with Radar,5,5,6,0,16,0,2,24,3,29,5,7,30,3,45,18,0,18,63
04/04/2020,MRY,CA,AWP,WE,Towers with Radar,5,6,3,0,14,0,0,4,1,5,5,6,7,1,19,4,0,4,23
04/05/2020,MRY,CA,AWP,WE,Towers with Radar,7,5,2,0,14,0,0,0,0,0,7,5,2,0,14,0,0,0,14
04/06/2020,MRY,CA,AWP,WE,Towers with Radar,7,5,2,3,17,0,0,0,5,5,7,5,2,8,22,16,2,18,40
04/07/2020,MRY,CA,AWP,WE,Towers with Radar,6,7,4,0,17,0,2,26,2,30,6,9,30,2,47,16,0,16,63
04/08/2020,MRY,CA,AWP,WE,Towers with Radar,7,14,20,1,42,0,0,8,3,11,7,14,28,4,53,0,0,0,53
04/09/2020,MRY,CA,AWP,WE,Towers with Radar,9,4,5,4,22,0,0,5,1,6,9,4,10,5,28,0,0,0,28
04/10/2020,MRY,CA,AWP,WE,Towers with Radar,9,3,12,2,26,0,1,21,1,23,9,4,33,3,49,10,0,10,59
04/11/2020,MRY,CA,AWP,WE,Towers with Radar,8,4,26,0,38,0,0,9,0,9,8,4,35,0,47,8,0,8,55
04/12/2020,MRY,CA,AWP,WE,Towers with Radar,5,1,21,1,28,0,0,0,1,1,5,1,21,2,29,0,0,0,29
04/13/2020,MRY,CA,AWP,WE,Towers with Radar,7,6,7,2,22,0,1,30,1,32,7,7,37,3,54,16,0,16,70
04/14/2020,MRY,CA,AWP,WE,Towers with Radar,4,4,8,2,18,0,2,52,0,54,4,6,60,2,72,0,0,0,72
04/15/2020,MRY,CA,AWP,WE,Towers with Radar,9,5,8,1,23,0,3,67,1,71,9,8,75,2,94,10,2,12,106
04/16/2020,MRY,CA,AWP,WE,Towers with Radar,9,11,8,1,29,0,0,1,0,1,9,11,9,1,30,0,0,0,30
04/17/2020,MRY,CA,AWP,WE,Towers with Radar,6,6,21,4,37,0,0,4,0,4,6,6,25,4,41,0,0,0,41
04/18/2020,MRY,CA,AWP,WE,Towers with Radar,6,3,12,0,21,0,1,12,0,13,6,4,24,0,34,0,0,0,34
04/19/2020,MRY,CA,AWP,WE,Towers with Radar,7,3,14,0,24,0,0,30,0,30,7,3,44,0,54,10,0,10,64
04/20/2020,MRY,CA,AWP,WE,Towers with Radar,5,2,10,0,17,0,1,9,1,11,5,3,19,1,28,0,0,0,28
04/21/2020,MRY,CA,AWP,WE,Towers with Radar,5,10,11,0,26,0,0,21,0,21,5,10,32,0,47,6,0,6,53
04/22/2020,MRY,CA,AWP,WE,Towers with Radar,5,6,5,0,16,0,5,44,0,49,5,11,49,0,65,12,0,12,77
04/23/2020,MRY,CA,AWP,WE,Towers with Radar,5,8,5,0,18,0,1,22,0,23,5,9,27,0,41,0,0,0,41
04/24/2020,MRY,CA,AWP,WE,Towers with Radar,3,6,7,0,16,0,3,75,0,78,3,9,82,0,94,30,0,30,124
04/25/2020,MRY,CA,AWP,WE,Towers with Radar,5,7,6,2,20,0,2,45,0,47,5,9,51,2,67,10,0,10,77
04/26/2020,MRY,CA,AWP,WE,Towers with Radar,2,7,10,0,19,0,0,50,0,50,2,7,60,0,69,0,0,0,69
04/27/2020,MRY,CA,AWP,WE,Towers with Radar,6,7,7,0,20,0,1,23,2,26,6,8,30,2,46,28,0,28,74
04/28/2020,MRY,CA,AWP,WE,Towers with Radar,4,7,8,8,27,0,4,29,0,33,4,11,37,8,60,10,0,10,70
04/29/2020,MRY,CA,AWP,WE,Towers with Radar,4,7,9,0,20,0,0,13,0,13,4,7,22,0,33,0,0,0,33
04/30/2020,MRY,CA,AWP,WE,Towers with Radar,8,12,4,0,24,0,0,34,0,34,8,12,38,0,58,2,0,2,60
05/01/2020,MRY,CA,AWP,WE,Towers with Radar,2,8,13,7,30,0,3,54,1,58,2,11,67,8,88,20,0,20,108
05/02/2020,MRY,CA,AWP,WE,Towers with Radar,2,7,5,0,14,0,1,45,0,46,2,8,50,0,60,0,0,0,60
05/03/2020,MRY,CA,AWP,WE,Towers with Radar,6,4,10,0,20,0,0,36,0,36,6,4,46,0,56,0,0,0,56
05/04/2020,MRY,CA,AWP,WE,Towers with Radar,6,6,5,0,17,0,0,34,0,34,6,6,39,0,51,10,0,10,61
05/05/2020,MRY,CA,AWP,WE,Towers with Radar,3,6,11,0,20,0,3,34,0,37,3,9,45,0,57,8,0,8,65
05/06/2020,MRY,CA,AWP,WE,Towers with Radar,4,6,13,0,23,0,3,37,0,40,4,9,50,0,63,0,0,0,63
05/07/2020,MRY,CA,AWP,WE,Towers with Radar,5,10,12,0,27,0,3,25,2,30,5,13,37,2,57,6,0,6,63
05/08/2020,MRY,CA,AWP,WE,Towers with Radar,12,5,12,0,29,0,2,45,0,47,12,7,57,0,76,0,0,0,76
05/09/2020,MRY,CA,AWP,WE,Towers with Radar,4,6,20,0,30,0,0,44,0,44,4,6,64,0,74,32,0,32,106
05/10/2020,MRY,CA,AWP,WE,Towers with Radar,8,11,16,0,35,0,1,27,0,28,8,12,43,0,63,0,0,0,63
05/11/2020,MRY,CA,AWP,WE,Towers with Radar,8,10,13,0,31,0,0,30,1,31,8,10,43,1,62,26,0,26,88
05/12/2020,MRY,CA,AWP,WE,Towers with Radar,7,7,19,0,33,0,1,12,1,14,7,8,31,1,47,0,0,0,47
05/13/2020,MRY,CA,AWP,WE,Towers with Radar,6,9,6,2,23,0,3,22,2,27,6,12,28,4,50,10,6,16,66
05/14/2020,MRY,CA,AWP,WE,Towers with Radar,8,15,22,2,47,0,2,18,2,22,8,17,40,4,69,22,0,22,91
05/15/2020,MRY,CA,AWP,WE,Towers with Radar,9,15,13,1,38,1,4,62,0,67,10,19,75,1,105,2,0,2,107
05/16/2020,MRY,CA,AWP,WE,Towers with Radar,8,4,10,0,22,0,2,62,0,64,8,6,72,0,86,8,0,8,94
05/17/2020,MRY,CA,AWP,WE,Towers with Radar,8,3,16,0,27,0,1,6,0,7,8,4,22,0,34,0,0,0,34
05/18/2020,MRY,CA,AWP,WE,Towers with Radar,10,2,5,3,20,0,1,10,0,11,10,3,15,3,31,2,0,2,33
05/19/2020,MRY,CA,AWP,WE,Towers with Radar,4,2,23,8,37,0,3,29,1,33,4,5,52,9,70,0,0,0,70
05/20/2020,MRY,CA,AWP,WE,Towers with Radar,6,14,21,6,47,0,1,12,0,13,6,15,33,6,60,0,0,0,60
05/21/2020,MRY,CA,AWP,WE,Towers with Radar,4,9,24,10,47,0,4,36,2,42,4,13,60,12,89,0,0,0,89
05/22/2020,MRY,CA,AWP,WE,Towers with Radar,10,15,21,3,49,0,1,35,4,40,10,16,56,7,89,14,0,14,103
05/23/2020,MRY,CA,AWP,WE,Towers with Radar,4,4,17,0,25,0,1,50,0,51,4,5,67,0,76,0,0,0,76
05/24/2020,MRY,CA,AWP,WE,Towers with Radar,6,3,9,0,18,0,0,58,0,58,6,3,67,0,76,6,0,6,82
05/25/2020,MRY,CA,AWP,WE,Towers with Radar,9,12,12,0,33,1,1,61,0,63,10,13,73,0,96,10,0,10,106
05/26/2020,MRY,CA,AWP,WE,Towers with Radar,4,8,15,0,27,0,3,33,0,36,4,11,48,0,63,0,0,0,63
05/27/2020,MRY,CA,AWP,WE,Towers with Radar,6,3,8,7,24,0,3,37,0,40,6,6,45,7,64,2,0,2,66
05/28/2020,MRY,CA,AWP,WE,Towers with Radar,4,11,22,2,39,0,0,24,0,24,4,11,46,2,63,4,0,4,67
05/29/2020,MRY,CA,AWP,WE,Towers with Radar,12,16,48,0,76,0,2,24,0,26,12,18,72,0,102,0,0,0,102
05/30/2020,MRY,CA,AWP,WE,Towers with Radar,4,6,13,3,26,0,1,9,0,10,4,7,22,3,36,0,0,0,36
05/31/2020,MRY,CA,AWP,WE,Towers with Radar,6,10,32,0,48,0,0,23,1,24,6,10,55,1,72,0,0,0,72
06/01/2020,MRY,CA,AWP,WE,Towers with Radar,12,9,22,0,43,0,0,9,0,9,12,9,31,0,52,6,0,6,58
06/02/2020,MRY,CA,AWP,WE,Towers with Radar,3,15,15,6,39,1,3,45,2,51,4,18,60,8,90,0,6,6,96
06/03/2020,MRY,CA,AWP,WE,Towers with Radar,8,13,17,0,38,0,5,48,3,56,8,18,65,3,94,6,0,6,100
06/04/2020,MRY,CA,AWP,WE,Towers with Radar,7,10,29,0,46,0,0,37,0,37,7,10,66,0,83,6,0,6,89
06/05/2020,MRY,CA,AWP,WE,Towers with Radar,11,10,55,0,76,0,1,11,0,12,11,11,66,0,88,0,0,0,88
06/06/2020,MRY,CA,AWP,WE,Towers with Radar,4,15,21,0,40,0,3,39,0,42,4,18,60,0,82,10,0,10,92
06/07/2020,MRY,CA,AWP,WE,Towers with Radar,4,12,16,0,32,0,1,52,0,53,4,13,68,0,85,0,0,0,85
06/08/2020,MRY,CA,AWP,WE,Towers with Radar,10,3,13,0,26,0,1,52,5,58,10,4,65,5,84,8,0,8,92
06/09/2020,MRY,CA,AWP,WE,Towers with Radar,6,9,18,2,35,0,4,48,0,52,6,13,66,2,87,10,2,12,99
06/10/2020,MRY,CA,AWP,WE,Towers with Radar,6,7,14,9,36,0,1,42,1,44,6,8,56,10,80,0,8,8,88
06/11/2020,MRY,CA,AWP,WE,Towers with Radar,6,13,26,0,45,0,1,46,3,50,6,14,72,3,95,6,0,6,101
06/12/2020,MRY,CA,AWP,WE,Towers with Radar,10,9,25,0,44,0,2,42,0,44,10,11,67,0,88,14,0,14,102
06/13/2020,MRY,CA,AWP,WE,Towers with Radar,4,7,22,0,33,0,4,60,1,65,4,11,82,1,98,0,0,0,98
06/14/2020,MRY,CA,AWP,WE,Towers with Radar,8,15,30,0,53,0,1,68,0,69,8,16,98,0,122,22,0,22,144
06/15/2020,MRY,CA,AWP,WE,Towers with Radar,10,10,30,3,53,0,2,38,0,40,10,12,68,3,93,14,0,14,107
06/16/2020,MRY,CA,AWP,WE,Towers with Radar,3,14,27,0,44,0,3,28,0,31,3,17,55,0,75,30,0,30,105
06/17/2020,MRY,CA,AWP,WE,Towers with Radar,9,16,22,0,47,0,3,41,0,44,9,19,63,0,91,6,0,6,97
06/18/2020,MRY,CA,AWP,WE,Towers with Radar,3,21,28,6,58,1,7,46,1,55,4,28,74,7,113,21,0,21,134
06/19/2020,MRY,CA,AWP,WE,Towers with Radar,10,12,40,2,64,0,4,54,2,60,10,16,94,4,124,0,0,0,124
06/20/2020,MRY,CA,AWP,WE,Towers with Radar,4,17,42,0,63,0,1,32,0,33,4,18,74,0,96,18,0,18,114
06/21/2020,MRY,CA,AWP,WE,Towers with Radar,8,13,27,0,48,0,4,38,0,42,8,17,65,0,90,0,0,0,90
06/22/2020,MRY,CA,AWP,WE,Towers with Radar,10,28,35,0,73,0,0,27,0,27,10,28,62,0,100,10,0,10,110
06/23/2020,MRY,CA,AWP,WE,Towers with Radar,4,21,18,6,49,0,0,23,0,23,4,21,41,6,72,12,0,12,84
06/24/2020,MRY,CA,AWP,WE,Towers with Radar,8,23,30,2,63,0,1,35,0,36,8,24,65,2,99,0,0,0,99
06/25/2020,MRY,CA,AWP,WE,Towers with Radar,4,33,44,0,81,0,0,26,0,26,4,33,70,0,107,0,0,0,107
06/26/2020,MRY,CA,AWP,WE,Towers with Radar,8,32,36,0,76,0,1,54,0,55,8,33,90,0,131,0,0,0,131
06/27/2020,MRY,CA,AWP,WE,Towers with Radar,4,18,52,0,74,0,1,48,0,49,4,19,100,0,123,0,0,0,123
06/28/2020,MRY,CA,AWP,WE,Towers with Radar,8,20,35,1,64,0,6,25,1,32,8,26,60,2,96,0,0,0,96
06/29/2020,MRY,CA,AWP,WE,Towers with Radar,8,14,20,0,42,0,0,42,0,42,8,14,62,0,84,18,0,18,102
06/30/2020,MRY,CA,AWP,WE,Towers with Radar,3,11,33,5,52,0,3,53,0,56,3,14,86,5,108,4,0,4,112
07/01/2020,MRY,CA,AWP,WE,Towers with Radar,10,27,23,0,60,0,1,31,2,34,10,28,54,2,94,4,0,4,98
07/02/2020,MRY,CA,AWP,WE,Towers with Radar,9,20,34,0,63,0,0,45,0,45,9,20,79,0,108,10,0,10,118
07/03/2020,MRY,CA,AWP,WE,Towers with Radar,10,22,28,2,62,0,0,53,0,53,10,22,81,2,115,0,0,0,115
07/04/2020,MRY,CA,AWP,WE,Towers with Radar,6,8,8,0,22,0,0,40,0,40,6,8,48,0,62,0,0,0,62
07/05/2020,MRY,CA,AWP,WE,Towers with Radar,10,14,28,0,52,0,1,63,0,64,10,15,91,0,116,18,0,18,134
07/06/2020,MRY,CA,AWP,WE,Towers with Radar,11,15,19,0,45,0,0,33,3,36,11,15,52,3,81,0,0,0,81
07/07/2020,MRY,CA,AWP,WE,Towers with Radar,9,13,27,4,53,0,1,57,0,58,9,14,84,4,111,6,0,6,117
07/08/2020,MRY,CA,AWP,WE,Towers with Radar,10,20,25,9,64,0,0,33,0,33,10,20,58,9,97,0,0,0,97
07/09/2020,MRY,CA,AWP,WE,Towers with Radar,8,21,25,0,54,0,2,44,3,49,8,23,69,3,103,10,0,10,113
07/10/2020,MRY,CA,AWP,WE,Towers with Radar,11,24,21,0,56,0,2,43,0,45,11,26,64,0,101,0,0,0,101
07/11/2020,MRY,CA,AWP,WE,Towers with Radar,8,8,26,0,42,0,1,80,2,83,8,9,106,2,125,0,0,0,125
07/12/2020,MRY,CA,AWP,WE,Towers with Radar,8,18,25,0,51,0,4,61,0,65,8,22,86,0,116,0,0,0,116
07/13/2020,MRY,CA,AWP,WE,Towers with Radar,12,25,49,0,86,0,0,15,3,18,12,25,64,3,104,0,0,0,104
07/14/2020,MRY,CA,AWP,WE,Towers with Radar,10,13,32,0,55,0,3,17,0,20,10,16,49,0,75,0,0,0,75
07/15/2020,MRY,CA,AWP,WE,Towers with Radar,8,20,35,0,63,0,3,33,0,36,8,23,68,0,99,0,0,0,99
07/16/2020,MRY,CA,AWP,WE,Towers with Radar,9,24,52,2,87,0,0,41,0,41,9,24,93,2,128,8,0,8,136
07/17/2020,MRY,CA,AWP,WE,Towers with Radar,13,27,36,0,76,0,0,40,0,40,13,27,76,0,116,0,0,0,116
07/18/2020,MRY,CA,AWP,WE,Towers with Radar,8,20,39,0,67,0,2,40,0,42,8,22,79,0,109,0,0,0,109
07/19/2020,MRY,CA,AWP,WE,Towers with Radar,8,15,54,0,77,0,3,37,0,40,8,18,91,0,117,0,0,0,117
07/20/2020,MRY,CA,AWP,WE,Towers with Radar,10,12,45,0,67,0,0,16,0,16,10,12,61,0,83,0,0,0,83
07/21/2020,MRY,CA,AWP,WE,Towers with Radar,10,14,22,0,46,0,0,12,0,12,10,14,34,0,58,2,0,2,60
07/22/2020,MRY,CA,AWP,WE,Towers with Radar,8,20,30,0,58,0,2,35,2,39,8,22,65,2,97,6,0,6,103
07/23/2020,MRY,CA,AWP,WE,Towers with Radar,8,11,51,4,74,0,1,22,3,26,8,12,73,7,100,16,0,16,116
07/24/2020,MRY,CA,AWP,WE,Towers with Radar,10,20,48,0,78,0,0,14,0,14,10,20,62,0,92,0,0,0,92
07/25/2020,MRY,CA,AWP,WE,Towers with Radar,9,15,33,0,57,1,1,49,1,52,10,16,82,1,109,6,0,6,115
07/26/2020,MRY,CA,AWP,WE,Towers with Radar,8,16,26,0,50,0,1,40,1,42,8,17,66,1,92,6,0,6,98
07/27/2020,MRY,CA,AWP,WE,Towers with Radar,10,19,17,0,46,0,1,26,0,27,10,20,43,0,73,22,0,22,95
07/28/2020,MRY,CA,AWP,WE,Towers with Radar,10,23,34,8,75,0,0,36,2,38,10,23,70,10,113,6,0,6,119
07/29/2020,MRY,CA,AWP,WE,Towers with Radar,8,18,35,4,65,0,1,29,0,30,8,19,64,4,95,0,0,0,95
07/30/2020,MRY,CA,AWP,WE,Towers with Radar,8,29,33,0,70,0,1,40,0,41,8,30,73,0,111,14,0,14,125
07/31/2020,MRY,CA,AWP,WE,Towers with Radar,12,29,44,0,85,0,4,57,0,61,12,33,101,0,146,12,0,12,158
08/01/2020,MRY,CA,AWP,WE,Towers with Radar,8,12,24,0,44,0,2,67,2,71,8,14,91,2,115,10,0,10,125
08/02/2020,MRY,CA,AWP,WE,Towers with Radar,8,22,44,0,74,0,2,53,0,55,8,24,97,0,129,0,0,0,129
08/03/2020,MRY,CA,AWP,WE,Towers with Radar,10,22,25,1,58,0,1,71,0,72,10,23,96,1,130,18,0,18,148
08/04/2020,MRY,CA,AWP,WE,Towers with Radar,8,18,50,0,76,0,1,11,0,12,8,19,61,0,88,0,0,0,88
08/05/2020,MRY,CA,AWP,WE,Towers with Radar,8,18,52,0,78,0,0,8,0,8,8,18,60,0,86,0,0,0,86
08/06/2020,MRY,CA,AWP,WE,Towers with Radar,8,20,45,9,82,0,3,20,0,23,8,23,65,9,105,0,0,0,105
08/07/2020,MRY,CA,AWP,WE,Towers with Radar,11,27,18,0,56,0,4,53,0,57,11,31,71,0,113,6,0,6,119
08/08/2020,MRY,CA,AWP,WE,Towers with Radar,10,26,28,5,69,0,1,58,0,59,10,27,86,5,128,44,0,44,172
08/09/2020,MRY,CA,AWP,WE,Towers with Radar,8,26,31,0,65,0,2,60,0,62,8,28,91,0,127,34,0,34,161
08/10/2020,MRY,CA,AWP,WE,Towers with Radar,8,21,21,0,50,0,2,36,3,41,8,23,57,3,91,0,0,0,91
08/11/2020,MRY,CA,AWP,WE,Towers with Radar,12,25,39,1,77,0,2,35,1,38,12,27,74,2,115,0,0,0,115
08/12/2020,MRY,CA,AWP,WE,Towers with Radar,8,23,20,0,51,0,0,40,0,40,8,23,60,0,91,6,0,6,97
08/13/2020,MRY,CA,AWP,WE,Towers with Radar,8,28,21,0,57,0,2,63,0,65,8,30,84,0,122,0,0,0,122
08/14/2020,MRY,CA,AWP,WE,Towers with Radar,10,25,25,2,62,0,4,79,0,83,10,29,104,2,145,14,0,14,159
08/15/2020,MRY,CA,AWP,WE,Towers with Radar,8,38,26,0,72,0,1,76,0,77,8,39,102,0,149,10,0,10,159
08/16/2020,MRY,CA,AWP,WE,Towers with Radar,7,32,25,4,68,0,0,77,0,77,7,32,102,4,145,2,0,2,147
08/17/2020,MRY,CA,AWP,WE,Towers with Radar,8,17,24,4,53,0,3,50,2,55,8,20,74,6,108,16,10,26,134
08/18/2020,MRY,CA,AWP,WE,Towers with Radar,6,32,31,0,69,0,3,38,0,41,6,35,69,0,110,0,0,0,110
08/19/2020,MRY,CA,AWP,WE,Towers with Radar,8,23,27,0,58,0,0,8,0,8,8,23,35,0,66,0,0,0,66
08/20/2020,MRY,CA,AWP,WE,Towers with Radar,9,32,27,0,68,0,0,1,0,1,9,32,28,0,69,0,0,0,69
08/21/2020,MRY,CA,AWP,WE,Towers with Radar,12,32,28,0,72,0,0,2,0,2,12,32,30,0,74,0,0,0,74
08/22/2020,MRY,CA,AWP,WE,Towers with Radar,7,20,16,0,43,0,0,7,0,7,7,20,23,0,50,0,0,0,50
08/23/2020,MRY,CA,AWP,WE,Towers with Radar,10,19,26,0,55,0,0,8,4,12,10,19,34,4,67,0,0,0,67
08/24/2020,MRY,CA,AWP,WE,Towers with Radar,9,24,15,0,48,0,1,16,0,17,9,25,31,0,65,14,0,14,79
08/25/2020,MRY,CA,AWP,WE,Towers with Radar,10,22,15,0,47,0,0,11,0,11,10,22,26,0,58,0,0,0,58
08/26/2020,MRY,CA,AWP,WE,Towers with Radar,7,18,12,0,37,0,0,0,0,0,7,18,12,0,37,0,0,0,37
08/27/2020,MRY,CA,AWP,WE,Towers with Radar,15,25,32,0,72,0,1,10,0,11,15,26,42,0,83,0,0,0,83
08/28/2020,MRY,CA,AWP,WE,Towers with Radar,5,26,20,0,51,0,1,28,0,29,5,27,48,0,80,2,0,2,82
08/29/2020,MRY,CA,AWP,WE,Towers with Radar,6,23,18,0,47,0,0,19,1,20,6,23,37,1,67,10,0,10,77
08/30/2020,MRY,CA,AWP,WE,Towers with Radar,9,22,24,0,55,1,0,39,0,40,10,22,63,0,95,20,0,20,115
08/31/2020,MRY,CA,AWP,WE,Towers with Radar,8,21,38,2,69,0,1,24,2,27,8,22,62,4,96,14,2,16,112
09/01/2020,MRY,CA,AWP,WE,Towers with Radar,6,20,40,0,66,0,0,29,1,30,6,20,69,1,96,0,0,0,96
09/02/2020,MRY,CA,AWP,WE,Towers with Radar,6,18,35,3,62,0,2,16,1,19,6,20,51,4,81,0,0,0,81
09/03/2020,MRY,CA,AWP,WE,Towers with Radar,7,26,34,2,69,0,2,31,0,33,7,28,65,2,102,0,0,0,102
09/04/2020,MRY,CA,AWP,WE,Towers with Radar,10,24,32,0,66,0,2,34,0,36,10,26,66,0,102,0,0,0,102
09/05/2020,MRY,CA,AWP,WE,Towers with Radar,7,13,11,2,33,0,6,64,0,70,7,19,75,2,103,0,0,0,103
09/06/2020,MRY,CA,AWP,WE,Towers with Radar,8,18,29,0,55,0,2,53,1,56,8,20,82,1,111,4,0,4,115
09/07/2020,MRY,CA,AWP,WE,Towers with Radar,8,27,34,0,69,0,0,66,0,66,8,27,100,0,135,26,0,26,161
09/08/2020,MRY,CA,AWP,WE,Towers with Radar,6,24,51,0,81,0,0,13,0,13,6,24,64,0,94,18,0,18,112
09/09/2020,MRY,CA,AWP,WE,Towers with Radar,8,26,22,4,60,0,0,0,0,0,8,26,22,4,60,0,0,0,60
09/10/2020,MRY,CA,AWP,WE,Towers with Radar,8,37,39,0,84,0,0,0,0,0,8,37,39,0,84,0,0,0,84
09/11/2020,MRY,CA,AWP,WE,Towers with Radar,12,31,36,2,81,0,0,0,0,0,12,31,36,2,81,6,0,6,87
09/12/2020,MRY,CA,AWP,WE,Towers with Radar,8,22,24,0,54,0,0,0,0,0,8,22,24,0,54,0,0,0,54
09/13/2020,MRY,CA,AWP,WE,Towers with Radar,10,28,37,0,75,0,0,0,0,0,10,28,37,0,75,0,0,0,75
09/14/2020,MRY,CA,AWP,WE,Towers with Radar,12,29,35,0,76,0,0,3,1,4,12,29,38,1,80,0,0,0,80
09/15/2020,MRY,CA,AWP,WE,Towers with Radar,6,21,33,3,63,0,1,11,0,12,6,22,44,3,75,0,0,0,75
09/16/2020,MRY,CA,AWP,WE,Towers with Radar,6,20,27,0,53,0,0,34,2,36,6,20,61,2,89,14,0,14,103
09/17/2020,MRY,CA,AWP,WE,Towers with Radar,8,26,21,2,57,0,1,35,0,36,8,27,56,2,93,20,0,20,113
09/18/2020,MRY,CA,AWP,WE,Towers with Radar,8,18,30,1,57,0,3,64,1,68,8,21,94,2,125,6,0,6,131
09/19/2020,MRY,CA,AWP,WE,Towers with Radar,10,27,23,0,60,0,2,55,0,57,10,29,78,0,117,4,0,4,121
09/20/2020,MRY,CA,AWP,WE,Towers with Radar,10,39,34,0,83,0,1,93,0,94,10,40,127,0,177,0,0,0,177
09/21/2020,MRY,CA,AWP,WE,Towers with Radar,8,15,27,0,50,0,0,28,0,28,8,15,55,0,78,8,0,8,86
09/22/2020,MRY,CA,AWP,WE,Towers with Radar,6,29,18,0,53,0,0,24,0,24,6,29,42,0,77,54,0,54,131
09/23/2020,MRY,CA,AWP,WE,Towers with Radar,6,30,39,4,79,0,2,65,0,67,6,32,104,4,146,28,0,28,174
09/24/2020,MRY,CA,AWP,WE,Towers with Radar,8,27,34,4,73,0,4,55,0,59,8,31,89,4,132,20,2,22,154
09/25/2020,MRY,CA,AWP,WE,Towers with Radar,10,22,36,3,71,0,2,54,1,57,10,24,90,4,128,0,0,0,128
09/26/2020,MRY,CA,AWP,WE,Towers with Radar,7,13,16,0,36,0,1,66,3,70,7,14,82,3,106,22,8,30,136
09/27/2020,MRY,CA,AWP,WE,Towers with Radar,10,36,37,0,83,0,2,83,0,85,10,38,120,0,168,20,0,20,188
09/28/2020,MRY,CA,AWP,WE,Towers with Radar,8,17,32,4,61,0,2,44,0,46,8,19,76,4,107,10,0,10,117
09/29/2020,MRY,CA,AWP,WE,Towers with Radar,7,18,36,5,66,0,2,29,1,32,7,20,65,6,98,36,0,36,134
09/30/2020,MRY,CA,AWP,WE,Towers with Radar,7,40,35,12,94,0,2,28,0,30,7,42,63,12,124,30,0,30,154
10/01/2020,MRY,CA,AWP,WE,Towers with Radar,10,35,44,4,93,0,4,17,1,22,10,39,61,5,115,10,0,10,125
10/02/2020,MRY,CA,AWP,WE,Towers with Radar,12,37,60,4,113,0,0,25,2,27,12,37,85,6,140,6,0,6,146
10/03/2020,MRY,CA,AWP,WE,Towers with Radar,8,26,27,0,61,0,1,30,2,33,8,27,57,2,94,6,0,6,100
10/04/2020,MRY,CA,AWP,WE,Towers with Radar,10,47,48,4,109,0,0,51,1,52,10,47,99,5,161,14,0,14,175
10/05/2020,MRY,CA,AWP,WE,Towers with Radar,7,21,32,4,64,0,0,34,0,34,7,21,66,4,98,14,0,14,112
10/06/2020,MRY,CA,AWP,WE,Towers with Radar,8,23,22,4,57,0,1,31,1,33,8,24,53,5,90,12,0,12,102
10/07/2020,MRY,CA,AWP,WE,Towers with Radar,11,28,51,6,96,0,0,2,0,2,11,28,53,6,98,0,0,0,98
10/08/2020,MRY,CA,AWP,WE,Towers with Radar,14,22,43,3,82,0,0,11,0,11,14,22,54,3,93,0,0,0,93
10/09/2020,MRY,CA,AWP,WE,Towers with Radar,12,31,40,0,83,0,6,39,0,45,12,37,79,0,128,16,0,16,144
10/10/2020,MRY,CA,AWP,WE,Towers with Radar,10,27,38,0,75,0,3,43,0,46,10,30,81,0,121,10,0,10,131
10/11/2020,MRY,CA,AWP,WE,Towers with Radar,12,19,34,0,65,0,0,67,0,67,12,19,101,0,132,0,0,0,132
10/12/2020,MRY,CA,AWP,WE,Towers with Radar,12,30,37,0,79,0,2,71,0,73,12,32,108,0,152,50,0,50,202
10/13/2020,MRY,CA,AWP,WE,Towers with Radar,10,21,31,6,68,0,9,60,0,69,10,30,91,6,137,8,0,8,145
10/14/2020,MRY,CA,AWP,WE,Towers with Radar,10,23,39,4,76,0,5,57,0,62,10,28,96,4,138,38,0,38,176
10/15/2020,MRY,CA,AWP,WE,Towers with Radar,14,29,36,4,83,0,4,44,0,48,14,33,80,4,131,6,0,6,137
10/16/2020,MRY,CA,AWP,WE,Towers with Radar,12,28,45,2,87,0,6,75,0,81,12,34,120,2,168,10,0,10,178
10/17/2020,MRY,CA,AWP,WE,Towers with Radar,11,19,26,0,56,0,1,76,0,77,11,20,102,0,133,4,0,4,137
10/18/2020,MRY,CA,AWP,WE,Towers with Radar,13,41,47,0,101,0,2,106,0,108,13,43,153,0,209,12,0,12,221
10/19/2020,MRY,CA,AWP,WE,Towers with Radar,9,17,43,4,73,0,0,30,0,30,9,17,73,4,103,14,0,14,117
10/20/2020,MRY,CA,AWP,WE,Towers with Radar,15,27,41,2,85,0,3,49,0,52,15,30,90,2,137,16,0,16,153
10/21/2020,MRY,CA,AWP,WE,Towers with Radar,9,27,21,5,62,0,2,50,2,54,9,29,71,7,116,38,0,38,154
10/22/2020,MRY,CA,AWP,WE,Towers with Radar,14,24,42,8,88,0,3,28,0,31,14,27,70,8,119,12,0,12,131
10/23/2020,MRY,CA,AWP,WE,Towers with Radar,12,24,32,0,68,0,5,54,0,59,12,29,86,0,127,18,0,18,145
10/24/2020,MRY,CA,AWP,WE,Towers with Radar,10,14,24,1,49,0,0,35,1,36,10,14,59,2,85,18,0,18,103
10/25/2020,MRY,CA,AWP,WE,Towers with Radar,12,23,50,0,85,0,0,17,0,17,12,23,67,0,102,4,0,4,106
10/26/2020,MRY,CA,AWP,WE,Towers with Radar,10,23,24,0,57,0,4,46,2,52,10,27,70,2,109,0,0,0,109
10/27/2020,MRY,CA,AWP,WE,Towers with Radar,9,20,26,0,55,1,2,57,0,60,10,22,83,0,115,4,0,4,119
10/28/2020,MRY,CA,AWP,WE,Towers with Radar,10,25,30,0,65,0,4,60,1,65,10,29,90,1,130,34,0,34,164
10/29/2020,MRY,CA,AWP,WE,Towers with Radar,13,38,54,4,109,0,4,50,0,54,13,42,104,4,163,0,0,0,163
10/30/2020,MRY,CA,AWP,WE,Towers with Radar,14,31,31,8,84,0,2,59,2,63,14,33,90,10,147,0,6,6,153
10/31/2020,MRY,CA,AWP,WE,Towers with Radar,6,21,14,0,41,0,2,81,2,85,6,23,95,2,126,10,0,10,136
11/01/2020,MRY,CA,AWP,WE,Towers with Radar,15,42,52,0,109,0,1,71,1,73,15,43,123,1,182,10,0,10,192
11/02/2020,MRY,CA,AWP,WE,Towers with Radar,11,23,26,5,65,0,0,31,1,32,11,23,57,6,97,22,0,22,119
11/03/2020,MRY,CA,AWP,WE,Towers with Radar,12,23,7,6,48,0,2,44,3,49,12,25,51,9,97,6,0,6,103
11/04/2020,MRY,CA,AWP,WE,Towers with Radar,10,25,27,0,62,0,2,42,0,44,10,27,69,0,106,52,0,52,158
11/05/2020,MRY,CA,AWP,WE,Towers with Radar,12,33,29,2,76,0,3,55,1,59,12,36,84,3,135,40,0,40,175
11/06/2020,MRY,CA,AWP,WE,Towers with Radar,8,19,35,0,62,0,3,29,1,33,8,22,64,1,95,20,0,20,115
11/07/2020,MRY,CA,AWP,WE,Towers with Radar,8,20,25,0,53,0,1,25,1,27,8,21,50,1,80,32,0,32,112
11/08/2020,MRY,CA,AWP,WE,Towers with Radar,10,25,27,0,62,0,3,9,0,12,10,28,36,0,74,8,0,8,82
11/09/2020,MRY,CA,AWP,WE,Towers with Radar,9,21,29,3,62,0,4,47,2,53,9,25,76,5,115,39,0,39,154
11/10/2020,MRY,CA,AWP,WE,Towers with Radar,9,13,27,1,50,0,3,48,1,52,9,16,75,2,102,24,0,24,126
11/11/2020,MRY,CA,AWP,WE,Towers with Radar,8,20,28,0,56,0,5,42,2,49,8,25,70,2,105,0,0,0,105
11/12/2020,MRY,CA,AWP,WE,Towers with Radar,10,23,32,8,73,0,3,53,5,61,10,26,85,13,134,0,0,0,134
11/13/2020,MRY,CA,AWP,WE,Towers with Radar,10,23,33,2,68,0,2,22,1,25,10,25,55,3,93,16,0,16,109
11/14/2020,MRY,CA,AWP,WE,Towers with Radar,8,19,36,0,63,0,2,62,0,64,8,21,98,0,127,0,0,0,127
11/15/2020,MRY,CA,AWP,WE,Towers with Radar,10,34,38,0,82,0,2,55,1,58,10,36,93,1,140,4,0,4,144
11/16/2020,MRY,CA,AWP,WE,Towers with Radar,8,38,22,2,70,0,1,43,0,44,8,39,65,2,114,40,0,40,154
11/17/2020,MRY,CA,AWP,WE,Towers with Radar,10,16,31,1,58,0,0,15,4,19,10,16,46,5,77,0,0,0,77
11/18/2020,MRY,CA,AWP,WE,Towers with Radar,10,25,27,1,63,0,0,12,1,13,10,25,39,2,76,20,0,20,96
11/19/2020,MRY,CA,AWP,WE,Towers with Radar,10,17,12,4,43,0,8,41,0,49,10,25,53,4,92,6,0,6,98
11/20/2020,MRY,CA,AWP,WE,Towers with Radar,8,21,21,2,52,0,4,48,2,54,8,25,69,4,106,10,0,10,116
11/21/2020,MRY,CA,AWP,WE,Towers with Radar,8,32,33,0,73,0,2,72,6,80,8,34,105,6,153,6,0,6,159
11/22/2020,MRY,CA,AWP,WE,Towers with Radar,10,38,33,0,81,0,2,61,3,66,10,40,94,3,147,4,0,4,151
11/23/2020,MRY,CA,AWP,WE,Towers with Radar,8,26,33,1,68,0,1,13,0,14,8,27,46,1,82,0,0,0,82
11/24/2020,MRY,CA,AWP,WE,Towers with Radar,10,26,29,0,65,0,4,46,3,53,10,30,75,3,118,14,0,14,132
11/25/2020,MRY,CA,AWP,WE,Towers with Radar,10,20,33,2,65,0,1,45,1,47,10,21,78,3,112,0,0,0,112
11/26/2020,MRY,CA,AWP,WE,Towers with Radar,4,2,9,0,15,0,2,19,0,21,4,4,28,0,36,8,0,8,44
11/27/2020,MRY,CA,AWP,WE,Towers with Radar,8,19,12,0,39,0,6,52,0,58,8,25,64,0,97,0,0,0,97
11/28/2020,MRY,CA,AWP,WE,Towers with Radar,9,20,23,0,52,1,1,95,0,97,10,21,118,0,149,32,18,50,199
11/29/2020,MRY,CA,AWP,WE,Towers with Radar,12,26,25,0,63,0,6,65,0,71,12,32,90,0,134,4,0,4,138
11/30/2020,MRY,CA,AWP,WE,Towers with Radar,10,17,24,2,53,0,1,53,3,57,10,18,77,5,110,64,0,64,174
12/01/2020,MRY,CA,AWP,WE,Towers with Radar,10,16,31,0,57,0,3,40,0,43,10,19,71,0,100,28,0,28,128
12/02/2020,MRY,CA,AWP,WE,Towers with Radar,8,12,21,0,41,0,4,31,0,35,8,16,52,0,76,34,0,34,110
12/03/2020,MRY,CA,AWP,WE,Towers with Radar,11,18,26,0,55,0,2,28,2,32,11,20,54,2,87,6,0,6,93
12/04/2020,MRY,CA,AWP,WE,Towers with Radar,10,15,22,1,48,0,3,68,1,72,10,18,90,2,120,0,0,0,120
12/05/2020,MRY,CA,AWP,WE,Towers with Radar,8,20,12,0,40,0,1,60,0,61,8,21,72,0,101,18,0,18,119
12/06/2020,MRY,CA,AWP,WE,Towers with Radar,8,6,17,0,31,0,0,38,0,38,8,6,55,0,69,44,0,44,113
12/07/2020,MRY,CA,AWP,WE,Towers with Radar,8,10,18,0,36,0,1,29,0,30,8,11,47,0,66,18,0,18,84
12/08/2020,MRY,CA,AWP,WE,Towers with Radar,8,9,17,9,43,0,3,56,0,59,8,12,73,9,102,18,0,18,120
12/09/2020,MRY,CA,AWP,WE,Towers with Radar,8,19,15,5,47,0,2,51,0,53,8,21,66,5,100,20,0,20,120
12/10/2020,MRY,CA,AWP,WE,Towers with Radar,8,23,22,3,56,0,3,32,2,37,8,26,54,5,93,2,0,2,95
12/11/2020,MRY,CA,AWP,WE,Towers with Radar,10,19,14,2,45,0,2,50,2,54,10,21,64,4,99,0,0,0,99
12/12/2020,MRY,CA,AWP,WE,Towers with Radar,9,9,25,0,43,0,0,3,0,3,9,9,28,0,46,6,0,6,52
12/13/2020,MRY,CA,AWP,WE,Towers with Radar,13,10,39,0,62,0,0,0,0,0,13,10,39,0,62,2,0,2,64
12/14/2020,MRY,CA,AWP,WE,Towers with Radar,10,12,15,2,39,0,0,37,10,47,10,12,52,12,86,10,10,20,106
12/15/2020,MRY,CA,AWP,WE,Towers with Radar,8,15,20,2,45,0,5,33,0,38,8,20,53,2,83,28,0,28,111
12/16/2020,MRY,CA,AWP,WE,Towers with Radar,8,16,28,5,57,0,5,33,5,43,8,21,61,10,100,40,0,40,140
12/17/2020,MRY,CA,AWP,WE,Towers with Radar,14,11,28,1,54,0,1,25,1,27,14,12,53,2,81,0,0,0,81
12/18/2020,MRY,CA,AWP,WE,Towers with Radar,12,16,13,0,41,0,5,44,0,49,12,21,57,0,90,26,0,26,116
12/19/2020,MRY,CA,AWP,WE,Towers with Radar,11,9,16,0,36,0,4,93,1,98,11,13,109,1,134,8,0,8,142
12/20/2020,MRY,CA,AWP,WE,Towers with Radar,14,9,15,0,38,0,0,50,2,52,14,9,65,2,90,12,0,12,102
12/21/2020,MRY,CA,AWP,WE,Towers with Radar,12,15,17,2,46,0,2,27,0,29,12,17,44,2,75,30,0,30,105
12/22/2020,MRY,CA,AWP,WE,Towers with Radar,12,11,25,6,54,0,2,40,0,42,12,13,65,6,96,34,0,34,130
12/23/2020,MRY,CA,AWP,WE,Towers with Radar,13,10,19,4,46,0,6,56,1,63,13,16,75,5,109,0,0,0,109
12/24/2020,MRY,CA,AWP,WE,Towers with Radar,8,11,6,0,25,0,5,33,0,38,8,16,39,0,63,10,0,10,73
12/25/2020,MRY,CA,AWP,WE,Towers with Radar,4,5,2,4,15,0,0,9,0,9,4,5,11,4,24,0,0,0,24
12/26/2020,MRY,CA,AWP,WE,Towers with Radar,12,10,27,0,49,0,2,38,0,40,12,12,65,0,89,27,0,27,116
12/27/2020,MRY,CA,AWP,WE,Towers with Radar,12,8,28,0,48,0,0,41,0,41,12,8,69,0,89,0,0,0,89
12/28/2020,MRY,CA,AWP,WE,Towers with Radar,12,12,18,0,42,0,2,23,1,26,12,14,41,1,68,78,0,78,146
12/29/2020,MRY,CA,AWP,WE,Towers with Radar,12,7,20,6,45,0,2,81,0,83,12,9,101,6,128,76,0,76,204
12/30/2020,MRY,CA,AWP,WE,Towers with Radar,16,10,18,0,44,0,1,39,2,42,16,11,57,2,86,38,0,38,124
12/31/2020,MRY,CA,AWP,WE,Towers with Radar,8,10,13,3,34,0,7,38,1,46,8,17,51,4,80,4,0,4,84
01/01/2021,MRY,CA,AWP,WE,Towers with Radar,12,5,11,0,28,0,0,43,0,43,12,5,54,0,71,0,0,0,71
01/02/2021,MRY,CA,AWP,WE,Towers with Radar,17,4,34,0,55,0,0,0,0,0,17,4,34,0,55,30,0,30,85
01/03/2021,MRY,CA,AWP,WE,Towers with Radar,13,9,24,0,46,0,0,17,0,17,13,9,41,0,63,12,0,12,75
01/04/2021,MRY,CA,AWP,WE,Towers with Radar,12,12,27,0,51,0,0,3,0,3,12,12,30,0,54,0,0,0,54
01/05/2021,MRY,CA,AWP,WE,Towers with Radar,8,17,8,0,33,0,2,37,2,41,8,19,45,2,74,32,0,32,106
01/06/2021,MRY,CA,AWP,WE,Towers with Radar,8,8,12,2,30,0,3,32,0,35,8,11,44,2,65,6,0,6,71
01/07/2021,MRY,CA,AWP,WE,Towers with Radar,10,14,10,1,35,0,2,27,1,30,10,16,37,2,65,34,0,34,99
01/08/2021,MRY,CA,AWP,WE,Towers with Radar,13,10,18,8,49,0,2,44,0,46,13,12,62,8,95,22,0,22,117
01/09/2021,MRY,CA,AWP,WE,Towers with Radar,8,17,13,0,38,0,1,56,2,59,8,18,69,2,97,35,2,37,134
01/10/2021,MRY,CA,AWP,WE,Towers with Radar,10,14,19,0,43,0,0,54,0,54,10,14,73,0,97,26,0,26,123
01/11/2021,MRY,CA,AWP,WE,Towers with Radar,11,14,14,8,47,0,3,30,1,34,11,17,44,9,81,56,0,56,137
01/12/2021,MRY,CA,AWP,WE,Towers with Radar,8,11,13,10,42,0,2,41,6,49,8,13,54,16,91,58,12,70,161
01/13/2021,MRY,CA,AWP,WE,Towers with Radar,8,17,15,0,40,0,3,37,2,42,8,20,52,2,82,2,0,2,84
01/14/2021,MRY,CA,AWP,WE,Towers with Radar,10,10,21,2,43,0,5,43,0,48,10,15,64,2,91,24,0,24,115
01/15/2021,MRY,CA,AWP,WE,Towers with Radar,12,16,18,4,50,0,2,66,0,68,12,18,84,4,118,32,0,32,150
01/16/2021,MRY,CA,AWP,WE,Towers with Radar,8,13,7,0,28,0,1,54,0,55,8,14,61,0,83,32,0,32,115
01/17/2021,MRY,CA,AWP,WE,Towers with Radar,10,13,17,0,40,0,3,71,0,74,10,16,88,0,114,10,0,10,124
01/18/2021,MRY,CA,AWP,WE,Towers with Radar,14,18,12,0,44,0,1,32,0,33,14,19,44,0,77,10,0,10,87
01/19/2021,MRY,CA,AWP,WE,Towers with Radar,8,5,6,0,19,0,2,6,0,8,8,7,12,0,27,4,0,4,31
01/20/2021,MRY,CA,AWP,WE,Towers with Radar,8,11,10,2,31,0,3,43,0,46,8,14,53,2,77,16,0,16,93
01/21/2021,MRY,CA,AWP,WE,Towers with Radar,10,17,9,4,40,0,8,46,0,54,10,25,55,4,94,20,0,20,114
01/22/2021,MRY,CA,AWP,WE,Towers with Radar,11,10,17,4,42,0,3,3,0,6,11,13,20,4,48,10,0,10,58
01/23/2021,MRY,CA,AWP,WE,Towers with Radar,8,20,22,0,50,0,0,46,0,46,8,20,68,0,96,98,0,98,194
01/24/2021,MRY,CA,AWP,WE,Towers with Radar,10,11,14,0,35,0,0,0,0,0,10,11,14,0,35,0,0,0,35
01/25/2021,MRY,CA,AWP,WE,Towers with Radar,11,12,13,0,36,0,2,4,0,6,11,14,17,0,42,0,0,0,42
01/26/2021,MRY,CA,AWP,WE,Towers with Radar,8,13,17,0,38,0,2,19,0,21,8,15,36,0,59,20,0,20,79
01/27/2021,MRY,CA,AWP,WE,Towers with Radar,10,13,6,2,31,0,1,1,0,2,10,14,7,2,33,0,0,0,33
01/28/2021,MRY,CA,AWP,WE,Towers with Radar,10,8,8,0,26,0,1,2,0,3,10,9,10,0,29,0,0,0,29
01/29/2021,MRY,CA,AWP,WE,Towers with Radar,10,9,9,2,30,0,2,33,0,35,10,11,42,2,65,36,0,36,101
01/30/2021,MRY,CA,AWP,WE,Towers with Radar,8,11,16,0,35,0,2,43,0,45,8,13,59,0,80,36,0,36,116
01/31/2021,MRY,CA,AWP,WE,Towers with Radar,10,6,8,0,24,0,2,60,0,62,10,8,68,0,86,24,0,24,110
02/01/2021,MRY,CA,AWP,WE,Towers with Radar,10,13,9,7,39,0,1,21,3,25,10,14,30,10,64,16,0,16,80
02/02/2021,MRY,CA,AWP,WE,Towers with Radar,8,16,24,2,50,0,0,3,0,3,8,16,27,2,53,0,0,0,53
02/03/2021,MRY,CA,AWP,WE,Towers with Radar,10,14,30,2,56,0,3,43,1,47,10,17,73,3,103,16,0,16,119
02/04/2021,MRY,CA,AWP,WE,Towers with Radar,10,17,20,4,51,0,3,48,1,52,10,20,68,5,103,14,0,14,117
02/05/2021,MRY,CA,AWP,WE,Towers with Radar,13,21,20,2,56,0,5,60,0,65,13,26,80,2,121,20,0,20,141
02/06/2021,MRY,CA,AWP,WE,Towers with Radar,8,16,21,0,45,0,5,94,0,99,8,21,115,0,144,24,0,24,168
02/07/2021,MRY,CA,AWP,WE,Towers with Radar,12,21,20,0,53,0,1,65,0,66,12,22,85,0,119,22,0,22,141
02/08/2021,MRY,CA,AWP,WE,Towers with Radar,13,25,41,0,79,0,0,13,0,13,13,25,54,0,92,0,0,0,92
02/09/2021,MRY,CA,AWP,WE,Towers with Radar,8,24,31,0,63,0,4,28,2,34,8,28,59,2,97,2,4,6,103
02/10/2021,MRY,CA,AWP,WE,Towers with Radar,10,22,36,4,72,0,2,37,0,39,10,24,73,4,111,28,0,28,139
02/11/2021,MRY,CA,AWP,WE,Towers with Radar,12,18,30,2,62,0,1,19,0,20,12,19,49,2,82,23,0,23,105
02/12/2021,MRY,CA,AWP,WE,Towers with Radar,14,22,38,6,80,0,2,26,0,28,14,24,64,6,108,20,0,20,128
02/13/2021,MRY,CA,AWP,WE,Towers with Radar,13,17,30,0,60,0,0,5,0,5,13,17,35,0,65,0,0,0,65
02/14/2021,MRY,CA,AWP,WE,Towers with Radar,8,27,34,1,70,0,0,40,1,41,8,27,74,2,111,12,0,12,123
02/15/2021,MRY,CA,AWP,WE,Towers with Radar,12,14,22,0,48,0,1,1,0,2,12,15,23,0,50,0,0,0,50
02/16/2021,MRY,CA,AWP,WE,Towers with Radar,8,20,25,2,55,0,2,28,0,30,8,22,53,2,85,24,0,24,109
02/17/2021,MRY,CA,AWP,WE,Towers with Radar,6,23,22,2,53,0,6,44,0,50,6,29,66,2,103,26,0,26,129
02/18/2021,MRY,CA,AWP,WE,Towers with Radar,10,21,20,1,52,0,2,54,3,59,10,23,74,4,111,26,0,26,137
02/19/2021,MRY,CA,AWP,WE,Towers with Radar,14,19,45,8,86,0,1,9,1,11,14,20,54,9,97,0,0,0,97
02/20/2021,MRY,CA,AWP,WE,Towers with Radar,10,20,13,2,45,0,0,29,1,30,10,20,42,3,75,16,0,16,91
02/21/2021,MRY,CA,AWP,WE,Towers with Radar,12,21,19,0,52,0,1,62,1,64,12,22,81,1,116,4,0,4,120
02/22/2021,MRY,CA,AWP,WE,Towers with Radar,14,21,27,4,66,0,3,39,0,42,14,24,66,4,108,10,0,10,118
02/23/2021,MRY,CA,AWP,WE,Towers with Radar,8,15,24,2,49,0,5,41,0,46,8,20,65,2,95,38,0,38,133
02/24/2021,MRY,CA,AWP,WE,Towers with Radar,8,20,30,5,63,0,5,49,1,55,8,25,79,6,118,36,0,36,154
02/25/2021,MRY,CA,AWP,WE,Towers with Radar,11,18,23,2,54,0,4,50,0,54,11,22,73,2,108,46,0,46,154
02/26/2021,MRY,CA,AWP,WE,Towers with Radar,16,15,28,2,61,0,2,59,1,62,16,17,87,3,123,2,0,2,125
02/27/2021,MRY,CA,AWP,WE,Towers with Radar,10,13,27,0,50,0,1,49,0,50,10,14,76,0,100,8,0,8,108
02/28/2021,MRY,CA,AWP,WE,Towers with Radar,12,12,29,1,54,0,0,108,1,109,12,12,137,2,163,22,0,22,185
03/01/2021,MRY,CA,AWP,WE,Towers with Radar,14,20,24,0,58,0,1,53,1,55,14,21,77,1,113,26,0,26,139
03/02/2021,MRY,CA,AWP,WE,Towers with Radar,8,16,28,1,53,0,3,41,1,45,8,19,69,2,98,0,0,0,98
03/03/2021,MRY,CA,AWP,WE,Towers with Radar,8,19,38,0,65,0,2,22,0,24,8,21,60,0,89,10,0,10,99
03/04/2021,MRY,CA,AWP,WE,Towers with Radar,12,20,37,0,69,1,2,50,0,53,13,22,87,0,122,44,0,44,166
03/05/2021,MRY,CA,AWP,WE,Towers with Radar,16,19,27,1,63,0,6,61,4,71,16,25,88,5,134,38,0,38,172
03/06/2021,MRY,CA,AWP,WE,Towers with Radar,14,12,19,0,45,0,1,54,0,55,14,13,73,0,100,8,0,8,108
03/07/2021,MRY,CA,AWP,WE,Towers with Radar,13,11,43,0,67,1,1,76,0,78,14,12,119,0,145,0,0,0,145
03/08/2021,MRY,CA,AWP,WE,Towers with Radar,16,15,31,0,62,0,1,27,2,30,16,16,58,2,92,18,2,20,112
03/09/2021,MRY,CA,AWP,WE,Towers with Radar,12,13,30,7,62,0,0,17,1,18,12,13,47,8,80,0,0,0,80
03/10/2021,MRY,CA,AWP,WE,Towers with Radar,12,20,29,0,61,0,2,7,0,9,12,22,36,0,70,0,0,0,70
03/11/2021,MRY,CA,AWP,WE,Towers with Radar,15,31,38,3,87,0,4,30,0,34,15,35,68,3,121,2,0,2,123
03/12/2021,MRY,CA,AWP,WE,Towers with Radar,16,16,43,0,75,0,4,46,0,50,16,20,89,0,125,20,0,20,145
03/13/2021,MRY,CA,AWP,WE,Towers with Radar,13,22,33,0,68,0,3,29,2,34,13,25,62,2,102,12,0,12,114
03/14/2021,MRY,CA,AWP,WE,Towers with Radar,15,24,38,0,77,0,3,23,1,27,15,27,61,1,104,42,2,44,148
03/15/2021,MRY,CA,AWP,WE,Towers with Radar,19,19,20,0,58,0,0,6,3,9,19,19,26,3,67,0,6,6,73
03/16/2021,MRY,CA,AWP,WE,Towers with Radar,12,22,34,2,70,0,4,36,0,40,12,26,70,2,110,8,0,8,118
03/17/2021,MRY,CA,AWP,WE,Towers with Radar,10,32,24,6,72,0,1,23,0,24,10,33,47,6,96,22,0,22,118
03/18/2021,MRY,CA,AWP,WE,Towers with Radar,14,26,32,0,72,0,1,3,0,4,14,27,35,0,76,0,0,0,76
03/19/2021,MRY,CA,AWP,WE,Towers with Radar,16,22,53,6,97,0,2,4,0,6,16,24,57,6,103,0,0,0,103
03/20/2021,MRY,CA,AWP,WE,Towers with Radar,14,19,32,0,65,0,2,53,0,55,14,21,85,0,120,18,0,18,138
03/21/2021,MRY,CA,AWP,WE,Towers with Radar,14,28,25,2,69,0,4,89,1,94,14,32,114,3,163,14,0,14,177
03/22/2021,MRY,CA,AWP,WE,Towers with Radar,15,19,25,6,65,0,1,21,2,24,15,20,46,8,89,22,14,36,125
03/23/2021,MRY,CA,AWP,WE,Towers with Radar,12,16,16,2,46,0,2,22,0,24,12,18,38,2,70,14,4,18,88
03/24/2021,MRY,CA,AWP,WE,Towers with Radar,12,30,28,0,70,0,2,39,1,42,12,32,67,1,112,16,0,16,128
03/25/2021,MRY,CA,AWP,WE,Towers with Radar,14,17,41,0,72,0,3,11,3,17,14,20,52,3,89,26,0,26,115
03/26/2021,MRY,CA,AWP,WE,Towers with Radar,15,28,29,5,77,0,2,91,2,95,15,30,120,7,172,30,14,44,216
03/27/2021,MRY,CA,AWP,WE,Towers with Radar,14,21,13,5,53,0,4,93,0,97,14,25,106,5,150,18,4,22,172
03/28/2021,MRY,CA,AWP,WE,Towers with Radar,14,27,30,0,71,0,2,85,0,87,14,29,115,0,158,40,0,40,198
03/29/2021,MRY,CA,AWP,WE,Towers with Radar,16,23,33,0,72,0,2,27,2,31,16,25,60,2,103,44,20,64,167
03/30/2021,MRY,CA,AWP,WE,Towers with Radar,12,17,21,1,51,0,2,28,1,31,12,19,49,2,82,18,8,26,108
03/31/2021,MRY,CA,AWP,WE,Towers with Radar,12,24,34,4,74,0,5,60,0,65,12,29,94,4,139,36,0,36,175
04/01/2021,MRY,CA,AWP,WE,Towers with Radar,14,16,34,2,66,0,2,62,0,64,14,18,96,2,130,32,0,32,162
04/02/2021,MRY,CA,AWP,WE,Towers with Radar,16,34,28,2,80,0,3,39,0,42,16,37,67,2,122,34,0,34,156
04/03/2021,MRY,CA,AWP,WE,Towers with Radar,13,13,31,1,58,0,0,30,0,30,13,13,61,1,88,24,0,24,112
04/04/2021,MRY,CA,AWP,WE,Towers with Radar,11,19,12,1,43,0,0,62,0,62,11,19,74,1,105,14,0,14,119
04/05/2021,MRY,CA,AWP,WE,Towers with Radar,15,28,44,0,87,0,0,32,0,32,15,28,76,0,119,0,28,28,147
04/06/2021,MRY,CA,AWP,WE,Towers with Radar,11,16,51,3,81,0,0,30,0,30,11,16,81,3,111,34,4,38,149
04/07/2021,MRY,CA,AWP,WE,Towers with Radar,13,33,28,2,76,0,5,40,0,45,13,38,68,2,121,46,0,46,167
04/08/2021,MRY,CA,AWP,WE,Towers with Radar,15,27,33,2,77,0,5,43,1,49,15,32,76,3,126,22,0,22,148
04/09/2021,MRY,CA,AWP,WE,Towers with Radar,18,34,43,2,97,0,1,43,0,44,18,35,86,2,141,18,0,18,159
04/10/2021,MRY,CA,AWP,WE,Towers with Radar,14,30,31,0,75,0,0,47,0,47,14,30,78,0,122,14,0,14,136
04/11/2021,MRY,CA,AWP,WE,Towers with Radar,13,38,46,0,97,0,1,55,0,56,13,39,101,0,153,44,0,44,197
04/12/2021,MRY,CA,AWP,WE,Towers with Radar,19,16,48,2,85,0,0,17,0,17,19,16,65,2,102,32,18,50,152
04/13/2021,MRY,CA,AWP,WE,Towers with Radar,12,26,53,0,91,0,1,21,0,22,12,27,74,0,113,14,0,14,127
04/14/2021,MRY,CA,AWP,WE,Towers with Radar,13,25,32,3,73,0,1,31,2,34,13,26,63,5,107,8,0,8,115
04/15/2021,MRY,CA,AWP,WE,Towers with Radar,13,27,46,2,88,0,1,51,1,53,13,28,97,3,141,50,0,50,191
04/16/2021,MRY,CA,AWP,WE,Towers with Radar,15,38,40,6,99,0,1,52,1,54,15,39,92,7,153,42,6,48,201
04/17/2021,MRY,CA,AWP,WE,Towers with Radar,13,18,42,0,73,0,1,40,0,41,13,19,82,0,114,52,0,52,166
04/18/2021,MRY,CA,AWP,WE,Towers with Radar,13,27,38,2,80,0,0,87,0,87,13,27,125,2,167,54,0,54,221
04/19/2021,MRY,CA,AWP,WE,Towers with Radar,14,20,29,0,63,0,2,9,0,11,14,22,38,0,74,2,18,20,94
04/20/2021,MRY,CA,AWP,WE,Towers with Radar,13,28,58,2,101,0,0,4,0,4,13,28,62,2,105,0,0,0,105
04/21/2021,MRY,CA,AWP,WE,Towers with Radar,15,31,65,6,117,0,0,3,0,3,15,31,68,6,120,0,0,0,120
04/22/2021,MRY,CA,AWP,WE,Towers with Radar,12,43,66,4,125,0,0,7,0,7,12,43,73,4,132,0,0,0,132
04/23/2021,MRY,CA,AWP,WE,Towers with Radar,15,28,48,2,93,0,0,32,0,32,15,28,80,2,125,40,12,52,177
04/24/2021,MRY,CA,AWP,WE,Towers with Radar,15,15,25,6,61,0,0,56,0,56,15,15,81,6,117,58,34,92,209
04/25/2021,MRY,CA,AWP,WE,Towers with Radar,13,56,51,0,120,0,0,8,0,8,13,56,59,0,128,84,0,84,212
04/26/2021,MRY,CA,AWP,WE,Towers with Radar,15,26,22,6,69,0,0,37,0,37,15,26,59,6,106,58,10,68,174
04/27/2021,MRY,CA,AWP,WE,Towers with Radar,13,38,29,5,85,0,5,47,0,52,13,43,76,5,137,28,0,28,165
04/28/2021,MRY,CA,AWP,WE,Towers with Radar,13,20,45,11,89,0,2,47,0,49,13,22,92,11,138,50,0,50,188
04/29/2021,MRY,CA,AWP,WE,Towers with Radar,14,33,38,0,85,0,2,59,0,61,14,35,97,0,146,0,0,0,146
04/30/2021,MRY,CA,AWP,WE,Towers with Radar,18,19,41,2,80,0,1,43,1,45,18,20,84,3,125,56,0,56,181
05/01/2021,MRY,CA,AWP,WE,Towers with Radar,13,40,48,0,101,0,0,6,7,13,13,40,54,7,114,42,0,42,156
05/02/2021,MRY,CA,AWP,WE,Towers with Radar,11,27,47,0,85,0,2,55,0,57,11,29,102,0,142,82,0,82,224
05/03/2021,MRY,CA,AWP,WE,Towers with Radar,15,29,36,3,83,0,1,53,0,54,15,30,89,3,137,48,20,68,205
05/04/2021,MRY,CA,AWP,WE,Towers with Radar,12,21,31,4,68,0,4,56,0,60,12,25,87,4,128,24,8,32,160
05/05/2021,MRY,CA,AWP,WE,Towers with Radar,14,34,40,1,89,0,0,40,0,40,14,34,80,1,129,0,0,0,129
05/06/2021,MRY,CA,AWP,WE,Towers with Radar,17,29,37,0,83,0,1,29,1,31,17,30,66,1,114,24,0,24,138
05/07/2021,MRY,CA,AWP,WE,Towers with Radar,15,44,35,3,97,0,1,51,3,55,15,45,86,6,152,64,14,78,230
05/08/2021,MRY,CA,AWP,WE,Towers with Radar,11,26,13,0,50,0,2,86,0,88,11,28,99,0,138,54,0,54,192
05/09/2021,MRY,CA,AWP,WE,Towers with Radar,12,37,29,2,80,0,0,91,0,91,12,37,120,2,171,62,0,62,233
05/10/2021,MRY,CA,AWP,WE,Towers with Radar,16,24,45,0,85,0,1,55,2,58,16,25,100,2,143,34,20,54,197
05/11/2021,MRY,CA,AWP,WE,Towers with Radar,11,18,26,1,56,0,1,30,0,31,11,19,56,1,87,34,0,34,121
05/12/2021,MRY,CA,AWP,WE,Towers with Radar,13,33,51,6,103,0,1,33,2,36,13,34,84,8,139,8,0,8,147
05/13/2021,MRY,CA,AWP,WE,Towers with Radar,12,46,45,2,105,0,4,21,0,25,12,50,66,2,130,0,0,0,130
05/14/2021,MRY,CA,AWP,WE,Towers with Radar,17,30,80,3,130,0,0,2,2,4,17,30,82,5,134,18,44,62,196
05/15/2021,MRY,CA,AWP,WE,Towers with Radar,11,24,60,0,95,0,0,4,0,4,11,24,64,0,99,4,0,4,103
05/16/2021,MRY,CA,AWP,WE,Towers with Radar,14,35,83,0,132,0,0,4,0,4,14,35,87,0,136,26,0,26,162
05/17/2021,MRY,CA,AWP,WE,Towers with Radar,14,21,39,0,74,0,0,11,0,11,14,21,50,0,85,16,0,16,101
05/18/2021,MRY,CA,AWP,WE,Towers with Radar,10,30,29,4,73,0,2,40,0,42,10,32,69,4,115,32,0,32,147
05/19/2021,MRY,CA,AWP,WE,Towers with Radar,13,27,36,10,86,0,5,47,0,52,13,32,83,10,138,26,8,34,172
05/20/2021,MRY,CA,AWP,WE,Towers with Radar,12,22,31,1,66,0,4,26,1,31,12,26,57,2,97,4,0,4,101
05/21/2021,MRY,CA,AWP,WE,Towers with Radar,15,39,44,2,100,0,2,30,3,35,15,41,74,5,135,52,8,60,195
05/22/2021,MRY,CA,AWP,WE,Towers with Radar,10,26,52,0,88,0,2,44,0,46,10,28,96,0,134,86,0,86,220
05/23/2021,MRY,CA,AWP,WE,Towers with Radar,13,40,47,0,100,0,2,74,0,76,13,42,121,0,176,88,0,88,264
05/24/2021,MRY,CA,AWP,WE,Towers with Radar,14,25,34,8,81,0,2,41,1,44,14,27,75,9,125,14,0,14,139
05/25/2021,MRY,CA,AWP,WE,Towers with Radar,9,30,41,2,82,0,3,32,1,36,9,33,73,3,118,30,0,30,148
05/26/2021,MRY,CA,AWP,WE,Towers with Radar,13,39,64,7,123,0,0,25,0,25,13,39,89,7,148,0,0,0,148
05/27/2021,MRY,CA,AWP,WE,Towers with Radar,11,34,68,0,113,0,0,39,0,39,11,34,107,0,152,28,0,28,180
05/28/2021,MRY,CA,AWP,WE,Towers with Radar,15,30,73,0,118,0,1,31,1,33,15,31,104,1,151,48,12,60,211
05/29/2021,MRY,CA,AWP,WE,Towers with Radar,11,21,51,0,83,0,0,13,0,13,11,21,64,0,96,36,0,36,132
05/30/2021,MRY,CA,AWP,WE,Towers with Radar,11,23,46,0,80,0,0,79,0,79,11,23,125,0,159,74,0,74,233
05/31/2021,MRY,CA,AWP,WE,Towers with Radar,14,24,37,0,75,0,2,94,1,97,14,26,131,1,172,52,0,52,224
06/01/2021,MRY,CA,AWP,WE,Towers with Radar,11,31,38,0,80,0,2,26,0,28,11,33,64,0,108,0,0,0,108
06/02/2021,MRY,CA,AWP,WE,Towers with Radar,13,29,39,0,81,0,3,25,0,28,13,32,64,0,109,8,0,8,117
06/03/2021,MRY,CA,AWP,WE,Towers with Radar,15,39,45,1,100,0,1,32,0,33,15,40,77,1,133,36,0,36,169
06/04/2021,MRY,CA,AWP,WE,Towers with Radar,17,29,41,4,91,0,1,40,0,41,17,30,81,4,132,10,0,10,142
06/05/2021,MRY,CA,AWP,WE,Towers with Radar,15,32,26,0,73,0,3,70,0,73,15,35,96,0,146,20,0,20,166
06/06/2021,MRY,CA,AWP,WE,Towers with Radar,13,44,60,0,117,0,2,41,0,43,13,46,101,0,160,0,0,0,160
06/07/2021,MRY,CA,AWP,WE,Towers with Radar,17,17,30,0,64,0,1,16,0,17,17,18,46,0,81,0,0,0,81
06/08/2021,MRY,CA,AWP,WE,Towers with Radar,13,26,38,6,83,0,3,41,3,47,13,29,79,9,130,12,4,16,146
06/09/2021,MRY,CA,AWP,WE,Towers with Radar,13,32,22,2,69,0,2,48,4,54,13,34,70,6,123,6,0,6,129
06/10/2021,MRY,CA,AWP,WE,Towers with Radar,13,28,30,5,76,0,3,53,3,59,13,31,83,8,135,44,0,44,179
06/11/2021,MRY,CA,AWP,WE,Towers with Radar,19,36,32,3,90,0,4,63,1,68,19,40,95,4,158,0,0,0,158
06/12/2021,MRY,CA,AWP,WE,Towers with Radar,12,13,30,0,55,0,1,76,6,83,12,14,106,6,138,10,0,10,148
06/13/2021,MRY,CA,AWP,WE,Towers with Radar,13,43,35,4,95,0,0,79,0,79,13,43,114,4,174,74,0,74,248
06/14/2021,MRY,CA,AWP,WE,Towers with Radar,17,36,36,1,90,0,1,26,1,28,17,37,62,2,118,18,0,18,136
06/15/2021,MRY,CA,AWP,WE,Towers with Radar,14,31,34,15,94,0,2,55,2,59,14,33,89,17,153,26,30,56,209
06/16/2021,MRY,CA,AWP,WE,Towers with Radar,13,27,29,3,72,0,4,72,1,77,13,31,101,4,149,20,0,20,169
06/17/2021,MRY,CA,AWP,WE,Towers with Radar,13,34,28,3,78,0,2,72,2,76,13,36,100,5,154,34,18,52,206
06/18/2021,MRY,CA,AWP,WE,Towers with Radar,15,30,47,2,94,0,3,90,2,95,15,33,137,4,189,66,0,66,255
06/19/2021,MRY,CA,AWP,WE,Towers with Radar,15,22,32,0,69,0,2,59,1,62,15,24,91,1,131,68,0,68,199
06/20/2021,MRY,CA,AWP,WE,Towers with Radar,13,40,42,0,95,0,0,82,0,82,13,40,124,0,177,48,0,48,225
06/21/2021,MRY,CA,AWP,WE,Towers with Radar,15,36,40,0,91,0,1,25,0,26,15,37,65,0,117,76,0,76,193
06/22/2021,MRY,CA,AWP,WE,Towers with Radar,13,30,32,2,77,0,3,29,1,33,13,33,61,3,110,62,0,62,172
06/23/2021,MRY,CA,AWP,WE,Towers with Radar,13,35,53,6,107,0,4,22,9,35,13,39,75,15,142,2,18,20,162
06/24/2021,MRY,CA,AWP,WE,Towers with Radar,13,38,52,2,105,1,3,35,1,40,14,41,87,3,145,50,0,50,195
06/25/2021,MRY,CA,AWP,WE,Towers with Radar,15,45,88,1,149,0,2,42,2,46,15,47,130,3,195,52,0,52,247
06/26/2021,MRY,CA,AWP,WE,Towers with Radar,16,28,45,3,92,0,0,27,0,27,16,28,72,3,119,56,0,56,175
06/27/2021,MRY,CA,AWP,WE,Towers with Radar,13,63,72,2,150,0,0,33,0,33,13,63,105,2,183,0,0,0,183
06/28/2021,MRY,CA,AWP,WE,Towers with Radar,14,35,40,12,101,0,2,15,0,17,14,37,55,12,118,0,0,0,118
06/29/2021,MRY,CA,AWP,WE,Towers with Radar,12,37,52,5,106,0,2,26,0,28,12,39,78,5,134,0,0,0,134
06/30/2021,MRY,CA,AWP,WE,Towers with Radar,12,31,46,8,97,0,0,5,0,5,12,31,51,8,102,46,0,46,148
07/01/2021,MRY,CA,AWP,WE,Towers with Radar,15,33,64,1,113,0,0,10,0,10,15,33,74,1,123,0,0,0,123
07/02/2021,MRY,CA,AWP,WE,Towers with Radar,18,33,61,0,112,0,1,19,0,20,18,34,80,0,132,64,0,64,196
07/03/2021,MRY,CA,AWP,WE,Towers with Radar,11,20,42,0,73,0,6,27,0,33,11,26,69,0,106,54,0,54,160
07/04/2021,MRY,CA,AWP,WE,Towers with Radar,13,13,31,0,57,0,4,24,0,28,13,17,55,0,85,14,0,14,99
07/05/2021,MRY,CA,AWP,WE,Towers with Radar,17,23,50,0,90,0,3,32,1,36,17,26,82,1,126,26,30,56,182
07/06/2021,MRY,CA,AWP,WE,Towers with Radar,14,25,45,2,86,0,1,13,0,14,14,26,58,2,100,36,0,36,136
07/07/2021,MRY,CA,AWP,WE,Towers with Radar,13,24,32,0,69,0,1,8,1,10,13,25,40,1,79,24,0,24,103
07/08/2021,MRY,CA,AWP,WE,Towers with Radar,14,24,33,2,73,0,1,38,1,40,14,25,71,3,113,46,0,46,159
07/09/2021,MRY,CA,AWP,WE,Towers with Radar,19,27,23,4,73,0,5,73,1,79,19,32,96,5,152,40,18,58,210
07/10/2021,MRY,CA,AWP,WE,Towers with Radar,14,23,35,0,72,0,2,75,0,77,14,25,110,0,149,0,0,0,149
07/11/2021,MRY,CA,AWP,WE,Towers with Radar,14,33,66,0,113,0,1,70,0,71,14,34,136,0,184,2,0,2,186
07/12/2021,MRY,CA,AWP,WE,Towers with Radar,18,30,38,2,88,0,0,13,2,15,18,30,51,4,103,18,34,52,155
07/13/2021,MRY,CA,AWP,WE,Towers with Radar,14,25,44,2,85,0,0,6,2,8,14,25,50,4,93,20,0,20,113
07/14/2021,MRY,CA,AWP,WE,Towers with Radar,15,28,63,8,114,0,0,22,0,22,15,28,85,8,136,40,6,46,182
07/15/2021,MRY,CA,AWP,WE,Towers with Radar,14,30,65,4,113,0,0,14,0,14,14,30,79,4,127,18,0,18,145
07/16/2021,MRY,CA,AWP,WE,Towers with Radar,17,42,120,6,185,0,0,26,0,26,17,42,146,6,211,28,0,28,239
07/17/2021,MRY,CA,AWP,WE,Towers with Radar,17,25,32,0,74,0,2,44,0,46,17,27,76,0,120,4,0,4,124
07/18/2021,MRY,CA,AWP,WE,Towers with Radar,14,29,62,0,105,0,4,52,0,56,14,33,114,0,161,12,0,12,173
07/19/2021,MRY,CA,AWP,WE,Towers with Radar,14,30,34,0,78,0,1,50,0,51,14,31,84,0,129,66,40,106,235
07/20/2021,MRY,CA,AWP,WE,Towers with Radar,18,32,39,12,101,0,1,36,3,40,18,33,75,15,141,28,10,38,179
07/21/2021,MRY,CA,AWP,WE,Towers with Radar,13,33,29,8,83,0,1,52,0,53,13,34,81,8,136,28,6,34,170
07/22/2021,MRY,CA,AWP,WE,Towers with Radar,15,45,60,11,131,0,2,37,4,43,15,47,97,15,174,0,4,4,178
07/23/2021,MRY,CA,AWP,WE,Towers with Radar,15,31,42,0,88,0,2,39,0,41,15,33,81,0,129,14,0,14,143
07/24/2021,MRY,CA,AWP,WE,Towers with Radar,15,46,34,0,95,0,2,43,0,45,15,48,77,0,140,0,0,0,140
07/25/2021,MRY,CA,AWP,WE,Towers with Radar,15,34,51,0,100,0,1,38,0,39,15,35,89,0,139,14,0,14,153
07/26/2021,MRY,CA,AWP,WE,Towers with Radar,16,32,48,2,98,0,1,29,1,31,16,33,77,3,129,38,50,88,217
07/27/2021,MRY,CA,AWP,WE,Towers with Radar,14,24,28,4,70,0,4,38,5,47,14,28,66,9,117,42,22,64,181
07/28/2021,MRY,CA,AWP,WE,Towers with Radar,15,20,39,5,79,0,1,26,4,31,15,21,65,9,110,38,6,44,154
07/29/2021,MRY,CA,AWP,WE,Towers with Radar,15,33,44,0,92,0,1,54,0,55,15,34,98,0,147,8,0,8,155
07/30/2021,MRY,CA,AWP,WE,Towers with Radar,17,37,59,13,126,0,1,32,0,33,17,38,91,13,159,32,12,44,203
07/31/2021,MRY,CA,AWP,WE,Towers with Radar,15,27,40,0,82,0,2,44,0,46,15,29,84,0,128,16,0,16,144
08/01/2021,MRY,CA,AWP,WE,Towers with Radar,14,49,51,1,115,0,3,64,0,67,14,52,115,1,182,6,0,6,188
08/02/2021,MRY,CA,AWP,WE,Towers with Radar,15,35,49,8,107,0,1,32,0,33,15,36,81,8,140,40,48,88,228
08/03/2021,MRY,CA,AWP,WE,Towers with Radar,15,45,28,4,92,0,4,30,6,40,15,49,58,10,132,48,6,54,186
08/04/2021,MRY,CA,AWP,WE,Towers with Radar,14,38,42,0,94,0,0,20,0,20,14,38,62,0,114,0,0,0,114
08/05/2021,MRY,CA,AWP,WE,Towers with Radar,15,47,43,2,107,0,0,24,0,24,15,47,67,2,131,14,0,14,145
08/06/2021,MRY,CA,AWP,WE,Towers with Radar,17,45,65,6,133,0,1,29,0,30,17,46,94,6,163,6,0,6,169
08/07/2021,MRY,CA,AWP,WE,Towers with Radar,15,31,49,0,95,0,1,43,1,45,15,32,92,1,140,30,0,30,170
08/08/2021,MRY,CA,AWP,WE,Towers with Radar,15,45,64,0,124,0,0,40,0,40,15,45,104,0,164,0,0,0,164
08/09/2021,MRY,CA,AWP,WE,Towers with Radar,18,53,56,4,131,0,1,38,5,44,18,54,94,9,175,8,28,36,211
08/10/2021,MRY,CA,AWP,WE,Towers with Radar,15,59,64,0,138,0,2,58,5,65,15,61,122,5,203,36,28,64,267
08/11/2021,MRY,CA,AWP,WE,Towers with Radar,15,88,106,15,224,0,1,63,3,67,15,89,169,18,291,20,28,48,339
08/12/2021,MRY,CA,AWP,WE,Towers with Radar,15,95,119,6,235,0,1,65,3,69,15,96,184,9,304,0,0,0,304
08/13/2021,MRY,CA,AWP,WE,Towers with Radar,19,52,94,0,165,0,3,48,1,52,19,55,142,1,217,40,0,40,257
08/14/2021,MRY,CA,AWP,WE,Towers with Radar,15,54,50,0,119,0,1,25,0,26,15,55,75,0,145,0,0,0,145
08/15/2021,MRY,CA,AWP,WE,Towers with Radar,15,132,158,0,305,0,0,35,0,35,15,132,193,0,340,0,0,0,340
08/16/2021,MRY,CA,AWP,WE,Towers with Radar,15,108,126,0,249,0,4,14,2,20,15,112,140,2,269,26,0,26,295
08/17/2021,MRY,CA,AWP,WE,Towers with Radar,16,34,40,12,102,0,1,14,0,15,16,35,54,12,117,0,12,12,129
08/18/2021,MRY,CA,AWP,WE,Towers with Radar,15,34,57,0,106,0,2,27,3,32,15,36,84,3,138,6,0,6,144
08/19/2021,MRY,CA,AWP,WE,Towers with Radar,17,52,65,2,136,0,3,26,3,32,17,55,91,5,168,38,0,38,206
08/20/2021,MRY,CA,AWP,WE,Towers with Radar,19,43,64,0,126,0,0,27,0,27,19,43,91,0,153,68,0,68,221
08/21/2021,MRY,CA,AWP,WE,Towers with Radar,19,23,47,3,92,0,0,4,0,4,19,23,51,3,96,0,0,0,96
08/22/2021,MRY,CA,AWP,WE,Towers with Radar,16,43,63,0,122,0,0,34,0,34,16,43,97,0,156,0,0,0,156
08/23/2021,MRY,CA,AWP,WE,Towers with Radar,20,46,74,10,150,0,0,17,2,19,20,46,91,12,169,26,18,44,213
08/24/2021,MRY,CA,AWP,WE,Towers with Radar,15,42,51,2,110,0,0,1,0,1,15,42,52,2,111,0,0,0,111
08/25/2021,MRY,CA,AWP,WE,Towers with Radar,14,34,39,2,89,0,1,21,5,27,14,35,60,7,116,38,22,60,176
08/26/2021,MRY,CA,AWP,WE,Towers with Radar,16,53,46,2,117,0,1,41,0,42,16,54,87,2,159,8,2,10,169
08/27/2021,MRY,CA,AWP,WE,Towers with Radar,20,45,32,4,101,0,8,44,0,52,20,53,76,4,153,30,0,30,183
08/28/2021,MRY,CA,AWP,WE,Towers with Radar,15,25,35,0,75,0,0,72,0,72,15,25,107,0,147,46,0,46,193
08/29/2021,MRY,CA,AWP,WE,Towers with Radar,16,43,53,0,112,0,2,67,0,69,16,45,120,0,181,20,0,20,201
08/30/2021,MRY,CA,AWP,WE,Towers with Radar,21,34,60,4,119,0,1,18,0,19,21,35,78,4,138,68,8,76,214
08/31/2021,MRY,CA,AWP,WE,Towers with Radar,14,31,38,0,83,0,1,29,0,30,14,32,67,0,113,0,0,0,113
09/01/2021,MRY,CA,AWP,WE,Towers with Radar,15,31,42,10,98,0,2,29,1,32,15,33,71,11,130,42,12,54,184
09/02/2021,MRY,CA,AWP,WE,Towers with Radar,16,44,41,0,101,0,0,39,2,41,16,44,80,2,142,12,0,12,154
09/03/2021,MRY,CA,AWP,WE,Towers with Radar,19,33,62,0,114,0,1,57,0,58,19,34,119,0,172,16,0,16,188
09/04/2021,MRY,CA,AWP,WE,Towers with Radar,16,29,29,0,74,0,0,66,0,66,16,29,95,0,140,56,0,56,196
09/05/2021,MRY,CA,AWP,WE,Towers with Radar,14,35,18,0,67,0,2,48,0,50,14,37,66,0,117,76,0,76,193
09/06/2021,MRY,CA,AWP,WE,Towers with Radar,22,35,48,0,105,0,4,87,0,91,22,39,135,0,196,102,0,102,298
09/07/2021,MRY,CA,AWP,WE,Towers with Radar,14,33,29,0,76,0,2,31,0,33,14,35,60,0,109,0,0,0,109
09/08/2021,MRY,CA,AWP,WE,Towers with Radar,12,27,35,0,74,0,1,59,0,60,12,28,94,0,134,4,0,4,138
09/09/2021,MRY,CA,AWP,WE,Towers with Radar,15,43,45,3,106,0,4,42,0,46,15,47,87,3,152,30,0,30,182
09/10/2021,MRY,CA,AWP,WE,Towers with Radar,17,53,55,0,125,0,3,35,1,39,17,56,90,1,164,0,0,0,164
09/11/2021,MRY,CA,AWP,WE,Towers with Radar,13,26,40,0,79,0,5,63,0,68,13,31,103,0,147,38,0,38,185
09/12/2021,MRY,CA,AWP,WE,Towers with Radar,13,54,74,2,143,0,6,45,0,51,13,60,119,2,194,0,0,0,194
09/13/2021,MRY,CA,AWP,WE,Towers with Radar,19,41,42,9,111,0,1,16,6,23,19,42,58,15,134,24,28,52,186
09/14/2021,MRY,CA,AWP,WE,Towers with Radar,13,36,34,0,83,0,3,33,2,38,13,39,67,2,121,0,0,0,121
09/15/2021,MRY,CA,AWP,WE,Towers with Radar,13,40,43,2,98,0,1,27,0,28,13,41,70,2,126,56,0,56,182
09/16/2021,MRY,CA,AWP,WE,Towers with Radar,15,57,47,1,120,0,2,31,0,33,15,59,78,1,153,18,0,18,171
09/17/2021,MRY,CA,AWP,WE,Towers with Radar,15,43,57,1,116,0,3,35,3,41,15,46,92,4,157,0,0,0,157
09/18/2021,MRY,CA,AWP,WE,Towers with Radar,13,23,24,0,60,0,3,46,0,49,13,26,70,0,109,38,0,38,147
09/19/2021,MRY,CA,AWP,WE,Towers with Radar,13,57,66,0,136,0,1,36,0,37,13,58,102,0,173,28,0,28,201
09/20/2021,MRY,CA,AWP,WE,Towers with Radar,15,40,23,27,105,0,2,80,1,83,15,42,103,28,188,36,48,84,272
09/21/2021,MRY,CA,AWP,WE,Towers with Radar,15,31,22,1,69,0,2,49,0,51,15,33,71,1,120,50,8,58,178
09/22/2021,MRY,CA,AWP,WE,Towers with Radar,13,45,33,10,101,0,3,36,2,41,13,48,69,12,142,42,8,50,192
09/23/2021,MRY,CA,AWP,WE,Towers with Radar,13,47,41,2,103,0,1,40,2,43,13,48,81,4,146,18,0,18,164
09/24/2021,MRY,CA,AWP,WE,Towers with Radar,15,29,41,5,90,0,1,38,2,41,15,30,79,7,131,6,4,10,141
09/25/2021,MRY,CA,AWP,WE,Towers with Radar,13,29,37,0,79,0,1,41,0,42,13,30,78,0,121,46,0,46,167
09/26/2021,MRY,CA,AWP,WE,Towers with Radar,13,58,61,0,132,0,0,69,0,69,13,58,130,0,201,14,0,14,215
09/27/2021,MRY,CA,AWP,WE,Towers with Radar,15,38,43,0,96,0,0,27,7,34,15,38,70,7,130,32,26,58,188
09/28/2021,MRY,CA,AWP,WE,Towers with Radar,14,24,43,0,81,0,2,46,1,49,14,26,89,1,130,88,0,88,218
09/29/2021,MRY,CA,AWP,WE,Towers with Radar,13,37,37,14,101,0,2,55,4,61,13,39,92,18,162,48,12,60,222
09/30/2021,MRY,CA,AWP,WE,Towers with Radar,12,43,55,3,113,0,2,59,0,61,12,45,114,3,174,60,4,64,238
10/01/2021,MRY,CA,AWP,WE,Towers with Radar,17,64,36,0,117,0,5,61,5,71,17,69,97,5,188,70,32,102,290
10/02/2021,MRY,CA,AWP,WE,Towers with Radar,13,31,24,0,68,0,4,72,0,76,13,35,96,0,144,64,0,64,208
10/03/2021,MRY,CA,AWP,WE,Towers with Radar,13,56,56,0,125,0,3,81,0,84,13,59,137,0,209,10,0,10,219
10/04/2021,MRY,CA,AWP,WE,Towers with Radar,17,42,46,0,105,0,2,42,0,44,17,44,88,0,149,62,0,62,211
10/05/2021,MRY,CA,AWP,WE,Towers with Radar,12,33,25,0,70,0,2,31,0,33,12,35,56,0,103,52,0,52,155
10/06/2021,MRY,CA,AWP,WE,Towers with Radar,17,57,44,6,124,0,2,41,0,43,17,59,85,6,167,42,4,46,213
10/07/2021,MRY,CA,AWP,WE,Towers with Radar,15,35,49,2,101,0,1,32,3,36,15,36,81,5,137,0,0,0,137
10/08/2021,MRY,CA,AWP,WE,Towers with Radar,18,41,43,4,106,0,4,37,0,41,18,45,80,4,147,2,0,2,149
10/09/2021,MRY,CA,AWP,WE,Towers with Radar,14,24,34,0,72,0,3,79,0,82,14,27,113,0,154,56,0,56,210
10/10/2021,MRY,CA,AWP,WE,Towers with Radar,14,46,49,2,111,0,2,84,1,87,14,48,133,3,198,12,0,12,210
10/11/2021,MRY,CA,AWP,WE,Towers with Radar,21,42,35,0,98,0,3,28,0,31,21,45,63,0,129,0,0,0,129
10/12/2021,MRY,CA,AWP,WE,Towers with Radar,19,53,41,3,116,0,3,40,0,43,19,56,81,3,159,22,0,22,181
10/13/2021,MRY,CA,AWP,WE,Towers with Radar,14,68,46,9,137,0,4,30,4,38,14,72,76,13,175,12,8,20,195
10/14/2021,MRY,CA,AWP,WE,Towers with Radar,15,69,54,7,145,0,2,56,6,64,15,71,110,13,209,12,12,24,233
10/15/2021,MRY,CA,AWP,WE,Towers with Radar,19,53,64,9,145,0,3,82,2,87,19,56,146,11,232,32,0,32,264
10/16/2021,MRY,CA,AWP,WE,Towers with Radar,17,34,26,0,77,0,5,104,0,109,17,39,130,0,186,20,0,20,206
10/17/2021,MRY,CA,AWP,WE,Towers with Radar,14,84,58,0,156,0,0,40,0,40,14,84,98,0,196,4,0,4,200
10/18/2021,MRY,CA,AWP,WE,Towers with Radar,19,48,31,3,101,0,5,48,3,56,19,53,79,6,157,28,0,28,185
10/19/2021,MRY,CA,AWP,WE,Towers with Radar,17,39,30,2,88,0,4,52,3,59,17,43,82,5,147,6,0,6,153
10/20/2021,MRY,CA,AWP,WE,Towers with Radar,15,54,50,3,122,0,0,11,0,11,15,54,61,3,133,14,0,14,147
10/21/2021,MRY,CA,AWP,WE,Towers with Radar,13,32,33,6,84,0,2,24,0,26,13,34,57,6,110,10,0,10,120
10/22/2021,MRY,CA,AWP,WE,Towers with Radar,19,54,60,0,133,0,1,19,0,20,19,55,79,0,153,14,0,14,167
10/23/2021,MRY,CA,AWP,WE,Towers with Radar,15,34,34,0,83,0,3,49,0,52,15,37,83,0,135,12,0,12,147
10/24/2021,MRY,CA,AWP,WE,Towers with Radar,21,49,32,0,102,0,0,0,0,0,21,49,32,0,102,0,0,0,102
10/25/2021,MRY,CA,AWP,WE,Towers with Radar,36,57,37,0,130,0,1,20,0,21,36,58,57,0,151,30,0,30,181
10/26/2021,MRY,CA,AWP,WE,Towers with Radar,27,57,36,2,122,0,2,34,0,36,27,59,70,2,158,4,0,4,162
10/27/2021,MRY,CA,AWP,WE,Towers with Radar,15,28,24,1,68,0,4,70,2,76,15,32,94,3,144,10,0,10,154
10/28/2021,MRY,CA,AWP,WE,Towers with Radar,13,57,41,6,117,0,5,68,5,78,13,62,109,11,195,32,0,32,227
10/29/2021,MRY,CA,AWP,WE,Towers with Radar,19,25,45,1,90,0,4,65,15,84,19,29,110,16,174,12,0,12,186
10/30/2021,MRY,CA,AWP,WE,Towers with Radar,16,27,40,1,84,0,2,27,6,35,16,29,67,7,119,8,0,8,127
10/31/2021,MRY,CA,AWP,WE,Towers with Radar,13,40,31,0,84,0,6,51,4,61,13,46,82,4,145,0,0,0,145
11/01/2021,MRY,CA,AWP,WE,Towers with Radar,21,29,31,19,100,0,1,14,1,16,21,30,45,20,116,10,20,30,146
11/02/2021,MRY,CA,AWP,WE,Towers with Radar,17,22,31,12,82,0,0,7,2,9,17,22,38,14,91,8,12,20,111
11/03/2021,MRY,CA,AWP,WE,Towers with Radar,16,31,31,0,78,0,4,45,3,52,16,35,76,3,130,60,0,60,190
11/04/2021,MRY,CA,AWP,WE,Towers with Radar,18,48,41,2,109,0,2,26,0,28,18,50,67,2,137,50,4,54,191
11/05/2021,MRY,CA,AWP,WE,Towers with Radar,21,29,26,2,78,0,3,64,1,68,21,32,90,3,146,30,18,48,194
11/06/2021,MRY,CA,AWP,WE,Towers with Radar,17,21,27,1,66,0,5,73,4,82,17,26,100,5,148,54,2,56,204
11/07/2021,MRY,CA,AWP,WE,Towers with Radar,17,44,51,0,112,0,2,70,4,76,17,46,121,4,188,20,0,20,208
11/08/2021,MRY,CA,AWP,WE,Towers with Radar,20,28,37,2,87,0,1,33,1,35,20,29,70,3,122,112,0,112,234
11/09/2021,MRY,CA,AWP,WE,Towers with Radar,17,33,52,2,104,0,1,6,0,7,17,34,58,2,111,0,0,0,111
11/10/2021,MRY,CA,AWP,WE,Towers with Radar,15,36,49,0,100,0,6,38,0,44,15,42,87,0,144,48,0,48,192
11/11/2021,MRY,CA,AWP,WE,Towers with Radar,16,32,38,0,86,0,8,73,0,81,16,40,111,0,167,22,2,24,191
11/12/2021,MRY,CA,AWP,WE,Towers with Radar,21,42,43,0,106,0,2,60,0,62,21,44,103,0,168,18,0,18,186
11/13/2021,MRY,CA,AWP,WE,Towers with Radar,19,36,47,0,102,0,1,104,0,105,19,37,151,0,207,18,0,18,225
11/14/2021,MRY,CA,AWP,WE,Towers with Radar,18,47,59,0,124,0,2,87,0,89,18,49,146,0,213,0,0,0,213
11/15/2021,MRY,CA,AWP,WE,Towers with Radar,24,43,54,6,127,0,0,40,9,49,24,43,94,15,176,24,52,76,252
11/16/2021,MRY,CA,AWP,WE,Towers with Radar,16,33,54,2,105,0,1,4,0,5,16,34,58,2,110,0,0,0,110
11/17/2021,MRY,CA,AWP,WE,Towers with Radar,17,32,33,2,84,0,6,63,0,69,17,38,96,2,153,26,4,30,183
11/18/2021,MRY,CA,AWP,WE,Towers with Radar,16,36,51,4,107,0,1,28,1,30,16,37,79,5,137,24,2,26,163
11/19/2021,MRY,CA,AWP,WE,Towers with Radar,23,41,49,0,113,0,3,28,0,31,23,44,77,0,144,30,0,30,174
11/20/2021,MRY,CA,AWP,WE,Towers with Radar,15,39,34,0,88,0,2,60,0,62,15,41,94,0,150,0,0,0,150
11/21/2021,MRY,CA,AWP,WE,Towers with Radar,16,70,61,0,147,0,0,67,0,67,16,70,128,0,214,18,0,18,232
11/22/2021,MRY,CA,AWP,WE,Towers with Radar,20,36,36,14,106,0,3,45,11,59,20,39,81,25,165,24,68,92,257
11/23/2021,MRY,CA,AWP,WE,Towers with Radar,17,28,28,7,80,0,4,60,0,64,17,32,88,7,144,32,0,32,176
11/24/2021,MRY,CA,AWP,WE,Towers with Radar,18,37,40,4,99,0,2,72,0,74,18,39,112,4,173,6,0,6,179
11/25/2021,MRY,CA,AWP,WE,Towers with Radar,10,10,5,0,25,0,0,25,0,25,10,10,30,0,50,10,0,10,60
11/26/2021,MRY,CA,AWP,WE,Towers with Radar,14,20,34,0,68,0,4,65,0,69,14,24,99,0,137,12,0,12,149
11/27/2021,MRY,CA,AWP,WE,Towers with Radar,17,32,39,0,88,0,1,63,0,64,17,33,102,0,152,12,0,12,164
11/28/2021,MRY,CA,AWP,WE,Towers with Radar,21,44,37,4,106,0,1,78,0,79,21,45,115,4,185,0,0,0,185
11/29/2021,MRY,CA,AWP,WE,Towers with Radar,17,28,29,2,76,0,2,47,5,54,17,30,76,7,130,24,14,38,168
11/30/2021,MRY,CA,AWP,WE,Towers with Radar,16,29,48,9,102,0,3,38,5,46,16,32,86,14,148,18,16,34,182
12/01/2021,MRY,CA,AWP,WE,Towers with Radar,16,25,32,2,75,0,2,51,6,59,16,27,83,8,134,16,18,34,168
12/02/2021,MRY,CA,AWP,WE,Towers with Radar,15,31,35,2,83,0,2,31,0,33,15,33,66,2,116,6,0,6,122
12/03/2021,MRY,CA,AWP,WE,Towers with Radar,19,30,59,4,112,0,0,11,0,11,19,30,70,4,123,4,0,4,127
12/04/2021,MRY,CA,AWP,WE,Towers with Radar,17,20,29,0,66,0,1,9,2,12,17,21,38,2,78,14,0,14,92
12/05/2021,MRY,CA,AWP,WE,Towers with Radar,16,25,44,4,89,0,1,45,0,46,16,26,89,4,135,8,0,8,143
12/06/2021,MRY,CA,AWP,WE,Towers with Radar,17,21,29,2,69,0,0,14,0,14,17,21,43,2,83,0,0,0,83
12/07/2021,MRY,CA,AWP,WE,Towers with Radar,13,18,28,2,61,0,4,18,1,23,13,22,46,3,84,18,0,18,102
12/08/2021,MRY,CA,AWP,WE,Towers with Radar,14,19,49,6,88,0,0,1,0,1,14,19,50,6,89,0,0,0,89
12/09/2021,MRY,CA,AWP,WE,Towers with Radar,17,21,40,9,87,0,7,15,2,24,17,28,55,11,111,0,10,10,121
12/10/2021,MRY,CA,AWP,WE,Towers with Radar,19,36,25,0,80,0,8,57,0,65,19,44,82,0,145,30,0,30,175
12/11/2021,MRY,CA,AWP,WE,Towers with Radar,15,19,32,2,68,0,3,70,0,73,15,22,102,2,141,32,0,32,173
12/12/2021,MRY,CA,AWP,WE,Towers with Radar,15,19,42,0,76,0,0,11,0,11,15,19,53,0,87,10,0,10,97
12/13/2021,MRY,CA,AWP,WE,Towers with Radar,20,10,11,2,43,0,0,1,0,1,20,10,12,2,44,0,8,8,52
12/14/2021,MRY,CA,AWP,WE,Towers with Radar,16,12,20,0,48,0,3,2,1,6,16,15,22,1,54,0,0,0,54
12/15/2021,MRY,CA,AWP,WE,Towers with Radar,15,21,34,3,73,0,4,35,2,41,15,25,69,5,114,8,0,8,122
12/16/2021,MRY,CA,AWP,WE,Towers with Radar,11,26,33,0,70,0,2,17,0,19,11,28,50,0,89,14,0,14,103
12/17/2021,MRY,CA,AWP,WE,Towers with Radar,13,28,39,0,80,0,6,67,0,73,13,34,106,0,153,40,0,40,193
12/18/2021,MRY,CA,AWP,WE,Towers with Radar,14,22,30,2,68,0,7,86,0,93,14,29,116,2,161,30,6,36,197
12/19/2021,MRY,CA,AWP,WE,Towers with Radar,14,26,32,3,75,0,1,36,1,38,14,27,68,4,113,22,0,22,135
12/20/2021,MRY,CA,AWP,WE,Towers with Radar,15,25,32,4,76,0,1,22,2,25,15,26,54,6,101,16,8,24,125
12/21/2021,MRY,CA,AWP,WE,Towers with Radar,9,15,19,2,45,0,2,32,2,36,9,17,51,4,81,24,4,28,109
12/22/2021,MRY,CA,AWP,WE,Towers with Radar,9,27,42,0,78,0,1,2,0,3,9,28,44,0,81,0,0,0,81
12/23/2021,MRY,CA,AWP,WE,Towers with Radar,10,21,24,0,55,0,1,5,0,6,10,22,29,0,61,0,0,0,61
12/24/2021,MRY,CA,AWP,WE,Towers with Radar,12,10,11,0,33,0,3,3,0,6,12,13,14,0,39,0,0,0,39
12/25/2021,MRY,CA,AWP,WE,Towers with Radar,7,18,8,0,33,0,0,4,0,4,7,18,12,0,37,0,0,0,37
12/26/2021,MRY,CA,AWP,WE,Towers with Radar,12,22,23,0,57,0,0,15,0,15,12,22,38,0,72,24,0,24,96
12/27/2021,MRY,CA,AWP,WE,Towers with Radar,11,22,30,0,63,0,1,0,0,1,11,23,30,0,64,0,0,0,64
12/28/2021,MRY,CA,AWP,WE,Towers with Radar,9,23,42,0,74,0,1,8,2,11,9,24,50,2,85,32,0,32,117
12/29/2021,MRY,CA,AWP,WE,Towers with Radar,10,23,32,0,65,0,1,2,0,3,10,24,34,0,68,0,0,0,68
12/30/2021,MRY,CA,AWP,WE,Towers with Radar,9,24,41,0,74,0,4,51,0,55,9,28,92,0,129,34,0,34,163
12/31/2021,MRY,CA,AWP,WE,Towers with Radar,12,20,17,0,49,0,6,46,0,52,12,26,63,0,101,24,0,24,125
01/01/2022,MRY,CA,AWP,WE,Towers with Radar,6,16,20,4,46,0,7,67,0,74,6,23,87,4,120,8,0,8,128
01/02/2022,MRY,CA,AWP,WE,Towers with Radar,10,14,25,0,49,0,3,75,0,78,10,17,100,0,127,0,0,0,127
01/03/2022,MRY,CA,AWP,WE,Towers with Radar,11,15,33,0,59,0,0,13,0,13,11,15,46,0,72,46,0,46,118
01/04/2022,MRY,CA,AWP,WE,Towers with Radar,9,30,19,0,58,0,1,16,0,17,9,31,35,0,75,38,0,38,113
01/05/2022,MRY,CA,AWP,WE,Towers with Radar,10,38,27,3,78,0,0,15,1,16,10,38,42,4,94,26,0,26,120
01/06/2022,MRY,CA,AWP,WE,Towers with Radar,8,19,28,0,55,0,1,18,0,19,8,20,46,0,74,0,0,0,74
01/07/2022,MRY,CA,AWP,WE,Towers with Radar,12,29,36,14,91,0,1,6,0,7,12,30,42,14,98,0,16,16,114
01/08/2022,MRY,CA,AWP,WE,Towers with Radar,10,21,39,0,70,0,3,54,0,57,10,24,93,0,127,42,0,42,169
01/09/2022,MRY,CA,AWP,WE,Towers with Radar,11,25,39,0,75,0,5,91,0,96,11,30,130,0,171,64,0,64,235
01/10/2022,MRY,CA,AWP,WE,Towers with Radar,10,26,22,2,60,0,2,30,5,37,10,28,52,7,97,48,36,84,181
01/11/2022,MRY,CA,AWP,WE,Towers with Radar,8,21,27,8,64,0,2,54,1,57,8,23,81,9,121,38,12,50,171
01/12/2022,MRY,CA,AWP,WE,Towers with Radar,7,27,28,2,64,0,2,35,0,37,7,29,63,2,101,0,0,0,101
01/13/2022,MRY,CA,AWP,WE,Towers with Radar,10,31,25,4,70,0,2,33,0,35,10,33,58,4,105,42,4,46,151
01/14/2022,MRY,CA,AWP,WE,Towers with Radar,12,24,30,0,66,0,2,50,0,52,12,26,80,0,118,10,0,10,128
01/15/2022,MRY,CA,AWP,WE,Towers with Radar,9,16,26,0,51,0,2,66,2,70,9,18,92,2,121,40,0,40,161
01/16/2022,MRY,CA,AWP,WE,Towers with Radar,10,20,22,1,53,0,1,64,0,65,10,21,86,1,118,40,0,40,158
01/17/2022,MRY,CA,AWP,WE,Towers with Radar,10,31,35,0,76,0,1,36,0,37,10,32,71,0,113,60,0,60,173
01/18/2022,MRY,CA,AWP,WE,Towers with Radar,6,24,36,14,80,0,0,16,0,16,6,24,52,14,96,26,14,40,136
01/19/2022,MRY,CA,AWP,WE,Towers with Radar,12,27,29,8,76,0,2,27,0,29,12,29,56,8,105,28,8,36,141
01/20/2022,MRY,CA,AWP,WE,Towers with Radar,12,28,36,4,80,0,4,51,0,55,12,32,87,4,135,24,4,28,163
01/21/2022,MRY,CA,AWP,WE,Towers with Radar,15,27,24,2,68,0,2,41,0,43,15,29,65,2,111,6,0,6,117
01/22/2022,MRY,CA,AWP,WE,Towers with Radar,8,13,19,1,41,0,2,69,0,71,8,15,88,1,112,34,0,34,146
01/23/2022,MRY,CA,AWP,WE,Towers with Radar,7,33,46,0,86,0,2,83,0,85,7,35,129,0,171,28,0,28,199
01/24/2022,MRY,CA,AWP,WE,Towers with Radar,11,20,32,6,69,0,3,33,8,44,11,23,65,14,113,50,24,74,187
01/25/2022,MRY,CA,AWP,WE,Towers with Radar,8,15,24,2,49,0,5,28,4,37,8,20,52,6,86,20,4,24,110
01/26/2022,MRY,CA,AWP,WE,Towers with Radar,11,19,20,2,52,0,3,51,2,56,11,22,71,4,108,34,0,34,142
01/27/2022,MRY,CA,AWP,WE,Towers with Radar,11,30,28,6,75,0,2,55,4,61,11,32,83,10,136,18,6,24,160
01/28/2022,MRY,CA,AWP,WE,Towers with Radar,11,29,31,9,80,0,4,49,2,55,11,33,80,11,135,10,14,24,159
01/29/2022,MRY,CA,AWP,WE,Towers with Radar,8,22,18,0,48,0,1,77,6,84,8,23,95,6,132,72,0,72,204
01/30/2022,MRY,CA,AWP,WE,Towers with Radar,13,43,50,0,106,0,2,76,2,80,13,45,126,2,186,36,0,36,222
01/31/2022,MRY,CA,AWP,WE,Towers with Radar,10,40,53,2,105,0,1,48,6,55,10,41,101,8,160,24,0,24,184
02/01/2022,MRY,CA,AWP,WE,Towers with Radar,9,38,36,0,83,0,6,24,4,34,9,44,60,4,117,20,4,24,141
02/02/2022,MRY,CA,AWP,WE,Towers with Radar,11,35,44,18,108,0,2,43,5,50,11,37,87,23,158,14,18,32,190
02/03/2022,MRY,CA,AWP,WE,Towers with Radar,13,37,40,2,92,0,3,76,0,79,13,40,116,2,171,30,0,30,201
02/04/2022,MRY,CA,AWP,WE,Towers with Radar,10,35,43,0,88,0,2,104,1,107,10,37,147,1,195,30,0,30,225
02/05/2022,MRY,CA,AWP,WE,Towers with Radar,11,31,38,0,80,0,4,90,3,97,11,35,128,3,177,114,0,114,291
02/06/2022,MRY,CA,AWP,WE,Towers with Radar,13,85,78,4,180,0,1,92,0,93,13,86,170,4,273,0,0,0,273
02/07/2022,MRY,CA,AWP,WE,Towers with Radar,15,26,23,13,77,0,2,53,7,62,15,28,76,20,139,28,38,66,205
02/08/2022,MRY,CA,AWP,WE,Towers with Radar,12,22,23,10,67,0,2,56,0,58,12,24,79,10,125,44,4,48,173
02/09/2022,MRY,CA,AWP,WE,Towers with Radar,11,17,24,6,58,0,4,58,4,66,11,21,82,10,124,38,6,44,168
02/10/2022,MRY,CA,AWP,WE,Towers with Radar,13,26,30,14,83,0,5,50,1,56,13,31,80,15,139,4,4,8,147
02/11/2022,MRY,CA,AWP,WE,Towers with Radar,9,27,41,0,77,0,2,79,2,83,9,29,120,2,160,14,0,14,174
02/12/2022,MRY,CA,AWP,WE,Towers with Radar,12,18,20,0,50,0,2,103,0,105,12,20,123,0,155,48,0,48,203
02/13/2022,MRY,CA,AWP,WE,Towers with Radar,13,27,21,0,61,0,0,57,0,57,13,27,78,0,118,8,0,8,126
02/14/2022,MRY,CA,AWP,WE,Towers with Radar,13,32,50,2,97,0,0,2,0,2,13,32,52,2,99,0,0,0,99
02/15/2022,MRY,CA,AWP,WE,Towers with Radar,11,36,31,2,80,0,3,29,1,33,11,39,60,3,113,32,0,32,145
02/16/2022,MRY,CA,AWP,WE,Towers with Radar,14,31,23,11,79,0,4,41,3,48,14,35,64,14,127,16,6,22,149
02/17/2022,MRY,CA,AWP,WE,Towers with Radar,12,32,36,3,83,0,3,53,0,56,12,35,89,3,139,30,0,30,169
02/18/2022,MRY,CA,AWP,WE,Towers with Radar,12,34,41,0,87,0,2,68,2,72,12,36,109,2,159,24,0,24,183
02/19/2022,MRY,CA,AWP,WE,Towers with Radar,9,20,20,0,49,0,1,73,3,77,9,21,93,3,126,46,0,46,172
02/20/2022,MRY,CA,AWP,WE,Towers with Radar,15,43,60,6,124,0,1,10,0,11,15,44,70,6,135,20,0,20,155
02/21/2022,MRY,CA,AWP,WE,Towers with Radar,13,33,48,0,94,0,3,52,0,55,13,36,100,0,149,18,0,18,167
02/22/2022,MRY,CA,AWP,WE,Towers with Radar,10,24,40,0,74,0,4,10,0,14,10,28,50,0,88,10,0,10,98
02/23/2022,MRY,CA,AWP,WE,Towers with Radar,9,26,28,11,74,0,3,52,14,69,9,29,80,25,143,14,44,58,201
02/24/2022,MRY,CA,AWP,WE,Towers with Radar,10,34,32,4,80,0,3,55,0,58,10,37,87,4,138,42,2,44,182
02/25/2022,MRY,CA,AWP,WE,Towers with Radar,15,37,35,2,89,0,3,64,1,68,15,40,99,3,157,26,0,26,183
02/26/2022,MRY,CA,AWP,WE,Towers with Radar,9,31,30,0,70,0,1,82,0,83,9,32,112,0,153,48,0,48,201
02/27/2022,MRY,CA,AWP,WE,Towers with Radar,11,39,34,0,84,0,2,94,0,96,11,41,128,0,180,60,0,60,240
02/28/2022,MRY,CA,AWP,WE,Towers with Radar,12,33,21,2,68,0,1,54,0,55,12,34,75,2,123,46,2,48,171
03/01/2022,MRY,CA,AWP,WE,Towers with Radar,10,26,14,20,70,0,2,41,1,44,10,28,55,21,114,44,24,68,182
03/02/2022,MRY,CA,AWP,WE,Towers with Radar,10,34,22,0,66,0,2,43,3,48,10,36,65,3,114,6,14,20,134
03/03/2022,MRY,CA,AWP,WE,Towers with Radar,14,29,40,0,83,0,3,15,0,18,14,32,55,0,101,8,0,8,109
03/04/2022,MRY,CA,AWP,WE,Towers with Radar,13,18,46,0,77,0,1,4,1,6,13,19,50,1,83,0,0,0,83
03/05/2022,MRY,CA,AWP,WE,Towers with Radar,11,26,20,0,57,0,2,24,2,28,11,28,44,2,85,18,0,18,103
03/06/2022,MRY,CA,AWP,WE,Towers with Radar,12,28,32,0,72,0,2,66,0,68,12,30,98,0,140,0,0,0,140
03/07/2022,MRY,CA,AWP,WE,Towers with Radar,16,31,20,0,67,0,1,45,0,46,16,32,65,0,113,18,0,18,131
03/08/2022,MRY,CA,AWP,WE,Towers with Radar,10,25,35,2,72,0,4,48,1,53,10,29,83,3,125,52,0,52,177
03/09/2022,MRY,CA,AWP,WE,Towers with Radar,10,30,42,14,96,0,6,45,0,51,10,36,87,14,147,8,8,16,163
03/10/2022,MRY,CA,AWP,WE,Towers with Radar,12,30,26,10,78,0,2,38,2,42,12,32,64,12,120,38,2,40,160
03/11/2022,MRY,CA,AWP,WE,Towers with Radar,13,21,36,1,71,0,2,68,0,70,13,23,104,1,141,0,0,0,141
03/12/2022,MRY,CA,AWP,WE,Towers with Radar,11,29,28,0,68,0,3,80,0,83,11,32,108,0,151,0,0,0,151
03/13/2022,MRY,CA,AWP,WE,Towers with Radar,13,34,62,0,109,0,0,37,0,37,13,34,99,0,146,0,0,0,146
03/14/2022,MRY,CA,AWP,WE,Towers with Radar,13,27,35,0,75,0,1,33,4,38,13,28,68,4,113,28,0,28,141
03/15/2022,MRY,CA,AWP,WE,Towers with Radar,12,17,44,6,79,0,1,11,0,12,12,18,55,6,91,20,0,20,111
03/16/2022,MRY,CA,AWP,WE,Towers with Radar,12,19,40,14,85,0,2,49,5,56,12,21,89,19,141,24,28,52,193
03/17/2022,MRY,CA,AWP,WE,Towers with Radar,13,29,29,7,78,0,1,40,0,41,13,30,69,7,119,8,0,8,127
03/18/2022,MRY,CA,AWP,WE,Towers with Radar,17,30,43,3,93,0,16,54,2,72,17,46,97,5,165,26,0,26,191
03/19/2022,MRY,CA,AWP,WE,Towers with Radar,13,28,37,0,78,0,0,4,0,4,13,28,41,0,82,0,0,0,82
03/20/2022,MRY,CA,AWP,WE,Towers with Radar,13,37,33,0,83,0,0,93,0,93,13,37,126,0,176,24,0,24,200
03/21/2022,MRY,CA,AWP,WE,Towers with Radar,13,27,28,0,68,0,1,40,8,49,13,28,68,8,117,48,10,58,175
03/22/2022,MRY,CA,AWP,WE,Towers with Radar,12,26,35,5,78,0,2,57,2,61,12,28,92,7,139,56,4,60,199
03/23/2022,MRY,CA,AWP,WE,Towers with Radar,28,26,40,12,106,0,1,17,2,20,28,27,57,14,126,14,4,18,144
03/24/2022,MRY,CA,AWP,WE,Towers with Radar,17,46,38,6,107,0,0,29,4,33,17,46,67,10,140,18,2,20,160
03/25/2022,MRY,CA,AWP,WE,Towers with Radar,14,31,52,0,97,0,1,47,0,48,14,32,99,0,145,0,0,0,145
03/26/2022,MRY,CA,AWP,WE,Towers with Radar,10,19,24,4,57,0,3,56,0,59,10,22,80,4,116,46,0,46,162
03/27/2022,MRY,CA,AWP,WE,Towers with Radar,11,27,40,0,78,0,0,26,0,26,11,27,66,0,104,0,0,0,104
03/28/2022,MRY,CA,AWP,WE,Towers with Radar,13,35,22,4,74,0,0,10,1,11,13,35,32,5,85,0,4,4,89
03/29/2022,MRY,CA,AWP,WE,Towers with Radar,10,26,57,2,95,0,0,2,0,2,10,26,59,2,97,0,0,0,97
03/30/2022,MRY,CA,AWP,WE,Towers with Radar,10,43,40,2,95,0,2,14,0,16,10,45,54,2,111,24,0,24,135
03/31/2022,MRY,CA,AWP,WE,Towers with Radar,11,52,41,0,104,0,2,35,0,37,11,54,76,0,141,12,0,12,153
04/01/2022,MRY,CA,AWP,WE,Towers with Radar,11,33,48,2,94,0,1,55,2,58,11,34,103,4,152,42,0,42,194
04/02/2022,MRY,CA,AWP,WE,Towers with Radar,10,25,46,0,81,0,1,33,0,34,10,26,79,0,115,24,0,24,139
04/03/2022,MRY,CA,AWP,WE,Towers with Radar,11,46,47,0,104,0,0,67,0,67,11,46,114,0,171,24,0,24,195
04/04/2022,MRY,CA,AWP,WE,Towers with Radar,13,23,29,0,65,0,1,57,6,64,13,24,86,6,129,68,34,102,231
04/05/2022,MRY,CA,AWP,WE,Towers with Radar,12,29,31,11,83,0,3,70,1,74,12,32,101,12,157,64,8,72,229
04/06/2022,MRY,CA,AWP,WE,Towers with Radar,10,24,31,16,81,0,7,45,1,53,10,31,76,17,134,34,14,48,182
04/07/2022,MRY,CA,AWP,WE,Towers with Radar,12,29,36,3,80,0,5,68,0,73,12,34,104,3,153,20,2,22,175
04/08/2022,MRY,CA,AWP,WE,Towers with Radar,12,32,35,6,85,0,7,92,0,99,12,39,127,6,184,58,0,58,242
04/09/2022,MRY,CA,AWP,WE,Towers with Radar,10,33,23,2,68,0,1,91,1,93,10,34,114,3,161,26,0,26,187
04/10/2022,MRY,CA,AWP,WE,Towers with Radar,12,40,39,0,91,0,2,57,1,60,12,42,96,1,151,32,0,32,183
04/11/2022,MRY,CA,AWP,WE,Towers with Radar,12,32,20,0,64,0,1,1,0,2,12,33,21,0,66,0,0,0,66
04/12/2022,MRY,CA,AWP,WE,Towers with Radar,9,27,27,7,70,0,2,28,2,32,9,29,55,9,102,0,6,6,108
04/13/2022,MRY,CA,AWP,WE,Towers with Radar,10,38,31,4,83,0,2,54,0,56,10,40,85,4,139,16,0,16,155
04/14/2022,MRY,CA,AWP,WE,Towers with Radar,11,40,33,0,84,0,0,19,0,19,11,40,52,0,103,0,0,0,103
04/15/2022,MRY,CA,AWP,WE,Towers with Radar,11,31,49,2,93,0,3,63,1,67,11,34,112,3,160,40,0,40,200
04/16/2022,MRY,CA,AWP,WE,Towers with Radar,10,37,26,1,74,0,0,11,0,11,10,37,37,1,85,0,0,0,85
04/17/2022,MRY,CA,AWP,WE,Towers with Radar,12,36,25,0,73,0,0,75,0,75,12,36,100,0,148,46,0,46,194
04/18/2022,MRY,CA,AWP,WE,Towers with Radar,12,45,32,4,93,0,3,52,0,55,12,48,84,4,148,34,56,90,238
04/19/2022,MRY,CA,AWP,WE,Towers with Radar,10,29,32,2,73,0,3,17,4,24,10,32,49,6,97,28,10,38,135
04/20/2022,MRY,CA,AWP,WE,Towers with Radar,10,32,30,7,79,0,2,60,2,64,10,34,90,9,143,32,6,38,181
04/21/2022,MRY,CA,AWP,WE,Towers with Radar,12,53,59,0,124,0,1,3,0,4,12,54,62,0,128,20,0,20,148
04/22/2022,MRY,CA,AWP,WE,Towers with Radar,12,41,27,3,83,0,2,49,1,52,12,43,76,4,135,16,6,22,157
04/23/2022,MRY,CA,AWP,WE,Towers with Radar,10,30,27,0,67,0,5,70,0,75,10,35,97,0,142,16,0,16,158
04/24/2022,MRY,CA,AWP,WE,Towers with Radar,11,55,58,0,124,0,0,93,0,93,11,55,151,0,217,22,0,22,239
04/25/2022,MRY,CA,AWP,WE,Towers with Radar,14,38,32,0,84,0,1,62,0,63,14,39,94,0,147,62,34,96,243
04/26/2022,MRY,CA,AWP,WE,Towers with Radar,10,28,37,2,77,0,2,29,5,36,10,30,66,7,113,4,4,8,121
04/27/2022,MRY,CA,AWP,WE,Towers with Radar,10,40,40,12,102,0,2,52,0,54,10,42,92,12,156,14,6,20,176
04/28/2022,MRY,CA,AWP,WE,Towers with Radar,12,44,52,1,109,0,2,35,1,38,12,46,87,2,147,26,0,26,173
04/29/2022,MRY,CA,AWP,WE,Towers with Radar,13,50,36,0,99,0,5,68,0,73,13,55,104,0,172,30,0,30,202
04/30/2022,MRY,CA,AWP,WE,Towers with Radar,10,31,34,2,77,0,0,36,0,36,10,31,70,2,113,12,0,12,125
05/01/2022,MRY,CA,AWP,WE,Towers with Radar,9,56,55,0,120,0,4,95,0,99,9,60,150,0,219,20,0,20,239
05/02/2022,MRY,CA,AWP,WE,Towers with Radar,10,39,38,2,89,0,1,16,3,20,10,40,54,5,109,6,0,6,115
05/03/2022,MRY,CA,AWP,WE,Towers with Radar,8,24,39,3,74,0,2,56,1,59,8,26,95,4,133,44,0,44,177
05/04/2022,MRY,CA,AWP,WE,Towers with Radar,8,46,36,1,91,0,3,39,0,42,8,49,75,1,133,2,0,2,135
05/05/2022,MRY,CA,AWP,WE,Towers with Radar,14,34,40,2,90,0,4,39,4,47,14,38,79,6,137,60,2,62,199
05/06/2022,MRY,CA,AWP,WE,Towers with Radar,10,49,46,0,105,0,0,47,0,47,10,49,93,0,152,42,0,42,194
05/07/2022,MRY,CA,AWP,WE,Towers with Radar,10,23,25,4,62,0,1,69,1,71,10,24,94,5,133,12,0,12,145
05/08/2022,MRY,CA,AWP,WE,Towers with Radar,12,32,36,0,80,0,0,43,0,43,12,32,79,0,123,0,0,0,123
05/09/2022,MRY,CA,AWP,WE,Towers with Radar,14,26,37,6,83,0,1,46,0,47,14,27,83,6,130,38,6,44,174
05/10/2022,MRY,CA,AWP,WE,Towers with Radar,9,33,19,0,61,0,1,48,0,49,9,34,67,0,110,44,0,44,154
05/11/2022,MRY,CA,AWP,WE,Towers with Radar,8,30,25,8,71,0,4,46,7,57,8,34,71,15,128,12,6,18,146
05/12/2022,MRY,CA,AWP,WE,Towers with Radar,12,42,27,0,81,0,6,48,1,55,12,48,75,1,136,12,0,12,148
05/13/2022,MRY,CA,AWP,WE,Towers with Radar,12,29,35,6,82,0,4,96,0,100,12,33,131,6,182,34,2,36,218
05/14/2022,MRY,CA,AWP,WE,Towers with Radar,12,31,47,2,92,0,2,94,2,98,12,33,141,4,190,26,0,26,216
05/15/2022,MRY,CA,AWP,WE,Towers with Radar,11,28,51,0,90,0,1,26,0,27,11,29,77,0,117,0,0,0,117
05/16/2022,MRY,CA,AWP,WE,Towers with Radar,14,30,45,0,89,0,1,20,0,21,14,31,65,0,110,4,0,4,114
05/17/2022,MRY,CA,AWP,WE,Towers with Radar,9,28,42,0,79,0,1,33,7,41,9,29,75,7,120,8,0,8,128
05/18/2022,MRY,CA,AWP,WE,Towers with Radar,8,34,29,9,80,0,3,57,1,61,8,37,86,10,141,64,2,66,207
05/19/2022,MRY,CA,AWP,WE,Towers with Radar,12,39,50,1,102,0,2,83,6,91,12,41,133,7,193,82,20,102,295
05/20/2022,MRY,CA,AWP,WE,Towers with Radar,14,33,39,4,90,0,2,79,1,82,14,35,118,5,172,38,0,38,210
05/21/2022,MRY,CA,AWP,WE,Towers with Radar,12,16,34,0,62,0,4,87,0,91,12,20,121,0,153,8,0,8,161
05/22/2022,MRY,CA,AWP,WE,Towers with Radar,11,38,49,1,99,0,3,64,0,67,11,41,113,1,166,14,0,14,180
05/23/2022,MRY,CA,AWP,WE,Towers with Radar,14,27,29,2,72,0,1,51,0,52,14,28,80,2,124,8,0,8,132
05/24/2022,MRY,CA,AWP,WE,Towers with Radar,10,23,37,0,70,0,8,37,2,47,10,31,74,2,117,38,0,38,155
05/25/2022,MRY,CA,AWP,WE,Towers with Radar,10,31,45,1,87,0,3,62,0,65,10,34,107,1,152,12,0,12,164
05/26/2022,MRY,CA,AWP,WE,Towers with Radar,11,34,50,0,95,0,2,18,0,20,11,36,68,0,115,22,0,22,137
05/27/2022,MRY,CA,AWP,WE,Towers with Radar,14,38,54,0,106,0,1,37,0,38,14,39,91,0,144,44,0,44,188
05/28/2022,MRY,CA,AWP,WE,Towers with Radar,12,20,39,0,71,0,1,66,0,67,12,21,105,0,138,62,0,62,200
05/29/2022,MRY,CA,AWP,WE,Towers with Radar,11,34,30,0,75,0,2,70,1,73,11,36,100,1,148,18,0,18,166
05/30/2022,MRY,CA,AWP,WE,Towers with Radar,12,29,37,0,78,0,2,83,0,85,12,31,120,0,163,12,0,12,175
05/31/2022,MRY,CA,AWP,WE,Towers with Radar,10,29,28,0,67,0,2,54,3,59,10,31,82,3,126,34,4,38,164
06/01/2022,MRY,CA,AWP,WE,Towers with Radar,10,40,34,1,85,0,2,53,0,55,10,42,87,1,140,72,0,72,212
06/02/2022,MRY,CA,AWP,WE,Towers with Radar,12,45,30,0,87,0,2,55,0,57,12,47,85,0,144,30,0,30,174
06/03/2022,MRY,CA,AWP,WE,Towers with Radar,13,24,46,8,91,0,0,26,1,27,13,24,72,9,118,28,6,34,152
06/04/2022,MRY,CA,AWP,WE,Towers with Radar,16,23,27,0,66,0,2,36,0,38,16,25,63,0,104,6,0,6,110
06/05/2022,MRY,CA,AWP,WE,Towers with Radar,17,49,56,2,124,0,2,21,0,23,17,51,77,2,147,30,0,30,177
06/06/2022,MRY,CA,AWP,WE,Towers with Radar,17,32,40,0,89,0,1,36,0,37,17,33,76,0,126,2,0,2,128
06/07/2022,MRY,CA,AWP,WE,Towers with Radar,17,24,60,0,101,0,2,34,4,40,17,26,94,4,141,52,2,54,195
06/08/2022,MRY,CA,AWP,WE,Towers with Radar,19,28,31,0,78,0,2,65,2,69,19,30,96,2,147,20,0,20,167
06/09/2022,MRY,CA,AWP,WE,Towers with Radar,17,46,22,5,90,0,2,55,0,57,17,48,77,5,147,42,0,42,189
06/10/2022,MRY,CA,AWP,WE,Towers with Radar,18,28,26,0,72,0,2,69,0,71,18,30,95,0,143,12,0,12,155
06/11/2022,MRY,CA,AWP,WE,Towers with Radar,16,22,19,0,57,0,4,105,0,109,16,26,124,0,166,46,0,46,212
06/12/2022,MRY,CA,AWP,WE,Towers with Radar,17,32,45,2,96,0,1,44,0,45,17,33,89,2,141,2,0,2,143
06/13/2022,MRY,CA,AWP,WE,Towers with Radar,18,33,14,4,69,0,1,50,0,51,18,34,64,4,120,16,0,16,136
06/14/2022,MRY,CA,AWP,WE,Towers with Radar,15,28,33,8,84,0,2,57,1,60,15,30,90,9,144,24,2,26,170
06/15/2022,MRY,CA,AWP,WE,Towers with Radar,17,20,33,1,71,0,2,72,0,74,17,22,105,1,145,36,0,36,181
06/16/2022,MRY,CA,AWP,WE,Towers with Radar,17,47,27,4,95,0,3,47,0,50,17,50,74,4,145,46,0,46,191
06/17/2022,MRY,CA,AWP,WE,Towers with Radar,18,34,46,1,99,0,8,51,0,59,18,42,97,1,158,8,0,8,166
06/18/2022,MRY,CA,AWP,WE,Towers with Radar,16,23,23,0,62,0,1,71,0,72,16,24,94,0,134,28,0,28,162
06/19/2022,MRY,CA,AWP,WE,Towers with Radar,17,35,21,0,73,0,2,86,0,88,17,37,107,0,161,10,0,10,171
06/20/2022,MRY,CA,AWP,WE,Towers with Radar,20,33,44,0,97,0,7,66,1,74,20,40,110,1,171,48,0,48,219
06/21/2022,MRY,CA,AWP,WE,Towers with Radar,17,34,22,25,98,0,4,48,6,58,17,38,70,31,156,22,28,50,206
06/22/2022,MRY,CA,AWP,WE,Towers with Radar,20,43,38,0,101,0,1,50,2,53,20,44,88,2,154,30,0,30,184
06/23/2022,MRY,CA,AWP,WE,Towers with Radar,19,35,50,10,114,0,2,57,0,59,19,37,107,10,173,18,4,22,195
06/24/2022,MRY,CA,AWP,WE,Towers with Radar,16,41,55,0,112,0,5,77,0,82,16,46,132,0,194,32,0,32,226
06/25/2022,MRY,CA,AWP,WE,Towers with Radar,16,23,21,0,60,0,3,45,0,48,16,26,66,0,108,22,0,22,130
06/26/2022,MRY,CA,AWP,WE,Towers with Radar,17,51,67,2,137,0,0,44,0,44,17,51,111,2,181,0,0,0,181
06/27/2022,MRY,CA,AWP,WE,Towers with Radar,17,32,37,0,86,0,1,32,1,34,17,33,69,1,120,0,0,0,120
06/28/2022,MRY,CA,AWP,WE,Towers with Radar,16,27,28,1,72,0,0,45,6,51,16,27,73,7,123,60,4,64,187
06/29/2022,MRY,CA,AWP,WE,Towers with Radar,18,38,27,0,83,0,0,34,4,38,18,38,61,4,121,14,12,26,147
06/30/2022,MRY,CA,AWP,WE,Towers with Radar,17,51,44,8,120,0,0,36,0,36,17,51,80,8,156,12,2,14,170
07/01/2022,MRY,CA,AWP,WE,Towers with Radar,16,38,52,0,106,0,0,19,0,19,16,38,71,0,125,0,0,0,125
07/02/2022,MRY,CA,AWP,WE,Towers with Radar,15,19,36,0,70,0,1,15,0,16,15,20,51,0,86,0,0,0,86
07/03/2022,MRY,CA,AWP,WE,Towers with Radar,13,27,28,0,68,0,0,30,0,30,13,27,58,0,98,0,0,0,98
07/04/2022,MRY,CA,AWP,WE,Towers with Radar,19,25,13,4,61,0,1,43,0,44,19,26,56,4,105,12,0,12,117
07/05/2022,MRY,CA,AWP,WE,Towers with Radar,17,29,40,2,88,0,2,14,0,16,17,31,54,2,104,30,0,30,134
07/06/2022,MRY,CA,AWP,WE,Towers with Radar,17,21,32,0,70,0,2,42,0,44,17,23,74,0,114,18,0,18,132
07/07/2022,MRY,CA,AWP,WE,Towers with Radar,17,26,39,6,88,0,2,40,0,42,17,28,79,6,130,8,2,10,140
07/08/2022,MRY,CA,AWP,WE,Towers with Radar,19,31,37,0,87,0,3,69,0,72,19,34,106,0,159,0,0,0,159
07/09/2022,MRY,CA,AWP,WE,Towers with Radar,15,20,37,0,72,0,1,39,0,40,15,21,76,0,112,16,0,16,128
07/10/2022,MRY,CA,AWP,WE,Towers with Radar,18,35,54,0,107,0,2,51,0,53,18,37,105,0,160,0,0,0,160
07/11/2022,MRY,CA,AWP,WE,Towers with Radar,17,27,36,4,84,0,1,38,0,39,17,28,74,4,123,56,0,56,179
07/12/2022,MRY,CA,AWP,WE,Towers with Radar,16,23,33,10,82,0,2,34,2,38,16,25,67,12,120,24,8,32,152
07/13/2022,MRY,CA,AWP,WE,Towers with Radar,17,33,26,2,78,0,6,40,0,46,17,39,66,2,124,52,0,52,176
07/14/2022,MRY,CA,AWP,WE,Towers with Radar,17,35,54,2,108,0,1,35,1,37,17,36,89,3,145,10,0,10,155
07/15/2022,MRY,CA,AWP,WE,Towers with Radar,17,43,43,0,103,0,3,32,0,35,17,46,75,0,138,2,0,2,140
07/16/2022,MRY,CA,AWP,WE,Towers with Radar,14,28,39,0,81,0,0,38,0,38,14,28,77,0,119,28,0,28,147
07/17/2022,MRY,CA,AWP,WE,Towers with Radar,14,43,62,0,119,0,2,73,2,77,14,45,135,2,196,46,0,46,242
07/18/2022,MRY,CA,AWP,WE,Towers with Radar,17,39,20,25,101,0,8,55,2,65,17,47,75,27,166,28,32,60,226
07/19/2022,MRY,CA,AWP,WE,Towers with Radar,18,40,45,2,105,0,3,38,0,41,18,43,83,2,146,102,0,102,248
07/20/2022,MRY,CA,AWP,WE,Towers with Radar,16,29,43,1,89,0,1,35,1,37,16,30,78,2,126,28,0,28,154
07/21/2022,MRY,CA,AWP,WE,Towers with Radar,16,43,54,0,113,0,1,49,0,50,16,44,103,0,163,14,0,14,177
07/22/2022,MRY,CA,AWP,WE,Towers with Radar,18,32,38,2,90,0,4,55,0,59,18,36,93,2,149,76,0,76,225
07/23/2022,MRY,CA,AWP,WE,Towers with Radar,15,39,37,0,91,0,0,32,0,32,15,39,69,0,123,24,0,24,147
07/24/2022,MRY,CA,AWP,WE,Towers with Radar,15,37,44,0,96,0,2,23,0,25,15,39,67,0,121,0,0,0,121
07/25/2022,MRY,CA,AWP,WE,Towers with Radar,17,20,37,0,74,0,1,23,0,24,17,21,60,0,98,94,0,94,192
07/26/2022,MRY,CA,AWP,WE,Towers with Radar,17,34,40,0,91,0,1,31,0,32,17,35,71,0,123,60,0,60,183
07/27/2022,MRY,CA,AWP,WE,Towers with Radar,16,18,37,4,75,0,2,33,0,35,16,20,70,4,110,34,0,34,144
07/28/2022,MRY,CA,AWP,WE,Towers with Radar,17,50,28,0,95,0,1,28,0,29,17,51,56,0,124,8,0,8,132
07/29/2022,MRY,CA,AWP,WE,Towers with Radar,19,43,52,0,114,0,0,38,0,38,19,43,90,0,152,26,0,26,178
07/30/2022,MRY,CA,AWP,WE,Towers with Radar,15,34,40,0,89,0,3,61,0,64,15,37,101,0,153,16,0,16,169
07/31/2022,MRY,CA,AWP,WE,Towers with Radar,17,43,50,0,110,0,0,47,0,47,17,43,97,0,157,72,0,72,229
08/01/2022,MRY,CA,AWP,WE,Towers with Radar,19,32,39,2,92,0,1,41,0,42,19,33,80,2,134,126,0,126,260
08/02/2022,MRY,CA,AWP,WE,Towers with Radar,17,26,25,0,68,0,3,45,0,48,17,29,70,0,116,70,0,70,186
08/03/2022,MRY,CA,AWP,WE,Towers with Radar,17,22,24,3,66,0,2,53,0,55,17,24,77,3,121,24,0,24,145
08/04/2022,MRY,CA,AWP,WE,Towers with Radar,17,53,62,2,134,0,0,37,6,43,17,53,99,8,177,12,8,20,197
08/05/2022,MRY,CA,AWP,WE,Towers with Radar,22,38,59,0,119,0,1,54,0,55,22,39,113,0,174,30,0,30,204
08/06/2022,MRY,CA,AWP,WE,Towers with Radar,15,31,38,4,88,0,3,74,0,77,15,34,112,4,165,26,0,26,191
08/07/2022,MRY,CA,AWP,WE,Towers with Radar,14,52,59,1,126,0,2,56,0,58,14,54,115,1,184,8,0,8,192
08/08/2022,MRY,CA,AWP,WE,Towers with Radar,22,41,30,1,94,0,2,64,2,68,22,43,94,3,162,52,2,54,216
08/09/2022,MRY,CA,AWP,WE,Towers with Radar,16,33,36,4,89,0,5,66,1,72,16,38,102,5,161,24,0,24,185
08/10/2022,MRY,CA,AWP,WE,Towers with Radar,17,23,20,5,65,0,3,62,9,74,17,26,82,14,139,8,14,22,161
08/11/2022,MRY,CA,AWP,WE,Towers with Radar,15,34,31,4,84,0,3,63,8,74,15,37,94,12,158,44,18,62,220
08/12/2022,MRY,CA,AWP,WE,Towers with Radar,19,34,42,5,100,0,2,56,5,63,19,36,98,10,163,34,4,38,201
08/13/2022,MRY,CA,AWP,WE,Towers with Radar,15,28,39,0,82,0,1,91,0,92,15,29,130,0,174,26,6,32,206
08/14/2022,MRY,CA,AWP,WE,Towers with Radar,16,35,43,0,94,0,0,54,0,54,16,35,97,0,148,10,0,10,158
08/15/2022,MRY,CA,AWP,WE,Towers with Radar,18,42,33,2,95,0,2,20,0,22,18,44,53,2,117,16,0,16,133
08/16/2022,MRY,CA,AWP,WE,Towers with Radar,14,41,66,4,125,0,1,36,3,40,14,42,102,7,165,34,2,36,201
08/17/2022,MRY,CA,AWP,WE,Towers with Radar,17,74,92,5,188,0,2,42,2,46,17,76,134,7,234,0,0,0,234
08/18/2022,MRY,CA,AWP,WE,Towers with Radar,20,95,119,1,235,0,2,53,0,55,20,97,172,1,290,0,0,0,290
08/19/2022,MRY,CA,AWP,WE,Towers with Radar,19,55,100,4,178,0,0,19,0,19,19,55,119,4,197,0,0,0,197
08/20/2022,MRY,CA,AWP,WE,Towers with Radar,14,59,55,0,128,0,0,47,0,47,14,59,102,0,175,0,0,0,175
08/21/2022,MRY,CA,AWP,WE,Towers with Radar,14,148,156,0,318,0,2,37,0,39,14,150,193,0,357,0,0,0,357
08/22/2022,MRY,CA,AWP,WE,Towers with Radar,19,90,112,0,221,0,1,29,0,30,19,91,141,0,251,10,0,10,261
08/23/2022,MRY,CA,AWP,WE,Towers with Radar,13,23,33,0,69,0,0,13,0,13,13,23,46,0,82,0,0,0,82
08/24/2022,MRY,CA,AWP,WE,Towers with Radar,17,40,45,3,105,0,1,34,0,35,17,41,79,3,140,0,0,0,140
08/25/2022,MRY,CA,AWP,WE,Towers with Radar,17,28,57,2,104,0,0,25,0,25,17,28,82,2,129,0,0,0,129
08/26/2022,MRY,CA,AWP,WE,Towers with Radar,19,45,46,0,110,0,1,36,0,37,19,46,82,0,147,10,0,10,157
08/27/2022,MRY,CA,AWP,WE,Towers with Radar,15,18,23,0,56,0,0,45,0,45,15,18,68,0,101,12,0,12,113
08/28/2022,MRY,CA,AWP,WE,Towers with Radar,14,35,72,0,121,0,0,36,0,36,14,35,108,0,157,38,0,38,195
08/29/2022,MRY,CA,AWP,WE,Towers with Radar,19,29,49,0,97,0,1,26,6,33,19,30,75,6,130,36,6,42,172
08/30/2022,MRY,CA,AWP,WE,Towers with Radar,15,28,31,9,83,0,4,48,0,52,15,32,79,9,135,52,4,56,191
08/31/2022,MRY,CA,AWP,WE,Towers with Radar,16,30,44,19,109,0,1,42,0,43,16,31,86,19,152,4,10,14,166
09/01/2022,MRY,CA,AWP,WE,Towers with Radar,17,36,55,2,110,0,2,59,0,61,17,38,114,2,171,38,0,38,209
09/02/2022,MRY,CA,AWP,WE,Towers with Radar,18,31,31,0,80,0,2,60,0,62,18,33,91,0,142,0,0,0,142
09/03/2022,MRY,CA,AWP,WE,Towers with Radar,12,16,21,0,49,0,6,89,0,95,12,22,110,0,144,36,0,36,180
09/04/2022,MRY,CA,AWP,WE,Towers with Radar,11,27,27,0,65,0,0,95,0,95,11,27,122,0,160,30,0,30,190
09/05/2022,MRY,CA,AWP,WE,Towers with Radar,19,37,29,0,85,0,10,99,0,109,19,47,128,0,194,74,0,74,268
09/06/2022,MRY,CA,AWP,WE,Towers with Radar,18,35,35,9,97,0,6,45,5,56,18,41,80,14,153,36,14,50,203
09/07/2022,MRY,CA,AWP,WE,Towers with Radar,17,29,31,1,78,0,7,46,2,55,17,36,77,3,133,74,0,74,207
09/08/2022,MRY,CA,AWP,WE,Towers with Radar,17,33,40,0,90,0,5,57,0,62,17,38,97,0,152,16,0,16,168
09/09/2022,MRY,CA,AWP,WE,Towers with Radar,19,28,38,2,87,0,6,65,0,71,19,34,103,2,158,30,0,30,188
09/10/2022,MRY,CA,AWP,WE,Towers with Radar,16,31,31,0,78,0,1,27,7,35,16,32,58,7,113,0,26,26,139
09/11/2022,MRY,CA,AWP,WE,Towers with Radar,18,39,58,0,115,0,1,62,0,63,18,40,120,0,178,16,0,16,194
09/12/2022,MRY,CA,AWP,WE,Towers with Radar,19,38,35,2,94,0,4,43,0,47,19,42,78,2,141,40,34,74,215
09/13/2022,MRY,CA,AWP,WE,Towers with Radar,18,36,29,5,88,0,6,44,1,51,18,42,73,6,139,14,2,16,155
09/14/2022,MRY,CA,AWP,WE,Towers with Radar,16,21,52,0,89,0,5,51,0,56,16,26,103,0,145,24,0,24,169
09/15/2022,MRY,CA,AWP,WE,Towers with Radar,17,30,26,2,75,0,6,31,1,38,17,36,57,3,113,2,2,4,117
09/16/2022,MRY,CA,AWP,WE,Towers with Radar,19,24,38,2,83,0,3,62,0,65,19,27,100,2,148,6,0,6,154
09/17/2022,MRY,CA,AWP,WE,Towers with Radar,16,22,26,0,64,0,0,44,0,44,16,22,70,0,108,56,0,56,164
09/18/2022,MRY,CA,AWP,WE,Towers with Radar,17,42,44,0,103,0,0,7,0,7,17,42,51,0,110,0,0,0,110
09/19/2022,MRY,CA,AWP,WE,Towers with Radar,18,27,54,0,99,0,1,17,0,18,18,28,71,0,117,14,0,14,131
09/20/2022,MRY,CA,AWP,WE,Towers with Radar,16,40,40,1,97,0,9,29,3,41,16,49,69,4,138,4,0,4,142
09/21/2022,MRY,CA,AWP,WE,Towers with Radar,16,24,12,0,52,0,8,34,0,42,16,32,46,0,94,32,0,32,126
09/22/2022,MRY,CA,AWP,WE,Towers with Radar,17,32,22,3,74,0,7,73,0,80,17,39,95,3,154,26,0,26,180
09/23/2022,MRY,CA,AWP,WE,Towers with Radar,19,29,20,1,69,0,8,75,3,86,19,37,95,4,155,0,0,0,155
09/24/2022,MRY,CA,AWP,WE,Towers with Radar,16,17,25,5,63,0,6,69,0,75,16,23,94,5,138,12,4,16,154
09/25/2022,MRY,CA,AWP,WE,Towers with Radar,19,46,53,2,120,0,1,24,0,25,19,47,77,2,145,8,0,8,153
09/26/2022,MRY,CA,AWP,WE,Towers with Radar,19,30,29,0,78,0,0,14,1,15,19,30,43,1,93,0,0,0,93
09/27/2022,MRY,CA,AWP,WE,Towers with Radar,16,19,27,8,70,0,3,35,2,40,16,22,62,10,110,26,14,40,150
09/28/2022,MRY,CA,AWP,WE,Towers with Radar,16,39,27,1,83,0,4,59,2,65,16,43,86,3,148,24,2,26,174
09/29/2022,MRY,CA,AWP,WE,Towers with Radar,17,50,51,4,122,0,7,37,3,47,17,57,88,7,169,4,0,4,173
09/30/2022,MRY,CA,AWP,WE,Towers with Radar,19,51,43,0,113,0,3,47,0,50,19,54,90,0,163,52,0,52,215
10/01/2022,MRY,CA,AWP,WE,Towers with Radar,12,36,44,0,92,0,0,12,1,13,12,36,56,1,105,20,0,20,125
10/02/2022,MRY,CA,AWP,WE,Towers with Radar,13,50,64,0,127,0,4,49,6,59,13,54,113,6,186,16,0,16,202
10/03/2022,MRY,CA,AWP,WE,Towers with Radar,14,42,25,4,85,0,1,52,0,53,14,43,77,4,138,36,0,36,174
10/04/2022,MRY,CA,AWP,WE,Towers with Radar,12,39,44,2,97,0,0,23,0,23,12,39,67,2,120,6,0,6,126
10/05/2022,MRY,CA,AWP,WE,Towers with Radar,12,56,47,0,115,0,0,5,0,5,12,56,52,0,120,6,0,6,126
10/06/2022,MRY,CA,AWP,WE,Towers with Radar,13,42,37,1,93,0,3,33,0,36,13,45,70,1,129,80,0,80,209
10/07/2022,MRY,CA,AWP,WE,Towers with Radar,15,48,47,0,110,0,2,39,1,42,15,50,86,1,152,0,0,0,152
10/08/2022,MRY,CA,AWP,WE,Towers with Radar,15,34,52,0,101,0,0,14,0,14,15,34,66,0,115,0,0,0,115
10/09/2022,MRY,CA,AWP,WE,Towers with Radar,13,48,55,1,117,0,0,16,1,17,13,48,71,2,134,0,0,0,134
10/10/2022,MRY,CA,AWP,WE,Towers with Radar,15,46,46,1,108,0,0,8,1,9,15,46,54,2,117,0,0,0,117
10/11/2022,MRY,CA,AWP,WE,Towers with Radar,13,23,43,3,82,0,1,8,1,10,13,24,51,4,92,10,0,10,102
10/12/2022,MRY,CA,AWP,WE,Towers with Radar,13,52,45,3,113,0,2,22,3,27,13,54,67,6,140,42,0,42,182
10/13/2022,MRY,CA,AWP,WE,Towers with Radar,13,62,63,6,144,0,0,19,0,19,13,62,82,6,163,32,0,32,195
10/14/2022,MRY,CA,AWP,WE,Towers with Radar,15,57,60,0,132,0,0,10,0,10,15,57,70,0,142,0,0,0,142
10/15/2022,MRY,CA,AWP,WE,Towers with Radar,13,44,56,0,113,0,1,10,0,11,13,45,66,0,124,24,0,24,148
10/16/2022,MRY,CA,AWP,WE,Towers with Radar,13,65,98,4,180,0,4,42,0,46,13,69,140,4,226,10,0,10,236
10/17/2022,MRY,CA,AWP,WE,Towers with Radar,13,40,43,0,96,0,5,50,0,55,13,45,93,0,151,0,0,0,151
10/18/2022,MRY,CA,AWP,WE,Towers with Radar,12,33,27,4,76,0,5,50,7,62,12,38,77,11,138,14,0,14,152
10/19/2022,MRY,CA,AWP,WE,Towers with Radar,13,44,60,2,119,0,8,57,2,67,13,52,117,4,186,42,0,42,228
10/20/2022,MRY,CA,AWP,WE,Towers with Radar,12,55,27,0,94,0,4,45,2,51,12,59,72,2,145,0,0,0,145
10/21/2022,MRY,CA,AWP,WE,Towers with Radar,14,45,66,0,125,0,0,40,0,40,14,45,106,0,165,4,0,4,169
10/22/2022,MRY,CA,AWP,WE,Towers with Radar,13,27,18,1,59,0,0,23,0,23,13,27,41,1,82,0,0,0,82
10/23/2022,MRY,CA,AWP,WE,Towers with Radar,13,62,49,0,124,0,3,89,0,92,13,65,138,0,216,40,0,40,256
10/24/2022,MRY,CA,AWP,WE,Towers with Radar,13,40,30,2,85,0,1,55,1,57,13,41,85,3,142,6,0,6,148
10/25/2022,MRY,CA,AWP,WE,Towers with Radar,12,25,20,4,61,0,4,35,6,45,12,29,55,10,106,10,22,32,138
10/26/2022,MRY,CA,AWP,WE,Towers with Radar,12,32,38,12,94,0,4,45,2,51,12,36,83,14,145,16,8,24,169
10/27/2022,MRY,CA,AWP,WE,Towers with Radar,13,41,20,1,75,0,3,64,0,67,13,44,84,1,142,40,0,40,182
10/28/2022,MRY,CA,AWP,WE,Towers with Radar,14,38,44,3,99,0,5,67,1,73,14,43,111,4,172,34,0,34,206
10/29/2022,MRY,CA,AWP,WE,Towers with Radar,10,20,21,0,51,0,1,70,1,72,10,21,91,1,123,28,0,28,151
10/30/2022,MRY,CA,AWP,WE,Towers with Radar,21,44,47,0,112,0,3,30,0,33,21,47,77,0,145,8,0,8,153
10/31/2022,MRY,CA,AWP,WE,Towers with Radar,14,30,38,4,86,0,0,15,0,15,14,30,53,4,101,0,0,0,101
11/01/2022,MRY,CA,AWP,WE,Towers with Radar,16,22,34,2,74,0,1,12,0,13,16,23,46,2,87,18,0,18,105
11/02/2022,MRY,CA,AWP,WE,Towers with Radar,16,20,28,8,72,0,2,6,0,8,16,22,34,8,80,22,0,22,102
11/03/2022,MRY,CA,AWP,WE,Towers with Radar,17,38,22,6,83,0,6,60,0,66,17,44,82,6,149,22,4,26,175
11/04/2022,MRY,CA,AWP,WE,Towers with Radar,18,24,21,8,71,0,3,65,0,68,18,27,86,8,139,72,4,76,215
11/05/2022,MRY,CA,AWP,WE,Towers with Radar,15,24,28,0,67,0,0,46,0,46,15,24,74,0,113,48,0,48,161
11/06/2022,MRY,CA,AWP,WE,Towers with Radar,18,37,32,0,87,0,1,37,0,38,18,38,69,0,125,8,0,8,133
11/07/2022,MRY,CA,AWP,WE,Towers with Radar,18,24,34,4,80,0,0,21,1,22,18,24,55,5,102,18,14,32,134
11/08/2022,MRY,CA,AWP,WE,Towers with Radar,16,18,16,0,50,0,0,4,0,4,16,18,20,0,54,32,0,32,86
11/09/2022,MRY,CA,AWP,WE,Towers with Radar,16,29,33,4,82,0,4,30,0,34,16,33,63,4,116,2,0,2,118
11/10/2022,MRY,CA,AWP,WE,Towers with Radar,16,22,34,4,76,0,3,58,0,61,16,25,92,4,137,18,0,18,155
11/11/2022,MRY,CA,AWP,WE,Towers with Radar,18,22,32,0,72,0,8,80,0,88,18,30,112,0,160,30,0,30,190
11/12/2022,MRY,CA,AWP,WE,Towers with Radar,16,13,27,4,60,0,3,65,2,70,16,16,92,6,130,34,4,38,168
11/13/2022,MRY,CA,AWP,WE,Towers with Radar,16,24,29,0,69,0,0,85,0,85,16,24,114,0,154,42,0,42,196
11/14/2022,MRY,CA,AWP,WE,Towers with Radar,20,26,43,0,89,0,1,48,0,49,20,27,91,0,138,22,46,68,206
11/15/2022,MRY,CA,AWP,WE,Towers with Radar,16,31,27,4,78,0,3,50,0,53,16,34,77,4,131,60,4,64,195
11/16/2022,MRY,CA,AWP,WE,Towers with Radar,18,19,27,14,78,0,5,66,0,71,18,24,93,14,149,40,10,50,199
11/17/2022,MRY,CA,AWP,WE,Towers with Radar,16,21,35,1,73,0,5,59,3,67,16,26,94,4,140,22,0,22,162
11/18/2022,MRY,CA,AWP,WE,Towers with Radar,18,28,43,2,91,0,2,57,0,59,18,30,100,2,150,38,0,38,188
11/19/2022,MRY,CA,AWP,WE,Towers with Radar,18,34,29,0,81,0,2,90,0,92,18,36,119,0,173,24,0,24,197
11/20/2022,MRY,CA,AWP,WE,Towers with Radar,18,33,50,0,101,0,2,85,2,89,18,35,135,2,190,54,0,54,244
11/21/2022,MRY,CA,AWP,WE,Towers with Radar,18,24,29,2,73,0,1,54,2,57,18,25,83,4,130,30,4,34,164
11/22/2022,MRY,CA,AWP,WE,Towers with Radar,20,32,22,2,76,0,2,39,0,41,20,34,61,2,117,48,0,48,165
11/23/2022,MRY,CA,AWP,WE,Towers with Radar,17,15,43,0,75,0,3,66,0,69,17,18,109,0,144,90,0,90,234
11/24/2022,MRY,CA,AWP,WE,Towers with Radar,11,8,6,0,25,0,0,19,0,19,11,8,25,0,44,6,0,6,50
11/25/2022,MRY,CA,AWP,WE,Towers with Radar,17,16,25,0,58,0,4,76,0,80,17,20,101,0,138,44,0,44,182
11/26/2022,MRY,CA,AWP,WE,Towers with Radar,18,18,24,0,60,0,1,85,0,86,18,19,109,0,146,22,0,22,168
11/27/2022,MRY,CA,AWP,WE,Towers with Radar,18,19,44,0,81,0,0,58,0,58,18,19,102,0,139,42,0,42,181
11/28/2022,MRY,CA,AWP,WE,Towers with Radar,16,23,30,0,69,0,1,17,6,24,16,24,47,6,93,4,34,38,131
11/29/2022,MRY,CA,AWP,WE,Towers with Radar,14,21,30,10,75,0,4,43,0,47,14,25,73,10,122,42,8,50,172
11/30/2022,MRY,CA,AWP,WE,Towers with Radar,14,14,25,2,55,0,2,50,0,52,14,16,75,2,107,6,0,6,113
12/01/2022,MRY,CA,AWP,WE,Towers with Radar,14,14,24,0,52,0,0,0,0,0,14,14,24,0,52,0,0,0,52
12/02/2022,MRY,CA,AWP,WE,Towers with Radar,18,23,24,2,67,0,6,35,2,43,18,29,59,4,110,56,0,56,166
12/03/2022,MRY,CA,AWP,WE,Towers with Radar,12,18,21,0,51,0,0,0,0,0,12,18,21,0,51,0,0,0,51
12/04/2022,MRY,CA,AWP,WE,Towers with Radar,14,13,38,4,69,0,1,35,0,36,14,14,73,4,105,24,0,24,129
12/05/2022,MRY,CA,AWP,WE,Towers with Radar,15,21,27,2,65,0,1,9,0,10,15,22,36,2,75,18,0,18,93
12/06/2022,MRY,CA,AWP,WE,Towers with Radar,9,15,23,2,49,0,2,24,0,26,9,17,47,2,75,0,0,0,75
12/07/2022,MRY,CA,AWP,WE,Towers with Radar,12,20,21,2,55,0,5,60,0,65,12,25,81,2,120,56,0,56,176
12/08/2022,MRY,CA,AWP,WE,Towers with Radar,14,22,24,0,60,0,1,16,2,19,14,23,40,2,79,22,0,22,101
12/09/2022,MRY,CA,AWP,WE,Towers with Radar,16,30,53,8,107,0,0,7,2,9,16,30,60,10,116,4,4,8,124
12/10/2022,MRY,CA,AWP,WE,Towers with Radar,12,12,12,0,36,0,0,0,0,0,12,12,12,0,36,0,0,0,36
12/11/2022,MRY,CA,AWP,WE,Towers with Radar,13,23,33,0,69,1,0,6,1,8,14,23,39,1,77,34,0,34,111
12/12/2022,MRY,CA,AWP,WE,Towers with Radar,16,10,32,8,66,0,3,30,14,47,16,13,62,22,113,40,54,94,207
12/13/2022,MRY,CA,AWP,WE,Towers with Radar,10,10,27,2,49,0,8,41,2,51,10,18,68,4,100,42,8,50,150
12/14/2022,MRY,CA,AWP,WE,Towers with Radar,12,17,13,2,44,0,3,50,1,54,12,20,63,3,98,34,0,34,132
12/15/2022,MRY,CA,AWP,WE,Towers with Radar,14,12,21,1,48,0,2,41,0,43,14,14,62,1,91,20,0,20,111
12/16/2022,MRY,CA,AWP,WE,Towers with Radar,14,15,38,1,68,0,2,52,0,54,14,17,90,1,122,16,0,16,138
12/17/2022,MRY,CA,AWP,WE,Towers with Radar,16,16,29,0,61,0,4,54,0,58,16,20,83,0,119,10,0,10,129
12/18/2022,MRY,CA,AWP,WE,Towers with Radar,10,12,21,0,43,0,2,60,0,62,10,14,81,0,105,42,18,60,165
12/19/2022,MRY,CA,AWP,WE,Towers with Radar,12,16,31,8,67,0,2,29,6,37,12,18,60,14,104,10,32,42,146
12/20/2022,MRY,CA,AWP,WE,Towers with Radar,14,23,21,0,58,0,6,51,0,57,14,29,72,0,115,90,0,90,205
12/21/2022,MRY,CA,AWP,WE,Towers with Radar,14,25,26,2,67,0,3,39,1,43,14,28,65,3,110,60,0,60,170
12/22/2022,MRY,CA,AWP,WE,Towers with Radar,14,25,21,6,66,0,6,44,0,50,14,31,65,6,116,42,4,46,162
12/23/2022,MRY,CA,AWP,WE,Towers with Radar,14,17,24,0,55,0,2,47,0,49,14,19,71,0,104,36,0,36,140
12/24/2022,MRY,CA,AWP,WE,Towers with Radar,8,7,14,0,29,0,2,47,0,49,8,9,61,0,78,16,0,16,94
12/25/2022,MRY,CA,AWP,WE,Towers with Radar,12,7,7,0,26,0,0,19,0,19,12,7,26,0,45,0,0,0,45
12/26/2022,MRY,CA,AWP,WE,Towers with Radar,14,24,47,0,85,0,0,32,0,32,14,24,79,0,117,24,0,24,141
12/27/2022,MRY,CA,AWP,WE,Towers with Radar,16,19,31,0,66,0,0,2,0,2,16,19,33,0,68,0,0,0,68
12/28/2022,MRY,CA,AWP,WE,Towers with Radar,14,23,29,0,66,0,1,55,2,58,14,24,84,2,124,6,0,6,130
12/29/2022,MRY,CA,AWP,WE,Towers with Radar,13,27,30,12,82,0,0,0,0,0,13,27,30,12,82,0,8,8,90
12/30/2022,MRY,CA,AWP,WE,Towers with Radar,17,24,27,0,68,0,0,0,0,0,17,24,27,0,68,0,0,0,68
12/31/2022,MRY,CA,AWP,WE,Towers with Radar,11,16,9,0,36,0,0,0,0,0,11,16,9,0,36,0,0,0,36
01/01/2023,MRY,CA,AWP,WE,Towers with Radar,14,19,23,1,57,0,2,58,0,60,14,21,81,1,117,40,0,40,157
01/02/2023,MRY,CA,AWP,WE,Towers with Radar,14,16,33,0,63,0,2,5,0,7,14,18,38,0,70,0,0,0,70
01/03/2023,MRY,CA,AWP,WE,Towers with Radar,16,28,15,2,61,0,0,21,0,21,16,28,36,2,82,52,0,52,134
01/04/2023,MRY,CA,AWP,WE,Towers with Radar,10,23,6,0,39,0,0,0,0,0,10,23,6,0,39,0,0,0,39
01/05/2023,MRY,CA,AWP,WE,Towers with Radar,13,27,17,2,59,0,0,0,0,0,13,27,17,2,59,0,0,0,59
01/06/2023,MRY,CA,AWP,WE,Towers with Radar,14,28,25,0,67,0,6,51,1,58,14,34,76,1,125,48,0,48,173
01/07/2023,MRY,CA,AWP,WE,Towers with Radar,12,26,11,0,49,0,2,4,0,6,12,28,15,0,55,0,0,0,55
01/08/2023,MRY,CA,AWP,WE,Towers with Radar,14,13,24,12,63,0,0,20,1,21,14,13,44,13,84,40,16,56,140
01/09/2023,MRY,CA,AWP,WE,Towers with Radar,13,19,13,0,45,0,0,0,0,0,13,19,13,0,45,0,0,0,45
01/10/2023,MRY,CA,AWP,WE,Towers with Radar,7,16,15,2,40,0,1,4,3,8,7,17,19,5,48,20,32,52,100
01/11/2023,MRY,CA,AWP,WE,Towers with Radar,11,21,17,0,49,0,1,1,0,2,11,22,18,0,51,0,0,0,51
01/12/2023,MRY,CA,AWP,WE,Towers with Radar,15,17,22,3,57,0,2,52,1,55,15,19,74,4,112,14,0,14,126
01/13/2023,MRY,CA,AWP,WE,Towers with Radar,15,21,23,0,59,0,0,6,0,6,15,21,29,0,65,4,0,4,69
01/14/2023,MRY,CA,AWP,WE,Towers with Radar,8,17,15,0,40,0,0,0,0,0,8,17,15,0,40,0,0,0,40
01/15/2023,MRY,CA,AWP,WE,Towers with Radar,12,13,7,0,32,0,0,2,4,6,12,13,9,4,38,34,0,34,72
01/16/2023,MRY,CA,AWP,WE,Towers with Radar,14,29,21,2,66,0,0,4,4,8,14,29,25,6,74,2,8,10,84
01/17/2023,MRY,CA,AWP,WE,Towers with Radar,9,22,16,4,51,0,4,51,7,62,9,26,67,11,113,30,16,46,159
01/18/2023,MRY,CA,AWP,WE,Towers with Radar,9,17,18,1,45,0,2,29,2,33,9,19,47,3,78,30,0,30,108
01/19/2023,MRY,CA,AWP,WE,Towers with Radar,13,23,37,2,75,0,4,15,0,19,13,27,52,2,94,0,0,0,94
01/20/2023,MRY,CA,AWP,WE,Towers with Radar,15,28,25,2,70,0,2,75,0,77,15,30,100,2,147,0,0,0,147
01/21/2023,MRY,CA,AWP,WE,Towers with Radar,11,22,26,0,59,0,1,77,0,78,11,23,103,0,137,2,0,2,139
01/22/2023,MRY,CA,AWP,WE,Towers with Radar,15,29,16,0,60,0,0,51,2,53,15,29,67,2,113,30,0,30,143
01/23/2023,MRY,CA,AWP,WE,Towers with Radar,14,20,16,8,58,0,2,44,0,46,14,22,60,8,104,8,0,8,112
01/24/2023,MRY,CA,AWP,WE,Towers with Radar,9,16,12,0,37,0,2,60,3,65,9,18,72,3,102,0,0,0,102
01/25/2023,MRY,CA,AWP,WE,Towers with Radar,9,18,10,2,39,0,2,59,2,63,9,20,69,4,102,34,0,34,136
01/26/2023,MRY,CA,AWP,WE,Towers with Radar,13,19,32,3,67,0,2,55,2,59,13,21,87,5,126,6,0,6,132
01/27/2023,MRY,CA,AWP,WE,Towers with Radar,17,22,34,2,75,0,2,61,0,63,17,24,95,2,138,28,0,28,166
01/28/2023,MRY,CA,AWP,WE,Towers with Radar,11,19,37,0,67,0,3,57,2,62,11,22,94,2,129,14,0,14,143
01/29/2023,MRY,CA,AWP,WE,Towers with Radar,15,40,37,0,92,0,0,9,4,13,15,40,46,4,105,24,0,24,129
01/30/2023,MRY,CA,AWP,WE,Towers with Radar,13,52,50,3,118,0,1,58,7,66,13,53,108,10,184,40,58,98,282
01/31/2023,MRY,CA,AWP,WE,Towers with Radar,7,33,33,10,83,0,2,51,1,54,7,35,84,11,137,32,14,46,183
02/01/2023,MRY,CA,AWP,WE,Towers with Radar,7,33,46,8,94,0,2,46,0,48,7,35,92,8,142,26,8,34,176
02/02/2023,MRY,CA,AWP,WE,Towers with Radar,14,38,51,2,105,0,4,60,1,65,14,42,111,3,170,22,0,22,192
02/03/2023,MRY,CA,AWP,WE,Towers with Radar,14,33,60,0,107,0,1,12,2,15,14,34,72,2,122,0,0,0,122
02/04/2023,MRY,CA,AWP,WE,Towers with Radar,9,42,44,0,95,0,1,13,0,14,9,43,57,0,109,0,0,0,109
02/05/2023,MRY,CA,AWP,WE,Towers with Radar,14,68,74,2,158,0,0,9,0,9,14,68,83,2,167,0,0,0,167
02/06/2023,MRY,CA,AWP,WE,Towers with Radar,13,47,43,0,103,0,3,35,6,44,13,50,78,6,147,42,14,56,203
02/07/2023,MRY,CA,AWP,WE,Towers with Radar,8,20,20,6,54,0,2,40,2,44,8,22,60,8,98,68,8,76,174
02/08/2023,MRY,CA,AWP,WE,Towers with Radar,8,20,24,0,52,0,2,43,0,45,8,22,67,0,97,24,0,24,121
02/09/2023,MRY,CA,AWP,WE,Towers with Radar,11,29,28,2,70,0,2,60,6,68,11,31,88,8,138,26,8,34,172
02/10/2023,MRY,CA,AWP,WE,Towers with Radar,17,29,32,4,82,0,2,30,0,32,17,31,62,4,114,14,2,16,130
02/11/2023,MRY,CA,AWP,WE,Towers with Radar,9,24,16,0,49,0,1,10,0,11,9,25,26,0,60,30,0,30,90
02/12/2023,MRY,CA,AWP,WE,Towers with Radar,14,24,13,0,51,0,0,92,0,92,14,24,105,0,143,52,0,52,195
02/13/2023,MRY,CA,AWP,WE,Towers with Radar,14,28,52,3,97,0,2,11,1,14,14,30,63,4,111,0,0,0,111
02/14/2023,MRY,CA,AWP,WE,Towers with Radar,12,18,12,2,44,0,2,16,0,18,12,20,28,2,62,0,0,0,62
02/15/2023,MRY,CA,AWP,WE,Towers with Radar,10,23,20,1,54,0,6,71,1,78,10,29,91,2,132,12,0,12,144
02/16/2023,MRY,CA,AWP,WE,Towers with Radar,13,28,25,4,70,0,5,43,1,49,13,33,68,5,119,36,20,56,175
02/17/2023,MRY,CA,AWP,WE,Towers with Radar,12,23,35,0,70,0,2,69,0,71,12,25,104,0,141,48,0,48,189
02/18/2023,MRY,CA,AWP,WE,Towers with Radar,15,23,25,0,63,0,1,86,1,88,15,24,111,1,151,8,0,8,159
02/19/2023,MRY,CA,AWP,WE,Towers with Radar,13,24,26,0,63,0,2,88,0,90,13,26,114,0,153,16,0,16,169
02/20/2023,MRY,CA,AWP,WE,Towers with Radar,14,34,45,0,93,0,2,69,0,71,14,36,114,0,164,66,0,66,230
02/21/2023,MRY,CA,AWP,WE,Towers with Radar,13,16,27,6,62,0,0,8,4,12,13,16,35,10,74,0,6,6,80
02/22/2023,MRY,CA,AWP,WE,Towers with Radar,13,16,23,0,52,0,2,8,0,10,13,18,31,0,62,0,0,0,62
02/23/2023,MRY,CA,AWP,WE,Towers with Radar,11,22,24,20,77,0,3,9,0,12,11,25,33,20,89,6,16,22,111
02/24/2023,MRY,CA,AWP,WE,Towers with Radar,11,15,15,0,41,0,1,4,0,5,11,16,19,0,46,10,0,10,56
02/25/2023,MRY,CA,AWP,WE,Towers with Radar,11,12,24,0,47,0,1,38,0,39,11,13,62,0,86,10,0,10,96
02/26/2023,MRY,CA,AWP,WE,Towers with Radar,10,19,17,2,48,0,0,4,0,4,10,19,21,2,52,14,0,14,66
02/27/2023,MRY,CA,AWP,WE,Towers with Radar,16,20,17,0,53,0,1,2,0,3,16,21,19,0,56,0,0,0,56
02/28/2023,MRY,CA,AWP,WE,Towers with Radar,13,25,24,4,66,0,0,0,0,0,13,25,24,4,66,0,4,4,70
03/01/2023,MRY,CA,AWP,WE,Towers with Radar,15,25,29,4,73,0,4,33,1,38,15,29,62,5,111,22,0,22,133
03/02/2023,MRY,CA,AWP,WE,Towers with Radar,13,17,26,0,56,0,4,80,0,84,13,21,106,0,140,58,0,58,198
03/03/2023,MRY,CA,AWP,WE,Towers with Radar,15,31,46,1,93,0,2,43,0,45,15,33,89,1,138,40,0,40,178
03/04/2023,MRY,CA,AWP,WE,Towers with Radar,12,24,14,0,50,0,1,3,0,4,12,25,17,0,54,0,0,0,54
03/05/2023,MRY,CA,AWP,WE,Towers with Radar,13,22,35,0,70,0,2,16,0,18,13,24,51,0,88,46,0,46,134
03/06/2023,MRY,CA,AWP,WE,Towers with Radar,14,21,28,2,65,0,1,15,0,16,14,22,43,2,81,18,4,22,103
03/07/2023,MRY,CA,AWP,WE,Towers with Radar,11,16,25,0,52,0,2,34,0,36,11,18,59,0,88,60,0,60,148
03/08/2023,MRY,CA,AWP,WE,Towers with Radar,9,27,12,4,52,0,1,17,0,18,9,28,29,4,70,30,0,30,100
03/09/2023,MRY,CA,AWP,WE,Towers with Radar,13,26,31,6,76,0,2,5,0,7,13,28,36,6,83,14,0,14,97
03/10/2023,MRY,CA,AWP,WE,Towers with Radar,18,24,19,0,61,0,0,1,0,1,18,24,20,0,62,0,0,0,62
03/11/2023,MRY,CA,AWP,WE,Towers with Radar,11,23,24,0,58,0,0,3,0,3,11,23,27,0,61,4,0,4,65
03/12/2023,MRY,CA,AWP,WE,Towers with Radar,14,28,27,0,69,0,0,13,0,13,14,28,40,0,82,40,0,40,122
03/13/2023,MRY,CA,AWP,WE,Towers with Radar,13,27,29,0,69,0,0,28,2,30,13,27,57,2,99,60,0,60,159
03/14/2023,MRY,CA,AWP,WE,Towers with Radar,13,15,12,0,40,0,1,0,0,1,13,16,12,0,41,0,0,0,41
03/15/2023,MRY,CA,AWP,WE,Towers with Radar,11,25,28,4,68,0,4,44,1,49,11,29,72,5,117,34,0,34,151
03/16/2023,MRY,CA,AWP,WE,Towers with Radar,13,17,49,1,80,0,1,41,1,43,13,18,90,2,123,34,2,36,159
03/17/2023,MRY,CA,AWP,WE,Towers with Radar,15,25,24,0,64,0,1,36,3,40,15,26,60,3,104,6,4,10,114
03/18/2023,MRY,CA,AWP,WE,Towers with Radar,13,18,16,0,47,0,2,79,0,81,13,20,95,0,128,36,0,36,164
03/19/2023,MRY,CA,AWP,WE,Towers with Radar,13,28,27,0,68,0,0,4,0,4,13,28,31,0,72,16,0,16,88
03/20/2023,MRY,CA,AWP,WE,Towers with Radar,13,15,44,0,72,0,1,15,2,18,13,16,59,2,90,8,0,8,98
03/21/2023,MRY,CA,AWP,WE,Towers with Radar,13,8,16,0,37,0,1,0,0,1,13,9,16,0,38,0,0,0,38
03/22/2023,MRY,CA,AWP,WE,Towers with Radar,13,24,22,2,61,0,1,4,0,5,13,25,26,2,66,6,0,6,72
03/23/2023,MRY,CA,AWP,WE,Towers with Radar,13,27,26,0,66,0,2,20,0,22,13,29,46,0,88,78,0,78,166
03/24/2023,MRY,CA,AWP,WE,Towers with Radar,9,23,30,0,62,0,2,51,0,53,9,25,81,0,115,22,0,22,137
03/25/2023,MRY,CA,AWP,WE,Towers with Radar,15,13,17,0,45,0,5,69,1,75,15,18,86,1,120,12,0,12,132
03/26/2023,MRY,CA,AWP,WE,Towers with Radar,13,30,31,0,74,0,1,89,0,90,13,31,120,0,164,30,0,30,194
03/27/2023,MRY,CA,AWP,WE,Towers with Radar,13,21,26,0,60,0,1,55,0,56,13,22,81,0,116,16,0,16,132
03/28/2023,MRY,CA,AWP,WE,Towers with Radar,12,20,19,0,51,0,1,1,0,2,12,21,20,0,53,0,0,0,53
03/29/2023,MRY,CA,AWP,WE,Towers with Radar,11,20,12,7,50,0,1,4,0,5,11,21,16,7,55,0,0,0,55
03/30/2023,MRY,CA,AWP,WE,Towers with Radar,14,28,29,4,75,0,6,40,2,48,14,34,69,6,123,42,0,42,165
03/31/2023,MRY,CA,AWP,WE,Towers with Radar,17,21,33,13,84,0,7,73,2,82,17,28,106,15,166,22,14,36,202
04/01/2023,MRY,CA,AWP,WE,Towers with Radar,11,19,22,2,54,0,1,90,0,91,11,20,112,2,145,24,0,24,169
04/02/2023,MRY,CA,AWP,WE,Towers with Radar,13,16,37,0,66,0,0,33,0,33,13,16,70,0,99,12,0,12,111
04/03/2023,MRY,CA,AWP,WE,Towers with Radar,11,20,19,2,52,0,1,14,0,15,11,21,33,2,67,0,0,0,67
04/04/2023,MRY,CA,AWP,WE,Towers with Radar,12,25,20,8,65,0,4,44,6,54,12,29,64,14,119,36,16,52,171
04/05/2023,MRY,CA,AWP,WE,Towers with Radar,9,31,19,0,59,0,3,49,0,52,9,34,68,0,111,66,4,70,181
04/06/2023,MRY,CA,AWP,WE,Towers with Radar,14,19,28,0,61,0,5,57,0,62,14,24,85,0,123,0,0,0,123
04/07/2023,MRY,CA,AWP,WE,Towers with Radar,14,34,45,0,93,0,0,13,0,13,14,34,58,0,106,0,0,0,106
04/08/2023,MRY,CA,AWP,WE,Towers with Radar,14,22,20,0,56,0,0,40,0,40,14,22,60,0,96,36,0,36,132
04/09/2023,MRY,CA,AWP,WE,Towers with Radar,14,24,11,0,49,0,0,71,0,71,14,24,82,0,120,58,0,58,178
04/10/2023,MRY,CA,AWP,WE,Towers with Radar,14,25,38,0,77,0,3,38,4,45,14,28,76,4,122,20,0,20,142
04/11/2023,MRY,CA,AWP,WE,Towers with Radar,12,32,30,2,76,0,2,13,0,15,12,34,43,2,91,60,0,60,151
04/12/2023,MRY,CA,AWP,WE,Towers with Radar,10,34,41,0,85,0,3,29,2,34,10,37,70,2,119,10,0,10,129
04/13/2023,MRY,CA,AWP,WE,Towers with Radar,13,30,33,6,82,0,4,77,0,81,13,34,110,6,163,28,4,32,195
04/14/2023,MRY,CA,AWP,WE,Towers with Radar,13,44,44,6,107,0,3,81,0,84,13,47,125,6,191,10,4,14,205
04/15/2023,MRY,CA,AWP,WE,Towers with Radar,14,23,32,0,69,0,1,62,0,63,14,24,94,0,132,0,0,0,132
04/16/2023,MRY,CA,AWP,WE,Towers with Radar,14,17,42,0,73,0,1,83,0,84,14,18,125,0,157,20,0,20,177
04/17/2023,MRY,CA,AWP,WE,Towers with Radar,13,27,44,0,84,0,1,29,0,30,13,28,73,0,114,58,4,62,176
04/18/2023,MRY,CA,AWP,WE,Towers with Radar,10,23,28,3,64,0,3,29,4,36,10,26,57,7,100,56,4,60,160
04/19/2023,MRY,CA,AWP,WE,Towers with Radar,9,28,32,2,71,0,2,45,0,47,9,30,77,2,118,52,0,52,170
04/20/2023,MRY,CA,AWP,WE,Towers with Radar,15,32,33,4,84,0,3,43,2,48,15,35,76,6,132,50,4,54,186
04/21/2023,MRY,CA,AWP,WE,Towers with Radar,14,34,23,4,75,0,4,70,0,74,14,38,93,4,149,24,0,24,173
04/22/2023,MRY,CA,AWP,WE,Towers with Radar,14,11,18,0,43,0,1,47,0,48,14,12,65,0,91,68,0,68,159
04/23/2023,MRY,CA,AWP,WE,Towers with Radar,13,38,78,0,129,0,0,4,0,4,13,38,82,0,133,0,0,0,133
04/24/2023,MRY,CA,AWP,WE,Towers with Radar,13,24,27,2,66,0,1,31,2,34,13,25,58,4,100,0,0,0,100
04/25/2023,MRY,CA,AWP,WE,Towers with Radar,12,37,32,4,85,0,3,34,4,41,12,40,66,8,126,56,8,64,190
04/26/2023,MRY,CA,AWP,WE,Towers with Radar,9,31,39,4,83,0,4,39,0,43,9,35,78,4,126,44,6,50,176
04/27/2023,MRY,CA,AWP,WE,Towers with Radar,13,44,34,0,91,0,4,54,0,58,13,48,88,0,149,42,0,42,191
04/28/2023,MRY,CA,AWP,WE,Towers with Radar,14,31,41,3,89,0,2,44,0,46,14,33,85,3,135,76,0,76,211
04/29/2023,MRY,CA,AWP,WE,Towers with Radar,13,24,28,0,65,0,3,20,0,23,13,27,48,0,88,6,0,6,94
04/30/2023,MRY,CA,AWP,WE,Towers with Radar,16,48,42,0,106,0,3,7,0,10,16,51,49,0,116,0,0,0,116
05/01/2023,MRY,CA,AWP,WE,Towers with Radar,16,35,37,0,88,0,0,5,6,11,16,35,42,6,99,26,30,56,155
05/02/2023,MRY,CA,AWP,WE,Towers with Radar,10,16,21,1,48,0,2,9,0,11,10,18,30,1,59,0,0,0,59
05/03/2023,MRY,CA,AWP,WE,Towers with Radar,12,39,47,4,102,0,1,8,0,9,12,40,55,4,111,18,4,22,133
05/04/2023,MRY,CA,AWP,WE,Towers with Radar,14,35,37,8,94,0,2,31,0,33,14,37,68,8,127,50,8,58,185
05/05/2023,MRY,CA,AWP,WE,Towers with Radar,14,39,37,0,90,0,1,33,0,34,14,40,70,0,124,38,0,38,162
05/06/2023,MRY,CA,AWP,WE,Towers with Radar,18,18,26,0,62,0,0,17,0,17,18,18,43,0,79,0,0,0,79
05/07/2023,MRY,CA,AWP,WE,Towers with Radar,18,34,55,0,107,0,2,58,0,60,18,36,113,0,167,26,6,32,199
05/08/2023,MRY,CA,AWP,WE,Towers with Radar,19,30,29,0,78,0,1,30,0,31,19,31,59,0,109,56,0,56,165
05/09/2023,MRY,CA,AWP,WE,Towers with Radar,12,19,27,0,58,0,2,38,0,40,12,21,65,0,98,78,0,78,176
05/10/2023,MRY,CA,AWP,WE,Towers with Radar,14,23,58,2,97,0,0,31,2,33,14,23,89,4,130,20,0,20,150
05/11/2023,MRY,CA,AWP,WE,Towers with Radar,19,42,52,0,113,0,2,32,0,34,19,44,84,0,147,36,0,36,183
05/12/2023,MRY,CA,AWP,WE,Towers with Radar,18,39,47,0,104,0,1,35,2,38,18,40,82,2,142,0,0,0,142
05/13/2023,MRY,CA,AWP,WE,Towers with Radar,23,32,23,0,78,0,4,66,0,70,23,36,89,0,148,42,0,42,190
05/14/2023,MRY,CA,AWP,WE,Towers with Radar,14,33,38,0,85,0,2,65,0,67,14,35,103,0,152,0,0,0,152
05/15/2023,MRY,CA,AWP,WE,Towers with Radar,19,30,49,0,98,0,3,18,0,21,19,33,67,0,119,58,0,58,177
05/16/2023,MRY,CA,AWP,WE,Towers with Radar,15,14,25,4,58,0,2,42,0,44,15,16,67,4,102,46,0,46,148
05/17/2023,MRY,CA,AWP,WE,Towers with Radar,16,23,32,0,71,0,2,26,0,28,16,25,58,0,99,0,0,0,99
05/18/2023,MRY,CA,AWP,WE,Towers with Radar,18,39,45,5,107,0,2,25,0,27,18,41,70,5,134,22,4,26,160
05/19/2023,MRY,CA,AWP,WE,Towers with Radar,22,26,44,0,92,0,2,36,1,39,22,28,80,1,131,0,0,0,131
05/20/2023,MRY,CA,AWP,WE,Towers with Radar,18,17,51,0,86,0,0,27,0,27,18,17,78,0,113,20,0,20,133
05/21/2023,MRY,CA,AWP,WE,Towers with Radar,20,29,41,0,90,0,0,4,0,4,20,29,45,0,94,0,0,0,94
05/22/2023,MRY,CA,AWP,WE,Towers with Radar,20,32,36,0,88,0,0,11,0,11,20,32,47,0,99,0,0,0,99
05/23/2023,MRY,CA,AWP,WE,Towers with Radar,14,28,39,0,81,0,3,12,0,15,14,31,51,0,96,0,0,0,96
05/24/2023,MRY,CA,AWP,WE,Towers with Radar,18,33,47,0,98,0,0,22,1,23,18,33,69,1,121,80,0,80,201
05/25/2023,MRY,CA,AWP,WE,Towers with Radar,18,39,52,0,109,0,0,14,0,14,18,39,66,0,123,20,0,20,143
05/26/2023,MRY,CA,AWP,WE,Towers with Radar,20,30,63,0,113,0,2,35,0,37,20,32,98,0,150,118,0,118,268
05/27/2023,MRY,CA,AWP,WE,Towers with Radar,16,12,51,0,79,0,0,27,0,27,16,12,78,0,106,0,0,0,106
05/28/2023,MRY,CA,AWP,WE,Towers with Radar,22,21,53,0,96,0,0,5,0,5,22,21,58,0,101,0,0,0,101
05/29/2023,MRY,CA,AWP,WE,Towers with Radar,20,30,61,0,111,0,1,18,0,19,20,31,79,0,130,72,0,72,202
05/30/2023,MRY,CA,AWP,WE,Towers with Radar,14,13,32,2,61,0,2,26,3,31,14,15,58,5,92,152,4,156,248
05/31/2023,MRY,CA,AWP,WE,Towers with Radar,16,33,42,4,95,0,0,8,2,10,16,33,50,6,105,102,0,102,207
06/01/2023,MRY,CA,AWP,WE,Towers with Radar,20,42,66,8,136,0,0,7,0,7,20,42,73,8,143,146,8,154,297
06/02/2023,MRY,CA,AWP,WE,Towers with Radar,23,24,50,4,101,0,3,30,0,33,23,27,80,4,134,0,4,4,138
06/03/2023,MRY,CA,AWP,WE,Towers with Radar,19,26,32,0,77,0,3,32,0,35,19,29,64,0,112,0,0,0,112
06/04/2023,MRY,CA,AWP,WE,Towers with Radar,20,43,58,0,121,0,0,14,0,14,20,43,72,0,135,0,0,0,135
06/05/2023,MRY,CA,AWP,WE,Towers with Radar,22,23,37,0,82,0,0,3,0,3,22,23,40,0,85,0,0,0,85
06/06/2023,MRY,CA,AWP,WE,Towers with Radar,18,31,42,0,91,0,0,3,0,3,18,31,45,0,94,40,0,40,134
06/07/2023,MRY,CA,AWP,WE,Towers with Radar,18,30,40,1,89,0,1,23,1,25,18,31,63,2,114,42,0,42,156
06/08/2023,MRY,CA,AWP,WE,Towers with Radar,20,26,36,0,82,0,7,64,2,73,20,33,100,2,155,6,0,6,161
06/09/2023,MRY,CA,AWP,WE,Towers with Radar,22,24,41,0,87,0,1,23,0,24,22,25,64,0,111,8,0,8,119
06/10/2023,MRY,CA,AWP,WE,Towers with Radar,22,22,32,0,76,0,0,3,0,3,22,22,35,0,79,0,0,0,79
06/11/2023,MRY,CA,AWP,WE,Towers with Radar,20,28,63,0,111,0,0,13,2,15,20,28,76,2,126,0,0,0,126
06/12/2023,MRY,CA,AWP,WE,Towers with Radar,22,22,41,4,89,0,3,18,0,21,22,25,59,4,110,50,0,50,160
06/13/2023,MRY,CA,AWP,WE,Towers with Radar,16,44,38,2,100,0,0,13,0,13,16,44,51,2,113,0,0,0,113
06/14/2023,MRY,CA,AWP,WE,Towers with Radar,21,25,49,0,95,0,0,11,0,11,21,25,60,0,106,0,0,0,106
06/15/2023,MRY,CA,AWP,WE,Towers with Radar,19,30,69,0,118,0,0,11,0,11,19,30,80,0,129,0,0,0,129
06/16/2023,MRY,CA,AWP,WE,Towers with Radar,22,21,56,0,99,0,2,33,0,35,22,23,89,0,134,22,0,22,156
06/17/2023,MRY,CA,AWP,WE,Towers with Radar,20,20,39,0,79,0,0,26,0,26,20,20,65,0,105,2,0,2,107
06/18/2023,MRY,CA,AWP,WE,Towers with Radar,20,25,24,0,69,0,4,57,0,61,20,29,81,0,130,22,0,22,152
06/19/2023,MRY,CA,AWP,WE,Towers with Radar,22,28,29,0,79,0,0,49,0,49,22,28,78,0,128,60,0,60,188
06/20/2023,MRY,CA,AWP,WE,Towers with Radar,18,18,19,6,61,0,0,62,3,65,18,18,81,9,126,92,12,104,230
06/21/2023,MRY,CA,AWP,WE,Towers with Radar,18,24,31,8,81,0,0,40,0,40,18,24,71,8,121,78,2,80,201
06/22/2023,MRY,CA,AWP,WE,Towers with Radar,20,47,54,0,121,0,0,29,2,31,20,47,83,2,152,20,0,20,172
06/23/2023,MRY,CA,AWP,WE,Towers with Radar,22,32,54,0,108,0,1,28,0,29,22,33,82,0,137,0,0,0,137
06/24/2023,MRY,CA,AWP,WE,Towers with Radar,20,15,31,0,66,0,2,26,1,29,20,17,57,1,95,0,0,0,95
06/25/2023,MRY,CA,AWP,WE,Towers with Radar,21,47,74,0,142,0,1,25,0,26,21,48,99,0,168,0,0,0,168
06/26/2023,MRY,CA,AWP,WE,Towers with Radar,23,19,32,0,74,0,0,4,2,6,23,19,36,2,80,44,0,44,124
06/27/2023,MRY,CA,AWP,WE,Towers with Radar,16,25,38,0,79,0,0,1,0,1,16,25,39,0,80,38,0,38,118
06/28/2023,MRY,CA,AWP,WE,Towers with Radar,17,19,43,0,79,0,0,5,0,5,17,19,48,0,84,0,0,0,84
06/29/2023,MRY,CA,AWP,WE,Towers with Radar,23,36,43,0,102,0,1,32,0,33,23,37,75,0,135,4,0,4,139
06/30/2023,MRY,CA,AWP,WE,Towers with Radar,24,26,48,2,100,0,2,86,0,88,24,28,134,2,188,54,0,54,242
07/01/2023,MRY,CA,AWP,WE,Towers with Radar,21,27,33,0,81,0,8,68,0,76,21,35,101,0,157,2,0,2,159
07/02/2023,MRY,CA,AWP,WE,Towers with Radar,21,23,25,0,69,0,0,61,0,61,21,23,86,0,130,30,0,30,160
07/03/2023,MRY,CA,AWP,WE,Towers with Radar,22,29,27,1,79,0,0,31,1,32,22,29,58,2,111,0,0,0,111
07/04/2023,MRY,CA,AWP,WE,Towers with Radar,15,12,13,0,40,0,0,31,4,35,15,12,44,4,75,28,10,38,113
07/05/2023,MRY,CA,AWP,WE,Towers with Radar,20,27,27,3,77,0,0,27,1,28,20,27,54,4,105,30,0,30,135
07/06/2023,MRY,CA,AWP,WE,Towers with Radar,22,30,36,1,89,0,0,10,0,10,22,30,46,1,99,58,0,58,157
07/07/2023,MRY,CA,AWP,WE,Towers with Radar,22,24,47,2,95,0,0,23,0,23,22,24,70,2,118,8,0,8,126
07/08/2023,MRY,CA,AWP,WE,Towers with Radar,21,12,36,1,70,0,3,37,0,40,21,15,73,1,110,0,0,0,110
07/09/2023,MRY,CA,AWP,WE,Towers with Radar,20,32,53,0,105,0,1,43,0,44,20,33,96,0,149,42,0,42,191
07/10/2023,MRY,CA,AWP,WE,Towers with Radar,22,30,30,1,83,0,2,49,2,53,22,32,79,3,136,40,0,40,176
07/11/2023,MRY,CA,AWP,WE,Towers with Radar,18,20,22,9,69,0,2,42,0,44,18,22,64,9,113,22,4,26,139
07/12/2023,MRY,CA,AWP,WE,Towers with Radar,20,29,32,0,81,0,3,30,0,33,20,32,62,0,114,42,0,42,156
07/13/2023,MRY,CA,AWP,WE,Towers with Radar,20,32,43,6,101,0,3,46,1,50,20,35,89,7,151,104,0,104,255
07/14/2023,MRY,CA,AWP,WE,Towers with Radar,24,36,50,6,116,0,5,45,2,52,24,41,95,8,168,6,8,14,182
07/15/2023,MRY,CA,AWP,WE,Towers with Radar,21,21,26,1,69,0,3,23,3,29,21,24,49,4,98,20,0,20,118
07/16/2023,MRY,CA,AWP,WE,Towers with Radar,22,31,44,0,97,0,1,93,0,94,22,32,137,0,191,44,0,44,235
07/17/2023,MRY,CA,AWP,WE,Towers with Radar,21,27,25,8,81,0,1,57,0,58,21,28,82,8,139,108,8,116,255
07/18/2023,MRY,CA,AWP,WE,Towers with Radar,18,30,31,0,79,0,1,36,0,37,18,31,67,0,116,86,0,86,202
07/19/2023,MRY,CA,AWP,WE,Towers with Radar,20,30,40,0,90,0,0,13,0,13,20,30,53,0,103,0,0,0,103
07/20/2023,MRY,CA,AWP,WE,Towers with Radar,21,35,56,2,114,0,1,26,0,27,21,36,82,2,141,0,0,0,141
07/21/2023,MRY,CA,AWP,WE,Towers with Radar,22,38,31,0,91,0,2,39,0,41,22,40,70,0,132,80,0,80,212
07/22/2023,MRY,CA,AWP,WE,Towers with Radar,18,13,24,1,56,0,1,63,0,64,18,14,87,1,120,4,0,4,124
07/23/2023,MRY,CA,AWP,WE,Towers with Radar,20,36,35,0,91,0,5,74,1,80,20,41,109,1,171,40,0,40,211
07/24/2023,MRY,CA,AWP,WE,Towers with Radar,24,19,19,12,74,0,9,33,8,50,24,28,52,20,124,30,10,40,164
07/25/2023,MRY,CA,AWP,WE,Towers with Radar,18,16,38,3,75,0,2,56,3,61,18,18,94,6,136,0,0,0,136
07/26/2023,MRY,CA,AWP,WE,Towers with Radar,24,23,45,5,97,0,1,27,1,29,24,24,72,6,126,4,0,4,130
07/27/2023,MRY,CA,AWP,WE,Towers with Radar,21,32,41,9,103,0,1,36,7,44,21,33,77,16,147,0,0,0,147
07/28/2023,MRY,CA,AWP,WE,Towers with Radar,22,24,34,2,82,0,2,61,5,68,22,26,95,7,150,58,0,58,208
07/29/2023,MRY,CA,AWP,WE,Towers with Radar,25,23,39,0,87,0,3,51,0,54,25,26,90,0,141,26,0,26,167
07/30/2023,MRY,CA,AWP,WE,Towers with Radar,23,26,46,0,95,0,1,45,0,46,23,27,91,0,141,32,0,32,173
07/31/2023,MRY,CA,AWP,WE,Towers with Radar,28,30,32,0,90,0,1,18,0,19,28,31,50,0,109,8,0,8,117
08/01/2023,MRY,CA,AWP,WE,Towers with Radar,18,34,43,0,95,0,0,12,0,12,18,34,55,0,107,40,0,40,147
08/02/2023,MRY,CA,AWP,WE,Towers with Radar,21,25,38,9,93,0,1,7,1,9,21,26,45,10,102,0,8,8,110
08/03/2023,MRY,CA,AWP,WE,Towers with Radar,20,34,38,4,96,0,3,47,1,51,20,37,85,5,147,0,0,0,147
08/04/2023,MRY,CA,AWP,WE,Towers with Radar,23,28,41,0,92,0,0,25,0,25,23,28,66,0,117,10,0,10,127
08/05/2023,MRY,CA,AWP,WE,Towers with Radar,21,18,45,0,84,0,0,50,1,51,21,18,95,1,135,40,0,40,175
08/06/2023,MRY,CA,AWP,WE,Towers with Radar,21,33,41,0,95,0,0,58,0,58,21,33,99,0,153,0,0,0,153
08/07/2023,MRY,CA,AWP,WE,Towers with Radar,23,30,29,4,86,0,5,40,2,47,23,35,69,6,133,54,10,64,197
08/08/2023,MRY,CA,AWP,WE,Towers with Radar,20,18,32,2,72,0,1,16,2,19,20,19,48,4,91,68,4,72,163
08/09/2023,MRY,CA,AWP,WE,Towers with Radar,21,28,33,0,82,0,1,33,0,34,21,29,66,0,116,50,4,54,170
08/10/2023,MRY,CA,AWP,WE,Towers with Radar,24,30,35,1,90,0,1,42,0,43,24,31,77,1,133,34,0,34,167
08/11/2023,MRY,CA,AWP,WE,Towers with Radar,24,23,28,1,76,0,1,32,0,33,24,24,60,1,109,32,0,32,141
08/12/2023,MRY,CA,AWP,WE,Towers with Radar,22,28,21,0,71,0,3,65,0,68,22,31,86,0,139,14,0,14,153
08/13/2023,MRY,CA,AWP,WE,Towers with Radar,21,31,44,0,96,0,0,52,0,52,21,31,96,0,148,28,0,28,176
08/14/2023,MRY,CA,AWP,WE,Towers with Radar,24,22,27,0,73,0,2,36,0,38,24,24,63,0,111,4,0,4,115
08/15/2023,MRY,CA,AWP,WE,Towers with Radar,25,36,46,0,107,0,1,28,0,29,25,37,74,0,136,34,0,34,170
08/16/2023,MRY,CA,AWP,WE,Towers with Radar,20,92,98,0,210,0,3,39,0,42,20,95,137,0,252,0,0,0,252
08/17/2023,MRY,CA,AWP,WE,Towers with Radar,20,91,104,0,215,0,2,27,0,29,20,93,131,0,244,0,0,0,244
08/18/2023,MRY,CA,AWP,WE,Towers with Radar,23,64,85,0,172,0,4,52,0,56,23,68,137,0,228,0,0,0,228
08/19/2023,MRY,CA,AWP,WE,Towers with Radar,22,39,78,0,139,0,3,29,0,32,22,42,107,0,171,0,0,0,171
08/20/2023,MRY,CA,AWP,WE,Towers with Radar,17,117,111,0,245,0,0,32,0,32,17,117,143,0,277,0,0,0,277
08/21/2023,MRY,CA,AWP,WE,Towers with Radar,24,76,105,0,205,0,2,7,2,11,24,78,112,2,216,0,0,0,216
08/22/2023,MRY,CA,AWP,WE,Towers with Radar,21,24,48,0,93,0,2,50,0,52,21,26,98,0,145,36,0,36,181
08/23/2023,MRY,CA,AWP,WE,Towers with Radar,23,10,32,0,65,0,2,53,2,57,23,12,85,2,122,58,14,72,194
08/24/2023,MRY,CA,AWP,WE,Towers with Radar,22,25,42,0,89,0,2,44,0,46,22,27,86,0,135,0,0,0,135
08/25/2023,MRY,CA,AWP,WE,Towers with Radar,23,29,53,0,105,0,0,6,0,6,23,29,59,0,111,0,0,0,111
08/26/2023,MRY,CA,AWP,WE,Towers with Radar,23,15,48,0,86,0,0,10,0,10,23,15,58,0,96,0,0,0,96
08/27/2023,MRY,CA,AWP,WE,Towers with Radar,21,25,50,0,96,0,0,49,3,52,21,25,99,3,148,16,0,16,164
08/28/2023,MRY,CA,AWP,WE,Towers with Radar,23,13,38,2,76,0,1,67,2,70,23,14,105,4,146,0,0,0,146
08/29/2023,MRY,CA,AWP,WE,Towers with Radar,22,31,41,0,94,0,2,55,1,58,22,33,96,1,152,68,4,72,224
08/30/2023,MRY,CA,AWP,WE,Towers with Radar,23,32,28,4,87,0,2,42,2,46,23,34,70,6,133,36,2,38,171
08/31/2023,MRY,CA,AWP,WE,Towers with Radar,21,33,54,1,109,0,0,2,0,2,21,33,56,1,111,0,0,0,111
