01/01/2020,MSN,WI,AGL,CE,Combined TRACON& Tower with Radar,52,14,11,0,77,0,1,66,0,67,52,15,77,0,144,12,0,12,156
01/02/2020,MSN,WI,AGL,CE,Combined TRACON& Tower with Radar,92,29,26,20,167,0,0,76,1,77,92,29,102,21,244,128,0,128,372
01/03/2020,MSN,WI,AGL,CE,Combined TRACON& Tower with Radar,68,36,19,19,142,0,0,27,5,32,68,36,46,24,174,88,0,88,262
01/04/2020,MSN,WI,AGL,CE,Combined TRACON& Tower with Radar,59,32,26,0,117,0,0,35,0,35,59,32,61,0,152,88,0,88,240
01/05/2020,MSN,WI,AGL,CE,Combined TRACON& Tower with Radar,71,29,18,1,119,0,0,15,0,15,71,29,33,1,134,10,0,10,144
01/06/2020,MSN,WI,AGL,CE,Combined TRACON& Tower with Radar,74,30,33,3,140,0,0,63,8,71,74,30,96,11,211,50,6,56,267
01/07/2020,MSN,WI,AGL,CE,Combined TRACON& Tower with Radar,82,27,30,13,152,0,0,28,13,41,82,27,58,26,193,54,0,54,247
01/08/2020,MSN,WI,AGL,CE,Combined TRACON& Tower with Radar,81,28,36,17,162,0,0,55,12,67,81,28,91,29,229,32,0,32,261
01/09/2020,MSN,WI,AGL,CE,Combined TRACON& Tower with Radar,83,37,31,5,156,0,1,2,11,14,83,38,33,16,170,2,4,6,176
01/10/2020,MSN,WI,AGL,CE,Combined TRACON& Tower with Radar,72,26,24,20,142,0,0,45,3,48,72,26,69,23,190,24,0,24,214
01/11/2020,MSN,WI,AGL,CE,Combined TRACON& Tower with Radar,65,12,7,0,84,0,0,0,0,0,65,12,7,0,84,0,0,0,84
01/12/2020,MSN,WI,AGL,CE,Combined TRACON& Tower with Radar,79,19,10,0,108,0,0,25,0,25,79,19,35,0,133,44,0,44,177
01/13/2020,MSN,WI,AGL,CE,Combined TRACON& Tower with Radar,75,24,21,15,135,0,0,2,4,6,75,24,23,19,141,28,0,28,169
01/14/2020,MSN,WI,AGL,CE,Combined TRACON& Tower with Radar,78,31,26,16,151,0,0,0,10,10,78,31,26,26,161,18,0,18,179
01/15/2020,MSN,WI,AGL,CE,Combined TRACON& Tower with Radar,81,36,20,11,148,0,0,0,0,0,81,36,20,11,148,0,0,0,148
01/16/2020,MSN,WI,AGL,CE,Combined TRACON& Tower with Radar,88,33,53,15,189,0,3,71,16,90,88,36,124,31,279,46,0,46,325
01/17/2020,MSN,WI,AGL,CE,Combined TRACON& Tower with Radar,72,20,10,0,102,0,0,14,6,20,72,20,24,6,122,6,0,6,128
01/18/2020,MSN,WI,AGL,CE,Combined TRACON& Tower with Radar,58,8,8,0,74,0,0,0,0,0,58,8,8,0,74,0,0,0,74
01/19/2020,MSN,WI,AGL,CE,Combined TRACON& Tower with Radar,61,16,24,1,102,0,2,39,0,41,61,18,63,1,143,14,0,14,157
01/20/2020,MSN,WI,AGL,CE,Combined TRACON& Tower with Radar,75,29,40,1,145,0,0,54,0,54,75,29,94,1,199,52,0,52,251
01/21/2020,MSN,WI,AGL,CE,Combined TRACON& Tower with Radar,81,29,45,14,169,0,5,60,10,75,81,34,105,24,244,8,0,8,252
01/22/2020,MSN,WI,AGL,CE,Combined TRACON& Tower with Radar,81,23,37,18,159,0,0,17,13,30,81,23,54,31,189,18,0,18,207
01/23/2020,MSN,WI,AGL,CE,Combined TRACON& Tower with Radar,86,35,32,2,155,0,0,0,0,0,86,35,32,2,155,0,0,0,155
01/24/2020,MSN,WI,AGL,CE,Combined TRACON& Tower with Radar,80,37,25,0,142,0,0,0,0,0,80,37,25,0,142,0,0,0,142
01/25/2020,MSN,WI,AGL,CE,Combined TRACON& Tower with Radar,64,13,13,0,90,0,0,0,0,0,64,13,13,0,90,0,0,0,90
01/26/2020,MSN,WI,AGL,CE,Combined TRACON& Tower with Radar,75,22,21,0,118,0,0,0,0,0,75,22,21,0,118,0,0,0,118
01/27/2020,MSN,WI,AGL,CE,Combined TRACON& Tower with Radar,77,31,29,27,164,0,0,1,0,1,77,31,30,27,165,0,0,0,165
01/28/2020,MSN,WI,AGL,CE,Combined TRACON& Tower with Radar,81,22,19,19,141,0,0,1,6,7,81,22,20,25,148,8,0,8,156
01/29/2020,MSN,WI,AGL,CE,Combined TRACON& Tower with Radar,80,32,29,16,157,0,0,12,8,20,80,32,41,24,177,62,0,62,239
01/30/2020,MSN,WI,AGL,CE,Combined TRACON& Tower with Radar,84,39,30,14,167,0,0,21,15,36,84,39,51,29,203,58,0,58,261
01/31/2020,MSN,WI,AGL,CE,Combined TRACON& Tower with Radar,78,29,31,0,138,0,0,2,0,2,78,29,33,0,140,0,10,10,150
02/01/2020,MSN,WI,AGL,CE,Combined TRACON& Tower with Radar,61,5,31,0,97,0,0,20,0,20,61,5,51,0,117,38,0,38,155
02/02/2020,MSN,WI,AGL,CE,Combined TRACON& Tower with Radar,64,22,15,0,101,0,0,67,0,67,64,22,82,0,168,36,0,36,204
02/03/2020,MSN,WI,AGL,CE,Combined TRACON& Tower with Radar,76,26,42,2,146,0,2,60,9,71,76,28,102,11,217,102,0,102,319
02/04/2020,MSN,WI,AGL,CE,Combined TRACON& Tower with Radar,86,30,43,14,173,0,0,50,19,69,86,30,93,33,242,30,0,30,272
02/05/2020,MSN,WI,AGL,CE,Combined TRACON& Tower with Radar,80,30,44,14,168,0,0,68,16,84,80,30,112,30,252,70,0,70,322
02/06/2020,MSN,WI,AGL,CE,Combined TRACON& Tower with Radar,86,28,36,20,170,0,0,59,8,67,86,28,95,28,237,80,0,80,317
02/07/2020,MSN,WI,AGL,CE,Combined TRACON& Tower with Radar,73,31,34,20,158,0,0,72,7,79,73,31,106,27,237,144,2,146,383
02/08/2020,MSN,WI,AGL,CE,Combined TRACON& Tower with Radar,63,11,18,22,114,0,0,65,2,67,63,11,83,24,181,126,2,128,309
02/09/2020,MSN,WI,AGL,CE,Combined TRACON& Tower with Radar,70,20,11,2,103,0,0,0,0,0,70,20,11,2,103,0,0,0,103
02/10/2020,MSN,WI,AGL,CE,Combined TRACON& Tower with Radar,78,31,22,16,147,0,0,46,5,51,78,31,68,21,198,18,2,20,218
02/11/2020,MSN,WI,AGL,CE,Combined TRACON& Tower with Radar,83,32,42,17,174,0,2,36,8,46,83,34,78,25,220,60,0,60,280
02/12/2020,MSN,WI,AGL,CE,Combined TRACON& Tower with Radar,81,38,36,12,167,0,0,34,13,47,81,38,70,25,214,48,4,52,266
02/13/2020,MSN,WI,AGL,CE,Combined TRACON& Tower with Radar,87,37,23,11,158,0,0,4,17,21,87,37,27,28,179,0,0,0,179
02/14/2020,MSN,WI,AGL,CE,Combined TRACON& Tower with Radar,80,27,31,5,143,0,2,20,9,31,80,29,51,14,174,6,0,6,180
02/15/2020,MSN,WI,AGL,CE,Combined TRACON& Tower with Radar,61,8,22,0,91,0,0,18,0,18,61,8,40,0,109,24,0,24,133
02/16/2020,MSN,WI,AGL,CE,Combined TRACON& Tower with Radar,65,21,36,0,122,0,1,99,0,100,65,22,135,0,222,126,0,126,348
02/17/2020,MSN,WI,AGL,CE,Combined TRACON& Tower with Radar,73,24,16,0,113,0,0,5,0,5,73,24,21,0,118,10,0,10,128
02/18/2020,MSN,WI,AGL,CE,Combined TRACON& Tower with Radar,84,24,22,14,144,0,3,17,7,27,84,27,39,21,171,0,0,0,171
02/19/2020,MSN,WI,AGL,CE,Combined TRACON& Tower with Radar,83,20,48,17,168,0,1,44,11,56,83,21,92,28,224,48,0,48,272
02/20/2020,MSN,WI,AGL,CE,Combined TRACON& Tower with Radar,87,33,30,10,160,0,0,49,15,64,87,33,79,25,224,64,0,64,288
02/21/2020,MSN,WI,AGL,CE,Combined TRACON& Tower with Radar,79,35,45,0,159,0,0,52,9,61,79,35,97,9,220,52,0,52,272
02/22/2020,MSN,WI,AGL,CE,Combined TRACON& Tower with Radar,67,11,31,0,109,0,0,120,1,121,67,11,151,1,230,138,0,138,368
02/23/2020,MSN,WI,AGL,CE,Combined TRACON& Tower with Radar,83,17,35,0,135,0,2,111,0,113,83,19,146,0,248,44,0,44,292
02/24/2020,MSN,WI,AGL,CE,Combined TRACON& Tower with Radar,79,25,33,10,147,0,0,47,5,52,79,25,80,15,199,50,0,50,249
02/25/2020,MSN,WI,AGL,CE,Combined TRACON& Tower with Radar,85,27,28,18,158,0,0,4,11,15,85,27,32,29,173,10,4,14,187
02/26/2020,MSN,WI,AGL,CE,Combined TRACON& Tower with Radar,85,32,48,15,180,0,0,6,11,17,85,32,54,26,197,0,0,0,197
02/27/2020,MSN,WI,AGL,CE,Combined TRACON& Tower with Radar,89,27,47,19,182,0,2,43,15,60,89,29,90,34,242,56,0,56,298
02/28/2020,MSN,WI,AGL,CE,Combined TRACON& Tower with Radar,80,31,52,7,170,0,1,94,5,100,80,32,146,12,270,38,0,38,308
02/29/2020,MSN,WI,AGL,CE,Combined TRACON& Tower with Radar,64,11,35,0,110,0,1,121,1,123,64,12,156,1,233,136,0,136,369
03/01/2020,MSN,WI,AGL,CE,Combined TRACON& Tower with Radar,83,19,36,0,138,0,0,51,0,51,83,19,87,0,189,36,0,36,225
03/02/2020,MSN,WI,AGL,CE,Combined TRACON& Tower with Radar,78,25,39,2,144,0,0,32,1,33,78,25,71,3,177,82,0,82,259
03/03/2020,MSN,WI,AGL,CE,Combined TRACON& Tower with Radar,83,34,27,5,149,0,0,8,12,20,83,34,35,17,169,8,6,14,183
03/04/2020,MSN,WI,AGL,CE,Combined TRACON& Tower with Radar,79,27,31,16,153,0,0,61,10,71,79,27,92,26,224,42,0,42,266
03/05/2020,MSN,WI,AGL,CE,Combined TRACON& Tower with Radar,91,23,29,18,161,0,0,6,8,14,91,23,35,26,175,0,6,6,181
03/06/2020,MSN,WI,AGL,CE,Combined TRACON& Tower with Radar,81,24,43,22,170,0,0,69,5,74,81,24,112,27,244,62,4,66,310
03/07/2020,MSN,WI,AGL,CE,Combined TRACON& Tower with Radar,69,11,21,16,117,0,0,63,16,79,69,11,84,32,196,20,0,20,216
03/08/2020,MSN,WI,AGL,CE,Combined TRACON& Tower with Radar,86,18,27,7,138,0,0,27,2,29,86,18,54,9,167,10,0,10,177
03/09/2020,MSN,WI,AGL,CE,Combined TRACON& Tower with Radar,81,24,45,2,152,0,0,0,0,0,81,24,45,2,152,0,0,0,152
03/10/2020,MSN,WI,AGL,CE,Combined TRACON& Tower with Radar,90,22,33,9,154,0,0,83,7,90,90,22,116,16,244,60,2,62,306
03/11/2020,MSN,WI,AGL,CE,Combined TRACON& Tower with Radar,82,36,46,14,178,0,1,6,5,12,82,37,52,19,190,72,0,72,262
03/12/2020,MSN,WI,AGL,CE,Combined TRACON& Tower with Radar,91,20,30,3,144,0,0,1,3,4,91,20,31,6,148,0,10,10,158
03/13/2020,MSN,WI,AGL,CE,Combined TRACON& Tower with Radar,83,28,37,4,152,0,2,36,5,43,83,30,73,9,195,20,0,20,215
03/14/2020,MSN,WI,AGL,CE,Combined TRACON& Tower with Radar,73,17,24,0,114,0,0,63,0,63,73,17,87,0,177,162,0,162,339
03/15/2020,MSN,WI,AGL,CE,Combined TRACON& Tower with Radar,86,20,31,0,137,0,0,76,2,78,86,20,107,2,215,50,0,50,265
03/16/2020,MSN,WI,AGL,CE,Combined TRACON& Tower with Radar,82,19,15,11,127,0,0,19,4,23,82,19,34,15,150,56,0,56,206
03/17/2020,MSN,WI,AGL,CE,Combined TRACON& Tower with Radar,93,14,37,10,154,0,0,93,12,105,93,14,130,22,259,90,2,92,351
03/18/2020,MSN,WI,AGL,CE,Combined TRACON& Tower with Radar,84,24,19,0,127,0,0,1,0,1,84,24,20,0,128,4,0,4,132
03/19/2020,MSN,WI,AGL,CE,Combined TRACON& Tower with Radar,86,18,18,0,122,0,0,0,0,0,86,18,18,0,122,0,0,0,122
03/20/2020,MSN,WI,AGL,CE,Combined TRACON& Tower with Radar,80,17,20,5,122,0,0,7,3,10,80,17,27,8,132,2,0,2,134
03/21/2020,MSN,WI,AGL,CE,Combined TRACON& Tower with Radar,52,10,35,0,97,0,0,109,0,109,52,10,144,0,206,54,0,54,260
03/22/2020,MSN,WI,AGL,CE,Combined TRACON& Tower with Radar,58,20,17,0,95,0,0,31,0,31,58,20,48,0,126,60,0,60,186
03/23/2020,MSN,WI,AGL,CE,Combined TRACON& Tower with Radar,56,15,28,6,105,0,0,13,4,17,56,15,41,10,122,40,0,40,162
03/24/2020,MSN,WI,AGL,CE,Combined TRACON& Tower with Radar,59,17,9,16,101,0,0,13,8,21,59,17,22,24,122,24,0,24,146
03/25/2020,MSN,WI,AGL,CE,Combined TRACON& Tower with Radar,44,11,10,8,73,0,0,5,0,5,44,11,15,8,78,0,0,0,78
03/26/2020,MSN,WI,AGL,CE,Combined TRACON& Tower with Radar,36,9,4,8,57,0,0,0,0,0,36,9,4,8,57,0,0,0,57
03/27/2020,MSN,WI,AGL,CE,Combined TRACON& Tower with Radar,30,5,21,0,56,0,0,32,0,32,30,5,53,0,88,90,0,90,178
03/28/2020,MSN,WI,AGL,CE,Combined TRACON& Tower with Radar,37,5,4,0,46,0,0,0,0,0,37,5,4,0,46,0,0,0,46
03/29/2020,MSN,WI,AGL,CE,Combined TRACON& Tower with Radar,53,7,6,0,66,0,0,0,0,0,53,7,6,0,66,0,0,0,66
03/30/2020,MSN,WI,AGL,CE,Combined TRACON& Tower with Radar,37,8,8,0,53,0,0,48,4,52,37,8,56,4,105,40,0,40,145
03/31/2020,MSN,WI,AGL,CE,Combined TRACON& Tower with Radar,37,7,6,12,62,0,0,7,7,14,37,7,13,19,76,0,0,0,76
04/01/2020,MSN,WI,AGL,CE,Combined TRACON& Tower with Radar,28,10,9,15,62,0,0,35,12,47,28,10,44,27,109,38,0,38,147
04/02/2020,MSN,WI,AGL,CE,Combined TRACON& Tower with Radar,42,4,11,5,62,0,2,43,7,52,42,6,54,12,114,66,4,70,184
04/03/2020,MSN,WI,AGL,CE,Combined TRACON& Tower with Radar,38,8,9,5,60,0,0,29,2,31,38,8,38,7,91,22,0,22,113
04/04/2020,MSN,WI,AGL,CE,Combined TRACON& Tower with Radar,31,3,9,4,47,0,0,48,2,50,31,3,57,6,97,22,12,34,131
04/05/2020,MSN,WI,AGL,CE,Combined TRACON& Tower with Radar,32,5,13,0,50,0,2,67,0,69,32,7,80,0,119,18,0,18,137
04/06/2020,MSN,WI,AGL,CE,Combined TRACON& Tower with Radar,29,8,26,4,67,0,1,10,1,12,29,9,36,5,79,18,0,18,97
04/07/2020,MSN,WI,AGL,CE,Combined TRACON& Tower with Radar,36,10,21,4,71,0,0,9,1,10,36,10,30,5,81,8,0,8,89
04/08/2020,MSN,WI,AGL,CE,Combined TRACON& Tower with Radar,37,8,15,6,66,0,0,4,0,4,37,8,19,6,70,10,2,12,82
04/09/2020,MSN,WI,AGL,CE,Combined TRACON& Tower with Radar,34,5,5,3,47,0,0,3,3,6,34,5,8,6,53,0,0,0,53
04/10/2020,MSN,WI,AGL,CE,Combined TRACON& Tower with Radar,31,6,25,0,62,0,0,69,0,69,31,6,94,0,131,38,0,38,169
04/11/2020,MSN,WI,AGL,CE,Combined TRACON& Tower with Radar,28,5,12,0,45,0,0,49,0,49,28,5,61,0,94,48,0,48,142
04/12/2020,MSN,WI,AGL,CE,Combined TRACON& Tower with Radar,17,1,24,0,42,0,0,0,0,0,17,1,24,0,42,0,0,0,42
04/13/2020,MSN,WI,AGL,CE,Combined TRACON& Tower with Radar,26,6,0,7,39,0,0,1,1,2,26,6,1,8,41,0,0,0,41
04/14/2020,MSN,WI,AGL,CE,Combined TRACON& Tower with Radar,30,7,5,14,56,0,0,6,7,13,30,7,11,21,69,20,2,22,91
04/15/2020,MSN,WI,AGL,CE,Combined TRACON& Tower with Radar,25,9,8,18,60,0,0,40,6,46,25,9,48,24,106,76,8,84,190
04/16/2020,MSN,WI,AGL,CE,Combined TRACON& Tower with Radar,24,8,21,11,64,0,0,42,9,51,24,8,63,20,115,62,2,64,179
04/17/2020,MSN,WI,AGL,CE,Combined TRACON& Tower with Radar,21,7,10,3,41,0,0,51,1,52,21,7,61,4,93,66,0,66,159
04/18/2020,MSN,WI,AGL,CE,Combined TRACON& Tower with Radar,20,1,9,0,30,0,2,32,0,34,20,3,41,0,64,48,0,48,112
04/19/2020,MSN,WI,AGL,CE,Combined TRACON& Tower with Radar,17,0,11,0,28,0,4,75,0,79,17,4,86,0,107,48,0,48,155
04/20/2020,MSN,WI,AGL,CE,Combined TRACON& Tower with Radar,21,4,12,11,48,0,0,21,0,21,21,4,33,11,69,4,0,4,73
04/21/2020,MSN,WI,AGL,CE,Combined TRACON& Tower with Radar,23,8,13,15,59,0,1,23,16,40,23,9,36,31,99,10,4,14,113
04/22/2020,MSN,WI,AGL,CE,Combined TRACON& Tower with Radar,25,4,7,10,46,0,0,27,2,29,25,4,34,12,75,28,0,28,103
04/23/2020,MSN,WI,AGL,CE,Combined TRACON& Tower with Radar,23,10,36,10,79,0,0,2,0,2,23,10,38,10,81,46,10,56,137
04/24/2020,MSN,WI,AGL,CE,Combined TRACON& Tower with Radar,24,8,33,2,67,0,0,25,0,25,24,8,58,2,92,72,0,72,164
04/25/2020,MSN,WI,AGL,CE,Combined TRACON& Tower with Radar,17,3,14,0,34,0,0,78,0,78,17,3,92,0,112,84,0,84,196
04/26/2020,MSN,WI,AGL,CE,Combined TRACON& Tower with Radar,19,1,24,0,44,0,0,104,2,106,19,1,128,2,150,68,0,68,218
04/27/2020,MSN,WI,AGL,CE,Combined TRACON& Tower with Radar,23,10,22,4,59,0,0,14,7,21,23,10,36,11,80,4,0,4,84
04/28/2020,MSN,WI,AGL,CE,Combined TRACON& Tower with Radar,27,5,14,9,55,0,0,7,3,10,27,5,21,12,65,6,12,18,83
04/29/2020,MSN,WI,AGL,CE,Combined TRACON& Tower with Radar,22,4,5,4,35,0,0,2,8,10,22,4,7,12,45,0,4,4,49
04/30/2020,MSN,WI,AGL,CE,Combined TRACON& Tower with Radar,24,8,9,13,54,0,1,23,9,33,24,9,32,22,87,22,0,22,109
05/01/2020,MSN,WI,AGL,CE,Combined TRACON& Tower with Radar,23,6,24,13,66,0,0,85,3,88,23,6,109,16,154,64,0,64,218
05/02/2020,MSN,WI,AGL,CE,Combined TRACON& Tower with Radar,15,3,16,0,34,0,2,53,4,59,15,5,69,4,93,62,0,62,155
05/03/2020,MSN,WI,AGL,CE,Combined TRACON& Tower with Radar,20,2,5,0,27,0,0,41,0,41,20,2,46,0,68,34,0,34,102
05/04/2020,MSN,WI,AGL,CE,Combined TRACON& Tower with Radar,19,5,28,14,66,0,2,39,6,47,19,7,67,20,113,72,0,72,185
05/05/2020,MSN,WI,AGL,CE,Combined TRACON& Tower with Radar,15,7,15,20,57,0,0,28,8,36,15,7,43,28,93,24,0,24,117
05/06/2020,MSN,WI,AGL,CE,Combined TRACON& Tower with Radar,18,14,31,14,77,0,3,84,9,96,18,17,115,23,173,54,0,54,227
05/07/2020,MSN,WI,AGL,CE,Combined TRACON& Tower with Radar,23,5,21,9,58,0,0,48,7,55,23,5,69,16,113,32,2,34,147
05/08/2020,MSN,WI,AGL,CE,Combined TRACON& Tower with Radar,24,3,11,0,38,0,0,26,0,26,24,3,37,0,64,18,0,18,82
05/09/2020,MSN,WI,AGL,CE,Combined TRACON& Tower with Radar,15,2,18,0,35,0,0,48,0,48,15,2,66,0,83,4,0,4,87
05/10/2020,MSN,WI,AGL,CE,Combined TRACON& Tower with Radar,22,1,0,0,23,0,0,0,0,0,22,1,0,0,23,0,0,0,23
05/11/2020,MSN,WI,AGL,CE,Combined TRACON& Tower with Radar,24,8,11,17,60,0,0,62,3,65,24,8,73,20,125,84,0,84,209
05/12/2020,MSN,WI,AGL,CE,Combined TRACON& Tower with Radar,18,6,17,15,56,0,0,86,11,97,18,6,103,26,153,74,0,74,227
05/13/2020,MSN,WI,AGL,CE,Combined TRACON& Tower with Radar,24,3,17,15,59,0,0,38,9,47,24,3,55,24,106,12,0,12,118
05/14/2020,MSN,WI,AGL,CE,Combined TRACON& Tower with Radar,24,12,19,13,68,0,0,0,4,4,24,12,19,17,72,2,2,4,76
05/15/2020,MSN,WI,AGL,CE,Combined TRACON& Tower with Radar,26,14,26,3,69,0,0,92,0,92,26,14,118,3,161,86,0,86,247
05/16/2020,MSN,WI,AGL,CE,Combined TRACON& Tower with Radar,15,4,22,0,41,0,0,63,0,63,15,4,85,0,104,74,0,74,178
05/17/2020,MSN,WI,AGL,CE,Combined TRACON& Tower with Radar,22,0,10,0,32,0,0,0,0,0,22,0,10,0,32,0,0,0,32
05/18/2020,MSN,WI,AGL,CE,Combined TRACON& Tower with Radar,25,6,10,2,43,0,0,0,0,0,25,6,10,2,43,0,0,0,43
05/19/2020,MSN,WI,AGL,CE,Combined TRACON& Tower with Radar,18,14,34,13,79,0,0,1,4,5,18,14,35,17,84,10,0,10,94
05/20/2020,MSN,WI,AGL,CE,Combined TRACON& Tower with Radar,24,4,17,15,60,0,0,74,14,88,24,4,91,29,148,48,0,48,196
05/21/2020,MSN,WI,AGL,CE,Combined TRACON& Tower with Radar,23,6,38,17,84,0,0,63,12,75,23,6,101,29,159,127,4,131,290
05/22/2020,MSN,WI,AGL,CE,Combined TRACON& Tower with Radar,24,9,30,0,63,0,2,25,0,27,24,11,55,0,90,44,0,44,134
05/23/2020,MSN,WI,AGL,CE,Combined TRACON& Tower with Radar,19,7,5,0,31,0,0,18,0,18,19,7,23,0,49,30,0,30,79
05/24/2020,MSN,WI,AGL,CE,Combined TRACON& Tower with Radar,20,5,24,0,49,0,0,59,0,59,20,5,83,0,108,92,0,92,200
05/25/2020,MSN,WI,AGL,CE,Combined TRACON& Tower with Radar,21,6,7,0,34,0,0,31,0,31,21,6,38,0,65,56,0,56,121
05/26/2020,MSN,WI,AGL,CE,Combined TRACON& Tower with Radar,17,5,12,12,46,0,0,39,15,54,17,5,51,27,100,56,0,56,156
05/27/2020,MSN,WI,AGL,CE,Combined TRACON& Tower with Radar,24,4,25,11,64,0,0,50,16,66,24,4,75,27,130,60,6,66,196
05/28/2020,MSN,WI,AGL,CE,Combined TRACON& Tower with Radar,24,9,16,2,51,0,0,1,8,9,24,9,17,10,60,18,0,18,78
05/29/2020,MSN,WI,AGL,CE,Combined TRACON& Tower with Radar,24,7,21,0,52,0,0,80,3,83,24,7,101,3,135,124,0,124,259
05/30/2020,MSN,WI,AGL,CE,Combined TRACON& Tower with Radar,17,4,22,0,43,0,0,91,1,92,17,4,113,1,135,98,0,98,233
05/31/2020,MSN,WI,AGL,CE,Combined TRACON& Tower with Radar,20,6,24,0,50,0,0,113,3,116,20,6,137,3,166,46,0,46,212
06/01/2020,MSN,WI,AGL,CE,Combined TRACON& Tower with Radar,25,9,19,13,66,0,0,19,9,28,25,9,38,22,94,14,0,14,108
06/02/2020,MSN,WI,AGL,CE,Combined TRACON& Tower with Radar,20,15,7,15,57,0,0,67,12,79,20,15,74,27,136,24,0,24,160
06/03/2020,MSN,WI,AGL,CE,Combined TRACON& Tower with Radar,24,19,19,10,72,0,0,61,8,69,24,19,80,18,141,40,14,54,195
06/04/2020,MSN,WI,AGL,CE,Combined TRACON& Tower with Radar,23,8,23,11,65,0,0,76,18,94,23,8,99,29,159,110,0,110,269
06/05/2020,MSN,WI,AGL,CE,Combined TRACON& Tower with Radar,23,5,19,2,49,0,2,36,2,40,23,7,55,4,89,60,0,60,149
06/06/2020,MSN,WI,AGL,CE,Combined TRACON& Tower with Radar,18,2,16,0,36,0,1,112,0,113,18,3,128,0,149,92,0,92,241
06/07/2020,MSN,WI,AGL,CE,Combined TRACON& Tower with Radar,18,3,21,0,42,0,1,86,4,91,18,4,107,4,133,32,0,32,165
06/08/2020,MSN,WI,AGL,CE,Combined TRACON& Tower with Radar,27,11,16,14,68,0,0,48,12,60,27,11,64,26,128,38,0,38,166
06/09/2020,MSN,WI,AGL,CE,Combined TRACON& Tower with Radar,22,5,17,11,55,0,0,24,5,29,22,5,41,16,84,10,0,10,94
06/10/2020,MSN,WI,AGL,CE,Combined TRACON& Tower with Radar,24,9,16,15,64,0,0,13,13,26,24,9,29,28,90,16,0,16,106
06/11/2020,MSN,WI,AGL,CE,Combined TRACON& Tower with Radar,23,13,39,17,92,0,0,77,12,89,23,13,116,29,181,10,0,10,191
06/12/2020,MSN,WI,AGL,CE,Combined TRACON& Tower with Radar,26,4,41,2,73,0,0,57,0,57,26,4,98,2,130,80,0,80,210
06/13/2020,MSN,WI,AGL,CE,Combined TRACON& Tower with Radar,19,3,30,0,52,0,0,100,0,100,19,3,130,0,152,16,0,16,168
06/14/2020,MSN,WI,AGL,CE,Combined TRACON& Tower with Radar,20,3,35,1,59,0,0,85,1,86,20,3,120,2,145,36,0,36,181
06/15/2020,MSN,WI,AGL,CE,Combined TRACON& Tower with Radar,25,9,23,5,62,0,0,63,8,71,25,9,86,13,133,62,0,62,195
06/16/2020,MSN,WI,AGL,CE,Combined TRACON& Tower with Radar,23,8,31,12,74,0,0,73,13,86,23,8,104,25,160,66,2,68,228
06/17/2020,MSN,WI,AGL,CE,Combined TRACON& Tower with Radar,28,7,30,6,71,0,0,74,21,95,28,7,104,27,166,58,0,58,224
06/18/2020,MSN,WI,AGL,CE,Combined TRACON& Tower with Radar,27,9,38,12,86,0,0,73,3,76,27,9,111,15,162,52,0,52,214
06/19/2020,MSN,WI,AGL,CE,Combined TRACON& Tower with Radar,27,7,26,12,72,0,2,34,3,39,27,9,60,15,111,42,0,42,153
06/20/2020,MSN,WI,AGL,CE,Combined TRACON& Tower with Radar,23,10,5,5,43,0,0,5,0,5,23,10,10,5,48,0,0,0,48
06/21/2020,MSN,WI,AGL,CE,Combined TRACON& Tower with Radar,24,7,12,0,43,0,0,67,0,67,24,7,79,0,110,28,0,28,138
06/22/2020,MSN,WI,AGL,CE,Combined TRACON& Tower with Radar,29,8,15,0,52,0,0,1,2,3,29,8,16,2,55,6,0,6,61
06/23/2020,MSN,WI,AGL,CE,Combined TRACON& Tower with Radar,22,10,34,20,86,0,0,36,13,49,22,10,70,33,135,38,2,40,175
06/24/2020,MSN,WI,AGL,CE,Combined TRACON& Tower with Radar,27,5,18,18,68,0,0,47,8,55,27,5,65,26,123,16,0,16,139
06/25/2020,MSN,WI,AGL,CE,Combined TRACON& Tower with Radar,28,7,62,16,113,0,0,115,16,131,28,7,177,32,244,88,0,88,332
06/26/2020,MSN,WI,AGL,CE,Combined TRACON& Tower with Radar,26,5,11,0,42,0,0,5,0,5,26,5,16,0,47,6,0,6,53
06/27/2020,MSN,WI,AGL,CE,Combined TRACON& Tower with Radar,23,7,20,0,50,0,0,101,0,101,23,7,121,0,151,84,0,84,235
06/28/2020,MSN,WI,AGL,CE,Combined TRACON& Tower with Radar,24,8,24,0,56,0,0,46,1,47,24,8,70,1,103,74,0,74,177
06/29/2020,MSN,WI,AGL,CE,Combined TRACON& Tower with Radar,29,11,20,16,76,0,0,30,4,34,29,11,50,20,110,8,0,8,118
06/30/2020,MSN,WI,AGL,CE,Combined TRACON& Tower with Radar,23,10,35,19,87,0,0,58,18,76,23,10,93,37,163,38,0,38,201
07/01/2020,MSN,WI,AGL,CE,Combined TRACON& Tower with Radar,29,9,25,5,68,0,1,62,1,64,29,10,87,6,132,70,0,70,202
07/02/2020,MSN,WI,AGL,CE,Combined TRACON& Tower with Radar,36,6,29,0,71,0,0,64,0,64,36,6,93,0,135,60,0,60,195
07/03/2020,MSN,WI,AGL,CE,Combined TRACON& Tower with Radar,34,6,21,0,61,0,0,68,0,68,34,6,89,0,129,18,0,18,147
07/04/2020,MSN,WI,AGL,CE,Combined TRACON& Tower with Radar,28,5,14,0,47,0,0,66,0,66,28,5,80,0,113,56,0,56,169
07/05/2020,MSN,WI,AGL,CE,Combined TRACON& Tower with Radar,34,5,14,0,53,0,0,57,0,57,34,5,71,0,110,56,0,56,166
07/06/2020,MSN,WI,AGL,CE,Combined TRACON& Tower with Radar,37,12,29,14,92,0,0,48,2,50,37,12,77,16,142,16,0,16,158
07/07/2020,MSN,WI,AGL,CE,Combined TRACON& Tower with Radar,35,10,24,15,84,0,0,41,6,47,35,10,65,21,131,40,0,40,171
07/08/2020,MSN,WI,AGL,CE,Combined TRACON& Tower with Radar,40,16,36,13,105,0,0,58,13,71,40,16,94,26,176,60,0,60,236
07/09/2020,MSN,WI,AGL,CE,Combined TRACON& Tower with Radar,46,10,28,18,102,0,0,27,6,33,46,10,55,24,135,6,0,6,141
07/10/2020,MSN,WI,AGL,CE,Combined TRACON& Tower with Radar,45,12,24,0,81,0,1,68,0,69,45,13,92,0,150,24,0,24,174
07/11/2020,MSN,WI,AGL,CE,Combined TRACON& Tower with Radar,41,6,19,0,66,0,0,58,0,58,41,6,77,0,124,114,0,114,238
07/12/2020,MSN,WI,AGL,CE,Combined TRACON& Tower with Radar,40,6,30,0,76,0,0,77,18,95,40,6,107,18,171,130,0,130,301
07/13/2020,MSN,WI,AGL,CE,Combined TRACON& Tower with Radar,45,4,33,15,97,0,0,79,1,80,45,4,112,16,177,50,1,51,228
07/14/2020,MSN,WI,AGL,CE,Combined TRACON& Tower with Radar,35,5,22,16,78,0,0,57,1,58,35,5,79,17,136,42,0,42,178
07/15/2020,MSN,WI,AGL,CE,Combined TRACON& Tower with Radar,41,4,12,7,64,0,0,2,0,2,41,4,14,7,66,0,0,0,66
07/16/2020,MSN,WI,AGL,CE,Combined TRACON& Tower with Radar,45,8,46,15,114,0,0,94,0,94,45,8,140,15,208,126,0,126,334
07/17/2020,MSN,WI,AGL,CE,Combined TRACON& Tower with Radar,46,11,59,3,119,0,0,94,3,97,46,11,153,6,216,82,0,82,298
07/18/2020,MSN,WI,AGL,CE,Combined TRACON& Tower with Radar,44,5,16,1,66,0,0,20,0,20,44,5,36,1,86,12,0,12,98
07/19/2020,MSN,WI,AGL,CE,Combined TRACON& Tower with Radar,43,5,44,3,95,0,2,83,0,85,43,7,127,3,180,44,0,44,224
07/20/2020,MSN,WI,AGL,CE,Combined TRACON& Tower with Radar,44,12,36,16,108,0,0,70,8,78,44,12,106,24,186,50,0,50,236
07/21/2020,MSN,WI,AGL,CE,Combined TRACON& Tower with Radar,37,12,23,26,98,0,0,25,16,41,37,12,48,42,139,52,8,60,199
07/22/2020,MSN,WI,AGL,CE,Combined TRACON& Tower with Radar,43,7,47,22,119,0,0,69,16,85,43,7,116,38,204,68,2,70,274
07/23/2020,MSN,WI,AGL,CE,Combined TRACON& Tower with Radar,46,5,49,13,113,0,0,47,30,77,46,5,96,43,190,70,0,70,260
07/24/2020,MSN,WI,AGL,CE,Combined TRACON& Tower with Radar,44,9,32,3,88,0,0,70,5,75,44,9,102,8,163,64,0,64,227
07/25/2020,MSN,WI,AGL,CE,Combined TRACON& Tower with Radar,41,3,25,0,69,0,0,90,4,94,41,3,115,4,163,150,0,150,313
07/26/2020,MSN,WI,AGL,CE,Combined TRACON& Tower with Radar,42,3,24,0,69,0,1,48,0,49,42,4,72,0,118,62,0,62,180
07/27/2020,MSN,WI,AGL,CE,Combined TRACON& Tower with Radar,46,11,33,19,109,0,0,50,4,54,46,11,83,23,163,22,2,24,187
07/28/2020,MSN,WI,AGL,CE,Combined TRACON& Tower with Radar,39,10,38,17,104,0,2,72,22,96,39,12,110,39,200,42,0,42,242
07/29/2020,MSN,WI,AGL,CE,Combined TRACON& Tower with Radar,43,8,32,20,103,0,0,97,21,118,43,8,129,41,221,54,0,54,275
07/30/2020,MSN,WI,AGL,CE,Combined TRACON& Tower with Radar,45,11,47,7,110,0,0,94,18,112,45,11,141,25,222,42,0,42,264
07/31/2020,MSN,WI,AGL,CE,Combined TRACON& Tower with Radar,46,6,22,0,74,0,1,85,0,86,46,7,107,0,160,60,0,60,220
08/01/2020,MSN,WI,AGL,CE,Combined TRACON& Tower with Radar,45,13,27,1,86,0,0,114,2,116,45,13,141,3,202,38,0,38,240
08/02/2020,MSN,WI,AGL,CE,Combined TRACON& Tower with Radar,46,5,27,0,78,0,0,32,0,32,46,5,59,0,110,6,0,6,116
08/03/2020,MSN,WI,AGL,CE,Combined TRACON& Tower with Radar,54,7,44,14,119,0,0,16,5,21,54,7,60,19,140,42,0,42,182
08/04/2020,MSN,WI,AGL,CE,Combined TRACON& Tower with Radar,48,8,39,18,113,0,0,77,14,91,48,8,116,32,204,132,0,132,336
08/05/2020,MSN,WI,AGL,CE,Combined TRACON& Tower with Radar,55,10,43,21,129,0,2,73,19,94,55,12,116,40,223,60,0,60,283
08/06/2020,MSN,WI,AGL,CE,Combined TRACON& Tower with Radar,55,9,37,8,109,0,2,93,20,115,55,11,130,28,224,50,0,50,274
08/07/2020,MSN,WI,AGL,CE,Combined TRACON& Tower with Radar,54,15,32,3,104,0,4,81,3,88,54,19,113,6,192,66,0,66,258
08/08/2020,MSN,WI,AGL,CE,Combined TRACON& Tower with Radar,52,6,19,0,77,0,0,52,4,56,52,6,71,4,133,24,0,24,157
08/09/2020,MSN,WI,AGL,CE,Combined TRACON& Tower with Radar,50,1,22,0,73,0,0,24,0,24,50,1,46,0,97,74,0,74,171
08/10/2020,MSN,WI,AGL,CE,Combined TRACON& Tower with Radar,54,7,28,11,100,0,0,1,0,1,54,7,29,11,101,12,0,12,113
08/11/2020,MSN,WI,AGL,CE,Combined TRACON& Tower with Radar,51,15,29,16,111,0,0,119,5,124,51,15,148,21,235,110,0,110,345
08/12/2020,MSN,WI,AGL,CE,Combined TRACON& Tower with Radar,54,7,22,14,97,0,0,79,6,85,54,7,101,20,182,112,0,112,294
08/13/2020,MSN,WI,AGL,CE,Combined TRACON& Tower with Radar,55,9,49,11,124,0,2,72,13,87,55,11,121,24,211,86,0,86,297
08/14/2020,MSN,WI,AGL,CE,Combined TRACON& Tower with Radar,52,12,29,2,95,0,0,77,2,79,52,12,106,4,174,48,0,48,222
08/15/2020,MSN,WI,AGL,CE,Combined TRACON& Tower with Radar,50,8,23,0,81,0,0,27,2,29,50,8,50,2,110,2,0,2,112
08/16/2020,MSN,WI,AGL,CE,Combined TRACON& Tower with Radar,49,8,30,0,87,0,0,88,2,90,49,8,118,2,177,40,0,40,217
08/17/2020,MSN,WI,AGL,CE,Combined TRACON& Tower with Radar,53,15,31,9,108,0,4,43,11,58,53,19,74,20,166,38,0,38,204
08/18/2020,MSN,WI,AGL,CE,Combined TRACON& Tower with Radar,51,15,31,7,104,0,1,76,15,92,51,16,107,22,196,56,0,56,252
08/19/2020,MSN,WI,AGL,CE,Combined TRACON& Tower with Radar,54,8,40,10,112,0,0,74,6,80,54,8,114,16,192,28,0,28,220
08/20/2020,MSN,WI,AGL,CE,Combined TRACON& Tower with Radar,55,8,49,9,121,0,0,84,5,89,55,8,133,14,210,54,0,54,264
08/21/2020,MSN,WI,AGL,CE,Combined TRACON& Tower with Radar,52,10,36,1,99,0,2,80,5,87,52,12,116,6,186,34,0,34,220
08/22/2020,MSN,WI,AGL,CE,Combined TRACON& Tower with Radar,52,10,25,12,99,0,0,78,6,84,52,10,103,18,183,104,0,104,287
08/23/2020,MSN,WI,AGL,CE,Combined TRACON& Tower with Radar,50,9,19,0,78,0,0,81,0,81,50,9,100,0,159,70,0,70,229
08/24/2020,MSN,WI,AGL,CE,Combined TRACON& Tower with Radar,54,13,31,16,114,0,0,62,4,66,54,13,93,20,180,44,0,44,224
08/25/2020,MSN,WI,AGL,CE,Combined TRACON& Tower with Radar,52,12,20,13,97,0,0,49,12,61,52,12,69,25,158,112,2,114,272
08/26/2020,MSN,WI,AGL,CE,Combined TRACON& Tower with Radar,52,27,29,16,124,0,0,66,14,80,52,27,95,30,204,70,0,70,274
08/27/2020,MSN,WI,AGL,CE,Combined TRACON& Tower with Radar,60,14,38,17,129,0,0,41,10,51,60,14,79,27,180,28,0,28,208
08/28/2020,MSN,WI,AGL,CE,Combined TRACON& Tower with Radar,55,14,15,0,84,0,0,17,0,17,55,14,32,0,101,18,0,18,119
08/29/2020,MSN,WI,AGL,CE,Combined TRACON& Tower with Radar,50,5,45,0,100,0,0,90,0,90,50,5,135,0,190,48,0,48,238
08/30/2020,MSN,WI,AGL,CE,Combined TRACON& Tower with Radar,46,7,37,0,90,0,0,100,4,104,46,7,137,4,194,26,0,26,220
08/31/2020,MSN,WI,AGL,CE,Combined TRACON& Tower with Radar,53,11,27,0,91,0,0,15,0,15,53,11,42,0,106,44,0,44,150
09/01/2020,MSN,WI,AGL,CE,Combined TRACON& Tower with Radar,47,11,20,7,85,0,0,42,12,54,47,11,62,19,139,50,0,50,189
09/02/2020,MSN,WI,AGL,CE,Combined TRACON& Tower with Radar,48,7,37,18,110,0,2,67,10,79,48,9,104,28,189,48,0,48,237
09/03/2020,MSN,WI,AGL,CE,Combined TRACON& Tower with Radar,55,11,29,11,106,0,2,10,12,24,55,13,39,23,130,2,0,2,132
09/04/2020,MSN,WI,AGL,CE,Combined TRACON& Tower with Radar,54,6,46,1,107,0,3,72,1,76,54,9,118,2,183,102,0,102,285
09/05/2020,MSN,WI,AGL,CE,Combined TRACON& Tower with Radar,41,10,29,0,80,0,6,97,0,103,41,16,126,0,183,42,0,42,225
09/06/2020,MSN,WI,AGL,CE,Combined TRACON& Tower with Radar,44,9,5,0,58,0,0,8,0,8,44,9,13,0,66,4,0,4,70
09/07/2020,MSN,WI,AGL,CE,Combined TRACON& Tower with Radar,46,8,29,0,83,0,2,70,0,72,46,10,99,0,155,44,0,44,199
09/08/2020,MSN,WI,AGL,CE,Combined TRACON& Tower with Radar,47,9,20,10,86,0,0,6,0,6,47,9,26,10,92,2,0,2,94
09/09/2020,MSN,WI,AGL,CE,Combined TRACON& Tower with Radar,45,9,36,14,104,0,0,0,0,0,45,9,36,14,104,0,0,0,104
09/10/2020,MSN,WI,AGL,CE,Combined TRACON& Tower with Radar,49,16,49,22,136,0,0,0,0,0,49,16,49,22,136,0,2,2,138
09/11/2020,MSN,WI,AGL,CE,Combined TRACON& Tower with Radar,49,14,33,18,114,0,0,17,0,17,49,14,50,18,131,78,0,78,209
09/12/2020,MSN,WI,AGL,CE,Combined TRACON& Tower with Radar,42,6,34,1,83,0,0,0,0,0,42,6,34,1,83,0,0,0,83
09/13/2020,MSN,WI,AGL,CE,Combined TRACON& Tower with Radar,45,6,32,2,85,0,0,50,0,50,45,6,82,2,135,34,4,38,173
09/14/2020,MSN,WI,AGL,CE,Combined TRACON& Tower with Radar,45,7,51,18,121,0,0,43,9,52,45,7,94,27,173,32,0,32,205
09/15/2020,MSN,WI,AGL,CE,Combined TRACON& Tower with Radar,46,9,31,14,100,0,0,58,17,75,46,9,89,31,175,54,0,54,229
09/16/2020,MSN,WI,AGL,CE,Combined TRACON& Tower with Radar,44,10,30,21,105,0,0,48,11,59,44,10,78,32,164,136,0,136,300
09/17/2020,MSN,WI,AGL,CE,Combined TRACON& Tower with Radar,50,16,39,11,116,0,2,65,14,81,50,18,104,25,197,70,0,70,267
09/18/2020,MSN,WI,AGL,CE,Combined TRACON& Tower with Radar,49,15,43,0,107,0,0,66,2,68,49,15,109,2,175,68,0,68,243
09/19/2020,MSN,WI,AGL,CE,Combined TRACON& Tower with Radar,43,9,23,0,75,0,4,88,0,92,43,13,111,0,167,42,0,42,209
09/20/2020,MSN,WI,AGL,CE,Combined TRACON& Tower with Radar,46,15,37,2,100,0,0,60,0,60,46,15,97,2,160,26,0,26,186
09/21/2020,MSN,WI,AGL,CE,Combined TRACON& Tower with Radar,45,9,29,15,98,0,4,42,6,52,45,13,71,21,150,26,0,26,176
09/22/2020,MSN,WI,AGL,CE,Combined TRACON& Tower with Radar,44,17,19,14,94,0,0,59,9,68,44,17,78,23,162,50,0,50,212
09/23/2020,MSN,WI,AGL,CE,Combined TRACON& Tower with Radar,43,13,45,18,119,0,3,90,9,102,43,16,135,27,221,104,0,104,325
09/24/2020,MSN,WI,AGL,CE,Combined TRACON& Tower with Radar,50,11,43,23,127,0,2,47,9,58,50,13,90,32,185,48,0,48,233
09/25/2020,MSN,WI,AGL,CE,Combined TRACON& Tower with Radar,49,16,46,2,113,0,1,55,6,62,49,17,101,8,175,26,0,26,201
09/26/2020,MSN,WI,AGL,CE,Combined TRACON& Tower with Radar,44,5,19,2,70,0,0,54,0,54,44,5,73,2,124,46,0,46,170
09/27/2020,MSN,WI,AGL,CE,Combined TRACON& Tower with Radar,46,12,20,0,78,0,0,28,0,28,46,12,48,0,106,10,0,10,116
09/28/2020,MSN,WI,AGL,CE,Combined TRACON& Tower with Radar,47,13,25,7,92,0,0,4,1,5,47,13,29,8,97,8,2,10,107
09/29/2020,MSN,WI,AGL,CE,Combined TRACON& Tower with Radar,45,12,30,17,104,0,0,38,11,49,45,12,68,28,153,38,0,38,191
09/30/2020,MSN,WI,AGL,CE,Combined TRACON& Tower with Radar,46,10,20,5,81,0,0,16,10,26,46,10,36,15,107,6,0,6,113
10/01/2020,MSN,WI,AGL,CE,Combined TRACON& Tower with Radar,52,12,37,17,118,0,0,11,11,22,52,12,48,28,140,16,2,18,158
10/02/2020,MSN,WI,AGL,CE,Combined TRACON& Tower with Radar,49,9,47,12,117,0,1,110,0,111,49,10,157,12,228,88,0,88,316
10/03/2020,MSN,WI,AGL,CE,Combined TRACON& Tower with Radar,41,7,26,13,87,0,0,40,1,41,41,7,66,14,128,30,0,30,158
10/04/2020,MSN,WI,AGL,CE,Combined TRACON& Tower with Radar,48,11,40,1,100,0,0,84,2,86,48,11,124,3,186,72,0,72,258
10/05/2020,MSN,WI,AGL,CE,Combined TRACON& Tower with Radar,45,9,24,12,90,0,0,31,9,40,45,9,55,21,130,26,0,26,156
10/06/2020,MSN,WI,AGL,CE,Combined TRACON& Tower with Radar,44,12,43,15,114,0,1,64,12,77,44,13,107,27,191,46,0,46,237
10/07/2020,MSN,WI,AGL,CE,Combined TRACON& Tower with Radar,39,11,40,15,105,0,1,77,14,92,39,12,117,29,197,48,0,48,245
10/08/2020,MSN,WI,AGL,CE,Combined TRACON& Tower with Radar,48,21,38,8,115,0,1,109,12,122,48,22,147,20,237,40,0,40,277
10/09/2020,MSN,WI,AGL,CE,Combined TRACON& Tower with Radar,47,11,26,2,86,0,0,27,0,27,47,11,53,2,113,26,0,26,139
10/10/2020,MSN,WI,AGL,CE,Combined TRACON& Tower with Radar,37,6,25,0,68,0,0,140,1,141,37,6,165,1,209,36,0,36,245
10/11/2020,MSN,WI,AGL,CE,Combined TRACON& Tower with Radar,44,14,35,1,94,0,0,24,1,25,44,14,59,2,119,2,0,2,121
10/12/2020,MSN,WI,AGL,CE,Combined TRACON& Tower with Radar,47,15,12,0,74,0,0,11,0,11,47,15,23,0,85,14,0,14,99
10/13/2020,MSN,WI,AGL,CE,Combined TRACON& Tower with Radar,41,11,22,11,85,0,0,17,10,27,41,11,39,21,112,20,0,20,132
10/14/2020,MSN,WI,AGL,CE,Combined TRACON& Tower with Radar,37,10,21,17,85,0,0,11,12,23,37,10,32,29,108,32,2,34,142
10/15/2020,MSN,WI,AGL,CE,Combined TRACON& Tower with Radar,46,14,28,13,101,0,0,51,12,63,46,14,79,25,164,92,0,92,256
10/16/2020,MSN,WI,AGL,CE,Combined TRACON& Tower with Radar,44,12,42,7,105,0,0,65,5,70,44,12,107,12,175,28,0,28,203
10/17/2020,MSN,WI,AGL,CE,Combined TRACON& Tower with Radar,37,8,10,0,55,0,0,7,2,9,37,8,17,2,64,0,0,0,64
10/18/2020,MSN,WI,AGL,CE,Combined TRACON& Tower with Radar,43,16,21,0,80,0,2,55,0,57,43,18,76,0,137,100,0,100,237
10/19/2020,MSN,WI,AGL,CE,Combined TRACON& Tower with Radar,47,14,37,8,106,0,0,37,5,42,47,14,74,13,148,56,0,56,204
10/20/2020,MSN,WI,AGL,CE,Combined TRACON& Tower with Radar,44,16,29,15,104,0,0,35,9,44,44,16,64,24,148,12,0,12,160
10/21/2020,MSN,WI,AGL,CE,Combined TRACON& Tower with Radar,40,9,28,13,90,0,1,44,9,54,40,10,72,22,144,130,0,130,274
10/22/2020,MSN,WI,AGL,CE,Combined TRACON& Tower with Radar,46,21,20,0,87,0,0,0,0,0,46,21,20,0,87,0,0,0,87
10/23/2020,MSN,WI,AGL,CE,Combined TRACON& Tower with Radar,44,20,33,0,97,0,1,2,0,3,44,21,35,0,100,0,0,0,100
10/24/2020,MSN,WI,AGL,CE,Combined TRACON& Tower with Radar,33,11,14,0,58,0,0,98,0,98,33,11,112,0,156,100,0,100,256
10/25/2020,MSN,WI,AGL,CE,Combined TRACON& Tower with Radar,39,5,23,0,67,0,0,27,0,27,39,5,50,0,94,14,0,14,108
10/26/2020,MSN,WI,AGL,CE,Combined TRACON& Tower with Radar,42,15,26,15,98,0,0,16,3,19,42,15,42,18,117,30,0,30,147
10/27/2020,MSN,WI,AGL,CE,Combined TRACON& Tower with Radar,40,16,30,17,103,0,6,93,11,110,40,22,123,28,213,62,6,68,281
10/28/2020,MSN,WI,AGL,CE,Combined TRACON& Tower with Radar,38,15,26,21,100,0,0,74,8,82,38,15,100,29,182,60,0,60,242
10/29/2020,MSN,WI,AGL,CE,Combined TRACON& Tower with Radar,43,15,22,10,90,0,0,15,15,30,43,15,37,25,120,70,0,70,190
10/30/2020,MSN,WI,AGL,CE,Combined TRACON& Tower with Radar,41,16,34,8,99,0,4,108,3,115,41,20,142,11,214,68,2,70,284
10/31/2020,MSN,WI,AGL,CE,Combined TRACON& Tower with Radar,32,4,17,0,53,0,0,22,3,25,32,4,39,3,78,26,0,26,104
11/01/2020,MSN,WI,AGL,CE,Combined TRACON& Tower with Radar,39,8,17,0,64,0,0,12,0,12,39,8,29,0,76,0,0,0,76
11/02/2020,MSN,WI,AGL,CE,Combined TRACON& Tower with Radar,42,22,19,2,85,0,2,25,1,28,42,24,44,3,113,28,0,28,141
11/03/2020,MSN,WI,AGL,CE,Combined TRACON& Tower with Radar,37,6,33,17,93,0,1,87,10,98,37,7,120,27,191,48,0,48,239
11/04/2020,MSN,WI,AGL,CE,Combined TRACON& Tower with Radar,37,11,25,16,89,0,0,73,6,79,37,11,98,22,168,84,0,84,252
11/05/2020,MSN,WI,AGL,CE,Combined TRACON& Tower with Radar,46,10,31,15,102,0,1,97,10,108,46,11,128,25,210,60,0,60,270
11/06/2020,MSN,WI,AGL,CE,Combined TRACON& Tower with Radar,42,11,25,2,80,0,0,81,2,83,42,11,106,4,163,88,0,88,251
11/07/2020,MSN,WI,AGL,CE,Combined TRACON& Tower with Radar,39,5,33,4,81,0,0,66,15,81,39,5,99,19,162,40,0,40,202
11/08/2020,MSN,WI,AGL,CE,Combined TRACON& Tower with Radar,46,5,21,2,74,0,0,74,0,74,46,5,95,2,148,18,0,18,166
11/09/2020,MSN,WI,AGL,CE,Combined TRACON& Tower with Radar,45,20,12,14,91,0,0,14,2,16,45,20,26,16,107,8,0,8,115
11/10/2020,MSN,WI,AGL,CE,Combined TRACON& Tower with Radar,44,15,31,0,90,0,0,0,0,0,44,15,31,0,90,0,0,0,90
11/11/2020,MSN,WI,AGL,CE,Combined TRACON& Tower with Radar,42,13,40,0,95,0,0,87,0,87,42,13,127,0,182,84,0,84,266
11/12/2020,MSN,WI,AGL,CE,Combined TRACON& Tower with Radar,52,12,20,8,92,0,0,78,10,88,52,12,98,18,180,24,2,26,206
11/13/2020,MSN,WI,AGL,CE,Combined TRACON& Tower with Radar,51,18,24,4,97,0,5,57,0,62,51,23,81,4,159,32,0,32,191
11/14/2020,MSN,WI,AGL,CE,Combined TRACON& Tower with Radar,41,9,27,0,77,0,0,19,0,19,41,9,46,0,96,6,0,6,102
11/15/2020,MSN,WI,AGL,CE,Combined TRACON& Tower with Radar,50,8,8,0,66,0,0,0,0,0,50,8,8,0,66,0,0,0,66
11/16/2020,MSN,WI,AGL,CE,Combined TRACON& Tower with Radar,50,14,13,15,92,0,0,29,8,37,50,14,42,23,129,50,0,50,179
11/17/2020,MSN,WI,AGL,CE,Combined TRACON& Tower with Radar,40,6,38,18,102,0,0,82,11,93,40,6,120,29,195,54,0,54,249
11/18/2020,MSN,WI,AGL,CE,Combined TRACON& Tower with Radar,42,19,24,16,101,0,0,30,9,39,42,19,54,25,140,10,0,10,150
11/19/2020,MSN,WI,AGL,CE,Combined TRACON& Tower with Radar,52,13,31,13,109,0,0,21,12,33,52,13,52,25,142,38,2,40,182
11/20/2020,MSN,WI,AGL,CE,Combined TRACON& Tower with Radar,52,11,30,0,93,0,0,62,0,62,52,11,92,0,155,32,0,32,187
11/21/2020,MSN,WI,AGL,CE,Combined TRACON& Tower with Radar,45,8,24,0,77,0,0,84,0,84,45,8,108,0,161,94,0,94,255
11/22/2020,MSN,WI,AGL,CE,Combined TRACON& Tower with Radar,49,14,20,0,83,0,0,69,0,69,49,14,89,0,152,42,0,42,194
11/23/2020,MSN,WI,AGL,CE,Combined TRACON& Tower with Radar,34,22,27,15,98,0,4,64,5,73,34,26,91,20,171,46,0,46,217
11/24/2020,MSN,WI,AGL,CE,Combined TRACON& Tower with Radar,46,30,21,0,97,0,0,0,0,0,46,30,21,0,97,0,0,0,97
11/25/2020,MSN,WI,AGL,CE,Combined TRACON& Tower with Radar,54,12,25,0,91,0,0,0,0,0,54,12,25,0,91,0,0,0,91
11/26/2020,MSN,WI,AGL,CE,Combined TRACON& Tower with Radar,31,2,7,0,40,0,0,3,0,3,31,2,10,0,43,10,0,10,53
11/27/2020,MSN,WI,AGL,CE,Combined TRACON& Tower with Radar,39,4,24,0,67,0,2,45,0,47,39,6,69,0,114,16,0,16,130
11/28/2020,MSN,WI,AGL,CE,Combined TRACON& Tower with Radar,54,22,47,0,123,0,0,87,0,87,54,22,134,0,210,76,0,76,286
11/29/2020,MSN,WI,AGL,CE,Combined TRACON& Tower with Radar,55,13,22,0,90,0,0,47,0,47,55,13,69,0,137,60,0,60,197
11/30/2020,MSN,WI,AGL,CE,Combined TRACON& Tower with Radar,54,17,21,16,108,0,0,19,3,22,54,17,40,19,130,12,0,12,142
12/01/2020,MSN,WI,AGL,CE,Combined TRACON& Tower with Radar,49,15,25,17,106,0,5,69,16,90,49,20,94,33,196,76,0,76,272
12/02/2020,MSN,WI,AGL,CE,Combined TRACON& Tower with Radar,41,17,35,16,109,0,1,77,11,89,41,18,112,27,198,106,0,106,304
12/03/2020,MSN,WI,AGL,CE,Combined TRACON& Tower with Radar,40,17,23,14,94,0,0,36,13,49,40,17,59,27,143,24,6,30,173
12/04/2020,MSN,WI,AGL,CE,Combined TRACON& Tower with Radar,40,17,34,12,103,0,2,78,2,82,40,19,112,14,185,18,0,18,203
12/05/2020,MSN,WI,AGL,CE,Combined TRACON& Tower with Radar,33,6,28,11,78,0,0,100,6,106,33,6,128,17,184,60,0,60,244
12/06/2020,MSN,WI,AGL,CE,Combined TRACON& Tower with Radar,38,7,37,1,83,0,0,51,0,51,38,7,88,1,134,42,0,42,176
12/07/2020,MSN,WI,AGL,CE,Combined TRACON& Tower with Radar,40,17,15,15,87,0,0,15,2,17,40,17,30,17,104,28,0,28,132
12/08/2020,MSN,WI,AGL,CE,Combined TRACON& Tower with Radar,38,6,12,24,80,0,0,0,1,1,38,6,12,25,81,0,0,0,81
12/09/2020,MSN,WI,AGL,CE,Combined TRACON& Tower with Radar,37,15,30,11,93,0,0,71,14,85,37,15,101,25,178,58,0,58,236
12/10/2020,MSN,WI,AGL,CE,Combined TRACON& Tower with Radar,43,13,35,5,96,0,0,90,14,104,43,13,125,19,200,88,2,90,290
12/11/2020,MSN,WI,AGL,CE,Combined TRACON& Tower with Radar,42,17,16,6,81,0,0,0,0,0,42,17,16,6,81,0,0,0,81
12/12/2020,MSN,WI,AGL,CE,Combined TRACON& Tower with Radar,29,8,5,2,44,0,0,0,0,0,29,8,5,2,44,0,0,0,44
12/13/2020,MSN,WI,AGL,CE,Combined TRACON& Tower with Radar,39,10,21,0,70,0,0,3,0,3,39,10,24,0,73,0,0,0,73
12/14/2020,MSN,WI,AGL,CE,Combined TRACON& Tower with Radar,42,13,31,1,87,0,2,40,6,48,42,15,71,7,135,60,0,60,195
12/15/2020,MSN,WI,AGL,CE,Combined TRACON& Tower with Radar,37,11,19,13,80,0,0,39,16,55,37,11,58,29,135,46,0,46,181
12/16/2020,MSN,WI,AGL,CE,Combined TRACON& Tower with Radar,37,10,21,17,85,0,1,34,22,57,37,11,55,39,142,36,0,36,178
12/17/2020,MSN,WI,AGL,CE,Combined TRACON& Tower with Radar,50,15,37,9,111,0,1,65,8,74,50,16,102,17,185,68,0,68,253
12/18/2020,MSN,WI,AGL,CE,Combined TRACON& Tower with Radar,46,19,28,10,103,0,0,36,1,37,46,19,64,11,140,22,0,22,162
12/19/2020,MSN,WI,AGL,CE,Combined TRACON& Tower with Radar,40,12,22,0,74,0,0,0,0,0,40,12,22,0,74,0,0,0,74
12/20/2020,MSN,WI,AGL,CE,Combined TRACON& Tower with Radar,48,15,37,0,100,0,0,8,0,8,48,15,45,0,108,8,0,8,116
12/21/2020,MSN,WI,AGL,CE,Combined TRACON& Tower with Radar,44,16,22,6,88,0,0,18,4,22,44,16,40,10,110,26,0,26,136
12/22/2020,MSN,WI,AGL,CE,Combined TRACON& Tower with Radar,49,20,39,20,128,0,3,86,9,98,49,23,125,29,226,50,0,50,276
12/23/2020,MSN,WI,AGL,CE,Combined TRACON& Tower with Radar,45,12,13,8,78,0,0,7,5,12,45,12,20,13,90,0,0,0,90
12/24/2020,MSN,WI,AGL,CE,Combined TRACON& Tower with Radar,44,7,8,0,59,0,0,1,0,1,44,7,9,0,60,18,0,18,78
12/25/2020,MSN,WI,AGL,CE,Combined TRACON& Tower with Radar,28,5,9,0,42,0,0,21,0,21,28,5,30,0,63,20,0,20,83
12/26/2020,MSN,WI,AGL,CE,Combined TRACON& Tower with Radar,38,21,31,0,90,0,2,73,0,75,38,23,104,0,165,14,0,14,179
12/27/2020,MSN,WI,AGL,CE,Combined TRACON& Tower with Radar,49,11,25,0,85,0,0,2,0,2,49,11,27,0,87,0,0,0,87
12/28/2020,MSN,WI,AGL,CE,Combined TRACON& Tower with Radar,47,18,24,11,100,0,0,75,4,79,47,18,99,15,179,73,0,73,252
12/29/2020,MSN,WI,AGL,CE,Combined TRACON& Tower with Radar,48,20,25,15,108,0,0,47,6,53,48,20,72,21,161,18,0,18,179
12/30/2020,MSN,WI,AGL,CE,Combined TRACON& Tower with Radar,49,19,19,0,87,0,0,0,0,0,49,19,19,0,87,0,0,0,87
12/31/2020,MSN,WI,AGL,CE,Combined TRACON& Tower with Radar,42,18,26,4,90,0,0,4,0,4,42,18,30,4,94,18,0,18,112
01/01/2021,MSN,WI,AGL,CE,Combined TRACON& Tower with Radar,36,10,3,0,49,0,0,0,0,0,36,10,3,0,49,0,0,0,49
01/02/2021,MSN,WI,AGL,CE,Combined TRACON& Tower with Radar,39,15,21,0,75,0,0,0,0,0,39,15,21,0,75,0,0,0,75
01/03/2021,MSN,WI,AGL,CE,Combined TRACON& Tower with Radar,48,24,15,0,87,0,0,0,0,0,48,24,15,0,87,0,0,0,87
01/04/2021,MSN,WI,AGL,CE,Combined TRACON& Tower with Radar,45,15,6,0,66,0,0,0,0,0,45,15,6,0,66,0,0,0,66
01/05/2021,MSN,WI,AGL,CE,Combined TRACON& Tower with Radar,37,9,27,15,88,0,0,27,6,33,37,9,54,21,121,78,0,78,199
01/06/2021,MSN,WI,AGL,CE,Combined TRACON& Tower with Radar,36,19,16,0,71,0,0,0,0,0,36,19,16,0,71,0,0,0,71
01/07/2021,MSN,WI,AGL,CE,Combined TRACON& Tower with Radar,45,19,9,6,79,0,0,3,5,8,45,19,12,11,87,0,0,0,87
01/08/2021,MSN,WI,AGL,CE,Combined TRACON& Tower with Radar,37,25,20,12,94,0,0,8,0,8,37,25,28,12,102,106,2,108,210
01/09/2021,MSN,WI,AGL,CE,Combined TRACON& Tower with Radar,29,12,35,0,76,0,0,25,0,25,29,12,60,0,101,92,0,92,193
01/10/2021,MSN,WI,AGL,CE,Combined TRACON& Tower with Radar,39,14,16,0,69,0,0,0,0,0,39,14,16,0,69,0,0,0,69
01/11/2021,MSN,WI,AGL,CE,Combined TRACON& Tower with Radar,33,16,13,6,68,0,0,2,0,2,33,16,15,6,70,0,2,2,72
01/12/2021,MSN,WI,AGL,CE,Combined TRACON& Tower with Radar,34,19,23,9,85,0,0,37,11,48,34,19,60,20,133,96,2,98,231
01/13/2021,MSN,WI,AGL,CE,Combined TRACON& Tower with Radar,32,16,50,33,131,0,1,84,19,104,32,17,134,52,235,94,0,94,329
01/14/2021,MSN,WI,AGL,CE,Combined TRACON& Tower with Radar,49,17,15,4,85,0,0,9,2,11,49,17,24,6,96,6,0,6,102
01/15/2021,MSN,WI,AGL,CE,Combined TRACON& Tower with Radar,38,16,10,0,64,0,0,1,0,1,38,16,11,0,65,0,0,0,65
01/16/2021,MSN,WI,AGL,CE,Combined TRACON& Tower with Radar,30,14,13,0,57,0,2,10,0,12,30,16,23,0,69,26,0,26,95
01/17/2021,MSN,WI,AGL,CE,Combined TRACON& Tower with Radar,37,18,26,2,83,0,0,2,0,2,37,18,28,2,85,0,0,0,85
01/18/2021,MSN,WI,AGL,CE,Combined TRACON& Tower with Radar,34,19,27,1,81,0,0,13,3,16,34,19,40,4,97,68,0,68,165
01/19/2021,MSN,WI,AGL,CE,Combined TRACON& Tower with Radar,31,12,20,13,76,0,0,9,2,11,31,12,29,15,87,122,0,122,209
01/20/2021,MSN,WI,AGL,CE,Combined TRACON& Tower with Radar,35,21,28,10,94,0,2,45,22,69,35,23,73,32,163,34,0,34,197
01/21/2021,MSN,WI,AGL,CE,Combined TRACON& Tower with Radar,44,23,32,7,106,0,2,33,8,43,44,25,65,15,149,32,0,32,181
01/22/2021,MSN,WI,AGL,CE,Combined TRACON& Tower with Radar,42,21,30,5,98,0,0,87,7,94,42,21,117,12,192,74,2,76,268
01/23/2021,MSN,WI,AGL,CE,Combined TRACON& Tower with Radar,28,12,37,2,79,0,0,96,0,96,28,12,133,2,175,38,0,38,213
01/24/2021,MSN,WI,AGL,CE,Combined TRACON& Tower with Radar,43,13,8,0,64,0,0,0,0,0,43,13,8,0,64,0,0,0,64
01/25/2021,MSN,WI,AGL,CE,Combined TRACON& Tower with Radar,33,21,17,14,85,0,0,21,5,26,33,21,38,19,111,22,0,22,133
01/26/2021,MSN,WI,AGL,CE,Combined TRACON& Tower with Radar,36,12,10,5,63,0,0,0,9,9,36,12,10,14,72,0,0,0,72
01/27/2021,MSN,WI,AGL,CE,Combined TRACON& Tower with Radar,35,17,32,16,100,0,0,61,22,83,35,17,93,38,183,70,0,70,253
01/28/2021,MSN,WI,AGL,CE,Combined TRACON& Tower with Radar,42,11,36,14,103,0,0,71,10,81,42,11,107,24,184,48,0,48,232
01/29/2021,MSN,WI,AGL,CE,Combined TRACON& Tower with Radar,42,15,35,0,92,0,0,82,0,82,42,15,117,0,174,56,0,56,230
01/30/2021,MSN,WI,AGL,CE,Combined TRACON& Tower with Radar,29,12,23,0,64,0,3,35,0,38,29,15,58,0,102,42,0,42,144
01/31/2021,MSN,WI,AGL,CE,Combined TRACON& Tower with Radar,40,12,15,0,67,0,0,0,0,0,40,12,15,0,67,0,0,0,67
02/01/2021,MSN,WI,AGL,CE,Combined TRACON& Tower with Radar,36,20,15,0,71,0,0,30,2,32,36,20,45,2,103,40,0,40,143
02/02/2021,MSN,WI,AGL,CE,Combined TRACON& Tower with Radar,35,15,29,15,94,0,0,49,16,65,35,15,78,31,159,70,0,70,229
02/03/2021,MSN,WI,AGL,CE,Combined TRACON& Tower with Radar,35,16,40,14,105,0,1,71,12,84,35,17,111,26,189,68,0,68,257
02/04/2021,MSN,WI,AGL,CE,Combined TRACON& Tower with Radar,41,13,13,0,67,0,0,0,0,0,41,13,13,0,67,0,0,0,67
02/05/2021,MSN,WI,AGL,CE,Combined TRACON& Tower with Radar,44,13,17,2,76,0,0,5,0,5,44,13,22,2,81,0,0,0,81
02/06/2021,MSN,WI,AGL,CE,Combined TRACON& Tower with Radar,27,18,26,10,81,0,0,16,2,18,27,18,42,12,99,0,0,0,99
02/07/2021,MSN,WI,AGL,CE,Combined TRACON& Tower with Radar,41,11,8,0,60,0,0,7,0,7,41,11,15,0,67,4,0,4,71
02/08/2021,MSN,WI,AGL,CE,Combined TRACON& Tower with Radar,36,12,16,14,78,0,2,6,9,17,36,14,22,23,95,0,0,0,95
02/09/2021,MSN,WI,AGL,CE,Combined TRACON& Tower with Radar,35,12,19,10,76,0,0,26,18,44,35,12,45,28,120,12,0,12,132
02/10/2021,MSN,WI,AGL,CE,Combined TRACON& Tower with Radar,36,16,30,15,97,0,0,39,15,54,36,16,69,30,151,16,0,16,167
02/11/2021,MSN,WI,AGL,CE,Combined TRACON& Tower with Radar,48,14,20,9,91,0,0,9,7,16,48,14,29,16,107,40,0,40,147
02/12/2021,MSN,WI,AGL,CE,Combined TRACON& Tower with Radar,52,18,20,1,91,0,0,11,0,11,52,18,31,1,102,0,0,0,102
02/13/2021,MSN,WI,AGL,CE,Combined TRACON& Tower with Radar,32,13,13,0,58,0,0,5,0,5,32,13,18,0,63,0,0,0,63
02/14/2021,MSN,WI,AGL,CE,Combined TRACON& Tower with Radar,41,18,15,0,74,0,0,8,0,8,41,18,23,0,82,0,0,0,82
02/15/2021,MSN,WI,AGL,CE,Combined TRACON& Tower with Radar,38,16,16,0,70,0,0,13,0,13,38,16,29,0,83,10,0,10,93
02/16/2021,MSN,WI,AGL,CE,Combined TRACON& Tower with Radar,30,13,26,14,83,0,0,37,7,44,30,13,63,21,127,20,0,20,147
02/17/2021,MSN,WI,AGL,CE,Combined TRACON& Tower with Radar,29,13,36,11,89,0,0,45,10,55,29,13,81,21,144,46,0,46,190
02/18/2021,MSN,WI,AGL,CE,Combined TRACON& Tower with Radar,44,21,24,12,101,0,0,51,8,59,44,21,75,20,160,100,0,100,260
02/19/2021,MSN,WI,AGL,CE,Combined TRACON& Tower with Radar,44,12,35,0,91,0,2,58,2,62,44,14,93,2,153,40,0,40,193
02/20/2021,MSN,WI,AGL,CE,Combined TRACON& Tower with Radar,28,10,42,0,80,0,0,82,2,84,28,10,124,2,164,104,0,104,268
02/21/2021,MSN,WI,AGL,CE,Combined TRACON& Tower with Radar,46,16,23,2,87,0,0,15,0,15,46,16,38,2,102,0,0,0,102
02/22/2021,MSN,WI,AGL,CE,Combined TRACON& Tower with Radar,48,14,24,10,96,0,0,9,0,9,48,14,33,10,105,0,0,0,105
02/23/2021,MSN,WI,AGL,CE,Combined TRACON& Tower with Radar,36,14,33,6,89,0,0,75,16,91,36,14,108,22,180,66,0,66,246
02/24/2021,MSN,WI,AGL,CE,Combined TRACON& Tower with Radar,41,16,34,7,98,0,0,21,17,38,41,16,55,24,136,36,0,36,172
02/25/2021,MSN,WI,AGL,CE,Combined TRACON& Tower with Radar,52,16,45,11,124,0,0,81,20,101,52,16,126,31,225,84,0,84,309
02/26/2021,MSN,WI,AGL,CE,Combined TRACON& Tower with Radar,50,13,48,2,113,0,2,64,9,75,50,15,112,11,188,54,0,54,242
02/27/2021,MSN,WI,AGL,CE,Combined TRACON& Tower with Radar,31,5,35,0,71,0,0,114,0,114,31,5,149,0,185,76,0,76,261
02/28/2021,MSN,WI,AGL,CE,Combined TRACON& Tower with Radar,47,18,21,0,86,0,0,0,0,0,47,18,21,0,86,0,0,0,86
03/01/2021,MSN,WI,AGL,CE,Combined TRACON& Tower with Radar,45,13,37,4,99,0,0,38,2,40,45,13,75,6,139,64,0,64,203
03/02/2021,MSN,WI,AGL,CE,Combined TRACON& Tower with Radar,40,8,28,17,93,0,0,31,13,44,40,8,59,30,137,26,2,28,165
03/03/2021,MSN,WI,AGL,CE,Combined TRACON& Tower with Radar,41,6,52,9,108,0,0,73,18,91,41,6,125,27,199,116,0,116,315
03/04/2021,MSN,WI,AGL,CE,Combined TRACON& Tower with Radar,59,14,24,9,106,0,0,48,13,61,59,14,72,22,167,26,0,26,193
03/05/2021,MSN,WI,AGL,CE,Combined TRACON& Tower with Radar,55,17,40,4,116,0,0,86,2,88,55,17,126,6,204,80,0,80,284
03/06/2021,MSN,WI,AGL,CE,Combined TRACON& Tower with Radar,40,12,25,0,77,0,0,123,2,125,40,12,148,2,202,90,0,90,292
03/07/2021,MSN,WI,AGL,CE,Combined TRACON& Tower with Radar,53,10,36,1,100,0,0,97,5,102,53,10,133,6,202,24,0,24,226
03/08/2021,MSN,WI,AGL,CE,Combined TRACON& Tower with Radar,54,16,41,8,119,0,0,64,7,71,54,16,105,15,190,156,0,156,346
03/09/2021,MSN,WI,AGL,CE,Combined TRACON& Tower with Radar,46,20,29,13,108,0,2,46,12,60,46,22,75,25,168,30,0,30,198
03/10/2021,MSN,WI,AGL,CE,Combined TRACON& Tower with Radar,48,16,34,4,102,0,0,1,6,7,48,16,35,10,109,0,0,0,109
03/11/2021,MSN,WI,AGL,CE,Combined TRACON& Tower with Radar,58,18,37,5,118,0,0,20,19,39,58,18,57,24,157,4,4,8,165
03/12/2021,MSN,WI,AGL,CE,Combined TRACON& Tower with Radar,53,18,34,2,107,0,0,86,3,89,53,18,120,5,196,38,0,38,234
03/13/2021,MSN,WI,AGL,CE,Combined TRACON& Tower with Radar,40,7,40,0,87,0,0,102,3,105,40,7,142,3,192,64,0,64,256
03/14/2021,MSN,WI,AGL,CE,Combined TRACON& Tower with Radar,46,10,19,4,79,0,0,41,0,41,46,10,60,4,120,30,0,30,150
03/15/2021,MSN,WI,AGL,CE,Combined TRACON& Tower with Radar,54,10,15,0,79,0,0,3,0,3,54,10,18,0,82,0,0,0,82
03/16/2021,MSN,WI,AGL,CE,Combined TRACON& Tower with Radar,45,11,19,9,84,0,0,4,5,9,45,11,23,14,93,0,0,0,93
03/17/2021,MSN,WI,AGL,CE,Combined TRACON& Tower with Radar,47,13,27,2,89,0,0,0,0,0,47,13,27,2,89,0,2,2,91
03/18/2021,MSN,WI,AGL,CE,Combined TRACON& Tower with Radar,56,15,14,4,89,0,0,12,8,20,56,15,26,12,109,6,2,8,117
03/19/2021,MSN,WI,AGL,CE,Combined TRACON& Tower with Radar,53,7,38,0,98,0,0,107,7,114,53,7,145,7,212,56,0,56,268
03/20/2021,MSN,WI,AGL,CE,Combined TRACON& Tower with Radar,40,15,32,5,92,0,0,119,0,119,40,15,151,5,211,90,0,90,301
03/21/2021,MSN,WI,AGL,CE,Combined TRACON& Tower with Radar,55,7,14,5,81,0,0,48,0,48,55,7,62,5,129,30,0,30,159
03/22/2021,MSN,WI,AGL,CE,Combined TRACON& Tower with Radar,54,13,38,23,128,0,1,42,9,52,54,14,80,32,180,62,0,62,242
03/23/2021,MSN,WI,AGL,CE,Combined TRACON& Tower with Radar,47,14,32,19,112,0,0,23,7,30,47,14,55,26,142,0,0,0,142
03/24/2021,MSN,WI,AGL,CE,Combined TRACON& Tower with Radar,45,14,36,15,110,0,0,0,2,2,45,14,36,17,112,0,0,0,112
03/25/2021,MSN,WI,AGL,CE,Combined TRACON& Tower with Radar,58,15,26,14,113,0,0,7,6,13,58,15,33,20,126,38,0,38,164
03/26/2021,MSN,WI,AGL,CE,Combined TRACON& Tower with Radar,54,19,48,4,125,0,0,39,7,46,54,19,87,11,171,54,0,54,225
03/27/2021,MSN,WI,AGL,CE,Combined TRACON& Tower with Radar,45,23,57,0,125,0,0,0,0,0,45,23,57,0,125,0,0,0,125
03/28/2021,MSN,WI,AGL,CE,Combined TRACON& Tower with Radar,52,9,19,0,80,0,0,21,0,21,52,9,40,0,101,12,0,12,113
03/29/2021,MSN,WI,AGL,CE,Combined TRACON& Tower with Radar,54,11,8,12,85,0,0,28,5,33,54,11,36,17,118,28,2,30,148
03/30/2021,MSN,WI,AGL,CE,Combined TRACON& Tower with Radar,46,20,40,14,120,0,2,42,18,62,46,22,82,32,182,60,2,62,244
03/31/2021,MSN,WI,AGL,CE,Combined TRACON& Tower with Radar,49,21,43,15,128,0,2,65,14,81,49,23,108,29,209,64,0,64,273
04/01/2021,MSN,WI,AGL,CE,Combined TRACON& Tower with Radar,59,11,46,14,130,0,0,117,15,132,59,11,163,29,262,44,0,44,306
04/02/2021,MSN,WI,AGL,CE,Combined TRACON& Tower with Radar,56,13,43,3,115,0,0,91,5,96,56,13,134,8,211,20,0,20,231
04/03/2021,MSN,WI,AGL,CE,Combined TRACON& Tower with Radar,43,11,36,0,90,0,2,93,0,95,43,13,129,0,185,46,0,46,231
04/04/2021,MSN,WI,AGL,CE,Combined TRACON& Tower with Radar,58,11,33,0,102,0,0,77,2,79,58,11,110,2,181,22,0,22,203
04/05/2021,MSN,WI,AGL,CE,Combined TRACON& Tower with Radar,58,11,42,0,111,0,0,45,4,49,58,11,87,4,160,58,0,58,218
04/06/2021,MSN,WI,AGL,CE,Combined TRACON& Tower with Radar,50,21,27,13,111,0,0,57,13,70,50,21,84,26,181,110,0,110,291
04/07/2021,MSN,WI,AGL,CE,Combined TRACON& Tower with Radar,46,15,45,12,118,0,2,49,5,56,46,17,94,17,174,30,2,32,206
04/08/2021,MSN,WI,AGL,CE,Combined TRACON& Tower with Radar,61,14,48,8,131,0,0,1,0,1,61,14,49,8,132,2,6,8,140
04/09/2021,MSN,WI,AGL,CE,Combined TRACON& Tower with Radar,57,10,51,2,120,0,0,7,0,7,57,10,58,2,127,44,0,44,171
04/10/2021,MSN,WI,AGL,CE,Combined TRACON& Tower with Radar,43,9,37,8,97,0,0,0,0,0,43,9,37,8,97,14,0,14,111
04/11/2021,MSN,WI,AGL,CE,Combined TRACON& Tower with Radar,57,11,45,8,121,0,0,0,0,0,57,11,45,8,121,0,0,0,121
04/12/2021,MSN,WI,AGL,CE,Combined TRACON& Tower with Radar,59,9,32,18,118,0,2,20,2,24,59,11,52,20,142,0,0,0,142
04/13/2021,MSN,WI,AGL,CE,Combined TRACON& Tower with Radar,48,11,40,15,114,0,0,25,6,31,48,11,65,21,145,78,0,78,223
04/14/2021,MSN,WI,AGL,CE,Combined TRACON& Tower with Radar,47,11,35,16,109,0,0,36,0,36,47,11,71,16,145,16,0,16,161
04/15/2021,MSN,WI,AGL,CE,Combined TRACON& Tower with Radar,57,19,47,16,139,0,2,41,5,48,57,21,88,21,187,64,0,64,251
04/16/2021,MSN,WI,AGL,CE,Combined TRACON& Tower with Radar,56,17,30,9,112,0,0,107,4,111,56,17,137,13,223,48,0,48,271
04/17/2021,MSN,WI,AGL,CE,Combined TRACON& Tower with Radar,44,9,31,6,90,0,1,90,1,92,44,10,121,7,182,30,0,30,212
04/18/2021,MSN,WI,AGL,CE,Combined TRACON& Tower with Radar,52,9,47,6,114,0,0,109,1,110,52,9,156,7,224,62,0,62,286
04/19/2021,MSN,WI,AGL,CE,Combined TRACON& Tower with Radar,58,10,29,11,108,0,0,19,0,19,58,10,48,11,127,24,0,24,151
04/20/2021,MSN,WI,AGL,CE,Combined TRACON& Tower with Radar,48,9,33,20,110,0,0,46,7,53,48,9,79,27,163,26,0,26,189
04/21/2021,MSN,WI,AGL,CE,Combined TRACON& Tower with Radar,54,19,51,14,138,0,0,43,2,45,54,19,94,16,183,74,0,74,257
04/22/2021,MSN,WI,AGL,CE,Combined TRACON& Tower with Radar,59,15,39,9,122,0,2,78,5,85,59,17,117,14,207,100,0,100,307
04/23/2021,MSN,WI,AGL,CE,Combined TRACON& Tower with Radar,53,19,38,2,112,0,0,61,0,61,53,19,99,2,173,38,0,38,211
04/24/2021,MSN,WI,AGL,CE,Combined TRACON& Tower with Radar,44,4,30,2,80,0,0,76,0,76,44,4,106,2,156,120,0,120,276
04/25/2021,MSN,WI,AGL,CE,Combined TRACON& Tower with Radar,55,16,38,0,109,0,0,105,0,105,55,16,143,0,214,52,0,52,266
04/26/2021,MSN,WI,AGL,CE,Combined TRACON& Tower with Radar,57,16,32,5,110,0,0,21,3,24,57,16,53,8,134,40,0,40,174
04/27/2021,MSN,WI,AGL,CE,Combined TRACON& Tower with Radar,49,12,45,15,121,0,0,58,13,71,49,12,103,28,192,56,0,56,248
04/28/2021,MSN,WI,AGL,CE,Combined TRACON& Tower with Radar,52,21,58,15,146,0,2,36,12,50,52,23,94,27,196,100,0,100,296
04/29/2021,MSN,WI,AGL,CE,Combined TRACON& Tower with Radar,58,16,33,11,118,0,2,26,9,37,58,18,59,20,155,66,0,66,221
04/30/2021,MSN,WI,AGL,CE,Combined TRACON& Tower with Radar,56,13,35,9,113,0,0,91,4,95,56,13,126,13,208,42,0,42,250
05/01/2021,MSN,WI,AGL,CE,Combined TRACON& Tower with Radar,46,6,7,2,61,0,1,11,1,13,46,7,18,3,74,0,0,0,74
05/02/2021,MSN,WI,AGL,CE,Combined TRACON& Tower with Radar,53,19,32,0,104,0,0,61,0,61,53,19,93,0,165,78,0,78,243
05/03/2021,MSN,WI,AGL,CE,Combined TRACON& Tower with Radar,55,10,66,2,133,0,0,2,0,2,55,10,68,2,135,0,0,0,135
05/04/2021,MSN,WI,AGL,CE,Combined TRACON& Tower with Radar,49,14,26,18,107,0,0,35,7,42,49,14,61,25,149,24,0,24,173
05/05/2021,MSN,WI,AGL,CE,Combined TRACON& Tower with Radar,51,21,48,13,133,0,0,85,19,104,51,21,133,32,237,90,2,92,329
05/06/2021,MSN,WI,AGL,CE,Combined TRACON& Tower with Radar,56,12,48,18,134,0,0,26,11,37,56,12,74,29,171,40,0,40,211
05/07/2021,MSN,WI,AGL,CE,Combined TRACON& Tower with Radar,56,25,54,1,136,0,0,55,2,57,56,25,109,3,193,30,0,30,223
05/08/2021,MSN,WI,AGL,CE,Combined TRACON& Tower with Radar,49,23,24,2,98,0,0,88,0,88,49,23,112,2,186,78,0,78,264
05/09/2021,MSN,WI,AGL,CE,Combined TRACON& Tower with Radar,50,16,37,0,103,0,0,50,0,50,50,16,87,0,153,52,0,52,205
05/10/2021,MSN,WI,AGL,CE,Combined TRACON& Tower with Radar,57,12,34,8,111,0,0,44,10,54,57,12,78,18,165,58,0,58,223
05/11/2021,MSN,WI,AGL,CE,Combined TRACON& Tower with Radar,45,21,32,10,108,0,1,78,12,91,45,22,110,22,199,16,0,16,215
05/12/2021,MSN,WI,AGL,CE,Combined TRACON& Tower with Radar,55,13,45,13,126,0,0,66,10,76,55,13,111,23,202,54,0,54,256
05/13/2021,MSN,WI,AGL,CE,Combined TRACON& Tower with Radar,54,20,56,14,144,0,0,61,17,78,54,20,117,31,222,42,0,42,264
05/14/2021,MSN,WI,AGL,CE,Combined TRACON& Tower with Radar,55,13,34,1,103,0,0,74,0,74,55,13,108,1,177,42,0,42,219
05/15/2021,MSN,WI,AGL,CE,Combined TRACON& Tower with Radar,49,6,22,0,77,0,1,14,0,15,49,7,36,0,92,64,0,64,156
05/16/2021,MSN,WI,AGL,CE,Combined TRACON& Tower with Radar,49,12,39,0,100,0,0,39,2,41,49,12,78,2,141,70,0,70,211
05/17/2021,MSN,WI,AGL,CE,Combined TRACON& Tower with Radar,54,20,49,13,136,0,0,71,8,79,54,20,120,21,215,158,0,158,373
05/18/2021,MSN,WI,AGL,CE,Combined TRACON& Tower with Radar,53,21,42,22,138,0,0,19,4,23,53,21,61,26,161,2,0,2,163
05/19/2021,MSN,WI,AGL,CE,Combined TRACON& Tower with Radar,58,16,73,15,162,0,0,9,10,19,58,16,82,25,181,14,0,14,195
05/20/2021,MSN,WI,AGL,CE,Combined TRACON& Tower with Radar,53,15,53,7,128,0,0,42,18,60,53,15,95,25,188,62,2,64,252
05/21/2021,MSN,WI,AGL,CE,Combined TRACON& Tower with Radar,55,14,47,2,118,0,0,26,0,26,55,14,73,2,144,22,0,22,166
05/22/2021,MSN,WI,AGL,CE,Combined TRACON& Tower with Radar,49,5,39,0,93,0,2,87,4,93,49,7,126,4,186,76,0,76,262
05/23/2021,MSN,WI,AGL,CE,Combined TRACON& Tower with Radar,50,10,22,2,84,0,0,10,0,10,50,10,32,2,94,54,0,54,148
05/24/2021,MSN,WI,AGL,CE,Combined TRACON& Tower with Radar,56,11,39,4,110,0,0,53,8,61,56,11,92,12,171,40,0,40,211
05/25/2021,MSN,WI,AGL,CE,Combined TRACON& Tower with Radar,53,22,29,16,120,0,0,30,14,44,53,22,59,30,164,40,0,40,204
05/26/2021,MSN,WI,AGL,CE,Combined TRACON& Tower with Radar,57,13,76,15,161,0,0,109,16,125,57,13,185,31,286,56,0,56,342
05/27/2021,MSN,WI,AGL,CE,Combined TRACON& Tower with Radar,53,18,44,2,117,0,0,13,2,15,53,18,57,4,132,0,0,0,132
05/28/2021,MSN,WI,AGL,CE,Combined TRACON& Tower with Radar,56,19,33,7,115,0,0,7,1,8,56,19,40,8,123,0,0,0,123
05/29/2021,MSN,WI,AGL,CE,Combined TRACON& Tower with Radar,41,12,37,0,90,0,0,118,0,118,41,12,155,0,208,136,0,136,344
05/30/2021,MSN,WI,AGL,CE,Combined TRACON& Tower with Radar,45,2,21,0,68,0,0,93,2,95,45,2,114,2,163,78,0,78,241
05/31/2021,MSN,WI,AGL,CE,Combined TRACON& Tower with Radar,53,19,20,0,92,0,0,61,0,61,53,19,81,0,153,60,0,60,213
06/01/2021,MSN,WI,AGL,CE,Combined TRACON& Tower with Radar,55,16,37,5,113,0,0,83,2,85,55,16,120,7,198,38,0,38,236
06/02/2021,MSN,WI,AGL,CE,Combined TRACON& Tower with Radar,58,26,44,15,143,0,2,79,9,90,58,28,123,24,233,106,0,106,339
06/03/2021,MSN,WI,AGL,CE,Combined TRACON& Tower with Radar,48,18,34,17,117,0,0,77,9,86,48,18,111,26,203,54,0,54,257
06/04/2021,MSN,WI,AGL,CE,Combined TRACON& Tower with Radar,50,23,24,13,110,0,0,34,4,38,50,23,58,17,148,20,0,20,168
06/05/2021,MSN,WI,AGL,CE,Combined TRACON& Tower with Radar,51,26,28,11,116,0,0,89,5,94,51,26,117,16,210,146,0,146,356
06/06/2021,MSN,WI,AGL,CE,Combined TRACON& Tower with Radar,48,18,16,0,82,0,0,50,0,50,48,18,66,0,132,96,0,96,228
06/07/2021,MSN,WI,AGL,CE,Combined TRACON& Tower with Radar,50,32,55,24,161,0,0,35,5,40,50,32,90,29,201,12,0,12,213
06/08/2021,MSN,WI,AGL,CE,Combined TRACON& Tower with Radar,48,27,38,14,127,0,0,37,6,43,48,27,75,20,170,32,0,32,202
06/09/2021,MSN,WI,AGL,CE,Combined TRACON& Tower with Radar,55,29,56,29,169,0,0,73,23,96,55,29,129,52,265,52,2,54,319
06/10/2021,MSN,WI,AGL,CE,Combined TRACON& Tower with Radar,54,29,56,15,154,0,2,95,13,110,54,31,151,28,264,62,0,62,326
06/11/2021,MSN,WI,AGL,CE,Combined TRACON& Tower with Radar,54,30,40,1,125,0,0,59,2,61,54,30,99,3,186,12,0,12,198
06/12/2021,MSN,WI,AGL,CE,Combined TRACON& Tower with Radar,54,25,25,3,107,0,0,60,0,60,54,25,85,3,167,180,0,180,347
06/13/2021,MSN,WI,AGL,CE,Combined TRACON& Tower with Radar,46,30,28,1,105,0,0,91,1,92,46,30,119,2,197,138,0,138,335
06/14/2021,MSN,WI,AGL,CE,Combined TRACON& Tower with Radar,53,31,34,11,129,0,0,58,3,61,53,31,92,14,190,104,0,104,294
06/15/2021,MSN,WI,AGL,CE,Combined TRACON& Tower with Radar,47,28,38,11,124,0,0,86,20,106,47,28,124,31,230,106,0,106,336
06/16/2021,MSN,WI,AGL,CE,Combined TRACON& Tower with Radar,48,32,44,8,132,0,2,87,14,103,48,34,131,22,235,74,0,74,309
06/17/2021,MSN,WI,AGL,CE,Combined TRACON& Tower with Radar,51,25,34,15,125,0,0,43,15,58,51,25,77,30,183,8,2,10,193
06/18/2021,MSN,WI,AGL,CE,Combined TRACON& Tower with Radar,56,27,46,6,135,0,0,45,0,45,56,27,91,6,180,70,0,70,250
06/19/2021,MSN,WI,AGL,CE,Combined TRACON& Tower with Radar,48,28,29,1,106,0,0,106,1,107,48,28,135,2,213,154,0,154,367
06/20/2021,MSN,WI,AGL,CE,Combined TRACON& Tower with Radar,44,20,24,0,88,0,0,22,1,23,44,20,46,1,111,36,0,36,147
06/21/2021,MSN,WI,AGL,CE,Combined TRACON& Tower with Radar,52,21,37,9,119,0,0,31,3,34,52,21,68,12,153,14,0,14,167
06/22/2021,MSN,WI,AGL,CE,Combined TRACON& Tower with Radar,48,29,57,13,147,0,0,85,22,107,48,29,142,35,254,94,2,96,350
06/23/2021,MSN,WI,AGL,CE,Combined TRACON& Tower with Radar,48,27,61,17,153,0,0,14,11,25,48,27,75,28,178,14,0,14,192
06/24/2021,MSN,WI,AGL,CE,Combined TRACON& Tower with Radar,51,24,34,11,120,0,0,10,8,18,51,24,44,19,138,24,0,24,162
06/25/2021,MSN,WI,AGL,CE,Combined TRACON& Tower with Radar,54,21,51,2,128,0,0,5,1,6,54,21,56,3,134,0,0,0,134
06/26/2021,MSN,WI,AGL,CE,Combined TRACON& Tower with Radar,51,20,24,3,98,0,0,3,0,3,51,20,27,3,101,0,0,0,101
06/27/2021,MSN,WI,AGL,CE,Combined TRACON& Tower with Radar,48,21,41,4,114,0,0,35,0,35,48,21,76,4,149,78,0,78,227
06/28/2021,MSN,WI,AGL,CE,Combined TRACON& Tower with Radar,54,26,36,20,136,0,0,29,2,31,54,26,65,22,167,54,0,54,221
06/29/2021,MSN,WI,AGL,CE,Combined TRACON& Tower with Radar,50,37,34,9,130,0,0,2,0,2,50,37,36,9,132,6,0,6,138
06/30/2021,MSN,WI,AGL,CE,Combined TRACON& Tower with Radar,49,44,57,26,176,0,8,80,10,98,49,52,137,36,274,34,0,34,308
07/01/2021,MSN,WI,AGL,CE,Combined TRACON& Tower with Radar,51,38,34,6,129,0,0,81,13,94,51,38,115,19,223,70,0,70,293
07/02/2021,MSN,WI,AGL,CE,Combined TRACON& Tower with Radar,52,41,39,0,132,0,0,112,0,112,52,41,151,0,244,64,0,64,308
07/03/2021,MSN,WI,AGL,CE,Combined TRACON& Tower with Radar,47,18,24,0,89,0,0,100,1,101,47,18,124,1,190,50,0,50,240
07/04/2021,MSN,WI,AGL,CE,Combined TRACON& Tower with Radar,43,17,6,2,68,0,0,56,4,60,43,17,62,6,128,20,0,20,148
07/05/2021,MSN,WI,AGL,CE,Combined TRACON& Tower with Radar,52,22,24,0,98,0,0,53,0,53,52,22,77,0,151,22,0,22,173
07/06/2021,MSN,WI,AGL,CE,Combined TRACON& Tower with Radar,54,23,26,14,117,0,0,58,6,64,54,23,84,20,181,70,0,70,251
07/07/2021,MSN,WI,AGL,CE,Combined TRACON& Tower with Radar,58,24,25,6,113,0,0,0,0,0,58,24,25,6,113,22,4,26,139
07/08/2021,MSN,WI,AGL,CE,Combined TRACON& Tower with Radar,54,32,56,21,163,0,2,23,8,33,54,34,79,29,196,22,4,26,222
07/09/2021,MSN,WI,AGL,CE,Combined TRACON& Tower with Radar,56,26,51,3,136,0,0,96,1,97,56,26,147,4,233,136,0,136,369
07/10/2021,MSN,WI,AGL,CE,Combined TRACON& Tower with Radar,52,20,27,3,102,0,5,102,1,108,52,25,129,4,210,96,0,96,306
07/11/2021,MSN,WI,AGL,CE,Combined TRACON& Tower with Radar,47,29,32,0,108,0,0,57,0,57,47,29,89,0,165,40,0,40,205
07/12/2021,MSN,WI,AGL,CE,Combined TRACON& Tower with Radar,57,24,33,20,134,0,0,12,4,16,57,24,45,24,150,46,4,50,200
07/13/2021,MSN,WI,AGL,CE,Combined TRACON& Tower with Radar,52,28,52,21,153,0,0,64,5,69,52,28,116,26,222,60,0,60,282
07/14/2021,MSN,WI,AGL,CE,Combined TRACON& Tower with Radar,51,29,40,7,127,0,3,44,0,47,51,32,84,7,174,20,0,20,194
07/15/2021,MSN,WI,AGL,CE,Combined TRACON& Tower with Radar,55,39,61,18,173,0,2,37,11,50,55,41,98,29,223,56,0,56,279
07/16/2021,MSN,WI,AGL,CE,Combined TRACON& Tower with Radar,57,26,42,5,130,0,1,80,0,81,57,27,122,5,211,78,0,78,289
07/17/2021,MSN,WI,AGL,CE,Combined TRACON& Tower with Radar,53,21,27,1,102,0,2,88,0,90,53,23,115,1,192,114,0,114,306
07/18/2021,MSN,WI,AGL,CE,Combined TRACON& Tower with Radar,51,23,29,0,103,0,0,71,0,71,51,23,100,0,174,54,0,54,228
07/19/2021,MSN,WI,AGL,CE,Combined TRACON& Tower with Radar,60,29,39,13,141,0,0,86,7,93,60,29,125,20,234,68,0,68,302
07/20/2021,MSN,WI,AGL,CE,Combined TRACON& Tower with Radar,53,33,47,21,154,0,6,70,7,83,53,39,117,28,237,44,0,44,281
07/21/2021,MSN,WI,AGL,CE,Combined TRACON& Tower with Radar,56,37,62,24,179,0,0,49,10,59,56,37,111,34,238,174,0,174,412
07/22/2021,MSN,WI,AGL,CE,Combined TRACON& Tower with Radar,56,40,55,18,169,0,1,60,7,68,56,41,115,25,237,88,0,88,325
07/23/2021,MSN,WI,AGL,CE,Combined TRACON& Tower with Radar,57,33,54,6,150,0,2,99,4,105,57,35,153,10,255,32,0,32,287
07/24/2021,MSN,WI,AGL,CE,Combined TRACON& Tower with Radar,53,25,20,0,98,0,0,92,4,96,53,25,112,4,194,40,0,40,234
07/25/2021,MSN,WI,AGL,CE,Combined TRACON& Tower with Radar,45,27,39,2,113,0,1,118,0,119,45,28,157,2,232,12,0,12,244
07/26/2021,MSN,WI,AGL,CE,Combined TRACON& Tower with Radar,58,22,44,45,169,0,0,63,2,65,58,22,107,47,234,64,44,108,342
07/27/2021,MSN,WI,AGL,CE,Combined TRACON& Tower with Radar,52,26,42,14,134,0,1,44,11,56,52,27,86,25,190,42,6,48,238
07/28/2021,MSN,WI,AGL,CE,Combined TRACON& Tower with Radar,59,32,79,33,203,0,0,81,11,92,59,32,160,44,295,62,0,62,357
07/29/2021,MSN,WI,AGL,CE,Combined TRACON& Tower with Radar,54,36,50,24,164,0,0,52,19,71,54,36,102,43,235,4,0,4,239
07/30/2021,MSN,WI,AGL,CE,Combined TRACON& Tower with Radar,57,33,41,6,137,0,0,80,8,88,57,33,121,14,225,58,0,58,283
07/31/2021,MSN,WI,AGL,CE,Combined TRACON& Tower with Radar,55,30,38,4,127,0,2,45,7,54,55,32,83,11,181,46,2,48,229
08/01/2021,MSN,WI,AGL,CE,Combined TRACON& Tower with Radar,50,29,46,8,133,0,3,71,10,84,50,32,117,18,217,10,0,10,227
08/02/2021,MSN,WI,AGL,CE,Combined TRACON& Tower with Radar,54,29,46,19,148,0,2,64,5,71,54,31,110,24,219,52,2,54,273
08/03/2021,MSN,WI,AGL,CE,Combined TRACON& Tower with Radar,51,30,51,16,148,0,0,76,14,90,51,30,127,30,238,84,0,84,322
08/04/2021,MSN,WI,AGL,CE,Combined TRACON& Tower with Radar,59,25,48,16,148,0,0,114,4,118,59,25,162,20,266,72,0,72,338
08/05/2021,MSN,WI,AGL,CE,Combined TRACON& Tower with Radar,56,27,27,19,129,0,0,61,11,72,56,27,88,30,201,34,0,34,235
08/06/2021,MSN,WI,AGL,CE,Combined TRACON& Tower with Radar,57,26,27,9,119,0,0,13,0,13,57,26,40,9,132,74,0,74,206
08/07/2021,MSN,WI,AGL,CE,Combined TRACON& Tower with Radar,51,20,16,2,89,0,0,12,1,13,51,20,28,3,102,40,0,40,142
08/08/2021,MSN,WI,AGL,CE,Combined TRACON& Tower with Radar,48,22,19,7,96,0,2,17,3,22,48,24,36,10,118,28,0,28,146
08/09/2021,MSN,WI,AGL,CE,Combined TRACON& Tower with Radar,67,14,26,11,118,0,0,10,0,10,67,14,36,11,128,14,0,14,142
08/10/2021,MSN,WI,AGL,CE,Combined TRACON& Tower with Radar,52,26,31,20,129,0,3,33,8,44,52,29,64,28,173,14,6,20,193
08/11/2021,MSN,WI,AGL,CE,Combined TRACON& Tower with Radar,54,21,44,13,132,0,0,6,9,15,54,21,50,22,147,8,2,10,157
08/12/2021,MSN,WI,AGL,CE,Combined TRACON& Tower with Radar,54,28,45,14,141,0,0,90,12,102,54,28,135,26,243,48,2,50,293
08/13/2021,MSN,WI,AGL,CE,Combined TRACON& Tower with Radar,56,23,35,6,120,0,1,105,2,108,56,24,140,8,228,108,2,110,338
08/14/2021,MSN,WI,AGL,CE,Combined TRACON& Tower with Radar,46,24,20,0,90,0,0,111,0,111,46,24,131,0,201,20,0,20,221
08/15/2021,MSN,WI,AGL,CE,Combined TRACON& Tower with Radar,50,25,24,1,100,0,0,101,0,101,50,25,125,1,201,78,0,78,279
08/16/2021,MSN,WI,AGL,CE,Combined TRACON& Tower with Radar,65,24,49,13,151,0,0,93,4,97,65,24,142,17,248,68,0,68,316
08/17/2021,MSN,WI,AGL,CE,Combined TRACON& Tower with Radar,54,32,43,12,141,0,0,75,13,88,54,32,118,25,229,46,0,46,275
08/18/2021,MSN,WI,AGL,CE,Combined TRACON& Tower with Radar,56,31,57,19,163,0,0,76,13,89,56,31,133,32,252,72,0,72,324
08/19/2021,MSN,WI,AGL,CE,Combined TRACON& Tower with Radar,67,36,41,14,158,0,0,53,15,68,67,36,94,29,226,46,0,46,272
08/20/2021,MSN,WI,AGL,CE,Combined TRACON& Tower with Radar,70,29,26,9,134,0,1,65,4,70,70,30,91,13,204,94,0,94,298
08/21/2021,MSN,WI,AGL,CE,Combined TRACON& Tower with Radar,48,22,33,6,109,0,0,22,0,22,48,22,55,6,131,26,0,26,157
08/22/2021,MSN,WI,AGL,CE,Combined TRACON& Tower with Radar,67,29,39,0,135,0,0,119,2,121,67,29,158,2,256,38,0,38,294
08/23/2021,MSN,WI,AGL,CE,Combined TRACON& Tower with Radar,67,27,45,11,150,0,0,35,0,35,67,27,80,11,185,34,0,34,219
08/24/2021,MSN,WI,AGL,CE,Combined TRACON& Tower with Radar,56,19,52,1,128,0,0,26,6,32,56,19,78,7,160,10,2,12,172
08/25/2021,MSN,WI,AGL,CE,Combined TRACON& Tower with Radar,77,47,68,24,216,0,6,93,5,104,77,53,161,29,320,40,0,40,360
08/26/2021,MSN,WI,AGL,CE,Combined TRACON& Tower with Radar,68,26,67,15,176,0,0,54,5,59,68,26,121,20,235,36,0,36,271
08/27/2021,MSN,WI,AGL,CE,Combined TRACON& Tower with Radar,68,24,47,2,141,0,0,19,0,19,68,24,66,2,160,6,0,6,166
08/28/2021,MSN,WI,AGL,CE,Combined TRACON& Tower with Radar,50,35,24,1,110,0,0,63,0,63,50,35,87,1,173,72,0,72,245
08/29/2021,MSN,WI,AGL,CE,Combined TRACON& Tower with Radar,49,27,34,0,110,0,0,64,0,64,49,27,98,0,174,36,0,36,210
08/30/2021,MSN,WI,AGL,CE,Combined TRACON& Tower with Radar,65,18,48,2,133,0,2,105,4,111,65,20,153,6,244,48,0,48,292
08/31/2021,MSN,WI,AGL,CE,Combined TRACON& Tower with Radar,54,20,67,16,157,0,0,87,7,94,54,20,154,23,251,94,0,94,345
09/01/2021,MSN,WI,AGL,CE,Combined TRACON& Tower with Radar,63,29,62,15,169,0,0,81,8,89,63,29,143,23,258,92,0,92,350
09/02/2021,MSN,WI,AGL,CE,Combined TRACON& Tower with Radar,57,28,69,21,175,0,0,87,14,101,57,28,156,35,276,32,4,36,312
09/03/2021,MSN,WI,AGL,CE,Combined TRACON& Tower with Radar,63,32,60,4,159,0,1,21,0,22,63,33,81,4,181,64,0,64,245
09/04/2021,MSN,WI,AGL,CE,Combined TRACON& Tower with Radar,48,29,51,0,128,0,0,7,0,7,48,29,58,0,135,6,0,6,141
09/05/2021,MSN,WI,AGL,CE,Combined TRACON& Tower with Radar,43,31,50,0,124,0,0,86,1,87,43,31,136,1,211,34,0,34,245
09/06/2021,MSN,WI,AGL,CE,Combined TRACON& Tower with Radar,61,17,45,0,123,0,0,145,0,145,61,17,190,0,268,70,0,70,338
09/07/2021,MSN,WI,AGL,CE,Combined TRACON& Tower with Radar,53,20,26,6,105,0,0,34,3,37,53,20,60,9,142,52,0,52,194
09/08/2021,MSN,WI,AGL,CE,Combined TRACON& Tower with Radar,56,30,48,12,146,0,0,59,10,69,56,30,107,22,215,44,4,48,263
09/09/2021,MSN,WI,AGL,CE,Combined TRACON& Tower with Radar,63,26,54,28,171,0,0,77,11,88,63,26,131,39,259,142,0,142,401
09/10/2021,MSN,WI,AGL,CE,Combined TRACON& Tower with Radar,63,24,38,25,150,0,1,85,6,92,63,25,123,31,242,132,0,132,374
09/11/2021,MSN,WI,AGL,CE,Combined TRACON& Tower with Radar,46,23,30,9,108,0,0,89,14,103,46,23,119,23,211,62,0,62,273
09/12/2021,MSN,WI,AGL,CE,Combined TRACON& Tower with Radar,54,22,44,9,129,0,0,33,4,37,54,22,77,13,166,36,0,36,202
09/13/2021,MSN,WI,AGL,CE,Combined TRACON& Tower with Radar,70,18,29,9,126,0,0,4,0,4,70,18,33,9,130,12,2,14,144
09/14/2021,MSN,WI,AGL,CE,Combined TRACON& Tower with Radar,63,22,38,15,138,0,0,40,8,48,63,22,78,23,186,108,12,120,306
09/15/2021,MSN,WI,AGL,CE,Combined TRACON& Tower with Radar,64,24,52,20,160,0,0,85,9,94,64,24,137,29,254,88,2,90,344
09/16/2021,MSN,WI,AGL,CE,Combined TRACON& Tower with Radar,68,32,50,9,159,0,0,64,7,71,68,32,114,16,230,68,0,68,298
09/17/2021,MSN,WI,AGL,CE,Combined TRACON& Tower with Radar,67,23,29,6,125,0,0,58,5,63,67,23,87,11,188,78,0,78,266
09/18/2021,MSN,WI,AGL,CE,Combined TRACON& Tower with Radar,52,17,26,0,95,0,0,105,2,107,52,17,131,2,202,8,0,8,210
09/19/2021,MSN,WI,AGL,CE,Combined TRACON& Tower with Radar,60,16,32,2,110,0,0,86,0,86,60,16,118,2,196,94,0,94,290
09/20/2021,MSN,WI,AGL,CE,Combined TRACON& Tower with Radar,63,28,38,7,136,0,0,9,0,9,63,28,47,7,145,4,0,4,149
09/21/2021,MSN,WI,AGL,CE,Combined TRACON& Tower with Radar,62,19,38,12,131,0,0,44,6,50,62,19,82,18,181,58,0,58,239
09/22/2021,MSN,WI,AGL,CE,Combined TRACON& Tower with Radar,63,24,47,10,144,0,0,51,15,66,63,24,98,25,210,40,0,40,250
09/23/2021,MSN,WI,AGL,CE,Combined TRACON& Tower with Radar,64,24,35,11,134,0,0,43,12,55,64,24,78,23,189,30,0,30,219
09/24/2021,MSN,WI,AGL,CE,Combined TRACON& Tower with Radar,68,22,31,3,124,0,1,46,3,50,68,23,77,6,174,46,0,46,220
09/25/2021,MSN,WI,AGL,CE,Combined TRACON& Tower with Radar,55,19,18,6,98,0,2,63,4,69,55,21,81,10,167,28,0,28,195
09/26/2021,MSN,WI,AGL,CE,Combined TRACON& Tower with Radar,60,25,27,0,112,0,1,73,0,74,60,26,100,0,186,44,0,44,230
09/27/2021,MSN,WI,AGL,CE,Combined TRACON& Tower with Radar,67,23,29,5,124,0,0,71,2,73,67,23,100,7,197,80,0,80,277
09/28/2021,MSN,WI,AGL,CE,Combined TRACON& Tower with Radar,59,20,59,14,152,0,2,88,7,97,59,22,147,21,249,126,2,128,377
09/29/2021,MSN,WI,AGL,CE,Combined TRACON& Tower with Radar,61,22,67,16,166,0,0,116,11,127,61,22,183,27,293,194,0,194,487
09/30/2021,MSN,WI,AGL,CE,Combined TRACON& Tower with Radar,64,34,51,17,166,0,0,45,11,56,64,34,96,28,222,46,0,46,268
10/01/2021,MSN,WI,AGL,CE,Combined TRACON& Tower with Radar,68,52,58,12,190,0,0,81,4,85,68,52,139,16,275,90,4,94,369
10/02/2021,MSN,WI,AGL,CE,Combined TRACON& Tower with Radar,55,21,69,9,154,0,0,21,1,22,55,21,90,10,176,16,0,16,192
10/03/2021,MSN,WI,AGL,CE,Combined TRACON& Tower with Radar,62,44,61,0,167,0,0,11,2,13,62,44,72,2,180,34,0,34,214
10/04/2021,MSN,WI,AGL,CE,Combined TRACON& Tower with Radar,69,18,54,4,145,0,0,3,0,3,69,18,57,4,148,8,4,12,160
10/05/2021,MSN,WI,AGL,CE,Combined TRACON& Tower with Radar,64,23,46,9,142,0,0,9,10,19,64,23,55,19,161,58,0,58,219
10/06/2021,MSN,WI,AGL,CE,Combined TRACON& Tower with Radar,65,30,53,7,155,0,12,54,15,81,65,42,107,22,236,90,0,90,326
10/07/2021,MSN,WI,AGL,CE,Combined TRACON& Tower with Radar,69,16,36,4,125,0,1,0,0,1,69,17,36,4,126,0,0,0,126
10/08/2021,MSN,WI,AGL,CE,Combined TRACON& Tower with Radar,78,24,50,0,152,0,0,11,0,11,78,24,61,0,163,0,0,0,163
10/09/2021,MSN,WI,AGL,CE,Combined TRACON& Tower with Radar,60,22,25,0,107,0,2,89,14,105,60,24,114,14,212,46,0,46,258
10/10/2021,MSN,WI,AGL,CE,Combined TRACON& Tower with Radar,55,29,29,0,113,0,0,19,2,21,55,29,48,2,134,16,0,16,150
10/11/2021,MSN,WI,AGL,CE,Combined TRACON& Tower with Radar,73,19,30,0,122,0,0,0,0,0,73,19,30,0,122,0,0,0,122
10/12/2021,MSN,WI,AGL,CE,Combined TRACON& Tower with Radar,67,13,37,14,131,0,0,2,0,2,67,13,39,14,133,18,0,18,151
10/13/2021,MSN,WI,AGL,CE,Combined TRACON& Tower with Radar,68,22,42,17,149,0,0,26,5,31,68,22,68,22,180,14,0,14,194
10/14/2021,MSN,WI,AGL,CE,Combined TRACON& Tower with Radar,73,32,45,13,163,1,0,69,14,84,74,32,114,27,247,26,0,26,273
10/15/2021,MSN,WI,AGL,CE,Combined TRACON& Tower with Radar,75,35,52,0,162,0,2,58,0,60,75,37,110,0,222,76,0,76,298
10/16/2021,MSN,WI,AGL,CE,Combined TRACON& Tower with Radar,59,26,29,0,114,0,5,80,2,87,59,31,109,2,201,106,0,106,307
10/17/2021,MSN,WI,AGL,CE,Combined TRACON& Tower with Radar,66,35,41,0,142,0,2,100,0,102,66,37,141,0,244,136,0,136,380
10/18/2021,MSN,WI,AGL,CE,Combined TRACON& Tower with Radar,73,24,38,7,142,0,0,65,8,73,73,24,103,15,215,72,0,72,287
10/19/2021,MSN,WI,AGL,CE,Combined TRACON& Tower with Radar,64,34,56,12,166,0,0,80,6,86,64,34,136,18,252,96,0,96,348
10/20/2021,MSN,WI,AGL,CE,Combined TRACON& Tower with Radar,68,20,36,9,133,0,0,44,8,52,68,20,80,17,185,62,0,62,247
10/21/2021,MSN,WI,AGL,CE,Combined TRACON& Tower with Radar,69,21,46,14,150,0,0,3,7,10,69,21,49,21,160,18,0,18,178
10/22/2021,MSN,WI,AGL,CE,Combined TRACON& Tower with Radar,68,26,46,12,152,0,0,81,7,88,68,26,127,19,240,80,2,82,322
10/23/2021,MSN,WI,AGL,CE,Combined TRACON& Tower with Radar,56,25,37,5,123,0,2,113,2,117,56,27,150,7,240,80,0,80,320
10/24/2021,MSN,WI,AGL,CE,Combined TRACON& Tower with Radar,67,24,32,1,124,0,2,45,0,47,67,26,77,1,171,54,0,54,225
10/25/2021,MSN,WI,AGL,CE,Combined TRACON& Tower with Radar,66,16,32,7,121,0,0,7,8,15,66,16,39,15,136,32,0,32,168
10/26/2021,MSN,WI,AGL,CE,Combined TRACON& Tower with Radar,67,28,46,6,147,0,0,94,20,114,67,28,140,26,261,124,6,130,391
10/27/2021,MSN,WI,AGL,CE,Combined TRACON& Tower with Radar,73,30,57,14,174,0,4,76,12,92,73,34,133,26,266,84,0,84,350
10/28/2021,MSN,WI,AGL,CE,Combined TRACON& Tower with Radar,69,26,35,17,147,0,0,2,0,2,69,26,37,17,149,0,0,0,149
10/29/2021,MSN,WI,AGL,CE,Combined TRACON& Tower with Radar,71,25,38,0,134,0,0,2,2,4,71,25,40,2,138,16,0,16,154
10/30/2021,MSN,WI,AGL,CE,Combined TRACON& Tower with Radar,53,12,51,1,117,0,3,37,2,42,53,15,88,3,159,90,0,90,249
10/31/2021,MSN,WI,AGL,CE,Combined TRACON& Tower with Radar,51,26,39,0,116,0,0,48,0,48,51,26,87,0,164,26,0,26,190
11/01/2021,MSN,WI,AGL,CE,Combined TRACON& Tower with Radar,64,28,28,2,122,0,0,43,2,45,64,28,71,4,167,48,0,48,215
11/02/2021,MSN,WI,AGL,CE,Combined TRACON& Tower with Radar,61,21,29,11,122,0,0,44,17,61,61,21,73,28,183,70,0,70,253
11/03/2021,MSN,WI,AGL,CE,Combined TRACON& Tower with Radar,63,27,48,13,151,0,2,69,10,81,63,29,117,23,232,30,0,30,262
11/04/2021,MSN,WI,AGL,CE,Combined TRACON& Tower with Radar,72,25,34,9,140,0,0,53,11,64,72,25,87,20,204,80,0,80,284
11/05/2021,MSN,WI,AGL,CE,Combined TRACON& Tower with Radar,74,17,34,4,129,0,2,45,2,49,74,19,79,6,178,44,0,44,222
11/06/2021,MSN,WI,AGL,CE,Combined TRACON& Tower with Radar,58,9,30,5,102,0,1,59,4,64,58,10,89,9,166,78,2,80,246
11/07/2021,MSN,WI,AGL,CE,Combined TRACON& Tower with Radar,62,24,36,0,122,0,2,92,3,97,62,26,128,3,219,48,0,48,267
11/08/2021,MSN,WI,AGL,CE,Combined TRACON& Tower with Radar,66,25,44,6,141,0,0,50,6,56,66,25,94,12,197,58,0,58,255
11/09/2021,MSN,WI,AGL,CE,Combined TRACON& Tower with Radar,68,27,41,14,150,0,1,52,14,67,68,28,93,28,217,94,0,94,311
11/10/2021,MSN,WI,AGL,CE,Combined TRACON& Tower with Radar,67,31,80,11,189,0,0,51,5,56,67,31,131,16,245,42,4,46,291
11/11/2021,MSN,WI,AGL,CE,Combined TRACON& Tower with Radar,70,32,36,1,139,0,0,9,1,10,70,32,45,2,149,4,0,4,153
11/12/2021,MSN,WI,AGL,CE,Combined TRACON& Tower with Radar,70,26,45,0,141,0,0,0,2,2,70,26,45,2,143,0,0,0,143
11/13/2021,MSN,WI,AGL,CE,Combined TRACON& Tower with Radar,52,16,33,0,101,0,1,30,2,33,52,17,63,2,134,64,0,64,198
11/14/2021,MSN,WI,AGL,CE,Combined TRACON& Tower with Radar,68,23,30,0,121,0,0,7,0,7,68,23,37,0,128,0,0,0,128
11/15/2021,MSN,WI,AGL,CE,Combined TRACON& Tower with Radar,71,30,34,5,140,0,1,41,5,47,71,31,75,10,187,38,4,42,229
11/16/2021,MSN,WI,AGL,CE,Combined TRACON& Tower with Radar,68,23,31,13,135,0,0,30,3,33,68,23,61,16,168,56,0,56,224
11/17/2021,MSN,WI,AGL,CE,Combined TRACON& Tower with Radar,65,33,33,11,142,0,0,51,4,55,65,33,84,15,197,38,0,38,235
11/18/2021,MSN,WI,AGL,CE,Combined TRACON& Tower with Radar,72,39,35,6,152,0,3,6,11,20,72,42,41,17,172,10,0,10,182
11/19/2021,MSN,WI,AGL,CE,Combined TRACON& Tower with Radar,66,31,61,3,161,0,0,77,0,77,66,31,138,3,238,106,0,106,344
11/20/2021,MSN,WI,AGL,CE,Combined TRACON& Tower with Radar,55,25,30,0,110,0,3,96,2,101,55,28,126,2,211,66,0,66,277
11/21/2021,MSN,WI,AGL,CE,Combined TRACON& Tower with Radar,63,24,31,0,118,0,0,51,0,51,63,24,82,0,169,10,4,14,183
11/22/2021,MSN,WI,AGL,CE,Combined TRACON& Tower with Radar,68,26,19,0,113,0,0,40,2,42,68,26,59,2,155,60,0,60,215
11/23/2021,MSN,WI,AGL,CE,Combined TRACON& Tower with Radar,66,25,38,13,142,0,0,76,18,94,66,25,114,31,236,42,4,46,282
11/24/2021,MSN,WI,AGL,CE,Combined TRACON& Tower with Radar,69,29,29,1,128,0,0,20,1,21,69,29,49,2,149,56,0,56,205
11/25/2021,MSN,WI,AGL,CE,Combined TRACON& Tower with Radar,35,8,2,0,45,0,0,0,0,0,35,8,2,0,45,6,0,6,51
11/26/2021,MSN,WI,AGL,CE,Combined TRACON& Tower with Radar,49,21,24,0,94,0,2,85,1,88,49,23,109,1,182,44,0,44,226
11/27/2021,MSN,WI,AGL,CE,Combined TRACON& Tower with Radar,55,29,23,0,107,0,0,54,0,54,55,29,77,0,161,64,0,64,225
11/28/2021,MSN,WI,AGL,CE,Combined TRACON& Tower with Radar,61,30,50,0,141,0,0,43,0,43,61,30,93,0,184,56,0,56,240
11/29/2021,MSN,WI,AGL,CE,Combined TRACON& Tower with Radar,71,26,29,5,131,0,0,33,6,39,71,26,62,11,170,42,0,42,212
11/30/2021,MSN,WI,AGL,CE,Combined TRACON& Tower with Radar,65,29,41,6,141,0,0,51,13,64,65,29,92,19,205,16,0,16,221
12/01/2021,MSN,WI,AGL,CE,Combined TRACON& Tower with Radar,65,20,51,11,147,0,0,35,11,46,65,20,86,22,193,32,0,32,225
12/02/2021,MSN,WI,AGL,CE,Combined TRACON& Tower with Radar,70,20,37,5,132,0,0,33,13,46,70,20,70,18,178,22,0,22,200
12/03/2021,MSN,WI,AGL,CE,Combined TRACON& Tower with Radar,65,35,33,2,135,0,0,10,2,12,65,35,43,4,147,60,0,60,207
12/04/2021,MSN,WI,AGL,CE,Combined TRACON& Tower with Radar,47,12,31,2,92,0,1,75,2,78,47,13,106,4,170,122,0,122,292
12/05/2021,MSN,WI,AGL,CE,Combined TRACON& Tower with Radar,59,22,20,0,101,0,0,1,0,1,59,22,21,0,102,0,0,0,102
12/06/2021,MSN,WI,AGL,CE,Combined TRACON& Tower with Radar,67,28,30,5,130,0,0,2,5,7,67,28,32,10,137,0,0,0,137
12/07/2021,MSN,WI,AGL,CE,Combined TRACON& Tower with Radar,66,25,21,12,124,0,0,21,8,29,66,25,42,20,153,40,8,48,201
12/08/2021,MSN,WI,AGL,CE,Combined TRACON& Tower with Radar,63,34,52,12,161,0,1,58,14,73,63,35,110,26,234,80,0,80,314
12/09/2021,MSN,WI,AGL,CE,Combined TRACON& Tower with Radar,67,33,26,12,138,0,0,15,11,26,67,33,41,23,164,20,0,20,184
12/10/2021,MSN,WI,AGL,CE,Combined TRACON& Tower with Radar,61,32,19,6,118,0,0,16,2,18,61,32,35,8,136,30,0,30,166
12/11/2021,MSN,WI,AGL,CE,Combined TRACON& Tower with Radar,57,9,14,0,80,0,0,15,0,15,57,9,29,0,95,24,0,24,119
12/12/2021,MSN,WI,AGL,CE,Combined TRACON& Tower with Radar,56,21,28,4,109,0,3,63,0,66,56,24,91,4,175,28,0,28,203
12/13/2021,MSN,WI,AGL,CE,Combined TRACON& Tower with Radar,66,32,48,5,151,0,2,74,0,76,66,34,122,5,227,46,0,46,273
12/14/2021,MSN,WI,AGL,CE,Combined TRACON& Tower with Radar,61,28,36,13,138,0,1,51,12,64,61,29,87,25,202,62,0,62,264
12/15/2021,MSN,WI,AGL,CE,Combined TRACON& Tower with Radar,53,16,45,0,114,0,0,1,3,4,53,16,46,3,118,4,0,4,122
12/16/2021,MSN,WI,AGL,CE,Combined TRACON& Tower with Radar,60,49,38,4,151,0,0,5,9,14,60,49,43,13,165,0,0,0,165
12/17/2021,MSN,WI,AGL,CE,Combined TRACON& Tower with Radar,60,44,37,0,141,0,0,78,3,81,60,44,115,3,222,44,0,44,266
12/18/2021,MSN,WI,AGL,CE,Combined TRACON& Tower with Radar,39,30,20,0,89,0,2,19,0,21,39,32,39,0,110,72,0,72,182
12/19/2021,MSN,WI,AGL,CE,Combined TRACON& Tower with Radar,56,25,25,0,106,0,1,28,1,30,56,26,53,1,136,112,0,112,248
12/20/2021,MSN,WI,AGL,CE,Combined TRACON& Tower with Radar,63,23,40,9,135,0,0,49,3,52,63,23,89,12,187,40,0,40,227
12/21/2021,MSN,WI,AGL,CE,Combined TRACON& Tower with Radar,61,35,31,13,140,0,2,27,14,43,61,37,58,27,183,4,2,6,189
12/22/2021,MSN,WI,AGL,CE,Combined TRACON& Tower with Radar,59,36,36,15,146,0,4,86,11,101,59,40,122,26,247,66,0,66,313
12/23/2021,MSN,WI,AGL,CE,Combined TRACON& Tower with Radar,61,26,27,3,117,1,0,70,7,78,62,26,97,10,195,42,0,42,237
12/24/2021,MSN,WI,AGL,CE,Combined TRACON& Tower with Radar,48,12,16,0,76,0,0,0,0,0,48,12,16,0,76,0,0,0,76
12/25/2021,MSN,WI,AGL,CE,Combined TRACON& Tower with Radar,42,11,7,0,60,0,2,21,0,23,42,13,28,0,83,24,0,24,107
12/26/2021,MSN,WI,AGL,CE,Combined TRACON& Tower with Radar,49,28,23,0,100,0,0,34,0,34,49,28,57,0,134,22,0,22,156
12/27/2021,MSN,WI,AGL,CE,Combined TRACON& Tower with Radar,51,22,26,4,103,0,2,10,2,14,51,24,36,6,117,8,6,14,131
12/28/2021,MSN,WI,AGL,CE,Combined TRACON& Tower with Radar,58,30,8,8,104,0,0,9,2,11,58,30,17,10,115,26,6,32,147
12/29/2021,MSN,WI,AGL,CE,Combined TRACON& Tower with Radar,52,30,37,8,127,0,2,43,3,48,52,32,80,11,175,30,0,30,205
12/30/2021,MSN,WI,AGL,CE,Combined TRACON& Tower with Radar,53,27,22,2,104,0,0,6,0,6,53,27,28,2,110,8,0,8,118
12/31/2021,MSN,WI,AGL,CE,Combined TRACON& Tower with Radar,50,12,4,0,66,0,0,0,0,0,50,12,4,0,66,14,0,14,80
01/01/2022,MSN,WI,AGL,CE,Combined TRACON& Tower with Radar,34,6,14,0,54,0,0,2,0,2,34,6,16,0,56,0,0,0,56
01/02/2022,MSN,WI,AGL,CE,Combined TRACON& Tower with Radar,52,29,35,5,121,0,0,48,0,48,52,29,83,5,169,20,0,20,189
01/03/2022,MSN,WI,AGL,CE,Combined TRACON& Tower with Radar,57,30,28,9,124,0,0,72,8,80,57,30,100,17,204,16,0,16,220
01/04/2022,MSN,WI,AGL,CE,Combined TRACON& Tower with Radar,50,26,28,8,112,0,0,35,13,48,50,26,63,21,160,14,0,14,174
01/05/2022,MSN,WI,AGL,CE,Combined TRACON& Tower with Radar,62,12,27,2,103,0,0,2,6,8,62,12,29,8,111,20,0,20,131
01/06/2022,MSN,WI,AGL,CE,Combined TRACON& Tower with Radar,60,13,19,8,100,0,0,5,7,12,60,13,24,15,112,6,2,8,120
01/07/2022,MSN,WI,AGL,CE,Combined TRACON& Tower with Radar,58,19,29,7,113,0,0,30,1,31,58,19,59,8,144,6,0,6,150
01/08/2022,MSN,WI,AGL,CE,Combined TRACON& Tower with Radar,40,11,3,3,57,0,0,4,0,4,40,11,7,3,61,44,0,44,105
01/09/2022,MSN,WI,AGL,CE,Combined TRACON& Tower with Radar,59,17,22,2,100,0,0,48,0,48,59,17,70,2,148,40,0,40,188
01/10/2022,MSN,WI,AGL,CE,Combined TRACON& Tower with Radar,60,21,32,6,119,0,0,17,7,24,60,21,49,13,143,12,2,14,157
01/11/2022,MSN,WI,AGL,CE,Combined TRACON& Tower with Radar,62,23,32,6,123,0,0,16,8,24,62,23,48,14,147,20,0,20,167
01/12/2022,MSN,WI,AGL,CE,Combined TRACON& Tower with Radar,63,18,32,13,126,0,1,57,14,72,63,19,89,27,198,106,0,106,304
01/13/2022,MSN,WI,AGL,CE,Combined TRACON& Tower with Radar,74,23,33,17,147,0,0,33,8,41,74,23,66,25,188,92,0,92,280
01/14/2022,MSN,WI,AGL,CE,Combined TRACON& Tower with Radar,66,19,20,0,105,0,0,4,0,4,66,19,24,0,109,22,0,22,131
01/15/2022,MSN,WI,AGL,CE,Combined TRACON& Tower with Radar,40,18,8,0,66,0,0,39,0,39,40,18,47,0,105,54,0,54,159
01/16/2022,MSN,WI,AGL,CE,Combined TRACON& Tower with Radar,41,12,18,0,71,0,0,6,0,6,41,12,24,0,77,16,0,16,93
01/17/2022,MSN,WI,AGL,CE,Combined TRACON& Tower with Radar,60,26,41,0,127,0,1,45,0,46,60,27,86,0,173,100,0,100,273
01/18/2022,MSN,WI,AGL,CE,Combined TRACON& Tower with Radar,59,27,22,12,120,0,0,28,5,33,59,27,50,17,153,112,6,118,271
01/19/2022,MSN,WI,AGL,CE,Combined TRACON& Tower with Radar,58,23,16,11,108,0,0,20,22,42,58,23,36,33,150,24,4,28,178
01/20/2022,MSN,WI,AGL,CE,Combined TRACON& Tower with Radar,76,37,39,8,160,0,0,51,12,63,76,37,90,20,223,8,0,8,231
01/21/2022,MSN,WI,AGL,CE,Combined TRACON& Tower with Radar,67,32,55,3,157,0,1,49,7,57,67,33,104,10,214,36,0,36,250
01/22/2022,MSN,WI,AGL,CE,Combined TRACON& Tower with Radar,39,24,11,0,74,0,0,23,0,23,39,24,34,0,97,24,0,24,121
01/23/2022,MSN,WI,AGL,CE,Combined TRACON& Tower with Radar,61,27,17,0,105,0,0,42,0,42,61,27,59,0,147,36,0,36,183
01/24/2022,MSN,WI,AGL,CE,Combined TRACON& Tower with Radar,69,24,24,8,125,0,0,4,2,6,69,24,28,10,131,14,16,30,161
01/25/2022,MSN,WI,AGL,CE,Combined TRACON& Tower with Radar,60,16,19,10,105,0,0,24,13,37,60,16,43,23,142,20,2,22,164
01/26/2022,MSN,WI,AGL,CE,Combined TRACON& Tower with Radar,60,14,36,9,119,0,2,22,12,36,60,16,58,21,155,18,0,18,173
01/27/2022,MSN,WI,AGL,CE,Combined TRACON& Tower with Radar,76,22,19,12,129,0,2,26,14,42,76,24,45,26,171,74,2,76,247
01/28/2022,MSN,WI,AGL,CE,Combined TRACON& Tower with Radar,69,17,25,0,111,0,0,64,2,66,69,17,89,2,177,62,0,62,239
01/29/2022,MSN,WI,AGL,CE,Combined TRACON& Tower with Radar,42,15,21,1,79,0,3,57,0,60,42,18,78,1,139,38,0,38,177
01/30/2022,MSN,WI,AGL,CE,Combined TRACON& Tower with Radar,66,14,26,1,107,0,0,68,0,68,66,14,94,1,175,82,0,82,257
01/31/2022,MSN,WI,AGL,CE,Combined TRACON& Tower with Radar,71,16,32,1,120,0,0,31,2,33,71,16,63,3,153,34,0,34,187
02/01/2022,MSN,WI,AGL,CE,Combined TRACON& Tower with Radar,60,17,24,8,109,0,1,42,12,55,60,18,66,20,164,80,0,80,244
02/02/2022,MSN,WI,AGL,CE,Combined TRACON& Tower with Radar,58,11,17,9,95,0,0,39,12,51,58,11,56,21,146,18,0,18,164
02/03/2022,MSN,WI,AGL,CE,Combined TRACON& Tower with Radar,60,17,23,12,112,0,2,36,7,45,60,19,59,19,157,60,4,64,221
02/04/2022,MSN,WI,AGL,CE,Combined TRACON& Tower with Radar,56,22,25,8,111,0,0,28,4,32,56,22,53,12,143,30,0,30,173
02/05/2022,MSN,WI,AGL,CE,Combined TRACON& Tower with Radar,43,8,29,5,85,0,0,66,8,74,43,8,95,13,159,50,0,50,209
02/06/2022,MSN,WI,AGL,CE,Combined TRACON& Tower with Radar,63,19,30,1,113,0,0,75,0,75,63,19,105,1,188,72,0,72,260
02/07/2022,MSN,WI,AGL,CE,Combined TRACON& Tower with Radar,62,31,27,4,124,0,0,44,4,48,62,31,71,8,172,46,0,46,218
02/08/2022,MSN,WI,AGL,CE,Combined TRACON& Tower with Radar,63,23,21,8,115,0,0,49,6,55,63,23,70,14,170,44,0,44,214
02/09/2022,MSN,WI,AGL,CE,Combined TRACON& Tower with Radar,58,24,24,10,116,0,0,7,13,20,58,24,31,23,136,6,0,6,142
02/10/2022,MSN,WI,AGL,CE,Combined TRACON& Tower with Radar,65,16,41,1,123,0,0,29,2,31,65,16,70,3,154,66,0,66,220
02/11/2022,MSN,WI,AGL,CE,Combined TRACON& Tower with Radar,65,17,22,4,108,0,0,6,0,6,65,17,28,4,114,0,0,0,114
02/12/2022,MSN,WI,AGL,CE,Combined TRACON& Tower with Radar,43,11,25,2,81,0,2,47,0,49,43,13,72,2,130,58,0,58,188
02/13/2022,MSN,WI,AGL,CE,Combined TRACON& Tower with Radar,52,26,22,0,100,0,2,43,0,45,52,28,65,0,145,18,0,18,163
02/14/2022,MSN,WI,AGL,CE,Combined TRACON& Tower with Radar,68,21,19,3,111,0,0,27,1,28,68,21,46,4,139,80,0,80,219
02/15/2022,MSN,WI,AGL,CE,Combined TRACON& Tower with Radar,63,16,24,10,113,0,0,12,9,21,63,16,36,19,134,14,0,14,148
02/16/2022,MSN,WI,AGL,CE,Combined TRACON& Tower with Radar,63,12,31,12,118,0,0,3,8,11,63,12,34,20,129,0,0,0,129
02/17/2022,MSN,WI,AGL,CE,Combined TRACON& Tower with Radar,75,33,18,7,133,0,0,30,12,42,75,33,48,19,175,20,0,20,195
02/18/2022,MSN,WI,AGL,CE,Combined TRACON& Tower with Radar,57,18,35,3,113,0,0,18,2,20,57,18,53,5,133,16,0,16,149
02/19/2022,MSN,WI,AGL,CE,Combined TRACON& Tower with Radar,49,21,27,2,99,0,0,76,1,77,49,21,103,3,176,58,0,58,234
02/20/2022,MSN,WI,AGL,CE,Combined TRACON& Tower with Radar,55,18,23,0,96,0,3,18,0,21,55,21,41,0,117,20,0,20,137
02/21/2022,MSN,WI,AGL,CE,Combined TRACON& Tower with Radar,61,18,38,1,118,0,0,0,0,0,61,18,38,1,118,0,0,0,118
02/22/2022,MSN,WI,AGL,CE,Combined TRACON& Tower with Radar,63,11,8,0,82,0,0,0,0,0,63,11,8,0,82,4,0,4,86
02/23/2022,MSN,WI,AGL,CE,Combined TRACON& Tower with Radar,56,22,33,16,127,0,0,52,16,68,56,22,85,32,195,60,0,60,255
02/24/2022,MSN,WI,AGL,CE,Combined TRACON& Tower with Radar,62,29,12,0,103,0,0,0,6,6,62,29,12,6,109,0,0,0,109
02/25/2022,MSN,WI,AGL,CE,Combined TRACON& Tower with Radar,66,20,35,6,127,0,2,22,2,26,66,22,57,8,153,72,0,72,225
02/26/2022,MSN,WI,AGL,CE,Combined TRACON& Tower with Radar,42,26,49,1,118,0,0,74,2,76,42,26,123,3,194,28,0,28,222
02/27/2022,MSN,WI,AGL,CE,Combined TRACON& Tower with Radar,59,21,41,1,122,0,4,91,1,96,59,25,132,2,218,106,0,106,324
02/28/2022,MSN,WI,AGL,CE,Combined TRACON& Tower with Radar,65,27,39,0,131,0,4,54,6,64,65,31,93,6,195,36,0,36,231
03/01/2022,MSN,WI,AGL,CE,Combined TRACON& Tower with Radar,60,17,36,11,124,0,0,70,12,82,60,17,106,23,206,90,0,90,296
03/02/2022,MSN,WI,AGL,CE,Combined TRACON& Tower with Radar,61,18,37,11,127,0,1,22,12,35,61,19,59,23,162,92,0,92,254
03/03/2022,MSN,WI,AGL,CE,Combined TRACON& Tower with Radar,68,27,34,10,139,0,3,54,7,64,68,30,88,17,203,46,0,46,249
03/04/2022,MSN,WI,AGL,CE,Combined TRACON& Tower with Radar,65,31,43,13,152,0,3,77,1,81,65,34,120,14,233,32,2,34,267
03/05/2022,MSN,WI,AGL,CE,Combined TRACON& Tower with Radar,48,22,6,1,77,0,0,4,3,7,48,22,10,4,84,24,0,24,108
03/06/2022,MSN,WI,AGL,CE,Combined TRACON& Tower with Radar,54,23,20,2,99,0,0,15,0,15,54,23,35,2,114,8,0,8,122
03/07/2022,MSN,WI,AGL,CE,Combined TRACON& Tower with Radar,70,17,24,0,111,0,0,13,0,13,70,17,37,0,124,20,0,20,144
03/08/2022,MSN,WI,AGL,CE,Combined TRACON& Tower with Radar,66,12,43,14,135,0,1,63,11,75,66,13,106,25,210,66,2,68,278
03/09/2022,MSN,WI,AGL,CE,Combined TRACON& Tower with Radar,63,27,51,11,152,0,1,52,11,64,63,28,103,22,216,32,0,32,248
03/10/2022,MSN,WI,AGL,CE,Combined TRACON& Tower with Radar,70,21,54,16,161,0,1,41,11,53,70,22,95,27,214,38,0,38,252
03/11/2022,MSN,WI,AGL,CE,Combined TRACON& Tower with Radar,69,17,36,2,124,0,0,34,0,34,69,17,70,2,158,28,0,28,186
03/12/2022,MSN,WI,AGL,CE,Combined TRACON& Tower with Radar,50,17,28,0,95,0,2,38,0,40,50,19,66,0,135,64,0,64,199
03/13/2022,MSN,WI,AGL,CE,Combined TRACON& Tower with Radar,57,16,19,2,94,0,2,63,0,65,57,18,82,2,159,30,0,30,189
03/14/2022,MSN,WI,AGL,CE,Combined TRACON& Tower with Radar,67,17,25,8,117,0,3,41,1,45,67,20,66,9,162,42,0,42,204
03/15/2022,MSN,WI,AGL,CE,Combined TRACON& Tower with Radar,64,14,24,11,113,0,0,45,20,65,64,14,69,31,178,44,2,46,224
03/16/2022,MSN,WI,AGL,CE,Combined TRACON& Tower with Radar,66,15,38,9,128,0,0,43,14,57,66,15,81,23,185,38,0,38,223
03/17/2022,MSN,WI,AGL,CE,Combined TRACON& Tower with Radar,66,19,18,11,114,0,0,14,10,24,66,19,32,21,138,16,0,16,154
03/18/2022,MSN,WI,AGL,CE,Combined TRACON& Tower with Radar,65,20,27,2,114,0,0,0,0,0,65,20,27,2,114,0,0,0,114
03/19/2022,MSN,WI,AGL,CE,Combined TRACON& Tower with Radar,52,11,17,0,80,0,0,6,0,6,52,11,23,0,86,22,0,22,108
03/20/2022,MSN,WI,AGL,CE,Combined TRACON& Tower with Radar,60,25,33,1,119,0,2,110,1,113,60,27,143,2,232,72,0,72,304
03/21/2022,MSN,WI,AGL,CE,Combined TRACON& Tower with Radar,67,10,29,8,114,0,4,40,5,49,67,14,69,13,163,96,0,96,259
03/22/2022,MSN,WI,AGL,CE,Combined TRACON& Tower with Radar,64,12,17,11,104,0,0,3,0,3,64,12,20,11,107,4,2,6,113
03/23/2022,MSN,WI,AGL,CE,Combined TRACON& Tower with Radar,69,18,29,0,116,0,0,0,0,0,69,18,29,0,116,0,0,0,116
03/24/2022,MSN,WI,AGL,CE,Combined TRACON& Tower with Radar,67,25,22,0,114,0,0,0,0,0,67,25,22,0,114,0,2,2,116
03/25/2022,MSN,WI,AGL,CE,Combined TRACON& Tower with Radar,70,17,16,0,103,0,0,3,0,3,70,17,19,0,106,0,0,0,106
03/26/2022,MSN,WI,AGL,CE,Combined TRACON& Tower with Radar,50,22,23,4,99,0,0,16,0,16,50,22,39,4,115,68,0,68,183
03/27/2022,MSN,WI,AGL,CE,Combined TRACON& Tower with Radar,60,34,28,0,122,0,2,72,0,74,60,36,100,0,196,96,0,96,292
03/28/2022,MSN,WI,AGL,CE,Combined TRACON& Tower with Radar,64,26,46,0,136,0,0,82,3,85,64,26,128,3,221,116,0,116,337
03/29/2022,MSN,WI,AGL,CE,Combined TRACON& Tower with Radar,61,24,25,12,122,0,0,16,3,19,61,24,41,15,141,0,0,0,141
03/30/2022,MSN,WI,AGL,CE,Combined TRACON& Tower with Radar,64,20,46,5,135,0,0,4,1,5,64,20,50,6,140,4,0,4,144
03/31/2022,MSN,WI,AGL,CE,Combined TRACON& Tower with Radar,67,28,24,11,130,0,0,2,7,9,67,28,26,18,139,12,20,32,171
04/01/2022,MSN,WI,AGL,CE,Combined TRACON& Tower with Radar,64,23,46,15,148,0,3,123,3,129,64,26,169,18,277,56,0,56,333
04/02/2022,MSN,WI,AGL,CE,Combined TRACON& Tower with Radar,49,22,28,0,99,0,0,0,0,0,49,22,28,0,99,0,0,0,99
04/03/2022,MSN,WI,AGL,CE,Combined TRACON& Tower with Radar,56,31,34,0,121,0,1,93,0,94,56,32,127,0,215,78,0,78,293
04/04/2022,MSN,WI,AGL,CE,Combined TRACON& Tower with Radar,69,19,29,8,125,0,1,3,0,4,69,20,32,8,129,24,0,24,153
04/05/2022,MSN,WI,AGL,CE,Combined TRACON& Tower with Radar,55,21,34,9,119,0,0,18,3,21,55,21,52,12,140,22,0,22,162
04/06/2022,MSN,WI,AGL,CE,Combined TRACON& Tower with Radar,59,19,31,3,112,0,0,16,9,25,59,19,47,12,137,4,0,4,141
04/07/2022,MSN,WI,AGL,CE,Combined TRACON& Tower with Radar,59,30,24,12,125,0,0,0,1,1,59,30,24,13,126,0,0,0,126
04/08/2022,MSN,WI,AGL,CE,Combined TRACON& Tower with Radar,60,26,41,1,128,0,0,2,0,2,60,26,43,1,130,4,0,4,134
04/09/2022,MSN,WI,AGL,CE,Combined TRACON& Tower with Radar,42,24,22,1,89,0,0,111,5,116,42,24,133,6,205,22,0,22,227
04/10/2022,MSN,WI,AGL,CE,Combined TRACON& Tower with Radar,54,22,28,3,107,0,0,44,2,46,54,22,72,5,153,0,0,0,153
04/11/2022,MSN,WI,AGL,CE,Combined TRACON& Tower with Radar,60,30,43,17,150,0,4,48,5,57,60,34,91,22,207,62,6,68,275
04/12/2022,MSN,WI,AGL,CE,Combined TRACON& Tower with Radar,56,25,24,12,117,0,0,35,9,44,56,25,59,21,161,24,0,24,185
04/13/2022,MSN,WI,AGL,CE,Combined TRACON& Tower with Radar,53,23,32,12,120,0,0,1,5,6,53,23,33,17,126,0,0,0,126
04/14/2022,MSN,WI,AGL,CE,Combined TRACON& Tower with Radar,61,29,23,9,122,0,0,11,15,26,61,29,34,24,148,0,0,0,148
04/15/2022,MSN,WI,AGL,CE,Combined TRACON& Tower with Radar,57,29,30,0,116,0,0,26,10,36,57,29,56,10,152,6,0,6,158
04/16/2022,MSN,WI,AGL,CE,Combined TRACON& Tower with Radar,39,18,26,0,83,0,0,61,2,63,39,18,87,2,146,70,0,70,216
04/17/2022,MSN,WI,AGL,CE,Combined TRACON& Tower with Radar,53,21,15,0,89,0,0,57,0,57,53,21,72,0,146,12,0,12,158
04/18/2022,MSN,WI,AGL,CE,Combined TRACON& Tower with Radar,57,36,39,4,136,0,0,0,0,0,57,36,39,4,136,0,0,0,136
04/19/2022,MSN,WI,AGL,CE,Combined TRACON& Tower with Radar,56,27,48,12,143,0,4,107,16,127,56,31,155,28,270,64,0,64,334
04/20/2022,MSN,WI,AGL,CE,Combined TRACON& Tower with Radar,54,21,32,10,117,0,1,19,2,22,54,22,51,12,139,6,0,6,145
04/21/2022,MSN,WI,AGL,CE,Combined TRACON& Tower with Radar,69,25,48,11,153,0,1,62,11,74,69,26,110,22,227,36,0,36,263
04/22/2022,MSN,WI,AGL,CE,Combined TRACON& Tower with Radar,56,34,31,2,123,0,0,2,0,2,56,34,33,2,125,0,0,0,125
04/23/2022,MSN,WI,AGL,CE,Combined TRACON& Tower with Radar,43,19,18,2,82,0,1,24,0,25,43,20,42,2,107,28,0,28,135
04/24/2022,MSN,WI,AGL,CE,Combined TRACON& Tower with Radar,49,22,28,0,99,0,0,18,0,18,49,22,46,0,117,0,0,0,117
04/25/2022,MSN,WI,AGL,CE,Combined TRACON& Tower with Radar,61,17,30,10,118,0,0,37,2,39,61,17,67,12,157,56,0,56,213
04/26/2022,MSN,WI,AGL,CE,Combined TRACON& Tower with Radar,54,30,35,13,132,0,0,49,16,65,54,30,84,29,197,66,0,66,263
04/27/2022,MSN,WI,AGL,CE,Combined TRACON& Tower with Radar,54,26,54,11,145,0,0,61,14,75,54,26,115,25,220,40,0,40,260
04/28/2022,MSN,WI,AGL,CE,Combined TRACON& Tower with Radar,62,27,29,11,129,0,0,41,8,49,62,27,70,19,178,56,0,56,234
04/29/2022,MSN,WI,AGL,CE,Combined TRACON& Tower with Radar,55,22,43,0,120,0,0,54,3,57,55,22,97,3,177,6,0,6,183
04/30/2022,MSN,WI,AGL,CE,Combined TRACON& Tower with Radar,48,22,12,0,82,0,0,0,0,0,48,22,12,0,82,0,0,0,82
05/01/2022,MSN,WI,AGL,CE,Combined TRACON& Tower with Radar,51,24,36,0,111,0,0,2,0,2,51,24,38,0,113,2,0,2,115
05/02/2022,MSN,WI,AGL,CE,Combined TRACON& Tower with Radar,57,20,38,17,132,0,1,20,3,24,57,21,58,20,156,42,2,44,200
05/03/2022,MSN,WI,AGL,CE,Combined TRACON& Tower with Radar,57,25,20,6,108,0,0,3,8,11,57,25,23,14,119,6,0,6,125
05/04/2022,MSN,WI,AGL,CE,Combined TRACON& Tower with Radar,54,35,63,10,162,0,2,111,10,123,54,37,174,20,285,54,2,56,341
05/05/2022,MSN,WI,AGL,CE,Combined TRACON& Tower with Radar,59,26,43,18,146,0,0,40,8,48,59,26,83,26,194,66,0,66,260
05/06/2022,MSN,WI,AGL,CE,Combined TRACON& Tower with Radar,59,34,42,17,152,0,2,41,3,46,59,36,83,20,198,40,2,42,240
05/07/2022,MSN,WI,AGL,CE,Combined TRACON& Tower with Radar,52,13,20,3,88,0,1,130,1,132,52,14,150,4,220,58,0,58,278
05/08/2022,MSN,WI,AGL,CE,Combined TRACON& Tower with Radar,52,21,24,10,107,0,0,44,0,44,52,21,68,10,151,86,0,86,237
05/09/2022,MSN,WI,AGL,CE,Combined TRACON& Tower with Radar,67,22,12,9,110,0,0,5,7,12,67,22,17,16,122,0,0,0,122
05/10/2022,MSN,WI,AGL,CE,Combined TRACON& Tower with Radar,61,27,49,4,141,0,3,39,6,48,61,30,88,10,189,54,0,54,243
05/11/2022,MSN,WI,AGL,CE,Combined TRACON& Tower with Radar,67,22,41,1,131,0,0,27,9,36,67,22,68,10,167,48,0,48,215
05/12/2022,MSN,WI,AGL,CE,Combined TRACON& Tower with Radar,61,25,66,5,157,0,3,65,10,78,61,28,131,15,235,50,0,50,285
05/13/2022,MSN,WI,AGL,CE,Combined TRACON& Tower with Radar,60,30,39,3,132,0,0,58,3,61,60,30,97,6,193,62,0,62,255
05/14/2022,MSN,WI,AGL,CE,Combined TRACON& Tower with Radar,55,27,42,1,125,0,0,93,9,102,55,27,135,10,227,44,0,44,271
05/15/2022,MSN,WI,AGL,CE,Combined TRACON& Tower with Radar,49,30,49,2,130,0,0,102,1,103,49,30,151,3,233,42,0,42,275
05/16/2022,MSN,WI,AGL,CE,Combined TRACON& Tower with Radar,61,20,37,4,122,0,3,48,4,55,61,23,85,8,177,16,0,16,193
05/17/2022,MSN,WI,AGL,CE,Combined TRACON& Tower with Radar,58,30,63,3,154,0,0,83,12,95,58,30,146,15,249,80,0,80,329
05/18/2022,MSN,WI,AGL,CE,Combined TRACON& Tower with Radar,59,28,60,19,166,0,0,11,5,16,59,28,71,24,182,10,0,10,192
05/19/2022,MSN,WI,AGL,CE,Combined TRACON& Tower with Radar,61,23,47,15,146,0,0,33,12,45,61,23,80,27,191,68,0,68,259
05/20/2022,MSN,WI,AGL,CE,Combined TRACON& Tower with Radar,55,27,59,3,144,0,3,18,0,21,55,30,77,3,165,22,0,22,187
05/21/2022,MSN,WI,AGL,CE,Combined TRACON& Tower with Radar,46,13,29,0,88,0,1,79,0,80,46,14,108,0,168,66,0,66,234
05/22/2022,MSN,WI,AGL,CE,Combined TRACON& Tower with Radar,50,22,39,0,111,0,0,85,2,87,50,22,124,2,198,90,0,90,288
05/23/2022,MSN,WI,AGL,CE,Combined TRACON& Tower with Radar,54,18,35,4,111,0,2,82,4,88,54,20,117,8,199,32,0,32,231
05/24/2022,MSN,WI,AGL,CE,Combined TRACON& Tower with Radar,55,22,40,11,128,0,0,57,10,67,55,22,97,21,195,86,0,86,281
05/25/2022,MSN,WI,AGL,CE,Combined TRACON& Tower with Radar,60,26,30,1,117,0,0,0,0,0,60,26,30,1,117,0,0,0,117
05/26/2022,MSN,WI,AGL,CE,Combined TRACON& Tower with Radar,58,21,55,5,139,0,0,3,0,3,58,21,58,5,142,18,6,24,166
05/27/2022,MSN,WI,AGL,CE,Combined TRACON& Tower with Radar,57,12,56,0,125,0,0,43,2,45,57,12,99,2,170,16,0,16,186
05/28/2022,MSN,WI,AGL,CE,Combined TRACON& Tower with Radar,53,17,36,0,106,0,1,68,0,69,53,18,104,0,175,64,0,64,239
05/29/2022,MSN,WI,AGL,CE,Combined TRACON& Tower with Radar,49,20,20,0,89,0,0,38,0,38,49,20,58,0,127,50,0,50,177
05/30/2022,MSN,WI,AGL,CE,Combined TRACON& Tower with Radar,67,14,25,0,106,0,0,21,0,21,67,14,46,0,127,6,0,6,133
05/31/2022,MSN,WI,AGL,CE,Combined TRACON& Tower with Radar,60,19,27,6,112,0,0,10,8,18,60,19,37,14,130,12,0,12,142
06/01/2022,MSN,WI,AGL,CE,Combined TRACON& Tower with Radar,57,24,50,10,141,0,0,78,12,90,57,24,128,22,231,50,0,50,281
06/02/2022,MSN,WI,AGL,CE,Combined TRACON& Tower with Radar,49,18,51,10,128,0,0,60,6,66,49,18,111,16,194,52,0,52,246
06/03/2022,MSN,WI,AGL,CE,Combined TRACON& Tower with Radar,51,24,46,8,129,0,2,79,0,81,51,26,125,8,210,36,4,40,250
06/04/2022,MSN,WI,AGL,CE,Combined TRACON& Tower with Radar,52,19,29,3,103,0,4,28,0,32,52,23,57,3,135,64,0,64,199
06/05/2022,MSN,WI,AGL,CE,Combined TRACON& Tower with Radar,50,27,24,0,101,0,0,41,2,43,50,27,65,2,144,66,0,66,210
06/06/2022,MSN,WI,AGL,CE,Combined TRACON& Tower with Radar,55,15,54,3,127,0,0,4,0,4,55,15,58,3,131,0,0,0,131
06/07/2022,MSN,WI,AGL,CE,Combined TRACON& Tower with Radar,51,29,58,4,142,0,0,65,2,67,51,29,123,6,209,58,0,58,267
06/08/2022,MSN,WI,AGL,CE,Combined TRACON& Tower with Radar,59,33,48,2,142,0,0,2,2,4,59,33,50,4,146,6,4,10,156
06/09/2022,MSN,WI,AGL,CE,Combined TRACON& Tower with Radar,56,29,48,4,137,0,2,88,5,95,56,31,136,9,232,42,0,42,274
06/10/2022,MSN,WI,AGL,CE,Combined TRACON& Tower with Radar,52,26,27,5,110,0,0,54,2,56,52,26,81,7,166,22,0,22,188
06/11/2022,MSN,WI,AGL,CE,Combined TRACON& Tower with Radar,44,32,40,2,118,0,0,7,0,7,44,32,47,2,125,26,0,26,151
06/12/2022,MSN,WI,AGL,CE,Combined TRACON& Tower with Radar,48,35,28,0,111,0,1,35,2,38,48,36,63,2,149,38,0,38,187
06/13/2022,MSN,WI,AGL,CE,Combined TRACON& Tower with Radar,64,27,25,4,120,0,0,10,0,10,64,27,35,4,130,2,0,2,132
06/14/2022,MSN,WI,AGL,CE,Combined TRACON& Tower with Radar,53,30,32,1,116,0,0,54,0,54,53,30,86,1,170,30,0,30,200
06/15/2022,MSN,WI,AGL,CE,Combined TRACON& Tower with Radar,51,37,33,1,122,0,0,39,0,39,51,37,72,1,161,16,0,16,177
06/16/2022,MSN,WI,AGL,CE,Combined TRACON& Tower with Radar,44,30,56,0,130,0,0,27,1,28,44,30,83,1,158,8,0,8,166
06/17/2022,MSN,WI,AGL,CE,Combined TRACON& Tower with Radar,47,27,26,3,103,0,1,73,2,76,47,28,99,5,179,40,0,40,219
06/18/2022,MSN,WI,AGL,CE,Combined TRACON& Tower with Radar,45,14,27,1,87,0,2,89,0,91,45,16,116,1,178,94,0,94,272
06/19/2022,MSN,WI,AGL,CE,Combined TRACON& Tower with Radar,45,15,14,1,75,0,1,81,0,82,45,16,95,1,157,34,0,34,191
06/20/2022,MSN,WI,AGL,CE,Combined TRACON& Tower with Radar,57,27,47,0,131,0,0,81,0,81,57,27,128,0,212,26,0,26,238
06/21/2022,MSN,WI,AGL,CE,Combined TRACON& Tower with Radar,54,20,28,4,106,0,0,31,8,39,54,20,59,12,145,0,0,0,145
06/22/2022,MSN,WI,AGL,CE,Combined TRACON& Tower with Radar,49,30,55,8,142,0,2,77,15,94,49,32,132,23,236,32,0,32,268
06/23/2022,MSN,WI,AGL,CE,Combined TRACON& Tower with Radar,48,32,47,11,138,0,0,81,17,98,48,32,128,28,236,42,0,42,278
06/24/2022,MSN,WI,AGL,CE,Combined TRACON& Tower with Radar,50,28,38,2,118,0,0,70,0,70,50,28,108,2,188,6,0,6,194
06/25/2022,MSN,WI,AGL,CE,Combined TRACON& Tower with Radar,48,17,20,0,85,0,0,1,0,1,48,17,21,0,86,0,0,0,86
06/26/2022,MSN,WI,AGL,CE,Combined TRACON& Tower with Radar,46,26,36,0,108,0,3,45,0,48,46,29,81,0,156,8,0,8,164
06/27/2022,MSN,WI,AGL,CE,Combined TRACON& Tower with Radar,52,31,39,9,131,0,2,62,2,66,52,33,101,11,197,24,0,24,221
06/28/2022,MSN,WI,AGL,CE,Combined TRACON& Tower with Radar,54,27,43,5,129,0,3,65,4,72,54,30,108,9,201,40,0,40,241
06/29/2022,MSN,WI,AGL,CE,Combined TRACON& Tower with Radar,58,31,56,13,158,0,0,83,12,95,58,31,139,25,253,44,2,46,299
06/30/2022,MSN,WI,AGL,CE,Combined TRACON& Tower with Radar,55,33,38,7,133,0,2,35,11,48,55,35,73,18,181,18,0,18,199
07/01/2022,MSN,WI,AGL,CE,Combined TRACON& Tower with Radar,53,25,36,3,117,0,2,84,0,86,53,27,120,3,203,66,0,66,269
07/02/2022,MSN,WI,AGL,CE,Combined TRACON& Tower with Radar,45,18,19,0,82,0,1,64,1,66,45,19,83,1,148,20,0,20,168
07/03/2022,MSN,WI,AGL,CE,Combined TRACON& Tower with Radar,49,18,20,0,87,0,0,97,0,97,49,18,117,0,184,38,0,38,222
07/04/2022,MSN,WI,AGL,CE,Combined TRACON& Tower with Radar,50,14,3,4,71,0,1,10,2,13,50,15,13,6,84,32,0,32,116
07/05/2022,MSN,WI,AGL,CE,Combined TRACON& Tower with Radar,52,25,27,13,117,0,0,11,0,11,52,25,38,13,128,30,0,30,158
07/06/2022,MSN,WI,AGL,CE,Combined TRACON& Tower with Radar,57,25,53,17,152,0,0,17,10,27,57,25,70,27,179,84,0,84,263
07/07/2022,MSN,WI,AGL,CE,Combined TRACON& Tower with Radar,51,24,38,9,122,0,0,41,4,45,51,24,79,13,167,106,0,106,273
07/08/2022,MSN,WI,AGL,CE,Combined TRACON& Tower with Radar,50,29,26,14,119,0,1,21,0,22,50,30,47,14,141,56,0,56,197
07/09/2022,MSN,WI,AGL,CE,Combined TRACON& Tower with Radar,44,21,36,4,105,0,0,126,9,135,44,21,162,13,240,88,0,88,328
07/10/2022,MSN,WI,AGL,CE,Combined TRACON& Tower with Radar,47,20,26,1,94,0,0,79,2,81,47,20,105,3,175,9,0,9,184
07/11/2022,MSN,WI,AGL,CE,Combined TRACON& Tower with Radar,60,28,40,7,135,0,1,46,0,47,60,29,86,7,182,30,0,30,212
07/12/2022,MSN,WI,AGL,CE,Combined TRACON& Tower with Radar,63,33,30,8,134,0,0,68,13,81,63,33,98,21,215,26,4,30,245
07/13/2022,MSN,WI,AGL,CE,Combined TRACON& Tower with Radar,60,32,52,25,169,0,0,90,13,103,60,32,142,38,272,38,14,52,324
07/14/2022,MSN,WI,AGL,CE,Combined TRACON& Tower with Radar,54,29,49,17,149,0,0,99,12,111,54,29,148,29,260,76,2,78,338
07/15/2022,MSN,WI,AGL,CE,Combined TRACON& Tower with Radar,56,18,36,39,149,0,0,2,1,3,56,18,38,40,152,0,38,38,190
07/16/2022,MSN,WI,AGL,CE,Combined TRACON& Tower with Radar,45,19,17,8,89,0,0,24,0,24,45,19,41,8,113,46,0,46,159
07/17/2022,MSN,WI,AGL,CE,Combined TRACON& Tower with Radar,51,22,34,0,107,0,2,82,0,84,51,24,116,0,191,128,0,128,319
07/18/2022,MSN,WI,AGL,CE,Combined TRACON& Tower with Radar,52,34,36,10,132,0,0,95,0,95,52,34,131,10,227,90,0,90,317
07/19/2022,MSN,WI,AGL,CE,Combined TRACON& Tower with Radar,55,28,39,15,137,0,2,61,9,72,55,30,100,24,209,72,0,72,281
07/20/2022,MSN,WI,AGL,CE,Combined TRACON& Tower with Radar,64,22,66,11,163,0,0,54,7,61,64,22,120,18,224,14,0,14,238
07/21/2022,MSN,WI,AGL,CE,Combined TRACON& Tower with Radar,48,33,62,13,156,0,2,111,8,121,48,35,173,21,277,52,0,52,329
07/22/2022,MSN,WI,AGL,CE,Combined TRACON& Tower with Radar,53,24,55,6,138,0,0,101,0,101,53,24,156,6,239,6,0,6,245
07/23/2022,MSN,WI,AGL,CE,Combined TRACON& Tower with Radar,43,15,24,0,82,0,0,50,5,55,43,15,74,5,137,0,0,0,137
07/24/2022,MSN,WI,AGL,CE,Combined TRACON& Tower with Radar,49,22,55,1,127,0,1,69,1,71,49,23,124,2,198,0,0,0,198
07/25/2022,MSN,WI,AGL,CE,Combined TRACON& Tower with Radar,47,24,36,11,118,0,1,62,5,68,47,25,98,16,186,30,0,30,216
07/26/2022,MSN,WI,AGL,CE,Combined TRACON& Tower with Radar,56,30,48,11,145,0,0,66,4,70,56,30,114,15,215,34,0,34,249
07/27/2022,MSN,WI,AGL,CE,Combined TRACON& Tower with Radar,62,24,68,12,166,0,1,51,7,59,62,25,119,19,225,26,0,26,251
07/28/2022,MSN,WI,AGL,CE,Combined TRACON& Tower with Radar,56,24,48,18,146,0,3,87,4,94,56,27,135,22,240,27,6,33,273
07/29/2022,MSN,WI,AGL,CE,Combined TRACON& Tower with Radar,53,25,48,2,128,0,0,65,1,66,53,25,113,3,194,10,0,10,204
07/30/2022,MSN,WI,AGL,CE,Combined TRACON& Tower with Radar,44,27,28,5,104,0,0,85,0,85,44,27,113,5,189,38,0,38,227
07/31/2022,MSN,WI,AGL,CE,Combined TRACON& Tower with Radar,44,22,27,4,97,0,1,60,4,65,44,23,87,8,162,14,0,14,176
08/01/2022,MSN,WI,AGL,CE,Combined TRACON& Tower with Radar,57,17,38,7,119,0,0,44,6,50,57,17,82,13,169,32,0,32,201
08/02/2022,MSN,WI,AGL,CE,Combined TRACON& Tower with Radar,55,23,31,24,133,0,0,82,12,94,55,23,113,36,227,58,6,64,291
08/03/2022,MSN,WI,AGL,CE,Combined TRACON& Tower with Radar,55,22,31,3,111,0,0,15,6,21,55,22,46,9,132,48,0,48,180
08/04/2022,MSN,WI,AGL,CE,Combined TRACON& Tower with Radar,49,28,40,12,129,0,0,99,9,108,49,28,139,21,237,64,0,64,301
08/05/2022,MSN,WI,AGL,CE,Combined TRACON& Tower with Radar,50,26,43,13,132,1,3,96,5,105,51,29,139,18,237,116,0,116,353
08/06/2022,MSN,WI,AGL,CE,Combined TRACON& Tower with Radar,42,29,32,4,107,0,2,52,0,54,42,31,84,4,161,42,0,42,203
08/07/2022,MSN,WI,AGL,CE,Combined TRACON& Tower with Radar,45,20,47,4,116,0,0,8,0,8,45,20,55,4,124,14,0,14,138
08/08/2022,MSN,WI,AGL,CE,Combined TRACON& Tower with Radar,54,18,64,14,150,0,0,14,2,16,54,18,78,16,166,68,0,68,234
08/09/2022,MSN,WI,AGL,CE,Combined TRACON& Tower with Radar,55,26,32,5,118,0,0,103,8,111,55,26,135,13,229,54,0,54,283
08/10/2022,MSN,WI,AGL,CE,Combined TRACON& Tower with Radar,52,27,53,3,135,0,0,82,13,95,52,27,135,16,230,154,0,154,384
08/11/2022,MSN,WI,AGL,CE,Combined TRACON& Tower with Radar,49,29,43,8,129,0,0,85,13,98,49,29,128,21,227,114,2,116,343
08/12/2022,MSN,WI,AGL,CE,Combined TRACON& Tower with Radar,51,23,24,0,98,0,1,60,2,63,51,24,84,2,161,44,0,44,205
08/13/2022,MSN,WI,AGL,CE,Combined TRACON& Tower with Radar,44,22,16,0,82,0,0,17,0,17,44,22,33,0,99,40,0,40,139
08/14/2022,MSN,WI,AGL,CE,Combined TRACON& Tower with Radar,50,28,42,1,121,0,0,1,0,1,50,28,43,1,122,54,0,54,176
08/15/2022,MSN,WI,AGL,CE,Combined TRACON& Tower with Radar,55,21,30,5,111,0,0,38,1,39,55,21,68,6,150,90,0,90,240
08/16/2022,MSN,WI,AGL,CE,Combined TRACON& Tower with Radar,58,28,33,12,131,0,0,73,13,86,58,28,106,25,217,46,0,46,263
08/17/2022,MSN,WI,AGL,CE,Combined TRACON& Tower with Radar,59,28,33,21,141,0,1,110,18,129,59,29,143,39,270,54,0,54,324
08/18/2022,MSN,WI,AGL,CE,Combined TRACON& Tower with Radar,56,22,47,15,140,0,0,90,19,109,56,22,137,34,249,82,0,82,331
08/19/2022,MSN,WI,AGL,CE,Combined TRACON& Tower with Radar,59,23,29,14,125,0,0,35,0,35,59,23,64,14,160,78,4,82,242
08/20/2022,MSN,WI,AGL,CE,Combined TRACON& Tower with Radar,50,18,12,6,86,0,0,5,0,5,50,18,17,6,91,0,0,0,91
08/21/2022,MSN,WI,AGL,CE,Combined TRACON& Tower with Radar,75,15,37,6,133,0,0,31,0,31,75,15,68,6,164,38,0,38,202
08/22/2022,MSN,WI,AGL,CE,Combined TRACON& Tower with Radar,54,30,24,7,115,0,4,77,4,85,54,34,101,11,200,36,0,36,236
08/23/2022,MSN,WI,AGL,CE,Combined TRACON& Tower with Radar,55,28,28,14,125,0,0,86,12,98,55,28,114,26,223,126,4,130,353
08/24/2022,MSN,WI,AGL,CE,Combined TRACON& Tower with Radar,85,51,52,10,198,0,3,88,16,107,85,54,140,26,305,76,8,84,389
08/25/2022,MSN,WI,AGL,CE,Combined TRACON& Tower with Radar,60,31,38,5,134,0,0,5,6,11,60,31,43,11,145,54,0,54,199
08/26/2022,MSN,WI,AGL,CE,Combined TRACON& Tower with Radar,58,22,25,5,110,0,0,89,0,89,58,22,114,5,199,80,0,80,279
08/27/2022,MSN,WI,AGL,CE,Combined TRACON& Tower with Radar,48,24,24,1,97,0,0,53,0,53,48,24,77,1,150,28,0,28,178
08/28/2022,MSN,WI,AGL,CE,Combined TRACON& Tower with Radar,54,28,18,4,104,0,0,11,0,11,54,28,29,4,115,48,0,48,163
08/29/2022,MSN,WI,AGL,CE,Combined TRACON& Tower with Radar,70,26,37,1,134,0,2,26,2,30,70,28,63,3,164,38,0,38,202
08/30/2022,MSN,WI,AGL,CE,Combined TRACON& Tower with Radar,56,23,32,13,124,0,0,76,7,83,56,23,108,20,207,80,0,80,287
08/31/2022,MSN,WI,AGL,CE,Combined TRACON& Tower with Radar,58,24,53,7,142,0,0,100,16,116,58,24,153,23,258,40,0,40,298
09/01/2022,MSN,WI,AGL,CE,Combined TRACON& Tower with Radar,62,30,43,14,149,0,0,86,13,99,62,30,129,27,248,64,0,64,312
09/02/2022,MSN,WI,AGL,CE,Combined TRACON& Tower with Radar,58,18,44,8,128,0,0,77,3,80,58,18,121,11,208,52,0,52,260
09/03/2022,MSN,WI,AGL,CE,Combined TRACON& Tower with Radar,43,14,18,1,76,0,0,6,2,8,43,14,24,3,84,2,0,2,86
09/04/2022,MSN,WI,AGL,CE,Combined TRACON& Tower with Radar,42,22,35,1,100,0,0,2,0,2,42,22,37,1,102,28,0,28,130
09/05/2022,MSN,WI,AGL,CE,Combined TRACON& Tower with Radar,55,21,50,0,126,0,1,32,0,33,55,22,82,0,159,100,0,100,259
09/06/2022,MSN,WI,AGL,CE,Combined TRACON& Tower with Radar,56,28,44,12,140,0,0,39,9,48,56,28,83,21,188,42,0,42,230
09/07/2022,MSN,WI,AGL,CE,Combined TRACON& Tower with Radar,57,27,31,12,127,0,0,98,5,103,57,27,129,17,230,60,2,62,292
09/08/2022,MSN,WI,AGL,CE,Combined TRACON& Tower with Radar,52,41,59,12,164,0,0,75,16,91,52,41,134,28,255,30,2,32,287
09/09/2022,MSN,WI,AGL,CE,Combined TRACON& Tower with Radar,65,30,33,14,142,0,0,76,4,80,65,30,109,18,222,80,0,80,302
09/10/2022,MSN,WI,AGL,CE,Combined TRACON& Tower with Radar,50,17,33,1,101,0,0,32,5,37,50,17,65,6,138,72,2,74,212
09/11/2022,MSN,WI,AGL,CE,Combined TRACON& Tower with Radar,52,19,25,1,97,0,0,1,0,1,52,19,26,1,98,0,0,0,98
09/12/2022,MSN,WI,AGL,CE,Combined TRACON& Tower with Radar,61,25,35,10,131,0,0,0,0,0,61,25,35,10,131,0,0,0,131
09/13/2022,MSN,WI,AGL,CE,Combined TRACON& Tower with Radar,58,27,37,8,130,0,2,83,15,100,58,29,120,23,230,56,0,56,286
09/14/2022,MSN,WI,AGL,CE,Combined TRACON& Tower with Radar,60,29,28,17,134,0,0,33,12,45,60,29,61,29,179,56,0,56,235
09/15/2022,MSN,WI,AGL,CE,Combined TRACON& Tower with Radar,55,34,47,13,149,0,0,76,12,88,55,34,123,25,237,74,0,74,311
09/16/2022,MSN,WI,AGL,CE,Combined TRACON& Tower with Radar,59,33,53,7,152,0,0,81,1,82,59,33,134,8,234,78,0,78,312
09/17/2022,MSN,WI,AGL,CE,Combined TRACON& Tower with Radar,47,18,28,0,93,0,0,68,0,68,47,18,96,0,161,80,0,80,241
09/18/2022,MSN,WI,AGL,CE,Combined TRACON& Tower with Radar,47,23,32,2,104,0,0,58,0,58,47,23,90,2,162,116,0,116,278
09/19/2022,MSN,WI,AGL,CE,Combined TRACON& Tower with Radar,55,36,49,6,146,0,0,80,4,84,55,36,129,10,230,52,4,56,286
09/20/2022,MSN,WI,AGL,CE,Combined TRACON& Tower with Radar,59,20,40,5,124,0,0,23,8,31,59,20,63,13,155,76,2,78,233
09/21/2022,MSN,WI,AGL,CE,Combined TRACON& Tower with Radar,56,40,35,9,140,0,0,40,13,53,56,40,75,22,193,48,0,48,241
09/22/2022,MSN,WI,AGL,CE,Combined TRACON& Tower with Radar,53,30,34,7,124,0,2,51,8,61,53,32,85,15,185,74,2,76,261
09/23/2022,MSN,WI,AGL,CE,Combined TRACON& Tower with Radar,60,24,46,12,142,0,0,62,2,64,60,24,108,14,206,60,0,60,266
09/24/2022,MSN,WI,AGL,CE,Combined TRACON& Tower with Radar,44,20,39,9,112,0,0,5,2,7,44,20,44,11,119,0,0,0,119
09/25/2022,MSN,WI,AGL,CE,Combined TRACON& Tower with Radar,50,23,27,0,100,0,0,10,0,10,50,23,37,0,110,0,0,0,110
09/26/2022,MSN,WI,AGL,CE,Combined TRACON& Tower with Radar,57,25,35,2,119,0,0,21,0,21,57,25,56,2,140,56,0,56,196
09/27/2022,MSN,WI,AGL,CE,Combined TRACON& Tower with Radar,60,26,35,4,125,0,0,64,7,71,60,26,99,11,196,58,0,58,254
09/28/2022,MSN,WI,AGL,CE,Combined TRACON& Tower with Radar,59,18,54,9,140,0,0,70,5,75,59,18,124,14,215,84,6,90,305
09/29/2022,MSN,WI,AGL,CE,Combined TRACON& Tower with Radar,55,26,52,12,145,0,1,68,17,86,55,27,120,29,231,64,6,70,301
09/30/2022,MSN,WI,AGL,CE,Combined TRACON& Tower with Radar,59,25,37,3,124,0,0,85,0,85,59,25,122,3,209,102,0,102,311
10/01/2022,MSN,WI,AGL,CE,Combined TRACON& Tower with Radar,51,18,49,0,118,0,2,92,1,95,51,20,141,1,213,34,0,34,247
10/02/2022,MSN,WI,AGL,CE,Combined TRACON& Tower with Radar,46,25,41,0,112,0,0,66,2,68,46,25,107,2,180,124,0,124,304
10/03/2022,MSN,WI,AGL,CE,Combined TRACON& Tower with Radar,59,27,27,7,120,0,0,63,2,65,59,27,90,9,185,40,0,40,225
10/04/2022,MSN,WI,AGL,CE,Combined TRACON& Tower with Radar,59,26,48,3,136,0,0,61,2,63,59,26,109,5,199,114,0,114,313
10/05/2022,MSN,WI,AGL,CE,Combined TRACON& Tower with Radar,60,26,40,6,132,0,0,84,6,90,60,26,124,12,222,116,2,118,340
10/06/2022,MSN,WI,AGL,CE,Combined TRACON& Tower with Radar,56,28,47,16,147,0,0,23,1,24,56,28,70,17,171,44,0,44,215
10/07/2022,MSN,WI,AGL,CE,Combined TRACON& Tower with Radar,59,40,29,3,131,0,0,69,0,69,59,40,98,3,200,74,0,74,274
10/08/2022,MSN,WI,AGL,CE,Combined TRACON& Tower with Radar,52,15,15,0,82,0,0,63,3,66,52,15,78,3,148,84,0,84,232
10/09/2022,MSN,WI,AGL,CE,Combined TRACON& Tower with Radar,51,26,35,0,112,0,0,113,2,115,51,26,148,2,227,52,0,52,279
10/10/2022,MSN,WI,AGL,CE,Combined TRACON& Tower with Radar,59,26,24,0,109,0,0,67,0,67,59,26,91,0,176,64,0,64,240
10/11/2022,MSN,WI,AGL,CE,Combined TRACON& Tower with Radar,58,30,40,4,132,0,0,31,2,33,58,30,71,6,165,50,0,50,215
10/12/2022,MSN,WI,AGL,CE,Combined TRACON& Tower with Radar,66,34,31,5,136,0,0,19,7,26,66,34,50,12,162,38,2,40,202
10/13/2022,MSN,WI,AGL,CE,Combined TRACON& Tower with Radar,57,24,54,5,140,0,0,42,7,49,57,24,96,12,189,36,0,36,225
10/14/2022,MSN,WI,AGL,CE,Combined TRACON& Tower with Radar,66,27,23,3,119,0,0,50,1,51,66,27,73,4,170,62,0,62,232
10/15/2022,MSN,WI,AGL,CE,Combined TRACON& Tower with Radar,49,29,30,0,108,0,18,89,2,109,49,47,119,2,217,48,0,48,265
10/16/2022,MSN,WI,AGL,CE,Combined TRACON& Tower with Radar,51,29,32,0,112,0,0,47,0,47,51,29,79,0,159,116,0,116,275
10/17/2022,MSN,WI,AGL,CE,Combined TRACON& Tower with Radar,58,25,29,2,114,0,0,9,0,9,58,25,38,2,123,0,0,0,123
10/18/2022,MSN,WI,AGL,CE,Combined TRACON& Tower with Radar,56,26,27,5,114,0,0,8,14,22,56,26,35,19,136,14,0,14,150
10/19/2022,MSN,WI,AGL,CE,Combined TRACON& Tower with Radar,58,34,36,4,132,0,1,63,7,71,58,35,99,11,203,100,0,100,303
10/20/2022,MSN,WI,AGL,CE,Combined TRACON& Tower with Radar,57,31,50,6,144,0,3,101,12,116,57,34,151,18,260,56,0,56,316
10/21/2022,MSN,WI,AGL,CE,Combined TRACON& Tower with Radar,61,43,41,3,148,0,0,33,1,34,61,43,74,4,182,26,0,26,208
10/22/2022,MSN,WI,AGL,CE,Combined TRACON& Tower with Radar,49,31,23,0,103,0,0,60,0,60,49,31,83,0,163,76,0,76,239
10/23/2022,MSN,WI,AGL,CE,Combined TRACON& Tower with Radar,50,34,37,0,121,0,0,35,0,35,50,34,72,0,156,56,0,56,212
10/24/2022,MSN,WI,AGL,CE,Combined TRACON& Tower with Radar,58,22,22,6,108,0,0,14,0,14,58,22,36,6,122,0,4,4,126
10/25/2022,MSN,WI,AGL,CE,Combined TRACON& Tower with Radar,51,23,38,5,117,0,0,5,7,12,51,23,43,12,129,8,0,8,137
10/26/2022,MSN,WI,AGL,CE,Combined TRACON& Tower with Radar,54,33,28,5,120,0,0,56,9,65,54,33,84,14,185,130,10,140,325
10/27/2022,MSN,WI,AGL,CE,Combined TRACON& Tower with Radar,58,23,50,18,149,0,0,66,12,78,58,23,116,30,227,100,8,108,335
10/28/2022,MSN,WI,AGL,CE,Combined TRACON& Tower with Radar,60,21,29,17,127,0,4,90,5,99,60,25,119,22,226,112,0,112,338
10/29/2022,MSN,WI,AGL,CE,Combined TRACON& Tower with Radar,50,10,21,2,83,0,0,101,2,103,50,10,122,4,186,170,0,170,356
10/30/2022,MSN,WI,AGL,CE,Combined TRACON& Tower with Radar,46,17,30,0,93,0,0,94,0,94,46,17,124,0,187,84,0,84,271
10/31/2022,MSN,WI,AGL,CE,Combined TRACON& Tower with Radar,56,23,22,5,106,0,0,37,3,40,56,23,59,8,146,68,0,68,214
11/01/2022,MSN,WI,AGL,CE,Combined TRACON& Tower with Radar,58,25,34,6,123,0,4,79,7,90,58,29,113,13,213,128,0,128,341
11/02/2022,MSN,WI,AGL,CE,Combined TRACON& Tower with Radar,58,26,29,6,119,0,0,76,14,90,58,26,105,20,209,68,2,70,279
11/03/2022,MSN,WI,AGL,CE,Combined TRACON& Tower with Radar,62,30,30,0,122,0,0,30,12,42,62,30,60,12,164,60,0,60,224
11/04/2022,MSN,WI,AGL,CE,Combined TRACON& Tower with Radar,57,31,35,0,123,0,0,6,0,6,57,31,41,0,129,28,0,28,157
11/05/2022,MSN,WI,AGL,CE,Combined TRACON& Tower with Radar,51,30,19,1,101,0,0,0,0,0,51,30,19,1,101,0,0,0,101
11/06/2022,MSN,WI,AGL,CE,Combined TRACON& Tower with Radar,53,29,37,0,119,0,0,39,0,39,53,29,76,0,158,36,0,36,194
11/07/2022,MSN,WI,AGL,CE,Combined TRACON& Tower with Radar,56,33,43,6,138,0,0,69,3,72,56,33,112,9,210,70,4,74,284
11/08/2022,MSN,WI,AGL,CE,Combined TRACON& Tower with Radar,57,23,39,6,125,0,1,60,11,72,57,24,99,17,197,52,0,52,249
11/09/2022,MSN,WI,AGL,CE,Combined TRACON& Tower with Radar,58,23,46,3,130,0,0,39,13,52,58,23,85,16,182,50,0,50,232
11/10/2022,MSN,WI,AGL,CE,Combined TRACON& Tower with Radar,63,22,20,2,107,0,0,6,2,8,63,22,26,4,115,4,0,4,119
11/11/2022,MSN,WI,AGL,CE,Combined TRACON& Tower with Radar,59,17,35,1,112,0,0,4,0,4,59,17,39,1,116,0,0,0,116
11/12/2022,MSN,WI,AGL,CE,Combined TRACON& Tower with Radar,50,15,23,3,91,0,0,4,1,5,50,15,27,4,96,90,0,90,186
11/13/2022,MSN,WI,AGL,CE,Combined TRACON& Tower with Radar,61,15,44,0,120,0,2,96,0,98,61,17,140,0,218,92,0,92,310
11/14/2022,MSN,WI,AGL,CE,Combined TRACON& Tower with Radar,62,24,37,10,133,0,0,38,0,38,62,24,75,10,171,70,0,70,241
11/15/2022,MSN,WI,AGL,CE,Combined TRACON& Tower with Radar,63,14,19,0,96,0,0,0,0,0,63,14,19,0,96,0,0,0,96
11/16/2022,MSN,WI,AGL,CE,Combined TRACON& Tower with Radar,61,26,35,4,126,0,0,0,4,4,61,26,35,8,130,6,0,6,136
11/17/2022,MSN,WI,AGL,CE,Combined TRACON& Tower with Radar,62,19,41,3,125,0,0,1,2,3,62,19,42,5,128,0,4,4,132
11/18/2022,MSN,WI,AGL,CE,Combined TRACON& Tower with Radar,67,11,20,3,101,0,0,5,2,7,67,11,25,5,108,2,0,2,110
11/19/2022,MSN,WI,AGL,CE,Combined TRACON& Tower with Radar,54,19,11,4,88,0,0,4,0,4,54,19,15,4,92,32,0,32,124
11/20/2022,MSN,WI,AGL,CE,Combined TRACON& Tower with Radar,63,13,18,1,95,0,0,48,1,49,63,13,66,2,144,32,0,32,176
11/21/2022,MSN,WI,AGL,CE,Combined TRACON& Tower with Radar,66,24,33,6,129,0,0,65,2,67,66,24,98,8,196,52,0,52,248
11/22/2022,MSN,WI,AGL,CE,Combined TRACON& Tower with Radar,60,21,43,8,132,0,0,92,11,103,60,21,135,19,235,142,0,142,377
11/23/2022,MSN,WI,AGL,CE,Combined TRACON& Tower with Radar,58,20,38,0,116,0,4,99,6,109,58,24,137,6,225,132,0,132,357
11/24/2022,MSN,WI,AGL,CE,Combined TRACON& Tower with Radar,40,8,6,0,54,0,0,8,0,8,40,8,14,0,62,28,0,28,90
11/25/2022,MSN,WI,AGL,CE,Combined TRACON& Tower with Radar,52,18,18,0,88,0,0,90,0,90,52,18,108,0,178,96,0,96,274
11/26/2022,MSN,WI,AGL,CE,Combined TRACON& Tower with Radar,56,22,39,0,117,0,1,46,0,47,56,23,85,0,164,36,0,36,200
11/27/2022,MSN,WI,AGL,CE,Combined TRACON& Tower with Radar,64,25,28,0,117,0,0,12,0,12,64,25,40,0,129,8,0,8,137
11/28/2022,MSN,WI,AGL,CE,Combined TRACON& Tower with Radar,63,20,44,2,129,0,0,48,2,50,63,20,92,4,179,70,0,70,249
11/29/2022,MSN,WI,AGL,CE,Combined TRACON& Tower with Radar,61,20,31,2,114,0,0,0,0,0,61,20,31,2,114,0,0,0,114
11/30/2022,MSN,WI,AGL,CE,Combined TRACON& Tower with Radar,60,27,23,4,114,0,0,3,6,9,60,27,26,10,123,2,0,2,125
12/01/2022,MSN,WI,AGL,CE,Combined TRACON& Tower with Radar,65,23,32,5,125,0,0,65,19,84,65,23,97,24,209,62,0,62,271
12/02/2022,MSN,WI,AGL,CE,Combined TRACON& Tower with Radar,62,18,15,8,103,0,0,10,2,12,62,18,25,10,115,11,0,11,126
12/03/2022,MSN,WI,AGL,CE,Combined TRACON& Tower with Radar,49,13,17,0,79,0,0,38,7,45,49,13,55,7,124,52,0,52,176
12/04/2022,MSN,WI,AGL,CE,Combined TRACON& Tower with Radar,61,12,30,0,103,0,0,61,0,61,61,12,91,0,164,36,0,36,200
12/05/2022,MSN,WI,AGL,CE,Combined TRACON& Tower with Radar,62,18,28,6,114,0,0,26,2,28,62,18,54,8,142,48,0,48,190
12/06/2022,MSN,WI,AGL,CE,Combined TRACON& Tower with Radar,59,24,38,4,125,0,1,13,0,14,59,25,51,4,139,18,0,18,157
12/07/2022,MSN,WI,AGL,CE,Combined TRACON& Tower with Radar,61,27,31,5,124,0,0,5,6,11,61,27,36,11,135,0,0,0,135
12/08/2022,MSN,WI,AGL,CE,Combined TRACON& Tower with Radar,63,22,29,8,122,0,0,30,10,40,63,22,59,18,162,176,0,176,338
12/09/2022,MSN,WI,AGL,CE,Combined TRACON& Tower with Radar,60,21,21,2,104,0,0,0,0,0,60,21,21,2,104,0,0,0,104
12/10/2022,MSN,WI,AGL,CE,Combined TRACON& Tower with Radar,47,13,15,0,75,0,0,0,0,0,47,13,15,0,75,0,0,0,75
12/11/2022,MSN,WI,AGL,CE,Combined TRACON& Tower with Radar,61,15,15,0,91,0,0,7,0,7,61,15,22,0,98,36,0,36,134
12/12/2022,MSN,WI,AGL,CE,Combined TRACON& Tower with Radar,59,24,19,5,107,0,0,14,3,17,59,24,33,8,124,42,0,42,166
12/13/2022,MSN,WI,AGL,CE,Combined TRACON& Tower with Radar,57,33,24,4,118,0,0,2,3,5,57,33,26,7,123,22,0,22,145
12/14/2022,MSN,WI,AGL,CE,Combined TRACON& Tower with Radar,56,26,21,1,104,0,0,0,0,0,56,26,21,1,104,0,0,0,104
12/15/2022,MSN,WI,AGL,CE,Combined TRACON& Tower with Radar,59,30,28,2,119,0,0,1,14,15,59,30,29,16,134,0,0,0,134
12/16/2022,MSN,WI,AGL,CE,Combined TRACON& Tower with Radar,57,18,17,2,94,0,0,0,0,0,57,18,17,2,94,0,0,0,94
12/17/2022,MSN,WI,AGL,CE,Combined TRACON& Tower with Radar,48,11,17,0,76,0,0,2,2,4,48,11,19,2,80,0,0,0,80
12/18/2022,MSN,WI,AGL,CE,Combined TRACON& Tower with Radar,53,11,36,0,100,0,3,17,0,20,53,14,53,0,120,40,0,40,160
12/19/2022,MSN,WI,AGL,CE,Combined TRACON& Tower with Radar,52,22,40,10,124,0,0,58,8,66,52,22,98,18,190,32,0,32,222
12/20/2022,MSN,WI,AGL,CE,Combined TRACON& Tower with Radar,52,25,47,4,128,0,0,50,15,65,52,25,97,19,193,56,0,56,249
12/21/2022,MSN,WI,AGL,CE,Combined TRACON& Tower with Radar,51,29,33,8,121,0,1,5,7,13,51,30,38,15,134,0,0,0,134
12/22/2022,MSN,WI,AGL,CE,Combined TRACON& Tower with Radar,51,14,4,0,69,0,0,0,0,0,51,14,4,0,69,0,0,0,69
12/23/2022,MSN,WI,AGL,CE,Combined TRACON& Tower with Radar,35,8,1,0,44,0,0,0,0,0,35,8,1,0,44,0,0,0,44
12/24/2022,MSN,WI,AGL,CE,Combined TRACON& Tower with Radar,36,7,9,0,52,0,0,2,0,2,36,7,11,0,54,0,0,0,54
12/25/2022,MSN,WI,AGL,CE,Combined TRACON& Tower with Radar,45,11,1,0,57,0,0,8,0,8,45,11,9,0,65,0,0,0,65
12/26/2022,MSN,WI,AGL,CE,Combined TRACON& Tower with Radar,49,15,25,4,93,0,0,41,0,41,49,15,66,4,134,50,0,50,184
12/27/2022,MSN,WI,AGL,CE,Combined TRACON& Tower with Radar,55,18,22,5,100,0,0,34,5,39,55,18,56,10,139,8,8,16,155
12/28/2022,MSN,WI,AGL,CE,Combined TRACON& Tower with Radar,60,20,33,3,116,0,0,25,11,36,60,20,58,14,152,32,4,36,188
12/29/2022,MSN,WI,AGL,CE,Combined TRACON& Tower with Radar,59,23,17,1,100,0,0,6,0,6,59,23,23,1,106,20,0,20,126
12/30/2022,MSN,WI,AGL,CE,Combined TRACON& Tower with Radar,50,15,19,2,86,0,0,11,0,11,50,15,30,2,97,46,0,46,143
12/31/2022,MSN,WI,AGL,CE,Combined TRACON& Tower with Radar,38,11,22,2,73,0,0,59,0,59,38,11,81,2,132,20,0,20,152
01/01/2023,MSN,WI,AGL,CE,Combined TRACON& Tower with Radar,49,15,11,0,75,0,0,16,0,16,49,15,27,0,91,36,0,36,127
01/02/2023,MSN,WI,AGL,CE,Combined TRACON& Tower with Radar,48,18,27,2,95,0,0,55,0,55,48,18,82,2,150,114,0,114,264
01/03/2023,MSN,WI,AGL,CE,Combined TRACON& Tower with Radar,49,25,18,3,95,0,0,0,0,0,49,25,18,3,95,0,0,0,95
01/04/2023,MSN,WI,AGL,CE,Combined TRACON& Tower with Radar,51,23,17,7,98,0,0,0,0,0,51,23,17,7,98,0,0,0,98
01/05/2023,MSN,WI,AGL,CE,Combined TRACON& Tower with Radar,57,30,32,6,125,0,0,0,0,0,57,30,32,6,125,0,6,6,131
01/06/2023,MSN,WI,AGL,CE,Combined TRACON& Tower with Radar,57,19,19,11,106,0,0,7,5,12,57,19,26,16,118,2,2,4,122
01/07/2023,MSN,WI,AGL,CE,Combined TRACON& Tower with Radar,49,14,25,2,90,0,0,9,0,9,49,14,34,2,99,6,0,6,105
01/08/2023,MSN,WI,AGL,CE,Combined TRACON& Tower with Radar,52,27,19,1,99,0,0,0,0,0,52,27,19,1,99,0,0,0,99
01/09/2023,MSN,WI,AGL,CE,Combined TRACON& Tower with Radar,58,14,43,4,119,0,1,107,2,110,58,15,150,6,229,96,0,96,325
01/10/2023,MSN,WI,AGL,CE,Combined TRACON& Tower with Radar,58,16,24,1,99,0,0,1,0,1,58,16,25,1,100,0,0,0,100
01/11/2023,MSN,WI,AGL,CE,Combined TRACON& Tower with Radar,57,24,34,4,119,0,0,48,10,58,57,24,82,14,177,94,2,96,273
01/12/2023,MSN,WI,AGL,CE,Combined TRACON& Tower with Radar,60,13,16,5,94,0,0,7,0,7,60,13,23,5,101,8,0,8,109
01/13/2023,MSN,WI,AGL,CE,Combined TRACON& Tower with Radar,57,17,23,0,97,0,3,41,9,53,57,20,64,9,150,42,0,42,192
01/14/2023,MSN,WI,AGL,CE,Combined TRACON& Tower with Radar,45,16,33,0,94,0,6,39,0,45,45,22,72,0,139,24,0,24,163
01/15/2023,MSN,WI,AGL,CE,Combined TRACON& Tower with Radar,47,14,37,0,98,0,7,50,0,57,47,21,87,0,155,34,0,34,189
01/16/2023,MSN,WI,AGL,CE,Combined TRACON& Tower with Radar,58,13,14,0,85,0,0,0,0,0,58,13,14,0,85,0,0,0,85
01/17/2023,MSN,WI,AGL,CE,Combined TRACON& Tower with Radar,59,14,23,2,98,0,0,2,2,4,59,14,25,4,102,12,0,12,114
01/18/2023,MSN,WI,AGL,CE,Combined TRACON& Tower with Radar,60,25,32,3,120,0,0,7,13,20,60,25,39,16,140,82,8,90,230
01/19/2023,MSN,WI,AGL,CE,Combined TRACON& Tower with Radar,65,13,15,0,93,0,0,0,0,0,65,13,15,0,93,0,0,0,93
01/20/2023,MSN,WI,AGL,CE,Combined TRACON& Tower with Radar,58,15,28,0,101,0,0,10,4,14,58,15,38,4,115,32,0,32,147
01/21/2023,MSN,WI,AGL,CE,Combined TRACON& Tower with Radar,46,9,15,0,70,0,0,0,0,0,46,9,15,0,70,0,0,0,70
01/22/2023,MSN,WI,AGL,CE,Combined TRACON& Tower with Radar,58,21,13,0,92,0,0,0,0,0,58,21,13,0,92,0,0,0,92
01/23/2023,MSN,WI,AGL,CE,Combined TRACON& Tower with Radar,58,12,25,5,100,0,1,23,1,25,58,13,48,6,125,32,0,32,157
01/24/2023,MSN,WI,AGL,CE,Combined TRACON& Tower with Radar,60,15,31,7,113,0,0,11,12,23,60,15,42,19,136,64,6,70,206
01/25/2023,MSN,WI,AGL,CE,Combined TRACON& Tower with Radar,56,10,39,2,107,0,0,0,0,0,56,10,39,2,107,0,0,0,107
01/26/2023,MSN,WI,AGL,CE,Combined TRACON& Tower with Radar,67,15,26,5,113,0,0,4,8,12,67,15,30,13,125,0,0,0,125
01/27/2023,MSN,WI,AGL,CE,Combined TRACON& Tower with Radar,66,17,30,1,114,0,0,1,2,3,66,17,31,3,117,0,0,0,117
01/28/2023,MSN,WI,AGL,CE,Combined TRACON& Tower with Radar,50,11,17,0,78,0,0,0,0,0,50,11,17,0,78,16,0,16,94
01/29/2023,MSN,WI,AGL,CE,Combined TRACON& Tower with Radar,58,14,24,0,96,0,3,42,0,45,58,17,66,0,141,32,0,32,173
01/30/2023,MSN,WI,AGL,CE,Combined TRACON& Tower with Radar,61,23,28,5,117,0,0,21,5,26,61,23,49,10,143,14,0,14,157
01/31/2023,MSN,WI,AGL,CE,Combined TRACON& Tower with Radar,55,15,45,5,120,0,0,46,15,61,55,15,91,20,181,98,0,98,279
02/01/2023,MSN,WI,AGL,CE,Combined TRACON& Tower with Radar,53,17,47,9,126,0,0,49,14,63,53,17,96,23,189,178,0,178,367
02/02/2023,MSN,WI,AGL,CE,Combined TRACON& Tower with Radar,57,11,39,12,119,0,0,62,11,73,57,11,101,23,192,32,0,32,224
02/03/2023,MSN,WI,AGL,CE,Combined TRACON& Tower with Radar,51,16,30,12,109,0,0,20,0,20,51,16,50,12,129,8,0,8,137
02/04/2023,MSN,WI,AGL,CE,Combined TRACON& Tower with Radar,42,12,17,2,73,0,0,91,2,93,42,12,108,4,166,32,0,32,198
02/05/2023,MSN,WI,AGL,CE,Combined TRACON& Tower with Radar,53,12,27,4,96,0,2,91,0,93,53,14,118,4,189,130,0,130,319
02/06/2023,MSN,WI,AGL,CE,Combined TRACON& Tower with Radar,53,18,20,8,99,0,0,49,2,51,53,18,69,10,150,26,0,26,176
02/07/2023,MSN,WI,AGL,CE,Combined TRACON& Tower with Radar,61,19,25,6,111,0,0,22,8,30,61,19,47,14,141,38,0,38,179
02/08/2023,MSN,WI,AGL,CE,Combined TRACON& Tower with Radar,55,15,18,6,94,0,0,11,8,19,55,15,29,14,113,24,0,24,137
02/09/2023,MSN,WI,AGL,CE,Combined TRACON& Tower with Radar,56,20,9,2,87,0,0,2,0,2,56,20,11,2,89,0,0,0,89
02/10/2023,MSN,WI,AGL,CE,Combined TRACON& Tower with Radar,47,27,20,5,99,0,1,85,4,90,47,28,105,9,189,94,0,94,283
02/11/2023,MSN,WI,AGL,CE,Combined TRACON& Tower with Radar,40,17,22,0,79,0,3,71,0,74,40,20,93,0,153,52,0,52,205
02/12/2023,MSN,WI,AGL,CE,Combined TRACON& Tower with Radar,47,25,26,4,102,0,0,120,0,120,47,25,146,4,222,74,0,74,296
02/13/2023,MSN,WI,AGL,CE,Combined TRACON& Tower with Radar,49,26,28,5,108,0,0,81,3,84,49,26,109,8,192,94,0,94,286
02/14/2023,MSN,WI,AGL,CE,Combined TRACON& Tower with Radar,51,22,25,4,102,0,0,7,6,13,51,22,32,10,115,0,0,0,115
02/15/2023,MSN,WI,AGL,CE,Combined TRACON& Tower with Radar,50,14,26,5,95,0,0,4,8,12,50,14,30,13,107,6,0,6,113
02/16/2023,MSN,WI,AGL,CE,Combined TRACON& Tower with Radar,48,17,10,0,75,0,0,0,0,0,48,17,10,0,75,0,0,0,75
02/17/2023,MSN,WI,AGL,CE,Combined TRACON& Tower with Radar,47,32,38,6,123,0,0,74,2,76,47,32,112,8,199,16,0,16,215
02/18/2023,MSN,WI,AGL,CE,Combined TRACON& Tower with Radar,39,20,29,1,89,0,2,113,0,115,39,22,142,1,204,52,0,52,256
02/19/2023,MSN,WI,AGL,CE,Combined TRACON& Tower with Radar,48,21,30,0,99,0,0,69,0,69,48,21,99,0,168,118,0,118,286
02/20/2023,MSN,WI,AGL,CE,Combined TRACON& Tower with Radar,55,27,35,0,117,0,0,53,7,60,55,27,88,7,177,120,0,120,297
02/21/2023,MSN,WI,AGL,CE,Combined TRACON& Tower with Radar,48,38,39,5,130,0,0,39,10,49,48,38,78,15,179,72,2,74,253
02/22/2023,MSN,WI,AGL,CE,Combined TRACON& Tower with Radar,31,14,10,0,55,0,0,0,0,0,31,14,10,0,55,0,0,0,55
02/23/2023,MSN,WI,AGL,CE,Combined TRACON& Tower with Radar,48,25,15,3,91,0,0,0,4,4,48,25,15,7,95,0,0,0,95
02/24/2023,MSN,WI,AGL,CE,Combined TRACON& Tower with Radar,50,25,19,7,101,0,0,55,5,60,50,25,74,12,161,58,0,58,219
02/25/2023,MSN,WI,AGL,CE,Combined TRACON& Tower with Radar,40,21,29,0,90,0,7,38,0,45,40,28,67,0,135,50,0,50,185
02/26/2023,MSN,WI,AGL,CE,Combined TRACON& Tower with Radar,53,22,44,0,119,0,7,123,0,130,53,29,167,0,249,84,0,84,333
02/27/2023,MSN,WI,AGL,CE,Combined TRACON& Tower with Radar,52,21,9,2,84,0,0,0,0,0,52,21,9,2,84,0,0,0,84
02/28/2023,MSN,WI,AGL,CE,Combined TRACON& Tower with Radar,52,21,43,8,124,0,0,59,6,65,52,21,102,14,189,80,0,80,269
03/01/2023,MSN,WI,AGL,CE,Combined TRACON& Tower with Radar,55,23,20,13,111,0,0,19,10,29,55,23,39,23,140,42,18,60,200
03/02/2023,MSN,WI,AGL,CE,Combined TRACON& Tower with Radar,53,25,30,4,112,0,0,11,6,17,53,25,41,10,129,68,0,68,197
03/03/2023,MSN,WI,AGL,CE,Combined TRACON& Tower with Radar,54,36,32,1,123,0,0,11,2,13,54,36,43,3,136,20,0,20,156
03/04/2023,MSN,WI,AGL,CE,Combined TRACON& Tower with Radar,42,26,17,2,87,0,0,69,0,69,42,26,86,2,156,56,0,56,212
03/05/2023,MSN,WI,AGL,CE,Combined TRACON& Tower with Radar,52,25,25,1,103,0,0,84,0,84,52,25,109,1,187,54,0,54,241
03/06/2023,MSN,WI,AGL,CE,Combined TRACON& Tower with Radar,53,26,42,3,124,0,0,0,0,0,53,26,42,3,124,0,0,0,124
03/07/2023,MSN,WI,AGL,CE,Combined TRACON& Tower with Radar,53,27,34,6,120,0,0,74,14,88,53,27,108,20,208,52,0,52,260
03/08/2023,MSN,WI,AGL,CE,Combined TRACON& Tower with Radar,51,28,54,7,140,0,0,58,14,72,51,28,112,21,212,32,0,32,244
03/09/2023,MSN,WI,AGL,CE,Combined TRACON& Tower with Radar,54,25,16,1,96,0,0,14,0,14,54,25,30,1,110,34,0,34,144
03/10/2023,MSN,WI,AGL,CE,Combined TRACON& Tower with Radar,54,30,8,3,95,0,0,2,0,2,54,30,10,3,97,0,0,0,97
03/11/2023,MSN,WI,AGL,CE,Combined TRACON& Tower with Radar,48,24,13,0,85,0,0,12,0,12,48,24,25,0,97,60,0,60,157
03/12/2023,MSN,WI,AGL,CE,Combined TRACON& Tower with Radar,53,21,6,0,80,0,0,1,0,1,53,21,7,0,81,0,0,0,81
03/13/2023,MSN,WI,AGL,CE,Combined TRACON& Tower with Radar,57,20,24,8,109,0,0,10,0,10,57,20,34,8,119,18,0,18,137
03/14/2023,MSN,WI,AGL,CE,Combined TRACON& Tower with Radar,55,18,51,9,133,0,0,96,7,103,55,18,147,16,236,56,12,68,304
03/15/2023,MSN,WI,AGL,CE,Combined TRACON& Tower with Radar,53,26,37,10,126,0,0,62,18,80,53,26,99,28,206,14,0,14,220
03/16/2023,MSN,WI,AGL,CE,Combined TRACON& Tower with Radar,54,28,9,3,94,0,0,8,1,9,54,28,17,4,103,78,0,78,181
03/17/2023,MSN,WI,AGL,CE,Combined TRACON& Tower with Radar,54,21,26,2,103,0,0,10,0,10,54,21,36,2,113,2,0,2,115
03/18/2023,MSN,WI,AGL,CE,Combined TRACON& Tower with Radar,51,23,8,0,82,0,0,7,0,7,51,23,15,0,89,4,0,4,93
03/19/2023,MSN,WI,AGL,CE,Combined TRACON& Tower with Radar,52,22,35,0,109,0,0,83,0,83,52,22,118,0,192,92,0,92,284
03/20/2023,MSN,WI,AGL,CE,Combined TRACON& Tower with Radar,54,26,40,4,124,0,1,55,0,56,54,27,95,4,180,102,0,102,282
03/21/2023,MSN,WI,AGL,CE,Combined TRACON& Tower with Radar,51,25,22,8,106,0,0,72,15,87,51,25,94,23,193,98,0,98,291
03/22/2023,MSN,WI,AGL,CE,Combined TRACON& Tower with Radar,55,21,28,2,106,0,0,1,4,5,55,21,29,6,111,2,0,2,113
03/23/2023,MSN,WI,AGL,CE,Combined TRACON& Tower with Radar,57,30,36,2,125,0,0,51,12,63,57,30,87,14,188,98,0,98,286
03/24/2023,MSN,WI,AGL,CE,Combined TRACON& Tower with Radar,56,28,52,0,136,0,0,88,0,88,56,28,140,0,224,68,0,68,292
03/25/2023,MSN,WI,AGL,CE,Combined TRACON& Tower with Radar,45,20,7,0,72,0,0,17,0,17,45,20,24,0,89,0,0,0,89
03/26/2023,MSN,WI,AGL,CE,Combined TRACON& Tower with Radar,59,27,42,0,128,0,0,56,0,56,59,27,98,0,184,60,0,60,244
03/27/2023,MSN,WI,AGL,CE,Combined TRACON& Tower with Radar,52,20,29,4,105,0,7,75,4,86,52,27,104,8,191,146,0,146,337
03/28/2023,MSN,WI,AGL,CE,Combined TRACON& Tower with Radar,54,25,36,4,119,0,0,92,13,105,54,25,128,17,224,42,2,44,268
03/29/2023,MSN,WI,AGL,CE,Combined TRACON& Tower with Radar,56,27,51,6,140,0,2,55,10,67,56,29,106,16,207,54,0,54,261
03/30/2023,MSN,WI,AGL,CE,Combined TRACON& Tower with Radar,57,33,45,5,140,0,0,59,7,66,57,33,104,12,206,100,0,100,306
03/31/2023,MSN,WI,AGL,CE,Combined TRACON& Tower with Radar,50,18,24,0,92,0,0,2,0,2,50,18,26,0,94,0,8,8,102
04/01/2023,MSN,WI,AGL,CE,Combined TRACON& Tower with Radar,46,22,17,0,85,0,0,18,2,20,46,22,35,2,105,30,0,30,135
04/02/2023,MSN,WI,AGL,CE,Combined TRACON& Tower with Radar,55,34,37,0,126,0,0,55,0,55,55,34,92,0,181,44,0,44,225
04/03/2023,MSN,WI,AGL,CE,Combined TRACON& Tower with Radar,54,21,28,8,111,0,2,52,2,56,54,23,80,10,167,90,0,90,257
04/04/2023,MSN,WI,AGL,CE,Combined TRACON& Tower with Radar,57,28,16,4,105,0,0,1,0,1,57,28,17,4,106,0,0,0,106
04/05/2023,MSN,WI,AGL,CE,Combined TRACON& Tower with Radar,52,28,14,9,103,0,0,7,5,12,52,28,21,14,115,0,4,4,119
04/06/2023,MSN,WI,AGL,CE,Combined TRACON& Tower with Radar,60,23,22,4,109,0,0,52,11,63,60,23,74,15,172,10,2,12,184
04/07/2023,MSN,WI,AGL,CE,Combined TRACON& Tower with Radar,57,28,37,4,126,0,0,97,4,101,57,28,134,8,227,54,0,54,281
04/08/2023,MSN,WI,AGL,CE,Combined TRACON& Tower with Radar,49,17,45,0,111,0,3,117,0,120,49,20,162,0,231,70,0,70,301
04/09/2023,MSN,WI,AGL,CE,Combined TRACON& Tower with Radar,55,20,9,0,84,0,1,59,0,60,55,21,68,0,144,106,0,106,250
04/10/2023,MSN,WI,AGL,CE,Combined TRACON& Tower with Radar,57,18,49,5,129,0,0,76,2,78,57,18,125,7,207,76,0,76,283
04/11/2023,MSN,WI,AGL,CE,Combined TRACON& Tower with Radar,59,18,34,5,116,0,0,61,15,76,59,18,95,20,192,50,0,50,242
04/12/2023,MSN,WI,AGL,CE,Combined TRACON& Tower with Radar,54,36,28,5,123,0,0,19,14,33,54,36,47,19,156,12,0,12,168
04/13/2023,MSN,WI,AGL,CE,Combined TRACON& Tower with Radar,58,29,52,1,140,0,1,87,12,100,58,30,139,13,240,100,0,100,340
04/14/2023,MSN,WI,AGL,CE,Combined TRACON& Tower with Radar,53,30,29,4,116,0,0,86,12,98,53,30,115,16,214,166,0,166,380
04/15/2023,MSN,WI,AGL,CE,Combined TRACON& Tower with Radar,43,14,21,0,78,0,0,70,1,71,43,14,91,1,149,110,0,110,259
04/16/2023,MSN,WI,AGL,CE,Combined TRACON& Tower with Radar,50,29,12,0,91,0,0,0,0,0,50,29,12,0,91,0,0,0,91
04/17/2023,MSN,WI,AGL,CE,Combined TRACON& Tower with Radar,55,25,22,4,106,0,0,2,0,2,55,25,24,4,108,0,0,0,108
04/18/2023,MSN,WI,AGL,CE,Combined TRACON& Tower with Radar,57,23,50,2,132,0,2,91,10,103,57,25,141,12,235,160,0,160,395
04/19/2023,MSN,WI,AGL,CE,Combined TRACON& Tower with Radar,52,30,21,0,103,0,0,2,0,2,52,30,23,0,105,0,6,6,111
04/20/2023,MSN,WI,AGL,CE,Combined TRACON& Tower with Radar,73,29,22,0,124,0,0,5,8,13,73,29,27,8,137,30,2,32,169
04/21/2023,MSN,WI,AGL,CE,Combined TRACON& Tower with Radar,54,35,37,15,141,0,1,47,6,54,54,36,84,21,195,64,0,64,259
04/22/2023,MSN,WI,AGL,CE,Combined TRACON& Tower with Radar,45,16,14,2,77,0,0,4,0,4,45,16,18,2,81,0,0,0,81
04/23/2023,MSN,WI,AGL,CE,Combined TRACON& Tower with Radar,58,24,28,5,115,0,0,58,2,60,58,24,86,7,175,90,0,90,265
04/24/2023,MSN,WI,AGL,CE,Combined TRACON& Tower with Radar,53,19,53,5,130,0,1,61,2,64,53,20,114,7,194,94,0,94,288
04/25/2023,MSN,WI,AGL,CE,Combined TRACON& Tower with Radar,57,24,38,6,125,0,1,39,13,53,57,25,77,19,178,100,2,102,280
04/26/2023,MSN,WI,AGL,CE,Combined TRACON& Tower with Radar,52,25,40,5,122,0,0,94,14,108,52,25,134,19,230,132,2,134,364
04/27/2023,MSN,WI,AGL,CE,Combined TRACON& Tower with Radar,53,24,39,8,124,0,0,86,5,91,53,24,125,13,215,90,0,90,305
04/28/2023,MSN,WI,AGL,CE,Combined TRACON& Tower with Radar,52,25,49,1,127,0,0,91,8,99,52,25,140,9,226,186,0,186,412
04/29/2023,MSN,WI,AGL,CE,Combined TRACON& Tower with Radar,47,14,45,0,106,0,0,5,0,5,47,14,50,0,111,24,0,24,135
04/30/2023,MSN,WI,AGL,CE,Combined TRACON& Tower with Radar,53,21,15,0,89,0,0,0,0,0,53,21,15,0,89,0,0,0,89
05/01/2023,MSN,WI,AGL,CE,Combined TRACON& Tower with Radar,52,23,14,0,89,0,1,3,0,4,52,24,17,0,93,0,0,0,93
05/02/2023,MSN,WI,AGL,CE,Combined TRACON& Tower with Radar,54,21,21,8,104,0,0,16,0,16,54,21,37,8,120,18,0,18,138
05/03/2023,MSN,WI,AGL,CE,Combined TRACON& Tower with Radar,56,22,41,3,122,0,0,92,0,92,56,22,133,3,214,86,0,86,300
05/04/2023,MSN,WI,AGL,CE,Combined TRACON& Tower with Radar,53,26,37,7,123,0,2,92,3,97,53,28,129,10,220,104,0,104,324
05/05/2023,MSN,WI,AGL,CE,Combined TRACON& Tower with Radar,48,18,41,8,115,0,0,76,4,80,48,18,117,12,195,91,0,91,286
05/06/2023,MSN,WI,AGL,CE,Combined TRACON& Tower with Radar,49,17,35,10,111,0,0,9,0,9,49,17,44,10,120,72,24,96,216
05/07/2023,MSN,WI,AGL,CE,Combined TRACON& Tower with Radar,53,23,34,7,117,0,3,52,4,59,53,26,86,11,176,92,0,92,268
05/08/2023,MSN,WI,AGL,CE,Combined TRACON& Tower with Radar,52,20,32,2,106,0,0,0,0,0,52,20,32,2,106,0,0,0,106
05/09/2023,MSN,WI,AGL,CE,Combined TRACON& Tower with Radar,60,24,29,2,115,0,3,43,3,49,60,27,72,5,164,70,0,70,234
05/10/2023,MSN,WI,AGL,CE,Combined TRACON& Tower with Radar,56,24,41,5,126,0,0,94,1,95,56,24,135,6,221,56,0,56,277
05/11/2023,MSN,WI,AGL,CE,Combined TRACON& Tower with Radar,57,29,57,1,144,0,0,79,15,94,57,29,136,16,238,30,0,30,268
05/12/2023,MSN,WI,AGL,CE,Combined TRACON& Tower with Radar,52,42,39,6,139,0,0,30,2,32,52,42,69,8,171,124,0,124,295
05/13/2023,MSN,WI,AGL,CE,Combined TRACON& Tower with Radar,47,30,12,0,89,0,0,81,0,81,47,30,93,0,170,104,0,104,274
05/14/2023,MSN,WI,AGL,CE,Combined TRACON& Tower with Radar,53,29,30,0,112,0,1,17,0,18,53,30,47,0,130,52,0,52,182
05/15/2023,MSN,WI,AGL,CE,Combined TRACON& Tower with Radar,52,35,41,13,141,0,6,91,12,109,52,41,132,25,250,114,12,126,376
05/16/2023,MSN,WI,AGL,CE,Combined TRACON& Tower with Radar,58,20,43,7,128,0,4,83,15,102,58,24,126,22,230,110,14,124,354
05/17/2023,MSN,WI,AGL,CE,Combined TRACON& Tower with Radar,55,35,49,8,147,0,3,107,20,130,55,38,156,28,277,158,0,158,435
05/18/2023,MSN,WI,AGL,CE,Combined TRACON& Tower with Radar,57,26,48,2,133,0,1,85,11,97,57,27,133,13,230,78,0,78,308
05/19/2023,MSN,WI,AGL,CE,Combined TRACON& Tower with Radar,53,21,49,4,127,0,2,44,4,50,53,23,93,8,177,84,0,84,261
05/20/2023,MSN,WI,AGL,CE,Combined TRACON& Tower with Radar,46,16,27,0,89,0,1,96,4,101,46,17,123,4,190,120,0,120,310
05/21/2023,MSN,WI,AGL,CE,Combined TRACON& Tower with Radar,58,13,24,0,95,0,1,102,0,103,58,14,126,0,198,164,0,164,362
05/22/2023,MSN,WI,AGL,CE,Combined TRACON& Tower with Radar,54,19,45,10,128,0,1,67,4,72,54,20,112,14,200,52,0,52,252
05/23/2023,MSN,WI,AGL,CE,Combined TRACON& Tower with Radar,58,18,43,4,123,0,3,93,13,109,58,21,136,17,232,90,0,90,322
05/24/2023,MSN,WI,AGL,CE,Combined TRACON& Tower with Radar,55,20,38,6,119,0,0,57,14,71,55,20,95,20,190,52,0,52,242
05/25/2023,MSN,WI,AGL,CE,Combined TRACON& Tower with Radar,55,22,45,5,127,0,1,99,17,117,55,23,144,22,244,80,0,80,324
05/26/2023,MSN,WI,AGL,CE,Combined TRACON& Tower with Radar,52,13,35,3,103,0,0,90,6,96,52,13,125,9,199,44,4,48,247
05/27/2023,MSN,WI,AGL,CE,Combined TRACON& Tower with Radar,47,11,26,2,86,0,1,124,2,127,47,12,150,4,213,110,0,110,323
05/28/2023,MSN,WI,AGL,CE,Combined TRACON& Tower with Radar,49,14,17,0,80,0,0,100,15,115,49,14,117,15,195,134,0,134,329
05/29/2023,MSN,WI,AGL,CE,Combined TRACON& Tower with Radar,52,11,27,2,92,0,2,98,4,104,52,13,125,6,196,98,0,98,294
05/30/2023,MSN,WI,AGL,CE,Combined TRACON& Tower with Radar,59,19,41,7,126,0,2,50,8,60,59,21,91,15,186,106,0,106,292
05/31/2023,MSN,WI,AGL,CE,Combined TRACON& Tower with Radar,60,28,49,8,145,0,1,78,18,97,60,29,127,26,242,74,0,74,316
06/01/2023,MSN,WI,AGL,CE,Combined TRACON& Tower with Radar,63,20,36,6,125,0,0,51,12,63,63,20,87,18,188,138,0,138,326
06/02/2023,MSN,WI,AGL,CE,Combined TRACON& Tower with Radar,51,24,36,6,117,0,4,94,5,103,51,28,130,11,220,90,0,90,310
06/03/2023,MSN,WI,AGL,CE,Combined TRACON& Tower with Radar,50,21,12,0,83,0,2,112,4,118,50,23,124,4,201,106,0,106,307
06/04/2023,MSN,WI,AGL,CE,Combined TRACON& Tower with Radar,58,23,35,0,116,0,10,77,3,90,58,33,112,3,206,152,0,152,358
06/05/2023,MSN,WI,AGL,CE,Combined TRACON& Tower with Radar,54,31,49,7,141,0,3,79,4,86,54,34,128,11,227,64,0,64,291
06/06/2023,MSN,WI,AGL,CE,Combined TRACON& Tower with Radar,57,21,35,7,120,0,0,48,9,57,57,21,83,16,177,112,0,112,289
06/07/2023,MSN,WI,AGL,CE,Combined TRACON& Tower with Radar,54,30,62,4,150,0,3,90,6,99,54,33,152,10,249,106,0,106,355
06/08/2023,MSN,WI,AGL,CE,Combined TRACON& Tower with Radar,55,28,57,5,145,0,0,114,15,129,55,28,171,20,274,80,0,80,354
06/09/2023,MSN,WI,AGL,CE,Combined TRACON& Tower with Radar,53,24,59,14,150,0,0,120,5,125,53,24,179,19,275,72,4,76,351
06/10/2023,MSN,WI,AGL,CE,Combined TRACON& Tower with Radar,47,26,21,1,95,0,0,126,9,135,47,26,147,10,230,86,0,86,316
06/11/2023,MSN,WI,AGL,CE,Combined TRACON& Tower with Radar,57,33,43,2,135,0,0,3,0,3,57,33,46,2,138,50,0,50,188
06/12/2023,MSN,WI,AGL,CE,Combined TRACON& Tower with Radar,51,30,47,10,138,0,0,63,4,67,51,30,110,14,205,12,0,12,217
06/13/2023,MSN,WI,AGL,CE,Combined TRACON& Tower with Radar,57,34,37,11,139,0,0,6,7,13,57,34,43,18,152,42,0,42,194
06/14/2023,MSN,WI,AGL,CE,Combined TRACON& Tower with Radar,54,34,56,12,156,0,3,60,12,75,54,37,116,24,231,110,0,110,341
06/15/2023,MSN,WI,AGL,CE,Combined TRACON& Tower with Radar,58,27,47,14,146,0,1,35,9,45,58,28,82,23,191,98,0,98,289
06/16/2023,MSN,WI,AGL,CE,Combined TRACON& Tower with Radar,50,27,56,1,134,0,0,54,3,57,50,27,110,4,191,126,0,126,317
06/17/2023,MSN,WI,AGL,CE,Combined TRACON& Tower with Radar,46,32,30,1,109,0,0,86,0,86,46,32,116,1,195,114,0,114,309
06/18/2023,MSN,WI,AGL,CE,Combined TRACON& Tower with Radar,58,18,20,3,99,0,0,67,3,70,58,18,87,6,169,88,0,88,257
06/19/2023,MSN,WI,AGL,CE,Combined TRACON& Tower with Radar,54,28,45,3,130,0,1,80,2,83,54,29,125,5,213,64,0,64,277
06/20/2023,MSN,WI,AGL,CE,Combined TRACON& Tower with Radar,55,32,46,10,143,0,0,71,7,78,55,32,117,17,221,86,0,86,307
06/21/2023,MSN,WI,AGL,CE,Combined TRACON& Tower with Radar,54,28,69,13,164,0,0,76,7,83,54,28,145,20,247,148,0,148,395
06/22/2023,MSN,WI,AGL,CE,Combined TRACON& Tower with Radar,55,28,42,13,138,0,0,72,16,88,55,28,114,29,226,76,0,76,302
06/23/2023,MSN,WI,AGL,CE,Combined TRACON& Tower with Radar,50,30,47,5,132,0,1,99,5,105,50,31,146,10,237,90,0,90,327
06/24/2023,MSN,WI,AGL,CE,Combined TRACON& Tower with Radar,47,19,25,0,91,0,0,70,1,71,47,19,95,1,162,144,0,144,306
06/25/2023,MSN,WI,AGL,CE,Combined TRACON& Tower with Radar,60,13,28,0,101,0,0,11,0,11,60,13,39,0,112,68,0,68,180
06/26/2023,MSN,WI,AGL,CE,Combined TRACON& Tower with Radar,51,20,45,2,118,0,0,4,0,4,51,20,49,2,122,14,0,14,136
06/27/2023,MSN,WI,AGL,CE,Combined TRACON& Tower with Radar,49,21,67,8,145,0,0,0,0,0,49,21,67,8,145,0,0,0,145
06/28/2023,MSN,WI,AGL,CE,Combined TRACON& Tower with Radar,45,32,61,6,144,0,0,0,0,0,45,32,61,6,144,0,0,0,144
06/29/2023,MSN,WI,AGL,CE,Combined TRACON& Tower with Radar,52,28,103,15,198,0,0,8,4,12,52,28,111,19,210,22,0,22,232
06/30/2023,MSN,WI,AGL,CE,Combined TRACON& Tower with Radar,49,20,50,7,126,0,0,90,4,94,49,20,140,11,220,122,0,122,342
07/01/2023,MSN,WI,AGL,CE,Combined TRACON& Tower with Radar,52,13,15,0,80,0,0,48,2,50,52,13,63,2,130,92,0,92,222
07/02/2023,MSN,WI,AGL,CE,Combined TRACON& Tower with Radar,56,12,28,0,96,0,0,81,0,81,56,12,109,0,177,158,0,158,335
07/03/2023,MSN,WI,AGL,CE,Combined TRACON& Tower with Radar,50,12,19,0,81,0,0,65,0,65,50,12,84,0,146,72,0,72,218
07/04/2023,MSN,WI,AGL,CE,Combined TRACON& Tower with Radar,45,7,16,1,69,0,0,55,5,60,45,7,71,6,129,40,0,40,169
07/05/2023,MSN,WI,AGL,CE,Combined TRACON& Tower with Radar,58,19,18,5,100,0,0,25,10,35,58,19,43,15,135,18,0,18,153
07/06/2023,MSN,WI,AGL,CE,Combined TRACON& Tower with Radar,53,21,45,13,132,0,0,73,10,83,53,21,118,23,215,176,0,176,391
07/07/2023,MSN,WI,AGL,CE,Combined TRACON& Tower with Radar,53,20,22,4,99,0,0,116,2,118,53,20,138,6,217,130,0,130,347
07/08/2023,MSN,WI,AGL,CE,Combined TRACON& Tower with Radar,48,22,34,10,114,0,1,90,0,91,48,23,124,10,205,132,0,132,337
07/09/2023,MSN,WI,AGL,CE,Combined TRACON& Tower with Radar,58,21,28,0,107,0,0,121,2,123,58,21,149,2,230,112,0,112,342
07/10/2023,MSN,WI,AGL,CE,Combined TRACON& Tower with Radar,55,24,49,7,135,0,0,71,3,74,55,24,120,10,209,66,0,66,275
07/11/2023,MSN,WI,AGL,CE,Combined TRACON& Tower with Radar,57,31,39,11,138,0,0,67,13,80,57,31,106,24,218,138,0,138,356
07/12/2023,MSN,WI,AGL,CE,Combined TRACON& Tower with Radar,66,26,32,5,129,0,0,0,2,2,66,26,32,7,131,16,0,16,147
07/13/2023,MSN,WI,AGL,CE,Combined TRACON& Tower with Radar,57,28,84,8,177,0,0,30,13,43,57,28,114,21,220,52,0,52,272
07/14/2023,MSN,WI,AGL,CE,Combined TRACON& Tower with Radar,53,28,38,4,123,0,0,69,4,73,53,28,107,8,196,56,0,56,252
07/15/2023,MSN,WI,AGL,CE,Combined TRACON& Tower with Radar,50,18,14,26,108,0,0,74,2,76,50,18,88,28,184,80,12,92,276
07/16/2023,MSN,WI,AGL,CE,Combined TRACON& Tower with Radar,58,32,31,3,124,0,0,75,6,81,58,32,106,9,205,68,0,68,273
07/17/2023,MSN,WI,AGL,CE,Combined TRACON& Tower with Radar,57,24,37,13,131,0,1,87,2,90,57,25,124,15,221,64,2,66,287
07/18/2023,MSN,WI,AGL,CE,Combined TRACON& Tower with Radar,58,20,42,12,132,0,0,87,9,96,58,20,129,21,228,62,0,62,290
07/19/2023,MSN,WI,AGL,CE,Combined TRACON& Tower with Radar,58,26,55,15,154,0,2,90,13,105,58,28,145,28,259,40,0,40,299
07/20/2023,MSN,WI,AGL,CE,Combined TRACON& Tower with Radar,55,30,76,10,171,0,2,58,2,62,55,32,134,12,233,20,6,26,259
07/21/2023,MSN,WI,AGL,CE,Combined TRACON& Tower with Radar,51,23,48,12,134,0,3,93,5,101,51,26,141,17,235,10,0,10,245
07/22/2023,MSN,WI,AGL,CE,Combined TRACON& Tower with Radar,53,18,32,1,104,0,2,80,4,86,53,20,112,5,190,12,0,12,202
07/23/2023,MSN,WI,AGL,CE,Combined TRACON& Tower with Radar,61,30,41,0,132,0,4,77,2,83,61,34,118,2,215,12,0,12,227
07/24/2023,MSN,WI,AGL,CE,Combined TRACON& Tower with Radar,56,23,40,11,130,0,0,37,1,38,56,23,77,12,168,18,0,18,186
07/25/2023,MSN,WI,AGL,CE,Combined TRACON& Tower with Radar,54,23,42,11,130,0,0,72,0,72,54,23,114,11,202,58,0,58,260
07/26/2023,MSN,WI,AGL,CE,Combined TRACON& Tower with Radar,60,21,34,17,132,0,0,45,2,47,60,21,79,19,179,28,16,44,223
07/27/2023,MSN,WI,AGL,CE,Combined TRACON& Tower with Radar,60,26,37,20,143,0,0,69,2,71,60,26,106,22,214,48,0,48,262
07/28/2023,MSN,WI,AGL,CE,Combined TRACON& Tower with Radar,53,20,26,4,103,0,0,37,1,38,53,20,63,5,141,0,0,0,141
07/29/2023,MSN,WI,AGL,CE,Combined TRACON& Tower with Radar,50,21,45,0,116,0,1,35,0,36,50,22,80,0,152,8,0,8,160
07/30/2023,MSN,WI,AGL,CE,Combined TRACON& Tower with Radar,57,19,38,0,114,0,1,66,0,67,57,20,104,0,181,0,0,0,181
07/31/2023,MSN,WI,AGL,CE,Combined TRACON& Tower with Radar,56,23,39,10,128,0,1,92,4,97,56,24,131,14,225,80,0,80,305
08/01/2023,MSN,WI,AGL,CE,Combined TRACON& Tower with Radar,58,35,36,6,135,0,0,56,0,56,58,35,92,6,191,69,0,69,260
08/02/2023,MSN,WI,AGL,CE,Combined TRACON& Tower with Radar,62,24,57,5,148,0,0,88,4,92,62,24,145,9,240,62,0,62,302
08/03/2023,MSN,WI,AGL,CE,Combined TRACON& Tower with Radar,60,32,48,11,151,0,0,54,6,60,60,32,102,17,211,84,0,84,295
08/04/2023,MSN,WI,AGL,CE,Combined TRACON& Tower with Radar,57,19,45,3,124,0,0,79,2,81,57,19,124,5,205,50,0,50,255
08/05/2023,MSN,WI,AGL,CE,Combined TRACON& Tower with Radar,54,15,20,5,94,0,0,79,4,83,54,15,99,9,177,148,8,156,333
08/06/2023,MSN,WI,AGL,CE,Combined TRACON& Tower with Radar,58,29,38,6,131,0,0,47,2,49,58,29,85,8,180,62,0,62,242
08/07/2023,MSN,WI,AGL,CE,Combined TRACON& Tower with Radar,53,27,56,7,143,0,0,78,4,82,53,27,134,11,225,108,0,108,333
08/08/2023,MSN,WI,AGL,CE,Combined TRACON& Tower with Radar,56,27,49,12,144,0,2,77,2,81,56,29,126,14,225,156,0,156,381
08/09/2023,MSN,WI,AGL,CE,Combined TRACON& Tower with Radar,62,24,48,14,148,0,1,77,8,86,62,25,125,22,234,84,0,84,318
08/10/2023,MSN,WI,AGL,CE,Combined TRACON& Tower with Radar,58,27,62,9,156,0,3,92,18,113,58,30,154,27,269,156,0,156,425
08/11/2023,MSN,WI,AGL,CE,Combined TRACON& Tower with Radar,56,21,37,1,115,0,0,47,4,51,56,21,84,5,166,70,2,72,238
08/12/2023,MSN,WI,AGL,CE,Combined TRACON& Tower with Radar,52,18,26,0,96,0,1,88,2,91,52,19,114,2,187,94,0,94,281
08/13/2023,MSN,WI,AGL,CE,Combined TRACON& Tower with Radar,62,20,53,0,135,0,0,29,0,29,62,20,82,0,164,80,0,80,244
08/14/2023,MSN,WI,AGL,CE,Combined TRACON& Tower with Radar,55,12,38,4,109,0,0,0,0,0,55,12,38,4,109,0,0,0,109
08/15/2023,MSN,WI,AGL,CE,Combined TRACON& Tower with Radar,62,31,37,7,137,0,0,78,7,85,62,31,115,14,222,186,0,186,408
08/16/2023,MSN,WI,AGL,CE,Combined TRACON& Tower with Radar,68,26,53,24,171,0,2,74,3,79,68,28,127,27,250,88,0,88,338
08/17/2023,MSN,WI,AGL,CE,Combined TRACON& Tower with Radar,65,42,20,12,139,0,0,38,9,47,65,42,58,21,186,76,0,76,262
08/18/2023,MSN,WI,AGL,CE,Combined TRACON& Tower with Radar,61,23,35,2,121,0,0,89,1,90,61,23,124,3,211,102,0,102,313
08/19/2023,MSN,WI,AGL,CE,Combined TRACON& Tower with Radar,56,21,16,0,93,0,3,79,2,84,56,24,95,2,177,116,0,116,293
08/20/2023,MSN,WI,AGL,CE,Combined TRACON& Tower with Radar,103,20,34,0,157,0,1,94,0,95,103,21,128,0,252,76,0,76,328
08/21/2023,MSN,WI,AGL,CE,Combined TRACON& Tower with Radar,65,20,38,13,136,0,1,85,2,88,65,21,123,15,224,50,0,50,274
08/22/2023,MSN,WI,AGL,CE,Combined TRACON& Tower with Radar,63,37,40,5,145,0,0,67,12,79,63,37,107,17,224,116,0,116,340
08/23/2023,MSN,WI,AGL,CE,Combined TRACON& Tower with Radar,96,18,40,18,172,0,0,42,11,53,96,18,82,29,225,72,0,72,297
08/24/2023,MSN,WI,AGL,CE,Combined TRACON& Tower with Radar,74,29,32,9,144,0,0,40,12,52,74,29,72,21,196,74,0,74,270
08/25/2023,MSN,WI,AGL,CE,Combined TRACON& Tower with Radar,62,27,47,18,154,0,0,20,3,23,62,27,67,21,177,120,0,120,297
08/26/2023,MSN,WI,AGL,CE,Combined TRACON& Tower with Radar,61,9,34,9,113,0,0,33,0,33,61,9,67,9,146,46,0,46,192
08/27/2023,MSN,WI,AGL,CE,Combined TRACON& Tower with Radar,67,17,30,3,117,0,0,93,0,93,67,17,123,3,210,64,0,64,274
08/28/2023,MSN,WI,AGL,CE,Combined TRACON& Tower with Radar,60,17,37,13,127,0,2,74,2,78,60,19,111,15,205,102,8,110,315
08/29/2023,MSN,WI,AGL,CE,Combined TRACON& Tower with Radar,62,18,38,13,131,0,1,77,9,87,62,19,115,22,218,140,0,140,358
08/30/2023,MSN,WI,AGL,CE,Combined TRACON& Tower with Radar,65,26,49,11,151,0,0,85,6,91,65,26,134,17,242,192,0,192,434
08/31/2023,MSN,WI,AGL,CE,Combined TRACON& Tower with Radar,66,23,52,16,157,0,1,101,10,112,66,24,153,26,269,120,0,120,389
01/01/2020,MSN,WI,AGL,CE,Combined TRACON& Tower with Radar,52,14,11,0,77,0,1,66,0,67,52,15,77,0,144,12,0,12,156
01/02/2020,MSN,WI,AGL,CE,Combined TRACON& Tower with Radar,92,29,26,20,167,0,0,76,1,77,92,29,102,21,244,128,0,128,372
01/03/2020,MSN,WI,AGL,CE,Combined TRACON& Tower with Radar,68,36,19,19,142,0,0,27,5,32,68,36,46,24,174,88,0,88,262
01/04/2020,MSN,WI,AGL,CE,Combined TRACON& Tower with Radar,59,32,26,0,117,0,0,35,0,35,59,32,61,0,152,88,0,88,240
01/05/2020,MSN,WI,AGL,CE,Combined TRACON& Tower with Radar,71,29,18,1,119,0,0,15,0,15,71,29,33,1,134,10,0,10,144
01/06/2020,MSN,WI,AGL,CE,Combined TRACON& Tower with Radar,74,30,33,3,140,0,0,63,8,71,74,30,96,11,211,50,6,56,267
01/07/2020,MSN,WI,AGL,CE,Combined TRACON& Tower with Radar,82,27,30,13,152,0,0,28,13,41,82,27,58,26,193,54,0,54,247
01/08/2020,MSN,WI,AGL,CE,Combined TRACON& Tower with Radar,81,28,36,17,162,0,0,55,12,67,81,28,91,29,229,32,0,32,261
01/09/2020,MSN,WI,AGL,CE,Combined TRACON& Tower with Radar,83,37,31,5,156,0,1,2,11,14,83,38,33,16,170,2,4,6,176
01/10/2020,MSN,WI,AGL,CE,Combined TRACON& Tower with Radar,72,26,24,20,142,0,0,45,3,48,72,26,69,23,190,24,0,24,214
01/11/2020,MSN,WI,AGL,CE,Combined TRACON& Tower with Radar,65,12,7,0,84,0,0,0,0,0,65,12,7,0,84,0,0,0,84
01/12/2020,MSN,WI,AGL,CE,Combined TRACON& Tower with Radar,79,19,10,0,108,0,0,25,0,25,79,19,35,0,133,44,0,44,177
01/13/2020,MSN,WI,AGL,CE,Combined TRACON& Tower with Radar,75,24,21,15,135,0,0,2,4,6,75,24,23,19,141,28,0,28,169
01/14/2020,MSN,WI,AGL,CE,Combined TRACON& Tower with Radar,78,31,26,16,151,0,0,0,10,10,78,31,26,26,161,18,0,18,179
01/15/2020,MSN,WI,AGL,CE,Combined TRACON& Tower with Radar,81,36,20,11,148,0,0,0,0,0,81,36,20,11,148,0,0,0,148
01/16/2020,MSN,WI,AGL,CE,Combined TRACON& Tower with Radar,88,33,53,15,189,0,3,71,16,90,88,36,124,31,279,46,0,46,325
01/17/2020,MSN,WI,AGL,CE,Combined TRACON& Tower with Radar,72,20,10,0,102,0,0,14,6,20,72,20,24,6,122,6,0,6,128
01/18/2020,MSN,WI,AGL,CE,Combined TRACON& Tower with Radar,58,8,8,0,74,0,0,0,0,0,58,8,8,0,74,0,0,0,74
01/19/2020,MSN,WI,AGL,CE,Combined TRACON& Tower with Radar,61,16,24,1,102,0,2,39,0,41,61,18,63,1,143,14,0,14,157
01/20/2020,MSN,WI,AGL,CE,Combined TRACON& Tower with Radar,75,29,40,1,145,0,0,54,0,54,75,29,94,1,199,52,0,52,251
01/21/2020,MSN,WI,AGL,CE,Combined TRACON& Tower with Radar,81,29,45,14,169,0,5,60,10,75,81,34,105,24,244,8,0,8,252
01/22/2020,MSN,WI,AGL,CE,Combined TRACON& Tower with Radar,81,23,37,18,159,0,0,17,13,30,81,23,54,31,189,18,0,18,207
01/23/2020,MSN,WI,AGL,CE,Combined TRACON& Tower with Radar,86,35,32,2,155,0,0,0,0,0,86,35,32,2,155,0,0,0,155
01/24/2020,MSN,WI,AGL,CE,Combined TRACON& Tower with Radar,80,37,25,0,142,0,0,0,0,0,80,37,25,0,142,0,0,0,142
01/25/2020,MSN,WI,AGL,CE,Combined TRACON& Tower with Radar,64,13,13,0,90,0,0,0,0,0,64,13,13,0,90,0,0,0,90
01/26/2020,MSN,WI,AGL,CE,Combined TRACON& Tower with Radar,75,22,21,0,118,0,0,0,0,0,75,22,21,0,118,0,0,0,118
01/27/2020,MSN,WI,AGL,CE,Combined TRACON& Tower with Radar,77,31,29,27,164,0,0,1,0,1,77,31,30,27,165,0,0,0,165
01/28/2020,MSN,WI,AGL,CE,Combined TRACON& Tower with Radar,81,22,19,19,141,0,0,1,6,7,81,22,20,25,148,8,0,8,156
01/29/2020,MSN,WI,AGL,CE,Combined TRACON& Tower with Radar,80,32,29,16,157,0,0,12,8,20,80,32,41,24,177,62,0,62,239
01/30/2020,MSN,WI,AGL,CE,Combined TRACON& Tower with Radar,84,39,30,14,167,0,0,21,15,36,84,39,51,29,203,58,0,58,261
01/31/2020,MSN,WI,AGL,CE,Combined TRACON& Tower with Radar,78,29,31,0,138,0,0,2,0,2,78,29,33,0,140,0,10,10,150
02/01/2020,MSN,WI,AGL,CE,Combined TRACON& Tower with Radar,61,5,31,0,97,0,0,20,0,20,61,5,51,0,117,38,0,38,155
02/02/2020,MSN,WI,AGL,CE,Combined TRACON& Tower with Radar,64,22,15,0,101,0,0,67,0,67,64,22,82,0,168,36,0,36,204
02/03/2020,MSN,WI,AGL,CE,Combined TRACON& Tower with Radar,76,26,42,2,146,0,2,60,9,71,76,28,102,11,217,102,0,102,319
02/04/2020,MSN,WI,AGL,CE,Combined TRACON& Tower with Radar,86,30,43,14,173,0,0,50,19,69,86,30,93,33,242,30,0,30,272
02/05/2020,MSN,WI,AGL,CE,Combined TRACON& Tower with Radar,80,30,44,14,168,0,0,68,16,84,80,30,112,30,252,70,0,70,322
02/06/2020,MSN,WI,AGL,CE,Combined TRACON& Tower with Radar,86,28,36,20,170,0,0,59,8,67,86,28,95,28,237,80,0,80,317
02/07/2020,MSN,WI,AGL,CE,Combined TRACON& Tower with Radar,73,31,34,20,158,0,0,72,7,79,73,31,106,27,237,144,2,146,383
02/08/2020,MSN,WI,AGL,CE,Combined TRACON& Tower with Radar,63,11,18,22,114,0,0,65,2,67,63,11,83,24,181,126,2,128,309
02/09/2020,MSN,WI,AGL,CE,Combined TRACON& Tower with Radar,70,20,11,2,103,0,0,0,0,0,70,20,11,2,103,0,0,0,103
02/10/2020,MSN,WI,AGL,CE,Combined TRACON& Tower with Radar,78,31,22,16,147,0,0,46,5,51,78,31,68,21,198,18,2,20,218
02/11/2020,MSN,WI,AGL,CE,Combined TRACON& Tower with Radar,83,32,42,17,174,0,2,36,8,46,83,34,78,25,220,60,0,60,280
02/12/2020,MSN,WI,AGL,CE,Combined TRACON& Tower with Radar,81,38,36,12,167,0,0,34,13,47,81,38,70,25,214,48,4,52,266
02/13/2020,MSN,WI,AGL,CE,Combined TRACON& Tower with Radar,87,37,23,11,158,0,0,4,17,21,87,37,27,28,179,0,0,0,179
02/14/2020,MSN,WI,AGL,CE,Combined TRACON& Tower with Radar,80,27,31,5,143,0,2,20,9,31,80,29,51,14,174,6,0,6,180
02/15/2020,MSN,WI,AGL,CE,Combined TRACON& Tower with Radar,61,8,22,0,91,0,0,18,0,18,61,8,40,0,109,24,0,24,133
02/16/2020,MSN,WI,AGL,CE,Combined TRACON& Tower with Radar,65,21,36,0,122,0,1,99,0,100,65,22,135,0,222,126,0,126,348
02/17/2020,MSN,WI,AGL,CE,Combined TRACON& Tower with Radar,73,24,16,0,113,0,0,5,0,5,73,24,21,0,118,10,0,10,128
02/18/2020,MSN,WI,AGL,CE,Combined TRACON& Tower with Radar,84,24,22,14,144,0,3,17,7,27,84,27,39,21,171,0,0,0,171
02/19/2020,MSN,WI,AGL,CE,Combined TRACON& Tower with Radar,83,20,48,17,168,0,1,44,11,56,83,21,92,28,224,48,0,48,272
02/20/2020,MSN,WI,AGL,CE,Combined TRACON& Tower with Radar,87,33,30,10,160,0,0,49,15,64,87,33,79,25,224,64,0,64,288
02/21/2020,MSN,WI,AGL,CE,Combined TRACON& Tower with Radar,79,35,45,0,159,0,0,52,9,61,79,35,97,9,220,52,0,52,272
02/22/2020,MSN,WI,AGL,CE,Combined TRACON& Tower with Radar,67,11,31,0,109,0,0,120,1,121,67,11,151,1,230,138,0,138,368
02/23/2020,MSN,WI,AGL,CE,Combined TRACON& Tower with Radar,83,17,35,0,135,0,2,111,0,113,83,19,146,0,248,44,0,44,292
02/24/2020,MSN,WI,AGL,CE,Combined TRACON& Tower with Radar,79,25,33,10,147,0,0,47,5,52,79,25,80,15,199,50,0,50,249
02/25/2020,MSN,WI,AGL,CE,Combined TRACON& Tower with Radar,85,27,28,18,158,0,0,4,11,15,85,27,32,29,173,10,4,14,187
02/26/2020,MSN,WI,AGL,CE,Combined TRACON& Tower with Radar,85,32,48,15,180,0,0,6,11,17,85,32,54,26,197,0,0,0,197
02/27/2020,MSN,WI,AGL,CE,Combined TRACON& Tower with Radar,89,27,47,19,182,0,2,43,15,60,89,29,90,34,242,56,0,56,298
02/28/2020,MSN,WI,AGL,CE,Combined TRACON& Tower with Radar,80,31,52,7,170,0,1,94,5,100,80,32,146,12,270,38,0,38,308
02/29/2020,MSN,WI,AGL,CE,Combined TRACON& Tower with Radar,64,11,35,0,110,0,1,121,1,123,64,12,156,1,233,136,0,136,369
03/01/2020,MSN,WI,AGL,CE,Combined TRACON& Tower with Radar,83,19,36,0,138,0,0,51,0,51,83,19,87,0,189,36,0,36,225
03/02/2020,MSN,WI,AGL,CE,Combined TRACON& Tower with Radar,78,25,39,2,144,0,0,32,1,33,78,25,71,3,177,82,0,82,259
03/03/2020,MSN,WI,AGL,CE,Combined TRACON& Tower with Radar,83,34,27,5,149,0,0,8,12,20,83,34,35,17,169,8,6,14,183
03/04/2020,MSN,WI,AGL,CE,Combined TRACON& Tower with Radar,79,27,31,16,153,0,0,61,10,71,79,27,92,26,224,42,0,42,266
03/05/2020,MSN,WI,AGL,CE,Combined TRACON& Tower with Radar,91,23,29,18,161,0,0,6,8,14,91,23,35,26,175,0,6,6,181
03/06/2020,MSN,WI,AGL,CE,Combined TRACON& Tower with Radar,81,24,43,22,170,0,0,69,5,74,81,24,112,27,244,62,4,66,310
03/07/2020,MSN,WI,AGL,CE,Combined TRACON& Tower with Radar,69,11,21,16,117,0,0,63,16,79,69,11,84,32,196,20,0,20,216
03/08/2020,MSN,WI,AGL,CE,Combined TRACON& Tower with Radar,86,18,27,7,138,0,0,27,2,29,86,18,54,9,167,10,0,10,177
03/09/2020,MSN,WI,AGL,CE,Combined TRACON& Tower with Radar,81,24,45,2,152,0,0,0,0,0,81,24,45,2,152,0,0,0,152
03/10/2020,MSN,WI,AGL,CE,Combined TRACON& Tower with Radar,90,22,33,9,154,0,0,83,7,90,90,22,116,16,244,60,2,62,306
03/11/2020,MSN,WI,AGL,CE,Combined TRACON& Tower with Radar,82,36,46,14,178,0,1,6,5,12,82,37,52,19,190,72,0,72,262
03/12/2020,MSN,WI,AGL,CE,Combined TRACON& Tower with Radar,91,20,30,3,144,0,0,1,3,4,91,20,31,6,148,0,10,10,158
03/13/2020,MSN,WI,AGL,CE,Combined TRACON& Tower with Radar,83,28,37,4,152,0,2,36,5,43,83,30,73,9,195,20,0,20,215
03/14/2020,MSN,WI,AGL,CE,Combined TRACON& Tower with Radar,73,17,24,0,114,0,0,63,0,63,73,17,87,0,177,162,0,162,339
03/15/2020,MSN,WI,AGL,CE,Combined TRACON& Tower with Radar,86,20,31,0,137,0,0,76,2,78,86,20,107,2,215,50,0,50,265
03/16/2020,MSN,WI,AGL,CE,Combined TRACON& Tower with Radar,82,19,15,11,127,0,0,19,4,23,82,19,34,15,150,56,0,56,206
03/17/2020,MSN,WI,AGL,CE,Combined TRACON& Tower with Radar,93,14,37,10,154,0,0,93,12,105,93,14,130,22,259,90,2,92,351
03/18/2020,MSN,WI,AGL,CE,Combined TRACON& Tower with Radar,84,24,19,0,127,0,0,1,0,1,84,24,20,0,128,4,0,4,132
03/19/2020,MSN,WI,AGL,CE,Combined TRACON& Tower with Radar,86,18,18,0,122,0,0,0,0,0,86,18,18,0,122,0,0,0,122
03/20/2020,MSN,WI,AGL,CE,Combined TRACON& Tower with Radar,80,17,20,5,122,0,0,7,3,10,80,17,27,8,132,2,0,2,134
03/21/2020,MSN,WI,AGL,CE,Combined TRACON& Tower with Radar,52,10,35,0,97,0,0,109,0,109,52,10,144,0,206,54,0,54,260
03/22/2020,MSN,WI,AGL,CE,Combined TRACON& Tower with Radar,58,20,17,0,95,0,0,31,0,31,58,20,48,0,126,60,0,60,186
03/23/2020,MSN,WI,AGL,CE,Combined TRACON& Tower with Radar,56,15,28,6,105,0,0,13,4,17,56,15,41,10,122,40,0,40,162
03/24/2020,MSN,WI,AGL,CE,Combined TRACON& Tower with Radar,59,17,9,16,101,0,0,13,8,21,59,17,22,24,122,24,0,24,146
03/25/2020,MSN,WI,AGL,CE,Combined TRACON& Tower with Radar,44,11,10,8,73,0,0,5,0,5,44,11,15,8,78,0,0,0,78
03/26/2020,MSN,WI,AGL,CE,Combined TRACON& Tower with Radar,36,9,4,8,57,0,0,0,0,0,36,9,4,8,57,0,0,0,57
03/27/2020,MSN,WI,AGL,CE,Combined TRACON& Tower with Radar,30,5,21,0,56,0,0,32,0,32,30,5,53,0,88,90,0,90,178
03/28/2020,MSN,WI,AGL,CE,Combined TRACON& Tower with Radar,37,5,4,0,46,0,0,0,0,0,37,5,4,0,46,0,0,0,46
03/29/2020,MSN,WI,AGL,CE,Combined TRACON& Tower with Radar,53,7,6,0,66,0,0,0,0,0,53,7,6,0,66,0,0,0,66
03/30/2020,MSN,WI,AGL,CE,Combined TRACON& Tower with Radar,37,8,8,0,53,0,0,48,4,52,37,8,56,4,105,40,0,40,145
03/31/2020,MSN,WI,AGL,CE,Combined TRACON& Tower with Radar,37,7,6,12,62,0,0,7,7,14,37,7,13,19,76,0,0,0,76
04/01/2020,MSN,WI,AGL,CE,Combined TRACON& Tower with Radar,28,10,9,15,62,0,0,35,12,47,28,10,44,27,109,38,0,38,147
04/02/2020,MSN,WI,AGL,CE,Combined TRACON& Tower with Radar,42,4,11,5,62,0,2,43,7,52,42,6,54,12,114,66,4,70,184
04/03/2020,MSN,WI,AGL,CE,Combined TRACON& Tower with Radar,38,8,9,5,60,0,0,29,2,31,38,8,38,7,91,22,0,22,113
04/04/2020,MSN,WI,AGL,CE,Combined TRACON& Tower with Radar,31,3,9,4,47,0,0,48,2,50,31,3,57,6,97,22,12,34,131
04/05/2020,MSN,WI,AGL,CE,Combined TRACON& Tower with Radar,32,5,13,0,50,0,2,67,0,69,32,7,80,0,119,18,0,18,137
04/06/2020,MSN,WI,AGL,CE,Combined TRACON& Tower with Radar,29,8,26,4,67,0,1,10,1,12,29,9,36,5,79,18,0,18,97
04/07/2020,MSN,WI,AGL,CE,Combined TRACON& Tower with Radar,36,10,21,4,71,0,0,9,1,10,36,10,30,5,81,8,0,8,89
04/08/2020,MSN,WI,AGL,CE,Combined TRACON& Tower with Radar,37,8,15,6,66,0,0,4,0,4,37,8,19,6,70,10,2,12,82
04/09/2020,MSN,WI,AGL,CE,Combined TRACON& Tower with Radar,34,5,5,3,47,0,0,3,3,6,34,5,8,6,53,0,0,0,53
04/10/2020,MSN,WI,AGL,CE,Combined TRACON& Tower with Radar,31,6,25,0,62,0,0,69,0,69,31,6,94,0,131,38,0,38,169
04/11/2020,MSN,WI,AGL,CE,Combined TRACON& Tower with Radar,28,5,12,0,45,0,0,49,0,49,28,5,61,0,94,48,0,48,142
04/12/2020,MSN,WI,AGL,CE,Combined TRACON& Tower with Radar,17,1,24,0,42,0,0,0,0,0,17,1,24,0,42,0,0,0,42
04/13/2020,MSN,WI,AGL,CE,Combined TRACON& Tower with Radar,26,6,0,7,39,0,0,1,1,2,26,6,1,8,41,0,0,0,41
04/14/2020,MSN,WI,AGL,CE,Combined TRACON& Tower with Radar,30,7,5,14,56,0,0,6,7,13,30,7,11,21,69,20,2,22,91
04/15/2020,MSN,WI,AGL,CE,Combined TRACON& Tower with Radar,25,9,8,18,60,0,0,40,6,46,25,9,48,24,106,76,8,84,190
04/16/2020,MSN,WI,AGL,CE,Combined TRACON& Tower with Radar,24,8,21,11,64,0,0,42,9,51,24,8,63,20,115,62,2,64,179
04/17/2020,MSN,WI,AGL,CE,Combined TRACON& Tower with Radar,21,7,10,3,41,0,0,51,1,52,21,7,61,4,93,66,0,66,159
04/18/2020,MSN,WI,AGL,CE,Combined TRACON& Tower with Radar,20,1,9,0,30,0,2,32,0,34,20,3,41,0,64,48,0,48,112
04/19/2020,MSN,WI,AGL,CE,Combined TRACON& Tower with Radar,17,0,11,0,28,0,4,75,0,79,17,4,86,0,107,48,0,48,155
04/20/2020,MSN,WI,AGL,CE,Combined TRACON& Tower with Radar,21,4,12,11,48,0,0,21,0,21,21,4,33,11,69,4,0,4,73
04/21/2020,MSN,WI,AGL,CE,Combined TRACON& Tower with Radar,23,8,13,15,59,0,1,23,16,40,23,9,36,31,99,10,4,14,113
04/22/2020,MSN,WI,AGL,CE,Combined TRACON& Tower with Radar,25,4,7,10,46,0,0,27,2,29,25,4,34,12,75,28,0,28,103
04/23/2020,MSN,WI,AGL,CE,Combined TRACON& Tower with Radar,23,10,36,10,79,0,0,2,0,2,23,10,38,10,81,46,10,56,137
04/24/2020,MSN,WI,AGL,CE,Combined TRACON& Tower with Radar,24,8,33,2,67,0,0,25,0,25,24,8,58,2,92,72,0,72,164
04/25/2020,MSN,WI,AGL,CE,Combined TRACON& Tower with Radar,17,3,14,0,34,0,0,78,0,78,17,3,92,0,112,84,0,84,196
04/26/2020,MSN,WI,AGL,CE,Combined TRACON& Tower with Radar,19,1,24,0,44,0,0,104,2,106,19,1,128,2,150,68,0,68,218
04/27/2020,MSN,WI,AGL,CE,Combined TRACON& Tower with Radar,23,10,22,4,59,0,0,14,7,21,23,10,36,11,80,4,0,4,84
04/28/2020,MSN,WI,AGL,CE,Combined TRACON& Tower with Radar,27,5,14,9,55,0,0,7,3,10,27,5,21,12,65,6,12,18,83
04/29/2020,MSN,WI,AGL,CE,Combined TRACON& Tower with Radar,22,4,5,4,35,0,0,2,8,10,22,4,7,12,45,0,4,4,49
04/30/2020,MSN,WI,AGL,CE,Combined TRACON& Tower with Radar,24,8,9,13,54,0,1,23,9,33,24,9,32,22,87,22,0,22,109
05/01/2020,MSN,WI,AGL,CE,Combined TRACON& Tower with Radar,23,6,24,13,66,0,0,85,3,88,23,6,109,16,154,64,0,64,218
05/02/2020,MSN,WI,AGL,CE,Combined TRACON& Tower with Radar,15,3,16,0,34,0,2,53,4,59,15,5,69,4,93,62,0,62,155
05/03/2020,MSN,WI,AGL,CE,Combined TRACON& Tower with Radar,20,2,5,0,27,0,0,41,0,41,20,2,46,0,68,34,0,34,102
05/04/2020,MSN,WI,AGL,CE,Combined TRACON& Tower with Radar,19,5,28,14,66,0,2,39,6,47,19,7,67,20,113,72,0,72,185
05/05/2020,MSN,WI,AGL,CE,Combined TRACON& Tower with Radar,15,7,15,20,57,0,0,28,8,36,15,7,43,28,93,24,0,24,117
05/06/2020,MSN,WI,AGL,CE,Combined TRACON& Tower with Radar,18,14,31,14,77,0,3,84,9,96,18,17,115,23,173,54,0,54,227
05/07/2020,MSN,WI,AGL,CE,Combined TRACON& Tower with Radar,23,5,21,9,58,0,0,48,7,55,23,5,69,16,113,32,2,34,147
05/08/2020,MSN,WI,AGL,CE,Combined TRACON& Tower with Radar,24,3,11,0,38,0,0,26,0,26,24,3,37,0,64,18,0,18,82
05/09/2020,MSN,WI,AGL,CE,Combined TRACON& Tower with Radar,15,2,18,0,35,0,0,48,0,48,15,2,66,0,83,4,0,4,87
05/10/2020,MSN,WI,AGL,CE,Combined TRACON& Tower with Radar,22,1,0,0,23,0,0,0,0,0,22,1,0,0,23,0,0,0,23
05/11/2020,MSN,WI,AGL,CE,Combined TRACON& Tower with Radar,24,8,11,17,60,0,0,62,3,65,24,8,73,20,125,84,0,84,209
05/12/2020,MSN,WI,AGL,CE,Combined TRACON& Tower with Radar,18,6,17,15,56,0,0,86,11,97,18,6,103,26,153,74,0,74,227
05/13/2020,MSN,WI,AGL,CE,Combined TRACON& Tower with Radar,24,3,17,15,59,0,0,38,9,47,24,3,55,24,106,12,0,12,118
05/14/2020,MSN,WI,AGL,CE,Combined TRACON& Tower with Radar,24,12,19,13,68,0,0,0,4,4,24,12,19,17,72,2,2,4,76
05/15/2020,MSN,WI,AGL,CE,Combined TRACON& Tower with Radar,26,14,26,3,69,0,0,92,0,92,26,14,118,3,161,86,0,86,247
05/16/2020,MSN,WI,AGL,CE,Combined TRACON& Tower with Radar,15,4,22,0,41,0,0,63,0,63,15,4,85,0,104,74,0,74,178
05/17/2020,MSN,WI,AGL,CE,Combined TRACON& Tower with Radar,22,0,10,0,32,0,0,0,0,0,22,0,10,0,32,0,0,0,32
05/18/2020,MSN,WI,AGL,CE,Combined TRACON& Tower with Radar,25,6,10,2,43,0,0,0,0,0,25,6,10,2,43,0,0,0,43
05/19/2020,MSN,WI,AGL,CE,Combined TRACON& Tower with Radar,18,14,34,13,79,0,0,1,4,5,18,14,35,17,84,10,0,10,94
05/20/2020,MSN,WI,AGL,CE,Combined TRACON& Tower with Radar,24,4,17,15,60,0,0,74,14,88,24,4,91,29,148,48,0,48,196
05/21/2020,MSN,WI,AGL,CE,Combined TRACON& Tower with Radar,23,6,38,17,84,0,0,63,12,75,23,6,101,29,159,127,4,131,290
05/22/2020,MSN,WI,AGL,CE,Combined TRACON& Tower with Radar,24,9,30,0,63,0,2,25,0,27,24,11,55,0,90,44,0,44,134
05/23/2020,MSN,WI,AGL,CE,Combined TRACON& Tower with Radar,19,7,5,0,31,0,0,18,0,18,19,7,23,0,49,30,0,30,79
05/24/2020,MSN,WI,AGL,CE,Combined TRACON& Tower with Radar,20,5,24,0,49,0,0,59,0,59,20,5,83,0,108,92,0,92,200
05/25/2020,MSN,WI,AGL,CE,Combined TRACON& Tower with Radar,21,6,7,0,34,0,0,31,0,31,21,6,38,0,65,56,0,56,121
05/26/2020,MSN,WI,AGL,CE,Combined TRACON& Tower with Radar,17,5,12,12,46,0,0,39,15,54,17,5,51,27,100,56,0,56,156
05/27/2020,MSN,WI,AGL,CE,Combined TRACON& Tower with Radar,24,4,25,11,64,0,0,50,16,66,24,4,75,27,130,60,6,66,196
05/28/2020,MSN,WI,AGL,CE,Combined TRACON& Tower with Radar,24,9,16,2,51,0,0,1,8,9,24,9,17,10,60,18,0,18,78
05/29/2020,MSN,WI,AGL,CE,Combined TRACON& Tower with Radar,24,7,21,0,52,0,0,80,3,83,24,7,101,3,135,124,0,124,259
05/30/2020,MSN,WI,AGL,CE,Combined TRACON& Tower with Radar,17,4,22,0,43,0,0,91,1,92,17,4,113,1,135,98,0,98,233
05/31/2020,MSN,WI,AGL,CE,Combined TRACON& Tower with Radar,20,6,24,0,50,0,0,113,3,116,20,6,137,3,166,46,0,46,212
06/01/2020,MSN,WI,AGL,CE,Combined TRACON& Tower with Radar,25,9,19,13,66,0,0,19,9,28,25,9,38,22,94,14,0,14,108
06/02/2020,MSN,WI,AGL,CE,Combined TRACON& Tower with Radar,20,15,7,15,57,0,0,67,12,79,20,15,74,27,136,24,0,24,160
06/03/2020,MSN,WI,AGL,CE,Combined TRACON& Tower with Radar,24,19,19,10,72,0,0,61,8,69,24,19,80,18,141,40,14,54,195
06/04/2020,MSN,WI,AGL,CE,Combined TRACON& Tower with Radar,23,8,23,11,65,0,0,76,18,94,23,8,99,29,159,110,0,110,269
06/05/2020,MSN,WI,AGL,CE,Combined TRACON& Tower with Radar,23,5,19,2,49,0,2,36,2,40,23,7,55,4,89,60,0,60,149
06/06/2020,MSN,WI,AGL,CE,Combined TRACON& Tower with Radar,18,2,16,0,36,0,1,112,0,113,18,3,128,0,149,92,0,92,241
06/07/2020,MSN,WI,AGL,CE,Combined TRACON& Tower with Radar,18,3,21,0,42,0,1,86,4,91,18,4,107,4,133,32,0,32,165
06/08/2020,MSN,WI,AGL,CE,Combined TRACON& Tower with Radar,27,11,16,14,68,0,0,48,12,60,27,11,64,26,128,38,0,38,166
06/09/2020,MSN,WI,AGL,CE,Combined TRACON& Tower with Radar,22,5,17,11,55,0,0,24,5,29,22,5,41,16,84,10,0,10,94
06/10/2020,MSN,WI,AGL,CE,Combined TRACON& Tower with Radar,24,9,16,15,64,0,0,13,13,26,24,9,29,28,90,16,0,16,106
06/11/2020,MSN,WI,AGL,CE,Combined TRACON& Tower with Radar,23,13,39,17,92,0,0,77,12,89,23,13,116,29,181,10,0,10,191
06/12/2020,MSN,WI,AGL,CE,Combined TRACON& Tower with Radar,26,4,41,2,73,0,0,57,0,57,26,4,98,2,130,80,0,80,210
06/13/2020,MSN,WI,AGL,CE,Combined TRACON& Tower with Radar,19,3,30,0,52,0,0,100,0,100,19,3,130,0,152,16,0,16,168
06/14/2020,MSN,WI,AGL,CE,Combined TRACON& Tower with Radar,20,3,35,1,59,0,0,85,1,86,20,3,120,2,145,36,0,36,181
06/15/2020,MSN,WI,AGL,CE,Combined TRACON& Tower with Radar,25,9,23,5,62,0,0,63,8,71,25,9,86,13,133,62,0,62,195
06/16/2020,MSN,WI,AGL,CE,Combined TRACON& Tower with Radar,23,8,31,12,74,0,0,73,13,86,23,8,104,25,160,66,2,68,228
06/17/2020,MSN,WI,AGL,CE,Combined TRACON& Tower with Radar,28,7,30,6,71,0,0,74,21,95,28,7,104,27,166,58,0,58,224
06/18/2020,MSN,WI,AGL,CE,Combined TRACON& Tower with Radar,27,9,38,12,86,0,0,73,3,76,27,9,111,15,162,52,0,52,214
06/19/2020,MSN,WI,AGL,CE,Combined TRACON& Tower with Radar,27,7,26,12,72,0,2,34,3,39,27,9,60,15,111,42,0,42,153
06/20/2020,MSN,WI,AGL,CE,Combined TRACON& Tower with Radar,23,10,5,5,43,0,0,5,0,5,23,10,10,5,48,0,0,0,48
06/21/2020,MSN,WI,AGL,CE,Combined TRACON& Tower with Radar,24,7,12,0,43,0,0,67,0,67,24,7,79,0,110,28,0,28,138
06/22/2020,MSN,WI,AGL,CE,Combined TRACON& Tower with Radar,29,8,15,0,52,0,0,1,2,3,29,8,16,2,55,6,0,6,61
06/23/2020,MSN,WI,AGL,CE,Combined TRACON& Tower with Radar,22,10,34,20,86,0,0,36,13,49,22,10,70,33,135,38,2,40,175
06/24/2020,MSN,WI,AGL,CE,Combined TRACON& Tower with Radar,27,5,18,18,68,0,0,47,8,55,27,5,65,26,123,16,0,16,139
06/25/2020,MSN,WI,AGL,CE,Combined TRACON& Tower with Radar,28,7,62,16,113,0,0,115,16,131,28,7,177,32,244,88,0,88,332
06/26/2020,MSN,WI,AGL,CE,Combined TRACON& Tower with Radar,26,5,11,0,42,0,0,5,0,5,26,5,16,0,47,6,0,6,53
06/27/2020,MSN,WI,AGL,CE,Combined TRACON& Tower with Radar,23,7,20,0,50,0,0,101,0,101,23,7,121,0,151,84,0,84,235
06/28/2020,MSN,WI,AGL,CE,Combined TRACON& Tower with Radar,24,8,24,0,56,0,0,46,1,47,24,8,70,1,103,74,0,74,177
06/29/2020,MSN,WI,AGL,CE,Combined TRACON& Tower with Radar,29,11,20,16,76,0,0,30,4,34,29,11,50,20,110,8,0,8,118
06/30/2020,MSN,WI,AGL,CE,Combined TRACON& Tower with Radar,23,10,35,19,87,0,0,58,18,76,23,10,93,37,163,38,0,38,201
07/01/2020,MSN,WI,AGL,CE,Combined TRACON& Tower with Radar,29,9,25,5,68,0,1,62,1,64,29,10,87,6,132,70,0,70,202
07/02/2020,MSN,WI,AGL,CE,Combined TRACON& Tower with Radar,36,6,29,0,71,0,0,64,0,64,36,6,93,0,135,60,0,60,195
07/03/2020,MSN,WI,AGL,CE,Combined TRACON& Tower with Radar,34,6,21,0,61,0,0,68,0,68,34,6,89,0,129,18,0,18,147
07/04/2020,MSN,WI,AGL,CE,Combined TRACON& Tower with Radar,28,5,14,0,47,0,0,66,0,66,28,5,80,0,113,56,0,56,169
07/05/2020,MSN,WI,AGL,CE,Combined TRACON& Tower with Radar,34,5,14,0,53,0,0,57,0,57,34,5,71,0,110,56,0,56,166
07/06/2020,MSN,WI,AGL,CE,Combined TRACON& Tower with Radar,37,12,29,14,92,0,0,48,2,50,37,12,77,16,142,16,0,16,158
07/07/2020,MSN,WI,AGL,CE,Combined TRACON& Tower with Radar,35,10,24,15,84,0,0,41,6,47,35,10,65,21,131,40,0,40,171
07/08/2020,MSN,WI,AGL,CE,Combined TRACON& Tower with Radar,40,16,36,13,105,0,0,58,13,71,40,16,94,26,176,60,0,60,236
07/09/2020,MSN,WI,AGL,CE,Combined TRACON& Tower with Radar,46,10,28,18,102,0,0,27,6,33,46,10,55,24,135,6,0,6,141
07/10/2020,MSN,WI,AGL,CE,Combined TRACON& Tower with Radar,45,12,24,0,81,0,1,68,0,69,45,13,92,0,150,24,0,24,174
07/11/2020,MSN,WI,AGL,CE,Combined TRACON& Tower with Radar,41,6,19,0,66,0,0,58,0,58,41,6,77,0,124,114,0,114,238
07/12/2020,MSN,WI,AGL,CE,Combined TRACON& Tower with Radar,40,6,30,0,76,0,0,77,18,95,40,6,107,18,171,130,0,130,301
07/13/2020,MSN,WI,AGL,CE,Combined TRACON& Tower with Radar,45,4,33,15,97,0,0,79,1,80,45,4,112,16,177,50,1,51,228
07/14/2020,MSN,WI,AGL,CE,Combined TRACON& Tower with Radar,35,5,22,16,78,0,0,57,1,58,35,5,79,17,136,42,0,42,178
07/15/2020,MSN,WI,AGL,CE,Combined TRACON& Tower with Radar,41,4,12,7,64,0,0,2,0,2,41,4,14,7,66,0,0,0,66
07/16/2020,MSN,WI,AGL,CE,Combined TRACON& Tower with Radar,45,8,46,15,114,0,0,94,0,94,45,8,140,15,208,126,0,126,334
07/17/2020,MSN,WI,AGL,CE,Combined TRACON& Tower with Radar,46,11,59,3,119,0,0,94,3,97,46,11,153,6,216,82,0,82,298
07/18/2020,MSN,WI,AGL,CE,Combined TRACON& Tower with Radar,44,5,16,1,66,0,0,20,0,20,44,5,36,1,86,12,0,12,98
07/19/2020,MSN,WI,AGL,CE,Combined TRACON& Tower with Radar,43,5,44,3,95,0,2,83,0,85,43,7,127,3,180,44,0,44,224
07/20/2020,MSN,WI,AGL,CE,Combined TRACON& Tower with Radar,44,12,36,16,108,0,0,70,8,78,44,12,106,24,186,50,0,50,236
07/21/2020,MSN,WI,AGL,CE,Combined TRACON& Tower with Radar,37,12,23,26,98,0,0,25,16,41,37,12,48,42,139,52,8,60,199
07/22/2020,MSN,WI,AGL,CE,Combined TRACON& Tower with Radar,43,7,47,22,119,0,0,69,16,85,43,7,116,38,204,68,2,70,274
07/23/2020,MSN,WI,AGL,CE,Combined TRACON& Tower with Radar,46,5,49,13,113,0,0,47,30,77,46,5,96,43,190,70,0,70,260
07/24/2020,MSN,WI,AGL,CE,Combined TRACON& Tower with Radar,44,9,32,3,88,0,0,70,5,75,44,9,102,8,163,64,0,64,227
07/25/2020,MSN,WI,AGL,CE,Combined TRACON& Tower with Radar,41,3,25,0,69,0,0,90,4,94,41,3,115,4,163,150,0,150,313
07/26/2020,MSN,WI,AGL,CE,Combined TRACON& Tower with Radar,42,3,24,0,69,0,1,48,0,49,42,4,72,0,118,62,0,62,180
07/27/2020,MSN,WI,AGL,CE,Combined TRACON& Tower with Radar,46,11,33,19,109,0,0,50,4,54,46,11,83,23,163,22,2,24,187
07/28/2020,MSN,WI,AGL,CE,Combined TRACON& Tower with Radar,39,10,38,17,104,0,2,72,22,96,39,12,110,39,200,42,0,42,242
07/29/2020,MSN,WI,AGL,CE,Combined TRACON& Tower with Radar,43,8,32,20,103,0,0,97,21,118,43,8,129,41,221,54,0,54,275
07/30/2020,MSN,WI,AGL,CE,Combined TRACON& Tower with Radar,45,11,47,7,110,0,0,94,18,112,45,11,141,25,222,42,0,42,264
07/31/2020,MSN,WI,AGL,CE,Combined TRACON& Tower with Radar,46,6,22,0,74,0,1,85,0,86,46,7,107,0,160,60,0,60,220
08/01/2020,MSN,WI,AGL,CE,Combined TRACON& Tower with Radar,45,13,27,1,86,0,0,114,2,116,45,13,141,3,202,38,0,38,240
08/02/2020,MSN,WI,AGL,CE,Combined TRACON& Tower with Radar,46,5,27,0,78,0,0,32,0,32,46,5,59,0,110,6,0,6,116
08/03/2020,MSN,WI,AGL,CE,Combined TRACON& Tower with Radar,54,7,44,14,119,0,0,16,5,21,54,7,60,19,140,42,0,42,182
08/04/2020,MSN,WI,AGL,CE,Combined TRACON& Tower with Radar,48,8,39,18,113,0,0,77,14,91,48,8,116,32,204,132,0,132,336
08/05/2020,MSN,WI,AGL,CE,Combined TRACON& Tower with Radar,55,10,43,21,129,0,2,73,19,94,55,12,116,40,223,60,0,60,283
08/06/2020,MSN,WI,AGL,CE,Combined TRACON& Tower with Radar,55,9,37,8,109,0,2,93,20,115,55,11,130,28,224,50,0,50,274
08/07/2020,MSN,WI,AGL,CE,Combined TRACON& Tower with Radar,54,15,32,3,104,0,4,81,3,88,54,19,113,6,192,66,0,66,258
08/08/2020,MSN,WI,AGL,CE,Combined TRACON& Tower with Radar,52,6,19,0,77,0,0,52,4,56,52,6,71,4,133,24,0,24,157
08/09/2020,MSN,WI,AGL,CE,Combined TRACON& Tower with Radar,50,1,22,0,73,0,0,24,0,24,50,1,46,0,97,74,0,74,171
08/10/2020,MSN,WI,AGL,CE,Combined TRACON& Tower with Radar,54,7,28,11,100,0,0,1,0,1,54,7,29,11,101,12,0,12,113
08/11/2020,MSN,WI,AGL,CE,Combined TRACON& Tower with Radar,51,15,29,16,111,0,0,119,5,124,51,15,148,21,235,110,0,110,345
08/12/2020,MSN,WI,AGL,CE,Combined TRACON& Tower with Radar,54,7,22,14,97,0,0,79,6,85,54,7,101,20,182,112,0,112,294
08/13/2020,MSN,WI,AGL,CE,Combined TRACON& Tower with Radar,55,9,49,11,124,0,2,72,13,87,55,11,121,24,211,86,0,86,297
08/14/2020,MSN,WI,AGL,CE,Combined TRACON& Tower with Radar,52,12,29,2,95,0,0,77,2,79,52,12,106,4,174,48,0,48,222
08/15/2020,MSN,WI,AGL,CE,Combined TRACON& Tower with Radar,50,8,23,0,81,0,0,27,2,29,50,8,50,2,110,2,0,2,112
08/16/2020,MSN,WI,AGL,CE,Combined TRACON& Tower with Radar,49,8,30,0,87,0,0,88,2,90,49,8,118,2,177,40,0,40,217
08/17/2020,MSN,WI,AGL,CE,Combined TRACON& Tower with Radar,53,15,31,9,108,0,4,43,11,58,53,19,74,20,166,38,0,38,204
08/18/2020,MSN,WI,AGL,CE,Combined TRACON& Tower with Radar,51,15,31,7,104,0,1,76,15,92,51,16,107,22,196,56,0,56,252
08/19/2020,MSN,WI,AGL,CE,Combined TRACON& Tower with Radar,54,8,40,10,112,0,0,74,6,80,54,8,114,16,192,28,0,28,220
08/20/2020,MSN,WI,AGL,CE,Combined TRACON& Tower with Radar,55,8,49,9,121,0,0,84,5,89,55,8,133,14,210,54,0,54,264
08/21/2020,MSN,WI,AGL,CE,Combined TRACON& Tower with Radar,52,10,36,1,99,0,2,80,5,87,52,12,116,6,186,34,0,34,220
08/22/2020,MSN,WI,AGL,CE,Combined TRACON& Tower with Radar,52,10,25,12,99,0,0,78,6,84,52,10,103,18,183,104,0,104,287
08/23/2020,MSN,WI,AGL,CE,Combined TRACON& Tower with Radar,50,9,19,0,78,0,0,81,0,81,50,9,100,0,159,70,0,70,229
08/24/2020,MSN,WI,AGL,CE,Combined TRACON& Tower with Radar,54,13,31,16,114,0,0,62,4,66,54,13,93,20,180,44,0,44,224
08/25/2020,MSN,WI,AGL,CE,Combined TRACON& Tower with Radar,52,12,20,13,97,0,0,49,12,61,52,12,69,25,158,112,2,114,272
08/26/2020,MSN,WI,AGL,CE,Combined TRACON& Tower with Radar,52,27,29,16,124,0,0,66,14,80,52,27,95,30,204,70,0,70,274
08/27/2020,MSN,WI,AGL,CE,Combined TRACON& Tower with Radar,60,14,38,17,129,0,0,41,10,51,60,14,79,27,180,28,0,28,208
08/28/2020,MSN,WI,AGL,CE,Combined TRACON& Tower with Radar,55,14,15,0,84,0,0,17,0,17,55,14,32,0,101,18,0,18,119
08/29/2020,MSN,WI,AGL,CE,Combined TRACON& Tower with Radar,50,5,45,0,100,0,0,90,0,90,50,5,135,0,190,48,0,48,238
08/30/2020,MSN,WI,AGL,CE,Combined TRACON& Tower with Radar,46,7,37,0,90,0,0,100,4,104,46,7,137,4,194,26,0,26,220
08/31/2020,MSN,WI,AGL,CE,Combined TRACON& Tower with Radar,53,11,27,0,91,0,0,15,0,15,53,11,42,0,106,44,0,44,150
09/01/2020,MSN,WI,AGL,CE,Combined TRACON& Tower with Radar,47,11,20,7,85,0,0,42,12,54,47,11,62,19,139,50,0,50,189
09/02/2020,MSN,WI,AGL,CE,Combined TRACON& Tower with Radar,48,7,37,18,110,0,2,67,10,79,48,9,104,28,189,48,0,48,237
09/03/2020,MSN,WI,AGL,CE,Combined TRACON& Tower with Radar,55,11,29,11,106,0,2,10,12,24,55,13,39,23,130,2,0,2,132
09/04/2020,MSN,WI,AGL,CE,Combined TRACON& Tower with Radar,54,6,46,1,107,0,3,72,1,76,54,9,118,2,183,102,0,102,285
09/05/2020,MSN,WI,AGL,CE,Combined TRACON& Tower with Radar,41,10,29,0,80,0,6,97,0,103,41,16,126,0,183,42,0,42,225
09/06/2020,MSN,WI,AGL,CE,Combined TRACON& Tower with Radar,44,9,5,0,58,0,0,8,0,8,44,9,13,0,66,4,0,4,70
09/07/2020,MSN,WI,AGL,CE,Combined TRACON& Tower with Radar,46,8,29,0,83,0,2,70,0,72,46,10,99,0,155,44,0,44,199
09/08/2020,MSN,WI,AGL,CE,Combined TRACON& Tower with Radar,47,9,20,10,86,0,0,6,0,6,47,9,26,10,92,2,0,2,94
09/09/2020,MSN,WI,AGL,CE,Combined TRACON& Tower with Radar,45,9,36,14,104,0,0,0,0,0,45,9,36,14,104,0,0,0,104
09/10/2020,MSN,WI,AGL,CE,Combined TRACON& Tower with Radar,49,16,49,22,136,0,0,0,0,0,49,16,49,22,136,0,2,2,138
09/11/2020,MSN,WI,AGL,CE,Combined TRACON& Tower with Radar,49,14,33,18,114,0,0,17,0,17,49,14,50,18,131,78,0,78,209
09/12/2020,MSN,WI,AGL,CE,Combined TRACON& Tower with Radar,42,6,34,1,83,0,0,0,0,0,42,6,34,1,83,0,0,0,83
09/13/2020,MSN,WI,AGL,CE,Combined TRACON& Tower with Radar,45,6,32,2,85,0,0,50,0,50,45,6,82,2,135,34,4,38,173
09/14/2020,MSN,WI,AGL,CE,Combined TRACON& Tower with Radar,45,7,51,18,121,0,0,43,9,52,45,7,94,27,173,32,0,32,205
09/15/2020,MSN,WI,AGL,CE,Combined TRACON& Tower with Radar,46,9,31,14,100,0,0,58,17,75,46,9,89,31,175,54,0,54,229
09/16/2020,MSN,WI,AGL,CE,Combined TRACON& Tower with Radar,44,10,30,21,105,0,0,48,11,59,44,10,78,32,164,136,0,136,300
09/17/2020,MSN,WI,AGL,CE,Combined TRACON& Tower with Radar,50,16,39,11,116,0,2,65,14,81,50,18,104,25,197,70,0,70,267
09/18/2020,MSN,WI,AGL,CE,Combined TRACON& Tower with Radar,49,15,43,0,107,0,0,66,2,68,49,15,109,2,175,68,0,68,243
09/19/2020,MSN,WI,AGL,CE,Combined TRACON& Tower with Radar,43,9,23,0,75,0,4,88,0,92,43,13,111,0,167,42,0,42,209
09/20/2020,MSN,WI,AGL,CE,Combined TRACON& Tower with Radar,46,15,37,2,100,0,0,60,0,60,46,15,97,2,160,26,0,26,186
09/21/2020,MSN,WI,AGL,CE,Combined TRACON& Tower with Radar,45,9,29,15,98,0,4,42,6,52,45,13,71,21,150,26,0,26,176
09/22/2020,MSN,WI,AGL,CE,Combined TRACON& Tower with Radar,44,17,19,14,94,0,0,59,9,68,44,17,78,23,162,50,0,50,212
09/23/2020,MSN,WI,AGL,CE,Combined TRACON& Tower with Radar,43,13,45,18,119,0,3,90,9,102,43,16,135,27,221,104,0,104,325
09/24/2020,MSN,WI,AGL,CE,Combined TRACON& Tower with Radar,50,11,43,23,127,0,2,47,9,58,50,13,90,32,185,48,0,48,233
09/25/2020,MSN,WI,AGL,CE,Combined TRACON& Tower with Radar,49,16,46,2,113,0,1,55,6,62,49,17,101,8,175,26,0,26,201
09/26/2020,MSN,WI,AGL,CE,Combined TRACON& Tower with Radar,44,5,19,2,70,0,0,54,0,54,44,5,73,2,124,46,0,46,170
09/27/2020,MSN,WI,AGL,CE,Combined TRACON& Tower with Radar,46,12,20,0,78,0,0,28,0,28,46,12,48,0,106,10,0,10,116
09/28/2020,MSN,WI,AGL,CE,Combined TRACON& Tower with Radar,47,13,25,7,92,0,0,4,1,5,47,13,29,8,97,8,2,10,107
09/29/2020,MSN,WI,AGL,CE,Combined TRACON& Tower with Radar,45,12,30,17,104,0,0,38,11,49,45,12,68,28,153,38,0,38,191
09/30/2020,MSN,WI,AGL,CE,Combined TRACON& Tower with Radar,46,10,20,5,81,0,0,16,10,26,46,10,36,15,107,6,0,6,113
10/01/2020,MSN,WI,AGL,CE,Combined TRACON& Tower with Radar,52,12,37,17,118,0,0,11,11,22,52,12,48,28,140,16,2,18,158
10/02/2020,MSN,WI,AGL,CE,Combined TRACON& Tower with Radar,49,9,47,12,117,0,1,110,0,111,49,10,157,12,228,88,0,88,316
10/03/2020,MSN,WI,AGL,CE,Combined TRACON& Tower with Radar,41,7,26,13,87,0,0,40,1,41,41,7,66,14,128,30,0,30,158
10/04/2020,MSN,WI,AGL,CE,Combined TRACON& Tower with Radar,48,11,40,1,100,0,0,84,2,86,48,11,124,3,186,72,0,72,258
10/05/2020,MSN,WI,AGL,CE,Combined TRACON& Tower with Radar,45,9,24,12,90,0,0,31,9,40,45,9,55,21,130,26,0,26,156
10/06/2020,MSN,WI,AGL,CE,Combined TRACON& Tower with Radar,44,12,43,15,114,0,1,64,12,77,44,13,107,27,191,46,0,46,237
10/07/2020,MSN,WI,AGL,CE,Combined TRACON& Tower with Radar,39,11,40,15,105,0,1,77,14,92,39,12,117,29,197,48,0,48,245
10/08/2020,MSN,WI,AGL,CE,Combined TRACON& Tower with Radar,48,21,38,8,115,0,1,109,12,122,48,22,147,20,237,40,0,40,277
10/09/2020,MSN,WI,AGL,CE,Combined TRACON& Tower with Radar,47,11,26,2,86,0,0,27,0,27,47,11,53,2,113,26,0,26,139
10/10/2020,MSN,WI,AGL,CE,Combined TRACON& Tower with Radar,37,6,25,0,68,0,0,140,1,141,37,6,165,1,209,36,0,36,245
10/11/2020,MSN,WI,AGL,CE,Combined TRACON& Tower with Radar,44,14,35,1,94,0,0,24,1,25,44,14,59,2,119,2,0,2,121
10/12/2020,MSN,WI,AGL,CE,Combined TRACON& Tower with Radar,47,15,12,0,74,0,0,11,0,11,47,15,23,0,85,14,0,14,99
10/13/2020,MSN,WI,AGL,CE,Combined TRACON& Tower with Radar,41,11,22,11,85,0,0,17,10,27,41,11,39,21,112,20,0,20,132
10/14/2020,MSN,WI,AGL,CE,Combined TRACON& Tower with Radar,37,10,21,17,85,0,0,11,12,23,37,10,32,29,108,32,2,34,142
10/15/2020,MSN,WI,AGL,CE,Combined TRACON& Tower with Radar,46,14,28,13,101,0,0,51,12,63,46,14,79,25,164,92,0,92,256
10/16/2020,MSN,WI,AGL,CE,Combined TRACON& Tower with Radar,44,12,42,7,105,0,0,65,5,70,44,12,107,12,175,28,0,28,203
10/17/2020,MSN,WI,AGL,CE,Combined TRACON& Tower with Radar,37,8,10,0,55,0,0,7,2,9,37,8,17,2,64,0,0,0,64
10/18/2020,MSN,WI,AGL,CE,Combined TRACON& Tower with Radar,43,16,21,0,80,0,2,55,0,57,43,18,76,0,137,100,0,100,237
10/19/2020,MSN,WI,AGL,CE,Combined TRACON& Tower with Radar,47,14,37,8,106,0,0,37,5,42,47,14,74,13,148,56,0,56,204
10/20/2020,MSN,WI,AGL,CE,Combined TRACON& Tower with Radar,44,16,29,15,104,0,0,35,9,44,44,16,64,24,148,12,0,12,160
10/21/2020,MSN,WI,AGL,CE,Combined TRACON& Tower with Radar,40,9,28,13,90,0,1,44,9,54,40,10,72,22,144,130,0,130,274
10/22/2020,MSN,WI,AGL,CE,Combined TRACON& Tower with Radar,46,21,20,0,87,0,0,0,0,0,46,21,20,0,87,0,0,0,87
10/23/2020,MSN,WI,AGL,CE,Combined TRACON& Tower with Radar,44,20,33,0,97,0,1,2,0,3,44,21,35,0,100,0,0,0,100
10/24/2020,MSN,WI,AGL,CE,Combined TRACON& Tower with Radar,33,11,14,0,58,0,0,98,0,98,33,11,112,0,156,100,0,100,256
10/25/2020,MSN,WI,AGL,CE,Combined TRACON& Tower with Radar,39,5,23,0,67,0,0,27,0,27,39,5,50,0,94,14,0,14,108
10/26/2020,MSN,WI,AGL,CE,Combined TRACON& Tower with Radar,42,15,26,15,98,0,0,16,3,19,42,15,42,18,117,30,0,30,147
10/27/2020,MSN,WI,AGL,CE,Combined TRACON& Tower with Radar,40,16,30,17,103,0,6,93,11,110,40,22,123,28,213,62,6,68,281
10/28/2020,MSN,WI,AGL,CE,Combined TRACON& Tower with Radar,38,15,26,21,100,0,0,74,8,82,38,15,100,29,182,60,0,60,242
10/29/2020,MSN,WI,AGL,CE,Combined TRACON& Tower with Radar,43,15,22,10,90,0,0,15,15,30,43,15,37,25,120,70,0,70,190
10/30/2020,MSN,WI,AGL,CE,Combined TRACON& Tower with Radar,41,16,34,8,99,0,4,108,3,115,41,20,142,11,214,68,2,70,284
10/31/2020,MSN,WI,AGL,CE,Combined TRACON& Tower with Radar,32,4,17,0,53,0,0,22,3,25,32,4,39,3,78,26,0,26,104
11/01/2020,MSN,WI,AGL,CE,Combined TRACON& Tower with Radar,39,8,17,0,64,0,0,12,0,12,39,8,29,0,76,0,0,0,76
11/02/2020,MSN,WI,AGL,CE,Combined TRACON& Tower with Radar,42,22,19,2,85,0,2,25,1,28,42,24,44,3,113,28,0,28,141
11/03/2020,MSN,WI,AGL,CE,Combined TRACON& Tower with Radar,37,6,33,17,93,0,1,87,10,98,37,7,120,27,191,48,0,48,239
11/04/2020,MSN,WI,AGL,CE,Combined TRACON& Tower with Radar,37,11,25,16,89,0,0,73,6,79,37,11,98,22,168,84,0,84,252
11/05/2020,MSN,WI,AGL,CE,Combined TRACON& Tower with Radar,46,10,31,15,102,0,1,97,10,108,46,11,128,25,210,60,0,60,270
11/06/2020,MSN,WI,AGL,CE,Combined TRACON& Tower with Radar,42,11,25,2,80,0,0,81,2,83,42,11,106,4,163,88,0,88,251
11/07/2020,MSN,WI,AGL,CE,Combined TRACON& Tower with Radar,39,5,33,4,81,0,0,66,15,81,39,5,99,19,162,40,0,40,202
11/08/2020,MSN,WI,AGL,CE,Combined TRACON& Tower with Radar,46,5,21,2,74,0,0,74,0,74,46,5,95,2,148,18,0,18,166
11/09/2020,MSN,WI,AGL,CE,Combined TRACON& Tower with Radar,45,20,12,14,91,0,0,14,2,16,45,20,26,16,107,8,0,8,115
11/10/2020,MSN,WI,AGL,CE,Combined TRACON& Tower with Radar,44,15,31,0,90,0,0,0,0,0,44,15,31,0,90,0,0,0,90
11/11/2020,MSN,WI,AGL,CE,Combined TRACON& Tower with Radar,42,13,40,0,95,0,0,87,0,87,42,13,127,0,182,84,0,84,266
11/12/2020,MSN,WI,AGL,CE,Combined TRACON& Tower with Radar,52,12,20,8,92,0,0,78,10,88,52,12,98,18,180,24,2,26,206
11/13/2020,MSN,WI,AGL,CE,Combined TRACON& Tower with Radar,51,18,24,4,97,0,5,57,0,62,51,23,81,4,159,32,0,32,191
11/14/2020,MSN,WI,AGL,CE,Combined TRACON& Tower with Radar,41,9,27,0,77,0,0,19,0,19,41,9,46,0,96,6,0,6,102
11/15/2020,MSN,WI,AGL,CE,Combined TRACON& Tower with Radar,50,8,8,0,66,0,0,0,0,0,50,8,8,0,66,0,0,0,66
11/16/2020,MSN,WI,AGL,CE,Combined TRACON& Tower with Radar,50,14,13,15,92,0,0,29,8,37,50,14,42,23,129,50,0,50,179
11/17/2020,MSN,WI,AGL,CE,Combined TRACON& Tower with Radar,40,6,38,18,102,0,0,82,11,93,40,6,120,29,195,54,0,54,249
11/18/2020,MSN,WI,AGL,CE,Combined TRACON& Tower with Radar,42,19,24,16,101,0,0,30,9,39,42,19,54,25,140,10,0,10,150
11/19/2020,MSN,WI,AGL,CE,Combined TRACON& Tower with Radar,52,13,31,13,109,0,0,21,12,33,52,13,52,25,142,38,2,40,182
11/20/2020,MSN,WI,AGL,CE,Combined TRACON& Tower with Radar,52,11,30,0,93,0,0,62,0,62,52,11,92,0,155,32,0,32,187
11/21/2020,MSN,WI,AGL,CE,Combined TRACON& Tower with Radar,45,8,24,0,77,0,0,84,0,84,45,8,108,0,161,94,0,94,255
11/22/2020,MSN,WI,AGL,CE,Combined TRACON& Tower with Radar,49,14,20,0,83,0,0,69,0,69,49,14,89,0,152,42,0,42,194
11/23/2020,MSN,WI,AGL,CE,Combined TRACON& Tower with Radar,34,22,27,15,98,0,4,64,5,73,34,26,91,20,171,46,0,46,217
11/24/2020,MSN,WI,AGL,CE,Combined TRACON& Tower with Radar,46,30,21,0,97,0,0,0,0,0,46,30,21,0,97,0,0,0,97
11/25/2020,MSN,WI,AGL,CE,Combined TRACON& Tower with Radar,54,12,25,0,91,0,0,0,0,0,54,12,25,0,91,0,0,0,91
11/26/2020,MSN,WI,AGL,CE,Combined TRACON& Tower with Radar,31,2,7,0,40,0,0,3,0,3,31,2,10,0,43,10,0,10,53
11/27/2020,MSN,WI,AGL,CE,Combined TRACON& Tower with Radar,39,4,24,0,67,0,2,45,0,47,39,6,69,0,114,16,0,16,130
11/28/2020,MSN,WI,AGL,CE,Combined TRACON& Tower with Radar,54,22,47,0,123,0,0,87,0,87,54,22,134,0,210,76,0,76,286
11/29/2020,MSN,WI,AGL,CE,Combined TRACON& Tower with Radar,55,13,22,0,90,0,0,47,0,47,55,13,69,0,137,60,0,60,197
11/30/2020,MSN,WI,AGL,CE,Combined TRACON& Tower with Radar,54,17,21,16,108,0,0,19,3,22,54,17,40,19,130,12,0,12,142
12/01/2020,MSN,WI,AGL,CE,Combined TRACON& Tower with Radar,49,15,25,17,106,0,5,69,16,90,49,20,94,33,196,76,0,76,272
12/02/2020,MSN,WI,AGL,CE,Combined TRACON& Tower with Radar,41,17,35,16,109,0,1,77,11,89,41,18,112,27,198,106,0,106,304
12/03/2020,MSN,WI,AGL,CE,Combined TRACON& Tower with Radar,40,17,23,14,94,0,0,36,13,49,40,17,59,27,143,24,6,30,173
12/04/2020,MSN,WI,AGL,CE,Combined TRACON& Tower with Radar,40,17,34,12,103,0,2,78,2,82,40,19,112,14,185,18,0,18,203
12/05/2020,MSN,WI,AGL,CE,Combined TRACON& Tower with Radar,33,6,28,11,78,0,0,100,6,106,33,6,128,17,184,60,0,60,244
12/06/2020,MSN,WI,AGL,CE,Combined TRACON& Tower with Radar,38,7,37,1,83,0,0,51,0,51,38,7,88,1,134,42,0,42,176
12/07/2020,MSN,WI,AGL,CE,Combined TRACON& Tower with Radar,40,17,15,15,87,0,0,15,2,17,40,17,30,17,104,28,0,28,132
12/08/2020,MSN,WI,AGL,CE,Combined TRACON& Tower with Radar,38,6,12,24,80,0,0,0,1,1,38,6,12,25,81,0,0,0,81
12/09/2020,MSN,WI,AGL,CE,Combined TRACON& Tower with Radar,37,15,30,11,93,0,0,71,14,85,37,15,101,25,178,58,0,58,236
12/10/2020,MSN,WI,AGL,CE,Combined TRACON& Tower with Radar,43,13,35,5,96,0,0,90,14,104,43,13,125,19,200,88,2,90,290
12/11/2020,MSN,WI,AGL,CE,Combined TRACON& Tower with Radar,42,17,16,6,81,0,0,0,0,0,42,17,16,6,81,0,0,0,81
12/12/2020,MSN,WI,AGL,CE,Combined TRACON& Tower with Radar,29,8,5,2,44,0,0,0,0,0,29,8,5,2,44,0,0,0,44
12/13/2020,MSN,WI,AGL,CE,Combined TRACON& Tower with Radar,39,10,21,0,70,0,0,3,0,3,39,10,24,0,73,0,0,0,73
12/14/2020,MSN,WI,AGL,CE,Combined TRACON& Tower with Radar,42,13,31,1,87,0,2,40,6,48,42,15,71,7,135,60,0,60,195
12/15/2020,MSN,WI,AGL,CE,Combined TRACON& Tower with Radar,37,11,19,13,80,0,0,39,16,55,37,11,58,29,135,46,0,46,181
12/16/2020,MSN,WI,AGL,CE,Combined TRACON& Tower with Radar,37,10,21,17,85,0,1,34,22,57,37,11,55,39,142,36,0,36,178
12/17/2020,MSN,WI,AGL,CE,Combined TRACON& Tower with Radar,50,15,37,9,111,0,1,65,8,74,50,16,102,17,185,68,0,68,253
12/18/2020,MSN,WI,AGL,CE,Combined TRACON& Tower with Radar,46,19,28,10,103,0,0,36,1,37,46,19,64,11,140,22,0,22,162
12/19/2020,MSN,WI,AGL,CE,Combined TRACON& Tower with Radar,40,12,22,0,74,0,0,0,0,0,40,12,22,0,74,0,0,0,74
12/20/2020,MSN,WI,AGL,CE,Combined TRACON& Tower with Radar,48,15,37,0,100,0,0,8,0,8,48,15,45,0,108,8,0,8,116
12/21/2020,MSN,WI,AGL,CE,Combined TRACON& Tower with Radar,44,16,22,6,88,0,0,18,4,22,44,16,40,10,110,26,0,26,136
12/22/2020,MSN,WI,AGL,CE,Combined TRACON& Tower with Radar,49,20,39,20,128,0,3,86,9,98,49,23,125,29,226,50,0,50,276
12/23/2020,MSN,WI,AGL,CE,Combined TRACON& Tower with Radar,45,12,13,8,78,0,0,7,5,12,45,12,20,13,90,0,0,0,90
12/24/2020,MSN,WI,AGL,CE,Combined TRACON& Tower with Radar,44,7,8,0,59,0,0,1,0,1,44,7,9,0,60,18,0,18,78
12/25/2020,MSN,WI,AGL,CE,Combined TRACON& Tower with Radar,28,5,9,0,42,0,0,21,0,21,28,5,30,0,63,20,0,20,83
12/26/2020,MSN,WI,AGL,CE,Combined TRACON& Tower with Radar,38,21,31,0,90,0,2,73,0,75,38,23,104,0,165,14,0,14,179
12/27/2020,MSN,WI,AGL,CE,Combined TRACON& Tower with Radar,49,11,25,0,85,0,0,2,0,2,49,11,27,0,87,0,0,0,87
12/28/2020,MSN,WI,AGL,CE,Combined TRACON& Tower with Radar,47,18,24,11,100,0,0,75,4,79,47,18,99,15,179,73,0,73,252
12/29/2020,MSN,WI,AGL,CE,Combined TRACON& Tower with Radar,48,20,25,15,108,0,0,47,6,53,48,20,72,21,161,18,0,18,179
12/30/2020,MSN,WI,AGL,CE,Combined TRACON& Tower with Radar,49,19,19,0,87,0,0,0,0,0,49,19,19,0,87,0,0,0,87
12/31/2020,MSN,WI,AGL,CE,Combined TRACON& Tower with Radar,42,18,26,4,90,0,0,4,0,4,42,18,30,4,94,18,0,18,112
01/01/2021,MSN,WI,AGL,CE,Combined TRACON& Tower with Radar,36,10,3,0,49,0,0,0,0,0,36,10,3,0,49,0,0,0,49
01/02/2021,MSN,WI,AGL,CE,Combined TRACON& Tower with Radar,39,15,21,0,75,0,0,0,0,0,39,15,21,0,75,0,0,0,75
01/03/2021,MSN,WI,AGL,CE,Combined TRACON& Tower with Radar,48,24,15,0,87,0,0,0,0,0,48,24,15,0,87,0,0,0,87
01/04/2021,MSN,WI,AGL,CE,Combined TRACON& Tower with Radar,45,15,6,0,66,0,0,0,0,0,45,15,6,0,66,0,0,0,66
01/05/2021,MSN,WI,AGL,CE,Combined TRACON& Tower with Radar,37,9,27,15,88,0,0,27,6,33,37,9,54,21,121,78,0,78,199
01/06/2021,MSN,WI,AGL,CE,Combined TRACON& Tower with Radar,36,19,16,0,71,0,0,0,0,0,36,19,16,0,71,0,0,0,71
01/07/2021,MSN,WI,AGL,CE,Combined TRACON& Tower with Radar,45,19,9,6,79,0,0,3,5,8,45,19,12,11,87,0,0,0,87
01/08/2021,MSN,WI,AGL,CE,Combined TRACON& Tower with Radar,37,25,20,12,94,0,0,8,0,8,37,25,28,12,102,106,2,108,210
01/09/2021,MSN,WI,AGL,CE,Combined TRACON& Tower with Radar,29,12,35,0,76,0,0,25,0,25,29,12,60,0,101,92,0,92,193
01/10/2021,MSN,WI,AGL,CE,Combined TRACON& Tower with Radar,39,14,16,0,69,0,0,0,0,0,39,14,16,0,69,0,0,0,69
01/11/2021,MSN,WI,AGL,CE,Combined TRACON& Tower with Radar,33,16,13,6,68,0,0,2,0,2,33,16,15,6,70,0,2,2,72
01/12/2021,MSN,WI,AGL,CE,Combined TRACON& Tower with Radar,34,19,23,9,85,0,0,37,11,48,34,19,60,20,133,96,2,98,231
01/13/2021,MSN,WI,AGL,CE,Combined TRACON& Tower with Radar,32,16,50,33,131,0,1,84,19,104,32,17,134,52,235,94,0,94,329
01/14/2021,MSN,WI,AGL,CE,Combined TRACON& Tower with Radar,49,17,15,4,85,0,0,9,2,11,49,17,24,6,96,6,0,6,102
01/15/2021,MSN,WI,AGL,CE,Combined TRACON& Tower with Radar,38,16,10,0,64,0,0,1,0,1,38,16,11,0,65,0,0,0,65
01/16/2021,MSN,WI,AGL,CE,Combined TRACON& Tower with Radar,30,14,13,0,57,0,2,10,0,12,30,16,23,0,69,26,0,26,95
01/17/2021,MSN,WI,AGL,CE,Combined TRACON& Tower with Radar,37,18,26,2,83,0,0,2,0,2,37,18,28,2,85,0,0,0,85
01/18/2021,MSN,WI,AGL,CE,Combined TRACON& Tower with Radar,34,19,27,1,81,0,0,13,3,16,34,19,40,4,97,68,0,68,165
01/19/2021,MSN,WI,AGL,CE,Combined TRACON& Tower with Radar,31,12,20,13,76,0,0,9,2,11,31,12,29,15,87,122,0,122,209
01/20/2021,MSN,WI,AGL,CE,Combined TRACON& Tower with Radar,35,21,28,10,94,0,2,45,22,69,35,23,73,32,163,34,0,34,197
01/21/2021,MSN,WI,AGL,CE,Combined TRACON& Tower with Radar,44,23,32,7,106,0,2,33,8,43,44,25,65,15,149,32,0,32,181
01/22/2021,MSN,WI,AGL,CE,Combined TRACON& Tower with Radar,42,21,30,5,98,0,0,87,7,94,42,21,117,12,192,74,2,76,268
01/23/2021,MSN,WI,AGL,CE,Combined TRACON& Tower with Radar,28,12,37,2,79,0,0,96,0,96,28,12,133,2,175,38,0,38,213
01/24/2021,MSN,WI,AGL,CE,Combined TRACON& Tower with Radar,43,13,8,0,64,0,0,0,0,0,43,13,8,0,64,0,0,0,64
01/25/2021,MSN,WI,AGL,CE,Combined TRACON& Tower with Radar,33,21,17,14,85,0,0,21,5,26,33,21,38,19,111,22,0,22,133
01/26/2021,MSN,WI,AGL,CE,Combined TRACON& Tower with Radar,36,12,10,5,63,0,0,0,9,9,36,12,10,14,72,0,0,0,72
01/27/2021,MSN,WI,AGL,CE,Combined TRACON& Tower with Radar,35,17,32,16,100,0,0,61,22,83,35,17,93,38,183,70,0,70,253
01/28/2021,MSN,WI,AGL,CE,Combined TRACON& Tower with Radar,42,11,36,14,103,0,0,71,10,81,42,11,107,24,184,48,0,48,232
01/29/2021,MSN,WI,AGL,CE,Combined TRACON& Tower with Radar,42,15,35,0,92,0,0,82,0,82,42,15,117,0,174,56,0,56,230
01/30/2021,MSN,WI,AGL,CE,Combined TRACON& Tower with Radar,29,12,23,0,64,0,3,35,0,38,29,15,58,0,102,42,0,42,144
01/31/2021,MSN,WI,AGL,CE,Combined TRACON& Tower with Radar,40,12,15,0,67,0,0,0,0,0,40,12,15,0,67,0,0,0,67
02/01/2021,MSN,WI,AGL,CE,Combined TRACON& Tower with Radar,36,20,15,0,71,0,0,30,2,32,36,20,45,2,103,40,0,40,143
02/02/2021,MSN,WI,AGL,CE,Combined TRACON& Tower with Radar,35,15,29,15,94,0,0,49,16,65,35,15,78,31,159,70,0,70,229
02/03/2021,MSN,WI,AGL,CE,Combined TRACON& Tower with Radar,35,16,40,14,105,0,1,71,12,84,35,17,111,26,189,68,0,68,257
02/04/2021,MSN,WI,AGL,CE,Combined TRACON& Tower with Radar,41,13,13,0,67,0,0,0,0,0,41,13,13,0,67,0,0,0,67
02/05/2021,MSN,WI,AGL,CE,Combined TRACON& Tower with Radar,44,13,17,2,76,0,0,5,0,5,44,13,22,2,81,0,0,0,81
02/06/2021,MSN,WI,AGL,CE,Combined TRACON& Tower with Radar,27,18,26,10,81,0,0,16,2,18,27,18,42,12,99,0,0,0,99
02/07/2021,MSN,WI,AGL,CE,Combined TRACON& Tower with Radar,41,11,8,0,60,0,0,7,0,7,41,11,15,0,67,4,0,4,71
02/08/2021,MSN,WI,AGL,CE,Combined TRACON& Tower with Radar,36,12,16,14,78,0,2,6,9,17,36,14,22,23,95,0,0,0,95
02/09/2021,MSN,WI,AGL,CE,Combined TRACON& Tower with Radar,35,12,19,10,76,0,0,26,18,44,35,12,45,28,120,12,0,12,132
02/10/2021,MSN,WI,AGL,CE,Combined TRACON& Tower with Radar,36,16,30,15,97,0,0,39,15,54,36,16,69,30,151,16,0,16,167
02/11/2021,MSN,WI,AGL,CE,Combined TRACON& Tower with Radar,48,14,20,9,91,0,0,9,7,16,48,14,29,16,107,40,0,40,147
02/12/2021,MSN,WI,AGL,CE,Combined TRACON& Tower with Radar,52,18,20,1,91,0,0,11,0,11,52,18,31,1,102,0,0,0,102
02/13/2021,MSN,WI,AGL,CE,Combined TRACON& Tower with Radar,32,13,13,0,58,0,0,5,0,5,32,13,18,0,63,0,0,0,63
02/14/2021,MSN,WI,AGL,CE,Combined TRACON& Tower with Radar,41,18,15,0,74,0,0,8,0,8,41,18,23,0,82,0,0,0,82
02/15/2021,MSN,WI,AGL,CE,Combined TRACON& Tower with Radar,38,16,16,0,70,0,0,13,0,13,38,16,29,0,83,10,0,10,93
02/16/2021,MSN,WI,AGL,CE,Combined TRACON& Tower with Radar,30,13,26,14,83,0,0,37,7,44,30,13,63,21,127,20,0,20,147
02/17/2021,MSN,WI,AGL,CE,Combined TRACON& Tower with Radar,29,13,36,11,89,0,0,45,10,55,29,13,81,21,144,46,0,46,190
02/18/2021,MSN,WI,AGL,CE,Combined TRACON& Tower with Radar,44,21,24,12,101,0,0,51,8,59,44,21,75,20,160,100,0,100,260
02/19/2021,MSN,WI,AGL,CE,Combined TRACON& Tower with Radar,44,12,35,0,91,0,2,58,2,62,44,14,93,2,153,40,0,40,193
02/20/2021,MSN,WI,AGL,CE,Combined TRACON& Tower with Radar,28,10,42,0,80,0,0,82,2,84,28,10,124,2,164,104,0,104,268
02/21/2021,MSN,WI,AGL,CE,Combined TRACON& Tower with Radar,46,16,23,2,87,0,0,15,0,15,46,16,38,2,102,0,0,0,102
02/22/2021,MSN,WI,AGL,CE,Combined TRACON& Tower with Radar,48,14,24,10,96,0,0,9,0,9,48,14,33,10,105,0,0,0,105
02/23/2021,MSN,WI,AGL,CE,Combined TRACON& Tower with Radar,36,14,33,6,89,0,0,75,16,91,36,14,108,22,180,66,0,66,246
02/24/2021,MSN,WI,AGL,CE,Combined TRACON& Tower with Radar,41,16,34,7,98,0,0,21,17,38,41,16,55,24,136,36,0,36,172
02/25/2021,MSN,WI,AGL,CE,Combined TRACON& Tower with Radar,52,16,45,11,124,0,0,81,20,101,52,16,126,31,225,84,0,84,309
02/26/2021,MSN,WI,AGL,CE,Combined TRACON& Tower with Radar,50,13,48,2,113,0,2,64,9,75,50,15,112,11,188,54,0,54,242
02/27/2021,MSN,WI,AGL,CE,Combined TRACON& Tower with Radar,31,5,35,0,71,0,0,114,0,114,31,5,149,0,185,76,0,76,261
02/28/2021,MSN,WI,AGL,CE,Combined TRACON& Tower with Radar,47,18,21,0,86,0,0,0,0,0,47,18,21,0,86,0,0,0,86
03/01/2021,MSN,WI,AGL,CE,Combined TRACON& Tower with Radar,45,13,37,4,99,0,0,38,2,40,45,13,75,6,139,64,0,64,203
03/02/2021,MSN,WI,AGL,CE,Combined TRACON& Tower with Radar,40,8,28,17,93,0,0,31,13,44,40,8,59,30,137,26,2,28,165
03/03/2021,MSN,WI,AGL,CE,Combined TRACON& Tower with Radar,41,6,52,9,108,0,0,73,18,91,41,6,125,27,199,116,0,116,315
03/04/2021,MSN,WI,AGL,CE,Combined TRACON& Tower with Radar,59,14,24,9,106,0,0,48,13,61,59,14,72,22,167,26,0,26,193
03/05/2021,MSN,WI,AGL,CE,Combined TRACON& Tower with Radar,55,17,40,4,116,0,0,86,2,88,55,17,126,6,204,80,0,80,284
03/06/2021,MSN,WI,AGL,CE,Combined TRACON& Tower with Radar,40,12,25,0,77,0,0,123,2,125,40,12,148,2,202,90,0,90,292
03/07/2021,MSN,WI,AGL,CE,Combined TRACON& Tower with Radar,53,10,36,1,100,0,0,97,5,102,53,10,133,6,202,24,0,24,226
03/08/2021,MSN,WI,AGL,CE,Combined TRACON& Tower with Radar,54,16,41,8,119,0,0,64,7,71,54,16,105,15,190,156,0,156,346
03/09/2021,MSN,WI,AGL,CE,Combined TRACON& Tower with Radar,46,20,29,13,108,0,2,46,12,60,46,22,75,25,168,30,0,30,198
03/10/2021,MSN,WI,AGL,CE,Combined TRACON& Tower with Radar,48,16,34,4,102,0,0,1,6,7,48,16,35,10,109,0,0,0,109
03/11/2021,MSN,WI,AGL,CE,Combined TRACON& Tower with Radar,58,18,37,5,118,0,0,20,19,39,58,18,57,24,157,4,4,8,165
03/12/2021,MSN,WI,AGL,CE,Combined TRACON& Tower with Radar,53,18,34,2,107,0,0,86,3,89,53,18,120,5,196,38,0,38,234
03/13/2021,MSN,WI,AGL,CE,Combined TRACON& Tower with Radar,40,7,40,0,87,0,0,102,3,105,40,7,142,3,192,64,0,64,256
03/14/2021,MSN,WI,AGL,CE,Combined TRACON& Tower with Radar,46,10,19,4,79,0,0,41,0,41,46,10,60,4,120,30,0,30,150
03/15/2021,MSN,WI,AGL,CE,Combined TRACON& Tower with Radar,54,10,15,0,79,0,0,3,0,3,54,10,18,0,82,0,0,0,82
03/16/2021,MSN,WI,AGL,CE,Combined TRACON& Tower with Radar,45,11,19,9,84,0,0,4,5,9,45,11,23,14,93,0,0,0,93
03/17/2021,MSN,WI,AGL,CE,Combined TRACON& Tower with Radar,47,13,27,2,89,0,0,0,0,0,47,13,27,2,89,0,2,2,91
03/18/2021,MSN,WI,AGL,CE,Combined TRACON& Tower with Radar,56,15,14,4,89,0,0,12,8,20,56,15,26,12,109,6,2,8,117
03/19/2021,MSN,WI,AGL,CE,Combined TRACON& Tower with Radar,53,7,38,0,98,0,0,107,7,114,53,7,145,7,212,56,0,56,268
03/20/2021,MSN,WI,AGL,CE,Combined TRACON& Tower with Radar,40,15,32,5,92,0,0,119,0,119,40,15,151,5,211,90,0,90,301
03/21/2021,MSN,WI,AGL,CE,Combined TRACON& Tower with Radar,55,7,14,5,81,0,0,48,0,48,55,7,62,5,129,30,0,30,159
03/22/2021,MSN,WI,AGL,CE,Combined TRACON& Tower with Radar,54,13,38,23,128,0,1,42,9,52,54,14,80,32,180,62,0,62,242
03/23/2021,MSN,WI,AGL,CE,Combined TRACON& Tower with Radar,47,14,32,19,112,0,0,23,7,30,47,14,55,26,142,0,0,0,142
03/24/2021,MSN,WI,AGL,CE,Combined TRACON& Tower with Radar,45,14,36,15,110,0,0,0,2,2,45,14,36,17,112,0,0,0,112
03/25/2021,MSN,WI,AGL,CE,Combined TRACON& Tower with Radar,58,15,26,14,113,0,0,7,6,13,58,15,33,20,126,38,0,38,164
03/26/2021,MSN,WI,AGL,CE,Combined TRACON& Tower with Radar,54,19,48,4,125,0,0,39,7,46,54,19,87,11,171,54,0,54,225
03/27/2021,MSN,WI,AGL,CE,Combined TRACON& Tower with Radar,45,23,57,0,125,0,0,0,0,0,45,23,57,0,125,0,0,0,125
03/28/2021,MSN,WI,AGL,CE,Combined TRACON& Tower with Radar,52,9,19,0,80,0,0,21,0,21,52,9,40,0,101,12,0,12,113
03/29/2021,MSN,WI,AGL,CE,Combined TRACON& Tower with Radar,54,11,8,12,85,0,0,28,5,33,54,11,36,17,118,28,2,30,148
03/30/2021,MSN,WI,AGL,CE,Combined TRACON& Tower with Radar,46,20,40,14,120,0,2,42,18,62,46,22,82,32,182,60,2,62,244
03/31/2021,MSN,WI,AGL,CE,Combined TRACON& Tower with Radar,49,21,43,15,128,0,2,65,14,81,49,23,108,29,209,64,0,64,273
04/01/2021,MSN,WI,AGL,CE,Combined TRACON& Tower with Radar,59,11,46,14,130,0,0,117,15,132,59,11,163,29,262,44,0,44,306
04/02/2021,MSN,WI,AGL,CE,Combined TRACON& Tower with Radar,56,13,43,3,115,0,0,91,5,96,56,13,134,8,211,20,0,20,231
04/03/2021,MSN,WI,AGL,CE,Combined TRACON& Tower with Radar,43,11,36,0,90,0,2,93,0,95,43,13,129,0,185,46,0,46,231
04/04/2021,MSN,WI,AGL,CE,Combined TRACON& Tower with Radar,58,11,33,0,102,0,0,77,2,79,58,11,110,2,181,22,0,22,203
04/05/2021,MSN,WI,AGL,CE,Combined TRACON& Tower with Radar,58,11,42,0,111,0,0,45,4,49,58,11,87,4,160,58,0,58,218
04/06/2021,MSN,WI,AGL,CE,Combined TRACON& Tower with Radar,50,21,27,13,111,0,0,57,13,70,50,21,84,26,181,110,0,110,291
04/07/2021,MSN,WI,AGL,CE,Combined TRACON& Tower with Radar,46,15,45,12,118,0,2,49,5,56,46,17,94,17,174,30,2,32,206
04/08/2021,MSN,WI,AGL,CE,Combined TRACON& Tower with Radar,61,14,48,8,131,0,0,1,0,1,61,14,49,8,132,2,6,8,140
04/09/2021,MSN,WI,AGL,CE,Combined TRACON& Tower with Radar,57,10,51,2,120,0,0,7,0,7,57,10,58,2,127,44,0,44,171
04/10/2021,MSN,WI,AGL,CE,Combined TRACON& Tower with Radar,43,9,37,8,97,0,0,0,0,0,43,9,37,8,97,14,0,14,111
04/11/2021,MSN,WI,AGL,CE,Combined TRACON& Tower with Radar,57,11,45,8,121,0,0,0,0,0,57,11,45,8,121,0,0,0,121
04/12/2021,MSN,WI,AGL,CE,Combined TRACON& Tower with Radar,59,9,32,18,118,0,2,20,2,24,59,11,52,20,142,0,0,0,142
04/13/2021,MSN,WI,AGL,CE,Combined TRACON& Tower with Radar,48,11,40,15,114,0,0,25,6,31,48,11,65,21,145,78,0,78,223
04/14/2021,MSN,WI,AGL,CE,Combined TRACON& Tower with Radar,47,11,35,16,109,0,0,36,0,36,47,11,71,16,145,16,0,16,161
04/15/2021,MSN,WI,AGL,CE,Combined TRACON& Tower with Radar,57,19,47,16,139,0,2,41,5,48,57,21,88,21,187,64,0,64,251
04/16/2021,MSN,WI,AGL,CE,Combined TRACON& Tower with Radar,56,17,30,9,112,0,0,107,4,111,56,17,137,13,223,48,0,48,271
04/17/2021,MSN,WI,AGL,CE,Combined TRACON& Tower with Radar,44,9,31,6,90,0,1,90,1,92,44,10,121,7,182,30,0,30,212
04/18/2021,MSN,WI,AGL,CE,Combined TRACON& Tower with Radar,52,9,47,6,114,0,0,109,1,110,52,9,156,7,224,62,0,62,286
04/19/2021,MSN,WI,AGL,CE,Combined TRACON& Tower with Radar,58,10,29,11,108,0,0,19,0,19,58,10,48,11,127,24,0,24,151
04/20/2021,MSN,WI,AGL,CE,Combined TRACON& Tower with Radar,48,9,33,20,110,0,0,46,7,53,48,9,79,27,163,26,0,26,189
04/21/2021,MSN,WI,AGL,CE,Combined TRACON& Tower with Radar,54,19,51,14,138,0,0,43,2,45,54,19,94,16,183,74,0,74,257
04/22/2021,MSN,WI,AGL,CE,Combined TRACON& Tower with Radar,59,15,39,9,122,0,2,78,5,85,59,17,117,14,207,100,0,100,307
04/23/2021,MSN,WI,AGL,CE,Combined TRACON& Tower with Radar,53,19,38,2,112,0,0,61,0,61,53,19,99,2,173,38,0,38,211
04/24/2021,MSN,WI,AGL,CE,Combined TRACON& Tower with Radar,44,4,30,2,80,0,0,76,0,76,44,4,106,2,156,120,0,120,276
04/25/2021,MSN,WI,AGL,CE,Combined TRACON& Tower with Radar,55,16,38,0,109,0,0,105,0,105,55,16,143,0,214,52,0,52,266
04/26/2021,MSN,WI,AGL,CE,Combined TRACON& Tower with Radar,57,16,32,5,110,0,0,21,3,24,57,16,53,8,134,40,0,40,174
04/27/2021,MSN,WI,AGL,CE,Combined TRACON& Tower with Radar,49,12,45,15,121,0,0,58,13,71,49,12,103,28,192,56,0,56,248
04/28/2021,MSN,WI,AGL,CE,Combined TRACON& Tower with Radar,52,21,58,15,146,0,2,36,12,50,52,23,94,27,196,100,0,100,296
04/29/2021,MSN,WI,AGL,CE,Combined TRACON& Tower with Radar,58,16,33,11,118,0,2,26,9,37,58,18,59,20,155,66,0,66,221
04/30/2021,MSN,WI,AGL,CE,Combined TRACON& Tower with Radar,56,13,35,9,113,0,0,91,4,95,56,13,126,13,208,42,0,42,250
05/01/2021,MSN,WI,AGL,CE,Combined TRACON& Tower with Radar,46,6,7,2,61,0,1,11,1,13,46,7,18,3,74,0,0,0,74
05/02/2021,MSN,WI,AGL,CE,Combined TRACON& Tower with Radar,53,19,32,0,104,0,0,61,0,61,53,19,93,0,165,78,0,78,243
05/03/2021,MSN,WI,AGL,CE,Combined TRACON& Tower with Radar,55,10,66,2,133,0,0,2,0,2,55,10,68,2,135,0,0,0,135
05/04/2021,MSN,WI,AGL,CE,Combined TRACON& Tower with Radar,49,14,26,18,107,0,0,35,7,42,49,14,61,25,149,24,0,24,173
05/05/2021,MSN,WI,AGL,CE,Combined TRACON& Tower with Radar,51,21,48,13,133,0,0,85,19,104,51,21,133,32,237,90,2,92,329
05/06/2021,MSN,WI,AGL,CE,Combined TRACON& Tower with Radar,56,12,48,18,134,0,0,26,11,37,56,12,74,29,171,40,0,40,211
05/07/2021,MSN,WI,AGL,CE,Combined TRACON& Tower with Radar,56,25,54,1,136,0,0,55,2,57,56,25,109,3,193,30,0,30,223
05/08/2021,MSN,WI,AGL,CE,Combined TRACON& Tower with Radar,49,23,24,2,98,0,0,88,0,88,49,23,112,2,186,78,0,78,264
05/09/2021,MSN,WI,AGL,CE,Combined TRACON& Tower with Radar,50,16,37,0,103,0,0,50,0,50,50,16,87,0,153,52,0,52,205
05/10/2021,MSN,WI,AGL,CE,Combined TRACON& Tower with Radar,57,12,34,8,111,0,0,44,10,54,57,12,78,18,165,58,0,58,223
05/11/2021,MSN,WI,AGL,CE,Combined TRACON& Tower with Radar,45,21,32,10,108,0,1,78,12,91,45,22,110,22,199,16,0,16,215
05/12/2021,MSN,WI,AGL,CE,Combined TRACON& Tower with Radar,55,13,45,13,126,0,0,66,10,76,55,13,111,23,202,54,0,54,256
05/13/2021,MSN,WI,AGL,CE,Combined TRACON& Tower with Radar,54,20,56,14,144,0,0,61,17,78,54,20,117,31,222,42,0,42,264
05/14/2021,MSN,WI,AGL,CE,Combined TRACON& Tower with Radar,55,13,34,1,103,0,0,74,0,74,55,13,108,1,177,42,0,42,219
05/15/2021,MSN,WI,AGL,CE,Combined TRACON& Tower with Radar,49,6,22,0,77,0,1,14,0,15,49,7,36,0,92,64,0,64,156
05/16/2021,MSN,WI,AGL,CE,Combined TRACON& Tower with Radar,49,12,39,0,100,0,0,39,2,41,49,12,78,2,141,70,0,70,211
05/17/2021,MSN,WI,AGL,CE,Combined TRACON& Tower with Radar,54,20,49,13,136,0,0,71,8,79,54,20,120,21,215,158,0,158,373
05/18/2021,MSN,WI,AGL,CE,Combined TRACON& Tower with Radar,53,21,42,22,138,0,0,19,4,23,53,21,61,26,161,2,0,2,163
05/19/2021,MSN,WI,AGL,CE,Combined TRACON& Tower with Radar,58,16,73,15,162,0,0,9,10,19,58,16,82,25,181,14,0,14,195
05/20/2021,MSN,WI,AGL,CE,Combined TRACON& Tower with Radar,53,15,53,7,128,0,0,42,18,60,53,15,95,25,188,62,2,64,252
05/21/2021,MSN,WI,AGL,CE,Combined TRACON& Tower with Radar,55,14,47,2,118,0,0,26,0,26,55,14,73,2,144,22,0,22,166
05/22/2021,MSN,WI,AGL,CE,Combined TRACON& Tower with Radar,49,5,39,0,93,0,2,87,4,93,49,7,126,4,186,76,0,76,262
05/23/2021,MSN,WI,AGL,CE,Combined TRACON& Tower with Radar,50,10,22,2,84,0,0,10,0,10,50,10,32,2,94,54,0,54,148
05/24/2021,MSN,WI,AGL,CE,Combined TRACON& Tower with Radar,56,11,39,4,110,0,0,53,8,61,56,11,92,12,171,40,0,40,211
05/25/2021,MSN,WI,AGL,CE,Combined TRACON& Tower with Radar,53,22,29,16,120,0,0,30,14,44,53,22,59,30,164,40,0,40,204
05/26/2021,MSN,WI,AGL,CE,Combined TRACON& Tower with Radar,57,13,76,15,161,0,0,109,16,125,57,13,185,31,286,56,0,56,342
05/27/2021,MSN,WI,AGL,CE,Combined TRACON& Tower with Radar,53,18,44,2,117,0,0,13,2,15,53,18,57,4,132,0,0,0,132
05/28/2021,MSN,WI,AGL,CE,Combined TRACON& Tower with Radar,56,19,33,7,115,0,0,7,1,8,56,19,40,8,123,0,0,0,123
05/29/2021,MSN,WI,AGL,CE,Combined TRACON& Tower with Radar,41,12,37,0,90,0,0,118,0,118,41,12,155,0,208,136,0,136,344
05/30/2021,MSN,WI,AGL,CE,Combined TRACON& Tower with Radar,45,2,21,0,68,0,0,93,2,95,45,2,114,2,163,78,0,78,241
05/31/2021,MSN,WI,AGL,CE,Combined TRACON& Tower with Radar,53,19,20,0,92,0,0,61,0,61,53,19,81,0,153,60,0,60,213
06/01/2021,MSN,WI,AGL,CE,Combined TRACON& Tower with Radar,55,16,37,5,113,0,0,83,2,85,55,16,120,7,198,38,0,38,236
06/02/2021,MSN,WI,AGL,CE,Combined TRACON& Tower with Radar,58,26,44,15,143,0,2,79,9,90,58,28,123,24,233,106,0,106,339
06/03/2021,MSN,WI,AGL,CE,Combined TRACON& Tower with Radar,48,18,34,17,117,0,0,77,9,86,48,18,111,26,203,54,0,54,257
06/04/2021,MSN,WI,AGL,CE,Combined TRACON& Tower with Radar,50,23,24,13,110,0,0,34,4,38,50,23,58,17,148,20,0,20,168
06/05/2021,MSN,WI,AGL,CE,Combined TRACON& Tower with Radar,51,26,28,11,116,0,0,89,5,94,51,26,117,16,210,146,0,146,356
06/06/2021,MSN,WI,AGL,CE,Combined TRACON& Tower with Radar,48,18,16,0,82,0,0,50,0,50,48,18,66,0,132,96,0,96,228
06/07/2021,MSN,WI,AGL,CE,Combined TRACON& Tower with Radar,50,32,55,24,161,0,0,35,5,40,50,32,90,29,201,12,0,12,213
06/08/2021,MSN,WI,AGL,CE,Combined TRACON& Tower with Radar,48,27,38,14,127,0,0,37,6,43,48,27,75,20,170,32,0,32,202
06/09/2021,MSN,WI,AGL,CE,Combined TRACON& Tower with Radar,55,29,56,29,169,0,0,73,23,96,55,29,129,52,265,52,2,54,319
06/10/2021,MSN,WI,AGL,CE,Combined TRACON& Tower with Radar,54,29,56,15,154,0,2,95,13,110,54,31,151,28,264,62,0,62,326
06/11/2021,MSN,WI,AGL,CE,Combined TRACON& Tower with Radar,54,30,40,1,125,0,0,59,2,61,54,30,99,3,186,12,0,12,198
06/12/2021,MSN,WI,AGL,CE,Combined TRACON& Tower with Radar,54,25,25,3,107,0,0,60,0,60,54,25,85,3,167,180,0,180,347
06/13/2021,MSN,WI,AGL,CE,Combined TRACON& Tower with Radar,46,30,28,1,105,0,0,91,1,92,46,30,119,2,197,138,0,138,335
06/14/2021,MSN,WI,AGL,CE,Combined TRACON& Tower with Radar,53,31,34,11,129,0,0,58,3,61,53,31,92,14,190,104,0,104,294
06/15/2021,MSN,WI,AGL,CE,Combined TRACON& Tower with Radar,47,28,38,11,124,0,0,86,20,106,47,28,124,31,230,106,0,106,336
06/16/2021,MSN,WI,AGL,CE,Combined TRACON& Tower with Radar,48,32,44,8,132,0,2,87,14,103,48,34,131,22,235,74,0,74,309
06/17/2021,MSN,WI,AGL,CE,Combined TRACON& Tower with Radar,51,25,34,15,125,0,0,43,15,58,51,25,77,30,183,8,2,10,193
06/18/2021,MSN,WI,AGL,CE,Combined TRACON& Tower with Radar,56,27,46,6,135,0,0,45,0,45,56,27,91,6,180,70,0,70,250
06/19/2021,MSN,WI,AGL,CE,Combined TRACON& Tower with Radar,48,28,29,1,106,0,0,106,1,107,48,28,135,2,213,154,0,154,367
06/20/2021,MSN,WI,AGL,CE,Combined TRACON& Tower with Radar,44,20,24,0,88,0,0,22,1,23,44,20,46,1,111,36,0,36,147
06/21/2021,MSN,WI,AGL,CE,Combined TRACON& Tower with Radar,52,21,37,9,119,0,0,31,3,34,52,21,68,12,153,14,0,14,167
06/22/2021,MSN,WI,AGL,CE,Combined TRACON& Tower with Radar,48,29,57,13,147,0,0,85,22,107,48,29,142,35,254,94,2,96,350
06/23/2021,MSN,WI,AGL,CE,Combined TRACON& Tower with Radar,48,27,61,17,153,0,0,14,11,25,48,27,75,28,178,14,0,14,192
06/24/2021,MSN,WI,AGL,CE,Combined TRACON& Tower with Radar,51,24,34,11,120,0,0,10,8,18,51,24,44,19,138,24,0,24,162
06/25/2021,MSN,WI,AGL,CE,Combined TRACON& Tower with Radar,54,21,51,2,128,0,0,5,1,6,54,21,56,3,134,0,0,0,134
06/26/2021,MSN,WI,AGL,CE,Combined TRACON& Tower with Radar,51,20,24,3,98,0,0,3,0,3,51,20,27,3,101,0,0,0,101
06/27/2021,MSN,WI,AGL,CE,Combined TRACON& Tower with Radar,48,21,41,4,114,0,0,35,0,35,48,21,76,4,149,78,0,78,227
06/28/2021,MSN,WI,AGL,CE,Combined TRACON& Tower with Radar,54,26,36,20,136,0,0,29,2,31,54,26,65,22,167,54,0,54,221
06/29/2021,MSN,WI,AGL,CE,Combined TRACON& Tower with Radar,50,37,34,9,130,0,0,2,0,2,50,37,36,9,132,6,0,6,138
06/30/2021,MSN,WI,AGL,CE,Combined TRACON& Tower with Radar,49,44,57,26,176,0,8,80,10,98,49,52,137,36,274,34,0,34,308
07/01/2021,MSN,WI,AGL,CE,Combined TRACON& Tower with Radar,51,38,34,6,129,0,0,81,13,94,51,38,115,19,223,70,0,70,293
07/02/2021,MSN,WI,AGL,CE,Combined TRACON& Tower with Radar,52,41,39,0,132,0,0,112,0,112,52,41,151,0,244,64,0,64,308
07/03/2021,MSN,WI,AGL,CE,Combined TRACON& Tower with Radar,47,18,24,0,89,0,0,100,1,101,47,18,124,1,190,50,0,50,240
07/04/2021,MSN,WI,AGL,CE,Combined TRACON& Tower with Radar,43,17,6,2,68,0,0,56,4,60,43,17,62,6,128,20,0,20,148
07/05/2021,MSN,WI,AGL,CE,Combined TRACON& Tower with Radar,52,22,24,0,98,0,0,53,0,53,52,22,77,0,151,22,0,22,173
07/06/2021,MSN,WI,AGL,CE,Combined TRACON& Tower with Radar,54,23,26,14,117,0,0,58,6,64,54,23,84,20,181,70,0,70,251
07/07/2021,MSN,WI,AGL,CE,Combined TRACON& Tower with Radar,58,24,25,6,113,0,0,0,0,0,58,24,25,6,113,22,4,26,139
07/08/2021,MSN,WI,AGL,CE,Combined TRACON& Tower with Radar,54,32,56,21,163,0,2,23,8,33,54,34,79,29,196,22,4,26,222
07/09/2021,MSN,WI,AGL,CE,Combined TRACON& Tower with Radar,56,26,51,3,136,0,0,96,1,97,56,26,147,4,233,136,0,136,369
07/10/2021,MSN,WI,AGL,CE,Combined TRACON& Tower with Radar,52,20,27,3,102,0,5,102,1,108,52,25,129,4,210,96,0,96,306
07/11/2021,MSN,WI,AGL,CE,Combined TRACON& Tower with Radar,47,29,32,0,108,0,0,57,0,57,47,29,89,0,165,40,0,40,205
07/12/2021,MSN,WI,AGL,CE,Combined TRACON& Tower with Radar,57,24,33,20,134,0,0,12,4,16,57,24,45,24,150,46,4,50,200
07/13/2021,MSN,WI,AGL,CE,Combined TRACON& Tower with Radar,52,28,52,21,153,0,0,64,5,69,52,28,116,26,222,60,0,60,282
07/14/2021,MSN,WI,AGL,CE,Combined TRACON& Tower with Radar,51,29,40,7,127,0,3,44,0,47,51,32,84,7,174,20,0,20,194
07/15/2021,MSN,WI,AGL,CE,Combined TRACON& Tower with Radar,55,39,61,18,173,0,2,37,11,50,55,41,98,29,223,56,0,56,279
07/16/2021,MSN,WI,AGL,CE,Combined TRACON& Tower with Radar,57,26,42,5,130,0,1,80,0,81,57,27,122,5,211,78,0,78,289
07/17/2021,MSN,WI,AGL,CE,Combined TRACON& Tower with Radar,53,21,27,1,102,0,2,88,0,90,53,23,115,1,192,114,0,114,306
07/18/2021,MSN,WI,AGL,CE,Combined TRACON& Tower with Radar,51,23,29,0,103,0,0,71,0,71,51,23,100,0,174,54,0,54,228
07/19/2021,MSN,WI,AGL,CE,Combined TRACON& Tower with Radar,60,29,39,13,141,0,0,86,7,93,60,29,125,20,234,68,0,68,302
07/20/2021,MSN,WI,AGL,CE,Combined TRACON& Tower with Radar,53,33,47,21,154,0,6,70,7,83,53,39,117,28,237,44,0,44,281
07/21/2021,MSN,WI,AGL,CE,Combined TRACON& Tower with Radar,56,37,62,24,179,0,0,49,10,59,56,37,111,34,238,174,0,174,412
07/22/2021,MSN,WI,AGL,CE,Combined TRACON& Tower with Radar,56,40,55,18,169,0,1,60,7,68,56,41,115,25,237,88,0,88,325
07/23/2021,MSN,WI,AGL,CE,Combined TRACON& Tower with Radar,57,33,54,6,150,0,2,99,4,105,57,35,153,10,255,32,0,32,287
07/24/2021,MSN,WI,AGL,CE,Combined TRACON& Tower with Radar,53,25,20,0,98,0,0,92,4,96,53,25,112,4,194,40,0,40,234
07/25/2021,MSN,WI,AGL,CE,Combined TRACON& Tower with Radar,45,27,39,2,113,0,1,118,0,119,45,28,157,2,232,12,0,12,244
07/26/2021,MSN,WI,AGL,CE,Combined TRACON& Tower with Radar,58,22,44,45,169,0,0,63,2,65,58,22,107,47,234,64,44,108,342
07/27/2021,MSN,WI,AGL,CE,Combined TRACON& Tower with Radar,52,26,42,14,134,0,1,44,11,56,52,27,86,25,190,42,6,48,238
07/28/2021,MSN,WI,AGL,CE,Combined TRACON& Tower with Radar,59,32,79,33,203,0,0,81,11,92,59,32,160,44,295,62,0,62,357
07/29/2021,MSN,WI,AGL,CE,Combined TRACON& Tower with Radar,54,36,50,24,164,0,0,52,19,71,54,36,102,43,235,4,0,4,239
07/30/2021,MSN,WI,AGL,CE,Combined TRACON& Tower with Radar,57,33,41,6,137,0,0,80,8,88,57,33,121,14,225,58,0,58,283
07/31/2021,MSN,WI,AGL,CE,Combined TRACON& Tower with Radar,55,30,38,4,127,0,2,45,7,54,55,32,83,11,181,46,2,48,229
08/01/2021,MSN,WI,AGL,CE,Combined TRACON& Tower with Radar,50,29,46,8,133,0,3,71,10,84,50,32,117,18,217,10,0,10,227
08/02/2021,MSN,WI,AGL,CE,Combined TRACON& Tower with Radar,54,29,46,19,148,0,2,64,5,71,54,31,110,24,219,52,2,54,273
08/03/2021,MSN,WI,AGL,CE,Combined TRACON& Tower with Radar,51,30,51,16,148,0,0,76,14,90,51,30,127,30,238,84,0,84,322
08/04/2021,MSN,WI,AGL,CE,Combined TRACON& Tower with Radar,59,25,48,16,148,0,0,114,4,118,59,25,162,20,266,72,0,72,338
08/05/2021,MSN,WI,AGL,CE,Combined TRACON& Tower with Radar,56,27,27,19,129,0,0,61,11,72,56,27,88,30,201,34,0,34,235
08/06/2021,MSN,WI,AGL,CE,Combined TRACON& Tower with Radar,57,26,27,9,119,0,0,13,0,13,57,26,40,9,132,74,0,74,206
08/07/2021,MSN,WI,AGL,CE,Combined TRACON& Tower with Radar,51,20,16,2,89,0,0,12,1,13,51,20,28,3,102,40,0,40,142
08/08/2021,MSN,WI,AGL,CE,Combined TRACON& Tower with Radar,48,22,19,7,96,0,2,17,3,22,48,24,36,10,118,28,0,28,146
08/09/2021,MSN,WI,AGL,CE,Combined TRACON& Tower with Radar,67,14,26,11,118,0,0,10,0,10,67,14,36,11,128,14,0,14,142
08/10/2021,MSN,WI,AGL,CE,Combined TRACON& Tower with Radar,52,26,31,20,129,0,3,33,8,44,52,29,64,28,173,14,6,20,193
08/11/2021,MSN,WI,AGL,CE,Combined TRACON& Tower with Radar,54,21,44,13,132,0,0,6,9,15,54,21,50,22,147,8,2,10,157
08/12/2021,MSN,WI,AGL,CE,Combined TRACON& Tower with Radar,54,28,45,14,141,0,0,90,12,102,54,28,135,26,243,48,2,50,293
08/13/2021,MSN,WI,AGL,CE,Combined TRACON& Tower with Radar,56,23,35,6,120,0,1,105,2,108,56,24,140,8,228,108,2,110,338
08/14/2021,MSN,WI,AGL,CE,Combined TRACON& Tower with Radar,46,24,20,0,90,0,0,111,0,111,46,24,131,0,201,20,0,20,221
08/15/2021,MSN,WI,AGL,CE,Combined TRACON& Tower with Radar,50,25,24,1,100,0,0,101,0,101,50,25,125,1,201,78,0,78,279
08/16/2021,MSN,WI,AGL,CE,Combined TRACON& Tower with Radar,65,24,49,13,151,0,0,93,4,97,65,24,142,17,248,68,0,68,316
08/17/2021,MSN,WI,AGL,CE,Combined TRACON& Tower with Radar,54,32,43,12,141,0,0,75,13,88,54,32,118,25,229,46,0,46,275
08/18/2021,MSN,WI,AGL,CE,Combined TRACON& Tower with Radar,56,31,57,19,163,0,0,76,13,89,56,31,133,32,252,72,0,72,324
08/19/2021,MSN,WI,AGL,CE,Combined TRACON& Tower with Radar,67,36,41,14,158,0,0,53,15,68,67,36,94,29,226,46,0,46,272
08/20/2021,MSN,WI,AGL,CE,Combined TRACON& Tower with Radar,70,29,26,9,134,0,1,65,4,70,70,30,91,13,204,94,0,94,298
08/21/2021,MSN,WI,AGL,CE,Combined TRACON& Tower with Radar,48,22,33,6,109,0,0,22,0,22,48,22,55,6,131,26,0,26,157
08/22/2021,MSN,WI,AGL,CE,Combined TRACON& Tower with Radar,67,29,39,0,135,0,0,119,2,121,67,29,158,2,256,38,0,38,294
08/23/2021,MSN,WI,AGL,CE,Combined TRACON& Tower with Radar,67,27,45,11,150,0,0,35,0,35,67,27,80,11,185,34,0,34,219
08/24/2021,MSN,WI,AGL,CE,Combined TRACON& Tower with Radar,56,19,52,1,128,0,0,26,6,32,56,19,78,7,160,10,2,12,172
08/25/2021,MSN,WI,AGL,CE,Combined TRACON& Tower with Radar,77,47,68,24,216,0,6,93,5,104,77,53,161,29,320,40,0,40,360
08/26/2021,MSN,WI,AGL,CE,Combined TRACON& Tower with Radar,68,26,67,15,176,0,0,54,5,59,68,26,121,20,235,36,0,36,271
08/27/2021,MSN,WI,AGL,CE,Combined TRACON& Tower with Radar,68,24,47,2,141,0,0,19,0,19,68,24,66,2,160,6,0,6,166
08/28/2021,MSN,WI,AGL,CE,Combined TRACON& Tower with Radar,50,35,24,1,110,0,0,63,0,63,50,35,87,1,173,72,0,72,245
08/29/2021,MSN,WI,AGL,CE,Combined TRACON& Tower with Radar,49,27,34,0,110,0,0,64,0,64,49,27,98,0,174,36,0,36,210
08/30/2021,MSN,WI,AGL,CE,Combined TRACON& Tower with Radar,65,18,48,2,133,0,2,105,4,111,65,20,153,6,244,48,0,48,292
08/31/2021,MSN,WI,AGL,CE,Combined TRACON& Tower with Radar,54,20,67,16,157,0,0,87,7,94,54,20,154,23,251,94,0,94,345
09/01/2021,MSN,WI,AGL,CE,Combined TRACON& Tower with Radar,63,29,62,15,169,0,0,81,8,89,63,29,143,23,258,92,0,92,350
09/02/2021,MSN,WI,AGL,CE,Combined TRACON& Tower with Radar,57,28,69,21,175,0,0,87,14,101,57,28,156,35,276,32,4,36,312
09/03/2021,MSN,WI,AGL,CE,Combined TRACON& Tower with Radar,63,32,60,4,159,0,1,21,0,22,63,33,81,4,181,64,0,64,245
09/04/2021,MSN,WI,AGL,CE,Combined TRACON& Tower with Radar,48,29,51,0,128,0,0,7,0,7,48,29,58,0,135,6,0,6,141
09/05/2021,MSN,WI,AGL,CE,Combined TRACON& Tower with Radar,43,31,50,0,124,0,0,86,1,87,43,31,136,1,211,34,0,34,245
09/06/2021,MSN,WI,AGL,CE,Combined TRACON& Tower with Radar,61,17,45,0,123,0,0,145,0,145,61,17,190,0,268,70,0,70,338
09/07/2021,MSN,WI,AGL,CE,Combined TRACON& Tower with Radar,53,20,26,6,105,0,0,34,3,37,53,20,60,9,142,52,0,52,194
09/08/2021,MSN,WI,AGL,CE,Combined TRACON& Tower with Radar,56,30,48,12,146,0,0,59,10,69,56,30,107,22,215,44,4,48,263
09/09/2021,MSN,WI,AGL,CE,Combined TRACON& Tower with Radar,63,26,54,28,171,0,0,77,11,88,63,26,131,39,259,142,0,142,401
09/10/2021,MSN,WI,AGL,CE,Combined TRACON& Tower with Radar,63,24,38,25,150,0,1,85,6,92,63,25,123,31,242,132,0,132,374
09/11/2021,MSN,WI,AGL,CE,Combined TRACON& Tower with Radar,46,23,30,9,108,0,0,89,14,103,46,23,119,23,211,62,0,62,273
09/12/2021,MSN,WI,AGL,CE,Combined TRACON& Tower with Radar,54,22,44,9,129,0,0,33,4,37,54,22,77,13,166,36,0,36,202
09/13/2021,MSN,WI,AGL,CE,Combined TRACON& Tower with Radar,70,18,29,9,126,0,0,4,0,4,70,18,33,9,130,12,2,14,144
09/14/2021,MSN,WI,AGL,CE,Combined TRACON& Tower with Radar,63,22,38,15,138,0,0,40,8,48,63,22,78,23,186,108,12,120,306
09/15/2021,MSN,WI,AGL,CE,Combined TRACON& Tower with Radar,64,24,52,20,160,0,0,85,9,94,64,24,137,29,254,88,2,90,344
09/16/2021,MSN,WI,AGL,CE,Combined TRACON& Tower with Radar,68,32,50,9,159,0,0,64,7,71,68,32,114,16,230,68,0,68,298
09/17/2021,MSN,WI,AGL,CE,Combined TRACON& Tower with Radar,67,23,29,6,125,0,0,58,5,63,67,23,87,11,188,78,0,78,266
09/18/2021,MSN,WI,AGL,CE,Combined TRACON& Tower with Radar,52,17,26,0,95,0,0,105,2,107,52,17,131,2,202,8,0,8,210
09/19/2021,MSN,WI,AGL,CE,Combined TRACON& Tower with Radar,60,16,32,2,110,0,0,86,0,86,60,16,118,2,196,94,0,94,290
09/20/2021,MSN,WI,AGL,CE,Combined TRACON& Tower with Radar,63,28,38,7,136,0,0,9,0,9,63,28,47,7,145,4,0,4,149
09/21/2021,MSN,WI,AGL,CE,Combined TRACON& Tower with Radar,62,19,38,12,131,0,0,44,6,50,62,19,82,18,181,58,0,58,239
09/22/2021,MSN,WI,AGL,CE,Combined TRACON& Tower with Radar,63,24,47,10,144,0,0,51,15,66,63,24,98,25,210,40,0,40,250
09/23/2021,MSN,WI,AGL,CE,Combined TRACON& Tower with Radar,64,24,35,11,134,0,0,43,12,55,64,24,78,23,189,30,0,30,219
09/24/2021,MSN,WI,AGL,CE,Combined TRACON& Tower with Radar,68,22,31,3,124,0,1,46,3,50,68,23,77,6,174,46,0,46,220
09/25/2021,MSN,WI,AGL,CE,Combined TRACON& Tower with Radar,55,19,18,6,98,0,2,63,4,69,55,21,81,10,167,28,0,28,195
09/26/2021,MSN,WI,AGL,CE,Combined TRACON& Tower with Radar,60,25,27,0,112,0,1,73,0,74,60,26,100,0,186,44,0,44,230
09/27/2021,MSN,WI,AGL,CE,Combined TRACON& Tower with Radar,67,23,29,5,124,0,0,71,2,73,67,23,100,7,197,80,0,80,277
09/28/2021,MSN,WI,AGL,CE,Combined TRACON& Tower with Radar,59,20,59,14,152,0,2,88,7,97,59,22,147,21,249,126,2,128,377
09/29/2021,MSN,WI,AGL,CE,Combined TRACON& Tower with Radar,61,22,67,16,166,0,0,116,11,127,61,22,183,27,293,194,0,194,487
09/30/2021,MSN,WI,AGL,CE,Combined TRACON& Tower with Radar,64,34,51,17,166,0,0,45,11,56,64,34,96,28,222,46,0,46,268
10/01/2021,MSN,WI,AGL,CE,Combined TRACON& Tower with Radar,68,52,58,12,190,0,0,81,4,85,68,52,139,16,275,90,4,94,369
10/02/2021,MSN,WI,AGL,CE,Combined TRACON& Tower with Radar,55,21,69,9,154,0,0,21,1,22,55,21,90,10,176,16,0,16,192
10/03/2021,MSN,WI,AGL,CE,Combined TRACON& Tower with Radar,62,44,61,0,167,0,0,11,2,13,62,44,72,2,180,34,0,34,214
10/04/2021,MSN,WI,AGL,CE,Combined TRACON& Tower with Radar,69,18,54,4,145,0,0,3,0,3,69,18,57,4,148,8,4,12,160
10/05/2021,MSN,WI,AGL,CE,Combined TRACON& Tower with Radar,64,23,46,9,142,0,0,9,10,19,64,23,55,19,161,58,0,58,219
10/06/2021,MSN,WI,AGL,CE,Combined TRACON& Tower with Radar,65,30,53,7,155,0,12,54,15,81,65,42,107,22,236,90,0,90,326
10/07/2021,MSN,WI,AGL,CE,Combined TRACON& Tower with Radar,69,16,36,4,125,0,1,0,0,1,69,17,36,4,126,0,0,0,126
10/08/2021,MSN,WI,AGL,CE,Combined TRACON& Tower with Radar,78,24,50,0,152,0,0,11,0,11,78,24,61,0,163,0,0,0,163
10/09/2021,MSN,WI,AGL,CE,Combined TRACON& Tower with Radar,60,22,25,0,107,0,2,89,14,105,60,24,114,14,212,46,0,46,258
10/10/2021,MSN,WI,AGL,CE,Combined TRACON& Tower with Radar,55,29,29,0,113,0,0,19,2,21,55,29,48,2,134,16,0,16,150
10/11/2021,MSN,WI,AGL,CE,Combined TRACON& Tower with Radar,73,19,30,0,122,0,0,0,0,0,73,19,30,0,122,0,0,0,122
10/12/2021,MSN,WI,AGL,CE,Combined TRACON& Tower with Radar,67,13,37,14,131,0,0,2,0,2,67,13,39,14,133,18,0,18,151
10/13/2021,MSN,WI,AGL,CE,Combined TRACON& Tower with Radar,68,22,42,17,149,0,0,26,5,31,68,22,68,22,180,14,0,14,194
10/14/2021,MSN,WI,AGL,CE,Combined TRACON& Tower with Radar,73,32,45,13,163,1,0,69,14,84,74,32,114,27,247,26,0,26,273
10/15/2021,MSN,WI,AGL,CE,Combined TRACON& Tower with Radar,75,35,52,0,162,0,2,58,0,60,75,37,110,0,222,76,0,76,298
10/16/2021,MSN,WI,AGL,CE,Combined TRACON& Tower with Radar,59,26,29,0,114,0,5,80,2,87,59,31,109,2,201,106,0,106,307
10/17/2021,MSN,WI,AGL,CE,Combined TRACON& Tower with Radar,66,35,41,0,142,0,2,100,0,102,66,37,141,0,244,136,0,136,380
10/18/2021,MSN,WI,AGL,CE,Combined TRACON& Tower with Radar,73,24,38,7,142,0,0,65,8,73,73,24,103,15,215,72,0,72,287
10/19/2021,MSN,WI,AGL,CE,Combined TRACON& Tower with Radar,64,34,56,12,166,0,0,80,6,86,64,34,136,18,252,96,0,96,348
10/20/2021,MSN,WI,AGL,CE,Combined TRACON& Tower with Radar,68,20,36,9,133,0,0,44,8,52,68,20,80,17,185,62,0,62,247
10/21/2021,MSN,WI,AGL,CE,Combined TRACON& Tower with Radar,69,21,46,14,150,0,0,3,7,10,69,21,49,21,160,18,0,18,178
10/22/2021,MSN,WI,AGL,CE,Combined TRACON& Tower with Radar,68,26,46,12,152,0,0,81,7,88,68,26,127,19,240,80,2,82,322
10/23/2021,MSN,WI,AGL,CE,Combined TRACON& Tower with Radar,56,25,37,5,123,0,2,113,2,117,56,27,150,7,240,80,0,80,320
10/24/2021,MSN,WI,AGL,CE,Combined TRACON& Tower with Radar,67,24,32,1,124,0,2,45,0,47,67,26,77,1,171,54,0,54,225
10/25/2021,MSN,WI,AGL,CE,Combined TRACON& Tower with Radar,66,16,32,7,121,0,0,7,8,15,66,16,39,15,136,32,0,32,168
10/26/2021,MSN,WI,AGL,CE,Combined TRACON& Tower with Radar,67,28,46,6,147,0,0,94,20,114,67,28,140,26,261,124,6,130,391
10/27/2021,MSN,WI,AGL,CE,Combined TRACON& Tower with Radar,73,30,57,14,174,0,4,76,12,92,73,34,133,26,266,84,0,84,350
10/28/2021,MSN,WI,AGL,CE,Combined TRACON& Tower with Radar,69,26,35,17,147,0,0,2,0,2,69,26,37,17,149,0,0,0,149
10/29/2021,MSN,WI,AGL,CE,Combined TRACON& Tower with Radar,71,25,38,0,134,0,0,2,2,4,71,25,40,2,138,16,0,16,154
10/30/2021,MSN,WI,AGL,CE,Combined TRACON& Tower with Radar,53,12,51,1,117,0,3,37,2,42,53,15,88,3,159,90,0,90,249
10/31/2021,MSN,WI,AGL,CE,Combined TRACON& Tower with Radar,51,26,39,0,116,0,0,48,0,48,51,26,87,0,164,26,0,26,190
11/01/2021,MSN,WI,AGL,CE,Combined TRACON& Tower with Radar,64,28,28,2,122,0,0,43,2,45,64,28,71,4,167,48,0,48,215
11/02/2021,MSN,WI,AGL,CE,Combined TRACON& Tower with Radar,61,21,29,11,122,0,0,44,17,61,61,21,73,28,183,70,0,70,253
11/03/2021,MSN,WI,AGL,CE,Combined TRACON& Tower with Radar,63,27,48,13,151,0,2,69,10,81,63,29,117,23,232,30,0,30,262
11/04/2021,MSN,WI,AGL,CE,Combined TRACON& Tower with Radar,72,25,34,9,140,0,0,53,11,64,72,25,87,20,204,80,0,80,284
11/05/2021,MSN,WI,AGL,CE,Combined TRACON& Tower with Radar,74,17,34,4,129,0,2,45,2,49,74,19,79,6,178,44,0,44,222
11/06/2021,MSN,WI,AGL,CE,Combined TRACON& Tower with Radar,58,9,30,5,102,0,1,59,4,64,58,10,89,9,166,78,2,80,246
11/07/2021,MSN,WI,AGL,CE,Combined TRACON& Tower with Radar,62,24,36,0,122,0,2,92,3,97,62,26,128,3,219,48,0,48,267
11/08/2021,MSN,WI,AGL,CE,Combined TRACON& Tower with Radar,66,25,44,6,141,0,0,50,6,56,66,25,94,12,197,58,0,58,255
11/09/2021,MSN,WI,AGL,CE,Combined TRACON& Tower with Radar,68,27,41,14,150,0,1,52,14,67,68,28,93,28,217,94,0,94,311
11/10/2021,MSN,WI,AGL,CE,Combined TRACON& Tower with Radar,67,31,80,11,189,0,0,51,5,56,67,31,131,16,245,42,4,46,291
11/11/2021,MSN,WI,AGL,CE,Combined TRACON& Tower with Radar,70,32,36,1,139,0,0,9,1,10,70,32,45,2,149,4,0,4,153
11/12/2021,MSN,WI,AGL,CE,Combined TRACON& Tower with Radar,70,26,45,0,141,0,0,0,2,2,70,26,45,2,143,0,0,0,143
11/13/2021,MSN,WI,AGL,CE,Combined TRACON& Tower with Radar,52,16,33,0,101,0,1,30,2,33,52,17,63,2,134,64,0,64,198
11/14/2021,MSN,WI,AGL,CE,Combined TRACON& Tower with Radar,68,23,30,0,121,0,0,7,0,7,68,23,37,0,128,0,0,0,128
11/15/2021,MSN,WI,AGL,CE,Combined TRACON& Tower with Radar,71,30,34,5,140,0,1,41,5,47,71,31,75,10,187,38,4,42,229
11/16/2021,MSN,WI,AGL,CE,Combined TRACON& Tower with Radar,68,23,31,13,135,0,0,30,3,33,68,23,61,16,168,56,0,56,224
11/17/2021,MSN,WI,AGL,CE,Combined TRACON& Tower with Radar,65,33,33,11,142,0,0,51,4,55,65,33,84,15,197,38,0,38,235
11/18/2021,MSN,WI,AGL,CE,Combined TRACON& Tower with Radar,72,39,35,6,152,0,3,6,11,20,72,42,41,17,172,10,0,10,182
11/19/2021,MSN,WI,AGL,CE,Combined TRACON& Tower with Radar,66,31,61,3,161,0,0,77,0,77,66,31,138,3,238,106,0,106,344
11/20/2021,MSN,WI,AGL,CE,Combined TRACON& Tower with Radar,55,25,30,0,110,0,3,96,2,101,55,28,126,2,211,66,0,66,277
11/21/2021,MSN,WI,AGL,CE,Combined TRACON& Tower with Radar,63,24,31,0,118,0,0,51,0,51,63,24,82,0,169,10,4,14,183
11/22/2021,MSN,WI,AGL,CE,Combined TRACON& Tower with Radar,68,26,19,0,113,0,0,40,2,42,68,26,59,2,155,60,0,60,215
11/23/2021,MSN,WI,AGL,CE,Combined TRACON& Tower with Radar,66,25,38,13,142,0,0,76,18,94,66,25,114,31,236,42,4,46,282
11/24/2021,MSN,WI,AGL,CE,Combined TRACON& Tower with Radar,69,29,29,1,128,0,0,20,1,21,69,29,49,2,149,56,0,56,205
11/25/2021,MSN,WI,AGL,CE,Combined TRACON& Tower with Radar,35,8,2,0,45,0,0,0,0,0,35,8,2,0,45,6,0,6,51
11/26/2021,MSN,WI,AGL,CE,Combined TRACON& Tower with Radar,49,21,24,0,94,0,2,85,1,88,49,23,109,1,182,44,0,44,226
11/27/2021,MSN,WI,AGL,CE,Combined TRACON& Tower with Radar,55,29,23,0,107,0,0,54,0,54,55,29,77,0,161,64,0,64,225
11/28/2021,MSN,WI,AGL,CE,Combined TRACON& Tower with Radar,61,30,50,0,141,0,0,43,0,43,61,30,93,0,184,56,0,56,240
11/29/2021,MSN,WI,AGL,CE,Combined TRACON& Tower with Radar,71,26,29,5,131,0,0,33,6,39,71,26,62,11,170,42,0,42,212
11/30/2021,MSN,WI,AGL,CE,Combined TRACON& Tower with Radar,65,29,41,6,141,0,0,51,13,64,65,29,92,19,205,16,0,16,221
12/01/2021,MSN,WI,AGL,CE,Combined TRACON& Tower with Radar,65,20,51,11,147,0,0,35,11,46,65,20,86,22,193,32,0,32,225
12/02/2021,MSN,WI,AGL,CE,Combined TRACON& Tower with Radar,70,20,37,5,132,0,0,33,13,46,70,20,70,18,178,22,0,22,200
12/03/2021,MSN,WI,AGL,CE,Combined TRACON& Tower with Radar,65,35,33,2,135,0,0,10,2,12,65,35,43,4,147,60,0,60,207
12/04/2021,MSN,WI,AGL,CE,Combined TRACON& Tower with Radar,47,12,31,2,92,0,1,75,2,78,47,13,106,4,170,122,0,122,292
12/05/2021,MSN,WI,AGL,CE,Combined TRACON& Tower with Radar,59,22,20,0,101,0,0,1,0,1,59,22,21,0,102,0,0,0,102
12/06/2021,MSN,WI,AGL,CE,Combined TRACON& Tower with Radar,67,28,30,5,130,0,0,2,5,7,67,28,32,10,137,0,0,0,137
12/07/2021,MSN,WI,AGL,CE,Combined TRACON& Tower with Radar,66,25,21,12,124,0,0,21,8,29,66,25,42,20,153,40,8,48,201
12/08/2021,MSN,WI,AGL,CE,Combined TRACON& Tower with Radar,63,34,52,12,161,0,1,58,14,73,63,35,110,26,234,80,0,80,314
12/09/2021,MSN,WI,AGL,CE,Combined TRACON& Tower with Radar,67,33,26,12,138,0,0,15,11,26,67,33,41,23,164,20,0,20,184
12/10/2021,MSN,WI,AGL,CE,Combined TRACON& Tower with Radar,61,32,19,6,118,0,0,16,2,18,61,32,35,8,136,30,0,30,166
12/11/2021,MSN,WI,AGL,CE,Combined TRACON& Tower with Radar,57,9,14,0,80,0,0,15,0,15,57,9,29,0,95,24,0,24,119
12/12/2021,MSN,WI,AGL,CE,Combined TRACON& Tower with Radar,56,21,28,4,109,0,3,63,0,66,56,24,91,4,175,28,0,28,203
12/13/2021,MSN,WI,AGL,CE,Combined TRACON& Tower with Radar,66,32,48,5,151,0,2,74,0,76,66,34,122,5,227,46,0,46,273
12/14/2021,MSN,WI,AGL,CE,Combined TRACON& Tower with Radar,61,28,36,13,138,0,1,51,12,64,61,29,87,25,202,62,0,62,264
12/15/2021,MSN,WI,AGL,CE,Combined TRACON& Tower with Radar,53,16,45,0,114,0,0,1,3,4,53,16,46,3,118,4,0,4,122
12/16/2021,MSN,WI,AGL,CE,Combined TRACON& Tower with Radar,60,49,38,4,151,0,0,5,9,14,60,49,43,13,165,0,0,0,165
12/17/2021,MSN,WI,AGL,CE,Combined TRACON& Tower with Radar,60,44,37,0,141,0,0,78,3,81,60,44,115,3,222,44,0,44,266
12/18/2021,MSN,WI,AGL,CE,Combined TRACON& Tower with Radar,39,30,20,0,89,0,2,19,0,21,39,32,39,0,110,72,0,72,182
12/19/2021,MSN,WI,AGL,CE,Combined TRACON& Tower with Radar,56,25,25,0,106,0,1,28,1,30,56,26,53,1,136,112,0,112,248
12/20/2021,MSN,WI,AGL,CE,Combined TRACON& Tower with Radar,63,23,40,9,135,0,0,49,3,52,63,23,89,12,187,40,0,40,227
12/21/2021,MSN,WI,AGL,CE,Combined TRACON& Tower with Radar,61,35,31,13,140,0,2,27,14,43,61,37,58,27,183,4,2,6,189
12/22/2021,MSN,WI,AGL,CE,Combined TRACON& Tower with Radar,59,36,36,15,146,0,4,86,11,101,59,40,122,26,247,66,0,66,313
12/23/2021,MSN,WI,AGL,CE,Combined TRACON& Tower with Radar,61,26,27,3,117,1,0,70,7,78,62,26,97,10,195,42,0,42,237
12/24/2021,MSN,WI,AGL,CE,Combined TRACON& Tower with Radar,48,12,16,0,76,0,0,0,0,0,48,12,16,0,76,0,0,0,76
12/25/2021,MSN,WI,AGL,CE,Combined TRACON& Tower with Radar,42,11,7,0,60,0,2,21,0,23,42,13,28,0,83,24,0,24,107
12/26/2021,MSN,WI,AGL,CE,Combined TRACON& Tower with Radar,49,28,23,0,100,0,0,34,0,34,49,28,57,0,134,22,0,22,156
12/27/2021,MSN,WI,AGL,CE,Combined TRACON& Tower with Radar,51,22,26,4,103,0,2,10,2,14,51,24,36,6,117,8,6,14,131
12/28/2021,MSN,WI,AGL,CE,Combined TRACON& Tower with Radar,58,30,8,8,104,0,0,9,2,11,58,30,17,10,115,26,6,32,147
12/29/2021,MSN,WI,AGL,CE,Combined TRACON& Tower with Radar,52,30,37,8,127,0,2,43,3,48,52,32,80,11,175,30,0,30,205
12/30/2021,MSN,WI,AGL,CE,Combined TRACON& Tower with Radar,53,27,22,2,104,0,0,6,0,6,53,27,28,2,110,8,0,8,118
12/31/2021,MSN,WI,AGL,CE,Combined TRACON& Tower with Radar,50,12,4,0,66,0,0,0,0,0,50,12,4,0,66,14,0,14,80
01/01/2022,MSN,WI,AGL,CE,Combined TRACON& Tower with Radar,34,6,14,0,54,0,0,2,0,2,34,6,16,0,56,0,0,0,56
01/02/2022,MSN,WI,AGL,CE,Combined TRACON& Tower with Radar,52,29,35,5,121,0,0,48,0,48,52,29,83,5,169,20,0,20,189
01/03/2022,MSN,WI,AGL,CE,Combined TRACON& Tower with Radar,57,30,28,9,124,0,0,72,8,80,57,30,100,17,204,16,0,16,220
01/04/2022,MSN,WI,AGL,CE,Combined TRACON& Tower with Radar,50,26,28,8,112,0,0,35,13,48,50,26,63,21,160,14,0,14,174
01/05/2022,MSN,WI,AGL,CE,Combined TRACON& Tower with Radar,62,12,27,2,103,0,0,2,6,8,62,12,29,8,111,20,0,20,131
01/06/2022,MSN,WI,AGL,CE,Combined TRACON& Tower with Radar,60,13,19,8,100,0,0,5,7,12,60,13,24,15,112,6,2,8,120
01/07/2022,MSN,WI,AGL,CE,Combined TRACON& Tower with Radar,58,19,29,7,113,0,0,30,1,31,58,19,59,8,144,6,0,6,150
01/08/2022,MSN,WI,AGL,CE,Combined TRACON& Tower with Radar,40,11,3,3,57,0,0,4,0,4,40,11,7,3,61,44,0,44,105
01/09/2022,MSN,WI,AGL,CE,Combined TRACON& Tower with Radar,59,17,22,2,100,0,0,48,0,48,59,17,70,2,148,40,0,40,188
01/10/2022,MSN,WI,AGL,CE,Combined TRACON& Tower with Radar,60,21,32,6,119,0,0,17,7,24,60,21,49,13,143,12,2,14,157
01/11/2022,MSN,WI,AGL,CE,Combined TRACON& Tower with Radar,62,23,32,6,123,0,0,16,8,24,62,23,48,14,147,20,0,20,167
01/12/2022,MSN,WI,AGL,CE,Combined TRACON& Tower with Radar,63,18,32,13,126,0,1,57,14,72,63,19,89,27,198,106,0,106,304
01/13/2022,MSN,WI,AGL,CE,Combined TRACON& Tower with Radar,74,23,33,17,147,0,0,33,8,41,74,23,66,25,188,92,0,92,280
01/14/2022,MSN,WI,AGL,CE,Combined TRACON& Tower with Radar,66,19,20,0,105,0,0,4,0,4,66,19,24,0,109,22,0,22,131
01/15/2022,MSN,WI,AGL,CE,Combined TRACON& Tower with Radar,40,18,8,0,66,0,0,39,0,39,40,18,47,0,105,54,0,54,159
01/16/2022,MSN,WI,AGL,CE,Combined TRACON& Tower with Radar,41,12,18,0,71,0,0,6,0,6,41,12,24,0,77,16,0,16,93
01/17/2022,MSN,WI,AGL,CE,Combined TRACON& Tower with Radar,60,26,41,0,127,0,1,45,0,46,60,27,86,0,173,100,0,100,273
01/18/2022,MSN,WI,AGL,CE,Combined TRACON& Tower with Radar,59,27,22,12,120,0,0,28,5,33,59,27,50,17,153,112,6,118,271
01/19/2022,MSN,WI,AGL,CE,Combined TRACON& Tower with Radar,58,23,16,11,108,0,0,20,22,42,58,23,36,33,150,24,4,28,178
01/20/2022,MSN,WI,AGL,CE,Combined TRACON& Tower with Radar,76,37,39,8,160,0,0,51,12,63,76,37,90,20,223,8,0,8,231
01/21/2022,MSN,WI,AGL,CE,Combined TRACON& Tower with Radar,67,32,55,3,157,0,1,49,7,57,67,33,104,10,214,36,0,36,250
01/22/2022,MSN,WI,AGL,CE,Combined TRACON& Tower with Radar,39,24,11,0,74,0,0,23,0,23,39,24,34,0,97,24,0,24,121
01/23/2022,MSN,WI,AGL,CE,Combined TRACON& Tower with Radar,61,27,17,0,105,0,0,42,0,42,61,27,59,0,147,36,0,36,183
01/24/2022,MSN,WI,AGL,CE,Combined TRACON& Tower with Radar,69,24,24,8,125,0,0,4,2,6,69,24,28,10,131,14,16,30,161
01/25/2022,MSN,WI,AGL,CE,Combined TRACON& Tower with Radar,60,16,19,10,105,0,0,24,13,37,60,16,43,23,142,20,2,22,164
01/26/2022,MSN,WI,AGL,CE,Combined TRACON& Tower with Radar,60,14,36,9,119,0,2,22,12,36,60,16,58,21,155,18,0,18,173
01/27/2022,MSN,WI,AGL,CE,Combined TRACON& Tower with Radar,76,22,19,12,129,0,2,26,14,42,76,24,45,26,171,74,2,76,247
01/28/2022,MSN,WI,AGL,CE,Combined TRACON& Tower with Radar,69,17,25,0,111,0,0,64,2,66,69,17,89,2,177,62,0,62,239
01/29/2022,MSN,WI,AGL,CE,Combined TRACON& Tower with Radar,42,15,21,1,79,0,3,57,0,60,42,18,78,1,139,38,0,38,177
01/30/2022,MSN,WI,AGL,CE,Combined TRACON& Tower with Radar,66,14,26,1,107,0,0,68,0,68,66,14,94,1,175,82,0,82,257
01/31/2022,MSN,WI,AGL,CE,Combined TRACON& Tower with Radar,71,16,32,1,120,0,0,31,2,33,71,16,63,3,153,34,0,34,187
02/01/2022,MSN,WI,AGL,CE,Combined TRACON& Tower with Radar,60,17,24,8,109,0,1,42,12,55,60,18,66,20,164,80,0,80,244
02/02/2022,MSN,WI,AGL,CE,Combined TRACON& Tower with Radar,58,11,17,9,95,0,0,39,12,51,58,11,56,21,146,18,0,18,164
02/03/2022,MSN,WI,AGL,CE,Combined TRACON& Tower with Radar,60,17,23,12,112,0,2,36,7,45,60,19,59,19,157,60,4,64,221
02/04/2022,MSN,WI,AGL,CE,Combined TRACON& Tower with Radar,56,22,25,8,111,0,0,28,4,32,56,22,53,12,143,30,0,30,173
02/05/2022,MSN,WI,AGL,CE,Combined TRACON& Tower with Radar,43,8,29,5,85,0,0,66,8,74,43,8,95,13,159,50,0,50,209
02/06/2022,MSN,WI,AGL,CE,Combined TRACON& Tower with Radar,63,19,30,1,113,0,0,75,0,75,63,19,105,1,188,72,0,72,260
02/07/2022,MSN,WI,AGL,CE,Combined TRACON& Tower with Radar,62,31,27,4,124,0,0,44,4,48,62,31,71,8,172,46,0,46,218
02/08/2022,MSN,WI,AGL,CE,Combined TRACON& Tower with Radar,63,23,21,8,115,0,0,49,6,55,63,23,70,14,170,44,0,44,214
02/09/2022,MSN,WI,AGL,CE,Combined TRACON& Tower with Radar,58,24,24,10,116,0,0,7,13,20,58,24,31,23,136,6,0,6,142
02/10/2022,MSN,WI,AGL,CE,Combined TRACON& Tower with Radar,65,16,41,1,123,0,0,29,2,31,65,16,70,3,154,66,0,66,220
02/11/2022,MSN,WI,AGL,CE,Combined TRACON& Tower with Radar,65,17,22,4,108,0,0,6,0,6,65,17,28,4,114,0,0,0,114
02/12/2022,MSN,WI,AGL,CE,Combined TRACON& Tower with Radar,43,11,25,2,81,0,2,47,0,49,43,13,72,2,130,58,0,58,188
02/13/2022,MSN,WI,AGL,CE,Combined TRACON& Tower with Radar,52,26,22,0,100,0,2,43,0,45,52,28,65,0,145,18,0,18,163
02/14/2022,MSN,WI,AGL,CE,Combined TRACON& Tower with Radar,68,21,19,3,111,0,0,27,1,28,68,21,46,4,139,80,0,80,219
02/15/2022,MSN,WI,AGL,CE,Combined TRACON& Tower with Radar,63,16,24,10,113,0,0,12,9,21,63,16,36,19,134,14,0,14,148
02/16/2022,MSN,WI,AGL,CE,Combined TRACON& Tower with Radar,63,12,31,12,118,0,0,3,8,11,63,12,34,20,129,0,0,0,129
02/17/2022,MSN,WI,AGL,CE,Combined TRACON& Tower with Radar,75,33,18,7,133,0,0,30,12,42,75,33,48,19,175,20,0,20,195
02/18/2022,MSN,WI,AGL,CE,Combined TRACON& Tower with Radar,57,18,35,3,113,0,0,18,2,20,57,18,53,5,133,16,0,16,149
02/19/2022,MSN,WI,AGL,CE,Combined TRACON& Tower with Radar,49,21,27,2,99,0,0,76,1,77,49,21,103,3,176,58,0,58,234
02/20/2022,MSN,WI,AGL,CE,Combined TRACON& Tower with Radar,55,18,23,0,96,0,3,18,0,21,55,21,41,0,117,20,0,20,137
02/21/2022,MSN,WI,AGL,CE,Combined TRACON& Tower with Radar,61,18,38,1,118,0,0,0,0,0,61,18,38,1,118,0,0,0,118
02/22/2022,MSN,WI,AGL,CE,Combined TRACON& Tower with Radar,63,11,8,0,82,0,0,0,0,0,63,11,8,0,82,4,0,4,86
02/23/2022,MSN,WI,AGL,CE,Combined TRACON& Tower with Radar,56,22,33,16,127,0,0,52,16,68,56,22,85,32,195,60,0,60,255
02/24/2022,MSN,WI,AGL,CE,Combined TRACON& Tower with Radar,62,29,12,0,103,0,0,0,6,6,62,29,12,6,109,0,0,0,109
02/25/2022,MSN,WI,AGL,CE,Combined TRACON& Tower with Radar,66,20,35,6,127,0,2,22,2,26,66,22,57,8,153,72,0,72,225
02/26/2022,MSN,WI,AGL,CE,Combined TRACON& Tower with Radar,42,26,49,1,118,0,0,74,2,76,42,26,123,3,194,28,0,28,222
02/27/2022,MSN,WI,AGL,CE,Combined TRACON& Tower with Radar,59,21,41,1,122,0,4,91,1,96,59,25,132,2,218,106,0,106,324
02/28/2022,MSN,WI,AGL,CE,Combined TRACON& Tower with Radar,65,27,39,0,131,0,4,54,6,64,65,31,93,6,195,36,0,36,231
03/01/2022,MSN,WI,AGL,CE,Combined TRACON& Tower with Radar,60,17,36,11,124,0,0,70,12,82,60,17,106,23,206,90,0,90,296
03/02/2022,MSN,WI,AGL,CE,Combined TRACON& Tower with Radar,61,18,37,11,127,0,1,22,12,35,61,19,59,23,162,92,0,92,254
03/03/2022,MSN,WI,AGL,CE,Combined TRACON& Tower with Radar,68,27,34,10,139,0,3,54,7,64,68,30,88,17,203,46,0,46,249
03/04/2022,MSN,WI,AGL,CE,Combined TRACON& Tower with Radar,65,31,43,13,152,0,3,77,1,81,65,34,120,14,233,32,2,34,267
03/05/2022,MSN,WI,AGL,CE,Combined TRACON& Tower with Radar,48,22,6,1,77,0,0,4,3,7,48,22,10,4,84,24,0,24,108
03/06/2022,MSN,WI,AGL,CE,Combined TRACON& Tower with Radar,54,23,20,2,99,0,0,15,0,15,54,23,35,2,114,8,0,8,122
03/07/2022,MSN,WI,AGL,CE,Combined TRACON& Tower with Radar,70,17,24,0,111,0,0,13,0,13,70,17,37,0,124,20,0,20,144
03/08/2022,MSN,WI,AGL,CE,Combined TRACON& Tower with Radar,66,12,43,14,135,0,1,63,11,75,66,13,106,25,210,66,2,68,278
03/09/2022,MSN,WI,AGL,CE,Combined TRACON& Tower with Radar,63,27,51,11,152,0,1,52,11,64,63,28,103,22,216,32,0,32,248
03/10/2022,MSN,WI,AGL,CE,Combined TRACON& Tower with Radar,70,21,54,16,161,0,1,41,11,53,70,22,95,27,214,38,0,38,252
03/11/2022,MSN,WI,AGL,CE,Combined TRACON& Tower with Radar,69,17,36,2,124,0,0,34,0,34,69,17,70,2,158,28,0,28,186
03/12/2022,MSN,WI,AGL,CE,Combined TRACON& Tower with Radar,50,17,28,0,95,0,2,38,0,40,50,19,66,0,135,64,0,64,199
03/13/2022,MSN,WI,AGL,CE,Combined TRACON& Tower with Radar,57,16,19,2,94,0,2,63,0,65,57,18,82,2,159,30,0,30,189
03/14/2022,MSN,WI,AGL,CE,Combined TRACON& Tower with Radar,67,17,25,8,117,0,3,41,1,45,67,20,66,9,162,42,0,42,204
03/15/2022,MSN,WI,AGL,CE,Combined TRACON& Tower with Radar,64,14,24,11,113,0,0,45,20,65,64,14,69,31,178,44,2,46,224
03/16/2022,MSN,WI,AGL,CE,Combined TRACON& Tower with Radar,66,15,38,9,128,0,0,43,14,57,66,15,81,23,185,38,0,38,223
03/17/2022,MSN,WI,AGL,CE,Combined TRACON& Tower with Radar,66,19,18,11,114,0,0,14,10,24,66,19,32,21,138,16,0,16,154
03/18/2022,MSN,WI,AGL,CE,Combined TRACON& Tower with Radar,65,20,27,2,114,0,0,0,0,0,65,20,27,2,114,0,0,0,114
03/19/2022,MSN,WI,AGL,CE,Combined TRACON& Tower with Radar,52,11,17,0,80,0,0,6,0,6,52,11,23,0,86,22,0,22,108
03/20/2022,MSN,WI,AGL,CE,Combined TRACON& Tower with Radar,60,25,33,1,119,0,2,110,1,113,60,27,143,2,232,72,0,72,304
03/21/2022,MSN,WI,AGL,CE,Combined TRACON& Tower with Radar,67,10,29,8,114,0,4,40,5,49,67,14,69,13,163,96,0,96,259
03/22/2022,MSN,WI,AGL,CE,Combined TRACON& Tower with Radar,64,12,17,11,104,0,0,3,0,3,64,12,20,11,107,4,2,6,113
03/23/2022,MSN,WI,AGL,CE,Combined TRACON& Tower with Radar,69,18,29,0,116,0,0,0,0,0,69,18,29,0,116,0,0,0,116
03/24/2022,MSN,WI,AGL,CE,Combined TRACON& Tower with Radar,67,25,22,0,114,0,0,0,0,0,67,25,22,0,114,0,2,2,116
03/25/2022,MSN,WI,AGL,CE,Combined TRACON& Tower with Radar,70,17,16,0,103,0,0,3,0,3,70,17,19,0,106,0,0,0,106
03/26/2022,MSN,WI,AGL,CE,Combined TRACON& Tower with Radar,50,22,23,4,99,0,0,16,0,16,50,22,39,4,115,68,0,68,183
03/27/2022,MSN,WI,AGL,CE,Combined TRACON& Tower with Radar,60,34,28,0,122,0,2,72,0,74,60,36,100,0,196,96,0,96,292
03/28/2022,MSN,WI,AGL,CE,Combined TRACON& Tower with Radar,64,26,46,0,136,0,0,82,3,85,64,26,128,3,221,116,0,116,337
03/29/2022,MSN,WI,AGL,CE,Combined TRACON& Tower with Radar,61,24,25,12,122,0,0,16,3,19,61,24,41,15,141,0,0,0,141
03/30/2022,MSN,WI,AGL,CE,Combined TRACON& Tower with Radar,64,20,46,5,135,0,0,4,1,5,64,20,50,6,140,4,0,4,144
03/31/2022,MSN,WI,AGL,CE,Combined TRACON& Tower with Radar,67,28,24,11,130,0,0,2,7,9,67,28,26,18,139,12,20,32,171
04/01/2022,MSN,WI,AGL,CE,Combined TRACON& Tower with Radar,64,23,46,15,148,0,3,123,3,129,64,26,169,18,277,56,0,56,333
04/02/2022,MSN,WI,AGL,CE,Combined TRACON& Tower with Radar,49,22,28,0,99,0,0,0,0,0,49,22,28,0,99,0,0,0,99
04/03/2022,MSN,WI,AGL,CE,Combined TRACON& Tower with Radar,56,31,34,0,121,0,1,93,0,94,56,32,127,0,215,78,0,78,293
04/04/2022,MSN,WI,AGL,CE,Combined TRACON& Tower with Radar,69,19,29,8,125,0,1,3,0,4,69,20,32,8,129,24,0,24,153
04/05/2022,MSN,WI,AGL,CE,Combined TRACON& Tower with Radar,55,21,34,9,119,0,0,18,3,21,55,21,52,12,140,22,0,22,162
04/06/2022,MSN,WI,AGL,CE,Combined TRACON& Tower with Radar,59,19,31,3,112,0,0,16,9,25,59,19,47,12,137,4,0,4,141
04/07/2022,MSN,WI,AGL,CE,Combined TRACON& Tower with Radar,59,30,24,12,125,0,0,0,1,1,59,30,24,13,126,0,0,0,126
04/08/2022,MSN,WI,AGL,CE,Combined TRACON& Tower with Radar,60,26,41,1,128,0,0,2,0,2,60,26,43,1,130,4,0,4,134
04/09/2022,MSN,WI,AGL,CE,Combined TRACON& Tower with Radar,42,24,22,1,89,0,0,111,5,116,42,24,133,6,205,22,0,22,227
04/10/2022,MSN,WI,AGL,CE,Combined TRACON& Tower with Radar,54,22,28,3,107,0,0,44,2,46,54,22,72,5,153,0,0,0,153
04/11/2022,MSN,WI,AGL,CE,Combined TRACON& Tower with Radar,60,30,43,17,150,0,4,48,5,57,60,34,91,22,207,62,6,68,275
04/12/2022,MSN,WI,AGL,CE,Combined TRACON& Tower with Radar,56,25,24,12,117,0,0,35,9,44,56,25,59,21,161,24,0,24,185
04/13/2022,MSN,WI,AGL,CE,Combined TRACON& Tower with Radar,53,23,32,12,120,0,0,1,5,6,53,23,33,17,126,0,0,0,126
04/14/2022,MSN,WI,AGL,CE,Combined TRACON& Tower with Radar,61,29,23,9,122,0,0,11,15,26,61,29,34,24,148,0,0,0,148
04/15/2022,MSN,WI,AGL,CE,Combined TRACON& Tower with Radar,57,29,30,0,116,0,0,26,10,36,57,29,56,10,152,6,0,6,158
04/16/2022,MSN,WI,AGL,CE,Combined TRACON& Tower with Radar,39,18,26,0,83,0,0,61,2,63,39,18,87,2,146,70,0,70,216
04/17/2022,MSN,WI,AGL,CE,Combined TRACON& Tower with Radar,53,21,15,0,89,0,0,57,0,57,53,21,72,0,146,12,0,12,158
04/18/2022,MSN,WI,AGL,CE,Combined TRACON& Tower with Radar,57,36,39,4,136,0,0,0,0,0,57,36,39,4,136,0,0,0,136
04/19/2022,MSN,WI,AGL,CE,Combined TRACON& Tower with Radar,56,27,48,12,143,0,4,107,16,127,56,31,155,28,270,64,0,64,334
04/20/2022,MSN,WI,AGL,CE,Combined TRACON& Tower with Radar,54,21,32,10,117,0,1,19,2,22,54,22,51,12,139,6,0,6,145
04/21/2022,MSN,WI,AGL,CE,Combined TRACON& Tower with Radar,69,25,48,11,153,0,1,62,11,74,69,26,110,22,227,36,0,36,263
04/22/2022,MSN,WI,AGL,CE,Combined TRACON& Tower with Radar,56,34,31,2,123,0,0,2,0,2,56,34,33,2,125,0,0,0,125
04/23/2022,MSN,WI,AGL,CE,Combined TRACON& Tower with Radar,43,19,18,2,82,0,1,24,0,25,43,20,42,2,107,28,0,28,135
04/24/2022,MSN,WI,AGL,CE,Combined TRACON& Tower with Radar,49,22,28,0,99,0,0,18,0,18,49,22,46,0,117,0,0,0,117
04/25/2022,MSN,WI,AGL,CE,Combined TRACON& Tower with Radar,61,17,30,10,118,0,0,37,2,39,61,17,67,12,157,56,0,56,213
04/26/2022,MSN,WI,AGL,CE,Combined TRACON& Tower with Radar,54,30,35,13,132,0,0,49,16,65,54,30,84,29,197,66,0,66,263
04/27/2022,MSN,WI,AGL,CE,Combined TRACON& Tower with Radar,54,26,54,11,145,0,0,61,14,75,54,26,115,25,220,40,0,40,260
04/28/2022,MSN,WI,AGL,CE,Combined TRACON& Tower with Radar,62,27,29,11,129,0,0,41,8,49,62,27,70,19,178,56,0,56,234
04/29/2022,MSN,WI,AGL,CE,Combined TRACON& Tower with Radar,55,22,43,0,120,0,0,54,3,57,55,22,97,3,177,6,0,6,183
04/30/2022,MSN,WI,AGL,CE,Combined TRACON& Tower with Radar,48,22,12,0,82,0,0,0,0,0,48,22,12,0,82,0,0,0,82
05/01/2022,MSN,WI,AGL,CE,Combined TRACON& Tower with Radar,51,24,36,0,111,0,0,2,0,2,51,24,38,0,113,2,0,2,115
05/02/2022,MSN,WI,AGL,CE,Combined TRACON& Tower with Radar,57,20,38,17,132,0,1,20,3,24,57,21,58,20,156,42,2,44,200
05/03/2022,MSN,WI,AGL,CE,Combined TRACON& Tower with Radar,57,25,20,6,108,0,0,3,8,11,57,25,23,14,119,6,0,6,125
05/04/2022,MSN,WI,AGL,CE,Combined TRACON& Tower with Radar,54,35,63,10,162,0,2,111,10,123,54,37,174,20,285,54,2,56,341
05/05/2022,MSN,WI,AGL,CE,Combined TRACON& Tower with Radar,59,26,43,18,146,0,0,40,8,48,59,26,83,26,194,66,0,66,260
05/06/2022,MSN,WI,AGL,CE,Combined TRACON& Tower with Radar,59,34,42,17,152,0,2,41,3,46,59,36,83,20,198,40,2,42,240
05/07/2022,MSN,WI,AGL,CE,Combined TRACON& Tower with Radar,52,13,20,3,88,0,1,130,1,132,52,14,150,4,220,58,0,58,278
05/08/2022,MSN,WI,AGL,CE,Combined TRACON& Tower with Radar,52,21,24,10,107,0,0,44,0,44,52,21,68,10,151,86,0,86,237
05/09/2022,MSN,WI,AGL,CE,Combined TRACON& Tower with Radar,67,22,12,9,110,0,0,5,7,12,67,22,17,16,122,0,0,0,122
05/10/2022,MSN,WI,AGL,CE,Combined TRACON& Tower with Radar,61,27,49,4,141,0,3,39,6,48,61,30,88,10,189,54,0,54,243
05/11/2022,MSN,WI,AGL,CE,Combined TRACON& Tower with Radar,67,22,41,1,131,0,0,27,9,36,67,22,68,10,167,48,0,48,215
05/12/2022,MSN,WI,AGL,CE,Combined TRACON& Tower with Radar,61,25,66,5,157,0,3,65,10,78,61,28,131,15,235,50,0,50,285
05/13/2022,MSN,WI,AGL,CE,Combined TRACON& Tower with Radar,60,30,39,3,132,0,0,58,3,61,60,30,97,6,193,62,0,62,255
05/14/2022,MSN,WI,AGL,CE,Combined TRACON& Tower with Radar,55,27,42,1,125,0,0,93,9,102,55,27,135,10,227,44,0,44,271
05/15/2022,MSN,WI,AGL,CE,Combined TRACON& Tower with Radar,49,30,49,2,130,0,0,102,1,103,49,30,151,3,233,42,0,42,275
05/16/2022,MSN,WI,AGL,CE,Combined TRACON& Tower with Radar,61,20,37,4,122,0,3,48,4,55,61,23,85,8,177,16,0,16,193
05/17/2022,MSN,WI,AGL,CE,Combined TRACON& Tower with Radar,58,30,63,3,154,0,0,83,12,95,58,30,146,15,249,80,0,80,329
05/18/2022,MSN,WI,AGL,CE,Combined TRACON& Tower with Radar,59,28,60,19,166,0,0,11,5,16,59,28,71,24,182,10,0,10,192
05/19/2022,MSN,WI,AGL,CE,Combined TRACON& Tower with Radar,61,23,47,15,146,0,0,33,12,45,61,23,80,27,191,68,0,68,259
05/20/2022,MSN,WI,AGL,CE,Combined TRACON& Tower with Radar,55,27,59,3,144,0,3,18,0,21,55,30,77,3,165,22,0,22,187
05/21/2022,MSN,WI,AGL,CE,Combined TRACON& Tower with Radar,46,13,29,0,88,0,1,79,0,80,46,14,108,0,168,66,0,66,234
05/22/2022,MSN,WI,AGL,CE,Combined TRACON& Tower with Radar,50,22,39,0,111,0,0,85,2,87,50,22,124,2,198,90,0,90,288
05/23/2022,MSN,WI,AGL,CE,Combined TRACON& Tower with Radar,54,18,35,4,111,0,2,82,4,88,54,20,117,8,199,32,0,32,231
05/24/2022,MSN,WI,AGL,CE,Combined TRACON& Tower with Radar,55,22,40,11,128,0,0,57,10,67,55,22,97,21,195,86,0,86,281
05/25/2022,MSN,WI,AGL,CE,Combined TRACON& Tower with Radar,60,26,30,1,117,0,0,0,0,0,60,26,30,1,117,0,0,0,117
05/26/2022,MSN,WI,AGL,CE,Combined TRACON& Tower with Radar,58,21,55,5,139,0,0,3,0,3,58,21,58,5,142,18,6,24,166
05/27/2022,MSN,WI,AGL,CE,Combined TRACON& Tower with Radar,57,12,56,0,125,0,0,43,2,45,57,12,99,2,170,16,0,16,186
05/28/2022,MSN,WI,AGL,CE,Combined TRACON& Tower with Radar,53,17,36,0,106,0,1,68,0,69,53,18,104,0,175,64,0,64,239
05/29/2022,MSN,WI,AGL,CE,Combined TRACON& Tower with Radar,49,20,20,0,89,0,0,38,0,38,49,20,58,0,127,50,0,50,177
05/30/2022,MSN,WI,AGL,CE,Combined TRACON& Tower with Radar,67,14,25,0,106,0,0,21,0,21,67,14,46,0,127,6,0,6,133
05/31/2022,MSN,WI,AGL,CE,Combined TRACON& Tower with Radar,60,19,27,6,112,0,0,10,8,18,60,19,37,14,130,12,0,12,142
06/01/2022,MSN,WI,AGL,CE,Combined TRACON& Tower with Radar,57,24,50,10,141,0,0,78,12,90,57,24,128,22,231,50,0,50,281
06/02/2022,MSN,WI,AGL,CE,Combined TRACON& Tower with Radar,49,18,51,10,128,0,0,60,6,66,49,18,111,16,194,52,0,52,246
06/03/2022,MSN,WI,AGL,CE,Combined TRACON& Tower with Radar,51,24,46,8,129,0,2,79,0,81,51,26,125,8,210,36,4,40,250
06/04/2022,MSN,WI,AGL,CE,Combined TRACON& Tower with Radar,52,19,29,3,103,0,4,28,0,32,52,23,57,3,135,64,0,64,199
06/05/2022,MSN,WI,AGL,CE,Combined TRACON& Tower with Radar,50,27,24,0,101,0,0,41,2,43,50,27,65,2,144,66,0,66,210
06/06/2022,MSN,WI,AGL,CE,Combined TRACON& Tower with Radar,55,15,54,3,127,0,0,4,0,4,55,15,58,3,131,0,0,0,131
06/07/2022,MSN,WI,AGL,CE,Combined TRACON& Tower with Radar,51,29,58,4,142,0,0,65,2,67,51,29,123,6,209,58,0,58,267
06/08/2022,MSN,WI,AGL,CE,Combined TRACON& Tower with Radar,59,33,48,2,142,0,0,2,2,4,59,33,50,4,146,6,4,10,156
06/09/2022,MSN,WI,AGL,CE,Combined TRACON& Tower with Radar,56,29,48,4,137,0,2,88,5,95,56,31,136,9,232,42,0,42,274
06/10/2022,MSN,WI,AGL,CE,Combined TRACON& Tower with Radar,52,26,27,5,110,0,0,54,2,56,52,26,81,7,166,22,0,22,188
06/11/2022,MSN,WI,AGL,CE,Combined TRACON& Tower with Radar,44,32,40,2,118,0,0,7,0,7,44,32,47,2,125,26,0,26,151
06/12/2022,MSN,WI,AGL,CE,Combined TRACON& Tower with Radar,48,35,28,0,111,0,1,35,2,38,48,36,63,2,149,38,0,38,187
06/13/2022,MSN,WI,AGL,CE,Combined TRACON& Tower with Radar,64,27,25,4,120,0,0,10,0,10,64,27,35,4,130,2,0,2,132
06/14/2022,MSN,WI,AGL,CE,Combined TRACON& Tower with Radar,53,30,32,1,116,0,0,54,0,54,53,30,86,1,170,30,0,30,200
06/15/2022,MSN,WI,AGL,CE,Combined TRACON& Tower with Radar,51,37,33,1,122,0,0,39,0,39,51,37,72,1,161,16,0,16,177
06/16/2022,MSN,WI,AGL,CE,Combined TRACON& Tower with Radar,44,30,56,0,130,0,0,27,1,28,44,30,83,1,158,8,0,8,166
06/17/2022,MSN,WI,AGL,CE,Combined TRACON& Tower with Radar,47,27,26,3,103,0,1,73,2,76,47,28,99,5,179,40,0,40,219
06/18/2022,MSN,WI,AGL,CE,Combined TRACON& Tower with Radar,45,14,27,1,87,0,2,89,0,91,45,16,116,1,178,94,0,94,272
06/19/2022,MSN,WI,AGL,CE,Combined TRACON& Tower with Radar,45,15,14,1,75,0,1,81,0,82,45,16,95,1,157,34,0,34,191
06/20/2022,MSN,WI,AGL,CE,Combined TRACON& Tower with Radar,57,27,47,0,131,0,0,81,0,81,57,27,128,0,212,26,0,26,238
06/21/2022,MSN,WI,AGL,CE,Combined TRACON& Tower with Radar,54,20,28,4,106,0,0,31,8,39,54,20,59,12,145,0,0,0,145
06/22/2022,MSN,WI,AGL,CE,Combined TRACON& Tower with Radar,49,30,55,8,142,0,2,77,15,94,49,32,132,23,236,32,0,32,268
06/23/2022,MSN,WI,AGL,CE,Combined TRACON& Tower with Radar,48,32,47,11,138,0,0,81,17,98,48,32,128,28,236,42,0,42,278
06/24/2022,MSN,WI,AGL,CE,Combined TRACON& Tower with Radar,50,28,38,2,118,0,0,70,0,70,50,28,108,2,188,6,0,6,194
06/25/2022,MSN,WI,AGL,CE,Combined TRACON& Tower with Radar,48,17,20,0,85,0,0,1,0,1,48,17,21,0,86,0,0,0,86
06/26/2022,MSN,WI,AGL,CE,Combined TRACON& Tower with Radar,46,26,36,0,108,0,3,45,0,48,46,29,81,0,156,8,0,8,164
06/27/2022,MSN,WI,AGL,CE,Combined TRACON& Tower with Radar,52,31,39,9,131,0,2,62,2,66,52,33,101,11,197,24,0,24,221
06/28/2022,MSN,WI,AGL,CE,Combined TRACON& Tower with Radar,54,27,43,5,129,0,3,65,4,72,54,30,108,9,201,40,0,40,241
06/29/2022,MSN,WI,AGL,CE,Combined TRACON& Tower with Radar,58,31,56,13,158,0,0,83,12,95,58,31,139,25,253,44,2,46,299
06/30/2022,MSN,WI,AGL,CE,Combined TRACON& Tower with Radar,55,33,38,7,133,0,2,35,11,48,55,35,73,18,181,18,0,18,199
07/01/2022,MSN,WI,AGL,CE,Combined TRACON& Tower with Radar,53,25,36,3,117,0,2,84,0,86,53,27,120,3,203,66,0,66,269
07/02/2022,MSN,WI,AGL,CE,Combined TRACON& Tower with Radar,45,18,19,0,82,0,1,64,1,66,45,19,83,1,148,20,0,20,168
07/03/2022,MSN,WI,AGL,CE,Combined TRACON& Tower with Radar,49,18,20,0,87,0,0,97,0,97,49,18,117,0,184,38,0,38,222
07/04/2022,MSN,WI,AGL,CE,Combined TRACON& Tower with Radar,50,14,3,4,71,0,1,10,2,13,50,15,13,6,84,32,0,32,116
07/05/2022,MSN,WI,AGL,CE,Combined TRACON& Tower with Radar,52,25,27,13,117,0,0,11,0,11,52,25,38,13,128,30,0,30,158
07/06/2022,MSN,WI,AGL,CE,Combined TRACON& Tower with Radar,57,25,53,17,152,0,0,17,10,27,57,25,70,27,179,84,0,84,263
07/07/2022,MSN,WI,AGL,CE,Combined TRACON& Tower with Radar,51,24,38,9,122,0,0,41,4,45,51,24,79,13,167,106,0,106,273
07/08/2022,MSN,WI,AGL,CE,Combined TRACON& Tower with Radar,50,29,26,14,119,0,1,21,0,22,50,30,47,14,141,56,0,56,197
07/09/2022,MSN,WI,AGL,CE,Combined TRACON& Tower with Radar,44,21,36,4,105,0,0,126,9,135,44,21,162,13,240,88,0,88,328
07/10/2022,MSN,WI,AGL,CE,Combined TRACON& Tower with Radar,47,20,26,1,94,0,0,79,2,81,47,20,105,3,175,9,0,9,184
07/11/2022,MSN,WI,AGL,CE,Combined TRACON& Tower with Radar,60,28,40,7,135,0,1,46,0,47,60,29,86,7,182,30,0,30,212
07/12/2022,MSN,WI,AGL,CE,Combined TRACON& Tower with Radar,63,33,30,8,134,0,0,68,13,81,63,33,98,21,215,26,4,30,245
07/13/2022,MSN,WI,AGL,CE,Combined TRACON& Tower with Radar,60,32,52,25,169,0,0,90,13,103,60,32,142,38,272,38,14,52,324
07/14/2022,MSN,WI,AGL,CE,Combined TRACON& Tower with Radar,54,29,49,17,149,0,0,99,12,111,54,29,148,29,260,76,2,78,338
07/15/2022,MSN,WI,AGL,CE,Combined TRACON& Tower with Radar,56,18,36,39,149,0,0,2,1,3,56,18,38,40,152,0,38,38,190
07/16/2022,MSN,WI,AGL,CE,Combined TRACON& Tower with Radar,45,19,17,8,89,0,0,24,0,24,45,19,41,8,113,46,0,46,159
07/17/2022,MSN,WI,AGL,CE,Combined TRACON& Tower with Radar,51,22,34,0,107,0,2,82,0,84,51,24,116,0,191,128,0,128,319
07/18/2022,MSN,WI,AGL,CE,Combined TRACON& Tower with Radar,52,34,36,10,132,0,0,95,0,95,52,34,131,10,227,90,0,90,317
07/19/2022,MSN,WI,AGL,CE,Combined TRACON& Tower with Radar,55,28,39,15,137,0,2,61,9,72,55,30,100,24,209,72,0,72,281
07/20/2022,MSN,WI,AGL,CE,Combined TRACON& Tower with Radar,64,22,66,11,163,0,0,54,7,61,64,22,120,18,224,14,0,14,238
07/21/2022,MSN,WI,AGL,CE,Combined TRACON& Tower with Radar,48,33,62,13,156,0,2,111,8,121,48,35,173,21,277,52,0,52,329
07/22/2022,MSN,WI,AGL,CE,Combined TRACON& Tower with Radar,53,24,55,6,138,0,0,101,0,101,53,24,156,6,239,6,0,6,245
07/23/2022,MSN,WI,AGL,CE,Combined TRACON& Tower with Radar,43,15,24,0,82,0,0,50,5,55,43,15,74,5,137,0,0,0,137
07/24/2022,MSN,WI,AGL,CE,Combined TRACON& Tower with Radar,49,22,55,1,127,0,1,69,1,71,49,23,124,2,198,0,0,0,198
07/25/2022,MSN,WI,AGL,CE,Combined TRACON& Tower with Radar,47,24,36,11,118,0,1,62,5,68,47,25,98,16,186,30,0,30,216
07/26/2022,MSN,WI,AGL,CE,Combined TRACON& Tower with Radar,56,30,48,11,145,0,0,66,4,70,56,30,114,15,215,34,0,34,249
07/27/2022,MSN,WI,AGL,CE,Combined TRACON& Tower with Radar,62,24,68,12,166,0,1,51,7,59,62,25,119,19,225,26,0,26,251
07/28/2022,MSN,WI,AGL,CE,Combined TRACON& Tower with Radar,56,24,48,18,146,0,3,87,4,94,56,27,135,22,240,27,6,33,273
07/29/2022,MSN,WI,AGL,CE,Combined TRACON& Tower with Radar,53,25,48,2,128,0,0,65,1,66,53,25,113,3,194,10,0,10,204
07/30/2022,MSN,WI,AGL,CE,Combined TRACON& Tower with Radar,44,27,28,5,104,0,0,85,0,85,44,27,113,5,189,38,0,38,227
07/31/2022,MSN,WI,AGL,CE,Combined TRACON& Tower with Radar,44,22,27,4,97,0,1,60,4,65,44,23,87,8,162,14,0,14,176
08/01/2022,MSN,WI,AGL,CE,Combined TRACON& Tower with Radar,57,17,38,7,119,0,0,44,6,50,57,17,82,13,169,32,0,32,201
08/02/2022,MSN,WI,AGL,CE,Combined TRACON& Tower with Radar,55,23,31,24,133,0,0,82,12,94,55,23,113,36,227,58,6,64,291
08/03/2022,MSN,WI,AGL,CE,Combined TRACON& Tower with Radar,55,22,31,3,111,0,0,15,6,21,55,22,46,9,132,48,0,48,180
08/04/2022,MSN,WI,AGL,CE,Combined TRACON& Tower with Radar,49,28,40,12,129,0,0,99,9,108,49,28,139,21,237,64,0,64,301
08/05/2022,MSN,WI,AGL,CE,Combined TRACON& Tower with Radar,50,26,43,13,132,1,3,96,5,105,51,29,139,18,237,116,0,116,353
08/06/2022,MSN,WI,AGL,CE,Combined TRACON& Tower with Radar,42,29,32,4,107,0,2,52,0,54,42,31,84,4,161,42,0,42,203
08/07/2022,MSN,WI,AGL,CE,Combined TRACON& Tower with Radar,45,20,47,4,116,0,0,8,0,8,45,20,55,4,124,14,0,14,138
08/08/2022,MSN,WI,AGL,CE,Combined TRACON& Tower with Radar,54,18,64,14,150,0,0,14,2,16,54,18,78,16,166,68,0,68,234
08/09/2022,MSN,WI,AGL,CE,Combined TRACON& Tower with Radar,55,26,32,5,118,0,0,103,8,111,55,26,135,13,229,54,0,54,283
08/10/2022,MSN,WI,AGL,CE,Combined TRACON& Tower with Radar,52,27,53,3,135,0,0,82,13,95,52,27,135,16,230,154,0,154,384
08/11/2022,MSN,WI,AGL,CE,Combined TRACON& Tower with Radar,49,29,43,8,129,0,0,85,13,98,49,29,128,21,227,114,2,116,343
08/12/2022,MSN,WI,AGL,CE,Combined TRACON& Tower with Radar,51,23,24,0,98,0,1,60,2,63,51,24,84,2,161,44,0,44,205
08/13/2022,MSN,WI,AGL,CE,Combined TRACON& Tower with Radar,44,22,16,0,82,0,0,17,0,17,44,22,33,0,99,40,0,40,139
08/14/2022,MSN,WI,AGL,CE,Combined TRACON& Tower with Radar,50,28,42,1,121,0,0,1,0,1,50,28,43,1,122,54,0,54,176
08/15/2022,MSN,WI,AGL,CE,Combined TRACON& Tower with Radar,55,21,30,5,111,0,0,38,1,39,55,21,68,6,150,90,0,90,240
08/16/2022,MSN,WI,AGL,CE,Combined TRACON& Tower with Radar,58,28,33,12,131,0,0,73,13,86,58,28,106,25,217,46,0,46,263
08/17/2022,MSN,WI,AGL,CE,Combined TRACON& Tower with Radar,59,28,33,21,141,0,1,110,18,129,59,29,143,39,270,54,0,54,324
08/18/2022,MSN,WI,AGL,CE,Combined TRACON& Tower with Radar,56,22,47,15,140,0,0,90,19,109,56,22,137,34,249,82,0,82,331
08/19/2022,MSN,WI,AGL,CE,Combined TRACON& Tower with Radar,59,23,29,14,125,0,0,35,0,35,59,23,64,14,160,78,4,82,242
08/20/2022,MSN,WI,AGL,CE,Combined TRACON& Tower with Radar,50,18,12,6,86,0,0,5,0,5,50,18,17,6,91,0,0,0,91
08/21/2022,MSN,WI,AGL,CE,Combined TRACON& Tower with Radar,75,15,37,6,133,0,0,31,0,31,75,15,68,6,164,38,0,38,202
08/22/2022,MSN,WI,AGL,CE,Combined TRACON& Tower with Radar,54,30,24,7,115,0,4,77,4,85,54,34,101,11,200,36,0,36,236
08/23/2022,MSN,WI,AGL,CE,Combined TRACON& Tower with Radar,55,28,28,14,125,0,0,86,12,98,55,28,114,26,223,126,4,130,353
08/24/2022,MSN,WI,AGL,CE,Combined TRACON& Tower with Radar,85,51,52,10,198,0,3,88,16,107,85,54,140,26,305,76,8,84,389
08/25/2022,MSN,WI,AGL,CE,Combined TRACON& Tower with Radar,60,31,38,5,134,0,0,5,6,11,60,31,43,11,145,54,0,54,199
08/26/2022,MSN,WI,AGL,CE,Combined TRACON& Tower with Radar,58,22,25,5,110,0,0,89,0,89,58,22,114,5,199,80,0,80,279
08/27/2022,MSN,WI,AGL,CE,Combined TRACON& Tower with Radar,48,24,24,1,97,0,0,53,0,53,48,24,77,1,150,28,0,28,178
08/28/2022,MSN,WI,AGL,CE,Combined TRACON& Tower with Radar,54,28,18,4,104,0,0,11,0,11,54,28,29,4,115,48,0,48,163
08/29/2022,MSN,WI,AGL,CE,Combined TRACON& Tower with Radar,70,26,37,1,134,0,2,26,2,30,70,28,63,3,164,38,0,38,202
08/30/2022,MSN,WI,AGL,CE,Combined TRACON& Tower with Radar,56,23,32,13,124,0,0,76,7,83,56,23,108,20,207,80,0,80,287
08/31/2022,MSN,WI,AGL,CE,Combined TRACON& Tower with Radar,58,24,53,7,142,0,0,100,16,116,58,24,153,23,258,40,0,40,298
09/01/2022,MSN,WI,AGL,CE,Combined TRACON& Tower with Radar,62,30,43,14,149,0,0,86,13,99,62,30,129,27,248,64,0,64,312
09/02/2022,MSN,WI,AGL,CE,Combined TRACON& Tower with Radar,58,18,44,8,128,0,0,77,3,80,58,18,121,11,208,52,0,52,260
09/03/2022,MSN,WI,AGL,CE,Combined TRACON& Tower with Radar,43,14,18,1,76,0,0,6,2,8,43,14,24,3,84,2,0,2,86
09/04/2022,MSN,WI,AGL,CE,Combined TRACON& Tower with Radar,42,22,35,1,100,0,0,2,0,2,42,22,37,1,102,28,0,28,130
09/05/2022,MSN,WI,AGL,CE,Combined TRACON& Tower with Radar,55,21,50,0,126,0,1,32,0,33,55,22,82,0,159,100,0,100,259
09/06/2022,MSN,WI,AGL,CE,Combined TRACON& Tower with Radar,56,28,44,12,140,0,0,39,9,48,56,28,83,21,188,42,0,42,230
09/07/2022,MSN,WI,AGL,CE,Combined TRACON& Tower with Radar,57,27,31,12,127,0,0,98,5,103,57,27,129,17,230,60,2,62,292
09/08/2022,MSN,WI,AGL,CE,Combined TRACON& Tower with Radar,52,41,59,12,164,0,0,75,16,91,52,41,134,28,255,30,2,32,287
09/09/2022,MSN,WI,AGL,CE,Combined TRACON& Tower with Radar,65,30,33,14,142,0,0,76,4,80,65,30,109,18,222,80,0,80,302
09/10/2022,MSN,WI,AGL,CE,Combined TRACON& Tower with Radar,50,17,33,1,101,0,0,32,5,37,50,17,65,6,138,72,2,74,212
09/11/2022,MSN,WI,AGL,CE,Combined TRACON& Tower with Radar,52,19,25,1,97,0,0,1,0,1,52,19,26,1,98,0,0,0,98
09/12/2022,MSN,WI,AGL,CE,Combined TRACON& Tower with Radar,61,25,35,10,131,0,0,0,0,0,61,25,35,10,131,0,0,0,131
09/13/2022,MSN,WI,AGL,CE,Combined TRACON& Tower with Radar,58,27,37,8,130,0,2,83,15,100,58,29,120,23,230,56,0,56,286
09/14/2022,MSN,WI,AGL,CE,Combined TRACON& Tower with Radar,60,29,28,17,134,0,0,33,12,45,60,29,61,29,179,56,0,56,235
09/15/2022,MSN,WI,AGL,CE,Combined TRACON& Tower with Radar,55,34,47,13,149,0,0,76,12,88,55,34,123,25,237,74,0,74,311
09/16/2022,MSN,WI,AGL,CE,Combined TRACON& Tower with Radar,59,33,53,7,152,0,0,81,1,82,59,33,134,8,234,78,0,78,312
09/17/2022,MSN,WI,AGL,CE,Combined TRACON& Tower with Radar,47,18,28,0,93,0,0,68,0,68,47,18,96,0,161,80,0,80,241
09/18/2022,MSN,WI,AGL,CE,Combined TRACON& Tower with Radar,47,23,32,2,104,0,0,58,0,58,47,23,90,2,162,116,0,116,278
09/19/2022,MSN,WI,AGL,CE,Combined TRACON& Tower with Radar,55,36,49,6,146,0,0,80,4,84,55,36,129,10,230,52,4,56,286
09/20/2022,MSN,WI,AGL,CE,Combined TRACON& Tower with Radar,59,20,40,5,124,0,0,23,8,31,59,20,63,13,155,76,2,78,233
09/21/2022,MSN,WI,AGL,CE,Combined TRACON& Tower with Radar,56,40,35,9,140,0,0,40,13,53,56,40,75,22,193,48,0,48,241
09/22/2022,MSN,WI,AGL,CE,Combined TRACON& Tower with Radar,53,30,34,7,124,0,2,51,8,61,53,32,85,15,185,74,2,76,261
09/23/2022,MSN,WI,AGL,CE,Combined TRACON& Tower with Radar,60,24,46,12,142,0,0,62,2,64,60,24,108,14,206,60,0,60,266
09/24/2022,MSN,WI,AGL,CE,Combined TRACON& Tower with Radar,44,20,39,9,112,0,0,5,2,7,44,20,44,11,119,0,0,0,119
09/25/2022,MSN,WI,AGL,CE,Combined TRACON& Tower with Radar,50,23,27,0,100,0,0,10,0,10,50,23,37,0,110,0,0,0,110
09/26/2022,MSN,WI,AGL,CE,Combined TRACON& Tower with Radar,57,25,35,2,119,0,0,21,0,21,57,25,56,2,140,56,0,56,196
09/27/2022,MSN,WI,AGL,CE,Combined TRACON& Tower with Radar,60,26,35,4,125,0,0,64,7,71,60,26,99,11,196,58,0,58,254
09/28/2022,MSN,WI,AGL,CE,Combined TRACON& Tower with Radar,59,18,54,9,140,0,0,70,5,75,59,18,124,14,215,84,6,90,305
09/29/2022,MSN,WI,AGL,CE,Combined TRACON& Tower with Radar,55,26,52,12,145,0,1,68,17,86,55,27,120,29,231,64,6,70,301
09/30/2022,MSN,WI,AGL,CE,Combined TRACON& Tower with Radar,59,25,37,3,124,0,0,85,0,85,59,25,122,3,209,102,0,102,311
10/01/2022,MSN,WI,AGL,CE,Combined TRACON& Tower with Radar,51,18,49,0,118,0,2,92,1,95,51,20,141,1,213,34,0,34,247
10/02/2022,MSN,WI,AGL,CE,Combined TRACON& Tower with Radar,46,25,41,0,112,0,0,66,2,68,46,25,107,2,180,124,0,124,304
10/03/2022,MSN,WI,AGL,CE,Combined TRACON& Tower with Radar,59,27,27,7,120,0,0,63,2,65,59,27,90,9,185,40,0,40,225
10/04/2022,MSN,WI,AGL,CE,Combined TRACON& Tower with Radar,59,26,48,3,136,0,0,61,2,63,59,26,109,5,199,114,0,114,313
10/05/2022,MSN,WI,AGL,CE,Combined TRACON& Tower with Radar,60,26,40,6,132,0,0,84,6,90,60,26,124,12,222,116,2,118,340
10/06/2022,MSN,WI,AGL,CE,Combined TRACON& Tower with Radar,56,28,47,16,147,0,0,23,1,24,56,28,70,17,171,44,0,44,215
10/07/2022,MSN,WI,AGL,CE,Combined TRACON& Tower with Radar,59,40,29,3,131,0,0,69,0,69,59,40,98,3,200,74,0,74,274
10/08/2022,MSN,WI,AGL,CE,Combined TRACON& Tower with Radar,52,15,15,0,82,0,0,63,3,66,52,15,78,3,148,84,0,84,232
10/09/2022,MSN,WI,AGL,CE,Combined TRACON& Tower with Radar,51,26,35,0,112,0,0,113,2,115,51,26,148,2,227,52,0,52,279
10/10/2022,MSN,WI,AGL,CE,Combined TRACON& Tower with Radar,59,26,24,0,109,0,0,67,0,67,59,26,91,0,176,64,0,64,240
10/11/2022,MSN,WI,AGL,CE,Combined TRACON& Tower with Radar,58,30,40,4,132,0,0,31,2,33,58,30,71,6,165,50,0,50,215
10/12/2022,MSN,WI,AGL,CE,Combined TRACON& Tower with Radar,66,34,31,5,136,0,0,19,7,26,66,34,50,12,162,38,2,40,202
10/13/2022,MSN,WI,AGL,CE,Combined TRACON& Tower with Radar,57,24,54,5,140,0,0,42,7,49,57,24,96,12,189,36,0,36,225
10/14/2022,MSN,WI,AGL,CE,Combined TRACON& Tower with Radar,66,27,23,3,119,0,0,50,1,51,66,27,73,4,170,62,0,62,232
10/15/2022,MSN,WI,AGL,CE,Combined TRACON& Tower with Radar,49,29,30,0,108,0,18,89,2,109,49,47,119,2,217,48,0,48,265
10/16/2022,MSN,WI,AGL,CE,Combined TRACON& Tower with Radar,51,29,32,0,112,0,0,47,0,47,51,29,79,0,159,116,0,116,275
10/17/2022,MSN,WI,AGL,CE,Combined TRACON& Tower with Radar,58,25,29,2,114,0,0,9,0,9,58,25,38,2,123,0,0,0,123
10/18/2022,MSN,WI,AGL,CE,Combined TRACON& Tower with Radar,56,26,27,5,114,0,0,8,14,22,56,26,35,19,136,14,0,14,150
10/19/2022,MSN,WI,AGL,CE,Combined TRACON& Tower with Radar,58,34,36,4,132,0,1,63,7,71,58,35,99,11,203,100,0,100,303
10/20/2022,MSN,WI,AGL,CE,Combined TRACON& Tower with Radar,57,31,50,6,144,0,3,101,12,116,57,34,151,18,260,56,0,56,316
10/21/2022,MSN,WI,AGL,CE,Combined TRACON& Tower with Radar,61,43,41,3,148,0,0,33,1,34,61,43,74,4,182,26,0,26,208
10/22/2022,MSN,WI,AGL,CE,Combined TRACON& Tower with Radar,49,31,23,0,103,0,0,60,0,60,49,31,83,0,163,76,0,76,239
10/23/2022,MSN,WI,AGL,CE,Combined TRACON& Tower with Radar,50,34,37,0,121,0,0,35,0,35,50,34,72,0,156,56,0,56,212
10/24/2022,MSN,WI,AGL,CE,Combined TRACON& Tower with Radar,58,22,22,6,108,0,0,14,0,14,58,22,36,6,122,0,4,4,126
10/25/2022,MSN,WI,AGL,CE,Combined TRACON& Tower with Radar,51,23,38,5,117,0,0,5,7,12,51,23,43,12,129,8,0,8,137
10/26/2022,MSN,WI,AGL,CE,Combined TRACON& Tower with Radar,54,33,28,5,120,0,0,56,9,65,54,33,84,14,185,130,10,140,325
10/27/2022,MSN,WI,AGL,CE,Combined TRACON& Tower with Radar,58,23,50,18,149,0,0,66,12,78,58,23,116,30,227,100,8,108,335
10/28/2022,MSN,WI,AGL,CE,Combined TRACON& Tower with Radar,60,21,29,17,127,0,4,90,5,99,60,25,119,22,226,112,0,112,338
10/29/2022,MSN,WI,AGL,CE,Combined TRACON& Tower with Radar,50,10,21,2,83,0,0,101,2,103,50,10,122,4,186,170,0,170,356
10/30/2022,MSN,WI,AGL,CE,Combined TRACON& Tower with Radar,46,17,30,0,93,0,0,94,0,94,46,17,124,0,187,84,0,84,271
10/31/2022,MSN,WI,AGL,CE,Combined TRACON& Tower with Radar,56,23,22,5,106,0,0,37,3,40,56,23,59,8,146,68,0,68,214
11/01/2022,MSN,WI,AGL,CE,Combined TRACON& Tower with Radar,58,25,34,6,123,0,4,79,7,90,58,29,113,13,213,128,0,128,341
11/02/2022,MSN,WI,AGL,CE,Combined TRACON& Tower with Radar,58,26,29,6,119,0,0,76,14,90,58,26,105,20,209,68,2,70,279
11/03/2022,MSN,WI,AGL,CE,Combined TRACON& Tower with Radar,62,30,30,0,122,0,0,30,12,42,62,30,60,12,164,60,0,60,224
11/04/2022,MSN,WI,AGL,CE,Combined TRACON& Tower with Radar,57,31,35,0,123,0,0,6,0,6,57,31,41,0,129,28,0,28,157
11/05/2022,MSN,WI,AGL,CE,Combined TRACON& Tower with Radar,51,30,19,1,101,0,0,0,0,0,51,30,19,1,101,0,0,0,101
11/06/2022,MSN,WI,AGL,CE,Combined TRACON& Tower with Radar,53,29,37,0,119,0,0,39,0,39,53,29,76,0,158,36,0,36,194
11/07/2022,MSN,WI,AGL,CE,Combined TRACON& Tower with Radar,56,33,43,6,138,0,0,69,3,72,56,33,112,9,210,70,4,74,284
11/08/2022,MSN,WI,AGL,CE,Combined TRACON& Tower with Radar,57,23,39,6,125,0,1,60,11,72,57,24,99,17,197,52,0,52,249
11/09/2022,MSN,WI,AGL,CE,Combined TRACON& Tower with Radar,58,23,46,3,130,0,0,39,13,52,58,23,85,16,182,50,0,50,232
11/10/2022,MSN,WI,AGL,CE,Combined TRACON& Tower with Radar,63,22,20,2,107,0,0,6,2,8,63,22,26,4,115,4,0,4,119
11/11/2022,MSN,WI,AGL,CE,Combined TRACON& Tower with Radar,59,17,35,1,112,0,0,4,0,4,59,17,39,1,116,0,0,0,116
11/12/2022,MSN,WI,AGL,CE,Combined TRACON& Tower with Radar,50,15,23,3,91,0,0,4,1,5,50,15,27,4,96,90,0,90,186
11/13/2022,MSN,WI,AGL,CE,Combined TRACON& Tower with Radar,61,15,44,0,120,0,2,96,0,98,61,17,140,0,218,92,0,92,310
11/14/2022,MSN,WI,AGL,CE,Combined TRACON& Tower with Radar,62,24,37,10,133,0,0,38,0,38,62,24,75,10,171,70,0,70,241
11/15/2022,MSN,WI,AGL,CE,Combined TRACON& Tower with Radar,63,14,19,0,96,0,0,0,0,0,63,14,19,0,96,0,0,0,96
11/16/2022,MSN,WI,AGL,CE,Combined TRACON& Tower with Radar,61,26,35,4,126,0,0,0,4,4,61,26,35,8,130,6,0,6,136
11/17/2022,MSN,WI,AGL,CE,Combined TRACON& Tower with Radar,62,19,41,3,125,0,0,1,2,3,62,19,42,5,128,0,4,4,132
11/18/2022,MSN,WI,AGL,CE,Combined TRACON& Tower with Radar,67,11,20,3,101,0,0,5,2,7,67,11,25,5,108,2,0,2,110
11/19/2022,MSN,WI,AGL,CE,Combined TRACON& Tower with Radar,54,19,11,4,88,0,0,4,0,4,54,19,15,4,92,32,0,32,124
11/20/2022,MSN,WI,AGL,CE,Combined TRACON& Tower with Radar,63,13,18,1,95,0,0,48,1,49,63,13,66,2,144,32,0,32,176
11/21/2022,MSN,WI,AGL,CE,Combined TRACON& Tower with Radar,66,24,33,6,129,0,0,65,2,67,66,24,98,8,196,52,0,52,248
11/22/2022,MSN,WI,AGL,CE,Combined TRACON& Tower with Radar,60,21,43,8,132,0,0,92,11,103,60,21,135,19,235,142,0,142,377
11/23/2022,MSN,WI,AGL,CE,Combined TRACON& Tower with Radar,58,20,38,0,116,0,4,99,6,109,58,24,137,6,225,132,0,132,357
11/24/2022,MSN,WI,AGL,CE,Combined TRACON& Tower with Radar,40,8,6,0,54,0,0,8,0,8,40,8,14,0,62,28,0,28,90
11/25/2022,MSN,WI,AGL,CE,Combined TRACON& Tower with Radar,52,18,18,0,88,0,0,90,0,90,52,18,108,0,178,96,0,96,274
11/26/2022,MSN,WI,AGL,CE,Combined TRACON& Tower with Radar,56,22,39,0,117,0,1,46,0,47,56,23,85,0,164,36,0,36,200
11/27/2022,MSN,WI,AGL,CE,Combined TRACON& Tower with Radar,64,25,28,0,117,0,0,12,0,12,64,25,40,0,129,8,0,8,137
11/28/2022,MSN,WI,AGL,CE,Combined TRACON& Tower with Radar,63,20,44,2,129,0,0,48,2,50,63,20,92,4,179,70,0,70,249
11/29/2022,MSN,WI,AGL,CE,Combined TRACON& Tower with Radar,61,20,31,2,114,0,0,0,0,0,61,20,31,2,114,0,0,0,114
11/30/2022,MSN,WI,AGL,CE,Combined TRACON& Tower with Radar,60,27,23,4,114,0,0,3,6,9,60,27,26,10,123,2,0,2,125
12/01/2022,MSN,WI,AGL,CE,Combined TRACON& Tower with Radar,65,23,32,5,125,0,0,65,19,84,65,23,97,24,209,62,0,62,271
12/02/2022,MSN,WI,AGL,CE,Combined TRACON& Tower with Radar,62,18,15,8,103,0,0,10,2,12,62,18,25,10,115,11,0,11,126
12/03/2022,MSN,WI,AGL,CE,Combined TRACON& Tower with Radar,49,13,17,0,79,0,0,38,7,45,49,13,55,7,124,52,0,52,176
12/04/2022,MSN,WI,AGL,CE,Combined TRACON& Tower with Radar,61,12,30,0,103,0,0,61,0,61,61,12,91,0,164,36,0,36,200
12/05/2022,MSN,WI,AGL,CE,Combined TRACON& Tower with Radar,62,18,28,6,114,0,0,26,2,28,62,18,54,8,142,48,0,48,190
12/06/2022,MSN,WI,AGL,CE,Combined TRACON& Tower with Radar,59,24,38,4,125,0,1,13,0,14,59,25,51,4,139,18,0,18,157
12/07/2022,MSN,WI,AGL,CE,Combined TRACON& Tower with Radar,61,27,31,5,124,0,0,5,6,11,61,27,36,11,135,0,0,0,135
12/08/2022,MSN,WI,AGL,CE,Combined TRACON& Tower with Radar,63,22,29,8,122,0,0,30,10,40,63,22,59,18,162,176,0,176,338
12/09/2022,MSN,WI,AGL,CE,Combined TRACON& Tower with Radar,60,21,21,2,104,0,0,0,0,0,60,21,21,2,104,0,0,0,104
12/10/2022,MSN,WI,AGL,CE,Combined TRACON& Tower with Radar,47,13,15,0,75,0,0,0,0,0,47,13,15,0,75,0,0,0,75
12/11/2022,MSN,WI,AGL,CE,Combined TRACON& Tower with Radar,61,15,15,0,91,0,0,7,0,7,61,15,22,0,98,36,0,36,134
12/12/2022,MSN,WI,AGL,CE,Combined TRACON& Tower with Radar,59,24,19,5,107,0,0,14,3,17,59,24,33,8,124,42,0,42,166
12/13/2022,MSN,WI,AGL,CE,Combined TRACON& Tower with Radar,57,33,24,4,118,0,0,2,3,5,57,33,26,7,123,22,0,22,145
12/14/2022,MSN,WI,AGL,CE,Combined TRACON& Tower with Radar,56,26,21,1,104,0,0,0,0,0,56,26,21,1,104,0,0,0,104
12/15/2022,MSN,WI,AGL,CE,Combined TRACON& Tower with Radar,59,30,28,2,119,0,0,1,14,15,59,30,29,16,134,0,0,0,134
12/16/2022,MSN,WI,AGL,CE,Combined TRACON& Tower with Radar,57,18,17,2,94,0,0,0,0,0,57,18,17,2,94,0,0,0,94
12/17/2022,MSN,WI,AGL,CE,Combined TRACON& Tower with Radar,48,11,17,0,76,0,0,2,2,4,48,11,19,2,80,0,0,0,80
12/18/2022,MSN,WI,AGL,CE,Combined TRACON& Tower with Radar,53,11,36,0,100,0,3,17,0,20,53,14,53,0,120,40,0,40,160
12/19/2022,MSN,WI,AGL,CE,Combined TRACON& Tower with Radar,52,22,40,10,124,0,0,58,8,66,52,22,98,18,190,32,0,32,222
12/20/2022,MSN,WI,AGL,CE,Combined TRACON& Tower with Radar,52,25,47,4,128,0,0,50,15,65,52,25,97,19,193,56,0,56,249
12/21/2022,MSN,WI,AGL,CE,Combined TRACON& Tower with Radar,51,29,33,8,121,0,1,5,7,13,51,30,38,15,134,0,0,0,134
12/22/2022,MSN,WI,AGL,CE,Combined TRACON& Tower with Radar,51,14,4,0,69,0,0,0,0,0,51,14,4,0,69,0,0,0,69
12/23/2022,MSN,WI,AGL,CE,Combined TRACON& Tower with Radar,35,8,1,0,44,0,0,0,0,0,35,8,1,0,44,0,0,0,44
12/24/2022,MSN,WI,AGL,CE,Combined TRACON& Tower with Radar,36,7,9,0,52,0,0,2,0,2,36,7,11,0,54,0,0,0,54
12/25/2022,MSN,WI,AGL,CE,Combined TRACON& Tower with Radar,45,11,1,0,57,0,0,8,0,8,45,11,9,0,65,0,0,0,65
12/26/2022,MSN,WI,AGL,CE,Combined TRACON& Tower with Radar,49,15,25,4,93,0,0,41,0,41,49,15,66,4,134,50,0,50,184
12/27/2022,MSN,WI,AGL,CE,Combined TRACON& Tower with Radar,55,18,22,5,100,0,0,34,5,39,55,18,56,10,139,8,8,16,155
12/28/2022,MSN,WI,AGL,CE,Combined TRACON& Tower with Radar,60,20,33,3,116,0,0,25,11,36,60,20,58,14,152,32,4,36,188
12/29/2022,MSN,WI,AGL,CE,Combined TRACON& Tower with Radar,59,23,17,1,100,0,0,6,0,6,59,23,23,1,106,20,0,20,126
12/30/2022,MSN,WI,AGL,CE,Combined TRACON& Tower with Radar,50,15,19,2,86,0,0,11,0,11,50,15,30,2,97,46,0,46,143
12/31/2022,MSN,WI,AGL,CE,Combined TRACON& Tower with Radar,38,11,22,2,73,0,0,59,0,59,38,11,81,2,132,20,0,20,152
01/01/2023,MSN,WI,AGL,CE,Combined TRACON& Tower with Radar,49,15,11,0,75,0,0,16,0,16,49,15,27,0,91,36,0,36,127
01/02/2023,MSN,WI,AGL,CE,Combined TRACON& Tower with Radar,48,18,27,2,95,0,0,55,0,55,48,18,82,2,150,114,0,114,264
01/03/2023,MSN,WI,AGL,CE,Combined TRACON& Tower with Radar,49,25,18,3,95,0,0,0,0,0,49,25,18,3,95,0,0,0,95
01/04/2023,MSN,WI,AGL,CE,Combined TRACON& Tower with Radar,51,23,17,7,98,0,0,0,0,0,51,23,17,7,98,0,0,0,98
01/05/2023,MSN,WI,AGL,CE,Combined TRACON& Tower with Radar,57,30,32,6,125,0,0,0,0,0,57,30,32,6,125,0,6,6,131
01/06/2023,MSN,WI,AGL,CE,Combined TRACON& Tower with Radar,57,19,19,11,106,0,0,7,5,12,57,19,26,16,118,2,2,4,122
01/07/2023,MSN,WI,AGL,CE,Combined TRACON& Tower with Radar,49,14,25,2,90,0,0,9,0,9,49,14,34,2,99,6,0,6,105
01/08/2023,MSN,WI,AGL,CE,Combined TRACON& Tower with Radar,52,27,19,1,99,0,0,0,0,0,52,27,19,1,99,0,0,0,99
01/09/2023,MSN,WI,AGL,CE,Combined TRACON& Tower with Radar,58,14,43,4,119,0,1,107,2,110,58,15,150,6,229,96,0,96,325
01/10/2023,MSN,WI,AGL,CE,Combined TRACON& Tower with Radar,58,16,24,1,99,0,0,1,0,1,58,16,25,1,100,0,0,0,100
01/11/2023,MSN,WI,AGL,CE,Combined TRACON& Tower with Radar,57,24,34,4,119,0,0,48,10,58,57,24,82,14,177,94,2,96,273
01/12/2023,MSN,WI,AGL,CE,Combined TRACON& Tower with Radar,60,13,16,5,94,0,0,7,0,7,60,13,23,5,101,8,0,8,109
01/13/2023,MSN,WI,AGL,CE,Combined TRACON& Tower with Radar,57,17,23,0,97,0,3,41,9,53,57,20,64,9,150,42,0,42,192
01/14/2023,MSN,WI,AGL,CE,Combined TRACON& Tower with Radar,45,16,33,0,94,0,6,39,0,45,45,22,72,0,139,24,0,24,163
01/15/2023,MSN,WI,AGL,CE,Combined TRACON& Tower with Radar,47,14,37,0,98,0,7,50,0,57,47,21,87,0,155,34,0,34,189
01/16/2023,MSN,WI,AGL,CE,Combined TRACON& Tower with Radar,58,13,14,0,85,0,0,0,0,0,58,13,14,0,85,0,0,0,85
01/17/2023,MSN,WI,AGL,CE,Combined TRACON& Tower with Radar,59,14,23,2,98,0,0,2,2,4,59,14,25,4,102,12,0,12,114
01/18/2023,MSN,WI,AGL,CE,Combined TRACON& Tower with Radar,60,25,32,3,120,0,0,7,13,20,60,25,39,16,140,82,8,90,230
01/19/2023,MSN,WI,AGL,CE,Combined TRACON& Tower with Radar,65,13,15,0,93,0,0,0,0,0,65,13,15,0,93,0,0,0,93
01/20/2023,MSN,WI,AGL,CE,Combined TRACON& Tower with Radar,58,15,28,0,101,0,0,10,4,14,58,15,38,4,115,32,0,32,147
01/21/2023,MSN,WI,AGL,CE,Combined TRACON& Tower with Radar,46,9,15,0,70,0,0,0,0,0,46,9,15,0,70,0,0,0,70
01/22/2023,MSN,WI,AGL,CE,Combined TRACON& Tower with Radar,58,21,13,0,92,0,0,0,0,0,58,21,13,0,92,0,0,0,92
01/23/2023,MSN,WI,AGL,CE,Combined TRACON& Tower with Radar,58,12,25,5,100,0,1,23,1,25,58,13,48,6,125,32,0,32,157
01/24/2023,MSN,WI,AGL,CE,Combined TRACON& Tower with Radar,60,15,31,7,113,0,0,11,12,23,60,15,42,19,136,64,6,70,206
01/25/2023,MSN,WI,AGL,CE,Combined TRACON& Tower with Radar,56,10,39,2,107,0,0,0,0,0,56,10,39,2,107,0,0,0,107
01/26/2023,MSN,WI,AGL,CE,Combined TRACON& Tower with Radar,67,15,26,5,113,0,0,4,8,12,67,15,30,13,125,0,0,0,125
01/27/2023,MSN,WI,AGL,CE,Combined TRACON& Tower with Radar,66,17,30,1,114,0,0,1,2,3,66,17,31,3,117,0,0,0,117
01/28/2023,MSN,WI,AGL,CE,Combined TRACON& Tower with Radar,50,11,17,0,78,0,0,0,0,0,50,11,17,0,78,16,0,16,94
01/29/2023,MSN,WI,AGL,CE,Combined TRACON& Tower with Radar,58,14,24,0,96,0,3,42,0,45,58,17,66,0,141,32,0,32,173
01/30/2023,MSN,WI,AGL,CE,Combined TRACON& Tower with Radar,61,23,28,5,117,0,0,21,5,26,61,23,49,10,143,14,0,14,157
01/31/2023,MSN,WI,AGL,CE,Combined TRACON& Tower with Radar,55,15,45,5,120,0,0,46,15,61,55,15,91,20,181,98,0,98,279
02/01/2023,MSN,WI,AGL,CE,Combined TRACON& Tower with Radar,53,17,47,9,126,0,0,49,14,63,53,17,96,23,189,178,0,178,367
02/02/2023,MSN,WI,AGL,CE,Combined TRACON& Tower with Radar,57,11,39,12,119,0,0,62,11,73,57,11,101,23,192,32,0,32,224
02/03/2023,MSN,WI,AGL,CE,Combined TRACON& Tower with Radar,51,16,30,12,109,0,0,20,0,20,51,16,50,12,129,8,0,8,137
02/04/2023,MSN,WI,AGL,CE,Combined TRACON& Tower with Radar,42,12,17,2,73,0,0,91,2,93,42,12,108,4,166,32,0,32,198
02/05/2023,MSN,WI,AGL,CE,Combined TRACON& Tower with Radar,53,12,27,4,96,0,2,91,0,93,53,14,118,4,189,130,0,130,319
02/06/2023,MSN,WI,AGL,CE,Combined TRACON& Tower with Radar,53,18,20,8,99,0,0,49,2,51,53,18,69,10,150,26,0,26,176
02/07/2023,MSN,WI,AGL,CE,Combined TRACON& Tower with Radar,61,19,25,6,111,0,0,22,8,30,61,19,47,14,141,38,0,38,179
02/08/2023,MSN,WI,AGL,CE,Combined TRACON& Tower with Radar,55,15,18,6,94,0,0,11,8,19,55,15,29,14,113,24,0,24,137
02/09/2023,MSN,WI,AGL,CE,Combined TRACON& Tower with Radar,56,20,9,2,87,0,0,2,0,2,56,20,11,2,89,0,0,0,89
02/10/2023,MSN,WI,AGL,CE,Combined TRACON& Tower with Radar,47,27,20,5,99,0,1,85,4,90,47,28,105,9,189,94,0,94,283
02/11/2023,MSN,WI,AGL,CE,Combined TRACON& Tower with Radar,40,17,22,0,79,0,3,71,0,74,40,20,93,0,153,52,0,52,205
02/12/2023,MSN,WI,AGL,CE,Combined TRACON& Tower with Radar,47,25,26,4,102,0,0,120,0,120,47,25,146,4,222,74,0,74,296
02/13/2023,MSN,WI,AGL,CE,Combined TRACON& Tower with Radar,49,26,28,5,108,0,0,81,3,84,49,26,109,8,192,94,0,94,286
02/14/2023,MSN,WI,AGL,CE,Combined TRACON& Tower with Radar,51,22,25,4,102,0,0,7,6,13,51,22,32,10,115,0,0,0,115
02/15/2023,MSN,WI,AGL,CE,Combined TRACON& Tower with Radar,50,14,26,5,95,0,0,4,8,12,50,14,30,13,107,6,0,6,113
02/16/2023,MSN,WI,AGL,CE,Combined TRACON& Tower with Radar,48,17,10,0,75,0,0,0,0,0,48,17,10,0,75,0,0,0,75
02/17/2023,MSN,WI,AGL,CE,Combined TRACON& Tower with Radar,47,32,38,6,123,0,0,74,2,76,47,32,112,8,199,16,0,16,215
02/18/2023,MSN,WI,AGL,CE,Combined TRACON& Tower with Radar,39,20,29,1,89,0,2,113,0,115,39,22,142,1,204,52,0,52,256
02/19/2023,MSN,WI,AGL,CE,Combined TRACON& Tower with Radar,48,21,30,0,99,0,0,69,0,69,48,21,99,0,168,118,0,118,286
02/20/2023,MSN,WI,AGL,CE,Combined TRACON& Tower with Radar,55,27,35,0,117,0,0,53,7,60,55,27,88,7,177,120,0,120,297
02/21/2023,MSN,WI,AGL,CE,Combined TRACON& Tower with Radar,48,38,39,5,130,0,0,39,10,49,48,38,78,15,179,72,2,74,253
02/22/2023,MSN,WI,AGL,CE,Combined TRACON& Tower with Radar,31,14,10,0,55,0,0,0,0,0,31,14,10,0,55,0,0,0,55
02/23/2023,MSN,WI,AGL,CE,Combined TRACON& Tower with Radar,48,25,15,3,91,0,0,0,4,4,48,25,15,7,95,0,0,0,95
02/24/2023,MSN,WI,AGL,CE,Combined TRACON& Tower with Radar,50,25,19,7,101,0,0,55,5,60,50,25,74,12,161,58,0,58,219
02/25/2023,MSN,WI,AGL,CE,Combined TRACON& Tower with Radar,40,21,29,0,90,0,7,38,0,45,40,28,67,0,135,50,0,50,185
02/26/2023,MSN,WI,AGL,CE,Combined TRACON& Tower with Radar,53,22,44,0,119,0,7,123,0,130,53,29,167,0,249,84,0,84,333
02/27/2023,MSN,WI,AGL,CE,Combined TRACON& Tower with Radar,52,21,9,2,84,0,0,0,0,0,52,21,9,2,84,0,0,0,84
02/28/2023,MSN,WI,AGL,CE,Combined TRACON& Tower with Radar,52,21,43,8,124,0,0,59,6,65,52,21,102,14,189,80,0,80,269
03/01/2023,MSN,WI,AGL,CE,Combined TRACON& Tower with Radar,55,23,20,13,111,0,0,19,10,29,55,23,39,23,140,42,18,60,200
03/02/2023,MSN,WI,AGL,CE,Combined TRACON& Tower with Radar,53,25,30,4,112,0,0,11,6,17,53,25,41,10,129,68,0,68,197
03/03/2023,MSN,WI,AGL,CE,Combined TRACON& Tower with Radar,54,36,32,1,123,0,0,11,2,13,54,36,43,3,136,20,0,20,156
03/04/2023,MSN,WI,AGL,CE,Combined TRACON& Tower with Radar,42,26,17,2,87,0,0,69,0,69,42,26,86,2,156,56,0,56,212
03/05/2023,MSN,WI,AGL,CE,Combined TRACON& Tower with Radar,52,25,25,1,103,0,0,84,0,84,52,25,109,1,187,54,0,54,241
03/06/2023,MSN,WI,AGL,CE,Combined TRACON& Tower with Radar,53,26,42,3,124,0,0,0,0,0,53,26,42,3,124,0,0,0,124
03/07/2023,MSN,WI,AGL,CE,Combined TRACON& Tower with Radar,53,27,34,6,120,0,0,74,14,88,53,27,108,20,208,52,0,52,260
03/08/2023,MSN,WI,AGL,CE,Combined TRACON& Tower with Radar,51,28,54,7,140,0,0,58,14,72,51,28,112,21,212,32,0,32,244
03/09/2023,MSN,WI,AGL,CE,Combined TRACON& Tower with Radar,54,25,16,1,96,0,0,14,0,14,54,25,30,1,110,34,0,34,144
03/10/2023,MSN,WI,AGL,CE,Combined TRACON& Tower with Radar,54,30,8,3,95,0,0,2,0,2,54,30,10,3,97,0,0,0,97
03/11/2023,MSN,WI,AGL,CE,Combined TRACON& Tower with Radar,48,24,13,0,85,0,0,12,0,12,48,24,25,0,97,60,0,60,157
03/12/2023,MSN,WI,AGL,CE,Combined TRACON& Tower with Radar,53,21,6,0,80,0,0,1,0,1,53,21,7,0,81,0,0,0,81
03/13/2023,MSN,WI,AGL,CE,Combined TRACON& Tower with Radar,57,20,24,8,109,0,0,10,0,10,57,20,34,8,119,18,0,18,137
03/14/2023,MSN,WI,AGL,CE,Combined TRACON& Tower with Radar,55,18,51,9,133,0,0,96,7,103,55,18,147,16,236,56,12,68,304
03/15/2023,MSN,WI,AGL,CE,Combined TRACON& Tower with Radar,53,26,37,10,126,0,0,62,18,80,53,26,99,28,206,14,0,14,220
03/16/2023,MSN,WI,AGL,CE,Combined TRACON& Tower with Radar,54,28,9,3,94,0,0,8,1,9,54,28,17,4,103,78,0,78,181
03/17/2023,MSN,WI,AGL,CE,Combined TRACON& Tower with Radar,54,21,26,2,103,0,0,10,0,10,54,21,36,2,113,2,0,2,115
03/18/2023,MSN,WI,AGL,CE,Combined TRACON& Tower with Radar,51,23,8,0,82,0,0,7,0,7,51,23,15,0,89,4,0,4,93
03/19/2023,MSN,WI,AGL,CE,Combined TRACON& Tower with Radar,52,22,35,0,109,0,0,83,0,83,52,22,118,0,192,92,0,92,284
03/20/2023,MSN,WI,AGL,CE,Combined TRACON& Tower with Radar,54,26,40,4,124,0,1,55,0,56,54,27,95,4,180,102,0,102,282
03/21/2023,MSN,WI,AGL,CE,Combined TRACON& Tower with Radar,51,25,22,8,106,0,0,72,15,87,51,25,94,23,193,98,0,98,291
03/22/2023,MSN,WI,AGL,CE,Combined TRACON& Tower with Radar,55,21,28,2,106,0,0,1,4,5,55,21,29,6,111,2,0,2,113
03/23/2023,MSN,WI,AGL,CE,Combined TRACON& Tower with Radar,57,30,36,2,125,0,0,51,12,63,57,30,87,14,188,98,0,98,286
03/24/2023,MSN,WI,AGL,CE,Combined TRACON& Tower with Radar,56,28,52,0,136,0,0,88,0,88,56,28,140,0,224,68,0,68,292
03/25/2023,MSN,WI,AGL,CE,Combined TRACON& Tower with Radar,45,20,7,0,72,0,0,17,0,17,45,20,24,0,89,0,0,0,89
03/26/2023,MSN,WI,AGL,CE,Combined TRACON& Tower with Radar,59,27,42,0,128,0,0,56,0,56,59,27,98,0,184,60,0,60,244
03/27/2023,MSN,WI,AGL,CE,Combined TRACON& Tower with Radar,52,20,29,4,105,0,7,75,4,86,52,27,104,8,191,146,0,146,337
03/28/2023,MSN,WI,AGL,CE,Combined TRACON& Tower with Radar,54,25,36,4,119,0,0,92,13,105,54,25,128,17,224,42,2,44,268
03/29/2023,MSN,WI,AGL,CE,Combined TRACON& Tower with Radar,56,27,51,6,140,0,2,55,10,67,56,29,106,16,207,54,0,54,261
03/30/2023,MSN,WI,AGL,CE,Combined TRACON& Tower with Radar,57,33,45,5,140,0,0,59,7,66,57,33,104,12,206,100,0,100,306
03/31/2023,MSN,WI,AGL,CE,Combined TRACON& Tower with Radar,50,18,24,0,92,0,0,2,0,2,50,18,26,0,94,0,8,8,102
04/01/2023,MSN,WI,AGL,CE,Combined TRACON& Tower with Radar,46,22,17,0,85,0,0,18,2,20,46,22,35,2,105,30,0,30,135
04/02/2023,MSN,WI,AGL,CE,Combined TRACON& Tower with Radar,55,34,37,0,126,0,0,55,0,55,55,34,92,0,181,44,0,44,225
04/03/2023,MSN,WI,AGL,CE,Combined TRACON& Tower with Radar,54,21,28,8,111,0,2,52,2,56,54,23,80,10,167,90,0,90,257
04/04/2023,MSN,WI,AGL,CE,Combined TRACON& Tower with Radar,57,28,16,4,105,0,0,1,0,1,57,28,17,4,106,0,0,0,106
04/05/2023,MSN,WI,AGL,CE,Combined TRACON& Tower with Radar,52,28,14,9,103,0,0,7,5,12,52,28,21,14,115,0,4,4,119
04/06/2023,MSN,WI,AGL,CE,Combined TRACON& Tower with Radar,60,23,22,4,109,0,0,52,11,63,60,23,74,15,172,10,2,12,184
04/07/2023,MSN,WI,AGL,CE,Combined TRACON& Tower with Radar,57,28,37,4,126,0,0,97,4,101,57,28,134,8,227,54,0,54,281
04/08/2023,MSN,WI,AGL,CE,Combined TRACON& Tower with Radar,49,17,45,0,111,0,3,117,0,120,49,20,162,0,231,70,0,70,301
04/09/2023,MSN,WI,AGL,CE,Combined TRACON& Tower with Radar,55,20,9,0,84,0,1,59,0,60,55,21,68,0,144,106,0,106,250
04/10/2023,MSN,WI,AGL,CE,Combined TRACON& Tower with Radar,57,18,49,5,129,0,0,76,2,78,57,18,125,7,207,76,0,76,283
04/11/2023,MSN,WI,AGL,CE,Combined TRACON& Tower with Radar,59,18,34,5,116,0,0,61,15,76,59,18,95,20,192,50,0,50,242
04/12/2023,MSN,WI,AGL,CE,Combined TRACON& Tower with Radar,54,36,28,5,123,0,0,19,14,33,54,36,47,19,156,12,0,12,168
04/13/2023,MSN,WI,AGL,CE,Combined TRACON& Tower with Radar,58,29,52,1,140,0,1,87,12,100,58,30,139,13,240,100,0,100,340
04/14/2023,MSN,WI,AGL,CE,Combined TRACON& Tower with Radar,53,30,29,4,116,0,0,86,12,98,53,30,115,16,214,166,0,166,380
04/15/2023,MSN,WI,AGL,CE,Combined TRACON& Tower with Radar,43,14,21,0,78,0,0,70,1,71,43,14,91,1,149,110,0,110,259
04/16/2023,MSN,WI,AGL,CE,Combined TRACON& Tower with Radar,50,29,12,0,91,0,0,0,0,0,50,29,12,0,91,0,0,0,91
04/17/2023,MSN,WI,AGL,CE,Combined TRACON& Tower with Radar,55,25,22,4,106,0,0,2,0,2,55,25,24,4,108,0,0,0,108
04/18/2023,MSN,WI,AGL,CE,Combined TRACON& Tower with Radar,57,23,50,2,132,0,2,91,10,103,57,25,141,12,235,160,0,160,395
04/19/2023,MSN,WI,AGL,CE,Combined TRACON& Tower with Radar,52,30,21,0,103,0,0,2,0,2,52,30,23,0,105,0,6,6,111
04/20/2023,MSN,WI,AGL,CE,Combined TRACON& Tower with Radar,73,29,22,0,124,0,0,5,8,13,73,29,27,8,137,30,2,32,169
04/21/2023,MSN,WI,AGL,CE,Combined TRACON& Tower with Radar,54,35,37,15,141,0,1,47,6,54,54,36,84,21,195,64,0,64,259
04/22/2023,MSN,WI,AGL,CE,Combined TRACON& Tower with Radar,45,16,14,2,77,0,0,4,0,4,45,16,18,2,81,0,0,0,81
04/23/2023,MSN,WI,AGL,CE,Combined TRACON& Tower with Radar,58,24,28,5,115,0,0,58,2,60,58,24,86,7,175,90,0,90,265
04/24/2023,MSN,WI,AGL,CE,Combined TRACON& Tower with Radar,53,19,53,5,130,0,1,61,2,64,53,20,114,7,194,94,0,94,288
04/25/2023,MSN,WI,AGL,CE,Combined TRACON& Tower with Radar,57,24,38,6,125,0,1,39,13,53,57,25,77,19,178,100,2,102,280
04/26/2023,MSN,WI,AGL,CE,Combined TRACON& Tower with Radar,52,25,40,5,122,0,0,94,14,108,52,25,134,19,230,132,2,134,364
04/27/2023,MSN,WI,AGL,CE,Combined TRACON& Tower with Radar,53,24,39,8,124,0,0,86,5,91,53,24,125,13,215,90,0,90,305
04/28/2023,MSN,WI,AGL,CE,Combined TRACON& Tower with Radar,52,25,49,1,127,0,0,91,8,99,52,25,140,9,226,186,0,186,412
04/29/2023,MSN,WI,AGL,CE,Combined TRACON& Tower with Radar,47,14,45,0,106,0,0,5,0,5,47,14,50,0,111,24,0,24,135
04/30/2023,MSN,WI,AGL,CE,Combined TRACON& Tower with Radar,53,21,15,0,89,0,0,0,0,0,53,21,15,0,89,0,0,0,89
05/01/2023,MSN,WI,AGL,CE,Combined TRACON& Tower with Radar,52,23,14,0,89,0,1,3,0,4,52,24,17,0,93,0,0,0,93
05/02/2023,MSN,WI,AGL,CE,Combined TRACON& Tower with Radar,54,21,21,8,104,0,0,16,0,16,54,21,37,8,120,18,0,18,138
05/03/2023,MSN,WI,AGL,CE,Combined TRACON& Tower with Radar,56,22,41,3,122,0,0,92,0,92,56,22,133,3,214,86,0,86,300
05/04/2023,MSN,WI,AGL,CE,Combined TRACON& Tower with Radar,53,26,37,7,123,0,2,92,3,97,53,28,129,10,220,104,0,104,324
05/05/2023,MSN,WI,AGL,CE,Combined TRACON& Tower with Radar,48,18,41,8,115,0,0,76,4,80,48,18,117,12,195,91,0,91,286
05/06/2023,MSN,WI,AGL,CE,Combined TRACON& Tower with Radar,49,17,35,10,111,0,0,9,0,9,49,17,44,10,120,72,24,96,216
05/07/2023,MSN,WI,AGL,CE,Combined TRACON& Tower with Radar,53,23,34,7,117,0,3,52,4,59,53,26,86,11,176,92,0,92,268
05/08/2023,MSN,WI,AGL,CE,Combined TRACON& Tower with Radar,52,20,32,2,106,0,0,0,0,0,52,20,32,2,106,0,0,0,106
05/09/2023,MSN,WI,AGL,CE,Combined TRACON& Tower with Radar,60,24,29,2,115,0,3,43,3,49,60,27,72,5,164,70,0,70,234
05/10/2023,MSN,WI,AGL,CE,Combined TRACON& Tower with Radar,56,24,41,5,126,0,0,94,1,95,56,24,135,6,221,56,0,56,277
05/11/2023,MSN,WI,AGL,CE,Combined TRACON& Tower with Radar,57,29,57,1,144,0,0,79,15,94,57,29,136,16,238,30,0,30,268
05/12/2023,MSN,WI,AGL,CE,Combined TRACON& Tower with Radar,52,42,39,6,139,0,0,30,2,32,52,42,69,8,171,124,0,124,295
05/13/2023,MSN,WI,AGL,CE,Combined TRACON& Tower with Radar,47,30,12,0,89,0,0,81,0,81,47,30,93,0,170,104,0,104,274
05/14/2023,MSN,WI,AGL,CE,Combined TRACON& Tower with Radar,53,29,30,0,112,0,1,17,0,18,53,30,47,0,130,52,0,52,182
05/15/2023,MSN,WI,AGL,CE,Combined TRACON& Tower with Radar,52,35,41,13,141,0,6,91,12,109,52,41,132,25,250,114,12,126,376
05/16/2023,MSN,WI,AGL,CE,Combined TRACON& Tower with Radar,58,20,43,7,128,0,4,83,15,102,58,24,126,22,230,110,14,124,354
05/17/2023,MSN,WI,AGL,CE,Combined TRACON& Tower with Radar,55,35,49,8,147,0,3,107,20,130,55,38,156,28,277,158,0,158,435
05/18/2023,MSN,WI,AGL,CE,Combined TRACON& Tower with Radar,57,26,48,2,133,0,1,85,11,97,57,27,133,13,230,78,0,78,308
05/19/2023,MSN,WI,AGL,CE,Combined TRACON& Tower with Radar,53,21,49,4,127,0,2,44,4,50,53,23,93,8,177,84,0,84,261
05/20/2023,MSN,WI,AGL,CE,Combined TRACON& Tower with Radar,46,16,27,0,89,0,1,96,4,101,46,17,123,4,190,120,0,120,310
05/21/2023,MSN,WI,AGL,CE,Combined TRACON& Tower with Radar,58,13,24,0,95,0,1,102,0,103,58,14,126,0,198,164,0,164,362
05/22/2023,MSN,WI,AGL,CE,Combined TRACON& Tower with Radar,54,19,45,10,128,0,1,67,4,72,54,20,112,14,200,52,0,52,252
05/23/2023,MSN,WI,AGL,CE,Combined TRACON& Tower with Radar,58,18,43,4,123,0,3,93,13,109,58,21,136,17,232,90,0,90,322
05/24/2023,MSN,WI,AGL,CE,Combined TRACON& Tower with Radar,55,20,38,6,119,0,0,57,14,71,55,20,95,20,190,52,0,52,242
05/25/2023,MSN,WI,AGL,CE,Combined TRACON& Tower with Radar,55,22,45,5,127,0,1,99,17,117,55,23,144,22,244,80,0,80,324
05/26/2023,MSN,WI,AGL,CE,Combined TRACON& Tower with Radar,52,13,35,3,103,0,0,90,6,96,52,13,125,9,199,44,4,48,247
05/27/2023,MSN,WI,AGL,CE,Combined TRACON& Tower with Radar,47,11,26,2,86,0,1,124,2,127,47,12,150,4,213,110,0,110,323
05/28/2023,MSN,WI,AGL,CE,Combined TRACON& Tower with Radar,49,14,17,0,80,0,0,100,15,115,49,14,117,15,195,134,0,134,329
05/29/2023,MSN,WI,AGL,CE,Combined TRACON& Tower with Radar,52,11,27,2,92,0,2,98,4,104,52,13,125,6,196,98,0,98,294
05/30/2023,MSN,WI,AGL,CE,Combined TRACON& Tower with Radar,59,19,41,7,126,0,2,50,8,60,59,21,91,15,186,106,0,106,292
05/31/2023,MSN,WI,AGL,CE,Combined TRACON& Tower with Radar,60,28,49,8,145,0,1,78,18,97,60,29,127,26,242,74,0,74,316
06/01/2023,MSN,WI,AGL,CE,Combined TRACON& Tower with Radar,63,20,36,6,125,0,0,51,12,63,63,20,87,18,188,138,0,138,326
06/02/2023,MSN,WI,AGL,CE,Combined TRACON& Tower with Radar,51,24,36,6,117,0,4,94,5,103,51,28,130,11,220,90,0,90,310
06/03/2023,MSN,WI,AGL,CE,Combined TRACON& Tower with Radar,50,21,12,0,83,0,2,112,4,118,50,23,124,4,201,106,0,106,307
06/04/2023,MSN,WI,AGL,CE,Combined TRACON& Tower with Radar,58,23,35,0,116,0,10,77,3,90,58,33,112,3,206,152,0,152,358
06/05/2023,MSN,WI,AGL,CE,Combined TRACON& Tower with Radar,54,31,49,7,141,0,3,79,4,86,54,34,128,11,227,64,0,64,291
06/06/2023,MSN,WI,AGL,CE,Combined TRACON& Tower with Radar,57,21,35,7,120,0,0,48,9,57,57,21,83,16,177,112,0,112,289
06/07/2023,MSN,WI,AGL,CE,Combined TRACON& Tower with Radar,54,30,62,4,150,0,3,90,6,99,54,33,152,10,249,106,0,106,355
06/08/2023,MSN,WI,AGL,CE,Combined TRACON& Tower with Radar,55,28,57,5,145,0,0,114,15,129,55,28,171,20,274,80,0,80,354
06/09/2023,MSN,WI,AGL,CE,Combined TRACON& Tower with Radar,53,24,59,14,150,0,0,120,5,125,53,24,179,19,275,72,4,76,351
06/10/2023,MSN,WI,AGL,CE,Combined TRACON& Tower with Radar,47,26,21,1,95,0,0,126,9,135,47,26,147,10,230,86,0,86,316
06/11/2023,MSN,WI,AGL,CE,Combined TRACON& Tower with Radar,57,33,43,2,135,0,0,3,0,3,57,33,46,2,138,50,0,50,188
06/12/2023,MSN,WI,AGL,CE,Combined TRACON& Tower with Radar,51,30,47,10,138,0,0,63,4,67,51,30,110,14,205,12,0,12,217
06/13/2023,MSN,WI,AGL,CE,Combined TRACON& Tower with Radar,57,34,37,11,139,0,0,6,7,13,57,34,43,18,152,42,0,42,194
06/14/2023,MSN,WI,AGL,CE,Combined TRACON& Tower with Radar,54,34,56,12,156,0,3,60,12,75,54,37,116,24,231,110,0,110,341
06/15/2023,MSN,WI,AGL,CE,Combined TRACON& Tower with Radar,58,27,47,14,146,0,1,35,9,45,58,28,82,23,191,98,0,98,289
06/16/2023,MSN,WI,AGL,CE,Combined TRACON& Tower with Radar,50,27,56,1,134,0,0,54,3,57,50,27,110,4,191,126,0,126,317
06/17/2023,MSN,WI,AGL,CE,Combined TRACON& Tower with Radar,46,32,30,1,109,0,0,86,0,86,46,32,116,1,195,114,0,114,309
06/18/2023,MSN,WI,AGL,CE,Combined TRACON& Tower with Radar,58,18,20,3,99,0,0,67,3,70,58,18,87,6,169,88,0,88,257
06/19/2023,MSN,WI,AGL,CE,Combined TRACON& Tower with Radar,54,28,45,3,130,0,1,80,2,83,54,29,125,5,213,64,0,64,277
06/20/2023,MSN,WI,AGL,CE,Combined TRACON& Tower with Radar,55,32,46,10,143,0,0,71,7,78,55,32,117,17,221,86,0,86,307
06/21/2023,MSN,WI,AGL,CE,Combined TRACON& Tower with Radar,54,28,69,13,164,0,0,76,7,83,54,28,145,20,247,148,0,148,395
06/22/2023,MSN,WI,AGL,CE,Combined TRACON& Tower with Radar,55,28,42,13,138,0,0,72,16,88,55,28,114,29,226,76,0,76,302
06/23/2023,MSN,WI,AGL,CE,Combined TRACON& Tower with Radar,50,30,47,5,132,0,1,99,5,105,50,31,146,10,237,90,0,90,327
06/24/2023,MSN,WI,AGL,CE,Combined TRACON& Tower with Radar,47,19,25,0,91,0,0,70,1,71,47,19,95,1,162,144,0,144,306
06/25/2023,MSN,WI,AGL,CE,Combined TRACON& Tower with Radar,60,13,28,0,101,0,0,11,0,11,60,13,39,0,112,68,0,68,180
06/26/2023,MSN,WI,AGL,CE,Combined TRACON& Tower with Radar,51,20,45,2,118,0,0,4,0,4,51,20,49,2,122,14,0,14,136
06/27/2023,MSN,WI,AGL,CE,Combined TRACON& Tower with Radar,49,21,67,8,145,0,0,0,0,0,49,21,67,8,145,0,0,0,145
06/28/2023,MSN,WI,AGL,CE,Combined TRACON& Tower with Radar,45,32,61,6,144,0,0,0,0,0,45,32,61,6,144,0,0,0,144
06/29/2023,MSN,WI,AGL,CE,Combined TRACON& Tower with Radar,52,28,103,15,198,0,0,8,4,12,52,28,111,19,210,22,0,22,232
06/30/2023,MSN,WI,AGL,CE,Combined TRACON& Tower with Radar,49,20,50,7,126,0,0,90,4,94,49,20,140,11,220,122,0,122,342
07/01/2023,MSN,WI,AGL,CE,Combined TRACON& Tower with Radar,52,13,15,0,80,0,0,48,2,50,52,13,63,2,130,92,0,92,222
07/02/2023,MSN,WI,AGL,CE,Combined TRACON& Tower with Radar,56,12,28,0,96,0,0,81,0,81,56,12,109,0,177,158,0,158,335
07/03/2023,MSN,WI,AGL,CE,Combined TRACON& Tower with Radar,50,12,19,0,81,0,0,65,0,65,50,12,84,0,146,72,0,72,218
07/04/2023,MSN,WI,AGL,CE,Combined TRACON& Tower with Radar,45,7,16,1,69,0,0,55,5,60,45,7,71,6,129,40,0,40,169
07/05/2023,MSN,WI,AGL,CE,Combined TRACON& Tower with Radar,58,19,18,5,100,0,0,25,10,35,58,19,43,15,135,18,0,18,153
07/06/2023,MSN,WI,AGL,CE,Combined TRACON& Tower with Radar,53,21,45,13,132,0,0,73,10,83,53,21,118,23,215,176,0,176,391
07/07/2023,MSN,WI,AGL,CE,Combined TRACON& Tower with Radar,53,20,22,4,99,0,0,116,2,118,53,20,138,6,217,130,0,130,347
07/08/2023,MSN,WI,AGL,CE,Combined TRACON& Tower with Radar,48,22,34,10,114,0,1,90,0,91,48,23,124,10,205,132,0,132,337
07/09/2023,MSN,WI,AGL,CE,Combined TRACON& Tower with Radar,58,21,28,0,107,0,0,121,2,123,58,21,149,2,230,112,0,112,342
07/10/2023,MSN,WI,AGL,CE,Combined TRACON& Tower with Radar,55,24,49,7,135,0,0,71,3,74,55,24,120,10,209,66,0,66,275
07/11/2023,MSN,WI,AGL,CE,Combined TRACON& Tower with Radar,57,31,39,11,138,0,0,67,13,80,57,31,106,24,218,138,0,138,356
07/12/2023,MSN,WI,AGL,CE,Combined TRACON& Tower with Radar,66,26,32,5,129,0,0,0,2,2,66,26,32,7,131,16,0,16,147
07/13/2023,MSN,WI,AGL,CE,Combined TRACON& Tower with Radar,57,28,84,8,177,0,0,30,13,43,57,28,114,21,220,52,0,52,272
07/14/2023,MSN,WI,AGL,CE,Combined TRACON& Tower with Radar,53,28,38,4,123,0,0,69,4,73,53,28,107,8,196,56,0,56,252
07/15/2023,MSN,WI,AGL,CE,Combined TRACON& Tower with Radar,50,18,14,26,108,0,0,74,2,76,50,18,88,28,184,80,12,92,276
07/16/2023,MSN,WI,AGL,CE,Combined TRACON& Tower with Radar,58,32,31,3,124,0,0,75,6,81,58,32,106,9,205,68,0,68,273
07/17/2023,MSN,WI,AGL,CE,Combined TRACON& Tower with Radar,57,24,37,13,131,0,1,87,2,90,57,25,124,15,221,64,2,66,287
07/18/2023,MSN,WI,AGL,CE,Combined TRACON& Tower with Radar,58,20,42,12,132,0,0,87,9,96,58,20,129,21,228,62,0,62,290
07/19/2023,MSN,WI,AGL,CE,Combined TRACON& Tower with Radar,58,26,55,15,154,0,2,90,13,105,58,28,145,28,259,40,0,40,299
07/20/2023,MSN,WI,AGL,CE,Combined TRACON& Tower with Radar,55,30,76,10,171,0,2,58,2,62,55,32,134,12,233,20,6,26,259
07/21/2023,MSN,WI,AGL,CE,Combined TRACON& Tower with Radar,51,23,48,12,134,0,3,93,5,101,51,26,141,17,235,10,0,10,245
07/22/2023,MSN,WI,AGL,CE,Combined TRACON& Tower with Radar,53,18,32,1,104,0,2,80,4,86,53,20,112,5,190,12,0,12,202
07/23/2023,MSN,WI,AGL,CE,Combined TRACON& Tower with Radar,61,30,41,0,132,0,4,77,2,83,61,34,118,2,215,12,0,12,227
07/24/2023,MSN,WI,AGL,CE,Combined TRACON& Tower with Radar,56,23,40,11,130,0,0,37,1,38,56,23,77,12,168,18,0,18,186
07/25/2023,MSN,WI,AGL,CE,Combined TRACON& Tower with Radar,54,23,42,11,130,0,0,72,0,72,54,23,114,11,202,58,0,58,260
07/26/2023,MSN,WI,AGL,CE,Combined TRACON& Tower with Radar,60,21,34,17,132,0,0,45,2,47,60,21,79,19,179,28,16,44,223
07/27/2023,MSN,WI,AGL,CE,Combined TRACON& Tower with Radar,60,26,37,20,143,0,0,69,2,71,60,26,106,22,214,48,0,48,262
07/28/2023,MSN,WI,AGL,CE,Combined TRACON& Tower with Radar,53,20,26,4,103,0,0,37,1,38,53,20,63,5,141,0,0,0,141
07/29/2023,MSN,WI,AGL,CE,Combined TRACON& Tower with Radar,50,21,45,0,116,0,1,35,0,36,50,22,80,0,152,8,0,8,160
07/30/2023,MSN,WI,AGL,CE,Combined TRACON& Tower with Radar,57,19,38,0,114,0,1,66,0,67,57,20,104,0,181,0,0,0,181
07/31/2023,MSN,WI,AGL,CE,Combined TRACON& Tower with Radar,56,23,39,10,128,0,1,92,4,97,56,24,131,14,225,80,0,80,305
08/01/2023,MSN,WI,AGL,CE,Combined TRACON& Tower with Radar,58,35,36,6,135,0,0,56,0,56,58,35,92,6,191,69,0,69,260
08/02/2023,MSN,WI,AGL,CE,Combined TRACON& Tower with Radar,62,24,57,5,148,0,0,88,4,92,62,24,145,9,240,62,0,62,302
08/03/2023,MSN,WI,AGL,CE,Combined TRACON& Tower with Radar,60,32,48,11,151,0,0,54,6,60,60,32,102,17,211,84,0,84,295
08/04/2023,MSN,WI,AGL,CE,Combined TRACON& Tower with Radar,57,19,45,3,124,0,0,79,2,81,57,19,124,5,205,50,0,50,255
08/05/2023,MSN,WI,AGL,CE,Combined TRACON& Tower with Radar,54,15,20,5,94,0,0,79,4,83,54,15,99,9,177,148,8,156,333
08/06/2023,MSN,WI,AGL,CE,Combined TRACON& Tower with Radar,58,29,38,6,131,0,0,47,2,49,58,29,85,8,180,62,0,62,242
08/07/2023,MSN,WI,AGL,CE,Combined TRACON& Tower with Radar,53,27,56,7,143,0,0,78,4,82,53,27,134,11,225,108,0,108,333
08/08/2023,MSN,WI,AGL,CE,Combined TRACON& Tower with Radar,56,27,49,12,144,0,2,77,2,81,56,29,126,14,225,156,0,156,381
08/09/2023,MSN,WI,AGL,CE,Combined TRACON& Tower with Radar,62,24,48,14,148,0,1,77,8,86,62,25,125,22,234,84,0,84,318
08/10/2023,MSN,WI,AGL,CE,Combined TRACON& Tower with Radar,58,27,62,9,156,0,3,92,18,113,58,30,154,27,269,156,0,156,425
08/11/2023,MSN,WI,AGL,CE,Combined TRACON& Tower with Radar,56,21,37,1,115,0,0,47,4,51,56,21,84,5,166,70,2,72,238
08/12/2023,MSN,WI,AGL,CE,Combined TRACON& Tower with Radar,52,18,26,0,96,0,1,88,2,91,52,19,114,2,187,94,0,94,281
08/13/2023,MSN,WI,AGL,CE,Combined TRACON& Tower with Radar,62,20,53,0,135,0,0,29,0,29,62,20,82,0,164,80,0,80,244
08/14/2023,MSN,WI,AGL,CE,Combined TRACON& Tower with Radar,55,12,38,4,109,0,0,0,0,0,55,12,38,4,109,0,0,0,109
08/15/2023,MSN,WI,AGL,CE,Combined TRACON& Tower with Radar,62,31,37,7,137,0,0,78,7,85,62,31,115,14,222,186,0,186,408
08/16/2023,MSN,WI,AGL,CE,Combined TRACON& Tower with Radar,68,26,53,24,171,0,2,74,3,79,68,28,127,27,250,88,0,88,338
08/17/2023,MSN,WI,AGL,CE,Combined TRACON& Tower with Radar,65,42,20,12,139,0,0,38,9,47,65,42,58,21,186,76,0,76,262
08/18/2023,MSN,WI,AGL,CE,Combined TRACON& Tower with Radar,61,23,35,2,121,0,0,89,1,90,61,23,124,3,211,102,0,102,313
08/19/2023,MSN,WI,AGL,CE,Combined TRACON& Tower with Radar,56,21,16,0,93,0,3,79,2,84,56,24,95,2,177,116,0,116,293
08/20/2023,MSN,WI,AGL,CE,Combined TRACON& Tower with Radar,103,20,34,0,157,0,1,94,0,95,103,21,128,0,252,76,0,76,328
08/21/2023,MSN,WI,AGL,CE,Combined TRACON& Tower with Radar,65,20,38,13,136,0,1,85,2,88,65,21,123,15,224,50,0,50,274
08/22/2023,MSN,WI,AGL,CE,Combined TRACON& Tower with Radar,63,37,40,5,145,0,0,67,12,79,63,37,107,17,224,116,0,116,340
08/23/2023,MSN,WI,AGL,CE,Combined TRACON& Tower with Radar,96,18,40,18,172,0,0,42,11,53,96,18,82,29,225,72,0,72,297
08/24/2023,MSN,WI,AGL,CE,Combined TRACON& Tower with Radar,74,29,32,9,144,0,0,40,12,52,74,29,72,21,196,74,0,74,270
08/25/2023,MSN,WI,AGL,CE,Combined TRACON& Tower with Radar,62,27,47,18,154,0,0,20,3,23,62,27,67,21,177,120,0,120,297
08/26/2023,MSN,WI,AGL,CE,Combined TRACON& Tower with Radar,61,9,34,9,113,0,0,33,0,33,61,9,67,9,146,46,0,46,192
08/27/2023,MSN,WI,AGL,CE,Combined TRACON& Tower with Radar,67,17,30,3,117,0,0,93,0,93,67,17,123,3,210,64,0,64,274
08/28/2023,MSN,WI,AGL,CE,Combined TRACON& Tower with Radar,60,17,37,13,127,0,2,74,2,78,60,19,111,15,205,102,8,110,315
08/29/2023,MSN,WI,AGL,CE,Combined TRACON& Tower with Radar,62,18,38,13,131,0,1,77,9,87,62,19,115,22,218,140,0,140,358
08/30/2023,MSN,WI,AGL,CE,Combined TRACON& Tower with Radar,65,26,49,11,151,0,0,85,6,91,65,26,134,17,242,192,0,192,434
08/31/2023,MSN,WI,AGL,CE,Combined TRACON& Tower with Radar,66,23,52,16,157,0,1,101,10,112,66,24,153,26,269,120,0,120,389
