01/01/2020,MSO,MT,ANM,WE,Federal Contract Tower,23,6,8,0,37,1,5,3,0,9,24,11,11,0,46,12,0,12,58
01/02/2020,MSO,MT,ANM,WE,Federal Contract Tower,22,20,15,0,57,0,2,2,0,4,22,22,17,0,61,18,0,18,79
01/03/2020,MSO,MT,ANM,WE,Federal Contract Tower,22,14,9,0,45,0,5,11,0,16,22,19,20,0,61,26,0,26,87
01/04/2020,MSO,MT,ANM,WE,Federal Contract Tower,26,4,7,0,37,0,0,0,0,0,26,4,7,0,37,20,0,20,57
01/05/2020,MSO,MT,ANM,WE,Federal Contract Tower,27,4,12,0,43,0,3,20,0,23,27,7,32,0,66,18,0,18,84
01/06/2020,MSO,MT,ANM,WE,Federal Contract Tower,20,14,2,0,36,0,0,4,0,4,20,14,6,0,40,0,0,0,40
01/07/2020,MSO,MT,ANM,WE,Federal Contract Tower,27,15,5,0,47,0,0,0,0,0,27,15,5,0,47,8,0,8,55
01/08/2020,MSO,MT,ANM,WE,Federal Contract Tower,16,16,9,0,41,0,0,8,0,8,16,16,17,0,49,8,0,8,57
01/09/2020,MSO,MT,ANM,WE,Federal Contract Tower,18,16,10,0,44,0,1,11,0,12,18,17,21,0,56,16,0,16,72
01/10/2020,MSO,MT,ANM,WE,Federal Contract Tower,19,12,16,0,47,0,3,26,0,29,19,15,42,0,76,44,0,44,120
01/11/2020,MSO,MT,ANM,WE,Federal Contract Tower,16,6,1,0,23,0,1,2,0,3,16,7,3,0,26,18,0,18,44
01/12/2020,MSO,MT,ANM,WE,Federal Contract Tower,17,10,8,0,35,0,4,8,0,12,17,14,16,0,47,34,0,34,81
01/13/2020,MSO,MT,ANM,WE,Federal Contract Tower,17,10,13,0,40,0,26,16,0,42,17,36,29,0,82,24,0,24,106
01/14/2020,MSO,MT,ANM,WE,Federal Contract Tower,14,13,8,0,35,0,11,5,0,16,14,24,13,0,51,14,0,14,65
01/15/2020,MSO,MT,ANM,WE,Federal Contract Tower,14,19,5,0,38,0,6,35,0,41,14,25,40,0,79,70,0,70,149
01/16/2020,MSO,MT,ANM,WE,Federal Contract Tower,18,14,8,4,44,0,1,24,0,25,18,15,32,4,69,42,0,42,111
01/17/2020,MSO,MT,ANM,WE,Federal Contract Tower,16,11,11,0,38,0,0,17,0,17,16,11,28,0,55,22,0,22,77
01/18/2020,MSO,MT,ANM,WE,Federal Contract Tower,13,16,2,0,31,0,4,11,0,15,13,20,13,0,46,36,0,36,82
01/19/2020,MSO,MT,ANM,WE,Federal Contract Tower,17,7,14,0,38,0,3,44,0,47,17,10,58,0,85,8,0,8,93
01/20/2020,MSO,MT,ANM,WE,Federal Contract Tower,17,14,12,0,43,0,4,27,0,31,17,18,39,0,74,46,0,46,120
01/21/2020,MSO,MT,ANM,WE,Federal Contract Tower,15,19,8,0,42,0,9,18,0,27,15,28,26,0,69,36,0,36,105
01/22/2020,MSO,MT,ANM,WE,Federal Contract Tower,15,17,13,0,45,0,0,29,0,29,15,17,42,0,74,86,0,86,160
01/23/2020,MSO,MT,ANM,WE,Federal Contract Tower,18,14,9,0,41,0,2,12,0,14,18,16,21,0,55,16,0,16,71
01/24/2020,MSO,MT,ANM,WE,Federal Contract Tower,18,16,6,0,40,0,0,4,0,4,18,16,10,0,44,6,0,6,50
01/25/2020,MSO,MT,ANM,WE,Federal Contract Tower,12,9,1,0,22,0,0,1,0,1,12,9,2,0,23,10,0,10,33
01/27/2020,MSO,MT,ANM,WE,Federal Contract Tower,18,9,3,0,30,0,1,11,0,12,18,10,14,0,42,26,0,26,68
01/28/2020,MSO,MT,ANM,WE,Federal Contract Tower,13,18,2,0,33,0,3,7,0,10,13,21,9,0,43,24,0,24,67
01/29/2020,MSO,MT,ANM,WE,Federal Contract Tower,16,17,7,0,40,0,0,19,0,19,16,17,26,0,59,4,0,4,63
01/30/2020,MSO,MT,ANM,WE,Federal Contract Tower,16,17,5,0,38,0,12,41,0,53,16,29,46,0,91,36,0,36,127
01/31/2020,MSO,MT,ANM,WE,Federal Contract Tower,18,16,12,0,46,0,1,15,0,16,18,17,27,0,62,32,0,32,94
02/01/2020,MSO,MT,ANM,WE,Federal Contract Tower,14,8,5,0,27,0,0,3,0,3,14,8,8,0,30,0,0,0,30
02/02/2020,MSO,MT,ANM,WE,Federal Contract Tower,16,8,1,0,25,0,1,29,0,30,16,9,30,0,55,32,0,32,87
02/03/2020,MSO,MT,ANM,WE,Federal Contract Tower,16,10,10,9,45,0,1,57,2,60,16,11,67,11,105,16,8,24,129
02/04/2020,MSO,MT,ANM,WE,Federal Contract Tower,14,17,19,0,50,0,0,26,0,26,14,17,45,0,76,16,0,16,92
02/05/2020,MSO,MT,ANM,WE,Federal Contract Tower,14,17,16,0,47,0,0,0,0,0,14,17,16,0,47,0,0,0,47
02/06/2020,MSO,MT,ANM,WE,Federal Contract Tower,19,16,13,0,48,0,0,3,0,3,19,16,16,0,51,0,0,0,51
02/07/2020,MSO,MT,ANM,WE,Federal Contract Tower,14,8,12,2,36,0,0,0,0,0,14,8,12,2,36,0,0,0,36
02/08/2020,MSO,MT,ANM,WE,Federal Contract Tower,15,13,13,0,41,0,0,5,0,5,15,13,18,0,46,6,0,6,52
02/09/2020,MSO,MT,ANM,WE,Federal Contract Tower,17,7,11,0,35,0,0,38,0,38,17,7,49,0,73,100,0,100,173
02/10/2020,MSO,MT,ANM,WE,Federal Contract Tower,19,13,16,0,48,0,5,20,0,25,19,18,36,0,73,16,0,16,89
02/11/2020,MSO,MT,ANM,WE,Federal Contract Tower,18,23,6,0,47,0,3,4,0,7,18,26,10,0,54,0,0,0,54
02/12/2020,MSO,MT,ANM,WE,Federal Contract Tower,13,20,11,0,44,0,3,4,0,7,13,23,15,0,51,20,0,20,71
02/13/2020,MSO,MT,ANM,WE,Federal Contract Tower,16,17,13,5,51,0,0,48,1,49,16,17,61,6,100,66,0,66,166
02/14/2020,MSO,MT,ANM,WE,Federal Contract Tower,17,15,5,0,37,0,0,5,0,5,17,15,10,0,42,18,0,18,60
02/15/2020,MSO,MT,ANM,WE,Federal Contract Tower,18,7,9,0,34,0,11,17,0,28,18,18,26,0,62,56,0,56,118
02/16/2020,MSO,MT,ANM,WE,Federal Contract Tower,16,6,3,0,25,0,0,2,0,2,16,6,5,0,27,0,0,0,27
02/17/2020,MSO,MT,ANM,WE,Federal Contract Tower,19,10,8,0,37,0,2,8,1,11,19,12,16,1,48,10,0,10,58
02/18/2020,MSO,MT,ANM,WE,Federal Contract Tower,17,15,6,0,38,0,3,19,0,22,17,18,25,0,60,28,0,28,88
02/19/2020,MSO,MT,ANM,WE,Federal Contract Tower,12,13,11,0,36,0,0,30,0,30,12,13,41,0,66,44,0,44,110
02/20/2020,MSO,MT,ANM,WE,Federal Contract Tower,20,13,25,12,70,0,5,55,0,60,20,18,80,12,130,54,0,54,184
02/21/2020,MSO,MT,ANM,WE,Federal Contract Tower,18,14,15,0,47,0,6,56,0,62,18,20,71,0,109,68,0,68,177
02/22/2020,MSO,MT,ANM,WE,Federal Contract Tower,17,8,5,0,30,0,9,30,0,39,17,17,35,0,69,54,0,54,123
02/23/2020,MSO,MT,ANM,WE,Federal Contract Tower,18,9,9,0,36,0,3,5,0,8,18,12,14,0,44,10,0,10,54
02/24/2020,MSO,MT,ANM,WE,Federal Contract Tower,19,3,12,0,34,0,2,14,0,16,19,5,26,0,50,52,0,52,102
02/25/2020,MSO,MT,ANM,WE,Federal Contract Tower,17,16,19,0,52,0,0,20,2,22,17,16,39,2,74,22,0,22,96
02/26/2020,MSO,MT,ANM,WE,Federal Contract Tower,17,13,28,0,58,0,2,13,0,15,17,15,41,0,73,48,0,48,121
02/27/2020,MSO,MT,ANM,WE,Federal Contract Tower,25,18,13,0,56,0,2,31,0,33,25,20,44,0,89,26,0,26,115
02/28/2020,MSO,MT,ANM,WE,Federal Contract Tower,19,13,11,0,43,0,3,46,0,49,19,16,57,0,92,38,0,38,130
02/29/2020,MSO,MT,ANM,WE,Federal Contract Tower,14,6,7,0,27,0,2,13,0,15,14,8,20,0,42,6,0,6,48
03/01/2020,MSO,MT,ANM,WE,Federal Contract Tower,18,11,9,0,38,0,7,22,0,29,18,18,31,0,67,28,0,28,95
03/02/2020,MSO,MT,ANM,WE,Federal Contract Tower,20,8,10,6,44,0,10,12,3,25,20,18,22,9,69,26,18,44,113
03/03/2020,MSO,MT,ANM,WE,Federal Contract Tower,13,13,21,0,47,0,0,26,0,26,13,13,47,0,73,20,0,20,93
03/04/2020,MSO,MT,ANM,WE,Federal Contract Tower,14,18,3,4,39,0,2,7,0,9,14,20,10,4,48,4,0,4,52
03/05/2020,MSO,MT,ANM,WE,Federal Contract Tower,19,18,22,5,64,0,2,60,0,62,19,20,82,5,126,76,0,76,202
03/06/2020,MSO,MT,ANM,WE,Federal Contract Tower,19,14,10,2,45,0,0,69,0,69,19,14,79,2,114,74,0,74,188
03/07/2020,MSO,MT,ANM,WE,Federal Contract Tower,16,8,5,0,29,0,2,16,0,18,16,10,21,0,47,30,0,30,77
03/08/2020,MSO,MT,ANM,WE,Federal Contract Tower,19,7,10,0,36,0,10,32,0,42,19,17,42,0,78,22,0,22,100
03/09/2020,MSO,MT,ANM,WE,Federal Contract Tower,18,8,12,0,38,0,11,39,0,50,18,19,51,0,88,20,0,20,108
03/10/2020,MSO,MT,ANM,WE,Federal Contract Tower,18,16,10,0,44,0,1,37,0,38,18,17,47,0,82,14,0,14,96
03/11/2020,MSO,MT,ANM,WE,Federal Contract Tower,16,13,14,0,43,0,0,8,0,8,16,13,22,0,51,30,0,30,81
03/12/2020,MSO,MT,ANM,WE,Federal Contract Tower,19,9,13,1,42,0,2,47,0,49,19,11,60,1,91,50,0,50,141
03/13/2020,MSO,MT,ANM,WE,Federal Contract Tower,17,19,22,0,58,0,0,11,0,11,17,19,33,0,69,16,0,16,85
03/14/2020,MSO,MT,ANM,WE,Federal Contract Tower,15,12,5,0,32,0,0,0,0,0,15,12,5,0,32,0,0,0,32
03/15/2020,MSO,MT,ANM,WE,Federal Contract Tower,22,3,12,0,37,0,2,9,0,11,22,5,21,0,48,0,0,0,48
03/17/2020,MSO,MT,ANM,WE,Federal Contract Tower,20,24,13,0,57,0,7,20,0,27,20,31,33,0,84,32,0,32,116
03/18/2020,MSO,MT,ANM,WE,Federal Contract Tower,16,11,4,0,31,0,2,8,0,10,16,13,12,0,41,28,0,28,69
03/19/2020,MSO,MT,ANM,WE,Federal Contract Tower,20,11,8,1,40,0,7,10,0,17,20,18,18,1,57,26,12,38,95
03/20/2020,MSO,MT,ANM,WE,Federal Contract Tower,23,18,8,0,49,0,7,30,0,37,23,25,38,0,86,20,0,20,106
03/21/2020,MSO,MT,ANM,WE,Federal Contract Tower,14,9,3,0,26,0,0,51,0,51,14,9,54,0,77,20,0,20,97
03/22/2020,MSO,MT,ANM,WE,Federal Contract Tower,15,3,10,0,28,0,8,47,0,55,15,11,57,0,83,56,0,56,139
03/23/2020,MSO,MT,ANM,WE,Federal Contract Tower,19,2,13,0,34,0,2,7,0,9,19,4,20,0,43,0,0,0,43
03/24/2020,MSO,MT,ANM,WE,Federal Contract Tower,16,11,2,0,29,0,2,0,0,2,16,13,2,0,31,0,0,0,31
03/25/2020,MSO,MT,ANM,WE,Federal Contract Tower,16,10,4,0,30,0,1,6,0,7,16,11,10,0,37,14,0,14,51
03/26/2020,MSO,MT,ANM,WE,Federal Contract Tower,13,12,11,0,36,0,2,16,0,18,13,14,27,0,54,44,0,44,98
03/27/2020,MSO,MT,ANM,WE,Federal Contract Tower,14,12,3,0,29,0,6,28,0,34,14,18,31,0,63,40,0,40,103
03/28/2020,MSO,MT,ANM,WE,Federal Contract Tower,12,5,3,0,20,0,0,16,0,16,12,5,19,0,36,24,0,24,60
03/29/2020,MSO,MT,ANM,WE,Federal Contract Tower,11,2,4,0,17,0,0,10,0,10,11,2,14,0,27,4,0,4,31
03/30/2020,MSO,MT,ANM,WE,Federal Contract Tower,8,2,12,0,22,0,0,0,0,0,8,2,12,0,22,22,0,22,44
03/31/2020,MSO,MT,ANM,WE,Federal Contract Tower,10,14,10,0,34,0,0,4,0,4,10,14,14,0,38,0,0,0,38
04/01/2020,MSO,MT,ANM,WE,Federal Contract Tower,13,10,4,0,27,0,0,6,0,6,13,10,10,0,33,2,0,2,35
04/02/2020,MSO,MT,ANM,WE,Federal Contract Tower,10,19,4,0,33,0,2,3,2,7,10,21,7,2,40,0,0,0,40
04/03/2020,MSO,MT,ANM,WE,Federal Contract Tower,12,11,2,0,25,0,0,10,0,10,12,11,12,0,35,2,0,2,37
04/04/2020,MSO,MT,ANM,WE,Federal Contract Tower,10,2,1,0,13,0,1,20,0,21,10,3,21,0,34,14,0,14,48
04/05/2020,MSO,MT,ANM,WE,Federal Contract Tower,12,2,2,0,16,0,7,3,0,10,12,9,5,0,26,0,0,0,26
04/06/2020,MSO,MT,ANM,WE,Federal Contract Tower,9,2,8,0,19,0,2,3,0,5,9,4,11,0,24,0,0,0,24
04/07/2020,MSO,MT,ANM,WE,Federal Contract Tower,10,10,2,1,23,0,0,2,2,4,10,10,4,3,27,2,10,12,39
04/08/2020,MSO,MT,ANM,WE,Federal Contract Tower,11,9,2,0,22,0,4,34,0,38,11,13,36,0,60,18,0,18,78
04/09/2020,MSO,MT,ANM,WE,Federal Contract Tower,12,8,6,0,26,0,0,44,0,44,12,8,50,0,70,32,0,32,102
04/10/2020,MSO,MT,ANM,WE,Federal Contract Tower,9,9,6,0,24,0,4,22,0,26,9,13,28,0,50,0,0,0,50
04/11/2020,MSO,MT,ANM,WE,Federal Contract Tower,10,2,0,0,12,0,0,0,0,0,10,2,0,0,12,0,0,0,12
04/12/2020,MSO,MT,ANM,WE,Federal Contract Tower,8,0,7,0,15,0,0,18,0,18,8,0,25,0,33,20,0,20,53
04/13/2020,MSO,MT,ANM,WE,Federal Contract Tower,8,2,0,0,10,0,8,33,0,41,8,10,33,0,51,16,0,16,67
04/14/2020,MSO,MT,ANM,WE,Federal Contract Tower,9,12,12,0,33,0,13,0,0,13,9,25,12,0,46,0,0,0,46
04/15/2020,MSO,MT,ANM,WE,Federal Contract Tower,8,6,5,0,19,0,0,1,0,1,8,6,6,0,20,2,0,2,22
04/16/2020,MSO,MT,ANM,WE,Federal Contract Tower,9,7,3,0,19,0,2,45,0,47,9,9,48,0,66,26,0,26,92
04/17/2020,MSO,MT,ANM,WE,Federal Contract Tower,10,7,4,0,21,0,0,32,0,32,10,7,36,0,53,0,0,0,53
04/18/2020,MSO,MT,ANM,WE,Federal Contract Tower,10,7,3,0,20,0,4,19,0,23,10,11,22,0,43,18,0,18,61
04/19/2020,MSO,MT,ANM,WE,Federal Contract Tower,8,1,11,0,20,0,4,12,0,16,8,5,23,0,36,10,0,10,46
04/20/2020,MSO,MT,ANM,WE,Federal Contract Tower,9,4,3,10,26,0,0,20,3,23,9,4,23,13,49,16,30,46,95
04/21/2020,MSO,MT,ANM,WE,Federal Contract Tower,4,9,6,0,19,0,0,20,0,20,4,9,26,0,39,6,0,6,45
04/22/2020,MSO,MT,ANM,WE,Federal Contract Tower,8,6,5,0,19,0,3,32,0,35,8,9,37,0,54,4,0,4,58
04/23/2020,MSO,MT,ANM,WE,Federal Contract Tower,8,9,16,0,33,0,0,20,0,20,8,9,36,0,53,0,0,0,53
04/24/2020,MSO,MT,ANM,WE,Federal Contract Tower,7,6,5,0,18,0,6,40,0,46,7,12,45,0,64,8,0,8,72
04/25/2020,MSO,MT,ANM,WE,Federal Contract Tower,5,4,2,0,11,0,0,24,0,24,5,4,26,0,35,4,0,4,39
04/26/2020,MSO,MT,ANM,WE,Federal Contract Tower,6,6,6,0,18,0,5,36,0,41,6,11,42,0,59,12,0,12,71
04/27/2020,MSO,MT,ANM,WE,Federal Contract Tower,7,4,10,0,21,0,3,11,0,14,7,7,21,0,35,10,0,10,45
04/28/2020,MSO,MT,ANM,WE,Federal Contract Tower,9,7,11,0,27,0,1,72,0,73,9,8,83,0,100,54,0,54,154
04/29/2020,MSO,MT,ANM,WE,Federal Contract Tower,8,5,6,0,19,0,3,33,2,38,8,8,39,2,57,20,6,26,83
04/30/2020,MSO,MT,ANM,WE,Federal Contract Tower,12,8,11,0,31,0,5,5,0,10,12,13,16,0,41,0,0,0,41
05/01/2020,MSO,MT,ANM,WE,Federal Contract Tower,10,6,15,0,31,0,5,56,0,61,10,11,71,0,92,26,0,26,118
05/02/2020,MSO,MT,ANM,WE,Federal Contract Tower,10,2,5,0,17,0,4,27,0,31,10,6,32,0,48,30,0,30,78
05/03/2020,MSO,MT,ANM,WE,Federal Contract Tower,8,2,8,0,18,0,0,16,0,16,8,2,24,0,34,12,0,12,46
05/04/2020,MSO,MT,ANM,WE,Federal Contract Tower,8,2,0,0,10,0,11,21,0,32,8,13,21,0,42,6,0,6,48
05/05/2020,MSO,MT,ANM,WE,Federal Contract Tower,11,11,8,4,34,0,8,57,0,65,11,19,65,4,99,44,0,44,143
05/06/2020,MSO,MT,ANM,WE,Federal Contract Tower,10,8,11,0,29,0,2,24,0,26,10,10,35,0,55,24,2,26,81
05/07/2020,MSO,MT,ANM,WE,Federal Contract Tower,12,13,16,6,47,0,0,27,2,29,12,13,43,8,76,26,14,40,116
05/08/2020,MSO,MT,ANM,WE,Federal Contract Tower,9,11,5,0,25,0,2,42,0,44,9,13,47,0,69,68,0,68,137
05/09/2020,MSO,MT,ANM,WE,Federal Contract Tower,7,4,2,0,13,0,1,33,0,34,7,5,35,0,47,14,0,14,61
05/10/2020,MSO,MT,ANM,WE,Federal Contract Tower,13,3,3,0,19,0,1,7,0,8,13,4,10,0,27,0,0,0,27
05/11/2020,MSO,MT,ANM,WE,Federal Contract Tower,9,6,9,0,24,0,6,14,0,20,9,12,23,0,44,8,0,8,52
05/12/2020,MSO,MT,ANM,WE,Federal Contract Tower,10,15,6,0,31,0,4,7,0,11,10,19,13,0,42,0,0,0,42
05/13/2020,MSO,MT,ANM,WE,Federal Contract Tower,10,10,8,0,28,0,5,29,0,34,10,15,37,0,62,58,0,58,120
05/14/2020,MSO,MT,ANM,WE,Federal Contract Tower,12,9,9,2,32,0,5,43,0,48,12,14,52,2,80,98,4,102,182
05/15/2020,MSO,MT,ANM,WE,Federal Contract Tower,9,12,15,0,36,0,0,7,0,7,9,12,22,0,43,0,0,0,43
05/16/2020,MSO,MT,ANM,WE,Federal Contract Tower,10,6,9,0,25,0,9,46,0,55,10,15,55,0,80,32,0,32,112
05/17/2020,MSO,MT,ANM,WE,Federal Contract Tower,11,4,16,0,31,0,7,26,0,33,11,11,42,0,64,12,0,12,76
05/18/2020,MSO,MT,ANM,WE,Federal Contract Tower,11,2,4,14,31,0,0,11,0,11,11,2,15,14,42,40,0,40,82
05/19/2020,MSO,MT,ANM,WE,Federal Contract Tower,10,13,10,0,33,0,0,14,0,14,10,13,24,0,47,8,0,8,55
05/20/2020,MSO,MT,ANM,WE,Federal Contract Tower,11,8,10,0,29,0,0,24,0,24,11,8,34,0,53,24,0,24,77
05/21/2020,MSO,MT,ANM,WE,Federal Contract Tower,14,3,13,0,30,0,7,24,0,31,14,10,37,0,61,48,0,48,109
05/22/2020,MSO,MT,ANM,WE,Federal Contract Tower,12,10,11,2,35,0,0,16,0,16,12,10,27,2,51,22,26,48,99
05/23/2020,MSO,MT,ANM,WE,Federal Contract Tower,11,5,9,0,25,0,7,23,0,30,11,12,32,0,55,8,0,8,63
05/24/2020,MSO,MT,ANM,WE,Federal Contract Tower,13,8,7,2,30,0,0,22,0,22,13,8,29,2,52,46,0,46,98
05/25/2020,MSO,MT,ANM,WE,Federal Contract Tower,12,7,3,0,22,0,2,26,0,28,12,9,29,0,50,0,0,0,50
05/26/2020,MSO,MT,ANM,WE,Federal Contract Tower,10,5,4,0,19,0,3,28,0,31,10,8,32,0,50,22,0,22,72
05/27/2020,MSO,MT,ANM,WE,Federal Contract Tower,11,14,20,0,45,0,8,51,0,59,11,22,71,0,104,24,0,24,128
05/28/2020,MSO,MT,ANM,WE,Federal Contract Tower,13,10,6,0,29,0,6,49,0,55,13,16,55,0,84,24,0,24,108
05/29/2020,MSO,MT,ANM,WE,Federal Contract Tower,12,12,10,2,36,0,7,50,0,57,12,19,60,2,93,58,0,58,151
05/30/2020,MSO,MT,ANM,WE,Federal Contract Tower,10,5,4,0,19,0,3,31,0,34,10,8,35,0,53,16,0,16,69
05/31/2020,MSO,MT,ANM,WE,Federal Contract Tower,12,11,9,0,32,0,2,11,0,13,12,13,20,0,45,4,0,4,49
06/01/2020,MSO,MT,ANM,WE,Federal Contract Tower,13,9,18,0,40,0,7,39,0,46,13,16,57,0,86,10,0,10,96
06/02/2020,MSO,MT,ANM,WE,Federal Contract Tower,12,11,11,0,34,0,11,65,0,76,12,22,76,0,110,114,0,114,224
06/03/2020,MSO,MT,ANM,WE,Federal Contract Tower,11,20,12,0,43,0,4,65,0,69,11,24,77,0,112,32,0,32,144
06/04/2020,MSO,MT,ANM,WE,Federal Contract Tower,14,15,18,4,51,0,1,41,0,42,14,16,59,4,93,30,0,30,123
06/05/2020,MSO,MT,ANM,WE,Federal Contract Tower,14,19,12,0,45,0,5,70,0,75,14,24,82,0,120,68,0,68,188
06/06/2020,MSO,MT,ANM,WE,Federal Contract Tower,11,9,19,0,39,0,4,4,0,8,11,13,23,0,47,24,0,24,71
06/07/2020,MSO,MT,ANM,WE,Federal Contract Tower,14,12,14,0,40,0,2,7,0,9,14,14,21,0,49,0,0,0,49
06/08/2020,MSO,MT,ANM,WE,Federal Contract Tower,20,18,9,0,47,0,0,7,0,7,20,18,16,0,54,4,0,4,58
06/09/2020,MSO,MT,ANM,WE,Federal Contract Tower,11,21,20,0,52,0,5,28,0,33,11,26,48,0,85,34,0,34,119
06/10/2020,MSO,MT,ANM,WE,Federal Contract Tower,12,20,16,0,48,0,1,44,0,45,12,21,60,0,93,64,0,64,157
06/11/2020,MSO,MT,ANM,WE,Federal Contract Tower,14,19,13,0,46,0,3,68,0,71,14,22,81,0,117,76,0,76,193
06/12/2020,MSO,MT,ANM,WE,Federal Contract Tower,12,23,19,0,54,0,7,64,0,71,12,30,83,0,125,50,0,50,175
06/13/2020,MSO,MT,ANM,WE,Federal Contract Tower,10,20,19,0,49,0,9,22,0,31,10,29,41,0,80,20,0,20,100
06/14/2020,MSO,MT,ANM,WE,Federal Contract Tower,15,7,17,0,39,0,0,6,0,6,15,7,23,0,45,4,0,4,49
06/15/2020,MSO,MT,ANM,WE,Federal Contract Tower,17,13,14,2,46,3,6,18,0,27,20,19,32,2,73,58,0,58,131
06/16/2020,MSO,MT,ANM,WE,Federal Contract Tower,9,17,13,0,39,0,0,14,0,14,9,17,27,0,53,26,0,26,79
06/17/2020,MSO,MT,ANM,WE,Federal Contract Tower,11,21,27,6,65,0,1,20,1,22,11,22,47,7,87,6,24,30,117
06/18/2020,MSO,MT,ANM,WE,Federal Contract Tower,14,14,25,0,53,0,5,33,0,38,14,19,58,0,91,118,0,118,209
06/20/2020,MSO,MT,ANM,WE,Federal Contract Tower,10,11,17,0,38,0,7,41,0,48,10,18,58,0,86,58,0,58,144
06/21/2020,MSO,MT,ANM,WE,Federal Contract Tower,15,17,20,0,52,0,2,24,0,26,15,19,44,0,78,8,0,8,86
06/22/2020,MSO,MT,ANM,WE,Federal Contract Tower,18,10,7,5,40,0,5,45,1,51,18,15,52,6,91,28,12,40,131
06/23/2020,MSO,MT,ANM,WE,Federal Contract Tower,12,18,15,4,49,0,9,59,0,68,12,27,74,4,117,60,0,60,177
06/24/2020,MSO,MT,ANM,WE,Federal Contract Tower,15,22,12,0,49,0,6,36,0,42,15,28,48,0,91,86,0,86,177
06/25/2020,MSO,MT,ANM,WE,Federal Contract Tower,14,31,21,0,66,0,0,49,0,49,14,31,70,0,115,44,0,44,159
06/26/2020,MSO,MT,ANM,WE,Federal Contract Tower,19,21,19,0,59,0,10,71,2,83,19,31,90,2,142,38,0,38,180
06/27/2020,MSO,MT,ANM,WE,Federal Contract Tower,16,17,19,0,52,0,7,19,0,26,16,24,38,0,78,20,0,20,98
06/28/2020,MSO,MT,ANM,WE,Federal Contract Tower,18,16,16,0,50,0,7,16,0,23,18,23,32,0,73,0,0,0,73
06/29/2020,MSO,MT,ANM,WE,Federal Contract Tower,20,14,13,0,47,0,0,0,0,0,20,14,13,0,47,0,0,0,47
06/30/2020,MSO,MT,ANM,WE,Federal Contract Tower,13,22,15,0,50,0,0,2,0,2,13,22,17,0,52,0,0,0,52
07/01/2020,MSO,MT,ANM,WE,Federal Contract Tower,16,30,26,0,72,0,1,44,0,45,16,31,70,0,117,80,0,80,197
07/02/2020,MSO,MT,ANM,WE,Federal Contract Tower,27,22,24,1,74,0,3,46,1,50,27,25,70,2,124,80,12,92,216
07/03/2020,MSO,MT,ANM,WE,Federal Contract Tower,25,20,16,0,61,0,9,77,6,92,25,29,93,6,153,46,0,46,199
07/04/2020,MSO,MT,ANM,WE,Federal Contract Tower,24,3,13,0,40,0,12,28,0,40,24,15,41,0,80,44,0,44,124
07/05/2020,MSO,MT,ANM,WE,Federal Contract Tower,24,12,15,0,51,0,6,71,0,77,24,18,86,0,128,14,0,14,142
07/06/2020,MSO,MT,ANM,WE,Federal Contract Tower,30,16,19,2,67,0,16,39,0,55,30,32,58,2,122,52,0,52,174
07/07/2020,MSO,MT,ANM,WE,Federal Contract Tower,25,17,12,8,62,0,2,22,0,24,25,19,34,8,86,100,0,100,186
07/08/2020,MSO,MT,ANM,WE,Federal Contract Tower,23,16,14,1,54,0,5,48,4,57,23,21,62,5,111,38,30,68,179
07/09/2020,MSO,MT,ANM,WE,Federal Contract Tower,30,25,20,0,75,0,8,64,3,75,30,33,84,3,150,100,0,100,250
07/10/2020,MSO,MT,ANM,WE,Federal Contract Tower,29,14,22,0,65,0,6,59,0,65,29,20,81,0,130,6,0,6,136
07/11/2020,MSO,MT,ANM,WE,Federal Contract Tower,27,12,13,0,52,0,3,84,0,87,27,15,97,0,139,104,0,104,243
07/12/2020,MSO,MT,ANM,WE,Federal Contract Tower,28,16,21,0,65,0,4,25,0,29,28,20,46,0,94,44,0,44,138
07/13/2020,MSO,MT,ANM,WE,Federal Contract Tower,31,17,9,2,59,0,10,31,0,41,31,27,40,2,100,62,0,62,162
07/14/2020,MSO,MT,ANM,WE,Federal Contract Tower,25,14,18,0,57,0,5,26,0,31,25,19,44,0,88,54,0,54,142
07/15/2020,MSO,MT,ANM,WE,Federal Contract Tower,25,22,21,3,71,0,13,50,0,63,25,35,71,3,134,46,8,54,188
07/16/2020,MSO,MT,ANM,WE,Federal Contract Tower,27,15,14,0,56,0,8,39,0,47,27,23,53,0,103,58,0,58,161
07/17/2020,MSO,MT,ANM,WE,Federal Contract Tower,29,19,11,1,60,0,8,53,1,62,29,27,64,2,122,66,6,72,194
07/18/2020,MSO,MT,ANM,WE,Federal Contract Tower,24,14,15,0,53,0,6,39,0,45,24,20,54,0,98,80,0,80,178
07/19/2020,MSO,MT,ANM,WE,Federal Contract Tower,31,24,18,0,73,0,7,50,0,57,31,31,68,0,130,32,0,32,162
07/20/2020,MSO,MT,ANM,WE,Federal Contract Tower,34,8,11,0,53,0,1,25,0,26,34,9,36,0,79,32,0,32,111
07/21/2020,MSO,MT,ANM,WE,Federal Contract Tower,25,16,14,0,55,0,9,53,0,62,25,25,67,0,117,38,0,38,155
07/22/2020,MSO,MT,ANM,WE,Federal Contract Tower,23,15,21,4,63,0,3,44,0,47,23,18,65,4,110,58,0,58,168
07/23/2020,MSO,MT,ANM,WE,Federal Contract Tower,27,17,16,0,60,0,9,43,2,54,27,26,59,2,114,74,0,74,188
07/24/2020,MSO,MT,ANM,WE,Federal Contract Tower,31,17,15,0,63,0,9,81,0,90,31,26,96,0,153,68,0,68,221
07/25/2020,MSO,MT,ANM,WE,Federal Contract Tower,27,17,23,0,67,0,5,87,0,92,27,22,110,0,159,62,0,62,221
07/26/2020,MSO,MT,ANM,WE,Federal Contract Tower,31,9,16,0,56,0,7,69,0,76,31,16,85,0,132,30,0,30,162
07/27/2020,MSO,MT,ANM,WE,Federal Contract Tower,30,11,17,0,58,0,4,51,0,55,30,15,68,0,113,16,0,16,129
07/28/2020,MSO,MT,ANM,WE,Federal Contract Tower,26,19,18,0,63,0,4,83,1,88,26,23,101,1,151,22,28,50,201
07/29/2020,MSO,MT,ANM,WE,Federal Contract Tower,23,20,20,0,63,0,4,57,0,61,23,24,77,0,124,40,0,40,164
07/30/2020,MSO,MT,ANM,WE,Federal Contract Tower,30,21,18,0,69,0,7,59,0,66,30,28,77,0,135,86,0,86,221
07/31/2020,MSO,MT,ANM,WE,Federal Contract Tower,33,26,15,0,74,0,7,53,0,60,33,33,68,0,134,74,0,74,208
08/01/2020,MSO,MT,ANM,WE,Federal Contract Tower,32,8,17,0,57,0,0,84,0,84,32,8,101,0,141,88,0,88,229
08/02/2020,MSO,MT,ANM,WE,Federal Contract Tower,32,12,28,0,72,0,0,59,0,59,32,12,87,0,131,66,0,66,197
08/03/2020,MSO,MT,ANM,WE,Federal Contract Tower,36,13,9,0,58,0,9,36,0,45,36,22,45,0,103,38,0,38,141
08/04/2020,MSO,MT,ANM,WE,Federal Contract Tower,32,21,13,0,66,0,3,44,0,47,32,24,57,0,113,70,0,70,183
08/05/2020,MSO,MT,ANM,WE,Federal Contract Tower,31,28,21,0,80,0,7,50,0,57,31,35,71,0,137,84,0,84,221
08/06/2020,MSO,MT,ANM,WE,Federal Contract Tower,32,17,13,1,63,0,1,50,0,51,32,18,63,1,114,36,0,36,150
08/07/2020,MSO,MT,ANM,WE,Federal Contract Tower,37,9,15,0,61,0,5,56,0,61,37,14,71,0,122,30,0,30,152
08/08/2020,MSO,MT,ANM,WE,Federal Contract Tower,31,15,7,0,53,0,7,60,0,67,31,22,67,0,120,16,0,16,136
08/09/2020,MSO,MT,ANM,WE,Federal Contract Tower,35,25,19,0,79,0,4,55,0,59,35,29,74,0,138,30,0,30,168
08/10/2020,MSO,MT,ANM,WE,Federal Contract Tower,39,23,14,0,76,0,2,51,0,53,39,25,65,0,129,36,0,36,165
08/11/2020,MSO,MT,ANM,WE,Federal Contract Tower,28,20,8,4,60,0,1,60,2,63,28,21,68,6,123,28,8,36,159
08/12/2020,MSO,MT,ANM,WE,Federal Contract Tower,29,27,19,1,76,0,1,43,3,47,29,28,62,4,123,24,28,52,175
08/13/2020,MSO,MT,ANM,WE,Federal Contract Tower,34,29,17,0,80,0,2,52,0,54,34,31,69,0,134,76,0,76,210
08/14/2020,MSO,MT,ANM,WE,Federal Contract Tower,33,17,11,2,63,0,5,79,0,84,33,22,90,2,147,66,14,80,227
08/15/2020,MSO,MT,ANM,WE,Federal Contract Tower,40,19,16,0,75,0,8,71,0,79,40,27,87,0,154,38,0,38,192
08/16/2020,MSO,MT,ANM,WE,Federal Contract Tower,34,15,13,0,62,0,3,34,0,37,34,18,47,0,99,44,0,44,143
08/17/2020,MSO,MT,ANM,WE,Federal Contract Tower,37,13,8,0,58,0,13,40,0,53,37,26,48,0,111,26,0,26,137
08/18/2020,MSO,MT,ANM,WE,Federal Contract Tower,24,31,15,0,70,0,5,55,0,60,24,36,70,0,130,76,0,76,206
08/19/2020,MSO,MT,ANM,WE,Federal Contract Tower,25,25,10,0,60,0,6,79,0,85,25,31,89,0,145,36,0,36,181
08/20/2020,MSO,MT,ANM,WE,Federal Contract Tower,33,15,15,0,63,0,7,56,0,63,33,22,71,0,126,54,0,54,180
08/21/2020,MSO,MT,ANM,WE,Federal Contract Tower,39,16,5,0,60,0,9,70,0,79,39,25,75,0,139,68,0,68,207
08/22/2020,MSO,MT,ANM,WE,Federal Contract Tower,33,15,24,0,72,0,15,71,2,88,33,30,95,2,160,52,0,52,212
08/23/2020,MSO,MT,ANM,WE,Federal Contract Tower,32,17,15,2,66,0,10,69,2,81,32,27,84,4,147,74,0,74,221
08/24/2020,MSO,MT,ANM,WE,Federal Contract Tower,33,22,16,0,71,0,5,22,0,27,33,27,38,0,98,14,0,14,112
08/25/2020,MSO,MT,ANM,WE,Federal Contract Tower,24,20,11,0,55,0,10,31,0,41,24,30,42,0,96,80,0,80,176
08/26/2020,MSO,MT,ANM,WE,Federal Contract Tower,26,22,18,0,66,0,5,55,1,61,26,27,73,1,127,58,10,68,195
08/27/2020,MSO,MT,ANM,WE,Federal Contract Tower,31,28,22,0,81,0,4,94,0,98,31,32,116,0,179,56,0,56,235
08/28/2020,MSO,MT,ANM,WE,Federal Contract Tower,34,20,19,2,75,0,18,95,0,113,34,38,114,2,188,62,0,62,250
08/29/2020,MSO,MT,ANM,WE,Federal Contract Tower,31,11,9,0,51,0,37,79,0,116,31,48,88,0,167,62,0,62,229
08/30/2020,MSO,MT,ANM,WE,Federal Contract Tower,32,14,15,2,63,0,4,53,0,57,32,18,68,2,120,80,0,80,200
08/31/2020,MSO,MT,ANM,WE,Federal Contract Tower,35,20,20,0,75,0,1,28,1,30,35,21,48,1,105,62,0,62,167
09/01/2020,MSO,MT,ANM,WE,Federal Contract Tower,25,16,6,0,47,0,7,46,4,57,25,23,52,4,104,28,8,36,140
09/02/2020,MSO,MT,ANM,WE,Federal Contract Tower,29,19,22,4,74,0,0,35,0,35,29,19,57,4,109,0,0,0,109
09/03/2020,MSO,MT,ANM,WE,Federal Contract Tower,32,19,24,0,75,0,5,84,0,89,32,24,108,0,164,92,0,92,256
09/04/2020,MSO,MT,ANM,WE,Federal Contract Tower,35,22,28,0,85,0,7,90,0,97,35,29,118,0,182,50,0,50,232
09/05/2020,MSO,MT,ANM,WE,Federal Contract Tower,32,9,7,0,48,0,23,64,0,87,32,32,71,0,135,58,0,58,193
09/06/2020,MSO,MT,ANM,WE,Federal Contract Tower,26,6,13,0,45,0,17,64,0,81,26,23,77,0,126,94,0,94,220
09/07/2020,MSO,MT,ANM,WE,Federal Contract Tower,34,12,17,0,63,0,0,3,0,3,34,12,20,0,66,0,0,0,66
09/08/2020,MSO,MT,ANM,WE,Federal Contract Tower,20,17,10,0,47,0,9,67,2,78,20,26,77,2,125,60,0,60,185
09/09/2020,MSO,MT,ANM,WE,Federal Contract Tower,23,18,14,0,55,0,9,48,0,57,23,27,62,0,112,72,0,72,184
09/10/2020,MSO,MT,ANM,WE,Federal Contract Tower,26,21,8,5,60,0,6,44,1,51,26,27,52,6,111,22,6,28,139
09/11/2020,MSO,MT,ANM,WE,Federal Contract Tower,28,20,16,1,65,0,7,62,2,71,28,27,78,3,136,58,0,58,194
09/12/2020,MSO,MT,ANM,WE,Federal Contract Tower,27,8,15,2,52,0,9,75,0,84,27,17,90,2,136,48,0,48,184
09/13/2020,MSO,MT,ANM,WE,Federal Contract Tower,26,16,21,2,65,0,6,13,0,19,26,22,34,2,84,16,0,16,100
09/14/2020,MSO,MT,ANM,WE,Federal Contract Tower,28,13,14,1,56,0,0,0,0,0,28,13,14,1,56,0,0,0,56
09/15/2020,MSO,MT,ANM,WE,Federal Contract Tower,20,11,24,0,55,0,0,2,0,2,20,11,26,0,57,0,0,0,57
09/16/2020,MSO,MT,ANM,WE,Federal Contract Tower,23,23,21,0,67,0,0,0,0,0,23,23,21,0,67,0,0,0,67
09/17/2020,MSO,MT,ANM,WE,Federal Contract Tower,26,18,28,0,72,0,0,2,0,2,26,18,30,0,74,0,0,0,74
09/18/2020,MSO,MT,ANM,WE,Federal Contract Tower,27,17,16,0,60,0,4,3,0,7,27,21,19,0,67,0,0,0,67
09/19/2020,MSO,MT,ANM,WE,Federal Contract Tower,29,9,14,0,52,0,5,2,0,7,29,14,16,0,59,0,0,0,59
09/20/2020,MSO,MT,ANM,WE,Federal Contract Tower,28,13,22,2,65,0,1,29,0,30,28,14,51,2,95,36,0,36,131
09/21/2020,MSO,MT,ANM,WE,Federal Contract Tower,26,12,9,0,47,0,0,36,0,36,26,12,45,0,83,42,0,42,125
09/22/2020,MSO,MT,ANM,WE,Federal Contract Tower,22,15,24,2,63,0,4,0,0,4,22,19,24,2,67,38,0,38,105
09/23/2020,MSO,MT,ANM,WE,Federal Contract Tower,20,13,14,0,47,0,11,62,0,73,20,24,76,0,120,44,0,44,164
09/24/2020,MSO,MT,ANM,WE,Federal Contract Tower,26,12,15,0,53,0,3,10,0,13,26,15,25,0,66,22,0,22,88
09/25/2020,MSO,MT,ANM,WE,Federal Contract Tower,27,17,17,0,61,0,0,29,0,29,27,17,46,0,90,36,0,36,126
09/26/2020,MSO,MT,ANM,WE,Federal Contract Tower,27,8,8,0,43,0,3,18,0,21,27,11,26,0,64,36,0,36,100
09/27/2020,MSO,MT,ANM,WE,Federal Contract Tower,25,12,10,0,47,0,5,37,0,42,25,17,47,0,89,36,0,36,125
09/28/2020,MSO,MT,ANM,WE,Federal Contract Tower,28,4,10,0,42,0,5,46,0,51,28,9,56,0,93,14,0,14,107
09/29/2020,MSO,MT,ANM,WE,Federal Contract Tower,19,15,15,0,49,0,3,40,0,43,19,18,55,0,92,38,0,38,130
09/30/2020,MSO,MT,ANM,WE,Federal Contract Tower,23,12,2,0,37,0,9,52,0,61,23,21,54,0,98,38,0,38,136
10/01/2020,MSO,MT,ANM,WE,Federal Contract Tower,25,20,19,0,64,0,5,36,0,41,25,25,55,0,105,14,0,14,119
10/02/2020,MSO,MT,ANM,WE,Federal Contract Tower,28,17,13,16,74,0,10,41,0,51,28,27,54,16,125,74,14,88,213
10/03/2020,MSO,MT,ANM,WE,Federal Contract Tower,24,3,11,0,38,0,7,71,0,78,24,10,82,0,116,34,0,34,150
10/04/2020,MSO,MT,ANM,WE,Federal Contract Tower,25,10,10,0,45,0,3,22,0,25,25,13,32,0,70,58,0,58,128
10/05/2020,MSO,MT,ANM,WE,Federal Contract Tower,27,12,8,0,47,0,9,22,2,33,27,21,30,2,80,32,0,32,112
10/06/2020,MSO,MT,ANM,WE,Federal Contract Tower,20,16,10,0,46,0,9,34,0,43,20,25,44,0,89,28,0,28,117
10/07/2020,MSO,MT,ANM,WE,Federal Contract Tower,21,16,22,12,71,0,3,43,0,46,21,19,65,12,117,38,0,38,155
10/08/2020,MSO,MT,ANM,WE,Federal Contract Tower,27,11,15,2,55,0,6,55,0,61,27,17,70,2,116,68,14,82,198
10/09/2020,MSO,MT,ANM,WE,Federal Contract Tower,28,21,13,0,62,0,2,36,0,38,28,23,49,0,100,28,0,28,128
10/10/2020,MSO,MT,ANM,WE,Federal Contract Tower,25,10,9,0,44,0,5,13,0,18,25,15,22,0,62,0,0,0,62
10/11/2020,MSO,MT,ANM,WE,Federal Contract Tower,25,1,9,0,35,0,15,4,0,19,25,16,13,0,54,10,0,10,64
10/12/2020,MSO,MT,ANM,WE,Federal Contract Tower,27,12,8,0,47,0,4,7,0,11,27,16,15,0,58,0,0,0,58
10/13/2020,MSO,MT,ANM,WE,Federal Contract Tower,20,15,19,0,54,0,2,5,0,7,20,17,24,0,61,14,0,14,75
10/14/2020,MSO,MT,ANM,WE,Federal Contract Tower,19,24,13,0,56,0,2,3,0,5,19,26,16,0,61,8,0,8,69
10/15/2020,MSO,MT,ANM,WE,Federal Contract Tower,25,20,18,0,63,0,1,45,0,46,25,21,63,0,109,22,0,22,131
10/16/2020,MSO,MT,ANM,WE,Federal Contract Tower,28,15,13,0,56,0,2,22,0,24,28,17,35,0,80,58,0,58,138
10/18/2020,MSO,MT,ANM,WE,Federal Contract Tower,26,10,22,0,58,0,0,0,0,0,26,10,22,0,58,0,0,0,58
10/19/2020,MSO,MT,ANM,WE,Federal Contract Tower,26,9,11,0,46,0,1,5,0,6,26,10,16,0,52,0,0,0,52
10/20/2020,MSO,MT,ANM,WE,Federal Contract Tower,20,18,28,0,66,0,2,32,0,34,20,20,60,0,100,68,0,68,168
10/21/2020,MSO,MT,ANM,WE,Federal Contract Tower,20,17,14,4,55,0,0,7,0,7,20,17,21,4,62,0,0,0,62
10/22/2020,MSO,MT,ANM,WE,Federal Contract Tower,26,13,10,2,51,0,0,21,0,21,26,13,31,2,72,0,0,0,72
10/23/2020,MSO,MT,ANM,WE,Federal Contract Tower,23,15,4,5,47,0,2,5,0,7,23,17,9,5,54,12,0,12,66
10/24/2020,MSO,MT,ANM,WE,Federal Contract Tower,29,10,6,0,45,0,0,1,0,1,29,10,7,0,46,0,0,0,46
10/25/2020,MSO,MT,ANM,WE,Federal Contract Tower,24,8,10,0,42,0,4,33,0,37,24,12,43,0,79,12,0,12,91
10/26/2020,MSO,MT,ANM,WE,Federal Contract Tower,26,5,10,0,41,0,6,12,0,18,26,11,22,0,59,22,0,22,81
10/27/2020,MSO,MT,ANM,WE,Federal Contract Tower,20,16,3,5,44,0,5,19,0,24,20,21,22,5,68,16,34,50,118
10/28/2020,MSO,MT,ANM,WE,Federal Contract Tower,22,14,10,0,46,0,4,5,0,9,22,18,15,0,55,6,0,6,61
10/29/2020,MSO,MT,ANM,WE,Federal Contract Tower,25,17,8,0,50,0,0,17,0,17,25,17,25,0,67,14,0,14,81
10/30/2020,MSO,MT,ANM,WE,Federal Contract Tower,31,11,8,0,50,0,0,16,0,16,31,11,24,0,66,10,0,10,76
10/31/2020,MSO,MT,ANM,WE,Federal Contract Tower,19,5,3,0,27,0,9,56,0,65,19,14,59,0,92,22,0,22,114
11/01/2020,MSO,MT,ANM,WE,Federal Contract Tower,25,8,3,0,36,0,2,31,0,33,25,10,34,0,69,56,0,56,125
11/02/2020,MSO,MT,ANM,WE,Federal Contract Tower,29,9,5,0,43,0,1,47,0,48,29,10,52,0,91,18,0,18,109
11/04/2020,MSO,MT,ANM,WE,Federal Contract Tower,24,10,6,0,40,0,9,28,0,37,24,19,34,0,77,10,0,10,87
11/05/2020,MSO,MT,ANM,WE,Federal Contract Tower,28,15,7,0,50,0,1,10,0,11,28,16,17,0,61,10,0,10,71
11/06/2020,MSO,MT,ANM,WE,Federal Contract Tower,27,15,11,0,53,0,10,21,0,31,27,25,32,0,84,20,0,20,104
11/07/2020,MSO,MT,ANM,WE,Federal Contract Tower,27,3,12,0,42,0,0,5,0,5,27,3,17,0,47,6,0,6,53
11/08/2020,MSO,MT,ANM,WE,Federal Contract Tower,29,3,1,0,33,0,0,0,0,0,29,3,1,0,33,0,0,0,33
11/09/2020,MSO,MT,ANM,WE,Federal Contract Tower,27,7,9,0,43,0,2,37,0,39,27,9,46,0,82,56,0,56,138
11/11/2020,MSO,MT,ANM,WE,Federal Contract Tower,26,17,7,0,50,0,0,1,0,1,26,17,8,0,51,22,0,22,73
11/12/2020,MSO,MT,ANM,WE,Federal Contract Tower,29,15,13,0,57,0,11,44,0,55,29,26,57,0,112,42,0,42,154
11/13/2020,MSO,MT,ANM,WE,Federal Contract Tower,24,11,10,0,45,0,0,3,0,3,24,11,13,0,48,2,0,2,50
11/14/2020,MSO,MT,ANM,WE,Federal Contract Tower,26,5,9,0,40,0,5,0,0,5,26,10,9,0,45,18,0,18,63
11/15/2020,MSO,MT,ANM,WE,Federal Contract Tower,28,1,10,0,39,0,2,3,0,5,28,3,13,0,44,6,0,6,50
11/16/2020,MSO,MT,ANM,WE,Federal Contract Tower,25,2,1,0,28,0,0,0,0,0,25,2,1,0,28,20,0,20,48
11/18/2020,MSO,MT,ANM,WE,Federal Contract Tower,26,10,10,0,46,0,0,2,0,2,26,10,12,0,48,18,0,18,66
11/19/2020,MSO,MT,ANM,WE,Federal Contract Tower,25,8,9,0,42,0,3,7,0,10,25,11,16,0,52,30,0,30,82
11/20/2020,MSO,MT,ANM,WE,Federal Contract Tower,34,12,20,0,66,0,12,53,0,65,34,24,73,0,131,60,0,60,191
11/21/2020,MSO,MT,ANM,WE,Federal Contract Tower,31,9,2,1,43,0,17,57,0,74,31,26,59,1,117,34,0,34,151
11/22/2020,MSO,MT,ANM,WE,Federal Contract Tower,31,6,3,1,41,0,6,38,0,44,31,12,41,1,85,20,0,20,105
11/23/2020,MSO,MT,ANM,WE,Federal Contract Tower,28,5,7,0,40,0,3,12,0,15,28,8,19,0,55,26,0,26,81
11/24/2020,MSO,MT,ANM,WE,Federal Contract Tower,27,16,10,0,53,0,0,19,0,19,27,16,29,0,72,0,0,0,72
11/25/2020,MSO,MT,ANM,WE,Federal Contract Tower,31,14,9,0,54,0,1,8,0,9,31,15,17,0,63,30,0,30,93
11/27/2020,MSO,MT,ANM,WE,Federal Contract Tower,22,11,2,0,35,0,14,22,0,36,22,25,24,0,71,26,0,26,97
11/28/2020,MSO,MT,ANM,WE,Federal Contract Tower,27,4,9,0,40,0,5,18,0,23,27,9,27,0,63,40,0,40,103
11/29/2020,MSO,MT,ANM,WE,Federal Contract Tower,33,11,17,0,61,0,6,38,0,44,33,17,55,0,105,12,0,12,117
11/30/2020,MSO,MT,ANM,WE,Federal Contract Tower,36,3,4,0,43,0,7,7,0,14,36,10,11,0,57,26,0,26,83
12/01/2020,MSO,MT,ANM,WE,Federal Contract Tower,21,16,11,0,48,0,2,17,0,19,21,18,28,0,67,18,0,18,85
12/02/2020,MSO,MT,ANM,WE,Federal Contract Tower,20,18,11,5,54,0,2,24,0,26,20,20,35,5,80,16,12,28,108
12/03/2020,MSO,MT,ANM,WE,Federal Contract Tower,23,14,17,0,54,0,8,42,0,50,23,22,59,0,104,12,0,12,116
12/04/2020,MSO,MT,ANM,WE,Federal Contract Tower,23,14,7,0,44,0,4,42,0,46,23,18,49,0,90,92,0,92,182
12/05/2020,MSO,MT,ANM,WE,Federal Contract Tower,20,7,5,0,32,0,5,32,0,37,20,12,37,0,69,54,0,54,123
12/06/2020,MSO,MT,ANM,WE,Federal Contract Tower,26,2,10,0,38,0,0,29,0,29,26,2,39,0,67,52,0,52,119
12/07/2020,MSO,MT,ANM,WE,Federal Contract Tower,21,5,8,0,34,0,4,19,0,23,21,9,27,0,57,78,0,78,135
12/08/2020,MSO,MT,ANM,WE,Federal Contract Tower,19,16,8,0,43,0,5,43,0,48,19,21,51,0,91,52,0,52,143
12/09/2020,MSO,MT,ANM,WE,Federal Contract Tower,20,17,12,0,49,0,4,52,0,56,20,21,64,0,105,88,0,88,193
12/10/2020,MSO,MT,ANM,WE,Federal Contract Tower,22,15,7,0,44,0,6,43,0,49,22,21,50,0,93,60,0,60,153
12/11/2020,MSO,MT,ANM,WE,Federal Contract Tower,23,9,8,0,40,0,0,10,0,10,23,9,18,0,50,44,0,44,94
12/12/2020,MSO,MT,ANM,WE,Federal Contract Tower,22,7,9,0,38,0,0,4,0,4,22,7,13,0,42,18,0,18,60
12/13/2020,MSO,MT,ANM,WE,Federal Contract Tower,22,6,4,0,32,0,0,5,0,5,22,6,9,0,37,18,0,18,55
12/14/2020,MSO,MT,ANM,WE,Federal Contract Tower,21,3,14,0,38,0,8,4,0,12,21,11,18,0,50,28,0,28,78
12/15/2020,MSO,MT,ANM,WE,Federal Contract Tower,18,11,23,0,52,0,2,10,0,12,18,13,33,0,64,30,0,30,94
12/16/2020,MSO,MT,ANM,WE,Federal Contract Tower,19,11,19,2,51,0,4,39,0,43,19,15,58,2,94,56,26,82,176
12/17/2020,MSO,MT,ANM,WE,Federal Contract Tower,28,16,10,0,54,0,7,6,0,13,28,23,16,0,67,28,0,28,95
12/18/2020,MSO,MT,ANM,WE,Federal Contract Tower,29,18,14,0,61,0,2,36,0,38,29,20,50,0,99,62,0,62,161
12/19/2020,MSO,MT,ANM,WE,Federal Contract Tower,26,8,4,0,38,0,0,19,0,19,26,8,23,0,57,46,0,46,103
12/20/2020,MSO,MT,ANM,WE,Federal Contract Tower,27,8,3,0,38,0,2,1,0,3,27,10,4,0,41,22,0,22,63
12/21/2020,MSO,MT,ANM,WE,Federal Contract Tower,24,7,5,0,36,0,0,3,0,3,24,7,8,0,39,8,0,8,47
12/22/2020,MSO,MT,ANM,WE,Federal Contract Tower,24,15,8,0,47,0,0,0,0,0,24,15,8,0,47,0,0,0,47
12/23/2020,MSO,MT,ANM,WE,Federal Contract Tower,25,23,10,3,61,0,2,57,0,59,25,25,67,3,120,34,22,56,176
12/24/2020,MSO,MT,ANM,WE,Federal Contract Tower,21,15,5,0,41,0,6,32,0,38,21,21,37,0,79,10,0,10,89
12/25/2020,MSO,MT,ANM,WE,Federal Contract Tower,19,4,2,0,25,0,0,13,0,13,19,4,15,0,38,0,0,0,38
12/26/2020,MSO,MT,ANM,WE,Federal Contract Tower,28,7,11,0,46,0,1,0,0,1,28,8,11,0,47,0,0,0,47
12/27/2020,MSO,MT,ANM,WE,Federal Contract Tower,27,12,12,0,51,0,2,10,0,12,27,14,22,0,63,36,0,36,99
12/28/2020,MSO,MT,ANM,WE,Federal Contract Tower,26,12,9,0,47,0,2,8,0,10,26,14,17,0,57,8,0,8,65
12/29/2020,MSO,MT,ANM,WE,Federal Contract Tower,26,18,9,0,53,0,4,29,0,33,26,22,38,0,86,50,0,50,136
12/30/2020,MSO,MT,ANM,WE,Federal Contract Tower,26,11,9,0,46,0,4,10,0,14,26,15,19,0,60,20,0,20,80
12/31/2020,MSO,MT,ANM,WE,Federal Contract Tower,20,17,9,0,46,0,6,6,0,12,20,23,15,0,58,38,0,38,96
01/01/2021,MSO,MT,ANM,WE,Federal Contract Tower,25,8,4,0,37,0,1,14,0,15,25,9,18,0,52,64,0,64,116
01/02/2021,MSO,MT,ANM,WE,Federal Contract Tower,29,8,14,0,51,0,13,9,0,22,29,21,23,0,73,46,0,46,119
01/03/2021,MSO,MT,ANM,WE,Federal Contract Tower,28,7,11,0,46,0,3,0,0,3,28,10,11,0,49,0,0,0,49
01/04/2021,MSO,MT,ANM,WE,Federal Contract Tower,25,6,7,0,38,0,0,12,0,12,25,6,19,0,50,14,0,14,64
01/05/2021,MSO,MT,ANM,WE,Federal Contract Tower,19,7,6,0,32,0,9,19,0,28,19,16,25,0,60,24,0,24,84
01/06/2021,MSO,MT,ANM,WE,Federal Contract Tower,19,18,8,4,49,0,1,21,1,23,19,19,29,5,72,88,0,88,160
01/08/2021,MSO,MT,ANM,WE,Federal Contract Tower,17,11,10,0,38,0,2,33,0,35,17,13,43,0,73,68,0,68,141
01/09/2021,MSO,MT,ANM,WE,Federal Contract Tower,14,5,7,0,26,0,6,28,0,34,14,11,35,0,60,40,0,40,100
01/10/2021,MSO,MT,ANM,WE,Federal Contract Tower,17,1,6,0,24,0,0,16,0,16,17,1,22,0,40,36,0,36,76
01/11/2021,MSO,MT,ANM,WE,Federal Contract Tower,17,9,7,0,33,0,5,12,0,17,17,14,19,0,50,32,0,32,82
01/12/2021,MSO,MT,ANM,WE,Federal Contract Tower,16,10,5,9,40,0,2,2,2,6,16,12,7,11,46,0,20,20,66
01/13/2021,MSO,MT,ANM,WE,Federal Contract Tower,14,9,2,0,25,0,0,1,2,3,14,9,3,2,28,0,0,0,28
01/14/2021,MSO,MT,ANM,WE,Federal Contract Tower,18,12,9,0,39,0,11,55,0,66,18,23,64,0,105,74,0,74,179
01/15/2021,MSO,MT,ANM,WE,Federal Contract Tower,17,11,8,0,36,0,0,12,0,12,17,11,20,0,48,24,0,24,72
01/16/2021,MSO,MT,ANM,WE,Federal Contract Tower,15,4,6,0,25,0,3,6,0,9,15,7,12,0,34,2,0,2,36
01/17/2021,MSO,MT,ANM,WE,Federal Contract Tower,15,6,9,0,30,0,4,0,0,4,15,10,9,0,34,0,0,0,34
01/18/2021,MSO,MT,ANM,WE,Federal Contract Tower,17,4,11,0,32,0,3,15,0,18,17,7,26,0,50,26,0,26,76
01/19/2021,MSO,MT,ANM,WE,Federal Contract Tower,16,10,10,0,36,0,0,27,0,27,16,10,37,0,63,12,0,12,75
01/20/2021,MSO,MT,ANM,WE,Federal Contract Tower,16,8,9,0,33,0,10,45,0,55,16,18,54,0,88,48,0,48,136
01/21/2021,MSO,MT,ANM,WE,Federal Contract Tower,16,8,13,0,37,0,4,2,0,6,16,12,15,0,43,12,0,12,55
01/22/2021,MSO,MT,ANM,WE,Federal Contract Tower,17,12,12,2,43,0,5,20,2,27,17,17,32,4,70,32,4,36,106
01/23/2021,MSO,MT,ANM,WE,Federal Contract Tower,15,2,7,0,24,0,13,40,0,53,15,15,47,0,77,48,0,48,125
01/24/2021,MSO,MT,ANM,WE,Federal Contract Tower,15,5,6,0,26,0,2,35,0,37,15,7,41,0,63,12,0,12,75
01/25/2021,MSO,MT,ANM,WE,Federal Contract Tower,18,6,8,7,39,0,7,42,0,49,18,13,50,7,88,18,30,48,136
01/26/2021,MSO,MT,ANM,WE,Federal Contract Tower,16,10,5,0,31,0,4,58,0,62,16,14,63,0,93,36,0,36,129
01/27/2021,MSO,MT,ANM,WE,Federal Contract Tower,17,10,8,0,35,0,9,29,0,38,17,19,37,0,73,24,0,24,97
01/28/2021,MSO,MT,ANM,WE,Federal Contract Tower,17,14,20,0,51,0,1,28,0,29,17,15,48,0,80,42,0,42,122
01/29/2021,MSO,MT,ANM,WE,Federal Contract Tower,16,8,5,0,29,0,2,6,0,8,16,10,11,0,37,8,0,8,45
01/30/2021,MSO,MT,ANM,WE,Federal Contract Tower,14,9,5,0,28,0,2,38,0,40,14,11,43,0,68,32,0,32,100
01/31/2021,MSO,MT,ANM,WE,Federal Contract Tower,18,5,4,1,28,0,8,48,0,56,18,13,52,1,84,68,0,68,152
02/01/2021,MSO,MT,ANM,WE,Federal Contract Tower,20,2,5,0,27,0,14,20,0,34,20,16,25,0,61,54,0,54,115
02/02/2021,MSO,MT,ANM,WE,Federal Contract Tower,18,18,3,0,39,0,2,1,0,3,18,20,4,0,42,6,0,6,48
02/03/2021,MSO,MT,ANM,WE,Federal Contract Tower,17,16,8,0,41,0,0,10,0,10,17,16,18,0,51,12,2,14,65
02/04/2021,MSO,MT,ANM,WE,Federal Contract Tower,19,18,21,0,58,0,0,5,0,5,19,18,26,0,63,20,0,20,83
02/05/2021,MSO,MT,ANM,WE,Federal Contract Tower,19,12,6,0,37,0,8,30,0,38,19,20,36,0,75,34,0,34,109
02/06/2021,MSO,MT,ANM,WE,Federal Contract Tower,15,6,5,0,26,0,0,0,0,0,15,6,5,0,26,0,0,0,26
02/07/2021,MSO,MT,ANM,WE,Federal Contract Tower,20,1,8,0,29,0,0,1,0,1,20,1,9,0,30,0,0,0,30
02/08/2021,MSO,MT,ANM,WE,Federal Contract Tower,18,11,5,0,34,0,0,0,0,0,18,11,5,0,34,0,0,0,34
02/09/2021,MSO,MT,ANM,WE,Federal Contract Tower,15,19,19,0,53,0,0,5,0,5,15,19,24,0,58,8,0,8,66
02/10/2021,MSO,MT,ANM,WE,Federal Contract Tower,18,12,12,0,42,0,1,11,0,12,18,13,23,0,54,28,0,28,82
02/11/2021,MSO,MT,ANM,WE,Federal Contract Tower,20,13,12,0,45,0,1,7,0,8,20,14,19,0,53,0,0,0,53
02/12/2021,MSO,MT,ANM,WE,Federal Contract Tower,19,7,9,1,36,0,2,41,0,43,19,9,50,1,79,98,0,98,177
02/13/2021,MSO,MT,ANM,WE,Federal Contract Tower,10,6,1,0,17,0,1,7,0,8,10,7,8,0,25,20,0,20,45
02/14/2021,MSO,MT,ANM,WE,Federal Contract Tower,15,9,7,0,31,0,0,2,0,2,15,9,9,0,33,0,0,0,33
02/15/2021,MSO,MT,ANM,WE,Federal Contract Tower,19,7,17,0,43,0,0,0,0,0,19,7,17,0,43,0,0,0,43
02/16/2021,MSO,MT,ANM,WE,Federal Contract Tower,20,9,24,0,53,0,0,8,0,8,20,9,32,0,61,2,0,2,63
02/18/2021,MSO,MT,ANM,WE,Federal Contract Tower,25,11,22,0,58,0,1,69,0,70,25,12,91,0,128,74,0,74,202
02/19/2021,MSO,MT,ANM,WE,Federal Contract Tower,23,8,9,0,40,0,1,0,2,3,23,9,9,2,43,0,0,0,43
02/20/2021,MSO,MT,ANM,WE,Federal Contract Tower,19,5,8,0,32,0,8,14,0,22,19,13,22,0,54,26,0,26,80
02/21/2021,MSO,MT,ANM,WE,Federal Contract Tower,25,7,9,0,41,0,5,8,0,13,25,12,17,0,54,52,0,52,106
02/22/2021,MSO,MT,ANM,WE,Federal Contract Tower,20,21,4,0,45,0,3,2,0,5,20,24,6,0,50,10,0,10,60
02/23/2021,MSO,MT,ANM,WE,Federal Contract Tower,21,13,19,0,53,0,1,5,0,6,21,14,24,0,59,8,0,8,67
02/24/2021,MSO,MT,ANM,WE,Federal Contract Tower,22,12,11,1,46,0,4,72,3,79,22,16,83,4,125,54,10,64,189
02/25/2021,MSO,MT,ANM,WE,Federal Contract Tower,23,18,19,0,60,0,0,22,0,22,23,18,41,0,82,46,0,46,128
02/26/2021,MSO,MT,ANM,WE,Federal Contract Tower,23,11,29,0,63,0,2,6,0,8,23,13,35,0,71,16,0,16,87
02/27/2021,MSO,MT,ANM,WE,Federal Contract Tower,18,4,8,1,31,0,1,7,0,8,18,5,15,1,39,6,0,6,45
02/28/2021,MSO,MT,ANM,WE,Federal Contract Tower,24,6,13,2,45,0,4,9,0,13,24,10,22,2,58,60,14,74,132
03/01/2021,MSO,MT,ANM,WE,Federal Contract Tower,23,3,8,17,51,0,31,46,4,81,23,34,54,21,132,56,14,70,202
03/02/2021,MSO,MT,ANM,WE,Federal Contract Tower,20,15,21,5,61,0,7,19,0,26,20,22,40,5,87,20,0,20,107
03/03/2021,MSO,MT,ANM,WE,Federal Contract Tower,21,10,12,8,51,0,0,43,0,43,21,10,55,8,94,36,20,56,150
03/04/2021,MSO,MT,ANM,WE,Federal Contract Tower,27,10,20,4,61,0,3,62,0,65,27,13,82,4,126,50,0,50,176
03/05/2021,MSO,MT,ANM,WE,Federal Contract Tower,27,11,14,2,54,0,17,51,2,70,27,28,65,4,124,78,24,102,226
03/06/2021,MSO,MT,ANM,WE,Federal Contract Tower,23,6,0,0,29,0,3,28,0,31,23,9,28,0,60,24,0,24,84
03/07/2021,MSO,MT,ANM,WE,Federal Contract Tower,28,2,4,0,34,0,3,19,0,22,28,5,23,0,56,30,0,30,86
03/08/2021,MSO,MT,ANM,WE,Federal Contract Tower,25,5,10,0,40,0,1,5,0,6,25,6,15,0,46,4,0,4,50
03/09/2021,MSO,MT,ANM,WE,Federal Contract Tower,26,15,10,0,51,0,4,26,0,30,26,19,36,0,81,34,0,34,115
03/10/2021,MSO,MT,ANM,WE,Federal Contract Tower,24,8,17,2,51,0,5,60,0,65,24,13,77,2,116,56,0,56,172
03/11/2021,MSO,MT,ANM,WE,Federal Contract Tower,27,10,13,0,50,0,5,40,0,45,27,15,53,0,95,60,0,60,155
03/12/2021,MSO,MT,ANM,WE,Federal Contract Tower,25,15,14,9,63,0,6,61,0,67,25,21,75,9,130,22,6,28,158
03/13/2021,MSO,MT,ANM,WE,Federal Contract Tower,21,5,8,0,34,0,6,64,1,71,21,11,72,1,105,44,0,44,149
03/14/2021,MSO,MT,ANM,WE,Federal Contract Tower,24,3,12,0,39,0,3,43,1,47,24,6,55,1,86,16,0,16,102
03/15/2021,MSO,MT,ANM,WE,Federal Contract Tower,21,8,19,0,48,0,8,19,0,27,21,16,38,0,75,0,0,0,75
03/16/2021,MSO,MT,ANM,WE,Federal Contract Tower,26,10,7,0,43,0,4,19,0,23,26,14,26,0,66,26,0,26,92
03/17/2021,MSO,MT,ANM,WE,Federal Contract Tower,24,11,12,0,47,0,8,65,2,75,24,19,77,2,122,36,0,36,158
03/18/2021,MSO,MT,ANM,WE,Federal Contract Tower,32,10,12,0,54,0,21,70,0,91,32,31,82,0,145,46,0,46,191
03/19/2021,MSO,MT,ANM,WE,Federal Contract Tower,30,17,12,0,59,0,0,7,0,7,30,17,19,0,66,26,0,26,92
03/20/2021,MSO,MT,ANM,WE,Federal Contract Tower,26,8,2,0,36,0,1,12,0,13,26,9,14,0,49,22,0,22,71
03/21/2021,MSO,MT,ANM,WE,Federal Contract Tower,32,2,10,0,44,0,1,13,0,14,32,3,23,0,58,8,0,8,66
03/22/2021,MSO,MT,ANM,WE,Federal Contract Tower,28,6,7,2,43,0,0,11,0,11,28,6,18,2,54,12,4,16,70
03/23/2021,MSO,MT,ANM,WE,Federal Contract Tower,26,11,17,6,60,0,5,23,2,30,26,16,40,8,90,10,10,20,110
03/24/2021,MSO,MT,ANM,WE,Federal Contract Tower,24,16,17,0,57,0,5,16,0,21,24,21,33,0,78,12,0,12,90
03/25/2021,MSO,MT,ANM,WE,Federal Contract Tower,33,12,9,0,54,0,0,4,0,4,33,12,13,0,58,12,0,12,70
03/26/2021,MSO,MT,ANM,WE,Federal Contract Tower,29,8,18,0,55,0,2,24,0,26,29,10,42,0,81,14,0,14,95
03/27/2021,MSO,MT,ANM,WE,Federal Contract Tower,27,6,5,0,38,0,6,47,0,53,27,12,52,0,91,30,0,30,121
03/28/2021,MSO,MT,ANM,WE,Federal Contract Tower,30,4,7,0,41,0,2,18,0,20,30,6,25,0,61,24,0,24,85
03/29/2021,MSO,MT,ANM,WE,Federal Contract Tower,33,4,7,0,44,0,0,4,0,4,33,4,11,0,48,0,0,0,48
03/30/2021,MSO,MT,ANM,WE,Federal Contract Tower,24,9,7,2,42,0,15,12,0,27,24,24,19,2,69,22,0,22,91
03/31/2021,MSO,MT,ANM,WE,Federal Contract Tower,22,10,7,4,43,0,5,74,2,81,22,15,81,6,124,46,8,54,178
04/01/2021,MSO,MT,ANM,WE,Federal Contract Tower,33,15,20,2,70,0,5,67,0,72,33,20,87,2,142,36,0,36,178
04/02/2021,MSO,MT,ANM,WE,Federal Contract Tower,32,9,20,0,61,0,3,70,0,73,32,12,90,0,134,34,0,34,168
04/03/2021,MSO,MT,ANM,WE,Federal Contract Tower,26,6,10,0,42,0,12,54,0,66,26,18,64,0,108,36,0,36,144
04/04/2021,MSO,MT,ANM,WE,Federal Contract Tower,29,3,5,0,37,0,7,31,0,38,29,10,36,0,75,58,0,58,133
04/05/2021,MSO,MT,ANM,WE,Federal Contract Tower,30,8,20,0,58,0,0,1,0,1,30,8,21,0,59,20,0,20,79
04/06/2021,MSO,MT,ANM,WE,Federal Contract Tower,28,11,16,0,55,0,6,72,0,78,28,17,88,0,133,18,0,18,151
04/07/2021,MSO,MT,ANM,WE,Federal Contract Tower,28,10,8,0,46,0,0,54,1,55,28,10,62,1,101,16,6,22,123
04/08/2021,MSO,MT,ANM,WE,Federal Contract Tower,30,13,15,0,58,0,1,17,0,18,30,14,32,0,76,12,0,12,88
04/09/2021,MSO,MT,ANM,WE,Federal Contract Tower,31,11,18,0,60,0,4,54,0,58,31,15,72,0,118,52,0,52,170
04/10/2021,MSO,MT,ANM,WE,Federal Contract Tower,26,9,6,0,41,0,10,3,0,13,26,19,9,0,54,0,0,0,54
04/11/2021,MSO,MT,ANM,WE,Federal Contract Tower,33,5,18,0,56,0,0,39,0,39,33,5,57,0,95,50,0,50,145
04/12/2021,MSO,MT,ANM,WE,Federal Contract Tower,30,12,27,6,75,0,7,38,0,45,30,19,65,6,120,20,0,20,140
04/13/2021,MSO,MT,ANM,WE,Federal Contract Tower,28,12,12,5,57,0,3,34,7,44,28,15,46,12,101,6,16,22,123
04/14/2021,MSO,MT,ANM,WE,Federal Contract Tower,31,13,17,0,61,0,7,26,0,33,31,20,43,0,94,18,0,18,112
04/15/2021,MSO,MT,ANM,WE,Federal Contract Tower,30,15,22,6,73,0,7,63,0,70,30,22,85,6,143,28,0,28,171
04/16/2021,MSO,MT,ANM,WE,Federal Contract Tower,31,14,17,0,62,0,7,52,0,59,31,21,69,0,121,38,0,38,159
04/17/2021,MSO,MT,ANM,WE,Federal Contract Tower,29,5,13,0,47,0,2,87,0,89,29,7,100,0,136,20,0,20,156
04/18/2021,MSO,MT,ANM,WE,Federal Contract Tower,32,0,16,0,48,0,4,28,0,32,32,4,44,0,80,30,0,30,110
04/19/2021,MSO,MT,ANM,WE,Federal Contract Tower,28,4,19,0,51,0,3,32,3,38,28,7,51,3,89,30,0,30,119
04/20/2021,MSO,MT,ANM,WE,Federal Contract Tower,25,13,6,1,45,0,7,51,0,58,25,20,57,1,103,14,8,22,125
04/21/2021,MSO,MT,ANM,WE,Federal Contract Tower,28,8,12,3,51,0,0,52,0,52,28,8,64,3,103,40,0,40,143
04/22/2021,MSO,MT,ANM,WE,Federal Contract Tower,33,11,12,0,56,0,2,9,0,11,33,13,21,0,67,0,0,0,67
04/23/2021,MSO,MT,ANM,WE,Federal Contract Tower,30,8,14,0,52,0,4,23,0,27,30,12,37,0,79,20,0,20,99
04/24/2021,MSO,MT,ANM,WE,Federal Contract Tower,26,3,3,0,32,0,0,19,0,19,26,3,22,0,51,36,0,36,87
04/25/2021,MSO,MT,ANM,WE,Federal Contract Tower,33,1,9,0,43,0,0,2,0,2,33,1,11,0,45,20,0,20,65
04/26/2021,MSO,MT,ANM,WE,Federal Contract Tower,30,5,10,0,45,0,9,19,0,28,30,14,29,0,73,30,0,30,103
04/27/2021,MSO,MT,ANM,WE,Federal Contract Tower,27,11,13,0,51,0,6,62,0,68,27,17,75,0,119,12,0,12,131
04/28/2021,MSO,MT,ANM,WE,Federal Contract Tower,29,9,9,1,48,0,2,39,0,41,29,11,48,1,89,34,2,36,125
04/29/2021,MSO,MT,ANM,WE,Federal Contract Tower,32,12,7,1,52,0,10,52,2,64,32,22,59,3,116,26,8,34,150
04/30/2021,MSO,MT,ANM,WE,Federal Contract Tower,28,8,14,0,50,0,6,38,0,44,28,14,52,0,94,22,0,22,116
05/01/2021,MSO,MT,ANM,WE,Federal Contract Tower,29,7,11,0,47,0,5,23,0,28,29,12,34,0,75,38,0,38,113
05/02/2021,MSO,MT,ANM,WE,Federal Contract Tower,33,3,7,0,43,0,8,18,0,26,33,11,25,0,69,10,0,10,79
05/03/2021,MSO,MT,ANM,WE,Federal Contract Tower,29,13,13,0,55,0,15,19,0,34,29,28,32,0,89,30,0,30,119
05/04/2021,MSO,MT,ANM,WE,Federal Contract Tower,27,16,8,0,51,0,16,40,0,56,27,32,48,0,107,82,0,82,189
05/05/2021,MSO,MT,ANM,WE,Federal Contract Tower,31,12,11,0,54,0,6,58,0,64,31,18,69,0,118,54,0,54,172
05/06/2021,MSO,MT,ANM,WE,Federal Contract Tower,33,14,13,0,60,0,7,47,0,54,33,21,60,0,114,32,0,32,146
05/07/2021,MSO,MT,ANM,WE,Federal Contract Tower,32,12,20,1,65,0,5,12,0,17,32,17,32,1,82,8,0,8,90
05/08/2021,MSO,MT,ANM,WE,Federal Contract Tower,33,5,19,0,57,0,3,16,0,19,33,8,35,0,76,14,0,14,90
05/09/2021,MSO,MT,ANM,WE,Federal Contract Tower,36,4,13,1,54,0,3,20,0,23,36,7,33,1,77,46,0,46,123
05/10/2021,MSO,MT,ANM,WE,Federal Contract Tower,32,4,14,0,50,0,7,22,0,29,32,11,36,0,79,64,0,64,143
05/11/2021,MSO,MT,ANM,WE,Federal Contract Tower,27,10,14,0,51,0,10,56,3,69,27,20,70,3,120,46,2,48,168
05/12/2021,MSO,MT,ANM,WE,Federal Contract Tower,25,14,19,0,58,0,1,60,0,61,25,15,79,0,119,26,0,26,145
05/13/2021,MSO,MT,ANM,WE,Federal Contract Tower,37,16,27,2,82,0,8,53,0,61,37,24,80,2,143,36,0,36,179
05/14/2021,MSO,MT,ANM,WE,Federal Contract Tower,35,10,24,0,69,0,5,59,0,64,35,15,83,0,133,40,0,40,173
05/15/2021,MSO,MT,ANM,WE,Federal Contract Tower,29,8,13,0,50,0,2,69,0,71,29,10,82,0,121,26,0,26,147
05/16/2021,MSO,MT,ANM,WE,Federal Contract Tower,38,9,21,0,68,0,1,49,0,50,38,10,70,0,118,26,0,26,144
05/17/2021,MSO,MT,ANM,WE,Federal Contract Tower,32,9,10,1,52,0,3,44,5,52,32,12,54,6,104,32,2,34,138
05/18/2021,MSO,MT,ANM,WE,Federal Contract Tower,31,16,16,1,64,0,6,35,0,41,31,22,51,1,105,64,0,64,169
05/19/2021,MSO,MT,ANM,WE,Federal Contract Tower,29,15,12,0,56,0,3,17,0,20,29,18,29,0,76,56,0,56,132
05/20/2021,MSO,MT,ANM,WE,Federal Contract Tower,35,18,24,0,77,0,0,4,0,4,35,18,28,0,81,0,0,0,81
05/21/2021,MSO,MT,ANM,WE,Federal Contract Tower,33,16,20,0,69,0,4,24,0,28,33,20,44,0,97,26,0,26,123
05/22/2021,MSO,MT,ANM,WE,Federal Contract Tower,36,10,11,0,57,0,1,46,2,49,36,11,57,2,106,46,0,46,152
05/23/2021,MSO,MT,ANM,WE,Federal Contract Tower,41,8,15,0,64,0,0,0,0,0,41,8,15,0,64,0,0,0,64
05/24/2021,MSO,MT,ANM,WE,Federal Contract Tower,34,9,17,0,60,0,3,10,2,15,34,12,27,2,75,0,0,0,75
05/25/2021,MSO,MT,ANM,WE,Federal Contract Tower,30,17,14,3,64,0,2,27,0,29,30,19,41,3,93,20,14,34,127
05/26/2021,MSO,MT,ANM,WE,Federal Contract Tower,32,28,14,0,74,0,2,16,0,18,32,30,30,0,92,10,0,10,102
05/27/2021,MSO,MT,ANM,WE,Federal Contract Tower,41,13,23,0,77,0,6,90,0,96,41,19,113,0,173,38,0,38,211
05/28/2021,MSO,MT,ANM,WE,Federal Contract Tower,37,15,21,0,73,0,10,30,0,40,37,25,51,0,113,34,0,34,147
05/29/2021,MSO,MT,ANM,WE,Federal Contract Tower,43,7,12,0,62,0,17,67,0,84,43,24,79,0,146,52,0,52,198
05/30/2021,MSO,MT,ANM,WE,Federal Contract Tower,43,4,8,0,55,0,7,40,0,47,43,11,48,0,102,30,0,30,132
05/31/2021,MSO,MT,ANM,WE,Federal Contract Tower,34,17,20,0,71,0,5,45,0,50,34,22,65,0,121,40,0,40,161
06/01/2021,MSO,MT,ANM,WE,Federal Contract Tower,31,14,17,0,62,0,7,46,0,53,31,21,63,0,115,24,0,24,139
06/02/2021,MSO,MT,ANM,WE,Federal Contract Tower,32,20,15,7,74,0,14,73,3,90,32,34,88,10,164,56,14,70,234
06/03/2021,MSO,MT,ANM,WE,Federal Contract Tower,44,16,23,0,83,0,5,50,0,55,44,21,73,0,138,74,0,74,212
06/04/2021,MSO,MT,ANM,WE,Federal Contract Tower,47,13,23,0,83,0,24,76,0,100,47,37,99,0,183,36,0,36,219
06/05/2021,MSO,MT,ANM,WE,Federal Contract Tower,49,9,20,0,78,0,2,35,0,37,49,11,55,0,115,44,0,44,159
06/06/2021,MSO,MT,ANM,WE,Federal Contract Tower,43,14,20,2,79,0,7,35,0,42,43,21,55,2,121,56,0,56,177
06/07/2021,MSO,MT,ANM,WE,Federal Contract Tower,37,24,22,0,83,0,4,57,0,61,37,28,79,0,144,6,0,6,150
06/08/2021,MSO,MT,ANM,WE,Federal Contract Tower,35,23,8,4,70,0,9,31,0,40,35,32,39,4,110,28,0,28,138
06/09/2021,MSO,MT,ANM,WE,Federal Contract Tower,41,18,10,0,69,0,6,21,0,27,41,24,31,0,96,26,0,26,122
06/10/2021,MSO,MT,ANM,WE,Federal Contract Tower,48,27,18,0,93,0,0,7,0,7,48,27,25,0,100,4,0,4,104
06/11/2021,MSO,MT,ANM,WE,Federal Contract Tower,43,15,31,0,89,0,16,66,5,87,43,31,97,5,176,42,0,42,218
06/12/2021,MSO,MT,ANM,WE,Federal Contract Tower,48,24,18,0,90,0,18,59,0,77,48,42,77,0,167,68,0,68,235
06/13/2021,MSO,MT,ANM,WE,Federal Contract Tower,39,21,15,0,75,0,10,46,0,56,39,31,61,0,131,36,0,36,167
06/14/2021,MSO,MT,ANM,WE,Federal Contract Tower,41,32,12,5,90,0,8,27,3,38,41,40,39,8,128,14,18,32,160
06/15/2021,MSO,MT,ANM,WE,Federal Contract Tower,38,23,18,0,79,0,7,28,0,35,38,30,46,0,114,24,0,24,138
06/16/2021,MSO,MT,ANM,WE,Federal Contract Tower,37,18,21,2,78,0,4,43,0,47,37,22,64,2,125,20,0,20,145
06/17/2021,MSO,MT,ANM,WE,Federal Contract Tower,43,22,30,0,95,0,13,60,0,73,43,35,90,0,168,26,0,26,194
06/18/2021,MSO,MT,ANM,WE,Federal Contract Tower,45,24,30,0,99,0,9,92,0,101,45,33,122,0,200,10,0,10,210
06/19/2021,MSO,MT,ANM,WE,Federal Contract Tower,47,27,11,0,85,0,0,31,0,31,47,27,42,0,116,0,0,0,116
06/20/2021,MSO,MT,ANM,WE,Federal Contract Tower,52,22,25,0,99,0,4,14,0,18,52,26,39,0,117,6,0,6,123
06/21/2021,MSO,MT,ANM,WE,Federal Contract Tower,40,18,34,0,92,0,3,43,0,46,40,21,77,0,138,4,0,4,142
06/22/2021,MSO,MT,ANM,WE,Federal Contract Tower,34,29,26,1,90,0,4,32,1,37,34,33,58,2,127,6,0,6,133
06/23/2021,MSO,MT,ANM,WE,Federal Contract Tower,43,16,35,2,96,0,3,57,0,60,43,19,92,2,156,12,10,22,178
06/24/2021,MSO,MT,ANM,WE,Federal Contract Tower,45,22,26,0,93,0,3,55,0,58,45,25,81,0,151,24,0,24,175
06/25/2021,MSO,MT,ANM,WE,Federal Contract Tower,41,17,19,0,77,0,8,71,0,79,41,25,90,0,156,74,0,74,230
06/26/2021,MSO,MT,ANM,WE,Federal Contract Tower,45,15,21,0,81,0,3,49,0,52,45,18,70,0,133,12,0,12,145
06/27/2021,MSO,MT,ANM,WE,Federal Contract Tower,41,21,27,1,90,0,6,61,1,68,41,27,88,2,158,36,0,36,194
06/28/2021,MSO,MT,ANM,WE,Federal Contract Tower,37,18,18,0,73,0,2,55,0,57,37,20,73,0,130,4,0,4,134
06/29/2021,MSO,MT,ANM,WE,Federal Contract Tower,35,23,17,3,78,0,4,31,2,37,35,27,48,5,115,10,12,22,137
06/30/2021,MSO,MT,ANM,WE,Federal Contract Tower,40,16,26,0,82,0,3,45,0,48,40,19,71,0,130,18,0,18,148
07/01/2021,MSO,MT,ANM,WE,Federal Contract Tower,42,28,22,0,92,0,6,45,0,51,42,34,67,0,143,28,0,28,171
07/02/2021,MSO,MT,ANM,WE,Federal Contract Tower,36,26,30,0,92,0,7,82,0,89,36,33,112,0,181,4,0,4,185
07/03/2021,MSO,MT,ANM,WE,Federal Contract Tower,45,11,11,2,69,0,12,58,0,70,45,23,69,2,139,24,0,24,163
07/04/2021,MSO,MT,ANM,WE,Federal Contract Tower,45,10,4,0,59,0,6,36,0,42,45,16,40,0,101,6,0,6,107
07/05/2021,MSO,MT,ANM,WE,Federal Contract Tower,36,14,26,0,76,0,4,70,3,77,36,18,96,3,153,0,0,0,153
07/06/2021,MSO,MT,ANM,WE,Federal Contract Tower,42,22,19,0,83,0,0,75,0,75,42,22,94,0,158,20,0,20,178
07/07/2021,MSO,MT,ANM,WE,Federal Contract Tower,41,21,17,3,82,0,8,84,0,92,41,29,101,3,174,2,6,8,182
07/08/2021,MSO,MT,ANM,WE,Federal Contract Tower,44,31,20,2,97,0,3,133,0,136,44,34,153,2,233,32,0,32,265
07/09/2021,MSO,MT,ANM,WE,Federal Contract Tower,43,21,17,0,81,0,8,89,2,99,43,29,106,2,180,28,0,28,208
07/10/2021,MSO,MT,ANM,WE,Federal Contract Tower,44,18,14,0,76,0,1,117,0,118,44,19,131,0,194,6,0,6,200
07/11/2021,MSO,MT,ANM,WE,Federal Contract Tower,47,23,15,0,85,0,9,93,0,102,47,32,108,0,187,20,0,20,207
07/12/2021,MSO,MT,ANM,WE,Federal Contract Tower,41,26,23,0,90,0,6,55,0,61,41,32,78,0,151,26,0,26,177
07/14/2021,MSO,MT,ANM,WE,Federal Contract Tower,34,23,22,0,79,0,6,104,0,110,34,29,126,0,189,20,0,20,209
07/15/2021,MSO,MT,ANM,WE,Federal Contract Tower,44,18,23,0,85,0,9,123,0,132,44,27,146,0,217,24,0,24,241
07/16/2021,MSO,MT,ANM,WE,Federal Contract Tower,43,23,20,0,86,0,2,109,0,111,43,25,129,0,197,22,0,22,219
07/17/2021,MSO,MT,ANM,WE,Federal Contract Tower,43,24,28,0,95,0,4,79,0,83,43,28,107,0,178,36,0,36,214
07/18/2021,MSO,MT,ANM,WE,Federal Contract Tower,42,23,20,0,85,0,13,98,0,111,42,36,118,0,196,26,0,26,222
07/19/2021,MSO,MT,ANM,WE,Federal Contract Tower,41,13,22,0,76,0,2,24,0,26,41,15,46,0,102,6,0,6,108
07/20/2021,MSO,MT,ANM,WE,Federal Contract Tower,40,22,23,0,85,0,30,33,0,63,40,52,56,0,148,40,0,40,188
07/21/2021,MSO,MT,ANM,WE,Federal Contract Tower,40,19,18,0,77,0,9,70,0,79,40,28,88,0,156,26,0,26,182
07/22/2021,MSO,MT,ANM,WE,Federal Contract Tower,40,21,25,0,86,0,8,75,0,83,40,29,100,0,169,42,0,42,211
07/23/2021,MSO,MT,ANM,WE,Federal Contract Tower,40,20,19,0,79,0,11,73,0,84,40,31,92,0,163,14,0,14,177
07/24/2021,MSO,MT,ANM,WE,Federal Contract Tower,46,23,19,0,88,0,5,73,0,78,46,28,92,0,166,54,0,54,220
07/25/2021,MSO,MT,ANM,WE,Federal Contract Tower,42,15,17,0,74,0,5,77,0,82,42,20,94,0,156,56,0,56,212
07/26/2021,MSO,MT,ANM,WE,Federal Contract Tower,39,16,20,0,75,0,13,28,0,41,39,29,48,0,116,34,0,34,150
07/27/2021,MSO,MT,ANM,WE,Federal Contract Tower,37,21,16,0,74,0,6,44,0,50,37,27,60,0,124,52,0,52,176
07/28/2021,MSO,MT,ANM,WE,Federal Contract Tower,40,18,17,0,75,0,1,74,0,75,40,19,91,0,150,38,0,38,188
07/29/2021,MSO,MT,ANM,WE,Federal Contract Tower,43,21,15,0,79,0,6,70,0,76,43,27,85,0,155,102,0,102,257
07/30/2021,MSO,MT,ANM,WE,Federal Contract Tower,42,20,23,0,85,0,1,74,0,75,42,21,97,0,160,36,0,36,196
07/31/2021,MSO,MT,ANM,WE,Federal Contract Tower,46,15,15,0,76,0,11,68,2,81,46,26,83,2,157,30,0,30,187
08/01/2021,MSO,MT,ANM,WE,Federal Contract Tower,40,15,21,0,76,0,3,77,8,88,40,18,98,8,164,6,0,6,170
08/02/2021,MSO,MT,ANM,WE,Federal Contract Tower,40,12,18,1,71,0,2,13,0,15,40,14,31,1,86,6,0,6,92
08/03/2021,MSO,MT,ANM,WE,Federal Contract Tower,39,19,22,0,80,0,0,17,0,17,39,19,39,0,97,52,0,52,149
08/04/2021,MSO,MT,ANM,WE,Federal Contract Tower,38,19,18,1,76,0,4,71,0,75,38,23,89,1,151,44,0,44,195
08/05/2021,MSO,MT,ANM,WE,Federal Contract Tower,42,17,16,0,75,0,9,49,0,58,42,26,65,0,133,20,0,20,153
08/07/2021,MSO,MT,ANM,WE,Federal Contract Tower,48,14,17,0,79,0,4,85,0,89,48,18,102,0,168,56,0,56,224
08/08/2021,MSO,MT,ANM,WE,Federal Contract Tower,41,29,34,3,107,0,0,0,0,0,41,29,34,3,107,0,0,0,107
08/09/2021,MSO,MT,ANM,WE,Federal Contract Tower,38,18,13,1,70,0,6,23,0,29,38,24,36,1,99,16,0,16,115
08/10/2021,MSO,MT,ANM,WE,Federal Contract Tower,37,25,16,0,78,0,12,48,0,60,37,37,64,0,138,58,0,58,196
08/11/2021,MSO,MT,ANM,WE,Federal Contract Tower,38,22,19,0,79,0,8,71,0,79,38,30,90,0,158,80,0,80,238
08/12/2021,MSO,MT,ANM,WE,Federal Contract Tower,46,17,17,2,82,0,7,90,0,97,46,24,107,2,179,46,0,46,225
08/13/2021,MSO,MT,ANM,WE,Federal Contract Tower,41,14,34,0,89,0,7,39,0,46,41,21,73,0,135,32,0,32,167
08/14/2021,MSO,MT,ANM,WE,Federal Contract Tower,40,25,18,0,83,0,0,46,0,46,40,25,64,0,129,0,0,0,129
08/15/2021,MSO,MT,ANM,WE,Federal Contract Tower,40,16,39,0,95,0,1,14,0,15,40,17,53,0,110,0,0,0,110
08/16/2021,MSO,MT,ANM,WE,Federal Contract Tower,41,21,21,0,83,0,5,32,0,37,41,26,53,0,120,28,0,28,148
08/17/2021,MSO,MT,ANM,WE,Federal Contract Tower,32,18,29,0,79,0,3,39,0,42,32,21,68,0,121,22,0,22,143
08/18/2021,MSO,MT,ANM,WE,Federal Contract Tower,40,17,19,0,76,0,4,21,0,25,40,21,40,0,101,86,0,86,187
08/19/2021,MSO,MT,ANM,WE,Federal Contract Tower,39,17,24,0,80,0,7,50,1,58,39,24,74,1,138,20,1,21,159
08/20/2021,MSO,MT,ANM,WE,Federal Contract Tower,40,18,19,0,77,0,8,55,8,71,40,26,74,8,148,50,0,50,198
08/21/2021,MSO,MT,ANM,WE,Federal Contract Tower,50,17,13,0,80,0,8,12,0,20,50,25,25,0,100,34,0,34,134
08/22/2021,MSO,MT,ANM,WE,Federal Contract Tower,39,8,18,0,65,1,4,36,0,41,40,12,54,0,106,28,0,28,134
08/23/2021,MSO,MT,ANM,WE,Federal Contract Tower,34,26,12,0,72,0,0,37,1,38,34,26,49,1,110,46,2,48,158
08/24/2021,MSO,MT,ANM,WE,Federal Contract Tower,34,22,12,0,68,0,0,60,2,62,34,22,72,2,130,42,0,42,172
08/25/2021,MSO,MT,ANM,WE,Federal Contract Tower,34,17,24,3,78,0,0,49,5,54,34,17,73,8,132,12,18,30,162
08/26/2021,MSO,MT,ANM,WE,Federal Contract Tower,38,18,17,0,73,0,2,44,0,46,38,20,61,0,119,46,0,46,165
08/27/2021,MSO,MT,ANM,WE,Federal Contract Tower,39,14,25,0,78,0,5,19,0,24,39,19,44,0,102,76,0,76,178
08/28/2021,MSO,MT,ANM,WE,Federal Contract Tower,47,17,20,0,84,0,12,47,0,59,47,29,67,0,143,26,0,26,169
08/29/2021,MSO,MT,ANM,WE,Federal Contract Tower,38,16,20,0,74,0,11,64,0,75,38,27,84,0,149,36,0,36,185
08/30/2021,MSO,MT,ANM,WE,Federal Contract Tower,36,18,29,9,92,0,1,40,4,45,36,19,69,13,137,46,22,68,205
08/31/2021,MSO,MT,ANM,WE,Federal Contract Tower,37,27,12,0,76,0,4,48,0,52,37,31,60,0,128,32,0,32,160
09/01/2021,MSO,MT,ANM,WE,Federal Contract Tower,36,20,22,0,78,0,1,75,0,76,36,21,97,0,154,72,0,72,226
09/02/2021,MSO,MT,ANM,WE,Federal Contract Tower,45,18,18,0,81,0,11,37,0,48,45,29,55,0,129,30,0,30,159
09/03/2021,MSO,MT,ANM,WE,Federal Contract Tower,38,17,29,0,84,0,2,83,0,85,38,19,112,0,169,12,0,12,181
09/04/2021,MSO,MT,ANM,WE,Federal Contract Tower,44,10,24,0,78,0,0,83,2,85,44,10,107,2,163,0,0,0,163
09/05/2021,MSO,MT,ANM,WE,Federal Contract Tower,41,13,12,0,66,0,10,54,0,64,41,23,66,0,130,24,0,24,154
09/06/2021,MSO,MT,ANM,WE,Federal Contract Tower,34,16,25,0,75,0,0,70,0,70,34,16,95,0,145,0,0,0,145
09/07/2021,MSO,MT,ANM,WE,Federal Contract Tower,35,20,23,0,78,0,11,71,2,84,35,31,94,2,162,0,0,0,162
09/08/2021,MSO,MT,ANM,WE,Federal Contract Tower,31,18,26,2,77,0,5,66,2,73,31,23,92,4,150,32,6,38,188
09/09/2021,MSO,MT,ANM,WE,Federal Contract Tower,36,17,22,0,75,0,0,21,0,21,36,17,43,0,96,22,0,22,118
09/10/2021,MSO,MT,ANM,WE,Federal Contract Tower,31,33,25,0,89,0,2,17,0,19,31,35,42,0,108,0,0,0,108
09/11/2021,MSO,MT,ANM,WE,Federal Contract Tower,30,19,20,0,69,0,3,38,0,41,30,22,58,0,110,22,0,22,132
09/12/2021,MSO,MT,ANM,WE,Federal Contract Tower,33,19,25,0,77,0,6,28,6,40,33,25,53,6,117,12,0,12,129
09/13/2021,MSO,MT,ANM,WE,Federal Contract Tower,30,18,22,9,79,0,7,20,3,30,30,25,42,12,109,0,16,16,125
09/14/2021,MSO,MT,ANM,WE,Federal Contract Tower,28,14,19,2,63,0,8,69,1,78,28,22,88,3,141,36,22,58,199
09/15/2021,MSO,MT,ANM,WE,Federal Contract Tower,31,12,17,4,64,0,10,34,0,44,31,22,51,4,108,6,2,8,116
09/16/2021,MSO,MT,ANM,WE,Federal Contract Tower,35,17,37,6,95,0,3,59,0,62,35,20,96,6,157,43,0,43,200
09/17/2021,MSO,MT,ANM,WE,Federal Contract Tower,34,18,24,0,76,0,7,68,1,76,34,25,92,1,152,34,0,34,186
09/18/2021,MSO,MT,ANM,WE,Federal Contract Tower,31,13,13,1,58,0,3,39,0,42,31,16,52,1,100,10,8,18,118
09/19/2021,MSO,MT,ANM,WE,Federal Contract Tower,33,15,20,0,68,0,7,26,0,33,33,22,46,0,101,16,0,16,117
09/20/2021,MSO,MT,ANM,WE,Federal Contract Tower,28,10,21,0,59,0,1,8,0,9,28,11,29,0,68,0,0,0,68
09/21/2021,MSO,MT,ANM,WE,Federal Contract Tower,25,22,17,2,66,0,0,32,0,32,25,22,49,2,98,20,2,22,120
09/22/2021,MSO,MT,ANM,WE,Federal Contract Tower,30,15,21,4,70,0,7,54,0,61,30,22,75,4,131,76,0,76,207
09/23/2021,MSO,MT,ANM,WE,Federal Contract Tower,37,13,18,2,70,0,6,31,2,39,37,19,49,4,109,16,4,20,129
09/24/2021,MSO,MT,ANM,WE,Federal Contract Tower,35,12,24,3,74,0,8,76,1,85,35,20,100,4,159,16,2,18,177
09/25/2021,MSO,MT,ANM,WE,Federal Contract Tower,23,9,13,0,45,0,6,87,0,93,23,15,100,0,138,40,0,40,178
09/26/2021,MSO,MT,ANM,WE,Federal Contract Tower,31,19,21,0,71,0,4,64,0,68,31,23,85,0,139,48,0,48,187
09/27/2021,MSO,MT,ANM,WE,Federal Contract Tower,26,17,20,0,63,0,7,43,0,50,26,24,63,0,113,16,2,18,131
09/29/2021,MSO,MT,ANM,WE,Federal Contract Tower,32,13,13,5,63,0,4,72,0,76,32,17,85,5,139,46,0,46,185
09/30/2021,MSO,MT,ANM,WE,Federal Contract Tower,35,23,36,0,94,0,8,100,0,108,35,31,136,0,202,54,0,54,256
10/01/2021,MSO,MT,ANM,WE,Federal Contract Tower,32,17,13,0,62,0,0,56,2,58,32,17,69,2,120,38,0,38,158
10/02/2021,MSO,MT,ANM,WE,Federal Contract Tower,33,8,14,0,55,0,2,74,0,76,33,10,88,0,131,6,0,6,137
10/03/2021,MSO,MT,ANM,WE,Federal Contract Tower,28,12,20,0,60,0,5,39,0,44,28,17,59,0,104,24,0,24,128
10/04/2021,MSO,MT,ANM,WE,Federal Contract Tower,31,9,12,0,52,0,3,41,0,44,31,12,53,0,96,30,0,30,126
10/05/2021,MSO,MT,ANM,WE,Federal Contract Tower,24,16,3,1,44,0,3,45,3,51,24,19,48,4,95,68,0,68,163
10/06/2021,MSO,MT,ANM,WE,Federal Contract Tower,25,11,16,0,52,0,0,42,0,42,25,11,58,0,94,6,0,6,100
10/07/2021,MSO,MT,ANM,WE,Federal Contract Tower,23,10,16,0,49,0,9,22,0,31,23,19,38,0,80,36,0,36,116
10/08/2021,MSO,MT,ANM,WE,Federal Contract Tower,25,13,20,0,58,0,7,63,1,71,25,20,83,1,129,64,0,64,193
10/09/2021,MSO,MT,ANM,WE,Federal Contract Tower,22,5,17,0,44,0,1,50,0,51,22,6,67,0,95,82,0,82,177
10/10/2021,MSO,MT,ANM,WE,Federal Contract Tower,22,14,23,0,59,0,2,19,0,21,22,16,42,0,80,82,0,82,162
10/11/2021,MSO,MT,ANM,WE,Federal Contract Tower,21,11,30,0,62,0,5,11,0,16,21,16,41,0,78,14,0,14,92
10/12/2021,MSO,MT,ANM,WE,Federal Contract Tower,19,17,19,4,59,0,5,34,0,39,19,22,53,4,98,8,8,16,114
10/13/2021,MSO,MT,ANM,WE,Federal Contract Tower,19,7,34,0,60,0,7,38,0,45,19,14,72,0,105,38,0,38,143
10/14/2021,MSO,MT,ANM,WE,Federal Contract Tower,21,15,28,0,64,0,9,14,0,23,21,24,42,0,87,18,0,18,105
10/15/2021,MSO,MT,ANM,WE,Federal Contract Tower,20,16,11,0,47,0,14,49,0,63,20,30,60,0,110,70,0,70,180
10/16/2021,MSO,MT,ANM,WE,Federal Contract Tower,20,10,25,0,55,0,6,52,0,58,20,16,77,0,113,18,0,18,131
10/17/2021,MSO,MT,ANM,WE,Federal Contract Tower,19,5,21,0,45,0,3,84,0,87,19,8,105,0,132,54,0,54,186
10/18/2021,MSO,MT,ANM,WE,Federal Contract Tower,21,5,17,0,43,0,10,27,0,37,21,15,44,0,80,20,0,20,100
10/19/2021,MSO,MT,ANM,WE,Federal Contract Tower,19,11,23,0,53,0,2,43,0,45,19,13,66,0,98,8,0,8,106
10/20/2021,MSO,MT,ANM,WE,Federal Contract Tower,18,17,16,2,53,0,6,37,0,43,18,23,53,2,96,38,0,38,134
10/21/2021,MSO,MT,ANM,WE,Federal Contract Tower,20,14,22,0,56,0,8,35,0,43,20,22,57,0,99,16,0,16,115
10/23/2021,MSO,MT,ANM,WE,Federal Contract Tower,17,4,7,0,28,0,4,24,0,28,17,8,31,0,56,4,0,4,60
10/24/2021,MSO,MT,ANM,WE,Federal Contract Tower,22,8,14,2,46,0,4,24,0,28,22,12,38,2,74,42,0,42,116
10/25/2021,MSO,MT,ANM,WE,Federal Contract Tower,19,12,12,0,43,0,0,0,0,0,19,12,12,0,43,0,0,0,43
10/26/2021,MSO,MT,ANM,WE,Federal Contract Tower,19,23,21,0,63,0,1,14,0,15,19,24,35,0,78,6,0,6,84
10/27/2021,MSO,MT,ANM,WE,Federal Contract Tower,18,16,13,4,51,0,3,8,0,11,18,19,21,4,62,20,0,20,82
10/28/2021,MSO,MT,ANM,WE,Federal Contract Tower,23,13,16,0,52,0,3,20,0,23,23,16,36,0,75,60,0,60,135
10/29/2021,MSO,MT,ANM,WE,Federal Contract Tower,22,11,13,0,46,0,2,5,0,7,22,13,18,0,53,16,0,16,69
10/30/2021,MSO,MT,ANM,WE,Federal Contract Tower,21,6,13,0,40,0,0,56,2,58,21,6,69,2,98,30,0,30,128
10/31/2021,MSO,MT,ANM,WE,Federal Contract Tower,21,2,10,0,33,0,4,28,0,32,21,6,38,0,65,22,0,22,87
11/01/2021,MSO,MT,ANM,WE,Federal Contract Tower,21,14,12,4,51,0,5,16,0,21,21,19,28,4,72,18,0,18,90
11/02/2021,MSO,MT,ANM,WE,Federal Contract Tower,19,13,7,0,39,0,2,20,2,24,19,15,27,2,63,20,0,20,83
11/03/2021,MSO,MT,ANM,WE,Federal Contract Tower,19,12,2,0,33,0,5,40,0,45,19,17,42,0,78,38,0,38,116
11/04/2021,MSO,MT,ANM,WE,Federal Contract Tower,21,20,13,14,68,0,3,13,0,16,21,23,26,14,84,14,12,26,110
11/06/2021,MSO,MT,ANM,WE,Federal Contract Tower,21,6,10,0,37,0,5,16,0,21,21,11,26,0,58,10,0,10,68
11/07/2021,MSO,MT,ANM,WE,Federal Contract Tower,22,5,11,2,40,0,4,26,0,30,22,9,37,2,70,54,0,54,124
11/08/2021,MSO,MT,ANM,WE,Federal Contract Tower,22,4,20,0,46,0,4,22,0,26,22,8,42,0,72,6,0,6,78
11/10/2021,MSO,MT,ANM,WE,Federal Contract Tower,18,6,8,0,32,0,7,15,0,22,18,13,23,0,54,22,0,22,76
11/11/2021,MSO,MT,ANM,WE,Federal Contract Tower,23,11,22,0,56,0,0,1,0,1,23,11,23,0,57,0,0,0,57
11/12/2021,MSO,MT,ANM,WE,Federal Contract Tower,18,11,9,0,38,0,0,3,0,3,18,11,12,0,41,14,0,14,55
11/13/2021,MSO,MT,ANM,WE,Federal Contract Tower,20,5,13,0,38,0,5,36,0,41,20,10,49,0,79,102,0,102,181
11/14/2021,MSO,MT,ANM,WE,Federal Contract Tower,21,7,5,0,33,0,4,9,0,13,21,11,14,0,46,20,0,20,66
11/15/2021,MSO,MT,ANM,WE,Federal Contract Tower,19,8,18,6,51,0,8,16,1,25,19,16,34,7,76,30,2,32,108
11/16/2021,MSO,MT,ANM,WE,Federal Contract Tower,21,13,16,0,50,0,2,0,0,2,21,15,16,0,52,6,0,6,58
11/17/2021,MSO,MT,ANM,WE,Federal Contract Tower,19,11,14,0,44,0,5,45,0,50,19,16,59,0,94,16,0,16,110
11/18/2021,MSO,MT,ANM,WE,Federal Contract Tower,24,10,15,2,51,0,4,28,0,32,24,14,43,2,83,28,0,28,111
11/19/2021,MSO,MT,ANM,WE,Federal Contract Tower,25,13,18,4,60,0,0,0,0,0,25,13,18,4,60,0,0,0,60
11/20/2021,MSO,MT,ANM,WE,Federal Contract Tower,21,8,26,0,55,0,7,30,2,39,21,15,56,2,94,68,0,68,162
11/21/2021,MSO,MT,ANM,WE,Federal Contract Tower,24,3,14,0,41,0,2,25,0,27,24,5,39,0,68,38,0,38,106
11/22/2021,MSO,MT,ANM,WE,Federal Contract Tower,23,6,13,2,44,0,6,47,0,53,23,12,60,2,97,38,0,38,135
11/23/2021,MSO,MT,ANM,WE,Federal Contract Tower,26,15,10,6,57,0,0,4,0,4,26,15,14,6,61,6,0,6,67
11/24/2021,MSO,MT,ANM,WE,Federal Contract Tower,21,17,14,0,52,0,8,21,0,29,21,25,35,0,81,14,0,14,95
11/25/2021,MSO,MT,ANM,WE,Federal Contract Tower,12,2,1,0,15,0,4,5,0,9,12,6,6,0,24,6,0,6,30
11/26/2021,MSO,MT,ANM,WE,Federal Contract Tower,21,13,7,0,41,0,0,4,0,4,21,13,11,0,45,0,0,0,45
11/27/2021,MSO,MT,ANM,WE,Federal Contract Tower,23,13,9,0,45,0,2,36,0,38,23,15,45,0,83,57,0,57,140
11/28/2021,MSO,MT,ANM,WE,Federal Contract Tower,25,17,19,0,61,0,0,14,0,14,25,17,33,0,75,50,0,50,125
11/29/2021,MSO,MT,ANM,WE,Federal Contract Tower,25,13,14,0,52,0,4,2,0,6,25,17,16,0,58,16,0,16,74
11/30/2021,MSO,MT,ANM,WE,Federal Contract Tower,21,13,13,0,47,0,6,7,0,13,21,19,20,0,60,0,0,0,60
12/01/2021,MSO,MT,ANM,WE,Federal Contract Tower,18,17,9,0,44,0,3,10,0,13,18,20,19,0,57,10,2,12,69
12/02/2021,MSO,MT,ANM,WE,Federal Contract Tower,21,12,16,0,49,0,0,0,0,0,21,12,16,0,49,0,0,0,49
12/03/2021,MSO,MT,ANM,WE,Federal Contract Tower,21,14,8,0,43,0,5,37,0,42,21,19,45,0,85,40,0,40,125
12/04/2021,MSO,MT,ANM,WE,Federal Contract Tower,16,9,4,0,29,0,0,9,0,9,16,9,13,0,38,22,0,22,60
12/05/2021,MSO,MT,ANM,WE,Federal Contract Tower,22,7,2,0,31,0,4,20,0,24,22,11,22,0,55,36,0,36,91
12/06/2021,MSO,MT,ANM,WE,Federal Contract Tower,18,8,14,0,40,0,3,0,0,3,18,11,14,0,43,0,0,0,43
12/07/2021,MSO,MT,ANM,WE,Federal Contract Tower,19,11,16,1,47,0,1,10,0,11,19,12,26,1,58,36,20,56,114
12/08/2021,MSO,MT,ANM,WE,Federal Contract Tower,16,11,11,0,38,0,0,6,0,6,16,11,17,0,44,4,0,4,48
12/09/2021,MSO,MT,ANM,WE,Federal Contract Tower,26,10,8,0,44,0,3,10,0,13,26,13,18,0,57,16,0,16,73
12/10/2021,MSO,MT,ANM,WE,Federal Contract Tower,20,18,11,0,49,0,0,14,0,14,20,18,25,0,63,46,0,46,109
12/11/2021,MSO,MT,ANM,WE,Federal Contract Tower,17,6,1,0,24,0,0,0,0,0,17,6,1,0,24,0,0,0,24
12/12/2021,MSO,MT,ANM,WE,Federal Contract Tower,23,7,4,0,34,0,0,0,0,0,23,7,4,0,34,0,0,0,34
12/13/2021,MSO,MT,ANM,WE,Federal Contract Tower,21,6,9,0,36,0,0,3,0,3,21,6,12,0,39,0,0,0,39
12/14/2021,MSO,MT,ANM,WE,Federal Contract Tower,19,16,6,0,41,0,2,0,0,2,19,18,6,0,43,0,0,0,43
12/15/2021,MSO,MT,ANM,WE,Federal Contract Tower,19,12,7,6,44,0,4,33,0,37,19,16,40,6,81,38,14,52,133
12/16/2021,MSO,MT,ANM,WE,Federal Contract Tower,24,14,18,0,56,0,0,6,0,6,24,14,24,0,62,30,0,30,92
12/17/2021,MSO,MT,ANM,WE,Federal Contract Tower,23,15,20,0,58,0,9,66,0,75,23,24,86,0,133,40,0,40,173
12/18/2021,MSO,MT,ANM,WE,Federal Contract Tower,22,6,8,0,36,0,3,26,0,29,22,9,34,0,65,94,0,94,159
12/19/2021,MSO,MT,ANM,WE,Federal Contract Tower,25,8,12,0,45,0,0,0,0,0,25,8,12,0,45,0,0,0,45
12/20/2021,MSO,MT,ANM,WE,Federal Contract Tower,21,8,10,0,39,0,0,0,0,0,21,8,10,0,39,0,0,0,39
12/21/2021,MSO,MT,ANM,WE,Federal Contract Tower,23,13,27,0,63,0,0,28,6,34,23,13,55,6,97,8,0,8,105
12/22/2021,MSO,MT,ANM,WE,Federal Contract Tower,22,17,16,1,56,0,7,29,0,36,22,24,45,1,92,48,0,48,140
12/23/2021,MSO,MT,ANM,WE,Federal Contract Tower,25,21,7,0,53,0,0,0,0,0,25,21,7,0,53,0,0,0,53
12/24/2021,MSO,MT,ANM,WE,Federal Contract Tower,16,12,13,0,41,0,12,24,0,36,16,24,37,0,77,12,0,12,89
12/25/2021,MSO,MT,ANM,WE,Federal Contract Tower,17,8,4,0,29,0,9,2,0,11,17,17,6,0,40,0,0,0,40
12/26/2021,MSO,MT,ANM,WE,Federal Contract Tower,11,6,2,0,19,0,1,0,0,1,11,7,2,0,20,0,0,0,20
12/27/2021,MSO,MT,ANM,WE,Federal Contract Tower,19,16,15,0,50,0,1,5,0,6,19,17,20,0,56,14,0,14,70
12/28/2021,MSO,MT,ANM,WE,Federal Contract Tower,19,17,10,0,46,0,0,1,0,1,19,17,11,0,47,0,0,0,47
12/29/2021,MSO,MT,ANM,WE,Federal Contract Tower,25,14,19,0,58,0,0,3,0,3,25,14,22,0,61,6,0,6,67
12/30/2021,MSO,MT,ANM,WE,Federal Contract Tower,24,20,6,0,50,0,0,5,0,5,24,20,11,0,55,20,0,20,75
12/31/2021,MSO,MT,ANM,WE,Federal Contract Tower,18,19,11,0,48,0,5,4,0,9,18,24,15,0,57,8,0,8,65
01/01/2022,MSO,MT,ANM,WE,Federal Contract Tower,16,5,2,0,23,0,4,25,0,29,16,9,27,0,52,48,0,48,100
01/02/2022,MSO,MT,ANM,WE,Federal Contract Tower,27,13,14,0,54,0,8,33,0,41,27,21,47,0,95,34,0,34,129
01/03/2022,MSO,MT,ANM,WE,Federal Contract Tower,22,6,15,0,43,0,2,10,0,12,22,8,25,0,55,18,0,18,73
01/04/2022,MSO,MT,ANM,WE,Federal Contract Tower,19,13,16,0,48,0,0,5,0,5,19,13,21,0,53,70,0,70,123
01/05/2022,MSO,MT,ANM,WE,Federal Contract Tower,12,12,7,3,34,0,0,0,0,0,12,12,7,3,34,0,0,0,34
01/06/2022,MSO,MT,ANM,WE,Federal Contract Tower,12,13,8,0,33,0,0,0,0,0,12,13,8,0,33,0,0,0,33
01/07/2022,MSO,MT,ANM,WE,Federal Contract Tower,16,13,9,0,38,0,2,1,0,3,16,15,10,0,41,0,0,0,41
01/08/2022,MSO,MT,ANM,WE,Federal Contract Tower,15,6,7,0,28,0,1,21,0,22,15,7,28,0,50,46,0,46,96
01/09/2022,MSO,MT,ANM,WE,Federal Contract Tower,22,2,9,0,33,0,6,41,0,47,22,8,50,0,80,130,0,130,210
01/10/2022,MSO,MT,ANM,WE,Federal Contract Tower,20,8,9,0,37,0,2,7,0,9,20,10,16,0,46,16,0,16,62
01/11/2022,MSO,MT,ANM,WE,Federal Contract Tower,18,11,8,0,37,0,4,22,0,26,18,15,30,0,63,85,0,85,148
01/12/2022,MSO,MT,ANM,WE,Federal Contract Tower,16,7,14,0,37,0,0,12,0,12,16,7,26,0,49,80,0,80,129
01/13/2022,MSO,MT,ANM,WE,Federal Contract Tower,8,8,6,0,22,0,0,1,0,1,8,8,7,0,23,0,0,0,23
01/14/2022,MSO,MT,ANM,WE,Federal Contract Tower,21,14,14,0,49,0,1,41,0,42,21,15,55,0,91,44,0,44,135
01/15/2022,MSO,MT,ANM,WE,Federal Contract Tower,14,4,4,0,22,0,0,0,0,0,14,4,4,0,22,0,0,0,22
01/16/2022,MSO,MT,ANM,WE,Federal Contract Tower,18,4,11,0,33,0,6,30,0,36,18,10,41,0,69,48,0,48,117
01/17/2022,MSO,MT,ANM,WE,Federal Contract Tower,20,8,5,0,33,0,2,19,0,21,20,10,24,0,54,58,0,58,112
01/18/2022,MSO,MT,ANM,WE,Federal Contract Tower,18,14,9,0,41,0,4,23,0,27,18,18,32,0,68,8,0,8,76
01/19/2022,MSO,MT,ANM,WE,Federal Contract Tower,17,9,11,8,45,0,5,10,0,15,17,14,21,8,60,10,0,10,70
01/20/2022,MSO,MT,ANM,WE,Federal Contract Tower,21,6,7,0,34,0,0,1,0,1,21,6,8,0,35,0,0,0,35
01/21/2022,MSO,MT,ANM,WE,Federal Contract Tower,18,13,11,0,42,0,7,28,2,37,18,20,39,2,79,42,0,42,121
01/22/2022,MSO,MT,ANM,WE,Federal Contract Tower,16,10,10,0,36,0,4,44,0,48,16,14,54,0,84,60,0,60,144
01/23/2022,MSO,MT,ANM,WE,Federal Contract Tower,18,5,8,0,31,0,0,2,0,2,18,5,10,0,33,24,0,24,57
01/24/2022,MSO,MT,ANM,WE,Federal Contract Tower,20,5,11,0,36,0,2,1,0,3,20,7,12,0,39,8,0,8,47
01/25/2022,MSO,MT,ANM,WE,Federal Contract Tower,18,11,15,0,44,0,2,18,0,20,18,13,33,0,64,34,0,34,98
01/26/2022,MSO,MT,ANM,WE,Federal Contract Tower,22,8,14,0,44,0,0,5,0,5,22,8,19,0,49,8,0,8,57
01/27/2022,MSO,MT,ANM,WE,Federal Contract Tower,23,9,7,6,45,0,1,43,0,44,23,10,50,6,89,24,12,36,125
01/28/2022,MSO,MT,ANM,WE,Federal Contract Tower,20,11,5,0,36,0,1,28,0,29,20,12,33,0,65,8,0,8,73
01/29/2022,MSO,MT,ANM,WE,Federal Contract Tower,15,2,4,0,21,0,0,47,0,47,15,2,51,0,68,88,0,88,156
01/30/2022,MSO,MT,ANM,WE,Federal Contract Tower,22,2,4,0,28,0,0,28,0,28,22,2,32,0,56,64,0,64,120
01/31/2022,MSO,MT,ANM,WE,Federal Contract Tower,18,4,3,0,25,0,0,4,0,4,18,4,7,0,29,0,0,0,29
02/01/2022,MSO,MT,ANM,WE,Federal Contract Tower,17,11,11,0,39,0,2,0,0,2,17,13,11,0,41,0,0,0,41
02/02/2022,MSO,MT,ANM,WE,Federal Contract Tower,23,9,21,0,53,0,1,49,0,50,23,10,70,0,103,58,0,58,161
02/03/2022,MSO,MT,ANM,WE,Federal Contract Tower,20,9,12,0,41,0,3,12,0,15,20,12,24,0,56,20,0,20,76
02/04/2022,MSO,MT,ANM,WE,Federal Contract Tower,20,8,6,0,34,0,9,21,0,30,20,17,27,0,64,42,0,42,106
02/05/2022,MSO,MT,ANM,WE,Federal Contract Tower,16,3,5,0,24,0,4,6,0,10,16,7,11,0,34,4,0,4,38
02/06/2022,MSO,MT,ANM,WE,Federal Contract Tower,22,2,4,0,28,0,0,28,0,28,22,2,32,0,56,44,0,44,100
02/07/2022,MSO,MT,ANM,WE,Federal Contract Tower,19,6,4,0,29,0,8,22,0,30,19,14,26,0,59,22,0,22,81
02/08/2022,MSO,MT,ANM,WE,Federal Contract Tower,18,10,15,0,43,0,11,24,1,36,18,21,39,1,79,36,0,36,115
02/09/2022,MSO,MT,ANM,WE,Federal Contract Tower,18,10,11,0,39,0,5,21,0,26,18,15,32,0,65,20,0,20,85
02/10/2022,MSO,MT,ANM,WE,Federal Contract Tower,23,10,9,0,42,0,11,20,0,31,23,21,29,0,73,58,0,58,131
02/11/2022,MSO,MT,ANM,WE,Federal Contract Tower,19,16,15,0,50,0,5,44,0,49,19,21,59,0,99,32,0,32,131
02/12/2022,MSO,MT,ANM,WE,Federal Contract Tower,16,4,7,0,27,0,9,46,0,55,16,13,53,0,82,58,0,58,140
02/13/2022,MSO,MT,ANM,WE,Federal Contract Tower,23,4,8,0,35,0,4,72,0,76,23,8,80,0,111,48,0,48,159
02/14/2022,MSO,MT,ANM,WE,Federal Contract Tower,20,2,10,2,34,0,2,31,2,35,20,4,41,4,69,30,4,34,103
02/15/2022,MSO,MT,ANM,WE,Federal Contract Tower,18,12,12,0,42,0,2,30,0,32,18,14,42,0,74,30,0,30,104
02/16/2022,MSO,MT,ANM,WE,Federal Contract Tower,18,16,11,0,45,0,2,31,0,33,18,18,42,0,78,40,0,40,118
02/17/2022,MSO,MT,ANM,WE,Federal Contract Tower,21,10,15,0,46,0,2,52,0,54,21,12,67,0,100,12,0,12,112
02/18/2022,MSO,MT,ANM,WE,Federal Contract Tower,19,13,14,0,46,0,13,85,0,98,19,26,99,0,144,24,0,24,168
02/19/2022,MSO,MT,ANM,WE,Federal Contract Tower,17,3,8,0,28,0,4,27,0,31,17,7,35,0,59,50,0,50,109
02/20/2022,MSO,MT,ANM,WE,Federal Contract Tower,18,5,5,0,28,0,0,3,0,3,18,5,8,0,31,10,0,10,41
02/21/2022,MSO,MT,ANM,WE,Federal Contract Tower,20,15,9,0,44,0,0,0,0,0,20,15,9,0,44,0,0,0,44
02/22/2022,MSO,MT,ANM,WE,Federal Contract Tower,18,15,15,1,49,0,5,7,0,12,18,20,22,1,61,4,0,4,65
02/23/2022,MSO,MT,ANM,WE,Federal Contract Tower,15,9,5,2,31,0,13,22,2,37,15,22,27,4,68,8,4,12,80
02/24/2022,MSO,MT,ANM,WE,Federal Contract Tower,20,11,11,0,42,0,3,15,0,18,20,14,26,0,60,6,0,6,66
02/25/2022,MSO,MT,ANM,WE,Federal Contract Tower,20,14,10,0,44,0,15,68,0,83,20,29,78,0,127,22,0,22,149
02/26/2022,MSO,MT,ANM,WE,Federal Contract Tower,16,5,11,0,32,0,9,55,0,64,16,14,66,0,96,84,0,84,180
02/27/2022,MSO,MT,ANM,WE,Federal Contract Tower,23,5,10,1,39,0,1,22,1,24,23,6,32,2,63,20,2,22,85
02/28/2022,MSO,MT,ANM,WE,Federal Contract Tower,19,8,13,0,40,0,0,7,0,7,19,8,20,0,47,10,0,10,57
03/01/2022,MSO,MT,ANM,WE,Federal Contract Tower,19,11,21,0,51,0,0,7,0,7,19,11,28,0,58,26,0,26,84
03/02/2022,MSO,MT,ANM,WE,Federal Contract Tower,14,12,9,0,35,0,14,0,0,14,14,26,9,0,49,0,0,0,49
03/03/2022,MSO,MT,ANM,WE,Federal Contract Tower,0,0,0,0,0,0,0,0,0,0,0,0,0,0,0,0,0,0,0
03/04/2022,MSO,MT,ANM,WE,Federal Contract Tower,19,8,24,1,52,0,12,29,3,44,19,20,53,4,96,46,0,46,142
03/05/2022,MSO,MT,ANM,WE,Federal Contract Tower,12,7,10,0,29,0,0,46,0,46,12,7,56,0,75,60,0,60,135
03/06/2022,MSO,MT,ANM,WE,Federal Contract Tower,20,4,9,0,33,0,3,11,0,14,20,7,20,0,47,0,0,0,47
03/07/2022,MSO,MT,ANM,WE,Federal Contract Tower,16,13,11,0,40,0,3,22,0,25,16,16,33,0,65,18,0,18,83
03/08/2022,MSO,MT,ANM,WE,Federal Contract Tower,14,12,7,0,33,0,0,18,0,18,14,12,25,0,51,0,0,0,51
03/09/2022,MSO,MT,ANM,WE,Federal Contract Tower,15,12,8,1,36,0,3,44,0,47,15,15,52,1,83,42,0,42,125
03/10/2022,MSO,MT,ANM,WE,Federal Contract Tower,19,13,7,0,39,0,3,56,0,59,19,16,63,0,98,46,0,46,144
03/11/2022,MSO,MT,ANM,WE,Federal Contract Tower,15,9,13,2,39,0,0,33,2,35,15,9,46,4,74,70,0,70,144
03/12/2022,MSO,MT,ANM,WE,Federal Contract Tower,16,7,6,0,29,0,4,32,0,36,16,11,38,0,65,56,0,56,121
03/13/2022,MSO,MT,ANM,WE,Federal Contract Tower,15,5,6,0,26,0,2,1,0,3,15,7,7,0,29,44,0,44,73
03/14/2022,MSO,MT,ANM,WE,Federal Contract Tower,16,7,11,0,34,0,3,12,0,15,16,10,23,0,49,76,0,76,125
03/15/2022,MSO,MT,ANM,WE,Federal Contract Tower,13,17,12,0,42,0,0,8,0,8,13,17,20,0,50,22,0,22,72
03/16/2022,MSO,MT,ANM,WE,Federal Contract Tower,15,8,20,0,43,0,4,14,0,18,15,12,34,0,61,10,0,10,71
03/17/2022,MSO,MT,ANM,WE,Federal Contract Tower,20,14,10,0,44,0,11,50,0,61,20,25,60,0,105,104,0,104,209
03/18/2022,MSO,MT,ANM,WE,Federal Contract Tower,18,13,8,5,44,0,0,28,0,28,18,13,36,5,72,74,0,74,146
03/19/2022,MSO,MT,ANM,WE,Federal Contract Tower,12,4,10,0,26,0,6,31,0,37,12,10,41,0,63,50,0,50,113
03/20/2022,MSO,MT,ANM,WE,Federal Contract Tower,19,9,5,0,33,0,0,6,0,6,19,9,11,0,39,14,0,14,53
03/21/2022,MSO,MT,ANM,WE,Federal Contract Tower,19,5,9,0,33,0,0,20,0,20,19,5,29,0,53,24,0,24,77
03/22/2022,MSO,MT,ANM,WE,Federal Contract Tower,16,11,6,5,38,0,0,32,1,33,16,11,38,6,71,42,16,58,129
03/23/2022,MSO,MT,ANM,WE,Federal Contract Tower,16,14,12,20,62,0,0,45,0,45,16,14,57,20,107,56,24,80,187
03/24/2022,MSO,MT,ANM,WE,Federal Contract Tower,20,16,12,2,50,0,14,32,0,46,20,30,44,2,96,6,0,6,102
03/25/2022,MSO,MT,ANM,WE,Federal Contract Tower,19,7,9,2,37,0,0,59,0,59,19,7,68,2,96,32,0,32,128
03/26/2022,MSO,MT,ANM,WE,Federal Contract Tower,16,5,15,2,38,0,1,66,0,67,16,6,81,2,105,20,0,20,125
03/27/2022,MSO,MT,ANM,WE,Federal Contract Tower,21,5,3,0,29,0,11,37,0,48,21,16,40,0,77,118,0,118,195
03/28/2022,MSO,MT,ANM,WE,Federal Contract Tower,19,5,10,0,34,0,8,19,0,27,19,13,29,0,61,10,0,10,71
03/29/2022,MSO,MT,ANM,WE,Federal Contract Tower,17,12,15,12,56,0,11,29,0,40,17,23,44,12,96,2,32,34,130
03/30/2022,MSO,MT,ANM,WE,Federal Contract Tower,16,8,7,0,31,0,11,34,0,45,16,19,41,0,76,38,0,38,114
03/31/2022,MSO,MT,ANM,WE,Federal Contract Tower,21,12,8,0,41,0,8,22,0,30,21,20,30,0,71,34,0,34,105
04/01/2022,MSO,MT,ANM,WE,Federal Contract Tower,18,17,12,0,47,0,5,77,0,82,18,22,89,0,129,96,0,96,225
04/02/2022,MSO,MT,ANM,WE,Federal Contract Tower,14,4,4,0,22,0,0,8,0,8,14,4,12,0,30,24,0,24,54
04/03/2022,MSO,MT,ANM,WE,Federal Contract Tower,18,5,8,0,31,0,0,18,0,18,18,5,26,0,49,2,0,2,51
04/04/2022,MSO,MT,ANM,WE,Federal Contract Tower,15,6,10,0,31,0,0,9,0,9,15,6,19,0,40,28,0,28,68
04/05/2022,MSO,MT,ANM,WE,Federal Contract Tower,17,15,11,0,43,0,3,16,0,19,17,18,27,0,62,36,0,36,98
04/06/2022,MSO,MT,ANM,WE,Federal Contract Tower,14,16,23,0,53,0,11,40,0,51,14,27,63,0,104,142,0,142,246
04/07/2022,MSO,MT,ANM,WE,Federal Contract Tower,17,10,17,0,44,0,47,56,0,103,17,57,73,0,147,170,0,170,317
04/08/2022,MSO,MT,ANM,WE,Federal Contract Tower,16,13,9,0,38,0,4,28,0,32,16,17,37,0,70,24,0,24,94
04/09/2022,MSO,MT,ANM,WE,Federal Contract Tower,14,4,1,0,19,0,4,6,0,10,14,8,7,0,29,8,0,8,37
04/10/2022,MSO,MT,ANM,WE,Federal Contract Tower,18,3,4,0,25,0,0,16,0,16,18,3,20,0,41,76,0,76,117
04/11/2022,MSO,MT,ANM,WE,Federal Contract Tower,15,6,9,0,30,0,2,8,2,12,15,8,17,2,42,14,0,14,56
04/12/2022,MSO,MT,ANM,WE,Federal Contract Tower,15,10,15,2,42,0,0,9,0,9,15,10,24,2,51,6,34,40,91
04/13/2022,MSO,MT,ANM,WE,Federal Contract Tower,15,11,10,0,36,0,0,39,0,39,15,11,49,0,75,50,0,50,125
04/14/2022,MSO,MT,ANM,WE,Federal Contract Tower,17,12,16,2,47,0,0,19,0,19,17,12,35,2,66,0,0,0,66
04/15/2022,MSO,MT,ANM,WE,Federal Contract Tower,16,9,16,0,41,0,8,46,0,54,16,17,62,0,95,40,0,40,135
04/16/2022,MSO,MT,ANM,WE,Federal Contract Tower,13,6,3,0,22,0,7,16,0,23,13,13,19,0,45,12,0,12,57
04/17/2022,MSO,MT,ANM,WE,Federal Contract Tower,18,3,6,0,27,0,7,13,0,20,18,10,19,0,47,18,0,18,65
04/18/2022,MSO,MT,ANM,WE,Federal Contract Tower,16,4,10,0,30,0,5,43,0,48,16,9,53,0,78,30,0,30,108
04/19/2022,MSO,MT,ANM,WE,Federal Contract Tower,14,27,15,0,56,0,0,10,0,10,14,27,25,0,66,0,0,0,66
04/20/2022,MSO,MT,ANM,WE,Federal Contract Tower,14,8,15,0,37,0,11,39,0,50,14,19,54,0,87,46,0,46,133
04/21/2022,MSO,MT,ANM,WE,Federal Contract Tower,17,16,13,0,46,0,11,12,0,23,17,27,25,0,69,52,0,52,121
04/22/2022,MSO,MT,ANM,WE,Federal Contract Tower,17,12,10,0,39,0,5,79,0,84,17,17,89,0,123,74,0,74,197
04/23/2022,MSO,MT,ANM,WE,Federal Contract Tower,12,8,9,0,29,0,2,36,0,38,12,10,45,0,67,42,0,42,109
04/24/2022,MSO,MT,ANM,WE,Federal Contract Tower,16,3,10,0,29,0,3,37,0,40,16,6,47,0,69,62,0,62,131
04/25/2022,MSO,MT,ANM,WE,Federal Contract Tower,16,11,18,4,49,0,10,65,0,75,16,21,83,4,124,58,0,58,182
04/26/2022,MSO,MT,ANM,WE,Federal Contract Tower,17,12,7,0,36,0,0,34,0,34,17,12,41,0,70,97,0,97,167
04/27/2022,MSO,MT,ANM,WE,Federal Contract Tower,15,12,12,0,39,0,4,70,0,74,15,16,82,0,113,26,0,26,139
04/28/2022,MSO,MT,ANM,WE,Federal Contract Tower,17,13,19,0,49,0,7,53,0,60,17,20,72,0,109,44,0,44,153
04/29/2022,MSO,MT,ANM,WE,Federal Contract Tower,16,11,19,0,46,0,2,34,0,36,16,13,53,0,82,38,0,38,120
04/30/2022,MSO,MT,ANM,WE,Federal Contract Tower,11,6,8,0,25,0,3,51,0,54,11,9,59,0,79,118,0,118,197
05/01/2022,MSO,MT,ANM,WE,Federal Contract Tower,18,2,21,0,41,0,9,16,0,25,18,11,37,0,66,56,0,56,122
05/02/2022,MSO,MT,ANM,WE,Federal Contract Tower,19,8,12,0,39,0,8,31,0,39,19,16,43,0,78,50,0,50,128
05/03/2022,MSO,MT,ANM,WE,Federal Contract Tower,18,13,19,0,50,0,8,27,0,35,18,21,46,0,85,8,0,8,93
05/04/2022,MSO,MT,ANM,WE,Federal Contract Tower,15,13,20,1,49,0,1,50,0,51,15,14,70,1,100,44,0,44,144
05/05/2022,MSO,MT,ANM,WE,Federal Contract Tower,19,19,9,1,48,0,0,15,4,19,19,19,24,5,67,12,0,12,79
05/06/2022,MSO,MT,ANM,WE,Federal Contract Tower,17,13,7,0,37,0,3,19,0,22,17,16,26,0,59,18,0,18,77
05/07/2022,MSO,MT,ANM,WE,Federal Contract Tower,15,7,13,0,35,0,6,4,0,10,15,13,17,0,45,0,0,0,45
05/08/2022,MSO,MT,ANM,WE,Federal Contract Tower,22,0,9,0,31,0,0,12,0,12,22,0,21,0,43,32,0,32,75
05/09/2022,MSO,MT,ANM,WE,Federal Contract Tower,18,6,5,1,30,0,2,28,0,30,18,8,33,1,60,76,0,76,136
05/10/2022,MSO,MT,ANM,WE,Federal Contract Tower,18,15,5,2,40,0,1,37,0,38,18,16,42,2,78,36,0,36,114
05/11/2022,MSO,MT,ANM,WE,Federal Contract Tower,17,10,14,0,41,0,9,71,0,80,17,19,85,0,121,132,0,132,253
05/12/2022,MSO,MT,ANM,WE,Federal Contract Tower,21,12,12,1,46,0,13,59,0,72,21,25,71,1,118,80,2,82,200
05/13/2022,MSO,MT,ANM,WE,Federal Contract Tower,18,10,17,1,46,0,7,3,0,10,18,17,20,1,56,0,0,0,56
05/14/2022,MSO,MT,ANM,WE,Federal Contract Tower,14,7,5,0,26,0,3,26,0,29,14,10,31,0,55,59,0,59,114
05/15/2022,MSO,MT,ANM,WE,Federal Contract Tower,20,7,8,0,35,0,0,48,0,48,20,7,56,0,83,62,0,62,145
05/16/2022,MSO,MT,ANM,WE,Federal Contract Tower,19,10,14,0,43,0,0,8,0,8,19,10,22,0,51,18,0,18,69
05/17/2022,MSO,MT,ANM,WE,Federal Contract Tower,17,22,12,1,52,0,3,41,0,44,17,25,53,1,96,22,8,30,126
05/18/2022,MSO,MT,ANM,WE,Federal Contract Tower,18,11,12,0,41,0,3,17,0,20,18,14,29,0,61,16,0,16,77
05/19/2022,MSO,MT,ANM,WE,Federal Contract Tower,17,14,11,0,42,0,4,7,0,11,17,18,18,0,53,6,0,6,59
05/20/2022,MSO,MT,ANM,WE,Federal Contract Tower,18,14,15,0,47,0,9,24,0,33,18,23,39,0,80,0,0,0,80
05/21/2022,MSO,MT,ANM,WE,Federal Contract Tower,14,5,7,0,26,0,6,58,5,69,14,11,65,5,95,22,0,22,117
05/22/2022,MSO,MT,ANM,WE,Federal Contract Tower,23,6,16,0,45,0,16,50,0,66,23,22,66,0,111,40,0,40,151
05/23/2022,MSO,MT,ANM,WE,Federal Contract Tower,19,16,19,2,56,0,4,37,0,41,19,20,56,2,97,20,0,20,117
05/24/2022,MSO,MT,ANM,WE,Federal Contract Tower,18,13,10,2,43,0,5,39,0,44,18,18,49,2,87,86,0,86,173
05/25/2022,MSO,MT,ANM,WE,Federal Contract Tower,17,12,22,0,51,0,4,48,0,52,17,16,70,0,103,50,0,50,153
05/26/2022,MSO,MT,ANM,WE,Federal Contract Tower,18,21,18,0,57,0,6,73,0,79,18,27,91,0,136,58,0,58,194
05/27/2022,MSO,MT,ANM,WE,Federal Contract Tower,20,12,11,0,43,0,4,29,0,33,20,16,40,0,76,26,0,26,102
05/28/2022,MSO,MT,ANM,WE,Federal Contract Tower,16,8,6,0,30,0,7,24,0,31,16,15,30,0,61,8,0,8,69
05/29/2022,MSO,MT,ANM,WE,Federal Contract Tower,17,13,5,0,35,0,2,22,0,24,17,15,27,0,59,42,0,42,101
05/30/2022,MSO,MT,ANM,WE,Federal Contract Tower,20,10,15,0,45,0,4,34,0,38,20,14,49,0,83,10,0,10,93
05/31/2022,MSO,MT,ANM,WE,Federal Contract Tower,20,13,14,1,48,0,5,52,5,62,20,18,66,6,110,22,10,32,142
06/01/2022,MSO,MT,ANM,WE,Federal Contract Tower,17,13,27,0,57,0,10,65,0,75,17,23,92,0,132,58,0,58,190
06/02/2022,MSO,MT,ANM,WE,Federal Contract Tower,20,13,10,0,43,0,5,33,0,38,20,18,43,0,81,24,0,24,105
06/03/2022,MSO,MT,ANM,WE,Federal Contract Tower,28,13,14,0,55,0,16,45,0,61,28,29,59,0,116,56,0,56,172
06/04/2022,MSO,MT,ANM,WE,Federal Contract Tower,21,15,6,1,43,0,2,9,0,11,21,17,15,1,54,0,0,0,54
06/05/2022,MSO,MT,ANM,WE,Federal Contract Tower,28,10,16,0,54,0,8,23,1,32,28,18,39,1,86,4,0,4,90
06/06/2022,MSO,MT,ANM,WE,Federal Contract Tower,27,20,18,0,65,0,0,18,0,18,27,20,36,0,83,12,0,12,95
06/07/2022,MSO,MT,ANM,WE,Federal Contract Tower,21,19,17,0,57,0,11,59,0,70,21,30,76,0,127,38,0,38,165
06/08/2022,MSO,MT,ANM,WE,Federal Contract Tower,23,14,11,0,48,0,1,44,0,45,23,15,55,0,93,86,0,86,179
06/09/2022,MSO,MT,ANM,WE,Federal Contract Tower,28,17,13,0,58,0,5,39,0,44,28,22,52,0,102,62,0,62,164
06/10/2022,MSO,MT,ANM,WE,Federal Contract Tower,31,14,24,0,69,0,8,9,0,17,31,22,33,0,86,16,0,16,102
06/11/2022,MSO,MT,ANM,WE,Federal Contract Tower,23,6,18,0,47,0,8,8,2,18,23,14,26,2,65,2,0,2,67
06/12/2022,MSO,MT,ANM,WE,Federal Contract Tower,28,19,16,0,63,0,6,44,2,52,28,25,60,2,115,64,0,64,179
06/13/2022,MSO,MT,ANM,WE,Federal Contract Tower,27,7,18,1,53,0,3,24,4,31,27,10,42,5,84,16,0,16,100
06/14/2022,MSO,MT,ANM,WE,Federal Contract Tower,23,25,8,0,56,0,7,12,3,22,23,32,20,3,78,0,0,0,78
06/15/2022,MSO,MT,ANM,WE,Federal Contract Tower,24,13,27,1,65,0,7,57,1,65,24,20,84,2,130,70,18,88,218
06/16/2022,MSO,MT,ANM,WE,Federal Contract Tower,30,17,18,1,66,0,3,69,0,72,30,20,87,1,138,36,0,36,174
06/17/2022,MSO,MT,ANM,WE,Federal Contract Tower,31,21,19,1,72,0,5,70,0,75,31,26,89,1,147,22,0,22,169
06/18/2022,MSO,MT,ANM,WE,Federal Contract Tower,31,17,13,0,61,0,2,39,0,41,31,19,52,0,102,32,0,32,134
06/19/2022,MSO,MT,ANM,WE,Federal Contract Tower,34,13,16,0,63,0,8,7,2,17,34,21,23,2,80,26,0,26,106
06/20/2022,MSO,MT,ANM,WE,Federal Contract Tower,30,19,12,0,61,0,1,10,0,11,30,20,22,0,72,48,0,48,120
06/21/2022,MSO,MT,ANM,WE,Federal Contract Tower,27,22,16,2,67,0,0,7,51,58,27,22,23,53,125,90,0,90,215
06/22/2022,MSO,MT,ANM,WE,Federal Contract Tower,29,16,24,0,69,0,5,69,0,74,29,21,93,0,143,66,0,66,209
06/23/2022,MSO,MT,ANM,WE,Federal Contract Tower,32,24,11,0,67,0,12,55,0,67,32,36,66,0,134,26,0,26,160
06/24/2022,MSO,MT,ANM,WE,Federal Contract Tower,32,24,17,0,73,0,5,55,0,60,32,29,72,0,133,30,0,30,163
06/25/2022,MSO,MT,ANM,WE,Federal Contract Tower,37,19,15,0,71,0,7,56,0,63,37,26,71,0,134,24,0,24,158
06/26/2022,MSO,MT,ANM,WE,Federal Contract Tower,35,14,19,3,71,0,9,59,0,68,35,23,78,3,139,68,0,68,207
06/27/2022,MSO,MT,ANM,WE,Federal Contract Tower,31,16,21,0,68,0,4,40,0,44,31,20,61,0,112,6,0,6,118
06/28/2022,MSO,MT,ANM,WE,Federal Contract Tower,27,18,15,0,60,0,15,32,0,47,27,33,47,0,107,44,0,44,151
06/29/2022,MSO,MT,ANM,WE,Federal Contract Tower,30,18,25,0,73,0,9,50,0,59,30,27,75,0,132,26,0,26,158
06/30/2022,MSO,MT,ANM,WE,Federal Contract Tower,35,17,22,0,74,0,7,57,0,64,35,24,79,0,138,38,0,38,176
07/01/2022,MSO,MT,ANM,WE,Federal Contract Tower,31,17,24,0,72,0,8,90,0,98,31,25,114,0,170,34,0,34,204
07/02/2022,MSO,MT,ANM,WE,Federal Contract Tower,32,5,4,0,41,0,4,46,0,50,32,9,50,0,91,6,0,6,97
07/03/2022,MSO,MT,ANM,WE,Federal Contract Tower,31,3,3,0,37,0,4,17,0,21,31,7,20,0,58,16,0,16,74
07/04/2022,MSO,MT,ANM,WE,Federal Contract Tower,28,6,6,0,40,0,3,17,0,20,28,9,23,0,60,14,0,14,74
07/05/2022,MSO,MT,ANM,WE,Federal Contract Tower,26,15,20,1,62,0,9,46,2,57,26,24,66,3,119,50,0,50,169
07/06/2022,MSO,MT,ANM,WE,Federal Contract Tower,24,18,14,0,56,0,4,36,0,40,24,22,50,0,96,42,0,42,138
07/07/2022,MSO,MT,ANM,WE,Federal Contract Tower,31,16,11,0,58,0,5,36,0,41,31,21,47,0,99,2,0,2,101
07/08/2022,MSO,MT,ANM,WE,Federal Contract Tower,33,23,24,0,80,0,2,78,0,80,33,25,102,0,160,6,0,6,166
07/09/2022,MSO,MT,ANM,WE,Federal Contract Tower,33,9,14,1,57,0,1,52,0,53,33,10,66,1,110,56,0,56,166
07/10/2022,MSO,MT,ANM,WE,Federal Contract Tower,31,12,9,0,52,0,12,46,1,59,31,24,55,1,111,56,0,56,167
07/11/2022,MSO,MT,ANM,WE,Federal Contract Tower,32,11,7,0,50,0,3,65,0,68,32,14,72,0,118,18,0,18,136
07/12/2022,MSO,MT,ANM,WE,Federal Contract Tower,26,14,20,0,60,0,12,70,1,83,26,26,90,1,143,34,0,34,177
07/13/2022,MSO,MT,ANM,WE,Federal Contract Tower,28,17,12,0,57,0,9,46,0,55,28,26,58,0,112,44,0,44,156
07/14/2022,MSO,MT,ANM,WE,Federal Contract Tower,35,13,13,3,64,0,15,82,1,98,35,28,95,4,162,78,14,92,254
07/15/2022,MSO,MT,ANM,WE,Federal Contract Tower,32,17,13,0,62,0,5,60,0,65,32,22,73,0,127,30,0,30,157
07/16/2022,MSO,MT,ANM,WE,Federal Contract Tower,38,14,20,0,72,0,10,75,0,85,38,24,95,0,157,26,0,26,183
07/17/2022,MSO,MT,ANM,WE,Federal Contract Tower,30,16,7,0,53,0,1,87,2,90,30,17,94,2,143,6,0,6,149
07/18/2022,MSO,MT,ANM,WE,Federal Contract Tower,32,9,20,0,61,0,4,19,0,23,32,13,39,0,84,0,0,0,84
07/19/2022,MSO,MT,ANM,WE,Federal Contract Tower,29,19,18,0,66,0,10,40,1,51,29,29,58,1,117,32,0,32,149
07/20/2022,MSO,MT,ANM,WE,Federal Contract Tower,29,15,19,0,63,0,1,104,2,107,29,16,123,2,170,68,12,80,250
07/21/2022,MSO,MT,ANM,WE,Federal Contract Tower,34,18,27,0,79,0,9,103,5,117,34,27,130,5,196,36,0,36,232
07/22/2022,MSO,MT,ANM,WE,Federal Contract Tower,32,21,19,0,72,0,11,86,0,97,32,32,105,0,169,38,0,38,207
07/23/2022,MSO,MT,ANM,WE,Federal Contract Tower,35,13,7,0,55,0,8,97,0,105,35,21,104,0,160,90,0,90,250
07/24/2022,MSO,MT,ANM,WE,Federal Contract Tower,35,15,14,0,64,0,2,34,0,36,35,17,48,0,100,0,0,0,100
07/25/2022,MSO,MT,ANM,WE,Federal Contract Tower,29,15,24,0,68,0,5,39,0,44,29,20,63,0,112,18,0,18,130
07/26/2022,MSO,MT,ANM,WE,Federal Contract Tower,23,19,22,11,75,0,2,40,1,43,23,21,62,12,118,45,1,46,164
07/27/2022,MSO,MT,ANM,WE,Federal Contract Tower,30,18,20,0,68,0,3,44,0,47,30,21,64,0,115,48,0,48,163
07/28/2022,MSO,MT,ANM,WE,Federal Contract Tower,35,8,19,1,63,0,7,52,0,59,35,15,71,1,122,110,0,110,232
07/29/2022,MSO,MT,ANM,WE,Federal Contract Tower,30,14,23,1,68,0,6,85,0,91,30,20,108,1,159,10,0,10,169
07/30/2022,MSO,MT,ANM,WE,Federal Contract Tower,35,10,25,0,70,0,5,125,0,130,35,15,150,0,200,10,0,10,210
07/31/2022,MSO,MT,ANM,WE,Federal Contract Tower,30,12,15,2,59,0,3,74,0,77,30,15,89,2,136,16,0,16,152
08/01/2022,MSO,MT,ANM,WE,Federal Contract Tower,29,11,19,3,62,0,11,76,5,92,29,22,95,8,154,0,62,62,216
08/02/2022,MSO,MT,ANM,WE,Federal Contract Tower,25,20,21,3,69,0,22,60,3,85,25,42,81,6,154,0,10,10,164
08/03/2022,MSO,MT,ANM,WE,Federal Contract Tower,27,17,18,1,63,0,5,70,0,75,27,22,88,1,138,16,0,16,154
08/04/2022,MSO,MT,ANM,WE,Federal Contract Tower,33,11,15,0,59,0,16,38,0,54,33,27,53,0,113,22,0,22,135
08/05/2022,MSO,MT,ANM,WE,Federal Contract Tower,31,13,19,0,63,0,0,86,0,86,31,13,105,0,149,26,0,26,175
08/06/2022,MSO,MT,ANM,WE,Federal Contract Tower,34,17,13,0,64,0,7,66,2,75,34,24,79,2,139,18,0,18,157
08/07/2022,MSO,MT,ANM,WE,Federal Contract Tower,32,13,16,0,61,0,4,75,0,79,32,17,91,0,140,6,0,6,146
08/08/2022,MSO,MT,ANM,WE,Federal Contract Tower,28,17,16,0,61,0,11,49,0,60,28,28,65,0,121,4,0,4,125
08/09/2022,MSO,MT,ANM,WE,Federal Contract Tower,27,19,14,0,60,0,1,45,0,46,27,20,59,0,106,16,0,16,122
08/10/2022,MSO,MT,ANM,WE,Federal Contract Tower,26,19,24,0,69,0,14,34,0,48,26,33,58,0,117,20,0,20,137
08/12/2022,MSO,MT,ANM,WE,Federal Contract Tower,34,23,27,2,86,0,3,89,0,92,34,26,116,2,178,6,0,6,184
08/13/2022,MSO,MT,ANM,WE,Federal Contract Tower,30,11,21,0,62,0,13,75,0,88,30,24,96,0,150,0,0,0,150
08/14/2022,MSO,MT,ANM,WE,Federal Contract Tower,38,11,18,0,67,0,10,52,0,62,38,21,70,0,129,16,0,16,145
08/15/2022,MSO,MT,ANM,WE,Federal Contract Tower,33,15,16,1,65,0,8,92,0,100,33,23,108,1,165,56,0,56,221
08/16/2022,MSO,MT,ANM,WE,Federal Contract Tower,29,16,19,0,64,0,38,67,0,105,29,54,86,0,169,6,0,6,175
08/17/2022,MSO,MT,ANM,WE,Federal Contract Tower,24,14,15,1,54,0,31,52,0,83,24,45,67,1,137,48,0,48,185
08/18/2022,MSO,MT,ANM,WE,Federal Contract Tower,33,24,31,0,88,0,13,78,0,91,33,37,109,0,179,50,0,50,229
08/19/2022,MSO,MT,ANM,WE,Federal Contract Tower,34,16,13,0,63,0,13,59,0,72,34,29,72,0,135,46,0,46,181
08/20/2022,MSO,MT,ANM,WE,Federal Contract Tower,37,20,14,0,71,0,7,60,0,67,37,27,74,0,138,98,0,98,236
08/21/2022,MSO,MT,ANM,WE,Federal Contract Tower,30,13,8,3,54,0,7,87,8,102,30,20,95,11,156,44,1,45,201
08/22/2022,MSO,MT,ANM,WE,Federal Contract Tower,32,9,18,1,60,0,8,80,0,88,32,17,98,1,148,20,0,20,168
08/23/2022,MSO,MT,ANM,WE,Federal Contract Tower,29,23,16,0,68,0,0,0,92,92,29,23,16,92,160,32,0,32,192
08/24/2022,MSO,MT,ANM,WE,Federal Contract Tower,28,17,24,0,69,0,1,45,0,46,28,18,69,0,115,12,0,12,127
08/25/2022,MSO,MT,ANM,WE,Federal Contract Tower,30,15,14,0,59,0,4,58,0,62,30,19,72,0,121,32,0,32,153
08/26/2022,MSO,MT,ANM,WE,Federal Contract Tower,35,15,13,0,63,0,4,53,0,57,35,19,66,0,120,38,0,38,158
08/27/2022,MSO,MT,ANM,WE,Federal Contract Tower,37,14,16,0,67,0,8,36,0,44,37,22,52,0,111,0,0,0,111
08/28/2022,MSO,MT,ANM,WE,Federal Contract Tower,34,7,14,0,55,0,12,68,0,80,34,19,82,0,135,42,0,42,177
08/29/2022,MSO,MT,ANM,WE,Federal Contract Tower,32,7,19,0,58,0,7,49,0,56,32,14,68,0,114,42,0,42,156
08/30/2022,MSO,MT,ANM,WE,Federal Contract Tower,26,22,12,0,60,0,1,101,3,105,26,23,113,3,165,82,0,82,247
08/31/2022,MSO,MT,ANM,WE,Federal Contract Tower,28,18,13,0,59,0,9,77,0,86,28,27,90,0,145,6,0,6,151
09/02/2022,MSO,MT,ANM,WE,Federal Contract Tower,30,15,24,1,70,0,5,79,0,84,30,20,103,1,154,20,0,20,174
09/03/2022,MSO,MT,ANM,WE,Federal Contract Tower,36,9,10,0,55,0,9,71,0,80,36,18,81,0,135,46,0,46,181
09/04/2022,MSO,MT,ANM,WE,Federal Contract Tower,31,13,6,1,51,0,14,54,0,68,31,27,60,1,119,30,0,30,149
09/05/2022,MSO,MT,ANM,WE,Federal Contract Tower,28,11,13,0,52,0,2,89,0,91,28,13,102,0,143,2,0,2,145
09/06/2022,MSO,MT,ANM,WE,Federal Contract Tower,252,18,16,6,292,0,7,67,1,75,252,25,83,7,367,0,0,0,367
09/07/2022,MSO,MT,ANM,WE,Federal Contract Tower,26,15,16,0,57,0,6,59,0,65,26,21,75,0,122,12,0,12,134
09/08/2022,MSO,MT,ANM,WE,Federal Contract Tower,33,13,13,4,63,0,2,88,0,90,33,15,101,4,153,30,14,44,197
09/09/2022,MSO,MT,ANM,WE,Federal Contract Tower,32,19,16,0,67,0,7,98,0,105,32,26,114,0,172,24,0,24,196
09/10/2022,MSO,MT,ANM,WE,Federal Contract Tower,36,12,14,0,62,0,0,68,0,68,36,12,82,0,130,34,0,34,164
09/11/2022,MSO,MT,ANM,WE,Federal Contract Tower,37,5,17,0,59,0,0,36,0,36,37,5,53,0,95,10,0,10,105
09/12/2022,MSO,MT,ANM,WE,Federal Contract Tower,29,25,58,0,112,0,0,2,0,2,29,25,60,0,114,0,0,0,114
09/13/2022,MSO,MT,ANM,WE,Federal Contract Tower,28,21,25,0,74,0,0,0,0,0,28,21,25,0,74,0,0,0,74
09/15/2022,MSO,MT,ANM,WE,Federal Contract Tower,34,25,40,0,99,0,0,8,0,8,34,25,48,0,107,0,0,0,107
09/16/2022,MSO,MT,ANM,WE,Federal Contract Tower,35,9,15,0,59,0,4,51,0,55,35,13,66,0,114,36,0,36,150
09/17/2022,MSO,MT,ANM,WE,Federal Contract Tower,35,9,14,0,58,0,5,47,0,52,35,14,61,0,110,28,0,28,138
09/18/2022,MSO,MT,ANM,WE,Federal Contract Tower,36,7,10,0,53,0,5,27,0,32,36,12,37,0,85,24,0,24,109
09/19/2022,MSO,MT,ANM,WE,Federal Contract Tower,33,19,18,0,70,0,3,21,1,25,33,22,39,1,95,8,0,8,103
09/20/2022,MSO,MT,ANM,WE,Federal Contract Tower,27,13,20,0,60,0,5,31,0,36,27,18,51,0,96,0,0,0,96
09/21/2022,MSO,MT,ANM,WE,Federal Contract Tower,30,14,13,7,64,0,9,35,2,46,30,23,48,9,110,14,8,22,132
09/22/2022,MSO,MT,ANM,WE,Federal Contract Tower,37,19,28,0,84,0,0,0,0,0,37,19,28,0,84,0,0,0,84
09/23/2022,MSO,MT,ANM,WE,Federal Contract Tower,34,18,17,0,69,0,4,34,1,39,34,22,51,1,108,42,0,42,150
09/24/2022,MSO,MT,ANM,WE,Federal Contract Tower,33,10,12,0,55,0,6,57,0,63,33,16,69,0,118,20,0,20,138
09/25/2022,MSO,MT,ANM,WE,Federal Contract Tower,39,13,22,0,74,0,2,61,0,63,39,15,83,0,137,12,0,12,149
09/26/2022,MSO,MT,ANM,WE,Federal Contract Tower,32,5,15,0,52,0,1,49,0,50,32,6,64,0,102,12,0,12,114
09/27/2022,MSO,MT,ANM,WE,Federal Contract Tower,30,18,19,0,67,0,3,56,0,59,30,21,75,0,126,32,0,32,158
09/28/2022,MSO,MT,ANM,WE,Federal Contract Tower,30,16,25,0,71,0,5,52,0,57,30,21,77,0,128,26,0,26,154
09/29/2022,MSO,MT,ANM,WE,Federal Contract Tower,35,19,20,0,74,0,1,9,0,10,35,20,29,0,84,12,0,12,96
09/30/2022,MSO,MT,ANM,WE,Federal Contract Tower,32,19,7,0,58,0,0,49,0,49,32,19,56,0,107,46,0,46,153
10/01/2022,MSO,MT,ANM,WE,Federal Contract Tower,26,17,7,1,51,0,6,27,0,33,26,23,34,1,84,20,0,20,104
10/02/2022,MSO,MT,ANM,WE,Federal Contract Tower,33,4,6,1,44,0,2,23,0,25,33,6,29,1,69,32,0,32,101
10/03/2022,MSO,MT,ANM,WE,Federal Contract Tower,30,7,10,0,47,0,0,36,0,36,30,7,46,0,83,54,0,54,137
10/04/2022,MSO,MT,ANM,WE,Federal Contract Tower,30,13,20,1,64,0,0,43,0,43,30,13,63,1,107,58,0,58,165
10/05/2022,MSO,MT,ANM,WE,Federal Contract Tower,29,12,19,0,60,0,5,46,0,51,29,17,65,0,111,20,0,20,131
10/06/2022,MSO,MT,ANM,WE,Federal Contract Tower,25,10,19,0,54,0,4,54,0,58,25,14,73,0,112,62,0,62,174
10/07/2022,MSO,MT,ANM,WE,Federal Contract Tower,23,11,8,0,42,0,1,40,1,42,23,12,48,1,84,80,0,80,164
10/08/2022,MSO,MT,ANM,WE,Federal Contract Tower,20,11,11,0,42,0,5,43,0,48,20,16,54,0,90,38,0,38,128
10/09/2022,MSO,MT,ANM,WE,Federal Contract Tower,28,4,10,1,43,0,2,39,1,42,28,6,49,2,85,48,6,54,139
10/10/2022,MSO,MT,ANM,WE,Federal Contract Tower,22,7,14,0,43,0,1,27,0,28,22,8,41,0,71,18,0,18,89
10/11/2022,MSO,MT,ANM,WE,Federal Contract Tower,21,15,9,1,46,0,14,24,0,38,21,29,33,1,84,10,0,10,94
10/12/2022,MSO,MT,ANM,WE,Federal Contract Tower,20,12,18,0,50,0,0,36,0,36,20,12,54,0,86,28,0,28,114
10/13/2022,MSO,MT,ANM,WE,Federal Contract Tower,26,13,14,1,54,0,1,59,0,60,26,14,73,1,114,36,0,36,150
10/14/2022,MSO,MT,ANM,WE,Federal Contract Tower,23,9,14,2,48,0,5,65,1,71,23,14,79,3,119,32,24,56,175
10/15/2022,MSO,MT,ANM,WE,Federal Contract Tower,20,8,10,0,38,0,5,53,0,58,20,13,63,0,96,40,0,40,136
10/16/2022,MSO,MT,ANM,WE,Federal Contract Tower,25,13,11,0,49,0,8,42,0,50,25,21,53,0,99,14,0,14,113
10/17/2022,MSO,MT,ANM,WE,Federal Contract Tower,24,11,15,2,52,0,11,22,0,33,24,22,37,2,85,8,0,8,93
10/18/2022,MSO,MT,ANM,WE,Federal Contract Tower,20,14,13,2,49,0,3,55,0,58,20,17,68,2,107,100,8,108,215
10/19/2022,MSO,MT,ANM,WE,Federal Contract Tower,19,13,7,0,39,0,11,60,0,71,19,24,67,0,110,52,0,52,162
10/20/2022,MSO,MT,ANM,WE,Federal Contract Tower,26,15,15,0,56,0,13,40,0,53,26,28,55,0,109,30,0,30,139
10/21/2022,MSO,MT,ANM,WE,Federal Contract Tower,26,10,12,0,48,0,0,11,0,11,26,10,23,0,59,0,0,0,59
10/22/2022,MSO,MT,ANM,WE,Federal Contract Tower,18,5,5,0,28,0,0,0,0,0,18,5,5,0,28,0,0,0,28
10/23/2022,MSO,MT,ANM,WE,Federal Contract Tower,25,13,13,0,51,0,0,2,0,2,25,13,15,0,53,0,0,0,53
10/24/2022,MSO,MT,ANM,WE,Federal Contract Tower,22,18,10,0,50,0,1,13,0,14,22,19,23,0,64,22,0,22,86
10/25/2022,MSO,MT,ANM,WE,Federal Contract Tower,22,11,11,2,46,0,2,4,0,6,22,13,15,2,52,16,4,20,72
10/26/2022,MSO,MT,ANM,WE,Federal Contract Tower,19,11,10,0,40,0,2,9,0,11,19,13,19,0,51,32,0,32,83
10/27/2022,MSO,MT,ANM,WE,Federal Contract Tower,23,22,16,7,68,0,4,21,1,26,23,26,37,8,94,4,18,22,116
10/28/2022,MSO,MT,ANM,WE,Federal Contract Tower,24,20,8,0,52,0,6,31,0,37,24,26,39,0,89,62,0,62,151
10/29/2022,MSO,MT,ANM,WE,Federal Contract Tower,20,6,2,0,28,0,7,36,0,43,20,13,38,0,71,20,0,20,91
10/30/2022,MSO,MT,ANM,WE,Federal Contract Tower,22,4,9,0,35,0,1,17,0,18,22,5,26,0,53,24,0,24,77
10/31/2022,MSO,MT,ANM,WE,Federal Contract Tower,22,6,11,0,39,0,3,14,0,17,22,9,25,0,56,14,0,14,70
11/01/2022,MSO,MT,ANM,WE,Federal Contract Tower,19,12,17,0,48,0,0,39,0,39,19,12,56,0,87,46,0,46,133
11/02/2022,MSO,MT,ANM,WE,Federal Contract Tower,19,16,25,0,60,0,0,11,0,11,19,16,36,0,71,24,0,24,95
11/03/2022,MSO,MT,ANM,WE,Federal Contract Tower,24,18,23,0,65,0,3,41,0,44,24,21,64,0,109,102,0,102,211
11/04/2022,MSO,MT,ANM,WE,Federal Contract Tower,20,12,10,0,42,0,4,2,0,6,20,16,12,0,48,0,0,0,48
11/05/2022,MSO,MT,ANM,WE,Federal Contract Tower,16,8,0,1,25,0,5,1,0,6,16,13,1,1,31,0,0,0,31
11/06/2022,MSO,MT,ANM,WE,Federal Contract Tower,19,5,6,0,30,0,8,23,0,31,19,13,29,0,61,10,0,10,71
11/07/2022,MSO,MT,ANM,WE,Federal Contract Tower,20,4,4,0,28,0,0,2,0,2,20,4,6,0,30,0,0,0,30
11/08/2022,MSO,MT,ANM,WE,Federal Contract Tower,16,16,10,0,42,0,2,20,0,22,16,18,30,0,64,44,0,44,108
11/09/2022,MSO,MT,ANM,WE,Federal Contract Tower,16,9,5,0,30,0,0,0,0,0,16,9,5,0,30,0,0,0,30
11/11/2022,MSO,MT,ANM,WE,Federal Contract Tower,24,17,20,0,61,0,0,18,0,18,24,17,38,0,79,0,0,0,79
11/12/2022,MSO,MT,ANM,WE,Federal Contract Tower,15,8,11,0,34,0,3,23,0,26,15,11,34,0,60,42,0,42,102
11/13/2022,MSO,MT,ANM,WE,Federal Contract Tower,22,6,12,0,40,0,2,27,0,29,22,8,39,0,69,32,0,32,101
11/14/2022,MSO,MT,ANM,WE,Federal Contract Tower,22,5,7,0,34,0,10,11,0,21,22,15,18,0,55,28,0,28,83
11/15/2022,MSO,MT,ANM,WE,Federal Contract Tower,18,12,6,0,36,0,11,10,0,21,18,23,16,0,57,74,0,74,131
11/16/2022,MSO,MT,ANM,WE,Federal Contract Tower,17,12,7,19,55,0,0,10,2,12,17,12,17,21,67,26,24,50,117
11/17/2022,MSO,MT,ANM,WE,Federal Contract Tower,23,13,12,0,48,0,8,19,0,27,23,21,31,0,75,20,0,20,95
11/18/2022,MSO,MT,ANM,WE,Federal Contract Tower,21,18,9,0,48,0,9,63,0,72,21,27,72,0,120,52,0,52,172
11/19/2022,MSO,MT,ANM,WE,Federal Contract Tower,17,7,9,0,33,0,1,22,0,23,17,8,31,0,56,38,0,38,94
11/20/2022,MSO,MT,ANM,WE,Federal Contract Tower,22,5,5,0,32,0,3,11,0,14,22,8,16,0,46,16,0,16,62
11/21/2022,MSO,MT,ANM,WE,Federal Contract Tower,20,7,4,0,31,0,1,3,0,4,20,8,7,0,35,28,0,28,63
11/22/2022,MSO,MT,ANM,WE,Federal Contract Tower,24,18,10,5,57,0,2,12,0,14,24,20,22,5,71,0,10,10,81
11/23/2022,MSO,MT,ANM,WE,Federal Contract Tower,21,16,16,0,53,0,9,10,0,19,21,25,26,0,72,16,0,16,88
11/24/2022,MSO,MT,ANM,WE,Federal Contract Tower,9,7,4,0,20,0,1,7,0,8,9,8,11,0,28,0,0,0,28
11/25/2022,MSO,MT,ANM,WE,Federal Contract Tower,21,61,9,0,91,0,7,33,0,40,21,68,42,0,131,56,0,56,187
11/26/2022,MSO,MT,ANM,WE,Federal Contract Tower,24,9,4,0,37,0,4,13,0,17,24,13,17,0,54,0,0,0,54
11/27/2022,MSO,MT,ANM,WE,Federal Contract Tower,22,11,9,0,42,0,1,1,0,2,22,12,10,0,44,0,0,0,44
11/28/2022,MSO,MT,ANM,WE,Federal Contract Tower,21,13,12,0,46,0,0,17,0,17,21,13,29,0,63,10,0,10,73
11/29/2022,MSO,MT,ANM,WE,Federal Contract Tower,18,17,4,0,39,0,1,5,0,6,18,18,9,0,45,0,0,0,45
11/30/2022,MSO,MT,ANM,WE,Federal Contract Tower,16,13,6,0,35,0,0,0,0,0,16,13,6,0,35,0,0,0,35
12/01/2022,MSO,MT,ANM,WE,Federal Contract Tower,22,12,14,0,48,0,2,0,0,2,22,14,14,0,50,0,0,0,50
12/02/2022,MSO,MT,ANM,WE,Federal Contract Tower,19,12,17,0,48,0,4,12,0,16,19,16,29,0,64,54,0,54,118
12/03/2022,MSO,MT,ANM,WE,Federal Contract Tower,16,3,2,2,23,0,8,15,0,23,16,11,17,2,46,6,0,6,52
12/04/2022,MSO,MT,ANM,WE,Federal Contract Tower,22,1,12,0,35,0,2,1,0,3,22,3,13,0,38,14,0,14,52
12/05/2022,MSO,MT,ANM,WE,Federal Contract Tower,20,11,7,0,38,0,0,4,0,4,20,11,11,0,42,20,0,20,62
12/06/2022,MSO,MT,ANM,WE,Federal Contract Tower,16,21,7,2,46,0,4,8,0,12,16,25,15,2,58,20,0,20,78
12/07/2022,MSO,MT,ANM,WE,Federal Contract Tower,18,18,20,0,56,0,0,0,0,0,18,18,20,0,56,20,0,20,76
12/08/2022,MSO,MT,ANM,WE,Federal Contract Tower,16,9,9,0,34,0,8,41,0,49,16,17,50,0,83,66,0,66,149
12/09/2022,MSO,MT,ANM,WE,Federal Contract Tower,19,18,13,0,50,0,1,19,0,20,19,19,32,0,70,28,0,28,98
12/10/2022,MSO,MT,ANM,WE,Federal Contract Tower,14,2,6,0,22,0,2,13,0,15,14,4,19,0,37,24,0,24,61
12/11/2022,MSO,MT,ANM,WE,Federal Contract Tower,21,5,5,0,31,0,4,2,0,6,21,9,7,0,37,6,0,6,43
12/12/2022,MSO,MT,ANM,WE,Federal Contract Tower,20,4,12,0,36,0,0,5,0,5,20,4,17,0,41,20,0,20,61
12/13/2022,MSO,MT,ANM,WE,Federal Contract Tower,16,13,19,0,48,0,0,11,0,11,16,13,30,0,59,28,0,28,87
12/14/2022,MSO,MT,ANM,WE,Federal Contract Tower,16,15,5,0,36,0,0,0,0,0,16,15,5,0,36,0,0,0,36
12/15/2022,MSO,MT,ANM,WE,Federal Contract Tower,18,14,16,4,52,0,3,6,0,9,18,17,22,4,61,30,0,30,91
12/16/2022,MSO,MT,ANM,WE,Federal Contract Tower,22,15,10,0,47,0,0,9,0,9,22,15,19,0,56,0,0,0,56
12/17/2022,MSO,MT,ANM,WE,Federal Contract Tower,17,13,6,0,36,0,0,0,0,0,17,13,6,0,36,0,0,0,36
12/18/2022,MSO,MT,ANM,WE,Federal Contract Tower,19,4,6,0,29,0,3,13,0,16,19,7,19,0,45,18,0,18,63
12/19/2022,MSO,MT,ANM,WE,Federal Contract Tower,19,12,13,0,44,0,0,11,0,11,19,12,24,0,55,2,0,2,57
12/20/2022,MSO,MT,ANM,WE,Federal Contract Tower,16,20,10,0,46,0,1,0,0,1,16,21,10,0,47,0,0,0,47
12/21/2022,MSO,MT,ANM,WE,Federal Contract Tower,20,21,15,0,56,0,1,0,0,1,20,22,15,0,57,0,0,0,57
12/22/2022,MSO,MT,ANM,WE,Federal Contract Tower,22,23,9,0,54,0,2,8,0,10,22,25,17,0,64,0,0,0,64
12/23/2022,MSO,MT,ANM,WE,Federal Contract Tower,11,16,4,0,31,0,0,0,0,0,11,16,4,0,31,0,0,0,31
12/24/2022,MSO,MT,ANM,WE,Federal Contract Tower,13,5,4,0,22,0,0,0,0,0,13,5,4,0,22,0,0,0,22
12/25/2022,MSO,MT,ANM,WE,Federal Contract Tower,9,1,1,0,11,0,0,0,0,0,9,1,1,0,11,0,0,0,11
12/26/2022,MSO,MT,ANM,WE,Federal Contract Tower,19,14,4,0,37,0,0,3,0,3,19,14,7,0,40,0,0,0,40
12/28/2022,MSO,MT,ANM,WE,Federal Contract Tower,21,19,10,0,50,0,2,10,2,14,21,21,20,2,64,28,0,28,92
12/29/2022,MSO,MT,ANM,WE,Federal Contract Tower,24,14,12,0,50,0,7,38,0,45,24,21,50,0,95,38,0,38,133
12/30/2022,MSO,MT,ANM,WE,Federal Contract Tower,20,22,3,0,45,0,2,0,0,2,20,24,3,0,47,0,0,0,47
12/31/2022,MSO,MT,ANM,WE,Federal Contract Tower,19,7,5,0,31,0,0,2,0,2,19,7,7,0,33,16,0,16,49
01/01/2023,MSO,MT,ANM,WE,Federal Contract Tower,15,6,4,0,25,0,6,8,0,14,15,12,12,0,39,12,0,12,51
01/02/2023,MSO,MT,ANM,WE,Federal Contract Tower,19,6,15,0,40,0,10,27,0,37,19,16,42,0,77,12,0,12,89
01/03/2023,MSO,MT,ANM,WE,Federal Contract Tower,18,15,22,1,56,0,0,30,0,30,18,15,52,1,86,36,2,38,124
01/06/2023,MSO,MT,ANM,WE,Federal Contract Tower,26,15,14,0,55,0,0,33,0,33,26,15,47,0,88,30,0,30,118
01/07/2023,MSO,MT,ANM,WE,Federal Contract Tower,15,9,5,0,29,0,0,0,0,0,15,9,5,0,29,0,0,0,29
01/08/2023,MSO,MT,ANM,WE,Federal Contract Tower,25,0,4,0,29,0,1,14,1,16,25,1,18,1,45,10,0,10,55
01/09/2023,MSO,MT,ANM,WE,Federal Contract Tower,22,8,10,0,40,0,0,0,0,0,22,8,10,0,40,0,0,0,40
01/10/2023,MSO,MT,ANM,WE,Federal Contract Tower,16,19,6,4,45,0,0,0,0,0,16,19,6,4,45,0,0,0,45
01/11/2023,MSO,MT,ANM,WE,Federal Contract Tower,16,13,19,0,48,0,0,4,0,4,16,13,23,0,52,24,0,24,76
01/12/2023,MSO,MT,ANM,WE,Federal Contract Tower,19,8,13,0,40,0,11,29,0,40,19,19,42,0,80,106,0,106,186
01/13/2023,MSO,MT,ANM,WE,Federal Contract Tower,23,11,9,0,43,0,3,24,0,27,23,14,33,0,70,10,0,10,80
01/14/2023,MSO,MT,ANM,WE,Federal Contract Tower,9,3,3,0,15,0,0,7,0,7,9,3,10,0,22,0,0,0,22
01/15/2023,MSO,MT,ANM,WE,Federal Contract Tower,18,4,4,0,26,0,0,5,0,5,18,4,9,0,31,14,0,14,45
01/16/2023,MSO,MT,ANM,WE,Federal Contract Tower,21,1,7,0,29,0,0,9,0,9,21,1,16,0,38,14,0,14,52
01/17/2023,MSO,MT,ANM,WE,Federal Contract Tower,15,4,10,0,29,0,0,6,0,6,15,4,16,0,35,28,0,28,63
01/18/2023,MSO,MT,ANM,WE,Federal Contract Tower,15,17,13,11,56,0,3,36,0,39,15,20,49,11,95,44,12,56,151
01/21/2023,MSO,MT,ANM,WE,Federal Contract Tower,11,7,1,0,19,0,7,51,1,59,11,14,52,1,78,56,2,58,136
01/22/2023,MSO,MT,ANM,WE,Federal Contract Tower,18,2,10,0,30,0,1,12,0,13,18,3,22,0,43,40,0,40,83
01/23/2023,MSO,MT,ANM,WE,Federal Contract Tower,23,11,7,0,41,0,3,20,0,23,23,14,27,0,64,6,0,6,70
01/24/2023,MSO,MT,ANM,WE,Federal Contract Tower,16,15,20,3,54,0,0,13,0,13,16,15,33,3,67,40,0,40,107
01/25/2023,MSO,MT,ANM,WE,Federal Contract Tower,16,18,13,0,47,0,1,18,0,19,16,19,31,0,66,32,0,32,98
01/26/2023,MSO,MT,ANM,WE,Federal Contract Tower,20,9,5,0,34,0,5,12,0,17,20,14,17,0,51,18,0,18,69
01/27/2023,MSO,MT,ANM,WE,Federal Contract Tower,23,7,10,0,40,0,0,0,0,0,23,7,10,0,40,0,0,0,40
01/28/2023,MSO,MT,ANM,WE,Federal Contract Tower,12,7,5,0,24,0,8,10,1,19,12,15,15,1,43,8,0,8,51
01/29/2023,MSO,MT,ANM,WE,Federal Contract Tower,20,0,5,0,25,0,0,9,0,9,20,0,14,0,34,22,0,22,56
01/30/2023,MSO,MT,ANM,WE,Federal Contract Tower,21,6,9,0,36,0,4,17,0,21,21,10,26,0,57,32,0,32,89
01/31/2023,MSO,MT,ANM,WE,Federal Contract Tower,16,8,5,0,29,0,0,1,0,1,16,8,6,0,30,0,0,0,30
02/02/2023,MSO,MT,ANM,WE,Federal Contract Tower,21,9,10,0,40,0,4,32,1,37,21,13,42,1,77,38,4,42,119
02/03/2023,MSO,MT,ANM,WE,Federal Contract Tower,20,11,4,0,35,0,16,17,3,36,20,27,21,3,71,22,0,22,93
02/04/2023,MSO,MT,ANM,WE,Federal Contract Tower,15,5,7,0,27,0,4,18,0,22,15,9,25,0,49,60,0,60,109
02/05/2023,MSO,MT,ANM,WE,Federal Contract Tower,20,2,7,0,29,0,0,11,0,11,20,2,18,0,40,38,0,38,78
02/06/2023,MSO,MT,ANM,WE,Federal Contract Tower,25,6,4,2,37,0,0,6,1,7,25,6,10,3,44,14,14,28,72
02/07/2023,MSO,MT,ANM,WE,Federal Contract Tower,16,15,12,6,49,0,8,19,1,28,16,23,31,7,77,34,20,54,131
02/08/2023,MSO,MT,ANM,WE,Federal Contract Tower,14,13,4,0,31,0,2,1,0,3,14,15,5,0,34,0,0,0,34
02/09/2023,MSO,MT,ANM,WE,Federal Contract Tower,20,12,13,2,47,0,4,35,2,41,20,16,48,4,88,72,4,76,164
02/10/2023,MSO,MT,ANM,WE,Federal Contract Tower,23,16,11,0,50,0,4,33,0,37,23,20,44,0,87,42,0,42,129
02/11/2023,MSO,MT,ANM,WE,Federal Contract Tower,16,6,6,0,28,0,6,33,0,39,16,12,39,0,67,24,0,24,91
02/12/2023,MSO,MT,ANM,WE,Federal Contract Tower,21,2,9,0,32,0,2,21,0,23,21,4,30,0,55,38,0,38,93
02/13/2023,MSO,MT,ANM,WE,Federal Contract Tower,20,8,3,0,31,0,3,4,0,7,20,11,7,0,38,12,0,12,50
02/14/2023,MSO,MT,ANM,WE,Federal Contract Tower,16,10,5,0,31,0,0,1,0,1,16,10,6,0,32,4,0,4,36
02/15/2023,MSO,MT,ANM,WE,Federal Contract Tower,17,11,11,0,39,0,0,10,0,10,17,11,21,0,49,65,0,65,114
02/16/2023,MSO,MT,ANM,WE,Federal Contract Tower,21,12,14,0,47,0,0,43,0,43,21,12,57,0,90,58,0,58,148
02/17/2023,MSO,MT,ANM,WE,Federal Contract Tower,21,11,12,3,47,0,9,33,2,44,21,20,45,5,91,28,26,54,145
02/18/2023,MSO,MT,ANM,WE,Federal Contract Tower,20,10,2,0,32,0,0,1,0,1,20,10,3,0,33,14,0,14,47
02/19/2023,MSO,MT,ANM,WE,Federal Contract Tower,19,3,8,0,30,0,2,2,0,4,19,5,10,0,34,0,0,0,34
02/20/2023,MSO,MT,ANM,WE,Federal Contract Tower,21,13,17,0,51,0,0,1,0,1,21,13,18,0,52,12,0,12,64
02/21/2023,MSO,MT,ANM,WE,Federal Contract Tower,17,15,10,0,42,0,12,2,0,14,17,27,12,0,56,16,0,16,72
02/22/2023,MSO,MT,ANM,WE,Federal Contract Tower,17,14,10,0,41,0,1,4,0,5,17,15,14,0,46,22,0,22,68
02/23/2023,MSO,MT,ANM,WE,Federal Contract Tower,21,10,12,0,43,0,3,5,0,8,21,13,17,0,51,52,0,52,103
02/24/2023,MSO,MT,ANM,WE,Federal Contract Tower,19,10,3,0,32,0,5,17,0,22,19,15,20,0,54,28,0,28,82
02/25/2023,MSO,MT,ANM,WE,Federal Contract Tower,18,7,3,0,28,0,3,71,1,75,18,10,74,1,103,56,0,56,159
02/26/2023,MSO,MT,ANM,WE,Federal Contract Tower,20,8,10,1,39,0,3,16,0,19,20,11,26,1,58,5,10,15,73
02/28/2023,MSO,MT,ANM,WE,Federal Contract Tower,23,6,8,6,43,0,6,26,0,32,23,12,34,6,75,30,12,42,117
03/01/2023,MSO,MT,ANM,WE,Federal Contract Tower,19,13,16,2,50,0,0,35,1,36,19,13,51,3,86,28,1,29,115
03/02/2023,MSO,MT,ANM,WE,Federal Contract Tower,15,9,6,2,32,0,0,19,0,19,15,9,25,2,51,6,2,8,59
03/03/2023,MSO,MT,ANM,WE,Federal Contract Tower,22,12,19,0,53,0,3,4,0,7,22,15,23,0,60,10,0,10,70
03/04/2023,MSO,MT,ANM,WE,Federal Contract Tower,18,5,3,0,26,0,6,30,0,36,18,11,33,0,62,16,0,16,78
03/05/2023,MSO,MT,ANM,WE,Federal Contract Tower,20,3,13,0,36,0,4,0,0,4,20,7,13,0,40,0,0,0,40
03/06/2023,MSO,MT,ANM,WE,Federal Contract Tower,20,10,7,3,40,0,4,7,2,13,20,14,14,5,53,8,10,18,71
03/07/2023,MSO,MT,ANM,WE,Federal Contract Tower,19,12,10,0,41,0,2,35,0,37,19,14,45,0,78,124,0,124,202
03/08/2023,MSO,MT,ANM,WE,Federal Contract Tower,22,12,14,2,50,0,0,28,0,28,22,12,42,2,78,8,0,8,86
03/09/2023,MSO,MT,ANM,WE,Federal Contract Tower,23,9,3,21,56,0,7,22,1,30,23,16,25,22,86,66,8,74,160
03/10/2023,MSO,MT,ANM,WE,Federal Contract Tower,19,12,8,0,39,0,0,0,0,0,19,12,8,0,39,0,0,0,39
03/11/2023,MSO,MT,ANM,WE,Federal Contract Tower,20,4,7,0,31,0,5,16,0,21,20,9,23,0,52,48,0,48,100
03/12/2023,MSO,MT,ANM,WE,Federal Contract Tower,20,4,4,0,28,0,8,28,0,36,20,12,32,0,64,0,0,0,64
03/13/2023,MSO,MT,ANM,WE,Federal Contract Tower,20,7,12,0,39,0,3,20,0,23,20,10,32,0,62,10,0,10,72
03/15/2023,MSO,MT,ANM,WE,Federal Contract Tower,23,9,8,0,40,0,1,14,0,15,23,10,22,0,55,98,0,98,153
03/16/2023,MSO,MT,ANM,WE,Federal Contract Tower,22,16,10,0,48,0,7,40,0,47,22,23,50,0,95,54,0,54,149
03/18/2023,MSO,MT,ANM,WE,Federal Contract Tower,19,9,4,0,32,0,20,39,0,59,19,29,43,0,91,24,0,24,115
03/19/2023,MSO,MT,ANM,WE,Federal Contract Tower,19,1,10,0,30,0,3,49,0,52,19,4,59,0,82,14,0,14,96
03/20/2023,MSO,MT,ANM,WE,Federal Contract Tower,21,3,15,0,39,0,3,11,0,14,21,6,26,0,53,28,0,28,81
03/21/2023,MSO,MT,ANM,WE,Federal Contract Tower,18,10,16,7,51,0,0,26,0,26,18,10,42,7,77,48,12,60,137
03/22/2023,MSO,MT,ANM,WE,Federal Contract Tower,18,8,11,0,37,0,5,47,0,52,18,13,58,0,89,8,0,8,97
03/23/2023,MSO,MT,ANM,WE,Federal Contract Tower,21,15,14,1,51,0,0,42,1,43,21,15,56,2,94,18,16,34,128
03/24/2023,MSO,MT,ANM,WE,Federal Contract Tower,20,17,17,0,54,0,0,2,0,2,20,17,19,0,56,38,0,38,94
03/25/2023,MSO,MT,ANM,WE,Federal Contract Tower,16,10,6,0,32,0,0,8,0,8,16,10,14,0,40,40,0,40,80
03/26/2023,MSO,MT,ANM,WE,Federal Contract Tower,20,3,6,0,29,0,0,0,0,0,20,3,6,0,29,0,0,0,29
03/27/2023,MSO,MT,ANM,WE,Federal Contract Tower,21,10,10,2,43,0,9,28,0,37,21,19,38,2,80,74,0,74,154
03/29/2023,MSO,MT,ANM,WE,Federal Contract Tower,19,10,9,0,38,0,2,29,0,31,19,12,38,0,69,70,0,70,139
03/30/2023,MSO,MT,ANM,WE,Federal Contract Tower,20,6,6,2,34,0,0,0,0,0,20,6,6,2,34,0,0,0,34
03/31/2023,MSO,MT,ANM,WE,Federal Contract Tower,22,10,15,0,47,0,0,12,0,12,22,10,27,0,59,54,0,54,113
04/01/2023,MSO,MT,ANM,WE,Federal Contract Tower,19,10,5,0,34,0,0,3,0,3,19,10,8,0,37,30,0,30,67
04/02/2023,MSO,MT,ANM,WE,Federal Contract Tower,18,5,4,0,27,0,5,6,0,11,18,10,10,0,38,8,0,8,46
04/03/2023,MSO,MT,ANM,WE,Federal Contract Tower,19,9,14,0,42,0,0,0,0,0,19,9,14,0,42,0,0,0,42
04/04/2023,MSO,MT,ANM,WE,Federal Contract Tower,19,11,9,0,39,0,0,36,0,36,19,11,45,0,75,68,0,68,143
04/05/2023,MSO,MT,ANM,WE,Federal Contract Tower,18,14,13,0,45,0,2,38,0,40,18,16,51,0,85,18,0,18,103
04/06/2023,MSO,MT,ANM,WE,Federal Contract Tower,20,12,20,0,52,0,7,64,0,71,20,19,84,0,123,50,0,50,173
04/07/2023,MSO,MT,ANM,WE,Federal Contract Tower,22,8,13,0,43,0,4,42,0,46,22,12,55,0,89,10,0,10,99
04/08/2023,MSO,MT,ANM,WE,Federal Contract Tower,19,5,0,0,24,0,10,32,0,42,19,15,32,0,66,36,0,36,102
04/09/2023,MSO,MT,ANM,WE,Federal Contract Tower,18,2,10,0,30,0,7,29,0,36,18,9,39,0,66,10,0,10,76
04/10/2023,MSO,MT,ANM,WE,Federal Contract Tower,20,11,14,0,45,0,6,23,0,29,20,17,37,0,74,24,0,24,98
04/11/2023,MSO,MT,ANM,WE,Federal Contract Tower,16,11,13,0,40,0,0,2,0,2,16,11,15,0,42,0,0,0,42
04/12/2023,MSO,MT,ANM,WE,Federal Contract Tower,19,11,17,1,48,0,0,28,3,31,19,11,45,4,79,22,6,28,107
04/13/2023,MSO,MT,ANM,WE,Federal Contract Tower,24,14,16,0,54,0,0,15,0,15,24,14,31,0,69,0,0,0,69
04/14/2023,MSO,MT,ANM,WE,Federal Contract Tower,18,9,10,1,38,0,1,30,0,31,18,10,40,1,69,12,0,12,81
04/15/2023,MSO,MT,ANM,WE,Federal Contract Tower,17,3,15,0,35,0,2,93,0,95,17,5,108,0,130,42,0,42,172
04/16/2023,MSO,MT,ANM,WE,Federal Contract Tower,17,3,12,0,32,0,5,47,0,52,17,8,59,0,84,16,0,16,100
04/17/2023,MSO,MT,ANM,WE,Federal Contract Tower,18,12,12,0,42,0,0,1,0,1,18,12,13,0,43,16,0,16,59
04/18/2023,MSO,MT,ANM,WE,Federal Contract Tower,18,16,11,0,45,0,0,0,0,0,18,16,11,0,45,10,0,10,55
04/19/2023,MSO,MT,ANM,WE,Federal Contract Tower,16,11,17,0,44,0,5,16,0,21,16,16,33,0,65,14,0,14,79
04/20/2023,MSO,MT,ANM,WE,Federal Contract Tower,21,12,13,0,46,0,2,19,0,21,21,14,32,0,67,24,0,24,91
04/21/2023,MSO,MT,ANM,WE,Federal Contract Tower,20,16,9,0,45,0,0,0,0,0,20,16,9,0,45,0,0,0,45
04/22/2023,MSO,MT,ANM,WE,Federal Contract Tower,15,5,11,0,31,0,7,33,0,40,15,12,44,0,71,98,0,98,169
04/23/2023,MSO,MT,ANM,WE,Federal Contract Tower,20,7,11,0,38,0,6,47,1,54,20,13,58,1,92,40,0,40,132
04/24/2023,MSO,MT,ANM,WE,Federal Contract Tower,17,7,9,0,33,0,0,0,0,0,17,7,9,0,33,0,0,0,33
04/25/2023,MSO,MT,ANM,WE,Federal Contract Tower,17,16,11,0,44,0,2,37,0,39,17,18,48,0,83,16,0,16,99
04/26/2023,MSO,MT,ANM,WE,Federal Contract Tower,18,7,11,0,36,0,5,72,4,81,18,12,83,4,117,68,0,68,185
04/27/2023,MSO,MT,ANM,WE,Federal Contract Tower,23,8,20,0,51,0,2,27,0,29,23,10,47,0,80,14,0,14,94
04/28/2023,MSO,MT,ANM,WE,Federal Contract Tower,21,7,11,3,42,0,10,54,2,66,21,17,65,5,108,64,8,72,180
04/29/2023,MSO,MT,ANM,WE,Federal Contract Tower,16,5,8,0,29,0,3,56,0,59,16,8,64,0,88,24,0,24,112
04/30/2023,MSO,MT,ANM,WE,Federal Contract Tower,22,6,6,0,34,0,3,55,0,58,22,9,61,0,92,28,0,28,120
05/01/2023,MSO,MT,ANM,WE,Federal Contract Tower,18,5,11,0,34,0,8,28,2,38,18,13,39,2,72,34,0,34,106
05/02/2023,MSO,MT,ANM,WE,Federal Contract Tower,15,12,13,0,40,0,6,20,0,26,15,18,33,0,66,26,0,26,92
05/03/2023,MSO,MT,ANM,WE,Federal Contract Tower,19,11,16,2,48,0,5,62,1,68,19,16,78,3,116,28,20,48,164
05/04/2023,MSO,MT,ANM,WE,Federal Contract Tower,20,7,14,0,41,0,8,57,0,65,20,15,71,0,106,14,0,14,120
05/05/2023,MSO,MT,ANM,WE,Federal Contract Tower,21,5,19,0,45,0,10,14,0,24,21,15,33,0,69,70,0,70,139
05/06/2023,MSO,MT,ANM,WE,Federal Contract Tower,20,2,9,0,31,0,4,8,0,12,20,6,17,0,43,68,0,68,111
05/07/2023,MSO,MT,ANM,WE,Federal Contract Tower,25,2,16,0,43,0,6,17,0,23,25,8,33,0,66,66,0,66,132
05/08/2023,MSO,MT,ANM,WE,Federal Contract Tower,21,12,16,4,53,0,4,31,0,35,21,16,47,4,88,56,8,64,152
05/09/2023,MSO,MT,ANM,WE,Federal Contract Tower,17,12,7,2,38,0,0,12,0,12,17,12,19,2,50,6,2,8,58
05/10/2023,MSO,MT,ANM,WE,Federal Contract Tower,21,19,17,0,57,0,8,32,0,40,21,27,49,0,97,94,0,94,191
05/11/2023,MSO,MT,ANM,WE,Federal Contract Tower,20,13,10,0,43,0,3,69,0,72,20,16,79,0,115,12,0,12,127
05/12/2023,MSO,MT,ANM,WE,Federal Contract Tower,21,13,21,2,57,0,4,98,0,102,21,17,119,2,159,171,0,171,330
05/13/2023,MSO,MT,ANM,WE,Federal Contract Tower,21,5,4,0,30,0,1,44,0,45,21,6,48,0,75,46,0,46,121
05/14/2023,MSO,MT,ANM,WE,Federal Contract Tower,24,2,16,0,42,0,3,32,0,35,24,5,48,0,77,0,0,0,77
05/15/2023,MSO,MT,ANM,WE,Federal Contract Tower,23,7,18,0,48,0,7,40,0,47,23,14,58,0,95,26,0,26,121
05/16/2023,MSO,MT,ANM,WE,Federal Contract Tower,18,20,12,1,51,0,9,62,0,71,18,29,74,1,122,26,0,26,148
05/17/2023,MSO,MT,ANM,WE,Federal Contract Tower,21,11,19,2,53,0,4,36,0,40,21,15,55,2,93,32,0,32,125
05/18/2023,MSO,MT,ANM,WE,Federal Contract Tower,23,6,22,0,51,0,5,38,0,43,23,11,60,0,94,8,2,10,104
05/19/2023,MSO,MT,ANM,WE,Federal Contract Tower,25,11,24,0,60,0,10,53,0,63,25,21,77,0,123,46,0,46,169
05/20/2023,MSO,MT,ANM,WE,Federal Contract Tower,20,3,9,0,32,0,2,46,0,48,20,5,55,0,80,8,0,8,88
05/21/2023,MSO,MT,ANM,WE,Federal Contract Tower,23,4,14,0,41,0,1,34,2,37,23,5,48,2,78,6,0,6,84
05/22/2023,MSO,MT,ANM,WE,Federal Contract Tower,23,8,15,1,47,0,9,13,0,22,23,17,28,1,69,6,0,6,75
05/24/2023,MSO,MT,ANM,WE,Federal Contract Tower,21,17,19,0,57,0,5,49,0,54,21,22,68,0,111,6,0,6,117
05/25/2023,MSO,MT,ANM,WE,Federal Contract Tower,24,14,26,0,64,0,6,12,0,18,24,20,38,0,82,18,0,18,100
05/26/2023,MSO,MT,ANM,WE,Federal Contract Tower,28,10,18,0,56,0,2,16,4,22,28,12,34,4,78,38,0,38,116
05/27/2023,MSO,MT,ANM,WE,Federal Contract Tower,18,7,8,0,33,0,6,21,0,27,18,13,29,0,60,36,0,36,96
05/28/2023,MSO,MT,ANM,WE,Federal Contract Tower,23,3,7,0,33,0,3,21,0,24,23,6,28,0,57,20,0,20,77
05/29/2023,MSO,MT,ANM,WE,Federal Contract Tower,29,5,27,0,61,0,4,64,0,68,29,9,91,0,129,52,0,52,181
05/30/2023,MSO,MT,ANM,WE,Federal Contract Tower,23,11,7,0,41,0,15,67,0,82,23,26,74,0,123,14,0,14,137
05/31/2023,MSO,MT,ANM,WE,Federal Contract Tower,18,10,13,0,41,0,6,33,0,39,18,16,46,0,80,32,0,32,112
06/01/2023,MSO,MT,ANM,WE,Federal Contract Tower,32,8,20,0,60,0,4,40,0,44,32,12,60,0,104,10,0,10,114
06/02/2023,MSO,MT,ANM,WE,Federal Contract Tower,36,9,19,0,64,0,4,48,0,52,36,13,67,0,116,10,0,10,126
06/03/2023,MSO,MT,ANM,WE,Federal Contract Tower,26,5,12,0,43,0,5,26,0,31,26,10,38,0,74,32,0,32,106
06/04/2023,MSO,MT,ANM,WE,Federal Contract Tower,29,3,7,0,39,0,7,50,0,57,29,10,57,0,96,32,0,32,128
06/05/2023,MSO,MT,ANM,WE,Federal Contract Tower,34,13,14,0,61,0,10,48,0,58,34,23,62,0,119,14,0,14,133
06/06/2023,MSO,MT,ANM,WE,Federal Contract Tower,27,17,9,0,53,0,7,77,0,84,27,24,86,0,137,14,0,14,151
06/07/2023,MSO,MT,ANM,WE,Federal Contract Tower,27,15,14,0,56,0,5,44,0,49,27,20,58,0,105,4,0,4,109
06/08/2023,MSO,MT,ANM,WE,Federal Contract Tower,28,15,15,0,58,0,0,33,0,33,28,15,48,0,91,0,0,0,91
06/09/2023,MSO,MT,ANM,WE,Federal Contract Tower,34,11,25,1,71,0,0,27,2,29,34,11,52,3,100,48,0,48,148
06/10/2023,MSO,MT,ANM,WE,Federal Contract Tower,26,13,10,0,49,0,2,23,0,25,26,15,33,0,74,38,0,38,112
06/11/2023,MSO,MT,ANM,WE,Federal Contract Tower,27,12,19,0,58,0,2,25,0,27,27,14,44,0,85,0,0,0,85
06/13/2023,MSO,MT,ANM,WE,Federal Contract Tower,22,22,18,1,63,0,9,45,1,55,22,31,63,2,118,0,18,18,136
06/14/2023,MSO,MT,ANM,WE,Federal Contract Tower,29,8,21,0,58,0,14,19,0,33,29,22,40,0,91,20,0,20,111
06/15/2023,MSO,MT,ANM,WE,Federal Contract Tower,29,15,21,0,65,0,1,33,0,34,29,16,54,0,99,18,0,18,117
06/16/2023,MSO,MT,ANM,WE,Federal Contract Tower,30,11,21,2,64,0,7,74,0,81,30,18,95,2,145,16,0,16,161
06/17/2023,MSO,MT,ANM,WE,Federal Contract Tower,35,6,12,0,53,0,12,12,0,24,35,18,24,0,77,14,0,14,91
06/18/2023,MSO,MT,ANM,WE,Federal Contract Tower,27,5,11,0,43,0,4,6,0,10,27,9,17,0,53,0,0,0,53
06/19/2023,MSO,MT,ANM,WE,Federal Contract Tower,31,18,13,0,62,0,1,19,0,20,31,19,32,0,82,14,0,14,96
06/20/2023,MSO,MT,ANM,WE,Federal Contract Tower,28,17,14,0,59,0,5,41,0,46,28,22,55,0,105,4,0,4,109
06/21/2023,MSO,MT,ANM,WE,Federal Contract Tower,28,7,20,0,55,0,6,57,0,63,28,13,77,0,118,76,0,76,194
06/22/2023,MSO,MT,ANM,WE,Federal Contract Tower,31,19,17,0,67,0,12,40,0,52,31,31,57,0,119,14,0,14,133
06/23/2023,MSO,MT,ANM,WE,Federal Contract Tower,35,13,25,0,73,0,8,45,0,53,35,21,70,0,126,34,0,34,160
06/24/2023,MSO,MT,ANM,WE,Federal Contract Tower,35,13,12,0,60,0,3,36,4,43,35,16,48,4,103,36,0,36,139
06/25/2023,MSO,MT,ANM,WE,Federal Contract Tower,30,10,20,0,60,0,2,39,2,43,30,12,59,2,103,0,0,0,103
06/26/2023,MSO,MT,ANM,WE,Federal Contract Tower,35,16,7,0,58,0,13,36,0,49,35,29,43,0,107,8,0,8,115
06/28/2023,MSO,MT,ANM,WE,Federal Contract Tower,30,11,21,3,65,0,3,22,0,25,30,14,43,3,90,20,0,20,110
06/29/2023,MSO,MT,ANM,WE,Federal Contract Tower,31,16,17,0,64,0,2,78,0,80,31,18,95,0,144,36,0,36,180
06/30/2023,MSO,MT,ANM,WE,Federal Contract Tower,34,22,17,2,75,0,5,101,3,109,34,27,118,5,184,28,26,54,238
07/01/2023,MSO,MT,ANM,WE,Federal Contract Tower,33,13,21,0,67,0,15,77,0,92,33,28,98,0,159,2,0,2,161
07/02/2023,MSO,MT,ANM,WE,Federal Contract Tower,27,7,9,0,43,0,6,48,0,54,27,13,57,0,97,18,0,18,115
07/03/2023,MSO,MT,ANM,WE,Federal Contract Tower,35,5,13,0,53,0,0,43,0,43,35,5,56,0,96,34,0,34,130
07/04/2023,MSO,MT,ANM,WE,Federal Contract Tower,26,3,1,0,30,0,12,28,0,40,26,15,29,0,70,4,0,4,74
07/05/2023,MSO,MT,ANM,WE,Federal Contract Tower,31,19,8,0,58,0,8,59,0,67,31,27,67,0,125,2,0,2,127
07/06/2023,MSO,MT,ANM,WE,Federal Contract Tower,33,19,15,2,69,0,10,44,0,54,33,29,59,2,123,44,0,44,167
07/07/2023,MSO,MT,ANM,WE,Federal Contract Tower,38,14,13,0,65,0,4,69,0,73,38,18,82,0,138,56,0,56,194
07/08/2023,MSO,MT,ANM,WE,Federal Contract Tower,36,8,21,0,65,0,7,55,0,62,36,15,76,0,127,6,0,6,133
07/09/2023,MSO,MT,ANM,WE,Federal Contract Tower,36,10,13,3,62,0,5,45,0,50,36,15,58,3,112,10,0,10,122
07/10/2023,MSO,MT,ANM,WE,Federal Contract Tower,41,16,22,0,79,0,2,39,2,43,41,18,61,2,122,42,0,42,164
07/12/2023,MSO,MT,ANM,WE,Federal Contract Tower,33,16,14,2,65,0,6,74,7,87,33,22,88,9,152,38,0,38,190
07/13/2023,MSO,MT,ANM,WE,Federal Contract Tower,36,17,13,1,67,0,7,97,3,107,36,24,110,4,174,38,8,46,220
07/14/2023,MSO,MT,ANM,WE,Federal Contract Tower,40,21,10,0,71,0,22,89,7,118,40,43,99,7,189,44,0,44,233
07/15/2023,MSO,MT,ANM,WE,Federal Contract Tower,36,18,11,0,65,0,11,46,0,57,36,29,57,0,122,6,0,6,128
07/16/2023,MSO,MT,ANM,WE,Federal Contract Tower,36,13,13,1,63,0,9,52,6,67,36,22,65,7,130,4,0,4,134
07/17/2023,MSO,MT,ANM,WE,Federal Contract Tower,41,14,16,0,71,0,8,22,3,33,41,22,38,3,104,18,0,18,122
07/18/2023,MSO,MT,ANM,WE,Federal Contract Tower,32,15,23,0,70,0,7,80,7,94,32,22,103,7,164,46,0,46,210
07/19/2023,MSO,MT,ANM,WE,Federal Contract Tower,33,17,14,0,64,0,4,84,5,93,33,21,98,5,157,54,0,54,211
07/20/2023,MSO,MT,ANM,WE,Federal Contract Tower,36,20,21,0,77,0,26,73,2,101,36,46,94,2,178,50,0,50,228
07/21/2023,MSO,MT,ANM,WE,Federal Contract Tower,38,18,17,11,84,0,5,141,3,149,38,23,158,14,233,32,12,44,277
07/22/2023,MSO,MT,ANM,WE,Federal Contract Tower,40,9,11,1,61,0,0,59,0,59,40,9,70,1,120,38,0,38,158
07/23/2023,MSO,MT,ANM,WE,Federal Contract Tower,35,6,21,0,62,0,6,71,0,77,35,12,92,0,139,18,0,18,157
07/24/2023,MSO,MT,ANM,WE,Federal Contract Tower,41,13,15,0,69,0,9,81,3,93,41,22,96,3,162,2,0,2,164
07/25/2023,MSO,MT,ANM,WE,Federal Contract Tower,34,14,24,0,72,0,4,72,0,76,34,18,96,0,148,52,0,52,200
07/27/2023,MSO,MT,ANM,WE,Federal Contract Tower,34,6,22,0,62,0,8,83,0,91,34,14,105,0,153,16,0,16,169
07/28/2023,MSO,MT,ANM,WE,Federal Contract Tower,41,11,23,0,75,0,0,102,0,102,41,11,125,0,177,46,0,46,223
07/29/2023,MSO,MT,ANM,WE,Federal Contract Tower,36,12,19,0,67,0,6,99,0,105,36,18,118,0,172,36,0,36,208
07/30/2023,MSO,MT,ANM,WE,Federal Contract Tower,36,12,18,0,66,0,45,135,0,180,36,57,153,0,246,4,0,4,250
07/31/2023,MSO,MT,ANM,WE,Federal Contract Tower,39,15,18,0,72,0,51,86,0,137,39,66,104,0,209,0,0,0,209
08/01/2023,MSO,MT,ANM,WE,Federal Contract Tower,35,21,14,0,70,0,39,105,0,144,35,60,119,0,214,8,0,8,222
08/02/2023,MSO,MT,ANM,WE,Federal Contract Tower,34,9,21,7,71,0,29,82,1,112,34,38,103,8,183,26,12,38,221
08/03/2023,MSO,MT,ANM,WE,Federal Contract Tower,35,15,13,0,63,0,21,96,0,117,35,36,109,0,180,42,0,42,222
08/04/2023,MSO,MT,ANM,WE,Federal Contract Tower,38,13,25,0,76,1,11,130,2,144,39,24,155,2,220,20,0,20,240
08/06/2023,MSO,MT,ANM,WE,Federal Contract Tower,35,10,19,0,64,0,2,18,0,20,35,12,37,0,84,0,0,0,84
08/07/2023,MSO,MT,ANM,WE,Federal Contract Tower,39,15,22,0,76,0,13,30,0,43,39,28,52,0,119,28,0,28,147
08/08/2023,MSO,MT,ANM,WE,Federal Contract Tower,33,9,27,0,69,0,16,41,0,57,33,25,68,0,126,0,0,0,126
08/09/2023,MSO,MT,ANM,WE,Federal Contract Tower,33,15,16,0,64,0,8,48,0,56,33,23,64,0,120,0,0,0,120
08/10/2023,MSO,MT,ANM,WE,Federal Contract Tower,34,16,11,0,61,0,6,40,0,46,34,22,51,0,107,4,0,4,111
08/11/2023,MSO,MT,ANM,WE,Federal Contract Tower,41,9,13,0,63,0,4,99,0,103,41,13,112,0,166,12,0,12,178
08/12/2023,MSO,MT,ANM,WE,Federal Contract Tower,40,5,11,0,56,0,7,69,0,76,40,12,80,0,132,22,0,22,154
08/13/2023,MSO,MT,ANM,WE,Federal Contract Tower,36,5,13,0,54,0,8,66,0,74,36,13,79,0,128,10,0,10,138
08/14/2023,MSO,MT,ANM,WE,Federal Contract Tower,42,5,15,0,62,0,33,68,0,101,42,38,83,0,163,2,0,2,165
08/15/2023,MSO,MT,ANM,WE,Federal Contract Tower,32,17,12,2,63,0,8,67,3,78,32,25,79,5,141,8,24,32,173
08/16/2023,MSO,MT,ANM,WE,Federal Contract Tower,33,24,19,1,77,0,9,77,0,86,33,33,96,1,163,4,0,4,167
08/17/2023,MSO,MT,ANM,WE,Federal Contract Tower,36,6,20,0,62,0,5,50,0,55,36,11,70,0,117,24,0,24,141
08/18/2023,MSO,MT,ANM,WE,Federal Contract Tower,36,9,21,4,70,0,16,66,0,82,36,25,87,4,152,16,10,26,178
08/19/2023,MSO,MT,ANM,WE,Federal Contract Tower,34,9,19,0,62,0,9,89,0,98,34,18,108,0,160,54,0,54,214
08/20/2023,MSO,MT,ANM,WE,Federal Contract Tower,34,7,17,0,58,0,4,32,0,36,34,11,49,0,94,0,0,0,94
08/21/2023,MSO,MT,ANM,WE,Federal Contract Tower,33,18,25,0,76,0,1,7,0,8,33,19,32,0,84,4,0,4,88
08/22/2023,MSO,MT,ANM,WE,Federal Contract Tower,22,15,8,0,45,0,8,23,1,32,22,23,31,1,77,32,0,32,109
08/23/2023,MSO,MT,ANM,WE,Federal Contract Tower,32,19,20,0,71,0,6,49,0,55,32,25,69,0,126,36,0,36,162
08/24/2023,MSO,MT,ANM,WE,Federal Contract Tower,33,7,18,0,58,0,4,91,2,97,33,11,109,2,155,62,0,62,217
08/25/2023,MSO,MT,ANM,WE,Federal Contract Tower,34,8,13,8,63,0,9,39,8,56,34,17,52,16,119,12,8,20,139
08/26/2023,MSO,MT,ANM,WE,Federal Contract Tower,35,8,12,0,55,0,2,58,1,61,35,10,70,1,116,40,0,40,156
08/27/2023,MSO,MT,ANM,WE,Federal Contract Tower,35,7,12,1,55,0,6,59,2,67,35,13,71,3,122,26,0,26,148
08/28/2023,MSO,MT,ANM,WE,Federal Contract Tower,33,6,13,1,53,0,7,50,1,58,33,13,63,2,111,12,0,12,123
08/29/2023,MSO,MT,ANM,WE,Federal Contract Tower,31,15,12,0,58,0,0,0,0,0,31,15,12,0,58,6,0,6,64
08/30/2023,MSO,MT,ANM,WE,Federal Contract Tower,31,16,17,0,64,0,3,18,0,21,31,19,35,0,85,46,0,46,131
08/31/2023,MSO,MT,ANM,WE,Federal Contract Tower,33,7,21,2,63,0,0,51,1,52,33,7,72,3,115,54,10,64,179
01/01/2020,MSO,MT,ANM,WE,Federal Contract Tower,23,6,8,0,37,1,5,3,0,9,24,11,11,0,46,12,0,12,58
01/02/2020,MSO,MT,ANM,WE,Federal Contract Tower,22,20,15,0,57,0,2,2,0,4,22,22,17,0,61,18,0,18,79
01/03/2020,MSO,MT,ANM,WE,Federal Contract Tower,22,14,9,0,45,0,5,11,0,16,22,19,20,0,61,26,0,26,87
01/04/2020,MSO,MT,ANM,WE,Federal Contract Tower,26,4,7,0,37,0,0,0,0,0,26,4,7,0,37,20,0,20,57
01/05/2020,MSO,MT,ANM,WE,Federal Contract Tower,27,4,12,0,43,0,3,20,0,23,27,7,32,0,66,18,0,18,84
01/06/2020,MSO,MT,ANM,WE,Federal Contract Tower,20,14,2,0,36,0,0,4,0,4,20,14,6,0,40,0,0,0,40
01/07/2020,MSO,MT,ANM,WE,Federal Contract Tower,27,15,5,0,47,0,0,0,0,0,27,15,5,0,47,8,0,8,55
01/08/2020,MSO,MT,ANM,WE,Federal Contract Tower,16,16,9,0,41,0,0,8,0,8,16,16,17,0,49,8,0,8,57
01/09/2020,MSO,MT,ANM,WE,Federal Contract Tower,18,16,10,0,44,0,1,11,0,12,18,17,21,0,56,16,0,16,72
01/10/2020,MSO,MT,ANM,WE,Federal Contract Tower,19,12,16,0,47,0,3,26,0,29,19,15,42,0,76,44,0,44,120
01/11/2020,MSO,MT,ANM,WE,Federal Contract Tower,16,6,1,0,23,0,1,2,0,3,16,7,3,0,26,18,0,18,44
01/12/2020,MSO,MT,ANM,WE,Federal Contract Tower,17,10,8,0,35,0,4,8,0,12,17,14,16,0,47,34,0,34,81
01/13/2020,MSO,MT,ANM,WE,Federal Contract Tower,17,10,13,0,40,0,26,16,0,42,17,36,29,0,82,24,0,24,106
01/14/2020,MSO,MT,ANM,WE,Federal Contract Tower,14,13,8,0,35,0,11,5,0,16,14,24,13,0,51,14,0,14,65
01/15/2020,MSO,MT,ANM,WE,Federal Contract Tower,14,19,5,0,38,0,6,35,0,41,14,25,40,0,79,70,0,70,149
01/16/2020,MSO,MT,ANM,WE,Federal Contract Tower,18,14,8,4,44,0,1,24,0,25,18,15,32,4,69,42,0,42,111
01/17/2020,MSO,MT,ANM,WE,Federal Contract Tower,16,11,11,0,38,0,0,17,0,17,16,11,28,0,55,22,0,22,77
01/18/2020,MSO,MT,ANM,WE,Federal Contract Tower,13,16,2,0,31,0,4,11,0,15,13,20,13,0,46,36,0,36,82
01/19/2020,MSO,MT,ANM,WE,Federal Contract Tower,17,7,14,0,38,0,3,44,0,47,17,10,58,0,85,8,0,8,93
01/20/2020,MSO,MT,ANM,WE,Federal Contract Tower,17,14,12,0,43,0,4,27,0,31,17,18,39,0,74,46,0,46,120
01/21/2020,MSO,MT,ANM,WE,Federal Contract Tower,15,19,8,0,42,0,9,18,0,27,15,28,26,0,69,36,0,36,105
01/22/2020,MSO,MT,ANM,WE,Federal Contract Tower,15,17,13,0,45,0,0,29,0,29,15,17,42,0,74,86,0,86,160
01/23/2020,MSO,MT,ANM,WE,Federal Contract Tower,18,14,9,0,41,0,2,12,0,14,18,16,21,0,55,16,0,16,71
01/24/2020,MSO,MT,ANM,WE,Federal Contract Tower,18,16,6,0,40,0,0,4,0,4,18,16,10,0,44,6,0,6,50
01/25/2020,MSO,MT,ANM,WE,Federal Contract Tower,12,9,1,0,22,0,0,1,0,1,12,9,2,0,23,10,0,10,33
01/27/2020,MSO,MT,ANM,WE,Federal Contract Tower,18,9,3,0,30,0,1,11,0,12,18,10,14,0,42,26,0,26,68
01/28/2020,MSO,MT,ANM,WE,Federal Contract Tower,13,18,2,0,33,0,3,7,0,10,13,21,9,0,43,24,0,24,67
01/29/2020,MSO,MT,ANM,WE,Federal Contract Tower,16,17,7,0,40,0,0,19,0,19,16,17,26,0,59,4,0,4,63
01/30/2020,MSO,MT,ANM,WE,Federal Contract Tower,16,17,5,0,38,0,12,41,0,53,16,29,46,0,91,36,0,36,127
01/31/2020,MSO,MT,ANM,WE,Federal Contract Tower,18,16,12,0,46,0,1,15,0,16,18,17,27,0,62,32,0,32,94
02/01/2020,MSO,MT,ANM,WE,Federal Contract Tower,14,8,5,0,27,0,0,3,0,3,14,8,8,0,30,0,0,0,30
02/02/2020,MSO,MT,ANM,WE,Federal Contract Tower,16,8,1,0,25,0,1,29,0,30,16,9,30,0,55,32,0,32,87
02/03/2020,MSO,MT,ANM,WE,Federal Contract Tower,16,10,10,9,45,0,1,57,2,60,16,11,67,11,105,16,8,24,129
02/04/2020,MSO,MT,ANM,WE,Federal Contract Tower,14,17,19,0,50,0,0,26,0,26,14,17,45,0,76,16,0,16,92
02/05/2020,MSO,MT,ANM,WE,Federal Contract Tower,14,17,16,0,47,0,0,0,0,0,14,17,16,0,47,0,0,0,47
02/06/2020,MSO,MT,ANM,WE,Federal Contract Tower,19,16,13,0,48,0,0,3,0,3,19,16,16,0,51,0,0,0,51
02/07/2020,MSO,MT,ANM,WE,Federal Contract Tower,14,8,12,2,36,0,0,0,0,0,14,8,12,2,36,0,0,0,36
02/08/2020,MSO,MT,ANM,WE,Federal Contract Tower,15,13,13,0,41,0,0,5,0,5,15,13,18,0,46,6,0,6,52
02/09/2020,MSO,MT,ANM,WE,Federal Contract Tower,17,7,11,0,35,0,0,38,0,38,17,7,49,0,73,100,0,100,173
02/10/2020,MSO,MT,ANM,WE,Federal Contract Tower,19,13,16,0,48,0,5,20,0,25,19,18,36,0,73,16,0,16,89
02/11/2020,MSO,MT,ANM,WE,Federal Contract Tower,18,23,6,0,47,0,3,4,0,7,18,26,10,0,54,0,0,0,54
02/12/2020,MSO,MT,ANM,WE,Federal Contract Tower,13,20,11,0,44,0,3,4,0,7,13,23,15,0,51,20,0,20,71
02/13/2020,MSO,MT,ANM,WE,Federal Contract Tower,16,17,13,5,51,0,0,48,1,49,16,17,61,6,100,66,0,66,166
02/14/2020,MSO,MT,ANM,WE,Federal Contract Tower,17,15,5,0,37,0,0,5,0,5,17,15,10,0,42,18,0,18,60
02/15/2020,MSO,MT,ANM,WE,Federal Contract Tower,18,7,9,0,34,0,11,17,0,28,18,18,26,0,62,56,0,56,118
02/16/2020,MSO,MT,ANM,WE,Federal Contract Tower,16,6,3,0,25,0,0,2,0,2,16,6,5,0,27,0,0,0,27
02/17/2020,MSO,MT,ANM,WE,Federal Contract Tower,19,10,8,0,37,0,2,8,1,11,19,12,16,1,48,10,0,10,58
02/18/2020,MSO,MT,ANM,WE,Federal Contract Tower,17,15,6,0,38,0,3,19,0,22,17,18,25,0,60,28,0,28,88
02/19/2020,MSO,MT,ANM,WE,Federal Contract Tower,12,13,11,0,36,0,0,30,0,30,12,13,41,0,66,44,0,44,110
02/20/2020,MSO,MT,ANM,WE,Federal Contract Tower,20,13,25,12,70,0,5,55,0,60,20,18,80,12,130,54,0,54,184
02/21/2020,MSO,MT,ANM,WE,Federal Contract Tower,18,14,15,0,47,0,6,56,0,62,18,20,71,0,109,68,0,68,177
02/22/2020,MSO,MT,ANM,WE,Federal Contract Tower,17,8,5,0,30,0,9,30,0,39,17,17,35,0,69,54,0,54,123
02/23/2020,MSO,MT,ANM,WE,Federal Contract Tower,18,9,9,0,36,0,3,5,0,8,18,12,14,0,44,10,0,10,54
02/24/2020,MSO,MT,ANM,WE,Federal Contract Tower,19,3,12,0,34,0,2,14,0,16,19,5,26,0,50,52,0,52,102
02/25/2020,MSO,MT,ANM,WE,Federal Contract Tower,17,16,19,0,52,0,0,20,2,22,17,16,39,2,74,22,0,22,96
02/26/2020,MSO,MT,ANM,WE,Federal Contract Tower,17,13,28,0,58,0,2,13,0,15,17,15,41,0,73,48,0,48,121
02/27/2020,MSO,MT,ANM,WE,Federal Contract Tower,25,18,13,0,56,0,2,31,0,33,25,20,44,0,89,26,0,26,115
02/28/2020,MSO,MT,ANM,WE,Federal Contract Tower,19,13,11,0,43,0,3,46,0,49,19,16,57,0,92,38,0,38,130
02/29/2020,MSO,MT,ANM,WE,Federal Contract Tower,14,6,7,0,27,0,2,13,0,15,14,8,20,0,42,6,0,6,48
03/01/2020,MSO,MT,ANM,WE,Federal Contract Tower,18,11,9,0,38,0,7,22,0,29,18,18,31,0,67,28,0,28,95
03/02/2020,MSO,MT,ANM,WE,Federal Contract Tower,20,8,10,6,44,0,10,12,3,25,20,18,22,9,69,26,18,44,113
03/03/2020,MSO,MT,ANM,WE,Federal Contract Tower,13,13,21,0,47,0,0,26,0,26,13,13,47,0,73,20,0,20,93
03/04/2020,MSO,MT,ANM,WE,Federal Contract Tower,14,18,3,4,39,0,2,7,0,9,14,20,10,4,48,4,0,4,52
03/05/2020,MSO,MT,ANM,WE,Federal Contract Tower,19,18,22,5,64,0,2,60,0,62,19,20,82,5,126,76,0,76,202
03/06/2020,MSO,MT,ANM,WE,Federal Contract Tower,19,14,10,2,45,0,0,69,0,69,19,14,79,2,114,74,0,74,188
03/07/2020,MSO,MT,ANM,WE,Federal Contract Tower,16,8,5,0,29,0,2,16,0,18,16,10,21,0,47,30,0,30,77
03/08/2020,MSO,MT,ANM,WE,Federal Contract Tower,19,7,10,0,36,0,10,32,0,42,19,17,42,0,78,22,0,22,100
03/09/2020,MSO,MT,ANM,WE,Federal Contract Tower,18,8,12,0,38,0,11,39,0,50,18,19,51,0,88,20,0,20,108
03/10/2020,MSO,MT,ANM,WE,Federal Contract Tower,18,16,10,0,44,0,1,37,0,38,18,17,47,0,82,14,0,14,96
03/11/2020,MSO,MT,ANM,WE,Federal Contract Tower,16,13,14,0,43,0,0,8,0,8,16,13,22,0,51,30,0,30,81
03/12/2020,MSO,MT,ANM,WE,Federal Contract Tower,19,9,13,1,42,0,2,47,0,49,19,11,60,1,91,50,0,50,141
03/13/2020,MSO,MT,ANM,WE,Federal Contract Tower,17,19,22,0,58,0,0,11,0,11,17,19,33,0,69,16,0,16,85
03/14/2020,MSO,MT,ANM,WE,Federal Contract Tower,15,12,5,0,32,0,0,0,0,0,15,12,5,0,32,0,0,0,32
03/15/2020,MSO,MT,ANM,WE,Federal Contract Tower,22,3,12,0,37,0,2,9,0,11,22,5,21,0,48,0,0,0,48
03/17/2020,MSO,MT,ANM,WE,Federal Contract Tower,20,24,13,0,57,0,7,20,0,27,20,31,33,0,84,32,0,32,116
03/18/2020,MSO,MT,ANM,WE,Federal Contract Tower,16,11,4,0,31,0,2,8,0,10,16,13,12,0,41,28,0,28,69
03/19/2020,MSO,MT,ANM,WE,Federal Contract Tower,20,11,8,1,40,0,7,10,0,17,20,18,18,1,57,26,12,38,95
03/20/2020,MSO,MT,ANM,WE,Federal Contract Tower,23,18,8,0,49,0,7,30,0,37,23,25,38,0,86,20,0,20,106
03/21/2020,MSO,MT,ANM,WE,Federal Contract Tower,14,9,3,0,26,0,0,51,0,51,14,9,54,0,77,20,0,20,97
03/22/2020,MSO,MT,ANM,WE,Federal Contract Tower,15,3,10,0,28,0,8,47,0,55,15,11,57,0,83,56,0,56,139
03/23/2020,MSO,MT,ANM,WE,Federal Contract Tower,19,2,13,0,34,0,2,7,0,9,19,4,20,0,43,0,0,0,43
03/24/2020,MSO,MT,ANM,WE,Federal Contract Tower,16,11,2,0,29,0,2,0,0,2,16,13,2,0,31,0,0,0,31
03/25/2020,MSO,MT,ANM,WE,Federal Contract Tower,16,10,4,0,30,0,1,6,0,7,16,11,10,0,37,14,0,14,51
03/26/2020,MSO,MT,ANM,WE,Federal Contract Tower,13,12,11,0,36,0,2,16,0,18,13,14,27,0,54,44,0,44,98
03/27/2020,MSO,MT,ANM,WE,Federal Contract Tower,14,12,3,0,29,0,6,28,0,34,14,18,31,0,63,40,0,40,103
03/28/2020,MSO,MT,ANM,WE,Federal Contract Tower,12,5,3,0,20,0,0,16,0,16,12,5,19,0,36,24,0,24,60
03/29/2020,MSO,MT,ANM,WE,Federal Contract Tower,11,2,4,0,17,0,0,10,0,10,11,2,14,0,27,4,0,4,31
03/30/2020,MSO,MT,ANM,WE,Federal Contract Tower,8,2,12,0,22,0,0,0,0,0,8,2,12,0,22,22,0,22,44
03/31/2020,MSO,MT,ANM,WE,Federal Contract Tower,10,14,10,0,34,0,0,4,0,4,10,14,14,0,38,0,0,0,38
04/01/2020,MSO,MT,ANM,WE,Federal Contract Tower,13,10,4,0,27,0,0,6,0,6,13,10,10,0,33,2,0,2,35
04/02/2020,MSO,MT,ANM,WE,Federal Contract Tower,10,19,4,0,33,0,2,3,2,7,10,21,7,2,40,0,0,0,40
04/03/2020,MSO,MT,ANM,WE,Federal Contract Tower,12,11,2,0,25,0,0,10,0,10,12,11,12,0,35,2,0,2,37
04/04/2020,MSO,MT,ANM,WE,Federal Contract Tower,10,2,1,0,13,0,1,20,0,21,10,3,21,0,34,14,0,14,48
04/05/2020,MSO,MT,ANM,WE,Federal Contract Tower,12,2,2,0,16,0,7,3,0,10,12,9,5,0,26,0,0,0,26
04/06/2020,MSO,MT,ANM,WE,Federal Contract Tower,9,2,8,0,19,0,2,3,0,5,9,4,11,0,24,0,0,0,24
04/07/2020,MSO,MT,ANM,WE,Federal Contract Tower,10,10,2,1,23,0,0,2,2,4,10,10,4,3,27,2,10,12,39
04/08/2020,MSO,MT,ANM,WE,Federal Contract Tower,11,9,2,0,22,0,4,34,0,38,11,13,36,0,60,18,0,18,78
04/09/2020,MSO,MT,ANM,WE,Federal Contract Tower,12,8,6,0,26,0,0,44,0,44,12,8,50,0,70,32,0,32,102
04/10/2020,MSO,MT,ANM,WE,Federal Contract Tower,9,9,6,0,24,0,4,22,0,26,9,13,28,0,50,0,0,0,50
04/11/2020,MSO,MT,ANM,WE,Federal Contract Tower,10,2,0,0,12,0,0,0,0,0,10,2,0,0,12,0,0,0,12
04/12/2020,MSO,MT,ANM,WE,Federal Contract Tower,8,0,7,0,15,0,0,18,0,18,8,0,25,0,33,20,0,20,53
04/13/2020,MSO,MT,ANM,WE,Federal Contract Tower,8,2,0,0,10,0,8,33,0,41,8,10,33,0,51,16,0,16,67
04/14/2020,MSO,MT,ANM,WE,Federal Contract Tower,9,12,12,0,33,0,13,0,0,13,9,25,12,0,46,0,0,0,46
04/15/2020,MSO,MT,ANM,WE,Federal Contract Tower,8,6,5,0,19,0,0,1,0,1,8,6,6,0,20,2,0,2,22
04/16/2020,MSO,MT,ANM,WE,Federal Contract Tower,9,7,3,0,19,0,2,45,0,47,9,9,48,0,66,26,0,26,92
04/17/2020,MSO,MT,ANM,WE,Federal Contract Tower,10,7,4,0,21,0,0,32,0,32,10,7,36,0,53,0,0,0,53
04/18/2020,MSO,MT,ANM,WE,Federal Contract Tower,10,7,3,0,20,0,4,19,0,23,10,11,22,0,43,18,0,18,61
04/19/2020,MSO,MT,ANM,WE,Federal Contract Tower,8,1,11,0,20,0,4,12,0,16,8,5,23,0,36,10,0,10,46
04/20/2020,MSO,MT,ANM,WE,Federal Contract Tower,9,4,3,10,26,0,0,20,3,23,9,4,23,13,49,16,30,46,95
04/21/2020,MSO,MT,ANM,WE,Federal Contract Tower,4,9,6,0,19,0,0,20,0,20,4,9,26,0,39,6,0,6,45
04/22/2020,MSO,MT,ANM,WE,Federal Contract Tower,8,6,5,0,19,0,3,32,0,35,8,9,37,0,54,4,0,4,58
04/23/2020,MSO,MT,ANM,WE,Federal Contract Tower,8,9,16,0,33,0,0,20,0,20,8,9,36,0,53,0,0,0,53
04/24/2020,MSO,MT,ANM,WE,Federal Contract Tower,7,6,5,0,18,0,6,40,0,46,7,12,45,0,64,8,0,8,72
04/25/2020,MSO,MT,ANM,WE,Federal Contract Tower,5,4,2,0,11,0,0,24,0,24,5,4,26,0,35,4,0,4,39
04/26/2020,MSO,MT,ANM,WE,Federal Contract Tower,6,6,6,0,18,0,5,36,0,41,6,11,42,0,59,12,0,12,71
04/27/2020,MSO,MT,ANM,WE,Federal Contract Tower,7,4,10,0,21,0,3,11,0,14,7,7,21,0,35,10,0,10,45
04/28/2020,MSO,MT,ANM,WE,Federal Contract Tower,9,7,11,0,27,0,1,72,0,73,9,8,83,0,100,54,0,54,154
04/29/2020,MSO,MT,ANM,WE,Federal Contract Tower,8,5,6,0,19,0,3,33,2,38,8,8,39,2,57,20,6,26,83
04/30/2020,MSO,MT,ANM,WE,Federal Contract Tower,12,8,11,0,31,0,5,5,0,10,12,13,16,0,41,0,0,0,41
05/01/2020,MSO,MT,ANM,WE,Federal Contract Tower,10,6,15,0,31,0,5,56,0,61,10,11,71,0,92,26,0,26,118
05/02/2020,MSO,MT,ANM,WE,Federal Contract Tower,10,2,5,0,17,0,4,27,0,31,10,6,32,0,48,30,0,30,78
05/03/2020,MSO,MT,ANM,WE,Federal Contract Tower,8,2,8,0,18,0,0,16,0,16,8,2,24,0,34,12,0,12,46
05/04/2020,MSO,MT,ANM,WE,Federal Contract Tower,8,2,0,0,10,0,11,21,0,32,8,13,21,0,42,6,0,6,48
05/05/2020,MSO,MT,ANM,WE,Federal Contract Tower,11,11,8,4,34,0,8,57,0,65,11,19,65,4,99,44,0,44,143
05/06/2020,MSO,MT,ANM,WE,Federal Contract Tower,10,8,11,0,29,0,2,24,0,26,10,10,35,0,55,24,2,26,81
05/07/2020,MSO,MT,ANM,WE,Federal Contract Tower,12,13,16,6,47,0,0,27,2,29,12,13,43,8,76,26,14,40,116
05/08/2020,MSO,MT,ANM,WE,Federal Contract Tower,9,11,5,0,25,0,2,42,0,44,9,13,47,0,69,68,0,68,137
05/09/2020,MSO,MT,ANM,WE,Federal Contract Tower,7,4,2,0,13,0,1,33,0,34,7,5,35,0,47,14,0,14,61
05/10/2020,MSO,MT,ANM,WE,Federal Contract Tower,13,3,3,0,19,0,1,7,0,8,13,4,10,0,27,0,0,0,27
05/11/2020,MSO,MT,ANM,WE,Federal Contract Tower,9,6,9,0,24,0,6,14,0,20,9,12,23,0,44,8,0,8,52
05/12/2020,MSO,MT,ANM,WE,Federal Contract Tower,10,15,6,0,31,0,4,7,0,11,10,19,13,0,42,0,0,0,42
05/13/2020,MSO,MT,ANM,WE,Federal Contract Tower,10,10,8,0,28,0,5,29,0,34,10,15,37,0,62,58,0,58,120
05/14/2020,MSO,MT,ANM,WE,Federal Contract Tower,12,9,9,2,32,0,5,43,0,48,12,14,52,2,80,98,4,102,182
05/15/2020,MSO,MT,ANM,WE,Federal Contract Tower,9,12,15,0,36,0,0,7,0,7,9,12,22,0,43,0,0,0,43
05/16/2020,MSO,MT,ANM,WE,Federal Contract Tower,10,6,9,0,25,0,9,46,0,55,10,15,55,0,80,32,0,32,112
05/17/2020,MSO,MT,ANM,WE,Federal Contract Tower,11,4,16,0,31,0,7,26,0,33,11,11,42,0,64,12,0,12,76
05/18/2020,MSO,MT,ANM,WE,Federal Contract Tower,11,2,4,14,31,0,0,11,0,11,11,2,15,14,42,40,0,40,82
05/19/2020,MSO,MT,ANM,WE,Federal Contract Tower,10,13,10,0,33,0,0,14,0,14,10,13,24,0,47,8,0,8,55
05/20/2020,MSO,MT,ANM,WE,Federal Contract Tower,11,8,10,0,29,0,0,24,0,24,11,8,34,0,53,24,0,24,77
05/21/2020,MSO,MT,ANM,WE,Federal Contract Tower,14,3,13,0,30,0,7,24,0,31,14,10,37,0,61,48,0,48,109
05/22/2020,MSO,MT,ANM,WE,Federal Contract Tower,12,10,11,2,35,0,0,16,0,16,12,10,27,2,51,22,26,48,99
05/23/2020,MSO,MT,ANM,WE,Federal Contract Tower,11,5,9,0,25,0,7,23,0,30,11,12,32,0,55,8,0,8,63
05/24/2020,MSO,MT,ANM,WE,Federal Contract Tower,13,8,7,2,30,0,0,22,0,22,13,8,29,2,52,46,0,46,98
05/25/2020,MSO,MT,ANM,WE,Federal Contract Tower,12,7,3,0,22,0,2,26,0,28,12,9,29,0,50,0,0,0,50
05/26/2020,MSO,MT,ANM,WE,Federal Contract Tower,10,5,4,0,19,0,3,28,0,31,10,8,32,0,50,22,0,22,72
05/27/2020,MSO,MT,ANM,WE,Federal Contract Tower,11,14,20,0,45,0,8,51,0,59,11,22,71,0,104,24,0,24,128
05/28/2020,MSO,MT,ANM,WE,Federal Contract Tower,13,10,6,0,29,0,6,49,0,55,13,16,55,0,84,24,0,24,108
05/29/2020,MSO,MT,ANM,WE,Federal Contract Tower,12,12,10,2,36,0,7,50,0,57,12,19,60,2,93,58,0,58,151
05/30/2020,MSO,MT,ANM,WE,Federal Contract Tower,10,5,4,0,19,0,3,31,0,34,10,8,35,0,53,16,0,16,69
05/31/2020,MSO,MT,ANM,WE,Federal Contract Tower,12,11,9,0,32,0,2,11,0,13,12,13,20,0,45,4,0,4,49
06/01/2020,MSO,MT,ANM,WE,Federal Contract Tower,13,9,18,0,40,0,7,39,0,46,13,16,57,0,86,10,0,10,96
06/02/2020,MSO,MT,ANM,WE,Federal Contract Tower,12,11,11,0,34,0,11,65,0,76,12,22,76,0,110,114,0,114,224
06/03/2020,MSO,MT,ANM,WE,Federal Contract Tower,11,20,12,0,43,0,4,65,0,69,11,24,77,0,112,32,0,32,144
06/04/2020,MSO,MT,ANM,WE,Federal Contract Tower,14,15,18,4,51,0,1,41,0,42,14,16,59,4,93,30,0,30,123
06/05/2020,MSO,MT,ANM,WE,Federal Contract Tower,14,19,12,0,45,0,5,70,0,75,14,24,82,0,120,68,0,68,188
06/06/2020,MSO,MT,ANM,WE,Federal Contract Tower,11,9,19,0,39,0,4,4,0,8,11,13,23,0,47,24,0,24,71
06/07/2020,MSO,MT,ANM,WE,Federal Contract Tower,14,12,14,0,40,0,2,7,0,9,14,14,21,0,49,0,0,0,49
06/08/2020,MSO,MT,ANM,WE,Federal Contract Tower,20,18,9,0,47,0,0,7,0,7,20,18,16,0,54,4,0,4,58
06/09/2020,MSO,MT,ANM,WE,Federal Contract Tower,11,21,20,0,52,0,5,28,0,33,11,26,48,0,85,34,0,34,119
06/10/2020,MSO,MT,ANM,WE,Federal Contract Tower,12,20,16,0,48,0,1,44,0,45,12,21,60,0,93,64,0,64,157
06/11/2020,MSO,MT,ANM,WE,Federal Contract Tower,14,19,13,0,46,0,3,68,0,71,14,22,81,0,117,76,0,76,193
06/12/2020,MSO,MT,ANM,WE,Federal Contract Tower,12,23,19,0,54,0,7,64,0,71,12,30,83,0,125,50,0,50,175
06/13/2020,MSO,MT,ANM,WE,Federal Contract Tower,10,20,19,0,49,0,9,22,0,31,10,29,41,0,80,20,0,20,100
06/14/2020,MSO,MT,ANM,WE,Federal Contract Tower,15,7,17,0,39,0,0,6,0,6,15,7,23,0,45,4,0,4,49
06/15/2020,MSO,MT,ANM,WE,Federal Contract Tower,17,13,14,2,46,3,6,18,0,27,20,19,32,2,73,58,0,58,131
06/16/2020,MSO,MT,ANM,WE,Federal Contract Tower,9,17,13,0,39,0,0,14,0,14,9,17,27,0,53,26,0,26,79
06/17/2020,MSO,MT,ANM,WE,Federal Contract Tower,11,21,27,6,65,0,1,20,1,22,11,22,47,7,87,6,24,30,117
06/18/2020,MSO,MT,ANM,WE,Federal Contract Tower,14,14,25,0,53,0,5,33,0,38,14,19,58,0,91,118,0,118,209
06/20/2020,MSO,MT,ANM,WE,Federal Contract Tower,10,11,17,0,38,0,7,41,0,48,10,18,58,0,86,58,0,58,144
06/21/2020,MSO,MT,ANM,WE,Federal Contract Tower,15,17,20,0,52,0,2,24,0,26,15,19,44,0,78,8,0,8,86
06/22/2020,MSO,MT,ANM,WE,Federal Contract Tower,18,10,7,5,40,0,5,45,1,51,18,15,52,6,91,28,12,40,131
06/23/2020,MSO,MT,ANM,WE,Federal Contract Tower,12,18,15,4,49,0,9,59,0,68,12,27,74,4,117,60,0,60,177
06/24/2020,MSO,MT,ANM,WE,Federal Contract Tower,15,22,12,0,49,0,6,36,0,42,15,28,48,0,91,86,0,86,177
06/25/2020,MSO,MT,ANM,WE,Federal Contract Tower,14,31,21,0,66,0,0,49,0,49,14,31,70,0,115,44,0,44,159
06/26/2020,MSO,MT,ANM,WE,Federal Contract Tower,19,21,19,0,59,0,10,71,2,83,19,31,90,2,142,38,0,38,180
06/27/2020,MSO,MT,ANM,WE,Federal Contract Tower,16,17,19,0,52,0,7,19,0,26,16,24,38,0,78,20,0,20,98
06/28/2020,MSO,MT,ANM,WE,Federal Contract Tower,18,16,16,0,50,0,7,16,0,23,18,23,32,0,73,0,0,0,73
06/29/2020,MSO,MT,ANM,WE,Federal Contract Tower,20,14,13,0,47,0,0,0,0,0,20,14,13,0,47,0,0,0,47
06/30/2020,MSO,MT,ANM,WE,Federal Contract Tower,13,22,15,0,50,0,0,2,0,2,13,22,17,0,52,0,0,0,52
07/01/2020,MSO,MT,ANM,WE,Federal Contract Tower,16,30,26,0,72,0,1,44,0,45,16,31,70,0,117,80,0,80,197
07/02/2020,MSO,MT,ANM,WE,Federal Contract Tower,27,22,24,1,74,0,3,46,1,50,27,25,70,2,124,80,12,92,216
07/03/2020,MSO,MT,ANM,WE,Federal Contract Tower,25,20,16,0,61,0,9,77,6,92,25,29,93,6,153,46,0,46,199
07/04/2020,MSO,MT,ANM,WE,Federal Contract Tower,24,3,13,0,40,0,12,28,0,40,24,15,41,0,80,44,0,44,124
07/05/2020,MSO,MT,ANM,WE,Federal Contract Tower,24,12,15,0,51,0,6,71,0,77,24,18,86,0,128,14,0,14,142
07/06/2020,MSO,MT,ANM,WE,Federal Contract Tower,30,16,19,2,67,0,16,39,0,55,30,32,58,2,122,52,0,52,174
07/07/2020,MSO,MT,ANM,WE,Federal Contract Tower,25,17,12,8,62,0,2,22,0,24,25,19,34,8,86,100,0,100,186
07/08/2020,MSO,MT,ANM,WE,Federal Contract Tower,23,16,14,1,54,0,5,48,4,57,23,21,62,5,111,38,30,68,179
07/09/2020,MSO,MT,ANM,WE,Federal Contract Tower,30,25,20,0,75,0,8,64,3,75,30,33,84,3,150,100,0,100,250
07/10/2020,MSO,MT,ANM,WE,Federal Contract Tower,29,14,22,0,65,0,6,59,0,65,29,20,81,0,130,6,0,6,136
07/11/2020,MSO,MT,ANM,WE,Federal Contract Tower,27,12,13,0,52,0,3,84,0,87,27,15,97,0,139,104,0,104,243
07/12/2020,MSO,MT,ANM,WE,Federal Contract Tower,28,16,21,0,65,0,4,25,0,29,28,20,46,0,94,44,0,44,138
07/13/2020,MSO,MT,ANM,WE,Federal Contract Tower,31,17,9,2,59,0,10,31,0,41,31,27,40,2,100,62,0,62,162
07/14/2020,MSO,MT,ANM,WE,Federal Contract Tower,25,14,18,0,57,0,5,26,0,31,25,19,44,0,88,54,0,54,142
07/15/2020,MSO,MT,ANM,WE,Federal Contract Tower,25,22,21,3,71,0,13,50,0,63,25,35,71,3,134,46,8,54,188
07/16/2020,MSO,MT,ANM,WE,Federal Contract Tower,27,15,14,0,56,0,8,39,0,47,27,23,53,0,103,58,0,58,161
07/17/2020,MSO,MT,ANM,WE,Federal Contract Tower,29,19,11,1,60,0,8,53,1,62,29,27,64,2,122,66,6,72,194
07/18/2020,MSO,MT,ANM,WE,Federal Contract Tower,24,14,15,0,53,0,6,39,0,45,24,20,54,0,98,80,0,80,178
07/19/2020,MSO,MT,ANM,WE,Federal Contract Tower,31,24,18,0,73,0,7,50,0,57,31,31,68,0,130,32,0,32,162
07/20/2020,MSO,MT,ANM,WE,Federal Contract Tower,34,8,11,0,53,0,1,25,0,26,34,9,36,0,79,32,0,32,111
07/21/2020,MSO,MT,ANM,WE,Federal Contract Tower,25,16,14,0,55,0,9,53,0,62,25,25,67,0,117,38,0,38,155
07/22/2020,MSO,MT,ANM,WE,Federal Contract Tower,23,15,21,4,63,0,3,44,0,47,23,18,65,4,110,58,0,58,168
07/23/2020,MSO,MT,ANM,WE,Federal Contract Tower,27,17,16,0,60,0,9,43,2,54,27,26,59,2,114,74,0,74,188
07/24/2020,MSO,MT,ANM,WE,Federal Contract Tower,31,17,15,0,63,0,9,81,0,90,31,26,96,0,153,68,0,68,221
07/25/2020,MSO,MT,ANM,WE,Federal Contract Tower,27,17,23,0,67,0,5,87,0,92,27,22,110,0,159,62,0,62,221
07/26/2020,MSO,MT,ANM,WE,Federal Contract Tower,31,9,16,0,56,0,7,69,0,76,31,16,85,0,132,30,0,30,162
07/27/2020,MSO,MT,ANM,WE,Federal Contract Tower,30,11,17,0,58,0,4,51,0,55,30,15,68,0,113,16,0,16,129
07/28/2020,MSO,MT,ANM,WE,Federal Contract Tower,26,19,18,0,63,0,4,83,1,88,26,23,101,1,151,22,28,50,201
07/29/2020,MSO,MT,ANM,WE,Federal Contract Tower,23,20,20,0,63,0,4,57,0,61,23,24,77,0,124,40,0,40,164
07/30/2020,MSO,MT,ANM,WE,Federal Contract Tower,30,21,18,0,69,0,7,59,0,66,30,28,77,0,135,86,0,86,221
07/31/2020,MSO,MT,ANM,WE,Federal Contract Tower,33,26,15,0,74,0,7,53,0,60,33,33,68,0,134,74,0,74,208
08/01/2020,MSO,MT,ANM,WE,Federal Contract Tower,32,8,17,0,57,0,0,84,0,84,32,8,101,0,141,88,0,88,229
08/02/2020,MSO,MT,ANM,WE,Federal Contract Tower,32,12,28,0,72,0,0,59,0,59,32,12,87,0,131,66,0,66,197
08/03/2020,MSO,MT,ANM,WE,Federal Contract Tower,36,13,9,0,58,0,9,36,0,45,36,22,45,0,103,38,0,38,141
08/04/2020,MSO,MT,ANM,WE,Federal Contract Tower,32,21,13,0,66,0,3,44,0,47,32,24,57,0,113,70,0,70,183
08/05/2020,MSO,MT,ANM,WE,Federal Contract Tower,31,28,21,0,80,0,7,50,0,57,31,35,71,0,137,84,0,84,221
08/06/2020,MSO,MT,ANM,WE,Federal Contract Tower,32,17,13,1,63,0,1,50,0,51,32,18,63,1,114,36,0,36,150
08/07/2020,MSO,MT,ANM,WE,Federal Contract Tower,37,9,15,0,61,0,5,56,0,61,37,14,71,0,122,30,0,30,152
08/08/2020,MSO,MT,ANM,WE,Federal Contract Tower,31,15,7,0,53,0,7,60,0,67,31,22,67,0,120,16,0,16,136
08/09/2020,MSO,MT,ANM,WE,Federal Contract Tower,35,25,19,0,79,0,4,55,0,59,35,29,74,0,138,30,0,30,168
08/10/2020,MSO,MT,ANM,WE,Federal Contract Tower,39,23,14,0,76,0,2,51,0,53,39,25,65,0,129,36,0,36,165
08/11/2020,MSO,MT,ANM,WE,Federal Contract Tower,28,20,8,4,60,0,1,60,2,63,28,21,68,6,123,28,8,36,159
08/12/2020,MSO,MT,ANM,WE,Federal Contract Tower,29,27,19,1,76,0,1,43,3,47,29,28,62,4,123,24,28,52,175
08/13/2020,MSO,MT,ANM,WE,Federal Contract Tower,34,29,17,0,80,0,2,52,0,54,34,31,69,0,134,76,0,76,210
08/14/2020,MSO,MT,ANM,WE,Federal Contract Tower,33,17,11,2,63,0,5,79,0,84,33,22,90,2,147,66,14,80,227
08/15/2020,MSO,MT,ANM,WE,Federal Contract Tower,40,19,16,0,75,0,8,71,0,79,40,27,87,0,154,38,0,38,192
08/16/2020,MSO,MT,ANM,WE,Federal Contract Tower,34,15,13,0,62,0,3,34,0,37,34,18,47,0,99,44,0,44,143
08/17/2020,MSO,MT,ANM,WE,Federal Contract Tower,37,13,8,0,58,0,13,40,0,53,37,26,48,0,111,26,0,26,137
08/18/2020,MSO,MT,ANM,WE,Federal Contract Tower,24,31,15,0,70,0,5,55,0,60,24,36,70,0,130,76,0,76,206
08/19/2020,MSO,MT,ANM,WE,Federal Contract Tower,25,25,10,0,60,0,6,79,0,85,25,31,89,0,145,36,0,36,181
08/20/2020,MSO,MT,ANM,WE,Federal Contract Tower,33,15,15,0,63,0,7,56,0,63,33,22,71,0,126,54,0,54,180
08/21/2020,MSO,MT,ANM,WE,Federal Contract Tower,39,16,5,0,60,0,9,70,0,79,39,25,75,0,139,68,0,68,207
08/22/2020,MSO,MT,ANM,WE,Federal Contract Tower,33,15,24,0,72,0,15,71,2,88,33,30,95,2,160,52,0,52,212
08/23/2020,MSO,MT,ANM,WE,Federal Contract Tower,32,17,15,2,66,0,10,69,2,81,32,27,84,4,147,74,0,74,221
08/24/2020,MSO,MT,ANM,WE,Federal Contract Tower,33,22,16,0,71,0,5,22,0,27,33,27,38,0,98,14,0,14,112
08/25/2020,MSO,MT,ANM,WE,Federal Contract Tower,24,20,11,0,55,0,10,31,0,41,24,30,42,0,96,80,0,80,176
08/26/2020,MSO,MT,ANM,WE,Federal Contract Tower,26,22,18,0,66,0,5,55,1,61,26,27,73,1,127,58,10,68,195
08/27/2020,MSO,MT,ANM,WE,Federal Contract Tower,31,28,22,0,81,0,4,94,0,98,31,32,116,0,179,56,0,56,235
08/28/2020,MSO,MT,ANM,WE,Federal Contract Tower,34,20,19,2,75,0,18,95,0,113,34,38,114,2,188,62,0,62,250
08/29/2020,MSO,MT,ANM,WE,Federal Contract Tower,31,11,9,0,51,0,37,79,0,116,31,48,88,0,167,62,0,62,229
08/30/2020,MSO,MT,ANM,WE,Federal Contract Tower,32,14,15,2,63,0,4,53,0,57,32,18,68,2,120,80,0,80,200
08/31/2020,MSO,MT,ANM,WE,Federal Contract Tower,35,20,20,0,75,0,1,28,1,30,35,21,48,1,105,62,0,62,167
09/01/2020,MSO,MT,ANM,WE,Federal Contract Tower,25,16,6,0,47,0,7,46,4,57,25,23,52,4,104,28,8,36,140
09/02/2020,MSO,MT,ANM,WE,Federal Contract Tower,29,19,22,4,74,0,0,35,0,35,29,19,57,4,109,0,0,0,109
09/03/2020,MSO,MT,ANM,WE,Federal Contract Tower,32,19,24,0,75,0,5,84,0,89,32,24,108,0,164,92,0,92,256
09/04/2020,MSO,MT,ANM,WE,Federal Contract Tower,35,22,28,0,85,0,7,90,0,97,35,29,118,0,182,50,0,50,232
09/05/2020,MSO,MT,ANM,WE,Federal Contract Tower,32,9,7,0,48,0,23,64,0,87,32,32,71,0,135,58,0,58,193
09/06/2020,MSO,MT,ANM,WE,Federal Contract Tower,26,6,13,0,45,0,17,64,0,81,26,23,77,0,126,94,0,94,220
09/07/2020,MSO,MT,ANM,WE,Federal Contract Tower,34,12,17,0,63,0,0,3,0,3,34,12,20,0,66,0,0,0,66
09/08/2020,MSO,MT,ANM,WE,Federal Contract Tower,20,17,10,0,47,0,9,67,2,78,20,26,77,2,125,60,0,60,185
09/09/2020,MSO,MT,ANM,WE,Federal Contract Tower,23,18,14,0,55,0,9,48,0,57,23,27,62,0,112,72,0,72,184
09/10/2020,MSO,MT,ANM,WE,Federal Contract Tower,26,21,8,5,60,0,6,44,1,51,26,27,52,6,111,22,6,28,139
09/11/2020,MSO,MT,ANM,WE,Federal Contract Tower,28,20,16,1,65,0,7,62,2,71,28,27,78,3,136,58,0,58,194
09/12/2020,MSO,MT,ANM,WE,Federal Contract Tower,27,8,15,2,52,0,9,75,0,84,27,17,90,2,136,48,0,48,184
09/13/2020,MSO,MT,ANM,WE,Federal Contract Tower,26,16,21,2,65,0,6,13,0,19,26,22,34,2,84,16,0,16,100
09/14/2020,MSO,MT,ANM,WE,Federal Contract Tower,28,13,14,1,56,0,0,0,0,0,28,13,14,1,56,0,0,0,56
09/15/2020,MSO,MT,ANM,WE,Federal Contract Tower,20,11,24,0,55,0,0,2,0,2,20,11,26,0,57,0,0,0,57
09/16/2020,MSO,MT,ANM,WE,Federal Contract Tower,23,23,21,0,67,0,0,0,0,0,23,23,21,0,67,0,0,0,67
09/17/2020,MSO,MT,ANM,WE,Federal Contract Tower,26,18,28,0,72,0,0,2,0,2,26,18,30,0,74,0,0,0,74
09/18/2020,MSO,MT,ANM,WE,Federal Contract Tower,27,17,16,0,60,0,4,3,0,7,27,21,19,0,67,0,0,0,67
09/19/2020,MSO,MT,ANM,WE,Federal Contract Tower,29,9,14,0,52,0,5,2,0,7,29,14,16,0,59,0,0,0,59
09/20/2020,MSO,MT,ANM,WE,Federal Contract Tower,28,13,22,2,65,0,1,29,0,30,28,14,51,2,95,36,0,36,131
09/21/2020,MSO,MT,ANM,WE,Federal Contract Tower,26,12,9,0,47,0,0,36,0,36,26,12,45,0,83,42,0,42,125
09/22/2020,MSO,MT,ANM,WE,Federal Contract Tower,22,15,24,2,63,0,4,0,0,4,22,19,24,2,67,38,0,38,105
09/23/2020,MSO,MT,ANM,WE,Federal Contract Tower,20,13,14,0,47,0,11,62,0,73,20,24,76,0,120,44,0,44,164
09/24/2020,MSO,MT,ANM,WE,Federal Contract Tower,26,12,15,0,53,0,3,10,0,13,26,15,25,0,66,22,0,22,88
09/25/2020,MSO,MT,ANM,WE,Federal Contract Tower,27,17,17,0,61,0,0,29,0,29,27,17,46,0,90,36,0,36,126
09/26/2020,MSO,MT,ANM,WE,Federal Contract Tower,27,8,8,0,43,0,3,18,0,21,27,11,26,0,64,36,0,36,100
09/27/2020,MSO,MT,ANM,WE,Federal Contract Tower,25,12,10,0,47,0,5,37,0,42,25,17,47,0,89,36,0,36,125
09/28/2020,MSO,MT,ANM,WE,Federal Contract Tower,28,4,10,0,42,0,5,46,0,51,28,9,56,0,93,14,0,14,107
09/29/2020,MSO,MT,ANM,WE,Federal Contract Tower,19,15,15,0,49,0,3,40,0,43,19,18,55,0,92,38,0,38,130
09/30/2020,MSO,MT,ANM,WE,Federal Contract Tower,23,12,2,0,37,0,9,52,0,61,23,21,54,0,98,38,0,38,136
10/01/2020,MSO,MT,ANM,WE,Federal Contract Tower,25,20,19,0,64,0,5,36,0,41,25,25,55,0,105,14,0,14,119
10/02/2020,MSO,MT,ANM,WE,Federal Contract Tower,28,17,13,16,74,0,10,41,0,51,28,27,54,16,125,74,14,88,213
10/03/2020,MSO,MT,ANM,WE,Federal Contract Tower,24,3,11,0,38,0,7,71,0,78,24,10,82,0,116,34,0,34,150
10/04/2020,MSO,MT,ANM,WE,Federal Contract Tower,25,10,10,0,45,0,3,22,0,25,25,13,32,0,70,58,0,58,128
10/05/2020,MSO,MT,ANM,WE,Federal Contract Tower,27,12,8,0,47,0,9,22,2,33,27,21,30,2,80,32,0,32,112
10/06/2020,MSO,MT,ANM,WE,Federal Contract Tower,20,16,10,0,46,0,9,34,0,43,20,25,44,0,89,28,0,28,117
10/07/2020,MSO,MT,ANM,WE,Federal Contract Tower,21,16,22,12,71,0,3,43,0,46,21,19,65,12,117,38,0,38,155
10/08/2020,MSO,MT,ANM,WE,Federal Contract Tower,27,11,15,2,55,0,6,55,0,61,27,17,70,2,116,68,14,82,198
10/09/2020,MSO,MT,ANM,WE,Federal Contract Tower,28,21,13,0,62,0,2,36,0,38,28,23,49,0,100,28,0,28,128
10/10/2020,MSO,MT,ANM,WE,Federal Contract Tower,25,10,9,0,44,0,5,13,0,18,25,15,22,0,62,0,0,0,62
10/11/2020,MSO,MT,ANM,WE,Federal Contract Tower,25,1,9,0,35,0,15,4,0,19,25,16,13,0,54,10,0,10,64
10/12/2020,MSO,MT,ANM,WE,Federal Contract Tower,27,12,8,0,47,0,4,7,0,11,27,16,15,0,58,0,0,0,58
10/13/2020,MSO,MT,ANM,WE,Federal Contract Tower,20,15,19,0,54,0,2,5,0,7,20,17,24,0,61,14,0,14,75
10/14/2020,MSO,MT,ANM,WE,Federal Contract Tower,19,24,13,0,56,0,2,3,0,5,19,26,16,0,61,8,0,8,69
10/15/2020,MSO,MT,ANM,WE,Federal Contract Tower,25,20,18,0,63,0,1,45,0,46,25,21,63,0,109,22,0,22,131
10/16/2020,MSO,MT,ANM,WE,Federal Contract Tower,28,15,13,0,56,0,2,22,0,24,28,17,35,0,80,58,0,58,138
10/18/2020,MSO,MT,ANM,WE,Federal Contract Tower,26,10,22,0,58,0,0,0,0,0,26,10,22,0,58,0,0,0,58
10/19/2020,MSO,MT,ANM,WE,Federal Contract Tower,26,9,11,0,46,0,1,5,0,6,26,10,16,0,52,0,0,0,52
10/20/2020,MSO,MT,ANM,WE,Federal Contract Tower,20,18,28,0,66,0,2,32,0,34,20,20,60,0,100,68,0,68,168
10/21/2020,MSO,MT,ANM,WE,Federal Contract Tower,20,17,14,4,55,0,0,7,0,7,20,17,21,4,62,0,0,0,62
10/22/2020,MSO,MT,ANM,WE,Federal Contract Tower,26,13,10,2,51,0,0,21,0,21,26,13,31,2,72,0,0,0,72
10/23/2020,MSO,MT,ANM,WE,Federal Contract Tower,23,15,4,5,47,0,2,5,0,7,23,17,9,5,54,12,0,12,66
10/24/2020,MSO,MT,ANM,WE,Federal Contract Tower,29,10,6,0,45,0,0,1,0,1,29,10,7,0,46,0,0,0,46
10/25/2020,MSO,MT,ANM,WE,Federal Contract Tower,24,8,10,0,42,0,4,33,0,37,24,12,43,0,79,12,0,12,91
10/26/2020,MSO,MT,ANM,WE,Federal Contract Tower,26,5,10,0,41,0,6,12,0,18,26,11,22,0,59,22,0,22,81
10/27/2020,MSO,MT,ANM,WE,Federal Contract Tower,20,16,3,5,44,0,5,19,0,24,20,21,22,5,68,16,34,50,118
10/28/2020,MSO,MT,ANM,WE,Federal Contract Tower,22,14,10,0,46,0,4,5,0,9,22,18,15,0,55,6,0,6,61
10/29/2020,MSO,MT,ANM,WE,Federal Contract Tower,25,17,8,0,50,0,0,17,0,17,25,17,25,0,67,14,0,14,81
10/30/2020,MSO,MT,ANM,WE,Federal Contract Tower,31,11,8,0,50,0,0,16,0,16,31,11,24,0,66,10,0,10,76
10/31/2020,MSO,MT,ANM,WE,Federal Contract Tower,19,5,3,0,27,0,9,56,0,65,19,14,59,0,92,22,0,22,114
11/01/2020,MSO,MT,ANM,WE,Federal Contract Tower,25,8,3,0,36,0,2,31,0,33,25,10,34,0,69,56,0,56,125
11/02/2020,MSO,MT,ANM,WE,Federal Contract Tower,29,9,5,0,43,0,1,47,0,48,29,10,52,0,91,18,0,18,109
11/04/2020,MSO,MT,ANM,WE,Federal Contract Tower,24,10,6,0,40,0,9,28,0,37,24,19,34,0,77,10,0,10,87
11/05/2020,MSO,MT,ANM,WE,Federal Contract Tower,28,15,7,0,50,0,1,10,0,11,28,16,17,0,61,10,0,10,71
11/06/2020,MSO,MT,ANM,WE,Federal Contract Tower,27,15,11,0,53,0,10,21,0,31,27,25,32,0,84,20,0,20,104
11/07/2020,MSO,MT,ANM,WE,Federal Contract Tower,27,3,12,0,42,0,0,5,0,5,27,3,17,0,47,6,0,6,53
11/08/2020,MSO,MT,ANM,WE,Federal Contract Tower,29,3,1,0,33,0,0,0,0,0,29,3,1,0,33,0,0,0,33
11/09/2020,MSO,MT,ANM,WE,Federal Contract Tower,27,7,9,0,43,0,2,37,0,39,27,9,46,0,82,56,0,56,138
11/11/2020,MSO,MT,ANM,WE,Federal Contract Tower,26,17,7,0,50,0,0,1,0,1,26,17,8,0,51,22,0,22,73
11/12/2020,MSO,MT,ANM,WE,Federal Contract Tower,29,15,13,0,57,0,11,44,0,55,29,26,57,0,112,42,0,42,154
11/13/2020,MSO,MT,ANM,WE,Federal Contract Tower,24,11,10,0,45,0,0,3,0,3,24,11,13,0,48,2,0,2,50
11/14/2020,MSO,MT,ANM,WE,Federal Contract Tower,26,5,9,0,40,0,5,0,0,5,26,10,9,0,45,18,0,18,63
11/15/2020,MSO,MT,ANM,WE,Federal Contract Tower,28,1,10,0,39,0,2,3,0,5,28,3,13,0,44,6,0,6,50
11/16/2020,MSO,MT,ANM,WE,Federal Contract Tower,25,2,1,0,28,0,0,0,0,0,25,2,1,0,28,20,0,20,48
11/18/2020,MSO,MT,ANM,WE,Federal Contract Tower,26,10,10,0,46,0,0,2,0,2,26,10,12,0,48,18,0,18,66
11/19/2020,MSO,MT,ANM,WE,Federal Contract Tower,25,8,9,0,42,0,3,7,0,10,25,11,16,0,52,30,0,30,82
11/20/2020,MSO,MT,ANM,WE,Federal Contract Tower,34,12,20,0,66,0,12,53,0,65,34,24,73,0,131,60,0,60,191
11/21/2020,MSO,MT,ANM,WE,Federal Contract Tower,31,9,2,1,43,0,17,57,0,74,31,26,59,1,117,34,0,34,151
11/22/2020,MSO,MT,ANM,WE,Federal Contract Tower,31,6,3,1,41,0,6,38,0,44,31,12,41,1,85,20,0,20,105
11/23/2020,MSO,MT,ANM,WE,Federal Contract Tower,28,5,7,0,40,0,3,12,0,15,28,8,19,0,55,26,0,26,81
11/24/2020,MSO,MT,ANM,WE,Federal Contract Tower,27,16,10,0,53,0,0,19,0,19,27,16,29,0,72,0,0,0,72
11/25/2020,MSO,MT,ANM,WE,Federal Contract Tower,31,14,9,0,54,0,1,8,0,9,31,15,17,0,63,30,0,30,93
11/27/2020,MSO,MT,ANM,WE,Federal Contract Tower,22,11,2,0,35,0,14,22,0,36,22,25,24,0,71,26,0,26,97
11/28/2020,MSO,MT,ANM,WE,Federal Contract Tower,27,4,9,0,40,0,5,18,0,23,27,9,27,0,63,40,0,40,103
11/29/2020,MSO,MT,ANM,WE,Federal Contract Tower,33,11,17,0,61,0,6,38,0,44,33,17,55,0,105,12,0,12,117
11/30/2020,MSO,MT,ANM,WE,Federal Contract Tower,36,3,4,0,43,0,7,7,0,14,36,10,11,0,57,26,0,26,83
12/01/2020,MSO,MT,ANM,WE,Federal Contract Tower,21,16,11,0,48,0,2,17,0,19,21,18,28,0,67,18,0,18,85
12/02/2020,MSO,MT,ANM,WE,Federal Contract Tower,20,18,11,5,54,0,2,24,0,26,20,20,35,5,80,16,12,28,108
12/03/2020,MSO,MT,ANM,WE,Federal Contract Tower,23,14,17,0,54,0,8,42,0,50,23,22,59,0,104,12,0,12,116
12/04/2020,MSO,MT,ANM,WE,Federal Contract Tower,23,14,7,0,44,0,4,42,0,46,23,18,49,0,90,92,0,92,182
12/05/2020,MSO,MT,ANM,WE,Federal Contract Tower,20,7,5,0,32,0,5,32,0,37,20,12,37,0,69,54,0,54,123
12/06/2020,MSO,MT,ANM,WE,Federal Contract Tower,26,2,10,0,38,0,0,29,0,29,26,2,39,0,67,52,0,52,119
12/07/2020,MSO,MT,ANM,WE,Federal Contract Tower,21,5,8,0,34,0,4,19,0,23,21,9,27,0,57,78,0,78,135
12/08/2020,MSO,MT,ANM,WE,Federal Contract Tower,19,16,8,0,43,0,5,43,0,48,19,21,51,0,91,52,0,52,143
12/09/2020,MSO,MT,ANM,WE,Federal Contract Tower,20,17,12,0,49,0,4,52,0,56,20,21,64,0,105,88,0,88,193
12/10/2020,MSO,MT,ANM,WE,Federal Contract Tower,22,15,7,0,44,0,6,43,0,49,22,21,50,0,93,60,0,60,153
12/11/2020,MSO,MT,ANM,WE,Federal Contract Tower,23,9,8,0,40,0,0,10,0,10,23,9,18,0,50,44,0,44,94
12/12/2020,MSO,MT,ANM,WE,Federal Contract Tower,22,7,9,0,38,0,0,4,0,4,22,7,13,0,42,18,0,18,60
12/13/2020,MSO,MT,ANM,WE,Federal Contract Tower,22,6,4,0,32,0,0,5,0,5,22,6,9,0,37,18,0,18,55
12/14/2020,MSO,MT,ANM,WE,Federal Contract Tower,21,3,14,0,38,0,8,4,0,12,21,11,18,0,50,28,0,28,78
12/15/2020,MSO,MT,ANM,WE,Federal Contract Tower,18,11,23,0,52,0,2,10,0,12,18,13,33,0,64,30,0,30,94
12/16/2020,MSO,MT,ANM,WE,Federal Contract Tower,19,11,19,2,51,0,4,39,0,43,19,15,58,2,94,56,26,82,176
12/17/2020,MSO,MT,ANM,WE,Federal Contract Tower,28,16,10,0,54,0,7,6,0,13,28,23,16,0,67,28,0,28,95
12/18/2020,MSO,MT,ANM,WE,Federal Contract Tower,29,18,14,0,61,0,2,36,0,38,29,20,50,0,99,62,0,62,161
12/19/2020,MSO,MT,ANM,WE,Federal Contract Tower,26,8,4,0,38,0,0,19,0,19,26,8,23,0,57,46,0,46,103
12/20/2020,MSO,MT,ANM,WE,Federal Contract Tower,27,8,3,0,38,0,2,1,0,3,27,10,4,0,41,22,0,22,63
12/21/2020,MSO,MT,ANM,WE,Federal Contract Tower,24,7,5,0,36,0,0,3,0,3,24,7,8,0,39,8,0,8,47
12/22/2020,MSO,MT,ANM,WE,Federal Contract Tower,24,15,8,0,47,0,0,0,0,0,24,15,8,0,47,0,0,0,47
12/23/2020,MSO,MT,ANM,WE,Federal Contract Tower,25,23,10,3,61,0,2,57,0,59,25,25,67,3,120,34,22,56,176
12/24/2020,MSO,MT,ANM,WE,Federal Contract Tower,21,15,5,0,41,0,6,32,0,38,21,21,37,0,79,10,0,10,89
12/25/2020,MSO,MT,ANM,WE,Federal Contract Tower,19,4,2,0,25,0,0,13,0,13,19,4,15,0,38,0,0,0,38
12/26/2020,MSO,MT,ANM,WE,Federal Contract Tower,28,7,11,0,46,0,1,0,0,1,28,8,11,0,47,0,0,0,47
12/27/2020,MSO,MT,ANM,WE,Federal Contract Tower,27,12,12,0,51,0,2,10,0,12,27,14,22,0,63,36,0,36,99
12/28/2020,MSO,MT,ANM,WE,Federal Contract Tower,26,12,9,0,47,0,2,8,0,10,26,14,17,0,57,8,0,8,65
12/29/2020,MSO,MT,ANM,WE,Federal Contract Tower,26,18,9,0,53,0,4,29,0,33,26,22,38,0,86,50,0,50,136
12/30/2020,MSO,MT,ANM,WE,Federal Contract Tower,26,11,9,0,46,0,4,10,0,14,26,15,19,0,60,20,0,20,80
12/31/2020,MSO,MT,ANM,WE,Federal Contract Tower,20,17,9,0,46,0,6,6,0,12,20,23,15,0,58,38,0,38,96
01/01/2021,MSO,MT,ANM,WE,Federal Contract Tower,25,8,4,0,37,0,1,14,0,15,25,9,18,0,52,64,0,64,116
01/02/2021,MSO,MT,ANM,WE,Federal Contract Tower,29,8,14,0,51,0,13,9,0,22,29,21,23,0,73,46,0,46,119
01/03/2021,MSO,MT,ANM,WE,Federal Contract Tower,28,7,11,0,46,0,3,0,0,3,28,10,11,0,49,0,0,0,49
01/04/2021,MSO,MT,ANM,WE,Federal Contract Tower,25,6,7,0,38,0,0,12,0,12,25,6,19,0,50,14,0,14,64
01/05/2021,MSO,MT,ANM,WE,Federal Contract Tower,19,7,6,0,32,0,9,19,0,28,19,16,25,0,60,24,0,24,84
01/06/2021,MSO,MT,ANM,WE,Federal Contract Tower,19,18,8,4,49,0,1,21,1,23,19,19,29,5,72,88,0,88,160
01/08/2021,MSO,MT,ANM,WE,Federal Contract Tower,17,11,10,0,38,0,2,33,0,35,17,13,43,0,73,68,0,68,141
01/09/2021,MSO,MT,ANM,WE,Federal Contract Tower,14,5,7,0,26,0,6,28,0,34,14,11,35,0,60,40,0,40,100
01/10/2021,MSO,MT,ANM,WE,Federal Contract Tower,17,1,6,0,24,0,0,16,0,16,17,1,22,0,40,36,0,36,76
01/11/2021,MSO,MT,ANM,WE,Federal Contract Tower,17,9,7,0,33,0,5,12,0,17,17,14,19,0,50,32,0,32,82
01/12/2021,MSO,MT,ANM,WE,Federal Contract Tower,16,10,5,9,40,0,2,2,2,6,16,12,7,11,46,0,20,20,66
01/13/2021,MSO,MT,ANM,WE,Federal Contract Tower,14,9,2,0,25,0,0,1,2,3,14,9,3,2,28,0,0,0,28
01/14/2021,MSO,MT,ANM,WE,Federal Contract Tower,18,12,9,0,39,0,11,55,0,66,18,23,64,0,105,74,0,74,179
01/15/2021,MSO,MT,ANM,WE,Federal Contract Tower,17,11,8,0,36,0,0,12,0,12,17,11,20,0,48,24,0,24,72
01/16/2021,MSO,MT,ANM,WE,Federal Contract Tower,15,4,6,0,25,0,3,6,0,9,15,7,12,0,34,2,0,2,36
01/17/2021,MSO,MT,ANM,WE,Federal Contract Tower,15,6,9,0,30,0,4,0,0,4,15,10,9,0,34,0,0,0,34
01/18/2021,MSO,MT,ANM,WE,Federal Contract Tower,17,4,11,0,32,0,3,15,0,18,17,7,26,0,50,26,0,26,76
01/19/2021,MSO,MT,ANM,WE,Federal Contract Tower,16,10,10,0,36,0,0,27,0,27,16,10,37,0,63,12,0,12,75
01/20/2021,MSO,MT,ANM,WE,Federal Contract Tower,16,8,9,0,33,0,10,45,0,55,16,18,54,0,88,48,0,48,136
01/21/2021,MSO,MT,ANM,WE,Federal Contract Tower,16,8,13,0,37,0,4,2,0,6,16,12,15,0,43,12,0,12,55
01/22/2021,MSO,MT,ANM,WE,Federal Contract Tower,17,12,12,2,43,0,5,20,2,27,17,17,32,4,70,32,4,36,106
01/23/2021,MSO,MT,ANM,WE,Federal Contract Tower,15,2,7,0,24,0,13,40,0,53,15,15,47,0,77,48,0,48,125
01/24/2021,MSO,MT,ANM,WE,Federal Contract Tower,15,5,6,0,26,0,2,35,0,37,15,7,41,0,63,12,0,12,75
01/25/2021,MSO,MT,ANM,WE,Federal Contract Tower,18,6,8,7,39,0,7,42,0,49,18,13,50,7,88,18,30,48,136
01/26/2021,MSO,MT,ANM,WE,Federal Contract Tower,16,10,5,0,31,0,4,58,0,62,16,14,63,0,93,36,0,36,129
01/27/2021,MSO,MT,ANM,WE,Federal Contract Tower,17,10,8,0,35,0,9,29,0,38,17,19,37,0,73,24,0,24,97
01/28/2021,MSO,MT,ANM,WE,Federal Contract Tower,17,14,20,0,51,0,1,28,0,29,17,15,48,0,80,42,0,42,122
01/29/2021,MSO,MT,ANM,WE,Federal Contract Tower,16,8,5,0,29,0,2,6,0,8,16,10,11,0,37,8,0,8,45
01/30/2021,MSO,MT,ANM,WE,Federal Contract Tower,14,9,5,0,28,0,2,38,0,40,14,11,43,0,68,32,0,32,100
01/31/2021,MSO,MT,ANM,WE,Federal Contract Tower,18,5,4,1,28,0,8,48,0,56,18,13,52,1,84,68,0,68,152
02/01/2021,MSO,MT,ANM,WE,Federal Contract Tower,20,2,5,0,27,0,14,20,0,34,20,16,25,0,61,54,0,54,115
02/02/2021,MSO,MT,ANM,WE,Federal Contract Tower,18,18,3,0,39,0,2,1,0,3,18,20,4,0,42,6,0,6,48
02/03/2021,MSO,MT,ANM,WE,Federal Contract Tower,17,16,8,0,41,0,0,10,0,10,17,16,18,0,51,12,2,14,65
02/04/2021,MSO,MT,ANM,WE,Federal Contract Tower,19,18,21,0,58,0,0,5,0,5,19,18,26,0,63,20,0,20,83
02/05/2021,MSO,MT,ANM,WE,Federal Contract Tower,19,12,6,0,37,0,8,30,0,38,19,20,36,0,75,34,0,34,109
02/06/2021,MSO,MT,ANM,WE,Federal Contract Tower,15,6,5,0,26,0,0,0,0,0,15,6,5,0,26,0,0,0,26
02/07/2021,MSO,MT,ANM,WE,Federal Contract Tower,20,1,8,0,29,0,0,1,0,1,20,1,9,0,30,0,0,0,30
02/08/2021,MSO,MT,ANM,WE,Federal Contract Tower,18,11,5,0,34,0,0,0,0,0,18,11,5,0,34,0,0,0,34
02/09/2021,MSO,MT,ANM,WE,Federal Contract Tower,15,19,19,0,53,0,0,5,0,5,15,19,24,0,58,8,0,8,66
02/10/2021,MSO,MT,ANM,WE,Federal Contract Tower,18,12,12,0,42,0,1,11,0,12,18,13,23,0,54,28,0,28,82
02/11/2021,MSO,MT,ANM,WE,Federal Contract Tower,20,13,12,0,45,0,1,7,0,8,20,14,19,0,53,0,0,0,53
02/12/2021,MSO,MT,ANM,WE,Federal Contract Tower,19,7,9,1,36,0,2,41,0,43,19,9,50,1,79,98,0,98,177
02/13/2021,MSO,MT,ANM,WE,Federal Contract Tower,10,6,1,0,17,0,1,7,0,8,10,7,8,0,25,20,0,20,45
02/14/2021,MSO,MT,ANM,WE,Federal Contract Tower,15,9,7,0,31,0,0,2,0,2,15,9,9,0,33,0,0,0,33
02/15/2021,MSO,MT,ANM,WE,Federal Contract Tower,19,7,17,0,43,0,0,0,0,0,19,7,17,0,43,0,0,0,43
02/16/2021,MSO,MT,ANM,WE,Federal Contract Tower,20,9,24,0,53,0,0,8,0,8,20,9,32,0,61,2,0,2,63
02/18/2021,MSO,MT,ANM,WE,Federal Contract Tower,25,11,22,0,58,0,1,69,0,70,25,12,91,0,128,74,0,74,202
02/19/2021,MSO,MT,ANM,WE,Federal Contract Tower,23,8,9,0,40,0,1,0,2,3,23,9,9,2,43,0,0,0,43
02/20/2021,MSO,MT,ANM,WE,Federal Contract Tower,19,5,8,0,32,0,8,14,0,22,19,13,22,0,54,26,0,26,80
02/21/2021,MSO,MT,ANM,WE,Federal Contract Tower,25,7,9,0,41,0,5,8,0,13,25,12,17,0,54,52,0,52,106
02/22/2021,MSO,MT,ANM,WE,Federal Contract Tower,20,21,4,0,45,0,3,2,0,5,20,24,6,0,50,10,0,10,60
02/23/2021,MSO,MT,ANM,WE,Federal Contract Tower,21,13,19,0,53,0,1,5,0,6,21,14,24,0,59,8,0,8,67
02/24/2021,MSO,MT,ANM,WE,Federal Contract Tower,22,12,11,1,46,0,4,72,3,79,22,16,83,4,125,54,10,64,189
02/25/2021,MSO,MT,ANM,WE,Federal Contract Tower,23,18,19,0,60,0,0,22,0,22,23,18,41,0,82,46,0,46,128
02/26/2021,MSO,MT,ANM,WE,Federal Contract Tower,23,11,29,0,63,0,2,6,0,8,23,13,35,0,71,16,0,16,87
02/27/2021,MSO,MT,ANM,WE,Federal Contract Tower,18,4,8,1,31,0,1,7,0,8,18,5,15,1,39,6,0,6,45
02/28/2021,MSO,MT,ANM,WE,Federal Contract Tower,24,6,13,2,45,0,4,9,0,13,24,10,22,2,58,60,14,74,132
03/01/2021,MSO,MT,ANM,WE,Federal Contract Tower,23,3,8,17,51,0,31,46,4,81,23,34,54,21,132,56,14,70,202
03/02/2021,MSO,MT,ANM,WE,Federal Contract Tower,20,15,21,5,61,0,7,19,0,26,20,22,40,5,87,20,0,20,107
03/03/2021,MSO,MT,ANM,WE,Federal Contract Tower,21,10,12,8,51,0,0,43,0,43,21,10,55,8,94,36,20,56,150
03/04/2021,MSO,MT,ANM,WE,Federal Contract Tower,27,10,20,4,61,0,3,62,0,65,27,13,82,4,126,50,0,50,176
03/05/2021,MSO,MT,ANM,WE,Federal Contract Tower,27,11,14,2,54,0,17,51,2,70,27,28,65,4,124,78,24,102,226
03/06/2021,MSO,MT,ANM,WE,Federal Contract Tower,23,6,0,0,29,0,3,28,0,31,23,9,28,0,60,24,0,24,84
03/07/2021,MSO,MT,ANM,WE,Federal Contract Tower,28,2,4,0,34,0,3,19,0,22,28,5,23,0,56,30,0,30,86
03/08/2021,MSO,MT,ANM,WE,Federal Contract Tower,25,5,10,0,40,0,1,5,0,6,25,6,15,0,46,4,0,4,50
03/09/2021,MSO,MT,ANM,WE,Federal Contract Tower,26,15,10,0,51,0,4,26,0,30,26,19,36,0,81,34,0,34,115
03/10/2021,MSO,MT,ANM,WE,Federal Contract Tower,24,8,17,2,51,0,5,60,0,65,24,13,77,2,116,56,0,56,172
03/11/2021,MSO,MT,ANM,WE,Federal Contract Tower,27,10,13,0,50,0,5,40,0,45,27,15,53,0,95,60,0,60,155
03/12/2021,MSO,MT,ANM,WE,Federal Contract Tower,25,15,14,9,63,0,6,61,0,67,25,21,75,9,130,22,6,28,158
03/13/2021,MSO,MT,ANM,WE,Federal Contract Tower,21,5,8,0,34,0,6,64,1,71,21,11,72,1,105,44,0,44,149
03/14/2021,MSO,MT,ANM,WE,Federal Contract Tower,24,3,12,0,39,0,3,43,1,47,24,6,55,1,86,16,0,16,102
03/15/2021,MSO,MT,ANM,WE,Federal Contract Tower,21,8,19,0,48,0,8,19,0,27,21,16,38,0,75,0,0,0,75
03/16/2021,MSO,MT,ANM,WE,Federal Contract Tower,26,10,7,0,43,0,4,19,0,23,26,14,26,0,66,26,0,26,92
03/17/2021,MSO,MT,ANM,WE,Federal Contract Tower,24,11,12,0,47,0,8,65,2,75,24,19,77,2,122,36,0,36,158
03/18/2021,MSO,MT,ANM,WE,Federal Contract Tower,32,10,12,0,54,0,21,70,0,91,32,31,82,0,145,46,0,46,191
03/19/2021,MSO,MT,ANM,WE,Federal Contract Tower,30,17,12,0,59,0,0,7,0,7,30,17,19,0,66,26,0,26,92
03/20/2021,MSO,MT,ANM,WE,Federal Contract Tower,26,8,2,0,36,0,1,12,0,13,26,9,14,0,49,22,0,22,71
03/21/2021,MSO,MT,ANM,WE,Federal Contract Tower,32,2,10,0,44,0,1,13,0,14,32,3,23,0,58,8,0,8,66
03/22/2021,MSO,MT,ANM,WE,Federal Contract Tower,28,6,7,2,43,0,0,11,0,11,28,6,18,2,54,12,4,16,70
03/23/2021,MSO,MT,ANM,WE,Federal Contract Tower,26,11,17,6,60,0,5,23,2,30,26,16,40,8,90,10,10,20,110
03/24/2021,MSO,MT,ANM,WE,Federal Contract Tower,24,16,17,0,57,0,5,16,0,21,24,21,33,0,78,12,0,12,90
03/25/2021,MSO,MT,ANM,WE,Federal Contract Tower,33,12,9,0,54,0,0,4,0,4,33,12,13,0,58,12,0,12,70
03/26/2021,MSO,MT,ANM,WE,Federal Contract Tower,29,8,18,0,55,0,2,24,0,26,29,10,42,0,81,14,0,14,95
03/27/2021,MSO,MT,ANM,WE,Federal Contract Tower,27,6,5,0,38,0,6,47,0,53,27,12,52,0,91,30,0,30,121
03/28/2021,MSO,MT,ANM,WE,Federal Contract Tower,30,4,7,0,41,0,2,18,0,20,30,6,25,0,61,24,0,24,85
03/29/2021,MSO,MT,ANM,WE,Federal Contract Tower,33,4,7,0,44,0,0,4,0,4,33,4,11,0,48,0,0,0,48
03/30/2021,MSO,MT,ANM,WE,Federal Contract Tower,24,9,7,2,42,0,15,12,0,27,24,24,19,2,69,22,0,22,91
03/31/2021,MSO,MT,ANM,WE,Federal Contract Tower,22,10,7,4,43,0,5,74,2,81,22,15,81,6,124,46,8,54,178
04/01/2021,MSO,MT,ANM,WE,Federal Contract Tower,33,15,20,2,70,0,5,67,0,72,33,20,87,2,142,36,0,36,178
04/02/2021,MSO,MT,ANM,WE,Federal Contract Tower,32,9,20,0,61,0,3,70,0,73,32,12,90,0,134,34,0,34,168
04/03/2021,MSO,MT,ANM,WE,Federal Contract Tower,26,6,10,0,42,0,12,54,0,66,26,18,64,0,108,36,0,36,144
04/04/2021,MSO,MT,ANM,WE,Federal Contract Tower,29,3,5,0,37,0,7,31,0,38,29,10,36,0,75,58,0,58,133
04/05/2021,MSO,MT,ANM,WE,Federal Contract Tower,30,8,20,0,58,0,0,1,0,1,30,8,21,0,59,20,0,20,79
04/06/2021,MSO,MT,ANM,WE,Federal Contract Tower,28,11,16,0,55,0,6,72,0,78,28,17,88,0,133,18,0,18,151
04/07/2021,MSO,MT,ANM,WE,Federal Contract Tower,28,10,8,0,46,0,0,54,1,55,28,10,62,1,101,16,6,22,123
04/08/2021,MSO,MT,ANM,WE,Federal Contract Tower,30,13,15,0,58,0,1,17,0,18,30,14,32,0,76,12,0,12,88
04/09/2021,MSO,MT,ANM,WE,Federal Contract Tower,31,11,18,0,60,0,4,54,0,58,31,15,72,0,118,52,0,52,170
04/10/2021,MSO,MT,ANM,WE,Federal Contract Tower,26,9,6,0,41,0,10,3,0,13,26,19,9,0,54,0,0,0,54
04/11/2021,MSO,MT,ANM,WE,Federal Contract Tower,33,5,18,0,56,0,0,39,0,39,33,5,57,0,95,50,0,50,145
04/12/2021,MSO,MT,ANM,WE,Federal Contract Tower,30,12,27,6,75,0,7,38,0,45,30,19,65,6,120,20,0,20,140
04/13/2021,MSO,MT,ANM,WE,Federal Contract Tower,28,12,12,5,57,0,3,34,7,44,28,15,46,12,101,6,16,22,123
04/14/2021,MSO,MT,ANM,WE,Federal Contract Tower,31,13,17,0,61,0,7,26,0,33,31,20,43,0,94,18,0,18,112
04/15/2021,MSO,MT,ANM,WE,Federal Contract Tower,30,15,22,6,73,0,7,63,0,70,30,22,85,6,143,28,0,28,171
04/16/2021,MSO,MT,ANM,WE,Federal Contract Tower,31,14,17,0,62,0,7,52,0,59,31,21,69,0,121,38,0,38,159
04/17/2021,MSO,MT,ANM,WE,Federal Contract Tower,29,5,13,0,47,0,2,87,0,89,29,7,100,0,136,20,0,20,156
04/18/2021,MSO,MT,ANM,WE,Federal Contract Tower,32,0,16,0,48,0,4,28,0,32,32,4,44,0,80,30,0,30,110
04/19/2021,MSO,MT,ANM,WE,Federal Contract Tower,28,4,19,0,51,0,3,32,3,38,28,7,51,3,89,30,0,30,119
04/20/2021,MSO,MT,ANM,WE,Federal Contract Tower,25,13,6,1,45,0,7,51,0,58,25,20,57,1,103,14,8,22,125
04/21/2021,MSO,MT,ANM,WE,Federal Contract Tower,28,8,12,3,51,0,0,52,0,52,28,8,64,3,103,40,0,40,143
04/22/2021,MSO,MT,ANM,WE,Federal Contract Tower,33,11,12,0,56,0,2,9,0,11,33,13,21,0,67,0,0,0,67
04/23/2021,MSO,MT,ANM,WE,Federal Contract Tower,30,8,14,0,52,0,4,23,0,27,30,12,37,0,79,20,0,20,99
04/24/2021,MSO,MT,ANM,WE,Federal Contract Tower,26,3,3,0,32,0,0,19,0,19,26,3,22,0,51,36,0,36,87
04/25/2021,MSO,MT,ANM,WE,Federal Contract Tower,33,1,9,0,43,0,0,2,0,2,33,1,11,0,45,20,0,20,65
04/26/2021,MSO,MT,ANM,WE,Federal Contract Tower,30,5,10,0,45,0,9,19,0,28,30,14,29,0,73,30,0,30,103
04/27/2021,MSO,MT,ANM,WE,Federal Contract Tower,27,11,13,0,51,0,6,62,0,68,27,17,75,0,119,12,0,12,131
04/28/2021,MSO,MT,ANM,WE,Federal Contract Tower,29,9,9,1,48,0,2,39,0,41,29,11,48,1,89,34,2,36,125
04/29/2021,MSO,MT,ANM,WE,Federal Contract Tower,32,12,7,1,52,0,10,52,2,64,32,22,59,3,116,26,8,34,150
04/30/2021,MSO,MT,ANM,WE,Federal Contract Tower,28,8,14,0,50,0,6,38,0,44,28,14,52,0,94,22,0,22,116
05/01/2021,MSO,MT,ANM,WE,Federal Contract Tower,29,7,11,0,47,0,5,23,0,28,29,12,34,0,75,38,0,38,113
05/02/2021,MSO,MT,ANM,WE,Federal Contract Tower,33,3,7,0,43,0,8,18,0,26,33,11,25,0,69,10,0,10,79
05/03/2021,MSO,MT,ANM,WE,Federal Contract Tower,29,13,13,0,55,0,15,19,0,34,29,28,32,0,89,30,0,30,119
05/04/2021,MSO,MT,ANM,WE,Federal Contract Tower,27,16,8,0,51,0,16,40,0,56,27,32,48,0,107,82,0,82,189
05/05/2021,MSO,MT,ANM,WE,Federal Contract Tower,31,12,11,0,54,0,6,58,0,64,31,18,69,0,118,54,0,54,172
05/06/2021,MSO,MT,ANM,WE,Federal Contract Tower,33,14,13,0,60,0,7,47,0,54,33,21,60,0,114,32,0,32,146
05/07/2021,MSO,MT,ANM,WE,Federal Contract Tower,32,12,20,1,65,0,5,12,0,17,32,17,32,1,82,8,0,8,90
05/08/2021,MSO,MT,ANM,WE,Federal Contract Tower,33,5,19,0,57,0,3,16,0,19,33,8,35,0,76,14,0,14,90
05/09/2021,MSO,MT,ANM,WE,Federal Contract Tower,36,4,13,1,54,0,3,20,0,23,36,7,33,1,77,46,0,46,123
05/10/2021,MSO,MT,ANM,WE,Federal Contract Tower,32,4,14,0,50,0,7,22,0,29,32,11,36,0,79,64,0,64,143
05/11/2021,MSO,MT,ANM,WE,Federal Contract Tower,27,10,14,0,51,0,10,56,3,69,27,20,70,3,120,46,2,48,168
05/12/2021,MSO,MT,ANM,WE,Federal Contract Tower,25,14,19,0,58,0,1,60,0,61,25,15,79,0,119,26,0,26,145
05/13/2021,MSO,MT,ANM,WE,Federal Contract Tower,37,16,27,2,82,0,8,53,0,61,37,24,80,2,143,36,0,36,179
05/14/2021,MSO,MT,ANM,WE,Federal Contract Tower,35,10,24,0,69,0,5,59,0,64,35,15,83,0,133,40,0,40,173
05/15/2021,MSO,MT,ANM,WE,Federal Contract Tower,29,8,13,0,50,0,2,69,0,71,29,10,82,0,121,26,0,26,147
05/16/2021,MSO,MT,ANM,WE,Federal Contract Tower,38,9,21,0,68,0,1,49,0,50,38,10,70,0,118,26,0,26,144
05/17/2021,MSO,MT,ANM,WE,Federal Contract Tower,32,9,10,1,52,0,3,44,5,52,32,12,54,6,104,32,2,34,138
05/18/2021,MSO,MT,ANM,WE,Federal Contract Tower,31,16,16,1,64,0,6,35,0,41,31,22,51,1,105,64,0,64,169
05/19/2021,MSO,MT,ANM,WE,Federal Contract Tower,29,15,12,0,56,0,3,17,0,20,29,18,29,0,76,56,0,56,132
05/20/2021,MSO,MT,ANM,WE,Federal Contract Tower,35,18,24,0,77,0,0,4,0,4,35,18,28,0,81,0,0,0,81
05/21/2021,MSO,MT,ANM,WE,Federal Contract Tower,33,16,20,0,69,0,4,24,0,28,33,20,44,0,97,26,0,26,123
05/22/2021,MSO,MT,ANM,WE,Federal Contract Tower,36,10,11,0,57,0,1,46,2,49,36,11,57,2,106,46,0,46,152
05/23/2021,MSO,MT,ANM,WE,Federal Contract Tower,41,8,15,0,64,0,0,0,0,0,41,8,15,0,64,0,0,0,64
05/24/2021,MSO,MT,ANM,WE,Federal Contract Tower,34,9,17,0,60,0,3,10,2,15,34,12,27,2,75,0,0,0,75
05/25/2021,MSO,MT,ANM,WE,Federal Contract Tower,30,17,14,3,64,0,2,27,0,29,30,19,41,3,93,20,14,34,127
05/26/2021,MSO,MT,ANM,WE,Federal Contract Tower,32,28,14,0,74,0,2,16,0,18,32,30,30,0,92,10,0,10,102
05/27/2021,MSO,MT,ANM,WE,Federal Contract Tower,41,13,23,0,77,0,6,90,0,96,41,19,113,0,173,38,0,38,211
05/28/2021,MSO,MT,ANM,WE,Federal Contract Tower,37,15,21,0,73,0,10,30,0,40,37,25,51,0,113,34,0,34,147
05/29/2021,MSO,MT,ANM,WE,Federal Contract Tower,43,7,12,0,62,0,17,67,0,84,43,24,79,0,146,52,0,52,198
05/30/2021,MSO,MT,ANM,WE,Federal Contract Tower,43,4,8,0,55,0,7,40,0,47,43,11,48,0,102,30,0,30,132
05/31/2021,MSO,MT,ANM,WE,Federal Contract Tower,34,17,20,0,71,0,5,45,0,50,34,22,65,0,121,40,0,40,161
06/01/2021,MSO,MT,ANM,WE,Federal Contract Tower,31,14,17,0,62,0,7,46,0,53,31,21,63,0,115,24,0,24,139
06/02/2021,MSO,MT,ANM,WE,Federal Contract Tower,32,20,15,7,74,0,14,73,3,90,32,34,88,10,164,56,14,70,234
06/03/2021,MSO,MT,ANM,WE,Federal Contract Tower,44,16,23,0,83,0,5,50,0,55,44,21,73,0,138,74,0,74,212
06/04/2021,MSO,MT,ANM,WE,Federal Contract Tower,47,13,23,0,83,0,24,76,0,100,47,37,99,0,183,36,0,36,219
06/05/2021,MSO,MT,ANM,WE,Federal Contract Tower,49,9,20,0,78,0,2,35,0,37,49,11,55,0,115,44,0,44,159
06/06/2021,MSO,MT,ANM,WE,Federal Contract Tower,43,14,20,2,79,0,7,35,0,42,43,21,55,2,121,56,0,56,177
06/07/2021,MSO,MT,ANM,WE,Federal Contract Tower,37,24,22,0,83,0,4,57,0,61,37,28,79,0,144,6,0,6,150
06/08/2021,MSO,MT,ANM,WE,Federal Contract Tower,35,23,8,4,70,0,9,31,0,40,35,32,39,4,110,28,0,28,138
06/09/2021,MSO,MT,ANM,WE,Federal Contract Tower,41,18,10,0,69,0,6,21,0,27,41,24,31,0,96,26,0,26,122
06/10/2021,MSO,MT,ANM,WE,Federal Contract Tower,48,27,18,0,93,0,0,7,0,7,48,27,25,0,100,4,0,4,104
06/11/2021,MSO,MT,ANM,WE,Federal Contract Tower,43,15,31,0,89,0,16,66,5,87,43,31,97,5,176,42,0,42,218
06/12/2021,MSO,MT,ANM,WE,Federal Contract Tower,48,24,18,0,90,0,18,59,0,77,48,42,77,0,167,68,0,68,235
06/13/2021,MSO,MT,ANM,WE,Federal Contract Tower,39,21,15,0,75,0,10,46,0,56,39,31,61,0,131,36,0,36,167
06/14/2021,MSO,MT,ANM,WE,Federal Contract Tower,41,32,12,5,90,0,8,27,3,38,41,40,39,8,128,14,18,32,160
06/15/2021,MSO,MT,ANM,WE,Federal Contract Tower,38,23,18,0,79,0,7,28,0,35,38,30,46,0,114,24,0,24,138
06/16/2021,MSO,MT,ANM,WE,Federal Contract Tower,37,18,21,2,78,0,4,43,0,47,37,22,64,2,125,20,0,20,145
06/17/2021,MSO,MT,ANM,WE,Federal Contract Tower,43,22,30,0,95,0,13,60,0,73,43,35,90,0,168,26,0,26,194
06/18/2021,MSO,MT,ANM,WE,Federal Contract Tower,45,24,30,0,99,0,9,92,0,101,45,33,122,0,200,10,0,10,210
06/19/2021,MSO,MT,ANM,WE,Federal Contract Tower,47,27,11,0,85,0,0,31,0,31,47,27,42,0,116,0,0,0,116
06/20/2021,MSO,MT,ANM,WE,Federal Contract Tower,52,22,25,0,99,0,4,14,0,18,52,26,39,0,117,6,0,6,123
06/21/2021,MSO,MT,ANM,WE,Federal Contract Tower,40,18,34,0,92,0,3,43,0,46,40,21,77,0,138,4,0,4,142
06/22/2021,MSO,MT,ANM,WE,Federal Contract Tower,34,29,26,1,90,0,4,32,1,37,34,33,58,2,127,6,0,6,133
06/23/2021,MSO,MT,ANM,WE,Federal Contract Tower,43,16,35,2,96,0,3,57,0,60,43,19,92,2,156,12,10,22,178
06/24/2021,MSO,MT,ANM,WE,Federal Contract Tower,45,22,26,0,93,0,3,55,0,58,45,25,81,0,151,24,0,24,175
06/25/2021,MSO,MT,ANM,WE,Federal Contract Tower,41,17,19,0,77,0,8,71,0,79,41,25,90,0,156,74,0,74,230
06/26/2021,MSO,MT,ANM,WE,Federal Contract Tower,45,15,21,0,81,0,3,49,0,52,45,18,70,0,133,12,0,12,145
06/27/2021,MSO,MT,ANM,WE,Federal Contract Tower,41,21,27,1,90,0,6,61,1,68,41,27,88,2,158,36,0,36,194
06/28/2021,MSO,MT,ANM,WE,Federal Contract Tower,37,18,18,0,73,0,2,55,0,57,37,20,73,0,130,4,0,4,134
06/29/2021,MSO,MT,ANM,WE,Federal Contract Tower,35,23,17,3,78,0,4,31,2,37,35,27,48,5,115,10,12,22,137
06/30/2021,MSO,MT,ANM,WE,Federal Contract Tower,40,16,26,0,82,0,3,45,0,48,40,19,71,0,130,18,0,18,148
07/01/2021,MSO,MT,ANM,WE,Federal Contract Tower,42,28,22,0,92,0,6,45,0,51,42,34,67,0,143,28,0,28,171
07/02/2021,MSO,MT,ANM,WE,Federal Contract Tower,36,26,30,0,92,0,7,82,0,89,36,33,112,0,181,4,0,4,185
07/03/2021,MSO,MT,ANM,WE,Federal Contract Tower,45,11,11,2,69,0,12,58,0,70,45,23,69,2,139,24,0,24,163
07/04/2021,MSO,MT,ANM,WE,Federal Contract Tower,45,10,4,0,59,0,6,36,0,42,45,16,40,0,101,6,0,6,107
07/05/2021,MSO,MT,ANM,WE,Federal Contract Tower,36,14,26,0,76,0,4,70,3,77,36,18,96,3,153,0,0,0,153
07/06/2021,MSO,MT,ANM,WE,Federal Contract Tower,42,22,19,0,83,0,0,75,0,75,42,22,94,0,158,20,0,20,178
07/07/2021,MSO,MT,ANM,WE,Federal Contract Tower,41,21,17,3,82,0,8,84,0,92,41,29,101,3,174,2,6,8,182
07/08/2021,MSO,MT,ANM,WE,Federal Contract Tower,44,31,20,2,97,0,3,133,0,136,44,34,153,2,233,32,0,32,265
07/09/2021,MSO,MT,ANM,WE,Federal Contract Tower,43,21,17,0,81,0,8,89,2,99,43,29,106,2,180,28,0,28,208
07/10/2021,MSO,MT,ANM,WE,Federal Contract Tower,44,18,14,0,76,0,1,117,0,118,44,19,131,0,194,6,0,6,200
07/11/2021,MSO,MT,ANM,WE,Federal Contract Tower,47,23,15,0,85,0,9,93,0,102,47,32,108,0,187,20,0,20,207
07/12/2021,MSO,MT,ANM,WE,Federal Contract Tower,41,26,23,0,90,0,6,55,0,61,41,32,78,0,151,26,0,26,177
07/14/2021,MSO,MT,ANM,WE,Federal Contract Tower,34,23,22,0,79,0,6,104,0,110,34,29,126,0,189,20,0,20,209
07/15/2021,MSO,MT,ANM,WE,Federal Contract Tower,44,18,23,0,85,0,9,123,0,132,44,27,146,0,217,24,0,24,241
07/16/2021,MSO,MT,ANM,WE,Federal Contract Tower,43,23,20,0,86,0,2,109,0,111,43,25,129,0,197,22,0,22,219
07/17/2021,MSO,MT,ANM,WE,Federal Contract Tower,43,24,28,0,95,0,4,79,0,83,43,28,107,0,178,36,0,36,214
07/18/2021,MSO,MT,ANM,WE,Federal Contract Tower,42,23,20,0,85,0,13,98,0,111,42,36,118,0,196,26,0,26,222
07/19/2021,MSO,MT,ANM,WE,Federal Contract Tower,41,13,22,0,76,0,2,24,0,26,41,15,46,0,102,6,0,6,108
07/20/2021,MSO,MT,ANM,WE,Federal Contract Tower,40,22,23,0,85,0,30,33,0,63,40,52,56,0,148,40,0,40,188
07/21/2021,MSO,MT,ANM,WE,Federal Contract Tower,40,19,18,0,77,0,9,70,0,79,40,28,88,0,156,26,0,26,182
07/22/2021,MSO,MT,ANM,WE,Federal Contract Tower,40,21,25,0,86,0,8,75,0,83,40,29,100,0,169,42,0,42,211
07/23/2021,MSO,MT,ANM,WE,Federal Contract Tower,40,20,19,0,79,0,11,73,0,84,40,31,92,0,163,14,0,14,177
07/24/2021,MSO,MT,ANM,WE,Federal Contract Tower,46,23,19,0,88,0,5,73,0,78,46,28,92,0,166,54,0,54,220
07/25/2021,MSO,MT,ANM,WE,Federal Contract Tower,42,15,17,0,74,0,5,77,0,82,42,20,94,0,156,56,0,56,212
07/26/2021,MSO,MT,ANM,WE,Federal Contract Tower,39,16,20,0,75,0,13,28,0,41,39,29,48,0,116,34,0,34,150
07/27/2021,MSO,MT,ANM,WE,Federal Contract Tower,37,21,16,0,74,0,6,44,0,50,37,27,60,0,124,52,0,52,176
07/28/2021,MSO,MT,ANM,WE,Federal Contract Tower,40,18,17,0,75,0,1,74,0,75,40,19,91,0,150,38,0,38,188
07/29/2021,MSO,MT,ANM,WE,Federal Contract Tower,43,21,15,0,79,0,6,70,0,76,43,27,85,0,155,102,0,102,257
07/30/2021,MSO,MT,ANM,WE,Federal Contract Tower,42,20,23,0,85,0,1,74,0,75,42,21,97,0,160,36,0,36,196
07/31/2021,MSO,MT,ANM,WE,Federal Contract Tower,46,15,15,0,76,0,11,68,2,81,46,26,83,2,157,30,0,30,187
08/01/2021,MSO,MT,ANM,WE,Federal Contract Tower,40,15,21,0,76,0,3,77,8,88,40,18,98,8,164,6,0,6,170
08/02/2021,MSO,MT,ANM,WE,Federal Contract Tower,40,12,18,1,71,0,2,13,0,15,40,14,31,1,86,6,0,6,92
08/03/2021,MSO,MT,ANM,WE,Federal Contract Tower,39,19,22,0,80,0,0,17,0,17,39,19,39,0,97,52,0,52,149
08/04/2021,MSO,MT,ANM,WE,Federal Contract Tower,38,19,18,1,76,0,4,71,0,75,38,23,89,1,151,44,0,44,195
08/05/2021,MSO,MT,ANM,WE,Federal Contract Tower,42,17,16,0,75,0,9,49,0,58,42,26,65,0,133,20,0,20,153
08/07/2021,MSO,MT,ANM,WE,Federal Contract Tower,48,14,17,0,79,0,4,85,0,89,48,18,102,0,168,56,0,56,224
08/08/2021,MSO,MT,ANM,WE,Federal Contract Tower,41,29,34,3,107,0,0,0,0,0,41,29,34,3,107,0,0,0,107
08/09/2021,MSO,MT,ANM,WE,Federal Contract Tower,38,18,13,1,70,0,6,23,0,29,38,24,36,1,99,16,0,16,115
08/10/2021,MSO,MT,ANM,WE,Federal Contract Tower,37,25,16,0,78,0,12,48,0,60,37,37,64,0,138,58,0,58,196
08/11/2021,MSO,MT,ANM,WE,Federal Contract Tower,38,22,19,0,79,0,8,71,0,79,38,30,90,0,158,80,0,80,238
08/12/2021,MSO,MT,ANM,WE,Federal Contract Tower,46,17,17,2,82,0,7,90,0,97,46,24,107,2,179,46,0,46,225
08/13/2021,MSO,MT,ANM,WE,Federal Contract Tower,41,14,34,0,89,0,7,39,0,46,41,21,73,0,135,32,0,32,167
08/14/2021,MSO,MT,ANM,WE,Federal Contract Tower,40,25,18,0,83,0,0,46,0,46,40,25,64,0,129,0,0,0,129
08/15/2021,MSO,MT,ANM,WE,Federal Contract Tower,40,16,39,0,95,0,1,14,0,15,40,17,53,0,110,0,0,0,110
08/16/2021,MSO,MT,ANM,WE,Federal Contract Tower,41,21,21,0,83,0,5,32,0,37,41,26,53,0,120,28,0,28,148
08/17/2021,MSO,MT,ANM,WE,Federal Contract Tower,32,18,29,0,79,0,3,39,0,42,32,21,68,0,121,22,0,22,143
08/18/2021,MSO,MT,ANM,WE,Federal Contract Tower,40,17,19,0,76,0,4,21,0,25,40,21,40,0,101,86,0,86,187
08/19/2021,MSO,MT,ANM,WE,Federal Contract Tower,39,17,24,0,80,0,7,50,1,58,39,24,74,1,138,20,1,21,159
08/20/2021,MSO,MT,ANM,WE,Federal Contract Tower,40,18,19,0,77,0,8,55,8,71,40,26,74,8,148,50,0,50,198
08/21/2021,MSO,MT,ANM,WE,Federal Contract Tower,50,17,13,0,80,0,8,12,0,20,50,25,25,0,100,34,0,34,134
08/22/2021,MSO,MT,ANM,WE,Federal Contract Tower,39,8,18,0,65,1,4,36,0,41,40,12,54,0,106,28,0,28,134
08/23/2021,MSO,MT,ANM,WE,Federal Contract Tower,34,26,12,0,72,0,0,37,1,38,34,26,49,1,110,46,2,48,158
08/24/2021,MSO,MT,ANM,WE,Federal Contract Tower,34,22,12,0,68,0,0,60,2,62,34,22,72,2,130,42,0,42,172
08/25/2021,MSO,MT,ANM,WE,Federal Contract Tower,34,17,24,3,78,0,0,49,5,54,34,17,73,8,132,12,18,30,162
08/26/2021,MSO,MT,ANM,WE,Federal Contract Tower,38,18,17,0,73,0,2,44,0,46,38,20,61,0,119,46,0,46,165
08/27/2021,MSO,MT,ANM,WE,Federal Contract Tower,39,14,25,0,78,0,5,19,0,24,39,19,44,0,102,76,0,76,178
08/28/2021,MSO,MT,ANM,WE,Federal Contract Tower,47,17,20,0,84,0,12,47,0,59,47,29,67,0,143,26,0,26,169
08/29/2021,MSO,MT,ANM,WE,Federal Contract Tower,38,16,20,0,74,0,11,64,0,75,38,27,84,0,149,36,0,36,185
08/30/2021,MSO,MT,ANM,WE,Federal Contract Tower,36,18,29,9,92,0,1,40,4,45,36,19,69,13,137,46,22,68,205
08/31/2021,MSO,MT,ANM,WE,Federal Contract Tower,37,27,12,0,76,0,4,48,0,52,37,31,60,0,128,32,0,32,160
09/01/2021,MSO,MT,ANM,WE,Federal Contract Tower,36,20,22,0,78,0,1,75,0,76,36,21,97,0,154,72,0,72,226
09/02/2021,MSO,MT,ANM,WE,Federal Contract Tower,45,18,18,0,81,0,11,37,0,48,45,29,55,0,129,30,0,30,159
09/03/2021,MSO,MT,ANM,WE,Federal Contract Tower,38,17,29,0,84,0,2,83,0,85,38,19,112,0,169,12,0,12,181
09/04/2021,MSO,MT,ANM,WE,Federal Contract Tower,44,10,24,0,78,0,0,83,2,85,44,10,107,2,163,0,0,0,163
09/05/2021,MSO,MT,ANM,WE,Federal Contract Tower,41,13,12,0,66,0,10,54,0,64,41,23,66,0,130,24,0,24,154
09/06/2021,MSO,MT,ANM,WE,Federal Contract Tower,34,16,25,0,75,0,0,70,0,70,34,16,95,0,145,0,0,0,145
09/07/2021,MSO,MT,ANM,WE,Federal Contract Tower,35,20,23,0,78,0,11,71,2,84,35,31,94,2,162,0,0,0,162
09/08/2021,MSO,MT,ANM,WE,Federal Contract Tower,31,18,26,2,77,0,5,66,2,73,31,23,92,4,150,32,6,38,188
09/09/2021,MSO,MT,ANM,WE,Federal Contract Tower,36,17,22,0,75,0,0,21,0,21,36,17,43,0,96,22,0,22,118
09/10/2021,MSO,MT,ANM,WE,Federal Contract Tower,31,33,25,0,89,0,2,17,0,19,31,35,42,0,108,0,0,0,108
09/11/2021,MSO,MT,ANM,WE,Federal Contract Tower,30,19,20,0,69,0,3,38,0,41,30,22,58,0,110,22,0,22,132
09/12/2021,MSO,MT,ANM,WE,Federal Contract Tower,33,19,25,0,77,0,6,28,6,40,33,25,53,6,117,12,0,12,129
09/13/2021,MSO,MT,ANM,WE,Federal Contract Tower,30,18,22,9,79,0,7,20,3,30,30,25,42,12,109,0,16,16,125
09/14/2021,MSO,MT,ANM,WE,Federal Contract Tower,28,14,19,2,63,0,8,69,1,78,28,22,88,3,141,36,22,58,199
09/15/2021,MSO,MT,ANM,WE,Federal Contract Tower,31,12,17,4,64,0,10,34,0,44,31,22,51,4,108,6,2,8,116
09/16/2021,MSO,MT,ANM,WE,Federal Contract Tower,35,17,37,6,95,0,3,59,0,62,35,20,96,6,157,43,0,43,200
09/17/2021,MSO,MT,ANM,WE,Federal Contract Tower,34,18,24,0,76,0,7,68,1,76,34,25,92,1,152,34,0,34,186
09/18/2021,MSO,MT,ANM,WE,Federal Contract Tower,31,13,13,1,58,0,3,39,0,42,31,16,52,1,100,10,8,18,118
09/19/2021,MSO,MT,ANM,WE,Federal Contract Tower,33,15,20,0,68,0,7,26,0,33,33,22,46,0,101,16,0,16,117
09/20/2021,MSO,MT,ANM,WE,Federal Contract Tower,28,10,21,0,59,0,1,8,0,9,28,11,29,0,68,0,0,0,68
09/21/2021,MSO,MT,ANM,WE,Federal Contract Tower,25,22,17,2,66,0,0,32,0,32,25,22,49,2,98,20,2,22,120
09/22/2021,MSO,MT,ANM,WE,Federal Contract Tower,30,15,21,4,70,0,7,54,0,61,30,22,75,4,131,76,0,76,207
09/23/2021,MSO,MT,ANM,WE,Federal Contract Tower,37,13,18,2,70,0,6,31,2,39,37,19,49,4,109,16,4,20,129
09/24/2021,MSO,MT,ANM,WE,Federal Contract Tower,35,12,24,3,74,0,8,76,1,85,35,20,100,4,159,16,2,18,177
09/25/2021,MSO,MT,ANM,WE,Federal Contract Tower,23,9,13,0,45,0,6,87,0,93,23,15,100,0,138,40,0,40,178
09/26/2021,MSO,MT,ANM,WE,Federal Contract Tower,31,19,21,0,71,0,4,64,0,68,31,23,85,0,139,48,0,48,187
09/27/2021,MSO,MT,ANM,WE,Federal Contract Tower,26,17,20,0,63,0,7,43,0,50,26,24,63,0,113,16,2,18,131
09/29/2021,MSO,MT,ANM,WE,Federal Contract Tower,32,13,13,5,63,0,4,72,0,76,32,17,85,5,139,46,0,46,185
09/30/2021,MSO,MT,ANM,WE,Federal Contract Tower,35,23,36,0,94,0,8,100,0,108,35,31,136,0,202,54,0,54,256
10/01/2021,MSO,MT,ANM,WE,Federal Contract Tower,32,17,13,0,62,0,0,56,2,58,32,17,69,2,120,38,0,38,158
10/02/2021,MSO,MT,ANM,WE,Federal Contract Tower,33,8,14,0,55,0,2,74,0,76,33,10,88,0,131,6,0,6,137
10/03/2021,MSO,MT,ANM,WE,Federal Contract Tower,28,12,20,0,60,0,5,39,0,44,28,17,59,0,104,24,0,24,128
10/04/2021,MSO,MT,ANM,WE,Federal Contract Tower,31,9,12,0,52,0,3,41,0,44,31,12,53,0,96,30,0,30,126
10/05/2021,MSO,MT,ANM,WE,Federal Contract Tower,24,16,3,1,44,0,3,45,3,51,24,19,48,4,95,68,0,68,163
10/06/2021,MSO,MT,ANM,WE,Federal Contract Tower,25,11,16,0,52,0,0,42,0,42,25,11,58,0,94,6,0,6,100
10/07/2021,MSO,MT,ANM,WE,Federal Contract Tower,23,10,16,0,49,0,9,22,0,31,23,19,38,0,80,36,0,36,116
10/08/2021,MSO,MT,ANM,WE,Federal Contract Tower,25,13,20,0,58,0,7,63,1,71,25,20,83,1,129,64,0,64,193
10/09/2021,MSO,MT,ANM,WE,Federal Contract Tower,22,5,17,0,44,0,1,50,0,51,22,6,67,0,95,82,0,82,177
10/10/2021,MSO,MT,ANM,WE,Federal Contract Tower,22,14,23,0,59,0,2,19,0,21,22,16,42,0,80,82,0,82,162
10/11/2021,MSO,MT,ANM,WE,Federal Contract Tower,21,11,30,0,62,0,5,11,0,16,21,16,41,0,78,14,0,14,92
10/12/2021,MSO,MT,ANM,WE,Federal Contract Tower,19,17,19,4,59,0,5,34,0,39,19,22,53,4,98,8,8,16,114
10/13/2021,MSO,MT,ANM,WE,Federal Contract Tower,19,7,34,0,60,0,7,38,0,45,19,14,72,0,105,38,0,38,143
10/14/2021,MSO,MT,ANM,WE,Federal Contract Tower,21,15,28,0,64,0,9,14,0,23,21,24,42,0,87,18,0,18,105
10/15/2021,MSO,MT,ANM,WE,Federal Contract Tower,20,16,11,0,47,0,14,49,0,63,20,30,60,0,110,70,0,70,180
10/16/2021,MSO,MT,ANM,WE,Federal Contract Tower,20,10,25,0,55,0,6,52,0,58,20,16,77,0,113,18,0,18,131
10/17/2021,MSO,MT,ANM,WE,Federal Contract Tower,19,5,21,0,45,0,3,84,0,87,19,8,105,0,132,54,0,54,186
10/18/2021,MSO,MT,ANM,WE,Federal Contract Tower,21,5,17,0,43,0,10,27,0,37,21,15,44,0,80,20,0,20,100
10/19/2021,MSO,MT,ANM,WE,Federal Contract Tower,19,11,23,0,53,0,2,43,0,45,19,13,66,0,98,8,0,8,106
10/20/2021,MSO,MT,ANM,WE,Federal Contract Tower,18,17,16,2,53,0,6,37,0,43,18,23,53,2,96,38,0,38,134
10/21/2021,MSO,MT,ANM,WE,Federal Contract Tower,20,14,22,0,56,0,8,35,0,43,20,22,57,0,99,16,0,16,115
10/23/2021,MSO,MT,ANM,WE,Federal Contract Tower,17,4,7,0,28,0,4,24,0,28,17,8,31,0,56,4,0,4,60
10/24/2021,MSO,MT,ANM,WE,Federal Contract Tower,22,8,14,2,46,0,4,24,0,28,22,12,38,2,74,42,0,42,116
10/25/2021,MSO,MT,ANM,WE,Federal Contract Tower,19,12,12,0,43,0,0,0,0,0,19,12,12,0,43,0,0,0,43
10/26/2021,MSO,MT,ANM,WE,Federal Contract Tower,19,23,21,0,63,0,1,14,0,15,19,24,35,0,78,6,0,6,84
10/27/2021,MSO,MT,ANM,WE,Federal Contract Tower,18,16,13,4,51,0,3,8,0,11,18,19,21,4,62,20,0,20,82
10/28/2021,MSO,MT,ANM,WE,Federal Contract Tower,23,13,16,0,52,0,3,20,0,23,23,16,36,0,75,60,0,60,135
10/29/2021,MSO,MT,ANM,WE,Federal Contract Tower,22,11,13,0,46,0,2,5,0,7,22,13,18,0,53,16,0,16,69
10/30/2021,MSO,MT,ANM,WE,Federal Contract Tower,21,6,13,0,40,0,0,56,2,58,21,6,69,2,98,30,0,30,128
10/31/2021,MSO,MT,ANM,WE,Federal Contract Tower,21,2,10,0,33,0,4,28,0,32,21,6,38,0,65,22,0,22,87
11/01/2021,MSO,MT,ANM,WE,Federal Contract Tower,21,14,12,4,51,0,5,16,0,21,21,19,28,4,72,18,0,18,90
11/02/2021,MSO,MT,ANM,WE,Federal Contract Tower,19,13,7,0,39,0,2,20,2,24,19,15,27,2,63,20,0,20,83
11/03/2021,MSO,MT,ANM,WE,Federal Contract Tower,19,12,2,0,33,0,5,40,0,45,19,17,42,0,78,38,0,38,116
11/04/2021,MSO,MT,ANM,WE,Federal Contract Tower,21,20,13,14,68,0,3,13,0,16,21,23,26,14,84,14,12,26,110
11/06/2021,MSO,MT,ANM,WE,Federal Contract Tower,21,6,10,0,37,0,5,16,0,21,21,11,26,0,58,10,0,10,68
11/07/2021,MSO,MT,ANM,WE,Federal Contract Tower,22,5,11,2,40,0,4,26,0,30,22,9,37,2,70,54,0,54,124
11/08/2021,MSO,MT,ANM,WE,Federal Contract Tower,22,4,20,0,46,0,4,22,0,26,22,8,42,0,72,6,0,6,78
11/10/2021,MSO,MT,ANM,WE,Federal Contract Tower,18,6,8,0,32,0,7,15,0,22,18,13,23,0,54,22,0,22,76
11/11/2021,MSO,MT,ANM,WE,Federal Contract Tower,23,11,22,0,56,0,0,1,0,1,23,11,23,0,57,0,0,0,57
11/12/2021,MSO,MT,ANM,WE,Federal Contract Tower,18,11,9,0,38,0,0,3,0,3,18,11,12,0,41,14,0,14,55
11/13/2021,MSO,MT,ANM,WE,Federal Contract Tower,20,5,13,0,38,0,5,36,0,41,20,10,49,0,79,102,0,102,181
11/14/2021,MSO,MT,ANM,WE,Federal Contract Tower,21,7,5,0,33,0,4,9,0,13,21,11,14,0,46,20,0,20,66
11/15/2021,MSO,MT,ANM,WE,Federal Contract Tower,19,8,18,6,51,0,8,16,1,25,19,16,34,7,76,30,2,32,108
11/16/2021,MSO,MT,ANM,WE,Federal Contract Tower,21,13,16,0,50,0,2,0,0,2,21,15,16,0,52,6,0,6,58
11/17/2021,MSO,MT,ANM,WE,Federal Contract Tower,19,11,14,0,44,0,5,45,0,50,19,16,59,0,94,16,0,16,110
11/18/2021,MSO,MT,ANM,WE,Federal Contract Tower,24,10,15,2,51,0,4,28,0,32,24,14,43,2,83,28,0,28,111
11/19/2021,MSO,MT,ANM,WE,Federal Contract Tower,25,13,18,4,60,0,0,0,0,0,25,13,18,4,60,0,0,0,60
11/20/2021,MSO,MT,ANM,WE,Federal Contract Tower,21,8,26,0,55,0,7,30,2,39,21,15,56,2,94,68,0,68,162
11/21/2021,MSO,MT,ANM,WE,Federal Contract Tower,24,3,14,0,41,0,2,25,0,27,24,5,39,0,68,38,0,38,106
11/22/2021,MSO,MT,ANM,WE,Federal Contract Tower,23,6,13,2,44,0,6,47,0,53,23,12,60,2,97,38,0,38,135
11/23/2021,MSO,MT,ANM,WE,Federal Contract Tower,26,15,10,6,57,0,0,4,0,4,26,15,14,6,61,6,0,6,67
11/24/2021,MSO,MT,ANM,WE,Federal Contract Tower,21,17,14,0,52,0,8,21,0,29,21,25,35,0,81,14,0,14,95
11/25/2021,MSO,MT,ANM,WE,Federal Contract Tower,12,2,1,0,15,0,4,5,0,9,12,6,6,0,24,6,0,6,30
11/26/2021,MSO,MT,ANM,WE,Federal Contract Tower,21,13,7,0,41,0,0,4,0,4,21,13,11,0,45,0,0,0,45
11/27/2021,MSO,MT,ANM,WE,Federal Contract Tower,23,13,9,0,45,0,2,36,0,38,23,15,45,0,83,57,0,57,140
11/28/2021,MSO,MT,ANM,WE,Federal Contract Tower,25,17,19,0,61,0,0,14,0,14,25,17,33,0,75,50,0,50,125
11/29/2021,MSO,MT,ANM,WE,Federal Contract Tower,25,13,14,0,52,0,4,2,0,6,25,17,16,0,58,16,0,16,74
11/30/2021,MSO,MT,ANM,WE,Federal Contract Tower,21,13,13,0,47,0,6,7,0,13,21,19,20,0,60,0,0,0,60
12/01/2021,MSO,MT,ANM,WE,Federal Contract Tower,18,17,9,0,44,0,3,10,0,13,18,20,19,0,57,10,2,12,69
12/02/2021,MSO,MT,ANM,WE,Federal Contract Tower,21,12,16,0,49,0,0,0,0,0,21,12,16,0,49,0,0,0,49
12/03/2021,MSO,MT,ANM,WE,Federal Contract Tower,21,14,8,0,43,0,5,37,0,42,21,19,45,0,85,40,0,40,125
12/04/2021,MSO,MT,ANM,WE,Federal Contract Tower,16,9,4,0,29,0,0,9,0,9,16,9,13,0,38,22,0,22,60
12/05/2021,MSO,MT,ANM,WE,Federal Contract Tower,22,7,2,0,31,0,4,20,0,24,22,11,22,0,55,36,0,36,91
12/06/2021,MSO,MT,ANM,WE,Federal Contract Tower,18,8,14,0,40,0,3,0,0,3,18,11,14,0,43,0,0,0,43
12/07/2021,MSO,MT,ANM,WE,Federal Contract Tower,19,11,16,1,47,0,1,10,0,11,19,12,26,1,58,36,20,56,114
12/08/2021,MSO,MT,ANM,WE,Federal Contract Tower,16,11,11,0,38,0,0,6,0,6,16,11,17,0,44,4,0,4,48
12/09/2021,MSO,MT,ANM,WE,Federal Contract Tower,26,10,8,0,44,0,3,10,0,13,26,13,18,0,57,16,0,16,73
12/10/2021,MSO,MT,ANM,WE,Federal Contract Tower,20,18,11,0,49,0,0,14,0,14,20,18,25,0,63,46,0,46,109
12/11/2021,MSO,MT,ANM,WE,Federal Contract Tower,17,6,1,0,24,0,0,0,0,0,17,6,1,0,24,0,0,0,24
12/12/2021,MSO,MT,ANM,WE,Federal Contract Tower,23,7,4,0,34,0,0,0,0,0,23,7,4,0,34,0,0,0,34
12/13/2021,MSO,MT,ANM,WE,Federal Contract Tower,21,6,9,0,36,0,0,3,0,3,21,6,12,0,39,0,0,0,39
12/14/2021,MSO,MT,ANM,WE,Federal Contract Tower,19,16,6,0,41,0,2,0,0,2,19,18,6,0,43,0,0,0,43
12/15/2021,MSO,MT,ANM,WE,Federal Contract Tower,19,12,7,6,44,0,4,33,0,37,19,16,40,6,81,38,14,52,133
12/16/2021,MSO,MT,ANM,WE,Federal Contract Tower,24,14,18,0,56,0,0,6,0,6,24,14,24,0,62,30,0,30,92
12/17/2021,MSO,MT,ANM,WE,Federal Contract Tower,23,15,20,0,58,0,9,66,0,75,23,24,86,0,133,40,0,40,173
12/18/2021,MSO,MT,ANM,WE,Federal Contract Tower,22,6,8,0,36,0,3,26,0,29,22,9,34,0,65,94,0,94,159
12/19/2021,MSO,MT,ANM,WE,Federal Contract Tower,25,8,12,0,45,0,0,0,0,0,25,8,12,0,45,0,0,0,45
12/20/2021,MSO,MT,ANM,WE,Federal Contract Tower,21,8,10,0,39,0,0,0,0,0,21,8,10,0,39,0,0,0,39
12/21/2021,MSO,MT,ANM,WE,Federal Contract Tower,23,13,27,0,63,0,0,28,6,34,23,13,55,6,97,8,0,8,105
12/22/2021,MSO,MT,ANM,WE,Federal Contract Tower,22,17,16,1,56,0,7,29,0,36,22,24,45,1,92,48,0,48,140
12/23/2021,MSO,MT,ANM,WE,Federal Contract Tower,25,21,7,0,53,0,0,0,0,0,25,21,7,0,53,0,0,0,53
12/24/2021,MSO,MT,ANM,WE,Federal Contract Tower,16,12,13,0,41,0,12,24,0,36,16,24,37,0,77,12,0,12,89
12/25/2021,MSO,MT,ANM,WE,Federal Contract Tower,17,8,4,0,29,0,9,2,0,11,17,17,6,0,40,0,0,0,40
12/26/2021,MSO,MT,ANM,WE,Federal Contract Tower,11,6,2,0,19,0,1,0,0,1,11,7,2,0,20,0,0,0,20
12/27/2021,MSO,MT,ANM,WE,Federal Contract Tower,19,16,15,0,50,0,1,5,0,6,19,17,20,0,56,14,0,14,70
12/28/2021,MSO,MT,ANM,WE,Federal Contract Tower,19,17,10,0,46,0,0,1,0,1,19,17,11,0,47,0,0,0,47
12/29/2021,MSO,MT,ANM,WE,Federal Contract Tower,25,14,19,0,58,0,0,3,0,3,25,14,22,0,61,6,0,6,67
12/30/2021,MSO,MT,ANM,WE,Federal Contract Tower,24,20,6,0,50,0,0,5,0,5,24,20,11,0,55,20,0,20,75
12/31/2021,MSO,MT,ANM,WE,Federal Contract Tower,18,19,11,0,48,0,5,4,0,9,18,24,15,0,57,8,0,8,65
01/01/2022,MSO,MT,ANM,WE,Federal Contract Tower,16,5,2,0,23,0,4,25,0,29,16,9,27,0,52,48,0,48,100
01/02/2022,MSO,MT,ANM,WE,Federal Contract Tower,27,13,14,0,54,0,8,33,0,41,27,21,47,0,95,34,0,34,129
01/03/2022,MSO,MT,ANM,WE,Federal Contract Tower,22,6,15,0,43,0,2,10,0,12,22,8,25,0,55,18,0,18,73
01/04/2022,MSO,MT,ANM,WE,Federal Contract Tower,19,13,16,0,48,0,0,5,0,5,19,13,21,0,53,70,0,70,123
01/05/2022,MSO,MT,ANM,WE,Federal Contract Tower,12,12,7,3,34,0,0,0,0,0,12,12,7,3,34,0,0,0,34
01/06/2022,MSO,MT,ANM,WE,Federal Contract Tower,12,13,8,0,33,0,0,0,0,0,12,13,8,0,33,0,0,0,33
01/07/2022,MSO,MT,ANM,WE,Federal Contract Tower,16,13,9,0,38,0,2,1,0,3,16,15,10,0,41,0,0,0,41
01/08/2022,MSO,MT,ANM,WE,Federal Contract Tower,15,6,7,0,28,0,1,21,0,22,15,7,28,0,50,46,0,46,96
01/09/2022,MSO,MT,ANM,WE,Federal Contract Tower,22,2,9,0,33,0,6,41,0,47,22,8,50,0,80,130,0,130,210
01/10/2022,MSO,MT,ANM,WE,Federal Contract Tower,20,8,9,0,37,0,2,7,0,9,20,10,16,0,46,16,0,16,62
01/11/2022,MSO,MT,ANM,WE,Federal Contract Tower,18,11,8,0,37,0,4,22,0,26,18,15,30,0,63,85,0,85,148
01/12/2022,MSO,MT,ANM,WE,Federal Contract Tower,16,7,14,0,37,0,0,12,0,12,16,7,26,0,49,80,0,80,129
01/13/2022,MSO,MT,ANM,WE,Federal Contract Tower,8,8,6,0,22,0,0,1,0,1,8,8,7,0,23,0,0,0,23
01/14/2022,MSO,MT,ANM,WE,Federal Contract Tower,21,14,14,0,49,0,1,41,0,42,21,15,55,0,91,44,0,44,135
01/15/2022,MSO,MT,ANM,WE,Federal Contract Tower,14,4,4,0,22,0,0,0,0,0,14,4,4,0,22,0,0,0,22
01/16/2022,MSO,MT,ANM,WE,Federal Contract Tower,18,4,11,0,33,0,6,30,0,36,18,10,41,0,69,48,0,48,117
01/17/2022,MSO,MT,ANM,WE,Federal Contract Tower,20,8,5,0,33,0,2,19,0,21,20,10,24,0,54,58,0,58,112
01/18/2022,MSO,MT,ANM,WE,Federal Contract Tower,18,14,9,0,41,0,4,23,0,27,18,18,32,0,68,8,0,8,76
01/19/2022,MSO,MT,ANM,WE,Federal Contract Tower,17,9,11,8,45,0,5,10,0,15,17,14,21,8,60,10,0,10,70
01/20/2022,MSO,MT,ANM,WE,Federal Contract Tower,21,6,7,0,34,0,0,1,0,1,21,6,8,0,35,0,0,0,35
01/21/2022,MSO,MT,ANM,WE,Federal Contract Tower,18,13,11,0,42,0,7,28,2,37,18,20,39,2,79,42,0,42,121
01/22/2022,MSO,MT,ANM,WE,Federal Contract Tower,16,10,10,0,36,0,4,44,0,48,16,14,54,0,84,60,0,60,144
01/23/2022,MSO,MT,ANM,WE,Federal Contract Tower,18,5,8,0,31,0,0,2,0,2,18,5,10,0,33,24,0,24,57
01/24/2022,MSO,MT,ANM,WE,Federal Contract Tower,20,5,11,0,36,0,2,1,0,3,20,7,12,0,39,8,0,8,47
01/25/2022,MSO,MT,ANM,WE,Federal Contract Tower,18,11,15,0,44,0,2,18,0,20,18,13,33,0,64,34,0,34,98
01/26/2022,MSO,MT,ANM,WE,Federal Contract Tower,22,8,14,0,44,0,0,5,0,5,22,8,19,0,49,8,0,8,57
01/27/2022,MSO,MT,ANM,WE,Federal Contract Tower,23,9,7,6,45,0,1,43,0,44,23,10,50,6,89,24,12,36,125
01/28/2022,MSO,MT,ANM,WE,Federal Contract Tower,20,11,5,0,36,0,1,28,0,29,20,12,33,0,65,8,0,8,73
01/29/2022,MSO,MT,ANM,WE,Federal Contract Tower,15,2,4,0,21,0,0,47,0,47,15,2,51,0,68,88,0,88,156
01/30/2022,MSO,MT,ANM,WE,Federal Contract Tower,22,2,4,0,28,0,0,28,0,28,22,2,32,0,56,64,0,64,120
01/31/2022,MSO,MT,ANM,WE,Federal Contract Tower,18,4,3,0,25,0,0,4,0,4,18,4,7,0,29,0,0,0,29
02/01/2022,MSO,MT,ANM,WE,Federal Contract Tower,17,11,11,0,39,0,2,0,0,2,17,13,11,0,41,0,0,0,41
02/02/2022,MSO,MT,ANM,WE,Federal Contract Tower,23,9,21,0,53,0,1,49,0,50,23,10,70,0,103,58,0,58,161
02/03/2022,MSO,MT,ANM,WE,Federal Contract Tower,20,9,12,0,41,0,3,12,0,15,20,12,24,0,56,20,0,20,76
02/04/2022,MSO,MT,ANM,WE,Federal Contract Tower,20,8,6,0,34,0,9,21,0,30,20,17,27,0,64,42,0,42,106
02/05/2022,MSO,MT,ANM,WE,Federal Contract Tower,16,3,5,0,24,0,4,6,0,10,16,7,11,0,34,4,0,4,38
02/06/2022,MSO,MT,ANM,WE,Federal Contract Tower,22,2,4,0,28,0,0,28,0,28,22,2,32,0,56,44,0,44,100
02/07/2022,MSO,MT,ANM,WE,Federal Contract Tower,19,6,4,0,29,0,8,22,0,30,19,14,26,0,59,22,0,22,81
02/08/2022,MSO,MT,ANM,WE,Federal Contract Tower,18,10,15,0,43,0,11,24,1,36,18,21,39,1,79,36,0,36,115
02/09/2022,MSO,MT,ANM,WE,Federal Contract Tower,18,10,11,0,39,0,5,21,0,26,18,15,32,0,65,20,0,20,85
02/10/2022,MSO,MT,ANM,WE,Federal Contract Tower,23,10,9,0,42,0,11,20,0,31,23,21,29,0,73,58,0,58,131
02/11/2022,MSO,MT,ANM,WE,Federal Contract Tower,19,16,15,0,50,0,5,44,0,49,19,21,59,0,99,32,0,32,131
02/12/2022,MSO,MT,ANM,WE,Federal Contract Tower,16,4,7,0,27,0,9,46,0,55,16,13,53,0,82,58,0,58,140
02/13/2022,MSO,MT,ANM,WE,Federal Contract Tower,23,4,8,0,35,0,4,72,0,76,23,8,80,0,111,48,0,48,159
02/14/2022,MSO,MT,ANM,WE,Federal Contract Tower,20,2,10,2,34,0,2,31,2,35,20,4,41,4,69,30,4,34,103
02/15/2022,MSO,MT,ANM,WE,Federal Contract Tower,18,12,12,0,42,0,2,30,0,32,18,14,42,0,74,30,0,30,104
02/16/2022,MSO,MT,ANM,WE,Federal Contract Tower,18,16,11,0,45,0,2,31,0,33,18,18,42,0,78,40,0,40,118
02/17/2022,MSO,MT,ANM,WE,Federal Contract Tower,21,10,15,0,46,0,2,52,0,54,21,12,67,0,100,12,0,12,112
02/18/2022,MSO,MT,ANM,WE,Federal Contract Tower,19,13,14,0,46,0,13,85,0,98,19,26,99,0,144,24,0,24,168
02/19/2022,MSO,MT,ANM,WE,Federal Contract Tower,17,3,8,0,28,0,4,27,0,31,17,7,35,0,59,50,0,50,109
02/20/2022,MSO,MT,ANM,WE,Federal Contract Tower,18,5,5,0,28,0,0,3,0,3,18,5,8,0,31,10,0,10,41
02/21/2022,MSO,MT,ANM,WE,Federal Contract Tower,20,15,9,0,44,0,0,0,0,0,20,15,9,0,44,0,0,0,44
02/22/2022,MSO,MT,ANM,WE,Federal Contract Tower,18,15,15,1,49,0,5,7,0,12,18,20,22,1,61,4,0,4,65
02/23/2022,MSO,MT,ANM,WE,Federal Contract Tower,15,9,5,2,31,0,13,22,2,37,15,22,27,4,68,8,4,12,80
02/24/2022,MSO,MT,ANM,WE,Federal Contract Tower,20,11,11,0,42,0,3,15,0,18,20,14,26,0,60,6,0,6,66
02/25/2022,MSO,MT,ANM,WE,Federal Contract Tower,20,14,10,0,44,0,15,68,0,83,20,29,78,0,127,22,0,22,149
02/26/2022,MSO,MT,ANM,WE,Federal Contract Tower,16,5,11,0,32,0,9,55,0,64,16,14,66,0,96,84,0,84,180
02/27/2022,MSO,MT,ANM,WE,Federal Contract Tower,23,5,10,1,39,0,1,22,1,24,23,6,32,2,63,20,2,22,85
02/28/2022,MSO,MT,ANM,WE,Federal Contract Tower,19,8,13,0,40,0,0,7,0,7,19,8,20,0,47,10,0,10,57
03/01/2022,MSO,MT,ANM,WE,Federal Contract Tower,19,11,21,0,51,0,0,7,0,7,19,11,28,0,58,26,0,26,84
03/02/2022,MSO,MT,ANM,WE,Federal Contract Tower,14,12,9,0,35,0,14,0,0,14,14,26,9,0,49,0,0,0,49
03/03/2022,MSO,MT,ANM,WE,Federal Contract Tower,0,0,0,0,0,0,0,0,0,0,0,0,0,0,0,0,0,0,0
03/04/2022,MSO,MT,ANM,WE,Federal Contract Tower,19,8,24,1,52,0,12,29,3,44,19,20,53,4,96,46,0,46,142
03/05/2022,MSO,MT,ANM,WE,Federal Contract Tower,12,7,10,0,29,0,0,46,0,46,12,7,56,0,75,60,0,60,135
03/06/2022,MSO,MT,ANM,WE,Federal Contract Tower,20,4,9,0,33,0,3,11,0,14,20,7,20,0,47,0,0,0,47
03/07/2022,MSO,MT,ANM,WE,Federal Contract Tower,16,13,11,0,40,0,3,22,0,25,16,16,33,0,65,18,0,18,83
03/08/2022,MSO,MT,ANM,WE,Federal Contract Tower,14,12,7,0,33,0,0,18,0,18,14,12,25,0,51,0,0,0,51
03/09/2022,MSO,MT,ANM,WE,Federal Contract Tower,15,12,8,1,36,0,3,44,0,47,15,15,52,1,83,42,0,42,125
03/10/2022,MSO,MT,ANM,WE,Federal Contract Tower,19,13,7,0,39,0,3,56,0,59,19,16,63,0,98,46,0,46,144
03/11/2022,MSO,MT,ANM,WE,Federal Contract Tower,15,9,13,2,39,0,0,33,2,35,15,9,46,4,74,70,0,70,144
03/12/2022,MSO,MT,ANM,WE,Federal Contract Tower,16,7,6,0,29,0,4,32,0,36,16,11,38,0,65,56,0,56,121
03/13/2022,MSO,MT,ANM,WE,Federal Contract Tower,15,5,6,0,26,0,2,1,0,3,15,7,7,0,29,44,0,44,73
03/14/2022,MSO,MT,ANM,WE,Federal Contract Tower,16,7,11,0,34,0,3,12,0,15,16,10,23,0,49,76,0,76,125
03/15/2022,MSO,MT,ANM,WE,Federal Contract Tower,13,17,12,0,42,0,0,8,0,8,13,17,20,0,50,22,0,22,72
03/16/2022,MSO,MT,ANM,WE,Federal Contract Tower,15,8,20,0,43,0,4,14,0,18,15,12,34,0,61,10,0,10,71
03/17/2022,MSO,MT,ANM,WE,Federal Contract Tower,20,14,10,0,44,0,11,50,0,61,20,25,60,0,105,104,0,104,209
03/18/2022,MSO,MT,ANM,WE,Federal Contract Tower,18,13,8,5,44,0,0,28,0,28,18,13,36,5,72,74,0,74,146
03/19/2022,MSO,MT,ANM,WE,Federal Contract Tower,12,4,10,0,26,0,6,31,0,37,12,10,41,0,63,50,0,50,113
03/20/2022,MSO,MT,ANM,WE,Federal Contract Tower,19,9,5,0,33,0,0,6,0,6,19,9,11,0,39,14,0,14,53
03/21/2022,MSO,MT,ANM,WE,Federal Contract Tower,19,5,9,0,33,0,0,20,0,20,19,5,29,0,53,24,0,24,77
03/22/2022,MSO,MT,ANM,WE,Federal Contract Tower,16,11,6,5,38,0,0,32,1,33,16,11,38,6,71,42,16,58,129
03/23/2022,MSO,MT,ANM,WE,Federal Contract Tower,16,14,12,20,62,0,0,45,0,45,16,14,57,20,107,56,24,80,187
03/24/2022,MSO,MT,ANM,WE,Federal Contract Tower,20,16,12,2,50,0,14,32,0,46,20,30,44,2,96,6,0,6,102
03/25/2022,MSO,MT,ANM,WE,Federal Contract Tower,19,7,9,2,37,0,0,59,0,59,19,7,68,2,96,32,0,32,128
03/26/2022,MSO,MT,ANM,WE,Federal Contract Tower,16,5,15,2,38,0,1,66,0,67,16,6,81,2,105,20,0,20,125
03/27/2022,MSO,MT,ANM,WE,Federal Contract Tower,21,5,3,0,29,0,11,37,0,48,21,16,40,0,77,118,0,118,195
03/28/2022,MSO,MT,ANM,WE,Federal Contract Tower,19,5,10,0,34,0,8,19,0,27,19,13,29,0,61,10,0,10,71
03/29/2022,MSO,MT,ANM,WE,Federal Contract Tower,17,12,15,12,56,0,11,29,0,40,17,23,44,12,96,2,32,34,130
03/30/2022,MSO,MT,ANM,WE,Federal Contract Tower,16,8,7,0,31,0,11,34,0,45,16,19,41,0,76,38,0,38,114
03/31/2022,MSO,MT,ANM,WE,Federal Contract Tower,21,12,8,0,41,0,8,22,0,30,21,20,30,0,71,34,0,34,105
04/01/2022,MSO,MT,ANM,WE,Federal Contract Tower,18,17,12,0,47,0,5,77,0,82,18,22,89,0,129,96,0,96,225
04/02/2022,MSO,MT,ANM,WE,Federal Contract Tower,14,4,4,0,22,0,0,8,0,8,14,4,12,0,30,24,0,24,54
04/03/2022,MSO,MT,ANM,WE,Federal Contract Tower,18,5,8,0,31,0,0,18,0,18,18,5,26,0,49,2,0,2,51
04/04/2022,MSO,MT,ANM,WE,Federal Contract Tower,15,6,10,0,31,0,0,9,0,9,15,6,19,0,40,28,0,28,68
04/05/2022,MSO,MT,ANM,WE,Federal Contract Tower,17,15,11,0,43,0,3,16,0,19,17,18,27,0,62,36,0,36,98
04/06/2022,MSO,MT,ANM,WE,Federal Contract Tower,14,16,23,0,53,0,11,40,0,51,14,27,63,0,104,142,0,142,246
04/07/2022,MSO,MT,ANM,WE,Federal Contract Tower,17,10,17,0,44,0,47,56,0,103,17,57,73,0,147,170,0,170,317
04/08/2022,MSO,MT,ANM,WE,Federal Contract Tower,16,13,9,0,38,0,4,28,0,32,16,17,37,0,70,24,0,24,94
04/09/2022,MSO,MT,ANM,WE,Federal Contract Tower,14,4,1,0,19,0,4,6,0,10,14,8,7,0,29,8,0,8,37
04/10/2022,MSO,MT,ANM,WE,Federal Contract Tower,18,3,4,0,25,0,0,16,0,16,18,3,20,0,41,76,0,76,117
04/11/2022,MSO,MT,ANM,WE,Federal Contract Tower,15,6,9,0,30,0,2,8,2,12,15,8,17,2,42,14,0,14,56
04/12/2022,MSO,MT,ANM,WE,Federal Contract Tower,15,10,15,2,42,0,0,9,0,9,15,10,24,2,51,6,34,40,91
04/13/2022,MSO,MT,ANM,WE,Federal Contract Tower,15,11,10,0,36,0,0,39,0,39,15,11,49,0,75,50,0,50,125
04/14/2022,MSO,MT,ANM,WE,Federal Contract Tower,17,12,16,2,47,0,0,19,0,19,17,12,35,2,66,0,0,0,66
04/15/2022,MSO,MT,ANM,WE,Federal Contract Tower,16,9,16,0,41,0,8,46,0,54,16,17,62,0,95,40,0,40,135
04/16/2022,MSO,MT,ANM,WE,Federal Contract Tower,13,6,3,0,22,0,7,16,0,23,13,13,19,0,45,12,0,12,57
04/17/2022,MSO,MT,ANM,WE,Federal Contract Tower,18,3,6,0,27,0,7,13,0,20,18,10,19,0,47,18,0,18,65
04/18/2022,MSO,MT,ANM,WE,Federal Contract Tower,16,4,10,0,30,0,5,43,0,48,16,9,53,0,78,30,0,30,108
04/19/2022,MSO,MT,ANM,WE,Federal Contract Tower,14,27,15,0,56,0,0,10,0,10,14,27,25,0,66,0,0,0,66
04/20/2022,MSO,MT,ANM,WE,Federal Contract Tower,14,8,15,0,37,0,11,39,0,50,14,19,54,0,87,46,0,46,133
04/21/2022,MSO,MT,ANM,WE,Federal Contract Tower,17,16,13,0,46,0,11,12,0,23,17,27,25,0,69,52,0,52,121
04/22/2022,MSO,MT,ANM,WE,Federal Contract Tower,17,12,10,0,39,0,5,79,0,84,17,17,89,0,123,74,0,74,197
04/23/2022,MSO,MT,ANM,WE,Federal Contract Tower,12,8,9,0,29,0,2,36,0,38,12,10,45,0,67,42,0,42,109
04/24/2022,MSO,MT,ANM,WE,Federal Contract Tower,16,3,10,0,29,0,3,37,0,40,16,6,47,0,69,62,0,62,131
04/25/2022,MSO,MT,ANM,WE,Federal Contract Tower,16,11,18,4,49,0,10,65,0,75,16,21,83,4,124,58,0,58,182
04/26/2022,MSO,MT,ANM,WE,Federal Contract Tower,17,12,7,0,36,0,0,34,0,34,17,12,41,0,70,97,0,97,167
04/27/2022,MSO,MT,ANM,WE,Federal Contract Tower,15,12,12,0,39,0,4,70,0,74,15,16,82,0,113,26,0,26,139
04/28/2022,MSO,MT,ANM,WE,Federal Contract Tower,17,13,19,0,49,0,7,53,0,60,17,20,72,0,109,44,0,44,153
04/29/2022,MSO,MT,ANM,WE,Federal Contract Tower,16,11,19,0,46,0,2,34,0,36,16,13,53,0,82,38,0,38,120
04/30/2022,MSO,MT,ANM,WE,Federal Contract Tower,11,6,8,0,25,0,3,51,0,54,11,9,59,0,79,118,0,118,197
05/01/2022,MSO,MT,ANM,WE,Federal Contract Tower,18,2,21,0,41,0,9,16,0,25,18,11,37,0,66,56,0,56,122
05/02/2022,MSO,MT,ANM,WE,Federal Contract Tower,19,8,12,0,39,0,8,31,0,39,19,16,43,0,78,50,0,50,128
05/03/2022,MSO,MT,ANM,WE,Federal Contract Tower,18,13,19,0,50,0,8,27,0,35,18,21,46,0,85,8,0,8,93
05/04/2022,MSO,MT,ANM,WE,Federal Contract Tower,15,13,20,1,49,0,1,50,0,51,15,14,70,1,100,44,0,44,144
05/05/2022,MSO,MT,ANM,WE,Federal Contract Tower,19,19,9,1,48,0,0,15,4,19,19,19,24,5,67,12,0,12,79
05/06/2022,MSO,MT,ANM,WE,Federal Contract Tower,17,13,7,0,37,0,3,19,0,22,17,16,26,0,59,18,0,18,77
05/07/2022,MSO,MT,ANM,WE,Federal Contract Tower,15,7,13,0,35,0,6,4,0,10,15,13,17,0,45,0,0,0,45
05/08/2022,MSO,MT,ANM,WE,Federal Contract Tower,22,0,9,0,31,0,0,12,0,12,22,0,21,0,43,32,0,32,75
05/09/2022,MSO,MT,ANM,WE,Federal Contract Tower,18,6,5,1,30,0,2,28,0,30,18,8,33,1,60,76,0,76,136
05/10/2022,MSO,MT,ANM,WE,Federal Contract Tower,18,15,5,2,40,0,1,37,0,38,18,16,42,2,78,36,0,36,114
05/11/2022,MSO,MT,ANM,WE,Federal Contract Tower,17,10,14,0,41,0,9,71,0,80,17,19,85,0,121,132,0,132,253
05/12/2022,MSO,MT,ANM,WE,Federal Contract Tower,21,12,12,1,46,0,13,59,0,72,21,25,71,1,118,80,2,82,200
05/13/2022,MSO,MT,ANM,WE,Federal Contract Tower,18,10,17,1,46,0,7,3,0,10,18,17,20,1,56,0,0,0,56
05/14/2022,MSO,MT,ANM,WE,Federal Contract Tower,14,7,5,0,26,0,3,26,0,29,14,10,31,0,55,59,0,59,114
05/15/2022,MSO,MT,ANM,WE,Federal Contract Tower,20,7,8,0,35,0,0,48,0,48,20,7,56,0,83,62,0,62,145
05/16/2022,MSO,MT,ANM,WE,Federal Contract Tower,19,10,14,0,43,0,0,8,0,8,19,10,22,0,51,18,0,18,69
05/17/2022,MSO,MT,ANM,WE,Federal Contract Tower,17,22,12,1,52,0,3,41,0,44,17,25,53,1,96,22,8,30,126
05/18/2022,MSO,MT,ANM,WE,Federal Contract Tower,18,11,12,0,41,0,3,17,0,20,18,14,29,0,61,16,0,16,77
05/19/2022,MSO,MT,ANM,WE,Federal Contract Tower,17,14,11,0,42,0,4,7,0,11,17,18,18,0,53,6,0,6,59
05/20/2022,MSO,MT,ANM,WE,Federal Contract Tower,18,14,15,0,47,0,9,24,0,33,18,23,39,0,80,0,0,0,80
05/21/2022,MSO,MT,ANM,WE,Federal Contract Tower,14,5,7,0,26,0,6,58,5,69,14,11,65,5,95,22,0,22,117
05/22/2022,MSO,MT,ANM,WE,Federal Contract Tower,23,6,16,0,45,0,16,50,0,66,23,22,66,0,111,40,0,40,151
05/23/2022,MSO,MT,ANM,WE,Federal Contract Tower,19,16,19,2,56,0,4,37,0,41,19,20,56,2,97,20,0,20,117
05/24/2022,MSO,MT,ANM,WE,Federal Contract Tower,18,13,10,2,43,0,5,39,0,44,18,18,49,2,87,86,0,86,173
05/25/2022,MSO,MT,ANM,WE,Federal Contract Tower,17,12,22,0,51,0,4,48,0,52,17,16,70,0,103,50,0,50,153
05/26/2022,MSO,MT,ANM,WE,Federal Contract Tower,18,21,18,0,57,0,6,73,0,79,18,27,91,0,136,58,0,58,194
05/27/2022,MSO,MT,ANM,WE,Federal Contract Tower,20,12,11,0,43,0,4,29,0,33,20,16,40,0,76,26,0,26,102
05/28/2022,MSO,MT,ANM,WE,Federal Contract Tower,16,8,6,0,30,0,7,24,0,31,16,15,30,0,61,8,0,8,69
05/29/2022,MSO,MT,ANM,WE,Federal Contract Tower,17,13,5,0,35,0,2,22,0,24,17,15,27,0,59,42,0,42,101
05/30/2022,MSO,MT,ANM,WE,Federal Contract Tower,20,10,15,0,45,0,4,34,0,38,20,14,49,0,83,10,0,10,93
05/31/2022,MSO,MT,ANM,WE,Federal Contract Tower,20,13,14,1,48,0,5,52,5,62,20,18,66,6,110,22,10,32,142
06/01/2022,MSO,MT,ANM,WE,Federal Contract Tower,17,13,27,0,57,0,10,65,0,75,17,23,92,0,132,58,0,58,190
06/02/2022,MSO,MT,ANM,WE,Federal Contract Tower,20,13,10,0,43,0,5,33,0,38,20,18,43,0,81,24,0,24,105
06/03/2022,MSO,MT,ANM,WE,Federal Contract Tower,28,13,14,0,55,0,16,45,0,61,28,29,59,0,116,56,0,56,172
06/04/2022,MSO,MT,ANM,WE,Federal Contract Tower,21,15,6,1,43,0,2,9,0,11,21,17,15,1,54,0,0,0,54
06/05/2022,MSO,MT,ANM,WE,Federal Contract Tower,28,10,16,0,54,0,8,23,1,32,28,18,39,1,86,4,0,4,90
06/06/2022,MSO,MT,ANM,WE,Federal Contract Tower,27,20,18,0,65,0,0,18,0,18,27,20,36,0,83,12,0,12,95
06/07/2022,MSO,MT,ANM,WE,Federal Contract Tower,21,19,17,0,57,0,11,59,0,70,21,30,76,0,127,38,0,38,165
06/08/2022,MSO,MT,ANM,WE,Federal Contract Tower,23,14,11,0,48,0,1,44,0,45,23,15,55,0,93,86,0,86,179
06/09/2022,MSO,MT,ANM,WE,Federal Contract Tower,28,17,13,0,58,0,5,39,0,44,28,22,52,0,102,62,0,62,164
06/10/2022,MSO,MT,ANM,WE,Federal Contract Tower,31,14,24,0,69,0,8,9,0,17,31,22,33,0,86,16,0,16,102
06/11/2022,MSO,MT,ANM,WE,Federal Contract Tower,23,6,18,0,47,0,8,8,2,18,23,14,26,2,65,2,0,2,67
06/12/2022,MSO,MT,ANM,WE,Federal Contract Tower,28,19,16,0,63,0,6,44,2,52,28,25,60,2,115,64,0,64,179
06/13/2022,MSO,MT,ANM,WE,Federal Contract Tower,27,7,18,1,53,0,3,24,4,31,27,10,42,5,84,16,0,16,100
06/14/2022,MSO,MT,ANM,WE,Federal Contract Tower,23,25,8,0,56,0,7,12,3,22,23,32,20,3,78,0,0,0,78
06/15/2022,MSO,MT,ANM,WE,Federal Contract Tower,24,13,27,1,65,0,7,57,1,65,24,20,84,2,130,70,18,88,218
06/16/2022,MSO,MT,ANM,WE,Federal Contract Tower,30,17,18,1,66,0,3,69,0,72,30,20,87,1,138,36,0,36,174
06/17/2022,MSO,MT,ANM,WE,Federal Contract Tower,31,21,19,1,72,0,5,70,0,75,31,26,89,1,147,22,0,22,169
06/18/2022,MSO,MT,ANM,WE,Federal Contract Tower,31,17,13,0,61,0,2,39,0,41,31,19,52,0,102,32,0,32,134
06/19/2022,MSO,MT,ANM,WE,Federal Contract Tower,34,13,16,0,63,0,8,7,2,17,34,21,23,2,80,26,0,26,106
06/20/2022,MSO,MT,ANM,WE,Federal Contract Tower,30,19,12,0,61,0,1,10,0,11,30,20,22,0,72,48,0,48,120
06/21/2022,MSO,MT,ANM,WE,Federal Contract Tower,27,22,16,2,67,0,0,7,51,58,27,22,23,53,125,90,0,90,215
06/22/2022,MSO,MT,ANM,WE,Federal Contract Tower,29,16,24,0,69,0,5,69,0,74,29,21,93,0,143,66,0,66,209
06/23/2022,MSO,MT,ANM,WE,Federal Contract Tower,32,24,11,0,67,0,12,55,0,67,32,36,66,0,134,26,0,26,160
06/24/2022,MSO,MT,ANM,WE,Federal Contract Tower,32,24,17,0,73,0,5,55,0,60,32,29,72,0,133,30,0,30,163
06/25/2022,MSO,MT,ANM,WE,Federal Contract Tower,37,19,15,0,71,0,7,56,0,63,37,26,71,0,134,24,0,24,158
06/26/2022,MSO,MT,ANM,WE,Federal Contract Tower,35,14,19,3,71,0,9,59,0,68,35,23,78,3,139,68,0,68,207
06/27/2022,MSO,MT,ANM,WE,Federal Contract Tower,31,16,21,0,68,0,4,40,0,44,31,20,61,0,112,6,0,6,118
06/28/2022,MSO,MT,ANM,WE,Federal Contract Tower,27,18,15,0,60,0,15,32,0,47,27,33,47,0,107,44,0,44,151
06/29/2022,MSO,MT,ANM,WE,Federal Contract Tower,30,18,25,0,73,0,9,50,0,59,30,27,75,0,132,26,0,26,158
06/30/2022,MSO,MT,ANM,WE,Federal Contract Tower,35,17,22,0,74,0,7,57,0,64,35,24,79,0,138,38,0,38,176
07/01/2022,MSO,MT,ANM,WE,Federal Contract Tower,31,17,24,0,72,0,8,90,0,98,31,25,114,0,170,34,0,34,204
07/02/2022,MSO,MT,ANM,WE,Federal Contract Tower,32,5,4,0,41,0,4,46,0,50,32,9,50,0,91,6,0,6,97
07/03/2022,MSO,MT,ANM,WE,Federal Contract Tower,31,3,3,0,37,0,4,17,0,21,31,7,20,0,58,16,0,16,74
07/04/2022,MSO,MT,ANM,WE,Federal Contract Tower,28,6,6,0,40,0,3,17,0,20,28,9,23,0,60,14,0,14,74
07/05/2022,MSO,MT,ANM,WE,Federal Contract Tower,26,15,20,1,62,0,9,46,2,57,26,24,66,3,119,50,0,50,169
07/06/2022,MSO,MT,ANM,WE,Federal Contract Tower,24,18,14,0,56,0,4,36,0,40,24,22,50,0,96,42,0,42,138
07/07/2022,MSO,MT,ANM,WE,Federal Contract Tower,31,16,11,0,58,0,5,36,0,41,31,21,47,0,99,2,0,2,101
07/08/2022,MSO,MT,ANM,WE,Federal Contract Tower,33,23,24,0,80,0,2,78,0,80,33,25,102,0,160,6,0,6,166
07/09/2022,MSO,MT,ANM,WE,Federal Contract Tower,33,9,14,1,57,0,1,52,0,53,33,10,66,1,110,56,0,56,166
07/10/2022,MSO,MT,ANM,WE,Federal Contract Tower,31,12,9,0,52,0,12,46,1,59,31,24,55,1,111,56,0,56,167
07/11/2022,MSO,MT,ANM,WE,Federal Contract Tower,32,11,7,0,50,0,3,65,0,68,32,14,72,0,118,18,0,18,136
07/12/2022,MSO,MT,ANM,WE,Federal Contract Tower,26,14,20,0,60,0,12,70,1,83,26,26,90,1,143,34,0,34,177
07/13/2022,MSO,MT,ANM,WE,Federal Contract Tower,28,17,12,0,57,0,9,46,0,55,28,26,58,0,112,44,0,44,156
07/14/2022,MSO,MT,ANM,WE,Federal Contract Tower,35,13,13,3,64,0,15,82,1,98,35,28,95,4,162,78,14,92,254
07/15/2022,MSO,MT,ANM,WE,Federal Contract Tower,32,17,13,0,62,0,5,60,0,65,32,22,73,0,127,30,0,30,157
07/16/2022,MSO,MT,ANM,WE,Federal Contract Tower,38,14,20,0,72,0,10,75,0,85,38,24,95,0,157,26,0,26,183
07/17/2022,MSO,MT,ANM,WE,Federal Contract Tower,30,16,7,0,53,0,1,87,2,90,30,17,94,2,143,6,0,6,149
07/18/2022,MSO,MT,ANM,WE,Federal Contract Tower,32,9,20,0,61,0,4,19,0,23,32,13,39,0,84,0,0,0,84
07/19/2022,MSO,MT,ANM,WE,Federal Contract Tower,29,19,18,0,66,0,10,40,1,51,29,29,58,1,117,32,0,32,149
07/20/2022,MSO,MT,ANM,WE,Federal Contract Tower,29,15,19,0,63,0,1,104,2,107,29,16,123,2,170,68,12,80,250
07/21/2022,MSO,MT,ANM,WE,Federal Contract Tower,34,18,27,0,79,0,9,103,5,117,34,27,130,5,196,36,0,36,232
07/22/2022,MSO,MT,ANM,WE,Federal Contract Tower,32,21,19,0,72,0,11,86,0,97,32,32,105,0,169,38,0,38,207
07/23/2022,MSO,MT,ANM,WE,Federal Contract Tower,35,13,7,0,55,0,8,97,0,105,35,21,104,0,160,90,0,90,250
07/24/2022,MSO,MT,ANM,WE,Federal Contract Tower,35,15,14,0,64,0,2,34,0,36,35,17,48,0,100,0,0,0,100
07/25/2022,MSO,MT,ANM,WE,Federal Contract Tower,29,15,24,0,68,0,5,39,0,44,29,20,63,0,112,18,0,18,130
07/26/2022,MSO,MT,ANM,WE,Federal Contract Tower,23,19,22,11,75,0,2,40,1,43,23,21,62,12,118,45,1,46,164
07/27/2022,MSO,MT,ANM,WE,Federal Contract Tower,30,18,20,0,68,0,3,44,0,47,30,21,64,0,115,48,0,48,163
07/28/2022,MSO,MT,ANM,WE,Federal Contract Tower,35,8,19,1,63,0,7,52,0,59,35,15,71,1,122,110,0,110,232
07/29/2022,MSO,MT,ANM,WE,Federal Contract Tower,30,14,23,1,68,0,6,85,0,91,30,20,108,1,159,10,0,10,169
07/30/2022,MSO,MT,ANM,WE,Federal Contract Tower,35,10,25,0,70,0,5,125,0,130,35,15,150,0,200,10,0,10,210
07/31/2022,MSO,MT,ANM,WE,Federal Contract Tower,30,12,15,2,59,0,3,74,0,77,30,15,89,2,136,16,0,16,152
08/01/2022,MSO,MT,ANM,WE,Federal Contract Tower,29,11,19,3,62,0,11,76,5,92,29,22,95,8,154,0,62,62,216
08/02/2022,MSO,MT,ANM,WE,Federal Contract Tower,25,20,21,3,69,0,22,60,3,85,25,42,81,6,154,0,10,10,164
08/03/2022,MSO,MT,ANM,WE,Federal Contract Tower,27,17,18,1,63,0,5,70,0,75,27,22,88,1,138,16,0,16,154
08/04/2022,MSO,MT,ANM,WE,Federal Contract Tower,33,11,15,0,59,0,16,38,0,54,33,27,53,0,113,22,0,22,135
08/05/2022,MSO,MT,ANM,WE,Federal Contract Tower,31,13,19,0,63,0,0,86,0,86,31,13,105,0,149,26,0,26,175
08/06/2022,MSO,MT,ANM,WE,Federal Contract Tower,34,17,13,0,64,0,7,66,2,75,34,24,79,2,139,18,0,18,157
08/07/2022,MSO,MT,ANM,WE,Federal Contract Tower,32,13,16,0,61,0,4,75,0,79,32,17,91,0,140,6,0,6,146
08/08/2022,MSO,MT,ANM,WE,Federal Contract Tower,28,17,16,0,61,0,11,49,0,60,28,28,65,0,121,4,0,4,125
08/09/2022,MSO,MT,ANM,WE,Federal Contract Tower,27,19,14,0,60,0,1,45,0,46,27,20,59,0,106,16,0,16,122
08/10/2022,MSO,MT,ANM,WE,Federal Contract Tower,26,19,24,0,69,0,14,34,0,48,26,33,58,0,117,20,0,20,137
08/12/2022,MSO,MT,ANM,WE,Federal Contract Tower,34,23,27,2,86,0,3,89,0,92,34,26,116,2,178,6,0,6,184
08/13/2022,MSO,MT,ANM,WE,Federal Contract Tower,30,11,21,0,62,0,13,75,0,88,30,24,96,0,150,0,0,0,150
08/14/2022,MSO,MT,ANM,WE,Federal Contract Tower,38,11,18,0,67,0,10,52,0,62,38,21,70,0,129,16,0,16,145
08/15/2022,MSO,MT,ANM,WE,Federal Contract Tower,33,15,16,1,65,0,8,92,0,100,33,23,108,1,165,56,0,56,221
08/16/2022,MSO,MT,ANM,WE,Federal Contract Tower,29,16,19,0,64,0,38,67,0,105,29,54,86,0,169,6,0,6,175
08/17/2022,MSO,MT,ANM,WE,Federal Contract Tower,24,14,15,1,54,0,31,52,0,83,24,45,67,1,137,48,0,48,185
08/18/2022,MSO,MT,ANM,WE,Federal Contract Tower,33,24,31,0,88,0,13,78,0,91,33,37,109,0,179,50,0,50,229
08/19/2022,MSO,MT,ANM,WE,Federal Contract Tower,34,16,13,0,63,0,13,59,0,72,34,29,72,0,135,46,0,46,181
08/20/2022,MSO,MT,ANM,WE,Federal Contract Tower,37,20,14,0,71,0,7,60,0,67,37,27,74,0,138,98,0,98,236
08/21/2022,MSO,MT,ANM,WE,Federal Contract Tower,30,13,8,3,54,0,7,87,8,102,30,20,95,11,156,44,1,45,201
08/22/2022,MSO,MT,ANM,WE,Federal Contract Tower,32,9,18,1,60,0,8,80,0,88,32,17,98,1,148,20,0,20,168
08/23/2022,MSO,MT,ANM,WE,Federal Contract Tower,29,23,16,0,68,0,0,0,92,92,29,23,16,92,160,32,0,32,192
08/24/2022,MSO,MT,ANM,WE,Federal Contract Tower,28,17,24,0,69,0,1,45,0,46,28,18,69,0,115,12,0,12,127
08/25/2022,MSO,MT,ANM,WE,Federal Contract Tower,30,15,14,0,59,0,4,58,0,62,30,19,72,0,121,32,0,32,153
08/26/2022,MSO,MT,ANM,WE,Federal Contract Tower,35,15,13,0,63,0,4,53,0,57,35,19,66,0,120,38,0,38,158
08/27/2022,MSO,MT,ANM,WE,Federal Contract Tower,37,14,16,0,67,0,8,36,0,44,37,22,52,0,111,0,0,0,111
08/28/2022,MSO,MT,ANM,WE,Federal Contract Tower,34,7,14,0,55,0,12,68,0,80,34,19,82,0,135,42,0,42,177
08/29/2022,MSO,MT,ANM,WE,Federal Contract Tower,32,7,19,0,58,0,7,49,0,56,32,14,68,0,114,42,0,42,156
08/30/2022,MSO,MT,ANM,WE,Federal Contract Tower,26,22,12,0,60,0,1,101,3,105,26,23,113,3,165,82,0,82,247
08/31/2022,MSO,MT,ANM,WE,Federal Contract Tower,28,18,13,0,59,0,9,77,0,86,28,27,90,0,145,6,0,6,151
09/02/2022,MSO,MT,ANM,WE,Federal Contract Tower,30,15,24,1,70,0,5,79,0,84,30,20,103,1,154,20,0,20,174
09/03/2022,MSO,MT,ANM,WE,Federal Contract Tower,36,9,10,0,55,0,9,71,0,80,36,18,81,0,135,46,0,46,181
09/04/2022,MSO,MT,ANM,WE,Federal Contract Tower,31,13,6,1,51,0,14,54,0,68,31,27,60,1,119,30,0,30,149
09/05/2022,MSO,MT,ANM,WE,Federal Contract Tower,28,11,13,0,52,0,2,89,0,91,28,13,102,0,143,2,0,2,145
09/06/2022,MSO,MT,ANM,WE,Federal Contract Tower,252,18,16,6,292,0,7,67,1,75,252,25,83,7,367,0,0,0,367
09/07/2022,MSO,MT,ANM,WE,Federal Contract Tower,26,15,16,0,57,0,6,59,0,65,26,21,75,0,122,12,0,12,134
09/08/2022,MSO,MT,ANM,WE,Federal Contract Tower,33,13,13,4,63,0,2,88,0,90,33,15,101,4,153,30,14,44,197
09/09/2022,MSO,MT,ANM,WE,Federal Contract Tower,32,19,16,0,67,0,7,98,0,105,32,26,114,0,172,24,0,24,196
09/10/2022,MSO,MT,ANM,WE,Federal Contract Tower,36,12,14,0,62,0,0,68,0,68,36,12,82,0,130,34,0,34,164
09/11/2022,MSO,MT,ANM,WE,Federal Contract Tower,37,5,17,0,59,0,0,36,0,36,37,5,53,0,95,10,0,10,105
09/12/2022,MSO,MT,ANM,WE,Federal Contract Tower,29,25,58,0,112,0,0,2,0,2,29,25,60,0,114,0,0,0,114
09/13/2022,MSO,MT,ANM,WE,Federal Contract Tower,28,21,25,0,74,0,0,0,0,0,28,21,25,0,74,0,0,0,74
09/15/2022,MSO,MT,ANM,WE,Federal Contract Tower,34,25,40,0,99,0,0,8,0,8,34,25,48,0,107,0,0,0,107
09/16/2022,MSO,MT,ANM,WE,Federal Contract Tower,35,9,15,0,59,0,4,51,0,55,35,13,66,0,114,36,0,36,150
09/17/2022,MSO,MT,ANM,WE,Federal Contract Tower,35,9,14,0,58,0,5,47,0,52,35,14,61,0,110,28,0,28,138
09/18/2022,MSO,MT,ANM,WE,Federal Contract Tower,36,7,10,0,53,0,5,27,0,32,36,12,37,0,85,24,0,24,109
09/19/2022,MSO,MT,ANM,WE,Federal Contract Tower,33,19,18,0,70,0,3,21,1,25,33,22,39,1,95,8,0,8,103
09/20/2022,MSO,MT,ANM,WE,Federal Contract Tower,27,13,20,0,60,0,5,31,0,36,27,18,51,0,96,0,0,0,96
09/21/2022,MSO,MT,ANM,WE,Federal Contract Tower,30,14,13,7,64,0,9,35,2,46,30,23,48,9,110,14,8,22,132
09/22/2022,MSO,MT,ANM,WE,Federal Contract Tower,37,19,28,0,84,0,0,0,0,0,37,19,28,0,84,0,0,0,84
09/23/2022,MSO,MT,ANM,WE,Federal Contract Tower,34,18,17,0,69,0,4,34,1,39,34,22,51,1,108,42,0,42,150
09/24/2022,MSO,MT,ANM,WE,Federal Contract Tower,33,10,12,0,55,0,6,57,0,63,33,16,69,0,118,20,0,20,138
09/25/2022,MSO,MT,ANM,WE,Federal Contract Tower,39,13,22,0,74,0,2,61,0,63,39,15,83,0,137,12,0,12,149
09/26/2022,MSO,MT,ANM,WE,Federal Contract Tower,32,5,15,0,52,0,1,49,0,50,32,6,64,0,102,12,0,12,114
09/27/2022,MSO,MT,ANM,WE,Federal Contract Tower,30,18,19,0,67,0,3,56,0,59,30,21,75,0,126,32,0,32,158
09/28/2022,MSO,MT,ANM,WE,Federal Contract Tower,30,16,25,0,71,0,5,52,0,57,30,21,77,0,128,26,0,26,154
09/29/2022,MSO,MT,ANM,WE,Federal Contract Tower,35,19,20,0,74,0,1,9,0,10,35,20,29,0,84,12,0,12,96
09/30/2022,MSO,MT,ANM,WE,Federal Contract Tower,32,19,7,0,58,0,0,49,0,49,32,19,56,0,107,46,0,46,153
10/01/2022,MSO,MT,ANM,WE,Federal Contract Tower,26,17,7,1,51,0,6,27,0,33,26,23,34,1,84,20,0,20,104
10/02/2022,MSO,MT,ANM,WE,Federal Contract Tower,33,4,6,1,44,0,2,23,0,25,33,6,29,1,69,32,0,32,101
10/03/2022,MSO,MT,ANM,WE,Federal Contract Tower,30,7,10,0,47,0,0,36,0,36,30,7,46,0,83,54,0,54,137
10/04/2022,MSO,MT,ANM,WE,Federal Contract Tower,30,13,20,1,64,0,0,43,0,43,30,13,63,1,107,58,0,58,165
10/05/2022,MSO,MT,ANM,WE,Federal Contract Tower,29,12,19,0,60,0,5,46,0,51,29,17,65,0,111,20,0,20,131
10/06/2022,MSO,MT,ANM,WE,Federal Contract Tower,25,10,19,0,54,0,4,54,0,58,25,14,73,0,112,62,0,62,174
10/07/2022,MSO,MT,ANM,WE,Federal Contract Tower,23,11,8,0,42,0,1,40,1,42,23,12,48,1,84,80,0,80,164
10/08/2022,MSO,MT,ANM,WE,Federal Contract Tower,20,11,11,0,42,0,5,43,0,48,20,16,54,0,90,38,0,38,128
10/09/2022,MSO,MT,ANM,WE,Federal Contract Tower,28,4,10,1,43,0,2,39,1,42,28,6,49,2,85,48,6,54,139
10/10/2022,MSO,MT,ANM,WE,Federal Contract Tower,22,7,14,0,43,0,1,27,0,28,22,8,41,0,71,18,0,18,89
10/11/2022,MSO,MT,ANM,WE,Federal Contract Tower,21,15,9,1,46,0,14,24,0,38,21,29,33,1,84,10,0,10,94
10/12/2022,MSO,MT,ANM,WE,Federal Contract Tower,20,12,18,0,50,0,0,36,0,36,20,12,54,0,86,28,0,28,114
10/13/2022,MSO,MT,ANM,WE,Federal Contract Tower,26,13,14,1,54,0,1,59,0,60,26,14,73,1,114,36,0,36,150
10/14/2022,MSO,MT,ANM,WE,Federal Contract Tower,23,9,14,2,48,0,5,65,1,71,23,14,79,3,119,32,24,56,175
10/15/2022,MSO,MT,ANM,WE,Federal Contract Tower,20,8,10,0,38,0,5,53,0,58,20,13,63,0,96,40,0,40,136
10/16/2022,MSO,MT,ANM,WE,Federal Contract Tower,25,13,11,0,49,0,8,42,0,50,25,21,53,0,99,14,0,14,113
10/17/2022,MSO,MT,ANM,WE,Federal Contract Tower,24,11,15,2,52,0,11,22,0,33,24,22,37,2,85,8,0,8,93
10/18/2022,MSO,MT,ANM,WE,Federal Contract Tower,20,14,13,2,49,0,3,55,0,58,20,17,68,2,107,100,8,108,215
10/19/2022,MSO,MT,ANM,WE,Federal Contract Tower,19,13,7,0,39,0,11,60,0,71,19,24,67,0,110,52,0,52,162
10/20/2022,MSO,MT,ANM,WE,Federal Contract Tower,26,15,15,0,56,0,13,40,0,53,26,28,55,0,109,30,0,30,139
10/21/2022,MSO,MT,ANM,WE,Federal Contract Tower,26,10,12,0,48,0,0,11,0,11,26,10,23,0,59,0,0,0,59
10/22/2022,MSO,MT,ANM,WE,Federal Contract Tower,18,5,5,0,28,0,0,0,0,0,18,5,5,0,28,0,0,0,28
10/23/2022,MSO,MT,ANM,WE,Federal Contract Tower,25,13,13,0,51,0,0,2,0,2,25,13,15,0,53,0,0,0,53
10/24/2022,MSO,MT,ANM,WE,Federal Contract Tower,22,18,10,0,50,0,1,13,0,14,22,19,23,0,64,22,0,22,86
10/25/2022,MSO,MT,ANM,WE,Federal Contract Tower,22,11,11,2,46,0,2,4,0,6,22,13,15,2,52,16,4,20,72
10/26/2022,MSO,MT,ANM,WE,Federal Contract Tower,19,11,10,0,40,0,2,9,0,11,19,13,19,0,51,32,0,32,83
10/27/2022,MSO,MT,ANM,WE,Federal Contract Tower,23,22,16,7,68,0,4,21,1,26,23,26,37,8,94,4,18,22,116
10/28/2022,MSO,MT,ANM,WE,Federal Contract Tower,24,20,8,0,52,0,6,31,0,37,24,26,39,0,89,62,0,62,151
10/29/2022,MSO,MT,ANM,WE,Federal Contract Tower,20,6,2,0,28,0,7,36,0,43,20,13,38,0,71,20,0,20,91
10/30/2022,MSO,MT,ANM,WE,Federal Contract Tower,22,4,9,0,35,0,1,17,0,18,22,5,26,0,53,24,0,24,77
10/31/2022,MSO,MT,ANM,WE,Federal Contract Tower,22,6,11,0,39,0,3,14,0,17,22,9,25,0,56,14,0,14,70
11/01/2022,MSO,MT,ANM,WE,Federal Contract Tower,19,12,17,0,48,0,0,39,0,39,19,12,56,0,87,46,0,46,133
11/02/2022,MSO,MT,ANM,WE,Federal Contract Tower,19,16,25,0,60,0,0,11,0,11,19,16,36,0,71,24,0,24,95
11/03/2022,MSO,MT,ANM,WE,Federal Contract Tower,24,18,23,0,65,0,3,41,0,44,24,21,64,0,109,102,0,102,211
11/04/2022,MSO,MT,ANM,WE,Federal Contract Tower,20,12,10,0,42,0,4,2,0,6,20,16,12,0,48,0,0,0,48
11/05/2022,MSO,MT,ANM,WE,Federal Contract Tower,16,8,0,1,25,0,5,1,0,6,16,13,1,1,31,0,0,0,31
11/06/2022,MSO,MT,ANM,WE,Federal Contract Tower,19,5,6,0,30,0,8,23,0,31,19,13,29,0,61,10,0,10,71
11/07/2022,MSO,MT,ANM,WE,Federal Contract Tower,20,4,4,0,28,0,0,2,0,2,20,4,6,0,30,0,0,0,30
11/08/2022,MSO,MT,ANM,WE,Federal Contract Tower,16,16,10,0,42,0,2,20,0,22,16,18,30,0,64,44,0,44,108
11/09/2022,MSO,MT,ANM,WE,Federal Contract Tower,16,9,5,0,30,0,0,0,0,0,16,9,5,0,30,0,0,0,30
11/11/2022,MSO,MT,ANM,WE,Federal Contract Tower,24,17,20,0,61,0,0,18,0,18,24,17,38,0,79,0,0,0,79
11/12/2022,MSO,MT,ANM,WE,Federal Contract Tower,15,8,11,0,34,0,3,23,0,26,15,11,34,0,60,42,0,42,102
11/13/2022,MSO,MT,ANM,WE,Federal Contract Tower,22,6,12,0,40,0,2,27,0,29,22,8,39,0,69,32,0,32,101
11/14/2022,MSO,MT,ANM,WE,Federal Contract Tower,22,5,7,0,34,0,10,11,0,21,22,15,18,0,55,28,0,28,83
11/15/2022,MSO,MT,ANM,WE,Federal Contract Tower,18,12,6,0,36,0,11,10,0,21,18,23,16,0,57,74,0,74,131
11/16/2022,MSO,MT,ANM,WE,Federal Contract Tower,17,12,7,19,55,0,0,10,2,12,17,12,17,21,67,26,24,50,117
11/17/2022,MSO,MT,ANM,WE,Federal Contract Tower,23,13,12,0,48,0,8,19,0,27,23,21,31,0,75,20,0,20,95
11/18/2022,MSO,MT,ANM,WE,Federal Contract Tower,21,18,9,0,48,0,9,63,0,72,21,27,72,0,120,52,0,52,172
11/19/2022,MSO,MT,ANM,WE,Federal Contract Tower,17,7,9,0,33,0,1,22,0,23,17,8,31,0,56,38,0,38,94
11/20/2022,MSO,MT,ANM,WE,Federal Contract Tower,22,5,5,0,32,0,3,11,0,14,22,8,16,0,46,16,0,16,62
11/21/2022,MSO,MT,ANM,WE,Federal Contract Tower,20,7,4,0,31,0,1,3,0,4,20,8,7,0,35,28,0,28,63
11/22/2022,MSO,MT,ANM,WE,Federal Contract Tower,24,18,10,5,57,0,2,12,0,14,24,20,22,5,71,0,10,10,81
11/23/2022,MSO,MT,ANM,WE,Federal Contract Tower,21,16,16,0,53,0,9,10,0,19,21,25,26,0,72,16,0,16,88
11/24/2022,MSO,MT,ANM,WE,Federal Contract Tower,9,7,4,0,20,0,1,7,0,8,9,8,11,0,28,0,0,0,28
11/25/2022,MSO,MT,ANM,WE,Federal Contract Tower,21,61,9,0,91,0,7,33,0,40,21,68,42,0,131,56,0,56,187
11/26/2022,MSO,MT,ANM,WE,Federal Contract Tower,24,9,4,0,37,0,4,13,0,17,24,13,17,0,54,0,0,0,54
11/27/2022,MSO,MT,ANM,WE,Federal Contract Tower,22,11,9,0,42,0,1,1,0,2,22,12,10,0,44,0,0,0,44
11/28/2022,MSO,MT,ANM,WE,Federal Contract Tower,21,13,12,0,46,0,0,17,0,17,21,13,29,0,63,10,0,10,73
11/29/2022,MSO,MT,ANM,WE,Federal Contract Tower,18,17,4,0,39,0,1,5,0,6,18,18,9,0,45,0,0,0,45
11/30/2022,MSO,MT,ANM,WE,Federal Contract Tower,16,13,6,0,35,0,0,0,0,0,16,13,6,0,35,0,0,0,35
12/01/2022,MSO,MT,ANM,WE,Federal Contract Tower,22,12,14,0,48,0,2,0,0,2,22,14,14,0,50,0,0,0,50
12/02/2022,MSO,MT,ANM,WE,Federal Contract Tower,19,12,17,0,48,0,4,12,0,16,19,16,29,0,64,54,0,54,118
12/03/2022,MSO,MT,ANM,WE,Federal Contract Tower,16,3,2,2,23,0,8,15,0,23,16,11,17,2,46,6,0,6,52
12/04/2022,MSO,MT,ANM,WE,Federal Contract Tower,22,1,12,0,35,0,2,1,0,3,22,3,13,0,38,14,0,14,52
12/05/2022,MSO,MT,ANM,WE,Federal Contract Tower,20,11,7,0,38,0,0,4,0,4,20,11,11,0,42,20,0,20,62
12/06/2022,MSO,MT,ANM,WE,Federal Contract Tower,16,21,7,2,46,0,4,8,0,12,16,25,15,2,58,20,0,20,78
12/07/2022,MSO,MT,ANM,WE,Federal Contract Tower,18,18,20,0,56,0,0,0,0,0,18,18,20,0,56,20,0,20,76
12/08/2022,MSO,MT,ANM,WE,Federal Contract Tower,16,9,9,0,34,0,8,41,0,49,16,17,50,0,83,66,0,66,149
12/09/2022,MSO,MT,ANM,WE,Federal Contract Tower,19,18,13,0,50,0,1,19,0,20,19,19,32,0,70,28,0,28,98
12/10/2022,MSO,MT,ANM,WE,Federal Contract Tower,14,2,6,0,22,0,2,13,0,15,14,4,19,0,37,24,0,24,61
12/11/2022,MSO,MT,ANM,WE,Federal Contract Tower,21,5,5,0,31,0,4,2,0,6,21,9,7,0,37,6,0,6,43
12/12/2022,MSO,MT,ANM,WE,Federal Contract Tower,20,4,12,0,36,0,0,5,0,5,20,4,17,0,41,20,0,20,61
12/13/2022,MSO,MT,ANM,WE,Federal Contract Tower,16,13,19,0,48,0,0,11,0,11,16,13,30,0,59,28,0,28,87
12/14/2022,MSO,MT,ANM,WE,Federal Contract Tower,16,15,5,0,36,0,0,0,0,0,16,15,5,0,36,0,0,0,36
12/15/2022,MSO,MT,ANM,WE,Federal Contract Tower,18,14,16,4,52,0,3,6,0,9,18,17,22,4,61,30,0,30,91
12/16/2022,MSO,MT,ANM,WE,Federal Contract Tower,22,15,10,0,47,0,0,9,0,9,22,15,19,0,56,0,0,0,56
12/17/2022,MSO,MT,ANM,WE,Federal Contract Tower,17,13,6,0,36,0,0,0,0,0,17,13,6,0,36,0,0,0,36
12/18/2022,MSO,MT,ANM,WE,Federal Contract Tower,19,4,6,0,29,0,3,13,0,16,19,7,19,0,45,18,0,18,63
12/19/2022,MSO,MT,ANM,WE,Federal Contract Tower,19,12,13,0,44,0,0,11,0,11,19,12,24,0,55,2,0,2,57
12/20/2022,MSO,MT,ANM,WE,Federal Contract Tower,16,20,10,0,46,0,1,0,0,1,16,21,10,0,47,0,0,0,47
12/21/2022,MSO,MT,ANM,WE,Federal Contract Tower,20,21,15,0,56,0,1,0,0,1,20,22,15,0,57,0,0,0,57
12/22/2022,MSO,MT,ANM,WE,Federal Contract Tower,22,23,9,0,54,0,2,8,0,10,22,25,17,0,64,0,0,0,64
12/23/2022,MSO,MT,ANM,WE,Federal Contract Tower,11,16,4,0,31,0,0,0,0,0,11,16,4,0,31,0,0,0,31
12/24/2022,MSO,MT,ANM,WE,Federal Contract Tower,13,5,4,0,22,0,0,0,0,0,13,5,4,0,22,0,0,0,22
12/25/2022,MSO,MT,ANM,WE,Federal Contract Tower,9,1,1,0,11,0,0,0,0,0,9,1,1,0,11,0,0,0,11
12/26/2022,MSO,MT,ANM,WE,Federal Contract Tower,19,14,4,0,37,0,0,3,0,3,19,14,7,0,40,0,0,0,40
12/28/2022,MSO,MT,ANM,WE,Federal Contract Tower,21,19,10,0,50,0,2,10,2,14,21,21,20,2,64,28,0,28,92
12/29/2022,MSO,MT,ANM,WE,Federal Contract Tower,24,14,12,0,50,0,7,38,0,45,24,21,50,0,95,38,0,38,133
12/30/2022,MSO,MT,ANM,WE,Federal Contract Tower,20,22,3,0,45,0,2,0,0,2,20,24,3,0,47,0,0,0,47
12/31/2022,MSO,MT,ANM,WE,Federal Contract Tower,19,7,5,0,31,0,0,2,0,2,19,7,7,0,33,16,0,16,49
01/01/2023,MSO,MT,ANM,WE,Federal Contract Tower,15,6,4,0,25,0,6,8,0,14,15,12,12,0,39,12,0,12,51
01/02/2023,MSO,MT,ANM,WE,Federal Contract Tower,19,6,15,0,40,0,10,27,0,37,19,16,42,0,77,12,0,12,89
01/03/2023,MSO,MT,ANM,WE,Federal Contract Tower,18,15,22,1,56,0,0,30,0,30,18,15,52,1,86,36,2,38,124
01/06/2023,MSO,MT,ANM,WE,Federal Contract Tower,26,15,14,0,55,0,0,33,0,33,26,15,47,0,88,30,0,30,118
01/07/2023,MSO,MT,ANM,WE,Federal Contract Tower,15,9,5,0,29,0,0,0,0,0,15,9,5,0,29,0,0,0,29
01/08/2023,MSO,MT,ANM,WE,Federal Contract Tower,25,0,4,0,29,0,1,14,1,16,25,1,18,1,45,10,0,10,55
01/09/2023,MSO,MT,ANM,WE,Federal Contract Tower,22,8,10,0,40,0,0,0,0,0,22,8,10,0,40,0,0,0,40
01/10/2023,MSO,MT,ANM,WE,Federal Contract Tower,16,19,6,4,45,0,0,0,0,0,16,19,6,4,45,0,0,0,45
01/11/2023,MSO,MT,ANM,WE,Federal Contract Tower,16,13,19,0,48,0,0,4,0,4,16,13,23,0,52,24,0,24,76
01/12/2023,MSO,MT,ANM,WE,Federal Contract Tower,19,8,13,0,40,0,11,29,0,40,19,19,42,0,80,106,0,106,186
01/13/2023,MSO,MT,ANM,WE,Federal Contract Tower,23,11,9,0,43,0,3,24,0,27,23,14,33,0,70,10,0,10,80
01/14/2023,MSO,MT,ANM,WE,Federal Contract Tower,9,3,3,0,15,0,0,7,0,7,9,3,10,0,22,0,0,0,22
01/15/2023,MSO,MT,ANM,WE,Federal Contract Tower,18,4,4,0,26,0,0,5,0,5,18,4,9,0,31,14,0,14,45
01/16/2023,MSO,MT,ANM,WE,Federal Contract Tower,21,1,7,0,29,0,0,9,0,9,21,1,16,0,38,14,0,14,52
01/17/2023,MSO,MT,ANM,WE,Federal Contract Tower,15,4,10,0,29,0,0,6,0,6,15,4,16,0,35,28,0,28,63
01/18/2023,MSO,MT,ANM,WE,Federal Contract Tower,15,17,13,11,56,0,3,36,0,39,15,20,49,11,95,44,12,56,151
01/21/2023,MSO,MT,ANM,WE,Federal Contract Tower,11,7,1,0,19,0,7,51,1,59,11,14,52,1,78,56,2,58,136
01/22/2023,MSO,MT,ANM,WE,Federal Contract Tower,18,2,10,0,30,0,1,12,0,13,18,3,22,0,43,40,0,40,83
01/23/2023,MSO,MT,ANM,WE,Federal Contract Tower,23,11,7,0,41,0,3,20,0,23,23,14,27,0,64,6,0,6,70
01/24/2023,MSO,MT,ANM,WE,Federal Contract Tower,16,15,20,3,54,0,0,13,0,13,16,15,33,3,67,40,0,40,107
01/25/2023,MSO,MT,ANM,WE,Federal Contract Tower,16,18,13,0,47,0,1,18,0,19,16,19,31,0,66,32,0,32,98
01/26/2023,MSO,MT,ANM,WE,Federal Contract Tower,20,9,5,0,34,0,5,12,0,17,20,14,17,0,51,18,0,18,69
01/27/2023,MSO,MT,ANM,WE,Federal Contract Tower,23,7,10,0,40,0,0,0,0,0,23,7,10,0,40,0,0,0,40
01/28/2023,MSO,MT,ANM,WE,Federal Contract Tower,12,7,5,0,24,0,8,10,1,19,12,15,15,1,43,8,0,8,51
01/29/2023,MSO,MT,ANM,WE,Federal Contract Tower,20,0,5,0,25,0,0,9,0,9,20,0,14,0,34,22,0,22,56
01/30/2023,MSO,MT,ANM,WE,Federal Contract Tower,21,6,9,0,36,0,4,17,0,21,21,10,26,0,57,32,0,32,89
01/31/2023,MSO,MT,ANM,WE,Federal Contract Tower,16,8,5,0,29,0,0,1,0,1,16,8,6,0,30,0,0,0,30
02/02/2023,MSO,MT,ANM,WE,Federal Contract Tower,21,9,10,0,40,0,4,32,1,37,21,13,42,1,77,38,4,42,119
02/03/2023,MSO,MT,ANM,WE,Federal Contract Tower,20,11,4,0,35,0,16,17,3,36,20,27,21,3,71,22,0,22,93
02/04/2023,MSO,MT,ANM,WE,Federal Contract Tower,15,5,7,0,27,0,4,18,0,22,15,9,25,0,49,60,0,60,109
02/05/2023,MSO,MT,ANM,WE,Federal Contract Tower,20,2,7,0,29,0,0,11,0,11,20,2,18,0,40,38,0,38,78
02/06/2023,MSO,MT,ANM,WE,Federal Contract Tower,25,6,4,2,37,0,0,6,1,7,25,6,10,3,44,14,14,28,72
02/07/2023,MSO,MT,ANM,WE,Federal Contract Tower,16,15,12,6,49,0,8,19,1,28,16,23,31,7,77,34,20,54,131
02/08/2023,MSO,MT,ANM,WE,Federal Contract Tower,14,13,4,0,31,0,2,1,0,3,14,15,5,0,34,0,0,0,34
02/09/2023,MSO,MT,ANM,WE,Federal Contract Tower,20,12,13,2,47,0,4,35,2,41,20,16,48,4,88,72,4,76,164
02/10/2023,MSO,MT,ANM,WE,Federal Contract Tower,23,16,11,0,50,0,4,33,0,37,23,20,44,0,87,42,0,42,129
02/11/2023,MSO,MT,ANM,WE,Federal Contract Tower,16,6,6,0,28,0,6,33,0,39,16,12,39,0,67,24,0,24,91
02/12/2023,MSO,MT,ANM,WE,Federal Contract Tower,21,2,9,0,32,0,2,21,0,23,21,4,30,0,55,38,0,38,93
02/13/2023,MSO,MT,ANM,WE,Federal Contract Tower,20,8,3,0,31,0,3,4,0,7,20,11,7,0,38,12,0,12,50
02/14/2023,MSO,MT,ANM,WE,Federal Contract Tower,16,10,5,0,31,0,0,1,0,1,16,10,6,0,32,4,0,4,36
02/15/2023,MSO,MT,ANM,WE,Federal Contract Tower,17,11,11,0,39,0,0,10,0,10,17,11,21,0,49,65,0,65,114
02/16/2023,MSO,MT,ANM,WE,Federal Contract Tower,21,12,14,0,47,0,0,43,0,43,21,12,57,0,90,58,0,58,148
02/17/2023,MSO,MT,ANM,WE,Federal Contract Tower,21,11,12,3,47,0,9,33,2,44,21,20,45,5,91,28,26,54,145
02/18/2023,MSO,MT,ANM,WE,Federal Contract Tower,20,10,2,0,32,0,0,1,0,1,20,10,3,0,33,14,0,14,47
02/19/2023,MSO,MT,ANM,WE,Federal Contract Tower,19,3,8,0,30,0,2,2,0,4,19,5,10,0,34,0,0,0,34
02/20/2023,MSO,MT,ANM,WE,Federal Contract Tower,21,13,17,0,51,0,0,1,0,1,21,13,18,0,52,12,0,12,64
02/21/2023,MSO,MT,ANM,WE,Federal Contract Tower,17,15,10,0,42,0,12,2,0,14,17,27,12,0,56,16,0,16,72
02/22/2023,MSO,MT,ANM,WE,Federal Contract Tower,17,14,10,0,41,0,1,4,0,5,17,15,14,0,46,22,0,22,68
02/23/2023,MSO,MT,ANM,WE,Federal Contract Tower,21,10,12,0,43,0,3,5,0,8,21,13,17,0,51,52,0,52,103
02/24/2023,MSO,MT,ANM,WE,Federal Contract Tower,19,10,3,0,32,0,5,17,0,22,19,15,20,0,54,28,0,28,82
02/25/2023,MSO,MT,ANM,WE,Federal Contract Tower,18,7,3,0,28,0,3,71,1,75,18,10,74,1,103,56,0,56,159
02/26/2023,MSO,MT,ANM,WE,Federal Contract Tower,20,8,10,1,39,0,3,16,0,19,20,11,26,1,58,5,10,15,73
02/28/2023,MSO,MT,ANM,WE,Federal Contract Tower,23,6,8,6,43,0,6,26,0,32,23,12,34,6,75,30,12,42,117
03/01/2023,MSO,MT,ANM,WE,Federal Contract Tower,19,13,16,2,50,0,0,35,1,36,19,13,51,3,86,28,1,29,115
03/02/2023,MSO,MT,ANM,WE,Federal Contract Tower,15,9,6,2,32,0,0,19,0,19,15,9,25,2,51,6,2,8,59
03/03/2023,MSO,MT,ANM,WE,Federal Contract Tower,22,12,19,0,53,0,3,4,0,7,22,15,23,0,60,10,0,10,70
03/04/2023,MSO,MT,ANM,WE,Federal Contract Tower,18,5,3,0,26,0,6,30,0,36,18,11,33,0,62,16,0,16,78
03/05/2023,MSO,MT,ANM,WE,Federal Contract Tower,20,3,13,0,36,0,4,0,0,4,20,7,13,0,40,0,0,0,40
03/06/2023,MSO,MT,ANM,WE,Federal Contract Tower,20,10,7,3,40,0,4,7,2,13,20,14,14,5,53,8,10,18,71
03/07/2023,MSO,MT,ANM,WE,Federal Contract Tower,19,12,10,0,41,0,2,35,0,37,19,14,45,0,78,124,0,124,202
03/08/2023,MSO,MT,ANM,WE,Federal Contract Tower,22,12,14,2,50,0,0,28,0,28,22,12,42,2,78,8,0,8,86
03/09/2023,MSO,MT,ANM,WE,Federal Contract Tower,23,9,3,21,56,0,7,22,1,30,23,16,25,22,86,66,8,74,160
03/10/2023,MSO,MT,ANM,WE,Federal Contract Tower,19,12,8,0,39,0,0,0,0,0,19,12,8,0,39,0,0,0,39
03/11/2023,MSO,MT,ANM,WE,Federal Contract Tower,20,4,7,0,31,0,5,16,0,21,20,9,23,0,52,48,0,48,100
03/12/2023,MSO,MT,ANM,WE,Federal Contract Tower,20,4,4,0,28,0,8,28,0,36,20,12,32,0,64,0,0,0,64
03/13/2023,MSO,MT,ANM,WE,Federal Contract Tower,20,7,12,0,39,0,3,20,0,23,20,10,32,0,62,10,0,10,72
03/15/2023,MSO,MT,ANM,WE,Federal Contract Tower,23,9,8,0,40,0,1,14,0,15,23,10,22,0,55,98,0,98,153
03/16/2023,MSO,MT,ANM,WE,Federal Contract Tower,22,16,10,0,48,0,7,40,0,47,22,23,50,0,95,54,0,54,149
03/18/2023,MSO,MT,ANM,WE,Federal Contract Tower,19,9,4,0,32,0,20,39,0,59,19,29,43,0,91,24,0,24,115
03/19/2023,MSO,MT,ANM,WE,Federal Contract Tower,19,1,10,0,30,0,3,49,0,52,19,4,59,0,82,14,0,14,96
03/20/2023,MSO,MT,ANM,WE,Federal Contract Tower,21,3,15,0,39,0,3,11,0,14,21,6,26,0,53,28,0,28,81
03/21/2023,MSO,MT,ANM,WE,Federal Contract Tower,18,10,16,7,51,0,0,26,0,26,18,10,42,7,77,48,12,60,137
03/22/2023,MSO,MT,ANM,WE,Federal Contract Tower,18,8,11,0,37,0,5,47,0,52,18,13,58,0,89,8,0,8,97
03/23/2023,MSO,MT,ANM,WE,Federal Contract Tower,21,15,14,1,51,0,0,42,1,43,21,15,56,2,94,18,16,34,128
03/24/2023,MSO,MT,ANM,WE,Federal Contract Tower,20,17,17,0,54,0,0,2,0,2,20,17,19,0,56,38,0,38,94
03/25/2023,MSO,MT,ANM,WE,Federal Contract Tower,16,10,6,0,32,0,0,8,0,8,16,10,14,0,40,40,0,40,80
03/26/2023,MSO,MT,ANM,WE,Federal Contract Tower,20,3,6,0,29,0,0,0,0,0,20,3,6,0,29,0,0,0,29
03/27/2023,MSO,MT,ANM,WE,Federal Contract Tower,21,10,10,2,43,0,9,28,0,37,21,19,38,2,80,74,0,74,154
03/29/2023,MSO,MT,ANM,WE,Federal Contract Tower,19,10,9,0,38,0,2,29,0,31,19,12,38,0,69,70,0,70,139
03/30/2023,MSO,MT,ANM,WE,Federal Contract Tower,20,6,6,2,34,0,0,0,0,0,20,6,6,2,34,0,0,0,34
03/31/2023,MSO,MT,ANM,WE,Federal Contract Tower,22,10,15,0,47,0,0,12,0,12,22,10,27,0,59,54,0,54,113
04/01/2023,MSO,MT,ANM,WE,Federal Contract Tower,19,10,5,0,34,0,0,3,0,3,19,10,8,0,37,30,0,30,67
04/02/2023,MSO,MT,ANM,WE,Federal Contract Tower,18,5,4,0,27,0,5,6,0,11,18,10,10,0,38,8,0,8,46
04/03/2023,MSO,MT,ANM,WE,Federal Contract Tower,19,9,14,0,42,0,0,0,0,0,19,9,14,0,42,0,0,0,42
04/04/2023,MSO,MT,ANM,WE,Federal Contract Tower,19,11,9,0,39,0,0,36,0,36,19,11,45,0,75,68,0,68,143
04/05/2023,MSO,MT,ANM,WE,Federal Contract Tower,18,14,13,0,45,0,2,38,0,40,18,16,51,0,85,18,0,18,103
04/06/2023,MSO,MT,ANM,WE,Federal Contract Tower,20,12,20,0,52,0,7,64,0,71,20,19,84,0,123,50,0,50,173
04/07/2023,MSO,MT,ANM,WE,Federal Contract Tower,22,8,13,0,43,0,4,42,0,46,22,12,55,0,89,10,0,10,99
04/08/2023,MSO,MT,ANM,WE,Federal Contract Tower,19,5,0,0,24,0,10,32,0,42,19,15,32,0,66,36,0,36,102
04/09/2023,MSO,MT,ANM,WE,Federal Contract Tower,18,2,10,0,30,0,7,29,0,36,18,9,39,0,66,10,0,10,76
04/10/2023,MSO,MT,ANM,WE,Federal Contract Tower,20,11,14,0,45,0,6,23,0,29,20,17,37,0,74,24,0,24,98
04/11/2023,MSO,MT,ANM,WE,Federal Contract Tower,16,11,13,0,40,0,0,2,0,2,16,11,15,0,42,0,0,0,42
04/12/2023,MSO,MT,ANM,WE,Federal Contract Tower,19,11,17,1,48,0,0,28,3,31,19,11,45,4,79,22,6,28,107
04/13/2023,MSO,MT,ANM,WE,Federal Contract Tower,24,14,16,0,54,0,0,15,0,15,24,14,31,0,69,0,0,0,69
04/14/2023,MSO,MT,ANM,WE,Federal Contract Tower,18,9,10,1,38,0,1,30,0,31,18,10,40,1,69,12,0,12,81
04/15/2023,MSO,MT,ANM,WE,Federal Contract Tower,17,3,15,0,35,0,2,93,0,95,17,5,108,0,130,42,0,42,172
04/16/2023,MSO,MT,ANM,WE,Federal Contract Tower,17,3,12,0,32,0,5,47,0,52,17,8,59,0,84,16,0,16,100
04/17/2023,MSO,MT,ANM,WE,Federal Contract Tower,18,12,12,0,42,0,0,1,0,1,18,12,13,0,43,16,0,16,59
04/18/2023,MSO,MT,ANM,WE,Federal Contract Tower,18,16,11,0,45,0,0,0,0,0,18,16,11,0,45,10,0,10,55
04/19/2023,MSO,MT,ANM,WE,Federal Contract Tower,16,11,17,0,44,0,5,16,0,21,16,16,33,0,65,14,0,14,79
04/20/2023,MSO,MT,ANM,WE,Federal Contract Tower,21,12,13,0,46,0,2,19,0,21,21,14,32,0,67,24,0,24,91
04/21/2023,MSO,MT,ANM,WE,Federal Contract Tower,20,16,9,0,45,0,0,0,0,0,20,16,9,0,45,0,0,0,45
04/22/2023,MSO,MT,ANM,WE,Federal Contract Tower,15,5,11,0,31,0,7,33,0,40,15,12,44,0,71,98,0,98,169
04/23/2023,MSO,MT,ANM,WE,Federal Contract Tower,20,7,11,0,38,0,6,47,1,54,20,13,58,1,92,40,0,40,132
04/24/2023,MSO,MT,ANM,WE,Federal Contract Tower,17,7,9,0,33,0,0,0,0,0,17,7,9,0,33,0,0,0,33
04/25/2023,MSO,MT,ANM,WE,Federal Contract Tower,17,16,11,0,44,0,2,37,0,39,17,18,48,0,83,16,0,16,99
04/26/2023,MSO,MT,ANM,WE,Federal Contract Tower,18,7,11,0,36,0,5,72,4,81,18,12,83,4,117,68,0,68,185
04/27/2023,MSO,MT,ANM,WE,Federal Contract Tower,23,8,20,0,51,0,2,27,0,29,23,10,47,0,80,14,0,14,94
04/28/2023,MSO,MT,ANM,WE,Federal Contract Tower,21,7,11,3,42,0,10,54,2,66,21,17,65,5,108,64,8,72,180
04/29/2023,MSO,MT,ANM,WE,Federal Contract Tower,16,5,8,0,29,0,3,56,0,59,16,8,64,0,88,24,0,24,112
04/30/2023,MSO,MT,ANM,WE,Federal Contract Tower,22,6,6,0,34,0,3,55,0,58,22,9,61,0,92,28,0,28,120
05/01/2023,MSO,MT,ANM,WE,Federal Contract Tower,18,5,11,0,34,0,8,28,2,38,18,13,39,2,72,34,0,34,106
05/02/2023,MSO,MT,ANM,WE,Federal Contract Tower,15,12,13,0,40,0,6,20,0,26,15,18,33,0,66,26,0,26,92
05/03/2023,MSO,MT,ANM,WE,Federal Contract Tower,19,11,16,2,48,0,5,62,1,68,19,16,78,3,116,28,20,48,164
05/04/2023,MSO,MT,ANM,WE,Federal Contract Tower,20,7,14,0,41,0,8,57,0,65,20,15,71,0,106,14,0,14,120
05/05/2023,MSO,MT,ANM,WE,Federal Contract Tower,21,5,19,0,45,0,10,14,0,24,21,15,33,0,69,70,0,70,139
05/06/2023,MSO,MT,ANM,WE,Federal Contract Tower,20,2,9,0,31,0,4,8,0,12,20,6,17,0,43,68,0,68,111
05/07/2023,MSO,MT,ANM,WE,Federal Contract Tower,25,2,16,0,43,0,6,17,0,23,25,8,33,0,66,66,0,66,132
05/08/2023,MSO,MT,ANM,WE,Federal Contract Tower,21,12,16,4,53,0,4,31,0,35,21,16,47,4,88,56,8,64,152
05/09/2023,MSO,MT,ANM,WE,Federal Contract Tower,17,12,7,2,38,0,0,12,0,12,17,12,19,2,50,6,2,8,58
05/10/2023,MSO,MT,ANM,WE,Federal Contract Tower,21,19,17,0,57,0,8,32,0,40,21,27,49,0,97,94,0,94,191
05/11/2023,MSO,MT,ANM,WE,Federal Contract Tower,20,13,10,0,43,0,3,69,0,72,20,16,79,0,115,12,0,12,127
05/12/2023,MSO,MT,ANM,WE,Federal Contract Tower,21,13,21,2,57,0,4,98,0,102,21,17,119,2,159,171,0,171,330
05/13/2023,MSO,MT,ANM,WE,Federal Contract Tower,21,5,4,0,30,0,1,44,0,45,21,6,48,0,75,46,0,46,121
05/14/2023,MSO,MT,ANM,WE,Federal Contract Tower,24,2,16,0,42,0,3,32,0,35,24,5,48,0,77,0,0,0,77
05/15/2023,MSO,MT,ANM,WE,Federal Contract Tower,23,7,18,0,48,0,7,40,0,47,23,14,58,0,95,26,0,26,121
05/16/2023,MSO,MT,ANM,WE,Federal Contract Tower,18,20,12,1,51,0,9,62,0,71,18,29,74,1,122,26,0,26,148
05/17/2023,MSO,MT,ANM,WE,Federal Contract Tower,21,11,19,2,53,0,4,36,0,40,21,15,55,2,93,32,0,32,125
05/18/2023,MSO,MT,ANM,WE,Federal Contract Tower,23,6,22,0,51,0,5,38,0,43,23,11,60,0,94,8,2,10,104
05/19/2023,MSO,MT,ANM,WE,Federal Contract Tower,25,11,24,0,60,0,10,53,0,63,25,21,77,0,123,46,0,46,169
05/20/2023,MSO,MT,ANM,WE,Federal Contract Tower,20,3,9,0,32,0,2,46,0,48,20,5,55,0,80,8,0,8,88
05/21/2023,MSO,MT,ANM,WE,Federal Contract Tower,23,4,14,0,41,0,1,34,2,37,23,5,48,2,78,6,0,6,84
05/22/2023,MSO,MT,ANM,WE,Federal Contract Tower,23,8,15,1,47,0,9,13,0,22,23,17,28,1,69,6,0,6,75
05/24/2023,MSO,MT,ANM,WE,Federal Contract Tower,21,17,19,0,57,0,5,49,0,54,21,22,68,0,111,6,0,6,117
05/25/2023,MSO,MT,ANM,WE,Federal Contract Tower,24,14,26,0,64,0,6,12,0,18,24,20,38,0,82,18,0,18,100
05/26/2023,MSO,MT,ANM,WE,Federal Contract Tower,28,10,18,0,56,0,2,16,4,22,28,12,34,4,78,38,0,38,116
05/27/2023,MSO,MT,ANM,WE,Federal Contract Tower,18,7,8,0,33,0,6,21,0,27,18,13,29,0,60,36,0,36,96
05/28/2023,MSO,MT,ANM,WE,Federal Contract Tower,23,3,7,0,33,0,3,21,0,24,23,6,28,0,57,20,0,20,77
05/29/2023,MSO,MT,ANM,WE,Federal Contract Tower,29,5,27,0,61,0,4,64,0,68,29,9,91,0,129,52,0,52,181
05/30/2023,MSO,MT,ANM,WE,Federal Contract Tower,23,11,7,0,41,0,15,67,0,82,23,26,74,0,123,14,0,14,137
05/31/2023,MSO,MT,ANM,WE,Federal Contract Tower,18,10,13,0,41,0,6,33,0,39,18,16,46,0,80,32,0,32,112
06/01/2023,MSO,MT,ANM,WE,Federal Contract Tower,32,8,20,0,60,0,4,40,0,44,32,12,60,0,104,10,0,10,114
06/02/2023,MSO,MT,ANM,WE,Federal Contract Tower,36,9,19,0,64,0,4,48,0,52,36,13,67,0,116,10,0,10,126
06/03/2023,MSO,MT,ANM,WE,Federal Contract Tower,26,5,12,0,43,0,5,26,0,31,26,10,38,0,74,32,0,32,106
06/04/2023,MSO,MT,ANM,WE,Federal Contract Tower,29,3,7,0,39,0,7,50,0,57,29,10,57,0,96,32,0,32,128
06/05/2023,MSO,MT,ANM,WE,Federal Contract Tower,34,13,14,0,61,0,10,48,0,58,34,23,62,0,119,14,0,14,133
06/06/2023,MSO,MT,ANM,WE,Federal Contract Tower,27,17,9,0,53,0,7,77,0,84,27,24,86,0,137,14,0,14,151
06/07/2023,MSO,MT,ANM,WE,Federal Contract Tower,27,15,14,0,56,0,5,44,0,49,27,20,58,0,105,4,0,4,109
06/08/2023,MSO,MT,ANM,WE,Federal Contract Tower,28,15,15,0,58,0,0,33,0,33,28,15,48,0,91,0,0,0,91
06/09/2023,MSO,MT,ANM,WE,Federal Contract Tower,34,11,25,1,71,0,0,27,2,29,34,11,52,3,100,48,0,48,148
06/10/2023,MSO,MT,ANM,WE,Federal Contract Tower,26,13,10,0,49,0,2,23,0,25,26,15,33,0,74,38,0,38,112
06/11/2023,MSO,MT,ANM,WE,Federal Contract Tower,27,12,19,0,58,0,2,25,0,27,27,14,44,0,85,0,0,0,85
06/13/2023,MSO,MT,ANM,WE,Federal Contract Tower,22,22,18,1,63,0,9,45,1,55,22,31,63,2,118,0,18,18,136
06/14/2023,MSO,MT,ANM,WE,Federal Contract Tower,29,8,21,0,58,0,14,19,0,33,29,22,40,0,91,20,0,20,111
06/15/2023,MSO,MT,ANM,WE,Federal Contract Tower,29,15,21,0,65,0,1,33,0,34,29,16,54,0,99,18,0,18,117
06/16/2023,MSO,MT,ANM,WE,Federal Contract Tower,30,11,21,2,64,0,7,74,0,81,30,18,95,2,145,16,0,16,161
06/17/2023,MSO,MT,ANM,WE,Federal Contract Tower,35,6,12,0,53,0,12,12,0,24,35,18,24,0,77,14,0,14,91
06/18/2023,MSO,MT,ANM,WE,Federal Contract Tower,27,5,11,0,43,0,4,6,0,10,27,9,17,0,53,0,0,0,53
06/19/2023,MSO,MT,ANM,WE,Federal Contract Tower,31,18,13,0,62,0,1,19,0,20,31,19,32,0,82,14,0,14,96
06/20/2023,MSO,MT,ANM,WE,Federal Contract Tower,28,17,14,0,59,0,5,41,0,46,28,22,55,0,105,4,0,4,109
06/21/2023,MSO,MT,ANM,WE,Federal Contract Tower,28,7,20,0,55,0,6,57,0,63,28,13,77,0,118,76,0,76,194
06/22/2023,MSO,MT,ANM,WE,Federal Contract Tower,31,19,17,0,67,0,12,40,0,52,31,31,57,0,119,14,0,14,133
06/23/2023,MSO,MT,ANM,WE,Federal Contract Tower,35,13,25,0,73,0,8,45,0,53,35,21,70,0,126,34,0,34,160
06/24/2023,MSO,MT,ANM,WE,Federal Contract Tower,35,13,12,0,60,0,3,36,4,43,35,16,48,4,103,36,0,36,139
06/25/2023,MSO,MT,ANM,WE,Federal Contract Tower,30,10,20,0,60,0,2,39,2,43,30,12,59,2,103,0,0,0,103
06/26/2023,MSO,MT,ANM,WE,Federal Contract Tower,35,16,7,0,58,0,13,36,0,49,35,29,43,0,107,8,0,8,115
06/28/2023,MSO,MT,ANM,WE,Federal Contract Tower,30,11,21,3,65,0,3,22,0,25,30,14,43,3,90,20,0,20,110
06/29/2023,MSO,MT,ANM,WE,Federal Contract Tower,31,16,17,0,64,0,2,78,0,80,31,18,95,0,144,36,0,36,180
06/30/2023,MSO,MT,ANM,WE,Federal Contract Tower,34,22,17,2,75,0,5,101,3,109,34,27,118,5,184,28,26,54,238
07/01/2023,MSO,MT,ANM,WE,Federal Contract Tower,33,13,21,0,67,0,15,77,0,92,33,28,98,0,159,2,0,2,161
07/02/2023,MSO,MT,ANM,WE,Federal Contract Tower,27,7,9,0,43,0,6,48,0,54,27,13,57,0,97,18,0,18,115
07/03/2023,MSO,MT,ANM,WE,Federal Contract Tower,35,5,13,0,53,0,0,43,0,43,35,5,56,0,96,34,0,34,130
07/04/2023,MSO,MT,ANM,WE,Federal Contract Tower,26,3,1,0,30,0,12,28,0,40,26,15,29,0,70,4,0,4,74
07/05/2023,MSO,MT,ANM,WE,Federal Contract Tower,31,19,8,0,58,0,8,59,0,67,31,27,67,0,125,2,0,2,127
07/06/2023,MSO,MT,ANM,WE,Federal Contract Tower,33,19,15,2,69,0,10,44,0,54,33,29,59,2,123,44,0,44,167
07/07/2023,MSO,MT,ANM,WE,Federal Contract Tower,38,14,13,0,65,0,4,69,0,73,38,18,82,0,138,56,0,56,194
07/08/2023,MSO,MT,ANM,WE,Federal Contract Tower,36,8,21,0,65,0,7,55,0,62,36,15,76,0,127,6,0,6,133
07/09/2023,MSO,MT,ANM,WE,Federal Contract Tower,36,10,13,3,62,0,5,45,0,50,36,15,58,3,112,10,0,10,122
07/10/2023,MSO,MT,ANM,WE,Federal Contract Tower,41,16,22,0,79,0,2,39,2,43,41,18,61,2,122,42,0,42,164
07/12/2023,MSO,MT,ANM,WE,Federal Contract Tower,33,16,14,2,65,0,6,74,7,87,33,22,88,9,152,38,0,38,190
07/13/2023,MSO,MT,ANM,WE,Federal Contract Tower,36,17,13,1,67,0,7,97,3,107,36,24,110,4,174,38,8,46,220
07/14/2023,MSO,MT,ANM,WE,Federal Contract Tower,40,21,10,0,71,0,22,89,7,118,40,43,99,7,189,44,0,44,233
07/15/2023,MSO,MT,ANM,WE,Federal Contract Tower,36,18,11,0,65,0,11,46,0,57,36,29,57,0,122,6,0,6,128
07/16/2023,MSO,MT,ANM,WE,Federal Contract Tower,36,13,13,1,63,0,9,52,6,67,36,22,65,7,130,4,0,4,134
07/17/2023,MSO,MT,ANM,WE,Federal Contract Tower,41,14,16,0,71,0,8,22,3,33,41,22,38,3,104,18,0,18,122
07/18/2023,MSO,MT,ANM,WE,Federal Contract Tower,32,15,23,0,70,0,7,80,7,94,32,22,103,7,164,46,0,46,210
07/19/2023,MSO,MT,ANM,WE,Federal Contract Tower,33,17,14,0,64,0,4,84,5,93,33,21,98,5,157,54,0,54,211
07/20/2023,MSO,MT,ANM,WE,Federal Contract Tower,36,20,21,0,77,0,26,73,2,101,36,46,94,2,178,50,0,50,228
07/21/2023,MSO,MT,ANM,WE,Federal Contract Tower,38,18,17,11,84,0,5,141,3,149,38,23,158,14,233,32,12,44,277
07/22/2023,MSO,MT,ANM,WE,Federal Contract Tower,40,9,11,1,61,0,0,59,0,59,40,9,70,1,120,38,0,38,158
07/23/2023,MSO,MT,ANM,WE,Federal Contract Tower,35,6,21,0,62,0,6,71,0,77,35,12,92,0,139,18,0,18,157
07/24/2023,MSO,MT,ANM,WE,Federal Contract Tower,41,13,15,0,69,0,9,81,3,93,41,22,96,3,162,2,0,2,164
07/25/2023,MSO,MT,ANM,WE,Federal Contract Tower,34,14,24,0,72,0,4,72,0,76,34,18,96,0,148,52,0,52,200
07/27/2023,MSO,MT,ANM,WE,Federal Contract Tower,34,6,22,0,62,0,8,83,0,91,34,14,105,0,153,16,0,16,169
07/28/2023,MSO,MT,ANM,WE,Federal Contract Tower,41,11,23,0,75,0,0,102,0,102,41,11,125,0,177,46,0,46,223
07/29/2023,MSO,MT,ANM,WE,Federal Contract Tower,36,12,19,0,67,0,6,99,0,105,36,18,118,0,172,36,0,36,208
07/30/2023,MSO,MT,ANM,WE,Federal Contract Tower,36,12,18,0,66,0,45,135,0,180,36,57,153,0,246,4,0,4,250
07/31/2023,MSO,MT,ANM,WE,Federal Contract Tower,39,15,18,0,72,0,51,86,0,137,39,66,104,0,209,0,0,0,209
08/01/2023,MSO,MT,ANM,WE,Federal Contract Tower,35,21,14,0,70,0,39,105,0,144,35,60,119,0,214,8,0,8,222
08/02/2023,MSO,MT,ANM,WE,Federal Contract Tower,34,9,21,7,71,0,29,82,1,112,34,38,103,8,183,26,12,38,221
08/03/2023,MSO,MT,ANM,WE,Federal Contract Tower,35,15,13,0,63,0,21,96,0,117,35,36,109,0,180,42,0,42,222
08/04/2023,MSO,MT,ANM,WE,Federal Contract Tower,38,13,25,0,76,1,11,130,2,144,39,24,155,2,220,20,0,20,240
08/06/2023,MSO,MT,ANM,WE,Federal Contract Tower,35,10,19,0,64,0,2,18,0,20,35,12,37,0,84,0,0,0,84
08/07/2023,MSO,MT,ANM,WE,Federal Contract Tower,39,15,22,0,76,0,13,30,0,43,39,28,52,0,119,28,0,28,147
08/08/2023,MSO,MT,ANM,WE,Federal Contract Tower,33,9,27,0,69,0,16,41,0,57,33,25,68,0,126,0,0,0,126
08/09/2023,MSO,MT,ANM,WE,Federal Contract Tower,33,15,16,0,64,0,8,48,0,56,33,23,64,0,120,0,0,0,120
08/10/2023,MSO,MT,ANM,WE,Federal Contract Tower,34,16,11,0,61,0,6,40,0,46,34,22,51,0,107,4,0,4,111
08/11/2023,MSO,MT,ANM,WE,Federal Contract Tower,41,9,13,0,63,0,4,99,0,103,41,13,112,0,166,12,0,12,178
08/12/2023,MSO,MT,ANM,WE,Federal Contract Tower,40,5,11,0,56,0,7,69,0,76,40,12,80,0,132,22,0,22,154
08/13/2023,MSO,MT,ANM,WE,Federal Contract Tower,36,5,13,0,54,0,8,66,0,74,36,13,79,0,128,10,0,10,138
08/14/2023,MSO,MT,ANM,WE,Federal Contract Tower,42,5,15,0,62,0,33,68,0,101,42,38,83,0,163,2,0,2,165
08/15/2023,MSO,MT,ANM,WE,Federal Contract Tower,32,17,12,2,63,0,8,67,3,78,32,25,79,5,141,8,24,32,173
08/16/2023,MSO,MT,ANM,WE,Federal Contract Tower,33,24,19,1,77,0,9,77,0,86,33,33,96,1,163,4,0,4,167
08/17/2023,MSO,MT,ANM,WE,Federal Contract Tower,36,6,20,0,62,0,5,50,0,55,36,11,70,0,117,24,0,24,141
08/18/2023,MSO,MT,ANM,WE,Federal Contract Tower,36,9,21,4,70,0,16,66,0,82,36,25,87,4,152,16,10,26,178
08/19/2023,MSO,MT,ANM,WE,Federal Contract Tower,34,9,19,0,62,0,9,89,0,98,34,18,108,0,160,54,0,54,214
08/20/2023,MSO,MT,ANM,WE,Federal Contract Tower,34,7,17,0,58,0,4,32,0,36,34,11,49,0,94,0,0,0,94
08/21/2023,MSO,MT,ANM,WE,Federal Contract Tower,33,18,25,0,76,0,1,7,0,8,33,19,32,0,84,4,0,4,88
08/22/2023,MSO,MT,ANM,WE,Federal Contract Tower,22,15,8,0,45,0,8,23,1,32,22,23,31,1,77,32,0,32,109
08/23/2023,MSO,MT,ANM,WE,Federal Contract Tower,32,19,20,0,71,0,6,49,0,55,32,25,69,0,126,36,0,36,162
08/24/2023,MSO,MT,ANM,WE,Federal Contract Tower,33,7,18,0,58,0,4,91,2,97,33,11,109,2,155,62,0,62,217
08/25/2023,MSO,MT,ANM,WE,Federal Contract Tower,34,8,13,8,63,0,9,39,8,56,34,17,52,16,119,12,8,20,139
08/26/2023,MSO,MT,ANM,WE,Federal Contract Tower,35,8,12,0,55,0,2,58,1,61,35,10,70,1,116,40,0,40,156
08/27/2023,MSO,MT,ANM,WE,Federal Contract Tower,35,7,12,1,55,0,6,59,2,67,35,13,71,3,122,26,0,26,148
08/28/2023,MSO,MT,ANM,WE,Federal Contract Tower,33,6,13,1,53,0,7,50,1,58,33,13,63,2,111,12,0,12,123
08/29/2023,MSO,MT,ANM,WE,Federal Contract Tower,31,15,12,0,58,0,0,0,0,0,31,15,12,0,58,6,0,6,64
08/30/2023,MSO,MT,ANM,WE,Federal Contract Tower,31,16,17,0,64,0,3,18,0,21,31,19,35,0,85,46,0,46,131
08/31/2023,MSO,MT,ANM,WE,Federal Contract Tower,33,7,21,2,63,0,0,51,1,52,33,7,72,3,115,54,10,64,179
