01/01/2020,MSY,LA,ASW,CE,Combined TRACON& Tower with Radar,319,11,19,0,349,0,0,7,0,7,319,11,26,0,356,0,0,0,356
01/02/2020,MSY,LA,ASW,CE,Combined TRACON& Tower with Radar,348,23,18,0,389,0,0,1,0,1,348,23,19,0,390,0,0,0,390
01/03/2020,MSY,LA,ASW,CE,Combined TRACON& Tower with Radar,337,17,19,0,373,0,3,0,0,3,337,20,19,0,376,0,0,0,376
01/04/2020,MSY,LA,ASW,CE,Combined TRACON& Tower with Radar,309,10,28,2,349,0,7,5,0,12,309,17,33,2,361,0,0,0,361
01/05/2020,MSY,LA,ASW,CE,Combined TRACON& Tower with Radar,363,14,46,0,423,0,5,8,0,13,363,19,54,0,436,0,0,0,436
01/06/2020,MSY,LA,ASW,CE,Combined TRACON& Tower with Radar,333,10,27,2,372,0,8,2,0,10,333,18,29,2,382,0,0,0,382
01/07/2020,MSY,LA,ASW,CE,Combined TRACON& Tower with Radar,310,14,24,0,348,0,13,4,0,17,310,27,28,0,365,0,0,0,365
01/08/2020,MSY,LA,ASW,CE,Combined TRACON& Tower with Radar,312,12,9,0,333,0,17,2,0,19,312,29,11,0,352,0,0,0,352
01/09/2020,MSY,LA,ASW,CE,Combined TRACON& Tower with Radar,335,22,30,0,387,0,12,0,0,12,335,34,30,0,399,0,0,0,399
01/10/2020,MSY,LA,ASW,CE,Combined TRACON& Tower with Radar,322,12,29,0,363,0,0,0,0,0,322,12,29,0,363,0,0,0,363
01/11/2020,MSY,LA,ASW,CE,Combined TRACON& Tower with Radar,278,15,20,0,313,0,1,3,1,5,278,16,23,1,318,0,0,0,318
01/12/2020,MSY,LA,ASW,CE,Combined TRACON& Tower with Radar,360,27,64,1,452,0,0,5,0,5,360,27,69,1,457,0,0,0,457
01/13/2020,MSY,LA,ASW,CE,Combined TRACON& Tower with Radar,339,43,74,4,460,0,0,0,0,0,339,43,74,4,460,0,0,0,460
01/14/2020,MSY,LA,ASW,CE,Combined TRACON& Tower with Radar,330,73,123,2,528,0,0,1,2,3,330,73,124,4,531,0,0,0,531
01/15/2020,MSY,LA,ASW,CE,Combined TRACON& Tower with Radar,312,10,50,0,372,0,2,0,0,2,312,12,50,0,374,0,0,0,374
01/16/2020,MSY,LA,ASW,CE,Combined TRACON& Tower with Radar,340,14,37,2,393,0,2,0,0,2,340,16,37,2,395,0,0,0,395
01/17/2020,MSY,LA,ASW,CE,Combined TRACON& Tower with Radar,330,15,29,4,378,0,12,2,3,17,330,27,31,7,395,0,0,0,395
01/18/2020,MSY,LA,ASW,CE,Combined TRACON& Tower with Radar,253,9,12,1,275,0,0,0,1,1,253,9,12,2,276,0,0,0,276
01/19/2020,MSY,LA,ASW,CE,Combined TRACON& Tower with Radar,346,1,16,0,363,0,0,3,0,3,346,1,19,0,366,0,0,0,366
01/20/2020,MSY,LA,ASW,CE,Combined TRACON& Tower with Radar,320,17,16,0,353,0,4,3,0,7,320,21,19,0,360,0,0,0,360
01/21/2020,MSY,LA,ASW,CE,Combined TRACON& Tower with Radar,310,9,14,0,333,0,6,9,4,19,310,15,23,4,352,0,0,0,352
01/22/2020,MSY,LA,ASW,CE,Combined TRACON& Tower with Radar,306,14,29,0,349,0,11,4,3,18,306,25,33,3,367,0,0,0,367
01/23/2020,MSY,LA,ASW,CE,Combined TRACON& Tower with Radar,332,15,11,1,359,0,1,2,0,3,332,16,13,1,362,0,0,0,362
01/24/2020,MSY,LA,ASW,CE,Combined TRACON& Tower with Radar,331,10,16,1,358,0,12,9,3,24,331,22,25,4,382,0,0,0,382
01/25/2020,MSY,LA,ASW,CE,Combined TRACON& Tower with Radar,261,10,12,1,284,0,3,0,3,6,261,13,12,4,290,0,0,0,290
01/26/2020,MSY,LA,ASW,CE,Combined TRACON& Tower with Radar,347,14,17,2,380,0,0,0,0,0,347,14,17,2,380,0,0,0,380
01/27/2020,MSY,LA,ASW,CE,Combined TRACON& Tower with Radar,321,25,33,2,381,0,0,0,0,0,321,25,33,2,381,0,0,0,381
01/28/2020,MSY,LA,ASW,CE,Combined TRACON& Tower with Radar,313,13,25,3,354,0,13,6,3,22,313,26,31,6,376,0,0,0,376
01/29/2020,MSY,LA,ASW,CE,Combined TRACON& Tower with Radar,305,16,35,0,356,0,0,0,0,0,305,16,35,0,356,0,0,0,356
01/30/2020,MSY,LA,ASW,CE,Combined TRACON& Tower with Radar,333,8,25,1,367,0,11,2,1,14,333,19,27,2,381,0,0,0,381
01/31/2020,MSY,LA,ASW,CE,Combined TRACON& Tower with Radar,339,16,32,0,387,0,1,4,0,5,339,17,36,0,392,0,0,0,392
02/01/2020,MSY,LA,ASW,CE,Combined TRACON& Tower with Radar,266,9,9,0,284,0,0,3,0,3,266,9,12,0,287,0,0,0,287
02/02/2020,MSY,LA,ASW,CE,Combined TRACON& Tower with Radar,337,15,12,2,366,0,1,4,0,5,337,16,16,2,371,0,0,0,371
02/03/2020,MSY,LA,ASW,CE,Combined TRACON& Tower with Radar,326,5,18,0,349,0,6,4,0,10,326,11,22,0,359,0,0,0,359
02/04/2020,MSY,LA,ASW,CE,Combined TRACON& Tower with Radar,302,8,18,0,328,0,14,6,0,20,302,22,24,0,348,0,0,0,348
02/05/2020,MSY,LA,ASW,CE,Combined TRACON& Tower with Radar,303,8,26,0,337,0,0,0,0,0,303,8,26,0,337,0,0,0,337
02/06/2020,MSY,LA,ASW,CE,Combined TRACON& Tower with Radar,319,20,26,1,366,0,2,1,0,3,319,22,27,1,369,0,0,0,369
02/07/2020,MSY,LA,ASW,CE,Combined TRACON& Tower with Radar,332,14,26,3,375,0,13,8,3,24,332,27,34,6,399,0,0,0,399
02/08/2020,MSY,LA,ASW,CE,Combined TRACON& Tower with Radar,266,6,12,0,284,0,2,6,0,8,266,8,18,0,292,0,0,0,292
02/09/2020,MSY,LA,ASW,CE,Combined TRACON& Tower with Radar,352,14,23,1,390,0,0,2,0,2,352,14,25,1,392,0,0,0,392
02/10/2020,MSY,LA,ASW,CE,Combined TRACON& Tower with Radar,348,11,24,0,383,0,0,1,0,1,348,11,25,0,384,0,0,0,384
02/11/2020,MSY,LA,ASW,CE,Combined TRACON& Tower with Radar,326,18,28,0,372,0,0,0,0,0,326,18,28,0,372,0,0,0,372
02/12/2020,MSY,LA,ASW,CE,Combined TRACON& Tower with Radar,302,13,18,0,333,0,0,0,0,0,302,13,18,0,333,0,0,0,333
02/13/2020,MSY,LA,ASW,CE,Combined TRACON& Tower with Radar,352,20,34,0,406,0,3,2,0,5,352,23,36,0,411,0,0,0,411
02/14/2020,MSY,LA,ASW,CE,Combined TRACON& Tower with Radar,372,16,19,0,407,0,16,3,0,19,372,32,22,0,426,0,0,0,426
02/15/2020,MSY,LA,ASW,CE,Combined TRACON& Tower with Radar,303,18,14,0,335,0,6,10,0,16,303,24,24,0,351,0,0,0,351
02/16/2020,MSY,LA,ASW,CE,Combined TRACON& Tower with Radar,360,6,19,0,385,0,0,0,0,0,360,6,19,0,385,0,0,0,385
02/17/2020,MSY,LA,ASW,CE,Combined TRACON& Tower with Radar,354,4,28,0,386,0,12,1,0,13,354,16,29,0,399,0,0,0,399
02/18/2020,MSY,LA,ASW,CE,Combined TRACON& Tower with Radar,331,13,15,2,361,0,0,0,2,2,331,13,15,4,363,0,0,0,363
02/19/2020,MSY,LA,ASW,CE,Combined TRACON& Tower with Radar,362,27,37,0,426,0,0,0,0,0,362,27,37,0,426,0,0,0,426
02/20/2020,MSY,LA,ASW,CE,Combined TRACON& Tower with Radar,381,17,36,2,436,0,0,0,0,0,381,17,36,2,436,0,0,0,436
02/21/2020,MSY,LA,ASW,CE,Combined TRACON& Tower with Radar,382,15,22,2,421,0,0,4,0,4,382,15,26,2,425,0,0,0,425
02/22/2020,MSY,LA,ASW,CE,Combined TRACON& Tower with Radar,327,12,7,0,346,0,3,4,0,7,327,15,11,0,353,0,0,0,353
02/23/2020,MSY,LA,ASW,CE,Combined TRACON& Tower with Radar,393,22,23,0,438,0,0,4,0,4,393,22,27,0,442,0,0,0,442
02/24/2020,MSY,LA,ASW,CE,Combined TRACON& Tower with Radar,371,17,24,0,412,0,7,2,0,9,371,24,26,0,421,0,0,0,421
02/25/2020,MSY,LA,ASW,CE,Combined TRACON& Tower with Radar,359,12,15,3,389,0,3,1,2,6,359,15,16,5,395,0,0,0,395
02/26/2020,MSY,LA,ASW,CE,Combined TRACON& Tower with Radar,369,17,28,1,415,0,8,1,0,9,369,25,29,1,424,0,0,0,424
02/27/2020,MSY,LA,ASW,CE,Combined TRACON& Tower with Radar,374,14,24,0,412,0,11,1,2,14,374,25,25,2,426,0,0,0,426
02/28/2020,MSY,LA,ASW,CE,Combined TRACON& Tower with Radar,383,22,18,1,424,0,15,2,1,18,383,37,20,2,442,0,0,0,442
02/29/2020,MSY,LA,ASW,CE,Combined TRACON& Tower with Radar,321,9,6,4,340,0,7,5,0,12,321,16,11,4,352,0,0,0,352
03/01/2020,MSY,LA,ASW,CE,Combined TRACON& Tower with Radar,389,27,27,1,444,0,3,3,0,6,389,30,30,1,450,0,0,0,450
03/02/2020,MSY,LA,ASW,CE,Combined TRACON& Tower with Radar,375,6,20,0,401,0,12,0,1,13,375,18,20,1,414,0,0,0,414
03/03/2020,MSY,LA,ASW,CE,Combined TRACON& Tower with Radar,359,16,36,0,411,0,0,0,0,0,359,16,36,0,411,0,0,0,411
03/04/2020,MSY,LA,ASW,CE,Combined TRACON& Tower with Radar,352,14,23,2,391,0,0,0,0,0,352,14,23,2,391,0,0,0,391
03/05/2020,MSY,LA,ASW,CE,Combined TRACON& Tower with Radar,380,7,27,2,416,0,0,1,1,2,380,7,28,3,418,0,0,0,418
03/06/2020,MSY,LA,ASW,CE,Combined TRACON& Tower with Radar,386,11,33,2,432,0,9,7,1,17,386,20,40,3,449,0,0,0,449
03/07/2020,MSY,LA,ASW,CE,Combined TRACON& Tower with Radar,324,14,14,1,353,0,3,4,7,14,324,17,18,8,367,0,0,0,367
03/08/2020,MSY,LA,ASW,CE,Combined TRACON& Tower with Radar,366,11,25,6,408,0,1,7,0,8,366,12,32,6,416,0,0,0,416
03/09/2020,MSY,LA,ASW,CE,Combined TRACON& Tower with Radar,360,10,21,2,393,0,10,3,4,17,360,20,24,6,410,0,0,0,410
03/10/2020,MSY,LA,ASW,CE,Combined TRACON& Tower with Radar,341,7,18,2,368,0,0,3,0,3,341,7,21,2,371,0,0,0,371
03/11/2020,MSY,LA,ASW,CE,Combined TRACON& Tower with Radar,342,10,16,0,368,0,2,2,3,7,342,12,18,3,375,0,0,0,375
03/12/2020,MSY,LA,ASW,CE,Combined TRACON& Tower with Radar,354,12,27,0,393,0,2,4,0,6,354,14,31,0,399,0,0,0,399
03/13/2020,MSY,LA,ASW,CE,Combined TRACON& Tower with Radar,358,10,20,0,388,0,0,0,2,2,358,10,20,2,390,0,0,0,390
03/14/2020,MSY,LA,ASW,CE,Combined TRACON& Tower with Radar,318,10,18,0,346,0,2,12,1,15,318,12,30,1,361,0,0,0,361
03/15/2020,MSY,LA,ASW,CE,Combined TRACON& Tower with Radar,382,11,25,0,418,0,0,0,0,0,382,11,25,0,418,0,0,0,418
03/16/2020,MSY,LA,ASW,CE,Combined TRACON& Tower with Radar,355,14,20,0,389,0,0,0,0,0,355,14,20,0,389,0,0,0,389
03/17/2020,MSY,LA,ASW,CE,Combined TRACON& Tower with Radar,318,16,23,0,357,0,0,0,0,0,318,16,23,0,357,0,0,0,357
03/18/2020,MSY,LA,ASW,CE,Combined TRACON& Tower with Radar,311,9,12,0,332,0,0,1,0,1,311,9,13,0,333,0,0,0,333
03/19/2020,MSY,LA,ASW,CE,Combined TRACON& Tower with Radar,292,6,4,0,302,0,2,0,2,4,292,8,4,2,306,0,0,0,306
03/20/2020,MSY,LA,ASW,CE,Combined TRACON& Tower with Radar,297,11,16,0,324,0,0,1,0,1,297,11,17,0,325,0,0,0,325
03/21/2020,MSY,LA,ASW,CE,Combined TRACON& Tower with Radar,241,7,4,2,254,0,1,5,0,6,241,8,9,2,260,0,0,0,260
03/22/2020,MSY,LA,ASW,CE,Combined TRACON& Tower with Radar,264,4,7,4,279,0,0,1,2,3,264,4,8,6,282,0,0,0,282
03/23/2020,MSY,LA,ASW,CE,Combined TRACON& Tower with Radar,199,4,4,2,209,0,1,2,4,7,199,5,6,6,216,0,0,0,216
03/24/2020,MSY,LA,ASW,CE,Combined TRACON& Tower with Radar,218,9,3,0,230,0,1,1,0,2,218,10,4,0,232,0,0,0,232
03/25/2020,MSY,LA,ASW,CE,Combined TRACON& Tower with Radar,200,2,0,0,202,0,0,10,0,10,200,2,10,0,212,0,0,0,212
03/26/2020,MSY,LA,ASW,CE,Combined TRACON& Tower with Radar,203,3,7,0,213,0,1,5,0,6,203,4,12,0,219,0,0,0,219
03/27/2020,MSY,LA,ASW,CE,Combined TRACON& Tower with Radar,171,3,2,8,184,0,4,2,0,6,171,7,4,8,190,0,0,0,190
03/28/2020,MSY,LA,ASW,CE,Combined TRACON& Tower with Radar,164,7,5,0,176,0,3,1,0,4,164,10,6,0,180,0,0,0,180
03/29/2020,MSY,LA,ASW,CE,Combined TRACON& Tower with Radar,169,1,5,0,175,0,0,2,3,5,169,1,7,3,180,0,0,0,180
03/30/2020,MSY,LA,ASW,CE,Combined TRACON& Tower with Radar,137,6,7,0,150,0,4,4,1,9,137,10,11,1,159,0,0,0,159
03/31/2020,MSY,LA,ASW,CE,Combined TRACON& Tower with Radar,129,8,0,0,137,0,1,2,0,3,129,9,2,0,140,0,0,0,140
04/01/2020,MSY,LA,ASW,CE,Combined TRACON& Tower with Radar,144,5,0,0,149,0,5,1,1,7,144,10,1,1,156,0,0,0,156
04/02/2020,MSY,LA,ASW,CE,Combined TRACON& Tower with Radar,131,2,4,0,137,0,2,5,1,8,131,4,9,1,145,0,0,0,145
04/03/2020,MSY,LA,ASW,CE,Combined TRACON& Tower with Radar,150,2,3,0,155,0,1,3,0,4,150,3,6,0,159,0,0,0,159
04/04/2020,MSY,LA,ASW,CE,Combined TRACON& Tower with Radar,120,1,2,0,123,0,0,8,0,8,120,1,10,0,131,0,0,0,131
04/05/2020,MSY,LA,ASW,CE,Combined TRACON& Tower with Radar,130,5,8,0,143,0,0,2,2,4,130,5,10,2,147,0,0,0,147
04/06/2020,MSY,LA,ASW,CE,Combined TRACON& Tower with Radar,124,4,3,0,131,0,2,3,0,5,124,6,6,0,136,0,0,0,136
04/07/2020,MSY,LA,ASW,CE,Combined TRACON& Tower with Radar,103,2,2,0,107,0,0,0,0,0,103,2,2,0,107,0,0,0,107
04/08/2020,MSY,LA,ASW,CE,Combined TRACON& Tower with Radar,98,5,6,2,111,0,0,0,0,0,98,5,6,2,111,0,0,0,111
04/09/2020,MSY,LA,ASW,CE,Combined TRACON& Tower with Radar,116,7,0,0,123,0,3,8,0,11,116,10,8,0,134,0,0,0,134
04/10/2020,MSY,LA,ASW,CE,Combined TRACON& Tower with Radar,119,6,2,0,127,0,5,3,0,8,119,11,5,0,135,0,0,0,135
04/11/2020,MSY,LA,ASW,CE,Combined TRACON& Tower with Radar,77,5,1,3,86,0,1,4,0,5,77,6,5,3,91,0,0,0,91
04/12/2020,MSY,LA,ASW,CE,Combined TRACON& Tower with Radar,89,0,0,0,89,0,0,0,0,0,89,0,0,0,89,0,0,0,89
04/13/2020,MSY,LA,ASW,CE,Combined TRACON& Tower with Radar,95,6,6,2,109,0,2,5,0,7,95,8,11,2,116,0,0,0,116
04/14/2020,MSY,LA,ASW,CE,Combined TRACON& Tower with Radar,103,2,2,0,107,0,0,2,0,2,103,2,4,0,109,0,0,0,109
04/15/2020,MSY,LA,ASW,CE,Combined TRACON& Tower with Radar,86,2,8,0,96,0,1,3,1,5,86,3,11,1,101,0,0,0,101
04/16/2020,MSY,LA,ASW,CE,Combined TRACON& Tower with Radar,88,2,5,2,97,0,9,5,0,14,88,11,10,2,111,0,0,0,111
04/17/2020,MSY,LA,ASW,CE,Combined TRACON& Tower with Radar,84,2,5,0,91,0,5,3,0,8,84,7,8,0,99,0,0,0,99
04/18/2020,MSY,LA,ASW,CE,Combined TRACON& Tower with Radar,72,1,6,0,79,0,0,2,0,2,72,1,8,0,81,0,0,0,81
04/19/2020,MSY,LA,ASW,CE,Combined TRACON& Tower with Radar,78,5,6,2,91,0,0,1,0,1,78,5,7,2,92,0,0,0,92
04/20/2020,MSY,LA,ASW,CE,Combined TRACON& Tower with Radar,77,5,1,0,83,0,0,2,0,2,77,5,3,0,85,0,0,0,85
04/21/2020,MSY,LA,ASW,CE,Combined TRACON& Tower with Radar,88,3,2,0,93,0,9,9,0,18,88,12,11,0,111,0,0,0,111
04/22/2020,MSY,LA,ASW,CE,Combined TRACON& Tower with Radar,74,3,2,0,79,0,6,1,0,7,74,9,3,0,86,0,0,0,86
04/23/2020,MSY,LA,ASW,CE,Combined TRACON& Tower with Radar,82,9,5,0,96,0,0,3,0,3,82,9,8,0,99,0,0,0,99
04/24/2020,MSY,LA,ASW,CE,Combined TRACON& Tower with Radar,81,7,9,0,97,0,10,3,0,13,81,17,12,0,110,0,0,0,110
04/25/2020,MSY,LA,ASW,CE,Combined TRACON& Tower with Radar,60,1,0,0,61,0,1,3,2,6,60,2,3,2,67,0,0,0,67
04/26/2020,MSY,LA,ASW,CE,Combined TRACON& Tower with Radar,87,2,2,0,91,0,0,9,2,11,87,2,11,2,102,0,0,0,102
04/27/2020,MSY,LA,ASW,CE,Combined TRACON& Tower with Radar,73,5,2,0,80,0,9,9,1,19,73,14,11,1,99,0,0,0,99
04/28/2020,MSY,LA,ASW,CE,Combined TRACON& Tower with Radar,84,2,5,0,91,0,9,7,0,16,84,11,12,0,107,0,0,0,107
04/29/2020,MSY,LA,ASW,CE,Combined TRACON& Tower with Radar,72,4,4,0,80,0,4,0,0,4,72,8,4,0,84,0,0,0,84
04/30/2020,MSY,LA,ASW,CE,Combined TRACON& Tower with Radar,83,6,4,0,93,0,6,7,0,13,83,12,11,0,106,0,0,0,106
05/01/2020,MSY,LA,ASW,CE,Combined TRACON& Tower with Radar,92,9,10,0,111,0,10,8,2,20,92,19,18,2,131,0,0,0,131
05/02/2020,MSY,LA,ASW,CE,Combined TRACON& Tower with Radar,71,2,5,0,78,0,2,4,0,6,71,4,9,0,84,0,0,0,84
05/03/2020,MSY,LA,ASW,CE,Combined TRACON& Tower with Radar,80,0,4,0,84,0,1,2,2,5,80,1,6,2,89,0,0,0,89
05/04/2020,MSY,LA,ASW,CE,Combined TRACON& Tower with Radar,83,3,6,0,92,0,9,8,0,17,83,12,14,0,109,0,0,0,109
05/05/2020,MSY,LA,ASW,CE,Combined TRACON& Tower with Radar,74,7,6,0,87,0,11,0,0,11,74,18,6,0,98,0,0,0,98
05/06/2020,MSY,LA,ASW,CE,Combined TRACON& Tower with Radar,71,6,8,0,85,0,4,2,1,7,71,10,10,1,92,0,0,0,92
05/07/2020,MSY,LA,ASW,CE,Combined TRACON& Tower with Radar,78,8,3,3,92,0,7,2,3,12,78,15,5,6,104,0,0,0,104
05/08/2020,MSY,LA,ASW,CE,Combined TRACON& Tower with Radar,80,3,6,0,89,0,11,4,0,15,80,14,10,0,104,0,0,0,104
05/09/2020,MSY,LA,ASW,CE,Combined TRACON& Tower with Radar,72,4,3,0,79,0,0,1,0,1,72,4,4,0,80,0,0,0,80
05/10/2020,MSY,LA,ASW,CE,Combined TRACON& Tower with Radar,66,0,8,0,74,0,2,3,0,5,66,2,11,0,79,0,0,0,79
05/11/2020,MSY,LA,ASW,CE,Combined TRACON& Tower with Radar,70,6,11,0,87,0,11,8,4,23,70,17,19,4,110,0,0,0,110
05/12/2020,MSY,LA,ASW,CE,Combined TRACON& Tower with Radar,71,6,4,2,83,0,8,8,0,16,71,14,12,2,99,0,0,0,99
05/13/2020,MSY,LA,ASW,CE,Combined TRACON& Tower with Radar,73,8,8,0,89,0,8,2,4,14,73,16,10,4,103,0,0,0,103
05/14/2020,MSY,LA,ASW,CE,Combined TRACON& Tower with Radar,71,12,4,0,87,0,1,6,0,7,71,13,10,0,94,0,0,0,94
05/15/2020,MSY,LA,ASW,CE,Combined TRACON& Tower with Radar,85,5,2,0,92,0,0,0,0,0,85,5,2,0,92,0,0,0,92
05/16/2020,MSY,LA,ASW,CE,Combined TRACON& Tower with Radar,70,3,0,0,73,0,1,2,0,3,70,4,2,0,76,0,0,0,76
05/17/2020,MSY,LA,ASW,CE,Combined TRACON& Tower with Radar,67,7,7,0,81,0,1,3,0,4,67,8,10,0,85,0,0,0,85
05/18/2020,MSY,LA,ASW,CE,Combined TRACON& Tower with Radar,71,5,10,2,88,0,9,11,0,20,71,14,21,2,108,0,0,0,108
05/19/2020,MSY,LA,ASW,CE,Combined TRACON& Tower with Radar,71,8,4,0,83,0,0,5,3,8,71,8,9,3,91,0,0,0,91
05/20/2020,MSY,LA,ASW,CE,Combined TRACON& Tower with Radar,76,6,13,2,97,0,2,2,1,5,76,8,15,3,102,0,0,0,102
05/21/2020,MSY,LA,ASW,CE,Combined TRACON& Tower with Radar,85,5,6,6,102,0,7,12,0,19,85,12,18,6,121,0,0,0,121
05/22/2020,MSY,LA,ASW,CE,Combined TRACON& Tower with Radar,80,9,12,0,101,0,3,6,0,9,80,12,18,0,110,0,0,0,110
05/23/2020,MSY,LA,ASW,CE,Combined TRACON& Tower with Radar,73,0,5,2,80,0,1,3,0,4,73,1,8,2,84,0,0,0,84
05/24/2020,MSY,LA,ASW,CE,Combined TRACON& Tower with Radar,88,3,6,0,97,0,1,3,0,4,88,4,9,0,101,0,0,0,101
05/25/2020,MSY,LA,ASW,CE,Combined TRACON& Tower with Radar,70,7,8,0,85,0,0,6,0,6,70,7,14,0,91,0,0,0,91
05/26/2020,MSY,LA,ASW,CE,Combined TRACON& Tower with Radar,72,4,16,0,92,0,1,2,0,3,72,5,18,0,95,0,0,0,95
05/27/2020,MSY,LA,ASW,CE,Combined TRACON& Tower with Radar,73,6,10,5,94,0,7,19,1,27,73,13,29,6,121,0,0,0,121
05/28/2020,MSY,LA,ASW,CE,Combined TRACON& Tower with Radar,84,4,14,2,104,0,11,7,3,21,84,15,21,5,125,0,0,0,125
05/29/2020,MSY,LA,ASW,CE,Combined TRACON& Tower with Radar,78,4,14,0,96,0,1,5,0,6,78,5,19,0,102,0,0,0,102
05/30/2020,MSY,LA,ASW,CE,Combined TRACON& Tower with Radar,69,1,8,0,78,0,3,16,0,19,69,4,24,0,97,0,0,0,97
05/31/2020,MSY,LA,ASW,CE,Combined TRACON& Tower with Radar,70,4,11,0,85,0,3,8,2,13,70,7,19,2,98,0,0,0,98
06/01/2020,MSY,LA,ASW,CE,Combined TRACON& Tower with Radar,73,7,7,2,89,0,9,5,1,15,73,16,12,3,104,0,0,0,104
06/02/2020,MSY,LA,ASW,CE,Combined TRACON& Tower with Radar,72,4,11,0,87,0,12,7,0,19,72,16,18,0,106,0,0,0,106
06/03/2020,MSY,LA,ASW,CE,Combined TRACON& Tower with Radar,78,4,2,0,84,0,1,17,0,18,78,5,19,0,102,0,0,0,102
06/04/2020,MSY,LA,ASW,CE,Combined TRACON& Tower with Radar,89,5,15,0,109,0,9,5,3,17,89,14,20,3,126,0,0,0,126
06/05/2020,MSY,LA,ASW,CE,Combined TRACON& Tower with Radar,87,5,12,0,104,0,7,6,0,13,87,12,18,0,117,0,0,0,117
06/06/2020,MSY,LA,ASW,CE,Combined TRACON& Tower with Radar,78,5,2,0,85,0,1,3,0,4,78,6,5,0,89,0,0,0,89
06/07/2020,MSY,LA,ASW,CE,Combined TRACON& Tower with Radar,38,0,2,0,40,0,0,0,0,0,38,0,2,0,40,0,0,0,40
06/08/2020,MSY,LA,ASW,CE,Combined TRACON& Tower with Radar,98,6,3,0,107,0,0,0,1,1,98,6,3,1,108,0,0,0,108
06/09/2020,MSY,LA,ASW,CE,Combined TRACON& Tower with Radar,104,8,17,0,129,0,0,10,0,10,104,8,27,0,139,0,0,0,139
06/10/2020,MSY,LA,ASW,CE,Combined TRACON& Tower with Radar,102,7,16,2,127,0,2,19,1,22,102,9,35,3,149,0,0,0,149
06/11/2020,MSY,LA,ASW,CE,Combined TRACON& Tower with Radar,114,11,16,2,143,0,8,7,4,19,114,19,23,6,162,0,0,0,162
06/12/2020,MSY,LA,ASW,CE,Combined TRACON& Tower with Radar,109,9,7,0,125,0,6,13,0,19,109,15,20,0,144,0,0,0,144
06/13/2020,MSY,LA,ASW,CE,Combined TRACON& Tower with Radar,97,0,5,0,102,0,1,6,0,7,97,1,11,0,109,0,0,0,109
06/14/2020,MSY,LA,ASW,CE,Combined TRACON& Tower with Radar,110,4,4,0,118,0,0,7,0,7,110,4,11,0,125,0,0,0,125
06/15/2020,MSY,LA,ASW,CE,Combined TRACON& Tower with Radar,108,19,22,0,149,0,8,2,0,10,108,27,24,0,159,0,0,0,159
06/16/2020,MSY,LA,ASW,CE,Combined TRACON& Tower with Radar,104,4,9,1,118,0,9,2,1,12,104,13,11,2,130,0,0,0,130
06/17/2020,MSY,LA,ASW,CE,Combined TRACON& Tower with Radar,104,3,17,0,124,0,8,12,2,22,104,11,29,2,146,0,0,0,146
06/18/2020,MSY,LA,ASW,CE,Combined TRACON& Tower with Radar,116,9,15,0,140,0,11,11,0,22,116,20,26,0,162,0,0,0,162
06/19/2020,MSY,LA,ASW,CE,Combined TRACON& Tower with Radar,114,10,18,0,142,0,6,8,0,14,114,16,26,0,156,0,0,0,156
06/20/2020,MSY,LA,ASW,CE,Combined TRACON& Tower with Radar,95,4,3,0,102,0,1,8,0,9,95,5,11,0,111,0,0,0,111
06/21/2020,MSY,LA,ASW,CE,Combined TRACON& Tower with Radar,110,1,13,0,124,0,0,12,0,12,110,1,25,0,136,0,0,0,136
06/22/2020,MSY,LA,ASW,CE,Combined TRACON& Tower with Radar,113,8,12,0,133,0,0,1,1,2,113,8,13,1,135,0,0,0,135
06/23/2020,MSY,LA,ASW,CE,Combined TRACON& Tower with Radar,109,3,19,1,132,0,3,5,0,8,109,6,24,1,140,0,0,0,140
06/24/2020,MSY,LA,ASW,CE,Combined TRACON& Tower with Radar,109,7,12,0,128,0,1,0,0,1,109,8,12,0,129,0,0,0,129
06/25/2020,MSY,LA,ASW,CE,Combined TRACON& Tower with Radar,124,7,18,0,149,0,1,6,0,7,124,8,24,0,156,0,0,0,156
06/26/2020,MSY,LA,ASW,CE,Combined TRACON& Tower with Radar,121,10,13,2,146,0,2,19,3,24,121,12,32,5,170,0,0,0,170
06/27/2020,MSY,LA,ASW,CE,Combined TRACON& Tower with Radar,101,7,12,2,122,0,2,8,0,10,101,9,20,2,132,0,0,0,132
06/28/2020,MSY,LA,ASW,CE,Combined TRACON& Tower with Radar,111,3,15,2,131,0,2,6,1,9,111,5,21,3,140,0,0,0,140
06/29/2020,MSY,LA,ASW,CE,Combined TRACON& Tower with Radar,115,7,10,0,132,0,11,3,0,14,115,18,13,0,146,0,0,0,146
06/30/2020,MSY,LA,ASW,CE,Combined TRACON& Tower with Radar,108,11,18,1,138,0,11,10,6,27,108,22,28,7,165,0,0,0,165
07/01/2020,MSY,LA,ASW,CE,Combined TRACON& Tower with Radar,130,11,28,0,169,0,12,7,0,19,130,23,35,0,188,0,0,0,188
07/02/2020,MSY,LA,ASW,CE,Combined TRACON& Tower with Radar,150,11,31,2,194,0,3,6,0,9,150,14,37,2,203,0,0,0,203
07/03/2020,MSY,LA,ASW,CE,Combined TRACON& Tower with Radar,152,7,10,0,169,0,0,3,0,3,152,7,13,0,172,0,0,0,172
07/04/2020,MSY,LA,ASW,CE,Combined TRACON& Tower with Radar,104,8,2,0,114,0,0,2,0,2,104,8,4,0,116,0,0,0,116
07/05/2020,MSY,LA,ASW,CE,Combined TRACON& Tower with Radar,137,10,19,0,166,0,3,5,0,8,137,13,24,0,174,0,0,0,174
07/06/2020,MSY,LA,ASW,CE,Combined TRACON& Tower with Radar,156,8,19,2,185,0,1,0,0,1,156,9,19,2,186,0,0,0,186
07/07/2020,MSY,LA,ASW,CE,Combined TRACON& Tower with Radar,144,12,11,0,167,0,0,3,0,3,144,12,14,0,170,0,0,0,170
07/08/2020,MSY,LA,ASW,CE,Combined TRACON& Tower with Radar,145,13,23,0,181,0,6,4,0,10,145,19,27,0,191,0,0,0,191
07/09/2020,MSY,LA,ASW,CE,Combined TRACON& Tower with Radar,162,8,15,0,185,0,15,13,1,29,162,23,28,1,214,0,0,0,214
07/10/2020,MSY,LA,ASW,CE,Combined TRACON& Tower with Radar,169,6,19,0,194,0,7,3,5,15,169,13,22,5,209,0,0,0,209
07/11/2020,MSY,LA,ASW,CE,Combined TRACON& Tower with Radar,147,8,12,2,169,0,4,1,0,5,147,12,13,2,174,0,0,0,174
07/12/2020,MSY,LA,ASW,CE,Combined TRACON& Tower with Radar,158,16,12,0,186,0,4,5,0,9,158,20,17,0,195,0,0,0,195
07/13/2020,MSY,LA,ASW,CE,Combined TRACON& Tower with Radar,162,18,20,0,200,0,4,3,0,7,162,22,23,0,207,0,0,0,207
07/14/2020,MSY,LA,ASW,CE,Combined TRACON& Tower with Radar,147,9,24,0,180,0,12,6,0,18,147,21,30,0,198,0,0,0,198
07/15/2020,MSY,LA,ASW,CE,Combined TRACON& Tower with Radar,146,13,19,1,179,0,7,5,0,12,146,20,24,1,191,0,0,0,191
07/16/2020,MSY,LA,ASW,CE,Combined TRACON& Tower with Radar,177,16,23,0,216,0,16,1,0,17,177,32,24,0,233,0,0,0,233
07/17/2020,MSY,LA,ASW,CE,Combined TRACON& Tower with Radar,182,16,15,2,215,0,5,6,1,12,182,21,21,3,227,0,0,0,227
07/18/2020,MSY,LA,ASW,CE,Combined TRACON& Tower with Radar,150,11,16,0,177,0,0,10,0,10,150,11,26,0,187,0,0,0,187
07/19/2020,MSY,LA,ASW,CE,Combined TRACON& Tower with Radar,153,8,31,0,192,0,2,2,0,4,153,10,33,0,196,0,0,0,196
07/20/2020,MSY,LA,ASW,CE,Combined TRACON& Tower with Radar,167,4,21,2,194,0,12,6,2,20,167,16,27,4,214,0,0,0,214
07/21/2020,MSY,LA,ASW,CE,Combined TRACON& Tower with Radar,141,11,7,0,159,0,6,3,1,10,141,17,10,1,169,0,0,0,169
07/22/2020,MSY,LA,ASW,CE,Combined TRACON& Tower with Radar,144,14,38,4,200,0,7,5,0,12,144,21,43,4,212,0,0,0,212
07/23/2020,MSY,LA,ASW,CE,Combined TRACON& Tower with Radar,170,10,24,0,204,0,4,5,0,9,170,14,29,0,213,0,0,0,213
07/24/2020,MSY,LA,ASW,CE,Combined TRACON& Tower with Radar,174,20,16,0,210,0,1,0,0,1,174,21,16,0,211,0,0,0,211
07/25/2020,MSY,LA,ASW,CE,Combined TRACON& Tower with Radar,144,14,13,0,171,0,0,9,0,9,144,14,22,0,180,0,0,0,180
07/26/2020,MSY,LA,ASW,CE,Combined TRACON& Tower with Radar,156,17,19,4,196,0,0,3,0,3,156,17,22,4,199,0,0,0,199
07/27/2020,MSY,LA,ASW,CE,Combined TRACON& Tower with Radar,161,5,29,2,197,0,1,0,0,1,161,6,29,2,198,0,0,0,198
07/28/2020,MSY,LA,ASW,CE,Combined TRACON& Tower with Radar,142,10,15,0,167,0,5,2,2,9,142,15,17,2,176,0,0,0,176
07/29/2020,MSY,LA,ASW,CE,Combined TRACON& Tower with Radar,142,6,29,6,183,0,9,0,1,10,142,15,29,7,193,0,0,0,193
07/30/2020,MSY,LA,ASW,CE,Combined TRACON& Tower with Radar,165,11,27,4,207,0,10,7,2,19,165,21,34,6,226,0,0,0,226
07/31/2020,MSY,LA,ASW,CE,Combined TRACON& Tower with Radar,167,9,19,2,197,0,9,11,0,20,167,18,30,2,217,0,0,0,217
08/01/2020,MSY,LA,ASW,CE,Combined TRACON& Tower with Radar,158,12,25,0,195,0,0,4,0,4,158,12,29,0,199,0,0,0,199
08/02/2020,MSY,LA,ASW,CE,Combined TRACON& Tower with Radar,166,23,28,0,217,0,0,12,0,12,166,23,40,0,229,0,0,0,229
08/03/2020,MSY,LA,ASW,CE,Combined TRACON& Tower with Radar,170,17,34,0,221,0,8,20,6,34,170,25,54,6,255,0,0,0,255
08/04/2020,MSY,LA,ASW,CE,Combined TRACON& Tower with Radar,142,10,16,0,168,0,11,9,1,21,142,21,25,1,189,0,0,0,189
08/05/2020,MSY,LA,ASW,CE,Combined TRACON& Tower with Radar,142,12,18,2,174,0,11,10,2,23,142,23,28,4,197,0,0,0,197
08/06/2020,MSY,LA,ASW,CE,Combined TRACON& Tower with Radar,172,9,12,2,195,0,5,8,4,17,172,14,20,6,212,0,0,0,212
08/07/2020,MSY,LA,ASW,CE,Combined TRACON& Tower with Radar,172,21,29,4,226,0,6,6,0,12,172,27,35,4,238,0,0,0,238
08/08/2020,MSY,LA,ASW,CE,Combined TRACON& Tower with Radar,151,19,22,0,192,0,2,7,0,9,151,21,29,0,201,0,0,0,201
08/09/2020,MSY,LA,ASW,CE,Combined TRACON& Tower with Radar,160,22,21,0,203,0,4,13,1,18,160,26,34,1,221,0,0,0,221
08/10/2020,MSY,LA,ASW,CE,Combined TRACON& Tower with Radar,162,24,28,0,214,0,14,2,1,17,162,38,30,1,231,0,0,0,231
08/11/2020,MSY,LA,ASW,CE,Combined TRACON& Tower with Radar,147,20,37,0,204,0,11,2,0,13,147,31,39,0,217,0,0,0,217
08/12/2020,MSY,LA,ASW,CE,Combined TRACON& Tower with Radar,153,20,36,0,209,0,12,5,0,17,153,32,41,0,226,0,0,0,226
08/13/2020,MSY,LA,ASW,CE,Combined TRACON& Tower with Radar,174,27,38,0,239,0,10,3,0,13,174,37,41,0,252,0,0,0,252
08/14/2020,MSY,LA,ASW,CE,Combined TRACON& Tower with Radar,176,11,37,2,226,0,4,12,0,16,176,15,49,2,242,0,0,0,242
08/15/2020,MSY,LA,ASW,CE,Combined TRACON& Tower with Radar,148,3,20,0,171,0,4,7,0,11,148,7,27,0,182,0,0,0,182
08/16/2020,MSY,LA,ASW,CE,Combined TRACON& Tower with Radar,155,8,18,0,181,0,4,6,4,14,155,12,24,4,195,0,0,0,195
08/17/2020,MSY,LA,ASW,CE,Combined TRACON& Tower with Radar,168,10,25,0,203,0,12,8,2,22,168,22,33,2,225,0,0,0,225
08/18/2020,MSY,LA,ASW,CE,Combined TRACON& Tower with Radar,140,19,23,0,182,0,8,5,7,20,140,27,28,7,202,0,0,0,202
08/19/2020,MSY,LA,ASW,CE,Combined TRACON& Tower with Radar,139,11,25,2,177,0,7,13,0,20,139,18,38,2,197,0,0,0,197
08/20/2020,MSY,LA,ASW,CE,Combined TRACON& Tower with Radar,172,15,31,3,221,0,1,10,0,11,172,16,41,3,232,0,0,0,232
08/21/2020,MSY,LA,ASW,CE,Combined TRACON& Tower with Radar,169,9,18,0,196,0,13,10,2,25,169,22,28,2,221,0,0,0,221
08/22/2020,MSY,LA,ASW,CE,Combined TRACON& Tower with Radar,139,5,16,0,160,0,1,2,1,4,139,6,18,1,164,0,0,0,164
08/23/2020,MSY,LA,ASW,CE,Combined TRACON& Tower with Radar,159,20,32,0,211,0,3,1,0,4,159,23,33,0,215,0,0,0,215
08/24/2020,MSY,LA,ASW,CE,Combined TRACON& Tower with Radar,122,4,4,0,130,0,1,1,0,2,122,5,5,0,132,0,0,0,132
08/25/2020,MSY,LA,ASW,CE,Combined TRACON& Tower with Radar,134,10,13,0,157,0,0,1,0,1,134,10,14,0,158,0,0,0,158
08/26/2020,MSY,LA,ASW,CE,Combined TRACON& Tower with Radar,124,11,5,1,141,0,0,0,0,0,124,11,5,1,141,0,0,0,141
08/27/2020,MSY,LA,ASW,CE,Combined TRACON& Tower with Radar,165,2,5,7,179,0,6,0,3,9,165,8,5,10,188,0,0,0,188
08/28/2020,MSY,LA,ASW,CE,Combined TRACON& Tower with Radar,166,18,20,7,211,0,0,1,6,7,166,18,21,13,218,0,0,0,218
08/29/2020,MSY,LA,ASW,CE,Combined TRACON& Tower with Radar,138,10,18,1,167,0,1,3,1,5,138,11,21,2,172,0,0,0,172
08/30/2020,MSY,LA,ASW,CE,Combined TRACON& Tower with Radar,154,17,28,0,199,0,2,5,1,8,154,19,33,1,207,0,0,0,207
08/31/2020,MSY,LA,ASW,CE,Combined TRACON& Tower with Radar,154,11,21,2,188,1,7,5,2,15,155,18,26,4,203,0,0,0,203
09/01/2020,MSY,LA,ASW,CE,Combined TRACON& Tower with Radar,137,11,28,0,176,0,8,11,8,27,137,19,39,8,203,0,0,0,203
09/02/2020,MSY,LA,ASW,CE,Combined TRACON& Tower with Radar,132,7,29,2,170,0,7,23,5,35,132,14,52,7,205,0,0,0,205
09/03/2020,MSY,LA,ASW,CE,Combined TRACON& Tower with Radar,175,15,46,5,241,0,13,6,2,21,175,28,52,7,262,0,0,0,262
09/04/2020,MSY,LA,ASW,CE,Combined TRACON& Tower with Radar,169,20,34,8,231,0,4,6,0,10,169,24,40,8,241,0,0,0,241
09/05/2020,MSY,LA,ASW,CE,Combined TRACON& Tower with Radar,135,3,17,0,155,0,4,10,1,15,135,7,27,1,170,0,0,0,170
09/06/2020,MSY,LA,ASW,CE,Combined TRACON& Tower with Radar,118,3,27,0,148,0,2,5,0,7,118,5,32,0,155,0,0,0,155
09/07/2020,MSY,LA,ASW,CE,Combined TRACON& Tower with Radar,124,9,28,0,161,0,1,5,2,8,124,10,33,2,169,0,0,0,169
09/08/2020,MSY,LA,ASW,CE,Combined TRACON& Tower with Radar,107,21,18,2,148,0,18,14,2,34,107,39,32,4,182,0,0,0,182
09/09/2020,MSY,LA,ASW,CE,Combined TRACON& Tower with Radar,107,8,24,0,139,0,5,6,2,13,107,13,30,2,152,0,0,0,152
09/10/2020,MSY,LA,ASW,CE,Combined TRACON& Tower with Radar,141,10,33,2,186,0,6,7,2,15,141,16,40,4,201,0,0,0,201
09/11/2020,MSY,LA,ASW,CE,Combined TRACON& Tower with Radar,134,19,29,2,184,0,2,13,0,15,134,21,42,2,199,0,0,0,199
09/12/2020,MSY,LA,ASW,CE,Combined TRACON& Tower with Radar,114,14,11,2,141,0,5,5,0,10,114,19,16,2,151,0,0,0,151
09/13/2020,MSY,LA,ASW,CE,Combined TRACON& Tower with Radar,136,23,32,0,191,0,2,11,0,13,136,25,43,0,204,0,0,0,204
09/14/2020,MSY,LA,ASW,CE,Combined TRACON& Tower with Radar,99,13,17,0,129,0,2,3,0,5,99,15,20,0,134,0,0,0,134
09/15/2020,MSY,LA,ASW,CE,Combined TRACON& Tower with Radar,64,3,5,0,72,0,8,0,0,8,64,11,5,0,80,0,0,0,80
09/16/2020,MSY,LA,ASW,CE,Combined TRACON& Tower with Radar,99,12,14,1,126,0,5,7,3,15,99,17,21,4,141,0,0,0,141
09/17/2020,MSY,LA,ASW,CE,Combined TRACON& Tower with Radar,139,13,28,4,184,0,9,7,3,19,139,22,35,7,203,0,0,0,203
09/18/2020,MSY,LA,ASW,CE,Combined TRACON& Tower with Radar,137,11,27,2,177,0,9,4,0,13,137,20,31,2,190,0,0,0,190
09/19/2020,MSY,LA,ASW,CE,Combined TRACON& Tower with Radar,116,7,21,0,144,0,0,1,0,1,116,7,22,0,145,0,0,0,145
09/20/2020,MSY,LA,ASW,CE,Combined TRACON& Tower with Radar,136,5,18,0,159,0,0,1,0,1,136,5,19,0,160,0,0,0,160
09/21/2020,MSY,LA,ASW,CE,Combined TRACON& Tower with Radar,126,7,26,0,159,0,0,0,0,0,126,7,26,0,159,0,0,0,159
09/22/2020,MSY,LA,ASW,CE,Combined TRACON& Tower with Radar,109,7,20,0,136,0,0,0,0,0,109,7,20,0,136,0,0,0,136
09/23/2020,MSY,LA,ASW,CE,Combined TRACON& Tower with Radar,109,8,12,0,129,0,0,1,0,1,109,8,13,0,130,0,0,0,130
09/24/2020,MSY,LA,ASW,CE,Combined TRACON& Tower with Radar,143,14,35,1,193,0,9,0,0,9,143,23,35,1,202,0,0,0,202
09/25/2020,MSY,LA,ASW,CE,Combined TRACON& Tower with Radar,136,16,31,1,184,0,5,6,3,14,136,21,37,4,198,0,0,0,198
09/26/2020,MSY,LA,ASW,CE,Combined TRACON& Tower with Radar,113,17,26,0,156,0,2,9,0,11,113,19,35,0,167,0,0,0,167
09/27/2020,MSY,LA,ASW,CE,Combined TRACON& Tower with Radar,134,17,37,2,190,0,3,12,0,15,134,20,49,2,205,0,0,0,205
09/28/2020,MSY,LA,ASW,CE,Combined TRACON& Tower with Radar,127,19,22,0,168,0,6,1,2,9,127,25,23,2,177,0,0,0,177
09/29/2020,MSY,LA,ASW,CE,Combined TRACON& Tower with Radar,109,16,28,0,153,0,1,8,1,10,109,17,36,1,163,0,0,0,163
09/30/2020,MSY,LA,ASW,CE,Combined TRACON& Tower with Radar,111,4,40,0,155,0,5,7,0,12,111,9,47,0,167,0,0,0,167
10/01/2020,MSY,LA,ASW,CE,Combined TRACON& Tower with Radar,151,15,30,4,200,0,11,5,0,16,151,26,35,4,216,0,0,0,216
10/02/2020,MSY,LA,ASW,CE,Combined TRACON& Tower with Radar,156,15,40,1,212,0,15,6,0,21,156,30,46,1,233,0,0,0,233
10/03/2020,MSY,LA,ASW,CE,Combined TRACON& Tower with Radar,128,2,16,0,146,0,3,4,1,8,128,5,20,1,154,0,0,0,154
10/04/2020,MSY,LA,ASW,CE,Combined TRACON& Tower with Radar,150,15,24,0,189,0,1,6,1,8,150,16,30,1,197,0,0,0,197
10/05/2020,MSY,LA,ASW,CE,Combined TRACON& Tower with Radar,141,9,19,1,170,0,6,7,1,14,141,15,26,2,184,0,0,0,184
10/06/2020,MSY,LA,ASW,CE,Combined TRACON& Tower with Radar,115,14,30,0,159,0,3,3,2,8,115,17,33,2,167,0,0,0,167
10/07/2020,MSY,LA,ASW,CE,Combined TRACON& Tower with Radar,118,17,35,2,172,0,7,7,0,14,118,24,42,2,186,0,0,0,186
10/08/2020,MSY,LA,ASW,CE,Combined TRACON& Tower with Radar,180,7,31,0,218,0,0,0,0,0,180,7,31,0,218,0,0,0,218
10/09/2020,MSY,LA,ASW,CE,Combined TRACON& Tower with Radar,180,5,4,0,189,0,0,0,0,0,180,5,4,0,189,0,0,0,189
10/10/2020,MSY,LA,ASW,CE,Combined TRACON& Tower with Radar,140,6,8,8,162,0,3,1,1,5,140,9,9,9,167,0,0,0,167
10/11/2020,MSY,LA,ASW,CE,Combined TRACON& Tower with Radar,170,10,12,2,194,0,8,3,4,15,170,18,15,6,209,0,0,0,209
10/12/2020,MSY,LA,ASW,CE,Combined TRACON& Tower with Radar,168,17,23,0,208,0,3,5,0,8,168,20,28,0,216,0,0,0,216
10/13/2020,MSY,LA,ASW,CE,Combined TRACON& Tower with Radar,127,8,22,2,159,0,7,5,0,12,127,15,27,2,171,0,0,0,171
10/14/2020,MSY,LA,ASW,CE,Combined TRACON& Tower with Radar,126,12,26,1,165,0,18,12,3,33,126,30,38,4,198,0,0,0,198
10/15/2020,MSY,LA,ASW,CE,Combined TRACON& Tower with Radar,180,16,36,0,232,0,10,12,4,26,180,26,48,4,258,0,0,0,258
10/16/2020,MSY,LA,ASW,CE,Combined TRACON& Tower with Radar,177,12,33,2,224,0,0,9,1,10,177,12,42,3,234,0,0,0,234
10/17/2020,MSY,LA,ASW,CE,Combined TRACON& Tower with Radar,140,4,7,0,151,0,3,8,0,11,140,7,15,0,162,0,0,0,162
10/18/2020,MSY,LA,ASW,CE,Combined TRACON& Tower with Radar,171,22,21,0,214,0,5,6,1,12,171,27,27,1,226,0,0,0,226
10/19/2020,MSY,LA,ASW,CE,Combined TRACON& Tower with Radar,160,13,32,1,206,0,0,5,1,6,160,13,37,2,212,0,0,0,212
10/20/2020,MSY,LA,ASW,CE,Combined TRACON& Tower with Radar,121,13,34,0,168,0,11,8,0,19,121,24,42,0,187,0,0,0,187
10/21/2020,MSY,LA,ASW,CE,Combined TRACON& Tower with Radar,121,13,19,0,153,0,15,6,0,21,121,28,25,0,174,0,0,0,174
10/22/2020,MSY,LA,ASW,CE,Combined TRACON& Tower with Radar,173,14,24,2,213,0,3,2,1,6,173,17,26,3,219,0,0,0,219
10/23/2020,MSY,LA,ASW,CE,Combined TRACON& Tower with Radar,174,13,12,1,200,0,5,0,1,6,174,18,12,2,206,0,0,0,206
10/24/2020,MSY,LA,ASW,CE,Combined TRACON& Tower with Radar,137,5,33,4,179,0,1,0,0,1,137,6,33,4,180,0,0,0,180
10/25/2020,MSY,LA,ASW,CE,Combined TRACON& Tower with Radar,161,14,25,0,200,0,2,2,1,5,161,16,27,1,205,0,0,0,205
10/26/2020,MSY,LA,ASW,CE,Combined TRACON& Tower with Radar,151,12,27,1,191,0,10,4,0,14,151,22,31,1,205,0,0,0,205
10/27/2020,MSY,LA,ASW,CE,Combined TRACON& Tower with Radar,120,13,21,2,156,0,2,2,0,4,120,15,23,2,160,0,0,0,160
10/28/2020,MSY,LA,ASW,CE,Combined TRACON& Tower with Radar,65,3,5,0,73,0,0,0,0,0,65,3,5,0,73,0,0,0,73
10/29/2020,MSY,LA,ASW,CE,Combined TRACON& Tower with Radar,162,13,22,3,200,0,5,17,10,32,162,18,39,13,232,0,0,0,232
10/30/2020,MSY,LA,ASW,CE,Combined TRACON& Tower with Radar,167,15,25,2,209,0,5,12,6,23,167,20,37,8,232,0,0,0,232
10/31/2020,MSY,LA,ASW,CE,Combined TRACON& Tower with Radar,115,10,6,0,131,0,0,11,3,14,115,10,17,3,145,0,0,0,145
11/01/2020,MSY,LA,ASW,CE,Combined TRACON& Tower with Radar,154,8,19,0,181,0,1,10,0,11,154,9,29,0,192,0,0,0,192
11/02/2020,MSY,LA,ASW,CE,Combined TRACON& Tower with Radar,158,8,10,4,180,0,9,17,0,26,158,17,27,4,206,0,0,0,206
11/03/2020,MSY,LA,ASW,CE,Combined TRACON& Tower with Radar,114,13,14,0,141,0,12,12,0,24,114,25,26,0,165,0,0,0,165
11/04/2020,MSY,LA,ASW,CE,Combined TRACON& Tower with Radar,120,6,13,0,139,0,11,17,2,30,120,17,30,2,169,0,0,0,169
11/05/2020,MSY,LA,ASW,CE,Combined TRACON& Tower with Radar,197,6,18,3,224,0,15,6,0,21,197,21,24,3,245,0,0,0,245
11/06/2020,MSY,LA,ASW,CE,Combined TRACON& Tower with Radar,197,9,19,4,229,0,8,6,1,15,197,17,25,5,244,0,0,0,244
11/07/2020,MSY,LA,ASW,CE,Combined TRACON& Tower with Radar,129,2,9,0,140,0,2,5,0,7,129,4,14,0,147,0,0,0,147
11/08/2020,MSY,LA,ASW,CE,Combined TRACON& Tower with Radar,199,8,25,2,234,0,0,0,0,0,199,8,25,2,234,0,0,0,234
11/09/2020,MSY,LA,ASW,CE,Combined TRACON& Tower with Radar,183,12,24,1,220,0,12,9,0,21,183,24,33,1,241,0,0,0,241
11/10/2020,MSY,LA,ASW,CE,Combined TRACON& Tower with Radar,120,25,8,5,158,0,3,0,2,5,120,28,8,7,163,0,0,0,163
11/11/2020,MSY,LA,ASW,CE,Combined TRACON& Tower with Radar,128,10,17,0,155,0,1,3,1,5,128,11,20,1,160,0,0,0,160
11/12/2020,MSY,LA,ASW,CE,Combined TRACON& Tower with Radar,192,11,12,5,220,0,3,2,0,5,192,14,14,5,225,0,0,0,225
11/13/2020,MSY,LA,ASW,CE,Combined TRACON& Tower with Radar,194,9,22,2,227,0,11,8,0,19,194,20,30,2,246,0,0,0,246
11/14/2020,MSY,LA,ASW,CE,Combined TRACON& Tower with Radar,132,5,14,0,151,0,1,8,0,9,132,6,22,0,160,0,0,0,160
11/15/2020,MSY,LA,ASW,CE,Combined TRACON& Tower with Radar,195,15,17,0,227,0,0,5,2,7,195,15,22,2,234,0,0,0,234
11/16/2020,MSY,LA,ASW,CE,Combined TRACON& Tower with Radar,177,6,11,0,194,0,7,4,2,13,177,13,15,2,207,0,0,0,207
11/17/2020,MSY,LA,ASW,CE,Combined TRACON& Tower with Radar,120,7,17,0,144,0,17,2,0,19,120,24,19,0,163,0,0,0,163
11/18/2020,MSY,LA,ASW,CE,Combined TRACON& Tower with Radar,139,14,20,2,175,0,10,3,3,16,139,24,23,5,191,0,0,0,191
11/19/2020,MSY,LA,ASW,CE,Combined TRACON& Tower with Radar,194,10,29,2,235,0,17,6,6,29,194,27,35,8,264,0,0,0,264
11/20/2020,MSY,LA,ASW,CE,Combined TRACON& Tower with Radar,208,13,23,0,244,0,7,5,1,13,208,20,28,1,257,0,0,0,257
11/21/2020,MSY,LA,ASW,CE,Combined TRACON& Tower with Radar,180,8,9,0,197,0,0,3,0,3,180,8,12,0,200,0,0,0,200
11/22/2020,MSY,LA,ASW,CE,Combined TRACON& Tower with Radar,194,9,25,0,228,0,3,3,0,6,194,12,28,0,234,0,0,0,234
11/23/2020,MSY,LA,ASW,CE,Combined TRACON& Tower with Radar,180,10,15,2,207,0,0,10,1,11,180,10,25,3,218,0,0,0,218
11/24/2020,MSY,LA,ASW,CE,Combined TRACON& Tower with Radar,198,15,15,4,232,0,14,7,0,21,198,29,22,4,253,0,0,0,253
11/25/2020,MSY,LA,ASW,CE,Combined TRACON& Tower with Radar,199,9,20,0,228,0,0,1,0,1,199,9,21,0,229,0,0,0,229
11/26/2020,MSY,LA,ASW,CE,Combined TRACON& Tower with Radar,106,1,4,1,112,0,0,1,0,1,106,1,5,1,113,0,0,0,113
11/27/2020,MSY,LA,ASW,CE,Combined TRACON& Tower with Radar,168,14,11,0,193,0,0,0,0,0,168,14,11,0,193,0,0,0,193
11/28/2020,MSY,LA,ASW,CE,Combined TRACON& Tower with Radar,208,10,11,0,229,0,2,1,0,3,208,12,12,0,232,0,0,0,232
11/29/2020,MSY,LA,ASW,CE,Combined TRACON& Tower with Radar,211,13,15,0,239,0,0,1,0,1,211,13,16,0,240,0,0,0,240
11/30/2020,MSY,LA,ASW,CE,Combined TRACON& Tower with Radar,201,13,13,0,227,0,2,0,0,2,201,15,13,0,229,0,0,0,229
12/01/2020,MSY,LA,ASW,CE,Combined TRACON& Tower with Radar,173,13,25,0,211,0,15,3,0,18,173,28,28,0,229,0,0,0,229
12/02/2020,MSY,LA,ASW,CE,Combined TRACON& Tower with Radar,117,9,14,2,142,0,7,6,4,17,117,16,20,6,159,0,0,0,159
12/03/2020,MSY,LA,ASW,CE,Combined TRACON& Tower with Radar,159,4,18,0,181,0,4,2,0,6,159,8,20,0,187,0,0,0,187
12/04/2020,MSY,LA,ASW,CE,Combined TRACON& Tower with Radar,150,10,24,0,184,0,1,11,0,12,150,11,35,0,196,0,0,0,196
12/05/2020,MSY,LA,ASW,CE,Combined TRACON& Tower with Radar,111,2,6,0,119,0,0,8,0,8,111,2,14,0,127,0,0,0,127
12/06/2020,MSY,LA,ASW,CE,Combined TRACON& Tower with Radar,154,6,13,0,173,0,2,8,0,10,154,8,21,0,183,0,0,0,183
12/07/2020,MSY,LA,ASW,CE,Combined TRACON& Tower with Radar,144,9,9,2,164,0,5,1,1,7,144,14,10,3,171,0,0,0,171
12/08/2020,MSY,LA,ASW,CE,Combined TRACON& Tower with Radar,112,12,26,3,153,0,5,8,0,13,112,17,34,3,166,0,0,0,166
12/09/2020,MSY,LA,ASW,CE,Combined TRACON& Tower with Radar,112,11,8,0,131,0,8,6,1,15,112,19,14,1,146,0,0,0,146
12/10/2020,MSY,LA,ASW,CE,Combined TRACON& Tower with Radar,167,8,15,4,194,0,7,1,3,11,167,15,16,7,205,0,0,0,205
12/11/2020,MSY,LA,ASW,CE,Combined TRACON& Tower with Radar,150,4,18,0,172,0,11,4,1,16,150,15,22,1,188,0,0,0,188
12/12/2020,MSY,LA,ASW,CE,Combined TRACON& Tower with Radar,110,7,6,0,123,0,1,11,0,12,110,8,17,0,135,0,0,0,135
12/13/2020,MSY,LA,ASW,CE,Combined TRACON& Tower with Radar,154,12,4,22,192,0,1,0,0,1,154,13,4,22,193,0,0,0,193
12/14/2020,MSY,LA,ASW,CE,Combined TRACON& Tower with Radar,140,11,9,0,160,0,1,9,0,10,140,12,18,0,170,0,0,0,170
12/15/2020,MSY,LA,ASW,CE,Combined TRACON& Tower with Radar,115,13,13,0,141,0,8,3,0,11,115,21,16,0,152,0,0,0,152
12/16/2020,MSY,LA,ASW,CE,Combined TRACON& Tower with Radar,129,10,22,0,161,0,2,1,0,3,129,12,23,0,164,0,0,0,164
12/17/2020,MSY,LA,ASW,CE,Combined TRACON& Tower with Radar,179,7,18,0,204,0,9,4,2,15,179,16,22,2,219,0,0,0,219
12/18/2020,MSY,LA,ASW,CE,Combined TRACON& Tower with Radar,185,14,25,2,226,0,12,8,4,24,185,26,33,6,250,0,0,0,250
12/19/2020,MSY,LA,ASW,CE,Combined TRACON& Tower with Radar,189,9,14,0,212,0,2,5,0,7,189,11,19,0,219,0,0,0,219
12/20/2020,MSY,LA,ASW,CE,Combined TRACON& Tower with Radar,183,26,12,3,224,0,1,3,0,4,183,27,15,3,228,0,0,0,228
12/21/2020,MSY,LA,ASW,CE,Combined TRACON& Tower with Radar,184,11,11,0,206,0,7,1,0,8,184,18,12,0,214,0,0,0,214
12/22/2020,MSY,LA,ASW,CE,Combined TRACON& Tower with Radar,188,13,9,2,212,0,10,1,1,12,188,23,10,3,224,0,0,0,224
12/23/2020,MSY,LA,ASW,CE,Combined TRACON& Tower with Radar,196,8,27,0,231,0,7,5,0,12,196,15,32,0,243,0,0,0,243
12/24/2020,MSY,LA,ASW,CE,Combined TRACON& Tower with Radar,145,7,5,0,157,0,0,3,0,3,145,7,8,0,160,0,0,0,160
12/25/2020,MSY,LA,ASW,CE,Combined TRACON& Tower with Radar,111,13,9,0,133,0,0,7,0,7,111,13,16,0,140,0,0,0,140
12/26/2020,MSY,LA,ASW,CE,Combined TRACON& Tower with Radar,174,7,15,0,196,0,0,5,0,5,174,7,20,0,201,0,0,0,201
12/27/2020,MSY,LA,ASW,CE,Combined TRACON& Tower with Radar,185,11,17,0,213,0,1,9,0,10,185,12,26,0,223,0,0,0,223
12/28/2020,MSY,LA,ASW,CE,Combined TRACON& Tower with Radar,175,12,25,0,212,0,3,10,4,17,175,15,35,4,229,0,0,0,229
12/29/2020,MSY,LA,ASW,CE,Combined TRACON& Tower with Radar,184,14,18,4,220,0,6,11,0,17,184,20,29,4,237,0,0,0,237
12/30/2020,MSY,LA,ASW,CE,Combined TRACON& Tower with Radar,192,16,18,0,226,0,8,1,0,9,192,24,19,0,235,0,0,0,235
12/31/2020,MSY,LA,ASW,CE,Combined TRACON& Tower with Radar,148,13,6,2,169,0,4,4,0,8,148,17,10,2,177,0,0,0,177
01/01/2021,MSY,LA,ASW,CE,Combined TRACON& Tower with Radar,129,15,16,0,160,0,0,5,0,5,129,15,21,0,165,0,0,0,165
01/02/2021,MSY,LA,ASW,CE,Combined TRACON& Tower with Radar,192,11,29,4,236,0,0,10,2,12,192,11,39,6,248,0,0,0,248
01/03/2021,MSY,LA,ASW,CE,Combined TRACON& Tower with Radar,189,15,15,0,219,0,6,13,0,19,189,21,28,0,238,0,0,0,238
01/04/2021,MSY,LA,ASW,CE,Combined TRACON& Tower with Radar,176,14,16,0,206,0,13,8,0,21,176,27,24,0,227,0,0,0,227
01/05/2021,MSY,LA,ASW,CE,Combined TRACON& Tower with Radar,161,11,13,0,185,0,8,30,0,38,161,19,43,0,223,0,0,0,223
01/06/2021,MSY,LA,ASW,CE,Combined TRACON& Tower with Radar,152,10,12,0,174,0,7,4,1,12,152,17,16,1,186,0,0,0,186
01/07/2021,MSY,LA,ASW,CE,Combined TRACON& Tower with Radar,173,13,10,0,196,0,5,1,2,8,173,18,11,2,204,0,0,0,204
01/08/2021,MSY,LA,ASW,CE,Combined TRACON& Tower with Radar,157,11,14,0,182,0,3,5,0,8,157,14,19,0,190,0,0,0,190
01/09/2021,MSY,LA,ASW,CE,Combined TRACON& Tower with Radar,125,13,7,0,145,0,5,7,0,12,125,18,14,0,157,0,0,0,157
01/10/2021,MSY,LA,ASW,CE,Combined TRACON& Tower with Radar,154,13,21,0,188,0,1,8,0,9,154,14,29,0,197,0,0,0,197
01/11/2021,MSY,LA,ASW,CE,Combined TRACON& Tower with Radar,146,22,17,0,185,0,0,2,0,2,146,22,19,0,187,0,0,0,187
01/12/2021,MSY,LA,ASW,CE,Combined TRACON& Tower with Radar,126,13,45,0,184,0,2,6,2,10,126,15,51,2,194,0,0,0,194
01/13/2021,MSY,LA,ASW,CE,Combined TRACON& Tower with Radar,127,9,23,0,159,0,7,2,1,10,127,16,25,1,169,0,0,0,169
01/14/2021,MSY,LA,ASW,CE,Combined TRACON& Tower with Radar,167,9,20,2,198,0,8,3,4,15,167,17,23,6,213,0,0,0,213
01/15/2021,MSY,LA,ASW,CE,Combined TRACON& Tower with Radar,158,17,25,0,200,0,4,6,2,12,158,21,31,2,212,0,0,0,212
01/16/2021,MSY,LA,ASW,CE,Combined TRACON& Tower with Radar,125,6,13,2,146,0,1,5,1,7,125,7,18,3,153,0,0,0,153
01/17/2021,MSY,LA,ASW,CE,Combined TRACON& Tower with Radar,150,22,41,2,215,0,4,8,0,12,150,26,49,2,227,0,0,0,227
01/18/2021,MSY,LA,ASW,CE,Combined TRACON& Tower with Radar,148,6,23,0,177,0,4,10,0,14,148,10,33,0,191,0,0,0,191
01/19/2021,MSY,LA,ASW,CE,Combined TRACON& Tower with Radar,125,9,3,0,137,0,15,4,0,19,125,24,7,0,156,0,0,0,156
01/20/2021,MSY,LA,ASW,CE,Combined TRACON& Tower with Radar,122,10,14,2,148,0,8,1,1,10,122,18,15,3,158,0,0,0,158
01/21/2021,MSY,LA,ASW,CE,Combined TRACON& Tower with Radar,167,7,34,0,208,0,6,2,0,8,167,13,36,0,216,0,0,0,216
01/22/2021,MSY,LA,ASW,CE,Combined TRACON& Tower with Radar,156,9,11,1,177,0,0,0,0,0,156,9,11,1,177,0,0,0,177
01/23/2021,MSY,LA,ASW,CE,Combined TRACON& Tower with Radar,120,14,10,2,146,0,0,2,0,2,120,14,12,2,148,0,0,0,148
01/24/2021,MSY,LA,ASW,CE,Combined TRACON& Tower with Radar,163,13,16,0,192,0,0,2,0,2,163,13,18,0,194,0,0,0,194
01/25/2021,MSY,LA,ASW,CE,Combined TRACON& Tower with Radar,148,8,19,1,176,0,3,0,0,3,148,11,19,1,179,0,0,0,179
01/26/2021,MSY,LA,ASW,CE,Combined TRACON& Tower with Radar,121,13,15,2,151,0,0,0,0,0,121,13,15,2,151,0,0,0,151
01/27/2021,MSY,LA,ASW,CE,Combined TRACON& Tower with Radar,129,22,16,2,169,0,0,3,0,3,129,22,19,2,172,0,0,0,172
01/28/2021,MSY,LA,ASW,CE,Combined TRACON& Tower with Radar,175,13,19,1,208,0,4,7,3,14,175,17,26,4,222,0,0,0,222
01/29/2021,MSY,LA,ASW,CE,Combined TRACON& Tower with Radar,157,19,22,0,198,0,19,8,0,27,157,38,30,0,225,0,0,0,225
01/30/2021,MSY,LA,ASW,CE,Combined TRACON& Tower with Radar,124,13,6,2,145,0,0,4,0,4,124,13,10,2,149,0,0,0,149
01/31/2021,MSY,LA,ASW,CE,Combined TRACON& Tower with Radar,155,12,24,0,191,0,1,9,0,10,155,13,33,0,201,0,0,0,201
02/01/2021,MSY,LA,ASW,CE,Combined TRACON& Tower with Radar,146,12,9,0,167,0,2,4,2,8,146,14,13,2,175,0,0,0,175
02/02/2021,MSY,LA,ASW,CE,Combined TRACON& Tower with Radar,127,8,11,3,149,0,5,5,1,11,127,13,16,4,160,0,0,0,160
02/03/2021,MSY,LA,ASW,CE,Combined TRACON& Tower with Radar,126,18,17,1,162,0,15,4,0,19,126,33,21,1,181,0,0,0,181
02/04/2021,MSY,LA,ASW,CE,Combined TRACON& Tower with Radar,171,9,24,0,204,0,11,8,0,19,171,20,32,0,223,0,0,0,223
02/05/2021,MSY,LA,ASW,CE,Combined TRACON& Tower with Radar,167,16,11,1,195,0,0,4,0,4,167,16,15,1,199,0,0,0,199
02/06/2021,MSY,LA,ASW,CE,Combined TRACON& Tower with Radar,133,16,14,2,165,0,0,0,0,0,133,16,14,2,165,0,0,0,165
02/07/2021,MSY,LA,ASW,CE,Combined TRACON& Tower with Radar,155,7,12,6,180,0,2,8,1,11,155,9,20,7,191,0,0,0,191
02/08/2021,MSY,LA,ASW,CE,Combined TRACON& Tower with Radar,152,14,14,2,182,0,8,1,0,9,152,22,15,2,191,0,0,0,191
02/09/2021,MSY,LA,ASW,CE,Combined TRACON& Tower with Radar,135,17,20,0,172,0,0,1,0,1,135,17,21,0,173,0,0,0,173
02/10/2021,MSY,LA,ASW,CE,Combined TRACON& Tower with Radar,134,9,11,0,154,0,0,0,0,0,134,9,11,0,154,0,0,0,154
02/11/2021,MSY,LA,ASW,CE,Combined TRACON& Tower with Radar,171,12,13,0,196,0,0,1,0,1,171,12,14,0,197,0,0,0,197
02/12/2021,MSY,LA,ASW,CE,Combined TRACON& Tower with Radar,193,18,35,0,246,0,0,0,0,0,193,18,35,0,246,0,0,0,246
02/13/2021,MSY,LA,ASW,CE,Combined TRACON& Tower with Radar,153,25,26,0,204,0,0,0,0,0,153,25,26,0,204,0,0,0,204
02/14/2021,MSY,LA,ASW,CE,Combined TRACON& Tower with Radar,155,41,6,0,202,0,2,0,0,2,155,43,6,0,204,0,0,0,204
02/15/2021,MSY,LA,ASW,CE,Combined TRACON& Tower with Radar,128,9,10,0,147,0,0,0,0,0,128,9,10,0,147,0,0,0,147
02/16/2021,MSY,LA,ASW,CE,Combined TRACON& Tower with Radar,95,18,22,0,135,0,5,3,2,10,95,23,25,2,145,0,0,0,145
02/17/2021,MSY,LA,ASW,CE,Combined TRACON& Tower with Radar,112,31,14,0,157,0,1,1,0,2,112,32,15,0,159,0,0,0,159
02/18/2021,MSY,LA,ASW,CE,Combined TRACON& Tower with Radar,157,28,24,4,213,0,0,0,0,0,157,28,24,4,213,0,0,0,213
02/19/2021,MSY,LA,ASW,CE,Combined TRACON& Tower with Radar,190,31,18,0,239,0,10,5,0,15,190,41,23,0,254,0,0,0,254
02/20/2021,MSY,LA,ASW,CE,Combined TRACON& Tower with Radar,148,12,24,0,184,0,3,3,0,6,148,15,27,0,190,0,0,0,190
02/21/2021,MSY,LA,ASW,CE,Combined TRACON& Tower with Radar,170,9,31,0,210,0,5,4,0,9,170,14,35,0,219,0,0,0,219
02/22/2021,MSY,LA,ASW,CE,Combined TRACON& Tower with Radar,173,14,31,0,218,0,16,8,0,24,173,30,39,0,242,0,0,0,242
02/23/2021,MSY,LA,ASW,CE,Combined TRACON& Tower with Radar,138,12,17,2,169,0,11,5,1,17,138,23,22,3,186,0,0,0,186
02/24/2021,MSY,LA,ASW,CE,Combined TRACON& Tower with Radar,140,18,12,0,170,0,8,7,1,16,140,26,19,1,186,0,0,0,186
02/25/2021,MSY,LA,ASW,CE,Combined TRACON& Tower with Radar,180,9,24,0,213,0,6,6,0,12,180,15,30,0,225,0,0,0,225
02/26/2021,MSY,LA,ASW,CE,Combined TRACON& Tower with Radar,185,13,25,0,223,0,1,1,1,3,185,14,26,1,226,0,0,0,226
02/27/2021,MSY,LA,ASW,CE,Combined TRACON& Tower with Radar,140,14,7,0,161,0,1,0,0,1,140,15,7,0,162,0,0,0,162
02/28/2021,MSY,LA,ASW,CE,Combined TRACON& Tower with Radar,173,13,12,0,198,0,5,3,0,8,173,18,15,0,206,0,0,0,206
03/01/2021,MSY,LA,ASW,CE,Combined TRACON& Tower with Radar,172,21,19,0,212,0,0,1,0,1,172,21,20,0,213,0,0,0,213
03/02/2021,MSY,LA,ASW,CE,Combined TRACON& Tower with Radar,146,10,20,2,178,0,0,0,0,0,146,10,20,2,178,0,0,0,178
03/03/2021,MSY,LA,ASW,CE,Combined TRACON& Tower with Radar,144,13,28,0,185,0,5,5,1,11,144,18,33,1,196,0,0,0,196
03/04/2021,MSY,LA,ASW,CE,Combined TRACON& Tower with Radar,191,11,32,0,234,0,11,7,2,20,191,22,39,2,254,0,0,0,254
03/05/2021,MSY,LA,ASW,CE,Combined TRACON& Tower with Radar,190,18,27,0,235,0,10,4,0,14,190,28,31,0,249,0,0,0,249
03/06/2021,MSY,LA,ASW,CE,Combined TRACON& Tower with Radar,160,11,9,0,180,0,6,3,1,10,160,17,12,1,190,0,0,0,190
03/07/2021,MSY,LA,ASW,CE,Combined TRACON& Tower with Radar,203,10,24,0,237,0,2,7,0,9,203,12,31,0,246,0,0,0,246
03/08/2021,MSY,LA,ASW,CE,Combined TRACON& Tower with Radar,201,6,29,0,236,0,10,7,0,17,201,16,36,0,253,0,0,0,253
03/09/2021,MSY,LA,ASW,CE,Combined TRACON& Tower with Radar,154,10,30,1,195,0,15,17,0,32,154,25,47,1,227,0,0,0,227
03/10/2021,MSY,LA,ASW,CE,Combined TRACON& Tower with Radar,156,12,13,0,181,1,14,4,0,19,157,26,17,0,200,0,0,0,200
03/11/2021,MSY,LA,ASW,CE,Combined TRACON& Tower with Radar,232,20,23,2,277,0,7,0,2,9,232,27,23,4,286,0,0,0,286
03/12/2021,MSY,LA,ASW,CE,Combined TRACON& Tower with Radar,226,17,22,2,267,0,7,0,0,7,226,24,22,2,274,0,0,0,274
03/13/2021,MSY,LA,ASW,CE,Combined TRACON& Tower with Radar,182,13,21,2,218,0,0,3,1,4,182,13,24,3,222,0,0,0,222
03/14/2021,MSY,LA,ASW,CE,Combined TRACON& Tower with Radar,208,14,22,1,245,0,0,4,0,4,208,14,26,1,249,0,0,0,249
03/15/2021,MSY,LA,ASW,CE,Combined TRACON& Tower with Radar,205,14,14,3,236,0,0,0,0,0,205,14,14,3,236,0,0,0,236
03/16/2021,MSY,LA,ASW,CE,Combined TRACON& Tower with Radar,194,15,23,0,232,0,10,0,7,17,194,25,23,7,249,0,0,0,249
03/17/2021,MSY,LA,ASW,CE,Combined TRACON& Tower with Radar,183,4,18,0,205,0,0,0,0,0,183,4,18,0,205,0,0,0,205
03/18/2021,MSY,LA,ASW,CE,Combined TRACON& Tower with Radar,229,15,27,2,273,0,14,3,0,17,229,29,30,2,290,0,0,0,290
03/19/2021,MSY,LA,ASW,CE,Combined TRACON& Tower with Radar,224,23,27,2,276,0,11,2,0,13,224,34,29,2,289,0,0,0,289
03/20/2021,MSY,LA,ASW,CE,Combined TRACON& Tower with Radar,197,11,16,0,224,0,5,4,0,9,197,16,20,0,233,0,0,0,233
03/21/2021,MSY,LA,ASW,CE,Combined TRACON& Tower with Radar,222,20,30,3,275,0,0,7,0,7,222,20,37,3,282,0,0,0,282
03/22/2021,MSY,LA,ASW,CE,Combined TRACON& Tower with Radar,213,11,25,0,249,0,11,3,0,14,213,22,28,0,263,0,0,0,263
03/23/2021,MSY,LA,ASW,CE,Combined TRACON& Tower with Radar,193,9,7,0,209,0,0,0,0,0,193,9,7,0,209,0,0,0,209
03/24/2021,MSY,LA,ASW,CE,Combined TRACON& Tower with Radar,195,14,17,0,226,0,0,0,0,0,195,14,17,0,226,0,0,0,226
03/25/2021,MSY,LA,ASW,CE,Combined TRACON& Tower with Radar,227,13,24,0,264,0,0,0,0,0,227,13,24,0,264,0,0,0,264
03/26/2021,MSY,LA,ASW,CE,Combined TRACON& Tower with Radar,224,16,32,0,272,0,1,3,0,4,224,17,35,0,276,0,0,0,276
03/27/2021,MSY,LA,ASW,CE,Combined TRACON& Tower with Radar,191,9,6,1,207,0,0,0,0,0,191,9,6,1,207,0,0,0,207
03/28/2021,MSY,LA,ASW,CE,Combined TRACON& Tower with Radar,222,17,25,0,264,0,2,0,0,2,222,19,25,0,266,0,0,0,266
03/29/2021,MSY,LA,ASW,CE,Combined TRACON& Tower with Radar,218,7,21,0,246,0,14,5,2,21,218,21,26,2,267,0,0,0,267
03/30/2021,MSY,LA,ASW,CE,Combined TRACON& Tower with Radar,197,11,22,2,232,0,2,3,0,5,197,13,25,2,237,0,0,0,237
03/31/2021,MSY,LA,ASW,CE,Combined TRACON& Tower with Radar,200,6,34,0,240,0,2,2,2,6,200,8,36,2,246,0,0,0,246
04/01/2021,MSY,LA,ASW,CE,Combined TRACON& Tower with Radar,233,26,14,0,273,0,7,8,0,15,233,33,22,0,288,0,0,0,288
04/02/2021,MSY,LA,ASW,CE,Combined TRACON& Tower with Radar,238,31,21,0,290,0,4,3,0,7,238,35,24,0,297,0,0,0,297
04/03/2021,MSY,LA,ASW,CE,Combined TRACON& Tower with Radar,202,12,7,0,221,0,1,8,0,9,202,13,15,0,230,0,0,0,230
04/04/2021,MSY,LA,ASW,CE,Combined TRACON& Tower with Radar,218,17,18,0,253,0,1,6,4,11,218,18,24,4,264,0,0,0,264
04/05/2021,MSY,LA,ASW,CE,Combined TRACON& Tower with Radar,220,28,20,0,268,0,10,8,0,18,220,38,28,0,286,0,0,0,286
04/06/2021,MSY,LA,ASW,CE,Combined TRACON& Tower with Radar,197,16,16,0,229,0,5,4,1,10,197,21,20,1,239,0,0,0,239
04/07/2021,MSY,LA,ASW,CE,Combined TRACON& Tower with Radar,196,7,18,5,226,0,10,6,3,19,196,17,24,8,245,0,0,0,245
04/08/2021,MSY,LA,ASW,CE,Combined TRACON& Tower with Radar,243,19,21,3,286,0,2,12,2,16,243,21,33,5,302,0,0,0,302
04/09/2021,MSY,LA,ASW,CE,Combined TRACON& Tower with Radar,233,18,24,2,277,0,3,3,0,6,233,21,27,2,283,0,0,0,283
04/10/2021,MSY,LA,ASW,CE,Combined TRACON& Tower with Radar,203,7,13,3,226,0,2,2,0,4,203,9,15,3,230,0,0,0,230
04/11/2021,MSY,LA,ASW,CE,Combined TRACON& Tower with Radar,215,25,21,0,261,0,2,11,0,13,215,27,32,0,274,0,0,0,274
04/12/2021,MSY,LA,ASW,CE,Combined TRACON& Tower with Radar,220,13,25,2,260,0,11,8,0,19,220,24,33,2,279,0,0,0,279
04/13/2021,MSY,LA,ASW,CE,Combined TRACON& Tower with Radar,183,11,15,0,209,0,4,0,0,4,183,15,15,0,213,0,0,0,213
04/14/2021,MSY,LA,ASW,CE,Combined TRACON& Tower with Radar,177,15,22,0,214,0,3,5,0,8,177,18,27,0,222,0,0,0,222
04/15/2021,MSY,LA,ASW,CE,Combined TRACON& Tower with Radar,238,15,32,4,289,0,2,0,0,2,238,17,32,4,291,0,0,0,291
04/16/2021,MSY,LA,ASW,CE,Combined TRACON& Tower with Radar,229,14,15,3,261,0,1,3,0,4,229,15,18,3,265,0,0,0,265
04/17/2021,MSY,LA,ASW,CE,Combined TRACON& Tower with Radar,192,6,8,1,207,0,0,0,0,0,192,6,8,1,207,0,0,0,207
04/18/2021,MSY,LA,ASW,CE,Combined TRACON& Tower with Radar,224,14,23,0,261,0,3,4,0,7,224,17,27,0,268,0,0,0,268
04/19/2021,MSY,LA,ASW,CE,Combined TRACON& Tower with Radar,219,17,16,0,252,0,17,3,0,20,219,34,19,0,272,0,0,0,272
04/20/2021,MSY,LA,ASW,CE,Combined TRACON& Tower with Radar,174,15,19,0,208,0,12,2,0,14,174,27,21,0,222,0,0,0,222
04/21/2021,MSY,LA,ASW,CE,Combined TRACON& Tower with Radar,176,7,24,1,208,0,15,7,0,22,176,22,31,1,230,0,0,0,230
04/22/2021,MSY,LA,ASW,CE,Combined TRACON& Tower with Radar,238,20,23,0,281,1,5,5,0,11,239,25,28,0,292,0,0,0,292
04/23/2021,MSY,LA,ASW,CE,Combined TRACON& Tower with Radar,221,22,24,0,267,0,5,0,0,5,221,27,24,0,272,0,0,0,272
04/24/2021,MSY,LA,ASW,CE,Combined TRACON& Tower with Radar,189,12,15,0,216,0,1,2,0,3,189,13,17,0,219,0,0,0,219
04/25/2021,MSY,LA,ASW,CE,Combined TRACON& Tower with Radar,228,25,35,0,288,0,2,14,0,16,228,27,49,0,304,0,0,0,304
04/26/2021,MSY,LA,ASW,CE,Combined TRACON& Tower with Radar,222,20,16,1,259,0,12,5,2,19,222,32,21,3,278,0,0,0,278
04/27/2021,MSY,LA,ASW,CE,Combined TRACON& Tower with Radar,178,13,16,1,208,0,13,2,0,15,178,26,18,1,223,0,0,0,223
04/28/2021,MSY,LA,ASW,CE,Combined TRACON& Tower with Radar,174,15,20,1,210,0,11,8,1,20,174,26,28,2,230,0,0,0,230
04/29/2021,MSY,LA,ASW,CE,Combined TRACON& Tower with Radar,236,12,13,2,263,0,4,9,2,15,236,16,22,4,278,0,0,0,278
04/30/2021,MSY,LA,ASW,CE,Combined TRACON& Tower with Radar,230,22,28,0,280,0,2,4,0,6,230,24,32,0,286,0,0,0,286
05/01/2021,MSY,LA,ASW,CE,Combined TRACON& Tower with Radar,195,12,17,2,226,0,1,8,1,10,195,13,25,3,236,0,0,0,236
05/02/2021,MSY,LA,ASW,CE,Combined TRACON& Tower with Radar,226,19,28,1,274,0,0,1,0,1,226,19,29,1,275,0,0,0,275
05/03/2021,MSY,LA,ASW,CE,Combined TRACON& Tower with Radar,213,15,10,3,241,0,0,0,0,0,213,15,10,3,241,0,0,0,241
05/04/2021,MSY,LA,ASW,CE,Combined TRACON& Tower with Radar,168,10,16,0,194,0,0,1,0,1,168,10,17,0,195,0,0,0,195
05/05/2021,MSY,LA,ASW,CE,Combined TRACON& Tower with Radar,182,14,26,1,223,0,0,1,1,2,182,14,27,2,225,0,0,0,225
05/06/2021,MSY,LA,ASW,CE,Combined TRACON& Tower with Radar,246,21,23,3,293,0,5,6,0,11,246,26,29,3,304,0,0,0,304
05/07/2021,MSY,LA,ASW,CE,Combined TRACON& Tower with Radar,239,20,24,2,285,0,11,2,0,13,239,31,26,2,298,0,0,0,298
05/08/2021,MSY,LA,ASW,CE,Combined TRACON& Tower with Radar,219,12,16,0,247,0,0,3,0,3,219,12,19,0,250,0,0,0,250
05/09/2021,MSY,LA,ASW,CE,Combined TRACON& Tower with Radar,239,18,14,0,271,0,2,7,0,9,239,20,21,0,280,0,0,0,280
05/10/2021,MSY,LA,ASW,CE,Combined TRACON& Tower with Radar,231,13,18,0,262,0,1,3,0,4,231,14,21,0,266,0,0,0,266
05/11/2021,MSY,LA,ASW,CE,Combined TRACON& Tower with Radar,216,13,18,4,251,0,2,2,0,4,216,15,20,4,255,0,0,0,255
05/12/2021,MSY,LA,ASW,CE,Combined TRACON& Tower with Radar,208,19,26,0,253,0,3,6,2,11,208,22,32,2,264,0,0,0,264
05/13/2021,MSY,LA,ASW,CE,Combined TRACON& Tower with Radar,252,11,35,0,298,0,16,2,0,18,252,27,37,0,316,0,0,0,316
05/14/2021,MSY,LA,ASW,CE,Combined TRACON& Tower with Radar,246,18,13,3,280,0,8,3,0,11,246,26,16,3,291,0,0,0,291
05/15/2021,MSY,LA,ASW,CE,Combined TRACON& Tower with Radar,221,8,14,0,243,0,2,10,0,12,221,10,24,0,255,0,0,0,255
05/16/2021,MSY,LA,ASW,CE,Combined TRACON& Tower with Radar,237,12,20,0,269,0,4,4,0,8,237,16,24,0,277,0,0,0,277
05/17/2021,MSY,LA,ASW,CE,Combined TRACON& Tower with Radar,237,12,15,0,264,0,4,1,0,5,237,16,16,0,269,0,0,0,269
05/18/2021,MSY,LA,ASW,CE,Combined TRACON& Tower with Radar,227,12,21,0,260,0,0,3,0,3,227,12,24,0,263,0,0,0,263
05/19/2021,MSY,LA,ASW,CE,Combined TRACON& Tower with Radar,218,15,39,2,274,0,0,3,0,3,218,15,42,2,277,0,0,0,277
05/20/2021,MSY,LA,ASW,CE,Combined TRACON& Tower with Radar,256,33,21,1,311,0,0,0,0,0,256,33,21,1,311,0,0,0,311
05/21/2021,MSY,LA,ASW,CE,Combined TRACON& Tower with Radar,259,23,26,2,310,0,0,4,4,8,259,23,30,6,318,0,0,0,318
05/22/2021,MSY,LA,ASW,CE,Combined TRACON& Tower with Radar,223,14,13,0,250,0,1,2,0,3,223,15,15,0,253,0,0,0,253
05/23/2021,MSY,LA,ASW,CE,Combined TRACON& Tower with Radar,247,21,23,0,291,0,2,5,1,8,247,23,28,1,299,0,0,0,299
05/24/2021,MSY,LA,ASW,CE,Combined TRACON& Tower with Radar,251,20,23,0,294,0,8,10,0,18,251,28,33,0,312,0,0,0,312
05/25/2021,MSY,LA,ASW,CE,Combined TRACON& Tower with Radar,227,15,21,0,263,0,9,9,0,18,227,24,30,0,281,0,0,0,281
05/26/2021,MSY,LA,ASW,CE,Combined TRACON& Tower with Radar,218,18,15,0,251,0,8,8,0,16,218,26,23,0,267,0,0,0,267
05/27/2021,MSY,LA,ASW,CE,Combined TRACON& Tower with Radar,254,14,33,0,301,0,6,1,0,7,254,20,34,0,308,0,0,0,308
05/28/2021,MSY,LA,ASW,CE,Combined TRACON& Tower with Radar,255,9,15,0,279,0,6,10,0,16,255,15,25,0,295,0,0,0,295
05/29/2021,MSY,LA,ASW,CE,Combined TRACON& Tower with Radar,228,10,7,0,245,0,2,2,1,5,228,12,9,1,250,0,0,0,250
05/30/2021,MSY,LA,ASW,CE,Combined TRACON& Tower with Radar,227,8,11,0,246,0,0,0,0,0,227,8,11,0,246,0,0,0,246
05/31/2021,MSY,LA,ASW,CE,Combined TRACON& Tower with Radar,241,11,16,0,268,0,1,3,0,4,241,12,19,0,272,0,0,0,272
06/01/2021,MSY,LA,ASW,CE,Combined TRACON& Tower with Radar,216,9,10,2,237,0,8,5,0,13,216,17,15,2,250,0,0,0,250
06/02/2021,MSY,LA,ASW,CE,Combined TRACON& Tower with Radar,227,11,16,4,258,0,11,4,0,15,227,22,20,4,273,0,0,0,273
06/03/2021,MSY,LA,ASW,CE,Combined TRACON& Tower with Radar,244,21,17,0,282,0,13,2,0,15,244,34,19,0,297,0,0,0,297
06/04/2021,MSY,LA,ASW,CE,Combined TRACON& Tower with Radar,247,24,25,0,296,0,5,1,0,6,247,29,26,0,302,0,0,0,302
06/05/2021,MSY,LA,ASW,CE,Combined TRACON& Tower with Radar,217,11,8,0,236,0,0,0,0,0,217,11,8,0,236,0,0,0,236
06/06/2021,MSY,LA,ASW,CE,Combined TRACON& Tower with Radar,252,15,26,0,293,0,2,2,0,4,252,17,28,0,297,0,0,0,297
06/07/2021,MSY,LA,ASW,CE,Combined TRACON& Tower with Radar,251,18,22,0,291,0,8,0,0,8,251,26,22,0,299,0,0,0,299
06/08/2021,MSY,LA,ASW,CE,Combined TRACON& Tower with Radar,245,17,14,0,276,0,11,2,0,13,245,28,16,0,289,0,0,0,289
06/09/2021,MSY,LA,ASW,CE,Combined TRACON& Tower with Radar,238,13,28,0,279,0,10,5,0,15,238,23,33,0,294,0,0,0,294
06/10/2021,MSY,LA,ASW,CE,Combined TRACON& Tower with Radar,267,19,31,0,317,0,10,7,0,17,267,29,38,0,334,0,0,0,334
06/11/2021,MSY,LA,ASW,CE,Combined TRACON& Tower with Radar,277,21,26,2,326,0,8,2,0,10,277,29,28,2,336,0,0,0,336
06/12/2021,MSY,LA,ASW,CE,Combined TRACON& Tower with Radar,206,4,19,2,231,0,1,4,0,5,206,5,23,2,236,0,0,0,236
06/13/2021,MSY,LA,ASW,CE,Combined TRACON& Tower with Radar,241,16,20,1,278,0,2,5,0,7,241,18,25,1,285,0,0,0,285
06/14/2021,MSY,LA,ASW,CE,Combined TRACON& Tower with Radar,249,10,24,0,283,0,12,3,2,17,249,22,27,2,300,0,0,0,300
06/15/2021,MSY,LA,ASW,CE,Combined TRACON& Tower with Radar,239,15,22,0,276,0,11,8,0,19,239,26,30,0,295,0,0,0,295
06/16/2021,MSY,LA,ASW,CE,Combined TRACON& Tower with Radar,248,10,34,1,293,0,18,5,0,23,248,28,39,1,316,0,0,0,316
06/17/2021,MSY,LA,ASW,CE,Combined TRACON& Tower with Radar,268,25,35,2,330,0,6,6,0,12,268,31,41,2,342,0,0,0,342
06/18/2021,MSY,LA,ASW,CE,Combined TRACON& Tower with Radar,270,5,25,3,303,0,0,0,0,0,270,5,25,3,303,0,0,0,303
06/19/2021,MSY,LA,ASW,CE,Combined TRACON& Tower with Radar,205,8,22,0,235,0,2,0,0,2,205,10,22,0,237,0,0,0,237
06/20/2021,MSY,LA,ASW,CE,Combined TRACON& Tower with Radar,239,15,14,1,269,0,2,3,0,5,239,17,17,1,274,0,0,0,274
06/21/2021,MSY,LA,ASW,CE,Combined TRACON& Tower with Radar,248,12,23,0,283,0,0,1,0,1,248,12,24,0,284,0,0,0,284
06/22/2021,MSY,LA,ASW,CE,Combined TRACON& Tower with Radar,247,10,15,2,274,0,0,1,1,2,247,10,16,3,276,0,0,0,276
06/23/2021,MSY,LA,ASW,CE,Combined TRACON& Tower with Radar,248,10,24,1,283,0,5,0,0,5,248,15,24,1,288,0,0,0,288
06/24/2021,MSY,LA,ASW,CE,Combined TRACON& Tower with Radar,258,25,14,0,297,0,3,0,0,3,258,28,14,0,300,0,0,0,300
06/25/2021,MSY,LA,ASW,CE,Combined TRACON& Tower with Radar,266,15,14,0,295,0,2,1,0,3,266,17,15,0,298,0,0,0,298
06/26/2021,MSY,LA,ASW,CE,Combined TRACON& Tower with Radar,200,12,10,1,223,0,0,4,1,5,200,12,14,2,228,0,0,0,228
06/27/2021,MSY,LA,ASW,CE,Combined TRACON& Tower with Radar,240,15,14,1,270,0,4,1,0,5,240,19,15,1,275,0,0,0,275
06/28/2021,MSY,LA,ASW,CE,Combined TRACON& Tower with Radar,248,13,22,1,284,0,4,2,0,6,248,17,24,1,290,0,0,0,290
06/29/2021,MSY,LA,ASW,CE,Combined TRACON& Tower with Radar,239,15,18,1,273,0,9,6,0,15,239,24,24,1,288,0,0,0,288
06/30/2021,MSY,LA,ASW,CE,Combined TRACON& Tower with Radar,249,20,15,0,284,0,17,2,1,20,249,37,17,1,304,0,0,0,304
07/01/2021,MSY,LA,ASW,CE,Combined TRACON& Tower with Radar,253,21,16,5,295,0,13,3,2,18,253,34,19,7,313,0,0,0,313
07/02/2021,MSY,LA,ASW,CE,Combined TRACON& Tower with Radar,263,10,23,0,296,0,4,4,3,11,263,14,27,3,307,0,0,0,307
07/03/2021,MSY,LA,ASW,CE,Combined TRACON& Tower with Radar,204,11,5,0,220,0,0,0,0,0,204,11,5,0,220,0,0,0,220
07/04/2021,MSY,LA,ASW,CE,Combined TRACON& Tower with Radar,224,4,11,0,239,0,0,0,0,0,224,4,11,0,239,0,0,0,239
07/05/2021,MSY,LA,ASW,CE,Combined TRACON& Tower with Radar,259,13,10,2,284,0,0,1,0,1,259,13,11,2,285,0,0,0,285
07/06/2021,MSY,LA,ASW,CE,Combined TRACON& Tower with Radar,238,12,16,0,266,0,2,3,1,6,238,14,19,1,272,0,0,0,272
07/07/2021,MSY,LA,ASW,CE,Combined TRACON& Tower with Radar,237,15,17,0,269,0,4,0,0,4,237,19,17,0,273,0,0,0,273
07/08/2021,MSY,LA,ASW,CE,Combined TRACON& Tower with Radar,257,13,28,12,310,0,14,2,0,16,257,27,30,12,326,0,0,0,326
07/09/2021,MSY,LA,ASW,CE,Combined TRACON& Tower with Radar,276,13,17,0,306,0,2,1,0,3,276,15,18,0,309,0,0,0,309
07/10/2021,MSY,LA,ASW,CE,Combined TRACON& Tower with Radar,212,16,24,1,253,0,0,3,0,3,212,16,27,1,256,0,0,0,256
07/11/2021,MSY,LA,ASW,CE,Combined TRACON& Tower with Radar,201,16,29,2,248,0,1,6,0,7,201,17,35,2,255,0,0,0,255
07/12/2021,MSY,LA,ASW,CE,Combined TRACON& Tower with Radar,261,14,24,0,299,0,6,1,2,9,261,20,25,2,308,0,0,0,308
07/13/2021,MSY,LA,ASW,CE,Combined TRACON& Tower with Radar,245,19,24,0,288,0,11,5,0,16,245,30,29,0,304,0,0,0,304
07/14/2021,MSY,LA,ASW,CE,Combined TRACON& Tower with Radar,246,20,31,1,298,0,6,3,0,9,246,26,34,1,307,0,0,0,307
07/15/2021,MSY,LA,ASW,CE,Combined TRACON& Tower with Radar,275,15,26,0,316,0,7,3,1,11,275,22,29,1,327,0,0,0,327
07/16/2021,MSY,LA,ASW,CE,Combined TRACON& Tower with Radar,292,12,28,4,336,0,9,3,0,12,292,21,31,4,348,0,0,0,348
07/17/2021,MSY,LA,ASW,CE,Combined TRACON& Tower with Radar,210,11,16,1,238,0,0,8,1,9,210,11,24,2,247,0,0,0,247
07/18/2021,MSY,LA,ASW,CE,Combined TRACON& Tower with Radar,244,17,13,1,275,0,0,7,0,7,244,17,20,1,282,0,0,0,282
07/19/2021,MSY,LA,ASW,CE,Combined TRACON& Tower with Radar,281,16,38,0,335,0,10,4,0,14,281,26,42,0,349,0,0,0,349
07/20/2021,MSY,LA,ASW,CE,Combined TRACON& Tower with Radar,247,8,19,0,274,0,1,1,2,4,247,9,20,2,278,0,0,0,278
07/21/2021,MSY,LA,ASW,CE,Combined TRACON& Tower with Radar,248,12,27,0,287,0,4,0,0,4,248,16,27,0,291,0,0,0,291
07/22/2021,MSY,LA,ASW,CE,Combined TRACON& Tower with Radar,277,7,34,0,318,0,7,4,0,11,277,14,38,0,329,0,0,0,329
07/23/2021,MSY,LA,ASW,CE,Combined TRACON& Tower with Radar,297,13,17,4,331,0,4,7,0,11,297,17,24,4,342,0,0,0,342
07/24/2021,MSY,LA,ASW,CE,Combined TRACON& Tower with Radar,211,13,7,0,231,0,2,2,0,4,211,15,9,0,235,0,0,0,235
07/25/2021,MSY,LA,ASW,CE,Combined TRACON& Tower with Radar,256,10,18,0,284,0,0,5,0,5,256,10,23,0,289,0,0,0,289
07/26/2021,MSY,LA,ASW,CE,Combined TRACON& Tower with Radar,277,13,21,0,311,0,14,8,0,22,277,27,29,0,333,0,0,0,333
07/27/2021,MSY,LA,ASW,CE,Combined TRACON& Tower with Radar,248,18,24,0,290,0,10,4,0,14,248,28,28,0,304,0,0,0,304
07/28/2021,MSY,LA,ASW,CE,Combined TRACON& Tower with Radar,249,13,25,0,287,0,8,4,2,14,249,21,29,2,301,0,0,0,301
07/29/2021,MSY,LA,ASW,CE,Combined TRACON& Tower with Radar,275,16,21,0,312,0,14,4,1,19,275,30,25,1,331,0,0,0,331
07/30/2021,MSY,LA,ASW,CE,Combined TRACON& Tower with Radar,287,9,20,0,316,0,7,3,1,11,287,16,23,1,327,0,0,0,327
07/31/2021,MSY,LA,ASW,CE,Combined TRACON& Tower with Radar,196,14,19,0,229,0,4,2,0,6,196,18,21,0,235,0,0,0,235
08/01/2021,MSY,LA,ASW,CE,Combined TRACON& Tower with Radar,232,24,21,0,277,0,2,4,0,6,232,26,25,0,283,0,0,0,283
08/02/2021,MSY,LA,ASW,CE,Combined TRACON& Tower with Radar,258,11,18,0,287,0,0,4,0,4,258,11,22,0,291,0,0,0,291
08/03/2021,MSY,LA,ASW,CE,Combined TRACON& Tower with Radar,240,5,7,0,252,0,2,3,0,5,240,7,10,0,257,0,0,0,257
08/04/2021,MSY,LA,ASW,CE,Combined TRACON& Tower with Radar,241,14,11,0,266,0,1,11,0,12,241,15,22,0,278,0,0,0,278
08/05/2021,MSY,LA,ASW,CE,Combined TRACON& Tower with Radar,264,12,12,0,288,0,15,1,3,19,264,27,13,3,307,0,0,0,307
08/06/2021,MSY,LA,ASW,CE,Combined TRACON& Tower with Radar,268,17,15,0,300,1,11,5,0,17,269,28,20,0,317,0,0,0,317
08/07/2021,MSY,LA,ASW,CE,Combined TRACON& Tower with Radar,214,7,19,2,242,0,1,8,2,11,214,8,27,4,253,0,0,0,253
08/08/2021,MSY,LA,ASW,CE,Combined TRACON& Tower with Radar,249,14,29,0,292,0,2,5,0,7,249,16,34,0,299,0,0,0,299
08/09/2021,MSY,LA,ASW,CE,Combined TRACON& Tower with Radar,277,12,27,0,316,0,12,4,0,16,277,24,31,0,332,0,0,0,332
08/10/2021,MSY,LA,ASW,CE,Combined TRACON& Tower with Radar,241,10,21,0,272,0,6,6,2,14,241,16,27,2,286,0,0,0,286
08/11/2021,MSY,LA,ASW,CE,Combined TRACON& Tower with Radar,240,12,15,0,267,0,8,5,2,15,240,20,20,2,282,0,0,0,282
08/12/2021,MSY,LA,ASW,CE,Combined TRACON& Tower with Radar,274,11,27,0,312,0,2,2,0,4,274,13,29,0,316,0,0,0,316
08/13/2021,MSY,LA,ASW,CE,Combined TRACON& Tower with Radar,296,10,20,4,330,0,5,3,0,8,296,15,23,4,338,0,0,0,338
08/14/2021,MSY,LA,ASW,CE,Combined TRACON& Tower with Radar,200,13,13,0,226,0,0,5,0,5,200,13,18,0,231,0,0,0,231
08/15/2021,MSY,LA,ASW,CE,Combined TRACON& Tower with Radar,251,12,30,0,293,0,5,2,0,7,251,17,32,0,300,0,0,0,300
08/16/2021,MSY,LA,ASW,CE,Combined TRACON& Tower with Radar,281,10,26,0,317,0,10,6,0,16,281,20,32,0,333,0,0,0,333
08/17/2021,MSY,LA,ASW,CE,Combined TRACON& Tower with Radar,225,14,30,4,273,0,14,7,2,23,225,28,37,6,296,0,0,0,296
08/18/2021,MSY,LA,ASW,CE,Combined TRACON& Tower with Radar,230,12,30,0,272,0,11,2,0,13,230,23,32,0,285,0,0,0,285
08/19/2021,MSY,LA,ASW,CE,Combined TRACON& Tower with Radar,270,27,18,2,317,0,10,5,0,15,270,37,23,2,332,0,0,0,332
08/20/2021,MSY,LA,ASW,CE,Combined TRACON& Tower with Radar,277,20,19,2,318,0,14,4,0,18,277,34,23,2,336,0,0,0,336
08/21/2021,MSY,LA,ASW,CE,Combined TRACON& Tower with Radar,187,11,14,0,212,0,6,11,2,19,187,17,25,2,231,0,0,0,231
08/22/2021,MSY,LA,ASW,CE,Combined TRACON& Tower with Radar,247,13,13,0,273,0,3,7,0,10,247,16,20,0,283,0,0,0,283
08/23/2021,MSY,LA,ASW,CE,Combined TRACON& Tower with Radar,264,12,24,3,303,0,11,4,0,15,264,23,28,3,318,0,0,0,318
08/24/2021,MSY,LA,ASW,CE,Combined TRACON& Tower with Radar,227,11,16,0,254,0,5,2,0,7,227,16,18,0,261,0,0,0,261
08/25/2021,MSY,LA,ASW,CE,Combined TRACON& Tower with Radar,226,4,24,0,254,0,5,5,0,10,226,9,29,0,264,0,0,0,264
08/26/2021,MSY,LA,ASW,CE,Combined TRACON& Tower with Radar,278,10,8,0,296,0,7,2,0,9,278,17,10,0,305,0,0,0,305
08/27/2021,MSY,LA,ASW,CE,Combined TRACON& Tower with Radar,280,28,26,2,336,0,3,1,0,4,280,31,27,2,340,0,0,0,340
08/28/2021,MSY,LA,ASW,CE,Combined TRACON& Tower with Radar,180,62,68,0,310,0,2,7,0,9,180,64,75,0,319,0,0,0,319
08/29/2021,MSY,LA,ASW,CE,Combined TRACON& Tower with Radar,0,0,1,0,1,0,0,1,0,1,0,0,2,0,2,0,0,0,2
08/30/2021,MSY,LA,ASW,CE,Combined TRACON& Tower with Radar,0,0,2,0,2,0,0,2,0,2,0,0,4,0,4,0,0,0,4
08/31/2021,MSY,LA,ASW,CE,Combined TRACON& Tower with Radar,2,2,28,0,32,0,0,9,1,10,2,2,37,1,42,0,0,0,42
09/01/2021,MSY,LA,ASW,CE,Combined TRACON& Tower with Radar,4,6,50,1,61,0,4,23,7,34,4,10,73,8,95,0,0,0,95
09/02/2021,MSY,LA,ASW,CE,Combined TRACON& Tower with Radar,8,21,32,1,62,0,17,8,16,41,8,38,40,17,103,0,0,0,103
09/03/2021,MSY,LA,ASW,CE,Combined TRACON& Tower with Radar,14,8,6,4,32,0,7,2,7,16,14,15,8,11,48,0,0,0,48
09/04/2021,MSY,LA,ASW,CE,Combined TRACON& Tower with Radar,40,2,12,0,54,0,0,12,6,18,40,2,24,6,72,0,0,0,72
09/05/2021,MSY,LA,ASW,CE,Combined TRACON& Tower with Radar,54,2,7,0,63,0,2,15,11,28,54,4,22,11,91,0,0,0,91
09/06/2021,MSY,LA,ASW,CE,Combined TRACON& Tower with Radar,90,6,11,0,107,0,2,4,0,6,90,8,15,0,113,0,0,0,113
09/07/2021,MSY,LA,ASW,CE,Combined TRACON& Tower with Radar,81,14,21,0,116,0,0,9,1,10,81,14,30,1,126,0,0,0,126
09/08/2021,MSY,LA,ASW,CE,Combined TRACON& Tower with Radar,100,20,42,0,162,0,1,5,1,7,100,21,47,1,169,0,0,0,169
09/09/2021,MSY,LA,ASW,CE,Combined TRACON& Tower with Radar,140,13,21,0,174,0,0,4,0,4,140,13,25,0,178,0,0,0,178
09/10/2021,MSY,LA,ASW,CE,Combined TRACON& Tower with Radar,139,13,31,0,183,0,2,3,0,5,139,15,34,0,188,0,0,0,188
09/11/2021,MSY,LA,ASW,CE,Combined TRACON& Tower with Radar,114,21,11,2,148,0,2,4,0,6,114,23,15,2,154,0,0,0,154
09/12/2021,MSY,LA,ASW,CE,Combined TRACON& Tower with Radar,142,14,19,0,175,0,3,1,1,5,142,17,20,1,180,0,0,0,180
09/13/2021,MSY,LA,ASW,CE,Combined TRACON& Tower with Radar,140,12,27,0,179,0,3,4,0,7,140,15,31,0,186,0,0,0,186
09/14/2021,MSY,LA,ASW,CE,Combined TRACON& Tower with Radar,111,9,8,2,130,0,0,0,0,0,111,9,8,2,130,0,0,0,130
09/15/2021,MSY,LA,ASW,CE,Combined TRACON& Tower with Radar,145,7,25,0,177,0,2,0,0,2,145,9,25,0,179,0,0,0,179
09/16/2021,MSY,LA,ASW,CE,Combined TRACON& Tower with Radar,173,9,16,4,202,0,1,0,0,1,173,10,16,4,203,0,0,0,203
09/17/2021,MSY,LA,ASW,CE,Combined TRACON& Tower with Radar,170,9,16,0,195,0,6,1,0,7,170,15,17,0,202,0,0,0,202
09/18/2021,MSY,LA,ASW,CE,Combined TRACON& Tower with Radar,137,9,7,0,153,0,3,2,0,5,137,12,9,0,158,0,0,0,158
09/19/2021,MSY,LA,ASW,CE,Combined TRACON& Tower with Radar,160,13,24,0,197,0,0,4,0,4,160,13,28,0,201,0,0,0,201
09/20/2021,MSY,LA,ASW,CE,Combined TRACON& Tower with Radar,164,5,21,0,190,0,7,3,1,11,164,12,24,1,201,0,0,0,201
09/21/2021,MSY,LA,ASW,CE,Combined TRACON& Tower with Radar,139,24,25,0,188,0,16,2,0,18,139,40,27,0,206,0,0,0,206
09/22/2021,MSY,LA,ASW,CE,Combined TRACON& Tower with Radar,142,5,19,2,168,0,23,7,0,30,142,28,26,2,198,0,0,0,198
09/23/2021,MSY,LA,ASW,CE,Combined TRACON& Tower with Radar,168,14,23,0,205,0,17,3,0,20,168,31,26,0,225,0,0,0,225
09/24/2021,MSY,LA,ASW,CE,Combined TRACON& Tower with Radar,176,20,27,0,223,0,7,21,4,32,176,27,48,4,255,0,0,0,255
09/25/2021,MSY,LA,ASW,CE,Combined TRACON& Tower with Radar,140,6,9,2,157,0,3,2,0,5,140,9,11,2,162,0,0,0,162
09/26/2021,MSY,LA,ASW,CE,Combined TRACON& Tower with Radar,177,11,24,0,212,0,0,7,0,7,177,11,31,0,219,0,0,0,219
09/27/2021,MSY,LA,ASW,CE,Combined TRACON& Tower with Radar,170,16,23,0,209,0,10,3,0,13,170,26,26,0,222,0,0,0,222
09/28/2021,MSY,LA,ASW,CE,Combined TRACON& Tower with Radar,147,10,20,2,179,0,4,0,0,4,147,14,20,2,183,0,0,0,183
09/29/2021,MSY,LA,ASW,CE,Combined TRACON& Tower with Radar,151,9,22,3,185,0,0,0,1,1,151,9,22,4,186,0,0,0,186
09/30/2021,MSY,LA,ASW,CE,Combined TRACON& Tower with Radar,179,18,18,0,215,0,7,2,0,9,179,25,20,0,224,0,0,0,224
10/01/2021,MSY,LA,ASW,CE,Combined TRACON& Tower with Radar,190,16,24,0,230,0,6,2,0,8,190,22,26,0,238,0,0,0,238
10/02/2021,MSY,LA,ASW,CE,Combined TRACON& Tower with Radar,153,18,6,2,179,0,0,3,0,3,153,18,9,2,182,0,0,0,182
10/03/2021,MSY,LA,ASW,CE,Combined TRACON& Tower with Radar,250,17,23,1,291,0,1,6,2,9,250,18,29,3,300,0,0,0,300
10/04/2021,MSY,LA,ASW,CE,Combined TRACON& Tower with Radar,233,12,19,0,264,0,22,1,0,23,233,34,20,0,287,0,0,0,287
10/05/2021,MSY,LA,ASW,CE,Combined TRACON& Tower with Radar,209,12,16,0,237,0,17,17,0,34,209,29,33,0,271,0,0,0,271
10/06/2021,MSY,LA,ASW,CE,Combined TRACON& Tower with Radar,231,15,28,0,274,0,18,4,2,24,231,33,32,2,298,0,0,0,298
10/07/2021,MSY,LA,ASW,CE,Combined TRACON& Tower with Radar,292,18,28,0,338,0,16,1,0,17,292,34,29,0,355,0,0,0,355
10/08/2021,MSY,LA,ASW,CE,Combined TRACON& Tower with Radar,280,13,21,0,314,0,5,3,0,8,280,18,24,0,322,0,0,0,322
10/09/2021,MSY,LA,ASW,CE,Combined TRACON& Tower with Radar,203,6,15,0,224,0,0,5,0,5,203,6,20,0,229,0,0,0,229
10/10/2021,MSY,LA,ASW,CE,Combined TRACON& Tower with Radar,266,17,31,1,315,0,1,3,0,4,266,18,34,1,319,0,0,0,319
10/11/2021,MSY,LA,ASW,CE,Combined TRACON& Tower with Radar,275,12,17,1,305,0,2,10,0,12,275,14,27,1,317,0,0,0,317
10/12/2021,MSY,LA,ASW,CE,Combined TRACON& Tower with Radar,243,16,22,0,281,0,18,3,1,22,243,34,25,1,303,0,0,0,303
10/13/2021,MSY,LA,ASW,CE,Combined TRACON& Tower with Radar,236,14,26,0,276,0,16,4,2,22,236,30,30,2,298,0,0,0,298
10/14/2021,MSY,LA,ASW,CE,Combined TRACON& Tower with Radar,299,21,29,2,351,1,13,0,1,15,300,34,29,3,366,0,0,0,366
10/15/2021,MSY,LA,ASW,CE,Combined TRACON& Tower with Radar,291,16,21,0,328,0,18,2,0,20,291,34,23,0,348,0,0,0,348
10/16/2021,MSY,LA,ASW,CE,Combined TRACON& Tower with Radar,217,12,12,0,241,0,4,7,0,11,217,16,19,0,252,0,0,0,252
10/17/2021,MSY,LA,ASW,CE,Combined TRACON& Tower with Radar,295,21,27,0,343,0,1,4,0,5,295,22,31,0,348,0,0,0,348
10/18/2021,MSY,LA,ASW,CE,Combined TRACON& Tower with Radar,281,16,18,0,315,0,26,6,6,38,281,42,24,6,353,0,0,0,353
10/19/2021,MSY,LA,ASW,CE,Combined TRACON& Tower with Radar,238,6,28,0,272,0,17,0,2,19,238,23,28,2,291,0,0,0,291
10/20/2021,MSY,LA,ASW,CE,Combined TRACON& Tower with Radar,251,9,14,0,274,0,0,3,0,3,251,9,17,0,277,0,0,0,277
10/21/2021,MSY,LA,ASW,CE,Combined TRACON& Tower with Radar,303,10,29,0,342,0,2,5,1,8,303,12,34,1,350,0,0,0,350
10/22/2021,MSY,LA,ASW,CE,Combined TRACON& Tower with Radar,293,21,28,2,344,0,9,7,0,16,293,30,35,2,360,0,0,0,360
10/23/2021,MSY,LA,ASW,CE,Combined TRACON& Tower with Radar,223,11,13,0,247,0,3,8,2,13,223,14,21,2,260,0,0,0,260
10/24/2021,MSY,LA,ASW,CE,Combined TRACON& Tower with Radar,291,21,24,0,336,0,0,2,3,5,291,21,26,3,341,0,0,0,341
10/25/2021,MSY,LA,ASW,CE,Combined TRACON& Tower with Radar,279,10,25,2,316,0,0,3,1,4,279,10,28,3,320,0,0,0,320
10/26/2021,MSY,LA,ASW,CE,Combined TRACON& Tower with Radar,253,16,35,0,304,0,16,6,0,22,253,32,41,0,326,0,0,0,326
10/27/2021,MSY,LA,ASW,CE,Combined TRACON& Tower with Radar,241,7,20,0,268,0,0,2,1,3,241,7,22,1,271,0,0,0,271
10/28/2021,MSY,LA,ASW,CE,Combined TRACON& Tower with Radar,293,20,35,2,350,0,3,2,0,5,293,23,37,2,355,0,0,0,355
10/29/2021,MSY,LA,ASW,CE,Combined TRACON& Tower with Radar,298,23,22,2,345,0,4,1,0,5,298,27,23,2,350,0,0,0,350
10/30/2021,MSY,LA,ASW,CE,Combined TRACON& Tower with Radar,208,17,20,0,245,0,0,7,0,7,208,17,27,0,252,0,0,0,252
10/31/2021,MSY,LA,ASW,CE,Combined TRACON& Tower with Radar,254,32,20,0,306,0,1,3,0,4,254,33,23,0,310,0,0,0,310
11/01/2021,MSY,LA,ASW,CE,Combined TRACON& Tower with Radar,278,17,23,0,318,0,7,7,1,15,278,24,30,1,333,0,0,0,333
11/02/2021,MSY,LA,ASW,CE,Combined TRACON& Tower with Radar,239,16,10,2,267,0,18,11,0,29,239,34,21,2,296,0,0,0,296
11/03/2021,MSY,LA,ASW,CE,Combined TRACON& Tower with Radar,246,20,18,0,284,0,17,3,3,23,246,37,21,3,307,0,0,0,307
11/04/2021,MSY,LA,ASW,CE,Combined TRACON& Tower with Radar,305,36,34,4,379,0,5,1,0,6,305,41,35,4,385,0,0,0,385
11/05/2021,MSY,LA,ASW,CE,Combined TRACON& Tower with Radar,302,19,38,1,360,0,0,1,0,1,302,19,39,1,361,0,0,0,361
11/06/2021,MSY,LA,ASW,CE,Combined TRACON& Tower with Radar,220,13,12,0,245,0,1,0,0,1,220,14,12,0,246,0,0,0,246
11/07/2021,MSY,LA,ASW,CE,Combined TRACON& Tower with Radar,288,19,43,0,350,0,0,5,0,5,288,19,48,0,355,0,0,0,355
11/08/2021,MSY,LA,ASW,CE,Combined TRACON& Tower with Radar,298,17,27,0,342,0,12,6,1,19,298,29,33,1,361,0,0,0,361
11/09/2021,MSY,LA,ASW,CE,Combined TRACON& Tower with Radar,248,7,29,4,288,0,17,6,0,23,248,24,35,4,311,0,0,0,311
11/10/2021,MSY,LA,ASW,CE,Combined TRACON& Tower with Radar,246,17,21,0,284,0,16,3,4,23,246,33,24,4,307,0,0,0,307
11/11/2021,MSY,LA,ASW,CE,Combined TRACON& Tower with Radar,321,32,34,3,390,0,0,5,0,5,321,32,39,3,395,0,0,0,395
11/12/2021,MSY,LA,ASW,CE,Combined TRACON& Tower with Radar,315,25,23,1,364,0,10,6,0,16,315,35,29,1,380,0,0,0,380
11/13/2021,MSY,LA,ASW,CE,Combined TRACON& Tower with Radar,233,20,13,0,266,0,0,4,0,4,233,20,17,0,270,0,0,0,270
11/14/2021,MSY,LA,ASW,CE,Combined TRACON& Tower with Radar,295,36,43,0,374,0,1,7,0,8,295,37,50,0,382,0,0,0,382
11/15/2021,MSY,LA,ASW,CE,Combined TRACON& Tower with Radar,296,8,25,0,329,0,15,5,0,20,296,23,30,0,349,0,0,0,349
11/16/2021,MSY,LA,ASW,CE,Combined TRACON& Tower with Radar,245,17,42,2,306,0,25,5,0,30,245,42,47,2,336,0,0,0,336
11/17/2021,MSY,LA,ASW,CE,Combined TRACON& Tower with Radar,267,26,38,2,333,0,7,8,0,15,267,33,46,2,348,0,0,0,348
11/18/2021,MSY,LA,ASW,CE,Combined TRACON& Tower with Radar,318,18,18,0,354,0,0,0,0,0,318,18,18,0,354,0,0,0,354
11/19/2021,MSY,LA,ASW,CE,Combined TRACON& Tower with Radar,315,12,21,0,348,0,5,4,0,9,315,17,25,0,357,0,0,0,357
11/20/2021,MSY,LA,ASW,CE,Combined TRACON& Tower with Radar,251,12,9,0,272,0,0,2,0,2,251,12,11,0,274,0,0,0,274
11/21/2021,MSY,LA,ASW,CE,Combined TRACON& Tower with Radar,298,16,20,2,336,0,0,5,0,5,298,16,25,2,341,0,0,0,341
11/22/2021,MSY,LA,ASW,CE,Combined TRACON& Tower with Radar,295,13,25,0,333,0,1,1,0,2,295,14,26,0,335,0,0,0,335
11/23/2021,MSY,LA,ASW,CE,Combined TRACON& Tower with Radar,307,12,15,3,337,0,6,4,1,11,307,18,19,4,348,0,0,0,348
11/24/2021,MSY,LA,ASW,CE,Combined TRACON& Tower with Radar,316,17,25,1,359,0,15,8,0,23,316,32,33,1,382,0,0,0,382
11/25/2021,MSY,LA,ASW,CE,Combined TRACON& Tower with Radar,196,5,8,0,209,0,0,4,0,4,196,5,12,0,213,0,0,0,213
11/26/2021,MSY,LA,ASW,CE,Combined TRACON& Tower with Radar,241,14,15,0,270,0,5,9,0,14,241,19,24,0,284,0,0,0,284
11/27/2021,MSY,LA,ASW,CE,Combined TRACON& Tower with Radar,265,13,19,0,297,0,1,7,0,8,265,14,26,0,305,0,0,0,305
11/28/2021,MSY,LA,ASW,CE,Combined TRACON& Tower with Radar,305,20,31,0,356,0,1,2,0,3,305,21,33,0,359,0,0,0,359
11/29/2021,MSY,LA,ASW,CE,Combined TRACON& Tower with Radar,301,15,19,0,335,0,14,5,0,19,301,29,24,0,354,0,0,0,354
11/30/2021,MSY,LA,ASW,CE,Combined TRACON& Tower with Radar,290,26,17,1,334,0,21,6,1,28,290,47,23,2,362,0,0,0,362
12/01/2021,MSY,LA,ASW,CE,Combined TRACON& Tower with Radar,252,16,41,0,309,0,15,6,0,21,252,31,47,0,330,0,0,0,330
12/02/2021,MSY,LA,ASW,CE,Combined TRACON& Tower with Radar,296,28,47,0,371,0,13,2,0,15,296,41,49,0,386,0,0,0,386
12/03/2021,MSY,LA,ASW,CE,Combined TRACON& Tower with Radar,286,28,44,0,358,0,2,6,0,8,286,30,50,0,366,0,0,0,366
12/04/2021,MSY,LA,ASW,CE,Combined TRACON& Tower with Radar,229,17,12,0,258,0,0,4,0,4,229,17,16,0,262,0,0,0,262
12/05/2021,MSY,LA,ASW,CE,Combined TRACON& Tower with Radar,278,13,32,1,324,0,1,7,0,8,278,14,39,1,332,0,0,0,332
12/06/2021,MSY,LA,ASW,CE,Combined TRACON& Tower with Radar,273,19,15,0,307,0,1,2,0,3,273,20,17,0,310,0,0,0,310
12/07/2021,MSY,LA,ASW,CE,Combined TRACON& Tower with Radar,140,9,18,2,169,0,0,0,0,0,140,9,18,2,169,0,0,0,169
12/08/2021,MSY,LA,ASW,CE,Combined TRACON& Tower with Radar,220,20,28,0,268,0,2,0,0,2,220,22,28,0,270,0,0,0,270
12/09/2021,MSY,LA,ASW,CE,Combined TRACON& Tower with Radar,279,17,33,2,331,0,0,2,0,2,279,17,35,2,333,0,0,0,333
12/10/2021,MSY,LA,ASW,CE,Combined TRACON& Tower with Radar,296,18,24,3,341,0,0,0,0,0,296,18,24,3,341,0,0,0,341
12/11/2021,MSY,LA,ASW,CE,Combined TRACON& Tower with Radar,256,13,9,1,279,0,1,1,0,2,256,14,10,1,281,0,0,0,281
12/12/2021,MSY,LA,ASW,CE,Combined TRACON& Tower with Radar,285,20,29,0,334,0,0,5,1,6,285,20,34,1,340,0,0,0,340
12/13/2021,MSY,LA,ASW,CE,Combined TRACON& Tower with Radar,269,23,22,0,314,0,18,3,0,21,269,41,25,0,335,0,0,0,335
12/14/2021,MSY,LA,ASW,CE,Combined TRACON& Tower with Radar,250,13,21,1,285,0,0,0,1,1,250,13,21,2,286,0,0,0,286
12/15/2021,MSY,LA,ASW,CE,Combined TRACON& Tower with Radar,247,18,33,0,298,0,4,0,0,4,247,22,33,0,302,0,0,0,302
12/16/2021,MSY,LA,ASW,CE,Combined TRACON& Tower with Radar,305,31,22,2,360,0,10,2,0,12,305,41,24,2,372,0,0,0,372
12/17/2021,MSY,LA,ASW,CE,Combined TRACON& Tower with Radar,272,22,28,0,322,0,2,1,0,3,272,24,29,0,325,0,0,0,325
12/18/2021,MSY,LA,ASW,CE,Combined TRACON& Tower with Radar,237,19,15,0,271,0,0,0,0,0,237,19,15,0,271,0,0,0,271
12/19/2021,MSY,LA,ASW,CE,Combined TRACON& Tower with Radar,275,18,28,0,321,0,0,1,1,2,275,18,29,1,323,0,0,0,323
12/20/2021,MSY,LA,ASW,CE,Combined TRACON& Tower with Radar,285,18,21,0,324,0,3,1,2,6,285,21,22,2,330,0,0,0,330
12/21/2021,MSY,LA,ASW,CE,Combined TRACON& Tower with Radar,285,15,21,2,323,0,4,3,0,7,285,19,24,2,330,0,0,0,330
12/22/2021,MSY,LA,ASW,CE,Combined TRACON& Tower with Radar,283,18,20,0,321,0,5,5,0,10,283,23,25,0,331,0,0,0,331
12/23/2021,MSY,LA,ASW,CE,Combined TRACON& Tower with Radar,294,26,17,0,337,0,6,2,0,8,294,32,19,0,345,0,0,0,345
12/24/2021,MSY,LA,ASW,CE,Combined TRACON& Tower with Radar,224,5,10,0,239,0,0,0,0,0,224,5,10,0,239,0,0,0,239
12/25/2021,MSY,LA,ASW,CE,Combined TRACON& Tower with Radar,181,6,7,0,194,0,0,0,0,0,181,6,7,0,194,0,0,0,194
12/26/2021,MSY,LA,ASW,CE,Combined TRACON& Tower with Radar,254,14,19,0,287,0,0,9,0,9,254,14,28,0,296,0,0,0,296
12/27/2021,MSY,LA,ASW,CE,Combined TRACON& Tower with Radar,280,25,20,0,325,0,9,2,1,12,280,34,22,1,337,0,0,0,337
12/28/2021,MSY,LA,ASW,CE,Combined TRACON& Tower with Radar,278,23,19,0,320,0,2,2,2,6,278,25,21,2,326,0,0,0,326
12/29/2021,MSY,LA,ASW,CE,Combined TRACON& Tower with Radar,274,21,29,1,325,0,7,3,1,11,274,28,32,2,336,0,0,0,336
12/30/2021,MSY,LA,ASW,CE,Combined TRACON& Tower with Radar,284,30,19,0,333,0,0,0,0,0,284,30,19,0,333,0,0,0,333
12/31/2021,MSY,LA,ASW,CE,Combined TRACON& Tower with Radar,227,14,21,0,262,0,0,3,0,3,227,14,24,0,265,0,0,0,265
01/01/2022,MSY,LA,ASW,CE,Combined TRACON& Tower with Radar,187,28,19,0,234,0,0,3,0,3,187,28,22,0,237,0,0,0,237
01/02/2022,MSY,LA,ASW,CE,Combined TRACON& Tower with Radar,253,31,52,0,336,0,3,2,0,5,253,34,54,0,341,0,0,0,341
01/03/2022,MSY,LA,ASW,CE,Combined TRACON& Tower with Radar,236,15,20,0,271,0,0,3,0,3,236,15,23,0,274,0,0,0,274
01/04/2022,MSY,LA,ASW,CE,Combined TRACON& Tower with Radar,239,18,24,0,281,0,9,5,0,14,239,27,29,0,295,0,0,0,295
01/05/2022,MSY,LA,ASW,CE,Combined TRACON& Tower with Radar,235,7,19,0,261,0,8,1,4,13,235,15,20,4,274,0,0,0,274
01/06/2022,MSY,LA,ASW,CE,Combined TRACON& Tower with Radar,251,19,15,2,287,0,11,2,0,13,251,30,17,2,300,0,0,0,300
01/07/2022,MSY,LA,ASW,CE,Combined TRACON& Tower with Radar,250,17,20,0,287,0,6,0,0,6,250,23,20,0,293,0,0,0,293
01/08/2022,MSY,LA,ASW,CE,Combined TRACON& Tower with Radar,224,10,10,0,244,0,1,2,0,3,224,11,12,0,247,0,0,0,247
01/09/2022,MSY,LA,ASW,CE,Combined TRACON& Tower with Radar,270,15,30,3,318,0,0,0,0,0,270,15,30,3,318,0,0,0,318
01/10/2022,MSY,LA,ASW,CE,Combined TRACON& Tower with Radar,253,15,7,2,277,0,6,0,2,8,253,21,7,4,285,0,0,0,285
01/11/2022,MSY,LA,ASW,CE,Combined TRACON& Tower with Radar,244,11,24,2,281,0,8,5,1,14,244,19,29,3,295,0,0,0,295
01/12/2022,MSY,LA,ASW,CE,Combined TRACON& Tower with Radar,238,9,20,1,268,0,8,2,4,14,238,17,22,5,282,0,0,0,282
01/13/2022,MSY,LA,ASW,CE,Combined TRACON& Tower with Radar,278,8,20,0,306,0,5,7,0,12,278,13,27,0,318,0,0,0,318
01/14/2022,MSY,LA,ASW,CE,Combined TRACON& Tower with Radar,295,12,24,1,332,0,11,3,0,14,295,23,27,1,346,0,0,0,346
01/15/2022,MSY,LA,ASW,CE,Combined TRACON& Tower with Radar,225,8,8,5,246,0,4,0,0,4,225,12,8,5,250,0,0,0,250
01/16/2022,MSY,LA,ASW,CE,Combined TRACON& Tower with Radar,240,10,17,2,269,0,0,2,0,2,240,10,19,2,271,0,0,0,271
01/17/2022,MSY,LA,ASW,CE,Combined TRACON& Tower with Radar,271,19,24,2,316,0,5,7,0,12,271,24,31,2,328,0,0,0,328
01/18/2022,MSY,LA,ASW,CE,Combined TRACON& Tower with Radar,256,13,25,2,296,0,5,4,3,12,256,18,29,5,308,0,0,0,308
01/19/2022,MSY,LA,ASW,CE,Combined TRACON& Tower with Radar,268,14,21,2,305,0,5,7,1,13,268,19,28,3,318,0,0,0,318
01/20/2022,MSY,LA,ASW,CE,Combined TRACON& Tower with Radar,283,27,12,0,322,0,0,0,0,0,283,27,12,0,322,0,0,0,322
01/21/2022,MSY,LA,ASW,CE,Combined TRACON& Tower with Radar,288,12,21,1,322,0,0,7,1,8,288,12,28,2,330,0,0,0,330
01/22/2022,MSY,LA,ASW,CE,Combined TRACON& Tower with Radar,217,7,18,0,242,0,1,10,0,11,217,8,28,0,253,0,0,0,253
01/23/2022,MSY,LA,ASW,CE,Combined TRACON& Tower with Radar,274,16,16,1,307,0,0,2,0,2,274,16,18,1,309,0,0,0,309
01/24/2022,MSY,LA,ASW,CE,Combined TRACON& Tower with Radar,272,18,29,2,321,0,4,2,0,6,272,22,31,2,327,0,0,0,327
01/25/2022,MSY,LA,ASW,CE,Combined TRACON& Tower with Radar,249,11,21,0,281,0,0,0,0,0,249,11,21,0,281,0,0,0,281
01/26/2022,MSY,LA,ASW,CE,Combined TRACON& Tower with Radar,258,10,32,2,302,0,6,32,0,38,258,16,64,2,340,0,0,0,340
01/27/2022,MSY,LA,ASW,CE,Combined TRACON& Tower with Radar,299,13,17,4,333,0,5,23,0,28,299,18,40,4,361,0,0,0,361
01/28/2022,MSY,LA,ASW,CE,Combined TRACON& Tower with Radar,286,18,19,1,324,0,1,9,2,12,286,19,28,3,336,0,0,0,336
01/29/2022,MSY,LA,ASW,CE,Combined TRACON& Tower with Radar,204,7,12,0,223,0,2,3,0,5,204,9,15,0,228,0,0,0,228
01/30/2022,MSY,LA,ASW,CE,Combined TRACON& Tower with Radar,275,14,26,0,315,0,1,6,0,7,275,15,32,0,322,0,0,0,322
01/31/2022,MSY,LA,ASW,CE,Combined TRACON& Tower with Radar,269,10,21,1,301,0,8,11,2,21,269,18,32,3,322,0,0,0,322
02/01/2022,MSY,LA,ASW,CE,Combined TRACON& Tower with Radar,253,15,24,1,293,0,1,4,0,5,253,16,28,1,298,0,0,0,298
02/02/2022,MSY,LA,ASW,CE,Combined TRACON& Tower with Radar,240,19,27,1,287,0,0,0,0,0,240,19,27,1,287,0,0,0,287
02/03/2022,MSY,LA,ASW,CE,Combined TRACON& Tower with Radar,239,23,18,0,280,0,0,0,0,0,239,23,18,0,280,0,0,0,280
02/04/2022,MSY,LA,ASW,CE,Combined TRACON& Tower with Radar,245,15,21,0,281,0,0,0,0,0,245,15,21,0,281,0,0,0,281
02/05/2022,MSY,LA,ASW,CE,Combined TRACON& Tower with Radar,217,8,7,0,232,0,3,5,0,8,217,11,12,0,240,0,0,0,240
02/06/2022,MSY,LA,ASW,CE,Combined TRACON& Tower with Radar,276,17,30,0,323,0,0,4,4,8,276,17,34,4,331,0,0,0,331
02/07/2022,MSY,LA,ASW,CE,Combined TRACON& Tower with Radar,276,10,19,2,307,0,2,6,0,8,276,12,25,2,315,0,0,0,315
02/08/2022,MSY,LA,ASW,CE,Combined TRACON& Tower with Radar,264,13,18,6,301,0,7,9,0,16,264,20,27,6,317,0,0,0,317
02/09/2022,MSY,LA,ASW,CE,Combined TRACON& Tower with Radar,271,11,27,0,309,0,12,2,0,14,271,23,29,0,323,0,0,0,323
02/10/2022,MSY,LA,ASW,CE,Combined TRACON& Tower with Radar,306,11,23,1,341,0,8,3,2,13,306,19,26,3,354,0,0,0,354
02/11/2022,MSY,LA,ASW,CE,Combined TRACON& Tower with Radar,295,6,21,3,325,0,7,9,3,19,295,13,30,6,344,0,0,0,344
02/12/2022,MSY,LA,ASW,CE,Combined TRACON& Tower with Radar,243,15,6,2,266,0,1,8,0,9,243,16,14,2,275,0,0,0,275
02/13/2022,MSY,LA,ASW,CE,Combined TRACON& Tower with Radar,272,19,20,1,312,0,1,2,0,3,272,20,22,1,315,0,0,0,315
02/14/2022,MSY,LA,ASW,CE,Combined TRACON& Tower with Radar,289,14,15,3,321,0,6,4,1,11,289,20,19,4,332,0,0,0,332
02/15/2022,MSY,LA,ASW,CE,Combined TRACON& Tower with Radar,271,21,46,0,338,0,10,21,2,33,271,31,67,2,371,0,0,0,371
02/16/2022,MSY,LA,ASW,CE,Combined TRACON& Tower with Radar,280,16,42,0,338,0,6,16,2,24,280,22,58,2,362,0,0,0,362
02/17/2022,MSY,LA,ASW,CE,Combined TRACON& Tower with Radar,307,30,23,1,361,0,0,0,0,0,307,30,23,1,361,0,0,0,361
02/18/2022,MSY,LA,ASW,CE,Combined TRACON& Tower with Radar,325,9,45,3,382,0,3,2,0,5,325,12,47,3,387,0,0,0,387
02/19/2022,MSY,LA,ASW,CE,Combined TRACON& Tower with Radar,257,13,17,1,288,0,4,6,1,11,257,17,23,2,299,0,0,0,299
02/20/2022,MSY,LA,ASW,CE,Combined TRACON& Tower with Radar,299,14,17,3,333,0,0,5,0,5,299,14,22,3,338,0,0,0,338
02/21/2022,MSY,LA,ASW,CE,Combined TRACON& Tower with Radar,306,16,24,3,349,0,0,0,0,0,306,16,24,3,349,0,0,0,349
02/22/2022,MSY,LA,ASW,CE,Combined TRACON& Tower with Radar,301,18,15,0,334,0,1,0,0,1,301,19,15,0,335,0,0,0,335
02/23/2022,MSY,LA,ASW,CE,Combined TRACON& Tower with Radar,286,21,30,0,337,0,0,2,0,2,286,21,32,0,339,0,0,0,339
02/24/2022,MSY,LA,ASW,CE,Combined TRACON& Tower with Radar,283,33,42,0,358,0,1,2,0,3,283,34,44,0,361,0,0,0,361
02/25/2022,MSY,LA,ASW,CE,Combined TRACON& Tower with Radar,318,33,30,1,382,0,0,2,0,2,318,33,32,1,384,0,0,0,384
02/26/2022,MSY,LA,ASW,CE,Combined TRACON& Tower with Radar,258,20,18,0,296,0,1,0,0,1,258,21,18,0,297,0,0,0,297
02/27/2022,MSY,LA,ASW,CE,Combined TRACON& Tower with Radar,300,25,37,1,363,0,0,0,0,0,300,25,37,1,363,0,0,0,363
02/28/2022,MSY,LA,ASW,CE,Combined TRACON& Tower with Radar,314,27,33,0,374,0,10,2,0,12,314,37,35,0,386,0,0,0,386
03/01/2022,MSY,LA,ASW,CE,Combined TRACON& Tower with Radar,307,11,20,2,340,0,0,8,0,8,307,11,28,2,348,0,0,0,348
03/02/2022,MSY,LA,ASW,CE,Combined TRACON& Tower with Radar,306,11,43,0,360,0,11,9,1,21,306,22,52,1,381,0,0,0,381
03/03/2022,MSY,LA,ASW,CE,Combined TRACON& Tower with Radar,324,15,20,2,361,0,8,2,0,10,324,23,22,2,371,0,0,0,371
03/04/2022,MSY,LA,ASW,CE,Combined TRACON& Tower with Radar,318,24,21,2,365,0,15,3,1,19,318,39,24,3,384,0,0,0,384
03/05/2022,MSY,LA,ASW,CE,Combined TRACON& Tower with Radar,251,27,27,1,306,0,4,5,0,9,251,31,32,1,315,0,0,0,315
03/06/2022,MSY,LA,ASW,CE,Combined TRACON& Tower with Radar,296,28,33,4,361,0,2,4,0,6,296,30,37,4,367,0,0,0,367
03/07/2022,MSY,LA,ASW,CE,Combined TRACON& Tower with Radar,296,32,10,0,338,0,2,1,0,3,296,34,11,0,341,0,0,0,341
03/08/2022,MSY,LA,ASW,CE,Combined TRACON& Tower with Radar,272,24,27,0,323,0,1,1,0,2,272,25,28,0,325,0,0,0,325
03/09/2022,MSY,LA,ASW,CE,Combined TRACON& Tower with Radar,261,16,26,0,303,0,0,1,0,1,261,16,27,0,304,0,0,0,304
03/10/2022,MSY,LA,ASW,CE,Combined TRACON& Tower with Radar,306,15,28,2,351,0,11,0,0,11,306,26,28,2,362,0,0,0,362
03/11/2022,MSY,LA,ASW,CE,Combined TRACON& Tower with Radar,304,20,20,0,344,0,0,1,0,1,304,20,21,0,345,0,0,0,345
03/12/2022,MSY,LA,ASW,CE,Combined TRACON& Tower with Radar,224,20,18,0,262,0,1,9,0,10,224,21,27,0,272,0,0,0,272
03/13/2022,MSY,LA,ASW,CE,Combined TRACON& Tower with Radar,285,19,43,0,347,0,0,8,0,8,285,19,51,0,355,0,0,0,355
03/14/2022,MSY,LA,ASW,CE,Combined TRACON& Tower with Radar,291,10,18,0,319,0,8,1,1,10,291,18,19,1,329,0,0,0,329
03/15/2022,MSY,LA,ASW,CE,Combined TRACON& Tower with Radar,273,14,23,2,312,0,1,2,0,3,273,15,25,2,315,0,0,0,315
03/16/2022,MSY,LA,ASW,CE,Combined TRACON& Tower with Radar,267,12,37,2,318,0,12,4,0,16,267,24,41,2,334,0,0,0,334
03/17/2022,MSY,LA,ASW,CE,Combined TRACON& Tower with Radar,298,36,33,4,371,0,12,4,0,16,298,48,37,4,387,0,0,0,387
03/18/2022,MSY,LA,ASW,CE,Combined TRACON& Tower with Radar,304,26,30,4,364,0,2,3,0,5,304,28,33,4,369,0,0,0,369
03/19/2022,MSY,LA,ASW,CE,Combined TRACON& Tower with Radar,235,22,20,1,278,0,1,4,0,5,235,23,24,1,283,0,0,0,283
03/20/2022,MSY,LA,ASW,CE,Combined TRACON& Tower with Radar,302,25,34,1,362,0,0,8,0,8,302,25,42,1,370,0,0,0,370
03/21/2022,MSY,LA,ASW,CE,Combined TRACON& Tower with Radar,283,25,14,2,324,0,8,2,0,10,283,33,16,2,334,0,0,0,334
03/22/2022,MSY,LA,ASW,CE,Combined TRACON& Tower with Radar,263,14,12,0,289,0,0,0,0,0,263,14,12,0,289,0,0,0,289
03/23/2022,MSY,LA,ASW,CE,Combined TRACON& Tower with Radar,270,22,32,0,324,0,12,8,1,21,270,34,40,1,345,0,0,0,345
03/24/2022,MSY,LA,ASW,CE,Combined TRACON& Tower with Radar,310,23,29,0,362,0,14,7,0,21,310,37,36,0,383,0,0,0,383
03/25/2022,MSY,LA,ASW,CE,Combined TRACON& Tower with Radar,315,8,24,0,347,0,9,3,2,14,315,17,27,2,361,0,0,0,361
03/26/2022,MSY,LA,ASW,CE,Combined TRACON& Tower with Radar,243,15,26,4,288,0,1,4,1,6,243,16,30,5,294,0,0,0,294
03/27/2022,MSY,LA,ASW,CE,Combined TRACON& Tower with Radar,296,24,24,0,344,0,0,8,0,8,296,24,32,0,352,0,0,0,352
03/28/2022,MSY,LA,ASW,CE,Combined TRACON& Tower with Radar,290,15,22,1,328,0,5,2,6,13,290,20,24,7,341,0,0,0,341
03/29/2022,MSY,LA,ASW,CE,Combined TRACON& Tower with Radar,277,20,21,3,321,0,12,7,0,19,277,32,28,3,340,0,0,0,340
03/30/2022,MSY,LA,ASW,CE,Combined TRACON& Tower with Radar,283,15,18,2,318,0,0,0,0,0,283,15,18,2,318,0,0,0,318
03/31/2022,MSY,LA,ASW,CE,Combined TRACON& Tower with Radar,312,26,39,0,377,0,10,4,0,14,312,36,43,0,391,0,0,0,391
04/01/2022,MSY,LA,ASW,CE,Combined TRACON& Tower with Radar,332,130,103,0,565,0,8,6,0,14,332,138,109,0,579,0,0,0,579
04/02/2022,MSY,LA,ASW,CE,Combined TRACON& Tower with Radar,210,133,105,0,448,0,1,3,0,4,210,134,108,0,452,0,0,0,452
04/03/2022,MSY,LA,ASW,CE,Combined TRACON& Tower with Radar,266,97,90,0,453,0,2,6,0,8,266,99,96,0,461,0,0,0,461
04/04/2022,MSY,LA,ASW,CE,Combined TRACON& Tower with Radar,292,67,69,0,428,0,8,2,0,10,292,75,71,0,438,0,0,0,438
04/05/2022,MSY,LA,ASW,CE,Combined TRACON& Tower with Radar,324,125,94,0,543,0,1,1,0,2,324,126,95,0,545,0,0,0,545
04/06/2022,MSY,LA,ASW,CE,Combined TRACON& Tower with Radar,278,16,39,1,334,0,2,7,2,11,278,18,46,3,345,0,0,0,345
04/07/2022,MSY,LA,ASW,CE,Combined TRACON& Tower with Radar,293,21,45,0,359,0,9,14,0,23,293,30,59,0,382,0,0,0,382
04/08/2022,MSY,LA,ASW,CE,Combined TRACON& Tower with Radar,288,30,30,0,348,0,9,7,2,18,288,39,37,2,366,0,0,0,366
04/09/2022,MSY,LA,ASW,CE,Combined TRACON& Tower with Radar,239,18,22,0,279,0,5,7,0,12,239,23,29,0,291,0,0,0,291
04/10/2022,MSY,LA,ASW,CE,Combined TRACON& Tower with Radar,277,21,52,0,350,0,1,6,1,8,277,22,58,1,358,0,0,0,358
04/11/2022,MSY,LA,ASW,CE,Combined TRACON& Tower with Radar,291,15,26,0,332,0,10,1,0,11,291,25,27,0,343,0,0,0,343
04/12/2022,MSY,LA,ASW,CE,Combined TRACON& Tower with Radar,282,16,24,0,322,0,3,0,0,3,282,19,24,0,325,0,0,0,325
04/13/2022,MSY,LA,ASW,CE,Combined TRACON& Tower with Radar,263,21,31,0,315,0,4,0,0,4,263,25,31,0,319,0,0,0,319
04/14/2022,MSY,LA,ASW,CE,Combined TRACON& Tower with Radar,313,20,42,0,375,0,1,5,0,6,313,21,47,0,381,0,0,0,381
04/15/2022,MSY,LA,ASW,CE,Combined TRACON& Tower with Radar,308,13,16,2,339,0,7,1,2,10,308,20,17,4,349,0,0,0,349
04/16/2022,MSY,LA,ASW,CE,Combined TRACON& Tower with Radar,236,20,18,0,274,0,1,3,0,4,236,21,21,0,278,0,0,0,278
04/17/2022,MSY,LA,ASW,CE,Combined TRACON& Tower with Radar,284,21,23,0,328,0,0,3,0,3,284,21,26,0,331,0,0,0,331
04/18/2022,MSY,LA,ASW,CE,Combined TRACON& Tower with Radar,292,31,27,0,350,0,12,1,0,13,292,43,28,0,363,0,0,0,363
04/19/2022,MSY,LA,ASW,CE,Combined TRACON& Tower with Radar,277,41,24,0,342,0,0,12,1,13,277,41,36,1,355,0,0,0,355
04/20/2022,MSY,LA,ASW,CE,Combined TRACON& Tower with Radar,277,24,25,2,328,0,12,4,1,17,277,36,29,3,345,0,0,0,345
04/21/2022,MSY,LA,ASW,CE,Combined TRACON& Tower with Radar,314,18,24,0,356,0,13,6,5,24,314,31,30,5,380,0,0,0,380
04/22/2022,MSY,LA,ASW,CE,Combined TRACON& Tower with Radar,306,20,25,0,351,0,12,12,0,24,306,32,37,0,375,0,0,0,375
04/23/2022,MSY,LA,ASW,CE,Combined TRACON& Tower with Radar,224,21,17,0,262,0,3,3,0,6,224,24,20,0,268,0,0,0,268
04/24/2022,MSY,LA,ASW,CE,Combined TRACON& Tower with Radar,291,42,39,0,372,0,1,3,1,5,291,43,42,1,377,0,0,0,377
04/25/2022,MSY,LA,ASW,CE,Combined TRACON& Tower with Radar,304,26,28,0,358,0,6,4,1,11,304,32,32,1,369,0,0,0,369
04/26/2022,MSY,LA,ASW,CE,Combined TRACON& Tower with Radar,284,24,17,0,325,0,6,6,0,12,284,30,23,0,337,0,0,0,337
04/27/2022,MSY,LA,ASW,CE,Combined TRACON& Tower with Radar,281,12,28,0,321,0,9,2,0,11,281,21,30,0,332,0,0,0,332
04/28/2022,MSY,LA,ASW,CE,Combined TRACON& Tower with Radar,309,36,42,0,387,0,7,3,0,10,309,43,45,0,397,0,0,0,397
04/29/2022,MSY,LA,ASW,CE,Combined TRACON& Tower with Radar,315,16,26,1,358,0,11,5,2,18,315,27,31,3,376,0,0,0,376
04/30/2022,MSY,LA,ASW,CE,Combined TRACON& Tower with Radar,233,17,10,0,260,0,0,4,0,4,233,17,14,0,264,0,0,0,264
05/01/2022,MSY,LA,ASW,CE,Combined TRACON& Tower with Radar,279,29,35,0,343,0,2,2,0,4,279,31,37,0,347,0,0,0,347
05/02/2022,MSY,LA,ASW,CE,Combined TRACON& Tower with Radar,293,31,30,0,354,1,5,1,0,7,294,36,31,0,361,0,0,0,361
05/03/2022,MSY,LA,ASW,CE,Combined TRACON& Tower with Radar,275,14,21,2,312,0,7,6,2,15,275,21,27,4,327,0,0,0,327
05/04/2022,MSY,LA,ASW,CE,Combined TRACON& Tower with Radar,280,18,28,3,329,0,11,3,1,15,280,29,31,4,344,0,0,0,344
05/05/2022,MSY,LA,ASW,CE,Combined TRACON& Tower with Radar,320,15,33,0,368,0,7,6,0,13,320,22,39,0,381,0,0,0,381
05/06/2022,MSY,LA,ASW,CE,Combined TRACON& Tower with Radar,325,27,31,0,383,0,1,4,0,5,325,28,35,0,388,0,0,0,388
05/07/2022,MSY,LA,ASW,CE,Combined TRACON& Tower with Radar,253,12,17,0,282,0,0,3,0,3,253,12,20,0,285,0,0,0,285
05/08/2022,MSY,LA,ASW,CE,Combined TRACON& Tower with Radar,297,23,22,0,342,0,2,3,0,5,297,25,25,0,347,0,0,0,347
05/09/2022,MSY,LA,ASW,CE,Combined TRACON& Tower with Radar,309,25,27,1,362,0,8,0,0,8,309,33,27,1,370,0,0,0,370
05/10/2022,MSY,LA,ASW,CE,Combined TRACON& Tower with Radar,280,15,22,3,320,0,11,2,4,17,280,26,24,7,337,0,0,0,337
05/11/2022,MSY,LA,ASW,CE,Combined TRACON& Tower with Radar,274,17,15,1,307,0,15,12,0,27,274,32,27,1,334,0,0,0,334
05/12/2022,MSY,LA,ASW,CE,Combined TRACON& Tower with Radar,317,17,30,1,365,0,10,7,1,18,317,27,37,2,383,0,0,0,383
05/13/2022,MSY,LA,ASW,CE,Combined TRACON& Tower with Radar,311,16,16,4,347,0,6,6,0,12,311,22,22,4,359,0,0,0,359
05/14/2022,MSY,LA,ASW,CE,Combined TRACON& Tower with Radar,241,9,17,2,269,0,2,5,0,7,241,11,22,2,276,0,0,0,276
05/15/2022,MSY,LA,ASW,CE,Combined TRACON& Tower with Radar,290,13,29,3,335,0,1,2,0,3,290,14,31,3,338,0,0,0,338
05/16/2022,MSY,LA,ASW,CE,Combined TRACON& Tower with Radar,302,18,24,0,344,0,2,2,0,4,302,20,26,0,348,0,0,0,348
05/17/2022,MSY,LA,ASW,CE,Combined TRACON& Tower with Radar,284,13,17,2,316,0,7,6,1,14,284,20,23,3,330,0,0,0,330
05/18/2022,MSY,LA,ASW,CE,Combined TRACON& Tower with Radar,285,21,25,1,332,0,8,1,0,9,285,29,26,1,341,0,0,0,341
05/19/2022,MSY,LA,ASW,CE,Combined TRACON& Tower with Radar,317,41,23,0,381,0,11,6,4,21,317,52,29,4,402,0,0,0,402
05/20/2022,MSY,LA,ASW,CE,Combined TRACON& Tower with Radar,310,26,19,7,362,0,5,2,0,7,310,31,21,7,369,0,0,0,369
05/21/2022,MSY,LA,ASW,CE,Combined TRACON& Tower with Radar,232,27,15,1,275,0,0,1,0,1,232,27,16,1,276,0,0,0,276
05/22/2022,MSY,LA,ASW,CE,Combined TRACON& Tower with Radar,291,45,31,2,369,0,0,0,0,0,291,45,31,2,369,0,0,0,369
05/23/2022,MSY,LA,ASW,CE,Combined TRACON& Tower with Radar,305,29,20,0,354,0,2,1,0,3,305,31,21,0,357,0,0,0,357
05/24/2022,MSY,LA,ASW,CE,Combined TRACON& Tower with Radar,274,15,24,0,313,0,0,3,0,3,274,15,27,0,316,0,0,0,316
05/25/2022,MSY,LA,ASW,CE,Combined TRACON& Tower with Radar,267,16,19,0,302,0,0,1,0,1,267,16,20,0,303,0,0,0,303
05/26/2022,MSY,LA,ASW,CE,Combined TRACON& Tower with Radar,307,17,34,4,362,0,2,6,0,8,307,19,40,4,370,0,0,0,370
05/27/2022,MSY,LA,ASW,CE,Combined TRACON& Tower with Radar,306,19,21,0,346,0,15,9,0,24,306,34,30,0,370,0,0,0,370
05/28/2022,MSY,LA,ASW,CE,Combined TRACON& Tower with Radar,240,9,17,0,266,0,0,7,0,7,240,9,24,0,273,0,0,0,273
05/29/2022,MSY,LA,ASW,CE,Combined TRACON& Tower with Radar,280,9,14,0,303,0,0,1,0,1,280,9,15,0,304,0,0,0,304
05/30/2022,MSY,LA,ASW,CE,Combined TRACON& Tower with Radar,294,21,9,1,325,0,3,5,0,8,294,24,14,1,333,0,0,0,333
05/31/2022,MSY,LA,ASW,CE,Combined TRACON& Tower with Radar,265,29,32,1,327,0,11,7,1,19,265,40,39,2,346,0,0,0,346
06/01/2022,MSY,LA,ASW,CE,Combined TRACON& Tower with Radar,274,15,22,1,312,0,12,0,1,13,274,27,22,2,325,0,0,0,325
06/02/2022,MSY,LA,ASW,CE,Combined TRACON& Tower with Radar,298,11,22,1,332,0,11,2,1,14,298,22,24,2,346,0,0,0,346
06/03/2022,MSY,LA,ASW,CE,Combined TRACON& Tower with Radar,308,17,14,2,341,0,13,3,2,18,308,30,17,4,359,0,0,0,359
06/04/2022,MSY,LA,ASW,CE,Combined TRACON& Tower with Radar,230,8,5,0,243,0,0,2,0,2,230,8,7,0,245,0,0,0,245
06/05/2022,MSY,LA,ASW,CE,Combined TRACON& Tower with Radar,284,8,13,0,305,0,0,3,0,3,284,8,16,0,308,0,0,0,308
06/06/2022,MSY,LA,ASW,CE,Combined TRACON& Tower with Radar,290,21,19,1,331,0,5,1,0,6,290,26,20,1,337,0,0,0,337
06/07/2022,MSY,LA,ASW,CE,Combined TRACON& Tower with Radar,291,9,20,1,321,0,1,12,0,13,291,10,32,1,334,0,0,0,334
06/08/2022,MSY,LA,ASW,CE,Combined TRACON& Tower with Radar,287,17,16,0,320,0,10,8,0,18,287,27,24,0,338,0,0,0,338
06/09/2022,MSY,LA,ASW,CE,Combined TRACON& Tower with Radar,292,20,20,4,336,0,12,5,0,17,292,32,25,4,353,0,0,0,353
06/10/2022,MSY,LA,ASW,CE,Combined TRACON& Tower with Radar,296,9,15,0,320,0,2,5,0,7,296,11,20,0,327,0,0,0,327
06/11/2022,MSY,LA,ASW,CE,Combined TRACON& Tower with Radar,240,9,21,1,271,0,0,1,0,1,240,9,22,1,272,0,0,0,272
06/12/2022,MSY,LA,ASW,CE,Combined TRACON& Tower with Radar,280,10,27,3,320,0,2,6,0,8,280,12,33,3,328,0,0,0,328
06/13/2022,MSY,LA,ASW,CE,Combined TRACON& Tower with Radar,291,13,24,2,330,0,8,7,1,16,291,21,31,3,346,0,0,0,346
06/14/2022,MSY,LA,ASW,CE,Combined TRACON& Tower with Radar,284,26,15,2,327,0,10,2,0,12,284,36,17,2,339,0,0,0,339
06/15/2022,MSY,LA,ASW,CE,Combined TRACON& Tower with Radar,288,19,30,2,339,0,1,1,0,2,288,20,31,2,341,0,0,0,341
06/16/2022,MSY,LA,ASW,CE,Combined TRACON& Tower with Radar,288,15,16,0,319,0,11,2,0,13,288,26,18,0,332,0,0,0,332
06/17/2022,MSY,LA,ASW,CE,Combined TRACON& Tower with Radar,297,16,20,0,333,0,4,1,0,5,297,20,21,0,338,0,0,0,338
06/18/2022,MSY,LA,ASW,CE,Combined TRACON& Tower with Radar,241,8,12,1,262,0,0,9,0,9,241,8,21,1,271,0,0,0,271
06/19/2022,MSY,LA,ASW,CE,Combined TRACON& Tower with Radar,282,17,12,0,311,0,1,3,0,4,282,18,15,0,315,0,0,0,315
06/20/2022,MSY,LA,ASW,CE,Combined TRACON& Tower with Radar,292,19,16,1,328,0,0,4,0,4,292,19,20,1,332,0,0,0,332
06/21/2022,MSY,LA,ASW,CE,Combined TRACON& Tower with Radar,287,10,25,0,322,0,10,8,0,18,287,20,33,0,340,0,0,0,340
06/22/2022,MSY,LA,ASW,CE,Combined TRACON& Tower with Radar,283,8,27,2,320,0,7,4,0,11,283,15,31,2,331,0,0,0,331
06/23/2022,MSY,LA,ASW,CE,Combined TRACON& Tower with Radar,297,13,34,0,344,0,6,8,0,14,297,19,42,0,358,0,0,0,358
06/24/2022,MSY,LA,ASW,CE,Combined TRACON& Tower with Radar,303,14,22,0,339,0,7,3,0,10,303,21,25,0,349,0,0,0,349
06/25/2022,MSY,LA,ASW,CE,Combined TRACON& Tower with Radar,237,15,10,0,262,0,1,5,0,6,237,16,15,0,268,0,0,0,268
06/26/2022,MSY,LA,ASW,CE,Combined TRACON& Tower with Radar,270,19,22,0,311,0,1,6,0,7,270,20,28,0,318,0,0,0,318
06/27/2022,MSY,LA,ASW,CE,Combined TRACON& Tower with Radar,287,16,9,0,312,0,4,1,0,5,287,20,10,0,317,0,0,0,317
06/28/2022,MSY,LA,ASW,CE,Combined TRACON& Tower with Radar,280,19,18,2,319,0,4,7,0,11,280,23,25,2,330,0,0,0,330
06/29/2022,MSY,LA,ASW,CE,Combined TRACON& Tower with Radar,288,11,16,0,315,0,0,0,0,0,288,11,16,0,315,0,0,0,315
06/30/2022,MSY,LA,ASW,CE,Combined TRACON& Tower with Radar,301,39,14,0,354,0,2,3,1,6,301,41,17,1,360,0,0,0,360
07/01/2022,MSY,LA,ASW,CE,Combined TRACON& Tower with Radar,301,15,18,1,335,0,2,3,0,5,301,17,21,1,340,0,0,0,340
07/02/2022,MSY,LA,ASW,CE,Combined TRACON& Tower with Radar,241,10,6,3,260,0,0,4,0,4,241,10,10,3,264,0,0,0,264
07/03/2022,MSY,LA,ASW,CE,Combined TRACON& Tower with Radar,267,7,11,0,285,0,0,6,0,6,267,7,17,0,291,0,0,0,291
07/04/2022,MSY,LA,ASW,CE,Combined TRACON& Tower with Radar,278,9,15,0,302,0,0,2,0,2,278,9,17,0,304,0,0,0,304
07/05/2022,MSY,LA,ASW,CE,Combined TRACON& Tower with Radar,281,14,11,0,306,0,1,5,0,6,281,15,16,0,312,0,0,0,312
07/06/2022,MSY,LA,ASW,CE,Combined TRACON& Tower with Radar,289,10,18,2,319,0,1,2,1,4,289,11,20,3,323,0,0,0,323
07/07/2022,MSY,LA,ASW,CE,Combined TRACON& Tower with Radar,296,10,21,0,327,0,0,5,0,5,296,10,26,0,332,0,0,0,332
07/08/2022,MSY,LA,ASW,CE,Combined TRACON& Tower with Radar,304,9,19,0,332,0,8,4,0,12,304,17,23,0,344,0,0,0,344
07/09/2022,MSY,LA,ASW,CE,Combined TRACON& Tower with Radar,238,4,5,0,247,0,1,4,0,5,238,5,9,0,252,0,0,0,252
07/10/2022,MSY,LA,ASW,CE,Combined TRACON& Tower with Radar,281,13,11,0,305,0,2,2,0,4,281,15,13,0,309,0,0,0,309
07/11/2022,MSY,LA,ASW,CE,Combined TRACON& Tower with Radar,299,20,14,2,335,0,5,4,0,9,299,25,18,2,344,0,0,0,344
07/12/2022,MSY,LA,ASW,CE,Combined TRACON& Tower with Radar,282,9,10,0,301,0,0,6,0,6,282,9,16,0,307,0,0,0,307
07/13/2022,MSY,LA,ASW,CE,Combined TRACON& Tower with Radar,298,13,22,0,333,0,2,4,0,6,298,15,26,0,339,0,0,0,339
07/14/2022,MSY,LA,ASW,CE,Combined TRACON& Tower with Radar,302,14,14,0,330,0,8,5,0,13,302,22,19,0,343,0,0,0,343
07/15/2022,MSY,LA,ASW,CE,Combined TRACON& Tower with Radar,305,22,21,3,351,0,1,5,0,6,305,23,26,3,357,0,0,0,357
07/16/2022,MSY,LA,ASW,CE,Combined TRACON& Tower with Radar,237,5,7,3,252,0,0,0,0,0,237,5,7,3,252,0,0,0,252
07/17/2022,MSY,LA,ASW,CE,Combined TRACON& Tower with Radar,273,16,18,0,307,0,2,5,0,7,273,18,23,0,314,0,0,0,314
07/18/2022,MSY,LA,ASW,CE,Combined TRACON& Tower with Radar,290,20,14,0,324,0,7,2,0,9,290,27,16,0,333,0,0,0,333
07/19/2022,MSY,LA,ASW,CE,Combined TRACON& Tower with Radar,292,9,29,0,330,0,10,2,0,12,292,19,31,0,342,0,0,0,342
07/20/2022,MSY,LA,ASW,CE,Combined TRACON& Tower with Radar,282,8,17,1,308,0,7,4,0,11,282,15,21,1,319,0,0,0,319
07/21/2022,MSY,LA,ASW,CE,Combined TRACON& Tower with Radar,305,13,31,1,350,0,7,7,0,14,305,20,38,1,364,0,0,0,364
07/22/2022,MSY,LA,ASW,CE,Combined TRACON& Tower with Radar,310,18,20,0,348,0,6,8,0,14,310,24,28,0,362,0,0,0,362
07/23/2022,MSY,LA,ASW,CE,Combined TRACON& Tower with Radar,231,12,10,0,253,0,2,2,0,4,231,14,12,0,257,0,0,0,257
07/24/2022,MSY,LA,ASW,CE,Combined TRACON& Tower with Radar,277,13,20,0,310,0,2,6,0,8,277,15,26,0,318,0,0,0,318
07/25/2022,MSY,LA,ASW,CE,Combined TRACON& Tower with Radar,285,17,20,0,322,0,3,3,0,6,285,20,23,0,328,0,0,0,328
07/26/2022,MSY,LA,ASW,CE,Combined TRACON& Tower with Radar,287,5,19,0,311,0,5,8,2,15,287,10,27,2,326,0,0,0,326
07/27/2022,MSY,LA,ASW,CE,Combined TRACON& Tower with Radar,287,15,19,1,322,0,11,3,0,14,287,26,22,1,336,0,0,0,336
07/28/2022,MSY,LA,ASW,CE,Combined TRACON& Tower with Radar,298,18,26,1,343,0,3,3,0,6,298,21,29,1,349,0,0,0,349
07/29/2022,MSY,LA,ASW,CE,Combined TRACON& Tower with Radar,299,12,15,0,326,0,4,3,0,7,299,16,18,0,333,0,0,0,333
07/30/2022,MSY,LA,ASW,CE,Combined TRACON& Tower with Radar,238,9,7,0,254,0,1,4,0,5,238,10,11,0,259,0,0,0,259
07/31/2022,MSY,LA,ASW,CE,Combined TRACON& Tower with Radar,268,16,13,0,297,0,1,2,1,4,268,17,15,1,301,0,0,0,301
08/01/2022,MSY,LA,ASW,CE,Combined TRACON& Tower with Radar,291,15,23,0,329,0,1,3,0,4,291,16,26,0,333,0,0,0,333
08/02/2022,MSY,LA,ASW,CE,Combined TRACON& Tower with Radar,284,7,22,0,313,0,0,0,0,0,284,7,22,0,313,0,0,0,313
08/03/2022,MSY,LA,ASW,CE,Combined TRACON& Tower with Radar,282,17,31,0,330,0,2,1,0,3,282,19,32,0,333,0,0,0,333
08/04/2022,MSY,LA,ASW,CE,Combined TRACON& Tower with Radar,288,19,38,0,345,0,0,2,0,2,288,19,40,0,347,0,0,0,347
08/05/2022,MSY,LA,ASW,CE,Combined TRACON& Tower with Radar,299,11,16,0,326,0,4,5,0,9,299,15,21,0,335,0,0,0,335
08/06/2022,MSY,LA,ASW,CE,Combined TRACON& Tower with Radar,230,10,17,0,257,0,0,2,0,2,230,10,19,0,259,0,0,0,259
08/07/2022,MSY,LA,ASW,CE,Combined TRACON& Tower with Radar,273,15,16,0,304,0,1,5,0,6,273,16,21,0,310,0,0,0,310
08/08/2022,MSY,LA,ASW,CE,Combined TRACON& Tower with Radar,278,15,18,0,311,0,10,0,0,10,278,25,18,0,321,0,0,0,321
08/09/2022,MSY,LA,ASW,CE,Combined TRACON& Tower with Radar,281,10,28,0,319,0,12,1,0,13,281,22,29,0,332,0,0,0,332
08/10/2022,MSY,LA,ASW,CE,Combined TRACON& Tower with Radar,278,12,23,0,313,0,3,0,0,3,278,15,23,0,316,0,0,0,316
08/11/2022,MSY,LA,ASW,CE,Combined TRACON& Tower with Radar,290,14,19,0,323,0,0,5,0,5,290,14,24,0,328,0,0,0,328
08/12/2022,MSY,LA,ASW,CE,Combined TRACON& Tower with Radar,306,17,21,0,344,0,1,6,0,7,306,18,27,0,351,0,0,0,351
08/13/2022,MSY,LA,ASW,CE,Combined TRACON& Tower with Radar,233,9,15,0,257,0,0,7,0,7,233,9,22,0,264,0,0,0,264
08/14/2022,MSY,LA,ASW,CE,Combined TRACON& Tower with Radar,273,17,25,0,315,0,3,14,0,17,273,20,39,0,332,0,0,0,332
08/15/2022,MSY,LA,ASW,CE,Combined TRACON& Tower with Radar,296,17,23,0,336,0,6,10,0,16,296,23,33,0,352,0,0,0,352
08/16/2022,MSY,LA,ASW,CE,Combined TRACON& Tower with Radar,274,15,14,0,303,0,9,4,0,13,274,24,18,0,316,0,0,0,316
08/17/2022,MSY,LA,ASW,CE,Combined TRACON& Tower with Radar,280,14,21,0,315,0,7,6,3,16,280,21,27,3,331,0,0,0,331
08/18/2022,MSY,LA,ASW,CE,Combined TRACON& Tower with Radar,309,20,27,2,358,0,0,8,1,9,309,20,35,3,367,0,0,0,367
08/19/2022,MSY,LA,ASW,CE,Combined TRACON& Tower with Radar,301,14,7,1,323,0,4,0,0,4,301,18,7,1,327,0,0,0,327
08/20/2022,MSY,LA,ASW,CE,Combined TRACON& Tower with Radar,233,16,13,2,264,0,0,3,0,3,233,16,16,2,267,0,0,0,267
08/21/2022,MSY,LA,ASW,CE,Combined TRACON& Tower with Radar,266,7,8,0,281,0,0,2,0,2,266,7,10,0,283,0,0,0,283
08/22/2022,MSY,LA,ASW,CE,Combined TRACON& Tower with Radar,275,11,18,0,304,0,8,6,0,14,275,19,24,0,318,0,0,0,318
08/23/2022,MSY,LA,ASW,CE,Combined TRACON& Tower with Radar,276,11,17,2,306,0,0,0,0,0,276,11,17,2,306,0,0,0,306
08/24/2022,MSY,LA,ASW,CE,Combined TRACON& Tower with Radar,283,11,21,1,316,0,0,0,0,0,283,11,21,1,316,0,0,0,316
08/25/2022,MSY,LA,ASW,CE,Combined TRACON& Tower with Radar,303,8,31,0,342,0,1,3,0,4,303,9,34,0,346,0,0,0,346
08/26/2022,MSY,LA,ASW,CE,Combined TRACON& Tower with Radar,298,11,9,0,318,0,0,2,0,2,298,11,11,0,320,0,0,0,320
08/27/2022,MSY,LA,ASW,CE,Combined TRACON& Tower with Radar,228,10,11,0,249,0,1,0,0,1,228,11,11,0,250,0,0,0,250
08/28/2022,MSY,LA,ASW,CE,Combined TRACON& Tower with Radar,281,11,11,0,303,0,1,1,0,2,281,12,12,0,305,0,0,0,305
08/29/2022,MSY,LA,ASW,CE,Combined TRACON& Tower with Radar,278,13,12,2,305,0,8,5,0,13,278,21,17,2,318,0,0,0,318
08/30/2022,MSY,LA,ASW,CE,Combined TRACON& Tower with Radar,279,12,16,3,310,0,10,3,1,14,279,22,19,4,324,0,0,0,324
08/31/2022,MSY,LA,ASW,CE,Combined TRACON& Tower with Radar,284,11,24,0,319,0,9,7,2,18,284,20,31,2,337,0,0,0,337
09/01/2022,MSY,LA,ASW,CE,Combined TRACON& Tower with Radar,293,18,27,2,340,0,9,7,0,16,293,27,34,2,356,0,0,0,356
09/02/2022,MSY,LA,ASW,CE,Combined TRACON& Tower with Radar,304,18,18,0,340,0,4,6,0,10,304,22,24,0,350,0,0,0,350
09/03/2022,MSY,LA,ASW,CE,Combined TRACON& Tower with Radar,228,11,11,0,250,0,0,1,0,1,228,11,12,0,251,0,0,0,251
09/04/2022,MSY,LA,ASW,CE,Combined TRACON& Tower with Radar,237,17,9,0,263,0,0,2,0,2,237,17,11,0,265,0,0,0,265
09/05/2022,MSY,LA,ASW,CE,Combined TRACON& Tower with Radar,287,34,31,0,352,0,0,8,0,8,287,34,39,0,360,0,0,0,360
09/06/2022,MSY,LA,ASW,CE,Combined TRACON& Tower with Radar,267,11,28,2,308,0,5,7,0,12,267,16,35,2,320,0,0,0,320
09/07/2022,MSY,LA,ASW,CE,Combined TRACON& Tower with Radar,267,13,20,0,300,0,0,3,0,3,267,13,23,0,303,0,0,0,303
09/08/2022,MSY,LA,ASW,CE,Combined TRACON& Tower with Radar,297,19,25,2,343,0,9,7,0,16,297,28,32,2,359,0,0,0,359
09/09/2022,MSY,LA,ASW,CE,Combined TRACON& Tower with Radar,313,23,16,0,352,0,4,7,0,11,313,27,23,0,363,0,0,0,363
09/10/2022,MSY,LA,ASW,CE,Combined TRACON& Tower with Radar,260,4,12,2,278,0,3,3,0,6,260,7,15,2,284,0,0,0,284
09/11/2022,MSY,LA,ASW,CE,Combined TRACON& Tower with Radar,300,16,17,0,333,0,3,6,0,9,300,19,23,0,342,0,0,0,342
09/12/2022,MSY,LA,ASW,CE,Combined TRACON& Tower with Radar,297,20,12,1,330,0,8,6,0,14,297,28,18,1,344,0,0,0,344
09/13/2022,MSY,LA,ASW,CE,Combined TRACON& Tower with Radar,284,6,33,4,327,0,14,2,1,17,284,20,35,5,344,0,0,0,344
09/14/2022,MSY,LA,ASW,CE,Combined TRACON& Tower with Radar,276,10,20,0,306,0,12,3,4,19,276,22,23,4,325,0,0,0,325
09/15/2022,MSY,LA,ASW,CE,Combined TRACON& Tower with Radar,307,21,24,0,352,0,9,16,1,26,307,30,40,1,378,0,0,0,378
09/16/2022,MSY,LA,ASW,CE,Combined TRACON& Tower with Radar,319,16,15,1,351,0,8,6,3,17,319,24,21,4,368,0,0,0,368
09/17/2022,MSY,LA,ASW,CE,Combined TRACON& Tower with Radar,256,5,8,0,269,0,0,0,2,2,256,5,8,2,271,0,0,0,271
09/18/2022,MSY,LA,ASW,CE,Combined TRACON& Tower with Radar,310,15,17,0,342,0,0,7,1,8,310,15,24,1,350,0,0,0,350
09/19/2022,MSY,LA,ASW,CE,Combined TRACON& Tower with Radar,301,26,34,1,362,0,4,2,0,6,301,30,36,1,368,0,0,0,368
09/20/2022,MSY,LA,ASW,CE,Combined TRACON& Tower with Radar,274,10,25,4,313,0,13,6,0,19,274,23,31,4,332,0,0,0,332
09/21/2022,MSY,LA,ASW,CE,Combined TRACON& Tower with Radar,269,16,37,0,322,0,10,4,0,14,269,26,41,0,336,0,0,0,336
09/22/2022,MSY,LA,ASW,CE,Combined TRACON& Tower with Radar,305,17,22,0,344,0,8,12,0,20,305,25,34,0,364,0,0,0,364
09/23/2022,MSY,LA,ASW,CE,Combined TRACON& Tower with Radar,318,35,14,2,369,0,6,8,0,14,318,41,22,2,383,0,0,0,383
09/24/2022,MSY,LA,ASW,CE,Combined TRACON& Tower with Radar,256,14,14,0,284,0,0,6,0,6,256,14,20,0,290,0,0,0,290
09/25/2022,MSY,LA,ASW,CE,Combined TRACON& Tower with Radar,301,31,19,0,351,0,1,4,0,5,301,32,23,0,356,0,0,0,356
09/26/2022,MSY,LA,ASW,CE,Combined TRACON& Tower with Radar,310,16,16,0,342,0,2,6,0,8,310,18,22,0,350,0,0,0,350
09/27/2022,MSY,LA,ASW,CE,Combined TRACON& Tower with Radar,276,12,29,2,319,0,0,9,0,9,276,12,38,2,328,0,0,0,328
09/28/2022,MSY,LA,ASW,CE,Combined TRACON& Tower with Radar,244,11,19,0,274,0,0,3,0,3,244,11,22,0,277,0,0,0,277
09/29/2022,MSY,LA,ASW,CE,Combined TRACON& Tower with Radar,300,9,21,0,330,0,1,5,2,8,300,10,26,2,338,0,0,0,338
09/30/2022,MSY,LA,ASW,CE,Combined TRACON& Tower with Radar,310,18,21,0,349,0,3,7,0,10,310,21,28,0,359,0,0,0,359
10/01/2022,MSY,LA,ASW,CE,Combined TRACON& Tower with Radar,262,12,2,1,277,0,0,5,0,5,262,12,7,1,282,0,0,0,282
10/02/2022,MSY,LA,ASW,CE,Combined TRACON& Tower with Radar,292,7,17,1,317,0,3,7,0,10,292,10,24,1,327,0,0,0,327
10/03/2022,MSY,LA,ASW,CE,Combined TRACON& Tower with Radar,308,10,20,0,338,0,10,1,0,11,308,20,21,0,349,0,0,0,349
10/04/2022,MSY,LA,ASW,CE,Combined TRACON& Tower with Radar,277,10,29,0,316,0,10,2,0,12,277,20,31,0,328,0,0,0,328
10/05/2022,MSY,LA,ASW,CE,Combined TRACON& Tower with Radar,281,22,25,1,329,0,7,7,0,14,281,29,32,1,343,0,0,0,343
10/06/2022,MSY,LA,ASW,CE,Combined TRACON& Tower with Radar,326,22,25,1,374,0,9,7,0,16,326,31,32,1,390,0,0,0,390
10/07/2022,MSY,LA,ASW,CE,Combined TRACON& Tower with Radar,327,30,21,0,378,0,9,6,0,15,327,39,27,0,393,0,0,0,393
10/08/2022,MSY,LA,ASW,CE,Combined TRACON& Tower with Radar,269,16,13,1,299,0,2,1,0,3,269,18,14,1,302,0,0,0,302
10/09/2022,MSY,LA,ASW,CE,Combined TRACON& Tower with Radar,317,42,25,1,385,0,3,4,0,7,317,45,29,1,392,0,0,0,392
10/10/2022,MSY,LA,ASW,CE,Combined TRACON& Tower with Radar,314,38,25,0,377,0,3,3,0,6,314,41,28,0,383,0,0,0,383
10/11/2022,MSY,LA,ASW,CE,Combined TRACON& Tower with Radar,303,21,14,0,338,0,15,11,0,26,303,36,25,0,364,0,0,0,364
10/12/2022,MSY,LA,ASW,CE,Combined TRACON& Tower with Radar,301,9,15,0,325,0,4,2,0,6,301,13,17,0,331,0,0,0,331
10/13/2022,MSY,LA,ASW,CE,Combined TRACON& Tower with Radar,321,18,18,1,358,1,5,3,0,9,322,23,21,1,367,0,0,0,367
10/14/2022,MSY,LA,ASW,CE,Combined TRACON& Tower with Radar,328,26,21,3,378,0,12,4,7,23,328,38,25,10,401,0,0,0,401
10/15/2022,MSY,LA,ASW,CE,Combined TRACON& Tower with Radar,265,14,8,2,289,0,0,2,2,4,265,14,10,4,293,0,0,0,293
10/16/2022,MSY,LA,ASW,CE,Combined TRACON& Tower with Radar,318,11,36,1,366,0,3,6,1,10,318,14,42,2,376,0,0,0,376
10/17/2022,MSY,LA,ASW,CE,Combined TRACON& Tower with Radar,310,28,27,0,365,0,1,3,0,4,310,29,30,0,369,0,0,0,369
10/18/2022,MSY,LA,ASW,CE,Combined TRACON& Tower with Radar,305,13,27,0,345,0,7,8,0,15,305,20,35,0,360,0,0,0,360
10/19/2022,MSY,LA,ASW,CE,Combined TRACON& Tower with Radar,304,28,15,0,347,0,4,7,0,11,304,32,22,0,358,0,0,0,358
10/20/2022,MSY,LA,ASW,CE,Combined TRACON& Tower with Radar,322,30,18,1,371,0,10,4,0,14,322,40,22,1,385,0,0,0,385
10/21/2022,MSY,LA,ASW,CE,Combined TRACON& Tower with Radar,333,32,29,5,399,0,6,4,3,13,333,38,33,8,412,0,0,0,412
10/22/2022,MSY,LA,ASW,CE,Combined TRACON& Tower with Radar,268,19,12,2,301,0,1,3,0,4,268,20,15,2,305,0,0,0,305
10/23/2022,MSY,LA,ASW,CE,Combined TRACON& Tower with Radar,320,27,32,0,379,0,1,11,0,12,320,28,43,0,391,0,0,0,391
10/24/2022,MSY,LA,ASW,CE,Combined TRACON& Tower with Radar,302,28,21,4,355,0,8,6,2,16,302,36,27,6,371,0,0,0,371
10/25/2022,MSY,LA,ASW,CE,Combined TRACON& Tower with Radar,299,22,26,1,348,0,2,3,0,5,299,24,29,1,353,0,0,0,353
10/26/2022,MSY,LA,ASW,CE,Combined TRACON& Tower with Radar,301,17,28,0,346,0,12,4,0,16,301,29,32,0,362,0,0,0,362
10/27/2022,MSY,LA,ASW,CE,Combined TRACON& Tower with Radar,325,20,38,1,384,0,8,10,0,18,325,28,48,1,402,0,0,0,402
10/28/2022,MSY,LA,ASW,CE,Combined TRACON& Tower with Radar,323,30,30,0,383,0,8,3,0,11,323,38,33,0,394,0,0,0,394
10/29/2022,MSY,LA,ASW,CE,Combined TRACON& Tower with Radar,263,13,17,1,294,0,0,0,0,0,263,13,17,1,294,0,0,0,294
10/30/2022,MSY,LA,ASW,CE,Combined TRACON& Tower with Radar,313,25,32,1,371,0,0,7,1,8,313,25,39,2,379,0,0,0,379
10/31/2022,MSY,LA,ASW,CE,Combined TRACON& Tower with Radar,286,17,22,0,325,0,1,2,3,6,286,18,24,3,331,0,0,0,331
11/01/2022,MSY,LA,ASW,CE,Combined TRACON& Tower with Radar,302,23,27,1,353,0,8,9,1,18,302,31,36,2,371,0,0,0,371
11/02/2022,MSY,LA,ASW,CE,Combined TRACON& Tower with Radar,300,13,20,2,335,0,20,2,5,27,300,33,22,7,362,0,0,0,362
11/03/2022,MSY,LA,ASW,CE,Combined TRACON& Tower with Radar,321,23,25,0,369,0,9,2,0,11,321,32,27,0,380,0,0,0,380
11/04/2022,MSY,LA,ASW,CE,Combined TRACON& Tower with Radar,316,25,32,2,375,0,6,1,0,7,316,31,33,2,382,0,0,0,382
11/05/2022,MSY,LA,ASW,CE,Combined TRACON& Tower with Radar,266,10,9,0,285,0,0,0,0,0,266,10,9,0,285,0,0,0,285
11/06/2022,MSY,LA,ASW,CE,Combined TRACON& Tower with Radar,307,29,28,0,364,0,2,1,0,3,307,31,29,0,367,0,0,0,367
11/07/2022,MSY,LA,ASW,CE,Combined TRACON& Tower with Radar,287,20,21,2,330,0,5,0,0,5,287,25,21,2,335,0,0,0,335
11/08/2022,MSY,LA,ASW,CE,Combined TRACON& Tower with Radar,301,20,34,2,357,0,2,6,0,8,301,22,40,2,365,0,0,0,365
11/09/2022,MSY,LA,ASW,CE,Combined TRACON& Tower with Radar,290,21,37,1,349,0,2,12,0,14,290,23,49,1,363,0,0,0,363
11/10/2022,MSY,LA,ASW,CE,Combined TRACON& Tower with Radar,298,39,42,0,379,0,9,10,1,20,298,48,52,1,399,0,0,0,399
11/11/2022,MSY,LA,ASW,CE,Combined TRACON& Tower with Radar,317,21,31,0,369,0,0,5,0,5,317,21,36,0,374,0,0,0,374
11/12/2022,MSY,LA,ASW,CE,Combined TRACON& Tower with Radar,261,21,12,0,294,0,0,3,0,3,261,21,15,0,297,0,0,0,297
11/13/2022,MSY,LA,ASW,CE,Combined TRACON& Tower with Radar,304,30,22,0,356,0,2,8,1,11,304,32,30,1,367,0,0,0,367
11/14/2022,MSY,LA,ASW,CE,Combined TRACON& Tower with Radar,294,22,26,0,342,0,10,1,0,11,294,32,27,0,353,0,0,0,353
11/15/2022,MSY,LA,ASW,CE,Combined TRACON& Tower with Radar,300,15,15,2,332,0,4,0,0,4,300,19,15,2,336,0,0,0,336
11/16/2022,MSY,LA,ASW,CE,Combined TRACON& Tower with Radar,299,18,28,0,345,0,3,1,1,5,299,21,29,1,350,0,0,0,350
11/17/2022,MSY,LA,ASW,CE,Combined TRACON& Tower with Radar,314,25,31,0,370,0,6,10,0,16,314,31,41,0,386,0,0,0,386
11/18/2022,MSY,LA,ASW,CE,Combined TRACON& Tower with Radar,321,26,19,3,369,0,4,10,3,17,321,30,29,6,386,0,0,0,386
11/19/2022,MSY,LA,ASW,CE,Combined TRACON& Tower with Radar,256,13,25,1,295,0,0,2,0,2,256,13,27,1,297,0,0,0,297
11/20/2022,MSY,LA,ASW,CE,Combined TRACON& Tower with Radar,308,21,29,2,360,0,2,3,1,6,308,23,32,3,366,0,0,0,366
11/21/2022,MSY,LA,ASW,CE,Combined TRACON& Tower with Radar,304,23,19,0,346,0,8,1,1,10,304,31,20,1,356,0,0,0,356
11/22/2022,MSY,LA,ASW,CE,Combined TRACON& Tower with Radar,319,30,12,0,361,0,15,2,0,17,319,45,14,0,378,0,0,0,378
11/23/2022,MSY,LA,ASW,CE,Combined TRACON& Tower with Radar,314,7,17,0,338,0,8,4,0,12,314,15,21,0,350,0,0,0,350
11/24/2022,MSY,LA,ASW,CE,Combined TRACON& Tower with Radar,226,8,5,0,239,0,0,2,0,2,226,8,7,0,241,0,0,0,241
11/25/2022,MSY,LA,ASW,CE,Combined TRACON& Tower with Radar,300,24,14,0,338,0,0,0,0,0,300,24,14,0,338,0,0,0,338
11/26/2022,MSY,LA,ASW,CE,Combined TRACON& Tower with Radar,267,22,18,0,307,0,0,0,0,0,267,22,18,0,307,0,0,0,307
11/27/2022,MSY,LA,ASW,CE,Combined TRACON& Tower with Radar,319,28,30,0,377,0,4,5,2,11,319,32,35,2,388,0,0,0,388
11/28/2022,MSY,LA,ASW,CE,Combined TRACON& Tower with Radar,325,28,28,1,382,0,1,5,0,6,325,29,33,1,388,0,0,0,388
11/29/2022,MSY,LA,ASW,CE,Combined TRACON& Tower with Radar,298,16,18,3,335,0,0,0,0,0,298,16,18,3,335,0,0,0,335
11/30/2022,MSY,LA,ASW,CE,Combined TRACON& Tower with Radar,294,23,40,1,358,0,4,4,1,9,294,27,44,2,367,0,0,0,367
12/01/2022,MSY,LA,ASW,CE,Combined TRACON& Tower with Radar,306,17,30,2,355,0,1,2,0,3,306,18,32,2,358,0,0,0,358
12/02/2022,MSY,LA,ASW,CE,Combined TRACON& Tower with Radar,314,33,35,2,384,0,9,6,1,16,314,42,41,3,400,0,0,0,400
12/03/2022,MSY,LA,ASW,CE,Combined TRACON& Tower with Radar,260,27,31,1,319,0,0,0,0,0,260,27,31,1,319,0,0,0,319
12/04/2022,MSY,LA,ASW,CE,Combined TRACON& Tower with Radar,294,40,32,3,369,0,0,1,0,1,294,40,33,3,370,0,0,0,370
12/05/2022,MSY,LA,ASW,CE,Combined TRACON& Tower with Radar,305,23,27,0,355,0,2,1,0,3,305,25,28,0,358,0,0,0,358
12/06/2022,MSY,LA,ASW,CE,Combined TRACON& Tower with Radar,296,19,31,0,346,0,9,0,0,9,296,28,31,0,355,0,0,0,355
12/07/2022,MSY,LA,ASW,CE,Combined TRACON& Tower with Radar,284,20,19,0,323,0,10,6,0,16,284,30,25,0,339,0,0,0,339
12/08/2022,MSY,LA,ASW,CE,Combined TRACON& Tower with Radar,301,24,28,0,353,0,2,3,0,5,301,26,31,0,358,0,0,0,358
12/09/2022,MSY,LA,ASW,CE,Combined TRACON& Tower with Radar,299,33,39,0,371,0,2,1,1,4,299,35,40,1,375,0,0,0,375
12/10/2022,MSY,LA,ASW,CE,Combined TRACON& Tower with Radar,234,18,16,0,268,0,2,4,0,6,234,20,20,0,274,0,0,0,274
12/11/2022,MSY,LA,ASW,CE,Combined TRACON& Tower with Radar,281,14,27,0,322,0,0,2,0,2,281,14,29,0,324,0,0,0,324
12/12/2022,MSY,LA,ASW,CE,Combined TRACON& Tower with Radar,296,22,21,2,341,0,1,7,1,9,296,23,28,3,350,0,0,0,350
12/13/2022,MSY,LA,ASW,CE,Combined TRACON& Tower with Radar,297,18,27,1,343,0,1,3,0,4,297,19,30,1,347,0,0,0,347
12/14/2022,MSY,LA,ASW,CE,Combined TRACON& Tower with Radar,279,9,14,2,304,0,0,1,0,1,279,9,15,2,305,0,0,0,305
12/15/2022,MSY,LA,ASW,CE,Combined TRACON& Tower with Radar,300,17,26,0,343,0,12,7,0,19,300,29,33,0,362,0,0,0,362
12/16/2022,MSY,LA,ASW,CE,Combined TRACON& Tower with Radar,299,10,10,1,320,0,8,10,0,18,299,18,20,1,338,0,0,0,338
12/17/2022,MSY,LA,ASW,CE,Combined TRACON& Tower with Radar,245,5,19,0,269,1,0,4,0,5,246,5,23,0,274,0,0,0,274
12/18/2022,MSY,LA,ASW,CE,Combined TRACON& Tower with Radar,301,11,22,0,334,0,2,5,0,7,301,13,27,0,341,0,0,0,341
12/19/2022,MSY,LA,ASW,CE,Combined TRACON& Tower with Radar,290,15,9,0,314,0,2,1,1,4,290,17,10,1,318,0,0,0,318
12/20/2022,MSY,LA,ASW,CE,Combined TRACON& Tower with Radar,304,20,24,0,348,0,0,0,0,0,304,20,24,0,348,0,0,0,348
12/21/2022,MSY,LA,ASW,CE,Combined TRACON& Tower with Radar,307,10,16,0,333,0,0,0,0,0,307,10,16,0,333,0,0,0,333
12/22/2022,MSY,LA,ASW,CE,Combined TRACON& Tower with Radar,315,17,17,0,349,0,2,4,0,6,315,19,21,0,355,0,0,0,355
12/23/2022,MSY,LA,ASW,CE,Combined TRACON& Tower with Radar,258,26,20,0,304,0,0,3,0,3,258,26,23,0,307,0,0,0,307
12/24/2022,MSY,LA,ASW,CE,Combined TRACON& Tower with Radar,183,7,4,0,194,0,0,1,0,1,183,7,5,0,195,0,0,0,195
12/25/2022,MSY,LA,ASW,CE,Combined TRACON& Tower with Radar,179,15,3,0,197,0,0,1,0,1,179,15,4,0,198,0,0,0,198
12/26/2022,MSY,LA,ASW,CE,Combined TRACON& Tower with Radar,194,20,14,0,228,0,0,6,0,6,194,20,20,0,234,0,0,0,234
12/27/2022,MSY,LA,ASW,CE,Combined TRACON& Tower with Radar,218,20,33,0,271,0,3,6,0,9,218,23,39,0,280,0,0,0,280
12/28/2022,MSY,LA,ASW,CE,Combined TRACON& Tower with Radar,213,19,27,0,259,0,4,1,0,5,213,23,28,0,264,0,0,0,264
12/29/2022,MSY,LA,ASW,CE,Combined TRACON& Tower with Radar,242,33,37,0,312,0,4,6,0,10,242,37,43,0,322,0,0,0,322
12/30/2022,MSY,LA,ASW,CE,Combined TRACON& Tower with Radar,313,17,15,0,345,0,0,0,0,0,313,17,15,0,345,0,0,0,345
12/31/2022,MSY,LA,ASW,CE,Combined TRACON& Tower with Radar,236,28,13,0,277,0,1,4,0,5,236,29,17,0,282,0,0,0,282
01/01/2023,MSY,LA,ASW,CE,Combined TRACON& Tower with Radar,248,20,29,0,297,0,0,0,0,0,248,20,29,0,297,0,0,0,297
01/02/2023,MSY,LA,ASW,CE,Combined TRACON& Tower with Radar,294,31,37,4,366,0,0,0,0,0,294,31,37,4,366,0,0,0,366
01/03/2023,MSY,LA,ASW,CE,Combined TRACON& Tower with Radar,286,24,14,0,324,0,0,1,0,1,286,24,15,0,325,0,0,0,325
01/04/2023,MSY,LA,ASW,CE,Combined TRACON& Tower with Radar,282,19,18,0,319,0,8,13,1,22,282,27,31,1,341,0,0,0,341
01/05/2023,MSY,LA,ASW,CE,Combined TRACON& Tower with Radar,290,21,11,0,322,0,9,4,1,14,290,30,15,1,336,0,0,0,336
01/06/2023,MSY,LA,ASW,CE,Combined TRACON& Tower with Radar,294,16,12,0,322,0,11,4,1,16,294,27,16,1,338,0,0,0,338
01/07/2023,MSY,LA,ASW,CE,Combined TRACON& Tower with Radar,240,12,9,2,263,0,0,6,2,8,240,12,15,4,271,0,0,0,271
01/08/2023,MSY,LA,ASW,CE,Combined TRACON& Tower with Radar,309,25,17,0,351,0,0,1,0,1,309,25,18,0,352,0,0,0,352
01/09/2023,MSY,LA,ASW,CE,Combined TRACON& Tower with Radar,280,18,12,0,310,0,6,3,4,13,280,24,15,4,323,0,0,0,323
01/10/2023,MSY,LA,ASW,CE,Combined TRACON& Tower with Radar,278,16,24,0,318,0,5,2,0,7,278,21,26,0,325,0,0,0,325
01/11/2023,MSY,LA,ASW,CE,Combined TRACON& Tower with Radar,258,23,28,0,309,0,3,3,1,7,258,26,31,1,316,0,0,0,316
01/12/2023,MSY,LA,ASW,CE,Combined TRACON& Tower with Radar,303,19,23,1,346,0,5,1,0,6,303,24,24,1,352,0,0,0,352
01/13/2023,MSY,LA,ASW,CE,Combined TRACON& Tower with Radar,308,18,16,0,342,0,3,5,1,9,308,21,21,1,351,0,0,0,351
01/14/2023,MSY,LA,ASW,CE,Combined TRACON& Tower with Radar,237,9,18,1,265,0,4,5,0,9,237,13,23,1,274,0,0,0,274
01/15/2023,MSY,LA,ASW,CE,Combined TRACON& Tower with Radar,300,14,18,0,332,0,2,5,0,7,300,16,23,0,339,0,0,0,339
01/16/2023,MSY,LA,ASW,CE,Combined TRACON& Tower with Radar,291,25,24,1,341,0,0,2,0,2,291,25,26,1,343,0,0,0,343
01/17/2023,MSY,LA,ASW,CE,Combined TRACON& Tower with Radar,291,18,25,1,335,0,7,2,0,9,291,25,27,1,344,0,0,0,344
01/18/2023,MSY,LA,ASW,CE,Combined TRACON& Tower with Radar,287,22,19,0,328,0,10,0,0,10,287,32,19,0,338,0,0,0,338
01/19/2023,MSY,LA,ASW,CE,Combined TRACON& Tower with Radar,304,19,37,0,360,0,10,4,0,14,304,29,41,0,374,0,0,0,374
01/20/2023,MSY,LA,ASW,CE,Combined TRACON& Tower with Radar,316,31,23,0,370,0,9,11,0,20,316,40,34,0,390,0,0,0,390
01/21/2023,MSY,LA,ASW,CE,Combined TRACON& Tower with Radar,238,13,16,0,267,0,0,2,0,2,238,13,18,0,269,0,0,0,269
01/22/2023,MSY,LA,ASW,CE,Combined TRACON& Tower with Radar,328,15,12,0,355,0,0,3,0,3,328,15,15,0,358,0,0,0,358
01/23/2023,MSY,LA,ASW,CE,Combined TRACON& Tower with Radar,291,14,15,0,320,0,11,6,3,20,291,25,21,3,340,0,0,0,340
01/24/2023,MSY,LA,ASW,CE,Combined TRACON& Tower with Radar,296,21,24,0,341,0,1,1,0,2,296,22,25,0,343,0,0,0,343
01/25/2023,MSY,LA,ASW,CE,Combined TRACON& Tower with Radar,277,18,29,3,327,0,2,2,0,4,277,20,31,3,331,0,0,0,331
01/26/2023,MSY,LA,ASW,CE,Combined TRACON& Tower with Radar,299,17,21,1,338,0,10,11,0,21,299,27,32,1,359,0,0,0,359
01/27/2023,MSY,LA,ASW,CE,Combined TRACON& Tower with Radar,310,23,12,0,345,0,4,2,2,8,310,27,14,2,353,0,0,0,353
01/28/2023,MSY,LA,ASW,CE,Combined TRACON& Tower with Radar,238,13,21,0,272,0,0,6,0,6,238,13,27,0,278,0,0,0,278
01/29/2023,MSY,LA,ASW,CE,Combined TRACON& Tower with Radar,310,18,21,0,349,0,0,0,0,0,310,18,21,0,349,0,0,0,349
01/30/2023,MSY,LA,ASW,CE,Combined TRACON& Tower with Radar,267,16,17,0,300,0,2,0,0,2,267,18,17,0,302,0,0,0,302
01/31/2023,MSY,LA,ASW,CE,Combined TRACON& Tower with Radar,245,23,23,0,291,0,0,0,0,0,245,23,23,0,291,0,0,0,291
02/01/2023,MSY,LA,ASW,CE,Combined TRACON& Tower with Radar,222,19,30,0,271,0,0,0,0,0,222,19,30,0,271,0,0,0,271
02/02/2023,MSY,LA,ASW,CE,Combined TRACON& Tower with Radar,300,13,35,1,349,0,0,0,0,0,300,13,35,1,349,0,0,0,349
02/03/2023,MSY,LA,ASW,CE,Combined TRACON& Tower with Radar,315,26,26,0,367,0,1,1,0,2,315,27,27,0,369,0,0,0,369
02/04/2023,MSY,LA,ASW,CE,Combined TRACON& Tower with Radar,252,10,9,1,272,0,1,1,0,2,252,11,10,1,274,0,0,0,274
02/05/2023,MSY,LA,ASW,CE,Combined TRACON& Tower with Radar,318,20,7,0,345,0,1,3,2,6,318,21,10,2,351,0,0,0,351
02/06/2023,MSY,LA,ASW,CE,Combined TRACON& Tower with Radar,309,16,22,2,349,0,11,6,1,18,309,27,28,3,367,0,0,0,367
02/07/2023,MSY,LA,ASW,CE,Combined TRACON& Tower with Radar,282,23,14,5,324,0,2,1,1,4,282,25,15,6,328,0,0,0,328
02/08/2023,MSY,LA,ASW,CE,Combined TRACON& Tower with Radar,282,20,18,2,322,0,1,0,0,1,282,21,18,2,323,0,0,0,323
02/09/2023,MSY,LA,ASW,CE,Combined TRACON& Tower with Radar,319,17,27,2,365,0,4,4,0,8,319,21,31,2,373,0,0,0,373
02/10/2023,MSY,LA,ASW,CE,Combined TRACON& Tower with Radar,325,25,22,4,376,0,0,3,6,9,325,25,25,10,385,0,0,0,385
02/11/2023,MSY,LA,ASW,CE,Combined TRACON& Tower with Radar,268,9,15,0,292,0,1,0,0,1,268,10,15,0,293,0,0,0,293
02/12/2023,MSY,LA,ASW,CE,Combined TRACON& Tower with Radar,330,12,12,0,354,0,2,11,2,15,330,14,23,2,369,0,0,0,369
02/13/2023,MSY,LA,ASW,CE,Combined TRACON& Tower with Radar,314,23,18,0,355,0,9,4,1,14,314,32,22,1,369,0,0,0,369
02/14/2023,MSY,LA,ASW,CE,Combined TRACON& Tower with Radar,305,8,31,0,344,0,2,0,0,2,305,10,31,0,346,0,0,0,346
02/15/2023,MSY,LA,ASW,CE,Combined TRACON& Tower with Radar,299,13,29,0,341,0,6,4,0,10,299,19,33,0,351,0,0,0,351
02/16/2023,MSY,LA,ASW,CE,Combined TRACON& Tower with Radar,329,27,32,0,388,0,0,1,1,2,329,27,33,1,390,0,0,0,390
02/17/2023,MSY,LA,ASW,CE,Combined TRACON& Tower with Radar,352,32,27,2,413,0,2,0,0,2,352,34,27,2,415,0,0,0,415
02/18/2023,MSY,LA,ASW,CE,Combined TRACON& Tower with Radar,284,20,11,0,315,0,5,6,0,11,284,25,17,0,326,0,0,0,326
02/19/2023,MSY,LA,ASW,CE,Combined TRACON& Tower with Radar,333,27,33,4,397,0,1,4,0,5,333,28,37,4,402,0,0,0,402
02/20/2023,MSY,LA,ASW,CE,Combined TRACON& Tower with Radar,333,36,28,1,398,0,1,2,0,3,333,37,30,1,401,0,0,0,401
02/21/2023,MSY,LA,ASW,CE,Combined TRACON& Tower with Radar,320,19,13,4,356,0,2,5,1,8,320,21,18,5,364,0,0,0,364
02/22/2023,MSY,LA,ASW,CE,Combined TRACON& Tower with Radar,328,18,18,3,367,0,0,1,0,1,328,18,19,3,368,0,0,0,368
02/23/2023,MSY,LA,ASW,CE,Combined TRACON& Tower with Radar,336,18,27,0,381,0,1,0,0,1,336,19,27,0,382,0,0,0,382
02/24/2023,MSY,LA,ASW,CE,Combined TRACON& Tower with Radar,336,19,22,1,378,0,0,2,0,2,336,19,24,1,380,0,0,0,380
02/25/2023,MSY,LA,ASW,CE,Combined TRACON& Tower with Radar,277,10,12,2,301,0,0,3,0,3,277,10,15,2,304,0,0,0,304
02/26/2023,MSY,LA,ASW,CE,Combined TRACON& Tower with Radar,353,25,31,1,410,0,0,1,4,5,353,25,32,5,415,0,0,0,415
02/27/2023,MSY,LA,ASW,CE,Combined TRACON& Tower with Radar,328,24,9,0,361,0,7,0,0,7,328,31,9,0,368,0,0,0,368
02/28/2023,MSY,LA,ASW,CE,Combined TRACON& Tower with Radar,317,21,13,0,351,0,0,5,0,5,317,21,18,0,356,0,0,0,356
03/01/2023,MSY,LA,ASW,CE,Combined TRACON& Tower with Radar,306,15,26,0,347,0,7,2,2,11,306,22,28,2,358,0,0,0,358
03/02/2023,MSY,LA,ASW,CE,Combined TRACON& Tower with Radar,316,23,28,0,367,0,7,4,0,11,316,30,32,0,378,0,0,0,378
03/03/2023,MSY,LA,ASW,CE,Combined TRACON& Tower with Radar,336,24,15,0,375,0,0,1,0,1,336,24,16,0,376,0,0,0,376
03/04/2023,MSY,LA,ASW,CE,Combined TRACON& Tower with Radar,269,19,10,0,298,0,1,1,0,2,269,20,11,0,300,0,0,0,300
03/05/2023,MSY,LA,ASW,CE,Combined TRACON& Tower with Radar,341,27,32,0,400,0,0,7,2,9,341,27,39,2,409,0,0,0,409
03/06/2023,MSY,LA,ASW,CE,Combined TRACON& Tower with Radar,325,14,21,2,362,0,0,0,0,0,325,14,21,2,362,0,0,0,362
03/07/2023,MSY,LA,ASW,CE,Combined TRACON& Tower with Radar,306,18,28,0,352,0,3,4,1,8,306,21,32,1,360,0,0,0,360
03/08/2023,MSY,LA,ASW,CE,Combined TRACON& Tower with Radar,306,17,23,0,346,0,0,7,1,8,306,17,30,1,354,0,0,0,354
03/09/2023,MSY,LA,ASW,CE,Combined TRACON& Tower with Radar,316,23,28,2,369,0,2,3,3,8,316,25,31,5,377,0,0,0,377
03/10/2023,MSY,LA,ASW,CE,Combined TRACON& Tower with Radar,337,25,26,2,390,0,7,3,0,10,337,32,29,2,400,0,0,0,400
03/11/2023,MSY,LA,ASW,CE,Combined TRACON& Tower with Radar,269,10,20,0,299,0,2,3,0,5,269,12,23,0,304,0,0,0,304
03/12/2023,MSY,LA,ASW,CE,Combined TRACON& Tower with Radar,343,13,29,0,385,0,3,3,0,6,343,16,32,0,391,0,0,0,391
03/13/2023,MSY,LA,ASW,CE,Combined TRACON& Tower with Radar,329,17,24,2,372,0,1,10,0,11,329,18,34,2,383,0,0,0,383
03/14/2023,MSY,LA,ASW,CE,Combined TRACON& Tower with Radar,318,14,16,2,350,0,6,11,1,18,318,20,27,3,368,0,0,0,368
03/15/2023,MSY,LA,ASW,CE,Combined TRACON& Tower with Radar,320,13,16,0,349,0,5,66,0,71,320,18,82,0,420,0,0,0,420
03/16/2023,MSY,LA,ASW,CE,Combined TRACON& Tower with Radar,326,25,42,2,395,0,6,15,0,21,326,31,57,2,416,0,0,0,416
03/17/2023,MSY,LA,ASW,CE,Combined TRACON& Tower with Radar,336,21,24,0,381,0,3,0,0,3,336,24,24,0,384,0,0,0,384
03/18/2023,MSY,LA,ASW,CE,Combined TRACON& Tower with Radar,265,17,14,0,296,0,0,2,1,3,265,17,16,1,299,0,0,0,299
03/19/2023,MSY,LA,ASW,CE,Combined TRACON& Tower with Radar,349,20,22,0,391,0,1,5,0,6,349,21,27,0,397,0,0,0,397
03/20/2023,MSY,LA,ASW,CE,Combined TRACON& Tower with Radar,328,26,17,2,373,0,12,2,0,14,328,38,19,2,387,0,0,0,387
03/21/2023,MSY,LA,ASW,CE,Combined TRACON& Tower with Radar,312,16,30,1,359,0,13,7,4,24,312,29,37,5,383,0,0,0,383
03/22/2023,MSY,LA,ASW,CE,Combined TRACON& Tower with Radar,309,18,19,1,347,0,12,14,0,26,309,30,33,1,373,0,0,0,373
03/23/2023,MSY,LA,ASW,CE,Combined TRACON& Tower with Radar,324,18,21,5,368,0,2,2,0,4,324,20,23,5,372,0,0,0,372
03/24/2023,MSY,LA,ASW,CE,Combined TRACON& Tower with Radar,334,24,26,0,384,0,1,1,0,2,334,25,27,0,386,0,0,0,386
03/25/2023,MSY,LA,ASW,CE,Combined TRACON& Tower with Radar,256,9,16,0,281,0,0,5,0,5,256,9,21,0,286,0,0,0,286
03/26/2023,MSY,LA,ASW,CE,Combined TRACON& Tower with Radar,336,19,24,0,379,0,2,1,0,3,336,21,25,0,382,0,0,0,382
03/27/2023,MSY,LA,ASW,CE,Combined TRACON& Tower with Radar,326,18,18,0,362,0,0,3,0,3,326,18,21,0,365,0,0,0,365
03/28/2023,MSY,LA,ASW,CE,Combined TRACON& Tower with Radar,306,17,11,2,336,0,0,4,0,4,306,17,15,2,340,0,0,0,340
03/29/2023,MSY,LA,ASW,CE,Combined TRACON& Tower with Radar,307,11,20,2,340,0,1,0,0,1,307,12,20,2,341,0,0,0,341
03/30/2023,MSY,LA,ASW,CE,Combined TRACON& Tower with Radar,326,15,21,0,362,0,6,2,1,9,326,21,23,1,371,0,0,0,371
03/31/2023,MSY,LA,ASW,CE,Combined TRACON& Tower with Radar,313,42,10,2,367,0,7,1,0,8,313,49,11,2,375,0,0,0,375
04/01/2023,MSY,LA,ASW,CE,Combined TRACON& Tower with Radar,249,21,22,0,292,0,0,3,0,3,249,21,25,0,295,0,0,0,295
04/02/2023,MSY,LA,ASW,CE,Combined TRACON& Tower with Radar,332,24,16,0,372,0,0,2,0,2,332,24,18,0,374,0,0,0,374
04/03/2023,MSY,LA,ASW,CE,Combined TRACON& Tower with Radar,318,21,20,2,361,0,5,3,0,8,318,26,23,2,369,0,0,0,369
04/04/2023,MSY,LA,ASW,CE,Combined TRACON& Tower with Radar,323,17,9,0,349,0,3,0,0,3,323,20,9,0,352,0,0,0,352
04/05/2023,MSY,LA,ASW,CE,Combined TRACON& Tower with Radar,309,18,21,2,350,0,2,0,0,2,309,20,21,2,352,0,0,0,352
04/06/2023,MSY,LA,ASW,CE,Combined TRACON& Tower with Radar,328,20,37,0,385,0,3,2,0,5,328,23,39,0,390,0,0,0,390
04/07/2023,MSY,LA,ASW,CE,Combined TRACON& Tower with Radar,351,14,13,0,378,0,0,0,0,0,351,14,13,0,378,0,0,0,378
04/08/2023,MSY,LA,ASW,CE,Combined TRACON& Tower with Radar,257,13,14,0,284,0,0,0,0,0,257,13,14,0,284,0,0,0,284
04/09/2023,MSY,LA,ASW,CE,Combined TRACON& Tower with Radar,340,20,17,0,377,0,2,1,0,3,340,22,18,0,380,0,0,0,380
04/10/2023,MSY,LA,ASW,CE,Combined TRACON& Tower with Radar,328,19,21,0,368,0,6,5,0,11,328,25,26,0,379,0,0,0,379
04/11/2023,MSY,LA,ASW,CE,Combined TRACON& Tower with Radar,316,14,12,0,342,0,0,5,1,6,316,14,17,1,348,0,0,0,348
04/12/2023,MSY,LA,ASW,CE,Combined TRACON& Tower with Radar,307,18,33,0,358,0,0,1,0,1,307,18,34,0,359,0,0,0,359
04/13/2023,MSY,LA,ASW,CE,Combined TRACON& Tower with Radar,323,21,18,0,362,0,6,3,0,9,323,27,21,0,371,0,0,0,371
04/14/2023,MSY,LA,ASW,CE,Combined TRACON& Tower with Radar,336,23,22,0,381,0,5,6,0,11,336,28,28,0,392,0,0,0,392
04/15/2023,MSY,LA,ASW,CE,Combined TRACON& Tower with Radar,260,21,13,0,294,0,0,4,0,4,260,21,17,0,298,0,0,0,298
04/16/2023,MSY,LA,ASW,CE,Combined TRACON& Tower with Radar,337,30,21,0,388,0,2,3,0,5,337,32,24,0,393,0,0,0,393
04/17/2023,MSY,LA,ASW,CE,Combined TRACON& Tower with Radar,333,34,20,2,389,0,7,6,1,14,333,41,26,3,403,0,0,0,403
04/18/2023,MSY,LA,ASW,CE,Combined TRACON& Tower with Radar,309,25,19,0,353,0,12,4,2,18,309,37,23,2,371,0,0,0,371
04/19/2023,MSY,LA,ASW,CE,Combined TRACON& Tower with Radar,305,25,24,0,354,0,14,3,0,17,305,39,27,0,371,0,0,0,371
04/20/2023,MSY,LA,ASW,CE,Combined TRACON& Tower with Radar,324,26,18,0,368,0,9,5,0,14,324,35,23,0,382,0,0,0,382
04/21/2023,MSY,LA,ASW,CE,Combined TRACON& Tower with Radar,357,26,7,1,391,0,0,6,0,6,357,26,13,1,397,0,0,0,397
04/22/2023,MSY,LA,ASW,CE,Combined TRACON& Tower with Radar,266,7,12,4,289,0,2,8,0,10,266,9,20,4,299,0,0,0,299
04/23/2023,MSY,LA,ASW,CE,Combined TRACON& Tower with Radar,342,40,17,0,399,0,0,13,0,13,342,40,30,0,412,0,0,0,412
04/24/2023,MSY,LA,ASW,CE,Combined TRACON& Tower with Radar,329,23,16,0,368,0,3,2,1,6,329,26,18,1,374,0,0,0,374
04/25/2023,MSY,LA,ASW,CE,Combined TRACON& Tower with Radar,308,17,25,2,352,0,15,10,2,27,308,32,35,4,379,0,0,0,379
04/26/2023,MSY,LA,ASW,CE,Combined TRACON& Tower with Radar,291,19,30,0,340,0,3,7,0,10,291,22,37,0,350,0,0,0,350
04/27/2023,MSY,LA,ASW,CE,Combined TRACON& Tower with Radar,336,34,24,0,394,0,1,2,0,3,336,35,26,0,397,0,0,0,397
04/28/2023,MSY,LA,ASW,CE,Combined TRACON& Tower with Radar,350,25,25,0,400,0,5,5,0,10,350,30,30,0,410,0,0,0,410
04/29/2023,MSY,LA,ASW,CE,Combined TRACON& Tower with Radar,268,19,22,0,309,0,0,1,0,1,268,19,23,0,310,0,0,0,310
04/30/2023,MSY,LA,ASW,CE,Combined TRACON& Tower with Radar,329,42,43,0,414,0,2,5,0,7,329,44,48,0,421,0,0,0,421
05/01/2023,MSY,LA,ASW,CE,Combined TRACON& Tower with Radar,328,33,24,0,385,0,7,10,0,17,328,40,34,0,402,0,0,0,402
05/02/2023,MSY,LA,ASW,CE,Combined TRACON& Tower with Radar,311,27,23,0,361,0,11,6,0,17,311,38,29,0,378,0,0,0,378
05/03/2023,MSY,LA,ASW,CE,Combined TRACON& Tower with Radar,308,32,24,2,366,0,13,13,3,29,308,45,37,5,395,0,0,0,395
05/04/2023,MSY,LA,ASW,CE,Combined TRACON& Tower with Radar,332,23,29,0,384,0,11,9,2,22,332,34,38,2,406,0,0,0,406
05/05/2023,MSY,LA,ASW,CE,Combined TRACON& Tower with Radar,327,19,21,0,367,0,2,2,0,4,327,21,23,0,371,0,0,0,371
05/06/2023,MSY,LA,ASW,CE,Combined TRACON& Tower with Radar,276,11,10,0,297,0,0,1,0,1,276,11,11,0,298,0,0,0,298
05/07/2023,MSY,LA,ASW,CE,Combined TRACON& Tower with Radar,348,41,22,0,411,0,1,1,0,2,348,42,23,0,413,0,0,0,413
05/08/2023,MSY,LA,ASW,CE,Combined TRACON& Tower with Radar,353,35,24,2,414,0,6,1,0,7,353,41,25,2,421,0,0,0,421
05/09/2023,MSY,LA,ASW,CE,Combined TRACON& Tower with Radar,314,19,11,2,346,0,7,1,0,8,314,26,12,2,354,0,0,0,354
05/10/2023,MSY,LA,ASW,CE,Combined TRACON& Tower with Radar,323,22,19,0,364,0,9,1,0,10,323,31,20,0,374,0,0,0,374
05/11/2023,MSY,LA,ASW,CE,Combined TRACON& Tower with Radar,326,24,32,2,384,0,9,0,0,9,326,33,32,2,393,0,0,0,393
05/12/2023,MSY,LA,ASW,CE,Combined TRACON& Tower with Radar,341,14,22,0,377,0,8,5,0,13,341,22,27,0,390,0,0,0,390
05/13/2023,MSY,LA,ASW,CE,Combined TRACON& Tower with Radar,280,11,21,0,312,0,0,4,0,4,280,11,25,0,316,0,0,0,316
05/14/2023,MSY,LA,ASW,CE,Combined TRACON& Tower with Radar,362,17,14,0,393,0,0,1,0,1,362,17,15,0,394,0,0,0,394
05/15/2023,MSY,LA,ASW,CE,Combined TRACON& Tower with Radar,341,27,13,0,381,0,11,0,0,11,341,38,13,0,392,0,0,0,392
05/16/2023,MSY,LA,ASW,CE,Combined TRACON& Tower with Radar,305,9,15,3,332,0,12,4,1,17,305,21,19,4,349,0,0,0,349
05/17/2023,MSY,LA,ASW,CE,Combined TRACON& Tower with Radar,332,22,19,2,375,0,3,3,0,6,332,25,22,2,381,0,0,0,381
05/18/2023,MSY,LA,ASW,CE,Combined TRACON& Tower with Radar,317,27,25,2,371,0,4,7,0,11,317,31,32,2,382,0,0,0,382
05/19/2023,MSY,LA,ASW,CE,Combined TRACON& Tower with Radar,347,17,17,0,381,0,12,5,1,18,347,29,22,1,399,0,0,0,399
05/20/2023,MSY,LA,ASW,CE,Combined TRACON& Tower with Radar,288,9,8,0,305,0,0,5,0,5,288,9,13,0,310,0,0,0,310
05/21/2023,MSY,LA,ASW,CE,Combined TRACON& Tower with Radar,344,28,31,0,403,0,3,8,0,11,344,31,39,0,414,0,0,0,414
05/22/2023,MSY,LA,ASW,CE,Combined TRACON& Tower with Radar,334,21,14,0,369,0,1,4,1,6,334,22,18,1,375,0,0,0,375
05/23/2023,MSY,LA,ASW,CE,Combined TRACON& Tower with Radar,306,11,16,1,334,0,4,2,0,6,306,15,18,1,340,0,0,0,340
05/24/2023,MSY,LA,ASW,CE,Combined TRACON& Tower with Radar,316,22,21,1,360,0,13,0,0,13,316,35,21,1,373,0,0,0,373
05/25/2023,MSY,LA,ASW,CE,Combined TRACON& Tower with Radar,328,8,18,0,354,0,3,3,1,7,328,11,21,1,361,0,0,0,361
05/26/2023,MSY,LA,ASW,CE,Combined TRACON& Tower with Radar,344,23,19,1,387,0,8,0,1,9,344,31,19,2,396,0,0,0,396
05/27/2023,MSY,LA,ASW,CE,Combined TRACON& Tower with Radar,277,7,7,0,291,0,1,6,0,7,277,8,13,0,298,0,0,0,298
05/28/2023,MSY,LA,ASW,CE,Combined TRACON& Tower with Radar,322,11,13,0,346,0,0,3,0,3,322,11,16,0,349,0,0,0,349
05/29/2023,MSY,LA,ASW,CE,Combined TRACON& Tower with Radar,335,10,13,0,358,0,3,0,1,4,335,13,13,1,362,0,0,0,362
05/30/2023,MSY,LA,ASW,CE,Combined TRACON& Tower with Radar,299,17,27,3,346,0,12,3,2,17,299,29,30,5,363,0,0,0,363
05/31/2023,MSY,LA,ASW,CE,Combined TRACON& Tower with Radar,317,14,19,0,350,0,9,9,1,19,317,23,28,1,369,0,0,0,369
06/01/2023,MSY,LA,ASW,CE,Combined TRACON& Tower with Radar,315,16,21,0,352,0,2,4,0,6,315,18,25,0,358,0,0,0,358
06/02/2023,MSY,LA,ASW,CE,Combined TRACON& Tower with Radar,325,21,23,2,371,0,11,5,0,16,325,32,28,2,387,0,0,0,387
06/03/2023,MSY,LA,ASW,CE,Combined TRACON& Tower with Radar,250,18,9,0,277,0,2,2,0,4,250,20,11,0,281,0,0,0,281
06/04/2023,MSY,LA,ASW,CE,Combined TRACON& Tower with Radar,319,15,16,0,350,0,4,6,0,10,319,19,22,0,360,0,0,0,360
06/05/2023,MSY,LA,ASW,CE,Combined TRACON& Tower with Radar,318,17,13,0,348,0,1,0,0,1,318,18,13,0,349,0,0,0,349
06/06/2023,MSY,LA,ASW,CE,Combined TRACON& Tower with Radar,284,22,24,0,330,0,3,13,2,18,284,25,37,2,348,0,0,0,348
06/07/2023,MSY,LA,ASW,CE,Combined TRACON& Tower with Radar,294,14,20,0,328,0,8,9,0,17,294,22,29,0,345,0,0,0,345
06/08/2023,MSY,LA,ASW,CE,Combined TRACON& Tower with Radar,303,13,12,0,328,0,8,1,0,9,303,21,13,0,337,0,0,0,337
06/09/2023,MSY,LA,ASW,CE,Combined TRACON& Tower with Radar,329,13,15,1,358,0,12,18,1,31,329,25,33,2,389,0,0,0,389
06/10/2023,MSY,LA,ASW,CE,Combined TRACON& Tower with Radar,257,5,12,0,274,0,1,3,0,4,257,6,15,0,278,0,0,0,278
06/11/2023,MSY,LA,ASW,CE,Combined TRACON& Tower with Radar,304,19,9,0,332,0,0,9,0,9,304,19,18,0,341,0,0,0,341
06/12/2023,MSY,LA,ASW,CE,Combined TRACON& Tower with Radar,305,15,13,2,335,0,9,5,0,14,305,24,18,2,349,0,0,0,349
06/13/2023,MSY,LA,ASW,CE,Combined TRACON& Tower with Radar,292,6,22,4,324,0,14,2,0,16,292,20,24,4,340,0,0,0,340
06/14/2023,MSY,LA,ASW,CE,Combined TRACON& Tower with Radar,293,17,18,0,328,0,13,8,6,27,293,30,26,6,355,0,0,0,355
06/15/2023,MSY,LA,ASW,CE,Combined TRACON& Tower with Radar,290,15,24,0,329,0,6,4,0,10,290,21,28,0,339,0,0,0,339
06/16/2023,MSY,LA,ASW,CE,Combined TRACON& Tower with Radar,319,9,12,3,343,0,2,5,0,7,319,11,17,3,350,0,0,0,350
06/17/2023,MSY,LA,ASW,CE,Combined TRACON& Tower with Radar,261,6,6,3,276,0,0,3,0,3,261,6,9,3,279,0,0,0,279
06/18/2023,MSY,LA,ASW,CE,Combined TRACON& Tower with Radar,299,12,11,0,322,0,0,4,0,4,299,12,15,0,326,0,0,0,326
06/19/2023,MSY,LA,ASW,CE,Combined TRACON& Tower with Radar,291,21,26,0,338,0,0,2,2,4,291,21,28,2,342,0,0,0,342
06/20/2023,MSY,LA,ASW,CE,Combined TRACON& Tower with Radar,287,14,18,2,321,0,0,5,0,5,287,14,23,2,326,0,0,0,326
06/21/2023,MSY,LA,ASW,CE,Combined TRACON& Tower with Radar,301,19,26,0,346,0,0,6,0,6,301,19,32,0,352,0,0,0,352
06/22/2023,MSY,LA,ASW,CE,Combined TRACON& Tower with Radar,297,12,23,0,332,0,0,6,0,6,297,12,29,0,338,0,0,0,338
06/23/2023,MSY,LA,ASW,CE,Combined TRACON& Tower with Radar,315,7,13,0,335,0,1,4,0,5,315,8,17,0,340,0,0,0,340
06/24/2023,MSY,LA,ASW,CE,Combined TRACON& Tower with Radar,255,12,13,0,280,0,0,1,0,1,255,12,14,0,281,0,0,0,281
06/25/2023,MSY,LA,ASW,CE,Combined TRACON& Tower with Radar,286,17,6,2,311,0,2,1,0,3,286,19,7,2,314,0,0,0,314
06/26/2023,MSY,LA,ASW,CE,Combined TRACON& Tower with Radar,283,20,7,0,310,0,8,4,0,12,283,28,11,0,322,0,0,0,322
06/27/2023,MSY,LA,ASW,CE,Combined TRACON& Tower with Radar,271,18,17,0,306,0,6,5,0,11,271,24,22,0,317,0,0,0,317
06/28/2023,MSY,LA,ASW,CE,Combined TRACON& Tower with Radar,282,14,11,2,309,0,11,5,0,16,282,25,16,2,325,0,0,0,325
06/29/2023,MSY,LA,ASW,CE,Combined TRACON& Tower with Radar,286,18,24,1,329,0,6,3,0,9,286,24,27,1,338,0,0,0,338
06/30/2023,MSY,LA,ASW,CE,Combined TRACON& Tower with Radar,309,26,20,3,358,0,9,6,0,15,309,35,26,3,373,0,0,0,373
07/01/2023,MSY,LA,ASW,CE,Combined TRACON& Tower with Radar,256,16,12,0,284,0,0,1,0,1,256,16,13,0,285,0,0,0,285
07/02/2023,MSY,LA,ASW,CE,Combined TRACON& Tower with Radar,300,7,31,0,338,0,1,5,0,6,300,8,36,0,344,0,0,0,344
07/03/2023,MSY,LA,ASW,CE,Combined TRACON& Tower with Radar,275,22,19,0,316,0,4,7,0,11,275,26,26,0,327,0,0,0,327
07/04/2023,MSY,LA,ASW,CE,Combined TRACON& Tower with Radar,242,6,7,0,255,0,0,0,0,0,242,6,7,0,255,0,0,0,255
07/05/2023,MSY,LA,ASW,CE,Combined TRACON& Tower with Radar,276,9,3,0,288,0,7,0,0,7,276,16,3,0,295,0,0,0,295
07/06/2023,MSY,LA,ASW,CE,Combined TRACON& Tower with Radar,300,14,12,0,326,0,5,7,1,13,300,19,19,1,339,0,0,0,339
07/07/2023,MSY,LA,ASW,CE,Combined TRACON& Tower with Radar,311,14,13,2,340,0,10,2,0,12,311,24,15,2,352,0,0,0,352
07/08/2023,MSY,LA,ASW,CE,Combined TRACON& Tower with Radar,258,14,3,3,278,0,0,3,1,4,258,14,6,4,282,0,0,0,282
07/09/2023,MSY,LA,ASW,CE,Combined TRACON& Tower with Radar,305,4,15,3,327,0,0,6,0,6,305,4,21,3,333,0,0,0,333
07/10/2023,MSY,LA,ASW,CE,Combined TRACON& Tower with Radar,303,15,15,0,333,0,0,0,0,0,303,15,15,0,333,0,0,0,333
07/11/2023,MSY,LA,ASW,CE,Combined TRACON& Tower with Radar,276,8,13,0,297,0,0,0,0,0,276,8,13,0,297,0,0,0,297
07/12/2023,MSY,LA,ASW,CE,Combined TRACON& Tower with Radar,286,11,22,0,319,0,12,6,0,18,286,23,28,0,337,0,0,0,337
07/13/2023,MSY,LA,ASW,CE,Combined TRACON& Tower with Radar,299,9,26,0,334,0,12,6,0,18,299,21,32,0,352,0,0,0,352
07/14/2023,MSY,LA,ASW,CE,Combined TRACON& Tower with Radar,316,12,10,3,341,0,11,2,0,13,316,23,12,3,354,0,0,0,354
07/15/2023,MSY,LA,ASW,CE,Combined TRACON& Tower with Radar,274,13,13,0,300,0,4,2,0,6,274,17,15,0,306,0,0,0,306
07/16/2023,MSY,LA,ASW,CE,Combined TRACON& Tower with Radar,269,4,13,1,287,0,5,1,0,6,269,9,14,1,293,0,0,0,293
07/17/2023,MSY,LA,ASW,CE,Combined TRACON& Tower with Radar,307,13,17,1,338,0,7,3,0,10,307,20,20,1,348,0,0,0,348
07/18/2023,MSY,LA,ASW,CE,Combined TRACON& Tower with Radar,278,17,15,0,310,0,13,4,0,17,278,30,19,0,327,0,0,0,327
07/19/2023,MSY,LA,ASW,CE,Combined TRACON& Tower with Radar,295,18,18,0,331,0,8,8,0,16,295,26,26,0,347,0,0,0,347
07/20/2023,MSY,LA,ASW,CE,Combined TRACON& Tower with Radar,293,8,27,1,329,0,13,4,0,17,293,21,31,1,346,0,0,0,346
07/21/2023,MSY,LA,ASW,CE,Combined TRACON& Tower with Radar,316,14,11,0,341,0,13,4,0,17,316,27,15,0,358,0,0,0,358
07/22/2023,MSY,LA,ASW,CE,Combined TRACON& Tower with Radar,269,14,2,1,286,0,0,7,0,7,269,14,9,1,293,0,0,0,293
07/23/2023,MSY,LA,ASW,CE,Combined TRACON& Tower with Radar,293,10,8,0,311,0,1,6,0,7,293,11,14,0,318,0,0,0,318
07/24/2023,MSY,LA,ASW,CE,Combined TRACON& Tower with Radar,309,16,15,0,340,0,6,5,1,12,309,22,20,1,352,0,0,0,352
07/25/2023,MSY,LA,ASW,CE,Combined TRACON& Tower with Radar,275,10,21,0,306,0,13,3,0,16,275,23,24,0,322,0,0,0,322
07/26/2023,MSY,LA,ASW,CE,Combined TRACON& Tower with Radar,288,10,21,0,319,0,3,2,0,5,288,13,23,0,324,0,0,0,324
07/27/2023,MSY,LA,ASW,CE,Combined TRACON& Tower with Radar,295,13,23,0,331,0,15,6,2,23,295,28,29,2,354,0,0,0,354
07/28/2023,MSY,LA,ASW,CE,Combined TRACON& Tower with Radar,315,12,11,0,338,0,9,1,0,10,315,21,12,0,348,0,0,0,348
07/29/2023,MSY,LA,ASW,CE,Combined TRACON& Tower with Radar,257,7,4,0,268,0,0,1,2,3,257,7,5,2,271,0,0,0,271
07/30/2023,MSY,LA,ASW,CE,Combined TRACON& Tower with Radar,297,10,17,0,324,0,0,5,2,7,297,10,22,2,331,0,0,0,331
07/31/2023,MSY,LA,ASW,CE,Combined TRACON& Tower with Radar,311,11,22,0,344,0,6,2,2,10,311,17,24,2,354,0,0,0,354
08/01/2023,MSY,LA,ASW,CE,Combined TRACON& Tower with Radar,274,8,14,0,296,0,8,5,1,14,274,16,19,1,310,0,0,0,310
08/02/2023,MSY,LA,ASW,CE,Combined TRACON& Tower with Radar,285,12,8,0,305,0,11,4,0,15,285,23,12,0,320,0,0,0,320
08/03/2023,MSY,LA,ASW,CE,Combined TRACON& Tower with Radar,295,12,10,0,317,0,11,3,0,14,295,23,13,0,331,0,0,0,331
08/04/2023,MSY,LA,ASW,CE,Combined TRACON& Tower with Radar,322,9,10,0,341,0,12,4,0,16,322,21,14,0,357,0,0,0,357
08/05/2023,MSY,LA,ASW,CE,Combined TRACON& Tower with Radar,266,12,8,0,286,0,2,6,1,9,266,14,14,1,295,0,0,0,295
08/06/2023,MSY,LA,ASW,CE,Combined TRACON& Tower with Radar,280,12,18,0,310,0,0,6,2,8,280,12,24,2,318,0,0,0,318
08/07/2023,MSY,LA,ASW,CE,Combined TRACON& Tower with Radar,301,18,16,0,335,0,6,13,2,21,301,24,29,2,356,0,0,0,356
08/08/2023,MSY,LA,ASW,CE,Combined TRACON& Tower with Radar,274,14,11,0,299,0,7,2,2,11,274,21,13,2,310,0,0,0,310
08/09/2023,MSY,LA,ASW,CE,Combined TRACON& Tower with Radar,286,10,17,0,313,0,11,8,1,20,286,21,25,1,333,0,0,0,333
08/10/2023,MSY,LA,ASW,CE,Combined TRACON& Tower with Radar,291,20,31,2,344,0,9,6,1,16,291,29,37,3,360,0,0,0,360
08/11/2023,MSY,LA,ASW,CE,Combined TRACON& Tower with Radar,315,23,15,2,355,0,8,2,0,10,315,31,17,2,365,0,0,0,365
08/12/2023,MSY,LA,ASW,CE,Combined TRACON& Tower with Radar,256,7,11,0,274,0,7,2,0,9,256,14,13,0,283,0,0,0,283
08/13/2023,MSY,LA,ASW,CE,Combined TRACON& Tower with Radar,300,23,15,0,338,0,2,1,0,3,300,25,16,0,341,0,0,0,341
08/14/2023,MSY,LA,ASW,CE,Combined TRACON& Tower with Radar,291,18,14,1,324,0,13,5,1,19,291,31,19,2,343,0,0,0,343
08/15/2023,MSY,LA,ASW,CE,Combined TRACON& Tower with Radar,261,13,10,0,284,0,13,4,0,17,261,26,14,0,301,0,0,0,301
08/16/2023,MSY,LA,ASW,CE,Combined TRACON& Tower with Radar,274,26,36,0,336,0,9,25,0,34,274,35,61,0,370,0,0,0,370
08/17/2023,MSY,LA,ASW,CE,Combined TRACON& Tower with Radar,268,12,28,0,308,0,5,14,0,19,268,17,42,0,327,0,0,0,327
08/18/2023,MSY,LA,ASW,CE,Combined TRACON& Tower with Radar,292,17,7,0,316,0,6,4,1,11,292,23,11,1,327,0,0,0,327
08/19/2023,MSY,LA,ASW,CE,Combined TRACON& Tower with Radar,239,8,14,0,261,0,0,4,0,4,239,8,18,0,265,0,0,0,265
08/20/2023,MSY,LA,ASW,CE,Combined TRACON& Tower with Radar,265,13,13,0,291,0,2,4,0,6,265,15,17,0,297,0,0,0,297
08/21/2023,MSY,LA,ASW,CE,Combined TRACON& Tower with Radar,284,9,11,0,304,0,3,2,0,5,284,12,13,0,309,0,0,0,309
08/22/2023,MSY,LA,ASW,CE,Combined TRACON& Tower with Radar,249,10,21,0,280,0,15,5,1,21,249,25,26,1,301,0,0,0,301
08/23/2023,MSY,LA,ASW,CE,Combined TRACON& Tower with Radar,264,20,17,2,303,0,8,3,0,11,264,28,20,2,314,0,0,0,314
08/24/2023,MSY,LA,ASW,CE,Combined TRACON& Tower with Radar,279,13,3,0,295,0,14,0,0,14,279,27,3,0,309,0,0,0,309
08/25/2023,MSY,LA,ASW,CE,Combined TRACON& Tower with Radar,288,15,14,2,319,0,11,4,1,16,288,26,18,3,335,0,0,0,335
08/26/2023,MSY,LA,ASW,CE,Combined TRACON& Tower with Radar,235,15,17,0,267,0,2,3,0,5,235,17,20,0,272,0,0,0,272
08/27/2023,MSY,LA,ASW,CE,Combined TRACON& Tower with Radar,259,11,18,0,288,0,0,4,2,6,259,11,22,2,294,0,0,0,294
08/28/2023,MSY,LA,ASW,CE,Combined TRACON& Tower with Radar,287,24,11,0,322,0,3,1,0,4,287,27,12,0,326,0,0,0,326
08/29/2023,MSY,LA,ASW,CE,Combined TRACON& Tower with Radar,242,14,17,0,273,0,6,3,1,10,242,20,20,1,283,0,0,0,283
08/30/2023,MSY,LA,ASW,CE,Combined TRACON& Tower with Radar,255,25,19,0,299,0,8,5,0,13,255,33,24,0,312,0,0,0,312
08/31/2023,MSY,LA,ASW,CE,Combined TRACON& Tower with Radar,275,16,35,0,326,0,13,5,0,18,275,29,40,0,344,0,0,0,344
01/01/2020,MSY,LA,ASW,CE,Combined TRACON& Tower with Radar,319,11,19,0,349,0,0,7,0,7,319,11,26,0,356,0,0,0,356
01/02/2020,MSY,LA,ASW,CE,Combined TRACON& Tower with Radar,348,23,18,0,389,0,0,1,0,1,348,23,19,0,390,0,0,0,390
01/03/2020,MSY,LA,ASW,CE,Combined TRACON& Tower with Radar,337,17,19,0,373,0,3,0,0,3,337,20,19,0,376,0,0,0,376
01/04/2020,MSY,LA,ASW,CE,Combined TRACON& Tower with Radar,309,10,28,2,349,0,7,5,0,12,309,17,33,2,361,0,0,0,361
01/05/2020,MSY,LA,ASW,CE,Combined TRACON& Tower with Radar,363,14,46,0,423,0,5,8,0,13,363,19,54,0,436,0,0,0,436
01/06/2020,MSY,LA,ASW,CE,Combined TRACON& Tower with Radar,333,10,27,2,372,0,8,2,0,10,333,18,29,2,382,0,0,0,382
01/07/2020,MSY,LA,ASW,CE,Combined TRACON& Tower with Radar,310,14,24,0,348,0,13,4,0,17,310,27,28,0,365,0,0,0,365
01/08/2020,MSY,LA,ASW,CE,Combined TRACON& Tower with Radar,312,12,9,0,333,0,17,2,0,19,312,29,11,0,352,0,0,0,352
01/09/2020,MSY,LA,ASW,CE,Combined TRACON& Tower with Radar,335,22,30,0,387,0,12,0,0,12,335,34,30,0,399,0,0,0,399
01/10/2020,MSY,LA,ASW,CE,Combined TRACON& Tower with Radar,322,12,29,0,363,0,0,0,0,0,322,12,29,0,363,0,0,0,363
01/11/2020,MSY,LA,ASW,CE,Combined TRACON& Tower with Radar,278,15,20,0,313,0,1,3,1,5,278,16,23,1,318,0,0,0,318
01/12/2020,MSY,LA,ASW,CE,Combined TRACON& Tower with Radar,360,27,64,1,452,0,0,5,0,5,360,27,69,1,457,0,0,0,457
01/13/2020,MSY,LA,ASW,CE,Combined TRACON& Tower with Radar,339,43,74,4,460,0,0,0,0,0,339,43,74,4,460,0,0,0,460
01/14/2020,MSY,LA,ASW,CE,Combined TRACON& Tower with Radar,330,73,123,2,528,0,0,1,2,3,330,73,124,4,531,0,0,0,531
01/15/2020,MSY,LA,ASW,CE,Combined TRACON& Tower with Radar,312,10,50,0,372,0,2,0,0,2,312,12,50,0,374,0,0,0,374
01/16/2020,MSY,LA,ASW,CE,Combined TRACON& Tower with Radar,340,14,37,2,393,0,2,0,0,2,340,16,37,2,395,0,0,0,395
01/17/2020,MSY,LA,ASW,CE,Combined TRACON& Tower with Radar,330,15,29,4,378,0,12,2,3,17,330,27,31,7,395,0,0,0,395
01/18/2020,MSY,LA,ASW,CE,Combined TRACON& Tower with Radar,253,9,12,1,275,0,0,0,1,1,253,9,12,2,276,0,0,0,276
01/19/2020,MSY,LA,ASW,CE,Combined TRACON& Tower with Radar,346,1,16,0,363,0,0,3,0,3,346,1,19,0,366,0,0,0,366
01/20/2020,MSY,LA,ASW,CE,Combined TRACON& Tower with Radar,320,17,16,0,353,0,4,3,0,7,320,21,19,0,360,0,0,0,360
01/21/2020,MSY,LA,ASW,CE,Combined TRACON& Tower with Radar,310,9,14,0,333,0,6,9,4,19,310,15,23,4,352,0,0,0,352
01/22/2020,MSY,LA,ASW,CE,Combined TRACON& Tower with Radar,306,14,29,0,349,0,11,4,3,18,306,25,33,3,367,0,0,0,367
01/23/2020,MSY,LA,ASW,CE,Combined TRACON& Tower with Radar,332,15,11,1,359,0,1,2,0,3,332,16,13,1,362,0,0,0,362
01/24/2020,MSY,LA,ASW,CE,Combined TRACON& Tower with Radar,331,10,16,1,358,0,12,9,3,24,331,22,25,4,382,0,0,0,382
01/25/2020,MSY,LA,ASW,CE,Combined TRACON& Tower with Radar,261,10,12,1,284,0,3,0,3,6,261,13,12,4,290,0,0,0,290
01/26/2020,MSY,LA,ASW,CE,Combined TRACON& Tower with Radar,347,14,17,2,380,0,0,0,0,0,347,14,17,2,380,0,0,0,380
01/27/2020,MSY,LA,ASW,CE,Combined TRACON& Tower with Radar,321,25,33,2,381,0,0,0,0,0,321,25,33,2,381,0,0,0,381
01/28/2020,MSY,LA,ASW,CE,Combined TRACON& Tower with Radar,313,13,25,3,354,0,13,6,3,22,313,26,31,6,376,0,0,0,376
01/29/2020,MSY,LA,ASW,CE,Combined TRACON& Tower with Radar,305,16,35,0,356,0,0,0,0,0,305,16,35,0,356,0,0,0,356
01/30/2020,MSY,LA,ASW,CE,Combined TRACON& Tower with Radar,333,8,25,1,367,0,11,2,1,14,333,19,27,2,381,0,0,0,381
01/31/2020,MSY,LA,ASW,CE,Combined TRACON& Tower with Radar,339,16,32,0,387,0,1,4,0,5,339,17,36,0,392,0,0,0,392
02/01/2020,MSY,LA,ASW,CE,Combined TRACON& Tower with Radar,266,9,9,0,284,0,0,3,0,3,266,9,12,0,287,0,0,0,287
02/02/2020,MSY,LA,ASW,CE,Combined TRACON& Tower with Radar,337,15,12,2,366,0,1,4,0,5,337,16,16,2,371,0,0,0,371
02/03/2020,MSY,LA,ASW,CE,Combined TRACON& Tower with Radar,326,5,18,0,349,0,6,4,0,10,326,11,22,0,359,0,0,0,359
02/04/2020,MSY,LA,ASW,CE,Combined TRACON& Tower with Radar,302,8,18,0,328,0,14,6,0,20,302,22,24,0,348,0,0,0,348
02/05/2020,MSY,LA,ASW,CE,Combined TRACON& Tower with Radar,303,8,26,0,337,0,0,0,0,0,303,8,26,0,337,0,0,0,337
02/06/2020,MSY,LA,ASW,CE,Combined TRACON& Tower with Radar,319,20,26,1,366,0,2,1,0,3,319,22,27,1,369,0,0,0,369
02/07/2020,MSY,LA,ASW,CE,Combined TRACON& Tower with Radar,332,14,26,3,375,0,13,8,3,24,332,27,34,6,399,0,0,0,399
02/08/2020,MSY,LA,ASW,CE,Combined TRACON& Tower with Radar,266,6,12,0,284,0,2,6,0,8,266,8,18,0,292,0,0,0,292
02/09/2020,MSY,LA,ASW,CE,Combined TRACON& Tower with Radar,352,14,23,1,390,0,0,2,0,2,352,14,25,1,392,0,0,0,392
02/10/2020,MSY,LA,ASW,CE,Combined TRACON& Tower with Radar,348,11,24,0,383,0,0,1,0,1,348,11,25,0,384,0,0,0,384
02/11/2020,MSY,LA,ASW,CE,Combined TRACON& Tower with Radar,326,18,28,0,372,0,0,0,0,0,326,18,28,0,372,0,0,0,372
02/12/2020,MSY,LA,ASW,CE,Combined TRACON& Tower with Radar,302,13,18,0,333,0,0,0,0,0,302,13,18,0,333,0,0,0,333
02/13/2020,MSY,LA,ASW,CE,Combined TRACON& Tower with Radar,352,20,34,0,406,0,3,2,0,5,352,23,36,0,411,0,0,0,411
02/14/2020,MSY,LA,ASW,CE,Combined TRACON& Tower with Radar,372,16,19,0,407,0,16,3,0,19,372,32,22,0,426,0,0,0,426
02/15/2020,MSY,LA,ASW,CE,Combined TRACON& Tower with Radar,303,18,14,0,335,0,6,10,0,16,303,24,24,0,351,0,0,0,351
02/16/2020,MSY,LA,ASW,CE,Combined TRACON& Tower with Radar,360,6,19,0,385,0,0,0,0,0,360,6,19,0,385,0,0,0,385
02/17/2020,MSY,LA,ASW,CE,Combined TRACON& Tower with Radar,354,4,28,0,386,0,12,1,0,13,354,16,29,0,399,0,0,0,399
02/18/2020,MSY,LA,ASW,CE,Combined TRACON& Tower with Radar,331,13,15,2,361,0,0,0,2,2,331,13,15,4,363,0,0,0,363
02/19/2020,MSY,LA,ASW,CE,Combined TRACON& Tower with Radar,362,27,37,0,426,0,0,0,0,0,362,27,37,0,426,0,0,0,426
02/20/2020,MSY,LA,ASW,CE,Combined TRACON& Tower with Radar,381,17,36,2,436,0,0,0,0,0,381,17,36,2,436,0,0,0,436
02/21/2020,MSY,LA,ASW,CE,Combined TRACON& Tower with Radar,382,15,22,2,421,0,0,4,0,4,382,15,26,2,425,0,0,0,425
02/22/2020,MSY,LA,ASW,CE,Combined TRACON& Tower with Radar,327,12,7,0,346,0,3,4,0,7,327,15,11,0,353,0,0,0,353
02/23/2020,MSY,LA,ASW,CE,Combined TRACON& Tower with Radar,393,22,23,0,438,0,0,4,0,4,393,22,27,0,442,0,0,0,442
02/24/2020,MSY,LA,ASW,CE,Combined TRACON& Tower with Radar,371,17,24,0,412,0,7,2,0,9,371,24,26,0,421,0,0,0,421
02/25/2020,MSY,LA,ASW,CE,Combined TRACON& Tower with Radar,359,12,15,3,389,0,3,1,2,6,359,15,16,5,395,0,0,0,395
02/26/2020,MSY,LA,ASW,CE,Combined TRACON& Tower with Radar,369,17,28,1,415,0,8,1,0,9,369,25,29,1,424,0,0,0,424
02/27/2020,MSY,LA,ASW,CE,Combined TRACON& Tower with Radar,374,14,24,0,412,0,11,1,2,14,374,25,25,2,426,0,0,0,426
02/28/2020,MSY,LA,ASW,CE,Combined TRACON& Tower with Radar,383,22,18,1,424,0,15,2,1,18,383,37,20,2,442,0,0,0,442
02/29/2020,MSY,LA,ASW,CE,Combined TRACON& Tower with Radar,321,9,6,4,340,0,7,5,0,12,321,16,11,4,352,0,0,0,352
03/01/2020,MSY,LA,ASW,CE,Combined TRACON& Tower with Radar,389,27,27,1,444,0,3,3,0,6,389,30,30,1,450,0,0,0,450
03/02/2020,MSY,LA,ASW,CE,Combined TRACON& Tower with Radar,375,6,20,0,401,0,12,0,1,13,375,18,20,1,414,0,0,0,414
03/03/2020,MSY,LA,ASW,CE,Combined TRACON& Tower with Radar,359,16,36,0,411,0,0,0,0,0,359,16,36,0,411,0,0,0,411
03/04/2020,MSY,LA,ASW,CE,Combined TRACON& Tower with Radar,352,14,23,2,391,0,0,0,0,0,352,14,23,2,391,0,0,0,391
03/05/2020,MSY,LA,ASW,CE,Combined TRACON& Tower with Radar,380,7,27,2,416,0,0,1,1,2,380,7,28,3,418,0,0,0,418
03/06/2020,MSY,LA,ASW,CE,Combined TRACON& Tower with Radar,386,11,33,2,432,0,9,7,1,17,386,20,40,3,449,0,0,0,449
03/07/2020,MSY,LA,ASW,CE,Combined TRACON& Tower with Radar,324,14,14,1,353,0,3,4,7,14,324,17,18,8,367,0,0,0,367
03/08/2020,MSY,LA,ASW,CE,Combined TRACON& Tower with Radar,366,11,25,6,408,0,1,7,0,8,366,12,32,6,416,0,0,0,416
03/09/2020,MSY,LA,ASW,CE,Combined TRACON& Tower with Radar,360,10,21,2,393,0,10,3,4,17,360,20,24,6,410,0,0,0,410
03/10/2020,MSY,LA,ASW,CE,Combined TRACON& Tower with Radar,341,7,18,2,368,0,0,3,0,3,341,7,21,2,371,0,0,0,371
03/11/2020,MSY,LA,ASW,CE,Combined TRACON& Tower with Radar,342,10,16,0,368,0,2,2,3,7,342,12,18,3,375,0,0,0,375
03/12/2020,MSY,LA,ASW,CE,Combined TRACON& Tower with Radar,354,12,27,0,393,0,2,4,0,6,354,14,31,0,399,0,0,0,399
03/13/2020,MSY,LA,ASW,CE,Combined TRACON& Tower with Radar,358,10,20,0,388,0,0,0,2,2,358,10,20,2,390,0,0,0,390
03/14/2020,MSY,LA,ASW,CE,Combined TRACON& Tower with Radar,318,10,18,0,346,0,2,12,1,15,318,12,30,1,361,0,0,0,361
03/15/2020,MSY,LA,ASW,CE,Combined TRACON& Tower with Radar,382,11,25,0,418,0,0,0,0,0,382,11,25,0,418,0,0,0,418
03/16/2020,MSY,LA,ASW,CE,Combined TRACON& Tower with Radar,355,14,20,0,389,0,0,0,0,0,355,14,20,0,389,0,0,0,389
03/17/2020,MSY,LA,ASW,CE,Combined TRACON& Tower with Radar,318,16,23,0,357,0,0,0,0,0,318,16,23,0,357,0,0,0,357
03/18/2020,MSY,LA,ASW,CE,Combined TRACON& Tower with Radar,311,9,12,0,332,0,0,1,0,1,311,9,13,0,333,0,0,0,333
03/19/2020,MSY,LA,ASW,CE,Combined TRACON& Tower with Radar,292,6,4,0,302,0,2,0,2,4,292,8,4,2,306,0,0,0,306
03/20/2020,MSY,LA,ASW,CE,Combined TRACON& Tower with Radar,297,11,16,0,324,0,0,1,0,1,297,11,17,0,325,0,0,0,325
03/21/2020,MSY,LA,ASW,CE,Combined TRACON& Tower with Radar,241,7,4,2,254,0,1,5,0,6,241,8,9,2,260,0,0,0,260
03/22/2020,MSY,LA,ASW,CE,Combined TRACON& Tower with Radar,264,4,7,4,279,0,0,1,2,3,264,4,8,6,282,0,0,0,282
03/23/2020,MSY,LA,ASW,CE,Combined TRACON& Tower with Radar,199,4,4,2,209,0,1,2,4,7,199,5,6,6,216,0,0,0,216
03/24/2020,MSY,LA,ASW,CE,Combined TRACON& Tower with Radar,218,9,3,0,230,0,1,1,0,2,218,10,4,0,232,0,0,0,232
03/25/2020,MSY,LA,ASW,CE,Combined TRACON& Tower with Radar,200,2,0,0,202,0,0,10,0,10,200,2,10,0,212,0,0,0,212
03/26/2020,MSY,LA,ASW,CE,Combined TRACON& Tower with Radar,203,3,7,0,213,0,1,5,0,6,203,4,12,0,219,0,0,0,219
03/27/2020,MSY,LA,ASW,CE,Combined TRACON& Tower with Radar,171,3,2,8,184,0,4,2,0,6,171,7,4,8,190,0,0,0,190
03/28/2020,MSY,LA,ASW,CE,Combined TRACON& Tower with Radar,164,7,5,0,176,0,3,1,0,4,164,10,6,0,180,0,0,0,180
03/29/2020,MSY,LA,ASW,CE,Combined TRACON& Tower with Radar,169,1,5,0,175,0,0,2,3,5,169,1,7,3,180,0,0,0,180
03/30/2020,MSY,LA,ASW,CE,Combined TRACON& Tower with Radar,137,6,7,0,150,0,4,4,1,9,137,10,11,1,159,0,0,0,159
03/31/2020,MSY,LA,ASW,CE,Combined TRACON& Tower with Radar,129,8,0,0,137,0,1,2,0,3,129,9,2,0,140,0,0,0,140
04/01/2020,MSY,LA,ASW,CE,Combined TRACON& Tower with Radar,144,5,0,0,149,0,5,1,1,7,144,10,1,1,156,0,0,0,156
04/02/2020,MSY,LA,ASW,CE,Combined TRACON& Tower with Radar,131,2,4,0,137,0,2,5,1,8,131,4,9,1,145,0,0,0,145
04/03/2020,MSY,LA,ASW,CE,Combined TRACON& Tower with Radar,150,2,3,0,155,0,1,3,0,4,150,3,6,0,159,0,0,0,159
04/04/2020,MSY,LA,ASW,CE,Combined TRACON& Tower with Radar,120,1,2,0,123,0,0,8,0,8,120,1,10,0,131,0,0,0,131
04/05/2020,MSY,LA,ASW,CE,Combined TRACON& Tower with Radar,130,5,8,0,143,0,0,2,2,4,130,5,10,2,147,0,0,0,147
04/06/2020,MSY,LA,ASW,CE,Combined TRACON& Tower with Radar,124,4,3,0,131,0,2,3,0,5,124,6,6,0,136,0,0,0,136
04/07/2020,MSY,LA,ASW,CE,Combined TRACON& Tower with Radar,103,2,2,0,107,0,0,0,0,0,103,2,2,0,107,0,0,0,107
04/08/2020,MSY,LA,ASW,CE,Combined TRACON& Tower with Radar,98,5,6,2,111,0,0,0,0,0,98,5,6,2,111,0,0,0,111
04/09/2020,MSY,LA,ASW,CE,Combined TRACON& Tower with Radar,116,7,0,0,123,0,3,8,0,11,116,10,8,0,134,0,0,0,134
04/10/2020,MSY,LA,ASW,CE,Combined TRACON& Tower with Radar,119,6,2,0,127,0,5,3,0,8,119,11,5,0,135,0,0,0,135
04/11/2020,MSY,LA,ASW,CE,Combined TRACON& Tower with Radar,77,5,1,3,86,0,1,4,0,5,77,6,5,3,91,0,0,0,91
04/12/2020,MSY,LA,ASW,CE,Combined TRACON& Tower with Radar,89,0,0,0,89,0,0,0,0,0,89,0,0,0,89,0,0,0,89
04/13/2020,MSY,LA,ASW,CE,Combined TRACON& Tower with Radar,95,6,6,2,109,0,2,5,0,7,95,8,11,2,116,0,0,0,116
04/14/2020,MSY,LA,ASW,CE,Combined TRACON& Tower with Radar,103,2,2,0,107,0,0,2,0,2,103,2,4,0,109,0,0,0,109
04/15/2020,MSY,LA,ASW,CE,Combined TRACON& Tower with Radar,86,2,8,0,96,0,1,3,1,5,86,3,11,1,101,0,0,0,101
04/16/2020,MSY,LA,ASW,CE,Combined TRACON& Tower with Radar,88,2,5,2,97,0,9,5,0,14,88,11,10,2,111,0,0,0,111
04/17/2020,MSY,LA,ASW,CE,Combined TRACON& Tower with Radar,84,2,5,0,91,0,5,3,0,8,84,7,8,0,99,0,0,0,99
04/18/2020,MSY,LA,ASW,CE,Combined TRACON& Tower with Radar,72,1,6,0,79,0,0,2,0,2,72,1,8,0,81,0,0,0,81
04/19/2020,MSY,LA,ASW,CE,Combined TRACON& Tower with Radar,78,5,6,2,91,0,0,1,0,1,78,5,7,2,92,0,0,0,92
04/20/2020,MSY,LA,ASW,CE,Combined TRACON& Tower with Radar,77,5,1,0,83,0,0,2,0,2,77,5,3,0,85,0,0,0,85
04/21/2020,MSY,LA,ASW,CE,Combined TRACON& Tower with Radar,88,3,2,0,93,0,9,9,0,18,88,12,11,0,111,0,0,0,111
04/22/2020,MSY,LA,ASW,CE,Combined TRACON& Tower with Radar,74,3,2,0,79,0,6,1,0,7,74,9,3,0,86,0,0,0,86
04/23/2020,MSY,LA,ASW,CE,Combined TRACON& Tower with Radar,82,9,5,0,96,0,0,3,0,3,82,9,8,0,99,0,0,0,99
04/24/2020,MSY,LA,ASW,CE,Combined TRACON& Tower with Radar,81,7,9,0,97,0,10,3,0,13,81,17,12,0,110,0,0,0,110
04/25/2020,MSY,LA,ASW,CE,Combined TRACON& Tower with Radar,60,1,0,0,61,0,1,3,2,6,60,2,3,2,67,0,0,0,67
04/26/2020,MSY,LA,ASW,CE,Combined TRACON& Tower with Radar,87,2,2,0,91,0,0,9,2,11,87,2,11,2,102,0,0,0,102
04/27/2020,MSY,LA,ASW,CE,Combined TRACON& Tower with Radar,73,5,2,0,80,0,9,9,1,19,73,14,11,1,99,0,0,0,99
04/28/2020,MSY,LA,ASW,CE,Combined TRACON& Tower with Radar,84,2,5,0,91,0,9,7,0,16,84,11,12,0,107,0,0,0,107
04/29/2020,MSY,LA,ASW,CE,Combined TRACON& Tower with Radar,72,4,4,0,80,0,4,0,0,4,72,8,4,0,84,0,0,0,84
04/30/2020,MSY,LA,ASW,CE,Combined TRACON& Tower with Radar,83,6,4,0,93,0,6,7,0,13,83,12,11,0,106,0,0,0,106
05/01/2020,MSY,LA,ASW,CE,Combined TRACON& Tower with Radar,92,9,10,0,111,0,10,8,2,20,92,19,18,2,131,0,0,0,131
05/02/2020,MSY,LA,ASW,CE,Combined TRACON& Tower with Radar,71,2,5,0,78,0,2,4,0,6,71,4,9,0,84,0,0,0,84
05/03/2020,MSY,LA,ASW,CE,Combined TRACON& Tower with Radar,80,0,4,0,84,0,1,2,2,5,80,1,6,2,89,0,0,0,89
05/04/2020,MSY,LA,ASW,CE,Combined TRACON& Tower with Radar,83,3,6,0,92,0,9,8,0,17,83,12,14,0,109,0,0,0,109
05/05/2020,MSY,LA,ASW,CE,Combined TRACON& Tower with Radar,74,7,6,0,87,0,11,0,0,11,74,18,6,0,98,0,0,0,98
05/06/2020,MSY,LA,ASW,CE,Combined TRACON& Tower with Radar,71,6,8,0,85,0,4,2,1,7,71,10,10,1,92,0,0,0,92
05/07/2020,MSY,LA,ASW,CE,Combined TRACON& Tower with Radar,78,8,3,3,92,0,7,2,3,12,78,15,5,6,104,0,0,0,104
05/08/2020,MSY,LA,ASW,CE,Combined TRACON& Tower with Radar,80,3,6,0,89,0,11,4,0,15,80,14,10,0,104,0,0,0,104
05/09/2020,MSY,LA,ASW,CE,Combined TRACON& Tower with Radar,72,4,3,0,79,0,0,1,0,1,72,4,4,0,80,0,0,0,80
05/10/2020,MSY,LA,ASW,CE,Combined TRACON& Tower with Radar,66,0,8,0,74,0,2,3,0,5,66,2,11,0,79,0,0,0,79
05/11/2020,MSY,LA,ASW,CE,Combined TRACON& Tower with Radar,70,6,11,0,87,0,11,8,4,23,70,17,19,4,110,0,0,0,110
05/12/2020,MSY,LA,ASW,CE,Combined TRACON& Tower with Radar,71,6,4,2,83,0,8,8,0,16,71,14,12,2,99,0,0,0,99
05/13/2020,MSY,LA,ASW,CE,Combined TRACON& Tower with Radar,73,8,8,0,89,0,8,2,4,14,73,16,10,4,103,0,0,0,103
05/14/2020,MSY,LA,ASW,CE,Combined TRACON& Tower with Radar,71,12,4,0,87,0,1,6,0,7,71,13,10,0,94,0,0,0,94
05/15/2020,MSY,LA,ASW,CE,Combined TRACON& Tower with Radar,85,5,2,0,92,0,0,0,0,0,85,5,2,0,92,0,0,0,92
05/16/2020,MSY,LA,ASW,CE,Combined TRACON& Tower with Radar,70,3,0,0,73,0,1,2,0,3,70,4,2,0,76,0,0,0,76
05/17/2020,MSY,LA,ASW,CE,Combined TRACON& Tower with Radar,67,7,7,0,81,0,1,3,0,4,67,8,10,0,85,0,0,0,85
05/18/2020,MSY,LA,ASW,CE,Combined TRACON& Tower with Radar,71,5,10,2,88,0,9,11,0,20,71,14,21,2,108,0,0,0,108
05/19/2020,MSY,LA,ASW,CE,Combined TRACON& Tower with Radar,71,8,4,0,83,0,0,5,3,8,71,8,9,3,91,0,0,0,91
05/20/2020,MSY,LA,ASW,CE,Combined TRACON& Tower with Radar,76,6,13,2,97,0,2,2,1,5,76,8,15,3,102,0,0,0,102
05/21/2020,MSY,LA,ASW,CE,Combined TRACON& Tower with Radar,85,5,6,6,102,0,7,12,0,19,85,12,18,6,121,0,0,0,121
05/22/2020,MSY,LA,ASW,CE,Combined TRACON& Tower with Radar,80,9,12,0,101,0,3,6,0,9,80,12,18,0,110,0,0,0,110
05/23/2020,MSY,LA,ASW,CE,Combined TRACON& Tower with Radar,73,0,5,2,80,0,1,3,0,4,73,1,8,2,84,0,0,0,84
05/24/2020,MSY,LA,ASW,CE,Combined TRACON& Tower with Radar,88,3,6,0,97,0,1,3,0,4,88,4,9,0,101,0,0,0,101
05/25/2020,MSY,LA,ASW,CE,Combined TRACON& Tower with Radar,70,7,8,0,85,0,0,6,0,6,70,7,14,0,91,0,0,0,91
05/26/2020,MSY,LA,ASW,CE,Combined TRACON& Tower with Radar,72,4,16,0,92,0,1,2,0,3,72,5,18,0,95,0,0,0,95
05/27/2020,MSY,LA,ASW,CE,Combined TRACON& Tower with Radar,73,6,10,5,94,0,7,19,1,27,73,13,29,6,121,0,0,0,121
05/28/2020,MSY,LA,ASW,CE,Combined TRACON& Tower with Radar,84,4,14,2,104,0,11,7,3,21,84,15,21,5,125,0,0,0,125
05/29/2020,MSY,LA,ASW,CE,Combined TRACON& Tower with Radar,78,4,14,0,96,0,1,5,0,6,78,5,19,0,102,0,0,0,102
05/30/2020,MSY,LA,ASW,CE,Combined TRACON& Tower with Radar,69,1,8,0,78,0,3,16,0,19,69,4,24,0,97,0,0,0,97
05/31/2020,MSY,LA,ASW,CE,Combined TRACON& Tower with Radar,70,4,11,0,85,0,3,8,2,13,70,7,19,2,98,0,0,0,98
06/01/2020,MSY,LA,ASW,CE,Combined TRACON& Tower with Radar,73,7,7,2,89,0,9,5,1,15,73,16,12,3,104,0,0,0,104
06/02/2020,MSY,LA,ASW,CE,Combined TRACON& Tower with Radar,72,4,11,0,87,0,12,7,0,19,72,16,18,0,106,0,0,0,106
06/03/2020,MSY,LA,ASW,CE,Combined TRACON& Tower with Radar,78,4,2,0,84,0,1,17,0,18,78,5,19,0,102,0,0,0,102
06/04/2020,MSY,LA,ASW,CE,Combined TRACON& Tower with Radar,89,5,15,0,109,0,9,5,3,17,89,14,20,3,126,0,0,0,126
06/05/2020,MSY,LA,ASW,CE,Combined TRACON& Tower with Radar,87,5,12,0,104,0,7,6,0,13,87,12,18,0,117,0,0,0,117
06/06/2020,MSY,LA,ASW,CE,Combined TRACON& Tower with Radar,78,5,2,0,85,0,1,3,0,4,78,6,5,0,89,0,0,0,89
06/07/2020,MSY,LA,ASW,CE,Combined TRACON& Tower with Radar,38,0,2,0,40,0,0,0,0,0,38,0,2,0,40,0,0,0,40
06/08/2020,MSY,LA,ASW,CE,Combined TRACON& Tower with Radar,98,6,3,0,107,0,0,0,1,1,98,6,3,1,108,0,0,0,108
06/09/2020,MSY,LA,ASW,CE,Combined TRACON& Tower with Radar,104,8,17,0,129,0,0,10,0,10,104,8,27,0,139,0,0,0,139
06/10/2020,MSY,LA,ASW,CE,Combined TRACON& Tower with Radar,102,7,16,2,127,0,2,19,1,22,102,9,35,3,149,0,0,0,149
06/11/2020,MSY,LA,ASW,CE,Combined TRACON& Tower with Radar,114,11,16,2,143,0,8,7,4,19,114,19,23,6,162,0,0,0,162
06/12/2020,MSY,LA,ASW,CE,Combined TRACON& Tower with Radar,109,9,7,0,125,0,6,13,0,19,109,15,20,0,144,0,0,0,144
06/13/2020,MSY,LA,ASW,CE,Combined TRACON& Tower with Radar,97,0,5,0,102,0,1,6,0,7,97,1,11,0,109,0,0,0,109
06/14/2020,MSY,LA,ASW,CE,Combined TRACON& Tower with Radar,110,4,4,0,118,0,0,7,0,7,110,4,11,0,125,0,0,0,125
06/15/2020,MSY,LA,ASW,CE,Combined TRACON& Tower with Radar,108,19,22,0,149,0,8,2,0,10,108,27,24,0,159,0,0,0,159
06/16/2020,MSY,LA,ASW,CE,Combined TRACON& Tower with Radar,104,4,9,1,118,0,9,2,1,12,104,13,11,2,130,0,0,0,130
06/17/2020,MSY,LA,ASW,CE,Combined TRACON& Tower with Radar,104,3,17,0,124,0,8,12,2,22,104,11,29,2,146,0,0,0,146
06/18/2020,MSY,LA,ASW,CE,Combined TRACON& Tower with Radar,116,9,15,0,140,0,11,11,0,22,116,20,26,0,162,0,0,0,162
06/19/2020,MSY,LA,ASW,CE,Combined TRACON& Tower with Radar,114,10,18,0,142,0,6,8,0,14,114,16,26,0,156,0,0,0,156
06/20/2020,MSY,LA,ASW,CE,Combined TRACON& Tower with Radar,95,4,3,0,102,0,1,8,0,9,95,5,11,0,111,0,0,0,111
06/21/2020,MSY,LA,ASW,CE,Combined TRACON& Tower with Radar,110,1,13,0,124,0,0,12,0,12,110,1,25,0,136,0,0,0,136
06/22/2020,MSY,LA,ASW,CE,Combined TRACON& Tower with Radar,113,8,12,0,133,0,0,1,1,2,113,8,13,1,135,0,0,0,135
06/23/2020,MSY,LA,ASW,CE,Combined TRACON& Tower with Radar,109,3,19,1,132,0,3,5,0,8,109,6,24,1,140,0,0,0,140
06/24/2020,MSY,LA,ASW,CE,Combined TRACON& Tower with Radar,109,7,12,0,128,0,1,0,0,1,109,8,12,0,129,0,0,0,129
06/25/2020,MSY,LA,ASW,CE,Combined TRACON& Tower with Radar,124,7,18,0,149,0,1,6,0,7,124,8,24,0,156,0,0,0,156
06/26/2020,MSY,LA,ASW,CE,Combined TRACON& Tower with Radar,121,10,13,2,146,0,2,19,3,24,121,12,32,5,170,0,0,0,170
06/27/2020,MSY,LA,ASW,CE,Combined TRACON& Tower with Radar,101,7,12,2,122,0,2,8,0,10,101,9,20,2,132,0,0,0,132
06/28/2020,MSY,LA,ASW,CE,Combined TRACON& Tower with Radar,111,3,15,2,131,0,2,6,1,9,111,5,21,3,140,0,0,0,140
06/29/2020,MSY,LA,ASW,CE,Combined TRACON& Tower with Radar,115,7,10,0,132,0,11,3,0,14,115,18,13,0,146,0,0,0,146
06/30/2020,MSY,LA,ASW,CE,Combined TRACON& Tower with Radar,108,11,18,1,138,0,11,10,6,27,108,22,28,7,165,0,0,0,165
07/01/2020,MSY,LA,ASW,CE,Combined TRACON& Tower with Radar,130,11,28,0,169,0,12,7,0,19,130,23,35,0,188,0,0,0,188
07/02/2020,MSY,LA,ASW,CE,Combined TRACON& Tower with Radar,150,11,31,2,194,0,3,6,0,9,150,14,37,2,203,0,0,0,203
07/03/2020,MSY,LA,ASW,CE,Combined TRACON& Tower with Radar,152,7,10,0,169,0,0,3,0,3,152,7,13,0,172,0,0,0,172
07/04/2020,MSY,LA,ASW,CE,Combined TRACON& Tower with Radar,104,8,2,0,114,0,0,2,0,2,104,8,4,0,116,0,0,0,116
07/05/2020,MSY,LA,ASW,CE,Combined TRACON& Tower with Radar,137,10,19,0,166,0,3,5,0,8,137,13,24,0,174,0,0,0,174
07/06/2020,MSY,LA,ASW,CE,Combined TRACON& Tower with Radar,156,8,19,2,185,0,1,0,0,1,156,9,19,2,186,0,0,0,186
07/07/2020,MSY,LA,ASW,CE,Combined TRACON& Tower with Radar,144,12,11,0,167,0,0,3,0,3,144,12,14,0,170,0,0,0,170
07/08/2020,MSY,LA,ASW,CE,Combined TRACON& Tower with Radar,145,13,23,0,181,0,6,4,0,10,145,19,27,0,191,0,0,0,191
07/09/2020,MSY,LA,ASW,CE,Combined TRACON& Tower with Radar,162,8,15,0,185,0,15,13,1,29,162,23,28,1,214,0,0,0,214
07/10/2020,MSY,LA,ASW,CE,Combined TRACON& Tower with Radar,169,6,19,0,194,0,7,3,5,15,169,13,22,5,209,0,0,0,209
07/11/2020,MSY,LA,ASW,CE,Combined TRACON& Tower with Radar,147,8,12,2,169,0,4,1,0,5,147,12,13,2,174,0,0,0,174
07/12/2020,MSY,LA,ASW,CE,Combined TRACON& Tower with Radar,158,16,12,0,186,0,4,5,0,9,158,20,17,0,195,0,0,0,195
07/13/2020,MSY,LA,ASW,CE,Combined TRACON& Tower with Radar,162,18,20,0,200,0,4,3,0,7,162,22,23,0,207,0,0,0,207
07/14/2020,MSY,LA,ASW,CE,Combined TRACON& Tower with Radar,147,9,24,0,180,0,12,6,0,18,147,21,30,0,198,0,0,0,198
07/15/2020,MSY,LA,ASW,CE,Combined TRACON& Tower with Radar,146,13,19,1,179,0,7,5,0,12,146,20,24,1,191,0,0,0,191
07/16/2020,MSY,LA,ASW,CE,Combined TRACON& Tower with Radar,177,16,23,0,216,0,16,1,0,17,177,32,24,0,233,0,0,0,233
07/17/2020,MSY,LA,ASW,CE,Combined TRACON& Tower with Radar,182,16,15,2,215,0,5,6,1,12,182,21,21,3,227,0,0,0,227
07/18/2020,MSY,LA,ASW,CE,Combined TRACON& Tower with Radar,150,11,16,0,177,0,0,10,0,10,150,11,26,0,187,0,0,0,187
07/19/2020,MSY,LA,ASW,CE,Combined TRACON& Tower with Radar,153,8,31,0,192,0,2,2,0,4,153,10,33,0,196,0,0,0,196
07/20/2020,MSY,LA,ASW,CE,Combined TRACON& Tower with Radar,167,4,21,2,194,0,12,6,2,20,167,16,27,4,214,0,0,0,214
07/21/2020,MSY,LA,ASW,CE,Combined TRACON& Tower with Radar,141,11,7,0,159,0,6,3,1,10,141,17,10,1,169,0,0,0,169
07/22/2020,MSY,LA,ASW,CE,Combined TRACON& Tower with Radar,144,14,38,4,200,0,7,5,0,12,144,21,43,4,212,0,0,0,212
07/23/2020,MSY,LA,ASW,CE,Combined TRACON& Tower with Radar,170,10,24,0,204,0,4,5,0,9,170,14,29,0,213,0,0,0,213
07/24/2020,MSY,LA,ASW,CE,Combined TRACON& Tower with Radar,174,20,16,0,210,0,1,0,0,1,174,21,16,0,211,0,0,0,211
07/25/2020,MSY,LA,ASW,CE,Combined TRACON& Tower with Radar,144,14,13,0,171,0,0,9,0,9,144,14,22,0,180,0,0,0,180
07/26/2020,MSY,LA,ASW,CE,Combined TRACON& Tower with Radar,156,17,19,4,196,0,0,3,0,3,156,17,22,4,199,0,0,0,199
07/27/2020,MSY,LA,ASW,CE,Combined TRACON& Tower with Radar,161,5,29,2,197,0,1,0,0,1,161,6,29,2,198,0,0,0,198
07/28/2020,MSY,LA,ASW,CE,Combined TRACON& Tower with Radar,142,10,15,0,167,0,5,2,2,9,142,15,17,2,176,0,0,0,176
07/29/2020,MSY,LA,ASW,CE,Combined TRACON& Tower with Radar,142,6,29,6,183,0,9,0,1,10,142,15,29,7,193,0,0,0,193
07/30/2020,MSY,LA,ASW,CE,Combined TRACON& Tower with Radar,165,11,27,4,207,0,10,7,2,19,165,21,34,6,226,0,0,0,226
07/31/2020,MSY,LA,ASW,CE,Combined TRACON& Tower with Radar,167,9,19,2,197,0,9,11,0,20,167,18,30,2,217,0,0,0,217
08/01/2020,MSY,LA,ASW,CE,Combined TRACON& Tower with Radar,158,12,25,0,195,0,0,4,0,4,158,12,29,0,199,0,0,0,199
08/02/2020,MSY,LA,ASW,CE,Combined TRACON& Tower with Radar,166,23,28,0,217,0,0,12,0,12,166,23,40,0,229,0,0,0,229
08/03/2020,MSY,LA,ASW,CE,Combined TRACON& Tower with Radar,170,17,34,0,221,0,8,20,6,34,170,25,54,6,255,0,0,0,255
08/04/2020,MSY,LA,ASW,CE,Combined TRACON& Tower with Radar,142,10,16,0,168,0,11,9,1,21,142,21,25,1,189,0,0,0,189
08/05/2020,MSY,LA,ASW,CE,Combined TRACON& Tower with Radar,142,12,18,2,174,0,11,10,2,23,142,23,28,4,197,0,0,0,197
08/06/2020,MSY,LA,ASW,CE,Combined TRACON& Tower with Radar,172,9,12,2,195,0,5,8,4,17,172,14,20,6,212,0,0,0,212
08/07/2020,MSY,LA,ASW,CE,Combined TRACON& Tower with Radar,172,21,29,4,226,0,6,6,0,12,172,27,35,4,238,0,0,0,238
08/08/2020,MSY,LA,ASW,CE,Combined TRACON& Tower with Radar,151,19,22,0,192,0,2,7,0,9,151,21,29,0,201,0,0,0,201
08/09/2020,MSY,LA,ASW,CE,Combined TRACON& Tower with Radar,160,22,21,0,203,0,4,13,1,18,160,26,34,1,221,0,0,0,221
08/10/2020,MSY,LA,ASW,CE,Combined TRACON& Tower with Radar,162,24,28,0,214,0,14,2,1,17,162,38,30,1,231,0,0,0,231
08/11/2020,MSY,LA,ASW,CE,Combined TRACON& Tower with Radar,147,20,37,0,204,0,11,2,0,13,147,31,39,0,217,0,0,0,217
08/12/2020,MSY,LA,ASW,CE,Combined TRACON& Tower with Radar,153,20,36,0,209,0,12,5,0,17,153,32,41,0,226,0,0,0,226
08/13/2020,MSY,LA,ASW,CE,Combined TRACON& Tower with Radar,174,27,38,0,239,0,10,3,0,13,174,37,41,0,252,0,0,0,252
08/14/2020,MSY,LA,ASW,CE,Combined TRACON& Tower with Radar,176,11,37,2,226,0,4,12,0,16,176,15,49,2,242,0,0,0,242
08/15/2020,MSY,LA,ASW,CE,Combined TRACON& Tower with Radar,148,3,20,0,171,0,4,7,0,11,148,7,27,0,182,0,0,0,182
08/16/2020,MSY,LA,ASW,CE,Combined TRACON& Tower with Radar,155,8,18,0,181,0,4,6,4,14,155,12,24,4,195,0,0,0,195
08/17/2020,MSY,LA,ASW,CE,Combined TRACON& Tower with Radar,168,10,25,0,203,0,12,8,2,22,168,22,33,2,225,0,0,0,225
08/18/2020,MSY,LA,ASW,CE,Combined TRACON& Tower with Radar,140,19,23,0,182,0,8,5,7,20,140,27,28,7,202,0,0,0,202
08/19/2020,MSY,LA,ASW,CE,Combined TRACON& Tower with Radar,139,11,25,2,177,0,7,13,0,20,139,18,38,2,197,0,0,0,197
08/20/2020,MSY,LA,ASW,CE,Combined TRACON& Tower with Radar,172,15,31,3,221,0,1,10,0,11,172,16,41,3,232,0,0,0,232
08/21/2020,MSY,LA,ASW,CE,Combined TRACON& Tower with Radar,169,9,18,0,196,0,13,10,2,25,169,22,28,2,221,0,0,0,221
08/22/2020,MSY,LA,ASW,CE,Combined TRACON& Tower with Radar,139,5,16,0,160,0,1,2,1,4,139,6,18,1,164,0,0,0,164
08/23/2020,MSY,LA,ASW,CE,Combined TRACON& Tower with Radar,159,20,32,0,211,0,3,1,0,4,159,23,33,0,215,0,0,0,215
08/24/2020,MSY,LA,ASW,CE,Combined TRACON& Tower with Radar,122,4,4,0,130,0,1,1,0,2,122,5,5,0,132,0,0,0,132
08/25/2020,MSY,LA,ASW,CE,Combined TRACON& Tower with Radar,134,10,13,0,157,0,0,1,0,1,134,10,14,0,158,0,0,0,158
08/26/2020,MSY,LA,ASW,CE,Combined TRACON& Tower with Radar,124,11,5,1,141,0,0,0,0,0,124,11,5,1,141,0,0,0,141
08/27/2020,MSY,LA,ASW,CE,Combined TRACON& Tower with Radar,165,2,5,7,179,0,6,0,3,9,165,8,5,10,188,0,0,0,188
08/28/2020,MSY,LA,ASW,CE,Combined TRACON& Tower with Radar,166,18,20,7,211,0,0,1,6,7,166,18,21,13,218,0,0,0,218
08/29/2020,MSY,LA,ASW,CE,Combined TRACON& Tower with Radar,138,10,18,1,167,0,1,3,1,5,138,11,21,2,172,0,0,0,172
08/30/2020,MSY,LA,ASW,CE,Combined TRACON& Tower with Radar,154,17,28,0,199,0,2,5,1,8,154,19,33,1,207,0,0,0,207
08/31/2020,MSY,LA,ASW,CE,Combined TRACON& Tower with Radar,154,11,21,2,188,1,7,5,2,15,155,18,26,4,203,0,0,0,203
09/01/2020,MSY,LA,ASW,CE,Combined TRACON& Tower with Radar,137,11,28,0,176,0,8,11,8,27,137,19,39,8,203,0,0,0,203
09/02/2020,MSY,LA,ASW,CE,Combined TRACON& Tower with Radar,132,7,29,2,170,0,7,23,5,35,132,14,52,7,205,0,0,0,205
09/03/2020,MSY,LA,ASW,CE,Combined TRACON& Tower with Radar,175,15,46,5,241,0,13,6,2,21,175,28,52,7,262,0,0,0,262
09/04/2020,MSY,LA,ASW,CE,Combined TRACON& Tower with Radar,169,20,34,8,231,0,4,6,0,10,169,24,40,8,241,0,0,0,241
09/05/2020,MSY,LA,ASW,CE,Combined TRACON& Tower with Radar,135,3,17,0,155,0,4,10,1,15,135,7,27,1,170,0,0,0,170
09/06/2020,MSY,LA,ASW,CE,Combined TRACON& Tower with Radar,118,3,27,0,148,0,2,5,0,7,118,5,32,0,155,0,0,0,155
09/07/2020,MSY,LA,ASW,CE,Combined TRACON& Tower with Radar,124,9,28,0,161,0,1,5,2,8,124,10,33,2,169,0,0,0,169
09/08/2020,MSY,LA,ASW,CE,Combined TRACON& Tower with Radar,107,21,18,2,148,0,18,14,2,34,107,39,32,4,182,0,0,0,182
09/09/2020,MSY,LA,ASW,CE,Combined TRACON& Tower with Radar,107,8,24,0,139,0,5,6,2,13,107,13,30,2,152,0,0,0,152
09/10/2020,MSY,LA,ASW,CE,Combined TRACON& Tower with Radar,141,10,33,2,186,0,6,7,2,15,141,16,40,4,201,0,0,0,201
09/11/2020,MSY,LA,ASW,CE,Combined TRACON& Tower with Radar,134,19,29,2,184,0,2,13,0,15,134,21,42,2,199,0,0,0,199
09/12/2020,MSY,LA,ASW,CE,Combined TRACON& Tower with Radar,114,14,11,2,141,0,5,5,0,10,114,19,16,2,151,0,0,0,151
09/13/2020,MSY,LA,ASW,CE,Combined TRACON& Tower with Radar,136,23,32,0,191,0,2,11,0,13,136,25,43,0,204,0,0,0,204
09/14/2020,MSY,LA,ASW,CE,Combined TRACON& Tower with Radar,99,13,17,0,129,0,2,3,0,5,99,15,20,0,134,0,0,0,134
09/15/2020,MSY,LA,ASW,CE,Combined TRACON& Tower with Radar,64,3,5,0,72,0,8,0,0,8,64,11,5,0,80,0,0,0,80
09/16/2020,MSY,LA,ASW,CE,Combined TRACON& Tower with Radar,99,12,14,1,126,0,5,7,3,15,99,17,21,4,141,0,0,0,141
09/17/2020,MSY,LA,ASW,CE,Combined TRACON& Tower with Radar,139,13,28,4,184,0,9,7,3,19,139,22,35,7,203,0,0,0,203
09/18/2020,MSY,LA,ASW,CE,Combined TRACON& Tower with Radar,137,11,27,2,177,0,9,4,0,13,137,20,31,2,190,0,0,0,190
09/19/2020,MSY,LA,ASW,CE,Combined TRACON& Tower with Radar,116,7,21,0,144,0,0,1,0,1,116,7,22,0,145,0,0,0,145
09/20/2020,MSY,LA,ASW,CE,Combined TRACON& Tower with Radar,136,5,18,0,159,0,0,1,0,1,136,5,19,0,160,0,0,0,160
09/21/2020,MSY,LA,ASW,CE,Combined TRACON& Tower with Radar,126,7,26,0,159,0,0,0,0,0,126,7,26,0,159,0,0,0,159
09/22/2020,MSY,LA,ASW,CE,Combined TRACON& Tower with Radar,109,7,20,0,136,0,0,0,0,0,109,7,20,0,136,0,0,0,136
09/23/2020,MSY,LA,ASW,CE,Combined TRACON& Tower with Radar,109,8,12,0,129,0,0,1,0,1,109,8,13,0,130,0,0,0,130
09/24/2020,MSY,LA,ASW,CE,Combined TRACON& Tower with Radar,143,14,35,1,193,0,9,0,0,9,143,23,35,1,202,0,0,0,202
09/25/2020,MSY,LA,ASW,CE,Combined TRACON& Tower with Radar,136,16,31,1,184,0,5,6,3,14,136,21,37,4,198,0,0,0,198
09/26/2020,MSY,LA,ASW,CE,Combined TRACON& Tower with Radar,113,17,26,0,156,0,2,9,0,11,113,19,35,0,167,0,0,0,167
09/27/2020,MSY,LA,ASW,CE,Combined TRACON& Tower with Radar,134,17,37,2,190,0,3,12,0,15,134,20,49,2,205,0,0,0,205
09/28/2020,MSY,LA,ASW,CE,Combined TRACON& Tower with Radar,127,19,22,0,168,0,6,1,2,9,127,25,23,2,177,0,0,0,177
09/29/2020,MSY,LA,ASW,CE,Combined TRACON& Tower with Radar,109,16,28,0,153,0,1,8,1,10,109,17,36,1,163,0,0,0,163
09/30/2020,MSY,LA,ASW,CE,Combined TRACON& Tower with Radar,111,4,40,0,155,0,5,7,0,12,111,9,47,0,167,0,0,0,167
10/01/2020,MSY,LA,ASW,CE,Combined TRACON& Tower with Radar,151,15,30,4,200,0,11,5,0,16,151,26,35,4,216,0,0,0,216
10/02/2020,MSY,LA,ASW,CE,Combined TRACON& Tower with Radar,156,15,40,1,212,0,15,6,0,21,156,30,46,1,233,0,0,0,233
10/03/2020,MSY,LA,ASW,CE,Combined TRACON& Tower with Radar,128,2,16,0,146,0,3,4,1,8,128,5,20,1,154,0,0,0,154
10/04/2020,MSY,LA,ASW,CE,Combined TRACON& Tower with Radar,150,15,24,0,189,0,1,6,1,8,150,16,30,1,197,0,0,0,197
10/05/2020,MSY,LA,ASW,CE,Combined TRACON& Tower with Radar,141,9,19,1,170,0,6,7,1,14,141,15,26,2,184,0,0,0,184
10/06/2020,MSY,LA,ASW,CE,Combined TRACON& Tower with Radar,115,14,30,0,159,0,3,3,2,8,115,17,33,2,167,0,0,0,167
10/07/2020,MSY,LA,ASW,CE,Combined TRACON& Tower with Radar,118,17,35,2,172,0,7,7,0,14,118,24,42,2,186,0,0,0,186
10/08/2020,MSY,LA,ASW,CE,Combined TRACON& Tower with Radar,180,7,31,0,218,0,0,0,0,0,180,7,31,0,218,0,0,0,218
10/09/2020,MSY,LA,ASW,CE,Combined TRACON& Tower with Radar,180,5,4,0,189,0,0,0,0,0,180,5,4,0,189,0,0,0,189
10/10/2020,MSY,LA,ASW,CE,Combined TRACON& Tower with Radar,140,6,8,8,162,0,3,1,1,5,140,9,9,9,167,0,0,0,167
10/11/2020,MSY,LA,ASW,CE,Combined TRACON& Tower with Radar,170,10,12,2,194,0,8,3,4,15,170,18,15,6,209,0,0,0,209
10/12/2020,MSY,LA,ASW,CE,Combined TRACON& Tower with Radar,168,17,23,0,208,0,3,5,0,8,168,20,28,0,216,0,0,0,216
10/13/2020,MSY,LA,ASW,CE,Combined TRACON& Tower with Radar,127,8,22,2,159,0,7,5,0,12,127,15,27,2,171,0,0,0,171
10/14/2020,MSY,LA,ASW,CE,Combined TRACON& Tower with Radar,126,12,26,1,165,0,18,12,3,33,126,30,38,4,198,0,0,0,198
10/15/2020,MSY,LA,ASW,CE,Combined TRACON& Tower with Radar,180,16,36,0,232,0,10,12,4,26,180,26,48,4,258,0,0,0,258
10/16/2020,MSY,LA,ASW,CE,Combined TRACON& Tower with Radar,177,12,33,2,224,0,0,9,1,10,177,12,42,3,234,0,0,0,234
10/17/2020,MSY,LA,ASW,CE,Combined TRACON& Tower with Radar,140,4,7,0,151,0,3,8,0,11,140,7,15,0,162,0,0,0,162
10/18/2020,MSY,LA,ASW,CE,Combined TRACON& Tower with Radar,171,22,21,0,214,0,5,6,1,12,171,27,27,1,226,0,0,0,226
10/19/2020,MSY,LA,ASW,CE,Combined TRACON& Tower with Radar,160,13,32,1,206,0,0,5,1,6,160,13,37,2,212,0,0,0,212
10/20/2020,MSY,LA,ASW,CE,Combined TRACON& Tower with Radar,121,13,34,0,168,0,11,8,0,19,121,24,42,0,187,0,0,0,187
10/21/2020,MSY,LA,ASW,CE,Combined TRACON& Tower with Radar,121,13,19,0,153,0,15,6,0,21,121,28,25,0,174,0,0,0,174
10/22/2020,MSY,LA,ASW,CE,Combined TRACON& Tower with Radar,173,14,24,2,213,0,3,2,1,6,173,17,26,3,219,0,0,0,219
10/23/2020,MSY,LA,ASW,CE,Combined TRACON& Tower with Radar,174,13,12,1,200,0,5,0,1,6,174,18,12,2,206,0,0,0,206
10/24/2020,MSY,LA,ASW,CE,Combined TRACON& Tower with Radar,137,5,33,4,179,0,1,0,0,1,137,6,33,4,180,0,0,0,180
10/25/2020,MSY,LA,ASW,CE,Combined TRACON& Tower with Radar,161,14,25,0,200,0,2,2,1,5,161,16,27,1,205,0,0,0,205
10/26/2020,MSY,LA,ASW,CE,Combined TRACON& Tower with Radar,151,12,27,1,191,0,10,4,0,14,151,22,31,1,205,0,0,0,205
10/27/2020,MSY,LA,ASW,CE,Combined TRACON& Tower with Radar,120,13,21,2,156,0,2,2,0,4,120,15,23,2,160,0,0,0,160
10/28/2020,MSY,LA,ASW,CE,Combined TRACON& Tower with Radar,65,3,5,0,73,0,0,0,0,0,65,3,5,0,73,0,0,0,73
10/29/2020,MSY,LA,ASW,CE,Combined TRACON& Tower with Radar,162,13,22,3,200,0,5,17,10,32,162,18,39,13,232,0,0,0,232
10/30/2020,MSY,LA,ASW,CE,Combined TRACON& Tower with Radar,167,15,25,2,209,0,5,12,6,23,167,20,37,8,232,0,0,0,232
10/31/2020,MSY,LA,ASW,CE,Combined TRACON& Tower with Radar,115,10,6,0,131,0,0,11,3,14,115,10,17,3,145,0,0,0,145
11/01/2020,MSY,LA,ASW,CE,Combined TRACON& Tower with Radar,154,8,19,0,181,0,1,10,0,11,154,9,29,0,192,0,0,0,192
11/02/2020,MSY,LA,ASW,CE,Combined TRACON& Tower with Radar,158,8,10,4,180,0,9,17,0,26,158,17,27,4,206,0,0,0,206
11/03/2020,MSY,LA,ASW,CE,Combined TRACON& Tower with Radar,114,13,14,0,141,0,12,12,0,24,114,25,26,0,165,0,0,0,165
11/04/2020,MSY,LA,ASW,CE,Combined TRACON& Tower with Radar,120,6,13,0,139,0,11,17,2,30,120,17,30,2,169,0,0,0,169
11/05/2020,MSY,LA,ASW,CE,Combined TRACON& Tower with Radar,197,6,18,3,224,0,15,6,0,21,197,21,24,3,245,0,0,0,245
11/06/2020,MSY,LA,ASW,CE,Combined TRACON& Tower with Radar,197,9,19,4,229,0,8,6,1,15,197,17,25,5,244,0,0,0,244
11/07/2020,MSY,LA,ASW,CE,Combined TRACON& Tower with Radar,129,2,9,0,140,0,2,5,0,7,129,4,14,0,147,0,0,0,147
11/08/2020,MSY,LA,ASW,CE,Combined TRACON& Tower with Radar,199,8,25,2,234,0,0,0,0,0,199,8,25,2,234,0,0,0,234
11/09/2020,MSY,LA,ASW,CE,Combined TRACON& Tower with Radar,183,12,24,1,220,0,12,9,0,21,183,24,33,1,241,0,0,0,241
11/10/2020,MSY,LA,ASW,CE,Combined TRACON& Tower with Radar,120,25,8,5,158,0,3,0,2,5,120,28,8,7,163,0,0,0,163
11/11/2020,MSY,LA,ASW,CE,Combined TRACON& Tower with Radar,128,10,17,0,155,0,1,3,1,5,128,11,20,1,160,0,0,0,160
11/12/2020,MSY,LA,ASW,CE,Combined TRACON& Tower with Radar,192,11,12,5,220,0,3,2,0,5,192,14,14,5,225,0,0,0,225
11/13/2020,MSY,LA,ASW,CE,Combined TRACON& Tower with Radar,194,9,22,2,227,0,11,8,0,19,194,20,30,2,246,0,0,0,246
11/14/2020,MSY,LA,ASW,CE,Combined TRACON& Tower with Radar,132,5,14,0,151,0,1,8,0,9,132,6,22,0,160,0,0,0,160
11/15/2020,MSY,LA,ASW,CE,Combined TRACON& Tower with Radar,195,15,17,0,227,0,0,5,2,7,195,15,22,2,234,0,0,0,234
11/16/2020,MSY,LA,ASW,CE,Combined TRACON& Tower with Radar,177,6,11,0,194,0,7,4,2,13,177,13,15,2,207,0,0,0,207
11/17/2020,MSY,LA,ASW,CE,Combined TRACON& Tower with Radar,120,7,17,0,144,0,17,2,0,19,120,24,19,0,163,0,0,0,163
11/18/2020,MSY,LA,ASW,CE,Combined TRACON& Tower with Radar,139,14,20,2,175,0,10,3,3,16,139,24,23,5,191,0,0,0,191
11/19/2020,MSY,LA,ASW,CE,Combined TRACON& Tower with Radar,194,10,29,2,235,0,17,6,6,29,194,27,35,8,264,0,0,0,264
11/20/2020,MSY,LA,ASW,CE,Combined TRACON& Tower with Radar,208,13,23,0,244,0,7,5,1,13,208,20,28,1,257,0,0,0,257
11/21/2020,MSY,LA,ASW,CE,Combined TRACON& Tower with Radar,180,8,9,0,197,0,0,3,0,3,180,8,12,0,200,0,0,0,200
11/22/2020,MSY,LA,ASW,CE,Combined TRACON& Tower with Radar,194,9,25,0,228,0,3,3,0,6,194,12,28,0,234,0,0,0,234
11/23/2020,MSY,LA,ASW,CE,Combined TRACON& Tower with Radar,180,10,15,2,207,0,0,10,1,11,180,10,25,3,218,0,0,0,218
11/24/2020,MSY,LA,ASW,CE,Combined TRACON& Tower with Radar,198,15,15,4,232,0,14,7,0,21,198,29,22,4,253,0,0,0,253
11/25/2020,MSY,LA,ASW,CE,Combined TRACON& Tower with Radar,199,9,20,0,228,0,0,1,0,1,199,9,21,0,229,0,0,0,229
11/26/2020,MSY,LA,ASW,CE,Combined TRACON& Tower with Radar,106,1,4,1,112,0,0,1,0,1,106,1,5,1,113,0,0,0,113
11/27/2020,MSY,LA,ASW,CE,Combined TRACON& Tower with Radar,168,14,11,0,193,0,0,0,0,0,168,14,11,0,193,0,0,0,193
11/28/2020,MSY,LA,ASW,CE,Combined TRACON& Tower with Radar,208,10,11,0,229,0,2,1,0,3,208,12,12,0,232,0,0,0,232
11/29/2020,MSY,LA,ASW,CE,Combined TRACON& Tower with Radar,211,13,15,0,239,0,0,1,0,1,211,13,16,0,240,0,0,0,240
11/30/2020,MSY,LA,ASW,CE,Combined TRACON& Tower with Radar,201,13,13,0,227,0,2,0,0,2,201,15,13,0,229,0,0,0,229
12/01/2020,MSY,LA,ASW,CE,Combined TRACON& Tower with Radar,173,13,25,0,211,0,15,3,0,18,173,28,28,0,229,0,0,0,229
12/02/2020,MSY,LA,ASW,CE,Combined TRACON& Tower with Radar,117,9,14,2,142,0,7,6,4,17,117,16,20,6,159,0,0,0,159
12/03/2020,MSY,LA,ASW,CE,Combined TRACON& Tower with Radar,159,4,18,0,181,0,4,2,0,6,159,8,20,0,187,0,0,0,187
12/04/2020,MSY,LA,ASW,CE,Combined TRACON& Tower with Radar,150,10,24,0,184,0,1,11,0,12,150,11,35,0,196,0,0,0,196
12/05/2020,MSY,LA,ASW,CE,Combined TRACON& Tower with Radar,111,2,6,0,119,0,0,8,0,8,111,2,14,0,127,0,0,0,127
12/06/2020,MSY,LA,ASW,CE,Combined TRACON& Tower with Radar,154,6,13,0,173,0,2,8,0,10,154,8,21,0,183,0,0,0,183
12/07/2020,MSY,LA,ASW,CE,Combined TRACON& Tower with Radar,144,9,9,2,164,0,5,1,1,7,144,14,10,3,171,0,0,0,171
12/08/2020,MSY,LA,ASW,CE,Combined TRACON& Tower with Radar,112,12,26,3,153,0,5,8,0,13,112,17,34,3,166,0,0,0,166
12/09/2020,MSY,LA,ASW,CE,Combined TRACON& Tower with Radar,112,11,8,0,131,0,8,6,1,15,112,19,14,1,146,0,0,0,146
12/10/2020,MSY,LA,ASW,CE,Combined TRACON& Tower with Radar,167,8,15,4,194,0,7,1,3,11,167,15,16,7,205,0,0,0,205
12/11/2020,MSY,LA,ASW,CE,Combined TRACON& Tower with Radar,150,4,18,0,172,0,11,4,1,16,150,15,22,1,188,0,0,0,188
12/12/2020,MSY,LA,ASW,CE,Combined TRACON& Tower with Radar,110,7,6,0,123,0,1,11,0,12,110,8,17,0,135,0,0,0,135
12/13/2020,MSY,LA,ASW,CE,Combined TRACON& Tower with Radar,154,12,4,22,192,0,1,0,0,1,154,13,4,22,193,0,0,0,193
12/14/2020,MSY,LA,ASW,CE,Combined TRACON& Tower with Radar,140,11,9,0,160,0,1,9,0,10,140,12,18,0,170,0,0,0,170
12/15/2020,MSY,LA,ASW,CE,Combined TRACON& Tower with Radar,115,13,13,0,141,0,8,3,0,11,115,21,16,0,152,0,0,0,152
12/16/2020,MSY,LA,ASW,CE,Combined TRACON& Tower with Radar,129,10,22,0,161,0,2,1,0,3,129,12,23,0,164,0,0,0,164
12/17/2020,MSY,LA,ASW,CE,Combined TRACON& Tower with Radar,179,7,18,0,204,0,9,4,2,15,179,16,22,2,219,0,0,0,219
12/18/2020,MSY,LA,ASW,CE,Combined TRACON& Tower with Radar,185,14,25,2,226,0,12,8,4,24,185,26,33,6,250,0,0,0,250
12/19/2020,MSY,LA,ASW,CE,Combined TRACON& Tower with Radar,189,9,14,0,212,0,2,5,0,7,189,11,19,0,219,0,0,0,219
12/20/2020,MSY,LA,ASW,CE,Combined TRACON& Tower with Radar,183,26,12,3,224,0,1,3,0,4,183,27,15,3,228,0,0,0,228
12/21/2020,MSY,LA,ASW,CE,Combined TRACON& Tower with Radar,184,11,11,0,206,0,7,1,0,8,184,18,12,0,214,0,0,0,214
12/22/2020,MSY,LA,ASW,CE,Combined TRACON& Tower with Radar,188,13,9,2,212,0,10,1,1,12,188,23,10,3,224,0,0,0,224
12/23/2020,MSY,LA,ASW,CE,Combined TRACON& Tower with Radar,196,8,27,0,231,0,7,5,0,12,196,15,32,0,243,0,0,0,243
12/24/2020,MSY,LA,ASW,CE,Combined TRACON& Tower with Radar,145,7,5,0,157,0,0,3,0,3,145,7,8,0,160,0,0,0,160
12/25/2020,MSY,LA,ASW,CE,Combined TRACON& Tower with Radar,111,13,9,0,133,0,0,7,0,7,111,13,16,0,140,0,0,0,140
12/26/2020,MSY,LA,ASW,CE,Combined TRACON& Tower with Radar,174,7,15,0,196,0,0,5,0,5,174,7,20,0,201,0,0,0,201
12/27/2020,MSY,LA,ASW,CE,Combined TRACON& Tower with Radar,185,11,17,0,213,0,1,9,0,10,185,12,26,0,223,0,0,0,223
12/28/2020,MSY,LA,ASW,CE,Combined TRACON& Tower with Radar,175,12,25,0,212,0,3,10,4,17,175,15,35,4,229,0,0,0,229
12/29/2020,MSY,LA,ASW,CE,Combined TRACON& Tower with Radar,184,14,18,4,220,0,6,11,0,17,184,20,29,4,237,0,0,0,237
12/30/2020,MSY,LA,ASW,CE,Combined TRACON& Tower with Radar,192,16,18,0,226,0,8,1,0,9,192,24,19,0,235,0,0,0,235
12/31/2020,MSY,LA,ASW,CE,Combined TRACON& Tower with Radar,148,13,6,2,169,0,4,4,0,8,148,17,10,2,177,0,0,0,177
01/01/2021,MSY,LA,ASW,CE,Combined TRACON& Tower with Radar,129,15,16,0,160,0,0,5,0,5,129,15,21,0,165,0,0,0,165
01/02/2021,MSY,LA,ASW,CE,Combined TRACON& Tower with Radar,192,11,29,4,236,0,0,10,2,12,192,11,39,6,248,0,0,0,248
01/03/2021,MSY,LA,ASW,CE,Combined TRACON& Tower with Radar,189,15,15,0,219,0,6,13,0,19,189,21,28,0,238,0,0,0,238
01/04/2021,MSY,LA,ASW,CE,Combined TRACON& Tower with Radar,176,14,16,0,206,0,13,8,0,21,176,27,24,0,227,0,0,0,227
01/05/2021,MSY,LA,ASW,CE,Combined TRACON& Tower with Radar,161,11,13,0,185,0,8,30,0,38,161,19,43,0,223,0,0,0,223
01/06/2021,MSY,LA,ASW,CE,Combined TRACON& Tower with Radar,152,10,12,0,174,0,7,4,1,12,152,17,16,1,186,0,0,0,186
01/07/2021,MSY,LA,ASW,CE,Combined TRACON& Tower with Radar,173,13,10,0,196,0,5,1,2,8,173,18,11,2,204,0,0,0,204
01/08/2021,MSY,LA,ASW,CE,Combined TRACON& Tower with Radar,157,11,14,0,182,0,3,5,0,8,157,14,19,0,190,0,0,0,190
01/09/2021,MSY,LA,ASW,CE,Combined TRACON& Tower with Radar,125,13,7,0,145,0,5,7,0,12,125,18,14,0,157,0,0,0,157
01/10/2021,MSY,LA,ASW,CE,Combined TRACON& Tower with Radar,154,13,21,0,188,0,1,8,0,9,154,14,29,0,197,0,0,0,197
01/11/2021,MSY,LA,ASW,CE,Combined TRACON& Tower with Radar,146,22,17,0,185,0,0,2,0,2,146,22,19,0,187,0,0,0,187
01/12/2021,MSY,LA,ASW,CE,Combined TRACON& Tower with Radar,126,13,45,0,184,0,2,6,2,10,126,15,51,2,194,0,0,0,194
01/13/2021,MSY,LA,ASW,CE,Combined TRACON& Tower with Radar,127,9,23,0,159,0,7,2,1,10,127,16,25,1,169,0,0,0,169
01/14/2021,MSY,LA,ASW,CE,Combined TRACON& Tower with Radar,167,9,20,2,198,0,8,3,4,15,167,17,23,6,213,0,0,0,213
01/15/2021,MSY,LA,ASW,CE,Combined TRACON& Tower with Radar,158,17,25,0,200,0,4,6,2,12,158,21,31,2,212,0,0,0,212
01/16/2021,MSY,LA,ASW,CE,Combined TRACON& Tower with Radar,125,6,13,2,146,0,1,5,1,7,125,7,18,3,153,0,0,0,153
01/17/2021,MSY,LA,ASW,CE,Combined TRACON& Tower with Radar,150,22,41,2,215,0,4,8,0,12,150,26,49,2,227,0,0,0,227
01/18/2021,MSY,LA,ASW,CE,Combined TRACON& Tower with Radar,148,6,23,0,177,0,4,10,0,14,148,10,33,0,191,0,0,0,191
01/19/2021,MSY,LA,ASW,CE,Combined TRACON& Tower with Radar,125,9,3,0,137,0,15,4,0,19,125,24,7,0,156,0,0,0,156
01/20/2021,MSY,LA,ASW,CE,Combined TRACON& Tower with Radar,122,10,14,2,148,0,8,1,1,10,122,18,15,3,158,0,0,0,158
01/21/2021,MSY,LA,ASW,CE,Combined TRACON& Tower with Radar,167,7,34,0,208,0,6,2,0,8,167,13,36,0,216,0,0,0,216
01/22/2021,MSY,LA,ASW,CE,Combined TRACON& Tower with Radar,156,9,11,1,177,0,0,0,0,0,156,9,11,1,177,0,0,0,177
01/23/2021,MSY,LA,ASW,CE,Combined TRACON& Tower with Radar,120,14,10,2,146,0,0,2,0,2,120,14,12,2,148,0,0,0,148
01/24/2021,MSY,LA,ASW,CE,Combined TRACON& Tower with Radar,163,13,16,0,192,0,0,2,0,2,163,13,18,0,194,0,0,0,194
01/25/2021,MSY,LA,ASW,CE,Combined TRACON& Tower with Radar,148,8,19,1,176,0,3,0,0,3,148,11,19,1,179,0,0,0,179
01/26/2021,MSY,LA,ASW,CE,Combined TRACON& Tower with Radar,121,13,15,2,151,0,0,0,0,0,121,13,15,2,151,0,0,0,151
01/27/2021,MSY,LA,ASW,CE,Combined TRACON& Tower with Radar,129,22,16,2,169,0,0,3,0,3,129,22,19,2,172,0,0,0,172
01/28/2021,MSY,LA,ASW,CE,Combined TRACON& Tower with Radar,175,13,19,1,208,0,4,7,3,14,175,17,26,4,222,0,0,0,222
01/29/2021,MSY,LA,ASW,CE,Combined TRACON& Tower with Radar,157,19,22,0,198,0,19,8,0,27,157,38,30,0,225,0,0,0,225
01/30/2021,MSY,LA,ASW,CE,Combined TRACON& Tower with Radar,124,13,6,2,145,0,0,4,0,4,124,13,10,2,149,0,0,0,149
01/31/2021,MSY,LA,ASW,CE,Combined TRACON& Tower with Radar,155,12,24,0,191,0,1,9,0,10,155,13,33,0,201,0,0,0,201
02/01/2021,MSY,LA,ASW,CE,Combined TRACON& Tower with Radar,146,12,9,0,167,0,2,4,2,8,146,14,13,2,175,0,0,0,175
02/02/2021,MSY,LA,ASW,CE,Combined TRACON& Tower with Radar,127,8,11,3,149,0,5,5,1,11,127,13,16,4,160,0,0,0,160
02/03/2021,MSY,LA,ASW,CE,Combined TRACON& Tower with Radar,126,18,17,1,162,0,15,4,0,19,126,33,21,1,181,0,0,0,181
02/04/2021,MSY,LA,ASW,CE,Combined TRACON& Tower with Radar,171,9,24,0,204,0,11,8,0,19,171,20,32,0,223,0,0,0,223
02/05/2021,MSY,LA,ASW,CE,Combined TRACON& Tower with Radar,167,16,11,1,195,0,0,4,0,4,167,16,15,1,199,0,0,0,199
02/06/2021,MSY,LA,ASW,CE,Combined TRACON& Tower with Radar,133,16,14,2,165,0,0,0,0,0,133,16,14,2,165,0,0,0,165
02/07/2021,MSY,LA,ASW,CE,Combined TRACON& Tower with Radar,155,7,12,6,180,0,2,8,1,11,155,9,20,7,191,0,0,0,191
02/08/2021,MSY,LA,ASW,CE,Combined TRACON& Tower with Radar,152,14,14,2,182,0,8,1,0,9,152,22,15,2,191,0,0,0,191
02/09/2021,MSY,LA,ASW,CE,Combined TRACON& Tower with Radar,135,17,20,0,172,0,0,1,0,1,135,17,21,0,173,0,0,0,173
02/10/2021,MSY,LA,ASW,CE,Combined TRACON& Tower with Radar,134,9,11,0,154,0,0,0,0,0,134,9,11,0,154,0,0,0,154
02/11/2021,MSY,LA,ASW,CE,Combined TRACON& Tower with Radar,171,12,13,0,196,0,0,1,0,1,171,12,14,0,197,0,0,0,197
02/12/2021,MSY,LA,ASW,CE,Combined TRACON& Tower with Radar,193,18,35,0,246,0,0,0,0,0,193,18,35,0,246,0,0,0,246
02/13/2021,MSY,LA,ASW,CE,Combined TRACON& Tower with Radar,153,25,26,0,204,0,0,0,0,0,153,25,26,0,204,0,0,0,204
02/14/2021,MSY,LA,ASW,CE,Combined TRACON& Tower with Radar,155,41,6,0,202,0,2,0,0,2,155,43,6,0,204,0,0,0,204
02/15/2021,MSY,LA,ASW,CE,Combined TRACON& Tower with Radar,128,9,10,0,147,0,0,0,0,0,128,9,10,0,147,0,0,0,147
02/16/2021,MSY,LA,ASW,CE,Combined TRACON& Tower with Radar,95,18,22,0,135,0,5,3,2,10,95,23,25,2,145,0,0,0,145
02/17/2021,MSY,LA,ASW,CE,Combined TRACON& Tower with Radar,112,31,14,0,157,0,1,1,0,2,112,32,15,0,159,0,0,0,159
02/18/2021,MSY,LA,ASW,CE,Combined TRACON& Tower with Radar,157,28,24,4,213,0,0,0,0,0,157,28,24,4,213,0,0,0,213
02/19/2021,MSY,LA,ASW,CE,Combined TRACON& Tower with Radar,190,31,18,0,239,0,10,5,0,15,190,41,23,0,254,0,0,0,254
02/20/2021,MSY,LA,ASW,CE,Combined TRACON& Tower with Radar,148,12,24,0,184,0,3,3,0,6,148,15,27,0,190,0,0,0,190
02/21/2021,MSY,LA,ASW,CE,Combined TRACON& Tower with Radar,170,9,31,0,210,0,5,4,0,9,170,14,35,0,219,0,0,0,219
02/22/2021,MSY,LA,ASW,CE,Combined TRACON& Tower with Radar,173,14,31,0,218,0,16,8,0,24,173,30,39,0,242,0,0,0,242
02/23/2021,MSY,LA,ASW,CE,Combined TRACON& Tower with Radar,138,12,17,2,169,0,11,5,1,17,138,23,22,3,186,0,0,0,186
02/24/2021,MSY,LA,ASW,CE,Combined TRACON& Tower with Radar,140,18,12,0,170,0,8,7,1,16,140,26,19,1,186,0,0,0,186
02/25/2021,MSY,LA,ASW,CE,Combined TRACON& Tower with Radar,180,9,24,0,213,0,6,6,0,12,180,15,30,0,225,0,0,0,225
02/26/2021,MSY,LA,ASW,CE,Combined TRACON& Tower with Radar,185,13,25,0,223,0,1,1,1,3,185,14,26,1,226,0,0,0,226
02/27/2021,MSY,LA,ASW,CE,Combined TRACON& Tower with Radar,140,14,7,0,161,0,1,0,0,1,140,15,7,0,162,0,0,0,162
02/28/2021,MSY,LA,ASW,CE,Combined TRACON& Tower with Radar,173,13,12,0,198,0,5,3,0,8,173,18,15,0,206,0,0,0,206
03/01/2021,MSY,LA,ASW,CE,Combined TRACON& Tower with Radar,172,21,19,0,212,0,0,1,0,1,172,21,20,0,213,0,0,0,213
03/02/2021,MSY,LA,ASW,CE,Combined TRACON& Tower with Radar,146,10,20,2,178,0,0,0,0,0,146,10,20,2,178,0,0,0,178
03/03/2021,MSY,LA,ASW,CE,Combined TRACON& Tower with Radar,144,13,28,0,185,0,5,5,1,11,144,18,33,1,196,0,0,0,196
03/04/2021,MSY,LA,ASW,CE,Combined TRACON& Tower with Radar,191,11,32,0,234,0,11,7,2,20,191,22,39,2,254,0,0,0,254
03/05/2021,MSY,LA,ASW,CE,Combined TRACON& Tower with Radar,190,18,27,0,235,0,10,4,0,14,190,28,31,0,249,0,0,0,249
03/06/2021,MSY,LA,ASW,CE,Combined TRACON& Tower with Radar,160,11,9,0,180,0,6,3,1,10,160,17,12,1,190,0,0,0,190
03/07/2021,MSY,LA,ASW,CE,Combined TRACON& Tower with Radar,203,10,24,0,237,0,2,7,0,9,203,12,31,0,246,0,0,0,246
03/08/2021,MSY,LA,ASW,CE,Combined TRACON& Tower with Radar,201,6,29,0,236,0,10,7,0,17,201,16,36,0,253,0,0,0,253
03/09/2021,MSY,LA,ASW,CE,Combined TRACON& Tower with Radar,154,10,30,1,195,0,15,17,0,32,154,25,47,1,227,0,0,0,227
03/10/2021,MSY,LA,ASW,CE,Combined TRACON& Tower with Radar,156,12,13,0,181,1,14,4,0,19,157,26,17,0,200,0,0,0,200
03/11/2021,MSY,LA,ASW,CE,Combined TRACON& Tower with Radar,232,20,23,2,277,0,7,0,2,9,232,27,23,4,286,0,0,0,286
03/12/2021,MSY,LA,ASW,CE,Combined TRACON& Tower with Radar,226,17,22,2,267,0,7,0,0,7,226,24,22,2,274,0,0,0,274
03/13/2021,MSY,LA,ASW,CE,Combined TRACON& Tower with Radar,182,13,21,2,218,0,0,3,1,4,182,13,24,3,222,0,0,0,222
03/14/2021,MSY,LA,ASW,CE,Combined TRACON& Tower with Radar,208,14,22,1,245,0,0,4,0,4,208,14,26,1,249,0,0,0,249
03/15/2021,MSY,LA,ASW,CE,Combined TRACON& Tower with Radar,205,14,14,3,236,0,0,0,0,0,205,14,14,3,236,0,0,0,236
03/16/2021,MSY,LA,ASW,CE,Combined TRACON& Tower with Radar,194,15,23,0,232,0,10,0,7,17,194,25,23,7,249,0,0,0,249
03/17/2021,MSY,LA,ASW,CE,Combined TRACON& Tower with Radar,183,4,18,0,205,0,0,0,0,0,183,4,18,0,205,0,0,0,205
03/18/2021,MSY,LA,ASW,CE,Combined TRACON& Tower with Radar,229,15,27,2,273,0,14,3,0,17,229,29,30,2,290,0,0,0,290
03/19/2021,MSY,LA,ASW,CE,Combined TRACON& Tower with Radar,224,23,27,2,276,0,11,2,0,13,224,34,29,2,289,0,0,0,289
03/20/2021,MSY,LA,ASW,CE,Combined TRACON& Tower with Radar,197,11,16,0,224,0,5,4,0,9,197,16,20,0,233,0,0,0,233
03/21/2021,MSY,LA,ASW,CE,Combined TRACON& Tower with Radar,222,20,30,3,275,0,0,7,0,7,222,20,37,3,282,0,0,0,282
03/22/2021,MSY,LA,ASW,CE,Combined TRACON& Tower with Radar,213,11,25,0,249,0,11,3,0,14,213,22,28,0,263,0,0,0,263
03/23/2021,MSY,LA,ASW,CE,Combined TRACON& Tower with Radar,193,9,7,0,209,0,0,0,0,0,193,9,7,0,209,0,0,0,209
03/24/2021,MSY,LA,ASW,CE,Combined TRACON& Tower with Radar,195,14,17,0,226,0,0,0,0,0,195,14,17,0,226,0,0,0,226
03/25/2021,MSY,LA,ASW,CE,Combined TRACON& Tower with Radar,227,13,24,0,264,0,0,0,0,0,227,13,24,0,264,0,0,0,264
03/26/2021,MSY,LA,ASW,CE,Combined TRACON& Tower with Radar,224,16,32,0,272,0,1,3,0,4,224,17,35,0,276,0,0,0,276
03/27/2021,MSY,LA,ASW,CE,Combined TRACON& Tower with Radar,191,9,6,1,207,0,0,0,0,0,191,9,6,1,207,0,0,0,207
03/28/2021,MSY,LA,ASW,CE,Combined TRACON& Tower with Radar,222,17,25,0,264,0,2,0,0,2,222,19,25,0,266,0,0,0,266
03/29/2021,MSY,LA,ASW,CE,Combined TRACON& Tower with Radar,218,7,21,0,246,0,14,5,2,21,218,21,26,2,267,0,0,0,267
03/30/2021,MSY,LA,ASW,CE,Combined TRACON& Tower with Radar,197,11,22,2,232,0,2,3,0,5,197,13,25,2,237,0,0,0,237
03/31/2021,MSY,LA,ASW,CE,Combined TRACON& Tower with Radar,200,6,34,0,240,0,2,2,2,6,200,8,36,2,246,0,0,0,246
04/01/2021,MSY,LA,ASW,CE,Combined TRACON& Tower with Radar,233,26,14,0,273,0,7,8,0,15,233,33,22,0,288,0,0,0,288
04/02/2021,MSY,LA,ASW,CE,Combined TRACON& Tower with Radar,238,31,21,0,290,0,4,3,0,7,238,35,24,0,297,0,0,0,297
04/03/2021,MSY,LA,ASW,CE,Combined TRACON& Tower with Radar,202,12,7,0,221,0,1,8,0,9,202,13,15,0,230,0,0,0,230
04/04/2021,MSY,LA,ASW,CE,Combined TRACON& Tower with Radar,218,17,18,0,253,0,1,6,4,11,218,18,24,4,264,0,0,0,264
04/05/2021,MSY,LA,ASW,CE,Combined TRACON& Tower with Radar,220,28,20,0,268,0,10,8,0,18,220,38,28,0,286,0,0,0,286
04/06/2021,MSY,LA,ASW,CE,Combined TRACON& Tower with Radar,197,16,16,0,229,0,5,4,1,10,197,21,20,1,239,0,0,0,239
04/07/2021,MSY,LA,ASW,CE,Combined TRACON& Tower with Radar,196,7,18,5,226,0,10,6,3,19,196,17,24,8,245,0,0,0,245
04/08/2021,MSY,LA,ASW,CE,Combined TRACON& Tower with Radar,243,19,21,3,286,0,2,12,2,16,243,21,33,5,302,0,0,0,302
04/09/2021,MSY,LA,ASW,CE,Combined TRACON& Tower with Radar,233,18,24,2,277,0,3,3,0,6,233,21,27,2,283,0,0,0,283
04/10/2021,MSY,LA,ASW,CE,Combined TRACON& Tower with Radar,203,7,13,3,226,0,2,2,0,4,203,9,15,3,230,0,0,0,230
04/11/2021,MSY,LA,ASW,CE,Combined TRACON& Tower with Radar,215,25,21,0,261,0,2,11,0,13,215,27,32,0,274,0,0,0,274
04/12/2021,MSY,LA,ASW,CE,Combined TRACON& Tower with Radar,220,13,25,2,260,0,11,8,0,19,220,24,33,2,279,0,0,0,279
04/13/2021,MSY,LA,ASW,CE,Combined TRACON& Tower with Radar,183,11,15,0,209,0,4,0,0,4,183,15,15,0,213,0,0,0,213
04/14/2021,MSY,LA,ASW,CE,Combined TRACON& Tower with Radar,177,15,22,0,214,0,3,5,0,8,177,18,27,0,222,0,0,0,222
04/15/2021,MSY,LA,ASW,CE,Combined TRACON& Tower with Radar,238,15,32,4,289,0,2,0,0,2,238,17,32,4,291,0,0,0,291
04/16/2021,MSY,LA,ASW,CE,Combined TRACON& Tower with Radar,229,14,15,3,261,0,1,3,0,4,229,15,18,3,265,0,0,0,265
04/17/2021,MSY,LA,ASW,CE,Combined TRACON& Tower with Radar,192,6,8,1,207,0,0,0,0,0,192,6,8,1,207,0,0,0,207
04/18/2021,MSY,LA,ASW,CE,Combined TRACON& Tower with Radar,224,14,23,0,261,0,3,4,0,7,224,17,27,0,268,0,0,0,268
04/19/2021,MSY,LA,ASW,CE,Combined TRACON& Tower with Radar,219,17,16,0,252,0,17,3,0,20,219,34,19,0,272,0,0,0,272
04/20/2021,MSY,LA,ASW,CE,Combined TRACON& Tower with Radar,174,15,19,0,208,0,12,2,0,14,174,27,21,0,222,0,0,0,222
04/21/2021,MSY,LA,ASW,CE,Combined TRACON& Tower with Radar,176,7,24,1,208,0,15,7,0,22,176,22,31,1,230,0,0,0,230
04/22/2021,MSY,LA,ASW,CE,Combined TRACON& Tower with Radar,238,20,23,0,281,1,5,5,0,11,239,25,28,0,292,0,0,0,292
04/23/2021,MSY,LA,ASW,CE,Combined TRACON& Tower with Radar,221,22,24,0,267,0,5,0,0,5,221,27,24,0,272,0,0,0,272
04/24/2021,MSY,LA,ASW,CE,Combined TRACON& Tower with Radar,189,12,15,0,216,0,1,2,0,3,189,13,17,0,219,0,0,0,219
04/25/2021,MSY,LA,ASW,CE,Combined TRACON& Tower with Radar,228,25,35,0,288,0,2,14,0,16,228,27,49,0,304,0,0,0,304
04/26/2021,MSY,LA,ASW,CE,Combined TRACON& Tower with Radar,222,20,16,1,259,0,12,5,2,19,222,32,21,3,278,0,0,0,278
04/27/2021,MSY,LA,ASW,CE,Combined TRACON& Tower with Radar,178,13,16,1,208,0,13,2,0,15,178,26,18,1,223,0,0,0,223
04/28/2021,MSY,LA,ASW,CE,Combined TRACON& Tower with Radar,174,15,20,1,210,0,11,8,1,20,174,26,28,2,230,0,0,0,230
04/29/2021,MSY,LA,ASW,CE,Combined TRACON& Tower with Radar,236,12,13,2,263,0,4,9,2,15,236,16,22,4,278,0,0,0,278
04/30/2021,MSY,LA,ASW,CE,Combined TRACON& Tower with Radar,230,22,28,0,280,0,2,4,0,6,230,24,32,0,286,0,0,0,286
05/01/2021,MSY,LA,ASW,CE,Combined TRACON& Tower with Radar,195,12,17,2,226,0,1,8,1,10,195,13,25,3,236,0,0,0,236
05/02/2021,MSY,LA,ASW,CE,Combined TRACON& Tower with Radar,226,19,28,1,274,0,0,1,0,1,226,19,29,1,275,0,0,0,275
05/03/2021,MSY,LA,ASW,CE,Combined TRACON& Tower with Radar,213,15,10,3,241,0,0,0,0,0,213,15,10,3,241,0,0,0,241
05/04/2021,MSY,LA,ASW,CE,Combined TRACON& Tower with Radar,168,10,16,0,194,0,0,1,0,1,168,10,17,0,195,0,0,0,195
05/05/2021,MSY,LA,ASW,CE,Combined TRACON& Tower with Radar,182,14,26,1,223,0,0,1,1,2,182,14,27,2,225,0,0,0,225
05/06/2021,MSY,LA,ASW,CE,Combined TRACON& Tower with Radar,246,21,23,3,293,0,5,6,0,11,246,26,29,3,304,0,0,0,304
05/07/2021,MSY,LA,ASW,CE,Combined TRACON& Tower with Radar,239,20,24,2,285,0,11,2,0,13,239,31,26,2,298,0,0,0,298
05/08/2021,MSY,LA,ASW,CE,Combined TRACON& Tower with Radar,219,12,16,0,247,0,0,3,0,3,219,12,19,0,250,0,0,0,250
05/09/2021,MSY,LA,ASW,CE,Combined TRACON& Tower with Radar,239,18,14,0,271,0,2,7,0,9,239,20,21,0,280,0,0,0,280
05/10/2021,MSY,LA,ASW,CE,Combined TRACON& Tower with Radar,231,13,18,0,262,0,1,3,0,4,231,14,21,0,266,0,0,0,266
05/11/2021,MSY,LA,ASW,CE,Combined TRACON& Tower with Radar,216,13,18,4,251,0,2,2,0,4,216,15,20,4,255,0,0,0,255
05/12/2021,MSY,LA,ASW,CE,Combined TRACON& Tower with Radar,208,19,26,0,253,0,3,6,2,11,208,22,32,2,264,0,0,0,264
05/13/2021,MSY,LA,ASW,CE,Combined TRACON& Tower with Radar,252,11,35,0,298,0,16,2,0,18,252,27,37,0,316,0,0,0,316
05/14/2021,MSY,LA,ASW,CE,Combined TRACON& Tower with Radar,246,18,13,3,280,0,8,3,0,11,246,26,16,3,291,0,0,0,291
05/15/2021,MSY,LA,ASW,CE,Combined TRACON& Tower with Radar,221,8,14,0,243,0,2,10,0,12,221,10,24,0,255,0,0,0,255
05/16/2021,MSY,LA,ASW,CE,Combined TRACON& Tower with Radar,237,12,20,0,269,0,4,4,0,8,237,16,24,0,277,0,0,0,277
05/17/2021,MSY,LA,ASW,CE,Combined TRACON& Tower with Radar,237,12,15,0,264,0,4,1,0,5,237,16,16,0,269,0,0,0,269
05/18/2021,MSY,LA,ASW,CE,Combined TRACON& Tower with Radar,227,12,21,0,260,0,0,3,0,3,227,12,24,0,263,0,0,0,263
05/19/2021,MSY,LA,ASW,CE,Combined TRACON& Tower with Radar,218,15,39,2,274,0,0,3,0,3,218,15,42,2,277,0,0,0,277
05/20/2021,MSY,LA,ASW,CE,Combined TRACON& Tower with Radar,256,33,21,1,311,0,0,0,0,0,256,33,21,1,311,0,0,0,311
05/21/2021,MSY,LA,ASW,CE,Combined TRACON& Tower with Radar,259,23,26,2,310,0,0,4,4,8,259,23,30,6,318,0,0,0,318
05/22/2021,MSY,LA,ASW,CE,Combined TRACON& Tower with Radar,223,14,13,0,250,0,1,2,0,3,223,15,15,0,253,0,0,0,253
05/23/2021,MSY,LA,ASW,CE,Combined TRACON& Tower with Radar,247,21,23,0,291,0,2,5,1,8,247,23,28,1,299,0,0,0,299
05/24/2021,MSY,LA,ASW,CE,Combined TRACON& Tower with Radar,251,20,23,0,294,0,8,10,0,18,251,28,33,0,312,0,0,0,312
05/25/2021,MSY,LA,ASW,CE,Combined TRACON& Tower with Radar,227,15,21,0,263,0,9,9,0,18,227,24,30,0,281,0,0,0,281
05/26/2021,MSY,LA,ASW,CE,Combined TRACON& Tower with Radar,218,18,15,0,251,0,8,8,0,16,218,26,23,0,267,0,0,0,267
05/27/2021,MSY,LA,ASW,CE,Combined TRACON& Tower with Radar,254,14,33,0,301,0,6,1,0,7,254,20,34,0,308,0,0,0,308
05/28/2021,MSY,LA,ASW,CE,Combined TRACON& Tower with Radar,255,9,15,0,279,0,6,10,0,16,255,15,25,0,295,0,0,0,295
05/29/2021,MSY,LA,ASW,CE,Combined TRACON& Tower with Radar,228,10,7,0,245,0,2,2,1,5,228,12,9,1,250,0,0,0,250
05/30/2021,MSY,LA,ASW,CE,Combined TRACON& Tower with Radar,227,8,11,0,246,0,0,0,0,0,227,8,11,0,246,0,0,0,246
05/31/2021,MSY,LA,ASW,CE,Combined TRACON& Tower with Radar,241,11,16,0,268,0,1,3,0,4,241,12,19,0,272,0,0,0,272
06/01/2021,MSY,LA,ASW,CE,Combined TRACON& Tower with Radar,216,9,10,2,237,0,8,5,0,13,216,17,15,2,250,0,0,0,250
06/02/2021,MSY,LA,ASW,CE,Combined TRACON& Tower with Radar,227,11,16,4,258,0,11,4,0,15,227,22,20,4,273,0,0,0,273
06/03/2021,MSY,LA,ASW,CE,Combined TRACON& Tower with Radar,244,21,17,0,282,0,13,2,0,15,244,34,19,0,297,0,0,0,297
06/04/2021,MSY,LA,ASW,CE,Combined TRACON& Tower with Radar,247,24,25,0,296,0,5,1,0,6,247,29,26,0,302,0,0,0,302
06/05/2021,MSY,LA,ASW,CE,Combined TRACON& Tower with Radar,217,11,8,0,236,0,0,0,0,0,217,11,8,0,236,0,0,0,236
06/06/2021,MSY,LA,ASW,CE,Combined TRACON& Tower with Radar,252,15,26,0,293,0,2,2,0,4,252,17,28,0,297,0,0,0,297
06/07/2021,MSY,LA,ASW,CE,Combined TRACON& Tower with Radar,251,18,22,0,291,0,8,0,0,8,251,26,22,0,299,0,0,0,299
06/08/2021,MSY,LA,ASW,CE,Combined TRACON& Tower with Radar,245,17,14,0,276,0,11,2,0,13,245,28,16,0,289,0,0,0,289
06/09/2021,MSY,LA,ASW,CE,Combined TRACON& Tower with Radar,238,13,28,0,279,0,10,5,0,15,238,23,33,0,294,0,0,0,294
06/10/2021,MSY,LA,ASW,CE,Combined TRACON& Tower with Radar,267,19,31,0,317,0,10,7,0,17,267,29,38,0,334,0,0,0,334
06/11/2021,MSY,LA,ASW,CE,Combined TRACON& Tower with Radar,277,21,26,2,326,0,8,2,0,10,277,29,28,2,336,0,0,0,336
06/12/2021,MSY,LA,ASW,CE,Combined TRACON& Tower with Radar,206,4,19,2,231,0,1,4,0,5,206,5,23,2,236,0,0,0,236
06/13/2021,MSY,LA,ASW,CE,Combined TRACON& Tower with Radar,241,16,20,1,278,0,2,5,0,7,241,18,25,1,285,0,0,0,285
06/14/2021,MSY,LA,ASW,CE,Combined TRACON& Tower with Radar,249,10,24,0,283,0,12,3,2,17,249,22,27,2,300,0,0,0,300
06/15/2021,MSY,LA,ASW,CE,Combined TRACON& Tower with Radar,239,15,22,0,276,0,11,8,0,19,239,26,30,0,295,0,0,0,295
06/16/2021,MSY,LA,ASW,CE,Combined TRACON& Tower with Radar,248,10,34,1,293,0,18,5,0,23,248,28,39,1,316,0,0,0,316
06/17/2021,MSY,LA,ASW,CE,Combined TRACON& Tower with Radar,268,25,35,2,330,0,6,6,0,12,268,31,41,2,342,0,0,0,342
06/18/2021,MSY,LA,ASW,CE,Combined TRACON& Tower with Radar,270,5,25,3,303,0,0,0,0,0,270,5,25,3,303,0,0,0,303
06/19/2021,MSY,LA,ASW,CE,Combined TRACON& Tower with Radar,205,8,22,0,235,0,2,0,0,2,205,10,22,0,237,0,0,0,237
06/20/2021,MSY,LA,ASW,CE,Combined TRACON& Tower with Radar,239,15,14,1,269,0,2,3,0,5,239,17,17,1,274,0,0,0,274
06/21/2021,MSY,LA,ASW,CE,Combined TRACON& Tower with Radar,248,12,23,0,283,0,0,1,0,1,248,12,24,0,284,0,0,0,284
06/22/2021,MSY,LA,ASW,CE,Combined TRACON& Tower with Radar,247,10,15,2,274,0,0,1,1,2,247,10,16,3,276,0,0,0,276
06/23/2021,MSY,LA,ASW,CE,Combined TRACON& Tower with Radar,248,10,24,1,283,0,5,0,0,5,248,15,24,1,288,0,0,0,288
06/24/2021,MSY,LA,ASW,CE,Combined TRACON& Tower with Radar,258,25,14,0,297,0,3,0,0,3,258,28,14,0,300,0,0,0,300
06/25/2021,MSY,LA,ASW,CE,Combined TRACON& Tower with Radar,266,15,14,0,295,0,2,1,0,3,266,17,15,0,298,0,0,0,298
06/26/2021,MSY,LA,ASW,CE,Combined TRACON& Tower with Radar,200,12,10,1,223,0,0,4,1,5,200,12,14,2,228,0,0,0,228
06/27/2021,MSY,LA,ASW,CE,Combined TRACON& Tower with Radar,240,15,14,1,270,0,4,1,0,5,240,19,15,1,275,0,0,0,275
06/28/2021,MSY,LA,ASW,CE,Combined TRACON& Tower with Radar,248,13,22,1,284,0,4,2,0,6,248,17,24,1,290,0,0,0,290
06/29/2021,MSY,LA,ASW,CE,Combined TRACON& Tower with Radar,239,15,18,1,273,0,9,6,0,15,239,24,24,1,288,0,0,0,288
06/30/2021,MSY,LA,ASW,CE,Combined TRACON& Tower with Radar,249,20,15,0,284,0,17,2,1,20,249,37,17,1,304,0,0,0,304
07/01/2021,MSY,LA,ASW,CE,Combined TRACON& Tower with Radar,253,21,16,5,295,0,13,3,2,18,253,34,19,7,313,0,0,0,313
07/02/2021,MSY,LA,ASW,CE,Combined TRACON& Tower with Radar,263,10,23,0,296,0,4,4,3,11,263,14,27,3,307,0,0,0,307
07/03/2021,MSY,LA,ASW,CE,Combined TRACON& Tower with Radar,204,11,5,0,220,0,0,0,0,0,204,11,5,0,220,0,0,0,220
07/04/2021,MSY,LA,ASW,CE,Combined TRACON& Tower with Radar,224,4,11,0,239,0,0,0,0,0,224,4,11,0,239,0,0,0,239
07/05/2021,MSY,LA,ASW,CE,Combined TRACON& Tower with Radar,259,13,10,2,284,0,0,1,0,1,259,13,11,2,285,0,0,0,285
07/06/2021,MSY,LA,ASW,CE,Combined TRACON& Tower with Radar,238,12,16,0,266,0,2,3,1,6,238,14,19,1,272,0,0,0,272
07/07/2021,MSY,LA,ASW,CE,Combined TRACON& Tower with Radar,237,15,17,0,269,0,4,0,0,4,237,19,17,0,273,0,0,0,273
07/08/2021,MSY,LA,ASW,CE,Combined TRACON& Tower with Radar,257,13,28,12,310,0,14,2,0,16,257,27,30,12,326,0,0,0,326
07/09/2021,MSY,LA,ASW,CE,Combined TRACON& Tower with Radar,276,13,17,0,306,0,2,1,0,3,276,15,18,0,309,0,0,0,309
07/10/2021,MSY,LA,ASW,CE,Combined TRACON& Tower with Radar,212,16,24,1,253,0,0,3,0,3,212,16,27,1,256,0,0,0,256
07/11/2021,MSY,LA,ASW,CE,Combined TRACON& Tower with Radar,201,16,29,2,248,0,1,6,0,7,201,17,35,2,255,0,0,0,255
07/12/2021,MSY,LA,ASW,CE,Combined TRACON& Tower with Radar,261,14,24,0,299,0,6,1,2,9,261,20,25,2,308,0,0,0,308
07/13/2021,MSY,LA,ASW,CE,Combined TRACON& Tower with Radar,245,19,24,0,288,0,11,5,0,16,245,30,29,0,304,0,0,0,304
07/14/2021,MSY,LA,ASW,CE,Combined TRACON& Tower with Radar,246,20,31,1,298,0,6,3,0,9,246,26,34,1,307,0,0,0,307
07/15/2021,MSY,LA,ASW,CE,Combined TRACON& Tower with Radar,275,15,26,0,316,0,7,3,1,11,275,22,29,1,327,0,0,0,327
07/16/2021,MSY,LA,ASW,CE,Combined TRACON& Tower with Radar,292,12,28,4,336,0,9,3,0,12,292,21,31,4,348,0,0,0,348
07/17/2021,MSY,LA,ASW,CE,Combined TRACON& Tower with Radar,210,11,16,1,238,0,0,8,1,9,210,11,24,2,247,0,0,0,247
07/18/2021,MSY,LA,ASW,CE,Combined TRACON& Tower with Radar,244,17,13,1,275,0,0,7,0,7,244,17,20,1,282,0,0,0,282
07/19/2021,MSY,LA,ASW,CE,Combined TRACON& Tower with Radar,281,16,38,0,335,0,10,4,0,14,281,26,42,0,349,0,0,0,349
07/20/2021,MSY,LA,ASW,CE,Combined TRACON& Tower with Radar,247,8,19,0,274,0,1,1,2,4,247,9,20,2,278,0,0,0,278
07/21/2021,MSY,LA,ASW,CE,Combined TRACON& Tower with Radar,248,12,27,0,287,0,4,0,0,4,248,16,27,0,291,0,0,0,291
07/22/2021,MSY,LA,ASW,CE,Combined TRACON& Tower with Radar,277,7,34,0,318,0,7,4,0,11,277,14,38,0,329,0,0,0,329
07/23/2021,MSY,LA,ASW,CE,Combined TRACON& Tower with Radar,297,13,17,4,331,0,4,7,0,11,297,17,24,4,342,0,0,0,342
07/24/2021,MSY,LA,ASW,CE,Combined TRACON& Tower with Radar,211,13,7,0,231,0,2,2,0,4,211,15,9,0,235,0,0,0,235
07/25/2021,MSY,LA,ASW,CE,Combined TRACON& Tower with Radar,256,10,18,0,284,0,0,5,0,5,256,10,23,0,289,0,0,0,289
07/26/2021,MSY,LA,ASW,CE,Combined TRACON& Tower with Radar,277,13,21,0,311,0,14,8,0,22,277,27,29,0,333,0,0,0,333
07/27/2021,MSY,LA,ASW,CE,Combined TRACON& Tower with Radar,248,18,24,0,290,0,10,4,0,14,248,28,28,0,304,0,0,0,304
07/28/2021,MSY,LA,ASW,CE,Combined TRACON& Tower with Radar,249,13,25,0,287,0,8,4,2,14,249,21,29,2,301,0,0,0,301
07/29/2021,MSY,LA,ASW,CE,Combined TRACON& Tower with Radar,275,16,21,0,312,0,14,4,1,19,275,30,25,1,331,0,0,0,331
07/30/2021,MSY,LA,ASW,CE,Combined TRACON& Tower with Radar,287,9,20,0,316,0,7,3,1,11,287,16,23,1,327,0,0,0,327
07/31/2021,MSY,LA,ASW,CE,Combined TRACON& Tower with Radar,196,14,19,0,229,0,4,2,0,6,196,18,21,0,235,0,0,0,235
08/01/2021,MSY,LA,ASW,CE,Combined TRACON& Tower with Radar,232,24,21,0,277,0,2,4,0,6,232,26,25,0,283,0,0,0,283
08/02/2021,MSY,LA,ASW,CE,Combined TRACON& Tower with Radar,258,11,18,0,287,0,0,4,0,4,258,11,22,0,291,0,0,0,291
08/03/2021,MSY,LA,ASW,CE,Combined TRACON& Tower with Radar,240,5,7,0,252,0,2,3,0,5,240,7,10,0,257,0,0,0,257
08/04/2021,MSY,LA,ASW,CE,Combined TRACON& Tower with Radar,241,14,11,0,266,0,1,11,0,12,241,15,22,0,278,0,0,0,278
08/05/2021,MSY,LA,ASW,CE,Combined TRACON& Tower with Radar,264,12,12,0,288,0,15,1,3,19,264,27,13,3,307,0,0,0,307
08/06/2021,MSY,LA,ASW,CE,Combined TRACON& Tower with Radar,268,17,15,0,300,1,11,5,0,17,269,28,20,0,317,0,0,0,317
08/07/2021,MSY,LA,ASW,CE,Combined TRACON& Tower with Radar,214,7,19,2,242,0,1,8,2,11,214,8,27,4,253,0,0,0,253
08/08/2021,MSY,LA,ASW,CE,Combined TRACON& Tower with Radar,249,14,29,0,292,0,2,5,0,7,249,16,34,0,299,0,0,0,299
08/09/2021,MSY,LA,ASW,CE,Combined TRACON& Tower with Radar,277,12,27,0,316,0,12,4,0,16,277,24,31,0,332,0,0,0,332
08/10/2021,MSY,LA,ASW,CE,Combined TRACON& Tower with Radar,241,10,21,0,272,0,6,6,2,14,241,16,27,2,286,0,0,0,286
08/11/2021,MSY,LA,ASW,CE,Combined TRACON& Tower with Radar,240,12,15,0,267,0,8,5,2,15,240,20,20,2,282,0,0,0,282
08/12/2021,MSY,LA,ASW,CE,Combined TRACON& Tower with Radar,274,11,27,0,312,0,2,2,0,4,274,13,29,0,316,0,0,0,316
08/13/2021,MSY,LA,ASW,CE,Combined TRACON& Tower with Radar,296,10,20,4,330,0,5,3,0,8,296,15,23,4,338,0,0,0,338
08/14/2021,MSY,LA,ASW,CE,Combined TRACON& Tower with Radar,200,13,13,0,226,0,0,5,0,5,200,13,18,0,231,0,0,0,231
08/15/2021,MSY,LA,ASW,CE,Combined TRACON& Tower with Radar,251,12,30,0,293,0,5,2,0,7,251,17,32,0,300,0,0,0,300
08/16/2021,MSY,LA,ASW,CE,Combined TRACON& Tower with Radar,281,10,26,0,317,0,10,6,0,16,281,20,32,0,333,0,0,0,333
08/17/2021,MSY,LA,ASW,CE,Combined TRACON& Tower with Radar,225,14,30,4,273,0,14,7,2,23,225,28,37,6,296,0,0,0,296
08/18/2021,MSY,LA,ASW,CE,Combined TRACON& Tower with Radar,230,12,30,0,272,0,11,2,0,13,230,23,32,0,285,0,0,0,285
08/19/2021,MSY,LA,ASW,CE,Combined TRACON& Tower with Radar,270,27,18,2,317,0,10,5,0,15,270,37,23,2,332,0,0,0,332
08/20/2021,MSY,LA,ASW,CE,Combined TRACON& Tower with Radar,277,20,19,2,318,0,14,4,0,18,277,34,23,2,336,0,0,0,336
08/21/2021,MSY,LA,ASW,CE,Combined TRACON& Tower with Radar,187,11,14,0,212,0,6,11,2,19,187,17,25,2,231,0,0,0,231
08/22/2021,MSY,LA,ASW,CE,Combined TRACON& Tower with Radar,247,13,13,0,273,0,3,7,0,10,247,16,20,0,283,0,0,0,283
08/23/2021,MSY,LA,ASW,CE,Combined TRACON& Tower with Radar,264,12,24,3,303,0,11,4,0,15,264,23,28,3,318,0,0,0,318
08/24/2021,MSY,LA,ASW,CE,Combined TRACON& Tower with Radar,227,11,16,0,254,0,5,2,0,7,227,16,18,0,261,0,0,0,261
08/25/2021,MSY,LA,ASW,CE,Combined TRACON& Tower with Radar,226,4,24,0,254,0,5,5,0,10,226,9,29,0,264,0,0,0,264
08/26/2021,MSY,LA,ASW,CE,Combined TRACON& Tower with Radar,278,10,8,0,296,0,7,2,0,9,278,17,10,0,305,0,0,0,305
08/27/2021,MSY,LA,ASW,CE,Combined TRACON& Tower with Radar,280,28,26,2,336,0,3,1,0,4,280,31,27,2,340,0,0,0,340
08/28/2021,MSY,LA,ASW,CE,Combined TRACON& Tower with Radar,180,62,68,0,310,0,2,7,0,9,180,64,75,0,319,0,0,0,319
08/29/2021,MSY,LA,ASW,CE,Combined TRACON& Tower with Radar,0,0,1,0,1,0,0,1,0,1,0,0,2,0,2,0,0,0,2
08/30/2021,MSY,LA,ASW,CE,Combined TRACON& Tower with Radar,0,0,2,0,2,0,0,2,0,2,0,0,4,0,4,0,0,0,4
08/31/2021,MSY,LA,ASW,CE,Combined TRACON& Tower with Radar,2,2,28,0,32,0,0,9,1,10,2,2,37,1,42,0,0,0,42
09/01/2021,MSY,LA,ASW,CE,Combined TRACON& Tower with Radar,4,6,50,1,61,0,4,23,7,34,4,10,73,8,95,0,0,0,95
09/02/2021,MSY,LA,ASW,CE,Combined TRACON& Tower with Radar,8,21,32,1,62,0,17,8,16,41,8,38,40,17,103,0,0,0,103
09/03/2021,MSY,LA,ASW,CE,Combined TRACON& Tower with Radar,14,8,6,4,32,0,7,2,7,16,14,15,8,11,48,0,0,0,48
09/04/2021,MSY,LA,ASW,CE,Combined TRACON& Tower with Radar,40,2,12,0,54,0,0,12,6,18,40,2,24,6,72,0,0,0,72
09/05/2021,MSY,LA,ASW,CE,Combined TRACON& Tower with Radar,54,2,7,0,63,0,2,15,11,28,54,4,22,11,91,0,0,0,91
09/06/2021,MSY,LA,ASW,CE,Combined TRACON& Tower with Radar,90,6,11,0,107,0,2,4,0,6,90,8,15,0,113,0,0,0,113
09/07/2021,MSY,LA,ASW,CE,Combined TRACON& Tower with Radar,81,14,21,0,116,0,0,9,1,10,81,14,30,1,126,0,0,0,126
09/08/2021,MSY,LA,ASW,CE,Combined TRACON& Tower with Radar,100,20,42,0,162,0,1,5,1,7,100,21,47,1,169,0,0,0,169
09/09/2021,MSY,LA,ASW,CE,Combined TRACON& Tower with Radar,140,13,21,0,174,0,0,4,0,4,140,13,25,0,178,0,0,0,178
09/10/2021,MSY,LA,ASW,CE,Combined TRACON& Tower with Radar,139,13,31,0,183,0,2,3,0,5,139,15,34,0,188,0,0,0,188
09/11/2021,MSY,LA,ASW,CE,Combined TRACON& Tower with Radar,114,21,11,2,148,0,2,4,0,6,114,23,15,2,154,0,0,0,154
09/12/2021,MSY,LA,ASW,CE,Combined TRACON& Tower with Radar,142,14,19,0,175,0,3,1,1,5,142,17,20,1,180,0,0,0,180
09/13/2021,MSY,LA,ASW,CE,Combined TRACON& Tower with Radar,140,12,27,0,179,0,3,4,0,7,140,15,31,0,186,0,0,0,186
09/14/2021,MSY,LA,ASW,CE,Combined TRACON& Tower with Radar,111,9,8,2,130,0,0,0,0,0,111,9,8,2,130,0,0,0,130
09/15/2021,MSY,LA,ASW,CE,Combined TRACON& Tower with Radar,145,7,25,0,177,0,2,0,0,2,145,9,25,0,179,0,0,0,179
09/16/2021,MSY,LA,ASW,CE,Combined TRACON& Tower with Radar,173,9,16,4,202,0,1,0,0,1,173,10,16,4,203,0,0,0,203
09/17/2021,MSY,LA,ASW,CE,Combined TRACON& Tower with Radar,170,9,16,0,195,0,6,1,0,7,170,15,17,0,202,0,0,0,202
09/18/2021,MSY,LA,ASW,CE,Combined TRACON& Tower with Radar,137,9,7,0,153,0,3,2,0,5,137,12,9,0,158,0,0,0,158
09/19/2021,MSY,LA,ASW,CE,Combined TRACON& Tower with Radar,160,13,24,0,197,0,0,4,0,4,160,13,28,0,201,0,0,0,201
09/20/2021,MSY,LA,ASW,CE,Combined TRACON& Tower with Radar,164,5,21,0,190,0,7,3,1,11,164,12,24,1,201,0,0,0,201
09/21/2021,MSY,LA,ASW,CE,Combined TRACON& Tower with Radar,139,24,25,0,188,0,16,2,0,18,139,40,27,0,206,0,0,0,206
09/22/2021,MSY,LA,ASW,CE,Combined TRACON& Tower with Radar,142,5,19,2,168,0,23,7,0,30,142,28,26,2,198,0,0,0,198
09/23/2021,MSY,LA,ASW,CE,Combined TRACON& Tower with Radar,168,14,23,0,205,0,17,3,0,20,168,31,26,0,225,0,0,0,225
09/24/2021,MSY,LA,ASW,CE,Combined TRACON& Tower with Radar,176,20,27,0,223,0,7,21,4,32,176,27,48,4,255,0,0,0,255
09/25/2021,MSY,LA,ASW,CE,Combined TRACON& Tower with Radar,140,6,9,2,157,0,3,2,0,5,140,9,11,2,162,0,0,0,162
09/26/2021,MSY,LA,ASW,CE,Combined TRACON& Tower with Radar,177,11,24,0,212,0,0,7,0,7,177,11,31,0,219,0,0,0,219
09/27/2021,MSY,LA,ASW,CE,Combined TRACON& Tower with Radar,170,16,23,0,209,0,10,3,0,13,170,26,26,0,222,0,0,0,222
09/28/2021,MSY,LA,ASW,CE,Combined TRACON& Tower with Radar,147,10,20,2,179,0,4,0,0,4,147,14,20,2,183,0,0,0,183
09/29/2021,MSY,LA,ASW,CE,Combined TRACON& Tower with Radar,151,9,22,3,185,0,0,0,1,1,151,9,22,4,186,0,0,0,186
09/30/2021,MSY,LA,ASW,CE,Combined TRACON& Tower with Radar,179,18,18,0,215,0,7,2,0,9,179,25,20,0,224,0,0,0,224
10/01/2021,MSY,LA,ASW,CE,Combined TRACON& Tower with Radar,190,16,24,0,230,0,6,2,0,8,190,22,26,0,238,0,0,0,238
10/02/2021,MSY,LA,ASW,CE,Combined TRACON& Tower with Radar,153,18,6,2,179,0,0,3,0,3,153,18,9,2,182,0,0,0,182
10/03/2021,MSY,LA,ASW,CE,Combined TRACON& Tower with Radar,250,17,23,1,291,0,1,6,2,9,250,18,29,3,300,0,0,0,300
10/04/2021,MSY,LA,ASW,CE,Combined TRACON& Tower with Radar,233,12,19,0,264,0,22,1,0,23,233,34,20,0,287,0,0,0,287
10/05/2021,MSY,LA,ASW,CE,Combined TRACON& Tower with Radar,209,12,16,0,237,0,17,17,0,34,209,29,33,0,271,0,0,0,271
10/06/2021,MSY,LA,ASW,CE,Combined TRACON& Tower with Radar,231,15,28,0,274,0,18,4,2,24,231,33,32,2,298,0,0,0,298
10/07/2021,MSY,LA,ASW,CE,Combined TRACON& Tower with Radar,292,18,28,0,338,0,16,1,0,17,292,34,29,0,355,0,0,0,355
10/08/2021,MSY,LA,ASW,CE,Combined TRACON& Tower with Radar,280,13,21,0,314,0,5,3,0,8,280,18,24,0,322,0,0,0,322
10/09/2021,MSY,LA,ASW,CE,Combined TRACON& Tower with Radar,203,6,15,0,224,0,0,5,0,5,203,6,20,0,229,0,0,0,229
10/10/2021,MSY,LA,ASW,CE,Combined TRACON& Tower with Radar,266,17,31,1,315,0,1,3,0,4,266,18,34,1,319,0,0,0,319
10/11/2021,MSY,LA,ASW,CE,Combined TRACON& Tower with Radar,275,12,17,1,305,0,2,10,0,12,275,14,27,1,317,0,0,0,317
10/12/2021,MSY,LA,ASW,CE,Combined TRACON& Tower with Radar,243,16,22,0,281,0,18,3,1,22,243,34,25,1,303,0,0,0,303
10/13/2021,MSY,LA,ASW,CE,Combined TRACON& Tower with Radar,236,14,26,0,276,0,16,4,2,22,236,30,30,2,298,0,0,0,298
10/14/2021,MSY,LA,ASW,CE,Combined TRACON& Tower with Radar,299,21,29,2,351,1,13,0,1,15,300,34,29,3,366,0,0,0,366
10/15/2021,MSY,LA,ASW,CE,Combined TRACON& Tower with Radar,291,16,21,0,328,0,18,2,0,20,291,34,23,0,348,0,0,0,348
10/16/2021,MSY,LA,ASW,CE,Combined TRACON& Tower with Radar,217,12,12,0,241,0,4,7,0,11,217,16,19,0,252,0,0,0,252
10/17/2021,MSY,LA,ASW,CE,Combined TRACON& Tower with Radar,295,21,27,0,343,0,1,4,0,5,295,22,31,0,348,0,0,0,348
10/18/2021,MSY,LA,ASW,CE,Combined TRACON& Tower with Radar,281,16,18,0,315,0,26,6,6,38,281,42,24,6,353,0,0,0,353
10/19/2021,MSY,LA,ASW,CE,Combined TRACON& Tower with Radar,238,6,28,0,272,0,17,0,2,19,238,23,28,2,291,0,0,0,291
10/20/2021,MSY,LA,ASW,CE,Combined TRACON& Tower with Radar,251,9,14,0,274,0,0,3,0,3,251,9,17,0,277,0,0,0,277
10/21/2021,MSY,LA,ASW,CE,Combined TRACON& Tower with Radar,303,10,29,0,342,0,2,5,1,8,303,12,34,1,350,0,0,0,350
10/22/2021,MSY,LA,ASW,CE,Combined TRACON& Tower with Radar,293,21,28,2,344,0,9,7,0,16,293,30,35,2,360,0,0,0,360
10/23/2021,MSY,LA,ASW,CE,Combined TRACON& Tower with Radar,223,11,13,0,247,0,3,8,2,13,223,14,21,2,260,0,0,0,260
10/24/2021,MSY,LA,ASW,CE,Combined TRACON& Tower with Radar,291,21,24,0,336,0,0,2,3,5,291,21,26,3,341,0,0,0,341
10/25/2021,MSY,LA,ASW,CE,Combined TRACON& Tower with Radar,279,10,25,2,316,0,0,3,1,4,279,10,28,3,320,0,0,0,320
10/26/2021,MSY,LA,ASW,CE,Combined TRACON& Tower with Radar,253,16,35,0,304,0,16,6,0,22,253,32,41,0,326,0,0,0,326
10/27/2021,MSY,LA,ASW,CE,Combined TRACON& Tower with Radar,241,7,20,0,268,0,0,2,1,3,241,7,22,1,271,0,0,0,271
10/28/2021,MSY,LA,ASW,CE,Combined TRACON& Tower with Radar,293,20,35,2,350,0,3,2,0,5,293,23,37,2,355,0,0,0,355
10/29/2021,MSY,LA,ASW,CE,Combined TRACON& Tower with Radar,298,23,22,2,345,0,4,1,0,5,298,27,23,2,350,0,0,0,350
10/30/2021,MSY,LA,ASW,CE,Combined TRACON& Tower with Radar,208,17,20,0,245,0,0,7,0,7,208,17,27,0,252,0,0,0,252
10/31/2021,MSY,LA,ASW,CE,Combined TRACON& Tower with Radar,254,32,20,0,306,0,1,3,0,4,254,33,23,0,310,0,0,0,310
11/01/2021,MSY,LA,ASW,CE,Combined TRACON& Tower with Radar,278,17,23,0,318,0,7,7,1,15,278,24,30,1,333,0,0,0,333
11/02/2021,MSY,LA,ASW,CE,Combined TRACON& Tower with Radar,239,16,10,2,267,0,18,11,0,29,239,34,21,2,296,0,0,0,296
11/03/2021,MSY,LA,ASW,CE,Combined TRACON& Tower with Radar,246,20,18,0,284,0,17,3,3,23,246,37,21,3,307,0,0,0,307
11/04/2021,MSY,LA,ASW,CE,Combined TRACON& Tower with Radar,305,36,34,4,379,0,5,1,0,6,305,41,35,4,385,0,0,0,385
11/05/2021,MSY,LA,ASW,CE,Combined TRACON& Tower with Radar,302,19,38,1,360,0,0,1,0,1,302,19,39,1,361,0,0,0,361
11/06/2021,MSY,LA,ASW,CE,Combined TRACON& Tower with Radar,220,13,12,0,245,0,1,0,0,1,220,14,12,0,246,0,0,0,246
11/07/2021,MSY,LA,ASW,CE,Combined TRACON& Tower with Radar,288,19,43,0,350,0,0,5,0,5,288,19,48,0,355,0,0,0,355
11/08/2021,MSY,LA,ASW,CE,Combined TRACON& Tower with Radar,298,17,27,0,342,0,12,6,1,19,298,29,33,1,361,0,0,0,361
11/09/2021,MSY,LA,ASW,CE,Combined TRACON& Tower with Radar,248,7,29,4,288,0,17,6,0,23,248,24,35,4,311,0,0,0,311
11/10/2021,MSY,LA,ASW,CE,Combined TRACON& Tower with Radar,246,17,21,0,284,0,16,3,4,23,246,33,24,4,307,0,0,0,307
11/11/2021,MSY,LA,ASW,CE,Combined TRACON& Tower with Radar,321,32,34,3,390,0,0,5,0,5,321,32,39,3,395,0,0,0,395
11/12/2021,MSY,LA,ASW,CE,Combined TRACON& Tower with Radar,315,25,23,1,364,0,10,6,0,16,315,35,29,1,380,0,0,0,380
11/13/2021,MSY,LA,ASW,CE,Combined TRACON& Tower with Radar,233,20,13,0,266,0,0,4,0,4,233,20,17,0,270,0,0,0,270
11/14/2021,MSY,LA,ASW,CE,Combined TRACON& Tower with Radar,295,36,43,0,374,0,1,7,0,8,295,37,50,0,382,0,0,0,382
11/15/2021,MSY,LA,ASW,CE,Combined TRACON& Tower with Radar,296,8,25,0,329,0,15,5,0,20,296,23,30,0,349,0,0,0,349
11/16/2021,MSY,LA,ASW,CE,Combined TRACON& Tower with Radar,245,17,42,2,306,0,25,5,0,30,245,42,47,2,336,0,0,0,336
11/17/2021,MSY,LA,ASW,CE,Combined TRACON& Tower with Radar,267,26,38,2,333,0,7,8,0,15,267,33,46,2,348,0,0,0,348
11/18/2021,MSY,LA,ASW,CE,Combined TRACON& Tower with Radar,318,18,18,0,354,0,0,0,0,0,318,18,18,0,354,0,0,0,354
11/19/2021,MSY,LA,ASW,CE,Combined TRACON& Tower with Radar,315,12,21,0,348,0,5,4,0,9,315,17,25,0,357,0,0,0,357
11/20/2021,MSY,LA,ASW,CE,Combined TRACON& Tower with Radar,251,12,9,0,272,0,0,2,0,2,251,12,11,0,274,0,0,0,274
11/21/2021,MSY,LA,ASW,CE,Combined TRACON& Tower with Radar,298,16,20,2,336,0,0,5,0,5,298,16,25,2,341,0,0,0,341
11/22/2021,MSY,LA,ASW,CE,Combined TRACON& Tower with Radar,295,13,25,0,333,0,1,1,0,2,295,14,26,0,335,0,0,0,335
11/23/2021,MSY,LA,ASW,CE,Combined TRACON& Tower with Radar,307,12,15,3,337,0,6,4,1,11,307,18,19,4,348,0,0,0,348
11/24/2021,MSY,LA,ASW,CE,Combined TRACON& Tower with Radar,316,17,25,1,359,0,15,8,0,23,316,32,33,1,382,0,0,0,382
11/25/2021,MSY,LA,ASW,CE,Combined TRACON& Tower with Radar,196,5,8,0,209,0,0,4,0,4,196,5,12,0,213,0,0,0,213
11/26/2021,MSY,LA,ASW,CE,Combined TRACON& Tower with Radar,241,14,15,0,270,0,5,9,0,14,241,19,24,0,284,0,0,0,284
11/27/2021,MSY,LA,ASW,CE,Combined TRACON& Tower with Radar,265,13,19,0,297,0,1,7,0,8,265,14,26,0,305,0,0,0,305
11/28/2021,MSY,LA,ASW,CE,Combined TRACON& Tower with Radar,305,20,31,0,356,0,1,2,0,3,305,21,33,0,359,0,0,0,359
11/29/2021,MSY,LA,ASW,CE,Combined TRACON& Tower with Radar,301,15,19,0,335,0,14,5,0,19,301,29,24,0,354,0,0,0,354
11/30/2021,MSY,LA,ASW,CE,Combined TRACON& Tower with Radar,290,26,17,1,334,0,21,6,1,28,290,47,23,2,362,0,0,0,362
12/01/2021,MSY,LA,ASW,CE,Combined TRACON& Tower with Radar,252,16,41,0,309,0,15,6,0,21,252,31,47,0,330,0,0,0,330
12/02/2021,MSY,LA,ASW,CE,Combined TRACON& Tower with Radar,296,28,47,0,371,0,13,2,0,15,296,41,49,0,386,0,0,0,386
12/03/2021,MSY,LA,ASW,CE,Combined TRACON& Tower with Radar,286,28,44,0,358,0,2,6,0,8,286,30,50,0,366,0,0,0,366
12/04/2021,MSY,LA,ASW,CE,Combined TRACON& Tower with Radar,229,17,12,0,258,0,0,4,0,4,229,17,16,0,262,0,0,0,262
12/05/2021,MSY,LA,ASW,CE,Combined TRACON& Tower with Radar,278,13,32,1,324,0,1,7,0,8,278,14,39,1,332,0,0,0,332
12/06/2021,MSY,LA,ASW,CE,Combined TRACON& Tower with Radar,273,19,15,0,307,0,1,2,0,3,273,20,17,0,310,0,0,0,310
12/07/2021,MSY,LA,ASW,CE,Combined TRACON& Tower with Radar,140,9,18,2,169,0,0,0,0,0,140,9,18,2,169,0,0,0,169
12/08/2021,MSY,LA,ASW,CE,Combined TRACON& Tower with Radar,220,20,28,0,268,0,2,0,0,2,220,22,28,0,270,0,0,0,270
12/09/2021,MSY,LA,ASW,CE,Combined TRACON& Tower with Radar,279,17,33,2,331,0,0,2,0,2,279,17,35,2,333,0,0,0,333
12/10/2021,MSY,LA,ASW,CE,Combined TRACON& Tower with Radar,296,18,24,3,341,0,0,0,0,0,296,18,24,3,341,0,0,0,341
12/11/2021,MSY,LA,ASW,CE,Combined TRACON& Tower with Radar,256,13,9,1,279,0,1,1,0,2,256,14,10,1,281,0,0,0,281
12/12/2021,MSY,LA,ASW,CE,Combined TRACON& Tower with Radar,285,20,29,0,334,0,0,5,1,6,285,20,34,1,340,0,0,0,340
12/13/2021,MSY,LA,ASW,CE,Combined TRACON& Tower with Radar,269,23,22,0,314,0,18,3,0,21,269,41,25,0,335,0,0,0,335
12/14/2021,MSY,LA,ASW,CE,Combined TRACON& Tower with Radar,250,13,21,1,285,0,0,0,1,1,250,13,21,2,286,0,0,0,286
12/15/2021,MSY,LA,ASW,CE,Combined TRACON& Tower with Radar,247,18,33,0,298,0,4,0,0,4,247,22,33,0,302,0,0,0,302
12/16/2021,MSY,LA,ASW,CE,Combined TRACON& Tower with Radar,305,31,22,2,360,0,10,2,0,12,305,41,24,2,372,0,0,0,372
12/17/2021,MSY,LA,ASW,CE,Combined TRACON& Tower with Radar,272,22,28,0,322,0,2,1,0,3,272,24,29,0,325,0,0,0,325
12/18/2021,MSY,LA,ASW,CE,Combined TRACON& Tower with Radar,237,19,15,0,271,0,0,0,0,0,237,19,15,0,271,0,0,0,271
12/19/2021,MSY,LA,ASW,CE,Combined TRACON& Tower with Radar,275,18,28,0,321,0,0,1,1,2,275,18,29,1,323,0,0,0,323
12/20/2021,MSY,LA,ASW,CE,Combined TRACON& Tower with Radar,285,18,21,0,324,0,3,1,2,6,285,21,22,2,330,0,0,0,330
12/21/2021,MSY,LA,ASW,CE,Combined TRACON& Tower with Radar,285,15,21,2,323,0,4,3,0,7,285,19,24,2,330,0,0,0,330
12/22/2021,MSY,LA,ASW,CE,Combined TRACON& Tower with Radar,283,18,20,0,321,0,5,5,0,10,283,23,25,0,331,0,0,0,331
12/23/2021,MSY,LA,ASW,CE,Combined TRACON& Tower with Radar,294,26,17,0,337,0,6,2,0,8,294,32,19,0,345,0,0,0,345
12/24/2021,MSY,LA,ASW,CE,Combined TRACON& Tower with Radar,224,5,10,0,239,0,0,0,0,0,224,5,10,0,239,0,0,0,239
12/25/2021,MSY,LA,ASW,CE,Combined TRACON& Tower with Radar,181,6,7,0,194,0,0,0,0,0,181,6,7,0,194,0,0,0,194
12/26/2021,MSY,LA,ASW,CE,Combined TRACON& Tower with Radar,254,14,19,0,287,0,0,9,0,9,254,14,28,0,296,0,0,0,296
12/27/2021,MSY,LA,ASW,CE,Combined TRACON& Tower with Radar,280,25,20,0,325,0,9,2,1,12,280,34,22,1,337,0,0,0,337
12/28/2021,MSY,LA,ASW,CE,Combined TRACON& Tower with Radar,278,23,19,0,320,0,2,2,2,6,278,25,21,2,326,0,0,0,326
12/29/2021,MSY,LA,ASW,CE,Combined TRACON& Tower with Radar,274,21,29,1,325,0,7,3,1,11,274,28,32,2,336,0,0,0,336
12/30/2021,MSY,LA,ASW,CE,Combined TRACON& Tower with Radar,284,30,19,0,333,0,0,0,0,0,284,30,19,0,333,0,0,0,333
12/31/2021,MSY,LA,ASW,CE,Combined TRACON& Tower with Radar,227,14,21,0,262,0,0,3,0,3,227,14,24,0,265,0,0,0,265
01/01/2022,MSY,LA,ASW,CE,Combined TRACON& Tower with Radar,187,28,19,0,234,0,0,3,0,3,187,28,22,0,237,0,0,0,237
01/02/2022,MSY,LA,ASW,CE,Combined TRACON& Tower with Radar,253,31,52,0,336,0,3,2,0,5,253,34,54,0,341,0,0,0,341
01/03/2022,MSY,LA,ASW,CE,Combined TRACON& Tower with Radar,236,15,20,0,271,0,0,3,0,3,236,15,23,0,274,0,0,0,274
01/04/2022,MSY,LA,ASW,CE,Combined TRACON& Tower with Radar,239,18,24,0,281,0,9,5,0,14,239,27,29,0,295,0,0,0,295
01/05/2022,MSY,LA,ASW,CE,Combined TRACON& Tower with Radar,235,7,19,0,261,0,8,1,4,13,235,15,20,4,274,0,0,0,274
01/06/2022,MSY,LA,ASW,CE,Combined TRACON& Tower with Radar,251,19,15,2,287,0,11,2,0,13,251,30,17,2,300,0,0,0,300
01/07/2022,MSY,LA,ASW,CE,Combined TRACON& Tower with Radar,250,17,20,0,287,0,6,0,0,6,250,23,20,0,293,0,0,0,293
01/08/2022,MSY,LA,ASW,CE,Combined TRACON& Tower with Radar,224,10,10,0,244,0,1,2,0,3,224,11,12,0,247,0,0,0,247
01/09/2022,MSY,LA,ASW,CE,Combined TRACON& Tower with Radar,270,15,30,3,318,0,0,0,0,0,270,15,30,3,318,0,0,0,318
01/10/2022,MSY,LA,ASW,CE,Combined TRACON& Tower with Radar,253,15,7,2,277,0,6,0,2,8,253,21,7,4,285,0,0,0,285
01/11/2022,MSY,LA,ASW,CE,Combined TRACON& Tower with Radar,244,11,24,2,281,0,8,5,1,14,244,19,29,3,295,0,0,0,295
01/12/2022,MSY,LA,ASW,CE,Combined TRACON& Tower with Radar,238,9,20,1,268,0,8,2,4,14,238,17,22,5,282,0,0,0,282
01/13/2022,MSY,LA,ASW,CE,Combined TRACON& Tower with Radar,278,8,20,0,306,0,5,7,0,12,278,13,27,0,318,0,0,0,318
01/14/2022,MSY,LA,ASW,CE,Combined TRACON& Tower with Radar,295,12,24,1,332,0,11,3,0,14,295,23,27,1,346,0,0,0,346
01/15/2022,MSY,LA,ASW,CE,Combined TRACON& Tower with Radar,225,8,8,5,246,0,4,0,0,4,225,12,8,5,250,0,0,0,250
01/16/2022,MSY,LA,ASW,CE,Combined TRACON& Tower with Radar,240,10,17,2,269,0,0,2,0,2,240,10,19,2,271,0,0,0,271
01/17/2022,MSY,LA,ASW,CE,Combined TRACON& Tower with Radar,271,19,24,2,316,0,5,7,0,12,271,24,31,2,328,0,0,0,328
01/18/2022,MSY,LA,ASW,CE,Combined TRACON& Tower with Radar,256,13,25,2,296,0,5,4,3,12,256,18,29,5,308,0,0,0,308
01/19/2022,MSY,LA,ASW,CE,Combined TRACON& Tower with Radar,268,14,21,2,305,0,5,7,1,13,268,19,28,3,318,0,0,0,318
01/20/2022,MSY,LA,ASW,CE,Combined TRACON& Tower with Radar,283,27,12,0,322,0,0,0,0,0,283,27,12,0,322,0,0,0,322
01/21/2022,MSY,LA,ASW,CE,Combined TRACON& Tower with Radar,288,12,21,1,322,0,0,7,1,8,288,12,28,2,330,0,0,0,330
01/22/2022,MSY,LA,ASW,CE,Combined TRACON& Tower with Radar,217,7,18,0,242,0,1,10,0,11,217,8,28,0,253,0,0,0,253
01/23/2022,MSY,LA,ASW,CE,Combined TRACON& Tower with Radar,274,16,16,1,307,0,0,2,0,2,274,16,18,1,309,0,0,0,309
01/24/2022,MSY,LA,ASW,CE,Combined TRACON& Tower with Radar,272,18,29,2,321,0,4,2,0,6,272,22,31,2,327,0,0,0,327
01/25/2022,MSY,LA,ASW,CE,Combined TRACON& Tower with Radar,249,11,21,0,281,0,0,0,0,0,249,11,21,0,281,0,0,0,281
01/26/2022,MSY,LA,ASW,CE,Combined TRACON& Tower with Radar,258,10,32,2,302,0,6,32,0,38,258,16,64,2,340,0,0,0,340
01/27/2022,MSY,LA,ASW,CE,Combined TRACON& Tower with Radar,299,13,17,4,333,0,5,23,0,28,299,18,40,4,361,0,0,0,361
01/28/2022,MSY,LA,ASW,CE,Combined TRACON& Tower with Radar,286,18,19,1,324,0,1,9,2,12,286,19,28,3,336,0,0,0,336
01/29/2022,MSY,LA,ASW,CE,Combined TRACON& Tower with Radar,204,7,12,0,223,0,2,3,0,5,204,9,15,0,228,0,0,0,228
01/30/2022,MSY,LA,ASW,CE,Combined TRACON& Tower with Radar,275,14,26,0,315,0,1,6,0,7,275,15,32,0,322,0,0,0,322
01/31/2022,MSY,LA,ASW,CE,Combined TRACON& Tower with Radar,269,10,21,1,301,0,8,11,2,21,269,18,32,3,322,0,0,0,322
02/01/2022,MSY,LA,ASW,CE,Combined TRACON& Tower with Radar,253,15,24,1,293,0,1,4,0,5,253,16,28,1,298,0,0,0,298
02/02/2022,MSY,LA,ASW,CE,Combined TRACON& Tower with Radar,240,19,27,1,287,0,0,0,0,0,240,19,27,1,287,0,0,0,287
02/03/2022,MSY,LA,ASW,CE,Combined TRACON& Tower with Radar,239,23,18,0,280,0,0,0,0,0,239,23,18,0,280,0,0,0,280
02/04/2022,MSY,LA,ASW,CE,Combined TRACON& Tower with Radar,245,15,21,0,281,0,0,0,0,0,245,15,21,0,281,0,0,0,281
02/05/2022,MSY,LA,ASW,CE,Combined TRACON& Tower with Radar,217,8,7,0,232,0,3,5,0,8,217,11,12,0,240,0,0,0,240
02/06/2022,MSY,LA,ASW,CE,Combined TRACON& Tower with Radar,276,17,30,0,323,0,0,4,4,8,276,17,34,4,331,0,0,0,331
02/07/2022,MSY,LA,ASW,CE,Combined TRACON& Tower with Radar,276,10,19,2,307,0,2,6,0,8,276,12,25,2,315,0,0,0,315
02/08/2022,MSY,LA,ASW,CE,Combined TRACON& Tower with Radar,264,13,18,6,301,0,7,9,0,16,264,20,27,6,317,0,0,0,317
02/09/2022,MSY,LA,ASW,CE,Combined TRACON& Tower with Radar,271,11,27,0,309,0,12,2,0,14,271,23,29,0,323,0,0,0,323
02/10/2022,MSY,LA,ASW,CE,Combined TRACON& Tower with Radar,306,11,23,1,341,0,8,3,2,13,306,19,26,3,354,0,0,0,354
02/11/2022,MSY,LA,ASW,CE,Combined TRACON& Tower with Radar,295,6,21,3,325,0,7,9,3,19,295,13,30,6,344,0,0,0,344
02/12/2022,MSY,LA,ASW,CE,Combined TRACON& Tower with Radar,243,15,6,2,266,0,1,8,0,9,243,16,14,2,275,0,0,0,275
02/13/2022,MSY,LA,ASW,CE,Combined TRACON& Tower with Radar,272,19,20,1,312,0,1,2,0,3,272,20,22,1,315,0,0,0,315
02/14/2022,MSY,LA,ASW,CE,Combined TRACON& Tower with Radar,289,14,15,3,321,0,6,4,1,11,289,20,19,4,332,0,0,0,332
02/15/2022,MSY,LA,ASW,CE,Combined TRACON& Tower with Radar,271,21,46,0,338,0,10,21,2,33,271,31,67,2,371,0,0,0,371
02/16/2022,MSY,LA,ASW,CE,Combined TRACON& Tower with Radar,280,16,42,0,338,0,6,16,2,24,280,22,58,2,362,0,0,0,362
02/17/2022,MSY,LA,ASW,CE,Combined TRACON& Tower with Radar,307,30,23,1,361,0,0,0,0,0,307,30,23,1,361,0,0,0,361
02/18/2022,MSY,LA,ASW,CE,Combined TRACON& Tower with Radar,325,9,45,3,382,0,3,2,0,5,325,12,47,3,387,0,0,0,387
02/19/2022,MSY,LA,ASW,CE,Combined TRACON& Tower with Radar,257,13,17,1,288,0,4,6,1,11,257,17,23,2,299,0,0,0,299
02/20/2022,MSY,LA,ASW,CE,Combined TRACON& Tower with Radar,299,14,17,3,333,0,0,5,0,5,299,14,22,3,338,0,0,0,338
02/21/2022,MSY,LA,ASW,CE,Combined TRACON& Tower with Radar,306,16,24,3,349,0,0,0,0,0,306,16,24,3,349,0,0,0,349
02/22/2022,MSY,LA,ASW,CE,Combined TRACON& Tower with Radar,301,18,15,0,334,0,1,0,0,1,301,19,15,0,335,0,0,0,335
02/23/2022,MSY,LA,ASW,CE,Combined TRACON& Tower with Radar,286,21,30,0,337,0,0,2,0,2,286,21,32,0,339,0,0,0,339
02/24/2022,MSY,LA,ASW,CE,Combined TRACON& Tower with Radar,283,33,42,0,358,0,1,2,0,3,283,34,44,0,361,0,0,0,361
02/25/2022,MSY,LA,ASW,CE,Combined TRACON& Tower with Radar,318,33,30,1,382,0,0,2,0,2,318,33,32,1,384,0,0,0,384
02/26/2022,MSY,LA,ASW,CE,Combined TRACON& Tower with Radar,258,20,18,0,296,0,1,0,0,1,258,21,18,0,297,0,0,0,297
02/27/2022,MSY,LA,ASW,CE,Combined TRACON& Tower with Radar,300,25,37,1,363,0,0,0,0,0,300,25,37,1,363,0,0,0,363
02/28/2022,MSY,LA,ASW,CE,Combined TRACON& Tower with Radar,314,27,33,0,374,0,10,2,0,12,314,37,35,0,386,0,0,0,386
03/01/2022,MSY,LA,ASW,CE,Combined TRACON& Tower with Radar,307,11,20,2,340,0,0,8,0,8,307,11,28,2,348,0,0,0,348
03/02/2022,MSY,LA,ASW,CE,Combined TRACON& Tower with Radar,306,11,43,0,360,0,11,9,1,21,306,22,52,1,381,0,0,0,381
03/03/2022,MSY,LA,ASW,CE,Combined TRACON& Tower with Radar,324,15,20,2,361,0,8,2,0,10,324,23,22,2,371,0,0,0,371
03/04/2022,MSY,LA,ASW,CE,Combined TRACON& Tower with Radar,318,24,21,2,365,0,15,3,1,19,318,39,24,3,384,0,0,0,384
03/05/2022,MSY,LA,ASW,CE,Combined TRACON& Tower with Radar,251,27,27,1,306,0,4,5,0,9,251,31,32,1,315,0,0,0,315
03/06/2022,MSY,LA,ASW,CE,Combined TRACON& Tower with Radar,296,28,33,4,361,0,2,4,0,6,296,30,37,4,367,0,0,0,367
03/07/2022,MSY,LA,ASW,CE,Combined TRACON& Tower with Radar,296,32,10,0,338,0,2,1,0,3,296,34,11,0,341,0,0,0,341
03/08/2022,MSY,LA,ASW,CE,Combined TRACON& Tower with Radar,272,24,27,0,323,0,1,1,0,2,272,25,28,0,325,0,0,0,325
03/09/2022,MSY,LA,ASW,CE,Combined TRACON& Tower with Radar,261,16,26,0,303,0,0,1,0,1,261,16,27,0,304,0,0,0,304
03/10/2022,MSY,LA,ASW,CE,Combined TRACON& Tower with Radar,306,15,28,2,351,0,11,0,0,11,306,26,28,2,362,0,0,0,362
03/11/2022,MSY,LA,ASW,CE,Combined TRACON& Tower with Radar,304,20,20,0,344,0,0,1,0,1,304,20,21,0,345,0,0,0,345
03/12/2022,MSY,LA,ASW,CE,Combined TRACON& Tower with Radar,224,20,18,0,262,0,1,9,0,10,224,21,27,0,272,0,0,0,272
03/13/2022,MSY,LA,ASW,CE,Combined TRACON& Tower with Radar,285,19,43,0,347,0,0,8,0,8,285,19,51,0,355,0,0,0,355
03/14/2022,MSY,LA,ASW,CE,Combined TRACON& Tower with Radar,291,10,18,0,319,0,8,1,1,10,291,18,19,1,329,0,0,0,329
03/15/2022,MSY,LA,ASW,CE,Combined TRACON& Tower with Radar,273,14,23,2,312,0,1,2,0,3,273,15,25,2,315,0,0,0,315
03/16/2022,MSY,LA,ASW,CE,Combined TRACON& Tower with Radar,267,12,37,2,318,0,12,4,0,16,267,24,41,2,334,0,0,0,334
03/17/2022,MSY,LA,ASW,CE,Combined TRACON& Tower with Radar,298,36,33,4,371,0,12,4,0,16,298,48,37,4,387,0,0,0,387
03/18/2022,MSY,LA,ASW,CE,Combined TRACON& Tower with Radar,304,26,30,4,364,0,2,3,0,5,304,28,33,4,369,0,0,0,369
03/19/2022,MSY,LA,ASW,CE,Combined TRACON& Tower with Radar,235,22,20,1,278,0,1,4,0,5,235,23,24,1,283,0,0,0,283
03/20/2022,MSY,LA,ASW,CE,Combined TRACON& Tower with Radar,302,25,34,1,362,0,0,8,0,8,302,25,42,1,370,0,0,0,370
03/21/2022,MSY,LA,ASW,CE,Combined TRACON& Tower with Radar,283,25,14,2,324,0,8,2,0,10,283,33,16,2,334,0,0,0,334
03/22/2022,MSY,LA,ASW,CE,Combined TRACON& Tower with Radar,263,14,12,0,289,0,0,0,0,0,263,14,12,0,289,0,0,0,289
03/23/2022,MSY,LA,ASW,CE,Combined TRACON& Tower with Radar,270,22,32,0,324,0,12,8,1,21,270,34,40,1,345,0,0,0,345
03/24/2022,MSY,LA,ASW,CE,Combined TRACON& Tower with Radar,310,23,29,0,362,0,14,7,0,21,310,37,36,0,383,0,0,0,383
03/25/2022,MSY,LA,ASW,CE,Combined TRACON& Tower with Radar,315,8,24,0,347,0,9,3,2,14,315,17,27,2,361,0,0,0,361
03/26/2022,MSY,LA,ASW,CE,Combined TRACON& Tower with Radar,243,15,26,4,288,0,1,4,1,6,243,16,30,5,294,0,0,0,294
03/27/2022,MSY,LA,ASW,CE,Combined TRACON& Tower with Radar,296,24,24,0,344,0,0,8,0,8,296,24,32,0,352,0,0,0,352
03/28/2022,MSY,LA,ASW,CE,Combined TRACON& Tower with Radar,290,15,22,1,328,0,5,2,6,13,290,20,24,7,341,0,0,0,341
03/29/2022,MSY,LA,ASW,CE,Combined TRACON& Tower with Radar,277,20,21,3,321,0,12,7,0,19,277,32,28,3,340,0,0,0,340
03/30/2022,MSY,LA,ASW,CE,Combined TRACON& Tower with Radar,283,15,18,2,318,0,0,0,0,0,283,15,18,2,318,0,0,0,318
03/31/2022,MSY,LA,ASW,CE,Combined TRACON& Tower with Radar,312,26,39,0,377,0,10,4,0,14,312,36,43,0,391,0,0,0,391
04/01/2022,MSY,LA,ASW,CE,Combined TRACON& Tower with Radar,332,130,103,0,565,0,8,6,0,14,332,138,109,0,579,0,0,0,579
04/02/2022,MSY,LA,ASW,CE,Combined TRACON& Tower with Radar,210,133,105,0,448,0,1,3,0,4,210,134,108,0,452,0,0,0,452
04/03/2022,MSY,LA,ASW,CE,Combined TRACON& Tower with Radar,266,97,90,0,453,0,2,6,0,8,266,99,96,0,461,0,0,0,461
04/04/2022,MSY,LA,ASW,CE,Combined TRACON& Tower with Radar,292,67,69,0,428,0,8,2,0,10,292,75,71,0,438,0,0,0,438
04/05/2022,MSY,LA,ASW,CE,Combined TRACON& Tower with Radar,324,125,94,0,543,0,1,1,0,2,324,126,95,0,545,0,0,0,545
04/06/2022,MSY,LA,ASW,CE,Combined TRACON& Tower with Radar,278,16,39,1,334,0,2,7,2,11,278,18,46,3,345,0,0,0,345
04/07/2022,MSY,LA,ASW,CE,Combined TRACON& Tower with Radar,293,21,45,0,359,0,9,14,0,23,293,30,59,0,382,0,0,0,382
04/08/2022,MSY,LA,ASW,CE,Combined TRACON& Tower with Radar,288,30,30,0,348,0,9,7,2,18,288,39,37,2,366,0,0,0,366
04/09/2022,MSY,LA,ASW,CE,Combined TRACON& Tower with Radar,239,18,22,0,279,0,5,7,0,12,239,23,29,0,291,0,0,0,291
04/10/2022,MSY,LA,ASW,CE,Combined TRACON& Tower with Radar,277,21,52,0,350,0,1,6,1,8,277,22,58,1,358,0,0,0,358
04/11/2022,MSY,LA,ASW,CE,Combined TRACON& Tower with Radar,291,15,26,0,332,0,10,1,0,11,291,25,27,0,343,0,0,0,343
04/12/2022,MSY,LA,ASW,CE,Combined TRACON& Tower with Radar,282,16,24,0,322,0,3,0,0,3,282,19,24,0,325,0,0,0,325
04/13/2022,MSY,LA,ASW,CE,Combined TRACON& Tower with Radar,263,21,31,0,315,0,4,0,0,4,263,25,31,0,319,0,0,0,319
04/14/2022,MSY,LA,ASW,CE,Combined TRACON& Tower with Radar,313,20,42,0,375,0,1,5,0,6,313,21,47,0,381,0,0,0,381
04/15/2022,MSY,LA,ASW,CE,Combined TRACON& Tower with Radar,308,13,16,2,339,0,7,1,2,10,308,20,17,4,349,0,0,0,349
04/16/2022,MSY,LA,ASW,CE,Combined TRACON& Tower with Radar,236,20,18,0,274,0,1,3,0,4,236,21,21,0,278,0,0,0,278
04/17/2022,MSY,LA,ASW,CE,Combined TRACON& Tower with Radar,284,21,23,0,328,0,0,3,0,3,284,21,26,0,331,0,0,0,331
04/18/2022,MSY,LA,ASW,CE,Combined TRACON& Tower with Radar,292,31,27,0,350,0,12,1,0,13,292,43,28,0,363,0,0,0,363
04/19/2022,MSY,LA,ASW,CE,Combined TRACON& Tower with Radar,277,41,24,0,342,0,0,12,1,13,277,41,36,1,355,0,0,0,355
04/20/2022,MSY,LA,ASW,CE,Combined TRACON& Tower with Radar,277,24,25,2,328,0,12,4,1,17,277,36,29,3,345,0,0,0,345
04/21/2022,MSY,LA,ASW,CE,Combined TRACON& Tower with Radar,314,18,24,0,356,0,13,6,5,24,314,31,30,5,380,0,0,0,380
04/22/2022,MSY,LA,ASW,CE,Combined TRACON& Tower with Radar,306,20,25,0,351,0,12,12,0,24,306,32,37,0,375,0,0,0,375
04/23/2022,MSY,LA,ASW,CE,Combined TRACON& Tower with Radar,224,21,17,0,262,0,3,3,0,6,224,24,20,0,268,0,0,0,268
04/24/2022,MSY,LA,ASW,CE,Combined TRACON& Tower with Radar,291,42,39,0,372,0,1,3,1,5,291,43,42,1,377,0,0,0,377
04/25/2022,MSY,LA,ASW,CE,Combined TRACON& Tower with Radar,304,26,28,0,358,0,6,4,1,11,304,32,32,1,369,0,0,0,369
04/26/2022,MSY,LA,ASW,CE,Combined TRACON& Tower with Radar,284,24,17,0,325,0,6,6,0,12,284,30,23,0,337,0,0,0,337
04/27/2022,MSY,LA,ASW,CE,Combined TRACON& Tower with Radar,281,12,28,0,321,0,9,2,0,11,281,21,30,0,332,0,0,0,332
04/28/2022,MSY,LA,ASW,CE,Combined TRACON& Tower with Radar,309,36,42,0,387,0,7,3,0,10,309,43,45,0,397,0,0,0,397
04/29/2022,MSY,LA,ASW,CE,Combined TRACON& Tower with Radar,315,16,26,1,358,0,11,5,2,18,315,27,31,3,376,0,0,0,376
04/30/2022,MSY,LA,ASW,CE,Combined TRACON& Tower with Radar,233,17,10,0,260,0,0,4,0,4,233,17,14,0,264,0,0,0,264
05/01/2022,MSY,LA,ASW,CE,Combined TRACON& Tower with Radar,279,29,35,0,343,0,2,2,0,4,279,31,37,0,347,0,0,0,347
05/02/2022,MSY,LA,ASW,CE,Combined TRACON& Tower with Radar,293,31,30,0,354,1,5,1,0,7,294,36,31,0,361,0,0,0,361
05/03/2022,MSY,LA,ASW,CE,Combined TRACON& Tower with Radar,275,14,21,2,312,0,7,6,2,15,275,21,27,4,327,0,0,0,327
05/04/2022,MSY,LA,ASW,CE,Combined TRACON& Tower with Radar,280,18,28,3,329,0,11,3,1,15,280,29,31,4,344,0,0,0,344
05/05/2022,MSY,LA,ASW,CE,Combined TRACON& Tower with Radar,320,15,33,0,368,0,7,6,0,13,320,22,39,0,381,0,0,0,381
05/06/2022,MSY,LA,ASW,CE,Combined TRACON& Tower with Radar,325,27,31,0,383,0,1,4,0,5,325,28,35,0,388,0,0,0,388
05/07/2022,MSY,LA,ASW,CE,Combined TRACON& Tower with Radar,253,12,17,0,282,0,0,3,0,3,253,12,20,0,285,0,0,0,285
05/08/2022,MSY,LA,ASW,CE,Combined TRACON& Tower with Radar,297,23,22,0,342,0,2,3,0,5,297,25,25,0,347,0,0,0,347
05/09/2022,MSY,LA,ASW,CE,Combined TRACON& Tower with Radar,309,25,27,1,362,0,8,0,0,8,309,33,27,1,370,0,0,0,370
05/10/2022,MSY,LA,ASW,CE,Combined TRACON& Tower with Radar,280,15,22,3,320,0,11,2,4,17,280,26,24,7,337,0,0,0,337
05/11/2022,MSY,LA,ASW,CE,Combined TRACON& Tower with Radar,274,17,15,1,307,0,15,12,0,27,274,32,27,1,334,0,0,0,334
05/12/2022,MSY,LA,ASW,CE,Combined TRACON& Tower with Radar,317,17,30,1,365,0,10,7,1,18,317,27,37,2,383,0,0,0,383
05/13/2022,MSY,LA,ASW,CE,Combined TRACON& Tower with Radar,311,16,16,4,347,0,6,6,0,12,311,22,22,4,359,0,0,0,359
05/14/2022,MSY,LA,ASW,CE,Combined TRACON& Tower with Radar,241,9,17,2,269,0,2,5,0,7,241,11,22,2,276,0,0,0,276
05/15/2022,MSY,LA,ASW,CE,Combined TRACON& Tower with Radar,290,13,29,3,335,0,1,2,0,3,290,14,31,3,338,0,0,0,338
05/16/2022,MSY,LA,ASW,CE,Combined TRACON& Tower with Radar,302,18,24,0,344,0,2,2,0,4,302,20,26,0,348,0,0,0,348
05/17/2022,MSY,LA,ASW,CE,Combined TRACON& Tower with Radar,284,13,17,2,316,0,7,6,1,14,284,20,23,3,330,0,0,0,330
05/18/2022,MSY,LA,ASW,CE,Combined TRACON& Tower with Radar,285,21,25,1,332,0,8,1,0,9,285,29,26,1,341,0,0,0,341
05/19/2022,MSY,LA,ASW,CE,Combined TRACON& Tower with Radar,317,41,23,0,381,0,11,6,4,21,317,52,29,4,402,0,0,0,402
05/20/2022,MSY,LA,ASW,CE,Combined TRACON& Tower with Radar,310,26,19,7,362,0,5,2,0,7,310,31,21,7,369,0,0,0,369
05/21/2022,MSY,LA,ASW,CE,Combined TRACON& Tower with Radar,232,27,15,1,275,0,0,1,0,1,232,27,16,1,276,0,0,0,276
05/22/2022,MSY,LA,ASW,CE,Combined TRACON& Tower with Radar,291,45,31,2,369,0,0,0,0,0,291,45,31,2,369,0,0,0,369
05/23/2022,MSY,LA,ASW,CE,Combined TRACON& Tower with Radar,305,29,20,0,354,0,2,1,0,3,305,31,21,0,357,0,0,0,357
05/24/2022,MSY,LA,ASW,CE,Combined TRACON& Tower with Radar,274,15,24,0,313,0,0,3,0,3,274,15,27,0,316,0,0,0,316
05/25/2022,MSY,LA,ASW,CE,Combined TRACON& Tower with Radar,267,16,19,0,302,0,0,1,0,1,267,16,20,0,303,0,0,0,303
05/26/2022,MSY,LA,ASW,CE,Combined TRACON& Tower with Radar,307,17,34,4,362,0,2,6,0,8,307,19,40,4,370,0,0,0,370
05/27/2022,MSY,LA,ASW,CE,Combined TRACON& Tower with Radar,306,19,21,0,346,0,15,9,0,24,306,34,30,0,370,0,0,0,370
05/28/2022,MSY,LA,ASW,CE,Combined TRACON& Tower with Radar,240,9,17,0,266,0,0,7,0,7,240,9,24,0,273,0,0,0,273
05/29/2022,MSY,LA,ASW,CE,Combined TRACON& Tower with Radar,280,9,14,0,303,0,0,1,0,1,280,9,15,0,304,0,0,0,304
05/30/2022,MSY,LA,ASW,CE,Combined TRACON& Tower with Radar,294,21,9,1,325,0,3,5,0,8,294,24,14,1,333,0,0,0,333
05/31/2022,MSY,LA,ASW,CE,Combined TRACON& Tower with Radar,265,29,32,1,327,0,11,7,1,19,265,40,39,2,346,0,0,0,346
06/01/2022,MSY,LA,ASW,CE,Combined TRACON& Tower with Radar,274,15,22,1,312,0,12,0,1,13,274,27,22,2,325,0,0,0,325
06/02/2022,MSY,LA,ASW,CE,Combined TRACON& Tower with Radar,298,11,22,1,332,0,11,2,1,14,298,22,24,2,346,0,0,0,346
06/03/2022,MSY,LA,ASW,CE,Combined TRACON& Tower with Radar,308,17,14,2,341,0,13,3,2,18,308,30,17,4,359,0,0,0,359
06/04/2022,MSY,LA,ASW,CE,Combined TRACON& Tower with Radar,230,8,5,0,243,0,0,2,0,2,230,8,7,0,245,0,0,0,245
06/05/2022,MSY,LA,ASW,CE,Combined TRACON& Tower with Radar,284,8,13,0,305,0,0,3,0,3,284,8,16,0,308,0,0,0,308
06/06/2022,MSY,LA,ASW,CE,Combined TRACON& Tower with Radar,290,21,19,1,331,0,5,1,0,6,290,26,20,1,337,0,0,0,337
06/07/2022,MSY,LA,ASW,CE,Combined TRACON& Tower with Radar,291,9,20,1,321,0,1,12,0,13,291,10,32,1,334,0,0,0,334
06/08/2022,MSY,LA,ASW,CE,Combined TRACON& Tower with Radar,287,17,16,0,320,0,10,8,0,18,287,27,24,0,338,0,0,0,338
06/09/2022,MSY,LA,ASW,CE,Combined TRACON& Tower with Radar,292,20,20,4,336,0,12,5,0,17,292,32,25,4,353,0,0,0,353
06/10/2022,MSY,LA,ASW,CE,Combined TRACON& Tower with Radar,296,9,15,0,320,0,2,5,0,7,296,11,20,0,327,0,0,0,327
06/11/2022,MSY,LA,ASW,CE,Combined TRACON& Tower with Radar,240,9,21,1,271,0,0,1,0,1,240,9,22,1,272,0,0,0,272
06/12/2022,MSY,LA,ASW,CE,Combined TRACON& Tower with Radar,280,10,27,3,320,0,2,6,0,8,280,12,33,3,328,0,0,0,328
06/13/2022,MSY,LA,ASW,CE,Combined TRACON& Tower with Radar,291,13,24,2,330,0,8,7,1,16,291,21,31,3,346,0,0,0,346
06/14/2022,MSY,LA,ASW,CE,Combined TRACON& Tower with Radar,284,26,15,2,327,0,10,2,0,12,284,36,17,2,339,0,0,0,339
06/15/2022,MSY,LA,ASW,CE,Combined TRACON& Tower with Radar,288,19,30,2,339,0,1,1,0,2,288,20,31,2,341,0,0,0,341
06/16/2022,MSY,LA,ASW,CE,Combined TRACON& Tower with Radar,288,15,16,0,319,0,11,2,0,13,288,26,18,0,332,0,0,0,332
06/17/2022,MSY,LA,ASW,CE,Combined TRACON& Tower with Radar,297,16,20,0,333,0,4,1,0,5,297,20,21,0,338,0,0,0,338
06/18/2022,MSY,LA,ASW,CE,Combined TRACON& Tower with Radar,241,8,12,1,262,0,0,9,0,9,241,8,21,1,271,0,0,0,271
06/19/2022,MSY,LA,ASW,CE,Combined TRACON& Tower with Radar,282,17,12,0,311,0,1,3,0,4,282,18,15,0,315,0,0,0,315
06/20/2022,MSY,LA,ASW,CE,Combined TRACON& Tower with Radar,292,19,16,1,328,0,0,4,0,4,292,19,20,1,332,0,0,0,332
06/21/2022,MSY,LA,ASW,CE,Combined TRACON& Tower with Radar,287,10,25,0,322,0,10,8,0,18,287,20,33,0,340,0,0,0,340
06/22/2022,MSY,LA,ASW,CE,Combined TRACON& Tower with Radar,283,8,27,2,320,0,7,4,0,11,283,15,31,2,331,0,0,0,331
06/23/2022,MSY,LA,ASW,CE,Combined TRACON& Tower with Radar,297,13,34,0,344,0,6,8,0,14,297,19,42,0,358,0,0,0,358
06/24/2022,MSY,LA,ASW,CE,Combined TRACON& Tower with Radar,303,14,22,0,339,0,7,3,0,10,303,21,25,0,349,0,0,0,349
06/25/2022,MSY,LA,ASW,CE,Combined TRACON& Tower with Radar,237,15,10,0,262,0,1,5,0,6,237,16,15,0,268,0,0,0,268
06/26/2022,MSY,LA,ASW,CE,Combined TRACON& Tower with Radar,270,19,22,0,311,0,1,6,0,7,270,20,28,0,318,0,0,0,318
06/27/2022,MSY,LA,ASW,CE,Combined TRACON& Tower with Radar,287,16,9,0,312,0,4,1,0,5,287,20,10,0,317,0,0,0,317
06/28/2022,MSY,LA,ASW,CE,Combined TRACON& Tower with Radar,280,19,18,2,319,0,4,7,0,11,280,23,25,2,330,0,0,0,330
06/29/2022,MSY,LA,ASW,CE,Combined TRACON& Tower with Radar,288,11,16,0,315,0,0,0,0,0,288,11,16,0,315,0,0,0,315
06/30/2022,MSY,LA,ASW,CE,Combined TRACON& Tower with Radar,301,39,14,0,354,0,2,3,1,6,301,41,17,1,360,0,0,0,360
07/01/2022,MSY,LA,ASW,CE,Combined TRACON& Tower with Radar,301,15,18,1,335,0,2,3,0,5,301,17,21,1,340,0,0,0,340
07/02/2022,MSY,LA,ASW,CE,Combined TRACON& Tower with Radar,241,10,6,3,260,0,0,4,0,4,241,10,10,3,264,0,0,0,264
07/03/2022,MSY,LA,ASW,CE,Combined TRACON& Tower with Radar,267,7,11,0,285,0,0,6,0,6,267,7,17,0,291,0,0,0,291
07/04/2022,MSY,LA,ASW,CE,Combined TRACON& Tower with Radar,278,9,15,0,302,0,0,2,0,2,278,9,17,0,304,0,0,0,304
07/05/2022,MSY,LA,ASW,CE,Combined TRACON& Tower with Radar,281,14,11,0,306,0,1,5,0,6,281,15,16,0,312,0,0,0,312
07/06/2022,MSY,LA,ASW,CE,Combined TRACON& Tower with Radar,289,10,18,2,319,0,1,2,1,4,289,11,20,3,323,0,0,0,323
07/07/2022,MSY,LA,ASW,CE,Combined TRACON& Tower with Radar,296,10,21,0,327,0,0,5,0,5,296,10,26,0,332,0,0,0,332
07/08/2022,MSY,LA,ASW,CE,Combined TRACON& Tower with Radar,304,9,19,0,332,0,8,4,0,12,304,17,23,0,344,0,0,0,344
07/09/2022,MSY,LA,ASW,CE,Combined TRACON& Tower with Radar,238,4,5,0,247,0,1,4,0,5,238,5,9,0,252,0,0,0,252
07/10/2022,MSY,LA,ASW,CE,Combined TRACON& Tower with Radar,281,13,11,0,305,0,2,2,0,4,281,15,13,0,309,0,0,0,309
07/11/2022,MSY,LA,ASW,CE,Combined TRACON& Tower with Radar,299,20,14,2,335,0,5,4,0,9,299,25,18,2,344,0,0,0,344
07/12/2022,MSY,LA,ASW,CE,Combined TRACON& Tower with Radar,282,9,10,0,301,0,0,6,0,6,282,9,16,0,307,0,0,0,307
07/13/2022,MSY,LA,ASW,CE,Combined TRACON& Tower with Radar,298,13,22,0,333,0,2,4,0,6,298,15,26,0,339,0,0,0,339
07/14/2022,MSY,LA,ASW,CE,Combined TRACON& Tower with Radar,302,14,14,0,330,0,8,5,0,13,302,22,19,0,343,0,0,0,343
07/15/2022,MSY,LA,ASW,CE,Combined TRACON& Tower with Radar,305,22,21,3,351,0,1,5,0,6,305,23,26,3,357,0,0,0,357
07/16/2022,MSY,LA,ASW,CE,Combined TRACON& Tower with Radar,237,5,7,3,252,0,0,0,0,0,237,5,7,3,252,0,0,0,252
07/17/2022,MSY,LA,ASW,CE,Combined TRACON& Tower with Radar,273,16,18,0,307,0,2,5,0,7,273,18,23,0,314,0,0,0,314
07/18/2022,MSY,LA,ASW,CE,Combined TRACON& Tower with Radar,290,20,14,0,324,0,7,2,0,9,290,27,16,0,333,0,0,0,333
07/19/2022,MSY,LA,ASW,CE,Combined TRACON& Tower with Radar,292,9,29,0,330,0,10,2,0,12,292,19,31,0,342,0,0,0,342
07/20/2022,MSY,LA,ASW,CE,Combined TRACON& Tower with Radar,282,8,17,1,308,0,7,4,0,11,282,15,21,1,319,0,0,0,319
07/21/2022,MSY,LA,ASW,CE,Combined TRACON& Tower with Radar,305,13,31,1,350,0,7,7,0,14,305,20,38,1,364,0,0,0,364
07/22/2022,MSY,LA,ASW,CE,Combined TRACON& Tower with Radar,310,18,20,0,348,0,6,8,0,14,310,24,28,0,362,0,0,0,362
07/23/2022,MSY,LA,ASW,CE,Combined TRACON& Tower with Radar,231,12,10,0,253,0,2,2,0,4,231,14,12,0,257,0,0,0,257
07/24/2022,MSY,LA,ASW,CE,Combined TRACON& Tower with Radar,277,13,20,0,310,0,2,6,0,8,277,15,26,0,318,0,0,0,318
07/25/2022,MSY,LA,ASW,CE,Combined TRACON& Tower with Radar,285,17,20,0,322,0,3,3,0,6,285,20,23,0,328,0,0,0,328
07/26/2022,MSY,LA,ASW,CE,Combined TRACON& Tower with Radar,287,5,19,0,311,0,5,8,2,15,287,10,27,2,326,0,0,0,326
07/27/2022,MSY,LA,ASW,CE,Combined TRACON& Tower with Radar,287,15,19,1,322,0,11,3,0,14,287,26,22,1,336,0,0,0,336
07/28/2022,MSY,LA,ASW,CE,Combined TRACON& Tower with Radar,298,18,26,1,343,0,3,3,0,6,298,21,29,1,349,0,0,0,349
07/29/2022,MSY,LA,ASW,CE,Combined TRACON& Tower with Radar,299,12,15,0,326,0,4,3,0,7,299,16,18,0,333,0,0,0,333
07/30/2022,MSY,LA,ASW,CE,Combined TRACON& Tower with Radar,238,9,7,0,254,0,1,4,0,5,238,10,11,0,259,0,0,0,259
07/31/2022,MSY,LA,ASW,CE,Combined TRACON& Tower with Radar,268,16,13,0,297,0,1,2,1,4,268,17,15,1,301,0,0,0,301
08/01/2022,MSY,LA,ASW,CE,Combined TRACON& Tower with Radar,291,15,23,0,329,0,1,3,0,4,291,16,26,0,333,0,0,0,333
08/02/2022,MSY,LA,ASW,CE,Combined TRACON& Tower with Radar,284,7,22,0,313,0,0,0,0,0,284,7,22,0,313,0,0,0,313
08/03/2022,MSY,LA,ASW,CE,Combined TRACON& Tower with Radar,282,17,31,0,330,0,2,1,0,3,282,19,32,0,333,0,0,0,333
08/04/2022,MSY,LA,ASW,CE,Combined TRACON& Tower with Radar,288,19,38,0,345,0,0,2,0,2,288,19,40,0,347,0,0,0,347
08/05/2022,MSY,LA,ASW,CE,Combined TRACON& Tower with Radar,299,11,16,0,326,0,4,5,0,9,299,15,21,0,335,0,0,0,335
08/06/2022,MSY,LA,ASW,CE,Combined TRACON& Tower with Radar,230,10,17,0,257,0,0,2,0,2,230,10,19,0,259,0,0,0,259
08/07/2022,MSY,LA,ASW,CE,Combined TRACON& Tower with Radar,273,15,16,0,304,0,1,5,0,6,273,16,21,0,310,0,0,0,310
08/08/2022,MSY,LA,ASW,CE,Combined TRACON& Tower with Radar,278,15,18,0,311,0,10,0,0,10,278,25,18,0,321,0,0,0,321
08/09/2022,MSY,LA,ASW,CE,Combined TRACON& Tower with Radar,281,10,28,0,319,0,12,1,0,13,281,22,29,0,332,0,0,0,332
08/10/2022,MSY,LA,ASW,CE,Combined TRACON& Tower with Radar,278,12,23,0,313,0,3,0,0,3,278,15,23,0,316,0,0,0,316
08/11/2022,MSY,LA,ASW,CE,Combined TRACON& Tower with Radar,290,14,19,0,323,0,0,5,0,5,290,14,24,0,328,0,0,0,328
08/12/2022,MSY,LA,ASW,CE,Combined TRACON& Tower with Radar,306,17,21,0,344,0,1,6,0,7,306,18,27,0,351,0,0,0,351
08/13/2022,MSY,LA,ASW,CE,Combined TRACON& Tower with Radar,233,9,15,0,257,0,0,7,0,7,233,9,22,0,264,0,0,0,264
08/14/2022,MSY,LA,ASW,CE,Combined TRACON& Tower with Radar,273,17,25,0,315,0,3,14,0,17,273,20,39,0,332,0,0,0,332
08/15/2022,MSY,LA,ASW,CE,Combined TRACON& Tower with Radar,296,17,23,0,336,0,6,10,0,16,296,23,33,0,352,0,0,0,352
08/16/2022,MSY,LA,ASW,CE,Combined TRACON& Tower with Radar,274,15,14,0,303,0,9,4,0,13,274,24,18,0,316,0,0,0,316
08/17/2022,MSY,LA,ASW,CE,Combined TRACON& Tower with Radar,280,14,21,0,315,0,7,6,3,16,280,21,27,3,331,0,0,0,331
08/18/2022,MSY,LA,ASW,CE,Combined TRACON& Tower with Radar,309,20,27,2,358,0,0,8,1,9,309,20,35,3,367,0,0,0,367
08/19/2022,MSY,LA,ASW,CE,Combined TRACON& Tower with Radar,301,14,7,1,323,0,4,0,0,4,301,18,7,1,327,0,0,0,327
08/20/2022,MSY,LA,ASW,CE,Combined TRACON& Tower with Radar,233,16,13,2,264,0,0,3,0,3,233,16,16,2,267,0,0,0,267
08/21/2022,MSY,LA,ASW,CE,Combined TRACON& Tower with Radar,266,7,8,0,281,0,0,2,0,2,266,7,10,0,283,0,0,0,283
08/22/2022,MSY,LA,ASW,CE,Combined TRACON& Tower with Radar,275,11,18,0,304,0,8,6,0,14,275,19,24,0,318,0,0,0,318
08/23/2022,MSY,LA,ASW,CE,Combined TRACON& Tower with Radar,276,11,17,2,306,0,0,0,0,0,276,11,17,2,306,0,0,0,306
08/24/2022,MSY,LA,ASW,CE,Combined TRACON& Tower with Radar,283,11,21,1,316,0,0,0,0,0,283,11,21,1,316,0,0,0,316
08/25/2022,MSY,LA,ASW,CE,Combined TRACON& Tower with Radar,303,8,31,0,342,0,1,3,0,4,303,9,34,0,346,0,0,0,346
08/26/2022,MSY,LA,ASW,CE,Combined TRACON& Tower with Radar,298,11,9,0,318,0,0,2,0,2,298,11,11,0,320,0,0,0,320
08/27/2022,MSY,LA,ASW,CE,Combined TRACON& Tower with Radar,228,10,11,0,249,0,1,0,0,1,228,11,11,0,250,0,0,0,250
08/28/2022,MSY,LA,ASW,CE,Combined TRACON& Tower with Radar,281,11,11,0,303,0,1,1,0,2,281,12,12,0,305,0,0,0,305
08/29/2022,MSY,LA,ASW,CE,Combined TRACON& Tower with Radar,278,13,12,2,305,0,8,5,0,13,278,21,17,2,318,0,0,0,318
08/30/2022,MSY,LA,ASW,CE,Combined TRACON& Tower with Radar,279,12,16,3,310,0,10,3,1,14,279,22,19,4,324,0,0,0,324
08/31/2022,MSY,LA,ASW,CE,Combined TRACON& Tower with Radar,284,11,24,0,319,0,9,7,2,18,284,20,31,2,337,0,0,0,337
09/01/2022,MSY,LA,ASW,CE,Combined TRACON& Tower with Radar,293,18,27,2,340,0,9,7,0,16,293,27,34,2,356,0,0,0,356
09/02/2022,MSY,LA,ASW,CE,Combined TRACON& Tower with Radar,304,18,18,0,340,0,4,6,0,10,304,22,24,0,350,0,0,0,350
09/03/2022,MSY,LA,ASW,CE,Combined TRACON& Tower with Radar,228,11,11,0,250,0,0,1,0,1,228,11,12,0,251,0,0,0,251
09/04/2022,MSY,LA,ASW,CE,Combined TRACON& Tower with Radar,237,17,9,0,263,0,0,2,0,2,237,17,11,0,265,0,0,0,265
09/05/2022,MSY,LA,ASW,CE,Combined TRACON& Tower with Radar,287,34,31,0,352,0,0,8,0,8,287,34,39,0,360,0,0,0,360
09/06/2022,MSY,LA,ASW,CE,Combined TRACON& Tower with Radar,267,11,28,2,308,0,5,7,0,12,267,16,35,2,320,0,0,0,320
09/07/2022,MSY,LA,ASW,CE,Combined TRACON& Tower with Radar,267,13,20,0,300,0,0,3,0,3,267,13,23,0,303,0,0,0,303
09/08/2022,MSY,LA,ASW,CE,Combined TRACON& Tower with Radar,297,19,25,2,343,0,9,7,0,16,297,28,32,2,359,0,0,0,359
09/09/2022,MSY,LA,ASW,CE,Combined TRACON& Tower with Radar,313,23,16,0,352,0,4,7,0,11,313,27,23,0,363,0,0,0,363
09/10/2022,MSY,LA,ASW,CE,Combined TRACON& Tower with Radar,260,4,12,2,278,0,3,3,0,6,260,7,15,2,284,0,0,0,284
09/11/2022,MSY,LA,ASW,CE,Combined TRACON& Tower with Radar,300,16,17,0,333,0,3,6,0,9,300,19,23,0,342,0,0,0,342
09/12/2022,MSY,LA,ASW,CE,Combined TRACON& Tower with Radar,297,20,12,1,330,0,8,6,0,14,297,28,18,1,344,0,0,0,344
09/13/2022,MSY,LA,ASW,CE,Combined TRACON& Tower with Radar,284,6,33,4,327,0,14,2,1,17,284,20,35,5,344,0,0,0,344
09/14/2022,MSY,LA,ASW,CE,Combined TRACON& Tower with Radar,276,10,20,0,306,0,12,3,4,19,276,22,23,4,325,0,0,0,325
09/15/2022,MSY,LA,ASW,CE,Combined TRACON& Tower with Radar,307,21,24,0,352,0,9,16,1,26,307,30,40,1,378,0,0,0,378
09/16/2022,MSY,LA,ASW,CE,Combined TRACON& Tower with Radar,319,16,15,1,351,0,8,6,3,17,319,24,21,4,368,0,0,0,368
09/17/2022,MSY,LA,ASW,CE,Combined TRACON& Tower with Radar,256,5,8,0,269,0,0,0,2,2,256,5,8,2,271,0,0,0,271
09/18/2022,MSY,LA,ASW,CE,Combined TRACON& Tower with Radar,310,15,17,0,342,0,0,7,1,8,310,15,24,1,350,0,0,0,350
09/19/2022,MSY,LA,ASW,CE,Combined TRACON& Tower with Radar,301,26,34,1,362,0,4,2,0,6,301,30,36,1,368,0,0,0,368
09/20/2022,MSY,LA,ASW,CE,Combined TRACON& Tower with Radar,274,10,25,4,313,0,13,6,0,19,274,23,31,4,332,0,0,0,332
09/21/2022,MSY,LA,ASW,CE,Combined TRACON& Tower with Radar,269,16,37,0,322,0,10,4,0,14,269,26,41,0,336,0,0,0,336
09/22/2022,MSY,LA,ASW,CE,Combined TRACON& Tower with Radar,305,17,22,0,344,0,8,12,0,20,305,25,34,0,364,0,0,0,364
09/23/2022,MSY,LA,ASW,CE,Combined TRACON& Tower with Radar,318,35,14,2,369,0,6,8,0,14,318,41,22,2,383,0,0,0,383
09/24/2022,MSY,LA,ASW,CE,Combined TRACON& Tower with Radar,256,14,14,0,284,0,0,6,0,6,256,14,20,0,290,0,0,0,290
09/25/2022,MSY,LA,ASW,CE,Combined TRACON& Tower with Radar,301,31,19,0,351,0,1,4,0,5,301,32,23,0,356,0,0,0,356
09/26/2022,MSY,LA,ASW,CE,Combined TRACON& Tower with Radar,310,16,16,0,342,0,2,6,0,8,310,18,22,0,350,0,0,0,350
09/27/2022,MSY,LA,ASW,CE,Combined TRACON& Tower with Radar,276,12,29,2,319,0,0,9,0,9,276,12,38,2,328,0,0,0,328
09/28/2022,MSY,LA,ASW,CE,Combined TRACON& Tower with Radar,244,11,19,0,274,0,0,3,0,3,244,11,22,0,277,0,0,0,277
09/29/2022,MSY,LA,ASW,CE,Combined TRACON& Tower with Radar,300,9,21,0,330,0,1,5,2,8,300,10,26,2,338,0,0,0,338
09/30/2022,MSY,LA,ASW,CE,Combined TRACON& Tower with Radar,310,18,21,0,349,0,3,7,0,10,310,21,28,0,359,0,0,0,359
10/01/2022,MSY,LA,ASW,CE,Combined TRACON& Tower with Radar,262,12,2,1,277,0,0,5,0,5,262,12,7,1,282,0,0,0,282
10/02/2022,MSY,LA,ASW,CE,Combined TRACON& Tower with Radar,292,7,17,1,317,0,3,7,0,10,292,10,24,1,327,0,0,0,327
10/03/2022,MSY,LA,ASW,CE,Combined TRACON& Tower with Radar,308,10,20,0,338,0,10,1,0,11,308,20,21,0,349,0,0,0,349
10/04/2022,MSY,LA,ASW,CE,Combined TRACON& Tower with Radar,277,10,29,0,316,0,10,2,0,12,277,20,31,0,328,0,0,0,328
10/05/2022,MSY,LA,ASW,CE,Combined TRACON& Tower with Radar,281,22,25,1,329,0,7,7,0,14,281,29,32,1,343,0,0,0,343
10/06/2022,MSY,LA,ASW,CE,Combined TRACON& Tower with Radar,326,22,25,1,374,0,9,7,0,16,326,31,32,1,390,0,0,0,390
10/07/2022,MSY,LA,ASW,CE,Combined TRACON& Tower with Radar,327,30,21,0,378,0,9,6,0,15,327,39,27,0,393,0,0,0,393
10/08/2022,MSY,LA,ASW,CE,Combined TRACON& Tower with Radar,269,16,13,1,299,0,2,1,0,3,269,18,14,1,302,0,0,0,302
10/09/2022,MSY,LA,ASW,CE,Combined TRACON& Tower with Radar,317,42,25,1,385,0,3,4,0,7,317,45,29,1,392,0,0,0,392
10/10/2022,MSY,LA,ASW,CE,Combined TRACON& Tower with Radar,314,38,25,0,377,0,3,3,0,6,314,41,28,0,383,0,0,0,383
10/11/2022,MSY,LA,ASW,CE,Combined TRACON& Tower with Radar,303,21,14,0,338,0,15,11,0,26,303,36,25,0,364,0,0,0,364
10/12/2022,MSY,LA,ASW,CE,Combined TRACON& Tower with Radar,301,9,15,0,325,0,4,2,0,6,301,13,17,0,331,0,0,0,331
10/13/2022,MSY,LA,ASW,CE,Combined TRACON& Tower with Radar,321,18,18,1,358,1,5,3,0,9,322,23,21,1,367,0,0,0,367
10/14/2022,MSY,LA,ASW,CE,Combined TRACON& Tower with Radar,328,26,21,3,378,0,12,4,7,23,328,38,25,10,401,0,0,0,401
10/15/2022,MSY,LA,ASW,CE,Combined TRACON& Tower with Radar,265,14,8,2,289,0,0,2,2,4,265,14,10,4,293,0,0,0,293
10/16/2022,MSY,LA,ASW,CE,Combined TRACON& Tower with Radar,318,11,36,1,366,0,3,6,1,10,318,14,42,2,376,0,0,0,376
10/17/2022,MSY,LA,ASW,CE,Combined TRACON& Tower with Radar,310,28,27,0,365,0,1,3,0,4,310,29,30,0,369,0,0,0,369
10/18/2022,MSY,LA,ASW,CE,Combined TRACON& Tower with Radar,305,13,27,0,345,0,7,8,0,15,305,20,35,0,360,0,0,0,360
10/19/2022,MSY,LA,ASW,CE,Combined TRACON& Tower with Radar,304,28,15,0,347,0,4,7,0,11,304,32,22,0,358,0,0,0,358
10/20/2022,MSY,LA,ASW,CE,Combined TRACON& Tower with Radar,322,30,18,1,371,0,10,4,0,14,322,40,22,1,385,0,0,0,385
10/21/2022,MSY,LA,ASW,CE,Combined TRACON& Tower with Radar,333,32,29,5,399,0,6,4,3,13,333,38,33,8,412,0,0,0,412
10/22/2022,MSY,LA,ASW,CE,Combined TRACON& Tower with Radar,268,19,12,2,301,0,1,3,0,4,268,20,15,2,305,0,0,0,305
10/23/2022,MSY,LA,ASW,CE,Combined TRACON& Tower with Radar,320,27,32,0,379,0,1,11,0,12,320,28,43,0,391,0,0,0,391
10/24/2022,MSY,LA,ASW,CE,Combined TRACON& Tower with Radar,302,28,21,4,355,0,8,6,2,16,302,36,27,6,371,0,0,0,371
10/25/2022,MSY,LA,ASW,CE,Combined TRACON& Tower with Radar,299,22,26,1,348,0,2,3,0,5,299,24,29,1,353,0,0,0,353
10/26/2022,MSY,LA,ASW,CE,Combined TRACON& Tower with Radar,301,17,28,0,346,0,12,4,0,16,301,29,32,0,362,0,0,0,362
10/27/2022,MSY,LA,ASW,CE,Combined TRACON& Tower with Radar,325,20,38,1,384,0,8,10,0,18,325,28,48,1,402,0,0,0,402
10/28/2022,MSY,LA,ASW,CE,Combined TRACON& Tower with Radar,323,30,30,0,383,0,8,3,0,11,323,38,33,0,394,0,0,0,394
10/29/2022,MSY,LA,ASW,CE,Combined TRACON& Tower with Radar,263,13,17,1,294,0,0,0,0,0,263,13,17,1,294,0,0,0,294
10/30/2022,MSY,LA,ASW,CE,Combined TRACON& Tower with Radar,313,25,32,1,371,0,0,7,1,8,313,25,39,2,379,0,0,0,379
10/31/2022,MSY,LA,ASW,CE,Combined TRACON& Tower with Radar,286,17,22,0,325,0,1,2,3,6,286,18,24,3,331,0,0,0,331
11/01/2022,MSY,LA,ASW,CE,Combined TRACON& Tower with Radar,302,23,27,1,353,0,8,9,1,18,302,31,36,2,371,0,0,0,371
11/02/2022,MSY,LA,ASW,CE,Combined TRACON& Tower with Radar,300,13,20,2,335,0,20,2,5,27,300,33,22,7,362,0,0,0,362
11/03/2022,MSY,LA,ASW,CE,Combined TRACON& Tower with Radar,321,23,25,0,369,0,9,2,0,11,321,32,27,0,380,0,0,0,380
11/04/2022,MSY,LA,ASW,CE,Combined TRACON& Tower with Radar,316,25,32,2,375,0,6,1,0,7,316,31,33,2,382,0,0,0,382
11/05/2022,MSY,LA,ASW,CE,Combined TRACON& Tower with Radar,266,10,9,0,285,0,0,0,0,0,266,10,9,0,285,0,0,0,285
11/06/2022,MSY,LA,ASW,CE,Combined TRACON& Tower with Radar,307,29,28,0,364,0,2,1,0,3,307,31,29,0,367,0,0,0,367
11/07/2022,MSY,LA,ASW,CE,Combined TRACON& Tower with Radar,287,20,21,2,330,0,5,0,0,5,287,25,21,2,335,0,0,0,335
11/08/2022,MSY,LA,ASW,CE,Combined TRACON& Tower with Radar,301,20,34,2,357,0,2,6,0,8,301,22,40,2,365,0,0,0,365
11/09/2022,MSY,LA,ASW,CE,Combined TRACON& Tower with Radar,290,21,37,1,349,0,2,12,0,14,290,23,49,1,363,0,0,0,363
11/10/2022,MSY,LA,ASW,CE,Combined TRACON& Tower with Radar,298,39,42,0,379,0,9,10,1,20,298,48,52,1,399,0,0,0,399
11/11/2022,MSY,LA,ASW,CE,Combined TRACON& Tower with Radar,317,21,31,0,369,0,0,5,0,5,317,21,36,0,374,0,0,0,374
11/12/2022,MSY,LA,ASW,CE,Combined TRACON& Tower with Radar,261,21,12,0,294,0,0,3,0,3,261,21,15,0,297,0,0,0,297
11/13/2022,MSY,LA,ASW,CE,Combined TRACON& Tower with Radar,304,30,22,0,356,0,2,8,1,11,304,32,30,1,367,0,0,0,367
11/14/2022,MSY,LA,ASW,CE,Combined TRACON& Tower with Radar,294,22,26,0,342,0,10,1,0,11,294,32,27,0,353,0,0,0,353
11/15/2022,MSY,LA,ASW,CE,Combined TRACON& Tower with Radar,300,15,15,2,332,0,4,0,0,4,300,19,15,2,336,0,0,0,336
11/16/2022,MSY,LA,ASW,CE,Combined TRACON& Tower with Radar,299,18,28,0,345,0,3,1,1,5,299,21,29,1,350,0,0,0,350
11/17/2022,MSY,LA,ASW,CE,Combined TRACON& Tower with Radar,314,25,31,0,370,0,6,10,0,16,314,31,41,0,386,0,0,0,386
11/18/2022,MSY,LA,ASW,CE,Combined TRACON& Tower with Radar,321,26,19,3,369,0,4,10,3,17,321,30,29,6,386,0,0,0,386
11/19/2022,MSY,LA,ASW,CE,Combined TRACON& Tower with Radar,256,13,25,1,295,0,0,2,0,2,256,13,27,1,297,0,0,0,297
11/20/2022,MSY,LA,ASW,CE,Combined TRACON& Tower with Radar,308,21,29,2,360,0,2,3,1,6,308,23,32,3,366,0,0,0,366
11/21/2022,MSY,LA,ASW,CE,Combined TRACON& Tower with Radar,304,23,19,0,346,0,8,1,1,10,304,31,20,1,356,0,0,0,356
11/22/2022,MSY,LA,ASW,CE,Combined TRACON& Tower with Radar,319,30,12,0,361,0,15,2,0,17,319,45,14,0,378,0,0,0,378
11/23/2022,MSY,LA,ASW,CE,Combined TRACON& Tower with Radar,314,7,17,0,338,0,8,4,0,12,314,15,21,0,350,0,0,0,350
11/24/2022,MSY,LA,ASW,CE,Combined TRACON& Tower with Radar,226,8,5,0,239,0,0,2,0,2,226,8,7,0,241,0,0,0,241
11/25/2022,MSY,LA,ASW,CE,Combined TRACON& Tower with Radar,300,24,14,0,338,0,0,0,0,0,300,24,14,0,338,0,0,0,338
11/26/2022,MSY,LA,ASW,CE,Combined TRACON& Tower with Radar,267,22,18,0,307,0,0,0,0,0,267,22,18,0,307,0,0,0,307
11/27/2022,MSY,LA,ASW,CE,Combined TRACON& Tower with Radar,319,28,30,0,377,0,4,5,2,11,319,32,35,2,388,0,0,0,388
11/28/2022,MSY,LA,ASW,CE,Combined TRACON& Tower with Radar,325,28,28,1,382,0,1,5,0,6,325,29,33,1,388,0,0,0,388
11/29/2022,MSY,LA,ASW,CE,Combined TRACON& Tower with Radar,298,16,18,3,335,0,0,0,0,0,298,16,18,3,335,0,0,0,335
11/30/2022,MSY,LA,ASW,CE,Combined TRACON& Tower with Radar,294,23,40,1,358,0,4,4,1,9,294,27,44,2,367,0,0,0,367
12/01/2022,MSY,LA,ASW,CE,Combined TRACON& Tower with Radar,306,17,30,2,355,0,1,2,0,3,306,18,32,2,358,0,0,0,358
12/02/2022,MSY,LA,ASW,CE,Combined TRACON& Tower with Radar,314,33,35,2,384,0,9,6,1,16,314,42,41,3,400,0,0,0,400
12/03/2022,MSY,LA,ASW,CE,Combined TRACON& Tower with Radar,260,27,31,1,319,0,0,0,0,0,260,27,31,1,319,0,0,0,319
12/04/2022,MSY,LA,ASW,CE,Combined TRACON& Tower with Radar,294,40,32,3,369,0,0,1,0,1,294,40,33,3,370,0,0,0,370
12/05/2022,MSY,LA,ASW,CE,Combined TRACON& Tower with Radar,305,23,27,0,355,0,2,1,0,3,305,25,28,0,358,0,0,0,358
12/06/2022,MSY,LA,ASW,CE,Combined TRACON& Tower with Radar,296,19,31,0,346,0,9,0,0,9,296,28,31,0,355,0,0,0,355
12/07/2022,MSY,LA,ASW,CE,Combined TRACON& Tower with Radar,284,20,19,0,323,0,10,6,0,16,284,30,25,0,339,0,0,0,339
12/08/2022,MSY,LA,ASW,CE,Combined TRACON& Tower with Radar,301,24,28,0,353,0,2,3,0,5,301,26,31,0,358,0,0,0,358
12/09/2022,MSY,LA,ASW,CE,Combined TRACON& Tower with Radar,299,33,39,0,371,0,2,1,1,4,299,35,40,1,375,0,0,0,375
12/10/2022,MSY,LA,ASW,CE,Combined TRACON& Tower with Radar,234,18,16,0,268,0,2,4,0,6,234,20,20,0,274,0,0,0,274
12/11/2022,MSY,LA,ASW,CE,Combined TRACON& Tower with Radar,281,14,27,0,322,0,0,2,0,2,281,14,29,0,324,0,0,0,324
12/12/2022,MSY,LA,ASW,CE,Combined TRACON& Tower with Radar,296,22,21,2,341,0,1,7,1,9,296,23,28,3,350,0,0,0,350
12/13/2022,MSY,LA,ASW,CE,Combined TRACON& Tower with Radar,297,18,27,1,343,0,1,3,0,4,297,19,30,1,347,0,0,0,347
12/14/2022,MSY,LA,ASW,CE,Combined TRACON& Tower with Radar,279,9,14,2,304,0,0,1,0,1,279,9,15,2,305,0,0,0,305
12/15/2022,MSY,LA,ASW,CE,Combined TRACON& Tower with Radar,300,17,26,0,343,0,12,7,0,19,300,29,33,0,362,0,0,0,362
12/16/2022,MSY,LA,ASW,CE,Combined TRACON& Tower with Radar,299,10,10,1,320,0,8,10,0,18,299,18,20,1,338,0,0,0,338
12/17/2022,MSY,LA,ASW,CE,Combined TRACON& Tower with Radar,245,5,19,0,269,1,0,4,0,5,246,5,23,0,274,0,0,0,274
12/18/2022,MSY,LA,ASW,CE,Combined TRACON& Tower with Radar,301,11,22,0,334,0,2,5,0,7,301,13,27,0,341,0,0,0,341
12/19/2022,MSY,LA,ASW,CE,Combined TRACON& Tower with Radar,290,15,9,0,314,0,2,1,1,4,290,17,10,1,318,0,0,0,318
12/20/2022,MSY,LA,ASW,CE,Combined TRACON& Tower with Radar,304,20,24,0,348,0,0,0,0,0,304,20,24,0,348,0,0,0,348
12/21/2022,MSY,LA,ASW,CE,Combined TRACON& Tower with Radar,307,10,16,0,333,0,0,0,0,0,307,10,16,0,333,0,0,0,333
12/22/2022,MSY,LA,ASW,CE,Combined TRACON& Tower with Radar,315,17,17,0,349,0,2,4,0,6,315,19,21,0,355,0,0,0,355
12/23/2022,MSY,LA,ASW,CE,Combined TRACON& Tower with Radar,258,26,20,0,304,0,0,3,0,3,258,26,23,0,307,0,0,0,307
12/24/2022,MSY,LA,ASW,CE,Combined TRACON& Tower with Radar,183,7,4,0,194,0,0,1,0,1,183,7,5,0,195,0,0,0,195
12/25/2022,MSY,LA,ASW,CE,Combined TRACON& Tower with Radar,179,15,3,0,197,0,0,1,0,1,179,15,4,0,198,0,0,0,198
12/26/2022,MSY,LA,ASW,CE,Combined TRACON& Tower with Radar,194,20,14,0,228,0,0,6,0,6,194,20,20,0,234,0,0,0,234
12/27/2022,MSY,LA,ASW,CE,Combined TRACON& Tower with Radar,218,20,33,0,271,0,3,6,0,9,218,23,39,0,280,0,0,0,280
12/28/2022,MSY,LA,ASW,CE,Combined TRACON& Tower with Radar,213,19,27,0,259,0,4,1,0,5,213,23,28,0,264,0,0,0,264
12/29/2022,MSY,LA,ASW,CE,Combined TRACON& Tower with Radar,242,33,37,0,312,0,4,6,0,10,242,37,43,0,322,0,0,0,322
12/30/2022,MSY,LA,ASW,CE,Combined TRACON& Tower with Radar,313,17,15,0,345,0,0,0,0,0,313,17,15,0,345,0,0,0,345
12/31/2022,MSY,LA,ASW,CE,Combined TRACON& Tower with Radar,236,28,13,0,277,0,1,4,0,5,236,29,17,0,282,0,0,0,282
01/01/2023,MSY,LA,ASW,CE,Combined TRACON& Tower with Radar,248,20,29,0,297,0,0,0,0,0,248,20,29,0,297,0,0,0,297
01/02/2023,MSY,LA,ASW,CE,Combined TRACON& Tower with Radar,294,31,37,4,366,0,0,0,0,0,294,31,37,4,366,0,0,0,366
01/03/2023,MSY,LA,ASW,CE,Combined TRACON& Tower with Radar,286,24,14,0,324,0,0,1,0,1,286,24,15,0,325,0,0,0,325
01/04/2023,MSY,LA,ASW,CE,Combined TRACON& Tower with Radar,282,19,18,0,319,0,8,13,1,22,282,27,31,1,341,0,0,0,341
01/05/2023,MSY,LA,ASW,CE,Combined TRACON& Tower with Radar,290,21,11,0,322,0,9,4,1,14,290,30,15,1,336,0,0,0,336
01/06/2023,MSY,LA,ASW,CE,Combined TRACON& Tower with Radar,294,16,12,0,322,0,11,4,1,16,294,27,16,1,338,0,0,0,338
01/07/2023,MSY,LA,ASW,CE,Combined TRACON& Tower with Radar,240,12,9,2,263,0,0,6,2,8,240,12,15,4,271,0,0,0,271
01/08/2023,MSY,LA,ASW,CE,Combined TRACON& Tower with Radar,309,25,17,0,351,0,0,1,0,1,309,25,18,0,352,0,0,0,352
01/09/2023,MSY,LA,ASW,CE,Combined TRACON& Tower with Radar,280,18,12,0,310,0,6,3,4,13,280,24,15,4,323,0,0,0,323
01/10/2023,MSY,LA,ASW,CE,Combined TRACON& Tower with Radar,278,16,24,0,318,0,5,2,0,7,278,21,26,0,325,0,0,0,325
01/11/2023,MSY,LA,ASW,CE,Combined TRACON& Tower with Radar,258,23,28,0,309,0,3,3,1,7,258,26,31,1,316,0,0,0,316
01/12/2023,MSY,LA,ASW,CE,Combined TRACON& Tower with Radar,303,19,23,1,346,0,5,1,0,6,303,24,24,1,352,0,0,0,352
01/13/2023,MSY,LA,ASW,CE,Combined TRACON& Tower with Radar,308,18,16,0,342,0,3,5,1,9,308,21,21,1,351,0,0,0,351
01/14/2023,MSY,LA,ASW,CE,Combined TRACON& Tower with Radar,237,9,18,1,265,0,4,5,0,9,237,13,23,1,274,0,0,0,274
01/15/2023,MSY,LA,ASW,CE,Combined TRACON& Tower with Radar,300,14,18,0,332,0,2,5,0,7,300,16,23,0,339,0,0,0,339
01/16/2023,MSY,LA,ASW,CE,Combined TRACON& Tower with Radar,291,25,24,1,341,0,0,2,0,2,291,25,26,1,343,0,0,0,343
01/17/2023,MSY,LA,ASW,CE,Combined TRACON& Tower with Radar,291,18,25,1,335,0,7,2,0,9,291,25,27,1,344,0,0,0,344
01/18/2023,MSY,LA,ASW,CE,Combined TRACON& Tower with Radar,287,22,19,0,328,0,10,0,0,10,287,32,19,0,338,0,0,0,338
01/19/2023,MSY,LA,ASW,CE,Combined TRACON& Tower with Radar,304,19,37,0,360,0,10,4,0,14,304,29,41,0,374,0,0,0,374
01/20/2023,MSY,LA,ASW,CE,Combined TRACON& Tower with Radar,316,31,23,0,370,0,9,11,0,20,316,40,34,0,390,0,0,0,390
01/21/2023,MSY,LA,ASW,CE,Combined TRACON& Tower with Radar,238,13,16,0,267,0,0,2,0,2,238,13,18,0,269,0,0,0,269
01/22/2023,MSY,LA,ASW,CE,Combined TRACON& Tower with Radar,328,15,12,0,355,0,0,3,0,3,328,15,15,0,358,0,0,0,358
01/23/2023,MSY,LA,ASW,CE,Combined TRACON& Tower with Radar,291,14,15,0,320,0,11,6,3,20,291,25,21,3,340,0,0,0,340
01/24/2023,MSY,LA,ASW,CE,Combined TRACON& Tower with Radar,296,21,24,0,341,0,1,1,0,2,296,22,25,0,343,0,0,0,343
01/25/2023,MSY,LA,ASW,CE,Combined TRACON& Tower with Radar,277,18,29,3,327,0,2,2,0,4,277,20,31,3,331,0,0,0,331
01/26/2023,MSY,LA,ASW,CE,Combined TRACON& Tower with Radar,299,17,21,1,338,0,10,11,0,21,299,27,32,1,359,0,0,0,359
01/27/2023,MSY,LA,ASW,CE,Combined TRACON& Tower with Radar,310,23,12,0,345,0,4,2,2,8,310,27,14,2,353,0,0,0,353
01/28/2023,MSY,LA,ASW,CE,Combined TRACON& Tower with Radar,238,13,21,0,272,0,0,6,0,6,238,13,27,0,278,0,0,0,278
01/29/2023,MSY,LA,ASW,CE,Combined TRACON& Tower with Radar,310,18,21,0,349,0,0,0,0,0,310,18,21,0,349,0,0,0,349
01/30/2023,MSY,LA,ASW,CE,Combined TRACON& Tower with Radar,267,16,17,0,300,0,2,0,0,2,267,18,17,0,302,0,0,0,302
01/31/2023,MSY,LA,ASW,CE,Combined TRACON& Tower with Radar,245,23,23,0,291,0,0,0,0,0,245,23,23,0,291,0,0,0,291
02/01/2023,MSY,LA,ASW,CE,Combined TRACON& Tower with Radar,222,19,30,0,271,0,0,0,0,0,222,19,30,0,271,0,0,0,271
02/02/2023,MSY,LA,ASW,CE,Combined TRACON& Tower with Radar,300,13,35,1,349,0,0,0,0,0,300,13,35,1,349,0,0,0,349
02/03/2023,MSY,LA,ASW,CE,Combined TRACON& Tower with Radar,315,26,26,0,367,0,1,1,0,2,315,27,27,0,369,0,0,0,369
02/04/2023,MSY,LA,ASW,CE,Combined TRACON& Tower with Radar,252,10,9,1,272,0,1,1,0,2,252,11,10,1,274,0,0,0,274
02/05/2023,MSY,LA,ASW,CE,Combined TRACON& Tower with Radar,318,20,7,0,345,0,1,3,2,6,318,21,10,2,351,0,0,0,351
02/06/2023,MSY,LA,ASW,CE,Combined TRACON& Tower with Radar,309,16,22,2,349,0,11,6,1,18,309,27,28,3,367,0,0,0,367
02/07/2023,MSY,LA,ASW,CE,Combined TRACON& Tower with Radar,282,23,14,5,324,0,2,1,1,4,282,25,15,6,328,0,0,0,328
02/08/2023,MSY,LA,ASW,CE,Combined TRACON& Tower with Radar,282,20,18,2,322,0,1,0,0,1,282,21,18,2,323,0,0,0,323
02/09/2023,MSY,LA,ASW,CE,Combined TRACON& Tower with Radar,319,17,27,2,365,0,4,4,0,8,319,21,31,2,373,0,0,0,373
02/10/2023,MSY,LA,ASW,CE,Combined TRACON& Tower with Radar,325,25,22,4,376,0,0,3,6,9,325,25,25,10,385,0,0,0,385
02/11/2023,MSY,LA,ASW,CE,Combined TRACON& Tower with Radar,268,9,15,0,292,0,1,0,0,1,268,10,15,0,293,0,0,0,293
02/12/2023,MSY,LA,ASW,CE,Combined TRACON& Tower with Radar,330,12,12,0,354,0,2,11,2,15,330,14,23,2,369,0,0,0,369
02/13/2023,MSY,LA,ASW,CE,Combined TRACON& Tower with Radar,314,23,18,0,355,0,9,4,1,14,314,32,22,1,369,0,0,0,369
02/14/2023,MSY,LA,ASW,CE,Combined TRACON& Tower with Radar,305,8,31,0,344,0,2,0,0,2,305,10,31,0,346,0,0,0,346
02/15/2023,MSY,LA,ASW,CE,Combined TRACON& Tower with Radar,299,13,29,0,341,0,6,4,0,10,299,19,33,0,351,0,0,0,351
02/16/2023,MSY,LA,ASW,CE,Combined TRACON& Tower with Radar,329,27,32,0,388,0,0,1,1,2,329,27,33,1,390,0,0,0,390
02/17/2023,MSY,LA,ASW,CE,Combined TRACON& Tower with Radar,352,32,27,2,413,0,2,0,0,2,352,34,27,2,415,0,0,0,415
02/18/2023,MSY,LA,ASW,CE,Combined TRACON& Tower with Radar,284,20,11,0,315,0,5,6,0,11,284,25,17,0,326,0,0,0,326
02/19/2023,MSY,LA,ASW,CE,Combined TRACON& Tower with Radar,333,27,33,4,397,0,1,4,0,5,333,28,37,4,402,0,0,0,402
02/20/2023,MSY,LA,ASW,CE,Combined TRACON& Tower with Radar,333,36,28,1,398,0,1,2,0,3,333,37,30,1,401,0,0,0,401
02/21/2023,MSY,LA,ASW,CE,Combined TRACON& Tower with Radar,320,19,13,4,356,0,2,5,1,8,320,21,18,5,364,0,0,0,364
02/22/2023,MSY,LA,ASW,CE,Combined TRACON& Tower with Radar,328,18,18,3,367,0,0,1,0,1,328,18,19,3,368,0,0,0,368
02/23/2023,MSY,LA,ASW,CE,Combined TRACON& Tower with Radar,336,18,27,0,381,0,1,0,0,1,336,19,27,0,382,0,0,0,382
02/24/2023,MSY,LA,ASW,CE,Combined TRACON& Tower with Radar,336,19,22,1,378,0,0,2,0,2,336,19,24,1,380,0,0,0,380
02/25/2023,MSY,LA,ASW,CE,Combined TRACON& Tower with Radar,277,10,12,2,301,0,0,3,0,3,277,10,15,2,304,0,0,0,304
02/26/2023,MSY,LA,ASW,CE,Combined TRACON& Tower with Radar,353,25,31,1,410,0,0,1,4,5,353,25,32,5,415,0,0,0,415
02/27/2023,MSY,LA,ASW,CE,Combined TRACON& Tower with Radar,328,24,9,0,361,0,7,0,0,7,328,31,9,0,368,0,0,0,368
02/28/2023,MSY,LA,ASW,CE,Combined TRACON& Tower with Radar,317,21,13,0,351,0,0,5,0,5,317,21,18,0,356,0,0,0,356
03/01/2023,MSY,LA,ASW,CE,Combined TRACON& Tower with Radar,306,15,26,0,347,0,7,2,2,11,306,22,28,2,358,0,0,0,358
03/02/2023,MSY,LA,ASW,CE,Combined TRACON& Tower with Radar,316,23,28,0,367,0,7,4,0,11,316,30,32,0,378,0,0,0,378
03/03/2023,MSY,LA,ASW,CE,Combined TRACON& Tower with Radar,336,24,15,0,375,0,0,1,0,1,336,24,16,0,376,0,0,0,376
03/04/2023,MSY,LA,ASW,CE,Combined TRACON& Tower with Radar,269,19,10,0,298,0,1,1,0,2,269,20,11,0,300,0,0,0,300
03/05/2023,MSY,LA,ASW,CE,Combined TRACON& Tower with Radar,341,27,32,0,400,0,0,7,2,9,341,27,39,2,409,0,0,0,409
03/06/2023,MSY,LA,ASW,CE,Combined TRACON& Tower with Radar,325,14,21,2,362,0,0,0,0,0,325,14,21,2,362,0,0,0,362
03/07/2023,MSY,LA,ASW,CE,Combined TRACON& Tower with Radar,306,18,28,0,352,0,3,4,1,8,306,21,32,1,360,0,0,0,360
03/08/2023,MSY,LA,ASW,CE,Combined TRACON& Tower with Radar,306,17,23,0,346,0,0,7,1,8,306,17,30,1,354,0,0,0,354
03/09/2023,MSY,LA,ASW,CE,Combined TRACON& Tower with Radar,316,23,28,2,369,0,2,3,3,8,316,25,31,5,377,0,0,0,377
03/10/2023,MSY,LA,ASW,CE,Combined TRACON& Tower with Radar,337,25,26,2,390,0,7,3,0,10,337,32,29,2,400,0,0,0,400
03/11/2023,MSY,LA,ASW,CE,Combined TRACON& Tower with Radar,269,10,20,0,299,0,2,3,0,5,269,12,23,0,304,0,0,0,304
03/12/2023,MSY,LA,ASW,CE,Combined TRACON& Tower with Radar,343,13,29,0,385,0,3,3,0,6,343,16,32,0,391,0,0,0,391
03/13/2023,MSY,LA,ASW,CE,Combined TRACON& Tower with Radar,329,17,24,2,372,0,1,10,0,11,329,18,34,2,383,0,0,0,383
03/14/2023,MSY,LA,ASW,CE,Combined TRACON& Tower with Radar,318,14,16,2,350,0,6,11,1,18,318,20,27,3,368,0,0,0,368
03/15/2023,MSY,LA,ASW,CE,Combined TRACON& Tower with Radar,320,13,16,0,349,0,5,66,0,71,320,18,82,0,420,0,0,0,420
03/16/2023,MSY,LA,ASW,CE,Combined TRACON& Tower with Radar,326,25,42,2,395,0,6,15,0,21,326,31,57,2,416,0,0,0,416
03/17/2023,MSY,LA,ASW,CE,Combined TRACON& Tower with Radar,336,21,24,0,381,0,3,0,0,3,336,24,24,0,384,0,0,0,384
03/18/2023,MSY,LA,ASW,CE,Combined TRACON& Tower with Radar,265,17,14,0,296,0,0,2,1,3,265,17,16,1,299,0,0,0,299
03/19/2023,MSY,LA,ASW,CE,Combined TRACON& Tower with Radar,349,20,22,0,391,0,1,5,0,6,349,21,27,0,397,0,0,0,397
03/20/2023,MSY,LA,ASW,CE,Combined TRACON& Tower with Radar,328,26,17,2,373,0,12,2,0,14,328,38,19,2,387,0,0,0,387
03/21/2023,MSY,LA,ASW,CE,Combined TRACON& Tower with Radar,312,16,30,1,359,0,13,7,4,24,312,29,37,5,383,0,0,0,383
03/22/2023,MSY,LA,ASW,CE,Combined TRACON& Tower with Radar,309,18,19,1,347,0,12,14,0,26,309,30,33,1,373,0,0,0,373
03/23/2023,MSY,LA,ASW,CE,Combined TRACON& Tower with Radar,324,18,21,5,368,0,2,2,0,4,324,20,23,5,372,0,0,0,372
03/24/2023,MSY,LA,ASW,CE,Combined TRACON& Tower with Radar,334,24,26,0,384,0,1,1,0,2,334,25,27,0,386,0,0,0,386
03/25/2023,MSY,LA,ASW,CE,Combined TRACON& Tower with Radar,256,9,16,0,281,0,0,5,0,5,256,9,21,0,286,0,0,0,286
03/26/2023,MSY,LA,ASW,CE,Combined TRACON& Tower with Radar,336,19,24,0,379,0,2,1,0,3,336,21,25,0,382,0,0,0,382
03/27/2023,MSY,LA,ASW,CE,Combined TRACON& Tower with Radar,326,18,18,0,362,0,0,3,0,3,326,18,21,0,365,0,0,0,365
03/28/2023,MSY,LA,ASW,CE,Combined TRACON& Tower with Radar,306,17,11,2,336,0,0,4,0,4,306,17,15,2,340,0,0,0,340
03/29/2023,MSY,LA,ASW,CE,Combined TRACON& Tower with Radar,307,11,20,2,340,0,1,0,0,1,307,12,20,2,341,0,0,0,341
03/30/2023,MSY,LA,ASW,CE,Combined TRACON& Tower with Radar,326,15,21,0,362,0,6,2,1,9,326,21,23,1,371,0,0,0,371
03/31/2023,MSY,LA,ASW,CE,Combined TRACON& Tower with Radar,313,42,10,2,367,0,7,1,0,8,313,49,11,2,375,0,0,0,375
04/01/2023,MSY,LA,ASW,CE,Combined TRACON& Tower with Radar,249,21,22,0,292,0,0,3,0,3,249,21,25,0,295,0,0,0,295
04/02/2023,MSY,LA,ASW,CE,Combined TRACON& Tower with Radar,332,24,16,0,372,0,0,2,0,2,332,24,18,0,374,0,0,0,374
04/03/2023,MSY,LA,ASW,CE,Combined TRACON& Tower with Radar,318,21,20,2,361,0,5,3,0,8,318,26,23,2,369,0,0,0,369
04/04/2023,MSY,LA,ASW,CE,Combined TRACON& Tower with Radar,323,17,9,0,349,0,3,0,0,3,323,20,9,0,352,0,0,0,352
04/05/2023,MSY,LA,ASW,CE,Combined TRACON& Tower with Radar,309,18,21,2,350,0,2,0,0,2,309,20,21,2,352,0,0,0,352
04/06/2023,MSY,LA,ASW,CE,Combined TRACON& Tower with Radar,328,20,37,0,385,0,3,2,0,5,328,23,39,0,390,0,0,0,390
04/07/2023,MSY,LA,ASW,CE,Combined TRACON& Tower with Radar,351,14,13,0,378,0,0,0,0,0,351,14,13,0,378,0,0,0,378
04/08/2023,MSY,LA,ASW,CE,Combined TRACON& Tower with Radar,257,13,14,0,284,0,0,0,0,0,257,13,14,0,284,0,0,0,284
04/09/2023,MSY,LA,ASW,CE,Combined TRACON& Tower with Radar,340,20,17,0,377,0,2,1,0,3,340,22,18,0,380,0,0,0,380
04/10/2023,MSY,LA,ASW,CE,Combined TRACON& Tower with Radar,328,19,21,0,368,0,6,5,0,11,328,25,26,0,379,0,0,0,379
04/11/2023,MSY,LA,ASW,CE,Combined TRACON& Tower with Radar,316,14,12,0,342,0,0,5,1,6,316,14,17,1,348,0,0,0,348
04/12/2023,MSY,LA,ASW,CE,Combined TRACON& Tower with Radar,307,18,33,0,358,0,0,1,0,1,307,18,34,0,359,0,0,0,359
04/13/2023,MSY,LA,ASW,CE,Combined TRACON& Tower with Radar,323,21,18,0,362,0,6,3,0,9,323,27,21,0,371,0,0,0,371
04/14/2023,MSY,LA,ASW,CE,Combined TRACON& Tower with Radar,336,23,22,0,381,0,5,6,0,11,336,28,28,0,392,0,0,0,392
04/15/2023,MSY,LA,ASW,CE,Combined TRACON& Tower with Radar,260,21,13,0,294,0,0,4,0,4,260,21,17,0,298,0,0,0,298
04/16/2023,MSY,LA,ASW,CE,Combined TRACON& Tower with Radar,337,30,21,0,388,0,2,3,0,5,337,32,24,0,393,0,0,0,393
04/17/2023,MSY,LA,ASW,CE,Combined TRACON& Tower with Radar,333,34,20,2,389,0,7,6,1,14,333,41,26,3,403,0,0,0,403
04/18/2023,MSY,LA,ASW,CE,Combined TRACON& Tower with Radar,309,25,19,0,353,0,12,4,2,18,309,37,23,2,371,0,0,0,371
04/19/2023,MSY,LA,ASW,CE,Combined TRACON& Tower with Radar,305,25,24,0,354,0,14,3,0,17,305,39,27,0,371,0,0,0,371
04/20/2023,MSY,LA,ASW,CE,Combined TRACON& Tower with Radar,324,26,18,0,368,0,9,5,0,14,324,35,23,0,382,0,0,0,382
04/21/2023,MSY,LA,ASW,CE,Combined TRACON& Tower with Radar,357,26,7,1,391,0,0,6,0,6,357,26,13,1,397,0,0,0,397
04/22/2023,MSY,LA,ASW,CE,Combined TRACON& Tower with Radar,266,7,12,4,289,0,2,8,0,10,266,9,20,4,299,0,0,0,299
04/23/2023,MSY,LA,ASW,CE,Combined TRACON& Tower with Radar,342,40,17,0,399,0,0,13,0,13,342,40,30,0,412,0,0,0,412
04/24/2023,MSY,LA,ASW,CE,Combined TRACON& Tower with Radar,329,23,16,0,368,0,3,2,1,6,329,26,18,1,374,0,0,0,374
04/25/2023,MSY,LA,ASW,CE,Combined TRACON& Tower with Radar,308,17,25,2,352,0,15,10,2,27,308,32,35,4,379,0,0,0,379
04/26/2023,MSY,LA,ASW,CE,Combined TRACON& Tower with Radar,291,19,30,0,340,0,3,7,0,10,291,22,37,0,350,0,0,0,350
04/27/2023,MSY,LA,ASW,CE,Combined TRACON& Tower with Radar,336,34,24,0,394,0,1,2,0,3,336,35,26,0,397,0,0,0,397
04/28/2023,MSY,LA,ASW,CE,Combined TRACON& Tower with Radar,350,25,25,0,400,0,5,5,0,10,350,30,30,0,410,0,0,0,410
04/29/2023,MSY,LA,ASW,CE,Combined TRACON& Tower with Radar,268,19,22,0,309,0,0,1,0,1,268,19,23,0,310,0,0,0,310
04/30/2023,MSY,LA,ASW,CE,Combined TRACON& Tower with Radar,329,42,43,0,414,0,2,5,0,7,329,44,48,0,421,0,0,0,421
05/01/2023,MSY,LA,ASW,CE,Combined TRACON& Tower with Radar,328,33,24,0,385,0,7,10,0,17,328,40,34,0,402,0,0,0,402
05/02/2023,MSY,LA,ASW,CE,Combined TRACON& Tower with Radar,311,27,23,0,361,0,11,6,0,17,311,38,29,0,378,0,0,0,378
05/03/2023,MSY,LA,ASW,CE,Combined TRACON& Tower with Radar,308,32,24,2,366,0,13,13,3,29,308,45,37,5,395,0,0,0,395
05/04/2023,MSY,LA,ASW,CE,Combined TRACON& Tower with Radar,332,23,29,0,384,0,11,9,2,22,332,34,38,2,406,0,0,0,406
05/05/2023,MSY,LA,ASW,CE,Combined TRACON& Tower with Radar,327,19,21,0,367,0,2,2,0,4,327,21,23,0,371,0,0,0,371
05/06/2023,MSY,LA,ASW,CE,Combined TRACON& Tower with Radar,276,11,10,0,297,0,0,1,0,1,276,11,11,0,298,0,0,0,298
05/07/2023,MSY,LA,ASW,CE,Combined TRACON& Tower with Radar,348,41,22,0,411,0,1,1,0,2,348,42,23,0,413,0,0,0,413
05/08/2023,MSY,LA,ASW,CE,Combined TRACON& Tower with Radar,353,35,24,2,414,0,6,1,0,7,353,41,25,2,421,0,0,0,421
05/09/2023,MSY,LA,ASW,CE,Combined TRACON& Tower with Radar,314,19,11,2,346,0,7,1,0,8,314,26,12,2,354,0,0,0,354
05/10/2023,MSY,LA,ASW,CE,Combined TRACON& Tower with Radar,323,22,19,0,364,0,9,1,0,10,323,31,20,0,374,0,0,0,374
05/11/2023,MSY,LA,ASW,CE,Combined TRACON& Tower with Radar,326,24,32,2,384,0,9,0,0,9,326,33,32,2,393,0,0,0,393
05/12/2023,MSY,LA,ASW,CE,Combined TRACON& Tower with Radar,341,14,22,0,377,0,8,5,0,13,341,22,27,0,390,0,0,0,390
05/13/2023,MSY,LA,ASW,CE,Combined TRACON& Tower with Radar,280,11,21,0,312,0,0,4,0,4,280,11,25,0,316,0,0,0,316
05/14/2023,MSY,LA,ASW,CE,Combined TRACON& Tower with Radar,362,17,14,0,393,0,0,1,0,1,362,17,15,0,394,0,0,0,394
05/15/2023,MSY,LA,ASW,CE,Combined TRACON& Tower with Radar,341,27,13,0,381,0,11,0,0,11,341,38,13,0,392,0,0,0,392
05/16/2023,MSY,LA,ASW,CE,Combined TRACON& Tower with Radar,305,9,15,3,332,0,12,4,1,17,305,21,19,4,349,0,0,0,349
05/17/2023,MSY,LA,ASW,CE,Combined TRACON& Tower with Radar,332,22,19,2,375,0,3,3,0,6,332,25,22,2,381,0,0,0,381
05/18/2023,MSY,LA,ASW,CE,Combined TRACON& Tower with Radar,317,27,25,2,371,0,4,7,0,11,317,31,32,2,382,0,0,0,382
05/19/2023,MSY,LA,ASW,CE,Combined TRACON& Tower with Radar,347,17,17,0,381,0,12,5,1,18,347,29,22,1,399,0,0,0,399
05/20/2023,MSY,LA,ASW,CE,Combined TRACON& Tower with Radar,288,9,8,0,305,0,0,5,0,5,288,9,13,0,310,0,0,0,310
05/21/2023,MSY,LA,ASW,CE,Combined TRACON& Tower with Radar,344,28,31,0,403,0,3,8,0,11,344,31,39,0,414,0,0,0,414
05/22/2023,MSY,LA,ASW,CE,Combined TRACON& Tower with Radar,334,21,14,0,369,0,1,4,1,6,334,22,18,1,375,0,0,0,375
05/23/2023,MSY,LA,ASW,CE,Combined TRACON& Tower with Radar,306,11,16,1,334,0,4,2,0,6,306,15,18,1,340,0,0,0,340
05/24/2023,MSY,LA,ASW,CE,Combined TRACON& Tower with Radar,316,22,21,1,360,0,13,0,0,13,316,35,21,1,373,0,0,0,373
05/25/2023,MSY,LA,ASW,CE,Combined TRACON& Tower with Radar,328,8,18,0,354,0,3,3,1,7,328,11,21,1,361,0,0,0,361
05/26/2023,MSY,LA,ASW,CE,Combined TRACON& Tower with Radar,344,23,19,1,387,0,8,0,1,9,344,31,19,2,396,0,0,0,396
05/27/2023,MSY,LA,ASW,CE,Combined TRACON& Tower with Radar,277,7,7,0,291,0,1,6,0,7,277,8,13,0,298,0,0,0,298
05/28/2023,MSY,LA,ASW,CE,Combined TRACON& Tower with Radar,322,11,13,0,346,0,0,3,0,3,322,11,16,0,349,0,0,0,349
05/29/2023,MSY,LA,ASW,CE,Combined TRACON& Tower with Radar,335,10,13,0,358,0,3,0,1,4,335,13,13,1,362,0,0,0,362
05/30/2023,MSY,LA,ASW,CE,Combined TRACON& Tower with Radar,299,17,27,3,346,0,12,3,2,17,299,29,30,5,363,0,0,0,363
05/31/2023,MSY,LA,ASW,CE,Combined TRACON& Tower with Radar,317,14,19,0,350,0,9,9,1,19,317,23,28,1,369,0,0,0,369
06/01/2023,MSY,LA,ASW,CE,Combined TRACON& Tower with Radar,315,16,21,0,352,0,2,4,0,6,315,18,25,0,358,0,0,0,358
06/02/2023,MSY,LA,ASW,CE,Combined TRACON& Tower with Radar,325,21,23,2,371,0,11,5,0,16,325,32,28,2,387,0,0,0,387
06/03/2023,MSY,LA,ASW,CE,Combined TRACON& Tower with Radar,250,18,9,0,277,0,2,2,0,4,250,20,11,0,281,0,0,0,281
06/04/2023,MSY,LA,ASW,CE,Combined TRACON& Tower with Radar,319,15,16,0,350,0,4,6,0,10,319,19,22,0,360,0,0,0,360
06/05/2023,MSY,LA,ASW,CE,Combined TRACON& Tower with Radar,318,17,13,0,348,0,1,0,0,1,318,18,13,0,349,0,0,0,349
06/06/2023,MSY,LA,ASW,CE,Combined TRACON& Tower with Radar,284,22,24,0,330,0,3,13,2,18,284,25,37,2,348,0,0,0,348
06/07/2023,MSY,LA,ASW,CE,Combined TRACON& Tower with Radar,294,14,20,0,328,0,8,9,0,17,294,22,29,0,345,0,0,0,345
06/08/2023,MSY,LA,ASW,CE,Combined TRACON& Tower with Radar,303,13,12,0,328,0,8,1,0,9,303,21,13,0,337,0,0,0,337
06/09/2023,MSY,LA,ASW,CE,Combined TRACON& Tower with Radar,329,13,15,1,358,0,12,18,1,31,329,25,33,2,389,0,0,0,389
06/10/2023,MSY,LA,ASW,CE,Combined TRACON& Tower with Radar,257,5,12,0,274,0,1,3,0,4,257,6,15,0,278,0,0,0,278
06/11/2023,MSY,LA,ASW,CE,Combined TRACON& Tower with Radar,304,19,9,0,332,0,0,9,0,9,304,19,18,0,341,0,0,0,341
06/12/2023,MSY,LA,ASW,CE,Combined TRACON& Tower with Radar,305,15,13,2,335,0,9,5,0,14,305,24,18,2,349,0,0,0,349
06/13/2023,MSY,LA,ASW,CE,Combined TRACON& Tower with Radar,292,6,22,4,324,0,14,2,0,16,292,20,24,4,340,0,0,0,340
06/14/2023,MSY,LA,ASW,CE,Combined TRACON& Tower with Radar,293,17,18,0,328,0,13,8,6,27,293,30,26,6,355,0,0,0,355
06/15/2023,MSY,LA,ASW,CE,Combined TRACON& Tower with Radar,290,15,24,0,329,0,6,4,0,10,290,21,28,0,339,0,0,0,339
06/16/2023,MSY,LA,ASW,CE,Combined TRACON& Tower with Radar,319,9,12,3,343,0,2,5,0,7,319,11,17,3,350,0,0,0,350
06/17/2023,MSY,LA,ASW,CE,Combined TRACON& Tower with Radar,261,6,6,3,276,0,0,3,0,3,261,6,9,3,279,0,0,0,279
06/18/2023,MSY,LA,ASW,CE,Combined TRACON& Tower with Radar,299,12,11,0,322,0,0,4,0,4,299,12,15,0,326,0,0,0,326
06/19/2023,MSY,LA,ASW,CE,Combined TRACON& Tower with Radar,291,21,26,0,338,0,0,2,2,4,291,21,28,2,342,0,0,0,342
06/20/2023,MSY,LA,ASW,CE,Combined TRACON& Tower with Radar,287,14,18,2,321,0,0,5,0,5,287,14,23,2,326,0,0,0,326
06/21/2023,MSY,LA,ASW,CE,Combined TRACON& Tower with Radar,301,19,26,0,346,0,0,6,0,6,301,19,32,0,352,0,0,0,352
06/22/2023,MSY,LA,ASW,CE,Combined TRACON& Tower with Radar,297,12,23,0,332,0,0,6,0,6,297,12,29,0,338,0,0,0,338
06/23/2023,MSY,LA,ASW,CE,Combined TRACON& Tower with Radar,315,7,13,0,335,0,1,4,0,5,315,8,17,0,340,0,0,0,340
06/24/2023,MSY,LA,ASW,CE,Combined TRACON& Tower with Radar,255,12,13,0,280,0,0,1,0,1,255,12,14,0,281,0,0,0,281
06/25/2023,MSY,LA,ASW,CE,Combined TRACON& Tower with Radar,286,17,6,2,311,0,2,1,0,3,286,19,7,2,314,0,0,0,314
06/26/2023,MSY,LA,ASW,CE,Combined TRACON& Tower with Radar,283,20,7,0,310,0,8,4,0,12,283,28,11,0,322,0,0,0,322
06/27/2023,MSY,LA,ASW,CE,Combined TRACON& Tower with Radar,271,18,17,0,306,0,6,5,0,11,271,24,22,0,317,0,0,0,317
06/28/2023,MSY,LA,ASW,CE,Combined TRACON& Tower with Radar,282,14,11,2,309,0,11,5,0,16,282,25,16,2,325,0,0,0,325
06/29/2023,MSY,LA,ASW,CE,Combined TRACON& Tower with Radar,286,18,24,1,329,0,6,3,0,9,286,24,27,1,338,0,0,0,338
06/30/2023,MSY,LA,ASW,CE,Combined TRACON& Tower with Radar,309,26,20,3,358,0,9,6,0,15,309,35,26,3,373,0,0,0,373
07/01/2023,MSY,LA,ASW,CE,Combined TRACON& Tower with Radar,256,16,12,0,284,0,0,1,0,1,256,16,13,0,285,0,0,0,285
07/02/2023,MSY,LA,ASW,CE,Combined TRACON& Tower with Radar,300,7,31,0,338,0,1,5,0,6,300,8,36,0,344,0,0,0,344
07/03/2023,MSY,LA,ASW,CE,Combined TRACON& Tower with Radar,275,22,19,0,316,0,4,7,0,11,275,26,26,0,327,0,0,0,327
07/04/2023,MSY,LA,ASW,CE,Combined TRACON& Tower with Radar,242,6,7,0,255,0,0,0,0,0,242,6,7,0,255,0,0,0,255
07/05/2023,MSY,LA,ASW,CE,Combined TRACON& Tower with Radar,276,9,3,0,288,0,7,0,0,7,276,16,3,0,295,0,0,0,295
07/06/2023,MSY,LA,ASW,CE,Combined TRACON& Tower with Radar,300,14,12,0,326,0,5,7,1,13,300,19,19,1,339,0,0,0,339
07/07/2023,MSY,LA,ASW,CE,Combined TRACON& Tower with Radar,311,14,13,2,340,0,10,2,0,12,311,24,15,2,352,0,0,0,352
07/08/2023,MSY,LA,ASW,CE,Combined TRACON& Tower with Radar,258,14,3,3,278,0,0,3,1,4,258,14,6,4,282,0,0,0,282
07/09/2023,MSY,LA,ASW,CE,Combined TRACON& Tower with Radar,305,4,15,3,327,0,0,6,0,6,305,4,21,3,333,0,0,0,333
07/10/2023,MSY,LA,ASW,CE,Combined TRACON& Tower with Radar,303,15,15,0,333,0,0,0,0,0,303,15,15,0,333,0,0,0,333
07/11/2023,MSY,LA,ASW,CE,Combined TRACON& Tower with Radar,276,8,13,0,297,0,0,0,0,0,276,8,13,0,297,0,0,0,297
07/12/2023,MSY,LA,ASW,CE,Combined TRACON& Tower with Radar,286,11,22,0,319,0,12,6,0,18,286,23,28,0,337,0,0,0,337
07/13/2023,MSY,LA,ASW,CE,Combined TRACON& Tower with Radar,299,9,26,0,334,0,12,6,0,18,299,21,32,0,352,0,0,0,352
07/14/2023,MSY,LA,ASW,CE,Combined TRACON& Tower with Radar,316,12,10,3,341,0,11,2,0,13,316,23,12,3,354,0,0,0,354
07/15/2023,MSY,LA,ASW,CE,Combined TRACON& Tower with Radar,274,13,13,0,300,0,4,2,0,6,274,17,15,0,306,0,0,0,306
07/16/2023,MSY,LA,ASW,CE,Combined TRACON& Tower with Radar,269,4,13,1,287,0,5,1,0,6,269,9,14,1,293,0,0,0,293
07/17/2023,MSY,LA,ASW,CE,Combined TRACON& Tower with Radar,307,13,17,1,338,0,7,3,0,10,307,20,20,1,348,0,0,0,348
07/18/2023,MSY,LA,ASW,CE,Combined TRACON& Tower with Radar,278,17,15,0,310,0,13,4,0,17,278,30,19,0,327,0,0,0,327
07/19/2023,MSY,LA,ASW,CE,Combined TRACON& Tower with Radar,295,18,18,0,331,0,8,8,0,16,295,26,26,0,347,0,0,0,347
07/20/2023,MSY,LA,ASW,CE,Combined TRACON& Tower with Radar,293,8,27,1,329,0,13,4,0,17,293,21,31,1,346,0,0,0,346
07/21/2023,MSY,LA,ASW,CE,Combined TRACON& Tower with Radar,316,14,11,0,341,0,13,4,0,17,316,27,15,0,358,0,0,0,358
07/22/2023,MSY,LA,ASW,CE,Combined TRACON& Tower with Radar,269,14,2,1,286,0,0,7,0,7,269,14,9,1,293,0,0,0,293
07/23/2023,MSY,LA,ASW,CE,Combined TRACON& Tower with Radar,293,10,8,0,311,0,1,6,0,7,293,11,14,0,318,0,0,0,318
07/24/2023,MSY,LA,ASW,CE,Combined TRACON& Tower with Radar,309,16,15,0,340,0,6,5,1,12,309,22,20,1,352,0,0,0,352
07/25/2023,MSY,LA,ASW,CE,Combined TRACON& Tower with Radar,275,10,21,0,306,0,13,3,0,16,275,23,24,0,322,0,0,0,322
07/26/2023,MSY,LA,ASW,CE,Combined TRACON& Tower with Radar,288,10,21,0,319,0,3,2,0,5,288,13,23,0,324,0,0,0,324
07/27/2023,MSY,LA,ASW,CE,Combined TRACON& Tower with Radar,295,13,23,0,331,0,15,6,2,23,295,28,29,2,354,0,0,0,354
07/28/2023,MSY,LA,ASW,CE,Combined TRACON& Tower with Radar,315,12,11,0,338,0,9,1,0,10,315,21,12,0,348,0,0,0,348
07/29/2023,MSY,LA,ASW,CE,Combined TRACON& Tower with Radar,257,7,4,0,268,0,0,1,2,3,257,7,5,2,271,0,0,0,271
07/30/2023,MSY,LA,ASW,CE,Combined TRACON& Tower with Radar,297,10,17,0,324,0,0,5,2,7,297,10,22,2,331,0,0,0,331
07/31/2023,MSY,LA,ASW,CE,Combined TRACON& Tower with Radar,311,11,22,0,344,0,6,2,2,10,311,17,24,2,354,0,0,0,354
08/01/2023,MSY,LA,ASW,CE,Combined TRACON& Tower with Radar,274,8,14,0,296,0,8,5,1,14,274,16,19,1,310,0,0,0,310
08/02/2023,MSY,LA,ASW,CE,Combined TRACON& Tower with Radar,285,12,8,0,305,0,11,4,0,15,285,23,12,0,320,0,0,0,320
08/03/2023,MSY,LA,ASW,CE,Combined TRACON& Tower with Radar,295,12,10,0,317,0,11,3,0,14,295,23,13,0,331,0,0,0,331
08/04/2023,MSY,LA,ASW,CE,Combined TRACON& Tower with Radar,322,9,10,0,341,0,12,4,0,16,322,21,14,0,357,0,0,0,357
08/05/2023,MSY,LA,ASW,CE,Combined TRACON& Tower with Radar,266,12,8,0,286,0,2,6,1,9,266,14,14,1,295,0,0,0,295
08/06/2023,MSY,LA,ASW,CE,Combined TRACON& Tower with Radar,280,12,18,0,310,0,0,6,2,8,280,12,24,2,318,0,0,0,318
08/07/2023,MSY,LA,ASW,CE,Combined TRACON& Tower with Radar,301,18,16,0,335,0,6,13,2,21,301,24,29,2,356,0,0,0,356
08/08/2023,MSY,LA,ASW,CE,Combined TRACON& Tower with Radar,274,14,11,0,299,0,7,2,2,11,274,21,13,2,310,0,0,0,310
08/09/2023,MSY,LA,ASW,CE,Combined TRACON& Tower with Radar,286,10,17,0,313,0,11,8,1,20,286,21,25,1,333,0,0,0,333
08/10/2023,MSY,LA,ASW,CE,Combined TRACON& Tower with Radar,291,20,31,2,344,0,9,6,1,16,291,29,37,3,360,0,0,0,360
08/11/2023,MSY,LA,ASW,CE,Combined TRACON& Tower with Radar,315,23,15,2,355,0,8,2,0,10,315,31,17,2,365,0,0,0,365
08/12/2023,MSY,LA,ASW,CE,Combined TRACON& Tower with Radar,256,7,11,0,274,0,7,2,0,9,256,14,13,0,283,0,0,0,283
08/13/2023,MSY,LA,ASW,CE,Combined TRACON& Tower with Radar,300,23,15,0,338,0,2,1,0,3,300,25,16,0,341,0,0,0,341
08/14/2023,MSY,LA,ASW,CE,Combined TRACON& Tower with Radar,291,18,14,1,324,0,13,5,1,19,291,31,19,2,343,0,0,0,343
08/15/2023,MSY,LA,ASW,CE,Combined TRACON& Tower with Radar,261,13,10,0,284,0,13,4,0,17,261,26,14,0,301,0,0,0,301
08/16/2023,MSY,LA,ASW,CE,Combined TRACON& Tower with Radar,274,26,36,0,336,0,9,25,0,34,274,35,61,0,370,0,0,0,370
08/17/2023,MSY,LA,ASW,CE,Combined TRACON& Tower with Radar,268,12,28,0,308,0,5,14,0,19,268,17,42,0,327,0,0,0,327
08/18/2023,MSY,LA,ASW,CE,Combined TRACON& Tower with Radar,292,17,7,0,316,0,6,4,1,11,292,23,11,1,327,0,0,0,327
08/19/2023,MSY,LA,ASW,CE,Combined TRACON& Tower with Radar,239,8,14,0,261,0,0,4,0,4,239,8,18,0,265,0,0,0,265
08/20/2023,MSY,LA,ASW,CE,Combined TRACON& Tower with Radar,265,13,13,0,291,0,2,4,0,6,265,15,17,0,297,0,0,0,297
08/21/2023,MSY,LA,ASW,CE,Combined TRACON& Tower with Radar,284,9,11,0,304,0,3,2,0,5,284,12,13,0,309,0,0,0,309
08/22/2023,MSY,LA,ASW,CE,Combined TRACON& Tower with Radar,249,10,21,0,280,0,15,5,1,21,249,25,26,1,301,0,0,0,301
08/23/2023,MSY,LA,ASW,CE,Combined TRACON& Tower with Radar,264,20,17,2,303,0,8,3,0,11,264,28,20,2,314,0,0,0,314
08/24/2023,MSY,LA,ASW,CE,Combined TRACON& Tower with Radar,279,13,3,0,295,0,14,0,0,14,279,27,3,0,309,0,0,0,309
08/25/2023,MSY,LA,ASW,CE,Combined TRACON& Tower with Radar,288,15,14,2,319,0,11,4,1,16,288,26,18,3,335,0,0,0,335
08/26/2023,MSY,LA,ASW,CE,Combined TRACON& Tower with Radar,235,15,17,0,267,0,2,3,0,5,235,17,20,0,272,0,0,0,272
08/27/2023,MSY,LA,ASW,CE,Combined TRACON& Tower with Radar,259,11,18,0,288,0,0,4,2,6,259,11,22,2,294,0,0,0,294
08/28/2023,MSY,LA,ASW,CE,Combined TRACON& Tower with Radar,287,24,11,0,322,0,3,1,0,4,287,27,12,0,326,0,0,0,326
08/29/2023,MSY,LA,ASW,CE,Combined TRACON& Tower with Radar,242,14,17,0,273,0,6,3,1,10,242,20,20,1,283,0,0,0,283
08/30/2023,MSY,LA,ASW,CE,Combined TRACON& Tower with Radar,255,25,19,0,299,0,8,5,0,13,255,33,24,0,312,0,0,0,312
08/31/2023,MSY,LA,ASW,CE,Combined TRACON& Tower with Radar,275,16,35,0,326,0,13,5,0,18,275,29,40,0,344,0,0,0,344
