01/01/2020,MTN,MD,AEA,EN,Federal Contract Tower,0,4,6,0,10,0,1,62,0,63,0,5,68,0,73,16,0,16,89
01/02/2020,MTN,MD,AEA,EN,Federal Contract Tower,0,2,18,5,25,0,0,111,5,116,0,2,129,10,141,120,0,120,261
01/03/2020,MTN,MD,AEA,EN,Federal Contract Tower,0,0,20,0,20,0,0,10,0,10,0,0,30,0,30,0,0,0,30
01/04/2020,MTN,MD,AEA,EN,Federal Contract Tower,0,0,7,0,7,0,0,4,0,4,0,0,11,0,11,0,0,0,11
01/05/2020,MTN,MD,AEA,EN,Federal Contract Tower,0,6,17,0,23,0,0,26,0,26,0,6,43,0,49,12,0,12,61
01/06/2020,MTN,MD,AEA,EN,Federal Contract Tower,0,8,20,0,28,0,0,128,0,128,0,8,148,0,156,142,0,142,298
01/07/2020,MTN,MD,AEA,EN,Federal Contract Tower,0,2,17,8,27,0,0,50,7,57,0,2,67,15,84,44,0,44,128
01/08/2020,MTN,MD,AEA,EN,Federal Contract Tower,0,6,21,3,30,0,0,37,7,44,0,6,58,10,74,30,2,32,106
01/09/2020,MTN,MD,AEA,EN,Federal Contract Tower,0,8,26,5,39,0,2,116,6,124,0,10,142,11,163,116,2,118,281
01/10/2020,MTN,MD,AEA,EN,Federal Contract Tower,0,3,16,5,24,0,1,69,6,76,0,4,85,11,100,80,0,80,180
01/11/2020,MTN,MD,AEA,EN,Federal Contract Tower,0,5,15,7,27,0,0,67,9,76,0,5,82,16,103,150,10,160,263
01/12/2020,MTN,MD,AEA,EN,Federal Contract Tower,0,2,15,0,17,0,0,60,0,60,0,2,75,0,77,44,0,44,121
01/13/2020,MTN,MD,AEA,EN,Federal Contract Tower,0,0,23,0,23,0,2,87,0,89,0,2,110,0,112,96,0,96,208
01/14/2020,MTN,MD,AEA,EN,Federal Contract Tower,0,2,18,0,20,0,0,2,0,2,0,2,20,0,22,0,0,0,22
01/15/2020,MTN,MD,AEA,EN,Federal Contract Tower,0,9,27,4,40,0,0,100,8,108,0,9,127,12,148,128,2,130,278
01/16/2020,MTN,MD,AEA,EN,Federal Contract Tower,0,6,15,4,25,0,0,20,5,25,0,6,35,9,50,20,4,24,74
01/17/2020,MTN,MD,AEA,EN,Federal Contract Tower,0,3,27,2,32,0,0,107,0,107,0,3,134,2,139,48,0,48,187
01/18/2020,MTN,MD,AEA,EN,Federal Contract Tower,0,4,4,0,8,0,0,4,0,4,0,4,8,0,12,34,0,34,46
01/19/2020,MTN,MD,AEA,EN,Federal Contract Tower,0,1,9,0,10,0,0,24,0,24,0,1,33,0,34,28,0,28,62
01/20/2020,MTN,MD,AEA,EN,Federal Contract Tower,0,7,23,0,30,0,1,97,0,98,0,8,120,0,128,122,0,122,250
01/21/2020,MTN,MD,AEA,EN,Federal Contract Tower,0,0,27,5,32,0,0,138,8,146,0,0,165,13,178,148,4,152,330
01/22/2020,MTN,MD,AEA,EN,Federal Contract Tower,0,5,17,5,27,0,0,126,9,135,0,5,143,14,162,156,0,156,318
01/23/2020,MTN,MD,AEA,EN,Federal Contract Tower,0,17,36,5,58,0,1,113,7,121,0,18,149,12,179,102,2,104,283
01/24/2020,MTN,MD,AEA,EN,Federal Contract Tower,0,5,34,4,43,0,1,123,4,128,0,6,157,8,171,162,0,162,333
01/25/2020,MTN,MD,AEA,EN,Federal Contract Tower,0,6,22,0,28,0,0,32,0,32,0,6,54,0,60,20,0,20,80
01/26/2020,MTN,MD,AEA,EN,Federal Contract Tower,0,3,13,0,16,0,0,103,0,103,0,3,116,0,119,100,0,100,219
01/27/2020,MTN,MD,AEA,EN,Federal Contract Tower,0,9,21,0,30,0,1,76,0,77,0,10,97,0,107,116,0,116,223
01/28/2020,MTN,MD,AEA,EN,Federal Contract Tower,0,6,14,4,24,0,0,94,3,97,0,6,108,7,121,130,4,134,255
01/29/2020,MTN,MD,AEA,EN,Federal Contract Tower,0,8,20,3,31,0,1,102,2,105,0,9,122,5,136,82,2,84,220
01/30/2020,MTN,MD,AEA,EN,Federal Contract Tower,0,6,22,1,29,0,0,122,0,122,0,6,144,1,151,70,0,70,221
01/31/2020,MTN,MD,AEA,EN,Federal Contract Tower,0,4,21,4,29,0,0,117,4,121,0,4,138,8,150,70,0,70,220
02/01/2020,MTN,MD,AEA,EN,Federal Contract Tower,0,2,10,0,12,0,2,65,0,67,0,4,75,0,79,66,0,66,145
02/02/2020,MTN,MD,AEA,EN,Federal Contract Tower,0,8,20,0,28,0,0,79,2,81,0,8,99,2,109,130,0,130,239
02/03/2020,MTN,MD,AEA,EN,Federal Contract Tower,0,5,32,0,37,0,0,146,0,146,0,5,178,0,183,182,0,182,365
02/04/2020,MTN,MD,AEA,EN,Federal Contract Tower,0,7,14,2,23,0,1,96,0,97,0,8,110,2,120,36,0,36,156
02/05/2020,MTN,MD,AEA,EN,Federal Contract Tower,0,4,27,2,33,0,0,33,0,33,0,4,60,2,66,30,0,30,96
02/06/2020,MTN,MD,AEA,EN,Federal Contract Tower,0,3,15,0,18,0,0,0,0,0,0,3,15,0,18,0,0,0,18
02/07/2020,MTN,MD,AEA,EN,Federal Contract Tower,0,0,0,0,0,0,0,14,1,15,0,0,14,1,15,0,0,0,15
02/08/2020,MTN,MD,AEA,EN,Federal Contract Tower,0,8,21,0,29,0,0,153,2,155,0,8,174,2,184,138,6,144,328
02/09/2020,MTN,MD,AEA,EN,Federal Contract Tower,0,3,19,0,22,0,1,160,0,161,0,4,179,0,183,184,0,184,367
02/10/2020,MTN,MD,AEA,EN,Federal Contract Tower,24,0,57,0,81,0,0,0,0,0,24,0,57,0,81,120,0,120,201
02/11/2020,MTN,MD,AEA,EN,Federal Contract Tower,0,9,32,1,42,0,0,23,1,24,0,9,55,2,66,16,2,18,84
02/12/2020,MTN,MD,AEA,EN,Federal Contract Tower,0,3,29,2,34,0,0,112,1,113,0,3,141,3,147,187,2,189,336
02/13/2020,MTN,MD,AEA,EN,Federal Contract Tower,0,3,33,9,45,0,0,0,0,0,0,3,33,9,45,0,0,0,45
02/14/2020,MTN,MD,AEA,EN,Federal Contract Tower,0,3,26,1,30,0,1,78,0,79,0,4,104,1,109,64,0,64,173
02/15/2020,MTN,MD,AEA,EN,Federal Contract Tower,0,4,17,0,21,0,0,141,0,141,0,4,158,0,162,140,0,140,302
02/16/2020,MTN,MD,AEA,EN,Federal Contract Tower,0,0,21,0,21,0,0,135,0,135,0,0,156,0,156,168,0,168,324
02/17/2020,MTN,MD,AEA,EN,Federal Contract Tower,0,4,24,0,28,0,0,167,0,167,0,4,191,0,195,176,0,176,371
02/18/2020,MTN,MD,AEA,EN,Federal Contract Tower,0,7,26,5,38,0,0,86,5,91,0,7,112,10,129,64,0,64,193
02/19/2020,MTN,MD,AEA,EN,Federal Contract Tower,0,7,26,8,41,0,0,117,8,125,0,7,143,16,166,136,20,156,322
02/20/2020,MTN,MD,AEA,EN,Federal Contract Tower,0,3,32,6,41,0,0,106,6,112,0,3,138,12,153,76,0,76,229
02/21/2020,MTN,MD,AEA,EN,Federal Contract Tower,0,3,19,6,28,0,0,115,5,120,0,3,134,11,148,144,4,148,296
02/22/2020,MTN,MD,AEA,EN,Federal Contract Tower,0,5,25,0,30,0,2,150,0,152,0,7,175,0,182,116,0,116,298
02/23/2020,MTN,MD,AEA,EN,Federal Contract Tower,0,2,18,0,20,0,0,155,0,155,0,2,173,0,175,222,0,222,397
02/24/2020,MTN,MD,AEA,EN,Federal Contract Tower,0,1,30,0,31,0,0,141,0,141,0,1,171,0,172,196,0,196,368
02/25/2020,MTN,MD,AEA,EN,Federal Contract Tower,0,1,25,2,28,0,0,0,0,0,0,1,25,2,28,0,0,0,28
02/26/2020,MTN,MD,AEA,EN,Federal Contract Tower,0,4,13,4,21,0,0,0,0,0,0,4,13,4,21,0,0,0,21
02/27/2020,MTN,MD,AEA,EN,Federal Contract Tower,0,3,32,4,39,0,0,19,4,23,0,3,51,8,62,2,2,4,66
02/28/2020,MTN,MD,AEA,EN,Federal Contract Tower,0,4,31,4,39,0,0,86,9,95,0,4,117,13,134,30,0,30,164
02/29/2020,MTN,MD,AEA,EN,Federal Contract Tower,0,2,12,0,14,0,0,57,0,57,0,2,69,0,71,50,0,50,121
03/01/2020,MTN,MD,AEA,EN,Federal Contract Tower,0,0,25,0,25,0,0,128,0,128,0,0,153,0,153,170,0,170,323
03/02/2020,MTN,MD,AEA,EN,Federal Contract Tower,0,0,23,0,23,0,1,133,0,134,0,1,156,0,157,226,0,226,383
03/03/2020,MTN,MD,AEA,EN,Federal Contract Tower,0,3,23,4,30,0,0,46,4,50,0,3,69,8,80,122,6,128,208
03/04/2020,MTN,MD,AEA,EN,Federal Contract Tower,0,8,27,4,39,0,0,104,8,112,0,8,131,12,151,168,0,168,319
03/05/2020,MTN,MD,AEA,EN,Federal Contract Tower,0,5,45,3,53,0,3,160,6,169,0,8,205,9,222,210,0,210,432
03/06/2020,MTN,MD,AEA,EN,Federal Contract Tower,0,7,19,8,34,0,0,30,0,30,0,7,49,8,64,20,0,20,84
03/07/2020,MTN,MD,AEA,EN,Federal Contract Tower,0,4,15,0,19,0,1,44,0,45,0,5,59,0,64,32,0,32,96
03/08/2020,MTN,MD,AEA,EN,Federal Contract Tower,0,5,40,0,45,0,2,167,0,169,0,7,207,0,214,302,0,302,516
03/09/2020,MTN,MD,AEA,EN,Federal Contract Tower,0,4,21,0,25,0,0,128,0,128,0,4,149,0,153,240,0,240,393
03/10/2020,MTN,MD,AEA,EN,Federal Contract Tower,0,10,25,1,36,0,0,55,2,57,0,10,80,3,93,40,24,64,157
03/11/2020,MTN,MD,AEA,EN,Federal Contract Tower,0,5,42,9,56,0,0,136,0,136,0,5,178,9,192,206,0,206,398
03/12/2020,MTN,MD,AEA,EN,Federal Contract Tower,0,2,36,14,52,0,0,0,0,0,0,2,36,14,52,240,2,242,294
03/13/2020,MTN,MD,AEA,EN,Federal Contract Tower,0,8,37,4,49,0,1,36,5,42,0,9,73,9,91,14,0,14,105
03/14/2020,MTN,MD,AEA,EN,Federal Contract Tower,0,4,24,8,36,0,0,165,0,165,0,4,189,8,201,216,4,220,421
03/15/2020,MTN,MD,AEA,EN,Federal Contract Tower,0,5,14,0,19,0,0,117,0,117,0,5,131,0,136,264,0,264,400
03/16/2020,MTN,MD,AEA,EN,Federal Contract Tower,0,3,10,0,13,0,0,99,0,99,0,3,109,0,112,182,0,182,294
03/17/2020,MTN,MD,AEA,EN,Federal Contract Tower,0,4,28,7,39,0,0,68,3,71,0,4,96,10,110,86,4,90,200
03/18/2020,MTN,MD,AEA,EN,Federal Contract Tower,0,9,17,5,31,0,0,132,5,137,0,9,149,10,168,138,0,138,306
03/19/2020,MTN,MD,AEA,EN,Federal Contract Tower,0,3,18,7,28,0,0,21,0,21,0,3,39,7,49,16,0,16,65
03/20/2020,MTN,MD,AEA,EN,Federal Contract Tower,0,2,16,4,22,0,37,5,2,44,0,39,21,6,66,8,6,14,80
03/21/2020,MTN,MD,AEA,EN,Federal Contract Tower,0,2,5,0,7,0,0,86,0,86,0,2,91,0,93,144,0,144,237
03/22/2020,MTN,MD,AEA,EN,Federal Contract Tower,0,8,10,0,18,0,0,87,0,87,0,8,97,0,105,98,0,98,203
03/23/2020,MTN,MD,AEA,EN,Federal Contract Tower,0,4,12,0,16,0,0,0,0,0,0,4,12,0,16,0,0,0,16
03/24/2020,MTN,MD,AEA,EN,Federal Contract Tower,0,2,8,5,15,0,0,65,7,72,0,2,73,12,87,44,4,48,135
03/25/2020,MTN,MD,AEA,EN,Federal Contract Tower,0,8,9,0,17,0,0,4,0,4,0,8,13,0,21,0,0,0,21
03/26/2020,MTN,MD,AEA,EN,Federal Contract Tower,0,2,7,4,13,0,0,107,6,113,0,2,114,10,126,142,4,146,272
03/27/2020,MTN,MD,AEA,EN,Federal Contract Tower,0,3,11,7,21,0,0,87,9,96,0,3,98,16,117,46,8,54,171
03/28/2020,MTN,MD,AEA,EN,Federal Contract Tower,0,0,2,0,2,0,0,0,0,0,0,0,2,0,2,0,0,0,2
03/29/2020,MTN,MD,AEA,EN,Federal Contract Tower,0,2,10,0,12,0,0,0,0,0,0,2,10,0,12,0,0,0,12
03/30/2020,MTN,MD,AEA,EN,Federal Contract Tower,0,4,15,0,19,0,4,69,0,73,0,8,84,0,92,72,0,72,164
03/31/2020,MTN,MD,AEA,EN,Federal Contract Tower,0,2,8,8,18,0,0,27,5,32,0,2,35,13,50,46,0,46,96
04/01/2020,MTN,MD,AEA,EN,Federal Contract Tower,0,3,4,6,13,0,0,35,7,42,0,3,39,13,55,2,4,6,61
04/02/2020,MTN,MD,AEA,EN,Federal Contract Tower,0,5,6,10,21,0,0,24,6,30,0,5,30,16,51,0,2,2,53
04/03/2020,MTN,MD,AEA,EN,Federal Contract Tower,0,3,5,2,10,0,1,27,4,32,0,4,32,6,42,6,0,6,48
04/04/2020,MTN,MD,AEA,EN,Federal Contract Tower,0,4,13,0,17,0,0,42,0,42,0,4,55,0,59,72,0,72,131
04/05/2020,MTN,MD,AEA,EN,Federal Contract Tower,0,1,0,0,1,0,0,58,0,58,0,1,58,0,59,48,0,48,107
04/06/2020,MTN,MD,AEA,EN,Federal Contract Tower,0,2,4,0,6,0,1,98,0,99,0,3,102,0,105,70,0,70,175
04/07/2020,MTN,MD,AEA,EN,Federal Contract Tower,0,1,8,0,9,0,1,59,0,60,0,2,67,0,69,58,2,60,129
04/08/2020,MTN,MD,AEA,EN,Federal Contract Tower,0,2,6,0,8,0,0,0,0,0,0,2,6,0,8,0,2,2,10
04/09/2020,MTN,MD,AEA,EN,Federal Contract Tower,0,2,3,1,6,0,0,0,0,0,0,2,3,1,6,0,0,0,6
04/10/2020,MTN,MD,AEA,EN,Federal Contract Tower,0,0,6,0,6,0,0,14,0,14,0,0,20,0,20,4,0,4,24
04/11/2020,MTN,MD,AEA,EN,Federal Contract Tower,0,0,6,0,6,0,1,27,0,28,0,1,33,0,34,12,0,12,46
04/12/2020,MTN,MD,AEA,EN,Federal Contract Tower,0,1,6,0,7,0,0,33,0,33,0,1,39,0,40,6,0,6,46
04/13/2020,MTN,MD,AEA,EN,Federal Contract Tower,0,0,2,0,2,0,0,13,0,13,0,0,15,0,15,2,0,2,17
04/14/2020,MTN,MD,AEA,EN,Federal Contract Tower,0,3,16,0,19,0,0,66,0,66,0,3,82,0,85,26,0,26,111
04/15/2020,MTN,MD,AEA,EN,Federal Contract Tower,0,0,3,0,3,0,0,59,0,59,0,0,62,0,62,16,4,20,82
04/16/2020,MTN,MD,AEA,EN,Federal Contract Tower,0,2,3,1,6,0,33,0,0,33,0,35,3,1,39,0,0,0,39
04/17/2020,MTN,MD,AEA,EN,Federal Contract Tower,0,0,9,0,9,0,1,47,2,50,0,1,56,2,59,12,2,14,73
04/18/2020,MTN,MD,AEA,EN,Federal Contract Tower,0,0,2,0,2,0,0,11,0,11,0,0,13,0,13,0,0,0,13
04/19/2020,MTN,MD,AEA,EN,Federal Contract Tower,0,4,6,0,10,0,0,67,0,67,0,4,73,0,77,10,0,10,87
04/20/2020,MTN,MD,AEA,EN,Federal Contract Tower,0,6,7,0,13,0,0,46,0,46,0,6,53,0,59,14,0,14,73
04/21/2020,MTN,MD,AEA,EN,Federal Contract Tower,0,4,4,2,10,0,1,26,2,29,0,5,30,4,39,10,2,12,51
04/22/2020,MTN,MD,AEA,EN,Federal Contract Tower,0,0,4,4,8,0,0,60,4,64,0,0,64,8,72,8,8,16,88
04/23/2020,MTN,MD,AEA,EN,Federal Contract Tower,0,3,0,2,5,0,0,39,6,45,0,3,39,8,50,14,0,14,64
04/24/2020,MTN,MD,AEA,EN,Federal Contract Tower,0,0,14,1,15,0,0,14,0,14,0,0,28,1,29,60,0,60,89
04/25/2020,MTN,MD,AEA,EN,Federal Contract Tower,0,1,18,0,19,0,0,54,0,54,0,1,72,0,73,54,0,54,127
04/26/2020,MTN,MD,AEA,EN,Federal Contract Tower,0,2,5,0,7,0,0,2,0,2,0,2,7,0,9,6,0,6,15
04/27/2020,MTN,MD,AEA,EN,Federal Contract Tower,0,2,3,0,5,0,0,25,0,25,0,2,28,0,30,0,0,0,30
04/28/2020,MTN,MD,AEA,EN,Federal Contract Tower,0,1,6,4,11,0,0,102,4,106,0,1,108,8,117,64,0,64,181
04/29/2020,MTN,MD,AEA,EN,Federal Contract Tower,0,3,11,2,16,0,0,80,0,80,0,3,91,2,96,62,2,64,160
04/30/2020,MTN,MD,AEA,EN,Federal Contract Tower,0,3,1,7,11,0,0,2,4,6,0,3,3,11,17,0,0,0,17
05/01/2020,MTN,MD,AEA,EN,Federal Contract Tower,0,4,8,6,18,0,2,55,1,58,0,6,63,7,76,70,0,70,146
05/02/2020,MTN,MD,AEA,EN,Federal Contract Tower,0,2,11,7,20,0,0,93,4,97,0,2,104,11,117,64,0,64,181
05/03/2020,MTN,MD,AEA,EN,Federal Contract Tower,0,4,6,7,17,0,1,40,9,50,0,5,46,16,67,32,0,32,99
05/04/2020,MTN,MD,AEA,EN,Federal Contract Tower,0,2,17,0,19,0,0,41,0,41,0,2,58,0,60,42,0,42,102
05/05/2020,MTN,MD,AEA,EN,Federal Contract Tower,0,1,14,4,19,0,0,123,6,129,0,1,137,10,148,78,6,84,232
05/06/2020,MTN,MD,AEA,EN,Federal Contract Tower,0,6,18,11,35,0,0,4,0,4,0,6,22,11,39,0,0,0,39
05/07/2020,MTN,MD,AEA,EN,Federal Contract Tower,0,5,8,4,17,0,0,128,7,135,0,5,136,11,152,100,0,100,252
05/08/2020,MTN,MD,AEA,EN,Federal Contract Tower,0,0,6,3,9,0,0,57,0,57,0,0,63,3,66,50,0,50,116
05/09/2020,MTN,MD,AEA,EN,Federal Contract Tower,0,2,6,0,8,0,1,19,0,20,0,3,25,0,28,74,0,74,102
05/10/2020,MTN,MD,AEA,EN,Federal Contract Tower,0,3,12,0,15,0,3,86,0,89,0,6,98,0,104,80,0,80,184
05/11/2020,MTN,MD,AEA,EN,Federal Contract Tower,0,7,8,0,15,0,0,44,0,44,0,7,52,0,59,14,2,16,75
05/12/2020,MTN,MD,AEA,EN,Federal Contract Tower,0,6,10,3,19,0,0,97,3,100,0,6,107,6,119,12,0,12,131
05/13/2020,MTN,MD,AEA,EN,Federal Contract Tower,0,0,20,2,22,0,0,122,0,122,0,0,142,2,144,214,2,216,360
05/14/2020,MTN,MD,AEA,EN,Federal Contract Tower,0,2,18,3,23,0,0,107,3,110,0,2,125,6,133,178,2,180,313
05/15/2020,MTN,MD,AEA,EN,Federal Contract Tower,0,0,16,2,18,0,0,109,20,129,0,0,125,22,147,110,0,110,257
05/16/2020,MTN,MD,AEA,EN,Federal Contract Tower,0,2,13,2,17,0,0,103,0,103,0,2,116,2,120,218,0,218,338
05/17/2020,MTN,MD,AEA,EN,Federal Contract Tower,0,7,17,0,24,0,0,28,0,28,0,7,45,0,52,0,0,0,52
05/18/2020,MTN,MD,AEA,EN,Federal Contract Tower,0,4,29,0,33,0,0,50,0,50,0,4,79,0,83,58,0,58,141
05/19/2020,MTN,MD,AEA,EN,Federal Contract Tower,0,1,18,5,24,0,0,67,3,70,0,1,85,8,94,44,0,44,138
05/20/2020,MTN,MD,AEA,EN,Federal Contract Tower,0,0,27,4,31,0,1,49,3,53,0,1,76,7,84,6,0,6,90
05/21/2020,MTN,MD,AEA,EN,Federal Contract Tower,0,5,17,3,25,0,2,0,0,2,0,7,17,3,27,180,16,196,223
05/22/2020,MTN,MD,AEA,EN,Federal Contract Tower,0,2,19,0,21,0,0,6,0,6,0,2,25,0,27,0,0,0,27
05/23/2020,MTN,MD,AEA,EN,Federal Contract Tower,0,0,15,0,15,0,0,89,0,89,0,0,104,0,104,188,0,188,292
05/24/2020,MTN,MD,AEA,EN,Federal Contract Tower,0,0,20,0,20,0,0,33,0,33,0,0,53,0,53,104,0,104,157
05/25/2020,MTN,MD,AEA,EN,Federal Contract Tower,0,5,16,0,21,0,0,82,0,82,0,5,98,0,103,122,0,122,225
05/26/2020,MTN,MD,AEA,EN,Federal Contract Tower,0,2,29,3,34,0,1,87,3,91,0,3,116,6,125,122,0,122,247
05/27/2020,MTN,MD,AEA,EN,Federal Contract Tower,0,2,26,7,35,0,0,67,3,70,0,2,93,10,105,152,2,154,259
05/28/2020,MTN,MD,AEA,EN,Federal Contract Tower,0,2,30,6,38,0,0,28,1,29,0,2,58,7,67,18,0,18,85
05/29/2020,MTN,MD,AEA,EN,Federal Contract Tower,0,5,20,6,31,0,0,0,0,0,0,5,20,6,31,28,0,28,59
05/30/2020,MTN,MD,AEA,EN,Federal Contract Tower,0,6,17,1,24,0,1,144,1,146,0,7,161,2,170,86,0,86,256
05/31/2020,MTN,MD,AEA,EN,Federal Contract Tower,0,2,19,0,21,0,0,106,0,106,0,2,125,0,127,72,0,72,199
06/01/2020,MTN,MD,AEA,EN,Federal Contract Tower,0,12,11,0,23,0,0,158,0,158,0,12,169,0,181,172,0,172,353
06/02/2020,MTN,MD,AEA,EN,Federal Contract Tower,0,11,10,5,26,0,3,142,5,150,0,14,152,10,176,90,0,90,266
06/03/2020,MTN,MD,AEA,EN,Federal Contract Tower,0,6,20,5,31,0,0,88,6,94,0,6,108,11,125,32,0,32,157
06/04/2020,MTN,MD,AEA,EN,Federal Contract Tower,0,4,14,6,24,0,0,109,8,117,0,4,123,14,141,138,2,140,281
06/05/2020,MTN,MD,AEA,EN,Federal Contract Tower,0,3,10,3,16,0,0,60,5,65,0,3,70,8,81,60,2,62,143
06/06/2020,MTN,MD,AEA,EN,Federal Contract Tower,0,4,12,0,16,0,105,0,0,105,0,109,12,0,121,106,0,106,227
06/07/2020,MTN,MD,AEA,EN,Federal Contract Tower,0,4,7,0,11,0,0,141,0,141,0,4,148,0,152,84,0,84,236
06/08/2020,MTN,MD,AEA,EN,Federal Contract Tower,0,7,9,0,16,0,0,151,0,151,0,7,160,0,167,148,0,148,315
06/09/2020,MTN,MD,AEA,EN,Federal Contract Tower,0,4,18,10,32,0,0,133,8,141,0,4,151,18,173,198,0,198,371
06/10/2020,MTN,MD,AEA,EN,Federal Contract Tower,0,8,26,5,39,0,0,52,6,58,0,8,78,11,97,20,0,20,117
06/11/2020,MTN,MD,AEA,EN,Federal Contract Tower,0,5,24,4,33,0,1,55,6,62,0,6,79,10,95,96,0,96,191
06/12/2020,MTN,MD,AEA,EN,Federal Contract Tower,0,4,39,2,45,0,0,142,2,144,0,4,181,4,189,114,0,114,303
06/13/2020,MTN,MD,AEA,EN,Federal Contract Tower,0,4,15,0,19,0,0,174,0,174,0,4,189,0,193,122,0,122,315
06/14/2020,MTN,MD,AEA,EN,Federal Contract Tower,0,5,25,0,30,0,0,106,0,106,0,5,131,0,136,156,2,158,294
06/15/2020,MTN,MD,AEA,EN,Federal Contract Tower,0,7,19,0,26,0,0,115,0,115,0,7,134,0,141,70,0,70,211
06/16/2020,MTN,MD,AEA,EN,Federal Contract Tower,0,6,31,5,42,0,0,117,5,122,0,6,148,10,164,58,4,62,226
06/17/2020,MTN,MD,AEA,EN,Federal Contract Tower,0,1,16,11,28,0,0,41,6,47,0,1,57,17,75,42,2,44,119
06/18/2020,MTN,MD,AEA,EN,Federal Contract Tower,0,3,17,10,30,0,0,61,9,70,0,3,78,19,100,116,14,130,230
06/19/2020,MTN,MD,AEA,EN,Federal Contract Tower,0,7,14,4,25,0,0,69,6,75,0,7,83,10,100,44,10,54,154
06/20/2020,MTN,MD,AEA,EN,Federal Contract Tower,0,0,18,0,18,0,0,20,0,20,0,0,38,0,38,24,0,24,62
06/21/2020,MTN,MD,AEA,EN,Federal Contract Tower,0,2,18,0,20,0,0,88,0,88,0,2,106,0,108,88,12,100,208
06/22/2020,MTN,MD,AEA,EN,Federal Contract Tower,0,4,18,0,22,0,0,131,0,131,0,4,149,0,153,144,0,144,297
06/23/2020,MTN,MD,AEA,EN,Federal Contract Tower,0,9,23,2,34,0,0,105,7,112,0,9,128,9,146,138,0,138,284
06/24/2020,MTN,MD,AEA,EN,Federal Contract Tower,0,8,22,4,34,0,1,127,9,137,0,9,149,13,171,138,4,142,313
06/25/2020,MTN,MD,AEA,EN,Federal Contract Tower,0,12,37,4,53,0,0,132,23,155,0,12,169,27,208,152,0,152,360
06/26/2020,MTN,MD,AEA,EN,Federal Contract Tower,0,8,24,4,36,0,0,158,8,166,0,8,182,12,202,140,8,148,350
06/27/2020,MTN,MD,AEA,EN,Federal Contract Tower,0,7,15,0,22,0,0,80,0,80,0,7,95,0,102,114,0,114,216
06/28/2020,MTN,MD,AEA,EN,Federal Contract Tower,0,14,11,0,25,0,0,97,0,97,0,14,108,0,122,204,0,204,326
06/29/2020,MTN,MD,AEA,EN,Federal Contract Tower,0,8,8,0,16,0,0,137,1,138,0,8,145,1,154,132,0,132,286
06/30/2020,MTN,MD,AEA,EN,Federal Contract Tower,0,6,22,8,36,0,0,127,10,137,0,6,149,18,173,210,0,210,383
07/01/2020,MTN,MD,AEA,EN,Federal Contract Tower,0,6,18,4,28,0,0,97,9,106,0,6,115,13,134,124,8,132,266
07/02/2020,MTN,MD,AEA,EN,Federal Contract Tower,0,7,19,4,30,0,0,110,8,118,0,7,129,12,148,90,8,98,246
07/03/2020,MTN,MD,AEA,EN,Federal Contract Tower,0,5,10,0,15,0,2,137,0,139,0,7,147,0,154,91,0,91,245
07/04/2020,MTN,MD,AEA,EN,Federal Contract Tower,0,1,7,0,8,0,0,72,0,72,0,1,79,0,80,38,0,38,118
07/05/2020,MTN,MD,AEA,EN,Federal Contract Tower,0,5,11,0,16,0,0,76,0,76,0,5,87,0,92,102,0,102,194
07/06/2020,MTN,MD,AEA,EN,Federal Contract Tower,0,11,22,0,33,0,1,76,0,77,0,12,98,0,110,114,0,114,224
07/07/2020,MTN,MD,AEA,EN,Federal Contract Tower,0,6,36,7,49,0,0,66,3,69,0,6,102,10,118,68,0,68,186
07/08/2020,MTN,MD,AEA,EN,Federal Contract Tower,0,3,30,4,37,0,0,84,4,88,0,3,114,8,125,136,4,140,265
07/09/2020,MTN,MD,AEA,EN,Federal Contract Tower,0,7,26,3,36,0,0,88,4,92,0,7,114,7,128,88,0,88,216
07/10/2020,MTN,MD,AEA,EN,Federal Contract Tower,0,6,17,3,26,0,0,38,3,41,0,6,55,6,67,0,8,8,75
07/11/2020,MTN,MD,AEA,EN,Federal Contract Tower,0,4,24,0,28,0,1,98,0,99,0,5,122,0,127,134,0,134,261
07/12/2020,MTN,MD,AEA,EN,Federal Contract Tower,0,2,23,0,25,0,1,96,0,97,0,3,119,0,122,142,0,142,264
07/13/2020,MTN,MD,AEA,EN,Federal Contract Tower,0,12,17,2,31,0,0,109,0,109,0,12,126,2,140,152,0,152,292
07/14/2020,MTN,MD,AEA,EN,Federal Contract Tower,0,5,26,6,37,0,0,143,7,150,0,5,169,13,187,164,6,170,357
07/15/2020,MTN,MD,AEA,EN,Federal Contract Tower,0,4,22,5,31,0,0,131,1,132,0,4,153,6,163,136,0,136,299
07/16/2020,MTN,MD,AEA,EN,Federal Contract Tower,0,7,37,4,48,0,0,50,3,53,0,7,87,7,101,14,0,14,115
07/17/2020,MTN,MD,AEA,EN,Federal Contract Tower,0,4,25,3,32,0,1,110,7,118,0,5,135,10,150,110,0,110,260
07/18/2020,MTN,MD,AEA,EN,Federal Contract Tower,0,10,22,0,32,0,2,149,2,153,0,12,171,2,185,162,0,162,347
07/19/2020,MTN,MD,AEA,EN,Federal Contract Tower,0,1,18,0,19,0,0,94,0,94,0,1,112,0,113,86,0,86,199
07/20/2020,MTN,MD,AEA,EN,Federal Contract Tower,0,6,19,0,25,0,0,100,0,100,0,6,119,0,125,78,0,78,203
07/21/2020,MTN,MD,AEA,EN,Federal Contract Tower,0,5,24,6,35,0,1,97,22,120,0,6,121,28,155,84,2,86,241
07/22/2020,MTN,MD,AEA,EN,Federal Contract Tower,0,4,25,7,36,0,0,58,3,61,0,4,83,10,97,40,0,40,137
07/23/2020,MTN,MD,AEA,EN,Federal Contract Tower,0,8,24,4,36,0,1,102,9,112,0,9,126,13,148,72,0,72,220
07/24/2020,MTN,MD,AEA,EN,Federal Contract Tower,0,3,27,6,36,0,0,66,6,72,0,3,93,12,108,70,6,76,184
07/25/2020,MTN,MD,AEA,EN,Federal Contract Tower,0,2,30,1,33,0,0,66,0,66,0,2,96,1,99,58,0,58,157
07/26/2020,MTN,MD,AEA,EN,Federal Contract Tower,0,4,20,0,24,0,1,121,1,123,0,5,141,1,147,126,0,126,273
07/27/2020,MTN,MD,AEA,EN,Federal Contract Tower,0,5,18,0,23,0,0,104,0,104,0,5,122,0,127,66,0,66,193
07/28/2020,MTN,MD,AEA,EN,Federal Contract Tower,0,5,16,6,27,0,1,106,2,109,0,6,122,8,136,100,0,100,236
07/29/2020,MTN,MD,AEA,EN,Federal Contract Tower,0,10,25,9,44,0,0,144,4,148,0,10,169,13,192,70,0,70,262
07/30/2020,MTN,MD,AEA,EN,Federal Contract Tower,0,2,22,6,30,0,2,117,8,127,0,4,139,14,157,156,0,156,313
07/31/2020,MTN,MD,AEA,EN,Federal Contract Tower,0,9,35,17,61,0,0,22,0,22,0,9,57,17,83,0,0,0,83
08/01/2020,MTN,MD,AEA,EN,Federal Contract Tower,0,8,28,0,36,0,1,113,0,114,0,9,141,0,150,96,0,96,246
08/02/2020,MTN,MD,AEA,EN,Federal Contract Tower,0,12,30,0,42,0,0,50,0,50,0,12,80,0,92,48,0,48,140
08/03/2020,MTN,MD,AEA,EN,Federal Contract Tower,0,10,16,0,26,0,0,80,0,80,0,10,96,0,106,158,0,158,264
08/04/2020,MTN,MD,AEA,EN,Federal Contract Tower,0,3,9,0,12,0,37,3,0,40,0,40,12,0,52,14,0,14,66
08/05/2020,MTN,MD,AEA,EN,Federal Contract Tower,0,3,21,8,32,0,0,176,7,183,0,3,197,15,215,132,4,136,351
08/06/2020,MTN,MD,AEA,EN,Federal Contract Tower,0,2,31,12,45,0,0,60,5,65,0,2,91,17,110,84,0,84,194
08/07/2020,MTN,MD,AEA,EN,Federal Contract Tower,0,3,32,6,41,0,0,46,3,49,0,3,78,9,90,42,0,42,132
08/08/2020,MTN,MD,AEA,EN,Federal Contract Tower,0,7,25,0,32,0,1,114,0,115,0,8,139,0,147,112,0,112,259
08/09/2020,MTN,MD,AEA,EN,Federal Contract Tower,0,4,30,0,34,0,0,136,0,136,0,4,166,0,170,74,2,76,246
08/10/2020,MTN,MD,AEA,EN,Federal Contract Tower,0,7,16,0,23,0,0,142,0,142,0,7,158,0,165,96,0,96,261
08/11/2020,MTN,MD,AEA,EN,Federal Contract Tower,0,5,18,6,29,0,1,96,9,106,0,6,114,15,135,128,0,128,263
08/12/2020,MTN,MD,AEA,EN,Federal Contract Tower,0,9,36,6,51,0,0,77,6,83,0,9,113,12,134,198,0,198,332
08/13/2020,MTN,MD,AEA,EN,Federal Contract Tower,0,15,25,9,49,0,0,20,0,20,0,15,45,9,69,4,0,4,73
08/14/2020,MTN,MD,AEA,EN,Federal Contract Tower,0,5,20,5,30,0,0,66,5,71,0,5,86,10,101,88,0,88,189
08/15/2020,MTN,MD,AEA,EN,Federal Contract Tower,0,3,23,0,26,0,0,86,0,86,0,3,109,0,112,102,0,102,214
08/16/2020,MTN,MD,AEA,EN,Federal Contract Tower,0,9,30,0,39,0,0,18,0,18,0,9,48,0,57,58,0,58,115
08/17/2020,MTN,MD,AEA,EN,Federal Contract Tower,0,21,17,0,38,0,2,99,0,101,0,23,116,0,139,208,0,208,347
08/18/2020,MTN,MD,AEA,EN,Federal Contract Tower,0,13,23,6,42,0,0,169,8,177,0,13,192,14,219,218,0,218,437
08/19/2020,MTN,MD,AEA,EN,Federal Contract Tower,0,4,17,6,27,0,0,94,5,99,0,4,111,11,126,74,0,74,200
08/20/2020,MTN,MD,AEA,EN,Federal Contract Tower,0,9,37,5,51,0,0,151,6,157,0,9,188,11,208,162,2,164,372
08/21/2020,MTN,MD,AEA,EN,Federal Contract Tower,0,12,33,1,46,0,0,113,5,118,0,12,146,6,164,90,8,98,262
08/22/2020,MTN,MD,AEA,EN,Federal Contract Tower,0,5,14,0,19,0,9,68,0,77,0,14,82,0,96,96,0,96,192
08/23/2020,MTN,MD,AEA,EN,Federal Contract Tower,0,7,21,0,28,0,1,59,0,60,0,8,80,0,88,70,0,70,158
08/24/2020,MTN,MD,AEA,EN,Federal Contract Tower,0,2,25,0,27,0,0,89,0,89,0,2,114,0,116,62,0,62,178
08/25/2020,MTN,MD,AEA,EN,Federal Contract Tower,0,11,26,6,43,0,0,109,9,118,0,11,135,15,161,52,4,56,217
08/26/2020,MTN,MD,AEA,EN,Federal Contract Tower,0,6,40,4,50,0,1,173,8,182,0,7,213,12,232,64,2,66,298
08/27/2020,MTN,MD,AEA,EN,Federal Contract Tower,0,11,36,5,52,0,0,97,4,101,0,11,133,9,153,50,0,50,203
08/28/2020,MTN,MD,AEA,EN,Federal Contract Tower,0,6,24,6,36,0,0,94,4,98,0,6,118,10,134,90,2,92,226
08/29/2020,MTN,MD,AEA,EN,Federal Contract Tower,0,7,17,0,24,0,0,16,0,16,0,7,33,0,40,2,0,2,42
08/30/2020,MTN,MD,AEA,EN,Federal Contract Tower,0,7,18,0,25,0,0,146,0,146,0,7,164,0,171,130,0,130,301
08/31/2020,MTN,MD,AEA,EN,Federal Contract Tower,0,7,24,0,31,0,0,52,0,52,0,7,76,0,83,29,0,29,112
09/01/2020,MTN,MD,AEA,EN,Federal Contract Tower,0,7,23,9,39,0,0,54,3,57,0,7,77,12,96,6,0,6,102
09/02/2020,MTN,MD,AEA,EN,Federal Contract Tower,0,3,36,7,46,0,0,42,2,44,0,3,78,9,90,8,0,8,98
09/03/2020,MTN,MD,AEA,EN,Federal Contract Tower,0,4,19,3,26,0,0,80,5,85,0,4,99,8,111,20,4,24,135
09/04/2020,MTN,MD,AEA,EN,Federal Contract Tower,0,2,30,1,33,0,0,113,0,113,0,2,143,1,146,46,0,46,192
09/05/2020,MTN,MD,AEA,EN,Federal Contract Tower,0,7,33,0,40,0,1,130,0,131,0,8,163,0,171,76,0,76,247
09/06/2020,MTN,MD,AEA,EN,Federal Contract Tower,0,3,21,0,24,0,0,99,0,99,0,3,120,0,123,36,0,36,159
09/07/2020,MTN,MD,AEA,EN,Federal Contract Tower,0,7,27,0,34,0,0,157,0,157,0,7,184,0,191,174,0,174,365
09/08/2020,MTN,MD,AEA,EN,Federal Contract Tower,0,16,16,4,36,0,0,127,4,131,0,16,143,8,167,134,2,136,303
09/09/2020,MTN,MD,AEA,EN,Federal Contract Tower,0,5,41,13,59,0,1,40,0,41,0,6,81,13,100,12,0,12,112
09/10/2020,MTN,MD,AEA,EN,Federal Contract Tower,0,3,16,2,21,0,0,13,0,13,0,3,29,2,34,0,0,0,34
09/11/2020,MTN,MD,AEA,EN,Federal Contract Tower,0,11,29,7,47,0,0,70,0,70,0,11,99,7,117,128,0,128,245
09/12/2020,MTN,MD,AEA,EN,Federal Contract Tower,0,2,15,7,24,0,0,85,8,93,0,2,100,15,117,78,2,80,197
09/13/2020,MTN,MD,AEA,EN,Federal Contract Tower,0,11,35,8,54,0,0,109,12,121,0,11,144,20,175,144,0,144,319
09/14/2020,MTN,MD,AEA,EN,Federal Contract Tower,0,15,13,0,28,0,0,119,0,119,0,15,132,0,147,88,0,88,235
09/16/2020,MTN,MD,AEA,EN,Federal Contract Tower,0,12,29,6,47,0,2,141,7,150,0,14,170,13,197,112,0,112,309
09/17/2020,MTN,MD,AEA,EN,Federal Contract Tower,0,8,21,1,30,0,0,92,10,102,0,8,113,11,132,38,2,40,172
09/18/2020,MTN,MD,AEA,EN,Federal Contract Tower,0,9,28,10,47,0,0,71,7,78,0,9,99,17,125,28,2,30,155
09/19/2020,MTN,MD,AEA,EN,Federal Contract Tower,0,7,16,0,23,0,0,139,0,139,0,7,155,0,162,90,0,90,252
09/20/2020,MTN,MD,AEA,EN,Federal Contract Tower,0,12,21,0,33,0,0,126,0,126,0,12,147,0,159,80,0,80,239
09/22/2020,MTN,MD,AEA,EN,Federal Contract Tower,0,6,25,1,32,0,0,137,4,141,0,6,162,5,173,150,0,150,323
09/23/2020,MTN,MD,AEA,EN,Federal Contract Tower,0,10,14,3,27,0,0,118,3,121,0,10,132,6,148,226,2,228,376
09/24/2020,MTN,MD,AEA,EN,Federal Contract Tower,0,5,30,3,38,0,2,138,2,142,0,7,168,5,180,196,4,200,380
09/25/2020,MTN,MD,AEA,EN,Federal Contract Tower,0,8,35,1,44,0,0,56,1,57,0,8,91,2,101,72,0,72,173
09/26/2020,MTN,MD,AEA,EN,Federal Contract Tower,0,14,17,0,31,0,0,5,0,5,0,14,22,0,36,2,0,2,38
09/27/2020,MTN,MD,AEA,EN,Federal Contract Tower,0,13,33,0,46,0,0,23,0,23,0,13,56,0,69,38,0,38,107
09/28/2020,MTN,MD,AEA,EN,Federal Contract Tower,0,7,35,0,42,0,0,86,0,86,0,7,121,0,128,60,0,60,188
09/29/2020,MTN,MD,AEA,EN,Federal Contract Tower,0,4,29,8,41,0,0,41,0,41,0,4,70,8,82,30,0,30,112
09/30/2020,MTN,MD,AEA,EN,Federal Contract Tower,0,9,23,0,32,0,0,107,1,108,0,9,130,1,140,114,0,114,254
10/01/2020,MTN,MD,AEA,EN,Federal Contract Tower,0,14,34,4,52,0,0,136,3,139,0,14,170,7,191,126,0,126,317
10/02/2020,MTN,MD,AEA,EN,Federal Contract Tower,0,1,20,3,24,0,1,103,5,109,0,2,123,8,133,52,4,56,189
10/03/2020,MTN,MD,AEA,EN,Federal Contract Tower,0,3,13,6,22,0,0,159,7,166,0,3,172,13,188,188,2,190,378
10/04/2020,MTN,MD,AEA,EN,Federal Contract Tower,0,5,20,4,29,0,1,155,4,160,0,6,175,8,189,168,2,170,359
10/05/2020,MTN,MD,AEA,EN,Federal Contract Tower,0,10,25,0,35,0,1,110,0,111,0,11,135,0,146,92,0,92,238
10/06/2020,MTN,MD,AEA,EN,Federal Contract Tower,0,12,25,1,38,0,1,127,0,128,0,13,152,1,166,116,0,116,282
10/07/2020,MTN,MD,AEA,EN,Federal Contract Tower,0,10,12,0,22,0,0,82,0,82,0,10,94,0,104,88,0,88,192
10/08/2020,MTN,MD,AEA,EN,Federal Contract Tower,0,5,20,0,25,0,1,104,0,105,0,6,124,0,130,70,0,70,200
10/09/2020,MTN,MD,AEA,EN,Federal Contract Tower,0,11,18,0,29,0,0,149,0,149,0,11,167,0,178,162,0,162,340
10/10/2020,MTN,MD,AEA,EN,Federal Contract Tower,0,3,18,0,21,0,1,123,0,124,0,4,141,0,145,132,0,132,277
10/11/2020,MTN,MD,AEA,EN,Federal Contract Tower,0,10,20,0,30,0,0,16,0,16,0,10,36,0,46,64,0,64,110
10/13/2020,MTN,MD,AEA,EN,Federal Contract Tower,0,15,33,5,53,0,1,40,1,42,0,16,73,6,95,28,0,28,123
10/14/2020,MTN,MD,AEA,EN,Federal Contract Tower,0,6,16,3,25,0,0,135,4,139,0,6,151,7,164,178,4,182,346
10/15/2020,MTN,MD,AEA,EN,Federal Contract Tower,0,3,18,5,26,0,0,108,5,113,0,3,126,10,139,166,2,168,307
10/16/2020,MTN,MD,AEA,EN,Federal Contract Tower,0,5,27,3,35,0,0,44,4,48,0,5,71,7,83,24,6,30,113
10/17/2020,MTN,MD,AEA,EN,Federal Contract Tower,0,5,14,0,19,0,0,130,0,130,0,5,144,0,149,142,0,142,291
10/18/2020,MTN,MD,AEA,EN,Federal Contract Tower,0,9,23,0,32,0,1,123,0,124,0,10,146,0,156,99,0,99,255
10/19/2020,MTN,MD,AEA,EN,Federal Contract Tower,0,3,39,2,44,0,0,83,0,83,0,3,122,2,127,84,0,84,211
10/20/2020,MTN,MD,AEA,EN,Federal Contract Tower,0,3,28,4,35,0,0,86,5,91,0,3,114,9,126,70,2,72,198
10/21/2020,MTN,MD,AEA,EN,Federal Contract Tower,0,9,18,7,34,0,0,31,6,37,0,9,49,13,71,54,2,56,127
10/22/2020,MTN,MD,AEA,EN,Federal Contract Tower,0,3,46,3,52,0,0,69,7,76,0,3,115,10,128,20,2,22,150
10/23/2020,MTN,MD,AEA,EN,Federal Contract Tower,0,7,40,2,49,0,0,62,6,68,0,7,102,8,117,38,0,38,155
10/24/2020,MTN,MD,AEA,EN,Federal Contract Tower,0,6,25,0,31,0,0,103,0,103,0,6,128,0,134,116,0,116,250
10/25/2020,MTN,MD,AEA,EN,Federal Contract Tower,0,4,23,0,27,0,0,21,0,21,0,4,44,0,48,50,0,50,98
10/26/2020,MTN,MD,AEA,EN,Federal Contract Tower,0,3,42,0,45,0,0,6,0,6,0,3,48,0,51,0,0,0,51
10/27/2020,MTN,MD,AEA,EN,Federal Contract Tower,0,4,37,4,45,0,1,131,7,139,0,5,168,11,184,190,0,190,374
10/28/2020,MTN,MD,AEA,EN,Federal Contract Tower,0,6,30,9,45,0,1,73,6,80,0,7,103,15,125,152,0,152,277
10/29/2020,MTN,MD,AEA,EN,Federal Contract Tower,0,7,12,0,19,0,0,0,0,0,0,7,12,0,19,0,0,0,19
10/30/2020,MTN,MD,AEA,EN,Federal Contract Tower,0,3,23,6,32,0,0,45,2,47,0,3,68,8,79,44,2,46,125
10/31/2020,MTN,MD,AEA,EN,Federal Contract Tower,0,9,18,0,27,0,0,143,0,143,0,9,161,0,170,158,0,158,328
11/01/2020,MTN,MD,AEA,EN,Federal Contract Tower,0,10,15,0,25,0,0,9,0,9,0,10,24,0,34,6,0,6,40
11/02/2020,MTN,MD,AEA,EN,Federal Contract Tower,0,5,16,0,21,0,0,14,0,14,0,5,30,0,35,8,0,8,43
11/03/2020,MTN,MD,AEA,EN,Federal Contract Tower,0,6,12,7,25,0,0,74,4,78,0,6,86,11,103,52,0,52,155
11/04/2020,MTN,MD,AEA,EN,Federal Contract Tower,0,3,23,2,28,0,0,112,3,115,0,3,135,5,143,204,0,204,347
11/05/2020,MTN,MD,AEA,EN,Federal Contract Tower,0,4,26,3,33,0,0,142,2,144,0,4,168,5,177,168,0,168,345
11/06/2020,MTN,MD,AEA,EN,Federal Contract Tower,0,11,19,1,31,0,0,126,4,130,0,11,145,5,161,194,2,196,357
11/07/2020,MTN,MD,AEA,EN,Federal Contract Tower,0,8,11,2,21,0,1,122,25,148,0,9,133,27,169,100,0,100,269
11/08/2020,MTN,MD,AEA,EN,Federal Contract Tower,0,4,17,0,21,0,0,131,0,131,0,4,148,0,152,100,0,100,252
11/09/2020,MTN,MD,AEA,EN,Federal Contract Tower,0,5,15,0,20,0,0,129,4,133,0,5,144,4,153,156,2,158,311
11/10/2020,MTN,MD,AEA,EN,Federal Contract Tower,0,7,16,9,32,0,0,104,4,108,0,7,120,13,140,186,2,188,328
11/11/2020,MTN,MD,AEA,EN,Federal Contract Tower,0,3,11,0,14,0,0,0,0,0,0,3,11,0,14,0,0,0,14
11/12/2020,MTN,MD,AEA,EN,Federal Contract Tower,0,11,29,4,44,0,0,16,6,22,0,11,45,10,66,10,0,10,76
11/13/2020,MTN,MD,AEA,EN,Federal Contract Tower,0,5,40,7,52,0,0,85,2,87,0,5,125,9,139,108,0,108,247
11/14/2020,MTN,MD,AEA,EN,Federal Contract Tower,0,6,14,0,20,0,0,160,0,160,0,6,174,0,180,214,0,214,394
11/15/2020,MTN,MD,AEA,EN,Federal Contract Tower,0,8,7,0,15,0,0,0,0,0,0,8,7,0,15,6,0,6,21
11/16/2020,MTN,MD,AEA,EN,Federal Contract Tower,0,5,16,0,21,0,0,74,0,74,0,5,90,0,95,80,0,80,175
11/18/2020,MTN,MD,AEA,EN,Federal Contract Tower,0,9,23,4,36,0,2,79,4,85,0,11,102,8,121,146,0,146,267
11/19/2020,MTN,MD,AEA,EN,Federal Contract Tower,0,3,26,1,30,0,0,106,6,112,0,3,132,7,142,140,2,142,284
11/20/2020,MTN,MD,AEA,EN,Federal Contract Tower,0,5,26,1,32,0,0,131,1,132,0,5,157,2,164,170,2,172,336
11/21/2020,MTN,MD,AEA,EN,Federal Contract Tower,0,11,26,0,37,0,2,128,0,130,0,13,154,0,167,218,0,218,385
11/22/2020,MTN,MD,AEA,EN,Federal Contract Tower,0,4,26,1,31,0,0,55,0,55,0,4,81,1,86,116,0,116,202
11/23/2020,MTN,MD,AEA,EN,Federal Contract Tower,0,7,18,4,29,0,0,38,8,46,0,7,56,12,75,16,0,16,91
11/24/2020,MTN,MD,AEA,EN,Federal Contract Tower,0,7,29,5,41,0,1,137,8,146,0,8,166,13,187,180,0,180,367
11/25/2020,MTN,MD,AEA,EN,Federal Contract Tower,0,6,24,0,30,0,0,85,0,85,0,6,109,0,115,90,0,90,205
11/26/2020,MTN,MD,AEA,EN,Federal Contract Tower,0,1,7,0,8,0,0,22,0,22,0,1,29,0,30,10,0,10,40
11/27/2020,MTN,MD,AEA,EN,Federal Contract Tower,0,0,22,0,22,0,2,133,0,135,0,2,155,0,157,164,0,164,321
11/28/2020,MTN,MD,AEA,EN,Federal Contract Tower,0,0,16,0,16,0,0,87,0,87,0,0,103,0,103,38,0,38,141
11/29/2020,MTN,MD,AEA,EN,Federal Contract Tower,0,4,27,0,31,0,0,136,0,136,0,4,163,0,167,130,0,130,297
11/30/2020,MTN,MD,AEA,EN,Federal Contract Tower,0,6,14,1,21,0,0,15,0,15,0,6,29,1,36,4,0,4,40
12/01/2020,MTN,MD,AEA,EN,Federal Contract Tower,0,8,20,4,32,0,0,48,5,53,0,8,68,9,85,16,4,20,105
12/02/2020,MTN,MD,AEA,EN,Federal Contract Tower,0,5,8,9,22,0,0,63,8,71,0,5,71,17,93,76,2,78,171
12/03/2020,MTN,MD,AEA,EN,Federal Contract Tower,0,2,25,5,32,0,0,140,10,150,0,2,165,15,182,246,0,246,428
12/04/2020,MTN,MD,AEA,EN,Federal Contract Tower,0,4,10,8,22,0,0,59,13,72,0,4,69,21,94,142,8,150,244
12/05/2020,MTN,MD,AEA,EN,Federal Contract Tower,0,0,9,6,15,0,0,14,12,26,0,0,23,18,41,6,0,6,47
12/06/2020,MTN,MD,AEA,EN,Federal Contract Tower,0,4,11,3,18,0,0,86,3,89,0,4,97,6,107,100,0,100,207
12/07/2020,MTN,MD,AEA,EN,Federal Contract Tower,0,6,12,0,18,0,0,133,0,133,0,6,145,0,151,204,0,204,355
12/08/2020,MTN,MD,AEA,EN,Federal Contract Tower,0,3,15,4,22,0,0,72,4,76,0,3,87,8,98,66,0,66,164
12/09/2020,MTN,MD,AEA,EN,Federal Contract Tower,0,6,26,4,36,0,1,116,13,130,0,7,142,17,166,320,6,326,492
12/10/2020,MTN,MD,AEA,EN,Federal Contract Tower,0,5,23,5,33,0,0,118,9,127,0,5,141,14,160,270,2,272,432
12/11/2020,MTN,MD,AEA,EN,Federal Contract Tower,0,3,34,1,38,0,0,157,0,157,0,3,191,1,195,210,0,210,405
12/12/2020,MTN,MD,AEA,EN,Federal Contract Tower,0,3,13,0,16,0,1,74,0,75,0,4,87,0,91,56,0,56,147
12/13/2020,MTN,MD,AEA,EN,Federal Contract Tower,0,0,16,0,16,0,2,122,0,124,0,2,138,0,140,190,2,192,332
12/14/2020,MTN,MD,AEA,EN,Federal Contract Tower,0,3,15,0,18,0,0,15,1,16,0,3,30,1,34,0,0,0,34
12/15/2020,MTN,MD,AEA,EN,Federal Contract Tower,0,4,15,4,23,0,2,142,15,159,0,6,157,19,182,260,0,260,442
12/16/2020,MTN,MD,AEA,EN,Federal Contract Tower,0,0,11,3,14,0,0,15,7,22,0,0,26,10,36,30,6,36,72
12/17/2020,MTN,MD,AEA,EN,Federal Contract Tower,0,0,10,0,10,0,0,49,0,49,0,0,59,0,59,38,0,38,97
12/18/2020,MTN,MD,AEA,EN,Federal Contract Tower,0,9,28,5,42,0,1,98,8,107,0,10,126,13,149,90,6,96,245
12/19/2020,MTN,MD,AEA,EN,Federal Contract Tower,0,7,21,0,28,0,0,113,0,113,0,7,134,0,141,146,0,146,287
12/20/2020,MTN,MD,AEA,EN,Federal Contract Tower,0,2,15,0,17,0,0,16,0,16,0,2,31,0,33,18,0,18,51
12/21/2020,MTN,MD,AEA,EN,Federal Contract Tower,0,7,13,0,20,0,0,29,2,31,0,7,42,2,51,66,0,66,117
12/22/2020,MTN,MD,AEA,EN,Federal Contract Tower,0,6,23,3,32,0,0,59,8,67,0,6,82,11,99,40,0,40,139
12/23/2020,MTN,MD,AEA,EN,Federal Contract Tower,0,5,18,3,26,0,1,204,6,211,0,6,222,9,237,192,0,192,429
12/24/2020,MTN,MD,AEA,EN,Federal Contract Tower,0,9,8,0,17,0,0,9,0,9,0,9,17,0,26,0,0,0,26
12/25/2020,MTN,MD,AEA,EN,Federal Contract Tower,0,5,5,0,10,0,0,8,0,8,0,5,13,0,18,0,0,0,18
12/26/2020,MTN,MD,AEA,EN,Federal Contract Tower,0,8,22,0,30,0,0,55,0,55,0,8,77,0,85,32,0,32,117
12/27/2020,MTN,MD,AEA,EN,Federal Contract Tower,0,8,31,0,39,0,2,106,0,108,0,10,137,0,147,130,0,130,277
12/28/2020,MTN,MD,AEA,EN,Federal Contract Tower,0,7,22,0,29,0,1,109,0,110,0,8,131,0,139,94,0,94,233
12/29/2020,MTN,MD,AEA,EN,Federal Contract Tower,0,9,22,3,34,0,1,83,6,90,0,10,105,9,124,62,2,64,188
12/30/2020,MTN,MD,AEA,EN,Federal Contract Tower,0,9,26,3,38,0,0,109,2,111,0,9,135,5,149,152,0,152,301
12/31/2020,MTN,MD,AEA,EN,Federal Contract Tower,0,2,16,2,20,0,0,22,0,22,0,2,38,2,42,4,0,4,46
01/01/2021,MTN,MD,AEA,EN,Federal Contract Tower,0,5,2,0,7,0,0,7,0,7,0,5,9,0,14,28,0,28,42
01/02/2021,MTN,MD,AEA,EN,Federal Contract Tower,0,5,31,0,36,0,1,67,0,68,0,6,98,0,104,38,0,38,142
01/03/2021,MTN,MD,AEA,EN,Federal Contract Tower,0,2,27,0,29,0,0,2,0,2,0,2,29,0,31,0,0,0,31
01/04/2021,MTN,MD,AEA,EN,Federal Contract Tower,0,7,30,0,37,0,0,76,0,76,0,7,106,0,113,160,8,168,281
01/05/2021,MTN,MD,AEA,EN,Federal Contract Tower,0,9,23,1,33,0,0,46,1,47,0,9,69,2,80,136,0,136,216
01/06/2021,MTN,MD,AEA,EN,Federal Contract Tower,0,1,18,5,24,0,0,73,7,80,0,1,91,12,104,114,0,114,218
01/07/2021,MTN,MD,AEA,EN,Federal Contract Tower,0,2,25,4,31,0,0,105,5,110,0,2,130,9,141,100,4,104,245
01/08/2021,MTN,MD,AEA,EN,Federal Contract Tower,0,5,25,3,33,0,0,115,2,117,0,5,140,5,150,102,2,104,254
01/09/2021,MTN,MD,AEA,EN,Federal Contract Tower,3,13,6,0,22,1,86,10,0,97,4,99,16,0,119,70,4,74,193
01/10/2021,MTN,MD,AEA,EN,Federal Contract Tower,0,2,27,3,32,0,0,115,5,120,0,2,142,8,152,170,0,170,322
01/11/2021,MTN,MD,AEA,EN,Federal Contract Tower,0,5,22,0,27,0,1,100,0,101,0,6,122,0,128,174,0,174,302
01/12/2021,MTN,MD,AEA,EN,Federal Contract Tower,0,9,20,0,29,0,1,114,0,115,0,10,134,0,144,46,0,46,190
01/13/2021,MTN,MD,AEA,EN,Federal Contract Tower,0,3,21,6,30,0,2,112,4,118,0,5,133,10,148,154,0,154,302
01/14/2021,MTN,MD,AEA,EN,Federal Contract Tower,0,2,21,2,25,0,0,125,1,126,0,2,146,3,151,102,8,110,261
01/15/2021,MTN,MD,AEA,EN,Federal Contract Tower,0,12,24,0,36,0,1,56,0,57,0,13,80,0,93,86,0,86,179
01/16/2021,MTN,MD,AEA,EN,Federal Contract Tower,0,2,17,0,19,0,2,108,0,110,0,4,125,0,129,168,0,168,297
01/17/2021,MTN,MD,AEA,EN,Federal Contract Tower,0,5,10,0,15,0,0,74,0,74,0,5,84,0,89,70,0,70,159
01/18/2021,MTN,MD,AEA,EN,Federal Contract Tower,0,23,19,0,42,0,0,64,0,64,0,23,83,0,106,46,0,46,152
01/19/2021,MTN,MD,AEA,EN,Federal Contract Tower,0,6,16,4,26,0,0,102,4,106,0,6,118,8,132,122,0,122,254
01/20/2021,MTN,MD,AEA,EN,Federal Contract Tower,0,2,12,3,17,0,1,34,3,38,0,3,46,6,55,6,2,8,63
01/21/2021,MTN,MD,AEA,EN,Federal Contract Tower,0,6,21,6,33,0,0,100,0,100,0,6,121,6,133,150,2,152,285
01/22/2021,MTN,MD,AEA,EN,Federal Contract Tower,0,5,21,5,31,0,1,102,0,103,0,6,123,5,134,78,2,80,214
01/23/2021,MTN,MD,AEA,EN,Federal Contract Tower,0,6,10,3,19,0,1,34,0,35,0,7,44,3,54,8,0,8,62
01/24/2021,MTN,MD,AEA,EN,Federal Contract Tower,0,3,16,0,19,0,1,165,0,166,0,4,181,0,185,156,0,156,341
01/25/2021,MTN,MD,AEA,EN,Federal Contract Tower,0,2,13,0,15,0,0,53,0,53,0,2,66,0,68,156,0,156,224
01/26/2021,MTN,MD,AEA,EN,Federal Contract Tower,0,2,6,0,8,0,0,0,0,0,0,2,6,0,8,0,0,0,8
01/27/2021,MTN,MD,AEA,EN,Federal Contract Tower,0,7,15,2,24,0,1,108,6,115,0,8,123,8,139,168,4,172,311
01/28/2021,MTN,MD,AEA,EN,Federal Contract Tower,0,0,14,2,16,0,0,23,2,25,0,0,37,4,41,16,0,16,57
01/29/2021,MTN,MD,AEA,EN,Federal Contract Tower,0,4,18,6,28,0,0,6,1,7,0,4,24,7,35,0,0,0,35
01/30/2021,MTN,MD,AEA,EN,Federal Contract Tower,0,7,17,0,24,0,0,179,0,179,0,7,196,0,203,238,0,238,441
01/31/2021,MTN,MD,AEA,EN,Federal Contract Tower,0,0,2,0,2,0,0,0,0,0,0,0,2,0,2,0,0,0,2
02/01/2021,MTN,MD,AEA,EN,Federal Contract Tower,0,0,1,0,1,0,0,0,0,0,0,0,1,0,1,0,0,0,1
02/02/2021,MTN,MD,AEA,EN,Federal Contract Tower,0,4,9,0,13,0,0,8,0,8,0,4,17,0,21,0,0,0,21
02/03/2021,MTN,MD,AEA,EN,Federal Contract Tower,0,14,18,8,40,0,3,24,5,32,0,17,42,13,72,22,0,22,94
02/04/2021,MTN,MD,AEA,EN,Federal Contract Tower,0,10,29,6,45,0,0,139,9,148,0,10,168,15,193,206,2,208,401
02/05/2021,MTN,MD,AEA,EN,Federal Contract Tower,0,3,13,6,22,0,0,98,7,105,0,3,111,13,127,168,6,174,301
02/06/2021,MTN,MD,AEA,EN,Federal Contract Tower,0,1,15,0,16,0,0,89,2,91,0,1,104,2,107,117,2,119,226
02/07/2021,MTN,MD,AEA,EN,Federal Contract Tower,0,2,3,0,5,0,0,7,0,7,0,2,10,0,12,0,0,0,12
02/08/2021,MTN,MD,AEA,EN,Federal Contract Tower,0,12,13,0,25,0,0,109,0,109,0,12,122,0,134,196,0,196,330
02/09/2021,MTN,MD,AEA,EN,Federal Contract Tower,0,7,25,2,34,0,0,91,2,93,0,7,116,4,127,144,0,144,271
02/10/2021,MTN,MD,AEA,EN,Federal Contract Tower,0,3,19,5,27,0,0,86,10,96,0,3,105,15,123,204,4,208,331
02/11/2021,MTN,MD,AEA,EN,Federal Contract Tower,0,7,8,0,15,0,0,15,0,15,0,7,23,0,30,34,0,34,64
02/12/2021,MTN,MD,AEA,EN,Federal Contract Tower,0,5,13,0,18,0,0,66,0,66,0,5,79,0,84,104,0,104,188
02/13/2021,MTN,MD,AEA,EN,Federal Contract Tower,0,1,1,0,2,0,0,1,0,1,0,1,2,0,3,20,0,20,23
02/14/2021,MTN,MD,AEA,EN,Federal Contract Tower,0,3,6,0,9,0,0,12,0,12,0,3,18,0,21,16,0,16,37
02/15/2021,MTN,MD,AEA,EN,Federal Contract Tower,0,1,12,0,13,0,0,15,0,15,0,1,27,0,28,14,0,14,42
02/16/2021,MTN,MD,AEA,EN,Federal Contract Tower,0,5,15,4,24,0,0,46,3,49,0,5,61,7,73,38,0,38,111
02/17/2021,MTN,MD,AEA,EN,Federal Contract Tower,0,4,37,6,47,0,0,112,7,119,0,4,149,13,166,144,0,144,310
02/18/2021,MTN,MD,AEA,EN,Federal Contract Tower,0,0,0,0,0,0,0,2,0,2,0,0,2,0,2,0,0,0,2
02/19/2021,MTN,MD,AEA,EN,Federal Contract Tower,0,3,16,0,19,0,0,7,0,7,0,3,23,0,26,0,0,0,26
02/20/2021,MTN,MD,AEA,EN,Federal Contract Tower,0,1,13,0,14,0,0,69,0,69,0,1,82,0,83,34,0,34,117
02/21/2021,MTN,MD,AEA,EN,Federal Contract Tower,0,7,24,0,31,0,0,151,2,153,0,7,175,2,184,258,0,258,442
02/22/2021,MTN,MD,AEA,EN,Federal Contract Tower,0,3,17,0,20,0,0,0,0,0,0,3,17,0,20,0,0,0,20
02/23/2021,MTN,MD,AEA,EN,Federal Contract Tower,0,6,22,5,33,0,1,59,7,67,0,7,81,12,100,86,2,88,188
02/24/2021,MTN,MD,AEA,EN,Federal Contract Tower,0,6,26,6,38,0,0,127,5,132,0,6,153,11,170,144,0,144,314
02/25/2021,MTN,MD,AEA,EN,Federal Contract Tower,0,5,17,3,25,0,0,142,5,147,0,5,159,8,172,124,0,124,296
02/26/2021,MTN,MD,AEA,EN,Federal Contract Tower,0,7,29,1,37,0,0,195,3,198,0,7,224,4,235,246,4,250,485
02/27/2021,MTN,MD,AEA,EN,Federal Contract Tower,0,4,11,0,15,0,0,18,0,18,0,4,29,0,33,10,0,10,43
02/28/2021,MTN,MD,AEA,EN,Federal Contract Tower,0,6,14,0,20,0,0,0,0,0,0,6,14,0,20,0,0,0,20
03/01/2021,MTN,MD,AEA,EN,Federal Contract Tower,0,5,7,0,12,0,0,19,0,19,0,5,26,0,31,12,0,12,43
03/02/2021,MTN,MD,AEA,EN,Federal Contract Tower,0,7,24,7,38,0,0,110,7,117,0,7,134,14,155,154,6,160,315
03/03/2021,MTN,MD,AEA,EN,Federal Contract Tower,0,5,22,6,33,0,0,143,15,158,0,5,165,21,191,158,6,164,355
03/04/2021,MTN,MD,AEA,EN,Federal Contract Tower,0,3,21,0,24,0,0,54,0,54,0,3,75,0,78,2,0,2,80
03/05/2021,MTN,MD,AEA,EN,Federal Contract Tower,0,7,21,4,32,0,0,34,0,34,0,7,55,4,66,24,0,24,90
03/06/2021,MTN,MD,AEA,EN,Federal Contract Tower,0,1,13,0,14,0,0,101,2,103,0,1,114,2,117,100,0,100,217
03/07/2021,MTN,MD,AEA,EN,Federal Contract Tower,0,7,27,2,36,0,0,154,0,154,0,7,181,2,190,222,0,222,412
03/08/2021,MTN,MD,AEA,EN,Federal Contract Tower,0,0,18,0,18,0,0,132,0,132,0,0,150,0,150,350,0,350,500
03/09/2021,MTN,MD,AEA,EN,Federal Contract Tower,0,3,25,0,28,0,0,123,0,123,0,3,148,0,151,154,0,154,305
03/10/2021,MTN,MD,AEA,EN,Federal Contract Tower,0,2,51,0,53,0,1,160,2,163,0,3,211,2,216,222,0,222,438
03/11/2021,MTN,MD,AEA,EN,Federal Contract Tower,0,1,27,0,28,0,0,131,0,131,0,1,158,0,159,220,0,220,379
03/12/2021,MTN,MD,AEA,EN,Federal Contract Tower,0,5,34,0,39,0,0,87,0,87,0,5,121,0,126,84,0,84,210
03/13/2021,MTN,MD,AEA,EN,Federal Contract Tower,0,0,25,0,25,0,0,166,0,166,0,0,191,0,191,98,0,98,289
03/14/2021,MTN,MD,AEA,EN,Federal Contract Tower,0,2,23,0,25,0,1,36,1,38,0,3,59,1,63,84,0,84,147
03/15/2021,MTN,MD,AEA,EN,Federal Contract Tower,0,12,21,0,33,0,0,103,0,103,0,12,124,0,136,168,0,168,304
03/16/2021,MTN,MD,AEA,EN,Federal Contract Tower,0,6,23,0,29,0,0,74,1,75,0,6,97,1,104,106,2,108,212
03/17/2021,MTN,MD,AEA,EN,Federal Contract Tower,0,4,47,0,51,0,0,74,0,74,0,4,121,0,125,108,0,108,233
03/18/2021,MTN,MD,AEA,EN,Federal Contract Tower,0,6,8,0,14,0,0,0,0,0,0,6,8,0,14,0,0,0,14
03/19/2021,MTN,MD,AEA,EN,Federal Contract Tower,0,2,17,5,24,0,0,39,12,51,0,2,56,17,75,10,0,10,85
03/20/2021,MTN,MD,AEA,EN,Federal Contract Tower,0,7,34,1,42,0,2,175,0,177,0,9,209,1,219,174,0,174,393
03/21/2021,MTN,MD,AEA,EN,Federal Contract Tower,0,7,54,0,61,0,1,141,0,142,0,8,195,0,203,214,0,214,417
03/22/2021,MTN,MD,AEA,EN,Federal Contract Tower,0,9,39,0,48,0,0,145,0,145,0,9,184,0,193,196,0,196,389
03/23/2021,MTN,MD,AEA,EN,Federal Contract Tower,0,2,29,0,31,0,0,122,0,122,0,2,151,0,153,180,0,180,333
03/24/2021,MTN,MD,AEA,EN,Federal Contract Tower,0,3,22,0,25,0,0,0,0,0,0,3,22,0,25,0,0,0,25
03/25/2021,MTN,MD,AEA,EN,Federal Contract Tower,0,4,24,10,38,0,0,5,5,10,0,4,29,15,48,10,0,10,58
03/26/2021,MTN,MD,AEA,EN,Federal Contract Tower,0,4,26,2,32,0,0,6,4,10,0,4,32,6,42,10,4,14,56
03/27/2021,MTN,MD,AEA,EN,Federal Contract Tower,0,5,19,0,24,0,2,200,0,202,0,7,219,0,226,274,0,274,500
03/28/2021,MTN,MD,AEA,EN,Federal Contract Tower,0,1,13,0,14,0,0,2,0,2,0,1,15,0,16,6,0,6,22
03/29/2021,MTN,MD,AEA,EN,Federal Contract Tower,0,2,26,0,28,0,0,72,0,72,0,2,98,0,100,68,0,68,168
03/30/2021,MTN,MD,AEA,EN,Federal Contract Tower,0,3,23,4,30,0,1,158,4,163,0,4,181,8,193,244,2,246,439
03/31/2021,MTN,MD,AEA,EN,Federal Contract Tower,0,2,38,3,43,0,0,27,3,30,0,2,65,6,73,42,1,43,116
04/01/2021,MTN,MD,AEA,EN,Federal Contract Tower,0,6,24,9,39,0,0,21,12,33,0,6,45,21,72,12,12,24,96
04/02/2021,MTN,MD,AEA,EN,Federal Contract Tower,0,5,20,5,30,0,0,59,15,74,0,5,79,20,104,18,18,36,140
04/03/2021,MTN,MD,AEA,EN,Federal Contract Tower,0,3,15,0,18,0,0,135,0,135,0,3,150,0,153,174,0,174,327
04/04/2021,MTN,MD,AEA,EN,Federal Contract Tower,0,5,15,0,20,0,0,96,0,96,0,5,111,0,116,118,0,118,234
04/05/2021,MTN,MD,AEA,EN,Federal Contract Tower,0,5,45,0,50,0,0,130,0,130,0,5,175,0,180,220,0,220,400
04/06/2021,MTN,MD,AEA,EN,Federal Contract Tower,0,5,36,3,44,0,0,151,3,154,0,5,187,6,198,226,10,236,434
04/07/2021,MTN,MD,AEA,EN,Federal Contract Tower,0,0,38,4,42,0,3,168,4,175,0,3,206,8,217,316,0,316,533
04/08/2021,MTN,MD,AEA,EN,Federal Contract Tower,0,2,29,4,35,0,0,156,3,159,0,2,185,7,194,164,0,164,358
04/09/2021,MTN,MD,AEA,EN,Federal Contract Tower,0,11,31,1,43,0,0,15,0,15,0,11,46,1,58,0,0,0,58
04/10/2021,MTN,MD,AEA,EN,Federal Contract Tower,0,5,23,14,42,0,0,47,0,47,0,5,70,14,89,60,0,60,149
04/11/2021,MTN,MD,AEA,EN,Federal Contract Tower,0,4,23,0,27,0,0,48,0,48,0,4,71,0,75,56,0,56,131
04/12/2021,MTN,MD,AEA,EN,Federal Contract Tower,0,4,59,0,63,0,0,27,0,27,0,4,86,0,90,130,0,130,220
04/13/2021,MTN,MD,AEA,EN,Federal Contract Tower,0,9,45,11,65,0,0,128,5,133,0,9,173,16,198,304,0,304,502
04/14/2021,MTN,MD,AEA,EN,Federal Contract Tower,0,5,26,4,35,0,0,63,0,63,0,5,89,4,98,94,0,94,192
04/15/2021,MTN,MD,AEA,EN,Federal Contract Tower,0,3,28,5,36,0,0,79,4,83,0,3,107,9,119,110,2,112,231
04/16/2021,MTN,MD,AEA,EN,Federal Contract Tower,0,3,31,0,34,0,1,93,0,94,0,4,124,0,128,208,0,208,336
04/17/2021,MTN,MD,AEA,EN,Federal Contract Tower,0,3,20,2,25,0,0,128,1,129,0,3,148,3,154,238,0,238,392
04/18/2021,MTN,MD,AEA,EN,Federal Contract Tower,0,2,31,2,35,0,0,156,0,156,0,2,187,2,191,140,0,140,331
04/19/2021,MTN,MD,AEA,EN,Federal Contract Tower,0,3,26,0,29,0,0,129,0,129,0,3,155,0,158,222,0,222,380
04/20/2021,MTN,MD,AEA,EN,Federal Contract Tower,0,7,20,4,31,0,1,154,5,160,0,8,174,9,191,124,0,124,315
04/21/2021,MTN,MD,AEA,EN,Federal Contract Tower,0,14,11,5,30,0,0,43,5,48,0,14,54,10,78,56,10,66,144
04/22/2021,MTN,MD,AEA,EN,Federal Contract Tower,0,6,10,4,20,0,1,40,4,45,0,7,50,8,65,16,2,18,83
04/23/2021,MTN,MD,AEA,EN,Federal Contract Tower,0,17,23,3,43,0,0,91,6,97,0,17,114,9,140,134,30,164,304
04/24/2021,MTN,MD,AEA,EN,Federal Contract Tower,0,5,26,0,31,0,0,151,0,151,0,5,177,0,182,226,0,226,408
04/25/2021,MTN,MD,AEA,EN,Federal Contract Tower,0,12,21,0,33,0,0,34,0,34,0,12,55,0,67,70,0,70,137
04/26/2021,MTN,MD,AEA,EN,Federal Contract Tower,0,9,24,0,33,0,0,133,0,133,0,9,157,0,166,86,0,86,252
04/27/2021,MTN,MD,AEA,EN,Federal Contract Tower,0,8,22,4,34,0,1,173,9,183,0,9,195,13,217,272,4,276,493
04/28/2021,MTN,MD,AEA,EN,Federal Contract Tower,0,6,8,4,18,0,0,137,4,141,0,6,145,8,159,240,0,240,399
04/29/2021,MTN,MD,AEA,EN,Federal Contract Tower,0,8,25,6,39,0,0,76,5,81,0,8,101,11,120,62,0,62,182
04/30/2021,MTN,MD,AEA,EN,Federal Contract Tower,0,5,16,10,31,0,0,4,6,10,0,5,20,16,41,0,6,6,47
05/01/2021,MTN,MD,AEA,EN,Federal Contract Tower,0,14,23,12,49,0,2,92,10,104,0,16,115,22,153,74,6,80,233
05/02/2021,MTN,MD,AEA,EN,Federal Contract Tower,0,8,16,1,25,0,0,104,2,106,0,8,120,3,131,124,0,124,255
05/03/2021,MTN,MD,AEA,EN,Federal Contract Tower,0,8,21,0,29,0,0,74,0,74,0,8,95,0,103,136,0,136,239
05/04/2021,MTN,MD,AEA,EN,Federal Contract Tower,0,12,28,5,45,0,0,100,5,105,0,12,128,10,150,98,0,98,248
05/05/2021,MTN,MD,AEA,EN,Federal Contract Tower,0,5,33,6,44,0,0,36,14,50,0,5,69,20,94,18,0,18,112
05/06/2021,MTN,MD,AEA,EN,Federal Contract Tower,0,10,30,4,44,0,0,165,6,171,0,10,195,10,215,156,4,160,375
05/07/2021,MTN,MD,AEA,EN,Federal Contract Tower,0,9,29,4,42,0,0,113,0,113,0,9,142,4,155,122,0,122,277
05/08/2021,MTN,MD,AEA,EN,Federal Contract Tower,0,2,19,0,21,0,0,55,0,55,0,2,74,0,76,52,0,52,128
05/09/2021,MTN,MD,AEA,EN,Federal Contract Tower,0,9,20,0,29,0,2,46,0,48,0,11,66,0,77,42,0,42,119
05/10/2021,MTN,MD,AEA,EN,Federal Contract Tower,0,7,26,0,33,0,0,67,0,67,0,7,93,0,100,70,0,70,170
05/11/2021,MTN,MD,AEA,EN,Federal Contract Tower,0,13,25,3,41,0,0,113,3,116,0,13,138,6,157,138,2,140,297
05/12/2021,MTN,MD,AEA,EN,Federal Contract Tower,0,3,34,6,43,0,0,127,6,133,0,3,161,12,176,168,2,170,346
05/13/2021,MTN,MD,AEA,EN,Federal Contract Tower,0,9,36,4,49,0,1,157,2,160,0,10,193,6,209,128,2,130,339
05/14/2021,MTN,MD,AEA,EN,Federal Contract Tower,0,9,26,4,39,0,1,175,3,179,0,10,201,7,218,168,0,168,386
05/15/2021,MTN,MD,AEA,EN,Federal Contract Tower,0,15,40,0,55,0,0,185,0,185,0,15,225,0,240,174,0,174,414
05/16/2021,MTN,MD,AEA,EN,Federal Contract Tower,0,2,41,0,43,0,0,69,0,69,0,2,110,0,112,82,0,82,194
05/17/2021,MTN,MD,AEA,EN,Federal Contract Tower,0,16,30,0,46,0,0,94,0,94,0,16,124,0,140,82,0,82,222
05/18/2021,MTN,MD,AEA,EN,Federal Contract Tower,0,16,23,7,46,0,0,122,6,128,0,16,145,13,174,178,0,178,352
05/19/2021,MTN,MD,AEA,EN,Federal Contract Tower,0,16,28,5,49,0,0,133,4,137,0,16,161,9,186,146,0,146,332
05/20/2021,MTN,MD,AEA,EN,Federal Contract Tower,0,21,28,7,56,0,0,116,3,119,0,21,144,10,175,160,2,162,337
05/21/2021,MTN,MD,AEA,EN,Federal Contract Tower,0,11,25,10,46,0,0,166,0,166,0,11,191,10,212,194,0,194,406
05/22/2021,MTN,MD,AEA,EN,Federal Contract Tower,0,13,20,0,33,0,0,141,3,144,0,13,161,3,177,64,0,64,241
05/23/2021,MTN,MD,AEA,EN,Federal Contract Tower,0,0,36,0,36,0,0,108,0,108,0,0,144,0,144,48,0,48,192
05/24/2021,MTN,MD,AEA,EN,Federal Contract Tower,0,9,44,0,53,0,0,54,0,54,0,9,98,0,107,44,0,44,151
05/25/2021,MTN,MD,AEA,EN,Federal Contract Tower,0,12,31,7,50,0,0,94,8,102,0,12,125,15,152,178,0,178,330
05/26/2021,MTN,MD,AEA,EN,Federal Contract Tower,0,6,37,3,46,0,0,66,3,69,0,6,103,6,115,80,0,80,195
05/27/2021,MTN,MD,AEA,EN,Federal Contract Tower,0,10,50,9,69,0,0,180,1,181,0,10,230,10,250,258,0,258,508
05/28/2021,MTN,MD,AEA,EN,Federal Contract Tower,0,11,28,0,39,0,0,58,0,58,0,11,86,0,97,60,0,60,157
05/29/2021,MTN,MD,AEA,EN,Federal Contract Tower,0,4,17,0,21,0,0,2,0,2,0,4,19,0,23,0,0,0,23
05/30/2021,MTN,MD,AEA,EN,Federal Contract Tower,0,9,26,0,35,0,0,10,0,10,0,9,36,0,45,26,0,26,71
05/31/2021,MTN,MD,AEA,EN,Federal Contract Tower,0,2,42,0,44,0,0,144,0,144,0,2,186,0,188,108,0,108,296
06/01/2021,MTN,MD,AEA,EN,Federal Contract Tower,0,13,23,1,37,0,0,218,6,224,0,13,241,7,261,206,4,210,471
06/02/2021,MTN,MD,AEA,EN,Federal Contract Tower,0,12,34,8,54,0,2,204,9,215,0,14,238,17,269,228,4,232,501
06/03/2021,MTN,MD,AEA,EN,Federal Contract Tower,0,9,32,7,48,0,0,15,0,15,0,9,47,7,63,0,0,0,63
06/04/2021,MTN,MD,AEA,EN,Federal Contract Tower,0,5,26,5,36,0,0,77,4,81,0,5,103,9,117,76,12,88,205
06/05/2021,MTN,MD,AEA,EN,Federal Contract Tower,0,5,26,15,46,0,0,155,2,157,0,5,181,17,203,154,0,154,357
06/06/2021,MTN,MD,AEA,EN,Federal Contract Tower,0,4,16,0,20,0,1,125,0,126,0,5,141,0,146,100,0,100,246
06/07/2021,MTN,MD,AEA,EN,Federal Contract Tower,0,10,28,0,38,0,0,114,0,114,0,10,142,0,152,200,0,200,352
06/08/2021,MTN,MD,AEA,EN,Federal Contract Tower,0,5,26,0,31,0,1,60,0,61,0,6,86,0,92,102,0,102,194
06/09/2021,MTN,MD,AEA,EN,Federal Contract Tower,0,3,42,1,46,0,1,68,0,69,0,4,110,1,115,114,0,114,229
06/10/2021,MTN,MD,AEA,EN,Federal Contract Tower,0,6,28,2,36,0,0,49,1,50,0,6,77,3,86,64,2,66,152
06/11/2021,MTN,MD,AEA,EN,Federal Contract Tower,0,15,28,6,49,0,0,0,0,0,0,15,28,6,49,0,0,0,49
06/12/2021,MTN,MD,AEA,EN,Federal Contract Tower,0,10,20,3,33,0,1,114,0,115,0,11,134,3,148,122,0,122,270
06/13/2021,MTN,MD,AEA,EN,Federal Contract Tower,0,15,36,0,51,0,0,87,0,87,0,15,123,0,138,95,0,95,233
06/14/2021,MTN,MD,AEA,EN,Federal Contract Tower,0,4,41,0,45,0,0,117,0,117,0,4,158,0,162,178,0,178,340
06/15/2021,MTN,MD,AEA,EN,Federal Contract Tower,0,6,21,8,35,0,2,121,4,127,0,8,142,12,162,172,0,172,334
06/16/2021,MTN,MD,AEA,EN,Federal Contract Tower,0,7,30,3,40,0,0,133,3,136,0,7,163,6,176,152,2,154,330
06/17/2021,MTN,MD,AEA,EN,Federal Contract Tower,0,6,32,6,44,0,2,178,0,180,0,8,210,6,224,194,0,194,418
06/18/2021,MTN,MD,AEA,EN,Federal Contract Tower,0,12,31,1,44,0,0,141,0,141,0,12,172,1,185,138,0,138,323
06/19/2021,MTN,MD,AEA,EN,Federal Contract Tower,0,10,16,1,27,0,0,96,0,96,0,10,112,1,123,80,0,80,203
06/20/2021,MTN,MD,AEA,EN,Federal Contract Tower,0,5,30,0,35,0,0,107,0,107,0,5,137,0,142,120,0,120,262
06/21/2021,MTN,MD,AEA,EN,Federal Contract Tower,0,5,47,0,52,0,0,61,0,61,0,5,108,0,113,62,0,62,175
06/22/2021,MTN,MD,AEA,EN,Federal Contract Tower,0,8,32,6,46,0,1,38,2,41,0,9,70,8,87,90,0,90,177
06/23/2021,MTN,MD,AEA,EN,Federal Contract Tower,0,8,46,9,63,0,0,213,13,226,0,8,259,22,289,282,0,282,571
06/24/2021,MTN,MD,AEA,EN,Federal Contract Tower,0,10,27,6,43,0,2,226,5,233,0,12,253,11,276,168,2,170,446
06/25/2021,MTN,MD,AEA,EN,Federal Contract Tower,0,13,33,6,52,0,0,188,8,196,0,13,221,14,248,102,8,110,358
06/26/2021,MTN,MD,AEA,EN,Federal Contract Tower,0,11,30,0,41,0,0,77,0,77,0,11,107,0,118,44,0,44,162
06/27/2021,MTN,MD,AEA,EN,Federal Contract Tower,0,8,37,0,45,0,0,90,0,90,0,8,127,0,135,78,0,78,213
06/28/2021,MTN,MD,AEA,EN,Federal Contract Tower,0,8,34,0,42,0,0,149,0,149,0,8,183,0,191,216,0,216,407
06/29/2021,MTN,MD,AEA,EN,Federal Contract Tower,0,4,37,11,52,0,2,148,5,155,0,6,185,16,207,178,10,188,395
06/30/2021,MTN,MD,AEA,EN,Federal Contract Tower,0,8,35,7,50,0,0,120,6,126,0,8,155,13,176,136,2,138,314
07/01/2021,MTN,MD,AEA,EN,Federal Contract Tower,0,13,12,3,28,0,0,53,3,56,0,13,65,6,84,38,4,42,126
07/02/2021,MTN,MD,AEA,EN,Federal Contract Tower,0,2,47,0,49,0,0,39,0,39,0,2,86,0,88,44,0,44,132
07/03/2021,MTN,MD,AEA,EN,Federal Contract Tower,0,4,22,0,26,0,0,82,8,90,0,4,104,8,116,82,8,90,206
07/04/2021,MTN,MD,AEA,EN,Federal Contract Tower,0,4,19,0,23,0,1,132,0,133,0,5,151,0,156,42,0,42,198
07/05/2021,MTN,MD,AEA,EN,Federal Contract Tower,0,7,31,0,38,0,2,151,0,153,0,9,182,0,191,72,0,72,263
07/06/2021,MTN,MD,AEA,EN,Federal Contract Tower,0,4,19,20,43,0,0,99,0,99,0,4,118,20,142,128,0,128,270
07/07/2021,MTN,MD,AEA,EN,Federal Contract Tower,0,7,28,6,41,0,0,86,4,90,0,7,114,10,131,44,0,44,175
07/08/2021,MTN,MD,AEA,EN,Federal Contract Tower,0,12,34,1,47,0,0,70,3,73,0,12,104,4,120,98,4,102,222
07/09/2021,MTN,MD,AEA,EN,Federal Contract Tower,0,4,21,4,29,0,0,97,0,97,0,4,118,4,126,212,8,220,346
07/10/2021,MTN,MD,AEA,EN,Federal Contract Tower,0,2,29,0,31,0,0,172,0,172,0,2,201,0,203,224,0,224,427
07/11/2021,MTN,MD,AEA,EN,Federal Contract Tower,0,6,29,0,35,0,1,67,0,68,0,7,96,0,103,64,0,64,167
07/12/2021,MTN,MD,AEA,EN,Federal Contract Tower,0,9,31,0,40,0,0,78,0,78,0,9,109,0,118,132,0,132,250
07/13/2021,MTN,MD,AEA,EN,Federal Contract Tower,0,9,43,6,58,0,1,118,2,121,0,10,161,8,179,122,0,122,301
07/14/2021,MTN,MD,AEA,EN,Federal Contract Tower,0,3,31,2,36,0,1,107,3,111,0,4,138,5,147,188,0,188,335
07/15/2021,MTN,MD,AEA,EN,Federal Contract Tower,0,14,36,2,52,0,0,142,0,142,0,14,178,2,194,188,0,188,382
07/16/2021,MTN,MD,AEA,EN,Federal Contract Tower,0,7,40,6,53,0,0,158,11,169,0,7,198,17,222,96,14,110,332
07/17/2021,MTN,MD,AEA,EN,Federal Contract Tower,0,2,19,0,21,0,1,75,0,76,0,3,94,0,97,126,0,126,223
07/18/2021,MTN,MD,AEA,EN,Federal Contract Tower,0,5,37,0,42,0,1,92,0,93,0,6,129,0,135,18,0,18,153
07/19/2021,MTN,MD,AEA,EN,Federal Contract Tower,0,17,22,2,41,0,1,129,0,130,0,18,151,2,171,192,2,194,365
07/20/2021,MTN,MD,AEA,EN,Federal Contract Tower,0,6,25,8,39,0,0,115,6,121,0,6,140,14,160,158,0,158,318
07/21/2021,MTN,MD,AEA,EN,Federal Contract Tower,0,0,41,0,41,0,1,75,0,76,0,1,116,0,117,138,0,138,255
07/22/2021,MTN,MD,AEA,EN,Federal Contract Tower,0,7,39,3,49,0,1,125,5,131,0,8,164,8,180,194,2,196,376
07/23/2021,MTN,MD,AEA,EN,Federal Contract Tower,0,6,36,2,44,0,2,162,8,172,0,8,198,10,216,186,16,202,418
07/24/2021,MTN,MD,AEA,EN,Federal Contract Tower,0,5,24,1,30,0,1,135,0,136,0,6,159,1,166,172,0,172,338
07/25/2021,MTN,MD,AEA,EN,Federal Contract Tower,0,8,32,1,41,0,1,68,0,69,0,9,100,1,110,70,0,70,180
07/26/2021,MTN,MD,AEA,EN,Federal Contract Tower,0,10,29,0,39,0,0,107,0,107,0,10,136,0,146,126,0,126,272
07/27/2021,MTN,MD,AEA,EN,Federal Contract Tower,0,4,28,5,37,0,0,114,6,120,0,4,142,11,157,138,0,138,295
07/28/2021,MTN,MD,AEA,EN,Federal Contract Tower,0,6,34,3,43,0,0,116,1,117,0,6,150,4,160,124,8,132,292
07/29/2021,MTN,MD,AEA,EN,Federal Contract Tower,0,7,32,10,49,0,0,53,0,53,0,7,85,10,102,20,0,20,122
07/30/2021,MTN,MD,AEA,EN,Federal Contract Tower,0,4,33,8,45,0,0,104,6,110,0,4,137,14,155,120,12,132,287
07/31/2021,MTN,MD,AEA,EN,Federal Contract Tower,0,2,28,0,30,0,0,142,2,144,0,2,170,2,174,146,0,146,320
08/01/2021,MTN,MD,AEA,EN,Federal Contract Tower,0,10,42,0,52,0,0,11,0,11,0,10,53,0,63,2,0,2,65
08/02/2021,MTN,MD,AEA,EN,Federal Contract Tower,0,3,33,0,36,0,0,119,1,120,0,3,152,1,156,90,0,90,246
08/03/2021,MTN,MD,AEA,EN,Federal Contract Tower,0,4,29,8,41,0,0,145,2,147,0,4,174,10,188,152,0,152,340
08/04/2021,MTN,MD,AEA,EN,Federal Contract Tower,0,6,33,2,41,0,1,117,7,125,0,7,150,9,166,108,2,110,276
08/05/2021,MTN,MD,AEA,EN,Federal Contract Tower,0,5,46,4,55,0,0,137,3,140,0,5,183,7,195,184,0,184,379
08/06/2021,MTN,MD,AEA,EN,Federal Contract Tower,0,7,27,4,38,0,1,141,10,152,0,8,168,14,190,230,12,242,432
08/07/2021,MTN,MD,AEA,EN,Federal Contract Tower,0,10,26,0,36,0,0,75,0,75,0,10,101,0,111,72,0,72,183
08/08/2021,MTN,MD,AEA,EN,Federal Contract Tower,0,3,49,0,52,0,0,132,0,132,0,3,181,0,184,140,0,140,324
08/09/2021,MTN,MD,AEA,EN,Federal Contract Tower,0,14,32,0,46,0,0,80,0,80,0,14,112,0,126,70,0,70,196
08/10/2021,MTN,MD,AEA,EN,Federal Contract Tower,0,10,25,4,39,0,1,111,4,116,0,11,136,8,155,230,0,230,385
08/11/2021,MTN,MD,AEA,EN,Federal Contract Tower,0,5,26,3,34,0,2,120,10,132,0,7,146,13,166,112,4,116,282
08/12/2021,MTN,MD,AEA,EN,Federal Contract Tower,0,14,30,7,51,0,1,116,5,122,0,15,146,12,173,226,0,226,399
08/13/2021,MTN,MD,AEA,EN,Federal Contract Tower,0,13,25,2,40,0,0,88,2,90,0,13,113,4,130,188,12,200,330
08/14/2021,MTN,MD,AEA,EN,Federal Contract Tower,0,11,21,0,32,0,0,93,0,93,0,11,114,0,125,100,0,100,225
08/15/2021,MTN,MD,AEA,EN,Federal Contract Tower,0,9,21,0,30,0,1,129,0,130,0,10,150,0,160,124,0,124,284
08/16/2021,MTN,MD,AEA,EN,Federal Contract Tower,0,15,24,4,43,0,2,65,0,67,0,17,89,4,110,120,0,120,230
08/17/2021,MTN,MD,AEA,EN,Federal Contract Tower,0,16,15,9,40,0,0,26,3,29,0,16,41,12,69,20,0,20,89
08/18/2021,MTN,MD,AEA,EN,Federal Contract Tower,0,7,30,2,39,0,0,34,6,40,0,7,64,8,79,26,0,26,105
08/19/2021,MTN,MD,AEA,EN,Federal Contract Tower,0,7,42,5,54,0,0,125,4,129,0,7,167,9,183,164,0,164,347
08/20/2021,MTN,MD,AEA,EN,Federal Contract Tower,0,4,42,8,54,0,0,18,0,18,0,4,60,8,72,34,0,34,106
08/21/2021,MTN,MD,AEA,EN,Federal Contract Tower,0,10,30,0,40,0,0,107,0,107,0,10,137,0,147,142,0,142,289
08/22/2021,MTN,MD,AEA,EN,Federal Contract Tower,0,1,22,0,23,0,1,27,0,28,0,2,49,0,51,40,0,40,91
08/23/2021,MTN,MD,AEA,EN,Federal Contract Tower,0,19,32,0,51,0,4,107,0,111,0,23,139,0,162,112,2,114,276
08/24/2021,MTN,MD,AEA,EN,Federal Contract Tower,0,17,34,4,55,0,3,120,3,126,0,20,154,7,181,138,0,138,319
08/25/2021,MTN,MD,AEA,EN,Federal Contract Tower,0,13,34,2,49,0,1,141,2,144,0,14,175,4,193,162,0,162,355
08/26/2021,MTN,MD,AEA,EN,Federal Contract Tower,0,26,25,2,53,0,1,97,0,98,0,27,122,2,151,164,0,164,315
08/27/2021,MTN,MD,AEA,EN,Federal Contract Tower,0,13,32,1,46,0,0,86,0,86,0,13,118,1,132,178,8,186,318
08/28/2021,MTN,MD,AEA,EN,Federal Contract Tower,0,8,30,0,38,0,0,66,0,66,0,8,96,0,104,30,0,30,134
08/29/2021,MTN,MD,AEA,EN,Federal Contract Tower,0,26,58,0,84,0,0,58,0,58,0,26,116,0,142,84,0,84,226
08/30/2021,MTN,MD,AEA,EN,Federal Contract Tower,0,18,27,0,45,0,0,69,0,69,0,18,96,0,114,78,0,78,192
08/31/2021,MTN,MD,AEA,EN,Federal Contract Tower,0,4,29,5,38,0,0,120,5,125,0,4,149,10,163,182,0,182,345
09/01/2021,MTN,MD,AEA,EN,Federal Contract Tower,0,3,14,8,25,0,0,9,0,9,0,3,23,8,34,4,0,4,38
09/02/2021,MTN,MD,AEA,EN,Federal Contract Tower,0,8,50,2,60,0,0,67,2,69,0,8,117,4,129,8,8,16,145
09/03/2021,MTN,MD,AEA,EN,Federal Contract Tower,0,1,35,3,39,0,2,166,0,168,0,3,201,3,207,174,0,174,381
09/04/2021,MTN,MD,AEA,EN,Federal Contract Tower,0,2,22,0,24,0,4,186,0,190,0,6,208,0,214,160,0,160,374
09/05/2021,MTN,MD,AEA,EN,Federal Contract Tower,0,2,17,0,19,0,0,95,0,95,0,2,112,0,114,62,0,62,176
09/06/2021,MTN,MD,AEA,EN,Federal Contract Tower,0,8,30,0,38,0,0,108,0,108,0,8,138,0,146,74,20,94,240
09/07/2021,MTN,MD,AEA,EN,Federal Contract Tower,0,3,40,6,49,0,0,142,4,146,0,3,182,10,195,146,2,148,343
09/08/2021,MTN,MD,AEA,EN,Federal Contract Tower,0,7,41,2,50,0,1,78,0,79,0,8,119,2,129,42,4,46,175
09/09/2021,MTN,MD,AEA,EN,Federal Contract Tower,0,4,38,2,44,0,0,83,0,83,0,4,121,2,127,138,0,138,265
09/10/2021,MTN,MD,AEA,EN,Federal Contract Tower,0,9,17,1,27,0,0,131,0,131,0,9,148,1,158,156,0,156,314
09/11/2021,MTN,MD,AEA,EN,Federal Contract Tower,0,1,17,0,18,0,0,161,4,165,0,1,178,4,183,74,0,74,257
09/12/2021,MTN,MD,AEA,EN,Federal Contract Tower,0,5,32,0,37,0,0,149,0,149,0,5,181,0,186,144,0,144,330
09/13/2021,MTN,MD,AEA,EN,Federal Contract Tower,0,7,31,0,38,0,0,124,1,125,0,7,155,1,163,124,0,124,287
09/14/2021,MTN,MD,AEA,EN,Federal Contract Tower,0,7,27,4,38,0,1,114,0,115,0,8,141,4,153,208,0,208,361
09/15/2021,MTN,MD,AEA,EN,Federal Contract Tower,0,8,35,0,43,0,0,83,0,83,0,8,118,0,126,108,0,108,234
09/16/2021,MTN,MD,AEA,EN,Federal Contract Tower,0,4,34,3,41,0,0,61,3,64,0,4,95,6,105,90,0,90,195
09/17/2021,MTN,MD,AEA,EN,Federal Contract Tower,0,8,55,4,67,0,0,36,7,43,0,8,91,11,110,52,2,54,164
09/18/2021,MTN,MD,AEA,EN,Federal Contract Tower,0,3,40,0,43,0,0,85,1,86,0,3,125,1,129,150,0,150,279
09/19/2021,MTN,MD,AEA,EN,Federal Contract Tower,0,12,33,0,45,0,1,135,0,136,0,13,168,0,181,68,0,68,249
09/20/2021,MTN,MD,AEA,EN,Federal Contract Tower,0,12,24,0,36,0,1,102,0,103,0,13,126,0,139,206,0,206,345
09/21/2021,MTN,MD,AEA,EN,Federal Contract Tower,0,20,34,0,54,0,0,136,0,136,0,20,170,0,190,260,0,260,450
09/22/2021,MTN,MD,AEA,EN,Federal Contract Tower,0,9,32,0,41,0,0,21,0,21,0,9,53,0,62,16,0,16,78
09/23/2021,MTN,MD,AEA,EN,Federal Contract Tower,0,11,31,0,42,0,2,58,0,60,0,13,89,0,102,68,0,68,170
09/24/2021,MTN,MD,AEA,EN,Federal Contract Tower,0,9,38,1,48,0,0,179,0,179,0,9,217,1,227,334,0,334,561
09/25/2021,MTN,MD,AEA,EN,Federal Contract Tower,0,3,33,0,36,0,1,172,0,173,0,4,205,0,209,244,0,244,453
09/26/2021,MTN,MD,AEA,EN,Federal Contract Tower,0,12,27,0,39,0,0,108,0,108,0,12,135,0,147,82,0,82,229
09/27/2021,MTN,MD,AEA,EN,Federal Contract Tower,0,12,34,0,46,0,0,115,0,115,0,12,149,0,161,224,0,224,385
09/28/2021,MTN,MD,AEA,EN,Federal Contract Tower,0,9,39,1,49,0,0,100,1,101,0,9,139,2,150,236,0,236,386
09/29/2021,MTN,MD,AEA,EN,Federal Contract Tower,0,15,48,0,63,0,0,160,0,160,0,15,208,0,223,224,0,224,447
09/30/2021,MTN,MD,AEA,EN,Federal Contract Tower,0,12,48,0,60,0,1,139,0,140,0,13,187,0,200,236,0,236,436
10/01/2021,MTN,MD,AEA,EN,Federal Contract Tower,0,12,49,4,65,0,0,183,7,190,0,12,232,11,255,242,12,254,509
10/02/2021,MTN,MD,AEA,EN,Federal Contract Tower,0,18,32,8,58,0,1,159,13,173,0,19,191,21,231,200,10,210,441
10/03/2021,MTN,MD,AEA,EN,Federal Contract Tower,0,18,42,0,60,0,0,81,0,81,0,18,123,0,141,174,0,174,315
10/04/2021,MTN,MD,AEA,EN,Federal Contract Tower,0,14,40,0,54,0,0,118,0,118,0,14,158,0,172,186,0,186,358
10/05/2021,MTN,MD,AEA,EN,Federal Contract Tower,0,8,40,0,48,0,0,6,0,6,0,8,46,0,54,0,0,0,54
10/06/2021,MTN,MD,AEA,EN,Federal Contract Tower,0,13,48,0,61,0,0,47,0,47,0,13,95,0,108,86,0,86,194
10/07/2021,MTN,MD,AEA,EN,Federal Contract Tower,0,7,51,4,62,0,2,131,5,138,0,9,182,9,200,200,3,203,403
10/08/2021,MTN,MD,AEA,EN,Federal Contract Tower,0,5,39,0,44,0,0,117,0,117,0,5,156,0,161,172,0,172,333
10/09/2021,MTN,MD,AEA,EN,Federal Contract Tower,0,7,39,0,46,0,0,69,0,69,0,7,108,0,115,98,0,98,213
10/10/2021,MTN,MD,AEA,EN,Federal Contract Tower,0,13,36,0,49,0,0,13,0,13,0,13,49,0,62,0,0,0,62
10/11/2021,MTN,MD,AEA,EN,Federal Contract Tower,0,10,46,0,56,0,0,47,0,47,0,10,93,0,103,126,0,126,229
10/12/2021,MTN,MD,AEA,EN,Federal Contract Tower,0,8,56,3,67,0,0,44,6,50,0,8,100,9,117,52,2,54,171
10/13/2021,MTN,MD,AEA,EN,Federal Contract Tower,0,6,56,12,74,0,0,36,7,43,0,6,92,19,117,34,0,34,151
10/14/2021,MTN,MD,AEA,EN,Federal Contract Tower,0,6,45,6,57,0,0,134,6,140,0,6,179,12,197,186,2,188,385
10/15/2021,MTN,MD,AEA,EN,Federal Contract Tower,0,19,40,5,64,0,0,152,3,155,0,19,192,8,219,214,8,222,441
10/16/2021,MTN,MD,AEA,EN,Federal Contract Tower,0,9,23,0,32,0,1,42,0,43,0,10,65,0,75,36,0,36,111
10/17/2021,MTN,MD,AEA,EN,Federal Contract Tower,0,7,39,0,46,0,0,83,4,87,0,7,122,4,133,42,0,42,175
10/18/2021,MTN,MD,AEA,EN,Federal Contract Tower,0,4,26,1,31,0,0,71,0,71,0,4,97,1,102,57,0,57,159
10/19/2021,MTN,MD,AEA,EN,Federal Contract Tower,0,7,30,5,42,0,0,146,10,156,0,7,176,15,198,166,0,166,364
10/20/2021,MTN,MD,AEA,EN,Federal Contract Tower,0,8,38,7,53,0,0,144,7,151,0,8,182,14,204,220,2,222,426
10/21/2021,MTN,MD,AEA,EN,Federal Contract Tower,0,11,36,5,52,0,0,133,7,140,0,11,169,12,192,184,0,184,376
10/22/2021,MTN,MD,AEA,EN,Federal Contract Tower,0,15,45,7,67,0,4,121,6,131,0,19,166,13,198,166,8,174,372
10/23/2021,MTN,MD,AEA,EN,Federal Contract Tower,0,15,28,0,43,0,0,122,0,122,0,15,150,0,165,134,0,134,299
10/24/2021,MTN,MD,AEA,EN,Federal Contract Tower,0,12,32,0,44,0,0,125,0,125,0,12,157,0,169,144,0,144,313
10/25/2021,MTN,MD,AEA,EN,Federal Contract Tower,0,6,33,0,39,0,5,106,0,111,0,11,139,0,150,184,0,184,334
10/26/2021,MTN,MD,AEA,EN,Federal Contract Tower,0,12,25,3,40,0,3,14,4,21,0,15,39,7,61,40,0,40,101
10/27/2021,MTN,MD,AEA,EN,Federal Contract Tower,0,11,20,5,36,0,0,42,3,45,0,11,62,8,81,30,2,32,113
10/28/2021,MTN,MD,AEA,EN,Federal Contract Tower,0,5,37,6,48,0,3,170,6,179,0,8,207,12,227,197,0,197,424
10/29/2021,MTN,MD,AEA,EN,Federal Contract Tower,0,5,16,0,21,0,0,0,0,0,0,5,16,0,21,0,0,0,21
10/30/2021,MTN,MD,AEA,EN,Federal Contract Tower,0,4,34,0,38,0,1,44,0,45,0,5,78,0,83,18,0,18,101
10/31/2021,MTN,MD,AEA,EN,Federal Contract Tower,0,8,29,0,37,0,1,103,0,104,0,9,132,0,141,98,0,98,239
11/02/2021,MTN,MD,AEA,EN,Federal Contract Tower,0,6,20,1,27,0,1,68,2,71,0,7,88,3,98,68,0,68,166
11/03/2021,MTN,MD,AEA,EN,Federal Contract Tower,0,7,29,1,37,0,0,173,0,173,0,7,202,1,210,152,0,152,362
11/04/2021,MTN,MD,AEA,EN,Federal Contract Tower,0,13,43,4,60,0,0,142,0,142,0,13,185,4,202,134,0,134,336
11/05/2021,MTN,MD,AEA,EN,Federal Contract Tower,0,8,24,0,32,0,0,156,2,158,0,8,180,2,190,200,0,200,390
11/06/2021,MTN,MD,AEA,EN,Federal Contract Tower,0,12,34,0,46,0,0,146,0,146,0,12,180,0,192,212,0,212,404
11/07/2021,MTN,MD,AEA,EN,Federal Contract Tower,0,10,29,0,39,0,2,116,0,118,0,12,145,0,157,112,0,112,269
11/08/2021,MTN,MD,AEA,EN,Federal Contract Tower,0,5,36,0,41,0,0,133,0,133,0,5,169,0,174,170,0,170,344
11/09/2021,MTN,MD,AEA,EN,Federal Contract Tower,0,6,29,0,35,0,1,162,1,164,0,7,191,1,199,254,2,256,455
11/10/2021,MTN,MD,AEA,EN,Federal Contract Tower,0,10,44,2,56,0,1,86,1,88,0,11,130,3,144,130,4,134,278
11/11/2021,MTN,MD,AEA,EN,Federal Contract Tower,0,10,49,0,59,0,0,145,0,145,0,10,194,0,204,230,0,230,434
11/12/2021,MTN,MD,AEA,EN,Federal Contract Tower,0,8,38,0,46,0,1,90,1,92,0,9,128,1,138,76,0,76,214
11/13/2021,MTN,MD,AEA,EN,Federal Contract Tower,0,8,23,5,36,0,2,66,0,68,0,10,89,5,104,68,0,68,172
11/14/2021,MTN,MD,AEA,EN,Federal Contract Tower,0,4,46,0,50,0,3,118,0,121,0,7,164,0,171,136,0,136,307
11/15/2021,MTN,MD,AEA,EN,Federal Contract Tower,0,4,26,2,32,0,1,30,0,31,0,5,56,2,63,10,0,10,73
11/16/2021,MTN,MD,AEA,EN,Federal Contract Tower,0,4,33,0,37,0,2,173,0,175,0,6,206,0,212,382,0,382,594
11/17/2021,MTN,MD,AEA,EN,Federal Contract Tower,0,8,50,6,64,0,1,154,3,158,0,9,204,9,222,310,0,310,532
11/18/2021,MTN,MD,AEA,EN,Federal Contract Tower,0,10,34,6,50,0,0,79,6,85,0,10,113,12,135,84,6,90,225
11/19/2021,MTN,MD,AEA,EN,Federal Contract Tower,0,4,32,0,36,0,0,51,0,51,0,4,83,0,87,78,0,78,165
11/20/2021,MTN,MD,AEA,EN,Federal Contract Tower,0,9,23,0,32,0,1,138,0,139,0,10,161,0,171,238,0,238,409
11/21/2021,MTN,MD,AEA,EN,Federal Contract Tower,0,7,33,0,40,0,0,118,0,118,0,7,151,0,158,276,0,276,434
11/22/2021,MTN,MD,AEA,EN,Federal Contract Tower,0,10,44,0,54,0,0,80,0,80,0,10,124,0,134,70,0,70,204
11/23/2021,MTN,MD,AEA,EN,Federal Contract Tower,0,14,46,0,60,0,0,91,0,91,0,14,137,0,151,72,0,72,223
11/24/2021,MTN,MD,AEA,EN,Federal Contract Tower,0,4,30,0,34,0,0,127,0,127,0,4,157,0,161,250,0,250,411
11/25/2021,MTN,MD,AEA,EN,Federal Contract Tower,0,1,8,0,9,0,1,28,0,29,0,2,36,0,38,36,0,36,74
11/26/2021,MTN,MD,AEA,EN,Federal Contract Tower,0,6,15,0,21,0,1,18,0,19,0,7,33,0,40,0,0,0,40
11/27/2021,MTN,MD,AEA,EN,Federal Contract Tower,0,8,27,0,35,0,0,57,0,57,0,8,84,0,92,88,0,88,180
11/28/2021,MTN,MD,AEA,EN,Federal Contract Tower,0,5,49,0,54,0,0,119,0,119,0,5,168,0,173,174,0,174,347
11/29/2021,MTN,MD,AEA,EN,Federal Contract Tower,0,11,31,0,42,0,0,49,0,49,0,11,80,0,91,52,0,52,143
11/30/2021,MTN,MD,AEA,EN,Federal Contract Tower,0,12,30,3,45,0,0,115,3,118,0,12,145,6,163,174,10,184,347
12/01/2021,MTN,MD,AEA,EN,Federal Contract Tower,0,4,32,5,41,0,1,154,6,161,0,5,186,11,202,192,2,194,396
12/02/2021,MTN,MD,AEA,EN,Federal Contract Tower,0,3,34,5,42,0,0,121,0,121,0,3,155,5,163,124,2,126,289
12/03/2021,MTN,MD,AEA,EN,Federal Contract Tower,0,10,35,6,51,0,0,112,4,116,0,10,147,10,167,140,15,155,322
12/04/2021,MTN,MD,AEA,EN,Federal Contract Tower,0,2,29,9,40,0,1,144,11,156,0,3,173,20,196,172,4,176,372
12/05/2021,MTN,MD,AEA,EN,Federal Contract Tower,0,4,37,0,41,0,1,116,0,117,0,5,153,0,158,174,0,174,332
12/06/2021,MTN,MD,AEA,EN,Federal Contract Tower,0,12,29,0,41,0,3,40,2,45,0,15,69,2,86,68,0,68,154
12/07/2021,MTN,MD,AEA,EN,Federal Contract Tower,0,10,31,5,46,0,0,129,2,131,0,10,160,7,177,244,0,244,421
12/08/2021,MTN,MD,AEA,EN,Federal Contract Tower,0,6,26,6,38,0,0,51,6,57,0,6,77,12,95,92,0,92,187
12/09/2021,MTN,MD,AEA,EN,Federal Contract Tower,0,11,46,6,63,0,0,132,5,137,0,11,178,11,200,202,0,202,402
12/10/2021,MTN,MD,AEA,EN,Federal Contract Tower,0,1,34,3,38,0,0,111,0,111,0,1,145,3,149,196,6,202,351
12/11/2021,MTN,MD,AEA,EN,Federal Contract Tower,0,5,2,0,7,0,0,0,0,0,0,5,2,0,7,0,0,0,7
12/12/2021,MTN,MD,AEA,EN,Federal Contract Tower,0,7,23,0,30,0,0,43,0,43,0,7,66,0,73,26,0,26,99
12/13/2021,MTN,MD,AEA,EN,Federal Contract Tower,0,6,35,0,41,0,0,138,0,138,0,6,173,0,179,170,0,170,349
12/14/2021,MTN,MD,AEA,EN,Federal Contract Tower,0,5,25,6,36,0,4,118,7,129,0,9,143,13,165,158,0,158,323
12/15/2021,MTN,MD,AEA,EN,Federal Contract Tower,0,10,38,7,55,0,0,121,9,130,0,10,159,16,185,208,10,218,403
12/16/2021,MTN,MD,AEA,EN,Federal Contract Tower,0,4,31,9,44,0,0,144,6,150,0,4,175,15,194,214,0,214,408
12/17/2021,MTN,MD,AEA,EN,Federal Contract Tower,0,6,28,0,34,0,0,167,0,167,0,6,195,0,201,220,0,220,421
12/18/2021,MTN,MD,AEA,EN,Federal Contract Tower,0,3,26,0,29,0,0,58,0,58,0,3,84,0,87,180,0,180,267
12/19/2021,MTN,MD,AEA,EN,Federal Contract Tower,0,5,25,0,30,0,0,25,0,25,0,5,50,0,55,4,0,4,59
12/20/2021,MTN,MD,AEA,EN,Federal Contract Tower,0,3,28,0,31,0,2,119,0,121,0,5,147,0,152,180,0,180,332
12/21/2021,MTN,MD,AEA,EN,Federal Contract Tower,0,3,33,5,41,0,0,128,6,134,0,3,161,11,175,170,10,180,355
12/22/2021,MTN,MD,AEA,EN,Federal Contract Tower,0,2,24,3,29,0,0,66,4,70,0,2,90,7,99,56,0,56,155
12/23/2021,MTN,MD,AEA,EN,Federal Contract Tower,0,4,46,0,50,0,0,124,0,124,0,4,170,0,174,110,0,110,284
12/24/2021,MTN,MD,AEA,EN,Federal Contract Tower,0,5,13,0,18,0,1,50,0,51,0,6,63,0,69,46,0,46,115
12/25/2021,MTN,MD,AEA,EN,Federal Contract Tower,0,1,15,0,16,0,2,13,0,15,0,3,28,0,31,0,0,0,31
12/26/2021,MTN,MD,AEA,EN,Federal Contract Tower,0,5,36,0,41,0,0,64,0,64,0,5,100,0,105,64,0,64,169
12/27/2021,MTN,MD,AEA,EN,Federal Contract Tower,0,3,28,0,31,0,2,18,0,20,0,5,46,0,51,26,0,26,77
12/28/2021,MTN,MD,AEA,EN,Federal Contract Tower,0,10,23,0,33,0,0,94,0,94,0,10,117,0,127,114,0,114,241
12/29/2021,MTN,MD,AEA,EN,Federal Contract Tower,0,5,31,0,36,0,0,73,0,73,0,5,104,0,109,152,0,152,261
12/30/2021,MTN,MD,AEA,EN,Federal Contract Tower,0,2,11,0,13,0,0,4,0,4,0,2,15,0,17,0,0,0,17
12/31/2021,MTN,MD,AEA,EN,Federal Contract Tower,0,5,17,0,22,0,0,2,0,2,0,5,19,0,24,0,0,0,24
01/01/2022,MTN,MD,AEA,EN,Federal Contract Tower,0,4,0,0,4,0,0,0,0,0,0,4,0,0,4,0,0,0,4
01/02/2022,MTN,MD,AEA,EN,Federal Contract Tower,0,3,36,0,39,0,0,50,0,50,0,3,86,0,89,104,0,104,193
01/03/2022,MTN,MD,AEA,EN,Federal Contract Tower,0,5,2,0,7,0,0,14,0,14,0,5,16,0,21,0,0,0,21
01/04/2022,MTN,MD,AEA,EN,Federal Contract Tower,0,14,18,3,35,0,0,114,2,116,0,14,132,5,151,160,0,160,311
01/05/2022,MTN,MD,AEA,EN,Federal Contract Tower,0,4,27,7,38,0,0,97,9,106,0,4,124,16,144,89,0,89,233
01/06/2022,MTN,MD,AEA,EN,Federal Contract Tower,0,7,32,6,45,0,0,133,7,140,0,7,165,13,185,146,0,146,331
01/07/2022,MTN,MD,AEA,EN,Federal Contract Tower,0,1,7,1,9,0,0,16,1,17,0,1,23,2,26,26,2,28,54
01/08/2022,MTN,MD,AEA,EN,Federal Contract Tower,0,2,22,4,28,0,0,152,4,156,0,2,174,8,184,200,0,200,384
01/09/2022,MTN,MD,AEA,EN,Federal Contract Tower,0,4,15,2,21,0,0,10,0,10,0,4,25,2,31,0,0,0,31
01/10/2022,MTN,MD,AEA,EN,Federal Contract Tower,0,11,25,0,36,0,0,61,0,61,0,11,86,0,97,96,4,100,197
01/11/2022,MTN,MD,AEA,EN,Federal Contract Tower,0,7,23,6,36,0,0,141,7,148,0,7,164,13,184,104,0,104,288
01/12/2022,MTN,MD,AEA,EN,Federal Contract Tower,0,5,29,6,40,0,1,133,7,141,0,6,162,13,181,122,2,124,305
01/13/2022,MTN,MD,AEA,EN,Federal Contract Tower,0,9,28,0,37,0,0,178,0,178,0,9,206,0,215,212,0,212,427
01/14/2022,MTN,MD,AEA,EN,Federal Contract Tower,0,5,30,0,35,0,0,87,0,87,0,5,117,0,122,106,0,106,228
01/15/2022,MTN,MD,AEA,EN,Federal Contract Tower,0,8,11,0,19,0,0,88,0,88,0,8,99,0,107,112,0,112,219
01/16/2022,MTN,MD,AEA,EN,Federal Contract Tower,0,1,5,0,6,0,0,34,0,34,0,1,39,0,40,72,0,72,112
01/17/2022,MTN,MD,AEA,EN,Federal Contract Tower,0,9,10,0,19,0,0,3,0,3,0,9,13,0,22,0,0,0,22
01/18/2022,MTN,MD,AEA,EN,Federal Contract Tower,0,9,35,5,49,0,0,63,5,68,0,9,98,10,117,48,2,50,167
01/19/2022,MTN,MD,AEA,EN,Federal Contract Tower,0,6,27,4,37,0,0,115,5,120,0,6,142,9,157,124,12,136,293
01/20/2022,MTN,MD,AEA,EN,Federal Contract Tower,0,2,15,2,19,0,0,30,2,32,0,2,45,4,51,20,0,20,71
01/21/2022,MTN,MD,AEA,EN,Federal Contract Tower,0,3,21,2,26,0,0,146,2,148,0,3,167,4,174,162,10,172,346
01/22/2022,MTN,MD,AEA,EN,Federal Contract Tower,0,4,8,0,12,0,0,130,0,130,0,4,138,0,142,154,0,154,296
01/23/2022,MTN,MD,AEA,EN,Federal Contract Tower,0,3,27,0,30,0,0,115,0,115,0,3,142,0,145,162,0,162,307
01/24/2022,MTN,MD,AEA,EN,Federal Contract Tower,0,8,23,0,31,0,1,118,0,119,0,9,141,0,150,160,0,160,310
01/25/2022,MTN,MD,AEA,EN,Federal Contract Tower,0,5,26,3,34,0,0,93,5,98,0,5,119,8,132,68,0,68,200
01/26/2022,MTN,MD,AEA,EN,Federal Contract Tower,0,3,15,3,21,0,1,104,3,108,0,4,119,6,129,98,0,98,227
01/27/2022,MTN,MD,AEA,EN,Federal Contract Tower,0,1,32,6,39,0,2,109,2,113,0,3,141,8,152,208,0,208,360
01/28/2022,MTN,MD,AEA,EN,Federal Contract Tower,0,4,13,8,25,0,0,17,1,18,0,4,30,9,43,78,0,78,121
01/29/2022,MTN,MD,AEA,EN,Federal Contract Tower,0,1,5,0,6,0,0,6,0,6,0,1,11,0,12,0,0,0,12
01/30/2022,MTN,MD,AEA,EN,Federal Contract Tower,0,9,19,0,28,0,0,104,0,104,0,9,123,0,132,172,0,172,304
01/31/2022,MTN,MD,AEA,EN,Federal Contract Tower,0,3,30,0,33,0,0,87,0,87,0,3,117,0,120,85,0,85,205
02/01/2022,MTN,MD,AEA,EN,Federal Contract Tower,0,5,22,6,33,0,0,106,6,112,0,5,128,12,145,146,0,146,291
02/02/2022,MTN,MD,AEA,EN,Federal Contract Tower,0,5,25,7,37,0,0,77,5,82,0,5,102,12,119,114,0,114,233
02/03/2022,MTN,MD,AEA,EN,Federal Contract Tower,0,5,12,4,21,0,0,0,0,0,0,5,12,4,21,0,0,0,21
02/04/2022,MTN,MD,AEA,EN,Federal Contract Tower,0,4,13,14,31,0,0,2,0,2,0,4,15,14,33,0,0,0,33
02/05/2022,MTN,MD,AEA,EN,Federal Contract Tower,0,0,17,0,17,0,0,56,0,56,0,0,73,0,73,32,0,32,105
02/06/2022,MTN,MD,AEA,EN,Federal Contract Tower,0,3,34,1,38,0,0,115,0,115,0,3,149,1,153,142,2,144,297
02/07/2022,MTN,MD,AEA,EN,Federal Contract Tower,0,7,12,0,19,0,0,13,0,13,0,7,25,0,32,6,0,6,38
02/08/2022,MTN,MD,AEA,EN,Federal Contract Tower,0,5,22,6,33,0,0,106,3,109,0,5,128,9,142,146,4,150,292
02/09/2022,MTN,MD,AEA,EN,Federal Contract Tower,0,4,28,7,39,0,0,138,4,142,0,4,166,11,181,276,0,276,457
02/10/2022,MTN,MD,AEA,EN,Federal Contract Tower,0,7,35,4,46,0,1,102,2,105,0,8,137,6,151,126,4,130,281
02/11/2022,MTN,MD,AEA,EN,Federal Contract Tower,0,3,42,4,49,0,0,155,4,159,0,3,197,8,208,100,0,100,308
02/12/2022,MTN,MD,AEA,EN,Federal Contract Tower,0,4,20,8,32,0,0,165,6,171,0,4,185,14,203,186,2,188,391
02/13/2022,MTN,MD,AEA,EN,Federal Contract Tower,0,10,5,0,15,0,0,4,0,4,0,10,9,0,19,0,0,0,19
02/14/2022,MTN,MD,AEA,EN,Federal Contract Tower,0,2,30,0,32,0,0,99,0,99,0,2,129,0,131,112,0,112,243
02/15/2022,MTN,MD,AEA,EN,Federal Contract Tower,0,7,22,1,30,0,0,126,0,126,0,7,148,1,156,236,0,236,392
02/16/2022,MTN,MD,AEA,EN,Federal Contract Tower,0,3,31,7,41,0,0,136,6,142,0,3,167,13,183,210,0,210,393
02/17/2022,MTN,MD,AEA,EN,Federal Contract Tower,0,12,32,4,48,0,0,52,6,58,0,12,84,10,106,16,14,30,136
02/18/2022,MTN,MD,AEA,EN,Federal Contract Tower,0,10,16,0,26,0,2,18,0,20,0,12,34,0,46,0,0,0,46
02/19/2022,MTN,MD,AEA,EN,Federal Contract Tower,0,0,15,0,15,0,0,22,0,22,0,0,37,0,37,22,0,22,59
02/20/2022,MTN,MD,AEA,EN,Federal Contract Tower,0,4,26,0,30,0,1,152,0,153,0,5,178,0,183,154,0,154,337
02/21/2022,MTN,MD,AEA,EN,Federal Contract Tower,0,12,33,0,45,0,1,199,0,200,0,13,232,0,245,252,0,252,497
02/22/2022,MTN,MD,AEA,EN,Federal Contract Tower,0,5,28,3,36,0,0,31,4,35,0,5,59,7,71,26,0,26,97
02/23/2022,MTN,MD,AEA,EN,Federal Contract Tower,0,3,21,4,28,0,0,109,4,113,0,3,130,8,141,94,4,98,239
02/24/2022,MTN,MD,AEA,EN,Federal Contract Tower,0,2,20,1,23,0,0,16,1,17,0,2,36,2,40,0,0,0,40
02/25/2022,MTN,MD,AEA,EN,Federal Contract Tower,0,3,15,1,19,0,0,11,1,12,0,3,26,2,31,0,8,8,39
02/26/2022,MTN,MD,AEA,EN,Federal Contract Tower,0,9,21,0,30,0,0,145,0,145,0,9,166,0,175,170,0,170,345
02/27/2022,MTN,MD,AEA,EN,Federal Contract Tower,0,5,11,0,16,0,0,100,0,100,0,5,111,0,116,106,0,106,222
02/28/2022,MTN,MD,AEA,EN,Federal Contract Tower,0,6,32,0,38,0,0,152,0,152,0,6,184,0,190,136,0,136,326
03/01/2022,MTN,MD,AEA,EN,Federal Contract Tower,0,7,15,3,25,0,0,116,0,116,0,7,131,3,141,180,4,184,325
03/02/2022,MTN,MD,AEA,EN,Federal Contract Tower,0,5,24,5,34,0,0,161,6,167,0,5,185,11,201,208,4,212,413
03/03/2022,MTN,MD,AEA,EN,Federal Contract Tower,0,6,23,6,35,0,0,103,6,109,0,6,126,12,144,122,2,124,268
03/04/2022,MTN,MD,AEA,EN,Federal Contract Tower,0,4,23,7,34,0,1,140,6,147,0,5,163,13,181,116,6,122,303
03/05/2022,MTN,MD,AEA,EN,Federal Contract Tower,0,4,23,8,35,0,0,134,8,142,0,4,157,16,177,122,0,122,299
03/06/2022,MTN,MD,AEA,EN,Federal Contract Tower,0,5,18,0,23,0,0,18,0,18,0,5,36,0,41,4,0,4,45
03/07/2022,MTN,MD,AEA,EN,Federal Contract Tower,0,10,9,0,19,0,0,25,0,25,0,10,34,0,44,58,0,58,102
03/08/2022,MTN,MD,AEA,EN,Federal Contract Tower,0,9,33,4,46,0,0,105,5,110,0,9,138,9,156,44,2,46,202
03/09/2022,MTN,MD,AEA,EN,Federal Contract Tower,0,0,18,0,18,0,0,4,0,4,0,0,22,0,22,7,0,7,29
03/10/2022,MTN,MD,AEA,EN,Federal Contract Tower,0,4,9,3,16,0,0,123,1,124,0,4,132,4,140,110,0,110,250
03/11/2022,MTN,MD,AEA,EN,Federal Contract Tower,0,7,44,0,51,0,0,141,0,141,0,7,185,0,192,122,0,122,314
03/12/2022,MTN,MD,AEA,EN,Federal Contract Tower,0,4,10,0,14,0,0,0,0,0,0,4,10,0,14,0,0,0,14
03/13/2022,MTN,MD,AEA,EN,Federal Contract Tower,0,2,21,0,23,0,0,76,0,76,0,2,97,0,99,44,0,44,143
03/14/2022,MTN,MD,AEA,EN,Federal Contract Tower,0,8,32,0,40,0,0,136,0,136,0,8,168,0,176,240,0,240,416
03/15/2022,MTN,MD,AEA,EN,Federal Contract Tower,0,2,24,5,31,0,0,159,4,163,0,2,183,9,194,214,0,214,408
03/16/2022,MTN,MD,AEA,EN,Federal Contract Tower,0,9,28,4,41,0,1,178,4,183,0,10,206,8,224,236,0,236,460
03/17/2022,MTN,MD,AEA,EN,Federal Contract Tower,0,7,14,0,21,0,0,3,0,3,0,7,17,0,24,0,0,0,24
03/18/2022,MTN,MD,AEA,EN,Federal Contract Tower,0,3,39,0,42,0,0,118,1,119,0,3,157,1,161,196,0,196,357
03/19/2022,MTN,MD,AEA,EN,Federal Contract Tower,0,3,29,0,32,0,0,99,0,99,0,3,128,0,131,202,0,202,333
03/20/2022,MTN,MD,AEA,EN,Federal Contract Tower,0,9,33,0,42,0,0,49,0,49,0,9,82,0,91,36,0,36,127
03/21/2022,MTN,MD,AEA,EN,Federal Contract Tower,0,9,25,0,34,0,0,137,0,137,0,9,162,0,171,122,0,122,293
03/22/2022,MTN,MD,AEA,EN,Federal Contract Tower,0,3,30,4,37,0,1,173,3,177,0,4,203,7,214,278,0,278,492
03/23/2022,MTN,MD,AEA,EN,Federal Contract Tower,0,5,25,4,34,0,1,27,0,28,0,6,52,4,62,20,0,20,82
03/24/2022,MTN,MD,AEA,EN,Federal Contract Tower,0,1,17,5,23,0,0,0,0,0,0,1,17,5,23,0,0,0,23
03/25/2022,MTN,MD,AEA,EN,Federal Contract Tower,0,10,30,7,47,0,0,130,8,138,0,10,160,15,185,115,6,121,306
03/26/2022,MTN,MD,AEA,EN,Federal Contract Tower,0,5,19,0,24,0,0,39,1,40,0,5,58,1,64,52,0,52,116
03/27/2022,MTN,MD,AEA,EN,Federal Contract Tower,0,8,17,0,25,0,0,25,0,25,0,8,42,0,50,18,0,18,68
03/28/2022,MTN,MD,AEA,EN,Federal Contract Tower,0,0,33,0,33,0,0,16,1,17,0,0,49,1,50,2,0,2,52
03/29/2022,MTN,MD,AEA,EN,Federal Contract Tower,0,1,34,4,39,0,1,118,3,122,0,2,152,7,161,144,6,150,311
03/30/2022,MTN,MD,AEA,EN,Federal Contract Tower,0,6,28,2,36,0,0,115,3,118,0,6,143,5,154,322,0,322,476
03/31/2022,MTN,MD,AEA,EN,Federal Contract Tower,0,5,13,0,18,0,0,5,0,5,0,5,18,0,23,0,0,0,23
04/01/2022,MTN,MD,AEA,EN,Federal Contract Tower,0,4,19,6,29,0,0,29,8,37,0,4,48,14,66,8,6,14,80
04/02/2022,MTN,MD,AEA,EN,Federal Contract Tower,0,5,36,10,51,0,0,205,8,213,0,5,241,18,264,290,0,290,554
04/03/2022,MTN,MD,AEA,EN,Federal Contract Tower,0,7,22,0,29,0,1,50,0,51,0,8,72,0,80,76,0,76,156
04/04/2022,MTN,MD,AEA,EN,Federal Contract Tower,0,10,46,0,56,0,0,174,0,174,0,10,220,0,230,250,10,260,490
04/05/2022,MTN,MD,AEA,EN,Federal Contract Tower,0,8,33,13,54,0,0,39,0,39,0,8,72,13,93,18,0,18,111
04/06/2022,MTN,MD,AEA,EN,Federal Contract Tower,0,21,47,10,78,0,1,19,0,20,0,22,66,10,98,50,2,52,150
04/07/2022,MTN,MD,AEA,EN,Federal Contract Tower,0,3,23,0,26,0,0,2,0,2,0,3,25,0,28,0,0,0,28
04/08/2022,MTN,MD,AEA,EN,Federal Contract Tower,0,13,32,2,47,0,0,167,6,173,0,13,199,8,220,308,8,316,536
04/09/2022,MTN,MD,AEA,EN,Federal Contract Tower,0,2,17,0,19,0,0,126,0,126,0,2,143,0,145,250,0,250,395
04/10/2022,MTN,MD,AEA,EN,Federal Contract Tower,0,9,32,0,41,0,77,0,0,77,0,86,32,0,118,0,0,0,118
04/11/2022,MTN,MD,AEA,EN,Federal Contract Tower,0,13,33,0,46,0,0,135,2,137,0,13,168,2,183,190,0,190,373
04/12/2022,MTN,MD,AEA,EN,Federal Contract Tower,0,10,32,7,49,0,1,139,4,144,0,11,171,11,193,140,2,142,335
04/13/2022,MTN,MD,AEA,EN,Federal Contract Tower,0,9,38,6,53,0,1,124,5,130,0,10,162,11,183,248,0,248,431
04/14/2022,MTN,MD,AEA,EN,Federal Contract Tower,0,16,41,7,64,0,0,51,4,55,0,16,92,11,119,20,0,20,139
04/15/2022,MTN,MD,AEA,EN,Federal Contract Tower,0,6,26,2,34,0,1,159,3,163,0,7,185,5,197,298,4,302,499
04/16/2022,MTN,MD,AEA,EN,Federal Contract Tower,0,1,17,0,18,0,0,77,0,77,0,1,94,0,95,48,0,48,143
04/17/2022,MTN,MD,AEA,EN,Federal Contract Tower,0,6,17,0,23,0,0,64,0,64,0,6,81,0,87,58,0,58,145
04/18/2022,MTN,MD,AEA,EN,Federal Contract Tower,0,15,25,0,40,0,0,28,0,28,0,15,53,0,68,116,0,116,184
04/19/2022,MTN,MD,AEA,EN,Federal Contract Tower,0,11,28,6,45,0,0,28,7,35,0,11,56,13,80,0,0,0,80
04/20/2022,MTN,MD,AEA,EN,Federal Contract Tower,0,10,23,6,39,0,0,173,9,182,0,10,196,15,221,262,4,266,487
04/21/2022,MTN,MD,AEA,EN,Federal Contract Tower,0,10,23,6,39,0,1,144,6,151,0,11,167,12,190,106,0,106,296
04/22/2022,MTN,MD,AEA,EN,Federal Contract Tower,0,6,29,3,38,0,1,146,1,148,0,7,175,4,186,210,2,212,398
04/23/2022,MTN,MD,AEA,EN,Federal Contract Tower,0,8,29,0,37,0,1,199,0,200,0,9,228,0,237,358,0,358,595
04/24/2022,MTN,MD,AEA,EN,Federal Contract Tower,0,10,23,0,33,0,3,153,0,156,0,13,176,0,189,380,0,380,569
04/25/2022,MTN,MD,AEA,EN,Federal Contract Tower,0,16,31,1,48,0,0,47,1,48,0,16,78,2,96,30,0,30,126
04/26/2022,MTN,MD,AEA,EN,Federal Contract Tower,0,8,36,2,46,0,1,17,0,18,0,9,53,2,64,4,0,4,68
04/27/2022,MTN,MD,AEA,EN,Federal Contract Tower,0,5,15,4,24,0,4,37,4,45,0,9,52,8,69,4,0,4,73
04/28/2022,MTN,MD,AEA,EN,Federal Contract Tower,0,11,42,1,54,0,0,108,1,109,0,11,150,2,163,42,0,42,205
04/29/2022,MTN,MD,AEA,EN,Federal Contract Tower,0,13,36,2,51,0,0,232,0,232,0,13,268,2,283,306,0,306,589
04/30/2022,MTN,MD,AEA,EN,Federal Contract Tower,0,7,24,0,31,0,8,196,0,204,0,15,220,0,235,396,0,396,631
05/01/2022,MTN,MD,AEA,EN,Federal Contract Tower,0,16,30,0,46,0,0,78,0,78,0,16,108,0,124,220,0,220,344
05/02/2022,MTN,MD,AEA,EN,Federal Contract Tower,0,4,27,1,32,0,0,179,0,179,0,4,206,1,211,296,0,296,507
05/03/2022,MTN,MD,AEA,EN,Federal Contract Tower,0,13,50,5,68,0,2,73,0,75,0,15,123,5,143,130,0,130,273
05/04/2022,MTN,MD,AEA,EN,Federal Contract Tower,0,6,51,6,63,0,2,31,0,33,0,8,82,6,96,26,0,26,122
05/05/2022,MTN,MD,AEA,EN,Federal Contract Tower,0,16,39,0,55,0,3,142,0,145,0,19,181,0,200,306,0,306,506
05/06/2022,MTN,MD,AEA,EN,Federal Contract Tower,0,4,23,0,27,0,0,0,0,0,0,4,23,0,27,0,0,0,27
05/07/2022,MTN,MD,AEA,EN,Federal Contract Tower,0,5,9,0,14,0,0,0,0,0,0,5,9,0,14,0,0,0,14
05/08/2022,MTN,MD,AEA,EN,Federal Contract Tower,0,14,21,0,35,0,0,17,0,17,0,14,38,0,52,8,0,8,60
05/09/2022,MTN,MD,AEA,EN,Federal Contract Tower,0,11,21,0,32,0,0,121,0,121,0,11,142,0,153,166,0,166,319
05/10/2022,MTN,MD,AEA,EN,Federal Contract Tower,0,10,16,2,28,0,88,1,0,89,0,98,17,2,117,26,0,26,143
05/11/2022,MTN,MD,AEA,EN,Federal Contract Tower,0,5,32,3,40,0,0,144,1,145,0,5,176,4,185,226,2,228,413
05/12/2022,MTN,MD,AEA,EN,Federal Contract Tower,0,7,42,0,49,0,0,58,0,58,0,7,100,0,107,92,0,92,199
05/13/2022,MTN,MD,AEA,EN,Federal Contract Tower,0,6,42,0,48,0,1,9,0,10,0,7,51,0,58,0,2,2,60
05/14/2022,MTN,MD,AEA,EN,Federal Contract Tower,0,6,18,0,24,0,0,2,0,2,0,6,20,0,26,0,0,0,26
05/15/2022,MTN,MD,AEA,EN,Federal Contract Tower,0,12,31,3,46,0,0,43,0,43,0,12,74,3,89,44,0,44,133
05/16/2022,MTN,MD,AEA,EN,Federal Contract Tower,0,3,33,3,39,0,0,35,0,35,0,3,68,3,74,40,0,40,114
05/17/2022,MTN,MD,AEA,EN,Federal Contract Tower,0,11,34,0,45,0,3,135,0,138,0,14,169,0,183,32,4,36,219
05/18/2022,MTN,MD,AEA,EN,Federal Contract Tower,0,8,26,0,34,0,3,192,1,196,0,11,218,1,230,250,2,252,482
05/19/2022,MTN,MD,AEA,EN,Federal Contract Tower,0,6,47,2,55,0,0,115,0,115,0,6,162,2,170,102,0,102,272
05/20/2022,MTN,MD,AEA,EN,Federal Contract Tower,0,5,31,2,38,0,2,169,0,171,0,7,200,2,209,318,0,318,527
05/21/2022,MTN,MD,AEA,EN,Federal Contract Tower,0,7,29,0,36,0,4,216,0,220,0,11,245,0,256,274,0,274,530
05/22/2022,MTN,MD,AEA,EN,Federal Contract Tower,0,3,32,0,35,0,0,116,0,116,0,3,148,0,151,270,0,270,421
05/23/2022,MTN,MD,AEA,EN,Federal Contract Tower,0,6,30,0,36,0,2,163,3,168,0,8,193,3,204,300,0,300,504
05/24/2022,MTN,MD,AEA,EN,Federal Contract Tower,0,12,40,1,53,0,0,48,1,49,0,12,88,2,102,26,0,26,128
05/25/2022,MTN,MD,AEA,EN,Federal Contract Tower,0,13,15,0,28,0,0,147,0,147,0,13,162,0,175,220,0,220,395
05/26/2022,MTN,MD,AEA,EN,Federal Contract Tower,0,8,41,1,50,0,0,33,1,34,0,8,74,2,84,50,0,50,134
05/27/2022,MTN,MD,AEA,EN,Federal Contract Tower,0,14,21,0,35,0,0,18,0,18,0,14,39,0,53,0,0,0,53
05/28/2022,MTN,MD,AEA,EN,Federal Contract Tower,0,6,18,2,26,0,2,125,0,127,0,8,143,2,153,180,0,180,333
05/29/2022,MTN,MD,AEA,EN,Federal Contract Tower,0,4,22,2,28,0,1,122,0,123,0,5,144,2,151,134,0,134,285
05/30/2022,MTN,MD,AEA,EN,Federal Contract Tower,0,7,7,0,14,0,0,177,0,177,0,7,184,0,191,146,0,146,337
05/31/2022,MTN,MD,AEA,EN,Federal Contract Tower,0,13,17,1,31,0,0,172,0,172,0,13,189,1,203,128,0,128,331
06/01/2022,MTN,MD,AEA,EN,Federal Contract Tower,0,12,26,5,43,0,0,182,1,183,0,12,208,6,226,230,0,230,456
06/02/2022,MTN,MD,AEA,EN,Federal Contract Tower,0,10,27,0,37,0,0,57,1,58,0,10,84,1,95,20,2,22,117
06/03/2022,MTN,MD,AEA,EN,Federal Contract Tower,0,4,36,0,40,0,0,152,0,152,0,4,188,0,192,162,0,162,354
06/04/2022,MTN,MD,AEA,EN,Federal Contract Tower,0,3,11,0,14,0,2,141,0,143,0,5,152,0,157,240,0,240,397
06/05/2022,MTN,MD,AEA,EN,Federal Contract Tower,0,9,25,0,34,0,0,135,0,135,0,9,160,0,169,118,0,118,287
06/06/2022,MTN,MD,AEA,EN,Federal Contract Tower,0,6,16,0,22,0,0,173,0,173,0,6,189,0,195,224,0,224,419
06/07/2022,MTN,MD,AEA,EN,Federal Contract Tower,0,4,12,0,16,0,0,68,0,68,0,4,80,0,84,100,0,100,184
06/08/2022,MTN,MD,AEA,EN,Federal Contract Tower,0,2,28,0,30,0,0,147,0,147,0,2,175,0,177,172,0,172,349
06/09/2022,MTN,MD,AEA,EN,Federal Contract Tower,0,7,25,2,34,0,0,74,0,74,0,7,99,2,108,16,0,16,124
06/10/2022,MTN,MD,AEA,EN,Federal Contract Tower,0,11,28,4,43,0,0,194,1,195,0,11,222,5,238,248,0,248,486
06/11/2022,MTN,MD,AEA,EN,Federal Contract Tower,0,9,21,0,30,0,1,91,0,92,0,10,112,0,122,64,0,64,186
06/12/2022,MTN,MD,AEA,EN,Federal Contract Tower,0,16,21,0,37,0,0,22,0,22,0,16,43,0,59,8,0,8,67
06/13/2022,MTN,MD,AEA,EN,Federal Contract Tower,0,6,32,0,38,0,1,138,0,139,0,7,170,0,177,218,0,218,395
06/14/2022,MTN,MD,AEA,EN,Federal Contract Tower,0,3,36,2,41,0,0,84,2,86,0,3,120,4,127,48,0,48,175
06/15/2022,MTN,MD,AEA,EN,Federal Contract Tower,0,7,17,10,34,0,1,184,7,192,0,8,201,17,226,222,6,228,454
06/16/2022,MTN,MD,AEA,EN,Federal Contract Tower,0,4,27,2,33,0,0,33,1,34,0,4,60,3,67,66,18,84,151
06/17/2022,MTN,MD,AEA,EN,Federal Contract Tower,0,10,18,0,28,0,0,98,0,98,0,10,116,0,126,48,0,48,174
06/18/2022,MTN,MD,AEA,EN,Federal Contract Tower,0,10,14,0,24,0,0,56,0,56,0,10,70,0,80,1,0,1,81
06/19/2022,MTN,MD,AEA,EN,Federal Contract Tower,0,13,13,0,26,0,1,89,0,90,0,14,102,0,116,24,0,24,140
06/20/2022,MTN,MD,AEA,EN,Federal Contract Tower,0,7,23,0,30,0,3,146,0,149,0,10,169,0,179,198,0,198,377
06/21/2022,MTN,MD,AEA,EN,Federal Contract Tower,0,9,24,4,37,0,0,154,0,154,0,9,178,4,191,158,0,158,349
06/22/2022,MTN,MD,AEA,EN,Federal Contract Tower,0,10,24,4,38,0,0,65,0,65,0,10,89,4,103,262,2,264,367
06/23/2022,MTN,MD,AEA,EN,Federal Contract Tower,0,5,44,5,54,0,2,17,0,19,0,7,61,5,73,42,0,42,115
06/24/2022,MTN,MD,AEA,EN,Federal Contract Tower,0,4,30,4,38,0,3,103,0,106,0,7,133,4,144,210,4,214,358
06/25/2022,MTN,MD,AEA,EN,Federal Contract Tower,0,6,22,0,28,0,2,187,0,189,0,8,209,0,217,240,0,240,457
06/26/2022,MTN,MD,AEA,EN,Federal Contract Tower,0,11,19,0,30,0,2,137,0,139,0,13,156,0,169,221,0,221,390
06/27/2022,MTN,MD,AEA,EN,Federal Contract Tower,0,8,28,0,36,0,0,42,0,42,0,8,70,0,78,107,0,107,185
06/28/2022,MTN,MD,AEA,EN,Federal Contract Tower,0,11,29,4,44,0,1,186,0,187,0,12,215,4,231,234,6,240,471
06/29/2022,MTN,MD,AEA,EN,Federal Contract Tower,0,9,39,5,53,0,2,200,0,202,0,11,239,5,255,328,0,328,583
06/30/2022,MTN,MD,AEA,EN,Federal Contract Tower,0,11,36,1,48,0,0,153,0,153,0,11,189,1,201,250,0,250,451
07/01/2022,MTN,MD,AEA,EN,Federal Contract Tower,0,10,28,2,40,0,1,91,0,92,0,11,119,2,132,124,0,124,256
07/02/2022,MTN,MD,AEA,EN,Federal Contract Tower,0,7,13,0,20,0,0,50,0,50,0,7,63,0,70,86,0,86,156
07/03/2022,MTN,MD,AEA,EN,Federal Contract Tower,0,2,15,0,17,0,1,92,0,93,0,3,107,0,110,110,0,110,220
07/04/2022,MTN,MD,AEA,EN,Federal Contract Tower,0,3,11,1,15,0,0,164,2,166,0,3,175,3,181,200,4,204,385
07/05/2022,MTN,MD,AEA,EN,Federal Contract Tower,0,2,14,6,22,0,0,59,2,61,0,2,73,8,83,38,0,38,121
07/06/2022,MTN,MD,AEA,EN,Federal Contract Tower,0,5,21,6,32,0,0,83,5,88,0,5,104,11,120,88,4,92,212
07/07/2022,MTN,MD,AEA,EN,Federal Contract Tower,0,9,33,9,51,0,0,47,0,47,0,9,80,9,98,12,0,12,110
07/08/2022,MTN,MD,AEA,EN,Federal Contract Tower,0,3,24,6,33,0,0,75,0,75,0,3,99,6,108,126,0,126,234
07/09/2022,MTN,MD,AEA,EN,Federal Contract Tower,0,3,24,0,27,0,0,9,0,9,0,3,33,0,36,0,0,0,36
07/10/2022,MTN,MD,AEA,EN,Federal Contract Tower,0,3,27,0,30,0,0,132,0,132,0,3,159,0,162,214,0,214,376
07/11/2022,MTN,MD,AEA,EN,Federal Contract Tower,0,7,15,0,22,0,0,155,0,155,0,7,170,0,177,162,0,162,339
07/12/2022,MTN,MD,AEA,EN,Federal Contract Tower,0,10,13,3,26,0,0,110,3,113,0,10,123,6,139,122,0,122,261
07/13/2022,MTN,MD,AEA,EN,Federal Contract Tower,0,6,17,12,35,0,0,118,0,118,0,6,135,12,153,208,4,212,365
07/14/2022,MTN,MD,AEA,EN,Federal Contract Tower,0,7,40,2,49,0,0,142,6,148,0,7,182,8,197,164,8,172,369
07/15/2022,MTN,MD,AEA,EN,Federal Contract Tower,0,6,26,0,32,0,0,157,0,157,0,6,183,0,189,154,0,154,343
07/16/2022,MTN,MD,AEA,EN,Federal Contract Tower,0,3,20,1,24,0,0,41,4,45,0,3,61,5,69,58,0,58,127
07/17/2022,MTN,MD,AEA,EN,Federal Contract Tower,0,6,36,0,42,0,0,91,0,91,0,6,127,0,133,136,0,136,269
07/18/2022,MTN,MD,AEA,EN,Federal Contract Tower,0,7,20,0,27,0,0,59,0,59,0,7,79,0,86,50,0,50,136
07/19/2022,MTN,MD,AEA,EN,Federal Contract Tower,0,9,22,6,37,0,0,169,6,175,0,9,191,12,212,162,2,164,376
07/20/2022,MTN,MD,AEA,EN,Federal Contract Tower,0,5,26,6,37,0,1,155,3,159,0,6,181,9,196,164,0,164,360
07/21/2022,MTN,MD,AEA,EN,Federal Contract Tower,0,9,25,6,40,0,1,143,5,149,0,10,168,11,189,154,4,158,347
07/22/2022,MTN,MD,AEA,EN,Federal Contract Tower,0,2,36,2,40,0,1,158,5,164,0,3,194,7,204,214,26,240,444
07/23/2022,MTN,MD,AEA,EN,Federal Contract Tower,0,1,19,1,21,0,0,155,0,155,0,1,174,1,176,114,0,114,290
07/24/2022,MTN,MD,AEA,EN,Federal Contract Tower,0,8,24,0,32,0,0,116,1,117,0,8,140,1,149,127,0,127,276
07/25/2022,MTN,MD,AEA,EN,Federal Contract Tower,0,7,18,0,25,0,0,67,0,67,0,7,85,0,92,40,0,40,132
07/26/2022,MTN,MD,AEA,EN,Federal Contract Tower,0,7,45,5,57,0,1,130,3,134,0,8,175,8,191,272,0,272,463
07/27/2022,MTN,MD,AEA,EN,Federal Contract Tower,0,9,42,3,54,0,0,98,3,101,0,9,140,6,155,116,0,116,271
07/28/2022,MTN,MD,AEA,EN,Federal Contract Tower,0,2,27,4,33,0,0,109,2,111,0,2,136,6,144,122,0,122,266
07/29/2022,MTN,MD,AEA,EN,Federal Contract Tower,0,9,19,3,31,0,0,77,1,78,0,9,96,4,109,118,8,126,235
07/30/2022,MTN,MD,AEA,EN,Federal Contract Tower,0,2,22,0,24,0,0,145,0,145,0,2,167,0,169,72,0,72,241
07/31/2022,MTN,MD,AEA,EN,Federal Contract Tower,0,13,18,0,31,0,0,73,0,73,0,13,91,0,104,32,0,32,136
08/01/2022,MTN,MD,AEA,EN,Federal Contract Tower,0,7,16,0,23,0,0,86,0,86,0,7,102,0,109,132,0,132,241
08/02/2022,MTN,MD,AEA,EN,Federal Contract Tower,0,9,21,5,35,0,0,131,4,135,0,9,152,9,170,148,8,156,326
08/03/2022,MTN,MD,AEA,EN,Federal Contract Tower,0,11,21,11,43,0,0,134,4,138,0,11,155,15,181,122,0,122,303
08/04/2022,MTN,MD,AEA,EN,Federal Contract Tower,0,11,38,8,57,0,0,137,6,143,0,11,175,14,200,130,4,134,334
08/05/2022,MTN,MD,AEA,EN,Federal Contract Tower,0,8,29,6,43,0,1,106,6,113,0,9,135,12,156,134,16,150,306
08/06/2022,MTN,MD,AEA,EN,Federal Contract Tower,0,5,17,3,25,0,0,82,3,85,0,5,99,6,110,126,30,156,266
08/07/2022,MTN,MD,AEA,EN,Federal Contract Tower,0,5,39,1,45,0,0,97,0,97,0,5,136,1,142,116,0,116,258
08/08/2022,MTN,MD,AEA,EN,Federal Contract Tower,0,10,26,0,36,0,0,82,0,82,0,10,108,0,118,96,2,98,216
08/09/2022,MTN,MD,AEA,EN,Federal Contract Tower,0,7,22,6,35,0,0,104,3,107,0,7,126,9,142,102,8,110,252
08/10/2022,MTN,MD,AEA,EN,Federal Contract Tower,0,5,16,1,22,0,1,81,1,83,0,6,97,2,105,98,0,98,203
08/11/2022,MTN,MD,AEA,EN,Federal Contract Tower,0,9,33,3,45,0,0,115,6,121,0,9,148,9,166,180,24,204,370
08/12/2022,MTN,MD,AEA,EN,Federal Contract Tower,0,13,21,3,37,0,0,132,2,134,0,13,153,5,171,94,10,104,275
08/13/2022,MTN,MD,AEA,EN,Federal Contract Tower,0,17,26,0,43,0,1,123,7,131,0,18,149,7,174,98,14,112,286
08/14/2022,MTN,MD,AEA,EN,Federal Contract Tower,0,11,22,0,33,0,0,123,0,123,0,11,145,0,156,106,0,106,262
08/15/2022,MTN,MD,AEA,EN,Federal Contract Tower,0,3,28,0,31,0,0,89,1,90,0,3,117,1,121,86,0,86,207
08/16/2022,MTN,MD,AEA,EN,Federal Contract Tower,0,6,30,2,38,0,0,111,2,113,0,6,141,4,151,102,0,102,253
08/17/2022,MTN,MD,AEA,EN,Federal Contract Tower,0,4,34,7,45,0,0,84,6,90,0,4,118,13,135,64,0,64,199
08/18/2022,MTN,MD,AEA,EN,Federal Contract Tower,0,16,30,5,51,0,0,121,9,130,0,16,151,14,181,170,6,176,357
08/19/2022,MTN,MD,AEA,EN,Federal Contract Tower,0,13,36,4,53,0,2,112,0,114,0,15,148,4,167,86,0,86,253
08/20/2022,MTN,MD,AEA,EN,Federal Contract Tower,0,3,26,0,29,0,0,146,0,146,0,3,172,0,175,152,0,152,327
08/21/2022,MTN,MD,AEA,EN,Federal Contract Tower,0,11,28,0,39,0,0,30,0,30,0,11,58,0,69,16,0,16,85
08/22/2022,MTN,MD,AEA,EN,Federal Contract Tower,0,12,18,0,30,0,0,20,0,20,0,12,38,0,50,38,0,38,88
08/23/2022,MTN,MD,AEA,EN,Federal Contract Tower,0,6,30,2,38,0,0,115,2,117,0,6,145,4,155,196,0,196,351
08/24/2022,MTN,MD,AEA,EN,Federal Contract Tower,0,12,36,4,52,0,0,147,2,149,0,12,183,6,201,226,0,226,427
08/25/2022,MTN,MD,AEA,EN,Federal Contract Tower,0,12,23,3,38,0,0,144,3,147,0,12,167,6,185,178,0,178,363
08/26/2022,MTN,MD,AEA,EN,Federal Contract Tower,0,11,32,4,47,0,0,116,3,119,0,11,148,7,166,90,4,94,260
08/27/2022,MTN,MD,AEA,EN,Federal Contract Tower,0,6,25,0,31,0,0,139,0,139,0,6,164,0,170,212,0,212,382
08/28/2022,MTN,MD,AEA,EN,Federal Contract Tower,0,15,34,0,49,0,0,77,0,77,0,15,111,0,126,126,0,126,252
08/29/2022,MTN,MD,AEA,EN,Federal Contract Tower,0,8,30,0,38,0,0,100,0,100,0,8,130,0,138,124,0,124,262
08/30/2022,MTN,MD,AEA,EN,Federal Contract Tower,0,5,23,5,33,0,1,76,6,83,0,6,99,11,116,112,5,117,233
08/31/2022,MTN,MD,AEA,EN,Federal Contract Tower,0,8,35,5,48,0,0,135,6,141,0,8,170,11,189,126,0,126,315
09/01/2022,MTN,MD,AEA,EN,Federal Contract Tower,0,8,25,0,33,0,1,143,0,144,0,9,168,0,177,162,0,162,339
09/02/2022,MTN,MD,AEA,EN,Federal Contract Tower,0,7,24,0,31,0,0,148,0,148,0,7,172,0,179,258,0,258,437
09/03/2022,MTN,MD,AEA,EN,Federal Contract Tower,0,2,13,0,15,0,1,130,0,131,0,3,143,0,146,194,0,194,340
09/04/2022,MTN,MD,AEA,EN,Federal Contract Tower,0,5,10,0,15,0,0,117,0,117,0,5,127,0,132,194,0,194,326
09/05/2022,MTN,MD,AEA,EN,Federal Contract Tower,0,10,28,0,38,0,1,92,0,93,0,11,120,0,131,278,0,278,409
09/06/2022,MTN,MD,AEA,EN,Federal Contract Tower,0,2,34,2,38,0,0,17,1,18,0,2,51,3,56,12,0,12,68
09/07/2022,MTN,MD,AEA,EN,Federal Contract Tower,0,4,50,4,58,0,0,10,5,15,0,4,60,9,73,18,0,18,91
09/08/2022,MTN,MD,AEA,EN,Federal Contract Tower,0,8,37,2,47,0,1,130,0,131,0,9,167,2,178,225,0,225,403
09/09/2022,MTN,MD,AEA,EN,Federal Contract Tower,0,4,28,0,32,0,1,125,0,126,0,5,153,0,158,154,0,154,312
09/10/2022,MTN,MD,AEA,EN,Federal Contract Tower,0,1,25,0,26,0,0,80,0,80,0,1,105,0,106,40,0,40,146
09/11/2022,MTN,MD,AEA,EN,Federal Contract Tower,0,3,33,0,36,0,0,1,0,1,0,3,34,0,37,0,0,0,37
09/12/2022,MTN,MD,AEA,EN,Federal Contract Tower,0,4,21,0,25,0,0,20,0,20,0,4,41,0,45,26,0,26,71
09/13/2022,MTN,MD,AEA,EN,Federal Contract Tower,0,8,32,0,40,0,0,122,0,122,0,8,154,0,162,122,0,122,284
09/14/2022,MTN,MD,AEA,EN,Federal Contract Tower,0,6,33,0,39,0,0,174,0,174,0,6,207,0,213,302,0,302,515
09/15/2022,MTN,MD,AEA,EN,Federal Contract Tower,0,6,39,0,45,0,0,119,0,119,0,6,158,0,164,156,0,156,320
09/16/2022,MTN,MD,AEA,EN,Federal Contract Tower,0,6,42,6,54,0,0,143,1,144,0,6,185,7,198,264,0,264,462
09/17/2022,MTN,MD,AEA,EN,Federal Contract Tower,0,5,22,0,27,0,0,124,0,124,0,5,146,0,151,160,0,160,311
09/18/2022,MTN,MD,AEA,EN,Federal Contract Tower,0,48,0,0,48,0,1,137,1,139,0,49,137,1,187,214,2,216,403
09/19/2022,MTN,MD,AEA,EN,Federal Contract Tower,0,4,38,0,42,0,0,148,0,148,0,4,186,0,190,238,0,238,428
09/20/2022,MTN,MD,AEA,EN,Federal Contract Tower,0,13,26,0,39,0,2,117,0,119,0,15,143,0,158,242,0,242,400
09/21/2022,MTN,MD,AEA,EN,Federal Contract Tower,0,5,18,2,25,0,2,131,3,136,0,7,149,5,161,296,0,296,457
09/22/2022,MTN,MD,AEA,EN,Federal Contract Tower,0,12,30,3,45,0,3,31,3,37,0,15,61,6,82,30,0,30,112
09/23/2022,MTN,MD,AEA,EN,Federal Contract Tower,0,6,22,0,28,0,0,58,0,58,0,6,80,0,86,28,0,28,114
09/24/2022,MTN,MD,AEA,EN,Federal Contract Tower,0,5,19,0,24,0,0,156,0,156,0,5,175,0,180,192,0,192,372
09/25/2022,MTN,MD,AEA,EN,Federal Contract Tower,0,7,31,0,38,0,0,58,0,58,0,7,89,0,96,80,0,80,176
09/26/2022,MTN,MD,AEA,EN,Federal Contract Tower,0,8,22,0,30,0,0,97,0,97,0,8,119,0,127,88,0,88,215
09/27/2022,MTN,MD,AEA,EN,Federal Contract Tower,0,9,22,0,31,0,0,99,0,99,0,9,121,0,130,126,2,128,258
09/28/2022,MTN,MD,AEA,EN,Federal Contract Tower,0,10,40,0,50,0,1,122,0,123,0,11,162,0,173,148,0,148,321
09/29/2022,MTN,MD,AEA,EN,Federal Contract Tower,0,7,31,0,38,0,0,127,0,127,0,7,158,0,165,104,2,106,271
09/30/2022,MTN,MD,AEA,EN,Federal Contract Tower,0,5,19,0,24,0,0,57,0,57,0,5,76,0,81,40,0,40,121
10/01/2022,MTN,MD,AEA,EN,Federal Contract Tower,0,1,8,4,13,0,0,0,1,1,0,1,8,5,14,0,0,0,14
10/02/2022,MTN,MD,AEA,EN,Federal Contract Tower,0,8,12,0,20,0,0,0,0,0,0,8,12,0,20,0,0,0,20
10/03/2022,MTN,MD,AEA,EN,Federal Contract Tower,0,4,26,0,30,0,0,30,1,31,0,4,56,1,61,0,0,0,61
10/04/2022,MTN,MD,AEA,EN,Federal Contract Tower,0,2,13,11,26,0,0,2,0,2,0,2,15,11,28,8,0,8,36
10/05/2022,MTN,MD,AEA,EN,Federal Contract Tower,0,17,46,14,77,0,0,30,2,32,0,17,76,16,109,70,0,70,179
10/06/2022,MTN,MD,AEA,EN,Federal Contract Tower,0,5,47,10,62,0,1,167,8,176,0,6,214,18,238,310,6,316,554
10/07/2022,MTN,MD,AEA,EN,Federal Contract Tower,0,13,39,0,52,0,0,143,0,143,0,13,182,0,195,236,0,236,431
10/08/2022,MTN,MD,AEA,EN,Federal Contract Tower,0,11,15,0,26,0,0,142,0,142,0,11,157,0,168,186,0,186,354
10/09/2022,MTN,MD,AEA,EN,Federal Contract Tower,0,10,31,0,41,0,3,94,0,97,0,13,125,0,138,114,0,114,252
10/10/2022,MTN,MD,AEA,EN,Federal Contract Tower,0,10,38,0,48,0,0,129,0,129,0,10,167,0,177,240,0,240,417
10/11/2022,MTN,MD,AEA,EN,Federal Contract Tower,0,7,36,7,50,0,1,175,5,181,0,8,211,12,231,344,4,348,579
10/12/2022,MTN,MD,AEA,EN,Federal Contract Tower,0,13,40,6,59,0,1,145,7,153,0,14,185,13,212,268,4,272,484
10/13/2022,MTN,MD,AEA,EN,Federal Contract Tower,0,5,19,8,32,0,0,9,0,9,0,5,28,8,41,0,0,0,41
10/14/2022,MTN,MD,AEA,EN,Federal Contract Tower,0,6,35,9,50,0,5,229,12,246,0,11,264,21,296,190,0,190,486
10/15/2022,MTN,MD,AEA,EN,Federal Contract Tower,0,3,12,0,15,0,2,139,0,141,0,5,151,0,156,156,0,156,312
10/16/2022,MTN,MD,AEA,EN,Federal Contract Tower,0,6,26,0,32,0,0,73,0,73,0,6,99,0,105,114,0,114,219
10/17/2022,MTN,MD,AEA,EN,Federal Contract Tower,0,12,24,0,36,0,1,53,0,54,0,13,77,0,90,32,0,32,122
10/18/2022,MTN,MD,AEA,EN,Federal Contract Tower,0,11,24,4,39,0,0,108,4,112,0,11,132,8,151,148,2,150,301
10/19/2022,MTN,MD,AEA,EN,Federal Contract Tower,0,5,24,4,33,0,1,97,4,102,0,6,121,8,135,138,0,138,273
10/20/2022,MTN,MD,AEA,EN,Federal Contract Tower,0,6,29,3,38,0,0,112,8,120,0,6,141,11,158,145,0,145,303
10/21/2022,MTN,MD,AEA,EN,Federal Contract Tower,0,11,25,3,39,0,0,149,4,153,0,11,174,7,192,150,4,154,346
10/22/2022,MTN,MD,AEA,EN,Federal Contract Tower,0,6,17,0,23,0,0,132,0,132,0,6,149,0,155,112,0,112,267
10/23/2022,MTN,MD,AEA,EN,Federal Contract Tower,0,11,41,1,53,0,0,30,5,35,0,11,71,6,88,48,2,50,138
10/24/2022,MTN,MD,AEA,EN,Federal Contract Tower,0,3,28,0,31,0,0,18,0,18,0,3,46,0,49,0,0,0,49
10/25/2022,MTN,MD,AEA,EN,Federal Contract Tower,0,12,27,6,45,0,0,0,0,0,0,12,27,6,45,0,0,0,45
10/26/2022,MTN,MD,AEA,EN,Federal Contract Tower,0,5,34,4,43,0,1,19,1,21,0,6,53,5,64,68,0,68,132
10/27/2022,MTN,MD,AEA,EN,Federal Contract Tower,0,4,24,6,34,0,2,135,7,144,0,6,159,13,178,106,0,106,284
10/28/2022,MTN,MD,AEA,EN,Federal Contract Tower,0,9,27,4,40,0,0,117,8,125,0,9,144,12,165,250,0,250,415
10/29/2022,MTN,MD,AEA,EN,Federal Contract Tower,0,7,20,0,27,0,0,167,0,167,0,7,187,0,194,156,0,156,350
10/30/2022,MTN,MD,AEA,EN,Federal Contract Tower,0,7,22,0,29,0,0,103,0,103,0,7,125,0,132,210,0,210,342
10/31/2022,MTN,MD,AEA,EN,Federal Contract Tower,0,12,35,0,47,0,0,21,0,21,0,12,56,0,68,34,0,34,102
11/01/2022,MTN,MD,AEA,EN,Federal Contract Tower,0,9,22,14,45,0,0,92,2,94,0,9,114,16,139,148,6,154,293
11/02/2022,MTN,MD,AEA,EN,Federal Contract Tower,0,7,26,8,41,0,1,141,4,146,0,8,167,12,187,208,4,212,399
11/03/2022,MTN,MD,AEA,EN,Federal Contract Tower,0,12,40,9,61,0,0,120,3,123,0,12,160,12,184,262,0,262,446
11/04/2022,MTN,MD,AEA,EN,Federal Contract Tower,0,9,18,3,30,0,0,80,3,83,0,9,98,6,113,126,8,134,247
11/05/2022,MTN,MD,AEA,EN,Federal Contract Tower,0,1,10,1,12,0,0,32,6,38,0,1,42,7,50,28,12,40,90
11/06/2022,MTN,MD,AEA,EN,Federal Contract Tower,0,7,34,0,41,0,0,33,0,33,0,7,67,0,74,62,0,62,136
11/07/2022,MTN,MD,AEA,EN,Federal Contract Tower,0,8,21,0,29,0,2,138,0,140,0,10,159,0,169,108,0,108,277
11/08/2022,MTN,MD,AEA,EN,Federal Contract Tower,0,9,22,6,37,0,0,69,8,77,0,9,91,14,114,86,4,90,204
11/09/2022,MTN,MD,AEA,EN,Federal Contract Tower,0,5,16,6,27,0,0,127,2,129,0,5,143,8,156,182,0,182,338
11/10/2022,MTN,MD,AEA,EN,Federal Contract Tower,0,8,30,3,41,0,0,147,5,152,0,8,177,8,193,310,6,316,509
11/11/2022,MTN,MD,AEA,EN,Federal Contract Tower,0,5,21,1,27,0,0,0,0,0,0,5,21,1,27,0,0,0,27
11/12/2022,MTN,MD,AEA,EN,Federal Contract Tower,0,5,14,2,21,0,0,105,0,105,0,5,119,2,126,102,0,102,228
11/13/2022,MTN,MD,AEA,EN,Federal Contract Tower,0,16,23,0,39,0,0,14,1,15,0,16,37,1,54,24,0,24,78
11/14/2022,MTN,MD,AEA,EN,Federal Contract Tower,0,9,17,0,26,0,1,109,0,110,0,10,126,0,136,206,0,206,342
11/15/2022,MTN,MD,AEA,EN,Federal Contract Tower,0,13,15,2,30,0,0,64,3,67,0,13,79,5,97,148,0,148,245
11/16/2022,MTN,MD,AEA,EN,Federal Contract Tower,0,7,26,5,38,0,1,38,6,45,0,8,64,11,83,114,2,116,199
11/17/2022,MTN,MD,AEA,EN,Federal Contract Tower,0,11,33,9,53,0,1,42,9,52,0,12,75,18,105,34,2,36,141
11/18/2022,MTN,MD,AEA,EN,Federal Contract Tower,0,7,28,3,38,0,0,94,0,94,0,7,122,3,132,110,0,110,242
11/19/2022,MTN,MD,AEA,EN,Federal Contract Tower,0,13,32,0,45,0,0,152,0,152,0,13,184,0,197,176,0,176,373
11/20/2022,MTN,MD,AEA,EN,Federal Contract Tower,0,15,21,0,36,0,1,23,9,33,0,16,44,9,69,0,0,0,69
11/21/2022,MTN,MD,AEA,EN,Federal Contract Tower,0,14,26,4,44,0,1,142,1,144,0,15,168,5,188,126,0,126,314
11/22/2022,MTN,MD,AEA,EN,Federal Contract Tower,0,13,5,0,18,0,1,138,6,145,0,14,143,6,163,150,8,158,321
11/23/2022,MTN,MD,AEA,EN,Federal Contract Tower,0,4,18,0,22,0,0,145,0,145,0,4,163,0,167,270,0,270,437
11/24/2022,MTN,MD,AEA,EN,Federal Contract Tower,0,0,6,0,6,0,0,61,0,61,0,0,67,0,67,44,0,44,111
11/25/2022,MTN,MD,AEA,EN,Federal Contract Tower,0,2,10,0,12,0,0,24,0,24,0,2,34,0,36,92,0,92,128
11/26/2022,MTN,MD,AEA,EN,Federal Contract Tower,0,13,25,0,38,0,0,142,0,142,0,13,167,0,180,238,0,238,418
11/27/2022,MTN,MD,AEA,EN,Federal Contract Tower,0,6,22,0,28,0,1,8,0,9,0,7,30,0,37,18,0,18,55
11/28/2022,MTN,MD,AEA,EN,Federal Contract Tower,0,9,30,0,39,0,0,71,0,71,0,9,101,0,110,70,0,70,180
11/29/2022,MTN,MD,AEA,EN,Federal Contract Tower,0,11,26,4,41,0,2,126,3,131,0,13,152,7,172,260,2,262,434
11/30/2022,MTN,MD,AEA,EN,Federal Contract Tower,0,5,14,5,24,0,0,6,0,6,0,5,20,5,30,0,0,0,30
12/01/2022,MTN,MD,AEA,EN,Federal Contract Tower,0,8,24,6,38,0,0,44,4,48,0,8,68,10,86,6,4,10,96
12/02/2022,MTN,MD,AEA,EN,Federal Contract Tower,0,6,28,7,41,0,1,137,2,140,0,7,165,9,181,170,8,178,359
12/03/2022,MTN,MD,AEA,EN,Federal Contract Tower,0,4,9,8,21,0,0,13,0,13,0,4,22,8,34,4,0,4,38
12/04/2022,MTN,MD,AEA,EN,Federal Contract Tower,0,5,43,3,51,0,2,132,0,134,0,7,175,3,185,152,0,152,337
12/05/2022,MTN,MD,AEA,EN,Federal Contract Tower,0,13,16,2,31,0,2,137,0,139,0,15,153,2,170,186,0,186,356
12/06/2022,MTN,MD,AEA,EN,Federal Contract Tower,0,5,19,4,28,0,0,0,0,0,0,5,19,4,28,0,0,0,28
12/07/2022,MTN,MD,AEA,EN,Federal Contract Tower,0,2,19,19,40,0,0,0,0,0,0,2,19,19,40,0,0,0,40
12/08/2022,MTN,MD,AEA,EN,Federal Contract Tower,0,4,29,7,40,0,1,123,6,130,0,5,152,13,170,214,4,218,388
12/09/2022,MTN,MD,AEA,EN,Federal Contract Tower,0,5,27,0,32,0,1,132,0,133,0,6,159,0,165,178,0,178,343
12/10/2022,MTN,MD,AEA,EN,Federal Contract Tower,0,9,14,0,23,0,0,173,0,173,0,9,187,0,196,227,0,227,423
12/11/2022,MTN,MD,AEA,EN,Federal Contract Tower,0,2,12,0,14,0,0,0,0,0,0,2,12,0,14,0,0,0,14
12/12/2022,MTN,MD,AEA,EN,Federal Contract Tower,0,12,29,0,41,0,0,72,0,72,0,12,101,0,113,86,0,86,199
12/13/2022,MTN,MD,AEA,EN,Federal Contract Tower,0,5,24,11,40,0,0,118,6,124,0,5,142,17,164,220,4,224,388
12/14/2022,MTN,MD,AEA,EN,Federal Contract Tower,0,2,29,6,37,0,0,135,7,142,0,2,164,13,179,301,2,303,482
12/15/2022,MTN,MD,AEA,EN,Federal Contract Tower,0,1,10,0,11,0,0,0,0,0,0,1,10,0,11,0,0,0,11
12/16/2022,MTN,MD,AEA,EN,Federal Contract Tower,0,11,28,0,39,0,1,36,0,37,0,12,64,0,76,26,0,26,102
12/17/2022,MTN,MD,AEA,EN,Federal Contract Tower,0,0,27,0,27,0,0,67,0,67,0,0,94,0,94,20,0,20,114
12/18/2022,MTN,MD,AEA,EN,Federal Contract Tower,0,5,29,0,34,0,1,54,0,55,0,6,83,0,89,54,0,54,143
12/19/2022,MTN,MD,AEA,EN,Federal Contract Tower,0,7,10,2,19,0,1,86,0,87,0,8,96,2,106,134,0,134,240
12/20/2022,MTN,MD,AEA,EN,Federal Contract Tower,0,8,32,9,49,0,0,122,4,126,0,8,154,13,175,202,2,204,379
12/21/2022,MTN,MD,AEA,EN,Federal Contract Tower,0,5,33,8,46,0,0,139,5,144,0,5,172,13,190,178,4,182,372
12/22/2022,MTN,MD,AEA,EN,Federal Contract Tower,0,7,13,2,22,0,0,4,1,5,0,7,17,3,27,6,0,6,33
12/23/2022,MTN,MD,AEA,EN,Federal Contract Tower,0,1,4,0,5,0,0,0,0,0,0,1,4,0,5,0,0,0,5
12/24/2022,MTN,MD,AEA,EN,Federal Contract Tower,0,3,8,0,11,0,0,5,0,5,0,3,13,0,16,0,0,0,16
12/25/2022,MTN,MD,AEA,EN,Federal Contract Tower,0,3,4,0,7,0,3,10,0,13,0,6,14,0,20,0,0,0,20
12/26/2022,MTN,MD,AEA,EN,Federal Contract Tower,0,4,22,0,26,0,0,76,0,76,0,4,98,0,102,100,0,100,202
12/27/2022,MTN,MD,AEA,EN,Federal Contract Tower,0,6,35,1,42,0,0,118,1,119,0,6,153,2,161,178,0,178,339
12/28/2022,MTN,MD,AEA,EN,Federal Contract Tower,0,1,26,0,27,0,0,131,0,131,0,1,157,0,158,130,0,130,288
12/29/2022,MTN,MD,AEA,EN,Federal Contract Tower,0,5,18,0,23,0,1,117,0,118,0,6,135,0,141,138,0,138,279
12/30/2022,MTN,MD,AEA,EN,Federal Contract Tower,0,5,10,0,15,0,0,161,0,161,0,5,171,0,176,226,0,226,402
12/31/2022,MTN,MD,AEA,EN,Federal Contract Tower,0,1,2,0,3,0,0,0,0,0,0,1,2,0,3,0,0,0,3
01/01/2023,MTN,MD,AEA,EN,Federal Contract Tower,0,4,15,0,19,0,0,63,0,63,0,4,78,0,82,80,0,80,162
01/02/2023,MTN,MD,AEA,EN,Federal Contract Tower,0,7,38,0,45,0,1,148,0,149,0,8,186,0,194,230,0,230,424
01/03/2023,MTN,MD,AEA,EN,Federal Contract Tower,0,5,29,9,43,0,0,28,9,37,0,5,57,18,80,10,0,10,90
01/04/2023,MTN,MD,AEA,EN,Federal Contract Tower,0,4,22,10,36,0,1,15,3,19,0,5,37,13,55,20,8,28,83
01/05/2023,MTN,MD,AEA,EN,Federal Contract Tower,0,9,13,4,26,0,0,141,6,147,0,9,154,10,173,112,0,112,285
01/06/2023,MTN,MD,AEA,EN,Federal Contract Tower,0,5,16,3,24,0,1,64,2,67,0,6,80,5,91,120,0,120,211
01/07/2023,MTN,MD,AEA,EN,Federal Contract Tower,0,1,17,8,26,0,0,120,9,129,0,1,137,17,155,160,6,166,321
01/08/2023,MTN,MD,AEA,EN,Federal Contract Tower,0,6,24,0,30,0,1,117,0,118,0,7,141,0,148,106,0,106,254
01/09/2023,MTN,MD,AEA,EN,Federal Contract Tower,0,4,21,1,26,0,0,84,1,85,0,4,105,2,111,112,0,112,223
01/10/2023,MTN,MD,AEA,EN,Federal Contract Tower,0,7,12,8,27,0,0,122,6,128,0,7,134,14,155,138,2,140,295
01/11/2023,MTN,MD,AEA,EN,Federal Contract Tower,0,5,22,5,32,0,0,124,5,129,0,5,146,10,161,194,2,196,357
01/12/2023,MTN,MD,AEA,EN,Federal Contract Tower,0,7,23,6,36,0,1,53,4,58,0,8,76,10,94,90,0,90,184
01/13/2023,MTN,MD,AEA,EN,Federal Contract Tower,0,2,19,0,21,0,1,31,0,32,0,3,50,0,53,0,0,0,53
01/14/2023,MTN,MD,AEA,EN,Federal Contract Tower,0,5,4,0,9,0,0,20,0,20,0,5,24,0,29,8,0,8,37
01/15/2023,MTN,MD,AEA,EN,Federal Contract Tower,0,8,6,0,14,0,0,58,0,58,0,8,64,0,72,32,0,32,104
01/16/2023,MTN,MD,AEA,EN,Federal Contract Tower,0,8,26,0,34,0,0,153,0,153,0,8,179,0,187,190,0,190,377
01/17/2023,MTN,MD,AEA,EN,Federal Contract Tower,0,5,20,4,29,0,0,47,3,50,0,5,67,7,79,156,0,156,235
01/18/2023,MTN,MD,AEA,EN,Federal Contract Tower,0,3,21,3,27,0,0,98,1,99,0,3,119,4,126,172,2,174,300
01/19/2023,MTN,MD,AEA,EN,Federal Contract Tower,0,2,7,12,21,0,0,10,0,10,0,2,17,12,31,0,0,0,31
01/20/2023,MTN,MD,AEA,EN,Federal Contract Tower,0,4,18,0,22,0,2,32,0,34,0,6,50,0,56,4,0,4,60
01/21/2023,MTN,MD,AEA,EN,Federal Contract Tower,0,2,16,0,18,0,1,153,0,154,0,3,169,0,172,166,0,166,338
01/22/2023,MTN,MD,AEA,EN,Federal Contract Tower,0,6,9,0,15,0,0,64,0,64,0,6,73,0,79,152,0,152,231
01/23/2023,MTN,MD,AEA,EN,Federal Contract Tower,0,5,15,0,20,0,0,20,2,22,0,5,35,2,42,0,0,0,42
01/24/2023,MTN,MD,AEA,EN,Federal Contract Tower,0,2,14,0,16,0,0,118,1,119,0,2,132,1,135,154,0,154,289
01/25/2023,MTN,MD,AEA,EN,Federal Contract Tower,0,5,14,1,20,0,0,51,1,52,0,5,65,2,72,88,0,88,160
01/26/2023,MTN,MD,AEA,EN,Federal Contract Tower,0,11,20,2,33,0,1,35,0,36,0,12,55,2,69,8,0,8,77
01/27/2023,MTN,MD,AEA,EN,Federal Contract Tower,0,5,22,3,30,0,0,100,3,103,0,5,122,6,133,124,6,130,263
01/28/2023,MTN,MD,AEA,EN,Federal Contract Tower,0,2,40,0,42,0,0,179,0,179,0,2,219,0,221,170,0,170,391
01/29/2023,MTN,MD,AEA,EN,Federal Contract Tower,0,2,16,0,18,0,0,125,0,125,0,2,141,0,143,124,0,124,267
01/30/2023,MTN,MD,AEA,EN,Federal Contract Tower,0,6,17,0,23,0,2,56,0,58,0,8,73,0,81,104,0,104,185
01/31/2023,MTN,MD,AEA,EN,Federal Contract Tower,0,9,20,5,34,0,1,45,4,50,0,10,65,9,84,104,0,104,188
02/01/2023,MTN,MD,AEA,EN,Federal Contract Tower,0,8,23,5,36,0,0,141,6,147,0,8,164,11,183,156,8,164,347
02/02/2023,MTN,MD,AEA,EN,Federal Contract Tower,0,7,21,6,34,0,1,127,5,133,0,8,148,11,167,210,2,212,379
02/03/2023,MTN,MD,AEA,EN,Federal Contract Tower,0,5,9,6,20,0,5,13,6,24,0,10,22,12,44,0,6,6,50
02/04/2023,MTN,MD,AEA,EN,Federal Contract Tower,0,8,20,1,29,0,0,120,0,120,0,8,140,1,149,188,0,188,337
02/05/2023,MTN,MD,AEA,EN,Federal Contract Tower,0,3,17,0,20,0,1,80,0,81,0,4,97,0,101,96,0,96,197
02/07/2023,MTN,MD,AEA,EN,Federal Contract Tower,0,3,12,14,29,0,0,108,2,110,0,3,120,16,139,238,4,242,381
02/08/2023,MTN,MD,AEA,EN,Federal Contract Tower,0,3,25,9,37,0,0,162,9,171,0,3,187,18,208,220,0,220,428
02/09/2023,MTN,MD,AEA,EN,Federal Contract Tower,0,5,27,6,38,0,1,100,5,106,0,6,127,11,144,154,6,160,304
02/10/2023,MTN,MD,AEA,EN,Federal Contract Tower,0,1,16,7,24,0,0,63,8,71,0,1,79,15,95,44,14,58,153
02/11/2023,MTN,MD,AEA,EN,Federal Contract Tower,0,0,28,6,34,0,0,141,6,147,0,0,169,12,181,184,4,188,369
02/12/2023,MTN,MD,AEA,EN,Federal Contract Tower,0,6,4,0,10,0,1,27,0,28,0,7,31,0,38,74,0,74,112
02/13/2023,MTN,MD,AEA,EN,Federal Contract Tower,0,7,19,0,26,0,0,109,0,109,0,7,128,0,135,185,0,185,320
02/14/2023,MTN,MD,AEA,EN,Federal Contract Tower,0,8,13,3,24,0,7,116,5,128,0,15,129,8,152,152,2,154,306
02/15/2023,MTN,MD,AEA,EN,Federal Contract Tower,0,6,24,4,34,0,0,88,7,95,0,6,112,11,129,111,0,111,240
02/16/2023,MTN,MD,AEA,EN,Federal Contract Tower,0,7,33,5,45,0,0,35,3,38,0,7,68,8,83,114,0,114,197
02/17/2023,MTN,MD,AEA,EN,Federal Contract Tower,0,5,20,0,25,0,0,3,0,3,0,5,23,0,28,0,0,0,28
02/18/2023,MTN,MD,AEA,EN,Federal Contract Tower,0,5,11,0,16,0,0,150,0,150,0,5,161,0,166,164,0,164,330
02/19/2023,MTN,MD,AEA,EN,Federal Contract Tower,0,8,22,0,30,0,0,108,0,108,0,8,130,0,138,92,0,92,230
02/20/2023,MTN,MD,AEA,EN,Federal Contract Tower,0,8,24,0,32,0,5,114,0,119,0,13,138,0,151,193,0,193,344
02/21/2023,MTN,MD,AEA,EN,Federal Contract Tower,0,4,11,5,20,0,0,67,8,75,0,4,78,13,95,104,10,114,209
02/22/2023,MTN,MD,AEA,EN,Federal Contract Tower,0,12,21,8,41,0,0,72,8,80,0,12,93,16,121,98,6,104,225
02/23/2023,MTN,MD,AEA,EN,Federal Contract Tower,0,11,19,6,36,0,2,142,6,150,0,13,161,12,186,162,4,166,352
02/24/2023,MTN,MD,AEA,EN,Federal Contract Tower,0,10,17,3,30,0,1,31,3,35,0,11,48,6,65,20,6,26,91
02/25/2023,MTN,MD,AEA,EN,Federal Contract Tower,0,7,4,0,11,0,1,34,0,35,0,8,38,0,46,60,0,60,106
02/26/2023,MTN,MD,AEA,EN,Federal Contract Tower,0,0,23,0,23,0,0,74,0,74,0,0,97,0,97,90,0,90,187
02/27/2023,MTN,MD,AEA,EN,Federal Contract Tower,0,15,17,0,32,0,1,92,0,93,0,16,109,0,125,185,0,185,310
02/28/2023,MTN,MD,AEA,EN,Federal Contract Tower,0,7,22,0,29,0,0,46,0,46,0,7,68,0,75,32,0,32,107
03/01/2023,MTN,MD,AEA,EN,Federal Contract Tower,0,3,19,0,22,0,0,124,1,125,0,3,143,1,147,202,0,202,349
03/02/2023,MTN,MD,AEA,EN,Federal Contract Tower,0,6,28,8,42,0,0,96,7,103,0,6,124,15,145,120,4,124,269
03/03/2023,MTN,MD,AEA,EN,Federal Contract Tower,0,2,14,8,24,0,0,55,1,56,0,2,69,9,80,132,0,132,212
03/04/2023,MTN,MD,AEA,EN,Federal Contract Tower,0,4,9,10,23,0,0,27,9,36,0,4,36,19,59,24,0,24,83
03/05/2023,MTN,MD,AEA,EN,Federal Contract Tower,0,6,19,0,25,0,0,113,0,113,0,6,132,0,138,150,0,150,288
03/06/2023,MTN,MD,AEA,EN,Federal Contract Tower,0,7,21,1,29,0,2,151,0,153,0,9,172,1,182,240,0,240,422
03/07/2023,MTN,MD,AEA,EN,Federal Contract Tower,0,9,18,5,32,0,0,44,5,49,0,9,62,10,81,28,0,28,109
03/08/2023,MTN,MD,AEA,EN,Federal Contract Tower,0,4,21,9,34,0,0,59,9,68,0,4,80,18,102,90,0,90,192
03/09/2023,MTN,MD,AEA,EN,Federal Contract Tower,0,8,21,6,35,0,0,194,6,200,0,8,215,12,235,260,0,260,495
03/10/2023,MTN,MD,AEA,EN,Federal Contract Tower,0,14,11,2,27,0,0,37,2,39,0,14,48,4,66,40,4,44,110
03/11/2023,MTN,MD,AEA,EN,Federal Contract Tower,0,13,13,0,26,0,0,37,0,37,0,13,50,0,63,54,0,54,117
03/12/2023,MTN,MD,AEA,EN,Federal Contract Tower,0,14,29,0,43,0,0,107,0,107,0,14,136,0,150,184,0,184,334
03/13/2023,MTN,MD,AEA,EN,Federal Contract Tower,0,10,13,0,23,0,0,27,0,27,0,10,40,0,50,122,0,122,172
03/14/2023,MTN,MD,AEA,EN,Federal Contract Tower,0,3,7,4,14,0,0,3,4,7,0,3,10,8,21,0,0,0,21
03/15/2023,MTN,MD,AEA,EN,Federal Contract Tower,0,4,10,4,18,0,0,21,3,24,0,4,31,7,42,10,0,10,52
03/16/2023,MTN,MD,AEA,EN,Federal Contract Tower,0,3,28,2,33,0,1,186,4,191,0,4,214,6,224,376,2,378,602
03/17/2023,MTN,MD,AEA,EN,Federal Contract Tower,0,7,11,3,21,0,1,123,4,128,0,8,134,7,149,152,8,160,309
03/18/2023,MTN,MD,AEA,EN,Federal Contract Tower,0,13,32,0,45,0,2,104,0,106,0,15,136,0,151,78,0,78,229
03/19/2023,MTN,MD,AEA,EN,Federal Contract Tower,0,10,22,0,32,0,0,35,0,35,0,10,57,0,67,10,0,10,77
03/20/2023,MTN,MD,AEA,EN,Federal Contract Tower,0,10,22,0,32,0,0,193,0,193,0,10,215,0,225,268,0,268,493
03/21/2023,MTN,MD,AEA,EN,Federal Contract Tower,0,8,17,1,26,0,1,168,2,171,0,9,185,3,197,292,0,292,489
03/22/2023,MTN,MD,AEA,EN,Federal Contract Tower,0,6,16,2,24,0,0,171,0,171,0,6,187,2,195,272,0,272,467
03/23/2023,MTN,MD,AEA,EN,Federal Contract Tower,0,6,18,2,26,0,0,51,2,53,0,6,69,4,79,112,0,112,191
03/24/2023,MTN,MD,AEA,EN,Federal Contract Tower,0,11,38,7,56,0,0,40,0,40,0,11,78,7,96,60,0,60,156
03/25/2023,MTN,MD,AEA,EN,Federal Contract Tower,0,1,14,0,15,0,0,4,0,4,0,1,18,0,19,0,0,0,19
03/26/2023,MTN,MD,AEA,EN,Federal Contract Tower,0,3,22,0,25,0,0,88,0,88,0,3,110,0,113,106,0,106,219
03/27/2023,MTN,MD,AEA,EN,Federal Contract Tower,0,12,34,2,48,0,0,108,0,108,0,12,142,2,156,170,0,170,326
03/28/2023,MTN,MD,AEA,EN,Federal Contract Tower,0,7,25,4,36,0,0,134,4,138,0,7,159,8,174,188,2,190,364
03/29/2023,MTN,MD,AEA,EN,Federal Contract Tower,0,9,28,3,40,0,0,187,3,190,0,9,215,6,230,270,0,270,500
03/30/2023,MTN,MD,AEA,EN,Federal Contract Tower,0,5,28,7,40,0,1,154,3,158,0,6,182,10,198,286,2,288,486
03/31/2023,MTN,MD,AEA,EN,Federal Contract Tower,0,4,18,6,28,0,0,102,0,102,0,4,120,6,130,192,0,192,322
04/01/2023,MTN,MD,AEA,EN,Federal Contract Tower,0,4,10,0,14,0,0,0,0,0,0,4,10,0,14,0,0,0,14
04/02/2023,MTN,MD,AEA,EN,Federal Contract Tower,0,11,20,0,31,0,1,76,0,77,0,12,96,0,108,104,0,104,212
04/03/2023,MTN,MD,AEA,EN,Federal Contract Tower,0,9,20,0,29,0,0,83,0,83,0,9,103,0,112,46,0,46,158
04/05/2023,MTN,MD,AEA,EN,Federal Contract Tower,0,6,20,5,31,0,0,96,3,99,0,6,116,8,130,120,0,120,250
04/06/2023,MTN,MD,AEA,EN,Federal Contract Tower,0,11,21,2,34,0,1,71,2,74,0,12,92,4,108,170,0,170,278
04/07/2023,MTN,MD,AEA,EN,Federal Contract Tower,0,5,27,3,35,0,0,111,3,114,0,5,138,6,149,206,10,216,365
04/08/2023,MTN,MD,AEA,EN,Federal Contract Tower,0,0,30,0,30,0,0,130,0,130,0,0,160,0,160,114,0,114,274
04/09/2023,MTN,MD,AEA,EN,Federal Contract Tower,0,3,17,0,20,0,1,103,1,105,0,4,120,1,125,219,2,221,346
04/10/2023,MTN,MD,AEA,EN,Federal Contract Tower,0,5,33,0,38,0,0,151,0,151,0,5,184,0,189,238,0,238,427
04/11/2023,MTN,MD,AEA,EN,Federal Contract Tower,0,7,31,6,44,0,0,163,10,173,0,7,194,16,217,232,2,234,451
04/12/2023,MTN,MD,AEA,EN,Federal Contract Tower,0,5,14,6,25,0,0,73,3,76,0,5,87,9,101,112,14,126,227
04/13/2023,MTN,MD,AEA,EN,Federal Contract Tower,0,10,20,5,35,0,1,133,3,137,0,11,153,8,172,190,2,192,364
04/14/2023,MTN,MD,AEA,EN,Federal Contract Tower,0,10,32,4,46,0,1,141,4,146,0,11,173,8,192,232,2,234,426
04/15/2023,MTN,MD,AEA,EN,Federal Contract Tower,0,9,26,0,35,0,2,16,0,18,0,11,42,0,53,6,0,6,59
04/16/2023,MTN,MD,AEA,EN,Federal Contract Tower,0,8,20,0,28,0,0,78,0,78,0,8,98,0,106,140,6,146,252
04/17/2023,MTN,MD,AEA,EN,Federal Contract Tower,0,4,25,0,29,0,0,68,0,68,0,4,93,0,97,88,0,88,185
04/18/2023,MTN,MD,AEA,EN,Federal Contract Tower,0,7,12,5,24,0,1,49,9,59,0,8,61,14,83,40,2,42,125
04/19/2023,MTN,MD,AEA,EN,Federal Contract Tower,0,6,26,2,34,0,0,108,1,109,0,6,134,3,143,140,0,140,283
04/20/2023,MTN,MD,AEA,EN,Federal Contract Tower,0,11,24,3,38,0,0,159,2,161,0,11,183,5,199,340,2,342,541
04/21/2023,MTN,MD,AEA,EN,Federal Contract Tower,0,6,24,1,31,0,0,105,6,111,0,6,129,7,142,184,2,186,328
04/22/2023,MTN,MD,AEA,EN,Federal Contract Tower,0,0,9,0,9,0,0,18,0,18,0,0,27,0,27,8,0,8,35
04/23/2023,MTN,MD,AEA,EN,Federal Contract Tower,4,0,15,0,19,0,0,97,0,97,4,0,112,0,116,124,0,124,240
04/24/2023,MTN,MD,AEA,EN,Federal Contract Tower,0,4,25,0,29,0,0,148,0,148,0,4,173,0,177,111,0,111,288
04/25/2023,MTN,MD,AEA,EN,Federal Contract Tower,0,6,24,7,37,0,0,165,3,168,0,6,189,10,205,186,0,186,391
04/26/2023,MTN,MD,AEA,EN,Federal Contract Tower,0,6,26,6,38,0,0,142,5,147,0,6,168,11,185,288,0,288,473
04/27/2023,MTN,MD,AEA,EN,Federal Contract Tower,0,5,48,11,64,0,2,103,2,107,0,7,151,13,171,182,0,182,353
04/28/2023,MTN,MD,AEA,EN,Federal Contract Tower,0,7,16,1,24,0,0,3,0,3,0,7,19,1,27,0,0,0,27
04/29/2023,MTN,MD,AEA,EN,Federal Contract Tower,0,4,31,0,35,0,1,10,0,11,0,5,41,0,46,0,0,0,46
04/30/2023,MTN,MD,AEA,EN,Federal Contract Tower,0,5,19,4,28,0,0,0,0,0,0,5,19,4,28,0,0,0,28
05/01/2023,MTN,MD,AEA,EN,Federal Contract Tower,0,5,21,4,30,0,0,28,1,29,0,5,49,5,59,24,0,24,83
05/02/2023,MTN,MD,AEA,EN,Federal Contract Tower,0,2,20,5,27,0,0,41,5,46,0,2,61,10,73,42,6,48,121
05/03/2023,MTN,MD,AEA,EN,Federal Contract Tower,0,3,29,6,38,0,0,63,7,70,0,3,92,13,108,112,2,114,222
05/04/2023,MTN,MD,AEA,EN,Federal Contract Tower,0,9,20,5,34,0,0,146,7,153,0,9,166,12,187,238,0,238,425
05/05/2023,MTN,MD,AEA,EN,Federal Contract Tower,0,12,34,7,53,0,0,184,5,189,0,12,218,12,242,248,14,262,504
05/06/2023,MTN,MD,AEA,EN,Federal Contract Tower,0,3,22,10,35,0,1,144,5,150,0,4,166,15,185,212,4,216,401
05/07/2023,MTN,MD,AEA,EN,Federal Contract Tower,0,5,19,0,24,0,0,119,0,119,0,5,138,0,143,234,0,234,377
05/08/2023,MTN,MD,AEA,EN,Federal Contract Tower,0,7,24,0,31,0,0,115,2,117,0,7,139,2,148,206,0,206,354
05/09/2023,MTN,MD,AEA,EN,Federal Contract Tower,0,9,26,10,45,0,1,134,0,135,0,10,160,10,180,188,0,188,368
05/10/2023,MTN,MD,AEA,EN,Federal Contract Tower,0,11,23,5,39,0,0,177,5,182,0,11,200,10,221,308,0,308,529
05/11/2023,MTN,MD,AEA,EN,Federal Contract Tower,0,5,31,2,38,0,0,183,2,185,0,5,214,4,223,250,4,254,477
05/12/2023,MTN,MD,AEA,EN,Federal Contract Tower,0,8,36,5,49,0,0,143,5,148,0,8,179,10,197,180,6,186,383
05/14/2023,MTN,MD,AEA,EN,Federal Contract Tower,0,4,37,0,41,0,0,102,0,102,0,4,139,0,143,88,0,88,231
05/15/2023,MTN,MD,AEA,EN,Federal Contract Tower,0,12,23,5,40,0,0,155,0,155,0,12,178,5,195,238,0,238,433
05/16/2023,MTN,MD,AEA,EN,Federal Contract Tower,0,12,20,2,34,0,0,121,0,121,0,12,141,2,155,174,0,174,329
05/17/2023,MTN,MD,AEA,EN,Federal Contract Tower,0,3,37,7,47,1,0,135,9,145,1,3,172,16,192,164,4,168,360
05/18/2023,MTN,MD,AEA,EN,Federal Contract Tower,0,7,33,4,44,0,0,147,4,151,0,7,180,8,195,233,22,255,450
05/19/2023,MTN,MD,AEA,EN,Federal Contract Tower,0,9,35,4,48,0,2,149,3,154,0,11,184,7,202,190,4,194,396
05/20/2023,MTN,MD,AEA,EN,Federal Contract Tower,0,10,18,0,28,0,0,56,2,58,0,10,74,2,86,1,18,19,105
05/21/2023,MTN,MD,AEA,EN,Federal Contract Tower,0,13,32,0,45,0,0,136,0,136,0,13,168,0,181,102,0,102,283
05/22/2023,MTN,MD,AEA,EN,Federal Contract Tower,0,7,17,0,24,0,0,187,0,187,0,7,204,0,211,288,0,288,499
05/23/2023,MTN,MD,AEA,EN,Federal Contract Tower,0,11,30,2,43,0,0,130,0,130,0,11,160,2,173,222,0,222,395
05/24/2023,MTN,MD,AEA,EN,Federal Contract Tower,0,13,30,5,48,0,1,148,3,152,0,14,178,8,200,168,6,174,374
05/25/2023,MTN,MD,AEA,EN,Federal Contract Tower,0,3,35,1,39,0,1,104,2,107,0,4,139,3,146,158,4,162,308
05/26/2023,MTN,MD,AEA,EN,Federal Contract Tower,0,5,36,0,41,0,1,137,0,138,0,6,173,0,179,182,0,182,361
05/27/2023,MTN,MD,AEA,EN,Federal Contract Tower,0,2,14,0,16,0,0,135,0,135,0,2,149,0,151,160,0,160,311
05/28/2023,MTN,MD,AEA,EN,Federal Contract Tower,0,3,14,0,17,0,0,89,0,89,0,3,103,0,106,146,0,146,252
05/29/2023,MTN,MD,AEA,EN,Federal Contract Tower,0,7,9,0,16,0,1,64,0,65,0,8,73,0,81,156,0,156,237
05/30/2023,MTN,MD,AEA,EN,Federal Contract Tower,0,11,30,2,43,0,0,120,0,120,0,11,150,2,163,116,0,116,279
05/31/2023,MTN,MD,AEA,EN,Federal Contract Tower,0,8,28,0,36,0,2,153,1,156,0,10,181,1,192,174,2,176,368
06/01/2023,MTN,MD,AEA,EN,Federal Contract Tower,0,13,41,3,57,0,0,146,3,149,0,13,187,6,206,318,2,320,526
06/02/2023,MTN,MD,AEA,EN,Federal Contract Tower,0,12,26,5,43,0,1,147,1,149,0,13,173,6,192,154,0,154,346
06/03/2023,MTN,MD,AEA,EN,Federal Contract Tower,0,7,26,0,33,0,0,81,0,81,0,7,107,0,114,104,0,104,218
06/04/2023,MTN,MD,AEA,EN,Federal Contract Tower,0,1,20,2,23,0,0,133,1,134,0,1,153,3,157,224,2,226,383
06/05/2023,MTN,MD,AEA,EN,Federal Contract Tower,0,8,14,0,22,0,0,145,1,146,0,8,159,1,168,204,0,204,372
06/07/2023,MTN,MD,AEA,EN,Federal Contract Tower,0,6,35,2,43,0,0,53,3,56,0,6,88,5,99,152,0,152,251
06/08/2023,MTN,MD,AEA,EN,Federal Contract Tower,0,5,33,1,39,0,0,24,0,24,0,5,57,1,63,30,0,30,93
06/09/2023,MTN,MD,AEA,EN,Federal Contract Tower,0,6,18,1,25,0,0,109,0,109,0,6,127,1,134,120,0,120,254
06/10/2023,MTN,MD,AEA,EN,Federal Contract Tower,0,3,32,0,35,0,1,122,1,124,0,4,154,1,159,52,0,52,211
06/11/2023,MTN,MD,AEA,EN,Federal Contract Tower,0,9,17,1,27,0,1,94,0,95,0,10,111,1,122,140,0,140,262
06/12/2023,MTN,MD,AEA,EN,Federal Contract Tower,0,4,13,2,19,0,0,21,1,22,0,4,34,3,41,0,0,0,41
06/13/2023,MTN,MD,AEA,EN,Federal Contract Tower,0,4,27,1,32,0,0,132,2,134,0,4,159,3,166,256,2,258,424
06/14/2023,MTN,MD,AEA,EN,Federal Contract Tower,0,9,23,3,35,0,0,63,1,64,0,9,86,4,99,76,0,76,175
06/15/2023,MTN,MD,AEA,EN,Federal Contract Tower,0,5,32,1,38,0,0,164,0,164,0,5,196,1,202,222,1,223,425
06/16/2023,MTN,MD,AEA,EN,Federal Contract Tower,0,5,18,3,26,0,1,57,0,58,0,6,75,3,84,80,0,80,164
06/17/2023,MTN,MD,AEA,EN,Federal Contract Tower,0,7,19,2,28,0,1,105,0,106,0,8,124,2,134,124,0,124,258
06/18/2023,MTN,MD,AEA,EN,Federal Contract Tower,0,0,21,1,22,0,1,129,0,130,0,1,150,1,152,92,0,92,244
06/19/2023,MTN,MD,AEA,EN,Federal Contract Tower,0,5,12,0,17,0,0,105,0,105,0,5,117,0,122,234,0,234,356
06/20/2023,MTN,MD,AEA,EN,Federal Contract Tower,0,10,42,5,57,0,0,54,2,56,0,10,96,7,113,64,0,64,177
06/21/2023,MTN,MD,AEA,EN,Federal Contract Tower,0,7,28,5,40,0,0,8,4,12,0,7,36,9,52,8,0,8,60
06/22/2023,MTN,MD,AEA,EN,Federal Contract Tower,0,9,31,5,45,0,0,12,0,12,0,9,43,5,57,0,0,0,57
06/23/2023,MTN,MD,AEA,EN,Federal Contract Tower,0,6,19,2,27,0,1,0,0,1,0,7,19,2,28,0,0,0,28
06/24/2023,MTN,MD,AEA,EN,Federal Contract Tower,0,6,23,0,29,0,0,22,0,22,0,6,45,0,51,32,0,32,83
06/25/2023,MTN,MD,AEA,EN,Federal Contract Tower,0,8,22,0,30,0,1,119,0,120,0,9,141,0,150,204,0,204,354
06/26/2023,MTN,MD,AEA,EN,Federal Contract Tower,0,12,22,0,34,0,0,93,1,94,0,12,115,1,128,168,0,168,296
06/27/2023,MTN,MD,AEA,EN,Federal Contract Tower,0,1,34,0,35,0,0,109,0,109,0,1,143,0,144,178,0,178,322
06/28/2023,MTN,MD,AEA,EN,Federal Contract Tower,0,13,31,1,45,0,0,155,0,155,0,13,186,1,200,276,0,276,476
06/29/2023,MTN,MD,AEA,EN,Federal Contract Tower,0,17,52,1,70,0,0,5,0,5,0,17,57,1,75,2,0,2,77
06/30/2023,MTN,MD,AEA,EN,Federal Contract Tower,0,9,46,2,57,0,0,52,0,52,0,9,98,2,109,140,0,140,249
07/01/2023,MTN,MD,AEA,EN,Federal Contract Tower,0,4,27,0,31,0,0,28,0,28,0,4,55,0,59,80,0,80,139
07/02/2023,MTN,MD,AEA,EN,Federal Contract Tower,0,5,21,0,26,0,0,33,0,33,0,5,54,0,59,4,0,4,63
07/03/2023,MTN,MD,AEA,EN,Federal Contract Tower,0,5,8,0,13,0,0,127,0,127,0,5,135,0,140,192,0,192,332
07/04/2023,MTN,MD,AEA,EN,Federal Contract Tower,0,2,20,2,24,0,0,93,2,95,0,2,113,4,119,124,4,128,247
07/05/2023,MTN,MD,AEA,EN,Federal Contract Tower,0,0,38,1,39,0,0,110,1,111,0,0,148,2,150,177,0,177,327
07/06/2023,MTN,MD,AEA,EN,Federal Contract Tower,0,3,30,5,38,0,1,106,7,114,0,4,136,12,152,152,2,154,306
07/07/2023,MTN,MD,AEA,EN,Federal Contract Tower,0,10,22,3,35,0,0,50,1,51,0,10,72,4,86,106,2,108,194
07/08/2023,MTN,MD,AEA,EN,Federal Contract Tower,0,4,17,0,21,0,1,83,0,84,0,5,100,0,105,218,0,218,323
07/09/2023,MTN,MD,AEA,EN,Federal Contract Tower,0,9,19,0,28,0,1,7,1,9,0,10,26,1,37,0,0,0,37
07/10/2023,MTN,MD,AEA,EN,Federal Contract Tower,0,10,23,0,33,0,0,163,0,163,0,10,186,0,196,274,0,274,470
07/11/2023,MTN,MD,AEA,EN,Federal Contract Tower,0,8,27,6,41,0,1,177,4,182,0,9,204,10,223,326,6,332,555
07/12/2023,MTN,MD,AEA,EN,Federal Contract Tower,0,5,38,3,46,0,0,130,6,136,0,5,168,9,182,128,4,132,314
07/13/2023,MTN,MD,AEA,EN,Federal Contract Tower,0,10,26,4,40,0,0,125,8,133,0,10,151,12,173,196,7,203,376
07/14/2023,MTN,MD,AEA,EN,Federal Contract Tower,0,11,15,3,29,0,1,67,4,72,0,12,82,7,101,106,18,124,225
07/15/2023,MTN,MD,AEA,EN,Federal Contract Tower,0,10,29,0,39,0,0,117,0,117,0,10,146,0,156,80,0,80,236
07/16/2023,MTN,MD,AEA,EN,Federal Contract Tower,0,8,20,0,28,0,0,33,0,33,0,8,53,0,61,68,0,68,129
07/17/2023,MTN,MD,AEA,EN,Federal Contract Tower,0,12,38,0,50,0,2,157,0,159,0,14,195,0,209,272,0,272,481
07/18/2023,MTN,MD,AEA,EN,Federal Contract Tower,0,6,32,8,46,0,0,164,6,170,0,6,196,14,216,244,8,252,468
07/19/2023,MTN,MD,AEA,EN,Federal Contract Tower,0,2,40,7,49,0,0,59,3,62,0,2,99,10,111,156,0,156,267
07/20/2023,MTN,MD,AEA,EN,Federal Contract Tower,0,13,48,6,67,0,2,138,6,146,0,15,186,12,213,307,4,311,524
07/21/2023,MTN,MD,AEA,EN,Federal Contract Tower,0,5,46,6,57,0,0,104,5,109,0,5,150,11,166,160,16,176,342
07/22/2023,MTN,MD,AEA,EN,Federal Contract Tower,0,7,20,0,27,0,0,199,0,199,0,7,219,0,226,182,0,182,408
07/23/2023,MTN,MD,AEA,EN,Federal Contract Tower,0,3,23,0,26,0,2,105,0,107,0,5,128,0,133,220,0,220,353
07/24/2023,MTN,MD,AEA,EN,Federal Contract Tower,0,5,21,0,26,0,1,62,0,63,0,6,83,0,89,104,0,104,193
07/25/2023,MTN,MD,AEA,EN,Federal Contract Tower,0,9,22,3,34,0,0,81,3,84,0,9,103,6,118,78,0,78,196
07/26/2023,MTN,MD,AEA,EN,Federal Contract Tower,0,5,24,2,31,0,0,141,4,145,0,5,165,6,176,184,0,184,360
07/27/2023,MTN,MD,AEA,EN,Federal Contract Tower,0,8,26,5,39,0,0,71,6,77,0,8,97,11,116,148,2,150,266
07/28/2023,MTN,MD,AEA,EN,Federal Contract Tower,0,8,18,6,32,0,0,121,4,125,0,8,139,10,157,156,9,165,322
07/29/2023,MTN,MD,AEA,EN,Federal Contract Tower,0,9,12,0,21,0,0,73,0,73,0,9,85,0,94,96,0,96,190
07/30/2023,MTN,MD,AEA,EN,Federal Contract Tower,0,6,27,0,33,0,0,145,0,145,0,6,172,0,178,94,0,94,272
07/31/2023,MTN,MD,AEA,EN,Federal Contract Tower,0,12,23,0,35,0,1,133,0,134,0,13,156,0,169,200,0,200,369
08/01/2023,MTN,MD,AEA,EN,Federal Contract Tower,0,7,10,5,22,0,0,139,3,142,0,7,149,8,164,228,2,230,394
08/02/2023,MTN,MD,AEA,EN,Federal Contract Tower,0,5,20,3,28,0,0,172,1,173,0,5,192,4,201,266,2,268,469
08/03/2023,MTN,MD,AEA,EN,Federal Contract Tower,0,11,45,3,59,0,0,99,2,101,0,11,144,5,160,148,2,150,310
08/04/2023,MTN,MD,AEA,EN,Federal Contract Tower,0,6,35,6,47,0,2,48,1,51,0,8,83,7,98,52,2,54,152
08/05/2023,MTN,MD,AEA,EN,Federal Contract Tower,0,4,30,0,34,0,1,86,0,87,0,5,116,0,121,186,0,186,307
08/06/2023,MTN,MD,AEA,EN,Federal Contract Tower,0,12,24,1,37,0,0,114,0,114,0,12,138,1,151,174,0,174,325
08/07/2023,MTN,MD,AEA,EN,Federal Contract Tower,0,10,28,0,38,0,0,23,0,23,0,10,51,0,61,12,0,12,73
08/08/2023,MTN,MD,AEA,EN,Federal Contract Tower,0,6,13,6,25,0,0,49,6,55,0,6,62,12,80,46,6,52,132
08/09/2023,MTN,MD,AEA,EN,Federal Contract Tower,0,9,24,7,40,0,1,151,7,159,0,10,175,14,199,200,6,206,405
08/10/2023,MTN,MD,AEA,EN,Federal Contract Tower,0,6,27,9,42,0,0,106,4,110,0,6,133,13,152,158,2,160,312
08/11/2023,MTN,MD,AEA,EN,Federal Contract Tower,0,6,30,5,41,0,1,165,5,171,0,7,195,10,212,200,24,224,436
08/12/2023,MTN,MD,AEA,EN,Federal Contract Tower,0,6,24,5,35,0,0,130,5,135,0,6,154,10,170,134,6,140,310
08/13/2023,MTN,MD,AEA,EN,Federal Contract Tower,0,10,17,0,27,0,2,112,0,114,0,12,129,0,141,94,0,94,235
08/14/2023,MTN,MD,AEA,EN,Federal Contract Tower,0,9,17,0,26,0,0,98,0,98,0,9,115,0,124,178,0,178,302
08/15/2023,MTN,MD,AEA,EN,Federal Contract Tower,0,6,24,2,32,0,0,82,2,84,0,6,106,4,116,124,0,124,240
08/16/2023,MTN,MD,AEA,EN,Federal Contract Tower,0,12,28,4,44,0,2,146,4,152,0,14,174,8,196,212,0,212,408
08/17/2023,MTN,MD,AEA,EN,Federal Contract Tower,0,6,32,7,45,0,0,136,6,142,0,6,168,13,187,150,0,150,337
08/18/2023,MTN,MD,AEA,EN,Federal Contract Tower,0,5,27,3,35,0,0,81,1,82,0,5,108,4,117,52,2,54,171
08/19/2023,MTN,MD,AEA,EN,Federal Contract Tower,0,4,22,2,28,0,0,131,0,131,0,4,153,2,159,178,0,178,337
08/20/2023,MTN,MD,AEA,EN,Federal Contract Tower,0,8,25,0,33,0,0,157,0,157,0,8,182,0,190,188,0,188,378
08/21/2023,MTN,MD,AEA,EN,Federal Contract Tower,0,8,12,0,20,0,0,115,0,115,0,8,127,0,135,182,0,182,317
08/22/2023,MTN,MD,AEA,EN,Federal Contract Tower,0,3,26,3,32,0,1,122,5,128,0,4,148,8,160,120,2,122,282
08/24/2023,MTN,MD,AEA,EN,Federal Contract Tower,0,7,39,5,51,0,0,100,7,107,0,7,139,12,158,208,4,212,370
08/25/2023,MTN,MD,AEA,EN,Federal Contract Tower,0,4,27,5,36,0,2,88,3,93,0,6,115,8,129,108,16,124,253
08/26/2023,MTN,MD,AEA,EN,Federal Contract Tower,0,1,33,0,34,0,0,112,0,112,0,1,145,0,146,106,0,106,252
08/27/2023,MTN,MD,AEA,EN,Federal Contract Tower,0,20,28,0,48,0,0,143,0,143,0,20,171,0,191,118,0,118,309
08/28/2023,MTN,MD,AEA,EN,Federal Contract Tower,0,6,25,0,31,0,0,49,0,49,0,6,74,0,80,126,0,126,206
08/29/2023,MTN,MD,AEA,EN,Federal Contract Tower,0,3,28,3,34,0,0,26,4,30,0,3,54,7,64,18,4,22,86
08/30/2023,MTN,MD,AEA,EN,Federal Contract Tower,0,6,16,5,27,0,1,109,5,115,0,7,125,10,142,141,0,141,283
08/31/2023,MTN,MD,AEA,EN,Federal Contract Tower,0,9,14,2,25,0,1,80,2,83,0,10,94,4,108,78,4,82,190
01/01/2020,MTN,MD,AEA,EN,Federal Contract Tower,0,4,6,0,10,0,1,62,0,63,0,5,68,0,73,16,0,16,89
01/02/2020,MTN,MD,AEA,EN,Federal Contract Tower,0,2,18,5,25,0,0,111,5,116,0,2,129,10,141,120,0,120,261
01/03/2020,MTN,MD,AEA,EN,Federal Contract Tower,0,0,20,0,20,0,0,10,0,10,0,0,30,0,30,0,0,0,30
01/04/2020,MTN,MD,AEA,EN,Federal Contract Tower,0,0,7,0,7,0,0,4,0,4,0,0,11,0,11,0,0,0,11
01/05/2020,MTN,MD,AEA,EN,Federal Contract Tower,0,6,17,0,23,0,0,26,0,26,0,6,43,0,49,12,0,12,61
01/06/2020,MTN,MD,AEA,EN,Federal Contract Tower,0,8,20,0,28,0,0,128,0,128,0,8,148,0,156,142,0,142,298
01/07/2020,MTN,MD,AEA,EN,Federal Contract Tower,0,2,17,8,27,0,0,50,7,57,0,2,67,15,84,44,0,44,128
01/08/2020,MTN,MD,AEA,EN,Federal Contract Tower,0,6,21,3,30,0,0,37,7,44,0,6,58,10,74,30,2,32,106
01/09/2020,MTN,MD,AEA,EN,Federal Contract Tower,0,8,26,5,39,0,2,116,6,124,0,10,142,11,163,116,2,118,281
01/10/2020,MTN,MD,AEA,EN,Federal Contract Tower,0,3,16,5,24,0,1,69,6,76,0,4,85,11,100,80,0,80,180
01/11/2020,MTN,MD,AEA,EN,Federal Contract Tower,0,5,15,7,27,0,0,67,9,76,0,5,82,16,103,150,10,160,263
01/12/2020,MTN,MD,AEA,EN,Federal Contract Tower,0,2,15,0,17,0,0,60,0,60,0,2,75,0,77,44,0,44,121
01/13/2020,MTN,MD,AEA,EN,Federal Contract Tower,0,0,23,0,23,0,2,87,0,89,0,2,110,0,112,96,0,96,208
01/14/2020,MTN,MD,AEA,EN,Federal Contract Tower,0,2,18,0,20,0,0,2,0,2,0,2,20,0,22,0,0,0,22
01/15/2020,MTN,MD,AEA,EN,Federal Contract Tower,0,9,27,4,40,0,0,100,8,108,0,9,127,12,148,128,2,130,278
01/16/2020,MTN,MD,AEA,EN,Federal Contract Tower,0,6,15,4,25,0,0,20,5,25,0,6,35,9,50,20,4,24,74
01/17/2020,MTN,MD,AEA,EN,Federal Contract Tower,0,3,27,2,32,0,0,107,0,107,0,3,134,2,139,48,0,48,187
01/18/2020,MTN,MD,AEA,EN,Federal Contract Tower,0,4,4,0,8,0,0,4,0,4,0,4,8,0,12,34,0,34,46
01/19/2020,MTN,MD,AEA,EN,Federal Contract Tower,0,1,9,0,10,0,0,24,0,24,0,1,33,0,34,28,0,28,62
01/20/2020,MTN,MD,AEA,EN,Federal Contract Tower,0,7,23,0,30,0,1,97,0,98,0,8,120,0,128,122,0,122,250
01/21/2020,MTN,MD,AEA,EN,Federal Contract Tower,0,0,27,5,32,0,0,138,8,146,0,0,165,13,178,148,4,152,330
01/22/2020,MTN,MD,AEA,EN,Federal Contract Tower,0,5,17,5,27,0,0,126,9,135,0,5,143,14,162,156,0,156,318
01/23/2020,MTN,MD,AEA,EN,Federal Contract Tower,0,17,36,5,58,0,1,113,7,121,0,18,149,12,179,102,2,104,283
01/24/2020,MTN,MD,AEA,EN,Federal Contract Tower,0,5,34,4,43,0,1,123,4,128,0,6,157,8,171,162,0,162,333
01/25/2020,MTN,MD,AEA,EN,Federal Contract Tower,0,6,22,0,28,0,0,32,0,32,0,6,54,0,60,20,0,20,80
01/26/2020,MTN,MD,AEA,EN,Federal Contract Tower,0,3,13,0,16,0,0,103,0,103,0,3,116,0,119,100,0,100,219
01/27/2020,MTN,MD,AEA,EN,Federal Contract Tower,0,9,21,0,30,0,1,76,0,77,0,10,97,0,107,116,0,116,223
01/28/2020,MTN,MD,AEA,EN,Federal Contract Tower,0,6,14,4,24,0,0,94,3,97,0,6,108,7,121,130,4,134,255
01/29/2020,MTN,MD,AEA,EN,Federal Contract Tower,0,8,20,3,31,0,1,102,2,105,0,9,122,5,136,82,2,84,220
01/30/2020,MTN,MD,AEA,EN,Federal Contract Tower,0,6,22,1,29,0,0,122,0,122,0,6,144,1,151,70,0,70,221
01/31/2020,MTN,MD,AEA,EN,Federal Contract Tower,0,4,21,4,29,0,0,117,4,121,0,4,138,8,150,70,0,70,220
02/01/2020,MTN,MD,AEA,EN,Federal Contract Tower,0,2,10,0,12,0,2,65,0,67,0,4,75,0,79,66,0,66,145
02/02/2020,MTN,MD,AEA,EN,Federal Contract Tower,0,8,20,0,28,0,0,79,2,81,0,8,99,2,109,130,0,130,239
02/03/2020,MTN,MD,AEA,EN,Federal Contract Tower,0,5,32,0,37,0,0,146,0,146,0,5,178,0,183,182,0,182,365
02/04/2020,MTN,MD,AEA,EN,Federal Contract Tower,0,7,14,2,23,0,1,96,0,97,0,8,110,2,120,36,0,36,156
02/05/2020,MTN,MD,AEA,EN,Federal Contract Tower,0,4,27,2,33,0,0,33,0,33,0,4,60,2,66,30,0,30,96
02/06/2020,MTN,MD,AEA,EN,Federal Contract Tower,0,3,15,0,18,0,0,0,0,0,0,3,15,0,18,0,0,0,18
02/07/2020,MTN,MD,AEA,EN,Federal Contract Tower,0,0,0,0,0,0,0,14,1,15,0,0,14,1,15,0,0,0,15
02/08/2020,MTN,MD,AEA,EN,Federal Contract Tower,0,8,21,0,29,0,0,153,2,155,0,8,174,2,184,138,6,144,328
02/09/2020,MTN,MD,AEA,EN,Federal Contract Tower,0,3,19,0,22,0,1,160,0,161,0,4,179,0,183,184,0,184,367
02/10/2020,MTN,MD,AEA,EN,Federal Contract Tower,24,0,57,0,81,0,0,0,0,0,24,0,57,0,81,120,0,120,201
02/11/2020,MTN,MD,AEA,EN,Federal Contract Tower,0,9,32,1,42,0,0,23,1,24,0,9,55,2,66,16,2,18,84
02/12/2020,MTN,MD,AEA,EN,Federal Contract Tower,0,3,29,2,34,0,0,112,1,113,0,3,141,3,147,187,2,189,336
02/13/2020,MTN,MD,AEA,EN,Federal Contract Tower,0,3,33,9,45,0,0,0,0,0,0,3,33,9,45,0,0,0,45
02/14/2020,MTN,MD,AEA,EN,Federal Contract Tower,0,3,26,1,30,0,1,78,0,79,0,4,104,1,109,64,0,64,173
02/15/2020,MTN,MD,AEA,EN,Federal Contract Tower,0,4,17,0,21,0,0,141,0,141,0,4,158,0,162,140,0,140,302
02/16/2020,MTN,MD,AEA,EN,Federal Contract Tower,0,0,21,0,21,0,0,135,0,135,0,0,156,0,156,168,0,168,324
02/17/2020,MTN,MD,AEA,EN,Federal Contract Tower,0,4,24,0,28,0,0,167,0,167,0,4,191,0,195,176,0,176,371
02/18/2020,MTN,MD,AEA,EN,Federal Contract Tower,0,7,26,5,38,0,0,86,5,91,0,7,112,10,129,64,0,64,193
02/19/2020,MTN,MD,AEA,EN,Federal Contract Tower,0,7,26,8,41,0,0,117,8,125,0,7,143,16,166,136,20,156,322
02/20/2020,MTN,MD,AEA,EN,Federal Contract Tower,0,3,32,6,41,0,0,106,6,112,0,3,138,12,153,76,0,76,229
02/21/2020,MTN,MD,AEA,EN,Federal Contract Tower,0,3,19,6,28,0,0,115,5,120,0,3,134,11,148,144,4,148,296
02/22/2020,MTN,MD,AEA,EN,Federal Contract Tower,0,5,25,0,30,0,2,150,0,152,0,7,175,0,182,116,0,116,298
02/23/2020,MTN,MD,AEA,EN,Federal Contract Tower,0,2,18,0,20,0,0,155,0,155,0,2,173,0,175,222,0,222,397
02/24/2020,MTN,MD,AEA,EN,Federal Contract Tower,0,1,30,0,31,0,0,141,0,141,0,1,171,0,172,196,0,196,368
02/25/2020,MTN,MD,AEA,EN,Federal Contract Tower,0,1,25,2,28,0,0,0,0,0,0,1,25,2,28,0,0,0,28
02/26/2020,MTN,MD,AEA,EN,Federal Contract Tower,0,4,13,4,21,0,0,0,0,0,0,4,13,4,21,0,0,0,21
02/27/2020,MTN,MD,AEA,EN,Federal Contract Tower,0,3,32,4,39,0,0,19,4,23,0,3,51,8,62,2,2,4,66
02/28/2020,MTN,MD,AEA,EN,Federal Contract Tower,0,4,31,4,39,0,0,86,9,95,0,4,117,13,134,30,0,30,164
02/29/2020,MTN,MD,AEA,EN,Federal Contract Tower,0,2,12,0,14,0,0,57,0,57,0,2,69,0,71,50,0,50,121
03/01/2020,MTN,MD,AEA,EN,Federal Contract Tower,0,0,25,0,25,0,0,128,0,128,0,0,153,0,153,170,0,170,323
03/02/2020,MTN,MD,AEA,EN,Federal Contract Tower,0,0,23,0,23,0,1,133,0,134,0,1,156,0,157,226,0,226,383
03/03/2020,MTN,MD,AEA,EN,Federal Contract Tower,0,3,23,4,30,0,0,46,4,50,0,3,69,8,80,122,6,128,208
03/04/2020,MTN,MD,AEA,EN,Federal Contract Tower,0,8,27,4,39,0,0,104,8,112,0,8,131,12,151,168,0,168,319
03/05/2020,MTN,MD,AEA,EN,Federal Contract Tower,0,5,45,3,53,0,3,160,6,169,0,8,205,9,222,210,0,210,432
03/06/2020,MTN,MD,AEA,EN,Federal Contract Tower,0,7,19,8,34,0,0,30,0,30,0,7,49,8,64,20,0,20,84
03/07/2020,MTN,MD,AEA,EN,Federal Contract Tower,0,4,15,0,19,0,1,44,0,45,0,5,59,0,64,32,0,32,96
03/08/2020,MTN,MD,AEA,EN,Federal Contract Tower,0,5,40,0,45,0,2,167,0,169,0,7,207,0,214,302,0,302,516
03/09/2020,MTN,MD,AEA,EN,Federal Contract Tower,0,4,21,0,25,0,0,128,0,128,0,4,149,0,153,240,0,240,393
03/10/2020,MTN,MD,AEA,EN,Federal Contract Tower,0,10,25,1,36,0,0,55,2,57,0,10,80,3,93,40,24,64,157
03/11/2020,MTN,MD,AEA,EN,Federal Contract Tower,0,5,42,9,56,0,0,136,0,136,0,5,178,9,192,206,0,206,398
03/12/2020,MTN,MD,AEA,EN,Federal Contract Tower,0,2,36,14,52,0,0,0,0,0,0,2,36,14,52,240,2,242,294
03/13/2020,MTN,MD,AEA,EN,Federal Contract Tower,0,8,37,4,49,0,1,36,5,42,0,9,73,9,91,14,0,14,105
03/14/2020,MTN,MD,AEA,EN,Federal Contract Tower,0,4,24,8,36,0,0,165,0,165,0,4,189,8,201,216,4,220,421
03/15/2020,MTN,MD,AEA,EN,Federal Contract Tower,0,5,14,0,19,0,0,117,0,117,0,5,131,0,136,264,0,264,400
03/16/2020,MTN,MD,AEA,EN,Federal Contract Tower,0,3,10,0,13,0,0,99,0,99,0,3,109,0,112,182,0,182,294
03/17/2020,MTN,MD,AEA,EN,Federal Contract Tower,0,4,28,7,39,0,0,68,3,71,0,4,96,10,110,86,4,90,200
03/18/2020,MTN,MD,AEA,EN,Federal Contract Tower,0,9,17,5,31,0,0,132,5,137,0,9,149,10,168,138,0,138,306
03/19/2020,MTN,MD,AEA,EN,Federal Contract Tower,0,3,18,7,28,0,0,21,0,21,0,3,39,7,49,16,0,16,65
03/20/2020,MTN,MD,AEA,EN,Federal Contract Tower,0,2,16,4,22,0,37,5,2,44,0,39,21,6,66,8,6,14,80
03/21/2020,MTN,MD,AEA,EN,Federal Contract Tower,0,2,5,0,7,0,0,86,0,86,0,2,91,0,93,144,0,144,237
03/22/2020,MTN,MD,AEA,EN,Federal Contract Tower,0,8,10,0,18,0,0,87,0,87,0,8,97,0,105,98,0,98,203
03/23/2020,MTN,MD,AEA,EN,Federal Contract Tower,0,4,12,0,16,0,0,0,0,0,0,4,12,0,16,0,0,0,16
03/24/2020,MTN,MD,AEA,EN,Federal Contract Tower,0,2,8,5,15,0,0,65,7,72,0,2,73,12,87,44,4,48,135
03/25/2020,MTN,MD,AEA,EN,Federal Contract Tower,0,8,9,0,17,0,0,4,0,4,0,8,13,0,21,0,0,0,21
03/26/2020,MTN,MD,AEA,EN,Federal Contract Tower,0,2,7,4,13,0,0,107,6,113,0,2,114,10,126,142,4,146,272
03/27/2020,MTN,MD,AEA,EN,Federal Contract Tower,0,3,11,7,21,0,0,87,9,96,0,3,98,16,117,46,8,54,171
03/28/2020,MTN,MD,AEA,EN,Federal Contract Tower,0,0,2,0,2,0,0,0,0,0,0,0,2,0,2,0,0,0,2
03/29/2020,MTN,MD,AEA,EN,Federal Contract Tower,0,2,10,0,12,0,0,0,0,0,0,2,10,0,12,0,0,0,12
03/30/2020,MTN,MD,AEA,EN,Federal Contract Tower,0,4,15,0,19,0,4,69,0,73,0,8,84,0,92,72,0,72,164
03/31/2020,MTN,MD,AEA,EN,Federal Contract Tower,0,2,8,8,18,0,0,27,5,32,0,2,35,13,50,46,0,46,96
04/01/2020,MTN,MD,AEA,EN,Federal Contract Tower,0,3,4,6,13,0,0,35,7,42,0,3,39,13,55,2,4,6,61
04/02/2020,MTN,MD,AEA,EN,Federal Contract Tower,0,5,6,10,21,0,0,24,6,30,0,5,30,16,51,0,2,2,53
04/03/2020,MTN,MD,AEA,EN,Federal Contract Tower,0,3,5,2,10,0,1,27,4,32,0,4,32,6,42,6,0,6,48
04/04/2020,MTN,MD,AEA,EN,Federal Contract Tower,0,4,13,0,17,0,0,42,0,42,0,4,55,0,59,72,0,72,131
04/05/2020,MTN,MD,AEA,EN,Federal Contract Tower,0,1,0,0,1,0,0,58,0,58,0,1,58,0,59,48,0,48,107
04/06/2020,MTN,MD,AEA,EN,Federal Contract Tower,0,2,4,0,6,0,1,98,0,99,0,3,102,0,105,70,0,70,175
04/07/2020,MTN,MD,AEA,EN,Federal Contract Tower,0,1,8,0,9,0,1,59,0,60,0,2,67,0,69,58,2,60,129
04/08/2020,MTN,MD,AEA,EN,Federal Contract Tower,0,2,6,0,8,0,0,0,0,0,0,2,6,0,8,0,2,2,10
04/09/2020,MTN,MD,AEA,EN,Federal Contract Tower,0,2,3,1,6,0,0,0,0,0,0,2,3,1,6,0,0,0,6
04/10/2020,MTN,MD,AEA,EN,Federal Contract Tower,0,0,6,0,6,0,0,14,0,14,0,0,20,0,20,4,0,4,24
04/11/2020,MTN,MD,AEA,EN,Federal Contract Tower,0,0,6,0,6,0,1,27,0,28,0,1,33,0,34,12,0,12,46
04/12/2020,MTN,MD,AEA,EN,Federal Contract Tower,0,1,6,0,7,0,0,33,0,33,0,1,39,0,40,6,0,6,46
04/13/2020,MTN,MD,AEA,EN,Federal Contract Tower,0,0,2,0,2,0,0,13,0,13,0,0,15,0,15,2,0,2,17
04/14/2020,MTN,MD,AEA,EN,Federal Contract Tower,0,3,16,0,19,0,0,66,0,66,0,3,82,0,85,26,0,26,111
04/15/2020,MTN,MD,AEA,EN,Federal Contract Tower,0,0,3,0,3,0,0,59,0,59,0,0,62,0,62,16,4,20,82
04/16/2020,MTN,MD,AEA,EN,Federal Contract Tower,0,2,3,1,6,0,33,0,0,33,0,35,3,1,39,0,0,0,39
04/17/2020,MTN,MD,AEA,EN,Federal Contract Tower,0,0,9,0,9,0,1,47,2,50,0,1,56,2,59,12,2,14,73
04/18/2020,MTN,MD,AEA,EN,Federal Contract Tower,0,0,2,0,2,0,0,11,0,11,0,0,13,0,13,0,0,0,13
04/19/2020,MTN,MD,AEA,EN,Federal Contract Tower,0,4,6,0,10,0,0,67,0,67,0,4,73,0,77,10,0,10,87
04/20/2020,MTN,MD,AEA,EN,Federal Contract Tower,0,6,7,0,13,0,0,46,0,46,0,6,53,0,59,14,0,14,73
04/21/2020,MTN,MD,AEA,EN,Federal Contract Tower,0,4,4,2,10,0,1,26,2,29,0,5,30,4,39,10,2,12,51
04/22/2020,MTN,MD,AEA,EN,Federal Contract Tower,0,0,4,4,8,0,0,60,4,64,0,0,64,8,72,8,8,16,88
04/23/2020,MTN,MD,AEA,EN,Federal Contract Tower,0,3,0,2,5,0,0,39,6,45,0,3,39,8,50,14,0,14,64
04/24/2020,MTN,MD,AEA,EN,Federal Contract Tower,0,0,14,1,15,0,0,14,0,14,0,0,28,1,29,60,0,60,89
04/25/2020,MTN,MD,AEA,EN,Federal Contract Tower,0,1,18,0,19,0,0,54,0,54,0,1,72,0,73,54,0,54,127
04/26/2020,MTN,MD,AEA,EN,Federal Contract Tower,0,2,5,0,7,0,0,2,0,2,0,2,7,0,9,6,0,6,15
04/27/2020,MTN,MD,AEA,EN,Federal Contract Tower,0,2,3,0,5,0,0,25,0,25,0,2,28,0,30,0,0,0,30
04/28/2020,MTN,MD,AEA,EN,Federal Contract Tower,0,1,6,4,11,0,0,102,4,106,0,1,108,8,117,64,0,64,181
04/29/2020,MTN,MD,AEA,EN,Federal Contract Tower,0,3,11,2,16,0,0,80,0,80,0,3,91,2,96,62,2,64,160
04/30/2020,MTN,MD,AEA,EN,Federal Contract Tower,0,3,1,7,11,0,0,2,4,6,0,3,3,11,17,0,0,0,17
05/01/2020,MTN,MD,AEA,EN,Federal Contract Tower,0,4,8,6,18,0,2,55,1,58,0,6,63,7,76,70,0,70,146
05/02/2020,MTN,MD,AEA,EN,Federal Contract Tower,0,2,11,7,20,0,0,93,4,97,0,2,104,11,117,64,0,64,181
05/03/2020,MTN,MD,AEA,EN,Federal Contract Tower,0,4,6,7,17,0,1,40,9,50,0,5,46,16,67,32,0,32,99
05/04/2020,MTN,MD,AEA,EN,Federal Contract Tower,0,2,17,0,19,0,0,41,0,41,0,2,58,0,60,42,0,42,102
05/05/2020,MTN,MD,AEA,EN,Federal Contract Tower,0,1,14,4,19,0,0,123,6,129,0,1,137,10,148,78,6,84,232
05/06/2020,MTN,MD,AEA,EN,Federal Contract Tower,0,6,18,11,35,0,0,4,0,4,0,6,22,11,39,0,0,0,39
05/07/2020,MTN,MD,AEA,EN,Federal Contract Tower,0,5,8,4,17,0,0,128,7,135,0,5,136,11,152,100,0,100,252
05/08/2020,MTN,MD,AEA,EN,Federal Contract Tower,0,0,6,3,9,0,0,57,0,57,0,0,63,3,66,50,0,50,116
05/09/2020,MTN,MD,AEA,EN,Federal Contract Tower,0,2,6,0,8,0,1,19,0,20,0,3,25,0,28,74,0,74,102
05/10/2020,MTN,MD,AEA,EN,Federal Contract Tower,0,3,12,0,15,0,3,86,0,89,0,6,98,0,104,80,0,80,184
05/11/2020,MTN,MD,AEA,EN,Federal Contract Tower,0,7,8,0,15,0,0,44,0,44,0,7,52,0,59,14,2,16,75
05/12/2020,MTN,MD,AEA,EN,Federal Contract Tower,0,6,10,3,19,0,0,97,3,100,0,6,107,6,119,12,0,12,131
05/13/2020,MTN,MD,AEA,EN,Federal Contract Tower,0,0,20,2,22,0,0,122,0,122,0,0,142,2,144,214,2,216,360
05/14/2020,MTN,MD,AEA,EN,Federal Contract Tower,0,2,18,3,23,0,0,107,3,110,0,2,125,6,133,178,2,180,313
05/15/2020,MTN,MD,AEA,EN,Federal Contract Tower,0,0,16,2,18,0,0,109,20,129,0,0,125,22,147,110,0,110,257
05/16/2020,MTN,MD,AEA,EN,Federal Contract Tower,0,2,13,2,17,0,0,103,0,103,0,2,116,2,120,218,0,218,338
05/17/2020,MTN,MD,AEA,EN,Federal Contract Tower,0,7,17,0,24,0,0,28,0,28,0,7,45,0,52,0,0,0,52
05/18/2020,MTN,MD,AEA,EN,Federal Contract Tower,0,4,29,0,33,0,0,50,0,50,0,4,79,0,83,58,0,58,141
05/19/2020,MTN,MD,AEA,EN,Federal Contract Tower,0,1,18,5,24,0,0,67,3,70,0,1,85,8,94,44,0,44,138
05/20/2020,MTN,MD,AEA,EN,Federal Contract Tower,0,0,27,4,31,0,1,49,3,53,0,1,76,7,84,6,0,6,90
05/21/2020,MTN,MD,AEA,EN,Federal Contract Tower,0,5,17,3,25,0,2,0,0,2,0,7,17,3,27,180,16,196,223
05/22/2020,MTN,MD,AEA,EN,Federal Contract Tower,0,2,19,0,21,0,0,6,0,6,0,2,25,0,27,0,0,0,27
05/23/2020,MTN,MD,AEA,EN,Federal Contract Tower,0,0,15,0,15,0,0,89,0,89,0,0,104,0,104,188,0,188,292
05/24/2020,MTN,MD,AEA,EN,Federal Contract Tower,0,0,20,0,20,0,0,33,0,33,0,0,53,0,53,104,0,104,157
05/25/2020,MTN,MD,AEA,EN,Federal Contract Tower,0,5,16,0,21,0,0,82,0,82,0,5,98,0,103,122,0,122,225
05/26/2020,MTN,MD,AEA,EN,Federal Contract Tower,0,2,29,3,34,0,1,87,3,91,0,3,116,6,125,122,0,122,247
05/27/2020,MTN,MD,AEA,EN,Federal Contract Tower,0,2,26,7,35,0,0,67,3,70,0,2,93,10,105,152,2,154,259
05/28/2020,MTN,MD,AEA,EN,Federal Contract Tower,0,2,30,6,38,0,0,28,1,29,0,2,58,7,67,18,0,18,85
05/29/2020,MTN,MD,AEA,EN,Federal Contract Tower,0,5,20,6,31,0,0,0,0,0,0,5,20,6,31,28,0,28,59
05/30/2020,MTN,MD,AEA,EN,Federal Contract Tower,0,6,17,1,24,0,1,144,1,146,0,7,161,2,170,86,0,86,256
05/31/2020,MTN,MD,AEA,EN,Federal Contract Tower,0,2,19,0,21,0,0,106,0,106,0,2,125,0,127,72,0,72,199
06/01/2020,MTN,MD,AEA,EN,Federal Contract Tower,0,12,11,0,23,0,0,158,0,158,0,12,169,0,181,172,0,172,353
06/02/2020,MTN,MD,AEA,EN,Federal Contract Tower,0,11,10,5,26,0,3,142,5,150,0,14,152,10,176,90,0,90,266
06/03/2020,MTN,MD,AEA,EN,Federal Contract Tower,0,6,20,5,31,0,0,88,6,94,0,6,108,11,125,32,0,32,157
06/04/2020,MTN,MD,AEA,EN,Federal Contract Tower,0,4,14,6,24,0,0,109,8,117,0,4,123,14,141,138,2,140,281
06/05/2020,MTN,MD,AEA,EN,Federal Contract Tower,0,3,10,3,16,0,0,60,5,65,0,3,70,8,81,60,2,62,143
06/06/2020,MTN,MD,AEA,EN,Federal Contract Tower,0,4,12,0,16,0,105,0,0,105,0,109,12,0,121,106,0,106,227
06/07/2020,MTN,MD,AEA,EN,Federal Contract Tower,0,4,7,0,11,0,0,141,0,141,0,4,148,0,152,84,0,84,236
06/08/2020,MTN,MD,AEA,EN,Federal Contract Tower,0,7,9,0,16,0,0,151,0,151,0,7,160,0,167,148,0,148,315
06/09/2020,MTN,MD,AEA,EN,Federal Contract Tower,0,4,18,10,32,0,0,133,8,141,0,4,151,18,173,198,0,198,371
06/10/2020,MTN,MD,AEA,EN,Federal Contract Tower,0,8,26,5,39,0,0,52,6,58,0,8,78,11,97,20,0,20,117
06/11/2020,MTN,MD,AEA,EN,Federal Contract Tower,0,5,24,4,33,0,1,55,6,62,0,6,79,10,95,96,0,96,191
06/12/2020,MTN,MD,AEA,EN,Federal Contract Tower,0,4,39,2,45,0,0,142,2,144,0,4,181,4,189,114,0,114,303
06/13/2020,MTN,MD,AEA,EN,Federal Contract Tower,0,4,15,0,19,0,0,174,0,174,0,4,189,0,193,122,0,122,315
06/14/2020,MTN,MD,AEA,EN,Federal Contract Tower,0,5,25,0,30,0,0,106,0,106,0,5,131,0,136,156,2,158,294
06/15/2020,MTN,MD,AEA,EN,Federal Contract Tower,0,7,19,0,26,0,0,115,0,115,0,7,134,0,141,70,0,70,211
06/16/2020,MTN,MD,AEA,EN,Federal Contract Tower,0,6,31,5,42,0,0,117,5,122,0,6,148,10,164,58,4,62,226
06/17/2020,MTN,MD,AEA,EN,Federal Contract Tower,0,1,16,11,28,0,0,41,6,47,0,1,57,17,75,42,2,44,119
06/18/2020,MTN,MD,AEA,EN,Federal Contract Tower,0,3,17,10,30,0,0,61,9,70,0,3,78,19,100,116,14,130,230
06/19/2020,MTN,MD,AEA,EN,Federal Contract Tower,0,7,14,4,25,0,0,69,6,75,0,7,83,10,100,44,10,54,154
06/20/2020,MTN,MD,AEA,EN,Federal Contract Tower,0,0,18,0,18,0,0,20,0,20,0,0,38,0,38,24,0,24,62
06/21/2020,MTN,MD,AEA,EN,Federal Contract Tower,0,2,18,0,20,0,0,88,0,88,0,2,106,0,108,88,12,100,208
06/22/2020,MTN,MD,AEA,EN,Federal Contract Tower,0,4,18,0,22,0,0,131,0,131,0,4,149,0,153,144,0,144,297
06/23/2020,MTN,MD,AEA,EN,Federal Contract Tower,0,9,23,2,34,0,0,105,7,112,0,9,128,9,146,138,0,138,284
06/24/2020,MTN,MD,AEA,EN,Federal Contract Tower,0,8,22,4,34,0,1,127,9,137,0,9,149,13,171,138,4,142,313
06/25/2020,MTN,MD,AEA,EN,Federal Contract Tower,0,12,37,4,53,0,0,132,23,155,0,12,169,27,208,152,0,152,360
06/26/2020,MTN,MD,AEA,EN,Federal Contract Tower,0,8,24,4,36,0,0,158,8,166,0,8,182,12,202,140,8,148,350
06/27/2020,MTN,MD,AEA,EN,Federal Contract Tower,0,7,15,0,22,0,0,80,0,80,0,7,95,0,102,114,0,114,216
06/28/2020,MTN,MD,AEA,EN,Federal Contract Tower,0,14,11,0,25,0,0,97,0,97,0,14,108,0,122,204,0,204,326
06/29/2020,MTN,MD,AEA,EN,Federal Contract Tower,0,8,8,0,16,0,0,137,1,138,0,8,145,1,154,132,0,132,286
06/30/2020,MTN,MD,AEA,EN,Federal Contract Tower,0,6,22,8,36,0,0,127,10,137,0,6,149,18,173,210,0,210,383
07/01/2020,MTN,MD,AEA,EN,Federal Contract Tower,0,6,18,4,28,0,0,97,9,106,0,6,115,13,134,124,8,132,266
07/02/2020,MTN,MD,AEA,EN,Federal Contract Tower,0,7,19,4,30,0,0,110,8,118,0,7,129,12,148,90,8,98,246
07/03/2020,MTN,MD,AEA,EN,Federal Contract Tower,0,5,10,0,15,0,2,137,0,139,0,7,147,0,154,91,0,91,245
07/04/2020,MTN,MD,AEA,EN,Federal Contract Tower,0,1,7,0,8,0,0,72,0,72,0,1,79,0,80,38,0,38,118
07/05/2020,MTN,MD,AEA,EN,Federal Contract Tower,0,5,11,0,16,0,0,76,0,76,0,5,87,0,92,102,0,102,194
07/06/2020,MTN,MD,AEA,EN,Federal Contract Tower,0,11,22,0,33,0,1,76,0,77,0,12,98,0,110,114,0,114,224
07/07/2020,MTN,MD,AEA,EN,Federal Contract Tower,0,6,36,7,49,0,0,66,3,69,0,6,102,10,118,68,0,68,186
07/08/2020,MTN,MD,AEA,EN,Federal Contract Tower,0,3,30,4,37,0,0,84,4,88,0,3,114,8,125,136,4,140,265
07/09/2020,MTN,MD,AEA,EN,Federal Contract Tower,0,7,26,3,36,0,0,88,4,92,0,7,114,7,128,88,0,88,216
07/10/2020,MTN,MD,AEA,EN,Federal Contract Tower,0,6,17,3,26,0,0,38,3,41,0,6,55,6,67,0,8,8,75
07/11/2020,MTN,MD,AEA,EN,Federal Contract Tower,0,4,24,0,28,0,1,98,0,99,0,5,122,0,127,134,0,134,261
07/12/2020,MTN,MD,AEA,EN,Federal Contract Tower,0,2,23,0,25,0,1,96,0,97,0,3,119,0,122,142,0,142,264
07/13/2020,MTN,MD,AEA,EN,Federal Contract Tower,0,12,17,2,31,0,0,109,0,109,0,12,126,2,140,152,0,152,292
07/14/2020,MTN,MD,AEA,EN,Federal Contract Tower,0,5,26,6,37,0,0,143,7,150,0,5,169,13,187,164,6,170,357
07/15/2020,MTN,MD,AEA,EN,Federal Contract Tower,0,4,22,5,31,0,0,131,1,132,0,4,153,6,163,136,0,136,299
07/16/2020,MTN,MD,AEA,EN,Federal Contract Tower,0,7,37,4,48,0,0,50,3,53,0,7,87,7,101,14,0,14,115
07/17/2020,MTN,MD,AEA,EN,Federal Contract Tower,0,4,25,3,32,0,1,110,7,118,0,5,135,10,150,110,0,110,260
07/18/2020,MTN,MD,AEA,EN,Federal Contract Tower,0,10,22,0,32,0,2,149,2,153,0,12,171,2,185,162,0,162,347
07/19/2020,MTN,MD,AEA,EN,Federal Contract Tower,0,1,18,0,19,0,0,94,0,94,0,1,112,0,113,86,0,86,199
07/20/2020,MTN,MD,AEA,EN,Federal Contract Tower,0,6,19,0,25,0,0,100,0,100,0,6,119,0,125,78,0,78,203
07/21/2020,MTN,MD,AEA,EN,Federal Contract Tower,0,5,24,6,35,0,1,97,22,120,0,6,121,28,155,84,2,86,241
07/22/2020,MTN,MD,AEA,EN,Federal Contract Tower,0,4,25,7,36,0,0,58,3,61,0,4,83,10,97,40,0,40,137
07/23/2020,MTN,MD,AEA,EN,Federal Contract Tower,0,8,24,4,36,0,1,102,9,112,0,9,126,13,148,72,0,72,220
07/24/2020,MTN,MD,AEA,EN,Federal Contract Tower,0,3,27,6,36,0,0,66,6,72,0,3,93,12,108,70,6,76,184
07/25/2020,MTN,MD,AEA,EN,Federal Contract Tower,0,2,30,1,33,0,0,66,0,66,0,2,96,1,99,58,0,58,157
07/26/2020,MTN,MD,AEA,EN,Federal Contract Tower,0,4,20,0,24,0,1,121,1,123,0,5,141,1,147,126,0,126,273
07/27/2020,MTN,MD,AEA,EN,Federal Contract Tower,0,5,18,0,23,0,0,104,0,104,0,5,122,0,127,66,0,66,193
07/28/2020,MTN,MD,AEA,EN,Federal Contract Tower,0,5,16,6,27,0,1,106,2,109,0,6,122,8,136,100,0,100,236
07/29/2020,MTN,MD,AEA,EN,Federal Contract Tower,0,10,25,9,44,0,0,144,4,148,0,10,169,13,192,70,0,70,262
07/30/2020,MTN,MD,AEA,EN,Federal Contract Tower,0,2,22,6,30,0,2,117,8,127,0,4,139,14,157,156,0,156,313
07/31/2020,MTN,MD,AEA,EN,Federal Contract Tower,0,9,35,17,61,0,0,22,0,22,0,9,57,17,83,0,0,0,83
08/01/2020,MTN,MD,AEA,EN,Federal Contract Tower,0,8,28,0,36,0,1,113,0,114,0,9,141,0,150,96,0,96,246
08/02/2020,MTN,MD,AEA,EN,Federal Contract Tower,0,12,30,0,42,0,0,50,0,50,0,12,80,0,92,48,0,48,140
08/03/2020,MTN,MD,AEA,EN,Federal Contract Tower,0,10,16,0,26,0,0,80,0,80,0,10,96,0,106,158,0,158,264
08/04/2020,MTN,MD,AEA,EN,Federal Contract Tower,0,3,9,0,12,0,37,3,0,40,0,40,12,0,52,14,0,14,66
08/05/2020,MTN,MD,AEA,EN,Federal Contract Tower,0,3,21,8,32,0,0,176,7,183,0,3,197,15,215,132,4,136,351
08/06/2020,MTN,MD,AEA,EN,Federal Contract Tower,0,2,31,12,45,0,0,60,5,65,0,2,91,17,110,84,0,84,194
08/07/2020,MTN,MD,AEA,EN,Federal Contract Tower,0,3,32,6,41,0,0,46,3,49,0,3,78,9,90,42,0,42,132
08/08/2020,MTN,MD,AEA,EN,Federal Contract Tower,0,7,25,0,32,0,1,114,0,115,0,8,139,0,147,112,0,112,259
08/09/2020,MTN,MD,AEA,EN,Federal Contract Tower,0,4,30,0,34,0,0,136,0,136,0,4,166,0,170,74,2,76,246
08/10/2020,MTN,MD,AEA,EN,Federal Contract Tower,0,7,16,0,23,0,0,142,0,142,0,7,158,0,165,96,0,96,261
08/11/2020,MTN,MD,AEA,EN,Federal Contract Tower,0,5,18,6,29,0,1,96,9,106,0,6,114,15,135,128,0,128,263
08/12/2020,MTN,MD,AEA,EN,Federal Contract Tower,0,9,36,6,51,0,0,77,6,83,0,9,113,12,134,198,0,198,332
08/13/2020,MTN,MD,AEA,EN,Federal Contract Tower,0,15,25,9,49,0,0,20,0,20,0,15,45,9,69,4,0,4,73
08/14/2020,MTN,MD,AEA,EN,Federal Contract Tower,0,5,20,5,30,0,0,66,5,71,0,5,86,10,101,88,0,88,189
08/15/2020,MTN,MD,AEA,EN,Federal Contract Tower,0,3,23,0,26,0,0,86,0,86,0,3,109,0,112,102,0,102,214
08/16/2020,MTN,MD,AEA,EN,Federal Contract Tower,0,9,30,0,39,0,0,18,0,18,0,9,48,0,57,58,0,58,115
08/17/2020,MTN,MD,AEA,EN,Federal Contract Tower,0,21,17,0,38,0,2,99,0,101,0,23,116,0,139,208,0,208,347
08/18/2020,MTN,MD,AEA,EN,Federal Contract Tower,0,13,23,6,42,0,0,169,8,177,0,13,192,14,219,218,0,218,437
08/19/2020,MTN,MD,AEA,EN,Federal Contract Tower,0,4,17,6,27,0,0,94,5,99,0,4,111,11,126,74,0,74,200
08/20/2020,MTN,MD,AEA,EN,Federal Contract Tower,0,9,37,5,51,0,0,151,6,157,0,9,188,11,208,162,2,164,372
08/21/2020,MTN,MD,AEA,EN,Federal Contract Tower,0,12,33,1,46,0,0,113,5,118,0,12,146,6,164,90,8,98,262
08/22/2020,MTN,MD,AEA,EN,Federal Contract Tower,0,5,14,0,19,0,9,68,0,77,0,14,82,0,96,96,0,96,192
08/23/2020,MTN,MD,AEA,EN,Federal Contract Tower,0,7,21,0,28,0,1,59,0,60,0,8,80,0,88,70,0,70,158
08/24/2020,MTN,MD,AEA,EN,Federal Contract Tower,0,2,25,0,27,0,0,89,0,89,0,2,114,0,116,62,0,62,178
08/25/2020,MTN,MD,AEA,EN,Federal Contract Tower,0,11,26,6,43,0,0,109,9,118,0,11,135,15,161,52,4,56,217
08/26/2020,MTN,MD,AEA,EN,Federal Contract Tower,0,6,40,4,50,0,1,173,8,182,0,7,213,12,232,64,2,66,298
08/27/2020,MTN,MD,AEA,EN,Federal Contract Tower,0,11,36,5,52,0,0,97,4,101,0,11,133,9,153,50,0,50,203
08/28/2020,MTN,MD,AEA,EN,Federal Contract Tower,0,6,24,6,36,0,0,94,4,98,0,6,118,10,134,90,2,92,226
08/29/2020,MTN,MD,AEA,EN,Federal Contract Tower,0,7,17,0,24,0,0,16,0,16,0,7,33,0,40,2,0,2,42
08/30/2020,MTN,MD,AEA,EN,Federal Contract Tower,0,7,18,0,25,0,0,146,0,146,0,7,164,0,171,130,0,130,301
08/31/2020,MTN,MD,AEA,EN,Federal Contract Tower,0,7,24,0,31,0,0,52,0,52,0,7,76,0,83,29,0,29,112
09/01/2020,MTN,MD,AEA,EN,Federal Contract Tower,0,7,23,9,39,0,0,54,3,57,0,7,77,12,96,6,0,6,102
09/02/2020,MTN,MD,AEA,EN,Federal Contract Tower,0,3,36,7,46,0,0,42,2,44,0,3,78,9,90,8,0,8,98
09/03/2020,MTN,MD,AEA,EN,Federal Contract Tower,0,4,19,3,26,0,0,80,5,85,0,4,99,8,111,20,4,24,135
09/04/2020,MTN,MD,AEA,EN,Federal Contract Tower,0,2,30,1,33,0,0,113,0,113,0,2,143,1,146,46,0,46,192
09/05/2020,MTN,MD,AEA,EN,Federal Contract Tower,0,7,33,0,40,0,1,130,0,131,0,8,163,0,171,76,0,76,247
09/06/2020,MTN,MD,AEA,EN,Federal Contract Tower,0,3,21,0,24,0,0,99,0,99,0,3,120,0,123,36,0,36,159
09/07/2020,MTN,MD,AEA,EN,Federal Contract Tower,0,7,27,0,34,0,0,157,0,157,0,7,184,0,191,174,0,174,365
09/08/2020,MTN,MD,AEA,EN,Federal Contract Tower,0,16,16,4,36,0,0,127,4,131,0,16,143,8,167,134,2,136,303
09/09/2020,MTN,MD,AEA,EN,Federal Contract Tower,0,5,41,13,59,0,1,40,0,41,0,6,81,13,100,12,0,12,112
09/10/2020,MTN,MD,AEA,EN,Federal Contract Tower,0,3,16,2,21,0,0,13,0,13,0,3,29,2,34,0,0,0,34
09/11/2020,MTN,MD,AEA,EN,Federal Contract Tower,0,11,29,7,47,0,0,70,0,70,0,11,99,7,117,128,0,128,245
09/12/2020,MTN,MD,AEA,EN,Federal Contract Tower,0,2,15,7,24,0,0,85,8,93,0,2,100,15,117,78,2,80,197
09/13/2020,MTN,MD,AEA,EN,Federal Contract Tower,0,11,35,8,54,0,0,109,12,121,0,11,144,20,175,144,0,144,319
09/14/2020,MTN,MD,AEA,EN,Federal Contract Tower,0,15,13,0,28,0,0,119,0,119,0,15,132,0,147,88,0,88,235
09/16/2020,MTN,MD,AEA,EN,Federal Contract Tower,0,12,29,6,47,0,2,141,7,150,0,14,170,13,197,112,0,112,309
09/17/2020,MTN,MD,AEA,EN,Federal Contract Tower,0,8,21,1,30,0,0,92,10,102,0,8,113,11,132,38,2,40,172
09/18/2020,MTN,MD,AEA,EN,Federal Contract Tower,0,9,28,10,47,0,0,71,7,78,0,9,99,17,125,28,2,30,155
09/19/2020,MTN,MD,AEA,EN,Federal Contract Tower,0,7,16,0,23,0,0,139,0,139,0,7,155,0,162,90,0,90,252
09/20/2020,MTN,MD,AEA,EN,Federal Contract Tower,0,12,21,0,33,0,0,126,0,126,0,12,147,0,159,80,0,80,239
09/22/2020,MTN,MD,AEA,EN,Federal Contract Tower,0,6,25,1,32,0,0,137,4,141,0,6,162,5,173,150,0,150,323
09/23/2020,MTN,MD,AEA,EN,Federal Contract Tower,0,10,14,3,27,0,0,118,3,121,0,10,132,6,148,226,2,228,376
09/24/2020,MTN,MD,AEA,EN,Federal Contract Tower,0,5,30,3,38,0,2,138,2,142,0,7,168,5,180,196,4,200,380
09/25/2020,MTN,MD,AEA,EN,Federal Contract Tower,0,8,35,1,44,0,0,56,1,57,0,8,91,2,101,72,0,72,173
09/26/2020,MTN,MD,AEA,EN,Federal Contract Tower,0,14,17,0,31,0,0,5,0,5,0,14,22,0,36,2,0,2,38
09/27/2020,MTN,MD,AEA,EN,Federal Contract Tower,0,13,33,0,46,0,0,23,0,23,0,13,56,0,69,38,0,38,107
09/28/2020,MTN,MD,AEA,EN,Federal Contract Tower,0,7,35,0,42,0,0,86,0,86,0,7,121,0,128,60,0,60,188
09/29/2020,MTN,MD,AEA,EN,Federal Contract Tower,0,4,29,8,41,0,0,41,0,41,0,4,70,8,82,30,0,30,112
09/30/2020,MTN,MD,AEA,EN,Federal Contract Tower,0,9,23,0,32,0,0,107,1,108,0,9,130,1,140,114,0,114,254
10/01/2020,MTN,MD,AEA,EN,Federal Contract Tower,0,14,34,4,52,0,0,136,3,139,0,14,170,7,191,126,0,126,317
10/02/2020,MTN,MD,AEA,EN,Federal Contract Tower,0,1,20,3,24,0,1,103,5,109,0,2,123,8,133,52,4,56,189
10/03/2020,MTN,MD,AEA,EN,Federal Contract Tower,0,3,13,6,22,0,0,159,7,166,0,3,172,13,188,188,2,190,378
10/04/2020,MTN,MD,AEA,EN,Federal Contract Tower,0,5,20,4,29,0,1,155,4,160,0,6,175,8,189,168,2,170,359
10/05/2020,MTN,MD,AEA,EN,Federal Contract Tower,0,10,25,0,35,0,1,110,0,111,0,11,135,0,146,92,0,92,238
10/06/2020,MTN,MD,AEA,EN,Federal Contract Tower,0,12,25,1,38,0,1,127,0,128,0,13,152,1,166,116,0,116,282
10/07/2020,MTN,MD,AEA,EN,Federal Contract Tower,0,10,12,0,22,0,0,82,0,82,0,10,94,0,104,88,0,88,192
10/08/2020,MTN,MD,AEA,EN,Federal Contract Tower,0,5,20,0,25,0,1,104,0,105,0,6,124,0,130,70,0,70,200
10/09/2020,MTN,MD,AEA,EN,Federal Contract Tower,0,11,18,0,29,0,0,149,0,149,0,11,167,0,178,162,0,162,340
10/10/2020,MTN,MD,AEA,EN,Federal Contract Tower,0,3,18,0,21,0,1,123,0,124,0,4,141,0,145,132,0,132,277
10/11/2020,MTN,MD,AEA,EN,Federal Contract Tower,0,10,20,0,30,0,0,16,0,16,0,10,36,0,46,64,0,64,110
10/13/2020,MTN,MD,AEA,EN,Federal Contract Tower,0,15,33,5,53,0,1,40,1,42,0,16,73,6,95,28,0,28,123
10/14/2020,MTN,MD,AEA,EN,Federal Contract Tower,0,6,16,3,25,0,0,135,4,139,0,6,151,7,164,178,4,182,346
10/15/2020,MTN,MD,AEA,EN,Federal Contract Tower,0,3,18,5,26,0,0,108,5,113,0,3,126,10,139,166,2,168,307
10/16/2020,MTN,MD,AEA,EN,Federal Contract Tower,0,5,27,3,35,0,0,44,4,48,0,5,71,7,83,24,6,30,113
10/17/2020,MTN,MD,AEA,EN,Federal Contract Tower,0,5,14,0,19,0,0,130,0,130,0,5,144,0,149,142,0,142,291
10/18/2020,MTN,MD,AEA,EN,Federal Contract Tower,0,9,23,0,32,0,1,123,0,124,0,10,146,0,156,99,0,99,255
10/19/2020,MTN,MD,AEA,EN,Federal Contract Tower,0,3,39,2,44,0,0,83,0,83,0,3,122,2,127,84,0,84,211
10/20/2020,MTN,MD,AEA,EN,Federal Contract Tower,0,3,28,4,35,0,0,86,5,91,0,3,114,9,126,70,2,72,198
10/21/2020,MTN,MD,AEA,EN,Federal Contract Tower,0,9,18,7,34,0,0,31,6,37,0,9,49,13,71,54,2,56,127
10/22/2020,MTN,MD,AEA,EN,Federal Contract Tower,0,3,46,3,52,0,0,69,7,76,0,3,115,10,128,20,2,22,150
10/23/2020,MTN,MD,AEA,EN,Federal Contract Tower,0,7,40,2,49,0,0,62,6,68,0,7,102,8,117,38,0,38,155
10/24/2020,MTN,MD,AEA,EN,Federal Contract Tower,0,6,25,0,31,0,0,103,0,103,0,6,128,0,134,116,0,116,250
10/25/2020,MTN,MD,AEA,EN,Federal Contract Tower,0,4,23,0,27,0,0,21,0,21,0,4,44,0,48,50,0,50,98
10/26/2020,MTN,MD,AEA,EN,Federal Contract Tower,0,3,42,0,45,0,0,6,0,6,0,3,48,0,51,0,0,0,51
10/27/2020,MTN,MD,AEA,EN,Federal Contract Tower,0,4,37,4,45,0,1,131,7,139,0,5,168,11,184,190,0,190,374
10/28/2020,MTN,MD,AEA,EN,Federal Contract Tower,0,6,30,9,45,0,1,73,6,80,0,7,103,15,125,152,0,152,277
10/29/2020,MTN,MD,AEA,EN,Federal Contract Tower,0,7,12,0,19,0,0,0,0,0,0,7,12,0,19,0,0,0,19
10/30/2020,MTN,MD,AEA,EN,Federal Contract Tower,0,3,23,6,32,0,0,45,2,47,0,3,68,8,79,44,2,46,125
10/31/2020,MTN,MD,AEA,EN,Federal Contract Tower,0,9,18,0,27,0,0,143,0,143,0,9,161,0,170,158,0,158,328
11/01/2020,MTN,MD,AEA,EN,Federal Contract Tower,0,10,15,0,25,0,0,9,0,9,0,10,24,0,34,6,0,6,40
11/02/2020,MTN,MD,AEA,EN,Federal Contract Tower,0,5,16,0,21,0,0,14,0,14,0,5,30,0,35,8,0,8,43
11/03/2020,MTN,MD,AEA,EN,Federal Contract Tower,0,6,12,7,25,0,0,74,4,78,0,6,86,11,103,52,0,52,155
11/04/2020,MTN,MD,AEA,EN,Federal Contract Tower,0,3,23,2,28,0,0,112,3,115,0,3,135,5,143,204,0,204,347
11/05/2020,MTN,MD,AEA,EN,Federal Contract Tower,0,4,26,3,33,0,0,142,2,144,0,4,168,5,177,168,0,168,345
11/06/2020,MTN,MD,AEA,EN,Federal Contract Tower,0,11,19,1,31,0,0,126,4,130,0,11,145,5,161,194,2,196,357
11/07/2020,MTN,MD,AEA,EN,Federal Contract Tower,0,8,11,2,21,0,1,122,25,148,0,9,133,27,169,100,0,100,269
11/08/2020,MTN,MD,AEA,EN,Federal Contract Tower,0,4,17,0,21,0,0,131,0,131,0,4,148,0,152,100,0,100,252
11/09/2020,MTN,MD,AEA,EN,Federal Contract Tower,0,5,15,0,20,0,0,129,4,133,0,5,144,4,153,156,2,158,311
11/10/2020,MTN,MD,AEA,EN,Federal Contract Tower,0,7,16,9,32,0,0,104,4,108,0,7,120,13,140,186,2,188,328
11/11/2020,MTN,MD,AEA,EN,Federal Contract Tower,0,3,11,0,14,0,0,0,0,0,0,3,11,0,14,0,0,0,14
11/12/2020,MTN,MD,AEA,EN,Federal Contract Tower,0,11,29,4,44,0,0,16,6,22,0,11,45,10,66,10,0,10,76
11/13/2020,MTN,MD,AEA,EN,Federal Contract Tower,0,5,40,7,52,0,0,85,2,87,0,5,125,9,139,108,0,108,247
11/14/2020,MTN,MD,AEA,EN,Federal Contract Tower,0,6,14,0,20,0,0,160,0,160,0,6,174,0,180,214,0,214,394
11/15/2020,MTN,MD,AEA,EN,Federal Contract Tower,0,8,7,0,15,0,0,0,0,0,0,8,7,0,15,6,0,6,21
11/16/2020,MTN,MD,AEA,EN,Federal Contract Tower,0,5,16,0,21,0,0,74,0,74,0,5,90,0,95,80,0,80,175
11/18/2020,MTN,MD,AEA,EN,Federal Contract Tower,0,9,23,4,36,0,2,79,4,85,0,11,102,8,121,146,0,146,267
11/19/2020,MTN,MD,AEA,EN,Federal Contract Tower,0,3,26,1,30,0,0,106,6,112,0,3,132,7,142,140,2,142,284
11/20/2020,MTN,MD,AEA,EN,Federal Contract Tower,0,5,26,1,32,0,0,131,1,132,0,5,157,2,164,170,2,172,336
11/21/2020,MTN,MD,AEA,EN,Federal Contract Tower,0,11,26,0,37,0,2,128,0,130,0,13,154,0,167,218,0,218,385
11/22/2020,MTN,MD,AEA,EN,Federal Contract Tower,0,4,26,1,31,0,0,55,0,55,0,4,81,1,86,116,0,116,202
11/23/2020,MTN,MD,AEA,EN,Federal Contract Tower,0,7,18,4,29,0,0,38,8,46,0,7,56,12,75,16,0,16,91
11/24/2020,MTN,MD,AEA,EN,Federal Contract Tower,0,7,29,5,41,0,1,137,8,146,0,8,166,13,187,180,0,180,367
11/25/2020,MTN,MD,AEA,EN,Federal Contract Tower,0,6,24,0,30,0,0,85,0,85,0,6,109,0,115,90,0,90,205
11/26/2020,MTN,MD,AEA,EN,Federal Contract Tower,0,1,7,0,8,0,0,22,0,22,0,1,29,0,30,10,0,10,40
11/27/2020,MTN,MD,AEA,EN,Federal Contract Tower,0,0,22,0,22,0,2,133,0,135,0,2,155,0,157,164,0,164,321
11/28/2020,MTN,MD,AEA,EN,Federal Contract Tower,0,0,16,0,16,0,0,87,0,87,0,0,103,0,103,38,0,38,141
11/29/2020,MTN,MD,AEA,EN,Federal Contract Tower,0,4,27,0,31,0,0,136,0,136,0,4,163,0,167,130,0,130,297
11/30/2020,MTN,MD,AEA,EN,Federal Contract Tower,0,6,14,1,21,0,0,15,0,15,0,6,29,1,36,4,0,4,40
12/01/2020,MTN,MD,AEA,EN,Federal Contract Tower,0,8,20,4,32,0,0,48,5,53,0,8,68,9,85,16,4,20,105
12/02/2020,MTN,MD,AEA,EN,Federal Contract Tower,0,5,8,9,22,0,0,63,8,71,0,5,71,17,93,76,2,78,171
12/03/2020,MTN,MD,AEA,EN,Federal Contract Tower,0,2,25,5,32,0,0,140,10,150,0,2,165,15,182,246,0,246,428
12/04/2020,MTN,MD,AEA,EN,Federal Contract Tower,0,4,10,8,22,0,0,59,13,72,0,4,69,21,94,142,8,150,244
12/05/2020,MTN,MD,AEA,EN,Federal Contract Tower,0,0,9,6,15,0,0,14,12,26,0,0,23,18,41,6,0,6,47
12/06/2020,MTN,MD,AEA,EN,Federal Contract Tower,0,4,11,3,18,0,0,86,3,89,0,4,97,6,107,100,0,100,207
12/07/2020,MTN,MD,AEA,EN,Federal Contract Tower,0,6,12,0,18,0,0,133,0,133,0,6,145,0,151,204,0,204,355
12/08/2020,MTN,MD,AEA,EN,Federal Contract Tower,0,3,15,4,22,0,0,72,4,76,0,3,87,8,98,66,0,66,164
12/09/2020,MTN,MD,AEA,EN,Federal Contract Tower,0,6,26,4,36,0,1,116,13,130,0,7,142,17,166,320,6,326,492
12/10/2020,MTN,MD,AEA,EN,Federal Contract Tower,0,5,23,5,33,0,0,118,9,127,0,5,141,14,160,270,2,272,432
12/11/2020,MTN,MD,AEA,EN,Federal Contract Tower,0,3,34,1,38,0,0,157,0,157,0,3,191,1,195,210,0,210,405
12/12/2020,MTN,MD,AEA,EN,Federal Contract Tower,0,3,13,0,16,0,1,74,0,75,0,4,87,0,91,56,0,56,147
12/13/2020,MTN,MD,AEA,EN,Federal Contract Tower,0,0,16,0,16,0,2,122,0,124,0,2,138,0,140,190,2,192,332
12/14/2020,MTN,MD,AEA,EN,Federal Contract Tower,0,3,15,0,18,0,0,15,1,16,0,3,30,1,34,0,0,0,34
12/15/2020,MTN,MD,AEA,EN,Federal Contract Tower,0,4,15,4,23,0,2,142,15,159,0,6,157,19,182,260,0,260,442
12/16/2020,MTN,MD,AEA,EN,Federal Contract Tower,0,0,11,3,14,0,0,15,7,22,0,0,26,10,36,30,6,36,72
12/17/2020,MTN,MD,AEA,EN,Federal Contract Tower,0,0,10,0,10,0,0,49,0,49,0,0,59,0,59,38,0,38,97
12/18/2020,MTN,MD,AEA,EN,Federal Contract Tower,0,9,28,5,42,0,1,98,8,107,0,10,126,13,149,90,6,96,245
12/19/2020,MTN,MD,AEA,EN,Federal Contract Tower,0,7,21,0,28,0,0,113,0,113,0,7,134,0,141,146,0,146,287
12/20/2020,MTN,MD,AEA,EN,Federal Contract Tower,0,2,15,0,17,0,0,16,0,16,0,2,31,0,33,18,0,18,51
12/21/2020,MTN,MD,AEA,EN,Federal Contract Tower,0,7,13,0,20,0,0,29,2,31,0,7,42,2,51,66,0,66,117
12/22/2020,MTN,MD,AEA,EN,Federal Contract Tower,0,6,23,3,32,0,0,59,8,67,0,6,82,11,99,40,0,40,139
12/23/2020,MTN,MD,AEA,EN,Federal Contract Tower,0,5,18,3,26,0,1,204,6,211,0,6,222,9,237,192,0,192,429
12/24/2020,MTN,MD,AEA,EN,Federal Contract Tower,0,9,8,0,17,0,0,9,0,9,0,9,17,0,26,0,0,0,26
12/25/2020,MTN,MD,AEA,EN,Federal Contract Tower,0,5,5,0,10,0,0,8,0,8,0,5,13,0,18,0,0,0,18
12/26/2020,MTN,MD,AEA,EN,Federal Contract Tower,0,8,22,0,30,0,0,55,0,55,0,8,77,0,85,32,0,32,117
12/27/2020,MTN,MD,AEA,EN,Federal Contract Tower,0,8,31,0,39,0,2,106,0,108,0,10,137,0,147,130,0,130,277
12/28/2020,MTN,MD,AEA,EN,Federal Contract Tower,0,7,22,0,29,0,1,109,0,110,0,8,131,0,139,94,0,94,233
12/29/2020,MTN,MD,AEA,EN,Federal Contract Tower,0,9,22,3,34,0,1,83,6,90,0,10,105,9,124,62,2,64,188
12/30/2020,MTN,MD,AEA,EN,Federal Contract Tower,0,9,26,3,38,0,0,109,2,111,0,9,135,5,149,152,0,152,301
12/31/2020,MTN,MD,AEA,EN,Federal Contract Tower,0,2,16,2,20,0,0,22,0,22,0,2,38,2,42,4,0,4,46
01/01/2021,MTN,MD,AEA,EN,Federal Contract Tower,0,5,2,0,7,0,0,7,0,7,0,5,9,0,14,28,0,28,42
01/02/2021,MTN,MD,AEA,EN,Federal Contract Tower,0,5,31,0,36,0,1,67,0,68,0,6,98,0,104,38,0,38,142
01/03/2021,MTN,MD,AEA,EN,Federal Contract Tower,0,2,27,0,29,0,0,2,0,2,0,2,29,0,31,0,0,0,31
01/04/2021,MTN,MD,AEA,EN,Federal Contract Tower,0,7,30,0,37,0,0,76,0,76,0,7,106,0,113,160,8,168,281
01/05/2021,MTN,MD,AEA,EN,Federal Contract Tower,0,9,23,1,33,0,0,46,1,47,0,9,69,2,80,136,0,136,216
01/06/2021,MTN,MD,AEA,EN,Federal Contract Tower,0,1,18,5,24,0,0,73,7,80,0,1,91,12,104,114,0,114,218
01/07/2021,MTN,MD,AEA,EN,Federal Contract Tower,0,2,25,4,31,0,0,105,5,110,0,2,130,9,141,100,4,104,245
01/08/2021,MTN,MD,AEA,EN,Federal Contract Tower,0,5,25,3,33,0,0,115,2,117,0,5,140,5,150,102,2,104,254
01/09/2021,MTN,MD,AEA,EN,Federal Contract Tower,3,13,6,0,22,1,86,10,0,97,4,99,16,0,119,70,4,74,193
01/10/2021,MTN,MD,AEA,EN,Federal Contract Tower,0,2,27,3,32,0,0,115,5,120,0,2,142,8,152,170,0,170,322
01/11/2021,MTN,MD,AEA,EN,Federal Contract Tower,0,5,22,0,27,0,1,100,0,101,0,6,122,0,128,174,0,174,302
01/12/2021,MTN,MD,AEA,EN,Federal Contract Tower,0,9,20,0,29,0,1,114,0,115,0,10,134,0,144,46,0,46,190
01/13/2021,MTN,MD,AEA,EN,Federal Contract Tower,0,3,21,6,30,0,2,112,4,118,0,5,133,10,148,154,0,154,302
01/14/2021,MTN,MD,AEA,EN,Federal Contract Tower,0,2,21,2,25,0,0,125,1,126,0,2,146,3,151,102,8,110,261
01/15/2021,MTN,MD,AEA,EN,Federal Contract Tower,0,12,24,0,36,0,1,56,0,57,0,13,80,0,93,86,0,86,179
01/16/2021,MTN,MD,AEA,EN,Federal Contract Tower,0,2,17,0,19,0,2,108,0,110,0,4,125,0,129,168,0,168,297
01/17/2021,MTN,MD,AEA,EN,Federal Contract Tower,0,5,10,0,15,0,0,74,0,74,0,5,84,0,89,70,0,70,159
01/18/2021,MTN,MD,AEA,EN,Federal Contract Tower,0,23,19,0,42,0,0,64,0,64,0,23,83,0,106,46,0,46,152
01/19/2021,MTN,MD,AEA,EN,Federal Contract Tower,0,6,16,4,26,0,0,102,4,106,0,6,118,8,132,122,0,122,254
01/20/2021,MTN,MD,AEA,EN,Federal Contract Tower,0,2,12,3,17,0,1,34,3,38,0,3,46,6,55,6,2,8,63
01/21/2021,MTN,MD,AEA,EN,Federal Contract Tower,0,6,21,6,33,0,0,100,0,100,0,6,121,6,133,150,2,152,285
01/22/2021,MTN,MD,AEA,EN,Federal Contract Tower,0,5,21,5,31,0,1,102,0,103,0,6,123,5,134,78,2,80,214
01/23/2021,MTN,MD,AEA,EN,Federal Contract Tower,0,6,10,3,19,0,1,34,0,35,0,7,44,3,54,8,0,8,62
01/24/2021,MTN,MD,AEA,EN,Federal Contract Tower,0,3,16,0,19,0,1,165,0,166,0,4,181,0,185,156,0,156,341
01/25/2021,MTN,MD,AEA,EN,Federal Contract Tower,0,2,13,0,15,0,0,53,0,53,0,2,66,0,68,156,0,156,224
01/26/2021,MTN,MD,AEA,EN,Federal Contract Tower,0,2,6,0,8,0,0,0,0,0,0,2,6,0,8,0,0,0,8
01/27/2021,MTN,MD,AEA,EN,Federal Contract Tower,0,7,15,2,24,0,1,108,6,115,0,8,123,8,139,168,4,172,311
01/28/2021,MTN,MD,AEA,EN,Federal Contract Tower,0,0,14,2,16,0,0,23,2,25,0,0,37,4,41,16,0,16,57
01/29/2021,MTN,MD,AEA,EN,Federal Contract Tower,0,4,18,6,28,0,0,6,1,7,0,4,24,7,35,0,0,0,35
01/30/2021,MTN,MD,AEA,EN,Federal Contract Tower,0,7,17,0,24,0,0,179,0,179,0,7,196,0,203,238,0,238,441
01/31/2021,MTN,MD,AEA,EN,Federal Contract Tower,0,0,2,0,2,0,0,0,0,0,0,0,2,0,2,0,0,0,2
02/01/2021,MTN,MD,AEA,EN,Federal Contract Tower,0,0,1,0,1,0,0,0,0,0,0,0,1,0,1,0,0,0,1
02/02/2021,MTN,MD,AEA,EN,Federal Contract Tower,0,4,9,0,13,0,0,8,0,8,0,4,17,0,21,0,0,0,21
02/03/2021,MTN,MD,AEA,EN,Federal Contract Tower,0,14,18,8,40,0,3,24,5,32,0,17,42,13,72,22,0,22,94
02/04/2021,MTN,MD,AEA,EN,Federal Contract Tower,0,10,29,6,45,0,0,139,9,148,0,10,168,15,193,206,2,208,401
02/05/2021,MTN,MD,AEA,EN,Federal Contract Tower,0,3,13,6,22,0,0,98,7,105,0,3,111,13,127,168,6,174,301
02/06/2021,MTN,MD,AEA,EN,Federal Contract Tower,0,1,15,0,16,0,0,89,2,91,0,1,104,2,107,117,2,119,226
02/07/2021,MTN,MD,AEA,EN,Federal Contract Tower,0,2,3,0,5,0,0,7,0,7,0,2,10,0,12,0,0,0,12
02/08/2021,MTN,MD,AEA,EN,Federal Contract Tower,0,12,13,0,25,0,0,109,0,109,0,12,122,0,134,196,0,196,330
02/09/2021,MTN,MD,AEA,EN,Federal Contract Tower,0,7,25,2,34,0,0,91,2,93,0,7,116,4,127,144,0,144,271
02/10/2021,MTN,MD,AEA,EN,Federal Contract Tower,0,3,19,5,27,0,0,86,10,96,0,3,105,15,123,204,4,208,331
02/11/2021,MTN,MD,AEA,EN,Federal Contract Tower,0,7,8,0,15,0,0,15,0,15,0,7,23,0,30,34,0,34,64
02/12/2021,MTN,MD,AEA,EN,Federal Contract Tower,0,5,13,0,18,0,0,66,0,66,0,5,79,0,84,104,0,104,188
02/13/2021,MTN,MD,AEA,EN,Federal Contract Tower,0,1,1,0,2,0,0,1,0,1,0,1,2,0,3,20,0,20,23
02/14/2021,MTN,MD,AEA,EN,Federal Contract Tower,0,3,6,0,9,0,0,12,0,12,0,3,18,0,21,16,0,16,37
02/15/2021,MTN,MD,AEA,EN,Federal Contract Tower,0,1,12,0,13,0,0,15,0,15,0,1,27,0,28,14,0,14,42
02/16/2021,MTN,MD,AEA,EN,Federal Contract Tower,0,5,15,4,24,0,0,46,3,49,0,5,61,7,73,38,0,38,111
02/17/2021,MTN,MD,AEA,EN,Federal Contract Tower,0,4,37,6,47,0,0,112,7,119,0,4,149,13,166,144,0,144,310
02/18/2021,MTN,MD,AEA,EN,Federal Contract Tower,0,0,0,0,0,0,0,2,0,2,0,0,2,0,2,0,0,0,2
02/19/2021,MTN,MD,AEA,EN,Federal Contract Tower,0,3,16,0,19,0,0,7,0,7,0,3,23,0,26,0,0,0,26
02/20/2021,MTN,MD,AEA,EN,Federal Contract Tower,0,1,13,0,14,0,0,69,0,69,0,1,82,0,83,34,0,34,117
02/21/2021,MTN,MD,AEA,EN,Federal Contract Tower,0,7,24,0,31,0,0,151,2,153,0,7,175,2,184,258,0,258,442
02/22/2021,MTN,MD,AEA,EN,Federal Contract Tower,0,3,17,0,20,0,0,0,0,0,0,3,17,0,20,0,0,0,20
02/23/2021,MTN,MD,AEA,EN,Federal Contract Tower,0,6,22,5,33,0,1,59,7,67,0,7,81,12,100,86,2,88,188
02/24/2021,MTN,MD,AEA,EN,Federal Contract Tower,0,6,26,6,38,0,0,127,5,132,0,6,153,11,170,144,0,144,314
02/25/2021,MTN,MD,AEA,EN,Federal Contract Tower,0,5,17,3,25,0,0,142,5,147,0,5,159,8,172,124,0,124,296
02/26/2021,MTN,MD,AEA,EN,Federal Contract Tower,0,7,29,1,37,0,0,195,3,198,0,7,224,4,235,246,4,250,485
02/27/2021,MTN,MD,AEA,EN,Federal Contract Tower,0,4,11,0,15,0,0,18,0,18,0,4,29,0,33,10,0,10,43
02/28/2021,MTN,MD,AEA,EN,Federal Contract Tower,0,6,14,0,20,0,0,0,0,0,0,6,14,0,20,0,0,0,20
03/01/2021,MTN,MD,AEA,EN,Federal Contract Tower,0,5,7,0,12,0,0,19,0,19,0,5,26,0,31,12,0,12,43
03/02/2021,MTN,MD,AEA,EN,Federal Contract Tower,0,7,24,7,38,0,0,110,7,117,0,7,134,14,155,154,6,160,315
03/03/2021,MTN,MD,AEA,EN,Federal Contract Tower,0,5,22,6,33,0,0,143,15,158,0,5,165,21,191,158,6,164,355
03/04/2021,MTN,MD,AEA,EN,Federal Contract Tower,0,3,21,0,24,0,0,54,0,54,0,3,75,0,78,2,0,2,80
03/05/2021,MTN,MD,AEA,EN,Federal Contract Tower,0,7,21,4,32,0,0,34,0,34,0,7,55,4,66,24,0,24,90
03/06/2021,MTN,MD,AEA,EN,Federal Contract Tower,0,1,13,0,14,0,0,101,2,103,0,1,114,2,117,100,0,100,217
03/07/2021,MTN,MD,AEA,EN,Federal Contract Tower,0,7,27,2,36,0,0,154,0,154,0,7,181,2,190,222,0,222,412
03/08/2021,MTN,MD,AEA,EN,Federal Contract Tower,0,0,18,0,18,0,0,132,0,132,0,0,150,0,150,350,0,350,500
03/09/2021,MTN,MD,AEA,EN,Federal Contract Tower,0,3,25,0,28,0,0,123,0,123,0,3,148,0,151,154,0,154,305
03/10/2021,MTN,MD,AEA,EN,Federal Contract Tower,0,2,51,0,53,0,1,160,2,163,0,3,211,2,216,222,0,222,438
03/11/2021,MTN,MD,AEA,EN,Federal Contract Tower,0,1,27,0,28,0,0,131,0,131,0,1,158,0,159,220,0,220,379
03/12/2021,MTN,MD,AEA,EN,Federal Contract Tower,0,5,34,0,39,0,0,87,0,87,0,5,121,0,126,84,0,84,210
03/13/2021,MTN,MD,AEA,EN,Federal Contract Tower,0,0,25,0,25,0,0,166,0,166,0,0,191,0,191,98,0,98,289
03/14/2021,MTN,MD,AEA,EN,Federal Contract Tower,0,2,23,0,25,0,1,36,1,38,0,3,59,1,63,84,0,84,147
03/15/2021,MTN,MD,AEA,EN,Federal Contract Tower,0,12,21,0,33,0,0,103,0,103,0,12,124,0,136,168,0,168,304
03/16/2021,MTN,MD,AEA,EN,Federal Contract Tower,0,6,23,0,29,0,0,74,1,75,0,6,97,1,104,106,2,108,212
03/17/2021,MTN,MD,AEA,EN,Federal Contract Tower,0,4,47,0,51,0,0,74,0,74,0,4,121,0,125,108,0,108,233
03/18/2021,MTN,MD,AEA,EN,Federal Contract Tower,0,6,8,0,14,0,0,0,0,0,0,6,8,0,14,0,0,0,14
03/19/2021,MTN,MD,AEA,EN,Federal Contract Tower,0,2,17,5,24,0,0,39,12,51,0,2,56,17,75,10,0,10,85
03/20/2021,MTN,MD,AEA,EN,Federal Contract Tower,0,7,34,1,42,0,2,175,0,177,0,9,209,1,219,174,0,174,393
03/21/2021,MTN,MD,AEA,EN,Federal Contract Tower,0,7,54,0,61,0,1,141,0,142,0,8,195,0,203,214,0,214,417
03/22/2021,MTN,MD,AEA,EN,Federal Contract Tower,0,9,39,0,48,0,0,145,0,145,0,9,184,0,193,196,0,196,389
03/23/2021,MTN,MD,AEA,EN,Federal Contract Tower,0,2,29,0,31,0,0,122,0,122,0,2,151,0,153,180,0,180,333
03/24/2021,MTN,MD,AEA,EN,Federal Contract Tower,0,3,22,0,25,0,0,0,0,0,0,3,22,0,25,0,0,0,25
03/25/2021,MTN,MD,AEA,EN,Federal Contract Tower,0,4,24,10,38,0,0,5,5,10,0,4,29,15,48,10,0,10,58
03/26/2021,MTN,MD,AEA,EN,Federal Contract Tower,0,4,26,2,32,0,0,6,4,10,0,4,32,6,42,10,4,14,56
03/27/2021,MTN,MD,AEA,EN,Federal Contract Tower,0,5,19,0,24,0,2,200,0,202,0,7,219,0,226,274,0,274,500
03/28/2021,MTN,MD,AEA,EN,Federal Contract Tower,0,1,13,0,14,0,0,2,0,2,0,1,15,0,16,6,0,6,22
03/29/2021,MTN,MD,AEA,EN,Federal Contract Tower,0,2,26,0,28,0,0,72,0,72,0,2,98,0,100,68,0,68,168
03/30/2021,MTN,MD,AEA,EN,Federal Contract Tower,0,3,23,4,30,0,1,158,4,163,0,4,181,8,193,244,2,246,439
03/31/2021,MTN,MD,AEA,EN,Federal Contract Tower,0,2,38,3,43,0,0,27,3,30,0,2,65,6,73,42,1,43,116
04/01/2021,MTN,MD,AEA,EN,Federal Contract Tower,0,6,24,9,39,0,0,21,12,33,0,6,45,21,72,12,12,24,96
04/02/2021,MTN,MD,AEA,EN,Federal Contract Tower,0,5,20,5,30,0,0,59,15,74,0,5,79,20,104,18,18,36,140
04/03/2021,MTN,MD,AEA,EN,Federal Contract Tower,0,3,15,0,18,0,0,135,0,135,0,3,150,0,153,174,0,174,327
04/04/2021,MTN,MD,AEA,EN,Federal Contract Tower,0,5,15,0,20,0,0,96,0,96,0,5,111,0,116,118,0,118,234
04/05/2021,MTN,MD,AEA,EN,Federal Contract Tower,0,5,45,0,50,0,0,130,0,130,0,5,175,0,180,220,0,220,400
04/06/2021,MTN,MD,AEA,EN,Federal Contract Tower,0,5,36,3,44,0,0,151,3,154,0,5,187,6,198,226,10,236,434
04/07/2021,MTN,MD,AEA,EN,Federal Contract Tower,0,0,38,4,42,0,3,168,4,175,0,3,206,8,217,316,0,316,533
04/08/2021,MTN,MD,AEA,EN,Federal Contract Tower,0,2,29,4,35,0,0,156,3,159,0,2,185,7,194,164,0,164,358
04/09/2021,MTN,MD,AEA,EN,Federal Contract Tower,0,11,31,1,43,0,0,15,0,15,0,11,46,1,58,0,0,0,58
04/10/2021,MTN,MD,AEA,EN,Federal Contract Tower,0,5,23,14,42,0,0,47,0,47,0,5,70,14,89,60,0,60,149
04/11/2021,MTN,MD,AEA,EN,Federal Contract Tower,0,4,23,0,27,0,0,48,0,48,0,4,71,0,75,56,0,56,131
04/12/2021,MTN,MD,AEA,EN,Federal Contract Tower,0,4,59,0,63,0,0,27,0,27,0,4,86,0,90,130,0,130,220
04/13/2021,MTN,MD,AEA,EN,Federal Contract Tower,0,9,45,11,65,0,0,128,5,133,0,9,173,16,198,304,0,304,502
04/14/2021,MTN,MD,AEA,EN,Federal Contract Tower,0,5,26,4,35,0,0,63,0,63,0,5,89,4,98,94,0,94,192
04/15/2021,MTN,MD,AEA,EN,Federal Contract Tower,0,3,28,5,36,0,0,79,4,83,0,3,107,9,119,110,2,112,231
04/16/2021,MTN,MD,AEA,EN,Federal Contract Tower,0,3,31,0,34,0,1,93,0,94,0,4,124,0,128,208,0,208,336
04/17/2021,MTN,MD,AEA,EN,Federal Contract Tower,0,3,20,2,25,0,0,128,1,129,0,3,148,3,154,238,0,238,392
04/18/2021,MTN,MD,AEA,EN,Federal Contract Tower,0,2,31,2,35,0,0,156,0,156,0,2,187,2,191,140,0,140,331
04/19/2021,MTN,MD,AEA,EN,Federal Contract Tower,0,3,26,0,29,0,0,129,0,129,0,3,155,0,158,222,0,222,380
04/20/2021,MTN,MD,AEA,EN,Federal Contract Tower,0,7,20,4,31,0,1,154,5,160,0,8,174,9,191,124,0,124,315
04/21/2021,MTN,MD,AEA,EN,Federal Contract Tower,0,14,11,5,30,0,0,43,5,48,0,14,54,10,78,56,10,66,144
04/22/2021,MTN,MD,AEA,EN,Federal Contract Tower,0,6,10,4,20,0,1,40,4,45,0,7,50,8,65,16,2,18,83
04/23/2021,MTN,MD,AEA,EN,Federal Contract Tower,0,17,23,3,43,0,0,91,6,97,0,17,114,9,140,134,30,164,304
04/24/2021,MTN,MD,AEA,EN,Federal Contract Tower,0,5,26,0,31,0,0,151,0,151,0,5,177,0,182,226,0,226,408
04/25/2021,MTN,MD,AEA,EN,Federal Contract Tower,0,12,21,0,33,0,0,34,0,34,0,12,55,0,67,70,0,70,137
04/26/2021,MTN,MD,AEA,EN,Federal Contract Tower,0,9,24,0,33,0,0,133,0,133,0,9,157,0,166,86,0,86,252
04/27/2021,MTN,MD,AEA,EN,Federal Contract Tower,0,8,22,4,34,0,1,173,9,183,0,9,195,13,217,272,4,276,493
04/28/2021,MTN,MD,AEA,EN,Federal Contract Tower,0,6,8,4,18,0,0,137,4,141,0,6,145,8,159,240,0,240,399
04/29/2021,MTN,MD,AEA,EN,Federal Contract Tower,0,8,25,6,39,0,0,76,5,81,0,8,101,11,120,62,0,62,182
04/30/2021,MTN,MD,AEA,EN,Federal Contract Tower,0,5,16,10,31,0,0,4,6,10,0,5,20,16,41,0,6,6,47
05/01/2021,MTN,MD,AEA,EN,Federal Contract Tower,0,14,23,12,49,0,2,92,10,104,0,16,115,22,153,74,6,80,233
05/02/2021,MTN,MD,AEA,EN,Federal Contract Tower,0,8,16,1,25,0,0,104,2,106,0,8,120,3,131,124,0,124,255
05/03/2021,MTN,MD,AEA,EN,Federal Contract Tower,0,8,21,0,29,0,0,74,0,74,0,8,95,0,103,136,0,136,239
05/04/2021,MTN,MD,AEA,EN,Federal Contract Tower,0,12,28,5,45,0,0,100,5,105,0,12,128,10,150,98,0,98,248
05/05/2021,MTN,MD,AEA,EN,Federal Contract Tower,0,5,33,6,44,0,0,36,14,50,0,5,69,20,94,18,0,18,112
05/06/2021,MTN,MD,AEA,EN,Federal Contract Tower,0,10,30,4,44,0,0,165,6,171,0,10,195,10,215,156,4,160,375
05/07/2021,MTN,MD,AEA,EN,Federal Contract Tower,0,9,29,4,42,0,0,113,0,113,0,9,142,4,155,122,0,122,277
05/08/2021,MTN,MD,AEA,EN,Federal Contract Tower,0,2,19,0,21,0,0,55,0,55,0,2,74,0,76,52,0,52,128
05/09/2021,MTN,MD,AEA,EN,Federal Contract Tower,0,9,20,0,29,0,2,46,0,48,0,11,66,0,77,42,0,42,119
05/10/2021,MTN,MD,AEA,EN,Federal Contract Tower,0,7,26,0,33,0,0,67,0,67,0,7,93,0,100,70,0,70,170
05/11/2021,MTN,MD,AEA,EN,Federal Contract Tower,0,13,25,3,41,0,0,113,3,116,0,13,138,6,157,138,2,140,297
05/12/2021,MTN,MD,AEA,EN,Federal Contract Tower,0,3,34,6,43,0,0,127,6,133,0,3,161,12,176,168,2,170,346
05/13/2021,MTN,MD,AEA,EN,Federal Contract Tower,0,9,36,4,49,0,1,157,2,160,0,10,193,6,209,128,2,130,339
05/14/2021,MTN,MD,AEA,EN,Federal Contract Tower,0,9,26,4,39,0,1,175,3,179,0,10,201,7,218,168,0,168,386
05/15/2021,MTN,MD,AEA,EN,Federal Contract Tower,0,15,40,0,55,0,0,185,0,185,0,15,225,0,240,174,0,174,414
05/16/2021,MTN,MD,AEA,EN,Federal Contract Tower,0,2,41,0,43,0,0,69,0,69,0,2,110,0,112,82,0,82,194
05/17/2021,MTN,MD,AEA,EN,Federal Contract Tower,0,16,30,0,46,0,0,94,0,94,0,16,124,0,140,82,0,82,222
05/18/2021,MTN,MD,AEA,EN,Federal Contract Tower,0,16,23,7,46,0,0,122,6,128,0,16,145,13,174,178,0,178,352
05/19/2021,MTN,MD,AEA,EN,Federal Contract Tower,0,16,28,5,49,0,0,133,4,137,0,16,161,9,186,146,0,146,332
05/20/2021,MTN,MD,AEA,EN,Federal Contract Tower,0,21,28,7,56,0,0,116,3,119,0,21,144,10,175,160,2,162,337
05/21/2021,MTN,MD,AEA,EN,Federal Contract Tower,0,11,25,10,46,0,0,166,0,166,0,11,191,10,212,194,0,194,406
05/22/2021,MTN,MD,AEA,EN,Federal Contract Tower,0,13,20,0,33,0,0,141,3,144,0,13,161,3,177,64,0,64,241
05/23/2021,MTN,MD,AEA,EN,Federal Contract Tower,0,0,36,0,36,0,0,108,0,108,0,0,144,0,144,48,0,48,192
05/24/2021,MTN,MD,AEA,EN,Federal Contract Tower,0,9,44,0,53,0,0,54,0,54,0,9,98,0,107,44,0,44,151
05/25/2021,MTN,MD,AEA,EN,Federal Contract Tower,0,12,31,7,50,0,0,94,8,102,0,12,125,15,152,178,0,178,330
05/26/2021,MTN,MD,AEA,EN,Federal Contract Tower,0,6,37,3,46,0,0,66,3,69,0,6,103,6,115,80,0,80,195
05/27/2021,MTN,MD,AEA,EN,Federal Contract Tower,0,10,50,9,69,0,0,180,1,181,0,10,230,10,250,258,0,258,508
05/28/2021,MTN,MD,AEA,EN,Federal Contract Tower,0,11,28,0,39,0,0,58,0,58,0,11,86,0,97,60,0,60,157
05/29/2021,MTN,MD,AEA,EN,Federal Contract Tower,0,4,17,0,21,0,0,2,0,2,0,4,19,0,23,0,0,0,23
05/30/2021,MTN,MD,AEA,EN,Federal Contract Tower,0,9,26,0,35,0,0,10,0,10,0,9,36,0,45,26,0,26,71
05/31/2021,MTN,MD,AEA,EN,Federal Contract Tower,0,2,42,0,44,0,0,144,0,144,0,2,186,0,188,108,0,108,296
06/01/2021,MTN,MD,AEA,EN,Federal Contract Tower,0,13,23,1,37,0,0,218,6,224,0,13,241,7,261,206,4,210,471
06/02/2021,MTN,MD,AEA,EN,Federal Contract Tower,0,12,34,8,54,0,2,204,9,215,0,14,238,17,269,228,4,232,501
06/03/2021,MTN,MD,AEA,EN,Federal Contract Tower,0,9,32,7,48,0,0,15,0,15,0,9,47,7,63,0,0,0,63
06/04/2021,MTN,MD,AEA,EN,Federal Contract Tower,0,5,26,5,36,0,0,77,4,81,0,5,103,9,117,76,12,88,205
06/05/2021,MTN,MD,AEA,EN,Federal Contract Tower,0,5,26,15,46,0,0,155,2,157,0,5,181,17,203,154,0,154,357
06/06/2021,MTN,MD,AEA,EN,Federal Contract Tower,0,4,16,0,20,0,1,125,0,126,0,5,141,0,146,100,0,100,246
06/07/2021,MTN,MD,AEA,EN,Federal Contract Tower,0,10,28,0,38,0,0,114,0,114,0,10,142,0,152,200,0,200,352
06/08/2021,MTN,MD,AEA,EN,Federal Contract Tower,0,5,26,0,31,0,1,60,0,61,0,6,86,0,92,102,0,102,194
06/09/2021,MTN,MD,AEA,EN,Federal Contract Tower,0,3,42,1,46,0,1,68,0,69,0,4,110,1,115,114,0,114,229
06/10/2021,MTN,MD,AEA,EN,Federal Contract Tower,0,6,28,2,36,0,0,49,1,50,0,6,77,3,86,64,2,66,152
06/11/2021,MTN,MD,AEA,EN,Federal Contract Tower,0,15,28,6,49,0,0,0,0,0,0,15,28,6,49,0,0,0,49
06/12/2021,MTN,MD,AEA,EN,Federal Contract Tower,0,10,20,3,33,0,1,114,0,115,0,11,134,3,148,122,0,122,270
06/13/2021,MTN,MD,AEA,EN,Federal Contract Tower,0,15,36,0,51,0,0,87,0,87,0,15,123,0,138,95,0,95,233
06/14/2021,MTN,MD,AEA,EN,Federal Contract Tower,0,4,41,0,45,0,0,117,0,117,0,4,158,0,162,178,0,178,340
06/15/2021,MTN,MD,AEA,EN,Federal Contract Tower,0,6,21,8,35,0,2,121,4,127,0,8,142,12,162,172,0,172,334
06/16/2021,MTN,MD,AEA,EN,Federal Contract Tower,0,7,30,3,40,0,0,133,3,136,0,7,163,6,176,152,2,154,330
06/17/2021,MTN,MD,AEA,EN,Federal Contract Tower,0,6,32,6,44,0,2,178,0,180,0,8,210,6,224,194,0,194,418
06/18/2021,MTN,MD,AEA,EN,Federal Contract Tower,0,12,31,1,44,0,0,141,0,141,0,12,172,1,185,138,0,138,323
06/19/2021,MTN,MD,AEA,EN,Federal Contract Tower,0,10,16,1,27,0,0,96,0,96,0,10,112,1,123,80,0,80,203
06/20/2021,MTN,MD,AEA,EN,Federal Contract Tower,0,5,30,0,35,0,0,107,0,107,0,5,137,0,142,120,0,120,262
06/21/2021,MTN,MD,AEA,EN,Federal Contract Tower,0,5,47,0,52,0,0,61,0,61,0,5,108,0,113,62,0,62,175
06/22/2021,MTN,MD,AEA,EN,Federal Contract Tower,0,8,32,6,46,0,1,38,2,41,0,9,70,8,87,90,0,90,177
06/23/2021,MTN,MD,AEA,EN,Federal Contract Tower,0,8,46,9,63,0,0,213,13,226,0,8,259,22,289,282,0,282,571
06/24/2021,MTN,MD,AEA,EN,Federal Contract Tower,0,10,27,6,43,0,2,226,5,233,0,12,253,11,276,168,2,170,446
06/25/2021,MTN,MD,AEA,EN,Federal Contract Tower,0,13,33,6,52,0,0,188,8,196,0,13,221,14,248,102,8,110,358
06/26/2021,MTN,MD,AEA,EN,Federal Contract Tower,0,11,30,0,41,0,0,77,0,77,0,11,107,0,118,44,0,44,162
06/27/2021,MTN,MD,AEA,EN,Federal Contract Tower,0,8,37,0,45,0,0,90,0,90,0,8,127,0,135,78,0,78,213
06/28/2021,MTN,MD,AEA,EN,Federal Contract Tower,0,8,34,0,42,0,0,149,0,149,0,8,183,0,191,216,0,216,407
06/29/2021,MTN,MD,AEA,EN,Federal Contract Tower,0,4,37,11,52,0,2,148,5,155,0,6,185,16,207,178,10,188,395
06/30/2021,MTN,MD,AEA,EN,Federal Contract Tower,0,8,35,7,50,0,0,120,6,126,0,8,155,13,176,136,2,138,314
07/01/2021,MTN,MD,AEA,EN,Federal Contract Tower,0,13,12,3,28,0,0,53,3,56,0,13,65,6,84,38,4,42,126
07/02/2021,MTN,MD,AEA,EN,Federal Contract Tower,0,2,47,0,49,0,0,39,0,39,0,2,86,0,88,44,0,44,132
07/03/2021,MTN,MD,AEA,EN,Federal Contract Tower,0,4,22,0,26,0,0,82,8,90,0,4,104,8,116,82,8,90,206
07/04/2021,MTN,MD,AEA,EN,Federal Contract Tower,0,4,19,0,23,0,1,132,0,133,0,5,151,0,156,42,0,42,198
07/05/2021,MTN,MD,AEA,EN,Federal Contract Tower,0,7,31,0,38,0,2,151,0,153,0,9,182,0,191,72,0,72,263
07/06/2021,MTN,MD,AEA,EN,Federal Contract Tower,0,4,19,20,43,0,0,99,0,99,0,4,118,20,142,128,0,128,270
07/07/2021,MTN,MD,AEA,EN,Federal Contract Tower,0,7,28,6,41,0,0,86,4,90,0,7,114,10,131,44,0,44,175
07/08/2021,MTN,MD,AEA,EN,Federal Contract Tower,0,12,34,1,47,0,0,70,3,73,0,12,104,4,120,98,4,102,222
07/09/2021,MTN,MD,AEA,EN,Federal Contract Tower,0,4,21,4,29,0,0,97,0,97,0,4,118,4,126,212,8,220,346
07/10/2021,MTN,MD,AEA,EN,Federal Contract Tower,0,2,29,0,31,0,0,172,0,172,0,2,201,0,203,224,0,224,427
07/11/2021,MTN,MD,AEA,EN,Federal Contract Tower,0,6,29,0,35,0,1,67,0,68,0,7,96,0,103,64,0,64,167
07/12/2021,MTN,MD,AEA,EN,Federal Contract Tower,0,9,31,0,40,0,0,78,0,78,0,9,109,0,118,132,0,132,250
07/13/2021,MTN,MD,AEA,EN,Federal Contract Tower,0,9,43,6,58,0,1,118,2,121,0,10,161,8,179,122,0,122,301
07/14/2021,MTN,MD,AEA,EN,Federal Contract Tower,0,3,31,2,36,0,1,107,3,111,0,4,138,5,147,188,0,188,335
07/15/2021,MTN,MD,AEA,EN,Federal Contract Tower,0,14,36,2,52,0,0,142,0,142,0,14,178,2,194,188,0,188,382
07/16/2021,MTN,MD,AEA,EN,Federal Contract Tower,0,7,40,6,53,0,0,158,11,169,0,7,198,17,222,96,14,110,332
07/17/2021,MTN,MD,AEA,EN,Federal Contract Tower,0,2,19,0,21,0,1,75,0,76,0,3,94,0,97,126,0,126,223
07/18/2021,MTN,MD,AEA,EN,Federal Contract Tower,0,5,37,0,42,0,1,92,0,93,0,6,129,0,135,18,0,18,153
07/19/2021,MTN,MD,AEA,EN,Federal Contract Tower,0,17,22,2,41,0,1,129,0,130,0,18,151,2,171,192,2,194,365
07/20/2021,MTN,MD,AEA,EN,Federal Contract Tower,0,6,25,8,39,0,0,115,6,121,0,6,140,14,160,158,0,158,318
07/21/2021,MTN,MD,AEA,EN,Federal Contract Tower,0,0,41,0,41,0,1,75,0,76,0,1,116,0,117,138,0,138,255
07/22/2021,MTN,MD,AEA,EN,Federal Contract Tower,0,7,39,3,49,0,1,125,5,131,0,8,164,8,180,194,2,196,376
07/23/2021,MTN,MD,AEA,EN,Federal Contract Tower,0,6,36,2,44,0,2,162,8,172,0,8,198,10,216,186,16,202,418
07/24/2021,MTN,MD,AEA,EN,Federal Contract Tower,0,5,24,1,30,0,1,135,0,136,0,6,159,1,166,172,0,172,338
07/25/2021,MTN,MD,AEA,EN,Federal Contract Tower,0,8,32,1,41,0,1,68,0,69,0,9,100,1,110,70,0,70,180
07/26/2021,MTN,MD,AEA,EN,Federal Contract Tower,0,10,29,0,39,0,0,107,0,107,0,10,136,0,146,126,0,126,272
07/27/2021,MTN,MD,AEA,EN,Federal Contract Tower,0,4,28,5,37,0,0,114,6,120,0,4,142,11,157,138,0,138,295
07/28/2021,MTN,MD,AEA,EN,Federal Contract Tower,0,6,34,3,43,0,0,116,1,117,0,6,150,4,160,124,8,132,292
07/29/2021,MTN,MD,AEA,EN,Federal Contract Tower,0,7,32,10,49,0,0,53,0,53,0,7,85,10,102,20,0,20,122
07/30/2021,MTN,MD,AEA,EN,Federal Contract Tower,0,4,33,8,45,0,0,104,6,110,0,4,137,14,155,120,12,132,287
07/31/2021,MTN,MD,AEA,EN,Federal Contract Tower,0,2,28,0,30,0,0,142,2,144,0,2,170,2,174,146,0,146,320
08/01/2021,MTN,MD,AEA,EN,Federal Contract Tower,0,10,42,0,52,0,0,11,0,11,0,10,53,0,63,2,0,2,65
08/02/2021,MTN,MD,AEA,EN,Federal Contract Tower,0,3,33,0,36,0,0,119,1,120,0,3,152,1,156,90,0,90,246
08/03/2021,MTN,MD,AEA,EN,Federal Contract Tower,0,4,29,8,41,0,0,145,2,147,0,4,174,10,188,152,0,152,340
08/04/2021,MTN,MD,AEA,EN,Federal Contract Tower,0,6,33,2,41,0,1,117,7,125,0,7,150,9,166,108,2,110,276
08/05/2021,MTN,MD,AEA,EN,Federal Contract Tower,0,5,46,4,55,0,0,137,3,140,0,5,183,7,195,184,0,184,379
08/06/2021,MTN,MD,AEA,EN,Federal Contract Tower,0,7,27,4,38,0,1,141,10,152,0,8,168,14,190,230,12,242,432
08/07/2021,MTN,MD,AEA,EN,Federal Contract Tower,0,10,26,0,36,0,0,75,0,75,0,10,101,0,111,72,0,72,183
08/08/2021,MTN,MD,AEA,EN,Federal Contract Tower,0,3,49,0,52,0,0,132,0,132,0,3,181,0,184,140,0,140,324
08/09/2021,MTN,MD,AEA,EN,Federal Contract Tower,0,14,32,0,46,0,0,80,0,80,0,14,112,0,126,70,0,70,196
08/10/2021,MTN,MD,AEA,EN,Federal Contract Tower,0,10,25,4,39,0,1,111,4,116,0,11,136,8,155,230,0,230,385
08/11/2021,MTN,MD,AEA,EN,Federal Contract Tower,0,5,26,3,34,0,2,120,10,132,0,7,146,13,166,112,4,116,282
08/12/2021,MTN,MD,AEA,EN,Federal Contract Tower,0,14,30,7,51,0,1,116,5,122,0,15,146,12,173,226,0,226,399
08/13/2021,MTN,MD,AEA,EN,Federal Contract Tower,0,13,25,2,40,0,0,88,2,90,0,13,113,4,130,188,12,200,330
08/14/2021,MTN,MD,AEA,EN,Federal Contract Tower,0,11,21,0,32,0,0,93,0,93,0,11,114,0,125,100,0,100,225
08/15/2021,MTN,MD,AEA,EN,Federal Contract Tower,0,9,21,0,30,0,1,129,0,130,0,10,150,0,160,124,0,124,284
08/16/2021,MTN,MD,AEA,EN,Federal Contract Tower,0,15,24,4,43,0,2,65,0,67,0,17,89,4,110,120,0,120,230
08/17/2021,MTN,MD,AEA,EN,Federal Contract Tower,0,16,15,9,40,0,0,26,3,29,0,16,41,12,69,20,0,20,89
08/18/2021,MTN,MD,AEA,EN,Federal Contract Tower,0,7,30,2,39,0,0,34,6,40,0,7,64,8,79,26,0,26,105
08/19/2021,MTN,MD,AEA,EN,Federal Contract Tower,0,7,42,5,54,0,0,125,4,129,0,7,167,9,183,164,0,164,347
08/20/2021,MTN,MD,AEA,EN,Federal Contract Tower,0,4,42,8,54,0,0,18,0,18,0,4,60,8,72,34,0,34,106
08/21/2021,MTN,MD,AEA,EN,Federal Contract Tower,0,10,30,0,40,0,0,107,0,107,0,10,137,0,147,142,0,142,289
08/22/2021,MTN,MD,AEA,EN,Federal Contract Tower,0,1,22,0,23,0,1,27,0,28,0,2,49,0,51,40,0,40,91
08/23/2021,MTN,MD,AEA,EN,Federal Contract Tower,0,19,32,0,51,0,4,107,0,111,0,23,139,0,162,112,2,114,276
08/24/2021,MTN,MD,AEA,EN,Federal Contract Tower,0,17,34,4,55,0,3,120,3,126,0,20,154,7,181,138,0,138,319
08/25/2021,MTN,MD,AEA,EN,Federal Contract Tower,0,13,34,2,49,0,1,141,2,144,0,14,175,4,193,162,0,162,355
08/26/2021,MTN,MD,AEA,EN,Federal Contract Tower,0,26,25,2,53,0,1,97,0,98,0,27,122,2,151,164,0,164,315
08/27/2021,MTN,MD,AEA,EN,Federal Contract Tower,0,13,32,1,46,0,0,86,0,86,0,13,118,1,132,178,8,186,318
08/28/2021,MTN,MD,AEA,EN,Federal Contract Tower,0,8,30,0,38,0,0,66,0,66,0,8,96,0,104,30,0,30,134
08/29/2021,MTN,MD,AEA,EN,Federal Contract Tower,0,26,58,0,84,0,0,58,0,58,0,26,116,0,142,84,0,84,226
08/30/2021,MTN,MD,AEA,EN,Federal Contract Tower,0,18,27,0,45,0,0,69,0,69,0,18,96,0,114,78,0,78,192
08/31/2021,MTN,MD,AEA,EN,Federal Contract Tower,0,4,29,5,38,0,0,120,5,125,0,4,149,10,163,182,0,182,345
09/01/2021,MTN,MD,AEA,EN,Federal Contract Tower,0,3,14,8,25,0,0,9,0,9,0,3,23,8,34,4,0,4,38
09/02/2021,MTN,MD,AEA,EN,Federal Contract Tower,0,8,50,2,60,0,0,67,2,69,0,8,117,4,129,8,8,16,145
09/03/2021,MTN,MD,AEA,EN,Federal Contract Tower,0,1,35,3,39,0,2,166,0,168,0,3,201,3,207,174,0,174,381
09/04/2021,MTN,MD,AEA,EN,Federal Contract Tower,0,2,22,0,24,0,4,186,0,190,0,6,208,0,214,160,0,160,374
09/05/2021,MTN,MD,AEA,EN,Federal Contract Tower,0,2,17,0,19,0,0,95,0,95,0,2,112,0,114,62,0,62,176
09/06/2021,MTN,MD,AEA,EN,Federal Contract Tower,0,8,30,0,38,0,0,108,0,108,0,8,138,0,146,74,20,94,240
09/07/2021,MTN,MD,AEA,EN,Federal Contract Tower,0,3,40,6,49,0,0,142,4,146,0,3,182,10,195,146,2,148,343
09/08/2021,MTN,MD,AEA,EN,Federal Contract Tower,0,7,41,2,50,0,1,78,0,79,0,8,119,2,129,42,4,46,175
09/09/2021,MTN,MD,AEA,EN,Federal Contract Tower,0,4,38,2,44,0,0,83,0,83,0,4,121,2,127,138,0,138,265
09/10/2021,MTN,MD,AEA,EN,Federal Contract Tower,0,9,17,1,27,0,0,131,0,131,0,9,148,1,158,156,0,156,314
09/11/2021,MTN,MD,AEA,EN,Federal Contract Tower,0,1,17,0,18,0,0,161,4,165,0,1,178,4,183,74,0,74,257
09/12/2021,MTN,MD,AEA,EN,Federal Contract Tower,0,5,32,0,37,0,0,149,0,149,0,5,181,0,186,144,0,144,330
09/13/2021,MTN,MD,AEA,EN,Federal Contract Tower,0,7,31,0,38,0,0,124,1,125,0,7,155,1,163,124,0,124,287
09/14/2021,MTN,MD,AEA,EN,Federal Contract Tower,0,7,27,4,38,0,1,114,0,115,0,8,141,4,153,208,0,208,361
09/15/2021,MTN,MD,AEA,EN,Federal Contract Tower,0,8,35,0,43,0,0,83,0,83,0,8,118,0,126,108,0,108,234
09/16/2021,MTN,MD,AEA,EN,Federal Contract Tower,0,4,34,3,41,0,0,61,3,64,0,4,95,6,105,90,0,90,195
09/17/2021,MTN,MD,AEA,EN,Federal Contract Tower,0,8,55,4,67,0,0,36,7,43,0,8,91,11,110,52,2,54,164
09/18/2021,MTN,MD,AEA,EN,Federal Contract Tower,0,3,40,0,43,0,0,85,1,86,0,3,125,1,129,150,0,150,279
09/19/2021,MTN,MD,AEA,EN,Federal Contract Tower,0,12,33,0,45,0,1,135,0,136,0,13,168,0,181,68,0,68,249
09/20/2021,MTN,MD,AEA,EN,Federal Contract Tower,0,12,24,0,36,0,1,102,0,103,0,13,126,0,139,206,0,206,345
09/21/2021,MTN,MD,AEA,EN,Federal Contract Tower,0,20,34,0,54,0,0,136,0,136,0,20,170,0,190,260,0,260,450
09/22/2021,MTN,MD,AEA,EN,Federal Contract Tower,0,9,32,0,41,0,0,21,0,21,0,9,53,0,62,16,0,16,78
09/23/2021,MTN,MD,AEA,EN,Federal Contract Tower,0,11,31,0,42,0,2,58,0,60,0,13,89,0,102,68,0,68,170
09/24/2021,MTN,MD,AEA,EN,Federal Contract Tower,0,9,38,1,48,0,0,179,0,179,0,9,217,1,227,334,0,334,561
09/25/2021,MTN,MD,AEA,EN,Federal Contract Tower,0,3,33,0,36,0,1,172,0,173,0,4,205,0,209,244,0,244,453
09/26/2021,MTN,MD,AEA,EN,Federal Contract Tower,0,12,27,0,39,0,0,108,0,108,0,12,135,0,147,82,0,82,229
09/27/2021,MTN,MD,AEA,EN,Federal Contract Tower,0,12,34,0,46,0,0,115,0,115,0,12,149,0,161,224,0,224,385
09/28/2021,MTN,MD,AEA,EN,Federal Contract Tower,0,9,39,1,49,0,0,100,1,101,0,9,139,2,150,236,0,236,386
09/29/2021,MTN,MD,AEA,EN,Federal Contract Tower,0,15,48,0,63,0,0,160,0,160,0,15,208,0,223,224,0,224,447
09/30/2021,MTN,MD,AEA,EN,Federal Contract Tower,0,12,48,0,60,0,1,139,0,140,0,13,187,0,200,236,0,236,436
10/01/2021,MTN,MD,AEA,EN,Federal Contract Tower,0,12,49,4,65,0,0,183,7,190,0,12,232,11,255,242,12,254,509
10/02/2021,MTN,MD,AEA,EN,Federal Contract Tower,0,18,32,8,58,0,1,159,13,173,0,19,191,21,231,200,10,210,441
10/03/2021,MTN,MD,AEA,EN,Federal Contract Tower,0,18,42,0,60,0,0,81,0,81,0,18,123,0,141,174,0,174,315
10/04/2021,MTN,MD,AEA,EN,Federal Contract Tower,0,14,40,0,54,0,0,118,0,118,0,14,158,0,172,186,0,186,358
10/05/2021,MTN,MD,AEA,EN,Federal Contract Tower,0,8,40,0,48,0,0,6,0,6,0,8,46,0,54,0,0,0,54
10/06/2021,MTN,MD,AEA,EN,Federal Contract Tower,0,13,48,0,61,0,0,47,0,47,0,13,95,0,108,86,0,86,194
10/07/2021,MTN,MD,AEA,EN,Federal Contract Tower,0,7,51,4,62,0,2,131,5,138,0,9,182,9,200,200,3,203,403
10/08/2021,MTN,MD,AEA,EN,Federal Contract Tower,0,5,39,0,44,0,0,117,0,117,0,5,156,0,161,172,0,172,333
10/09/2021,MTN,MD,AEA,EN,Federal Contract Tower,0,7,39,0,46,0,0,69,0,69,0,7,108,0,115,98,0,98,213
10/10/2021,MTN,MD,AEA,EN,Federal Contract Tower,0,13,36,0,49,0,0,13,0,13,0,13,49,0,62,0,0,0,62
10/11/2021,MTN,MD,AEA,EN,Federal Contract Tower,0,10,46,0,56,0,0,47,0,47,0,10,93,0,103,126,0,126,229
10/12/2021,MTN,MD,AEA,EN,Federal Contract Tower,0,8,56,3,67,0,0,44,6,50,0,8,100,9,117,52,2,54,171
10/13/2021,MTN,MD,AEA,EN,Federal Contract Tower,0,6,56,12,74,0,0,36,7,43,0,6,92,19,117,34,0,34,151
10/14/2021,MTN,MD,AEA,EN,Federal Contract Tower,0,6,45,6,57,0,0,134,6,140,0,6,179,12,197,186,2,188,385
10/15/2021,MTN,MD,AEA,EN,Federal Contract Tower,0,19,40,5,64,0,0,152,3,155,0,19,192,8,219,214,8,222,441
10/16/2021,MTN,MD,AEA,EN,Federal Contract Tower,0,9,23,0,32,0,1,42,0,43,0,10,65,0,75,36,0,36,111
10/17/2021,MTN,MD,AEA,EN,Federal Contract Tower,0,7,39,0,46,0,0,83,4,87,0,7,122,4,133,42,0,42,175
10/18/2021,MTN,MD,AEA,EN,Federal Contract Tower,0,4,26,1,31,0,0,71,0,71,0,4,97,1,102,57,0,57,159
10/19/2021,MTN,MD,AEA,EN,Federal Contract Tower,0,7,30,5,42,0,0,146,10,156,0,7,176,15,198,166,0,166,364
10/20/2021,MTN,MD,AEA,EN,Federal Contract Tower,0,8,38,7,53,0,0,144,7,151,0,8,182,14,204,220,2,222,426
10/21/2021,MTN,MD,AEA,EN,Federal Contract Tower,0,11,36,5,52,0,0,133,7,140,0,11,169,12,192,184,0,184,376
10/22/2021,MTN,MD,AEA,EN,Federal Contract Tower,0,15,45,7,67,0,4,121,6,131,0,19,166,13,198,166,8,174,372
10/23/2021,MTN,MD,AEA,EN,Federal Contract Tower,0,15,28,0,43,0,0,122,0,122,0,15,150,0,165,134,0,134,299
10/24/2021,MTN,MD,AEA,EN,Federal Contract Tower,0,12,32,0,44,0,0,125,0,125,0,12,157,0,169,144,0,144,313
10/25/2021,MTN,MD,AEA,EN,Federal Contract Tower,0,6,33,0,39,0,5,106,0,111,0,11,139,0,150,184,0,184,334
10/26/2021,MTN,MD,AEA,EN,Federal Contract Tower,0,12,25,3,40,0,3,14,4,21,0,15,39,7,61,40,0,40,101
10/27/2021,MTN,MD,AEA,EN,Federal Contract Tower,0,11,20,5,36,0,0,42,3,45,0,11,62,8,81,30,2,32,113
10/28/2021,MTN,MD,AEA,EN,Federal Contract Tower,0,5,37,6,48,0,3,170,6,179,0,8,207,12,227,197,0,197,424
10/29/2021,MTN,MD,AEA,EN,Federal Contract Tower,0,5,16,0,21,0,0,0,0,0,0,5,16,0,21,0,0,0,21
10/30/2021,MTN,MD,AEA,EN,Federal Contract Tower,0,4,34,0,38,0,1,44,0,45,0,5,78,0,83,18,0,18,101
10/31/2021,MTN,MD,AEA,EN,Federal Contract Tower,0,8,29,0,37,0,1,103,0,104,0,9,132,0,141,98,0,98,239
11/02/2021,MTN,MD,AEA,EN,Federal Contract Tower,0,6,20,1,27,0,1,68,2,71,0,7,88,3,98,68,0,68,166
11/03/2021,MTN,MD,AEA,EN,Federal Contract Tower,0,7,29,1,37,0,0,173,0,173,0,7,202,1,210,152,0,152,362
11/04/2021,MTN,MD,AEA,EN,Federal Contract Tower,0,13,43,4,60,0,0,142,0,142,0,13,185,4,202,134,0,134,336
11/05/2021,MTN,MD,AEA,EN,Federal Contract Tower,0,8,24,0,32,0,0,156,2,158,0,8,180,2,190,200,0,200,390
11/06/2021,MTN,MD,AEA,EN,Federal Contract Tower,0,12,34,0,46,0,0,146,0,146,0,12,180,0,192,212,0,212,404
11/07/2021,MTN,MD,AEA,EN,Federal Contract Tower,0,10,29,0,39,0,2,116,0,118,0,12,145,0,157,112,0,112,269
11/08/2021,MTN,MD,AEA,EN,Federal Contract Tower,0,5,36,0,41,0,0,133,0,133,0,5,169,0,174,170,0,170,344
11/09/2021,MTN,MD,AEA,EN,Federal Contract Tower,0,6,29,0,35,0,1,162,1,164,0,7,191,1,199,254,2,256,455
11/10/2021,MTN,MD,AEA,EN,Federal Contract Tower,0,10,44,2,56,0,1,86,1,88,0,11,130,3,144,130,4,134,278
11/11/2021,MTN,MD,AEA,EN,Federal Contract Tower,0,10,49,0,59,0,0,145,0,145,0,10,194,0,204,230,0,230,434
11/12/2021,MTN,MD,AEA,EN,Federal Contract Tower,0,8,38,0,46,0,1,90,1,92,0,9,128,1,138,76,0,76,214
11/13/2021,MTN,MD,AEA,EN,Federal Contract Tower,0,8,23,5,36,0,2,66,0,68,0,10,89,5,104,68,0,68,172
11/14/2021,MTN,MD,AEA,EN,Federal Contract Tower,0,4,46,0,50,0,3,118,0,121,0,7,164,0,171,136,0,136,307
11/15/2021,MTN,MD,AEA,EN,Federal Contract Tower,0,4,26,2,32,0,1,30,0,31,0,5,56,2,63,10,0,10,73
11/16/2021,MTN,MD,AEA,EN,Federal Contract Tower,0,4,33,0,37,0,2,173,0,175,0,6,206,0,212,382,0,382,594
11/17/2021,MTN,MD,AEA,EN,Federal Contract Tower,0,8,50,6,64,0,1,154,3,158,0,9,204,9,222,310,0,310,532
11/18/2021,MTN,MD,AEA,EN,Federal Contract Tower,0,10,34,6,50,0,0,79,6,85,0,10,113,12,135,84,6,90,225
11/19/2021,MTN,MD,AEA,EN,Federal Contract Tower,0,4,32,0,36,0,0,51,0,51,0,4,83,0,87,78,0,78,165
11/20/2021,MTN,MD,AEA,EN,Federal Contract Tower,0,9,23,0,32,0,1,138,0,139,0,10,161,0,171,238,0,238,409
11/21/2021,MTN,MD,AEA,EN,Federal Contract Tower,0,7,33,0,40,0,0,118,0,118,0,7,151,0,158,276,0,276,434
11/22/2021,MTN,MD,AEA,EN,Federal Contract Tower,0,10,44,0,54,0,0,80,0,80,0,10,124,0,134,70,0,70,204
11/23/2021,MTN,MD,AEA,EN,Federal Contract Tower,0,14,46,0,60,0,0,91,0,91,0,14,137,0,151,72,0,72,223
11/24/2021,MTN,MD,AEA,EN,Federal Contract Tower,0,4,30,0,34,0,0,127,0,127,0,4,157,0,161,250,0,250,411
11/25/2021,MTN,MD,AEA,EN,Federal Contract Tower,0,1,8,0,9,0,1,28,0,29,0,2,36,0,38,36,0,36,74
11/26/2021,MTN,MD,AEA,EN,Federal Contract Tower,0,6,15,0,21,0,1,18,0,19,0,7,33,0,40,0,0,0,40
11/27/2021,MTN,MD,AEA,EN,Federal Contract Tower,0,8,27,0,35,0,0,57,0,57,0,8,84,0,92,88,0,88,180
11/28/2021,MTN,MD,AEA,EN,Federal Contract Tower,0,5,49,0,54,0,0,119,0,119,0,5,168,0,173,174,0,174,347
11/29/2021,MTN,MD,AEA,EN,Federal Contract Tower,0,11,31,0,42,0,0,49,0,49,0,11,80,0,91,52,0,52,143
11/30/2021,MTN,MD,AEA,EN,Federal Contract Tower,0,12,30,3,45,0,0,115,3,118,0,12,145,6,163,174,10,184,347
12/01/2021,MTN,MD,AEA,EN,Federal Contract Tower,0,4,32,5,41,0,1,154,6,161,0,5,186,11,202,192,2,194,396
12/02/2021,MTN,MD,AEA,EN,Federal Contract Tower,0,3,34,5,42,0,0,121,0,121,0,3,155,5,163,124,2,126,289
12/03/2021,MTN,MD,AEA,EN,Federal Contract Tower,0,10,35,6,51,0,0,112,4,116,0,10,147,10,167,140,15,155,322
12/04/2021,MTN,MD,AEA,EN,Federal Contract Tower,0,2,29,9,40,0,1,144,11,156,0,3,173,20,196,172,4,176,372
12/05/2021,MTN,MD,AEA,EN,Federal Contract Tower,0,4,37,0,41,0,1,116,0,117,0,5,153,0,158,174,0,174,332
12/06/2021,MTN,MD,AEA,EN,Federal Contract Tower,0,12,29,0,41,0,3,40,2,45,0,15,69,2,86,68,0,68,154
12/07/2021,MTN,MD,AEA,EN,Federal Contract Tower,0,10,31,5,46,0,0,129,2,131,0,10,160,7,177,244,0,244,421
12/08/2021,MTN,MD,AEA,EN,Federal Contract Tower,0,6,26,6,38,0,0,51,6,57,0,6,77,12,95,92,0,92,187
12/09/2021,MTN,MD,AEA,EN,Federal Contract Tower,0,11,46,6,63,0,0,132,5,137,0,11,178,11,200,202,0,202,402
12/10/2021,MTN,MD,AEA,EN,Federal Contract Tower,0,1,34,3,38,0,0,111,0,111,0,1,145,3,149,196,6,202,351
12/11/2021,MTN,MD,AEA,EN,Federal Contract Tower,0,5,2,0,7,0,0,0,0,0,0,5,2,0,7,0,0,0,7
12/12/2021,MTN,MD,AEA,EN,Federal Contract Tower,0,7,23,0,30,0,0,43,0,43,0,7,66,0,73,26,0,26,99
12/13/2021,MTN,MD,AEA,EN,Federal Contract Tower,0,6,35,0,41,0,0,138,0,138,0,6,173,0,179,170,0,170,349
12/14/2021,MTN,MD,AEA,EN,Federal Contract Tower,0,5,25,6,36,0,4,118,7,129,0,9,143,13,165,158,0,158,323
12/15/2021,MTN,MD,AEA,EN,Federal Contract Tower,0,10,38,7,55,0,0,121,9,130,0,10,159,16,185,208,10,218,403
12/16/2021,MTN,MD,AEA,EN,Federal Contract Tower,0,4,31,9,44,0,0,144,6,150,0,4,175,15,194,214,0,214,408
12/17/2021,MTN,MD,AEA,EN,Federal Contract Tower,0,6,28,0,34,0,0,167,0,167,0,6,195,0,201,220,0,220,421
12/18/2021,MTN,MD,AEA,EN,Federal Contract Tower,0,3,26,0,29,0,0,58,0,58,0,3,84,0,87,180,0,180,267
12/19/2021,MTN,MD,AEA,EN,Federal Contract Tower,0,5,25,0,30,0,0,25,0,25,0,5,50,0,55,4,0,4,59
12/20/2021,MTN,MD,AEA,EN,Federal Contract Tower,0,3,28,0,31,0,2,119,0,121,0,5,147,0,152,180,0,180,332
12/21/2021,MTN,MD,AEA,EN,Federal Contract Tower,0,3,33,5,41,0,0,128,6,134,0,3,161,11,175,170,10,180,355
12/22/2021,MTN,MD,AEA,EN,Federal Contract Tower,0,2,24,3,29,0,0,66,4,70,0,2,90,7,99,56,0,56,155
12/23/2021,MTN,MD,AEA,EN,Federal Contract Tower,0,4,46,0,50,0,0,124,0,124,0,4,170,0,174,110,0,110,284
12/24/2021,MTN,MD,AEA,EN,Federal Contract Tower,0,5,13,0,18,0,1,50,0,51,0,6,63,0,69,46,0,46,115
12/25/2021,MTN,MD,AEA,EN,Federal Contract Tower,0,1,15,0,16,0,2,13,0,15,0,3,28,0,31,0,0,0,31
12/26/2021,MTN,MD,AEA,EN,Federal Contract Tower,0,5,36,0,41,0,0,64,0,64,0,5,100,0,105,64,0,64,169
12/27/2021,MTN,MD,AEA,EN,Federal Contract Tower,0,3,28,0,31,0,2,18,0,20,0,5,46,0,51,26,0,26,77
12/28/2021,MTN,MD,AEA,EN,Federal Contract Tower,0,10,23,0,33,0,0,94,0,94,0,10,117,0,127,114,0,114,241
12/29/2021,MTN,MD,AEA,EN,Federal Contract Tower,0,5,31,0,36,0,0,73,0,73,0,5,104,0,109,152,0,152,261
12/30/2021,MTN,MD,AEA,EN,Federal Contract Tower,0,2,11,0,13,0,0,4,0,4,0,2,15,0,17,0,0,0,17
12/31/2021,MTN,MD,AEA,EN,Federal Contract Tower,0,5,17,0,22,0,0,2,0,2,0,5,19,0,24,0,0,0,24
01/01/2022,MTN,MD,AEA,EN,Federal Contract Tower,0,4,0,0,4,0,0,0,0,0,0,4,0,0,4,0,0,0,4
01/02/2022,MTN,MD,AEA,EN,Federal Contract Tower,0,3,36,0,39,0,0,50,0,50,0,3,86,0,89,104,0,104,193
01/03/2022,MTN,MD,AEA,EN,Federal Contract Tower,0,5,2,0,7,0,0,14,0,14,0,5,16,0,21,0,0,0,21
01/04/2022,MTN,MD,AEA,EN,Federal Contract Tower,0,14,18,3,35,0,0,114,2,116,0,14,132,5,151,160,0,160,311
01/05/2022,MTN,MD,AEA,EN,Federal Contract Tower,0,4,27,7,38,0,0,97,9,106,0,4,124,16,144,89,0,89,233
01/06/2022,MTN,MD,AEA,EN,Federal Contract Tower,0,7,32,6,45,0,0,133,7,140,0,7,165,13,185,146,0,146,331
01/07/2022,MTN,MD,AEA,EN,Federal Contract Tower,0,1,7,1,9,0,0,16,1,17,0,1,23,2,26,26,2,28,54
01/08/2022,MTN,MD,AEA,EN,Federal Contract Tower,0,2,22,4,28,0,0,152,4,156,0,2,174,8,184,200,0,200,384
01/09/2022,MTN,MD,AEA,EN,Federal Contract Tower,0,4,15,2,21,0,0,10,0,10,0,4,25,2,31,0,0,0,31
01/10/2022,MTN,MD,AEA,EN,Federal Contract Tower,0,11,25,0,36,0,0,61,0,61,0,11,86,0,97,96,4,100,197
01/11/2022,MTN,MD,AEA,EN,Federal Contract Tower,0,7,23,6,36,0,0,141,7,148,0,7,164,13,184,104,0,104,288
01/12/2022,MTN,MD,AEA,EN,Federal Contract Tower,0,5,29,6,40,0,1,133,7,141,0,6,162,13,181,122,2,124,305
01/13/2022,MTN,MD,AEA,EN,Federal Contract Tower,0,9,28,0,37,0,0,178,0,178,0,9,206,0,215,212,0,212,427
01/14/2022,MTN,MD,AEA,EN,Federal Contract Tower,0,5,30,0,35,0,0,87,0,87,0,5,117,0,122,106,0,106,228
01/15/2022,MTN,MD,AEA,EN,Federal Contract Tower,0,8,11,0,19,0,0,88,0,88,0,8,99,0,107,112,0,112,219
01/16/2022,MTN,MD,AEA,EN,Federal Contract Tower,0,1,5,0,6,0,0,34,0,34,0,1,39,0,40,72,0,72,112
01/17/2022,MTN,MD,AEA,EN,Federal Contract Tower,0,9,10,0,19,0,0,3,0,3,0,9,13,0,22,0,0,0,22
01/18/2022,MTN,MD,AEA,EN,Federal Contract Tower,0,9,35,5,49,0,0,63,5,68,0,9,98,10,117,48,2,50,167
01/19/2022,MTN,MD,AEA,EN,Federal Contract Tower,0,6,27,4,37,0,0,115,5,120,0,6,142,9,157,124,12,136,293
01/20/2022,MTN,MD,AEA,EN,Federal Contract Tower,0,2,15,2,19,0,0,30,2,32,0,2,45,4,51,20,0,20,71
01/21/2022,MTN,MD,AEA,EN,Federal Contract Tower,0,3,21,2,26,0,0,146,2,148,0,3,167,4,174,162,10,172,346
01/22/2022,MTN,MD,AEA,EN,Federal Contract Tower,0,4,8,0,12,0,0,130,0,130,0,4,138,0,142,154,0,154,296
01/23/2022,MTN,MD,AEA,EN,Federal Contract Tower,0,3,27,0,30,0,0,115,0,115,0,3,142,0,145,162,0,162,307
01/24/2022,MTN,MD,AEA,EN,Federal Contract Tower,0,8,23,0,31,0,1,118,0,119,0,9,141,0,150,160,0,160,310
01/25/2022,MTN,MD,AEA,EN,Federal Contract Tower,0,5,26,3,34,0,0,93,5,98,0,5,119,8,132,68,0,68,200
01/26/2022,MTN,MD,AEA,EN,Federal Contract Tower,0,3,15,3,21,0,1,104,3,108,0,4,119,6,129,98,0,98,227
01/27/2022,MTN,MD,AEA,EN,Federal Contract Tower,0,1,32,6,39,0,2,109,2,113,0,3,141,8,152,208,0,208,360
01/28/2022,MTN,MD,AEA,EN,Federal Contract Tower,0,4,13,8,25,0,0,17,1,18,0,4,30,9,43,78,0,78,121
01/29/2022,MTN,MD,AEA,EN,Federal Contract Tower,0,1,5,0,6,0,0,6,0,6,0,1,11,0,12,0,0,0,12
01/30/2022,MTN,MD,AEA,EN,Federal Contract Tower,0,9,19,0,28,0,0,104,0,104,0,9,123,0,132,172,0,172,304
01/31/2022,MTN,MD,AEA,EN,Federal Contract Tower,0,3,30,0,33,0,0,87,0,87,0,3,117,0,120,85,0,85,205
02/01/2022,MTN,MD,AEA,EN,Federal Contract Tower,0,5,22,6,33,0,0,106,6,112,0,5,128,12,145,146,0,146,291
02/02/2022,MTN,MD,AEA,EN,Federal Contract Tower,0,5,25,7,37,0,0,77,5,82,0,5,102,12,119,114,0,114,233
02/03/2022,MTN,MD,AEA,EN,Federal Contract Tower,0,5,12,4,21,0,0,0,0,0,0,5,12,4,21,0,0,0,21
02/04/2022,MTN,MD,AEA,EN,Federal Contract Tower,0,4,13,14,31,0,0,2,0,2,0,4,15,14,33,0,0,0,33
02/05/2022,MTN,MD,AEA,EN,Federal Contract Tower,0,0,17,0,17,0,0,56,0,56,0,0,73,0,73,32,0,32,105
02/06/2022,MTN,MD,AEA,EN,Federal Contract Tower,0,3,34,1,38,0,0,115,0,115,0,3,149,1,153,142,2,144,297
02/07/2022,MTN,MD,AEA,EN,Federal Contract Tower,0,7,12,0,19,0,0,13,0,13,0,7,25,0,32,6,0,6,38
02/08/2022,MTN,MD,AEA,EN,Federal Contract Tower,0,5,22,6,33,0,0,106,3,109,0,5,128,9,142,146,4,150,292
02/09/2022,MTN,MD,AEA,EN,Federal Contract Tower,0,4,28,7,39,0,0,138,4,142,0,4,166,11,181,276,0,276,457
02/10/2022,MTN,MD,AEA,EN,Federal Contract Tower,0,7,35,4,46,0,1,102,2,105,0,8,137,6,151,126,4,130,281
02/11/2022,MTN,MD,AEA,EN,Federal Contract Tower,0,3,42,4,49,0,0,155,4,159,0,3,197,8,208,100,0,100,308
02/12/2022,MTN,MD,AEA,EN,Federal Contract Tower,0,4,20,8,32,0,0,165,6,171,0,4,185,14,203,186,2,188,391
02/13/2022,MTN,MD,AEA,EN,Federal Contract Tower,0,10,5,0,15,0,0,4,0,4,0,10,9,0,19,0,0,0,19
02/14/2022,MTN,MD,AEA,EN,Federal Contract Tower,0,2,30,0,32,0,0,99,0,99,0,2,129,0,131,112,0,112,243
02/15/2022,MTN,MD,AEA,EN,Federal Contract Tower,0,7,22,1,30,0,0,126,0,126,0,7,148,1,156,236,0,236,392
02/16/2022,MTN,MD,AEA,EN,Federal Contract Tower,0,3,31,7,41,0,0,136,6,142,0,3,167,13,183,210,0,210,393
02/17/2022,MTN,MD,AEA,EN,Federal Contract Tower,0,12,32,4,48,0,0,52,6,58,0,12,84,10,106,16,14,30,136
02/18/2022,MTN,MD,AEA,EN,Federal Contract Tower,0,10,16,0,26,0,2,18,0,20,0,12,34,0,46,0,0,0,46
02/19/2022,MTN,MD,AEA,EN,Federal Contract Tower,0,0,15,0,15,0,0,22,0,22,0,0,37,0,37,22,0,22,59
02/20/2022,MTN,MD,AEA,EN,Federal Contract Tower,0,4,26,0,30,0,1,152,0,153,0,5,178,0,183,154,0,154,337
02/21/2022,MTN,MD,AEA,EN,Federal Contract Tower,0,12,33,0,45,0,1,199,0,200,0,13,232,0,245,252,0,252,497
02/22/2022,MTN,MD,AEA,EN,Federal Contract Tower,0,5,28,3,36,0,0,31,4,35,0,5,59,7,71,26,0,26,97
02/23/2022,MTN,MD,AEA,EN,Federal Contract Tower,0,3,21,4,28,0,0,109,4,113,0,3,130,8,141,94,4,98,239
02/24/2022,MTN,MD,AEA,EN,Federal Contract Tower,0,2,20,1,23,0,0,16,1,17,0,2,36,2,40,0,0,0,40
02/25/2022,MTN,MD,AEA,EN,Federal Contract Tower,0,3,15,1,19,0,0,11,1,12,0,3,26,2,31,0,8,8,39
02/26/2022,MTN,MD,AEA,EN,Federal Contract Tower,0,9,21,0,30,0,0,145,0,145,0,9,166,0,175,170,0,170,345
02/27/2022,MTN,MD,AEA,EN,Federal Contract Tower,0,5,11,0,16,0,0,100,0,100,0,5,111,0,116,106,0,106,222
02/28/2022,MTN,MD,AEA,EN,Federal Contract Tower,0,6,32,0,38,0,0,152,0,152,0,6,184,0,190,136,0,136,326
03/01/2022,MTN,MD,AEA,EN,Federal Contract Tower,0,7,15,3,25,0,0,116,0,116,0,7,131,3,141,180,4,184,325
03/02/2022,MTN,MD,AEA,EN,Federal Contract Tower,0,5,24,5,34,0,0,161,6,167,0,5,185,11,201,208,4,212,413
03/03/2022,MTN,MD,AEA,EN,Federal Contract Tower,0,6,23,6,35,0,0,103,6,109,0,6,126,12,144,122,2,124,268
03/04/2022,MTN,MD,AEA,EN,Federal Contract Tower,0,4,23,7,34,0,1,140,6,147,0,5,163,13,181,116,6,122,303
03/05/2022,MTN,MD,AEA,EN,Federal Contract Tower,0,4,23,8,35,0,0,134,8,142,0,4,157,16,177,122,0,122,299
03/06/2022,MTN,MD,AEA,EN,Federal Contract Tower,0,5,18,0,23,0,0,18,0,18,0,5,36,0,41,4,0,4,45
03/07/2022,MTN,MD,AEA,EN,Federal Contract Tower,0,10,9,0,19,0,0,25,0,25,0,10,34,0,44,58,0,58,102
03/08/2022,MTN,MD,AEA,EN,Federal Contract Tower,0,9,33,4,46,0,0,105,5,110,0,9,138,9,156,44,2,46,202
03/09/2022,MTN,MD,AEA,EN,Federal Contract Tower,0,0,18,0,18,0,0,4,0,4,0,0,22,0,22,7,0,7,29
03/10/2022,MTN,MD,AEA,EN,Federal Contract Tower,0,4,9,3,16,0,0,123,1,124,0,4,132,4,140,110,0,110,250
03/11/2022,MTN,MD,AEA,EN,Federal Contract Tower,0,7,44,0,51,0,0,141,0,141,0,7,185,0,192,122,0,122,314
03/12/2022,MTN,MD,AEA,EN,Federal Contract Tower,0,4,10,0,14,0,0,0,0,0,0,4,10,0,14,0,0,0,14
03/13/2022,MTN,MD,AEA,EN,Federal Contract Tower,0,2,21,0,23,0,0,76,0,76,0,2,97,0,99,44,0,44,143
03/14/2022,MTN,MD,AEA,EN,Federal Contract Tower,0,8,32,0,40,0,0,136,0,136,0,8,168,0,176,240,0,240,416
03/15/2022,MTN,MD,AEA,EN,Federal Contract Tower,0,2,24,5,31,0,0,159,4,163,0,2,183,9,194,214,0,214,408
03/16/2022,MTN,MD,AEA,EN,Federal Contract Tower,0,9,28,4,41,0,1,178,4,183,0,10,206,8,224,236,0,236,460
03/17/2022,MTN,MD,AEA,EN,Federal Contract Tower,0,7,14,0,21,0,0,3,0,3,0,7,17,0,24,0,0,0,24
03/18/2022,MTN,MD,AEA,EN,Federal Contract Tower,0,3,39,0,42,0,0,118,1,119,0,3,157,1,161,196,0,196,357
03/19/2022,MTN,MD,AEA,EN,Federal Contract Tower,0,3,29,0,32,0,0,99,0,99,0,3,128,0,131,202,0,202,333
03/20/2022,MTN,MD,AEA,EN,Federal Contract Tower,0,9,33,0,42,0,0,49,0,49,0,9,82,0,91,36,0,36,127
03/21/2022,MTN,MD,AEA,EN,Federal Contract Tower,0,9,25,0,34,0,0,137,0,137,0,9,162,0,171,122,0,122,293
03/22/2022,MTN,MD,AEA,EN,Federal Contract Tower,0,3,30,4,37,0,1,173,3,177,0,4,203,7,214,278,0,278,492
03/23/2022,MTN,MD,AEA,EN,Federal Contract Tower,0,5,25,4,34,0,1,27,0,28,0,6,52,4,62,20,0,20,82
03/24/2022,MTN,MD,AEA,EN,Federal Contract Tower,0,1,17,5,23,0,0,0,0,0,0,1,17,5,23,0,0,0,23
03/25/2022,MTN,MD,AEA,EN,Federal Contract Tower,0,10,30,7,47,0,0,130,8,138,0,10,160,15,185,115,6,121,306
03/26/2022,MTN,MD,AEA,EN,Federal Contract Tower,0,5,19,0,24,0,0,39,1,40,0,5,58,1,64,52,0,52,116
03/27/2022,MTN,MD,AEA,EN,Federal Contract Tower,0,8,17,0,25,0,0,25,0,25,0,8,42,0,50,18,0,18,68
03/28/2022,MTN,MD,AEA,EN,Federal Contract Tower,0,0,33,0,33,0,0,16,1,17,0,0,49,1,50,2,0,2,52
03/29/2022,MTN,MD,AEA,EN,Federal Contract Tower,0,1,34,4,39,0,1,118,3,122,0,2,152,7,161,144,6,150,311
03/30/2022,MTN,MD,AEA,EN,Federal Contract Tower,0,6,28,2,36,0,0,115,3,118,0,6,143,5,154,322,0,322,476
03/31/2022,MTN,MD,AEA,EN,Federal Contract Tower,0,5,13,0,18,0,0,5,0,5,0,5,18,0,23,0,0,0,23
04/01/2022,MTN,MD,AEA,EN,Federal Contract Tower,0,4,19,6,29,0,0,29,8,37,0,4,48,14,66,8,6,14,80
04/02/2022,MTN,MD,AEA,EN,Federal Contract Tower,0,5,36,10,51,0,0,205,8,213,0,5,241,18,264,290,0,290,554
04/03/2022,MTN,MD,AEA,EN,Federal Contract Tower,0,7,22,0,29,0,1,50,0,51,0,8,72,0,80,76,0,76,156
04/04/2022,MTN,MD,AEA,EN,Federal Contract Tower,0,10,46,0,56,0,0,174,0,174,0,10,220,0,230,250,10,260,490
04/05/2022,MTN,MD,AEA,EN,Federal Contract Tower,0,8,33,13,54,0,0,39,0,39,0,8,72,13,93,18,0,18,111
04/06/2022,MTN,MD,AEA,EN,Federal Contract Tower,0,21,47,10,78,0,1,19,0,20,0,22,66,10,98,50,2,52,150
04/07/2022,MTN,MD,AEA,EN,Federal Contract Tower,0,3,23,0,26,0,0,2,0,2,0,3,25,0,28,0,0,0,28
04/08/2022,MTN,MD,AEA,EN,Federal Contract Tower,0,13,32,2,47,0,0,167,6,173,0,13,199,8,220,308,8,316,536
04/09/2022,MTN,MD,AEA,EN,Federal Contract Tower,0,2,17,0,19,0,0,126,0,126,0,2,143,0,145,250,0,250,395
04/10/2022,MTN,MD,AEA,EN,Federal Contract Tower,0,9,32,0,41,0,77,0,0,77,0,86,32,0,118,0,0,0,118
04/11/2022,MTN,MD,AEA,EN,Federal Contract Tower,0,13,33,0,46,0,0,135,2,137,0,13,168,2,183,190,0,190,373
04/12/2022,MTN,MD,AEA,EN,Federal Contract Tower,0,10,32,7,49,0,1,139,4,144,0,11,171,11,193,140,2,142,335
04/13/2022,MTN,MD,AEA,EN,Federal Contract Tower,0,9,38,6,53,0,1,124,5,130,0,10,162,11,183,248,0,248,431
04/14/2022,MTN,MD,AEA,EN,Federal Contract Tower,0,16,41,7,64,0,0,51,4,55,0,16,92,11,119,20,0,20,139
04/15/2022,MTN,MD,AEA,EN,Federal Contract Tower,0,6,26,2,34,0,1,159,3,163,0,7,185,5,197,298,4,302,499
04/16/2022,MTN,MD,AEA,EN,Federal Contract Tower,0,1,17,0,18,0,0,77,0,77,0,1,94,0,95,48,0,48,143
04/17/2022,MTN,MD,AEA,EN,Federal Contract Tower,0,6,17,0,23,0,0,64,0,64,0,6,81,0,87,58,0,58,145
04/18/2022,MTN,MD,AEA,EN,Federal Contract Tower,0,15,25,0,40,0,0,28,0,28,0,15,53,0,68,116,0,116,184
04/19/2022,MTN,MD,AEA,EN,Federal Contract Tower,0,11,28,6,45,0,0,28,7,35,0,11,56,13,80,0,0,0,80
04/20/2022,MTN,MD,AEA,EN,Federal Contract Tower,0,10,23,6,39,0,0,173,9,182,0,10,196,15,221,262,4,266,487
04/21/2022,MTN,MD,AEA,EN,Federal Contract Tower,0,10,23,6,39,0,1,144,6,151,0,11,167,12,190,106,0,106,296
04/22/2022,MTN,MD,AEA,EN,Federal Contract Tower,0,6,29,3,38,0,1,146,1,148,0,7,175,4,186,210,2,212,398
04/23/2022,MTN,MD,AEA,EN,Federal Contract Tower,0,8,29,0,37,0,1,199,0,200,0,9,228,0,237,358,0,358,595
04/24/2022,MTN,MD,AEA,EN,Federal Contract Tower,0,10,23,0,33,0,3,153,0,156,0,13,176,0,189,380,0,380,569
04/25/2022,MTN,MD,AEA,EN,Federal Contract Tower,0,16,31,1,48,0,0,47,1,48,0,16,78,2,96,30,0,30,126
04/26/2022,MTN,MD,AEA,EN,Federal Contract Tower,0,8,36,2,46,0,1,17,0,18,0,9,53,2,64,4,0,4,68
04/27/2022,MTN,MD,AEA,EN,Federal Contract Tower,0,5,15,4,24,0,4,37,4,45,0,9,52,8,69,4,0,4,73
04/28/2022,MTN,MD,AEA,EN,Federal Contract Tower,0,11,42,1,54,0,0,108,1,109,0,11,150,2,163,42,0,42,205
04/29/2022,MTN,MD,AEA,EN,Federal Contract Tower,0,13,36,2,51,0,0,232,0,232,0,13,268,2,283,306,0,306,589
04/30/2022,MTN,MD,AEA,EN,Federal Contract Tower,0,7,24,0,31,0,8,196,0,204,0,15,220,0,235,396,0,396,631
05/01/2022,MTN,MD,AEA,EN,Federal Contract Tower,0,16,30,0,46,0,0,78,0,78,0,16,108,0,124,220,0,220,344
05/02/2022,MTN,MD,AEA,EN,Federal Contract Tower,0,4,27,1,32,0,0,179,0,179,0,4,206,1,211,296,0,296,507
05/03/2022,MTN,MD,AEA,EN,Federal Contract Tower,0,13,50,5,68,0,2,73,0,75,0,15,123,5,143,130,0,130,273
05/04/2022,MTN,MD,AEA,EN,Federal Contract Tower,0,6,51,6,63,0,2,31,0,33,0,8,82,6,96,26,0,26,122
05/05/2022,MTN,MD,AEA,EN,Federal Contract Tower,0,16,39,0,55,0,3,142,0,145,0,19,181,0,200,306,0,306,506
05/06/2022,MTN,MD,AEA,EN,Federal Contract Tower,0,4,23,0,27,0,0,0,0,0,0,4,23,0,27,0,0,0,27
05/07/2022,MTN,MD,AEA,EN,Federal Contract Tower,0,5,9,0,14,0,0,0,0,0,0,5,9,0,14,0,0,0,14
05/08/2022,MTN,MD,AEA,EN,Federal Contract Tower,0,14,21,0,35,0,0,17,0,17,0,14,38,0,52,8,0,8,60
05/09/2022,MTN,MD,AEA,EN,Federal Contract Tower,0,11,21,0,32,0,0,121,0,121,0,11,142,0,153,166,0,166,319
05/10/2022,MTN,MD,AEA,EN,Federal Contract Tower,0,10,16,2,28,0,88,1,0,89,0,98,17,2,117,26,0,26,143
05/11/2022,MTN,MD,AEA,EN,Federal Contract Tower,0,5,32,3,40,0,0,144,1,145,0,5,176,4,185,226,2,228,413
05/12/2022,MTN,MD,AEA,EN,Federal Contract Tower,0,7,42,0,49,0,0,58,0,58,0,7,100,0,107,92,0,92,199
05/13/2022,MTN,MD,AEA,EN,Federal Contract Tower,0,6,42,0,48,0,1,9,0,10,0,7,51,0,58,0,2,2,60
05/14/2022,MTN,MD,AEA,EN,Federal Contract Tower,0,6,18,0,24,0,0,2,0,2,0,6,20,0,26,0,0,0,26
05/15/2022,MTN,MD,AEA,EN,Federal Contract Tower,0,12,31,3,46,0,0,43,0,43,0,12,74,3,89,44,0,44,133
05/16/2022,MTN,MD,AEA,EN,Federal Contract Tower,0,3,33,3,39,0,0,35,0,35,0,3,68,3,74,40,0,40,114
05/17/2022,MTN,MD,AEA,EN,Federal Contract Tower,0,11,34,0,45,0,3,135,0,138,0,14,169,0,183,32,4,36,219
05/18/2022,MTN,MD,AEA,EN,Federal Contract Tower,0,8,26,0,34,0,3,192,1,196,0,11,218,1,230,250,2,252,482
05/19/2022,MTN,MD,AEA,EN,Federal Contract Tower,0,6,47,2,55,0,0,115,0,115,0,6,162,2,170,102,0,102,272
05/20/2022,MTN,MD,AEA,EN,Federal Contract Tower,0,5,31,2,38,0,2,169,0,171,0,7,200,2,209,318,0,318,527
05/21/2022,MTN,MD,AEA,EN,Federal Contract Tower,0,7,29,0,36,0,4,216,0,220,0,11,245,0,256,274,0,274,530
05/22/2022,MTN,MD,AEA,EN,Federal Contract Tower,0,3,32,0,35,0,0,116,0,116,0,3,148,0,151,270,0,270,421
05/23/2022,MTN,MD,AEA,EN,Federal Contract Tower,0,6,30,0,36,0,2,163,3,168,0,8,193,3,204,300,0,300,504
05/24/2022,MTN,MD,AEA,EN,Federal Contract Tower,0,12,40,1,53,0,0,48,1,49,0,12,88,2,102,26,0,26,128
05/25/2022,MTN,MD,AEA,EN,Federal Contract Tower,0,13,15,0,28,0,0,147,0,147,0,13,162,0,175,220,0,220,395
05/26/2022,MTN,MD,AEA,EN,Federal Contract Tower,0,8,41,1,50,0,0,33,1,34,0,8,74,2,84,50,0,50,134
05/27/2022,MTN,MD,AEA,EN,Federal Contract Tower,0,14,21,0,35,0,0,18,0,18,0,14,39,0,53,0,0,0,53
05/28/2022,MTN,MD,AEA,EN,Federal Contract Tower,0,6,18,2,26,0,2,125,0,127,0,8,143,2,153,180,0,180,333
05/29/2022,MTN,MD,AEA,EN,Federal Contract Tower,0,4,22,2,28,0,1,122,0,123,0,5,144,2,151,134,0,134,285
05/30/2022,MTN,MD,AEA,EN,Federal Contract Tower,0,7,7,0,14,0,0,177,0,177,0,7,184,0,191,146,0,146,337
05/31/2022,MTN,MD,AEA,EN,Federal Contract Tower,0,13,17,1,31,0,0,172,0,172,0,13,189,1,203,128,0,128,331
06/01/2022,MTN,MD,AEA,EN,Federal Contract Tower,0,12,26,5,43,0,0,182,1,183,0,12,208,6,226,230,0,230,456
06/02/2022,MTN,MD,AEA,EN,Federal Contract Tower,0,10,27,0,37,0,0,57,1,58,0,10,84,1,95,20,2,22,117
06/03/2022,MTN,MD,AEA,EN,Federal Contract Tower,0,4,36,0,40,0,0,152,0,152,0,4,188,0,192,162,0,162,354
06/04/2022,MTN,MD,AEA,EN,Federal Contract Tower,0,3,11,0,14,0,2,141,0,143,0,5,152,0,157,240,0,240,397
06/05/2022,MTN,MD,AEA,EN,Federal Contract Tower,0,9,25,0,34,0,0,135,0,135,0,9,160,0,169,118,0,118,287
06/06/2022,MTN,MD,AEA,EN,Federal Contract Tower,0,6,16,0,22,0,0,173,0,173,0,6,189,0,195,224,0,224,419
06/07/2022,MTN,MD,AEA,EN,Federal Contract Tower,0,4,12,0,16,0,0,68,0,68,0,4,80,0,84,100,0,100,184
06/08/2022,MTN,MD,AEA,EN,Federal Contract Tower,0,2,28,0,30,0,0,147,0,147,0,2,175,0,177,172,0,172,349
06/09/2022,MTN,MD,AEA,EN,Federal Contract Tower,0,7,25,2,34,0,0,74,0,74,0,7,99,2,108,16,0,16,124
06/10/2022,MTN,MD,AEA,EN,Federal Contract Tower,0,11,28,4,43,0,0,194,1,195,0,11,222,5,238,248,0,248,486
06/11/2022,MTN,MD,AEA,EN,Federal Contract Tower,0,9,21,0,30,0,1,91,0,92,0,10,112,0,122,64,0,64,186
06/12/2022,MTN,MD,AEA,EN,Federal Contract Tower,0,16,21,0,37,0,0,22,0,22,0,16,43,0,59,8,0,8,67
06/13/2022,MTN,MD,AEA,EN,Federal Contract Tower,0,6,32,0,38,0,1,138,0,139,0,7,170,0,177,218,0,218,395
06/14/2022,MTN,MD,AEA,EN,Federal Contract Tower,0,3,36,2,41,0,0,84,2,86,0,3,120,4,127,48,0,48,175
06/15/2022,MTN,MD,AEA,EN,Federal Contract Tower,0,7,17,10,34,0,1,184,7,192,0,8,201,17,226,222,6,228,454
06/16/2022,MTN,MD,AEA,EN,Federal Contract Tower,0,4,27,2,33,0,0,33,1,34,0,4,60,3,67,66,18,84,151
06/17/2022,MTN,MD,AEA,EN,Federal Contract Tower,0,10,18,0,28,0,0,98,0,98,0,10,116,0,126,48,0,48,174
06/18/2022,MTN,MD,AEA,EN,Federal Contract Tower,0,10,14,0,24,0,0,56,0,56,0,10,70,0,80,1,0,1,81
06/19/2022,MTN,MD,AEA,EN,Federal Contract Tower,0,13,13,0,26,0,1,89,0,90,0,14,102,0,116,24,0,24,140
06/20/2022,MTN,MD,AEA,EN,Federal Contract Tower,0,7,23,0,30,0,3,146,0,149,0,10,169,0,179,198,0,198,377
06/21/2022,MTN,MD,AEA,EN,Federal Contract Tower,0,9,24,4,37,0,0,154,0,154,0,9,178,4,191,158,0,158,349
06/22/2022,MTN,MD,AEA,EN,Federal Contract Tower,0,10,24,4,38,0,0,65,0,65,0,10,89,4,103,262,2,264,367
06/23/2022,MTN,MD,AEA,EN,Federal Contract Tower,0,5,44,5,54,0,2,17,0,19,0,7,61,5,73,42,0,42,115
06/24/2022,MTN,MD,AEA,EN,Federal Contract Tower,0,4,30,4,38,0,3,103,0,106,0,7,133,4,144,210,4,214,358
06/25/2022,MTN,MD,AEA,EN,Federal Contract Tower,0,6,22,0,28,0,2,187,0,189,0,8,209,0,217,240,0,240,457
06/26/2022,MTN,MD,AEA,EN,Federal Contract Tower,0,11,19,0,30,0,2,137,0,139,0,13,156,0,169,221,0,221,390
06/27/2022,MTN,MD,AEA,EN,Federal Contract Tower,0,8,28,0,36,0,0,42,0,42,0,8,70,0,78,107,0,107,185
06/28/2022,MTN,MD,AEA,EN,Federal Contract Tower,0,11,29,4,44,0,1,186,0,187,0,12,215,4,231,234,6,240,471
06/29/2022,MTN,MD,AEA,EN,Federal Contract Tower,0,9,39,5,53,0,2,200,0,202,0,11,239,5,255,328,0,328,583
06/30/2022,MTN,MD,AEA,EN,Federal Contract Tower,0,11,36,1,48,0,0,153,0,153,0,11,189,1,201,250,0,250,451
07/01/2022,MTN,MD,AEA,EN,Federal Contract Tower,0,10,28,2,40,0,1,91,0,92,0,11,119,2,132,124,0,124,256
07/02/2022,MTN,MD,AEA,EN,Federal Contract Tower,0,7,13,0,20,0,0,50,0,50,0,7,63,0,70,86,0,86,156
07/03/2022,MTN,MD,AEA,EN,Federal Contract Tower,0,2,15,0,17,0,1,92,0,93,0,3,107,0,110,110,0,110,220
07/04/2022,MTN,MD,AEA,EN,Federal Contract Tower,0,3,11,1,15,0,0,164,2,166,0,3,175,3,181,200,4,204,385
07/05/2022,MTN,MD,AEA,EN,Federal Contract Tower,0,2,14,6,22,0,0,59,2,61,0,2,73,8,83,38,0,38,121
07/06/2022,MTN,MD,AEA,EN,Federal Contract Tower,0,5,21,6,32,0,0,83,5,88,0,5,104,11,120,88,4,92,212
07/07/2022,MTN,MD,AEA,EN,Federal Contract Tower,0,9,33,9,51,0,0,47,0,47,0,9,80,9,98,12,0,12,110
07/08/2022,MTN,MD,AEA,EN,Federal Contract Tower,0,3,24,6,33,0,0,75,0,75,0,3,99,6,108,126,0,126,234
07/09/2022,MTN,MD,AEA,EN,Federal Contract Tower,0,3,24,0,27,0,0,9,0,9,0,3,33,0,36,0,0,0,36
07/10/2022,MTN,MD,AEA,EN,Federal Contract Tower,0,3,27,0,30,0,0,132,0,132,0,3,159,0,162,214,0,214,376
07/11/2022,MTN,MD,AEA,EN,Federal Contract Tower,0,7,15,0,22,0,0,155,0,155,0,7,170,0,177,162,0,162,339
07/12/2022,MTN,MD,AEA,EN,Federal Contract Tower,0,10,13,3,26,0,0,110,3,113,0,10,123,6,139,122,0,122,261
07/13/2022,MTN,MD,AEA,EN,Federal Contract Tower,0,6,17,12,35,0,0,118,0,118,0,6,135,12,153,208,4,212,365
07/14/2022,MTN,MD,AEA,EN,Federal Contract Tower,0,7,40,2,49,0,0,142,6,148,0,7,182,8,197,164,8,172,369
07/15/2022,MTN,MD,AEA,EN,Federal Contract Tower,0,6,26,0,32,0,0,157,0,157,0,6,183,0,189,154,0,154,343
07/16/2022,MTN,MD,AEA,EN,Federal Contract Tower,0,3,20,1,24,0,0,41,4,45,0,3,61,5,69,58,0,58,127
07/17/2022,MTN,MD,AEA,EN,Federal Contract Tower,0,6,36,0,42,0,0,91,0,91,0,6,127,0,133,136,0,136,269
07/18/2022,MTN,MD,AEA,EN,Federal Contract Tower,0,7,20,0,27,0,0,59,0,59,0,7,79,0,86,50,0,50,136
07/19/2022,MTN,MD,AEA,EN,Federal Contract Tower,0,9,22,6,37,0,0,169,6,175,0,9,191,12,212,162,2,164,376
07/20/2022,MTN,MD,AEA,EN,Federal Contract Tower,0,5,26,6,37,0,1,155,3,159,0,6,181,9,196,164,0,164,360
07/21/2022,MTN,MD,AEA,EN,Federal Contract Tower,0,9,25,6,40,0,1,143,5,149,0,10,168,11,189,154,4,158,347
07/22/2022,MTN,MD,AEA,EN,Federal Contract Tower,0,2,36,2,40,0,1,158,5,164,0,3,194,7,204,214,26,240,444
07/23/2022,MTN,MD,AEA,EN,Federal Contract Tower,0,1,19,1,21,0,0,155,0,155,0,1,174,1,176,114,0,114,290
07/24/2022,MTN,MD,AEA,EN,Federal Contract Tower,0,8,24,0,32,0,0,116,1,117,0,8,140,1,149,127,0,127,276
07/25/2022,MTN,MD,AEA,EN,Federal Contract Tower,0,7,18,0,25,0,0,67,0,67,0,7,85,0,92,40,0,40,132
07/26/2022,MTN,MD,AEA,EN,Federal Contract Tower,0,7,45,5,57,0,1,130,3,134,0,8,175,8,191,272,0,272,463
07/27/2022,MTN,MD,AEA,EN,Federal Contract Tower,0,9,42,3,54,0,0,98,3,101,0,9,140,6,155,116,0,116,271
07/28/2022,MTN,MD,AEA,EN,Federal Contract Tower,0,2,27,4,33,0,0,109,2,111,0,2,136,6,144,122,0,122,266
07/29/2022,MTN,MD,AEA,EN,Federal Contract Tower,0,9,19,3,31,0,0,77,1,78,0,9,96,4,109,118,8,126,235
07/30/2022,MTN,MD,AEA,EN,Federal Contract Tower,0,2,22,0,24,0,0,145,0,145,0,2,167,0,169,72,0,72,241
07/31/2022,MTN,MD,AEA,EN,Federal Contract Tower,0,13,18,0,31,0,0,73,0,73,0,13,91,0,104,32,0,32,136
08/01/2022,MTN,MD,AEA,EN,Federal Contract Tower,0,7,16,0,23,0,0,86,0,86,0,7,102,0,109,132,0,132,241
08/02/2022,MTN,MD,AEA,EN,Federal Contract Tower,0,9,21,5,35,0,0,131,4,135,0,9,152,9,170,148,8,156,326
08/03/2022,MTN,MD,AEA,EN,Federal Contract Tower,0,11,21,11,43,0,0,134,4,138,0,11,155,15,181,122,0,122,303
08/04/2022,MTN,MD,AEA,EN,Federal Contract Tower,0,11,38,8,57,0,0,137,6,143,0,11,175,14,200,130,4,134,334
08/05/2022,MTN,MD,AEA,EN,Federal Contract Tower,0,8,29,6,43,0,1,106,6,113,0,9,135,12,156,134,16,150,306
08/06/2022,MTN,MD,AEA,EN,Federal Contract Tower,0,5,17,3,25,0,0,82,3,85,0,5,99,6,110,126,30,156,266
08/07/2022,MTN,MD,AEA,EN,Federal Contract Tower,0,5,39,1,45,0,0,97,0,97,0,5,136,1,142,116,0,116,258
08/08/2022,MTN,MD,AEA,EN,Federal Contract Tower,0,10,26,0,36,0,0,82,0,82,0,10,108,0,118,96,2,98,216
08/09/2022,MTN,MD,AEA,EN,Federal Contract Tower,0,7,22,6,35,0,0,104,3,107,0,7,126,9,142,102,8,110,252
08/10/2022,MTN,MD,AEA,EN,Federal Contract Tower,0,5,16,1,22,0,1,81,1,83,0,6,97,2,105,98,0,98,203
08/11/2022,MTN,MD,AEA,EN,Federal Contract Tower,0,9,33,3,45,0,0,115,6,121,0,9,148,9,166,180,24,204,370
08/12/2022,MTN,MD,AEA,EN,Federal Contract Tower,0,13,21,3,37,0,0,132,2,134,0,13,153,5,171,94,10,104,275
08/13/2022,MTN,MD,AEA,EN,Federal Contract Tower,0,17,26,0,43,0,1,123,7,131,0,18,149,7,174,98,14,112,286
08/14/2022,MTN,MD,AEA,EN,Federal Contract Tower,0,11,22,0,33,0,0,123,0,123,0,11,145,0,156,106,0,106,262
08/15/2022,MTN,MD,AEA,EN,Federal Contract Tower,0,3,28,0,31,0,0,89,1,90,0,3,117,1,121,86,0,86,207
08/16/2022,MTN,MD,AEA,EN,Federal Contract Tower,0,6,30,2,38,0,0,111,2,113,0,6,141,4,151,102,0,102,253
08/17/2022,MTN,MD,AEA,EN,Federal Contract Tower,0,4,34,7,45,0,0,84,6,90,0,4,118,13,135,64,0,64,199
08/18/2022,MTN,MD,AEA,EN,Federal Contract Tower,0,16,30,5,51,0,0,121,9,130,0,16,151,14,181,170,6,176,357
08/19/2022,MTN,MD,AEA,EN,Federal Contract Tower,0,13,36,4,53,0,2,112,0,114,0,15,148,4,167,86,0,86,253
08/20/2022,MTN,MD,AEA,EN,Federal Contract Tower,0,3,26,0,29,0,0,146,0,146,0,3,172,0,175,152,0,152,327
08/21/2022,MTN,MD,AEA,EN,Federal Contract Tower,0,11,28,0,39,0,0,30,0,30,0,11,58,0,69,16,0,16,85
08/22/2022,MTN,MD,AEA,EN,Federal Contract Tower,0,12,18,0,30,0,0,20,0,20,0,12,38,0,50,38,0,38,88
08/23/2022,MTN,MD,AEA,EN,Federal Contract Tower,0,6,30,2,38,0,0,115,2,117,0,6,145,4,155,196,0,196,351
08/24/2022,MTN,MD,AEA,EN,Federal Contract Tower,0,12,36,4,52,0,0,147,2,149,0,12,183,6,201,226,0,226,427
08/25/2022,MTN,MD,AEA,EN,Federal Contract Tower,0,12,23,3,38,0,0,144,3,147,0,12,167,6,185,178,0,178,363
08/26/2022,MTN,MD,AEA,EN,Federal Contract Tower,0,11,32,4,47,0,0,116,3,119,0,11,148,7,166,90,4,94,260
08/27/2022,MTN,MD,AEA,EN,Federal Contract Tower,0,6,25,0,31,0,0,139,0,139,0,6,164,0,170,212,0,212,382
08/28/2022,MTN,MD,AEA,EN,Federal Contract Tower,0,15,34,0,49,0,0,77,0,77,0,15,111,0,126,126,0,126,252
08/29/2022,MTN,MD,AEA,EN,Federal Contract Tower,0,8,30,0,38,0,0,100,0,100,0,8,130,0,138,124,0,124,262
08/30/2022,MTN,MD,AEA,EN,Federal Contract Tower,0,5,23,5,33,0,1,76,6,83,0,6,99,11,116,112,5,117,233
08/31/2022,MTN,MD,AEA,EN,Federal Contract Tower,0,8,35,5,48,0,0,135,6,141,0,8,170,11,189,126,0,126,315
09/01/2022,MTN,MD,AEA,EN,Federal Contract Tower,0,8,25,0,33,0,1,143,0,144,0,9,168,0,177,162,0,162,339
09/02/2022,MTN,MD,AEA,EN,Federal Contract Tower,0,7,24,0,31,0,0,148,0,148,0,7,172,0,179,258,0,258,437
09/03/2022,MTN,MD,AEA,EN,Federal Contract Tower,0,2,13,0,15,0,1,130,0,131,0,3,143,0,146,194,0,194,340
09/04/2022,MTN,MD,AEA,EN,Federal Contract Tower,0,5,10,0,15,0,0,117,0,117,0,5,127,0,132,194,0,194,326
09/05/2022,MTN,MD,AEA,EN,Federal Contract Tower,0,10,28,0,38,0,1,92,0,93,0,11,120,0,131,278,0,278,409
09/06/2022,MTN,MD,AEA,EN,Federal Contract Tower,0,2,34,2,38,0,0,17,1,18,0,2,51,3,56,12,0,12,68
09/07/2022,MTN,MD,AEA,EN,Federal Contract Tower,0,4,50,4,58,0,0,10,5,15,0,4,60,9,73,18,0,18,91
09/08/2022,MTN,MD,AEA,EN,Federal Contract Tower,0,8,37,2,47,0,1,130,0,131,0,9,167,2,178,225,0,225,403
09/09/2022,MTN,MD,AEA,EN,Federal Contract Tower,0,4,28,0,32,0,1,125,0,126,0,5,153,0,158,154,0,154,312
09/10/2022,MTN,MD,AEA,EN,Federal Contract Tower,0,1,25,0,26,0,0,80,0,80,0,1,105,0,106,40,0,40,146
09/11/2022,MTN,MD,AEA,EN,Federal Contract Tower,0,3,33,0,36,0,0,1,0,1,0,3,34,0,37,0,0,0,37
09/12/2022,MTN,MD,AEA,EN,Federal Contract Tower,0,4,21,0,25,0,0,20,0,20,0,4,41,0,45,26,0,26,71
09/13/2022,MTN,MD,AEA,EN,Federal Contract Tower,0,8,32,0,40,0,0,122,0,122,0,8,154,0,162,122,0,122,284
09/14/2022,MTN,MD,AEA,EN,Federal Contract Tower,0,6,33,0,39,0,0,174,0,174,0,6,207,0,213,302,0,302,515
09/15/2022,MTN,MD,AEA,EN,Federal Contract Tower,0,6,39,0,45,0,0,119,0,119,0,6,158,0,164,156,0,156,320
09/16/2022,MTN,MD,AEA,EN,Federal Contract Tower,0,6,42,6,54,0,0,143,1,144,0,6,185,7,198,264,0,264,462
09/17/2022,MTN,MD,AEA,EN,Federal Contract Tower,0,5,22,0,27,0,0,124,0,124,0,5,146,0,151,160,0,160,311
09/18/2022,MTN,MD,AEA,EN,Federal Contract Tower,0,48,0,0,48,0,1,137,1,139,0,49,137,1,187,214,2,216,403
09/19/2022,MTN,MD,AEA,EN,Federal Contract Tower,0,4,38,0,42,0,0,148,0,148,0,4,186,0,190,238,0,238,428
09/20/2022,MTN,MD,AEA,EN,Federal Contract Tower,0,13,26,0,39,0,2,117,0,119,0,15,143,0,158,242,0,242,400
09/21/2022,MTN,MD,AEA,EN,Federal Contract Tower,0,5,18,2,25,0,2,131,3,136,0,7,149,5,161,296,0,296,457
09/22/2022,MTN,MD,AEA,EN,Federal Contract Tower,0,12,30,3,45,0,3,31,3,37,0,15,61,6,82,30,0,30,112
09/23/2022,MTN,MD,AEA,EN,Federal Contract Tower,0,6,22,0,28,0,0,58,0,58,0,6,80,0,86,28,0,28,114
09/24/2022,MTN,MD,AEA,EN,Federal Contract Tower,0,5,19,0,24,0,0,156,0,156,0,5,175,0,180,192,0,192,372
09/25/2022,MTN,MD,AEA,EN,Federal Contract Tower,0,7,31,0,38,0,0,58,0,58,0,7,89,0,96,80,0,80,176
09/26/2022,MTN,MD,AEA,EN,Federal Contract Tower,0,8,22,0,30,0,0,97,0,97,0,8,119,0,127,88,0,88,215
09/27/2022,MTN,MD,AEA,EN,Federal Contract Tower,0,9,22,0,31,0,0,99,0,99,0,9,121,0,130,126,2,128,258
09/28/2022,MTN,MD,AEA,EN,Federal Contract Tower,0,10,40,0,50,0,1,122,0,123,0,11,162,0,173,148,0,148,321
09/29/2022,MTN,MD,AEA,EN,Federal Contract Tower,0,7,31,0,38,0,0,127,0,127,0,7,158,0,165,104,2,106,271
09/30/2022,MTN,MD,AEA,EN,Federal Contract Tower,0,5,19,0,24,0,0,57,0,57,0,5,76,0,81,40,0,40,121
10/01/2022,MTN,MD,AEA,EN,Federal Contract Tower,0,1,8,4,13,0,0,0,1,1,0,1,8,5,14,0,0,0,14
10/02/2022,MTN,MD,AEA,EN,Federal Contract Tower,0,8,12,0,20,0,0,0,0,0,0,8,12,0,20,0,0,0,20
10/03/2022,MTN,MD,AEA,EN,Federal Contract Tower,0,4,26,0,30,0,0,30,1,31,0,4,56,1,61,0,0,0,61
10/04/2022,MTN,MD,AEA,EN,Federal Contract Tower,0,2,13,11,26,0,0,2,0,2,0,2,15,11,28,8,0,8,36
10/05/2022,MTN,MD,AEA,EN,Federal Contract Tower,0,17,46,14,77,0,0,30,2,32,0,17,76,16,109,70,0,70,179
10/06/2022,MTN,MD,AEA,EN,Federal Contract Tower,0,5,47,10,62,0,1,167,8,176,0,6,214,18,238,310,6,316,554
10/07/2022,MTN,MD,AEA,EN,Federal Contract Tower,0,13,39,0,52,0,0,143,0,143,0,13,182,0,195,236,0,236,431
10/08/2022,MTN,MD,AEA,EN,Federal Contract Tower,0,11,15,0,26,0,0,142,0,142,0,11,157,0,168,186,0,186,354
10/09/2022,MTN,MD,AEA,EN,Federal Contract Tower,0,10,31,0,41,0,3,94,0,97,0,13,125,0,138,114,0,114,252
10/10/2022,MTN,MD,AEA,EN,Federal Contract Tower,0,10,38,0,48,0,0,129,0,129,0,10,167,0,177,240,0,240,417
10/11/2022,MTN,MD,AEA,EN,Federal Contract Tower,0,7,36,7,50,0,1,175,5,181,0,8,211,12,231,344,4,348,579
10/12/2022,MTN,MD,AEA,EN,Federal Contract Tower,0,13,40,6,59,0,1,145,7,153,0,14,185,13,212,268,4,272,484
10/13/2022,MTN,MD,AEA,EN,Federal Contract Tower,0,5,19,8,32,0,0,9,0,9,0,5,28,8,41,0,0,0,41
10/14/2022,MTN,MD,AEA,EN,Federal Contract Tower,0,6,35,9,50,0,5,229,12,246,0,11,264,21,296,190,0,190,486
10/15/2022,MTN,MD,AEA,EN,Federal Contract Tower,0,3,12,0,15,0,2,139,0,141,0,5,151,0,156,156,0,156,312
10/16/2022,MTN,MD,AEA,EN,Federal Contract Tower,0,6,26,0,32,0,0,73,0,73,0,6,99,0,105,114,0,114,219
10/17/2022,MTN,MD,AEA,EN,Federal Contract Tower,0,12,24,0,36,0,1,53,0,54,0,13,77,0,90,32,0,32,122
10/18/2022,MTN,MD,AEA,EN,Federal Contract Tower,0,11,24,4,39,0,0,108,4,112,0,11,132,8,151,148,2,150,301
10/19/2022,MTN,MD,AEA,EN,Federal Contract Tower,0,5,24,4,33,0,1,97,4,102,0,6,121,8,135,138,0,138,273
10/20/2022,MTN,MD,AEA,EN,Federal Contract Tower,0,6,29,3,38,0,0,112,8,120,0,6,141,11,158,145,0,145,303
10/21/2022,MTN,MD,AEA,EN,Federal Contract Tower,0,11,25,3,39,0,0,149,4,153,0,11,174,7,192,150,4,154,346
10/22/2022,MTN,MD,AEA,EN,Federal Contract Tower,0,6,17,0,23,0,0,132,0,132,0,6,149,0,155,112,0,112,267
10/23/2022,MTN,MD,AEA,EN,Federal Contract Tower,0,11,41,1,53,0,0,30,5,35,0,11,71,6,88,48,2,50,138
10/24/2022,MTN,MD,AEA,EN,Federal Contract Tower,0,3,28,0,31,0,0,18,0,18,0,3,46,0,49,0,0,0,49
10/25/2022,MTN,MD,AEA,EN,Federal Contract Tower,0,12,27,6,45,0,0,0,0,0,0,12,27,6,45,0,0,0,45
10/26/2022,MTN,MD,AEA,EN,Federal Contract Tower,0,5,34,4,43,0,1,19,1,21,0,6,53,5,64,68,0,68,132
10/27/2022,MTN,MD,AEA,EN,Federal Contract Tower,0,4,24,6,34,0,2,135,7,144,0,6,159,13,178,106,0,106,284
10/28/2022,MTN,MD,AEA,EN,Federal Contract Tower,0,9,27,4,40,0,0,117,8,125,0,9,144,12,165,250,0,250,415
10/29/2022,MTN,MD,AEA,EN,Federal Contract Tower,0,7,20,0,27,0,0,167,0,167,0,7,187,0,194,156,0,156,350
10/30/2022,MTN,MD,AEA,EN,Federal Contract Tower,0,7,22,0,29,0,0,103,0,103,0,7,125,0,132,210,0,210,342
10/31/2022,MTN,MD,AEA,EN,Federal Contract Tower,0,12,35,0,47,0,0,21,0,21,0,12,56,0,68,34,0,34,102
11/01/2022,MTN,MD,AEA,EN,Federal Contract Tower,0,9,22,14,45,0,0,92,2,94,0,9,114,16,139,148,6,154,293
11/02/2022,MTN,MD,AEA,EN,Federal Contract Tower,0,7,26,8,41,0,1,141,4,146,0,8,167,12,187,208,4,212,399
11/03/2022,MTN,MD,AEA,EN,Federal Contract Tower,0,12,40,9,61,0,0,120,3,123,0,12,160,12,184,262,0,262,446
11/04/2022,MTN,MD,AEA,EN,Federal Contract Tower,0,9,18,3,30,0,0,80,3,83,0,9,98,6,113,126,8,134,247
11/05/2022,MTN,MD,AEA,EN,Federal Contract Tower,0,1,10,1,12,0,0,32,6,38,0,1,42,7,50,28,12,40,90
11/06/2022,MTN,MD,AEA,EN,Federal Contract Tower,0,7,34,0,41,0,0,33,0,33,0,7,67,0,74,62,0,62,136
11/07/2022,MTN,MD,AEA,EN,Federal Contract Tower,0,8,21,0,29,0,2,138,0,140,0,10,159,0,169,108,0,108,277
11/08/2022,MTN,MD,AEA,EN,Federal Contract Tower,0,9,22,6,37,0,0,69,8,77,0,9,91,14,114,86,4,90,204
11/09/2022,MTN,MD,AEA,EN,Federal Contract Tower,0,5,16,6,27,0,0,127,2,129,0,5,143,8,156,182,0,182,338
11/10/2022,MTN,MD,AEA,EN,Federal Contract Tower,0,8,30,3,41,0,0,147,5,152,0,8,177,8,193,310,6,316,509
11/11/2022,MTN,MD,AEA,EN,Federal Contract Tower,0,5,21,1,27,0,0,0,0,0,0,5,21,1,27,0,0,0,27
11/12/2022,MTN,MD,AEA,EN,Federal Contract Tower,0,5,14,2,21,0,0,105,0,105,0,5,119,2,126,102,0,102,228
11/13/2022,MTN,MD,AEA,EN,Federal Contract Tower,0,16,23,0,39,0,0,14,1,15,0,16,37,1,54,24,0,24,78
11/14/2022,MTN,MD,AEA,EN,Federal Contract Tower,0,9,17,0,26,0,1,109,0,110,0,10,126,0,136,206,0,206,342
11/15/2022,MTN,MD,AEA,EN,Federal Contract Tower,0,13,15,2,30,0,0,64,3,67,0,13,79,5,97,148,0,148,245
11/16/2022,MTN,MD,AEA,EN,Federal Contract Tower,0,7,26,5,38,0,1,38,6,45,0,8,64,11,83,114,2,116,199
11/17/2022,MTN,MD,AEA,EN,Federal Contract Tower,0,11,33,9,53,0,1,42,9,52,0,12,75,18,105,34,2,36,141
11/18/2022,MTN,MD,AEA,EN,Federal Contract Tower,0,7,28,3,38,0,0,94,0,94,0,7,122,3,132,110,0,110,242
11/19/2022,MTN,MD,AEA,EN,Federal Contract Tower,0,13,32,0,45,0,0,152,0,152,0,13,184,0,197,176,0,176,373
11/20/2022,MTN,MD,AEA,EN,Federal Contract Tower,0,15,21,0,36,0,1,23,9,33,0,16,44,9,69,0,0,0,69
11/21/2022,MTN,MD,AEA,EN,Federal Contract Tower,0,14,26,4,44,0,1,142,1,144,0,15,168,5,188,126,0,126,314
11/22/2022,MTN,MD,AEA,EN,Federal Contract Tower,0,13,5,0,18,0,1,138,6,145,0,14,143,6,163,150,8,158,321
11/23/2022,MTN,MD,AEA,EN,Federal Contract Tower,0,4,18,0,22,0,0,145,0,145,0,4,163,0,167,270,0,270,437
11/24/2022,MTN,MD,AEA,EN,Federal Contract Tower,0,0,6,0,6,0,0,61,0,61,0,0,67,0,67,44,0,44,111
11/25/2022,MTN,MD,AEA,EN,Federal Contract Tower,0,2,10,0,12,0,0,24,0,24,0,2,34,0,36,92,0,92,128
11/26/2022,MTN,MD,AEA,EN,Federal Contract Tower,0,13,25,0,38,0,0,142,0,142,0,13,167,0,180,238,0,238,418
11/27/2022,MTN,MD,AEA,EN,Federal Contract Tower,0,6,22,0,28,0,1,8,0,9,0,7,30,0,37,18,0,18,55
11/28/2022,MTN,MD,AEA,EN,Federal Contract Tower,0,9,30,0,39,0,0,71,0,71,0,9,101,0,110,70,0,70,180
11/29/2022,MTN,MD,AEA,EN,Federal Contract Tower,0,11,26,4,41,0,2,126,3,131,0,13,152,7,172,260,2,262,434
11/30/2022,MTN,MD,AEA,EN,Federal Contract Tower,0,5,14,5,24,0,0,6,0,6,0,5,20,5,30,0,0,0,30
12/01/2022,MTN,MD,AEA,EN,Federal Contract Tower,0,8,24,6,38,0,0,44,4,48,0,8,68,10,86,6,4,10,96
12/02/2022,MTN,MD,AEA,EN,Federal Contract Tower,0,6,28,7,41,0,1,137,2,140,0,7,165,9,181,170,8,178,359
12/03/2022,MTN,MD,AEA,EN,Federal Contract Tower,0,4,9,8,21,0,0,13,0,13,0,4,22,8,34,4,0,4,38
12/04/2022,MTN,MD,AEA,EN,Federal Contract Tower,0,5,43,3,51,0,2,132,0,134,0,7,175,3,185,152,0,152,337
12/05/2022,MTN,MD,AEA,EN,Federal Contract Tower,0,13,16,2,31,0,2,137,0,139,0,15,153,2,170,186,0,186,356
12/06/2022,MTN,MD,AEA,EN,Federal Contract Tower,0,5,19,4,28,0,0,0,0,0,0,5,19,4,28,0,0,0,28
12/07/2022,MTN,MD,AEA,EN,Federal Contract Tower,0,2,19,19,40,0,0,0,0,0,0,2,19,19,40,0,0,0,40
12/08/2022,MTN,MD,AEA,EN,Federal Contract Tower,0,4,29,7,40,0,1,123,6,130,0,5,152,13,170,214,4,218,388
12/09/2022,MTN,MD,AEA,EN,Federal Contract Tower,0,5,27,0,32,0,1,132,0,133,0,6,159,0,165,178,0,178,343
12/10/2022,MTN,MD,AEA,EN,Federal Contract Tower,0,9,14,0,23,0,0,173,0,173,0,9,187,0,196,227,0,227,423
12/11/2022,MTN,MD,AEA,EN,Federal Contract Tower,0,2,12,0,14,0,0,0,0,0,0,2,12,0,14,0,0,0,14
12/12/2022,MTN,MD,AEA,EN,Federal Contract Tower,0,12,29,0,41,0,0,72,0,72,0,12,101,0,113,86,0,86,199
12/13/2022,MTN,MD,AEA,EN,Federal Contract Tower,0,5,24,11,40,0,0,118,6,124,0,5,142,17,164,220,4,224,388
12/14/2022,MTN,MD,AEA,EN,Federal Contract Tower,0,2,29,6,37,0,0,135,7,142,0,2,164,13,179,301,2,303,482
12/15/2022,MTN,MD,AEA,EN,Federal Contract Tower,0,1,10,0,11,0,0,0,0,0,0,1,10,0,11,0,0,0,11
12/16/2022,MTN,MD,AEA,EN,Federal Contract Tower,0,11,28,0,39,0,1,36,0,37,0,12,64,0,76,26,0,26,102
12/17/2022,MTN,MD,AEA,EN,Federal Contract Tower,0,0,27,0,27,0,0,67,0,67,0,0,94,0,94,20,0,20,114
12/18/2022,MTN,MD,AEA,EN,Federal Contract Tower,0,5,29,0,34,0,1,54,0,55,0,6,83,0,89,54,0,54,143
12/19/2022,MTN,MD,AEA,EN,Federal Contract Tower,0,7,10,2,19,0,1,86,0,87,0,8,96,2,106,134,0,134,240
12/20/2022,MTN,MD,AEA,EN,Federal Contract Tower,0,8,32,9,49,0,0,122,4,126,0,8,154,13,175,202,2,204,379
12/21/2022,MTN,MD,AEA,EN,Federal Contract Tower,0,5,33,8,46,0,0,139,5,144,0,5,172,13,190,178,4,182,372
12/22/2022,MTN,MD,AEA,EN,Federal Contract Tower,0,7,13,2,22,0,0,4,1,5,0,7,17,3,27,6,0,6,33
12/23/2022,MTN,MD,AEA,EN,Federal Contract Tower,0,1,4,0,5,0,0,0,0,0,0,1,4,0,5,0,0,0,5
12/24/2022,MTN,MD,AEA,EN,Federal Contract Tower,0,3,8,0,11,0,0,5,0,5,0,3,13,0,16,0,0,0,16
12/25/2022,MTN,MD,AEA,EN,Federal Contract Tower,0,3,4,0,7,0,3,10,0,13,0,6,14,0,20,0,0,0,20
12/26/2022,MTN,MD,AEA,EN,Federal Contract Tower,0,4,22,0,26,0,0,76,0,76,0,4,98,0,102,100,0,100,202
12/27/2022,MTN,MD,AEA,EN,Federal Contract Tower,0,6,35,1,42,0,0,118,1,119,0,6,153,2,161,178,0,178,339
12/28/2022,MTN,MD,AEA,EN,Federal Contract Tower,0,1,26,0,27,0,0,131,0,131,0,1,157,0,158,130,0,130,288
12/29/2022,MTN,MD,AEA,EN,Federal Contract Tower,0,5,18,0,23,0,1,117,0,118,0,6,135,0,141,138,0,138,279
12/30/2022,MTN,MD,AEA,EN,Federal Contract Tower,0,5,10,0,15,0,0,161,0,161,0,5,171,0,176,226,0,226,402
12/31/2022,MTN,MD,AEA,EN,Federal Contract Tower,0,1,2,0,3,0,0,0,0,0,0,1,2,0,3,0,0,0,3
01/01/2023,MTN,MD,AEA,EN,Federal Contract Tower,0,4,15,0,19,0,0,63,0,63,0,4,78,0,82,80,0,80,162
01/02/2023,MTN,MD,AEA,EN,Federal Contract Tower,0,7,38,0,45,0,1,148,0,149,0,8,186,0,194,230,0,230,424
01/03/2023,MTN,MD,AEA,EN,Federal Contract Tower,0,5,29,9,43,0,0,28,9,37,0,5,57,18,80,10,0,10,90
01/04/2023,MTN,MD,AEA,EN,Federal Contract Tower,0,4,22,10,36,0,1,15,3,19,0,5,37,13,55,20,8,28,83
01/05/2023,MTN,MD,AEA,EN,Federal Contract Tower,0,9,13,4,26,0,0,141,6,147,0,9,154,10,173,112,0,112,285
01/06/2023,MTN,MD,AEA,EN,Federal Contract Tower,0,5,16,3,24,0,1,64,2,67,0,6,80,5,91,120,0,120,211
01/07/2023,MTN,MD,AEA,EN,Federal Contract Tower,0,1,17,8,26,0,0,120,9,129,0,1,137,17,155,160,6,166,321
01/08/2023,MTN,MD,AEA,EN,Federal Contract Tower,0,6,24,0,30,0,1,117,0,118,0,7,141,0,148,106,0,106,254
01/09/2023,MTN,MD,AEA,EN,Federal Contract Tower,0,4,21,1,26,0,0,84,1,85,0,4,105,2,111,112,0,112,223
01/10/2023,MTN,MD,AEA,EN,Federal Contract Tower,0,7,12,8,27,0,0,122,6,128,0,7,134,14,155,138,2,140,295
01/11/2023,MTN,MD,AEA,EN,Federal Contract Tower,0,5,22,5,32,0,0,124,5,129,0,5,146,10,161,194,2,196,357
01/12/2023,MTN,MD,AEA,EN,Federal Contract Tower,0,7,23,6,36,0,1,53,4,58,0,8,76,10,94,90,0,90,184
01/13/2023,MTN,MD,AEA,EN,Federal Contract Tower,0,2,19,0,21,0,1,31,0,32,0,3,50,0,53,0,0,0,53
01/14/2023,MTN,MD,AEA,EN,Federal Contract Tower,0,5,4,0,9,0,0,20,0,20,0,5,24,0,29,8,0,8,37
01/15/2023,MTN,MD,AEA,EN,Federal Contract Tower,0,8,6,0,14,0,0,58,0,58,0,8,64,0,72,32,0,32,104
01/16/2023,MTN,MD,AEA,EN,Federal Contract Tower,0,8,26,0,34,0,0,153,0,153,0,8,179,0,187,190,0,190,377
01/17/2023,MTN,MD,AEA,EN,Federal Contract Tower,0,5,20,4,29,0,0,47,3,50,0,5,67,7,79,156,0,156,235
01/18/2023,MTN,MD,AEA,EN,Federal Contract Tower,0,3,21,3,27,0,0,98,1,99,0,3,119,4,126,172,2,174,300
01/19/2023,MTN,MD,AEA,EN,Federal Contract Tower,0,2,7,12,21,0,0,10,0,10,0,2,17,12,31,0,0,0,31
01/20/2023,MTN,MD,AEA,EN,Federal Contract Tower,0,4,18,0,22,0,2,32,0,34,0,6,50,0,56,4,0,4,60
01/21/2023,MTN,MD,AEA,EN,Federal Contract Tower,0,2,16,0,18,0,1,153,0,154,0,3,169,0,172,166,0,166,338
01/22/2023,MTN,MD,AEA,EN,Federal Contract Tower,0,6,9,0,15,0,0,64,0,64,0,6,73,0,79,152,0,152,231
01/23/2023,MTN,MD,AEA,EN,Federal Contract Tower,0,5,15,0,20,0,0,20,2,22,0,5,35,2,42,0,0,0,42
01/24/2023,MTN,MD,AEA,EN,Federal Contract Tower,0,2,14,0,16,0,0,118,1,119,0,2,132,1,135,154,0,154,289
01/25/2023,MTN,MD,AEA,EN,Federal Contract Tower,0,5,14,1,20,0,0,51,1,52,0,5,65,2,72,88,0,88,160
01/26/2023,MTN,MD,AEA,EN,Federal Contract Tower,0,11,20,2,33,0,1,35,0,36,0,12,55,2,69,8,0,8,77
01/27/2023,MTN,MD,AEA,EN,Federal Contract Tower,0,5,22,3,30,0,0,100,3,103,0,5,122,6,133,124,6,130,263
01/28/2023,MTN,MD,AEA,EN,Federal Contract Tower,0,2,40,0,42,0,0,179,0,179,0,2,219,0,221,170,0,170,391
01/29/2023,MTN,MD,AEA,EN,Federal Contract Tower,0,2,16,0,18,0,0,125,0,125,0,2,141,0,143,124,0,124,267
01/30/2023,MTN,MD,AEA,EN,Federal Contract Tower,0,6,17,0,23,0,2,56,0,58,0,8,73,0,81,104,0,104,185
01/31/2023,MTN,MD,AEA,EN,Federal Contract Tower,0,9,20,5,34,0,1,45,4,50,0,10,65,9,84,104,0,104,188
02/01/2023,MTN,MD,AEA,EN,Federal Contract Tower,0,8,23,5,36,0,0,141,6,147,0,8,164,11,183,156,8,164,347
02/02/2023,MTN,MD,AEA,EN,Federal Contract Tower,0,7,21,6,34,0,1,127,5,133,0,8,148,11,167,210,2,212,379
02/03/2023,MTN,MD,AEA,EN,Federal Contract Tower,0,5,9,6,20,0,5,13,6,24,0,10,22,12,44,0,6,6,50
02/04/2023,MTN,MD,AEA,EN,Federal Contract Tower,0,8,20,1,29,0,0,120,0,120,0,8,140,1,149,188,0,188,337
02/05/2023,MTN,MD,AEA,EN,Federal Contract Tower,0,3,17,0,20,0,1,80,0,81,0,4,97,0,101,96,0,96,197
02/07/2023,MTN,MD,AEA,EN,Federal Contract Tower,0,3,12,14,29,0,0,108,2,110,0,3,120,16,139,238,4,242,381
02/08/2023,MTN,MD,AEA,EN,Federal Contract Tower,0,3,25,9,37,0,0,162,9,171,0,3,187,18,208,220,0,220,428
02/09/2023,MTN,MD,AEA,EN,Federal Contract Tower,0,5,27,6,38,0,1,100,5,106,0,6,127,11,144,154,6,160,304
02/10/2023,MTN,MD,AEA,EN,Federal Contract Tower,0,1,16,7,24,0,0,63,8,71,0,1,79,15,95,44,14,58,153
02/11/2023,MTN,MD,AEA,EN,Federal Contract Tower,0,0,28,6,34,0,0,141,6,147,0,0,169,12,181,184,4,188,369
02/12/2023,MTN,MD,AEA,EN,Federal Contract Tower,0,6,4,0,10,0,1,27,0,28,0,7,31,0,38,74,0,74,112
02/13/2023,MTN,MD,AEA,EN,Federal Contract Tower,0,7,19,0,26,0,0,109,0,109,0,7,128,0,135,185,0,185,320
02/14/2023,MTN,MD,AEA,EN,Federal Contract Tower,0,8,13,3,24,0,7,116,5,128,0,15,129,8,152,152,2,154,306
02/15/2023,MTN,MD,AEA,EN,Federal Contract Tower,0,6,24,4,34,0,0,88,7,95,0,6,112,11,129,111,0,111,240
02/16/2023,MTN,MD,AEA,EN,Federal Contract Tower,0,7,33,5,45,0,0,35,3,38,0,7,68,8,83,114,0,114,197
02/17/2023,MTN,MD,AEA,EN,Federal Contract Tower,0,5,20,0,25,0,0,3,0,3,0,5,23,0,28,0,0,0,28
02/18/2023,MTN,MD,AEA,EN,Federal Contract Tower,0,5,11,0,16,0,0,150,0,150,0,5,161,0,166,164,0,164,330
02/19/2023,MTN,MD,AEA,EN,Federal Contract Tower,0,8,22,0,30,0,0,108,0,108,0,8,130,0,138,92,0,92,230
02/20/2023,MTN,MD,AEA,EN,Federal Contract Tower,0,8,24,0,32,0,5,114,0,119,0,13,138,0,151,193,0,193,344
02/21/2023,MTN,MD,AEA,EN,Federal Contract Tower,0,4,11,5,20,0,0,67,8,75,0,4,78,13,95,104,10,114,209
02/22/2023,MTN,MD,AEA,EN,Federal Contract Tower,0,12,21,8,41,0,0,72,8,80,0,12,93,16,121,98,6,104,225
02/23/2023,MTN,MD,AEA,EN,Federal Contract Tower,0,11,19,6,36,0,2,142,6,150,0,13,161,12,186,162,4,166,352
02/24/2023,MTN,MD,AEA,EN,Federal Contract Tower,0,10,17,3,30,0,1,31,3,35,0,11,48,6,65,20,6,26,91
02/25/2023,MTN,MD,AEA,EN,Federal Contract Tower,0,7,4,0,11,0,1,34,0,35,0,8,38,0,46,60,0,60,106
02/26/2023,MTN,MD,AEA,EN,Federal Contract Tower,0,0,23,0,23,0,0,74,0,74,0,0,97,0,97,90,0,90,187
02/27/2023,MTN,MD,AEA,EN,Federal Contract Tower,0,15,17,0,32,0,1,92,0,93,0,16,109,0,125,185,0,185,310
02/28/2023,MTN,MD,AEA,EN,Federal Contract Tower,0,7,22,0,29,0,0,46,0,46,0,7,68,0,75,32,0,32,107
03/01/2023,MTN,MD,AEA,EN,Federal Contract Tower,0,3,19,0,22,0,0,124,1,125,0,3,143,1,147,202,0,202,349
03/02/2023,MTN,MD,AEA,EN,Federal Contract Tower,0,6,28,8,42,0,0,96,7,103,0,6,124,15,145,120,4,124,269
03/03/2023,MTN,MD,AEA,EN,Federal Contract Tower,0,2,14,8,24,0,0,55,1,56,0,2,69,9,80,132,0,132,212
03/04/2023,MTN,MD,AEA,EN,Federal Contract Tower,0,4,9,10,23,0,0,27,9,36,0,4,36,19,59,24,0,24,83
03/05/2023,MTN,MD,AEA,EN,Federal Contract Tower,0,6,19,0,25,0,0,113,0,113,0,6,132,0,138,150,0,150,288
03/06/2023,MTN,MD,AEA,EN,Federal Contract Tower,0,7,21,1,29,0,2,151,0,153,0,9,172,1,182,240,0,240,422
03/07/2023,MTN,MD,AEA,EN,Federal Contract Tower,0,9,18,5,32,0,0,44,5,49,0,9,62,10,81,28,0,28,109
03/08/2023,MTN,MD,AEA,EN,Federal Contract Tower,0,4,21,9,34,0,0,59,9,68,0,4,80,18,102,90,0,90,192
03/09/2023,MTN,MD,AEA,EN,Federal Contract Tower,0,8,21,6,35,0,0,194,6,200,0,8,215,12,235,260,0,260,495
03/10/2023,MTN,MD,AEA,EN,Federal Contract Tower,0,14,11,2,27,0,0,37,2,39,0,14,48,4,66,40,4,44,110
03/11/2023,MTN,MD,AEA,EN,Federal Contract Tower,0,13,13,0,26,0,0,37,0,37,0,13,50,0,63,54,0,54,117
03/12/2023,MTN,MD,AEA,EN,Federal Contract Tower,0,14,29,0,43,0,0,107,0,107,0,14,136,0,150,184,0,184,334
03/13/2023,MTN,MD,AEA,EN,Federal Contract Tower,0,10,13,0,23,0,0,27,0,27,0,10,40,0,50,122,0,122,172
03/14/2023,MTN,MD,AEA,EN,Federal Contract Tower,0,3,7,4,14,0,0,3,4,7,0,3,10,8,21,0,0,0,21
03/15/2023,MTN,MD,AEA,EN,Federal Contract Tower,0,4,10,4,18,0,0,21,3,24,0,4,31,7,42,10,0,10,52
03/16/2023,MTN,MD,AEA,EN,Federal Contract Tower,0,3,28,2,33,0,1,186,4,191,0,4,214,6,224,376,2,378,602
03/17/2023,MTN,MD,AEA,EN,Federal Contract Tower,0,7,11,3,21,0,1,123,4,128,0,8,134,7,149,152,8,160,309
03/18/2023,MTN,MD,AEA,EN,Federal Contract Tower,0,13,32,0,45,0,2,104,0,106,0,15,136,0,151,78,0,78,229
03/19/2023,MTN,MD,AEA,EN,Federal Contract Tower,0,10,22,0,32,0,0,35,0,35,0,10,57,0,67,10,0,10,77
03/20/2023,MTN,MD,AEA,EN,Federal Contract Tower,0,10,22,0,32,0,0,193,0,193,0,10,215,0,225,268,0,268,493
03/21/2023,MTN,MD,AEA,EN,Federal Contract Tower,0,8,17,1,26,0,1,168,2,171,0,9,185,3,197,292,0,292,489
03/22/2023,MTN,MD,AEA,EN,Federal Contract Tower,0,6,16,2,24,0,0,171,0,171,0,6,187,2,195,272,0,272,467
03/23/2023,MTN,MD,AEA,EN,Federal Contract Tower,0,6,18,2,26,0,0,51,2,53,0,6,69,4,79,112,0,112,191
03/24/2023,MTN,MD,AEA,EN,Federal Contract Tower,0,11,38,7,56,0,0,40,0,40,0,11,78,7,96,60,0,60,156
03/25/2023,MTN,MD,AEA,EN,Federal Contract Tower,0,1,14,0,15,0,0,4,0,4,0,1,18,0,19,0,0,0,19
03/26/2023,MTN,MD,AEA,EN,Federal Contract Tower,0,3,22,0,25,0,0,88,0,88,0,3,110,0,113,106,0,106,219
03/27/2023,MTN,MD,AEA,EN,Federal Contract Tower,0,12,34,2,48,0,0,108,0,108,0,12,142,2,156,170,0,170,326
03/28/2023,MTN,MD,AEA,EN,Federal Contract Tower,0,7,25,4,36,0,0,134,4,138,0,7,159,8,174,188,2,190,364
03/29/2023,MTN,MD,AEA,EN,Federal Contract Tower,0,9,28,3,40,0,0,187,3,190,0,9,215,6,230,270,0,270,500
03/30/2023,MTN,MD,AEA,EN,Federal Contract Tower,0,5,28,7,40,0,1,154,3,158,0,6,182,10,198,286,2,288,486
03/31/2023,MTN,MD,AEA,EN,Federal Contract Tower,0,4,18,6,28,0,0,102,0,102,0,4,120,6,130,192,0,192,322
04/01/2023,MTN,MD,AEA,EN,Federal Contract Tower,0,4,10,0,14,0,0,0,0,0,0,4,10,0,14,0,0,0,14
04/02/2023,MTN,MD,AEA,EN,Federal Contract Tower,0,11,20,0,31,0,1,76,0,77,0,12,96,0,108,104,0,104,212
04/03/2023,MTN,MD,AEA,EN,Federal Contract Tower,0,9,20,0,29,0,0,83,0,83,0,9,103,0,112,46,0,46,158
04/05/2023,MTN,MD,AEA,EN,Federal Contract Tower,0,6,20,5,31,0,0,96,3,99,0,6,116,8,130,120,0,120,250
04/06/2023,MTN,MD,AEA,EN,Federal Contract Tower,0,11,21,2,34,0,1,71,2,74,0,12,92,4,108,170,0,170,278
04/07/2023,MTN,MD,AEA,EN,Federal Contract Tower,0,5,27,3,35,0,0,111,3,114,0,5,138,6,149,206,10,216,365
04/08/2023,MTN,MD,AEA,EN,Federal Contract Tower,0,0,30,0,30,0,0,130,0,130,0,0,160,0,160,114,0,114,274
04/09/2023,MTN,MD,AEA,EN,Federal Contract Tower,0,3,17,0,20,0,1,103,1,105,0,4,120,1,125,219,2,221,346
04/10/2023,MTN,MD,AEA,EN,Federal Contract Tower,0,5,33,0,38,0,0,151,0,151,0,5,184,0,189,238,0,238,427
04/11/2023,MTN,MD,AEA,EN,Federal Contract Tower,0,7,31,6,44,0,0,163,10,173,0,7,194,16,217,232,2,234,451
04/12/2023,MTN,MD,AEA,EN,Federal Contract Tower,0,5,14,6,25,0,0,73,3,76,0,5,87,9,101,112,14,126,227
04/13/2023,MTN,MD,AEA,EN,Federal Contract Tower,0,10,20,5,35,0,1,133,3,137,0,11,153,8,172,190,2,192,364
04/14/2023,MTN,MD,AEA,EN,Federal Contract Tower,0,10,32,4,46,0,1,141,4,146,0,11,173,8,192,232,2,234,426
04/15/2023,MTN,MD,AEA,EN,Federal Contract Tower,0,9,26,0,35,0,2,16,0,18,0,11,42,0,53,6,0,6,59
04/16/2023,MTN,MD,AEA,EN,Federal Contract Tower,0,8,20,0,28,0,0,78,0,78,0,8,98,0,106,140,6,146,252
04/17/2023,MTN,MD,AEA,EN,Federal Contract Tower,0,4,25,0,29,0,0,68,0,68,0,4,93,0,97,88,0,88,185
04/18/2023,MTN,MD,AEA,EN,Federal Contract Tower,0,7,12,5,24,0,1,49,9,59,0,8,61,14,83,40,2,42,125
04/19/2023,MTN,MD,AEA,EN,Federal Contract Tower,0,6,26,2,34,0,0,108,1,109,0,6,134,3,143,140,0,140,283
04/20/2023,MTN,MD,AEA,EN,Federal Contract Tower,0,11,24,3,38,0,0,159,2,161,0,11,183,5,199,340,2,342,541
04/21/2023,MTN,MD,AEA,EN,Federal Contract Tower,0,6,24,1,31,0,0,105,6,111,0,6,129,7,142,184,2,186,328
04/22/2023,MTN,MD,AEA,EN,Federal Contract Tower,0,0,9,0,9,0,0,18,0,18,0,0,27,0,27,8,0,8,35
04/23/2023,MTN,MD,AEA,EN,Federal Contract Tower,4,0,15,0,19,0,0,97,0,97,4,0,112,0,116,124,0,124,240
04/24/2023,MTN,MD,AEA,EN,Federal Contract Tower,0,4,25,0,29,0,0,148,0,148,0,4,173,0,177,111,0,111,288
04/25/2023,MTN,MD,AEA,EN,Federal Contract Tower,0,6,24,7,37,0,0,165,3,168,0,6,189,10,205,186,0,186,391
04/26/2023,MTN,MD,AEA,EN,Federal Contract Tower,0,6,26,6,38,0,0,142,5,147,0,6,168,11,185,288,0,288,473
04/27/2023,MTN,MD,AEA,EN,Federal Contract Tower,0,5,48,11,64,0,2,103,2,107,0,7,151,13,171,182,0,182,353
04/28/2023,MTN,MD,AEA,EN,Federal Contract Tower,0,7,16,1,24,0,0,3,0,3,0,7,19,1,27,0,0,0,27
04/29/2023,MTN,MD,AEA,EN,Federal Contract Tower,0,4,31,0,35,0,1,10,0,11,0,5,41,0,46,0,0,0,46
04/30/2023,MTN,MD,AEA,EN,Federal Contract Tower,0,5,19,4,28,0,0,0,0,0,0,5,19,4,28,0,0,0,28
05/01/2023,MTN,MD,AEA,EN,Federal Contract Tower,0,5,21,4,30,0,0,28,1,29,0,5,49,5,59,24,0,24,83
05/02/2023,MTN,MD,AEA,EN,Federal Contract Tower,0,2,20,5,27,0,0,41,5,46,0,2,61,10,73,42,6,48,121
05/03/2023,MTN,MD,AEA,EN,Federal Contract Tower,0,3,29,6,38,0,0,63,7,70,0,3,92,13,108,112,2,114,222
05/04/2023,MTN,MD,AEA,EN,Federal Contract Tower,0,9,20,5,34,0,0,146,7,153,0,9,166,12,187,238,0,238,425
05/05/2023,MTN,MD,AEA,EN,Federal Contract Tower,0,12,34,7,53,0,0,184,5,189,0,12,218,12,242,248,14,262,504
05/06/2023,MTN,MD,AEA,EN,Federal Contract Tower,0,3,22,10,35,0,1,144,5,150,0,4,166,15,185,212,4,216,401
05/07/2023,MTN,MD,AEA,EN,Federal Contract Tower,0,5,19,0,24,0,0,119,0,119,0,5,138,0,143,234,0,234,377
05/08/2023,MTN,MD,AEA,EN,Federal Contract Tower,0,7,24,0,31,0,0,115,2,117,0,7,139,2,148,206,0,206,354
05/09/2023,MTN,MD,AEA,EN,Federal Contract Tower,0,9,26,10,45,0,1,134,0,135,0,10,160,10,180,188,0,188,368
05/10/2023,MTN,MD,AEA,EN,Federal Contract Tower,0,11,23,5,39,0,0,177,5,182,0,11,200,10,221,308,0,308,529
05/11/2023,MTN,MD,AEA,EN,Federal Contract Tower,0,5,31,2,38,0,0,183,2,185,0,5,214,4,223,250,4,254,477
05/12/2023,MTN,MD,AEA,EN,Federal Contract Tower,0,8,36,5,49,0,0,143,5,148,0,8,179,10,197,180,6,186,383
05/14/2023,MTN,MD,AEA,EN,Federal Contract Tower,0,4,37,0,41,0,0,102,0,102,0,4,139,0,143,88,0,88,231
05/15/2023,MTN,MD,AEA,EN,Federal Contract Tower,0,12,23,5,40,0,0,155,0,155,0,12,178,5,195,238,0,238,433
05/16/2023,MTN,MD,AEA,EN,Federal Contract Tower,0,12,20,2,34,0,0,121,0,121,0,12,141,2,155,174,0,174,329
05/17/2023,MTN,MD,AEA,EN,Federal Contract Tower,0,3,37,7,47,1,0,135,9,145,1,3,172,16,192,164,4,168,360
05/18/2023,MTN,MD,AEA,EN,Federal Contract Tower,0,7,33,4,44,0,0,147,4,151,0,7,180,8,195,233,22,255,450
05/19/2023,MTN,MD,AEA,EN,Federal Contract Tower,0,9,35,4,48,0,2,149,3,154,0,11,184,7,202,190,4,194,396
05/20/2023,MTN,MD,AEA,EN,Federal Contract Tower,0,10,18,0,28,0,0,56,2,58,0,10,74,2,86,1,18,19,105
05/21/2023,MTN,MD,AEA,EN,Federal Contract Tower,0,13,32,0,45,0,0,136,0,136,0,13,168,0,181,102,0,102,283
05/22/2023,MTN,MD,AEA,EN,Federal Contract Tower,0,7,17,0,24,0,0,187,0,187,0,7,204,0,211,288,0,288,499
05/23/2023,MTN,MD,AEA,EN,Federal Contract Tower,0,11,30,2,43,0,0,130,0,130,0,11,160,2,173,222,0,222,395
05/24/2023,MTN,MD,AEA,EN,Federal Contract Tower,0,13,30,5,48,0,1,148,3,152,0,14,178,8,200,168,6,174,374
05/25/2023,MTN,MD,AEA,EN,Federal Contract Tower,0,3,35,1,39,0,1,104,2,107,0,4,139,3,146,158,4,162,308
05/26/2023,MTN,MD,AEA,EN,Federal Contract Tower,0,5,36,0,41,0,1,137,0,138,0,6,173,0,179,182,0,182,361
05/27/2023,MTN,MD,AEA,EN,Federal Contract Tower,0,2,14,0,16,0,0,135,0,135,0,2,149,0,151,160,0,160,311
05/28/2023,MTN,MD,AEA,EN,Federal Contract Tower,0,3,14,0,17,0,0,89,0,89,0,3,103,0,106,146,0,146,252
05/29/2023,MTN,MD,AEA,EN,Federal Contract Tower,0,7,9,0,16,0,1,64,0,65,0,8,73,0,81,156,0,156,237
05/30/2023,MTN,MD,AEA,EN,Federal Contract Tower,0,11,30,2,43,0,0,120,0,120,0,11,150,2,163,116,0,116,279
05/31/2023,MTN,MD,AEA,EN,Federal Contract Tower,0,8,28,0,36,0,2,153,1,156,0,10,181,1,192,174,2,176,368
06/01/2023,MTN,MD,AEA,EN,Federal Contract Tower,0,13,41,3,57,0,0,146,3,149,0,13,187,6,206,318,2,320,526
06/02/2023,MTN,MD,AEA,EN,Federal Contract Tower,0,12,26,5,43,0,1,147,1,149,0,13,173,6,192,154,0,154,346
06/03/2023,MTN,MD,AEA,EN,Federal Contract Tower,0,7,26,0,33,0,0,81,0,81,0,7,107,0,114,104,0,104,218
06/04/2023,MTN,MD,AEA,EN,Federal Contract Tower,0,1,20,2,23,0,0,133,1,134,0,1,153,3,157,224,2,226,383
06/05/2023,MTN,MD,AEA,EN,Federal Contract Tower,0,8,14,0,22,0,0,145,1,146,0,8,159,1,168,204,0,204,372
06/07/2023,MTN,MD,AEA,EN,Federal Contract Tower,0,6,35,2,43,0,0,53,3,56,0,6,88,5,99,152,0,152,251
06/08/2023,MTN,MD,AEA,EN,Federal Contract Tower,0,5,33,1,39,0,0,24,0,24,0,5,57,1,63,30,0,30,93
06/09/2023,MTN,MD,AEA,EN,Federal Contract Tower,0,6,18,1,25,0,0,109,0,109,0,6,127,1,134,120,0,120,254
06/10/2023,MTN,MD,AEA,EN,Federal Contract Tower,0,3,32,0,35,0,1,122,1,124,0,4,154,1,159,52,0,52,211
06/11/2023,MTN,MD,AEA,EN,Federal Contract Tower,0,9,17,1,27,0,1,94,0,95,0,10,111,1,122,140,0,140,262
06/12/2023,MTN,MD,AEA,EN,Federal Contract Tower,0,4,13,2,19,0,0,21,1,22,0,4,34,3,41,0,0,0,41
06/13/2023,MTN,MD,AEA,EN,Federal Contract Tower,0,4,27,1,32,0,0,132,2,134,0,4,159,3,166,256,2,258,424
06/14/2023,MTN,MD,AEA,EN,Federal Contract Tower,0,9,23,3,35,0,0,63,1,64,0,9,86,4,99,76,0,76,175
06/15/2023,MTN,MD,AEA,EN,Federal Contract Tower,0,5,32,1,38,0,0,164,0,164,0,5,196,1,202,222,1,223,425
06/16/2023,MTN,MD,AEA,EN,Federal Contract Tower,0,5,18,3,26,0,1,57,0,58,0,6,75,3,84,80,0,80,164
06/17/2023,MTN,MD,AEA,EN,Federal Contract Tower,0,7,19,2,28,0,1,105,0,106,0,8,124,2,134,124,0,124,258
06/18/2023,MTN,MD,AEA,EN,Federal Contract Tower,0,0,21,1,22,0,1,129,0,130,0,1,150,1,152,92,0,92,244
06/19/2023,MTN,MD,AEA,EN,Federal Contract Tower,0,5,12,0,17,0,0,105,0,105,0,5,117,0,122,234,0,234,356
06/20/2023,MTN,MD,AEA,EN,Federal Contract Tower,0,10,42,5,57,0,0,54,2,56,0,10,96,7,113,64,0,64,177
06/21/2023,MTN,MD,AEA,EN,Federal Contract Tower,0,7,28,5,40,0,0,8,4,12,0,7,36,9,52,8,0,8,60
06/22/2023,MTN,MD,AEA,EN,Federal Contract Tower,0,9,31,5,45,0,0,12,0,12,0,9,43,5,57,0,0,0,57
06/23/2023,MTN,MD,AEA,EN,Federal Contract Tower,0,6,19,2,27,0,1,0,0,1,0,7,19,2,28,0,0,0,28
06/24/2023,MTN,MD,AEA,EN,Federal Contract Tower,0,6,23,0,29,0,0,22,0,22,0,6,45,0,51,32,0,32,83
06/25/2023,MTN,MD,AEA,EN,Federal Contract Tower,0,8,22,0,30,0,1,119,0,120,0,9,141,0,150,204,0,204,354
06/26/2023,MTN,MD,AEA,EN,Federal Contract Tower,0,12,22,0,34,0,0,93,1,94,0,12,115,1,128,168,0,168,296
06/27/2023,MTN,MD,AEA,EN,Federal Contract Tower,0,1,34,0,35,0,0,109,0,109,0,1,143,0,144,178,0,178,322
06/28/2023,MTN,MD,AEA,EN,Federal Contract Tower,0,13,31,1,45,0,0,155,0,155,0,13,186,1,200,276,0,276,476
06/29/2023,MTN,MD,AEA,EN,Federal Contract Tower,0,17,52,1,70,0,0,5,0,5,0,17,57,1,75,2,0,2,77
06/30/2023,MTN,MD,AEA,EN,Federal Contract Tower,0,9,46,2,57,0,0,52,0,52,0,9,98,2,109,140,0,140,249
07/01/2023,MTN,MD,AEA,EN,Federal Contract Tower,0,4,27,0,31,0,0,28,0,28,0,4,55,0,59,80,0,80,139
07/02/2023,MTN,MD,AEA,EN,Federal Contract Tower,0,5,21,0,26,0,0,33,0,33,0,5,54,0,59,4,0,4,63
07/03/2023,MTN,MD,AEA,EN,Federal Contract Tower,0,5,8,0,13,0,0,127,0,127,0,5,135,0,140,192,0,192,332
07/04/2023,MTN,MD,AEA,EN,Federal Contract Tower,0,2,20,2,24,0,0,93,2,95,0,2,113,4,119,124,4,128,247
07/05/2023,MTN,MD,AEA,EN,Federal Contract Tower,0,0,38,1,39,0,0,110,1,111,0,0,148,2,150,177,0,177,327
07/06/2023,MTN,MD,AEA,EN,Federal Contract Tower,0,3,30,5,38,0,1,106,7,114,0,4,136,12,152,152,2,154,306
07/07/2023,MTN,MD,AEA,EN,Federal Contract Tower,0,10,22,3,35,0,0,50,1,51,0,10,72,4,86,106,2,108,194
07/08/2023,MTN,MD,AEA,EN,Federal Contract Tower,0,4,17,0,21,0,1,83,0,84,0,5,100,0,105,218,0,218,323
07/09/2023,MTN,MD,AEA,EN,Federal Contract Tower,0,9,19,0,28,0,1,7,1,9,0,10,26,1,37,0,0,0,37
07/10/2023,MTN,MD,AEA,EN,Federal Contract Tower,0,10,23,0,33,0,0,163,0,163,0,10,186,0,196,274,0,274,470
07/11/2023,MTN,MD,AEA,EN,Federal Contract Tower,0,8,27,6,41,0,1,177,4,182,0,9,204,10,223,326,6,332,555
07/12/2023,MTN,MD,AEA,EN,Federal Contract Tower,0,5,38,3,46,0,0,130,6,136,0,5,168,9,182,128,4,132,314
07/13/2023,MTN,MD,AEA,EN,Federal Contract Tower,0,10,26,4,40,0,0,125,8,133,0,10,151,12,173,196,7,203,376
07/14/2023,MTN,MD,AEA,EN,Federal Contract Tower,0,11,15,3,29,0,1,67,4,72,0,12,82,7,101,106,18,124,225
07/15/2023,MTN,MD,AEA,EN,Federal Contract Tower,0,10,29,0,39,0,0,117,0,117,0,10,146,0,156,80,0,80,236
07/16/2023,MTN,MD,AEA,EN,Federal Contract Tower,0,8,20,0,28,0,0,33,0,33,0,8,53,0,61,68,0,68,129
07/17/2023,MTN,MD,AEA,EN,Federal Contract Tower,0,12,38,0,50,0,2,157,0,159,0,14,195,0,209,272,0,272,481
07/18/2023,MTN,MD,AEA,EN,Federal Contract Tower,0,6,32,8,46,0,0,164,6,170,0,6,196,14,216,244,8,252,468
07/19/2023,MTN,MD,AEA,EN,Federal Contract Tower,0,2,40,7,49,0,0,59,3,62,0,2,99,10,111,156,0,156,267
07/20/2023,MTN,MD,AEA,EN,Federal Contract Tower,0,13,48,6,67,0,2,138,6,146,0,15,186,12,213,307,4,311,524
07/21/2023,MTN,MD,AEA,EN,Federal Contract Tower,0,5,46,6,57,0,0,104,5,109,0,5,150,11,166,160,16,176,342
07/22/2023,MTN,MD,AEA,EN,Federal Contract Tower,0,7,20,0,27,0,0,199,0,199,0,7,219,0,226,182,0,182,408
07/23/2023,MTN,MD,AEA,EN,Federal Contract Tower,0,3,23,0,26,0,2,105,0,107,0,5,128,0,133,220,0,220,353
07/24/2023,MTN,MD,AEA,EN,Federal Contract Tower,0,5,21,0,26,0,1,62,0,63,0,6,83,0,89,104,0,104,193
07/25/2023,MTN,MD,AEA,EN,Federal Contract Tower,0,9,22,3,34,0,0,81,3,84,0,9,103,6,118,78,0,78,196
07/26/2023,MTN,MD,AEA,EN,Federal Contract Tower,0,5,24,2,31,0,0,141,4,145,0,5,165,6,176,184,0,184,360
07/27/2023,MTN,MD,AEA,EN,Federal Contract Tower,0,8,26,5,39,0,0,71,6,77,0,8,97,11,116,148,2,150,266
07/28/2023,MTN,MD,AEA,EN,Federal Contract Tower,0,8,18,6,32,0,0,121,4,125,0,8,139,10,157,156,9,165,322
07/29/2023,MTN,MD,AEA,EN,Federal Contract Tower,0,9,12,0,21,0,0,73,0,73,0,9,85,0,94,96,0,96,190
07/30/2023,MTN,MD,AEA,EN,Federal Contract Tower,0,6,27,0,33,0,0,145,0,145,0,6,172,0,178,94,0,94,272
07/31/2023,MTN,MD,AEA,EN,Federal Contract Tower,0,12,23,0,35,0,1,133,0,134,0,13,156,0,169,200,0,200,369
08/01/2023,MTN,MD,AEA,EN,Federal Contract Tower,0,7,10,5,22,0,0,139,3,142,0,7,149,8,164,228,2,230,394
08/02/2023,MTN,MD,AEA,EN,Federal Contract Tower,0,5,20,3,28,0,0,172,1,173,0,5,192,4,201,266,2,268,469
08/03/2023,MTN,MD,AEA,EN,Federal Contract Tower,0,11,45,3,59,0,0,99,2,101,0,11,144,5,160,148,2,150,310
08/04/2023,MTN,MD,AEA,EN,Federal Contract Tower,0,6,35,6,47,0,2,48,1,51,0,8,83,7,98,52,2,54,152
08/05/2023,MTN,MD,AEA,EN,Federal Contract Tower,0,4,30,0,34,0,1,86,0,87,0,5,116,0,121,186,0,186,307
08/06/2023,MTN,MD,AEA,EN,Federal Contract Tower,0,12,24,1,37,0,0,114,0,114,0,12,138,1,151,174,0,174,325
08/07/2023,MTN,MD,AEA,EN,Federal Contract Tower,0,10,28,0,38,0,0,23,0,23,0,10,51,0,61,12,0,12,73
08/08/2023,MTN,MD,AEA,EN,Federal Contract Tower,0,6,13,6,25,0,0,49,6,55,0,6,62,12,80,46,6,52,132
08/09/2023,MTN,MD,AEA,EN,Federal Contract Tower,0,9,24,7,40,0,1,151,7,159,0,10,175,14,199,200,6,206,405
08/10/2023,MTN,MD,AEA,EN,Federal Contract Tower,0,6,27,9,42,0,0,106,4,110,0,6,133,13,152,158,2,160,312
08/11/2023,MTN,MD,AEA,EN,Federal Contract Tower,0,6,30,5,41,0,1,165,5,171,0,7,195,10,212,200,24,224,436
08/12/2023,MTN,MD,AEA,EN,Federal Contract Tower,0,6,24,5,35,0,0,130,5,135,0,6,154,10,170,134,6,140,310
08/13/2023,MTN,MD,AEA,EN,Federal Contract Tower,0,10,17,0,27,0,2,112,0,114,0,12,129,0,141,94,0,94,235
08/14/2023,MTN,MD,AEA,EN,Federal Contract Tower,0,9,17,0,26,0,0,98,0,98,0,9,115,0,124,178,0,178,302
08/15/2023,MTN,MD,AEA,EN,Federal Contract Tower,0,6,24,2,32,0,0,82,2,84,0,6,106,4,116,124,0,124,240
08/16/2023,MTN,MD,AEA,EN,Federal Contract Tower,0,12,28,4,44,0,2,146,4,152,0,14,174,8,196,212,0,212,408
08/17/2023,MTN,MD,AEA,EN,Federal Contract Tower,0,6,32,7,45,0,0,136,6,142,0,6,168,13,187,150,0,150,337
08/18/2023,MTN,MD,AEA,EN,Federal Contract Tower,0,5,27,3,35,0,0,81,1,82,0,5,108,4,117,52,2,54,171
08/19/2023,MTN,MD,AEA,EN,Federal Contract Tower,0,4,22,2,28,0,0,131,0,131,0,4,153,2,159,178,0,178,337
08/20/2023,MTN,MD,AEA,EN,Federal Contract Tower,0,8,25,0,33,0,0,157,0,157,0,8,182,0,190,188,0,188,378
08/21/2023,MTN,MD,AEA,EN,Federal Contract Tower,0,8,12,0,20,0,0,115,0,115,0,8,127,0,135,182,0,182,317
08/22/2023,MTN,MD,AEA,EN,Federal Contract Tower,0,3,26,3,32,0,1,122,5,128,0,4,148,8,160,120,2,122,282
08/24/2023,MTN,MD,AEA,EN,Federal Contract Tower,0,7,39,5,51,0,0,100,7,107,0,7,139,12,158,208,4,212,370
08/25/2023,MTN,MD,AEA,EN,Federal Contract Tower,0,4,27,5,36,0,2,88,3,93,0,6,115,8,129,108,16,124,253
08/26/2023,MTN,MD,AEA,EN,Federal Contract Tower,0,1,33,0,34,0,0,112,0,112,0,1,145,0,146,106,0,106,252
08/27/2023,MTN,MD,AEA,EN,Federal Contract Tower,0,20,28,0,48,0,0,143,0,143,0,20,171,0,191,118,0,118,309
08/28/2023,MTN,MD,AEA,EN,Federal Contract Tower,0,6,25,0,31,0,0,49,0,49,0,6,74,0,80,126,0,126,206
08/29/2023,MTN,MD,AEA,EN,Federal Contract Tower,0,3,28,3,34,0,0,26,4,30,0,3,54,7,64,18,4,22,86
08/30/2023,MTN,MD,AEA,EN,Federal Contract Tower,0,6,16,5,27,0,1,109,5,115,0,7,125,10,142,141,0,141,283
08/31/2023,MTN,MD,AEA,EN,Federal Contract Tower,0,9,14,2,25,0,1,80,2,83,0,10,94,4,108,78,4,82,190
