01/01/2020,MWA,IL,AGL,CE,Federal Contract Tower,0,8,2,0,10,0,7,13,0,20,0,15,15,0,30,12,0,12,42
01/02/2020,MWA,IL,AGL,CE,Federal Contract Tower,2,16,1,0,19,0,0,2,0,2,2,16,3,0,21,12,0,12,33
01/03/2020,MWA,IL,AGL,CE,Federal Contract Tower,0,12,0,0,12,0,0,0,0,0,0,12,0,0,12,0,0,0,12
01/04/2020,MWA,IL,AGL,CE,Federal Contract Tower,0,6,0,0,6,0,5,2,0,7,0,11,2,0,13,0,0,0,13
01/05/2020,MWA,IL,AGL,CE,Federal Contract Tower,0,9,0,0,9,0,1,18,0,19,0,10,18,0,28,10,0,10,38
01/06/2020,MWA,IL,AGL,CE,Federal Contract Tower,0,10,0,0,10,0,11,16,0,27,0,21,16,0,37,50,0,50,87
01/07/2020,MWA,IL,AGL,CE,Federal Contract Tower,0,8,0,0,8,0,13,23,0,36,0,21,23,0,44,78,0,78,122
01/08/2020,MWA,IL,AGL,CE,Federal Contract Tower,0,13,0,0,13,0,16,16,0,32,0,29,16,0,45,22,0,22,67
01/09/2020,MWA,IL,AGL,CE,Federal Contract Tower,0,10,0,2,12,0,5,1,0,6,0,15,1,2,18,0,0,0,18
01/10/2020,MWA,IL,AGL,CE,Federal Contract Tower,0,10,0,0,10,0,0,0,0,0,0,10,0,0,10,0,0,0,10
01/11/2020,MWA,IL,AGL,CE,Federal Contract Tower,0,3,0,0,3,0,0,0,0,0,0,3,0,0,3,0,0,0,3
01/12/2020,MWA,IL,AGL,CE,Federal Contract Tower,0,6,0,0,6,0,0,2,0,2,0,6,2,0,8,0,0,0,8
01/13/2020,MWA,IL,AGL,CE,Federal Contract Tower,0,11,1,0,12,0,1,1,0,2,0,12,2,0,14,0,0,0,14
01/14/2020,MWA,IL,AGL,CE,Federal Contract Tower,0,15,0,12,27,0,3,7,0,10,0,18,7,12,37,58,4,62,99
01/15/2020,MWA,IL,AGL,CE,Federal Contract Tower,0,14,0,0,14,0,0,1,0,1,0,14,1,0,15,0,0,0,15
01/16/2020,MWA,IL,AGL,CE,Federal Contract Tower,0,7,0,0,7,0,27,17,0,44,0,34,17,0,51,24,0,24,75
01/17/2020,MWA,IL,AGL,CE,Federal Contract Tower,0,5,0,0,5,0,3,8,0,11,0,8,8,0,16,10,0,10,26
01/18/2020,MWA,IL,AGL,CE,Federal Contract Tower,0,4,0,0,4,0,1,0,0,1,0,5,0,0,5,0,0,0,5
01/19/2020,MWA,IL,AGL,CE,Federal Contract Tower,0,7,3,8,18,0,2,7,0,9,0,9,10,8,27,4,0,4,31
01/20/2020,MWA,IL,AGL,CE,Federal Contract Tower,0,12,2,0,14,0,6,2,0,8,0,18,4,0,22,0,0,0,22
01/21/2020,MWA,IL,AGL,CE,Federal Contract Tower,0,15,1,0,16,0,10,8,6,24,0,25,9,6,40,14,4,18,58
01/22/2020,MWA,IL,AGL,CE,Federal Contract Tower,0,15,0,0,15,0,17,25,0,42,0,32,25,0,57,36,0,36,93
01/23/2020,MWA,IL,AGL,CE,Federal Contract Tower,0,10,0,0,10,0,0,0,0,0,0,10,0,0,10,0,0,0,10
01/24/2020,MWA,IL,AGL,CE,Federal Contract Tower,0,16,6,0,22,0,0,0,0,0,0,16,6,0,22,0,0,0,22
01/25/2020,MWA,IL,AGL,CE,Federal Contract Tower,0,5,0,0,5,0,1,1,0,2,0,6,1,0,7,0,0,0,7
01/26/2020,MWA,IL,AGL,CE,Federal Contract Tower,0,6,0,0,6,0,7,8,0,15,0,13,8,0,21,14,0,14,35
01/27/2020,MWA,IL,AGL,CE,Federal Contract Tower,0,12,6,0,18,0,0,0,0,0,0,12,6,0,18,0,0,0,18
01/28/2020,MWA,IL,AGL,CE,Federal Contract Tower,0,19,0,0,19,0,0,0,0,0,0,19,0,0,19,0,0,0,19
01/29/2020,MWA,IL,AGL,CE,Federal Contract Tower,0,15,0,0,15,0,0,0,0,0,0,15,0,0,15,0,0,0,15
01/30/2020,MWA,IL,AGL,CE,Federal Contract Tower,0,11,3,0,14,0,3,0,0,3,0,14,3,0,17,0,0,0,17
01/31/2020,MWA,IL,AGL,CE,Federal Contract Tower,2,10,2,0,14,0,1,0,0,1,2,11,2,0,15,0,0,0,15
02/01/2020,MWA,IL,AGL,CE,Federal Contract Tower,0,6,2,0,8,0,6,6,0,12,0,12,8,0,20,2,0,2,22
02/02/2020,MWA,IL,AGL,CE,Federal Contract Tower,0,6,3,0,9,0,20,25,0,45,0,26,28,0,54,74,0,74,128
02/03/2020,MWA,IL,AGL,CE,Federal Contract Tower,0,13,0,0,13,0,32,11,0,43,0,45,11,0,56,60,0,60,116
02/04/2020,MWA,IL,AGL,CE,Federal Contract Tower,0,15,0,0,15,0,0,0,0,0,0,15,0,0,15,0,0,0,15
02/05/2020,MWA,IL,AGL,CE,Federal Contract Tower,0,8,0,0,8,0,0,0,0,0,0,8,0,0,8,0,0,0,8
02/06/2020,MWA,IL,AGL,CE,Federal Contract Tower,0,17,0,0,17,0,0,1,0,1,0,17,1,0,18,0,0,0,18
02/07/2020,MWA,IL,AGL,CE,Federal Contract Tower,0,15,2,0,17,0,22,20,2,44,0,37,22,2,61,180,0,180,241
02/08/2020,MWA,IL,AGL,CE,Federal Contract Tower,0,7,0,0,7,0,24,24,2,50,0,31,24,2,57,76,16,92,149
02/09/2020,MWA,IL,AGL,CE,Federal Contract Tower,0,10,2,0,12,0,2,10,0,12,0,12,12,0,24,0,0,0,24
02/10/2020,MWA,IL,AGL,CE,Federal Contract Tower,0,13,1,0,14,0,0,0,0,0,0,13,1,0,14,0,0,0,14
02/11/2020,MWA,IL,AGL,CE,Federal Contract Tower,0,14,0,0,14,0,13,11,0,24,0,27,11,0,38,76,0,76,114
02/12/2020,MWA,IL,AGL,CE,Federal Contract Tower,0,14,0,0,14,0,0,0,0,0,0,14,0,0,14,0,0,0,14
02/13/2020,MWA,IL,AGL,CE,Federal Contract Tower,0,13,1,2,16,0,10,1,0,11,0,23,2,2,27,42,0,42,69
02/14/2020,MWA,IL,AGL,CE,Federal Contract Tower,0,14,0,0,14,0,18,12,0,30,0,32,12,0,44,112,0,112,156
02/15/2020,MWA,IL,AGL,CE,Federal Contract Tower,0,6,0,0,6,0,15,5,0,20,0,21,5,0,26,14,0,14,40
02/16/2020,MWA,IL,AGL,CE,Federal Contract Tower,0,10,0,0,10,0,15,22,4,41,0,25,22,4,51,78,8,86,137
02/17/2020,MWA,IL,AGL,CE,Federal Contract Tower,0,15,0,0,15,0,1,2,0,3,0,16,2,0,18,32,0,32,50
02/18/2020,MWA,IL,AGL,CE,Federal Contract Tower,0,10,0,2,12,0,4,0,0,4,0,14,0,2,16,8,0,8,24
02/19/2020,MWA,IL,AGL,CE,Federal Contract Tower,0,13,5,0,18,0,21,9,2,32,0,34,14,2,50,62,0,62,112
02/20/2020,MWA,IL,AGL,CE,Federal Contract Tower,0,7,3,0,10,0,45,9,0,54,0,52,12,0,64,68,0,68,132
02/21/2020,MWA,IL,AGL,CE,Federal Contract Tower,0,4,2,0,6,0,25,22,0,47,0,29,24,0,53,34,12,46,99
02/22/2020,MWA,IL,AGL,CE,Federal Contract Tower,0,7,2,0,9,0,6,22,2,30,0,13,24,2,39,52,0,52,91
02/23/2020,MWA,IL,AGL,CE,Federal Contract Tower,1,9,1,0,11,0,1,9,0,10,1,10,10,0,21,0,0,0,21
02/24/2020,MWA,IL,AGL,CE,Federal Contract Tower,0,18,0,0,18,0,0,0,0,0,0,18,0,0,18,0,0,0,18
02/25/2020,MWA,IL,AGL,CE,Federal Contract Tower,0,21,0,0,21,0,1,0,0,1,0,22,0,0,22,0,0,0,22
02/26/2020,MWA,IL,AGL,CE,Federal Contract Tower,0,10,0,0,10,0,0,0,0,0,0,10,0,0,10,0,0,0,10
02/27/2020,MWA,IL,AGL,CE,Federal Contract Tower,0,14,1,0,15,0,38,10,0,48,0,52,11,0,63,88,0,88,151
02/28/2020,MWA,IL,AGL,CE,Federal Contract Tower,0,10,0,0,10,0,19,14,0,33,0,29,14,0,43,58,0,58,101
02/29/2020,MWA,IL,AGL,CE,Federal Contract Tower,0,4,6,0,10,0,7,44,0,51,0,11,50,0,61,50,0,50,111
03/01/2020,MWA,IL,AGL,CE,Federal Contract Tower,0,3,0,0,3,0,12,4,2,18,0,15,4,2,21,10,8,18,39
03/02/2020,MWA,IL,AGL,CE,Federal Contract Tower,0,16,4,1,21,0,3,0,0,3,0,19,4,1,24,2,0,2,26
03/03/2020,MWA,IL,AGL,CE,Federal Contract Tower,0,9,5,0,14,0,55,23,0,78,0,64,28,0,92,86,0,86,178
03/04/2020,MWA,IL,AGL,CE,Federal Contract Tower,0,17,3,0,20,0,22,23,7,52,0,39,26,7,72,62,0,62,134
03/05/2020,MWA,IL,AGL,CE,Federal Contract Tower,0,13,1,0,14,0,34,30,0,64,0,47,31,0,78,86,0,86,164
03/06/2020,MWA,IL,AGL,CE,Federal Contract Tower,0,10,0,0,10,0,24,3,0,27,0,34,3,0,37,10,0,10,47
03/07/2020,MWA,IL,AGL,CE,Federal Contract Tower,0,10,5,7,22,0,18,21,5,44,0,28,26,12,66,38,26,64,130
03/08/2020,MWA,IL,AGL,CE,Federal Contract Tower,0,6,2,0,8,0,15,9,0,24,0,21,11,0,32,50,0,50,82
03/09/2020,MWA,IL,AGL,CE,Federal Contract Tower,0,11,1,0,12,0,1,2,0,3,0,12,3,0,15,0,0,0,15
03/10/2020,MWA,IL,AGL,CE,Federal Contract Tower,0,23,0,0,23,0,6,0,0,6,0,29,0,0,29,0,0,0,29
03/11/2020,MWA,IL,AGL,CE,Federal Contract Tower,0,17,1,0,18,0,1,7,0,8,0,18,8,0,26,14,0,14,40
03/12/2020,MWA,IL,AGL,CE,Federal Contract Tower,0,13,1,0,14,0,0,0,0,0,0,13,1,0,14,0,0,0,14
03/13/2020,MWA,IL,AGL,CE,Federal Contract Tower,0,17,1,2,20,0,5,13,0,18,0,22,14,2,38,16,0,16,54
03/14/2020,MWA,IL,AGL,CE,Federal Contract Tower,0,9,0,0,9,0,0,0,0,0,0,9,0,0,9,0,0,0,9
03/15/2020,MWA,IL,AGL,CE,Federal Contract Tower,0,7,6,1,14,0,2,1,3,6,0,9,7,4,20,0,0,0,20
03/16/2020,MWA,IL,AGL,CE,Federal Contract Tower,0,9,1,7,17,0,1,3,2,6,0,10,4,9,23,20,10,30,53
03/17/2020,MWA,IL,AGL,CE,Federal Contract Tower,0,12,1,0,13,0,8,7,0,15,0,20,8,0,28,70,0,70,98
03/18/2020,MWA,IL,AGL,CE,Federal Contract Tower,0,14,0,0,14,0,0,0,0,0,0,14,0,0,14,0,0,0,14
03/19/2020,MWA,IL,AGL,CE,Federal Contract Tower,0,14,0,0,14,0,1,0,0,1,0,15,0,0,15,0,0,0,15
03/20/2020,MWA,IL,AGL,CE,Federal Contract Tower,0,11,0,0,11,0,2,3,0,5,0,13,3,0,16,18,0,18,34
03/21/2020,MWA,IL,AGL,CE,Federal Contract Tower,0,7,1,0,8,0,1,9,2,12,0,8,10,2,20,26,0,26,46
03/22/2020,MWA,IL,AGL,CE,Federal Contract Tower,0,6,0,0,6,0,4,0,0,4,0,10,0,0,10,0,0,0,10
03/23/2020,MWA,IL,AGL,CE,Federal Contract Tower,0,12,0,0,12,0,2,1,0,3,0,14,1,0,15,0,0,0,15
03/24/2020,MWA,IL,AGL,CE,Federal Contract Tower,0,8,0,0,8,0,1,0,0,1,0,9,0,0,9,0,0,0,9
03/25/2020,MWA,IL,AGL,CE,Federal Contract Tower,0,14,1,0,15,0,6,6,0,12,0,20,7,0,27,22,0,22,49
03/26/2020,MWA,IL,AGL,CE,Federal Contract Tower,0,5,0,0,5,0,7,4,0,11,0,12,4,0,16,0,0,0,16
03/28/2020,MWA,IL,AGL,CE,Federal Contract Tower,0,3,0,0,3,0,3,0,0,3,0,6,0,0,6,0,0,0,6
03/29/2020,MWA,IL,AGL,CE,Federal Contract Tower,0,5,0,0,5,0,1,0,0,1,0,6,0,0,6,0,0,0,6
03/30/2020,MWA,IL,AGL,CE,Federal Contract Tower,0,5,0,0,5,0,8,6,0,14,0,13,6,0,19,0,0,0,19
03/31/2020,MWA,IL,AGL,CE,Federal Contract Tower,0,10,0,0,10,0,5,4,0,9,0,15,4,0,19,0,0,0,19
04/01/2020,MWA,IL,AGL,CE,Federal Contract Tower,0,7,0,0,7,0,12,7,0,19,0,19,7,0,26,30,0,30,56
04/02/2020,MWA,IL,AGL,CE,Federal Contract Tower,0,1,0,1,2,0,13,3,1,17,0,14,3,2,19,0,3,3,22
04/03/2020,MWA,IL,AGL,CE,Federal Contract Tower,0,7,1,0,8,0,2,5,0,7,0,9,6,0,15,2,0,2,17
04/04/2020,MWA,IL,AGL,CE,Federal Contract Tower,0,6,1,0,7,0,0,0,5,5,0,6,1,5,12,0,0,0,12
04/05/2020,MWA,IL,AGL,CE,Federal Contract Tower,0,8,4,0,12,0,0,0,1,1,0,8,4,1,13,0,0,0,13
04/06/2020,MWA,IL,AGL,CE,Federal Contract Tower,0,11,1,0,12,0,2,5,1,8,0,13,6,1,20,0,0,0,20
04/07/2020,MWA,IL,AGL,CE,Federal Contract Tower,0,9,0,0,9,0,3,2,0,5,0,12,2,0,14,0,0,0,14
04/08/2020,MWA,IL,AGL,CE,Federal Contract Tower,0,8,5,0,13,0,6,6,0,12,0,14,11,0,25,20,0,20,45
04/09/2020,MWA,IL,AGL,CE,Federal Contract Tower,0,8,1,0,9,0,3,3,0,6,0,11,4,0,15,0,0,0,15
04/10/2020,MWA,IL,AGL,CE,Federal Contract Tower,0,12,0,0,12,0,5,8,0,13,0,17,8,0,25,6,0,6,31
04/11/2020,MWA,IL,AGL,CE,Federal Contract Tower,0,6,0,0,6,0,1,0,0,1,0,7,0,0,7,0,0,0,7
04/12/2020,MWA,IL,AGL,CE,Federal Contract Tower,0,5,0,0,5,0,2,0,0,2,0,7,0,0,7,0,0,0,7
04/13/2020,MWA,IL,AGL,CE,Federal Contract Tower,0,11,0,0,11,0,3,0,0,3,0,14,0,0,14,0,0,0,14
04/14/2020,MWA,IL,AGL,CE,Federal Contract Tower,0,8,3,0,11,0,4,2,0,6,0,12,5,0,17,6,0,6,23
04/15/2020,MWA,IL,AGL,CE,Federal Contract Tower,0,7,4,0,11,0,12,2,0,14,0,19,6,0,25,16,0,16,41
04/16/2020,MWA,IL,AGL,CE,Federal Contract Tower,0,6,0,0,6,0,6,14,0,20,0,12,14,0,26,4,0,4,30
04/17/2020,MWA,IL,AGL,CE,Federal Contract Tower,0,12,1,0,13,0,5,2,0,7,0,17,3,0,20,14,0,14,34
04/18/2020,MWA,IL,AGL,CE,Federal Contract Tower,0,4,0,2,6,0,5,5,0,10,0,9,5,2,16,34,0,34,50
04/19/2020,MWA,IL,AGL,CE,Federal Contract Tower,0,8,0,0,8,0,2,0,0,2,0,10,0,0,10,0,0,0,10
04/20/2020,MWA,IL,AGL,CE,Federal Contract Tower,0,10,0,0,10,0,2,3,0,5,0,12,3,0,15,14,0,14,29
04/21/2020,MWA,IL,AGL,CE,Federal Contract Tower,0,12,0,0,12,0,4,3,0,7,0,16,3,0,19,8,0,8,27
04/22/2020,MWA,IL,AGL,CE,Federal Contract Tower,0,12,4,0,16,0,6,5,0,11,0,18,9,0,27,6,0,6,33
04/23/2020,MWA,IL,AGL,CE,Federal Contract Tower,0,15,0,0,15,0,0,0,0,0,0,15,0,0,15,0,0,0,15
04/24/2020,MWA,IL,AGL,CE,Federal Contract Tower,0,11,1,0,12,0,7,6,0,13,0,18,7,0,25,8,0,8,33
04/25/2020,MWA,IL,AGL,CE,Federal Contract Tower,0,6,0,0,6,0,0,0,0,0,0,6,0,0,6,0,0,0,6
04/26/2020,MWA,IL,AGL,CE,Federal Contract Tower,0,7,0,0,7,0,2,4,0,6,0,9,4,0,13,0,0,0,13
04/27/2020,MWA,IL,AGL,CE,Federal Contract Tower,0,12,0,0,12,0,3,7,0,10,0,15,7,0,22,4,0,4,26
04/28/2020,MWA,IL,AGL,CE,Federal Contract Tower,0,8,0,0,8,0,5,1,0,6,0,13,1,0,14,0,0,0,14
04/29/2020,MWA,IL,AGL,CE,Federal Contract Tower,0,10,1,0,11,0,0,6,0,6,0,10,7,0,17,0,0,0,17
04/30/2020,MWA,IL,AGL,CE,Federal Contract Tower,0,11,1,0,12,0,5,2,0,7,0,16,3,0,19,0,0,0,19
05/01/2020,MWA,IL,AGL,CE,Federal Contract Tower,0,9,1,0,10,0,7,11,0,18,0,16,12,0,28,0,0,0,28
05/02/2020,MWA,IL,AGL,CE,Federal Contract Tower,0,4,0,0,4,0,1,12,0,13,0,5,12,0,17,2,0,2,19
05/03/2020,MWA,IL,AGL,CE,Federal Contract Tower,0,4,0,0,4,0,1,4,0,5,0,5,4,0,9,6,0,6,15
05/04/2020,MWA,IL,AGL,CE,Federal Contract Tower,0,12,1,0,13,0,2,15,0,17,0,14,16,0,30,18,0,18,48
05/05/2020,MWA,IL,AGL,CE,Federal Contract Tower,0,14,2,0,16,0,3,8,0,11,0,17,10,0,27,0,0,0,27
05/06/2020,MWA,IL,AGL,CE,Federal Contract Tower,0,12,1,0,13,0,1,8,0,9,0,13,9,0,22,4,0,4,26
05/07/2020,MWA,IL,AGL,CE,Federal Contract Tower,0,10,0,0,10,0,12,18,0,30,0,22,18,0,40,30,0,30,70
05/08/2020,MWA,IL,AGL,CE,Federal Contract Tower,0,11,0,0,11,0,0,0,0,0,0,11,0,0,11,0,0,0,11
05/09/2020,MWA,IL,AGL,CE,Federal Contract Tower,0,6,0,0,6,0,1,18,0,19,0,7,18,0,25,0,0,0,25
05/10/2020,MWA,IL,AGL,CE,Federal Contract Tower,0,5,0,0,5,0,10,4,0,14,0,15,4,0,19,0,0,0,19
05/11/2020,MWA,IL,AGL,CE,Federal Contract Tower,0,15,0,0,15,0,7,14,0,21,0,22,14,0,36,28,0,28,64
05/12/2020,MWA,IL,AGL,CE,Federal Contract Tower,0,11,3,0,14,0,10,12,0,22,0,21,15,0,36,48,0,48,84
05/13/2020,MWA,IL,AGL,CE,Federal Contract Tower,0,14,1,0,15,0,0,0,0,0,0,14,1,0,15,0,0,0,15
05/14/2020,MWA,IL,AGL,CE,Federal Contract Tower,0,11,0,0,11,0,5,0,0,5,0,16,0,0,16,2,0,2,18
05/15/2020,MWA,IL,AGL,CE,Federal Contract Tower,0,9,0,0,9,0,2,0,0,2,0,11,0,0,11,0,0,0,11
05/16/2020,MWA,IL,AGL,CE,Federal Contract Tower,0,4,0,0,4,0,2,4,0,6,0,6,4,0,10,0,0,0,10
05/17/2020,MWA,IL,AGL,CE,Federal Contract Tower,0,8,0,0,8,0,2,0,0,2,0,10,0,0,10,0,0,0,10
05/18/2020,MWA,IL,AGL,CE,Federal Contract Tower,0,10,2,0,12,0,3,11,0,14,0,13,13,0,26,58,0,58,84
05/19/2020,MWA,IL,AGL,CE,Federal Contract Tower,0,15,2,0,17,0,0,0,0,0,0,15,2,0,17,0,0,0,17
05/20/2020,MWA,IL,AGL,CE,Federal Contract Tower,0,15,0,0,15,0,1,6,0,7,0,16,6,0,22,0,0,0,22
05/21/2020,MWA,IL,AGL,CE,Federal Contract Tower,0,11,0,0,11,0,4,0,0,4,0,15,0,0,15,0,0,0,15
05/22/2020,MWA,IL,AGL,CE,Federal Contract Tower,0,7,2,0,9,0,0,7,0,7,0,7,9,0,16,4,0,4,20
05/23/2020,MWA,IL,AGL,CE,Federal Contract Tower,0,9,2,0,11,0,7,10,0,17,0,16,12,0,28,2,0,2,30
05/24/2020,MWA,IL,AGL,CE,Federal Contract Tower,0,3,0,0,3,0,3,10,0,13,0,6,10,0,16,24,0,24,40
05/25/2020,MWA,IL,AGL,CE,Federal Contract Tower,0,7,0,0,7,0,6,6,0,12,0,13,6,0,19,8,0,8,27
05/26/2020,MWA,IL,AGL,CE,Federal Contract Tower,0,14,0,0,14,0,2,11,0,13,0,16,11,0,27,0,0,0,27
05/27/2020,MWA,IL,AGL,CE,Federal Contract Tower,0,14,1,0,15,0,0,0,0,0,0,14,1,0,15,0,0,0,15
05/28/2020,MWA,IL,AGL,CE,Federal Contract Tower,0,11,0,0,11,0,0,5,0,5,0,11,5,0,16,12,0,12,28
05/29/2020,MWA,IL,AGL,CE,Federal Contract Tower,0,14,2,0,16,0,1,14,0,15,0,15,16,0,31,0,0,0,31
05/31/2020,MWA,IL,AGL,CE,Federal Contract Tower,0,6,0,0,6,0,0,11,0,11,0,6,11,0,17,10,0,10,27
06/01/2020,MWA,IL,AGL,CE,Federal Contract Tower,0,9,0,0,9,0,11,22,0,33,0,20,22,0,42,82,0,82,124
06/02/2020,MWA,IL,AGL,CE,Federal Contract Tower,0,10,1,0,11,0,14,17,0,31,0,24,18,0,42,62,0,62,104
06/03/2020,MWA,IL,AGL,CE,Federal Contract Tower,0,12,3,0,15,0,7,12,0,19,0,19,15,0,34,36,0,36,70
06/04/2020,MWA,IL,AGL,CE,Federal Contract Tower,0,11,0,0,11,0,1,3,0,4,0,12,3,0,15,0,0,0,15
06/05/2020,MWA,IL,AGL,CE,Federal Contract Tower,0,10,0,0,10,0,14,22,0,36,0,24,22,0,46,10,0,10,56
06/06/2020,MWA,IL,AGL,CE,Federal Contract Tower,0,9,3,0,12,0,5,23,0,28,0,14,26,0,40,4,0,4,44
06/07/2020,MWA,IL,AGL,CE,Federal Contract Tower,0,8,0,0,8,0,4,10,0,14,0,12,10,0,22,0,0,0,22
06/08/2020,MWA,IL,AGL,CE,Federal Contract Tower,0,14,1,0,15,0,4,4,0,8,0,18,5,0,23,32,0,32,55
06/09/2020,MWA,IL,AGL,CE,Federal Contract Tower,0,14,1,0,15,0,0,0,0,0,0,14,1,0,15,0,0,0,15
06/10/2020,MWA,IL,AGL,CE,Federal Contract Tower,0,14,3,0,17,0,1,0,0,1,0,15,3,0,18,0,0,0,18
06/11/2020,MWA,IL,AGL,CE,Federal Contract Tower,0,7,0,0,7,0,20,19,0,39,0,27,19,0,46,50,0,50,96
06/12/2020,MWA,IL,AGL,CE,Federal Contract Tower,0,7,0,0,7,0,12,20,0,32,0,19,20,0,39,18,0,18,57
06/13/2020,MWA,IL,AGL,CE,Federal Contract Tower,0,6,1,0,7,0,14,13,0,27,0,20,14,0,34,52,0,52,86
06/14/2020,MWA,IL,AGL,CE,Federal Contract Tower,0,9,1,0,10,0,2,16,0,18,0,11,17,0,28,4,0,4,32
06/15/2020,MWA,IL,AGL,CE,Federal Contract Tower,0,11,2,0,13,0,17,10,0,27,0,28,12,0,40,20,0,20,60
06/16/2020,MWA,IL,AGL,CE,Federal Contract Tower,0,11,1,0,12,0,5,14,0,19,0,16,15,0,31,30,0,30,61
06/17/2020,MWA,IL,AGL,CE,Federal Contract Tower,0,11,7,0,18,0,14,10,0,24,0,25,17,0,42,34,0,34,76
06/18/2020,MWA,IL,AGL,CE,Federal Contract Tower,0,10,0,0,10,0,19,24,2,45,0,29,24,2,55,98,0,98,153
06/19/2020,MWA,IL,AGL,CE,Federal Contract Tower,0,8,2,0,10,0,8,18,0,26,0,16,20,0,36,28,0,28,64
06/20/2020,MWA,IL,AGL,CE,Federal Contract Tower,0,9,1,0,10,0,9,13,0,22,0,18,14,0,32,30,0,30,62
06/21/2020,MWA,IL,AGL,CE,Federal Contract Tower,0,8,0,0,8,0,0,6,0,6,0,8,6,0,14,0,0,0,14
06/22/2020,MWA,IL,AGL,CE,Federal Contract Tower,0,14,2,0,16,0,1,4,0,5,0,15,6,0,21,12,0,12,33
06/23/2020,MWA,IL,AGL,CE,Federal Contract Tower,0,17,4,0,21,0,14,9,3,26,0,31,13,3,47,40,0,40,87
06/24/2020,MWA,IL,AGL,CE,Federal Contract Tower,0,17,2,0,19,0,22,17,0,39,0,39,19,0,58,74,0,74,132
06/25/2020,MWA,IL,AGL,CE,Federal Contract Tower,0,16,5,0,21,0,11,13,0,24,0,27,18,0,45,4,0,4,49
06/26/2020,MWA,IL,AGL,CE,Federal Contract Tower,0,16,1,0,17,0,3,13,0,16,0,19,14,0,33,26,0,26,59
06/27/2020,MWA,IL,AGL,CE,Federal Contract Tower,0,6,2,0,8,0,3,9,0,12,0,9,11,0,20,32,0,32,52
06/28/2020,MWA,IL,AGL,CE,Federal Contract Tower,0,8,4,0,12,0,0,2,0,2,0,8,6,0,14,0,0,0,14
06/29/2020,MWA,IL,AGL,CE,Federal Contract Tower,0,13,1,0,14,0,9,19,0,28,0,22,20,0,42,70,0,70,112
06/30/2020,MWA,IL,AGL,CE,Federal Contract Tower,0,7,1,0,8,0,0,2,0,2,0,7,3,0,10,0,0,0,10
07/01/2020,MWA,IL,AGL,CE,Federal Contract Tower,0,7,0,0,7,0,0,3,0,3,0,7,3,0,10,0,0,0,10
07/02/2020,MWA,IL,AGL,CE,Federal Contract Tower,0,12,0,0,12,0,6,14,0,20,0,18,14,0,32,40,0,40,72
07/03/2020,MWA,IL,AGL,CE,Federal Contract Tower,0,13,1,0,14,0,3,19,0,22,0,16,20,0,36,8,0,8,44
07/04/2020,MWA,IL,AGL,CE,Federal Contract Tower,0,8,0,0,8,0,0,13,0,13,0,8,13,0,21,6,0,6,27
07/05/2020,MWA,IL,AGL,CE,Federal Contract Tower,0,8,0,0,8,0,1,6,0,7,0,9,6,0,15,0,0,0,15
07/06/2020,MWA,IL,AGL,CE,Federal Contract Tower,0,11,2,0,13,0,6,14,1,21,0,17,16,1,34,34,0,34,68
07/07/2020,MWA,IL,AGL,CE,Federal Contract Tower,0,17,1,1,19,0,6,24,3,33,0,23,25,4,52,74,0,74,126
07/08/2020,MWA,IL,AGL,CE,Federal Contract Tower,0,15,2,1,18,0,13,5,3,21,0,28,7,4,39,50,0,50,89
07/09/2020,MWA,IL,AGL,CE,Federal Contract Tower,0,16,1,0,17,0,17,18,0,35,0,33,19,0,52,32,0,32,84
07/10/2020,MWA,IL,AGL,CE,Federal Contract Tower,0,12,3,0,15,0,12,6,0,18,0,24,9,0,33,10,0,10,43
07/11/2020,MWA,IL,AGL,CE,Federal Contract Tower,0,11,2,0,13,0,1,5,0,6,0,12,7,0,19,0,0,0,19
07/12/2020,MWA,IL,AGL,CE,Federal Contract Tower,0,7,2,0,9,0,13,3,0,16,0,20,5,0,25,76,0,76,101
07/13/2020,MWA,IL,AGL,CE,Federal Contract Tower,0,13,2,0,15,0,3,10,0,13,0,16,12,0,28,28,0,28,56
07/14/2020,MWA,IL,AGL,CE,Federal Contract Tower,0,10,2,0,12,0,17,7,0,24,0,27,9,0,36,52,0,52,88
07/15/2020,MWA,IL,AGL,CE,Federal Contract Tower,0,14,2,0,16,0,11,4,4,19,0,25,6,4,35,10,0,10,45
07/16/2020,MWA,IL,AGL,CE,Federal Contract Tower,0,10,3,0,13,0,8,0,0,8,0,18,3,0,21,0,0,0,21
07/17/2020,MWA,IL,AGL,CE,Federal Contract Tower,0,12,4,0,16,0,2,11,0,13,0,14,15,0,29,18,0,18,47
07/18/2020,MWA,IL,AGL,CE,Federal Contract Tower,0,4,4,0,8,0,8,8,0,16,0,12,12,0,24,4,0,4,28
07/19/2020,MWA,IL,AGL,CE,Federal Contract Tower,0,6,0,0,6,0,2,5,0,7,0,8,5,0,13,0,0,0,13
07/20/2020,MWA,IL,AGL,CE,Federal Contract Tower,0,8,2,0,10,0,14,2,0,16,0,22,4,0,26,0,0,0,26
07/21/2020,MWA,IL,AGL,CE,Federal Contract Tower,0,8,2,0,10,0,11,15,0,26,0,19,17,0,36,32,0,32,68
07/22/2020,MWA,IL,AGL,CE,Federal Contract Tower,0,8,0,0,8,0,11,10,0,21,0,19,10,0,29,40,0,40,69
07/23/2020,MWA,IL,AGL,CE,Federal Contract Tower,0,16,2,0,18,0,7,2,0,9,0,23,4,0,27,20,0,20,47
07/24/2020,MWA,IL,AGL,CE,Federal Contract Tower,0,10,4,0,14,0,9,11,0,20,0,19,15,0,34,30,0,30,64
07/25/2020,MWA,IL,AGL,CE,Federal Contract Tower,0,9,1,0,10,0,4,12,0,16,0,13,13,0,26,0,0,0,26
07/26/2020,MWA,IL,AGL,CE,Federal Contract Tower,0,11,2,0,13,0,4,7,0,11,0,15,9,0,24,0,0,0,24
07/27/2020,MWA,IL,AGL,CE,Federal Contract Tower,0,14,3,0,17,0,16,4,0,20,0,30,7,0,37,34,0,34,71
07/28/2020,MWA,IL,AGL,CE,Federal Contract Tower,0,19,5,0,24,0,1,2,0,3,0,20,7,0,27,24,0,24,51
07/29/2020,MWA,IL,AGL,CE,Federal Contract Tower,0,15,0,0,15,0,0,4,0,4,0,15,4,0,19,10,0,10,29
07/30/2020,MWA,IL,AGL,CE,Federal Contract Tower,6,16,1,0,23,0,0,0,0,0,6,16,1,0,23,4,0,4,27
07/31/2020,MWA,IL,AGL,CE,Federal Contract Tower,2,12,1,0,15,0,0,1,0,1,2,12,2,0,16,0,0,0,16
08/01/2020,MWA,IL,AGL,CE,Federal Contract Tower,0,7,3,0,10,0,0,0,0,0,0,7,3,0,10,0,0,0,10
08/02/2020,MWA,IL,AGL,CE,Federal Contract Tower,0,6,0,0,6,0,2,7,0,9,0,8,7,0,15,2,0,2,17
08/03/2020,MWA,IL,AGL,CE,Federal Contract Tower,0,16,11,0,27,0,10,9,0,19,0,26,20,0,46,30,0,30,76
08/04/2020,MWA,IL,AGL,CE,Federal Contract Tower,0,10,0,0,10,0,15,5,0,20,0,25,5,0,30,8,0,8,38
08/05/2020,MWA,IL,AGL,CE,Federal Contract Tower,2,16,0,0,18,0,21,11,0,32,2,37,11,0,50,60,0,60,110
08/06/2020,MWA,IL,AGL,CE,Federal Contract Tower,0,10,2,0,12,0,11,11,0,22,0,21,13,0,34,14,0,14,48
08/07/2020,MWA,IL,AGL,CE,Federal Contract Tower,0,10,0,0,10,0,6,9,0,15,0,16,9,0,25,1,0,1,26
08/08/2020,MWA,IL,AGL,CE,Federal Contract Tower,2,9,1,0,12,0,5,10,0,15,2,14,11,0,27,36,0,36,63
08/09/2020,MWA,IL,AGL,CE,Federal Contract Tower,0,6,0,0,6,0,6,10,0,16,0,12,10,0,22,24,0,24,46
08/10/2020,MWA,IL,AGL,CE,Federal Contract Tower,0,14,0,0,14,0,2,17,0,19,0,16,17,0,33,24,0,24,57
08/11/2020,MWA,IL,AGL,CE,Federal Contract Tower,4,18,0,0,22,0,6,12,0,18,4,24,12,0,40,52,0,52,92
08/12/2020,MWA,IL,AGL,CE,Federal Contract Tower,0,17,1,0,18,0,1,2,0,3,0,18,3,0,21,4,0,4,25
08/13/2020,MWA,IL,AGL,CE,Federal Contract Tower,0,13,3,0,16,0,2,2,0,4,0,15,5,0,20,0,0,0,20
08/14/2020,MWA,IL,AGL,CE,Federal Contract Tower,0,11,1,0,12,0,2,2,0,4,0,13,3,0,16,10,0,10,26
08/15/2020,MWA,IL,AGL,CE,Federal Contract Tower,0,6,2,2,10,0,2,8,1,11,0,8,10,3,21,16,10,26,47
08/16/2020,MWA,IL,AGL,CE,Federal Contract Tower,0,8,0,0,8,0,9,13,0,22,0,17,13,0,30,6,0,6,36
08/17/2020,MWA,IL,AGL,CE,Federal Contract Tower,0,8,2,0,10,0,11,7,0,18,0,19,9,0,28,26,0,26,54
08/18/2020,MWA,IL,AGL,CE,Federal Contract Tower,0,23,2,0,25,0,6,3,0,9,0,29,5,0,34,0,0,0,34
08/19/2020,MWA,IL,AGL,CE,Federal Contract Tower,0,14,0,0,14,0,12,14,3,29,0,26,14,3,43,20,4,24,67
08/20/2020,MWA,IL,AGL,CE,Federal Contract Tower,0,12,1,0,13,0,19,29,0,48,0,31,30,0,61,78,0,78,139
08/21/2020,MWA,IL,AGL,CE,Federal Contract Tower,0,10,1,0,11,0,17,15,0,32,0,27,16,0,43,78,0,78,121
08/22/2020,MWA,IL,AGL,CE,Federal Contract Tower,0,5,0,0,5,0,6,10,5,21,0,11,10,5,26,14,0,14,40
08/23/2020,MWA,IL,AGL,CE,Federal Contract Tower,0,6,0,0,6,0,6,7,0,13,0,12,7,0,19,0,0,0,19
08/24/2020,MWA,IL,AGL,CE,Federal Contract Tower,0,9,1,0,10,0,30,8,0,38,0,39,9,0,48,38,0,38,86
08/25/2020,MWA,IL,AGL,CE,Federal Contract Tower,0,13,3,0,16,0,26,32,0,58,0,39,35,0,74,82,0,82,156
08/26/2020,MWA,IL,AGL,CE,Federal Contract Tower,0,25,0,0,25,0,3,5,0,8,0,28,5,0,33,6,0,6,39
08/27/2020,MWA,IL,AGL,CE,Federal Contract Tower,0,14,0,0,14,0,7,11,0,18,0,21,11,0,32,28,0,28,60
08/28/2020,MWA,IL,AGL,CE,Federal Contract Tower,0,12,0,0,12,0,2,0,0,2,0,14,0,0,14,0,0,0,14
08/29/2020,MWA,IL,AGL,CE,Federal Contract Tower,0,5,0,0,5,0,8,9,0,17,0,13,9,0,22,18,0,18,40
08/30/2020,MWA,IL,AGL,CE,Federal Contract Tower,0,9,0,0,9,0,4,0,0,4,0,13,0,0,13,2,0,2,15
08/31/2020,MWA,IL,AGL,CE,Federal Contract Tower,0,17,0,0,17,0,10,1,0,11,0,27,1,0,28,24,0,24,52
09/01/2020,MWA,IL,AGL,CE,Federal Contract Tower,0,28,0,0,28,0,3,3,0,6,0,31,3,0,34,22,0,22,56
09/02/2020,MWA,IL,AGL,CE,Federal Contract Tower,0,18,1,0,19,0,0,1,0,1,0,18,2,0,20,0,0,0,20
09/03/2020,MWA,IL,AGL,CE,Federal Contract Tower,0,15,2,1,18,0,18,0,0,18,0,33,2,1,36,18,0,18,54
09/05/2020,MWA,IL,AGL,CE,Federal Contract Tower,0,8,0,0,8,0,14,18,0,32,0,22,18,0,40,4,0,4,44
09/06/2020,MWA,IL,AGL,CE,Federal Contract Tower,0,5,0,0,5,0,5,10,0,15,0,10,10,0,20,12,0,12,32
09/07/2020,MWA,IL,AGL,CE,Federal Contract Tower,0,8,1,0,9,0,10,26,0,36,0,18,27,0,45,34,0,34,79
09/08/2020,MWA,IL,AGL,CE,Federal Contract Tower,0,11,1,0,12,0,19,18,0,37,0,30,19,0,49,116,0,116,165
09/09/2020,MWA,IL,AGL,CE,Federal Contract Tower,0,14,2,0,16,0,10,9,0,19,0,24,11,0,35,78,0,78,113
09/10/2020,MWA,IL,AGL,CE,Federal Contract Tower,0,17,2,0,19,0,18,15,0,33,0,35,17,0,52,106,0,106,158
09/11/2020,MWA,IL,AGL,CE,Federal Contract Tower,0,14,0,0,14,0,13,10,0,23,0,27,10,0,37,16,0,16,53
09/12/2020,MWA,IL,AGL,CE,Federal Contract Tower,0,9,3,0,12,0,4,2,5,11,0,13,5,5,23,2,4,6,29
09/13/2020,MWA,IL,AGL,CE,Federal Contract Tower,0,7,3,3,13,3,3,8,0,14,3,10,11,3,27,40,6,46,73
09/14/2020,MWA,IL,AGL,CE,Federal Contract Tower,0,12,0,0,12,0,23,14,0,37,0,35,14,0,49,52,0,52,101
09/15/2020,MWA,IL,AGL,CE,Federal Contract Tower,0,11,1,0,12,0,18,19,0,37,0,29,20,0,49,100,0,100,149
09/16/2020,MWA,IL,AGL,CE,Federal Contract Tower,0,19,0,0,19,0,11,9,0,20,0,30,9,0,39,74,0,74,113
09/17/2020,MWA,IL,AGL,CE,Federal Contract Tower,0,15,3,0,18,0,17,11,0,28,0,32,14,0,46,16,0,16,62
09/18/2020,MWA,IL,AGL,CE,Federal Contract Tower,0,11,3,0,14,0,25,6,0,31,0,36,9,0,45,82,0,82,127
09/19/2020,MWA,IL,AGL,CE,Federal Contract Tower,0,4,2,0,6,0,16,13,2,31,0,20,15,2,37,18,0,18,55
09/20/2020,MWA,IL,AGL,CE,Federal Contract Tower,0,9,3,1,13,0,11,10,4,25,0,20,13,5,38,48,0,48,86
09/21/2020,MWA,IL,AGL,CE,Federal Contract Tower,0,12,2,0,14,0,22,9,4,35,0,34,11,4,49,24,0,24,73
09/22/2020,MWA,IL,AGL,CE,Federal Contract Tower,0,15,3,0,18,0,21,10,2,33,0,36,13,2,51,56,4,60,111
09/23/2020,MWA,IL,AGL,CE,Federal Contract Tower,0,18,5,0,23,0,18,9,2,29,0,36,14,2,52,10,0,10,62
09/24/2020,MWA,IL,AGL,CE,Federal Contract Tower,0,13,3,0,16,0,32,7,5,44,0,45,10,5,60,88,10,98,158
09/25/2020,MWA,IL,AGL,CE,Federal Contract Tower,0,20,1,0,21,0,1,5,0,6,0,21,6,0,27,2,0,2,29
09/26/2020,MWA,IL,AGL,CE,Federal Contract Tower,0,7,3,0,10,0,1,18,0,19,0,8,21,0,29,0,0,0,29
09/27/2020,MWA,IL,AGL,CE,Federal Contract Tower,0,5,3,0,8,0,2,4,2,8,0,7,7,2,16,0,0,0,16
09/28/2020,MWA,IL,AGL,CE,Federal Contract Tower,0,13,2,0,15,0,1,4,0,5,0,14,6,0,20,0,0,0,20
09/29/2020,MWA,IL,AGL,CE,Federal Contract Tower,0,17,2,0,19,0,15,7,0,22,0,32,9,0,41,42,0,42,83
09/30/2020,MWA,IL,AGL,CE,Federal Contract Tower,0,13,0,0,13,0,31,6,0,37,0,44,6,0,50,50,0,50,100
10/01/2020,MWA,IL,AGL,CE,Federal Contract Tower,0,8,0,0,8,0,14,1,0,15,0,22,1,0,23,38,0,38,61
10/02/2020,MWA,IL,AGL,CE,Federal Contract Tower,0,12,2,0,14,0,14,6,0,20,0,26,8,0,34,32,0,32,66
10/03/2020,MWA,IL,AGL,CE,Federal Contract Tower,0,10,0,0,10,0,2,8,0,10,0,12,8,0,20,10,0,10,30
10/04/2020,MWA,IL,AGL,CE,Federal Contract Tower,0,4,1,0,5,0,9,4,2,15,0,13,5,2,20,0,0,0,20
10/05/2020,MWA,IL,AGL,CE,Federal Contract Tower,0,14,0,0,14,0,35,16,0,51,0,49,16,0,65,52,0,52,117
10/06/2020,MWA,IL,AGL,CE,Federal Contract Tower,0,13,0,0,13,0,16,6,4,26,0,29,6,4,39,49,2,51,90
10/07/2020,MWA,IL,AGL,CE,Federal Contract Tower,0,16,1,0,17,0,8,9,0,17,0,24,10,0,34,60,0,60,94
10/08/2020,MWA,IL,AGL,CE,Federal Contract Tower,0,13,1,0,14,0,12,23,0,35,0,25,24,0,49,74,0,74,123
10/09/2020,MWA,IL,AGL,CE,Federal Contract Tower,0,14,2,0,16,0,3,20,0,23,0,17,22,0,39,36,0,36,75
10/10/2020,MWA,IL,AGL,CE,Federal Contract Tower,0,10,4,0,14,0,6,2,0,8,0,16,6,0,22,0,0,0,22
10/11/2020,MWA,IL,AGL,CE,Federal Contract Tower,0,6,0,4,10,0,7,6,0,13,0,13,6,4,23,8,0,8,31
10/12/2020,MWA,IL,AGL,CE,Federal Contract Tower,0,15,3,0,18,0,5,2,0,7,0,20,5,0,25,4,0,4,29
10/13/2020,MWA,IL,AGL,CE,Federal Contract Tower,0,9,2,0,11,0,33,26,0,59,0,42,28,0,70,62,0,62,132
10/14/2020,MWA,IL,AGL,CE,Federal Contract Tower,0,12,0,0,12,0,22,37,0,59,0,34,37,0,71,48,0,48,119
10/15/2020,MWA,IL,AGL,CE,Federal Contract Tower,0,12,0,0,12,0,12,4,0,16,0,24,4,0,28,56,0,56,84
10/16/2020,MWA,IL,AGL,CE,Federal Contract Tower,0,14,1,0,15,0,24,19,0,43,0,38,20,0,58,110,0,110,168
10/17/2020,MWA,IL,AGL,CE,Federal Contract Tower,0,6,0,0,6,0,10,6,0,16,0,16,6,0,22,46,0,46,68
10/18/2020,MWA,IL,AGL,CE,Federal Contract Tower,0,5,1,0,6,0,11,1,0,12,0,16,2,0,18,20,0,20,38
10/19/2020,MWA,IL,AGL,CE,Federal Contract Tower,0,12,1,0,13,0,0,0,0,0,0,12,1,0,13,0,0,0,13
10/20/2020,MWA,IL,AGL,CE,Federal Contract Tower,0,11,2,0,13,0,0,0,0,0,0,11,2,0,13,0,0,0,13
10/21/2020,MWA,IL,AGL,CE,Federal Contract Tower,0,29,3,0,32,0,9,0,0,9,0,38,3,0,41,50,0,50,91
10/22/2020,MWA,IL,AGL,CE,Federal Contract Tower,0,14,0,0,14,0,23,24,0,47,0,37,24,0,61,138,0,138,199
10/23/2020,MWA,IL,AGL,CE,Federal Contract Tower,0,10,2,0,12,0,9,6,0,15,0,19,8,0,27,48,0,48,75
10/24/2020,MWA,IL,AGL,CE,Federal Contract Tower,0,8,5,0,13,0,22,5,0,27,0,30,10,0,40,20,0,20,60
10/25/2020,MWA,IL,AGL,CE,Federal Contract Tower,0,8,1,0,9,0,8,6,0,14,0,16,7,0,23,12,0,12,35
10/26/2020,MWA,IL,AGL,CE,Federal Contract Tower,0,19,0,0,19,0,5,4,0,9,0,24,4,0,28,20,0,20,48
10/27/2020,MWA,IL,AGL,CE,Federal Contract Tower,0,17,0,0,17,0,0,0,0,0,0,17,0,0,17,0,0,0,17
10/28/2020,MWA,IL,AGL,CE,Federal Contract Tower,0,10,0,0,10,0,0,0,0,0,0,10,0,0,10,0,0,0,10
10/29/2020,MWA,IL,AGL,CE,Federal Contract Tower,0,13,0,0,13,0,0,0,0,0,0,13,0,0,13,0,0,0,13
10/30/2020,MWA,IL,AGL,CE,Federal Contract Tower,0,12,2,0,14,0,25,8,0,33,0,37,10,0,47,46,0,46,93
10/31/2020,MWA,IL,AGL,CE,Federal Contract Tower,0,9,0,0,9,0,16,9,0,25,0,25,9,0,34,24,0,24,58
11/01/2020,MWA,IL,AGL,CE,Federal Contract Tower,0,9,0,0,9,0,9,11,2,22,0,18,11,2,31,20,0,20,51
11/02/2020,MWA,IL,AGL,CE,Federal Contract Tower,0,12,0,0,12,0,45,15,0,60,0,57,15,0,72,116,0,116,188
11/03/2020,MWA,IL,AGL,CE,Federal Contract Tower,0,13,0,1,14,0,1,16,0,17,0,14,16,1,31,42,0,42,73
11/04/2020,MWA,IL,AGL,CE,Federal Contract Tower,0,18,0,1,19,0,31,20,0,51,0,49,20,1,70,96,0,96,166
11/05/2020,MWA,IL,AGL,CE,Federal Contract Tower,0,12,1,0,13,0,44,7,0,51,0,56,8,0,64,146,0,146,210
11/06/2020,MWA,IL,AGL,CE,Federal Contract Tower,0,11,0,0,11,0,10,10,0,20,0,21,10,0,31,58,0,58,89
11/07/2020,MWA,IL,AGL,CE,Federal Contract Tower,0,9,0,0,9,0,10,13,2,25,0,19,13,2,34,50,0,50,84
11/08/2020,MWA,IL,AGL,CE,Federal Contract Tower,0,6,0,0,6,0,13,6,2,21,0,19,6,2,27,96,6,102,129
11/09/2020,MWA,IL,AGL,CE,Federal Contract Tower,0,15,0,0,15,0,12,8,2,22,0,27,8,2,37,54,0,54,91
11/10/2020,MWA,IL,AGL,CE,Federal Contract Tower,0,11,2,0,13,0,2,4,0,6,0,13,6,0,19,0,0,0,19
11/11/2020,MWA,IL,AGL,CE,Federal Contract Tower,0,10,4,0,14,0,6,9,0,15,0,16,13,0,29,28,0,28,57
11/12/2020,MWA,IL,AGL,CE,Federal Contract Tower,0,17,2,0,19,0,8,12,0,20,0,25,14,0,39,88,0,88,127
11/13/2020,MWA,IL,AGL,CE,Federal Contract Tower,0,10,2,0,12,0,13,10,0,23,0,23,12,0,35,14,0,14,49
11/14/2020,MWA,IL,AGL,CE,Federal Contract Tower,0,7,0,0,7,0,1,0,0,1,0,8,0,0,8,0,0,0,8
11/15/2020,MWA,IL,AGL,CE,Federal Contract Tower,0,7,0,0,7,0,3,0,0,3,0,10,0,0,10,0,0,0,10
11/16/2020,MWA,IL,AGL,CE,Federal Contract Tower,0,5,1,0,6,0,32,5,4,41,0,37,6,4,47,90,0,90,137
11/17/2020,MWA,IL,AGL,CE,Federal Contract Tower,0,10,0,0,10,0,23,26,0,49,0,33,26,0,59,62,0,62,121
11/18/2020,MWA,IL,AGL,CE,Federal Contract Tower,0,19,2,0,21,0,20,6,2,28,0,39,8,2,49,102,14,116,165
11/19/2020,MWA,IL,AGL,CE,Federal Contract Tower,0,12,1,0,13,0,0,1,2,3,0,12,2,2,16,12,0,12,28
11/20/2020,MWA,IL,AGL,CE,Federal Contract Tower,0,12,3,0,15,0,20,2,0,22,0,32,5,0,37,94,0,94,131
11/21/2020,MWA,IL,AGL,CE,Federal Contract Tower,0,6,2,0,8,0,0,0,0,0,0,6,2,0,8,0,0,0,8
11/22/2020,MWA,IL,AGL,CE,Federal Contract Tower,0,10,0,0,10,0,1,0,0,1,0,11,0,0,11,0,0,0,11
11/23/2020,MWA,IL,AGL,CE,Federal Contract Tower,0,12,0,0,12,0,5,28,2,35,0,17,28,2,47,78,0,78,125
11/24/2020,MWA,IL,AGL,CE,Federal Contract Tower,0,11,0,0,11,0,4,7,0,11,0,15,7,0,22,66,4,70,92
11/25/2020,MWA,IL,AGL,CE,Federal Contract Tower,0,10,2,0,12,0,0,1,0,1,0,10,3,0,13,0,0,0,13
11/26/2020,MWA,IL,AGL,CE,Federal Contract Tower,0,10,1,0,11,0,0,2,0,2,0,10,3,0,13,0,0,0,13
11/27/2020,MWA,IL,AGL,CE,Federal Contract Tower,0,8,3,0,11,0,12,16,0,28,0,20,19,0,39,26,0,26,65
11/28/2020,MWA,IL,AGL,CE,Federal Contract Tower,0,6,4,0,10,0,3,14,0,17,0,9,18,0,27,14,0,14,41
11/29/2020,MWA,IL,AGL,CE,Federal Contract Tower,0,8,2,0,10,0,4,9,0,13,0,12,11,0,23,18,0,18,41
11/30/2020,MWA,IL,AGL,CE,Federal Contract Tower,0,10,0,0,10,0,0,1,0,1,0,10,1,0,11,0,0,0,11
12/01/2020,MWA,IL,AGL,CE,Federal Contract Tower,0,16,8,0,24,0,44,19,5,68,0,60,27,5,92,88,0,88,180
12/02/2020,MWA,IL,AGL,CE,Federal Contract Tower,0,15,0,0,15,0,22,11,0,33,0,37,11,0,48,122,0,122,170
12/03/2020,MWA,IL,AGL,CE,Federal Contract Tower,0,16,0,0,16,0,5,3,0,8,0,21,3,0,24,52,0,52,76
12/04/2020,MWA,IL,AGL,CE,Federal Contract Tower,0,11,2,0,13,0,13,5,0,18,0,24,7,0,31,30,0,30,61
12/05/2020,MWA,IL,AGL,CE,Federal Contract Tower,0,8,0,2,10,0,0,22,0,22,0,8,22,2,32,8,0,8,40
12/06/2020,MWA,IL,AGL,CE,Federal Contract Tower,0,6,1,0,7,0,0,2,0,2,0,6,3,0,9,8,0,8,17
12/07/2020,MWA,IL,AGL,CE,Federal Contract Tower,0,15,4,0,19,0,21,10,0,31,0,36,14,0,50,70,0,70,120
12/08/2020,MWA,IL,AGL,CE,Federal Contract Tower,0,16,1,0,17,0,14,7,0,21,0,30,8,0,38,110,0,110,148
12/09/2020,MWA,IL,AGL,CE,Federal Contract Tower,0,10,2,0,12,0,2,25,8,35,0,12,27,8,47,106,0,106,153
12/10/2020,MWA,IL,AGL,CE,Federal Contract Tower,0,13,3,0,16,0,20,30,0,50,0,33,33,0,66,86,0,86,152
12/11/2020,MWA,IL,AGL,CE,Federal Contract Tower,0,10,1,0,11,0,12,1,0,13,0,22,2,0,24,6,0,6,30
12/12/2020,MWA,IL,AGL,CE,Federal Contract Tower,0,9,3,0,12,0,0,0,0,0,0,9,3,0,12,0,0,0,12
12/13/2020,MWA,IL,AGL,CE,Federal Contract Tower,0,8,4,0,12,0,0,0,0,0,0,8,4,0,12,0,0,0,12
12/14/2020,MWA,IL,AGL,CE,Federal Contract Tower,0,18,0,0,18,0,15,16,0,31,0,33,16,0,49,74,0,74,123
12/15/2020,MWA,IL,AGL,CE,Federal Contract Tower,0,11,0,0,11,0,6,13,0,19,0,17,13,0,30,112,0,112,142
12/16/2020,MWA,IL,AGL,CE,Federal Contract Tower,0,14,0,0,14,0,4,2,0,6,0,18,2,0,20,40,0,40,60
12/17/2020,MWA,IL,AGL,CE,Federal Contract Tower,0,10,2,0,12,0,32,15,0,47,0,42,17,0,59,68,0,68,127
12/18/2020,MWA,IL,AGL,CE,Federal Contract Tower,0,11,3,0,14,7,13,0,0,20,7,24,3,0,34,34,0,34,68
12/19/2020,MWA,IL,AGL,CE,Federal Contract Tower,0,6,0,0,6,0,0,0,0,0,0,6,0,0,6,0,0,0,6
12/20/2020,MWA,IL,AGL,CE,Federal Contract Tower,0,8,2,0,10,0,7,5,0,12,0,15,7,0,22,0,0,0,22
12/21/2020,MWA,IL,AGL,CE,Federal Contract Tower,0,11,0,0,11,0,2,1,0,3,0,13,1,0,14,8,0,8,22
12/22/2020,MWA,IL,AGL,CE,Federal Contract Tower,0,9,2,0,11,0,4,20,0,24,0,13,22,0,35,10,0,10,45
12/23/2020,MWA,IL,AGL,CE,Federal Contract Tower,0,13,1,0,14,0,0,0,0,0,0,13,1,0,14,0,0,0,14
12/24/2020,MWA,IL,AGL,CE,Federal Contract Tower,0,11,0,0,11,0,0,0,0,0,0,11,0,0,11,0,0,0,11
12/25/2020,MWA,IL,AGL,CE,Federal Contract Tower,0,11,0,0,11,0,1,0,0,1,0,12,0,0,12,0,0,0,12
12/26/2020,MWA,IL,AGL,CE,Federal Contract Tower,0,9,3,0,12,0,9,7,0,16,0,18,10,0,28,14,0,14,42
12/27/2020,MWA,IL,AGL,CE,Federal Contract Tower,0,8,0,0,8,0,2,1,0,3,0,10,1,0,11,0,0,0,11
12/28/2020,MWA,IL,AGL,CE,Federal Contract Tower,0,10,7,2,19,0,0,3,4,7,0,10,10,6,26,0,6,6,32
12/29/2020,MWA,IL,AGL,CE,Federal Contract Tower,0,10,2,0,12,0,2,8,0,10,0,12,10,0,22,4,0,4,26
12/30/2020,MWA,IL,AGL,CE,Federal Contract Tower,0,9,0,0,9,0,0,0,0,0,0,9,0,0,9,0,0,0,9
12/31/2020,MWA,IL,AGL,CE,Federal Contract Tower,0,11,0,0,11,0,0,0,0,0,0,11,0,0,11,0,0,0,11
01/01/2021,MWA,IL,AGL,CE,Federal Contract Tower,0,10,0,0,10,0,0,0,0,0,0,10,0,0,10,0,0,0,10
01/02/2021,MWA,IL,AGL,CE,Federal Contract Tower,2,5,1,0,8,0,2,0,0,2,2,7,1,0,10,0,0,0,10
01/03/2021,MWA,IL,AGL,CE,Federal Contract Tower,0,8,0,0,8,0,5,5,0,10,0,13,5,0,18,6,0,6,24
01/04/2021,MWA,IL,AGL,CE,Federal Contract Tower,0,17,0,0,17,0,3,0,0,3,0,20,0,0,20,0,0,0,20
01/05/2021,MWA,IL,AGL,CE,Federal Contract Tower,0,12,0,0,12,0,0,5,0,5,0,12,5,0,17,26,0,26,43
01/06/2021,MWA,IL,AGL,CE,Federal Contract Tower,0,12,3,0,15,0,1,4,0,5,0,13,7,0,20,26,0,26,46
01/07/2021,MWA,IL,AGL,CE,Federal Contract Tower,0,12,0,0,12,0,0,0,0,0,0,12,0,0,12,0,0,0,12
01/08/2021,MWA,IL,AGL,CE,Federal Contract Tower,0,18,1,0,19,0,6,1,3,10,0,24,2,3,29,0,0,0,29
01/09/2021,MWA,IL,AGL,CE,Federal Contract Tower,0,6,0,0,6,0,4,1,0,5,0,10,1,0,11,0,0,0,11
01/10/2021,MWA,IL,AGL,CE,Federal Contract Tower,0,6,0,0,6,0,2,0,0,2,0,8,0,0,8,0,0,0,8
01/11/2021,MWA,IL,AGL,CE,Federal Contract Tower,0,9,0,0,9,0,0,1,0,1,0,9,1,0,10,0,0,0,10
01/12/2021,MWA,IL,AGL,CE,Federal Contract Tower,0,15,4,0,19,0,5,7,0,12,0,20,11,0,31,36,0,36,67
01/13/2021,MWA,IL,AGL,CE,Federal Contract Tower,0,8,0,0,8,0,19,14,0,33,0,27,14,0,41,112,0,112,153
01/14/2021,MWA,IL,AGL,CE,Federal Contract Tower,0,11,0,0,11,0,7,10,3,20,0,18,10,3,31,96,0,96,127
01/15/2021,MWA,IL,AGL,CE,Federal Contract Tower,0,8,1,0,9,0,3,0,5,8,0,11,1,5,17,0,6,6,23
01/16/2021,MWA,IL,AGL,CE,Federal Contract Tower,0,8,0,0,8,0,0,1,0,1,0,8,1,0,9,0,0,0,9
01/17/2021,MWA,IL,AGL,CE,Federal Contract Tower,0,11,0,0,11,0,0,0,0,0,0,11,0,0,11,0,0,0,11
01/18/2021,MWA,IL,AGL,CE,Federal Contract Tower,0,10,3,0,13,0,8,21,0,29,0,18,24,0,42,48,0,48,90
01/19/2021,MWA,IL,AGL,CE,Federal Contract Tower,0,11,0,0,11,0,5,3,0,8,0,16,3,0,19,6,0,6,25
01/20/2021,MWA,IL,AGL,CE,Federal Contract Tower,0,8,0,0,8,0,11,6,0,17,0,19,6,0,25,26,0,26,51
01/21/2021,MWA,IL,AGL,CE,Federal Contract Tower,0,10,0,0,10,0,15,7,2,24,0,25,7,2,34,38,0,38,72
01/22/2021,MWA,IL,AGL,CE,Federal Contract Tower,0,9,2,0,11,0,15,16,0,31,0,24,18,0,42,58,0,58,100
01/23/2021,MWA,IL,AGL,CE,Federal Contract Tower,0,5,0,0,5,0,2,12,0,14,0,7,12,0,19,20,0,20,39
01/24/2021,MWA,IL,AGL,CE,Federal Contract Tower,0,9,0,0,9,0,0,0,0,0,0,9,0,0,9,0,0,0,9
01/25/2021,MWA,IL,AGL,CE,Federal Contract Tower,0,12,0,0,12,0,0,0,0,0,0,12,0,0,12,0,0,0,12
01/26/2021,MWA,IL,AGL,CE,Federal Contract Tower,0,10,0,0,10,0,0,4,0,4,0,10,4,0,14,20,0,20,34
01/27/2021,MWA,IL,AGL,CE,Federal Contract Tower,0,11,0,0,11,0,1,2,0,3,0,12,2,0,14,0,0,0,14
01/28/2021,MWA,IL,AGL,CE,Federal Contract Tower,0,9,4,0,13,0,24,24,0,48,0,33,28,0,61,108,0,108,169
01/29/2021,MWA,IL,AGL,CE,Federal Contract Tower,0,12,0,0,12,0,18,16,0,34,0,30,16,0,46,94,0,94,140
01/30/2021,MWA,IL,AGL,CE,Federal Contract Tower,0,6,0,0,6,0,0,0,2,2,0,6,0,2,8,0,6,6,14
01/31/2021,MWA,IL,AGL,CE,Federal Contract Tower,0,7,2,0,9,0,0,4,0,4,0,7,6,0,13,0,0,0,13
02/01/2021,MWA,IL,AGL,CE,Federal Contract Tower,0,18,1,0,19,0,9,10,0,19,0,27,11,0,38,40,0,40,78
02/02/2021,MWA,IL,AGL,CE,Federal Contract Tower,0,12,0,0,12,0,9,13,0,22,0,21,13,0,34,44,0,44,78
02/03/2021,MWA,IL,AGL,CE,Federal Contract Tower,0,12,2,0,14,0,27,32,0,59,0,39,34,0,73,118,0,118,191
02/04/2021,MWA,IL,AGL,CE,Federal Contract Tower,0,11,1,0,12,0,2,0,0,2,0,13,1,0,14,6,0,6,20
02/05/2021,MWA,IL,AGL,CE,Federal Contract Tower,0,8,0,0,8,0,9,6,0,15,0,17,6,0,23,32,0,32,55
02/06/2021,MWA,IL,AGL,CE,Federal Contract Tower,0,10,2,0,12,0,17,9,0,26,0,27,11,0,38,38,0,38,76
02/07/2021,MWA,IL,AGL,CE,Federal Contract Tower,0,7,1,2,10,0,5,13,0,18,0,12,14,2,28,42,0,42,70
02/08/2021,MWA,IL,AGL,CE,Federal Contract Tower,0,11,0,0,11,0,15,6,0,21,0,26,6,0,32,50,0,50,82
02/09/2021,MWA,IL,AGL,CE,Federal Contract Tower,1,13,0,0,14,0,0,0,0,0,1,13,0,0,14,0,0,0,14
02/10/2021,MWA,IL,AGL,CE,Federal Contract Tower,0,0,0,0,0,0,0,0,0,0,0,0,0,0,0,0,0,0,0
02/11/2021,MWA,IL,AGL,CE,Federal Contract Tower,0,8,0,0,8,0,0,0,0,0,0,8,0,0,8,0,0,0,8
02/12/2021,MWA,IL,AGL,CE,Federal Contract Tower,0,13,0,0,13,0,0,0,0,0,0,13,0,0,13,0,0,0,13
02/13/2021,MWA,IL,AGL,CE,Federal Contract Tower,0,6,0,0,6,0,0,0,0,0,0,6,0,0,6,0,0,0,6
02/14/2021,MWA,IL,AGL,CE,Federal Contract Tower,0,3,0,0,3,0,1,1,0,2,0,4,1,0,5,0,0,0,5
02/15/2021,MWA,IL,AGL,CE,Federal Contract Tower,0,4,0,0,4,0,0,0,0,0,0,4,0,0,4,0,0,0,4
02/16/2021,MWA,IL,AGL,CE,Federal Contract Tower,0,6,0,0,6,0,4,0,0,4,0,10,0,0,10,0,0,0,10
02/17/2021,MWA,IL,AGL,CE,Federal Contract Tower,0,10,0,0,10,0,0,0,0,0,0,10,0,0,10,0,0,0,10
02/18/2021,MWA,IL,AGL,CE,Federal Contract Tower,0,7,0,0,7,0,7,0,0,7,0,14,0,0,14,6,0,6,20
02/19/2021,MWA,IL,AGL,CE,Federal Contract Tower,2,15,0,0,17,0,21,2,0,23,2,36,2,0,40,32,0,32,72
02/20/2021,MWA,IL,AGL,CE,Federal Contract Tower,0,9,3,0,12,0,18,8,0,26,0,27,11,0,38,20,0,20,58
02/21/2021,MWA,IL,AGL,CE,Federal Contract Tower,0,7,2,0,9,0,4,0,0,4,0,11,2,0,13,0,0,0,13
02/22/2021,MWA,IL,AGL,CE,Federal Contract Tower,0,13,0,0,13,0,5,13,0,18,0,18,13,0,31,94,0,94,125
02/23/2021,MWA,IL,AGL,CE,Federal Contract Tower,0,10,1,0,11,0,11,19,0,30,0,21,20,0,41,100,0,100,141
02/24/2021,MWA,IL,AGL,CE,Federal Contract Tower,0,7,0,0,7,0,12,10,0,22,0,19,10,0,29,70,6,76,105
02/25/2021,MWA,IL,AGL,CE,Federal Contract Tower,0,10,2,0,12,0,29,22,0,51,0,39,24,0,63,68,0,68,131
02/26/2021,MWA,IL,AGL,CE,Federal Contract Tower,2,12,1,0,15,0,17,10,2,29,2,29,11,2,44,64,0,64,108
02/27/2021,MWA,IL,AGL,CE,Federal Contract Tower,2,6,0,0,8,0,10,11,0,21,2,16,11,0,29,12,0,12,41
02/28/2021,MWA,IL,AGL,CE,Federal Contract Tower,0,4,0,0,4,0,0,0,0,0,0,4,0,0,4,0,0,0,4
03/01/2021,MWA,IL,AGL,CE,Federal Contract Tower,0,11,2,0,13,0,16,5,0,21,0,27,7,0,34,62,0,62,96
03/02/2021,MWA,IL,AGL,CE,Federal Contract Tower,0,7,1,0,8,0,16,15,0,31,0,23,16,0,39,122,0,122,161
03/03/2021,MWA,IL,AGL,CE,Federal Contract Tower,0,12,1,0,13,0,24,24,0,48,0,36,25,0,61,168,0,168,229
03/04/2021,MWA,IL,AGL,CE,Federal Contract Tower,0,8,0,0,8,0,44,9,0,53,0,52,9,0,61,146,0,146,207
03/05/2021,MWA,IL,AGL,CE,Federal Contract Tower,2,7,4,0,13,0,31,12,0,43,2,38,16,0,56,24,0,24,80
03/06/2021,MWA,IL,AGL,CE,Federal Contract Tower,2,7,2,0,11,0,5,23,0,28,2,12,25,0,39,8,0,8,47
03/07/2021,MWA,IL,AGL,CE,Federal Contract Tower,0,7,2,0,9,0,5,13,0,18,0,12,15,0,27,28,0,28,55
03/08/2021,MWA,IL,AGL,CE,Federal Contract Tower,0,17,0,0,17,0,15,13,0,28,0,32,13,0,45,76,0,76,121
03/09/2021,MWA,IL,AGL,CE,Federal Contract Tower,0,11,0,0,11,0,12,3,0,15,0,23,3,0,26,28,0,28,54
03/10/2021,MWA,IL,AGL,CE,Federal Contract Tower,0,9,0,2,11,0,10,2,0,12,0,19,2,2,23,42,0,42,65
03/11/2021,MWA,IL,AGL,CE,Federal Contract Tower,0,9,0,0,9,0,1,0,0,1,0,10,0,0,10,0,0,0,10
03/12/2021,MWA,IL,AGL,CE,Federal Contract Tower,0,9,0,1,10,0,16,5,16,37,0,25,5,17,47,46,0,46,93
03/13/2021,MWA,IL,AGL,CE,Federal Contract Tower,0,7,1,1,9,0,3,1,0,4,0,10,2,1,13,0,0,0,13
03/14/2021,MWA,IL,AGL,CE,Federal Contract Tower,0,9,0,0,9,0,4,2,0,6,0,13,2,0,15,0,0,0,15
03/15/2021,MWA,IL,AGL,CE,Federal Contract Tower,0,16,0,0,16,0,0,2,0,2,0,16,2,0,18,0,0,0,18
03/16/2021,MWA,IL,AGL,CE,Federal Contract Tower,0,20,0,0,20,0,0,1,0,1,0,20,1,0,21,0,0,0,21
03/17/2021,MWA,IL,AGL,CE,Federal Contract Tower,0,5,0,0,5,0,6,0,0,6,0,11,0,0,11,0,0,0,11
03/18/2021,MWA,IL,AGL,CE,Federal Contract Tower,0,23,6,0,29,0,0,0,0,0,0,23,6,0,29,4,0,4,33
03/19/2021,MWA,IL,AGL,CE,Federal Contract Tower,2,11,1,1,15,0,31,22,0,53,2,42,23,1,68,104,0,104,172
03/20/2021,MWA,IL,AGL,CE,Federal Contract Tower,2,7,1,0,10,0,13,16,0,29,2,20,17,0,39,22,0,22,61
03/21/2021,MWA,IL,AGL,CE,Federal Contract Tower,0,7,0,0,7,0,4,10,0,14,0,11,10,0,21,0,0,0,21
03/22/2021,MWA,IL,AGL,CE,Federal Contract Tower,0,13,1,0,14,0,20,2,0,22,0,33,3,0,36,26,0,26,62
03/23/2021,MWA,IL,AGL,CE,Federal Contract Tower,0,10,2,0,12,0,2,0,0,2,0,12,2,0,14,0,0,0,14
03/24/2021,MWA,IL,AGL,CE,Federal Contract Tower,0,11,8,0,19,0,15,10,2,27,0,26,18,2,46,46,0,46,92
03/25/2021,MWA,IL,AGL,CE,Federal Contract Tower,0,16,0,0,16,0,0,0,0,0,0,16,0,0,16,0,0,0,16
03/26/2021,MWA,IL,AGL,CE,Federal Contract Tower,0,13,0,0,13,0,22,8,0,30,0,35,8,0,43,64,0,64,107
03/27/2021,MWA,IL,AGL,CE,Federal Contract Tower,0,8,4,0,12,0,6,23,0,29,0,14,27,0,41,8,0,8,49
03/28/2021,MWA,IL,AGL,CE,Federal Contract Tower,0,6,0,0,6,0,7,2,0,9,0,13,2,0,15,0,0,0,15
03/29/2021,MWA,IL,AGL,CE,Federal Contract Tower,0,10,2,0,12,0,35,14,2,51,0,45,16,2,63,70,0,70,133
03/30/2021,MWA,IL,AGL,CE,Federal Contract Tower,0,10,7,0,17,0,13,10,0,23,0,23,17,0,40,26,0,26,66
03/31/2021,MWA,IL,AGL,CE,Federal Contract Tower,0,11,0,0,11,0,23,4,0,27,0,34,4,0,38,78,0,78,116
04/01/2021,MWA,IL,AGL,CE,Federal Contract Tower,0,14,1,0,15,0,12,0,0,12,0,26,1,0,27,44,0,44,71
04/02/2021,MWA,IL,AGL,CE,Federal Contract Tower,0,9,3,0,12,0,33,24,0,57,0,42,27,0,69,124,0,124,193
04/03/2021,MWA,IL,AGL,CE,Federal Contract Tower,0,11,0,0,11,0,20,12,0,32,0,31,12,0,43,82,0,82,125
04/04/2021,MWA,IL,AGL,CE,Federal Contract Tower,0,10,3,0,13,0,19,15,0,34,0,29,18,0,47,80,0,80,127
04/05/2021,MWA,IL,AGL,CE,Federal Contract Tower,0,11,1,0,12,0,11,8,0,19,0,22,9,0,31,48,0,48,79
04/06/2021,MWA,IL,AGL,CE,Federal Contract Tower,0,7,2,0,9,0,20,9,0,29,0,27,11,0,38,56,0,56,94
04/07/2021,MWA,IL,AGL,CE,Federal Contract Tower,0,10,0,0,10,0,13,2,2,17,0,23,2,2,27,28,0,28,55
04/08/2021,MWA,IL,AGL,CE,Federal Contract Tower,0,13,2,2,17,0,28,5,0,33,0,41,7,2,50,116,0,116,166
04/09/2021,MWA,IL,AGL,CE,Federal Contract Tower,0,10,0,0,10,0,20,9,0,29,0,30,9,0,39,24,0,24,63
04/10/2021,MWA,IL,AGL,CE,Federal Contract Tower,0,6,0,0,6,0,1,2,0,3,0,7,2,0,9,0,0,0,9
04/11/2021,MWA,IL,AGL,CE,Federal Contract Tower,0,6,0,0,6,0,13,10,0,23,0,19,10,0,29,40,0,40,69
04/12/2021,MWA,IL,AGL,CE,Federal Contract Tower,0,10,0,0,10,0,42,27,0,69,0,52,27,0,79,154,0,154,233
04/13/2021,MWA,IL,AGL,CE,Federal Contract Tower,0,13,1,0,14,0,27,21,0,48,0,40,22,0,62,118,0,118,180
04/14/2021,MWA,IL,AGL,CE,Federal Contract Tower,0,10,0,0,10,0,22,13,0,35,0,32,13,0,45,98,0,98,143
04/15/2021,MWA,IL,AGL,CE,Federal Contract Tower,0,11,2,0,13,0,30,12,2,44,0,41,14,2,57,74,0,74,131
04/16/2021,MWA,IL,AGL,CE,Federal Contract Tower,0,9,2,0,11,0,35,14,0,49,0,44,16,0,60,94,0,94,154
04/17/2021,MWA,IL,AGL,CE,Federal Contract Tower,0,8,0,0,8,0,0,1,0,1,0,8,1,0,9,2,0,2,11
04/18/2021,MWA,IL,AGL,CE,Federal Contract Tower,0,7,0,0,7,0,0,5,0,5,0,7,5,0,12,2,0,2,14
04/19/2021,MWA,IL,AGL,CE,Federal Contract Tower,0,15,2,0,17,0,18,21,0,39,0,33,23,0,56,150,0,150,206
04/20/2021,MWA,IL,AGL,CE,Federal Contract Tower,0,11,0,0,11,0,3,7,0,10,0,14,7,0,21,10,0,10,31
04/21/2021,MWA,IL,AGL,CE,Federal Contract Tower,0,12,0,0,12,0,22,6,2,30,0,34,6,2,42,68,0,68,110
04/22/2021,MWA,IL,AGL,CE,Federal Contract Tower,2,8,3,0,13,0,20,5,0,25,2,28,8,0,38,24,0,24,62
04/23/2021,MWA,IL,AGL,CE,Federal Contract Tower,0,12,3,0,15,0,9,12,0,21,0,21,15,0,36,38,0,38,74
04/24/2021,MWA,IL,AGL,CE,Federal Contract Tower,0,8,0,0,8,0,1,0,0,1,0,9,0,0,9,0,0,0,9
04/25/2021,MWA,IL,AGL,CE,Federal Contract Tower,0,9,3,0,12,0,9,13,0,22,0,18,16,0,34,26,0,26,60
04/26/2021,MWA,IL,AGL,CE,Federal Contract Tower,0,12,0,0,12,0,19,7,0,26,0,31,7,0,38,64,0,64,102
04/27/2021,MWA,IL,AGL,CE,Federal Contract Tower,0,14,2,0,16,0,12,2,0,14,0,26,4,0,30,22,0,22,52
04/28/2021,MWA,IL,AGL,CE,Federal Contract Tower,0,13,1,0,14,0,4,0,0,4,0,17,1,0,18,2,0,2,20
04/29/2021,MWA,IL,AGL,CE,Federal Contract Tower,0,21,3,0,24,0,4,3,0,7,0,25,6,0,31,22,0,22,53
04/30/2021,MWA,IL,AGL,CE,Federal Contract Tower,2,20,7,0,29,0,34,29,0,63,2,54,36,0,92,82,0,82,174
05/01/2021,MWA,IL,AGL,CE,Federal Contract Tower,0,7,2,0,9,0,14,10,0,24,0,21,12,0,33,38,0,38,71
05/03/2021,MWA,IL,AGL,CE,Federal Contract Tower,0,16,0,0,16,0,26,11,0,37,0,42,11,0,53,30,0,30,83
05/04/2021,MWA,IL,AGL,CE,Federal Contract Tower,0,18,2,0,20,0,0,0,0,0,0,18,2,0,20,0,0,0,20
05/05/2021,MWA,IL,AGL,CE,Federal Contract Tower,0,13,4,0,17,0,33,25,0,58,0,46,29,0,75,92,0,92,167
05/06/2021,MWA,IL,AGL,CE,Federal Contract Tower,0,9,3,0,12,0,14,3,1,18,0,23,6,1,30,10,0,10,40
05/07/2021,MWA,IL,AGL,CE,Federal Contract Tower,0,17,3,1,21,0,27,30,1,58,0,44,33,2,79,128,0,128,207
05/08/2021,MWA,IL,AGL,CE,Federal Contract Tower,0,6,0,0,6,0,6,4,0,10,0,12,4,0,16,0,0,0,16
05/09/2021,MWA,IL,AGL,CE,Federal Contract Tower,0,6,0,0,6,0,0,0,0,0,0,6,0,0,6,0,0,0,6
05/10/2021,MWA,IL,AGL,CE,Federal Contract Tower,0,15,4,0,19,0,16,10,0,26,0,31,14,0,45,48,0,48,93
05/11/2021,MWA,IL,AGL,CE,Federal Contract Tower,0,10,0,0,10,0,3,11,0,14,0,13,11,0,24,56,0,56,80
05/12/2021,MWA,IL,AGL,CE,Federal Contract Tower,0,13,0,1,14,0,17,18,7,42,0,30,18,8,56,72,6,78,134
05/13/2021,MWA,IL,AGL,CE,Federal Contract Tower,0,8,5,0,13,0,22,16,0,38,0,30,21,0,51,74,0,74,125
05/14/2021,MWA,IL,AGL,CE,Federal Contract Tower,0,8,0,0,8,0,37,13,0,50,0,45,13,0,58,84,0,84,142
05/15/2021,MWA,IL,AGL,CE,Federal Contract Tower,0,7,0,0,7,0,2,2,0,4,0,9,2,0,11,0,0,0,11
05/16/2021,MWA,IL,AGL,CE,Federal Contract Tower,0,6,3,0,9,0,0,7,0,7,0,6,10,0,16,10,0,10,26
05/17/2021,MWA,IL,AGL,CE,Federal Contract Tower,0,8,1,0,9,0,12,4,0,16,0,20,5,0,25,6,0,6,31
05/18/2021,MWA,IL,AGL,CE,Federal Contract Tower,2,11,2,0,15,0,2,0,0,2,2,13,2,0,17,14,0,14,31
05/19/2021,MWA,IL,AGL,CE,Federal Contract Tower,0,11,0,0,11,0,12,6,9,27,0,23,6,9,38,20,0,20,58
05/20/2021,MWA,IL,AGL,CE,Federal Contract Tower,0,10,0,0,10,0,14,26,0,40,0,24,26,0,50,28,0,28,78
05/21/2021,MWA,IL,AGL,CE,Federal Contract Tower,0,11,4,0,15,0,14,6,0,20,0,25,10,0,35,2,0,2,37
05/22/2021,MWA,IL,AGL,CE,Federal Contract Tower,0,5,4,0,9,0,23,15,0,38,0,28,19,0,47,0,0,0,47
05/23/2021,MWA,IL,AGL,CE,Federal Contract Tower,0,7,2,0,9,0,1,19,0,20,0,8,21,0,29,4,0,4,33
05/24/2021,MWA,IL,AGL,CE,Federal Contract Tower,0,13,4,0,17,0,2,15,0,17,0,15,19,0,34,20,0,20,54
05/25/2021,MWA,IL,AGL,CE,Federal Contract Tower,0,8,2,0,10,0,25,6,0,31,0,33,8,0,41,40,0,40,81
05/26/2021,MWA,IL,AGL,CE,Federal Contract Tower,0,15,0,0,15,0,0,10,0,10,0,15,10,0,25,6,0,6,31
05/27/2021,MWA,IL,AGL,CE,Federal Contract Tower,0,10,1,0,11,0,25,7,0,32,0,35,8,0,43,60,0,60,103
05/28/2021,MWA,IL,AGL,CE,Federal Contract Tower,0,20,9,0,29,0,0,0,0,0,0,20,9,0,29,0,0,0,29
05/29/2021,MWA,IL,AGL,CE,Federal Contract Tower,0,8,2,0,10,0,0,3,0,3,0,8,5,0,13,0,0,0,13
05/30/2021,MWA,IL,AGL,CE,Federal Contract Tower,0,11,3,0,14,0,1,12,1,14,0,12,15,1,28,2,0,2,30
05/31/2021,MWA,IL,AGL,CE,Federal Contract Tower,0,11,4,0,15,0,3,21,0,24,0,14,25,0,39,0,0,0,39
06/01/2021,MWA,IL,AGL,CE,Federal Contract Tower,0,12,2,0,14,0,7,1,0,8,0,19,3,0,22,6,0,6,28
06/02/2021,MWA,IL,AGL,CE,Federal Contract Tower,0,20,6,0,26,0,0,0,0,0,0,20,6,0,26,0,0,0,26
06/03/2021,MWA,IL,AGL,CE,Federal Contract Tower,0,11,1,0,12,0,14,15,0,29,0,25,16,0,41,18,0,18,59
06/04/2021,MWA,IL,AGL,CE,Federal Contract Tower,0,9,1,0,10,0,5,9,0,14,0,14,10,0,24,12,0,12,36
06/05/2021,MWA,IL,AGL,CE,Federal Contract Tower,0,6,0,4,10,0,0,20,1,21,0,6,20,5,31,14,0,14,45
06/06/2021,MWA,IL,AGL,CE,Federal Contract Tower,0,5,0,0,5,0,5,0,0,5,0,10,0,0,10,0,0,0,10
06/07/2021,MWA,IL,AGL,CE,Federal Contract Tower,0,18,0,0,18,0,7,2,5,14,0,25,2,5,32,32,0,32,64
06/08/2021,MWA,IL,AGL,CE,Federal Contract Tower,0,12,0,0,12,0,9,4,0,13,0,21,4,0,25,14,0,14,39
06/09/2021,MWA,IL,AGL,CE,Federal Contract Tower,0,14,0,0,14,0,1,0,0,1,0,15,0,0,15,0,0,0,15
06/10/2021,MWA,IL,AGL,CE,Federal Contract Tower,0,12,4,1,17,0,8,9,2,19,0,20,13,3,36,64,4,68,104
06/11/2021,MWA,IL,AGL,CE,Federal Contract Tower,0,10,4,0,14,0,28,9,0,37,0,38,13,0,51,72,0,72,123
06/13/2021,MWA,IL,AGL,CE,Federal Contract Tower,0,9,2,0,11,0,5,9,0,14,0,14,11,0,25,0,0,0,25
06/14/2021,MWA,IL,AGL,CE,Federal Contract Tower,0,12,2,0,14,0,25,6,0,31,0,37,8,0,45,74,0,74,119
06/15/2021,MWA,IL,AGL,CE,Federal Contract Tower,0,9,0,0,9,0,34,15,0,49,0,43,15,0,58,72,0,72,130
06/16/2021,MWA,IL,AGL,CE,Federal Contract Tower,0,11,2,0,13,0,22,10,0,32,0,33,12,0,45,58,0,58,103
06/17/2021,MWA,IL,AGL,CE,Federal Contract Tower,0,5,0,0,5,0,28,14,0,42,0,33,14,0,47,100,0,100,147
06/18/2021,MWA,IL,AGL,CE,Federal Contract Tower,0,13,3,4,20,0,4,4,0,8,0,17,7,4,28,10,0,10,38
06/19/2021,MWA,IL,AGL,CE,Federal Contract Tower,0,10,0,0,10,0,0,13,0,13,0,10,13,0,23,6,0,6,29
06/20/2021,MWA,IL,AGL,CE,Federal Contract Tower,0,14,1,0,15,0,1,14,0,15,0,15,15,0,30,0,0,0,30
06/21/2021,MWA,IL,AGL,CE,Federal Contract Tower,0,10,3,0,13,0,1,2,0,3,0,11,5,0,16,0,0,0,16
06/22/2021,MWA,IL,AGL,CE,Federal Contract Tower,0,6,3,0,9,0,24,15,0,39,0,30,18,0,48,46,0,46,94
06/23/2021,MWA,IL,AGL,CE,Federal Contract Tower,0,10,1,0,11,0,19,21,0,40,0,29,22,0,51,100,0,100,151
06/24/2021,MWA,IL,AGL,CE,Federal Contract Tower,0,9,2,0,11,0,20,16,0,36,0,29,18,0,47,12,0,12,59
06/25/2021,MWA,IL,AGL,CE,Federal Contract Tower,0,12,1,0,13,0,5,0,0,5,0,17,1,0,18,20,0,20,38
06/26/2021,MWA,IL,AGL,CE,Federal Contract Tower,0,9,2,0,11,0,32,0,0,32,0,41,2,0,43,0,0,0,43
06/27/2021,MWA,IL,AGL,CE,Federal Contract Tower,0,7,5,0,12,0,1,4,0,5,0,8,9,0,17,4,0,4,21
06/28/2021,MWA,IL,AGL,CE,Federal Contract Tower,0,13,1,0,14,0,4,11,0,15,0,17,12,0,29,60,0,60,89
06/29/2021,MWA,IL,AGL,CE,Federal Contract Tower,0,10,0,0,10,0,10,16,0,26,0,20,16,0,36,62,0,62,98
06/30/2021,MWA,IL,AGL,CE,Federal Contract Tower,0,13,0,0,13,0,6,20,0,26,0,19,20,0,39,30,0,30,69
07/01/2021,MWA,IL,AGL,CE,Federal Contract Tower,0,15,2,0,17,0,0,0,0,0,0,15,2,0,17,18,0,18,35
07/02/2021,MWA,IL,AGL,CE,Federal Contract Tower,0,8,5,0,13,0,9,16,0,25,0,17,21,0,38,10,0,10,48
07/03/2021,MWA,IL,AGL,CE,Federal Contract Tower,0,7,2,0,9,0,0,4,0,4,0,7,6,0,13,0,0,0,13
07/04/2021,MWA,IL,AGL,CE,Federal Contract Tower,0,9,0,0,9,0,1,10,0,11,0,10,10,0,20,4,0,4,24
07/05/2021,MWA,IL,AGL,CE,Federal Contract Tower,0,12,5,0,17,0,2,14,0,16,0,14,19,0,33,0,0,0,33
07/06/2021,MWA,IL,AGL,CE,Federal Contract Tower,0,15,3,0,18,0,16,13,0,29,0,31,16,0,47,56,0,56,103
07/07/2021,MWA,IL,AGL,CE,Federal Contract Tower,0,11,0,0,11,0,5,9,0,14,0,16,9,0,25,42,0,42,67
07/08/2021,MWA,IL,AGL,CE,Federal Contract Tower,0,6,0,0,6,0,11,13,0,24,0,17,13,0,30,36,0,36,66
07/09/2021,MWA,IL,AGL,CE,Federal Contract Tower,0,10,2,0,12,0,20,4,3,27,0,30,6,3,39,42,8,50,89
07/10/2021,MWA,IL,AGL,CE,Federal Contract Tower,0,11,0,0,11,0,0,3,0,3,0,11,3,0,14,0,0,0,14
07/11/2021,MWA,IL,AGL,CE,Federal Contract Tower,0,9,6,0,15,0,0,0,0,0,0,9,6,0,15,0,0,0,15
07/12/2021,MWA,IL,AGL,CE,Federal Contract Tower,0,17,0,0,17,0,4,1,0,5,0,21,1,0,22,8,0,8,30
07/13/2021,MWA,IL,AGL,CE,Federal Contract Tower,0,20,0,0,20,0,15,5,0,20,0,35,5,0,40,74,0,74,114
07/14/2021,MWA,IL,AGL,CE,Federal Contract Tower,0,13,3,0,16,0,20,16,0,36,0,33,19,0,52,88,0,88,140
07/15/2021,MWA,IL,AGL,CE,Federal Contract Tower,0,8,1,0,9,0,23,12,0,35,0,31,13,0,44,70,0,70,114
07/16/2021,MWA,IL,AGL,CE,Federal Contract Tower,0,5,1,2,8,0,0,0,0,0,0,5,1,2,8,0,0,0,8
07/17/2021,MWA,IL,AGL,CE,Federal Contract Tower,0,7,0,0,7,0,0,5,0,5,0,7,5,0,12,14,0,14,26
07/18/2021,MWA,IL,AGL,CE,Federal Contract Tower,0,9,1,0,10,0,0,0,0,0,0,9,1,0,10,0,0,0,10
07/19/2021,MWA,IL,AGL,CE,Federal Contract Tower,0,16,1,0,17,0,16,14,0,30,0,32,15,0,47,126,0,126,173
07/20/2021,MWA,IL,AGL,CE,Federal Contract Tower,0,14,1,0,15,0,37,10,0,47,0,51,11,0,62,108,0,108,170
07/21/2021,MWA,IL,AGL,CE,Federal Contract Tower,0,16,5,0,21,0,28,9,0,37,0,44,14,0,58,92,0,92,150
07/22/2021,MWA,IL,AGL,CE,Federal Contract Tower,0,22,6,0,28,0,4,25,0,29,0,26,31,0,57,52,0,52,109
07/23/2021,MWA,IL,AGL,CE,Federal Contract Tower,0,17,5,0,22,0,20,11,0,31,0,37,16,0,53,70,0,70,123
07/24/2021,MWA,IL,AGL,CE,Federal Contract Tower,0,8,2,2,12,0,9,15,0,24,0,17,17,2,36,0,0,0,36
07/25/2021,MWA,IL,AGL,CE,Federal Contract Tower,0,7,2,0,9,0,4,2,2,8,0,11,4,2,17,0,0,0,17
07/26/2021,MWA,IL,AGL,CE,Federal Contract Tower,0,12,3,0,15,0,14,3,0,17,0,26,6,0,32,30,0,30,62
07/27/2021,MWA,IL,AGL,CE,Federal Contract Tower,0,14,2,0,16,0,25,8,0,33,0,39,10,0,49,12,0,12,61
07/28/2021,MWA,IL,AGL,CE,Federal Contract Tower,0,8,2,0,10,0,8,7,0,15,0,16,9,0,25,6,0,6,31
07/29/2021,MWA,IL,AGL,CE,Federal Contract Tower,0,15,1,0,16,0,6,12,0,18,0,21,13,0,34,32,0,32,66
07/30/2021,MWA,IL,AGL,CE,Federal Contract Tower,0,15,2,0,17,0,6,3,0,9,0,21,5,0,26,4,0,4,30
07/31/2021,MWA,IL,AGL,CE,Federal Contract Tower,0,7,1,0,8,0,15,0,0,15,0,22,1,0,23,10,0,10,33
08/01/2021,MWA,IL,AGL,CE,Federal Contract Tower,0,8,1,0,9,0,5,8,0,13,0,13,9,0,22,24,0,24,46
08/02/2021,MWA,IL,AGL,CE,Federal Contract Tower,0,12,2,0,14,0,6,25,0,31,0,18,27,0,45,38,0,38,83
08/03/2021,MWA,IL,AGL,CE,Federal Contract Tower,0,11,3,0,14,0,13,24,0,37,0,24,27,0,51,50,0,50,101
08/04/2021,MWA,IL,AGL,CE,Federal Contract Tower,0,11,2,0,13,0,11,24,0,35,0,22,26,0,48,80,0,80,128
08/05/2021,MWA,IL,AGL,CE,Federal Contract Tower,0,16,6,0,22,0,17,25,0,42,0,33,31,0,64,84,0,84,148
08/06/2021,MWA,IL,AGL,CE,Federal Contract Tower,0,11,2,0,13,0,12,9,0,21,0,23,11,0,34,32,0,32,66
08/07/2021,MWA,IL,AGL,CE,Federal Contract Tower,0,6,2,3,11,0,9,12,8,29,0,15,14,11,40,22,10,32,72
08/08/2021,MWA,IL,AGL,CE,Federal Contract Tower,0,5,1,0,6,0,5,12,4,21,0,10,13,4,27,8,0,8,35
08/09/2021,MWA,IL,AGL,CE,Federal Contract Tower,0,10,0,0,10,0,0,2,0,2,0,10,2,0,12,6,0,6,18
08/10/2021,MWA,IL,AGL,CE,Federal Contract Tower,0,9,1,0,10,0,4,6,0,10,0,13,7,0,20,22,0,22,42
08/11/2021,MWA,IL,AGL,CE,Federal Contract Tower,0,11,1,0,12,0,3,12,0,15,0,14,13,0,27,22,0,22,49
08/12/2021,MWA,IL,AGL,CE,Federal Contract Tower,0,11,0,0,11,0,13,4,0,17,0,24,4,0,28,46,0,46,74
08/13/2021,MWA,IL,AGL,CE,Federal Contract Tower,0,16,4,0,20,0,5,11,0,16,0,21,15,0,36,0,0,0,36
08/14/2021,MWA,IL,AGL,CE,Federal Contract Tower,0,6,2,0,8,0,2,19,0,21,0,8,21,0,29,0,0,0,29
08/15/2021,MWA,IL,AGL,CE,Federal Contract Tower,0,12,4,0,16,0,0,7,2,9,0,12,11,2,25,12,0,12,37
08/16/2021,MWA,IL,AGL,CE,Federal Contract Tower,0,15,2,0,17,0,5,9,0,14,0,20,11,0,31,74,0,74,105
08/17/2021,MWA,IL,AGL,CE,Federal Contract Tower,0,13,2,0,15,0,4,10,0,14,0,17,12,0,29,38,0,38,67
08/18/2021,MWA,IL,AGL,CE,Federal Contract Tower,0,15,0,0,15,0,8,16,0,24,0,23,16,0,39,32,0,32,71
08/19/2021,MWA,IL,AGL,CE,Federal Contract Tower,0,10,2,0,12,0,11,4,0,15,0,21,6,0,27,16,0,16,43
08/20/2021,MWA,IL,AGL,CE,Federal Contract Tower,0,15,2,0,17,0,6,9,0,15,0,21,11,0,32,0,0,0,32
08/21/2021,MWA,IL,AGL,CE,Federal Contract Tower,0,8,0,0,8,0,0,1,0,1,0,8,1,0,9,0,0,0,9
08/22/2021,MWA,IL,AGL,CE,Federal Contract Tower,0,10,5,0,15,0,0,6,0,6,0,10,11,0,21,8,0,8,29
08/23/2021,MWA,IL,AGL,CE,Federal Contract Tower,0,10,3,0,13,0,17,9,0,26,0,27,12,0,39,52,0,52,91
08/24/2021,MWA,IL,AGL,CE,Federal Contract Tower,0,17,0,0,17,0,29,19,0,48,0,46,19,0,65,90,0,90,155
08/25/2021,MWA,IL,AGL,CE,Federal Contract Tower,0,9,1,0,10,0,15,14,0,29,0,24,15,0,39,44,0,44,83
08/26/2021,MWA,IL,AGL,CE,Federal Contract Tower,0,13,2,0,15,0,17,14,0,31,0,30,16,0,46,70,0,70,116
08/27/2021,MWA,IL,AGL,CE,Federal Contract Tower,0,9,0,0,9,0,11,9,0,20,0,20,9,0,29,34,0,34,63
08/28/2021,MWA,IL,AGL,CE,Federal Contract Tower,0,7,2,0,9,0,1,13,0,14,0,8,15,0,23,18,0,18,41
08/29/2021,MWA,IL,AGL,CE,Federal Contract Tower,0,8,0,0,8,0,9,2,5,16,0,17,2,5,24,20,0,20,44
08/30/2021,MWA,IL,AGL,CE,Federal Contract Tower,0,8,0,0,8,0,14,8,0,22,0,22,8,0,30,50,0,50,80
08/31/2021,MWA,IL,AGL,CE,Federal Contract Tower,0,16,3,0,19,0,5,4,0,9,0,21,7,0,28,22,0,22,50
09/01/2021,MWA,IL,AGL,CE,Federal Contract Tower,0,15,2,1,18,0,7,5,1,13,0,22,7,2,31,18,0,18,49
09/02/2021,MWA,IL,AGL,CE,Federal Contract Tower,0,6,3,0,9,0,10,12,0,22,0,16,15,0,31,32,0,32,63
09/03/2021,MWA,IL,AGL,CE,Federal Contract Tower,0,13,1,0,14,0,19,19,0,38,0,32,20,0,52,38,0,38,90
09/04/2021,MWA,IL,AGL,CE,Federal Contract Tower,0,6,2,0,8,0,0,0,0,0,0,6,2,0,8,0,0,0,8
09/05/2021,MWA,IL,AGL,CE,Federal Contract Tower,0,10,1,0,11,0,9,7,0,16,0,19,8,0,27,0,0,0,27
09/06/2021,MWA,IL,AGL,CE,Federal Contract Tower,0,13,1,0,14,0,2,15,0,17,0,15,16,0,31,8,0,8,39
09/07/2021,MWA,IL,AGL,CE,Federal Contract Tower,0,10,2,0,12,0,26,18,1,45,0,36,20,1,57,54,0,54,111
09/08/2021,MWA,IL,AGL,CE,Federal Contract Tower,0,9,4,0,13,0,9,7,0,16,0,18,11,0,29,26,0,26,55
09/09/2021,MWA,IL,AGL,CE,Federal Contract Tower,0,10,3,0,13,0,7,11,0,18,0,17,14,0,31,28,0,28,59
09/10/2021,MWA,IL,AGL,CE,Federal Contract Tower,0,16,1,0,17,0,30,36,2,68,0,46,37,2,85,118,0,118,203
09/11/2021,MWA,IL,AGL,CE,Federal Contract Tower,0,11,4,0,15,0,9,14,0,23,0,20,18,0,38,34,0,34,72
09/12/2021,MWA,IL,AGL,CE,Federal Contract Tower,0,7,0,0,7,0,6,9,7,22,0,13,9,7,29,0,16,16,45
09/13/2021,MWA,IL,AGL,CE,Federal Contract Tower,0,12,3,2,17,0,15,12,1,28,0,27,15,3,45,44,2,46,91
09/14/2021,MWA,IL,AGL,CE,Federal Contract Tower,0,9,0,0,9,0,5,12,0,17,0,14,12,0,26,38,0,38,64
09/15/2021,MWA,IL,AGL,CE,Federal Contract Tower,0,20,3,0,23,0,1,10,0,11,0,21,13,0,34,36,0,36,70
09/16/2021,MWA,IL,AGL,CE,Federal Contract Tower,0,17,1,0,18,0,17,11,0,28,0,34,12,0,46,86,0,86,132
09/17/2021,MWA,IL,AGL,CE,Federal Contract Tower,0,15,4,0,19,0,6,1,0,7,0,21,5,0,26,30,0,30,56
09/18/2021,MWA,IL,AGL,CE,Federal Contract Tower,0,6,0,0,6,0,0,3,0,3,0,6,3,0,9,0,0,0,9
09/19/2021,MWA,IL,AGL,CE,Federal Contract Tower,0,11,2,0,13,0,7,1,0,8,0,18,3,0,21,14,0,14,35
09/20/2021,MWA,IL,AGL,CE,Federal Contract Tower,0,14,1,0,15,0,0,4,4,8,0,14,5,4,23,28,8,36,59
09/21/2021,MWA,IL,AGL,CE,Federal Contract Tower,0,16,1,0,17,0,0,0,0,0,0,16,1,0,17,0,0,0,17
09/22/2021,MWA,IL,AGL,CE,Federal Contract Tower,0,13,3,0,16,0,7,3,0,10,0,20,6,0,26,84,0,84,110
09/23/2021,MWA,IL,AGL,CE,Federal Contract Tower,0,13,1,0,14,0,19,10,0,29,0,32,11,0,43,94,0,94,137
09/24/2021,MWA,IL,AGL,CE,Federal Contract Tower,0,9,0,0,9,0,42,4,0,46,0,51,4,0,55,92,0,92,147
09/25/2021,MWA,IL,AGL,CE,Federal Contract Tower,0,11,2,0,13,0,2,12,0,14,0,13,14,0,27,4,0,4,31
09/26/2021,MWA,IL,AGL,CE,Federal Contract Tower,0,9,5,0,14,0,5,16,0,21,0,14,21,0,35,10,0,10,45
09/27/2021,MWA,IL,AGL,CE,Federal Contract Tower,0,11,3,0,14,0,11,10,0,21,0,22,13,0,35,92,0,92,127
09/28/2021,MWA,IL,AGL,CE,Federal Contract Tower,0,10,1,0,11,0,29,15,0,44,0,39,16,0,55,132,0,132,187
09/29/2021,MWA,IL,AGL,CE,Federal Contract Tower,0,20,5,0,25,0,17,16,0,33,0,37,21,0,58,178,0,178,236
09/30/2021,MWA,IL,AGL,CE,Federal Contract Tower,0,14,2,0,16,0,47,9,0,56,0,61,11,0,72,122,0,122,194
10/01/2021,MWA,IL,AGL,CE,Federal Contract Tower,0,18,3,2,23,0,45,12,0,57,0,63,15,2,80,103,0,103,183
10/02/2021,MWA,IL,AGL,CE,Federal Contract Tower,0,8,1,0,9,0,0,0,0,0,0,8,1,0,9,0,0,0,9
10/03/2021,MWA,IL,AGL,CE,Federal Contract Tower,0,8,3,0,11,0,0,3,0,3,0,8,6,0,14,0,0,0,14
10/04/2021,MWA,IL,AGL,CE,Federal Contract Tower,0,15,0,2,17,0,31,13,0,44,0,46,13,2,61,174,0,174,235
10/05/2021,MWA,IL,AGL,CE,Federal Contract Tower,0,17,1,0,18,0,14,2,0,16,0,31,3,0,34,82,0,82,116
10/06/2021,MWA,IL,AGL,CE,Federal Contract Tower,0,14,2,0,16,0,18,10,0,28,0,32,12,0,44,62,0,62,106
10/07/2021,MWA,IL,AGL,CE,Federal Contract Tower,0,19,1,0,20,0,14,8,2,24,0,33,9,2,44,26,0,26,70
10/08/2021,MWA,IL,AGL,CE,Federal Contract Tower,2,13,3,0,18,0,19,11,0,30,2,32,14,0,48,106,0,106,154
10/09/2021,MWA,IL,AGL,CE,Federal Contract Tower,0,13,2,0,15,0,40,13,0,53,0,53,15,0,68,32,0,32,100
10/10/2021,MWA,IL,AGL,CE,Federal Contract Tower,0,8,1,0,9,0,8,4,0,12,0,16,5,0,21,0,0,0,21
10/11/2021,MWA,IL,AGL,CE,Federal Contract Tower,0,6,0,0,6,0,2,1,0,3,0,8,1,0,9,0,0,0,9
10/12/2021,MWA,IL,AGL,CE,Federal Contract Tower,0,7,1,0,8,0,71,19,0,90,0,78,20,0,98,144,0,144,242
10/13/2021,MWA,IL,AGL,CE,Federal Contract Tower,0,18,3,0,21,0,51,4,0,55,0,69,7,0,76,88,0,88,164
10/14/2021,MWA,IL,AGL,CE,Federal Contract Tower,0,14,0,0,14,0,34,8,0,42,0,48,8,0,56,60,0,60,116
10/15/2021,MWA,IL,AGL,CE,Federal Contract Tower,1,16,3,0,20,0,1,3,0,4,1,17,6,0,24,0,0,0,24
10/16/2021,MWA,IL,AGL,CE,Federal Contract Tower,0,13,1,2,16,0,27,10,0,37,0,40,11,2,53,36,0,36,89
10/17/2021,MWA,IL,AGL,CE,Federal Contract Tower,0,11,4,0,15,0,4,29,0,33,0,15,33,0,48,56,0,56,104
10/18/2021,MWA,IL,AGL,CE,Federal Contract Tower,0,12,3,2,17,0,54,29,0,83,0,66,32,2,100,134,12,146,246
10/19/2021,MWA,IL,AGL,CE,Federal Contract Tower,0,8,1,0,9,0,40,42,0,82,0,48,43,0,91,112,0,112,203
10/20/2021,MWA,IL,AGL,CE,Federal Contract Tower,0,19,3,6,28,0,22,28,0,50,0,41,31,6,78,128,8,136,214
10/21/2021,MWA,IL,AGL,CE,Federal Contract Tower,0,11,1,0,12,0,53,13,0,66,0,64,14,0,78,80,0,80,158
10/22/2021,MWA,IL,AGL,CE,Federal Contract Tower,0,14,1,0,15,0,32,9,0,41,0,46,10,0,56,94,0,94,150
10/23/2021,MWA,IL,AGL,CE,Federal Contract Tower,0,8,2,0,10,0,0,1,0,1,0,8,3,0,11,0,0,0,11
10/24/2021,MWA,IL,AGL,CE,Federal Contract Tower,0,3,1,0,4,0,5,0,0,5,0,8,1,0,9,0,0,0,9
10/25/2021,MWA,IL,AGL,CE,Federal Contract Tower,0,20,0,0,20,0,7,0,0,7,0,27,0,0,27,2,0,2,29
10/26/2021,MWA,IL,AGL,CE,Federal Contract Tower,0,9,2,0,11,0,50,17,0,67,0,59,19,0,78,120,0,120,198
10/27/2021,MWA,IL,AGL,CE,Federal Contract Tower,0,10,1,0,11,0,30,19,0,49,0,40,20,0,60,66,0,66,126
10/28/2021,MWA,IL,AGL,CE,Federal Contract Tower,1,18,0,0,19,0,9,0,0,9,1,27,0,0,28,8,0,8,36
10/29/2021,MWA,IL,AGL,CE,Federal Contract Tower,1,16,0,0,17,0,4,0,0,4,1,20,0,0,21,4,0,4,25
10/30/2021,MWA,IL,AGL,CE,Federal Contract Tower,1,6,3,0,10,0,3,0,0,3,1,9,3,0,13,0,0,0,13
10/31/2021,MWA,IL,AGL,CE,Federal Contract Tower,0,5,2,0,7,0,11,6,0,17,0,16,8,0,24,22,0,22,46
11/01/2021,MWA,IL,AGL,CE,Federal Contract Tower,0,11,1,0,12,0,23,5,0,28,0,34,6,0,40,82,0,82,122
11/02/2021,MWA,IL,AGL,CE,Federal Contract Tower,0,9,1,0,10,0,37,9,0,46,0,46,10,0,56,68,0,68,124
11/03/2021,MWA,IL,AGL,CE,Federal Contract Tower,0,13,0,0,13,0,22,18,0,40,0,35,18,0,53,96,0,96,149
11/04/2021,MWA,IL,AGL,CE,Federal Contract Tower,0,11,0,0,11,0,39,14,4,57,0,50,14,4,68,164,0,164,232
11/05/2021,MWA,IL,AGL,CE,Federal Contract Tower,0,16,2,0,18,0,31,9,0,40,0,47,11,0,58,87,0,87,145
11/06/2021,MWA,IL,AGL,CE,Federal Contract Tower,0,7,0,0,7,0,14,14,0,28,0,21,14,0,35,56,0,56,91
11/07/2021,MWA,IL,AGL,CE,Federal Contract Tower,0,10,2,0,12,0,3,12,0,15,0,13,14,0,27,36,0,36,63
11/08/2021,MWA,IL,AGL,CE,Federal Contract Tower,0,13,5,0,18,0,27,9,0,36,0,40,14,0,54,68,0,68,122
11/09/2021,MWA,IL,AGL,CE,Federal Contract Tower,0,9,3,0,12,0,22,6,1,29,0,31,9,1,41,108,0,108,149
11/10/2021,MWA,IL,AGL,CE,Federal Contract Tower,0,10,1,0,11,0,20,12,5,37,0,30,13,5,48,106,0,106,154
11/11/2021,MWA,IL,AGL,CE,Federal Contract Tower,0,11,2,0,13,0,2,1,0,3,0,13,3,0,16,2,0,2,18
11/12/2021,MWA,IL,AGL,CE,Federal Contract Tower,0,11,1,0,12,0,9,0,0,9,0,20,1,0,21,0,0,0,21
11/13/2021,MWA,IL,AGL,CE,Federal Contract Tower,0,7,1,0,8,0,0,14,0,14,0,7,15,0,22,0,0,0,22
11/14/2021,MWA,IL,AGL,CE,Federal Contract Tower,0,8,0,0,8,0,2,0,0,2,0,10,0,0,10,4,0,4,14
11/15/2021,MWA,IL,AGL,CE,Federal Contract Tower,0,15,0,0,15,0,36,4,0,40,0,51,4,0,55,110,0,110,165
11/16/2021,MWA,IL,AGL,CE,Federal Contract Tower,0,15,1,0,16,0,13,8,0,21,0,28,9,0,37,38,0,38,75
11/17/2021,MWA,IL,AGL,CE,Federal Contract Tower,0,15,2,0,17,0,1,0,1,2,0,16,2,1,19,0,0,0,19
11/18/2021,MWA,IL,AGL,CE,Federal Contract Tower,0,10,2,0,12,0,39,9,1,49,0,49,11,1,61,160,0,160,221
11/19/2021,MWA,IL,AGL,CE,Federal Contract Tower,2,16,3,0,21,0,27,24,0,51,2,43,27,0,72,126,0,126,198
11/20/2021,MWA,IL,AGL,CE,Federal Contract Tower,2,8,1,0,11,0,8,11,0,19,2,16,12,0,30,56,0,56,86
11/21/2021,MWA,IL,AGL,CE,Federal Contract Tower,0,9,5,0,14,0,3,2,0,5,0,12,7,0,19,8,0,8,27
11/22/2021,MWA,IL,AGL,CE,Federal Contract Tower,0,13,3,0,16,0,16,24,0,40,0,29,27,0,56,52,0,52,108
11/23/2021,MWA,IL,AGL,CE,Federal Contract Tower,0,8,1,0,9,0,23,18,0,41,0,31,19,0,50,26,0,26,76
11/24/2021,MWA,IL,AGL,CE,Federal Contract Tower,0,6,0,0,6,0,4,4,0,8,0,10,4,0,14,0,0,0,14
11/25/2021,MWA,IL,AGL,CE,Federal Contract Tower,0,11,0,0,11,0,0,1,0,1,0,11,1,0,12,0,0,0,12
11/26/2021,MWA,IL,AGL,CE,Federal Contract Tower,2,10,4,0,16,0,2,14,0,16,2,12,18,0,32,4,0,4,36
11/27/2021,MWA,IL,AGL,CE,Federal Contract Tower,0,3,0,0,3,0,23,24,0,47,0,26,24,0,50,20,0,20,70
11/28/2021,MWA,IL,AGL,CE,Federal Contract Tower,1,5,4,0,10,0,4,20,0,24,1,9,24,0,34,0,0,0,34
11/29/2021,MWA,IL,AGL,CE,Federal Contract Tower,0,7,2,0,9,0,18,23,0,41,0,25,25,0,50,50,0,50,100
11/30/2021,MWA,IL,AGL,CE,Federal Contract Tower,0,11,4,0,15,0,17,13,0,30,0,28,17,0,45,48,0,48,93
12/01/2021,MWA,IL,AGL,CE,Federal Contract Tower,0,16,1,0,17,0,18,11,0,29,0,34,12,0,46,20,0,20,66
12/02/2021,MWA,IL,AGL,CE,Federal Contract Tower,0,16,2,0,18,0,21,13,0,34,0,37,15,0,52,116,0,116,168
12/03/2021,MWA,IL,AGL,CE,Federal Contract Tower,2,24,0,0,26,0,18,23,0,41,2,42,23,0,67,98,0,98,165
12/04/2021,MWA,IL,AGL,CE,Federal Contract Tower,0,14,4,2,20,0,6,33,4,43,0,20,37,6,63,10,0,10,73
12/05/2021,MWA,IL,AGL,CE,Federal Contract Tower,0,6,0,0,6,0,6,0,0,6,0,12,0,0,12,0,0,0,12
12/06/2021,MWA,IL,AGL,CE,Federal Contract Tower,0,8,0,0,8,0,15,2,0,17,0,23,2,0,25,6,0,6,31
12/07/2021,MWA,IL,AGL,CE,Federal Contract Tower,0,7,2,0,9,0,21,17,0,38,0,28,19,0,47,14,0,14,61
12/08/2021,MWA,IL,AGL,CE,Federal Contract Tower,0,9,4,0,13,0,10,11,0,21,0,19,15,0,34,20,0,20,54
12/09/2021,MWA,IL,AGL,CE,Federal Contract Tower,0,16,3,0,19,0,2,11,0,13,0,18,14,0,32,28,0,28,60
12/11/2021,MWA,IL,AGL,CE,Federal Contract Tower,0,8,0,0,8,0,2,4,0,6,0,10,4,0,14,0,0,0,14
12/12/2021,MWA,IL,AGL,CE,Federal Contract Tower,0,5,1,0,6,0,2,12,0,14,0,7,13,0,20,4,0,4,24
12/13/2021,MWA,IL,AGL,CE,Federal Contract Tower,0,15,5,0,20,0,13,16,0,29,0,28,21,0,49,38,0,38,87
12/14/2021,MWA,IL,AGL,CE,Federal Contract Tower,0,16,4,0,20,0,9,15,0,24,0,25,19,0,44,52,0,52,96
12/15/2021,MWA,IL,AGL,CE,Federal Contract Tower,0,7,0,0,7,0,0,0,0,0,0,7,0,0,7,0,0,0,7
12/16/2021,MWA,IL,AGL,CE,Federal Contract Tower,0,11,0,0,11,0,7,3,0,10,0,18,3,0,21,0,0,0,21
12/18/2021,MWA,IL,AGL,CE,Federal Contract Tower,0,0,0,0,0,0,2,1,0,3,0,2,1,0,3,6,0,6,9
12/19/2021,MWA,IL,AGL,CE,Federal Contract Tower,0,7,1,0,8,0,0,11,0,11,0,7,12,0,19,0,0,0,19
12/20/2021,MWA,IL,AGL,CE,Federal Contract Tower,0,14,5,2,21,0,7,23,6,36,0,21,28,8,57,60,10,70,127
12/21/2021,MWA,IL,AGL,CE,Federal Contract Tower,0,10,0,0,10,0,12,17,0,29,0,22,17,0,39,14,0,14,53
12/22/2021,MWA,IL,AGL,CE,Federal Contract Tower,0,10,0,0,10,0,22,5,0,27,0,32,5,0,37,16,0,16,53
12/23/2021,MWA,IL,AGL,CE,Federal Contract Tower,0,8,3,0,11,0,6,8,0,14,0,14,11,0,25,0,0,0,25
12/24/2021,MWA,IL,AGL,CE,Federal Contract Tower,0,6,3,0,9,0,6,0,0,6,0,12,3,0,15,0,0,0,15
12/25/2021,MWA,IL,AGL,CE,Federal Contract Tower,0,4,1,0,5,0,2,2,0,4,0,6,3,0,9,0,0,0,9
12/26/2021,MWA,IL,AGL,CE,Federal Contract Tower,0,6,2,0,8,0,0,1,0,1,0,6,3,0,9,0,0,0,9
12/27/2021,MWA,IL,AGL,CE,Federal Contract Tower,0,18,0,0,18,0,0,7,0,7,0,18,7,0,25,14,0,14,39
12/28/2021,MWA,IL,AGL,CE,Federal Contract Tower,0,11,1,0,12,0,1,0,0,1,0,12,1,0,13,0,0,0,13
12/29/2021,MWA,IL,AGL,CE,Federal Contract Tower,0,4,0,0,4,0,0,1,0,1,0,4,1,0,5,0,0,0,5
12/30/2021,MWA,IL,AGL,CE,Federal Contract Tower,0,12,2,0,14,0,0,0,0,0,0,12,2,0,14,0,0,0,14
12/31/2021,MWA,IL,AGL,CE,Federal Contract Tower,0,12,2,0,14,0,2,2,0,4,0,14,4,0,18,0,0,0,18
01/01/2022,MWA,IL,AGL,CE,Federal Contract Tower,0,4,0,0,4,0,0,0,0,0,0,4,0,0,4,0,0,0,4
01/02/2022,MWA,IL,AGL,CE,Federal Contract Tower,0,9,0,0,9,0,0,0,0,0,0,9,0,0,9,6,0,6,15
01/03/2022,MWA,IL,AGL,CE,Federal Contract Tower,0,14,3,0,17,0,9,2,0,11,0,23,5,0,28,2,0,2,30
01/04/2022,MWA,IL,AGL,CE,Federal Contract Tower,0,11,0,0,11,0,3,4,0,7,0,14,4,0,18,0,0,0,18
01/05/2022,MWA,IL,AGL,CE,Federal Contract Tower,0,8,1,0,9,0,23,3,0,26,0,31,4,0,35,10,0,10,45
01/06/2022,MWA,IL,AGL,CE,Federal Contract Tower,0,8,0,0,8,0,1,0,0,1,0,9,0,0,9,0,0,0,9
01/07/2022,MWA,IL,AGL,CE,Federal Contract Tower,0,14,2,0,16,0,0,7,0,7,0,14,9,0,23,0,0,0,23
01/08/2022,MWA,IL,AGL,CE,Federal Contract Tower,0,8,0,0,8,0,0,2,0,2,0,8,2,0,10,0,0,0,10
01/09/2022,MWA,IL,AGL,CE,Federal Contract Tower,0,10,0,0,10,0,1,8,0,9,0,11,8,0,19,20,0,20,39
01/10/2022,MWA,IL,AGL,CE,Federal Contract Tower,0,8,1,0,9,0,17,19,0,36,0,25,20,0,45,48,0,48,93
01/11/2022,MWA,IL,AGL,CE,Federal Contract Tower,0,11,0,0,11,0,14,18,0,32,0,25,18,0,43,48,0,48,91
01/12/2022,MWA,IL,AGL,CE,Federal Contract Tower,0,9,1,0,10,0,12,5,0,17,0,21,6,0,27,12,0,12,39
01/13/2022,MWA,IL,AGL,CE,Federal Contract Tower,0,7,0,0,7,0,26,6,0,32,0,33,6,0,39,60,0,60,99
01/14/2022,MWA,IL,AGL,CE,Federal Contract Tower,0,14,2,0,16,0,0,0,0,0,0,14,2,0,16,0,0,0,16
01/15/2022,MWA,IL,AGL,CE,Federal Contract Tower,2,6,0,0,8,0,0,0,0,0,2,6,0,0,8,0,0,0,8
01/16/2022,MWA,IL,AGL,CE,Federal Contract Tower,0,7,1,0,8,0,2,12,0,14,0,9,13,0,22,12,0,12,34
01/17/2022,MWA,IL,AGL,CE,Federal Contract Tower,0,6,0,0,6,0,6,6,0,12,0,12,6,0,18,0,0,0,18
01/18/2022,MWA,IL,AGL,CE,Federal Contract Tower,0,1,0,0,1,0,17,4,0,21,0,18,4,0,22,16,0,16,38
01/19/2022,MWA,IL,AGL,CE,Federal Contract Tower,0,5,4,0,9,0,6,4,0,10,0,11,8,0,19,26,0,26,45
01/20/2022,MWA,IL,AGL,CE,Federal Contract Tower,0,13,0,0,13,0,24,19,0,43,0,37,19,0,56,130,0,130,186
01/21/2022,MWA,IL,AGL,CE,Federal Contract Tower,0,14,3,0,17,0,17,16,0,33,0,31,19,0,50,150,0,150,200
01/22/2022,MWA,IL,AGL,CE,Federal Contract Tower,0,6,2,0,8,0,12,16,0,28,0,18,18,0,36,36,0,36,72
01/23/2022,MWA,IL,AGL,CE,Federal Contract Tower,0,5,2,0,7,0,10,5,0,15,0,15,7,0,22,36,0,36,58
01/24/2022,MWA,IL,AGL,CE,Federal Contract Tower,0,8,0,0,8,0,11,5,0,16,0,19,5,0,24,136,0,136,160
01/25/2022,MWA,IL,AGL,CE,Federal Contract Tower,0,8,4,0,12,0,1,7,0,8,0,9,11,0,20,86,0,86,106
01/26/2022,MWA,IL,AGL,CE,Federal Contract Tower,1,10,0,0,11,0,26,14,0,40,1,36,14,0,51,18,0,18,69
01/27/2022,MWA,IL,AGL,CE,Federal Contract Tower,0,7,0,0,7,0,15,4,0,19,0,22,4,0,26,50,0,50,76
01/28/2022,MWA,IL,AGL,CE,Federal Contract Tower,0,5,0,0,5,0,9,1,0,10,0,14,1,0,15,30,0,30,45
01/29/2022,MWA,IL,AGL,CE,Federal Contract Tower,0,9,5,0,14,0,12,23,0,35,0,21,28,0,49,0,0,0,49
01/30/2022,MWA,IL,AGL,CE,Federal Contract Tower,1,6,0,0,7,0,13,13,0,26,1,19,13,0,33,18,0,18,51
01/31/2022,MWA,IL,AGL,CE,Federal Contract Tower,0,9,0,0,9,0,11,17,0,28,0,20,17,0,37,74,0,74,111
02/01/2022,MWA,IL,AGL,CE,Federal Contract Tower,0,9,2,0,11,0,51,10,0,61,0,60,12,0,72,54,0,54,126
02/02/2022,MWA,IL,AGL,CE,Federal Contract Tower,0,2,0,0,2,0,0,0,0,0,0,2,0,0,2,0,0,0,2
02/03/2022,MWA,IL,AGL,CE,Federal Contract Tower,0,8,0,0,8,0,10,8,2,20,0,18,8,2,28,32,0,32,60
02/04/2022,MWA,IL,AGL,CE,Federal Contract Tower,0,3,0,0,3,0,8,0,0,8,0,11,0,0,11,0,0,0,11
02/05/2022,MWA,IL,AGL,CE,Federal Contract Tower,3,8,12,0,23,0,0,0,0,0,3,8,12,0,23,0,0,0,23
02/06/2022,MWA,IL,AGL,CE,Federal Contract Tower,0,16,3,0,19,0,0,9,0,9,0,16,12,0,28,0,0,0,28
02/07/2022,MWA,IL,AGL,CE,Federal Contract Tower,0,12,2,0,14,0,27,10,0,37,0,39,12,0,51,160,0,160,211
02/08/2022,MWA,IL,AGL,CE,Federal Contract Tower,2,9,3,0,14,0,38,15,0,53,2,47,18,0,67,148,0,148,215
02/09/2022,MWA,IL,AGL,CE,Federal Contract Tower,0,12,0,0,12,0,35,13,0,48,0,47,13,0,60,116,0,116,176
02/10/2022,MWA,IL,AGL,CE,Federal Contract Tower,1,18,0,0,19,0,37,11,0,48,1,55,11,0,67,118,0,118,185
02/11/2022,MWA,IL,AGL,CE,Federal Contract Tower,2,13,2,0,17,0,11,6,0,17,2,24,8,0,34,14,0,14,48
02/12/2022,MWA,IL,AGL,CE,Federal Contract Tower,0,6,0,0,6,0,2,1,0,3,0,8,1,0,9,0,0,0,9
02/13/2022,MWA,IL,AGL,CE,Federal Contract Tower,2,17,2,0,21,0,7,6,1,14,2,24,8,1,35,20,0,20,55
02/14/2022,MWA,IL,AGL,CE,Federal Contract Tower,0,6,0,0,6,0,38,7,0,45,0,44,7,0,51,150,0,150,201
02/15/2022,MWA,IL,AGL,CE,Federal Contract Tower,0,15,4,0,19,0,25,7,0,32,0,40,11,0,51,16,0,16,67
02/16/2022,MWA,IL,AGL,CE,Federal Contract Tower,0,11,3,0,14,0,5,2,0,7,0,16,5,0,21,0,0,0,21
02/17/2022,MWA,IL,AGL,CE,Federal Contract Tower,0,5,0,0,5,0,0,0,0,0,0,5,0,0,5,0,0,0,5
02/18/2022,MWA,IL,AGL,CE,Federal Contract Tower,0,9,1,2,12,0,13,18,1,32,0,22,19,3,44,58,0,58,102
02/19/2022,MWA,IL,AGL,CE,Federal Contract Tower,0,4,2,0,6,0,6,10,0,16,0,10,12,0,22,16,0,16,38
02/20/2022,MWA,IL,AGL,CE,Federal Contract Tower,0,8,1,0,9,0,20,3,0,23,0,28,4,0,32,0,0,0,32
02/21/2022,MWA,IL,AGL,CE,Federal Contract Tower,0,10,9,0,19,0,25,1,0,26,0,35,10,0,45,50,0,50,95
02/22/2022,MWA,IL,AGL,CE,Federal Contract Tower,0,14,1,0,15,0,0,0,0,0,0,14,1,0,15,0,0,0,15
02/23/2022,MWA,IL,AGL,CE,Federal Contract Tower,0,4,0,0,4,0,4,4,0,8,0,8,4,0,12,34,0,34,46
02/24/2022,MWA,IL,AGL,CE,Federal Contract Tower,0,0,0,0,0,0,0,0,0,0,0,0,0,0,0,0,0,0,0
02/25/2022,MWA,IL,AGL,CE,Federal Contract Tower,2,11,0,0,13,0,4,0,0,4,2,15,0,0,17,0,0,0,17
02/26/2022,MWA,IL,AGL,CE,Federal Contract Tower,0,6,1,0,7,0,20,5,0,25,0,26,6,0,32,8,0,8,40
02/27/2022,MWA,IL,AGL,CE,Federal Contract Tower,0,7,2,4,13,0,13,11,2,26,0,20,13,6,39,20,0,20,59
02/28/2022,MWA,IL,AGL,CE,Federal Contract Tower,0,5,6,0,11,0,65,14,0,79,0,70,20,0,90,138,0,138,228
03/01/2022,MWA,IL,AGL,CE,Federal Contract Tower,0,10,2,0,12,0,28,19,0,47,0,38,21,0,59,72,0,72,131
03/02/2022,MWA,IL,AGL,CE,Federal Contract Tower,0,16,2,0,18,0,21,24,3,48,0,37,26,3,66,56,0,56,122
03/03/2022,MWA,IL,AGL,CE,Federal Contract Tower,0,8,0,0,8,0,30,13,2,45,0,38,13,2,53,98,6,104,157
03/04/2022,MWA,IL,AGL,CE,Federal Contract Tower,0,10,1,0,11,0,19,15,0,34,0,29,16,0,45,26,0,26,71
03/05/2022,MWA,IL,AGL,CE,Federal Contract Tower,0,9,0,0,9,0,6,1,0,7,0,15,1,0,16,0,0,0,16
03/06/2022,MWA,IL,AGL,CE,Federal Contract Tower,0,11,1,0,12,0,4,0,0,4,0,15,1,0,16,0,0,0,16
03/07/2022,MWA,IL,AGL,CE,Federal Contract Tower,0,6,5,0,11,0,2,0,0,2,0,8,5,0,13,0,0,0,13
03/08/2022,MWA,IL,AGL,CE,Federal Contract Tower,0,14,5,0,19,0,6,12,0,18,0,20,17,0,37,20,0,20,57
03/09/2022,MWA,IL,AGL,CE,Federal Contract Tower,0,10,0,0,10,0,10,22,0,32,0,20,22,0,42,30,0,30,72
03/10/2022,MWA,IL,AGL,CE,Federal Contract Tower,0,14,0,0,14,0,10,17,0,27,0,24,17,0,41,28,0,28,69
03/11/2022,MWA,IL,AGL,CE,Federal Contract Tower,0,10,0,0,10,0,0,1,0,1,0,10,1,0,11,0,0,0,11
03/12/2022,MWA,IL,AGL,CE,Federal Contract Tower,0,2,1,0,3,0,12,6,0,18,0,14,7,0,21,6,0,6,27
03/13/2022,MWA,IL,AGL,CE,Federal Contract Tower,0,6,3,0,9,0,6,4,0,10,0,12,7,0,19,0,0,0,19
03/14/2022,MWA,IL,AGL,CE,Federal Contract Tower,0,8,0,0,8,0,11,8,0,19,0,19,8,0,27,32,0,32,59
03/15/2022,MWA,IL,AGL,CE,Federal Contract Tower,0,9,0,0,9,0,22,3,0,25,0,31,3,0,34,62,16,78,112
03/16/2022,MWA,IL,AGL,CE,Federal Contract Tower,0,16,0,0,16,0,45,21,2,68,0,61,21,2,84,158,8,166,250
03/17/2022,MWA,IL,AGL,CE,Federal Contract Tower,0,17,0,1,18,0,30,18,0,48,0,47,18,1,66,108,0,108,174
03/18/2022,MWA,IL,AGL,CE,Federal Contract Tower,0,7,1,0,8,0,8,0,0,8,0,15,1,0,16,0,0,0,16
03/19/2022,MWA,IL,AGL,CE,Federal Contract Tower,0,2,1,0,3,0,2,1,0,3,0,4,2,0,6,4,0,4,10
03/20/2022,MWA,IL,AGL,CE,Federal Contract Tower,2,4,2,0,8,0,5,3,0,8,2,9,5,0,16,22,0,22,38
03/21/2022,MWA,IL,AGL,CE,Federal Contract Tower,0,6,0,0,6,0,23,9,5,37,0,29,9,5,43,62,0,62,105
03/22/2022,MWA,IL,AGL,CE,Federal Contract Tower,0,8,3,0,11,0,0,0,0,0,0,8,3,0,11,0,0,0,11
03/23/2022,MWA,IL,AGL,CE,Federal Contract Tower,0,14,0,0,14,0,0,0,0,0,0,14,0,0,14,0,0,0,14
03/24/2022,MWA,IL,AGL,CE,Federal Contract Tower,0,9,1,0,10,0,13,3,0,16,0,22,4,0,26,18,0,18,44
03/25/2022,MWA,IL,AGL,CE,Federal Contract Tower,0,7,2,0,9,0,12,8,0,20,0,19,10,0,29,88,0,88,117
03/26/2022,MWA,IL,AGL,CE,Federal Contract Tower,0,5,0,0,5,0,8,0,6,14,0,13,0,6,19,0,6,6,25
03/27/2022,MWA,IL,AGL,CE,Federal Contract Tower,0,5,0,0,5,0,8,7,0,15,0,13,7,0,20,0,0,0,20
03/28/2022,MWA,IL,AGL,CE,Federal Contract Tower,0,5,0,0,5,0,28,11,1,40,0,33,11,1,45,80,4,84,129
03/29/2022,MWA,IL,AGL,CE,Federal Contract Tower,0,6,3,0,9,0,41,5,0,46,0,47,8,0,55,20,0,20,75
03/30/2022,MWA,IL,AGL,CE,Federal Contract Tower,0,9,2,0,11,0,1,0,0,1,0,10,2,0,12,0,0,0,12
03/31/2022,MWA,IL,AGL,CE,Federal Contract Tower,0,9,1,0,10,0,29,12,0,41,0,38,13,0,51,104,0,104,155
04/01/2022,MWA,IL,AGL,CE,Federal Contract Tower,0,3,2,0,5,0,24,26,3,53,0,27,28,3,58,156,0,156,214
04/02/2022,MWA,IL,AGL,CE,Federal Contract Tower,0,3,0,0,3,0,30,1,0,31,0,33,1,0,34,8,0,8,42
04/03/2022,MWA,IL,AGL,CE,Federal Contract Tower,0,6,0,1,7,0,16,7,2,25,0,22,7,3,32,8,0,8,40
04/04/2022,MWA,IL,AGL,CE,Federal Contract Tower,0,8,0,0,8,0,27,5,0,32,0,35,5,0,40,18,0,18,58
04/05/2022,MWA,IL,AGL,CE,Federal Contract Tower,0,10,2,0,12,0,36,9,0,45,0,46,11,0,57,54,0,54,111
04/06/2022,MWA,IL,AGL,CE,Federal Contract Tower,0,13,3,0,16,0,16,8,0,24,0,29,11,0,40,76,0,76,116
04/07/2022,MWA,IL,AGL,CE,Federal Contract Tower,0,8,1,0,9,0,21,8,0,29,0,29,9,0,38,38,0,38,76
04/08/2022,MWA,IL,AGL,CE,Federal Contract Tower,0,5,0,0,5,0,3,0,0,3,0,8,0,0,8,0,0,0,8
04/09/2022,MWA,IL,AGL,CE,Federal Contract Tower,0,3,0,0,3,0,20,8,1,29,0,23,8,1,32,50,0,50,82
04/10/2022,MWA,IL,AGL,CE,Federal Contract Tower,0,8,0,0,8,0,2,6,1,9,0,10,6,1,17,4,0,4,21
04/11/2022,MWA,IL,AGL,CE,Federal Contract Tower,0,4,0,0,4,0,8,2,0,10,0,12,2,0,14,16,0,16,30
04/12/2022,MWA,IL,AGL,CE,Federal Contract Tower,0,13,1,0,14,0,0,0,0,0,0,13,1,0,14,0,0,0,14
04/13/2022,MWA,IL,AGL,CE,Federal Contract Tower,0,3,1,0,4,0,1,0,0,1,0,4,1,0,5,0,0,0,5
04/14/2022,MWA,IL,AGL,CE,Federal Contract Tower,0,12,0,0,12,0,48,26,0,74,0,60,26,0,86,206,0,206,292
04/15/2022,MWA,IL,AGL,CE,Federal Contract Tower,0,7,2,0,9,0,5,5,0,10,0,12,7,0,19,52,0,52,71
04/16/2022,MWA,IL,AGL,CE,Federal Contract Tower,0,7,2,0,9,0,16,2,0,18,0,23,4,0,27,18,0,18,45
04/17/2022,MWA,IL,AGL,CE,Federal Contract Tower,0,8,2,0,10,0,15,2,0,17,0,23,4,0,27,0,0,0,27
04/18/2022,MWA,IL,AGL,CE,Federal Contract Tower,0,4,0,0,4,0,2,3,0,5,0,6,3,0,9,22,0,22,31
04/19/2022,MWA,IL,AGL,CE,Federal Contract Tower,0,8,1,2,11,0,49,22,1,72,0,57,23,3,83,146,0,146,229
04/20/2022,MWA,IL,AGL,CE,Federal Contract Tower,0,10,0,0,10,0,19,8,0,27,0,29,8,0,37,64,0,64,101
04/21/2022,MWA,IL,AGL,CE,Federal Contract Tower,0,20,0,0,20,0,6,0,0,6,0,26,0,0,26,22,0,22,48
04/22/2022,MWA,IL,AGL,CE,Federal Contract Tower,0,9,0,0,9,0,23,9,0,32,0,32,9,0,41,48,0,48,89
04/23/2022,MWA,IL,AGL,CE,Federal Contract Tower,0,8,0,0,8,0,8,0,0,8,0,16,0,0,16,0,0,0,16
04/24/2022,MWA,IL,AGL,CE,Federal Contract Tower,0,9,0,0,9,0,0,0,0,0,0,9,0,0,9,0,0,0,9
04/25/2022,MWA,IL,AGL,CE,Federal Contract Tower,0,11,6,0,17,0,0,8,0,8,0,11,14,0,25,14,0,14,39
04/26/2022,MWA,IL,AGL,CE,Federal Contract Tower,0,13,2,0,15,0,27,10,0,37,0,40,12,0,52,86,0,86,138
04/27/2022,MWA,IL,AGL,CE,Federal Contract Tower,0,11,0,0,11,0,31,21,0,52,0,42,21,0,63,138,0,138,201
04/28/2022,MWA,IL,AGL,CE,Federal Contract Tower,0,11,1,0,12,0,32,9,0,41,0,43,10,0,53,70,0,70,123
04/29/2022,MWA,IL,AGL,CE,Federal Contract Tower,0,12,1,0,13,0,16,4,2,22,0,28,5,2,35,12,6,18,53
04/30/2022,MWA,IL,AGL,CE,Federal Contract Tower,0,5,0,0,5,0,2,0,0,2,0,7,0,0,7,0,0,0,7
05/01/2022,MWA,IL,AGL,CE,Federal Contract Tower,0,11,1,0,12,0,4,8,0,12,0,15,9,0,24,0,0,0,24
05/02/2022,MWA,IL,AGL,CE,Federal Contract Tower,0,12,0,0,12,0,17,9,0,26,0,29,9,0,38,80,0,80,118
05/03/2022,MWA,IL,AGL,CE,Federal Contract Tower,0,15,0,0,15,0,40,4,0,44,0,55,4,0,59,74,0,74,133
05/04/2022,MWA,IL,AGL,CE,Federal Contract Tower,0,19,3,0,22,0,3,1,0,4,0,22,4,0,26,0,0,0,26
05/05/2022,MWA,IL,AGL,CE,Federal Contract Tower,0,15,3,0,18,0,1,0,0,1,0,16,3,0,19,0,0,0,19
05/06/2022,MWA,IL,AGL,CE,Federal Contract Tower,0,15,0,0,15,0,0,0,0,0,0,15,0,0,15,0,0,0,15
05/07/2022,MWA,IL,AGL,CE,Federal Contract Tower,0,9,3,0,12,0,6,15,0,21,0,15,18,0,33,30,0,30,63
05/08/2022,MWA,IL,AGL,CE,Federal Contract Tower,0,11,0,0,11,0,2,14,0,16,0,13,14,0,27,18,0,18,45
05/09/2022,MWA,IL,AGL,CE,Federal Contract Tower,0,8,2,0,10,0,26,12,0,38,0,34,14,0,48,84,0,84,132
05/10/2022,MWA,IL,AGL,CE,Federal Contract Tower,0,13,5,0,18,0,6,8,0,14,0,19,13,0,32,30,0,30,62
05/11/2022,MWA,IL,AGL,CE,Federal Contract Tower,0,10,4,0,14,0,33,11,0,44,0,43,15,0,58,44,0,44,102
05/12/2022,MWA,IL,AGL,CE,Federal Contract Tower,0,13,3,0,16,0,15,23,0,38,0,28,26,0,54,132,0,132,186
05/13/2022,MWA,IL,AGL,CE,Federal Contract Tower,0,14,5,0,19,0,17,17,0,34,0,31,22,0,53,80,0,80,133
05/14/2022,MWA,IL,AGL,CE,Federal Contract Tower,0,9,5,0,14,0,3,12,0,15,0,12,17,0,29,54,0,54,83
05/15/2022,MWA,IL,AGL,CE,Federal Contract Tower,0,13,7,0,20,0,12,7,0,19,0,25,14,0,39,34,0,34,73
05/16/2022,MWA,IL,AGL,CE,Federal Contract Tower,0,9,3,0,12,0,24,10,0,34,0,33,13,0,46,11,0,11,57
05/17/2022,MWA,IL,AGL,CE,Federal Contract Tower,0,7,0,0,7,0,26,10,0,36,0,33,10,0,43,54,0,54,97
05/18/2022,MWA,IL,AGL,CE,Federal Contract Tower,0,9,6,0,15,0,15,18,0,33,0,24,24,0,48,86,0,86,134
05/19/2022,MWA,IL,AGL,CE,Federal Contract Tower,0,11,3,0,14,0,16,16,0,32,0,27,19,0,46,82,0,82,128
05/20/2022,MWA,IL,AGL,CE,Federal Contract Tower,0,15,2,0,17,0,3,0,0,3,0,18,2,0,20,0,0,0,20
05/21/2022,MWA,IL,AGL,CE,Federal Contract Tower,0,8,0,0,8,0,0,2,0,2,0,8,2,0,10,0,0,0,10
05/22/2022,MWA,IL,AGL,CE,Federal Contract Tower,0,5,0,0,5,0,2,0,0,2,0,7,0,0,7,0,0,0,7
05/23/2022,MWA,IL,AGL,CE,Federal Contract Tower,0,3,4,0,7,0,28,13,3,44,0,31,17,3,51,80,0,80,131
05/24/2022,MWA,IL,AGL,CE,Federal Contract Tower,0,18,8,0,26,0,3,9,0,12,0,21,17,0,38,24,0,24,62
05/25/2022,MWA,IL,AGL,CE,Federal Contract Tower,0,0,12,0,12,0,1,0,0,1,0,1,12,0,13,2,0,2,15
05/26/2022,MWA,IL,AGL,CE,Federal Contract Tower,0,16,1,0,17,0,21,2,0,23,0,37,3,0,40,6,0,6,46
05/27/2022,MWA,IL,AGL,CE,Federal Contract Tower,0,30,2,0,32,0,0,2,0,2,0,30,4,0,34,2,0,2,36
05/28/2022,MWA,IL,AGL,CE,Federal Contract Tower,0,6,0,0,6,0,8,6,0,14,0,14,6,0,20,2,0,2,22
05/29/2022,MWA,IL,AGL,CE,Federal Contract Tower,0,5,0,0,5,0,2,11,0,13,0,7,11,0,18,2,0,2,20
05/30/2022,MWA,IL,AGL,CE,Federal Contract Tower,0,6,2,0,8,0,3,4,0,7,0,9,6,0,15,0,0,0,15
05/31/2022,MWA,IL,AGL,CE,Federal Contract Tower,0,7,2,0,9,0,14,25,0,39,0,21,27,0,48,32,0,32,80
06/01/2022,MWA,IL,AGL,CE,Federal Contract Tower,0,9,0,0,9,0,22,4,0,26,0,31,4,0,35,74,0,74,109
06/02/2022,MWA,IL,AGL,CE,Federal Contract Tower,0,11,1,0,12,0,9,8,0,17,0,20,9,0,29,30,0,30,59
06/03/2022,MWA,IL,AGL,CE,Federal Contract Tower,0,14,3,0,17,0,25,11,0,36,0,39,14,0,53,60,0,60,113
06/04/2022,MWA,IL,AGL,CE,Federal Contract Tower,0,8,3,0,11,0,20,11,0,31,0,28,14,0,42,50,0,50,92
06/05/2022,MWA,IL,AGL,CE,Federal Contract Tower,0,12,0,5,17,0,4,18,0,22,0,16,18,5,39,50,8,58,97
06/06/2022,MWA,IL,AGL,CE,Federal Contract Tower,0,2,0,0,2,0,6,1,0,7,0,8,1,0,9,43,0,43,52
06/07/2022,MWA,IL,AGL,CE,Federal Contract Tower,0,14,2,0,16,0,15,14,0,29,0,29,16,0,45,84,0,84,129
06/08/2022,MWA,IL,AGL,CE,Federal Contract Tower,0,14,1,0,15,0,12,0,0,12,0,26,1,0,27,70,0,70,97
06/09/2022,MWA,IL,AGL,CE,Federal Contract Tower,0,9,2,0,11,0,16,13,0,29,0,25,15,0,40,80,0,80,120
06/10/2022,MWA,IL,AGL,CE,Federal Contract Tower,0,14,3,0,17,0,27,14,0,41,0,41,17,0,58,138,0,138,196
06/11/2022,MWA,IL,AGL,CE,Federal Contract Tower,0,12,5,1,18,0,1,13,0,14,0,13,18,1,32,34,0,34,66
06/12/2022,MWA,IL,AGL,CE,Federal Contract Tower,0,13,0,0,13,0,5,8,0,13,0,18,8,0,26,14,0,14,40
06/13/2022,MWA,IL,AGL,CE,Federal Contract Tower,0,11,1,0,12,0,39,20,0,59,0,50,21,0,71,136,0,136,207
06/14/2022,MWA,IL,AGL,CE,Federal Contract Tower,0,10,5,0,15,0,39,16,0,55,0,49,21,0,70,122,0,122,192
06/15/2022,MWA,IL,AGL,CE,Federal Contract Tower,0,4,0,0,4,0,20,3,0,23,0,24,3,0,27,30,0,30,57
06/16/2022,MWA,IL,AGL,CE,Federal Contract Tower,0,10,0,0,10,0,37,5,0,42,0,47,5,0,52,90,0,90,142
06/17/2022,MWA,IL,AGL,CE,Federal Contract Tower,0,13,6,0,19,0,24,19,4,47,0,37,25,4,66,142,0,142,208
06/18/2022,MWA,IL,AGL,CE,Federal Contract Tower,0,9,4,0,13,0,14,19,2,35,0,23,23,2,48,78,6,84,132
06/19/2022,MWA,IL,AGL,CE,Federal Contract Tower,0,8,3,0,11,0,6,7,0,13,0,14,10,0,24,30,0,30,54
06/20/2022,MWA,IL,AGL,CE,Federal Contract Tower,0,6,2,0,8,0,9,21,0,30,0,15,23,0,38,60,0,60,98
06/21/2022,MWA,IL,AGL,CE,Federal Contract Tower,0,10,1,0,11,0,12,17,0,29,0,22,18,0,40,24,0,24,64
06/22/2022,MWA,IL,AGL,CE,Federal Contract Tower,0,6,1,0,7,0,22,7,0,29,0,28,8,0,36,18,0,18,54
06/23/2022,MWA,IL,AGL,CE,Federal Contract Tower,0,16,1,0,17,0,10,3,0,13,0,26,4,0,30,6,0,6,36
06/24/2022,MWA,IL,AGL,CE,Federal Contract Tower,0,7,1,0,8,0,10,25,0,35,0,17,26,0,43,56,0,56,99
06/25/2022,MWA,IL,AGL,CE,Federal Contract Tower,0,7,0,0,7,0,1,5,0,6,0,8,5,0,13,0,0,0,13
06/26/2022,MWA,IL,AGL,CE,Federal Contract Tower,0,6,2,0,8,0,0,6,0,6,0,6,8,0,14,0,0,0,14
06/27/2022,MWA,IL,AGL,CE,Federal Contract Tower,0,7,0,0,7,0,8,13,0,21,0,15,13,0,28,14,0,14,42
06/28/2022,MWA,IL,AGL,CE,Federal Contract Tower,0,9,0,0,9,0,24,9,0,33,0,33,9,0,42,34,0,34,76
06/29/2022,MWA,IL,AGL,CE,Federal Contract Tower,0,11,1,0,12,0,25,10,0,35,0,36,11,0,47,100,0,100,147
06/30/2022,MWA,IL,AGL,CE,Federal Contract Tower,0,13,2,0,15,0,9,9,0,18,0,22,11,0,33,28,0,28,61
07/01/2022,MWA,IL,AGL,CE,Federal Contract Tower,0,11,2,0,13,0,16,21,0,37,0,27,23,0,50,144,0,144,194
07/02/2022,MWA,IL,AGL,CE,Federal Contract Tower,0,7,0,0,7,0,0,4,0,4,0,7,4,0,11,0,0,0,11
07/03/2022,MWA,IL,AGL,CE,Federal Contract Tower,0,12,1,0,13,0,2,4,0,6,0,14,5,0,19,28,0,28,47
07/04/2022,MWA,IL,AGL,CE,Federal Contract Tower,0,6,0,0,6,0,24,6,0,30,0,30,6,0,36,0,0,0,36
07/05/2022,MWA,IL,AGL,CE,Federal Contract Tower,0,8,0,0,8,0,13,16,0,29,0,21,16,0,37,64,0,64,101
07/06/2022,MWA,IL,AGL,CE,Federal Contract Tower,0,11,2,0,13,0,11,15,0,26,0,22,17,0,39,102,0,102,141
07/07/2022,MWA,IL,AGL,CE,Federal Contract Tower,0,8,0,0,8,0,27,9,0,36,0,35,9,0,44,68,0,68,112
07/08/2022,MWA,IL,AGL,CE,Federal Contract Tower,0,12,0,0,12,0,20,8,0,28,0,32,8,0,40,48,0,48,88
07/09/2022,MWA,IL,AGL,CE,Federal Contract Tower,0,9,0,0,9,0,0,2,0,2,0,9,2,0,11,0,0,0,11
07/10/2022,MWA,IL,AGL,CE,Federal Contract Tower,0,8,0,0,8,0,2,9,0,11,0,10,9,0,19,2,0,2,21
07/11/2022,MWA,IL,AGL,CE,Federal Contract Tower,0,7,2,0,9,0,10,13,0,23,0,17,15,0,32,78,0,78,110
07/12/2022,MWA,IL,AGL,CE,Federal Contract Tower,0,10,2,0,12,0,10,9,0,19,0,20,11,0,31,24,0,24,55
07/13/2022,MWA,IL,AGL,CE,Federal Contract Tower,0,14,0,0,14,0,18,6,0,24,0,32,6,0,38,60,0,60,98
07/14/2022,MWA,IL,AGL,CE,Federal Contract Tower,0,12,0,0,12,0,25,8,0,33,0,37,8,0,45,106,0,106,151
07/15/2022,MWA,IL,AGL,CE,Federal Contract Tower,0,10,2,0,12,0,21,12,0,33,0,31,14,0,45,50,0,50,95
07/16/2022,MWA,IL,AGL,CE,Federal Contract Tower,0,9,2,0,11,0,5,7,0,12,0,14,9,0,23,20,0,20,43
07/17/2022,MWA,IL,AGL,CE,Federal Contract Tower,0,14,0,0,14,0,0,0,0,0,0,14,0,0,14,0,0,0,14
07/18/2022,MWA,IL,AGL,CE,Federal Contract Tower,0,11,2,0,13,0,0,4,0,4,0,11,6,0,17,26,0,26,43
07/19/2022,MWA,IL,AGL,CE,Federal Contract Tower,0,12,1,0,13,0,59,15,2,76,0,71,16,2,89,162,2,164,253
07/20/2022,MWA,IL,AGL,CE,Federal Contract Tower,0,12,0,0,12,0,9,16,0,25,0,21,16,0,37,54,0,54,91
07/21/2022,MWA,IL,AGL,CE,Federal Contract Tower,0,15,0,0,15,0,15,11,0,26,0,30,11,0,41,54,0,54,95
07/22/2022,MWA,IL,AGL,CE,Federal Contract Tower,0,11,0,0,11,0,17,12,0,29,0,28,12,0,40,56,0,56,96
07/23/2022,MWA,IL,AGL,CE,Federal Contract Tower,0,10,1,0,11,0,0,6,0,6,0,10,7,0,17,0,0,0,17
07/24/2022,MWA,IL,AGL,CE,Federal Contract Tower,0,9,4,0,13,0,4,3,0,7,0,13,7,0,20,0,0,0,20
07/25/2022,MWA,IL,AGL,CE,Federal Contract Tower,0,10,0,0,10,0,7,2,0,9,0,17,2,0,19,0,0,0,19
07/26/2022,MWA,IL,AGL,CE,Federal Contract Tower,0,9,0,0,9,0,18,7,0,25,0,27,7,0,34,10,0,10,44
07/27/2022,MWA,IL,AGL,CE,Federal Contract Tower,0,9,2,0,11,0,17,19,0,36,0,26,21,0,47,86,0,86,133
07/28/2022,MWA,IL,AGL,CE,Federal Contract Tower,0,6,4,0,10,0,1,3,0,4,0,7,7,0,14,18,0,18,32
07/29/2022,MWA,IL,AGL,CE,Federal Contract Tower,0,16,2,0,18,0,6,7,0,13,0,22,9,0,31,20,0,20,51
07/30/2022,MWA,IL,AGL,CE,Federal Contract Tower,0,6,1,0,7,0,0,4,0,4,0,6,5,0,11,2,0,2,13
07/31/2022,MWA,IL,AGL,CE,Federal Contract Tower,0,13,2,0,15,0,4,1,2,7,0,17,3,2,22,0,0,0,22
08/01/2022,MWA,IL,AGL,CE,Federal Contract Tower,0,6,1,0,7,0,6,0,0,6,0,12,1,0,13,6,0,6,19
08/02/2022,MWA,IL,AGL,CE,Federal Contract Tower,0,10,1,0,11,0,7,6,0,13,0,17,7,0,24,0,0,0,24
08/03/2022,MWA,IL,AGL,CE,Federal Contract Tower,3,11,2,0,16,0,9,4,0,13,3,20,6,0,29,62,0,62,91
08/04/2022,MWA,IL,AGL,CE,Federal Contract Tower,0,18,3,0,21,0,0,0,0,0,0,18,3,0,21,0,0,0,21
08/05/2022,MWA,IL,AGL,CE,Federal Contract Tower,0,13,2,0,15,0,1,1,0,2,0,14,3,0,17,0,0,0,17
08/06/2022,MWA,IL,AGL,CE,Federal Contract Tower,0,7,3,0,10,0,5,12,0,17,0,12,15,0,27,44,0,44,71
08/07/2022,MWA,IL,AGL,CE,Federal Contract Tower,0,10,0,0,10,0,3,0,0,3,0,13,0,0,13,0,0,0,13
08/08/2022,MWA,IL,AGL,CE,Federal Contract Tower,0,6,3,0,9,0,6,6,0,12,0,12,9,0,21,0,0,0,21
08/09/2022,MWA,IL,AGL,CE,Federal Contract Tower,0,14,0,0,14,0,2,0,0,2,0,16,0,0,16,0,0,0,16
08/10/2022,MWA,IL,AGL,CE,Federal Contract Tower,0,16,1,0,17,0,1,9,0,10,0,17,10,0,27,14,0,14,41
08/11/2022,MWA,IL,AGL,CE,Federal Contract Tower,0,13,4,0,17,0,11,15,2,28,0,24,19,2,45,16,0,16,61
08/12/2022,MWA,IL,AGL,CE,Federal Contract Tower,0,13,0,0,13,0,6,10,0,16,0,19,10,0,29,18,0,18,47
08/13/2022,MWA,IL,AGL,CE,Federal Contract Tower,0,6,1,0,7,0,6,8,0,14,0,12,9,0,21,30,0,30,51
08/14/2022,MWA,IL,AGL,CE,Federal Contract Tower,0,7,2,0,9,0,3,3,12,18,0,10,5,12,27,0,0,0,27
08/15/2022,MWA,IL,AGL,CE,Federal Contract Tower,0,6,3,0,9,0,2,3,0,5,0,8,6,0,14,4,0,4,18
08/16/2022,MWA,IL,AGL,CE,Federal Contract Tower,0,11,0,0,11,0,2,4,0,6,0,13,4,0,17,2,0,2,19
08/17/2022,MWA,IL,AGL,CE,Federal Contract Tower,0,16,1,0,17,0,10,8,0,18,0,26,9,0,35,10,0,10,45
08/18/2022,MWA,IL,AGL,CE,Federal Contract Tower,0,13,2,0,15,0,4,2,0,6,0,17,4,0,21,8,0,8,29
08/19/2022,MWA,IL,AGL,CE,Federal Contract Tower,0,12,1,0,13,0,13,9,0,22,0,25,10,0,35,16,0,16,51
08/20/2022,MWA,IL,AGL,CE,Federal Contract Tower,0,8,0,1,9,0,1,8,0,9,0,9,8,1,18,6,0,6,24
08/21/2022,MWA,IL,AGL,CE,Federal Contract Tower,0,8,3,0,11,0,0,4,0,4,0,8,7,0,15,0,0,0,15
08/22/2022,MWA,IL,AGL,CE,Federal Contract Tower,0,7,0,0,7,0,9,3,0,12,0,16,3,0,19,30,0,30,49
08/23/2022,MWA,IL,AGL,CE,Federal Contract Tower,0,16,3,0,19,0,13,5,0,18,0,29,8,0,37,22,0,22,59
08/24/2022,MWA,IL,AGL,CE,Federal Contract Tower,0,19,0,0,19,0,20,10,0,30,0,39,10,0,49,26,0,26,75
08/25/2022,MWA,IL,AGL,CE,Federal Contract Tower,0,11,2,0,13,0,3,13,0,16,0,14,15,0,29,14,0,14,43
08/26/2022,MWA,IL,AGL,CE,Federal Contract Tower,0,8,3,0,11,0,9,8,0,17,0,17,11,0,28,0,0,0,28
08/27/2022,MWA,IL,AGL,CE,Federal Contract Tower,0,8,3,0,11,0,10,13,0,23,0,18,16,0,34,18,0,18,52
08/28/2022,MWA,IL,AGL,CE,Federal Contract Tower,0,9,1,0,10,0,3,3,0,6,0,12,4,0,16,10,0,10,26
08/29/2022,MWA,IL,AGL,CE,Federal Contract Tower,0,12,1,0,13,0,21,9,0,30,0,33,10,0,43,38,0,38,81
08/30/2022,MWA,IL,AGL,CE,Federal Contract Tower,0,9,2,0,11,0,7,10,6,23,0,16,12,6,34,34,0,34,68
08/31/2022,MWA,IL,AGL,CE,Federal Contract Tower,0,11,3,0,14,0,20,8,0,28,0,31,11,0,42,26,0,26,68
09/01/2022,MWA,IL,AGL,CE,Federal Contract Tower,0,9,2,0,11,0,21,3,0,24,0,30,5,0,35,16,0,16,51
09/02/2022,MWA,IL,AGL,CE,Federal Contract Tower,2,10,2,0,14,0,25,16,0,41,2,35,18,0,55,56,0,56,111
09/03/2022,MWA,IL,AGL,CE,Federal Contract Tower,0,6,0,0,6,0,0,7,0,7,0,6,7,0,13,12,0,12,25
09/04/2022,MWA,IL,AGL,CE,Federal Contract Tower,0,12,2,0,14,0,0,0,0,0,0,12,2,0,14,0,0,0,14
09/05/2022,MWA,IL,AGL,CE,Federal Contract Tower,0,10,0,0,10,0,3,0,0,3,0,13,0,0,13,0,0,0,13
09/06/2022,MWA,IL,AGL,CE,Federal Contract Tower,0,13,0,1,14,0,16,2,0,18,0,29,2,1,32,36,0,36,68
09/07/2022,MWA,IL,AGL,CE,Federal Contract Tower,0,15,1,0,16,0,9,13,5,27,0,24,14,5,43,8,4,12,55
09/08/2022,MWA,IL,AGL,CE,Federal Contract Tower,0,17,0,0,17,0,17,9,0,26,0,34,9,0,43,28,0,28,71
09/09/2022,MWA,IL,AGL,CE,Federal Contract Tower,0,10,4,0,14,0,14,24,8,46,0,24,28,8,60,26,0,26,86
09/10/2022,MWA,IL,AGL,CE,Federal Contract Tower,0,4,3,0,7,0,6,2,0,8,0,10,5,0,15,10,0,10,25
09/11/2022,MWA,IL,AGL,CE,Federal Contract Tower,0,7,3,0,10,0,13,4,0,17,0,20,7,0,27,42,0,42,69
09/12/2022,MWA,IL,AGL,CE,Federal Contract Tower,0,9,0,0,9,0,13,12,0,25,0,22,12,0,34,56,0,56,90
09/13/2022,MWA,IL,AGL,CE,Federal Contract Tower,0,14,0,0,14,0,19,15,0,34,0,33,15,0,48,36,0,36,84
09/14/2022,MWA,IL,AGL,CE,Federal Contract Tower,0,21,2,0,23,0,36,22,0,58,0,57,24,0,81,54,0,54,135
09/15/2022,MWA,IL,AGL,CE,Federal Contract Tower,0,12,2,0,14,0,11,15,0,26,0,23,17,0,40,54,0,54,94
09/16/2022,MWA,IL,AGL,CE,Federal Contract Tower,0,11,1,0,12,0,18,18,0,36,0,29,19,0,48,50,0,50,98
09/17/2022,MWA,IL,AGL,CE,Federal Contract Tower,0,6,0,0,6,0,4,10,0,14,0,10,10,0,20,36,0,36,56
09/18/2022,MWA,IL,AGL,CE,Federal Contract Tower,0,13,0,0,13,0,6,4,0,10,0,19,4,0,23,24,0,24,47
09/19/2022,MWA,IL,AGL,CE,Federal Contract Tower,0,9,1,0,10,0,16,5,0,21,0,25,6,0,31,30,0,30,61
09/20/2022,MWA,IL,AGL,CE,Federal Contract Tower,0,11,0,0,11,0,20,10,0,30,0,31,10,0,41,74,0,74,115
09/21/2022,MWA,IL,AGL,CE,Federal Contract Tower,0,11,1,0,12,0,18,8,0,26,0,29,9,0,38,60,0,60,98
09/22/2022,MWA,IL,AGL,CE,Federal Contract Tower,0,19,4,0,23,0,23,17,0,40,0,42,21,0,63,62,0,62,125
09/23/2022,MWA,IL,AGL,CE,Federal Contract Tower,1,15,2,0,18,0,19,11,0,30,1,34,13,0,48,116,0,116,164
09/24/2022,MWA,IL,AGL,CE,Federal Contract Tower,2,6,3,0,11,0,19,14,0,33,2,25,17,0,44,134,0,134,178
09/25/2022,MWA,IL,AGL,CE,Federal Contract Tower,0,10,2,0,12,0,1,1,0,2,0,11,3,0,14,0,0,0,14
09/26/2022,MWA,IL,AGL,CE,Federal Contract Tower,0,10,0,0,10,0,14,6,0,20,0,24,6,0,30,6,0,6,36
09/27/2022,MWA,IL,AGL,CE,Federal Contract Tower,0,13,0,0,13,0,24,7,0,31,0,37,7,0,44,42,0,42,86
09/28/2022,MWA,IL,AGL,CE,Federal Contract Tower,0,11,4,0,15,0,27,22,0,49,0,38,26,0,64,68,0,68,132
09/29/2022,MWA,IL,AGL,CE,Federal Contract Tower,0,11,7,0,18,0,20,29,0,49,0,31,36,0,67,174,0,174,241
09/30/2022,MWA,IL,AGL,CE,Federal Contract Tower,0,7,2,0,9,0,48,12,0,60,0,55,14,0,69,130,0,130,199
10/01/2022,MWA,IL,AGL,CE,Federal Contract Tower,0,4,1,0,5,0,6,17,0,23,0,10,18,0,28,48,0,48,76
10/02/2022,MWA,IL,AGL,CE,Federal Contract Tower,0,9,1,0,10,0,5,9,0,14,0,14,10,0,24,0,0,0,24
10/03/2022,MWA,IL,AGL,CE,Federal Contract Tower,0,8,3,0,11,0,20,17,0,37,0,28,20,0,48,44,0,44,92
10/04/2022,MWA,IL,AGL,CE,Federal Contract Tower,0,10,1,0,11,0,19,5,0,24,0,29,6,0,35,54,0,54,89
10/05/2022,MWA,IL,AGL,CE,Federal Contract Tower,0,15,1,0,16,0,15,21,0,36,0,30,22,0,52,156,0,156,208
10/06/2022,MWA,IL,AGL,CE,Federal Contract Tower,0,15,5,0,20,0,28,22,0,50,0,43,27,0,70,178,0,178,248
10/07/2022,MWA,IL,AGL,CE,Federal Contract Tower,0,13,1,0,14,0,36,11,0,47,0,49,12,0,61,74,0,74,135
10/08/2022,MWA,IL,AGL,CE,Federal Contract Tower,0,4,3,0,7,0,8,18,0,26,0,12,21,0,33,74,0,74,107
10/09/2022,MWA,IL,AGL,CE,Federal Contract Tower,0,9,0,0,9,0,3,6,0,9,0,12,6,0,18,8,0,8,26
10/10/2022,MWA,IL,AGL,CE,Federal Contract Tower,0,8,2,0,10,0,12,9,0,21,0,20,11,0,31,70,0,70,101
10/11/2022,MWA,IL,AGL,CE,Federal Contract Tower,0,12,3,0,15,0,62,22,0,84,0,74,25,0,99,178,0,178,277
10/12/2022,MWA,IL,AGL,CE,Federal Contract Tower,0,18,2,0,20,0,4,0,0,4,0,22,2,0,24,12,0,12,36
10/13/2022,MWA,IL,AGL,CE,Federal Contract Tower,0,10,3,0,13,0,27,7,0,34,0,37,10,0,47,64,0,64,111
10/14/2022,MWA,IL,AGL,CE,Federal Contract Tower,0,9,2,0,11,0,52,3,0,55,0,61,5,0,66,110,0,110,176
10/15/2022,MWA,IL,AGL,CE,Federal Contract Tower,0,4,0,0,4,0,4,6,0,10,0,8,6,0,14,2,0,2,16
10/16/2022,MWA,IL,AGL,CE,Federal Contract Tower,0,13,0,0,13,0,2,3,0,5,0,15,3,0,18,20,0,20,38
10/17/2022,MWA,IL,AGL,CE,Federal Contract Tower,0,8,2,0,10,0,19,1,1,21,0,27,3,1,31,98,0,98,129
10/18/2022,MWA,IL,AGL,CE,Federal Contract Tower,0,15,0,0,15,0,22,0,0,22,0,37,0,0,37,140,0,140,177
10/19/2022,MWA,IL,AGL,CE,Federal Contract Tower,0,11,0,0,11,0,52,20,4,76,0,63,20,4,87,220,0,220,307
10/20/2022,MWA,IL,AGL,CE,Federal Contract Tower,0,20,0,1,21,0,55,14,5,74,0,75,14,6,95,236,4,240,335
10/21/2022,MWA,IL,AGL,CE,Federal Contract Tower,2,14,5,0,21,0,21,20,0,41,2,35,25,0,62,126,0,126,188
10/22/2022,MWA,IL,AGL,CE,Federal Contract Tower,0,9,3,0,12,0,7,5,0,12,0,16,8,0,24,16,0,16,40
10/23/2022,MWA,IL,AGL,CE,Federal Contract Tower,0,19,2,0,21,0,5,4,0,9,0,24,6,0,30,2,0,2,32
10/24/2022,MWA,IL,AGL,CE,Federal Contract Tower,0,5,5,0,10,0,13,11,0,24,0,18,16,0,34,24,0,24,58
10/25/2022,MWA,IL,AGL,CE,Federal Contract Tower,0,19,1,0,20,0,5,2,0,7,0,24,3,0,27,12,0,12,39
10/26/2022,MWA,IL,AGL,CE,Federal Contract Tower,0,19,1,0,20,0,7,7,0,14,0,26,8,0,34,32,0,32,66
10/27/2022,MWA,IL,AGL,CE,Federal Contract Tower,0,13,4,0,17,0,18,35,0,53,0,31,39,0,70,196,0,196,266
10/28/2022,MWA,IL,AGL,CE,Federal Contract Tower,1,11,1,0,13,0,12,25,0,37,1,23,26,0,50,90,0,90,140
10/29/2022,MWA,IL,AGL,CE,Federal Contract Tower,0,12,0,0,12,0,13,18,0,31,0,25,18,0,43,8,0,8,51
10/30/2022,MWA,IL,AGL,CE,Federal Contract Tower,0,11,3,0,14,0,6,0,0,6,0,17,3,0,20,0,0,0,20
10/31/2022,MWA,IL,AGL,CE,Federal Contract Tower,0,27,0,0,27,0,9,0,0,9,0,36,0,0,36,14,0,14,50
11/01/2022,MWA,IL,AGL,CE,Federal Contract Tower,0,22,2,0,24,0,38,15,0,53,0,60,17,0,77,140,0,140,217
11/02/2022,MWA,IL,AGL,CE,Federal Contract Tower,0,12,0,0,12,0,21,17,0,38,0,33,17,0,50,146,0,146,196
11/03/2022,MWA,IL,AGL,CE,Federal Contract Tower,0,10,1,0,11,0,18,19,4,41,0,28,20,4,52,116,0,116,168
11/04/2022,MWA,IL,AGL,CE,Federal Contract Tower,0,10,0,0,10,0,4,2,0,6,0,14,2,0,16,44,0,44,60
11/05/2022,MWA,IL,AGL,CE,Federal Contract Tower,0,4,2,0,6,0,4,0,0,4,0,8,2,0,10,0,0,0,10
11/06/2022,MWA,IL,AGL,CE,Federal Contract Tower,0,6,1,2,9,0,0,6,0,6,0,6,7,2,15,8,0,8,23
11/07/2022,MWA,IL,AGL,CE,Federal Contract Tower,0,9,1,0,10,0,49,13,0,62,0,58,14,0,72,126,0,126,198
11/08/2022,MWA,IL,AGL,CE,Federal Contract Tower,0,16,1,0,17,0,4,10,0,14,0,20,11,0,31,32,0,32,63
11/09/2022,MWA,IL,AGL,CE,Federal Contract Tower,0,14,0,0,14,0,41,14,0,55,0,55,14,0,69,128,0,128,197
11/10/2022,MWA,IL,AGL,CE,Federal Contract Tower,0,9,2,0,11,0,11,15,0,26,0,20,17,0,37,88,0,88,125
11/11/2022,MWA,IL,AGL,CE,Federal Contract Tower,3,7,2,0,12,0,5,1,0,6,3,12,3,0,18,0,0,0,18
11/12/2022,MWA,IL,AGL,CE,Federal Contract Tower,2,13,0,0,15,0,1,3,0,4,2,14,3,0,19,0,0,0,19
11/13/2022,MWA,IL,AGL,CE,Federal Contract Tower,0,14,6,0,20,0,20,22,0,42,0,34,28,0,62,60,0,60,122
11/14/2022,MWA,IL,AGL,CE,Federal Contract Tower,0,12,0,0,12,0,40,22,0,62,0,52,22,0,74,122,0,122,196
11/15/2022,MWA,IL,AGL,CE,Federal Contract Tower,0,15,0,0,15,0,0,3,0,3,0,15,3,0,18,4,0,4,22
11/16/2022,MWA,IL,AGL,CE,Federal Contract Tower,0,14,3,0,17,0,23,3,0,26,0,37,6,0,43,34,0,34,77
11/17/2022,MWA,IL,AGL,CE,Federal Contract Tower,0,18,1,0,19,0,33,13,2,48,0,51,14,2,67,130,2,132,199
11/18/2022,MWA,IL,AGL,CE,Federal Contract Tower,2,14,4,0,20,0,27,9,0,36,2,41,13,0,56,40,0,40,96
11/19/2022,MWA,IL,AGL,CE,Federal Contract Tower,1,11,0,0,12,0,16,6,1,23,1,27,6,1,35,44,0,44,79
11/20/2022,MWA,IL,AGL,CE,Federal Contract Tower,0,13,3,0,16,0,13,22,0,35,0,26,25,0,51,64,0,64,115
11/21/2022,MWA,IL,AGL,CE,Federal Contract Tower,0,12,0,0,12,0,20,18,0,38,0,32,18,0,50,78,0,78,128
11/22/2022,MWA,IL,AGL,CE,Federal Contract Tower,0,17,2,0,19,0,36,20,0,56,0,53,22,0,75,26,0,26,101
11/23/2022,MWA,IL,AGL,CE,Federal Contract Tower,0,9,1,0,10,0,12,19,0,31,0,21,20,0,41,48,0,48,89
11/24/2022,MWA,IL,AGL,CE,Federal Contract Tower,0,8,0,0,8,0,0,0,0,0,0,8,0,0,8,0,0,0,8
11/25/2022,MWA,IL,AGL,CE,Federal Contract Tower,0,7,2,0,9,0,4,7,0,11,0,11,9,0,20,8,0,8,28
11/26/2022,MWA,IL,AGL,CE,Federal Contract Tower,0,9,5,0,14,0,0,2,0,2,0,9,7,0,16,0,0,0,16
11/27/2022,MWA,IL,AGL,CE,Federal Contract Tower,0,11,3,0,14,0,0,1,0,1,0,11,4,0,15,0,0,0,15
11/28/2022,MWA,IL,AGL,CE,Federal Contract Tower,0,5,4,0,9,0,8,0,0,8,0,13,4,0,17,0,0,0,17
11/29/2022,MWA,IL,AGL,CE,Federal Contract Tower,0,16,4,0,20,0,0,2,0,2,0,16,6,0,22,0,0,0,22
11/30/2022,MWA,IL,AGL,CE,Federal Contract Tower,0,5,0,0,5,0,34,5,0,39,0,39,5,0,44,118,0,118,162
12/01/2022,MWA,IL,AGL,CE,Federal Contract Tower,0,15,1,1,17,0,54,19,0,73,0,69,20,1,90,176,0,176,266
12/02/2022,MWA,IL,AGL,CE,Federal Contract Tower,0,15,2,0,17,0,10,9,0,19,0,25,11,0,36,26,0,26,62
12/03/2022,MWA,IL,AGL,CE,Federal Contract Tower,0,8,0,0,8,0,7,6,0,13,0,15,6,0,21,26,0,26,47
12/04/2022,MWA,IL,AGL,CE,Federal Contract Tower,0,12,0,0,12,0,1,12,0,13,0,13,12,0,25,26,0,26,51
12/05/2022,MWA,IL,AGL,CE,Federal Contract Tower,0,15,0,0,15,0,7,3,0,10,0,22,3,0,25,28,0,28,53
12/06/2022,MWA,IL,AGL,CE,Federal Contract Tower,0,14,1,0,15,0,0,0,0,0,0,14,1,0,15,0,0,0,15
12/07/2022,MWA,IL,AGL,CE,Federal Contract Tower,0,22,3,0,25,0,3,1,0,4,0,25,4,0,29,14,0,14,43
12/08/2022,MWA,IL,AGL,CE,Federal Contract Tower,0,25,4,0,29,0,0,0,0,0,0,25,4,0,29,0,0,0,29
12/09/2022,MWA,IL,AGL,CE,Federal Contract Tower,0,11,2,0,13,0,11,1,0,12,0,22,3,0,25,56,0,56,81
12/10/2022,MWA,IL,AGL,CE,Federal Contract Tower,0,7,0,0,7,0,0,0,0,0,0,7,0,0,7,0,0,0,7
12/11/2022,MWA,IL,AGL,CE,Federal Contract Tower,0,13,0,0,13,0,0,0,0,0,0,13,0,0,13,0,0,0,13
12/12/2022,MWA,IL,AGL,CE,Federal Contract Tower,0,17,1,0,18,0,27,6,0,33,0,44,7,0,51,72,0,72,123
12/13/2022,MWA,IL,AGL,CE,Federal Contract Tower,0,14,2,0,16,0,2,0,0,2,0,16,2,0,18,0,0,0,18
12/14/2022,MWA,IL,AGL,CE,Federal Contract Tower,0,17,0,0,17,0,0,0,0,0,0,17,0,0,17,0,0,0,17
12/15/2022,MWA,IL,AGL,CE,Federal Contract Tower,0,15,2,0,17,0,17,8,0,25,0,32,10,0,42,90,0,90,132
12/16/2022,MWA,IL,AGL,CE,Federal Contract Tower,0,11,0,0,11,0,11,14,0,25,0,22,14,0,36,84,0,84,120
12/17/2022,MWA,IL,AGL,CE,Federal Contract Tower,0,9,1,0,10,0,8,15,0,23,0,17,16,0,33,10,0,10,43
12/18/2022,MWA,IL,AGL,CE,Federal Contract Tower,0,14,0,0,14,0,9,21,0,30,0,23,21,0,44,78,0,78,122
12/19/2022,MWA,IL,AGL,CE,Federal Contract Tower,0,9,2,0,11,0,19,18,0,37,0,28,20,0,48,62,0,62,110
12/20/2022,MWA,IL,AGL,CE,Federal Contract Tower,0,27,3,0,30,0,22,23,0,45,0,49,26,0,75,58,0,58,133
12/21/2022,MWA,IL,AGL,CE,Federal Contract Tower,0,19,0,0,19,0,13,24,0,37,0,32,24,0,56,20,0,20,76
12/22/2022,MWA,IL,AGL,CE,Federal Contract Tower,0,3,0,0,3,0,0,0,0,0,0,3,0,0,3,0,0,0,3
12/23/2022,MWA,IL,AGL,CE,Federal Contract Tower,0,8,1,0,9,0,1,0,0,1,0,9,1,0,10,0,0,0,10
12/24/2022,MWA,IL,AGL,CE,Federal Contract Tower,0,5,0,0,5,0,5,3,0,8,0,10,3,0,13,0,0,0,13
12/25/2022,MWA,IL,AGL,CE,Federal Contract Tower,0,9,0,0,9,0,5,8,0,13,0,14,8,0,22,2,0,2,24
12/26/2022,MWA,IL,AGL,CE,Federal Contract Tower,0,9,0,0,9,0,3,0,0,3,0,12,0,0,12,0,0,0,12
12/27/2022,MWA,IL,AGL,CE,Federal Contract Tower,0,13,0,0,13,0,5,3,0,8,0,18,3,0,21,0,0,0,21
12/28/2022,MWA,IL,AGL,CE,Federal Contract Tower,0,7,1,0,8,0,14,5,0,19,0,21,6,0,27,18,0,18,45
12/29/2022,MWA,IL,AGL,CE,Federal Contract Tower,0,11,3,0,14,0,0,0,0,0,0,11,3,0,14,0,0,0,14
12/30/2022,MWA,IL,AGL,CE,Federal Contract Tower,0,11,0,0,11,0,0,0,0,0,0,11,0,0,11,0,0,0,11
12/31/2022,MWA,IL,AGL,CE,Federal Contract Tower,0,7,3,0,10,0,0,0,0,0,0,7,3,0,10,0,0,0,10
01/01/2023,MWA,IL,AGL,CE,Federal Contract Tower,0,5,0,0,5,0,0,0,0,0,0,5,0,0,5,0,0,0,5
01/02/2023,MWA,IL,AGL,CE,Federal Contract Tower,0,3,0,0,3,0,0,0,0,0,0,3,0,0,3,0,0,0,3
01/03/2023,MWA,IL,AGL,CE,Federal Contract Tower,0,9,0,0,9,0,0,0,0,0,0,9,0,0,9,0,0,0,9
01/04/2023,MWA,IL,AGL,CE,Federal Contract Tower,0,10,1,0,11,0,4,11,4,19,0,14,12,4,30,24,0,24,54
01/05/2023,MWA,IL,AGL,CE,Federal Contract Tower,0,10,2,2,14,0,16,25,0,41,0,26,27,2,55,70,6,76,131
01/06/2023,MWA,IL,AGL,CE,Federal Contract Tower,2,14,2,0,18,0,4,18,0,22,2,18,20,0,40,30,0,30,70
01/07/2023,MWA,IL,AGL,CE,Federal Contract Tower,2,13,2,0,17,0,4,7,4,15,2,17,9,4,32,20,0,20,52
01/08/2023,MWA,IL,AGL,CE,Federal Contract Tower,0,12,0,0,12,0,0,1,0,1,0,12,1,0,13,0,0,0,13
01/09/2023,MWA,IL,AGL,CE,Federal Contract Tower,0,11,4,0,15,0,14,26,0,40,0,25,30,0,55,30,0,30,85
01/10/2023,MWA,IL,AGL,CE,Federal Contract Tower,0,12,1,0,13,0,9,12,0,21,0,21,13,0,34,46,0,46,80
01/11/2023,MWA,IL,AGL,CE,Federal Contract Tower,0,16,2,0,18,0,13,21,0,34,0,29,23,0,52,82,0,82,134
01/12/2023,MWA,IL,AGL,CE,Federal Contract Tower,2,11,2,0,15,0,0,0,0,0,2,11,2,0,15,0,0,0,15
01/13/2023,MWA,IL,AGL,CE,Federal Contract Tower,0,12,1,0,13,0,0,0,0,0,0,12,1,0,13,0,0,0,13
01/14/2023,MWA,IL,AGL,CE,Federal Contract Tower,0,8,2,0,10,0,0,1,0,1,0,8,3,0,11,0,0,0,11
01/15/2023,MWA,IL,AGL,CE,Federal Contract Tower,0,7,1,0,8,0,7,7,0,14,0,14,8,0,22,12,0,12,34
01/16/2023,MWA,IL,AGL,CE,Federal Contract Tower,0,17,0,0,17,0,0,0,0,0,0,17,0,0,17,0,0,0,17
01/17/2023,MWA,IL,AGL,CE,Federal Contract Tower,2,8,7,0,17,0,35,31,0,66,2,43,38,0,83,104,0,104,187
01/18/2023,MWA,IL,AGL,CE,Federal Contract Tower,0,14,4,0,18,0,0,0,0,0,0,14,4,0,18,0,0,0,18
01/19/2023,MWA,IL,AGL,CE,Federal Contract Tower,0,13,2,1,16,0,27,3,0,30,0,40,5,1,46,42,0,42,88
01/20/2023,MWA,IL,AGL,CE,Federal Contract Tower,0,11,3,0,14,0,23,13,2,38,0,34,16,2,52,94,0,94,146
01/21/2023,MWA,IL,AGL,CE,Federal Contract Tower,0,4,1,0,5,0,16,14,0,30,0,20,15,0,35,6,0,6,41
01/22/2023,MWA,IL,AGL,CE,Federal Contract Tower,0,7,0,0,7,0,1,0,0,1,0,8,0,0,8,0,0,0,8
01/23/2023,MWA,IL,AGL,CE,Federal Contract Tower,0,17,2,0,19,0,33,16,0,49,0,50,18,0,68,120,0,120,188
01/24/2023,MWA,IL,AGL,CE,Federal Contract Tower,0,17,1,0,18,0,56,22,0,78,0,73,23,0,96,188,0,188,284
01/25/2023,MWA,IL,AGL,CE,Federal Contract Tower,2,5,0,0,7,0,0,0,0,0,2,5,0,0,7,0,0,0,7
01/26/2023,MWA,IL,AGL,CE,Federal Contract Tower,0,12,0,0,12,0,14,10,0,24,0,26,10,0,36,96,0,96,132
01/27/2023,MWA,IL,AGL,CE,Federal Contract Tower,0,7,1,0,8,0,11,3,0,14,0,18,4,0,22,18,0,18,40
01/28/2023,MWA,IL,AGL,CE,Federal Contract Tower,0,10,0,0,10,0,11,10,0,21,0,21,10,0,31,8,0,8,39
01/29/2023,MWA,IL,AGL,CE,Federal Contract Tower,0,8,0,0,8,0,0,0,0,0,0,8,0,0,8,0,0,0,8
01/30/2023,MWA,IL,AGL,CE,Federal Contract Tower,0,7,0,0,7,0,0,0,0,0,0,7,0,0,7,0,0,0,7
01/31/2023,MWA,IL,AGL,CE,Federal Contract Tower,0,24,0,0,24,0,1,2,0,3,0,25,2,0,27,0,0,0,27
02/01/2023,MWA,IL,AGL,CE,Federal Contract Tower,0,16,0,0,16,0,2,11,1,14,0,18,11,1,30,2,0,2,32
02/02/2023,MWA,IL,AGL,CE,Federal Contract Tower,0,7,0,0,7,0,20,15,1,36,0,27,15,1,43,80,0,80,123
02/03/2023,MWA,IL,AGL,CE,Federal Contract Tower,0,18,0,0,18,0,23,10,0,33,0,41,10,0,51,98,0,98,149
02/04/2023,MWA,IL,AGL,CE,Federal Contract Tower,0,9,3,0,12,16,10,0,0,26,16,19,3,0,38,30,0,30,68
02/05/2023,MWA,IL,AGL,CE,Federal Contract Tower,0,10,2,0,12,0,15,19,0,34,0,25,21,0,46,24,0,24,70
02/06/2023,MWA,IL,AGL,CE,Federal Contract Tower,0,10,1,0,11,0,21,13,0,34,0,31,14,0,45,70,0,70,115
02/07/2023,MWA,IL,AGL,CE,Federal Contract Tower,0,18,1,0,19,0,18,10,0,28,0,36,11,0,47,66,0,66,113
02/08/2023,MWA,IL,AGL,CE,Federal Contract Tower,0,10,0,0,10,0,0,0,0,0,0,10,0,0,10,4,0,4,14
02/09/2023,MWA,IL,AGL,CE,Federal Contract Tower,0,8,2,0,10,0,8,0,0,8,0,16,2,0,18,8,0,8,26
02/10/2023,MWA,IL,AGL,CE,Federal Contract Tower,2,14,0,0,16,0,6,8,0,14,2,20,8,0,30,10,0,10,40
02/11/2023,MWA,IL,AGL,CE,Federal Contract Tower,2,9,3,0,14,0,25,8,0,33,2,34,11,0,47,67,0,67,114
02/12/2023,MWA,IL,AGL,CE,Federal Contract Tower,0,7,3,0,10,0,6,21,0,27,0,13,24,0,37,34,0,34,71
02/13/2023,MWA,IL,AGL,CE,Federal Contract Tower,0,12,0,0,12,0,25,34,0,59,0,37,34,0,71,170,0,170,241
02/14/2023,MWA,IL,AGL,CE,Federal Contract Tower,0,10,0,0,10,0,10,0,0,10,0,20,0,0,20,14,0,14,34
02/15/2023,MWA,IL,AGL,CE,Federal Contract Tower,1,18,0,0,19,0,24,15,0,39,1,42,15,0,58,100,0,100,158
02/16/2023,MWA,IL,AGL,CE,Federal Contract Tower,0,17,0,0,17,0,0,0,0,0,0,17,0,0,17,0,0,0,17
02/17/2023,MWA,IL,AGL,CE,Federal Contract Tower,0,14,3,0,17,0,30,10,0,40,0,44,13,0,57,62,0,62,119
02/18/2023,MWA,IL,AGL,CE,Federal Contract Tower,0,11,1,0,12,0,19,6,0,25,0,30,7,0,37,84,0,84,121
02/19/2023,MWA,IL,AGL,CE,Federal Contract Tower,0,13,0,0,13,0,9,8,0,17,0,22,8,0,30,12,0,12,42
02/20/2023,MWA,IL,AGL,CE,Federal Contract Tower,0,10,1,0,11,0,43,16,0,59,0,53,17,0,70,168,0,168,238
02/21/2023,MWA,IL,AGL,CE,Federal Contract Tower,0,11,0,0,11,0,36,4,0,40,0,47,4,0,51,126,0,126,177
02/22/2023,MWA,IL,AGL,CE,Federal Contract Tower,0,11,0,0,11,0,0,0,0,0,0,11,0,0,11,0,0,0,11
02/23/2023,MWA,IL,AGL,CE,Federal Contract Tower,0,22,4,0,26,0,44,14,0,58,0,66,18,0,84,156,0,156,240
02/24/2023,MWA,IL,AGL,CE,Federal Contract Tower,0,10,1,0,11,0,14,8,0,22,0,24,9,0,33,98,0,98,131
02/25/2023,MWA,IL,AGL,CE,Federal Contract Tower,0,6,1,0,7,0,9,13,0,22,0,15,14,0,29,32,0,32,61
02/26/2023,MWA,IL,AGL,CE,Federal Contract Tower,0,10,3,0,13,0,3,0,0,3,0,13,3,0,16,8,0,8,24
02/27/2023,MWA,IL,AGL,CE,Federal Contract Tower,0,11,0,0,11,0,0,0,0,0,0,11,0,0,11,0,0,0,11
02/28/2023,MWA,IL,AGL,CE,Federal Contract Tower,0,10,2,0,12,0,39,18,0,57,0,49,20,0,69,104,0,104,173
03/01/2023,MWA,IL,AGL,CE,Federal Contract Tower,2,15,1,0,18,0,59,19,0,78,2,74,20,0,96,168,0,168,264
03/02/2023,MWA,IL,AGL,CE,Federal Contract Tower,0,11,3,0,14,0,19,13,0,32,0,30,16,0,46,112,0,112,158
03/03/2023,MWA,IL,AGL,CE,Federal Contract Tower,0,6,0,0,6,0,0,0,0,0,0,6,0,0,6,0,0,0,6
03/04/2023,MWA,IL,AGL,CE,Federal Contract Tower,0,9,1,0,10,0,5,10,0,15,0,14,11,0,25,8,0,8,33
03/05/2023,MWA,IL,AGL,CE,Federal Contract Tower,0,5,5,0,10,0,13,5,0,18,0,18,10,0,28,48,0,48,76
03/06/2023,MWA,IL,AGL,CE,Federal Contract Tower,0,3,0,0,3,0,54,8,1,63,0,57,8,1,66,48,0,48,114
03/07/2023,MWA,IL,AGL,CE,Federal Contract Tower,0,20,1,0,21,0,23,3,0,26,0,43,4,0,47,32,0,32,79
03/08/2023,MWA,IL,AGL,CE,Federal Contract Tower,0,11,1,0,12,0,6,0,0,6,0,17,1,0,18,30,0,30,48
03/09/2023,MWA,IL,AGL,CE,Federal Contract Tower,0,24,1,0,25,0,22,2,0,24,0,46,3,0,49,52,0,52,101
03/10/2023,MWA,IL,AGL,CE,Federal Contract Tower,0,13,0,0,13,0,21,12,0,33,0,34,12,0,46,22,0,22,68
03/11/2023,MWA,IL,AGL,CE,Federal Contract Tower,1,7,0,0,8,0,3,4,0,7,1,10,4,0,15,8,0,8,23
03/12/2023,MWA,IL,AGL,CE,Federal Contract Tower,0,10,1,0,11,0,8,6,0,14,0,18,7,0,25,12,0,12,37
03/13/2023,MWA,IL,AGL,CE,Federal Contract Tower,0,6,0,0,6,0,8,3,0,11,0,14,3,0,17,16,0,16,33
03/14/2023,MWA,IL,AGL,CE,Federal Contract Tower,0,14,1,2,17,0,17,5,0,22,0,31,6,2,39,50,2,52,91
03/15/2023,MWA,IL,AGL,CE,Federal Contract Tower,0,20,1,0,21,0,9,9,0,18,0,29,10,0,39,8,0,8,47
03/16/2023,MWA,IL,AGL,CE,Federal Contract Tower,0,7,2,0,9,0,2,0,0,2,0,9,2,0,11,4,0,4,15
03/17/2023,MWA,IL,AGL,CE,Federal Contract Tower,0,19,0,0,19,0,2,6,0,8,0,21,6,0,27,0,0,0,27
03/18/2023,MWA,IL,AGL,CE,Federal Contract Tower,0,7,0,0,7,0,8,4,0,12,0,15,4,0,19,0,0,0,19
03/19/2023,MWA,IL,AGL,CE,Federal Contract Tower,0,17,0,0,17,0,9,12,0,21,0,26,12,0,38,22,0,22,60
03/20/2023,MWA,IL,AGL,CE,Federal Contract Tower,0,8,0,0,8,0,13,3,4,20,0,21,3,4,28,22,0,22,50
03/21/2023,MWA,IL,AGL,CE,Federal Contract Tower,0,10,1,0,11,0,4,3,0,7,0,14,4,0,18,8,0,8,26
03/22/2023,MWA,IL,AGL,CE,Federal Contract Tower,0,17,1,0,18,0,0,0,0,0,0,17,1,0,18,0,0,0,18
03/23/2023,MWA,IL,AGL,CE,Federal Contract Tower,0,19,2,0,21,0,0,2,2,4,0,19,4,2,25,6,0,6,31
03/24/2023,MWA,IL,AGL,CE,Federal Contract Tower,0,9,0,0,9,0,0,0,0,0,0,9,0,0,9,0,0,0,9
03/25/2023,MWA,IL,AGL,CE,Federal Contract Tower,0,11,1,0,12,0,7,5,0,12,0,18,6,0,24,0,0,0,24
03/26/2023,MWA,IL,AGL,CE,Federal Contract Tower,0,12,2,0,14,0,4,3,0,7,0,16,5,0,21,20,0,20,41
03/27/2023,MWA,IL,AGL,CE,Federal Contract Tower,0,6,0,0,6,0,1,17,0,18,0,7,17,0,24,86,0,86,110
03/28/2023,MWA,IL,AGL,CE,Federal Contract Tower,0,12,2,0,14,0,34,26,0,60,0,46,28,0,74,88,0,88,162
03/29/2023,MWA,IL,AGL,CE,Federal Contract Tower,0,18,0,0,18,0,44,16,0,60,0,62,16,0,78,128,0,128,206
03/30/2023,MWA,IL,AGL,CE,Federal Contract Tower,0,15,0,0,15,0,37,19,0,56,0,52,19,0,71,134,0,134,205
03/31/2023,MWA,IL,AGL,CE,Federal Contract Tower,0,9,2,0,11,0,2,0,0,2,0,11,2,0,13,0,0,0,13
04/01/2023,MWA,IL,AGL,CE,Federal Contract Tower,0,0,1,0,1,0,0,2,0,2,0,0,3,0,3,0,0,0,3
04/02/2023,MWA,IL,AGL,CE,Federal Contract Tower,0,15,2,0,17,0,0,15,0,15,0,15,17,0,32,16,0,16,48
04/03/2023,MWA,IL,AGL,CE,Federal Contract Tower,0,9,0,0,9,0,44,12,5,61,0,53,12,5,70,92,0,92,162
04/04/2023,MWA,IL,AGL,CE,Federal Contract Tower,0,10,1,0,11,0,13,0,0,13,0,23,1,0,24,26,0,26,50
04/05/2023,MWA,IL,AGL,CE,Federal Contract Tower,0,4,1,0,5,0,3,1,0,4,0,7,2,0,9,0,0,0,9
04/06/2023,MWA,IL,AGL,CE,Federal Contract Tower,0,10,0,0,10,0,74,12,0,86,0,84,12,0,96,154,0,154,250
04/07/2023,MWA,IL,AGL,CE,Federal Contract Tower,0,16,0,0,16,0,25,9,0,34,0,41,9,0,50,110,0,110,160
04/08/2023,MWA,IL,AGL,CE,Federal Contract Tower,0,9,0,0,9,0,6,5,0,11,0,15,5,0,20,4,0,4,24
04/09/2023,MWA,IL,AGL,CE,Federal Contract Tower,0,8,0,0,8,0,8,7,0,15,0,16,7,0,23,0,0,0,23
04/10/2023,MWA,IL,AGL,CE,Federal Contract Tower,0,10,3,0,13,0,25,20,0,45,0,35,23,0,58,158,0,158,216
04/11/2023,MWA,IL,AGL,CE,Federal Contract Tower,0,8,1,0,9,0,61,27,0,88,0,69,28,0,97,158,0,158,255
04/12/2023,MWA,IL,AGL,CE,Federal Contract Tower,0,13,2,0,15,0,53,14,0,67,0,66,16,0,82,122,0,122,204
04/13/2023,MWA,IL,AGL,CE,Federal Contract Tower,0,11,1,0,12,0,51,17,0,68,0,62,18,0,80,120,0,120,200
04/14/2023,MWA,IL,AGL,CE,Federal Contract Tower,0,12,1,0,13,0,0,21,0,21,0,12,22,0,34,32,0,32,66
04/16/2023,MWA,IL,AGL,CE,Federal Contract Tower,0,9,0,0,9,0,1,0,0,1,0,10,0,0,10,0,0,0,10
04/17/2023,MWA,IL,AGL,CE,Federal Contract Tower,0,7,0,0,7,0,11,14,0,25,0,18,14,0,32,22,0,22,54
04/18/2023,MWA,IL,AGL,CE,Federal Contract Tower,0,10,0,0,10,0,43,21,0,64,0,53,21,0,74,134,0,134,208
04/19/2023,MWA,IL,AGL,CE,Federal Contract Tower,0,16,0,0,16,0,25,13,0,38,0,41,13,0,54,58,0,58,112
04/20/2023,MWA,IL,AGL,CE,Federal Contract Tower,0,11,3,0,14,0,3,4,0,7,0,14,7,0,21,6,0,6,27
04/21/2023,MWA,IL,AGL,CE,Federal Contract Tower,0,18,0,0,18,0,19,10,0,29,0,37,10,0,47,114,0,114,161
04/22/2023,MWA,IL,AGL,CE,Federal Contract Tower,0,7,1,0,8,0,8,2,0,10,0,15,3,0,18,0,0,0,18
04/23/2023,MWA,IL,AGL,CE,Federal Contract Tower,0,12,2,0,14,0,0,6,0,6,0,12,8,0,20,0,0,0,20
04/24/2023,MWA,IL,AGL,CE,Federal Contract Tower,0,13,2,0,15,0,30,18,0,48,0,43,20,0,63,122,0,122,185
04/25/2023,MWA,IL,AGL,CE,Federal Contract Tower,0,12,2,0,14,0,36,20,0,56,0,48,22,0,70,128,0,128,198
04/26/2023,MWA,IL,AGL,CE,Federal Contract Tower,0,10,0,0,10,0,21,9,0,30,0,31,9,0,40,90,0,90,130
04/27/2023,MWA,IL,AGL,CE,Federal Contract Tower,0,11,0,0,11,0,1,2,0,3,0,12,2,0,14,24,0,24,38
04/28/2023,MWA,IL,AGL,CE,Federal Contract Tower,0,12,1,0,13,0,10,7,0,17,0,22,8,0,30,6,0,6,36
04/29/2023,MWA,IL,AGL,CE,Federal Contract Tower,0,11,4,0,15,0,12,4,0,16,0,23,8,0,31,4,0,4,35
04/30/2023,MWA,IL,AGL,CE,Federal Contract Tower,0,9,2,0,11,0,10,4,0,14,0,19,6,0,25,10,0,10,35
05/01/2023,MWA,IL,AGL,CE,Federal Contract Tower,0,5,0,0,5,0,16,0,0,16,0,21,0,0,21,38,0,38,59
05/02/2023,MWA,IL,AGL,CE,Federal Contract Tower,0,13,0,0,13,0,7,2,0,9,0,20,2,0,22,20,0,20,42
05/03/2023,MWA,IL,AGL,CE,Federal Contract Tower,0,11,1,0,12,0,4,22,0,26,0,15,23,0,38,88,0,88,126
05/04/2023,MWA,IL,AGL,CE,Federal Contract Tower,0,15,4,0,19,0,26,22,0,48,0,41,26,0,67,174,0,174,241
05/05/2023,MWA,IL,AGL,CE,Federal Contract Tower,0,8,2,0,10,0,43,7,0,50,0,51,9,0,60,136,0,136,196
05/06/2023,MWA,IL,AGL,CE,Federal Contract Tower,0,7,1,0,8,0,1,8,0,9,0,8,9,0,17,4,0,4,21
05/07/2023,MWA,IL,AGL,CE,Federal Contract Tower,0,7,1,0,8,0,0,0,0,0,0,7,1,0,8,0,0,0,8
05/08/2023,MWA,IL,AGL,CE,Federal Contract Tower,0,7,0,0,7,0,8,3,0,11,0,15,3,0,18,10,0,10,28
05/09/2023,MWA,IL,AGL,CE,Federal Contract Tower,0,16,3,0,19,0,9,4,0,13,0,25,7,0,32,46,0,46,78
05/10/2023,MWA,IL,AGL,CE,Federal Contract Tower,0,4,1,0,5,0,13,3,0,16,0,17,4,0,21,50,0,50,71
05/11/2023,MWA,IL,AGL,CE,Federal Contract Tower,0,11,0,0,11,0,11,18,0,29,0,22,18,0,40,116,0,116,156
05/12/2023,MWA,IL,AGL,CE,Federal Contract Tower,0,12,12,0,24,0,0,3,0,3,0,12,15,0,27,0,0,0,27
05/13/2023,MWA,IL,AGL,CE,Federal Contract Tower,0,12,1,0,13,0,4,0,0,4,0,16,1,0,17,16,0,16,33
05/14/2023,MWA,IL,AGL,CE,Federal Contract Tower,0,5,2,0,7,0,0,5,0,5,0,5,7,0,12,8,0,8,20
05/15/2023,MWA,IL,AGL,CE,Federal Contract Tower,0,15,2,0,17,0,2,7,0,9,0,17,9,0,26,16,0,16,42
05/16/2023,MWA,IL,AGL,CE,Federal Contract Tower,0,16,6,0,22,0,0,0,0,0,0,16,6,0,22,0,0,0,22
05/17/2023,MWA,IL,AGL,CE,Federal Contract Tower,0,13,2,2,17,0,34,17,0,51,0,47,19,2,68,96,0,96,164
05/18/2023,MWA,IL,AGL,CE,Federal Contract Tower,0,11,2,0,13,0,22,26,0,48,0,33,28,0,61,38,0,38,99
05/19/2023,MWA,IL,AGL,CE,Federal Contract Tower,0,8,0,0,8,0,19,16,0,35,0,27,16,0,43,34,0,34,77
05/20/2023,MWA,IL,AGL,CE,Federal Contract Tower,0,9,1,0,10,0,2,13,0,15,0,11,14,0,25,2,0,2,27
05/21/2023,MWA,IL,AGL,CE,Federal Contract Tower,0,6,0,0,6,0,11,12,0,23,0,17,12,0,29,2,0,2,31
05/22/2023,MWA,IL,AGL,CE,Federal Contract Tower,0,6,3,0,9,0,17,9,0,26,0,23,12,0,35,106,0,106,141
05/23/2023,MWA,IL,AGL,CE,Federal Contract Tower,0,11,1,0,12,0,48,10,0,58,0,59,11,0,70,110,0,110,180
05/24/2023,MWA,IL,AGL,CE,Federal Contract Tower,0,17,0,0,17,0,21,20,3,44,0,38,20,3,61,78,0,78,139
05/25/2023,MWA,IL,AGL,CE,Federal Contract Tower,0,13,1,0,14,0,16,22,0,38,0,29,23,0,52,44,0,44,96
05/26/2023,MWA,IL,AGL,CE,Federal Contract Tower,0,7,1,0,8,0,9,17,0,26,0,16,18,0,34,66,0,66,100
05/27/2023,MWA,IL,AGL,CE,Federal Contract Tower,0,5,2,0,7,0,10,7,0,17,0,15,9,0,24,0,0,0,24
05/29/2023,MWA,IL,AGL,CE,Federal Contract Tower,0,5,0,0,5,0,5,30,0,35,0,10,30,0,40,54,0,54,94
05/30/2023,MWA,IL,AGL,CE,Federal Contract Tower,0,20,0,0,20,0,21,24,0,45,0,41,24,0,65,50,0,50,115
05/31/2023,MWA,IL,AGL,CE,Federal Contract Tower,0,11,4,0,15,0,17,6,0,23,0,28,10,0,38,38,0,38,76
06/01/2023,MWA,IL,AGL,CE,Federal Contract Tower,0,15,0,0,15,0,7,7,0,14,0,22,7,0,29,56,0,56,85
06/02/2023,MWA,IL,AGL,CE,Federal Contract Tower,0,14,1,0,15,0,19,15,0,34,0,33,16,0,49,40,0,40,89
06/03/2023,MWA,IL,AGL,CE,Federal Contract Tower,0,10,2,0,12,0,19,14,0,33,0,29,16,0,45,84,0,84,129
06/04/2023,MWA,IL,AGL,CE,Federal Contract Tower,0,8,0,0,8,0,3,7,0,10,0,11,7,0,18,30,0,30,48
06/05/2023,MWA,IL,AGL,CE,Federal Contract Tower,0,7,0,0,7,0,14,8,2,24,0,21,8,2,31,10,0,10,41
06/06/2023,MWA,IL,AGL,CE,Federal Contract Tower,0,14,1,0,15,0,14,10,3,27,0,28,11,3,42,74,0,74,116
06/07/2023,MWA,IL,AGL,CE,Federal Contract Tower,0,14,5,0,19,0,6,13,0,19,0,20,18,0,38,28,0,28,66
06/08/2023,MWA,IL,AGL,CE,Federal Contract Tower,0,8,1,0,9,0,13,22,0,35,0,21,23,0,44,58,0,58,102
06/09/2023,MWA,IL,AGL,CE,Federal Contract Tower,0,10,1,0,11,0,13,15,3,31,0,23,16,3,42,50,0,50,92
06/10/2023,MWA,IL,AGL,CE,Federal Contract Tower,0,7,1,0,8,0,17,20,2,39,0,24,21,2,47,70,0,70,117
06/11/2023,MWA,IL,AGL,CE,Federal Contract Tower,0,8,1,0,9,0,0,1,0,1,0,8,2,0,10,0,0,0,10
06/12/2023,MWA,IL,AGL,CE,Federal Contract Tower,0,7,11,0,18,0,4,10,0,14,0,11,21,0,32,38,0,38,70
06/13/2023,MWA,IL,AGL,CE,Federal Contract Tower,0,13,4,0,17,0,5,6,0,11,0,18,10,0,28,98,0,98,126
06/14/2023,MWA,IL,AGL,CE,Federal Contract Tower,0,13,2,0,15,0,14,7,0,21,0,27,9,0,36,38,0,38,74
06/15/2023,MWA,IL,AGL,CE,Federal Contract Tower,0,11,0,0,11,0,12,16,0,28,0,23,16,0,39,106,0,106,145
06/16/2023,MWA,IL,AGL,CE,Federal Contract Tower,0,11,0,0,11,0,21,23,0,44,0,32,23,0,55,86,0,86,141
06/17/2023,MWA,IL,AGL,CE,Federal Contract Tower,0,6,0,0,6,0,3,12,0,15,0,9,12,0,21,4,0,4,25
06/18/2023,MWA,IL,AGL,CE,Federal Contract Tower,0,8,2,0,10,0,4,2,0,6,0,12,4,0,16,0,0,0,16
06/19/2023,MWA,IL,AGL,CE,Federal Contract Tower,0,11,0,0,11,0,0,6,0,6,0,11,6,0,17,0,0,0,17
06/20/2023,MWA,IL,AGL,CE,Federal Contract Tower,0,13,0,0,13,0,24,6,0,30,0,37,6,0,43,82,0,82,125
06/21/2023,MWA,IL,AGL,CE,Federal Contract Tower,0,33,1,0,34,0,39,12,0,51,0,72,13,0,85,136,0,136,221
06/22/2023,MWA,IL,AGL,CE,Federal Contract Tower,0,12,0,0,12,0,38,30,0,68,0,50,30,0,80,78,0,78,158
06/23/2023,MWA,IL,AGL,CE,Federal Contract Tower,0,13,3,0,16,0,40,23,4,67,0,53,26,4,83,114,10,124,207
06/24/2023,MWA,IL,AGL,CE,Federal Contract Tower,0,8,0,0,8,0,39,11,8,58,0,47,11,8,66,84,2,86,152
06/25/2023,MWA,IL,AGL,CE,Federal Contract Tower,0,12,2,0,14,0,9,1,0,10,0,21,3,0,24,8,0,8,32
06/26/2023,MWA,IL,AGL,CE,Federal Contract Tower,0,13,0,0,13,0,19,17,0,36,0,32,17,0,49,82,0,82,131
06/27/2023,MWA,IL,AGL,CE,Federal Contract Tower,0,9,0,0,9,0,20,9,0,29,0,29,9,0,38,60,0,60,98
06/28/2023,MWA,IL,AGL,CE,Federal Contract Tower,0,5,0,0,5,0,4,18,0,22,0,9,18,0,27,26,0,26,53
06/29/2023,MWA,IL,AGL,CE,Federal Contract Tower,0,10,0,0,10,0,58,20,1,79,0,68,20,1,89,156,0,156,245
06/30/2023,MWA,IL,AGL,CE,Federal Contract Tower,0,11,0,0,11,0,22,14,0,36,0,33,14,0,47,58,0,58,105
07/01/2023,MWA,IL,AGL,CE,Federal Contract Tower,0,13,0,0,13,0,7,9,0,16,0,20,9,0,29,0,0,0,29
07/02/2023,MWA,IL,AGL,CE,Federal Contract Tower,0,12,0,0,12,0,2,14,0,16,0,14,14,0,28,16,0,16,44
07/03/2023,MWA,IL,AGL,CE,Federal Contract Tower,0,9,7,0,16,0,22,25,0,47,0,31,32,0,63,74,0,74,137
07/04/2023,MWA,IL,AGL,CE,Federal Contract Tower,0,11,2,0,13,0,1,8,0,9,0,12,10,0,22,0,0,0,22
07/05/2023,MWA,IL,AGL,CE,Federal Contract Tower,0,11,2,0,13,0,11,14,0,25,0,22,16,0,38,20,0,20,58
07/06/2023,MWA,IL,AGL,CE,Federal Contract Tower,0,16,5,0,21,0,17,15,0,32,0,33,20,0,53,84,0,84,137
07/07/2023,MWA,IL,AGL,CE,Federal Contract Tower,0,17,7,0,24,0,48,21,0,69,0,65,28,0,93,198,0,198,291
07/08/2023,MWA,IL,AGL,CE,Federal Contract Tower,0,7,0,0,7,0,21,2,0,23,0,28,2,0,30,24,0,24,54
07/09/2023,MWA,IL,AGL,CE,Federal Contract Tower,0,10,0,0,10,0,7,12,0,19,0,17,12,0,29,6,0,6,35
07/10/2023,MWA,IL,AGL,CE,Federal Contract Tower,0,12,1,0,13,0,27,11,0,38,0,39,12,0,51,48,0,48,99
07/11/2023,MWA,IL,AGL,CE,Federal Contract Tower,0,10,2,0,12,0,49,25,0,74,0,59,27,0,86,152,0,152,238
07/12/2023,MWA,IL,AGL,CE,Federal Contract Tower,0,20,3,0,23,0,58,18,0,76,0,78,21,0,99,142,0,142,241
07/13/2023,MWA,IL,AGL,CE,Federal Contract Tower,0,16,1,0,17,0,33,24,0,57,0,49,25,0,74,146,0,146,220
07/14/2023,MWA,IL,AGL,CE,Federal Contract Tower,0,15,3,0,18,0,45,25,0,70,0,60,28,0,88,160,0,160,248
07/15/2023,MWA,IL,AGL,CE,Federal Contract Tower,0,10,0,0,10,0,13,7,0,20,0,23,7,0,30,0,0,0,30
07/16/2023,MWA,IL,AGL,CE,Federal Contract Tower,0,11,4,0,15,0,4,4,0,8,0,15,8,0,23,0,0,0,23
07/17/2023,MWA,IL,AGL,CE,Federal Contract Tower,0,10,1,0,11,0,12,6,0,18,0,22,7,0,29,8,0,8,37
07/18/2023,MWA,IL,AGL,CE,Federal Contract Tower,0,10,0,0,10,0,26,4,0,30,0,36,4,0,40,42,0,42,82
07/19/2023,MWA,IL,AGL,CE,Federal Contract Tower,0,11,1,0,12,0,0,3,6,9,0,11,4,6,21,0,0,0,21
07/20/2023,MWA,IL,AGL,CE,Federal Contract Tower,10,0,2,0,12,0,22,7,2,31,10,22,9,2,43,36,0,36,79
07/21/2023,MWA,IL,AGL,CE,Federal Contract Tower,0,7,0,0,7,0,22,17,0,39,0,29,17,0,46,102,0,102,148
07/22/2023,MWA,IL,AGL,CE,Federal Contract Tower,0,10,4,0,14,0,12,8,0,20,0,22,12,0,34,12,0,12,46
07/23/2023,MWA,IL,AGL,CE,Federal Contract Tower,0,13,4,0,17,0,15,25,0,40,0,28,29,0,57,68,0,68,125
07/24/2023,MWA,IL,AGL,CE,Federal Contract Tower,0,5,1,0,6,0,6,10,0,16,0,11,11,0,22,52,0,52,74
07/25/2023,MWA,IL,AGL,CE,Federal Contract Tower,0,9,1,0,10,0,25,15,0,40,0,34,16,0,50,64,0,64,114
07/26/2023,MWA,IL,AGL,CE,Federal Contract Tower,0,8,2,0,10,0,5,0,0,5,0,13,2,0,15,6,0,6,21
07/27/2023,MWA,IL,AGL,CE,Federal Contract Tower,0,10,0,0,10,0,17,12,0,29,0,27,12,0,39,68,0,68,107
07/28/2023,MWA,IL,AGL,CE,Federal Contract Tower,0,7,2,0,9,0,34,12,0,46,0,41,14,0,55,56,0,56,111
07/29/2023,MWA,IL,AGL,CE,Federal Contract Tower,0,12,3,0,15,0,0,1,0,1,0,12,4,0,16,0,0,0,16
07/30/2023,MWA,IL,AGL,CE,Federal Contract Tower,0,6,2,2,10,0,0,8,1,9,0,6,10,3,19,0,0,0,19
07/31/2023,MWA,IL,AGL,CE,Federal Contract Tower,0,9,1,0,10,0,26,13,0,39,0,35,14,0,49,100,0,100,149
08/01/2023,MWA,IL,AGL,CE,Federal Contract Tower,3,4,0,0,7,16,2,4,0,22,19,6,4,0,29,28,0,28,57
08/02/2023,MWA,IL,AGL,CE,Federal Contract Tower,2,12,1,0,15,0,14,2,0,16,2,26,3,0,31,14,0,14,45
08/03/2023,MWA,IL,AGL,CE,Federal Contract Tower,2,5,0,0,7,0,0,0,0,0,2,5,0,0,7,0,0,0,7
08/04/2023,MWA,IL,AGL,CE,Federal Contract Tower,4,10,0,0,14,0,2,1,0,3,4,12,1,0,17,0,0,0,17
08/05/2023,MWA,IL,AGL,CE,Federal Contract Tower,0,1,1,0,2,0,0,1,0,1,0,1,2,0,3,0,0,0,3
08/06/2023,MWA,IL,AGL,CE,Federal Contract Tower,0,6,3,0,9,0,2,10,0,12,0,8,13,0,21,20,0,20,41
08/07/2023,MWA,IL,AGL,CE,Federal Contract Tower,3,4,0,0,7,0,16,4,0,20,3,20,4,0,27,46,0,46,73
08/09/2023,MWA,IL,AGL,CE,Federal Contract Tower,0,4,0,0,4,0,4,2,0,6,0,8,2,0,10,6,0,6,16
08/10/2023,MWA,IL,AGL,CE,Federal Contract Tower,5,10,0,0,15,0,11,12,0,23,5,21,12,0,38,62,0,62,100
08/11/2023,MWA,IL,AGL,CE,Federal Contract Tower,4,5,0,0,9,0,3,17,0,20,4,8,17,0,29,44,0,44,73
08/12/2023,MWA,IL,AGL,CE,Federal Contract Tower,1,1,0,0,2,0,0,2,0,2,1,1,2,0,4,2,0,2,6
08/14/2023,MWA,IL,AGL,CE,Federal Contract Tower,3,4,1,0,8,0,4,2,0,6,3,8,3,0,14,0,0,0,14
08/15/2023,MWA,IL,AGL,CE,Federal Contract Tower,4,0,2,0,6,0,6,2,0,8,4,6,4,0,14,2,0,2,16
08/16/2023,MWA,IL,AGL,CE,Federal Contract Tower,4,4,0,0,8,0,13,27,0,40,4,17,27,0,48,76,0,76,124
08/17/2023,MWA,IL,AGL,CE,Federal Contract Tower,3,2,4,0,9,0,19,24,0,43,3,21,28,0,52,82,0,82,134
08/18/2023,MWA,IL,AGL,CE,Federal Contract Tower,4,6,1,0,11,0,13,16,4,33,4,19,17,4,44,46,6,52,96
08/19/2023,MWA,IL,AGL,CE,Federal Contract Tower,1,1,4,0,6,0,16,12,0,28,1,17,16,0,34,54,0,54,88
08/20/2023,MWA,IL,AGL,CE,Federal Contract Tower,1,3,0,0,4,0,8,11,0,19,1,11,11,0,23,0,0,0,23
08/21/2023,MWA,IL,AGL,CE,Federal Contract Tower,3,0,6,0,9,0,16,4,0,20,3,16,10,0,29,6,0,6,35
08/22/2023,MWA,IL,AGL,CE,Federal Contract Tower,4,0,5,0,9,0,21,11,0,32,4,21,16,0,41,50,0,50,91
08/23/2023,MWA,IL,AGL,CE,Federal Contract Tower,4,9,1,0,14,0,27,18,0,45,4,36,19,0,59,86,0,86,145
08/24/2023,MWA,IL,AGL,CE,Federal Contract Tower,4,6,5,0,15,0,32,16,0,48,4,38,21,0,63,116,0,116,179
08/25/2023,MWA,IL,AGL,CE,Federal Contract Tower,3,6,3,0,12,0,18,17,0,35,3,24,20,0,47,90,0,90,137
08/26/2023,MWA,IL,AGL,CE,Federal Contract Tower,1,1,1,0,3,0,6,8,0,14,1,7,9,0,17,0,0,0,17
08/27/2023,MWA,IL,AGL,CE,Federal Contract Tower,2,8,0,0,10,0,0,3,0,3,2,8,3,0,13,0,0,0,13
08/28/2023,MWA,IL,AGL,CE,Federal Contract Tower,3,2,1,0,6,0,32,23,0,55,3,34,24,0,61,134,0,134,195
08/29/2023,MWA,IL,AGL,CE,Federal Contract Tower,3,0,1,0,4,0,15,10,0,25,3,15,11,0,29,52,0,52,81
08/30/2023,MWA,IL,AGL,CE,Federal Contract Tower,4,4,1,0,9,0,25,17,0,42,4,29,18,0,51,44,0,44,95
08/31/2023,MWA,IL,AGL,CE,Federal Contract Tower,4,6,1,2,13,0,23,30,0,53,4,29,31,2,66,132,0,132,198
01/01/2020,MWA,IL,AGL,CE,Federal Contract Tower,0,8,2,0,10,0,7,13,0,20,0,15,15,0,30,12,0,12,42
01/02/2020,MWA,IL,AGL,CE,Federal Contract Tower,2,16,1,0,19,0,0,2,0,2,2,16,3,0,21,12,0,12,33
01/03/2020,MWA,IL,AGL,CE,Federal Contract Tower,0,12,0,0,12,0,0,0,0,0,0,12,0,0,12,0,0,0,12
01/04/2020,MWA,IL,AGL,CE,Federal Contract Tower,0,6,0,0,6,0,5,2,0,7,0,11,2,0,13,0,0,0,13
01/05/2020,MWA,IL,AGL,CE,Federal Contract Tower,0,9,0,0,9,0,1,18,0,19,0,10,18,0,28,10,0,10,38
01/06/2020,MWA,IL,AGL,CE,Federal Contract Tower,0,10,0,0,10,0,11,16,0,27,0,21,16,0,37,50,0,50,87
01/07/2020,MWA,IL,AGL,CE,Federal Contract Tower,0,8,0,0,8,0,13,23,0,36,0,21,23,0,44,78,0,78,122
01/08/2020,MWA,IL,AGL,CE,Federal Contract Tower,0,13,0,0,13,0,16,16,0,32,0,29,16,0,45,22,0,22,67
01/09/2020,MWA,IL,AGL,CE,Federal Contract Tower,0,10,0,2,12,0,5,1,0,6,0,15,1,2,18,0,0,0,18
01/10/2020,MWA,IL,AGL,CE,Federal Contract Tower,0,10,0,0,10,0,0,0,0,0,0,10,0,0,10,0,0,0,10
01/11/2020,MWA,IL,AGL,CE,Federal Contract Tower,0,3,0,0,3,0,0,0,0,0,0,3,0,0,3,0,0,0,3
01/12/2020,MWA,IL,AGL,CE,Federal Contract Tower,0,6,0,0,6,0,0,2,0,2,0,6,2,0,8,0,0,0,8
01/13/2020,MWA,IL,AGL,CE,Federal Contract Tower,0,11,1,0,12,0,1,1,0,2,0,12,2,0,14,0,0,0,14
01/14/2020,MWA,IL,AGL,CE,Federal Contract Tower,0,15,0,12,27,0,3,7,0,10,0,18,7,12,37,58,4,62,99
01/15/2020,MWA,IL,AGL,CE,Federal Contract Tower,0,14,0,0,14,0,0,1,0,1,0,14,1,0,15,0,0,0,15
01/16/2020,MWA,IL,AGL,CE,Federal Contract Tower,0,7,0,0,7,0,27,17,0,44,0,34,17,0,51,24,0,24,75
01/17/2020,MWA,IL,AGL,CE,Federal Contract Tower,0,5,0,0,5,0,3,8,0,11,0,8,8,0,16,10,0,10,26
01/18/2020,MWA,IL,AGL,CE,Federal Contract Tower,0,4,0,0,4,0,1,0,0,1,0,5,0,0,5,0,0,0,5
01/19/2020,MWA,IL,AGL,CE,Federal Contract Tower,0,7,3,8,18,0,2,7,0,9,0,9,10,8,27,4,0,4,31
01/20/2020,MWA,IL,AGL,CE,Federal Contract Tower,0,12,2,0,14,0,6,2,0,8,0,18,4,0,22,0,0,0,22
01/21/2020,MWA,IL,AGL,CE,Federal Contract Tower,0,15,1,0,16,0,10,8,6,24,0,25,9,6,40,14,4,18,58
01/22/2020,MWA,IL,AGL,CE,Federal Contract Tower,0,15,0,0,15,0,17,25,0,42,0,32,25,0,57,36,0,36,93
01/23/2020,MWA,IL,AGL,CE,Federal Contract Tower,0,10,0,0,10,0,0,0,0,0,0,10,0,0,10,0,0,0,10
01/24/2020,MWA,IL,AGL,CE,Federal Contract Tower,0,16,6,0,22,0,0,0,0,0,0,16,6,0,22,0,0,0,22
01/25/2020,MWA,IL,AGL,CE,Federal Contract Tower,0,5,0,0,5,0,1,1,0,2,0,6,1,0,7,0,0,0,7
01/26/2020,MWA,IL,AGL,CE,Federal Contract Tower,0,6,0,0,6,0,7,8,0,15,0,13,8,0,21,14,0,14,35
01/27/2020,MWA,IL,AGL,CE,Federal Contract Tower,0,12,6,0,18,0,0,0,0,0,0,12,6,0,18,0,0,0,18
01/28/2020,MWA,IL,AGL,CE,Federal Contract Tower,0,19,0,0,19,0,0,0,0,0,0,19,0,0,19,0,0,0,19
01/29/2020,MWA,IL,AGL,CE,Federal Contract Tower,0,15,0,0,15,0,0,0,0,0,0,15,0,0,15,0,0,0,15
01/30/2020,MWA,IL,AGL,CE,Federal Contract Tower,0,11,3,0,14,0,3,0,0,3,0,14,3,0,17,0,0,0,17
01/31/2020,MWA,IL,AGL,CE,Federal Contract Tower,2,10,2,0,14,0,1,0,0,1,2,11,2,0,15,0,0,0,15
02/01/2020,MWA,IL,AGL,CE,Federal Contract Tower,0,6,2,0,8,0,6,6,0,12,0,12,8,0,20,2,0,2,22
02/02/2020,MWA,IL,AGL,CE,Federal Contract Tower,0,6,3,0,9,0,20,25,0,45,0,26,28,0,54,74,0,74,128
02/03/2020,MWA,IL,AGL,CE,Federal Contract Tower,0,13,0,0,13,0,32,11,0,43,0,45,11,0,56,60,0,60,116
02/04/2020,MWA,IL,AGL,CE,Federal Contract Tower,0,15,0,0,15,0,0,0,0,0,0,15,0,0,15,0,0,0,15
02/05/2020,MWA,IL,AGL,CE,Federal Contract Tower,0,8,0,0,8,0,0,0,0,0,0,8,0,0,8,0,0,0,8
02/06/2020,MWA,IL,AGL,CE,Federal Contract Tower,0,17,0,0,17,0,0,1,0,1,0,17,1,0,18,0,0,0,18
02/07/2020,MWA,IL,AGL,CE,Federal Contract Tower,0,15,2,0,17,0,22,20,2,44,0,37,22,2,61,180,0,180,241
02/08/2020,MWA,IL,AGL,CE,Federal Contract Tower,0,7,0,0,7,0,24,24,2,50,0,31,24,2,57,76,16,92,149
02/09/2020,MWA,IL,AGL,CE,Federal Contract Tower,0,10,2,0,12,0,2,10,0,12,0,12,12,0,24,0,0,0,24
02/10/2020,MWA,IL,AGL,CE,Federal Contract Tower,0,13,1,0,14,0,0,0,0,0,0,13,1,0,14,0,0,0,14
02/11/2020,MWA,IL,AGL,CE,Federal Contract Tower,0,14,0,0,14,0,13,11,0,24,0,27,11,0,38,76,0,76,114
02/12/2020,MWA,IL,AGL,CE,Federal Contract Tower,0,14,0,0,14,0,0,0,0,0,0,14,0,0,14,0,0,0,14
02/13/2020,MWA,IL,AGL,CE,Federal Contract Tower,0,13,1,2,16,0,10,1,0,11,0,23,2,2,27,42,0,42,69
02/14/2020,MWA,IL,AGL,CE,Federal Contract Tower,0,14,0,0,14,0,18,12,0,30,0,32,12,0,44,112,0,112,156
02/15/2020,MWA,IL,AGL,CE,Federal Contract Tower,0,6,0,0,6,0,15,5,0,20,0,21,5,0,26,14,0,14,40
02/16/2020,MWA,IL,AGL,CE,Federal Contract Tower,0,10,0,0,10,0,15,22,4,41,0,25,22,4,51,78,8,86,137
02/17/2020,MWA,IL,AGL,CE,Federal Contract Tower,0,15,0,0,15,0,1,2,0,3,0,16,2,0,18,32,0,32,50
02/18/2020,MWA,IL,AGL,CE,Federal Contract Tower,0,10,0,2,12,0,4,0,0,4,0,14,0,2,16,8,0,8,24
02/19/2020,MWA,IL,AGL,CE,Federal Contract Tower,0,13,5,0,18,0,21,9,2,32,0,34,14,2,50,62,0,62,112
02/20/2020,MWA,IL,AGL,CE,Federal Contract Tower,0,7,3,0,10,0,45,9,0,54,0,52,12,0,64,68,0,68,132
02/21/2020,MWA,IL,AGL,CE,Federal Contract Tower,0,4,2,0,6,0,25,22,0,47,0,29,24,0,53,34,12,46,99
02/22/2020,MWA,IL,AGL,CE,Federal Contract Tower,0,7,2,0,9,0,6,22,2,30,0,13,24,2,39,52,0,52,91
02/23/2020,MWA,IL,AGL,CE,Federal Contract Tower,1,9,1,0,11,0,1,9,0,10,1,10,10,0,21,0,0,0,21
02/24/2020,MWA,IL,AGL,CE,Federal Contract Tower,0,18,0,0,18,0,0,0,0,0,0,18,0,0,18,0,0,0,18
02/25/2020,MWA,IL,AGL,CE,Federal Contract Tower,0,21,0,0,21,0,1,0,0,1,0,22,0,0,22,0,0,0,22
02/26/2020,MWA,IL,AGL,CE,Federal Contract Tower,0,10,0,0,10,0,0,0,0,0,0,10,0,0,10,0,0,0,10
02/27/2020,MWA,IL,AGL,CE,Federal Contract Tower,0,14,1,0,15,0,38,10,0,48,0,52,11,0,63,88,0,88,151
02/28/2020,MWA,IL,AGL,CE,Federal Contract Tower,0,10,0,0,10,0,19,14,0,33,0,29,14,0,43,58,0,58,101
02/29/2020,MWA,IL,AGL,CE,Federal Contract Tower,0,4,6,0,10,0,7,44,0,51,0,11,50,0,61,50,0,50,111
03/01/2020,MWA,IL,AGL,CE,Federal Contract Tower,0,3,0,0,3,0,12,4,2,18,0,15,4,2,21,10,8,18,39
03/02/2020,MWA,IL,AGL,CE,Federal Contract Tower,0,16,4,1,21,0,3,0,0,3,0,19,4,1,24,2,0,2,26
03/03/2020,MWA,IL,AGL,CE,Federal Contract Tower,0,9,5,0,14,0,55,23,0,78,0,64,28,0,92,86,0,86,178
03/04/2020,MWA,IL,AGL,CE,Federal Contract Tower,0,17,3,0,20,0,22,23,7,52,0,39,26,7,72,62,0,62,134
03/05/2020,MWA,IL,AGL,CE,Federal Contract Tower,0,13,1,0,14,0,34,30,0,64,0,47,31,0,78,86,0,86,164
03/06/2020,MWA,IL,AGL,CE,Federal Contract Tower,0,10,0,0,10,0,24,3,0,27,0,34,3,0,37,10,0,10,47
03/07/2020,MWA,IL,AGL,CE,Federal Contract Tower,0,10,5,7,22,0,18,21,5,44,0,28,26,12,66,38,26,64,130
03/08/2020,MWA,IL,AGL,CE,Federal Contract Tower,0,6,2,0,8,0,15,9,0,24,0,21,11,0,32,50,0,50,82
03/09/2020,MWA,IL,AGL,CE,Federal Contract Tower,0,11,1,0,12,0,1,2,0,3,0,12,3,0,15,0,0,0,15
03/10/2020,MWA,IL,AGL,CE,Federal Contract Tower,0,23,0,0,23,0,6,0,0,6,0,29,0,0,29,0,0,0,29
03/11/2020,MWA,IL,AGL,CE,Federal Contract Tower,0,17,1,0,18,0,1,7,0,8,0,18,8,0,26,14,0,14,40
03/12/2020,MWA,IL,AGL,CE,Federal Contract Tower,0,13,1,0,14,0,0,0,0,0,0,13,1,0,14,0,0,0,14
03/13/2020,MWA,IL,AGL,CE,Federal Contract Tower,0,17,1,2,20,0,5,13,0,18,0,22,14,2,38,16,0,16,54
03/14/2020,MWA,IL,AGL,CE,Federal Contract Tower,0,9,0,0,9,0,0,0,0,0,0,9,0,0,9,0,0,0,9
03/15/2020,MWA,IL,AGL,CE,Federal Contract Tower,0,7,6,1,14,0,2,1,3,6,0,9,7,4,20,0,0,0,20
03/16/2020,MWA,IL,AGL,CE,Federal Contract Tower,0,9,1,7,17,0,1,3,2,6,0,10,4,9,23,20,10,30,53
03/17/2020,MWA,IL,AGL,CE,Federal Contract Tower,0,12,1,0,13,0,8,7,0,15,0,20,8,0,28,70,0,70,98
03/18/2020,MWA,IL,AGL,CE,Federal Contract Tower,0,14,0,0,14,0,0,0,0,0,0,14,0,0,14,0,0,0,14
03/19/2020,MWA,IL,AGL,CE,Federal Contract Tower,0,14,0,0,14,0,1,0,0,1,0,15,0,0,15,0,0,0,15
03/20/2020,MWA,IL,AGL,CE,Federal Contract Tower,0,11,0,0,11,0,2,3,0,5,0,13,3,0,16,18,0,18,34
03/21/2020,MWA,IL,AGL,CE,Federal Contract Tower,0,7,1,0,8,0,1,9,2,12,0,8,10,2,20,26,0,26,46
03/22/2020,MWA,IL,AGL,CE,Federal Contract Tower,0,6,0,0,6,0,4,0,0,4,0,10,0,0,10,0,0,0,10
03/23/2020,MWA,IL,AGL,CE,Federal Contract Tower,0,12,0,0,12,0,2,1,0,3,0,14,1,0,15,0,0,0,15
03/24/2020,MWA,IL,AGL,CE,Federal Contract Tower,0,8,0,0,8,0,1,0,0,1,0,9,0,0,9,0,0,0,9
03/25/2020,MWA,IL,AGL,CE,Federal Contract Tower,0,14,1,0,15,0,6,6,0,12,0,20,7,0,27,22,0,22,49
03/26/2020,MWA,IL,AGL,CE,Federal Contract Tower,0,5,0,0,5,0,7,4,0,11,0,12,4,0,16,0,0,0,16
03/28/2020,MWA,IL,AGL,CE,Federal Contract Tower,0,3,0,0,3,0,3,0,0,3,0,6,0,0,6,0,0,0,6
03/29/2020,MWA,IL,AGL,CE,Federal Contract Tower,0,5,0,0,5,0,1,0,0,1,0,6,0,0,6,0,0,0,6
03/30/2020,MWA,IL,AGL,CE,Federal Contract Tower,0,5,0,0,5,0,8,6,0,14,0,13,6,0,19,0,0,0,19
03/31/2020,MWA,IL,AGL,CE,Federal Contract Tower,0,10,0,0,10,0,5,4,0,9,0,15,4,0,19,0,0,0,19
04/01/2020,MWA,IL,AGL,CE,Federal Contract Tower,0,7,0,0,7,0,12,7,0,19,0,19,7,0,26,30,0,30,56
04/02/2020,MWA,IL,AGL,CE,Federal Contract Tower,0,1,0,1,2,0,13,3,1,17,0,14,3,2,19,0,3,3,22
04/03/2020,MWA,IL,AGL,CE,Federal Contract Tower,0,7,1,0,8,0,2,5,0,7,0,9,6,0,15,2,0,2,17
04/04/2020,MWA,IL,AGL,CE,Federal Contract Tower,0,6,1,0,7,0,0,0,5,5,0,6,1,5,12,0,0,0,12
04/05/2020,MWA,IL,AGL,CE,Federal Contract Tower,0,8,4,0,12,0,0,0,1,1,0,8,4,1,13,0,0,0,13
04/06/2020,MWA,IL,AGL,CE,Federal Contract Tower,0,11,1,0,12,0,2,5,1,8,0,13,6,1,20,0,0,0,20
04/07/2020,MWA,IL,AGL,CE,Federal Contract Tower,0,9,0,0,9,0,3,2,0,5,0,12,2,0,14,0,0,0,14
04/08/2020,MWA,IL,AGL,CE,Federal Contract Tower,0,8,5,0,13,0,6,6,0,12,0,14,11,0,25,20,0,20,45
04/09/2020,MWA,IL,AGL,CE,Federal Contract Tower,0,8,1,0,9,0,3,3,0,6,0,11,4,0,15,0,0,0,15
04/10/2020,MWA,IL,AGL,CE,Federal Contract Tower,0,12,0,0,12,0,5,8,0,13,0,17,8,0,25,6,0,6,31
04/11/2020,MWA,IL,AGL,CE,Federal Contract Tower,0,6,0,0,6,0,1,0,0,1,0,7,0,0,7,0,0,0,7
04/12/2020,MWA,IL,AGL,CE,Federal Contract Tower,0,5,0,0,5,0,2,0,0,2,0,7,0,0,7,0,0,0,7
04/13/2020,MWA,IL,AGL,CE,Federal Contract Tower,0,11,0,0,11,0,3,0,0,3,0,14,0,0,14,0,0,0,14
04/14/2020,MWA,IL,AGL,CE,Federal Contract Tower,0,8,3,0,11,0,4,2,0,6,0,12,5,0,17,6,0,6,23
04/15/2020,MWA,IL,AGL,CE,Federal Contract Tower,0,7,4,0,11,0,12,2,0,14,0,19,6,0,25,16,0,16,41
04/16/2020,MWA,IL,AGL,CE,Federal Contract Tower,0,6,0,0,6,0,6,14,0,20,0,12,14,0,26,4,0,4,30
04/17/2020,MWA,IL,AGL,CE,Federal Contract Tower,0,12,1,0,13,0,5,2,0,7,0,17,3,0,20,14,0,14,34
04/18/2020,MWA,IL,AGL,CE,Federal Contract Tower,0,4,0,2,6,0,5,5,0,10,0,9,5,2,16,34,0,34,50
04/19/2020,MWA,IL,AGL,CE,Federal Contract Tower,0,8,0,0,8,0,2,0,0,2,0,10,0,0,10,0,0,0,10
04/20/2020,MWA,IL,AGL,CE,Federal Contract Tower,0,10,0,0,10,0,2,3,0,5,0,12,3,0,15,14,0,14,29
04/21/2020,MWA,IL,AGL,CE,Federal Contract Tower,0,12,0,0,12,0,4,3,0,7,0,16,3,0,19,8,0,8,27
04/22/2020,MWA,IL,AGL,CE,Federal Contract Tower,0,12,4,0,16,0,6,5,0,11,0,18,9,0,27,6,0,6,33
04/23/2020,MWA,IL,AGL,CE,Federal Contract Tower,0,15,0,0,15,0,0,0,0,0,0,15,0,0,15,0,0,0,15
04/24/2020,MWA,IL,AGL,CE,Federal Contract Tower,0,11,1,0,12,0,7,6,0,13,0,18,7,0,25,8,0,8,33
04/25/2020,MWA,IL,AGL,CE,Federal Contract Tower,0,6,0,0,6,0,0,0,0,0,0,6,0,0,6,0,0,0,6
04/26/2020,MWA,IL,AGL,CE,Federal Contract Tower,0,7,0,0,7,0,2,4,0,6,0,9,4,0,13,0,0,0,13
04/27/2020,MWA,IL,AGL,CE,Federal Contract Tower,0,12,0,0,12,0,3,7,0,10,0,15,7,0,22,4,0,4,26
04/28/2020,MWA,IL,AGL,CE,Federal Contract Tower,0,8,0,0,8,0,5,1,0,6,0,13,1,0,14,0,0,0,14
04/29/2020,MWA,IL,AGL,CE,Federal Contract Tower,0,10,1,0,11,0,0,6,0,6,0,10,7,0,17,0,0,0,17
04/30/2020,MWA,IL,AGL,CE,Federal Contract Tower,0,11,1,0,12,0,5,2,0,7,0,16,3,0,19,0,0,0,19
05/01/2020,MWA,IL,AGL,CE,Federal Contract Tower,0,9,1,0,10,0,7,11,0,18,0,16,12,0,28,0,0,0,28
05/02/2020,MWA,IL,AGL,CE,Federal Contract Tower,0,4,0,0,4,0,1,12,0,13,0,5,12,0,17,2,0,2,19
05/03/2020,MWA,IL,AGL,CE,Federal Contract Tower,0,4,0,0,4,0,1,4,0,5,0,5,4,0,9,6,0,6,15
05/04/2020,MWA,IL,AGL,CE,Federal Contract Tower,0,12,1,0,13,0,2,15,0,17,0,14,16,0,30,18,0,18,48
05/05/2020,MWA,IL,AGL,CE,Federal Contract Tower,0,14,2,0,16,0,3,8,0,11,0,17,10,0,27,0,0,0,27
05/06/2020,MWA,IL,AGL,CE,Federal Contract Tower,0,12,1,0,13,0,1,8,0,9,0,13,9,0,22,4,0,4,26
05/07/2020,MWA,IL,AGL,CE,Federal Contract Tower,0,10,0,0,10,0,12,18,0,30,0,22,18,0,40,30,0,30,70
05/08/2020,MWA,IL,AGL,CE,Federal Contract Tower,0,11,0,0,11,0,0,0,0,0,0,11,0,0,11,0,0,0,11
05/09/2020,MWA,IL,AGL,CE,Federal Contract Tower,0,6,0,0,6,0,1,18,0,19,0,7,18,0,25,0,0,0,25
05/10/2020,MWA,IL,AGL,CE,Federal Contract Tower,0,5,0,0,5,0,10,4,0,14,0,15,4,0,19,0,0,0,19
05/11/2020,MWA,IL,AGL,CE,Federal Contract Tower,0,15,0,0,15,0,7,14,0,21,0,22,14,0,36,28,0,28,64
05/12/2020,MWA,IL,AGL,CE,Federal Contract Tower,0,11,3,0,14,0,10,12,0,22,0,21,15,0,36,48,0,48,84
05/13/2020,MWA,IL,AGL,CE,Federal Contract Tower,0,14,1,0,15,0,0,0,0,0,0,14,1,0,15,0,0,0,15
05/14/2020,MWA,IL,AGL,CE,Federal Contract Tower,0,11,0,0,11,0,5,0,0,5,0,16,0,0,16,2,0,2,18
05/15/2020,MWA,IL,AGL,CE,Federal Contract Tower,0,9,0,0,9,0,2,0,0,2,0,11,0,0,11,0,0,0,11
05/16/2020,MWA,IL,AGL,CE,Federal Contract Tower,0,4,0,0,4,0,2,4,0,6,0,6,4,0,10,0,0,0,10
05/17/2020,MWA,IL,AGL,CE,Federal Contract Tower,0,8,0,0,8,0,2,0,0,2,0,10,0,0,10,0,0,0,10
05/18/2020,MWA,IL,AGL,CE,Federal Contract Tower,0,10,2,0,12,0,3,11,0,14,0,13,13,0,26,58,0,58,84
05/19/2020,MWA,IL,AGL,CE,Federal Contract Tower,0,15,2,0,17,0,0,0,0,0,0,15,2,0,17,0,0,0,17
05/20/2020,MWA,IL,AGL,CE,Federal Contract Tower,0,15,0,0,15,0,1,6,0,7,0,16,6,0,22,0,0,0,22
05/21/2020,MWA,IL,AGL,CE,Federal Contract Tower,0,11,0,0,11,0,4,0,0,4,0,15,0,0,15,0,0,0,15
05/22/2020,MWA,IL,AGL,CE,Federal Contract Tower,0,7,2,0,9,0,0,7,0,7,0,7,9,0,16,4,0,4,20
05/23/2020,MWA,IL,AGL,CE,Federal Contract Tower,0,9,2,0,11,0,7,10,0,17,0,16,12,0,28,2,0,2,30
05/24/2020,MWA,IL,AGL,CE,Federal Contract Tower,0,3,0,0,3,0,3,10,0,13,0,6,10,0,16,24,0,24,40
05/25/2020,MWA,IL,AGL,CE,Federal Contract Tower,0,7,0,0,7,0,6,6,0,12,0,13,6,0,19,8,0,8,27
05/26/2020,MWA,IL,AGL,CE,Federal Contract Tower,0,14,0,0,14,0,2,11,0,13,0,16,11,0,27,0,0,0,27
05/27/2020,MWA,IL,AGL,CE,Federal Contract Tower,0,14,1,0,15,0,0,0,0,0,0,14,1,0,15,0,0,0,15
05/28/2020,MWA,IL,AGL,CE,Federal Contract Tower,0,11,0,0,11,0,0,5,0,5,0,11,5,0,16,12,0,12,28
05/29/2020,MWA,IL,AGL,CE,Federal Contract Tower,0,14,2,0,16,0,1,14,0,15,0,15,16,0,31,0,0,0,31
05/31/2020,MWA,IL,AGL,CE,Federal Contract Tower,0,6,0,0,6,0,0,11,0,11,0,6,11,0,17,10,0,10,27
06/01/2020,MWA,IL,AGL,CE,Federal Contract Tower,0,9,0,0,9,0,11,22,0,33,0,20,22,0,42,82,0,82,124
06/02/2020,MWA,IL,AGL,CE,Federal Contract Tower,0,10,1,0,11,0,14,17,0,31,0,24,18,0,42,62,0,62,104
06/03/2020,MWA,IL,AGL,CE,Federal Contract Tower,0,12,3,0,15,0,7,12,0,19,0,19,15,0,34,36,0,36,70
06/04/2020,MWA,IL,AGL,CE,Federal Contract Tower,0,11,0,0,11,0,1,3,0,4,0,12,3,0,15,0,0,0,15
06/05/2020,MWA,IL,AGL,CE,Federal Contract Tower,0,10,0,0,10,0,14,22,0,36,0,24,22,0,46,10,0,10,56
06/06/2020,MWA,IL,AGL,CE,Federal Contract Tower,0,9,3,0,12,0,5,23,0,28,0,14,26,0,40,4,0,4,44
06/07/2020,MWA,IL,AGL,CE,Federal Contract Tower,0,8,0,0,8,0,4,10,0,14,0,12,10,0,22,0,0,0,22
06/08/2020,MWA,IL,AGL,CE,Federal Contract Tower,0,14,1,0,15,0,4,4,0,8,0,18,5,0,23,32,0,32,55
06/09/2020,MWA,IL,AGL,CE,Federal Contract Tower,0,14,1,0,15,0,0,0,0,0,0,14,1,0,15,0,0,0,15
06/10/2020,MWA,IL,AGL,CE,Federal Contract Tower,0,14,3,0,17,0,1,0,0,1,0,15,3,0,18,0,0,0,18
06/11/2020,MWA,IL,AGL,CE,Federal Contract Tower,0,7,0,0,7,0,20,19,0,39,0,27,19,0,46,50,0,50,96
06/12/2020,MWA,IL,AGL,CE,Federal Contract Tower,0,7,0,0,7,0,12,20,0,32,0,19,20,0,39,18,0,18,57
06/13/2020,MWA,IL,AGL,CE,Federal Contract Tower,0,6,1,0,7,0,14,13,0,27,0,20,14,0,34,52,0,52,86
06/14/2020,MWA,IL,AGL,CE,Federal Contract Tower,0,9,1,0,10,0,2,16,0,18,0,11,17,0,28,4,0,4,32
06/15/2020,MWA,IL,AGL,CE,Federal Contract Tower,0,11,2,0,13,0,17,10,0,27,0,28,12,0,40,20,0,20,60
06/16/2020,MWA,IL,AGL,CE,Federal Contract Tower,0,11,1,0,12,0,5,14,0,19,0,16,15,0,31,30,0,30,61
06/17/2020,MWA,IL,AGL,CE,Federal Contract Tower,0,11,7,0,18,0,14,10,0,24,0,25,17,0,42,34,0,34,76
06/18/2020,MWA,IL,AGL,CE,Federal Contract Tower,0,10,0,0,10,0,19,24,2,45,0,29,24,2,55,98,0,98,153
06/19/2020,MWA,IL,AGL,CE,Federal Contract Tower,0,8,2,0,10,0,8,18,0,26,0,16,20,0,36,28,0,28,64
06/20/2020,MWA,IL,AGL,CE,Federal Contract Tower,0,9,1,0,10,0,9,13,0,22,0,18,14,0,32,30,0,30,62
06/21/2020,MWA,IL,AGL,CE,Federal Contract Tower,0,8,0,0,8,0,0,6,0,6,0,8,6,0,14,0,0,0,14
06/22/2020,MWA,IL,AGL,CE,Federal Contract Tower,0,14,2,0,16,0,1,4,0,5,0,15,6,0,21,12,0,12,33
06/23/2020,MWA,IL,AGL,CE,Federal Contract Tower,0,17,4,0,21,0,14,9,3,26,0,31,13,3,47,40,0,40,87
06/24/2020,MWA,IL,AGL,CE,Federal Contract Tower,0,17,2,0,19,0,22,17,0,39,0,39,19,0,58,74,0,74,132
06/25/2020,MWA,IL,AGL,CE,Federal Contract Tower,0,16,5,0,21,0,11,13,0,24,0,27,18,0,45,4,0,4,49
06/26/2020,MWA,IL,AGL,CE,Federal Contract Tower,0,16,1,0,17,0,3,13,0,16,0,19,14,0,33,26,0,26,59
06/27/2020,MWA,IL,AGL,CE,Federal Contract Tower,0,6,2,0,8,0,3,9,0,12,0,9,11,0,20,32,0,32,52
06/28/2020,MWA,IL,AGL,CE,Federal Contract Tower,0,8,4,0,12,0,0,2,0,2,0,8,6,0,14,0,0,0,14
06/29/2020,MWA,IL,AGL,CE,Federal Contract Tower,0,13,1,0,14,0,9,19,0,28,0,22,20,0,42,70,0,70,112
06/30/2020,MWA,IL,AGL,CE,Federal Contract Tower,0,7,1,0,8,0,0,2,0,2,0,7,3,0,10,0,0,0,10
07/01/2020,MWA,IL,AGL,CE,Federal Contract Tower,0,7,0,0,7,0,0,3,0,3,0,7,3,0,10,0,0,0,10
07/02/2020,MWA,IL,AGL,CE,Federal Contract Tower,0,12,0,0,12,0,6,14,0,20,0,18,14,0,32,40,0,40,72
07/03/2020,MWA,IL,AGL,CE,Federal Contract Tower,0,13,1,0,14,0,3,19,0,22,0,16,20,0,36,8,0,8,44
07/04/2020,MWA,IL,AGL,CE,Federal Contract Tower,0,8,0,0,8,0,0,13,0,13,0,8,13,0,21,6,0,6,27
07/05/2020,MWA,IL,AGL,CE,Federal Contract Tower,0,8,0,0,8,0,1,6,0,7,0,9,6,0,15,0,0,0,15
07/06/2020,MWA,IL,AGL,CE,Federal Contract Tower,0,11,2,0,13,0,6,14,1,21,0,17,16,1,34,34,0,34,68
07/07/2020,MWA,IL,AGL,CE,Federal Contract Tower,0,17,1,1,19,0,6,24,3,33,0,23,25,4,52,74,0,74,126
07/08/2020,MWA,IL,AGL,CE,Federal Contract Tower,0,15,2,1,18,0,13,5,3,21,0,28,7,4,39,50,0,50,89
07/09/2020,MWA,IL,AGL,CE,Federal Contract Tower,0,16,1,0,17,0,17,18,0,35,0,33,19,0,52,32,0,32,84
07/10/2020,MWA,IL,AGL,CE,Federal Contract Tower,0,12,3,0,15,0,12,6,0,18,0,24,9,0,33,10,0,10,43
07/11/2020,MWA,IL,AGL,CE,Federal Contract Tower,0,11,2,0,13,0,1,5,0,6,0,12,7,0,19,0,0,0,19
07/12/2020,MWA,IL,AGL,CE,Federal Contract Tower,0,7,2,0,9,0,13,3,0,16,0,20,5,0,25,76,0,76,101
07/13/2020,MWA,IL,AGL,CE,Federal Contract Tower,0,13,2,0,15,0,3,10,0,13,0,16,12,0,28,28,0,28,56
07/14/2020,MWA,IL,AGL,CE,Federal Contract Tower,0,10,2,0,12,0,17,7,0,24,0,27,9,0,36,52,0,52,88
07/15/2020,MWA,IL,AGL,CE,Federal Contract Tower,0,14,2,0,16,0,11,4,4,19,0,25,6,4,35,10,0,10,45
07/16/2020,MWA,IL,AGL,CE,Federal Contract Tower,0,10,3,0,13,0,8,0,0,8,0,18,3,0,21,0,0,0,21
07/17/2020,MWA,IL,AGL,CE,Federal Contract Tower,0,12,4,0,16,0,2,11,0,13,0,14,15,0,29,18,0,18,47
07/18/2020,MWA,IL,AGL,CE,Federal Contract Tower,0,4,4,0,8,0,8,8,0,16,0,12,12,0,24,4,0,4,28
07/19/2020,MWA,IL,AGL,CE,Federal Contract Tower,0,6,0,0,6,0,2,5,0,7,0,8,5,0,13,0,0,0,13
07/20/2020,MWA,IL,AGL,CE,Federal Contract Tower,0,8,2,0,10,0,14,2,0,16,0,22,4,0,26,0,0,0,26
07/21/2020,MWA,IL,AGL,CE,Federal Contract Tower,0,8,2,0,10,0,11,15,0,26,0,19,17,0,36,32,0,32,68
07/22/2020,MWA,IL,AGL,CE,Federal Contract Tower,0,8,0,0,8,0,11,10,0,21,0,19,10,0,29,40,0,40,69
07/23/2020,MWA,IL,AGL,CE,Federal Contract Tower,0,16,2,0,18,0,7,2,0,9,0,23,4,0,27,20,0,20,47
07/24/2020,MWA,IL,AGL,CE,Federal Contract Tower,0,10,4,0,14,0,9,11,0,20,0,19,15,0,34,30,0,30,64
07/25/2020,MWA,IL,AGL,CE,Federal Contract Tower,0,9,1,0,10,0,4,12,0,16,0,13,13,0,26,0,0,0,26
07/26/2020,MWA,IL,AGL,CE,Federal Contract Tower,0,11,2,0,13,0,4,7,0,11,0,15,9,0,24,0,0,0,24
07/27/2020,MWA,IL,AGL,CE,Federal Contract Tower,0,14,3,0,17,0,16,4,0,20,0,30,7,0,37,34,0,34,71
07/28/2020,MWA,IL,AGL,CE,Federal Contract Tower,0,19,5,0,24,0,1,2,0,3,0,20,7,0,27,24,0,24,51
07/29/2020,MWA,IL,AGL,CE,Federal Contract Tower,0,15,0,0,15,0,0,4,0,4,0,15,4,0,19,10,0,10,29
07/30/2020,MWA,IL,AGL,CE,Federal Contract Tower,6,16,1,0,23,0,0,0,0,0,6,16,1,0,23,4,0,4,27
07/31/2020,MWA,IL,AGL,CE,Federal Contract Tower,2,12,1,0,15,0,0,1,0,1,2,12,2,0,16,0,0,0,16
08/01/2020,MWA,IL,AGL,CE,Federal Contract Tower,0,7,3,0,10,0,0,0,0,0,0,7,3,0,10,0,0,0,10
08/02/2020,MWA,IL,AGL,CE,Federal Contract Tower,0,6,0,0,6,0,2,7,0,9,0,8,7,0,15,2,0,2,17
08/03/2020,MWA,IL,AGL,CE,Federal Contract Tower,0,16,11,0,27,0,10,9,0,19,0,26,20,0,46,30,0,30,76
08/04/2020,MWA,IL,AGL,CE,Federal Contract Tower,0,10,0,0,10,0,15,5,0,20,0,25,5,0,30,8,0,8,38
08/05/2020,MWA,IL,AGL,CE,Federal Contract Tower,2,16,0,0,18,0,21,11,0,32,2,37,11,0,50,60,0,60,110
08/06/2020,MWA,IL,AGL,CE,Federal Contract Tower,0,10,2,0,12,0,11,11,0,22,0,21,13,0,34,14,0,14,48
08/07/2020,MWA,IL,AGL,CE,Federal Contract Tower,0,10,0,0,10,0,6,9,0,15,0,16,9,0,25,1,0,1,26
08/08/2020,MWA,IL,AGL,CE,Federal Contract Tower,2,9,1,0,12,0,5,10,0,15,2,14,11,0,27,36,0,36,63
08/09/2020,MWA,IL,AGL,CE,Federal Contract Tower,0,6,0,0,6,0,6,10,0,16,0,12,10,0,22,24,0,24,46
08/10/2020,MWA,IL,AGL,CE,Federal Contract Tower,0,14,0,0,14,0,2,17,0,19,0,16,17,0,33,24,0,24,57
08/11/2020,MWA,IL,AGL,CE,Federal Contract Tower,4,18,0,0,22,0,6,12,0,18,4,24,12,0,40,52,0,52,92
08/12/2020,MWA,IL,AGL,CE,Federal Contract Tower,0,17,1,0,18,0,1,2,0,3,0,18,3,0,21,4,0,4,25
08/13/2020,MWA,IL,AGL,CE,Federal Contract Tower,0,13,3,0,16,0,2,2,0,4,0,15,5,0,20,0,0,0,20
08/14/2020,MWA,IL,AGL,CE,Federal Contract Tower,0,11,1,0,12,0,2,2,0,4,0,13,3,0,16,10,0,10,26
08/15/2020,MWA,IL,AGL,CE,Federal Contract Tower,0,6,2,2,10,0,2,8,1,11,0,8,10,3,21,16,10,26,47
08/16/2020,MWA,IL,AGL,CE,Federal Contract Tower,0,8,0,0,8,0,9,13,0,22,0,17,13,0,30,6,0,6,36
08/17/2020,MWA,IL,AGL,CE,Federal Contract Tower,0,8,2,0,10,0,11,7,0,18,0,19,9,0,28,26,0,26,54
08/18/2020,MWA,IL,AGL,CE,Federal Contract Tower,0,23,2,0,25,0,6,3,0,9,0,29,5,0,34,0,0,0,34
08/19/2020,MWA,IL,AGL,CE,Federal Contract Tower,0,14,0,0,14,0,12,14,3,29,0,26,14,3,43,20,4,24,67
08/20/2020,MWA,IL,AGL,CE,Federal Contract Tower,0,12,1,0,13,0,19,29,0,48,0,31,30,0,61,78,0,78,139
08/21/2020,MWA,IL,AGL,CE,Federal Contract Tower,0,10,1,0,11,0,17,15,0,32,0,27,16,0,43,78,0,78,121
08/22/2020,MWA,IL,AGL,CE,Federal Contract Tower,0,5,0,0,5,0,6,10,5,21,0,11,10,5,26,14,0,14,40
08/23/2020,MWA,IL,AGL,CE,Federal Contract Tower,0,6,0,0,6,0,6,7,0,13,0,12,7,0,19,0,0,0,19
08/24/2020,MWA,IL,AGL,CE,Federal Contract Tower,0,9,1,0,10,0,30,8,0,38,0,39,9,0,48,38,0,38,86
08/25/2020,MWA,IL,AGL,CE,Federal Contract Tower,0,13,3,0,16,0,26,32,0,58,0,39,35,0,74,82,0,82,156
08/26/2020,MWA,IL,AGL,CE,Federal Contract Tower,0,25,0,0,25,0,3,5,0,8,0,28,5,0,33,6,0,6,39
08/27/2020,MWA,IL,AGL,CE,Federal Contract Tower,0,14,0,0,14,0,7,11,0,18,0,21,11,0,32,28,0,28,60
08/28/2020,MWA,IL,AGL,CE,Federal Contract Tower,0,12,0,0,12,0,2,0,0,2,0,14,0,0,14,0,0,0,14
08/29/2020,MWA,IL,AGL,CE,Federal Contract Tower,0,5,0,0,5,0,8,9,0,17,0,13,9,0,22,18,0,18,40
08/30/2020,MWA,IL,AGL,CE,Federal Contract Tower,0,9,0,0,9,0,4,0,0,4,0,13,0,0,13,2,0,2,15
08/31/2020,MWA,IL,AGL,CE,Federal Contract Tower,0,17,0,0,17,0,10,1,0,11,0,27,1,0,28,24,0,24,52
09/01/2020,MWA,IL,AGL,CE,Federal Contract Tower,0,28,0,0,28,0,3,3,0,6,0,31,3,0,34,22,0,22,56
09/02/2020,MWA,IL,AGL,CE,Federal Contract Tower,0,18,1,0,19,0,0,1,0,1,0,18,2,0,20,0,0,0,20
09/03/2020,MWA,IL,AGL,CE,Federal Contract Tower,0,15,2,1,18,0,18,0,0,18,0,33,2,1,36,18,0,18,54
09/05/2020,MWA,IL,AGL,CE,Federal Contract Tower,0,8,0,0,8,0,14,18,0,32,0,22,18,0,40,4,0,4,44
09/06/2020,MWA,IL,AGL,CE,Federal Contract Tower,0,5,0,0,5,0,5,10,0,15,0,10,10,0,20,12,0,12,32
09/07/2020,MWA,IL,AGL,CE,Federal Contract Tower,0,8,1,0,9,0,10,26,0,36,0,18,27,0,45,34,0,34,79
09/08/2020,MWA,IL,AGL,CE,Federal Contract Tower,0,11,1,0,12,0,19,18,0,37,0,30,19,0,49,116,0,116,165
09/09/2020,MWA,IL,AGL,CE,Federal Contract Tower,0,14,2,0,16,0,10,9,0,19,0,24,11,0,35,78,0,78,113
09/10/2020,MWA,IL,AGL,CE,Federal Contract Tower,0,17,2,0,19,0,18,15,0,33,0,35,17,0,52,106,0,106,158
09/11/2020,MWA,IL,AGL,CE,Federal Contract Tower,0,14,0,0,14,0,13,10,0,23,0,27,10,0,37,16,0,16,53
09/12/2020,MWA,IL,AGL,CE,Federal Contract Tower,0,9,3,0,12,0,4,2,5,11,0,13,5,5,23,2,4,6,29
09/13/2020,MWA,IL,AGL,CE,Federal Contract Tower,0,7,3,3,13,3,3,8,0,14,3,10,11,3,27,40,6,46,73
09/14/2020,MWA,IL,AGL,CE,Federal Contract Tower,0,12,0,0,12,0,23,14,0,37,0,35,14,0,49,52,0,52,101
09/15/2020,MWA,IL,AGL,CE,Federal Contract Tower,0,11,1,0,12,0,18,19,0,37,0,29,20,0,49,100,0,100,149
09/16/2020,MWA,IL,AGL,CE,Federal Contract Tower,0,19,0,0,19,0,11,9,0,20,0,30,9,0,39,74,0,74,113
09/17/2020,MWA,IL,AGL,CE,Federal Contract Tower,0,15,3,0,18,0,17,11,0,28,0,32,14,0,46,16,0,16,62
09/18/2020,MWA,IL,AGL,CE,Federal Contract Tower,0,11,3,0,14,0,25,6,0,31,0,36,9,0,45,82,0,82,127
09/19/2020,MWA,IL,AGL,CE,Federal Contract Tower,0,4,2,0,6,0,16,13,2,31,0,20,15,2,37,18,0,18,55
09/20/2020,MWA,IL,AGL,CE,Federal Contract Tower,0,9,3,1,13,0,11,10,4,25,0,20,13,5,38,48,0,48,86
09/21/2020,MWA,IL,AGL,CE,Federal Contract Tower,0,12,2,0,14,0,22,9,4,35,0,34,11,4,49,24,0,24,73
09/22/2020,MWA,IL,AGL,CE,Federal Contract Tower,0,15,3,0,18,0,21,10,2,33,0,36,13,2,51,56,4,60,111
09/23/2020,MWA,IL,AGL,CE,Federal Contract Tower,0,18,5,0,23,0,18,9,2,29,0,36,14,2,52,10,0,10,62
09/24/2020,MWA,IL,AGL,CE,Federal Contract Tower,0,13,3,0,16,0,32,7,5,44,0,45,10,5,60,88,10,98,158
09/25/2020,MWA,IL,AGL,CE,Federal Contract Tower,0,20,1,0,21,0,1,5,0,6,0,21,6,0,27,2,0,2,29
09/26/2020,MWA,IL,AGL,CE,Federal Contract Tower,0,7,3,0,10,0,1,18,0,19,0,8,21,0,29,0,0,0,29
09/27/2020,MWA,IL,AGL,CE,Federal Contract Tower,0,5,3,0,8,0,2,4,2,8,0,7,7,2,16,0,0,0,16
09/28/2020,MWA,IL,AGL,CE,Federal Contract Tower,0,13,2,0,15,0,1,4,0,5,0,14,6,0,20,0,0,0,20
09/29/2020,MWA,IL,AGL,CE,Federal Contract Tower,0,17,2,0,19,0,15,7,0,22,0,32,9,0,41,42,0,42,83
09/30/2020,MWA,IL,AGL,CE,Federal Contract Tower,0,13,0,0,13,0,31,6,0,37,0,44,6,0,50,50,0,50,100
10/01/2020,MWA,IL,AGL,CE,Federal Contract Tower,0,8,0,0,8,0,14,1,0,15,0,22,1,0,23,38,0,38,61
10/02/2020,MWA,IL,AGL,CE,Federal Contract Tower,0,12,2,0,14,0,14,6,0,20,0,26,8,0,34,32,0,32,66
10/03/2020,MWA,IL,AGL,CE,Federal Contract Tower,0,10,0,0,10,0,2,8,0,10,0,12,8,0,20,10,0,10,30
10/04/2020,MWA,IL,AGL,CE,Federal Contract Tower,0,4,1,0,5,0,9,4,2,15,0,13,5,2,20,0,0,0,20
10/05/2020,MWA,IL,AGL,CE,Federal Contract Tower,0,14,0,0,14,0,35,16,0,51,0,49,16,0,65,52,0,52,117
10/06/2020,MWA,IL,AGL,CE,Federal Contract Tower,0,13,0,0,13,0,16,6,4,26,0,29,6,4,39,49,2,51,90
10/07/2020,MWA,IL,AGL,CE,Federal Contract Tower,0,16,1,0,17,0,8,9,0,17,0,24,10,0,34,60,0,60,94
10/08/2020,MWA,IL,AGL,CE,Federal Contract Tower,0,13,1,0,14,0,12,23,0,35,0,25,24,0,49,74,0,74,123
10/09/2020,MWA,IL,AGL,CE,Federal Contract Tower,0,14,2,0,16,0,3,20,0,23,0,17,22,0,39,36,0,36,75
10/10/2020,MWA,IL,AGL,CE,Federal Contract Tower,0,10,4,0,14,0,6,2,0,8,0,16,6,0,22,0,0,0,22
10/11/2020,MWA,IL,AGL,CE,Federal Contract Tower,0,6,0,4,10,0,7,6,0,13,0,13,6,4,23,8,0,8,31
10/12/2020,MWA,IL,AGL,CE,Federal Contract Tower,0,15,3,0,18,0,5,2,0,7,0,20,5,0,25,4,0,4,29
10/13/2020,MWA,IL,AGL,CE,Federal Contract Tower,0,9,2,0,11,0,33,26,0,59,0,42,28,0,70,62,0,62,132
10/14/2020,MWA,IL,AGL,CE,Federal Contract Tower,0,12,0,0,12,0,22,37,0,59,0,34,37,0,71,48,0,48,119
10/15/2020,MWA,IL,AGL,CE,Federal Contract Tower,0,12,0,0,12,0,12,4,0,16,0,24,4,0,28,56,0,56,84
10/16/2020,MWA,IL,AGL,CE,Federal Contract Tower,0,14,1,0,15,0,24,19,0,43,0,38,20,0,58,110,0,110,168
10/17/2020,MWA,IL,AGL,CE,Federal Contract Tower,0,6,0,0,6,0,10,6,0,16,0,16,6,0,22,46,0,46,68
10/18/2020,MWA,IL,AGL,CE,Federal Contract Tower,0,5,1,0,6,0,11,1,0,12,0,16,2,0,18,20,0,20,38
10/19/2020,MWA,IL,AGL,CE,Federal Contract Tower,0,12,1,0,13,0,0,0,0,0,0,12,1,0,13,0,0,0,13
10/20/2020,MWA,IL,AGL,CE,Federal Contract Tower,0,11,2,0,13,0,0,0,0,0,0,11,2,0,13,0,0,0,13
10/21/2020,MWA,IL,AGL,CE,Federal Contract Tower,0,29,3,0,32,0,9,0,0,9,0,38,3,0,41,50,0,50,91
10/22/2020,MWA,IL,AGL,CE,Federal Contract Tower,0,14,0,0,14,0,23,24,0,47,0,37,24,0,61,138,0,138,199
10/23/2020,MWA,IL,AGL,CE,Federal Contract Tower,0,10,2,0,12,0,9,6,0,15,0,19,8,0,27,48,0,48,75
10/24/2020,MWA,IL,AGL,CE,Federal Contract Tower,0,8,5,0,13,0,22,5,0,27,0,30,10,0,40,20,0,20,60
10/25/2020,MWA,IL,AGL,CE,Federal Contract Tower,0,8,1,0,9,0,8,6,0,14,0,16,7,0,23,12,0,12,35
10/26/2020,MWA,IL,AGL,CE,Federal Contract Tower,0,19,0,0,19,0,5,4,0,9,0,24,4,0,28,20,0,20,48
10/27/2020,MWA,IL,AGL,CE,Federal Contract Tower,0,17,0,0,17,0,0,0,0,0,0,17,0,0,17,0,0,0,17
10/28/2020,MWA,IL,AGL,CE,Federal Contract Tower,0,10,0,0,10,0,0,0,0,0,0,10,0,0,10,0,0,0,10
10/29/2020,MWA,IL,AGL,CE,Federal Contract Tower,0,13,0,0,13,0,0,0,0,0,0,13,0,0,13,0,0,0,13
10/30/2020,MWA,IL,AGL,CE,Federal Contract Tower,0,12,2,0,14,0,25,8,0,33,0,37,10,0,47,46,0,46,93
10/31/2020,MWA,IL,AGL,CE,Federal Contract Tower,0,9,0,0,9,0,16,9,0,25,0,25,9,0,34,24,0,24,58
11/01/2020,MWA,IL,AGL,CE,Federal Contract Tower,0,9,0,0,9,0,9,11,2,22,0,18,11,2,31,20,0,20,51
11/02/2020,MWA,IL,AGL,CE,Federal Contract Tower,0,12,0,0,12,0,45,15,0,60,0,57,15,0,72,116,0,116,188
11/03/2020,MWA,IL,AGL,CE,Federal Contract Tower,0,13,0,1,14,0,1,16,0,17,0,14,16,1,31,42,0,42,73
11/04/2020,MWA,IL,AGL,CE,Federal Contract Tower,0,18,0,1,19,0,31,20,0,51,0,49,20,1,70,96,0,96,166
11/05/2020,MWA,IL,AGL,CE,Federal Contract Tower,0,12,1,0,13,0,44,7,0,51,0,56,8,0,64,146,0,146,210
11/06/2020,MWA,IL,AGL,CE,Federal Contract Tower,0,11,0,0,11,0,10,10,0,20,0,21,10,0,31,58,0,58,89
11/07/2020,MWA,IL,AGL,CE,Federal Contract Tower,0,9,0,0,9,0,10,13,2,25,0,19,13,2,34,50,0,50,84
11/08/2020,MWA,IL,AGL,CE,Federal Contract Tower,0,6,0,0,6,0,13,6,2,21,0,19,6,2,27,96,6,102,129
11/09/2020,MWA,IL,AGL,CE,Federal Contract Tower,0,15,0,0,15,0,12,8,2,22,0,27,8,2,37,54,0,54,91
11/10/2020,MWA,IL,AGL,CE,Federal Contract Tower,0,11,2,0,13,0,2,4,0,6,0,13,6,0,19,0,0,0,19
11/11/2020,MWA,IL,AGL,CE,Federal Contract Tower,0,10,4,0,14,0,6,9,0,15,0,16,13,0,29,28,0,28,57
11/12/2020,MWA,IL,AGL,CE,Federal Contract Tower,0,17,2,0,19,0,8,12,0,20,0,25,14,0,39,88,0,88,127
11/13/2020,MWA,IL,AGL,CE,Federal Contract Tower,0,10,2,0,12,0,13,10,0,23,0,23,12,0,35,14,0,14,49
11/14/2020,MWA,IL,AGL,CE,Federal Contract Tower,0,7,0,0,7,0,1,0,0,1,0,8,0,0,8,0,0,0,8
11/15/2020,MWA,IL,AGL,CE,Federal Contract Tower,0,7,0,0,7,0,3,0,0,3,0,10,0,0,10,0,0,0,10
11/16/2020,MWA,IL,AGL,CE,Federal Contract Tower,0,5,1,0,6,0,32,5,4,41,0,37,6,4,47,90,0,90,137
11/17/2020,MWA,IL,AGL,CE,Federal Contract Tower,0,10,0,0,10,0,23,26,0,49,0,33,26,0,59,62,0,62,121
11/18/2020,MWA,IL,AGL,CE,Federal Contract Tower,0,19,2,0,21,0,20,6,2,28,0,39,8,2,49,102,14,116,165
11/19/2020,MWA,IL,AGL,CE,Federal Contract Tower,0,12,1,0,13,0,0,1,2,3,0,12,2,2,16,12,0,12,28
11/20/2020,MWA,IL,AGL,CE,Federal Contract Tower,0,12,3,0,15,0,20,2,0,22,0,32,5,0,37,94,0,94,131
11/21/2020,MWA,IL,AGL,CE,Federal Contract Tower,0,6,2,0,8,0,0,0,0,0,0,6,2,0,8,0,0,0,8
11/22/2020,MWA,IL,AGL,CE,Federal Contract Tower,0,10,0,0,10,0,1,0,0,1,0,11,0,0,11,0,0,0,11
11/23/2020,MWA,IL,AGL,CE,Federal Contract Tower,0,12,0,0,12,0,5,28,2,35,0,17,28,2,47,78,0,78,125
11/24/2020,MWA,IL,AGL,CE,Federal Contract Tower,0,11,0,0,11,0,4,7,0,11,0,15,7,0,22,66,4,70,92
11/25/2020,MWA,IL,AGL,CE,Federal Contract Tower,0,10,2,0,12,0,0,1,0,1,0,10,3,0,13,0,0,0,13
11/26/2020,MWA,IL,AGL,CE,Federal Contract Tower,0,10,1,0,11,0,0,2,0,2,0,10,3,0,13,0,0,0,13
11/27/2020,MWA,IL,AGL,CE,Federal Contract Tower,0,8,3,0,11,0,12,16,0,28,0,20,19,0,39,26,0,26,65
11/28/2020,MWA,IL,AGL,CE,Federal Contract Tower,0,6,4,0,10,0,3,14,0,17,0,9,18,0,27,14,0,14,41
11/29/2020,MWA,IL,AGL,CE,Federal Contract Tower,0,8,2,0,10,0,4,9,0,13,0,12,11,0,23,18,0,18,41
11/30/2020,MWA,IL,AGL,CE,Federal Contract Tower,0,10,0,0,10,0,0,1,0,1,0,10,1,0,11,0,0,0,11
12/01/2020,MWA,IL,AGL,CE,Federal Contract Tower,0,16,8,0,24,0,44,19,5,68,0,60,27,5,92,88,0,88,180
12/02/2020,MWA,IL,AGL,CE,Federal Contract Tower,0,15,0,0,15,0,22,11,0,33,0,37,11,0,48,122,0,122,170
12/03/2020,MWA,IL,AGL,CE,Federal Contract Tower,0,16,0,0,16,0,5,3,0,8,0,21,3,0,24,52,0,52,76
12/04/2020,MWA,IL,AGL,CE,Federal Contract Tower,0,11,2,0,13,0,13,5,0,18,0,24,7,0,31,30,0,30,61
12/05/2020,MWA,IL,AGL,CE,Federal Contract Tower,0,8,0,2,10,0,0,22,0,22,0,8,22,2,32,8,0,8,40
12/06/2020,MWA,IL,AGL,CE,Federal Contract Tower,0,6,1,0,7,0,0,2,0,2,0,6,3,0,9,8,0,8,17
12/07/2020,MWA,IL,AGL,CE,Federal Contract Tower,0,15,4,0,19,0,21,10,0,31,0,36,14,0,50,70,0,70,120
12/08/2020,MWA,IL,AGL,CE,Federal Contract Tower,0,16,1,0,17,0,14,7,0,21,0,30,8,0,38,110,0,110,148
12/09/2020,MWA,IL,AGL,CE,Federal Contract Tower,0,10,2,0,12,0,2,25,8,35,0,12,27,8,47,106,0,106,153
12/10/2020,MWA,IL,AGL,CE,Federal Contract Tower,0,13,3,0,16,0,20,30,0,50,0,33,33,0,66,86,0,86,152
12/11/2020,MWA,IL,AGL,CE,Federal Contract Tower,0,10,1,0,11,0,12,1,0,13,0,22,2,0,24,6,0,6,30
12/12/2020,MWA,IL,AGL,CE,Federal Contract Tower,0,9,3,0,12,0,0,0,0,0,0,9,3,0,12,0,0,0,12
12/13/2020,MWA,IL,AGL,CE,Federal Contract Tower,0,8,4,0,12,0,0,0,0,0,0,8,4,0,12,0,0,0,12
12/14/2020,MWA,IL,AGL,CE,Federal Contract Tower,0,18,0,0,18,0,15,16,0,31,0,33,16,0,49,74,0,74,123
12/15/2020,MWA,IL,AGL,CE,Federal Contract Tower,0,11,0,0,11,0,6,13,0,19,0,17,13,0,30,112,0,112,142
12/16/2020,MWA,IL,AGL,CE,Federal Contract Tower,0,14,0,0,14,0,4,2,0,6,0,18,2,0,20,40,0,40,60
12/17/2020,MWA,IL,AGL,CE,Federal Contract Tower,0,10,2,0,12,0,32,15,0,47,0,42,17,0,59,68,0,68,127
12/18/2020,MWA,IL,AGL,CE,Federal Contract Tower,0,11,3,0,14,7,13,0,0,20,7,24,3,0,34,34,0,34,68
12/19/2020,MWA,IL,AGL,CE,Federal Contract Tower,0,6,0,0,6,0,0,0,0,0,0,6,0,0,6,0,0,0,6
12/20/2020,MWA,IL,AGL,CE,Federal Contract Tower,0,8,2,0,10,0,7,5,0,12,0,15,7,0,22,0,0,0,22
12/21/2020,MWA,IL,AGL,CE,Federal Contract Tower,0,11,0,0,11,0,2,1,0,3,0,13,1,0,14,8,0,8,22
12/22/2020,MWA,IL,AGL,CE,Federal Contract Tower,0,9,2,0,11,0,4,20,0,24,0,13,22,0,35,10,0,10,45
12/23/2020,MWA,IL,AGL,CE,Federal Contract Tower,0,13,1,0,14,0,0,0,0,0,0,13,1,0,14,0,0,0,14
12/24/2020,MWA,IL,AGL,CE,Federal Contract Tower,0,11,0,0,11,0,0,0,0,0,0,11,0,0,11,0,0,0,11
12/25/2020,MWA,IL,AGL,CE,Federal Contract Tower,0,11,0,0,11,0,1,0,0,1,0,12,0,0,12,0,0,0,12
12/26/2020,MWA,IL,AGL,CE,Federal Contract Tower,0,9,3,0,12,0,9,7,0,16,0,18,10,0,28,14,0,14,42
12/27/2020,MWA,IL,AGL,CE,Federal Contract Tower,0,8,0,0,8,0,2,1,0,3,0,10,1,0,11,0,0,0,11
12/28/2020,MWA,IL,AGL,CE,Federal Contract Tower,0,10,7,2,19,0,0,3,4,7,0,10,10,6,26,0,6,6,32
12/29/2020,MWA,IL,AGL,CE,Federal Contract Tower,0,10,2,0,12,0,2,8,0,10,0,12,10,0,22,4,0,4,26
12/30/2020,MWA,IL,AGL,CE,Federal Contract Tower,0,9,0,0,9,0,0,0,0,0,0,9,0,0,9,0,0,0,9
12/31/2020,MWA,IL,AGL,CE,Federal Contract Tower,0,11,0,0,11,0,0,0,0,0,0,11,0,0,11,0,0,0,11
01/01/2021,MWA,IL,AGL,CE,Federal Contract Tower,0,10,0,0,10,0,0,0,0,0,0,10,0,0,10,0,0,0,10
01/02/2021,MWA,IL,AGL,CE,Federal Contract Tower,2,5,1,0,8,0,2,0,0,2,2,7,1,0,10,0,0,0,10
01/03/2021,MWA,IL,AGL,CE,Federal Contract Tower,0,8,0,0,8,0,5,5,0,10,0,13,5,0,18,6,0,6,24
01/04/2021,MWA,IL,AGL,CE,Federal Contract Tower,0,17,0,0,17,0,3,0,0,3,0,20,0,0,20,0,0,0,20
01/05/2021,MWA,IL,AGL,CE,Federal Contract Tower,0,12,0,0,12,0,0,5,0,5,0,12,5,0,17,26,0,26,43
01/06/2021,MWA,IL,AGL,CE,Federal Contract Tower,0,12,3,0,15,0,1,4,0,5,0,13,7,0,20,26,0,26,46
01/07/2021,MWA,IL,AGL,CE,Federal Contract Tower,0,12,0,0,12,0,0,0,0,0,0,12,0,0,12,0,0,0,12
01/08/2021,MWA,IL,AGL,CE,Federal Contract Tower,0,18,1,0,19,0,6,1,3,10,0,24,2,3,29,0,0,0,29
01/09/2021,MWA,IL,AGL,CE,Federal Contract Tower,0,6,0,0,6,0,4,1,0,5,0,10,1,0,11,0,0,0,11
01/10/2021,MWA,IL,AGL,CE,Federal Contract Tower,0,6,0,0,6,0,2,0,0,2,0,8,0,0,8,0,0,0,8
01/11/2021,MWA,IL,AGL,CE,Federal Contract Tower,0,9,0,0,9,0,0,1,0,1,0,9,1,0,10,0,0,0,10
01/12/2021,MWA,IL,AGL,CE,Federal Contract Tower,0,15,4,0,19,0,5,7,0,12,0,20,11,0,31,36,0,36,67
01/13/2021,MWA,IL,AGL,CE,Federal Contract Tower,0,8,0,0,8,0,19,14,0,33,0,27,14,0,41,112,0,112,153
01/14/2021,MWA,IL,AGL,CE,Federal Contract Tower,0,11,0,0,11,0,7,10,3,20,0,18,10,3,31,96,0,96,127
01/15/2021,MWA,IL,AGL,CE,Federal Contract Tower,0,8,1,0,9,0,3,0,5,8,0,11,1,5,17,0,6,6,23
01/16/2021,MWA,IL,AGL,CE,Federal Contract Tower,0,8,0,0,8,0,0,1,0,1,0,8,1,0,9,0,0,0,9
01/17/2021,MWA,IL,AGL,CE,Federal Contract Tower,0,11,0,0,11,0,0,0,0,0,0,11,0,0,11,0,0,0,11
01/18/2021,MWA,IL,AGL,CE,Federal Contract Tower,0,10,3,0,13,0,8,21,0,29,0,18,24,0,42,48,0,48,90
01/19/2021,MWA,IL,AGL,CE,Federal Contract Tower,0,11,0,0,11,0,5,3,0,8,0,16,3,0,19,6,0,6,25
01/20/2021,MWA,IL,AGL,CE,Federal Contract Tower,0,8,0,0,8,0,11,6,0,17,0,19,6,0,25,26,0,26,51
01/21/2021,MWA,IL,AGL,CE,Federal Contract Tower,0,10,0,0,10,0,15,7,2,24,0,25,7,2,34,38,0,38,72
01/22/2021,MWA,IL,AGL,CE,Federal Contract Tower,0,9,2,0,11,0,15,16,0,31,0,24,18,0,42,58,0,58,100
01/23/2021,MWA,IL,AGL,CE,Federal Contract Tower,0,5,0,0,5,0,2,12,0,14,0,7,12,0,19,20,0,20,39
01/24/2021,MWA,IL,AGL,CE,Federal Contract Tower,0,9,0,0,9,0,0,0,0,0,0,9,0,0,9,0,0,0,9
01/25/2021,MWA,IL,AGL,CE,Federal Contract Tower,0,12,0,0,12,0,0,0,0,0,0,12,0,0,12,0,0,0,12
01/26/2021,MWA,IL,AGL,CE,Federal Contract Tower,0,10,0,0,10,0,0,4,0,4,0,10,4,0,14,20,0,20,34
01/27/2021,MWA,IL,AGL,CE,Federal Contract Tower,0,11,0,0,11,0,1,2,0,3,0,12,2,0,14,0,0,0,14
01/28/2021,MWA,IL,AGL,CE,Federal Contract Tower,0,9,4,0,13,0,24,24,0,48,0,33,28,0,61,108,0,108,169
01/29/2021,MWA,IL,AGL,CE,Federal Contract Tower,0,12,0,0,12,0,18,16,0,34,0,30,16,0,46,94,0,94,140
01/30/2021,MWA,IL,AGL,CE,Federal Contract Tower,0,6,0,0,6,0,0,0,2,2,0,6,0,2,8,0,6,6,14
01/31/2021,MWA,IL,AGL,CE,Federal Contract Tower,0,7,2,0,9,0,0,4,0,4,0,7,6,0,13,0,0,0,13
02/01/2021,MWA,IL,AGL,CE,Federal Contract Tower,0,18,1,0,19,0,9,10,0,19,0,27,11,0,38,40,0,40,78
02/02/2021,MWA,IL,AGL,CE,Federal Contract Tower,0,12,0,0,12,0,9,13,0,22,0,21,13,0,34,44,0,44,78
02/03/2021,MWA,IL,AGL,CE,Federal Contract Tower,0,12,2,0,14,0,27,32,0,59,0,39,34,0,73,118,0,118,191
02/04/2021,MWA,IL,AGL,CE,Federal Contract Tower,0,11,1,0,12,0,2,0,0,2,0,13,1,0,14,6,0,6,20
02/05/2021,MWA,IL,AGL,CE,Federal Contract Tower,0,8,0,0,8,0,9,6,0,15,0,17,6,0,23,32,0,32,55
02/06/2021,MWA,IL,AGL,CE,Federal Contract Tower,0,10,2,0,12,0,17,9,0,26,0,27,11,0,38,38,0,38,76
02/07/2021,MWA,IL,AGL,CE,Federal Contract Tower,0,7,1,2,10,0,5,13,0,18,0,12,14,2,28,42,0,42,70
02/08/2021,MWA,IL,AGL,CE,Federal Contract Tower,0,11,0,0,11,0,15,6,0,21,0,26,6,0,32,50,0,50,82
02/09/2021,MWA,IL,AGL,CE,Federal Contract Tower,1,13,0,0,14,0,0,0,0,0,1,13,0,0,14,0,0,0,14
02/10/2021,MWA,IL,AGL,CE,Federal Contract Tower,0,0,0,0,0,0,0,0,0,0,0,0,0,0,0,0,0,0,0
02/11/2021,MWA,IL,AGL,CE,Federal Contract Tower,0,8,0,0,8,0,0,0,0,0,0,8,0,0,8,0,0,0,8
02/12/2021,MWA,IL,AGL,CE,Federal Contract Tower,0,13,0,0,13,0,0,0,0,0,0,13,0,0,13,0,0,0,13
02/13/2021,MWA,IL,AGL,CE,Federal Contract Tower,0,6,0,0,6,0,0,0,0,0,0,6,0,0,6,0,0,0,6
02/14/2021,MWA,IL,AGL,CE,Federal Contract Tower,0,3,0,0,3,0,1,1,0,2,0,4,1,0,5,0,0,0,5
02/15/2021,MWA,IL,AGL,CE,Federal Contract Tower,0,4,0,0,4,0,0,0,0,0,0,4,0,0,4,0,0,0,4
02/16/2021,MWA,IL,AGL,CE,Federal Contract Tower,0,6,0,0,6,0,4,0,0,4,0,10,0,0,10,0,0,0,10
02/17/2021,MWA,IL,AGL,CE,Federal Contract Tower,0,10,0,0,10,0,0,0,0,0,0,10,0,0,10,0,0,0,10
02/18/2021,MWA,IL,AGL,CE,Federal Contract Tower,0,7,0,0,7,0,7,0,0,7,0,14,0,0,14,6,0,6,20
02/19/2021,MWA,IL,AGL,CE,Federal Contract Tower,2,15,0,0,17,0,21,2,0,23,2,36,2,0,40,32,0,32,72
02/20/2021,MWA,IL,AGL,CE,Federal Contract Tower,0,9,3,0,12,0,18,8,0,26,0,27,11,0,38,20,0,20,58
02/21/2021,MWA,IL,AGL,CE,Federal Contract Tower,0,7,2,0,9,0,4,0,0,4,0,11,2,0,13,0,0,0,13
02/22/2021,MWA,IL,AGL,CE,Federal Contract Tower,0,13,0,0,13,0,5,13,0,18,0,18,13,0,31,94,0,94,125
02/23/2021,MWA,IL,AGL,CE,Federal Contract Tower,0,10,1,0,11,0,11,19,0,30,0,21,20,0,41,100,0,100,141
02/24/2021,MWA,IL,AGL,CE,Federal Contract Tower,0,7,0,0,7,0,12,10,0,22,0,19,10,0,29,70,6,76,105
02/25/2021,MWA,IL,AGL,CE,Federal Contract Tower,0,10,2,0,12,0,29,22,0,51,0,39,24,0,63,68,0,68,131
02/26/2021,MWA,IL,AGL,CE,Federal Contract Tower,2,12,1,0,15,0,17,10,2,29,2,29,11,2,44,64,0,64,108
02/27/2021,MWA,IL,AGL,CE,Federal Contract Tower,2,6,0,0,8,0,10,11,0,21,2,16,11,0,29,12,0,12,41
02/28/2021,MWA,IL,AGL,CE,Federal Contract Tower,0,4,0,0,4,0,0,0,0,0,0,4,0,0,4,0,0,0,4
03/01/2021,MWA,IL,AGL,CE,Federal Contract Tower,0,11,2,0,13,0,16,5,0,21,0,27,7,0,34,62,0,62,96
03/02/2021,MWA,IL,AGL,CE,Federal Contract Tower,0,7,1,0,8,0,16,15,0,31,0,23,16,0,39,122,0,122,161
03/03/2021,MWA,IL,AGL,CE,Federal Contract Tower,0,12,1,0,13,0,24,24,0,48,0,36,25,0,61,168,0,168,229
03/04/2021,MWA,IL,AGL,CE,Federal Contract Tower,0,8,0,0,8,0,44,9,0,53,0,52,9,0,61,146,0,146,207
03/05/2021,MWA,IL,AGL,CE,Federal Contract Tower,2,7,4,0,13,0,31,12,0,43,2,38,16,0,56,24,0,24,80
03/06/2021,MWA,IL,AGL,CE,Federal Contract Tower,2,7,2,0,11,0,5,23,0,28,2,12,25,0,39,8,0,8,47
03/07/2021,MWA,IL,AGL,CE,Federal Contract Tower,0,7,2,0,9,0,5,13,0,18,0,12,15,0,27,28,0,28,55
03/08/2021,MWA,IL,AGL,CE,Federal Contract Tower,0,17,0,0,17,0,15,13,0,28,0,32,13,0,45,76,0,76,121
03/09/2021,MWA,IL,AGL,CE,Federal Contract Tower,0,11,0,0,11,0,12,3,0,15,0,23,3,0,26,28,0,28,54
03/10/2021,MWA,IL,AGL,CE,Federal Contract Tower,0,9,0,2,11,0,10,2,0,12,0,19,2,2,23,42,0,42,65
03/11/2021,MWA,IL,AGL,CE,Federal Contract Tower,0,9,0,0,9,0,1,0,0,1,0,10,0,0,10,0,0,0,10
03/12/2021,MWA,IL,AGL,CE,Federal Contract Tower,0,9,0,1,10,0,16,5,16,37,0,25,5,17,47,46,0,46,93
03/13/2021,MWA,IL,AGL,CE,Federal Contract Tower,0,7,1,1,9,0,3,1,0,4,0,10,2,1,13,0,0,0,13
03/14/2021,MWA,IL,AGL,CE,Federal Contract Tower,0,9,0,0,9,0,4,2,0,6,0,13,2,0,15,0,0,0,15
03/15/2021,MWA,IL,AGL,CE,Federal Contract Tower,0,16,0,0,16,0,0,2,0,2,0,16,2,0,18,0,0,0,18
03/16/2021,MWA,IL,AGL,CE,Federal Contract Tower,0,20,0,0,20,0,0,1,0,1,0,20,1,0,21,0,0,0,21
03/17/2021,MWA,IL,AGL,CE,Federal Contract Tower,0,5,0,0,5,0,6,0,0,6,0,11,0,0,11,0,0,0,11
03/18/2021,MWA,IL,AGL,CE,Federal Contract Tower,0,23,6,0,29,0,0,0,0,0,0,23,6,0,29,4,0,4,33
03/19/2021,MWA,IL,AGL,CE,Federal Contract Tower,2,11,1,1,15,0,31,22,0,53,2,42,23,1,68,104,0,104,172
03/20/2021,MWA,IL,AGL,CE,Federal Contract Tower,2,7,1,0,10,0,13,16,0,29,2,20,17,0,39,22,0,22,61
03/21/2021,MWA,IL,AGL,CE,Federal Contract Tower,0,7,0,0,7,0,4,10,0,14,0,11,10,0,21,0,0,0,21
03/22/2021,MWA,IL,AGL,CE,Federal Contract Tower,0,13,1,0,14,0,20,2,0,22,0,33,3,0,36,26,0,26,62
03/23/2021,MWA,IL,AGL,CE,Federal Contract Tower,0,10,2,0,12,0,2,0,0,2,0,12,2,0,14,0,0,0,14
03/24/2021,MWA,IL,AGL,CE,Federal Contract Tower,0,11,8,0,19,0,15,10,2,27,0,26,18,2,46,46,0,46,92
03/25/2021,MWA,IL,AGL,CE,Federal Contract Tower,0,16,0,0,16,0,0,0,0,0,0,16,0,0,16,0,0,0,16
03/26/2021,MWA,IL,AGL,CE,Federal Contract Tower,0,13,0,0,13,0,22,8,0,30,0,35,8,0,43,64,0,64,107
03/27/2021,MWA,IL,AGL,CE,Federal Contract Tower,0,8,4,0,12,0,6,23,0,29,0,14,27,0,41,8,0,8,49
03/28/2021,MWA,IL,AGL,CE,Federal Contract Tower,0,6,0,0,6,0,7,2,0,9,0,13,2,0,15,0,0,0,15
03/29/2021,MWA,IL,AGL,CE,Federal Contract Tower,0,10,2,0,12,0,35,14,2,51,0,45,16,2,63,70,0,70,133
03/30/2021,MWA,IL,AGL,CE,Federal Contract Tower,0,10,7,0,17,0,13,10,0,23,0,23,17,0,40,26,0,26,66
03/31/2021,MWA,IL,AGL,CE,Federal Contract Tower,0,11,0,0,11,0,23,4,0,27,0,34,4,0,38,78,0,78,116
04/01/2021,MWA,IL,AGL,CE,Federal Contract Tower,0,14,1,0,15,0,12,0,0,12,0,26,1,0,27,44,0,44,71
04/02/2021,MWA,IL,AGL,CE,Federal Contract Tower,0,9,3,0,12,0,33,24,0,57,0,42,27,0,69,124,0,124,193
04/03/2021,MWA,IL,AGL,CE,Federal Contract Tower,0,11,0,0,11,0,20,12,0,32,0,31,12,0,43,82,0,82,125
04/04/2021,MWA,IL,AGL,CE,Federal Contract Tower,0,10,3,0,13,0,19,15,0,34,0,29,18,0,47,80,0,80,127
04/05/2021,MWA,IL,AGL,CE,Federal Contract Tower,0,11,1,0,12,0,11,8,0,19,0,22,9,0,31,48,0,48,79
04/06/2021,MWA,IL,AGL,CE,Federal Contract Tower,0,7,2,0,9,0,20,9,0,29,0,27,11,0,38,56,0,56,94
04/07/2021,MWA,IL,AGL,CE,Federal Contract Tower,0,10,0,0,10,0,13,2,2,17,0,23,2,2,27,28,0,28,55
04/08/2021,MWA,IL,AGL,CE,Federal Contract Tower,0,13,2,2,17,0,28,5,0,33,0,41,7,2,50,116,0,116,166
04/09/2021,MWA,IL,AGL,CE,Federal Contract Tower,0,10,0,0,10,0,20,9,0,29,0,30,9,0,39,24,0,24,63
04/10/2021,MWA,IL,AGL,CE,Federal Contract Tower,0,6,0,0,6,0,1,2,0,3,0,7,2,0,9,0,0,0,9
04/11/2021,MWA,IL,AGL,CE,Federal Contract Tower,0,6,0,0,6,0,13,10,0,23,0,19,10,0,29,40,0,40,69
04/12/2021,MWA,IL,AGL,CE,Federal Contract Tower,0,10,0,0,10,0,42,27,0,69,0,52,27,0,79,154,0,154,233
04/13/2021,MWA,IL,AGL,CE,Federal Contract Tower,0,13,1,0,14,0,27,21,0,48,0,40,22,0,62,118,0,118,180
04/14/2021,MWA,IL,AGL,CE,Federal Contract Tower,0,10,0,0,10,0,22,13,0,35,0,32,13,0,45,98,0,98,143
04/15/2021,MWA,IL,AGL,CE,Federal Contract Tower,0,11,2,0,13,0,30,12,2,44,0,41,14,2,57,74,0,74,131
04/16/2021,MWA,IL,AGL,CE,Federal Contract Tower,0,9,2,0,11,0,35,14,0,49,0,44,16,0,60,94,0,94,154
04/17/2021,MWA,IL,AGL,CE,Federal Contract Tower,0,8,0,0,8,0,0,1,0,1,0,8,1,0,9,2,0,2,11
04/18/2021,MWA,IL,AGL,CE,Federal Contract Tower,0,7,0,0,7,0,0,5,0,5,0,7,5,0,12,2,0,2,14
04/19/2021,MWA,IL,AGL,CE,Federal Contract Tower,0,15,2,0,17,0,18,21,0,39,0,33,23,0,56,150,0,150,206
04/20/2021,MWA,IL,AGL,CE,Federal Contract Tower,0,11,0,0,11,0,3,7,0,10,0,14,7,0,21,10,0,10,31
04/21/2021,MWA,IL,AGL,CE,Federal Contract Tower,0,12,0,0,12,0,22,6,2,30,0,34,6,2,42,68,0,68,110
04/22/2021,MWA,IL,AGL,CE,Federal Contract Tower,2,8,3,0,13,0,20,5,0,25,2,28,8,0,38,24,0,24,62
04/23/2021,MWA,IL,AGL,CE,Federal Contract Tower,0,12,3,0,15,0,9,12,0,21,0,21,15,0,36,38,0,38,74
04/24/2021,MWA,IL,AGL,CE,Federal Contract Tower,0,8,0,0,8,0,1,0,0,1,0,9,0,0,9,0,0,0,9
04/25/2021,MWA,IL,AGL,CE,Federal Contract Tower,0,9,3,0,12,0,9,13,0,22,0,18,16,0,34,26,0,26,60
04/26/2021,MWA,IL,AGL,CE,Federal Contract Tower,0,12,0,0,12,0,19,7,0,26,0,31,7,0,38,64,0,64,102
04/27/2021,MWA,IL,AGL,CE,Federal Contract Tower,0,14,2,0,16,0,12,2,0,14,0,26,4,0,30,22,0,22,52
04/28/2021,MWA,IL,AGL,CE,Federal Contract Tower,0,13,1,0,14,0,4,0,0,4,0,17,1,0,18,2,0,2,20
04/29/2021,MWA,IL,AGL,CE,Federal Contract Tower,0,21,3,0,24,0,4,3,0,7,0,25,6,0,31,22,0,22,53
04/30/2021,MWA,IL,AGL,CE,Federal Contract Tower,2,20,7,0,29,0,34,29,0,63,2,54,36,0,92,82,0,82,174
05/01/2021,MWA,IL,AGL,CE,Federal Contract Tower,0,7,2,0,9,0,14,10,0,24,0,21,12,0,33,38,0,38,71
05/03/2021,MWA,IL,AGL,CE,Federal Contract Tower,0,16,0,0,16,0,26,11,0,37,0,42,11,0,53,30,0,30,83
05/04/2021,MWA,IL,AGL,CE,Federal Contract Tower,0,18,2,0,20,0,0,0,0,0,0,18,2,0,20,0,0,0,20
05/05/2021,MWA,IL,AGL,CE,Federal Contract Tower,0,13,4,0,17,0,33,25,0,58,0,46,29,0,75,92,0,92,167
05/06/2021,MWA,IL,AGL,CE,Federal Contract Tower,0,9,3,0,12,0,14,3,1,18,0,23,6,1,30,10,0,10,40
05/07/2021,MWA,IL,AGL,CE,Federal Contract Tower,0,17,3,1,21,0,27,30,1,58,0,44,33,2,79,128,0,128,207
05/08/2021,MWA,IL,AGL,CE,Federal Contract Tower,0,6,0,0,6,0,6,4,0,10,0,12,4,0,16,0,0,0,16
05/09/2021,MWA,IL,AGL,CE,Federal Contract Tower,0,6,0,0,6,0,0,0,0,0,0,6,0,0,6,0,0,0,6
05/10/2021,MWA,IL,AGL,CE,Federal Contract Tower,0,15,4,0,19,0,16,10,0,26,0,31,14,0,45,48,0,48,93
05/11/2021,MWA,IL,AGL,CE,Federal Contract Tower,0,10,0,0,10,0,3,11,0,14,0,13,11,0,24,56,0,56,80
05/12/2021,MWA,IL,AGL,CE,Federal Contract Tower,0,13,0,1,14,0,17,18,7,42,0,30,18,8,56,72,6,78,134
05/13/2021,MWA,IL,AGL,CE,Federal Contract Tower,0,8,5,0,13,0,22,16,0,38,0,30,21,0,51,74,0,74,125
05/14/2021,MWA,IL,AGL,CE,Federal Contract Tower,0,8,0,0,8,0,37,13,0,50,0,45,13,0,58,84,0,84,142
05/15/2021,MWA,IL,AGL,CE,Federal Contract Tower,0,7,0,0,7,0,2,2,0,4,0,9,2,0,11,0,0,0,11
05/16/2021,MWA,IL,AGL,CE,Federal Contract Tower,0,6,3,0,9,0,0,7,0,7,0,6,10,0,16,10,0,10,26
05/17/2021,MWA,IL,AGL,CE,Federal Contract Tower,0,8,1,0,9,0,12,4,0,16,0,20,5,0,25,6,0,6,31
05/18/2021,MWA,IL,AGL,CE,Federal Contract Tower,2,11,2,0,15,0,2,0,0,2,2,13,2,0,17,14,0,14,31
05/19/2021,MWA,IL,AGL,CE,Federal Contract Tower,0,11,0,0,11,0,12,6,9,27,0,23,6,9,38,20,0,20,58
05/20/2021,MWA,IL,AGL,CE,Federal Contract Tower,0,10,0,0,10,0,14,26,0,40,0,24,26,0,50,28,0,28,78
05/21/2021,MWA,IL,AGL,CE,Federal Contract Tower,0,11,4,0,15,0,14,6,0,20,0,25,10,0,35,2,0,2,37
05/22/2021,MWA,IL,AGL,CE,Federal Contract Tower,0,5,4,0,9,0,23,15,0,38,0,28,19,0,47,0,0,0,47
05/23/2021,MWA,IL,AGL,CE,Federal Contract Tower,0,7,2,0,9,0,1,19,0,20,0,8,21,0,29,4,0,4,33
05/24/2021,MWA,IL,AGL,CE,Federal Contract Tower,0,13,4,0,17,0,2,15,0,17,0,15,19,0,34,20,0,20,54
05/25/2021,MWA,IL,AGL,CE,Federal Contract Tower,0,8,2,0,10,0,25,6,0,31,0,33,8,0,41,40,0,40,81
05/26/2021,MWA,IL,AGL,CE,Federal Contract Tower,0,15,0,0,15,0,0,10,0,10,0,15,10,0,25,6,0,6,31
05/27/2021,MWA,IL,AGL,CE,Federal Contract Tower,0,10,1,0,11,0,25,7,0,32,0,35,8,0,43,60,0,60,103
05/28/2021,MWA,IL,AGL,CE,Federal Contract Tower,0,20,9,0,29,0,0,0,0,0,0,20,9,0,29,0,0,0,29
05/29/2021,MWA,IL,AGL,CE,Federal Contract Tower,0,8,2,0,10,0,0,3,0,3,0,8,5,0,13,0,0,0,13
05/30/2021,MWA,IL,AGL,CE,Federal Contract Tower,0,11,3,0,14,0,1,12,1,14,0,12,15,1,28,2,0,2,30
05/31/2021,MWA,IL,AGL,CE,Federal Contract Tower,0,11,4,0,15,0,3,21,0,24,0,14,25,0,39,0,0,0,39
06/01/2021,MWA,IL,AGL,CE,Federal Contract Tower,0,12,2,0,14,0,7,1,0,8,0,19,3,0,22,6,0,6,28
06/02/2021,MWA,IL,AGL,CE,Federal Contract Tower,0,20,6,0,26,0,0,0,0,0,0,20,6,0,26,0,0,0,26
06/03/2021,MWA,IL,AGL,CE,Federal Contract Tower,0,11,1,0,12,0,14,15,0,29,0,25,16,0,41,18,0,18,59
06/04/2021,MWA,IL,AGL,CE,Federal Contract Tower,0,9,1,0,10,0,5,9,0,14,0,14,10,0,24,12,0,12,36
06/05/2021,MWA,IL,AGL,CE,Federal Contract Tower,0,6,0,4,10,0,0,20,1,21,0,6,20,5,31,14,0,14,45
06/06/2021,MWA,IL,AGL,CE,Federal Contract Tower,0,5,0,0,5,0,5,0,0,5,0,10,0,0,10,0,0,0,10
06/07/2021,MWA,IL,AGL,CE,Federal Contract Tower,0,18,0,0,18,0,7,2,5,14,0,25,2,5,32,32,0,32,64
06/08/2021,MWA,IL,AGL,CE,Federal Contract Tower,0,12,0,0,12,0,9,4,0,13,0,21,4,0,25,14,0,14,39
06/09/2021,MWA,IL,AGL,CE,Federal Contract Tower,0,14,0,0,14,0,1,0,0,1,0,15,0,0,15,0,0,0,15
06/10/2021,MWA,IL,AGL,CE,Federal Contract Tower,0,12,4,1,17,0,8,9,2,19,0,20,13,3,36,64,4,68,104
06/11/2021,MWA,IL,AGL,CE,Federal Contract Tower,0,10,4,0,14,0,28,9,0,37,0,38,13,0,51,72,0,72,123
06/13/2021,MWA,IL,AGL,CE,Federal Contract Tower,0,9,2,0,11,0,5,9,0,14,0,14,11,0,25,0,0,0,25
06/14/2021,MWA,IL,AGL,CE,Federal Contract Tower,0,12,2,0,14,0,25,6,0,31,0,37,8,0,45,74,0,74,119
06/15/2021,MWA,IL,AGL,CE,Federal Contract Tower,0,9,0,0,9,0,34,15,0,49,0,43,15,0,58,72,0,72,130
06/16/2021,MWA,IL,AGL,CE,Federal Contract Tower,0,11,2,0,13,0,22,10,0,32,0,33,12,0,45,58,0,58,103
06/17/2021,MWA,IL,AGL,CE,Federal Contract Tower,0,5,0,0,5,0,28,14,0,42,0,33,14,0,47,100,0,100,147
06/18/2021,MWA,IL,AGL,CE,Federal Contract Tower,0,13,3,4,20,0,4,4,0,8,0,17,7,4,28,10,0,10,38
06/19/2021,MWA,IL,AGL,CE,Federal Contract Tower,0,10,0,0,10,0,0,13,0,13,0,10,13,0,23,6,0,6,29
06/20/2021,MWA,IL,AGL,CE,Federal Contract Tower,0,14,1,0,15,0,1,14,0,15,0,15,15,0,30,0,0,0,30
06/21/2021,MWA,IL,AGL,CE,Federal Contract Tower,0,10,3,0,13,0,1,2,0,3,0,11,5,0,16,0,0,0,16
06/22/2021,MWA,IL,AGL,CE,Federal Contract Tower,0,6,3,0,9,0,24,15,0,39,0,30,18,0,48,46,0,46,94
06/23/2021,MWA,IL,AGL,CE,Federal Contract Tower,0,10,1,0,11,0,19,21,0,40,0,29,22,0,51,100,0,100,151
06/24/2021,MWA,IL,AGL,CE,Federal Contract Tower,0,9,2,0,11,0,20,16,0,36,0,29,18,0,47,12,0,12,59
06/25/2021,MWA,IL,AGL,CE,Federal Contract Tower,0,12,1,0,13,0,5,0,0,5,0,17,1,0,18,20,0,20,38
06/26/2021,MWA,IL,AGL,CE,Federal Contract Tower,0,9,2,0,11,0,32,0,0,32,0,41,2,0,43,0,0,0,43
06/27/2021,MWA,IL,AGL,CE,Federal Contract Tower,0,7,5,0,12,0,1,4,0,5,0,8,9,0,17,4,0,4,21
06/28/2021,MWA,IL,AGL,CE,Federal Contract Tower,0,13,1,0,14,0,4,11,0,15,0,17,12,0,29,60,0,60,89
06/29/2021,MWA,IL,AGL,CE,Federal Contract Tower,0,10,0,0,10,0,10,16,0,26,0,20,16,0,36,62,0,62,98
06/30/2021,MWA,IL,AGL,CE,Federal Contract Tower,0,13,0,0,13,0,6,20,0,26,0,19,20,0,39,30,0,30,69
07/01/2021,MWA,IL,AGL,CE,Federal Contract Tower,0,15,2,0,17,0,0,0,0,0,0,15,2,0,17,18,0,18,35
07/02/2021,MWA,IL,AGL,CE,Federal Contract Tower,0,8,5,0,13,0,9,16,0,25,0,17,21,0,38,10,0,10,48
07/03/2021,MWA,IL,AGL,CE,Federal Contract Tower,0,7,2,0,9,0,0,4,0,4,0,7,6,0,13,0,0,0,13
07/04/2021,MWA,IL,AGL,CE,Federal Contract Tower,0,9,0,0,9,0,1,10,0,11,0,10,10,0,20,4,0,4,24
07/05/2021,MWA,IL,AGL,CE,Federal Contract Tower,0,12,5,0,17,0,2,14,0,16,0,14,19,0,33,0,0,0,33
07/06/2021,MWA,IL,AGL,CE,Federal Contract Tower,0,15,3,0,18,0,16,13,0,29,0,31,16,0,47,56,0,56,103
07/07/2021,MWA,IL,AGL,CE,Federal Contract Tower,0,11,0,0,11,0,5,9,0,14,0,16,9,0,25,42,0,42,67
07/08/2021,MWA,IL,AGL,CE,Federal Contract Tower,0,6,0,0,6,0,11,13,0,24,0,17,13,0,30,36,0,36,66
07/09/2021,MWA,IL,AGL,CE,Federal Contract Tower,0,10,2,0,12,0,20,4,3,27,0,30,6,3,39,42,8,50,89
07/10/2021,MWA,IL,AGL,CE,Federal Contract Tower,0,11,0,0,11,0,0,3,0,3,0,11,3,0,14,0,0,0,14
07/11/2021,MWA,IL,AGL,CE,Federal Contract Tower,0,9,6,0,15,0,0,0,0,0,0,9,6,0,15,0,0,0,15
07/12/2021,MWA,IL,AGL,CE,Federal Contract Tower,0,17,0,0,17,0,4,1,0,5,0,21,1,0,22,8,0,8,30
07/13/2021,MWA,IL,AGL,CE,Federal Contract Tower,0,20,0,0,20,0,15,5,0,20,0,35,5,0,40,74,0,74,114
07/14/2021,MWA,IL,AGL,CE,Federal Contract Tower,0,13,3,0,16,0,20,16,0,36,0,33,19,0,52,88,0,88,140
07/15/2021,MWA,IL,AGL,CE,Federal Contract Tower,0,8,1,0,9,0,23,12,0,35,0,31,13,0,44,70,0,70,114
07/16/2021,MWA,IL,AGL,CE,Federal Contract Tower,0,5,1,2,8,0,0,0,0,0,0,5,1,2,8,0,0,0,8
07/17/2021,MWA,IL,AGL,CE,Federal Contract Tower,0,7,0,0,7,0,0,5,0,5,0,7,5,0,12,14,0,14,26
07/18/2021,MWA,IL,AGL,CE,Federal Contract Tower,0,9,1,0,10,0,0,0,0,0,0,9,1,0,10,0,0,0,10
07/19/2021,MWA,IL,AGL,CE,Federal Contract Tower,0,16,1,0,17,0,16,14,0,30,0,32,15,0,47,126,0,126,173
07/20/2021,MWA,IL,AGL,CE,Federal Contract Tower,0,14,1,0,15,0,37,10,0,47,0,51,11,0,62,108,0,108,170
07/21/2021,MWA,IL,AGL,CE,Federal Contract Tower,0,16,5,0,21,0,28,9,0,37,0,44,14,0,58,92,0,92,150
07/22/2021,MWA,IL,AGL,CE,Federal Contract Tower,0,22,6,0,28,0,4,25,0,29,0,26,31,0,57,52,0,52,109
07/23/2021,MWA,IL,AGL,CE,Federal Contract Tower,0,17,5,0,22,0,20,11,0,31,0,37,16,0,53,70,0,70,123
07/24/2021,MWA,IL,AGL,CE,Federal Contract Tower,0,8,2,2,12,0,9,15,0,24,0,17,17,2,36,0,0,0,36
07/25/2021,MWA,IL,AGL,CE,Federal Contract Tower,0,7,2,0,9,0,4,2,2,8,0,11,4,2,17,0,0,0,17
07/26/2021,MWA,IL,AGL,CE,Federal Contract Tower,0,12,3,0,15,0,14,3,0,17,0,26,6,0,32,30,0,30,62
07/27/2021,MWA,IL,AGL,CE,Federal Contract Tower,0,14,2,0,16,0,25,8,0,33,0,39,10,0,49,12,0,12,61
07/28/2021,MWA,IL,AGL,CE,Federal Contract Tower,0,8,2,0,10,0,8,7,0,15,0,16,9,0,25,6,0,6,31
07/29/2021,MWA,IL,AGL,CE,Federal Contract Tower,0,15,1,0,16,0,6,12,0,18,0,21,13,0,34,32,0,32,66
07/30/2021,MWA,IL,AGL,CE,Federal Contract Tower,0,15,2,0,17,0,6,3,0,9,0,21,5,0,26,4,0,4,30
07/31/2021,MWA,IL,AGL,CE,Federal Contract Tower,0,7,1,0,8,0,15,0,0,15,0,22,1,0,23,10,0,10,33
08/01/2021,MWA,IL,AGL,CE,Federal Contract Tower,0,8,1,0,9,0,5,8,0,13,0,13,9,0,22,24,0,24,46
08/02/2021,MWA,IL,AGL,CE,Federal Contract Tower,0,12,2,0,14,0,6,25,0,31,0,18,27,0,45,38,0,38,83
08/03/2021,MWA,IL,AGL,CE,Federal Contract Tower,0,11,3,0,14,0,13,24,0,37,0,24,27,0,51,50,0,50,101
08/04/2021,MWA,IL,AGL,CE,Federal Contract Tower,0,11,2,0,13,0,11,24,0,35,0,22,26,0,48,80,0,80,128
08/05/2021,MWA,IL,AGL,CE,Federal Contract Tower,0,16,6,0,22,0,17,25,0,42,0,33,31,0,64,84,0,84,148
08/06/2021,MWA,IL,AGL,CE,Federal Contract Tower,0,11,2,0,13,0,12,9,0,21,0,23,11,0,34,32,0,32,66
08/07/2021,MWA,IL,AGL,CE,Federal Contract Tower,0,6,2,3,11,0,9,12,8,29,0,15,14,11,40,22,10,32,72
08/08/2021,MWA,IL,AGL,CE,Federal Contract Tower,0,5,1,0,6,0,5,12,4,21,0,10,13,4,27,8,0,8,35
08/09/2021,MWA,IL,AGL,CE,Federal Contract Tower,0,10,0,0,10,0,0,2,0,2,0,10,2,0,12,6,0,6,18
08/10/2021,MWA,IL,AGL,CE,Federal Contract Tower,0,9,1,0,10,0,4,6,0,10,0,13,7,0,20,22,0,22,42
08/11/2021,MWA,IL,AGL,CE,Federal Contract Tower,0,11,1,0,12,0,3,12,0,15,0,14,13,0,27,22,0,22,49
08/12/2021,MWA,IL,AGL,CE,Federal Contract Tower,0,11,0,0,11,0,13,4,0,17,0,24,4,0,28,46,0,46,74
08/13/2021,MWA,IL,AGL,CE,Federal Contract Tower,0,16,4,0,20,0,5,11,0,16,0,21,15,0,36,0,0,0,36
08/14/2021,MWA,IL,AGL,CE,Federal Contract Tower,0,6,2,0,8,0,2,19,0,21,0,8,21,0,29,0,0,0,29
08/15/2021,MWA,IL,AGL,CE,Federal Contract Tower,0,12,4,0,16,0,0,7,2,9,0,12,11,2,25,12,0,12,37
08/16/2021,MWA,IL,AGL,CE,Federal Contract Tower,0,15,2,0,17,0,5,9,0,14,0,20,11,0,31,74,0,74,105
08/17/2021,MWA,IL,AGL,CE,Federal Contract Tower,0,13,2,0,15,0,4,10,0,14,0,17,12,0,29,38,0,38,67
08/18/2021,MWA,IL,AGL,CE,Federal Contract Tower,0,15,0,0,15,0,8,16,0,24,0,23,16,0,39,32,0,32,71
08/19/2021,MWA,IL,AGL,CE,Federal Contract Tower,0,10,2,0,12,0,11,4,0,15,0,21,6,0,27,16,0,16,43
08/20/2021,MWA,IL,AGL,CE,Federal Contract Tower,0,15,2,0,17,0,6,9,0,15,0,21,11,0,32,0,0,0,32
08/21/2021,MWA,IL,AGL,CE,Federal Contract Tower,0,8,0,0,8,0,0,1,0,1,0,8,1,0,9,0,0,0,9
08/22/2021,MWA,IL,AGL,CE,Federal Contract Tower,0,10,5,0,15,0,0,6,0,6,0,10,11,0,21,8,0,8,29
08/23/2021,MWA,IL,AGL,CE,Federal Contract Tower,0,10,3,0,13,0,17,9,0,26,0,27,12,0,39,52,0,52,91
08/24/2021,MWA,IL,AGL,CE,Federal Contract Tower,0,17,0,0,17,0,29,19,0,48,0,46,19,0,65,90,0,90,155
08/25/2021,MWA,IL,AGL,CE,Federal Contract Tower,0,9,1,0,10,0,15,14,0,29,0,24,15,0,39,44,0,44,83
08/26/2021,MWA,IL,AGL,CE,Federal Contract Tower,0,13,2,0,15,0,17,14,0,31,0,30,16,0,46,70,0,70,116
08/27/2021,MWA,IL,AGL,CE,Federal Contract Tower,0,9,0,0,9,0,11,9,0,20,0,20,9,0,29,34,0,34,63
08/28/2021,MWA,IL,AGL,CE,Federal Contract Tower,0,7,2,0,9,0,1,13,0,14,0,8,15,0,23,18,0,18,41
08/29/2021,MWA,IL,AGL,CE,Federal Contract Tower,0,8,0,0,8,0,9,2,5,16,0,17,2,5,24,20,0,20,44
08/30/2021,MWA,IL,AGL,CE,Federal Contract Tower,0,8,0,0,8,0,14,8,0,22,0,22,8,0,30,50,0,50,80
08/31/2021,MWA,IL,AGL,CE,Federal Contract Tower,0,16,3,0,19,0,5,4,0,9,0,21,7,0,28,22,0,22,50
09/01/2021,MWA,IL,AGL,CE,Federal Contract Tower,0,15,2,1,18,0,7,5,1,13,0,22,7,2,31,18,0,18,49
09/02/2021,MWA,IL,AGL,CE,Federal Contract Tower,0,6,3,0,9,0,10,12,0,22,0,16,15,0,31,32,0,32,63
09/03/2021,MWA,IL,AGL,CE,Federal Contract Tower,0,13,1,0,14,0,19,19,0,38,0,32,20,0,52,38,0,38,90
09/04/2021,MWA,IL,AGL,CE,Federal Contract Tower,0,6,2,0,8,0,0,0,0,0,0,6,2,0,8,0,0,0,8
09/05/2021,MWA,IL,AGL,CE,Federal Contract Tower,0,10,1,0,11,0,9,7,0,16,0,19,8,0,27,0,0,0,27
09/06/2021,MWA,IL,AGL,CE,Federal Contract Tower,0,13,1,0,14,0,2,15,0,17,0,15,16,0,31,8,0,8,39
09/07/2021,MWA,IL,AGL,CE,Federal Contract Tower,0,10,2,0,12,0,26,18,1,45,0,36,20,1,57,54,0,54,111
09/08/2021,MWA,IL,AGL,CE,Federal Contract Tower,0,9,4,0,13,0,9,7,0,16,0,18,11,0,29,26,0,26,55
09/09/2021,MWA,IL,AGL,CE,Federal Contract Tower,0,10,3,0,13,0,7,11,0,18,0,17,14,0,31,28,0,28,59
09/10/2021,MWA,IL,AGL,CE,Federal Contract Tower,0,16,1,0,17,0,30,36,2,68,0,46,37,2,85,118,0,118,203
09/11/2021,MWA,IL,AGL,CE,Federal Contract Tower,0,11,4,0,15,0,9,14,0,23,0,20,18,0,38,34,0,34,72
09/12/2021,MWA,IL,AGL,CE,Federal Contract Tower,0,7,0,0,7,0,6,9,7,22,0,13,9,7,29,0,16,16,45
09/13/2021,MWA,IL,AGL,CE,Federal Contract Tower,0,12,3,2,17,0,15,12,1,28,0,27,15,3,45,44,2,46,91
09/14/2021,MWA,IL,AGL,CE,Federal Contract Tower,0,9,0,0,9,0,5,12,0,17,0,14,12,0,26,38,0,38,64
09/15/2021,MWA,IL,AGL,CE,Federal Contract Tower,0,20,3,0,23,0,1,10,0,11,0,21,13,0,34,36,0,36,70
09/16/2021,MWA,IL,AGL,CE,Federal Contract Tower,0,17,1,0,18,0,17,11,0,28,0,34,12,0,46,86,0,86,132
09/17/2021,MWA,IL,AGL,CE,Federal Contract Tower,0,15,4,0,19,0,6,1,0,7,0,21,5,0,26,30,0,30,56
09/18/2021,MWA,IL,AGL,CE,Federal Contract Tower,0,6,0,0,6,0,0,3,0,3,0,6,3,0,9,0,0,0,9
09/19/2021,MWA,IL,AGL,CE,Federal Contract Tower,0,11,2,0,13,0,7,1,0,8,0,18,3,0,21,14,0,14,35
09/20/2021,MWA,IL,AGL,CE,Federal Contract Tower,0,14,1,0,15,0,0,4,4,8,0,14,5,4,23,28,8,36,59
09/21/2021,MWA,IL,AGL,CE,Federal Contract Tower,0,16,1,0,17,0,0,0,0,0,0,16,1,0,17,0,0,0,17
09/22/2021,MWA,IL,AGL,CE,Federal Contract Tower,0,13,3,0,16,0,7,3,0,10,0,20,6,0,26,84,0,84,110
09/23/2021,MWA,IL,AGL,CE,Federal Contract Tower,0,13,1,0,14,0,19,10,0,29,0,32,11,0,43,94,0,94,137
09/24/2021,MWA,IL,AGL,CE,Federal Contract Tower,0,9,0,0,9,0,42,4,0,46,0,51,4,0,55,92,0,92,147
09/25/2021,MWA,IL,AGL,CE,Federal Contract Tower,0,11,2,0,13,0,2,12,0,14,0,13,14,0,27,4,0,4,31
09/26/2021,MWA,IL,AGL,CE,Federal Contract Tower,0,9,5,0,14,0,5,16,0,21,0,14,21,0,35,10,0,10,45
09/27/2021,MWA,IL,AGL,CE,Federal Contract Tower,0,11,3,0,14,0,11,10,0,21,0,22,13,0,35,92,0,92,127
09/28/2021,MWA,IL,AGL,CE,Federal Contract Tower,0,10,1,0,11,0,29,15,0,44,0,39,16,0,55,132,0,132,187
09/29/2021,MWA,IL,AGL,CE,Federal Contract Tower,0,20,5,0,25,0,17,16,0,33,0,37,21,0,58,178,0,178,236
09/30/2021,MWA,IL,AGL,CE,Federal Contract Tower,0,14,2,0,16,0,47,9,0,56,0,61,11,0,72,122,0,122,194
10/01/2021,MWA,IL,AGL,CE,Federal Contract Tower,0,18,3,2,23,0,45,12,0,57,0,63,15,2,80,103,0,103,183
10/02/2021,MWA,IL,AGL,CE,Federal Contract Tower,0,8,1,0,9,0,0,0,0,0,0,8,1,0,9,0,0,0,9
10/03/2021,MWA,IL,AGL,CE,Federal Contract Tower,0,8,3,0,11,0,0,3,0,3,0,8,6,0,14,0,0,0,14
10/04/2021,MWA,IL,AGL,CE,Federal Contract Tower,0,15,0,2,17,0,31,13,0,44,0,46,13,2,61,174,0,174,235
10/05/2021,MWA,IL,AGL,CE,Federal Contract Tower,0,17,1,0,18,0,14,2,0,16,0,31,3,0,34,82,0,82,116
10/06/2021,MWA,IL,AGL,CE,Federal Contract Tower,0,14,2,0,16,0,18,10,0,28,0,32,12,0,44,62,0,62,106
10/07/2021,MWA,IL,AGL,CE,Federal Contract Tower,0,19,1,0,20,0,14,8,2,24,0,33,9,2,44,26,0,26,70
10/08/2021,MWA,IL,AGL,CE,Federal Contract Tower,2,13,3,0,18,0,19,11,0,30,2,32,14,0,48,106,0,106,154
10/09/2021,MWA,IL,AGL,CE,Federal Contract Tower,0,13,2,0,15,0,40,13,0,53,0,53,15,0,68,32,0,32,100
10/10/2021,MWA,IL,AGL,CE,Federal Contract Tower,0,8,1,0,9,0,8,4,0,12,0,16,5,0,21,0,0,0,21
10/11/2021,MWA,IL,AGL,CE,Federal Contract Tower,0,6,0,0,6,0,2,1,0,3,0,8,1,0,9,0,0,0,9
10/12/2021,MWA,IL,AGL,CE,Federal Contract Tower,0,7,1,0,8,0,71,19,0,90,0,78,20,0,98,144,0,144,242
10/13/2021,MWA,IL,AGL,CE,Federal Contract Tower,0,18,3,0,21,0,51,4,0,55,0,69,7,0,76,88,0,88,164
10/14/2021,MWA,IL,AGL,CE,Federal Contract Tower,0,14,0,0,14,0,34,8,0,42,0,48,8,0,56,60,0,60,116
10/15/2021,MWA,IL,AGL,CE,Federal Contract Tower,1,16,3,0,20,0,1,3,0,4,1,17,6,0,24,0,0,0,24
10/16/2021,MWA,IL,AGL,CE,Federal Contract Tower,0,13,1,2,16,0,27,10,0,37,0,40,11,2,53,36,0,36,89
10/17/2021,MWA,IL,AGL,CE,Federal Contract Tower,0,11,4,0,15,0,4,29,0,33,0,15,33,0,48,56,0,56,104
10/18/2021,MWA,IL,AGL,CE,Federal Contract Tower,0,12,3,2,17,0,54,29,0,83,0,66,32,2,100,134,12,146,246
10/19/2021,MWA,IL,AGL,CE,Federal Contract Tower,0,8,1,0,9,0,40,42,0,82,0,48,43,0,91,112,0,112,203
10/20/2021,MWA,IL,AGL,CE,Federal Contract Tower,0,19,3,6,28,0,22,28,0,50,0,41,31,6,78,128,8,136,214
10/21/2021,MWA,IL,AGL,CE,Federal Contract Tower,0,11,1,0,12,0,53,13,0,66,0,64,14,0,78,80,0,80,158
10/22/2021,MWA,IL,AGL,CE,Federal Contract Tower,0,14,1,0,15,0,32,9,0,41,0,46,10,0,56,94,0,94,150
10/23/2021,MWA,IL,AGL,CE,Federal Contract Tower,0,8,2,0,10,0,0,1,0,1,0,8,3,0,11,0,0,0,11
10/24/2021,MWA,IL,AGL,CE,Federal Contract Tower,0,3,1,0,4,0,5,0,0,5,0,8,1,0,9,0,0,0,9
10/25/2021,MWA,IL,AGL,CE,Federal Contract Tower,0,20,0,0,20,0,7,0,0,7,0,27,0,0,27,2,0,2,29
10/26/2021,MWA,IL,AGL,CE,Federal Contract Tower,0,9,2,0,11,0,50,17,0,67,0,59,19,0,78,120,0,120,198
10/27/2021,MWA,IL,AGL,CE,Federal Contract Tower,0,10,1,0,11,0,30,19,0,49,0,40,20,0,60,66,0,66,126
10/28/2021,MWA,IL,AGL,CE,Federal Contract Tower,1,18,0,0,19,0,9,0,0,9,1,27,0,0,28,8,0,8,36
10/29/2021,MWA,IL,AGL,CE,Federal Contract Tower,1,16,0,0,17,0,4,0,0,4,1,20,0,0,21,4,0,4,25
10/30/2021,MWA,IL,AGL,CE,Federal Contract Tower,1,6,3,0,10,0,3,0,0,3,1,9,3,0,13,0,0,0,13
10/31/2021,MWA,IL,AGL,CE,Federal Contract Tower,0,5,2,0,7,0,11,6,0,17,0,16,8,0,24,22,0,22,46
11/01/2021,MWA,IL,AGL,CE,Federal Contract Tower,0,11,1,0,12,0,23,5,0,28,0,34,6,0,40,82,0,82,122
11/02/2021,MWA,IL,AGL,CE,Federal Contract Tower,0,9,1,0,10,0,37,9,0,46,0,46,10,0,56,68,0,68,124
11/03/2021,MWA,IL,AGL,CE,Federal Contract Tower,0,13,0,0,13,0,22,18,0,40,0,35,18,0,53,96,0,96,149
11/04/2021,MWA,IL,AGL,CE,Federal Contract Tower,0,11,0,0,11,0,39,14,4,57,0,50,14,4,68,164,0,164,232
11/05/2021,MWA,IL,AGL,CE,Federal Contract Tower,0,16,2,0,18,0,31,9,0,40,0,47,11,0,58,87,0,87,145
11/06/2021,MWA,IL,AGL,CE,Federal Contract Tower,0,7,0,0,7,0,14,14,0,28,0,21,14,0,35,56,0,56,91
11/07/2021,MWA,IL,AGL,CE,Federal Contract Tower,0,10,2,0,12,0,3,12,0,15,0,13,14,0,27,36,0,36,63
11/08/2021,MWA,IL,AGL,CE,Federal Contract Tower,0,13,5,0,18,0,27,9,0,36,0,40,14,0,54,68,0,68,122
11/09/2021,MWA,IL,AGL,CE,Federal Contract Tower,0,9,3,0,12,0,22,6,1,29,0,31,9,1,41,108,0,108,149
11/10/2021,MWA,IL,AGL,CE,Federal Contract Tower,0,10,1,0,11,0,20,12,5,37,0,30,13,5,48,106,0,106,154
11/11/2021,MWA,IL,AGL,CE,Federal Contract Tower,0,11,2,0,13,0,2,1,0,3,0,13,3,0,16,2,0,2,18
11/12/2021,MWA,IL,AGL,CE,Federal Contract Tower,0,11,1,0,12,0,9,0,0,9,0,20,1,0,21,0,0,0,21
11/13/2021,MWA,IL,AGL,CE,Federal Contract Tower,0,7,1,0,8,0,0,14,0,14,0,7,15,0,22,0,0,0,22
11/14/2021,MWA,IL,AGL,CE,Federal Contract Tower,0,8,0,0,8,0,2,0,0,2,0,10,0,0,10,4,0,4,14
11/15/2021,MWA,IL,AGL,CE,Federal Contract Tower,0,15,0,0,15,0,36,4,0,40,0,51,4,0,55,110,0,110,165
11/16/2021,MWA,IL,AGL,CE,Federal Contract Tower,0,15,1,0,16,0,13,8,0,21,0,28,9,0,37,38,0,38,75
11/17/2021,MWA,IL,AGL,CE,Federal Contract Tower,0,15,2,0,17,0,1,0,1,2,0,16,2,1,19,0,0,0,19
11/18/2021,MWA,IL,AGL,CE,Federal Contract Tower,0,10,2,0,12,0,39,9,1,49,0,49,11,1,61,160,0,160,221
11/19/2021,MWA,IL,AGL,CE,Federal Contract Tower,2,16,3,0,21,0,27,24,0,51,2,43,27,0,72,126,0,126,198
11/20/2021,MWA,IL,AGL,CE,Federal Contract Tower,2,8,1,0,11,0,8,11,0,19,2,16,12,0,30,56,0,56,86
11/21/2021,MWA,IL,AGL,CE,Federal Contract Tower,0,9,5,0,14,0,3,2,0,5,0,12,7,0,19,8,0,8,27
11/22/2021,MWA,IL,AGL,CE,Federal Contract Tower,0,13,3,0,16,0,16,24,0,40,0,29,27,0,56,52,0,52,108
11/23/2021,MWA,IL,AGL,CE,Federal Contract Tower,0,8,1,0,9,0,23,18,0,41,0,31,19,0,50,26,0,26,76
11/24/2021,MWA,IL,AGL,CE,Federal Contract Tower,0,6,0,0,6,0,4,4,0,8,0,10,4,0,14,0,0,0,14
11/25/2021,MWA,IL,AGL,CE,Federal Contract Tower,0,11,0,0,11,0,0,1,0,1,0,11,1,0,12,0,0,0,12
11/26/2021,MWA,IL,AGL,CE,Federal Contract Tower,2,10,4,0,16,0,2,14,0,16,2,12,18,0,32,4,0,4,36
11/27/2021,MWA,IL,AGL,CE,Federal Contract Tower,0,3,0,0,3,0,23,24,0,47,0,26,24,0,50,20,0,20,70
11/28/2021,MWA,IL,AGL,CE,Federal Contract Tower,1,5,4,0,10,0,4,20,0,24,1,9,24,0,34,0,0,0,34
11/29/2021,MWA,IL,AGL,CE,Federal Contract Tower,0,7,2,0,9,0,18,23,0,41,0,25,25,0,50,50,0,50,100
11/30/2021,MWA,IL,AGL,CE,Federal Contract Tower,0,11,4,0,15,0,17,13,0,30,0,28,17,0,45,48,0,48,93
12/01/2021,MWA,IL,AGL,CE,Federal Contract Tower,0,16,1,0,17,0,18,11,0,29,0,34,12,0,46,20,0,20,66
12/02/2021,MWA,IL,AGL,CE,Federal Contract Tower,0,16,2,0,18,0,21,13,0,34,0,37,15,0,52,116,0,116,168
12/03/2021,MWA,IL,AGL,CE,Federal Contract Tower,2,24,0,0,26,0,18,23,0,41,2,42,23,0,67,98,0,98,165
12/04/2021,MWA,IL,AGL,CE,Federal Contract Tower,0,14,4,2,20,0,6,33,4,43,0,20,37,6,63,10,0,10,73
12/05/2021,MWA,IL,AGL,CE,Federal Contract Tower,0,6,0,0,6,0,6,0,0,6,0,12,0,0,12,0,0,0,12
12/06/2021,MWA,IL,AGL,CE,Federal Contract Tower,0,8,0,0,8,0,15,2,0,17,0,23,2,0,25,6,0,6,31
12/07/2021,MWA,IL,AGL,CE,Federal Contract Tower,0,7,2,0,9,0,21,17,0,38,0,28,19,0,47,14,0,14,61
12/08/2021,MWA,IL,AGL,CE,Federal Contract Tower,0,9,4,0,13,0,10,11,0,21,0,19,15,0,34,20,0,20,54
12/09/2021,MWA,IL,AGL,CE,Federal Contract Tower,0,16,3,0,19,0,2,11,0,13,0,18,14,0,32,28,0,28,60
12/11/2021,MWA,IL,AGL,CE,Federal Contract Tower,0,8,0,0,8,0,2,4,0,6,0,10,4,0,14,0,0,0,14
12/12/2021,MWA,IL,AGL,CE,Federal Contract Tower,0,5,1,0,6,0,2,12,0,14,0,7,13,0,20,4,0,4,24
12/13/2021,MWA,IL,AGL,CE,Federal Contract Tower,0,15,5,0,20,0,13,16,0,29,0,28,21,0,49,38,0,38,87
12/14/2021,MWA,IL,AGL,CE,Federal Contract Tower,0,16,4,0,20,0,9,15,0,24,0,25,19,0,44,52,0,52,96
12/15/2021,MWA,IL,AGL,CE,Federal Contract Tower,0,7,0,0,7,0,0,0,0,0,0,7,0,0,7,0,0,0,7
12/16/2021,MWA,IL,AGL,CE,Federal Contract Tower,0,11,0,0,11,0,7,3,0,10,0,18,3,0,21,0,0,0,21
12/18/2021,MWA,IL,AGL,CE,Federal Contract Tower,0,0,0,0,0,0,2,1,0,3,0,2,1,0,3,6,0,6,9
12/19/2021,MWA,IL,AGL,CE,Federal Contract Tower,0,7,1,0,8,0,0,11,0,11,0,7,12,0,19,0,0,0,19
12/20/2021,MWA,IL,AGL,CE,Federal Contract Tower,0,14,5,2,21,0,7,23,6,36,0,21,28,8,57,60,10,70,127
12/21/2021,MWA,IL,AGL,CE,Federal Contract Tower,0,10,0,0,10,0,12,17,0,29,0,22,17,0,39,14,0,14,53
12/22/2021,MWA,IL,AGL,CE,Federal Contract Tower,0,10,0,0,10,0,22,5,0,27,0,32,5,0,37,16,0,16,53
12/23/2021,MWA,IL,AGL,CE,Federal Contract Tower,0,8,3,0,11,0,6,8,0,14,0,14,11,0,25,0,0,0,25
12/24/2021,MWA,IL,AGL,CE,Federal Contract Tower,0,6,3,0,9,0,6,0,0,6,0,12,3,0,15,0,0,0,15
12/25/2021,MWA,IL,AGL,CE,Federal Contract Tower,0,4,1,0,5,0,2,2,0,4,0,6,3,0,9,0,0,0,9
12/26/2021,MWA,IL,AGL,CE,Federal Contract Tower,0,6,2,0,8,0,0,1,0,1,0,6,3,0,9,0,0,0,9
12/27/2021,MWA,IL,AGL,CE,Federal Contract Tower,0,18,0,0,18,0,0,7,0,7,0,18,7,0,25,14,0,14,39
12/28/2021,MWA,IL,AGL,CE,Federal Contract Tower,0,11,1,0,12,0,1,0,0,1,0,12,1,0,13,0,0,0,13
12/29/2021,MWA,IL,AGL,CE,Federal Contract Tower,0,4,0,0,4,0,0,1,0,1,0,4,1,0,5,0,0,0,5
12/30/2021,MWA,IL,AGL,CE,Federal Contract Tower,0,12,2,0,14,0,0,0,0,0,0,12,2,0,14,0,0,0,14
12/31/2021,MWA,IL,AGL,CE,Federal Contract Tower,0,12,2,0,14,0,2,2,0,4,0,14,4,0,18,0,0,0,18
01/01/2022,MWA,IL,AGL,CE,Federal Contract Tower,0,4,0,0,4,0,0,0,0,0,0,4,0,0,4,0,0,0,4
01/02/2022,MWA,IL,AGL,CE,Federal Contract Tower,0,9,0,0,9,0,0,0,0,0,0,9,0,0,9,6,0,6,15
01/03/2022,MWA,IL,AGL,CE,Federal Contract Tower,0,14,3,0,17,0,9,2,0,11,0,23,5,0,28,2,0,2,30
01/04/2022,MWA,IL,AGL,CE,Federal Contract Tower,0,11,0,0,11,0,3,4,0,7,0,14,4,0,18,0,0,0,18
01/05/2022,MWA,IL,AGL,CE,Federal Contract Tower,0,8,1,0,9,0,23,3,0,26,0,31,4,0,35,10,0,10,45
01/06/2022,MWA,IL,AGL,CE,Federal Contract Tower,0,8,0,0,8,0,1,0,0,1,0,9,0,0,9,0,0,0,9
01/07/2022,MWA,IL,AGL,CE,Federal Contract Tower,0,14,2,0,16,0,0,7,0,7,0,14,9,0,23,0,0,0,23
01/08/2022,MWA,IL,AGL,CE,Federal Contract Tower,0,8,0,0,8,0,0,2,0,2,0,8,2,0,10,0,0,0,10
01/09/2022,MWA,IL,AGL,CE,Federal Contract Tower,0,10,0,0,10,0,1,8,0,9,0,11,8,0,19,20,0,20,39
01/10/2022,MWA,IL,AGL,CE,Federal Contract Tower,0,8,1,0,9,0,17,19,0,36,0,25,20,0,45,48,0,48,93
01/11/2022,MWA,IL,AGL,CE,Federal Contract Tower,0,11,0,0,11,0,14,18,0,32,0,25,18,0,43,48,0,48,91
01/12/2022,MWA,IL,AGL,CE,Federal Contract Tower,0,9,1,0,10,0,12,5,0,17,0,21,6,0,27,12,0,12,39
01/13/2022,MWA,IL,AGL,CE,Federal Contract Tower,0,7,0,0,7,0,26,6,0,32,0,33,6,0,39,60,0,60,99
01/14/2022,MWA,IL,AGL,CE,Federal Contract Tower,0,14,2,0,16,0,0,0,0,0,0,14,2,0,16,0,0,0,16
01/15/2022,MWA,IL,AGL,CE,Federal Contract Tower,2,6,0,0,8,0,0,0,0,0,2,6,0,0,8,0,0,0,8
01/16/2022,MWA,IL,AGL,CE,Federal Contract Tower,0,7,1,0,8,0,2,12,0,14,0,9,13,0,22,12,0,12,34
01/17/2022,MWA,IL,AGL,CE,Federal Contract Tower,0,6,0,0,6,0,6,6,0,12,0,12,6,0,18,0,0,0,18
01/18/2022,MWA,IL,AGL,CE,Federal Contract Tower,0,1,0,0,1,0,17,4,0,21,0,18,4,0,22,16,0,16,38
01/19/2022,MWA,IL,AGL,CE,Federal Contract Tower,0,5,4,0,9,0,6,4,0,10,0,11,8,0,19,26,0,26,45
01/20/2022,MWA,IL,AGL,CE,Federal Contract Tower,0,13,0,0,13,0,24,19,0,43,0,37,19,0,56,130,0,130,186
01/21/2022,MWA,IL,AGL,CE,Federal Contract Tower,0,14,3,0,17,0,17,16,0,33,0,31,19,0,50,150,0,150,200
01/22/2022,MWA,IL,AGL,CE,Federal Contract Tower,0,6,2,0,8,0,12,16,0,28,0,18,18,0,36,36,0,36,72
01/23/2022,MWA,IL,AGL,CE,Federal Contract Tower,0,5,2,0,7,0,10,5,0,15,0,15,7,0,22,36,0,36,58
01/24/2022,MWA,IL,AGL,CE,Federal Contract Tower,0,8,0,0,8,0,11,5,0,16,0,19,5,0,24,136,0,136,160
01/25/2022,MWA,IL,AGL,CE,Federal Contract Tower,0,8,4,0,12,0,1,7,0,8,0,9,11,0,20,86,0,86,106
01/26/2022,MWA,IL,AGL,CE,Federal Contract Tower,1,10,0,0,11,0,26,14,0,40,1,36,14,0,51,18,0,18,69
01/27/2022,MWA,IL,AGL,CE,Federal Contract Tower,0,7,0,0,7,0,15,4,0,19,0,22,4,0,26,50,0,50,76
01/28/2022,MWA,IL,AGL,CE,Federal Contract Tower,0,5,0,0,5,0,9,1,0,10,0,14,1,0,15,30,0,30,45
01/29/2022,MWA,IL,AGL,CE,Federal Contract Tower,0,9,5,0,14,0,12,23,0,35,0,21,28,0,49,0,0,0,49
01/30/2022,MWA,IL,AGL,CE,Federal Contract Tower,1,6,0,0,7,0,13,13,0,26,1,19,13,0,33,18,0,18,51
01/31/2022,MWA,IL,AGL,CE,Federal Contract Tower,0,9,0,0,9,0,11,17,0,28,0,20,17,0,37,74,0,74,111
02/01/2022,MWA,IL,AGL,CE,Federal Contract Tower,0,9,2,0,11,0,51,10,0,61,0,60,12,0,72,54,0,54,126
02/02/2022,MWA,IL,AGL,CE,Federal Contract Tower,0,2,0,0,2,0,0,0,0,0,0,2,0,0,2,0,0,0,2
02/03/2022,MWA,IL,AGL,CE,Federal Contract Tower,0,8,0,0,8,0,10,8,2,20,0,18,8,2,28,32,0,32,60
02/04/2022,MWA,IL,AGL,CE,Federal Contract Tower,0,3,0,0,3,0,8,0,0,8,0,11,0,0,11,0,0,0,11
02/05/2022,MWA,IL,AGL,CE,Federal Contract Tower,3,8,12,0,23,0,0,0,0,0,3,8,12,0,23,0,0,0,23
02/06/2022,MWA,IL,AGL,CE,Federal Contract Tower,0,16,3,0,19,0,0,9,0,9,0,16,12,0,28,0,0,0,28
02/07/2022,MWA,IL,AGL,CE,Federal Contract Tower,0,12,2,0,14,0,27,10,0,37,0,39,12,0,51,160,0,160,211
02/08/2022,MWA,IL,AGL,CE,Federal Contract Tower,2,9,3,0,14,0,38,15,0,53,2,47,18,0,67,148,0,148,215
02/09/2022,MWA,IL,AGL,CE,Federal Contract Tower,0,12,0,0,12,0,35,13,0,48,0,47,13,0,60,116,0,116,176
02/10/2022,MWA,IL,AGL,CE,Federal Contract Tower,1,18,0,0,19,0,37,11,0,48,1,55,11,0,67,118,0,118,185
02/11/2022,MWA,IL,AGL,CE,Federal Contract Tower,2,13,2,0,17,0,11,6,0,17,2,24,8,0,34,14,0,14,48
02/12/2022,MWA,IL,AGL,CE,Federal Contract Tower,0,6,0,0,6,0,2,1,0,3,0,8,1,0,9,0,0,0,9
02/13/2022,MWA,IL,AGL,CE,Federal Contract Tower,2,17,2,0,21,0,7,6,1,14,2,24,8,1,35,20,0,20,55
02/14/2022,MWA,IL,AGL,CE,Federal Contract Tower,0,6,0,0,6,0,38,7,0,45,0,44,7,0,51,150,0,150,201
02/15/2022,MWA,IL,AGL,CE,Federal Contract Tower,0,15,4,0,19,0,25,7,0,32,0,40,11,0,51,16,0,16,67
02/16/2022,MWA,IL,AGL,CE,Federal Contract Tower,0,11,3,0,14,0,5,2,0,7,0,16,5,0,21,0,0,0,21
02/17/2022,MWA,IL,AGL,CE,Federal Contract Tower,0,5,0,0,5,0,0,0,0,0,0,5,0,0,5,0,0,0,5
02/18/2022,MWA,IL,AGL,CE,Federal Contract Tower,0,9,1,2,12,0,13,18,1,32,0,22,19,3,44,58,0,58,102
02/19/2022,MWA,IL,AGL,CE,Federal Contract Tower,0,4,2,0,6,0,6,10,0,16,0,10,12,0,22,16,0,16,38
02/20/2022,MWA,IL,AGL,CE,Federal Contract Tower,0,8,1,0,9,0,20,3,0,23,0,28,4,0,32,0,0,0,32
02/21/2022,MWA,IL,AGL,CE,Federal Contract Tower,0,10,9,0,19,0,25,1,0,26,0,35,10,0,45,50,0,50,95
02/22/2022,MWA,IL,AGL,CE,Federal Contract Tower,0,14,1,0,15,0,0,0,0,0,0,14,1,0,15,0,0,0,15
02/23/2022,MWA,IL,AGL,CE,Federal Contract Tower,0,4,0,0,4,0,4,4,0,8,0,8,4,0,12,34,0,34,46
02/24/2022,MWA,IL,AGL,CE,Federal Contract Tower,0,0,0,0,0,0,0,0,0,0,0,0,0,0,0,0,0,0,0
02/25/2022,MWA,IL,AGL,CE,Federal Contract Tower,2,11,0,0,13,0,4,0,0,4,2,15,0,0,17,0,0,0,17
02/26/2022,MWA,IL,AGL,CE,Federal Contract Tower,0,6,1,0,7,0,20,5,0,25,0,26,6,0,32,8,0,8,40
02/27/2022,MWA,IL,AGL,CE,Federal Contract Tower,0,7,2,4,13,0,13,11,2,26,0,20,13,6,39,20,0,20,59
02/28/2022,MWA,IL,AGL,CE,Federal Contract Tower,0,5,6,0,11,0,65,14,0,79,0,70,20,0,90,138,0,138,228
03/01/2022,MWA,IL,AGL,CE,Federal Contract Tower,0,10,2,0,12,0,28,19,0,47,0,38,21,0,59,72,0,72,131
03/02/2022,MWA,IL,AGL,CE,Federal Contract Tower,0,16,2,0,18,0,21,24,3,48,0,37,26,3,66,56,0,56,122
03/03/2022,MWA,IL,AGL,CE,Federal Contract Tower,0,8,0,0,8,0,30,13,2,45,0,38,13,2,53,98,6,104,157
03/04/2022,MWA,IL,AGL,CE,Federal Contract Tower,0,10,1,0,11,0,19,15,0,34,0,29,16,0,45,26,0,26,71
03/05/2022,MWA,IL,AGL,CE,Federal Contract Tower,0,9,0,0,9,0,6,1,0,7,0,15,1,0,16,0,0,0,16
03/06/2022,MWA,IL,AGL,CE,Federal Contract Tower,0,11,1,0,12,0,4,0,0,4,0,15,1,0,16,0,0,0,16
03/07/2022,MWA,IL,AGL,CE,Federal Contract Tower,0,6,5,0,11,0,2,0,0,2,0,8,5,0,13,0,0,0,13
03/08/2022,MWA,IL,AGL,CE,Federal Contract Tower,0,14,5,0,19,0,6,12,0,18,0,20,17,0,37,20,0,20,57
03/09/2022,MWA,IL,AGL,CE,Federal Contract Tower,0,10,0,0,10,0,10,22,0,32,0,20,22,0,42,30,0,30,72
03/10/2022,MWA,IL,AGL,CE,Federal Contract Tower,0,14,0,0,14,0,10,17,0,27,0,24,17,0,41,28,0,28,69
03/11/2022,MWA,IL,AGL,CE,Federal Contract Tower,0,10,0,0,10,0,0,1,0,1,0,10,1,0,11,0,0,0,11
03/12/2022,MWA,IL,AGL,CE,Federal Contract Tower,0,2,1,0,3,0,12,6,0,18,0,14,7,0,21,6,0,6,27
03/13/2022,MWA,IL,AGL,CE,Federal Contract Tower,0,6,3,0,9,0,6,4,0,10,0,12,7,0,19,0,0,0,19
03/14/2022,MWA,IL,AGL,CE,Federal Contract Tower,0,8,0,0,8,0,11,8,0,19,0,19,8,0,27,32,0,32,59
03/15/2022,MWA,IL,AGL,CE,Federal Contract Tower,0,9,0,0,9,0,22,3,0,25,0,31,3,0,34,62,16,78,112
03/16/2022,MWA,IL,AGL,CE,Federal Contract Tower,0,16,0,0,16,0,45,21,2,68,0,61,21,2,84,158,8,166,250
03/17/2022,MWA,IL,AGL,CE,Federal Contract Tower,0,17,0,1,18,0,30,18,0,48,0,47,18,1,66,108,0,108,174
03/18/2022,MWA,IL,AGL,CE,Federal Contract Tower,0,7,1,0,8,0,8,0,0,8,0,15,1,0,16,0,0,0,16
03/19/2022,MWA,IL,AGL,CE,Federal Contract Tower,0,2,1,0,3,0,2,1,0,3,0,4,2,0,6,4,0,4,10
03/20/2022,MWA,IL,AGL,CE,Federal Contract Tower,2,4,2,0,8,0,5,3,0,8,2,9,5,0,16,22,0,22,38
03/21/2022,MWA,IL,AGL,CE,Federal Contract Tower,0,6,0,0,6,0,23,9,5,37,0,29,9,5,43,62,0,62,105
03/22/2022,MWA,IL,AGL,CE,Federal Contract Tower,0,8,3,0,11,0,0,0,0,0,0,8,3,0,11,0,0,0,11
03/23/2022,MWA,IL,AGL,CE,Federal Contract Tower,0,14,0,0,14,0,0,0,0,0,0,14,0,0,14,0,0,0,14
03/24/2022,MWA,IL,AGL,CE,Federal Contract Tower,0,9,1,0,10,0,13,3,0,16,0,22,4,0,26,18,0,18,44
03/25/2022,MWA,IL,AGL,CE,Federal Contract Tower,0,7,2,0,9,0,12,8,0,20,0,19,10,0,29,88,0,88,117
03/26/2022,MWA,IL,AGL,CE,Federal Contract Tower,0,5,0,0,5,0,8,0,6,14,0,13,0,6,19,0,6,6,25
03/27/2022,MWA,IL,AGL,CE,Federal Contract Tower,0,5,0,0,5,0,8,7,0,15,0,13,7,0,20,0,0,0,20
03/28/2022,MWA,IL,AGL,CE,Federal Contract Tower,0,5,0,0,5,0,28,11,1,40,0,33,11,1,45,80,4,84,129
03/29/2022,MWA,IL,AGL,CE,Federal Contract Tower,0,6,3,0,9,0,41,5,0,46,0,47,8,0,55,20,0,20,75
03/30/2022,MWA,IL,AGL,CE,Federal Contract Tower,0,9,2,0,11,0,1,0,0,1,0,10,2,0,12,0,0,0,12
03/31/2022,MWA,IL,AGL,CE,Federal Contract Tower,0,9,1,0,10,0,29,12,0,41,0,38,13,0,51,104,0,104,155
04/01/2022,MWA,IL,AGL,CE,Federal Contract Tower,0,3,2,0,5,0,24,26,3,53,0,27,28,3,58,156,0,156,214
04/02/2022,MWA,IL,AGL,CE,Federal Contract Tower,0,3,0,0,3,0,30,1,0,31,0,33,1,0,34,8,0,8,42
04/03/2022,MWA,IL,AGL,CE,Federal Contract Tower,0,6,0,1,7,0,16,7,2,25,0,22,7,3,32,8,0,8,40
04/04/2022,MWA,IL,AGL,CE,Federal Contract Tower,0,8,0,0,8,0,27,5,0,32,0,35,5,0,40,18,0,18,58
04/05/2022,MWA,IL,AGL,CE,Federal Contract Tower,0,10,2,0,12,0,36,9,0,45,0,46,11,0,57,54,0,54,111
04/06/2022,MWA,IL,AGL,CE,Federal Contract Tower,0,13,3,0,16,0,16,8,0,24,0,29,11,0,40,76,0,76,116
04/07/2022,MWA,IL,AGL,CE,Federal Contract Tower,0,8,1,0,9,0,21,8,0,29,0,29,9,0,38,38,0,38,76
04/08/2022,MWA,IL,AGL,CE,Federal Contract Tower,0,5,0,0,5,0,3,0,0,3,0,8,0,0,8,0,0,0,8
04/09/2022,MWA,IL,AGL,CE,Federal Contract Tower,0,3,0,0,3,0,20,8,1,29,0,23,8,1,32,50,0,50,82
04/10/2022,MWA,IL,AGL,CE,Federal Contract Tower,0,8,0,0,8,0,2,6,1,9,0,10,6,1,17,4,0,4,21
04/11/2022,MWA,IL,AGL,CE,Federal Contract Tower,0,4,0,0,4,0,8,2,0,10,0,12,2,0,14,16,0,16,30
04/12/2022,MWA,IL,AGL,CE,Federal Contract Tower,0,13,1,0,14,0,0,0,0,0,0,13,1,0,14,0,0,0,14
04/13/2022,MWA,IL,AGL,CE,Federal Contract Tower,0,3,1,0,4,0,1,0,0,1,0,4,1,0,5,0,0,0,5
04/14/2022,MWA,IL,AGL,CE,Federal Contract Tower,0,12,0,0,12,0,48,26,0,74,0,60,26,0,86,206,0,206,292
04/15/2022,MWA,IL,AGL,CE,Federal Contract Tower,0,7,2,0,9,0,5,5,0,10,0,12,7,0,19,52,0,52,71
04/16/2022,MWA,IL,AGL,CE,Federal Contract Tower,0,7,2,0,9,0,16,2,0,18,0,23,4,0,27,18,0,18,45
04/17/2022,MWA,IL,AGL,CE,Federal Contract Tower,0,8,2,0,10,0,15,2,0,17,0,23,4,0,27,0,0,0,27
04/18/2022,MWA,IL,AGL,CE,Federal Contract Tower,0,4,0,0,4,0,2,3,0,5,0,6,3,0,9,22,0,22,31
04/19/2022,MWA,IL,AGL,CE,Federal Contract Tower,0,8,1,2,11,0,49,22,1,72,0,57,23,3,83,146,0,146,229
04/20/2022,MWA,IL,AGL,CE,Federal Contract Tower,0,10,0,0,10,0,19,8,0,27,0,29,8,0,37,64,0,64,101
04/21/2022,MWA,IL,AGL,CE,Federal Contract Tower,0,20,0,0,20,0,6,0,0,6,0,26,0,0,26,22,0,22,48
04/22/2022,MWA,IL,AGL,CE,Federal Contract Tower,0,9,0,0,9,0,23,9,0,32,0,32,9,0,41,48,0,48,89
04/23/2022,MWA,IL,AGL,CE,Federal Contract Tower,0,8,0,0,8,0,8,0,0,8,0,16,0,0,16,0,0,0,16
04/24/2022,MWA,IL,AGL,CE,Federal Contract Tower,0,9,0,0,9,0,0,0,0,0,0,9,0,0,9,0,0,0,9
04/25/2022,MWA,IL,AGL,CE,Federal Contract Tower,0,11,6,0,17,0,0,8,0,8,0,11,14,0,25,14,0,14,39
04/26/2022,MWA,IL,AGL,CE,Federal Contract Tower,0,13,2,0,15,0,27,10,0,37,0,40,12,0,52,86,0,86,138
04/27/2022,MWA,IL,AGL,CE,Federal Contract Tower,0,11,0,0,11,0,31,21,0,52,0,42,21,0,63,138,0,138,201
04/28/2022,MWA,IL,AGL,CE,Federal Contract Tower,0,11,1,0,12,0,32,9,0,41,0,43,10,0,53,70,0,70,123
04/29/2022,MWA,IL,AGL,CE,Federal Contract Tower,0,12,1,0,13,0,16,4,2,22,0,28,5,2,35,12,6,18,53
04/30/2022,MWA,IL,AGL,CE,Federal Contract Tower,0,5,0,0,5,0,2,0,0,2,0,7,0,0,7,0,0,0,7
05/01/2022,MWA,IL,AGL,CE,Federal Contract Tower,0,11,1,0,12,0,4,8,0,12,0,15,9,0,24,0,0,0,24
05/02/2022,MWA,IL,AGL,CE,Federal Contract Tower,0,12,0,0,12,0,17,9,0,26,0,29,9,0,38,80,0,80,118
05/03/2022,MWA,IL,AGL,CE,Federal Contract Tower,0,15,0,0,15,0,40,4,0,44,0,55,4,0,59,74,0,74,133
05/04/2022,MWA,IL,AGL,CE,Federal Contract Tower,0,19,3,0,22,0,3,1,0,4,0,22,4,0,26,0,0,0,26
05/05/2022,MWA,IL,AGL,CE,Federal Contract Tower,0,15,3,0,18,0,1,0,0,1,0,16,3,0,19,0,0,0,19
05/06/2022,MWA,IL,AGL,CE,Federal Contract Tower,0,15,0,0,15,0,0,0,0,0,0,15,0,0,15,0,0,0,15
05/07/2022,MWA,IL,AGL,CE,Federal Contract Tower,0,9,3,0,12,0,6,15,0,21,0,15,18,0,33,30,0,30,63
05/08/2022,MWA,IL,AGL,CE,Federal Contract Tower,0,11,0,0,11,0,2,14,0,16,0,13,14,0,27,18,0,18,45
05/09/2022,MWA,IL,AGL,CE,Federal Contract Tower,0,8,2,0,10,0,26,12,0,38,0,34,14,0,48,84,0,84,132
05/10/2022,MWA,IL,AGL,CE,Federal Contract Tower,0,13,5,0,18,0,6,8,0,14,0,19,13,0,32,30,0,30,62
05/11/2022,MWA,IL,AGL,CE,Federal Contract Tower,0,10,4,0,14,0,33,11,0,44,0,43,15,0,58,44,0,44,102
05/12/2022,MWA,IL,AGL,CE,Federal Contract Tower,0,13,3,0,16,0,15,23,0,38,0,28,26,0,54,132,0,132,186
05/13/2022,MWA,IL,AGL,CE,Federal Contract Tower,0,14,5,0,19,0,17,17,0,34,0,31,22,0,53,80,0,80,133
05/14/2022,MWA,IL,AGL,CE,Federal Contract Tower,0,9,5,0,14,0,3,12,0,15,0,12,17,0,29,54,0,54,83
05/15/2022,MWA,IL,AGL,CE,Federal Contract Tower,0,13,7,0,20,0,12,7,0,19,0,25,14,0,39,34,0,34,73
05/16/2022,MWA,IL,AGL,CE,Federal Contract Tower,0,9,3,0,12,0,24,10,0,34,0,33,13,0,46,11,0,11,57
05/17/2022,MWA,IL,AGL,CE,Federal Contract Tower,0,7,0,0,7,0,26,10,0,36,0,33,10,0,43,54,0,54,97
05/18/2022,MWA,IL,AGL,CE,Federal Contract Tower,0,9,6,0,15,0,15,18,0,33,0,24,24,0,48,86,0,86,134
05/19/2022,MWA,IL,AGL,CE,Federal Contract Tower,0,11,3,0,14,0,16,16,0,32,0,27,19,0,46,82,0,82,128
05/20/2022,MWA,IL,AGL,CE,Federal Contract Tower,0,15,2,0,17,0,3,0,0,3,0,18,2,0,20,0,0,0,20
05/21/2022,MWA,IL,AGL,CE,Federal Contract Tower,0,8,0,0,8,0,0,2,0,2,0,8,2,0,10,0,0,0,10
05/22/2022,MWA,IL,AGL,CE,Federal Contract Tower,0,5,0,0,5,0,2,0,0,2,0,7,0,0,7,0,0,0,7
05/23/2022,MWA,IL,AGL,CE,Federal Contract Tower,0,3,4,0,7,0,28,13,3,44,0,31,17,3,51,80,0,80,131
05/24/2022,MWA,IL,AGL,CE,Federal Contract Tower,0,18,8,0,26,0,3,9,0,12,0,21,17,0,38,24,0,24,62
05/25/2022,MWA,IL,AGL,CE,Federal Contract Tower,0,0,12,0,12,0,1,0,0,1,0,1,12,0,13,2,0,2,15
05/26/2022,MWA,IL,AGL,CE,Federal Contract Tower,0,16,1,0,17,0,21,2,0,23,0,37,3,0,40,6,0,6,46
05/27/2022,MWA,IL,AGL,CE,Federal Contract Tower,0,30,2,0,32,0,0,2,0,2,0,30,4,0,34,2,0,2,36
05/28/2022,MWA,IL,AGL,CE,Federal Contract Tower,0,6,0,0,6,0,8,6,0,14,0,14,6,0,20,2,0,2,22
05/29/2022,MWA,IL,AGL,CE,Federal Contract Tower,0,5,0,0,5,0,2,11,0,13,0,7,11,0,18,2,0,2,20
05/30/2022,MWA,IL,AGL,CE,Federal Contract Tower,0,6,2,0,8,0,3,4,0,7,0,9,6,0,15,0,0,0,15
05/31/2022,MWA,IL,AGL,CE,Federal Contract Tower,0,7,2,0,9,0,14,25,0,39,0,21,27,0,48,32,0,32,80
06/01/2022,MWA,IL,AGL,CE,Federal Contract Tower,0,9,0,0,9,0,22,4,0,26,0,31,4,0,35,74,0,74,109
06/02/2022,MWA,IL,AGL,CE,Federal Contract Tower,0,11,1,0,12,0,9,8,0,17,0,20,9,0,29,30,0,30,59
06/03/2022,MWA,IL,AGL,CE,Federal Contract Tower,0,14,3,0,17,0,25,11,0,36,0,39,14,0,53,60,0,60,113
06/04/2022,MWA,IL,AGL,CE,Federal Contract Tower,0,8,3,0,11,0,20,11,0,31,0,28,14,0,42,50,0,50,92
06/05/2022,MWA,IL,AGL,CE,Federal Contract Tower,0,12,0,5,17,0,4,18,0,22,0,16,18,5,39,50,8,58,97
06/06/2022,MWA,IL,AGL,CE,Federal Contract Tower,0,2,0,0,2,0,6,1,0,7,0,8,1,0,9,43,0,43,52
06/07/2022,MWA,IL,AGL,CE,Federal Contract Tower,0,14,2,0,16,0,15,14,0,29,0,29,16,0,45,84,0,84,129
06/08/2022,MWA,IL,AGL,CE,Federal Contract Tower,0,14,1,0,15,0,12,0,0,12,0,26,1,0,27,70,0,70,97
06/09/2022,MWA,IL,AGL,CE,Federal Contract Tower,0,9,2,0,11,0,16,13,0,29,0,25,15,0,40,80,0,80,120
06/10/2022,MWA,IL,AGL,CE,Federal Contract Tower,0,14,3,0,17,0,27,14,0,41,0,41,17,0,58,138,0,138,196
06/11/2022,MWA,IL,AGL,CE,Federal Contract Tower,0,12,5,1,18,0,1,13,0,14,0,13,18,1,32,34,0,34,66
06/12/2022,MWA,IL,AGL,CE,Federal Contract Tower,0,13,0,0,13,0,5,8,0,13,0,18,8,0,26,14,0,14,40
06/13/2022,MWA,IL,AGL,CE,Federal Contract Tower,0,11,1,0,12,0,39,20,0,59,0,50,21,0,71,136,0,136,207
06/14/2022,MWA,IL,AGL,CE,Federal Contract Tower,0,10,5,0,15,0,39,16,0,55,0,49,21,0,70,122,0,122,192
06/15/2022,MWA,IL,AGL,CE,Federal Contract Tower,0,4,0,0,4,0,20,3,0,23,0,24,3,0,27,30,0,30,57
06/16/2022,MWA,IL,AGL,CE,Federal Contract Tower,0,10,0,0,10,0,37,5,0,42,0,47,5,0,52,90,0,90,142
06/17/2022,MWA,IL,AGL,CE,Federal Contract Tower,0,13,6,0,19,0,24,19,4,47,0,37,25,4,66,142,0,142,208
06/18/2022,MWA,IL,AGL,CE,Federal Contract Tower,0,9,4,0,13,0,14,19,2,35,0,23,23,2,48,78,6,84,132
06/19/2022,MWA,IL,AGL,CE,Federal Contract Tower,0,8,3,0,11,0,6,7,0,13,0,14,10,0,24,30,0,30,54
06/20/2022,MWA,IL,AGL,CE,Federal Contract Tower,0,6,2,0,8,0,9,21,0,30,0,15,23,0,38,60,0,60,98
06/21/2022,MWA,IL,AGL,CE,Federal Contract Tower,0,10,1,0,11,0,12,17,0,29,0,22,18,0,40,24,0,24,64
06/22/2022,MWA,IL,AGL,CE,Federal Contract Tower,0,6,1,0,7,0,22,7,0,29,0,28,8,0,36,18,0,18,54
06/23/2022,MWA,IL,AGL,CE,Federal Contract Tower,0,16,1,0,17,0,10,3,0,13,0,26,4,0,30,6,0,6,36
06/24/2022,MWA,IL,AGL,CE,Federal Contract Tower,0,7,1,0,8,0,10,25,0,35,0,17,26,0,43,56,0,56,99
06/25/2022,MWA,IL,AGL,CE,Federal Contract Tower,0,7,0,0,7,0,1,5,0,6,0,8,5,0,13,0,0,0,13
06/26/2022,MWA,IL,AGL,CE,Federal Contract Tower,0,6,2,0,8,0,0,6,0,6,0,6,8,0,14,0,0,0,14
06/27/2022,MWA,IL,AGL,CE,Federal Contract Tower,0,7,0,0,7,0,8,13,0,21,0,15,13,0,28,14,0,14,42
06/28/2022,MWA,IL,AGL,CE,Federal Contract Tower,0,9,0,0,9,0,24,9,0,33,0,33,9,0,42,34,0,34,76
06/29/2022,MWA,IL,AGL,CE,Federal Contract Tower,0,11,1,0,12,0,25,10,0,35,0,36,11,0,47,100,0,100,147
06/30/2022,MWA,IL,AGL,CE,Federal Contract Tower,0,13,2,0,15,0,9,9,0,18,0,22,11,0,33,28,0,28,61
07/01/2022,MWA,IL,AGL,CE,Federal Contract Tower,0,11,2,0,13,0,16,21,0,37,0,27,23,0,50,144,0,144,194
07/02/2022,MWA,IL,AGL,CE,Federal Contract Tower,0,7,0,0,7,0,0,4,0,4,0,7,4,0,11,0,0,0,11
07/03/2022,MWA,IL,AGL,CE,Federal Contract Tower,0,12,1,0,13,0,2,4,0,6,0,14,5,0,19,28,0,28,47
07/04/2022,MWA,IL,AGL,CE,Federal Contract Tower,0,6,0,0,6,0,24,6,0,30,0,30,6,0,36,0,0,0,36
07/05/2022,MWA,IL,AGL,CE,Federal Contract Tower,0,8,0,0,8,0,13,16,0,29,0,21,16,0,37,64,0,64,101
07/06/2022,MWA,IL,AGL,CE,Federal Contract Tower,0,11,2,0,13,0,11,15,0,26,0,22,17,0,39,102,0,102,141
07/07/2022,MWA,IL,AGL,CE,Federal Contract Tower,0,8,0,0,8,0,27,9,0,36,0,35,9,0,44,68,0,68,112
07/08/2022,MWA,IL,AGL,CE,Federal Contract Tower,0,12,0,0,12,0,20,8,0,28,0,32,8,0,40,48,0,48,88
07/09/2022,MWA,IL,AGL,CE,Federal Contract Tower,0,9,0,0,9,0,0,2,0,2,0,9,2,0,11,0,0,0,11
07/10/2022,MWA,IL,AGL,CE,Federal Contract Tower,0,8,0,0,8,0,2,9,0,11,0,10,9,0,19,2,0,2,21
07/11/2022,MWA,IL,AGL,CE,Federal Contract Tower,0,7,2,0,9,0,10,13,0,23,0,17,15,0,32,78,0,78,110
07/12/2022,MWA,IL,AGL,CE,Federal Contract Tower,0,10,2,0,12,0,10,9,0,19,0,20,11,0,31,24,0,24,55
07/13/2022,MWA,IL,AGL,CE,Federal Contract Tower,0,14,0,0,14,0,18,6,0,24,0,32,6,0,38,60,0,60,98
07/14/2022,MWA,IL,AGL,CE,Federal Contract Tower,0,12,0,0,12,0,25,8,0,33,0,37,8,0,45,106,0,106,151
07/15/2022,MWA,IL,AGL,CE,Federal Contract Tower,0,10,2,0,12,0,21,12,0,33,0,31,14,0,45,50,0,50,95
07/16/2022,MWA,IL,AGL,CE,Federal Contract Tower,0,9,2,0,11,0,5,7,0,12,0,14,9,0,23,20,0,20,43
07/17/2022,MWA,IL,AGL,CE,Federal Contract Tower,0,14,0,0,14,0,0,0,0,0,0,14,0,0,14,0,0,0,14
07/18/2022,MWA,IL,AGL,CE,Federal Contract Tower,0,11,2,0,13,0,0,4,0,4,0,11,6,0,17,26,0,26,43
07/19/2022,MWA,IL,AGL,CE,Federal Contract Tower,0,12,1,0,13,0,59,15,2,76,0,71,16,2,89,162,2,164,253
07/20/2022,MWA,IL,AGL,CE,Federal Contract Tower,0,12,0,0,12,0,9,16,0,25,0,21,16,0,37,54,0,54,91
07/21/2022,MWA,IL,AGL,CE,Federal Contract Tower,0,15,0,0,15,0,15,11,0,26,0,30,11,0,41,54,0,54,95
07/22/2022,MWA,IL,AGL,CE,Federal Contract Tower,0,11,0,0,11,0,17,12,0,29,0,28,12,0,40,56,0,56,96
07/23/2022,MWA,IL,AGL,CE,Federal Contract Tower,0,10,1,0,11,0,0,6,0,6,0,10,7,0,17,0,0,0,17
07/24/2022,MWA,IL,AGL,CE,Federal Contract Tower,0,9,4,0,13,0,4,3,0,7,0,13,7,0,20,0,0,0,20
07/25/2022,MWA,IL,AGL,CE,Federal Contract Tower,0,10,0,0,10,0,7,2,0,9,0,17,2,0,19,0,0,0,19
07/26/2022,MWA,IL,AGL,CE,Federal Contract Tower,0,9,0,0,9,0,18,7,0,25,0,27,7,0,34,10,0,10,44
07/27/2022,MWA,IL,AGL,CE,Federal Contract Tower,0,9,2,0,11,0,17,19,0,36,0,26,21,0,47,86,0,86,133
07/28/2022,MWA,IL,AGL,CE,Federal Contract Tower,0,6,4,0,10,0,1,3,0,4,0,7,7,0,14,18,0,18,32
07/29/2022,MWA,IL,AGL,CE,Federal Contract Tower,0,16,2,0,18,0,6,7,0,13,0,22,9,0,31,20,0,20,51
07/30/2022,MWA,IL,AGL,CE,Federal Contract Tower,0,6,1,0,7,0,0,4,0,4,0,6,5,0,11,2,0,2,13
07/31/2022,MWA,IL,AGL,CE,Federal Contract Tower,0,13,2,0,15,0,4,1,2,7,0,17,3,2,22,0,0,0,22
08/01/2022,MWA,IL,AGL,CE,Federal Contract Tower,0,6,1,0,7,0,6,0,0,6,0,12,1,0,13,6,0,6,19
08/02/2022,MWA,IL,AGL,CE,Federal Contract Tower,0,10,1,0,11,0,7,6,0,13,0,17,7,0,24,0,0,0,24
08/03/2022,MWA,IL,AGL,CE,Federal Contract Tower,3,11,2,0,16,0,9,4,0,13,3,20,6,0,29,62,0,62,91
08/04/2022,MWA,IL,AGL,CE,Federal Contract Tower,0,18,3,0,21,0,0,0,0,0,0,18,3,0,21,0,0,0,21
08/05/2022,MWA,IL,AGL,CE,Federal Contract Tower,0,13,2,0,15,0,1,1,0,2,0,14,3,0,17,0,0,0,17
08/06/2022,MWA,IL,AGL,CE,Federal Contract Tower,0,7,3,0,10,0,5,12,0,17,0,12,15,0,27,44,0,44,71
08/07/2022,MWA,IL,AGL,CE,Federal Contract Tower,0,10,0,0,10,0,3,0,0,3,0,13,0,0,13,0,0,0,13
08/08/2022,MWA,IL,AGL,CE,Federal Contract Tower,0,6,3,0,9,0,6,6,0,12,0,12,9,0,21,0,0,0,21
08/09/2022,MWA,IL,AGL,CE,Federal Contract Tower,0,14,0,0,14,0,2,0,0,2,0,16,0,0,16,0,0,0,16
08/10/2022,MWA,IL,AGL,CE,Federal Contract Tower,0,16,1,0,17,0,1,9,0,10,0,17,10,0,27,14,0,14,41
08/11/2022,MWA,IL,AGL,CE,Federal Contract Tower,0,13,4,0,17,0,11,15,2,28,0,24,19,2,45,16,0,16,61
08/12/2022,MWA,IL,AGL,CE,Federal Contract Tower,0,13,0,0,13,0,6,10,0,16,0,19,10,0,29,18,0,18,47
08/13/2022,MWA,IL,AGL,CE,Federal Contract Tower,0,6,1,0,7,0,6,8,0,14,0,12,9,0,21,30,0,30,51
08/14/2022,MWA,IL,AGL,CE,Federal Contract Tower,0,7,2,0,9,0,3,3,12,18,0,10,5,12,27,0,0,0,27
08/15/2022,MWA,IL,AGL,CE,Federal Contract Tower,0,6,3,0,9,0,2,3,0,5,0,8,6,0,14,4,0,4,18
08/16/2022,MWA,IL,AGL,CE,Federal Contract Tower,0,11,0,0,11,0,2,4,0,6,0,13,4,0,17,2,0,2,19
08/17/2022,MWA,IL,AGL,CE,Federal Contract Tower,0,16,1,0,17,0,10,8,0,18,0,26,9,0,35,10,0,10,45
08/18/2022,MWA,IL,AGL,CE,Federal Contract Tower,0,13,2,0,15,0,4,2,0,6,0,17,4,0,21,8,0,8,29
08/19/2022,MWA,IL,AGL,CE,Federal Contract Tower,0,12,1,0,13,0,13,9,0,22,0,25,10,0,35,16,0,16,51
08/20/2022,MWA,IL,AGL,CE,Federal Contract Tower,0,8,0,1,9,0,1,8,0,9,0,9,8,1,18,6,0,6,24
08/21/2022,MWA,IL,AGL,CE,Federal Contract Tower,0,8,3,0,11,0,0,4,0,4,0,8,7,0,15,0,0,0,15
08/22/2022,MWA,IL,AGL,CE,Federal Contract Tower,0,7,0,0,7,0,9,3,0,12,0,16,3,0,19,30,0,30,49
08/23/2022,MWA,IL,AGL,CE,Federal Contract Tower,0,16,3,0,19,0,13,5,0,18,0,29,8,0,37,22,0,22,59
08/24/2022,MWA,IL,AGL,CE,Federal Contract Tower,0,19,0,0,19,0,20,10,0,30,0,39,10,0,49,26,0,26,75
08/25/2022,MWA,IL,AGL,CE,Federal Contract Tower,0,11,2,0,13,0,3,13,0,16,0,14,15,0,29,14,0,14,43
08/26/2022,MWA,IL,AGL,CE,Federal Contract Tower,0,8,3,0,11,0,9,8,0,17,0,17,11,0,28,0,0,0,28
08/27/2022,MWA,IL,AGL,CE,Federal Contract Tower,0,8,3,0,11,0,10,13,0,23,0,18,16,0,34,18,0,18,52
08/28/2022,MWA,IL,AGL,CE,Federal Contract Tower,0,9,1,0,10,0,3,3,0,6,0,12,4,0,16,10,0,10,26
08/29/2022,MWA,IL,AGL,CE,Federal Contract Tower,0,12,1,0,13,0,21,9,0,30,0,33,10,0,43,38,0,38,81
08/30/2022,MWA,IL,AGL,CE,Federal Contract Tower,0,9,2,0,11,0,7,10,6,23,0,16,12,6,34,34,0,34,68
08/31/2022,MWA,IL,AGL,CE,Federal Contract Tower,0,11,3,0,14,0,20,8,0,28,0,31,11,0,42,26,0,26,68
09/01/2022,MWA,IL,AGL,CE,Federal Contract Tower,0,9,2,0,11,0,21,3,0,24,0,30,5,0,35,16,0,16,51
09/02/2022,MWA,IL,AGL,CE,Federal Contract Tower,2,10,2,0,14,0,25,16,0,41,2,35,18,0,55,56,0,56,111
09/03/2022,MWA,IL,AGL,CE,Federal Contract Tower,0,6,0,0,6,0,0,7,0,7,0,6,7,0,13,12,0,12,25
09/04/2022,MWA,IL,AGL,CE,Federal Contract Tower,0,12,2,0,14,0,0,0,0,0,0,12,2,0,14,0,0,0,14
09/05/2022,MWA,IL,AGL,CE,Federal Contract Tower,0,10,0,0,10,0,3,0,0,3,0,13,0,0,13,0,0,0,13
09/06/2022,MWA,IL,AGL,CE,Federal Contract Tower,0,13,0,1,14,0,16,2,0,18,0,29,2,1,32,36,0,36,68
09/07/2022,MWA,IL,AGL,CE,Federal Contract Tower,0,15,1,0,16,0,9,13,5,27,0,24,14,5,43,8,4,12,55
09/08/2022,MWA,IL,AGL,CE,Federal Contract Tower,0,17,0,0,17,0,17,9,0,26,0,34,9,0,43,28,0,28,71
09/09/2022,MWA,IL,AGL,CE,Federal Contract Tower,0,10,4,0,14,0,14,24,8,46,0,24,28,8,60,26,0,26,86
09/10/2022,MWA,IL,AGL,CE,Federal Contract Tower,0,4,3,0,7,0,6,2,0,8,0,10,5,0,15,10,0,10,25
09/11/2022,MWA,IL,AGL,CE,Federal Contract Tower,0,7,3,0,10,0,13,4,0,17,0,20,7,0,27,42,0,42,69
09/12/2022,MWA,IL,AGL,CE,Federal Contract Tower,0,9,0,0,9,0,13,12,0,25,0,22,12,0,34,56,0,56,90
09/13/2022,MWA,IL,AGL,CE,Federal Contract Tower,0,14,0,0,14,0,19,15,0,34,0,33,15,0,48,36,0,36,84
09/14/2022,MWA,IL,AGL,CE,Federal Contract Tower,0,21,2,0,23,0,36,22,0,58,0,57,24,0,81,54,0,54,135
09/15/2022,MWA,IL,AGL,CE,Federal Contract Tower,0,12,2,0,14,0,11,15,0,26,0,23,17,0,40,54,0,54,94
09/16/2022,MWA,IL,AGL,CE,Federal Contract Tower,0,11,1,0,12,0,18,18,0,36,0,29,19,0,48,50,0,50,98
09/17/2022,MWA,IL,AGL,CE,Federal Contract Tower,0,6,0,0,6,0,4,10,0,14,0,10,10,0,20,36,0,36,56
09/18/2022,MWA,IL,AGL,CE,Federal Contract Tower,0,13,0,0,13,0,6,4,0,10,0,19,4,0,23,24,0,24,47
09/19/2022,MWA,IL,AGL,CE,Federal Contract Tower,0,9,1,0,10,0,16,5,0,21,0,25,6,0,31,30,0,30,61
09/20/2022,MWA,IL,AGL,CE,Federal Contract Tower,0,11,0,0,11,0,20,10,0,30,0,31,10,0,41,74,0,74,115
09/21/2022,MWA,IL,AGL,CE,Federal Contract Tower,0,11,1,0,12,0,18,8,0,26,0,29,9,0,38,60,0,60,98
09/22/2022,MWA,IL,AGL,CE,Federal Contract Tower,0,19,4,0,23,0,23,17,0,40,0,42,21,0,63,62,0,62,125
09/23/2022,MWA,IL,AGL,CE,Federal Contract Tower,1,15,2,0,18,0,19,11,0,30,1,34,13,0,48,116,0,116,164
09/24/2022,MWA,IL,AGL,CE,Federal Contract Tower,2,6,3,0,11,0,19,14,0,33,2,25,17,0,44,134,0,134,178
09/25/2022,MWA,IL,AGL,CE,Federal Contract Tower,0,10,2,0,12,0,1,1,0,2,0,11,3,0,14,0,0,0,14
09/26/2022,MWA,IL,AGL,CE,Federal Contract Tower,0,10,0,0,10,0,14,6,0,20,0,24,6,0,30,6,0,6,36
09/27/2022,MWA,IL,AGL,CE,Federal Contract Tower,0,13,0,0,13,0,24,7,0,31,0,37,7,0,44,42,0,42,86
09/28/2022,MWA,IL,AGL,CE,Federal Contract Tower,0,11,4,0,15,0,27,22,0,49,0,38,26,0,64,68,0,68,132
09/29/2022,MWA,IL,AGL,CE,Federal Contract Tower,0,11,7,0,18,0,20,29,0,49,0,31,36,0,67,174,0,174,241
09/30/2022,MWA,IL,AGL,CE,Federal Contract Tower,0,7,2,0,9,0,48,12,0,60,0,55,14,0,69,130,0,130,199
10/01/2022,MWA,IL,AGL,CE,Federal Contract Tower,0,4,1,0,5,0,6,17,0,23,0,10,18,0,28,48,0,48,76
10/02/2022,MWA,IL,AGL,CE,Federal Contract Tower,0,9,1,0,10,0,5,9,0,14,0,14,10,0,24,0,0,0,24
10/03/2022,MWA,IL,AGL,CE,Federal Contract Tower,0,8,3,0,11,0,20,17,0,37,0,28,20,0,48,44,0,44,92
10/04/2022,MWA,IL,AGL,CE,Federal Contract Tower,0,10,1,0,11,0,19,5,0,24,0,29,6,0,35,54,0,54,89
10/05/2022,MWA,IL,AGL,CE,Federal Contract Tower,0,15,1,0,16,0,15,21,0,36,0,30,22,0,52,156,0,156,208
10/06/2022,MWA,IL,AGL,CE,Federal Contract Tower,0,15,5,0,20,0,28,22,0,50,0,43,27,0,70,178,0,178,248
10/07/2022,MWA,IL,AGL,CE,Federal Contract Tower,0,13,1,0,14,0,36,11,0,47,0,49,12,0,61,74,0,74,135
10/08/2022,MWA,IL,AGL,CE,Federal Contract Tower,0,4,3,0,7,0,8,18,0,26,0,12,21,0,33,74,0,74,107
10/09/2022,MWA,IL,AGL,CE,Federal Contract Tower,0,9,0,0,9,0,3,6,0,9,0,12,6,0,18,8,0,8,26
10/10/2022,MWA,IL,AGL,CE,Federal Contract Tower,0,8,2,0,10,0,12,9,0,21,0,20,11,0,31,70,0,70,101
10/11/2022,MWA,IL,AGL,CE,Federal Contract Tower,0,12,3,0,15,0,62,22,0,84,0,74,25,0,99,178,0,178,277
10/12/2022,MWA,IL,AGL,CE,Federal Contract Tower,0,18,2,0,20,0,4,0,0,4,0,22,2,0,24,12,0,12,36
10/13/2022,MWA,IL,AGL,CE,Federal Contract Tower,0,10,3,0,13,0,27,7,0,34,0,37,10,0,47,64,0,64,111
10/14/2022,MWA,IL,AGL,CE,Federal Contract Tower,0,9,2,0,11,0,52,3,0,55,0,61,5,0,66,110,0,110,176
10/15/2022,MWA,IL,AGL,CE,Federal Contract Tower,0,4,0,0,4,0,4,6,0,10,0,8,6,0,14,2,0,2,16
10/16/2022,MWA,IL,AGL,CE,Federal Contract Tower,0,13,0,0,13,0,2,3,0,5,0,15,3,0,18,20,0,20,38
10/17/2022,MWA,IL,AGL,CE,Federal Contract Tower,0,8,2,0,10,0,19,1,1,21,0,27,3,1,31,98,0,98,129
10/18/2022,MWA,IL,AGL,CE,Federal Contract Tower,0,15,0,0,15,0,22,0,0,22,0,37,0,0,37,140,0,140,177
10/19/2022,MWA,IL,AGL,CE,Federal Contract Tower,0,11,0,0,11,0,52,20,4,76,0,63,20,4,87,220,0,220,307
10/20/2022,MWA,IL,AGL,CE,Federal Contract Tower,0,20,0,1,21,0,55,14,5,74,0,75,14,6,95,236,4,240,335
10/21/2022,MWA,IL,AGL,CE,Federal Contract Tower,2,14,5,0,21,0,21,20,0,41,2,35,25,0,62,126,0,126,188
10/22/2022,MWA,IL,AGL,CE,Federal Contract Tower,0,9,3,0,12,0,7,5,0,12,0,16,8,0,24,16,0,16,40
10/23/2022,MWA,IL,AGL,CE,Federal Contract Tower,0,19,2,0,21,0,5,4,0,9,0,24,6,0,30,2,0,2,32
10/24/2022,MWA,IL,AGL,CE,Federal Contract Tower,0,5,5,0,10,0,13,11,0,24,0,18,16,0,34,24,0,24,58
10/25/2022,MWA,IL,AGL,CE,Federal Contract Tower,0,19,1,0,20,0,5,2,0,7,0,24,3,0,27,12,0,12,39
10/26/2022,MWA,IL,AGL,CE,Federal Contract Tower,0,19,1,0,20,0,7,7,0,14,0,26,8,0,34,32,0,32,66
10/27/2022,MWA,IL,AGL,CE,Federal Contract Tower,0,13,4,0,17,0,18,35,0,53,0,31,39,0,70,196,0,196,266
10/28/2022,MWA,IL,AGL,CE,Federal Contract Tower,1,11,1,0,13,0,12,25,0,37,1,23,26,0,50,90,0,90,140
10/29/2022,MWA,IL,AGL,CE,Federal Contract Tower,0,12,0,0,12,0,13,18,0,31,0,25,18,0,43,8,0,8,51
10/30/2022,MWA,IL,AGL,CE,Federal Contract Tower,0,11,3,0,14,0,6,0,0,6,0,17,3,0,20,0,0,0,20
10/31/2022,MWA,IL,AGL,CE,Federal Contract Tower,0,27,0,0,27,0,9,0,0,9,0,36,0,0,36,14,0,14,50
11/01/2022,MWA,IL,AGL,CE,Federal Contract Tower,0,22,2,0,24,0,38,15,0,53,0,60,17,0,77,140,0,140,217
11/02/2022,MWA,IL,AGL,CE,Federal Contract Tower,0,12,0,0,12,0,21,17,0,38,0,33,17,0,50,146,0,146,196
11/03/2022,MWA,IL,AGL,CE,Federal Contract Tower,0,10,1,0,11,0,18,19,4,41,0,28,20,4,52,116,0,116,168
11/04/2022,MWA,IL,AGL,CE,Federal Contract Tower,0,10,0,0,10,0,4,2,0,6,0,14,2,0,16,44,0,44,60
11/05/2022,MWA,IL,AGL,CE,Federal Contract Tower,0,4,2,0,6,0,4,0,0,4,0,8,2,0,10,0,0,0,10
11/06/2022,MWA,IL,AGL,CE,Federal Contract Tower,0,6,1,2,9,0,0,6,0,6,0,6,7,2,15,8,0,8,23
11/07/2022,MWA,IL,AGL,CE,Federal Contract Tower,0,9,1,0,10,0,49,13,0,62,0,58,14,0,72,126,0,126,198
11/08/2022,MWA,IL,AGL,CE,Federal Contract Tower,0,16,1,0,17,0,4,10,0,14,0,20,11,0,31,32,0,32,63
11/09/2022,MWA,IL,AGL,CE,Federal Contract Tower,0,14,0,0,14,0,41,14,0,55,0,55,14,0,69,128,0,128,197
11/10/2022,MWA,IL,AGL,CE,Federal Contract Tower,0,9,2,0,11,0,11,15,0,26,0,20,17,0,37,88,0,88,125
11/11/2022,MWA,IL,AGL,CE,Federal Contract Tower,3,7,2,0,12,0,5,1,0,6,3,12,3,0,18,0,0,0,18
11/12/2022,MWA,IL,AGL,CE,Federal Contract Tower,2,13,0,0,15,0,1,3,0,4,2,14,3,0,19,0,0,0,19
11/13/2022,MWA,IL,AGL,CE,Federal Contract Tower,0,14,6,0,20,0,20,22,0,42,0,34,28,0,62,60,0,60,122
11/14/2022,MWA,IL,AGL,CE,Federal Contract Tower,0,12,0,0,12,0,40,22,0,62,0,52,22,0,74,122,0,122,196
11/15/2022,MWA,IL,AGL,CE,Federal Contract Tower,0,15,0,0,15,0,0,3,0,3,0,15,3,0,18,4,0,4,22
11/16/2022,MWA,IL,AGL,CE,Federal Contract Tower,0,14,3,0,17,0,23,3,0,26,0,37,6,0,43,34,0,34,77
11/17/2022,MWA,IL,AGL,CE,Federal Contract Tower,0,18,1,0,19,0,33,13,2,48,0,51,14,2,67,130,2,132,199
11/18/2022,MWA,IL,AGL,CE,Federal Contract Tower,2,14,4,0,20,0,27,9,0,36,2,41,13,0,56,40,0,40,96
11/19/2022,MWA,IL,AGL,CE,Federal Contract Tower,1,11,0,0,12,0,16,6,1,23,1,27,6,1,35,44,0,44,79
11/20/2022,MWA,IL,AGL,CE,Federal Contract Tower,0,13,3,0,16,0,13,22,0,35,0,26,25,0,51,64,0,64,115
11/21/2022,MWA,IL,AGL,CE,Federal Contract Tower,0,12,0,0,12,0,20,18,0,38,0,32,18,0,50,78,0,78,128
11/22/2022,MWA,IL,AGL,CE,Federal Contract Tower,0,17,2,0,19,0,36,20,0,56,0,53,22,0,75,26,0,26,101
11/23/2022,MWA,IL,AGL,CE,Federal Contract Tower,0,9,1,0,10,0,12,19,0,31,0,21,20,0,41,48,0,48,89
11/24/2022,MWA,IL,AGL,CE,Federal Contract Tower,0,8,0,0,8,0,0,0,0,0,0,8,0,0,8,0,0,0,8
11/25/2022,MWA,IL,AGL,CE,Federal Contract Tower,0,7,2,0,9,0,4,7,0,11,0,11,9,0,20,8,0,8,28
11/26/2022,MWA,IL,AGL,CE,Federal Contract Tower,0,9,5,0,14,0,0,2,0,2,0,9,7,0,16,0,0,0,16
11/27/2022,MWA,IL,AGL,CE,Federal Contract Tower,0,11,3,0,14,0,0,1,0,1,0,11,4,0,15,0,0,0,15
11/28/2022,MWA,IL,AGL,CE,Federal Contract Tower,0,5,4,0,9,0,8,0,0,8,0,13,4,0,17,0,0,0,17
11/29/2022,MWA,IL,AGL,CE,Federal Contract Tower,0,16,4,0,20,0,0,2,0,2,0,16,6,0,22,0,0,0,22
11/30/2022,MWA,IL,AGL,CE,Federal Contract Tower,0,5,0,0,5,0,34,5,0,39,0,39,5,0,44,118,0,118,162
12/01/2022,MWA,IL,AGL,CE,Federal Contract Tower,0,15,1,1,17,0,54,19,0,73,0,69,20,1,90,176,0,176,266
12/02/2022,MWA,IL,AGL,CE,Federal Contract Tower,0,15,2,0,17,0,10,9,0,19,0,25,11,0,36,26,0,26,62
12/03/2022,MWA,IL,AGL,CE,Federal Contract Tower,0,8,0,0,8,0,7,6,0,13,0,15,6,0,21,26,0,26,47
12/04/2022,MWA,IL,AGL,CE,Federal Contract Tower,0,12,0,0,12,0,1,12,0,13,0,13,12,0,25,26,0,26,51
12/05/2022,MWA,IL,AGL,CE,Federal Contract Tower,0,15,0,0,15,0,7,3,0,10,0,22,3,0,25,28,0,28,53
12/06/2022,MWA,IL,AGL,CE,Federal Contract Tower,0,14,1,0,15,0,0,0,0,0,0,14,1,0,15,0,0,0,15
12/07/2022,MWA,IL,AGL,CE,Federal Contract Tower,0,22,3,0,25,0,3,1,0,4,0,25,4,0,29,14,0,14,43
12/08/2022,MWA,IL,AGL,CE,Federal Contract Tower,0,25,4,0,29,0,0,0,0,0,0,25,4,0,29,0,0,0,29
12/09/2022,MWA,IL,AGL,CE,Federal Contract Tower,0,11,2,0,13,0,11,1,0,12,0,22,3,0,25,56,0,56,81
12/10/2022,MWA,IL,AGL,CE,Federal Contract Tower,0,7,0,0,7,0,0,0,0,0,0,7,0,0,7,0,0,0,7
12/11/2022,MWA,IL,AGL,CE,Federal Contract Tower,0,13,0,0,13,0,0,0,0,0,0,13,0,0,13,0,0,0,13
12/12/2022,MWA,IL,AGL,CE,Federal Contract Tower,0,17,1,0,18,0,27,6,0,33,0,44,7,0,51,72,0,72,123
12/13/2022,MWA,IL,AGL,CE,Federal Contract Tower,0,14,2,0,16,0,2,0,0,2,0,16,2,0,18,0,0,0,18
12/14/2022,MWA,IL,AGL,CE,Federal Contract Tower,0,17,0,0,17,0,0,0,0,0,0,17,0,0,17,0,0,0,17
12/15/2022,MWA,IL,AGL,CE,Federal Contract Tower,0,15,2,0,17,0,17,8,0,25,0,32,10,0,42,90,0,90,132
12/16/2022,MWA,IL,AGL,CE,Federal Contract Tower,0,11,0,0,11,0,11,14,0,25,0,22,14,0,36,84,0,84,120
12/17/2022,MWA,IL,AGL,CE,Federal Contract Tower,0,9,1,0,10,0,8,15,0,23,0,17,16,0,33,10,0,10,43
12/18/2022,MWA,IL,AGL,CE,Federal Contract Tower,0,14,0,0,14,0,9,21,0,30,0,23,21,0,44,78,0,78,122
12/19/2022,MWA,IL,AGL,CE,Federal Contract Tower,0,9,2,0,11,0,19,18,0,37,0,28,20,0,48,62,0,62,110
12/20/2022,MWA,IL,AGL,CE,Federal Contract Tower,0,27,3,0,30,0,22,23,0,45,0,49,26,0,75,58,0,58,133
12/21/2022,MWA,IL,AGL,CE,Federal Contract Tower,0,19,0,0,19,0,13,24,0,37,0,32,24,0,56,20,0,20,76
12/22/2022,MWA,IL,AGL,CE,Federal Contract Tower,0,3,0,0,3,0,0,0,0,0,0,3,0,0,3,0,0,0,3
12/23/2022,MWA,IL,AGL,CE,Federal Contract Tower,0,8,1,0,9,0,1,0,0,1,0,9,1,0,10,0,0,0,10
12/24/2022,MWA,IL,AGL,CE,Federal Contract Tower,0,5,0,0,5,0,5,3,0,8,0,10,3,0,13,0,0,0,13
12/25/2022,MWA,IL,AGL,CE,Federal Contract Tower,0,9,0,0,9,0,5,8,0,13,0,14,8,0,22,2,0,2,24
12/26/2022,MWA,IL,AGL,CE,Federal Contract Tower,0,9,0,0,9,0,3,0,0,3,0,12,0,0,12,0,0,0,12
12/27/2022,MWA,IL,AGL,CE,Federal Contract Tower,0,13,0,0,13,0,5,3,0,8,0,18,3,0,21,0,0,0,21
12/28/2022,MWA,IL,AGL,CE,Federal Contract Tower,0,7,1,0,8,0,14,5,0,19,0,21,6,0,27,18,0,18,45
12/29/2022,MWA,IL,AGL,CE,Federal Contract Tower,0,11,3,0,14,0,0,0,0,0,0,11,3,0,14,0,0,0,14
12/30/2022,MWA,IL,AGL,CE,Federal Contract Tower,0,11,0,0,11,0,0,0,0,0,0,11,0,0,11,0,0,0,11
12/31/2022,MWA,IL,AGL,CE,Federal Contract Tower,0,7,3,0,10,0,0,0,0,0,0,7,3,0,10,0,0,0,10
01/01/2023,MWA,IL,AGL,CE,Federal Contract Tower,0,5,0,0,5,0,0,0,0,0,0,5,0,0,5,0,0,0,5
01/02/2023,MWA,IL,AGL,CE,Federal Contract Tower,0,3,0,0,3,0,0,0,0,0,0,3,0,0,3,0,0,0,3
01/03/2023,MWA,IL,AGL,CE,Federal Contract Tower,0,9,0,0,9,0,0,0,0,0,0,9,0,0,9,0,0,0,9
01/04/2023,MWA,IL,AGL,CE,Federal Contract Tower,0,10,1,0,11,0,4,11,4,19,0,14,12,4,30,24,0,24,54
01/05/2023,MWA,IL,AGL,CE,Federal Contract Tower,0,10,2,2,14,0,16,25,0,41,0,26,27,2,55,70,6,76,131
01/06/2023,MWA,IL,AGL,CE,Federal Contract Tower,2,14,2,0,18,0,4,18,0,22,2,18,20,0,40,30,0,30,70
01/07/2023,MWA,IL,AGL,CE,Federal Contract Tower,2,13,2,0,17,0,4,7,4,15,2,17,9,4,32,20,0,20,52
01/08/2023,MWA,IL,AGL,CE,Federal Contract Tower,0,12,0,0,12,0,0,1,0,1,0,12,1,0,13,0,0,0,13
01/09/2023,MWA,IL,AGL,CE,Federal Contract Tower,0,11,4,0,15,0,14,26,0,40,0,25,30,0,55,30,0,30,85
01/10/2023,MWA,IL,AGL,CE,Federal Contract Tower,0,12,1,0,13,0,9,12,0,21,0,21,13,0,34,46,0,46,80
01/11/2023,MWA,IL,AGL,CE,Federal Contract Tower,0,16,2,0,18,0,13,21,0,34,0,29,23,0,52,82,0,82,134
01/12/2023,MWA,IL,AGL,CE,Federal Contract Tower,2,11,2,0,15,0,0,0,0,0,2,11,2,0,15,0,0,0,15
01/13/2023,MWA,IL,AGL,CE,Federal Contract Tower,0,12,1,0,13,0,0,0,0,0,0,12,1,0,13,0,0,0,13
01/14/2023,MWA,IL,AGL,CE,Federal Contract Tower,0,8,2,0,10,0,0,1,0,1,0,8,3,0,11,0,0,0,11
01/15/2023,MWA,IL,AGL,CE,Federal Contract Tower,0,7,1,0,8,0,7,7,0,14,0,14,8,0,22,12,0,12,34
01/16/2023,MWA,IL,AGL,CE,Federal Contract Tower,0,17,0,0,17,0,0,0,0,0,0,17,0,0,17,0,0,0,17
01/17/2023,MWA,IL,AGL,CE,Federal Contract Tower,2,8,7,0,17,0,35,31,0,66,2,43,38,0,83,104,0,104,187
01/18/2023,MWA,IL,AGL,CE,Federal Contract Tower,0,14,4,0,18,0,0,0,0,0,0,14,4,0,18,0,0,0,18
01/19/2023,MWA,IL,AGL,CE,Federal Contract Tower,0,13,2,1,16,0,27,3,0,30,0,40,5,1,46,42,0,42,88
01/20/2023,MWA,IL,AGL,CE,Federal Contract Tower,0,11,3,0,14,0,23,13,2,38,0,34,16,2,52,94,0,94,146
01/21/2023,MWA,IL,AGL,CE,Federal Contract Tower,0,4,1,0,5,0,16,14,0,30,0,20,15,0,35,6,0,6,41
01/22/2023,MWA,IL,AGL,CE,Federal Contract Tower,0,7,0,0,7,0,1,0,0,1,0,8,0,0,8,0,0,0,8
01/23/2023,MWA,IL,AGL,CE,Federal Contract Tower,0,17,2,0,19,0,33,16,0,49,0,50,18,0,68,120,0,120,188
01/24/2023,MWA,IL,AGL,CE,Federal Contract Tower,0,17,1,0,18,0,56,22,0,78,0,73,23,0,96,188,0,188,284
01/25/2023,MWA,IL,AGL,CE,Federal Contract Tower,2,5,0,0,7,0,0,0,0,0,2,5,0,0,7,0,0,0,7
01/26/2023,MWA,IL,AGL,CE,Federal Contract Tower,0,12,0,0,12,0,14,10,0,24,0,26,10,0,36,96,0,96,132
01/27/2023,MWA,IL,AGL,CE,Federal Contract Tower,0,7,1,0,8,0,11,3,0,14,0,18,4,0,22,18,0,18,40
01/28/2023,MWA,IL,AGL,CE,Federal Contract Tower,0,10,0,0,10,0,11,10,0,21,0,21,10,0,31,8,0,8,39
01/29/2023,MWA,IL,AGL,CE,Federal Contract Tower,0,8,0,0,8,0,0,0,0,0,0,8,0,0,8,0,0,0,8
01/30/2023,MWA,IL,AGL,CE,Federal Contract Tower,0,7,0,0,7,0,0,0,0,0,0,7,0,0,7,0,0,0,7
01/31/2023,MWA,IL,AGL,CE,Federal Contract Tower,0,24,0,0,24,0,1,2,0,3,0,25,2,0,27,0,0,0,27
02/01/2023,MWA,IL,AGL,CE,Federal Contract Tower,0,16,0,0,16,0,2,11,1,14,0,18,11,1,30,2,0,2,32
02/02/2023,MWA,IL,AGL,CE,Federal Contract Tower,0,7,0,0,7,0,20,15,1,36,0,27,15,1,43,80,0,80,123
02/03/2023,MWA,IL,AGL,CE,Federal Contract Tower,0,18,0,0,18,0,23,10,0,33,0,41,10,0,51,98,0,98,149
02/04/2023,MWA,IL,AGL,CE,Federal Contract Tower,0,9,3,0,12,16,10,0,0,26,16,19,3,0,38,30,0,30,68
02/05/2023,MWA,IL,AGL,CE,Federal Contract Tower,0,10,2,0,12,0,15,19,0,34,0,25,21,0,46,24,0,24,70
02/06/2023,MWA,IL,AGL,CE,Federal Contract Tower,0,10,1,0,11,0,21,13,0,34,0,31,14,0,45,70,0,70,115
02/07/2023,MWA,IL,AGL,CE,Federal Contract Tower,0,18,1,0,19,0,18,10,0,28,0,36,11,0,47,66,0,66,113
02/08/2023,MWA,IL,AGL,CE,Federal Contract Tower,0,10,0,0,10,0,0,0,0,0,0,10,0,0,10,4,0,4,14
02/09/2023,MWA,IL,AGL,CE,Federal Contract Tower,0,8,2,0,10,0,8,0,0,8,0,16,2,0,18,8,0,8,26
02/10/2023,MWA,IL,AGL,CE,Federal Contract Tower,2,14,0,0,16,0,6,8,0,14,2,20,8,0,30,10,0,10,40
02/11/2023,MWA,IL,AGL,CE,Federal Contract Tower,2,9,3,0,14,0,25,8,0,33,2,34,11,0,47,67,0,67,114
02/12/2023,MWA,IL,AGL,CE,Federal Contract Tower,0,7,3,0,10,0,6,21,0,27,0,13,24,0,37,34,0,34,71
02/13/2023,MWA,IL,AGL,CE,Federal Contract Tower,0,12,0,0,12,0,25,34,0,59,0,37,34,0,71,170,0,170,241
02/14/2023,MWA,IL,AGL,CE,Federal Contract Tower,0,10,0,0,10,0,10,0,0,10,0,20,0,0,20,14,0,14,34
02/15/2023,MWA,IL,AGL,CE,Federal Contract Tower,1,18,0,0,19,0,24,15,0,39,1,42,15,0,58,100,0,100,158
02/16/2023,MWA,IL,AGL,CE,Federal Contract Tower,0,17,0,0,17,0,0,0,0,0,0,17,0,0,17,0,0,0,17
02/17/2023,MWA,IL,AGL,CE,Federal Contract Tower,0,14,3,0,17,0,30,10,0,40,0,44,13,0,57,62,0,62,119
02/18/2023,MWA,IL,AGL,CE,Federal Contract Tower,0,11,1,0,12,0,19,6,0,25,0,30,7,0,37,84,0,84,121
02/19/2023,MWA,IL,AGL,CE,Federal Contract Tower,0,13,0,0,13,0,9,8,0,17,0,22,8,0,30,12,0,12,42
02/20/2023,MWA,IL,AGL,CE,Federal Contract Tower,0,10,1,0,11,0,43,16,0,59,0,53,17,0,70,168,0,168,238
02/21/2023,MWA,IL,AGL,CE,Federal Contract Tower,0,11,0,0,11,0,36,4,0,40,0,47,4,0,51,126,0,126,177
02/22/2023,MWA,IL,AGL,CE,Federal Contract Tower,0,11,0,0,11,0,0,0,0,0,0,11,0,0,11,0,0,0,11
02/23/2023,MWA,IL,AGL,CE,Federal Contract Tower,0,22,4,0,26,0,44,14,0,58,0,66,18,0,84,156,0,156,240
02/24/2023,MWA,IL,AGL,CE,Federal Contract Tower,0,10,1,0,11,0,14,8,0,22,0,24,9,0,33,98,0,98,131
02/25/2023,MWA,IL,AGL,CE,Federal Contract Tower,0,6,1,0,7,0,9,13,0,22,0,15,14,0,29,32,0,32,61
02/26/2023,MWA,IL,AGL,CE,Federal Contract Tower,0,10,3,0,13,0,3,0,0,3,0,13,3,0,16,8,0,8,24
02/27/2023,MWA,IL,AGL,CE,Federal Contract Tower,0,11,0,0,11,0,0,0,0,0,0,11,0,0,11,0,0,0,11
02/28/2023,MWA,IL,AGL,CE,Federal Contract Tower,0,10,2,0,12,0,39,18,0,57,0,49,20,0,69,104,0,104,173
03/01/2023,MWA,IL,AGL,CE,Federal Contract Tower,2,15,1,0,18,0,59,19,0,78,2,74,20,0,96,168,0,168,264
03/02/2023,MWA,IL,AGL,CE,Federal Contract Tower,0,11,3,0,14,0,19,13,0,32,0,30,16,0,46,112,0,112,158
03/03/2023,MWA,IL,AGL,CE,Federal Contract Tower,0,6,0,0,6,0,0,0,0,0,0,6,0,0,6,0,0,0,6
03/04/2023,MWA,IL,AGL,CE,Federal Contract Tower,0,9,1,0,10,0,5,10,0,15,0,14,11,0,25,8,0,8,33
03/05/2023,MWA,IL,AGL,CE,Federal Contract Tower,0,5,5,0,10,0,13,5,0,18,0,18,10,0,28,48,0,48,76
03/06/2023,MWA,IL,AGL,CE,Federal Contract Tower,0,3,0,0,3,0,54,8,1,63,0,57,8,1,66,48,0,48,114
03/07/2023,MWA,IL,AGL,CE,Federal Contract Tower,0,20,1,0,21,0,23,3,0,26,0,43,4,0,47,32,0,32,79
03/08/2023,MWA,IL,AGL,CE,Federal Contract Tower,0,11,1,0,12,0,6,0,0,6,0,17,1,0,18,30,0,30,48
03/09/2023,MWA,IL,AGL,CE,Federal Contract Tower,0,24,1,0,25,0,22,2,0,24,0,46,3,0,49,52,0,52,101
03/10/2023,MWA,IL,AGL,CE,Federal Contract Tower,0,13,0,0,13,0,21,12,0,33,0,34,12,0,46,22,0,22,68
03/11/2023,MWA,IL,AGL,CE,Federal Contract Tower,1,7,0,0,8,0,3,4,0,7,1,10,4,0,15,8,0,8,23
03/12/2023,MWA,IL,AGL,CE,Federal Contract Tower,0,10,1,0,11,0,8,6,0,14,0,18,7,0,25,12,0,12,37
03/13/2023,MWA,IL,AGL,CE,Federal Contract Tower,0,6,0,0,6,0,8,3,0,11,0,14,3,0,17,16,0,16,33
03/14/2023,MWA,IL,AGL,CE,Federal Contract Tower,0,14,1,2,17,0,17,5,0,22,0,31,6,2,39,50,2,52,91
03/15/2023,MWA,IL,AGL,CE,Federal Contract Tower,0,20,1,0,21,0,9,9,0,18,0,29,10,0,39,8,0,8,47
03/16/2023,MWA,IL,AGL,CE,Federal Contract Tower,0,7,2,0,9,0,2,0,0,2,0,9,2,0,11,4,0,4,15
03/17/2023,MWA,IL,AGL,CE,Federal Contract Tower,0,19,0,0,19,0,2,6,0,8,0,21,6,0,27,0,0,0,27
03/18/2023,MWA,IL,AGL,CE,Federal Contract Tower,0,7,0,0,7,0,8,4,0,12,0,15,4,0,19,0,0,0,19
03/19/2023,MWA,IL,AGL,CE,Federal Contract Tower,0,17,0,0,17,0,9,12,0,21,0,26,12,0,38,22,0,22,60
03/20/2023,MWA,IL,AGL,CE,Federal Contract Tower,0,8,0,0,8,0,13,3,4,20,0,21,3,4,28,22,0,22,50
03/21/2023,MWA,IL,AGL,CE,Federal Contract Tower,0,10,1,0,11,0,4,3,0,7,0,14,4,0,18,8,0,8,26
03/22/2023,MWA,IL,AGL,CE,Federal Contract Tower,0,17,1,0,18,0,0,0,0,0,0,17,1,0,18,0,0,0,18
03/23/2023,MWA,IL,AGL,CE,Federal Contract Tower,0,19,2,0,21,0,0,2,2,4,0,19,4,2,25,6,0,6,31
03/24/2023,MWA,IL,AGL,CE,Federal Contract Tower,0,9,0,0,9,0,0,0,0,0,0,9,0,0,9,0,0,0,9
03/25/2023,MWA,IL,AGL,CE,Federal Contract Tower,0,11,1,0,12,0,7,5,0,12,0,18,6,0,24,0,0,0,24
03/26/2023,MWA,IL,AGL,CE,Federal Contract Tower,0,12,2,0,14,0,4,3,0,7,0,16,5,0,21,20,0,20,41
03/27/2023,MWA,IL,AGL,CE,Federal Contract Tower,0,6,0,0,6,0,1,17,0,18,0,7,17,0,24,86,0,86,110
03/28/2023,MWA,IL,AGL,CE,Federal Contract Tower,0,12,2,0,14,0,34,26,0,60,0,46,28,0,74,88,0,88,162
03/29/2023,MWA,IL,AGL,CE,Federal Contract Tower,0,18,0,0,18,0,44,16,0,60,0,62,16,0,78,128,0,128,206
03/30/2023,MWA,IL,AGL,CE,Federal Contract Tower,0,15,0,0,15,0,37,19,0,56,0,52,19,0,71,134,0,134,205
03/31/2023,MWA,IL,AGL,CE,Federal Contract Tower,0,9,2,0,11,0,2,0,0,2,0,11,2,0,13,0,0,0,13
04/01/2023,MWA,IL,AGL,CE,Federal Contract Tower,0,0,1,0,1,0,0,2,0,2,0,0,3,0,3,0,0,0,3
04/02/2023,MWA,IL,AGL,CE,Federal Contract Tower,0,15,2,0,17,0,0,15,0,15,0,15,17,0,32,16,0,16,48
04/03/2023,MWA,IL,AGL,CE,Federal Contract Tower,0,9,0,0,9,0,44,12,5,61,0,53,12,5,70,92,0,92,162
04/04/2023,MWA,IL,AGL,CE,Federal Contract Tower,0,10,1,0,11,0,13,0,0,13,0,23,1,0,24,26,0,26,50
04/05/2023,MWA,IL,AGL,CE,Federal Contract Tower,0,4,1,0,5,0,3,1,0,4,0,7,2,0,9,0,0,0,9
04/06/2023,MWA,IL,AGL,CE,Federal Contract Tower,0,10,0,0,10,0,74,12,0,86,0,84,12,0,96,154,0,154,250
04/07/2023,MWA,IL,AGL,CE,Federal Contract Tower,0,16,0,0,16,0,25,9,0,34,0,41,9,0,50,110,0,110,160
04/08/2023,MWA,IL,AGL,CE,Federal Contract Tower,0,9,0,0,9,0,6,5,0,11,0,15,5,0,20,4,0,4,24
04/09/2023,MWA,IL,AGL,CE,Federal Contract Tower,0,8,0,0,8,0,8,7,0,15,0,16,7,0,23,0,0,0,23
04/10/2023,MWA,IL,AGL,CE,Federal Contract Tower,0,10,3,0,13,0,25,20,0,45,0,35,23,0,58,158,0,158,216
04/11/2023,MWA,IL,AGL,CE,Federal Contract Tower,0,8,1,0,9,0,61,27,0,88,0,69,28,0,97,158,0,158,255
04/12/2023,MWA,IL,AGL,CE,Federal Contract Tower,0,13,2,0,15,0,53,14,0,67,0,66,16,0,82,122,0,122,204
04/13/2023,MWA,IL,AGL,CE,Federal Contract Tower,0,11,1,0,12,0,51,17,0,68,0,62,18,0,80,120,0,120,200
04/14/2023,MWA,IL,AGL,CE,Federal Contract Tower,0,12,1,0,13,0,0,21,0,21,0,12,22,0,34,32,0,32,66
04/16/2023,MWA,IL,AGL,CE,Federal Contract Tower,0,9,0,0,9,0,1,0,0,1,0,10,0,0,10,0,0,0,10
04/17/2023,MWA,IL,AGL,CE,Federal Contract Tower,0,7,0,0,7,0,11,14,0,25,0,18,14,0,32,22,0,22,54
04/18/2023,MWA,IL,AGL,CE,Federal Contract Tower,0,10,0,0,10,0,43,21,0,64,0,53,21,0,74,134,0,134,208
04/19/2023,MWA,IL,AGL,CE,Federal Contract Tower,0,16,0,0,16,0,25,13,0,38,0,41,13,0,54,58,0,58,112
04/20/2023,MWA,IL,AGL,CE,Federal Contract Tower,0,11,3,0,14,0,3,4,0,7,0,14,7,0,21,6,0,6,27
04/21/2023,MWA,IL,AGL,CE,Federal Contract Tower,0,18,0,0,18,0,19,10,0,29,0,37,10,0,47,114,0,114,161
04/22/2023,MWA,IL,AGL,CE,Federal Contract Tower,0,7,1,0,8,0,8,2,0,10,0,15,3,0,18,0,0,0,18
04/23/2023,MWA,IL,AGL,CE,Federal Contract Tower,0,12,2,0,14,0,0,6,0,6,0,12,8,0,20,0,0,0,20
04/24/2023,MWA,IL,AGL,CE,Federal Contract Tower,0,13,2,0,15,0,30,18,0,48,0,43,20,0,63,122,0,122,185
04/25/2023,MWA,IL,AGL,CE,Federal Contract Tower,0,12,2,0,14,0,36,20,0,56,0,48,22,0,70,128,0,128,198
04/26/2023,MWA,IL,AGL,CE,Federal Contract Tower,0,10,0,0,10,0,21,9,0,30,0,31,9,0,40,90,0,90,130
04/27/2023,MWA,IL,AGL,CE,Federal Contract Tower,0,11,0,0,11,0,1,2,0,3,0,12,2,0,14,24,0,24,38
04/28/2023,MWA,IL,AGL,CE,Federal Contract Tower,0,12,1,0,13,0,10,7,0,17,0,22,8,0,30,6,0,6,36
04/29/2023,MWA,IL,AGL,CE,Federal Contract Tower,0,11,4,0,15,0,12,4,0,16,0,23,8,0,31,4,0,4,35
04/30/2023,MWA,IL,AGL,CE,Federal Contract Tower,0,9,2,0,11,0,10,4,0,14,0,19,6,0,25,10,0,10,35
05/01/2023,MWA,IL,AGL,CE,Federal Contract Tower,0,5,0,0,5,0,16,0,0,16,0,21,0,0,21,38,0,38,59
05/02/2023,MWA,IL,AGL,CE,Federal Contract Tower,0,13,0,0,13,0,7,2,0,9,0,20,2,0,22,20,0,20,42
05/03/2023,MWA,IL,AGL,CE,Federal Contract Tower,0,11,1,0,12,0,4,22,0,26,0,15,23,0,38,88,0,88,126
05/04/2023,MWA,IL,AGL,CE,Federal Contract Tower,0,15,4,0,19,0,26,22,0,48,0,41,26,0,67,174,0,174,241
05/05/2023,MWA,IL,AGL,CE,Federal Contract Tower,0,8,2,0,10,0,43,7,0,50,0,51,9,0,60,136,0,136,196
05/06/2023,MWA,IL,AGL,CE,Federal Contract Tower,0,7,1,0,8,0,1,8,0,9,0,8,9,0,17,4,0,4,21
05/07/2023,MWA,IL,AGL,CE,Federal Contract Tower,0,7,1,0,8,0,0,0,0,0,0,7,1,0,8,0,0,0,8
05/08/2023,MWA,IL,AGL,CE,Federal Contract Tower,0,7,0,0,7,0,8,3,0,11,0,15,3,0,18,10,0,10,28
05/09/2023,MWA,IL,AGL,CE,Federal Contract Tower,0,16,3,0,19,0,9,4,0,13,0,25,7,0,32,46,0,46,78
05/10/2023,MWA,IL,AGL,CE,Federal Contract Tower,0,4,1,0,5,0,13,3,0,16,0,17,4,0,21,50,0,50,71
05/11/2023,MWA,IL,AGL,CE,Federal Contract Tower,0,11,0,0,11,0,11,18,0,29,0,22,18,0,40,116,0,116,156
05/12/2023,MWA,IL,AGL,CE,Federal Contract Tower,0,12,12,0,24,0,0,3,0,3,0,12,15,0,27,0,0,0,27
05/13/2023,MWA,IL,AGL,CE,Federal Contract Tower,0,12,1,0,13,0,4,0,0,4,0,16,1,0,17,16,0,16,33
05/14/2023,MWA,IL,AGL,CE,Federal Contract Tower,0,5,2,0,7,0,0,5,0,5,0,5,7,0,12,8,0,8,20
05/15/2023,MWA,IL,AGL,CE,Federal Contract Tower,0,15,2,0,17,0,2,7,0,9,0,17,9,0,26,16,0,16,42
05/16/2023,MWA,IL,AGL,CE,Federal Contract Tower,0,16,6,0,22,0,0,0,0,0,0,16,6,0,22,0,0,0,22
05/17/2023,MWA,IL,AGL,CE,Federal Contract Tower,0,13,2,2,17,0,34,17,0,51,0,47,19,2,68,96,0,96,164
05/18/2023,MWA,IL,AGL,CE,Federal Contract Tower,0,11,2,0,13,0,22,26,0,48,0,33,28,0,61,38,0,38,99
05/19/2023,MWA,IL,AGL,CE,Federal Contract Tower,0,8,0,0,8,0,19,16,0,35,0,27,16,0,43,34,0,34,77
05/20/2023,MWA,IL,AGL,CE,Federal Contract Tower,0,9,1,0,10,0,2,13,0,15,0,11,14,0,25,2,0,2,27
05/21/2023,MWA,IL,AGL,CE,Federal Contract Tower,0,6,0,0,6,0,11,12,0,23,0,17,12,0,29,2,0,2,31
05/22/2023,MWA,IL,AGL,CE,Federal Contract Tower,0,6,3,0,9,0,17,9,0,26,0,23,12,0,35,106,0,106,141
05/23/2023,MWA,IL,AGL,CE,Federal Contract Tower,0,11,1,0,12,0,48,10,0,58,0,59,11,0,70,110,0,110,180
05/24/2023,MWA,IL,AGL,CE,Federal Contract Tower,0,17,0,0,17,0,21,20,3,44,0,38,20,3,61,78,0,78,139
05/25/2023,MWA,IL,AGL,CE,Federal Contract Tower,0,13,1,0,14,0,16,22,0,38,0,29,23,0,52,44,0,44,96
05/26/2023,MWA,IL,AGL,CE,Federal Contract Tower,0,7,1,0,8,0,9,17,0,26,0,16,18,0,34,66,0,66,100
05/27/2023,MWA,IL,AGL,CE,Federal Contract Tower,0,5,2,0,7,0,10,7,0,17,0,15,9,0,24,0,0,0,24
05/29/2023,MWA,IL,AGL,CE,Federal Contract Tower,0,5,0,0,5,0,5,30,0,35,0,10,30,0,40,54,0,54,94
05/30/2023,MWA,IL,AGL,CE,Federal Contract Tower,0,20,0,0,20,0,21,24,0,45,0,41,24,0,65,50,0,50,115
05/31/2023,MWA,IL,AGL,CE,Federal Contract Tower,0,11,4,0,15,0,17,6,0,23,0,28,10,0,38,38,0,38,76
06/01/2023,MWA,IL,AGL,CE,Federal Contract Tower,0,15,0,0,15,0,7,7,0,14,0,22,7,0,29,56,0,56,85
06/02/2023,MWA,IL,AGL,CE,Federal Contract Tower,0,14,1,0,15,0,19,15,0,34,0,33,16,0,49,40,0,40,89
06/03/2023,MWA,IL,AGL,CE,Federal Contract Tower,0,10,2,0,12,0,19,14,0,33,0,29,16,0,45,84,0,84,129
06/04/2023,MWA,IL,AGL,CE,Federal Contract Tower,0,8,0,0,8,0,3,7,0,10,0,11,7,0,18,30,0,30,48
06/05/2023,MWA,IL,AGL,CE,Federal Contract Tower,0,7,0,0,7,0,14,8,2,24,0,21,8,2,31,10,0,10,41
06/06/2023,MWA,IL,AGL,CE,Federal Contract Tower,0,14,1,0,15,0,14,10,3,27,0,28,11,3,42,74,0,74,116
06/07/2023,MWA,IL,AGL,CE,Federal Contract Tower,0,14,5,0,19,0,6,13,0,19,0,20,18,0,38,28,0,28,66
06/08/2023,MWA,IL,AGL,CE,Federal Contract Tower,0,8,1,0,9,0,13,22,0,35,0,21,23,0,44,58,0,58,102
06/09/2023,MWA,IL,AGL,CE,Federal Contract Tower,0,10,1,0,11,0,13,15,3,31,0,23,16,3,42,50,0,50,92
06/10/2023,MWA,IL,AGL,CE,Federal Contract Tower,0,7,1,0,8,0,17,20,2,39,0,24,21,2,47,70,0,70,117
06/11/2023,MWA,IL,AGL,CE,Federal Contract Tower,0,8,1,0,9,0,0,1,0,1,0,8,2,0,10,0,0,0,10
06/12/2023,MWA,IL,AGL,CE,Federal Contract Tower,0,7,11,0,18,0,4,10,0,14,0,11,21,0,32,38,0,38,70
06/13/2023,MWA,IL,AGL,CE,Federal Contract Tower,0,13,4,0,17,0,5,6,0,11,0,18,10,0,28,98,0,98,126
06/14/2023,MWA,IL,AGL,CE,Federal Contract Tower,0,13,2,0,15,0,14,7,0,21,0,27,9,0,36,38,0,38,74
06/15/2023,MWA,IL,AGL,CE,Federal Contract Tower,0,11,0,0,11,0,12,16,0,28,0,23,16,0,39,106,0,106,145
06/16/2023,MWA,IL,AGL,CE,Federal Contract Tower,0,11,0,0,11,0,21,23,0,44,0,32,23,0,55,86,0,86,141
06/17/2023,MWA,IL,AGL,CE,Federal Contract Tower,0,6,0,0,6,0,3,12,0,15,0,9,12,0,21,4,0,4,25
06/18/2023,MWA,IL,AGL,CE,Federal Contract Tower,0,8,2,0,10,0,4,2,0,6,0,12,4,0,16,0,0,0,16
06/19/2023,MWA,IL,AGL,CE,Federal Contract Tower,0,11,0,0,11,0,0,6,0,6,0,11,6,0,17,0,0,0,17
06/20/2023,MWA,IL,AGL,CE,Federal Contract Tower,0,13,0,0,13,0,24,6,0,30,0,37,6,0,43,82,0,82,125
06/21/2023,MWA,IL,AGL,CE,Federal Contract Tower,0,33,1,0,34,0,39,12,0,51,0,72,13,0,85,136,0,136,221
06/22/2023,MWA,IL,AGL,CE,Federal Contract Tower,0,12,0,0,12,0,38,30,0,68,0,50,30,0,80,78,0,78,158
06/23/2023,MWA,IL,AGL,CE,Federal Contract Tower,0,13,3,0,16,0,40,23,4,67,0,53,26,4,83,114,10,124,207
06/24/2023,MWA,IL,AGL,CE,Federal Contract Tower,0,8,0,0,8,0,39,11,8,58,0,47,11,8,66,84,2,86,152
06/25/2023,MWA,IL,AGL,CE,Federal Contract Tower,0,12,2,0,14,0,9,1,0,10,0,21,3,0,24,8,0,8,32
06/26/2023,MWA,IL,AGL,CE,Federal Contract Tower,0,13,0,0,13,0,19,17,0,36,0,32,17,0,49,82,0,82,131
06/27/2023,MWA,IL,AGL,CE,Federal Contract Tower,0,9,0,0,9,0,20,9,0,29,0,29,9,0,38,60,0,60,98
06/28/2023,MWA,IL,AGL,CE,Federal Contract Tower,0,5,0,0,5,0,4,18,0,22,0,9,18,0,27,26,0,26,53
06/29/2023,MWA,IL,AGL,CE,Federal Contract Tower,0,10,0,0,10,0,58,20,1,79,0,68,20,1,89,156,0,156,245
06/30/2023,MWA,IL,AGL,CE,Federal Contract Tower,0,11,0,0,11,0,22,14,0,36,0,33,14,0,47,58,0,58,105
07/01/2023,MWA,IL,AGL,CE,Federal Contract Tower,0,13,0,0,13,0,7,9,0,16,0,20,9,0,29,0,0,0,29
07/02/2023,MWA,IL,AGL,CE,Federal Contract Tower,0,12,0,0,12,0,2,14,0,16,0,14,14,0,28,16,0,16,44
07/03/2023,MWA,IL,AGL,CE,Federal Contract Tower,0,9,7,0,16,0,22,25,0,47,0,31,32,0,63,74,0,74,137
07/04/2023,MWA,IL,AGL,CE,Federal Contract Tower,0,11,2,0,13,0,1,8,0,9,0,12,10,0,22,0,0,0,22
07/05/2023,MWA,IL,AGL,CE,Federal Contract Tower,0,11,2,0,13,0,11,14,0,25,0,22,16,0,38,20,0,20,58
07/06/2023,MWA,IL,AGL,CE,Federal Contract Tower,0,16,5,0,21,0,17,15,0,32,0,33,20,0,53,84,0,84,137
07/07/2023,MWA,IL,AGL,CE,Federal Contract Tower,0,17,7,0,24,0,48,21,0,69,0,65,28,0,93,198,0,198,291
07/08/2023,MWA,IL,AGL,CE,Federal Contract Tower,0,7,0,0,7,0,21,2,0,23,0,28,2,0,30,24,0,24,54
07/09/2023,MWA,IL,AGL,CE,Federal Contract Tower,0,10,0,0,10,0,7,12,0,19,0,17,12,0,29,6,0,6,35
07/10/2023,MWA,IL,AGL,CE,Federal Contract Tower,0,12,1,0,13,0,27,11,0,38,0,39,12,0,51,48,0,48,99
07/11/2023,MWA,IL,AGL,CE,Federal Contract Tower,0,10,2,0,12,0,49,25,0,74,0,59,27,0,86,152,0,152,238
07/12/2023,MWA,IL,AGL,CE,Federal Contract Tower,0,20,3,0,23,0,58,18,0,76,0,78,21,0,99,142,0,142,241
07/13/2023,MWA,IL,AGL,CE,Federal Contract Tower,0,16,1,0,17,0,33,24,0,57,0,49,25,0,74,146,0,146,220
07/14/2023,MWA,IL,AGL,CE,Federal Contract Tower,0,15,3,0,18,0,45,25,0,70,0,60,28,0,88,160,0,160,248
07/15/2023,MWA,IL,AGL,CE,Federal Contract Tower,0,10,0,0,10,0,13,7,0,20,0,23,7,0,30,0,0,0,30
07/16/2023,MWA,IL,AGL,CE,Federal Contract Tower,0,11,4,0,15,0,4,4,0,8,0,15,8,0,23,0,0,0,23
07/17/2023,MWA,IL,AGL,CE,Federal Contract Tower,0,10,1,0,11,0,12,6,0,18,0,22,7,0,29,8,0,8,37
07/18/2023,MWA,IL,AGL,CE,Federal Contract Tower,0,10,0,0,10,0,26,4,0,30,0,36,4,0,40,42,0,42,82
07/19/2023,MWA,IL,AGL,CE,Federal Contract Tower,0,11,1,0,12,0,0,3,6,9,0,11,4,6,21,0,0,0,21
07/20/2023,MWA,IL,AGL,CE,Federal Contract Tower,10,0,2,0,12,0,22,7,2,31,10,22,9,2,43,36,0,36,79
07/21/2023,MWA,IL,AGL,CE,Federal Contract Tower,0,7,0,0,7,0,22,17,0,39,0,29,17,0,46,102,0,102,148
07/22/2023,MWA,IL,AGL,CE,Federal Contract Tower,0,10,4,0,14,0,12,8,0,20,0,22,12,0,34,12,0,12,46
07/23/2023,MWA,IL,AGL,CE,Federal Contract Tower,0,13,4,0,17,0,15,25,0,40,0,28,29,0,57,68,0,68,125
07/24/2023,MWA,IL,AGL,CE,Federal Contract Tower,0,5,1,0,6,0,6,10,0,16,0,11,11,0,22,52,0,52,74
07/25/2023,MWA,IL,AGL,CE,Federal Contract Tower,0,9,1,0,10,0,25,15,0,40,0,34,16,0,50,64,0,64,114
07/26/2023,MWA,IL,AGL,CE,Federal Contract Tower,0,8,2,0,10,0,5,0,0,5,0,13,2,0,15,6,0,6,21
07/27/2023,MWA,IL,AGL,CE,Federal Contract Tower,0,10,0,0,10,0,17,12,0,29,0,27,12,0,39,68,0,68,107
07/28/2023,MWA,IL,AGL,CE,Federal Contract Tower,0,7,2,0,9,0,34,12,0,46,0,41,14,0,55,56,0,56,111
07/29/2023,MWA,IL,AGL,CE,Federal Contract Tower,0,12,3,0,15,0,0,1,0,1,0,12,4,0,16,0,0,0,16
07/30/2023,MWA,IL,AGL,CE,Federal Contract Tower,0,6,2,2,10,0,0,8,1,9,0,6,10,3,19,0,0,0,19
07/31/2023,MWA,IL,AGL,CE,Federal Contract Tower,0,9,1,0,10,0,26,13,0,39,0,35,14,0,49,100,0,100,149
08/01/2023,MWA,IL,AGL,CE,Federal Contract Tower,3,4,0,0,7,16,2,4,0,22,19,6,4,0,29,28,0,28,57
08/02/2023,MWA,IL,AGL,CE,Federal Contract Tower,2,12,1,0,15,0,14,2,0,16,2,26,3,0,31,14,0,14,45
08/03/2023,MWA,IL,AGL,CE,Federal Contract Tower,2,5,0,0,7,0,0,0,0,0,2,5,0,0,7,0,0,0,7
08/04/2023,MWA,IL,AGL,CE,Federal Contract Tower,4,10,0,0,14,0,2,1,0,3,4,12,1,0,17,0,0,0,17
08/05/2023,MWA,IL,AGL,CE,Federal Contract Tower,0,1,1,0,2,0,0,1,0,1,0,1,2,0,3,0,0,0,3
08/06/2023,MWA,IL,AGL,CE,Federal Contract Tower,0,6,3,0,9,0,2,10,0,12,0,8,13,0,21,20,0,20,41
08/07/2023,MWA,IL,AGL,CE,Federal Contract Tower,3,4,0,0,7,0,16,4,0,20,3,20,4,0,27,46,0,46,73
08/09/2023,MWA,IL,AGL,CE,Federal Contract Tower,0,4,0,0,4,0,4,2,0,6,0,8,2,0,10,6,0,6,16
08/10/2023,MWA,IL,AGL,CE,Federal Contract Tower,5,10,0,0,15,0,11,12,0,23,5,21,12,0,38,62,0,62,100
08/11/2023,MWA,IL,AGL,CE,Federal Contract Tower,4,5,0,0,9,0,3,17,0,20,4,8,17,0,29,44,0,44,73
08/12/2023,MWA,IL,AGL,CE,Federal Contract Tower,1,1,0,0,2,0,0,2,0,2,1,1,2,0,4,2,0,2,6
08/14/2023,MWA,IL,AGL,CE,Federal Contract Tower,3,4,1,0,8,0,4,2,0,6,3,8,3,0,14,0,0,0,14
08/15/2023,MWA,IL,AGL,CE,Federal Contract Tower,4,0,2,0,6,0,6,2,0,8,4,6,4,0,14,2,0,2,16
08/16/2023,MWA,IL,AGL,CE,Federal Contract Tower,4,4,0,0,8,0,13,27,0,40,4,17,27,0,48,76,0,76,124
08/17/2023,MWA,IL,AGL,CE,Federal Contract Tower,3,2,4,0,9,0,19,24,0,43,3,21,28,0,52,82,0,82,134
08/18/2023,MWA,IL,AGL,CE,Federal Contract Tower,4,6,1,0,11,0,13,16,4,33,4,19,17,4,44,46,6,52,96
08/19/2023,MWA,IL,AGL,CE,Federal Contract Tower,1,1,4,0,6,0,16,12,0,28,1,17,16,0,34,54,0,54,88
08/20/2023,MWA,IL,AGL,CE,Federal Contract Tower,1,3,0,0,4,0,8,11,0,19,1,11,11,0,23,0,0,0,23
08/21/2023,MWA,IL,AGL,CE,Federal Contract Tower,3,0,6,0,9,0,16,4,0,20,3,16,10,0,29,6,0,6,35
08/22/2023,MWA,IL,AGL,CE,Federal Contract Tower,4,0,5,0,9,0,21,11,0,32,4,21,16,0,41,50,0,50,91
08/23/2023,MWA,IL,AGL,CE,Federal Contract Tower,4,9,1,0,14,0,27,18,0,45,4,36,19,0,59,86,0,86,145
08/24/2023,MWA,IL,AGL,CE,Federal Contract Tower,4,6,5,0,15,0,32,16,0,48,4,38,21,0,63,116,0,116,179
08/25/2023,MWA,IL,AGL,CE,Federal Contract Tower,3,6,3,0,12,0,18,17,0,35,3,24,20,0,47,90,0,90,137
08/26/2023,MWA,IL,AGL,CE,Federal Contract Tower,1,1,1,0,3,0,6,8,0,14,1,7,9,0,17,0,0,0,17
08/27/2023,MWA,IL,AGL,CE,Federal Contract Tower,2,8,0,0,10,0,0,3,0,3,2,8,3,0,13,0,0,0,13
08/28/2023,MWA,IL,AGL,CE,Federal Contract Tower,3,2,1,0,6,0,32,23,0,55,3,34,24,0,61,134,0,134,195
08/29/2023,MWA,IL,AGL,CE,Federal Contract Tower,3,0,1,0,4,0,15,10,0,25,3,15,11,0,29,52,0,52,81
08/30/2023,MWA,IL,AGL,CE,Federal Contract Tower,4,4,1,0,9,0,25,17,0,42,4,29,18,0,51,44,0,44,95
08/31/2023,MWA,IL,AGL,CE,Federal Contract Tower,4,6,1,2,13,0,23,30,0,53,4,29,31,2,66,132,0,132,198
