01/01/2020,MWH,WA,ANM,WE,Combined TRACON& Tower with Radar,0,0,1,0,1,0,0,18,0,18,0,0,19,0,19,15,0,15,34
01/02/2020,MWH,WA,ANM,WE,Combined TRACON& Tower with Radar,0,1,1,0,2,0,3,10,0,13,0,4,11,0,15,4,0,4,19
01/03/2020,MWH,WA,ANM,WE,Combined TRACON& Tower with Radar,10,3,7,13,33,0,5,15,9,29,10,8,22,22,62,10,72,82,144
01/04/2020,MWH,WA,ANM,WE,Combined TRACON& Tower with Radar,0,0,2,0,2,0,0,10,1,11,0,0,12,1,13,8,0,8,21
01/05/2020,MWH,WA,ANM,WE,Combined TRACON& Tower with Radar,0,0,8,0,8,0,0,12,0,12,0,0,20,0,20,20,0,20,40
01/06/2020,MWH,WA,ANM,WE,Combined TRACON& Tower with Radar,4,9,8,8,29,0,46,14,16,76,4,55,22,24,105,124,44,168,273
01/07/2020,MWH,WA,ANM,WE,Combined TRACON& Tower with Radar,6,23,3,18,50,0,55,8,11,74,6,78,11,29,124,232,10,242,366
01/08/2020,MWH,WA,ANM,WE,Combined TRACON& Tower with Radar,0,8,4,8,20,0,8,7,10,25,0,16,11,18,45,8,37,45,90
01/09/2020,MWH,WA,ANM,WE,Combined TRACON& Tower with Radar,3,19,5,9,36,0,64,40,19,123,3,83,45,28,159,426,13,439,598
01/10/2020,MWH,WA,ANM,WE,Combined TRACON& Tower with Radar,4,2,5,0,11,0,0,0,0,0,4,2,5,0,11,0,0,0,11
01/11/2020,MWH,WA,ANM,WE,Combined TRACON& Tower with Radar,2,3,5,0,10,0,0,10,0,10,2,3,15,0,20,0,0,0,20
01/12/2020,MWH,WA,ANM,WE,Combined TRACON& Tower with Radar,0,0,2,0,2,0,0,1,0,1,0,0,3,0,3,0,0,0,3
01/13/2020,MWH,WA,ANM,WE,Combined TRACON& Tower with Radar,15,14,12,9,50,0,92,28,11,131,15,106,40,20,181,318,28,346,527
01/14/2020,MWH,WA,ANM,WE,Combined TRACON& Tower with Radar,3,9,2,8,22,2,36,2,0,40,5,45,4,8,62,0,0,0,62
01/15/2020,MWH,WA,ANM,WE,Combined TRACON& Tower with Radar,2,6,4,0,12,0,29,8,2,39,2,35,12,2,51,186,4,190,241
01/16/2020,MWH,WA,ANM,WE,Combined TRACON& Tower with Radar,0,3,5,6,14,0,31,11,0,42,0,34,16,6,56,173,0,173,229
01/17/2020,MWH,WA,ANM,WE,Combined TRACON& Tower with Radar,0,4,6,1,11,0,0,2,0,2,0,4,8,1,13,0,0,0,13
01/18/2020,MWH,WA,ANM,WE,Combined TRACON& Tower with Radar,0,0,2,0,2,0,0,1,0,1,0,0,3,0,3,0,0,0,3
01/19/2020,MWH,WA,ANM,WE,Combined TRACON& Tower with Radar,5,0,9,0,14,9,0,8,0,17,14,0,17,0,31,0,0,0,31
01/20/2020,MWH,WA,ANM,WE,Combined TRACON& Tower with Radar,4,2,14,0,20,4,7,20,0,31,8,9,34,0,51,36,0,36,87
01/21/2020,MWH,WA,ANM,WE,Combined TRACON& Tower with Radar,3,4,18,1,26,7,15,8,0,30,10,19,26,1,56,0,0,0,56
01/22/2020,MWH,WA,ANM,WE,Combined TRACON& Tower with Radar,0,13,12,9,34,0,69,14,2,85,0,82,26,11,119,316,6,322,441
01/23/2020,MWH,WA,ANM,WE,Combined TRACON& Tower with Radar,0,4,0,0,4,0,0,0,0,0,0,4,0,0,4,0,0,0,4
01/24/2020,MWH,WA,ANM,WE,Combined TRACON& Tower with Radar,12,2,3,1,18,0,1,4,0,5,12,3,7,1,23,0,0,0,23
01/25/2020,MWH,WA,ANM,WE,Combined TRACON& Tower with Radar,1,0,3,2,6,0,0,13,0,13,1,0,16,2,19,25,0,25,44
01/26/2020,MWH,WA,ANM,WE,Combined TRACON& Tower with Radar,0,1,7,0,8,0,0,9,0,9,0,1,16,0,17,0,0,0,17
01/27/2020,MWH,WA,ANM,WE,Combined TRACON& Tower with Radar,12,14,4,1,31,0,44,42,2,88,12,58,46,3,119,177,2,179,298
01/28/2020,MWH,WA,ANM,WE,Combined TRACON& Tower with Radar,2,6,10,1,19,0,0,4,7,11,2,6,14,8,30,0,2,2,32
01/29/2020,MWH,WA,ANM,WE,Combined TRACON& Tower with Radar,2,6,8,1,17,0,0,3,0,3,2,6,11,1,20,0,0,0,20
01/30/2020,MWH,WA,ANM,WE,Combined TRACON& Tower with Radar,2,2,10,0,14,0,0,0,0,0,2,2,10,0,14,0,0,0,14
01/31/2020,MWH,WA,ANM,WE,Combined TRACON& Tower with Radar,0,1,5,2,8,0,1,13,0,14,0,2,18,2,22,0,0,0,22
02/01/2020,MWH,WA,ANM,WE,Combined TRACON& Tower with Radar,2,0,5,0,7,1,0,12,0,13,3,0,17,0,20,0,0,0,20
02/02/2020,MWH,WA,ANM,WE,Combined TRACON& Tower with Radar,4,0,10,0,14,0,0,33,0,33,4,0,43,0,47,42,0,42,89
02/03/2020,MWH,WA,ANM,WE,Combined TRACON& Tower with Radar,0,7,18,11,36,6,63,54,16,139,6,70,72,27,175,249,19,268,443
02/04/2020,MWH,WA,ANM,WE,Combined TRACON& Tower with Radar,1,6,7,2,16,0,68,3,1,72,1,74,10,3,88,210,2,212,300
02/05/2020,MWH,WA,ANM,WE,Combined TRACON& Tower with Radar,3,2,10,4,19,2,26,4,2,34,5,28,14,6,53,154,4,158,211
02/06/2020,MWH,WA,ANM,WE,Combined TRACON& Tower with Radar,7,22,7,2,38,0,75,1,5,81,7,97,8,7,119,230,0,230,349
02/07/2020,MWH,WA,ANM,WE,Combined TRACON& Tower with Radar,8,10,7,3,28,0,0,0,0,0,8,10,7,3,28,0,0,0,28
02/08/2020,MWH,WA,ANM,WE,Combined TRACON& Tower with Radar,1,1,4,3,9,0,14,16,0,30,1,15,20,3,39,34,0,34,73
02/09/2020,MWH,WA,ANM,WE,Combined TRACON& Tower with Radar,0,0,9,26,35,0,0,33,2,35,0,0,42,28,70,8,0,8,78
02/10/2020,MWH,WA,ANM,WE,Combined TRACON& Tower with Radar,5,20,5,16,46,19,125,32,12,188,24,145,37,28,234,298,8,306,540
02/11/2020,MWH,WA,ANM,WE,Combined TRACON& Tower with Radar,4,13,4,14,35,5,102,11,34,152,9,115,15,48,187,156,58,214,401
02/12/2020,MWH,WA,ANM,WE,Combined TRACON& Tower with Radar,7,29,6,17,59,0,97,21,9,127,7,126,27,26,186,300,26,326,512
02/13/2020,MWH,WA,ANM,WE,Combined TRACON& Tower with Radar,4,16,4,6,30,0,85,20,0,105,4,101,24,6,135,287,10,297,432
02/14/2020,MWH,WA,ANM,WE,Combined TRACON& Tower with Radar,8,2,7,0,17,0,0,21,0,21,8,2,28,0,38,10,2,12,50
02/15/2020,MWH,WA,ANM,WE,Combined TRACON& Tower with Radar,0,1,11,0,12,0,7,22,0,29,0,8,33,0,41,36,0,36,77
02/16/2020,MWH,WA,ANM,WE,Combined TRACON& Tower with Radar,0,0,2,0,2,0,0,17,0,17,0,0,19,0,19,30,0,30,49
02/17/2020,MWH,WA,ANM,WE,Combined TRACON& Tower with Radar,1,2,7,0,10,0,0,29,0,29,1,2,36,0,39,15,0,15,54
02/18/2020,MWH,WA,ANM,WE,Combined TRACON& Tower with Radar,3,19,5,4,31,0,121,27,17,165,3,140,32,21,196,277,14,291,487
02/19/2020,MWH,WA,ANM,WE,Combined TRACON& Tower with Radar,2,10,6,5,23,0,88,28,37,153,2,98,34,42,176,293,20,313,489
02/20/2020,MWH,WA,ANM,WE,Combined TRACON& Tower with Radar,1,12,5,6,24,0,114,29,12,155,1,126,34,18,179,353,36,389,568
02/21/2020,MWH,WA,ANM,WE,Combined TRACON& Tower with Radar,12,3,2,1,18,5,0,41,4,50,17,3,43,5,68,32,6,38,106
02/22/2020,MWH,WA,ANM,WE,Combined TRACON& Tower with Radar,6,0,2,0,8,0,0,25,0,25,6,0,27,0,33,44,0,44,77
02/23/2020,MWH,WA,ANM,WE,Combined TRACON& Tower with Radar,0,0,1,2,3,0,0,4,0,4,0,0,5,2,7,0,0,0,7
02/24/2020,MWH,WA,ANM,WE,Combined TRACON& Tower with Radar,6,4,10,5,25,3,84,16,2,105,9,88,26,7,130,154,2,156,286
02/25/2020,MWH,WA,ANM,WE,Combined TRACON& Tower with Radar,9,17,2,6,34,0,130,33,27,190,9,147,35,33,224,289,26,315,539
02/26/2020,MWH,WA,ANM,WE,Combined TRACON& Tower with Radar,0,10,5,10,25,0,115,13,13,141,0,125,18,23,166,352,48,400,566
02/27/2020,MWH,WA,ANM,WE,Combined TRACON& Tower with Radar,1,9,4,5,19,9,91,35,3,138,10,100,39,8,157,383,20,403,560
02/28/2020,MWH,WA,ANM,WE,Combined TRACON& Tower with Radar,1,3,6,4,14,0,1,32,9,42,1,4,38,13,56,24,11,35,91
02/29/2020,MWH,WA,ANM,WE,Combined TRACON& Tower with Radar,1,0,10,0,11,0,0,10,0,10,1,0,20,0,21,20,0,20,41
03/01/2020,MWH,WA,ANM,WE,Combined TRACON& Tower with Radar,0,0,0,0,0,0,0,15,0,15,0,0,15,0,15,8,0,8,23
03/02/2020,MWH,WA,ANM,WE,Combined TRACON& Tower with Radar,0,19,8,15,42,3,66,19,11,99,3,85,27,26,141,99,36,135,276
03/03/2020,MWH,WA,ANM,WE,Combined TRACON& Tower with Radar,3,5,9,12,29,0,94,13,29,136,3,99,22,41,165,319,34,353,518
03/04/2020,MWH,WA,ANM,WE,Combined TRACON& Tower with Radar,0,8,6,18,32,3,46,25,23,97,3,54,31,41,129,53,29,82,211
03/05/2020,MWH,WA,ANM,WE,Combined TRACON& Tower with Radar,0,24,2,3,29,0,89,31,7,127,0,113,33,10,156,410,18,428,584
03/06/2020,MWH,WA,ANM,WE,Combined TRACON& Tower with Radar,0,1,9,4,14,2,2,36,11,51,2,3,45,15,65,27,22,49,114
03/07/2020,MWH,WA,ANM,WE,Combined TRACON& Tower with Radar,2,0,8,0,10,0,0,17,0,17,2,0,25,0,27,6,0,6,33
03/08/2020,MWH,WA,ANM,WE,Combined TRACON& Tower with Radar,4,1,5,0,10,0,2,22,6,30,4,3,27,6,40,14,0,14,54
03/09/2020,MWH,WA,ANM,WE,Combined TRACON& Tower with Radar,0,21,8,4,33,0,125,28,2,155,0,146,36,6,188,307,0,307,495
03/10/2020,MWH,WA,ANM,WE,Combined TRACON& Tower with Radar,0,8,10,8,26,0,116,24,13,153,0,124,34,21,179,282,14,296,475
03/11/2020,MWH,WA,ANM,WE,Combined TRACON& Tower with Radar,4,12,3,2,21,2,73,8,12,95,6,85,11,14,116,4,8,12,128
03/12/2020,MWH,WA,ANM,WE,Combined TRACON& Tower with Radar,12,20,4,5,41,0,114,23,16,153,12,134,27,21,194,247,26,273,467
03/13/2020,MWH,WA,ANM,WE,Combined TRACON& Tower with Radar,2,3,16,3,24,0,0,0,0,0,2,3,16,3,24,0,8,8,32
03/14/2020,MWH,WA,ANM,WE,Combined TRACON& Tower with Radar,0,0,5,0,5,0,0,3,0,3,0,0,8,0,8,0,0,0,8
03/15/2020,MWH,WA,ANM,WE,Combined TRACON& Tower with Radar,0,0,5,0,5,1,0,7,0,8,1,0,12,0,13,2,0,2,15
03/16/2020,MWH,WA,ANM,WE,Combined TRACON& Tower with Radar,0,15,12,8,35,4,50,26,14,94,4,65,38,22,129,166,46,212,341
03/17/2020,MWH,WA,ANM,WE,Combined TRACON& Tower with Radar,1,15,1,0,17,5,44,20,0,69,6,59,21,0,86,94,0,94,180
03/18/2020,MWH,WA,ANM,WE,Combined TRACON& Tower with Radar,2,15,0,0,17,0,10,8,0,18,2,25,8,0,35,0,0,0,35
03/19/2020,MWH,WA,ANM,WE,Combined TRACON& Tower with Radar,1,3,1,0,5,3,1,14,0,18,4,4,15,0,23,18,0,18,41
03/20/2020,MWH,WA,ANM,WE,Combined TRACON& Tower with Radar,4,1,6,0,11,8,1,19,0,28,12,2,25,0,39,30,0,30,69
03/21/2020,MWH,WA,ANM,WE,Combined TRACON& Tower with Radar,8,0,2,0,10,31,0,19,0,50,39,0,21,0,60,4,0,4,64
03/22/2020,MWH,WA,ANM,WE,Combined TRACON& Tower with Radar,10,0,2,0,12,0,0,4,0,4,10,0,6,0,16,0,0,0,16
03/23/2020,MWH,WA,ANM,WE,Combined TRACON& Tower with Radar,12,2,7,11,32,0,0,7,9,16,12,2,14,20,48,0,0,0,48
03/24/2020,MWH,WA,ANM,WE,Combined TRACON& Tower with Radar,32,2,3,14,51,0,0,1,2,3,32,2,4,16,54,0,0,0,54
03/25/2020,MWH,WA,ANM,WE,Combined TRACON& Tower with Radar,31,3,6,4,44,0,2,1,0,3,31,5,7,4,47,0,0,0,47
03/26/2020,MWH,WA,ANM,WE,Combined TRACON& Tower with Radar,0,2,6,2,10,0,1,1,0,2,0,3,7,2,12,0,0,0,12
03/27/2020,MWH,WA,ANM,WE,Combined TRACON& Tower with Radar,0,2,4,2,8,0,0,3,11,14,0,2,7,13,22,8,10,18,40
03/28/2020,MWH,WA,ANM,WE,Combined TRACON& Tower with Radar,0,0,1,0,1,0,0,3,0,3,0,0,4,0,4,0,0,0,4
03/29/2020,MWH,WA,ANM,WE,Combined TRACON& Tower with Radar,0,0,4,0,4,0,0,1,0,1,0,0,5,0,5,0,0,0,5
03/30/2020,MWH,WA,ANM,WE,Combined TRACON& Tower with Radar,0,1,2,2,5,0,1,1,0,2,0,2,3,2,7,0,0,0,7
03/31/2020,MWH,WA,ANM,WE,Combined TRACON& Tower with Radar,0,3,3,2,8,0,0,2,0,2,0,3,5,2,10,0,0,0,10
04/01/2020,MWH,WA,ANM,WE,Combined TRACON& Tower with Radar,0,2,7,8,17,0,1,0,10,11,0,3,7,18,28,0,0,0,28
04/02/2020,MWH,WA,ANM,WE,Combined TRACON& Tower with Radar,0,2,2,3,7,14,0,5,4,23,14,2,7,7,30,4,2,6,36
04/03/2020,MWH,WA,ANM,WE,Combined TRACON& Tower with Radar,0,2,3,5,10,0,1,7,8,16,0,3,10,13,26,16,48,64,90
04/04/2020,MWH,WA,ANM,WE,Combined TRACON& Tower with Radar,0,0,2,0,2,0,0,6,0,6,0,0,8,0,8,0,0,0,8
04/05/2020,MWH,WA,ANM,WE,Combined TRACON& Tower with Radar,0,0,12,0,12,0,0,9,0,9,0,0,21,0,21,0,0,0,21
04/06/2020,MWH,WA,ANM,WE,Combined TRACON& Tower with Radar,0,2,0,10,12,0,1,7,4,12,0,3,7,14,24,0,0,0,24
04/07/2020,MWH,WA,ANM,WE,Combined TRACON& Tower with Radar,0,1,4,3,8,0,1,9,15,25,0,2,13,18,33,14,32,46,79
04/08/2020,MWH,WA,ANM,WE,Combined TRACON& Tower with Radar,0,2,7,5,14,0,0,5,0,5,0,2,12,5,19,3,0,3,22
04/09/2020,MWH,WA,ANM,WE,Combined TRACON& Tower with Radar,0,1,2,0,3,0,1,3,0,4,0,2,5,0,7,10,0,10,17
04/10/2020,MWH,WA,ANM,WE,Combined TRACON& Tower with Radar,0,1,3,0,4,0,1,5,0,6,0,2,8,0,10,0,0,0,10
04/11/2020,MWH,WA,ANM,WE,Combined TRACON& Tower with Radar,0,0,2,0,2,0,0,4,0,4,0,0,6,0,6,0,0,0,6
04/12/2020,MWH,WA,ANM,WE,Combined TRACON& Tower with Radar,0,0,2,0,2,0,0,7,0,7,0,0,9,0,9,8,0,8,17
04/13/2020,MWH,WA,ANM,WE,Combined TRACON& Tower with Radar,6,2,3,2,13,0,0,5,0,5,6,2,8,2,18,0,0,0,18
04/14/2020,MWH,WA,ANM,WE,Combined TRACON& Tower with Radar,6,2,0,12,20,0,1,12,0,13,6,3,12,12,33,0,0,0,33
04/15/2020,MWH,WA,ANM,WE,Combined TRACON& Tower with Radar,0,2,0,5,7,0,0,4,0,4,0,2,4,5,11,1,0,1,12
04/16/2020,MWH,WA,ANM,WE,Combined TRACON& Tower with Radar,1,3,3,11,18,17,0,25,2,44,18,3,28,13,62,16,0,16,78
04/17/2020,MWH,WA,ANM,WE,Combined TRACON& Tower with Radar,0,1,6,0,7,0,1,0,0,1,0,2,6,0,8,0,0,0,8
04/18/2020,MWH,WA,ANM,WE,Combined TRACON& Tower with Radar,0,0,0,0,0,0,0,2,0,2,0,0,2,0,2,0,0,0,2
04/19/2020,MWH,WA,ANM,WE,Combined TRACON& Tower with Radar,0,0,0,0,0,0,0,7,0,7,0,0,7,0,7,0,0,0,7
04/20/2020,MWH,WA,ANM,WE,Combined TRACON& Tower with Radar,0,1,3,5,9,0,1,7,3,11,0,2,10,8,20,0,4,4,24
04/21/2020,MWH,WA,ANM,WE,Combined TRACON& Tower with Radar,0,1,5,1,7,0,1,10,8,19,0,2,15,9,26,10,22,32,58
04/22/2020,MWH,WA,ANM,WE,Combined TRACON& Tower with Radar,1,2,10,7,20,0,0,0,1,1,1,2,10,8,21,6,4,10,31
04/23/2020,MWH,WA,ANM,WE,Combined TRACON& Tower with Radar,3,3,2,8,16,1,1,10,6,18,4,4,12,14,34,9,12,21,55
04/24/2020,MWH,WA,ANM,WE,Combined TRACON& Tower with Radar,1,3,5,3,12,0,0,7,8,15,1,3,12,11,27,2,20,22,49
04/25/2020,MWH,WA,ANM,WE,Combined TRACON& Tower with Radar,0,0,1,0,1,0,0,2,0,2,0,0,3,0,3,14,0,14,17
04/26/2020,MWH,WA,ANM,WE,Combined TRACON& Tower with Radar,0,0,2,0,2,0,0,20,0,20,0,0,22,0,22,6,0,6,28
04/27/2020,MWH,WA,ANM,WE,Combined TRACON& Tower with Radar,1,2,4,9,16,0,1,5,19,25,1,3,9,28,41,13,48,61,102
04/28/2020,MWH,WA,ANM,WE,Combined TRACON& Tower with Radar,0,1,0,8,9,0,1,12,4,17,0,2,12,12,26,2,9,11,37
04/29/2020,MWH,WA,ANM,WE,Combined TRACON& Tower with Radar,0,2,1,4,7,0,0,25,3,28,0,2,26,7,35,24,0,24,59
04/30/2020,MWH,WA,ANM,WE,Combined TRACON& Tower with Radar,1,4,2,12,19,5,0,8,10,23,6,4,10,22,42,22,16,38,80
05/01/2020,MWH,WA,ANM,WE,Combined TRACON& Tower with Radar,2,2,3,0,7,4,0,2,0,6,6,2,5,0,13,0,0,0,13
05/02/2020,MWH,WA,ANM,WE,Combined TRACON& Tower with Radar,0,0,0,0,0,0,0,3,0,3,0,0,3,0,3,0,0,0,3
05/03/2020,MWH,WA,ANM,WE,Combined TRACON& Tower with Radar,0,0,1,0,1,0,0,3,0,3,0,0,4,0,4,0,0,0,4
05/04/2020,MWH,WA,ANM,WE,Combined TRACON& Tower with Radar,11,1,5,5,22,0,5,10,9,24,11,6,15,14,46,0,14,14,60
05/05/2020,MWH,WA,ANM,WE,Combined TRACON& Tower with Radar,1,1,4,8,14,20,4,21,4,49,21,5,25,12,63,0,6,6,69
05/06/2020,MWH,WA,ANM,WE,Combined TRACON& Tower with Radar,0,2,1,0,3,0,0,4,0,4,0,2,5,0,7,0,0,0,7
05/07/2020,MWH,WA,ANM,WE,Combined TRACON& Tower with Radar,0,1,3,5,9,0,6,22,11,39,0,7,25,16,48,12,10,22,70
05/08/2020,MWH,WA,ANM,WE,Combined TRACON& Tower with Radar,1,1,5,1,8,0,1,13,2,16,1,2,18,3,24,0,0,0,24
05/09/2020,MWH,WA,ANM,WE,Combined TRACON& Tower with Radar,0,0,4,0,4,0,0,10,0,10,0,0,14,0,14,0,0,0,14
05/10/2020,MWH,WA,ANM,WE,Combined TRACON& Tower with Radar,0,0,0,0,0,0,0,4,0,4,0,0,4,0,4,0,0,0,4
05/11/2020,MWH,WA,ANM,WE,Combined TRACON& Tower with Radar,0,3,4,4,11,0,1,10,0,11,0,4,14,4,22,6,2,8,30
05/12/2020,MWH,WA,ANM,WE,Combined TRACON& Tower with Radar,0,3,6,10,19,0,1,2,3,6,0,4,8,13,25,0,0,0,25
05/13/2020,MWH,WA,ANM,WE,Combined TRACON& Tower with Radar,0,2,6,3,11,0,1,18,6,25,0,3,24,9,36,0,16,16,52
05/14/2020,MWH,WA,ANM,WE,Combined TRACON& Tower with Radar,3,2,2,4,11,0,2,11,14,27,3,4,13,18,38,18,46,64,102
05/15/2020,MWH,WA,ANM,WE,Combined TRACON& Tower with Radar,0,2,9,5,16,0,1,17,6,24,0,3,26,11,40,8,2,10,50
05/16/2020,MWH,WA,ANM,WE,Combined TRACON& Tower with Radar,0,0,0,0,0,0,2,11,0,13,0,2,11,0,13,24,0,24,37
05/17/2020,MWH,WA,ANM,WE,Combined TRACON& Tower with Radar,0,0,0,0,0,0,0,1,0,1,0,0,1,0,1,0,0,0,1
05/18/2020,MWH,WA,ANM,WE,Combined TRACON& Tower with Radar,0,2,1,0,3,0,0,4,0,4,0,2,5,0,7,3,4,7,14
05/19/2020,MWH,WA,ANM,WE,Combined TRACON& Tower with Radar,0,2,11,23,36,0,0,12,2,14,0,2,23,25,50,14,18,32,82
05/20/2020,MWH,WA,ANM,WE,Combined TRACON& Tower with Radar,5,3,4,14,26,0,17,3,7,27,5,20,7,21,53,18,30,48,101
05/21/2020,MWH,WA,ANM,WE,Combined TRACON& Tower with Radar,0,2,6,1,9,0,25,17,1,43,0,27,23,2,52,54,0,54,106
05/22/2020,MWH,WA,ANM,WE,Combined TRACON& Tower with Radar,0,2,8,0,10,0,0,17,0,17,0,2,25,0,27,14,0,14,41
05/23/2020,MWH,WA,ANM,WE,Combined TRACON& Tower with Radar,0,0,2,0,2,0,0,22,0,22,0,0,24,0,24,8,0,8,32
05/24/2020,MWH,WA,ANM,WE,Combined TRACON& Tower with Radar,0,0,0,0,0,0,0,13,0,13,0,0,13,0,13,10,0,10,23
05/25/2020,MWH,WA,ANM,WE,Combined TRACON& Tower with Radar,0,0,2,0,2,0,0,11,0,11,0,0,13,0,13,0,0,0,13
05/26/2020,MWH,WA,ANM,WE,Combined TRACON& Tower with Radar,0,2,9,2,13,0,35,11,4,50,0,37,20,6,63,116,16,132,195
05/27/2020,MWH,WA,ANM,WE,Combined TRACON& Tower with Radar,2,2,0,5,9,0,59,32,8,99,2,61,32,13,108,224,12,236,344
05/28/2020,MWH,WA,ANM,WE,Combined TRACON& Tower with Radar,0,1,8,1,10,0,49,60,6,115,0,50,68,7,125,250,4,254,379
05/29/2020,MWH,WA,ANM,WE,Combined TRACON& Tower with Radar,2,1,1,3,7,0,3,15,3,21,2,4,16,6,28,2,0,2,30
05/30/2020,MWH,WA,ANM,WE,Combined TRACON& Tower with Radar,0,0,0,0,0,0,3,6,0,9,0,3,6,0,9,3,0,3,12
05/31/2020,MWH,WA,ANM,WE,Combined TRACON& Tower with Radar,0,0,1,0,1,0,0,2,0,2,0,0,3,0,3,0,0,0,3
06/01/2020,MWH,WA,ANM,WE,Combined TRACON& Tower with Radar,0,1,5,5,11,0,66,4,0,70,0,67,9,5,81,192,12,204,285
06/02/2020,MWH,WA,ANM,WE,Combined TRACON& Tower with Radar,2,13,3,4,22,2,87,14,1,104,4,100,17,5,126,246,4,250,376
06/03/2020,MWH,WA,ANM,WE,Combined TRACON& Tower with Radar,2,0,5,8,15,0,91,26,10,127,2,91,31,18,142,208,19,227,369
06/04/2020,MWH,WA,ANM,WE,Combined TRACON& Tower with Radar,0,15,7,4,26,0,75,23,4,102,0,90,30,8,128,204,2,206,334
06/05/2020,MWH,WA,ANM,WE,Combined TRACON& Tower with Radar,1,2,6,10,19,0,3,16,1,20,1,5,22,11,39,62,0,62,101
06/06/2020,MWH,WA,ANM,WE,Combined TRACON& Tower with Radar,0,0,2,0,2,0,0,8,1,9,0,0,10,1,11,2,0,2,13
06/07/2020,MWH,WA,ANM,WE,Combined TRACON& Tower with Radar,0,0,2,0,2,0,0,5,0,5,0,0,7,0,7,4,0,4,11
06/08/2020,MWH,WA,ANM,WE,Combined TRACON& Tower with Radar,2,7,0,2,11,0,44,15,12,71,2,51,15,14,82,106,0,106,188
06/09/2020,MWH,WA,ANM,WE,Combined TRACON& Tower with Radar,0,30,7,2,39,0,36,11,0,47,0,66,18,2,86,118,0,118,204
06/10/2020,MWH,WA,ANM,WE,Combined TRACON& Tower with Radar,8,1,7,2,18,2,55,25,6,88,10,56,32,8,106,152,10,162,268
06/11/2020,MWH,WA,ANM,WE,Combined TRACON& Tower with Radar,3,18,4,2,27,10,76,24,3,113,13,94,28,5,140,265,2,267,407
06/12/2020,MWH,WA,ANM,WE,Combined TRACON& Tower with Radar,2,0,7,4,13,0,0,23,21,44,2,0,30,25,57,39,36,75,132
06/13/2020,MWH,WA,ANM,WE,Combined TRACON& Tower with Radar,0,0,3,0,3,0,1,9,0,10,0,1,12,0,13,0,0,0,13
06/14/2020,MWH,WA,ANM,WE,Combined TRACON& Tower with Radar,1,0,1,0,2,0,0,12,0,12,1,0,13,0,14,6,0,6,20
06/15/2020,MWH,WA,ANM,WE,Combined TRACON& Tower with Radar,7,13,2,24,46,0,29,8,4,41,7,42,10,28,87,191,110,301,388
06/16/2020,MWH,WA,ANM,WE,Combined TRACON& Tower with Radar,1,13,4,2,20,0,38,10,4,52,1,51,14,6,72,110,4,114,186
06/17/2020,MWH,WA,ANM,WE,Combined TRACON& Tower with Radar,2,11,5,2,20,3,98,35,14,150,5,109,40,16,170,163,9,172,342
06/18/2020,MWH,WA,ANM,WE,Combined TRACON& Tower with Radar,7,11,3,13,34,20,108,47,2,177,27,119,50,15,211,312,2,314,525
06/19/2020,MWH,WA,ANM,WE,Combined TRACON& Tower with Radar,4,1,2,5,12,1,0,26,10,37,5,1,28,15,49,10,26,36,85
06/20/2020,MWH,WA,ANM,WE,Combined TRACON& Tower with Radar,1,0,3,0,4,0,0,39,0,39,1,0,42,0,43,10,0,10,53
06/21/2020,MWH,WA,ANM,WE,Combined TRACON& Tower with Radar,0,0,1,0,1,0,0,7,0,7,0,0,8,0,8,0,0,0,8
06/22/2020,MWH,WA,ANM,WE,Combined TRACON& Tower with Radar,1,18,1,6,26,0,87,31,2,120,1,105,32,8,146,369,6,375,521
06/23/2020,MWH,WA,ANM,WE,Combined TRACON& Tower with Radar,9,19,6,2,36,7,99,24,3,133,16,118,30,5,169,256,26,282,451
06/24/2020,MWH,WA,ANM,WE,Combined TRACON& Tower with Radar,6,26,4,3,39,0,64,21,19,104,6,90,25,22,143,181,20,201,344
06/25/2020,MWH,WA,ANM,WE,Combined TRACON& Tower with Radar,10,30,4,4,48,0,124,25,4,153,10,154,29,8,201,264,30,294,495
06/26/2020,MWH,WA,ANM,WE,Combined TRACON& Tower with Radar,20,12,4,14,50,20,83,18,30,151,40,95,22,44,201,246,62,308,509
06/27/2020,MWH,WA,ANM,WE,Combined TRACON& Tower with Radar,0,0,4,1,5,1,0,13,0,14,1,0,17,1,19,2,0,2,21
06/28/2020,MWH,WA,ANM,WE,Combined TRACON& Tower with Radar,0,0,0,0,0,0,0,5,0,5,0,0,5,0,5,10,0,10,15
06/29/2020,MWH,WA,ANM,WE,Combined TRACON& Tower with Radar,5,35,7,8,55,6,66,32,13,117,11,101,39,21,172,166,52,218,390
06/30/2020,MWH,WA,ANM,WE,Combined TRACON& Tower with Radar,9,29,6,8,52,11,67,25,15,118,20,96,31,23,170,222,38,260,430
07/01/2020,MWH,WA,ANM,WE,Combined TRACON& Tower with Radar,40,25,5,6,76,0,69,34,23,126,40,94,39,29,202,227,48,275,477
07/02/2020,MWH,WA,ANM,WE,Combined TRACON& Tower with Radar,0,38,9,4,51,0,74,12,19,105,0,112,21,23,156,186,72,258,414
07/03/2020,MWH,WA,ANM,WE,Combined TRACON& Tower with Radar,3,0,11,2,16,0,0,16,0,16,3,0,27,2,32,0,0,0,32
07/04/2020,MWH,WA,ANM,WE,Combined TRACON& Tower with Radar,0,1,12,0,13,0,0,13,0,13,0,1,25,0,26,17,0,17,43
07/05/2020,MWH,WA,ANM,WE,Combined TRACON& Tower with Radar,0,1,6,0,7,0,0,16,0,16,0,1,22,0,23,8,0,8,31
07/06/2020,MWH,WA,ANM,WE,Combined TRACON& Tower with Radar,7,21,10,1,39,16,102,16,0,134,23,123,26,1,173,217,0,217,390
07/07/2020,MWH,WA,ANM,WE,Combined TRACON& Tower with Radar,8,27,3,5,43,1,81,21,10,113,9,108,24,15,156,279,21,300,456
07/08/2020,MWH,WA,ANM,WE,Combined TRACON& Tower with Radar,13,34,9,11,67,9,121,25,25,180,22,155,34,36,247,230,93,323,570
07/09/2020,MWH,WA,ANM,WE,Combined TRACON& Tower with Radar,0,19,2,12,33,0,91,26,17,134,0,110,28,29,167,282,85,367,534
07/10/2020,MWH,WA,ANM,WE,Combined TRACON& Tower with Radar,4,29,7,3,43,4,62,26,11,103,8,91,33,14,146,146,34,180,326
07/11/2020,MWH,WA,ANM,WE,Combined TRACON& Tower with Radar,0,0,0,7,7,4,17,11,17,49,4,17,11,24,56,5,34,39,95
07/12/2020,MWH,WA,ANM,WE,Combined TRACON& Tower with Radar,0,0,3,0,3,0,0,17,2,19,0,0,20,2,22,6,0,6,28
07/13/2020,MWH,WA,ANM,WE,Combined TRACON& Tower with Radar,11,32,3,7,53,7,111,18,26,162,18,143,21,33,215,318,28,346,561
07/14/2020,MWH,WA,ANM,WE,Combined TRACON& Tower with Radar,18,21,1,1,41,3,70,20,20,113,21,91,21,21,154,184,24,208,362
07/15/2020,MWH,WA,ANM,WE,Combined TRACON& Tower with Radar,30,21,7,6,64,5,101,16,15,137,35,122,23,21,201,379,29,408,609
07/16/2020,MWH,WA,ANM,WE,Combined TRACON& Tower with Radar,12,21,9,10,52,20,75,30,20,145,32,96,39,30,197,319,18,337,534
07/17/2020,MWH,WA,ANM,WE,Combined TRACON& Tower with Radar,20,30,7,3,60,3,62,10,1,76,23,92,17,4,136,150,8,158,294
07/18/2020,MWH,WA,ANM,WE,Combined TRACON& Tower with Radar,0,0,4,1,5,0,0,19,1,20,0,0,23,2,25,8,20,28,53
07/19/2020,MWH,WA,ANM,WE,Combined TRACON& Tower with Radar,0,2,4,0,6,0,0,13,0,13,0,2,17,0,19,11,0,11,30
07/20/2020,MWH,WA,ANM,WE,Combined TRACON& Tower with Radar,13,38,1,2,54,1,51,23,0,75,14,89,24,2,129,35,4,39,168
07/21/2020,MWH,WA,ANM,WE,Combined TRACON& Tower with Radar,4,36,1,4,45,6,90,18,2,116,10,126,19,6,161,148,2,150,311
07/22/2020,MWH,WA,ANM,WE,Combined TRACON& Tower with Radar,2,23,2,3,30,0,81,19,20,120,2,104,21,23,150,180,19,199,349
07/23/2020,MWH,WA,ANM,WE,Combined TRACON& Tower with Radar,5,27,7,9,48,22,82,10,21,135,27,109,17,30,183,157,27,184,367
07/24/2020,MWH,WA,ANM,WE,Combined TRACON& Tower with Radar,4,31,7,8,50,70,64,38,18,190,74,95,45,26,240,220,14,234,474
07/25/2020,MWH,WA,ANM,WE,Combined TRACON& Tower with Radar,4,0,5,0,9,36,1,23,1,61,40,1,28,1,70,6,0,6,76
07/26/2020,MWH,WA,ANM,WE,Combined TRACON& Tower with Radar,2,2,2,0,6,12,2,7,1,22,14,4,9,1,28,13,0,13,41
07/27/2020,MWH,WA,ANM,WE,Combined TRACON& Tower with Radar,2,37,7,7,53,25,79,9,16,129,27,116,16,23,182,176,40,216,398
07/28/2020,MWH,WA,ANM,WE,Combined TRACON& Tower with Radar,3,61,6,4,74,7,67,28,12,114,10,128,34,16,188,267,34,301,489
07/29/2020,MWH,WA,ANM,WE,Combined TRACON& Tower with Radar,10,56,12,14,92,12,44,24,6,86,22,100,36,20,178,189,37,226,404
07/30/2020,MWH,WA,ANM,WE,Combined TRACON& Tower with Radar,20,48,1,0,69,6,22,28,2,58,26,70,29,2,127,87,0,87,214
07/31/2020,MWH,WA,ANM,WE,Combined TRACON& Tower with Radar,21,16,2,5,44,4,10,26,23,63,25,26,28,28,107,16,53,69,176
08/01/2020,MWH,WA,ANM,WE,Combined TRACON& Tower with Radar,9,0,3,0,12,24,3,16,5,48,33,3,19,5,60,0,0,0,60
08/02/2020,MWH,WA,ANM,WE,Combined TRACON& Tower with Radar,3,0,0,2,5,20,0,18,3,41,23,0,18,5,46,0,0,0,46
08/03/2020,MWH,WA,ANM,WE,Combined TRACON& Tower with Radar,32,0,5,9,46,11,2,26,14,53,43,2,31,23,99,14,22,36,135
08/04/2020,MWH,WA,ANM,WE,Combined TRACON& Tower with Radar,13,4,9,5,31,36,1,27,11,75,49,5,36,16,106,59,23,82,188
08/05/2020,MWH,WA,ANM,WE,Combined TRACON& Tower with Radar,22,1,2,16,41,38,11,29,18,96,60,12,31,34,137,20,85,105,242
08/06/2020,MWH,WA,ANM,WE,Combined TRACON& Tower with Radar,8,0,2,26,36,9,1,10,36,56,17,1,12,62,92,0,90,90,182
08/07/2020,MWH,WA,ANM,WE,Combined TRACON& Tower with Radar,2,6,5,18,31,0,10,16,0,26,2,16,21,18,57,12,30,42,99
08/08/2020,MWH,WA,ANM,WE,Combined TRACON& Tower with Radar,0,0,6,2,8,0,1,7,3,11,0,1,13,5,19,10,6,16,35
08/09/2020,MWH,WA,ANM,WE,Combined TRACON& Tower with Radar,8,0,2,0,10,12,21,26,4,63,20,21,28,4,73,30,0,30,103
08/10/2020,MWH,WA,ANM,WE,Combined TRACON& Tower with Radar,17,8,6,4,35,40,15,42,14,111,57,23,48,18,146,6,0,6,152
08/11/2020,MWH,WA,ANM,WE,Combined TRACON& Tower with Radar,19,5,7,15,46,4,13,29,35,81,23,18,36,50,127,28,70,98,225
08/12/2020,MWH,WA,ANM,WE,Combined TRACON& Tower with Radar,15,4,5,13,37,5,3,24,23,55,20,7,29,36,92,42,45,87,179
08/13/2020,MWH,WA,ANM,WE,Combined TRACON& Tower with Radar,18,6,7,19,50,2,13,18,11,44,20,19,25,30,94,38,78,116,210
08/14/2020,MWH,WA,ANM,WE,Combined TRACON& Tower with Radar,14,3,2,32,51,9,4,29,33,75,23,7,31,65,126,19,109,128,254
08/15/2020,MWH,WA,ANM,WE,Combined TRACON& Tower with Radar,9,5,4,2,20,5,0,15,5,25,14,5,19,7,45,10,10,20,65
08/16/2020,MWH,WA,ANM,WE,Combined TRACON& Tower with Radar,0,0,5,0,5,0,1,8,1,10,0,1,13,1,15,0,0,0,15
08/17/2020,MWH,WA,ANM,WE,Combined TRACON& Tower with Radar,1,2,7,24,34,11,10,34,18,73,12,12,41,42,107,0,88,88,195
08/18/2020,MWH,WA,ANM,WE,Combined TRACON& Tower with Radar,13,2,17,44,76,19,8,18,21,66,32,10,35,65,142,38,116,154,296
08/19/2020,MWH,WA,ANM,WE,Combined TRACON& Tower with Radar,14,1,14,16,45,15,8,30,29,82,29,9,44,45,127,16,52,68,195
08/20/2020,MWH,WA,ANM,WE,Combined TRACON& Tower with Radar,29,0,7,33,69,3,12,14,14,43,32,12,21,47,112,38,50,88,200
08/21/2020,MWH,WA,ANM,WE,Combined TRACON& Tower with Radar,20,2,0,14,36,24,2,21,8,55,44,4,21,22,91,22,38,60,151
08/22/2020,MWH,WA,ANM,WE,Combined TRACON& Tower with Radar,0,0,7,1,8,1,8,23,7,39,1,8,30,8,47,22,0,22,69
08/23/2020,MWH,WA,ANM,WE,Combined TRACON& Tower with Radar,4,0,15,4,23,0,1,28,0,29,4,1,43,4,52,14,14,28,80
08/24/2020,MWH,WA,ANM,WE,Combined TRACON& Tower with Radar,11,0,5,9,25,0,1,33,19,53,11,1,38,28,78,15,66,81,159
08/25/2020,MWH,WA,ANM,WE,Combined TRACON& Tower with Radar,6,2,8,35,51,33,1,31,30,95,39,3,39,65,146,27,36,63,209
08/26/2020,MWH,WA,ANM,WE,Combined TRACON& Tower with Radar,27,2,20,50,99,67,13,27,35,142,94,15,47,85,241,16,42,58,299
08/27/2020,MWH,WA,ANM,WE,Combined TRACON& Tower with Radar,9,0,9,11,29,13,6,47,53,119,22,6,56,64,148,56,54,110,258
08/28/2020,MWH,WA,ANM,WE,Combined TRACON& Tower with Radar,25,0,7,12,44,30,7,28,15,80,55,7,35,27,124,44,58,102,226
08/29/2020,MWH,WA,ANM,WE,Combined TRACON& Tower with Radar,9,1,9,0,19,30,3,19,2,54,39,4,28,2,73,0,0,0,73
08/30/2020,MWH,WA,ANM,WE,Combined TRACON& Tower with Radar,2,0,5,0,7,3,0,13,3,19,5,0,18,3,26,6,0,6,32
08/31/2020,MWH,WA,ANM,WE,Combined TRACON& Tower with Radar,0,6,1,18,25,30,3,6,21,60,30,9,7,39,85,16,76,92,177
09/01/2020,MWH,WA,ANM,WE,Combined TRACON& Tower with Radar,7,0,3,23,33,109,21,24,24,178,116,21,27,47,211,40,40,80,291
09/02/2020,MWH,WA,ANM,WE,Combined TRACON& Tower with Radar,15,0,1,30,46,104,6,22,45,177,119,6,23,75,223,4,92,96,319
09/03/2020,MWH,WA,ANM,WE,Combined TRACON& Tower with Radar,12,3,2,11,28,36,10,25,20,91,48,13,27,31,119,20,26,46,165
09/04/2020,MWH,WA,ANM,WE,Combined TRACON& Tower with Radar,12,2,8,0,22,34,9,31,0,74,46,11,39,0,96,21,0,21,117
09/05/2020,MWH,WA,ANM,WE,Combined TRACON& Tower with Radar,0,1,3,0,4,3,6,10,4,23,3,7,13,4,27,6,32,38,65
09/06/2020,MWH,WA,ANM,WE,Combined TRACON& Tower with Radar,0,0,8,0,8,0,1,15,1,17,0,1,23,1,25,3,0,3,28
09/07/2020,MWH,WA,ANM,WE,Combined TRACON& Tower with Radar,0,0,10,0,10,14,2,3,1,20,14,2,13,1,30,0,0,0,30
09/08/2020,MWH,WA,ANM,WE,Combined TRACON& Tower with Radar,9,1,9,19,38,40,5,14,10,69,49,6,23,29,107,0,13,13,120
09/09/2020,MWH,WA,ANM,WE,Combined TRACON& Tower with Radar,21,4,2,39,66,27,0,5,5,37,48,4,7,44,103,0,58,58,161
09/10/2020,MWH,WA,ANM,WE,Combined TRACON& Tower with Radar,29,1,12,25,67,45,12,16,14,87,74,13,28,39,154,7,24,31,185
09/11/2020,MWH,WA,ANM,WE,Combined TRACON& Tower with Radar,0,3,10,20,33,14,8,7,20,49,14,11,17,40,82,34,30,64,146
09/12/2020,MWH,WA,ANM,WE,Combined TRACON& Tower with Radar,0,1,5,0,6,0,0,0,0,0,0,1,5,0,6,0,0,0,6
09/13/2020,MWH,WA,ANM,WE,Combined TRACON& Tower with Radar,0,1,3,0,4,0,0,0,0,0,0,1,3,0,4,0,0,0,4
09/14/2020,MWH,WA,ANM,WE,Combined TRACON& Tower with Radar,11,1,2,23,37,0,0,0,0,0,11,1,2,23,37,0,0,0,37
09/15/2020,MWH,WA,ANM,WE,Combined TRACON& Tower with Radar,6,2,11,30,49,0,0,0,0,0,6,2,11,30,49,0,0,0,49
09/16/2020,MWH,WA,ANM,WE,Combined TRACON& Tower with Radar,0,5,13,7,25,0,0,0,0,0,0,5,13,7,25,0,0,0,25
09/17/2020,MWH,WA,ANM,WE,Combined TRACON& Tower with Radar,42,3,7,6,58,0,0,0,0,0,42,3,7,6,58,0,0,0,58
09/18/2020,MWH,WA,ANM,WE,Combined TRACON& Tower with Radar,7,1,16,9,33,1,0,1,0,2,8,1,17,9,35,0,0,0,35
09/19/2020,MWH,WA,ANM,WE,Combined TRACON& Tower with Radar,0,0,7,1,8,0,0,14,0,14,0,0,21,1,22,4,0,4,26
09/20/2020,MWH,WA,ANM,WE,Combined TRACON& Tower with Radar,4,0,13,3,20,0,1,21,0,22,4,1,34,3,42,38,0,38,80
09/21/2020,MWH,WA,ANM,WE,Combined TRACON& Tower with Radar,30,0,15,29,74,21,3,35,12,71,51,3,50,41,145,38,60,98,243
09/22/2020,MWH,WA,ANM,WE,Combined TRACON& Tower with Radar,23,8,7,24,62,3,87,51,21,162,26,95,58,45,224,210,24,234,458
09/23/2020,MWH,WA,ANM,WE,Combined TRACON& Tower with Radar,4,11,7,18,40,1,77,21,14,113,5,88,28,32,153,242,56,298,451
09/24/2020,MWH,WA,ANM,WE,Combined TRACON& Tower with Radar,17,0,10,32,59,2,0,7,21,30,19,0,17,53,89,9,121,130,219
09/25/2020,MWH,WA,ANM,WE,Combined TRACON& Tower with Radar,17,1,6,3,27,16,0,11,6,33,33,1,17,9,60,0,30,30,90
09/26/2020,MWH,WA,ANM,WE,Combined TRACON& Tower with Radar,6,0,10,5,21,16,1,35,3,55,22,1,45,8,76,14,8,22,98
09/27/2020,MWH,WA,ANM,WE,Combined TRACON& Tower with Radar,7,0,12,0,19,21,0,34,5,60,28,0,46,5,79,66,14,80,159
09/28/2020,MWH,WA,ANM,WE,Combined TRACON& Tower with Radar,19,10,5,7,41,21,120,17,12,170,40,130,22,19,211,328,8,336,547
09/29/2020,MWH,WA,ANM,WE,Combined TRACON& Tower with Radar,18,2,5,6,31,12,100,21,7,140,30,102,26,13,171,255,8,263,434
09/30/2020,MWH,WA,ANM,WE,Combined TRACON& Tower with Radar,8,10,5,11,34,15,116,29,3,163,23,126,34,14,197,305,20,325,522
10/01/2020,MWH,WA,ANM,WE,Combined TRACON& Tower with Radar,5,9,2,18,34,14,102,29,9,154,19,111,31,27,188,302,48,350,538
10/02/2020,MWH,WA,ANM,WE,Combined TRACON& Tower with Radar,17,8,7,21,53,4,31,23,3,61,21,39,30,24,114,68,52,120,234
10/03/2020,MWH,WA,ANM,WE,Combined TRACON& Tower with Radar,3,0,3,0,6,7,0,15,0,22,10,0,18,0,28,6,0,6,34
10/04/2020,MWH,WA,ANM,WE,Combined TRACON& Tower with Radar,5,0,3,0,8,13,0,14,0,27,18,0,17,0,35,18,0,18,53
10/05/2020,MWH,WA,ANM,WE,Combined TRACON& Tower with Radar,8,13,8,50,79,4,116,9,29,158,12,129,17,79,237,306,80,386,623
10/06/2020,MWH,WA,ANM,WE,Combined TRACON& Tower with Radar,4,11,7,35,57,12,122,16,8,158,16,133,23,43,215,310,4,314,529
10/07/2020,MWH,WA,ANM,WE,Combined TRACON& Tower with Radar,6,28,8,30,72,1,107,26,12,146,7,135,34,42,218,234,29,263,481
10/08/2020,MWH,WA,ANM,WE,Combined TRACON& Tower with Radar,6,19,3,19,47,5,79,16,23,123,11,98,19,42,170,386,79,465,635
10/09/2020,MWH,WA,ANM,WE,Combined TRACON& Tower with Radar,22,0,2,11,35,42,3,18,0,63,64,3,20,11,98,34,30,64,162
10/10/2020,MWH,WA,ANM,WE,Combined TRACON& Tower with Radar,2,0,4,2,8,0,3,5,2,10,2,3,9,4,18,0,8,8,26
10/11/2020,MWH,WA,ANM,WE,Combined TRACON& Tower with Radar,4,1,6,0,11,26,0,12,0,38,30,1,18,0,49,4,0,4,53
10/12/2020,MWH,WA,ANM,WE,Combined TRACON& Tower with Radar,14,30,2,0,46,1,81,15,0,97,15,111,17,0,143,339,0,339,482
10/13/2020,MWH,WA,ANM,WE,Combined TRACON& Tower with Radar,7,1,5,6,19,6,56,4,0,66,13,57,9,6,85,248,16,264,349
10/14/2020,MWH,WA,ANM,WE,Combined TRACON& Tower with Radar,30,38,12,10,90,14,85,15,17,131,44,123,27,27,221,316,36,352,573
10/15/2020,MWH,WA,ANM,WE,Combined TRACON& Tower with Radar,11,14,10,14,49,12,91,30,20,153,23,105,40,34,202,251,33,284,486
10/16/2020,MWH,WA,ANM,WE,Combined TRACON& Tower with Radar,11,0,1,4,16,19,3,14,1,37,30,3,15,5,53,9,6,15,68
10/17/2020,MWH,WA,ANM,WE,Combined TRACON& Tower with Radar,7,0,4,0,11,7,0,23,0,30,14,0,27,0,41,8,0,8,49
10/18/2020,MWH,WA,ANM,WE,Combined TRACON& Tower with Radar,0,0,6,3,9,0,0,12,0,12,0,0,18,3,21,26,0,26,47
10/19/2020,MWH,WA,ANM,WE,Combined TRACON& Tower with Radar,29,36,8,13,86,45,60,7,15,127,74,96,15,28,213,211,69,280,493
10/20/2020,MWH,WA,ANM,WE,Combined TRACON& Tower with Radar,6,35,15,34,90,35,123,17,9,184,41,158,32,43,274,349,56,405,679
10/21/2020,MWH,WA,ANM,WE,Combined TRACON& Tower with Radar,2,40,5,10,57,0,77,13,9,99,2,117,18,19,156,248,26,274,430
10/22/2020,MWH,WA,ANM,WE,Combined TRACON& Tower with Radar,18,22,5,13,58,26,90,45,13,174,44,112,50,26,232,240,62,302,534
10/23/2020,MWH,WA,ANM,WE,Combined TRACON& Tower with Radar,24,0,4,2,30,42,0,0,8,50,66,0,4,10,80,6,14,20,100
10/24/2020,MWH,WA,ANM,WE,Combined TRACON& Tower with Radar,0,0,5,0,5,0,0,26,0,26,0,0,31,0,31,6,0,6,37
10/25/2020,MWH,WA,ANM,WE,Combined TRACON& Tower with Radar,1,0,7,0,8,1,0,21,0,22,2,0,28,0,30,46,0,46,76
10/26/2020,MWH,WA,ANM,WE,Combined TRACON& Tower with Radar,9,32,3,8,52,35,81,21,14,151,44,113,24,22,203,423,15,438,641
10/27/2020,MWH,WA,ANM,WE,Combined TRACON& Tower with Radar,2,26,7,19,54,8,104,23,12,147,10,130,30,31,201,237,40,277,478
10/28/2020,MWH,WA,ANM,WE,Combined TRACON& Tower with Radar,5,19,8,9,41,63,70,32,6,171,68,89,40,15,212,443,26,469,681
10/29/2020,MWH,WA,ANM,WE,Combined TRACON& Tower with Radar,4,17,11,12,44,28,111,12,13,164,32,128,23,25,208,242,17,259,467
10/30/2020,MWH,WA,ANM,WE,Combined TRACON& Tower with Radar,12,2,7,7,28,6,3,6,2,17,18,5,13,9,45,16,0,16,61
10/31/2020,MWH,WA,ANM,WE,Combined TRACON& Tower with Radar,0,0,13,0,13,0,0,23,0,23,0,0,36,0,36,24,0,24,60
11/01/2020,MWH,WA,ANM,WE,Combined TRACON& Tower with Radar,2,0,9,0,11,2,0,14,4,20,4,0,23,4,31,35,0,35,66
11/02/2020,MWH,WA,ANM,WE,Combined TRACON& Tower with Radar,10,6,4,13,33,14,83,29,16,142,24,89,33,29,175,426,54,480,655
11/03/2020,MWH,WA,ANM,WE,Combined TRACON& Tower with Radar,3,19,9,6,37,45,59,17,16,137,48,78,26,22,174,386,14,400,574
11/04/2020,MWH,WA,ANM,WE,Combined TRACON& Tower with Radar,4,6,15,9,34,0,50,13,14,77,4,56,28,23,111,462,46,508,619
11/05/2020,MWH,WA,ANM,WE,Combined TRACON& Tower with Radar,13,1,3,15,32,10,63,8,6,87,23,64,11,21,119,266,16,282,401
11/06/2020,MWH,WA,ANM,WE,Combined TRACON& Tower with Radar,31,0,2,22,55,2,0,14,6,22,33,0,16,28,77,0,0,0,77
11/07/2020,MWH,WA,ANM,WE,Combined TRACON& Tower with Radar,0,2,4,0,6,0,1,13,0,14,0,3,17,0,20,18,0,18,38
11/08/2020,MWH,WA,ANM,WE,Combined TRACON& Tower with Radar,0,0,4,12,16,0,0,4,0,4,0,0,8,12,20,12,0,12,32
11/09/2020,MWH,WA,ANM,WE,Combined TRACON& Tower with Radar,9,6,6,15,36,1,78,16,23,118,10,84,22,38,154,409,92,501,655
11/10/2020,MWH,WA,ANM,WE,Combined TRACON& Tower with Radar,0,27,7,16,50,0,58,7,37,102,0,85,14,53,152,420,107,527,679
11/11/2020,MWH,WA,ANM,WE,Combined TRACON& Tower with Radar,4,0,11,0,15,12,0,20,0,32,16,0,31,0,47,2,0,2,49
11/12/2020,MWH,WA,ANM,WE,Combined TRACON& Tower with Radar,6,6,4,12,28,0,8,3,5,16,6,14,7,17,44,34,30,64,108
11/13/2020,MWH,WA,ANM,WE,Combined TRACON& Tower with Radar,5,1,4,0,10,28,12,3,0,43,33,13,7,0,53,0,0,0,53
11/14/2020,MWH,WA,ANM,WE,Combined TRACON& Tower with Radar,2,0,4,0,6,0,0,16,0,16,2,0,20,0,22,12,0,12,34
11/15/2020,MWH,WA,ANM,WE,Combined TRACON& Tower with Radar,0,0,8,0,8,0,0,3,0,3,0,0,11,0,11,0,0,0,11
11/16/2020,MWH,WA,ANM,WE,Combined TRACON& Tower with Radar,15,5,4,3,27,0,22,0,3,25,15,27,4,6,52,212,0,212,264
11/17/2020,MWH,WA,ANM,WE,Combined TRACON& Tower with Radar,15,3,12,24,54,3,50,9,18,80,18,53,21,42,134,319,67,386,520
11/18/2020,MWH,WA,ANM,WE,Combined TRACON& Tower with Radar,25,13,4,12,54,1,89,13,12,115,26,102,17,24,169,520,8,528,697
11/19/2020,MWH,WA,ANM,WE,Combined TRACON& Tower with Radar,22,21,15,8,66,9,78,13,18,118,31,99,28,26,184,297,28,325,509
11/20/2020,MWH,WA,ANM,WE,Combined TRACON& Tower with Radar,0,0,17,5,22,0,17,37,1,55,0,17,54,6,77,24,2,26,103
11/21/2020,MWH,WA,ANM,WE,Combined TRACON& Tower with Radar,0,1,6,0,7,0,1,16,0,17,0,2,22,0,24,50,0,50,74
11/22/2020,MWH,WA,ANM,WE,Combined TRACON& Tower with Radar,4,1,3,0,8,0,0,10,0,10,4,1,13,0,18,14,0,14,32
11/23/2020,MWH,WA,ANM,WE,Combined TRACON& Tower with Radar,7,0,5,21,33,0,0,0,0,0,7,0,5,21,33,2,0,2,35
11/24/2020,MWH,WA,ANM,WE,Combined TRACON& Tower with Radar,2,11,1,29,43,0,0,0,2,2,2,11,1,31,45,0,4,4,49
11/25/2020,MWH,WA,ANM,WE,Combined TRACON& Tower with Radar,4,1,8,14,27,0,1,23,0,24,4,2,31,14,51,0,0,0,51
11/26/2020,MWH,WA,ANM,WE,Combined TRACON& Tower with Radar,4,2,4,0,10,0,0,2,0,2,4,2,6,0,12,0,0,0,12
11/27/2020,MWH,WA,ANM,WE,Combined TRACON& Tower with Radar,0,3,9,0,12,0,0,1,0,1,0,3,10,0,13,0,0,0,13
11/28/2020,MWH,WA,ANM,WE,Combined TRACON& Tower with Radar,0,0,0,0,0,0,0,1,0,1,0,0,1,0,1,0,0,0,1
11/29/2020,MWH,WA,ANM,WE,Combined TRACON& Tower with Radar,0,0,10,0,10,0,5,11,0,16,0,5,21,0,26,4,0,4,30
11/30/2020,MWH,WA,ANM,WE,Combined TRACON& Tower with Radar,10,7,2,10,29,0,16,2,8,26,10,23,4,18,55,86,24,110,165
12/01/2020,MWH,WA,ANM,WE,Combined TRACON& Tower with Radar,15,44,15,37,111,1,91,41,19,152,16,135,56,56,263,409,60,469,732
12/02/2020,MWH,WA,ANM,WE,Combined TRACON& Tower with Radar,24,26,8,30,88,6,86,15,23,130,30,112,23,53,218,451,40,491,709
12/03/2020,MWH,WA,ANM,WE,Combined TRACON& Tower with Radar,14,20,9,5,48,0,67,35,20,122,14,87,44,25,170,400,25,425,595
12/04/2020,MWH,WA,ANM,WE,Combined TRACON& Tower with Radar,8,0,5,11,24,0,0,9,2,11,8,0,14,13,35,12,2,14,49
12/05/2020,MWH,WA,ANM,WE,Combined TRACON& Tower with Radar,14,0,4,0,18,0,0,7,0,7,14,0,11,0,25,12,0,12,37
12/06/2020,MWH,WA,ANM,WE,Combined TRACON& Tower with Radar,4,0,5,0,9,0,0,0,0,0,4,0,5,0,9,0,0,0,9
12/07/2020,MWH,WA,ANM,WE,Combined TRACON& Tower with Radar,10,2,3,22,37,0,0,0,0,0,10,2,3,22,37,0,0,0,37
12/08/2020,MWH,WA,ANM,WE,Combined TRACON& Tower with Radar,7,1,4,6,18,0,0,0,0,0,7,1,4,6,18,0,0,0,18
12/09/2020,MWH,WA,ANM,WE,Combined TRACON& Tower with Radar,4,0,2,2,8,0,0,0,0,0,4,0,2,2,8,0,0,0,8
12/10/2020,MWH,WA,ANM,WE,Combined TRACON& Tower with Radar,5,0,5,34,44,0,0,0,28,28,5,0,5,62,72,0,16,16,88
12/11/2020,MWH,WA,ANM,WE,Combined TRACON& Tower with Radar,12,0,4,6,22,0,0,0,0,0,12,0,4,6,22,0,0,0,22
12/12/2020,MWH,WA,ANM,WE,Combined TRACON& Tower with Radar,14,11,6,0,31,0,4,18,0,22,14,15,24,0,53,62,0,62,115
12/13/2020,MWH,WA,ANM,WE,Combined TRACON& Tower with Radar,6,2,1,0,9,0,0,0,0,0,6,2,1,0,9,0,0,0,9
12/14/2020,MWH,WA,ANM,WE,Combined TRACON& Tower with Radar,2,2,2,8,14,0,0,0,0,0,2,2,2,8,14,0,0,0,14
12/15/2020,MWH,WA,ANM,WE,Combined TRACON& Tower with Radar,2,1,4,8,15,0,0,2,7,9,2,1,6,15,24,12,0,12,36
12/16/2020,MWH,WA,ANM,WE,Combined TRACON& Tower with Radar,19,3,5,43,70,1,0,3,5,9,20,3,8,48,79,2,41,43,122
12/17/2020,MWH,WA,ANM,WE,Combined TRACON& Tower with Radar,18,0,4,13,35,0,0,23,23,46,18,0,27,36,81,0,70,70,151
12/18/2020,MWH,WA,ANM,WE,Combined TRACON& Tower with Radar,10,0,2,6,18,0,0,4,0,4,10,0,6,6,22,0,6,6,28
12/19/2020,MWH,WA,ANM,WE,Combined TRACON& Tower with Radar,11,2,3,0,16,0,0,15,0,15,11,2,18,0,31,42,0,42,73
12/20/2020,MWH,WA,ANM,WE,Combined TRACON& Tower with Radar,21,0,4,0,25,0,0,18,0,18,21,0,22,0,43,4,0,4,47
12/21/2020,MWH,WA,ANM,WE,Combined TRACON& Tower with Radar,6,0,3,0,9,0,0,2,0,2,6,0,5,0,11,0,0,0,11
12/22/2020,MWH,WA,ANM,WE,Combined TRACON& Tower with Radar,15,4,12,10,41,6,0,28,28,62,21,4,40,38,103,8,25,33,136
12/23/2020,MWH,WA,ANM,WE,Combined TRACON& Tower with Radar,24,0,33,6,63,13,0,46,1,60,37,0,79,7,123,0,0,0,123
12/24/2020,MWH,WA,ANM,WE,Combined TRACON& Tower with Radar,2,1,9,0,12,1,0,17,0,18,3,1,26,0,30,8,0,8,38
12/25/2020,MWH,WA,ANM,WE,Combined TRACON& Tower with Radar,0,0,2,0,2,0,0,0,0,0,0,0,2,0,2,0,0,0,2
12/26/2020,MWH,WA,ANM,WE,Combined TRACON& Tower with Radar,0,5,1,0,6,0,0,0,0,0,0,5,1,0,6,0,0,0,6
12/27/2020,MWH,WA,ANM,WE,Combined TRACON& Tower with Radar,12,0,3,0,15,0,0,2,1,3,12,0,5,1,18,0,0,0,18
12/28/2020,MWH,WA,ANM,WE,Combined TRACON& Tower with Radar,6,2,2,0,10,0,0,3,0,3,6,2,5,0,13,0,0,0,13
12/29/2020,MWH,WA,ANM,WE,Combined TRACON& Tower with Radar,2,1,2,15,20,0,0,26,14,40,2,1,28,29,60,10,72,82,142
12/30/2020,MWH,WA,ANM,WE,Combined TRACON& Tower with Radar,0,0,4,0,4,0,0,0,0,0,0,0,4,0,4,0,0,0,4
12/31/2020,MWH,WA,ANM,WE,Combined TRACON& Tower with Radar,4,4,9,0,17,0,0,1,0,1,4,4,10,0,18,0,0,0,18
01/01/2021,MWH,WA,ANM,WE,Combined TRACON& Tower with Radar,0,1,3,0,4,0,0,0,0,0,0,1,3,0,4,0,0,0,4
01/02/2021,MWH,WA,ANM,WE,Combined TRACON& Tower with Radar,0,0,5,0,5,0,0,1,0,1,0,0,6,0,6,0,0,0,6
01/03/2021,MWH,WA,ANM,WE,Combined TRACON& Tower with Radar,0,0,2,0,2,0,0,13,0,13,0,0,15,0,15,14,0,14,29
01/04/2021,MWH,WA,ANM,WE,Combined TRACON& Tower with Radar,10,6,7,0,23,0,33,0,0,33,10,39,7,0,56,106,0,106,162
01/05/2021,MWH,WA,ANM,WE,Combined TRACON& Tower with Radar,17,17,8,17,59,3,102,6,26,137,20,119,14,43,196,374,52,426,622
01/06/2021,MWH,WA,ANM,WE,Combined TRACON& Tower with Radar,13,12,10,18,53,0,73,3,3,79,13,85,13,21,132,408,16,424,556
01/07/2021,MWH,WA,ANM,WE,Combined TRACON& Tower with Radar,21,21,7,12,61,0,44,0,0,44,21,65,7,12,105,382,2,384,489
01/08/2021,MWH,WA,ANM,WE,Combined TRACON& Tower with Radar,30,1,2,5,38,1,0,5,13,19,31,1,7,18,57,12,40,52,109
01/09/2021,MWH,WA,ANM,WE,Combined TRACON& Tower with Radar,8,1,0,8,17,0,0,4,0,4,8,1,4,8,21,22,0,22,43
01/10/2021,MWH,WA,ANM,WE,Combined TRACON& Tower with Radar,0,0,10,0,10,0,0,10,0,10,0,0,20,0,20,6,0,6,26
01/11/2021,MWH,WA,ANM,WE,Combined TRACON& Tower with Radar,8,2,11,8,29,0,0,0,0,0,8,2,11,8,29,0,0,0,29
01/12/2021,MWH,WA,ANM,WE,Combined TRACON& Tower with Radar,9,2,4,18,33,0,53,0,37,90,9,55,4,55,123,280,14,294,417
01/13/2021,MWH,WA,ANM,WE,Combined TRACON& Tower with Radar,0,0,3,12,15,0,6,5,0,11,0,6,8,12,26,76,11,87,113
01/14/2021,MWH,WA,ANM,WE,Combined TRACON& Tower with Radar,4,8,0,4,16,0,105,26,20,151,4,113,26,24,167,321,44,365,532
01/15/2021,MWH,WA,ANM,WE,Combined TRACON& Tower with Radar,0,1,6,1,8,0,0,11,0,11,0,1,17,1,19,3,0,3,22
01/16/2021,MWH,WA,ANM,WE,Combined TRACON& Tower with Radar,4,1,10,0,15,0,0,7,0,7,4,1,17,0,22,32,0,32,54
01/17/2021,MWH,WA,ANM,WE,Combined TRACON& Tower with Radar,4,1,10,0,15,0,0,4,0,4,4,1,14,0,19,22,0,22,41
01/18/2021,MWH,WA,ANM,WE,Combined TRACON& Tower with Radar,10,0,16,0,26,1,1,52,0,54,11,1,68,0,80,22,0,22,102
01/19/2021,MWH,WA,ANM,WE,Combined TRACON& Tower with Radar,24,8,11,22,65,8,84,35,10,137,32,92,46,32,202,366,39,405,607
01/20/2021,MWH,WA,ANM,WE,Combined TRACON& Tower with Radar,23,18,3,15,59,0,87,17,43,147,23,105,20,58,206,495,60,555,761
01/21/2021,MWH,WA,ANM,WE,Combined TRACON& Tower with Radar,21,15,2,25,63,0,82,18,19,119,21,97,20,44,182,418,84,502,684
01/22/2021,MWH,WA,ANM,WE,Combined TRACON& Tower with Radar,22,0,8,8,38,6,2,20,19,47,28,2,28,27,85,32,87,119,204
01/23/2021,MWH,WA,ANM,WE,Combined TRACON& Tower with Radar,18,2,10,0,30,2,0,33,0,35,20,2,43,0,65,72,0,72,137
01/24/2021,MWH,WA,ANM,WE,Combined TRACON& Tower with Radar,0,2,0,0,2,0,1,4,0,5,0,3,4,0,7,3,0,3,10
01/25/2021,MWH,WA,ANM,WE,Combined TRACON& Tower with Radar,10,4,2,8,24,0,31,0,2,33,10,35,2,10,57,226,7,233,290
01/26/2021,MWH,WA,ANM,WE,Combined TRACON& Tower with Radar,6,2,6,7,21,2,97,6,18,123,8,99,12,25,144,425,30,455,599
01/27/2021,MWH,WA,ANM,WE,Combined TRACON& Tower with Radar,10,0,2,9,21,0,0,4,0,4,10,0,6,9,25,0,10,10,35
01/28/2021,MWH,WA,ANM,WE,Combined TRACON& Tower with Radar,26,15,9,5,55,0,90,3,3,96,26,105,12,8,151,547,36,583,734
01/29/2021,MWH,WA,ANM,WE,Combined TRACON& Tower with Radar,16,0,14,12,42,0,0,3,4,7,16,0,17,16,49,8,51,59,108
01/30/2021,MWH,WA,ANM,WE,Combined TRACON& Tower with Radar,4,0,11,0,15,0,0,6,0,6,4,0,17,0,21,12,1,13,34
01/31/2021,MWH,WA,ANM,WE,Combined TRACON& Tower with Radar,16,0,3,0,19,2,0,16,0,18,18,0,19,0,37,38,0,38,75
02/01/2021,MWH,WA,ANM,WE,Combined TRACON& Tower with Radar,12,6,8,28,54,0,98,7,13,118,12,104,15,41,172,432,65,497,669
02/02/2021,MWH,WA,ANM,WE,Combined TRACON& Tower with Radar,8,17,4,27,56,12,77,7,27,123,20,94,11,54,179,212,85,297,476
02/03/2021,MWH,WA,ANM,WE,Combined TRACON& Tower with Radar,15,8,18,13,54,0,83,16,3,102,15,91,34,16,156,272,0,272,428
02/04/2021,MWH,WA,ANM,WE,Combined TRACON& Tower with Radar,13,11,1,9,34,3,115,17,12,147,16,126,18,21,181,323,58,381,562
02/05/2021,MWH,WA,ANM,WE,Combined TRACON& Tower with Radar,19,0,8,10,37,7,0,11,8,26,26,0,19,18,63,10,10,20,83
02/06/2021,MWH,WA,ANM,WE,Combined TRACON& Tower with Radar,0,0,0,0,0,0,1,3,0,4,0,1,3,0,4,0,0,0,4
02/07/2021,MWH,WA,ANM,WE,Combined TRACON& Tower with Radar,0,0,5,0,5,0,2,12,0,14,0,2,17,0,19,2,0,2,21
02/08/2021,MWH,WA,ANM,WE,Combined TRACON& Tower with Radar,8,17,15,13,53,20,107,16,3,146,28,124,31,16,199,214,20,234,433
02/09/2021,MWH,WA,ANM,WE,Combined TRACON& Tower with Radar,25,13,1,41,80,13,86,23,19,141,38,99,24,60,221,242,66,308,529
02/10/2021,MWH,WA,ANM,WE,Combined TRACON& Tower with Radar,19,9,10,13,51,0,77,29,8,114,19,86,39,21,165,261,44,305,470
02/11/2021,MWH,WA,ANM,WE,Combined TRACON& Tower with Radar,20,4,3,7,34,0,59,5,14,78,20,63,8,21,112,176,30,206,318
02/12/2021,MWH,WA,ANM,WE,Combined TRACON& Tower with Radar,7,1,2,15,25,4,0,3,2,9,11,1,5,17,34,0,12,12,46
02/13/2021,MWH,WA,ANM,WE,Combined TRACON& Tower with Radar,0,0,4,0,4,0,0,0,0,0,0,0,4,0,4,0,0,0,4
02/14/2021,MWH,WA,ANM,WE,Combined TRACON& Tower with Radar,0,0,2,0,2,0,0,4,0,4,0,0,6,0,6,34,0,34,40
02/15/2021,MWH,WA,ANM,WE,Combined TRACON& Tower with Radar,5,0,3,0,8,0,0,1,0,1,5,0,4,0,9,0,0,0,9
02/16/2021,MWH,WA,ANM,WE,Combined TRACON& Tower with Radar,31,3,1,10,45,0,0,4,0,4,31,3,5,10,49,0,0,0,49
02/17/2021,MWH,WA,ANM,WE,Combined TRACON& Tower with Radar,15,0,6,31,52,0,30,14,18,62,15,30,20,49,114,216,44,260,374
02/18/2021,MWH,WA,ANM,WE,Combined TRACON& Tower with Radar,0,27,4,9,40,0,71,1,7,79,0,98,5,16,119,306,54,360,479
02/19/2021,MWH,WA,ANM,WE,Combined TRACON& Tower with Radar,6,0,8,0,14,0,0,0,0,0,6,0,8,0,14,0,0,0,14
02/20/2021,MWH,WA,ANM,WE,Combined TRACON& Tower with Radar,16,2,7,4,29,0,0,5,0,5,16,2,12,4,34,16,0,16,50
02/21/2021,MWH,WA,ANM,WE,Combined TRACON& Tower with Radar,4,0,6,0,10,0,0,1,0,1,4,0,7,0,11,6,0,6,17
02/22/2021,MWH,WA,ANM,WE,Combined TRACON& Tower with Radar,0,9,0,26,35,1,66,4,35,106,1,75,4,61,141,291,83,374,515
02/23/2021,MWH,WA,ANM,WE,Combined TRACON& Tower with Radar,0,10,3,15,28,0,83,12,31,126,0,93,15,46,154,257,42,299,453
02/24/2021,MWH,WA,ANM,WE,Combined TRACON& Tower with Radar,20,16,16,7,59,7,93,37,21,158,27,109,53,28,217,238,39,277,494
02/25/2021,MWH,WA,ANM,WE,Combined TRACON& Tower with Radar,0,0,5,4,9,0,23,6,15,44,0,23,11,19,53,68,4,72,125
02/26/2021,MWH,WA,ANM,WE,Combined TRACON& Tower with Radar,12,0,5,6,23,0,0,9,10,19,12,0,14,16,42,4,36,40,82
02/27/2021,MWH,WA,ANM,WE,Combined TRACON& Tower with Radar,4,0,6,0,10,0,0,27,0,27,4,0,33,0,37,64,0,64,101
02/28/2021,MWH,WA,ANM,WE,Combined TRACON& Tower with Radar,0,0,7,0,7,0,0,38,0,38,0,0,45,0,45,60,0,60,105
03/01/2021,MWH,WA,ANM,WE,Combined TRACON& Tower with Radar,8,2,10,2,22,0,108,20,2,130,8,110,30,4,152,315,16,331,483
03/02/2021,MWH,WA,ANM,WE,Combined TRACON& Tower with Radar,1,14,3,8,26,0,108,10,17,135,1,122,13,25,161,238,16,254,415
03/03/2021,MWH,WA,ANM,WE,Combined TRACON& Tower with Radar,15,14,14,8,51,0,87,25,7,119,15,101,39,15,170,333,21,354,524
03/04/2021,MWH,WA,ANM,WE,Combined TRACON& Tower with Radar,4,13,8,13,38,0,101,20,34,155,4,114,28,47,193,306,56,362,555
03/05/2021,MWH,WA,ANM,WE,Combined TRACON& Tower with Radar,19,2,4,7,32,1,2,12,7,22,20,4,16,14,54,47,14,61,115
03/06/2021,MWH,WA,ANM,WE,Combined TRACON& Tower with Radar,15,0,2,2,19,0,0,9,9,18,15,0,11,11,37,0,8,8,45
03/07/2021,MWH,WA,ANM,WE,Combined TRACON& Tower with Radar,3,1,2,0,6,0,0,11,0,11,3,1,13,0,17,12,0,12,29
03/08/2021,MWH,WA,ANM,WE,Combined TRACON& Tower with Radar,3,20,11,3,37,0,99,28,25,152,3,119,39,28,189,336,45,381,570
03/09/2021,MWH,WA,ANM,WE,Combined TRACON& Tower with Radar,4,12,17,13,46,0,114,11,26,151,4,126,28,39,197,322,46,368,565
03/10/2021,MWH,WA,ANM,WE,Combined TRACON& Tower with Radar,9,30,3,15,57,0,82,25,52,159,9,112,28,67,216,257,103,360,576
03/11/2021,MWH,WA,ANM,WE,Combined TRACON& Tower with Radar,14,16,2,7,39,0,91,31,9,131,14,107,33,16,170,230,17,247,417
03/12/2021,MWH,WA,ANM,WE,Combined TRACON& Tower with Radar,10,14,5,3,32,3,2,23,4,32,13,16,28,7,64,58,14,72,136
03/13/2021,MWH,WA,ANM,WE,Combined TRACON& Tower with Radar,0,0,9,0,9,0,0,35,0,35,0,0,44,0,44,60,0,60,104
03/14/2021,MWH,WA,ANM,WE,Combined TRACON& Tower with Radar,4,0,3,0,7,0,0,12,0,12,4,0,15,0,19,22,0,22,41
03/15/2021,MWH,WA,ANM,WE,Combined TRACON& Tower with Radar,0,12,5,12,29,0,83,16,26,125,0,95,21,38,154,291,71,362,516
03/16/2021,MWH,WA,ANM,WE,Combined TRACON& Tower with Radar,8,24,10,23,65,1,100,20,36,157,9,124,30,59,222,318,80,398,620
03/17/2021,MWH,WA,ANM,WE,Combined TRACON& Tower with Radar,2,26,3,5,36,0,105,12,9,126,2,131,15,14,162,335,14,349,511
03/18/2021,MWH,WA,ANM,WE,Combined TRACON& Tower with Radar,16,0,7,38,61,14,1,8,20,43,30,1,15,58,104,18,82,100,204
03/19/2021,MWH,WA,ANM,WE,Combined TRACON& Tower with Radar,18,2,8,6,34,1,0,24,4,29,19,2,32,10,63,10,44,54,117
03/20/2021,MWH,WA,ANM,WE,Combined TRACON& Tower with Radar,7,2,4,0,13,6,0,14,0,20,13,2,18,0,33,0,0,0,33
03/21/2021,MWH,WA,ANM,WE,Combined TRACON& Tower with Radar,6,0,1,0,7,0,1,9,0,10,6,1,10,0,17,0,0,0,17
03/22/2021,MWH,WA,ANM,WE,Combined TRACON& Tower with Radar,23,13,4,50,90,8,38,3,20,69,31,51,7,70,159,89,37,126,285
03/23/2021,MWH,WA,ANM,WE,Combined TRACON& Tower with Radar,32,21,2,8,63,4,50,9,35,98,36,71,11,43,161,156,56,212,373
03/24/2021,MWH,WA,ANM,WE,Combined TRACON& Tower with Radar,2,7,6,22,37,0,7,6,16,29,2,14,12,38,66,42,49,91,157
03/25/2021,MWH,WA,ANM,WE,Combined TRACON& Tower with Radar,20,0,2,12,34,0,3,17,14,34,20,3,19,26,68,33,112,145,213
03/26/2021,MWH,WA,ANM,WE,Combined TRACON& Tower with Radar,12,3,3,4,22,0,4,23,12,39,12,7,26,16,61,12,40,52,113
03/27/2021,MWH,WA,ANM,WE,Combined TRACON& Tower with Radar,8,0,4,2,14,0,0,23,1,24,8,0,27,3,38,2,4,6,44
03/28/2021,MWH,WA,ANM,WE,Combined TRACON& Tower with Radar,0,2,2,2,6,0,0,2,3,5,0,2,4,5,11,0,6,6,17
03/29/2021,MWH,WA,ANM,WE,Combined TRACON& Tower with Radar,1,0,9,17,27,13,0,3,43,59,14,0,12,60,86,4,98,102,188
03/30/2021,MWH,WA,ANM,WE,Combined TRACON& Tower with Radar,1,2,3,41,47,0,0,10,16,26,1,2,13,57,73,0,71,71,144
03/31/2021,MWH,WA,ANM,WE,Combined TRACON& Tower with Radar,10,0,8,3,21,3,0,17,6,26,13,0,25,9,47,20,15,35,82
04/01/2021,MWH,WA,ANM,WE,Combined TRACON& Tower with Radar,15,2,10,25,52,39,2,48,21,110,54,4,58,46,162,8,88,96,258
04/02/2021,MWH,WA,ANM,WE,Combined TRACON& Tower with Radar,13,1,8,9,31,18,2,11,11,42,31,3,19,20,73,10,34,44,117
04/03/2021,MWH,WA,ANM,WE,Combined TRACON& Tower with Radar,4,1,4,2,11,0,0,14,0,14,4,1,18,2,25,22,0,22,47
04/04/2021,MWH,WA,ANM,WE,Combined TRACON& Tower with Radar,4,0,3,0,7,1,1,3,0,5,5,1,6,0,12,0,0,0,12
04/05/2021,MWH,WA,ANM,WE,Combined TRACON& Tower with Radar,14,8,6,1,29,18,81,15,0,114,32,89,21,1,143,252,0,252,395
04/06/2021,MWH,WA,ANM,WE,Combined TRACON& Tower with Radar,15,18,7,5,45,0,94,20,4,118,15,112,27,9,163,376,13,389,552
04/07/2021,MWH,WA,ANM,WE,Combined TRACON& Tower with Radar,15,15,4,11,45,14,79,13,18,124,29,94,17,29,169,245,55,300,469
04/08/2021,MWH,WA,ANM,WE,Combined TRACON& Tower with Radar,7,7,2,24,40,6,30,2,17,55,13,37,4,41,95,31,54,85,180
04/09/2021,MWH,WA,ANM,WE,Combined TRACON& Tower with Radar,10,0,6,5,21,0,2,16,16,34,10,2,22,21,55,0,16,16,71
04/10/2021,MWH,WA,ANM,WE,Combined TRACON& Tower with Radar,6,0,2,0,8,2,0,5,0,7,8,0,7,0,15,0,0,0,15
04/11/2021,MWH,WA,ANM,WE,Combined TRACON& Tower with Radar,1,0,6,1,8,1,1,21,1,24,2,1,27,2,32,106,0,106,138
04/12/2021,MWH,WA,ANM,WE,Combined TRACON& Tower with Radar,0,28,5,5,38,0,100,6,22,128,0,128,11,27,166,282,74,356,522
04/13/2021,MWH,WA,ANM,WE,Combined TRACON& Tower with Radar,19,1,3,3,26,2,5,7,10,24,21,6,10,13,50,4,10,14,64
04/14/2021,MWH,WA,ANM,WE,Combined TRACON& Tower with Radar,11,19,0,14,44,5,48,13,25,91,16,67,13,39,135,194,48,242,377
04/15/2021,MWH,WA,ANM,WE,Combined TRACON& Tower with Radar,7,14,4,12,37,0,40,23,19,82,7,54,27,31,119,133,24,157,276
04/16/2021,MWH,WA,ANM,WE,Combined TRACON& Tower with Radar,6,0,3,4,13,2,0,21,16,39,8,0,24,20,52,42,25,67,119
04/17/2021,MWH,WA,ANM,WE,Combined TRACON& Tower with Radar,0,0,4,0,4,0,0,22,0,22,0,0,26,0,26,22,0,22,48
04/18/2021,MWH,WA,ANM,WE,Combined TRACON& Tower with Radar,2,0,3,0,5,0,0,26,9,35,2,0,29,9,40,18,0,18,58
04/19/2021,MWH,WA,ANM,WE,Combined TRACON& Tower with Radar,6,16,5,2,29,0,53,13,18,84,6,69,18,20,113,176,11,187,300
04/20/2021,MWH,WA,ANM,WE,Combined TRACON& Tower with Radar,6,28,4,9,47,0,109,5,3,117,6,137,9,12,164,224,0,224,388
04/21/2021,MWH,WA,ANM,WE,Combined TRACON& Tower with Radar,4,20,7,22,53,0,121,21,3,145,4,141,28,25,198,392,2,394,592
04/22/2021,MWH,WA,ANM,WE,Combined TRACON& Tower with Radar,11,17,12,5,45,3,40,21,7,71,14,57,33,12,116,152,2,154,270
04/23/2021,MWH,WA,ANM,WE,Combined TRACON& Tower with Radar,21,3,5,3,32,2,1,27,5,35,23,4,32,8,67,30,10,40,107
04/24/2021,MWH,WA,ANM,WE,Combined TRACON& Tower with Radar,0,0,8,0,8,0,0,2,0,2,0,0,10,0,10,0,0,0,10
04/25/2021,MWH,WA,ANM,WE,Combined TRACON& Tower with Radar,4,0,2,0,6,0,0,40,0,40,4,0,42,0,46,57,0,57,103
04/26/2021,MWH,WA,ANM,WE,Combined TRACON& Tower with Radar,0,22,8,9,39,0,113,15,1,129,0,135,23,10,168,284,19,303,471
04/27/2021,MWH,WA,ANM,WE,Combined TRACON& Tower with Radar,0,28,2,20,50,0,106,17,6,129,0,134,19,26,179,281,17,298,477
04/28/2021,MWH,WA,ANM,WE,Combined TRACON& Tower with Radar,8,14,12,7,41,0,104,13,5,122,8,118,25,12,163,332,4,336,499
04/29/2021,MWH,WA,ANM,WE,Combined TRACON& Tower with Radar,3,24,4,2,33,0,107,19,4,130,3,131,23,6,163,382,4,386,549
04/30/2021,MWH,WA,ANM,WE,Combined TRACON& Tower with Radar,15,0,9,2,26,0,0,8,8,16,15,0,17,10,42,2,54,56,98
05/01/2021,MWH,WA,ANM,WE,Combined TRACON& Tower with Radar,0,0,7,2,9,0,0,10,4,14,0,0,17,6,23,26,12,38,61
05/02/2021,MWH,WA,ANM,WE,Combined TRACON& Tower with Radar,4,0,6,4,14,0,1,9,1,11,4,1,15,5,25,22,0,22,47
05/03/2021,MWH,WA,ANM,WE,Combined TRACON& Tower with Radar,8,17,15,6,46,3,63,10,19,95,11,80,25,25,141,334,28,362,503
05/04/2021,MWH,WA,ANM,WE,Combined TRACON& Tower with Radar,10,24,0,10,44,14,70,23,8,115,24,94,23,18,159,230,12,242,401
05/05/2021,MWH,WA,ANM,WE,Combined TRACON& Tower with Radar,14,11,6,7,38,54,86,31,26,197,68,97,37,33,235,308,30,338,573
05/06/2021,MWH,WA,ANM,WE,Combined TRACON& Tower with Radar,11,20,4,12,47,42,71,13,26,152,53,91,17,38,199,211,40,251,450
05/07/2021,MWH,WA,ANM,WE,Combined TRACON& Tower with Radar,11,0,5,4,20,63,9,11,2,85,74,9,16,6,105,22,3,25,130
05/08/2021,MWH,WA,ANM,WE,Combined TRACON& Tower with Radar,0,0,12,0,12,9,3,10,0,22,9,3,22,0,34,27,0,27,61
05/09/2021,MWH,WA,ANM,WE,Combined TRACON& Tower with Radar,0,0,14,0,14,36,0,19,1,56,36,0,33,1,70,6,0,6,76
05/10/2021,MWH,WA,ANM,WE,Combined TRACON& Tower with Radar,14,14,13,6,47,21,81,28,13,143,35,95,41,19,190,256,48,304,494
05/11/2021,MWH,WA,ANM,WE,Combined TRACON& Tower with Radar,14,21,1,18,54,3,82,15,22,122,17,103,16,40,176,329,21,350,526
05/12/2021,MWH,WA,ANM,WE,Combined TRACON& Tower with Radar,20,10,9,12,51,19,87,32,16,154,39,97,41,28,205,236,57,293,498
05/13/2021,MWH,WA,ANM,WE,Combined TRACON& Tower with Radar,7,24,5,13,49,1,82,25,13,121,8,106,30,26,170,288,6,294,464
05/14/2021,MWH,WA,ANM,WE,Combined TRACON& Tower with Radar,21,0,7,10,38,27,1,33,13,74,48,1,40,23,112,2,18,20,132
05/15/2021,MWH,WA,ANM,WE,Combined TRACON& Tower with Radar,15,2,6,2,25,2,1,23,3,29,17,3,29,5,54,22,0,22,76
05/16/2021,MWH,WA,ANM,WE,Combined TRACON& Tower with Radar,0,0,1,0,1,0,1,19,6,26,0,1,20,6,27,10,0,10,37
05/17/2021,MWH,WA,ANM,WE,Combined TRACON& Tower with Radar,11,5,1,15,32,0,71,33,50,154,11,76,34,65,186,230,147,377,563
05/18/2021,MWH,WA,ANM,WE,Combined TRACON& Tower with Radar,4,0,2,5,11,0,1,5,7,13,4,1,7,12,24,0,2,2,26
05/19/2021,MWH,WA,ANM,WE,Combined TRACON& Tower with Radar,16,8,3,11,38,11,92,30,11,144,27,100,33,22,182,148,26,174,356
05/20/2021,MWH,WA,ANM,WE,Combined TRACON& Tower with Radar,24,22,9,8,63,20,54,8,4,86,44,76,17,12,149,237,10,247,396
05/21/2021,MWH,WA,ANM,WE,Combined TRACON& Tower with Radar,17,0,9,8,34,43,7,39,3,92,60,7,48,11,126,47,2,49,175
05/22/2021,MWH,WA,ANM,WE,Combined TRACON& Tower with Radar,7,0,15,1,23,1,1,21,9,32,8,1,36,10,55,10,6,16,71
05/23/2021,MWH,WA,ANM,WE,Combined TRACON& Tower with Radar,4,0,3,1,8,0,0,8,4,12,4,0,11,5,20,8,0,8,28
05/24/2021,MWH,WA,ANM,WE,Combined TRACON& Tower with Radar,0,13,3,16,32,1,33,14,8,56,1,46,17,24,88,167,59,226,314
05/25/2021,MWH,WA,ANM,WE,Combined TRACON& Tower with Radar,33,28,9,23,93,2,94,20,18,134,35,122,29,41,227,268,42,310,537
05/26/2021,MWH,WA,ANM,WE,Combined TRACON& Tower with Radar,32,10,11,27,80,20,105,28,6,159,52,115,39,33,239,162,40,202,441
05/27/2021,MWH,WA,ANM,WE,Combined TRACON& Tower with Radar,16,16,5,3,40,0,20,12,0,32,16,36,17,3,72,87,0,87,159
05/28/2021,MWH,WA,ANM,WE,Combined TRACON& Tower with Radar,26,0,11,1,38,1,0,23,0,24,27,0,34,1,62,0,0,0,62
05/29/2021,MWH,WA,ANM,WE,Combined TRACON& Tower with Radar,7,0,0,0,7,0,0,16,0,16,7,0,16,0,23,22,0,22,45
05/30/2021,MWH,WA,ANM,WE,Combined TRACON& Tower with Radar,6,0,3,0,9,0,1,16,0,17,6,1,19,0,26,18,0,18,44
05/31/2021,MWH,WA,ANM,WE,Combined TRACON& Tower with Radar,0,2,1,0,3,0,0,20,0,20,0,2,21,0,23,4,0,4,27
06/01/2021,MWH,WA,ANM,WE,Combined TRACON& Tower with Radar,18,23,5,16,62,18,75,5,11,109,36,98,10,27,171,264,28,292,463
06/02/2021,MWH,WA,ANM,WE,Combined TRACON& Tower with Radar,33,13,10,23,79,17,80,28,15,140,50,93,38,38,219,186,30,216,435
06/03/2021,MWH,WA,ANM,WE,Combined TRACON& Tower with Radar,18,38,4,14,74,18,70,17,10,115,36,108,21,24,189,150,39,189,378
06/04/2021,MWH,WA,ANM,WE,Combined TRACON& Tower with Radar,24,0,2,1,27,16,1,12,6,35,40,1,14,7,62,2,4,6,68
06/05/2021,MWH,WA,ANM,WE,Combined TRACON& Tower with Radar,2,0,3,0,5,0,0,2,0,2,2,0,5,0,7,0,0,0,7
06/06/2021,MWH,WA,ANM,WE,Combined TRACON& Tower with Radar,4,2,6,0,12,2,2,18,0,22,6,4,24,0,34,2,0,2,36
06/07/2021,MWH,WA,ANM,WE,Combined TRACON& Tower with Radar,24,24,19,22,89,2,79,19,16,116,26,103,38,38,205,275,34,309,514
06/08/2021,MWH,WA,ANM,WE,Combined TRACON& Tower with Radar,11,25,6,35,77,8,106,11,10,135,19,131,17,45,212,252,8,260,472
06/09/2021,MWH,WA,ANM,WE,Combined TRACON& Tower with Radar,11,47,3,5,66,5,76,9,8,98,16,123,12,13,164,202,6,208,372
06/10/2021,MWH,WA,ANM,WE,Combined TRACON& Tower with Radar,15,27,10,4,56,2,46,8,1,57,17,73,18,5,113,156,10,166,279
06/11/2021,MWH,WA,ANM,WE,Combined TRACON& Tower with Radar,6,0,10,4,20,0,0,15,0,15,6,0,25,4,35,10,0,10,45
06/12/2021,MWH,WA,ANM,WE,Combined TRACON& Tower with Radar,4,0,10,0,14,0,0,25,0,25,4,0,35,0,39,40,0,40,79
06/13/2021,MWH,WA,ANM,WE,Combined TRACON& Tower with Radar,0,0,3,2,5,0,0,13,2,15,0,0,16,4,20,2,0,2,22
06/14/2021,MWH,WA,ANM,WE,Combined TRACON& Tower with Radar,25,33,2,23,83,6,34,2,17,59,31,67,4,40,142,76,67,143,285
06/15/2021,MWH,WA,ANM,WE,Combined TRACON& Tower with Radar,13,23,5,7,48,0,34,14,11,59,13,57,19,18,107,130,30,160,267
06/16/2021,MWH,WA,ANM,WE,Combined TRACON& Tower with Radar,19,20,14,8,61,1,26,48,11,86,20,46,62,19,147,132,20,152,299
06/17/2021,MWH,WA,ANM,WE,Combined TRACON& Tower with Radar,14,5,8,10,37,0,8,16,8,32,14,13,24,18,69,4,27,31,100
06/18/2021,MWH,WA,ANM,WE,Combined TRACON& Tower with Radar,14,0,1,1,16,2,4,25,1,32,16,4,26,2,48,2,0,2,50
06/19/2021,MWH,WA,ANM,WE,Combined TRACON& Tower with Radar,0,0,2,3,5,0,0,33,2,35,0,0,35,5,40,2,0,2,42
06/20/2021,MWH,WA,ANM,WE,Combined TRACON& Tower with Radar,0,0,1,5,6,0,0,14,0,14,0,0,15,5,20,2,0,2,22
06/21/2021,MWH,WA,ANM,WE,Combined TRACON& Tower with Radar,14,0,4,9,27,0,0,8,2,10,14,0,12,11,37,8,0,8,45
06/22/2021,MWH,WA,ANM,WE,Combined TRACON& Tower with Radar,27,0,8,7,42,0,1,8,4,13,27,1,16,11,55,16,16,32,87
06/23/2021,MWH,WA,ANM,WE,Combined TRACON& Tower with Radar,8,0,5,11,24,18,2,17,16,53,26,2,22,27,77,50,38,88,165
06/24/2021,MWH,WA,ANM,WE,Combined TRACON& Tower with Radar,24,0,1,8,33,14,0,11,11,36,38,0,12,19,69,31,13,44,113
06/25/2021,MWH,WA,ANM,WE,Combined TRACON& Tower with Radar,32,0,2,1,35,8,0,9,2,19,40,0,11,3,54,0,12,12,66
06/26/2021,MWH,WA,ANM,WE,Combined TRACON& Tower with Radar,17,0,3,0,20,2,0,9,0,11,19,0,12,0,31,0,0,0,31
06/27/2021,MWH,WA,ANM,WE,Combined TRACON& Tower with Radar,9,0,2,0,11,0,3,12,0,15,9,3,14,0,26,0,0,0,26
06/28/2021,MWH,WA,ANM,WE,Combined TRACON& Tower with Radar,9,17,5,0,31,11,23,8,1,43,20,40,13,1,74,90,0,90,164
06/29/2021,MWH,WA,ANM,WE,Combined TRACON& Tower with Radar,6,31,4,2,43,17,51,12,8,88,23,82,16,10,131,176,20,196,327
06/30/2021,MWH,WA,ANM,WE,Combined TRACON& Tower with Radar,16,31,9,7,63,0,85,8,5,98,16,116,17,12,161,293,27,320,481
07/01/2021,MWH,WA,ANM,WE,Combined TRACON& Tower with Radar,17,43,15,20,95,17,94,12,14,137,34,137,27,34,232,271,16,287,519
07/02/2021,MWH,WA,ANM,WE,Combined TRACON& Tower with Radar,19,48,3,16,86,0,95,19,0,114,19,143,22,16,200,302,0,302,502
07/03/2021,MWH,WA,ANM,WE,Combined TRACON& Tower with Radar,0,0,3,0,3,20,9,17,0,46,20,9,20,0,49,0,0,0,49
07/04/2021,MWH,WA,ANM,WE,Combined TRACON& Tower with Radar,0,0,1,0,1,2,1,9,0,12,2,1,10,0,13,0,0,0,13
07/05/2021,MWH,WA,ANM,WE,Combined TRACON& Tower with Radar,0,0,1,0,1,21,14,16,7,58,21,14,17,7,59,14,0,14,73
07/06/2021,MWH,WA,ANM,WE,Combined TRACON& Tower with Radar,7,39,7,13,66,14,84,27,25,150,21,123,34,38,216,381,36,417,633
07/07/2021,MWH,WA,ANM,WE,Combined TRACON& Tower with Radar,10,28,5,6,49,4,58,23,20,105,14,86,28,26,154,336,12,348,502
07/08/2021,MWH,WA,ANM,WE,Combined TRACON& Tower with Radar,41,36,10,22,109,55,149,21,57,282,96,185,31,79,391,396,49,445,836
07/09/2021,MWH,WA,ANM,WE,Combined TRACON& Tower with Radar,17,26,8,8,59,38,122,49,27,236,55,148,57,35,295,272,10,282,577
07/10/2021,MWH,WA,ANM,WE,Combined TRACON& Tower with Radar,8,0,6,0,14,0,13,14,1,28,8,13,20,1,42,0,0,0,42
07/11/2021,MWH,WA,ANM,WE,Combined TRACON& Tower with Radar,4,0,1,0,5,25,5,15,6,51,29,5,16,6,56,2,0,2,58
07/12/2021,MWH,WA,ANM,WE,Combined TRACON& Tower with Radar,12,44,8,12,76,5,113,13,17,148,17,157,21,29,224,213,56,269,493
07/13/2021,MWH,WA,ANM,WE,Combined TRACON& Tower with Radar,14,30,8,8,60,40,112,9,14,175,54,142,17,22,235,414,44,458,693
07/14/2021,MWH,WA,ANM,WE,Combined TRACON& Tower with Radar,9,39,16,9,73,67,76,34,19,196,76,115,50,28,269,326,15,341,610
07/15/2021,MWH,WA,ANM,WE,Combined TRACON& Tower with Radar,9,33,15,5,62,18,86,27,10,141,27,119,42,15,203,285,12,297,500
07/16/2021,MWH,WA,ANM,WE,Combined TRACON& Tower with Radar,12,48,6,1,67,46,93,41,12,192,58,141,47,13,259,270,0,270,529
07/17/2021,MWH,WA,ANM,WE,Combined TRACON& Tower with Radar,6,1,9,1,17,41,11,26,14,92,47,12,35,15,109,26,0,26,135
07/18/2021,MWH,WA,ANM,WE,Combined TRACON& Tower with Radar,0,0,9,1,10,35,2,19,16,72,35,2,28,17,82,4,6,10,92
07/19/2021,MWH,WA,ANM,WE,Combined TRACON& Tower with Radar,16,50,8,26,100,13,101,23,23,160,29,151,31,49,260,330,54,384,644
07/20/2021,MWH,WA,ANM,WE,Combined TRACON& Tower with Radar,14,39,6,3,62,23,86,13,6,128,37,125,19,9,190,186,0,186,376
07/21/2021,MWH,WA,ANM,WE,Combined TRACON& Tower with Radar,8,62,11,31,112,10,55,22,28,115,18,117,33,59,227,177,32,209,436
07/22/2021,MWH,WA,ANM,WE,Combined TRACON& Tower with Radar,17,43,6,14,80,31,50,21,7,109,48,93,27,21,189,251,0,251,440
07/23/2021,MWH,WA,ANM,WE,Combined TRACON& Tower with Radar,33,29,7,16,85,36,57,17,22,132,69,86,24,38,217,252,20,272,489
07/24/2021,MWH,WA,ANM,WE,Combined TRACON& Tower with Radar,7,0,4,0,11,69,4,13,0,86,76,4,17,0,97,24,0,24,121
07/25/2021,MWH,WA,ANM,WE,Combined TRACON& Tower with Radar,0,2,2,0,4,31,7,23,3,64,31,9,25,3,68,66,0,66,134
07/26/2021,MWH,WA,ANM,WE,Combined TRACON& Tower with Radar,18,65,11,27,121,9,55,14,6,84,27,120,25,33,205,282,18,300,505
07/27/2021,MWH,WA,ANM,WE,Combined TRACON& Tower with Radar,8,60,6,27,101,10,66,20,3,99,18,126,26,30,200,394,6,400,600
07/28/2021,MWH,WA,ANM,WE,Combined TRACON& Tower with Radar,5,53,14,9,81,27,63,17,26,133,32,116,31,35,214,256,34,290,504
07/29/2021,MWH,WA,ANM,WE,Combined TRACON& Tower with Radar,7,56,6,18,87,44,76,14,25,159,51,132,20,43,246,268,74,342,588
07/30/2021,MWH,WA,ANM,WE,Combined TRACON& Tower with Radar,15,30,4,4,53,47,49,13,27,136,62,79,17,31,189,224,18,242,431
07/31/2021,MWH,WA,ANM,WE,Combined TRACON& Tower with Radar,3,3,5,17,28,42,2,6,1,51,45,5,11,18,79,0,0,0,79
08/01/2021,MWH,WA,ANM,WE,Combined TRACON& Tower with Radar,4,0,8,0,12,0,0,1,0,1,4,0,9,0,13,0,0,0,13
08/02/2021,MWH,WA,ANM,WE,Combined TRACON& Tower with Radar,10,0,14,15,39,2,3,1,1,7,12,3,15,16,46,0,0,0,46
08/03/2021,MWH,WA,ANM,WE,Combined TRACON& Tower with Radar,15,36,12,23,86,44,48,20,28,140,59,84,32,51,226,281,38,319,545
08/04/2021,MWH,WA,ANM,WE,Combined TRACON& Tower with Radar,18,27,5,17,67,74,60,16,45,195,92,87,21,62,262,176,40,216,478
08/05/2021,MWH,WA,ANM,WE,Combined TRACON& Tower with Radar,26,13,6,10,55,75,41,32,27,175,101,54,38,37,230,168,44,212,442
08/06/2021,MWH,WA,ANM,WE,Combined TRACON& Tower with Radar,0,1,5,3,9,65,25,13,14,117,65,26,18,17,126,34,8,42,168
08/07/2021,MWH,WA,ANM,WE,Combined TRACON& Tower with Radar,8,0,11,2,21,68,5,26,21,120,76,5,37,23,141,13,0,13,154
08/08/2021,MWH,WA,ANM,WE,Combined TRACON& Tower with Radar,4,0,8,0,12,51,13,15,8,87,55,13,23,8,99,0,0,0,99
08/09/2021,MWH,WA,ANM,WE,Combined TRACON& Tower with Radar,13,2,6,28,49,48,9,18,30,105,61,11,24,58,154,43,34,77,231
08/10/2021,MWH,WA,ANM,WE,Combined TRACON& Tower with Radar,13,0,9,28,50,98,13,37,21,169,111,13,46,49,219,28,42,70,289
08/11/2021,MWH,WA,ANM,WE,Combined TRACON& Tower with Radar,9,0,15,37,61,106,12,31,15,164,115,12,46,52,225,35,48,83,308
08/12/2021,MWH,WA,ANM,WE,Combined TRACON& Tower with Radar,16,2,18,9,45,10,2,7,2,21,26,4,25,11,66,0,4,4,70
08/13/2021,MWH,WA,ANM,WE,Combined TRACON& Tower with Radar,28,0,18,3,49,0,0,2,0,2,28,0,20,3,51,0,0,0,51
08/14/2021,MWH,WA,ANM,WE,Combined TRACON& Tower with Radar,8,0,6,1,15,0,0,0,1,1,8,0,6,2,16,0,0,0,16
08/15/2021,MWH,WA,ANM,WE,Combined TRACON& Tower with Radar,4,0,7,0,11,59,5,17,10,91,63,5,24,10,102,4,0,4,106
08/16/2021,MWH,WA,ANM,WE,Combined TRACON& Tower with Radar,15,5,8,17,45,48,23,30,14,115,63,28,38,31,160,10,38,48,208
08/17/2021,MWH,WA,ANM,WE,Combined TRACON& Tower with Radar,9,1,10,4,24,18,8,10,4,40,27,9,20,8,64,28,24,52,116
08/18/2021,MWH,WA,ANM,WE,Combined TRACON& Tower with Radar,17,2,22,8,49,71,1,30,10,112,88,3,52,18,161,14,18,32,193
08/19/2021,MWH,WA,ANM,WE,Combined TRACON& Tower with Radar,27,2,9,6,44,31,11,38,12,92,58,13,47,18,136,56,56,112,248
08/20/2021,MWH,WA,ANM,WE,Combined TRACON& Tower with Radar,19,0,20,8,47,27,0,20,6,53,46,0,40,14,100,22,50,72,172
08/21/2021,MWH,WA,ANM,WE,Combined TRACON& Tower with Radar,5,0,5,0,10,1,9,18,1,29,6,9,23,1,39,46,0,46,85
08/22/2021,MWH,WA,ANM,WE,Combined TRACON& Tower with Radar,9,0,3,0,12,2,2,6,1,11,11,2,9,1,23,0,0,0,23
08/23/2021,MWH,WA,ANM,WE,Combined TRACON& Tower with Radar,38,1,6,2,47,8,1,22,8,39,46,2,28,10,86,13,15,28,114
08/24/2021,MWH,WA,ANM,WE,Combined TRACON& Tower with Radar,13,0,13,9,35,41,6,33,8,88,54,6,46,17,123,32,16,48,171
08/25/2021,MWH,WA,ANM,WE,Combined TRACON& Tower with Radar,7,0,13,3,23,6,6,33,5,50,13,6,46,8,73,12,0,12,85
08/26/2021,MWH,WA,ANM,WE,Combined TRACON& Tower with Radar,29,8,4,15,56,25,8,25,14,72,54,16,29,29,128,72,56,128,256
08/27/2021,MWH,WA,ANM,WE,Combined TRACON& Tower with Radar,23,2,13,5,43,39,2,24,17,82,62,4,37,22,125,4,28,32,157
08/28/2021,MWH,WA,ANM,WE,Combined TRACON& Tower with Radar,11,0,2,0,13,17,0,16,1,34,28,0,18,1,47,0,0,0,47
08/29/2021,MWH,WA,ANM,WE,Combined TRACON& Tower with Radar,8,0,8,0,16,19,9,14,3,45,27,9,22,3,61,12,0,12,73
08/30/2021,MWH,WA,ANM,WE,Combined TRACON& Tower with Radar,7,2,15,4,28,7,9,13,2,31,14,11,28,6,59,0,6,6,65
08/31/2021,MWH,WA,ANM,WE,Combined TRACON& Tower with Radar,14,2,7,1,24,5,4,16,7,32,19,6,23,8,56,8,28,36,92
09/01/2021,MWH,WA,ANM,WE,Combined TRACON& Tower with Radar,23,0,6,8,37,3,3,28,14,48,26,3,34,22,85,0,26,26,111
09/02/2021,MWH,WA,ANM,WE,Combined TRACON& Tower with Radar,17,0,4,5,26,18,9,14,11,52,35,9,18,16,78,2,14,16,94
09/03/2021,MWH,WA,ANM,WE,Combined TRACON& Tower with Radar,25,0,5,2,32,4,2,29,0,35,29,2,34,2,67,4,0,4,71
09/04/2021,MWH,WA,ANM,WE,Combined TRACON& Tower with Radar,0,1,2,1,4,0,7,8,7,22,0,8,10,8,26,6,3,9,35
09/05/2021,MWH,WA,ANM,WE,Combined TRACON& Tower with Radar,1,2,4,0,7,2,4,14,0,20,3,6,18,0,27,0,0,0,27
09/06/2021,MWH,WA,ANM,WE,Combined TRACON& Tower with Radar,0,0,5,0,5,4,2,15,0,21,4,2,20,0,26,2,0,2,28
09/07/2021,MWH,WA,ANM,WE,Combined TRACON& Tower with Radar,0,3,7,13,23,2,10,23,23,58,2,13,30,36,81,15,26,41,122
09/08/2021,MWH,WA,ANM,WE,Combined TRACON& Tower with Radar,18,0,4,21,43,4,5,20,24,53,22,5,24,45,96,4,40,44,140
09/09/2021,MWH,WA,ANM,WE,Combined TRACON& Tower with Radar,4,1,11,39,55,4,4,33,6,47,8,5,44,45,102,12,55,67,169
09/10/2021,MWH,WA,ANM,WE,Combined TRACON& Tower with Radar,11,3,11,0,25,0,11,13,0,24,11,14,24,0,49,45,0,45,94
09/11/2021,MWH,WA,ANM,WE,Combined TRACON& Tower with Radar,0,2,6,5,13,0,2,11,0,13,0,4,17,5,26,22,0,22,48
09/12/2021,MWH,WA,ANM,WE,Combined TRACON& Tower with Radar,0,0,5,0,5,0,0,18,0,18,0,0,23,0,23,0,0,0,23
09/13/2021,MWH,WA,ANM,WE,Combined TRACON& Tower with Radar,14,0,5,26,45,7,5,20,26,58,21,5,25,52,103,12,70,82,185
09/14/2021,MWH,WA,ANM,WE,Combined TRACON& Tower with Radar,40,2,6,23,71,9,45,21,7,82,49,47,27,30,153,226,45,271,424
09/15/2021,MWH,WA,ANM,WE,Combined TRACON& Tower with Radar,25,0,10,12,47,5,73,20,0,98,30,73,30,12,145,189,18,207,352
09/16/2021,MWH,WA,ANM,WE,Combined TRACON& Tower with Radar,23,1,10,6,40,19,57,23,18,117,42,58,33,24,157,206,34,240,397
09/17/2021,MWH,WA,ANM,WE,Combined TRACON& Tower with Radar,22,3,5,8,38,37,11,14,9,71,59,14,19,17,109,60,20,80,189
09/18/2021,MWH,WA,ANM,WE,Combined TRACON& Tower with Radar,8,0,6,0,14,0,0,9,0,9,8,0,15,0,23,2,0,2,25
09/19/2021,MWH,WA,ANM,WE,Combined TRACON& Tower with Radar,8,1,4,2,15,0,0,8,0,8,8,1,12,2,23,2,10,12,35
09/20/2021,MWH,WA,ANM,WE,Combined TRACON& Tower with Radar,6,0,10,9,25,6,96,26,14,142,12,96,36,23,167,299,26,325,492
09/21/2021,MWH,WA,ANM,WE,Combined TRACON& Tower with Radar,26,0,6,36,68,15,96,28,16,155,41,96,34,52,223,325,46,371,594
09/22/2021,MWH,WA,ANM,WE,Combined TRACON& Tower with Radar,12,2,7,23,44,0,103,31,31,165,12,105,38,54,209,348,48,396,605
09/23/2021,MWH,WA,ANM,WE,Combined TRACON& Tower with Radar,7,0,5,9,21,16,88,20,32,156,23,88,25,41,177,455,98,553,730
09/24/2021,MWH,WA,ANM,WE,Combined TRACON& Tower with Radar,56,0,7,6,69,82,5,16,3,106,138,5,23,9,175,26,8,34,209
09/25/2021,MWH,WA,ANM,WE,Combined TRACON& Tower with Radar,7,0,3,0,10,7,0,14,0,21,14,0,17,0,31,0,0,0,31
09/26/2021,MWH,WA,ANM,WE,Combined TRACON& Tower with Radar,0,1,5,0,6,18,11,12,2,43,18,12,17,2,49,0,0,0,49
09/27/2021,MWH,WA,ANM,WE,Combined TRACON& Tower with Radar,32,8,8,19,67,2,63,0,6,71,34,71,8,25,138,306,35,341,479
09/28/2021,MWH,WA,ANM,WE,Combined TRACON& Tower with Radar,5,6,5,7,23,22,78,11,6,117,27,84,16,13,140,369,50,419,559
09/29/2021,MWH,WA,ANM,WE,Combined TRACON& Tower with Radar,14,14,11,2,41,14,113,10,11,148,28,127,21,13,189,480,2,482,671
09/30/2021,MWH,WA,ANM,WE,Combined TRACON& Tower with Radar,11,9,12,3,35,21,109,5,0,135,32,118,17,3,170,508,6,514,684
10/01/2021,MWH,WA,ANM,WE,Combined TRACON& Tower with Radar,9,1,17,4,31,0,5,18,4,27,9,6,35,8,58,14,12,26,84
10/02/2021,MWH,WA,ANM,WE,Combined TRACON& Tower with Radar,0,0,3,0,3,0,0,15,5,20,0,0,18,5,23,24,0,24,47
10/03/2021,MWH,WA,ANM,WE,Combined TRACON& Tower with Radar,0,0,2,0,2,0,1,14,0,15,0,1,16,0,17,32,0,32,49
10/04/2021,MWH,WA,ANM,WE,Combined TRACON& Tower with Radar,9,10,5,7,31,9,101,27,23,160,18,111,32,30,191,418,48,466,657
10/05/2021,MWH,WA,ANM,WE,Combined TRACON& Tower with Radar,26,0,10,21,57,6,89,6,25,126,32,89,16,46,183,288,64,352,535
10/06/2021,MWH,WA,ANM,WE,Combined TRACON& Tower with Radar,19,7,13,21,60,7,88,29,32,156,26,95,42,53,216,381,48,429,645
10/07/2021,MWH,WA,ANM,WE,Combined TRACON& Tower with Radar,6,8,9,31,54,0,23,16,18,57,6,31,25,49,111,0,0,0,111
10/08/2021,MWH,WA,ANM,WE,Combined TRACON& Tower with Radar,31,1,2,9,43,5,4,19,3,31,36,5,21,12,74,2,12,14,88
10/09/2021,MWH,WA,ANM,WE,Combined TRACON& Tower with Radar,26,0,4,6,36,2,1,15,1,19,28,1,19,7,55,19,15,34,89
10/10/2021,MWH,WA,ANM,WE,Combined TRACON& Tower with Radar,4,0,3,0,7,0,0,2,0,2,4,0,5,0,9,2,0,2,11
10/11/2021,MWH,WA,ANM,WE,Combined TRACON& Tower with Radar,14,13,8,0,35,15,85,18,0,118,29,98,26,0,153,284,0,284,437
10/12/2021,MWH,WA,ANM,WE,Combined TRACON& Tower with Radar,23,2,2,21,48,0,91,15,21,127,23,93,17,42,175,345,20,365,540
10/13/2021,MWH,WA,ANM,WE,Combined TRACON& Tower with Radar,17,20,7,12,56,2,62,3,7,74,19,82,10,19,130,376,4,380,510
10/14/2021,MWH,WA,ANM,WE,Combined TRACON& Tower with Radar,0,17,6,15,38,0,87,12,23,122,0,104,18,38,160,241,26,267,427
10/15/2021,MWH,WA,ANM,WE,Combined TRACON& Tower with Radar,9,1,13,4,27,27,18,21,22,88,36,19,34,26,115,10,0,10,125
10/16/2021,MWH,WA,ANM,WE,Combined TRACON& Tower with Radar,12,2,12,0,26,0,2,22,0,24,12,4,34,0,50,19,0,19,69
10/17/2021,MWH,WA,ANM,WE,Combined TRACON& Tower with Radar,0,2,5,2,9,0,0,10,0,10,0,2,15,2,19,22,0,22,41
10/18/2021,MWH,WA,ANM,WE,Combined TRACON& Tower with Radar,26,16,9,26,77,16,93,8,17,134,42,109,17,43,211,441,48,489,700
10/19/2021,MWH,WA,ANM,WE,Combined TRACON& Tower with Radar,8,11,6,13,38,8,116,17,3,144,16,127,23,16,182,352,2,354,536
10/20/2021,MWH,WA,ANM,WE,Combined TRACON& Tower with Radar,10,14,5,8,37,8,69,2,3,82,18,83,7,11,119,320,0,320,439
10/21/2021,MWH,WA,ANM,WE,Combined TRACON& Tower with Radar,17,9,5,32,63,15,70,5,40,130,32,79,10,72,193,314,56,370,563
10/22/2021,MWH,WA,ANM,WE,Combined TRACON& Tower with Radar,12,1,8,0,21,0,0,3,0,3,12,1,11,0,24,0,0,0,24
10/23/2021,MWH,WA,ANM,WE,Combined TRACON& Tower with Radar,18,1,0,0,19,6,0,14,0,20,24,1,14,0,39,27,0,27,66
10/24/2021,MWH,WA,ANM,WE,Combined TRACON& Tower with Radar,1,3,4,0,8,0,0,0,0,0,1,3,4,0,8,0,0,0,8
10/25/2021,MWH,WA,ANM,WE,Combined TRACON& Tower with Radar,15,23,6,14,58,0,95,4,57,156,15,118,10,71,214,321,60,381,595
10/26/2021,MWH,WA,ANM,WE,Combined TRACON& Tower with Radar,26,11,1,10,48,1,84,6,5,96,27,95,7,15,144,281,29,310,454
10/27/2021,MWH,WA,ANM,WE,Combined TRACON& Tower with Radar,8,21,11,4,44,10,76,9,3,98,18,97,20,7,142,274,0,274,416
10/28/2021,MWH,WA,ANM,WE,Combined TRACON& Tower with Radar,9,8,5,12,34,0,77,4,20,101,9,85,9,32,135,330,12,342,477
10/29/2021,MWH,WA,ANM,WE,Combined TRACON& Tower with Radar,27,3,7,12,49,0,0,7,1,8,27,3,14,13,57,0,12,12,69
10/30/2021,MWH,WA,ANM,WE,Combined TRACON& Tower with Radar,0,12,2,0,14,0,4,39,0,43,0,16,41,0,57,62,0,62,119
10/31/2021,MWH,WA,ANM,WE,Combined TRACON& Tower with Radar,19,0,1,0,20,0,0,35,0,35,19,0,36,0,55,48,0,48,103
11/01/2021,MWH,WA,ANM,WE,Combined TRACON& Tower with Radar,7,12,3,26,48,2,121,12,6,141,9,133,15,32,189,427,22,449,638
11/02/2021,MWH,WA,ANM,WE,Combined TRACON& Tower with Radar,23,6,8,15,52,9,62,5,3,79,32,68,13,18,131,314,0,314,445
11/03/2021,MWH,WA,ANM,WE,Combined TRACON& Tower with Radar,22,14,13,17,66,5,30,1,8,44,27,44,14,25,110,282,2,284,394
11/04/2021,MWH,WA,ANM,WE,Combined TRACON& Tower with Radar,9,8,12,6,35,0,19,4,9,32,9,27,16,15,67,186,58,244,311
11/05/2021,MWH,WA,ANM,WE,Combined TRACON& Tower with Radar,20,3,6,10,39,7,0,14,11,32,27,3,20,21,71,2,50,52,123
11/06/2021,MWH,WA,ANM,WE,Combined TRACON& Tower with Radar,13,0,6,1,20,0,0,3,7,10,13,0,9,8,30,4,2,6,36
11/07/2021,MWH,WA,ANM,WE,Combined TRACON& Tower with Radar,4,0,6,0,10,0,0,6,0,6,4,0,12,0,16,0,0,0,16
11/08/2021,MWH,WA,ANM,WE,Combined TRACON& Tower with Radar,7,13,9,31,60,15,110,14,10,149,22,123,23,41,209,404,68,472,681
11/09/2021,MWH,WA,ANM,WE,Combined TRACON& Tower with Radar,16,12,9,7,44,2,37,6,6,51,18,49,15,13,95,219,20,239,334
11/10/2021,MWH,WA,ANM,WE,Combined TRACON& Tower with Radar,15,7,10,46,78,2,119,22,12,155,17,126,32,58,233,441,50,491,724
11/11/2021,MWH,WA,ANM,WE,Combined TRACON& Tower with Radar,15,2,6,0,23,0,0,1,0,1,15,2,7,0,24,0,0,0,24
11/12/2021,MWH,WA,ANM,WE,Combined TRACON& Tower with Radar,14,1,13,0,28,0,0,0,0,0,14,1,13,0,28,0,0,0,28
11/13/2021,MWH,WA,ANM,WE,Combined TRACON& Tower with Radar,11,0,7,0,18,0,0,17,0,17,11,0,24,0,35,16,0,16,51
11/14/2021,MWH,WA,ANM,WE,Combined TRACON& Tower with Radar,9,1,3,0,13,0,0,4,0,4,9,1,7,0,17,10,0,10,27
11/15/2021,MWH,WA,ANM,WE,Combined TRACON& Tower with Radar,15,10,6,9,40,5,22,3,3,33,20,32,9,12,73,58,8,66,139
11/16/2021,MWH,WA,ANM,WE,Combined TRACON& Tower with Radar,25,7,8,6,46,8,30,12,11,61,33,37,20,17,107,88,16,104,211
11/17/2021,MWH,WA,ANM,WE,Combined TRACON& Tower with Radar,23,25,8,16,72,19,102,34,20,175,42,127,42,36,247,418,64,482,729
11/18/2021,MWH,WA,ANM,WE,Combined TRACON& Tower with Radar,31,10,2,15,58,20,59,18,7,104,51,69,20,22,162,146,22,168,330
11/19/2021,MWH,WA,ANM,WE,Combined TRACON& Tower with Radar,16,8,5,15,44,0,0,7,8,15,16,8,12,23,59,0,33,33,92
11/20/2021,MWH,WA,ANM,WE,Combined TRACON& Tower with Radar,11,0,9,0,20,0,0,4,0,4,11,0,13,0,24,4,0,4,28
11/21/2021,MWH,WA,ANM,WE,Combined TRACON& Tower with Radar,11,4,4,0,19,0,0,5,0,5,11,4,9,0,24,2,0,2,26
11/22/2021,MWH,WA,ANM,WE,Combined TRACON& Tower with Radar,16,6,1,4,27,0,0,0,0,0,16,6,1,4,27,0,0,0,27
11/23/2021,MWH,WA,ANM,WE,Combined TRACON& Tower with Radar,10,6,11,3,30,0,5,17,5,27,10,11,28,8,57,54,4,58,115
11/24/2021,MWH,WA,ANM,WE,Combined TRACON& Tower with Radar,5,1,2,2,10,0,0,11,11,22,5,1,13,13,32,12,12,24,56
11/25/2021,MWH,WA,ANM,WE,Combined TRACON& Tower with Radar,0,2,0,0,2,0,0,12,0,12,0,2,12,0,14,24,0,24,38
11/26/2021,MWH,WA,ANM,WE,Combined TRACON& Tower with Radar,0,0,3,0,3,0,2,22,0,24,0,2,25,0,27,44,0,44,71
11/27/2021,MWH,WA,ANM,WE,Combined TRACON& Tower with Radar,4,2,8,0,14,0,0,2,0,2,4,2,10,0,16,0,0,0,16
11/28/2021,MWH,WA,ANM,WE,Combined TRACON& Tower with Radar,0,0,4,0,4,0,0,9,0,9,0,0,13,0,13,4,0,4,17
11/29/2021,MWH,WA,ANM,WE,Combined TRACON& Tower with Radar,0,30,3,22,55,0,85,19,30,134,0,115,22,52,189,417,88,505,694
11/30/2021,MWH,WA,ANM,WE,Combined TRACON& Tower with Radar,12,35,2,15,64,0,88,10,37,135,12,123,12,52,199,376,28,404,603
12/01/2021,MWH,WA,ANM,WE,Combined TRACON& Tower with Radar,17,24,3,16,60,0,60,24,36,120,17,84,27,52,180,129,61,190,370
12/02/2021,MWH,WA,ANM,WE,Combined TRACON& Tower with Radar,24,24,0,12,60,1,87,14,34,136,25,111,14,46,196,489,60,549,745
12/03/2021,MWH,WA,ANM,WE,Combined TRACON& Tower with Radar,23,14,17,10,64,11,9,27,0,47,34,23,44,10,111,48,18,66,177
12/04/2021,MWH,WA,ANM,WE,Combined TRACON& Tower with Radar,17,6,4,0,27,3,1,14,0,18,20,7,18,0,45,18,0,18,63
12/05/2021,MWH,WA,ANM,WE,Combined TRACON& Tower with Radar,5,0,9,2,16,0,0,31,0,31,5,0,40,2,47,3,0,3,50
12/06/2021,MWH,WA,ANM,WE,Combined TRACON& Tower with Radar,17,12,2,49,80,23,50,8,19,100,40,62,10,68,180,181,76,257,437
12/07/2021,MWH,WA,ANM,WE,Combined TRACON& Tower with Radar,20,1,7,43,71,0,23,3,3,29,20,24,10,46,100,90,0,90,190
12/08/2021,MWH,WA,ANM,WE,Combined TRACON& Tower with Radar,25,8,10,22,65,2,19,9,32,62,27,27,19,54,127,32,104,136,263
12/09/2021,MWH,WA,ANM,WE,Combined TRACON& Tower with Radar,11,11,11,22,55,12,10,18,28,68,23,21,29,50,123,26,82,108,231
12/10/2021,MWH,WA,ANM,WE,Combined TRACON& Tower with Radar,22,4,7,1,34,0,0,9,8,17,22,4,16,9,51,0,8,8,59
12/11/2021,MWH,WA,ANM,WE,Combined TRACON& Tower with Radar,17,0,1,0,18,0,0,0,0,0,17,0,1,0,18,0,0,0,18
12/12/2021,MWH,WA,ANM,WE,Combined TRACON& Tower with Radar,4,0,5,4,13,0,0,12,4,16,4,0,17,8,29,16,0,16,45
12/13/2021,MWH,WA,ANM,WE,Combined TRACON& Tower with Radar,17,6,5,17,45,8,0,2,24,34,25,6,7,41,79,0,6,6,85
12/14/2021,MWH,WA,ANM,WE,Combined TRACON& Tower with Radar,17,11,5,19,52,11,0,11,0,22,28,11,16,19,74,4,0,4,78
12/15/2021,MWH,WA,ANM,WE,Combined TRACON& Tower with Radar,17,5,5,40,67,8,4,15,17,44,25,9,20,57,111,34,30,64,175
12/16/2021,MWH,WA,ANM,WE,Combined TRACON& Tower with Radar,14,0,2,21,37,0,0,9,15,24,14,0,11,36,61,0,0,0,61
12/17/2021,MWH,WA,ANM,WE,Combined TRACON& Tower with Radar,14,2,17,22,55,0,0,19,7,26,14,2,36,29,81,42,68,110,191
12/18/2021,MWH,WA,ANM,WE,Combined TRACON& Tower with Radar,0,1,5,0,6,0,0,0,0,0,0,1,5,0,6,0,0,0,6
12/19/2021,MWH,WA,ANM,WE,Combined TRACON& Tower with Radar,1,1,15,0,17,0,0,0,0,0,1,1,15,0,17,0,0,0,17
12/20/2021,MWH,WA,ANM,WE,Combined TRACON& Tower with Radar,11,0,5,2,18,0,0,2,0,2,11,0,7,2,20,0,0,0,20
12/21/2021,MWH,WA,ANM,WE,Combined TRACON& Tower with Radar,6,0,3,34,43,0,0,0,4,4,6,0,3,38,47,0,29,29,76
12/22/2021,MWH,WA,ANM,WE,Combined TRACON& Tower with Radar,0,0,4,0,4,0,0,0,0,0,0,0,4,0,4,0,0,0,4
12/23/2021,MWH,WA,ANM,WE,Combined TRACON& Tower with Radar,11,1,2,24,38,0,0,3,6,9,11,1,5,30,47,0,18,18,65
12/24/2021,MWH,WA,ANM,WE,Combined TRACON& Tower with Radar,0,1,3,0,4,0,0,4,0,4,0,1,7,0,8,0,0,0,8
12/25/2021,MWH,WA,ANM,WE,Combined TRACON& Tower with Radar,0,1,3,0,4,0,0,1,0,1,0,1,4,0,5,2,0,2,7
12/26/2021,MWH,WA,ANM,WE,Combined TRACON& Tower with Radar,4,5,5,0,14,0,0,0,0,0,4,5,5,0,14,0,0,0,14
12/27/2021,MWH,WA,ANM,WE,Combined TRACON& Tower with Radar,0,0,7,1,8,0,0,8,3,11,0,0,15,4,19,6,0,6,25
12/28/2021,MWH,WA,ANM,WE,Combined TRACON& Tower with Radar,11,0,1,3,15,5,1,1,0,7,16,1,2,3,22,0,16,16,38
12/29/2021,MWH,WA,ANM,WE,Combined TRACON& Tower with Radar,12,1,10,7,30,2,0,10,12,24,14,1,20,19,54,14,10,24,78
12/30/2021,MWH,WA,ANM,WE,Combined TRACON& Tower with Radar,6,0,1,0,7,0,0,0,0,0,6,0,1,0,7,0,0,0,7
12/31/2021,MWH,WA,ANM,WE,Combined TRACON& Tower with Radar,6,0,4,0,10,0,0,0,0,0,6,0,4,0,10,0,0,0,10
01/01/2022,MWH,WA,ANM,WE,Combined TRACON& Tower with Radar,0,0,4,0,4,0,3,2,0,5,0,3,6,0,9,0,0,0,9
01/02/2022,MWH,WA,ANM,WE,Combined TRACON& Tower with Radar,7,0,2,0,9,2,0,4,0,6,9,0,6,0,15,8,0,8,23
01/03/2022,MWH,WA,ANM,WE,Combined TRACON& Tower with Radar,2,2,2,0,6,0,0,0,0,0,2,2,2,0,6,0,0,0,6
01/04/2022,MWH,WA,ANM,WE,Combined TRACON& Tower with Radar,0,0,0,0,0,0,0,0,0,0,0,0,0,0,0,0,0,0,0
01/05/2022,MWH,WA,ANM,WE,Combined TRACON& Tower with Radar,5,22,4,4,35,0,28,5,0,33,5,50,9,4,68,144,0,144,212
01/06/2022,MWH,WA,ANM,WE,Combined TRACON& Tower with Radar,2,0,0,0,2,0,0,0,0,0,2,0,0,0,2,0,0,0,2
01/07/2022,MWH,WA,ANM,WE,Combined TRACON& Tower with Radar,4,1,19,9,33,0,0,2,13,15,4,1,21,22,48,2,32,34,82
01/08/2022,MWH,WA,ANM,WE,Combined TRACON& Tower with Radar,2,0,5,1,8,0,0,22,1,23,2,0,27,2,31,52,0,52,83
01/09/2022,MWH,WA,ANM,WE,Combined TRACON& Tower with Radar,4,0,4,0,8,0,2,22,0,24,4,2,26,0,32,1,0,1,33
01/10/2022,MWH,WA,ANM,WE,Combined TRACON& Tower with Radar,8,1,5,19,33,0,61,9,6,76,8,62,14,25,109,349,16,365,474
01/11/2022,MWH,WA,ANM,WE,Combined TRACON& Tower with Radar,8,0,1,1,10,0,60,1,0,61,8,60,2,1,71,291,0,291,362
01/12/2022,MWH,WA,ANM,WE,Combined TRACON& Tower with Radar,0,14,3,17,34,0,82,7,26,115,0,96,10,43,149,328,16,344,493
01/13/2022,MWH,WA,ANM,WE,Combined TRACON& Tower with Radar,22,4,12,32,70,18,88,24,19,149,40,92,36,51,219,340,50,390,609
01/14/2022,MWH,WA,ANM,WE,Combined TRACON& Tower with Radar,6,0,2,0,8,0,0,0,0,0,6,0,2,0,8,0,0,0,8
01/15/2022,MWH,WA,ANM,WE,Combined TRACON& Tower with Radar,6,1,0,0,7,0,0,0,0,0,6,1,0,0,7,0,0,0,7
01/16/2022,MWH,WA,ANM,WE,Combined TRACON& Tower with Radar,4,4,4,0,12,0,0,0,0,0,4,4,4,0,12,0,0,0,12
01/17/2022,MWH,WA,ANM,WE,Combined TRACON& Tower with Radar,9,0,10,0,19,0,0,0,0,0,9,0,10,0,19,0,0,0,19
01/18/2022,MWH,WA,ANM,WE,Combined TRACON& Tower with Radar,0,3,9,2,14,0,0,6,0,6,0,3,15,2,20,2,0,2,22
01/19/2022,MWH,WA,ANM,WE,Combined TRACON& Tower with Radar,14,1,9,3,27,0,0,0,0,0,14,1,9,3,27,0,0,0,27
01/20/2022,MWH,WA,ANM,WE,Combined TRACON& Tower with Radar,2,1,3,4,10,0,0,0,0,0,2,1,3,4,10,0,0,0,10
01/21/2022,MWH,WA,ANM,WE,Combined TRACON& Tower with Radar,25,0,12,13,50,2,0,26,10,38,27,0,38,23,88,14,26,40,128
01/22/2022,MWH,WA,ANM,WE,Combined TRACON& Tower with Radar,4,0,2,0,6,0,0,0,0,0,4,0,2,0,6,0,0,0,6
01/23/2022,MWH,WA,ANM,WE,Combined TRACON& Tower with Radar,2,0,2,0,4,0,0,0,0,0,2,0,2,0,4,0,0,0,4
01/24/2022,MWH,WA,ANM,WE,Combined TRACON& Tower with Radar,7,1,0,0,8,0,0,0,0,0,7,1,0,0,8,0,0,0,8
01/25/2022,MWH,WA,ANM,WE,Combined TRACON& Tower with Radar,17,2,5,3,27,0,0,0,0,0,17,2,5,3,27,0,0,0,27
01/26/2022,MWH,WA,ANM,WE,Combined TRACON& Tower with Radar,16,1,9,28,54,0,9,1,0,10,16,10,10,28,64,166,0,166,230
01/27/2022,MWH,WA,ANM,WE,Combined TRACON& Tower with Radar,12,2,9,12,35,0,46,1,0,47,12,48,10,12,82,306,7,313,395
01/28/2022,MWH,WA,ANM,WE,Combined TRACON& Tower with Radar,21,0,5,6,32,0,0,7,0,7,21,0,12,6,39,21,0,21,60
01/29/2022,MWH,WA,ANM,WE,Combined TRACON& Tower with Radar,4,1,6,2,13,0,0,0,0,0,4,1,6,2,13,0,0,0,13
01/30/2022,MWH,WA,ANM,WE,Combined TRACON& Tower with Radar,4,1,3,0,8,0,0,0,0,0,4,1,3,0,8,0,0,0,8
01/31/2022,MWH,WA,ANM,WE,Combined TRACON& Tower with Radar,2,18,8,43,71,0,87,31,36,154,2,105,39,79,225,314,95,409,634
02/01/2022,MWH,WA,ANM,WE,Combined TRACON& Tower with Radar,27,24,7,15,73,27,98,24,31,180,54,122,31,46,253,276,24,300,553
02/02/2022,MWH,WA,ANM,WE,Combined TRACON& Tower with Radar,25,11,9,24,69,1,94,10,31,136,26,105,19,55,205,264,29,293,498
02/03/2022,MWH,WA,ANM,WE,Combined TRACON& Tower with Radar,22,16,18,14,70,30,64,16,18,128,52,80,34,32,198,171,20,191,389
02/04/2022,MWH,WA,ANM,WE,Combined TRACON& Tower with Radar,15,1,21,25,62,0,0,0,0,0,15,1,21,25,62,2,0,2,64
02/05/2022,MWH,WA,ANM,WE,Combined TRACON& Tower with Radar,5,0,5,0,10,0,0,10,0,10,5,0,15,0,20,0,0,0,20
02/06/2022,MWH,WA,ANM,WE,Combined TRACON& Tower with Radar,2,1,2,0,5,0,0,10,0,10,2,1,12,0,15,10,0,10,25
02/07/2022,MWH,WA,ANM,WE,Combined TRACON& Tower with Radar,0,3,8,12,23,0,24,13,34,71,0,27,21,46,94,102,50,152,246
02/08/2022,MWH,WA,ANM,WE,Combined TRACON& Tower with Radar,17,14,15,13,59,1,103,23,7,134,18,117,38,20,193,208,106,314,507
02/09/2022,MWH,WA,ANM,WE,Combined TRACON& Tower with Radar,15,14,13,15,57,4,100,24,2,130,19,114,37,17,187,190,13,203,390
02/10/2022,MWH,WA,ANM,WE,Combined TRACON& Tower with Radar,17,15,16,36,84,0,99,23,29,151,17,114,39,65,235,253,90,343,578
02/11/2022,MWH,WA,ANM,WE,Combined TRACON& Tower with Radar,29,2,18,6,55,2,2,52,12,68,31,4,70,18,123,118,10,128,251
02/12/2022,MWH,WA,ANM,WE,Combined TRACON& Tower with Radar,8,2,13,2,25,0,1,37,0,38,8,3,50,2,63,16,0,16,79
02/13/2022,MWH,WA,ANM,WE,Combined TRACON& Tower with Radar,4,8,1,0,13,0,0,6,0,6,4,8,7,0,19,4,0,4,23
02/14/2022,MWH,WA,ANM,WE,Combined TRACON& Tower with Radar,20,27,7,21,75,2,101,10,14,127,22,128,17,35,202,308,46,354,556
02/15/2022,MWH,WA,ANM,WE,Combined TRACON& Tower with Radar,1,28,3,16,48,2,110,21,13,146,3,138,24,29,194,240,47,287,481
02/16/2022,MWH,WA,ANM,WE,Combined TRACON& Tower with Radar,20,21,15,13,69,0,96,28,40,164,20,117,43,53,233,182,80,262,495
02/17/2022,MWH,WA,ANM,WE,Combined TRACON& Tower with Radar,7,26,11,13,57,0,82,24,23,129,7,108,35,36,186,220,62,282,468
02/18/2022,MWH,WA,ANM,WE,Combined TRACON& Tower with Radar,6,4,7,7,24,0,0,33,8,41,6,4,40,15,65,62,50,112,177
02/19/2022,MWH,WA,ANM,WE,Combined TRACON& Tower with Radar,4,0,3,0,7,3,1,22,0,26,7,1,25,0,33,20,0,20,53
02/20/2022,MWH,WA,ANM,WE,Combined TRACON& Tower with Radar,0,1,3,0,4,0,0,12,0,12,0,1,15,0,16,11,0,11,27
02/21/2022,MWH,WA,ANM,WE,Combined TRACON& Tower with Radar,9,0,4,0,13,0,0,1,0,1,9,0,5,0,14,0,0,0,14
02/22/2022,MWH,WA,ANM,WE,Combined TRACON& Tower with Radar,7,6,0,6,19,0,20,9,16,45,7,26,9,22,64,50,43,93,157
02/23/2022,MWH,WA,ANM,WE,Combined TRACON& Tower with Radar,8,23,8,19,58,0,102,34,17,153,8,125,42,36,211,212,48,260,471
02/24/2022,MWH,WA,ANM,WE,Combined TRACON& Tower with Radar,0,0,7,4,11,0,2,21,12,35,0,2,28,16,46,2,46,48,94
02/25/2022,MWH,WA,ANM,WE,Combined TRACON& Tower with Radar,10,1,4,13,28,0,0,27,17,44,10,1,31,30,72,46,38,84,156
02/26/2022,MWH,WA,ANM,WE,Combined TRACON& Tower with Radar,12,0,16,0,28,0,0,26,0,26,12,0,42,0,54,20,0,20,74
02/27/2022,MWH,WA,ANM,WE,Combined TRACON& Tower with Radar,4,0,4,0,8,2,0,8,0,10,6,0,12,0,18,12,0,12,30
02/28/2022,MWH,WA,ANM,WE,Combined TRACON& Tower with Radar,4,1,5,4,14,6,0,0,0,6,10,1,5,4,20,0,1,1,21
03/01/2022,MWH,WA,ANM,WE,Combined TRACON& Tower with Radar,46,23,6,19,94,7,104,3,2,116,53,127,9,21,210,232,32,264,474
03/02/2022,MWH,WA,ANM,WE,Combined TRACON& Tower with Radar,14,13,9,30,66,0,64,19,54,137,14,77,28,84,203,312,89,401,604
03/03/2022,MWH,WA,ANM,WE,Combined TRACON& Tower with Radar,9,16,12,10,47,4,73,28,23,128,13,89,40,33,175,172,44,216,391
03/04/2022,MWH,WA,ANM,WE,Combined TRACON& Tower with Radar,18,8,23,3,52,3,3,25,5,36,21,11,48,8,88,28,6,34,122
03/05/2022,MWH,WA,ANM,WE,Combined TRACON& Tower with Radar,4,0,2,3,9,2,2,23,5,32,6,2,25,8,41,20,0,20,61
03/06/2022,MWH,WA,ANM,WE,Combined TRACON& Tower with Radar,6,4,2,3,15,5,4,13,8,30,11,8,15,11,45,4,10,14,59
03/07/2022,MWH,WA,ANM,WE,Combined TRACON& Tower with Radar,28,22,13,5,68,1,124,13,1,139,29,146,26,6,207,272,0,272,479
03/08/2022,MWH,WA,ANM,WE,Combined TRACON& Tower with Radar,43,11,9,15,78,10,68,8,27,113,53,79,17,42,191,216,36,252,443
03/09/2022,MWH,WA,ANM,WE,Combined TRACON& Tower with Radar,23,27,10,9,69,15,83,16,16,130,38,110,26,25,199,192,8,200,399
03/10/2022,MWH,WA,ANM,WE,Combined TRACON& Tower with Radar,4,21,8,10,43,1,101,29,10,141,5,122,37,20,184,254,16,270,454
03/11/2022,MWH,WA,ANM,WE,Combined TRACON& Tower with Radar,18,1,9,14,42,39,6,35,4,84,57,7,44,18,126,18,18,36,162
03/12/2022,MWH,WA,ANM,WE,Combined TRACON& Tower with Radar,11,0,6,0,17,0,5,48,0,53,11,5,54,0,70,38,0,38,108
03/13/2022,MWH,WA,ANM,WE,Combined TRACON& Tower with Radar,8,0,5,0,13,0,2,10,0,12,8,2,15,0,25,0,0,0,25
03/14/2022,MWH,WA,ANM,WE,Combined TRACON& Tower with Radar,12,13,10,13,48,0,78,4,24,106,12,91,14,37,154,232,40,272,426
03/15/2022,MWH,WA,ANM,WE,Combined TRACON& Tower with Radar,20,1,7,17,45,0,58,16,16,90,20,59,23,33,135,173,29,202,337
03/16/2022,MWH,WA,ANM,WE,Combined TRACON& Tower with Radar,24,14,15,6,59,2,94,32,6,134,26,108,47,12,193,189,14,203,396
03/17/2022,MWH,WA,ANM,WE,Combined TRACON& Tower with Radar,20,0,8,1,29,5,0,31,7,43,25,0,39,8,72,22,16,38,110
03/18/2022,MWH,WA,ANM,WE,Combined TRACON& Tower with Radar,5,0,10,34,49,1,0,19,13,33,6,0,29,47,82,19,40,59,141
03/19/2022,MWH,WA,ANM,WE,Combined TRACON& Tower with Radar,13,0,1,1,15,0,1,10,1,12,13,1,11,2,27,38,8,46,73
03/20/2022,MWH,WA,ANM,WE,Combined TRACON& Tower with Radar,0,0,9,0,9,0,0,20,0,20,0,0,29,0,29,8,0,8,37
03/21/2022,MWH,WA,ANM,WE,Combined TRACON& Tower with Radar,8,13,7,26,54,11,8,3,10,32,19,21,10,36,86,36,64,100,186
03/22/2022,MWH,WA,ANM,WE,Combined TRACON& Tower with Radar,17,14,8,23,62,23,27,19,23,92,40,41,27,46,154,92,68,160,314
03/23/2022,MWH,WA,ANM,WE,Combined TRACON& Tower with Radar,18,10,6,27,61,0,21,13,11,45,18,31,19,38,106,68,88,156,262
03/24/2022,MWH,WA,ANM,WE,Combined TRACON& Tower with Radar,47,4,2,5,58,12,19,28,4,63,59,23,30,9,121,66,30,96,217
03/25/2022,MWH,WA,ANM,WE,Combined TRACON& Tower with Radar,25,7,5,3,40,0,10,22,5,37,25,17,27,8,77,20,40,60,137
03/26/2022,MWH,WA,ANM,WE,Combined TRACON& Tower with Radar,8,0,1,4,13,0,0,27,15,42,8,0,28,19,55,38,61,99,154
03/27/2022,MWH,WA,ANM,WE,Combined TRACON& Tower with Radar,16,0,8,5,29,0,1,15,2,18,16,1,23,7,47,4,18,22,69
03/28/2022,MWH,WA,ANM,WE,Combined TRACON& Tower with Radar,11,4,9,52,76,15,5,5,36,61,26,9,14,88,137,13,68,81,218
03/29/2022,MWH,WA,ANM,WE,Combined TRACON& Tower with Radar,5,1,7,20,33,0,2,20,9,31,5,3,27,29,64,40,26,66,130
03/30/2022,MWH,WA,ANM,WE,Combined TRACON& Tower with Radar,21,0,19,3,43,21,2,12,9,44,42,2,31,12,87,5,24,29,116
03/31/2022,MWH,WA,ANM,WE,Combined TRACON& Tower with Radar,2,2,9,3,16,3,3,46,8,60,5,5,55,11,76,4,6,10,86
04/01/2022,MWH,WA,ANM,WE,Combined TRACON& Tower with Radar,33,2,4,6,45,16,8,34,29,87,49,10,38,35,132,18,63,81,213
04/02/2022,MWH,WA,ANM,WE,Combined TRACON& Tower with Radar,9,0,5,0,14,2,2,37,0,41,11,2,42,0,55,4,0,4,59
04/03/2022,MWH,WA,ANM,WE,Combined TRACON& Tower with Radar,8,0,5,0,13,0,3,17,0,20,8,3,22,0,33,4,0,4,37
04/04/2022,MWH,WA,ANM,WE,Combined TRACON& Tower with Radar,28,0,1,4,33,0,9,0,3,12,28,9,1,7,45,56,6,62,107
04/05/2022,MWH,WA,ANM,WE,Combined TRACON& Tower with Radar,10,11,3,3,27,3,32,4,19,58,13,43,7,22,85,153,44,197,282
04/06/2022,MWH,WA,ANM,WE,Combined TRACON& Tower with Radar,37,6,11,17,71,61,117,36,16,230,98,123,47,33,301,358,50,408,709
04/07/2022,MWH,WA,ANM,WE,Combined TRACON& Tower with Radar,9,6,17,10,42,2,98,29,9,138,11,104,46,19,180,298,7,305,485
04/08/2022,MWH,WA,ANM,WE,Combined TRACON& Tower with Radar,26,2,11,6,45,3,2,18,9,32,29,4,29,15,77,0,38,38,115
04/09/2022,MWH,WA,ANM,WE,Combined TRACON& Tower with Radar,12,3,5,0,20,0,2,7,0,9,12,5,12,0,29,0,0,0,29
04/10/2022,MWH,WA,ANM,WE,Combined TRACON& Tower with Radar,0,1,5,0,6,0,2,6,18,26,0,3,11,18,32,2,24,26,58
04/11/2022,MWH,WA,ANM,WE,Combined TRACON& Tower with Radar,29,0,6,9,44,0,0,0,6,6,29,0,6,15,50,0,8,8,58
04/12/2022,MWH,WA,ANM,WE,Combined TRACON& Tower with Radar,24,6,14,6,50,4,59,0,4,67,28,65,14,10,117,266,18,284,401
04/13/2022,MWH,WA,ANM,WE,Combined TRACON& Tower with Radar,7,7,9,31,54,25,33,8,10,76,32,40,17,41,130,46,51,97,227
04/14/2022,MWH,WA,ANM,WE,Combined TRACON& Tower with Radar,0,1,4,5,10,0,0,0,1,1,0,1,4,6,11,0,1,1,12
04/15/2022,MWH,WA,ANM,WE,Combined TRACON& Tower with Radar,24,0,12,22,58,4,2,19,0,25,28,2,31,22,83,44,4,48,131
04/16/2022,MWH,WA,ANM,WE,Combined TRACON& Tower with Radar,0,1,9,1,11,0,0,8,0,8,0,1,17,1,19,8,0,8,27
04/17/2022,MWH,WA,ANM,WE,Combined TRACON& Tower with Radar,4,0,4,0,8,0,0,9,0,9,4,0,13,0,17,0,0,0,17
04/18/2022,MWH,WA,ANM,WE,Combined TRACON& Tower with Radar,0,30,6,5,41,1,81,14,0,96,1,111,20,5,137,272,6,278,415
04/19/2022,MWH,WA,ANM,WE,Combined TRACON& Tower with Radar,8,16,1,12,37,0,92,20,6,118,8,108,21,18,155,212,2,214,369
04/20/2022,MWH,WA,ANM,WE,Combined TRACON& Tower with Radar,21,19,12,13,65,3,92,11,4,110,24,111,23,17,175,263,32,295,470
04/21/2022,MWH,WA,ANM,WE,Combined TRACON& Tower with Radar,39,9,10,11,69,0,26,4,31,61,39,35,14,42,130,76,60,136,266
04/22/2022,MWH,WA,ANM,WE,Combined TRACON& Tower with Radar,17,1,8,1,27,6,4,13,16,39,23,5,21,17,66,10,10,20,86
04/23/2022,MWH,WA,ANM,WE,Combined TRACON& Tower with Radar,7,1,5,0,13,1,0,27,0,28,8,1,32,0,41,2,0,2,43
04/24/2022,MWH,WA,ANM,WE,Combined TRACON& Tower with Radar,4,0,2,0,6,0,1,14,0,15,4,1,16,0,21,4,0,4,25
04/25/2022,MWH,WA,ANM,WE,Combined TRACON& Tower with Radar,26,21,15,17,79,15,97,25,19,156,41,118,40,36,235,350,20,370,605
04/26/2022,MWH,WA,ANM,WE,Combined TRACON& Tower with Radar,20,11,6,10,47,0,66,17,4,87,20,77,23,14,134,148,18,166,300
04/27/2022,MWH,WA,ANM,WE,Combined TRACON& Tower with Radar,18,12,9,6,45,11,124,13,18,166,29,136,22,24,211,314,6,320,531
04/28/2022,MWH,WA,ANM,WE,Combined TRACON& Tower with Radar,17,18,10,21,66,3,105,16,15,139,20,123,26,36,205,340,15,355,560
04/29/2022,MWH,WA,ANM,WE,Combined TRACON& Tower with Radar,17,0,7,5,29,15,6,27,7,55,32,6,34,12,84,6,2,8,92
04/30/2022,MWH,WA,ANM,WE,Combined TRACON& Tower with Radar,8,0,5,0,13,0,0,3,0,3,8,0,8,0,16,0,0,0,16
05/01/2022,MWH,WA,ANM,WE,Combined TRACON& Tower with Radar,7,2,3,0,12,0,0,4,2,6,7,2,7,2,18,0,0,0,18
05/02/2022,MWH,WA,ANM,WE,Combined TRACON& Tower with Radar,8,10,4,25,47,2,90,6,12,110,10,100,10,37,157,304,49,353,510
05/03/2022,MWH,WA,ANM,WE,Combined TRACON& Tower with Radar,28,14,1,29,72,21,91,22,20,154,49,105,23,49,226,303,46,349,575
05/04/2022,MWH,WA,ANM,WE,Combined TRACON& Tower with Radar,19,26,4,26,75,14,159,13,13,199,33,185,17,39,274,232,36,268,542
05/05/2022,MWH,WA,ANM,WE,Combined TRACON& Tower with Radar,11,7,6,8,32,18,47,3,16,84,29,54,9,24,116,202,8,210,326
05/06/2022,MWH,WA,ANM,WE,Combined TRACON& Tower with Radar,19,1,3,4,27,45,1,17,6,69,64,2,20,10,96,13,10,23,119
05/07/2022,MWH,WA,ANM,WE,Combined TRACON& Tower with Radar,4,3,5,0,12,0,2,4,0,6,4,5,9,0,18,0,0,0,18
05/08/2022,MWH,WA,ANM,WE,Combined TRACON& Tower with Radar,4,2,2,0,8,0,0,10,0,10,4,2,12,0,18,0,0,0,18
05/09/2022,MWH,WA,ANM,WE,Combined TRACON& Tower with Radar,22,24,2,7,55,52,100,10,9,171,74,124,12,16,226,331,14,345,571
05/10/2022,MWH,WA,ANM,WE,Combined TRACON& Tower with Radar,22,8,6,3,39,35,116,33,3,187,57,124,39,6,226,242,8,250,476
05/11/2022,MWH,WA,ANM,WE,Combined TRACON& Tower with Radar,17,20,8,2,47,39,93,25,8,165,56,113,33,10,212,217,19,236,448
05/12/2022,MWH,WA,ANM,WE,Combined TRACON& Tower with Radar,12,15,3,7,37,20,59,10,12,101,32,74,13,19,138,138,16,154,292
05/13/2022,MWH,WA,ANM,WE,Combined TRACON& Tower with Radar,20,0,7,13,40,17,1,8,3,29,37,1,15,16,69,2,0,2,71
05/14/2022,MWH,WA,ANM,WE,Combined TRACON& Tower with Radar,12,5,0,5,22,0,1,6,4,11,12,6,6,9,33,4,11,15,48
05/15/2022,MWH,WA,ANM,WE,Combined TRACON& Tower with Radar,10,2,4,0,16,1,0,18,0,19,11,2,22,0,35,10,0,10,45
05/16/2022,MWH,WA,ANM,WE,Combined TRACON& Tower with Radar,4,20,3,2,29,0,87,18,3,108,4,107,21,5,137,209,18,227,364
05/17/2022,MWH,WA,ANM,WE,Combined TRACON& Tower with Radar,21,19,7,15,62,0,112,28,15,155,21,131,35,30,217,319,24,343,560
05/18/2022,MWH,WA,ANM,WE,Combined TRACON& Tower with Radar,14,10,8,5,37,12,53,15,9,89,26,63,23,14,126,184,34,218,344
05/19/2022,MWH,WA,ANM,WE,Combined TRACON& Tower with Radar,19,14,12,12,57,2,31,22,3,58,21,45,34,15,115,168,13,181,296
05/20/2022,MWH,WA,ANM,WE,Combined TRACON& Tower with Radar,45,0,1,16,62,56,2,10,2,70,101,2,11,18,132,10,8,18,150
05/21/2022,MWH,WA,ANM,WE,Combined TRACON& Tower with Radar,6,0,6,0,12,0,1,25,0,26,6,1,31,0,38,46,0,46,84
05/22/2022,MWH,WA,ANM,WE,Combined TRACON& Tower with Radar,18,0,5,0,23,2,0,17,0,19,20,0,22,0,42,18,0,18,60
05/23/2022,MWH,WA,ANM,WE,Combined TRACON& Tower with Radar,17,18,6,6,47,66,72,19,1,158,83,90,25,7,205,194,12,206,411
05/24/2022,MWH,WA,ANM,WE,Combined TRACON& Tower with Radar,30,10,3,9,52,33,117,19,21,190,63,127,22,30,242,244,39,283,525
05/25/2022,MWH,WA,ANM,WE,Combined TRACON& Tower with Radar,23,22,6,6,57,35,91,17,17,160,58,113,23,23,217,249,28,277,494
05/26/2022,MWH,WA,ANM,WE,Combined TRACON& Tower with Radar,19,36,15,6,76,5,79,23,14,121,24,115,38,20,197,198,12,210,407
05/27/2022,MWH,WA,ANM,WE,Combined TRACON& Tower with Radar,10,3,9,0,22,0,3,17,0,20,10,6,26,0,42,20,0,20,62
05/28/2022,MWH,WA,ANM,WE,Combined TRACON& Tower with Radar,0,0,2,0,2,0,2,12,0,14,0,2,14,0,16,26,0,26,42
05/29/2022,MWH,WA,ANM,WE,Combined TRACON& Tower with Radar,4,3,3,0,10,0,0,2,0,2,4,3,5,0,12,0,0,0,12
05/30/2022,MWH,WA,ANM,WE,Combined TRACON& Tower with Radar,0,1,6,0,7,0,0,15,0,15,0,1,21,0,22,66,0,66,88
05/31/2022,MWH,WA,ANM,WE,Combined TRACON& Tower with Radar,10,41,10,17,78,1,63,21,24,109,11,104,31,41,187,194,78,272,459
06/01/2022,MWH,WA,ANM,WE,Combined TRACON& Tower with Radar,9,20,8,7,44,1,90,22,5,118,10,110,30,12,162,219,18,237,399
06/02/2022,MWH,WA,ANM,WE,Combined TRACON& Tower with Radar,32,32,0,6,70,19,107,9,8,143,51,139,9,14,213,188,10,198,411
06/03/2022,MWH,WA,ANM,WE,Combined TRACON& Tower with Radar,16,0,2,9,27,0,0,4,0,4,16,0,6,9,31,4,10,14,45
06/04/2022,MWH,WA,ANM,WE,Combined TRACON& Tower with Radar,16,2,17,3,38,0,4,10,0,14,16,6,27,3,52,70,0,70,122
06/05/2022,MWH,WA,ANM,WE,Combined TRACON& Tower with Radar,9,1,2,0,12,0,1,9,0,10,9,2,11,0,22,6,0,6,28
06/06/2022,MWH,WA,ANM,WE,Combined TRACON& Tower with Radar,9,37,6,2,54,0,81,23,0,104,9,118,29,2,158,156,26,182,340
06/07/2022,MWH,WA,ANM,WE,Combined TRACON& Tower with Radar,34,20,5,2,61,1,115,42,11,169,35,135,47,13,230,250,8,258,488
06/08/2022,MWH,WA,ANM,WE,Combined TRACON& Tower with Radar,6,22,6,8,42,1,69,20,17,107,7,91,26,25,149,300,32,332,481
06/09/2022,MWH,WA,ANM,WE,Combined TRACON& Tower with Radar,18,41,9,3,71,0,75,17,7,99,18,116,26,10,170,418,20,438,608
06/10/2022,MWH,WA,ANM,WE,Combined TRACON& Tower with Radar,10,0,13,2,25,0,1,15,4,20,10,1,28,6,45,4,6,10,55
06/11/2022,MWH,WA,ANM,WE,Combined TRACON& Tower with Radar,4,0,10,1,15,0,3,28,3,34,4,3,38,4,49,44,3,47,96
06/12/2022,MWH,WA,ANM,WE,Combined TRACON& Tower with Radar,2,0,5,1,8,0,0,3,1,4,2,0,8,2,12,0,0,0,12
06/13/2022,MWH,WA,ANM,WE,Combined TRACON& Tower with Radar,11,18,11,11,51,0,40,3,9,52,11,58,14,20,103,112,40,152,255
06/14/2022,MWH,WA,ANM,WE,Combined TRACON& Tower with Radar,17,25,5,6,53,0,35,1,16,52,17,60,6,22,105,78,14,92,197
06/15/2022,MWH,WA,ANM,WE,Combined TRACON& Tower with Radar,10,21,7,15,53,0,46,27,33,106,10,67,34,48,159,154,42,196,355
06/16/2022,MWH,WA,ANM,WE,Combined TRACON& Tower with Radar,9,0,18,17,44,8,60,44,26,138,17,60,62,43,182,100,38,138,320
06/17/2022,MWH,WA,ANM,WE,Combined TRACON& Tower with Radar,9,4,3,5,21,0,16,21,2,39,9,20,24,7,60,36,0,36,96
06/18/2022,MWH,WA,ANM,WE,Combined TRACON& Tower with Radar,18,1,2,1,22,4,0,29,1,34,22,1,31,2,56,6,0,6,62
06/19/2022,MWH,WA,ANM,WE,Combined TRACON& Tower with Radar,6,1,9,2,18,0,7,70,3,80,6,8,79,5,98,0,0,0,98
06/20/2022,MWH,WA,ANM,WE,Combined TRACON& Tower with Radar,27,3,8,1,39,0,7,31,3,41,27,10,39,4,80,30,0,30,110
06/21/2022,MWH,WA,ANM,WE,Combined TRACON& Tower with Radar,26,1,4,9,40,23,3,23,28,77,49,4,27,37,117,50,34,84,201
06/22/2022,MWH,WA,ANM,WE,Combined TRACON& Tower with Radar,14,0,3,3,20,4,16,22,5,47,18,16,25,8,67,62,18,80,147
06/23/2022,MWH,WA,ANM,WE,Combined TRACON& Tower with Radar,22,0,16,5,43,0,8,26,10,44,22,8,42,15,87,63,10,73,160
06/24/2022,MWH,WA,ANM,WE,Combined TRACON& Tower with Radar,25,0,4,2,31,19,5,11,5,40,44,5,15,7,71,4,16,20,91
06/25/2022,MWH,WA,ANM,WE,Combined TRACON& Tower with Radar,14,2,5,0,21,0,0,29,4,33,14,2,34,4,54,4,0,4,58
06/26/2022,MWH,WA,ANM,WE,Combined TRACON& Tower with Radar,9,0,0,0,9,0,1,28,0,29,9,1,28,0,38,0,0,0,38
06/27/2022,MWH,WA,ANM,WE,Combined TRACON& Tower with Radar,15,24,0,16,55,10,92,27,10,139,25,116,27,26,194,220,27,247,441
06/28/2022,MWH,WA,ANM,WE,Combined TRACON& Tower with Radar,27,36,0,14,77,0,32,11,13,56,27,68,11,27,133,174,8,182,315
06/29/2022,MWH,WA,ANM,WE,Combined TRACON& Tower with Radar,8,38,11,14,71,4,105,18,25,152,12,143,29,39,223,189,88,277,500
06/30/2022,MWH,WA,ANM,WE,Combined TRACON& Tower with Radar,18,40,3,2,63,10,107,28,0,145,28,147,31,2,208,284,0,284,492
07/01/2022,MWH,WA,ANM,WE,Combined TRACON& Tower with Radar,12,16,10,0,38,17,91,41,0,149,29,107,51,0,187,238,0,238,425
07/02/2022,MWH,WA,ANM,WE,Combined TRACON& Tower with Radar,5,0,1,0,6,0,2,15,0,17,5,2,16,0,23,6,1,7,30
07/03/2022,MWH,WA,ANM,WE,Combined TRACON& Tower with Radar,0,0,3,0,3,0,0,2,0,2,0,0,5,0,5,0,0,0,5
07/04/2022,MWH,WA,ANM,WE,Combined TRACON& Tower with Radar,1,1,2,0,4,0,0,14,0,14,1,1,16,0,18,6,0,6,24
07/05/2022,MWH,WA,ANM,WE,Combined TRACON& Tower with Radar,26,38,8,3,75,1,58,22,0,81,27,96,30,3,156,252,0,252,408
07/06/2022,MWH,WA,ANM,WE,Combined TRACON& Tower with Radar,5,28,9,15,57,12,59,21,27,119,17,87,30,42,176,236,26,262,438
07/07/2022,MWH,WA,ANM,WE,Combined TRACON& Tower with Radar,11,24,4,14,53,0,47,27,20,94,11,71,31,34,147,144,25,169,316
07/08/2022,MWH,WA,ANM,WE,Combined TRACON& Tower with Radar,22,36,10,16,84,2,59,18,10,89,24,95,28,26,173,220,18,238,411
07/09/2022,MWH,WA,ANM,WE,Combined TRACON& Tower with Radar,14,0,6,3,23,1,0,5,6,12,15,0,11,9,35,0,12,12,47
07/10/2022,MWH,WA,ANM,WE,Combined TRACON& Tower with Radar,4,0,4,0,8,0,1,13,1,15,4,1,17,1,23,3,0,3,26
07/11/2022,MWH,WA,ANM,WE,Combined TRACON& Tower with Radar,12,44,4,10,70,18,80,12,10,120,30,124,16,20,190,122,6,128,318
07/12/2022,MWH,WA,ANM,WE,Combined TRACON& Tower with Radar,11,16,7,11,45,21,70,11,29,131,32,86,18,40,176,208,24,232,408
07/13/2022,MWH,WA,ANM,WE,Combined TRACON& Tower with Radar,8,30,16,11,65,4,58,26,15,103,12,88,42,26,168,283,44,327,495
07/14/2022,MWH,WA,ANM,WE,Combined TRACON& Tower with Radar,4,28,11,24,67,0,70,37,24,131,4,98,48,48,198,308,69,377,575
07/15/2022,MWH,WA,ANM,WE,Combined TRACON& Tower with Radar,16,44,13,6,79,3,72,38,21,134,19,116,51,27,213,212,34,246,459
07/16/2022,MWH,WA,ANM,WE,Combined TRACON& Tower with Radar,14,0,8,0,22,0,0,22,0,22,14,0,30,0,44,8,0,8,52
07/17/2022,MWH,WA,ANM,WE,Combined TRACON& Tower with Radar,10,0,7,0,17,0,1,23,0,24,10,1,30,0,41,8,0,8,49
07/18/2022,MWH,WA,ANM,WE,Combined TRACON& Tower with Radar,11,34,6,6,57,4,68,15,22,109,15,102,21,28,166,190,18,208,374
07/19/2022,MWH,WA,ANM,WE,Combined TRACON& Tower with Radar,14,49,2,10,75,13,86,14,9,122,27,135,16,19,197,270,2,272,469
07/20/2022,MWH,WA,ANM,WE,Combined TRACON& Tower with Radar,29,54,9,13,105,0,85,25,25,135,29,139,34,38,240,290,30,320,560
07/21/2022,MWH,WA,ANM,WE,Combined TRACON& Tower with Radar,28,39,9,3,79,1,54,27,9,91,29,93,36,12,170,192,24,216,386
07/22/2022,MWH,WA,ANM,WE,Combined TRACON& Tower with Radar,14,50,14,1,79,5,68,26,12,111,19,118,40,13,190,340,30,370,560
07/23/2022,MWH,WA,ANM,WE,Combined TRACON& Tower with Radar,10,2,5,5,22,4,4,10,17,35,14,6,15,22,57,4,44,48,105
07/24/2022,MWH,WA,ANM,WE,Combined TRACON& Tower with Radar,12,0,2,3,17,0,0,10,8,18,12,0,12,11,35,2,10,12,47
07/25/2022,MWH,WA,ANM,WE,Combined TRACON& Tower with Radar,19,40,8,4,71,2,75,12,20,109,21,115,20,24,180,274,14,288,468
07/26/2022,MWH,WA,ANM,WE,Combined TRACON& Tower with Radar,19,46,4,4,73,3,64,12,9,88,22,110,16,13,161,194,10,204,365
07/27/2022,MWH,WA,ANM,WE,Combined TRACON& Tower with Radar,21,31,6,12,70,0,55,31,14,100,21,86,37,26,170,250,14,264,434
07/28/2022,MWH,WA,ANM,WE,Combined TRACON& Tower with Radar,24,34,5,7,70,6,52,19,24,101,30,86,24,31,171,408,10,418,589
07/29/2022,MWH,WA,ANM,WE,Combined TRACON& Tower with Radar,12,29,3,8,52,2,63,18,22,105,14,92,21,30,157,274,34,308,465
07/30/2022,MWH,WA,ANM,WE,Combined TRACON& Tower with Radar,4,1,3,0,8,0,2,5,0,7,4,3,8,0,15,2,0,2,17
07/31/2022,MWH,WA,ANM,WE,Combined TRACON& Tower with Radar,8,0,5,2,15,2,0,10,0,12,10,0,15,2,27,16,0,16,43
08/01/2022,MWH,WA,ANM,WE,Combined TRACON& Tower with Radar,17,30,7,3,57,34,59,17,19,129,51,89,24,22,186,424,2,426,612
08/02/2022,MWH,WA,ANM,WE,Combined TRACON& Tower with Radar,6,28,4,21,59,19,54,25,18,116,25,82,29,39,175,286,56,342,517
08/03/2022,MWH,WA,ANM,WE,Combined TRACON& Tower with Radar,6,25,6,8,45,86,59,10,19,174,92,84,16,27,219,166,20,186,405
08/04/2022,MWH,WA,ANM,WE,Combined TRACON& Tower with Radar,6,12,3,1,22,64,44,7,7,122,70,56,10,8,144,148,28,176,320
08/05/2022,MWH,WA,ANM,WE,Combined TRACON& Tower with Radar,24,6,3,2,35,41,14,15,17,87,65,20,18,19,122,92,31,123,245
08/06/2022,MWH,WA,ANM,WE,Combined TRACON& Tower with Radar,3,0,11,1,15,0,2,18,3,23,3,2,29,4,38,8,4,12,50
08/07/2022,MWH,WA,ANM,WE,Combined TRACON& Tower with Radar,4,0,0,0,4,4,0,21,0,25,8,0,21,0,29,12,0,12,41
08/08/2022,MWH,WA,ANM,WE,Combined TRACON& Tower with Radar,10,1,9,9,29,6,5,40,24,75,16,6,49,33,104,10,8,18,122
08/09/2022,MWH,WA,ANM,WE,Combined TRACON& Tower with Radar,8,2,7,8,25,3,17,32,5,57,11,19,39,13,82,46,0,46,128
08/10/2022,MWH,WA,ANM,WE,Combined TRACON& Tower with Radar,2,0,8,12,22,54,40,41,11,146,56,40,49,23,168,50,20,70,238
08/11/2022,MWH,WA,ANM,WE,Combined TRACON& Tower with Radar,9,2,11,18,40,7,6,47,9,69,16,8,58,27,109,42,28,70,179
08/12/2022,MWH,WA,ANM,WE,Combined TRACON& Tower with Radar,18,0,7,17,42,28,4,32,10,74,46,4,39,27,116,28,12,40,156
08/13/2022,MWH,WA,ANM,WE,Combined TRACON& Tower with Radar,8,0,2,0,10,0,20,21,0,41,8,20,23,0,51,0,0,0,51
08/14/2022,MWH,WA,ANM,WE,Combined TRACON& Tower with Radar,4,0,0,5,9,1,2,6,7,16,5,2,6,12,25,0,26,26,51
08/15/2022,MWH,WA,ANM,WE,Combined TRACON& Tower with Radar,5,0,6,9,20,5,13,8,30,56,10,13,14,39,76,16,44,60,136
08/16/2022,MWH,WA,ANM,WE,Combined TRACON& Tower with Radar,20,0,3,7,30,5,1,21,17,44,25,1,24,24,74,18,40,58,132
08/17/2022,MWH,WA,ANM,WE,Combined TRACON& Tower with Radar,14,1,9,8,32,7,22,37,40,106,21,23,46,48,138,54,48,102,240
08/18/2022,MWH,WA,ANM,WE,Combined TRACON& Tower with Radar,19,0,11,16,46,15,14,17,21,67,34,14,28,37,113,6,22,28,141
08/19/2022,MWH,WA,ANM,WE,Combined TRACON& Tower with Radar,8,1,14,11,34,24,10,29,19,82,32,11,43,30,116,28,22,50,166
08/20/2022,MWH,WA,ANM,WE,Combined TRACON& Tower with Radar,8,0,10,4,22,2,7,22,0,31,10,7,32,4,53,44,0,44,97
08/21/2022,MWH,WA,ANM,WE,Combined TRACON& Tower with Radar,0,2,8,0,10,0,0,19,0,19,0,2,27,0,29,0,0,0,29
08/22/2022,MWH,WA,ANM,WE,Combined TRACON& Tower with Radar,14,1,11,6,32,8,1,19,5,33,22,2,30,11,65,32,30,62,127
08/23/2022,MWH,WA,ANM,WE,Combined TRACON& Tower with Radar,4,0,7,10,21,7,10,14,15,46,11,10,21,25,67,10,47,57,124
08/24/2022,MWH,WA,ANM,WE,Combined TRACON& Tower with Radar,16,0,3,23,42,14,7,26,24,71,30,7,29,47,113,80,42,122,235
08/25/2022,MWH,WA,ANM,WE,Combined TRACON& Tower with Radar,22,1,6,16,45,21,10,30,12,73,43,11,36,28,118,104,63,167,285
08/26/2022,MWH,WA,ANM,WE,Combined TRACON& Tower with Radar,17,0,5,17,39,14,22,18,24,78,31,22,23,41,117,18,61,79,196
08/27/2022,MWH,WA,ANM,WE,Combined TRACON& Tower with Radar,4,0,5,1,10,1,5,4,3,13,5,5,9,4,23,4,0,4,27
08/28/2022,MWH,WA,ANM,WE,Combined TRACON& Tower with Radar,0,0,3,0,3,1,1,13,0,15,1,1,16,0,18,4,0,4,22
08/29/2022,MWH,WA,ANM,WE,Combined TRACON& Tower with Radar,11,1,4,16,32,0,0,16,10,26,11,1,20,26,58,30,20,50,108
08/30/2022,MWH,WA,ANM,WE,Combined TRACON& Tower with Radar,31,0,6,14,51,5,6,26,8,45,36,6,32,22,96,10,52,62,158
08/31/2022,MWH,WA,ANM,WE,Combined TRACON& Tower with Radar,15,0,7,7,29,6,0,16,24,46,21,0,23,31,75,46,50,96,171
09/01/2022,MWH,WA,ANM,WE,Combined TRACON& Tower with Radar,14,2,13,3,32,9,2,39,16,66,23,4,52,19,98,0,16,16,114
09/02/2022,MWH,WA,ANM,WE,Combined TRACON& Tower with Radar,12,4,7,0,23,7,0,12,5,24,19,4,19,5,47,2,0,2,49
09/03/2022,MWH,WA,ANM,WE,Combined TRACON& Tower with Radar,12,2,2,0,16,0,25,14,3,42,12,27,16,3,58,12,0,12,70
09/04/2022,MWH,WA,ANM,WE,Combined TRACON& Tower with Radar,14,3,1,1,19,31,14,14,7,66,45,17,15,8,85,2,16,18,103
09/05/2022,MWH,WA,ANM,WE,Combined TRACON& Tower with Radar,0,2,4,0,6,3,8,17,0,28,3,10,21,0,34,2,0,2,36
09/06/2022,MWH,WA,ANM,WE,Combined TRACON& Tower with Radar,9,0,4,6,19,16,12,22,15,65,25,12,26,21,84,12,24,36,120
09/07/2022,MWH,WA,ANM,WE,Combined TRACON& Tower with Radar,25,3,6,34,68,4,17,7,14,42,29,20,13,48,110,2,38,40,150
09/08/2022,MWH,WA,ANM,WE,Combined TRACON& Tower with Radar,16,2,13,22,53,10,27,40,28,105,26,29,53,50,158,14,55,69,227
09/09/2022,MWH,WA,ANM,WE,Combined TRACON& Tower with Radar,20,5,17,16,58,0,15,19,11,45,20,20,36,27,103,86,40,126,229
09/10/2022,MWH,WA,ANM,WE,Combined TRACON& Tower with Radar,2,0,8,1,11,10,12,37,13,72,12,12,45,14,83,28,0,28,111
09/11/2022,MWH,WA,ANM,WE,Combined TRACON& Tower with Radar,24,0,3,4,31,14,5,8,16,43,38,5,11,20,74,0,0,0,74
09/12/2022,MWH,WA,ANM,WE,Combined TRACON& Tower with Radar,24,3,2,7,36,2,0,0,18,20,26,3,2,25,56,2,56,58,114
09/13/2022,MWH,WA,ANM,WE,Combined TRACON& Tower with Radar,7,0,7,9,23,2,27,4,10,43,9,27,11,19,66,132,24,156,222
09/14/2022,MWH,WA,ANM,WE,Combined TRACON& Tower with Radar,13,3,6,18,40,0,29,10,24,63,13,32,16,42,103,68,94,162,265
09/15/2022,MWH,WA,ANM,WE,Combined TRACON& Tower with Radar,19,6,4,8,37,1,56,18,18,93,20,62,22,26,130,142,50,192,322
09/16/2022,MWH,WA,ANM,WE,Combined TRACON& Tower with Radar,7,1,6,8,22,21,2,17,11,51,28,3,23,19,73,38,18,56,129
09/17/2022,MWH,WA,ANM,WE,Combined TRACON& Tower with Radar,18,2,9,0,29,2,0,29,0,31,20,2,38,0,60,22,0,22,82
09/18/2022,MWH,WA,ANM,WE,Combined TRACON& Tower with Radar,8,0,3,0,11,0,2,29,0,31,8,2,32,0,42,32,0,32,74
09/19/2022,MWH,WA,ANM,WE,Combined TRACON& Tower with Radar,16,2,7,13,38,0,71,29,23,123,16,73,36,36,161,226,34,260,421
09/20/2022,MWH,WA,ANM,WE,Combined TRACON& Tower with Radar,15,14,9,4,42,5,69,4,14,92,20,83,13,18,134,174,36,210,344
09/21/2022,MWH,WA,ANM,WE,Combined TRACON& Tower with Radar,28,24,12,6,70,16,81,14,9,120,44,105,26,15,190,252,24,276,466
09/22/2022,MWH,WA,ANM,WE,Combined TRACON& Tower with Radar,11,0,10,9,30,3,78,8,22,111,14,78,18,31,141,294,20,314,455
09/23/2022,MWH,WA,ANM,WE,Combined TRACON& Tower with Radar,15,1,5,5,26,10,17,23,12,62,25,18,28,17,88,22,2,24,112
09/24/2022,MWH,WA,ANM,WE,Combined TRACON& Tower with Radar,7,0,2,0,9,0,1,36,0,37,7,1,38,0,46,30,6,36,82
09/25/2022,MWH,WA,ANM,WE,Combined TRACON& Tower with Radar,8,0,4,0,12,0,0,8,0,8,8,0,12,0,20,0,0,0,20
09/26/2022,MWH,WA,ANM,WE,Combined TRACON& Tower with Radar,15,2,4,8,29,0,94,35,12,141,15,96,39,20,170,276,22,298,468
09/27/2022,MWH,WA,ANM,WE,Combined TRACON& Tower with Radar,15,5,6,9,35,17,81,22,24,144,32,86,28,33,179,383,17,400,579
09/28/2022,MWH,WA,ANM,WE,Combined TRACON& Tower with Radar,21,14,15,20,70,13,82,22,20,137,34,96,37,40,207,336,50,386,593
09/29/2022,MWH,WA,ANM,WE,Combined TRACON& Tower with Radar,10,5,12,17,44,0,91,28,33,152,10,96,40,50,196,422,42,464,660
09/30/2022,MWH,WA,ANM,WE,Combined TRACON& Tower with Radar,25,4,9,2,40,2,6,13,1,22,27,10,22,3,62,0,22,22,84
10/01/2022,MWH,WA,ANM,WE,Combined TRACON& Tower with Radar,16,0,4,0,20,0,0,15,0,15,16,0,19,0,35,6,0,6,41
10/02/2022,MWH,WA,ANM,WE,Combined TRACON& Tower with Radar,8,0,0,0,8,0,1,11,0,12,8,1,11,0,20,0,0,0,20
10/03/2022,MWH,WA,ANM,WE,Combined TRACON& Tower with Radar,14,2,6,9,31,13,98,22,24,157,27,100,28,33,188,370,50,420,608
10/04/2022,MWH,WA,ANM,WE,Combined TRACON& Tower with Radar,16,6,4,17,43,0,91,22,19,132,16,97,26,36,175,329,52,381,556
10/05/2022,MWH,WA,ANM,WE,Combined TRACON& Tower with Radar,8,7,4,6,25,0,83,6,20,109,8,90,10,26,134,566,52,618,752
10/06/2022,MWH,WA,ANM,WE,Combined TRACON& Tower with Radar,9,0,10,4,23,14,64,18,10,106,23,64,28,14,129,390,0,390,519
10/07/2022,MWH,WA,ANM,WE,Combined TRACON& Tower with Radar,29,2,8,11,50,11,4,49,17,81,40,6,57,28,131,30,16,46,177
10/08/2022,MWH,WA,ANM,WE,Combined TRACON& Tower with Radar,6,0,12,2,20,0,3,21,0,24,6,3,33,2,44,0,0,0,44
10/09/2022,MWH,WA,ANM,WE,Combined TRACON& Tower with Radar,4,0,3,0,7,0,0,19,0,19,4,0,22,0,26,0,0,0,26
10/10/2022,MWH,WA,ANM,WE,Combined TRACON& Tower with Radar,22,4,5,1,32,0,72,10,2,84,22,76,15,3,116,456,0,456,572
10/11/2022,MWH,WA,ANM,WE,Combined TRACON& Tower with Radar,25,24,4,18,71,6,78,25,7,116,31,102,29,25,187,376,22,398,585
10/12/2022,MWH,WA,ANM,WE,Combined TRACON& Tower with Radar,34,0,2,21,57,0,79,27,20,126,34,79,29,41,183,322,24,346,529
10/13/2022,MWH,WA,ANM,WE,Combined TRACON& Tower with Radar,17,19,6,11,53,2,51,37,10,100,19,70,43,21,153,282,34,316,469
10/14/2022,MWH,WA,ANM,WE,Combined TRACON& Tower with Radar,27,2,1,16,46,0,2,15,11,28,27,4,16,27,74,4,32,36,110
10/15/2022,MWH,WA,ANM,WE,Combined TRACON& Tower with Radar,11,0,8,0,19,1,3,45,0,49,12,3,53,0,68,4,0,4,72
10/16/2022,MWH,WA,ANM,WE,Combined TRACON& Tower with Radar,12,0,8,0,20,0,0,18,7,25,12,0,26,7,45,2,0,2,47
10/17/2022,MWH,WA,ANM,WE,Combined TRACON& Tower with Radar,16,8,4,8,36,7,71,12,5,95,23,79,16,13,131,362,2,364,495
10/18/2022,MWH,WA,ANM,WE,Combined TRACON& Tower with Radar,29,12,7,8,56,10,70,10,7,97,39,82,17,15,153,444,10,454,607
10/19/2022,MWH,WA,ANM,WE,Combined TRACON& Tower with Radar,6,0,13,6,25,8,67,9,6,90,14,67,22,12,115,660,0,660,775
10/20/2022,MWH,WA,ANM,WE,Combined TRACON& Tower with Radar,18,10,13,10,51,13,46,21,4,84,31,56,34,14,135,526,0,526,661
10/21/2022,MWH,WA,ANM,WE,Combined TRACON& Tower with Radar,19,3,5,13,40,0,0,1,3,4,19,3,6,16,44,38,25,63,107
10/22/2022,MWH,WA,ANM,WE,Combined TRACON& Tower with Radar,23,0,4,0,27,3,2,14,0,19,26,2,18,0,46,8,0,8,54
10/23/2022,MWH,WA,ANM,WE,Combined TRACON& Tower with Radar,10,0,5,0,15,0,3,28,0,31,10,3,33,0,46,26,0,26,72
10/24/2022,MWH,WA,ANM,WE,Combined TRACON& Tower with Radar,11,10,6,12,39,5,49,2,24,80,16,59,8,36,119,462,84,546,665
10/25/2022,MWH,WA,ANM,WE,Combined TRACON& Tower with Radar,13,11,5,10,39,5,67,9,24,105,18,78,14,34,144,386,44,430,574
10/26/2022,MWH,WA,ANM,WE,Combined TRACON& Tower with Radar,20,9,1,28,58,8,85,40,20,153,28,94,41,48,211,493,77,570,781
10/27/2022,MWH,WA,ANM,WE,Combined TRACON& Tower with Radar,13,6,6,3,28,8,75,14,13,110,21,81,20,16,138,416,46,462,600
10/28/2022,MWH,WA,ANM,WE,Combined TRACON& Tower with Radar,5,0,10,4,19,4,0,18,5,27,9,0,28,9,46,32,8,40,86
10/29/2022,MWH,WA,ANM,WE,Combined TRACON& Tower with Radar,13,0,13,0,26,4,0,13,0,17,17,0,26,0,43,44,0,44,87
10/30/2022,MWH,WA,ANM,WE,Combined TRACON& Tower with Radar,8,0,1,0,9,0,0,7,0,7,8,0,8,0,16,26,0,26,42
10/31/2022,MWH,WA,ANM,WE,Combined TRACON& Tower with Radar,3,13,7,2,25,9,50,8,11,78,12,63,15,13,103,482,32,514,617
11/01/2022,MWH,WA,ANM,WE,Combined TRACON& Tower with Radar,23,15,9,16,63,1,70,24,14,109,24,85,33,30,172,472,34,506,678
11/02/2022,MWH,WA,ANM,WE,Combined TRACON& Tower with Radar,12,19,9,16,56,0,72,15,4,91,12,91,24,20,147,594,1,595,742
11/03/2022,MWH,WA,ANM,WE,Combined TRACON& Tower with Radar,30,10,1,27,68,10,53,6,25,94,40,63,7,52,162,456,56,512,674
11/04/2022,MWH,WA,ANM,WE,Combined TRACON& Tower with Radar,11,2,2,3,18,0,0,7,0,7,11,2,9,3,25,6,0,6,31
11/05/2022,MWH,WA,ANM,WE,Combined TRACON& Tower with Radar,10,0,14,0,24,1,1,21,0,23,11,1,35,0,47,0,0,0,47
11/06/2022,MWH,WA,ANM,WE,Combined TRACON& Tower with Radar,7,5,5,0,17,0,0,0,0,0,7,5,5,0,17,0,0,0,17
11/07/2022,MWH,WA,ANM,WE,Combined TRACON& Tower with Radar,16,19,11,7,53,7,57,4,25,93,23,76,15,32,146,416,46,462,608
11/08/2022,MWH,WA,ANM,WE,Combined TRACON& Tower with Radar,17,7,9,34,67,10,52,6,8,76,27,59,15,42,143,256,42,298,441
11/09/2022,MWH,WA,ANM,WE,Combined TRACON& Tower with Radar,29,10,11,18,68,10,101,33,18,162,39,111,44,36,230,513,30,543,773
11/10/2022,MWH,WA,ANM,WE,Combined TRACON& Tower with Radar,29,18,6,25,78,13,83,33,1,130,42,101,39,26,208,283,8,291,499
11/11/2022,MWH,WA,ANM,WE,Combined TRACON& Tower with Radar,21,0,10,0,31,0,0,4,0,4,21,0,14,0,35,0,0,0,35
11/12/2022,MWH,WA,ANM,WE,Combined TRACON& Tower with Radar,7,1,2,0,10,0,0,9,0,9,7,1,11,0,19,0,0,0,19
11/13/2022,MWH,WA,ANM,WE,Combined TRACON& Tower with Radar,24,0,8,2,34,4,1,9,0,14,28,1,17,2,48,2,0,2,50
11/14/2022,MWH,WA,ANM,WE,Combined TRACON& Tower with Radar,20,9,20,16,65,0,63,3,17,83,20,72,23,33,148,428,48,476,624
11/15/2022,MWH,WA,ANM,WE,Combined TRACON& Tower with Radar,38,3,6,13,60,2,0,0,0,2,40,3,6,13,62,0,0,0,62
11/16/2022,MWH,WA,ANM,WE,Combined TRACON& Tower with Radar,19,4,14,3,40,0,10,2,0,12,19,14,16,3,52,328,2,330,382
11/17/2022,MWH,WA,ANM,WE,Combined TRACON& Tower with Radar,8,14,2,1,25,1,61,36,9,107,9,75,38,10,132,360,14,374,506
11/18/2022,MWH,WA,ANM,WE,Combined TRACON& Tower with Radar,32,2,9,19,62,10,6,23,3,42,42,8,32,22,104,26,40,66,170
11/19/2022,MWH,WA,ANM,WE,Combined TRACON& Tower with Radar,18,2,6,0,26,0,0,21,0,21,18,2,27,0,47,70,0,70,117
11/20/2022,MWH,WA,ANM,WE,Combined TRACON& Tower with Radar,8,3,1,0,12,0,0,26,0,26,8,3,27,0,38,2,0,2,40
11/21/2022,MWH,WA,ANM,WE,Combined TRACON& Tower with Radar,17,15,9,20,61,0,61,22,10,93,17,76,31,30,154,404,2,406,560
11/22/2022,MWH,WA,ANM,WE,Combined TRACON& Tower with Radar,6,0,4,0,10,0,0,0,0,0,6,0,4,0,10,0,0,0,10
11/23/2022,MWH,WA,ANM,WE,Combined TRACON& Tower with Radar,21,5,9,4,39,1,0,7,0,8,22,5,16,4,47,24,0,24,71
11/24/2022,MWH,WA,ANM,WE,Combined TRACON& Tower with Radar,4,1,1,0,6,0,0,5,0,5,4,1,6,0,11,0,0,0,11
11/25/2022,MWH,WA,ANM,WE,Combined TRACON& Tower with Radar,0,0,1,0,1,0,0,0,0,0,0,0,1,0,1,0,0,0,1
11/26/2022,MWH,WA,ANM,WE,Combined TRACON& Tower with Radar,6,0,1,0,7,0,0,0,0,0,6,0,1,0,7,0,0,0,7
11/27/2022,MWH,WA,ANM,WE,Combined TRACON& Tower with Radar,8,2,7,0,17,0,0,6,0,6,8,2,13,0,23,0,0,0,23
11/28/2022,MWH,WA,ANM,WE,Combined TRACON& Tower with Radar,12,7,6,12,37,0,48,0,13,61,12,55,6,25,98,291,30,321,419
11/29/2022,MWH,WA,ANM,WE,Combined TRACON& Tower with Radar,3,3,7,17,30,1,30,0,0,31,4,33,7,17,61,158,0,158,219
11/30/2022,MWH,WA,ANM,WE,Combined TRACON& Tower with Radar,12,3,3,0,18,0,0,0,0,0,12,3,3,0,18,0,0,0,18
12/01/2022,MWH,WA,ANM,WE,Combined TRACON& Tower with Radar,23,0,4,0,27,2,2,14,0,18,25,2,18,0,45,8,0,8,53
12/02/2022,MWH,WA,ANM,WE,Combined TRACON& Tower with Radar,7,2,11,6,26,0,0,2,0,2,7,2,13,6,28,0,8,8,36
12/03/2022,MWH,WA,ANM,WE,Combined TRACON& Tower with Radar,8,0,2,0,10,0,1,19,0,20,8,1,21,0,30,2,0,2,32
12/04/2022,MWH,WA,ANM,WE,Combined TRACON& Tower with Radar,19,0,4,0,23,0,0,1,0,1,19,0,5,0,24,32,0,32,56
12/05/2022,MWH,WA,ANM,WE,Combined TRACON& Tower with Radar,15,5,5,0,25,0,3,5,0,8,15,8,10,0,33,56,0,56,89
12/06/2022,MWH,WA,ANM,WE,Combined TRACON& Tower with Radar,16,2,5,0,23,0,0,0,0,0,16,2,5,0,23,0,0,0,23
12/07/2022,MWH,WA,ANM,WE,Combined TRACON& Tower with Radar,15,8,11,5,39,0,0,3,0,3,15,8,14,5,42,10,0,10,52
12/08/2022,MWH,WA,ANM,WE,Combined TRACON& Tower with Radar,6,0,2,3,11,0,0,0,0,0,6,0,2,3,11,0,0,0,11
12/09/2022,MWH,WA,ANM,WE,Combined TRACON& Tower with Radar,6,5,2,1,14,0,0,0,0,0,6,5,2,1,14,0,0,0,14
12/10/2022,MWH,WA,ANM,WE,Combined TRACON& Tower with Radar,0,1,3,0,4,0,0,0,0,0,0,1,3,0,4,0,0,0,4
12/11/2022,MWH,WA,ANM,WE,Combined TRACON& Tower with Radar,6,7,2,0,15,0,0,3,0,3,6,7,5,0,18,0,0,0,18
12/12/2022,MWH,WA,ANM,WE,Combined TRACON& Tower with Radar,30,1,6,11,48,0,2,12,2,16,30,3,18,13,64,26,18,44,108
12/13/2022,MWH,WA,ANM,WE,Combined TRACON& Tower with Radar,31,4,4,8,47,0,1,7,17,25,31,5,11,25,72,18,10,28,100
12/14/2022,MWH,WA,ANM,WE,Combined TRACON& Tower with Radar,25,3,3,8,39,0,0,2,1,3,25,3,5,9,42,0,0,0,42
12/15/2022,MWH,WA,ANM,WE,Combined TRACON& Tower with Radar,11,2,4,2,19,0,0,0,0,0,11,2,4,2,19,0,0,0,19
12/16/2022,MWH,WA,ANM,WE,Combined TRACON& Tower with Radar,9,2,2,3,16,0,0,0,0,0,9,2,2,3,16,0,0,0,16
12/17/2022,MWH,WA,ANM,WE,Combined TRACON& Tower with Radar,13,2,2,0,17,0,0,0,0,0,13,2,2,0,17,0,0,0,17
12/18/2022,MWH,WA,ANM,WE,Combined TRACON& Tower with Radar,6,2,13,0,21,0,0,0,0,0,6,2,13,0,21,0,0,0,21
12/19/2022,MWH,WA,ANM,WE,Combined TRACON& Tower with Radar,10,0,2,4,16,0,0,2,4,6,10,0,4,8,22,0,4,4,26
12/20/2022,MWH,WA,ANM,WE,Combined TRACON& Tower with Radar,4,2,0,3,9,0,0,0,0,0,4,2,0,3,9,0,0,0,9
12/21/2022,MWH,WA,ANM,WE,Combined TRACON& Tower with Radar,20,0,5,9,34,2,0,4,8,14,22,0,9,17,48,2,8,10,58
12/22/2022,MWH,WA,ANM,WE,Combined TRACON& Tower with Radar,18,1,2,8,29,0,0,1,19,20,18,1,3,27,49,54,12,66,115
12/23/2022,MWH,WA,ANM,WE,Combined TRACON& Tower with Radar,2,2,0,0,4,0,0,0,0,0,2,2,0,0,4,0,0,0,4
12/24/2022,MWH,WA,ANM,WE,Combined TRACON& Tower with Radar,4,2,0,0,6,0,0,0,0,0,4,2,0,0,6,0,0,0,6
12/25/2022,MWH,WA,ANM,WE,Combined TRACON& Tower with Radar,0,0,0,0,0,0,0,0,0,0,0,0,0,0,0,0,0,0,0
12/26/2022,MWH,WA,ANM,WE,Combined TRACON& Tower with Radar,8,2,2,0,12,0,0,0,0,0,8,2,2,0,12,0,0,0,12
12/27/2022,MWH,WA,ANM,WE,Combined TRACON& Tower with Radar,20,1,4,2,27,0,0,4,0,4,20,1,8,2,31,0,0,0,31
12/28/2022,MWH,WA,ANM,WE,Combined TRACON& Tower with Radar,4,3,3,6,16,0,1,14,21,36,4,4,17,27,52,0,20,20,72
12/29/2022,MWH,WA,ANM,WE,Combined TRACON& Tower with Radar,5,0,12,10,27,0,0,2,3,5,5,0,14,13,32,40,32,72,104
12/30/2022,MWH,WA,ANM,WE,Combined TRACON& Tower with Radar,4,3,2,0,9,0,0,1,0,1,4,3,3,0,10,0,0,0,10
12/31/2022,MWH,WA,ANM,WE,Combined TRACON& Tower with Radar,0,1,1,0,2,0,0,0,0,0,0,1,1,0,2,0,0,0,2
01/01/2023,MWH,WA,ANM,WE,Combined TRACON& Tower with Radar,0,7,0,0,7,0,0,0,0,0,0,7,0,0,7,0,0,0,7
01/02/2023,MWH,WA,ANM,WE,Combined TRACON& Tower with Radar,4,2,3,0,9,0,0,1,0,1,4,2,4,0,10,0,0,0,10
01/03/2023,MWH,WA,ANM,WE,Combined TRACON& Tower with Radar,2,0,7,2,11,0,0,0,0,0,2,0,7,2,11,0,0,0,11
01/04/2023,MWH,WA,ANM,WE,Combined TRACON& Tower with Radar,9,0,3,12,24,0,45,3,30,78,9,45,6,42,102,302,46,348,450
01/05/2023,MWH,WA,ANM,WE,Combined TRACON& Tower with Radar,17,0,7,1,25,0,70,13,3,86,17,70,20,4,111,431,4,435,546
01/06/2023,MWH,WA,ANM,WE,Combined TRACON& Tower with Radar,7,1,13,6,27,0,0,15,1,16,7,1,28,7,43,2,6,8,51
01/07/2023,MWH,WA,ANM,WE,Combined TRACON& Tower with Radar,1,1,6,0,8,0,1,3,0,4,1,2,9,0,12,4,0,4,16
01/08/2023,MWH,WA,ANM,WE,Combined TRACON& Tower with Radar,0,2,7,0,9,0,0,3,0,3,0,2,10,0,12,18,0,18,30
01/09/2023,MWH,WA,ANM,WE,Combined TRACON& Tower with Radar,5,4,9,0,18,0,34,3,3,40,5,38,12,3,58,222,6,228,286
01/10/2023,MWH,WA,ANM,WE,Combined TRACON& Tower with Radar,27,1,6,7,41,3,72,13,10,98,30,73,19,17,139,451,14,465,604
01/11/2023,MWH,WA,ANM,WE,Combined TRACON& Tower with Radar,22,5,7,14,48,0,16,0,7,23,22,21,7,21,71,8,24,32,103
01/12/2023,MWH,WA,ANM,WE,Combined TRACON& Tower with Radar,7,6,4,21,38,0,1,0,1,2,7,7,4,22,40,70,0,70,110
01/13/2023,MWH,WA,ANM,WE,Combined TRACON& Tower with Radar,28,6,11,20,65,1,0,1,0,2,29,6,12,20,67,10,0,10,77
01/14/2023,MWH,WA,ANM,WE,Combined TRACON& Tower with Radar,16,2,6,0,24,0,5,7,0,12,16,7,13,0,36,20,0,20,56
01/15/2023,MWH,WA,ANM,WE,Combined TRACON& Tower with Radar,0,1,15,0,16,0,0,0,0,0,0,1,15,0,16,0,0,0,16
01/16/2023,MWH,WA,ANM,WE,Combined TRACON& Tower with Radar,34,6,12,0,52,0,0,0,0,0,34,6,12,0,52,0,0,0,52
01/17/2023,MWH,WA,ANM,WE,Combined TRACON& Tower with Radar,8,1,18,6,33,0,0,0,0,0,8,1,18,6,33,0,0,0,33
01/18/2023,MWH,WA,ANM,WE,Combined TRACON& Tower with Radar,3,0,9,5,17,0,0,0,2,2,3,0,9,7,19,0,12,12,31
01/19/2023,MWH,WA,ANM,WE,Combined TRACON& Tower with Radar,25,4,24,53,106,1,85,28,42,156,26,89,52,95,262,446,106,552,814
01/20/2023,MWH,WA,ANM,WE,Combined TRACON& Tower with Radar,39,3,7,8,57,0,3,23,23,49,39,6,30,31,106,24,50,74,180
01/21/2023,MWH,WA,ANM,WE,Combined TRACON& Tower with Radar,30,5,4,0,39,0,0,2,0,2,30,5,6,0,41,0,0,0,41
01/22/2023,MWH,WA,ANM,WE,Combined TRACON& Tower with Radar,12,1,2,0,15,10,0,13,0,23,22,1,15,0,38,0,0,0,38
01/23/2023,MWH,WA,ANM,WE,Combined TRACON& Tower with Radar,22,11,20,7,60,0,4,0,0,4,22,15,20,7,64,24,6,30,94
01/24/2023,MWH,WA,ANM,WE,Combined TRACON& Tower with Radar,9,3,4,16,32,0,0,1,13,14,9,3,5,29,46,0,34,34,80
01/25/2023,MWH,WA,ANM,WE,Combined TRACON& Tower with Radar,26,7,3,22,58,0,93,14,16,123,26,100,17,38,181,298,58,356,537
01/26/2023,MWH,WA,ANM,WE,Combined TRACON& Tower with Radar,5,1,3,5,14,0,0,0,0,0,5,1,3,5,14,0,0,0,14
01/27/2023,MWH,WA,ANM,WE,Combined TRACON& Tower with Radar,16,4,10,13,43,0,0,19,14,33,16,4,29,27,76,32,52,84,160
01/28/2023,MWH,WA,ANM,WE,Combined TRACON& Tower with Radar,6,2,4,0,12,0,0,0,0,0,6,2,4,0,12,0,0,0,12
01/29/2023,MWH,WA,ANM,WE,Combined TRACON& Tower with Radar,7,0,2,0,9,5,2,12,0,19,12,2,14,0,28,6,0,6,34
01/30/2023,MWH,WA,ANM,WE,Combined TRACON& Tower with Radar,7,7,3,19,36,0,104,27,27,158,7,111,30,46,194,346,68,414,608
01/31/2023,MWH,WA,ANM,WE,Combined TRACON& Tower with Radar,17,1,0,10,28,2,15,5,2,24,19,16,5,12,52,122,0,122,174
02/01/2023,MWH,WA,ANM,WE,Combined TRACON& Tower with Radar,7,12,5,14,38,0,69,6,17,92,7,81,11,31,130,242,32,274,404
02/02/2023,MWH,WA,ANM,WE,Combined TRACON& Tower with Radar,10,6,7,7,30,0,85,31,20,136,10,91,38,27,166,422,18,440,606
02/03/2023,MWH,WA,ANM,WE,Combined TRACON& Tower with Radar,16,0,3,16,35,16,0,16,15,47,32,0,19,31,82,6,64,70,152
02/04/2023,MWH,WA,ANM,WE,Combined TRACON& Tower with Radar,7,1,1,11,20,0,2,16,2,20,7,3,17,13,40,48,11,59,99
02/05/2023,MWH,WA,ANM,WE,Combined TRACON& Tower with Radar,2,2,2,3,9,0,0,3,0,3,2,2,5,3,12,0,0,0,12
02/06/2023,MWH,WA,ANM,WE,Combined TRACON& Tower with Radar,19,10,11,35,75,3,82,13,9,107,22,92,24,44,182,284,68,352,534
02/07/2023,MWH,WA,ANM,WE,Combined TRACON& Tower with Radar,23,2,6,12,43,1,75,2,10,88,24,77,8,22,131,304,28,332,463
02/08/2023,MWH,WA,ANM,WE,Combined TRACON& Tower with Radar,26,6,15,11,58,10,93,25,36,164,36,99,40,47,222,260,74,334,556
02/09/2023,MWH,WA,ANM,WE,Combined TRACON& Tower with Radar,22,4,14,8,48,0,113,40,14,167,22,117,54,22,215,438,20,458,673
02/10/2023,MWH,WA,ANM,WE,Combined TRACON& Tower with Radar,20,0,6,21,47,2,1,58,22,83,22,1,64,43,130,26,78,104,234
02/11/2023,MWH,WA,ANM,WE,Combined TRACON& Tower with Radar,10,6,3,0,19,6,0,12,0,18,16,6,15,0,37,6,0,6,43
02/12/2023,MWH,WA,ANM,WE,Combined TRACON& Tower with Radar,8,3,4,0,15,0,1,15,1,17,8,4,19,1,32,32,0,32,64
02/13/2023,MWH,WA,ANM,WE,Combined TRACON& Tower with Radar,6,18,8,7,39,3,54,4,24,85,9,72,12,31,124,198,52,250,374
02/14/2023,MWH,WA,ANM,WE,Combined TRACON& Tower with Radar,29,0,4,19,52,2,49,28,18,97,31,49,32,37,149,206,46,252,401
02/15/2023,MWH,WA,ANM,WE,Combined TRACON& Tower with Radar,5,9,10,21,45,1,92,29,10,132,6,101,39,31,177,309,25,334,511
02/16/2023,MWH,WA,ANM,WE,Combined TRACON& Tower with Radar,25,0,10,13,48,15,102,25,16,158,40,102,35,29,206,324,29,353,559
02/17/2023,MWH,WA,ANM,WE,Combined TRACON& Tower with Radar,22,1,10,6,39,12,6,40,7,65,34,7,50,13,104,22,18,40,144
02/18/2023,MWH,WA,ANM,WE,Combined TRACON& Tower with Radar,14,0,10,0,24,0,1,50,0,51,14,1,60,0,75,8,0,8,83
02/19/2023,MWH,WA,ANM,WE,Combined TRACON& Tower with Radar,6,0,8,0,14,4,0,1,0,5,10,0,9,0,19,0,0,0,19
02/20/2023,MWH,WA,ANM,WE,Combined TRACON& Tower with Radar,0,0,3,0,3,0,0,13,0,13,0,0,16,0,16,4,0,4,20
02/21/2023,MWH,WA,ANM,WE,Combined TRACON& Tower with Radar,12,0,4,12,28,2,67,9,14,92,14,67,13,26,120,214,48,262,382
02/22/2023,MWH,WA,ANM,WE,Combined TRACON& Tower with Radar,14,2,6,1,23,0,1,1,1,3,14,3,7,2,26,0,6,6,32
02/23/2023,MWH,WA,ANM,WE,Combined TRACON& Tower with Radar,29,4,7,6,46,0,0,6,1,7,29,4,13,7,53,0,8,8,61
02/24/2023,MWH,WA,ANM,WE,Combined TRACON& Tower with Radar,11,1,9,0,21,1,0,40,0,41,12,1,49,0,62,22,0,22,84
02/25/2023,MWH,WA,ANM,WE,Combined TRACON& Tower with Radar,10,0,1,2,13,1,4,27,0,32,11,4,28,2,45,29,0,29,74
02/26/2023,MWH,WA,ANM,WE,Combined TRACON& Tower with Radar,4,5,1,0,10,0,1,4,0,5,4,6,5,0,15,0,0,0,15
02/27/2023,MWH,WA,ANM,WE,Combined TRACON& Tower with Radar,7,6,4,15,32,10,57,4,10,81,17,63,8,25,113,182,44,226,339
02/28/2023,MWH,WA,ANM,WE,Combined TRACON& Tower with Radar,27,1,2,9,39,2,21,14,6,43,29,22,16,15,82,120,19,139,221
03/01/2023,MWH,WA,ANM,WE,Combined TRACON& Tower with Radar,4,8,8,4,24,2,95,22,26,145,6,103,30,30,169,250,46,296,465
03/02/2023,MWH,WA,ANM,WE,Combined TRACON& Tower with Radar,5,5,19,9,38,1,41,10,5,57,6,46,29,14,95,94,0,94,189
03/03/2023,MWH,WA,ANM,WE,Combined TRACON& Tower with Radar,5,2,5,3,15,0,2,12,1,15,5,4,17,4,30,32,10,42,72
03/04/2023,MWH,WA,ANM,WE,Combined TRACON& Tower with Radar,13,0,15,1,29,0,2,23,13,38,13,2,38,14,67,6,4,10,77
03/05/2023,MWH,WA,ANM,WE,Combined TRACON& Tower with Radar,8,4,3,0,15,0,0,3,1,4,8,4,6,1,19,0,0,0,19
03/06/2023,MWH,WA,ANM,WE,Combined TRACON& Tower with Radar,13,1,6,3,23,0,8,3,0,11,13,9,9,3,34,100,0,100,134
03/07/2023,MWH,WA,ANM,WE,Combined TRACON& Tower with Radar,17,1,6,12,36,4,106,25,5,140,21,107,31,17,176,426,20,446,622
03/08/2023,MWH,WA,ANM,WE,Combined TRACON& Tower with Radar,23,11,6,16,56,2,80,20,7,109,25,91,26,23,165,277,32,309,474
03/09/2023,MWH,WA,ANM,WE,Combined TRACON& Tower with Radar,4,5,6,7,22,0,72,14,1,87,4,77,20,8,109,543,0,543,652
03/10/2023,MWH,WA,ANM,WE,Combined TRACON& Tower with Radar,0,0,6,1,7,0,0,0,4,4,0,0,6,5,11,2,8,10,21
03/11/2023,MWH,WA,ANM,WE,Combined TRACON& Tower with Radar,7,1,9,0,17,0,1,37,0,38,7,2,46,0,55,34,0,34,89
03/12/2023,MWH,WA,ANM,WE,Combined TRACON& Tower with Radar,7,4,0,0,11,0,1,10,0,11,7,5,10,0,22,8,0,8,30
03/13/2023,MWH,WA,ANM,WE,Combined TRACON& Tower with Radar,10,9,10,16,45,1,78,6,5,90,11,87,16,21,135,136,20,156,291
03/14/2023,MWH,WA,ANM,WE,Combined TRACON& Tower with Radar,32,16,14,11,73,7,79,32,30,148,39,95,46,41,221,283,33,316,537
03/15/2023,MWH,WA,ANM,WE,Combined TRACON& Tower with Radar,30,15,9,19,73,3,64,22,9,98,33,79,31,28,171,106,112,218,389
03/16/2023,MWH,WA,ANM,WE,Combined TRACON& Tower with Radar,13,8,6,15,42,1,87,41,24,153,14,95,47,39,195,264,57,321,516
03/17/2023,MWH,WA,ANM,WE,Combined TRACON& Tower with Radar,8,2,18,8,36,0,2,37,12,51,8,4,55,20,87,56,8,64,151
03/18/2023,MWH,WA,ANM,WE,Combined TRACON& Tower with Radar,14,0,1,0,15,0,0,11,0,11,14,0,12,0,26,16,0,16,42
03/19/2023,MWH,WA,ANM,WE,Combined TRACON& Tower with Radar,11,0,0,0,11,3,0,16,0,19,14,0,16,0,30,2,0,2,32
03/20/2023,MWH,WA,ANM,WE,Combined TRACON& Tower with Radar,21,4,4,10,39,4,10,2,4,20,25,14,6,14,59,54,30,84,143
03/21/2023,MWH,WA,ANM,WE,Combined TRACON& Tower with Radar,13,4,8,12,37,0,32,16,33,81,13,36,24,45,118,88,107,195,313
03/22/2023,MWH,WA,ANM,WE,Combined TRACON& Tower with Radar,12,0,5,8,25,0,11,37,16,64,12,11,42,24,89,90,34,124,213
03/23/2023,MWH,WA,ANM,WE,Combined TRACON& Tower with Radar,22,2,3,23,50,0,5,27,5,37,22,7,30,28,87,28,42,70,157
03/24/2023,MWH,WA,ANM,WE,Combined TRACON& Tower with Radar,14,1,11,6,32,0,1,24,5,30,14,2,35,11,62,68,12,80,142
03/25/2023,MWH,WA,ANM,WE,Combined TRACON& Tower with Radar,8,6,4,1,19,0,1,30,4,35,8,7,34,5,54,62,4,66,120
03/26/2023,MWH,WA,ANM,WE,Combined TRACON& Tower with Radar,13,1,5,0,19,6,0,12,0,18,19,1,17,0,37,2,0,2,39
03/27/2023,MWH,WA,ANM,WE,Combined TRACON& Tower with Radar,21,0,18,11,50,3,1,50,12,66,24,1,68,23,116,10,28,38,154
03/28/2023,MWH,WA,ANM,WE,Combined TRACON& Tower with Radar,18,0,2,1,21,0,0,8,1,9,18,0,10,2,30,0,0,0,30
03/29/2023,MWH,WA,ANM,WE,Combined TRACON& Tower with Radar,18,0,4,12,34,4,14,33,2,53,22,14,37,14,87,36,20,56,143
03/30/2023,MWH,WA,ANM,WE,Combined TRACON& Tower with Radar,12,6,5,2,25,0,2,22,3,27,12,8,27,5,52,30,2,32,84
03/31/2023,MWH,WA,ANM,WE,Combined TRACON& Tower with Radar,17,2,1,3,23,17,1,15,3,36,34,3,16,6,59,40,2,42,101
04/01/2023,MWH,WA,ANM,WE,Combined TRACON& Tower with Radar,0,0,1,0,1,0,1,4,0,5,0,1,5,0,6,2,0,2,8
04/02/2023,MWH,WA,ANM,WE,Combined TRACON& Tower with Radar,0,2,1,2,5,0,1,8,0,9,0,3,9,2,14,12,0,12,26
04/03/2023,MWH,WA,ANM,WE,Combined TRACON& Tower with Radar,4,6,4,4,18,4,49,17,4,74,8,55,21,8,92,397,18,415,507
04/04/2023,MWH,WA,ANM,WE,Combined TRACON& Tower with Radar,21,3,6,16,46,5,82,13,2,102,26,85,19,18,148,241,30,271,419
04/05/2023,MWH,WA,ANM,WE,Combined TRACON& Tower with Radar,22,11,9,2,44,6,65,46,4,121,28,76,55,6,165,275,16,291,456
04/06/2023,MWH,WA,ANM,WE,Combined TRACON& Tower with Radar,26,10,0,12,48,2,82,12,14,110,28,92,12,26,158,286,45,331,489
04/07/2023,MWH,WA,ANM,WE,Combined TRACON& Tower with Radar,22,0,5,5,32,0,0,7,3,10,22,0,12,8,42,52,4,56,98
04/08/2023,MWH,WA,ANM,WE,Combined TRACON& Tower with Radar,17,2,4,0,23,1,0,26,0,27,18,2,30,0,50,34,0,34,84
04/09/2023,MWH,WA,ANM,WE,Combined TRACON& Tower with Radar,7,0,0,0,7,0,0,4,0,4,7,0,4,0,11,44,0,44,55
04/10/2023,MWH,WA,ANM,WE,Combined TRACON& Tower with Radar,26,3,15,0,44,0,4,0,0,4,26,7,15,0,48,48,0,48,96
04/11/2023,MWH,WA,ANM,WE,Combined TRACON& Tower with Radar,2,16,5,5,28,0,43,5,1,49,2,59,10,6,77,106,49,155,232
04/12/2023,MWH,WA,ANM,WE,Combined TRACON& Tower with Radar,10,24,11,13,58,0,114,40,8,162,10,138,51,21,220,220,24,244,464
04/13/2023,MWH,WA,ANM,WE,Combined TRACON& Tower with Radar,4,18,20,31,73,1,93,42,16,152,5,111,62,47,225,332,60,392,617
04/14/2023,MWH,WA,ANM,WE,Combined TRACON& Tower with Radar,9,2,18,18,47,17,27,41,7,92,26,29,59,25,139,96,34,130,269
04/15/2023,MWH,WA,ANM,WE,Combined TRACON& Tower with Radar,12,12,10,0,34,0,4,9,0,13,12,16,19,0,47,12,0,12,59
04/16/2023,MWH,WA,ANM,WE,Combined TRACON& Tower with Radar,5,1,2,9,17,0,1,6,0,7,5,2,8,9,24,0,0,0,24
04/17/2023,MWH,WA,ANM,WE,Combined TRACON& Tower with Radar,11,22,8,10,51,0,88,23,20,131,11,110,31,30,182,247,41,288,470
04/18/2023,MWH,WA,ANM,WE,Combined TRACON& Tower with Radar,17,7,3,17,44,9,60,23,4,96,26,67,26,21,140,188,26,214,354
04/19/2023,MWH,WA,ANM,WE,Combined TRACON& Tower with Radar,13,29,5,26,73,0,88,13,20,121,13,117,18,46,194,397,50,447,641
04/20/2023,MWH,WA,ANM,WE,Combined TRACON& Tower with Radar,0,13,4,4,21,0,77,24,3,104,0,90,28,7,125,214,42,256,381
04/21/2023,MWH,WA,ANM,WE,Combined TRACON& Tower with Radar,9,1,29,1,40,0,4,33,3,40,9,5,62,4,80,44,0,44,124
04/22/2023,MWH,WA,ANM,WE,Combined TRACON& Tower with Radar,9,0,5,0,14,2,4,27,0,33,11,4,32,0,47,64,0,64,111
04/23/2023,MWH,WA,ANM,WE,Combined TRACON& Tower with Radar,13,2,6,0,21,2,11,6,0,19,15,13,12,0,40,28,0,28,68
04/24/2023,MWH,WA,ANM,WE,Combined TRACON& Tower with Radar,2,6,4,7,19,1,60,13,21,95,3,66,17,28,114,351,110,461,575
04/25/2023,MWH,WA,ANM,WE,Combined TRACON& Tower with Radar,14,16,6,22,58,0,69,29,12,110,14,85,35,34,168,254,60,314,482
04/26/2023,MWH,WA,ANM,WE,Combined TRACON& Tower with Radar,13,20,6,14,53,2,99,34,3,138,15,119,40,17,191,210,58,268,459
04/27/2023,MWH,WA,ANM,WE,Combined TRACON& Tower with Radar,11,8,5,7,31,1,72,41,14,128,12,80,46,21,159,62,44,106,265
04/28/2023,MWH,WA,ANM,WE,Combined TRACON& Tower with Radar,14,1,6,6,27,4,1,60,12,77,18,2,66,18,104,34,12,46,150
04/29/2023,MWH,WA,ANM,WE,Combined TRACON& Tower with Radar,4,0,3,1,8,0,1,27,22,50,4,1,30,23,58,32,4,36,94
04/30/2023,MWH,WA,ANM,WE,Combined TRACON& Tower with Radar,7,0,2,0,9,1,0,21,0,22,8,0,23,0,31,4,0,4,35
05/01/2023,MWH,WA,ANM,WE,Combined TRACON& Tower with Radar,3,28,9,8,48,0,73,35,5,113,3,101,44,13,161,202,0,202,363
05/02/2023,MWH,WA,ANM,WE,Combined TRACON& Tower with Radar,3,12,12,10,37,10,66,23,4,103,13,78,35,14,140,160,51,211,351
05/03/2023,MWH,WA,ANM,WE,Combined TRACON& Tower with Radar,13,10,10,18,51,1,105,41,38,185,14,115,51,56,236,164,48,212,448
05/04/2023,MWH,WA,ANM,WE,Combined TRACON& Tower with Radar,9,8,9,15,41,1,67,38,7,113,10,75,47,22,154,218,24,242,396
05/05/2023,MWH,WA,ANM,WE,Combined TRACON& Tower with Radar,14,12,10,4,40,4,1,13,0,18,18,13,23,4,58,29,0,29,87
05/06/2023,MWH,WA,ANM,WE,Combined TRACON& Tower with Radar,8,0,0,0,8,4,2,4,0,10,12,2,4,0,18,10,0,10,28
05/07/2023,MWH,WA,ANM,WE,Combined TRACON& Tower with Radar,14,2,2,0,18,0,0,20,0,20,14,2,22,0,38,36,0,36,74
05/08/2023,MWH,WA,ANM,WE,Combined TRACON& Tower with Radar,14,17,8,1,40,10,68,13,0,91,24,85,21,1,131,154,0,154,285
05/09/2023,MWH,WA,ANM,WE,Combined TRACON& Tower with Radar,15,18,5,7,45,5,77,4,7,93,20,95,9,14,138,263,6,269,407
05/10/2023,MWH,WA,ANM,WE,Combined TRACON& Tower with Radar,45,12,23,3,83,20,92,50,7,169,65,104,73,10,252,188,4,192,444
05/11/2023,MWH,WA,ANM,WE,Combined TRACON& Tower with Radar,7,6,13,19,45,0,78,51,15,144,7,84,64,34,189,178,28,206,395
05/12/2023,MWH,WA,ANM,WE,Combined TRACON& Tower with Radar,15,4,14,4,37,1,6,44,7,58,16,10,58,11,95,53,8,61,156
05/13/2023,MWH,WA,ANM,WE,Combined TRACON& Tower with Radar,6,0,3,0,9,0,3,18,0,21,6,3,21,0,30,14,0,14,44
05/14/2023,MWH,WA,ANM,WE,Combined TRACON& Tower with Radar,4,0,0,0,4,0,1,5,0,6,4,1,5,0,10,0,0,0,10
05/15/2023,MWH,WA,ANM,WE,Combined TRACON& Tower with Radar,10,18,3,13,44,5,67,23,2,97,15,85,26,15,141,214,4,218,359
05/16/2023,MWH,WA,ANM,WE,Combined TRACON& Tower with Radar,4,26,2,1,33,0,61,2,2,65,4,87,4,3,98,178,0,178,276
05/17/2023,MWH,WA,ANM,WE,Combined TRACON& Tower with Radar,13,20,14,5,52,3,76,30,5,114,16,96,44,10,166,252,0,252,418
05/18/2023,MWH,WA,ANM,WE,Combined TRACON& Tower with Radar,12,12,6,11,41,19,59,27,2,107,31,71,33,13,148,349,18,367,515
05/19/2023,MWH,WA,ANM,WE,Combined TRACON& Tower with Radar,19,4,3,21,47,1,2,31,0,34,20,6,34,21,81,68,0,68,149
05/20/2023,MWH,WA,ANM,WE,Combined TRACON& Tower with Radar,12,0,4,0,16,0,0,15,0,15,12,0,19,0,31,0,0,0,31
05/21/2023,MWH,WA,ANM,WE,Combined TRACON& Tower with Radar,10,0,1,0,11,0,1,2,1,4,10,1,3,1,15,2,0,2,17
05/22/2023,MWH,WA,ANM,WE,Combined TRACON& Tower with Radar,27,16,3,10,56,12,58,14,14,98,39,74,17,24,154,161,42,203,357
05/23/2023,MWH,WA,ANM,WE,Combined TRACON& Tower with Radar,15,20,16,5,56,0,84,37,4,125,15,104,53,9,181,272,12,284,465
05/24/2023,MWH,WA,ANM,WE,Combined TRACON& Tower with Radar,24,22,7,13,66,10,93,40,17,160,34,115,47,30,226,294,52,346,572
05/25/2023,MWH,WA,ANM,WE,Combined TRACON& Tower with Radar,23,4,5,9,41,13,63,58,14,148,36,67,63,23,189,307,22,329,518
05/26/2023,MWH,WA,ANM,WE,Combined TRACON& Tower with Radar,15,0,5,0,20,8,1,29,0,38,23,1,34,0,58,42,0,42,100
05/27/2023,MWH,WA,ANM,WE,Combined TRACON& Tower with Radar,0,1,6,0,7,0,1,21,0,22,0,2,27,0,29,12,0,12,41
05/28/2023,MWH,WA,ANM,WE,Combined TRACON& Tower with Radar,0,0,2,0,2,0,0,13,0,13,0,0,15,0,15,0,0,0,15
05/29/2023,MWH,WA,ANM,WE,Combined TRACON& Tower with Radar,0,0,6,0,6,4,0,16,0,20,4,0,22,0,26,10,0,10,36
05/30/2023,MWH,WA,ANM,WE,Combined TRACON& Tower with Radar,4,18,3,5,30,1,66,16,6,89,5,84,19,11,119,285,22,307,426
05/31/2023,MWH,WA,ANM,WE,Combined TRACON& Tower with Radar,21,31,7,8,67,10,78,18,10,116,31,109,25,18,183,146,64,210,393
06/01/2023,MWH,WA,ANM,WE,Combined TRACON& Tower with Radar,12,14,9,12,47,25,74,60,16,175,37,88,69,28,222,180,4,184,406
06/02/2023,MWH,WA,ANM,WE,Combined TRACON& Tower with Radar,19,6,8,3,36,49,3,29,6,87,68,9,37,9,123,48,40,88,211
06/03/2023,MWH,WA,ANM,WE,Combined TRACON& Tower with Radar,4,2,2,1,9,2,1,32,4,39,6,3,34,5,48,10,0,10,58
06/04/2023,MWH,WA,ANM,WE,Combined TRACON& Tower with Radar,8,14,0,0,22,0,0,16,0,16,8,14,16,0,38,0,0,0,38
06/05/2023,MWH,WA,ANM,WE,Combined TRACON& Tower with Radar,17,30,13,2,62,7,97,39,0,143,24,127,52,2,205,162,0,162,367
06/06/2023,MWH,WA,ANM,WE,Combined TRACON& Tower with Radar,13,31,11,2,57,2,65,30,15,112,15,96,41,17,169,201,20,221,390
06/07/2023,MWH,WA,ANM,WE,Combined TRACON& Tower with Radar,27,26,12,12,77,5,72,42,14,133,32,98,54,26,210,236,14,250,460
06/08/2023,MWH,WA,ANM,WE,Combined TRACON& Tower with Radar,25,18,9,3,55,13,62,28,16,119,38,80,37,19,174,322,12,334,508
06/09/2023,MWH,WA,ANM,WE,Combined TRACON& Tower with Radar,30,12,13,4,59,0,1,13,4,18,30,13,26,8,77,54,14,68,145
06/10/2023,MWH,WA,ANM,WE,Combined TRACON& Tower with Radar,10,0,10,5,25,1,1,22,2,26,11,1,32,7,51,20,0,20,71
06/11/2023,MWH,WA,ANM,WE,Combined TRACON& Tower with Radar,11,0,6,2,19,2,2,7,5,16,13,2,13,7,35,16,4,20,55
06/12/2023,MWH,WA,ANM,WE,Combined TRACON& Tower with Radar,17,30,8,9,64,8,66,47,5,126,25,96,55,14,190,208,20,228,418
06/13/2023,MWH,WA,ANM,WE,Combined TRACON& Tower with Radar,11,35,0,12,58,9,53,26,15,103,20,88,26,27,161,74,9,83,244
06/14/2023,MWH,WA,ANM,WE,Combined TRACON& Tower with Radar,23,25,2,9,59,4,70,15,27,116,27,95,17,36,175,68,32,100,275
06/15/2023,MWH,WA,ANM,WE,Combined TRACON& Tower with Radar,7,17,3,9,36,0,21,51,3,75,7,38,54,12,111,92,0,92,203
06/16/2023,MWH,WA,ANM,WE,Combined TRACON& Tower with Radar,18,6,0,3,27,0,9,22,4,35,18,15,22,7,62,46,0,46,108
06/17/2023,MWH,WA,ANM,WE,Combined TRACON& Tower with Radar,5,3,6,1,15,9,5,42,7,63,14,8,48,8,78,0,0,0,78
06/18/2023,MWH,WA,ANM,WE,Combined TRACON& Tower with Radar,6,2,7,3,18,0,6,22,1,29,6,8,29,4,47,0,0,0,47
06/19/2023,MWH,WA,ANM,WE,Combined TRACON& Tower with Radar,10,0,4,0,14,6,2,23,6,37,16,2,27,6,51,6,0,6,57
06/20/2023,MWH,WA,ANM,WE,Combined TRACON& Tower with Radar,10,1,3,17,31,0,0,12,10,22,10,1,15,27,53,6,54,60,113
06/21/2023,MWH,WA,ANM,WE,Combined TRACON& Tower with Radar,23,0,6,31,60,15,19,35,10,79,38,19,41,41,139,36,41,77,216
06/22/2023,MWH,WA,ANM,WE,Combined TRACON& Tower with Radar,20,0,9,3,32,0,10,48,5,63,20,10,57,8,95,52,4,56,151
06/23/2023,MWH,WA,ANM,WE,Combined TRACON& Tower with Radar,26,1,2,7,36,1,4,34,16,55,27,5,36,23,91,32,8,40,131
06/24/2023,MWH,WA,ANM,WE,Combined TRACON& Tower with Radar,8,0,6,2,16,0,1,47,6,54,8,1,53,8,70,22,18,40,110
06/25/2023,MWH,WA,ANM,WE,Combined TRACON& Tower with Radar,13,2,7,3,25,0,1,23,3,27,13,3,30,6,52,6,0,6,58
06/26/2023,MWH,WA,ANM,WE,Combined TRACON& Tower with Radar,18,26,2,4,50,0,47,14,4,65,18,73,16,8,115,216,12,228,343
06/27/2023,MWH,WA,ANM,WE,Combined TRACON& Tower with Radar,23,40,13,5,81,12,93,18,4,127,35,133,31,9,208,276,0,276,484
06/28/2023,MWH,WA,ANM,WE,Combined TRACON& Tower with Radar,14,32,6,7,59,42,104,15,6,167,56,136,21,13,226,163,4,167,393
06/29/2023,MWH,WA,ANM,WE,Combined TRACON& Tower with Radar,19,36,11,40,106,9,93,21,34,157,28,129,32,74,263,260,76,336,599
06/30/2023,MWH,WA,ANM,WE,Combined TRACON& Tower with Radar,7,48,6,5,66,4,81,19,8,112,11,129,25,13,178,138,9,147,325
07/01/2023,MWH,WA,ANM,WE,Combined TRACON& Tower with Radar,14,0,7,0,21,0,14,23,1,38,14,14,30,1,59,12,0,12,71
07/02/2023,MWH,WA,ANM,WE,Combined TRACON& Tower with Radar,6,0,1,0,7,4,13,2,11,30,10,13,3,11,37,0,0,0,37
07/03/2023,MWH,WA,ANM,WE,Combined TRACON& Tower with Radar,11,42,3,1,57,1,39,9,0,49,12,81,12,1,106,85,0,85,191
07/04/2023,MWH,WA,ANM,WE,Combined TRACON& Tower with Radar,5,0,4,1,10,2,2,5,4,13,7,2,9,5,23,3,0,3,26
07/05/2023,MWH,WA,ANM,WE,Combined TRACON& Tower with Radar,8,36,4,2,50,2,95,28,10,135,10,131,32,12,185,168,20,188,373
07/06/2023,MWH,WA,ANM,WE,Combined TRACON& Tower with Radar,10,35,4,15,64,6,79,24,9,118,16,114,28,24,182,162,20,182,364
07/07/2023,MWH,WA,ANM,WE,Combined TRACON& Tower with Radar,33,39,3,17,92,9,53,35,12,109,42,92,38,29,201,229,62,291,492
07/08/2023,MWH,WA,ANM,WE,Combined TRACON& Tower with Radar,14,1,5,3,23,1,7,18,3,29,15,8,23,6,52,6,4,10,62
07/09/2023,MWH,WA,ANM,WE,Combined TRACON& Tower with Radar,11,3,3,1,18,0,5,11,4,20,11,8,14,5,38,8,0,8,46
07/10/2023,MWH,WA,ANM,WE,Combined TRACON& Tower with Radar,6,16,3,2,27,7,30,5,29,71,13,46,8,31,98,44,22,66,164
07/11/2023,MWH,WA,ANM,WE,Combined TRACON& Tower with Radar,11,47,8,20,86,4,81,17,18,120,15,128,25,38,206,284,35,319,525
07/12/2023,MWH,WA,ANM,WE,Combined TRACON& Tower with Radar,16,52,3,27,98,2,66,18,18,104,18,118,21,45,202,192,46,238,440
07/13/2023,MWH,WA,ANM,WE,Combined TRACON& Tower with Radar,11,39,6,17,73,4,55,45,3,107,15,94,51,20,180,209,25,234,414
07/14/2023,MWH,WA,ANM,WE,Combined TRACON& Tower with Radar,17,42,4,4,67,0,52,42,0,94,17,94,46,4,161,236,24,260,421
07/15/2023,MWH,WA,ANM,WE,Combined TRACON& Tower with Radar,10,4,9,0,23,0,15,15,2,32,10,19,24,2,55,0,0,0,55
07/16/2023,MWH,WA,ANM,WE,Combined TRACON& Tower with Radar,14,4,10,0,28,1,8,24,1,34,15,12,34,1,62,24,0,24,86
07/17/2023,MWH,WA,ANM,WE,Combined TRACON& Tower with Radar,14,50,3,10,77,1,24,13,10,48,15,74,16,20,125,288,48,336,461
07/18/2023,MWH,WA,ANM,WE,Combined TRACON& Tower with Radar,16,51,4,28,99,7,62,17,7,93,23,113,21,35,192,211,37,248,440
07/19/2023,MWH,WA,ANM,WE,Combined TRACON& Tower with Radar,0,49,8,6,63,0,58,29,2,89,0,107,37,8,152,239,8,247,399
07/20/2023,MWH,WA,ANM,WE,Combined TRACON& Tower with Radar,8,40,8,19,75,8,45,30,6,89,16,85,38,25,164,198,33,231,395
07/21/2023,MWH,WA,ANM,WE,Combined TRACON& Tower with Radar,18,42,8,2,70,7,62,26,8,103,25,104,34,10,173,199,10,209,382
07/22/2023,MWH,WA,ANM,WE,Combined TRACON& Tower with Radar,6,2,2,0,10,40,3,20,7,70,46,5,22,7,80,26,0,26,106
07/23/2023,MWH,WA,ANM,WE,Combined TRACON& Tower with Radar,0,1,4,2,7,0,8,13,0,21,0,9,17,2,28,6,0,6,34
07/24/2023,MWH,WA,ANM,WE,Combined TRACON& Tower with Radar,0,62,5,4,71,8,30,7,19,64,8,92,12,23,135,125,24,149,284
07/25/2023,MWH,WA,ANM,WE,Combined TRACON& Tower with Radar,8,70,3,8,89,22,49,7,3,81,30,119,10,11,170,182,0,182,352
07/26/2023,MWH,WA,ANM,WE,Combined TRACON& Tower with Radar,19,62,2,11,94,14,35,22,15,86,33,97,24,26,180,228,54,282,462
07/27/2023,MWH,WA,ANM,WE,Combined TRACON& Tower with Radar,30,61,6,3,100,20,50,18,13,101,50,111,24,16,201,212,26,238,439
07/28/2023,MWH,WA,ANM,WE,Combined TRACON& Tower with Radar,6,59,5,2,72,36,24,25,7,92,42,83,30,9,164,264,22,286,450
07/29/2023,MWH,WA,ANM,WE,Combined TRACON& Tower with Radar,8,2,0,0,10,30,8,13,4,55,38,10,13,4,65,4,0,4,69
07/30/2023,MWH,WA,ANM,WE,Combined TRACON& Tower with Radar,10,2,3,0,15,1,30,10,0,41,11,32,13,0,56,29,0,29,85
07/31/2023,MWH,WA,ANM,WE,Combined TRACON& Tower with Radar,10,36,5,9,60,23,46,8,14,91,33,82,13,23,151,260,40,300,451
08/01/2023,MWH,WA,ANM,WE,Combined TRACON& Tower with Radar,11,49,5,17,82,15,68,19,5,107,26,117,24,22,189,254,14,268,457
08/02/2023,MWH,WA,ANM,WE,Combined TRACON& Tower with Radar,7,18,5,1,31,1,51,26,8,86,8,69,31,9,117,226,10,236,353
08/03/2023,MWH,WA,ANM,WE,Combined TRACON& Tower with Radar,23,20,1,14,58,24,32,23,14,93,47,52,24,28,151,115,24,139,290
08/04/2023,MWH,WA,ANM,WE,Combined TRACON& Tower with Radar,14,16,4,0,34,11,28,20,2,61,25,44,24,2,95,106,0,106,201
08/05/2023,MWH,WA,ANM,WE,Combined TRACON& Tower with Radar,0,0,3,0,3,1,5,9,0,15,1,5,12,0,18,0,0,0,18
08/06/2023,MWH,WA,ANM,WE,Combined TRACON& Tower with Radar,13,1,1,0,15,0,0,13,0,13,13,1,14,0,28,26,0,26,54
08/07/2023,MWH,WA,ANM,WE,Combined TRACON& Tower with Radar,14,1,4,5,24,0,3,1,0,4,14,4,5,5,28,0,0,0,28
08/08/2023,MWH,WA,ANM,WE,Combined TRACON& Tower with Radar,9,1,10,12,32,1,5,7,12,25,10,6,17,24,57,0,6,6,63
08/09/2023,MWH,WA,ANM,WE,Combined TRACON& Tower with Radar,6,0,9,4,19,4,11,10,6,31,10,11,19,10,50,8,4,12,62
08/10/2023,MWH,WA,ANM,WE,Combined TRACON& Tower with Radar,2,3,5,32,42,4,6,30,13,53,6,9,35,45,95,54,60,114,209
08/11/2023,MWH,WA,ANM,WE,Combined TRACON& Tower with Radar,6,0,4,11,21,2,3,27,2,34,8,3,31,13,55,52,6,58,113
08/12/2023,MWH,WA,ANM,WE,Combined TRACON& Tower with Radar,5,0,6,0,11,0,0,20,0,20,5,0,26,0,31,2,0,2,33
08/13/2023,MWH,WA,ANM,WE,Combined TRACON& Tower with Radar,9,0,4,0,13,0,4,17,0,21,9,4,21,0,34,4,0,4,38
08/14/2023,MWH,WA,ANM,WE,Combined TRACON& Tower with Radar,7,0,8,21,36,17,0,10,17,44,24,0,18,38,80,1,70,71,151
08/15/2023,MWH,WA,ANM,WE,Combined TRACON& Tower with Radar,6,1,1,2,10,27,5,17,7,56,33,6,18,9,66,17,24,41,107
08/16/2023,MWH,WA,ANM,WE,Combined TRACON& Tower with Radar,4,3,12,14,33,0,7,9,4,20,4,10,21,18,53,6,19,25,78
08/17/2023,MWH,WA,ANM,WE,Combined TRACON& Tower with Radar,9,0,11,5,25,14,16,12,22,64,23,16,23,27,89,0,28,28,117
08/18/2023,MWH,WA,ANM,WE,Combined TRACON& Tower with Radar,21,1,3,0,25,47,14,16,0,77,68,15,19,0,102,4,0,4,106
08/19/2023,MWH,WA,ANM,WE,Combined TRACON& Tower with Radar,0,1,8,0,9,0,0,3,0,3,0,1,11,0,12,0,0,0,12
08/20/2023,MWH,WA,ANM,WE,Combined TRACON& Tower with Radar,4,6,5,0,15,0,0,3,0,3,4,6,8,0,18,0,0,0,18
08/21/2023,MWH,WA,ANM,WE,Combined TRACON& Tower with Radar,8,5,13,10,36,0,0,3,3,6,8,5,16,13,42,0,0,0,42
08/22/2023,MWH,WA,ANM,WE,Combined TRACON& Tower with Radar,6,3,15,19,43,0,2,8,10,20,6,5,23,29,63,0,30,30,93
08/23/2023,MWH,WA,ANM,WE,Combined TRACON& Tower with Radar,12,8,11,10,41,3,12,11,11,37,15,20,22,21,78,13,53,66,144
08/24/2023,MWH,WA,ANM,WE,Combined TRACON& Tower with Radar,12,1,7,8,28,7,1,19,4,31,19,2,26,12,59,32,8,40,99
08/25/2023,MWH,WA,ANM,WE,Combined TRACON& Tower with Radar,15,2,15,2,34,7,2,7,2,18,22,4,22,4,52,10,3,13,65
08/26/2023,MWH,WA,ANM,WE,Combined TRACON& Tower with Radar,4,3,0,1,8,11,2,16,8,37,15,5,16,9,45,0,8,8,53
08/27/2023,MWH,WA,ANM,WE,Combined TRACON& Tower with Radar,4,0,4,2,10,0,5,11,0,16,4,5,15,2,26,10,0,10,36
08/28/2023,MWH,WA,ANM,WE,Combined TRACON& Tower with Radar,1,1,7,4,13,0,7,6,1,14,1,8,13,5,27,2,6,8,35
08/29/2023,MWH,WA,ANM,WE,Combined TRACON& Tower with Radar,17,2,8,3,30,4,4,9,9,26,21,6,17,12,56,5,10,15,71
08/30/2023,MWH,WA,ANM,WE,Combined TRACON& Tower with Radar,13,1,15,7,36,5,12,5,3,25,18,13,20,10,61,6,8,14,75
08/31/2023,MWH,WA,ANM,WE,Combined TRACON& Tower with Radar,2,3,12,3,20,13,1,19,1,34,15,4,31,4,54,58,6,64,118
01/01/2020,MWH,WA,ANM,WE,Combined TRACON& Tower with Radar,0,0,1,0,1,0,0,18,0,18,0,0,19,0,19,15,0,15,34
01/02/2020,MWH,WA,ANM,WE,Combined TRACON& Tower with Radar,0,1,1,0,2,0,3,10,0,13,0,4,11,0,15,4,0,4,19
01/03/2020,MWH,WA,ANM,WE,Combined TRACON& Tower with Radar,10,3,7,13,33,0,5,15,9,29,10,8,22,22,62,10,72,82,144
01/04/2020,MWH,WA,ANM,WE,Combined TRACON& Tower with Radar,0,0,2,0,2,0,0,10,1,11,0,0,12,1,13,8,0,8,21
01/05/2020,MWH,WA,ANM,WE,Combined TRACON& Tower with Radar,0,0,8,0,8,0,0,12,0,12,0,0,20,0,20,20,0,20,40
01/06/2020,MWH,WA,ANM,WE,Combined TRACON& Tower with Radar,4,9,8,8,29,0,46,14,16,76,4,55,22,24,105,124,44,168,273
01/07/2020,MWH,WA,ANM,WE,Combined TRACON& Tower with Radar,6,23,3,18,50,0,55,8,11,74,6,78,11,29,124,232,10,242,366
01/08/2020,MWH,WA,ANM,WE,Combined TRACON& Tower with Radar,0,8,4,8,20,0,8,7,10,25,0,16,11,18,45,8,37,45,90
01/09/2020,MWH,WA,ANM,WE,Combined TRACON& Tower with Radar,3,19,5,9,36,0,64,40,19,123,3,83,45,28,159,426,13,439,598
01/10/2020,MWH,WA,ANM,WE,Combined TRACON& Tower with Radar,4,2,5,0,11,0,0,0,0,0,4,2,5,0,11,0,0,0,11
01/11/2020,MWH,WA,ANM,WE,Combined TRACON& Tower with Radar,2,3,5,0,10,0,0,10,0,10,2,3,15,0,20,0,0,0,20
01/12/2020,MWH,WA,ANM,WE,Combined TRACON& Tower with Radar,0,0,2,0,2,0,0,1,0,1,0,0,3,0,3,0,0,0,3
01/13/2020,MWH,WA,ANM,WE,Combined TRACON& Tower with Radar,15,14,12,9,50,0,92,28,11,131,15,106,40,20,181,318,28,346,527
01/14/2020,MWH,WA,ANM,WE,Combined TRACON& Tower with Radar,3,9,2,8,22,2,36,2,0,40,5,45,4,8,62,0,0,0,62
01/15/2020,MWH,WA,ANM,WE,Combined TRACON& Tower with Radar,2,6,4,0,12,0,29,8,2,39,2,35,12,2,51,186,4,190,241
01/16/2020,MWH,WA,ANM,WE,Combined TRACON& Tower with Radar,0,3,5,6,14,0,31,11,0,42,0,34,16,6,56,173,0,173,229
01/17/2020,MWH,WA,ANM,WE,Combined TRACON& Tower with Radar,0,4,6,1,11,0,0,2,0,2,0,4,8,1,13,0,0,0,13
01/18/2020,MWH,WA,ANM,WE,Combined TRACON& Tower with Radar,0,0,2,0,2,0,0,1,0,1,0,0,3,0,3,0,0,0,3
01/19/2020,MWH,WA,ANM,WE,Combined TRACON& Tower with Radar,5,0,9,0,14,9,0,8,0,17,14,0,17,0,31,0,0,0,31
01/20/2020,MWH,WA,ANM,WE,Combined TRACON& Tower with Radar,4,2,14,0,20,4,7,20,0,31,8,9,34,0,51,36,0,36,87
01/21/2020,MWH,WA,ANM,WE,Combined TRACON& Tower with Radar,3,4,18,1,26,7,15,8,0,30,10,19,26,1,56,0,0,0,56
01/22/2020,MWH,WA,ANM,WE,Combined TRACON& Tower with Radar,0,13,12,9,34,0,69,14,2,85,0,82,26,11,119,316,6,322,441
01/23/2020,MWH,WA,ANM,WE,Combined TRACON& Tower with Radar,0,4,0,0,4,0,0,0,0,0,0,4,0,0,4,0,0,0,4
01/24/2020,MWH,WA,ANM,WE,Combined TRACON& Tower with Radar,12,2,3,1,18,0,1,4,0,5,12,3,7,1,23,0,0,0,23
01/25/2020,MWH,WA,ANM,WE,Combined TRACON& Tower with Radar,1,0,3,2,6,0,0,13,0,13,1,0,16,2,19,25,0,25,44
01/26/2020,MWH,WA,ANM,WE,Combined TRACON& Tower with Radar,0,1,7,0,8,0,0,9,0,9,0,1,16,0,17,0,0,0,17
01/27/2020,MWH,WA,ANM,WE,Combined TRACON& Tower with Radar,12,14,4,1,31,0,44,42,2,88,12,58,46,3,119,177,2,179,298
01/28/2020,MWH,WA,ANM,WE,Combined TRACON& Tower with Radar,2,6,10,1,19,0,0,4,7,11,2,6,14,8,30,0,2,2,32
01/29/2020,MWH,WA,ANM,WE,Combined TRACON& Tower with Radar,2,6,8,1,17,0,0,3,0,3,2,6,11,1,20,0,0,0,20
01/30/2020,MWH,WA,ANM,WE,Combined TRACON& Tower with Radar,2,2,10,0,14,0,0,0,0,0,2,2,10,0,14,0,0,0,14
01/31/2020,MWH,WA,ANM,WE,Combined TRACON& Tower with Radar,0,1,5,2,8,0,1,13,0,14,0,2,18,2,22,0,0,0,22
02/01/2020,MWH,WA,ANM,WE,Combined TRACON& Tower with Radar,2,0,5,0,7,1,0,12,0,13,3,0,17,0,20,0,0,0,20
02/02/2020,MWH,WA,ANM,WE,Combined TRACON& Tower with Radar,4,0,10,0,14,0,0,33,0,33,4,0,43,0,47,42,0,42,89
02/03/2020,MWH,WA,ANM,WE,Combined TRACON& Tower with Radar,0,7,18,11,36,6,63,54,16,139,6,70,72,27,175,249,19,268,443
02/04/2020,MWH,WA,ANM,WE,Combined TRACON& Tower with Radar,1,6,7,2,16,0,68,3,1,72,1,74,10,3,88,210,2,212,300
02/05/2020,MWH,WA,ANM,WE,Combined TRACON& Tower with Radar,3,2,10,4,19,2,26,4,2,34,5,28,14,6,53,154,4,158,211
02/06/2020,MWH,WA,ANM,WE,Combined TRACON& Tower with Radar,7,22,7,2,38,0,75,1,5,81,7,97,8,7,119,230,0,230,349
02/07/2020,MWH,WA,ANM,WE,Combined TRACON& Tower with Radar,8,10,7,3,28,0,0,0,0,0,8,10,7,3,28,0,0,0,28
02/08/2020,MWH,WA,ANM,WE,Combined TRACON& Tower with Radar,1,1,4,3,9,0,14,16,0,30,1,15,20,3,39,34,0,34,73
02/09/2020,MWH,WA,ANM,WE,Combined TRACON& Tower with Radar,0,0,9,26,35,0,0,33,2,35,0,0,42,28,70,8,0,8,78
02/10/2020,MWH,WA,ANM,WE,Combined TRACON& Tower with Radar,5,20,5,16,46,19,125,32,12,188,24,145,37,28,234,298,8,306,540
02/11/2020,MWH,WA,ANM,WE,Combined TRACON& Tower with Radar,4,13,4,14,35,5,102,11,34,152,9,115,15,48,187,156,58,214,401
02/12/2020,MWH,WA,ANM,WE,Combined TRACON& Tower with Radar,7,29,6,17,59,0,97,21,9,127,7,126,27,26,186,300,26,326,512
02/13/2020,MWH,WA,ANM,WE,Combined TRACON& Tower with Radar,4,16,4,6,30,0,85,20,0,105,4,101,24,6,135,287,10,297,432
02/14/2020,MWH,WA,ANM,WE,Combined TRACON& Tower with Radar,8,2,7,0,17,0,0,21,0,21,8,2,28,0,38,10,2,12,50
02/15/2020,MWH,WA,ANM,WE,Combined TRACON& Tower with Radar,0,1,11,0,12,0,7,22,0,29,0,8,33,0,41,36,0,36,77
02/16/2020,MWH,WA,ANM,WE,Combined TRACON& Tower with Radar,0,0,2,0,2,0,0,17,0,17,0,0,19,0,19,30,0,30,49
02/17/2020,MWH,WA,ANM,WE,Combined TRACON& Tower with Radar,1,2,7,0,10,0,0,29,0,29,1,2,36,0,39,15,0,15,54
02/18/2020,MWH,WA,ANM,WE,Combined TRACON& Tower with Radar,3,19,5,4,31,0,121,27,17,165,3,140,32,21,196,277,14,291,487
02/19/2020,MWH,WA,ANM,WE,Combined TRACON& Tower with Radar,2,10,6,5,23,0,88,28,37,153,2,98,34,42,176,293,20,313,489
02/20/2020,MWH,WA,ANM,WE,Combined TRACON& Tower with Radar,1,12,5,6,24,0,114,29,12,155,1,126,34,18,179,353,36,389,568
02/21/2020,MWH,WA,ANM,WE,Combined TRACON& Tower with Radar,12,3,2,1,18,5,0,41,4,50,17,3,43,5,68,32,6,38,106
02/22/2020,MWH,WA,ANM,WE,Combined TRACON& Tower with Radar,6,0,2,0,8,0,0,25,0,25,6,0,27,0,33,44,0,44,77
02/23/2020,MWH,WA,ANM,WE,Combined TRACON& Tower with Radar,0,0,1,2,3,0,0,4,0,4,0,0,5,2,7,0,0,0,7
02/24/2020,MWH,WA,ANM,WE,Combined TRACON& Tower with Radar,6,4,10,5,25,3,84,16,2,105,9,88,26,7,130,154,2,156,286
02/25/2020,MWH,WA,ANM,WE,Combined TRACON& Tower with Radar,9,17,2,6,34,0,130,33,27,190,9,147,35,33,224,289,26,315,539
02/26/2020,MWH,WA,ANM,WE,Combined TRACON& Tower with Radar,0,10,5,10,25,0,115,13,13,141,0,125,18,23,166,352,48,400,566
02/27/2020,MWH,WA,ANM,WE,Combined TRACON& Tower with Radar,1,9,4,5,19,9,91,35,3,138,10,100,39,8,157,383,20,403,560
02/28/2020,MWH,WA,ANM,WE,Combined TRACON& Tower with Radar,1,3,6,4,14,0,1,32,9,42,1,4,38,13,56,24,11,35,91
02/29/2020,MWH,WA,ANM,WE,Combined TRACON& Tower with Radar,1,0,10,0,11,0,0,10,0,10,1,0,20,0,21,20,0,20,41
03/01/2020,MWH,WA,ANM,WE,Combined TRACON& Tower with Radar,0,0,0,0,0,0,0,15,0,15,0,0,15,0,15,8,0,8,23
03/02/2020,MWH,WA,ANM,WE,Combined TRACON& Tower with Radar,0,19,8,15,42,3,66,19,11,99,3,85,27,26,141,99,36,135,276
03/03/2020,MWH,WA,ANM,WE,Combined TRACON& Tower with Radar,3,5,9,12,29,0,94,13,29,136,3,99,22,41,165,319,34,353,518
03/04/2020,MWH,WA,ANM,WE,Combined TRACON& Tower with Radar,0,8,6,18,32,3,46,25,23,97,3,54,31,41,129,53,29,82,211
03/05/2020,MWH,WA,ANM,WE,Combined TRACON& Tower with Radar,0,24,2,3,29,0,89,31,7,127,0,113,33,10,156,410,18,428,584
03/06/2020,MWH,WA,ANM,WE,Combined TRACON& Tower with Radar,0,1,9,4,14,2,2,36,11,51,2,3,45,15,65,27,22,49,114
03/07/2020,MWH,WA,ANM,WE,Combined TRACON& Tower with Radar,2,0,8,0,10,0,0,17,0,17,2,0,25,0,27,6,0,6,33
03/08/2020,MWH,WA,ANM,WE,Combined TRACON& Tower with Radar,4,1,5,0,10,0,2,22,6,30,4,3,27,6,40,14,0,14,54
03/09/2020,MWH,WA,ANM,WE,Combined TRACON& Tower with Radar,0,21,8,4,33,0,125,28,2,155,0,146,36,6,188,307,0,307,495
03/10/2020,MWH,WA,ANM,WE,Combined TRACON& Tower with Radar,0,8,10,8,26,0,116,24,13,153,0,124,34,21,179,282,14,296,475
03/11/2020,MWH,WA,ANM,WE,Combined TRACON& Tower with Radar,4,12,3,2,21,2,73,8,12,95,6,85,11,14,116,4,8,12,128
03/12/2020,MWH,WA,ANM,WE,Combined TRACON& Tower with Radar,12,20,4,5,41,0,114,23,16,153,12,134,27,21,194,247,26,273,467
03/13/2020,MWH,WA,ANM,WE,Combined TRACON& Tower with Radar,2,3,16,3,24,0,0,0,0,0,2,3,16,3,24,0,8,8,32
03/14/2020,MWH,WA,ANM,WE,Combined TRACON& Tower with Radar,0,0,5,0,5,0,0,3,0,3,0,0,8,0,8,0,0,0,8
03/15/2020,MWH,WA,ANM,WE,Combined TRACON& Tower with Radar,0,0,5,0,5,1,0,7,0,8,1,0,12,0,13,2,0,2,15
03/16/2020,MWH,WA,ANM,WE,Combined TRACON& Tower with Radar,0,15,12,8,35,4,50,26,14,94,4,65,38,22,129,166,46,212,341
03/17/2020,MWH,WA,ANM,WE,Combined TRACON& Tower with Radar,1,15,1,0,17,5,44,20,0,69,6,59,21,0,86,94,0,94,180
03/18/2020,MWH,WA,ANM,WE,Combined TRACON& Tower with Radar,2,15,0,0,17,0,10,8,0,18,2,25,8,0,35,0,0,0,35
03/19/2020,MWH,WA,ANM,WE,Combined TRACON& Tower with Radar,1,3,1,0,5,3,1,14,0,18,4,4,15,0,23,18,0,18,41
03/20/2020,MWH,WA,ANM,WE,Combined TRACON& Tower with Radar,4,1,6,0,11,8,1,19,0,28,12,2,25,0,39,30,0,30,69
03/21/2020,MWH,WA,ANM,WE,Combined TRACON& Tower with Radar,8,0,2,0,10,31,0,19,0,50,39,0,21,0,60,4,0,4,64
03/22/2020,MWH,WA,ANM,WE,Combined TRACON& Tower with Radar,10,0,2,0,12,0,0,4,0,4,10,0,6,0,16,0,0,0,16
03/23/2020,MWH,WA,ANM,WE,Combined TRACON& Tower with Radar,12,2,7,11,32,0,0,7,9,16,12,2,14,20,48,0,0,0,48
03/24/2020,MWH,WA,ANM,WE,Combined TRACON& Tower with Radar,32,2,3,14,51,0,0,1,2,3,32,2,4,16,54,0,0,0,54
03/25/2020,MWH,WA,ANM,WE,Combined TRACON& Tower with Radar,31,3,6,4,44,0,2,1,0,3,31,5,7,4,47,0,0,0,47
03/26/2020,MWH,WA,ANM,WE,Combined TRACON& Tower with Radar,0,2,6,2,10,0,1,1,0,2,0,3,7,2,12,0,0,0,12
03/27/2020,MWH,WA,ANM,WE,Combined TRACON& Tower with Radar,0,2,4,2,8,0,0,3,11,14,0,2,7,13,22,8,10,18,40
03/28/2020,MWH,WA,ANM,WE,Combined TRACON& Tower with Radar,0,0,1,0,1,0,0,3,0,3,0,0,4,0,4,0,0,0,4
03/29/2020,MWH,WA,ANM,WE,Combined TRACON& Tower with Radar,0,0,4,0,4,0,0,1,0,1,0,0,5,0,5,0,0,0,5
03/30/2020,MWH,WA,ANM,WE,Combined TRACON& Tower with Radar,0,1,2,2,5,0,1,1,0,2,0,2,3,2,7,0,0,0,7
03/31/2020,MWH,WA,ANM,WE,Combined TRACON& Tower with Radar,0,3,3,2,8,0,0,2,0,2,0,3,5,2,10,0,0,0,10
04/01/2020,MWH,WA,ANM,WE,Combined TRACON& Tower with Radar,0,2,7,8,17,0,1,0,10,11,0,3,7,18,28,0,0,0,28
04/02/2020,MWH,WA,ANM,WE,Combined TRACON& Tower with Radar,0,2,2,3,7,14,0,5,4,23,14,2,7,7,30,4,2,6,36
04/03/2020,MWH,WA,ANM,WE,Combined TRACON& Tower with Radar,0,2,3,5,10,0,1,7,8,16,0,3,10,13,26,16,48,64,90
04/04/2020,MWH,WA,ANM,WE,Combined TRACON& Tower with Radar,0,0,2,0,2,0,0,6,0,6,0,0,8,0,8,0,0,0,8
04/05/2020,MWH,WA,ANM,WE,Combined TRACON& Tower with Radar,0,0,12,0,12,0,0,9,0,9,0,0,21,0,21,0,0,0,21
04/06/2020,MWH,WA,ANM,WE,Combined TRACON& Tower with Radar,0,2,0,10,12,0,1,7,4,12,0,3,7,14,24,0,0,0,24
04/07/2020,MWH,WA,ANM,WE,Combined TRACON& Tower with Radar,0,1,4,3,8,0,1,9,15,25,0,2,13,18,33,14,32,46,79
04/08/2020,MWH,WA,ANM,WE,Combined TRACON& Tower with Radar,0,2,7,5,14,0,0,5,0,5,0,2,12,5,19,3,0,3,22
04/09/2020,MWH,WA,ANM,WE,Combined TRACON& Tower with Radar,0,1,2,0,3,0,1,3,0,4,0,2,5,0,7,10,0,10,17
04/10/2020,MWH,WA,ANM,WE,Combined TRACON& Tower with Radar,0,1,3,0,4,0,1,5,0,6,0,2,8,0,10,0,0,0,10
04/11/2020,MWH,WA,ANM,WE,Combined TRACON& Tower with Radar,0,0,2,0,2,0,0,4,0,4,0,0,6,0,6,0,0,0,6
04/12/2020,MWH,WA,ANM,WE,Combined TRACON& Tower with Radar,0,0,2,0,2,0,0,7,0,7,0,0,9,0,9,8,0,8,17
04/13/2020,MWH,WA,ANM,WE,Combined TRACON& Tower with Radar,6,2,3,2,13,0,0,5,0,5,6,2,8,2,18,0,0,0,18
04/14/2020,MWH,WA,ANM,WE,Combined TRACON& Tower with Radar,6,2,0,12,20,0,1,12,0,13,6,3,12,12,33,0,0,0,33
04/15/2020,MWH,WA,ANM,WE,Combined TRACON& Tower with Radar,0,2,0,5,7,0,0,4,0,4,0,2,4,5,11,1,0,1,12
04/16/2020,MWH,WA,ANM,WE,Combined TRACON& Tower with Radar,1,3,3,11,18,17,0,25,2,44,18,3,28,13,62,16,0,16,78
04/17/2020,MWH,WA,ANM,WE,Combined TRACON& Tower with Radar,0,1,6,0,7,0,1,0,0,1,0,2,6,0,8,0,0,0,8
04/18/2020,MWH,WA,ANM,WE,Combined TRACON& Tower with Radar,0,0,0,0,0,0,0,2,0,2,0,0,2,0,2,0,0,0,2
04/19/2020,MWH,WA,ANM,WE,Combined TRACON& Tower with Radar,0,0,0,0,0,0,0,7,0,7,0,0,7,0,7,0,0,0,7
04/20/2020,MWH,WA,ANM,WE,Combined TRACON& Tower with Radar,0,1,3,5,9,0,1,7,3,11,0,2,10,8,20,0,4,4,24
04/21/2020,MWH,WA,ANM,WE,Combined TRACON& Tower with Radar,0,1,5,1,7,0,1,10,8,19,0,2,15,9,26,10,22,32,58
04/22/2020,MWH,WA,ANM,WE,Combined TRACON& Tower with Radar,1,2,10,7,20,0,0,0,1,1,1,2,10,8,21,6,4,10,31
04/23/2020,MWH,WA,ANM,WE,Combined TRACON& Tower with Radar,3,3,2,8,16,1,1,10,6,18,4,4,12,14,34,9,12,21,55
04/24/2020,MWH,WA,ANM,WE,Combined TRACON& Tower with Radar,1,3,5,3,12,0,0,7,8,15,1,3,12,11,27,2,20,22,49
04/25/2020,MWH,WA,ANM,WE,Combined TRACON& Tower with Radar,0,0,1,0,1,0,0,2,0,2,0,0,3,0,3,14,0,14,17
04/26/2020,MWH,WA,ANM,WE,Combined TRACON& Tower with Radar,0,0,2,0,2,0,0,20,0,20,0,0,22,0,22,6,0,6,28
04/27/2020,MWH,WA,ANM,WE,Combined TRACON& Tower with Radar,1,2,4,9,16,0,1,5,19,25,1,3,9,28,41,13,48,61,102
04/28/2020,MWH,WA,ANM,WE,Combined TRACON& Tower with Radar,0,1,0,8,9,0,1,12,4,17,0,2,12,12,26,2,9,11,37
04/29/2020,MWH,WA,ANM,WE,Combined TRACON& Tower with Radar,0,2,1,4,7,0,0,25,3,28,0,2,26,7,35,24,0,24,59
04/30/2020,MWH,WA,ANM,WE,Combined TRACON& Tower with Radar,1,4,2,12,19,5,0,8,10,23,6,4,10,22,42,22,16,38,80
05/01/2020,MWH,WA,ANM,WE,Combined TRACON& Tower with Radar,2,2,3,0,7,4,0,2,0,6,6,2,5,0,13,0,0,0,13
05/02/2020,MWH,WA,ANM,WE,Combined TRACON& Tower with Radar,0,0,0,0,0,0,0,3,0,3,0,0,3,0,3,0,0,0,3
05/03/2020,MWH,WA,ANM,WE,Combined TRACON& Tower with Radar,0,0,1,0,1,0,0,3,0,3,0,0,4,0,4,0,0,0,4
05/04/2020,MWH,WA,ANM,WE,Combined TRACON& Tower with Radar,11,1,5,5,22,0,5,10,9,24,11,6,15,14,46,0,14,14,60
05/05/2020,MWH,WA,ANM,WE,Combined TRACON& Tower with Radar,1,1,4,8,14,20,4,21,4,49,21,5,25,12,63,0,6,6,69
05/06/2020,MWH,WA,ANM,WE,Combined TRACON& Tower with Radar,0,2,1,0,3,0,0,4,0,4,0,2,5,0,7,0,0,0,7
05/07/2020,MWH,WA,ANM,WE,Combined TRACON& Tower with Radar,0,1,3,5,9,0,6,22,11,39,0,7,25,16,48,12,10,22,70
05/08/2020,MWH,WA,ANM,WE,Combined TRACON& Tower with Radar,1,1,5,1,8,0,1,13,2,16,1,2,18,3,24,0,0,0,24
05/09/2020,MWH,WA,ANM,WE,Combined TRACON& Tower with Radar,0,0,4,0,4,0,0,10,0,10,0,0,14,0,14,0,0,0,14
05/10/2020,MWH,WA,ANM,WE,Combined TRACON& Tower with Radar,0,0,0,0,0,0,0,4,0,4,0,0,4,0,4,0,0,0,4
05/11/2020,MWH,WA,ANM,WE,Combined TRACON& Tower with Radar,0,3,4,4,11,0,1,10,0,11,0,4,14,4,22,6,2,8,30
05/12/2020,MWH,WA,ANM,WE,Combined TRACON& Tower with Radar,0,3,6,10,19,0,1,2,3,6,0,4,8,13,25,0,0,0,25
05/13/2020,MWH,WA,ANM,WE,Combined TRACON& Tower with Radar,0,2,6,3,11,0,1,18,6,25,0,3,24,9,36,0,16,16,52
05/14/2020,MWH,WA,ANM,WE,Combined TRACON& Tower with Radar,3,2,2,4,11,0,2,11,14,27,3,4,13,18,38,18,46,64,102
05/15/2020,MWH,WA,ANM,WE,Combined TRACON& Tower with Radar,0,2,9,5,16,0,1,17,6,24,0,3,26,11,40,8,2,10,50
05/16/2020,MWH,WA,ANM,WE,Combined TRACON& Tower with Radar,0,0,0,0,0,0,2,11,0,13,0,2,11,0,13,24,0,24,37
05/17/2020,MWH,WA,ANM,WE,Combined TRACON& Tower with Radar,0,0,0,0,0,0,0,1,0,1,0,0,1,0,1,0,0,0,1
05/18/2020,MWH,WA,ANM,WE,Combined TRACON& Tower with Radar,0,2,1,0,3,0,0,4,0,4,0,2,5,0,7,3,4,7,14
05/19/2020,MWH,WA,ANM,WE,Combined TRACON& Tower with Radar,0,2,11,23,36,0,0,12,2,14,0,2,23,25,50,14,18,32,82
05/20/2020,MWH,WA,ANM,WE,Combined TRACON& Tower with Radar,5,3,4,14,26,0,17,3,7,27,5,20,7,21,53,18,30,48,101
05/21/2020,MWH,WA,ANM,WE,Combined TRACON& Tower with Radar,0,2,6,1,9,0,25,17,1,43,0,27,23,2,52,54,0,54,106
05/22/2020,MWH,WA,ANM,WE,Combined TRACON& Tower with Radar,0,2,8,0,10,0,0,17,0,17,0,2,25,0,27,14,0,14,41
05/23/2020,MWH,WA,ANM,WE,Combined TRACON& Tower with Radar,0,0,2,0,2,0,0,22,0,22,0,0,24,0,24,8,0,8,32
05/24/2020,MWH,WA,ANM,WE,Combined TRACON& Tower with Radar,0,0,0,0,0,0,0,13,0,13,0,0,13,0,13,10,0,10,23
05/25/2020,MWH,WA,ANM,WE,Combined TRACON& Tower with Radar,0,0,2,0,2,0,0,11,0,11,0,0,13,0,13,0,0,0,13
05/26/2020,MWH,WA,ANM,WE,Combined TRACON& Tower with Radar,0,2,9,2,13,0,35,11,4,50,0,37,20,6,63,116,16,132,195
05/27/2020,MWH,WA,ANM,WE,Combined TRACON& Tower with Radar,2,2,0,5,9,0,59,32,8,99,2,61,32,13,108,224,12,236,344
05/28/2020,MWH,WA,ANM,WE,Combined TRACON& Tower with Radar,0,1,8,1,10,0,49,60,6,115,0,50,68,7,125,250,4,254,379
05/29/2020,MWH,WA,ANM,WE,Combined TRACON& Tower with Radar,2,1,1,3,7,0,3,15,3,21,2,4,16,6,28,2,0,2,30
05/30/2020,MWH,WA,ANM,WE,Combined TRACON& Tower with Radar,0,0,0,0,0,0,3,6,0,9,0,3,6,0,9,3,0,3,12
05/31/2020,MWH,WA,ANM,WE,Combined TRACON& Tower with Radar,0,0,1,0,1,0,0,2,0,2,0,0,3,0,3,0,0,0,3
06/01/2020,MWH,WA,ANM,WE,Combined TRACON& Tower with Radar,0,1,5,5,11,0,66,4,0,70,0,67,9,5,81,192,12,204,285
06/02/2020,MWH,WA,ANM,WE,Combined TRACON& Tower with Radar,2,13,3,4,22,2,87,14,1,104,4,100,17,5,126,246,4,250,376
06/03/2020,MWH,WA,ANM,WE,Combined TRACON& Tower with Radar,2,0,5,8,15,0,91,26,10,127,2,91,31,18,142,208,19,227,369
06/04/2020,MWH,WA,ANM,WE,Combined TRACON& Tower with Radar,0,15,7,4,26,0,75,23,4,102,0,90,30,8,128,204,2,206,334
06/05/2020,MWH,WA,ANM,WE,Combined TRACON& Tower with Radar,1,2,6,10,19,0,3,16,1,20,1,5,22,11,39,62,0,62,101
06/06/2020,MWH,WA,ANM,WE,Combined TRACON& Tower with Radar,0,0,2,0,2,0,0,8,1,9,0,0,10,1,11,2,0,2,13
06/07/2020,MWH,WA,ANM,WE,Combined TRACON& Tower with Radar,0,0,2,0,2,0,0,5,0,5,0,0,7,0,7,4,0,4,11
06/08/2020,MWH,WA,ANM,WE,Combined TRACON& Tower with Radar,2,7,0,2,11,0,44,15,12,71,2,51,15,14,82,106,0,106,188
06/09/2020,MWH,WA,ANM,WE,Combined TRACON& Tower with Radar,0,30,7,2,39,0,36,11,0,47,0,66,18,2,86,118,0,118,204
06/10/2020,MWH,WA,ANM,WE,Combined TRACON& Tower with Radar,8,1,7,2,18,2,55,25,6,88,10,56,32,8,106,152,10,162,268
06/11/2020,MWH,WA,ANM,WE,Combined TRACON& Tower with Radar,3,18,4,2,27,10,76,24,3,113,13,94,28,5,140,265,2,267,407
06/12/2020,MWH,WA,ANM,WE,Combined TRACON& Tower with Radar,2,0,7,4,13,0,0,23,21,44,2,0,30,25,57,39,36,75,132
06/13/2020,MWH,WA,ANM,WE,Combined TRACON& Tower with Radar,0,0,3,0,3,0,1,9,0,10,0,1,12,0,13,0,0,0,13
06/14/2020,MWH,WA,ANM,WE,Combined TRACON& Tower with Radar,1,0,1,0,2,0,0,12,0,12,1,0,13,0,14,6,0,6,20
06/15/2020,MWH,WA,ANM,WE,Combined TRACON& Tower with Radar,7,13,2,24,46,0,29,8,4,41,7,42,10,28,87,191,110,301,388
06/16/2020,MWH,WA,ANM,WE,Combined TRACON& Tower with Radar,1,13,4,2,20,0,38,10,4,52,1,51,14,6,72,110,4,114,186
06/17/2020,MWH,WA,ANM,WE,Combined TRACON& Tower with Radar,2,11,5,2,20,3,98,35,14,150,5,109,40,16,170,163,9,172,342
06/18/2020,MWH,WA,ANM,WE,Combined TRACON& Tower with Radar,7,11,3,13,34,20,108,47,2,177,27,119,50,15,211,312,2,314,525
06/19/2020,MWH,WA,ANM,WE,Combined TRACON& Tower with Radar,4,1,2,5,12,1,0,26,10,37,5,1,28,15,49,10,26,36,85
06/20/2020,MWH,WA,ANM,WE,Combined TRACON& Tower with Radar,1,0,3,0,4,0,0,39,0,39,1,0,42,0,43,10,0,10,53
06/21/2020,MWH,WA,ANM,WE,Combined TRACON& Tower with Radar,0,0,1,0,1,0,0,7,0,7,0,0,8,0,8,0,0,0,8
06/22/2020,MWH,WA,ANM,WE,Combined TRACON& Tower with Radar,1,18,1,6,26,0,87,31,2,120,1,105,32,8,146,369,6,375,521
06/23/2020,MWH,WA,ANM,WE,Combined TRACON& Tower with Radar,9,19,6,2,36,7,99,24,3,133,16,118,30,5,169,256,26,282,451
06/24/2020,MWH,WA,ANM,WE,Combined TRACON& Tower with Radar,6,26,4,3,39,0,64,21,19,104,6,90,25,22,143,181,20,201,344
06/25/2020,MWH,WA,ANM,WE,Combined TRACON& Tower with Radar,10,30,4,4,48,0,124,25,4,153,10,154,29,8,201,264,30,294,495
06/26/2020,MWH,WA,ANM,WE,Combined TRACON& Tower with Radar,20,12,4,14,50,20,83,18,30,151,40,95,22,44,201,246,62,308,509
06/27/2020,MWH,WA,ANM,WE,Combined TRACON& Tower with Radar,0,0,4,1,5,1,0,13,0,14,1,0,17,1,19,2,0,2,21
06/28/2020,MWH,WA,ANM,WE,Combined TRACON& Tower with Radar,0,0,0,0,0,0,0,5,0,5,0,0,5,0,5,10,0,10,15
06/29/2020,MWH,WA,ANM,WE,Combined TRACON& Tower with Radar,5,35,7,8,55,6,66,32,13,117,11,101,39,21,172,166,52,218,390
06/30/2020,MWH,WA,ANM,WE,Combined TRACON& Tower with Radar,9,29,6,8,52,11,67,25,15,118,20,96,31,23,170,222,38,260,430
07/01/2020,MWH,WA,ANM,WE,Combined TRACON& Tower with Radar,40,25,5,6,76,0,69,34,23,126,40,94,39,29,202,227,48,275,477
07/02/2020,MWH,WA,ANM,WE,Combined TRACON& Tower with Radar,0,38,9,4,51,0,74,12,19,105,0,112,21,23,156,186,72,258,414
07/03/2020,MWH,WA,ANM,WE,Combined TRACON& Tower with Radar,3,0,11,2,16,0,0,16,0,16,3,0,27,2,32,0,0,0,32
07/04/2020,MWH,WA,ANM,WE,Combined TRACON& Tower with Radar,0,1,12,0,13,0,0,13,0,13,0,1,25,0,26,17,0,17,43
07/05/2020,MWH,WA,ANM,WE,Combined TRACON& Tower with Radar,0,1,6,0,7,0,0,16,0,16,0,1,22,0,23,8,0,8,31
07/06/2020,MWH,WA,ANM,WE,Combined TRACON& Tower with Radar,7,21,10,1,39,16,102,16,0,134,23,123,26,1,173,217,0,217,390
07/07/2020,MWH,WA,ANM,WE,Combined TRACON& Tower with Radar,8,27,3,5,43,1,81,21,10,113,9,108,24,15,156,279,21,300,456
07/08/2020,MWH,WA,ANM,WE,Combined TRACON& Tower with Radar,13,34,9,11,67,9,121,25,25,180,22,155,34,36,247,230,93,323,570
07/09/2020,MWH,WA,ANM,WE,Combined TRACON& Tower with Radar,0,19,2,12,33,0,91,26,17,134,0,110,28,29,167,282,85,367,534
07/10/2020,MWH,WA,ANM,WE,Combined TRACON& Tower with Radar,4,29,7,3,43,4,62,26,11,103,8,91,33,14,146,146,34,180,326
07/11/2020,MWH,WA,ANM,WE,Combined TRACON& Tower with Radar,0,0,0,7,7,4,17,11,17,49,4,17,11,24,56,5,34,39,95
07/12/2020,MWH,WA,ANM,WE,Combined TRACON& Tower with Radar,0,0,3,0,3,0,0,17,2,19,0,0,20,2,22,6,0,6,28
07/13/2020,MWH,WA,ANM,WE,Combined TRACON& Tower with Radar,11,32,3,7,53,7,111,18,26,162,18,143,21,33,215,318,28,346,561
07/14/2020,MWH,WA,ANM,WE,Combined TRACON& Tower with Radar,18,21,1,1,41,3,70,20,20,113,21,91,21,21,154,184,24,208,362
07/15/2020,MWH,WA,ANM,WE,Combined TRACON& Tower with Radar,30,21,7,6,64,5,101,16,15,137,35,122,23,21,201,379,29,408,609
07/16/2020,MWH,WA,ANM,WE,Combined TRACON& Tower with Radar,12,21,9,10,52,20,75,30,20,145,32,96,39,30,197,319,18,337,534
07/17/2020,MWH,WA,ANM,WE,Combined TRACON& Tower with Radar,20,30,7,3,60,3,62,10,1,76,23,92,17,4,136,150,8,158,294
07/18/2020,MWH,WA,ANM,WE,Combined TRACON& Tower with Radar,0,0,4,1,5,0,0,19,1,20,0,0,23,2,25,8,20,28,53
07/19/2020,MWH,WA,ANM,WE,Combined TRACON& Tower with Radar,0,2,4,0,6,0,0,13,0,13,0,2,17,0,19,11,0,11,30
07/20/2020,MWH,WA,ANM,WE,Combined TRACON& Tower with Radar,13,38,1,2,54,1,51,23,0,75,14,89,24,2,129,35,4,39,168
07/21/2020,MWH,WA,ANM,WE,Combined TRACON& Tower with Radar,4,36,1,4,45,6,90,18,2,116,10,126,19,6,161,148,2,150,311
07/22/2020,MWH,WA,ANM,WE,Combined TRACON& Tower with Radar,2,23,2,3,30,0,81,19,20,120,2,104,21,23,150,180,19,199,349
07/23/2020,MWH,WA,ANM,WE,Combined TRACON& Tower with Radar,5,27,7,9,48,22,82,10,21,135,27,109,17,30,183,157,27,184,367
07/24/2020,MWH,WA,ANM,WE,Combined TRACON& Tower with Radar,4,31,7,8,50,70,64,38,18,190,74,95,45,26,240,220,14,234,474
07/25/2020,MWH,WA,ANM,WE,Combined TRACON& Tower with Radar,4,0,5,0,9,36,1,23,1,61,40,1,28,1,70,6,0,6,76
07/26/2020,MWH,WA,ANM,WE,Combined TRACON& Tower with Radar,2,2,2,0,6,12,2,7,1,22,14,4,9,1,28,13,0,13,41
07/27/2020,MWH,WA,ANM,WE,Combined TRACON& Tower with Radar,2,37,7,7,53,25,79,9,16,129,27,116,16,23,182,176,40,216,398
07/28/2020,MWH,WA,ANM,WE,Combined TRACON& Tower with Radar,3,61,6,4,74,7,67,28,12,114,10,128,34,16,188,267,34,301,489
07/29/2020,MWH,WA,ANM,WE,Combined TRACON& Tower with Radar,10,56,12,14,92,12,44,24,6,86,22,100,36,20,178,189,37,226,404
07/30/2020,MWH,WA,ANM,WE,Combined TRACON& Tower with Radar,20,48,1,0,69,6,22,28,2,58,26,70,29,2,127,87,0,87,214
07/31/2020,MWH,WA,ANM,WE,Combined TRACON& Tower with Radar,21,16,2,5,44,4,10,26,23,63,25,26,28,28,107,16,53,69,176
08/01/2020,MWH,WA,ANM,WE,Combined TRACON& Tower with Radar,9,0,3,0,12,24,3,16,5,48,33,3,19,5,60,0,0,0,60
08/02/2020,MWH,WA,ANM,WE,Combined TRACON& Tower with Radar,3,0,0,2,5,20,0,18,3,41,23,0,18,5,46,0,0,0,46
08/03/2020,MWH,WA,ANM,WE,Combined TRACON& Tower with Radar,32,0,5,9,46,11,2,26,14,53,43,2,31,23,99,14,22,36,135
08/04/2020,MWH,WA,ANM,WE,Combined TRACON& Tower with Radar,13,4,9,5,31,36,1,27,11,75,49,5,36,16,106,59,23,82,188
08/05/2020,MWH,WA,ANM,WE,Combined TRACON& Tower with Radar,22,1,2,16,41,38,11,29,18,96,60,12,31,34,137,20,85,105,242
08/06/2020,MWH,WA,ANM,WE,Combined TRACON& Tower with Radar,8,0,2,26,36,9,1,10,36,56,17,1,12,62,92,0,90,90,182
08/07/2020,MWH,WA,ANM,WE,Combined TRACON& Tower with Radar,2,6,5,18,31,0,10,16,0,26,2,16,21,18,57,12,30,42,99
08/08/2020,MWH,WA,ANM,WE,Combined TRACON& Tower with Radar,0,0,6,2,8,0,1,7,3,11,0,1,13,5,19,10,6,16,35
08/09/2020,MWH,WA,ANM,WE,Combined TRACON& Tower with Radar,8,0,2,0,10,12,21,26,4,63,20,21,28,4,73,30,0,30,103
08/10/2020,MWH,WA,ANM,WE,Combined TRACON& Tower with Radar,17,8,6,4,35,40,15,42,14,111,57,23,48,18,146,6,0,6,152
08/11/2020,MWH,WA,ANM,WE,Combined TRACON& Tower with Radar,19,5,7,15,46,4,13,29,35,81,23,18,36,50,127,28,70,98,225
08/12/2020,MWH,WA,ANM,WE,Combined TRACON& Tower with Radar,15,4,5,13,37,5,3,24,23,55,20,7,29,36,92,42,45,87,179
08/13/2020,MWH,WA,ANM,WE,Combined TRACON& Tower with Radar,18,6,7,19,50,2,13,18,11,44,20,19,25,30,94,38,78,116,210
08/14/2020,MWH,WA,ANM,WE,Combined TRACON& Tower with Radar,14,3,2,32,51,9,4,29,33,75,23,7,31,65,126,19,109,128,254
08/15/2020,MWH,WA,ANM,WE,Combined TRACON& Tower with Radar,9,5,4,2,20,5,0,15,5,25,14,5,19,7,45,10,10,20,65
08/16/2020,MWH,WA,ANM,WE,Combined TRACON& Tower with Radar,0,0,5,0,5,0,1,8,1,10,0,1,13,1,15,0,0,0,15
08/17/2020,MWH,WA,ANM,WE,Combined TRACON& Tower with Radar,1,2,7,24,34,11,10,34,18,73,12,12,41,42,107,0,88,88,195
08/18/2020,MWH,WA,ANM,WE,Combined TRACON& Tower with Radar,13,2,17,44,76,19,8,18,21,66,32,10,35,65,142,38,116,154,296
08/19/2020,MWH,WA,ANM,WE,Combined TRACON& Tower with Radar,14,1,14,16,45,15,8,30,29,82,29,9,44,45,127,16,52,68,195
08/20/2020,MWH,WA,ANM,WE,Combined TRACON& Tower with Radar,29,0,7,33,69,3,12,14,14,43,32,12,21,47,112,38,50,88,200
08/21/2020,MWH,WA,ANM,WE,Combined TRACON& Tower with Radar,20,2,0,14,36,24,2,21,8,55,44,4,21,22,91,22,38,60,151
08/22/2020,MWH,WA,ANM,WE,Combined TRACON& Tower with Radar,0,0,7,1,8,1,8,23,7,39,1,8,30,8,47,22,0,22,69
08/23/2020,MWH,WA,ANM,WE,Combined TRACON& Tower with Radar,4,0,15,4,23,0,1,28,0,29,4,1,43,4,52,14,14,28,80
08/24/2020,MWH,WA,ANM,WE,Combined TRACON& Tower with Radar,11,0,5,9,25,0,1,33,19,53,11,1,38,28,78,15,66,81,159
08/25/2020,MWH,WA,ANM,WE,Combined TRACON& Tower with Radar,6,2,8,35,51,33,1,31,30,95,39,3,39,65,146,27,36,63,209
08/26/2020,MWH,WA,ANM,WE,Combined TRACON& Tower with Radar,27,2,20,50,99,67,13,27,35,142,94,15,47,85,241,16,42,58,299
08/27/2020,MWH,WA,ANM,WE,Combined TRACON& Tower with Radar,9,0,9,11,29,13,6,47,53,119,22,6,56,64,148,56,54,110,258
08/28/2020,MWH,WA,ANM,WE,Combined TRACON& Tower with Radar,25,0,7,12,44,30,7,28,15,80,55,7,35,27,124,44,58,102,226
08/29/2020,MWH,WA,ANM,WE,Combined TRACON& Tower with Radar,9,1,9,0,19,30,3,19,2,54,39,4,28,2,73,0,0,0,73
08/30/2020,MWH,WA,ANM,WE,Combined TRACON& Tower with Radar,2,0,5,0,7,3,0,13,3,19,5,0,18,3,26,6,0,6,32
08/31/2020,MWH,WA,ANM,WE,Combined TRACON& Tower with Radar,0,6,1,18,25,30,3,6,21,60,30,9,7,39,85,16,76,92,177
09/01/2020,MWH,WA,ANM,WE,Combined TRACON& Tower with Radar,7,0,3,23,33,109,21,24,24,178,116,21,27,47,211,40,40,80,291
09/02/2020,MWH,WA,ANM,WE,Combined TRACON& Tower with Radar,15,0,1,30,46,104,6,22,45,177,119,6,23,75,223,4,92,96,319
09/03/2020,MWH,WA,ANM,WE,Combined TRACON& Tower with Radar,12,3,2,11,28,36,10,25,20,91,48,13,27,31,119,20,26,46,165
09/04/2020,MWH,WA,ANM,WE,Combined TRACON& Tower with Radar,12,2,8,0,22,34,9,31,0,74,46,11,39,0,96,21,0,21,117
09/05/2020,MWH,WA,ANM,WE,Combined TRACON& Tower with Radar,0,1,3,0,4,3,6,10,4,23,3,7,13,4,27,6,32,38,65
09/06/2020,MWH,WA,ANM,WE,Combined TRACON& Tower with Radar,0,0,8,0,8,0,1,15,1,17,0,1,23,1,25,3,0,3,28
09/07/2020,MWH,WA,ANM,WE,Combined TRACON& Tower with Radar,0,0,10,0,10,14,2,3,1,20,14,2,13,1,30,0,0,0,30
09/08/2020,MWH,WA,ANM,WE,Combined TRACON& Tower with Radar,9,1,9,19,38,40,5,14,10,69,49,6,23,29,107,0,13,13,120
09/09/2020,MWH,WA,ANM,WE,Combined TRACON& Tower with Radar,21,4,2,39,66,27,0,5,5,37,48,4,7,44,103,0,58,58,161
09/10/2020,MWH,WA,ANM,WE,Combined TRACON& Tower with Radar,29,1,12,25,67,45,12,16,14,87,74,13,28,39,154,7,24,31,185
09/11/2020,MWH,WA,ANM,WE,Combined TRACON& Tower with Radar,0,3,10,20,33,14,8,7,20,49,14,11,17,40,82,34,30,64,146
09/12/2020,MWH,WA,ANM,WE,Combined TRACON& Tower with Radar,0,1,5,0,6,0,0,0,0,0,0,1,5,0,6,0,0,0,6
09/13/2020,MWH,WA,ANM,WE,Combined TRACON& Tower with Radar,0,1,3,0,4,0,0,0,0,0,0,1,3,0,4,0,0,0,4
09/14/2020,MWH,WA,ANM,WE,Combined TRACON& Tower with Radar,11,1,2,23,37,0,0,0,0,0,11,1,2,23,37,0,0,0,37
09/15/2020,MWH,WA,ANM,WE,Combined TRACON& Tower with Radar,6,2,11,30,49,0,0,0,0,0,6,2,11,30,49,0,0,0,49
09/16/2020,MWH,WA,ANM,WE,Combined TRACON& Tower with Radar,0,5,13,7,25,0,0,0,0,0,0,5,13,7,25,0,0,0,25
09/17/2020,MWH,WA,ANM,WE,Combined TRACON& Tower with Radar,42,3,7,6,58,0,0,0,0,0,42,3,7,6,58,0,0,0,58
09/18/2020,MWH,WA,ANM,WE,Combined TRACON& Tower with Radar,7,1,16,9,33,1,0,1,0,2,8,1,17,9,35,0,0,0,35
09/19/2020,MWH,WA,ANM,WE,Combined TRACON& Tower with Radar,0,0,7,1,8,0,0,14,0,14,0,0,21,1,22,4,0,4,26
09/20/2020,MWH,WA,ANM,WE,Combined TRACON& Tower with Radar,4,0,13,3,20,0,1,21,0,22,4,1,34,3,42,38,0,38,80
09/21/2020,MWH,WA,ANM,WE,Combined TRACON& Tower with Radar,30,0,15,29,74,21,3,35,12,71,51,3,50,41,145,38,60,98,243
09/22/2020,MWH,WA,ANM,WE,Combined TRACON& Tower with Radar,23,8,7,24,62,3,87,51,21,162,26,95,58,45,224,210,24,234,458
09/23/2020,MWH,WA,ANM,WE,Combined TRACON& Tower with Radar,4,11,7,18,40,1,77,21,14,113,5,88,28,32,153,242,56,298,451
09/24/2020,MWH,WA,ANM,WE,Combined TRACON& Tower with Radar,17,0,10,32,59,2,0,7,21,30,19,0,17,53,89,9,121,130,219
09/25/2020,MWH,WA,ANM,WE,Combined TRACON& Tower with Radar,17,1,6,3,27,16,0,11,6,33,33,1,17,9,60,0,30,30,90
09/26/2020,MWH,WA,ANM,WE,Combined TRACON& Tower with Radar,6,0,10,5,21,16,1,35,3,55,22,1,45,8,76,14,8,22,98
09/27/2020,MWH,WA,ANM,WE,Combined TRACON& Tower with Radar,7,0,12,0,19,21,0,34,5,60,28,0,46,5,79,66,14,80,159
09/28/2020,MWH,WA,ANM,WE,Combined TRACON& Tower with Radar,19,10,5,7,41,21,120,17,12,170,40,130,22,19,211,328,8,336,547
09/29/2020,MWH,WA,ANM,WE,Combined TRACON& Tower with Radar,18,2,5,6,31,12,100,21,7,140,30,102,26,13,171,255,8,263,434
09/30/2020,MWH,WA,ANM,WE,Combined TRACON& Tower with Radar,8,10,5,11,34,15,116,29,3,163,23,126,34,14,197,305,20,325,522
10/01/2020,MWH,WA,ANM,WE,Combined TRACON& Tower with Radar,5,9,2,18,34,14,102,29,9,154,19,111,31,27,188,302,48,350,538
10/02/2020,MWH,WA,ANM,WE,Combined TRACON& Tower with Radar,17,8,7,21,53,4,31,23,3,61,21,39,30,24,114,68,52,120,234
10/03/2020,MWH,WA,ANM,WE,Combined TRACON& Tower with Radar,3,0,3,0,6,7,0,15,0,22,10,0,18,0,28,6,0,6,34
10/04/2020,MWH,WA,ANM,WE,Combined TRACON& Tower with Radar,5,0,3,0,8,13,0,14,0,27,18,0,17,0,35,18,0,18,53
10/05/2020,MWH,WA,ANM,WE,Combined TRACON& Tower with Radar,8,13,8,50,79,4,116,9,29,158,12,129,17,79,237,306,80,386,623
10/06/2020,MWH,WA,ANM,WE,Combined TRACON& Tower with Radar,4,11,7,35,57,12,122,16,8,158,16,133,23,43,215,310,4,314,529
10/07/2020,MWH,WA,ANM,WE,Combined TRACON& Tower with Radar,6,28,8,30,72,1,107,26,12,146,7,135,34,42,218,234,29,263,481
10/08/2020,MWH,WA,ANM,WE,Combined TRACON& Tower with Radar,6,19,3,19,47,5,79,16,23,123,11,98,19,42,170,386,79,465,635
10/09/2020,MWH,WA,ANM,WE,Combined TRACON& Tower with Radar,22,0,2,11,35,42,3,18,0,63,64,3,20,11,98,34,30,64,162
10/10/2020,MWH,WA,ANM,WE,Combined TRACON& Tower with Radar,2,0,4,2,8,0,3,5,2,10,2,3,9,4,18,0,8,8,26
10/11/2020,MWH,WA,ANM,WE,Combined TRACON& Tower with Radar,4,1,6,0,11,26,0,12,0,38,30,1,18,0,49,4,0,4,53
10/12/2020,MWH,WA,ANM,WE,Combined TRACON& Tower with Radar,14,30,2,0,46,1,81,15,0,97,15,111,17,0,143,339,0,339,482
10/13/2020,MWH,WA,ANM,WE,Combined TRACON& Tower with Radar,7,1,5,6,19,6,56,4,0,66,13,57,9,6,85,248,16,264,349
10/14/2020,MWH,WA,ANM,WE,Combined TRACON& Tower with Radar,30,38,12,10,90,14,85,15,17,131,44,123,27,27,221,316,36,352,573
10/15/2020,MWH,WA,ANM,WE,Combined TRACON& Tower with Radar,11,14,10,14,49,12,91,30,20,153,23,105,40,34,202,251,33,284,486
10/16/2020,MWH,WA,ANM,WE,Combined TRACON& Tower with Radar,11,0,1,4,16,19,3,14,1,37,30,3,15,5,53,9,6,15,68
10/17/2020,MWH,WA,ANM,WE,Combined TRACON& Tower with Radar,7,0,4,0,11,7,0,23,0,30,14,0,27,0,41,8,0,8,49
10/18/2020,MWH,WA,ANM,WE,Combined TRACON& Tower with Radar,0,0,6,3,9,0,0,12,0,12,0,0,18,3,21,26,0,26,47
10/19/2020,MWH,WA,ANM,WE,Combined TRACON& Tower with Radar,29,36,8,13,86,45,60,7,15,127,74,96,15,28,213,211,69,280,493
10/20/2020,MWH,WA,ANM,WE,Combined TRACON& Tower with Radar,6,35,15,34,90,35,123,17,9,184,41,158,32,43,274,349,56,405,679
10/21/2020,MWH,WA,ANM,WE,Combined TRACON& Tower with Radar,2,40,5,10,57,0,77,13,9,99,2,117,18,19,156,248,26,274,430
10/22/2020,MWH,WA,ANM,WE,Combined TRACON& Tower with Radar,18,22,5,13,58,26,90,45,13,174,44,112,50,26,232,240,62,302,534
10/23/2020,MWH,WA,ANM,WE,Combined TRACON& Tower with Radar,24,0,4,2,30,42,0,0,8,50,66,0,4,10,80,6,14,20,100
10/24/2020,MWH,WA,ANM,WE,Combined TRACON& Tower with Radar,0,0,5,0,5,0,0,26,0,26,0,0,31,0,31,6,0,6,37
10/25/2020,MWH,WA,ANM,WE,Combined TRACON& Tower with Radar,1,0,7,0,8,1,0,21,0,22,2,0,28,0,30,46,0,46,76
10/26/2020,MWH,WA,ANM,WE,Combined TRACON& Tower with Radar,9,32,3,8,52,35,81,21,14,151,44,113,24,22,203,423,15,438,641
10/27/2020,MWH,WA,ANM,WE,Combined TRACON& Tower with Radar,2,26,7,19,54,8,104,23,12,147,10,130,30,31,201,237,40,277,478
10/28/2020,MWH,WA,ANM,WE,Combined TRACON& Tower with Radar,5,19,8,9,41,63,70,32,6,171,68,89,40,15,212,443,26,469,681
10/29/2020,MWH,WA,ANM,WE,Combined TRACON& Tower with Radar,4,17,11,12,44,28,111,12,13,164,32,128,23,25,208,242,17,259,467
10/30/2020,MWH,WA,ANM,WE,Combined TRACON& Tower with Radar,12,2,7,7,28,6,3,6,2,17,18,5,13,9,45,16,0,16,61
10/31/2020,MWH,WA,ANM,WE,Combined TRACON& Tower with Radar,0,0,13,0,13,0,0,23,0,23,0,0,36,0,36,24,0,24,60
11/01/2020,MWH,WA,ANM,WE,Combined TRACON& Tower with Radar,2,0,9,0,11,2,0,14,4,20,4,0,23,4,31,35,0,35,66
11/02/2020,MWH,WA,ANM,WE,Combined TRACON& Tower with Radar,10,6,4,13,33,14,83,29,16,142,24,89,33,29,175,426,54,480,655
11/03/2020,MWH,WA,ANM,WE,Combined TRACON& Tower with Radar,3,19,9,6,37,45,59,17,16,137,48,78,26,22,174,386,14,400,574
11/04/2020,MWH,WA,ANM,WE,Combined TRACON& Tower with Radar,4,6,15,9,34,0,50,13,14,77,4,56,28,23,111,462,46,508,619
11/05/2020,MWH,WA,ANM,WE,Combined TRACON& Tower with Radar,13,1,3,15,32,10,63,8,6,87,23,64,11,21,119,266,16,282,401
11/06/2020,MWH,WA,ANM,WE,Combined TRACON& Tower with Radar,31,0,2,22,55,2,0,14,6,22,33,0,16,28,77,0,0,0,77
11/07/2020,MWH,WA,ANM,WE,Combined TRACON& Tower with Radar,0,2,4,0,6,0,1,13,0,14,0,3,17,0,20,18,0,18,38
11/08/2020,MWH,WA,ANM,WE,Combined TRACON& Tower with Radar,0,0,4,12,16,0,0,4,0,4,0,0,8,12,20,12,0,12,32
11/09/2020,MWH,WA,ANM,WE,Combined TRACON& Tower with Radar,9,6,6,15,36,1,78,16,23,118,10,84,22,38,154,409,92,501,655
11/10/2020,MWH,WA,ANM,WE,Combined TRACON& Tower with Radar,0,27,7,16,50,0,58,7,37,102,0,85,14,53,152,420,107,527,679
11/11/2020,MWH,WA,ANM,WE,Combined TRACON& Tower with Radar,4,0,11,0,15,12,0,20,0,32,16,0,31,0,47,2,0,2,49
11/12/2020,MWH,WA,ANM,WE,Combined TRACON& Tower with Radar,6,6,4,12,28,0,8,3,5,16,6,14,7,17,44,34,30,64,108
11/13/2020,MWH,WA,ANM,WE,Combined TRACON& Tower with Radar,5,1,4,0,10,28,12,3,0,43,33,13,7,0,53,0,0,0,53
11/14/2020,MWH,WA,ANM,WE,Combined TRACON& Tower with Radar,2,0,4,0,6,0,0,16,0,16,2,0,20,0,22,12,0,12,34
11/15/2020,MWH,WA,ANM,WE,Combined TRACON& Tower with Radar,0,0,8,0,8,0,0,3,0,3,0,0,11,0,11,0,0,0,11
11/16/2020,MWH,WA,ANM,WE,Combined TRACON& Tower with Radar,15,5,4,3,27,0,22,0,3,25,15,27,4,6,52,212,0,212,264
11/17/2020,MWH,WA,ANM,WE,Combined TRACON& Tower with Radar,15,3,12,24,54,3,50,9,18,80,18,53,21,42,134,319,67,386,520
11/18/2020,MWH,WA,ANM,WE,Combined TRACON& Tower with Radar,25,13,4,12,54,1,89,13,12,115,26,102,17,24,169,520,8,528,697
11/19/2020,MWH,WA,ANM,WE,Combined TRACON& Tower with Radar,22,21,15,8,66,9,78,13,18,118,31,99,28,26,184,297,28,325,509
11/20/2020,MWH,WA,ANM,WE,Combined TRACON& Tower with Radar,0,0,17,5,22,0,17,37,1,55,0,17,54,6,77,24,2,26,103
11/21/2020,MWH,WA,ANM,WE,Combined TRACON& Tower with Radar,0,1,6,0,7,0,1,16,0,17,0,2,22,0,24,50,0,50,74
11/22/2020,MWH,WA,ANM,WE,Combined TRACON& Tower with Radar,4,1,3,0,8,0,0,10,0,10,4,1,13,0,18,14,0,14,32
11/23/2020,MWH,WA,ANM,WE,Combined TRACON& Tower with Radar,7,0,5,21,33,0,0,0,0,0,7,0,5,21,33,2,0,2,35
11/24/2020,MWH,WA,ANM,WE,Combined TRACON& Tower with Radar,2,11,1,29,43,0,0,0,2,2,2,11,1,31,45,0,4,4,49
11/25/2020,MWH,WA,ANM,WE,Combined TRACON& Tower with Radar,4,1,8,14,27,0,1,23,0,24,4,2,31,14,51,0,0,0,51
11/26/2020,MWH,WA,ANM,WE,Combined TRACON& Tower with Radar,4,2,4,0,10,0,0,2,0,2,4,2,6,0,12,0,0,0,12
11/27/2020,MWH,WA,ANM,WE,Combined TRACON& Tower with Radar,0,3,9,0,12,0,0,1,0,1,0,3,10,0,13,0,0,0,13
11/28/2020,MWH,WA,ANM,WE,Combined TRACON& Tower with Radar,0,0,0,0,0,0,0,1,0,1,0,0,1,0,1,0,0,0,1
11/29/2020,MWH,WA,ANM,WE,Combined TRACON& Tower with Radar,0,0,10,0,10,0,5,11,0,16,0,5,21,0,26,4,0,4,30
11/30/2020,MWH,WA,ANM,WE,Combined TRACON& Tower with Radar,10,7,2,10,29,0,16,2,8,26,10,23,4,18,55,86,24,110,165
12/01/2020,MWH,WA,ANM,WE,Combined TRACON& Tower with Radar,15,44,15,37,111,1,91,41,19,152,16,135,56,56,263,409,60,469,732
12/02/2020,MWH,WA,ANM,WE,Combined TRACON& Tower with Radar,24,26,8,30,88,6,86,15,23,130,30,112,23,53,218,451,40,491,709
12/03/2020,MWH,WA,ANM,WE,Combined TRACON& Tower with Radar,14,20,9,5,48,0,67,35,20,122,14,87,44,25,170,400,25,425,595
12/04/2020,MWH,WA,ANM,WE,Combined TRACON& Tower with Radar,8,0,5,11,24,0,0,9,2,11,8,0,14,13,35,12,2,14,49
12/05/2020,MWH,WA,ANM,WE,Combined TRACON& Tower with Radar,14,0,4,0,18,0,0,7,0,7,14,0,11,0,25,12,0,12,37
12/06/2020,MWH,WA,ANM,WE,Combined TRACON& Tower with Radar,4,0,5,0,9,0,0,0,0,0,4,0,5,0,9,0,0,0,9
12/07/2020,MWH,WA,ANM,WE,Combined TRACON& Tower with Radar,10,2,3,22,37,0,0,0,0,0,10,2,3,22,37,0,0,0,37
12/08/2020,MWH,WA,ANM,WE,Combined TRACON& Tower with Radar,7,1,4,6,18,0,0,0,0,0,7,1,4,6,18,0,0,0,18
12/09/2020,MWH,WA,ANM,WE,Combined TRACON& Tower with Radar,4,0,2,2,8,0,0,0,0,0,4,0,2,2,8,0,0,0,8
12/10/2020,MWH,WA,ANM,WE,Combined TRACON& Tower with Radar,5,0,5,34,44,0,0,0,28,28,5,0,5,62,72,0,16,16,88
12/11/2020,MWH,WA,ANM,WE,Combined TRACON& Tower with Radar,12,0,4,6,22,0,0,0,0,0,12,0,4,6,22,0,0,0,22
12/12/2020,MWH,WA,ANM,WE,Combined TRACON& Tower with Radar,14,11,6,0,31,0,4,18,0,22,14,15,24,0,53,62,0,62,115
12/13/2020,MWH,WA,ANM,WE,Combined TRACON& Tower with Radar,6,2,1,0,9,0,0,0,0,0,6,2,1,0,9,0,0,0,9
12/14/2020,MWH,WA,ANM,WE,Combined TRACON& Tower with Radar,2,2,2,8,14,0,0,0,0,0,2,2,2,8,14,0,0,0,14
12/15/2020,MWH,WA,ANM,WE,Combined TRACON& Tower with Radar,2,1,4,8,15,0,0,2,7,9,2,1,6,15,24,12,0,12,36
12/16/2020,MWH,WA,ANM,WE,Combined TRACON& Tower with Radar,19,3,5,43,70,1,0,3,5,9,20,3,8,48,79,2,41,43,122
12/17/2020,MWH,WA,ANM,WE,Combined TRACON& Tower with Radar,18,0,4,13,35,0,0,23,23,46,18,0,27,36,81,0,70,70,151
12/18/2020,MWH,WA,ANM,WE,Combined TRACON& Tower with Radar,10,0,2,6,18,0,0,4,0,4,10,0,6,6,22,0,6,6,28
12/19/2020,MWH,WA,ANM,WE,Combined TRACON& Tower with Radar,11,2,3,0,16,0,0,15,0,15,11,2,18,0,31,42,0,42,73
12/20/2020,MWH,WA,ANM,WE,Combined TRACON& Tower with Radar,21,0,4,0,25,0,0,18,0,18,21,0,22,0,43,4,0,4,47
12/21/2020,MWH,WA,ANM,WE,Combined TRACON& Tower with Radar,6,0,3,0,9,0,0,2,0,2,6,0,5,0,11,0,0,0,11
12/22/2020,MWH,WA,ANM,WE,Combined TRACON& Tower with Radar,15,4,12,10,41,6,0,28,28,62,21,4,40,38,103,8,25,33,136
12/23/2020,MWH,WA,ANM,WE,Combined TRACON& Tower with Radar,24,0,33,6,63,13,0,46,1,60,37,0,79,7,123,0,0,0,123
12/24/2020,MWH,WA,ANM,WE,Combined TRACON& Tower with Radar,2,1,9,0,12,1,0,17,0,18,3,1,26,0,30,8,0,8,38
12/25/2020,MWH,WA,ANM,WE,Combined TRACON& Tower with Radar,0,0,2,0,2,0,0,0,0,0,0,0,2,0,2,0,0,0,2
12/26/2020,MWH,WA,ANM,WE,Combined TRACON& Tower with Radar,0,5,1,0,6,0,0,0,0,0,0,5,1,0,6,0,0,0,6
12/27/2020,MWH,WA,ANM,WE,Combined TRACON& Tower with Radar,12,0,3,0,15,0,0,2,1,3,12,0,5,1,18,0,0,0,18
12/28/2020,MWH,WA,ANM,WE,Combined TRACON& Tower with Radar,6,2,2,0,10,0,0,3,0,3,6,2,5,0,13,0,0,0,13
12/29/2020,MWH,WA,ANM,WE,Combined TRACON& Tower with Radar,2,1,2,15,20,0,0,26,14,40,2,1,28,29,60,10,72,82,142
12/30/2020,MWH,WA,ANM,WE,Combined TRACON& Tower with Radar,0,0,4,0,4,0,0,0,0,0,0,0,4,0,4,0,0,0,4
12/31/2020,MWH,WA,ANM,WE,Combined TRACON& Tower with Radar,4,4,9,0,17,0,0,1,0,1,4,4,10,0,18,0,0,0,18
01/01/2021,MWH,WA,ANM,WE,Combined TRACON& Tower with Radar,0,1,3,0,4,0,0,0,0,0,0,1,3,0,4,0,0,0,4
01/02/2021,MWH,WA,ANM,WE,Combined TRACON& Tower with Radar,0,0,5,0,5,0,0,1,0,1,0,0,6,0,6,0,0,0,6
01/03/2021,MWH,WA,ANM,WE,Combined TRACON& Tower with Radar,0,0,2,0,2,0,0,13,0,13,0,0,15,0,15,14,0,14,29
01/04/2021,MWH,WA,ANM,WE,Combined TRACON& Tower with Radar,10,6,7,0,23,0,33,0,0,33,10,39,7,0,56,106,0,106,162
01/05/2021,MWH,WA,ANM,WE,Combined TRACON& Tower with Radar,17,17,8,17,59,3,102,6,26,137,20,119,14,43,196,374,52,426,622
01/06/2021,MWH,WA,ANM,WE,Combined TRACON& Tower with Radar,13,12,10,18,53,0,73,3,3,79,13,85,13,21,132,408,16,424,556
01/07/2021,MWH,WA,ANM,WE,Combined TRACON& Tower with Radar,21,21,7,12,61,0,44,0,0,44,21,65,7,12,105,382,2,384,489
01/08/2021,MWH,WA,ANM,WE,Combined TRACON& Tower with Radar,30,1,2,5,38,1,0,5,13,19,31,1,7,18,57,12,40,52,109
01/09/2021,MWH,WA,ANM,WE,Combined TRACON& Tower with Radar,8,1,0,8,17,0,0,4,0,4,8,1,4,8,21,22,0,22,43
01/10/2021,MWH,WA,ANM,WE,Combined TRACON& Tower with Radar,0,0,10,0,10,0,0,10,0,10,0,0,20,0,20,6,0,6,26
01/11/2021,MWH,WA,ANM,WE,Combined TRACON& Tower with Radar,8,2,11,8,29,0,0,0,0,0,8,2,11,8,29,0,0,0,29
01/12/2021,MWH,WA,ANM,WE,Combined TRACON& Tower with Radar,9,2,4,18,33,0,53,0,37,90,9,55,4,55,123,280,14,294,417
01/13/2021,MWH,WA,ANM,WE,Combined TRACON& Tower with Radar,0,0,3,12,15,0,6,5,0,11,0,6,8,12,26,76,11,87,113
01/14/2021,MWH,WA,ANM,WE,Combined TRACON& Tower with Radar,4,8,0,4,16,0,105,26,20,151,4,113,26,24,167,321,44,365,532
01/15/2021,MWH,WA,ANM,WE,Combined TRACON& Tower with Radar,0,1,6,1,8,0,0,11,0,11,0,1,17,1,19,3,0,3,22
01/16/2021,MWH,WA,ANM,WE,Combined TRACON& Tower with Radar,4,1,10,0,15,0,0,7,0,7,4,1,17,0,22,32,0,32,54
01/17/2021,MWH,WA,ANM,WE,Combined TRACON& Tower with Radar,4,1,10,0,15,0,0,4,0,4,4,1,14,0,19,22,0,22,41
01/18/2021,MWH,WA,ANM,WE,Combined TRACON& Tower with Radar,10,0,16,0,26,1,1,52,0,54,11,1,68,0,80,22,0,22,102
01/19/2021,MWH,WA,ANM,WE,Combined TRACON& Tower with Radar,24,8,11,22,65,8,84,35,10,137,32,92,46,32,202,366,39,405,607
01/20/2021,MWH,WA,ANM,WE,Combined TRACON& Tower with Radar,23,18,3,15,59,0,87,17,43,147,23,105,20,58,206,495,60,555,761
01/21/2021,MWH,WA,ANM,WE,Combined TRACON& Tower with Radar,21,15,2,25,63,0,82,18,19,119,21,97,20,44,182,418,84,502,684
01/22/2021,MWH,WA,ANM,WE,Combined TRACON& Tower with Radar,22,0,8,8,38,6,2,20,19,47,28,2,28,27,85,32,87,119,204
01/23/2021,MWH,WA,ANM,WE,Combined TRACON& Tower with Radar,18,2,10,0,30,2,0,33,0,35,20,2,43,0,65,72,0,72,137
01/24/2021,MWH,WA,ANM,WE,Combined TRACON& Tower with Radar,0,2,0,0,2,0,1,4,0,5,0,3,4,0,7,3,0,3,10
01/25/2021,MWH,WA,ANM,WE,Combined TRACON& Tower with Radar,10,4,2,8,24,0,31,0,2,33,10,35,2,10,57,226,7,233,290
01/26/2021,MWH,WA,ANM,WE,Combined TRACON& Tower with Radar,6,2,6,7,21,2,97,6,18,123,8,99,12,25,144,425,30,455,599
01/27/2021,MWH,WA,ANM,WE,Combined TRACON& Tower with Radar,10,0,2,9,21,0,0,4,0,4,10,0,6,9,25,0,10,10,35
01/28/2021,MWH,WA,ANM,WE,Combined TRACON& Tower with Radar,26,15,9,5,55,0,90,3,3,96,26,105,12,8,151,547,36,583,734
01/29/2021,MWH,WA,ANM,WE,Combined TRACON& Tower with Radar,16,0,14,12,42,0,0,3,4,7,16,0,17,16,49,8,51,59,108
01/30/2021,MWH,WA,ANM,WE,Combined TRACON& Tower with Radar,4,0,11,0,15,0,0,6,0,6,4,0,17,0,21,12,1,13,34
01/31/2021,MWH,WA,ANM,WE,Combined TRACON& Tower with Radar,16,0,3,0,19,2,0,16,0,18,18,0,19,0,37,38,0,38,75
02/01/2021,MWH,WA,ANM,WE,Combined TRACON& Tower with Radar,12,6,8,28,54,0,98,7,13,118,12,104,15,41,172,432,65,497,669
02/02/2021,MWH,WA,ANM,WE,Combined TRACON& Tower with Radar,8,17,4,27,56,12,77,7,27,123,20,94,11,54,179,212,85,297,476
02/03/2021,MWH,WA,ANM,WE,Combined TRACON& Tower with Radar,15,8,18,13,54,0,83,16,3,102,15,91,34,16,156,272,0,272,428
02/04/2021,MWH,WA,ANM,WE,Combined TRACON& Tower with Radar,13,11,1,9,34,3,115,17,12,147,16,126,18,21,181,323,58,381,562
02/05/2021,MWH,WA,ANM,WE,Combined TRACON& Tower with Radar,19,0,8,10,37,7,0,11,8,26,26,0,19,18,63,10,10,20,83
02/06/2021,MWH,WA,ANM,WE,Combined TRACON& Tower with Radar,0,0,0,0,0,0,1,3,0,4,0,1,3,0,4,0,0,0,4
02/07/2021,MWH,WA,ANM,WE,Combined TRACON& Tower with Radar,0,0,5,0,5,0,2,12,0,14,0,2,17,0,19,2,0,2,21
02/08/2021,MWH,WA,ANM,WE,Combined TRACON& Tower with Radar,8,17,15,13,53,20,107,16,3,146,28,124,31,16,199,214,20,234,433
02/09/2021,MWH,WA,ANM,WE,Combined TRACON& Tower with Radar,25,13,1,41,80,13,86,23,19,141,38,99,24,60,221,242,66,308,529
02/10/2021,MWH,WA,ANM,WE,Combined TRACON& Tower with Radar,19,9,10,13,51,0,77,29,8,114,19,86,39,21,165,261,44,305,470
02/11/2021,MWH,WA,ANM,WE,Combined TRACON& Tower with Radar,20,4,3,7,34,0,59,5,14,78,20,63,8,21,112,176,30,206,318
02/12/2021,MWH,WA,ANM,WE,Combined TRACON& Tower with Radar,7,1,2,15,25,4,0,3,2,9,11,1,5,17,34,0,12,12,46
02/13/2021,MWH,WA,ANM,WE,Combined TRACON& Tower with Radar,0,0,4,0,4,0,0,0,0,0,0,0,4,0,4,0,0,0,4
02/14/2021,MWH,WA,ANM,WE,Combined TRACON& Tower with Radar,0,0,2,0,2,0,0,4,0,4,0,0,6,0,6,34,0,34,40
02/15/2021,MWH,WA,ANM,WE,Combined TRACON& Tower with Radar,5,0,3,0,8,0,0,1,0,1,5,0,4,0,9,0,0,0,9
02/16/2021,MWH,WA,ANM,WE,Combined TRACON& Tower with Radar,31,3,1,10,45,0,0,4,0,4,31,3,5,10,49,0,0,0,49
02/17/2021,MWH,WA,ANM,WE,Combined TRACON& Tower with Radar,15,0,6,31,52,0,30,14,18,62,15,30,20,49,114,216,44,260,374
02/18/2021,MWH,WA,ANM,WE,Combined TRACON& Tower with Radar,0,27,4,9,40,0,71,1,7,79,0,98,5,16,119,306,54,360,479
02/19/2021,MWH,WA,ANM,WE,Combined TRACON& Tower with Radar,6,0,8,0,14,0,0,0,0,0,6,0,8,0,14,0,0,0,14
02/20/2021,MWH,WA,ANM,WE,Combined TRACON& Tower with Radar,16,2,7,4,29,0,0,5,0,5,16,2,12,4,34,16,0,16,50
02/21/2021,MWH,WA,ANM,WE,Combined TRACON& Tower with Radar,4,0,6,0,10,0,0,1,0,1,4,0,7,0,11,6,0,6,17
02/22/2021,MWH,WA,ANM,WE,Combined TRACON& Tower with Radar,0,9,0,26,35,1,66,4,35,106,1,75,4,61,141,291,83,374,515
02/23/2021,MWH,WA,ANM,WE,Combined TRACON& Tower with Radar,0,10,3,15,28,0,83,12,31,126,0,93,15,46,154,257,42,299,453
02/24/2021,MWH,WA,ANM,WE,Combined TRACON& Tower with Radar,20,16,16,7,59,7,93,37,21,158,27,109,53,28,217,238,39,277,494
02/25/2021,MWH,WA,ANM,WE,Combined TRACON& Tower with Radar,0,0,5,4,9,0,23,6,15,44,0,23,11,19,53,68,4,72,125
02/26/2021,MWH,WA,ANM,WE,Combined TRACON& Tower with Radar,12,0,5,6,23,0,0,9,10,19,12,0,14,16,42,4,36,40,82
02/27/2021,MWH,WA,ANM,WE,Combined TRACON& Tower with Radar,4,0,6,0,10,0,0,27,0,27,4,0,33,0,37,64,0,64,101
02/28/2021,MWH,WA,ANM,WE,Combined TRACON& Tower with Radar,0,0,7,0,7,0,0,38,0,38,0,0,45,0,45,60,0,60,105
03/01/2021,MWH,WA,ANM,WE,Combined TRACON& Tower with Radar,8,2,10,2,22,0,108,20,2,130,8,110,30,4,152,315,16,331,483
03/02/2021,MWH,WA,ANM,WE,Combined TRACON& Tower with Radar,1,14,3,8,26,0,108,10,17,135,1,122,13,25,161,238,16,254,415
03/03/2021,MWH,WA,ANM,WE,Combined TRACON& Tower with Radar,15,14,14,8,51,0,87,25,7,119,15,101,39,15,170,333,21,354,524
03/04/2021,MWH,WA,ANM,WE,Combined TRACON& Tower with Radar,4,13,8,13,38,0,101,20,34,155,4,114,28,47,193,306,56,362,555
03/05/2021,MWH,WA,ANM,WE,Combined TRACON& Tower with Radar,19,2,4,7,32,1,2,12,7,22,20,4,16,14,54,47,14,61,115
03/06/2021,MWH,WA,ANM,WE,Combined TRACON& Tower with Radar,15,0,2,2,19,0,0,9,9,18,15,0,11,11,37,0,8,8,45
03/07/2021,MWH,WA,ANM,WE,Combined TRACON& Tower with Radar,3,1,2,0,6,0,0,11,0,11,3,1,13,0,17,12,0,12,29
03/08/2021,MWH,WA,ANM,WE,Combined TRACON& Tower with Radar,3,20,11,3,37,0,99,28,25,152,3,119,39,28,189,336,45,381,570
03/09/2021,MWH,WA,ANM,WE,Combined TRACON& Tower with Radar,4,12,17,13,46,0,114,11,26,151,4,126,28,39,197,322,46,368,565
03/10/2021,MWH,WA,ANM,WE,Combined TRACON& Tower with Radar,9,30,3,15,57,0,82,25,52,159,9,112,28,67,216,257,103,360,576
03/11/2021,MWH,WA,ANM,WE,Combined TRACON& Tower with Radar,14,16,2,7,39,0,91,31,9,131,14,107,33,16,170,230,17,247,417
03/12/2021,MWH,WA,ANM,WE,Combined TRACON& Tower with Radar,10,14,5,3,32,3,2,23,4,32,13,16,28,7,64,58,14,72,136
03/13/2021,MWH,WA,ANM,WE,Combined TRACON& Tower with Radar,0,0,9,0,9,0,0,35,0,35,0,0,44,0,44,60,0,60,104
03/14/2021,MWH,WA,ANM,WE,Combined TRACON& Tower with Radar,4,0,3,0,7,0,0,12,0,12,4,0,15,0,19,22,0,22,41
03/15/2021,MWH,WA,ANM,WE,Combined TRACON& Tower with Radar,0,12,5,12,29,0,83,16,26,125,0,95,21,38,154,291,71,362,516
03/16/2021,MWH,WA,ANM,WE,Combined TRACON& Tower with Radar,8,24,10,23,65,1,100,20,36,157,9,124,30,59,222,318,80,398,620
03/17/2021,MWH,WA,ANM,WE,Combined TRACON& Tower with Radar,2,26,3,5,36,0,105,12,9,126,2,131,15,14,162,335,14,349,511
03/18/2021,MWH,WA,ANM,WE,Combined TRACON& Tower with Radar,16,0,7,38,61,14,1,8,20,43,30,1,15,58,104,18,82,100,204
03/19/2021,MWH,WA,ANM,WE,Combined TRACON& Tower with Radar,18,2,8,6,34,1,0,24,4,29,19,2,32,10,63,10,44,54,117
03/20/2021,MWH,WA,ANM,WE,Combined TRACON& Tower with Radar,7,2,4,0,13,6,0,14,0,20,13,2,18,0,33,0,0,0,33
03/21/2021,MWH,WA,ANM,WE,Combined TRACON& Tower with Radar,6,0,1,0,7,0,1,9,0,10,6,1,10,0,17,0,0,0,17
03/22/2021,MWH,WA,ANM,WE,Combined TRACON& Tower with Radar,23,13,4,50,90,8,38,3,20,69,31,51,7,70,159,89,37,126,285
03/23/2021,MWH,WA,ANM,WE,Combined TRACON& Tower with Radar,32,21,2,8,63,4,50,9,35,98,36,71,11,43,161,156,56,212,373
03/24/2021,MWH,WA,ANM,WE,Combined TRACON& Tower with Radar,2,7,6,22,37,0,7,6,16,29,2,14,12,38,66,42,49,91,157
03/25/2021,MWH,WA,ANM,WE,Combined TRACON& Tower with Radar,20,0,2,12,34,0,3,17,14,34,20,3,19,26,68,33,112,145,213
03/26/2021,MWH,WA,ANM,WE,Combined TRACON& Tower with Radar,12,3,3,4,22,0,4,23,12,39,12,7,26,16,61,12,40,52,113
03/27/2021,MWH,WA,ANM,WE,Combined TRACON& Tower with Radar,8,0,4,2,14,0,0,23,1,24,8,0,27,3,38,2,4,6,44
03/28/2021,MWH,WA,ANM,WE,Combined TRACON& Tower with Radar,0,2,2,2,6,0,0,2,3,5,0,2,4,5,11,0,6,6,17
03/29/2021,MWH,WA,ANM,WE,Combined TRACON& Tower with Radar,1,0,9,17,27,13,0,3,43,59,14,0,12,60,86,4,98,102,188
03/30/2021,MWH,WA,ANM,WE,Combined TRACON& Tower with Radar,1,2,3,41,47,0,0,10,16,26,1,2,13,57,73,0,71,71,144
03/31/2021,MWH,WA,ANM,WE,Combined TRACON& Tower with Radar,10,0,8,3,21,3,0,17,6,26,13,0,25,9,47,20,15,35,82
04/01/2021,MWH,WA,ANM,WE,Combined TRACON& Tower with Radar,15,2,10,25,52,39,2,48,21,110,54,4,58,46,162,8,88,96,258
04/02/2021,MWH,WA,ANM,WE,Combined TRACON& Tower with Radar,13,1,8,9,31,18,2,11,11,42,31,3,19,20,73,10,34,44,117
04/03/2021,MWH,WA,ANM,WE,Combined TRACON& Tower with Radar,4,1,4,2,11,0,0,14,0,14,4,1,18,2,25,22,0,22,47
04/04/2021,MWH,WA,ANM,WE,Combined TRACON& Tower with Radar,4,0,3,0,7,1,1,3,0,5,5,1,6,0,12,0,0,0,12
04/05/2021,MWH,WA,ANM,WE,Combined TRACON& Tower with Radar,14,8,6,1,29,18,81,15,0,114,32,89,21,1,143,252,0,252,395
04/06/2021,MWH,WA,ANM,WE,Combined TRACON& Tower with Radar,15,18,7,5,45,0,94,20,4,118,15,112,27,9,163,376,13,389,552
04/07/2021,MWH,WA,ANM,WE,Combined TRACON& Tower with Radar,15,15,4,11,45,14,79,13,18,124,29,94,17,29,169,245,55,300,469
04/08/2021,MWH,WA,ANM,WE,Combined TRACON& Tower with Radar,7,7,2,24,40,6,30,2,17,55,13,37,4,41,95,31,54,85,180
04/09/2021,MWH,WA,ANM,WE,Combined TRACON& Tower with Radar,10,0,6,5,21,0,2,16,16,34,10,2,22,21,55,0,16,16,71
04/10/2021,MWH,WA,ANM,WE,Combined TRACON& Tower with Radar,6,0,2,0,8,2,0,5,0,7,8,0,7,0,15,0,0,0,15
04/11/2021,MWH,WA,ANM,WE,Combined TRACON& Tower with Radar,1,0,6,1,8,1,1,21,1,24,2,1,27,2,32,106,0,106,138
04/12/2021,MWH,WA,ANM,WE,Combined TRACON& Tower with Radar,0,28,5,5,38,0,100,6,22,128,0,128,11,27,166,282,74,356,522
04/13/2021,MWH,WA,ANM,WE,Combined TRACON& Tower with Radar,19,1,3,3,26,2,5,7,10,24,21,6,10,13,50,4,10,14,64
04/14/2021,MWH,WA,ANM,WE,Combined TRACON& Tower with Radar,11,19,0,14,44,5,48,13,25,91,16,67,13,39,135,194,48,242,377
04/15/2021,MWH,WA,ANM,WE,Combined TRACON& Tower with Radar,7,14,4,12,37,0,40,23,19,82,7,54,27,31,119,133,24,157,276
04/16/2021,MWH,WA,ANM,WE,Combined TRACON& Tower with Radar,6,0,3,4,13,2,0,21,16,39,8,0,24,20,52,42,25,67,119
04/17/2021,MWH,WA,ANM,WE,Combined TRACON& Tower with Radar,0,0,4,0,4,0,0,22,0,22,0,0,26,0,26,22,0,22,48
04/18/2021,MWH,WA,ANM,WE,Combined TRACON& Tower with Radar,2,0,3,0,5,0,0,26,9,35,2,0,29,9,40,18,0,18,58
04/19/2021,MWH,WA,ANM,WE,Combined TRACON& Tower with Radar,6,16,5,2,29,0,53,13,18,84,6,69,18,20,113,176,11,187,300
04/20/2021,MWH,WA,ANM,WE,Combined TRACON& Tower with Radar,6,28,4,9,47,0,109,5,3,117,6,137,9,12,164,224,0,224,388
04/21/2021,MWH,WA,ANM,WE,Combined TRACON& Tower with Radar,4,20,7,22,53,0,121,21,3,145,4,141,28,25,198,392,2,394,592
04/22/2021,MWH,WA,ANM,WE,Combined TRACON& Tower with Radar,11,17,12,5,45,3,40,21,7,71,14,57,33,12,116,152,2,154,270
04/23/2021,MWH,WA,ANM,WE,Combined TRACON& Tower with Radar,21,3,5,3,32,2,1,27,5,35,23,4,32,8,67,30,10,40,107
04/24/2021,MWH,WA,ANM,WE,Combined TRACON& Tower with Radar,0,0,8,0,8,0,0,2,0,2,0,0,10,0,10,0,0,0,10
04/25/2021,MWH,WA,ANM,WE,Combined TRACON& Tower with Radar,4,0,2,0,6,0,0,40,0,40,4,0,42,0,46,57,0,57,103
04/26/2021,MWH,WA,ANM,WE,Combined TRACON& Tower with Radar,0,22,8,9,39,0,113,15,1,129,0,135,23,10,168,284,19,303,471
04/27/2021,MWH,WA,ANM,WE,Combined TRACON& Tower with Radar,0,28,2,20,50,0,106,17,6,129,0,134,19,26,179,281,17,298,477
04/28/2021,MWH,WA,ANM,WE,Combined TRACON& Tower with Radar,8,14,12,7,41,0,104,13,5,122,8,118,25,12,163,332,4,336,499
04/29/2021,MWH,WA,ANM,WE,Combined TRACON& Tower with Radar,3,24,4,2,33,0,107,19,4,130,3,131,23,6,163,382,4,386,549
04/30/2021,MWH,WA,ANM,WE,Combined TRACON& Tower with Radar,15,0,9,2,26,0,0,8,8,16,15,0,17,10,42,2,54,56,98
05/01/2021,MWH,WA,ANM,WE,Combined TRACON& Tower with Radar,0,0,7,2,9,0,0,10,4,14,0,0,17,6,23,26,12,38,61
05/02/2021,MWH,WA,ANM,WE,Combined TRACON& Tower with Radar,4,0,6,4,14,0,1,9,1,11,4,1,15,5,25,22,0,22,47
05/03/2021,MWH,WA,ANM,WE,Combined TRACON& Tower with Radar,8,17,15,6,46,3,63,10,19,95,11,80,25,25,141,334,28,362,503
05/04/2021,MWH,WA,ANM,WE,Combined TRACON& Tower with Radar,10,24,0,10,44,14,70,23,8,115,24,94,23,18,159,230,12,242,401
05/05/2021,MWH,WA,ANM,WE,Combined TRACON& Tower with Radar,14,11,6,7,38,54,86,31,26,197,68,97,37,33,235,308,30,338,573
05/06/2021,MWH,WA,ANM,WE,Combined TRACON& Tower with Radar,11,20,4,12,47,42,71,13,26,152,53,91,17,38,199,211,40,251,450
05/07/2021,MWH,WA,ANM,WE,Combined TRACON& Tower with Radar,11,0,5,4,20,63,9,11,2,85,74,9,16,6,105,22,3,25,130
05/08/2021,MWH,WA,ANM,WE,Combined TRACON& Tower with Radar,0,0,12,0,12,9,3,10,0,22,9,3,22,0,34,27,0,27,61
05/09/2021,MWH,WA,ANM,WE,Combined TRACON& Tower with Radar,0,0,14,0,14,36,0,19,1,56,36,0,33,1,70,6,0,6,76
05/10/2021,MWH,WA,ANM,WE,Combined TRACON& Tower with Radar,14,14,13,6,47,21,81,28,13,143,35,95,41,19,190,256,48,304,494
05/11/2021,MWH,WA,ANM,WE,Combined TRACON& Tower with Radar,14,21,1,18,54,3,82,15,22,122,17,103,16,40,176,329,21,350,526
05/12/2021,MWH,WA,ANM,WE,Combined TRACON& Tower with Radar,20,10,9,12,51,19,87,32,16,154,39,97,41,28,205,236,57,293,498
05/13/2021,MWH,WA,ANM,WE,Combined TRACON& Tower with Radar,7,24,5,13,49,1,82,25,13,121,8,106,30,26,170,288,6,294,464
05/14/2021,MWH,WA,ANM,WE,Combined TRACON& Tower with Radar,21,0,7,10,38,27,1,33,13,74,48,1,40,23,112,2,18,20,132
05/15/2021,MWH,WA,ANM,WE,Combined TRACON& Tower with Radar,15,2,6,2,25,2,1,23,3,29,17,3,29,5,54,22,0,22,76
05/16/2021,MWH,WA,ANM,WE,Combined TRACON& Tower with Radar,0,0,1,0,1,0,1,19,6,26,0,1,20,6,27,10,0,10,37
05/17/2021,MWH,WA,ANM,WE,Combined TRACON& Tower with Radar,11,5,1,15,32,0,71,33,50,154,11,76,34,65,186,230,147,377,563
05/18/2021,MWH,WA,ANM,WE,Combined TRACON& Tower with Radar,4,0,2,5,11,0,1,5,7,13,4,1,7,12,24,0,2,2,26
05/19/2021,MWH,WA,ANM,WE,Combined TRACON& Tower with Radar,16,8,3,11,38,11,92,30,11,144,27,100,33,22,182,148,26,174,356
05/20/2021,MWH,WA,ANM,WE,Combined TRACON& Tower with Radar,24,22,9,8,63,20,54,8,4,86,44,76,17,12,149,237,10,247,396
05/21/2021,MWH,WA,ANM,WE,Combined TRACON& Tower with Radar,17,0,9,8,34,43,7,39,3,92,60,7,48,11,126,47,2,49,175
05/22/2021,MWH,WA,ANM,WE,Combined TRACON& Tower with Radar,7,0,15,1,23,1,1,21,9,32,8,1,36,10,55,10,6,16,71
05/23/2021,MWH,WA,ANM,WE,Combined TRACON& Tower with Radar,4,0,3,1,8,0,0,8,4,12,4,0,11,5,20,8,0,8,28
05/24/2021,MWH,WA,ANM,WE,Combined TRACON& Tower with Radar,0,13,3,16,32,1,33,14,8,56,1,46,17,24,88,167,59,226,314
05/25/2021,MWH,WA,ANM,WE,Combined TRACON& Tower with Radar,33,28,9,23,93,2,94,20,18,134,35,122,29,41,227,268,42,310,537
05/26/2021,MWH,WA,ANM,WE,Combined TRACON& Tower with Radar,32,10,11,27,80,20,105,28,6,159,52,115,39,33,239,162,40,202,441
05/27/2021,MWH,WA,ANM,WE,Combined TRACON& Tower with Radar,16,16,5,3,40,0,20,12,0,32,16,36,17,3,72,87,0,87,159
05/28/2021,MWH,WA,ANM,WE,Combined TRACON& Tower with Radar,26,0,11,1,38,1,0,23,0,24,27,0,34,1,62,0,0,0,62
05/29/2021,MWH,WA,ANM,WE,Combined TRACON& Tower with Radar,7,0,0,0,7,0,0,16,0,16,7,0,16,0,23,22,0,22,45
05/30/2021,MWH,WA,ANM,WE,Combined TRACON& Tower with Radar,6,0,3,0,9,0,1,16,0,17,6,1,19,0,26,18,0,18,44
05/31/2021,MWH,WA,ANM,WE,Combined TRACON& Tower with Radar,0,2,1,0,3,0,0,20,0,20,0,2,21,0,23,4,0,4,27
06/01/2021,MWH,WA,ANM,WE,Combined TRACON& Tower with Radar,18,23,5,16,62,18,75,5,11,109,36,98,10,27,171,264,28,292,463
06/02/2021,MWH,WA,ANM,WE,Combined TRACON& Tower with Radar,33,13,10,23,79,17,80,28,15,140,50,93,38,38,219,186,30,216,435
06/03/2021,MWH,WA,ANM,WE,Combined TRACON& Tower with Radar,18,38,4,14,74,18,70,17,10,115,36,108,21,24,189,150,39,189,378
06/04/2021,MWH,WA,ANM,WE,Combined TRACON& Tower with Radar,24,0,2,1,27,16,1,12,6,35,40,1,14,7,62,2,4,6,68
06/05/2021,MWH,WA,ANM,WE,Combined TRACON& Tower with Radar,2,0,3,0,5,0,0,2,0,2,2,0,5,0,7,0,0,0,7
06/06/2021,MWH,WA,ANM,WE,Combined TRACON& Tower with Radar,4,2,6,0,12,2,2,18,0,22,6,4,24,0,34,2,0,2,36
06/07/2021,MWH,WA,ANM,WE,Combined TRACON& Tower with Radar,24,24,19,22,89,2,79,19,16,116,26,103,38,38,205,275,34,309,514
06/08/2021,MWH,WA,ANM,WE,Combined TRACON& Tower with Radar,11,25,6,35,77,8,106,11,10,135,19,131,17,45,212,252,8,260,472
06/09/2021,MWH,WA,ANM,WE,Combined TRACON& Tower with Radar,11,47,3,5,66,5,76,9,8,98,16,123,12,13,164,202,6,208,372
06/10/2021,MWH,WA,ANM,WE,Combined TRACON& Tower with Radar,15,27,10,4,56,2,46,8,1,57,17,73,18,5,113,156,10,166,279
06/11/2021,MWH,WA,ANM,WE,Combined TRACON& Tower with Radar,6,0,10,4,20,0,0,15,0,15,6,0,25,4,35,10,0,10,45
06/12/2021,MWH,WA,ANM,WE,Combined TRACON& Tower with Radar,4,0,10,0,14,0,0,25,0,25,4,0,35,0,39,40,0,40,79
06/13/2021,MWH,WA,ANM,WE,Combined TRACON& Tower with Radar,0,0,3,2,5,0,0,13,2,15,0,0,16,4,20,2,0,2,22
06/14/2021,MWH,WA,ANM,WE,Combined TRACON& Tower with Radar,25,33,2,23,83,6,34,2,17,59,31,67,4,40,142,76,67,143,285
06/15/2021,MWH,WA,ANM,WE,Combined TRACON& Tower with Radar,13,23,5,7,48,0,34,14,11,59,13,57,19,18,107,130,30,160,267
06/16/2021,MWH,WA,ANM,WE,Combined TRACON& Tower with Radar,19,20,14,8,61,1,26,48,11,86,20,46,62,19,147,132,20,152,299
06/17/2021,MWH,WA,ANM,WE,Combined TRACON& Tower with Radar,14,5,8,10,37,0,8,16,8,32,14,13,24,18,69,4,27,31,100
06/18/2021,MWH,WA,ANM,WE,Combined TRACON& Tower with Radar,14,0,1,1,16,2,4,25,1,32,16,4,26,2,48,2,0,2,50
06/19/2021,MWH,WA,ANM,WE,Combined TRACON& Tower with Radar,0,0,2,3,5,0,0,33,2,35,0,0,35,5,40,2,0,2,42
06/20/2021,MWH,WA,ANM,WE,Combined TRACON& Tower with Radar,0,0,1,5,6,0,0,14,0,14,0,0,15,5,20,2,0,2,22
06/21/2021,MWH,WA,ANM,WE,Combined TRACON& Tower with Radar,14,0,4,9,27,0,0,8,2,10,14,0,12,11,37,8,0,8,45
06/22/2021,MWH,WA,ANM,WE,Combined TRACON& Tower with Radar,27,0,8,7,42,0,1,8,4,13,27,1,16,11,55,16,16,32,87
06/23/2021,MWH,WA,ANM,WE,Combined TRACON& Tower with Radar,8,0,5,11,24,18,2,17,16,53,26,2,22,27,77,50,38,88,165
06/24/2021,MWH,WA,ANM,WE,Combined TRACON& Tower with Radar,24,0,1,8,33,14,0,11,11,36,38,0,12,19,69,31,13,44,113
06/25/2021,MWH,WA,ANM,WE,Combined TRACON& Tower with Radar,32,0,2,1,35,8,0,9,2,19,40,0,11,3,54,0,12,12,66
06/26/2021,MWH,WA,ANM,WE,Combined TRACON& Tower with Radar,17,0,3,0,20,2,0,9,0,11,19,0,12,0,31,0,0,0,31
06/27/2021,MWH,WA,ANM,WE,Combined TRACON& Tower with Radar,9,0,2,0,11,0,3,12,0,15,9,3,14,0,26,0,0,0,26
06/28/2021,MWH,WA,ANM,WE,Combined TRACON& Tower with Radar,9,17,5,0,31,11,23,8,1,43,20,40,13,1,74,90,0,90,164
06/29/2021,MWH,WA,ANM,WE,Combined TRACON& Tower with Radar,6,31,4,2,43,17,51,12,8,88,23,82,16,10,131,176,20,196,327
06/30/2021,MWH,WA,ANM,WE,Combined TRACON& Tower with Radar,16,31,9,7,63,0,85,8,5,98,16,116,17,12,161,293,27,320,481
07/01/2021,MWH,WA,ANM,WE,Combined TRACON& Tower with Radar,17,43,15,20,95,17,94,12,14,137,34,137,27,34,232,271,16,287,519
07/02/2021,MWH,WA,ANM,WE,Combined TRACON& Tower with Radar,19,48,3,16,86,0,95,19,0,114,19,143,22,16,200,302,0,302,502
07/03/2021,MWH,WA,ANM,WE,Combined TRACON& Tower with Radar,0,0,3,0,3,20,9,17,0,46,20,9,20,0,49,0,0,0,49
07/04/2021,MWH,WA,ANM,WE,Combined TRACON& Tower with Radar,0,0,1,0,1,2,1,9,0,12,2,1,10,0,13,0,0,0,13
07/05/2021,MWH,WA,ANM,WE,Combined TRACON& Tower with Radar,0,0,1,0,1,21,14,16,7,58,21,14,17,7,59,14,0,14,73
07/06/2021,MWH,WA,ANM,WE,Combined TRACON& Tower with Radar,7,39,7,13,66,14,84,27,25,150,21,123,34,38,216,381,36,417,633
07/07/2021,MWH,WA,ANM,WE,Combined TRACON& Tower with Radar,10,28,5,6,49,4,58,23,20,105,14,86,28,26,154,336,12,348,502
07/08/2021,MWH,WA,ANM,WE,Combined TRACON& Tower with Radar,41,36,10,22,109,55,149,21,57,282,96,185,31,79,391,396,49,445,836
07/09/2021,MWH,WA,ANM,WE,Combined TRACON& Tower with Radar,17,26,8,8,59,38,122,49,27,236,55,148,57,35,295,272,10,282,577
07/10/2021,MWH,WA,ANM,WE,Combined TRACON& Tower with Radar,8,0,6,0,14,0,13,14,1,28,8,13,20,1,42,0,0,0,42
07/11/2021,MWH,WA,ANM,WE,Combined TRACON& Tower with Radar,4,0,1,0,5,25,5,15,6,51,29,5,16,6,56,2,0,2,58
07/12/2021,MWH,WA,ANM,WE,Combined TRACON& Tower with Radar,12,44,8,12,76,5,113,13,17,148,17,157,21,29,224,213,56,269,493
07/13/2021,MWH,WA,ANM,WE,Combined TRACON& Tower with Radar,14,30,8,8,60,40,112,9,14,175,54,142,17,22,235,414,44,458,693
07/14/2021,MWH,WA,ANM,WE,Combined TRACON& Tower with Radar,9,39,16,9,73,67,76,34,19,196,76,115,50,28,269,326,15,341,610
07/15/2021,MWH,WA,ANM,WE,Combined TRACON& Tower with Radar,9,33,15,5,62,18,86,27,10,141,27,119,42,15,203,285,12,297,500
07/16/2021,MWH,WA,ANM,WE,Combined TRACON& Tower with Radar,12,48,6,1,67,46,93,41,12,192,58,141,47,13,259,270,0,270,529
07/17/2021,MWH,WA,ANM,WE,Combined TRACON& Tower with Radar,6,1,9,1,17,41,11,26,14,92,47,12,35,15,109,26,0,26,135
07/18/2021,MWH,WA,ANM,WE,Combined TRACON& Tower with Radar,0,0,9,1,10,35,2,19,16,72,35,2,28,17,82,4,6,10,92
07/19/2021,MWH,WA,ANM,WE,Combined TRACON& Tower with Radar,16,50,8,26,100,13,101,23,23,160,29,151,31,49,260,330,54,384,644
07/20/2021,MWH,WA,ANM,WE,Combined TRACON& Tower with Radar,14,39,6,3,62,23,86,13,6,128,37,125,19,9,190,186,0,186,376
07/21/2021,MWH,WA,ANM,WE,Combined TRACON& Tower with Radar,8,62,11,31,112,10,55,22,28,115,18,117,33,59,227,177,32,209,436
07/22/2021,MWH,WA,ANM,WE,Combined TRACON& Tower with Radar,17,43,6,14,80,31,50,21,7,109,48,93,27,21,189,251,0,251,440
07/23/2021,MWH,WA,ANM,WE,Combined TRACON& Tower with Radar,33,29,7,16,85,36,57,17,22,132,69,86,24,38,217,252,20,272,489
07/24/2021,MWH,WA,ANM,WE,Combined TRACON& Tower with Radar,7,0,4,0,11,69,4,13,0,86,76,4,17,0,97,24,0,24,121
07/25/2021,MWH,WA,ANM,WE,Combined TRACON& Tower with Radar,0,2,2,0,4,31,7,23,3,64,31,9,25,3,68,66,0,66,134
07/26/2021,MWH,WA,ANM,WE,Combined TRACON& Tower with Radar,18,65,11,27,121,9,55,14,6,84,27,120,25,33,205,282,18,300,505
07/27/2021,MWH,WA,ANM,WE,Combined TRACON& Tower with Radar,8,60,6,27,101,10,66,20,3,99,18,126,26,30,200,394,6,400,600
07/28/2021,MWH,WA,ANM,WE,Combined TRACON& Tower with Radar,5,53,14,9,81,27,63,17,26,133,32,116,31,35,214,256,34,290,504
07/29/2021,MWH,WA,ANM,WE,Combined TRACON& Tower with Radar,7,56,6,18,87,44,76,14,25,159,51,132,20,43,246,268,74,342,588
07/30/2021,MWH,WA,ANM,WE,Combined TRACON& Tower with Radar,15,30,4,4,53,47,49,13,27,136,62,79,17,31,189,224,18,242,431
07/31/2021,MWH,WA,ANM,WE,Combined TRACON& Tower with Radar,3,3,5,17,28,42,2,6,1,51,45,5,11,18,79,0,0,0,79
08/01/2021,MWH,WA,ANM,WE,Combined TRACON& Tower with Radar,4,0,8,0,12,0,0,1,0,1,4,0,9,0,13,0,0,0,13
08/02/2021,MWH,WA,ANM,WE,Combined TRACON& Tower with Radar,10,0,14,15,39,2,3,1,1,7,12,3,15,16,46,0,0,0,46
08/03/2021,MWH,WA,ANM,WE,Combined TRACON& Tower with Radar,15,36,12,23,86,44,48,20,28,140,59,84,32,51,226,281,38,319,545
08/04/2021,MWH,WA,ANM,WE,Combined TRACON& Tower with Radar,18,27,5,17,67,74,60,16,45,195,92,87,21,62,262,176,40,216,478
08/05/2021,MWH,WA,ANM,WE,Combined TRACON& Tower with Radar,26,13,6,10,55,75,41,32,27,175,101,54,38,37,230,168,44,212,442
08/06/2021,MWH,WA,ANM,WE,Combined TRACON& Tower with Radar,0,1,5,3,9,65,25,13,14,117,65,26,18,17,126,34,8,42,168
08/07/2021,MWH,WA,ANM,WE,Combined TRACON& Tower with Radar,8,0,11,2,21,68,5,26,21,120,76,5,37,23,141,13,0,13,154
08/08/2021,MWH,WA,ANM,WE,Combined TRACON& Tower with Radar,4,0,8,0,12,51,13,15,8,87,55,13,23,8,99,0,0,0,99
08/09/2021,MWH,WA,ANM,WE,Combined TRACON& Tower with Radar,13,2,6,28,49,48,9,18,30,105,61,11,24,58,154,43,34,77,231
08/10/2021,MWH,WA,ANM,WE,Combined TRACON& Tower with Radar,13,0,9,28,50,98,13,37,21,169,111,13,46,49,219,28,42,70,289
08/11/2021,MWH,WA,ANM,WE,Combined TRACON& Tower with Radar,9,0,15,37,61,106,12,31,15,164,115,12,46,52,225,35,48,83,308
08/12/2021,MWH,WA,ANM,WE,Combined TRACON& Tower with Radar,16,2,18,9,45,10,2,7,2,21,26,4,25,11,66,0,4,4,70
08/13/2021,MWH,WA,ANM,WE,Combined TRACON& Tower with Radar,28,0,18,3,49,0,0,2,0,2,28,0,20,3,51,0,0,0,51
08/14/2021,MWH,WA,ANM,WE,Combined TRACON& Tower with Radar,8,0,6,1,15,0,0,0,1,1,8,0,6,2,16,0,0,0,16
08/15/2021,MWH,WA,ANM,WE,Combined TRACON& Tower with Radar,4,0,7,0,11,59,5,17,10,91,63,5,24,10,102,4,0,4,106
08/16/2021,MWH,WA,ANM,WE,Combined TRACON& Tower with Radar,15,5,8,17,45,48,23,30,14,115,63,28,38,31,160,10,38,48,208
08/17/2021,MWH,WA,ANM,WE,Combined TRACON& Tower with Radar,9,1,10,4,24,18,8,10,4,40,27,9,20,8,64,28,24,52,116
08/18/2021,MWH,WA,ANM,WE,Combined TRACON& Tower with Radar,17,2,22,8,49,71,1,30,10,112,88,3,52,18,161,14,18,32,193
08/19/2021,MWH,WA,ANM,WE,Combined TRACON& Tower with Radar,27,2,9,6,44,31,11,38,12,92,58,13,47,18,136,56,56,112,248
08/20/2021,MWH,WA,ANM,WE,Combined TRACON& Tower with Radar,19,0,20,8,47,27,0,20,6,53,46,0,40,14,100,22,50,72,172
08/21/2021,MWH,WA,ANM,WE,Combined TRACON& Tower with Radar,5,0,5,0,10,1,9,18,1,29,6,9,23,1,39,46,0,46,85
08/22/2021,MWH,WA,ANM,WE,Combined TRACON& Tower with Radar,9,0,3,0,12,2,2,6,1,11,11,2,9,1,23,0,0,0,23
08/23/2021,MWH,WA,ANM,WE,Combined TRACON& Tower with Radar,38,1,6,2,47,8,1,22,8,39,46,2,28,10,86,13,15,28,114
08/24/2021,MWH,WA,ANM,WE,Combined TRACON& Tower with Radar,13,0,13,9,35,41,6,33,8,88,54,6,46,17,123,32,16,48,171
08/25/2021,MWH,WA,ANM,WE,Combined TRACON& Tower with Radar,7,0,13,3,23,6,6,33,5,50,13,6,46,8,73,12,0,12,85
08/26/2021,MWH,WA,ANM,WE,Combined TRACON& Tower with Radar,29,8,4,15,56,25,8,25,14,72,54,16,29,29,128,72,56,128,256
08/27/2021,MWH,WA,ANM,WE,Combined TRACON& Tower with Radar,23,2,13,5,43,39,2,24,17,82,62,4,37,22,125,4,28,32,157
08/28/2021,MWH,WA,ANM,WE,Combined TRACON& Tower with Radar,11,0,2,0,13,17,0,16,1,34,28,0,18,1,47,0,0,0,47
08/29/2021,MWH,WA,ANM,WE,Combined TRACON& Tower with Radar,8,0,8,0,16,19,9,14,3,45,27,9,22,3,61,12,0,12,73
08/30/2021,MWH,WA,ANM,WE,Combined TRACON& Tower with Radar,7,2,15,4,28,7,9,13,2,31,14,11,28,6,59,0,6,6,65
08/31/2021,MWH,WA,ANM,WE,Combined TRACON& Tower with Radar,14,2,7,1,24,5,4,16,7,32,19,6,23,8,56,8,28,36,92
09/01/2021,MWH,WA,ANM,WE,Combined TRACON& Tower with Radar,23,0,6,8,37,3,3,28,14,48,26,3,34,22,85,0,26,26,111
09/02/2021,MWH,WA,ANM,WE,Combined TRACON& Tower with Radar,17,0,4,5,26,18,9,14,11,52,35,9,18,16,78,2,14,16,94
09/03/2021,MWH,WA,ANM,WE,Combined TRACON& Tower with Radar,25,0,5,2,32,4,2,29,0,35,29,2,34,2,67,4,0,4,71
09/04/2021,MWH,WA,ANM,WE,Combined TRACON& Tower with Radar,0,1,2,1,4,0,7,8,7,22,0,8,10,8,26,6,3,9,35
09/05/2021,MWH,WA,ANM,WE,Combined TRACON& Tower with Radar,1,2,4,0,7,2,4,14,0,20,3,6,18,0,27,0,0,0,27
09/06/2021,MWH,WA,ANM,WE,Combined TRACON& Tower with Radar,0,0,5,0,5,4,2,15,0,21,4,2,20,0,26,2,0,2,28
09/07/2021,MWH,WA,ANM,WE,Combined TRACON& Tower with Radar,0,3,7,13,23,2,10,23,23,58,2,13,30,36,81,15,26,41,122
09/08/2021,MWH,WA,ANM,WE,Combined TRACON& Tower with Radar,18,0,4,21,43,4,5,20,24,53,22,5,24,45,96,4,40,44,140
09/09/2021,MWH,WA,ANM,WE,Combined TRACON& Tower with Radar,4,1,11,39,55,4,4,33,6,47,8,5,44,45,102,12,55,67,169
09/10/2021,MWH,WA,ANM,WE,Combined TRACON& Tower with Radar,11,3,11,0,25,0,11,13,0,24,11,14,24,0,49,45,0,45,94
09/11/2021,MWH,WA,ANM,WE,Combined TRACON& Tower with Radar,0,2,6,5,13,0,2,11,0,13,0,4,17,5,26,22,0,22,48
09/12/2021,MWH,WA,ANM,WE,Combined TRACON& Tower with Radar,0,0,5,0,5,0,0,18,0,18,0,0,23,0,23,0,0,0,23
09/13/2021,MWH,WA,ANM,WE,Combined TRACON& Tower with Radar,14,0,5,26,45,7,5,20,26,58,21,5,25,52,103,12,70,82,185
09/14/2021,MWH,WA,ANM,WE,Combined TRACON& Tower with Radar,40,2,6,23,71,9,45,21,7,82,49,47,27,30,153,226,45,271,424
09/15/2021,MWH,WA,ANM,WE,Combined TRACON& Tower with Radar,25,0,10,12,47,5,73,20,0,98,30,73,30,12,145,189,18,207,352
09/16/2021,MWH,WA,ANM,WE,Combined TRACON& Tower with Radar,23,1,10,6,40,19,57,23,18,117,42,58,33,24,157,206,34,240,397
09/17/2021,MWH,WA,ANM,WE,Combined TRACON& Tower with Radar,22,3,5,8,38,37,11,14,9,71,59,14,19,17,109,60,20,80,189
09/18/2021,MWH,WA,ANM,WE,Combined TRACON& Tower with Radar,8,0,6,0,14,0,0,9,0,9,8,0,15,0,23,2,0,2,25
09/19/2021,MWH,WA,ANM,WE,Combined TRACON& Tower with Radar,8,1,4,2,15,0,0,8,0,8,8,1,12,2,23,2,10,12,35
09/20/2021,MWH,WA,ANM,WE,Combined TRACON& Tower with Radar,6,0,10,9,25,6,96,26,14,142,12,96,36,23,167,299,26,325,492
09/21/2021,MWH,WA,ANM,WE,Combined TRACON& Tower with Radar,26,0,6,36,68,15,96,28,16,155,41,96,34,52,223,325,46,371,594
09/22/2021,MWH,WA,ANM,WE,Combined TRACON& Tower with Radar,12,2,7,23,44,0,103,31,31,165,12,105,38,54,209,348,48,396,605
09/23/2021,MWH,WA,ANM,WE,Combined TRACON& Tower with Radar,7,0,5,9,21,16,88,20,32,156,23,88,25,41,177,455,98,553,730
09/24/2021,MWH,WA,ANM,WE,Combined TRACON& Tower with Radar,56,0,7,6,69,82,5,16,3,106,138,5,23,9,175,26,8,34,209
09/25/2021,MWH,WA,ANM,WE,Combined TRACON& Tower with Radar,7,0,3,0,10,7,0,14,0,21,14,0,17,0,31,0,0,0,31
09/26/2021,MWH,WA,ANM,WE,Combined TRACON& Tower with Radar,0,1,5,0,6,18,11,12,2,43,18,12,17,2,49,0,0,0,49
09/27/2021,MWH,WA,ANM,WE,Combined TRACON& Tower with Radar,32,8,8,19,67,2,63,0,6,71,34,71,8,25,138,306,35,341,479
09/28/2021,MWH,WA,ANM,WE,Combined TRACON& Tower with Radar,5,6,5,7,23,22,78,11,6,117,27,84,16,13,140,369,50,419,559
09/29/2021,MWH,WA,ANM,WE,Combined TRACON& Tower with Radar,14,14,11,2,41,14,113,10,11,148,28,127,21,13,189,480,2,482,671
09/30/2021,MWH,WA,ANM,WE,Combined TRACON& Tower with Radar,11,9,12,3,35,21,109,5,0,135,32,118,17,3,170,508,6,514,684
10/01/2021,MWH,WA,ANM,WE,Combined TRACON& Tower with Radar,9,1,17,4,31,0,5,18,4,27,9,6,35,8,58,14,12,26,84
10/02/2021,MWH,WA,ANM,WE,Combined TRACON& Tower with Radar,0,0,3,0,3,0,0,15,5,20,0,0,18,5,23,24,0,24,47
10/03/2021,MWH,WA,ANM,WE,Combined TRACON& Tower with Radar,0,0,2,0,2,0,1,14,0,15,0,1,16,0,17,32,0,32,49
10/04/2021,MWH,WA,ANM,WE,Combined TRACON& Tower with Radar,9,10,5,7,31,9,101,27,23,160,18,111,32,30,191,418,48,466,657
10/05/2021,MWH,WA,ANM,WE,Combined TRACON& Tower with Radar,26,0,10,21,57,6,89,6,25,126,32,89,16,46,183,288,64,352,535
10/06/2021,MWH,WA,ANM,WE,Combined TRACON& Tower with Radar,19,7,13,21,60,7,88,29,32,156,26,95,42,53,216,381,48,429,645
10/07/2021,MWH,WA,ANM,WE,Combined TRACON& Tower with Radar,6,8,9,31,54,0,23,16,18,57,6,31,25,49,111,0,0,0,111
10/08/2021,MWH,WA,ANM,WE,Combined TRACON& Tower with Radar,31,1,2,9,43,5,4,19,3,31,36,5,21,12,74,2,12,14,88
10/09/2021,MWH,WA,ANM,WE,Combined TRACON& Tower with Radar,26,0,4,6,36,2,1,15,1,19,28,1,19,7,55,19,15,34,89
10/10/2021,MWH,WA,ANM,WE,Combined TRACON& Tower with Radar,4,0,3,0,7,0,0,2,0,2,4,0,5,0,9,2,0,2,11
10/11/2021,MWH,WA,ANM,WE,Combined TRACON& Tower with Radar,14,13,8,0,35,15,85,18,0,118,29,98,26,0,153,284,0,284,437
10/12/2021,MWH,WA,ANM,WE,Combined TRACON& Tower with Radar,23,2,2,21,48,0,91,15,21,127,23,93,17,42,175,345,20,365,540
10/13/2021,MWH,WA,ANM,WE,Combined TRACON& Tower with Radar,17,20,7,12,56,2,62,3,7,74,19,82,10,19,130,376,4,380,510
10/14/2021,MWH,WA,ANM,WE,Combined TRACON& Tower with Radar,0,17,6,15,38,0,87,12,23,122,0,104,18,38,160,241,26,267,427
10/15/2021,MWH,WA,ANM,WE,Combined TRACON& Tower with Radar,9,1,13,4,27,27,18,21,22,88,36,19,34,26,115,10,0,10,125
10/16/2021,MWH,WA,ANM,WE,Combined TRACON& Tower with Radar,12,2,12,0,26,0,2,22,0,24,12,4,34,0,50,19,0,19,69
10/17/2021,MWH,WA,ANM,WE,Combined TRACON& Tower with Radar,0,2,5,2,9,0,0,10,0,10,0,2,15,2,19,22,0,22,41
10/18/2021,MWH,WA,ANM,WE,Combined TRACON& Tower with Radar,26,16,9,26,77,16,93,8,17,134,42,109,17,43,211,441,48,489,700
10/19/2021,MWH,WA,ANM,WE,Combined TRACON& Tower with Radar,8,11,6,13,38,8,116,17,3,144,16,127,23,16,182,352,2,354,536
10/20/2021,MWH,WA,ANM,WE,Combined TRACON& Tower with Radar,10,14,5,8,37,8,69,2,3,82,18,83,7,11,119,320,0,320,439
10/21/2021,MWH,WA,ANM,WE,Combined TRACON& Tower with Radar,17,9,5,32,63,15,70,5,40,130,32,79,10,72,193,314,56,370,563
10/22/2021,MWH,WA,ANM,WE,Combined TRACON& Tower with Radar,12,1,8,0,21,0,0,3,0,3,12,1,11,0,24,0,0,0,24
10/23/2021,MWH,WA,ANM,WE,Combined TRACON& Tower with Radar,18,1,0,0,19,6,0,14,0,20,24,1,14,0,39,27,0,27,66
10/24/2021,MWH,WA,ANM,WE,Combined TRACON& Tower with Radar,1,3,4,0,8,0,0,0,0,0,1,3,4,0,8,0,0,0,8
10/25/2021,MWH,WA,ANM,WE,Combined TRACON& Tower with Radar,15,23,6,14,58,0,95,4,57,156,15,118,10,71,214,321,60,381,595
10/26/2021,MWH,WA,ANM,WE,Combined TRACON& Tower with Radar,26,11,1,10,48,1,84,6,5,96,27,95,7,15,144,281,29,310,454
10/27/2021,MWH,WA,ANM,WE,Combined TRACON& Tower with Radar,8,21,11,4,44,10,76,9,3,98,18,97,20,7,142,274,0,274,416
10/28/2021,MWH,WA,ANM,WE,Combined TRACON& Tower with Radar,9,8,5,12,34,0,77,4,20,101,9,85,9,32,135,330,12,342,477
10/29/2021,MWH,WA,ANM,WE,Combined TRACON& Tower with Radar,27,3,7,12,49,0,0,7,1,8,27,3,14,13,57,0,12,12,69
10/30/2021,MWH,WA,ANM,WE,Combined TRACON& Tower with Radar,0,12,2,0,14,0,4,39,0,43,0,16,41,0,57,62,0,62,119
10/31/2021,MWH,WA,ANM,WE,Combined TRACON& Tower with Radar,19,0,1,0,20,0,0,35,0,35,19,0,36,0,55,48,0,48,103
11/01/2021,MWH,WA,ANM,WE,Combined TRACON& Tower with Radar,7,12,3,26,48,2,121,12,6,141,9,133,15,32,189,427,22,449,638
11/02/2021,MWH,WA,ANM,WE,Combined TRACON& Tower with Radar,23,6,8,15,52,9,62,5,3,79,32,68,13,18,131,314,0,314,445
11/03/2021,MWH,WA,ANM,WE,Combined TRACON& Tower with Radar,22,14,13,17,66,5,30,1,8,44,27,44,14,25,110,282,2,284,394
11/04/2021,MWH,WA,ANM,WE,Combined TRACON& Tower with Radar,9,8,12,6,35,0,19,4,9,32,9,27,16,15,67,186,58,244,311
11/05/2021,MWH,WA,ANM,WE,Combined TRACON& Tower with Radar,20,3,6,10,39,7,0,14,11,32,27,3,20,21,71,2,50,52,123
11/06/2021,MWH,WA,ANM,WE,Combined TRACON& Tower with Radar,13,0,6,1,20,0,0,3,7,10,13,0,9,8,30,4,2,6,36
11/07/2021,MWH,WA,ANM,WE,Combined TRACON& Tower with Radar,4,0,6,0,10,0,0,6,0,6,4,0,12,0,16,0,0,0,16
11/08/2021,MWH,WA,ANM,WE,Combined TRACON& Tower with Radar,7,13,9,31,60,15,110,14,10,149,22,123,23,41,209,404,68,472,681
11/09/2021,MWH,WA,ANM,WE,Combined TRACON& Tower with Radar,16,12,9,7,44,2,37,6,6,51,18,49,15,13,95,219,20,239,334
11/10/2021,MWH,WA,ANM,WE,Combined TRACON& Tower with Radar,15,7,10,46,78,2,119,22,12,155,17,126,32,58,233,441,50,491,724
11/11/2021,MWH,WA,ANM,WE,Combined TRACON& Tower with Radar,15,2,6,0,23,0,0,1,0,1,15,2,7,0,24,0,0,0,24
11/12/2021,MWH,WA,ANM,WE,Combined TRACON& Tower with Radar,14,1,13,0,28,0,0,0,0,0,14,1,13,0,28,0,0,0,28
11/13/2021,MWH,WA,ANM,WE,Combined TRACON& Tower with Radar,11,0,7,0,18,0,0,17,0,17,11,0,24,0,35,16,0,16,51
11/14/2021,MWH,WA,ANM,WE,Combined TRACON& Tower with Radar,9,1,3,0,13,0,0,4,0,4,9,1,7,0,17,10,0,10,27
11/15/2021,MWH,WA,ANM,WE,Combined TRACON& Tower with Radar,15,10,6,9,40,5,22,3,3,33,20,32,9,12,73,58,8,66,139
11/16/2021,MWH,WA,ANM,WE,Combined TRACON& Tower with Radar,25,7,8,6,46,8,30,12,11,61,33,37,20,17,107,88,16,104,211
11/17/2021,MWH,WA,ANM,WE,Combined TRACON& Tower with Radar,23,25,8,16,72,19,102,34,20,175,42,127,42,36,247,418,64,482,729
11/18/2021,MWH,WA,ANM,WE,Combined TRACON& Tower with Radar,31,10,2,15,58,20,59,18,7,104,51,69,20,22,162,146,22,168,330
11/19/2021,MWH,WA,ANM,WE,Combined TRACON& Tower with Radar,16,8,5,15,44,0,0,7,8,15,16,8,12,23,59,0,33,33,92
11/20/2021,MWH,WA,ANM,WE,Combined TRACON& Tower with Radar,11,0,9,0,20,0,0,4,0,4,11,0,13,0,24,4,0,4,28
11/21/2021,MWH,WA,ANM,WE,Combined TRACON& Tower with Radar,11,4,4,0,19,0,0,5,0,5,11,4,9,0,24,2,0,2,26
11/22/2021,MWH,WA,ANM,WE,Combined TRACON& Tower with Radar,16,6,1,4,27,0,0,0,0,0,16,6,1,4,27,0,0,0,27
11/23/2021,MWH,WA,ANM,WE,Combined TRACON& Tower with Radar,10,6,11,3,30,0,5,17,5,27,10,11,28,8,57,54,4,58,115
11/24/2021,MWH,WA,ANM,WE,Combined TRACON& Tower with Radar,5,1,2,2,10,0,0,11,11,22,5,1,13,13,32,12,12,24,56
11/25/2021,MWH,WA,ANM,WE,Combined TRACON& Tower with Radar,0,2,0,0,2,0,0,12,0,12,0,2,12,0,14,24,0,24,38
11/26/2021,MWH,WA,ANM,WE,Combined TRACON& Tower with Radar,0,0,3,0,3,0,2,22,0,24,0,2,25,0,27,44,0,44,71
11/27/2021,MWH,WA,ANM,WE,Combined TRACON& Tower with Radar,4,2,8,0,14,0,0,2,0,2,4,2,10,0,16,0,0,0,16
11/28/2021,MWH,WA,ANM,WE,Combined TRACON& Tower with Radar,0,0,4,0,4,0,0,9,0,9,0,0,13,0,13,4,0,4,17
11/29/2021,MWH,WA,ANM,WE,Combined TRACON& Tower with Radar,0,30,3,22,55,0,85,19,30,134,0,115,22,52,189,417,88,505,694
11/30/2021,MWH,WA,ANM,WE,Combined TRACON& Tower with Radar,12,35,2,15,64,0,88,10,37,135,12,123,12,52,199,376,28,404,603
12/01/2021,MWH,WA,ANM,WE,Combined TRACON& Tower with Radar,17,24,3,16,60,0,60,24,36,120,17,84,27,52,180,129,61,190,370
12/02/2021,MWH,WA,ANM,WE,Combined TRACON& Tower with Radar,24,24,0,12,60,1,87,14,34,136,25,111,14,46,196,489,60,549,745
12/03/2021,MWH,WA,ANM,WE,Combined TRACON& Tower with Radar,23,14,17,10,64,11,9,27,0,47,34,23,44,10,111,48,18,66,177
12/04/2021,MWH,WA,ANM,WE,Combined TRACON& Tower with Radar,17,6,4,0,27,3,1,14,0,18,20,7,18,0,45,18,0,18,63
12/05/2021,MWH,WA,ANM,WE,Combined TRACON& Tower with Radar,5,0,9,2,16,0,0,31,0,31,5,0,40,2,47,3,0,3,50
12/06/2021,MWH,WA,ANM,WE,Combined TRACON& Tower with Radar,17,12,2,49,80,23,50,8,19,100,40,62,10,68,180,181,76,257,437
12/07/2021,MWH,WA,ANM,WE,Combined TRACON& Tower with Radar,20,1,7,43,71,0,23,3,3,29,20,24,10,46,100,90,0,90,190
12/08/2021,MWH,WA,ANM,WE,Combined TRACON& Tower with Radar,25,8,10,22,65,2,19,9,32,62,27,27,19,54,127,32,104,136,263
12/09/2021,MWH,WA,ANM,WE,Combined TRACON& Tower with Radar,11,11,11,22,55,12,10,18,28,68,23,21,29,50,123,26,82,108,231
12/10/2021,MWH,WA,ANM,WE,Combined TRACON& Tower with Radar,22,4,7,1,34,0,0,9,8,17,22,4,16,9,51,0,8,8,59
12/11/2021,MWH,WA,ANM,WE,Combined TRACON& Tower with Radar,17,0,1,0,18,0,0,0,0,0,17,0,1,0,18,0,0,0,18
12/12/2021,MWH,WA,ANM,WE,Combined TRACON& Tower with Radar,4,0,5,4,13,0,0,12,4,16,4,0,17,8,29,16,0,16,45
12/13/2021,MWH,WA,ANM,WE,Combined TRACON& Tower with Radar,17,6,5,17,45,8,0,2,24,34,25,6,7,41,79,0,6,6,85
12/14/2021,MWH,WA,ANM,WE,Combined TRACON& Tower with Radar,17,11,5,19,52,11,0,11,0,22,28,11,16,19,74,4,0,4,78
12/15/2021,MWH,WA,ANM,WE,Combined TRACON& Tower with Radar,17,5,5,40,67,8,4,15,17,44,25,9,20,57,111,34,30,64,175
12/16/2021,MWH,WA,ANM,WE,Combined TRACON& Tower with Radar,14,0,2,21,37,0,0,9,15,24,14,0,11,36,61,0,0,0,61
12/17/2021,MWH,WA,ANM,WE,Combined TRACON& Tower with Radar,14,2,17,22,55,0,0,19,7,26,14,2,36,29,81,42,68,110,191
12/18/2021,MWH,WA,ANM,WE,Combined TRACON& Tower with Radar,0,1,5,0,6,0,0,0,0,0,0,1,5,0,6,0,0,0,6
12/19/2021,MWH,WA,ANM,WE,Combined TRACON& Tower with Radar,1,1,15,0,17,0,0,0,0,0,1,1,15,0,17,0,0,0,17
12/20/2021,MWH,WA,ANM,WE,Combined TRACON& Tower with Radar,11,0,5,2,18,0,0,2,0,2,11,0,7,2,20,0,0,0,20
12/21/2021,MWH,WA,ANM,WE,Combined TRACON& Tower with Radar,6,0,3,34,43,0,0,0,4,4,6,0,3,38,47,0,29,29,76
12/22/2021,MWH,WA,ANM,WE,Combined TRACON& Tower with Radar,0,0,4,0,4,0,0,0,0,0,0,0,4,0,4,0,0,0,4
12/23/2021,MWH,WA,ANM,WE,Combined TRACON& Tower with Radar,11,1,2,24,38,0,0,3,6,9,11,1,5,30,47,0,18,18,65
12/24/2021,MWH,WA,ANM,WE,Combined TRACON& Tower with Radar,0,1,3,0,4,0,0,4,0,4,0,1,7,0,8,0,0,0,8
12/25/2021,MWH,WA,ANM,WE,Combined TRACON& Tower with Radar,0,1,3,0,4,0,0,1,0,1,0,1,4,0,5,2,0,2,7
12/26/2021,MWH,WA,ANM,WE,Combined TRACON& Tower with Radar,4,5,5,0,14,0,0,0,0,0,4,5,5,0,14,0,0,0,14
12/27/2021,MWH,WA,ANM,WE,Combined TRACON& Tower with Radar,0,0,7,1,8,0,0,8,3,11,0,0,15,4,19,6,0,6,25
12/28/2021,MWH,WA,ANM,WE,Combined TRACON& Tower with Radar,11,0,1,3,15,5,1,1,0,7,16,1,2,3,22,0,16,16,38
12/29/2021,MWH,WA,ANM,WE,Combined TRACON& Tower with Radar,12,1,10,7,30,2,0,10,12,24,14,1,20,19,54,14,10,24,78
12/30/2021,MWH,WA,ANM,WE,Combined TRACON& Tower with Radar,6,0,1,0,7,0,0,0,0,0,6,0,1,0,7,0,0,0,7
12/31/2021,MWH,WA,ANM,WE,Combined TRACON& Tower with Radar,6,0,4,0,10,0,0,0,0,0,6,0,4,0,10,0,0,0,10
01/01/2022,MWH,WA,ANM,WE,Combined TRACON& Tower with Radar,0,0,4,0,4,0,3,2,0,5,0,3,6,0,9,0,0,0,9
01/02/2022,MWH,WA,ANM,WE,Combined TRACON& Tower with Radar,7,0,2,0,9,2,0,4,0,6,9,0,6,0,15,8,0,8,23
01/03/2022,MWH,WA,ANM,WE,Combined TRACON& Tower with Radar,2,2,2,0,6,0,0,0,0,0,2,2,2,0,6,0,0,0,6
01/04/2022,MWH,WA,ANM,WE,Combined TRACON& Tower with Radar,0,0,0,0,0,0,0,0,0,0,0,0,0,0,0,0,0,0,0
01/05/2022,MWH,WA,ANM,WE,Combined TRACON& Tower with Radar,5,22,4,4,35,0,28,5,0,33,5,50,9,4,68,144,0,144,212
01/06/2022,MWH,WA,ANM,WE,Combined TRACON& Tower with Radar,2,0,0,0,2,0,0,0,0,0,2,0,0,0,2,0,0,0,2
01/07/2022,MWH,WA,ANM,WE,Combined TRACON& Tower with Radar,4,1,19,9,33,0,0,2,13,15,4,1,21,22,48,2,32,34,82
01/08/2022,MWH,WA,ANM,WE,Combined TRACON& Tower with Radar,2,0,5,1,8,0,0,22,1,23,2,0,27,2,31,52,0,52,83
01/09/2022,MWH,WA,ANM,WE,Combined TRACON& Tower with Radar,4,0,4,0,8,0,2,22,0,24,4,2,26,0,32,1,0,1,33
01/10/2022,MWH,WA,ANM,WE,Combined TRACON& Tower with Radar,8,1,5,19,33,0,61,9,6,76,8,62,14,25,109,349,16,365,474
01/11/2022,MWH,WA,ANM,WE,Combined TRACON& Tower with Radar,8,0,1,1,10,0,60,1,0,61,8,60,2,1,71,291,0,291,362
01/12/2022,MWH,WA,ANM,WE,Combined TRACON& Tower with Radar,0,14,3,17,34,0,82,7,26,115,0,96,10,43,149,328,16,344,493
01/13/2022,MWH,WA,ANM,WE,Combined TRACON& Tower with Radar,22,4,12,32,70,18,88,24,19,149,40,92,36,51,219,340,50,390,609
01/14/2022,MWH,WA,ANM,WE,Combined TRACON& Tower with Radar,6,0,2,0,8,0,0,0,0,0,6,0,2,0,8,0,0,0,8
01/15/2022,MWH,WA,ANM,WE,Combined TRACON& Tower with Radar,6,1,0,0,7,0,0,0,0,0,6,1,0,0,7,0,0,0,7
01/16/2022,MWH,WA,ANM,WE,Combined TRACON& Tower with Radar,4,4,4,0,12,0,0,0,0,0,4,4,4,0,12,0,0,0,12
01/17/2022,MWH,WA,ANM,WE,Combined TRACON& Tower with Radar,9,0,10,0,19,0,0,0,0,0,9,0,10,0,19,0,0,0,19
01/18/2022,MWH,WA,ANM,WE,Combined TRACON& Tower with Radar,0,3,9,2,14,0,0,6,0,6,0,3,15,2,20,2,0,2,22
01/19/2022,MWH,WA,ANM,WE,Combined TRACON& Tower with Radar,14,1,9,3,27,0,0,0,0,0,14,1,9,3,27,0,0,0,27
01/20/2022,MWH,WA,ANM,WE,Combined TRACON& Tower with Radar,2,1,3,4,10,0,0,0,0,0,2,1,3,4,10,0,0,0,10
01/21/2022,MWH,WA,ANM,WE,Combined TRACON& Tower with Radar,25,0,12,13,50,2,0,26,10,38,27,0,38,23,88,14,26,40,128
01/22/2022,MWH,WA,ANM,WE,Combined TRACON& Tower with Radar,4,0,2,0,6,0,0,0,0,0,4,0,2,0,6,0,0,0,6
01/23/2022,MWH,WA,ANM,WE,Combined TRACON& Tower with Radar,2,0,2,0,4,0,0,0,0,0,2,0,2,0,4,0,0,0,4
01/24/2022,MWH,WA,ANM,WE,Combined TRACON& Tower with Radar,7,1,0,0,8,0,0,0,0,0,7,1,0,0,8,0,0,0,8
01/25/2022,MWH,WA,ANM,WE,Combined TRACON& Tower with Radar,17,2,5,3,27,0,0,0,0,0,17,2,5,3,27,0,0,0,27
01/26/2022,MWH,WA,ANM,WE,Combined TRACON& Tower with Radar,16,1,9,28,54,0,9,1,0,10,16,10,10,28,64,166,0,166,230
01/27/2022,MWH,WA,ANM,WE,Combined TRACON& Tower with Radar,12,2,9,12,35,0,46,1,0,47,12,48,10,12,82,306,7,313,395
01/28/2022,MWH,WA,ANM,WE,Combined TRACON& Tower with Radar,21,0,5,6,32,0,0,7,0,7,21,0,12,6,39,21,0,21,60
01/29/2022,MWH,WA,ANM,WE,Combined TRACON& Tower with Radar,4,1,6,2,13,0,0,0,0,0,4,1,6,2,13,0,0,0,13
01/30/2022,MWH,WA,ANM,WE,Combined TRACON& Tower with Radar,4,1,3,0,8,0,0,0,0,0,4,1,3,0,8,0,0,0,8
01/31/2022,MWH,WA,ANM,WE,Combined TRACON& Tower with Radar,2,18,8,43,71,0,87,31,36,154,2,105,39,79,225,314,95,409,634
02/01/2022,MWH,WA,ANM,WE,Combined TRACON& Tower with Radar,27,24,7,15,73,27,98,24,31,180,54,122,31,46,253,276,24,300,553
02/02/2022,MWH,WA,ANM,WE,Combined TRACON& Tower with Radar,25,11,9,24,69,1,94,10,31,136,26,105,19,55,205,264,29,293,498
02/03/2022,MWH,WA,ANM,WE,Combined TRACON& Tower with Radar,22,16,18,14,70,30,64,16,18,128,52,80,34,32,198,171,20,191,389
02/04/2022,MWH,WA,ANM,WE,Combined TRACON& Tower with Radar,15,1,21,25,62,0,0,0,0,0,15,1,21,25,62,2,0,2,64
02/05/2022,MWH,WA,ANM,WE,Combined TRACON& Tower with Radar,5,0,5,0,10,0,0,10,0,10,5,0,15,0,20,0,0,0,20
02/06/2022,MWH,WA,ANM,WE,Combined TRACON& Tower with Radar,2,1,2,0,5,0,0,10,0,10,2,1,12,0,15,10,0,10,25
02/07/2022,MWH,WA,ANM,WE,Combined TRACON& Tower with Radar,0,3,8,12,23,0,24,13,34,71,0,27,21,46,94,102,50,152,246
02/08/2022,MWH,WA,ANM,WE,Combined TRACON& Tower with Radar,17,14,15,13,59,1,103,23,7,134,18,117,38,20,193,208,106,314,507
02/09/2022,MWH,WA,ANM,WE,Combined TRACON& Tower with Radar,15,14,13,15,57,4,100,24,2,130,19,114,37,17,187,190,13,203,390
02/10/2022,MWH,WA,ANM,WE,Combined TRACON& Tower with Radar,17,15,16,36,84,0,99,23,29,151,17,114,39,65,235,253,90,343,578
02/11/2022,MWH,WA,ANM,WE,Combined TRACON& Tower with Radar,29,2,18,6,55,2,2,52,12,68,31,4,70,18,123,118,10,128,251
02/12/2022,MWH,WA,ANM,WE,Combined TRACON& Tower with Radar,8,2,13,2,25,0,1,37,0,38,8,3,50,2,63,16,0,16,79
02/13/2022,MWH,WA,ANM,WE,Combined TRACON& Tower with Radar,4,8,1,0,13,0,0,6,0,6,4,8,7,0,19,4,0,4,23
02/14/2022,MWH,WA,ANM,WE,Combined TRACON& Tower with Radar,20,27,7,21,75,2,101,10,14,127,22,128,17,35,202,308,46,354,556
02/15/2022,MWH,WA,ANM,WE,Combined TRACON& Tower with Radar,1,28,3,16,48,2,110,21,13,146,3,138,24,29,194,240,47,287,481
02/16/2022,MWH,WA,ANM,WE,Combined TRACON& Tower with Radar,20,21,15,13,69,0,96,28,40,164,20,117,43,53,233,182,80,262,495
02/17/2022,MWH,WA,ANM,WE,Combined TRACON& Tower with Radar,7,26,11,13,57,0,82,24,23,129,7,108,35,36,186,220,62,282,468
02/18/2022,MWH,WA,ANM,WE,Combined TRACON& Tower with Radar,6,4,7,7,24,0,0,33,8,41,6,4,40,15,65,62,50,112,177
02/19/2022,MWH,WA,ANM,WE,Combined TRACON& Tower with Radar,4,0,3,0,7,3,1,22,0,26,7,1,25,0,33,20,0,20,53
02/20/2022,MWH,WA,ANM,WE,Combined TRACON& Tower with Radar,0,1,3,0,4,0,0,12,0,12,0,1,15,0,16,11,0,11,27
02/21/2022,MWH,WA,ANM,WE,Combined TRACON& Tower with Radar,9,0,4,0,13,0,0,1,0,1,9,0,5,0,14,0,0,0,14
02/22/2022,MWH,WA,ANM,WE,Combined TRACON& Tower with Radar,7,6,0,6,19,0,20,9,16,45,7,26,9,22,64,50,43,93,157
02/23/2022,MWH,WA,ANM,WE,Combined TRACON& Tower with Radar,8,23,8,19,58,0,102,34,17,153,8,125,42,36,211,212,48,260,471
02/24/2022,MWH,WA,ANM,WE,Combined TRACON& Tower with Radar,0,0,7,4,11,0,2,21,12,35,0,2,28,16,46,2,46,48,94
02/25/2022,MWH,WA,ANM,WE,Combined TRACON& Tower with Radar,10,1,4,13,28,0,0,27,17,44,10,1,31,30,72,46,38,84,156
02/26/2022,MWH,WA,ANM,WE,Combined TRACON& Tower with Radar,12,0,16,0,28,0,0,26,0,26,12,0,42,0,54,20,0,20,74
02/27/2022,MWH,WA,ANM,WE,Combined TRACON& Tower with Radar,4,0,4,0,8,2,0,8,0,10,6,0,12,0,18,12,0,12,30
02/28/2022,MWH,WA,ANM,WE,Combined TRACON& Tower with Radar,4,1,5,4,14,6,0,0,0,6,10,1,5,4,20,0,1,1,21
03/01/2022,MWH,WA,ANM,WE,Combined TRACON& Tower with Radar,46,23,6,19,94,7,104,3,2,116,53,127,9,21,210,232,32,264,474
03/02/2022,MWH,WA,ANM,WE,Combined TRACON& Tower with Radar,14,13,9,30,66,0,64,19,54,137,14,77,28,84,203,312,89,401,604
03/03/2022,MWH,WA,ANM,WE,Combined TRACON& Tower with Radar,9,16,12,10,47,4,73,28,23,128,13,89,40,33,175,172,44,216,391
03/04/2022,MWH,WA,ANM,WE,Combined TRACON& Tower with Radar,18,8,23,3,52,3,3,25,5,36,21,11,48,8,88,28,6,34,122
03/05/2022,MWH,WA,ANM,WE,Combined TRACON& Tower with Radar,4,0,2,3,9,2,2,23,5,32,6,2,25,8,41,20,0,20,61
03/06/2022,MWH,WA,ANM,WE,Combined TRACON& Tower with Radar,6,4,2,3,15,5,4,13,8,30,11,8,15,11,45,4,10,14,59
03/07/2022,MWH,WA,ANM,WE,Combined TRACON& Tower with Radar,28,22,13,5,68,1,124,13,1,139,29,146,26,6,207,272,0,272,479
03/08/2022,MWH,WA,ANM,WE,Combined TRACON& Tower with Radar,43,11,9,15,78,10,68,8,27,113,53,79,17,42,191,216,36,252,443
03/09/2022,MWH,WA,ANM,WE,Combined TRACON& Tower with Radar,23,27,10,9,69,15,83,16,16,130,38,110,26,25,199,192,8,200,399
03/10/2022,MWH,WA,ANM,WE,Combined TRACON& Tower with Radar,4,21,8,10,43,1,101,29,10,141,5,122,37,20,184,254,16,270,454
03/11/2022,MWH,WA,ANM,WE,Combined TRACON& Tower with Radar,18,1,9,14,42,39,6,35,4,84,57,7,44,18,126,18,18,36,162
03/12/2022,MWH,WA,ANM,WE,Combined TRACON& Tower with Radar,11,0,6,0,17,0,5,48,0,53,11,5,54,0,70,38,0,38,108
03/13/2022,MWH,WA,ANM,WE,Combined TRACON& Tower with Radar,8,0,5,0,13,0,2,10,0,12,8,2,15,0,25,0,0,0,25
03/14/2022,MWH,WA,ANM,WE,Combined TRACON& Tower with Radar,12,13,10,13,48,0,78,4,24,106,12,91,14,37,154,232,40,272,426
03/15/2022,MWH,WA,ANM,WE,Combined TRACON& Tower with Radar,20,1,7,17,45,0,58,16,16,90,20,59,23,33,135,173,29,202,337
03/16/2022,MWH,WA,ANM,WE,Combined TRACON& Tower with Radar,24,14,15,6,59,2,94,32,6,134,26,108,47,12,193,189,14,203,396
03/17/2022,MWH,WA,ANM,WE,Combined TRACON& Tower with Radar,20,0,8,1,29,5,0,31,7,43,25,0,39,8,72,22,16,38,110
03/18/2022,MWH,WA,ANM,WE,Combined TRACON& Tower with Radar,5,0,10,34,49,1,0,19,13,33,6,0,29,47,82,19,40,59,141
03/19/2022,MWH,WA,ANM,WE,Combined TRACON& Tower with Radar,13,0,1,1,15,0,1,10,1,12,13,1,11,2,27,38,8,46,73
03/20/2022,MWH,WA,ANM,WE,Combined TRACON& Tower with Radar,0,0,9,0,9,0,0,20,0,20,0,0,29,0,29,8,0,8,37
03/21/2022,MWH,WA,ANM,WE,Combined TRACON& Tower with Radar,8,13,7,26,54,11,8,3,10,32,19,21,10,36,86,36,64,100,186
03/22/2022,MWH,WA,ANM,WE,Combined TRACON& Tower with Radar,17,14,8,23,62,23,27,19,23,92,40,41,27,46,154,92,68,160,314
03/23/2022,MWH,WA,ANM,WE,Combined TRACON& Tower with Radar,18,10,6,27,61,0,21,13,11,45,18,31,19,38,106,68,88,156,262
03/24/2022,MWH,WA,ANM,WE,Combined TRACON& Tower with Radar,47,4,2,5,58,12,19,28,4,63,59,23,30,9,121,66,30,96,217
03/25/2022,MWH,WA,ANM,WE,Combined TRACON& Tower with Radar,25,7,5,3,40,0,10,22,5,37,25,17,27,8,77,20,40,60,137
03/26/2022,MWH,WA,ANM,WE,Combined TRACON& Tower with Radar,8,0,1,4,13,0,0,27,15,42,8,0,28,19,55,38,61,99,154
03/27/2022,MWH,WA,ANM,WE,Combined TRACON& Tower with Radar,16,0,8,5,29,0,1,15,2,18,16,1,23,7,47,4,18,22,69
03/28/2022,MWH,WA,ANM,WE,Combined TRACON& Tower with Radar,11,4,9,52,76,15,5,5,36,61,26,9,14,88,137,13,68,81,218
03/29/2022,MWH,WA,ANM,WE,Combined TRACON& Tower with Radar,5,1,7,20,33,0,2,20,9,31,5,3,27,29,64,40,26,66,130
03/30/2022,MWH,WA,ANM,WE,Combined TRACON& Tower with Radar,21,0,19,3,43,21,2,12,9,44,42,2,31,12,87,5,24,29,116
03/31/2022,MWH,WA,ANM,WE,Combined TRACON& Tower with Radar,2,2,9,3,16,3,3,46,8,60,5,5,55,11,76,4,6,10,86
04/01/2022,MWH,WA,ANM,WE,Combined TRACON& Tower with Radar,33,2,4,6,45,16,8,34,29,87,49,10,38,35,132,18,63,81,213
04/02/2022,MWH,WA,ANM,WE,Combined TRACON& Tower with Radar,9,0,5,0,14,2,2,37,0,41,11,2,42,0,55,4,0,4,59
04/03/2022,MWH,WA,ANM,WE,Combined TRACON& Tower with Radar,8,0,5,0,13,0,3,17,0,20,8,3,22,0,33,4,0,4,37
04/04/2022,MWH,WA,ANM,WE,Combined TRACON& Tower with Radar,28,0,1,4,33,0,9,0,3,12,28,9,1,7,45,56,6,62,107
04/05/2022,MWH,WA,ANM,WE,Combined TRACON& Tower with Radar,10,11,3,3,27,3,32,4,19,58,13,43,7,22,85,153,44,197,282
04/06/2022,MWH,WA,ANM,WE,Combined TRACON& Tower with Radar,37,6,11,17,71,61,117,36,16,230,98,123,47,33,301,358,50,408,709
04/07/2022,MWH,WA,ANM,WE,Combined TRACON& Tower with Radar,9,6,17,10,42,2,98,29,9,138,11,104,46,19,180,298,7,305,485
04/08/2022,MWH,WA,ANM,WE,Combined TRACON& Tower with Radar,26,2,11,6,45,3,2,18,9,32,29,4,29,15,77,0,38,38,115
04/09/2022,MWH,WA,ANM,WE,Combined TRACON& Tower with Radar,12,3,5,0,20,0,2,7,0,9,12,5,12,0,29,0,0,0,29
04/10/2022,MWH,WA,ANM,WE,Combined TRACON& Tower with Radar,0,1,5,0,6,0,2,6,18,26,0,3,11,18,32,2,24,26,58
04/11/2022,MWH,WA,ANM,WE,Combined TRACON& Tower with Radar,29,0,6,9,44,0,0,0,6,6,29,0,6,15,50,0,8,8,58
04/12/2022,MWH,WA,ANM,WE,Combined TRACON& Tower with Radar,24,6,14,6,50,4,59,0,4,67,28,65,14,10,117,266,18,284,401
04/13/2022,MWH,WA,ANM,WE,Combined TRACON& Tower with Radar,7,7,9,31,54,25,33,8,10,76,32,40,17,41,130,46,51,97,227
04/14/2022,MWH,WA,ANM,WE,Combined TRACON& Tower with Radar,0,1,4,5,10,0,0,0,1,1,0,1,4,6,11,0,1,1,12
04/15/2022,MWH,WA,ANM,WE,Combined TRACON& Tower with Radar,24,0,12,22,58,4,2,19,0,25,28,2,31,22,83,44,4,48,131
04/16/2022,MWH,WA,ANM,WE,Combined TRACON& Tower with Radar,0,1,9,1,11,0,0,8,0,8,0,1,17,1,19,8,0,8,27
04/17/2022,MWH,WA,ANM,WE,Combined TRACON& Tower with Radar,4,0,4,0,8,0,0,9,0,9,4,0,13,0,17,0,0,0,17
04/18/2022,MWH,WA,ANM,WE,Combined TRACON& Tower with Radar,0,30,6,5,41,1,81,14,0,96,1,111,20,5,137,272,6,278,415
04/19/2022,MWH,WA,ANM,WE,Combined TRACON& Tower with Radar,8,16,1,12,37,0,92,20,6,118,8,108,21,18,155,212,2,214,369
04/20/2022,MWH,WA,ANM,WE,Combined TRACON& Tower with Radar,21,19,12,13,65,3,92,11,4,110,24,111,23,17,175,263,32,295,470
04/21/2022,MWH,WA,ANM,WE,Combined TRACON& Tower with Radar,39,9,10,11,69,0,26,4,31,61,39,35,14,42,130,76,60,136,266
04/22/2022,MWH,WA,ANM,WE,Combined TRACON& Tower with Radar,17,1,8,1,27,6,4,13,16,39,23,5,21,17,66,10,10,20,86
04/23/2022,MWH,WA,ANM,WE,Combined TRACON& Tower with Radar,7,1,5,0,13,1,0,27,0,28,8,1,32,0,41,2,0,2,43
04/24/2022,MWH,WA,ANM,WE,Combined TRACON& Tower with Radar,4,0,2,0,6,0,1,14,0,15,4,1,16,0,21,4,0,4,25
04/25/2022,MWH,WA,ANM,WE,Combined TRACON& Tower with Radar,26,21,15,17,79,15,97,25,19,156,41,118,40,36,235,350,20,370,605
04/26/2022,MWH,WA,ANM,WE,Combined TRACON& Tower with Radar,20,11,6,10,47,0,66,17,4,87,20,77,23,14,134,148,18,166,300
04/27/2022,MWH,WA,ANM,WE,Combined TRACON& Tower with Radar,18,12,9,6,45,11,124,13,18,166,29,136,22,24,211,314,6,320,531
04/28/2022,MWH,WA,ANM,WE,Combined TRACON& Tower with Radar,17,18,10,21,66,3,105,16,15,139,20,123,26,36,205,340,15,355,560
04/29/2022,MWH,WA,ANM,WE,Combined TRACON& Tower with Radar,17,0,7,5,29,15,6,27,7,55,32,6,34,12,84,6,2,8,92
04/30/2022,MWH,WA,ANM,WE,Combined TRACON& Tower with Radar,8,0,5,0,13,0,0,3,0,3,8,0,8,0,16,0,0,0,16
05/01/2022,MWH,WA,ANM,WE,Combined TRACON& Tower with Radar,7,2,3,0,12,0,0,4,2,6,7,2,7,2,18,0,0,0,18
05/02/2022,MWH,WA,ANM,WE,Combined TRACON& Tower with Radar,8,10,4,25,47,2,90,6,12,110,10,100,10,37,157,304,49,353,510
05/03/2022,MWH,WA,ANM,WE,Combined TRACON& Tower with Radar,28,14,1,29,72,21,91,22,20,154,49,105,23,49,226,303,46,349,575
05/04/2022,MWH,WA,ANM,WE,Combined TRACON& Tower with Radar,19,26,4,26,75,14,159,13,13,199,33,185,17,39,274,232,36,268,542
05/05/2022,MWH,WA,ANM,WE,Combined TRACON& Tower with Radar,11,7,6,8,32,18,47,3,16,84,29,54,9,24,116,202,8,210,326
05/06/2022,MWH,WA,ANM,WE,Combined TRACON& Tower with Radar,19,1,3,4,27,45,1,17,6,69,64,2,20,10,96,13,10,23,119
05/07/2022,MWH,WA,ANM,WE,Combined TRACON& Tower with Radar,4,3,5,0,12,0,2,4,0,6,4,5,9,0,18,0,0,0,18
05/08/2022,MWH,WA,ANM,WE,Combined TRACON& Tower with Radar,4,2,2,0,8,0,0,10,0,10,4,2,12,0,18,0,0,0,18
05/09/2022,MWH,WA,ANM,WE,Combined TRACON& Tower with Radar,22,24,2,7,55,52,100,10,9,171,74,124,12,16,226,331,14,345,571
05/10/2022,MWH,WA,ANM,WE,Combined TRACON& Tower with Radar,22,8,6,3,39,35,116,33,3,187,57,124,39,6,226,242,8,250,476
05/11/2022,MWH,WA,ANM,WE,Combined TRACON& Tower with Radar,17,20,8,2,47,39,93,25,8,165,56,113,33,10,212,217,19,236,448
05/12/2022,MWH,WA,ANM,WE,Combined TRACON& Tower with Radar,12,15,3,7,37,20,59,10,12,101,32,74,13,19,138,138,16,154,292
05/13/2022,MWH,WA,ANM,WE,Combined TRACON& Tower with Radar,20,0,7,13,40,17,1,8,3,29,37,1,15,16,69,2,0,2,71
05/14/2022,MWH,WA,ANM,WE,Combined TRACON& Tower with Radar,12,5,0,5,22,0,1,6,4,11,12,6,6,9,33,4,11,15,48
05/15/2022,MWH,WA,ANM,WE,Combined TRACON& Tower with Radar,10,2,4,0,16,1,0,18,0,19,11,2,22,0,35,10,0,10,45
05/16/2022,MWH,WA,ANM,WE,Combined TRACON& Tower with Radar,4,20,3,2,29,0,87,18,3,108,4,107,21,5,137,209,18,227,364
05/17/2022,MWH,WA,ANM,WE,Combined TRACON& Tower with Radar,21,19,7,15,62,0,112,28,15,155,21,131,35,30,217,319,24,343,560
05/18/2022,MWH,WA,ANM,WE,Combined TRACON& Tower with Radar,14,10,8,5,37,12,53,15,9,89,26,63,23,14,126,184,34,218,344
05/19/2022,MWH,WA,ANM,WE,Combined TRACON& Tower with Radar,19,14,12,12,57,2,31,22,3,58,21,45,34,15,115,168,13,181,296
05/20/2022,MWH,WA,ANM,WE,Combined TRACON& Tower with Radar,45,0,1,16,62,56,2,10,2,70,101,2,11,18,132,10,8,18,150
05/21/2022,MWH,WA,ANM,WE,Combined TRACON& Tower with Radar,6,0,6,0,12,0,1,25,0,26,6,1,31,0,38,46,0,46,84
05/22/2022,MWH,WA,ANM,WE,Combined TRACON& Tower with Radar,18,0,5,0,23,2,0,17,0,19,20,0,22,0,42,18,0,18,60
05/23/2022,MWH,WA,ANM,WE,Combined TRACON& Tower with Radar,17,18,6,6,47,66,72,19,1,158,83,90,25,7,205,194,12,206,411
05/24/2022,MWH,WA,ANM,WE,Combined TRACON& Tower with Radar,30,10,3,9,52,33,117,19,21,190,63,127,22,30,242,244,39,283,525
05/25/2022,MWH,WA,ANM,WE,Combined TRACON& Tower with Radar,23,22,6,6,57,35,91,17,17,160,58,113,23,23,217,249,28,277,494
05/26/2022,MWH,WA,ANM,WE,Combined TRACON& Tower with Radar,19,36,15,6,76,5,79,23,14,121,24,115,38,20,197,198,12,210,407
05/27/2022,MWH,WA,ANM,WE,Combined TRACON& Tower with Radar,10,3,9,0,22,0,3,17,0,20,10,6,26,0,42,20,0,20,62
05/28/2022,MWH,WA,ANM,WE,Combined TRACON& Tower with Radar,0,0,2,0,2,0,2,12,0,14,0,2,14,0,16,26,0,26,42
05/29/2022,MWH,WA,ANM,WE,Combined TRACON& Tower with Radar,4,3,3,0,10,0,0,2,0,2,4,3,5,0,12,0,0,0,12
05/30/2022,MWH,WA,ANM,WE,Combined TRACON& Tower with Radar,0,1,6,0,7,0,0,15,0,15,0,1,21,0,22,66,0,66,88
05/31/2022,MWH,WA,ANM,WE,Combined TRACON& Tower with Radar,10,41,10,17,78,1,63,21,24,109,11,104,31,41,187,194,78,272,459
06/01/2022,MWH,WA,ANM,WE,Combined TRACON& Tower with Radar,9,20,8,7,44,1,90,22,5,118,10,110,30,12,162,219,18,237,399
06/02/2022,MWH,WA,ANM,WE,Combined TRACON& Tower with Radar,32,32,0,6,70,19,107,9,8,143,51,139,9,14,213,188,10,198,411
06/03/2022,MWH,WA,ANM,WE,Combined TRACON& Tower with Radar,16,0,2,9,27,0,0,4,0,4,16,0,6,9,31,4,10,14,45
06/04/2022,MWH,WA,ANM,WE,Combined TRACON& Tower with Radar,16,2,17,3,38,0,4,10,0,14,16,6,27,3,52,70,0,70,122
06/05/2022,MWH,WA,ANM,WE,Combined TRACON& Tower with Radar,9,1,2,0,12,0,1,9,0,10,9,2,11,0,22,6,0,6,28
06/06/2022,MWH,WA,ANM,WE,Combined TRACON& Tower with Radar,9,37,6,2,54,0,81,23,0,104,9,118,29,2,158,156,26,182,340
06/07/2022,MWH,WA,ANM,WE,Combined TRACON& Tower with Radar,34,20,5,2,61,1,115,42,11,169,35,135,47,13,230,250,8,258,488
06/08/2022,MWH,WA,ANM,WE,Combined TRACON& Tower with Radar,6,22,6,8,42,1,69,20,17,107,7,91,26,25,149,300,32,332,481
06/09/2022,MWH,WA,ANM,WE,Combined TRACON& Tower with Radar,18,41,9,3,71,0,75,17,7,99,18,116,26,10,170,418,20,438,608
06/10/2022,MWH,WA,ANM,WE,Combined TRACON& Tower with Radar,10,0,13,2,25,0,1,15,4,20,10,1,28,6,45,4,6,10,55
06/11/2022,MWH,WA,ANM,WE,Combined TRACON& Tower with Radar,4,0,10,1,15,0,3,28,3,34,4,3,38,4,49,44,3,47,96
06/12/2022,MWH,WA,ANM,WE,Combined TRACON& Tower with Radar,2,0,5,1,8,0,0,3,1,4,2,0,8,2,12,0,0,0,12
06/13/2022,MWH,WA,ANM,WE,Combined TRACON& Tower with Radar,11,18,11,11,51,0,40,3,9,52,11,58,14,20,103,112,40,152,255
06/14/2022,MWH,WA,ANM,WE,Combined TRACON& Tower with Radar,17,25,5,6,53,0,35,1,16,52,17,60,6,22,105,78,14,92,197
06/15/2022,MWH,WA,ANM,WE,Combined TRACON& Tower with Radar,10,21,7,15,53,0,46,27,33,106,10,67,34,48,159,154,42,196,355
06/16/2022,MWH,WA,ANM,WE,Combined TRACON& Tower with Radar,9,0,18,17,44,8,60,44,26,138,17,60,62,43,182,100,38,138,320
06/17/2022,MWH,WA,ANM,WE,Combined TRACON& Tower with Radar,9,4,3,5,21,0,16,21,2,39,9,20,24,7,60,36,0,36,96
06/18/2022,MWH,WA,ANM,WE,Combined TRACON& Tower with Radar,18,1,2,1,22,4,0,29,1,34,22,1,31,2,56,6,0,6,62
06/19/2022,MWH,WA,ANM,WE,Combined TRACON& Tower with Radar,6,1,9,2,18,0,7,70,3,80,6,8,79,5,98,0,0,0,98
06/20/2022,MWH,WA,ANM,WE,Combined TRACON& Tower with Radar,27,3,8,1,39,0,7,31,3,41,27,10,39,4,80,30,0,30,110
06/21/2022,MWH,WA,ANM,WE,Combined TRACON& Tower with Radar,26,1,4,9,40,23,3,23,28,77,49,4,27,37,117,50,34,84,201
06/22/2022,MWH,WA,ANM,WE,Combined TRACON& Tower with Radar,14,0,3,3,20,4,16,22,5,47,18,16,25,8,67,62,18,80,147
06/23/2022,MWH,WA,ANM,WE,Combined TRACON& Tower with Radar,22,0,16,5,43,0,8,26,10,44,22,8,42,15,87,63,10,73,160
06/24/2022,MWH,WA,ANM,WE,Combined TRACON& Tower with Radar,25,0,4,2,31,19,5,11,5,40,44,5,15,7,71,4,16,20,91
06/25/2022,MWH,WA,ANM,WE,Combined TRACON& Tower with Radar,14,2,5,0,21,0,0,29,4,33,14,2,34,4,54,4,0,4,58
06/26/2022,MWH,WA,ANM,WE,Combined TRACON& Tower with Radar,9,0,0,0,9,0,1,28,0,29,9,1,28,0,38,0,0,0,38
06/27/2022,MWH,WA,ANM,WE,Combined TRACON& Tower with Radar,15,24,0,16,55,10,92,27,10,139,25,116,27,26,194,220,27,247,441
06/28/2022,MWH,WA,ANM,WE,Combined TRACON& Tower with Radar,27,36,0,14,77,0,32,11,13,56,27,68,11,27,133,174,8,182,315
06/29/2022,MWH,WA,ANM,WE,Combined TRACON& Tower with Radar,8,38,11,14,71,4,105,18,25,152,12,143,29,39,223,189,88,277,500
06/30/2022,MWH,WA,ANM,WE,Combined TRACON& Tower with Radar,18,40,3,2,63,10,107,28,0,145,28,147,31,2,208,284,0,284,492
07/01/2022,MWH,WA,ANM,WE,Combined TRACON& Tower with Radar,12,16,10,0,38,17,91,41,0,149,29,107,51,0,187,238,0,238,425
07/02/2022,MWH,WA,ANM,WE,Combined TRACON& Tower with Radar,5,0,1,0,6,0,2,15,0,17,5,2,16,0,23,6,1,7,30
07/03/2022,MWH,WA,ANM,WE,Combined TRACON& Tower with Radar,0,0,3,0,3,0,0,2,0,2,0,0,5,0,5,0,0,0,5
07/04/2022,MWH,WA,ANM,WE,Combined TRACON& Tower with Radar,1,1,2,0,4,0,0,14,0,14,1,1,16,0,18,6,0,6,24
07/05/2022,MWH,WA,ANM,WE,Combined TRACON& Tower with Radar,26,38,8,3,75,1,58,22,0,81,27,96,30,3,156,252,0,252,408
07/06/2022,MWH,WA,ANM,WE,Combined TRACON& Tower with Radar,5,28,9,15,57,12,59,21,27,119,17,87,30,42,176,236,26,262,438
07/07/2022,MWH,WA,ANM,WE,Combined TRACON& Tower with Radar,11,24,4,14,53,0,47,27,20,94,11,71,31,34,147,144,25,169,316
07/08/2022,MWH,WA,ANM,WE,Combined TRACON& Tower with Radar,22,36,10,16,84,2,59,18,10,89,24,95,28,26,173,220,18,238,411
07/09/2022,MWH,WA,ANM,WE,Combined TRACON& Tower with Radar,14,0,6,3,23,1,0,5,6,12,15,0,11,9,35,0,12,12,47
07/10/2022,MWH,WA,ANM,WE,Combined TRACON& Tower with Radar,4,0,4,0,8,0,1,13,1,15,4,1,17,1,23,3,0,3,26
07/11/2022,MWH,WA,ANM,WE,Combined TRACON& Tower with Radar,12,44,4,10,70,18,80,12,10,120,30,124,16,20,190,122,6,128,318
07/12/2022,MWH,WA,ANM,WE,Combined TRACON& Tower with Radar,11,16,7,11,45,21,70,11,29,131,32,86,18,40,176,208,24,232,408
07/13/2022,MWH,WA,ANM,WE,Combined TRACON& Tower with Radar,8,30,16,11,65,4,58,26,15,103,12,88,42,26,168,283,44,327,495
07/14/2022,MWH,WA,ANM,WE,Combined TRACON& Tower with Radar,4,28,11,24,67,0,70,37,24,131,4,98,48,48,198,308,69,377,575
07/15/2022,MWH,WA,ANM,WE,Combined TRACON& Tower with Radar,16,44,13,6,79,3,72,38,21,134,19,116,51,27,213,212,34,246,459
07/16/2022,MWH,WA,ANM,WE,Combined TRACON& Tower with Radar,14,0,8,0,22,0,0,22,0,22,14,0,30,0,44,8,0,8,52
07/17/2022,MWH,WA,ANM,WE,Combined TRACON& Tower with Radar,10,0,7,0,17,0,1,23,0,24,10,1,30,0,41,8,0,8,49
07/18/2022,MWH,WA,ANM,WE,Combined TRACON& Tower with Radar,11,34,6,6,57,4,68,15,22,109,15,102,21,28,166,190,18,208,374
07/19/2022,MWH,WA,ANM,WE,Combined TRACON& Tower with Radar,14,49,2,10,75,13,86,14,9,122,27,135,16,19,197,270,2,272,469
07/20/2022,MWH,WA,ANM,WE,Combined TRACON& Tower with Radar,29,54,9,13,105,0,85,25,25,135,29,139,34,38,240,290,30,320,560
07/21/2022,MWH,WA,ANM,WE,Combined TRACON& Tower with Radar,28,39,9,3,79,1,54,27,9,91,29,93,36,12,170,192,24,216,386
07/22/2022,MWH,WA,ANM,WE,Combined TRACON& Tower with Radar,14,50,14,1,79,5,68,26,12,111,19,118,40,13,190,340,30,370,560
07/23/2022,MWH,WA,ANM,WE,Combined TRACON& Tower with Radar,10,2,5,5,22,4,4,10,17,35,14,6,15,22,57,4,44,48,105
07/24/2022,MWH,WA,ANM,WE,Combined TRACON& Tower with Radar,12,0,2,3,17,0,0,10,8,18,12,0,12,11,35,2,10,12,47
07/25/2022,MWH,WA,ANM,WE,Combined TRACON& Tower with Radar,19,40,8,4,71,2,75,12,20,109,21,115,20,24,180,274,14,288,468
07/26/2022,MWH,WA,ANM,WE,Combined TRACON& Tower with Radar,19,46,4,4,73,3,64,12,9,88,22,110,16,13,161,194,10,204,365
07/27/2022,MWH,WA,ANM,WE,Combined TRACON& Tower with Radar,21,31,6,12,70,0,55,31,14,100,21,86,37,26,170,250,14,264,434
07/28/2022,MWH,WA,ANM,WE,Combined TRACON& Tower with Radar,24,34,5,7,70,6,52,19,24,101,30,86,24,31,171,408,10,418,589
07/29/2022,MWH,WA,ANM,WE,Combined TRACON& Tower with Radar,12,29,3,8,52,2,63,18,22,105,14,92,21,30,157,274,34,308,465
07/30/2022,MWH,WA,ANM,WE,Combined TRACON& Tower with Radar,4,1,3,0,8,0,2,5,0,7,4,3,8,0,15,2,0,2,17
07/31/2022,MWH,WA,ANM,WE,Combined TRACON& Tower with Radar,8,0,5,2,15,2,0,10,0,12,10,0,15,2,27,16,0,16,43
08/01/2022,MWH,WA,ANM,WE,Combined TRACON& Tower with Radar,17,30,7,3,57,34,59,17,19,129,51,89,24,22,186,424,2,426,612
08/02/2022,MWH,WA,ANM,WE,Combined TRACON& Tower with Radar,6,28,4,21,59,19,54,25,18,116,25,82,29,39,175,286,56,342,517
08/03/2022,MWH,WA,ANM,WE,Combined TRACON& Tower with Radar,6,25,6,8,45,86,59,10,19,174,92,84,16,27,219,166,20,186,405
08/04/2022,MWH,WA,ANM,WE,Combined TRACON& Tower with Radar,6,12,3,1,22,64,44,7,7,122,70,56,10,8,144,148,28,176,320
08/05/2022,MWH,WA,ANM,WE,Combined TRACON& Tower with Radar,24,6,3,2,35,41,14,15,17,87,65,20,18,19,122,92,31,123,245
08/06/2022,MWH,WA,ANM,WE,Combined TRACON& Tower with Radar,3,0,11,1,15,0,2,18,3,23,3,2,29,4,38,8,4,12,50
08/07/2022,MWH,WA,ANM,WE,Combined TRACON& Tower with Radar,4,0,0,0,4,4,0,21,0,25,8,0,21,0,29,12,0,12,41
08/08/2022,MWH,WA,ANM,WE,Combined TRACON& Tower with Radar,10,1,9,9,29,6,5,40,24,75,16,6,49,33,104,10,8,18,122
08/09/2022,MWH,WA,ANM,WE,Combined TRACON& Tower with Radar,8,2,7,8,25,3,17,32,5,57,11,19,39,13,82,46,0,46,128
08/10/2022,MWH,WA,ANM,WE,Combined TRACON& Tower with Radar,2,0,8,12,22,54,40,41,11,146,56,40,49,23,168,50,20,70,238
08/11/2022,MWH,WA,ANM,WE,Combined TRACON& Tower with Radar,9,2,11,18,40,7,6,47,9,69,16,8,58,27,109,42,28,70,179
08/12/2022,MWH,WA,ANM,WE,Combined TRACON& Tower with Radar,18,0,7,17,42,28,4,32,10,74,46,4,39,27,116,28,12,40,156
08/13/2022,MWH,WA,ANM,WE,Combined TRACON& Tower with Radar,8,0,2,0,10,0,20,21,0,41,8,20,23,0,51,0,0,0,51
08/14/2022,MWH,WA,ANM,WE,Combined TRACON& Tower with Radar,4,0,0,5,9,1,2,6,7,16,5,2,6,12,25,0,26,26,51
08/15/2022,MWH,WA,ANM,WE,Combined TRACON& Tower with Radar,5,0,6,9,20,5,13,8,30,56,10,13,14,39,76,16,44,60,136
08/16/2022,MWH,WA,ANM,WE,Combined TRACON& Tower with Radar,20,0,3,7,30,5,1,21,17,44,25,1,24,24,74,18,40,58,132
08/17/2022,MWH,WA,ANM,WE,Combined TRACON& Tower with Radar,14,1,9,8,32,7,22,37,40,106,21,23,46,48,138,54,48,102,240
08/18/2022,MWH,WA,ANM,WE,Combined TRACON& Tower with Radar,19,0,11,16,46,15,14,17,21,67,34,14,28,37,113,6,22,28,141
08/19/2022,MWH,WA,ANM,WE,Combined TRACON& Tower with Radar,8,1,14,11,34,24,10,29,19,82,32,11,43,30,116,28,22,50,166
08/20/2022,MWH,WA,ANM,WE,Combined TRACON& Tower with Radar,8,0,10,4,22,2,7,22,0,31,10,7,32,4,53,44,0,44,97
08/21/2022,MWH,WA,ANM,WE,Combined TRACON& Tower with Radar,0,2,8,0,10,0,0,19,0,19,0,2,27,0,29,0,0,0,29
08/22/2022,MWH,WA,ANM,WE,Combined TRACON& Tower with Radar,14,1,11,6,32,8,1,19,5,33,22,2,30,11,65,32,30,62,127
08/23/2022,MWH,WA,ANM,WE,Combined TRACON& Tower with Radar,4,0,7,10,21,7,10,14,15,46,11,10,21,25,67,10,47,57,124
08/24/2022,MWH,WA,ANM,WE,Combined TRACON& Tower with Radar,16,0,3,23,42,14,7,26,24,71,30,7,29,47,113,80,42,122,235
08/25/2022,MWH,WA,ANM,WE,Combined TRACON& Tower with Radar,22,1,6,16,45,21,10,30,12,73,43,11,36,28,118,104,63,167,285
08/26/2022,MWH,WA,ANM,WE,Combined TRACON& Tower with Radar,17,0,5,17,39,14,22,18,24,78,31,22,23,41,117,18,61,79,196
08/27/2022,MWH,WA,ANM,WE,Combined TRACON& Tower with Radar,4,0,5,1,10,1,5,4,3,13,5,5,9,4,23,4,0,4,27
08/28/2022,MWH,WA,ANM,WE,Combined TRACON& Tower with Radar,0,0,3,0,3,1,1,13,0,15,1,1,16,0,18,4,0,4,22
08/29/2022,MWH,WA,ANM,WE,Combined TRACON& Tower with Radar,11,1,4,16,32,0,0,16,10,26,11,1,20,26,58,30,20,50,108
08/30/2022,MWH,WA,ANM,WE,Combined TRACON& Tower with Radar,31,0,6,14,51,5,6,26,8,45,36,6,32,22,96,10,52,62,158
08/31/2022,MWH,WA,ANM,WE,Combined TRACON& Tower with Radar,15,0,7,7,29,6,0,16,24,46,21,0,23,31,75,46,50,96,171
09/01/2022,MWH,WA,ANM,WE,Combined TRACON& Tower with Radar,14,2,13,3,32,9,2,39,16,66,23,4,52,19,98,0,16,16,114
09/02/2022,MWH,WA,ANM,WE,Combined TRACON& Tower with Radar,12,4,7,0,23,7,0,12,5,24,19,4,19,5,47,2,0,2,49
09/03/2022,MWH,WA,ANM,WE,Combined TRACON& Tower with Radar,12,2,2,0,16,0,25,14,3,42,12,27,16,3,58,12,0,12,70
09/04/2022,MWH,WA,ANM,WE,Combined TRACON& Tower with Radar,14,3,1,1,19,31,14,14,7,66,45,17,15,8,85,2,16,18,103
09/05/2022,MWH,WA,ANM,WE,Combined TRACON& Tower with Radar,0,2,4,0,6,3,8,17,0,28,3,10,21,0,34,2,0,2,36
09/06/2022,MWH,WA,ANM,WE,Combined TRACON& Tower with Radar,9,0,4,6,19,16,12,22,15,65,25,12,26,21,84,12,24,36,120
09/07/2022,MWH,WA,ANM,WE,Combined TRACON& Tower with Radar,25,3,6,34,68,4,17,7,14,42,29,20,13,48,110,2,38,40,150
09/08/2022,MWH,WA,ANM,WE,Combined TRACON& Tower with Radar,16,2,13,22,53,10,27,40,28,105,26,29,53,50,158,14,55,69,227
09/09/2022,MWH,WA,ANM,WE,Combined TRACON& Tower with Radar,20,5,17,16,58,0,15,19,11,45,20,20,36,27,103,86,40,126,229
09/10/2022,MWH,WA,ANM,WE,Combined TRACON& Tower with Radar,2,0,8,1,11,10,12,37,13,72,12,12,45,14,83,28,0,28,111
09/11/2022,MWH,WA,ANM,WE,Combined TRACON& Tower with Radar,24,0,3,4,31,14,5,8,16,43,38,5,11,20,74,0,0,0,74
09/12/2022,MWH,WA,ANM,WE,Combined TRACON& Tower with Radar,24,3,2,7,36,2,0,0,18,20,26,3,2,25,56,2,56,58,114
09/13/2022,MWH,WA,ANM,WE,Combined TRACON& Tower with Radar,7,0,7,9,23,2,27,4,10,43,9,27,11,19,66,132,24,156,222
09/14/2022,MWH,WA,ANM,WE,Combined TRACON& Tower with Radar,13,3,6,18,40,0,29,10,24,63,13,32,16,42,103,68,94,162,265
09/15/2022,MWH,WA,ANM,WE,Combined TRACON& Tower with Radar,19,6,4,8,37,1,56,18,18,93,20,62,22,26,130,142,50,192,322
09/16/2022,MWH,WA,ANM,WE,Combined TRACON& Tower with Radar,7,1,6,8,22,21,2,17,11,51,28,3,23,19,73,38,18,56,129
09/17/2022,MWH,WA,ANM,WE,Combined TRACON& Tower with Radar,18,2,9,0,29,2,0,29,0,31,20,2,38,0,60,22,0,22,82
09/18/2022,MWH,WA,ANM,WE,Combined TRACON& Tower with Radar,8,0,3,0,11,0,2,29,0,31,8,2,32,0,42,32,0,32,74
09/19/2022,MWH,WA,ANM,WE,Combined TRACON& Tower with Radar,16,2,7,13,38,0,71,29,23,123,16,73,36,36,161,226,34,260,421
09/20/2022,MWH,WA,ANM,WE,Combined TRACON& Tower with Radar,15,14,9,4,42,5,69,4,14,92,20,83,13,18,134,174,36,210,344
09/21/2022,MWH,WA,ANM,WE,Combined TRACON& Tower with Radar,28,24,12,6,70,16,81,14,9,120,44,105,26,15,190,252,24,276,466
09/22/2022,MWH,WA,ANM,WE,Combined TRACON& Tower with Radar,11,0,10,9,30,3,78,8,22,111,14,78,18,31,141,294,20,314,455
09/23/2022,MWH,WA,ANM,WE,Combined TRACON& Tower with Radar,15,1,5,5,26,10,17,23,12,62,25,18,28,17,88,22,2,24,112
09/24/2022,MWH,WA,ANM,WE,Combined TRACON& Tower with Radar,7,0,2,0,9,0,1,36,0,37,7,1,38,0,46,30,6,36,82
09/25/2022,MWH,WA,ANM,WE,Combined TRACON& Tower with Radar,8,0,4,0,12,0,0,8,0,8,8,0,12,0,20,0,0,0,20
09/26/2022,MWH,WA,ANM,WE,Combined TRACON& Tower with Radar,15,2,4,8,29,0,94,35,12,141,15,96,39,20,170,276,22,298,468
09/27/2022,MWH,WA,ANM,WE,Combined TRACON& Tower with Radar,15,5,6,9,35,17,81,22,24,144,32,86,28,33,179,383,17,400,579
09/28/2022,MWH,WA,ANM,WE,Combined TRACON& Tower with Radar,21,14,15,20,70,13,82,22,20,137,34,96,37,40,207,336,50,386,593
09/29/2022,MWH,WA,ANM,WE,Combined TRACON& Tower with Radar,10,5,12,17,44,0,91,28,33,152,10,96,40,50,196,422,42,464,660
09/30/2022,MWH,WA,ANM,WE,Combined TRACON& Tower with Radar,25,4,9,2,40,2,6,13,1,22,27,10,22,3,62,0,22,22,84
10/01/2022,MWH,WA,ANM,WE,Combined TRACON& Tower with Radar,16,0,4,0,20,0,0,15,0,15,16,0,19,0,35,6,0,6,41
10/02/2022,MWH,WA,ANM,WE,Combined TRACON& Tower with Radar,8,0,0,0,8,0,1,11,0,12,8,1,11,0,20,0,0,0,20
10/03/2022,MWH,WA,ANM,WE,Combined TRACON& Tower with Radar,14,2,6,9,31,13,98,22,24,157,27,100,28,33,188,370,50,420,608
10/04/2022,MWH,WA,ANM,WE,Combined TRACON& Tower with Radar,16,6,4,17,43,0,91,22,19,132,16,97,26,36,175,329,52,381,556
10/05/2022,MWH,WA,ANM,WE,Combined TRACON& Tower with Radar,8,7,4,6,25,0,83,6,20,109,8,90,10,26,134,566,52,618,752
10/06/2022,MWH,WA,ANM,WE,Combined TRACON& Tower with Radar,9,0,10,4,23,14,64,18,10,106,23,64,28,14,129,390,0,390,519
10/07/2022,MWH,WA,ANM,WE,Combined TRACON& Tower with Radar,29,2,8,11,50,11,4,49,17,81,40,6,57,28,131,30,16,46,177
10/08/2022,MWH,WA,ANM,WE,Combined TRACON& Tower with Radar,6,0,12,2,20,0,3,21,0,24,6,3,33,2,44,0,0,0,44
10/09/2022,MWH,WA,ANM,WE,Combined TRACON& Tower with Radar,4,0,3,0,7,0,0,19,0,19,4,0,22,0,26,0,0,0,26
10/10/2022,MWH,WA,ANM,WE,Combined TRACON& Tower with Radar,22,4,5,1,32,0,72,10,2,84,22,76,15,3,116,456,0,456,572
10/11/2022,MWH,WA,ANM,WE,Combined TRACON& Tower with Radar,25,24,4,18,71,6,78,25,7,116,31,102,29,25,187,376,22,398,585
10/12/2022,MWH,WA,ANM,WE,Combined TRACON& Tower with Radar,34,0,2,21,57,0,79,27,20,126,34,79,29,41,183,322,24,346,529
10/13/2022,MWH,WA,ANM,WE,Combined TRACON& Tower with Radar,17,19,6,11,53,2,51,37,10,100,19,70,43,21,153,282,34,316,469
10/14/2022,MWH,WA,ANM,WE,Combined TRACON& Tower with Radar,27,2,1,16,46,0,2,15,11,28,27,4,16,27,74,4,32,36,110
10/15/2022,MWH,WA,ANM,WE,Combined TRACON& Tower with Radar,11,0,8,0,19,1,3,45,0,49,12,3,53,0,68,4,0,4,72
10/16/2022,MWH,WA,ANM,WE,Combined TRACON& Tower with Radar,12,0,8,0,20,0,0,18,7,25,12,0,26,7,45,2,0,2,47
10/17/2022,MWH,WA,ANM,WE,Combined TRACON& Tower with Radar,16,8,4,8,36,7,71,12,5,95,23,79,16,13,131,362,2,364,495
10/18/2022,MWH,WA,ANM,WE,Combined TRACON& Tower with Radar,29,12,7,8,56,10,70,10,7,97,39,82,17,15,153,444,10,454,607
10/19/2022,MWH,WA,ANM,WE,Combined TRACON& Tower with Radar,6,0,13,6,25,8,67,9,6,90,14,67,22,12,115,660,0,660,775
10/20/2022,MWH,WA,ANM,WE,Combined TRACON& Tower with Radar,18,10,13,10,51,13,46,21,4,84,31,56,34,14,135,526,0,526,661
10/21/2022,MWH,WA,ANM,WE,Combined TRACON& Tower with Radar,19,3,5,13,40,0,0,1,3,4,19,3,6,16,44,38,25,63,107
10/22/2022,MWH,WA,ANM,WE,Combined TRACON& Tower with Radar,23,0,4,0,27,3,2,14,0,19,26,2,18,0,46,8,0,8,54
10/23/2022,MWH,WA,ANM,WE,Combined TRACON& Tower with Radar,10,0,5,0,15,0,3,28,0,31,10,3,33,0,46,26,0,26,72
10/24/2022,MWH,WA,ANM,WE,Combined TRACON& Tower with Radar,11,10,6,12,39,5,49,2,24,80,16,59,8,36,119,462,84,546,665
10/25/2022,MWH,WA,ANM,WE,Combined TRACON& Tower with Radar,13,11,5,10,39,5,67,9,24,105,18,78,14,34,144,386,44,430,574
10/26/2022,MWH,WA,ANM,WE,Combined TRACON& Tower with Radar,20,9,1,28,58,8,85,40,20,153,28,94,41,48,211,493,77,570,781
10/27/2022,MWH,WA,ANM,WE,Combined TRACON& Tower with Radar,13,6,6,3,28,8,75,14,13,110,21,81,20,16,138,416,46,462,600
10/28/2022,MWH,WA,ANM,WE,Combined TRACON& Tower with Radar,5,0,10,4,19,4,0,18,5,27,9,0,28,9,46,32,8,40,86
10/29/2022,MWH,WA,ANM,WE,Combined TRACON& Tower with Radar,13,0,13,0,26,4,0,13,0,17,17,0,26,0,43,44,0,44,87
10/30/2022,MWH,WA,ANM,WE,Combined TRACON& Tower with Radar,8,0,1,0,9,0,0,7,0,7,8,0,8,0,16,26,0,26,42
10/31/2022,MWH,WA,ANM,WE,Combined TRACON& Tower with Radar,3,13,7,2,25,9,50,8,11,78,12,63,15,13,103,482,32,514,617
11/01/2022,MWH,WA,ANM,WE,Combined TRACON& Tower with Radar,23,15,9,16,63,1,70,24,14,109,24,85,33,30,172,472,34,506,678
11/02/2022,MWH,WA,ANM,WE,Combined TRACON& Tower with Radar,12,19,9,16,56,0,72,15,4,91,12,91,24,20,147,594,1,595,742
11/03/2022,MWH,WA,ANM,WE,Combined TRACON& Tower with Radar,30,10,1,27,68,10,53,6,25,94,40,63,7,52,162,456,56,512,674
11/04/2022,MWH,WA,ANM,WE,Combined TRACON& Tower with Radar,11,2,2,3,18,0,0,7,0,7,11,2,9,3,25,6,0,6,31
11/05/2022,MWH,WA,ANM,WE,Combined TRACON& Tower with Radar,10,0,14,0,24,1,1,21,0,23,11,1,35,0,47,0,0,0,47
11/06/2022,MWH,WA,ANM,WE,Combined TRACON& Tower with Radar,7,5,5,0,17,0,0,0,0,0,7,5,5,0,17,0,0,0,17
11/07/2022,MWH,WA,ANM,WE,Combined TRACON& Tower with Radar,16,19,11,7,53,7,57,4,25,93,23,76,15,32,146,416,46,462,608
11/08/2022,MWH,WA,ANM,WE,Combined TRACON& Tower with Radar,17,7,9,34,67,10,52,6,8,76,27,59,15,42,143,256,42,298,441
11/09/2022,MWH,WA,ANM,WE,Combined TRACON& Tower with Radar,29,10,11,18,68,10,101,33,18,162,39,111,44,36,230,513,30,543,773
11/10/2022,MWH,WA,ANM,WE,Combined TRACON& Tower with Radar,29,18,6,25,78,13,83,33,1,130,42,101,39,26,208,283,8,291,499
11/11/2022,MWH,WA,ANM,WE,Combined TRACON& Tower with Radar,21,0,10,0,31,0,0,4,0,4,21,0,14,0,35,0,0,0,35
11/12/2022,MWH,WA,ANM,WE,Combined TRACON& Tower with Radar,7,1,2,0,10,0,0,9,0,9,7,1,11,0,19,0,0,0,19
11/13/2022,MWH,WA,ANM,WE,Combined TRACON& Tower with Radar,24,0,8,2,34,4,1,9,0,14,28,1,17,2,48,2,0,2,50
11/14/2022,MWH,WA,ANM,WE,Combined TRACON& Tower with Radar,20,9,20,16,65,0,63,3,17,83,20,72,23,33,148,428,48,476,624
11/15/2022,MWH,WA,ANM,WE,Combined TRACON& Tower with Radar,38,3,6,13,60,2,0,0,0,2,40,3,6,13,62,0,0,0,62
11/16/2022,MWH,WA,ANM,WE,Combined TRACON& Tower with Radar,19,4,14,3,40,0,10,2,0,12,19,14,16,3,52,328,2,330,382
11/17/2022,MWH,WA,ANM,WE,Combined TRACON& Tower with Radar,8,14,2,1,25,1,61,36,9,107,9,75,38,10,132,360,14,374,506
11/18/2022,MWH,WA,ANM,WE,Combined TRACON& Tower with Radar,32,2,9,19,62,10,6,23,3,42,42,8,32,22,104,26,40,66,170
11/19/2022,MWH,WA,ANM,WE,Combined TRACON& Tower with Radar,18,2,6,0,26,0,0,21,0,21,18,2,27,0,47,70,0,70,117
11/20/2022,MWH,WA,ANM,WE,Combined TRACON& Tower with Radar,8,3,1,0,12,0,0,26,0,26,8,3,27,0,38,2,0,2,40
11/21/2022,MWH,WA,ANM,WE,Combined TRACON& Tower with Radar,17,15,9,20,61,0,61,22,10,93,17,76,31,30,154,404,2,406,560
11/22/2022,MWH,WA,ANM,WE,Combined TRACON& Tower with Radar,6,0,4,0,10,0,0,0,0,0,6,0,4,0,10,0,0,0,10
11/23/2022,MWH,WA,ANM,WE,Combined TRACON& Tower with Radar,21,5,9,4,39,1,0,7,0,8,22,5,16,4,47,24,0,24,71
11/24/2022,MWH,WA,ANM,WE,Combined TRACON& Tower with Radar,4,1,1,0,6,0,0,5,0,5,4,1,6,0,11,0,0,0,11
11/25/2022,MWH,WA,ANM,WE,Combined TRACON& Tower with Radar,0,0,1,0,1,0,0,0,0,0,0,0,1,0,1,0,0,0,1
11/26/2022,MWH,WA,ANM,WE,Combined TRACON& Tower with Radar,6,0,1,0,7,0,0,0,0,0,6,0,1,0,7,0,0,0,7
11/27/2022,MWH,WA,ANM,WE,Combined TRACON& Tower with Radar,8,2,7,0,17,0,0,6,0,6,8,2,13,0,23,0,0,0,23
11/28/2022,MWH,WA,ANM,WE,Combined TRACON& Tower with Radar,12,7,6,12,37,0,48,0,13,61,12,55,6,25,98,291,30,321,419
11/29/2022,MWH,WA,ANM,WE,Combined TRACON& Tower with Radar,3,3,7,17,30,1,30,0,0,31,4,33,7,17,61,158,0,158,219
11/30/2022,MWH,WA,ANM,WE,Combined TRACON& Tower with Radar,12,3,3,0,18,0,0,0,0,0,12,3,3,0,18,0,0,0,18
12/01/2022,MWH,WA,ANM,WE,Combined TRACON& Tower with Radar,23,0,4,0,27,2,2,14,0,18,25,2,18,0,45,8,0,8,53
12/02/2022,MWH,WA,ANM,WE,Combined TRACON& Tower with Radar,7,2,11,6,26,0,0,2,0,2,7,2,13,6,28,0,8,8,36
12/03/2022,MWH,WA,ANM,WE,Combined TRACON& Tower with Radar,8,0,2,0,10,0,1,19,0,20,8,1,21,0,30,2,0,2,32
12/04/2022,MWH,WA,ANM,WE,Combined TRACON& Tower with Radar,19,0,4,0,23,0,0,1,0,1,19,0,5,0,24,32,0,32,56
12/05/2022,MWH,WA,ANM,WE,Combined TRACON& Tower with Radar,15,5,5,0,25,0,3,5,0,8,15,8,10,0,33,56,0,56,89
12/06/2022,MWH,WA,ANM,WE,Combined TRACON& Tower with Radar,16,2,5,0,23,0,0,0,0,0,16,2,5,0,23,0,0,0,23
12/07/2022,MWH,WA,ANM,WE,Combined TRACON& Tower with Radar,15,8,11,5,39,0,0,3,0,3,15,8,14,5,42,10,0,10,52
12/08/2022,MWH,WA,ANM,WE,Combined TRACON& Tower with Radar,6,0,2,3,11,0,0,0,0,0,6,0,2,3,11,0,0,0,11
12/09/2022,MWH,WA,ANM,WE,Combined TRACON& Tower with Radar,6,5,2,1,14,0,0,0,0,0,6,5,2,1,14,0,0,0,14
12/10/2022,MWH,WA,ANM,WE,Combined TRACON& Tower with Radar,0,1,3,0,4,0,0,0,0,0,0,1,3,0,4,0,0,0,4
12/11/2022,MWH,WA,ANM,WE,Combined TRACON& Tower with Radar,6,7,2,0,15,0,0,3,0,3,6,7,5,0,18,0,0,0,18
12/12/2022,MWH,WA,ANM,WE,Combined TRACON& Tower with Radar,30,1,6,11,48,0,2,12,2,16,30,3,18,13,64,26,18,44,108
12/13/2022,MWH,WA,ANM,WE,Combined TRACON& Tower with Radar,31,4,4,8,47,0,1,7,17,25,31,5,11,25,72,18,10,28,100
12/14/2022,MWH,WA,ANM,WE,Combined TRACON& Tower with Radar,25,3,3,8,39,0,0,2,1,3,25,3,5,9,42,0,0,0,42
12/15/2022,MWH,WA,ANM,WE,Combined TRACON& Tower with Radar,11,2,4,2,19,0,0,0,0,0,11,2,4,2,19,0,0,0,19
12/16/2022,MWH,WA,ANM,WE,Combined TRACON& Tower with Radar,9,2,2,3,16,0,0,0,0,0,9,2,2,3,16,0,0,0,16
12/17/2022,MWH,WA,ANM,WE,Combined TRACON& Tower with Radar,13,2,2,0,17,0,0,0,0,0,13,2,2,0,17,0,0,0,17
12/18/2022,MWH,WA,ANM,WE,Combined TRACON& Tower with Radar,6,2,13,0,21,0,0,0,0,0,6,2,13,0,21,0,0,0,21
12/19/2022,MWH,WA,ANM,WE,Combined TRACON& Tower with Radar,10,0,2,4,16,0,0,2,4,6,10,0,4,8,22,0,4,4,26
12/20/2022,MWH,WA,ANM,WE,Combined TRACON& Tower with Radar,4,2,0,3,9,0,0,0,0,0,4,2,0,3,9,0,0,0,9
12/21/2022,MWH,WA,ANM,WE,Combined TRACON& Tower with Radar,20,0,5,9,34,2,0,4,8,14,22,0,9,17,48,2,8,10,58
12/22/2022,MWH,WA,ANM,WE,Combined TRACON& Tower with Radar,18,1,2,8,29,0,0,1,19,20,18,1,3,27,49,54,12,66,115
12/23/2022,MWH,WA,ANM,WE,Combined TRACON& Tower with Radar,2,2,0,0,4,0,0,0,0,0,2,2,0,0,4,0,0,0,4
12/24/2022,MWH,WA,ANM,WE,Combined TRACON& Tower with Radar,4,2,0,0,6,0,0,0,0,0,4,2,0,0,6,0,0,0,6
12/25/2022,MWH,WA,ANM,WE,Combined TRACON& Tower with Radar,0,0,0,0,0,0,0,0,0,0,0,0,0,0,0,0,0,0,0
12/26/2022,MWH,WA,ANM,WE,Combined TRACON& Tower with Radar,8,2,2,0,12,0,0,0,0,0,8,2,2,0,12,0,0,0,12
12/27/2022,MWH,WA,ANM,WE,Combined TRACON& Tower with Radar,20,1,4,2,27,0,0,4,0,4,20,1,8,2,31,0,0,0,31
12/28/2022,MWH,WA,ANM,WE,Combined TRACON& Tower with Radar,4,3,3,6,16,0,1,14,21,36,4,4,17,27,52,0,20,20,72
12/29/2022,MWH,WA,ANM,WE,Combined TRACON& Tower with Radar,5,0,12,10,27,0,0,2,3,5,5,0,14,13,32,40,32,72,104
12/30/2022,MWH,WA,ANM,WE,Combined TRACON& Tower with Radar,4,3,2,0,9,0,0,1,0,1,4,3,3,0,10,0,0,0,10
12/31/2022,MWH,WA,ANM,WE,Combined TRACON& Tower with Radar,0,1,1,0,2,0,0,0,0,0,0,1,1,0,2,0,0,0,2
01/01/2023,MWH,WA,ANM,WE,Combined TRACON& Tower with Radar,0,7,0,0,7,0,0,0,0,0,0,7,0,0,7,0,0,0,7
01/02/2023,MWH,WA,ANM,WE,Combined TRACON& Tower with Radar,4,2,3,0,9,0,0,1,0,1,4,2,4,0,10,0,0,0,10
01/03/2023,MWH,WA,ANM,WE,Combined TRACON& Tower with Radar,2,0,7,2,11,0,0,0,0,0,2,0,7,2,11,0,0,0,11
01/04/2023,MWH,WA,ANM,WE,Combined TRACON& Tower with Radar,9,0,3,12,24,0,45,3,30,78,9,45,6,42,102,302,46,348,450
01/05/2023,MWH,WA,ANM,WE,Combined TRACON& Tower with Radar,17,0,7,1,25,0,70,13,3,86,17,70,20,4,111,431,4,435,546
01/06/2023,MWH,WA,ANM,WE,Combined TRACON& Tower with Radar,7,1,13,6,27,0,0,15,1,16,7,1,28,7,43,2,6,8,51
01/07/2023,MWH,WA,ANM,WE,Combined TRACON& Tower with Radar,1,1,6,0,8,0,1,3,0,4,1,2,9,0,12,4,0,4,16
01/08/2023,MWH,WA,ANM,WE,Combined TRACON& Tower with Radar,0,2,7,0,9,0,0,3,0,3,0,2,10,0,12,18,0,18,30
01/09/2023,MWH,WA,ANM,WE,Combined TRACON& Tower with Radar,5,4,9,0,18,0,34,3,3,40,5,38,12,3,58,222,6,228,286
01/10/2023,MWH,WA,ANM,WE,Combined TRACON& Tower with Radar,27,1,6,7,41,3,72,13,10,98,30,73,19,17,139,451,14,465,604
01/11/2023,MWH,WA,ANM,WE,Combined TRACON& Tower with Radar,22,5,7,14,48,0,16,0,7,23,22,21,7,21,71,8,24,32,103
01/12/2023,MWH,WA,ANM,WE,Combined TRACON& Tower with Radar,7,6,4,21,38,0,1,0,1,2,7,7,4,22,40,70,0,70,110
01/13/2023,MWH,WA,ANM,WE,Combined TRACON& Tower with Radar,28,6,11,20,65,1,0,1,0,2,29,6,12,20,67,10,0,10,77
01/14/2023,MWH,WA,ANM,WE,Combined TRACON& Tower with Radar,16,2,6,0,24,0,5,7,0,12,16,7,13,0,36,20,0,20,56
01/15/2023,MWH,WA,ANM,WE,Combined TRACON& Tower with Radar,0,1,15,0,16,0,0,0,0,0,0,1,15,0,16,0,0,0,16
01/16/2023,MWH,WA,ANM,WE,Combined TRACON& Tower with Radar,34,6,12,0,52,0,0,0,0,0,34,6,12,0,52,0,0,0,52
01/17/2023,MWH,WA,ANM,WE,Combined TRACON& Tower with Radar,8,1,18,6,33,0,0,0,0,0,8,1,18,6,33,0,0,0,33
01/18/2023,MWH,WA,ANM,WE,Combined TRACON& Tower with Radar,3,0,9,5,17,0,0,0,2,2,3,0,9,7,19,0,12,12,31
01/19/2023,MWH,WA,ANM,WE,Combined TRACON& Tower with Radar,25,4,24,53,106,1,85,28,42,156,26,89,52,95,262,446,106,552,814
01/20/2023,MWH,WA,ANM,WE,Combined TRACON& Tower with Radar,39,3,7,8,57,0,3,23,23,49,39,6,30,31,106,24,50,74,180
01/21/2023,MWH,WA,ANM,WE,Combined TRACON& Tower with Radar,30,5,4,0,39,0,0,2,0,2,30,5,6,0,41,0,0,0,41
01/22/2023,MWH,WA,ANM,WE,Combined TRACON& Tower with Radar,12,1,2,0,15,10,0,13,0,23,22,1,15,0,38,0,0,0,38
01/23/2023,MWH,WA,ANM,WE,Combined TRACON& Tower with Radar,22,11,20,7,60,0,4,0,0,4,22,15,20,7,64,24,6,30,94
01/24/2023,MWH,WA,ANM,WE,Combined TRACON& Tower with Radar,9,3,4,16,32,0,0,1,13,14,9,3,5,29,46,0,34,34,80
01/25/2023,MWH,WA,ANM,WE,Combined TRACON& Tower with Radar,26,7,3,22,58,0,93,14,16,123,26,100,17,38,181,298,58,356,537
01/26/2023,MWH,WA,ANM,WE,Combined TRACON& Tower with Radar,5,1,3,5,14,0,0,0,0,0,5,1,3,5,14,0,0,0,14
01/27/2023,MWH,WA,ANM,WE,Combined TRACON& Tower with Radar,16,4,10,13,43,0,0,19,14,33,16,4,29,27,76,32,52,84,160
01/28/2023,MWH,WA,ANM,WE,Combined TRACON& Tower with Radar,6,2,4,0,12,0,0,0,0,0,6,2,4,0,12,0,0,0,12
01/29/2023,MWH,WA,ANM,WE,Combined TRACON& Tower with Radar,7,0,2,0,9,5,2,12,0,19,12,2,14,0,28,6,0,6,34
01/30/2023,MWH,WA,ANM,WE,Combined TRACON& Tower with Radar,7,7,3,19,36,0,104,27,27,158,7,111,30,46,194,346,68,414,608
01/31/2023,MWH,WA,ANM,WE,Combined TRACON& Tower with Radar,17,1,0,10,28,2,15,5,2,24,19,16,5,12,52,122,0,122,174
02/01/2023,MWH,WA,ANM,WE,Combined TRACON& Tower with Radar,7,12,5,14,38,0,69,6,17,92,7,81,11,31,130,242,32,274,404
02/02/2023,MWH,WA,ANM,WE,Combined TRACON& Tower with Radar,10,6,7,7,30,0,85,31,20,136,10,91,38,27,166,422,18,440,606
02/03/2023,MWH,WA,ANM,WE,Combined TRACON& Tower with Radar,16,0,3,16,35,16,0,16,15,47,32,0,19,31,82,6,64,70,152
02/04/2023,MWH,WA,ANM,WE,Combined TRACON& Tower with Radar,7,1,1,11,20,0,2,16,2,20,7,3,17,13,40,48,11,59,99
02/05/2023,MWH,WA,ANM,WE,Combined TRACON& Tower with Radar,2,2,2,3,9,0,0,3,0,3,2,2,5,3,12,0,0,0,12
02/06/2023,MWH,WA,ANM,WE,Combined TRACON& Tower with Radar,19,10,11,35,75,3,82,13,9,107,22,92,24,44,182,284,68,352,534
02/07/2023,MWH,WA,ANM,WE,Combined TRACON& Tower with Radar,23,2,6,12,43,1,75,2,10,88,24,77,8,22,131,304,28,332,463
02/08/2023,MWH,WA,ANM,WE,Combined TRACON& Tower with Radar,26,6,15,11,58,10,93,25,36,164,36,99,40,47,222,260,74,334,556
02/09/2023,MWH,WA,ANM,WE,Combined TRACON& Tower with Radar,22,4,14,8,48,0,113,40,14,167,22,117,54,22,215,438,20,458,673
02/10/2023,MWH,WA,ANM,WE,Combined TRACON& Tower with Radar,20,0,6,21,47,2,1,58,22,83,22,1,64,43,130,26,78,104,234
02/11/2023,MWH,WA,ANM,WE,Combined TRACON& Tower with Radar,10,6,3,0,19,6,0,12,0,18,16,6,15,0,37,6,0,6,43
02/12/2023,MWH,WA,ANM,WE,Combined TRACON& Tower with Radar,8,3,4,0,15,0,1,15,1,17,8,4,19,1,32,32,0,32,64
02/13/2023,MWH,WA,ANM,WE,Combined TRACON& Tower with Radar,6,18,8,7,39,3,54,4,24,85,9,72,12,31,124,198,52,250,374
02/14/2023,MWH,WA,ANM,WE,Combined TRACON& Tower with Radar,29,0,4,19,52,2,49,28,18,97,31,49,32,37,149,206,46,252,401
02/15/2023,MWH,WA,ANM,WE,Combined TRACON& Tower with Radar,5,9,10,21,45,1,92,29,10,132,6,101,39,31,177,309,25,334,511
02/16/2023,MWH,WA,ANM,WE,Combined TRACON& Tower with Radar,25,0,10,13,48,15,102,25,16,158,40,102,35,29,206,324,29,353,559
02/17/2023,MWH,WA,ANM,WE,Combined TRACON& Tower with Radar,22,1,10,6,39,12,6,40,7,65,34,7,50,13,104,22,18,40,144
02/18/2023,MWH,WA,ANM,WE,Combined TRACON& Tower with Radar,14,0,10,0,24,0,1,50,0,51,14,1,60,0,75,8,0,8,83
02/19/2023,MWH,WA,ANM,WE,Combined TRACON& Tower with Radar,6,0,8,0,14,4,0,1,0,5,10,0,9,0,19,0,0,0,19
02/20/2023,MWH,WA,ANM,WE,Combined TRACON& Tower with Radar,0,0,3,0,3,0,0,13,0,13,0,0,16,0,16,4,0,4,20
02/21/2023,MWH,WA,ANM,WE,Combined TRACON& Tower with Radar,12,0,4,12,28,2,67,9,14,92,14,67,13,26,120,214,48,262,382
02/22/2023,MWH,WA,ANM,WE,Combined TRACON& Tower with Radar,14,2,6,1,23,0,1,1,1,3,14,3,7,2,26,0,6,6,32
02/23/2023,MWH,WA,ANM,WE,Combined TRACON& Tower with Radar,29,4,7,6,46,0,0,6,1,7,29,4,13,7,53,0,8,8,61
02/24/2023,MWH,WA,ANM,WE,Combined TRACON& Tower with Radar,11,1,9,0,21,1,0,40,0,41,12,1,49,0,62,22,0,22,84
02/25/2023,MWH,WA,ANM,WE,Combined TRACON& Tower with Radar,10,0,1,2,13,1,4,27,0,32,11,4,28,2,45,29,0,29,74
02/26/2023,MWH,WA,ANM,WE,Combined TRACON& Tower with Radar,4,5,1,0,10,0,1,4,0,5,4,6,5,0,15,0,0,0,15
02/27/2023,MWH,WA,ANM,WE,Combined TRACON& Tower with Radar,7,6,4,15,32,10,57,4,10,81,17,63,8,25,113,182,44,226,339
02/28/2023,MWH,WA,ANM,WE,Combined TRACON& Tower with Radar,27,1,2,9,39,2,21,14,6,43,29,22,16,15,82,120,19,139,221
03/01/2023,MWH,WA,ANM,WE,Combined TRACON& Tower with Radar,4,8,8,4,24,2,95,22,26,145,6,103,30,30,169,250,46,296,465
03/02/2023,MWH,WA,ANM,WE,Combined TRACON& Tower with Radar,5,5,19,9,38,1,41,10,5,57,6,46,29,14,95,94,0,94,189
03/03/2023,MWH,WA,ANM,WE,Combined TRACON& Tower with Radar,5,2,5,3,15,0,2,12,1,15,5,4,17,4,30,32,10,42,72
03/04/2023,MWH,WA,ANM,WE,Combined TRACON& Tower with Radar,13,0,15,1,29,0,2,23,13,38,13,2,38,14,67,6,4,10,77
03/05/2023,MWH,WA,ANM,WE,Combined TRACON& Tower with Radar,8,4,3,0,15,0,0,3,1,4,8,4,6,1,19,0,0,0,19
03/06/2023,MWH,WA,ANM,WE,Combined TRACON& Tower with Radar,13,1,6,3,23,0,8,3,0,11,13,9,9,3,34,100,0,100,134
03/07/2023,MWH,WA,ANM,WE,Combined TRACON& Tower with Radar,17,1,6,12,36,4,106,25,5,140,21,107,31,17,176,426,20,446,622
03/08/2023,MWH,WA,ANM,WE,Combined TRACON& Tower with Radar,23,11,6,16,56,2,80,20,7,109,25,91,26,23,165,277,32,309,474
03/09/2023,MWH,WA,ANM,WE,Combined TRACON& Tower with Radar,4,5,6,7,22,0,72,14,1,87,4,77,20,8,109,543,0,543,652
03/10/2023,MWH,WA,ANM,WE,Combined TRACON& Tower with Radar,0,0,6,1,7,0,0,0,4,4,0,0,6,5,11,2,8,10,21
03/11/2023,MWH,WA,ANM,WE,Combined TRACON& Tower with Radar,7,1,9,0,17,0,1,37,0,38,7,2,46,0,55,34,0,34,89
03/12/2023,MWH,WA,ANM,WE,Combined TRACON& Tower with Radar,7,4,0,0,11,0,1,10,0,11,7,5,10,0,22,8,0,8,30
03/13/2023,MWH,WA,ANM,WE,Combined TRACON& Tower with Radar,10,9,10,16,45,1,78,6,5,90,11,87,16,21,135,136,20,156,291
03/14/2023,MWH,WA,ANM,WE,Combined TRACON& Tower with Radar,32,16,14,11,73,7,79,32,30,148,39,95,46,41,221,283,33,316,537
03/15/2023,MWH,WA,ANM,WE,Combined TRACON& Tower with Radar,30,15,9,19,73,3,64,22,9,98,33,79,31,28,171,106,112,218,389
03/16/2023,MWH,WA,ANM,WE,Combined TRACON& Tower with Radar,13,8,6,15,42,1,87,41,24,153,14,95,47,39,195,264,57,321,516
03/17/2023,MWH,WA,ANM,WE,Combined TRACON& Tower with Radar,8,2,18,8,36,0,2,37,12,51,8,4,55,20,87,56,8,64,151
03/18/2023,MWH,WA,ANM,WE,Combined TRACON& Tower with Radar,14,0,1,0,15,0,0,11,0,11,14,0,12,0,26,16,0,16,42
03/19/2023,MWH,WA,ANM,WE,Combined TRACON& Tower with Radar,11,0,0,0,11,3,0,16,0,19,14,0,16,0,30,2,0,2,32
03/20/2023,MWH,WA,ANM,WE,Combined TRACON& Tower with Radar,21,4,4,10,39,4,10,2,4,20,25,14,6,14,59,54,30,84,143
03/21/2023,MWH,WA,ANM,WE,Combined TRACON& Tower with Radar,13,4,8,12,37,0,32,16,33,81,13,36,24,45,118,88,107,195,313
03/22/2023,MWH,WA,ANM,WE,Combined TRACON& Tower with Radar,12,0,5,8,25,0,11,37,16,64,12,11,42,24,89,90,34,124,213
03/23/2023,MWH,WA,ANM,WE,Combined TRACON& Tower with Radar,22,2,3,23,50,0,5,27,5,37,22,7,30,28,87,28,42,70,157
03/24/2023,MWH,WA,ANM,WE,Combined TRACON& Tower with Radar,14,1,11,6,32,0,1,24,5,30,14,2,35,11,62,68,12,80,142
03/25/2023,MWH,WA,ANM,WE,Combined TRACON& Tower with Radar,8,6,4,1,19,0,1,30,4,35,8,7,34,5,54,62,4,66,120
03/26/2023,MWH,WA,ANM,WE,Combined TRACON& Tower with Radar,13,1,5,0,19,6,0,12,0,18,19,1,17,0,37,2,0,2,39
03/27/2023,MWH,WA,ANM,WE,Combined TRACON& Tower with Radar,21,0,18,11,50,3,1,50,12,66,24,1,68,23,116,10,28,38,154
03/28/2023,MWH,WA,ANM,WE,Combined TRACON& Tower with Radar,18,0,2,1,21,0,0,8,1,9,18,0,10,2,30,0,0,0,30
03/29/2023,MWH,WA,ANM,WE,Combined TRACON& Tower with Radar,18,0,4,12,34,4,14,33,2,53,22,14,37,14,87,36,20,56,143
03/30/2023,MWH,WA,ANM,WE,Combined TRACON& Tower with Radar,12,6,5,2,25,0,2,22,3,27,12,8,27,5,52,30,2,32,84
03/31/2023,MWH,WA,ANM,WE,Combined TRACON& Tower with Radar,17,2,1,3,23,17,1,15,3,36,34,3,16,6,59,40,2,42,101
04/01/2023,MWH,WA,ANM,WE,Combined TRACON& Tower with Radar,0,0,1,0,1,0,1,4,0,5,0,1,5,0,6,2,0,2,8
04/02/2023,MWH,WA,ANM,WE,Combined TRACON& Tower with Radar,0,2,1,2,5,0,1,8,0,9,0,3,9,2,14,12,0,12,26
04/03/2023,MWH,WA,ANM,WE,Combined TRACON& Tower with Radar,4,6,4,4,18,4,49,17,4,74,8,55,21,8,92,397,18,415,507
04/04/2023,MWH,WA,ANM,WE,Combined TRACON& Tower with Radar,21,3,6,16,46,5,82,13,2,102,26,85,19,18,148,241,30,271,419
04/05/2023,MWH,WA,ANM,WE,Combined TRACON& Tower with Radar,22,11,9,2,44,6,65,46,4,121,28,76,55,6,165,275,16,291,456
04/06/2023,MWH,WA,ANM,WE,Combined TRACON& Tower with Radar,26,10,0,12,48,2,82,12,14,110,28,92,12,26,158,286,45,331,489
04/07/2023,MWH,WA,ANM,WE,Combined TRACON& Tower with Radar,22,0,5,5,32,0,0,7,3,10,22,0,12,8,42,52,4,56,98
04/08/2023,MWH,WA,ANM,WE,Combined TRACON& Tower with Radar,17,2,4,0,23,1,0,26,0,27,18,2,30,0,50,34,0,34,84
04/09/2023,MWH,WA,ANM,WE,Combined TRACON& Tower with Radar,7,0,0,0,7,0,0,4,0,4,7,0,4,0,11,44,0,44,55
04/10/2023,MWH,WA,ANM,WE,Combined TRACON& Tower with Radar,26,3,15,0,44,0,4,0,0,4,26,7,15,0,48,48,0,48,96
04/11/2023,MWH,WA,ANM,WE,Combined TRACON& Tower with Radar,2,16,5,5,28,0,43,5,1,49,2,59,10,6,77,106,49,155,232
04/12/2023,MWH,WA,ANM,WE,Combined TRACON& Tower with Radar,10,24,11,13,58,0,114,40,8,162,10,138,51,21,220,220,24,244,464
04/13/2023,MWH,WA,ANM,WE,Combined TRACON& Tower with Radar,4,18,20,31,73,1,93,42,16,152,5,111,62,47,225,332,60,392,617
04/14/2023,MWH,WA,ANM,WE,Combined TRACON& Tower with Radar,9,2,18,18,47,17,27,41,7,92,26,29,59,25,139,96,34,130,269
04/15/2023,MWH,WA,ANM,WE,Combined TRACON& Tower with Radar,12,12,10,0,34,0,4,9,0,13,12,16,19,0,47,12,0,12,59
04/16/2023,MWH,WA,ANM,WE,Combined TRACON& Tower with Radar,5,1,2,9,17,0,1,6,0,7,5,2,8,9,24,0,0,0,24
04/17/2023,MWH,WA,ANM,WE,Combined TRACON& Tower with Radar,11,22,8,10,51,0,88,23,20,131,11,110,31,30,182,247,41,288,470
04/18/2023,MWH,WA,ANM,WE,Combined TRACON& Tower with Radar,17,7,3,17,44,9,60,23,4,96,26,67,26,21,140,188,26,214,354
04/19/2023,MWH,WA,ANM,WE,Combined TRACON& Tower with Radar,13,29,5,26,73,0,88,13,20,121,13,117,18,46,194,397,50,447,641
04/20/2023,MWH,WA,ANM,WE,Combined TRACON& Tower with Radar,0,13,4,4,21,0,77,24,3,104,0,90,28,7,125,214,42,256,381
04/21/2023,MWH,WA,ANM,WE,Combined TRACON& Tower with Radar,9,1,29,1,40,0,4,33,3,40,9,5,62,4,80,44,0,44,124
04/22/2023,MWH,WA,ANM,WE,Combined TRACON& Tower with Radar,9,0,5,0,14,2,4,27,0,33,11,4,32,0,47,64,0,64,111
04/23/2023,MWH,WA,ANM,WE,Combined TRACON& Tower with Radar,13,2,6,0,21,2,11,6,0,19,15,13,12,0,40,28,0,28,68
04/24/2023,MWH,WA,ANM,WE,Combined TRACON& Tower with Radar,2,6,4,7,19,1,60,13,21,95,3,66,17,28,114,351,110,461,575
04/25/2023,MWH,WA,ANM,WE,Combined TRACON& Tower with Radar,14,16,6,22,58,0,69,29,12,110,14,85,35,34,168,254,60,314,482
04/26/2023,MWH,WA,ANM,WE,Combined TRACON& Tower with Radar,13,20,6,14,53,2,99,34,3,138,15,119,40,17,191,210,58,268,459
04/27/2023,MWH,WA,ANM,WE,Combined TRACON& Tower with Radar,11,8,5,7,31,1,72,41,14,128,12,80,46,21,159,62,44,106,265
04/28/2023,MWH,WA,ANM,WE,Combined TRACON& Tower with Radar,14,1,6,6,27,4,1,60,12,77,18,2,66,18,104,34,12,46,150
04/29/2023,MWH,WA,ANM,WE,Combined TRACON& Tower with Radar,4,0,3,1,8,0,1,27,22,50,4,1,30,23,58,32,4,36,94
04/30/2023,MWH,WA,ANM,WE,Combined TRACON& Tower with Radar,7,0,2,0,9,1,0,21,0,22,8,0,23,0,31,4,0,4,35
05/01/2023,MWH,WA,ANM,WE,Combined TRACON& Tower with Radar,3,28,9,8,48,0,73,35,5,113,3,101,44,13,161,202,0,202,363
05/02/2023,MWH,WA,ANM,WE,Combined TRACON& Tower with Radar,3,12,12,10,37,10,66,23,4,103,13,78,35,14,140,160,51,211,351
05/03/2023,MWH,WA,ANM,WE,Combined TRACON& Tower with Radar,13,10,10,18,51,1,105,41,38,185,14,115,51,56,236,164,48,212,448
05/04/2023,MWH,WA,ANM,WE,Combined TRACON& Tower with Radar,9,8,9,15,41,1,67,38,7,113,10,75,47,22,154,218,24,242,396
05/05/2023,MWH,WA,ANM,WE,Combined TRACON& Tower with Radar,14,12,10,4,40,4,1,13,0,18,18,13,23,4,58,29,0,29,87
05/06/2023,MWH,WA,ANM,WE,Combined TRACON& Tower with Radar,8,0,0,0,8,4,2,4,0,10,12,2,4,0,18,10,0,10,28
05/07/2023,MWH,WA,ANM,WE,Combined TRACON& Tower with Radar,14,2,2,0,18,0,0,20,0,20,14,2,22,0,38,36,0,36,74
05/08/2023,MWH,WA,ANM,WE,Combined TRACON& Tower with Radar,14,17,8,1,40,10,68,13,0,91,24,85,21,1,131,154,0,154,285
05/09/2023,MWH,WA,ANM,WE,Combined TRACON& Tower with Radar,15,18,5,7,45,5,77,4,7,93,20,95,9,14,138,263,6,269,407
05/10/2023,MWH,WA,ANM,WE,Combined TRACON& Tower with Radar,45,12,23,3,83,20,92,50,7,169,65,104,73,10,252,188,4,192,444
05/11/2023,MWH,WA,ANM,WE,Combined TRACON& Tower with Radar,7,6,13,19,45,0,78,51,15,144,7,84,64,34,189,178,28,206,395
05/12/2023,MWH,WA,ANM,WE,Combined TRACON& Tower with Radar,15,4,14,4,37,1,6,44,7,58,16,10,58,11,95,53,8,61,156
05/13/2023,MWH,WA,ANM,WE,Combined TRACON& Tower with Radar,6,0,3,0,9,0,3,18,0,21,6,3,21,0,30,14,0,14,44
05/14/2023,MWH,WA,ANM,WE,Combined TRACON& Tower with Radar,4,0,0,0,4,0,1,5,0,6,4,1,5,0,10,0,0,0,10
05/15/2023,MWH,WA,ANM,WE,Combined TRACON& Tower with Radar,10,18,3,13,44,5,67,23,2,97,15,85,26,15,141,214,4,218,359
05/16/2023,MWH,WA,ANM,WE,Combined TRACON& Tower with Radar,4,26,2,1,33,0,61,2,2,65,4,87,4,3,98,178,0,178,276
05/17/2023,MWH,WA,ANM,WE,Combined TRACON& Tower with Radar,13,20,14,5,52,3,76,30,5,114,16,96,44,10,166,252,0,252,418
05/18/2023,MWH,WA,ANM,WE,Combined TRACON& Tower with Radar,12,12,6,11,41,19,59,27,2,107,31,71,33,13,148,349,18,367,515
05/19/2023,MWH,WA,ANM,WE,Combined TRACON& Tower with Radar,19,4,3,21,47,1,2,31,0,34,20,6,34,21,81,68,0,68,149
05/20/2023,MWH,WA,ANM,WE,Combined TRACON& Tower with Radar,12,0,4,0,16,0,0,15,0,15,12,0,19,0,31,0,0,0,31
05/21/2023,MWH,WA,ANM,WE,Combined TRACON& Tower with Radar,10,0,1,0,11,0,1,2,1,4,10,1,3,1,15,2,0,2,17
05/22/2023,MWH,WA,ANM,WE,Combined TRACON& Tower with Radar,27,16,3,10,56,12,58,14,14,98,39,74,17,24,154,161,42,203,357
05/23/2023,MWH,WA,ANM,WE,Combined TRACON& Tower with Radar,15,20,16,5,56,0,84,37,4,125,15,104,53,9,181,272,12,284,465
05/24/2023,MWH,WA,ANM,WE,Combined TRACON& Tower with Radar,24,22,7,13,66,10,93,40,17,160,34,115,47,30,226,294,52,346,572
05/25/2023,MWH,WA,ANM,WE,Combined TRACON& Tower with Radar,23,4,5,9,41,13,63,58,14,148,36,67,63,23,189,307,22,329,518
05/26/2023,MWH,WA,ANM,WE,Combined TRACON& Tower with Radar,15,0,5,0,20,8,1,29,0,38,23,1,34,0,58,42,0,42,100
05/27/2023,MWH,WA,ANM,WE,Combined TRACON& Tower with Radar,0,1,6,0,7,0,1,21,0,22,0,2,27,0,29,12,0,12,41
05/28/2023,MWH,WA,ANM,WE,Combined TRACON& Tower with Radar,0,0,2,0,2,0,0,13,0,13,0,0,15,0,15,0,0,0,15
05/29/2023,MWH,WA,ANM,WE,Combined TRACON& Tower with Radar,0,0,6,0,6,4,0,16,0,20,4,0,22,0,26,10,0,10,36
05/30/2023,MWH,WA,ANM,WE,Combined TRACON& Tower with Radar,4,18,3,5,30,1,66,16,6,89,5,84,19,11,119,285,22,307,426
05/31/2023,MWH,WA,ANM,WE,Combined TRACON& Tower with Radar,21,31,7,8,67,10,78,18,10,116,31,109,25,18,183,146,64,210,393
06/01/2023,MWH,WA,ANM,WE,Combined TRACON& Tower with Radar,12,14,9,12,47,25,74,60,16,175,37,88,69,28,222,180,4,184,406
06/02/2023,MWH,WA,ANM,WE,Combined TRACON& Tower with Radar,19,6,8,3,36,49,3,29,6,87,68,9,37,9,123,48,40,88,211
06/03/2023,MWH,WA,ANM,WE,Combined TRACON& Tower with Radar,4,2,2,1,9,2,1,32,4,39,6,3,34,5,48,10,0,10,58
06/04/2023,MWH,WA,ANM,WE,Combined TRACON& Tower with Radar,8,14,0,0,22,0,0,16,0,16,8,14,16,0,38,0,0,0,38
06/05/2023,MWH,WA,ANM,WE,Combined TRACON& Tower with Radar,17,30,13,2,62,7,97,39,0,143,24,127,52,2,205,162,0,162,367
06/06/2023,MWH,WA,ANM,WE,Combined TRACON& Tower with Radar,13,31,11,2,57,2,65,30,15,112,15,96,41,17,169,201,20,221,390
06/07/2023,MWH,WA,ANM,WE,Combined TRACON& Tower with Radar,27,26,12,12,77,5,72,42,14,133,32,98,54,26,210,236,14,250,460
06/08/2023,MWH,WA,ANM,WE,Combined TRACON& Tower with Radar,25,18,9,3,55,13,62,28,16,119,38,80,37,19,174,322,12,334,508
06/09/2023,MWH,WA,ANM,WE,Combined TRACON& Tower with Radar,30,12,13,4,59,0,1,13,4,18,30,13,26,8,77,54,14,68,145
06/10/2023,MWH,WA,ANM,WE,Combined TRACON& Tower with Radar,10,0,10,5,25,1,1,22,2,26,11,1,32,7,51,20,0,20,71
06/11/2023,MWH,WA,ANM,WE,Combined TRACON& Tower with Radar,11,0,6,2,19,2,2,7,5,16,13,2,13,7,35,16,4,20,55
06/12/2023,MWH,WA,ANM,WE,Combined TRACON& Tower with Radar,17,30,8,9,64,8,66,47,5,126,25,96,55,14,190,208,20,228,418
06/13/2023,MWH,WA,ANM,WE,Combined TRACON& Tower with Radar,11,35,0,12,58,9,53,26,15,103,20,88,26,27,161,74,9,83,244
06/14/2023,MWH,WA,ANM,WE,Combined TRACON& Tower with Radar,23,25,2,9,59,4,70,15,27,116,27,95,17,36,175,68,32,100,275
06/15/2023,MWH,WA,ANM,WE,Combined TRACON& Tower with Radar,7,17,3,9,36,0,21,51,3,75,7,38,54,12,111,92,0,92,203
06/16/2023,MWH,WA,ANM,WE,Combined TRACON& Tower with Radar,18,6,0,3,27,0,9,22,4,35,18,15,22,7,62,46,0,46,108
06/17/2023,MWH,WA,ANM,WE,Combined TRACON& Tower with Radar,5,3,6,1,15,9,5,42,7,63,14,8,48,8,78,0,0,0,78
06/18/2023,MWH,WA,ANM,WE,Combined TRACON& Tower with Radar,6,2,7,3,18,0,6,22,1,29,6,8,29,4,47,0,0,0,47
06/19/2023,MWH,WA,ANM,WE,Combined TRACON& Tower with Radar,10,0,4,0,14,6,2,23,6,37,16,2,27,6,51,6,0,6,57
06/20/2023,MWH,WA,ANM,WE,Combined TRACON& Tower with Radar,10,1,3,17,31,0,0,12,10,22,10,1,15,27,53,6,54,60,113
06/21/2023,MWH,WA,ANM,WE,Combined TRACON& Tower with Radar,23,0,6,31,60,15,19,35,10,79,38,19,41,41,139,36,41,77,216
06/22/2023,MWH,WA,ANM,WE,Combined TRACON& Tower with Radar,20,0,9,3,32,0,10,48,5,63,20,10,57,8,95,52,4,56,151
06/23/2023,MWH,WA,ANM,WE,Combined TRACON& Tower with Radar,26,1,2,7,36,1,4,34,16,55,27,5,36,23,91,32,8,40,131
06/24/2023,MWH,WA,ANM,WE,Combined TRACON& Tower with Radar,8,0,6,2,16,0,1,47,6,54,8,1,53,8,70,22,18,40,110
06/25/2023,MWH,WA,ANM,WE,Combined TRACON& Tower with Radar,13,2,7,3,25,0,1,23,3,27,13,3,30,6,52,6,0,6,58
06/26/2023,MWH,WA,ANM,WE,Combined TRACON& Tower with Radar,18,26,2,4,50,0,47,14,4,65,18,73,16,8,115,216,12,228,343
06/27/2023,MWH,WA,ANM,WE,Combined TRACON& Tower with Radar,23,40,13,5,81,12,93,18,4,127,35,133,31,9,208,276,0,276,484
06/28/2023,MWH,WA,ANM,WE,Combined TRACON& Tower with Radar,14,32,6,7,59,42,104,15,6,167,56,136,21,13,226,163,4,167,393
06/29/2023,MWH,WA,ANM,WE,Combined TRACON& Tower with Radar,19,36,11,40,106,9,93,21,34,157,28,129,32,74,263,260,76,336,599
06/30/2023,MWH,WA,ANM,WE,Combined TRACON& Tower with Radar,7,48,6,5,66,4,81,19,8,112,11,129,25,13,178,138,9,147,325
07/01/2023,MWH,WA,ANM,WE,Combined TRACON& Tower with Radar,14,0,7,0,21,0,14,23,1,38,14,14,30,1,59,12,0,12,71
07/02/2023,MWH,WA,ANM,WE,Combined TRACON& Tower with Radar,6,0,1,0,7,4,13,2,11,30,10,13,3,11,37,0,0,0,37
07/03/2023,MWH,WA,ANM,WE,Combined TRACON& Tower with Radar,11,42,3,1,57,1,39,9,0,49,12,81,12,1,106,85,0,85,191
07/04/2023,MWH,WA,ANM,WE,Combined TRACON& Tower with Radar,5,0,4,1,10,2,2,5,4,13,7,2,9,5,23,3,0,3,26
07/05/2023,MWH,WA,ANM,WE,Combined TRACON& Tower with Radar,8,36,4,2,50,2,95,28,10,135,10,131,32,12,185,168,20,188,373
07/06/2023,MWH,WA,ANM,WE,Combined TRACON& Tower with Radar,10,35,4,15,64,6,79,24,9,118,16,114,28,24,182,162,20,182,364
07/07/2023,MWH,WA,ANM,WE,Combined TRACON& Tower with Radar,33,39,3,17,92,9,53,35,12,109,42,92,38,29,201,229,62,291,492
07/08/2023,MWH,WA,ANM,WE,Combined TRACON& Tower with Radar,14,1,5,3,23,1,7,18,3,29,15,8,23,6,52,6,4,10,62
07/09/2023,MWH,WA,ANM,WE,Combined TRACON& Tower with Radar,11,3,3,1,18,0,5,11,4,20,11,8,14,5,38,8,0,8,46
07/10/2023,MWH,WA,ANM,WE,Combined TRACON& Tower with Radar,6,16,3,2,27,7,30,5,29,71,13,46,8,31,98,44,22,66,164
07/11/2023,MWH,WA,ANM,WE,Combined TRACON& Tower with Radar,11,47,8,20,86,4,81,17,18,120,15,128,25,38,206,284,35,319,525
07/12/2023,MWH,WA,ANM,WE,Combined TRACON& Tower with Radar,16,52,3,27,98,2,66,18,18,104,18,118,21,45,202,192,46,238,440
07/13/2023,MWH,WA,ANM,WE,Combined TRACON& Tower with Radar,11,39,6,17,73,4,55,45,3,107,15,94,51,20,180,209,25,234,414
07/14/2023,MWH,WA,ANM,WE,Combined TRACON& Tower with Radar,17,42,4,4,67,0,52,42,0,94,17,94,46,4,161,236,24,260,421
07/15/2023,MWH,WA,ANM,WE,Combined TRACON& Tower with Radar,10,4,9,0,23,0,15,15,2,32,10,19,24,2,55,0,0,0,55
07/16/2023,MWH,WA,ANM,WE,Combined TRACON& Tower with Radar,14,4,10,0,28,1,8,24,1,34,15,12,34,1,62,24,0,24,86
07/17/2023,MWH,WA,ANM,WE,Combined TRACON& Tower with Radar,14,50,3,10,77,1,24,13,10,48,15,74,16,20,125,288,48,336,461
07/18/2023,MWH,WA,ANM,WE,Combined TRACON& Tower with Radar,16,51,4,28,99,7,62,17,7,93,23,113,21,35,192,211,37,248,440
07/19/2023,MWH,WA,ANM,WE,Combined TRACON& Tower with Radar,0,49,8,6,63,0,58,29,2,89,0,107,37,8,152,239,8,247,399
07/20/2023,MWH,WA,ANM,WE,Combined TRACON& Tower with Radar,8,40,8,19,75,8,45,30,6,89,16,85,38,25,164,198,33,231,395
07/21/2023,MWH,WA,ANM,WE,Combined TRACON& Tower with Radar,18,42,8,2,70,7,62,26,8,103,25,104,34,10,173,199,10,209,382
07/22/2023,MWH,WA,ANM,WE,Combined TRACON& Tower with Radar,6,2,2,0,10,40,3,20,7,70,46,5,22,7,80,26,0,26,106
07/23/2023,MWH,WA,ANM,WE,Combined TRACON& Tower with Radar,0,1,4,2,7,0,8,13,0,21,0,9,17,2,28,6,0,6,34
07/24/2023,MWH,WA,ANM,WE,Combined TRACON& Tower with Radar,0,62,5,4,71,8,30,7,19,64,8,92,12,23,135,125,24,149,284
07/25/2023,MWH,WA,ANM,WE,Combined TRACON& Tower with Radar,8,70,3,8,89,22,49,7,3,81,30,119,10,11,170,182,0,182,352
07/26/2023,MWH,WA,ANM,WE,Combined TRACON& Tower with Radar,19,62,2,11,94,14,35,22,15,86,33,97,24,26,180,228,54,282,462
07/27/2023,MWH,WA,ANM,WE,Combined TRACON& Tower with Radar,30,61,6,3,100,20,50,18,13,101,50,111,24,16,201,212,26,238,439
07/28/2023,MWH,WA,ANM,WE,Combined TRACON& Tower with Radar,6,59,5,2,72,36,24,25,7,92,42,83,30,9,164,264,22,286,450
07/29/2023,MWH,WA,ANM,WE,Combined TRACON& Tower with Radar,8,2,0,0,10,30,8,13,4,55,38,10,13,4,65,4,0,4,69
07/30/2023,MWH,WA,ANM,WE,Combined TRACON& Tower with Radar,10,2,3,0,15,1,30,10,0,41,11,32,13,0,56,29,0,29,85
07/31/2023,MWH,WA,ANM,WE,Combined TRACON& Tower with Radar,10,36,5,9,60,23,46,8,14,91,33,82,13,23,151,260,40,300,451
08/01/2023,MWH,WA,ANM,WE,Combined TRACON& Tower with Radar,11,49,5,17,82,15,68,19,5,107,26,117,24,22,189,254,14,268,457
08/02/2023,MWH,WA,ANM,WE,Combined TRACON& Tower with Radar,7,18,5,1,31,1,51,26,8,86,8,69,31,9,117,226,10,236,353
08/03/2023,MWH,WA,ANM,WE,Combined TRACON& Tower with Radar,23,20,1,14,58,24,32,23,14,93,47,52,24,28,151,115,24,139,290
08/04/2023,MWH,WA,ANM,WE,Combined TRACON& Tower with Radar,14,16,4,0,34,11,28,20,2,61,25,44,24,2,95,106,0,106,201
08/05/2023,MWH,WA,ANM,WE,Combined TRACON& Tower with Radar,0,0,3,0,3,1,5,9,0,15,1,5,12,0,18,0,0,0,18
08/06/2023,MWH,WA,ANM,WE,Combined TRACON& Tower with Radar,13,1,1,0,15,0,0,13,0,13,13,1,14,0,28,26,0,26,54
08/07/2023,MWH,WA,ANM,WE,Combined TRACON& Tower with Radar,14,1,4,5,24,0,3,1,0,4,14,4,5,5,28,0,0,0,28
08/08/2023,MWH,WA,ANM,WE,Combined TRACON& Tower with Radar,9,1,10,12,32,1,5,7,12,25,10,6,17,24,57,0,6,6,63
08/09/2023,MWH,WA,ANM,WE,Combined TRACON& Tower with Radar,6,0,9,4,19,4,11,10,6,31,10,11,19,10,50,8,4,12,62
08/10/2023,MWH,WA,ANM,WE,Combined TRACON& Tower with Radar,2,3,5,32,42,4,6,30,13,53,6,9,35,45,95,54,60,114,209
08/11/2023,MWH,WA,ANM,WE,Combined TRACON& Tower with Radar,6,0,4,11,21,2,3,27,2,34,8,3,31,13,55,52,6,58,113
08/12/2023,MWH,WA,ANM,WE,Combined TRACON& Tower with Radar,5,0,6,0,11,0,0,20,0,20,5,0,26,0,31,2,0,2,33
08/13/2023,MWH,WA,ANM,WE,Combined TRACON& Tower with Radar,9,0,4,0,13,0,4,17,0,21,9,4,21,0,34,4,0,4,38
08/14/2023,MWH,WA,ANM,WE,Combined TRACON& Tower with Radar,7,0,8,21,36,17,0,10,17,44,24,0,18,38,80,1,70,71,151
08/15/2023,MWH,WA,ANM,WE,Combined TRACON& Tower with Radar,6,1,1,2,10,27,5,17,7,56,33,6,18,9,66,17,24,41,107
08/16/2023,MWH,WA,ANM,WE,Combined TRACON& Tower with Radar,4,3,12,14,33,0,7,9,4,20,4,10,21,18,53,6,19,25,78
08/17/2023,MWH,WA,ANM,WE,Combined TRACON& Tower with Radar,9,0,11,5,25,14,16,12,22,64,23,16,23,27,89,0,28,28,117
08/18/2023,MWH,WA,ANM,WE,Combined TRACON& Tower with Radar,21,1,3,0,25,47,14,16,0,77,68,15,19,0,102,4,0,4,106
08/19/2023,MWH,WA,ANM,WE,Combined TRACON& Tower with Radar,0,1,8,0,9,0,0,3,0,3,0,1,11,0,12,0,0,0,12
08/20/2023,MWH,WA,ANM,WE,Combined TRACON& Tower with Radar,4,6,5,0,15,0,0,3,0,3,4,6,8,0,18,0,0,0,18
08/21/2023,MWH,WA,ANM,WE,Combined TRACON& Tower with Radar,8,5,13,10,36,0,0,3,3,6,8,5,16,13,42,0,0,0,42
08/22/2023,MWH,WA,ANM,WE,Combined TRACON& Tower with Radar,6,3,15,19,43,0,2,8,10,20,6,5,23,29,63,0,30,30,93
08/23/2023,MWH,WA,ANM,WE,Combined TRACON& Tower with Radar,12,8,11,10,41,3,12,11,11,37,15,20,22,21,78,13,53,66,144
08/24/2023,MWH,WA,ANM,WE,Combined TRACON& Tower with Radar,12,1,7,8,28,7,1,19,4,31,19,2,26,12,59,32,8,40,99
08/25/2023,MWH,WA,ANM,WE,Combined TRACON& Tower with Radar,15,2,15,2,34,7,2,7,2,18,22,4,22,4,52,10,3,13,65
08/26/2023,MWH,WA,ANM,WE,Combined TRACON& Tower with Radar,4,3,0,1,8,11,2,16,8,37,15,5,16,9,45,0,8,8,53
08/27/2023,MWH,WA,ANM,WE,Combined TRACON& Tower with Radar,4,0,4,2,10,0,5,11,0,16,4,5,15,2,26,10,0,10,36
08/28/2023,MWH,WA,ANM,WE,Combined TRACON& Tower with Radar,1,1,7,4,13,0,7,6,1,14,1,8,13,5,27,2,6,8,35
08/29/2023,MWH,WA,ANM,WE,Combined TRACON& Tower with Radar,17,2,8,3,30,4,4,9,9,26,21,6,17,12,56,5,10,15,71
08/30/2023,MWH,WA,ANM,WE,Combined TRACON& Tower with Radar,13,1,15,7,36,5,12,5,3,25,18,13,20,10,61,6,8,14,75
08/31/2023,MWH,WA,ANM,WE,Combined TRACON& Tower with Radar,2,3,12,3,20,13,1,19,1,34,15,4,31,4,54,58,6,64,118
