01/01/2020,MYF,CA,AWP,WE,Towers with Radar,0,0,29,0,29,0,11,147,1,159,0,11,176,1,188,161,0,161,349
01/02/2020,MYF,CA,AWP,WE,Towers with Radar,0,4,64,0,68,0,6,232,0,238,0,10,296,0,306,370,0,370,676
01/03/2020,MYF,CA,AWP,WE,Towers with Radar,0,2,65,0,67,0,9,201,0,210,0,11,266,0,277,507,2,509,786
01/04/2020,MYF,CA,AWP,WE,Towers with Radar,0,7,74,0,81,0,3,279,0,282,0,10,353,0,363,358,0,358,721
01/05/2020,MYF,CA,AWP,WE,Towers with Radar,0,3,70,0,73,0,5,221,0,226,0,8,291,0,299,464,0,464,763
01/06/2020,MYF,CA,AWP,WE,Towers with Radar,0,2,54,0,56,0,1,222,0,223,0,3,276,0,279,612,0,612,891
01/07/2020,MYF,CA,AWP,WE,Towers with Radar,0,7,88,0,95,0,2,326,0,328,0,9,414,0,423,500,0,500,923
01/08/2020,MYF,CA,AWP,WE,Towers with Radar,0,4,119,0,123,0,4,247,2,253,0,8,366,2,376,638,0,638,1014
01/09/2020,MYF,CA,AWP,WE,Towers with Radar,0,3,86,4,93,0,6,133,10,149,0,9,219,14,242,335,0,335,577
01/10/2020,MYF,CA,AWP,WE,Towers with Radar,0,3,81,0,84,0,22,332,1,355,0,25,413,1,439,474,0,474,913
01/11/2020,MYF,CA,AWP,WE,Towers with Radar,0,2,67,0,69,0,11,306,0,317,0,13,373,0,386,396,0,396,782
01/12/2020,MYF,CA,AWP,WE,Towers with Radar,0,2,65,0,67,0,5,306,2,313,0,7,371,2,380,414,0,414,794
01/13/2020,MYF,CA,AWP,WE,Towers with Radar,0,0,82,1,83,0,3,309,3,315,0,3,391,4,398,518,0,518,916
01/14/2020,MYF,CA,AWP,WE,Towers with Radar,0,2,78,2,82,0,7,313,3,323,0,9,391,5,405,500,1,501,906
01/15/2020,MYF,CA,AWP,WE,Towers with Radar,0,6,70,2,78,0,30,358,4,392,0,36,428,6,470,398,13,411,881
01/16/2020,MYF,CA,AWP,WE,Towers with Radar,0,4,96,6,106,0,7,179,9,195,0,11,275,15,301,537,1,538,839
01/17/2020,MYF,CA,AWP,WE,Towers with Radar,0,4,71,5,80,0,12,227,7,246,0,16,298,12,326,461,0,461,787
01/18/2020,MYF,CA,AWP,WE,Towers with Radar,0,2,48,0,50,0,19,260,1,280,0,21,308,1,330,524,0,524,854
01/19/2020,MYF,CA,AWP,WE,Towers with Radar,0,0,48,0,48,0,5,236,0,241,0,5,284,0,289,423,0,423,712
01/20/2020,MYF,CA,AWP,WE,Towers with Radar,0,1,95,1,97,0,3,142,7,152,0,4,237,8,249,453,5,458,707
01/21/2020,MYF,CA,AWP,WE,Towers with Radar,0,6,112,5,123,0,7,26,1,34,0,13,138,6,157,351,2,353,510
01/22/2020,MYF,CA,AWP,WE,Towers with Radar,0,5,87,3,95,0,11,330,6,347,0,16,417,9,442,709,6,715,1157
01/23/2020,MYF,CA,AWP,WE,Towers with Radar,0,1,67,5,73,0,2,346,5,353,0,3,413,10,426,512,1,513,939
01/24/2020,MYF,CA,AWP,WE,Towers with Radar,0,6,70,0,76,0,8,369,0,377,0,14,439,0,453,415,0,415,868
01/25/2020,MYF,CA,AWP,WE,Towers with Radar,0,3,59,7,69,0,6,242,4,252,0,9,301,11,321,362,0,362,683
01/26/2020,MYF,CA,AWP,WE,Towers with Radar,0,7,89,0,96,0,11,64,0,75,0,18,153,0,171,388,0,388,559
01/27/2020,MYF,CA,AWP,WE,Towers with Radar,0,0,73,4,77,0,14,257,3,274,0,14,330,7,351,697,0,697,1048
01/28/2020,MYF,CA,AWP,WE,Towers with Radar,0,4,75,2,81,0,13,357,5,375,0,17,432,7,456,633,0,633,1089
01/29/2020,MYF,CA,AWP,WE,Towers with Radar,0,3,80,1,84,0,7,268,4,279,0,10,348,5,363,570,8,578,941
01/30/2020,MYF,CA,AWP,WE,Towers with Radar,0,1,73,1,75,0,11,303,1,315,0,12,376,2,390,708,0,708,1098
01/31/2020,MYF,CA,AWP,WE,Towers with Radar,0,0,77,1,78,0,6,300,1,307,0,6,377,2,385,706,0,706,1091
02/01/2020,MYF,CA,AWP,WE,Towers with Radar,0,10,53,0,63,0,5,348,0,353,0,15,401,0,416,433,0,433,849
02/02/2020,MYF,CA,AWP,WE,Towers with Radar,0,0,61,0,61,0,5,142,0,147,0,5,203,0,208,236,0,236,444
02/03/2020,MYF,CA,AWP,WE,Towers with Radar,0,2,86,2,90,0,1,213,3,217,0,3,299,5,307,543,0,543,850
02/04/2020,MYF,CA,AWP,WE,Towers with Radar,0,2,60,3,65,0,4,219,6,229,0,6,279,9,294,440,0,440,734
02/05/2020,MYF,CA,AWP,WE,Towers with Radar,0,0,83,0,83,0,9,304,5,318,0,9,387,5,401,484,0,484,885
02/06/2020,MYF,CA,AWP,WE,Towers with Radar,0,6,92,1,99,0,22,407,5,434,0,28,499,6,533,500,0,500,1033
02/07/2020,MYF,CA,AWP,WE,Towers with Radar,0,4,91,0,95,0,19,291,3,313,0,23,382,3,408,459,0,459,867
02/08/2020,MYF,CA,AWP,WE,Towers with Radar,0,3,77,0,80,0,11,279,1,291,0,14,356,1,371,513,0,513,884
02/09/2020,MYF,CA,AWP,WE,Towers with Radar,0,3,49,0,52,0,1,13,0,14,0,4,62,0,66,40,0,40,106
02/10/2020,MYF,CA,AWP,WE,Towers with Radar,0,2,71,1,74,0,4,56,1,61,0,6,127,2,135,193,0,193,328
02/11/2020,MYF,CA,AWP,WE,Towers with Radar,0,5,55,1,61,0,5,226,6,237,0,10,281,7,298,478,0,478,776
02/12/2020,MYF,CA,AWP,WE,Towers with Radar,0,3,99,2,104,0,12,300,2,314,0,15,399,4,418,520,6,526,944
02/13/2020,MYF,CA,AWP,WE,Towers with Radar,0,2,85,2,89,0,13,346,11,370,0,15,431,13,459,545,0,545,1004
02/14/2020,MYF,CA,AWP,WE,Towers with Radar,0,8,90,1,99,0,15,338,3,356,0,23,428,4,455,422,0,422,877
02/15/2020,MYF,CA,AWP,WE,Towers with Radar,0,6,56,0,62,0,15,296,0,311,0,21,352,0,373,408,0,408,781
02/16/2020,MYF,CA,AWP,WE,Towers with Radar,0,0,51,0,51,0,3,299,0,302,0,3,350,0,353,360,0,360,713
02/17/2020,MYF,CA,AWP,WE,Towers with Radar,0,3,75,0,78,0,5,250,1,256,0,8,325,1,334,454,0,454,788
02/18/2020,MYF,CA,AWP,WE,Towers with Radar,0,8,89,2,99,0,18,205,2,225,0,26,294,4,324,589,0,589,913
02/19/2020,MYF,CA,AWP,WE,Towers with Radar,0,4,89,4,97,0,4,239,3,246,0,8,328,7,343,411,0,411,754
02/20/2020,MYF,CA,AWP,WE,Towers with Radar,0,5,86,4,95,0,13,324,9,346,0,18,410,13,441,542,17,559,1000
02/21/2020,MYF,CA,AWP,WE,Towers with Radar,0,4,85,0,89,0,8,318,6,332,0,12,403,6,421,553,2,555,976
02/22/2020,MYF,CA,AWP,WE,Towers with Radar,0,3,25,0,28,0,0,16,0,16,0,3,41,0,44,128,24,152,196
02/23/2020,MYF,CA,AWP,WE,Towers with Radar,0,2,100,6,108,0,5,216,5,226,0,7,316,11,334,458,0,458,792
02/24/2020,MYF,CA,AWP,WE,Towers with Radar,0,0,90,2,92,0,4,219,5,228,0,4,309,7,320,463,0,463,783
02/25/2020,MYF,CA,AWP,WE,Towers with Radar,0,0,64,0,64,0,6,253,5,264,0,6,317,5,328,473,0,473,801
02/26/2020,MYF,CA,AWP,WE,Towers with Radar,0,3,68,2,73,0,9,295,2,306,0,12,363,4,379,820,0,820,1199
02/27/2020,MYF,CA,AWP,WE,Towers with Radar,0,0,92,2,94,0,5,275,3,283,0,5,367,5,377,730,2,732,1109
02/28/2020,MYF,CA,AWP,WE,Towers with Radar,0,9,82,2,93,0,15,292,4,311,0,24,374,6,404,485,3,488,892
02/29/2020,MYF,CA,AWP,WE,Towers with Radar,0,6,63,0,69,0,10,295,0,305,0,16,358,0,374,241,0,241,615
03/01/2020,MYF,CA,AWP,WE,Towers with Radar,0,6,36,0,42,0,0,24,0,24,0,6,60,0,66,79,0,79,145
03/02/2020,MYF,CA,AWP,WE,Towers with Radar,0,2,51,0,53,0,9,132,2,143,0,11,183,2,196,538,0,538,734
03/03/2020,MYF,CA,AWP,WE,Towers with Radar,0,7,85,0,92,0,4,261,3,268,0,11,346,3,360,396,0,396,756
03/04/2020,MYF,CA,AWP,WE,Towers with Radar,0,4,81,1,86,0,17,337,2,356,0,21,418,3,442,537,0,537,979
03/05/2020,MYF,CA,AWP,WE,Towers with Radar,0,7,81,1,89,0,10,288,2,300,0,17,369,3,389,500,0,500,889
03/06/2020,MYF,CA,AWP,WE,Towers with Radar,0,2,61,0,63,0,11,229,0,240,0,13,290,0,303,488,0,488,791
03/07/2020,MYF,CA,AWP,WE,Towers with Radar,0,8,84,3,95,0,6,161,2,169,0,14,245,5,264,605,0,605,869
03/08/2020,MYF,CA,AWP,WE,Towers with Radar,0,6,79,0,85,0,8,181,0,189,0,14,260,0,274,396,1,397,671
03/09/2020,MYF,CA,AWP,WE,Towers with Radar,0,3,68,0,71,0,2,236,0,238,0,5,304,0,309,495,0,495,804
03/10/2020,MYF,CA,AWP,WE,Towers with Radar,0,4,29,3,36,0,0,6,2,8,0,4,35,5,44,92,0,92,136
03/11/2020,MYF,CA,AWP,WE,Towers with Radar,0,5,96,3,104,0,3,136,3,142,0,8,232,6,246,550,0,550,796
03/12/2020,MYF,CA,AWP,WE,Towers with Radar,0,6,28,0,34,0,0,8,3,11,0,6,36,3,45,77,20,97,142
03/13/2020,MYF,CA,AWP,WE,Towers with Radar,0,6,48,3,57,0,2,14,1,17,0,8,62,4,74,69,5,74,148
03/14/2020,MYF,CA,AWP,WE,Towers with Radar,0,5,67,0,72,0,3,93,2,98,0,8,160,2,170,681,0,681,851
03/15/2020,MYF,CA,AWP,WE,Towers with Radar,0,1,80,0,81,0,2,144,0,146,0,3,224,0,227,508,0,508,735
03/16/2020,MYF,CA,AWP,WE,Towers with Radar,0,2,51,3,56,0,1,143,1,145,0,3,194,4,201,280,0,280,481
03/17/2020,MYF,CA,AWP,WE,Towers with Radar,0,2,38,2,42,0,0,210,3,213,0,2,248,5,255,631,0,631,886
03/18/2020,MYF,CA,AWP,WE,Towers with Radar,0,2,8,0,10,0,4,12,0,16,0,6,20,0,26,126,0,126,152
03/19/2020,MYF,CA,AWP,WE,Towers with Radar,0,2,37,2,41,0,7,106,0,113,0,9,143,2,154,446,0,446,600
03/20/2020,MYF,CA,AWP,WE,Towers with Radar,0,2,25,0,27,0,4,93,2,99,0,6,118,2,126,295,14,309,435
03/21/2020,MYF,CA,AWP,WE,Towers with Radar,0,2,27,4,33,0,11,168,0,179,0,13,195,4,212,279,0,279,491
03/22/2020,MYF,CA,AWP,WE,Towers with Radar,0,0,18,0,18,0,4,113,5,122,0,4,131,5,140,272,19,291,431
03/23/2020,MYF,CA,AWP,WE,Towers with Radar,0,2,11,2,15,0,1,40,0,41,0,3,51,2,56,174,0,174,230
03/24/2020,MYF,CA,AWP,WE,Towers with Radar,0,2,28,1,31,0,2,123,3,128,0,4,151,4,159,443,0,443,602
03/25/2020,MYF,CA,AWP,WE,Towers with Radar,0,1,30,4,35,0,3,78,1,82,0,4,108,5,117,269,0,269,386
03/26/2020,MYF,CA,AWP,WE,Towers with Radar,0,0,13,4,17,0,1,100,5,106,0,1,113,9,123,345,0,345,468
03/27/2020,MYF,CA,AWP,WE,Towers with Radar,0,0,23,1,24,0,6,133,3,142,0,6,156,4,166,191,0,191,357
03/28/2020,MYF,CA,AWP,WE,Towers with Radar,0,2,25,0,27,0,0,181,2,183,0,2,206,2,210,213,8,221,431
03/29/2020,MYF,CA,AWP,WE,Towers with Radar,0,2,27,0,29,0,3,134,0,137,0,5,161,0,166,270,0,270,436
03/30/2020,MYF,CA,AWP,WE,Towers with Radar,0,1,20,1,22,0,4,106,1,111,0,5,126,2,133,242,3,245,378
03/31/2020,MYF,CA,AWP,WE,Towers with Radar,0,4,18,1,23,0,14,111,3,128,0,18,129,4,151,241,0,241,392
04/01/2020,MYF,CA,AWP,WE,Towers with Radar,0,6,27,1,34,0,0,132,2,134,0,6,159,3,168,138,0,138,306
04/02/2020,MYF,CA,AWP,WE,Towers with Radar,0,0,20,2,22,0,0,58,2,60,0,0,78,4,82,228,10,238,320
04/03/2020,MYF,CA,AWP,WE,Towers with Radar,0,2,19,0,21,0,4,122,0,126,0,6,141,0,147,328,0,328,475
04/04/2020,MYF,CA,AWP,WE,Towers with Radar,0,2,27,1,30,0,6,60,1,67,0,8,87,2,97,221,0,221,318
04/05/2020,MYF,CA,AWP,WE,Towers with Radar,0,3,14,1,18,0,1,49,1,51,0,4,63,2,69,268,0,268,337
04/06/2020,MYF,CA,AWP,WE,Towers with Radar,0,0,6,1,7,0,0,14,1,15,0,0,20,2,22,68,0,68,90
04/07/2020,MYF,CA,AWP,WE,Towers with Radar,0,0,9,2,11,0,0,8,0,8,0,0,17,2,19,22,0,22,41
04/08/2020,MYF,CA,AWP,WE,Towers with Radar,0,2,9,0,11,0,0,29,2,31,0,2,38,2,42,149,2,151,193
04/09/2020,MYF,CA,AWP,WE,Towers with Radar,0,1,15,0,16,0,0,23,0,23,0,1,38,0,39,68,26,94,133
04/10/2020,MYF,CA,AWP,WE,Towers with Radar,0,3,10,0,13,0,2,7,0,9,0,5,17,0,22,0,6,6,28
04/11/2020,MYF,CA,AWP,WE,Towers with Radar,0,5,30,2,37,0,0,141,4,145,0,5,171,6,182,349,2,351,533
04/12/2020,MYF,CA,AWP,WE,Towers with Radar,0,3,29,0,32,0,0,16,0,16,0,3,45,0,48,298,0,298,346
04/13/2020,MYF,CA,AWP,WE,Towers with Radar,0,4,23,4,31,0,0,35,0,35,0,4,58,4,66,201,0,201,267
04/14/2020,MYF,CA,AWP,WE,Towers with Radar,0,0,28,3,31,0,1,107,5,113,0,1,135,8,144,207,5,212,356
04/15/2020,MYF,CA,AWP,WE,Towers with Radar,0,0,26,2,28,0,2,201,4,207,0,2,227,6,235,276,4,280,515
04/16/2020,MYF,CA,AWP,WE,Towers with Radar,0,0,23,2,25,0,3,141,1,145,0,3,164,3,170,260,0,260,430
04/17/2020,MYF,CA,AWP,WE,Towers with Radar,0,3,14,0,17,0,8,72,4,84,0,11,86,4,101,289,0,289,390
04/18/2020,MYF,CA,AWP,WE,Towers with Radar,0,5,39,0,44,0,0,73,0,73,0,5,112,0,117,265,0,265,382
04/19/2020,MYF,CA,AWP,WE,Towers with Radar,0,4,32,0,36,0,5,56,1,62,0,9,88,1,98,323,0,323,421
04/20/2020,MYF,CA,AWP,WE,Towers with Radar,0,3,18,1,22,0,0,73,7,80,0,3,91,8,102,268,0,268,370
04/21/2020,MYF,CA,AWP,WE,Towers with Radar,0,0,27,5,32,0,1,153,2,156,0,1,180,7,188,322,0,322,510
04/22/2020,MYF,CA,AWP,WE,Towers with Radar,0,5,35,1,41,0,3,199,6,208,0,8,234,7,249,434,0,434,683
04/23/2020,MYF,CA,AWP,WE,Towers with Radar,0,0,28,1,29,0,0,161,8,169,0,0,189,9,198,434,0,434,632
04/24/2020,MYF,CA,AWP,WE,Towers with Radar,0,2,11,1,14,0,2,188,4,194,0,4,199,5,208,292,0,292,500
04/25/2020,MYF,CA,AWP,WE,Towers with Radar,0,0,25,1,26,0,2,210,4,216,0,2,235,5,242,443,0,443,685
04/26/2020,MYF,CA,AWP,WE,Towers with Radar,1,3,24,2,30,0,9,148,4,161,1,12,172,6,191,202,0,202,393
04/27/2020,MYF,CA,AWP,WE,Towers with Radar,0,0,22,2,24,0,5,135,4,144,0,5,157,6,168,210,0,210,378
04/28/2020,MYF,CA,AWP,WE,Towers with Radar,0,1,27,3,31,0,5,134,1,140,0,6,161,4,171,326,0,326,497
04/29/2020,MYF,CA,AWP,WE,Towers with Radar,0,5,35,4,44,0,2,49,1,52,0,7,84,5,96,102,0,102,198
04/30/2020,MYF,CA,AWP,WE,Towers with Radar,0,1,42,6,49,0,3,77,0,80,0,4,119,6,129,233,0,233,362
05/01/2020,MYF,CA,AWP,WE,Towers with Radar,0,0,38,0,38,0,1,147,0,148,0,1,185,0,186,330,0,330,516
05/02/2020,MYF,CA,AWP,WE,Towers with Radar,0,2,30,0,32,0,0,214,1,215,0,2,244,1,247,308,0,308,555
05/03/2020,MYF,CA,AWP,WE,Towers with Radar,0,0,28,0,28,0,3,154,0,157,0,3,182,0,185,279,0,279,464
05/04/2020,MYF,CA,AWP,WE,Towers with Radar,0,4,25,1,30,0,6,113,3,122,0,10,138,4,152,310,0,310,462
05/05/2020,MYF,CA,AWP,WE,Towers with Radar,0,1,16,3,20,0,11,153,5,169,0,12,169,8,189,370,0,370,559
05/06/2020,MYF,CA,AWP,WE,Towers with Radar,0,0,20,1,21,0,3,153,4,160,0,3,173,5,181,407,0,407,588
05/07/2020,MYF,CA,AWP,WE,Towers with Radar,0,0,36,1,37,0,2,157,4,163,0,2,193,5,200,340,0,340,540
05/08/2020,MYF,CA,AWP,WE,Towers with Radar,0,4,25,3,32,0,3,150,1,154,0,7,175,4,186,313,26,339,525
05/09/2020,MYF,CA,AWP,WE,Towers with Radar,0,4,33,5,42,0,3,89,0,92,0,7,122,5,134,391,0,391,525
05/10/2020,MYF,CA,AWP,WE,Towers with Radar,0,2,45,0,47,0,3,51,0,54,0,5,96,0,101,103,0,103,204
05/11/2020,MYF,CA,AWP,WE,Towers with Radar,0,0,38,0,38,0,3,138,4,145,0,3,176,4,183,255,0,255,438
05/12/2020,MYF,CA,AWP,WE,Towers with Radar,0,3,27,1,31,0,3,148,3,154,0,6,175,4,185,358,0,358,543
05/13/2020,MYF,CA,AWP,WE,Towers with Radar,0,4,31,4,39,0,5,113,2,120,0,9,144,6,159,252,0,252,411
05/14/2020,MYF,CA,AWP,WE,Towers with Radar,0,6,44,1,51,0,9,185,3,197,0,15,229,4,248,385,0,385,633
05/15/2020,MYF,CA,AWP,WE,Towers with Radar,0,3,43,4,50,0,5,217,6,228,0,8,260,10,278,361,0,361,639
05/16/2020,MYF,CA,AWP,WE,Towers with Radar,0,7,54,0,61,0,3,182,1,186,0,10,236,1,247,416,0,416,663
05/17/2020,MYF,CA,AWP,WE,Towers with Radar,0,1,64,5,70,0,0,94,0,94,0,1,158,5,164,308,0,308,472
05/18/2020,MYF,CA,AWP,WE,Towers with Radar,0,2,44,2,48,0,4,95,2,101,0,6,139,4,149,477,0,477,626
05/19/2020,MYF,CA,AWP,WE,Towers with Radar,0,1,47,1,49,0,2,153,9,164,0,3,200,10,213,328,0,328,541
05/20/2020,MYF,CA,AWP,WE,Towers with Radar,0,2,51,7,60,0,9,215,3,227,0,11,266,10,287,450,0,450,737
05/21/2020,MYF,CA,AWP,WE,Towers with Radar,0,1,60,7,68,0,5,219,5,229,0,6,279,12,297,380,0,380,677
05/22/2020,MYF,CA,AWP,WE,Towers with Radar,0,9,59,1,69,0,3,243,4,250,0,12,302,5,319,275,0,275,594
05/23/2020,MYF,CA,AWP,WE,Towers with Radar,0,8,50,0,58,0,8,189,3,200,0,16,239,3,258,375,0,375,633
05/24/2020,MYF,CA,AWP,WE,Towers with Radar,0,1,28,0,29,0,4,195,0,199,0,5,223,0,228,306,0,306,534
05/25/2020,MYF,CA,AWP,WE,Towers with Radar,0,6,45,2,53,0,3,188,1,192,0,9,233,3,245,301,0,301,546
05/26/2020,MYF,CA,AWP,WE,Towers with Radar,0,1,47,3,51,0,0,181,8,189,0,1,228,11,240,415,0,415,655
05/27/2020,MYF,CA,AWP,WE,Towers with Radar,0,0,50,2,52,0,9,196,3,208,0,9,246,5,260,393,0,393,653
05/28/2020,MYF,CA,AWP,WE,Towers with Radar,0,4,72,2,78,0,4,186,1,191,0,8,258,3,269,379,0,379,648
05/29/2020,MYF,CA,AWP,WE,Towers with Radar,0,2,84,1,87,0,12,53,1,66,0,14,137,2,153,373,0,373,526
05/30/2020,MYF,CA,AWP,WE,Towers with Radar,0,3,66,0,69,0,1,206,0,207,0,4,272,0,276,400,0,400,676
05/31/2020,MYF,CA,AWP,WE,Towers with Radar,0,4,48,0,52,0,6,200,1,207,0,10,248,1,259,302,0,302,561
06/01/2020,MYF,CA,AWP,WE,Towers with Radar,0,0,40,1,41,0,4,226,2,232,0,4,266,3,273,459,0,459,732
06/02/2020,MYF,CA,AWP,WE,Towers with Radar,0,2,60,3,65,0,6,225,2,233,0,8,285,5,298,451,0,451,749
06/03/2020,MYF,CA,AWP,WE,Towers with Radar,0,1,59,0,60,0,1,249,4,254,0,2,308,4,314,570,0,570,884
06/04/2020,MYF,CA,AWP,WE,Towers with Radar,0,5,98,4,107,0,5,98,6,109,0,10,196,10,216,378,7,385,601
06/05/2020,MYF,CA,AWP,WE,Towers with Radar,0,3,70,1,74,0,1,125,3,129,0,4,195,4,203,516,0,516,719
06/06/2020,MYF,CA,AWP,WE,Towers with Radar,0,5,55,1,61,0,5,60,0,65,0,10,115,1,126,337,0,337,463
06/07/2020,MYF,CA,AWP,WE,Towers with Radar,0,2,61,0,63,0,7,198,0,205,0,9,259,0,268,348,0,348,616
06/08/2020,MYF,CA,AWP,WE,Towers with Radar,0,2,43,2,47,0,2,230,3,235,0,4,273,5,282,426,0,426,708
06/09/2020,MYF,CA,AWP,WE,Towers with Radar,0,2,33,3,38,0,3,246,4,253,0,5,279,7,291,522,0,522,813
06/10/2020,MYF,CA,AWP,WE,Towers with Radar,0,0,51,1,52,0,2,281,3,286,0,2,332,4,338,478,0,478,816
06/11/2020,MYF,CA,AWP,WE,Towers with Radar,0,2,38,0,40,0,9,250,4,263,0,11,288,4,303,547,0,547,850
06/12/2020,MYF,CA,AWP,WE,Towers with Radar,0,0,62,0,62,0,5,266,4,275,0,5,328,4,337,442,0,442,779
06/13/2020,MYF,CA,AWP,WE,Towers with Radar,0,3,50,0,53,0,2,219,6,227,0,5,269,6,280,551,8,559,839
06/14/2020,MYF,CA,AWP,WE,Towers with Radar,0,0,58,12,70,0,4,229,16,249,0,4,287,28,319,454,0,454,773
06/15/2020,MYF,CA,AWP,WE,Towers with Radar,0,1,87,0,88,0,9,184,2,195,0,10,271,2,283,749,0,749,1032
06/16/2020,MYF,CA,AWP,WE,Towers with Radar,0,1,101,3,105,0,7,209,5,221,0,8,310,8,326,636,0,636,962
06/17/2020,MYF,CA,AWP,WE,Towers with Radar,0,6,84,3,93,0,5,281,4,290,0,11,365,7,383,692,0,692,1075
06/18/2020,MYF,CA,AWP,WE,Towers with Radar,0,7,79,4,90,0,5,262,8,275,0,12,341,12,365,525,0,525,890
06/19/2020,MYF,CA,AWP,WE,Towers with Radar,0,2,99,3,104,0,4,261,0,265,0,6,360,3,369,660,0,660,1029
06/20/2020,MYF,CA,AWP,WE,Towers with Radar,0,8,107,2,117,0,14,160,1,175,0,22,267,3,292,577,0,577,869
06/21/2020,MYF,CA,AWP,WE,Towers with Radar,0,4,69,22,95,0,3,164,15,182,0,7,233,37,277,378,0,378,655
06/22/2020,MYF,CA,AWP,WE,Towers with Radar,0,4,75,5,84,0,8,207,3,218,0,12,282,8,302,509,0,509,811
06/23/2020,MYF,CA,AWP,WE,Towers with Radar,0,3,89,4,96,0,8,188,6,202,0,11,277,10,298,437,0,437,735
06/24/2020,MYF,CA,AWP,WE,Towers with Radar,0,11,116,4,131,0,3,100,2,105,0,14,216,6,236,267,0,267,503
06/25/2020,MYF,CA,AWP,WE,Towers with Radar,0,5,103,3,111,0,0,211,4,215,0,5,314,7,326,554,0,554,880
06/26/2020,MYF,CA,AWP,WE,Towers with Radar,0,3,75,3,81,0,8,241,0,249,0,11,316,3,330,739,0,739,1069
06/27/2020,MYF,CA,AWP,WE,Towers with Radar,0,5,79,3,87,0,13,275,1,289,0,18,354,4,376,471,0,471,847
06/28/2020,MYF,CA,AWP,WE,Towers with Radar,0,4,85,5,94,0,4,125,1,130,0,8,210,6,224,454,0,454,678
06/29/2020,MYF,CA,AWP,WE,Towers with Radar,0,4,74,3,81,0,8,90,1,99,0,12,164,4,180,414,0,414,594
06/30/2020,MYF,CA,AWP,WE,Towers with Radar,0,3,74,4,81,0,5,284,2,291,0,8,358,6,372,800,0,800,1172
07/01/2020,MYF,CA,AWP,WE,Towers with Radar,0,6,111,5,122,0,4,208,5,217,0,10,319,10,339,730,0,730,1069
07/02/2020,MYF,CA,AWP,WE,Towers with Radar,0,7,58,2,67,0,4,189,7,200,0,11,247,9,267,408,0,408,675
07/03/2020,MYF,CA,AWP,WE,Towers with Radar,0,3,50,0,53,0,4,323,0,327,0,7,373,0,380,690,0,690,1070
07/04/2020,MYF,CA,AWP,WE,Towers with Radar,0,2,22,0,24,0,1,171,0,172,0,3,193,0,196,320,0,320,516
07/05/2020,MYF,CA,AWP,WE,Towers with Radar,0,4,37,0,41,0,4,235,2,241,0,8,272,2,282,393,0,393,675
07/06/2020,MYF,CA,AWP,WE,Towers with Radar,0,0,49,1,50,0,1,209,4,214,0,1,258,5,264,533,0,533,797
07/07/2020,MYF,CA,AWP,WE,Towers with Radar,0,3,81,1,85,0,6,277,3,286,0,9,358,4,371,561,0,561,932
07/08/2020,MYF,CA,AWP,WE,Towers with Radar,0,3,77,3,83,0,6,223,3,232,0,9,300,6,315,749,0,749,1064
07/09/2020,MYF,CA,AWP,WE,Towers with Radar,0,1,73,7,81,0,2,292,10,304,0,3,365,17,385,487,0,487,872
07/10/2020,MYF,CA,AWP,WE,Towers with Radar,0,1,68,1,70,0,8,336,8,352,0,9,404,9,422,799,0,799,1221
07/11/2020,MYF,CA,AWP,WE,Towers with Radar,0,7,42,0,49,0,2,298,0,300,0,9,340,0,349,510,0,510,859
07/12/2020,MYF,CA,AWP,WE,Towers with Radar,0,3,44,0,47,0,7,221,0,228,0,10,265,0,275,521,0,521,796
07/13/2020,MYF,CA,AWP,WE,Towers with Radar,0,1,43,1,45,0,8,206,3,217,0,9,249,4,262,703,0,703,965
07/14/2020,MYF,CA,AWP,WE,Towers with Radar,0,2,79,3,84,0,0,274,1,275,0,2,353,4,359,799,0,799,1158
07/15/2020,MYF,CA,AWP,WE,Towers with Radar,0,1,72,1,74,0,3,296,3,302,0,4,368,4,376,479,0,479,855
07/16/2020,MYF,CA,AWP,WE,Towers with Radar,0,2,81,4,87,0,1,297,4,302,0,3,378,8,389,531,4,535,924
07/17/2020,MYF,CA,AWP,WE,Towers with Radar,0,9,74,5,88,0,7,341,4,352,0,16,415,9,440,693,0,693,1133
07/18/2020,MYF,CA,AWP,WE,Towers with Radar,0,3,57,0,60,0,4,202,6,212,0,7,259,6,272,310,0,310,582
07/19/2020,MYF,CA,AWP,WE,Towers with Radar,0,1,56,0,57,0,5,210,2,217,0,6,266,2,274,319,0,319,593
07/20/2020,MYF,CA,AWP,WE,Towers with Radar,0,0,70,1,71,0,6,257,3,266,0,6,327,4,337,583,0,583,920
07/21/2020,MYF,CA,AWP,WE,Towers with Radar,0,6,87,3,96,0,2,292,0,294,0,8,379,3,390,464,0,464,854
07/22/2020,MYF,CA,AWP,WE,Towers with Radar,0,2,87,9,98,0,5,195,4,204,0,7,282,13,302,737,0,737,1039
07/23/2020,MYF,CA,AWP,WE,Towers with Radar,0,0,92,2,94,0,3,277,0,280,0,3,369,2,374,687,0,687,1061
07/24/2020,MYF,CA,AWP,WE,Towers with Radar,0,2,68,1,71,0,4,263,1,268,0,6,331,2,339,776,0,776,1115
07/25/2020,MYF,CA,AWP,WE,Towers with Radar,0,0,52,0,52,0,10,274,1,285,0,10,326,1,337,408,0,408,745
07/26/2020,MYF,CA,AWP,WE,Towers with Radar,0,1,67,0,68,0,7,213,0,220,0,8,280,0,288,481,0,481,769
07/27/2020,MYF,CA,AWP,WE,Towers with Radar,0,6,61,0,67,0,3,222,5,230,0,9,283,5,297,470,4,474,771
07/28/2020,MYF,CA,AWP,WE,Towers with Radar,0,6,83,4,93,0,1,245,3,249,0,7,328,7,342,643,0,643,985
07/29/2020,MYF,CA,AWP,WE,Towers with Radar,0,5,76,2,83,0,9,233,1,243,0,14,309,3,326,489,0,489,815
07/30/2020,MYF,CA,AWP,WE,Towers with Radar,0,0,76,5,81,0,3,237,3,243,0,3,313,8,324,635,2,637,961
07/31/2020,MYF,CA,AWP,WE,Towers with Radar,0,1,61,0,62,0,0,304,1,305,0,1,365,1,367,695,0,695,1062
08/01/2020,MYF,CA,AWP,WE,Towers with Radar,0,5,48,0,53,0,7,234,2,243,0,12,282,2,296,387,0,387,683
08/02/2020,MYF,CA,AWP,WE,Towers with Radar,0,9,60,0,69,0,8,214,2,224,0,17,274,2,293,506,0,506,799
08/03/2020,MYF,CA,AWP,WE,Towers with Radar,0,1,50,4,55,0,3,231,2,236,0,4,281,6,291,738,0,738,1029
08/04/2020,MYF,CA,AWP,WE,Towers with Radar,0,3,74,3,80,0,9,280,3,292,0,12,354,6,372,504,0,504,876
08/05/2020,MYF,CA,AWP,WE,Towers with Radar,0,5,83,3,91,0,10,313,4,327,0,15,396,7,418,689,0,689,1107
08/06/2020,MYF,CA,AWP,WE,Towers with Radar,0,8,65,1,74,0,7,308,4,319,0,15,373,5,393,558,0,558,951
08/07/2020,MYF,CA,AWP,WE,Towers with Radar,0,1,59,0,60,0,3,307,1,311,0,4,366,1,371,690,0,690,1061
08/08/2020,MYF,CA,AWP,WE,Towers with Radar,0,6,62,1,69,0,2,299,2,303,0,8,361,3,372,515,0,515,887
08/09/2020,MYF,CA,AWP,WE,Towers with Radar,0,1,70,2,73,0,4,231,2,237,0,5,301,4,310,451,0,451,761
08/10/2020,MYF,CA,AWP,WE,Towers with Radar,0,0,86,3,89,0,3,208,4,215,0,3,294,7,304,541,1,542,846
08/11/2020,MYF,CA,AWP,WE,Towers with Radar,0,3,59,1,63,0,8,297,2,307,0,11,356,3,370,536,0,536,906
08/12/2020,MYF,CA,AWP,WE,Towers with Radar,0,0,70,1,71,0,7,323,8,338,0,7,393,9,409,587,0,587,996
08/13/2020,MYF,CA,AWP,WE,Towers with Radar,0,1,69,1,71,0,2,318,6,326,0,3,387,7,397,585,0,585,982
08/14/2020,MYF,CA,AWP,WE,Towers with Radar,0,8,54,1,63,0,10,270,2,282,0,18,324,3,345,632,0,632,977
08/15/2020,MYF,CA,AWP,WE,Towers with Radar,0,1,57,0,58,0,10,237,0,247,0,11,294,0,305,469,0,469,774
08/16/2020,MYF,CA,AWP,WE,Towers with Radar,0,2,67,0,69,0,3,229,0,232,0,5,296,0,301,316,0,316,617
08/17/2020,MYF,CA,AWP,WE,Towers with Radar,0,4,57,0,61,0,3,232,9,244,0,7,289,9,305,674,0,674,979
08/18/2020,MYF,CA,AWP,WE,Towers with Radar,0,2,43,1,46,0,2,222,8,232,0,4,265,9,278,679,0,679,957
08/19/2020,MYF,CA,AWP,WE,Towers with Radar,0,1,53,2,56,0,3,269,6,278,0,4,322,8,334,544,0,544,878
08/20/2020,MYF,CA,AWP,WE,Towers with Radar,0,4,64,2,70,0,0,262,8,270,0,4,326,10,340,537,0,537,877
08/21/2020,MYF,CA,AWP,WE,Towers with Radar,0,7,65,0,72,0,9,281,1,291,0,16,346,1,363,527,0,527,890
08/22/2020,MYF,CA,AWP,WE,Towers with Radar,0,5,42,0,47,0,11,241,1,253,0,16,283,1,300,257,0,257,557
08/23/2020,MYF,CA,AWP,WE,Towers with Radar,0,5,69,0,74,0,8,222,0,230,0,13,291,0,304,513,0,513,817
08/24/2020,MYF,CA,AWP,WE,Towers with Radar,0,3,73,3,79,0,11,196,1,208,0,14,269,4,287,321,0,321,608
08/25/2020,MYF,CA,AWP,WE,Towers with Radar,0,3,70,0,73,0,7,219,0,226,0,10,289,0,299,442,0,442,741
08/26/2020,MYF,CA,AWP,WE,Towers with Radar,0,2,82,3,87,0,3,245,4,252,0,5,327,7,339,486,0,486,825
08/27/2020,MYF,CA,AWP,WE,Towers with Radar,0,0,74,2,76,0,9,260,6,275,0,9,334,8,351,647,0,647,998
08/28/2020,MYF,CA,AWP,WE,Towers with Radar,0,3,61,0,64,0,5,278,2,285,0,8,339,2,349,581,0,581,930
08/29/2020,MYF,CA,AWP,WE,Towers with Radar,0,2,54,0,56,0,6,275,0,281,0,8,329,0,337,381,0,381,718
08/30/2020,MYF,CA,AWP,WE,Towers with Radar,0,0,52,0,52,0,4,245,1,250,0,4,297,1,302,409,0,409,711
08/31/2020,MYF,CA,AWP,WE,Towers with Radar,0,2,87,0,89,0,0,217,3,220,0,2,304,3,309,570,0,570,879
09/01/2020,MYF,CA,AWP,WE,Towers with Radar,0,2,65,1,68,0,1,237,2,240,0,3,302,3,308,693,0,693,1001
09/02/2020,MYF,CA,AWP,WE,Towers with Radar,0,12,62,0,74,0,9,287,8,304,0,21,349,8,378,570,0,570,948
09/03/2020,MYF,CA,AWP,WE,Towers with Radar,0,5,80,3,88,0,6,263,1,270,0,11,343,4,358,623,0,623,981
09/04/2020,MYF,CA,AWP,WE,Towers with Radar,0,4,66,1,71,0,4,318,3,325,0,8,384,4,396,557,0,557,953
09/05/2020,MYF,CA,AWP,WE,Towers with Radar,0,3,35,0,38,0,3,226,0,229,0,6,261,0,267,298,0,298,565
09/06/2020,MYF,CA,AWP,WE,Towers with Radar,0,0,27,0,27,0,6,150,0,156,0,6,177,0,183,383,0,383,566
09/07/2020,MYF,CA,AWP,WE,Towers with Radar,0,2,50,0,52,0,1,104,1,106,0,3,154,1,158,365,0,365,523
09/08/2020,MYF,CA,AWP,WE,Towers with Radar,0,7,95,3,105,0,1,60,2,63,0,8,155,5,168,462,0,462,630
09/09/2020,MYF,CA,AWP,WE,Towers with Radar,0,3,75,1,79,0,3,203,6,212,0,6,278,7,291,823,0,823,1114
09/10/2020,MYF,CA,AWP,WE,Towers with Radar,0,0,55,0,55,0,2,285,4,291,0,2,340,4,346,753,0,753,1099
09/11/2020,MYF,CA,AWP,WE,Towers with Radar,0,0,41,2,43,0,0,301,3,304,0,0,342,5,347,661,0,661,1008
09/12/2020,MYF,CA,AWP,WE,Towers with Radar,0,5,38,0,43,0,1,211,0,212,0,6,249,0,255,400,0,400,655
09/13/2020,MYF,CA,AWP,WE,Towers with Radar,0,3,67,0,70,0,6,151,0,157,0,9,218,0,227,462,0,462,689
09/14/2020,MYF,CA,AWP,WE,Towers with Radar,0,2,61,2,65,0,0,213,3,216,0,2,274,5,281,676,0,676,957
09/15/2020,MYF,CA,AWP,WE,Towers with Radar,0,7,71,3,81,0,2,211,2,215,0,9,282,5,296,737,0,737,1033
09/16/2020,MYF,CA,AWP,WE,Towers with Radar,0,2,88,1,91,0,2,303,2,307,0,4,391,3,398,654,0,654,1052
09/17/2020,MYF,CA,AWP,WE,Towers with Radar,0,4,64,2,70,0,11,329,6,346,0,15,393,8,416,694,0,694,1110
09/18/2020,MYF,CA,AWP,WE,Towers with Radar,0,4,63,0,67,0,14,395,1,410,0,18,458,1,477,651,0,651,1128
09/19/2020,MYF,CA,AWP,WE,Towers with Radar,0,2,50,0,52,0,9,294,1,304,0,11,344,1,356,482,0,482,838
09/20/2020,MYF,CA,AWP,WE,Towers with Radar,0,3,67,0,70,0,2,263,0,265,0,5,330,0,335,502,0,502,837
09/21/2020,MYF,CA,AWP,WE,Towers with Radar,0,10,76,0,86,0,3,265,2,270,0,13,341,2,356,554,0,554,910
09/22/2020,MYF,CA,AWP,WE,Towers with Radar,0,2,87,2,91,0,5,287,6,298,0,7,374,8,389,576,6,582,971
09/23/2020,MYF,CA,AWP,WE,Towers with Radar,0,1,66,1,68,0,3,263,8,274,0,4,329,9,342,770,0,770,1112
09/24/2020,MYF,CA,AWP,WE,Towers with Radar,0,2,57,1,60,0,13,313,5,331,0,15,370,6,391,469,0,469,860
09/25/2020,MYF,CA,AWP,WE,Towers with Radar,0,4,66,1,71,0,10,281,4,295,0,14,347,5,366,549,0,549,915
09/26/2020,MYF,CA,AWP,WE,Towers with Radar,0,2,66,1,69,0,11,291,1,303,0,13,357,2,372,379,0,379,751
09/27/2020,MYF,CA,AWP,WE,Towers with Radar,0,5,76,0,81,0,2,238,0,240,0,7,314,0,321,385,0,385,706
09/28/2020,MYF,CA,AWP,WE,Towers with Radar,0,3,63,3,69,0,2,245,1,248,0,5,308,4,317,515,0,515,832
09/29/2020,MYF,CA,AWP,WE,Towers with Radar,0,2,67,1,70,0,7,250,1,258,0,9,317,2,328,613,0,613,941
09/30/2020,MYF,CA,AWP,WE,Towers with Radar,0,0,61,7,68,0,9,272,6,287,0,9,333,13,355,590,0,590,945
10/01/2020,MYF,CA,AWP,WE,Towers with Radar,0,4,82,1,87,0,2,245,6,253,0,6,327,7,340,460,0,460,800
10/02/2020,MYF,CA,AWP,WE,Towers with Radar,0,1,62,5,68,0,14,314,9,337,0,15,376,14,405,500,0,500,905
10/03/2020,MYF,CA,AWP,WE,Towers with Radar,0,1,48,0,49,0,5,277,0,282,0,6,325,0,331,493,0,493,824
10/04/2020,MYF,CA,AWP,WE,Towers with Radar,0,4,50,0,54,0,7,248,0,255,0,11,298,0,309,570,0,570,879
10/05/2020,MYF,CA,AWP,WE,Towers with Radar,0,0,92,3,95,0,3,188,3,194,0,3,280,6,289,576,0,576,865
10/06/2020,MYF,CA,AWP,WE,Towers with Radar,0,0,58,3,61,0,3,207,3,213,0,3,265,6,274,600,2,602,876
10/07/2020,MYF,CA,AWP,WE,Towers with Radar,0,0,83,2,85,0,2,231,3,236,0,2,314,5,321,454,2,456,777
10/08/2020,MYF,CA,AWP,WE,Towers with Radar,0,1,107,5,113,0,1,230,1,232,0,2,337,6,345,733,0,733,1078
10/09/2020,MYF,CA,AWP,WE,Towers with Radar,0,3,106,7,116,0,9,246,2,257,0,12,352,9,373,840,0,840,1213
10/10/2020,MYF,CA,AWP,WE,Towers with Radar,0,5,66,0,71,0,6,232,3,241,0,11,298,3,312,576,2,578,890
10/11/2020,MYF,CA,AWP,WE,Towers with Radar,0,0,57,0,57,0,7,256,0,263,0,7,313,0,320,416,0,416,736
10/12/2020,MYF,CA,AWP,WE,Towers with Radar,0,3,58,0,61,0,4,302,3,309,0,7,360,3,370,371,0,371,741
10/13/2020,MYF,CA,AWP,WE,Towers with Radar,0,0,70,4,74,0,4,302,10,316,0,4,372,14,390,650,2,652,1042
10/14/2020,MYF,CA,AWP,WE,Towers with Radar,0,0,73,3,76,0,3,342,3,348,0,3,415,6,424,511,0,511,935
10/15/2020,MYF,CA,AWP,WE,Towers with Radar,0,2,84,3,89,0,4,321,4,329,0,6,405,7,418,561,0,561,979
10/16/2020,MYF,CA,AWP,WE,Towers with Radar,0,2,62,3,67,0,5,351,5,361,0,7,413,8,428,579,0,579,1007
10/17/2020,MYF,CA,AWP,WE,Towers with Radar,0,3,54,0,57,0,6,286,0,292,0,9,340,0,349,525,0,525,874
10/18/2020,MYF,CA,AWP,WE,Towers with Radar,0,2,68,0,70,0,1,225,0,226,0,3,293,0,296,497,0,497,793
10/19/2020,MYF,CA,AWP,WE,Towers with Radar,0,2,66,2,70,0,8,277,5,290,0,10,343,7,360,568,0,568,928
10/20/2020,MYF,CA,AWP,WE,Towers with Radar,0,0,86,0,86,0,9,308,3,320,0,9,394,3,406,466,0,466,872
10/21/2020,MYF,CA,AWP,WE,Towers with Radar,0,2,102,5,109,0,6,237,2,245,0,8,339,7,354,664,0,664,1018
10/22/2020,MYF,CA,AWP,WE,Towers with Radar,0,1,100,3,104,0,5,251,4,260,0,6,351,7,364,669,0,669,1033
10/23/2020,MYF,CA,AWP,WE,Towers with Radar,0,3,101,1,105,0,3,219,2,224,0,6,320,3,329,873,0,873,1202
10/24/2020,MYF,CA,AWP,WE,Towers with Radar,0,9,83,2,94,0,10,153,0,163,0,19,236,2,257,864,0,864,1121
10/25/2020,MYF,CA,AWP,WE,Towers with Radar,0,9,72,0,81,0,7,78,0,85,0,16,150,0,166,368,0,368,534
10/26/2020,MYF,CA,AWP,WE,Towers with Radar,0,4,44,2,50,0,2,178,4,184,0,6,222,6,234,551,0,551,785
10/27/2020,MYF,CA,AWP,WE,Towers with Radar,0,5,74,3,82,0,4,326,7,337,0,9,400,10,419,614,1,615,1034
10/28/2020,MYF,CA,AWP,WE,Towers with Radar,0,4,79,5,88,0,11,404,4,419,0,15,483,9,507,666,3,669,1176
10/29/2020,MYF,CA,AWP,WE,Towers with Radar,0,0,80,3,83,0,6,303,2,311,0,6,383,5,394,525,0,525,919
10/30/2020,MYF,CA,AWP,WE,Towers with Radar,0,3,73,1,77,0,8,336,1,345,0,11,409,2,422,482,0,482,904
10/31/2020,MYF,CA,AWP,WE,Towers with Radar,0,5,51,0,56,0,9,296,1,306,0,14,347,1,362,467,0,467,829
11/01/2020,MYF,CA,AWP,WE,Towers with Radar,0,1,63,0,64,0,8,249,1,258,0,9,312,1,322,453,0,453,775
11/02/2020,MYF,CA,AWP,WE,Towers with Radar,0,2,82,1,85,0,0,274,4,278,0,2,356,5,363,622,6,628,991
11/03/2020,MYF,CA,AWP,WE,Towers with Radar,0,0,82,1,83,0,2,241,2,245,0,2,323,3,328,540,0,540,868
11/04/2020,MYF,CA,AWP,WE,Towers with Radar,0,4,81,3,88,0,3,301,3,307,0,7,382,6,395,550,1,551,946
11/05/2020,MYF,CA,AWP,WE,Towers with Radar,0,1,80,2,83,0,9,283,2,294,0,10,363,4,377,662,1,663,1040
11/06/2020,MYF,CA,AWP,WE,Towers with Radar,0,3,82,3,88,0,9,153,2,164,0,12,235,5,252,372,0,372,624
11/07/2020,MYF,CA,AWP,WE,Towers with Radar,0,6,13,0,19,0,1,18,0,19,0,7,31,0,38,54,0,54,92
11/08/2020,MYF,CA,AWP,WE,Towers with Radar,0,0,27,0,27,0,1,14,0,15,0,1,41,0,42,129,0,129,171
11/09/2020,MYF,CA,AWP,WE,Towers with Radar,0,5,76,1,82,0,10,297,5,312,0,15,373,6,394,631,0,631,1025
11/10/2020,MYF,CA,AWP,WE,Towers with Radar,0,4,74,0,78,0,3,332,5,340,0,7,406,5,418,623,0,623,1041
11/11/2020,MYF,CA,AWP,WE,Towers with Radar,0,7,101,2,110,0,11,374,5,390,0,18,475,7,500,706,0,706,1206
11/12/2020,MYF,CA,AWP,WE,Towers with Radar,0,0,83,4,87,0,6,341,3,350,0,6,424,7,437,730,0,730,1167
11/13/2020,MYF,CA,AWP,WE,Towers with Radar,0,1,67,0,68,0,11,352,4,367,0,12,419,4,435,679,0,679,1114
11/14/2020,MYF,CA,AWP,WE,Towers with Radar,0,3,49,0,52,0,15,248,2,265,0,18,297,2,317,370,0,370,687
11/15/2020,MYF,CA,AWP,WE,Towers with Radar,0,0,55,0,55,0,7,293,0,300,0,7,348,0,355,484,0,484,839
11/16/2020,MYF,CA,AWP,WE,Towers with Radar,0,2,74,2,78,0,5,302,2,309,0,7,376,4,387,672,0,672,1059
11/17/2020,MYF,CA,AWP,WE,Towers with Radar,0,3,59,2,64,0,6,273,1,280,0,9,332,3,344,784,0,784,1128
11/18/2020,MYF,CA,AWP,WE,Towers with Radar,0,4,83,1,88,0,3,262,0,265,0,7,345,1,353,450,0,450,803
11/19/2020,MYF,CA,AWP,WE,Towers with Radar,0,9,61,0,70,0,13,290,1,304,0,22,351,1,374,470,0,470,844
11/20/2020,MYF,CA,AWP,WE,Towers with Radar,0,2,77,1,80,0,9,270,10,289,0,11,347,11,369,701,0,701,1070
11/21/2020,MYF,CA,AWP,WE,Towers with Radar,0,3,39,0,42,0,7,282,2,291,0,10,321,2,333,515,0,515,848
11/22/2020,MYF,CA,AWP,WE,Towers with Radar,0,2,60,0,62,0,13,219,1,233,0,15,279,1,295,490,0,490,785
11/23/2020,MYF,CA,AWP,WE,Towers with Radar,0,4,102,3,109,0,6,141,1,148,0,10,243,4,257,705,0,705,962
11/24/2020,MYF,CA,AWP,WE,Towers with Radar,0,0,72,0,72,0,11,355,0,366,0,11,427,0,438,710,0,710,1148
11/25/2020,MYF,CA,AWP,WE,Towers with Radar,0,0,88,1,89,0,9,252,1,262,0,9,340,2,351,535,0,535,886
11/26/2020,MYF,CA,AWP,WE,Towers with Radar,0,0,20,0,20,0,9,77,0,86,0,9,97,0,106,288,0,288,394
11/27/2020,MYF,CA,AWP,WE,Towers with Radar,0,2,41,0,43,0,16,208,2,226,0,18,249,2,269,313,0,313,582
11/28/2020,MYF,CA,AWP,WE,Towers with Radar,0,2,52,0,54,0,6,285,1,292,0,8,337,1,346,441,0,441,787
11/29/2020,MYF,CA,AWP,WE,Towers with Radar,0,2,56,0,58,0,6,262,1,269,0,8,318,1,327,541,0,541,868
11/30/2020,MYF,CA,AWP,WE,Towers with Radar,0,0,71,0,71,0,7,234,1,242,0,7,305,1,313,445,0,445,758
12/01/2020,MYF,CA,AWP,WE,Towers with Radar,0,0,57,1,58,0,7,264,3,274,0,7,321,4,332,778,0,778,1110
12/02/2020,MYF,CA,AWP,WE,Towers with Radar,0,2,59,2,63,0,2,265,3,270,0,4,324,5,333,588,0,588,921
12/03/2020,MYF,CA,AWP,WE,Towers with Radar,0,5,39,0,44,0,14,148,2,164,0,19,187,2,208,601,0,601,809
12/04/2020,MYF,CA,AWP,WE,Towers with Radar,0,1,82,1,84,0,5,340,2,347,0,6,422,3,431,597,0,597,1028
12/05/2020,MYF,CA,AWP,WE,Towers with Radar,0,2,34,0,36,0,4,311,1,316,0,6,345,1,352,482,0,482,834
12/06/2020,MYF,CA,AWP,WE,Towers with Radar,0,3,53,0,56,0,4,297,0,301,0,7,350,0,357,532,0,532,889
12/07/2020,MYF,CA,AWP,WE,Towers with Radar,0,0,61,1,62,0,9,236,2,247,0,9,297,3,309,597,0,597,906
12/08/2020,MYF,CA,AWP,WE,Towers with Radar,0,0,34,0,34,0,4,177,2,183,0,4,211,2,217,524,0,524,741
12/09/2020,MYF,CA,AWP,WE,Towers with Radar,0,13,66,3,82,0,26,292,5,323,0,39,358,8,405,596,0,596,1001
12/10/2020,MYF,CA,AWP,WE,Towers with Radar,0,3,83,3,89,0,3,178,1,182,0,6,261,4,271,603,0,603,874
12/11/2020,MYF,CA,AWP,WE,Towers with Radar,0,6,78,0,84,0,8,263,3,274,0,14,341,3,358,724,0,724,1082
12/12/2020,MYF,CA,AWP,WE,Towers with Radar,0,5,56,0,61,0,2,66,0,68,0,7,122,0,129,637,0,637,766
12/13/2020,MYF,CA,AWP,WE,Towers with Radar,0,0,43,0,43,0,14,253,2,269,0,14,296,2,312,296,0,296,608
12/14/2020,MYF,CA,AWP,WE,Towers with Radar,0,6,60,2,68,0,6,118,2,126,0,12,178,4,194,511,0,511,705
12/15/2020,MYF,CA,AWP,WE,Towers with Radar,0,1,54,2,57,0,9,281,5,295,0,10,335,7,352,616,0,616,968
12/16/2020,MYF,CA,AWP,WE,Towers with Radar,0,3,66,1,70,0,9,317,1,327,0,12,383,2,397,610,0,610,1007
12/17/2020,MYF,CA,AWP,WE,Towers with Radar,0,1,85,6,92,0,5,182,0,187,0,6,267,6,279,307,0,307,586
12/18/2020,MYF,CA,AWP,WE,Towers with Radar,0,0,60,1,61,0,10,318,1,329,0,10,378,2,390,490,0,490,880
12/19/2020,MYF,CA,AWP,WE,Towers with Radar,0,5,52,0,57,0,2,251,0,253,0,7,303,0,310,442,0,442,752
12/20/2020,MYF,CA,AWP,WE,Towers with Radar,0,1,45,3,49,0,16,200,1,217,0,17,245,4,266,280,0,280,546
12/21/2020,MYF,CA,AWP,WE,Towers with Radar,0,1,57,1,59,0,4,262,3,269,0,5,319,4,328,494,0,494,822
12/22/2020,MYF,CA,AWP,WE,Towers with Radar,0,1,54,3,58,0,6,249,6,261,0,7,303,9,319,600,0,600,919
12/23/2020,MYF,CA,AWP,WE,Towers with Radar,0,0,62,0,62,0,2,229,8,239,0,2,291,8,301,557,0,557,858
12/24/2020,MYF,CA,AWP,WE,Towers with Radar,0,6,29,0,35,0,2,90,0,92,0,8,119,0,127,171,0,171,298
12/25/2020,MYF,CA,AWP,WE,Towers with Radar,0,0,12,0,12,0,0,99,0,99,0,0,111,0,111,220,0,220,331
12/26/2020,MYF,CA,AWP,WE,Towers with Radar,0,2,37,0,39,0,6,213,4,223,0,8,250,4,262,300,0,300,562
12/27/2020,MYF,CA,AWP,WE,Towers with Radar,0,2,57,1,60,0,4,96,3,103,0,6,153,4,163,339,0,339,502
12/28/2020,MYF,CA,AWP,WE,Towers with Radar,0,2,13,0,15,0,0,21,0,21,0,2,34,0,36,225,0,225,261
12/29/2020,MYF,CA,AWP,WE,Towers with Radar,0,1,58,2,61,0,0,233,2,235,0,1,291,4,296,497,0,497,793
12/30/2020,MYF,CA,AWP,WE,Towers with Radar,0,2,66,0,68,0,4,311,2,317,0,6,377,2,385,503,0,503,888
12/31/2020,MYF,CA,AWP,WE,Towers with Radar,0,0,44,0,44,0,3,174,2,179,0,3,218,2,223,417,0,417,640
01/01/2021,MYF,CA,AWP,WE,Towers with Radar,0,3,25,0,28,0,7,146,0,153,0,10,171,0,181,158,0,158,339
01/02/2021,MYF,CA,AWP,WE,Towers with Radar,0,2,48,0,50,0,3,270,0,273,0,5,318,0,323,356,0,356,679
01/03/2021,MYF,CA,AWP,WE,Towers with Radar,0,0,46,1,47,0,3,209,0,212,0,3,255,1,259,477,0,477,736
01/04/2021,MYF,CA,AWP,WE,Towers with Radar,0,2,73,1,76,0,1,154,0,155,0,3,227,1,231,316,0,316,547
01/05/2021,MYF,CA,AWP,WE,Towers with Radar,0,4,63,0,67,0,1,155,0,156,0,5,218,0,223,345,0,345,568
01/06/2021,MYF,CA,AWP,WE,Towers with Radar,0,5,82,1,88,0,9,231,3,243,0,14,313,4,331,445,0,445,776
01/07/2021,MYF,CA,AWP,WE,Towers with Radar,0,2,74,1,77,0,8,279,3,290,0,10,353,4,367,546,0,546,913
01/08/2021,MYF,CA,AWP,WE,Towers with Radar,0,3,82,0,85,0,8,236,3,247,0,11,318,3,332,554,0,554,886
01/09/2021,MYF,CA,AWP,WE,Towers with Radar,0,2,37,0,39,0,3,262,0,265,0,5,299,0,304,468,0,468,772
01/10/2021,MYF,CA,AWP,WE,Towers with Radar,0,0,56,0,56,0,4,224,3,231,0,4,280,3,287,282,0,282,569
01/11/2021,MYF,CA,AWP,WE,Towers with Radar,0,0,78,4,82,0,6,276,11,293,0,6,354,15,375,531,0,531,906
01/12/2021,MYF,CA,AWP,WE,Towers with Radar,0,0,54,2,56,0,4,270,6,280,0,4,324,8,336,519,0,519,855
01/13/2021,MYF,CA,AWP,WE,Towers with Radar,0,0,56,2,58,0,12,293,2,307,0,12,349,4,365,596,0,596,961
01/14/2021,MYF,CA,AWP,WE,Towers with Radar,0,0,70,2,72,0,5,317,9,331,0,5,387,11,403,528,6,534,937
01/15/2021,MYF,CA,AWP,WE,Towers with Radar,0,0,45,0,45,0,9,238,2,249,0,9,283,2,294,506,0,506,800
01/16/2021,MYF,CA,AWP,WE,Towers with Radar,0,1,55,0,56,0,7,283,0,290,0,8,338,0,346,311,0,311,657
01/17/2021,MYF,CA,AWP,WE,Towers with Radar,0,2,38,0,40,0,4,267,1,272,0,6,305,1,312,406,0,406,718
01/18/2021,MYF,CA,AWP,WE,Towers with Radar,0,0,58,3,61,0,4,311,4,319,0,4,369,7,380,603,0,603,983
01/19/2021,MYF,CA,AWP,WE,Towers with Radar,0,0,29,0,29,0,3,80,9,92,0,3,109,9,121,381,0,381,502
01/20/2021,MYF,CA,AWP,WE,Towers with Radar,0,2,22,2,26,0,6,60,1,67,0,8,82,3,93,262,0,262,355
01/21/2021,MYF,CA,AWP,WE,Towers with Radar,0,1,86,3,90,0,6,356,6,368,0,7,442,9,458,711,0,711,1169
01/22/2021,MYF,CA,AWP,WE,Towers with Radar,0,9,79,2,90,0,5,64,4,73,0,14,143,6,163,806,0,806,969
01/23/2021,MYF,CA,AWP,WE,Towers with Radar,0,2,25,0,27,0,1,26,0,27,0,3,51,0,54,372,0,372,426
01/24/2021,MYF,CA,AWP,WE,Towers with Radar,0,0,34,3,37,0,0,186,0,186,0,0,220,3,223,511,0,511,734
01/25/2021,MYF,CA,AWP,WE,Towers with Radar,0,5,11,0,16,0,2,27,6,35,0,7,38,6,51,0,54,54,105
01/26/2021,MYF,CA,AWP,WE,Towers with Radar,0,4,49,2,55,0,7,313,6,326,0,11,362,8,381,747,0,747,1128
01/27/2021,MYF,CA,AWP,WE,Towers with Radar,0,1,61,2,64,0,5,303,6,314,0,6,364,8,378,733,0,733,1111
01/28/2021,MYF,CA,AWP,WE,Towers with Radar,0,2,56,1,59,0,10,255,2,267,0,12,311,3,326,682,0,682,1008
01/29/2021,MYF,CA,AWP,WE,Towers with Radar,0,0,15,0,15,0,0,18,0,18,0,0,33,0,33,77,0,77,110
01/30/2021,MYF,CA,AWP,WE,Towers with Radar,0,4,61,5,70,0,9,405,1,415,0,13,466,6,485,498,0,498,983
01/31/2021,MYF,CA,AWP,WE,Towers with Radar,0,0,58,0,58,0,19,303,1,323,0,19,361,1,381,556,0,556,937
02/01/2021,MYF,CA,AWP,WE,Towers with Radar,0,1,57,2,60,0,7,234,2,243,0,8,291,4,303,695,0,695,998
02/02/2021,MYF,CA,AWP,WE,Towers with Radar,0,3,64,2,69,0,8,335,3,346,0,11,399,5,415,609,0,609,1024
02/03/2021,MYF,CA,AWP,WE,Towers with Radar,0,1,78,5,84,0,4,181,3,188,0,5,259,8,272,471,0,471,743
02/04/2021,MYF,CA,AWP,WE,Towers with Radar,0,3,90,1,94,0,2,225,5,232,0,5,315,6,326,731,0,731,1057
02/05/2021,MYF,CA,AWP,WE,Towers with Radar,0,1,61,0,62,0,10,373,1,384,0,11,434,1,446,550,0,550,996
02/06/2021,MYF,CA,AWP,WE,Towers with Radar,0,2,52,0,54,0,5,343,0,348,0,7,395,0,402,498,0,498,900
02/07/2021,MYF,CA,AWP,WE,Towers with Radar,0,0,37,0,37,0,4,310,0,314,0,4,347,0,351,504,0,504,855
02/08/2021,MYF,CA,AWP,WE,Towers with Radar,0,5,68,2,75,0,4,173,3,180,0,9,241,5,255,559,0,559,814
02/09/2021,MYF,CA,AWP,WE,Towers with Radar,0,1,90,4,95,0,4,102,2,108,0,5,192,6,203,931,0,931,1134
02/10/2021,MYF,CA,AWP,WE,Towers with Radar,0,1,83,5,89,0,9,208,5,222,0,10,291,10,311,825,0,825,1136
02/11/2021,MYF,CA,AWP,WE,Towers with Radar,0,3,85,0,88,0,6,349,0,355,0,9,434,0,443,577,0,577,1020
02/12/2021,MYF,CA,AWP,WE,Towers with Radar,0,2,52,0,54,0,4,76,0,80,0,6,128,0,134,324,0,324,458
02/13/2021,MYF,CA,AWP,WE,Towers with Radar,0,1,29,0,30,0,1,47,0,48,0,2,76,0,78,231,0,231,309
02/14/2021,MYF,CA,AWP,WE,Towers with Radar,0,0,15,0,15,0,5,257,0,262,0,5,272,0,277,275,0,275,552
02/15/2021,MYF,CA,AWP,WE,Towers with Radar,0,2,90,0,92,0,2,237,0,239,0,4,327,0,331,172,0,172,503
02/16/2021,MYF,CA,AWP,WE,Towers with Radar,0,0,69,3,72,0,6,122,1,129,0,6,191,4,201,707,0,707,908
02/17/2021,MYF,CA,AWP,WE,Towers with Radar,0,0,70,1,71,0,5,336,4,345,0,5,406,5,416,651,0,651,1067
02/18/2021,MYF,CA,AWP,WE,Towers with Radar,0,0,56,4,60,0,19,291,2,312,0,19,347,6,372,451,0,451,823
02/19/2021,MYF,CA,AWP,WE,Towers with Radar,0,3,72,0,75,0,9,364,3,376,0,12,436,3,451,730,0,730,1181
02/20/2021,MYF,CA,AWP,WE,Towers with Radar,0,9,62,0,71,0,3,284,0,287,0,12,346,0,358,590,0,590,948
02/21/2021,MYF,CA,AWP,WE,Towers with Radar,0,0,40,1,41,0,5,277,1,283,0,5,317,2,324,319,0,319,643
02/22/2021,MYF,CA,AWP,WE,Towers with Radar,0,2,58,4,64,0,3,254,4,261,0,5,312,8,325,539,0,539,864
02/23/2021,MYF,CA,AWP,WE,Towers with Radar,0,0,59,2,61,0,4,320,2,326,0,4,379,4,387,738,0,738,1125
02/24/2021,MYF,CA,AWP,WE,Towers with Radar,0,5,61,2,68,0,7,318,6,331,0,12,379,8,399,473,2,475,874
02/25/2021,MYF,CA,AWP,WE,Towers with Radar,0,1,70,1,72,0,4,262,3,269,0,5,332,4,341,639,2,641,982
02/26/2021,MYF,CA,AWP,WE,Towers with Radar,0,2,73,1,76,0,4,319,2,325,0,6,392,3,401,599,0,599,1000
02/27/2021,MYF,CA,AWP,WE,Towers with Radar,0,2,60,1,63,0,20,291,0,311,0,22,351,1,374,561,0,561,935
02/28/2021,MYF,CA,AWP,WE,Towers with Radar,0,0,44,0,44,0,10,218,1,229,0,10,262,1,273,434,0,434,707
03/01/2021,MYF,CA,AWP,WE,Towers with Radar,0,2,37,1,40,0,26,299,6,331,0,28,336,7,371,614,4,618,989
03/02/2021,MYF,CA,AWP,WE,Towers with Radar,0,1,56,2,59,0,12,291,6,309,0,13,347,8,368,510,0,510,878
03/03/2021,MYF,CA,AWP,WE,Towers with Radar,0,0,29,2,31,0,1,6,1,8,0,1,35,3,39,47,0,47,86
03/04/2021,MYF,CA,AWP,WE,Towers with Radar,0,2,49,1,52,0,4,324,8,336,0,6,373,9,388,599,2,601,989
03/05/2021,MYF,CA,AWP,WE,Towers with Radar,0,2,68,0,70,0,12,350,3,365,0,14,418,3,435,646,0,646,1081
03/06/2021,MYF,CA,AWP,WE,Towers with Radar,0,2,72,0,74,1,11,299,1,312,1,13,371,1,386,428,0,428,814
03/07/2021,MYF,CA,AWP,WE,Towers with Radar,0,2,72,0,74,0,7,110,2,119,0,9,182,2,193,595,0,595,788
03/08/2021,MYF,CA,AWP,WE,Towers with Radar,0,2,79,4,85,0,3,117,2,122,0,5,196,6,207,740,2,742,949
03/09/2021,MYF,CA,AWP,WE,Towers with Radar,0,5,76,3,84,0,5,120,2,127,0,10,196,5,211,823,0,823,1034
03/10/2021,MYF,CA,AWP,WE,Towers with Radar,0,4,29,1,34,0,2,45,1,48,0,6,74,2,82,285,0,285,367
03/11/2021,MYF,CA,AWP,WE,Towers with Radar,0,4,30,2,36,0,0,135,5,140,0,4,165,7,176,650,0,650,826
03/12/2021,MYF,CA,AWP,WE,Towers with Radar,0,2,50,2,54,0,2,249,1,252,0,4,299,3,306,700,0,700,1006
03/13/2021,MYF,CA,AWP,WE,Towers with Radar,0,8,83,1,92,0,4,162,2,168,0,12,245,3,260,524,0,524,784
03/14/2021,MYF,CA,AWP,WE,Towers with Radar,0,2,82,0,84,0,2,193,0,195,0,4,275,0,279,766,0,766,1045
03/15/2021,MYF,CA,AWP,WE,Towers with Radar,0,2,47,0,49,0,2,27,1,30,0,4,74,1,79,167,0,167,246
03/16/2021,MYF,CA,AWP,WE,Towers with Radar,0,1,71,0,72,0,3,304,3,310,0,4,375,3,382,750,0,750,1132
03/17/2021,MYF,CA,AWP,WE,Towers with Radar,0,0,71,0,71,0,8,363,0,371,0,8,434,0,442,628,0,628,1070
03/18/2021,MYF,CA,AWP,WE,Towers with Radar,0,4,93,0,97,0,9,298,3,310,0,13,391,3,407,633,0,633,1040
03/19/2021,MYF,CA,AWP,WE,Towers with Radar,0,5,70,1,76,0,6,335,0,341,0,11,405,1,417,574,0,574,991
03/20/2021,MYF,CA,AWP,WE,Towers with Radar,0,4,81,3,88,0,9,168,2,179,0,13,249,5,267,405,0,405,672
03/21/2021,MYF,CA,AWP,WE,Towers with Radar,0,4,66,0,70,0,7,290,0,297,0,11,356,0,367,424,0,424,791
03/22/2021,MYF,CA,AWP,WE,Towers with Radar,0,4,63,4,71,0,7,289,4,300,0,11,352,8,371,546,0,546,917
03/23/2021,MYF,CA,AWP,WE,Towers with Radar,0,3,72,8,83,0,10,106,2,118,0,13,178,10,201,596,0,596,797
03/24/2021,MYF,CA,AWP,WE,Towers with Radar,0,6,62,2,70,0,15,326,4,345,0,21,388,6,415,425,2,427,842
03/25/2021,MYF,CA,AWP,WE,Towers with Radar,0,2,70,5,77,0,2,44,1,47,0,4,114,6,124,290,0,290,414
03/26/2021,MYF,CA,AWP,WE,Towers with Radar,0,6,61,4,71,0,23,232,6,261,0,29,293,10,332,881,0,881,1213
03/27/2021,MYF,CA,AWP,WE,Towers with Radar,0,2,57,0,59,0,3,324,0,327,0,5,381,0,386,410,1,411,797
03/28/2021,MYF,CA,AWP,WE,Towers with Radar,0,0,39,0,39,0,6,305,0,311,0,6,344,0,350,392,0,392,742
03/29/2021,MYF,CA,AWP,WE,Towers with Radar,0,0,58,1,59,0,7,266,6,279,0,7,324,7,338,579,2,581,919
03/30/2021,MYF,CA,AWP,WE,Towers with Radar,0,0,66,5,71,0,14,302,4,320,0,14,368,9,391,560,0,560,951
03/31/2021,MYF,CA,AWP,WE,Towers with Radar,0,0,55,2,57,0,13,295,6,314,0,13,350,8,371,829,0,829,1200
04/01/2021,MYF,CA,AWP,WE,Towers with Radar,0,2,60,3,65,0,0,340,3,343,0,2,400,6,408,699,1,700,1108
04/02/2021,MYF,CA,AWP,WE,Towers with Radar,0,4,75,5,84,0,5,283,3,291,0,9,358,8,375,511,0,511,886
04/03/2021,MYF,CA,AWP,WE,Towers with Radar,0,3,47,0,50,0,3,260,0,263,0,6,307,0,313,334,0,334,647
04/04/2021,MYF,CA,AWP,WE,Towers with Radar,0,2,29,0,31,0,9,184,0,193,0,11,213,0,224,441,1,442,666
04/05/2021,MYF,CA,AWP,WE,Towers with Radar,0,0,67,3,70,0,8,252,1,261,0,8,319,4,331,498,0,498,829
04/06/2021,MYF,CA,AWP,WE,Towers with Radar,0,0,65,1,66,0,1,327,5,333,0,1,392,6,399,554,5,559,958
04/07/2021,MYF,CA,AWP,WE,Towers with Radar,0,2,63,4,69,0,5,352,6,363,0,7,415,10,432,758,0,758,1190
04/08/2021,MYF,CA,AWP,WE,Towers with Radar,0,3,59,2,64,0,5,357,3,365,0,8,416,5,429,506,0,506,935
04/09/2021,MYF,CA,AWP,WE,Towers with Radar,0,3,81,1,85,0,12,318,3,333,0,15,399,4,418,473,0,473,891
04/10/2021,MYF,CA,AWP,WE,Towers with Radar,0,3,51,0,54,0,18,293,2,313,0,21,344,2,367,415,0,415,782
04/11/2021,MYF,CA,AWP,WE,Towers with Radar,0,1,50,1,52,0,1,220,2,223,0,2,270,3,275,706,0,706,981
04/12/2021,MYF,CA,AWP,WE,Towers with Radar,0,1,73,3,77,0,9,265,2,276,0,10,338,5,353,778,0,778,1131
04/13/2021,MYF,CA,AWP,WE,Towers with Radar,0,3,87,5,95,0,7,54,1,62,0,10,141,6,157,639,0,639,796
04/14/2021,MYF,CA,AWP,WE,Towers with Radar,0,4,86,2,92,0,6,194,0,200,0,10,280,2,292,811,0,811,1103
04/15/2021,MYF,CA,AWP,WE,Towers with Radar,0,14,86,0,100,0,5,294,4,303,0,19,380,4,403,510,0,510,913
04/16/2021,MYF,CA,AWP,WE,Towers with Radar,0,1,66,0,67,0,3,280,0,283,0,4,346,0,350,595,0,595,945
04/17/2021,MYF,CA,AWP,WE,Towers with Radar,0,4,43,0,47,0,7,322,0,329,0,11,365,0,376,458,0,458,834
04/18/2021,MYF,CA,AWP,WE,Towers with Radar,0,0,45,0,45,0,5,238,0,243,0,5,283,0,288,357,0,357,645
04/19/2021,MYF,CA,AWP,WE,Towers with Radar,0,5,52,1,58,0,7,323,5,335,0,12,375,6,393,671,0,671,1064
04/20/2021,MYF,CA,AWP,WE,Towers with Radar,0,0,55,2,57,0,0,298,0,298,0,0,353,2,355,420,2,422,777
04/21/2021,MYF,CA,AWP,WE,Towers with Radar,0,3,87,2,92,0,9,78,1,88,0,12,165,3,180,387,0,387,567
04/22/2021,MYF,CA,AWP,WE,Towers with Radar,0,4,72,2,78,0,2,59,4,65,0,6,131,6,143,636,0,636,779
04/23/2021,MYF,CA,AWP,WE,Towers with Radar,0,4,96,4,104,0,2,159,0,161,0,6,255,4,265,942,0,942,1207
04/24/2021,MYF,CA,AWP,WE,Towers with Radar,0,2,68,0,70,0,6,236,0,242,0,8,304,0,312,672,0,672,984
04/25/2021,MYF,CA,AWP,WE,Towers with Radar,0,3,53,0,56,0,13,239,1,253,0,16,292,1,309,623,0,623,932
04/26/2021,MYF,CA,AWP,WE,Towers with Radar,0,1,40,1,42,0,0,29,2,31,0,1,69,3,73,197,0,197,270
04/27/2021,MYF,CA,AWP,WE,Towers with Radar,0,2,71,2,75,0,5,299,7,311,0,7,370,9,386,736,0,736,1122
04/28/2021,MYF,CA,AWP,WE,Towers with Radar,0,2,55,1,58,0,11,360,10,381,0,13,415,11,439,625,2,627,1066
04/29/2021,MYF,CA,AWP,WE,Towers with Radar,0,2,72,2,76,0,13,355,4,372,0,15,427,6,448,623,0,623,1071
04/30/2021,MYF,CA,AWP,WE,Towers with Radar,0,2,63,1,66,0,7,371,3,381,0,9,434,4,447,694,0,694,1141
05/01/2021,MYF,CA,AWP,WE,Towers with Radar,0,2,52,0,54,0,9,226,0,235,0,11,278,0,289,414,0,414,703
05/02/2021,MYF,CA,AWP,WE,Towers with Radar,0,12,54,1,67,0,12,31,1,44,0,24,85,2,111,98,0,98,209
05/03/2021,MYF,CA,AWP,WE,Towers with Radar,0,2,53,3,58,0,3,261,2,266,0,5,314,5,324,765,0,765,1089
05/04/2021,MYF,CA,AWP,WE,Towers with Radar,0,2,63,1,66,0,6,296,7,309,0,8,359,8,375,665,1,666,1041
05/05/2021,MYF,CA,AWP,WE,Towers with Radar,0,1,70,1,72,0,20,220,4,244,0,21,290,5,316,607,0,607,923
05/06/2021,MYF,CA,AWP,WE,Towers with Radar,0,2,83,2,87,0,14,202,6,222,0,16,285,8,309,824,0,824,1133
05/07/2021,MYF,CA,AWP,WE,Towers with Radar,0,7,72,1,80,0,9,333,2,344,0,16,405,3,424,690,0,690,1114
05/08/2021,MYF,CA,AWP,WE,Towers with Radar,0,2,61,1,64,0,10,269,2,281,0,12,330,3,345,687,0,687,1032
05/09/2021,MYF,CA,AWP,WE,Towers with Radar,0,0,48,0,48,0,5,156,2,163,0,5,204,2,211,325,0,325,536
05/10/2021,MYF,CA,AWP,WE,Towers with Radar,0,0,78,6,84,0,3,183,4,190,0,3,261,10,274,729,0,729,1003
05/11/2021,MYF,CA,AWP,WE,Towers with Radar,0,6,61,2,69,0,11,213,7,231,0,17,274,9,300,722,1,723,1023
05/12/2021,MYF,CA,AWP,WE,Towers with Radar,0,5,92,3,100,0,6,185,1,192,0,11,277,4,292,600,0,600,892
05/13/2021,MYF,CA,AWP,WE,Towers with Radar,0,5,82,1,88,0,20,178,2,200,0,25,260,3,288,586,0,586,874
05/14/2021,MYF,CA,AWP,WE,Towers with Radar,0,3,73,2,78,0,14,191,3,208,0,17,264,5,286,551,0,551,837
05/15/2021,MYF,CA,AWP,WE,Towers with Radar,0,3,76,1,80,0,6,157,1,164,0,9,233,2,244,605,0,605,849
05/16/2021,MYF,CA,AWP,WE,Towers with Radar,0,4,64,0,68,0,10,40,1,51,0,14,104,1,119,327,0,327,446
05/17/2021,MYF,CA,AWP,WE,Towers with Radar,0,4,90,2,96,0,4,67,0,71,0,8,157,2,167,551,0,551,718
05/18/2021,MYF,CA,AWP,WE,Towers with Radar,0,2,81,3,86,0,16,183,3,202,0,18,264,6,288,737,0,737,1025
05/19/2021,MYF,CA,AWP,WE,Towers with Radar,0,4,95,3,102,0,8,257,5,270,0,12,352,8,372,469,0,469,841
05/20/2021,MYF,CA,AWP,WE,Towers with Radar,0,5,105,2,112,0,7,68,0,75,0,12,173,2,187,418,0,418,605
05/21/2021,MYF,CA,AWP,WE,Towers with Radar,0,3,59,4,66,0,7,130,3,140,0,10,189,7,206,488,0,488,694
05/22/2021,MYF,CA,AWP,WE,Towers with Radar,0,3,52,0,55,0,5,237,0,242,0,8,289,0,297,509,0,509,806
05/23/2021,MYF,CA,AWP,WE,Towers with Radar,0,1,43,0,44,0,8,288,0,296,0,9,331,0,340,610,0,610,950
05/24/2021,MYF,CA,AWP,WE,Towers with Radar,0,3,53,1,57,0,3,325,5,333,0,6,378,6,390,479,3,482,872
05/25/2021,MYF,CA,AWP,WE,Towers with Radar,0,7,45,0,52,0,12,298,6,316,0,19,343,6,368,498,0,498,866
05/26/2021,MYF,CA,AWP,WE,Towers with Radar,0,3,72,1,76,0,7,269,1,277,0,10,341,2,353,618,0,618,971
05/27/2021,MYF,CA,AWP,WE,Towers with Radar,0,3,87,1,91,0,14,296,2,312,0,17,383,3,403,531,0,531,934
05/28/2021,MYF,CA,AWP,WE,Towers with Radar,0,3,73,4,80,0,5,349,3,357,0,8,422,7,437,822,0,822,1259
05/29/2021,MYF,CA,AWP,WE,Towers with Radar,0,3,44,0,47,0,0,174,1,175,0,3,218,1,222,408,0,408,630
05/30/2021,MYF,CA,AWP,WE,Towers with Radar,0,1,53,0,54,0,4,112,0,116,0,5,165,0,170,161,0,161,331
05/31/2021,MYF,CA,AWP,WE,Towers with Radar,0,7,61,0,68,0,11,180,3,194,0,18,241,3,262,331,0,331,593
06/01/2021,MYF,CA,AWP,WE,Towers with Radar,0,1,62,5,68,0,6,254,2,262,0,7,316,7,330,477,0,477,807
06/02/2021,MYF,CA,AWP,WE,Towers with Radar,0,5,67,4,76,0,12,201,2,215,0,17,268,6,291,406,0,406,697
06/03/2021,MYF,CA,AWP,WE,Towers with Radar,0,3,90,3,96,0,3,290,4,297,0,6,380,7,393,651,0,651,1044
06/04/2021,MYF,CA,AWP,WE,Towers with Radar,0,1,67,1,69,0,10,291,3,304,0,11,358,4,373,590,0,590,963
06/05/2021,MYF,CA,AWP,WE,Towers with Radar,0,1,58,0,59,0,1,271,1,273,0,2,329,1,332,425,0,425,757
06/06/2021,MYF,CA,AWP,WE,Towers with Radar,0,1,64,0,65,0,8,176,0,184,0,9,240,0,249,472,0,472,721
06/07/2021,MYF,CA,AWP,WE,Towers with Radar,0,1,80,3,84,0,2,55,7,64,0,3,135,10,148,335,0,335,483
06/08/2021,MYF,CA,AWP,WE,Towers with Radar,0,1,69,6,76,0,21,238,4,263,0,22,307,10,339,569,0,569,908
06/09/2021,MYF,CA,AWP,WE,Towers with Radar,0,11,57,0,68,0,8,279,7,294,0,19,336,7,362,682,0,682,1044
06/10/2021,MYF,CA,AWP,WE,Towers with Radar,0,1,58,1,60,0,9,307,6,322,0,10,365,7,382,466,0,466,848
06/11/2021,MYF,CA,AWP,WE,Towers with Radar,0,5,58,1,64,0,10,326,1,337,0,15,384,2,401,607,0,607,1008
06/12/2021,MYF,CA,AWP,WE,Towers with Radar,0,5,56,0,61,0,4,294,0,298,0,9,350,0,359,480,0,480,839
06/13/2021,MYF,CA,AWP,WE,Towers with Radar,0,4,63,0,67,0,7,234,0,241,0,11,297,0,308,477,0,477,785
06/14/2021,MYF,CA,AWP,WE,Towers with Radar,0,0,67,2,69,0,4,221,8,233,0,4,288,10,302,430,3,433,735
06/15/2021,MYF,CA,AWP,WE,Towers with Radar,0,5,45,1,51,0,1,279,6,286,0,6,324,7,337,492,0,492,829
06/16/2021,MYF,CA,AWP,WE,Towers with Radar,0,4,49,5,58,0,10,238,10,258,0,14,287,15,316,574,0,574,890
06/17/2021,MYF,CA,AWP,WE,Towers with Radar,0,1,70,1,72,0,1,228,1,230,0,2,298,2,302,361,0,361,663
06/18/2021,MYF,CA,AWP,WE,Towers with Radar,0,1,81,5,87,0,7,195,4,206,0,8,276,9,293,491,0,491,784
06/19/2021,MYF,CA,AWP,WE,Towers with Radar,0,5,61,0,66,0,6,258,2,266,0,11,319,2,332,612,0,612,944
06/20/2021,MYF,CA,AWP,WE,Towers with Radar,0,5,65,0,70,0,2,140,2,144,0,7,205,2,214,194,0,194,408
06/21/2021,MYF,CA,AWP,WE,Towers with Radar,0,5,53,1,59,0,14,242,5,261,0,19,295,6,320,387,0,387,707
06/22/2021,MYF,CA,AWP,WE,Towers with Radar,0,2,82,3,87,0,12,231,4,247,0,14,313,7,334,499,0,499,833
06/23/2021,MYF,CA,AWP,WE,Towers with Radar,0,1,50,2,53,0,10,130,3,143,0,11,180,5,196,508,0,508,704
06/24/2021,MYF,CA,AWP,WE,Towers with Radar,0,5,90,5,100,0,19,244,5,268,0,24,334,10,368,569,0,569,937
06/25/2021,MYF,CA,AWP,WE,Towers with Radar,0,12,93,2,107,0,9,196,3,208,0,21,289,5,315,588,0,588,903
06/26/2021,MYF,CA,AWP,WE,Towers with Radar,0,8,63,0,71,0,6,245,2,253,0,14,308,2,324,448,0,448,772
06/27/2021,MYF,CA,AWP,WE,Towers with Radar,0,1,70,0,71,0,9,194,0,203,0,10,264,0,274,337,0,337,611
06/28/2021,MYF,CA,AWP,WE,Towers with Radar,0,6,92,4,102,0,7,145,3,155,0,13,237,7,257,404,0,404,661
06/29/2021,MYF,CA,AWP,WE,Towers with Radar,0,4,105,4,113,0,5,106,2,113,0,9,211,6,226,341,0,341,567
06/30/2021,MYF,CA,AWP,WE,Towers with Radar,0,2,81,3,86,0,15,219,5,239,0,17,300,8,325,505,0,505,830
07/01/2021,MYF,CA,AWP,WE,Towers with Radar,0,9,66,2,77,0,9,264,1,274,0,18,330,3,351,624,0,624,975
07/02/2021,MYF,CA,AWP,WE,Towers with Radar,0,2,73,2,77,0,6,261,0,267,0,8,334,2,344,612,0,612,956
07/03/2021,MYF,CA,AWP,WE,Towers with Radar,0,1,41,0,42,0,4,198,0,202,0,5,239,0,244,332,0,332,576
07/04/2021,MYF,CA,AWP,WE,Towers with Radar,0,1,31,1,33,0,1,87,0,88,0,2,118,1,121,176,0,176,297
07/05/2021,MYF,CA,AWP,WE,Towers with Radar,0,4,62,0,66,0,4,199,0,203,0,8,261,0,269,342,0,342,611
07/06/2021,MYF,CA,AWP,WE,Towers with Radar,0,4,67,2,73,0,6,261,4,271,0,10,328,6,344,426,0,426,770
07/07/2021,MYF,CA,AWP,WE,Towers with Radar,0,7,61,1,69,0,3,249,1,253,0,10,310,2,322,616,0,616,938
07/08/2021,MYF,CA,AWP,WE,Towers with Radar,0,1,70,1,72,0,7,274,1,282,0,8,344,2,354,642,0,642,996
07/09/2021,MYF,CA,AWP,WE,Towers with Radar,0,3,56,0,59,0,3,282,0,285,0,6,338,0,344,520,0,520,864
07/10/2021,MYF,CA,AWP,WE,Towers with Radar,0,2,41,0,43,0,8,263,0,271,0,10,304,0,314,482,0,482,796
07/11/2021,MYF,CA,AWP,WE,Towers with Radar,0,2,49,0,51,0,8,240,0,248,0,10,289,0,299,310,0,310,609
07/12/2021,MYF,CA,AWP,WE,Towers with Radar,0,3,74,2,79,0,2,155,0,157,0,5,229,2,236,419,0,419,655
07/13/2021,MYF,CA,AWP,WE,Towers with Radar,0,0,52,1,53,0,11,207,3,221,0,11,259,4,274,627,1,628,902
07/14/2021,MYF,CA,AWP,WE,Towers with Radar,0,4,67,1,72,0,3,240,1,244,0,7,307,2,316,524,6,530,846
07/15/2021,MYF,CA,AWP,WE,Towers with Radar,0,2,74,2,78,0,18,278,2,298,0,20,352,4,376,567,0,567,943
07/16/2021,MYF,CA,AWP,WE,Towers with Radar,0,3,63,1,67,0,2,256,1,259,0,5,319,2,326,384,0,384,710
07/17/2021,MYF,CA,AWP,WE,Towers with Radar,0,3,60,0,63,0,21,230,0,251,0,24,290,0,314,306,0,306,620
07/18/2021,MYF,CA,AWP,WE,Towers with Radar,0,2,45,0,47,0,5,208,0,213,0,7,253,0,260,384,0,384,644
07/19/2021,MYF,CA,AWP,WE,Towers with Radar,0,2,53,2,57,0,6,214,5,225,0,8,267,7,282,409,0,409,691
07/20/2021,MYF,CA,AWP,WE,Towers with Radar,0,0,57,1,58,0,6,265,1,272,0,6,322,2,330,541,0,541,871
07/21/2021,MYF,CA,AWP,WE,Towers with Radar,0,2,54,2,58,0,6,265,2,273,0,8,319,4,331,572,0,572,903
07/22/2021,MYF,CA,AWP,WE,Towers with Radar,0,1,82,3,86,0,0,169,2,171,0,1,251,5,257,341,0,341,598
07/23/2021,MYF,CA,AWP,WE,Towers with Radar,0,3,58,0,61,0,7,200,0,207,0,10,258,0,268,346,0,346,614
07/24/2021,MYF,CA,AWP,WE,Towers with Radar,0,4,62,0,66,0,7,193,1,201,0,11,255,1,267,339,0,339,606
07/25/2021,MYF,CA,AWP,WE,Towers with Radar,0,3,50,0,53,0,2,133,0,135,0,5,183,0,188,534,0,534,722
07/26/2021,MYF,CA,AWP,WE,Towers with Radar,0,3,82,2,87,0,0,18,1,19,0,3,100,3,106,49,0,49,155
07/27/2021,MYF,CA,AWP,WE,Towers with Radar,0,1,68,2,71,0,3,186,1,190,0,4,254,3,261,531,0,531,792
07/28/2021,MYF,CA,AWP,WE,Towers with Radar,0,5,53,1,59,0,8,298,3,309,0,13,351,4,368,618,1,619,987
07/29/2021,MYF,CA,AWP,WE,Towers with Radar,0,0,51,1,52,0,9,239,3,251,0,9,290,4,303,703,0,703,1006
07/30/2021,MYF,CA,AWP,WE,Towers with Radar,0,4,57,2,63,0,8,214,4,226,0,12,271,6,289,542,0,542,831
07/31/2021,MYF,CA,AWP,WE,Towers with Radar,0,3,42,1,46,0,4,255,1,260,0,7,297,2,306,310,0,310,616
08/01/2021,MYF,CA,AWP,WE,Towers with Radar,0,2,62,1,65,0,8,250,0,258,0,10,312,1,323,369,0,369,692
08/02/2021,MYF,CA,AWP,WE,Towers with Radar,0,1,51,1,53,0,4,225,1,230,0,5,276,2,283,464,0,464,747
08/03/2021,MYF,CA,AWP,WE,Towers with Radar,0,0,48,1,49,0,11,281,5,297,0,11,329,6,346,545,0,545,891
08/04/2021,MYF,CA,AWP,WE,Towers with Radar,0,3,55,1,59,0,15,255,1,271,0,18,310,2,330,397,0,397,727
08/05/2021,MYF,CA,AWP,WE,Towers with Radar,0,1,73,0,74,0,13,242,0,255,0,14,315,0,329,371,0,371,700
08/06/2021,MYF,CA,AWP,WE,Towers with Radar,0,10,76,2,88,0,6,173,0,179,0,16,249,2,267,219,0,219,486
08/07/2021,MYF,CA,AWP,WE,Towers with Radar,0,3,53,0,56,0,12,229,0,241,0,15,282,0,297,311,0,311,608
08/08/2021,MYF,CA,AWP,WE,Towers with Radar,0,5,71,0,76,0,3,151,0,154,0,8,222,0,230,264,0,264,494
08/09/2021,MYF,CA,AWP,WE,Towers with Radar,0,2,62,1,65,0,12,238,3,253,0,14,300,4,318,601,0,601,919
08/10/2021,MYF,CA,AWP,WE,Towers with Radar,0,3,54,1,58,0,8,212,2,222,0,11,266,3,280,494,2,496,776
08/11/2021,MYF,CA,AWP,WE,Towers with Radar,0,1,58,2,61,0,3,298,2,303,0,4,356,4,364,608,0,608,972
08/12/2021,MYF,CA,AWP,WE,Towers with Radar,0,0,53,1,54,0,0,263,2,265,0,0,316,3,319,650,0,650,969
08/13/2021,MYF,CA,AWP,WE,Towers with Radar,0,3,56,1,60,0,7,264,3,274,0,10,320,4,334,488,0,488,822
08/14/2021,MYF,CA,AWP,WE,Towers with Radar,0,2,57,0,59,0,2,280,0,282,0,4,337,0,341,470,0,470,811
08/15/2021,MYF,CA,AWP,WE,Towers with Radar,0,1,46,0,47,0,8,235,0,243,0,9,281,0,290,384,0,384,674
08/16/2021,MYF,CA,AWP,WE,Towers with Radar,0,2,68,2,72,0,13,215,3,231,0,15,283,5,303,322,0,322,625
08/17/2021,MYF,CA,AWP,WE,Towers with Radar,0,0,95,3,98,0,7,198,7,212,0,7,293,10,310,440,0,440,750
08/18/2021,MYF,CA,AWP,WE,Towers with Radar,0,6,98,2,106,0,9,62,4,75,0,15,160,6,181,618,0,618,799
08/19/2021,MYF,CA,AWP,WE,Towers with Radar,0,1,106,1,108,0,5,183,5,193,0,6,289,6,301,713,0,713,1014
08/20/2021,MYF,CA,AWP,WE,Towers with Radar,0,4,103,1,108,0,7,124,0,131,0,11,227,1,239,808,0,808,1047
08/21/2021,MYF,CA,AWP,WE,Towers with Radar,0,2,77,0,79,0,2,69,0,71,0,4,146,0,150,421,0,421,571
08/22/2021,MYF,CA,AWP,WE,Towers with Radar,0,4,96,0,100,0,10,82,0,92,0,14,178,0,192,405,0,405,597
08/23/2021,MYF,CA,AWP,WE,Towers with Radar,0,5,71,2,78,0,2,175,0,177,0,7,246,2,255,614,0,614,869
08/24/2021,MYF,CA,AWP,WE,Towers with Radar,0,0,59,0,59,0,5,252,6,263,0,5,311,6,322,630,0,630,952
08/25/2021,MYF,CA,AWP,WE,Towers with Radar,0,1,78,2,81,0,10,313,2,325,0,11,391,4,406,742,2,744,1150
08/26/2021,MYF,CA,AWP,WE,Towers with Radar,0,0,74,4,78,0,17,289,2,308,0,17,363,6,386,680,0,680,1066
08/27/2021,MYF,CA,AWP,WE,Towers with Radar,0,3,66,2,71,0,4,284,2,290,0,7,350,4,361,482,0,482,843
08/28/2021,MYF,CA,AWP,WE,Towers with Radar,0,0,48,0,48,0,1,212,0,213,0,1,260,0,261,275,0,275,536
08/29/2021,MYF,CA,AWP,WE,Towers with Radar,0,2,65,0,67,0,3,196,0,199,0,5,261,0,266,327,0,327,593
08/30/2021,MYF,CA,AWP,WE,Towers with Radar,0,0,71,3,74,0,20,141,2,163,0,20,212,5,237,476,0,476,713
08/31/2021,MYF,CA,AWP,WE,Towers with Radar,0,0,90,4,94,0,7,53,2,62,0,7,143,6,156,368,0,368,524
09/01/2021,MYF,CA,AWP,WE,Towers with Radar,0,0,99,3,102,0,9,173,1,183,0,9,272,4,285,855,0,855,1140
09/02/2021,MYF,CA,AWP,WE,Towers with Radar,0,4,83,4,91,0,13,269,2,284,0,17,352,6,375,614,0,614,989
09/03/2021,MYF,CA,AWP,WE,Towers with Radar,0,6,75,0,81,0,15,254,0,269,0,21,329,0,350,369,0,369,719
09/04/2021,MYF,CA,AWP,WE,Towers with Radar,0,3,57,0,60,0,3,246,0,249,0,6,303,0,309,342,0,342,651
09/05/2021,MYF,CA,AWP,WE,Towers with Radar,0,2,42,0,44,0,20,276,0,296,0,22,318,0,340,438,0,438,778
09/06/2021,MYF,CA,AWP,WE,Towers with Radar,0,2,62,2,66,0,7,205,2,214,0,9,267,4,280,236,0,236,516
09/07/2021,MYF,CA,AWP,WE,Towers with Radar,0,0,77,3,80,0,2,203,6,211,0,2,280,9,291,388,0,388,679
09/08/2021,MYF,CA,AWP,WE,Towers with Radar,0,2,75,2,79,0,20,241,5,266,0,22,316,7,345,434,0,434,779
09/09/2021,MYF,CA,AWP,WE,Towers with Radar,0,2,55,3,60,0,7,280,4,291,0,9,335,7,351,524,0,524,875
09/10/2021,MYF,CA,AWP,WE,Towers with Radar,0,2,60,1,63,0,12,262,4,278,0,14,322,5,341,572,0,572,913
09/11/2021,MYF,CA,AWP,WE,Towers with Radar,0,4,36,0,40,0,11,268,0,279,0,15,304,0,319,392,0,392,711
09/12/2021,MYF,CA,AWP,WE,Towers with Radar,0,2,64,0,66,0,6,223,0,229,0,8,287,0,295,342,0,342,637
09/13/2021,MYF,CA,AWP,WE,Towers with Radar,0,0,63,2,65,0,7,215,4,226,0,7,278,6,291,420,0,420,711
09/14/2021,MYF,CA,AWP,WE,Towers with Radar,0,3,62,1,66,0,10,232,3,245,0,13,294,4,311,479,0,479,790
09/15/2021,MYF,CA,AWP,WE,Towers with Radar,0,4,65,2,71,0,9,306,4,319,0,13,371,6,390,496,4,500,890
09/16/2021,MYF,CA,AWP,WE,Towers with Radar,0,8,72,1,81,0,9,318,1,328,0,17,390,2,409,490,0,490,899
09/17/2021,MYF,CA,AWP,WE,Towers with Radar,0,5,95,0,100,0,4,306,0,310,0,9,401,0,410,594,0,594,1004
09/18/2021,MYF,CA,AWP,WE,Towers with Radar,0,1,66,0,67,0,13,257,0,270,0,14,323,0,337,274,0,274,611
09/19/2021,MYF,CA,AWP,WE,Towers with Radar,1,3,64,0,68,0,6,186,0,192,1,9,250,0,260,336,0,336,596
09/20/2021,MYF,CA,AWP,WE,Towers with Radar,0,0,62,2,64,0,21,236,2,259,0,21,298,4,323,622,0,622,945
09/21/2021,MYF,CA,AWP,WE,Towers with Radar,0,0,61,3,64,0,8,274,2,284,0,8,335,5,348,534,0,534,882
09/22/2021,MYF,CA,AWP,WE,Towers with Radar,0,1,76,6,83,0,12,324,2,338,0,13,400,8,421,411,0,411,832
09/23/2021,MYF,CA,AWP,WE,Towers with Radar,0,1,75,0,76,0,9,261,1,271,0,10,336,1,347,479,0,479,826
09/24/2021,MYF,CA,AWP,WE,Towers with Radar,0,1,65,0,66,0,8,131,2,141,0,9,196,2,207,246,0,246,453
09/25/2021,MYF,CA,AWP,WE,Towers with Radar,0,5,84,1,90,0,12,191,3,206,0,17,275,4,296,321,0,321,617
09/26/2021,MYF,CA,AWP,WE,Towers with Radar,0,8,89,1,98,0,8,39,0,47,0,16,128,1,145,303,0,303,448
09/27/2021,MYF,CA,AWP,WE,Towers with Radar,0,16,117,3,136,0,3,14,0,17,0,19,131,3,153,39,0,39,192
09/28/2021,MYF,CA,AWP,WE,Towers with Radar,0,2,93,2,97,0,11,148,0,159,0,13,241,2,256,798,0,798,1054
09/29/2021,MYF,CA,AWP,WE,Towers with Radar,0,0,63,1,64,0,27,382,7,416,0,27,445,8,480,709,24,733,1213
09/30/2021,MYF,CA,AWP,WE,Towers with Radar,0,1,64,0,65,0,3,318,0,321,0,4,382,0,386,443,0,443,829
10/01/2021,MYF,CA,AWP,WE,Towers with Radar,0,3,65,0,68,0,18,346,0,364,0,21,411,0,432,668,0,668,1100
10/02/2021,MYF,CA,AWP,WE,Towers with Radar,0,1,45,0,46,0,4,267,0,271,0,5,312,0,317,441,0,441,758
10/03/2021,MYF,CA,AWP,WE,Towers with Radar,0,1,48,0,49,0,5,216,0,221,0,6,264,0,270,419,0,419,689
10/04/2021,MYF,CA,AWP,WE,Towers with Radar,0,2,38,1,41,0,7,187,2,196,0,9,225,3,237,389,0,389,626
10/05/2021,MYF,CA,AWP,WE,Towers with Radar,0,1,65,2,68,0,1,192,5,198,0,2,257,7,266,672,0,672,938
10/06/2021,MYF,CA,AWP,WE,Towers with Radar,0,6,102,2,110,0,6,98,3,107,0,12,200,5,217,768,0,768,985
10/07/2021,MYF,CA,AWP,WE,Towers with Radar,0,2,112,4,118,0,8,104,3,115,0,10,216,7,233,779,0,779,1012
10/08/2021,MYF,CA,AWP,WE,Towers with Radar,0,2,86,3,91,0,5,71,1,77,0,7,157,4,168,410,0,410,578
10/09/2021,MYF,CA,AWP,WE,Towers with Radar,0,2,51,0,53,0,13,327,2,342,0,15,378,2,395,544,0,544,939
10/10/2021,MYF,CA,AWP,WE,Towers with Radar,0,2,41,0,43,0,17,267,0,284,0,19,308,0,327,501,0,501,828
10/11/2021,MYF,CA,AWP,WE,Towers with Radar,0,0,61,2,63,0,1,38,0,39,0,1,99,2,102,313,0,313,415
10/12/2021,MYF,CA,AWP,WE,Towers with Radar,0,9,69,3,81,0,10,300,4,314,0,19,369,7,395,492,0,492,887
10/13/2021,MYF,CA,AWP,WE,Towers with Radar,0,6,55,4,65,0,8,310,3,321,0,14,365,7,386,550,0,550,936
10/14/2021,MYF,CA,AWP,WE,Towers with Radar,0,3,85,2,90,0,9,337,7,353,0,12,422,9,443,711,0,711,1154
10/15/2021,MYF,CA,AWP,WE,Towers with Radar,0,2,66,2,70,0,7,288,2,297,0,9,354,4,367,541,0,541,908
10/16/2021,MYF,CA,AWP,WE,Towers with Radar,0,2,35,1,38,0,7,259,0,266,0,9,294,1,304,529,0,529,833
10/17/2021,MYF,CA,AWP,WE,Towers with Radar,0,2,56,0,58,0,5,223,1,229,0,7,279,1,287,360,0,360,647
10/18/2021,MYF,CA,AWP,WE,Towers with Radar,0,4,73,2,79,0,4,56,0,60,0,8,129,2,139,321,0,321,460
10/19/2021,MYF,CA,AWP,WE,Towers with Radar,0,0,54,3,57,0,9,326,3,338,0,9,380,6,395,666,0,666,1061
10/20/2021,MYF,CA,AWP,WE,Towers with Radar,0,2,63,1,66,0,9,336,1,346,0,11,399,2,412,604,0,604,1016
10/21/2021,MYF,CA,AWP,WE,Towers with Radar,0,1,49,0,50,0,11,335,4,350,0,12,384,4,400,542,0,542,942
10/22/2021,MYF,CA,AWP,WE,Towers with Radar,0,6,100,3,109,0,17,191,2,210,0,23,291,5,319,382,0,382,701
10/23/2021,MYF,CA,AWP,WE,Towers with Radar,0,6,62,0,68,0,3,108,1,112,0,9,170,1,180,287,0,287,467
10/24/2021,MYF,CA,AWP,WE,Towers with Radar,0,2,55,0,57,0,11,252,3,266,0,13,307,3,323,419,0,419,742
10/25/2021,MYF,CA,AWP,WE,Towers with Radar,0,1,53,2,56,0,1,20,0,21,0,2,73,2,77,331,0,331,408
10/26/2021,MYF,CA,AWP,WE,Towers with Radar,0,0,81,1,82,0,12,254,4,270,0,12,335,5,352,562,0,562,914
10/27/2021,MYF,CA,AWP,WE,Towers with Radar,0,5,56,1,62,0,13,326,4,343,0,18,382,5,405,632,0,632,1037
10/28/2021,MYF,CA,AWP,WE,Towers with Radar,0,3,53,1,57,0,14,354,4,372,0,17,407,5,429,614,0,614,1043
10/29/2021,MYF,CA,AWP,WE,Towers with Radar,0,1,79,1,81,0,16,332,5,353,0,17,411,6,434,563,0,563,997
10/30/2021,MYF,CA,AWP,WE,Towers with Radar,0,10,65,0,75,0,12,202,1,215,0,22,267,1,290,287,0,287,577
10/31/2021,MYF,CA,AWP,WE,Towers with Radar,0,1,60,0,61,0,4,147,0,151,0,5,207,0,212,342,0,342,554
11/01/2021,MYF,CA,AWP,WE,Towers with Radar,0,0,94,2,96,0,13,163,0,176,0,13,257,2,272,393,0,393,665
11/02/2021,MYF,CA,AWP,WE,Towers with Radar,0,3,89,2,94,0,18,197,1,216,0,21,286,3,310,462,0,462,772
11/03/2021,MYF,CA,AWP,WE,Towers with Radar,0,3,59,3,65,0,17,256,5,278,0,20,315,8,343,511,0,511,854
11/04/2021,MYF,CA,AWP,WE,Towers with Radar,0,2,73,3,78,0,22,254,3,279,0,24,327,6,357,714,0,714,1071
11/05/2021,MYF,CA,AWP,WE,Towers with Radar,0,4,68,2,74,0,15,203,0,218,0,19,271,2,292,378,0,378,670
11/06/2021,MYF,CA,AWP,WE,Towers with Radar,0,5,64,2,71,0,11,247,0,258,0,16,311,2,329,478,0,478,807
11/07/2021,MYF,CA,AWP,WE,Towers with Radar,0,4,76,0,80,0,5,250,0,255,0,9,326,0,335,432,0,432,767
11/08/2021,MYF,CA,AWP,WE,Towers with Radar,0,3,73,1,77,0,14,232,2,248,0,17,305,3,325,497,0,497,822
11/09/2021,MYF,CA,AWP,WE,Towers with Radar,0,2,63,3,68,0,13,293,1,307,0,15,356,4,375,628,0,628,1003
11/10/2021,MYF,CA,AWP,WE,Towers with Radar,0,6,75,1,82,0,12,310,1,323,0,18,385,2,405,692,0,692,1097
11/11/2021,MYF,CA,AWP,WE,Towers with Radar,0,1,73,1,75,0,19,318,4,341,0,20,391,5,416,617,0,617,1033
11/12/2021,MYF,CA,AWP,WE,Towers with Radar,0,4,64,0,68,0,25,368,2,395,0,29,432,2,463,693,0,693,1156
11/13/2021,MYF,CA,AWP,WE,Towers with Radar,0,3,46,0,49,0,11,358,1,370,0,14,404,1,419,477,0,477,896
11/14/2021,MYF,CA,AWP,WE,Towers with Radar,0,1,54,0,55,0,7,324,0,331,0,8,378,0,386,517,0,517,903
11/15/2021,MYF,CA,AWP,WE,Towers with Radar,0,0,58,1,59,0,12,282,3,297,0,12,340,4,356,572,2,574,930
11/16/2021,MYF,CA,AWP,WE,Towers with Radar,0,0,74,0,74,0,1,232,6,239,0,1,306,6,313,537,0,537,850
11/17/2021,MYF,CA,AWP,WE,Towers with Radar,0,5,75,3,83,0,15,330,8,353,0,20,405,11,436,584,0,584,1020
11/18/2021,MYF,CA,AWP,WE,Towers with Radar,0,1,94,5,100,0,14,195,4,213,0,15,289,9,313,475,0,475,788
11/19/2021,MYF,CA,AWP,WE,Towers with Radar,0,3,76,2,81,0,9,236,1,246,0,12,312,3,327,631,0,631,958
11/20/2021,MYF,CA,AWP,WE,Towers with Radar,0,3,64,0,67,0,17,276,2,295,0,20,340,2,362,440,0,440,802
11/21/2021,MYF,CA,AWP,WE,Towers with Radar,0,0,55,0,55,0,7,278,2,287,0,7,333,2,342,469,0,469,811
11/22/2021,MYF,CA,AWP,WE,Towers with Radar,0,6,55,1,62,0,9,283,4,296,0,15,338,5,358,633,0,633,991
11/23/2021,MYF,CA,AWP,WE,Towers with Radar,0,6,83,4,93,0,12,277,10,299,0,18,360,14,392,633,2,635,1027
11/24/2021,MYF,CA,AWP,WE,Towers with Radar,0,5,64,0,69,0,8,303,1,312,0,13,367,1,381,614,0,614,995
11/25/2021,MYF,CA,AWP,WE,Towers with Radar,0,3,11,0,14,0,4,64,0,68,0,7,75,0,82,287,0,287,369
11/26/2021,MYF,CA,AWP,WE,Towers with Radar,0,5,33,0,38,0,17,208,4,229,0,22,241,4,267,641,0,641,908
11/27/2021,MYF,CA,AWP,WE,Towers with Radar,0,1,33,0,34,0,15,302,2,319,0,16,335,2,353,526,0,526,879
11/28/2021,MYF,CA,AWP,WE,Towers with Radar,0,7,48,0,55,0,7,279,0,286,0,14,327,0,341,446,0,446,787
11/29/2021,MYF,CA,AWP,WE,Towers with Radar,0,1,58,1,60,0,5,271,7,283,0,6,329,8,343,727,0,727,1070
11/30/2021,MYF,CA,AWP,WE,Towers with Radar,0,4,55,1,60,0,8,235,3,246,0,12,290,4,306,562,0,562,868
12/01/2021,MYF,CA,AWP,WE,Towers with Radar,0,4,72,2,78,0,9,254,4,267,0,13,326,6,345,581,0,581,926
12/02/2021,MYF,CA,AWP,WE,Towers with Radar,0,1,80,1,82,0,10,189,3,202,0,11,269,4,284,539,0,539,823
12/03/2021,MYF,CA,AWP,WE,Towers with Radar,0,3,83,6,92,0,24,192,7,223,0,27,275,13,315,456,0,456,771
12/04/2021,MYF,CA,AWP,WE,Towers with Radar,0,4,105,0,109,0,8,171,1,180,0,12,276,1,289,301,0,301,590
12/05/2021,MYF,CA,AWP,WE,Towers with Radar,0,2,73,0,75,0,4,236,0,240,0,6,309,0,315,405,0,405,720
12/06/2021,MYF,CA,AWP,WE,Towers with Radar,0,1,63,2,66,0,4,156,4,164,0,5,219,6,230,460,0,460,690
12/07/2021,MYF,CA,AWP,WE,Towers with Radar,0,4,77,0,81,0,13,48,0,61,0,17,125,0,142,496,0,496,638
12/08/2021,MYF,CA,AWP,WE,Towers with Radar,0,1,85,1,87,0,5,308,6,319,0,6,393,7,406,884,0,884,1290
12/09/2021,MYF,CA,AWP,WE,Towers with Radar,0,1,67,0,68,0,5,18,2,25,0,6,85,2,93,158,0,158,251
12/10/2021,MYF,CA,AWP,WE,Towers with Radar,0,4,67,0,71,0,5,255,1,261,0,9,322,1,332,812,0,812,1144
12/11/2021,MYF,CA,AWP,WE,Towers with Radar,0,0,51,0,51,0,18,383,0,401,0,18,434,0,452,283,0,283,735
12/12/2021,MYF,CA,AWP,WE,Towers with Radar,0,4,58,1,63,0,5,306,1,312,0,9,364,2,375,403,0,403,778
12/13/2021,MYF,CA,AWP,WE,Towers with Radar,0,0,75,3,78,0,2,86,2,90,0,2,161,5,168,501,0,501,669
12/14/2021,MYF,CA,AWP,WE,Towers with Radar,0,1,18,0,19,0,0,5,0,5,0,1,23,0,24,3,0,3,27
12/15/2021,MYF,CA,AWP,WE,Towers with Radar,0,6,85,3,94,0,25,329,2,356,0,31,414,5,450,456,0,456,906
12/16/2021,MYF,CA,AWP,WE,Towers with Radar,0,3,76,2,81,0,5,268,3,276,0,8,344,5,357,552,0,552,909
12/17/2021,MYF,CA,AWP,WE,Towers with Radar,0,1,56,1,58,0,8,350,1,359,0,9,406,2,417,523,0,523,940
12/18/2021,MYF,CA,AWP,WE,Towers with Radar,0,4,49,0,53,0,14,286,0,300,0,18,335,0,353,508,0,508,861
12/19/2021,MYF,CA,AWP,WE,Towers with Radar,0,0,40,0,40,0,11,265,0,276,0,11,305,0,316,368,0,368,684
12/20/2021,MYF,CA,AWP,WE,Towers with Radar,0,2,65,2,69,0,11,233,2,246,0,13,298,4,315,400,0,400,715
12/21/2021,MYF,CA,AWP,WE,Towers with Radar,0,4,47,1,52,0,5,203,3,211,0,9,250,4,263,497,0,497,760
12/22/2021,MYF,CA,AWP,WE,Towers with Radar,0,0,50,1,51,0,7,245,4,256,0,7,295,5,307,485,0,485,792
12/23/2021,MYF,CA,AWP,WE,Towers with Radar,0,4,40,0,44,0,1,74,0,75,0,5,114,0,119,686,0,686,805
12/24/2021,MYF,CA,AWP,WE,Towers with Radar,0,4,20,0,24,0,0,17,0,17,0,4,37,0,41,90,0,90,131
12/25/2021,MYF,CA,AWP,WE,Towers with Radar,0,5,14,0,19,0,0,22,0,22,0,5,36,0,41,88,0,88,129
12/26/2021,MYF,CA,AWP,WE,Towers with Radar,0,4,50,0,54,0,9,151,0,160,0,13,201,0,214,251,0,251,465
12/27/2021,MYF,CA,AWP,WE,Towers with Radar,0,2,33,0,35,0,7,55,1,63,0,9,88,1,98,328,0,328,426
12/28/2021,MYF,CA,AWP,WE,Towers with Radar,0,0,26,0,26,0,0,49,0,49,0,0,75,0,75,341,0,341,416
12/29/2021,MYF,CA,AWP,WE,Towers with Radar,0,8,25,0,33,0,0,25,0,25,0,8,50,0,58,126,0,126,184
12/30/2021,MYF,CA,AWP,WE,Towers with Radar,0,4,32,0,36,0,3,76,0,79,0,7,108,0,115,410,0,410,525
12/31/2021,MYF,CA,AWP,WE,Towers with Radar,0,3,56,0,59,0,0,84,0,84,0,3,140,0,143,427,0,427,570
01/01/2022,MYF,CA,AWP,WE,Towers with Radar,0,1,21,0,22,0,7,174,1,182,0,8,195,1,204,157,0,157,361
01/02/2022,MYF,CA,AWP,WE,Towers with Radar,0,3,57,0,60,0,8,256,0,264,0,11,313,0,324,374,0,374,698
01/03/2022,MYF,CA,AWP,WE,Towers with Radar,0,3,49,0,52,0,4,246,0,250,0,7,295,0,302,411,2,413,715
01/04/2022,MYF,CA,AWP,WE,Towers with Radar,0,5,67,2,74,0,5,265,6,276,0,10,332,8,350,472,0,472,822
01/05/2022,MYF,CA,AWP,WE,Towers with Radar,0,0,54,3,57,0,7,261,3,271,0,7,315,6,328,623,0,623,951
01/06/2022,MYF,CA,AWP,WE,Towers with Radar,0,1,75,1,77,0,10,278,3,291,0,11,353,4,368,487,0,487,855
01/07/2022,MYF,CA,AWP,WE,Towers with Radar,0,3,90,0,93,0,6,58,0,64,0,9,148,0,157,252,0,252,409
01/08/2022,MYF,CA,AWP,WE,Towers with Radar,0,4,60,0,64,0,18,182,0,200,0,22,242,0,264,491,0,491,755
01/09/2022,MYF,CA,AWP,WE,Towers with Radar,0,3,48,0,51,0,9,312,0,321,0,12,360,0,372,501,0,501,873
01/10/2022,MYF,CA,AWP,WE,Towers with Radar,0,5,30,2,37,0,2,270,2,274,0,7,300,4,311,524,0,524,835
01/11/2022,MYF,CA,AWP,WE,Towers with Radar,0,2,56,2,60,0,2,287,4,293,0,4,343,6,353,487,0,487,840
01/12/2022,MYF,CA,AWP,WE,Towers with Radar,0,4,63,2,69,0,3,280,3,286,0,7,343,5,355,498,0,498,853
01/13/2022,MYF,CA,AWP,WE,Towers with Radar,0,0,70,3,73,0,2,257,7,266,0,2,327,10,339,593,0,593,932
01/14/2022,MYF,CA,AWP,WE,Towers with Radar,0,1,63,1,65,0,9,292,2,303,0,10,355,3,368,611,0,611,979
01/15/2022,MYF,CA,AWP,WE,Towers with Radar,0,4,44,0,48,0,3,169,1,173,0,7,213,1,221,355,0,355,576
01/16/2022,MYF,CA,AWP,WE,Towers with Radar,0,3,49,0,52,0,4,279,0,283,0,7,328,0,335,438,0,438,773
01/17/2022,MYF,CA,AWP,WE,Towers with Radar,0,2,68,2,72,0,2,185,4,191,0,4,253,6,263,722,0,722,985
01/18/2022,MYF,CA,AWP,WE,Towers with Radar,0,2,104,2,108,0,0,64,1,65,0,2,168,3,173,424,0,424,597
01/19/2022,MYF,CA,AWP,WE,Towers with Radar,0,0,84,3,87,0,5,228,4,237,0,5,312,7,324,644,3,647,971
01/20/2022,MYF,CA,AWP,WE,Towers with Radar,0,0,57,1,58,0,3,313,4,320,0,3,370,5,378,482,0,482,860
01/21/2022,MYF,CA,AWP,WE,Towers with Radar,0,1,70,2,73,0,12,337,0,349,0,13,407,2,422,495,10,505,927
01/22/2022,MYF,CA,AWP,WE,Towers with Radar,0,1,37,0,38,0,11,254,0,265,0,12,291,0,303,661,0,661,964
01/23/2022,MYF,CA,AWP,WE,Towers with Radar,0,3,69,0,72,0,2,278,0,280,0,5,347,0,352,438,0,438,790
01/24/2022,MYF,CA,AWP,WE,Towers with Radar,0,0,72,3,75,0,6,268,2,276,0,6,340,5,351,733,10,743,1094
01/25/2022,MYF,CA,AWP,WE,Towers with Radar,0,1,63,2,66,0,4,236,3,243,0,5,299,5,309,442,0,442,751
01/26/2022,MYF,CA,AWP,WE,Towers with Radar,0,0,72,2,74,0,3,318,4,325,0,3,390,6,399,824,0,824,1223
01/27/2022,MYF,CA,AWP,WE,Towers with Radar,0,3,92,0,95,0,8,304,7,319,0,11,396,7,414,645,0,645,1059
01/28/2022,MYF,CA,AWP,WE,Towers with Radar,0,2,83,2,87,0,2,314,5,321,0,4,397,7,408,920,0,920,1328
01/29/2022,MYF,CA,AWP,WE,Towers with Radar,0,0,59,0,59,0,6,319,0,325,0,6,378,0,384,568,0,568,952
01/30/2022,MYF,CA,AWP,WE,Towers with Radar,0,0,54,0,54,0,11,293,0,304,0,11,347,0,358,433,0,433,791
01/31/2022,MYF,CA,AWP,WE,Towers with Radar,0,3,76,0,79,0,8,236,6,250,0,11,312,6,329,431,0,431,760
02/01/2022,MYF,CA,AWP,WE,Towers with Radar,0,6,96,2,104,0,4,123,0,127,0,10,219,2,231,514,0,514,745
02/02/2022,MYF,CA,AWP,WE,Towers with Radar,0,6,39,2,47,0,3,267,4,274,0,9,306,6,321,706,0,706,1027
02/03/2022,MYF,CA,AWP,WE,Towers with Radar,0,1,66,1,68,0,2,327,3,332,0,3,393,4,400,536,0,536,936
02/04/2022,MYF,CA,AWP,WE,Towers with Radar,0,7,59,0,66,0,5,292,0,297,0,12,351,0,363,817,0,817,1180
02/05/2022,MYF,CA,AWP,WE,Towers with Radar,0,6,61,4,71,0,15,396,0,411,0,21,457,4,482,417,0,417,899
02/06/2022,MYF,CA,AWP,WE,Towers with Radar,0,3,55,1,59,0,8,271,0,279,0,11,326,1,338,476,0,476,814
02/07/2022,MYF,CA,AWP,WE,Towers with Radar,0,4,58,1,63,0,3,292,3,298,0,7,350,4,361,120,0,120,481
02/08/2022,MYF,CA,AWP,WE,Towers with Radar,0,0,51,1,52,0,4,345,4,353,0,4,396,5,405,42,0,42,447
02/09/2022,MYF,CA,AWP,WE,Towers with Radar,0,4,71,1,76,0,1,217,4,222,0,5,288,5,298,362,2,364,662
02/10/2022,MYF,CA,AWP,WE,Towers with Radar,0,6,42,1,49,0,6,147,5,158,0,12,189,6,207,298,3,301,508
02/11/2022,MYF,CA,AWP,WE,Towers with Radar,0,3,73,2,78,0,10,332,3,345,0,13,405,5,423,745,0,745,1168
02/12/2022,MYF,CA,AWP,WE,Towers with Radar,0,3,59,0,62,0,6,321,0,327,0,9,380,0,389,576,0,576,965
02/13/2022,MYF,CA,AWP,WE,Towers with Radar,0,4,37,0,41,0,5,222,0,227,0,9,259,0,268,501,0,501,769
02/14/2022,MYF,CA,AWP,WE,Towers with Radar,0,1,54,1,56,0,15,259,4,278,0,16,313,5,334,501,0,501,835
02/15/2022,MYF,CA,AWP,WE,Towers with Radar,0,1,50,1,52,0,1,23,1,25,0,2,73,2,77,45,0,45,122
02/16/2022,MYF,CA,AWP,WE,Towers with Radar,0,2,67,1,70,0,9,290,5,304,0,11,357,6,374,554,0,554,928
02/17/2022,MYF,CA,AWP,WE,Towers with Radar,0,3,61,1,65,0,18,279,1,298,0,21,340,2,363,526,0,526,889
02/18/2022,MYF,CA,AWP,WE,Towers with Radar,0,0,79,0,79,0,9,396,3,408,0,9,475,3,487,629,0,629,1116
02/19/2022,MYF,CA,AWP,WE,Towers with Radar,0,3,47,0,50,0,3,357,0,360,0,6,404,0,410,424,0,424,834
02/20/2022,MYF,CA,AWP,WE,Towers with Radar,0,0,86,0,86,0,8,201,3,212,0,8,287,3,298,377,0,377,675
02/21/2022,MYF,CA,AWP,WE,Towers with Radar,0,5,81,0,86,0,2,70,0,72,0,7,151,0,158,488,0,488,646
02/22/2022,MYF,CA,AWP,WE,Towers with Radar,0,4,41,1,46,0,6,50,3,59,0,10,91,4,105,379,0,379,484
02/23/2022,MYF,CA,AWP,WE,Towers with Radar,0,7,39,1,47,0,3,50,4,57,0,10,89,5,104,71,0,71,175
02/24/2022,MYF,CA,AWP,WE,Towers with Radar,0,5,89,1,95,0,9,361,6,376,0,14,450,7,471,758,0,758,1229
02/25/2022,MYF,CA,AWP,WE,Towers with Radar,0,4,73,2,79,0,15,405,6,426,0,19,478,8,505,589,0,589,1094
02/26/2022,MYF,CA,AWP,WE,Towers with Radar,0,3,58,0,61,0,13,348,1,362,0,16,406,1,423,589,0,589,1012
02/27/2022,MYF,CA,AWP,WE,Towers with Radar,0,0,65,1,66,0,2,301,0,303,0,2,366,1,369,513,0,513,882
02/28/2022,MYF,CA,AWP,WE,Towers with Radar,0,1,68,2,71,0,4,259,2,265,0,5,327,4,336,565,0,565,901
03/01/2022,MYF,CA,AWP,WE,Towers with Radar,0,2,72,1,75,0,12,304,1,317,0,14,376,2,392,587,0,587,979
03/02/2022,MYF,CA,AWP,WE,Towers with Radar,0,2,71,0,73,0,8,319,3,330,0,10,390,3,403,886,0,886,1289
03/03/2022,MYF,CA,AWP,WE,Towers with Radar,0,2,88,1,91,0,6,134,3,143,0,8,222,4,234,275,0,275,509
03/04/2022,MYF,CA,AWP,WE,Towers with Radar,0,3,35,0,38,0,0,60,0,60,0,3,95,0,98,475,0,475,573
03/05/2022,MYF,CA,AWP,WE,Towers with Radar,0,3,44,0,47,0,4,99,0,103,0,7,143,0,150,385,0,385,535
03/06/2022,MYF,CA,AWP,WE,Towers with Radar,0,2,84,0,86,0,2,260,0,262,0,4,344,0,348,769,0,769,1117
03/07/2022,MYF,CA,AWP,WE,Towers with Radar,0,1,54,1,56,0,7,295,2,304,0,8,349,3,360,569,0,569,929
03/08/2022,MYF,CA,AWP,WE,Towers with Radar,0,1,70,0,71,0,2,335,1,338,0,3,405,1,409,637,0,637,1046
03/09/2022,MYF,CA,AWP,WE,Towers with Radar,0,2,65,3,70,0,19,318,1,338,0,21,383,4,408,640,0,640,1048
03/10/2022,MYF,CA,AWP,WE,Towers with Radar,0,9,82,4,95,0,5,181,2,188,0,14,263,6,283,771,0,771,1054
03/11/2022,MYF,CA,AWP,WE,Towers with Radar,0,3,68,1,72,0,12,370,5,387,0,15,438,6,459,728,0,728,1187
03/12/2022,MYF,CA,AWP,WE,Towers with Radar,0,2,43,0,45,0,21,358,0,379,0,23,401,0,424,676,0,676,1100
03/13/2022,MYF,CA,AWP,WE,Towers with Radar,0,2,51,0,53,0,13,230,1,244,0,15,281,1,297,322,2,324,621
03/14/2022,MYF,CA,AWP,WE,Towers with Radar,0,5,59,1,65,0,12,271,4,287,0,17,330,5,352,653,0,653,1005
03/15/2022,MYF,CA,AWP,WE,Towers with Radar,0,3,71,1,75,0,12,299,7,318,0,15,370,8,393,654,0,654,1047
03/16/2022,MYF,CA,AWP,WE,Towers with Radar,0,6,87,4,97,0,17,223,5,245,0,23,310,9,342,651,0,651,993
03/17/2022,MYF,CA,AWP,WE,Towers with Radar,0,4,78,5,87,0,14,346,5,365,0,18,424,10,452,639,0,639,1091
03/18/2022,MYF,CA,AWP,WE,Towers with Radar,0,7,87,1,95,0,17,366,4,387,0,24,453,5,482,766,0,766,1248
03/19/2022,MYF,CA,AWP,WE,Towers with Radar,0,4,71,0,75,0,2,178,1,181,0,6,249,1,256,421,0,421,677
03/20/2022,MYF,CA,AWP,WE,Towers with Radar,0,5,71,0,76,0,1,123,0,124,0,6,194,0,200,256,0,256,456
03/21/2022,MYF,CA,AWP,WE,Towers with Radar,0,1,63,1,65,0,9,261,1,271,0,10,324,2,336,704,2,706,1042
03/22/2022,MYF,CA,AWP,WE,Towers with Radar,0,0,74,1,75,0,3,283,4,290,0,3,357,5,365,689,0,689,1054
03/23/2022,MYF,CA,AWP,WE,Towers with Radar,0,5,75,1,81,0,6,297,1,304,0,11,372,2,385,953,0,953,1338
03/24/2022,MYF,CA,AWP,WE,Towers with Radar,0,0,66,4,70,0,3,342,2,347,0,3,408,6,417,701,0,701,1118
03/25/2022,MYF,CA,AWP,WE,Towers with Radar,0,1,69,1,71,0,0,317,1,318,0,1,386,2,389,738,0,738,1127
03/26/2022,MYF,CA,AWP,WE,Towers with Radar,0,4,62,0,66,0,8,200,1,209,0,12,262,1,275,430,0,430,705
03/27/2022,MYF,CA,AWP,WE,Towers with Radar,0,1,83,0,84,0,6,190,0,196,0,7,273,0,280,548,0,548,828
03/28/2022,MYF,CA,AWP,WE,Towers with Radar,0,1,29,0,30,0,3,16,2,21,0,4,45,2,51,46,0,46,97
03/29/2022,MYF,CA,AWP,WE,Towers with Radar,0,3,82,4,89,0,12,121,2,135,0,15,203,6,224,606,0,606,830
03/30/2022,MYF,CA,AWP,WE,Towers with Radar,0,3,107,4,114,0,6,262,5,273,0,9,369,9,387,621,0,621,1008
03/31/2022,MYF,CA,AWP,WE,Towers with Radar,0,2,111,3,116,0,5,54,2,61,0,7,165,5,177,596,0,596,773
04/01/2022,MYF,CA,AWP,WE,Towers with Radar,0,6,98,2,106,0,13,235,0,248,0,19,333,2,354,840,0,840,1194
04/02/2022,MYF,CA,AWP,WE,Towers with Radar,0,5,92,2,99,0,8,15,0,23,0,13,107,2,122,51,0,51,173
04/03/2022,MYF,CA,AWP,WE,Towers with Radar,0,8,121,0,129,0,5,31,0,36,0,13,152,0,165,121,0,121,286
04/04/2022,MYF,CA,AWP,WE,Towers with Radar,0,3,65,3,71,0,15,253,6,274,0,18,318,9,345,826,0,826,1171
04/05/2022,MYF,CA,AWP,WE,Towers with Radar,0,5,77,2,84,0,11,295,1,307,0,16,372,3,391,527,0,527,918
04/06/2022,MYF,CA,AWP,WE,Towers with Radar,0,3,78,5,86,0,19,335,2,356,0,22,413,7,442,671,0,671,1113
04/07/2022,MYF,CA,AWP,WE,Towers with Radar,0,4,40,2,46,0,12,251,2,265,0,16,291,4,311,795,4,799,1110
04/08/2022,MYF,CA,AWP,WE,Towers with Radar,0,2,58,1,61,0,3,283,2,288,0,5,341,3,349,584,0,584,933
04/09/2022,MYF,CA,AWP,WE,Towers with Radar,0,2,56,0,58,0,2,252,0,254,0,4,308,0,312,243,0,243,555
04/10/2022,MYF,CA,AWP,WE,Towers with Radar,0,4,111,0,115,0,3,61,0,64,0,7,172,0,179,576,0,576,755
04/11/2022,MYF,CA,AWP,WE,Towers with Radar,0,5,62,2,69,0,3,120,3,126,0,8,182,5,195,534,0,534,729
04/12/2022,MYF,CA,AWP,WE,Towers with Radar,0,1,57,1,59,0,10,267,2,279,0,11,324,3,338,640,0,640,978
04/13/2022,MYF,CA,AWP,WE,Towers with Radar,0,6,50,2,58,0,8,355,2,365,0,14,405,4,423,653,0,653,1076
04/14/2022,MYF,CA,AWP,WE,Towers with Radar,0,0,76,6,82,0,18,382,9,409,0,18,458,15,491,689,0,689,1180
04/15/2022,MYF,CA,AWP,WE,Towers with Radar,0,2,64,2,68,0,6,312,4,322,0,8,376,6,390,671,0,671,1061
04/16/2022,MYF,CA,AWP,WE,Towers with Radar,0,6,71,2,79,0,7,183,1,191,0,13,254,3,270,484,0,484,754
04/17/2022,MYF,CA,AWP,WE,Towers with Radar,0,6,57,0,63,0,5,178,0,183,0,11,235,0,246,432,0,432,678
04/18/2022,MYF,CA,AWP,WE,Towers with Radar,0,2,59,2,63,0,13,239,7,259,0,15,298,9,322,674,2,676,998
04/19/2022,MYF,CA,AWP,WE,Towers with Radar,0,4,80,1,85,0,1,303,4,308,0,5,383,5,393,714,0,714,1107
04/20/2022,MYF,CA,AWP,WE,Towers with Radar,0,4,79,2,85,0,11,339,1,351,0,15,418,3,436,874,0,874,1310
04/21/2022,MYF,CA,AWP,WE,Towers with Radar,0,2,77,0,79,0,9,319,2,330,0,11,396,2,409,605,0,605,1014
04/22/2022,MYF,CA,AWP,WE,Towers with Radar,0,1,45,1,47,0,6,93,5,104,0,7,138,6,151,547,0,547,698
04/23/2022,MYF,CA,AWP,WE,Towers with Radar,0,3,58,0,61,0,15,321,0,336,0,18,379,0,397,494,0,494,891
04/24/2022,MYF,CA,AWP,WE,Towers with Radar,0,2,50,0,52,0,7,273,0,280,0,9,323,0,332,627,0,627,959
04/25/2022,MYF,CA,AWP,WE,Towers with Radar,0,4,60,2,66,0,14,302,6,322,0,18,362,8,388,440,0,440,828
04/26/2022,MYF,CA,AWP,WE,Towers with Radar,0,1,69,1,71,0,10,324,5,339,0,11,393,6,410,656,0,656,1066
04/27/2022,MYF,CA,AWP,WE,Towers with Radar,0,3,75,6,84,0,5,222,5,232,0,8,297,11,316,645,0,645,961
04/28/2022,MYF,CA,AWP,WE,Towers with Radar,0,2,83,2,87,0,11,151,3,165,0,13,234,5,252,688,0,688,940
04/29/2022,MYF,CA,AWP,WE,Towers with Radar,0,4,68,0,72,0,7,374,1,382,0,11,442,1,454,668,0,668,1122
04/30/2022,MYF,CA,AWP,WE,Towers with Radar,0,3,48,0,51,0,5,359,1,365,0,8,407,1,416,581,0,581,997
05/01/2022,MYF,CA,AWP,WE,Towers with Radar,0,2,76,0,78,0,3,80,0,83,0,5,156,0,161,158,0,158,319
05/02/2022,MYF,CA,AWP,WE,Towers with Radar,0,0,59,1,60,0,16,200,3,219,0,16,259,4,279,590,0,590,869
05/03/2022,MYF,CA,AWP,WE,Towers with Radar,0,0,88,1,89,0,9,154,1,164,0,9,242,2,253,592,0,592,845
05/04/2022,MYF,CA,AWP,WE,Towers with Radar,0,0,65,3,68,0,5,337,5,347,0,5,402,8,415,653,0,653,1068
05/05/2022,MYF,CA,AWP,WE,Towers with Radar,0,2,68,3,73,0,8,300,1,309,0,10,368,4,382,595,0,595,977
05/06/2022,MYF,CA,AWP,WE,Towers with Radar,0,3,61,0,64,0,10,310,3,323,0,13,371,3,387,708,0,708,1095
05/07/2022,MYF,CA,AWP,WE,Towers with Radar,0,3,53,0,56,0,2,210,0,212,0,5,263,0,268,598,0,598,866
05/08/2022,MYF,CA,AWP,WE,Towers with Radar,0,7,68,0,75,0,10,64,0,74,0,17,132,0,149,566,0,566,715
05/09/2022,MYF,CA,AWP,WE,Towers with Radar,0,3,68,2,73,0,6,233,4,243,0,9,301,6,316,597,0,597,913
05/10/2022,MYF,CA,AWP,WE,Towers with Radar,0,0,63,1,64,0,12,261,9,282,0,12,324,10,346,794,0,794,1140
05/11/2022,MYF,CA,AWP,WE,Towers with Radar,0,0,57,2,59,0,9,293,5,307,0,9,350,7,366,755,1,756,1122
05/12/2022,MYF,CA,AWP,WE,Towers with Radar,0,2,60,2,64,0,21,336,4,361,0,23,396,6,425,901,0,901,1326
05/13/2022,MYF,CA,AWP,WE,Towers with Radar,0,1,46,0,47,0,6,363,3,372,0,7,409,3,419,878,0,878,1297
05/14/2022,MYF,CA,AWP,WE,Towers with Radar,0,3,59,0,62,0,8,316,1,325,0,11,375,1,387,489,0,489,876
05/15/2022,MYF,CA,AWP,WE,Towers with Radar,0,2,47,0,49,0,9,260,1,270,0,11,307,1,319,377,0,377,696
05/16/2022,MYF,CA,AWP,WE,Towers with Radar,0,0,77,2,79,0,7,257,5,269,0,7,334,7,348,677,0,677,1025
05/17/2022,MYF,CA,AWP,WE,Towers with Radar,0,1,79,3,83,0,2,171,2,175,0,3,250,5,258,215,1,216,474
05/18/2022,MYF,CA,AWP,WE,Towers with Radar,0,0,75,2,77,0,6,279,4,289,0,6,354,6,366,780,0,780,1146
05/19/2022,MYF,CA,AWP,WE,Towers with Radar,0,6,99,3,108,0,6,129,10,145,0,12,228,13,253,307,0,307,560
05/20/2022,MYF,CA,AWP,WE,Towers with Radar,0,2,86,3,91,0,3,42,3,48,0,5,128,6,139,532,0,532,671
05/21/2022,MYF,CA,AWP,WE,Towers with Radar,0,7,72,2,81,0,9,89,0,98,0,16,161,2,179,334,0,334,513
05/22/2022,MYF,CA,AWP,WE,Towers with Radar,0,2,93,0,95,0,9,139,0,148,0,11,232,0,243,459,0,459,702
05/23/2022,MYF,CA,AWP,WE,Towers with Radar,0,4,72,4,80,0,12,149,5,166,0,16,221,9,246,556,0,556,802
05/24/2022,MYF,CA,AWP,WE,Towers with Radar,0,2,87,3,92,0,17,216,10,243,0,19,303,13,335,800,0,800,1135
05/25/2022,MYF,CA,AWP,WE,Towers with Radar,0,4,69,1,74,0,14,250,5,269,0,18,319,6,343,848,4,852,1195
05/26/2022,MYF,CA,AWP,WE,Towers with Radar,0,4,85,5,94,0,18,246,5,269,0,22,331,10,363,709,0,709,1072
05/27/2022,MYF,CA,AWP,WE,Towers with Radar,0,6,132,1,139,0,5,231,1,237,0,11,363,2,376,637,0,637,1013
05/28/2022,MYF,CA,AWP,WE,Towers with Radar,0,3,85,0,88,0,1,15,1,17,0,4,100,1,105,0,0,0,105
05/29/2022,MYF,CA,AWP,WE,Towers with Radar,0,1,70,0,71,0,8,124,2,134,0,9,194,2,205,432,0,432,637
05/30/2022,MYF,CA,AWP,WE,Towers with Radar,0,7,69,0,76,0,7,241,2,250,0,14,310,2,326,298,0,298,624
05/31/2022,MYF,CA,AWP,WE,Towers with Radar,0,4,64,3,71,0,7,257,6,270,0,11,321,9,341,471,0,471,812
06/01/2022,MYF,CA,AWP,WE,Towers with Radar,0,1,55,1,57,0,6,316,6,328,0,7,371,7,385,710,0,710,1095
06/02/2022,MYF,CA,AWP,WE,Towers with Radar,0,4,98,1,103,0,4,262,3,269,0,8,360,4,372,855,0,855,1227
06/03/2022,MYF,CA,AWP,WE,Towers with Radar,0,5,60,5,70,0,13,268,7,288,0,18,328,12,358,494,0,494,852
06/04/2022,MYF,CA,AWP,WE,Towers with Radar,0,6,77,3,86,0,12,120,2,134,0,18,197,5,220,288,0,288,508
06/05/2022,MYF,CA,AWP,WE,Towers with Radar,0,4,56,0,60,0,5,226,0,231,0,9,282,0,291,607,0,607,898
06/06/2022,MYF,CA,AWP,WE,Towers with Radar,0,2,90,2,94,0,2,234,3,239,0,4,324,5,333,533,0,533,866
06/07/2022,MYF,CA,AWP,WE,Towers with Radar,0,3,91,2,96,0,12,197,3,212,0,15,288,5,308,369,0,369,677
06/08/2022,MYF,CA,AWP,WE,Towers with Radar,0,2,107,4,113,0,7,249,2,258,0,9,356,6,371,544,0,544,915
06/09/2022,MYF,CA,AWP,WE,Towers with Radar,0,6,77,0,83,0,9,296,0,305,0,15,373,0,388,404,0,404,792
06/10/2022,MYF,CA,AWP,WE,Towers with Radar,0,5,74,2,81,0,5,282,2,289,0,10,356,4,370,616,0,616,986
06/11/2022,MYF,CA,AWP,WE,Towers with Radar,0,7,55,0,62,0,6,256,0,262,0,13,311,0,324,520,0,520,844
06/12/2022,MYF,CA,AWP,WE,Towers with Radar,0,2,78,0,80,0,1,206,0,207,0,3,284,0,287,464,0,464,751
06/13/2022,MYF,CA,AWP,WE,Towers with Radar,0,2,92,1,95,0,3,95,1,99,0,5,187,2,194,135,0,135,329
06/14/2022,MYF,CA,AWP,WE,Towers with Radar,0,4,86,1,91,0,4,296,3,303,0,8,382,4,394,610,0,610,1004
06/15/2022,MYF,CA,AWP,WE,Towers with Radar,0,3,89,1,93,0,8,293,1,302,0,11,382,2,395,616,0,616,1011
06/16/2022,MYF,CA,AWP,WE,Towers with Radar,0,2,98,2,102,0,9,253,8,270,0,11,351,10,372,565,0,565,937
06/17/2022,MYF,CA,AWP,WE,Towers with Radar,0,3,84,1,88,0,6,277,1,284,0,9,361,2,372,447,8,455,827
06/18/2022,MYF,CA,AWP,WE,Towers with Radar,0,5,61,0,66,0,3,267,1,271,0,8,328,1,337,522,0,522,859
06/19/2022,MYF,CA,AWP,WE,Towers with Radar,0,2,61,0,63,0,2,245,0,247,0,4,306,0,310,641,0,641,951
06/20/2022,MYF,CA,AWP,WE,Towers with Radar,0,3,52,3,58,0,8,322,2,332,0,11,374,5,390,697,0,697,1087
06/21/2022,MYF,CA,AWP,WE,Towers with Radar,0,0,74,4,78,0,7,288,3,298,0,7,362,7,376,627,0,627,1003
06/22/2022,MYF,CA,AWP,WE,Towers with Radar,0,0,68,2,70,0,7,271,5,283,0,7,339,7,353,892,0,892,1245
06/23/2022,MYF,CA,AWP,WE,Towers with Radar,0,0,62,1,63,0,8,334,4,346,0,8,396,5,409,587,2,589,998
06/24/2022,MYF,CA,AWP,WE,Towers with Radar,0,0,61,1,62,0,3,388,0,391,0,3,449,1,453,575,0,575,1028
06/25/2022,MYF,CA,AWP,WE,Towers with Radar,0,7,62,0,69,0,13,259,0,272,0,20,321,0,341,430,0,430,771
06/26/2022,MYF,CA,AWP,WE,Towers with Radar,0,0,60,0,60,0,7,235,2,244,0,7,295,2,304,406,0,406,710
06/27/2022,MYF,CA,AWP,WE,Towers with Radar,0,0,49,1,50,0,14,242,2,258,0,14,291,3,308,690,0,690,998
06/28/2022,MYF,CA,AWP,WE,Towers with Radar,0,7,63,0,70,0,9,299,5,313,0,16,362,5,383,691,0,691,1074
06/29/2022,MYF,CA,AWP,WE,Towers with Radar,0,0,66,1,67,0,6,292,2,300,0,6,358,3,367,738,0,738,1105
06/30/2022,MYF,CA,AWP,WE,Towers with Radar,0,7,70,5,82,0,3,307,8,318,0,10,377,13,400,605,0,605,1005
07/01/2022,MYF,CA,AWP,WE,Towers with Radar,0,6,87,3,96,0,4,283,6,293,0,10,370,9,389,551,0,551,940
07/02/2022,MYF,CA,AWP,WE,Towers with Radar,0,2,66,0,68,0,10,256,1,267,0,12,322,1,335,365,0,365,700
07/03/2022,MYF,CA,AWP,WE,Towers with Radar,0,4,58,0,62,0,4,217,0,221,0,8,275,0,283,340,0,340,623
07/04/2022,MYF,CA,AWP,WE,Towers with Radar,0,1,34,0,35,0,11,133,1,145,0,12,167,1,180,123,0,123,303
07/05/2022,MYF,CA,AWP,WE,Towers with Radar,0,9,76,1,86,0,7,258,1,266,0,16,334,2,352,483,0,483,835
07/06/2022,MYF,CA,AWP,WE,Towers with Radar,0,0,93,3,96,0,5,169,4,178,0,5,262,7,274,483,0,483,757
07/07/2022,MYF,CA,AWP,WE,Towers with Radar,0,3,70,3,76,0,10,284,6,300,0,13,354,9,376,428,0,428,804
07/08/2022,MYF,CA,AWP,WE,Towers with Radar,0,4,77,0,81,0,7,321,2,330,0,11,398,2,411,628,0,628,1039
07/09/2022,MYF,CA,AWP,WE,Towers with Radar,0,4,69,2,75,0,4,284,9,297,0,8,353,11,372,391,0,391,763
07/10/2022,MYF,CA,AWP,WE,Towers with Radar,0,6,39,0,45,0,4,263,0,267,0,10,302,0,312,433,0,433,745
07/11/2022,MYF,CA,AWP,WE,Towers with Radar,0,6,64,2,72,0,15,281,4,300,0,21,345,6,372,80,0,80,452
07/12/2022,MYF,CA,AWP,WE,Towers with Radar,0,2,62,1,65,0,7,294,2,303,0,9,356,3,368,19,0,19,387
07/13/2022,MYF,CA,AWP,WE,Towers with Radar,0,0,67,2,69,0,9,299,5,313,0,9,366,7,382,160,0,160,542
07/14/2022,MYF,CA,AWP,WE,Towers with Radar,0,0,84,1,85,0,0,259,6,265,0,0,343,7,350,513,0,513,863
07/15/2022,MYF,CA,AWP,WE,Towers with Radar,0,3,67,2,72,0,10,309,4,323,0,13,376,6,395,390,0,390,785
07/16/2022,MYF,CA,AWP,WE,Towers with Radar,0,4,56,2,62,0,2,218,0,220,0,6,274,2,282,56,0,56,338
07/17/2022,MYF,CA,AWP,WE,Towers with Radar,0,3,72,1,76,0,5,169,2,176,0,8,241,3,252,296,0,296,548
07/18/2022,MYF,CA,AWP,WE,Towers with Radar,0,5,67,1,73,0,6,316,3,325,0,11,383,4,398,161,0,161,559
07/19/2022,MYF,CA,AWP,WE,Towers with Radar,0,3,51,0,54,0,12,309,4,325,0,15,360,4,379,683,0,683,1062
07/20/2022,MYF,CA,AWP,WE,Towers with Radar,0,4,93,3,100,0,12,278,5,295,0,16,371,8,395,465,0,465,860
07/21/2022,MYF,CA,AWP,WE,Towers with Radar,0,6,90,1,97,0,5,315,4,324,0,11,405,5,421,305,0,305,726
07/22/2022,MYF,CA,AWP,WE,Towers with Radar,0,4,71,1,76,0,4,304,0,308,0,8,375,1,384,119,0,119,503
07/23/2022,MYF,CA,AWP,WE,Towers with Radar,0,3,91,2,96,0,8,247,4,259,0,11,338,6,355,224,0,224,579
07/24/2022,MYF,CA,AWP,WE,Towers with Radar,0,7,70,1,78,0,15,172,2,189,0,22,242,3,267,336,0,336,603
07/25/2022,MYF,CA,AWP,WE,Towers with Radar,0,3,71,1,75,0,14,185,3,202,0,17,256,4,277,348,0,348,625
07/26/2022,MYF,CA,AWP,WE,Towers with Radar,0,0,82,3,85,0,16,319,9,344,0,16,401,12,429,636,0,636,1065
07/27/2022,MYF,CA,AWP,WE,Towers with Radar,0,6,72,1,79,0,9,329,4,342,0,15,401,5,421,533,0,533,954
07/28/2022,MYF,CA,AWP,WE,Towers with Radar,0,0,79,2,81,0,1,246,5,252,0,1,325,7,333,380,0,380,713
07/29/2022,MYF,CA,AWP,WE,Towers with Radar,0,2,81,3,86,0,3,288,7,298,0,5,369,10,384,426,0,426,810
07/30/2022,MYF,CA,AWP,WE,Towers with Radar,0,1,49,2,52,0,7,287,0,294,0,8,336,2,346,639,0,639,985
07/31/2022,MYF,CA,AWP,WE,Towers with Radar,0,3,48,1,52,0,10,199,1,210,0,13,247,2,262,648,0,648,910
08/01/2022,MYF,CA,AWP,WE,Towers with Radar,0,2,65,3,70,0,12,221,7,240,0,14,286,10,310,596,0,596,906
08/02/2022,MYF,CA,AWP,WE,Towers with Radar,0,5,49,2,56,0,19,238,2,259,0,24,287,4,315,820,0,820,1135
08/03/2022,MYF,CA,AWP,WE,Towers with Radar,0,3,68,3,74,0,15,302,3,320,0,18,370,6,394,704,0,704,1098
08/04/2022,MYF,CA,AWP,WE,Towers with Radar,0,3,50,1,54,0,3,205,9,217,0,6,255,10,271,554,0,554,825
08/05/2022,MYF,CA,AWP,WE,Towers with Radar,0,3,55,2,60,0,12,295,7,314,0,15,350,9,374,613,0,613,987
08/06/2022,MYF,CA,AWP,WE,Towers with Radar,0,5,59,2,66,0,13,265,2,280,0,18,324,4,346,354,0,354,700
08/07/2022,MYF,CA,AWP,WE,Towers with Radar,0,7,69,1,77,0,4,258,1,263,0,11,327,2,340,485,0,485,825
08/08/2022,MYF,CA,AWP,WE,Towers with Radar,0,2,74,0,76,0,7,229,2,238,0,9,303,2,314,630,0,630,944
08/09/2022,MYF,CA,AWP,WE,Towers with Radar,0,4,50,7,61,0,21,301,3,325,0,25,351,10,386,777,0,777,1163
08/10/2022,MYF,CA,AWP,WE,Towers with Radar,0,6,63,2,71,0,4,323,3,330,0,10,386,5,401,745,0,745,1146
08/11/2022,MYF,CA,AWP,WE,Towers with Radar,0,6,63,1,70,0,6,314,2,322,0,12,377,3,392,547,0,547,939
08/12/2022,MYF,CA,AWP,WE,Towers with Radar,0,0,69,0,69,0,12,346,1,359,0,12,415,1,428,626,0,626,1054
08/13/2022,MYF,CA,AWP,WE,Towers with Radar,0,2,53,0,55,0,7,324,0,331,0,9,377,0,386,266,0,266,652
08/14/2022,MYF,CA,AWP,WE,Towers with Radar,0,3,77,0,80,0,6,259,0,265,0,9,336,0,345,450,0,450,795
08/15/2022,MYF,CA,AWP,WE,Towers with Radar,0,2,76,1,79,0,1,267,2,270,0,3,343,3,349,653,0,653,1002
08/16/2022,MYF,CA,AWP,WE,Towers with Radar,0,7,76,0,83,0,6,285,6,297,0,13,361,6,380,536,0,536,916
08/17/2022,MYF,CA,AWP,WE,Towers with Radar,0,2,80,1,83,0,11,345,1,357,0,13,425,2,440,729,0,729,1169
08/18/2022,MYF,CA,AWP,WE,Towers with Radar,0,12,84,3,99,0,7,316,6,329,0,19,400,9,428,641,0,641,1069
08/19/2022,MYF,CA,AWP,WE,Towers with Radar,0,5,56,2,63,0,7,329,9,345,0,12,385,11,408,506,0,506,914
08/20/2022,MYF,CA,AWP,WE,Towers with Radar,0,9,89,0,98,0,9,245,0,254,0,18,334,0,352,338,0,338,690
08/21/2022,MYF,CA,AWP,WE,Towers with Radar,0,2,86,1,89,0,11,160,0,171,0,13,246,1,260,394,0,394,654
08/22/2022,MYF,CA,AWP,WE,Towers with Radar,0,7,69,2,78,0,1,200,1,202,0,8,269,3,280,619,0,619,899
08/23/2022,MYF,CA,AWP,WE,Towers with Radar,0,8,74,2,84,0,2,258,5,265,0,10,332,7,349,653,1,654,1003
08/24/2022,MYF,CA,AWP,WE,Towers with Radar,0,6,67,1,74,0,15,310,1,326,0,21,377,2,400,745,0,745,1145
08/25/2022,MYF,CA,AWP,WE,Towers with Radar,0,5,73,1,79,0,12,338,5,355,0,17,411,6,434,767,0,767,1201
08/26/2022,MYF,CA,AWP,WE,Towers with Radar,0,1,92,1,94,0,7,316,2,325,0,8,408,3,419,628,0,628,1047
08/27/2022,MYF,CA,AWP,WE,Towers with Radar,0,13,62,0,75,0,19,263,0,282,0,32,325,0,357,457,0,457,814
08/28/2022,MYF,CA,AWP,WE,Towers with Radar,0,6,65,0,71,0,6,252,1,259,0,12,317,1,330,722,0,722,1052
08/29/2022,MYF,CA,AWP,WE,Towers with Radar,0,5,82,1,88,0,4,275,2,281,0,9,357,3,369,602,0,602,971
08/30/2022,MYF,CA,AWP,WE,Towers with Radar,0,5,54,1,60,0,10,306,2,318,0,15,360,3,378,536,0,536,914
08/31/2022,MYF,CA,AWP,WE,Towers with Radar,0,0,66,4,70,0,11,350,6,367,0,11,416,10,437,550,0,550,987
09/01/2022,MYF,CA,AWP,WE,Towers with Radar,0,4,97,2,103,0,11,275,8,294,0,15,372,10,397,426,0,426,823
09/02/2022,MYF,CA,AWP,WE,Towers with Radar,0,11,53,0,64,0,21,315,8,344,0,32,368,8,408,681,0,681,1089
09/03/2022,MYF,CA,AWP,WE,Towers with Radar,0,3,46,0,49,0,5,213,1,219,0,8,259,1,268,225,0,225,493
09/04/2022,MYF,CA,AWP,WE,Towers with Radar,0,2,42,0,44,0,9,200,1,210,0,11,242,1,254,255,0,255,509
09/05/2022,MYF,CA,AWP,WE,Towers with Radar,0,3,39,0,42,0,16,187,3,206,0,19,226,3,248,324,0,324,572
09/06/2022,MYF,CA,AWP,WE,Towers with Radar,0,0,74,2,76,0,15,292,4,311,0,15,366,6,387,545,0,545,932
09/07/2022,MYF,CA,AWP,WE,Towers with Radar,0,3,69,2,74,0,4,290,4,298,0,7,359,6,372,416,0,416,788
09/08/2022,MYF,CA,AWP,WE,Towers with Radar,0,5,63,1,69,0,10,205,1,216,0,15,268,2,285,708,0,708,993
09/09/2022,MYF,CA,AWP,WE,Towers with Radar,0,0,21,0,21,0,0,18,1,19,0,0,39,1,40,68,0,68,108
09/10/2022,MYF,CA,AWP,WE,Towers with Radar,0,1,22,0,23,0,7,85,5,97,0,8,107,5,120,469,0,469,589
09/11/2022,MYF,CA,AWP,WE,Towers with Radar,0,2,58,0,60,0,0,205,1,206,0,2,263,1,266,609,0,609,875
09/12/2022,MYF,CA,AWP,WE,Towers with Radar,0,7,88,2,97,0,13,195,5,213,0,20,283,7,310,673,2,675,985
09/13/2022,MYF,CA,AWP,WE,Towers with Radar,0,3,64,3,70,0,10,250,1,261,0,13,314,4,331,518,0,518,849
09/14/2022,MYF,CA,AWP,WE,Towers with Radar,0,7,117,3,127,0,9,175,4,188,0,16,292,7,315,714,0,714,1029
09/15/2022,MYF,CA,AWP,WE,Towers with Radar,0,5,92,0,97,0,16,269,6,291,0,21,361,6,388,750,8,758,1146
09/16/2022,MYF,CA,AWP,WE,Towers with Radar,0,3,90,1,94,0,8,328,3,339,0,11,418,4,433,571,0,571,1004
09/17/2022,MYF,CA,AWP,WE,Towers with Radar,0,11,83,0,94,0,11,207,2,220,0,22,290,2,314,433,0,433,747
09/18/2022,MYF,CA,AWP,WE,Towers with Radar,0,5,77,1,83,0,13,206,4,223,0,18,283,5,306,438,0,438,744
09/19/2022,MYF,CA,AWP,WE,Towers with Radar,0,1,82,0,83,0,6,261,0,267,0,7,343,0,350,429,0,429,779
09/20/2022,MYF,CA,AWP,WE,Towers with Radar,0,3,86,0,89,0,23,377,7,407,0,26,463,7,496,460,0,460,956
09/21/2022,MYF,CA,AWP,WE,Towers with Radar,0,2,68,1,71,0,5,230,6,241,0,7,298,7,312,880,0,880,1192
09/22/2022,MYF,CA,AWP,WE,Towers with Radar,0,1,50,0,51,0,6,183,0,189,0,7,233,0,240,227,0,227,467
09/23/2022,MYF,CA,AWP,WE,Towers with Radar,0,3,37,0,40,0,5,198,0,203,0,8,235,0,243,269,1,270,513
09/24/2022,MYF,CA,AWP,WE,Towers with Radar,0,3,34,0,37,0,4,171,1,176,0,7,205,1,213,123,0,123,336
09/25/2022,MYF,CA,AWP,WE,Towers with Radar,0,1,46,0,47,0,7,164,0,171,0,8,210,0,218,277,0,277,495
09/26/2022,MYF,CA,AWP,WE,Towers with Radar,0,3,63,4,70,0,11,289,3,303,0,14,352,7,373,773,0,773,1146
09/27/2022,MYF,CA,AWP,WE,Towers with Radar,0,4,67,3,74,0,11,300,6,317,0,15,367,9,391,684,0,684,1075
09/28/2022,MYF,CA,AWP,WE,Towers with Radar,0,8,90,3,101,0,8,269,6,283,0,16,359,9,384,441,0,441,825
09/29/2022,MYF,CA,AWP,WE,Towers with Radar,0,4,71,5,80,0,5,226,5,236,0,9,297,10,316,451,8,459,775
09/30/2022,MYF,CA,AWP,WE,Towers with Radar,0,8,122,0,130,0,9,258,4,271,0,17,380,4,401,233,0,233,634
10/01/2022,MYF,CA,AWP,WE,Towers with Radar,0,7,77,0,84,0,6,221,1,228,0,13,298,1,312,315,0,315,627
10/02/2022,MYF,CA,AWP,WE,Towers with Radar,0,3,83,0,86,0,9,217,1,227,0,12,300,1,313,522,0,522,835
10/03/2022,MYF,CA,AWP,WE,Towers with Radar,0,3,92,4,99,0,6,176,3,185,0,9,268,7,284,551,0,551,835
10/04/2022,MYF,CA,AWP,WE,Towers with Radar,0,3,92,8,103,0,8,232,3,243,0,11,324,11,346,373,0,373,719
10/05/2022,MYF,CA,AWP,WE,Towers with Radar,0,6,114,5,125,0,2,153,5,160,0,8,267,10,285,200,0,200,485
10/06/2022,MYF,CA,AWP,WE,Towers with Radar,0,11,134,5,150,0,9,97,3,109,0,20,231,8,259,244,2,246,505
10/07/2022,MYF,CA,AWP,WE,Towers with Radar,0,0,82,3,85,0,16,349,6,371,0,16,431,9,456,492,0,492,948
10/08/2022,MYF,CA,AWP,WE,Towers with Radar,0,4,61,0,65,0,3,240,1,244,0,7,301,1,309,496,0,496,805
10/09/2022,MYF,CA,AWP,WE,Towers with Radar,0,4,82,0,86,0,1,187,0,188,0,5,269,0,274,404,0,404,678
10/10/2022,MYF,CA,AWP,WE,Towers with Radar,0,7,96,7,110,0,16,187,6,209,0,23,283,13,319,619,0,619,938
10/11/2022,MYF,CA,AWP,WE,Towers with Radar,0,7,80,6,93,0,8,173,4,185,0,15,253,10,278,609,0,609,887
10/12/2022,MYF,CA,AWP,WE,Towers with Radar,0,8,109,3,120,0,10,81,0,91,0,18,190,3,211,548,0,548,759
10/13/2022,MYF,CA,AWP,WE,Towers with Radar,0,7,132,3,142,0,2,38,0,40,0,9,170,3,182,95,0,95,277
10/14/2022,MYF,CA,AWP,WE,Towers with Radar,0,12,133,1,146,0,12,55,2,69,0,24,188,3,215,653,0,653,868
10/15/2022,MYF,CA,AWP,WE,Towers with Radar,0,2,54,0,56,0,0,65,0,65,0,2,119,0,121,740,0,740,861
10/16/2022,MYF,CA,AWP,WE,Towers with Radar,0,7,88,0,95,0,12,119,1,132,0,19,207,1,227,681,0,681,908
10/17/2022,MYF,CA,AWP,WE,Towers with Radar,0,7,70,1,78,0,9,271,4,284,0,16,341,5,362,713,0,713,1075
10/18/2022,MYF,CA,AWP,WE,Towers with Radar,0,0,60,1,61,0,5,330,9,344,0,5,390,10,405,649,0,649,1054
10/19/2022,MYF,CA,AWP,WE,Towers with Radar,0,6,44,2,52,0,15,316,3,334,0,21,360,5,386,668,4,672,1058
10/20/2022,MYF,CA,AWP,WE,Towers with Radar,0,0,68,2,70,0,14,338,2,354,0,14,406,4,424,582,0,582,1006
10/21/2022,MYF,CA,AWP,WE,Towers with Radar,0,4,80,1,85,0,2,256,1,259,0,6,336,2,344,535,0,535,879
10/22/2022,MYF,CA,AWP,WE,Towers with Radar,0,4,69,0,73,0,5,76,6,87,0,9,145,6,160,564,0,564,724
10/23/2022,MYF,CA,AWP,WE,Towers with Radar,0,7,74,0,81,0,0,239,1,240,0,7,313,1,321,558,0,558,879
10/24/2022,MYF,CA,AWP,WE,Towers with Radar,0,4,79,1,84,0,15,330,3,348,0,19,409,4,432,765,0,765,1197
10/25/2022,MYF,CA,AWP,WE,Towers with Radar,0,2,70,3,75,1,17,332,4,354,1,19,402,7,429,731,0,731,1160
10/26/2022,MYF,CA,AWP,WE,Towers with Radar,0,4,77,1,82,0,5,291,1,297,0,9,368,2,379,747,0,747,1126
10/27/2022,MYF,CA,AWP,WE,Towers with Radar,0,0,86,2,88,0,11,330,8,349,0,11,416,10,437,606,0,606,1043
10/28/2022,MYF,CA,AWP,WE,Towers with Radar,0,1,64,1,66,0,8,326,4,338,0,9,390,5,404,783,3,786,1190
10/29/2022,MYF,CA,AWP,WE,Towers with Radar,0,0,55,0,55,0,8,267,0,275,0,8,322,0,330,451,0,451,781
10/30/2022,MYF,CA,AWP,WE,Towers with Radar,0,1,55,0,56,0,4,295,0,299,0,5,350,0,355,394,0,394,749
10/31/2022,MYF,CA,AWP,WE,Towers with Radar,0,2,67,1,70,0,10,227,1,238,0,12,294,2,308,661,0,661,969
11/01/2022,MYF,CA,AWP,WE,Towers with Radar,0,3,72,2,77,2,11,123,2,138,2,14,195,4,215,730,0,730,945
11/02/2022,MYF,CA,AWP,WE,Towers with Radar,0,4,76,3,83,0,6,90,2,98,0,10,166,5,181,644,0,644,825
11/03/2022,MYF,CA,AWP,WE,Towers with Radar,0,5,41,2,48,0,2,75,0,77,0,7,116,2,125,240,0,240,365
11/04/2022,MYF,CA,AWP,WE,Towers with Radar,0,0,45,0,45,0,5,164,0,169,0,5,209,0,214,241,0,241,455
11/05/2022,MYF,CA,AWP,WE,Towers with Radar,0,3,28,0,31,0,6,246,2,254,0,9,274,2,285,301,0,301,586
11/06/2022,MYF,CA,AWP,WE,Towers with Radar,0,6,59,0,65,0,12,295,2,309,0,18,354,2,374,463,0,463,837
11/07/2022,MYF,CA,AWP,WE,Towers with Radar,0,12,65,3,80,0,3,44,0,47,0,15,109,3,127,409,0,409,536
11/08/2022,MYF,CA,AWP,WE,Towers with Radar,0,0,13,2,15,0,0,10,2,12,0,0,23,4,27,78,0,78,105
11/09/2022,MYF,CA,AWP,WE,Towers with Radar,0,8,62,2,72,0,12,253,6,271,0,20,315,8,343,855,0,855,1198
11/10/2022,MYF,CA,AWP,WE,Towers with Radar,0,4,83,3,90,0,17,468,19,504,0,21,551,22,594,550,0,550,1144
11/11/2022,MYF,CA,AWP,WE,Towers with Radar,0,2,63,0,65,0,11,362,1,374,0,13,425,1,439,546,0,546,985
11/12/2022,MYF,CA,AWP,WE,Towers with Radar,0,4,56,0,60,0,16,353,0,369,0,20,409,0,429,370,0,370,799
11/13/2022,MYF,CA,AWP,WE,Towers with Radar,0,2,66,2,70,0,5,210,2,217,0,7,276,4,287,567,0,567,854
11/14/2022,MYF,CA,AWP,WE,Towers with Radar,0,9,66,2,77,0,18,291,5,314,0,27,357,7,391,620,0,620,1011
11/15/2022,MYF,CA,AWP,WE,Towers with Radar,0,7,60,2,69,0,23,309,6,338,0,30,369,8,407,571,0,571,978
11/16/2022,MYF,CA,AWP,WE,Towers with Radar,0,1,29,2,32,0,9,137,11,157,0,10,166,13,189,375,0,375,564
11/17/2022,MYF,CA,AWP,WE,Towers with Radar,0,1,77,3,81,0,17,328,6,351,0,18,405,9,432,755,0,755,1187
11/18/2022,MYF,CA,AWP,WE,Towers with Radar,0,2,57,3,62,0,24,350,2,376,0,26,407,5,438,765,0,765,1203
11/19/2022,MYF,CA,AWP,WE,Towers with Radar,0,13,44,0,57,0,23,314,0,337,0,36,358,0,394,599,0,599,993
11/20/2022,MYF,CA,AWP,WE,Towers with Radar,0,6,53,0,59,0,18,252,2,272,0,24,305,2,331,377,0,377,708
11/21/2022,MYF,CA,AWP,WE,Towers with Radar,0,8,59,1,68,0,23,314,2,339,0,31,373,3,407,627,0,627,1034
11/22/2022,MYF,CA,AWP,WE,Towers with Radar,0,9,62,1,72,0,14,324,1,339,0,23,386,2,411,497,0,497,908
11/23/2022,MYF,CA,AWP,WE,Towers with Radar,0,1,55,2,58,0,10,288,1,299,0,11,343,3,357,391,0,391,748
11/24/2022,MYF,CA,AWP,WE,Towers with Radar,0,1,13,0,14,0,9,43,0,52,0,10,56,0,66,54,0,54,120
11/25/2022,MYF,CA,AWP,WE,Towers with Radar,0,4,25,0,29,0,21,193,2,216,0,25,218,2,245,172,0,172,417
11/26/2022,MYF,CA,AWP,WE,Towers with Radar,0,4,44,0,48,0,9,245,2,256,0,13,289,2,304,238,0,238,542
11/27/2022,MYF,CA,AWP,WE,Towers with Radar,0,2,59,0,61,0,3,234,1,238,0,5,293,1,299,418,0,418,717
11/28/2022,MYF,CA,AWP,WE,Towers with Radar,0,6,95,4,105,0,20,68,2,90,0,26,163,6,195,423,0,423,618
11/29/2022,MYF,CA,AWP,WE,Towers with Radar,0,3,79,2,84,0,5,170,4,179,0,8,249,6,263,704,0,704,967
11/30/2022,MYF,CA,AWP,WE,Towers with Radar,0,1,121,5,127,0,4,130,2,136,0,5,251,7,263,731,0,731,994
12/01/2022,MYF,CA,AWP,WE,Towers with Radar,0,2,75,4,81,0,23,157,2,182,0,25,232,6,263,711,0,711,974
12/02/2022,MYF,CA,AWP,WE,Towers with Radar,0,2,82,0,84,0,14,241,2,257,0,16,323,2,341,458,0,458,799
12/03/2022,MYF,CA,AWP,WE,Towers with Radar,0,3,58,0,61,0,2,246,0,248,0,5,304,0,309,531,0,531,840
12/04/2022,MYF,CA,AWP,WE,Towers with Radar,0,2,49,1,52,0,12,231,1,244,0,14,280,2,296,561,0,561,857
12/05/2022,MYF,CA,AWP,WE,Towers with Radar,0,3,67,1,71,0,8,143,6,157,0,11,210,7,228,740,0,740,968
12/06/2022,MYF,CA,AWP,WE,Towers with Radar,0,7,58,7,72,0,8,130,0,138,0,15,188,7,210,841,1,842,1052
12/07/2022,MYF,CA,AWP,WE,Towers with Radar,0,6,53,3,62,0,8,237,6,251,0,14,290,9,313,639,0,639,952
12/08/2022,MYF,CA,AWP,WE,Towers with Radar,0,6,76,2,84,0,12,320,9,341,0,18,396,11,425,476,0,476,901
12/09/2022,MYF,CA,AWP,WE,Towers with Radar,0,3,80,1,84,0,5,299,2,306,0,8,379,3,390,545,0,545,935
12/10/2022,MYF,CA,AWP,WE,Towers with Radar,0,4,55,0,59,0,11,341,0,352,0,15,396,0,411,123,0,123,534
12/11/2022,MYF,CA,AWP,WE,Towers with Radar,0,3,21,1,25,0,0,12,0,12,0,3,33,1,37,46,0,46,83
12/12/2022,MYF,CA,AWP,WE,Towers with Radar,0,3,28,0,31,0,8,29,1,38,0,11,57,1,69,274,0,274,343
12/13/2022,MYF,CA,AWP,WE,Towers with Radar,0,0,65,1,66,0,12,276,4,292,0,12,341,5,358,766,0,766,1124
12/14/2022,MYF,CA,AWP,WE,Towers with Radar,0,4,61,3,68,0,4,315,2,321,0,8,376,5,389,661,0,661,1050
12/15/2022,MYF,CA,AWP,WE,Towers with Radar,0,9,86,1,96,0,16,243,3,262,0,25,329,4,358,577,0,577,935
12/16/2022,MYF,CA,AWP,WE,Towers with Radar,0,3,71,1,75,0,9,298,3,310,0,12,369,4,385,574,0,574,959
12/17/2022,MYF,CA,AWP,WE,Towers with Radar,0,3,43,0,46,0,4,250,3,257,0,7,293,3,303,481,0,481,784
12/18/2022,MYF,CA,AWP,WE,Towers with Radar,0,0,34,0,34,0,23,224,0,247,0,23,258,0,281,477,0,477,758
12/19/2022,MYF,CA,AWP,WE,Towers with Radar,0,4,66,1,71,0,18,251,3,272,0,22,317,4,343,508,0,508,851
12/20/2022,MYF,CA,AWP,WE,Towers with Radar,0,2,43,2,47,0,6,249,3,258,0,8,292,5,305,659,0,659,964
12/21/2022,MYF,CA,AWP,WE,Towers with Radar,0,1,57,2,60,0,12,251,8,271,0,13,308,10,331,561,0,561,892
12/22/2022,MYF,CA,AWP,WE,Towers with Radar,0,5,51,0,56,0,16,270,3,289,0,21,321,3,345,481,0,481,826
12/23/2022,MYF,CA,AWP,WE,Towers with Radar,0,8,34,0,42,0,7,268,0,275,0,15,302,0,317,593,0,593,910
12/24/2022,MYF,CA,AWP,WE,Towers with Radar,0,1,24,0,25,0,2,141,0,143,0,3,165,0,168,281,0,281,449
12/25/2022,MYF,CA,AWP,WE,Towers with Radar,0,1,13,0,14,0,3,89,2,94,0,4,102,2,108,231,0,231,339
12/26/2022,MYF,CA,AWP,WE,Towers with Radar,0,5,46,0,51,0,2,214,0,216,0,7,260,0,267,296,0,296,563
12/27/2022,MYF,CA,AWP,WE,Towers with Radar,0,1,48,1,50,0,8,174,1,183,0,9,222,2,233,402,0,402,635
12/28/2022,MYF,CA,AWP,WE,Towers with Radar,0,2,51,0,53,0,4,62,1,67,0,6,113,1,120,362,0,362,482
12/29/2022,MYF,CA,AWP,WE,Towers with Radar,0,1,48,1,50,0,0,64,1,65,0,1,112,2,115,615,0,615,730
12/30/2022,MYF,CA,AWP,WE,Towers with Radar,0,2,98,0,100,0,6,18,0,24,0,8,116,0,124,168,0,168,292
12/31/2022,MYF,CA,AWP,WE,Towers with Radar,0,6,48,0,54,0,2,22,0,24,0,8,70,0,78,77,0,77,155
01/01/2023,MYF,CA,AWP,WE,Towers with Radar,0,1,16,0,17,0,0,10,1,11,0,1,26,1,28,56,0,56,84
01/02/2023,MYF,CA,AWP,WE,Towers with Radar,0,1,41,0,42,0,0,60,0,60,0,1,101,0,102,533,0,533,635
01/03/2023,MYF,CA,AWP,WE,Towers with Radar,0,4,35,0,39,0,0,3,0,3,0,4,38,0,42,18,0,18,60
01/04/2023,MYF,CA,AWP,WE,Towers with Radar,0,4,48,2,54,0,1,33,1,35,0,5,81,3,89,402,0,402,491
01/05/2023,MYF,CA,AWP,WE,Towers with Radar,0,3,30,0,33,0,0,9,0,9,0,3,39,0,42,18,0,18,60
01/06/2023,MYF,CA,AWP,WE,Towers with Radar,0,2,78,0,80,0,7,333,0,340,0,9,411,0,420,522,11,533,953
01/07/2023,MYF,CA,AWP,WE,Towers with Radar,0,2,63,0,65,0,14,345,0,359,0,16,408,0,424,417,0,417,841
01/08/2023,MYF,CA,AWP,WE,Towers with Radar,0,4,68,0,72,0,1,301,0,302,0,5,369,0,374,468,0,468,842
01/09/2023,MYF,CA,AWP,WE,Towers with Radar,0,7,45,1,53,0,16,216,2,234,0,23,261,3,287,724,0,724,1011
01/10/2023,MYF,CA,AWP,WE,Towers with Radar,0,0,13,0,13,0,0,8,0,8,0,0,21,0,21,13,0,13,34
01/11/2023,MYF,CA,AWP,WE,Towers with Radar,0,1,77,2,80,0,16,313,5,334,0,17,390,7,414,748,2,750,1164
01/12/2023,MYF,CA,AWP,WE,Towers with Radar,0,3,95,2,100,0,2,356,6,364,0,5,451,8,464,660,0,660,1124
01/13/2023,MYF,CA,AWP,WE,Towers with Radar,0,2,79,2,83,0,0,345,2,347,0,2,424,4,430,468,0,468,898
01/14/2023,MYF,CA,AWP,WE,Towers with Radar,0,5,24,1,30,0,1,49,0,50,0,6,73,1,80,214,0,214,294
01/15/2023,MYF,CA,AWP,WE,Towers with Radar,0,4,16,0,20,0,2,28,0,30,0,6,44,0,50,164,0,164,214
01/16/2023,MYF,CA,AWP,WE,Towers with Radar,0,0,21,1,22,0,1,21,1,23,0,1,42,2,45,114,0,114,159
01/17/2023,MYF,CA,AWP,WE,Towers with Radar,0,1,39,2,42,0,14,56,1,71,0,15,95,3,113,554,0,554,667
01/18/2023,MYF,CA,AWP,WE,Towers with Radar,0,6,89,0,95,0,6,356,1,363,0,12,445,1,458,636,0,636,1094
01/19/2023,MYF,CA,AWP,WE,Towers with Radar,0,2,72,1,75,0,12,240,4,256,0,14,312,5,331,657,0,657,988
01/20/2023,MYF,CA,AWP,WE,Towers with Radar,0,4,81,0,85,0,12,416,4,432,0,16,497,4,517,781,0,781,1298
01/21/2023,MYF,CA,AWP,WE,Towers with Radar,0,4,59,0,63,0,5,401,1,407,0,9,460,1,470,410,0,410,880
01/22/2023,MYF,CA,AWP,WE,Towers with Radar,0,0,56,1,57,0,11,249,1,261,0,11,305,2,318,385,0,385,703
01/23/2023,MYF,CA,AWP,WE,Towers with Radar,0,2,40,0,42,0,15,209,2,226,0,17,249,2,268,691,0,691,959
01/24/2023,MYF,CA,AWP,WE,Towers with Radar,0,2,66,1,69,0,2,363,5,370,0,4,429,6,439,558,0,558,997
01/25/2023,MYF,CA,AWP,WE,Towers with Radar,0,10,73,2,85,0,13,338,6,357,0,23,411,8,442,689,0,689,1131
01/26/2023,MYF,CA,AWP,WE,Towers with Radar,0,0,19,0,19,0,3,61,8,72,0,3,80,8,91,130,0,130,221
01/27/2023,MYF,CA,AWP,WE,Towers with Radar,0,7,56,2,65,0,11,444,2,457,0,18,500,4,522,675,0,675,1197
01/28/2023,MYF,CA,AWP,WE,Towers with Radar,0,7,83,0,90,0,5,265,0,270,0,12,348,0,360,699,0,699,1059
01/29/2023,MYF,CA,AWP,WE,Towers with Radar,0,3,32,0,35,0,2,16,0,18,0,5,48,0,53,199,0,199,252
01/30/2023,MYF,CA,AWP,WE,Towers with Radar,0,1,32,1,34,0,0,16,1,17,0,1,48,2,51,90,0,90,141
01/31/2023,MYF,CA,AWP,WE,Towers with Radar,0,2,56,2,60,0,6,335,3,344,0,8,391,5,404,635,0,635,1039
02/01/2023,MYF,CA,AWP,WE,Towers with Radar,0,11,72,1,84,0,5,371,1,377,0,16,443,2,461,736,0,736,1197
02/02/2023,MYF,CA,AWP,WE,Towers with Radar,0,7,77,1,85,0,10,369,2,381,0,17,446,3,466,516,0,516,982
02/03/2023,MYF,CA,AWP,WE,Towers with Radar,0,11,85,0,96,0,11,394,0,405,0,22,479,0,501,710,0,710,1211
02/04/2023,MYF,CA,AWP,WE,Towers with Radar,0,9,60,0,69,0,4,424,0,428,0,13,484,0,497,530,0,530,1027
02/05/2023,MYF,CA,AWP,WE,Towers with Radar,0,11,75,0,86,0,3,87,0,90,0,14,162,0,176,188,0,188,364
02/06/2023,MYF,CA,AWP,WE,Towers with Radar,0,3,57,1,61,0,10,250,3,263,0,13,307,4,324,612,0,612,936
02/07/2023,MYF,CA,AWP,WE,Towers with Radar,0,4,63,2,69,0,15,339,4,358,0,19,402,6,427,583,0,583,1010
02/08/2023,MYF,CA,AWP,WE,Towers with Radar,0,1,78,1,80,0,18,338,4,360,0,19,416,5,440,779,0,779,1219
02/09/2023,MYF,CA,AWP,WE,Towers with Radar,0,4,72,1,77,0,4,318,5,327,0,8,390,6,404,511,0,511,915
02/10/2023,MYF,CA,AWP,WE,Towers with Radar,0,0,86,3,89,0,18,345,7,370,0,18,431,10,459,595,0,595,1054
02/11/2023,MYF,CA,AWP,WE,Towers with Radar,0,4,68,0,72,0,6,119,0,125,0,10,187,0,197,386,0,386,583
02/12/2023,MYF,CA,AWP,WE,Towers with Radar,0,5,29,0,34,0,3,159,0,162,0,8,188,0,196,564,0,564,760
02/13/2023,MYF,CA,AWP,WE,Towers with Radar,0,0,63,2,65,0,1,165,0,166,0,1,228,2,231,784,0,784,1015
02/14/2023,MYF,CA,AWP,WE,Towers with Radar,0,0,26,4,30,0,0,14,2,16,0,0,40,6,46,91,4,95,141
02/15/2023,MYF,CA,AWP,WE,Towers with Radar,0,3,85,2,90,0,6,318,7,331,0,9,403,9,421,684,12,696,1117
02/16/2023,MYF,CA,AWP,WE,Towers with Radar,0,6,51,0,57,0,7,170,3,180,0,13,221,3,237,244,0,244,481
02/17/2023,MYF,CA,AWP,WE,Towers with Radar,0,4,83,0,87,0,2,312,2,316,0,6,395,2,403,680,0,680,1083
02/18/2023,MYF,CA,AWP,WE,Towers with Radar,0,6,60,0,66,0,18,311,1,330,0,24,371,1,396,380,0,380,776
02/19/2023,MYF,CA,AWP,WE,Towers with Radar,0,1,46,0,47,0,13,277,0,290,0,14,323,0,337,592,0,592,929
02/20/2023,MYF,CA,AWP,WE,Towers with Radar,0,4,69,0,73,0,6,366,3,375,0,10,435,3,448,621,0,621,1069
02/21/2023,MYF,CA,AWP,WE,Towers with Radar,0,2,52,1,55,0,7,123,2,132,0,9,175,3,187,221,0,221,408
02/22/2023,MYF,CA,AWP,WE,Towers with Radar,0,0,16,4,20,0,0,14,3,17,0,0,30,7,37,30,0,30,67
02/23/2023,MYF,CA,AWP,WE,Towers with Radar,0,0,20,2,22,0,3,13,2,18,0,3,33,4,40,144,0,144,184
02/24/2023,MYF,CA,AWP,WE,Towers with Radar,0,6,11,0,17,0,6,25,0,31,0,12,36,0,48,94,0,94,142
02/25/2023,MYF,CA,AWP,WE,Towers with Radar,0,4,7,0,11,0,2,15,0,17,0,6,22,0,28,39,0,39,67
02/26/2023,MYF,CA,AWP,WE,Towers with Radar,0,1,32,0,33,0,5,137,0,142,0,6,169,0,175,742,0,742,917
02/27/2023,MYF,CA,AWP,WE,Towers with Radar,0,4,55,3,62,0,0,202,1,203,0,4,257,4,265,801,1,802,1067
02/28/2023,MYF,CA,AWP,WE,Towers with Radar,0,0,40,3,43,0,3,59,2,64,0,3,99,5,107,746,0,746,853
03/01/2023,MYF,CA,AWP,WE,Towers with Radar,0,0,18,0,18,0,5,15,1,21,0,5,33,1,39,10,0,10,49
03/02/2023,MYF,CA,AWP,WE,Towers with Radar,0,6,70,1,77,0,17,434,5,456,0,23,504,6,533,686,6,692,1225
03/03/2023,MYF,CA,AWP,WE,Towers with Radar,0,5,78,0,83,0,11,428,3,442,0,16,506,3,525,540,2,542,1067
03/04/2023,MYF,CA,AWP,WE,Towers with Radar,0,13,84,0,97,0,3,93,0,96,0,16,177,0,193,704,0,704,897
03/05/2023,MYF,CA,AWP,WE,Towers with Radar,0,3,46,0,49,0,4,185,0,189,0,7,231,0,238,793,1,794,1032
03/06/2023,MYF,CA,AWP,WE,Towers with Radar,0,7,74,2,83,0,6,220,3,229,0,13,294,5,312,833,0,833,1145
03/07/2023,MYF,CA,AWP,WE,Towers with Radar,0,11,75,1,87,0,7,359,3,369,0,18,434,4,456,858,0,858,1314
03/08/2023,MYF,CA,AWP,WE,Towers with Radar,0,8,83,2,93,0,7,291,7,305,0,15,374,9,398,565,0,565,963
03/09/2023,MYF,CA,AWP,WE,Towers with Radar,0,9,91,1,101,0,12,374,5,391,0,21,465,6,492,742,0,742,1234
03/10/2023,MYF,CA,AWP,WE,Towers with Radar,0,0,63,2,65,0,0,50,2,52,0,0,113,4,117,511,0,511,628
03/11/2023,MYF,CA,AWP,WE,Towers with Radar,0,0,34,0,34,0,0,9,0,9,0,0,43,0,43,67,0,67,110
03/12/2023,MYF,CA,AWP,WE,Towers with Radar,0,1,77,0,78,0,3,46,1,50,0,4,123,1,128,207,0,207,335
03/13/2023,MYF,CA,AWP,WE,Towers with Radar,0,1,16,1,18,0,5,17,1,23,0,6,33,2,41,0,0,0,41
03/14/2023,MYF,CA,AWP,WE,Towers with Radar,0,1,31,0,32,0,2,44,0,46,0,3,75,0,78,215,0,215,293
03/15/2023,MYF,CA,AWP,WE,Towers with Radar,0,0,21,3,24,0,0,1,0,1,0,0,22,3,25,0,0,0,25
03/16/2023,MYF,CA,AWP,WE,Towers with Radar,0,11,121,2,134,0,2,192,1,195,0,13,313,3,329,878,0,878,1207
03/17/2023,MYF,CA,AWP,WE,Towers with Radar,0,12,74,0,86,0,11,340,4,355,0,23,414,4,441,415,0,415,856
03/18/2023,MYF,CA,AWP,WE,Towers with Radar,0,14,52,0,66,0,9,332,0,341,0,23,384,0,407,665,0,665,1072
03/19/2023,MYF,CA,AWP,WE,Towers with Radar,0,6,55,0,61,0,2,164,1,167,0,8,219,1,228,529,0,529,757
03/20/2023,MYF,CA,AWP,WE,Towers with Radar,0,4,55,1,60,0,1,18,1,20,0,5,73,2,80,206,0,206,286
03/21/2023,MYF,CA,AWP,WE,Towers with Radar,0,1,13,0,14,0,0,5,0,5,0,1,18,0,19,30,0,30,49
03/22/2023,MYF,CA,AWP,WE,Towers with Radar,0,1,47,2,50,0,4,104,5,113,0,5,151,7,163,286,0,286,449
03/23/2023,MYF,CA,AWP,WE,Towers with Radar,0,3,51,4,58,0,8,54,1,63,0,11,105,5,121,326,0,326,447
03/24/2023,MYF,CA,AWP,WE,Towers with Radar,0,10,105,2,117,0,15,373,0,388,0,25,478,2,505,786,0,786,1291
03/25/2023,MYF,CA,AWP,WE,Towers with Radar,0,20,75,0,95,0,6,294,0,300,0,26,369,0,395,584,0,584,979
03/26/2023,MYF,CA,AWP,WE,Towers with Radar,0,5,50,1,56,0,13,355,0,368,0,18,405,1,424,460,0,460,884
03/27/2023,MYF,CA,AWP,WE,Towers with Radar,0,7,72,0,79,0,15,356,5,376,0,22,428,5,455,775,0,775,1230
03/28/2023,MYF,CA,AWP,WE,Towers with Radar,0,12,61,1,74,0,13,398,6,417,0,25,459,7,491,751,0,751,1242
03/29/2023,MYF,CA,AWP,WE,Towers with Radar,0,0,35,2,37,0,3,14,3,20,0,3,49,5,57,71,0,71,128
03/30/2023,MYF,CA,AWP,WE,Towers with Radar,0,0,29,0,29,0,2,45,2,49,0,2,74,2,78,142,0,142,220
03/31/2023,MYF,CA,AWP,WE,Towers with Radar,0,9,95,1,105,0,21,355,0,376,0,30,450,1,481,779,0,779,1260
04/01/2023,MYF,CA,AWP,WE,Towers with Radar,0,23,61,0,84,0,10,385,2,397,0,33,446,2,481,433,0,433,914
04/02/2023,MYF,CA,AWP,WE,Towers with Radar,0,5,69,1,75,0,0,231,0,231,0,5,300,1,306,335,0,335,641
04/03/2023,MYF,CA,AWP,WE,Towers with Radar,0,6,30,2,38,0,9,63,1,73,0,15,93,3,111,193,0,193,304
04/04/2023,MYF,CA,AWP,WE,Towers with Radar,0,4,60,1,65,0,17,298,6,321,0,21,358,7,386,419,0,419,805
04/05/2023,MYF,CA,AWP,WE,Towers with Radar,0,12,66,0,78,0,8,363,0,371,0,20,429,0,449,608,2,610,1059
04/06/2023,MYF,CA,AWP,WE,Towers with Radar,0,10,61,1,72,0,17,365,2,384,0,27,426,3,456,591,0,591,1047
04/07/2023,MYF,CA,AWP,WE,Towers with Radar,0,10,58,1,69,0,15,352,5,372,0,25,410,6,441,701,0,701,1142
04/08/2023,MYF,CA,AWP,WE,Towers with Radar,0,12,51,0,63,0,14,293,2,309,0,26,344,2,372,476,0,476,848
04/09/2023,MYF,CA,AWP,WE,Towers with Radar,0,8,47,0,55,0,12,165,0,177,0,20,212,0,232,334,0,334,566
04/10/2023,MYF,CA,AWP,WE,Towers with Radar,0,9,64,2,75,0,5,202,4,211,0,14,266,6,286,480,0,480,766
04/11/2023,MYF,CA,AWP,WE,Towers with Radar,0,7,52,3,62,0,6,196,3,205,0,13,248,6,267,597,0,597,864
04/12/2023,MYF,CA,AWP,WE,Towers with Radar,0,8,118,5,131,0,5,11,2,18,0,13,129,7,149,22,0,22,171
04/13/2023,MYF,CA,AWP,WE,Towers with Radar,0,14,107,3,124,0,0,66,1,67,0,14,173,4,191,358,0,358,549
04/14/2023,MYF,CA,AWP,WE,Towers with Radar,0,16,94,2,112,0,8,220,6,234,0,24,314,8,346,955,0,955,1301
04/15/2023,MYF,CA,AWP,WE,Towers with Radar,0,8,70,1,79,0,6,330,2,338,0,14,400,3,417,663,0,663,1080
04/16/2023,MYF,CA,AWP,WE,Towers with Radar,0,5,114,0,119,0,7,23,0,30,0,12,137,0,149,14,0,14,163
04/17/2023,MYF,CA,AWP,WE,Towers with Radar,0,4,95,6,105,0,2,23,0,25,0,6,118,6,130,307,0,307,437
04/18/2023,MYF,CA,AWP,WE,Towers with Radar,0,8,105,5,118,0,15,133,9,157,0,23,238,14,275,698,0,698,973
04/19/2023,MYF,CA,AWP,WE,Towers with Radar,0,13,76,1,90,0,24,322,4,350,0,37,398,5,440,797,0,797,1237
04/20/2023,MYF,CA,AWP,WE,Towers with Radar,0,9,79,2,90,0,27,388,7,422,0,36,467,9,512,630,0,630,1142
04/21/2023,MYF,CA,AWP,WE,Towers with Radar,0,8,58,1,67,0,29,462,3,494,0,37,520,4,561,507,0,507,1068
04/22/2023,MYF,CA,AWP,WE,Towers with Radar,0,8,47,0,55,0,12,339,1,352,0,20,386,1,407,697,0,697,1104
04/23/2023,MYF,CA,AWP,WE,Towers with Radar,0,13,48,0,61,0,10,205,1,216,0,23,253,1,277,404,0,404,681
04/24/2023,MYF,CA,AWP,WE,Towers with Radar,0,2,101,1,104,0,13,227,1,241,0,15,328,2,345,640,0,640,985
04/25/2023,MYF,CA,AWP,WE,Towers with Radar,0,13,110,3,126,0,5,91,4,100,0,18,201,7,226,776,0,776,1002
04/26/2023,MYF,CA,AWP,WE,Towers with Radar,0,2,102,2,106,0,13,213,8,234,0,15,315,10,340,452,0,452,792
04/27/2023,MYF,CA,AWP,WE,Towers with Radar,0,3,67,4,74,0,12,263,3,278,0,15,330,7,352,476,0,476,828
04/28/2023,MYF,CA,AWP,WE,Towers with Radar,0,18,60,1,79,0,16,258,0,274,0,34,318,1,353,479,0,479,832
04/29/2023,MYF,CA,AWP,WE,Towers with Radar,0,12,73,0,85,0,3,237,2,242,0,15,310,2,327,381,0,381,708
04/30/2023,MYF,CA,AWP,WE,Towers with Radar,0,15,89,1,105,0,3,49,0,52,0,18,138,1,157,83,0,83,240
05/01/2023,MYF,CA,AWP,WE,Towers with Radar,0,11,87,2,100,0,7,74,0,81,0,18,161,2,181,953,0,953,1134
05/02/2023,MYF,CA,AWP,WE,Towers with Radar,0,12,93,3,108,0,9,224,2,235,0,21,317,5,343,981,0,981,1324
05/03/2023,MYF,CA,AWP,WE,Towers with Radar,0,6,73,1,80,0,15,268,1,284,0,21,341,2,364,1049,0,1049,1413
05/04/2023,MYF,CA,AWP,WE,Towers with Radar,0,6,55,1,62,0,2,77,1,80,0,8,132,2,142,414,0,414,556
05/05/2023,MYF,CA,AWP,WE,Towers with Radar,0,7,82,0,89,0,5,198,0,203,0,12,280,0,292,938,0,938,1230
05/06/2023,MYF,CA,AWP,WE,Towers with Radar,0,5,45,1,51,0,28,369,0,397,0,33,414,1,448,541,0,541,989
05/07/2023,MYF,CA,AWP,WE,Towers with Radar,0,7,71,0,78,0,6,310,1,317,0,13,381,1,395,669,0,669,1064
05/08/2023,MYF,CA,AWP,WE,Towers with Radar,0,6,72,2,80,0,11,269,3,283,0,17,341,5,363,655,0,655,1018
05/09/2023,MYF,CA,AWP,WE,Towers with Radar,0,5,88,3,96,0,15,263,4,282,0,20,351,7,378,739,0,739,1117
05/10/2023,MYF,CA,AWP,WE,Towers with Radar,0,6,88,3,97,0,9,200,6,215,0,15,288,9,312,1088,0,1088,1400
05/11/2023,MYF,CA,AWP,WE,Towers with Radar,0,11,89,2,102,0,20,286,7,313,0,31,375,9,415,850,0,850,1265
05/12/2023,MYF,CA,AWP,WE,Towers with Radar,0,9,103,0,112,0,6,164,1,171,0,15,267,1,283,676,0,676,959
05/13/2023,MYF,CA,AWP,WE,Towers with Radar,0,8,91,3,102,0,8,128,3,139,0,16,219,6,241,203,0,203,444
05/14/2023,MYF,CA,AWP,WE,Towers with Radar,0,10,73,2,85,0,7,83,0,90,0,17,156,2,175,170,0,170,345
05/15/2023,MYF,CA,AWP,WE,Towers with Radar,0,9,113,4,126,0,4,130,1,135,0,13,243,5,261,513,4,517,778
05/16/2023,MYF,CA,AWP,WE,Towers with Radar,0,8,77,2,87,0,12,247,1,260,0,20,324,3,347,551,0,551,898
05/17/2023,MYF,CA,AWP,WE,Towers with Radar,0,5,102,1,108,0,3,62,0,65,0,8,164,1,173,129,0,129,302
05/18/2023,MYF,CA,AWP,WE,Towers with Radar,0,2,71,2,75,0,8,90,3,101,0,10,161,5,176,538,0,538,714
05/19/2023,MYF,CA,AWP,WE,Towers with Radar,0,7,117,0,124,0,6,141,0,147,0,13,258,0,271,608,0,608,879
05/20/2023,MYF,CA,AWP,WE,Towers with Radar,0,14,93,2,109,0,16,114,2,132,0,30,207,4,241,442,0,442,683
05/21/2023,MYF,CA,AWP,WE,Towers with Radar,0,9,70,0,79,0,4,146,0,150,0,13,216,0,229,402,0,402,631
05/22/2023,MYF,CA,AWP,WE,Towers with Radar,0,11,137,2,150,0,4,26,1,31,0,15,163,3,181,62,0,62,243
05/23/2023,MYF,CA,AWP,WE,Towers with Radar,0,8,119,3,130,0,5,12,0,17,0,13,131,3,147,245,0,245,392
05/24/2023,MYF,CA,AWP,WE,Towers with Radar,0,11,113,3,127,0,7,74,2,83,0,18,187,5,210,982,0,982,1192
05/25/2023,MYF,CA,AWP,WE,Towers with Radar,0,20,105,3,128,0,6,287,1,294,0,26,392,4,422,890,0,890,1312
05/26/2023,MYF,CA,AWP,WE,Towers with Radar,0,9,107,0,116,0,10,308,3,321,0,19,415,3,437,907,0,907,1344
05/27/2023,MYF,CA,AWP,WE,Towers with Radar,0,4,99,0,103,0,11,110,0,121,0,15,209,0,224,801,0,801,1025
05/28/2023,MYF,CA,AWP,WE,Towers with Radar,0,4,78,1,83,0,6,67,0,73,0,10,145,1,156,776,0,776,932
05/29/2023,MYF,CA,AWP,WE,Towers with Radar,0,11,90,0,101,0,2,31,0,33,0,13,121,0,134,345,0,345,479
05/30/2023,MYF,CA,AWP,WE,Towers with Radar,0,8,116,2,126,0,2,81,0,83,0,10,197,2,209,1076,0,1076,1285
05/31/2023,MYF,CA,AWP,WE,Towers with Radar,0,12,86,1,99,0,10,148,1,159,0,22,234,2,258,1174,0,1174,1432
06/01/2023,MYF,CA,AWP,WE,Towers with Radar,0,11,124,4,139,0,3,58,0,61,0,14,182,4,200,458,0,458,658
06/02/2023,MYF,CA,AWP,WE,Towers with Radar,0,9,91,2,102,0,23,190,1,214,0,32,281,3,316,759,0,759,1075
06/03/2023,MYF,CA,AWP,WE,Towers with Radar,0,7,103,0,110,0,10,107,2,119,0,17,210,2,229,418,0,418,647
06/04/2023,MYF,CA,AWP,WE,Towers with Radar,0,10,98,3,111,0,14,212,1,227,0,24,310,4,338,508,0,508,846
06/05/2023,MYF,CA,AWP,WE,Towers with Radar,0,17,110,1,128,0,10,98,1,109,0,27,208,2,237,783,0,783,1020
06/06/2023,MYF,CA,AWP,WE,Towers with Radar,0,11,96,5,112,0,15,180,2,197,0,26,276,7,309,792,0,792,1101
06/07/2023,MYF,CA,AWP,WE,Towers with Radar,0,15,93,6,114,0,10,205,6,221,0,25,298,12,335,768,0,768,1103
06/08/2023,MYF,CA,AWP,WE,Towers with Radar,0,7,103,3,113,0,4,242,1,247,0,11,345,4,360,760,0,760,1120
06/09/2023,MYF,CA,AWP,WE,Towers with Radar,0,11,120,3,134,0,4,100,0,104,0,15,220,3,238,783,0,783,1021
06/10/2023,MYF,CA,AWP,WE,Towers with Radar,0,8,99,2,109,0,2,29,0,31,0,10,128,2,140,248,0,248,388
06/11/2023,MYF,CA,AWP,WE,Towers with Radar,0,4,89,3,96,0,0,18,1,19,0,4,107,4,115,114,0,114,229
06/12/2023,MYF,CA,AWP,WE,Towers with Radar,0,8,98,4,110,0,1,41,2,44,0,9,139,6,154,739,0,739,893
06/13/2023,MYF,CA,AWP,WE,Towers with Radar,0,4,94,4,102,0,9,80,4,93,0,13,174,8,195,636,0,636,831
06/14/2023,MYF,CA,AWP,WE,Towers with Radar,0,4,106,3,113,0,12,136,1,149,0,16,242,4,262,656,0,656,918
06/15/2023,MYF,CA,AWP,WE,Towers with Radar,0,9,104,6,119,0,12,201,3,216,0,21,305,9,335,754,0,754,1089
06/16/2023,MYF,CA,AWP,WE,Towers with Radar,0,12,78,4,94,0,26,353,4,383,0,38,431,8,477,588,0,588,1065
06/17/2023,MYF,CA,AWP,WE,Towers with Radar,0,17,69,2,88,0,12,302,1,315,0,29,371,3,403,443,0,443,846
06/18/2023,MYF,CA,AWP,WE,Towers with Radar,0,10,61,3,74,0,10,159,1,170,0,20,220,4,244,271,0,271,515
06/19/2023,MYF,CA,AWP,WE,Towers with Radar,0,16,85,2,103,0,14,244,3,261,0,30,329,5,364,799,0,799,1163
06/20/2023,MYF,CA,AWP,WE,Towers with Radar,0,8,219,3,230,0,6,234,2,242,0,14,453,5,472,612,2,614,1086
06/21/2023,MYF,CA,AWP,WE,Towers with Radar,0,7,76,2,85,0,14,341,5,360,0,21,417,7,445,634,0,634,1079
06/22/2023,MYF,CA,AWP,WE,Towers with Radar,0,8,95,1,104,0,20,274,1,295,0,28,369,2,399,690,0,690,1089
06/23/2023,MYF,CA,AWP,WE,Towers with Radar,0,15,65,4,84,0,16,361,2,379,0,31,426,6,463,730,0,730,1193
06/24/2023,MYF,CA,AWP,WE,Towers with Radar,0,21,63,6,90,0,11,309,2,322,0,32,372,8,412,751,0,751,1163
06/25/2023,MYF,CA,AWP,WE,Towers with Radar,0,8,77,1,86,0,9,242,0,251,0,17,319,1,337,643,0,643,980
06/26/2023,MYF,CA,AWP,WE,Towers with Radar,0,7,56,2,65,0,9,296,3,308,0,16,352,5,373,598,2,600,973
06/27/2023,MYF,CA,AWP,WE,Towers with Radar,0,7,54,2,63,0,12,320,4,336,0,19,374,6,399,661,2,663,1062
06/28/2023,MYF,CA,AWP,WE,Towers with Radar,0,14,78,2,94,0,10,301,2,313,0,24,379,4,407,668,3,671,1078
06/29/2023,MYF,CA,AWP,WE,Towers with Radar,0,9,83,2,94,0,22,290,10,322,0,31,373,12,416,721,5,726,1142
06/30/2023,MYF,CA,AWP,WE,Towers with Radar,0,13,96,2,111,0,5,327,2,334,0,18,423,4,445,594,0,594,1039
07/01/2023,MYF,CA,AWP,WE,Towers with Radar,0,22,56,1,79,0,9,262,0,271,0,31,318,1,350,436,1,437,787
07/02/2023,MYF,CA,AWP,WE,Towers with Radar,0,9,54,0,63,0,9,184,0,193,0,18,238,0,256,499,0,499,755
07/03/2023,MYF,CA,AWP,WE,Towers with Radar,0,4,84,0,88,0,11,219,0,230,0,15,303,0,318,528,0,528,846
07/04/2023,MYF,CA,AWP,WE,Towers with Radar,0,9,18,0,27,0,7,141,0,148,0,16,159,0,175,389,0,389,564
07/05/2023,MYF,CA,AWP,WE,Towers with Radar,0,7,73,0,80,0,14,254,4,272,0,21,327,4,352,596,0,596,948
07/06/2023,MYF,CA,AWP,WE,Towers with Radar,0,2,74,3,79,0,14,302,4,320,0,16,376,7,399,616,0,616,1015
07/07/2023,MYF,CA,AWP,WE,Towers with Radar,0,10,64,0,74,0,9,303,1,313,0,19,367,1,387,711,0,711,1098
07/08/2023,MYF,CA,AWP,WE,Towers with Radar,0,12,60,0,72,0,15,270,1,286,0,27,330,1,358,612,0,612,970
07/09/2023,MYF,CA,AWP,WE,Towers with Radar,0,9,67,0,76,0,7,224,0,231,0,16,291,0,307,430,0,430,737
07/10/2023,MYF,CA,AWP,WE,Towers with Radar,0,8,65,0,73,0,19,295,2,316,0,27,360,2,389,631,0,631,1020
07/11/2023,MYF,CA,AWP,WE,Towers with Radar,0,6,46,1,53,0,26,338,3,367,0,32,384,4,420,747,5,752,1172
07/12/2023,MYF,CA,AWP,WE,Towers with Radar,0,14,69,2,85,0,20,317,4,341,0,34,386,6,426,836,0,836,1262
07/13/2023,MYF,CA,AWP,WE,Towers with Radar,0,11,70,1,82,0,20,343,4,367,0,31,413,5,449,606,0,606,1055
07/14/2023,MYF,CA,AWP,WE,Towers with Radar,0,16,70,2,88,0,22,321,3,346,0,38,391,5,434,741,0,741,1175
07/15/2023,MYF,CA,AWP,WE,Towers with Radar,0,7,60,0,67,0,13,316,1,330,0,20,376,1,397,608,0,608,1005
07/16/2023,MYF,CA,AWP,WE,Towers with Radar,0,4,57,0,61,0,14,232,2,248,0,18,289,2,309,523,0,523,832
07/17/2023,MYF,CA,AWP,WE,Towers with Radar,0,7,52,1,60,0,13,232,10,255,0,20,284,11,315,676,14,690,1005
07/18/2023,MYF,CA,AWP,WE,Towers with Radar,0,10,44,1,55,0,16,284,3,303,0,26,328,4,358,634,0,634,992
07/19/2023,MYF,CA,AWP,WE,Towers with Radar,0,8,62,1,71,0,15,330,4,349,0,23,392,5,420,914,0,914,1334
07/20/2023,MYF,CA,AWP,WE,Towers with Radar,0,11,49,0,60,0,10,313,5,328,0,21,362,5,388,782,0,782,1170
07/21/2023,MYF,CA,AWP,WE,Towers with Radar,0,14,91,1,106,0,7,264,2,273,0,21,355,3,379,523,0,523,902
07/22/2023,MYF,CA,AWP,WE,Towers with Radar,0,10,60,0,70,0,10,261,1,272,0,20,321,1,342,590,0,590,932
07/23/2023,MYF,CA,AWP,WE,Towers with Radar,0,6,47,0,53,0,7,111,0,118,0,13,158,0,171,434,0,434,605
07/24/2023,MYF,CA,AWP,WE,Towers with Radar,0,4,58,1,63,0,9,275,4,288,0,13,333,5,351,718,0,718,1069
07/25/2023,MYF,CA,AWP,WE,Towers with Radar,0,9,59,2,70,0,13,290,3,306,0,22,349,5,376,692,0,692,1068
07/26/2023,MYF,CA,AWP,WE,Towers with Radar,0,12,76,1,89,0,18,344,5,367,0,30,420,6,456,804,0,804,1260
07/27/2023,MYF,CA,AWP,WE,Towers with Radar,0,12,74,1,87,0,17,245,9,271,0,29,319,10,358,673,0,673,1031
07/28/2023,MYF,CA,AWP,WE,Towers with Radar,0,10,110,3,123,0,9,159,1,169,0,19,269,4,292,404,0,404,696
07/29/2023,MYF,CA,AWP,WE,Towers with Radar,0,8,56,1,65,0,12,267,0,279,0,20,323,1,344,525,0,525,869
07/30/2023,MYF,CA,AWP,WE,Towers with Radar,0,9,80,0,89,0,7,162,0,169,0,16,242,0,258,476,0,476,734
07/31/2023,MYF,CA,AWP,WE,Towers with Radar,0,4,38,2,44,0,7,156,2,165,0,11,194,4,209,854,0,854,1063
08/01/2023,MYF,CA,AWP,WE,Towers with Radar,0,10,58,2,70,0,3,297,3,303,0,13,355,5,373,796,0,796,1169
08/02/2023,MYF,CA,AWP,WE,Towers with Radar,0,13,75,2,90,0,11,305,2,318,0,24,380,4,408,670,0,670,1078
08/03/2023,MYF,CA,AWP,WE,Towers with Radar,0,6,61,4,71,0,12,291,6,309,0,18,352,10,380,699,0,699,1079
08/04/2023,MYF,CA,AWP,WE,Towers with Radar,0,19,45,1,65,0,19,352,1,372,0,38,397,2,437,693,0,693,1130
08/05/2023,MYF,CA,AWP,WE,Towers with Radar,0,9,57,0,66,0,18,295,0,313,0,27,352,0,379,461,0,461,840
08/06/2023,MYF,CA,AWP,WE,Towers with Radar,0,10,61,0,71,0,11,224,0,235,0,21,285,0,306,335,0,335,641
08/07/2023,MYF,CA,AWP,WE,Towers with Radar,0,14,58,1,73,0,9,291,4,304,0,23,349,5,377,625,0,625,1002
08/08/2023,MYF,CA,AWP,WE,Towers with Radar,0,6,58,1,65,0,13,309,4,326,0,19,367,5,391,748,0,748,1139
08/09/2023,MYF,CA,AWP,WE,Towers with Radar,0,10,76,2,88,0,10,287,3,300,0,20,363,5,388,798,0,798,1186
08/10/2023,MYF,CA,AWP,WE,Towers with Radar,0,13,93,3,109,0,12,204,2,218,0,25,297,5,327,873,0,873,1200
08/11/2023,MYF,CA,AWP,WE,Towers with Radar,0,14,126,4,144,0,10,99,3,112,0,24,225,7,256,631,2,633,889
08/12/2023,MYF,CA,AWP,WE,Towers with Radar,0,12,74,1,87,0,22,191,1,214,0,34,265,2,301,494,0,494,795
08/13/2023,MYF,CA,AWP,WE,Towers with Radar,0,9,69,2,80,0,16,183,1,200,0,25,252,3,280,503,0,503,783
08/14/2023,MYF,CA,AWP,WE,Towers with Radar,0,21,89,4,114,0,18,236,7,261,0,39,325,11,375,528,0,528,903
08/15/2023,MYF,CA,AWP,WE,Towers with Radar,0,10,53,3,66,0,20,190,1,211,0,30,243,4,277,553,0,553,830
08/16/2023,MYF,CA,AWP,WE,Towers with Radar,0,9,57,1,67,0,28,326,12,366,0,37,383,13,433,761,0,761,1194
08/17/2023,MYF,CA,AWP,WE,Towers with Radar,0,13,62,1,76,0,17,354,4,375,0,30,416,5,451,586,0,586,1037
08/18/2023,MYF,CA,AWP,WE,Towers with Radar,0,9,59,0,68,0,4,346,3,353,0,13,405,3,421,657,0,657,1078
08/19/2023,MYF,CA,AWP,WE,Towers with Radar,0,4,42,0,46,0,4,95,0,99,0,8,137,0,145,419,0,419,564
08/20/2023,MYF,CA,AWP,WE,Towers with Radar,0,0,6,0,6,0,0,1,0,1,0,0,7,0,7,27,0,27,34
08/21/2023,MYF,CA,AWP,WE,Towers with Radar,0,6,32,0,38,0,5,44,1,50,0,11,76,1,88,358,0,358,446
08/22/2023,MYF,CA,AWP,WE,Towers with Radar,0,5,63,1,69,0,11,317,6,334,0,16,380,7,403,534,2,536,939
08/23/2023,MYF,CA,AWP,WE,Towers with Radar,0,12,61,1,74,0,11,376,6,393,0,23,437,7,467,640,16,656,1123
08/24/2023,MYF,CA,AWP,WE,Towers with Radar,0,9,107,4,120,0,27,293,10,330,0,36,400,14,450,582,6,588,1038
08/25/2023,MYF,CA,AWP,WE,Towers with Radar,0,12,75,1,88,0,20,298,12,330,0,32,373,13,418,707,0,707,1125
08/26/2023,MYF,CA,AWP,WE,Towers with Radar,0,19,50,0,69,0,8,287,1,296,0,27,337,1,365,579,0,579,944
08/27/2023,MYF,CA,AWP,WE,Towers with Radar,0,4,65,0,69,0,15,318,1,334,0,19,383,1,403,548,0,548,951
08/28/2023,MYF,CA,AWP,WE,Towers with Radar,0,6,61,1,68,0,23,300,5,328,0,29,361,6,396,710,10,720,1116
08/29/2023,MYF,CA,AWP,WE,Towers with Radar,0,8,61,4,73,0,7,339,3,349,0,15,400,7,422,693,0,693,1115
08/30/2023,MYF,CA,AWP,WE,Towers with Radar,0,21,70,2,93,0,17,268,6,291,0,38,338,8,384,474,0,474,858
08/31/2023,MYF,CA,AWP,WE,Towers with Radar,0,8,75,2,85,0,11,210,2,223,0,19,285,4,308,574,0,574,882
01/01/2020,MYF,CA,AWP,WE,Towers with Radar,0,0,29,0,29,0,11,147,1,159,0,11,176,1,188,161,0,161,349
01/02/2020,MYF,CA,AWP,WE,Towers with Radar,0,4,64,0,68,0,6,232,0,238,0,10,296,0,306,370,0,370,676
01/03/2020,MYF,CA,AWP,WE,Towers with Radar,0,2,65,0,67,0,9,201,0,210,0,11,266,0,277,507,2,509,786
01/04/2020,MYF,CA,AWP,WE,Towers with Radar,0,7,74,0,81,0,3,279,0,282,0,10,353,0,363,358,0,358,721
01/05/2020,MYF,CA,AWP,WE,Towers with Radar,0,3,70,0,73,0,5,221,0,226,0,8,291,0,299,464,0,464,763
01/06/2020,MYF,CA,AWP,WE,Towers with Radar,0,2,54,0,56,0,1,222,0,223,0,3,276,0,279,612,0,612,891
01/07/2020,MYF,CA,AWP,WE,Towers with Radar,0,7,88,0,95,0,2,326,0,328,0,9,414,0,423,500,0,500,923
01/08/2020,MYF,CA,AWP,WE,Towers with Radar,0,4,119,0,123,0,4,247,2,253,0,8,366,2,376,638,0,638,1014
01/09/2020,MYF,CA,AWP,WE,Towers with Radar,0,3,86,4,93,0,6,133,10,149,0,9,219,14,242,335,0,335,577
01/10/2020,MYF,CA,AWP,WE,Towers with Radar,0,3,81,0,84,0,22,332,1,355,0,25,413,1,439,474,0,474,913
01/11/2020,MYF,CA,AWP,WE,Towers with Radar,0,2,67,0,69,0,11,306,0,317,0,13,373,0,386,396,0,396,782
01/12/2020,MYF,CA,AWP,WE,Towers with Radar,0,2,65,0,67,0,5,306,2,313,0,7,371,2,380,414,0,414,794
01/13/2020,MYF,CA,AWP,WE,Towers with Radar,0,0,82,1,83,0,3,309,3,315,0,3,391,4,398,518,0,518,916
01/14/2020,MYF,CA,AWP,WE,Towers with Radar,0,2,78,2,82,0,7,313,3,323,0,9,391,5,405,500,1,501,906
01/15/2020,MYF,CA,AWP,WE,Towers with Radar,0,6,70,2,78,0,30,358,4,392,0,36,428,6,470,398,13,411,881
01/16/2020,MYF,CA,AWP,WE,Towers with Radar,0,4,96,6,106,0,7,179,9,195,0,11,275,15,301,537,1,538,839
01/17/2020,MYF,CA,AWP,WE,Towers with Radar,0,4,71,5,80,0,12,227,7,246,0,16,298,12,326,461,0,461,787
01/18/2020,MYF,CA,AWP,WE,Towers with Radar,0,2,48,0,50,0,19,260,1,280,0,21,308,1,330,524,0,524,854
01/19/2020,MYF,CA,AWP,WE,Towers with Radar,0,0,48,0,48,0,5,236,0,241,0,5,284,0,289,423,0,423,712
01/20/2020,MYF,CA,AWP,WE,Towers with Radar,0,1,95,1,97,0,3,142,7,152,0,4,237,8,249,453,5,458,707
01/21/2020,MYF,CA,AWP,WE,Towers with Radar,0,6,112,5,123,0,7,26,1,34,0,13,138,6,157,351,2,353,510
01/22/2020,MYF,CA,AWP,WE,Towers with Radar,0,5,87,3,95,0,11,330,6,347,0,16,417,9,442,709,6,715,1157
01/23/2020,MYF,CA,AWP,WE,Towers with Radar,0,1,67,5,73,0,2,346,5,353,0,3,413,10,426,512,1,513,939
01/24/2020,MYF,CA,AWP,WE,Towers with Radar,0,6,70,0,76,0,8,369,0,377,0,14,439,0,453,415,0,415,868
01/25/2020,MYF,CA,AWP,WE,Towers with Radar,0,3,59,7,69,0,6,242,4,252,0,9,301,11,321,362,0,362,683
01/26/2020,MYF,CA,AWP,WE,Towers with Radar,0,7,89,0,96,0,11,64,0,75,0,18,153,0,171,388,0,388,559
01/27/2020,MYF,CA,AWP,WE,Towers with Radar,0,0,73,4,77,0,14,257,3,274,0,14,330,7,351,697,0,697,1048
01/28/2020,MYF,CA,AWP,WE,Towers with Radar,0,4,75,2,81,0,13,357,5,375,0,17,432,7,456,633,0,633,1089
01/29/2020,MYF,CA,AWP,WE,Towers with Radar,0,3,80,1,84,0,7,268,4,279,0,10,348,5,363,570,8,578,941
01/30/2020,MYF,CA,AWP,WE,Towers with Radar,0,1,73,1,75,0,11,303,1,315,0,12,376,2,390,708,0,708,1098
01/31/2020,MYF,CA,AWP,WE,Towers with Radar,0,0,77,1,78,0,6,300,1,307,0,6,377,2,385,706,0,706,1091
02/01/2020,MYF,CA,AWP,WE,Towers with Radar,0,10,53,0,63,0,5,348,0,353,0,15,401,0,416,433,0,433,849
02/02/2020,MYF,CA,AWP,WE,Towers with Radar,0,0,61,0,61,0,5,142,0,147,0,5,203,0,208,236,0,236,444
02/03/2020,MYF,CA,AWP,WE,Towers with Radar,0,2,86,2,90,0,1,213,3,217,0,3,299,5,307,543,0,543,850
02/04/2020,MYF,CA,AWP,WE,Towers with Radar,0,2,60,3,65,0,4,219,6,229,0,6,279,9,294,440,0,440,734
02/05/2020,MYF,CA,AWP,WE,Towers with Radar,0,0,83,0,83,0,9,304,5,318,0,9,387,5,401,484,0,484,885
02/06/2020,MYF,CA,AWP,WE,Towers with Radar,0,6,92,1,99,0,22,407,5,434,0,28,499,6,533,500,0,500,1033
02/07/2020,MYF,CA,AWP,WE,Towers with Radar,0,4,91,0,95,0,19,291,3,313,0,23,382,3,408,459,0,459,867
02/08/2020,MYF,CA,AWP,WE,Towers with Radar,0,3,77,0,80,0,11,279,1,291,0,14,356,1,371,513,0,513,884
02/09/2020,MYF,CA,AWP,WE,Towers with Radar,0,3,49,0,52,0,1,13,0,14,0,4,62,0,66,40,0,40,106
02/10/2020,MYF,CA,AWP,WE,Towers with Radar,0,2,71,1,74,0,4,56,1,61,0,6,127,2,135,193,0,193,328
02/11/2020,MYF,CA,AWP,WE,Towers with Radar,0,5,55,1,61,0,5,226,6,237,0,10,281,7,298,478,0,478,776
02/12/2020,MYF,CA,AWP,WE,Towers with Radar,0,3,99,2,104,0,12,300,2,314,0,15,399,4,418,520,6,526,944
02/13/2020,MYF,CA,AWP,WE,Towers with Radar,0,2,85,2,89,0,13,346,11,370,0,15,431,13,459,545,0,545,1004
02/14/2020,MYF,CA,AWP,WE,Towers with Radar,0,8,90,1,99,0,15,338,3,356,0,23,428,4,455,422,0,422,877
02/15/2020,MYF,CA,AWP,WE,Towers with Radar,0,6,56,0,62,0,15,296,0,311,0,21,352,0,373,408,0,408,781
02/16/2020,MYF,CA,AWP,WE,Towers with Radar,0,0,51,0,51,0,3,299,0,302,0,3,350,0,353,360,0,360,713
02/17/2020,MYF,CA,AWP,WE,Towers with Radar,0,3,75,0,78,0,5,250,1,256,0,8,325,1,334,454,0,454,788
02/18/2020,MYF,CA,AWP,WE,Towers with Radar,0,8,89,2,99,0,18,205,2,225,0,26,294,4,324,589,0,589,913
02/19/2020,MYF,CA,AWP,WE,Towers with Radar,0,4,89,4,97,0,4,239,3,246,0,8,328,7,343,411,0,411,754
02/20/2020,MYF,CA,AWP,WE,Towers with Radar,0,5,86,4,95,0,13,324,9,346,0,18,410,13,441,542,17,559,1000
02/21/2020,MYF,CA,AWP,WE,Towers with Radar,0,4,85,0,89,0,8,318,6,332,0,12,403,6,421,553,2,555,976
02/22/2020,MYF,CA,AWP,WE,Towers with Radar,0,3,25,0,28,0,0,16,0,16,0,3,41,0,44,128,24,152,196
02/23/2020,MYF,CA,AWP,WE,Towers with Radar,0,2,100,6,108,0,5,216,5,226,0,7,316,11,334,458,0,458,792
02/24/2020,MYF,CA,AWP,WE,Towers with Radar,0,0,90,2,92,0,4,219,5,228,0,4,309,7,320,463,0,463,783
02/25/2020,MYF,CA,AWP,WE,Towers with Radar,0,0,64,0,64,0,6,253,5,264,0,6,317,5,328,473,0,473,801
02/26/2020,MYF,CA,AWP,WE,Towers with Radar,0,3,68,2,73,0,9,295,2,306,0,12,363,4,379,820,0,820,1199
02/27/2020,MYF,CA,AWP,WE,Towers with Radar,0,0,92,2,94,0,5,275,3,283,0,5,367,5,377,730,2,732,1109
02/28/2020,MYF,CA,AWP,WE,Towers with Radar,0,9,82,2,93,0,15,292,4,311,0,24,374,6,404,485,3,488,892
02/29/2020,MYF,CA,AWP,WE,Towers with Radar,0,6,63,0,69,0,10,295,0,305,0,16,358,0,374,241,0,241,615
03/01/2020,MYF,CA,AWP,WE,Towers with Radar,0,6,36,0,42,0,0,24,0,24,0,6,60,0,66,79,0,79,145
03/02/2020,MYF,CA,AWP,WE,Towers with Radar,0,2,51,0,53,0,9,132,2,143,0,11,183,2,196,538,0,538,734
03/03/2020,MYF,CA,AWP,WE,Towers with Radar,0,7,85,0,92,0,4,261,3,268,0,11,346,3,360,396,0,396,756
03/04/2020,MYF,CA,AWP,WE,Towers with Radar,0,4,81,1,86,0,17,337,2,356,0,21,418,3,442,537,0,537,979
03/05/2020,MYF,CA,AWP,WE,Towers with Radar,0,7,81,1,89,0,10,288,2,300,0,17,369,3,389,500,0,500,889
03/06/2020,MYF,CA,AWP,WE,Towers with Radar,0,2,61,0,63,0,11,229,0,240,0,13,290,0,303,488,0,488,791
03/07/2020,MYF,CA,AWP,WE,Towers with Radar,0,8,84,3,95,0,6,161,2,169,0,14,245,5,264,605,0,605,869
03/08/2020,MYF,CA,AWP,WE,Towers with Radar,0,6,79,0,85,0,8,181,0,189,0,14,260,0,274,396,1,397,671
03/09/2020,MYF,CA,AWP,WE,Towers with Radar,0,3,68,0,71,0,2,236,0,238,0,5,304,0,309,495,0,495,804
03/10/2020,MYF,CA,AWP,WE,Towers with Radar,0,4,29,3,36,0,0,6,2,8,0,4,35,5,44,92,0,92,136
03/11/2020,MYF,CA,AWP,WE,Towers with Radar,0,5,96,3,104,0,3,136,3,142,0,8,232,6,246,550,0,550,796
03/12/2020,MYF,CA,AWP,WE,Towers with Radar,0,6,28,0,34,0,0,8,3,11,0,6,36,3,45,77,20,97,142
03/13/2020,MYF,CA,AWP,WE,Towers with Radar,0,6,48,3,57,0,2,14,1,17,0,8,62,4,74,69,5,74,148
03/14/2020,MYF,CA,AWP,WE,Towers with Radar,0,5,67,0,72,0,3,93,2,98,0,8,160,2,170,681,0,681,851
03/15/2020,MYF,CA,AWP,WE,Towers with Radar,0,1,80,0,81,0,2,144,0,146,0,3,224,0,227,508,0,508,735
03/16/2020,MYF,CA,AWP,WE,Towers with Radar,0,2,51,3,56,0,1,143,1,145,0,3,194,4,201,280,0,280,481
03/17/2020,MYF,CA,AWP,WE,Towers with Radar,0,2,38,2,42,0,0,210,3,213,0,2,248,5,255,631,0,631,886
03/18/2020,MYF,CA,AWP,WE,Towers with Radar,0,2,8,0,10,0,4,12,0,16,0,6,20,0,26,126,0,126,152
03/19/2020,MYF,CA,AWP,WE,Towers with Radar,0,2,37,2,41,0,7,106,0,113,0,9,143,2,154,446,0,446,600
03/20/2020,MYF,CA,AWP,WE,Towers with Radar,0,2,25,0,27,0,4,93,2,99,0,6,118,2,126,295,14,309,435
03/21/2020,MYF,CA,AWP,WE,Towers with Radar,0,2,27,4,33,0,11,168,0,179,0,13,195,4,212,279,0,279,491
03/22/2020,MYF,CA,AWP,WE,Towers with Radar,0,0,18,0,18,0,4,113,5,122,0,4,131,5,140,272,19,291,431
03/23/2020,MYF,CA,AWP,WE,Towers with Radar,0,2,11,2,15,0,1,40,0,41,0,3,51,2,56,174,0,174,230
03/24/2020,MYF,CA,AWP,WE,Towers with Radar,0,2,28,1,31,0,2,123,3,128,0,4,151,4,159,443,0,443,602
03/25/2020,MYF,CA,AWP,WE,Towers with Radar,0,1,30,4,35,0,3,78,1,82,0,4,108,5,117,269,0,269,386
03/26/2020,MYF,CA,AWP,WE,Towers with Radar,0,0,13,4,17,0,1,100,5,106,0,1,113,9,123,345,0,345,468
03/27/2020,MYF,CA,AWP,WE,Towers with Radar,0,0,23,1,24,0,6,133,3,142,0,6,156,4,166,191,0,191,357
03/28/2020,MYF,CA,AWP,WE,Towers with Radar,0,2,25,0,27,0,0,181,2,183,0,2,206,2,210,213,8,221,431
03/29/2020,MYF,CA,AWP,WE,Towers with Radar,0,2,27,0,29,0,3,134,0,137,0,5,161,0,166,270,0,270,436
03/30/2020,MYF,CA,AWP,WE,Towers with Radar,0,1,20,1,22,0,4,106,1,111,0,5,126,2,133,242,3,245,378
03/31/2020,MYF,CA,AWP,WE,Towers with Radar,0,4,18,1,23,0,14,111,3,128,0,18,129,4,151,241,0,241,392
04/01/2020,MYF,CA,AWP,WE,Towers with Radar,0,6,27,1,34,0,0,132,2,134,0,6,159,3,168,138,0,138,306
04/02/2020,MYF,CA,AWP,WE,Towers with Radar,0,0,20,2,22,0,0,58,2,60,0,0,78,4,82,228,10,238,320
04/03/2020,MYF,CA,AWP,WE,Towers with Radar,0,2,19,0,21,0,4,122,0,126,0,6,141,0,147,328,0,328,475
04/04/2020,MYF,CA,AWP,WE,Towers with Radar,0,2,27,1,30,0,6,60,1,67,0,8,87,2,97,221,0,221,318
04/05/2020,MYF,CA,AWP,WE,Towers with Radar,0,3,14,1,18,0,1,49,1,51,0,4,63,2,69,268,0,268,337
04/06/2020,MYF,CA,AWP,WE,Towers with Radar,0,0,6,1,7,0,0,14,1,15,0,0,20,2,22,68,0,68,90
04/07/2020,MYF,CA,AWP,WE,Towers with Radar,0,0,9,2,11,0,0,8,0,8,0,0,17,2,19,22,0,22,41
04/08/2020,MYF,CA,AWP,WE,Towers with Radar,0,2,9,0,11,0,0,29,2,31,0,2,38,2,42,149,2,151,193
04/09/2020,MYF,CA,AWP,WE,Towers with Radar,0,1,15,0,16,0,0,23,0,23,0,1,38,0,39,68,26,94,133
04/10/2020,MYF,CA,AWP,WE,Towers with Radar,0,3,10,0,13,0,2,7,0,9,0,5,17,0,22,0,6,6,28
04/11/2020,MYF,CA,AWP,WE,Towers with Radar,0,5,30,2,37,0,0,141,4,145,0,5,171,6,182,349,2,351,533
04/12/2020,MYF,CA,AWP,WE,Towers with Radar,0,3,29,0,32,0,0,16,0,16,0,3,45,0,48,298,0,298,346
04/13/2020,MYF,CA,AWP,WE,Towers with Radar,0,4,23,4,31,0,0,35,0,35,0,4,58,4,66,201,0,201,267
04/14/2020,MYF,CA,AWP,WE,Towers with Radar,0,0,28,3,31,0,1,107,5,113,0,1,135,8,144,207,5,212,356
04/15/2020,MYF,CA,AWP,WE,Towers with Radar,0,0,26,2,28,0,2,201,4,207,0,2,227,6,235,276,4,280,515
04/16/2020,MYF,CA,AWP,WE,Towers with Radar,0,0,23,2,25,0,3,141,1,145,0,3,164,3,170,260,0,260,430
04/17/2020,MYF,CA,AWP,WE,Towers with Radar,0,3,14,0,17,0,8,72,4,84,0,11,86,4,101,289,0,289,390
04/18/2020,MYF,CA,AWP,WE,Towers with Radar,0,5,39,0,44,0,0,73,0,73,0,5,112,0,117,265,0,265,382
04/19/2020,MYF,CA,AWP,WE,Towers with Radar,0,4,32,0,36,0,5,56,1,62,0,9,88,1,98,323,0,323,421
04/20/2020,MYF,CA,AWP,WE,Towers with Radar,0,3,18,1,22,0,0,73,7,80,0,3,91,8,102,268,0,268,370
04/21/2020,MYF,CA,AWP,WE,Towers with Radar,0,0,27,5,32,0,1,153,2,156,0,1,180,7,188,322,0,322,510
04/22/2020,MYF,CA,AWP,WE,Towers with Radar,0,5,35,1,41,0,3,199,6,208,0,8,234,7,249,434,0,434,683
04/23/2020,MYF,CA,AWP,WE,Towers with Radar,0,0,28,1,29,0,0,161,8,169,0,0,189,9,198,434,0,434,632
04/24/2020,MYF,CA,AWP,WE,Towers with Radar,0,2,11,1,14,0,2,188,4,194,0,4,199,5,208,292,0,292,500
04/25/2020,MYF,CA,AWP,WE,Towers with Radar,0,0,25,1,26,0,2,210,4,216,0,2,235,5,242,443,0,443,685
04/26/2020,MYF,CA,AWP,WE,Towers with Radar,1,3,24,2,30,0,9,148,4,161,1,12,172,6,191,202,0,202,393
04/27/2020,MYF,CA,AWP,WE,Towers with Radar,0,0,22,2,24,0,5,135,4,144,0,5,157,6,168,210,0,210,378
04/28/2020,MYF,CA,AWP,WE,Towers with Radar,0,1,27,3,31,0,5,134,1,140,0,6,161,4,171,326,0,326,497
04/29/2020,MYF,CA,AWP,WE,Towers with Radar,0,5,35,4,44,0,2,49,1,52,0,7,84,5,96,102,0,102,198
04/30/2020,MYF,CA,AWP,WE,Towers with Radar,0,1,42,6,49,0,3,77,0,80,0,4,119,6,129,233,0,233,362
05/01/2020,MYF,CA,AWP,WE,Towers with Radar,0,0,38,0,38,0,1,147,0,148,0,1,185,0,186,330,0,330,516
05/02/2020,MYF,CA,AWP,WE,Towers with Radar,0,2,30,0,32,0,0,214,1,215,0,2,244,1,247,308,0,308,555
05/03/2020,MYF,CA,AWP,WE,Towers with Radar,0,0,28,0,28,0,3,154,0,157,0,3,182,0,185,279,0,279,464
05/04/2020,MYF,CA,AWP,WE,Towers with Radar,0,4,25,1,30,0,6,113,3,122,0,10,138,4,152,310,0,310,462
05/05/2020,MYF,CA,AWP,WE,Towers with Radar,0,1,16,3,20,0,11,153,5,169,0,12,169,8,189,370,0,370,559
05/06/2020,MYF,CA,AWP,WE,Towers with Radar,0,0,20,1,21,0,3,153,4,160,0,3,173,5,181,407,0,407,588
05/07/2020,MYF,CA,AWP,WE,Towers with Radar,0,0,36,1,37,0,2,157,4,163,0,2,193,5,200,340,0,340,540
05/08/2020,MYF,CA,AWP,WE,Towers with Radar,0,4,25,3,32,0,3,150,1,154,0,7,175,4,186,313,26,339,525
05/09/2020,MYF,CA,AWP,WE,Towers with Radar,0,4,33,5,42,0,3,89,0,92,0,7,122,5,134,391,0,391,525
05/10/2020,MYF,CA,AWP,WE,Towers with Radar,0,2,45,0,47,0,3,51,0,54,0,5,96,0,101,103,0,103,204
05/11/2020,MYF,CA,AWP,WE,Towers with Radar,0,0,38,0,38,0,3,138,4,145,0,3,176,4,183,255,0,255,438
05/12/2020,MYF,CA,AWP,WE,Towers with Radar,0,3,27,1,31,0,3,148,3,154,0,6,175,4,185,358,0,358,543
05/13/2020,MYF,CA,AWP,WE,Towers with Radar,0,4,31,4,39,0,5,113,2,120,0,9,144,6,159,252,0,252,411
05/14/2020,MYF,CA,AWP,WE,Towers with Radar,0,6,44,1,51,0,9,185,3,197,0,15,229,4,248,385,0,385,633
05/15/2020,MYF,CA,AWP,WE,Towers with Radar,0,3,43,4,50,0,5,217,6,228,0,8,260,10,278,361,0,361,639
05/16/2020,MYF,CA,AWP,WE,Towers with Radar,0,7,54,0,61,0,3,182,1,186,0,10,236,1,247,416,0,416,663
05/17/2020,MYF,CA,AWP,WE,Towers with Radar,0,1,64,5,70,0,0,94,0,94,0,1,158,5,164,308,0,308,472
05/18/2020,MYF,CA,AWP,WE,Towers with Radar,0,2,44,2,48,0,4,95,2,101,0,6,139,4,149,477,0,477,626
05/19/2020,MYF,CA,AWP,WE,Towers with Radar,0,1,47,1,49,0,2,153,9,164,0,3,200,10,213,328,0,328,541
05/20/2020,MYF,CA,AWP,WE,Towers with Radar,0,2,51,7,60,0,9,215,3,227,0,11,266,10,287,450,0,450,737
05/21/2020,MYF,CA,AWP,WE,Towers with Radar,0,1,60,7,68,0,5,219,5,229,0,6,279,12,297,380,0,380,677
05/22/2020,MYF,CA,AWP,WE,Towers with Radar,0,9,59,1,69,0,3,243,4,250,0,12,302,5,319,275,0,275,594
05/23/2020,MYF,CA,AWP,WE,Towers with Radar,0,8,50,0,58,0,8,189,3,200,0,16,239,3,258,375,0,375,633
05/24/2020,MYF,CA,AWP,WE,Towers with Radar,0,1,28,0,29,0,4,195,0,199,0,5,223,0,228,306,0,306,534
05/25/2020,MYF,CA,AWP,WE,Towers with Radar,0,6,45,2,53,0,3,188,1,192,0,9,233,3,245,301,0,301,546
05/26/2020,MYF,CA,AWP,WE,Towers with Radar,0,1,47,3,51,0,0,181,8,189,0,1,228,11,240,415,0,415,655
05/27/2020,MYF,CA,AWP,WE,Towers with Radar,0,0,50,2,52,0,9,196,3,208,0,9,246,5,260,393,0,393,653
05/28/2020,MYF,CA,AWP,WE,Towers with Radar,0,4,72,2,78,0,4,186,1,191,0,8,258,3,269,379,0,379,648
05/29/2020,MYF,CA,AWP,WE,Towers with Radar,0,2,84,1,87,0,12,53,1,66,0,14,137,2,153,373,0,373,526
05/30/2020,MYF,CA,AWP,WE,Towers with Radar,0,3,66,0,69,0,1,206,0,207,0,4,272,0,276,400,0,400,676
05/31/2020,MYF,CA,AWP,WE,Towers with Radar,0,4,48,0,52,0,6,200,1,207,0,10,248,1,259,302,0,302,561
06/01/2020,MYF,CA,AWP,WE,Towers with Radar,0,0,40,1,41,0,4,226,2,232,0,4,266,3,273,459,0,459,732
06/02/2020,MYF,CA,AWP,WE,Towers with Radar,0,2,60,3,65,0,6,225,2,233,0,8,285,5,298,451,0,451,749
06/03/2020,MYF,CA,AWP,WE,Towers with Radar,0,1,59,0,60,0,1,249,4,254,0,2,308,4,314,570,0,570,884
06/04/2020,MYF,CA,AWP,WE,Towers with Radar,0,5,98,4,107,0,5,98,6,109,0,10,196,10,216,378,7,385,601
06/05/2020,MYF,CA,AWP,WE,Towers with Radar,0,3,70,1,74,0,1,125,3,129,0,4,195,4,203,516,0,516,719
06/06/2020,MYF,CA,AWP,WE,Towers with Radar,0,5,55,1,61,0,5,60,0,65,0,10,115,1,126,337,0,337,463
06/07/2020,MYF,CA,AWP,WE,Towers with Radar,0,2,61,0,63,0,7,198,0,205,0,9,259,0,268,348,0,348,616
06/08/2020,MYF,CA,AWP,WE,Towers with Radar,0,2,43,2,47,0,2,230,3,235,0,4,273,5,282,426,0,426,708
06/09/2020,MYF,CA,AWP,WE,Towers with Radar,0,2,33,3,38,0,3,246,4,253,0,5,279,7,291,522,0,522,813
06/10/2020,MYF,CA,AWP,WE,Towers with Radar,0,0,51,1,52,0,2,281,3,286,0,2,332,4,338,478,0,478,816
06/11/2020,MYF,CA,AWP,WE,Towers with Radar,0,2,38,0,40,0,9,250,4,263,0,11,288,4,303,547,0,547,850
06/12/2020,MYF,CA,AWP,WE,Towers with Radar,0,0,62,0,62,0,5,266,4,275,0,5,328,4,337,442,0,442,779
06/13/2020,MYF,CA,AWP,WE,Towers with Radar,0,3,50,0,53,0,2,219,6,227,0,5,269,6,280,551,8,559,839
06/14/2020,MYF,CA,AWP,WE,Towers with Radar,0,0,58,12,70,0,4,229,16,249,0,4,287,28,319,454,0,454,773
06/15/2020,MYF,CA,AWP,WE,Towers with Radar,0,1,87,0,88,0,9,184,2,195,0,10,271,2,283,749,0,749,1032
06/16/2020,MYF,CA,AWP,WE,Towers with Radar,0,1,101,3,105,0,7,209,5,221,0,8,310,8,326,636,0,636,962
06/17/2020,MYF,CA,AWP,WE,Towers with Radar,0,6,84,3,93,0,5,281,4,290,0,11,365,7,383,692,0,692,1075
06/18/2020,MYF,CA,AWP,WE,Towers with Radar,0,7,79,4,90,0,5,262,8,275,0,12,341,12,365,525,0,525,890
06/19/2020,MYF,CA,AWP,WE,Towers with Radar,0,2,99,3,104,0,4,261,0,265,0,6,360,3,369,660,0,660,1029
06/20/2020,MYF,CA,AWP,WE,Towers with Radar,0,8,107,2,117,0,14,160,1,175,0,22,267,3,292,577,0,577,869
06/21/2020,MYF,CA,AWP,WE,Towers with Radar,0,4,69,22,95,0,3,164,15,182,0,7,233,37,277,378,0,378,655
06/22/2020,MYF,CA,AWP,WE,Towers with Radar,0,4,75,5,84,0,8,207,3,218,0,12,282,8,302,509,0,509,811
06/23/2020,MYF,CA,AWP,WE,Towers with Radar,0,3,89,4,96,0,8,188,6,202,0,11,277,10,298,437,0,437,735
06/24/2020,MYF,CA,AWP,WE,Towers with Radar,0,11,116,4,131,0,3,100,2,105,0,14,216,6,236,267,0,267,503
06/25/2020,MYF,CA,AWP,WE,Towers with Radar,0,5,103,3,111,0,0,211,4,215,0,5,314,7,326,554,0,554,880
06/26/2020,MYF,CA,AWP,WE,Towers with Radar,0,3,75,3,81,0,8,241,0,249,0,11,316,3,330,739,0,739,1069
06/27/2020,MYF,CA,AWP,WE,Towers with Radar,0,5,79,3,87,0,13,275,1,289,0,18,354,4,376,471,0,471,847
06/28/2020,MYF,CA,AWP,WE,Towers with Radar,0,4,85,5,94,0,4,125,1,130,0,8,210,6,224,454,0,454,678
06/29/2020,MYF,CA,AWP,WE,Towers with Radar,0,4,74,3,81,0,8,90,1,99,0,12,164,4,180,414,0,414,594
06/30/2020,MYF,CA,AWP,WE,Towers with Radar,0,3,74,4,81,0,5,284,2,291,0,8,358,6,372,800,0,800,1172
07/01/2020,MYF,CA,AWP,WE,Towers with Radar,0,6,111,5,122,0,4,208,5,217,0,10,319,10,339,730,0,730,1069
07/02/2020,MYF,CA,AWP,WE,Towers with Radar,0,7,58,2,67,0,4,189,7,200,0,11,247,9,267,408,0,408,675
07/03/2020,MYF,CA,AWP,WE,Towers with Radar,0,3,50,0,53,0,4,323,0,327,0,7,373,0,380,690,0,690,1070
07/04/2020,MYF,CA,AWP,WE,Towers with Radar,0,2,22,0,24,0,1,171,0,172,0,3,193,0,196,320,0,320,516
07/05/2020,MYF,CA,AWP,WE,Towers with Radar,0,4,37,0,41,0,4,235,2,241,0,8,272,2,282,393,0,393,675
07/06/2020,MYF,CA,AWP,WE,Towers with Radar,0,0,49,1,50,0,1,209,4,214,0,1,258,5,264,533,0,533,797
07/07/2020,MYF,CA,AWP,WE,Towers with Radar,0,3,81,1,85,0,6,277,3,286,0,9,358,4,371,561,0,561,932
07/08/2020,MYF,CA,AWP,WE,Towers with Radar,0,3,77,3,83,0,6,223,3,232,0,9,300,6,315,749,0,749,1064
07/09/2020,MYF,CA,AWP,WE,Towers with Radar,0,1,73,7,81,0,2,292,10,304,0,3,365,17,385,487,0,487,872
07/10/2020,MYF,CA,AWP,WE,Towers with Radar,0,1,68,1,70,0,8,336,8,352,0,9,404,9,422,799,0,799,1221
07/11/2020,MYF,CA,AWP,WE,Towers with Radar,0,7,42,0,49,0,2,298,0,300,0,9,340,0,349,510,0,510,859
07/12/2020,MYF,CA,AWP,WE,Towers with Radar,0,3,44,0,47,0,7,221,0,228,0,10,265,0,275,521,0,521,796
07/13/2020,MYF,CA,AWP,WE,Towers with Radar,0,1,43,1,45,0,8,206,3,217,0,9,249,4,262,703,0,703,965
07/14/2020,MYF,CA,AWP,WE,Towers with Radar,0,2,79,3,84,0,0,274,1,275,0,2,353,4,359,799,0,799,1158
07/15/2020,MYF,CA,AWP,WE,Towers with Radar,0,1,72,1,74,0,3,296,3,302,0,4,368,4,376,479,0,479,855
07/16/2020,MYF,CA,AWP,WE,Towers with Radar,0,2,81,4,87,0,1,297,4,302,0,3,378,8,389,531,4,535,924
07/17/2020,MYF,CA,AWP,WE,Towers with Radar,0,9,74,5,88,0,7,341,4,352,0,16,415,9,440,693,0,693,1133
07/18/2020,MYF,CA,AWP,WE,Towers with Radar,0,3,57,0,60,0,4,202,6,212,0,7,259,6,272,310,0,310,582
07/19/2020,MYF,CA,AWP,WE,Towers with Radar,0,1,56,0,57,0,5,210,2,217,0,6,266,2,274,319,0,319,593
07/20/2020,MYF,CA,AWP,WE,Towers with Radar,0,0,70,1,71,0,6,257,3,266,0,6,327,4,337,583,0,583,920
07/21/2020,MYF,CA,AWP,WE,Towers with Radar,0,6,87,3,96,0,2,292,0,294,0,8,379,3,390,464,0,464,854
07/22/2020,MYF,CA,AWP,WE,Towers with Radar,0,2,87,9,98,0,5,195,4,204,0,7,282,13,302,737,0,737,1039
07/23/2020,MYF,CA,AWP,WE,Towers with Radar,0,0,92,2,94,0,3,277,0,280,0,3,369,2,374,687,0,687,1061
07/24/2020,MYF,CA,AWP,WE,Towers with Radar,0,2,68,1,71,0,4,263,1,268,0,6,331,2,339,776,0,776,1115
07/25/2020,MYF,CA,AWP,WE,Towers with Radar,0,0,52,0,52,0,10,274,1,285,0,10,326,1,337,408,0,408,745
07/26/2020,MYF,CA,AWP,WE,Towers with Radar,0,1,67,0,68,0,7,213,0,220,0,8,280,0,288,481,0,481,769
07/27/2020,MYF,CA,AWP,WE,Towers with Radar,0,6,61,0,67,0,3,222,5,230,0,9,283,5,297,470,4,474,771
07/28/2020,MYF,CA,AWP,WE,Towers with Radar,0,6,83,4,93,0,1,245,3,249,0,7,328,7,342,643,0,643,985
07/29/2020,MYF,CA,AWP,WE,Towers with Radar,0,5,76,2,83,0,9,233,1,243,0,14,309,3,326,489,0,489,815
07/30/2020,MYF,CA,AWP,WE,Towers with Radar,0,0,76,5,81,0,3,237,3,243,0,3,313,8,324,635,2,637,961
07/31/2020,MYF,CA,AWP,WE,Towers with Radar,0,1,61,0,62,0,0,304,1,305,0,1,365,1,367,695,0,695,1062
08/01/2020,MYF,CA,AWP,WE,Towers with Radar,0,5,48,0,53,0,7,234,2,243,0,12,282,2,296,387,0,387,683
08/02/2020,MYF,CA,AWP,WE,Towers with Radar,0,9,60,0,69,0,8,214,2,224,0,17,274,2,293,506,0,506,799
08/03/2020,MYF,CA,AWP,WE,Towers with Radar,0,1,50,4,55,0,3,231,2,236,0,4,281,6,291,738,0,738,1029
08/04/2020,MYF,CA,AWP,WE,Towers with Radar,0,3,74,3,80,0,9,280,3,292,0,12,354,6,372,504,0,504,876
08/05/2020,MYF,CA,AWP,WE,Towers with Radar,0,5,83,3,91,0,10,313,4,327,0,15,396,7,418,689,0,689,1107
08/06/2020,MYF,CA,AWP,WE,Towers with Radar,0,8,65,1,74,0,7,308,4,319,0,15,373,5,393,558,0,558,951
08/07/2020,MYF,CA,AWP,WE,Towers with Radar,0,1,59,0,60,0,3,307,1,311,0,4,366,1,371,690,0,690,1061
08/08/2020,MYF,CA,AWP,WE,Towers with Radar,0,6,62,1,69,0,2,299,2,303,0,8,361,3,372,515,0,515,887
08/09/2020,MYF,CA,AWP,WE,Towers with Radar,0,1,70,2,73,0,4,231,2,237,0,5,301,4,310,451,0,451,761
08/10/2020,MYF,CA,AWP,WE,Towers with Radar,0,0,86,3,89,0,3,208,4,215,0,3,294,7,304,541,1,542,846
08/11/2020,MYF,CA,AWP,WE,Towers with Radar,0,3,59,1,63,0,8,297,2,307,0,11,356,3,370,536,0,536,906
08/12/2020,MYF,CA,AWP,WE,Towers with Radar,0,0,70,1,71,0,7,323,8,338,0,7,393,9,409,587,0,587,996
08/13/2020,MYF,CA,AWP,WE,Towers with Radar,0,1,69,1,71,0,2,318,6,326,0,3,387,7,397,585,0,585,982
08/14/2020,MYF,CA,AWP,WE,Towers with Radar,0,8,54,1,63,0,10,270,2,282,0,18,324,3,345,632,0,632,977
08/15/2020,MYF,CA,AWP,WE,Towers with Radar,0,1,57,0,58,0,10,237,0,247,0,11,294,0,305,469,0,469,774
08/16/2020,MYF,CA,AWP,WE,Towers with Radar,0,2,67,0,69,0,3,229,0,232,0,5,296,0,301,316,0,316,617
08/17/2020,MYF,CA,AWP,WE,Towers with Radar,0,4,57,0,61,0,3,232,9,244,0,7,289,9,305,674,0,674,979
08/18/2020,MYF,CA,AWP,WE,Towers with Radar,0,2,43,1,46,0,2,222,8,232,0,4,265,9,278,679,0,679,957
08/19/2020,MYF,CA,AWP,WE,Towers with Radar,0,1,53,2,56,0,3,269,6,278,0,4,322,8,334,544,0,544,878
08/20/2020,MYF,CA,AWP,WE,Towers with Radar,0,4,64,2,70,0,0,262,8,270,0,4,326,10,340,537,0,537,877
08/21/2020,MYF,CA,AWP,WE,Towers with Radar,0,7,65,0,72,0,9,281,1,291,0,16,346,1,363,527,0,527,890
08/22/2020,MYF,CA,AWP,WE,Towers with Radar,0,5,42,0,47,0,11,241,1,253,0,16,283,1,300,257,0,257,557
08/23/2020,MYF,CA,AWP,WE,Towers with Radar,0,5,69,0,74,0,8,222,0,230,0,13,291,0,304,513,0,513,817
08/24/2020,MYF,CA,AWP,WE,Towers with Radar,0,3,73,3,79,0,11,196,1,208,0,14,269,4,287,321,0,321,608
08/25/2020,MYF,CA,AWP,WE,Towers with Radar,0,3,70,0,73,0,7,219,0,226,0,10,289,0,299,442,0,442,741
08/26/2020,MYF,CA,AWP,WE,Towers with Radar,0,2,82,3,87,0,3,245,4,252,0,5,327,7,339,486,0,486,825
08/27/2020,MYF,CA,AWP,WE,Towers with Radar,0,0,74,2,76,0,9,260,6,275,0,9,334,8,351,647,0,647,998
08/28/2020,MYF,CA,AWP,WE,Towers with Radar,0,3,61,0,64,0,5,278,2,285,0,8,339,2,349,581,0,581,930
08/29/2020,MYF,CA,AWP,WE,Towers with Radar,0,2,54,0,56,0,6,275,0,281,0,8,329,0,337,381,0,381,718
08/30/2020,MYF,CA,AWP,WE,Towers with Radar,0,0,52,0,52,0,4,245,1,250,0,4,297,1,302,409,0,409,711
08/31/2020,MYF,CA,AWP,WE,Towers with Radar,0,2,87,0,89,0,0,217,3,220,0,2,304,3,309,570,0,570,879
09/01/2020,MYF,CA,AWP,WE,Towers with Radar,0,2,65,1,68,0,1,237,2,240,0,3,302,3,308,693,0,693,1001
09/02/2020,MYF,CA,AWP,WE,Towers with Radar,0,12,62,0,74,0,9,287,8,304,0,21,349,8,378,570,0,570,948
09/03/2020,MYF,CA,AWP,WE,Towers with Radar,0,5,80,3,88,0,6,263,1,270,0,11,343,4,358,623,0,623,981
09/04/2020,MYF,CA,AWP,WE,Towers with Radar,0,4,66,1,71,0,4,318,3,325,0,8,384,4,396,557,0,557,953
09/05/2020,MYF,CA,AWP,WE,Towers with Radar,0,3,35,0,38,0,3,226,0,229,0,6,261,0,267,298,0,298,565
09/06/2020,MYF,CA,AWP,WE,Towers with Radar,0,0,27,0,27,0,6,150,0,156,0,6,177,0,183,383,0,383,566
09/07/2020,MYF,CA,AWP,WE,Towers with Radar,0,2,50,0,52,0,1,104,1,106,0,3,154,1,158,365,0,365,523
09/08/2020,MYF,CA,AWP,WE,Towers with Radar,0,7,95,3,105,0,1,60,2,63,0,8,155,5,168,462,0,462,630
09/09/2020,MYF,CA,AWP,WE,Towers with Radar,0,3,75,1,79,0,3,203,6,212,0,6,278,7,291,823,0,823,1114
09/10/2020,MYF,CA,AWP,WE,Towers with Radar,0,0,55,0,55,0,2,285,4,291,0,2,340,4,346,753,0,753,1099
09/11/2020,MYF,CA,AWP,WE,Towers with Radar,0,0,41,2,43,0,0,301,3,304,0,0,342,5,347,661,0,661,1008
09/12/2020,MYF,CA,AWP,WE,Towers with Radar,0,5,38,0,43,0,1,211,0,212,0,6,249,0,255,400,0,400,655
09/13/2020,MYF,CA,AWP,WE,Towers with Radar,0,3,67,0,70,0,6,151,0,157,0,9,218,0,227,462,0,462,689
09/14/2020,MYF,CA,AWP,WE,Towers with Radar,0,2,61,2,65,0,0,213,3,216,0,2,274,5,281,676,0,676,957
09/15/2020,MYF,CA,AWP,WE,Towers with Radar,0,7,71,3,81,0,2,211,2,215,0,9,282,5,296,737,0,737,1033
09/16/2020,MYF,CA,AWP,WE,Towers with Radar,0,2,88,1,91,0,2,303,2,307,0,4,391,3,398,654,0,654,1052
09/17/2020,MYF,CA,AWP,WE,Towers with Radar,0,4,64,2,70,0,11,329,6,346,0,15,393,8,416,694,0,694,1110
09/18/2020,MYF,CA,AWP,WE,Towers with Radar,0,4,63,0,67,0,14,395,1,410,0,18,458,1,477,651,0,651,1128
09/19/2020,MYF,CA,AWP,WE,Towers with Radar,0,2,50,0,52,0,9,294,1,304,0,11,344,1,356,482,0,482,838
09/20/2020,MYF,CA,AWP,WE,Towers with Radar,0,3,67,0,70,0,2,263,0,265,0,5,330,0,335,502,0,502,837
09/21/2020,MYF,CA,AWP,WE,Towers with Radar,0,10,76,0,86,0,3,265,2,270,0,13,341,2,356,554,0,554,910
09/22/2020,MYF,CA,AWP,WE,Towers with Radar,0,2,87,2,91,0,5,287,6,298,0,7,374,8,389,576,6,582,971
09/23/2020,MYF,CA,AWP,WE,Towers with Radar,0,1,66,1,68,0,3,263,8,274,0,4,329,9,342,770,0,770,1112
09/24/2020,MYF,CA,AWP,WE,Towers with Radar,0,2,57,1,60,0,13,313,5,331,0,15,370,6,391,469,0,469,860
09/25/2020,MYF,CA,AWP,WE,Towers with Radar,0,4,66,1,71,0,10,281,4,295,0,14,347,5,366,549,0,549,915
09/26/2020,MYF,CA,AWP,WE,Towers with Radar,0,2,66,1,69,0,11,291,1,303,0,13,357,2,372,379,0,379,751
09/27/2020,MYF,CA,AWP,WE,Towers with Radar,0,5,76,0,81,0,2,238,0,240,0,7,314,0,321,385,0,385,706
09/28/2020,MYF,CA,AWP,WE,Towers with Radar,0,3,63,3,69,0,2,245,1,248,0,5,308,4,317,515,0,515,832
09/29/2020,MYF,CA,AWP,WE,Towers with Radar,0,2,67,1,70,0,7,250,1,258,0,9,317,2,328,613,0,613,941
09/30/2020,MYF,CA,AWP,WE,Towers with Radar,0,0,61,7,68,0,9,272,6,287,0,9,333,13,355,590,0,590,945
10/01/2020,MYF,CA,AWP,WE,Towers with Radar,0,4,82,1,87,0,2,245,6,253,0,6,327,7,340,460,0,460,800
10/02/2020,MYF,CA,AWP,WE,Towers with Radar,0,1,62,5,68,0,14,314,9,337,0,15,376,14,405,500,0,500,905
10/03/2020,MYF,CA,AWP,WE,Towers with Radar,0,1,48,0,49,0,5,277,0,282,0,6,325,0,331,493,0,493,824
10/04/2020,MYF,CA,AWP,WE,Towers with Radar,0,4,50,0,54,0,7,248,0,255,0,11,298,0,309,570,0,570,879
10/05/2020,MYF,CA,AWP,WE,Towers with Radar,0,0,92,3,95,0,3,188,3,194,0,3,280,6,289,576,0,576,865
10/06/2020,MYF,CA,AWP,WE,Towers with Radar,0,0,58,3,61,0,3,207,3,213,0,3,265,6,274,600,2,602,876
10/07/2020,MYF,CA,AWP,WE,Towers with Radar,0,0,83,2,85,0,2,231,3,236,0,2,314,5,321,454,2,456,777
10/08/2020,MYF,CA,AWP,WE,Towers with Radar,0,1,107,5,113,0,1,230,1,232,0,2,337,6,345,733,0,733,1078
10/09/2020,MYF,CA,AWP,WE,Towers with Radar,0,3,106,7,116,0,9,246,2,257,0,12,352,9,373,840,0,840,1213
10/10/2020,MYF,CA,AWP,WE,Towers with Radar,0,5,66,0,71,0,6,232,3,241,0,11,298,3,312,576,2,578,890
10/11/2020,MYF,CA,AWP,WE,Towers with Radar,0,0,57,0,57,0,7,256,0,263,0,7,313,0,320,416,0,416,736
10/12/2020,MYF,CA,AWP,WE,Towers with Radar,0,3,58,0,61,0,4,302,3,309,0,7,360,3,370,371,0,371,741
10/13/2020,MYF,CA,AWP,WE,Towers with Radar,0,0,70,4,74,0,4,302,10,316,0,4,372,14,390,650,2,652,1042
10/14/2020,MYF,CA,AWP,WE,Towers with Radar,0,0,73,3,76,0,3,342,3,348,0,3,415,6,424,511,0,511,935
10/15/2020,MYF,CA,AWP,WE,Towers with Radar,0,2,84,3,89,0,4,321,4,329,0,6,405,7,418,561,0,561,979
10/16/2020,MYF,CA,AWP,WE,Towers with Radar,0,2,62,3,67,0,5,351,5,361,0,7,413,8,428,579,0,579,1007
10/17/2020,MYF,CA,AWP,WE,Towers with Radar,0,3,54,0,57,0,6,286,0,292,0,9,340,0,349,525,0,525,874
10/18/2020,MYF,CA,AWP,WE,Towers with Radar,0,2,68,0,70,0,1,225,0,226,0,3,293,0,296,497,0,497,793
10/19/2020,MYF,CA,AWP,WE,Towers with Radar,0,2,66,2,70,0,8,277,5,290,0,10,343,7,360,568,0,568,928
10/20/2020,MYF,CA,AWP,WE,Towers with Radar,0,0,86,0,86,0,9,308,3,320,0,9,394,3,406,466,0,466,872
10/21/2020,MYF,CA,AWP,WE,Towers with Radar,0,2,102,5,109,0,6,237,2,245,0,8,339,7,354,664,0,664,1018
10/22/2020,MYF,CA,AWP,WE,Towers with Radar,0,1,100,3,104,0,5,251,4,260,0,6,351,7,364,669,0,669,1033
10/23/2020,MYF,CA,AWP,WE,Towers with Radar,0,3,101,1,105,0,3,219,2,224,0,6,320,3,329,873,0,873,1202
10/24/2020,MYF,CA,AWP,WE,Towers with Radar,0,9,83,2,94,0,10,153,0,163,0,19,236,2,257,864,0,864,1121
10/25/2020,MYF,CA,AWP,WE,Towers with Radar,0,9,72,0,81,0,7,78,0,85,0,16,150,0,166,368,0,368,534
10/26/2020,MYF,CA,AWP,WE,Towers with Radar,0,4,44,2,50,0,2,178,4,184,0,6,222,6,234,551,0,551,785
10/27/2020,MYF,CA,AWP,WE,Towers with Radar,0,5,74,3,82,0,4,326,7,337,0,9,400,10,419,614,1,615,1034
10/28/2020,MYF,CA,AWP,WE,Towers with Radar,0,4,79,5,88,0,11,404,4,419,0,15,483,9,507,666,3,669,1176
10/29/2020,MYF,CA,AWP,WE,Towers with Radar,0,0,80,3,83,0,6,303,2,311,0,6,383,5,394,525,0,525,919
10/30/2020,MYF,CA,AWP,WE,Towers with Radar,0,3,73,1,77,0,8,336,1,345,0,11,409,2,422,482,0,482,904
10/31/2020,MYF,CA,AWP,WE,Towers with Radar,0,5,51,0,56,0,9,296,1,306,0,14,347,1,362,467,0,467,829
11/01/2020,MYF,CA,AWP,WE,Towers with Radar,0,1,63,0,64,0,8,249,1,258,0,9,312,1,322,453,0,453,775
11/02/2020,MYF,CA,AWP,WE,Towers with Radar,0,2,82,1,85,0,0,274,4,278,0,2,356,5,363,622,6,628,991
11/03/2020,MYF,CA,AWP,WE,Towers with Radar,0,0,82,1,83,0,2,241,2,245,0,2,323,3,328,540,0,540,868
11/04/2020,MYF,CA,AWP,WE,Towers with Radar,0,4,81,3,88,0,3,301,3,307,0,7,382,6,395,550,1,551,946
11/05/2020,MYF,CA,AWP,WE,Towers with Radar,0,1,80,2,83,0,9,283,2,294,0,10,363,4,377,662,1,663,1040
11/06/2020,MYF,CA,AWP,WE,Towers with Radar,0,3,82,3,88,0,9,153,2,164,0,12,235,5,252,372,0,372,624
11/07/2020,MYF,CA,AWP,WE,Towers with Radar,0,6,13,0,19,0,1,18,0,19,0,7,31,0,38,54,0,54,92
11/08/2020,MYF,CA,AWP,WE,Towers with Radar,0,0,27,0,27,0,1,14,0,15,0,1,41,0,42,129,0,129,171
11/09/2020,MYF,CA,AWP,WE,Towers with Radar,0,5,76,1,82,0,10,297,5,312,0,15,373,6,394,631,0,631,1025
11/10/2020,MYF,CA,AWP,WE,Towers with Radar,0,4,74,0,78,0,3,332,5,340,0,7,406,5,418,623,0,623,1041
11/11/2020,MYF,CA,AWP,WE,Towers with Radar,0,7,101,2,110,0,11,374,5,390,0,18,475,7,500,706,0,706,1206
11/12/2020,MYF,CA,AWP,WE,Towers with Radar,0,0,83,4,87,0,6,341,3,350,0,6,424,7,437,730,0,730,1167
11/13/2020,MYF,CA,AWP,WE,Towers with Radar,0,1,67,0,68,0,11,352,4,367,0,12,419,4,435,679,0,679,1114
11/14/2020,MYF,CA,AWP,WE,Towers with Radar,0,3,49,0,52,0,15,248,2,265,0,18,297,2,317,370,0,370,687
11/15/2020,MYF,CA,AWP,WE,Towers with Radar,0,0,55,0,55,0,7,293,0,300,0,7,348,0,355,484,0,484,839
11/16/2020,MYF,CA,AWP,WE,Towers with Radar,0,2,74,2,78,0,5,302,2,309,0,7,376,4,387,672,0,672,1059
11/17/2020,MYF,CA,AWP,WE,Towers with Radar,0,3,59,2,64,0,6,273,1,280,0,9,332,3,344,784,0,784,1128
11/18/2020,MYF,CA,AWP,WE,Towers with Radar,0,4,83,1,88,0,3,262,0,265,0,7,345,1,353,450,0,450,803
11/19/2020,MYF,CA,AWP,WE,Towers with Radar,0,9,61,0,70,0,13,290,1,304,0,22,351,1,374,470,0,470,844
11/20/2020,MYF,CA,AWP,WE,Towers with Radar,0,2,77,1,80,0,9,270,10,289,0,11,347,11,369,701,0,701,1070
11/21/2020,MYF,CA,AWP,WE,Towers with Radar,0,3,39,0,42,0,7,282,2,291,0,10,321,2,333,515,0,515,848
11/22/2020,MYF,CA,AWP,WE,Towers with Radar,0,2,60,0,62,0,13,219,1,233,0,15,279,1,295,490,0,490,785
11/23/2020,MYF,CA,AWP,WE,Towers with Radar,0,4,102,3,109,0,6,141,1,148,0,10,243,4,257,705,0,705,962
11/24/2020,MYF,CA,AWP,WE,Towers with Radar,0,0,72,0,72,0,11,355,0,366,0,11,427,0,438,710,0,710,1148
11/25/2020,MYF,CA,AWP,WE,Towers with Radar,0,0,88,1,89,0,9,252,1,262,0,9,340,2,351,535,0,535,886
11/26/2020,MYF,CA,AWP,WE,Towers with Radar,0,0,20,0,20,0,9,77,0,86,0,9,97,0,106,288,0,288,394
11/27/2020,MYF,CA,AWP,WE,Towers with Radar,0,2,41,0,43,0,16,208,2,226,0,18,249,2,269,313,0,313,582
11/28/2020,MYF,CA,AWP,WE,Towers with Radar,0,2,52,0,54,0,6,285,1,292,0,8,337,1,346,441,0,441,787
11/29/2020,MYF,CA,AWP,WE,Towers with Radar,0,2,56,0,58,0,6,262,1,269,0,8,318,1,327,541,0,541,868
11/30/2020,MYF,CA,AWP,WE,Towers with Radar,0,0,71,0,71,0,7,234,1,242,0,7,305,1,313,445,0,445,758
12/01/2020,MYF,CA,AWP,WE,Towers with Radar,0,0,57,1,58,0,7,264,3,274,0,7,321,4,332,778,0,778,1110
12/02/2020,MYF,CA,AWP,WE,Towers with Radar,0,2,59,2,63,0,2,265,3,270,0,4,324,5,333,588,0,588,921
12/03/2020,MYF,CA,AWP,WE,Towers with Radar,0,5,39,0,44,0,14,148,2,164,0,19,187,2,208,601,0,601,809
12/04/2020,MYF,CA,AWP,WE,Towers with Radar,0,1,82,1,84,0,5,340,2,347,0,6,422,3,431,597,0,597,1028
12/05/2020,MYF,CA,AWP,WE,Towers with Radar,0,2,34,0,36,0,4,311,1,316,0,6,345,1,352,482,0,482,834
12/06/2020,MYF,CA,AWP,WE,Towers with Radar,0,3,53,0,56,0,4,297,0,301,0,7,350,0,357,532,0,532,889
12/07/2020,MYF,CA,AWP,WE,Towers with Radar,0,0,61,1,62,0,9,236,2,247,0,9,297,3,309,597,0,597,906
12/08/2020,MYF,CA,AWP,WE,Towers with Radar,0,0,34,0,34,0,4,177,2,183,0,4,211,2,217,524,0,524,741
12/09/2020,MYF,CA,AWP,WE,Towers with Radar,0,13,66,3,82,0,26,292,5,323,0,39,358,8,405,596,0,596,1001
12/10/2020,MYF,CA,AWP,WE,Towers with Radar,0,3,83,3,89,0,3,178,1,182,0,6,261,4,271,603,0,603,874
12/11/2020,MYF,CA,AWP,WE,Towers with Radar,0,6,78,0,84,0,8,263,3,274,0,14,341,3,358,724,0,724,1082
12/12/2020,MYF,CA,AWP,WE,Towers with Radar,0,5,56,0,61,0,2,66,0,68,0,7,122,0,129,637,0,637,766
12/13/2020,MYF,CA,AWP,WE,Towers with Radar,0,0,43,0,43,0,14,253,2,269,0,14,296,2,312,296,0,296,608
12/14/2020,MYF,CA,AWP,WE,Towers with Radar,0,6,60,2,68,0,6,118,2,126,0,12,178,4,194,511,0,511,705
12/15/2020,MYF,CA,AWP,WE,Towers with Radar,0,1,54,2,57,0,9,281,5,295,0,10,335,7,352,616,0,616,968
12/16/2020,MYF,CA,AWP,WE,Towers with Radar,0,3,66,1,70,0,9,317,1,327,0,12,383,2,397,610,0,610,1007
12/17/2020,MYF,CA,AWP,WE,Towers with Radar,0,1,85,6,92,0,5,182,0,187,0,6,267,6,279,307,0,307,586
12/18/2020,MYF,CA,AWP,WE,Towers with Radar,0,0,60,1,61,0,10,318,1,329,0,10,378,2,390,490,0,490,880
12/19/2020,MYF,CA,AWP,WE,Towers with Radar,0,5,52,0,57,0,2,251,0,253,0,7,303,0,310,442,0,442,752
12/20/2020,MYF,CA,AWP,WE,Towers with Radar,0,1,45,3,49,0,16,200,1,217,0,17,245,4,266,280,0,280,546
12/21/2020,MYF,CA,AWP,WE,Towers with Radar,0,1,57,1,59,0,4,262,3,269,0,5,319,4,328,494,0,494,822
12/22/2020,MYF,CA,AWP,WE,Towers with Radar,0,1,54,3,58,0,6,249,6,261,0,7,303,9,319,600,0,600,919
12/23/2020,MYF,CA,AWP,WE,Towers with Radar,0,0,62,0,62,0,2,229,8,239,0,2,291,8,301,557,0,557,858
12/24/2020,MYF,CA,AWP,WE,Towers with Radar,0,6,29,0,35,0,2,90,0,92,0,8,119,0,127,171,0,171,298
12/25/2020,MYF,CA,AWP,WE,Towers with Radar,0,0,12,0,12,0,0,99,0,99,0,0,111,0,111,220,0,220,331
12/26/2020,MYF,CA,AWP,WE,Towers with Radar,0,2,37,0,39,0,6,213,4,223,0,8,250,4,262,300,0,300,562
12/27/2020,MYF,CA,AWP,WE,Towers with Radar,0,2,57,1,60,0,4,96,3,103,0,6,153,4,163,339,0,339,502
12/28/2020,MYF,CA,AWP,WE,Towers with Radar,0,2,13,0,15,0,0,21,0,21,0,2,34,0,36,225,0,225,261
12/29/2020,MYF,CA,AWP,WE,Towers with Radar,0,1,58,2,61,0,0,233,2,235,0,1,291,4,296,497,0,497,793
12/30/2020,MYF,CA,AWP,WE,Towers with Radar,0,2,66,0,68,0,4,311,2,317,0,6,377,2,385,503,0,503,888
12/31/2020,MYF,CA,AWP,WE,Towers with Radar,0,0,44,0,44,0,3,174,2,179,0,3,218,2,223,417,0,417,640
01/01/2021,MYF,CA,AWP,WE,Towers with Radar,0,3,25,0,28,0,7,146,0,153,0,10,171,0,181,158,0,158,339
01/02/2021,MYF,CA,AWP,WE,Towers with Radar,0,2,48,0,50,0,3,270,0,273,0,5,318,0,323,356,0,356,679
01/03/2021,MYF,CA,AWP,WE,Towers with Radar,0,0,46,1,47,0,3,209,0,212,0,3,255,1,259,477,0,477,736
01/04/2021,MYF,CA,AWP,WE,Towers with Radar,0,2,73,1,76,0,1,154,0,155,0,3,227,1,231,316,0,316,547
01/05/2021,MYF,CA,AWP,WE,Towers with Radar,0,4,63,0,67,0,1,155,0,156,0,5,218,0,223,345,0,345,568
01/06/2021,MYF,CA,AWP,WE,Towers with Radar,0,5,82,1,88,0,9,231,3,243,0,14,313,4,331,445,0,445,776
01/07/2021,MYF,CA,AWP,WE,Towers with Radar,0,2,74,1,77,0,8,279,3,290,0,10,353,4,367,546,0,546,913
01/08/2021,MYF,CA,AWP,WE,Towers with Radar,0,3,82,0,85,0,8,236,3,247,0,11,318,3,332,554,0,554,886
01/09/2021,MYF,CA,AWP,WE,Towers with Radar,0,2,37,0,39,0,3,262,0,265,0,5,299,0,304,468,0,468,772
01/10/2021,MYF,CA,AWP,WE,Towers with Radar,0,0,56,0,56,0,4,224,3,231,0,4,280,3,287,282,0,282,569
01/11/2021,MYF,CA,AWP,WE,Towers with Radar,0,0,78,4,82,0,6,276,11,293,0,6,354,15,375,531,0,531,906
01/12/2021,MYF,CA,AWP,WE,Towers with Radar,0,0,54,2,56,0,4,270,6,280,0,4,324,8,336,519,0,519,855
01/13/2021,MYF,CA,AWP,WE,Towers with Radar,0,0,56,2,58,0,12,293,2,307,0,12,349,4,365,596,0,596,961
01/14/2021,MYF,CA,AWP,WE,Towers with Radar,0,0,70,2,72,0,5,317,9,331,0,5,387,11,403,528,6,534,937
01/15/2021,MYF,CA,AWP,WE,Towers with Radar,0,0,45,0,45,0,9,238,2,249,0,9,283,2,294,506,0,506,800
01/16/2021,MYF,CA,AWP,WE,Towers with Radar,0,1,55,0,56,0,7,283,0,290,0,8,338,0,346,311,0,311,657
01/17/2021,MYF,CA,AWP,WE,Towers with Radar,0,2,38,0,40,0,4,267,1,272,0,6,305,1,312,406,0,406,718
01/18/2021,MYF,CA,AWP,WE,Towers with Radar,0,0,58,3,61,0,4,311,4,319,0,4,369,7,380,603,0,603,983
01/19/2021,MYF,CA,AWP,WE,Towers with Radar,0,0,29,0,29,0,3,80,9,92,0,3,109,9,121,381,0,381,502
01/20/2021,MYF,CA,AWP,WE,Towers with Radar,0,2,22,2,26,0,6,60,1,67,0,8,82,3,93,262,0,262,355
01/21/2021,MYF,CA,AWP,WE,Towers with Radar,0,1,86,3,90,0,6,356,6,368,0,7,442,9,458,711,0,711,1169
01/22/2021,MYF,CA,AWP,WE,Towers with Radar,0,9,79,2,90,0,5,64,4,73,0,14,143,6,163,806,0,806,969
01/23/2021,MYF,CA,AWP,WE,Towers with Radar,0,2,25,0,27,0,1,26,0,27,0,3,51,0,54,372,0,372,426
01/24/2021,MYF,CA,AWP,WE,Towers with Radar,0,0,34,3,37,0,0,186,0,186,0,0,220,3,223,511,0,511,734
01/25/2021,MYF,CA,AWP,WE,Towers with Radar,0,5,11,0,16,0,2,27,6,35,0,7,38,6,51,0,54,54,105
01/26/2021,MYF,CA,AWP,WE,Towers with Radar,0,4,49,2,55,0,7,313,6,326,0,11,362,8,381,747,0,747,1128
01/27/2021,MYF,CA,AWP,WE,Towers with Radar,0,1,61,2,64,0,5,303,6,314,0,6,364,8,378,733,0,733,1111
01/28/2021,MYF,CA,AWP,WE,Towers with Radar,0,2,56,1,59,0,10,255,2,267,0,12,311,3,326,682,0,682,1008
01/29/2021,MYF,CA,AWP,WE,Towers with Radar,0,0,15,0,15,0,0,18,0,18,0,0,33,0,33,77,0,77,110
01/30/2021,MYF,CA,AWP,WE,Towers with Radar,0,4,61,5,70,0,9,405,1,415,0,13,466,6,485,498,0,498,983
01/31/2021,MYF,CA,AWP,WE,Towers with Radar,0,0,58,0,58,0,19,303,1,323,0,19,361,1,381,556,0,556,937
02/01/2021,MYF,CA,AWP,WE,Towers with Radar,0,1,57,2,60,0,7,234,2,243,0,8,291,4,303,695,0,695,998
02/02/2021,MYF,CA,AWP,WE,Towers with Radar,0,3,64,2,69,0,8,335,3,346,0,11,399,5,415,609,0,609,1024
02/03/2021,MYF,CA,AWP,WE,Towers with Radar,0,1,78,5,84,0,4,181,3,188,0,5,259,8,272,471,0,471,743
02/04/2021,MYF,CA,AWP,WE,Towers with Radar,0,3,90,1,94,0,2,225,5,232,0,5,315,6,326,731,0,731,1057
02/05/2021,MYF,CA,AWP,WE,Towers with Radar,0,1,61,0,62,0,10,373,1,384,0,11,434,1,446,550,0,550,996
02/06/2021,MYF,CA,AWP,WE,Towers with Radar,0,2,52,0,54,0,5,343,0,348,0,7,395,0,402,498,0,498,900
02/07/2021,MYF,CA,AWP,WE,Towers with Radar,0,0,37,0,37,0,4,310,0,314,0,4,347,0,351,504,0,504,855
02/08/2021,MYF,CA,AWP,WE,Towers with Radar,0,5,68,2,75,0,4,173,3,180,0,9,241,5,255,559,0,559,814
02/09/2021,MYF,CA,AWP,WE,Towers with Radar,0,1,90,4,95,0,4,102,2,108,0,5,192,6,203,931,0,931,1134
02/10/2021,MYF,CA,AWP,WE,Towers with Radar,0,1,83,5,89,0,9,208,5,222,0,10,291,10,311,825,0,825,1136
02/11/2021,MYF,CA,AWP,WE,Towers with Radar,0,3,85,0,88,0,6,349,0,355,0,9,434,0,443,577,0,577,1020
02/12/2021,MYF,CA,AWP,WE,Towers with Radar,0,2,52,0,54,0,4,76,0,80,0,6,128,0,134,324,0,324,458
02/13/2021,MYF,CA,AWP,WE,Towers with Radar,0,1,29,0,30,0,1,47,0,48,0,2,76,0,78,231,0,231,309
02/14/2021,MYF,CA,AWP,WE,Towers with Radar,0,0,15,0,15,0,5,257,0,262,0,5,272,0,277,275,0,275,552
02/15/2021,MYF,CA,AWP,WE,Towers with Radar,0,2,90,0,92,0,2,237,0,239,0,4,327,0,331,172,0,172,503
02/16/2021,MYF,CA,AWP,WE,Towers with Radar,0,0,69,3,72,0,6,122,1,129,0,6,191,4,201,707,0,707,908
02/17/2021,MYF,CA,AWP,WE,Towers with Radar,0,0,70,1,71,0,5,336,4,345,0,5,406,5,416,651,0,651,1067
02/18/2021,MYF,CA,AWP,WE,Towers with Radar,0,0,56,4,60,0,19,291,2,312,0,19,347,6,372,451,0,451,823
02/19/2021,MYF,CA,AWP,WE,Towers with Radar,0,3,72,0,75,0,9,364,3,376,0,12,436,3,451,730,0,730,1181
02/20/2021,MYF,CA,AWP,WE,Towers with Radar,0,9,62,0,71,0,3,284,0,287,0,12,346,0,358,590,0,590,948
02/21/2021,MYF,CA,AWP,WE,Towers with Radar,0,0,40,1,41,0,5,277,1,283,0,5,317,2,324,319,0,319,643
02/22/2021,MYF,CA,AWP,WE,Towers with Radar,0,2,58,4,64,0,3,254,4,261,0,5,312,8,325,539,0,539,864
02/23/2021,MYF,CA,AWP,WE,Towers with Radar,0,0,59,2,61,0,4,320,2,326,0,4,379,4,387,738,0,738,1125
02/24/2021,MYF,CA,AWP,WE,Towers with Radar,0,5,61,2,68,0,7,318,6,331,0,12,379,8,399,473,2,475,874
02/25/2021,MYF,CA,AWP,WE,Towers with Radar,0,1,70,1,72,0,4,262,3,269,0,5,332,4,341,639,2,641,982
02/26/2021,MYF,CA,AWP,WE,Towers with Radar,0,2,73,1,76,0,4,319,2,325,0,6,392,3,401,599,0,599,1000
02/27/2021,MYF,CA,AWP,WE,Towers with Radar,0,2,60,1,63,0,20,291,0,311,0,22,351,1,374,561,0,561,935
02/28/2021,MYF,CA,AWP,WE,Towers with Radar,0,0,44,0,44,0,10,218,1,229,0,10,262,1,273,434,0,434,707
03/01/2021,MYF,CA,AWP,WE,Towers with Radar,0,2,37,1,40,0,26,299,6,331,0,28,336,7,371,614,4,618,989
03/02/2021,MYF,CA,AWP,WE,Towers with Radar,0,1,56,2,59,0,12,291,6,309,0,13,347,8,368,510,0,510,878
03/03/2021,MYF,CA,AWP,WE,Towers with Radar,0,0,29,2,31,0,1,6,1,8,0,1,35,3,39,47,0,47,86
03/04/2021,MYF,CA,AWP,WE,Towers with Radar,0,2,49,1,52,0,4,324,8,336,0,6,373,9,388,599,2,601,989
03/05/2021,MYF,CA,AWP,WE,Towers with Radar,0,2,68,0,70,0,12,350,3,365,0,14,418,3,435,646,0,646,1081
03/06/2021,MYF,CA,AWP,WE,Towers with Radar,0,2,72,0,74,1,11,299,1,312,1,13,371,1,386,428,0,428,814
03/07/2021,MYF,CA,AWP,WE,Towers with Radar,0,2,72,0,74,0,7,110,2,119,0,9,182,2,193,595,0,595,788
03/08/2021,MYF,CA,AWP,WE,Towers with Radar,0,2,79,4,85,0,3,117,2,122,0,5,196,6,207,740,2,742,949
03/09/2021,MYF,CA,AWP,WE,Towers with Radar,0,5,76,3,84,0,5,120,2,127,0,10,196,5,211,823,0,823,1034
03/10/2021,MYF,CA,AWP,WE,Towers with Radar,0,4,29,1,34,0,2,45,1,48,0,6,74,2,82,285,0,285,367
03/11/2021,MYF,CA,AWP,WE,Towers with Radar,0,4,30,2,36,0,0,135,5,140,0,4,165,7,176,650,0,650,826
03/12/2021,MYF,CA,AWP,WE,Towers with Radar,0,2,50,2,54,0,2,249,1,252,0,4,299,3,306,700,0,700,1006
03/13/2021,MYF,CA,AWP,WE,Towers with Radar,0,8,83,1,92,0,4,162,2,168,0,12,245,3,260,524,0,524,784
03/14/2021,MYF,CA,AWP,WE,Towers with Radar,0,2,82,0,84,0,2,193,0,195,0,4,275,0,279,766,0,766,1045
03/15/2021,MYF,CA,AWP,WE,Towers with Radar,0,2,47,0,49,0,2,27,1,30,0,4,74,1,79,167,0,167,246
03/16/2021,MYF,CA,AWP,WE,Towers with Radar,0,1,71,0,72,0,3,304,3,310,0,4,375,3,382,750,0,750,1132
03/17/2021,MYF,CA,AWP,WE,Towers with Radar,0,0,71,0,71,0,8,363,0,371,0,8,434,0,442,628,0,628,1070
03/18/2021,MYF,CA,AWP,WE,Towers with Radar,0,4,93,0,97,0,9,298,3,310,0,13,391,3,407,633,0,633,1040
03/19/2021,MYF,CA,AWP,WE,Towers with Radar,0,5,70,1,76,0,6,335,0,341,0,11,405,1,417,574,0,574,991
03/20/2021,MYF,CA,AWP,WE,Towers with Radar,0,4,81,3,88,0,9,168,2,179,0,13,249,5,267,405,0,405,672
03/21/2021,MYF,CA,AWP,WE,Towers with Radar,0,4,66,0,70,0,7,290,0,297,0,11,356,0,367,424,0,424,791
03/22/2021,MYF,CA,AWP,WE,Towers with Radar,0,4,63,4,71,0,7,289,4,300,0,11,352,8,371,546,0,546,917
03/23/2021,MYF,CA,AWP,WE,Towers with Radar,0,3,72,8,83,0,10,106,2,118,0,13,178,10,201,596,0,596,797
03/24/2021,MYF,CA,AWP,WE,Towers with Radar,0,6,62,2,70,0,15,326,4,345,0,21,388,6,415,425,2,427,842
03/25/2021,MYF,CA,AWP,WE,Towers with Radar,0,2,70,5,77,0,2,44,1,47,0,4,114,6,124,290,0,290,414
03/26/2021,MYF,CA,AWP,WE,Towers with Radar,0,6,61,4,71,0,23,232,6,261,0,29,293,10,332,881,0,881,1213
03/27/2021,MYF,CA,AWP,WE,Towers with Radar,0,2,57,0,59,0,3,324,0,327,0,5,381,0,386,410,1,411,797
03/28/2021,MYF,CA,AWP,WE,Towers with Radar,0,0,39,0,39,0,6,305,0,311,0,6,344,0,350,392,0,392,742
03/29/2021,MYF,CA,AWP,WE,Towers with Radar,0,0,58,1,59,0,7,266,6,279,0,7,324,7,338,579,2,581,919
03/30/2021,MYF,CA,AWP,WE,Towers with Radar,0,0,66,5,71,0,14,302,4,320,0,14,368,9,391,560,0,560,951
03/31/2021,MYF,CA,AWP,WE,Towers with Radar,0,0,55,2,57,0,13,295,6,314,0,13,350,8,371,829,0,829,1200
04/01/2021,MYF,CA,AWP,WE,Towers with Radar,0,2,60,3,65,0,0,340,3,343,0,2,400,6,408,699,1,700,1108
04/02/2021,MYF,CA,AWP,WE,Towers with Radar,0,4,75,5,84,0,5,283,3,291,0,9,358,8,375,511,0,511,886
04/03/2021,MYF,CA,AWP,WE,Towers with Radar,0,3,47,0,50,0,3,260,0,263,0,6,307,0,313,334,0,334,647
04/04/2021,MYF,CA,AWP,WE,Towers with Radar,0,2,29,0,31,0,9,184,0,193,0,11,213,0,224,441,1,442,666
04/05/2021,MYF,CA,AWP,WE,Towers with Radar,0,0,67,3,70,0,8,252,1,261,0,8,319,4,331,498,0,498,829
04/06/2021,MYF,CA,AWP,WE,Towers with Radar,0,0,65,1,66,0,1,327,5,333,0,1,392,6,399,554,5,559,958
04/07/2021,MYF,CA,AWP,WE,Towers with Radar,0,2,63,4,69,0,5,352,6,363,0,7,415,10,432,758,0,758,1190
04/08/2021,MYF,CA,AWP,WE,Towers with Radar,0,3,59,2,64,0,5,357,3,365,0,8,416,5,429,506,0,506,935
04/09/2021,MYF,CA,AWP,WE,Towers with Radar,0,3,81,1,85,0,12,318,3,333,0,15,399,4,418,473,0,473,891
04/10/2021,MYF,CA,AWP,WE,Towers with Radar,0,3,51,0,54,0,18,293,2,313,0,21,344,2,367,415,0,415,782
04/11/2021,MYF,CA,AWP,WE,Towers with Radar,0,1,50,1,52,0,1,220,2,223,0,2,270,3,275,706,0,706,981
04/12/2021,MYF,CA,AWP,WE,Towers with Radar,0,1,73,3,77,0,9,265,2,276,0,10,338,5,353,778,0,778,1131
04/13/2021,MYF,CA,AWP,WE,Towers with Radar,0,3,87,5,95,0,7,54,1,62,0,10,141,6,157,639,0,639,796
04/14/2021,MYF,CA,AWP,WE,Towers with Radar,0,4,86,2,92,0,6,194,0,200,0,10,280,2,292,811,0,811,1103
04/15/2021,MYF,CA,AWP,WE,Towers with Radar,0,14,86,0,100,0,5,294,4,303,0,19,380,4,403,510,0,510,913
04/16/2021,MYF,CA,AWP,WE,Towers with Radar,0,1,66,0,67,0,3,280,0,283,0,4,346,0,350,595,0,595,945
04/17/2021,MYF,CA,AWP,WE,Towers with Radar,0,4,43,0,47,0,7,322,0,329,0,11,365,0,376,458,0,458,834
04/18/2021,MYF,CA,AWP,WE,Towers with Radar,0,0,45,0,45,0,5,238,0,243,0,5,283,0,288,357,0,357,645
04/19/2021,MYF,CA,AWP,WE,Towers with Radar,0,5,52,1,58,0,7,323,5,335,0,12,375,6,393,671,0,671,1064
04/20/2021,MYF,CA,AWP,WE,Towers with Radar,0,0,55,2,57,0,0,298,0,298,0,0,353,2,355,420,2,422,777
04/21/2021,MYF,CA,AWP,WE,Towers with Radar,0,3,87,2,92,0,9,78,1,88,0,12,165,3,180,387,0,387,567
04/22/2021,MYF,CA,AWP,WE,Towers with Radar,0,4,72,2,78,0,2,59,4,65,0,6,131,6,143,636,0,636,779
04/23/2021,MYF,CA,AWP,WE,Towers with Radar,0,4,96,4,104,0,2,159,0,161,0,6,255,4,265,942,0,942,1207
04/24/2021,MYF,CA,AWP,WE,Towers with Radar,0,2,68,0,70,0,6,236,0,242,0,8,304,0,312,672,0,672,984
04/25/2021,MYF,CA,AWP,WE,Towers with Radar,0,3,53,0,56,0,13,239,1,253,0,16,292,1,309,623,0,623,932
04/26/2021,MYF,CA,AWP,WE,Towers with Radar,0,1,40,1,42,0,0,29,2,31,0,1,69,3,73,197,0,197,270
04/27/2021,MYF,CA,AWP,WE,Towers with Radar,0,2,71,2,75,0,5,299,7,311,0,7,370,9,386,736,0,736,1122
04/28/2021,MYF,CA,AWP,WE,Towers with Radar,0,2,55,1,58,0,11,360,10,381,0,13,415,11,439,625,2,627,1066
04/29/2021,MYF,CA,AWP,WE,Towers with Radar,0,2,72,2,76,0,13,355,4,372,0,15,427,6,448,623,0,623,1071
04/30/2021,MYF,CA,AWP,WE,Towers with Radar,0,2,63,1,66,0,7,371,3,381,0,9,434,4,447,694,0,694,1141
05/01/2021,MYF,CA,AWP,WE,Towers with Radar,0,2,52,0,54,0,9,226,0,235,0,11,278,0,289,414,0,414,703
05/02/2021,MYF,CA,AWP,WE,Towers with Radar,0,12,54,1,67,0,12,31,1,44,0,24,85,2,111,98,0,98,209
05/03/2021,MYF,CA,AWP,WE,Towers with Radar,0,2,53,3,58,0,3,261,2,266,0,5,314,5,324,765,0,765,1089
05/04/2021,MYF,CA,AWP,WE,Towers with Radar,0,2,63,1,66,0,6,296,7,309,0,8,359,8,375,665,1,666,1041
05/05/2021,MYF,CA,AWP,WE,Towers with Radar,0,1,70,1,72,0,20,220,4,244,0,21,290,5,316,607,0,607,923
05/06/2021,MYF,CA,AWP,WE,Towers with Radar,0,2,83,2,87,0,14,202,6,222,0,16,285,8,309,824,0,824,1133
05/07/2021,MYF,CA,AWP,WE,Towers with Radar,0,7,72,1,80,0,9,333,2,344,0,16,405,3,424,690,0,690,1114
05/08/2021,MYF,CA,AWP,WE,Towers with Radar,0,2,61,1,64,0,10,269,2,281,0,12,330,3,345,687,0,687,1032
05/09/2021,MYF,CA,AWP,WE,Towers with Radar,0,0,48,0,48,0,5,156,2,163,0,5,204,2,211,325,0,325,536
05/10/2021,MYF,CA,AWP,WE,Towers with Radar,0,0,78,6,84,0,3,183,4,190,0,3,261,10,274,729,0,729,1003
05/11/2021,MYF,CA,AWP,WE,Towers with Radar,0,6,61,2,69,0,11,213,7,231,0,17,274,9,300,722,1,723,1023
05/12/2021,MYF,CA,AWP,WE,Towers with Radar,0,5,92,3,100,0,6,185,1,192,0,11,277,4,292,600,0,600,892
05/13/2021,MYF,CA,AWP,WE,Towers with Radar,0,5,82,1,88,0,20,178,2,200,0,25,260,3,288,586,0,586,874
05/14/2021,MYF,CA,AWP,WE,Towers with Radar,0,3,73,2,78,0,14,191,3,208,0,17,264,5,286,551,0,551,837
05/15/2021,MYF,CA,AWP,WE,Towers with Radar,0,3,76,1,80,0,6,157,1,164,0,9,233,2,244,605,0,605,849
05/16/2021,MYF,CA,AWP,WE,Towers with Radar,0,4,64,0,68,0,10,40,1,51,0,14,104,1,119,327,0,327,446
05/17/2021,MYF,CA,AWP,WE,Towers with Radar,0,4,90,2,96,0,4,67,0,71,0,8,157,2,167,551,0,551,718
05/18/2021,MYF,CA,AWP,WE,Towers with Radar,0,2,81,3,86,0,16,183,3,202,0,18,264,6,288,737,0,737,1025
05/19/2021,MYF,CA,AWP,WE,Towers with Radar,0,4,95,3,102,0,8,257,5,270,0,12,352,8,372,469,0,469,841
05/20/2021,MYF,CA,AWP,WE,Towers with Radar,0,5,105,2,112,0,7,68,0,75,0,12,173,2,187,418,0,418,605
05/21/2021,MYF,CA,AWP,WE,Towers with Radar,0,3,59,4,66,0,7,130,3,140,0,10,189,7,206,488,0,488,694
05/22/2021,MYF,CA,AWP,WE,Towers with Radar,0,3,52,0,55,0,5,237,0,242,0,8,289,0,297,509,0,509,806
05/23/2021,MYF,CA,AWP,WE,Towers with Radar,0,1,43,0,44,0,8,288,0,296,0,9,331,0,340,610,0,610,950
05/24/2021,MYF,CA,AWP,WE,Towers with Radar,0,3,53,1,57,0,3,325,5,333,0,6,378,6,390,479,3,482,872
05/25/2021,MYF,CA,AWP,WE,Towers with Radar,0,7,45,0,52,0,12,298,6,316,0,19,343,6,368,498,0,498,866
05/26/2021,MYF,CA,AWP,WE,Towers with Radar,0,3,72,1,76,0,7,269,1,277,0,10,341,2,353,618,0,618,971
05/27/2021,MYF,CA,AWP,WE,Towers with Radar,0,3,87,1,91,0,14,296,2,312,0,17,383,3,403,531,0,531,934
05/28/2021,MYF,CA,AWP,WE,Towers with Radar,0,3,73,4,80,0,5,349,3,357,0,8,422,7,437,822,0,822,1259
05/29/2021,MYF,CA,AWP,WE,Towers with Radar,0,3,44,0,47,0,0,174,1,175,0,3,218,1,222,408,0,408,630
05/30/2021,MYF,CA,AWP,WE,Towers with Radar,0,1,53,0,54,0,4,112,0,116,0,5,165,0,170,161,0,161,331
05/31/2021,MYF,CA,AWP,WE,Towers with Radar,0,7,61,0,68,0,11,180,3,194,0,18,241,3,262,331,0,331,593
06/01/2021,MYF,CA,AWP,WE,Towers with Radar,0,1,62,5,68,0,6,254,2,262,0,7,316,7,330,477,0,477,807
06/02/2021,MYF,CA,AWP,WE,Towers with Radar,0,5,67,4,76,0,12,201,2,215,0,17,268,6,291,406,0,406,697
06/03/2021,MYF,CA,AWP,WE,Towers with Radar,0,3,90,3,96,0,3,290,4,297,0,6,380,7,393,651,0,651,1044
06/04/2021,MYF,CA,AWP,WE,Towers with Radar,0,1,67,1,69,0,10,291,3,304,0,11,358,4,373,590,0,590,963
06/05/2021,MYF,CA,AWP,WE,Towers with Radar,0,1,58,0,59,0,1,271,1,273,0,2,329,1,332,425,0,425,757
06/06/2021,MYF,CA,AWP,WE,Towers with Radar,0,1,64,0,65,0,8,176,0,184,0,9,240,0,249,472,0,472,721
06/07/2021,MYF,CA,AWP,WE,Towers with Radar,0,1,80,3,84,0,2,55,7,64,0,3,135,10,148,335,0,335,483
06/08/2021,MYF,CA,AWP,WE,Towers with Radar,0,1,69,6,76,0,21,238,4,263,0,22,307,10,339,569,0,569,908
06/09/2021,MYF,CA,AWP,WE,Towers with Radar,0,11,57,0,68,0,8,279,7,294,0,19,336,7,362,682,0,682,1044
06/10/2021,MYF,CA,AWP,WE,Towers with Radar,0,1,58,1,60,0,9,307,6,322,0,10,365,7,382,466,0,466,848
06/11/2021,MYF,CA,AWP,WE,Towers with Radar,0,5,58,1,64,0,10,326,1,337,0,15,384,2,401,607,0,607,1008
06/12/2021,MYF,CA,AWP,WE,Towers with Radar,0,5,56,0,61,0,4,294,0,298,0,9,350,0,359,480,0,480,839
06/13/2021,MYF,CA,AWP,WE,Towers with Radar,0,4,63,0,67,0,7,234,0,241,0,11,297,0,308,477,0,477,785
06/14/2021,MYF,CA,AWP,WE,Towers with Radar,0,0,67,2,69,0,4,221,8,233,0,4,288,10,302,430,3,433,735
06/15/2021,MYF,CA,AWP,WE,Towers with Radar,0,5,45,1,51,0,1,279,6,286,0,6,324,7,337,492,0,492,829
06/16/2021,MYF,CA,AWP,WE,Towers with Radar,0,4,49,5,58,0,10,238,10,258,0,14,287,15,316,574,0,574,890
06/17/2021,MYF,CA,AWP,WE,Towers with Radar,0,1,70,1,72,0,1,228,1,230,0,2,298,2,302,361,0,361,663
06/18/2021,MYF,CA,AWP,WE,Towers with Radar,0,1,81,5,87,0,7,195,4,206,0,8,276,9,293,491,0,491,784
06/19/2021,MYF,CA,AWP,WE,Towers with Radar,0,5,61,0,66,0,6,258,2,266,0,11,319,2,332,612,0,612,944
06/20/2021,MYF,CA,AWP,WE,Towers with Radar,0,5,65,0,70,0,2,140,2,144,0,7,205,2,214,194,0,194,408
06/21/2021,MYF,CA,AWP,WE,Towers with Radar,0,5,53,1,59,0,14,242,5,261,0,19,295,6,320,387,0,387,707
06/22/2021,MYF,CA,AWP,WE,Towers with Radar,0,2,82,3,87,0,12,231,4,247,0,14,313,7,334,499,0,499,833
06/23/2021,MYF,CA,AWP,WE,Towers with Radar,0,1,50,2,53,0,10,130,3,143,0,11,180,5,196,508,0,508,704
06/24/2021,MYF,CA,AWP,WE,Towers with Radar,0,5,90,5,100,0,19,244,5,268,0,24,334,10,368,569,0,569,937
06/25/2021,MYF,CA,AWP,WE,Towers with Radar,0,12,93,2,107,0,9,196,3,208,0,21,289,5,315,588,0,588,903
06/26/2021,MYF,CA,AWP,WE,Towers with Radar,0,8,63,0,71,0,6,245,2,253,0,14,308,2,324,448,0,448,772
06/27/2021,MYF,CA,AWP,WE,Towers with Radar,0,1,70,0,71,0,9,194,0,203,0,10,264,0,274,337,0,337,611
06/28/2021,MYF,CA,AWP,WE,Towers with Radar,0,6,92,4,102,0,7,145,3,155,0,13,237,7,257,404,0,404,661
06/29/2021,MYF,CA,AWP,WE,Towers with Radar,0,4,105,4,113,0,5,106,2,113,0,9,211,6,226,341,0,341,567
06/30/2021,MYF,CA,AWP,WE,Towers with Radar,0,2,81,3,86,0,15,219,5,239,0,17,300,8,325,505,0,505,830
07/01/2021,MYF,CA,AWP,WE,Towers with Radar,0,9,66,2,77,0,9,264,1,274,0,18,330,3,351,624,0,624,975
07/02/2021,MYF,CA,AWP,WE,Towers with Radar,0,2,73,2,77,0,6,261,0,267,0,8,334,2,344,612,0,612,956
07/03/2021,MYF,CA,AWP,WE,Towers with Radar,0,1,41,0,42,0,4,198,0,202,0,5,239,0,244,332,0,332,576
07/04/2021,MYF,CA,AWP,WE,Towers with Radar,0,1,31,1,33,0,1,87,0,88,0,2,118,1,121,176,0,176,297
07/05/2021,MYF,CA,AWP,WE,Towers with Radar,0,4,62,0,66,0,4,199,0,203,0,8,261,0,269,342,0,342,611
07/06/2021,MYF,CA,AWP,WE,Towers with Radar,0,4,67,2,73,0,6,261,4,271,0,10,328,6,344,426,0,426,770
07/07/2021,MYF,CA,AWP,WE,Towers with Radar,0,7,61,1,69,0,3,249,1,253,0,10,310,2,322,616,0,616,938
07/08/2021,MYF,CA,AWP,WE,Towers with Radar,0,1,70,1,72,0,7,274,1,282,0,8,344,2,354,642,0,642,996
07/09/2021,MYF,CA,AWP,WE,Towers with Radar,0,3,56,0,59,0,3,282,0,285,0,6,338,0,344,520,0,520,864
07/10/2021,MYF,CA,AWP,WE,Towers with Radar,0,2,41,0,43,0,8,263,0,271,0,10,304,0,314,482,0,482,796
07/11/2021,MYF,CA,AWP,WE,Towers with Radar,0,2,49,0,51,0,8,240,0,248,0,10,289,0,299,310,0,310,609
07/12/2021,MYF,CA,AWP,WE,Towers with Radar,0,3,74,2,79,0,2,155,0,157,0,5,229,2,236,419,0,419,655
07/13/2021,MYF,CA,AWP,WE,Towers with Radar,0,0,52,1,53,0,11,207,3,221,0,11,259,4,274,627,1,628,902
07/14/2021,MYF,CA,AWP,WE,Towers with Radar,0,4,67,1,72,0,3,240,1,244,0,7,307,2,316,524,6,530,846
07/15/2021,MYF,CA,AWP,WE,Towers with Radar,0,2,74,2,78,0,18,278,2,298,0,20,352,4,376,567,0,567,943
07/16/2021,MYF,CA,AWP,WE,Towers with Radar,0,3,63,1,67,0,2,256,1,259,0,5,319,2,326,384,0,384,710
07/17/2021,MYF,CA,AWP,WE,Towers with Radar,0,3,60,0,63,0,21,230,0,251,0,24,290,0,314,306,0,306,620
07/18/2021,MYF,CA,AWP,WE,Towers with Radar,0,2,45,0,47,0,5,208,0,213,0,7,253,0,260,384,0,384,644
07/19/2021,MYF,CA,AWP,WE,Towers with Radar,0,2,53,2,57,0,6,214,5,225,0,8,267,7,282,409,0,409,691
07/20/2021,MYF,CA,AWP,WE,Towers with Radar,0,0,57,1,58,0,6,265,1,272,0,6,322,2,330,541,0,541,871
07/21/2021,MYF,CA,AWP,WE,Towers with Radar,0,2,54,2,58,0,6,265,2,273,0,8,319,4,331,572,0,572,903
07/22/2021,MYF,CA,AWP,WE,Towers with Radar,0,1,82,3,86,0,0,169,2,171,0,1,251,5,257,341,0,341,598
07/23/2021,MYF,CA,AWP,WE,Towers with Radar,0,3,58,0,61,0,7,200,0,207,0,10,258,0,268,346,0,346,614
07/24/2021,MYF,CA,AWP,WE,Towers with Radar,0,4,62,0,66,0,7,193,1,201,0,11,255,1,267,339,0,339,606
07/25/2021,MYF,CA,AWP,WE,Towers with Radar,0,3,50,0,53,0,2,133,0,135,0,5,183,0,188,534,0,534,722
07/26/2021,MYF,CA,AWP,WE,Towers with Radar,0,3,82,2,87,0,0,18,1,19,0,3,100,3,106,49,0,49,155
07/27/2021,MYF,CA,AWP,WE,Towers with Radar,0,1,68,2,71,0,3,186,1,190,0,4,254,3,261,531,0,531,792
07/28/2021,MYF,CA,AWP,WE,Towers with Radar,0,5,53,1,59,0,8,298,3,309,0,13,351,4,368,618,1,619,987
07/29/2021,MYF,CA,AWP,WE,Towers with Radar,0,0,51,1,52,0,9,239,3,251,0,9,290,4,303,703,0,703,1006
07/30/2021,MYF,CA,AWP,WE,Towers with Radar,0,4,57,2,63,0,8,214,4,226,0,12,271,6,289,542,0,542,831
07/31/2021,MYF,CA,AWP,WE,Towers with Radar,0,3,42,1,46,0,4,255,1,260,0,7,297,2,306,310,0,310,616
08/01/2021,MYF,CA,AWP,WE,Towers with Radar,0,2,62,1,65,0,8,250,0,258,0,10,312,1,323,369,0,369,692
08/02/2021,MYF,CA,AWP,WE,Towers with Radar,0,1,51,1,53,0,4,225,1,230,0,5,276,2,283,464,0,464,747
08/03/2021,MYF,CA,AWP,WE,Towers with Radar,0,0,48,1,49,0,11,281,5,297,0,11,329,6,346,545,0,545,891
08/04/2021,MYF,CA,AWP,WE,Towers with Radar,0,3,55,1,59,0,15,255,1,271,0,18,310,2,330,397,0,397,727
08/05/2021,MYF,CA,AWP,WE,Towers with Radar,0,1,73,0,74,0,13,242,0,255,0,14,315,0,329,371,0,371,700
08/06/2021,MYF,CA,AWP,WE,Towers with Radar,0,10,76,2,88,0,6,173,0,179,0,16,249,2,267,219,0,219,486
08/07/2021,MYF,CA,AWP,WE,Towers with Radar,0,3,53,0,56,0,12,229,0,241,0,15,282,0,297,311,0,311,608
08/08/2021,MYF,CA,AWP,WE,Towers with Radar,0,5,71,0,76,0,3,151,0,154,0,8,222,0,230,264,0,264,494
08/09/2021,MYF,CA,AWP,WE,Towers with Radar,0,2,62,1,65,0,12,238,3,253,0,14,300,4,318,601,0,601,919
08/10/2021,MYF,CA,AWP,WE,Towers with Radar,0,3,54,1,58,0,8,212,2,222,0,11,266,3,280,494,2,496,776
08/11/2021,MYF,CA,AWP,WE,Towers with Radar,0,1,58,2,61,0,3,298,2,303,0,4,356,4,364,608,0,608,972
08/12/2021,MYF,CA,AWP,WE,Towers with Radar,0,0,53,1,54,0,0,263,2,265,0,0,316,3,319,650,0,650,969
08/13/2021,MYF,CA,AWP,WE,Towers with Radar,0,3,56,1,60,0,7,264,3,274,0,10,320,4,334,488,0,488,822
08/14/2021,MYF,CA,AWP,WE,Towers with Radar,0,2,57,0,59,0,2,280,0,282,0,4,337,0,341,470,0,470,811
08/15/2021,MYF,CA,AWP,WE,Towers with Radar,0,1,46,0,47,0,8,235,0,243,0,9,281,0,290,384,0,384,674
08/16/2021,MYF,CA,AWP,WE,Towers with Radar,0,2,68,2,72,0,13,215,3,231,0,15,283,5,303,322,0,322,625
08/17/2021,MYF,CA,AWP,WE,Towers with Radar,0,0,95,3,98,0,7,198,7,212,0,7,293,10,310,440,0,440,750
08/18/2021,MYF,CA,AWP,WE,Towers with Radar,0,6,98,2,106,0,9,62,4,75,0,15,160,6,181,618,0,618,799
08/19/2021,MYF,CA,AWP,WE,Towers with Radar,0,1,106,1,108,0,5,183,5,193,0,6,289,6,301,713,0,713,1014
08/20/2021,MYF,CA,AWP,WE,Towers with Radar,0,4,103,1,108,0,7,124,0,131,0,11,227,1,239,808,0,808,1047
08/21/2021,MYF,CA,AWP,WE,Towers with Radar,0,2,77,0,79,0,2,69,0,71,0,4,146,0,150,421,0,421,571
08/22/2021,MYF,CA,AWP,WE,Towers with Radar,0,4,96,0,100,0,10,82,0,92,0,14,178,0,192,405,0,405,597
08/23/2021,MYF,CA,AWP,WE,Towers with Radar,0,5,71,2,78,0,2,175,0,177,0,7,246,2,255,614,0,614,869
08/24/2021,MYF,CA,AWP,WE,Towers with Radar,0,0,59,0,59,0,5,252,6,263,0,5,311,6,322,630,0,630,952
08/25/2021,MYF,CA,AWP,WE,Towers with Radar,0,1,78,2,81,0,10,313,2,325,0,11,391,4,406,742,2,744,1150
08/26/2021,MYF,CA,AWP,WE,Towers with Radar,0,0,74,4,78,0,17,289,2,308,0,17,363,6,386,680,0,680,1066
08/27/2021,MYF,CA,AWP,WE,Towers with Radar,0,3,66,2,71,0,4,284,2,290,0,7,350,4,361,482,0,482,843
08/28/2021,MYF,CA,AWP,WE,Towers with Radar,0,0,48,0,48,0,1,212,0,213,0,1,260,0,261,275,0,275,536
08/29/2021,MYF,CA,AWP,WE,Towers with Radar,0,2,65,0,67,0,3,196,0,199,0,5,261,0,266,327,0,327,593
08/30/2021,MYF,CA,AWP,WE,Towers with Radar,0,0,71,3,74,0,20,141,2,163,0,20,212,5,237,476,0,476,713
08/31/2021,MYF,CA,AWP,WE,Towers with Radar,0,0,90,4,94,0,7,53,2,62,0,7,143,6,156,368,0,368,524
09/01/2021,MYF,CA,AWP,WE,Towers with Radar,0,0,99,3,102,0,9,173,1,183,0,9,272,4,285,855,0,855,1140
09/02/2021,MYF,CA,AWP,WE,Towers with Radar,0,4,83,4,91,0,13,269,2,284,0,17,352,6,375,614,0,614,989
09/03/2021,MYF,CA,AWP,WE,Towers with Radar,0,6,75,0,81,0,15,254,0,269,0,21,329,0,350,369,0,369,719
09/04/2021,MYF,CA,AWP,WE,Towers with Radar,0,3,57,0,60,0,3,246,0,249,0,6,303,0,309,342,0,342,651
09/05/2021,MYF,CA,AWP,WE,Towers with Radar,0,2,42,0,44,0,20,276,0,296,0,22,318,0,340,438,0,438,778
09/06/2021,MYF,CA,AWP,WE,Towers with Radar,0,2,62,2,66,0,7,205,2,214,0,9,267,4,280,236,0,236,516
09/07/2021,MYF,CA,AWP,WE,Towers with Radar,0,0,77,3,80,0,2,203,6,211,0,2,280,9,291,388,0,388,679
09/08/2021,MYF,CA,AWP,WE,Towers with Radar,0,2,75,2,79,0,20,241,5,266,0,22,316,7,345,434,0,434,779
09/09/2021,MYF,CA,AWP,WE,Towers with Radar,0,2,55,3,60,0,7,280,4,291,0,9,335,7,351,524,0,524,875
09/10/2021,MYF,CA,AWP,WE,Towers with Radar,0,2,60,1,63,0,12,262,4,278,0,14,322,5,341,572,0,572,913
09/11/2021,MYF,CA,AWP,WE,Towers with Radar,0,4,36,0,40,0,11,268,0,279,0,15,304,0,319,392,0,392,711
09/12/2021,MYF,CA,AWP,WE,Towers with Radar,0,2,64,0,66,0,6,223,0,229,0,8,287,0,295,342,0,342,637
09/13/2021,MYF,CA,AWP,WE,Towers with Radar,0,0,63,2,65,0,7,215,4,226,0,7,278,6,291,420,0,420,711
09/14/2021,MYF,CA,AWP,WE,Towers with Radar,0,3,62,1,66,0,10,232,3,245,0,13,294,4,311,479,0,479,790
09/15/2021,MYF,CA,AWP,WE,Towers with Radar,0,4,65,2,71,0,9,306,4,319,0,13,371,6,390,496,4,500,890
09/16/2021,MYF,CA,AWP,WE,Towers with Radar,0,8,72,1,81,0,9,318,1,328,0,17,390,2,409,490,0,490,899
09/17/2021,MYF,CA,AWP,WE,Towers with Radar,0,5,95,0,100,0,4,306,0,310,0,9,401,0,410,594,0,594,1004
09/18/2021,MYF,CA,AWP,WE,Towers with Radar,0,1,66,0,67,0,13,257,0,270,0,14,323,0,337,274,0,274,611
09/19/2021,MYF,CA,AWP,WE,Towers with Radar,1,3,64,0,68,0,6,186,0,192,1,9,250,0,260,336,0,336,596
09/20/2021,MYF,CA,AWP,WE,Towers with Radar,0,0,62,2,64,0,21,236,2,259,0,21,298,4,323,622,0,622,945
09/21/2021,MYF,CA,AWP,WE,Towers with Radar,0,0,61,3,64,0,8,274,2,284,0,8,335,5,348,534,0,534,882
09/22/2021,MYF,CA,AWP,WE,Towers with Radar,0,1,76,6,83,0,12,324,2,338,0,13,400,8,421,411,0,411,832
09/23/2021,MYF,CA,AWP,WE,Towers with Radar,0,1,75,0,76,0,9,261,1,271,0,10,336,1,347,479,0,479,826
09/24/2021,MYF,CA,AWP,WE,Towers with Radar,0,1,65,0,66,0,8,131,2,141,0,9,196,2,207,246,0,246,453
09/25/2021,MYF,CA,AWP,WE,Towers with Radar,0,5,84,1,90,0,12,191,3,206,0,17,275,4,296,321,0,321,617
09/26/2021,MYF,CA,AWP,WE,Towers with Radar,0,8,89,1,98,0,8,39,0,47,0,16,128,1,145,303,0,303,448
09/27/2021,MYF,CA,AWP,WE,Towers with Radar,0,16,117,3,136,0,3,14,0,17,0,19,131,3,153,39,0,39,192
09/28/2021,MYF,CA,AWP,WE,Towers with Radar,0,2,93,2,97,0,11,148,0,159,0,13,241,2,256,798,0,798,1054
09/29/2021,MYF,CA,AWP,WE,Towers with Radar,0,0,63,1,64,0,27,382,7,416,0,27,445,8,480,709,24,733,1213
09/30/2021,MYF,CA,AWP,WE,Towers with Radar,0,1,64,0,65,0,3,318,0,321,0,4,382,0,386,443,0,443,829
10/01/2021,MYF,CA,AWP,WE,Towers with Radar,0,3,65,0,68,0,18,346,0,364,0,21,411,0,432,668,0,668,1100
10/02/2021,MYF,CA,AWP,WE,Towers with Radar,0,1,45,0,46,0,4,267,0,271,0,5,312,0,317,441,0,441,758
10/03/2021,MYF,CA,AWP,WE,Towers with Radar,0,1,48,0,49,0,5,216,0,221,0,6,264,0,270,419,0,419,689
10/04/2021,MYF,CA,AWP,WE,Towers with Radar,0,2,38,1,41,0,7,187,2,196,0,9,225,3,237,389,0,389,626
10/05/2021,MYF,CA,AWP,WE,Towers with Radar,0,1,65,2,68,0,1,192,5,198,0,2,257,7,266,672,0,672,938
10/06/2021,MYF,CA,AWP,WE,Towers with Radar,0,6,102,2,110,0,6,98,3,107,0,12,200,5,217,768,0,768,985
10/07/2021,MYF,CA,AWP,WE,Towers with Radar,0,2,112,4,118,0,8,104,3,115,0,10,216,7,233,779,0,779,1012
10/08/2021,MYF,CA,AWP,WE,Towers with Radar,0,2,86,3,91,0,5,71,1,77,0,7,157,4,168,410,0,410,578
10/09/2021,MYF,CA,AWP,WE,Towers with Radar,0,2,51,0,53,0,13,327,2,342,0,15,378,2,395,544,0,544,939
10/10/2021,MYF,CA,AWP,WE,Towers with Radar,0,2,41,0,43,0,17,267,0,284,0,19,308,0,327,501,0,501,828
10/11/2021,MYF,CA,AWP,WE,Towers with Radar,0,0,61,2,63,0,1,38,0,39,0,1,99,2,102,313,0,313,415
10/12/2021,MYF,CA,AWP,WE,Towers with Radar,0,9,69,3,81,0,10,300,4,314,0,19,369,7,395,492,0,492,887
10/13/2021,MYF,CA,AWP,WE,Towers with Radar,0,6,55,4,65,0,8,310,3,321,0,14,365,7,386,550,0,550,936
10/14/2021,MYF,CA,AWP,WE,Towers with Radar,0,3,85,2,90,0,9,337,7,353,0,12,422,9,443,711,0,711,1154
10/15/2021,MYF,CA,AWP,WE,Towers with Radar,0,2,66,2,70,0,7,288,2,297,0,9,354,4,367,541,0,541,908
10/16/2021,MYF,CA,AWP,WE,Towers with Radar,0,2,35,1,38,0,7,259,0,266,0,9,294,1,304,529,0,529,833
10/17/2021,MYF,CA,AWP,WE,Towers with Radar,0,2,56,0,58,0,5,223,1,229,0,7,279,1,287,360,0,360,647
10/18/2021,MYF,CA,AWP,WE,Towers with Radar,0,4,73,2,79,0,4,56,0,60,0,8,129,2,139,321,0,321,460
10/19/2021,MYF,CA,AWP,WE,Towers with Radar,0,0,54,3,57,0,9,326,3,338,0,9,380,6,395,666,0,666,1061
10/20/2021,MYF,CA,AWP,WE,Towers with Radar,0,2,63,1,66,0,9,336,1,346,0,11,399,2,412,604,0,604,1016
10/21/2021,MYF,CA,AWP,WE,Towers with Radar,0,1,49,0,50,0,11,335,4,350,0,12,384,4,400,542,0,542,942
10/22/2021,MYF,CA,AWP,WE,Towers with Radar,0,6,100,3,109,0,17,191,2,210,0,23,291,5,319,382,0,382,701
10/23/2021,MYF,CA,AWP,WE,Towers with Radar,0,6,62,0,68,0,3,108,1,112,0,9,170,1,180,287,0,287,467
10/24/2021,MYF,CA,AWP,WE,Towers with Radar,0,2,55,0,57,0,11,252,3,266,0,13,307,3,323,419,0,419,742
10/25/2021,MYF,CA,AWP,WE,Towers with Radar,0,1,53,2,56,0,1,20,0,21,0,2,73,2,77,331,0,331,408
10/26/2021,MYF,CA,AWP,WE,Towers with Radar,0,0,81,1,82,0,12,254,4,270,0,12,335,5,352,562,0,562,914
10/27/2021,MYF,CA,AWP,WE,Towers with Radar,0,5,56,1,62,0,13,326,4,343,0,18,382,5,405,632,0,632,1037
10/28/2021,MYF,CA,AWP,WE,Towers with Radar,0,3,53,1,57,0,14,354,4,372,0,17,407,5,429,614,0,614,1043
10/29/2021,MYF,CA,AWP,WE,Towers with Radar,0,1,79,1,81,0,16,332,5,353,0,17,411,6,434,563,0,563,997
10/30/2021,MYF,CA,AWP,WE,Towers with Radar,0,10,65,0,75,0,12,202,1,215,0,22,267,1,290,287,0,287,577
10/31/2021,MYF,CA,AWP,WE,Towers with Radar,0,1,60,0,61,0,4,147,0,151,0,5,207,0,212,342,0,342,554
11/01/2021,MYF,CA,AWP,WE,Towers with Radar,0,0,94,2,96,0,13,163,0,176,0,13,257,2,272,393,0,393,665
11/02/2021,MYF,CA,AWP,WE,Towers with Radar,0,3,89,2,94,0,18,197,1,216,0,21,286,3,310,462,0,462,772
11/03/2021,MYF,CA,AWP,WE,Towers with Radar,0,3,59,3,65,0,17,256,5,278,0,20,315,8,343,511,0,511,854
11/04/2021,MYF,CA,AWP,WE,Towers with Radar,0,2,73,3,78,0,22,254,3,279,0,24,327,6,357,714,0,714,1071
11/05/2021,MYF,CA,AWP,WE,Towers with Radar,0,4,68,2,74,0,15,203,0,218,0,19,271,2,292,378,0,378,670
11/06/2021,MYF,CA,AWP,WE,Towers with Radar,0,5,64,2,71,0,11,247,0,258,0,16,311,2,329,478,0,478,807
11/07/2021,MYF,CA,AWP,WE,Towers with Radar,0,4,76,0,80,0,5,250,0,255,0,9,326,0,335,432,0,432,767
11/08/2021,MYF,CA,AWP,WE,Towers with Radar,0,3,73,1,77,0,14,232,2,248,0,17,305,3,325,497,0,497,822
11/09/2021,MYF,CA,AWP,WE,Towers with Radar,0,2,63,3,68,0,13,293,1,307,0,15,356,4,375,628,0,628,1003
11/10/2021,MYF,CA,AWP,WE,Towers with Radar,0,6,75,1,82,0,12,310,1,323,0,18,385,2,405,692,0,692,1097
11/11/2021,MYF,CA,AWP,WE,Towers with Radar,0,1,73,1,75,0,19,318,4,341,0,20,391,5,416,617,0,617,1033
11/12/2021,MYF,CA,AWP,WE,Towers with Radar,0,4,64,0,68,0,25,368,2,395,0,29,432,2,463,693,0,693,1156
11/13/2021,MYF,CA,AWP,WE,Towers with Radar,0,3,46,0,49,0,11,358,1,370,0,14,404,1,419,477,0,477,896
11/14/2021,MYF,CA,AWP,WE,Towers with Radar,0,1,54,0,55,0,7,324,0,331,0,8,378,0,386,517,0,517,903
11/15/2021,MYF,CA,AWP,WE,Towers with Radar,0,0,58,1,59,0,12,282,3,297,0,12,340,4,356,572,2,574,930
11/16/2021,MYF,CA,AWP,WE,Towers with Radar,0,0,74,0,74,0,1,232,6,239,0,1,306,6,313,537,0,537,850
11/17/2021,MYF,CA,AWP,WE,Towers with Radar,0,5,75,3,83,0,15,330,8,353,0,20,405,11,436,584,0,584,1020
11/18/2021,MYF,CA,AWP,WE,Towers with Radar,0,1,94,5,100,0,14,195,4,213,0,15,289,9,313,475,0,475,788
11/19/2021,MYF,CA,AWP,WE,Towers with Radar,0,3,76,2,81,0,9,236,1,246,0,12,312,3,327,631,0,631,958
11/20/2021,MYF,CA,AWP,WE,Towers with Radar,0,3,64,0,67,0,17,276,2,295,0,20,340,2,362,440,0,440,802
11/21/2021,MYF,CA,AWP,WE,Towers with Radar,0,0,55,0,55,0,7,278,2,287,0,7,333,2,342,469,0,469,811
11/22/2021,MYF,CA,AWP,WE,Towers with Radar,0,6,55,1,62,0,9,283,4,296,0,15,338,5,358,633,0,633,991
11/23/2021,MYF,CA,AWP,WE,Towers with Radar,0,6,83,4,93,0,12,277,10,299,0,18,360,14,392,633,2,635,1027
11/24/2021,MYF,CA,AWP,WE,Towers with Radar,0,5,64,0,69,0,8,303,1,312,0,13,367,1,381,614,0,614,995
11/25/2021,MYF,CA,AWP,WE,Towers with Radar,0,3,11,0,14,0,4,64,0,68,0,7,75,0,82,287,0,287,369
11/26/2021,MYF,CA,AWP,WE,Towers with Radar,0,5,33,0,38,0,17,208,4,229,0,22,241,4,267,641,0,641,908
11/27/2021,MYF,CA,AWP,WE,Towers with Radar,0,1,33,0,34,0,15,302,2,319,0,16,335,2,353,526,0,526,879
11/28/2021,MYF,CA,AWP,WE,Towers with Radar,0,7,48,0,55,0,7,279,0,286,0,14,327,0,341,446,0,446,787
11/29/2021,MYF,CA,AWP,WE,Towers with Radar,0,1,58,1,60,0,5,271,7,283,0,6,329,8,343,727,0,727,1070
11/30/2021,MYF,CA,AWP,WE,Towers with Radar,0,4,55,1,60,0,8,235,3,246,0,12,290,4,306,562,0,562,868
12/01/2021,MYF,CA,AWP,WE,Towers with Radar,0,4,72,2,78,0,9,254,4,267,0,13,326,6,345,581,0,581,926
12/02/2021,MYF,CA,AWP,WE,Towers with Radar,0,1,80,1,82,0,10,189,3,202,0,11,269,4,284,539,0,539,823
12/03/2021,MYF,CA,AWP,WE,Towers with Radar,0,3,83,6,92,0,24,192,7,223,0,27,275,13,315,456,0,456,771
12/04/2021,MYF,CA,AWP,WE,Towers with Radar,0,4,105,0,109,0,8,171,1,180,0,12,276,1,289,301,0,301,590
12/05/2021,MYF,CA,AWP,WE,Towers with Radar,0,2,73,0,75,0,4,236,0,240,0,6,309,0,315,405,0,405,720
12/06/2021,MYF,CA,AWP,WE,Towers with Radar,0,1,63,2,66,0,4,156,4,164,0,5,219,6,230,460,0,460,690
12/07/2021,MYF,CA,AWP,WE,Towers with Radar,0,4,77,0,81,0,13,48,0,61,0,17,125,0,142,496,0,496,638
12/08/2021,MYF,CA,AWP,WE,Towers with Radar,0,1,85,1,87,0,5,308,6,319,0,6,393,7,406,884,0,884,1290
12/09/2021,MYF,CA,AWP,WE,Towers with Radar,0,1,67,0,68,0,5,18,2,25,0,6,85,2,93,158,0,158,251
12/10/2021,MYF,CA,AWP,WE,Towers with Radar,0,4,67,0,71,0,5,255,1,261,0,9,322,1,332,812,0,812,1144
12/11/2021,MYF,CA,AWP,WE,Towers with Radar,0,0,51,0,51,0,18,383,0,401,0,18,434,0,452,283,0,283,735
12/12/2021,MYF,CA,AWP,WE,Towers with Radar,0,4,58,1,63,0,5,306,1,312,0,9,364,2,375,403,0,403,778
12/13/2021,MYF,CA,AWP,WE,Towers with Radar,0,0,75,3,78,0,2,86,2,90,0,2,161,5,168,501,0,501,669
12/14/2021,MYF,CA,AWP,WE,Towers with Radar,0,1,18,0,19,0,0,5,0,5,0,1,23,0,24,3,0,3,27
12/15/2021,MYF,CA,AWP,WE,Towers with Radar,0,6,85,3,94,0,25,329,2,356,0,31,414,5,450,456,0,456,906
12/16/2021,MYF,CA,AWP,WE,Towers with Radar,0,3,76,2,81,0,5,268,3,276,0,8,344,5,357,552,0,552,909
12/17/2021,MYF,CA,AWP,WE,Towers with Radar,0,1,56,1,58,0,8,350,1,359,0,9,406,2,417,523,0,523,940
12/18/2021,MYF,CA,AWP,WE,Towers with Radar,0,4,49,0,53,0,14,286,0,300,0,18,335,0,353,508,0,508,861
12/19/2021,MYF,CA,AWP,WE,Towers with Radar,0,0,40,0,40,0,11,265,0,276,0,11,305,0,316,368,0,368,684
12/20/2021,MYF,CA,AWP,WE,Towers with Radar,0,2,65,2,69,0,11,233,2,246,0,13,298,4,315,400,0,400,715
12/21/2021,MYF,CA,AWP,WE,Towers with Radar,0,4,47,1,52,0,5,203,3,211,0,9,250,4,263,497,0,497,760
12/22/2021,MYF,CA,AWP,WE,Towers with Radar,0,0,50,1,51,0,7,245,4,256,0,7,295,5,307,485,0,485,792
12/23/2021,MYF,CA,AWP,WE,Towers with Radar,0,4,40,0,44,0,1,74,0,75,0,5,114,0,119,686,0,686,805
12/24/2021,MYF,CA,AWP,WE,Towers with Radar,0,4,20,0,24,0,0,17,0,17,0,4,37,0,41,90,0,90,131
12/25/2021,MYF,CA,AWP,WE,Towers with Radar,0,5,14,0,19,0,0,22,0,22,0,5,36,0,41,88,0,88,129
12/26/2021,MYF,CA,AWP,WE,Towers with Radar,0,4,50,0,54,0,9,151,0,160,0,13,201,0,214,251,0,251,465
12/27/2021,MYF,CA,AWP,WE,Towers with Radar,0,2,33,0,35,0,7,55,1,63,0,9,88,1,98,328,0,328,426
12/28/2021,MYF,CA,AWP,WE,Towers with Radar,0,0,26,0,26,0,0,49,0,49,0,0,75,0,75,341,0,341,416
12/29/2021,MYF,CA,AWP,WE,Towers with Radar,0,8,25,0,33,0,0,25,0,25,0,8,50,0,58,126,0,126,184
12/30/2021,MYF,CA,AWP,WE,Towers with Radar,0,4,32,0,36,0,3,76,0,79,0,7,108,0,115,410,0,410,525
12/31/2021,MYF,CA,AWP,WE,Towers with Radar,0,3,56,0,59,0,0,84,0,84,0,3,140,0,143,427,0,427,570
01/01/2022,MYF,CA,AWP,WE,Towers with Radar,0,1,21,0,22,0,7,174,1,182,0,8,195,1,204,157,0,157,361
01/02/2022,MYF,CA,AWP,WE,Towers with Radar,0,3,57,0,60,0,8,256,0,264,0,11,313,0,324,374,0,374,698
01/03/2022,MYF,CA,AWP,WE,Towers with Radar,0,3,49,0,52,0,4,246,0,250,0,7,295,0,302,411,2,413,715
01/04/2022,MYF,CA,AWP,WE,Towers with Radar,0,5,67,2,74,0,5,265,6,276,0,10,332,8,350,472,0,472,822
01/05/2022,MYF,CA,AWP,WE,Towers with Radar,0,0,54,3,57,0,7,261,3,271,0,7,315,6,328,623,0,623,951
01/06/2022,MYF,CA,AWP,WE,Towers with Radar,0,1,75,1,77,0,10,278,3,291,0,11,353,4,368,487,0,487,855
01/07/2022,MYF,CA,AWP,WE,Towers with Radar,0,3,90,0,93,0,6,58,0,64,0,9,148,0,157,252,0,252,409
01/08/2022,MYF,CA,AWP,WE,Towers with Radar,0,4,60,0,64,0,18,182,0,200,0,22,242,0,264,491,0,491,755
01/09/2022,MYF,CA,AWP,WE,Towers with Radar,0,3,48,0,51,0,9,312,0,321,0,12,360,0,372,501,0,501,873
01/10/2022,MYF,CA,AWP,WE,Towers with Radar,0,5,30,2,37,0,2,270,2,274,0,7,300,4,311,524,0,524,835
01/11/2022,MYF,CA,AWP,WE,Towers with Radar,0,2,56,2,60,0,2,287,4,293,0,4,343,6,353,487,0,487,840
01/12/2022,MYF,CA,AWP,WE,Towers with Radar,0,4,63,2,69,0,3,280,3,286,0,7,343,5,355,498,0,498,853
01/13/2022,MYF,CA,AWP,WE,Towers with Radar,0,0,70,3,73,0,2,257,7,266,0,2,327,10,339,593,0,593,932
01/14/2022,MYF,CA,AWP,WE,Towers with Radar,0,1,63,1,65,0,9,292,2,303,0,10,355,3,368,611,0,611,979
01/15/2022,MYF,CA,AWP,WE,Towers with Radar,0,4,44,0,48,0,3,169,1,173,0,7,213,1,221,355,0,355,576
01/16/2022,MYF,CA,AWP,WE,Towers with Radar,0,3,49,0,52,0,4,279,0,283,0,7,328,0,335,438,0,438,773
01/17/2022,MYF,CA,AWP,WE,Towers with Radar,0,2,68,2,72,0,2,185,4,191,0,4,253,6,263,722,0,722,985
01/18/2022,MYF,CA,AWP,WE,Towers with Radar,0,2,104,2,108,0,0,64,1,65,0,2,168,3,173,424,0,424,597
01/19/2022,MYF,CA,AWP,WE,Towers with Radar,0,0,84,3,87,0,5,228,4,237,0,5,312,7,324,644,3,647,971
01/20/2022,MYF,CA,AWP,WE,Towers with Radar,0,0,57,1,58,0,3,313,4,320,0,3,370,5,378,482,0,482,860
01/21/2022,MYF,CA,AWP,WE,Towers with Radar,0,1,70,2,73,0,12,337,0,349,0,13,407,2,422,495,10,505,927
01/22/2022,MYF,CA,AWP,WE,Towers with Radar,0,1,37,0,38,0,11,254,0,265,0,12,291,0,303,661,0,661,964
01/23/2022,MYF,CA,AWP,WE,Towers with Radar,0,3,69,0,72,0,2,278,0,280,0,5,347,0,352,438,0,438,790
01/24/2022,MYF,CA,AWP,WE,Towers with Radar,0,0,72,3,75,0,6,268,2,276,0,6,340,5,351,733,10,743,1094
01/25/2022,MYF,CA,AWP,WE,Towers with Radar,0,1,63,2,66,0,4,236,3,243,0,5,299,5,309,442,0,442,751
01/26/2022,MYF,CA,AWP,WE,Towers with Radar,0,0,72,2,74,0,3,318,4,325,0,3,390,6,399,824,0,824,1223
01/27/2022,MYF,CA,AWP,WE,Towers with Radar,0,3,92,0,95,0,8,304,7,319,0,11,396,7,414,645,0,645,1059
01/28/2022,MYF,CA,AWP,WE,Towers with Radar,0,2,83,2,87,0,2,314,5,321,0,4,397,7,408,920,0,920,1328
01/29/2022,MYF,CA,AWP,WE,Towers with Radar,0,0,59,0,59,0,6,319,0,325,0,6,378,0,384,568,0,568,952
01/30/2022,MYF,CA,AWP,WE,Towers with Radar,0,0,54,0,54,0,11,293,0,304,0,11,347,0,358,433,0,433,791
01/31/2022,MYF,CA,AWP,WE,Towers with Radar,0,3,76,0,79,0,8,236,6,250,0,11,312,6,329,431,0,431,760
02/01/2022,MYF,CA,AWP,WE,Towers with Radar,0,6,96,2,104,0,4,123,0,127,0,10,219,2,231,514,0,514,745
02/02/2022,MYF,CA,AWP,WE,Towers with Radar,0,6,39,2,47,0,3,267,4,274,0,9,306,6,321,706,0,706,1027
02/03/2022,MYF,CA,AWP,WE,Towers with Radar,0,1,66,1,68,0,2,327,3,332,0,3,393,4,400,536,0,536,936
02/04/2022,MYF,CA,AWP,WE,Towers with Radar,0,7,59,0,66,0,5,292,0,297,0,12,351,0,363,817,0,817,1180
02/05/2022,MYF,CA,AWP,WE,Towers with Radar,0,6,61,4,71,0,15,396,0,411,0,21,457,4,482,417,0,417,899
02/06/2022,MYF,CA,AWP,WE,Towers with Radar,0,3,55,1,59,0,8,271,0,279,0,11,326,1,338,476,0,476,814
02/07/2022,MYF,CA,AWP,WE,Towers with Radar,0,4,58,1,63,0,3,292,3,298,0,7,350,4,361,120,0,120,481
02/08/2022,MYF,CA,AWP,WE,Towers with Radar,0,0,51,1,52,0,4,345,4,353,0,4,396,5,405,42,0,42,447
02/09/2022,MYF,CA,AWP,WE,Towers with Radar,0,4,71,1,76,0,1,217,4,222,0,5,288,5,298,362,2,364,662
02/10/2022,MYF,CA,AWP,WE,Towers with Radar,0,6,42,1,49,0,6,147,5,158,0,12,189,6,207,298,3,301,508
02/11/2022,MYF,CA,AWP,WE,Towers with Radar,0,3,73,2,78,0,10,332,3,345,0,13,405,5,423,745,0,745,1168
02/12/2022,MYF,CA,AWP,WE,Towers with Radar,0,3,59,0,62,0,6,321,0,327,0,9,380,0,389,576,0,576,965
02/13/2022,MYF,CA,AWP,WE,Towers with Radar,0,4,37,0,41,0,5,222,0,227,0,9,259,0,268,501,0,501,769
02/14/2022,MYF,CA,AWP,WE,Towers with Radar,0,1,54,1,56,0,15,259,4,278,0,16,313,5,334,501,0,501,835
02/15/2022,MYF,CA,AWP,WE,Towers with Radar,0,1,50,1,52,0,1,23,1,25,0,2,73,2,77,45,0,45,122
02/16/2022,MYF,CA,AWP,WE,Towers with Radar,0,2,67,1,70,0,9,290,5,304,0,11,357,6,374,554,0,554,928
02/17/2022,MYF,CA,AWP,WE,Towers with Radar,0,3,61,1,65,0,18,279,1,298,0,21,340,2,363,526,0,526,889
02/18/2022,MYF,CA,AWP,WE,Towers with Radar,0,0,79,0,79,0,9,396,3,408,0,9,475,3,487,629,0,629,1116
02/19/2022,MYF,CA,AWP,WE,Towers with Radar,0,3,47,0,50,0,3,357,0,360,0,6,404,0,410,424,0,424,834
02/20/2022,MYF,CA,AWP,WE,Towers with Radar,0,0,86,0,86,0,8,201,3,212,0,8,287,3,298,377,0,377,675
02/21/2022,MYF,CA,AWP,WE,Towers with Radar,0,5,81,0,86,0,2,70,0,72,0,7,151,0,158,488,0,488,646
02/22/2022,MYF,CA,AWP,WE,Towers with Radar,0,4,41,1,46,0,6,50,3,59,0,10,91,4,105,379,0,379,484
02/23/2022,MYF,CA,AWP,WE,Towers with Radar,0,7,39,1,47,0,3,50,4,57,0,10,89,5,104,71,0,71,175
02/24/2022,MYF,CA,AWP,WE,Towers with Radar,0,5,89,1,95,0,9,361,6,376,0,14,450,7,471,758,0,758,1229
02/25/2022,MYF,CA,AWP,WE,Towers with Radar,0,4,73,2,79,0,15,405,6,426,0,19,478,8,505,589,0,589,1094
02/26/2022,MYF,CA,AWP,WE,Towers with Radar,0,3,58,0,61,0,13,348,1,362,0,16,406,1,423,589,0,589,1012
02/27/2022,MYF,CA,AWP,WE,Towers with Radar,0,0,65,1,66,0,2,301,0,303,0,2,366,1,369,513,0,513,882
02/28/2022,MYF,CA,AWP,WE,Towers with Radar,0,1,68,2,71,0,4,259,2,265,0,5,327,4,336,565,0,565,901
03/01/2022,MYF,CA,AWP,WE,Towers with Radar,0,2,72,1,75,0,12,304,1,317,0,14,376,2,392,587,0,587,979
03/02/2022,MYF,CA,AWP,WE,Towers with Radar,0,2,71,0,73,0,8,319,3,330,0,10,390,3,403,886,0,886,1289
03/03/2022,MYF,CA,AWP,WE,Towers with Radar,0,2,88,1,91,0,6,134,3,143,0,8,222,4,234,275,0,275,509
03/04/2022,MYF,CA,AWP,WE,Towers with Radar,0,3,35,0,38,0,0,60,0,60,0,3,95,0,98,475,0,475,573
03/05/2022,MYF,CA,AWP,WE,Towers with Radar,0,3,44,0,47,0,4,99,0,103,0,7,143,0,150,385,0,385,535
03/06/2022,MYF,CA,AWP,WE,Towers with Radar,0,2,84,0,86,0,2,260,0,262,0,4,344,0,348,769,0,769,1117
03/07/2022,MYF,CA,AWP,WE,Towers with Radar,0,1,54,1,56,0,7,295,2,304,0,8,349,3,360,569,0,569,929
03/08/2022,MYF,CA,AWP,WE,Towers with Radar,0,1,70,0,71,0,2,335,1,338,0,3,405,1,409,637,0,637,1046
03/09/2022,MYF,CA,AWP,WE,Towers with Radar,0,2,65,3,70,0,19,318,1,338,0,21,383,4,408,640,0,640,1048
03/10/2022,MYF,CA,AWP,WE,Towers with Radar,0,9,82,4,95,0,5,181,2,188,0,14,263,6,283,771,0,771,1054
03/11/2022,MYF,CA,AWP,WE,Towers with Radar,0,3,68,1,72,0,12,370,5,387,0,15,438,6,459,728,0,728,1187
03/12/2022,MYF,CA,AWP,WE,Towers with Radar,0,2,43,0,45,0,21,358,0,379,0,23,401,0,424,676,0,676,1100
03/13/2022,MYF,CA,AWP,WE,Towers with Radar,0,2,51,0,53,0,13,230,1,244,0,15,281,1,297,322,2,324,621
03/14/2022,MYF,CA,AWP,WE,Towers with Radar,0,5,59,1,65,0,12,271,4,287,0,17,330,5,352,653,0,653,1005
03/15/2022,MYF,CA,AWP,WE,Towers with Radar,0,3,71,1,75,0,12,299,7,318,0,15,370,8,393,654,0,654,1047
03/16/2022,MYF,CA,AWP,WE,Towers with Radar,0,6,87,4,97,0,17,223,5,245,0,23,310,9,342,651,0,651,993
03/17/2022,MYF,CA,AWP,WE,Towers with Radar,0,4,78,5,87,0,14,346,5,365,0,18,424,10,452,639,0,639,1091
03/18/2022,MYF,CA,AWP,WE,Towers with Radar,0,7,87,1,95,0,17,366,4,387,0,24,453,5,482,766,0,766,1248
03/19/2022,MYF,CA,AWP,WE,Towers with Radar,0,4,71,0,75,0,2,178,1,181,0,6,249,1,256,421,0,421,677
03/20/2022,MYF,CA,AWP,WE,Towers with Radar,0,5,71,0,76,0,1,123,0,124,0,6,194,0,200,256,0,256,456
03/21/2022,MYF,CA,AWP,WE,Towers with Radar,0,1,63,1,65,0,9,261,1,271,0,10,324,2,336,704,2,706,1042
03/22/2022,MYF,CA,AWP,WE,Towers with Radar,0,0,74,1,75,0,3,283,4,290,0,3,357,5,365,689,0,689,1054
03/23/2022,MYF,CA,AWP,WE,Towers with Radar,0,5,75,1,81,0,6,297,1,304,0,11,372,2,385,953,0,953,1338
03/24/2022,MYF,CA,AWP,WE,Towers with Radar,0,0,66,4,70,0,3,342,2,347,0,3,408,6,417,701,0,701,1118
03/25/2022,MYF,CA,AWP,WE,Towers with Radar,0,1,69,1,71,0,0,317,1,318,0,1,386,2,389,738,0,738,1127
03/26/2022,MYF,CA,AWP,WE,Towers with Radar,0,4,62,0,66,0,8,200,1,209,0,12,262,1,275,430,0,430,705
03/27/2022,MYF,CA,AWP,WE,Towers with Radar,0,1,83,0,84,0,6,190,0,196,0,7,273,0,280,548,0,548,828
03/28/2022,MYF,CA,AWP,WE,Towers with Radar,0,1,29,0,30,0,3,16,2,21,0,4,45,2,51,46,0,46,97
03/29/2022,MYF,CA,AWP,WE,Towers with Radar,0,3,82,4,89,0,12,121,2,135,0,15,203,6,224,606,0,606,830
03/30/2022,MYF,CA,AWP,WE,Towers with Radar,0,3,107,4,114,0,6,262,5,273,0,9,369,9,387,621,0,621,1008
03/31/2022,MYF,CA,AWP,WE,Towers with Radar,0,2,111,3,116,0,5,54,2,61,0,7,165,5,177,596,0,596,773
04/01/2022,MYF,CA,AWP,WE,Towers with Radar,0,6,98,2,106,0,13,235,0,248,0,19,333,2,354,840,0,840,1194
04/02/2022,MYF,CA,AWP,WE,Towers with Radar,0,5,92,2,99,0,8,15,0,23,0,13,107,2,122,51,0,51,173
04/03/2022,MYF,CA,AWP,WE,Towers with Radar,0,8,121,0,129,0,5,31,0,36,0,13,152,0,165,121,0,121,286
04/04/2022,MYF,CA,AWP,WE,Towers with Radar,0,3,65,3,71,0,15,253,6,274,0,18,318,9,345,826,0,826,1171
04/05/2022,MYF,CA,AWP,WE,Towers with Radar,0,5,77,2,84,0,11,295,1,307,0,16,372,3,391,527,0,527,918
04/06/2022,MYF,CA,AWP,WE,Towers with Radar,0,3,78,5,86,0,19,335,2,356,0,22,413,7,442,671,0,671,1113
04/07/2022,MYF,CA,AWP,WE,Towers with Radar,0,4,40,2,46,0,12,251,2,265,0,16,291,4,311,795,4,799,1110
04/08/2022,MYF,CA,AWP,WE,Towers with Radar,0,2,58,1,61,0,3,283,2,288,0,5,341,3,349,584,0,584,933
04/09/2022,MYF,CA,AWP,WE,Towers with Radar,0,2,56,0,58,0,2,252,0,254,0,4,308,0,312,243,0,243,555
04/10/2022,MYF,CA,AWP,WE,Towers with Radar,0,4,111,0,115,0,3,61,0,64,0,7,172,0,179,576,0,576,755
04/11/2022,MYF,CA,AWP,WE,Towers with Radar,0,5,62,2,69,0,3,120,3,126,0,8,182,5,195,534,0,534,729
04/12/2022,MYF,CA,AWP,WE,Towers with Radar,0,1,57,1,59,0,10,267,2,279,0,11,324,3,338,640,0,640,978
04/13/2022,MYF,CA,AWP,WE,Towers with Radar,0,6,50,2,58,0,8,355,2,365,0,14,405,4,423,653,0,653,1076
04/14/2022,MYF,CA,AWP,WE,Towers with Radar,0,0,76,6,82,0,18,382,9,409,0,18,458,15,491,689,0,689,1180
04/15/2022,MYF,CA,AWP,WE,Towers with Radar,0,2,64,2,68,0,6,312,4,322,0,8,376,6,390,671,0,671,1061
04/16/2022,MYF,CA,AWP,WE,Towers with Radar,0,6,71,2,79,0,7,183,1,191,0,13,254,3,270,484,0,484,754
04/17/2022,MYF,CA,AWP,WE,Towers with Radar,0,6,57,0,63,0,5,178,0,183,0,11,235,0,246,432,0,432,678
04/18/2022,MYF,CA,AWP,WE,Towers with Radar,0,2,59,2,63,0,13,239,7,259,0,15,298,9,322,674,2,676,998
04/19/2022,MYF,CA,AWP,WE,Towers with Radar,0,4,80,1,85,0,1,303,4,308,0,5,383,5,393,714,0,714,1107
04/20/2022,MYF,CA,AWP,WE,Towers with Radar,0,4,79,2,85,0,11,339,1,351,0,15,418,3,436,874,0,874,1310
04/21/2022,MYF,CA,AWP,WE,Towers with Radar,0,2,77,0,79,0,9,319,2,330,0,11,396,2,409,605,0,605,1014
04/22/2022,MYF,CA,AWP,WE,Towers with Radar,0,1,45,1,47,0,6,93,5,104,0,7,138,6,151,547,0,547,698
04/23/2022,MYF,CA,AWP,WE,Towers with Radar,0,3,58,0,61,0,15,321,0,336,0,18,379,0,397,494,0,494,891
04/24/2022,MYF,CA,AWP,WE,Towers with Radar,0,2,50,0,52,0,7,273,0,280,0,9,323,0,332,627,0,627,959
04/25/2022,MYF,CA,AWP,WE,Towers with Radar,0,4,60,2,66,0,14,302,6,322,0,18,362,8,388,440,0,440,828
04/26/2022,MYF,CA,AWP,WE,Towers with Radar,0,1,69,1,71,0,10,324,5,339,0,11,393,6,410,656,0,656,1066
04/27/2022,MYF,CA,AWP,WE,Towers with Radar,0,3,75,6,84,0,5,222,5,232,0,8,297,11,316,645,0,645,961
04/28/2022,MYF,CA,AWP,WE,Towers with Radar,0,2,83,2,87,0,11,151,3,165,0,13,234,5,252,688,0,688,940
04/29/2022,MYF,CA,AWP,WE,Towers with Radar,0,4,68,0,72,0,7,374,1,382,0,11,442,1,454,668,0,668,1122
04/30/2022,MYF,CA,AWP,WE,Towers with Radar,0,3,48,0,51,0,5,359,1,365,0,8,407,1,416,581,0,581,997
05/01/2022,MYF,CA,AWP,WE,Towers with Radar,0,2,76,0,78,0,3,80,0,83,0,5,156,0,161,158,0,158,319
05/02/2022,MYF,CA,AWP,WE,Towers with Radar,0,0,59,1,60,0,16,200,3,219,0,16,259,4,279,590,0,590,869
05/03/2022,MYF,CA,AWP,WE,Towers with Radar,0,0,88,1,89,0,9,154,1,164,0,9,242,2,253,592,0,592,845
05/04/2022,MYF,CA,AWP,WE,Towers with Radar,0,0,65,3,68,0,5,337,5,347,0,5,402,8,415,653,0,653,1068
05/05/2022,MYF,CA,AWP,WE,Towers with Radar,0,2,68,3,73,0,8,300,1,309,0,10,368,4,382,595,0,595,977
05/06/2022,MYF,CA,AWP,WE,Towers with Radar,0,3,61,0,64,0,10,310,3,323,0,13,371,3,387,708,0,708,1095
05/07/2022,MYF,CA,AWP,WE,Towers with Radar,0,3,53,0,56,0,2,210,0,212,0,5,263,0,268,598,0,598,866
05/08/2022,MYF,CA,AWP,WE,Towers with Radar,0,7,68,0,75,0,10,64,0,74,0,17,132,0,149,566,0,566,715
05/09/2022,MYF,CA,AWP,WE,Towers with Radar,0,3,68,2,73,0,6,233,4,243,0,9,301,6,316,597,0,597,913
05/10/2022,MYF,CA,AWP,WE,Towers with Radar,0,0,63,1,64,0,12,261,9,282,0,12,324,10,346,794,0,794,1140
05/11/2022,MYF,CA,AWP,WE,Towers with Radar,0,0,57,2,59,0,9,293,5,307,0,9,350,7,366,755,1,756,1122
05/12/2022,MYF,CA,AWP,WE,Towers with Radar,0,2,60,2,64,0,21,336,4,361,0,23,396,6,425,901,0,901,1326
05/13/2022,MYF,CA,AWP,WE,Towers with Radar,0,1,46,0,47,0,6,363,3,372,0,7,409,3,419,878,0,878,1297
05/14/2022,MYF,CA,AWP,WE,Towers with Radar,0,3,59,0,62,0,8,316,1,325,0,11,375,1,387,489,0,489,876
05/15/2022,MYF,CA,AWP,WE,Towers with Radar,0,2,47,0,49,0,9,260,1,270,0,11,307,1,319,377,0,377,696
05/16/2022,MYF,CA,AWP,WE,Towers with Radar,0,0,77,2,79,0,7,257,5,269,0,7,334,7,348,677,0,677,1025
05/17/2022,MYF,CA,AWP,WE,Towers with Radar,0,1,79,3,83,0,2,171,2,175,0,3,250,5,258,215,1,216,474
05/18/2022,MYF,CA,AWP,WE,Towers with Radar,0,0,75,2,77,0,6,279,4,289,0,6,354,6,366,780,0,780,1146
05/19/2022,MYF,CA,AWP,WE,Towers with Radar,0,6,99,3,108,0,6,129,10,145,0,12,228,13,253,307,0,307,560
05/20/2022,MYF,CA,AWP,WE,Towers with Radar,0,2,86,3,91,0,3,42,3,48,0,5,128,6,139,532,0,532,671
05/21/2022,MYF,CA,AWP,WE,Towers with Radar,0,7,72,2,81,0,9,89,0,98,0,16,161,2,179,334,0,334,513
05/22/2022,MYF,CA,AWP,WE,Towers with Radar,0,2,93,0,95,0,9,139,0,148,0,11,232,0,243,459,0,459,702
05/23/2022,MYF,CA,AWP,WE,Towers with Radar,0,4,72,4,80,0,12,149,5,166,0,16,221,9,246,556,0,556,802
05/24/2022,MYF,CA,AWP,WE,Towers with Radar,0,2,87,3,92,0,17,216,10,243,0,19,303,13,335,800,0,800,1135
05/25/2022,MYF,CA,AWP,WE,Towers with Radar,0,4,69,1,74,0,14,250,5,269,0,18,319,6,343,848,4,852,1195
05/26/2022,MYF,CA,AWP,WE,Towers with Radar,0,4,85,5,94,0,18,246,5,269,0,22,331,10,363,709,0,709,1072
05/27/2022,MYF,CA,AWP,WE,Towers with Radar,0,6,132,1,139,0,5,231,1,237,0,11,363,2,376,637,0,637,1013
05/28/2022,MYF,CA,AWP,WE,Towers with Radar,0,3,85,0,88,0,1,15,1,17,0,4,100,1,105,0,0,0,105
05/29/2022,MYF,CA,AWP,WE,Towers with Radar,0,1,70,0,71,0,8,124,2,134,0,9,194,2,205,432,0,432,637
05/30/2022,MYF,CA,AWP,WE,Towers with Radar,0,7,69,0,76,0,7,241,2,250,0,14,310,2,326,298,0,298,624
05/31/2022,MYF,CA,AWP,WE,Towers with Radar,0,4,64,3,71,0,7,257,6,270,0,11,321,9,341,471,0,471,812
06/01/2022,MYF,CA,AWP,WE,Towers with Radar,0,1,55,1,57,0,6,316,6,328,0,7,371,7,385,710,0,710,1095
06/02/2022,MYF,CA,AWP,WE,Towers with Radar,0,4,98,1,103,0,4,262,3,269,0,8,360,4,372,855,0,855,1227
06/03/2022,MYF,CA,AWP,WE,Towers with Radar,0,5,60,5,70,0,13,268,7,288,0,18,328,12,358,494,0,494,852
06/04/2022,MYF,CA,AWP,WE,Towers with Radar,0,6,77,3,86,0,12,120,2,134,0,18,197,5,220,288,0,288,508
06/05/2022,MYF,CA,AWP,WE,Towers with Radar,0,4,56,0,60,0,5,226,0,231,0,9,282,0,291,607,0,607,898
06/06/2022,MYF,CA,AWP,WE,Towers with Radar,0,2,90,2,94,0,2,234,3,239,0,4,324,5,333,533,0,533,866
06/07/2022,MYF,CA,AWP,WE,Towers with Radar,0,3,91,2,96,0,12,197,3,212,0,15,288,5,308,369,0,369,677
06/08/2022,MYF,CA,AWP,WE,Towers with Radar,0,2,107,4,113,0,7,249,2,258,0,9,356,6,371,544,0,544,915
06/09/2022,MYF,CA,AWP,WE,Towers with Radar,0,6,77,0,83,0,9,296,0,305,0,15,373,0,388,404,0,404,792
06/10/2022,MYF,CA,AWP,WE,Towers with Radar,0,5,74,2,81,0,5,282,2,289,0,10,356,4,370,616,0,616,986
06/11/2022,MYF,CA,AWP,WE,Towers with Radar,0,7,55,0,62,0,6,256,0,262,0,13,311,0,324,520,0,520,844
06/12/2022,MYF,CA,AWP,WE,Towers with Radar,0,2,78,0,80,0,1,206,0,207,0,3,284,0,287,464,0,464,751
06/13/2022,MYF,CA,AWP,WE,Towers with Radar,0,2,92,1,95,0,3,95,1,99,0,5,187,2,194,135,0,135,329
06/14/2022,MYF,CA,AWP,WE,Towers with Radar,0,4,86,1,91,0,4,296,3,303,0,8,382,4,394,610,0,610,1004
06/15/2022,MYF,CA,AWP,WE,Towers with Radar,0,3,89,1,93,0,8,293,1,302,0,11,382,2,395,616,0,616,1011
06/16/2022,MYF,CA,AWP,WE,Towers with Radar,0,2,98,2,102,0,9,253,8,270,0,11,351,10,372,565,0,565,937
06/17/2022,MYF,CA,AWP,WE,Towers with Radar,0,3,84,1,88,0,6,277,1,284,0,9,361,2,372,447,8,455,827
06/18/2022,MYF,CA,AWP,WE,Towers with Radar,0,5,61,0,66,0,3,267,1,271,0,8,328,1,337,522,0,522,859
06/19/2022,MYF,CA,AWP,WE,Towers with Radar,0,2,61,0,63,0,2,245,0,247,0,4,306,0,310,641,0,641,951
06/20/2022,MYF,CA,AWP,WE,Towers with Radar,0,3,52,3,58,0,8,322,2,332,0,11,374,5,390,697,0,697,1087
06/21/2022,MYF,CA,AWP,WE,Towers with Radar,0,0,74,4,78,0,7,288,3,298,0,7,362,7,376,627,0,627,1003
06/22/2022,MYF,CA,AWP,WE,Towers with Radar,0,0,68,2,70,0,7,271,5,283,0,7,339,7,353,892,0,892,1245
06/23/2022,MYF,CA,AWP,WE,Towers with Radar,0,0,62,1,63,0,8,334,4,346,0,8,396,5,409,587,2,589,998
06/24/2022,MYF,CA,AWP,WE,Towers with Radar,0,0,61,1,62,0,3,388,0,391,0,3,449,1,453,575,0,575,1028
06/25/2022,MYF,CA,AWP,WE,Towers with Radar,0,7,62,0,69,0,13,259,0,272,0,20,321,0,341,430,0,430,771
06/26/2022,MYF,CA,AWP,WE,Towers with Radar,0,0,60,0,60,0,7,235,2,244,0,7,295,2,304,406,0,406,710
06/27/2022,MYF,CA,AWP,WE,Towers with Radar,0,0,49,1,50,0,14,242,2,258,0,14,291,3,308,690,0,690,998
06/28/2022,MYF,CA,AWP,WE,Towers with Radar,0,7,63,0,70,0,9,299,5,313,0,16,362,5,383,691,0,691,1074
06/29/2022,MYF,CA,AWP,WE,Towers with Radar,0,0,66,1,67,0,6,292,2,300,0,6,358,3,367,738,0,738,1105
06/30/2022,MYF,CA,AWP,WE,Towers with Radar,0,7,70,5,82,0,3,307,8,318,0,10,377,13,400,605,0,605,1005
07/01/2022,MYF,CA,AWP,WE,Towers with Radar,0,6,87,3,96,0,4,283,6,293,0,10,370,9,389,551,0,551,940
07/02/2022,MYF,CA,AWP,WE,Towers with Radar,0,2,66,0,68,0,10,256,1,267,0,12,322,1,335,365,0,365,700
07/03/2022,MYF,CA,AWP,WE,Towers with Radar,0,4,58,0,62,0,4,217,0,221,0,8,275,0,283,340,0,340,623
07/04/2022,MYF,CA,AWP,WE,Towers with Radar,0,1,34,0,35,0,11,133,1,145,0,12,167,1,180,123,0,123,303
07/05/2022,MYF,CA,AWP,WE,Towers with Radar,0,9,76,1,86,0,7,258,1,266,0,16,334,2,352,483,0,483,835
07/06/2022,MYF,CA,AWP,WE,Towers with Radar,0,0,93,3,96,0,5,169,4,178,0,5,262,7,274,483,0,483,757
07/07/2022,MYF,CA,AWP,WE,Towers with Radar,0,3,70,3,76,0,10,284,6,300,0,13,354,9,376,428,0,428,804
07/08/2022,MYF,CA,AWP,WE,Towers with Radar,0,4,77,0,81,0,7,321,2,330,0,11,398,2,411,628,0,628,1039
07/09/2022,MYF,CA,AWP,WE,Towers with Radar,0,4,69,2,75,0,4,284,9,297,0,8,353,11,372,391,0,391,763
07/10/2022,MYF,CA,AWP,WE,Towers with Radar,0,6,39,0,45,0,4,263,0,267,0,10,302,0,312,433,0,433,745
07/11/2022,MYF,CA,AWP,WE,Towers with Radar,0,6,64,2,72,0,15,281,4,300,0,21,345,6,372,80,0,80,452
07/12/2022,MYF,CA,AWP,WE,Towers with Radar,0,2,62,1,65,0,7,294,2,303,0,9,356,3,368,19,0,19,387
07/13/2022,MYF,CA,AWP,WE,Towers with Radar,0,0,67,2,69,0,9,299,5,313,0,9,366,7,382,160,0,160,542
07/14/2022,MYF,CA,AWP,WE,Towers with Radar,0,0,84,1,85,0,0,259,6,265,0,0,343,7,350,513,0,513,863
07/15/2022,MYF,CA,AWP,WE,Towers with Radar,0,3,67,2,72,0,10,309,4,323,0,13,376,6,395,390,0,390,785
07/16/2022,MYF,CA,AWP,WE,Towers with Radar,0,4,56,2,62,0,2,218,0,220,0,6,274,2,282,56,0,56,338
07/17/2022,MYF,CA,AWP,WE,Towers with Radar,0,3,72,1,76,0,5,169,2,176,0,8,241,3,252,296,0,296,548
07/18/2022,MYF,CA,AWP,WE,Towers with Radar,0,5,67,1,73,0,6,316,3,325,0,11,383,4,398,161,0,161,559
07/19/2022,MYF,CA,AWP,WE,Towers with Radar,0,3,51,0,54,0,12,309,4,325,0,15,360,4,379,683,0,683,1062
07/20/2022,MYF,CA,AWP,WE,Towers with Radar,0,4,93,3,100,0,12,278,5,295,0,16,371,8,395,465,0,465,860
07/21/2022,MYF,CA,AWP,WE,Towers with Radar,0,6,90,1,97,0,5,315,4,324,0,11,405,5,421,305,0,305,726
07/22/2022,MYF,CA,AWP,WE,Towers with Radar,0,4,71,1,76,0,4,304,0,308,0,8,375,1,384,119,0,119,503
07/23/2022,MYF,CA,AWP,WE,Towers with Radar,0,3,91,2,96,0,8,247,4,259,0,11,338,6,355,224,0,224,579
07/24/2022,MYF,CA,AWP,WE,Towers with Radar,0,7,70,1,78,0,15,172,2,189,0,22,242,3,267,336,0,336,603
07/25/2022,MYF,CA,AWP,WE,Towers with Radar,0,3,71,1,75,0,14,185,3,202,0,17,256,4,277,348,0,348,625
07/26/2022,MYF,CA,AWP,WE,Towers with Radar,0,0,82,3,85,0,16,319,9,344,0,16,401,12,429,636,0,636,1065
07/27/2022,MYF,CA,AWP,WE,Towers with Radar,0,6,72,1,79,0,9,329,4,342,0,15,401,5,421,533,0,533,954
07/28/2022,MYF,CA,AWP,WE,Towers with Radar,0,0,79,2,81,0,1,246,5,252,0,1,325,7,333,380,0,380,713
07/29/2022,MYF,CA,AWP,WE,Towers with Radar,0,2,81,3,86,0,3,288,7,298,0,5,369,10,384,426,0,426,810
07/30/2022,MYF,CA,AWP,WE,Towers with Radar,0,1,49,2,52,0,7,287,0,294,0,8,336,2,346,639,0,639,985
07/31/2022,MYF,CA,AWP,WE,Towers with Radar,0,3,48,1,52,0,10,199,1,210,0,13,247,2,262,648,0,648,910
08/01/2022,MYF,CA,AWP,WE,Towers with Radar,0,2,65,3,70,0,12,221,7,240,0,14,286,10,310,596,0,596,906
08/02/2022,MYF,CA,AWP,WE,Towers with Radar,0,5,49,2,56,0,19,238,2,259,0,24,287,4,315,820,0,820,1135
08/03/2022,MYF,CA,AWP,WE,Towers with Radar,0,3,68,3,74,0,15,302,3,320,0,18,370,6,394,704,0,704,1098
08/04/2022,MYF,CA,AWP,WE,Towers with Radar,0,3,50,1,54,0,3,205,9,217,0,6,255,10,271,554,0,554,825
08/05/2022,MYF,CA,AWP,WE,Towers with Radar,0,3,55,2,60,0,12,295,7,314,0,15,350,9,374,613,0,613,987
08/06/2022,MYF,CA,AWP,WE,Towers with Radar,0,5,59,2,66,0,13,265,2,280,0,18,324,4,346,354,0,354,700
08/07/2022,MYF,CA,AWP,WE,Towers with Radar,0,7,69,1,77,0,4,258,1,263,0,11,327,2,340,485,0,485,825
08/08/2022,MYF,CA,AWP,WE,Towers with Radar,0,2,74,0,76,0,7,229,2,238,0,9,303,2,314,630,0,630,944
08/09/2022,MYF,CA,AWP,WE,Towers with Radar,0,4,50,7,61,0,21,301,3,325,0,25,351,10,386,777,0,777,1163
08/10/2022,MYF,CA,AWP,WE,Towers with Radar,0,6,63,2,71,0,4,323,3,330,0,10,386,5,401,745,0,745,1146
08/11/2022,MYF,CA,AWP,WE,Towers with Radar,0,6,63,1,70,0,6,314,2,322,0,12,377,3,392,547,0,547,939
08/12/2022,MYF,CA,AWP,WE,Towers with Radar,0,0,69,0,69,0,12,346,1,359,0,12,415,1,428,626,0,626,1054
08/13/2022,MYF,CA,AWP,WE,Towers with Radar,0,2,53,0,55,0,7,324,0,331,0,9,377,0,386,266,0,266,652
08/14/2022,MYF,CA,AWP,WE,Towers with Radar,0,3,77,0,80,0,6,259,0,265,0,9,336,0,345,450,0,450,795
08/15/2022,MYF,CA,AWP,WE,Towers with Radar,0,2,76,1,79,0,1,267,2,270,0,3,343,3,349,653,0,653,1002
08/16/2022,MYF,CA,AWP,WE,Towers with Radar,0,7,76,0,83,0,6,285,6,297,0,13,361,6,380,536,0,536,916
08/17/2022,MYF,CA,AWP,WE,Towers with Radar,0,2,80,1,83,0,11,345,1,357,0,13,425,2,440,729,0,729,1169
08/18/2022,MYF,CA,AWP,WE,Towers with Radar,0,12,84,3,99,0,7,316,6,329,0,19,400,9,428,641,0,641,1069
08/19/2022,MYF,CA,AWP,WE,Towers with Radar,0,5,56,2,63,0,7,329,9,345,0,12,385,11,408,506,0,506,914
08/20/2022,MYF,CA,AWP,WE,Towers with Radar,0,9,89,0,98,0,9,245,0,254,0,18,334,0,352,338,0,338,690
08/21/2022,MYF,CA,AWP,WE,Towers with Radar,0,2,86,1,89,0,11,160,0,171,0,13,246,1,260,394,0,394,654
08/22/2022,MYF,CA,AWP,WE,Towers with Radar,0,7,69,2,78,0,1,200,1,202,0,8,269,3,280,619,0,619,899
08/23/2022,MYF,CA,AWP,WE,Towers with Radar,0,8,74,2,84,0,2,258,5,265,0,10,332,7,349,653,1,654,1003
08/24/2022,MYF,CA,AWP,WE,Towers with Radar,0,6,67,1,74,0,15,310,1,326,0,21,377,2,400,745,0,745,1145
08/25/2022,MYF,CA,AWP,WE,Towers with Radar,0,5,73,1,79,0,12,338,5,355,0,17,411,6,434,767,0,767,1201
08/26/2022,MYF,CA,AWP,WE,Towers with Radar,0,1,92,1,94,0,7,316,2,325,0,8,408,3,419,628,0,628,1047
08/27/2022,MYF,CA,AWP,WE,Towers with Radar,0,13,62,0,75,0,19,263,0,282,0,32,325,0,357,457,0,457,814
08/28/2022,MYF,CA,AWP,WE,Towers with Radar,0,6,65,0,71,0,6,252,1,259,0,12,317,1,330,722,0,722,1052
08/29/2022,MYF,CA,AWP,WE,Towers with Radar,0,5,82,1,88,0,4,275,2,281,0,9,357,3,369,602,0,602,971
08/30/2022,MYF,CA,AWP,WE,Towers with Radar,0,5,54,1,60,0,10,306,2,318,0,15,360,3,378,536,0,536,914
08/31/2022,MYF,CA,AWP,WE,Towers with Radar,0,0,66,4,70,0,11,350,6,367,0,11,416,10,437,550,0,550,987
09/01/2022,MYF,CA,AWP,WE,Towers with Radar,0,4,97,2,103,0,11,275,8,294,0,15,372,10,397,426,0,426,823
09/02/2022,MYF,CA,AWP,WE,Towers with Radar,0,11,53,0,64,0,21,315,8,344,0,32,368,8,408,681,0,681,1089
09/03/2022,MYF,CA,AWP,WE,Towers with Radar,0,3,46,0,49,0,5,213,1,219,0,8,259,1,268,225,0,225,493
09/04/2022,MYF,CA,AWP,WE,Towers with Radar,0,2,42,0,44,0,9,200,1,210,0,11,242,1,254,255,0,255,509
09/05/2022,MYF,CA,AWP,WE,Towers with Radar,0,3,39,0,42,0,16,187,3,206,0,19,226,3,248,324,0,324,572
09/06/2022,MYF,CA,AWP,WE,Towers with Radar,0,0,74,2,76,0,15,292,4,311,0,15,366,6,387,545,0,545,932
09/07/2022,MYF,CA,AWP,WE,Towers with Radar,0,3,69,2,74,0,4,290,4,298,0,7,359,6,372,416,0,416,788
09/08/2022,MYF,CA,AWP,WE,Towers with Radar,0,5,63,1,69,0,10,205,1,216,0,15,268,2,285,708,0,708,993
09/09/2022,MYF,CA,AWP,WE,Towers with Radar,0,0,21,0,21,0,0,18,1,19,0,0,39,1,40,68,0,68,108
09/10/2022,MYF,CA,AWP,WE,Towers with Radar,0,1,22,0,23,0,7,85,5,97,0,8,107,5,120,469,0,469,589
09/11/2022,MYF,CA,AWP,WE,Towers with Radar,0,2,58,0,60,0,0,205,1,206,0,2,263,1,266,609,0,609,875
09/12/2022,MYF,CA,AWP,WE,Towers with Radar,0,7,88,2,97,0,13,195,5,213,0,20,283,7,310,673,2,675,985
09/13/2022,MYF,CA,AWP,WE,Towers with Radar,0,3,64,3,70,0,10,250,1,261,0,13,314,4,331,518,0,518,849
09/14/2022,MYF,CA,AWP,WE,Towers with Radar,0,7,117,3,127,0,9,175,4,188,0,16,292,7,315,714,0,714,1029
09/15/2022,MYF,CA,AWP,WE,Towers with Radar,0,5,92,0,97,0,16,269,6,291,0,21,361,6,388,750,8,758,1146
09/16/2022,MYF,CA,AWP,WE,Towers with Radar,0,3,90,1,94,0,8,328,3,339,0,11,418,4,433,571,0,571,1004
09/17/2022,MYF,CA,AWP,WE,Towers with Radar,0,11,83,0,94,0,11,207,2,220,0,22,290,2,314,433,0,433,747
09/18/2022,MYF,CA,AWP,WE,Towers with Radar,0,5,77,1,83,0,13,206,4,223,0,18,283,5,306,438,0,438,744
09/19/2022,MYF,CA,AWP,WE,Towers with Radar,0,1,82,0,83,0,6,261,0,267,0,7,343,0,350,429,0,429,779
09/20/2022,MYF,CA,AWP,WE,Towers with Radar,0,3,86,0,89,0,23,377,7,407,0,26,463,7,496,460,0,460,956
09/21/2022,MYF,CA,AWP,WE,Towers with Radar,0,2,68,1,71,0,5,230,6,241,0,7,298,7,312,880,0,880,1192
09/22/2022,MYF,CA,AWP,WE,Towers with Radar,0,1,50,0,51,0,6,183,0,189,0,7,233,0,240,227,0,227,467
09/23/2022,MYF,CA,AWP,WE,Towers with Radar,0,3,37,0,40,0,5,198,0,203,0,8,235,0,243,269,1,270,513
09/24/2022,MYF,CA,AWP,WE,Towers with Radar,0,3,34,0,37,0,4,171,1,176,0,7,205,1,213,123,0,123,336
09/25/2022,MYF,CA,AWP,WE,Towers with Radar,0,1,46,0,47,0,7,164,0,171,0,8,210,0,218,277,0,277,495
09/26/2022,MYF,CA,AWP,WE,Towers with Radar,0,3,63,4,70,0,11,289,3,303,0,14,352,7,373,773,0,773,1146
09/27/2022,MYF,CA,AWP,WE,Towers with Radar,0,4,67,3,74,0,11,300,6,317,0,15,367,9,391,684,0,684,1075
09/28/2022,MYF,CA,AWP,WE,Towers with Radar,0,8,90,3,101,0,8,269,6,283,0,16,359,9,384,441,0,441,825
09/29/2022,MYF,CA,AWP,WE,Towers with Radar,0,4,71,5,80,0,5,226,5,236,0,9,297,10,316,451,8,459,775
09/30/2022,MYF,CA,AWP,WE,Towers with Radar,0,8,122,0,130,0,9,258,4,271,0,17,380,4,401,233,0,233,634
10/01/2022,MYF,CA,AWP,WE,Towers with Radar,0,7,77,0,84,0,6,221,1,228,0,13,298,1,312,315,0,315,627
10/02/2022,MYF,CA,AWP,WE,Towers with Radar,0,3,83,0,86,0,9,217,1,227,0,12,300,1,313,522,0,522,835
10/03/2022,MYF,CA,AWP,WE,Towers with Radar,0,3,92,4,99,0,6,176,3,185,0,9,268,7,284,551,0,551,835
10/04/2022,MYF,CA,AWP,WE,Towers with Radar,0,3,92,8,103,0,8,232,3,243,0,11,324,11,346,373,0,373,719
10/05/2022,MYF,CA,AWP,WE,Towers with Radar,0,6,114,5,125,0,2,153,5,160,0,8,267,10,285,200,0,200,485
10/06/2022,MYF,CA,AWP,WE,Towers with Radar,0,11,134,5,150,0,9,97,3,109,0,20,231,8,259,244,2,246,505
10/07/2022,MYF,CA,AWP,WE,Towers with Radar,0,0,82,3,85,0,16,349,6,371,0,16,431,9,456,492,0,492,948
10/08/2022,MYF,CA,AWP,WE,Towers with Radar,0,4,61,0,65,0,3,240,1,244,0,7,301,1,309,496,0,496,805
10/09/2022,MYF,CA,AWP,WE,Towers with Radar,0,4,82,0,86,0,1,187,0,188,0,5,269,0,274,404,0,404,678
10/10/2022,MYF,CA,AWP,WE,Towers with Radar,0,7,96,7,110,0,16,187,6,209,0,23,283,13,319,619,0,619,938
10/11/2022,MYF,CA,AWP,WE,Towers with Radar,0,7,80,6,93,0,8,173,4,185,0,15,253,10,278,609,0,609,887
10/12/2022,MYF,CA,AWP,WE,Towers with Radar,0,8,109,3,120,0,10,81,0,91,0,18,190,3,211,548,0,548,759
10/13/2022,MYF,CA,AWP,WE,Towers with Radar,0,7,132,3,142,0,2,38,0,40,0,9,170,3,182,95,0,95,277
10/14/2022,MYF,CA,AWP,WE,Towers with Radar,0,12,133,1,146,0,12,55,2,69,0,24,188,3,215,653,0,653,868
10/15/2022,MYF,CA,AWP,WE,Towers with Radar,0,2,54,0,56,0,0,65,0,65,0,2,119,0,121,740,0,740,861
10/16/2022,MYF,CA,AWP,WE,Towers with Radar,0,7,88,0,95,0,12,119,1,132,0,19,207,1,227,681,0,681,908
10/17/2022,MYF,CA,AWP,WE,Towers with Radar,0,7,70,1,78,0,9,271,4,284,0,16,341,5,362,713,0,713,1075
10/18/2022,MYF,CA,AWP,WE,Towers with Radar,0,0,60,1,61,0,5,330,9,344,0,5,390,10,405,649,0,649,1054
10/19/2022,MYF,CA,AWP,WE,Towers with Radar,0,6,44,2,52,0,15,316,3,334,0,21,360,5,386,668,4,672,1058
10/20/2022,MYF,CA,AWP,WE,Towers with Radar,0,0,68,2,70,0,14,338,2,354,0,14,406,4,424,582,0,582,1006
10/21/2022,MYF,CA,AWP,WE,Towers with Radar,0,4,80,1,85,0,2,256,1,259,0,6,336,2,344,535,0,535,879
10/22/2022,MYF,CA,AWP,WE,Towers with Radar,0,4,69,0,73,0,5,76,6,87,0,9,145,6,160,564,0,564,724
10/23/2022,MYF,CA,AWP,WE,Towers with Radar,0,7,74,0,81,0,0,239,1,240,0,7,313,1,321,558,0,558,879
10/24/2022,MYF,CA,AWP,WE,Towers with Radar,0,4,79,1,84,0,15,330,3,348,0,19,409,4,432,765,0,765,1197
10/25/2022,MYF,CA,AWP,WE,Towers with Radar,0,2,70,3,75,1,17,332,4,354,1,19,402,7,429,731,0,731,1160
10/26/2022,MYF,CA,AWP,WE,Towers with Radar,0,4,77,1,82,0,5,291,1,297,0,9,368,2,379,747,0,747,1126
10/27/2022,MYF,CA,AWP,WE,Towers with Radar,0,0,86,2,88,0,11,330,8,349,0,11,416,10,437,606,0,606,1043
10/28/2022,MYF,CA,AWP,WE,Towers with Radar,0,1,64,1,66,0,8,326,4,338,0,9,390,5,404,783,3,786,1190
10/29/2022,MYF,CA,AWP,WE,Towers with Radar,0,0,55,0,55,0,8,267,0,275,0,8,322,0,330,451,0,451,781
10/30/2022,MYF,CA,AWP,WE,Towers with Radar,0,1,55,0,56,0,4,295,0,299,0,5,350,0,355,394,0,394,749
10/31/2022,MYF,CA,AWP,WE,Towers with Radar,0,2,67,1,70,0,10,227,1,238,0,12,294,2,308,661,0,661,969
11/01/2022,MYF,CA,AWP,WE,Towers with Radar,0,3,72,2,77,2,11,123,2,138,2,14,195,4,215,730,0,730,945
11/02/2022,MYF,CA,AWP,WE,Towers with Radar,0,4,76,3,83,0,6,90,2,98,0,10,166,5,181,644,0,644,825
11/03/2022,MYF,CA,AWP,WE,Towers with Radar,0,5,41,2,48,0,2,75,0,77,0,7,116,2,125,240,0,240,365
11/04/2022,MYF,CA,AWP,WE,Towers with Radar,0,0,45,0,45,0,5,164,0,169,0,5,209,0,214,241,0,241,455
11/05/2022,MYF,CA,AWP,WE,Towers with Radar,0,3,28,0,31,0,6,246,2,254,0,9,274,2,285,301,0,301,586
11/06/2022,MYF,CA,AWP,WE,Towers with Radar,0,6,59,0,65,0,12,295,2,309,0,18,354,2,374,463,0,463,837
11/07/2022,MYF,CA,AWP,WE,Towers with Radar,0,12,65,3,80,0,3,44,0,47,0,15,109,3,127,409,0,409,536
11/08/2022,MYF,CA,AWP,WE,Towers with Radar,0,0,13,2,15,0,0,10,2,12,0,0,23,4,27,78,0,78,105
11/09/2022,MYF,CA,AWP,WE,Towers with Radar,0,8,62,2,72,0,12,253,6,271,0,20,315,8,343,855,0,855,1198
11/10/2022,MYF,CA,AWP,WE,Towers with Radar,0,4,83,3,90,0,17,468,19,504,0,21,551,22,594,550,0,550,1144
11/11/2022,MYF,CA,AWP,WE,Towers with Radar,0,2,63,0,65,0,11,362,1,374,0,13,425,1,439,546,0,546,985
11/12/2022,MYF,CA,AWP,WE,Towers with Radar,0,4,56,0,60,0,16,353,0,369,0,20,409,0,429,370,0,370,799
11/13/2022,MYF,CA,AWP,WE,Towers with Radar,0,2,66,2,70,0,5,210,2,217,0,7,276,4,287,567,0,567,854
11/14/2022,MYF,CA,AWP,WE,Towers with Radar,0,9,66,2,77,0,18,291,5,314,0,27,357,7,391,620,0,620,1011
11/15/2022,MYF,CA,AWP,WE,Towers with Radar,0,7,60,2,69,0,23,309,6,338,0,30,369,8,407,571,0,571,978
11/16/2022,MYF,CA,AWP,WE,Towers with Radar,0,1,29,2,32,0,9,137,11,157,0,10,166,13,189,375,0,375,564
11/17/2022,MYF,CA,AWP,WE,Towers with Radar,0,1,77,3,81,0,17,328,6,351,0,18,405,9,432,755,0,755,1187
11/18/2022,MYF,CA,AWP,WE,Towers with Radar,0,2,57,3,62,0,24,350,2,376,0,26,407,5,438,765,0,765,1203
11/19/2022,MYF,CA,AWP,WE,Towers with Radar,0,13,44,0,57,0,23,314,0,337,0,36,358,0,394,599,0,599,993
11/20/2022,MYF,CA,AWP,WE,Towers with Radar,0,6,53,0,59,0,18,252,2,272,0,24,305,2,331,377,0,377,708
11/21/2022,MYF,CA,AWP,WE,Towers with Radar,0,8,59,1,68,0,23,314,2,339,0,31,373,3,407,627,0,627,1034
11/22/2022,MYF,CA,AWP,WE,Towers with Radar,0,9,62,1,72,0,14,324,1,339,0,23,386,2,411,497,0,497,908
11/23/2022,MYF,CA,AWP,WE,Towers with Radar,0,1,55,2,58,0,10,288,1,299,0,11,343,3,357,391,0,391,748
11/24/2022,MYF,CA,AWP,WE,Towers with Radar,0,1,13,0,14,0,9,43,0,52,0,10,56,0,66,54,0,54,120
11/25/2022,MYF,CA,AWP,WE,Towers with Radar,0,4,25,0,29,0,21,193,2,216,0,25,218,2,245,172,0,172,417
11/26/2022,MYF,CA,AWP,WE,Towers with Radar,0,4,44,0,48,0,9,245,2,256,0,13,289,2,304,238,0,238,542
11/27/2022,MYF,CA,AWP,WE,Towers with Radar,0,2,59,0,61,0,3,234,1,238,0,5,293,1,299,418,0,418,717
11/28/2022,MYF,CA,AWP,WE,Towers with Radar,0,6,95,4,105,0,20,68,2,90,0,26,163,6,195,423,0,423,618
11/29/2022,MYF,CA,AWP,WE,Towers with Radar,0,3,79,2,84,0,5,170,4,179,0,8,249,6,263,704,0,704,967
11/30/2022,MYF,CA,AWP,WE,Towers with Radar,0,1,121,5,127,0,4,130,2,136,0,5,251,7,263,731,0,731,994
12/01/2022,MYF,CA,AWP,WE,Towers with Radar,0,2,75,4,81,0,23,157,2,182,0,25,232,6,263,711,0,711,974
12/02/2022,MYF,CA,AWP,WE,Towers with Radar,0,2,82,0,84,0,14,241,2,257,0,16,323,2,341,458,0,458,799
12/03/2022,MYF,CA,AWP,WE,Towers with Radar,0,3,58,0,61,0,2,246,0,248,0,5,304,0,309,531,0,531,840
12/04/2022,MYF,CA,AWP,WE,Towers with Radar,0,2,49,1,52,0,12,231,1,244,0,14,280,2,296,561,0,561,857
12/05/2022,MYF,CA,AWP,WE,Towers with Radar,0,3,67,1,71,0,8,143,6,157,0,11,210,7,228,740,0,740,968
12/06/2022,MYF,CA,AWP,WE,Towers with Radar,0,7,58,7,72,0,8,130,0,138,0,15,188,7,210,841,1,842,1052
12/07/2022,MYF,CA,AWP,WE,Towers with Radar,0,6,53,3,62,0,8,237,6,251,0,14,290,9,313,639,0,639,952
12/08/2022,MYF,CA,AWP,WE,Towers with Radar,0,6,76,2,84,0,12,320,9,341,0,18,396,11,425,476,0,476,901
12/09/2022,MYF,CA,AWP,WE,Towers with Radar,0,3,80,1,84,0,5,299,2,306,0,8,379,3,390,545,0,545,935
12/10/2022,MYF,CA,AWP,WE,Towers with Radar,0,4,55,0,59,0,11,341,0,352,0,15,396,0,411,123,0,123,534
12/11/2022,MYF,CA,AWP,WE,Towers with Radar,0,3,21,1,25,0,0,12,0,12,0,3,33,1,37,46,0,46,83
12/12/2022,MYF,CA,AWP,WE,Towers with Radar,0,3,28,0,31,0,8,29,1,38,0,11,57,1,69,274,0,274,343
12/13/2022,MYF,CA,AWP,WE,Towers with Radar,0,0,65,1,66,0,12,276,4,292,0,12,341,5,358,766,0,766,1124
12/14/2022,MYF,CA,AWP,WE,Towers with Radar,0,4,61,3,68,0,4,315,2,321,0,8,376,5,389,661,0,661,1050
12/15/2022,MYF,CA,AWP,WE,Towers with Radar,0,9,86,1,96,0,16,243,3,262,0,25,329,4,358,577,0,577,935
12/16/2022,MYF,CA,AWP,WE,Towers with Radar,0,3,71,1,75,0,9,298,3,310,0,12,369,4,385,574,0,574,959
12/17/2022,MYF,CA,AWP,WE,Towers with Radar,0,3,43,0,46,0,4,250,3,257,0,7,293,3,303,481,0,481,784
12/18/2022,MYF,CA,AWP,WE,Towers with Radar,0,0,34,0,34,0,23,224,0,247,0,23,258,0,281,477,0,477,758
12/19/2022,MYF,CA,AWP,WE,Towers with Radar,0,4,66,1,71,0,18,251,3,272,0,22,317,4,343,508,0,508,851
12/20/2022,MYF,CA,AWP,WE,Towers with Radar,0,2,43,2,47,0,6,249,3,258,0,8,292,5,305,659,0,659,964
12/21/2022,MYF,CA,AWP,WE,Towers with Radar,0,1,57,2,60,0,12,251,8,271,0,13,308,10,331,561,0,561,892
12/22/2022,MYF,CA,AWP,WE,Towers with Radar,0,5,51,0,56,0,16,270,3,289,0,21,321,3,345,481,0,481,826
12/23/2022,MYF,CA,AWP,WE,Towers with Radar,0,8,34,0,42,0,7,268,0,275,0,15,302,0,317,593,0,593,910
12/24/2022,MYF,CA,AWP,WE,Towers with Radar,0,1,24,0,25,0,2,141,0,143,0,3,165,0,168,281,0,281,449
12/25/2022,MYF,CA,AWP,WE,Towers with Radar,0,1,13,0,14,0,3,89,2,94,0,4,102,2,108,231,0,231,339
12/26/2022,MYF,CA,AWP,WE,Towers with Radar,0,5,46,0,51,0,2,214,0,216,0,7,260,0,267,296,0,296,563
12/27/2022,MYF,CA,AWP,WE,Towers with Radar,0,1,48,1,50,0,8,174,1,183,0,9,222,2,233,402,0,402,635
12/28/2022,MYF,CA,AWP,WE,Towers with Radar,0,2,51,0,53,0,4,62,1,67,0,6,113,1,120,362,0,362,482
12/29/2022,MYF,CA,AWP,WE,Towers with Radar,0,1,48,1,50,0,0,64,1,65,0,1,112,2,115,615,0,615,730
12/30/2022,MYF,CA,AWP,WE,Towers with Radar,0,2,98,0,100,0,6,18,0,24,0,8,116,0,124,168,0,168,292
12/31/2022,MYF,CA,AWP,WE,Towers with Radar,0,6,48,0,54,0,2,22,0,24,0,8,70,0,78,77,0,77,155
01/01/2023,MYF,CA,AWP,WE,Towers with Radar,0,1,16,0,17,0,0,10,1,11,0,1,26,1,28,56,0,56,84
01/02/2023,MYF,CA,AWP,WE,Towers with Radar,0,1,41,0,42,0,0,60,0,60,0,1,101,0,102,533,0,533,635
01/03/2023,MYF,CA,AWP,WE,Towers with Radar,0,4,35,0,39,0,0,3,0,3,0,4,38,0,42,18,0,18,60
01/04/2023,MYF,CA,AWP,WE,Towers with Radar,0,4,48,2,54,0,1,33,1,35,0,5,81,3,89,402,0,402,491
01/05/2023,MYF,CA,AWP,WE,Towers with Radar,0,3,30,0,33,0,0,9,0,9,0,3,39,0,42,18,0,18,60
01/06/2023,MYF,CA,AWP,WE,Towers with Radar,0,2,78,0,80,0,7,333,0,340,0,9,411,0,420,522,11,533,953
01/07/2023,MYF,CA,AWP,WE,Towers with Radar,0,2,63,0,65,0,14,345,0,359,0,16,408,0,424,417,0,417,841
01/08/2023,MYF,CA,AWP,WE,Towers with Radar,0,4,68,0,72,0,1,301,0,302,0,5,369,0,374,468,0,468,842
01/09/2023,MYF,CA,AWP,WE,Towers with Radar,0,7,45,1,53,0,16,216,2,234,0,23,261,3,287,724,0,724,1011
01/10/2023,MYF,CA,AWP,WE,Towers with Radar,0,0,13,0,13,0,0,8,0,8,0,0,21,0,21,13,0,13,34
01/11/2023,MYF,CA,AWP,WE,Towers with Radar,0,1,77,2,80,0,16,313,5,334,0,17,390,7,414,748,2,750,1164
01/12/2023,MYF,CA,AWP,WE,Towers with Radar,0,3,95,2,100,0,2,356,6,364,0,5,451,8,464,660,0,660,1124
01/13/2023,MYF,CA,AWP,WE,Towers with Radar,0,2,79,2,83,0,0,345,2,347,0,2,424,4,430,468,0,468,898
01/14/2023,MYF,CA,AWP,WE,Towers with Radar,0,5,24,1,30,0,1,49,0,50,0,6,73,1,80,214,0,214,294
01/15/2023,MYF,CA,AWP,WE,Towers with Radar,0,4,16,0,20,0,2,28,0,30,0,6,44,0,50,164,0,164,214
01/16/2023,MYF,CA,AWP,WE,Towers with Radar,0,0,21,1,22,0,1,21,1,23,0,1,42,2,45,114,0,114,159
01/17/2023,MYF,CA,AWP,WE,Towers with Radar,0,1,39,2,42,0,14,56,1,71,0,15,95,3,113,554,0,554,667
01/18/2023,MYF,CA,AWP,WE,Towers with Radar,0,6,89,0,95,0,6,356,1,363,0,12,445,1,458,636,0,636,1094
01/19/2023,MYF,CA,AWP,WE,Towers with Radar,0,2,72,1,75,0,12,240,4,256,0,14,312,5,331,657,0,657,988
01/20/2023,MYF,CA,AWP,WE,Towers with Radar,0,4,81,0,85,0,12,416,4,432,0,16,497,4,517,781,0,781,1298
01/21/2023,MYF,CA,AWP,WE,Towers with Radar,0,4,59,0,63,0,5,401,1,407,0,9,460,1,470,410,0,410,880
01/22/2023,MYF,CA,AWP,WE,Towers with Radar,0,0,56,1,57,0,11,249,1,261,0,11,305,2,318,385,0,385,703
01/23/2023,MYF,CA,AWP,WE,Towers with Radar,0,2,40,0,42,0,15,209,2,226,0,17,249,2,268,691,0,691,959
01/24/2023,MYF,CA,AWP,WE,Towers with Radar,0,2,66,1,69,0,2,363,5,370,0,4,429,6,439,558,0,558,997
01/25/2023,MYF,CA,AWP,WE,Towers with Radar,0,10,73,2,85,0,13,338,6,357,0,23,411,8,442,689,0,689,1131
01/26/2023,MYF,CA,AWP,WE,Towers with Radar,0,0,19,0,19,0,3,61,8,72,0,3,80,8,91,130,0,130,221
01/27/2023,MYF,CA,AWP,WE,Towers with Radar,0,7,56,2,65,0,11,444,2,457,0,18,500,4,522,675,0,675,1197
01/28/2023,MYF,CA,AWP,WE,Towers with Radar,0,7,83,0,90,0,5,265,0,270,0,12,348,0,360,699,0,699,1059
01/29/2023,MYF,CA,AWP,WE,Towers with Radar,0,3,32,0,35,0,2,16,0,18,0,5,48,0,53,199,0,199,252
01/30/2023,MYF,CA,AWP,WE,Towers with Radar,0,1,32,1,34,0,0,16,1,17,0,1,48,2,51,90,0,90,141
01/31/2023,MYF,CA,AWP,WE,Towers with Radar,0,2,56,2,60,0,6,335,3,344,0,8,391,5,404,635,0,635,1039
02/01/2023,MYF,CA,AWP,WE,Towers with Radar,0,11,72,1,84,0,5,371,1,377,0,16,443,2,461,736,0,736,1197
02/02/2023,MYF,CA,AWP,WE,Towers with Radar,0,7,77,1,85,0,10,369,2,381,0,17,446,3,466,516,0,516,982
02/03/2023,MYF,CA,AWP,WE,Towers with Radar,0,11,85,0,96,0,11,394,0,405,0,22,479,0,501,710,0,710,1211
02/04/2023,MYF,CA,AWP,WE,Towers with Radar,0,9,60,0,69,0,4,424,0,428,0,13,484,0,497,530,0,530,1027
02/05/2023,MYF,CA,AWP,WE,Towers with Radar,0,11,75,0,86,0,3,87,0,90,0,14,162,0,176,188,0,188,364
02/06/2023,MYF,CA,AWP,WE,Towers with Radar,0,3,57,1,61,0,10,250,3,263,0,13,307,4,324,612,0,612,936
02/07/2023,MYF,CA,AWP,WE,Towers with Radar,0,4,63,2,69,0,15,339,4,358,0,19,402,6,427,583,0,583,1010
02/08/2023,MYF,CA,AWP,WE,Towers with Radar,0,1,78,1,80,0,18,338,4,360,0,19,416,5,440,779,0,779,1219
02/09/2023,MYF,CA,AWP,WE,Towers with Radar,0,4,72,1,77,0,4,318,5,327,0,8,390,6,404,511,0,511,915
02/10/2023,MYF,CA,AWP,WE,Towers with Radar,0,0,86,3,89,0,18,345,7,370,0,18,431,10,459,595,0,595,1054
02/11/2023,MYF,CA,AWP,WE,Towers with Radar,0,4,68,0,72,0,6,119,0,125,0,10,187,0,197,386,0,386,583
02/12/2023,MYF,CA,AWP,WE,Towers with Radar,0,5,29,0,34,0,3,159,0,162,0,8,188,0,196,564,0,564,760
02/13/2023,MYF,CA,AWP,WE,Towers with Radar,0,0,63,2,65,0,1,165,0,166,0,1,228,2,231,784,0,784,1015
02/14/2023,MYF,CA,AWP,WE,Towers with Radar,0,0,26,4,30,0,0,14,2,16,0,0,40,6,46,91,4,95,141
02/15/2023,MYF,CA,AWP,WE,Towers with Radar,0,3,85,2,90,0,6,318,7,331,0,9,403,9,421,684,12,696,1117
02/16/2023,MYF,CA,AWP,WE,Towers with Radar,0,6,51,0,57,0,7,170,3,180,0,13,221,3,237,244,0,244,481
02/17/2023,MYF,CA,AWP,WE,Towers with Radar,0,4,83,0,87,0,2,312,2,316,0,6,395,2,403,680,0,680,1083
02/18/2023,MYF,CA,AWP,WE,Towers with Radar,0,6,60,0,66,0,18,311,1,330,0,24,371,1,396,380,0,380,776
02/19/2023,MYF,CA,AWP,WE,Towers with Radar,0,1,46,0,47,0,13,277,0,290,0,14,323,0,337,592,0,592,929
02/20/2023,MYF,CA,AWP,WE,Towers with Radar,0,4,69,0,73,0,6,366,3,375,0,10,435,3,448,621,0,621,1069
02/21/2023,MYF,CA,AWP,WE,Towers with Radar,0,2,52,1,55,0,7,123,2,132,0,9,175,3,187,221,0,221,408
02/22/2023,MYF,CA,AWP,WE,Towers with Radar,0,0,16,4,20,0,0,14,3,17,0,0,30,7,37,30,0,30,67
02/23/2023,MYF,CA,AWP,WE,Towers with Radar,0,0,20,2,22,0,3,13,2,18,0,3,33,4,40,144,0,144,184
02/24/2023,MYF,CA,AWP,WE,Towers with Radar,0,6,11,0,17,0,6,25,0,31,0,12,36,0,48,94,0,94,142
02/25/2023,MYF,CA,AWP,WE,Towers with Radar,0,4,7,0,11,0,2,15,0,17,0,6,22,0,28,39,0,39,67
02/26/2023,MYF,CA,AWP,WE,Towers with Radar,0,1,32,0,33,0,5,137,0,142,0,6,169,0,175,742,0,742,917
02/27/2023,MYF,CA,AWP,WE,Towers with Radar,0,4,55,3,62,0,0,202,1,203,0,4,257,4,265,801,1,802,1067
02/28/2023,MYF,CA,AWP,WE,Towers with Radar,0,0,40,3,43,0,3,59,2,64,0,3,99,5,107,746,0,746,853
03/01/2023,MYF,CA,AWP,WE,Towers with Radar,0,0,18,0,18,0,5,15,1,21,0,5,33,1,39,10,0,10,49
03/02/2023,MYF,CA,AWP,WE,Towers with Radar,0,6,70,1,77,0,17,434,5,456,0,23,504,6,533,686,6,692,1225
03/03/2023,MYF,CA,AWP,WE,Towers with Radar,0,5,78,0,83,0,11,428,3,442,0,16,506,3,525,540,2,542,1067
03/04/2023,MYF,CA,AWP,WE,Towers with Radar,0,13,84,0,97,0,3,93,0,96,0,16,177,0,193,704,0,704,897
03/05/2023,MYF,CA,AWP,WE,Towers with Radar,0,3,46,0,49,0,4,185,0,189,0,7,231,0,238,793,1,794,1032
03/06/2023,MYF,CA,AWP,WE,Towers with Radar,0,7,74,2,83,0,6,220,3,229,0,13,294,5,312,833,0,833,1145
03/07/2023,MYF,CA,AWP,WE,Towers with Radar,0,11,75,1,87,0,7,359,3,369,0,18,434,4,456,858,0,858,1314
03/08/2023,MYF,CA,AWP,WE,Towers with Radar,0,8,83,2,93,0,7,291,7,305,0,15,374,9,398,565,0,565,963
03/09/2023,MYF,CA,AWP,WE,Towers with Radar,0,9,91,1,101,0,12,374,5,391,0,21,465,6,492,742,0,742,1234
03/10/2023,MYF,CA,AWP,WE,Towers with Radar,0,0,63,2,65,0,0,50,2,52,0,0,113,4,117,511,0,511,628
03/11/2023,MYF,CA,AWP,WE,Towers with Radar,0,0,34,0,34,0,0,9,0,9,0,0,43,0,43,67,0,67,110
03/12/2023,MYF,CA,AWP,WE,Towers with Radar,0,1,77,0,78,0,3,46,1,50,0,4,123,1,128,207,0,207,335
03/13/2023,MYF,CA,AWP,WE,Towers with Radar,0,1,16,1,18,0,5,17,1,23,0,6,33,2,41,0,0,0,41
03/14/2023,MYF,CA,AWP,WE,Towers with Radar,0,1,31,0,32,0,2,44,0,46,0,3,75,0,78,215,0,215,293
03/15/2023,MYF,CA,AWP,WE,Towers with Radar,0,0,21,3,24,0,0,1,0,1,0,0,22,3,25,0,0,0,25
03/16/2023,MYF,CA,AWP,WE,Towers with Radar,0,11,121,2,134,0,2,192,1,195,0,13,313,3,329,878,0,878,1207
03/17/2023,MYF,CA,AWP,WE,Towers with Radar,0,12,74,0,86,0,11,340,4,355,0,23,414,4,441,415,0,415,856
03/18/2023,MYF,CA,AWP,WE,Towers with Radar,0,14,52,0,66,0,9,332,0,341,0,23,384,0,407,665,0,665,1072
03/19/2023,MYF,CA,AWP,WE,Towers with Radar,0,6,55,0,61,0,2,164,1,167,0,8,219,1,228,529,0,529,757
03/20/2023,MYF,CA,AWP,WE,Towers with Radar,0,4,55,1,60,0,1,18,1,20,0,5,73,2,80,206,0,206,286
03/21/2023,MYF,CA,AWP,WE,Towers with Radar,0,1,13,0,14,0,0,5,0,5,0,1,18,0,19,30,0,30,49
03/22/2023,MYF,CA,AWP,WE,Towers with Radar,0,1,47,2,50,0,4,104,5,113,0,5,151,7,163,286,0,286,449
03/23/2023,MYF,CA,AWP,WE,Towers with Radar,0,3,51,4,58,0,8,54,1,63,0,11,105,5,121,326,0,326,447
03/24/2023,MYF,CA,AWP,WE,Towers with Radar,0,10,105,2,117,0,15,373,0,388,0,25,478,2,505,786,0,786,1291
03/25/2023,MYF,CA,AWP,WE,Towers with Radar,0,20,75,0,95,0,6,294,0,300,0,26,369,0,395,584,0,584,979
03/26/2023,MYF,CA,AWP,WE,Towers with Radar,0,5,50,1,56,0,13,355,0,368,0,18,405,1,424,460,0,460,884
03/27/2023,MYF,CA,AWP,WE,Towers with Radar,0,7,72,0,79,0,15,356,5,376,0,22,428,5,455,775,0,775,1230
03/28/2023,MYF,CA,AWP,WE,Towers with Radar,0,12,61,1,74,0,13,398,6,417,0,25,459,7,491,751,0,751,1242
03/29/2023,MYF,CA,AWP,WE,Towers with Radar,0,0,35,2,37,0,3,14,3,20,0,3,49,5,57,71,0,71,128
03/30/2023,MYF,CA,AWP,WE,Towers with Radar,0,0,29,0,29,0,2,45,2,49,0,2,74,2,78,142,0,142,220
03/31/2023,MYF,CA,AWP,WE,Towers with Radar,0,9,95,1,105,0,21,355,0,376,0,30,450,1,481,779,0,779,1260
04/01/2023,MYF,CA,AWP,WE,Towers with Radar,0,23,61,0,84,0,10,385,2,397,0,33,446,2,481,433,0,433,914
04/02/2023,MYF,CA,AWP,WE,Towers with Radar,0,5,69,1,75,0,0,231,0,231,0,5,300,1,306,335,0,335,641
04/03/2023,MYF,CA,AWP,WE,Towers with Radar,0,6,30,2,38,0,9,63,1,73,0,15,93,3,111,193,0,193,304
04/04/2023,MYF,CA,AWP,WE,Towers with Radar,0,4,60,1,65,0,17,298,6,321,0,21,358,7,386,419,0,419,805
04/05/2023,MYF,CA,AWP,WE,Towers with Radar,0,12,66,0,78,0,8,363,0,371,0,20,429,0,449,608,2,610,1059
04/06/2023,MYF,CA,AWP,WE,Towers with Radar,0,10,61,1,72,0,17,365,2,384,0,27,426,3,456,591,0,591,1047
04/07/2023,MYF,CA,AWP,WE,Towers with Radar,0,10,58,1,69,0,15,352,5,372,0,25,410,6,441,701,0,701,1142
04/08/2023,MYF,CA,AWP,WE,Towers with Radar,0,12,51,0,63,0,14,293,2,309,0,26,344,2,372,476,0,476,848
04/09/2023,MYF,CA,AWP,WE,Towers with Radar,0,8,47,0,55,0,12,165,0,177,0,20,212,0,232,334,0,334,566
04/10/2023,MYF,CA,AWP,WE,Towers with Radar,0,9,64,2,75,0,5,202,4,211,0,14,266,6,286,480,0,480,766
04/11/2023,MYF,CA,AWP,WE,Towers with Radar,0,7,52,3,62,0,6,196,3,205,0,13,248,6,267,597,0,597,864
04/12/2023,MYF,CA,AWP,WE,Towers with Radar,0,8,118,5,131,0,5,11,2,18,0,13,129,7,149,22,0,22,171
04/13/2023,MYF,CA,AWP,WE,Towers with Radar,0,14,107,3,124,0,0,66,1,67,0,14,173,4,191,358,0,358,549
04/14/2023,MYF,CA,AWP,WE,Towers with Radar,0,16,94,2,112,0,8,220,6,234,0,24,314,8,346,955,0,955,1301
04/15/2023,MYF,CA,AWP,WE,Towers with Radar,0,8,70,1,79,0,6,330,2,338,0,14,400,3,417,663,0,663,1080
04/16/2023,MYF,CA,AWP,WE,Towers with Radar,0,5,114,0,119,0,7,23,0,30,0,12,137,0,149,14,0,14,163
04/17/2023,MYF,CA,AWP,WE,Towers with Radar,0,4,95,6,105,0,2,23,0,25,0,6,118,6,130,307,0,307,437
04/18/2023,MYF,CA,AWP,WE,Towers with Radar,0,8,105,5,118,0,15,133,9,157,0,23,238,14,275,698,0,698,973
04/19/2023,MYF,CA,AWP,WE,Towers with Radar,0,13,76,1,90,0,24,322,4,350,0,37,398,5,440,797,0,797,1237
04/20/2023,MYF,CA,AWP,WE,Towers with Radar,0,9,79,2,90,0,27,388,7,422,0,36,467,9,512,630,0,630,1142
04/21/2023,MYF,CA,AWP,WE,Towers with Radar,0,8,58,1,67,0,29,462,3,494,0,37,520,4,561,507,0,507,1068
04/22/2023,MYF,CA,AWP,WE,Towers with Radar,0,8,47,0,55,0,12,339,1,352,0,20,386,1,407,697,0,697,1104
04/23/2023,MYF,CA,AWP,WE,Towers with Radar,0,13,48,0,61,0,10,205,1,216,0,23,253,1,277,404,0,404,681
04/24/2023,MYF,CA,AWP,WE,Towers with Radar,0,2,101,1,104,0,13,227,1,241,0,15,328,2,345,640,0,640,985
04/25/2023,MYF,CA,AWP,WE,Towers with Radar,0,13,110,3,126,0,5,91,4,100,0,18,201,7,226,776,0,776,1002
04/26/2023,MYF,CA,AWP,WE,Towers with Radar,0,2,102,2,106,0,13,213,8,234,0,15,315,10,340,452,0,452,792
04/27/2023,MYF,CA,AWP,WE,Towers with Radar,0,3,67,4,74,0,12,263,3,278,0,15,330,7,352,476,0,476,828
04/28/2023,MYF,CA,AWP,WE,Towers with Radar,0,18,60,1,79,0,16,258,0,274,0,34,318,1,353,479,0,479,832
04/29/2023,MYF,CA,AWP,WE,Towers with Radar,0,12,73,0,85,0,3,237,2,242,0,15,310,2,327,381,0,381,708
04/30/2023,MYF,CA,AWP,WE,Towers with Radar,0,15,89,1,105,0,3,49,0,52,0,18,138,1,157,83,0,83,240
05/01/2023,MYF,CA,AWP,WE,Towers with Radar,0,11,87,2,100,0,7,74,0,81,0,18,161,2,181,953,0,953,1134
05/02/2023,MYF,CA,AWP,WE,Towers with Radar,0,12,93,3,108,0,9,224,2,235,0,21,317,5,343,981,0,981,1324
05/03/2023,MYF,CA,AWP,WE,Towers with Radar,0,6,73,1,80,0,15,268,1,284,0,21,341,2,364,1049,0,1049,1413
05/04/2023,MYF,CA,AWP,WE,Towers with Radar,0,6,55,1,62,0,2,77,1,80,0,8,132,2,142,414,0,414,556
05/05/2023,MYF,CA,AWP,WE,Towers with Radar,0,7,82,0,89,0,5,198,0,203,0,12,280,0,292,938,0,938,1230
05/06/2023,MYF,CA,AWP,WE,Towers with Radar,0,5,45,1,51,0,28,369,0,397,0,33,414,1,448,541,0,541,989
05/07/2023,MYF,CA,AWP,WE,Towers with Radar,0,7,71,0,78,0,6,310,1,317,0,13,381,1,395,669,0,669,1064
05/08/2023,MYF,CA,AWP,WE,Towers with Radar,0,6,72,2,80,0,11,269,3,283,0,17,341,5,363,655,0,655,1018
05/09/2023,MYF,CA,AWP,WE,Towers with Radar,0,5,88,3,96,0,15,263,4,282,0,20,351,7,378,739,0,739,1117
05/10/2023,MYF,CA,AWP,WE,Towers with Radar,0,6,88,3,97,0,9,200,6,215,0,15,288,9,312,1088,0,1088,1400
05/11/2023,MYF,CA,AWP,WE,Towers with Radar,0,11,89,2,102,0,20,286,7,313,0,31,375,9,415,850,0,850,1265
05/12/2023,MYF,CA,AWP,WE,Towers with Radar,0,9,103,0,112,0,6,164,1,171,0,15,267,1,283,676,0,676,959
05/13/2023,MYF,CA,AWP,WE,Towers with Radar,0,8,91,3,102,0,8,128,3,139,0,16,219,6,241,203,0,203,444
05/14/2023,MYF,CA,AWP,WE,Towers with Radar,0,10,73,2,85,0,7,83,0,90,0,17,156,2,175,170,0,170,345
05/15/2023,MYF,CA,AWP,WE,Towers with Radar,0,9,113,4,126,0,4,130,1,135,0,13,243,5,261,513,4,517,778
05/16/2023,MYF,CA,AWP,WE,Towers with Radar,0,8,77,2,87,0,12,247,1,260,0,20,324,3,347,551,0,551,898
05/17/2023,MYF,CA,AWP,WE,Towers with Radar,0,5,102,1,108,0,3,62,0,65,0,8,164,1,173,129,0,129,302
05/18/2023,MYF,CA,AWP,WE,Towers with Radar,0,2,71,2,75,0,8,90,3,101,0,10,161,5,176,538,0,538,714
05/19/2023,MYF,CA,AWP,WE,Towers with Radar,0,7,117,0,124,0,6,141,0,147,0,13,258,0,271,608,0,608,879
05/20/2023,MYF,CA,AWP,WE,Towers with Radar,0,14,93,2,109,0,16,114,2,132,0,30,207,4,241,442,0,442,683
05/21/2023,MYF,CA,AWP,WE,Towers with Radar,0,9,70,0,79,0,4,146,0,150,0,13,216,0,229,402,0,402,631
05/22/2023,MYF,CA,AWP,WE,Towers with Radar,0,11,137,2,150,0,4,26,1,31,0,15,163,3,181,62,0,62,243
05/23/2023,MYF,CA,AWP,WE,Towers with Radar,0,8,119,3,130,0,5,12,0,17,0,13,131,3,147,245,0,245,392
05/24/2023,MYF,CA,AWP,WE,Towers with Radar,0,11,113,3,127,0,7,74,2,83,0,18,187,5,210,982,0,982,1192
05/25/2023,MYF,CA,AWP,WE,Towers with Radar,0,20,105,3,128,0,6,287,1,294,0,26,392,4,422,890,0,890,1312
05/26/2023,MYF,CA,AWP,WE,Towers with Radar,0,9,107,0,116,0,10,308,3,321,0,19,415,3,437,907,0,907,1344
05/27/2023,MYF,CA,AWP,WE,Towers with Radar,0,4,99,0,103,0,11,110,0,121,0,15,209,0,224,801,0,801,1025
05/28/2023,MYF,CA,AWP,WE,Towers with Radar,0,4,78,1,83,0,6,67,0,73,0,10,145,1,156,776,0,776,932
05/29/2023,MYF,CA,AWP,WE,Towers with Radar,0,11,90,0,101,0,2,31,0,33,0,13,121,0,134,345,0,345,479
05/30/2023,MYF,CA,AWP,WE,Towers with Radar,0,8,116,2,126,0,2,81,0,83,0,10,197,2,209,1076,0,1076,1285
05/31/2023,MYF,CA,AWP,WE,Towers with Radar,0,12,86,1,99,0,10,148,1,159,0,22,234,2,258,1174,0,1174,1432
06/01/2023,MYF,CA,AWP,WE,Towers with Radar,0,11,124,4,139,0,3,58,0,61,0,14,182,4,200,458,0,458,658
06/02/2023,MYF,CA,AWP,WE,Towers with Radar,0,9,91,2,102,0,23,190,1,214,0,32,281,3,316,759,0,759,1075
06/03/2023,MYF,CA,AWP,WE,Towers with Radar,0,7,103,0,110,0,10,107,2,119,0,17,210,2,229,418,0,418,647
06/04/2023,MYF,CA,AWP,WE,Towers with Radar,0,10,98,3,111,0,14,212,1,227,0,24,310,4,338,508,0,508,846
06/05/2023,MYF,CA,AWP,WE,Towers with Radar,0,17,110,1,128,0,10,98,1,109,0,27,208,2,237,783,0,783,1020
06/06/2023,MYF,CA,AWP,WE,Towers with Radar,0,11,96,5,112,0,15,180,2,197,0,26,276,7,309,792,0,792,1101
06/07/2023,MYF,CA,AWP,WE,Towers with Radar,0,15,93,6,114,0,10,205,6,221,0,25,298,12,335,768,0,768,1103
06/08/2023,MYF,CA,AWP,WE,Towers with Radar,0,7,103,3,113,0,4,242,1,247,0,11,345,4,360,760,0,760,1120
06/09/2023,MYF,CA,AWP,WE,Towers with Radar,0,11,120,3,134,0,4,100,0,104,0,15,220,3,238,783,0,783,1021
06/10/2023,MYF,CA,AWP,WE,Towers with Radar,0,8,99,2,109,0,2,29,0,31,0,10,128,2,140,248,0,248,388
06/11/2023,MYF,CA,AWP,WE,Towers with Radar,0,4,89,3,96,0,0,18,1,19,0,4,107,4,115,114,0,114,229
06/12/2023,MYF,CA,AWP,WE,Towers with Radar,0,8,98,4,110,0,1,41,2,44,0,9,139,6,154,739,0,739,893
06/13/2023,MYF,CA,AWP,WE,Towers with Radar,0,4,94,4,102,0,9,80,4,93,0,13,174,8,195,636,0,636,831
06/14/2023,MYF,CA,AWP,WE,Towers with Radar,0,4,106,3,113,0,12,136,1,149,0,16,242,4,262,656,0,656,918
06/15/2023,MYF,CA,AWP,WE,Towers with Radar,0,9,104,6,119,0,12,201,3,216,0,21,305,9,335,754,0,754,1089
06/16/2023,MYF,CA,AWP,WE,Towers with Radar,0,12,78,4,94,0,26,353,4,383,0,38,431,8,477,588,0,588,1065
06/17/2023,MYF,CA,AWP,WE,Towers with Radar,0,17,69,2,88,0,12,302,1,315,0,29,371,3,403,443,0,443,846
06/18/2023,MYF,CA,AWP,WE,Towers with Radar,0,10,61,3,74,0,10,159,1,170,0,20,220,4,244,271,0,271,515
06/19/2023,MYF,CA,AWP,WE,Towers with Radar,0,16,85,2,103,0,14,244,3,261,0,30,329,5,364,799,0,799,1163
06/20/2023,MYF,CA,AWP,WE,Towers with Radar,0,8,219,3,230,0,6,234,2,242,0,14,453,5,472,612,2,614,1086
06/21/2023,MYF,CA,AWP,WE,Towers with Radar,0,7,76,2,85,0,14,341,5,360,0,21,417,7,445,634,0,634,1079
06/22/2023,MYF,CA,AWP,WE,Towers with Radar,0,8,95,1,104,0,20,274,1,295,0,28,369,2,399,690,0,690,1089
06/23/2023,MYF,CA,AWP,WE,Towers with Radar,0,15,65,4,84,0,16,361,2,379,0,31,426,6,463,730,0,730,1193
06/24/2023,MYF,CA,AWP,WE,Towers with Radar,0,21,63,6,90,0,11,309,2,322,0,32,372,8,412,751,0,751,1163
06/25/2023,MYF,CA,AWP,WE,Towers with Radar,0,8,77,1,86,0,9,242,0,251,0,17,319,1,337,643,0,643,980
06/26/2023,MYF,CA,AWP,WE,Towers with Radar,0,7,56,2,65,0,9,296,3,308,0,16,352,5,373,598,2,600,973
06/27/2023,MYF,CA,AWP,WE,Towers with Radar,0,7,54,2,63,0,12,320,4,336,0,19,374,6,399,661,2,663,1062
06/28/2023,MYF,CA,AWP,WE,Towers with Radar,0,14,78,2,94,0,10,301,2,313,0,24,379,4,407,668,3,671,1078
06/29/2023,MYF,CA,AWP,WE,Towers with Radar,0,9,83,2,94,0,22,290,10,322,0,31,373,12,416,721,5,726,1142
06/30/2023,MYF,CA,AWP,WE,Towers with Radar,0,13,96,2,111,0,5,327,2,334,0,18,423,4,445,594,0,594,1039
07/01/2023,MYF,CA,AWP,WE,Towers with Radar,0,22,56,1,79,0,9,262,0,271,0,31,318,1,350,436,1,437,787
07/02/2023,MYF,CA,AWP,WE,Towers with Radar,0,9,54,0,63,0,9,184,0,193,0,18,238,0,256,499,0,499,755
07/03/2023,MYF,CA,AWP,WE,Towers with Radar,0,4,84,0,88,0,11,219,0,230,0,15,303,0,318,528,0,528,846
07/04/2023,MYF,CA,AWP,WE,Towers with Radar,0,9,18,0,27,0,7,141,0,148,0,16,159,0,175,389,0,389,564
07/05/2023,MYF,CA,AWP,WE,Towers with Radar,0,7,73,0,80,0,14,254,4,272,0,21,327,4,352,596,0,596,948
07/06/2023,MYF,CA,AWP,WE,Towers with Radar,0,2,74,3,79,0,14,302,4,320,0,16,376,7,399,616,0,616,1015
07/07/2023,MYF,CA,AWP,WE,Towers with Radar,0,10,64,0,74,0,9,303,1,313,0,19,367,1,387,711,0,711,1098
07/08/2023,MYF,CA,AWP,WE,Towers with Radar,0,12,60,0,72,0,15,270,1,286,0,27,330,1,358,612,0,612,970
07/09/2023,MYF,CA,AWP,WE,Towers with Radar,0,9,67,0,76,0,7,224,0,231,0,16,291,0,307,430,0,430,737
07/10/2023,MYF,CA,AWP,WE,Towers with Radar,0,8,65,0,73,0,19,295,2,316,0,27,360,2,389,631,0,631,1020
07/11/2023,MYF,CA,AWP,WE,Towers with Radar,0,6,46,1,53,0,26,338,3,367,0,32,384,4,420,747,5,752,1172
07/12/2023,MYF,CA,AWP,WE,Towers with Radar,0,14,69,2,85,0,20,317,4,341,0,34,386,6,426,836,0,836,1262
07/13/2023,MYF,CA,AWP,WE,Towers with Radar,0,11,70,1,82,0,20,343,4,367,0,31,413,5,449,606,0,606,1055
07/14/2023,MYF,CA,AWP,WE,Towers with Radar,0,16,70,2,88,0,22,321,3,346,0,38,391,5,434,741,0,741,1175
07/15/2023,MYF,CA,AWP,WE,Towers with Radar,0,7,60,0,67,0,13,316,1,330,0,20,376,1,397,608,0,608,1005
07/16/2023,MYF,CA,AWP,WE,Towers with Radar,0,4,57,0,61,0,14,232,2,248,0,18,289,2,309,523,0,523,832
07/17/2023,MYF,CA,AWP,WE,Towers with Radar,0,7,52,1,60,0,13,232,10,255,0,20,284,11,315,676,14,690,1005
07/18/2023,MYF,CA,AWP,WE,Towers with Radar,0,10,44,1,55,0,16,284,3,303,0,26,328,4,358,634,0,634,992
07/19/2023,MYF,CA,AWP,WE,Towers with Radar,0,8,62,1,71,0,15,330,4,349,0,23,392,5,420,914,0,914,1334
07/20/2023,MYF,CA,AWP,WE,Towers with Radar,0,11,49,0,60,0,10,313,5,328,0,21,362,5,388,782,0,782,1170
07/21/2023,MYF,CA,AWP,WE,Towers with Radar,0,14,91,1,106,0,7,264,2,273,0,21,355,3,379,523,0,523,902
07/22/2023,MYF,CA,AWP,WE,Towers with Radar,0,10,60,0,70,0,10,261,1,272,0,20,321,1,342,590,0,590,932
07/23/2023,MYF,CA,AWP,WE,Towers with Radar,0,6,47,0,53,0,7,111,0,118,0,13,158,0,171,434,0,434,605
07/24/2023,MYF,CA,AWP,WE,Towers with Radar,0,4,58,1,63,0,9,275,4,288,0,13,333,5,351,718,0,718,1069
07/25/2023,MYF,CA,AWP,WE,Towers with Radar,0,9,59,2,70,0,13,290,3,306,0,22,349,5,376,692,0,692,1068
07/26/2023,MYF,CA,AWP,WE,Towers with Radar,0,12,76,1,89,0,18,344,5,367,0,30,420,6,456,804,0,804,1260
07/27/2023,MYF,CA,AWP,WE,Towers with Radar,0,12,74,1,87,0,17,245,9,271,0,29,319,10,358,673,0,673,1031
07/28/2023,MYF,CA,AWP,WE,Towers with Radar,0,10,110,3,123,0,9,159,1,169,0,19,269,4,292,404,0,404,696
07/29/2023,MYF,CA,AWP,WE,Towers with Radar,0,8,56,1,65,0,12,267,0,279,0,20,323,1,344,525,0,525,869
07/30/2023,MYF,CA,AWP,WE,Towers with Radar,0,9,80,0,89,0,7,162,0,169,0,16,242,0,258,476,0,476,734
07/31/2023,MYF,CA,AWP,WE,Towers with Radar,0,4,38,2,44,0,7,156,2,165,0,11,194,4,209,854,0,854,1063
08/01/2023,MYF,CA,AWP,WE,Towers with Radar,0,10,58,2,70,0,3,297,3,303,0,13,355,5,373,796,0,796,1169
08/02/2023,MYF,CA,AWP,WE,Towers with Radar,0,13,75,2,90,0,11,305,2,318,0,24,380,4,408,670,0,670,1078
08/03/2023,MYF,CA,AWP,WE,Towers with Radar,0,6,61,4,71,0,12,291,6,309,0,18,352,10,380,699,0,699,1079
08/04/2023,MYF,CA,AWP,WE,Towers with Radar,0,19,45,1,65,0,19,352,1,372,0,38,397,2,437,693,0,693,1130
08/05/2023,MYF,CA,AWP,WE,Towers with Radar,0,9,57,0,66,0,18,295,0,313,0,27,352,0,379,461,0,461,840
08/06/2023,MYF,CA,AWP,WE,Towers with Radar,0,10,61,0,71,0,11,224,0,235,0,21,285,0,306,335,0,335,641
08/07/2023,MYF,CA,AWP,WE,Towers with Radar,0,14,58,1,73,0,9,291,4,304,0,23,349,5,377,625,0,625,1002
08/08/2023,MYF,CA,AWP,WE,Towers with Radar,0,6,58,1,65,0,13,309,4,326,0,19,367,5,391,748,0,748,1139
08/09/2023,MYF,CA,AWP,WE,Towers with Radar,0,10,76,2,88,0,10,287,3,300,0,20,363,5,388,798,0,798,1186
08/10/2023,MYF,CA,AWP,WE,Towers with Radar,0,13,93,3,109,0,12,204,2,218,0,25,297,5,327,873,0,873,1200
08/11/2023,MYF,CA,AWP,WE,Towers with Radar,0,14,126,4,144,0,10,99,3,112,0,24,225,7,256,631,2,633,889
08/12/2023,MYF,CA,AWP,WE,Towers with Radar,0,12,74,1,87,0,22,191,1,214,0,34,265,2,301,494,0,494,795
08/13/2023,MYF,CA,AWP,WE,Towers with Radar,0,9,69,2,80,0,16,183,1,200,0,25,252,3,280,503,0,503,783
08/14/2023,MYF,CA,AWP,WE,Towers with Radar,0,21,89,4,114,0,18,236,7,261,0,39,325,11,375,528,0,528,903
08/15/2023,MYF,CA,AWP,WE,Towers with Radar,0,10,53,3,66,0,20,190,1,211,0,30,243,4,277,553,0,553,830
08/16/2023,MYF,CA,AWP,WE,Towers with Radar,0,9,57,1,67,0,28,326,12,366,0,37,383,13,433,761,0,761,1194
08/17/2023,MYF,CA,AWP,WE,Towers with Radar,0,13,62,1,76,0,17,354,4,375,0,30,416,5,451,586,0,586,1037
08/18/2023,MYF,CA,AWP,WE,Towers with Radar,0,9,59,0,68,0,4,346,3,353,0,13,405,3,421,657,0,657,1078
08/19/2023,MYF,CA,AWP,WE,Towers with Radar,0,4,42,0,46,0,4,95,0,99,0,8,137,0,145,419,0,419,564
08/20/2023,MYF,CA,AWP,WE,Towers with Radar,0,0,6,0,6,0,0,1,0,1,0,0,7,0,7,27,0,27,34
08/21/2023,MYF,CA,AWP,WE,Towers with Radar,0,6,32,0,38,0,5,44,1,50,0,11,76,1,88,358,0,358,446
08/22/2023,MYF,CA,AWP,WE,Towers with Radar,0,5,63,1,69,0,11,317,6,334,0,16,380,7,403,534,2,536,939
08/23/2023,MYF,CA,AWP,WE,Towers with Radar,0,12,61,1,74,0,11,376,6,393,0,23,437,7,467,640,16,656,1123
08/24/2023,MYF,CA,AWP,WE,Towers with Radar,0,9,107,4,120,0,27,293,10,330,0,36,400,14,450,582,6,588,1038
08/25/2023,MYF,CA,AWP,WE,Towers with Radar,0,12,75,1,88,0,20,298,12,330,0,32,373,13,418,707,0,707,1125
08/26/2023,MYF,CA,AWP,WE,Towers with Radar,0,19,50,0,69,0,8,287,1,296,0,27,337,1,365,579,0,579,944
08/27/2023,MYF,CA,AWP,WE,Towers with Radar,0,4,65,0,69,0,15,318,1,334,0,19,383,1,403,548,0,548,951
08/28/2023,MYF,CA,AWP,WE,Towers with Radar,0,6,61,1,68,0,23,300,5,328,0,29,361,6,396,710,10,720,1116
08/29/2023,MYF,CA,AWP,WE,Towers with Radar,0,8,61,4,73,0,7,339,3,349,0,15,400,7,422,693,0,693,1115
08/30/2023,MYF,CA,AWP,WE,Towers with Radar,0,21,70,2,93,0,17,268,6,291,0,38,338,8,384,474,0,474,858
08/31/2023,MYF,CA,AWP,WE,Towers with Radar,0,8,75,2,85,0,11,210,2,223,0,19,285,4,308,574,0,574,882
