01/01/2020,MYR,SC,ASO,ES,Combined TRACON& Tower with Radar,35,3,7,0,45,0,144,18,0,162,35,147,25,0,207,4,0,4,211
01/02/2020,MYR,SC,ASO,ES,Combined TRACON& Tower with Radar,29,5,8,7,49,0,96,18,0,114,29,101,26,7,163,44,4,48,211
01/03/2020,MYR,SC,ASO,ES,Combined TRACON& Tower with Radar,30,12,16,11,69,0,14,7,0,21,30,26,23,11,90,2,2,4,94
01/04/2020,MYR,SC,ASO,ES,Combined TRACON& Tower with Radar,39,5,8,0,52,0,64,2,0,66,39,69,10,0,118,0,0,0,118
01/05/2020,MYR,SC,ASO,ES,Combined TRACON& Tower with Radar,31,2,12,0,45,0,22,12,0,34,31,24,24,0,79,0,0,0,79
01/06/2020,MYR,SC,ASO,ES,Combined TRACON& Tower with Radar,34,4,23,9,70,0,26,31,0,57,34,30,54,9,127,40,0,40,167
01/07/2020,MYR,SC,ASO,ES,Combined TRACON& Tower with Radar,30,8,19,25,82,0,18,11,0,29,30,26,30,25,111,0,0,0,111
01/08/2020,MYR,SC,ASO,ES,Combined TRACON& Tower with Radar,35,7,23,34,99,0,22,25,4,51,35,29,48,38,150,48,41,89,239
01/09/2020,MYR,SC,ASO,ES,Combined TRACON& Tower with Radar,30,5,13,21,69,0,22,25,0,47,30,27,38,21,116,13,7,20,136
01/10/2020,MYR,SC,ASO,ES,Combined TRACON& Tower with Radar,32,8,20,56,116,0,23,17,0,40,32,31,37,56,156,18,12,30,186
01/11/2020,MYR,SC,ASO,ES,Combined TRACON& Tower with Radar,41,4,13,5,63,0,70,5,0,75,41,74,18,5,138,40,0,40,178
01/12/2020,MYR,SC,ASO,ES,Combined TRACON& Tower with Radar,31,2,6,0,39,0,15,2,0,17,31,17,8,0,56,0,0,0,56
01/13/2020,MYR,SC,ASO,ES,Combined TRACON& Tower with Radar,31,9,3,0,43,0,2,0,0,2,31,11,3,0,45,4,0,4,49
01/14/2020,MYR,SC,ASO,ES,Combined TRACON& Tower with Radar,29,8,17,7,61,0,8,16,1,25,29,16,33,8,86,44,0,44,130
01/15/2020,MYR,SC,ASO,ES,Combined TRACON& Tower with Radar,38,7,30,22,97,0,26,18,1,45,38,33,48,23,142,30,0,30,172
01/16/2020,MYR,SC,ASO,ES,Combined TRACON& Tower with Radar,43,6,21,26,96,0,9,11,0,20,43,15,32,26,116,22,26,48,164
01/17/2020,MYR,SC,ASO,ES,Combined TRACON& Tower with Radar,32,7,23,31,93,0,16,30,3,49,32,23,53,34,142,86,28,114,256
01/18/2020,MYR,SC,ASO,ES,Combined TRACON& Tower with Radar,37,4,20,0,61,0,28,13,0,41,37,32,33,0,102,12,0,12,114
01/19/2020,MYR,SC,ASO,ES,Combined TRACON& Tower with Radar,29,5,13,0,47,0,44,7,1,52,29,49,20,1,99,0,0,0,99
01/20/2020,MYR,SC,ASO,ES,Combined TRACON& Tower with Radar,31,5,31,0,67,0,32,34,0,66,31,37,65,0,133,58,0,58,191
01/21/2020,MYR,SC,ASO,ES,Combined TRACON& Tower with Radar,27,9,12,25,73,0,10,11,1,22,27,19,23,26,95,0,20,20,115
01/22/2020,MYR,SC,ASO,ES,Combined TRACON& Tower with Radar,35,7,15,36,93,0,12,18,0,30,35,19,33,36,123,11,46,57,180
01/23/2020,MYR,SC,ASO,ES,Combined TRACON& Tower with Radar,30,7,22,24,83,0,38,16,0,54,30,45,38,24,137,78,0,78,215
01/24/2020,MYR,SC,ASO,ES,Combined TRACON& Tower with Radar,32,6,11,22,71,0,18,6,2,26,32,24,17,24,97,2,16,18,115
01/25/2020,MYR,SC,ASO,ES,Combined TRACON& Tower with Radar,38,4,19,8,69,0,74,30,0,104,38,78,49,8,173,0,0,0,173
01/26/2020,MYR,SC,ASO,ES,Combined TRACON& Tower with Radar,32,3,19,1,55,0,40,16,1,57,32,43,35,2,112,0,0,0,112
01/27/2020,MYR,SC,ASO,ES,Combined TRACON& Tower with Radar,31,4,10,36,81,0,4,9,0,13,31,8,19,36,94,2,18,20,114
01/28/2020,MYR,SC,ASO,ES,Combined TRACON& Tower with Radar,27,7,18,52,104,0,10,37,2,49,27,17,55,54,153,40,16,56,209
01/29/2020,MYR,SC,ASO,ES,Combined TRACON& Tower with Radar,35,9,21,20,85,0,31,33,1,65,35,40,54,21,150,53,10,63,213
01/30/2020,MYR,SC,ASO,ES,Combined TRACON& Tower with Radar,30,7,34,47,118,0,18,41,7,66,30,25,75,54,184,52,70,122,306
01/31/2020,MYR,SC,ASO,ES,Combined TRACON& Tower with Radar,31,11,17,30,89,0,8,2,3,13,31,19,19,33,102,52,18,70,172
02/01/2020,MYR,SC,ASO,ES,Combined TRACON& Tower with Radar,38,3,8,1,50,0,0,0,0,0,38,3,8,1,50,0,0,0,50
02/02/2020,MYR,SC,ASO,ES,Combined TRACON& Tower with Radar,30,6,8,0,44,0,32,28,0,60,30,38,36,0,104,0,0,0,104
02/03/2020,MYR,SC,ASO,ES,Combined TRACON& Tower with Radar,31,4,34,24,93,0,10,48,0,58,31,14,82,24,151,64,0,64,215
02/04/2020,MYR,SC,ASO,ES,Combined TRACON& Tower with Radar,29,22,16,53,120,0,17,32,1,50,29,39,48,54,170,52,33,85,255
02/05/2020,MYR,SC,ASO,ES,Combined TRACON& Tower with Radar,37,8,26,71,142,0,14,27,0,41,37,22,53,71,183,38,90,128,311
02/06/2020,MYR,SC,ASO,ES,Combined TRACON& Tower with Radar,27,9,6,13,55,0,6,0,0,6,27,15,6,13,61,0,0,0,61
02/07/2020,MYR,SC,ASO,ES,Combined TRACON& Tower with Radar,32,4,5,0,41,0,1,1,0,2,32,5,6,0,43,0,0,0,43
02/08/2020,MYR,SC,ASO,ES,Combined TRACON& Tower with Radar,40,8,18,1,67,0,34,42,0,76,40,42,60,1,143,40,0,40,183
02/09/2020,MYR,SC,ASO,ES,Combined TRACON& Tower with Radar,30,3,17,6,56,0,38,18,0,56,30,41,35,6,112,3,0,3,115
02/10/2020,MYR,SC,ASO,ES,Combined TRACON& Tower with Radar,31,4,14,28,77,0,16,30,3,49,31,20,44,31,126,58,26,84,210
02/11/2020,MYR,SC,ASO,ES,Combined TRACON& Tower with Radar,28,8,18,50,104,0,12,9,0,21,28,20,27,50,125,0,30,30,155
02/12/2020,MYR,SC,ASO,ES,Combined TRACON& Tower with Radar,44,13,27,17,101,0,2,1,0,3,44,15,28,17,104,0,0,0,104
02/13/2020,MYR,SC,ASO,ES,Combined TRACON& Tower with Radar,37,9,10,31,87,0,10,4,0,14,37,19,14,31,101,0,4,4,105
02/14/2020,MYR,SC,ASO,ES,Combined TRACON& Tower with Radar,42,7,24,3,76,0,40,46,0,86,42,47,70,3,162,42,0,42,204
02/15/2020,MYR,SC,ASO,ES,Combined TRACON& Tower with Radar,56,3,10,0,69,0,122,36,0,158,56,125,46,0,227,28,0,28,255
02/16/2020,MYR,SC,ASO,ES,Combined TRACON& Tower with Radar,35,3,13,6,57,0,74,10,0,84,35,77,23,6,141,2,0,2,143
02/17/2020,MYR,SC,ASO,ES,Combined TRACON& Tower with Radar,44,5,15,0,64,0,46,8,0,54,44,51,23,0,118,0,0,0,118
02/18/2020,MYR,SC,ASO,ES,Combined TRACON& Tower with Radar,39,8,15,18,80,0,10,10,0,20,39,18,25,18,100,62,6,68,168
02/19/2020,MYR,SC,ASO,ES,Combined TRACON& Tower with Radar,46,14,30,12,102,0,1,1,0,2,46,15,31,12,104,0,4,4,108
02/20/2020,MYR,SC,ASO,ES,Combined TRACON& Tower with Radar,44,12,27,0,83,0,2,1,0,3,44,14,28,0,86,32,0,32,118
02/21/2020,MYR,SC,ASO,ES,Combined TRACON& Tower with Radar,43,10,12,18,83,0,0,12,6,18,43,10,24,24,101,0,10,10,111
02/22/2020,MYR,SC,ASO,ES,Combined TRACON& Tower with Radar,51,4,24,0,79,0,80,51,0,131,51,84,75,0,210,65,0,65,275
02/23/2020,MYR,SC,ASO,ES,Combined TRACON& Tower with Radar,38,10,25,0,73,0,52,32,0,84,38,62,57,0,157,0,0,0,157
02/24/2020,MYR,SC,ASO,ES,Combined TRACON& Tower with Radar,42,4,16,25,87,0,10,25,0,35,42,14,41,25,122,46,26,72,194
02/25/2020,MYR,SC,ASO,ES,Combined TRACON& Tower with Radar,39,5,19,16,79,0,12,11,0,23,39,17,30,16,102,22,18,40,142
02/26/2020,MYR,SC,ASO,ES,Combined TRACON& Tower with Radar,44,16,16,6,82,0,0,2,0,2,44,16,18,6,84,0,0,0,84
02/27/2020,MYR,SC,ASO,ES,Combined TRACON& Tower with Radar,59,11,36,12,118,0,26,29,3,58,59,37,65,15,176,36,0,36,212
02/28/2020,MYR,SC,ASO,ES,Combined TRACON& Tower with Radar,53,9,24,20,106,0,52,37,0,89,53,61,61,20,195,50,4,54,249
02/29/2020,MYR,SC,ASO,ES,Combined TRACON& Tower with Radar,50,4,17,2,73,0,92,25,0,117,50,96,42,2,190,0,0,0,190
03/01/2020,MYR,SC,ASO,ES,Combined TRACON& Tower with Radar,38,5,21,3,67,0,124,21,0,145,38,129,42,3,212,0,4,4,216
03/02/2020,MYR,SC,ASO,ES,Combined TRACON& Tower with Radar,44,3,16,66,129,0,42,30,0,72,44,45,46,66,201,34,14,48,249
03/03/2020,MYR,SC,ASO,ES,Combined TRACON& Tower with Radar,39,7,7,16,69,0,22,2,0,24,39,29,9,16,93,0,12,12,105
03/04/2020,MYR,SC,ASO,ES,Combined TRACON& Tower with Radar,49,7,22,3,81,0,10,5,0,15,49,17,27,3,96,16,0,16,112
03/05/2020,MYR,SC,ASO,ES,Combined TRACON& Tower with Radar,46,7,17,0,70,0,0,0,0,0,46,7,17,0,70,0,0,0,70
03/06/2020,MYR,SC,ASO,ES,Combined TRACON& Tower with Radar,45,12,21,8,86,0,22,11,0,33,45,34,32,8,119,4,0,4,123
03/07/2020,MYR,SC,ASO,ES,Combined TRACON& Tower with Radar,57,8,9,4,78,0,102,19,2,123,57,110,28,6,201,8,0,8,209
03/08/2020,MYR,SC,ASO,ES,Combined TRACON& Tower with Radar,42,4,23,3,72,0,68,33,0,101,42,72,56,3,173,52,0,52,225
03/09/2020,MYR,SC,ASO,ES,Combined TRACON& Tower with Radar,46,9,12,16,83,0,86,38,0,124,46,95,50,16,207,52,10,62,269
03/10/2020,MYR,SC,ASO,ES,Combined TRACON& Tower with Radar,44,18,12,11,85,0,45,31,1,77,44,63,43,12,162,82,8,90,252
03/11/2020,MYR,SC,ASO,ES,Combined TRACON& Tower with Radar,62,14,20,10,106,0,54,24,0,78,62,68,44,10,184,39,8,47,231
03/12/2020,MYR,SC,ASO,ES,Combined TRACON& Tower with Radar,58,15,26,14,113,0,47,41,3,91,58,62,67,17,204,50,8,58,262
03/13/2020,MYR,SC,ASO,ES,Combined TRACON& Tower with Radar,54,10,22,7,93,0,105,38,1,144,54,115,60,8,237,60,10,70,307
03/14/2020,MYR,SC,ASO,ES,Combined TRACON& Tower with Radar,65,4,21,10,100,0,106,19,0,125,65,110,40,10,225,17,0,17,242
03/15/2020,MYR,SC,ASO,ES,Combined TRACON& Tower with Radar,54,6,14,0,74,0,92,4,0,96,54,98,18,0,170,2,0,2,172
03/16/2020,MYR,SC,ASO,ES,Combined TRACON& Tower with Radar,52,10,26,21,109,0,48,21,0,69,52,58,47,21,178,60,18,78,256
03/17/2020,MYR,SC,ASO,ES,Combined TRACON& Tower with Radar,51,12,9,2,74,0,7,2,0,9,51,19,11,2,83,0,0,0,83
03/18/2020,MYR,SC,ASO,ES,Combined TRACON& Tower with Radar,60,13,6,25,104,0,58,7,0,65,60,71,13,25,169,18,0,18,187
03/19/2020,MYR,SC,ASO,ES,Combined TRACON& Tower with Radar,55,9,24,70,158,0,99,34,2,135,55,108,58,72,293,35,25,60,353
03/20/2020,MYR,SC,ASO,ES,Combined TRACON& Tower with Radar,57,8,19,0,84,0,66,30,0,96,57,74,49,0,180,48,0,48,228
03/21/2020,MYR,SC,ASO,ES,Combined TRACON& Tower with Radar,54,6,9,0,69,0,104,13,0,117,54,110,22,0,186,18,0,18,204
03/22/2020,MYR,SC,ASO,ES,Combined TRACON& Tower with Radar,49,2,8,0,59,0,52,2,0,54,49,54,10,0,113,0,0,0,113
03/23/2020,MYR,SC,ASO,ES,Combined TRACON& Tower with Radar,44,4,2,5,55,0,30,2,0,32,44,34,4,5,87,52,0,52,139
03/24/2020,MYR,SC,ASO,ES,Combined TRACON& Tower with Radar,30,7,8,4,49,0,0,0,0,0,30,7,8,4,49,0,0,0,49
03/25/2020,MYR,SC,ASO,ES,Combined TRACON& Tower with Radar,39,7,3,21,70,0,22,6,0,28,39,29,9,21,98,6,0,6,104
03/26/2020,MYR,SC,ASO,ES,Combined TRACON& Tower with Radar,33,5,22,2,62,0,38,25,0,63,33,43,47,2,125,35,0,35,160
03/27/2020,MYR,SC,ASO,ES,Combined TRACON& Tower with Radar,32,9,8,0,49,0,22,39,0,61,32,31,47,0,110,42,0,42,152
03/28/2020,MYR,SC,ASO,ES,Combined TRACON& Tower with Radar,39,2,9,0,50,0,68,18,0,86,39,70,27,0,136,2,0,2,138
03/29/2020,MYR,SC,ASO,ES,Combined TRACON& Tower with Radar,34,0,4,0,38,0,26,2,0,28,34,26,6,0,66,10,0,10,76
03/30/2020,MYR,SC,ASO,ES,Combined TRACON& Tower with Radar,30,4,8,8,50,0,16,32,0,48,30,20,40,8,98,53,0,53,151
03/31/2020,MYR,SC,ASO,ES,Combined TRACON& Tower with Radar,31,8,2,0,41,0,14,6,0,20,31,22,8,0,61,12,0,12,73
04/01/2020,MYR,SC,ASO,ES,Combined TRACON& Tower with Radar,33,8,5,15,61,0,0,7,0,7,33,8,12,15,68,8,8,16,84
04/02/2020,MYR,SC,ASO,ES,Combined TRACON& Tower with Radar,21,5,20,9,55,0,2,45,0,47,21,7,65,9,102,14,47,61,163
04/03/2020,MYR,SC,ASO,ES,Combined TRACON& Tower with Radar,25,7,8,38,78,0,0,24,2,26,25,7,32,40,104,38,46,84,188
04/04/2020,MYR,SC,ASO,ES,Combined TRACON& Tower with Radar,19,4,9,8,40,0,0,28,0,28,19,4,37,8,68,106,12,118,186
04/05/2020,MYR,SC,ASO,ES,Combined TRACON& Tower with Radar,23,0,7,10,40,0,0,14,0,14,23,0,21,10,54,0,10,10,64
04/06/2020,MYR,SC,ASO,ES,Combined TRACON& Tower with Radar,22,2,10,4,38,0,0,22,0,22,22,2,32,4,60,54,0,54,114
04/07/2020,MYR,SC,ASO,ES,Combined TRACON& Tower with Radar,15,6,7,3,31,0,0,20,1,21,15,6,27,4,52,6,0,6,58
04/08/2020,MYR,SC,ASO,ES,Combined TRACON& Tower with Radar,13,9,15,26,63,0,0,18,0,18,13,9,33,26,81,2,24,26,107
04/09/2020,MYR,SC,ASO,ES,Combined TRACON& Tower with Radar,20,7,5,29,61,0,0,3,0,3,20,7,8,29,64,0,46,46,110
04/10/2020,MYR,SC,ASO,ES,Combined TRACON& Tower with Radar,14,7,8,15,44,0,1,16,0,17,14,8,24,15,61,20,0,20,81
04/11/2020,MYR,SC,ASO,ES,Combined TRACON& Tower with Radar,17,2,9,0,28,0,0,35,0,35,17,2,44,0,63,128,0,128,191
04/12/2020,MYR,SC,ASO,ES,Combined TRACON& Tower with Radar,9,0,5,0,14,0,0,4,0,4,9,0,9,0,18,0,0,0,18
04/13/2020,MYR,SC,ASO,ES,Combined TRACON& Tower with Radar,12,2,0,2,16,0,0,0,0,0,12,2,0,2,16,0,0,0,16
04/14/2020,MYR,SC,ASO,ES,Combined TRACON& Tower with Radar,10,7,9,16,42,0,0,21,0,21,10,7,30,16,63,54,8,62,125
04/15/2020,MYR,SC,ASO,ES,Combined TRACON& Tower with Radar,7,5,3,6,21,0,0,3,0,3,7,5,6,6,24,40,6,46,70
04/16/2020,MYR,SC,ASO,ES,Combined TRACON& Tower with Radar,10,5,16,12,43,0,0,36,8,44,10,5,52,20,87,108,0,108,195
04/17/2020,MYR,SC,ASO,ES,Combined TRACON& Tower with Radar,11,10,21,29,71,0,3,33,0,36,11,13,54,29,107,48,4,52,159
04/18/2020,MYR,SC,ASO,ES,Combined TRACON& Tower with Radar,9,2,7,8,26,0,0,4,0,4,9,2,11,8,30,0,0,0,30
04/19/2020,MYR,SC,ASO,ES,Combined TRACON& Tower with Radar,9,2,5,0,16,0,0,6,0,6,9,2,11,0,22,0,0,0,22
04/20/2020,MYR,SC,ASO,ES,Combined TRACON& Tower with Radar,10,2,3,8,23,0,0,3,0,3,10,2,6,8,26,4,0,4,30
04/21/2020,MYR,SC,ASO,ES,Combined TRACON& Tower with Radar,8,7,12,9,36,0,1,58,2,61,8,8,70,11,97,4,0,4,101
04/22/2020,MYR,SC,ASO,ES,Combined TRACON& Tower with Radar,10,9,27,18,64,0,2,61,0,63,10,11,88,18,127,6,12,18,145
04/23/2020,MYR,SC,ASO,ES,Combined TRACON& Tower with Radar,10,7,7,7,31,0,0,1,2,3,10,7,8,9,34,0,12,12,46
04/24/2020,MYR,SC,ASO,ES,Combined TRACON& Tower with Radar,11,5,8,6,30,0,0,6,0,6,11,5,14,6,36,0,0,0,36
04/25/2020,MYR,SC,ASO,ES,Combined TRACON& Tower with Radar,10,4,9,0,23,0,0,3,0,3,10,4,12,0,26,0,0,0,26
04/26/2020,MYR,SC,ASO,ES,Combined TRACON& Tower with Radar,9,0,12,4,25,0,0,13,0,13,9,0,25,4,38,14,0,14,52
04/27/2020,MYR,SC,ASO,ES,Combined TRACON& Tower with Radar,14,2,5,14,35,0,0,31,1,32,14,2,36,15,67,34,8,42,109
04/28/2020,MYR,SC,ASO,ES,Combined TRACON& Tower with Radar,11,8,23,36,78,0,0,46,2,48,11,8,69,38,126,99,37,136,262
04/29/2020,MYR,SC,ASO,ES,Combined TRACON& Tower with Radar,10,7,13,4,34,0,0,10,0,10,10,7,23,4,44,38,20,58,102
04/30/2020,MYR,SC,ASO,ES,Combined TRACON& Tower with Radar,10,5,8,14,37,0,0,6,0,6,10,5,14,14,43,14,6,20,63
05/01/2020,MYR,SC,ASO,ES,Combined TRACON& Tower with Radar,18,6,22,14,60,0,18,12,0,30,18,24,34,14,90,0,0,0,90
05/02/2020,MYR,SC,ASO,ES,Combined TRACON& Tower with Radar,17,4,14,10,45,0,90,37,0,127,17,94,51,10,172,65,0,65,237
05/03/2020,MYR,SC,ASO,ES,Combined TRACON& Tower with Radar,18,0,14,12,44,0,88,17,0,105,18,88,31,12,149,0,12,12,161
05/04/2020,MYR,SC,ASO,ES,Combined TRACON& Tower with Radar,12,1,16,5,34,0,72,28,1,101,12,73,44,6,135,0,12,12,147
05/05/2020,MYR,SC,ASO,ES,Combined TRACON& Tower with Radar,12,5,36,7,60,0,50,16,0,66,12,55,52,7,126,58,0,58,184
05/06/2020,MYR,SC,ASO,ES,Combined TRACON& Tower with Radar,12,4,11,11,38,0,52,17,0,69,12,56,28,11,107,14,8,22,129
05/07/2020,MYR,SC,ASO,ES,Combined TRACON& Tower with Radar,16,6,26,17,65,0,52,32,2,86,16,58,58,19,151,70,0,70,221
05/08/2020,MYR,SC,ASO,ES,Combined TRACON& Tower with Radar,15,3,18,19,55,0,51,22,2,75,15,54,40,21,130,4,0,4,134
05/09/2020,MYR,SC,ASO,ES,Combined TRACON& Tower with Radar,18,3,10,1,32,0,104,30,0,134,18,107,40,1,166,4,0,4,170
05/10/2020,MYR,SC,ASO,ES,Combined TRACON& Tower with Radar,15,2,9,7,33,0,102,27,0,129,15,104,36,7,162,10,8,18,180
05/11/2020,MYR,SC,ASO,ES,Combined TRACON& Tower with Radar,14,3,13,9,39,0,74,17,0,91,14,77,30,9,130,4,0,4,134
05/12/2020,MYR,SC,ASO,ES,Combined TRACON& Tower with Radar,15,4,22,23,64,0,63,35,3,101,15,67,57,26,165,72,2,74,239
05/13/2020,MYR,SC,ASO,ES,Combined TRACON& Tower with Radar,14,11,27,12,64,0,54,36,3,93,14,65,63,15,157,62,2,64,221
05/14/2020,MYR,SC,ASO,ES,Combined TRACON& Tower with Radar,17,2,30,23,72,0,65,33,0,98,17,67,63,23,170,56,16,72,242
05/15/2020,MYR,SC,ASO,ES,Combined TRACON& Tower with Radar,17,6,32,14,69,0,108,38,0,146,17,114,70,14,215,109,0,109,324
05/16/2020,MYR,SC,ASO,ES,Combined TRACON& Tower with Radar,15,5,16,0,36,0,267,28,0,295,15,272,44,0,331,19,4,23,354
05/17/2020,MYR,SC,ASO,ES,Combined TRACON& Tower with Radar,15,2,23,0,40,0,254,5,0,259,15,256,28,0,299,0,0,0,299
05/18/2020,MYR,SC,ASO,ES,Combined TRACON& Tower with Radar,19,7,7,24,57,0,220,14,3,237,19,227,21,27,294,50,6,56,350
05/19/2020,MYR,SC,ASO,ES,Combined TRACON& Tower with Radar,12,11,21,4,48,0,84,2,0,86,12,95,23,4,134,0,0,0,134
05/20/2020,MYR,SC,ASO,ES,Combined TRACON& Tower with Radar,15,3,7,0,25,0,62,0,0,62,15,65,7,0,87,0,0,0,87
05/21/2020,MYR,SC,ASO,ES,Combined TRACON& Tower with Radar,17,6,14,0,37,0,26,1,1,28,17,32,15,1,65,0,0,0,65
05/22/2020,MYR,SC,ASO,ES,Combined TRACON& Tower with Radar,23,5,30,8,66,0,106,20,5,131,23,111,50,13,197,30,0,30,227
05/23/2020,MYR,SC,ASO,ES,Combined TRACON& Tower with Radar,19,8,25,0,52,0,367,29,7,403,19,375,54,7,455,46,0,46,501
05/24/2020,MYR,SC,ASO,ES,Combined TRACON& Tower with Radar,19,1,27,0,47,0,516,24,2,542,19,517,51,2,589,6,0,6,595
05/25/2020,MYR,SC,ASO,ES,Combined TRACON& Tower with Radar,21,12,24,0,57,0,337,7,1,345,21,349,31,1,402,62,0,62,464
05/26/2020,MYR,SC,ASO,ES,Combined TRACON& Tower with Radar,13,4,31,7,55,0,213,14,0,227,13,217,45,7,282,10,0,10,292
05/27/2020,MYR,SC,ASO,ES,Combined TRACON& Tower with Radar,13,8,9,0,30,0,0,0,0,0,13,8,9,0,30,0,0,0,30
05/28/2020,MYR,SC,ASO,ES,Combined TRACON& Tower with Radar,15,4,21,6,46,0,108,6,0,114,15,112,27,6,160,6,0,6,166
05/29/2020,MYR,SC,ASO,ES,Combined TRACON& Tower with Radar,22,3,14,3,42,0,162,6,0,168,22,165,20,3,210,2,10,12,222
05/30/2020,MYR,SC,ASO,ES,Combined TRACON& Tower with Radar,20,6,11,4,41,0,277,1,2,280,20,283,12,6,321,0,0,0,321
05/31/2020,MYR,SC,ASO,ES,Combined TRACON& Tower with Radar,15,5,28,9,57,0,192,19,0,211,15,197,47,9,268,0,0,0,268
06/01/2020,MYR,SC,ASO,ES,Combined TRACON& Tower with Radar,21,0,32,29,82,0,200,54,0,254,21,200,86,29,336,27,14,41,377
06/02/2020,MYR,SC,ASO,ES,Combined TRACON& Tower with Radar,11,9,21,16,57,0,196,34,0,230,11,205,55,16,287,58,18,76,363
06/03/2020,MYR,SC,ASO,ES,Combined TRACON& Tower with Radar,12,7,21,41,81,0,257,33,2,292,12,264,54,43,373,2,26,28,401
06/04/2020,MYR,SC,ASO,ES,Combined TRACON& Tower with Radar,26,5,17,26,74,0,271,34,1,306,26,276,51,27,380,34,22,56,436
06/05/2020,MYR,SC,ASO,ES,Combined TRACON& Tower with Radar,35,7,19,9,70,0,251,14,0,265,35,258,33,9,335,88,6,94,429
06/06/2020,MYR,SC,ASO,ES,Combined TRACON& Tower with Radar,31,10,22,0,63,0,369,15,0,384,31,379,37,0,447,0,0,0,447
06/07/2020,MYR,SC,ASO,ES,Combined TRACON& Tower with Radar,31,2,18,0,51,0,414,19,0,433,31,416,37,0,484,10,0,10,494
06/08/2020,MYR,SC,ASO,ES,Combined TRACON& Tower with Radar,34,4,19,13,70,0,263,4,0,267,34,267,23,13,337,12,24,36,373
06/09/2020,MYR,SC,ASO,ES,Combined TRACON& Tower with Radar,11,13,10,10,44,0,67,1,0,68,11,80,11,10,112,0,0,0,112
06/10/2020,MYR,SC,ASO,ES,Combined TRACON& Tower with Radar,15,11,27,43,96,0,326,15,0,341,15,337,42,43,437,20,34,54,491
06/11/2020,MYR,SC,ASO,ES,Combined TRACON& Tower with Radar,44,8,22,8,82,0,263,8,0,271,44,271,30,8,353,0,0,0,353
06/12/2020,MYR,SC,ASO,ES,Combined TRACON& Tower with Radar,44,2,16,2,64,0,112,0,0,112,44,114,16,2,176,0,0,0,176
06/13/2020,MYR,SC,ASO,ES,Combined TRACON& Tower with Radar,32,6,19,5,62,0,447,2,0,449,32,453,21,5,511,0,0,0,511
06/14/2020,MYR,SC,ASO,ES,Combined TRACON& Tower with Radar,45,6,12,0,63,0,263,8,0,271,45,269,20,0,334,0,0,0,334
06/15/2020,MYR,SC,ASO,ES,Combined TRACON& Tower with Radar,37,0,12,0,49,0,130,0,0,130,37,130,12,0,179,0,0,0,179
06/16/2020,MYR,SC,ASO,ES,Combined TRACON& Tower with Radar,13,3,11,7,34,0,152,0,0,152,13,155,11,7,186,0,0,0,186
06/17/2020,MYR,SC,ASO,ES,Combined TRACON& Tower with Radar,19,15,27,25,86,0,269,13,0,282,19,284,40,25,368,28,0,28,396
06/18/2020,MYR,SC,ASO,ES,Combined TRACON& Tower with Radar,47,5,26,15,93,0,287,43,0,330,47,292,69,15,423,36,0,36,459
06/19/2020,MYR,SC,ASO,ES,Combined TRACON& Tower with Radar,47,9,29,5,90,0,278,15,0,293,47,287,44,5,383,36,0,36,419
06/20/2020,MYR,SC,ASO,ES,Combined TRACON& Tower with Radar,33,6,24,4,67,0,312,25,0,337,33,318,49,4,404,36,0,36,440
06/21/2020,MYR,SC,ASO,ES,Combined TRACON& Tower with Radar,46,3,19,0,68,0,457,23,1,481,46,460,42,1,549,0,0,0,549
06/22/2020,MYR,SC,ASO,ES,Combined TRACON& Tower with Radar,41,5,28,15,89,0,247,29,0,276,41,252,57,15,365,52,8,60,425
06/23/2020,MYR,SC,ASO,ES,Combined TRACON& Tower with Radar,14,7,21,9,51,0,360,27,0,387,14,367,48,9,438,59,2,61,499
06/24/2020,MYR,SC,ASO,ES,Combined TRACON& Tower with Radar,23,5,21,9,58,0,303,11,0,314,23,308,32,9,372,32,6,38,410
06/25/2020,MYR,SC,ASO,ES,Combined TRACON& Tower with Radar,55,6,14,0,75,0,256,3,0,259,55,262,17,0,334,0,0,0,334
06/26/2020,MYR,SC,ASO,ES,Combined TRACON& Tower with Radar,53,8,29,30,120,0,344,35,0,379,53,352,64,30,499,24,8,32,531
06/27/2020,MYR,SC,ASO,ES,Combined TRACON& Tower with Radar,52,10,25,0,87,0,374,11,0,385,52,384,36,0,472,30,0,30,502
06/28/2020,MYR,SC,ASO,ES,Combined TRACON& Tower with Radar,56,7,15,0,78,0,370,7,0,377,56,377,22,0,455,0,0,0,455
06/29/2020,MYR,SC,ASO,ES,Combined TRACON& Tower with Radar,54,4,9,27,94,0,251,24,1,276,54,255,33,28,370,0,16,16,386
06/30/2020,MYR,SC,ASO,ES,Combined TRACON& Tower with Radar,17,3,13,1,34,0,119,22,4,145,17,122,35,5,179,18,0,18,197
07/01/2020,MYR,SC,ASO,ES,Combined TRACON& Tower with Radar,60,5,15,3,83,0,227,11,1,239,60,232,26,4,322,10,0,10,332
07/02/2020,MYR,SC,ASO,ES,Combined TRACON& Tower with Radar,69,5,23,4,101,0,251,18,0,269,69,256,41,4,370,6,0,6,376
07/03/2020,MYR,SC,ASO,ES,Combined TRACON& Tower with Radar,80,6,22,0,108,0,479,39,0,518,80,485,61,0,626,50,0,50,676
07/04/2020,MYR,SC,ASO,ES,Combined TRACON& Tower with Radar,71,5,12,0,88,0,764,14,0,778,71,769,26,0,866,24,0,24,890
07/05/2020,MYR,SC,ASO,ES,Combined TRACON& Tower with Radar,72,9,26,1,108,0,554,21,0,575,72,563,47,1,683,0,0,0,683
07/06/2020,MYR,SC,ASO,ES,Combined TRACON& Tower with Radar,73,3,8,0,84,0,369,12,0,381,73,372,20,0,465,45,0,45,510
07/07/2020,MYR,SC,ASO,ES,Combined TRACON& Tower with Radar,56,3,6,0,65,0,278,0,0,278,56,281,6,0,343,14,0,14,357
07/08/2020,MYR,SC,ASO,ES,Combined TRACON& Tower with Radar,62,4,17,8,91,0,291,3,0,294,62,295,20,8,385,28,0,28,413
07/09/2020,MYR,SC,ASO,ES,Combined TRACON& Tower with Radar,79,5,27,14,125,0,313,6,0,319,79,318,33,14,444,18,0,18,462
07/10/2020,MYR,SC,ASO,ES,Combined TRACON& Tower with Radar,88,7,26,15,136,0,358,29,0,387,88,365,55,15,523,36,12,48,571
07/11/2020,MYR,SC,ASO,ES,Combined TRACON& Tower with Radar,97,7,22,0,126,0,448,26,0,474,97,455,48,0,600,4,0,4,604
07/12/2020,MYR,SC,ASO,ES,Combined TRACON& Tower with Radar,84,2,9,2,97,0,326,8,0,334,84,328,17,2,431,0,0,0,431
07/13/2020,MYR,SC,ASO,ES,Combined TRACON& Tower with Radar,78,5,13,13,109,0,236,37,0,273,78,241,50,13,382,20,0,20,402
07/14/2020,MYR,SC,ASO,ES,Combined TRACON& Tower with Radar,50,6,7,5,68,0,316,46,0,362,50,322,53,5,430,10,0,10,440
07/15/2020,MYR,SC,ASO,ES,Combined TRACON& Tower with Radar,63,9,24,24,120,0,403,42,0,445,63,412,66,24,565,0,0,0,565
07/16/2020,MYR,SC,ASO,ES,Combined TRACON& Tower with Radar,75,4,26,12,117,0,392,33,0,425,75,396,59,12,542,10,0,10,552
07/17/2020,MYR,SC,ASO,ES,Combined TRACON& Tower with Radar,83,8,10,25,126,0,401,28,2,431,83,409,38,27,557,8,6,14,571
07/18/2020,MYR,SC,ASO,ES,Combined TRACON& Tower with Radar,93,13,15,0,121,0,540,14,1,555,93,553,29,1,676,14,0,14,690
07/19/2020,MYR,SC,ASO,ES,Combined TRACON& Tower with Radar,82,0,22,3,107,0,473,20,2,495,82,473,42,5,602,14,0,14,616
07/20/2020,MYR,SC,ASO,ES,Combined TRACON& Tower with Radar,85,7,20,27,139,0,329,36,0,365,85,336,56,27,504,8,4,12,516
07/21/2020,MYR,SC,ASO,ES,Combined TRACON& Tower with Radar,60,7,20,2,89,0,363,26,0,389,60,370,46,2,478,44,0,44,522
07/22/2020,MYR,SC,ASO,ES,Combined TRACON& Tower with Radar,62,4,9,41,116,0,336,30,0,366,62,340,39,41,482,26,10,36,518
07/23/2020,MYR,SC,ASO,ES,Combined TRACON& Tower with Radar,73,6,22,8,109,0,486,27,0,513,73,492,49,8,622,29,14,43,665
07/24/2020,MYR,SC,ASO,ES,Combined TRACON& Tower with Radar,60,24,14,1,99,0,200,19,0,219,60,224,33,1,318,76,0,76,394
07/25/2020,MYR,SC,ASO,ES,Combined TRACON& Tower with Radar,98,11,8,2,119,0,425,11,1,437,98,436,19,3,556,6,0,6,562
07/26/2020,MYR,SC,ASO,ES,Combined TRACON& Tower with Radar,79,6,9,0,94,0,517,12,0,529,79,523,21,0,623,21,0,21,644
07/27/2020,MYR,SC,ASO,ES,Combined TRACON& Tower with Radar,79,4,12,22,117,0,356,29,2,387,79,360,41,24,504,34,0,34,538
07/28/2020,MYR,SC,ASO,ES,Combined TRACON& Tower with Radar,62,6,16,13,97,0,222,26,3,251,62,228,42,16,348,38,24,62,410
07/29/2020,MYR,SC,ASO,ES,Combined TRACON& Tower with Radar,65,8,17,0,90,0,291,21,2,314,65,299,38,2,404,24,0,24,428
07/30/2020,MYR,SC,ASO,ES,Combined TRACON& Tower with Radar,76,6,20,27,129,0,311,10,0,321,76,317,30,27,450,71,0,71,521
07/31/2020,MYR,SC,ASO,ES,Combined TRACON& Tower with Radar,80,9,12,40,141,0,404,29,0,433,80,413,41,40,574,23,16,39,613
08/01/2020,MYR,SC,ASO,ES,Combined TRACON& Tower with Radar,99,7,15,2,123,0,360,5,0,365,99,367,20,2,488,14,0,14,502
08/02/2020,MYR,SC,ASO,ES,Combined TRACON& Tower with Radar,86,0,10,0,96,0,504,17,0,521,86,504,27,0,617,0,0,0,617
08/03/2020,MYR,SC,ASO,ES,Combined TRACON& Tower with Radar,71,2,2,2,77,0,40,1,0,41,71,42,3,2,118,0,0,0,118
08/04/2020,MYR,SC,ASO,ES,Combined TRACON& Tower with Radar,48,6,21,5,80,0,260,30,2,292,48,266,51,7,372,40,0,40,412
08/05/2020,MYR,SC,ASO,ES,Combined TRACON& Tower with Radar,51,12,10,2,75,0,196,9,1,206,51,208,19,3,281,14,0,14,295
08/06/2020,MYR,SC,ASO,ES,Combined TRACON& Tower with Radar,71,6,10,2,89,0,200,6,0,206,71,206,16,2,295,22,0,22,317
08/07/2020,MYR,SC,ASO,ES,Combined TRACON& Tower with Radar,74,4,13,11,102,0,334,27,2,363,74,338,40,13,465,73,6,79,544
08/08/2020,MYR,SC,ASO,ES,Combined TRACON& Tower with Radar,80,7,12,0,99,0,562,18,0,580,80,569,30,0,679,0,0,0,679
08/09/2020,MYR,SC,ASO,ES,Combined TRACON& Tower with Radar,73,2,7,0,82,0,423,33,0,456,73,425,40,0,538,0,0,0,538
08/10/2020,MYR,SC,ASO,ES,Combined TRACON& Tower with Radar,74,1,16,16,107,0,326,28,0,354,74,327,44,16,461,20,0,20,481
08/11/2020,MYR,SC,ASO,ES,Combined TRACON& Tower with Radar,40,9,10,5,64,0,334,29,0,363,40,343,39,5,427,120,0,120,547
08/12/2020,MYR,SC,ASO,ES,Combined TRACON& Tower with Radar,47,5,20,3,75,0,309,19,0,328,47,314,39,3,403,58,14,72,475
08/13/2020,MYR,SC,ASO,ES,Combined TRACON& Tower with Radar,65,10,10,2,87,0,322,8,0,330,65,332,18,2,417,54,0,54,471
08/14/2020,MYR,SC,ASO,ES,Combined TRACON& Tower with Radar,77,10,18,6,111,0,388,7,0,395,77,398,25,6,506,70,12,82,588
08/15/2020,MYR,SC,ASO,ES,Combined TRACON& Tower with Radar,74,3,25,8,110,0,511,11,0,522,74,514,36,8,632,8,0,8,640
08/16/2020,MYR,SC,ASO,ES,Combined TRACON& Tower with Radar,71,0,17,6,94,0,393,0,1,394,71,393,17,7,488,0,2,2,490
08/17/2020,MYR,SC,ASO,ES,Combined TRACON& Tower with Radar,79,5,13,14,111,0,262,27,0,289,79,267,40,14,400,40,10,50,450
08/18/2020,MYR,SC,ASO,ES,Combined TRACON& Tower with Radar,43,8,19,13,83,0,302,30,0,332,43,310,49,13,415,38,8,46,461
08/19/2020,MYR,SC,ASO,ES,Combined TRACON& Tower with Radar,46,6,12,0,64,0,252,16,0,268,46,258,28,0,332,34,0,34,366
08/20/2020,MYR,SC,ASO,ES,Combined TRACON& Tower with Radar,59,12,14,4,89,0,300,15,0,315,59,312,29,4,404,55,0,55,459
08/21/2020,MYR,SC,ASO,ES,Combined TRACON& Tower with Radar,70,5,3,2,80,0,298,10,0,308,70,303,13,2,388,32,0,32,420
08/22/2020,MYR,SC,ASO,ES,Combined TRACON& Tower with Radar,69,5,14,9,97,0,506,22,0,528,69,511,36,9,625,2,0,2,627
08/23/2020,MYR,SC,ASO,ES,Combined TRACON& Tower with Radar,63,2,18,0,83,0,466,9,2,477,63,468,27,2,560,22,0,22,582
08/24/2020,MYR,SC,ASO,ES,Combined TRACON& Tower with Radar,71,1,12,0,84,0,95,18,2,115,71,96,30,2,199,23,0,23,222
08/25/2020,MYR,SC,ASO,ES,Combined TRACON& Tower with Radar,46,8,23,14,91,0,252,42,0,294,46,260,65,14,385,58,28,86,471
08/26/2020,MYR,SC,ASO,ES,Combined TRACON& Tower with Radar,48,6,20,7,81,0,292,38,0,330,48,298,58,7,411,46,2,48,459
08/27/2020,MYR,SC,ASO,ES,Combined TRACON& Tower with Radar,59,6,27,30,122,0,268,28,1,297,59,274,55,31,419,0,17,17,436
08/28/2020,MYR,SC,ASO,ES,Combined TRACON& Tower with Radar,70,10,31,18,129,0,304,27,1,332,70,314,58,19,461,32,14,46,507
08/29/2020,MYR,SC,ASO,ES,Combined TRACON& Tower with Radar,73,3,11,0,87,0,457,13,0,470,73,460,24,0,557,2,1,3,560
08/30/2020,MYR,SC,ASO,ES,Combined TRACON& Tower with Radar,61,4,26,2,93,0,602,12,0,614,61,606,38,2,707,3,0,3,710
08/31/2020,MYR,SC,ASO,ES,Combined TRACON& Tower with Radar,71,6,9,6,92,0,312,10,0,322,71,318,19,6,414,30,0,30,444
09/01/2020,MYR,SC,ASO,ES,Combined TRACON& Tower with Radar,43,7,21,34,105,0,185,17,0,202,43,192,38,34,307,88,26,114,421
09/02/2020,MYR,SC,ASO,ES,Combined TRACON& Tower with Radar,47,14,10,6,77,0,232,25,3,260,47,246,35,9,337,10,0,10,347
09/03/2020,MYR,SC,ASO,ES,Combined TRACON& Tower with Radar,63,5,19,11,98,0,233,29,3,265,63,238,48,14,363,14,10,24,387
09/04/2020,MYR,SC,ASO,ES,Combined TRACON& Tower with Radar,75,6,18,0,99,0,349,18,3,370,75,355,36,3,469,16,0,16,485
09/05/2020,MYR,SC,ASO,ES,Combined TRACON& Tower with Radar,61,4,20,0,85,0,770,18,3,791,61,774,38,3,876,24,0,24,900
09/06/2020,MYR,SC,ASO,ES,Combined TRACON& Tower with Radar,52,0,8,0,60,0,813,13,4,830,52,813,21,4,890,10,0,10,900
09/07/2020,MYR,SC,ASO,ES,Combined TRACON& Tower with Radar,69,9,14,0,92,0,697,17,1,715,69,706,31,1,807,18,0,18,825
09/08/2020,MYR,SC,ASO,ES,Combined TRACON& Tower with Radar,39,7,4,16,66,0,237,20,0,257,39,244,24,16,323,28,0,28,351
09/09/2020,MYR,SC,ASO,ES,Combined TRACON& Tower with Radar,27,12,14,14,67,0,104,0,0,104,27,116,14,14,171,6,6,12,183
09/10/2020,MYR,SC,ASO,ES,Combined TRACON& Tower with Radar,40,10,18,5,73,0,203,8,0,211,40,213,26,5,284,43,0,43,327
09/11/2020,MYR,SC,ASO,ES,Combined TRACON& Tower with Radar,46,10,19,26,101,0,244,5,9,258,46,254,24,35,359,21,14,35,394
09/12/2020,MYR,SC,ASO,ES,Combined TRACON& Tower with Radar,33,7,7,0,47,0,423,1,0,424,33,430,8,0,471,0,0,0,471
09/13/2020,MYR,SC,ASO,ES,Combined TRACON& Tower with Radar,46,4,19,0,69,0,461,10,0,471,46,465,29,0,540,18,0,18,558
09/14/2020,MYR,SC,ASO,ES,Combined TRACON& Tower with Radar,44,12,15,5,76,0,215,22,3,240,44,227,37,8,316,20,20,40,356
09/15/2020,MYR,SC,ASO,ES,Combined TRACON& Tower with Radar,24,9,19,2,54,0,249,13,1,263,24,258,32,3,317,40,0,40,357
09/16/2020,MYR,SC,ASO,ES,Combined TRACON& Tower with Radar,26,5,24,2,57,0,84,3,1,88,26,89,27,3,145,0,0,0,145
09/17/2020,MYR,SC,ASO,ES,Combined TRACON& Tower with Radar,46,5,9,0,60,0,38,1,1,40,46,43,10,1,100,0,0,0,100
09/18/2020,MYR,SC,ASO,ES,Combined TRACON& Tower with Radar,45,5,22,14,86,0,116,2,0,118,45,121,24,14,204,0,0,0,204
09/19/2020,MYR,SC,ASO,ES,Combined TRACON& Tower with Radar,35,2,8,3,48,0,479,7,0,486,35,481,15,3,534,0,0,0,534
09/20/2020,MYR,SC,ASO,ES,Combined TRACON& Tower with Radar,47,1,12,1,61,0,360,18,0,378,47,361,30,1,439,0,0,0,439
09/21/2020,MYR,SC,ASO,ES,Combined TRACON& Tower with Radar,51,14,11,12,88,0,228,10,0,238,51,242,21,12,326,2,8,10,336
09/22/2020,MYR,SC,ASO,ES,Combined TRACON& Tower with Radar,24,7,18,11,60,0,220,47,4,271,24,227,65,15,331,95,24,119,450
09/23/2020,MYR,SC,ASO,ES,Combined TRACON& Tower with Radar,28,8,15,24,75,0,233,46,0,279,28,241,61,24,354,41,12,53,407
09/24/2020,MYR,SC,ASO,ES,Combined TRACON& Tower with Radar,46,11,31,19,107,0,194,31,2,227,46,205,62,21,334,17,36,53,387
09/25/2020,MYR,SC,ASO,ES,Combined TRACON& Tower with Radar,50,13,18,1,82,0,56,0,0,56,50,69,18,1,138,0,0,0,138
09/26/2020,MYR,SC,ASO,ES,Combined TRACON& Tower with Radar,36,5,15,2,58,0,367,12,0,379,36,372,27,2,437,2,0,2,439
09/27/2020,MYR,SC,ASO,ES,Combined TRACON& Tower with Radar,47,5,21,12,85,0,392,20,0,412,47,397,41,12,497,6,0,6,503
09/28/2020,MYR,SC,ASO,ES,Combined TRACON& Tower with Radar,55,4,16,10,85,0,130,4,1,135,55,134,20,11,220,16,0,16,236
09/29/2020,MYR,SC,ASO,ES,Combined TRACON& Tower with Radar,24,9,6,5,44,0,66,2,1,69,24,75,8,6,113,20,0,20,133
09/30/2020,MYR,SC,ASO,ES,Combined TRACON& Tower with Radar,28,5,12,0,45,0,140,37,0,177,28,145,49,0,222,40,0,40,262
10/01/2020,MYR,SC,ASO,ES,Combined TRACON& Tower with Radar,47,13,20,8,88,0,136,43,0,179,47,149,63,8,267,67,0,67,334
10/02/2020,MYR,SC,ASO,ES,Combined TRACON& Tower with Radar,52,13,19,21,105,0,164,28,1,193,52,177,47,22,298,26,6,32,330
10/03/2020,MYR,SC,ASO,ES,Combined TRACON& Tower with Radar,36,5,29,36,106,0,442,23,11,476,36,447,52,47,582,20,12,32,614
10/04/2020,MYR,SC,ASO,ES,Combined TRACON& Tower with Radar,48,5,21,2,76,0,251,4,0,255,48,256,25,2,331,0,0,0,331
10/05/2020,MYR,SC,ASO,ES,Combined TRACON& Tower with Radar,53,4,12,14,83,0,160,28,0,188,53,164,40,14,271,44,14,58,329
10/06/2020,MYR,SC,ASO,ES,Combined TRACON& Tower with Radar,28,6,15,24,73,0,118,22,0,140,28,124,37,24,213,46,5,51,264
10/07/2020,MYR,SC,ASO,ES,Combined TRACON& Tower with Radar,27,11,19,23,80,0,136,29,0,165,27,147,48,23,245,63,20,83,328
10/08/2020,MYR,SC,ASO,ES,Combined TRACON& Tower with Radar,54,6,14,17,91,0,122,42,0,164,54,128,56,17,255,59,0,59,314
10/09/2020,MYR,SC,ASO,ES,Combined TRACON& Tower with Radar,62,10,14,6,92,0,179,16,0,195,62,189,30,6,287,34,0,34,321
10/10/2020,MYR,SC,ASO,ES,Combined TRACON& Tower with Radar,44,4,21,2,71,0,363,5,1,369,44,367,26,3,440,24,0,24,464
10/11/2020,MYR,SC,ASO,ES,Combined TRACON& Tower with Radar,51,6,9,0,66,0,158,2,0,160,51,164,11,0,226,8,0,8,234
10/12/2020,MYR,SC,ASO,ES,Combined TRACON& Tower with Radar,59,8,14,0,81,0,103,8,0,111,59,111,22,0,192,88,0,88,280
10/13/2020,MYR,SC,ASO,ES,Combined TRACON& Tower with Radar,24,9,20,25,78,0,108,21,0,129,24,117,41,25,207,14,20,34,241
10/14/2020,MYR,SC,ASO,ES,Combined TRACON& Tower with Radar,24,12,39,8,83,0,133,22,0,155,24,145,61,8,238,42,0,42,280
10/15/2020,MYR,SC,ASO,ES,Combined TRACON& Tower with Radar,49,20,19,25,113,0,100,20,1,121,49,120,39,26,234,61,0,61,295
10/16/2020,MYR,SC,ASO,ES,Combined TRACON& Tower with Radar,55,12,23,18,108,0,83,13,0,96,55,95,36,18,204,30,8,38,242
10/17/2020,MYR,SC,ASO,ES,Combined TRACON& Tower with Radar,41,6,15,7,69,0,303,25,3,331,41,309,40,10,400,4,12,16,416
10/18/2020,MYR,SC,ASO,ES,Combined TRACON& Tower with Radar,52,4,19,4,79,0,221,26,0,247,52,225,45,4,326,8,0,8,334
10/19/2020,MYR,SC,ASO,ES,Combined TRACON& Tower with Radar,56,6,17,23,102,0,88,31,0,119,56,94,48,23,221,40,4,44,265
10/20/2020,MYR,SC,ASO,ES,Combined TRACON& Tower with Radar,20,8,20,42,90,0,96,14,1,111,20,104,34,43,201,63,13,76,277
10/21/2020,MYR,SC,ASO,ES,Combined TRACON& Tower with Radar,24,9,23,0,56,0,100,26,0,126,24,109,49,0,182,80,0,80,262
10/22/2020,MYR,SC,ASO,ES,Combined TRACON& Tower with Radar,52,8,18,3,81,0,84,25,1,110,52,92,43,4,191,38,0,38,229
10/23/2020,MYR,SC,ASO,ES,Combined TRACON& Tower with Radar,59,8,24,3,94,0,114,20,0,134,59,122,44,3,228,38,10,48,276
10/24/2020,MYR,SC,ASO,ES,Combined TRACON& Tower with Radar,37,4,28,19,88,0,319,18,14,351,37,323,46,33,439,2,36,38,477
10/25/2020,MYR,SC,ASO,ES,Combined TRACON& Tower with Radar,50,1,14,0,65,0,135,1,0,136,50,136,15,0,201,0,0,0,201
10/26/2020,MYR,SC,ASO,ES,Combined TRACON& Tower with Radar,56,6,23,25,110,0,76,5,0,81,56,82,28,25,191,8,12,20,211
10/27/2020,MYR,SC,ASO,ES,Combined TRACON& Tower with Radar,27,15,26,9,77,0,80,34,0,114,27,95,60,9,191,47,6,53,244
10/28/2020,MYR,SC,ASO,ES,Combined TRACON& Tower with Radar,31,10,20,6,67,0,64,40,0,104,31,74,60,6,171,90,2,92,263
10/29/2020,MYR,SC,ASO,ES,Combined TRACON& Tower with Radar,53,5,10,5,73,0,11,1,0,12,53,16,11,5,85,0,0,0,85
10/30/2020,MYR,SC,ASO,ES,Combined TRACON& Tower with Radar,56,9,24,8,97,0,85,8,4,97,56,94,32,12,194,0,4,4,198
10/31/2020,MYR,SC,ASO,ES,Combined TRACON& Tower with Radar,32,7,12,5,56,0,162,12,1,175,32,169,24,6,231,0,0,0,231
11/01/2020,MYR,SC,ASO,ES,Combined TRACON& Tower with Radar,45,4,14,5,68,0,64,4,0,68,45,68,18,5,136,0,0,0,136
11/02/2020,MYR,SC,ASO,ES,Combined TRACON& Tower with Radar,53,2,9,15,79,0,46,10,1,57,53,48,19,16,136,4,0,4,140
11/03/2020,MYR,SC,ASO,ES,Combined TRACON& Tower with Radar,21,5,17,7,50,0,40,37,0,77,21,45,54,7,127,57,18,75,202
11/04/2020,MYR,SC,ASO,ES,Combined TRACON& Tower with Radar,29,11,23,4,67,0,44,26,0,70,29,55,49,4,137,75,14,89,226
11/05/2020,MYR,SC,ASO,ES,Combined TRACON& Tower with Radar,50,9,23,30,112,0,28,38,0,66,50,37,61,30,178,54,8,62,240
11/06/2020,MYR,SC,ASO,ES,Combined TRACON& Tower with Radar,51,6,21,13,91,0,42,15,0,57,51,48,36,13,148,14,0,14,162
11/07/2020,MYR,SC,ASO,ES,Combined TRACON& Tower with Radar,38,5,9,13,65,0,142,17,4,163,38,147,26,17,228,10,18,28,256
11/08/2020,MYR,SC,ASO,ES,Combined TRACON& Tower with Radar,52,2,9,0,63,0,160,8,0,168,52,162,17,0,231,0,0,0,231
11/09/2020,MYR,SC,ASO,ES,Combined TRACON& Tower with Radar,49,6,13,9,77,0,62,13,4,79,49,68,26,13,156,8,0,8,164
11/10/2020,MYR,SC,ASO,ES,Combined TRACON& Tower with Radar,31,9,11,23,74,0,34,21,11,66,31,43,32,34,140,42,42,84,224
11/11/2020,MYR,SC,ASO,ES,Combined TRACON& Tower with Radar,35,8,5,2,50,0,10,0,0,10,35,18,5,2,60,0,0,0,60
11/12/2020,MYR,SC,ASO,ES,Combined TRACON& Tower with Radar,55,5,7,6,73,0,10,1,0,11,55,15,8,6,84,0,0,0,84
11/13/2020,MYR,SC,ASO,ES,Combined TRACON& Tower with Radar,51,7,15,4,77,0,36,6,0,42,51,43,21,4,119,29,0,29,148
11/14/2020,MYR,SC,ASO,ES,Combined TRACON& Tower with Radar,42,2,22,0,66,0,162,31,0,193,42,164,53,0,259,0,0,0,259
11/15/2020,MYR,SC,ASO,ES,Combined TRACON& Tower with Radar,53,5,20,10,88,0,58,6,0,64,53,63,26,10,152,4,0,4,156
11/16/2020,MYR,SC,ASO,ES,Combined TRACON& Tower with Radar,51,5,7,9,72,0,42,28,0,70,51,47,35,9,142,36,0,36,178
11/17/2020,MYR,SC,ASO,ES,Combined TRACON& Tower with Radar,35,13,16,2,66,0,28,30,1,59,35,41,46,3,125,26,0,26,151
11/18/2020,MYR,SC,ASO,ES,Combined TRACON& Tower with Radar,35,11,15,4,65,0,30,29,1,60,35,41,44,5,125,36,0,36,161
11/19/2020,MYR,SC,ASO,ES,Combined TRACON& Tower with Radar,38,7,17,10,72,0,30,33,2,65,38,37,50,12,137,78,8,86,223
11/20/2020,MYR,SC,ASO,ES,Combined TRACON& Tower with Radar,37,6,22,15,80,0,67,24,0,91,37,73,46,15,171,24,2,26,197
11/21/2020,MYR,SC,ASO,ES,Combined TRACON& Tower with Radar,40,4,10,32,86,0,144,28,13,185,40,148,38,45,271,20,10,30,301
11/22/2020,MYR,SC,ASO,ES,Combined TRACON& Tower with Radar,43,9,20,19,91,0,116,17,1,134,43,125,37,20,225,2,8,10,235
11/23/2020,MYR,SC,ASO,ES,Combined TRACON& Tower with Radar,27,12,10,18,67,0,47,29,1,77,27,59,39,19,144,38,0,38,182
11/24/2020,MYR,SC,ASO,ES,Combined TRACON& Tower with Radar,39,11,12,8,70,0,61,38,0,99,39,72,50,8,169,36,0,36,205
11/25/2020,MYR,SC,ASO,ES,Combined TRACON& Tower with Radar,41,8,15,7,71,0,62,20,0,82,41,70,35,7,153,50,0,50,203
11/26/2020,MYR,SC,ASO,ES,Combined TRACON& Tower with Radar,18,0,4,0,22,0,0,6,0,6,18,0,10,0,28,8,0,8,36
11/27/2020,MYR,SC,ASO,ES,Combined TRACON& Tower with Radar,35,13,15,0,63,0,178,15,0,193,35,191,30,0,256,4,0,4,260
11/28/2020,MYR,SC,ASO,ES,Combined TRACON& Tower with Radar,41,8,7,0,56,0,197,10,0,207,41,205,17,0,263,0,0,0,263
11/29/2020,MYR,SC,ASO,ES,Combined TRACON& Tower with Radar,43,2,18,0,63,0,98,4,0,102,43,100,22,0,165,10,0,10,175
11/30/2020,MYR,SC,ASO,ES,Combined TRACON& Tower with Radar,42,5,3,5,55,0,14,0,0,14,42,19,3,5,69,2,0,2,71
12/01/2020,MYR,SC,ASO,ES,Combined TRACON& Tower with Radar,36,12,6,5,59,0,20,26,0,46,36,32,32,5,105,26,18,44,149
12/02/2020,MYR,SC,ASO,ES,Combined TRACON& Tower with Radar,25,7,13,41,86,0,17,24,0,41,25,24,37,41,127,88,2,90,217
12/03/2020,MYR,SC,ASO,ES,Combined TRACON& Tower with Radar,43,10,18,15,86,0,30,35,3,68,43,40,53,18,154,108,16,124,278
12/04/2020,MYR,SC,ASO,ES,Combined TRACON& Tower with Radar,37,11,10,12,70,0,22,27,1,50,37,33,37,13,120,97,16,113,233
12/05/2020,MYR,SC,ASO,ES,Combined TRACON& Tower with Radar,22,3,14,0,39,0,80,18,0,98,22,83,32,0,137,32,0,32,169
12/06/2020,MYR,SC,ASO,ES,Combined TRACON& Tower with Radar,37,3,17,4,61,0,58,26,0,84,37,61,43,4,145,20,0,20,165
12/07/2020,MYR,SC,ASO,ES,Combined TRACON& Tower with Radar,34,4,6,10,54,0,10,7,0,17,34,14,13,10,71,58,0,58,129
12/08/2020,MYR,SC,ASO,ES,Combined TRACON& Tower with Radar,22,5,13,14,54,0,30,25,4,59,22,35,38,18,113,44,0,44,157
12/09/2020,MYR,SC,ASO,ES,Combined TRACON& Tower with Radar,23,8,16,10,57,0,34,28,0,62,23,42,44,10,119,50,0,50,169
12/10/2020,MYR,SC,ASO,ES,Combined TRACON& Tower with Radar,35,7,16,13,71,0,28,31,3,62,35,35,47,16,133,45,12,57,190
12/11/2020,MYR,SC,ASO,ES,Combined TRACON& Tower with Radar,34,8,16,2,60,0,20,30,0,50,34,28,46,2,110,58,0,58,168
12/12/2020,MYR,SC,ASO,ES,Combined TRACON& Tower with Radar,24,4,17,1,46,0,96,22,0,118,24,100,39,1,164,2,0,2,166
12/13/2020,MYR,SC,ASO,ES,Combined TRACON& Tower with Radar,41,6,13,0,60,0,58,4,0,62,41,64,17,0,122,14,0,14,136
12/14/2020,MYR,SC,ASO,ES,Combined TRACON& Tower with Radar,36,2,10,8,56,0,9,1,0,10,36,11,11,8,66,8,6,14,80
12/15/2020,MYR,SC,ASO,ES,Combined TRACON& Tower with Radar,21,9,23,33,86,0,26,28,0,54,21,35,51,33,140,14,0,14,154
12/16/2020,MYR,SC,ASO,ES,Combined TRACON& Tower with Radar,31,10,6,1,48,0,4,0,0,4,31,14,6,1,52,0,0,0,52
12/17/2020,MYR,SC,ASO,ES,Combined TRACON& Tower with Radar,42,10,14,10,76,0,4,0,0,4,42,14,14,10,80,0,0,0,80
12/18/2020,MYR,SC,ASO,ES,Combined TRACON& Tower with Radar,39,7,25,2,73,0,20,32,2,54,39,27,57,4,127,43,4,47,174
12/19/2020,MYR,SC,ASO,ES,Combined TRACON& Tower with Radar,46,4,21,0,71,0,66,31,0,97,46,70,52,0,168,4,0,4,172
12/20/2020,MYR,SC,ASO,ES,Combined TRACON& Tower with Radar,39,0,7,0,46,0,0,0,0,0,39,0,7,0,46,0,0,0,46
12/21/2020,MYR,SC,ASO,ES,Combined TRACON& Tower with Radar,36,3,28,26,93,0,16,5,0,21,36,19,33,26,114,18,10,28,142
12/22/2020,MYR,SC,ASO,ES,Combined TRACON& Tower with Radar,38,9,15,8,70,0,48,28,0,76,38,57,43,8,146,6,28,34,180
12/23/2020,MYR,SC,ASO,ES,Combined TRACON& Tower with Radar,54,5,16,0,75,0,49,32,0,81,54,54,48,0,156,19,0,19,175
12/24/2020,MYR,SC,ASO,ES,Combined TRACON& Tower with Radar,29,7,7,0,43,0,4,0,0,4,29,11,7,0,47,0,0,0,47
12/25/2020,MYR,SC,ASO,ES,Combined TRACON& Tower with Radar,26,2,0,0,28,0,0,1,0,1,26,2,1,0,29,0,0,0,29
12/26/2020,MYR,SC,ASO,ES,Combined TRACON& Tower with Radar,43,4,18,0,65,0,164,19,0,183,43,168,37,0,248,26,0,26,274
12/27/2020,MYR,SC,ASO,ES,Combined TRACON& Tower with Radar,43,1,18,0,62,0,121,34,2,157,43,122,52,2,219,4,0,4,223
12/28/2020,MYR,SC,ASO,ES,Combined TRACON& Tower with Radar,40,4,14,8,66,0,116,18,0,134,40,120,32,8,200,38,4,42,242
12/29/2020,MYR,SC,ASO,ES,Combined TRACON& Tower with Radar,39,9,14,7,69,0,178,21,0,199,39,187,35,7,268,31,0,31,299
12/30/2020,MYR,SC,ASO,ES,Combined TRACON& Tower with Radar,43,9,27,2,81,0,140,11,0,151,43,149,38,2,232,6,0,6,238
12/31/2020,MYR,SC,ASO,ES,Combined TRACON& Tower with Radar,32,8,15,0,55,0,96,2,0,98,32,104,17,0,153,0,0,0,153
01/01/2021,MYR,SC,ASO,ES,Combined TRACON& Tower with Radar,29,5,1,0,35,0,0,0,0,0,29,5,1,0,35,0,0,0,35
01/02/2021,MYR,SC,ASO,ES,Combined TRACON& Tower with Radar,48,5,11,0,64,0,144,0,0,144,48,149,11,0,208,0,0,0,208
01/03/2021,MYR,SC,ASO,ES,Combined TRACON& Tower with Radar,41,2,13,0,56,0,137,4,0,141,41,139,17,0,197,6,0,6,203
01/04/2021,MYR,SC,ASO,ES,Combined TRACON& Tower with Radar,37,6,16,10,69,0,40,22,0,62,37,46,38,10,131,57,0,57,188
01/05/2021,MYR,SC,ASO,ES,Combined TRACON& Tower with Radar,25,5,6,14,50,0,11,2,0,13,25,16,8,14,63,8,0,8,71
01/06/2021,MYR,SC,ASO,ES,Combined TRACON& Tower with Radar,18,5,30,11,64,0,28,27,0,55,18,33,57,11,119,32,0,32,151
01/07/2021,MYR,SC,ASO,ES,Combined TRACON& Tower with Radar,30,13,13,12,68,0,26,7,0,33,30,39,20,12,101,64,0,64,165
01/08/2021,MYR,SC,ASO,ES,Combined TRACON& Tower with Radar,28,8,5,10,51,0,8,0,1,9,28,16,5,11,60,10,0,10,70
01/09/2021,MYR,SC,ASO,ES,Combined TRACON& Tower with Radar,26,6,18,0,50,0,86,22,1,109,26,92,40,1,159,4,0,4,163
01/10/2021,MYR,SC,ASO,ES,Combined TRACON& Tower with Radar,32,2,16,3,53,0,86,20,0,106,32,88,36,3,159,0,8,8,167
01/11/2021,MYR,SC,ASO,ES,Combined TRACON& Tower with Radar,26,5,5,16,52,0,12,4,0,16,26,17,9,16,68,44,8,52,120
01/12/2021,MYR,SC,ASO,ES,Combined TRACON& Tower with Radar,14,7,7,6,34,0,4,1,0,5,14,11,8,6,39,0,0,0,39
01/13/2021,MYR,SC,ASO,ES,Combined TRACON& Tower with Radar,18,8,22,12,60,0,18,1,1,20,18,26,23,13,80,42,6,48,128
01/14/2021,MYR,SC,ASO,ES,Combined TRACON& Tower with Radar,32,4,21,31,88,0,44,20,7,71,32,48,41,38,159,82,10,92,251
01/15/2021,MYR,SC,ASO,ES,Combined TRACON& Tower with Radar,29,5,5,7,46,0,26,7,0,33,29,31,12,7,79,64,16,80,159
01/16/2021,MYR,SC,ASO,ES,Combined TRACON& Tower with Radar,28,4,7,3,42,0,97,6,0,103,28,101,13,3,145,0,0,0,145
01/17/2021,MYR,SC,ASO,ES,Combined TRACON& Tower with Radar,28,4,10,2,44,0,106,33,0,139,28,110,43,2,183,8,0,8,191
01/18/2021,MYR,SC,ASO,ES,Combined TRACON& Tower with Radar,25,2,8,0,35,0,62,11,0,73,25,64,19,0,108,22,0,22,130
01/19/2021,MYR,SC,ASO,ES,Combined TRACON& Tower with Radar,27,8,7,9,51,0,38,45,1,84,27,46,52,10,135,56,8,64,199
01/20/2021,MYR,SC,ASO,ES,Combined TRACON& Tower with Radar,20,7,5,10,42,0,16,18,0,34,20,23,23,10,76,12,0,12,88
01/21/2021,MYR,SC,ASO,ES,Combined TRACON& Tower with Radar,30,9,16,2,57,0,8,3,0,11,30,17,19,2,68,30,0,30,98
01/22/2021,MYR,SC,ASO,ES,Combined TRACON& Tower with Radar,28,5,11,6,50,0,37,29,0,66,28,42,40,6,116,44,0,44,160
01/23/2021,MYR,SC,ASO,ES,Combined TRACON& Tower with Radar,26,4,13,6,49,0,127,29,0,156,26,131,42,6,205,16,0,16,221
01/24/2021,MYR,SC,ASO,ES,Combined TRACON& Tower with Radar,30,3,1,2,36,0,115,27,4,146,30,118,28,6,182,14,0,14,196
01/25/2021,MYR,SC,ASO,ES,Combined TRACON& Tower with Radar,38,3,4,8,53,0,0,0,0,0,38,3,4,8,53,0,0,0,53
01/26/2021,MYR,SC,ASO,ES,Combined TRACON& Tower with Radar,14,9,16,9,48,0,12,0,0,12,14,21,16,9,60,0,0,0,60
01/27/2021,MYR,SC,ASO,ES,Combined TRACON& Tower with Radar,18,5,3,0,26,0,2,0,0,2,18,7,3,0,28,0,0,0,28
01/28/2021,MYR,SC,ASO,ES,Combined TRACON& Tower with Radar,25,5,8,8,46,0,16,8,0,24,25,21,16,8,70,0,0,0,70
01/29/2021,MYR,SC,ASO,ES,Combined TRACON& Tower with Radar,29,13,17,18,77,0,10,40,2,52,29,23,57,20,129,27,12,39,168
01/30/2021,MYR,SC,ASO,ES,Combined TRACON& Tower with Radar,30,6,6,1,43,0,183,20,0,203,30,189,26,1,246,16,0,16,262
01/31/2021,MYR,SC,ASO,ES,Combined TRACON& Tower with Radar,30,1,9,0,40,0,22,1,0,23,30,23,10,0,63,0,0,0,63
02/01/2021,MYR,SC,ASO,ES,Combined TRACON& Tower with Radar,22,6,19,16,63,0,0,0,0,0,22,6,19,16,63,0,0,0,63
02/02/2021,MYR,SC,ASO,ES,Combined TRACON& Tower with Radar,15,9,7,14,45,0,32,6,2,40,15,41,13,16,85,38,36,74,159
02/03/2021,MYR,SC,ASO,ES,Combined TRACON& Tower with Radar,35,7,15,16,73,2,22,9,1,34,37,29,24,17,107,8,8,16,123
02/04/2021,MYR,SC,ASO,ES,Combined TRACON& Tower with Radar,30,7,20,25,82,0,43,29,0,72,30,50,49,25,154,32,14,46,200
02/05/2021,MYR,SC,ASO,ES,Combined TRACON& Tower with Radar,28,7,3,10,48,0,6,0,0,6,28,13,3,10,54,2,0,2,56
02/06/2021,MYR,SC,ASO,ES,Combined TRACON& Tower with Radar,27,5,10,1,43,0,118,10,0,128,27,123,20,1,171,28,0,28,199
02/07/2021,MYR,SC,ASO,ES,Combined TRACON& Tower with Radar,28,1,5,0,34,0,36,6,0,42,28,37,11,0,76,0,0,0,76
02/08/2021,MYR,SC,ASO,ES,Combined TRACON& Tower with Radar,28,7,11,10,56,0,62,39,0,101,28,69,50,10,157,22,8,30,187
02/09/2021,MYR,SC,ASO,ES,Combined TRACON& Tower with Radar,15,21,11,7,54,0,6,3,0,9,15,27,14,7,63,16,0,16,79
02/10/2021,MYR,SC,ASO,ES,Combined TRACON& Tower with Radar,19,14,22,10,65,0,10,6,9,25,19,24,28,19,90,0,8,8,98
02/11/2021,MYR,SC,ASO,ES,Combined TRACON& Tower with Radar,61,8,4,14,87,0,12,0,0,12,61,20,4,14,99,0,0,0,99
02/12/2021,MYR,SC,ASO,ES,Combined TRACON& Tower with Radar,38,4,14,2,58,0,0,0,0,0,38,4,14,2,58,0,0,0,58
02/13/2021,MYR,SC,ASO,ES,Combined TRACON& Tower with Radar,28,5,6,2,41,0,0,0,0,0,28,5,6,2,41,0,0,0,41
02/14/2021,MYR,SC,ASO,ES,Combined TRACON& Tower with Radar,35,5,3,0,43,0,0,0,0,0,35,5,3,0,43,0,0,0,43
02/15/2021,MYR,SC,ASO,ES,Combined TRACON& Tower with Radar,36,6,4,0,46,0,0,0,0,0,36,6,4,0,46,0,0,0,46
02/16/2021,MYR,SC,ASO,ES,Combined TRACON& Tower with Radar,16,9,17,22,64,0,96,20,0,116,16,105,37,22,180,7,13,20,200
02/17/2021,MYR,SC,ASO,ES,Combined TRACON& Tower with Radar,21,10,25,13,69,0,70,41,3,114,21,80,66,16,183,14,6,20,203
02/18/2021,MYR,SC,ASO,ES,Combined TRACON& Tower with Radar,34,6,2,0,42,0,0,0,0,0,34,6,2,0,42,0,0,0,42
02/19/2021,MYR,SC,ASO,ES,Combined TRACON& Tower with Radar,38,7,9,0,54,0,0,0,0,0,38,7,9,0,54,0,0,0,54
02/20/2021,MYR,SC,ASO,ES,Combined TRACON& Tower with Radar,30,6,26,3,65,0,264,51,6,321,30,270,77,9,386,61,0,61,447
02/21/2021,MYR,SC,ASO,ES,Combined TRACON& Tower with Radar,39,5,38,0,82,0,179,51,4,234,39,184,89,4,316,34,0,34,350
02/22/2021,MYR,SC,ASO,ES,Combined TRACON& Tower with Radar,38,5,5,4,52,0,23,0,0,23,38,28,5,4,75,20,0,20,95
02/23/2021,MYR,SC,ASO,ES,Combined TRACON& Tower with Radar,20,9,15,24,68,0,86,41,3,130,20,95,56,27,198,74,8,82,280
02/24/2021,MYR,SC,ASO,ES,Combined TRACON& Tower with Radar,22,8,9,8,47,0,122,29,12,163,22,130,38,20,210,64,4,68,278
02/25/2021,MYR,SC,ASO,ES,Combined TRACON& Tower with Radar,46,8,14,12,80,0,107,33,7,147,46,115,47,19,227,99,0,99,326
02/26/2021,MYR,SC,ASO,ES,Combined TRACON& Tower with Radar,44,9,16,10,79,0,72,17,0,89,44,81,33,10,168,10,0,10,178
02/27/2021,MYR,SC,ASO,ES,Combined TRACON& Tower with Radar,32,2,29,2,65,0,380,30,0,410,32,382,59,2,475,62,0,62,537
02/28/2021,MYR,SC,ASO,ES,Combined TRACON& Tower with Radar,40,2,24,0,66,0,214,9,0,223,40,216,33,0,289,10,0,10,299
03/01/2021,MYR,SC,ASO,ES,Combined TRACON& Tower with Radar,36,4,9,15,64,0,34,1,0,35,36,38,10,15,99,8,10,18,117
03/02/2021,MYR,SC,ASO,ES,Combined TRACON& Tower with Radar,21,7,14,17,59,0,42,23,0,65,21,49,37,17,124,10,12,22,146
03/03/2021,MYR,SC,ASO,ES,Combined TRACON& Tower with Radar,36,14,15,2,67,0,8,5,0,13,36,22,20,2,80,21,0,21,101
03/04/2021,MYR,SC,ASO,ES,Combined TRACON& Tower with Radar,60,18,30,21,129,0,44,40,0,84,60,62,70,21,213,57,36,93,306
03/05/2021,MYR,SC,ASO,ES,Combined TRACON& Tower with Radar,60,11,19,29,119,0,146,48,4,198,60,157,67,33,317,29,6,35,352
03/06/2021,MYR,SC,ASO,ES,Combined TRACON& Tower with Radar,51,10,16,12,89,0,286,37,3,326,51,296,53,15,415,40,0,40,455
03/07/2021,MYR,SC,ASO,ES,Combined TRACON& Tower with Radar,55,13,19,0,87,0,241,30,0,271,55,254,49,0,358,6,0,6,364
03/08/2021,MYR,SC,ASO,ES,Combined TRACON& Tower with Radar,59,7,11,21,98,0,86,42,0,128,59,93,53,21,226,12,12,24,250
03/09/2021,MYR,SC,ASO,ES,Combined TRACON& Tower with Radar,42,10,11,14,77,0,114,28,0,142,42,124,39,14,219,63,16,79,298
03/10/2021,MYR,SC,ASO,ES,Combined TRACON& Tower with Radar,52,10,17,31,110,0,114,37,1,152,52,124,54,32,262,44,34,78,340
03/11/2021,MYR,SC,ASO,ES,Combined TRACON& Tower with Radar,62,14,29,26,131,0,114,39,1,154,62,128,68,27,285,42,22,64,349
03/12/2021,MYR,SC,ASO,ES,Combined TRACON& Tower with Radar,59,10,12,14,95,0,219,33,4,256,59,229,45,18,351,20,0,20,371
03/13/2021,MYR,SC,ASO,ES,Combined TRACON& Tower with Radar,53,14,14,25,106,0,467,20,2,489,53,481,34,27,595,0,0,0,595
03/14/2021,MYR,SC,ASO,ES,Combined TRACON& Tower with Radar,64,6,25,10,105,0,322,15,0,337,64,328,40,10,442,0,0,0,442
03/15/2021,MYR,SC,ASO,ES,Combined TRACON& Tower with Radar,64,6,14,39,123,0,162,15,4,181,64,168,29,43,304,12,16,28,332
03/16/2021,MYR,SC,ASO,ES,Combined TRACON& Tower with Radar,57,9,12,0,78,0,0,0,0,0,57,9,12,0,78,0,0,0,78
03/17/2021,MYR,SC,ASO,ES,Combined TRACON& Tower with Radar,57,12,20,7,96,0,108,2,0,110,57,120,22,7,206,2,0,2,208
03/18/2021,MYR,SC,ASO,ES,Combined TRACON& Tower with Radar,75,16,10,4,105,0,0,0,0,0,75,16,10,4,105,2,0,2,107
03/19/2021,MYR,SC,ASO,ES,Combined TRACON& Tower with Radar,64,12,21,0,97,0,208,6,0,214,64,220,27,0,311,4,0,4,315
03/20/2021,MYR,SC,ASO,ES,Combined TRACON& Tower with Radar,54,16,17,0,87,0,462,11,0,473,54,478,28,0,560,10,0,10,570
03/21/2021,MYR,SC,ASO,ES,Combined TRACON& Tower with Radar,63,12,13,0,88,0,334,5,0,339,63,346,18,0,427,0,0,0,427
03/22/2021,MYR,SC,ASO,ES,Combined TRACON& Tower with Radar,65,7,19,8,99,0,146,6,0,152,65,153,25,8,251,6,0,6,257
03/23/2021,MYR,SC,ASO,ES,Combined TRACON& Tower with Radar,55,13,30,57,155,0,139,8,0,147,55,152,38,57,302,24,20,44,346
03/24/2021,MYR,SC,ASO,ES,Combined TRACON& Tower with Radar,55,9,24,29,117,0,128,22,3,153,55,137,46,32,270,20,32,52,322
03/25/2021,MYR,SC,ASO,ES,Combined TRACON& Tower with Radar,69,12,35,30,146,0,278,19,3,300,69,290,54,33,446,13,25,38,484
03/26/2021,MYR,SC,ASO,ES,Combined TRACON& Tower with Radar,64,11,13,11,99,0,276,15,1,292,64,287,28,12,391,32,8,40,431
03/27/2021,MYR,SC,ASO,ES,Combined TRACON& Tower with Radar,58,10,25,4,97,0,487,6,1,494,58,497,31,5,591,16,12,28,619
03/28/2021,MYR,SC,ASO,ES,Combined TRACON& Tower with Radar,61,17,14,2,94,0,397,4,2,403,61,414,18,4,497,0,0,0,497
03/29/2021,MYR,SC,ASO,ES,Combined TRACON& Tower with Radar,64,12,18,23,117,0,381,42,3,426,64,393,60,26,543,24,25,49,592
03/30/2021,MYR,SC,ASO,ES,Combined TRACON& Tower with Radar,58,15,25,18,116,0,443,29,0,472,58,458,54,18,588,0,12,12,600
03/31/2021,MYR,SC,ASO,ES,Combined TRACON& Tower with Radar,49,24,14,7,94,0,281,3,0,284,49,305,17,7,378,0,0,0,378
04/01/2021,MYR,SC,ASO,ES,Combined TRACON& Tower with Radar,61,25,14,33,133,0,461,3,0,464,61,486,17,33,597,6,10,16,613
04/02/2021,MYR,SC,ASO,ES,Combined TRACON& Tower with Radar,68,18,32,4,122,0,608,42,4,654,68,626,74,8,776,2,0,2,778
04/03/2021,MYR,SC,ASO,ES,Combined TRACON& Tower with Radar,67,6,26,2,101,0,728,38,0,766,67,734,64,2,867,20,0,20,887
04/04/2021,MYR,SC,ASO,ES,Combined TRACON& Tower with Radar,67,8,9,0,84,0,763,20,0,783,67,771,29,0,867,9,0,9,876
04/05/2021,MYR,SC,ASO,ES,Combined TRACON& Tower with Radar,69,17,31,10,127,0,513,42,1,556,69,530,73,11,683,34,8,42,725
04/06/2021,MYR,SC,ASO,ES,Combined TRACON& Tower with Radar,64,14,24,20,122,0,529,41,0,570,64,543,65,20,692,2,22,24,716
04/07/2021,MYR,SC,ASO,ES,Combined TRACON& Tower with Radar,62,13,31,42,148,0,636,46,6,688,62,649,77,48,836,26,16,42,878
04/08/2021,MYR,SC,ASO,ES,Combined TRACON& Tower with Radar,75,11,21,28,135,0,757,37,1,795,75,768,58,29,930,70,26,96,1026
04/09/2021,MYR,SC,ASO,ES,Combined TRACON& Tower with Radar,70,16,25,13,124,0,711,27,0,738,70,727,52,13,862,6,0,6,868
04/10/2021,MYR,SC,ASO,ES,Combined TRACON& Tower with Radar,71,11,11,9,102,0,731,2,0,733,71,742,13,9,835,4,6,10,845
04/11/2021,MYR,SC,ASO,ES,Combined TRACON& Tower with Radar,74,8,7,4,93,0,623,6,4,633,74,631,13,8,726,0,4,4,730
04/12/2021,MYR,SC,ASO,ES,Combined TRACON& Tower with Radar,69,13,37,5,124,0,299,22,0,321,69,312,59,5,445,56,5,61,506
04/13/2021,MYR,SC,ASO,ES,Combined TRACON& Tower with Radar,69,14,17,32,132,0,270,32,0,302,69,284,49,32,434,23,45,68,502
04/14/2021,MYR,SC,ASO,ES,Combined TRACON& Tower with Radar,67,23,32,22,144,0,229,39,0,268,67,252,71,22,412,28,2,30,442
04/15/2021,MYR,SC,ASO,ES,Combined TRACON& Tower with Radar,85,13,29,29,156,0,233,15,0,248,85,246,44,29,404,14,11,25,429
04/16/2021,MYR,SC,ASO,ES,Combined TRACON& Tower with Radar,75,18,26,3,122,0,298,42,1,341,75,316,68,4,463,22,0,22,485
04/17/2021,MYR,SC,ASO,ES,Combined TRACON& Tower with Radar,72,13,8,5,98,0,687,29,9,725,72,700,37,14,823,40,20,60,883
04/18/2021,MYR,SC,ASO,ES,Combined TRACON& Tower with Radar,83,9,23,0,115,0,579,34,0,613,83,588,57,0,728,6,0,6,734
04/19/2021,MYR,SC,ASO,ES,Combined TRACON& Tower with Radar,75,12,13,15,115,0,274,26,4,304,75,286,39,19,419,4,16,20,439
04/20/2021,MYR,SC,ASO,ES,Combined TRACON& Tower with Radar,68,12,23,21,124,0,270,28,2,300,68,282,51,23,424,60,24,84,508
04/21/2021,MYR,SC,ASO,ES,Combined TRACON& Tower with Radar,73,17,27,9,126,0,154,9,2,165,73,171,36,11,291,0,0,0,291
04/22/2021,MYR,SC,ASO,ES,Combined TRACON& Tower with Radar,83,19,28,11,141,0,325,41,1,367,83,344,69,12,508,20,15,35,543
04/23/2021,MYR,SC,ASO,ES,Combined TRACON& Tower with Radar,77,20,22,17,136,0,341,52,4,397,77,361,74,21,533,53,12,65,598
04/24/2021,MYR,SC,ASO,ES,Combined TRACON& Tower with Radar,75,12,12,0,99,0,236,4,0,240,75,248,16,0,339,0,0,0,339
04/25/2021,MYR,SC,ASO,ES,Combined TRACON& Tower with Radar,84,18,24,9,135,0,503,14,0,517,84,521,38,9,652,4,0,4,656
04/26/2021,MYR,SC,ASO,ES,Combined TRACON& Tower with Radar,72,11,28,26,137,0,213,34,3,250,72,224,62,29,387,14,8,22,409
04/27/2021,MYR,SC,ASO,ES,Combined TRACON& Tower with Radar,71,17,29,12,129,0,209,45,0,254,71,226,74,12,383,68,10,78,461
04/28/2021,MYR,SC,ASO,ES,Combined TRACON& Tower with Radar,69,20,26,25,140,0,188,26,2,216,69,208,52,27,356,36,30,66,422
04/29/2021,MYR,SC,ASO,ES,Combined TRACON& Tower with Radar,84,21,28,6,139,0,221,26,0,247,84,242,54,6,386,12,0,12,398
04/30/2021,MYR,SC,ASO,ES,Combined TRACON& Tower with Radar,74,24,14,20,132,0,335,29,0,364,74,359,43,20,496,12,12,24,520
05/01/2021,MYR,SC,ASO,ES,Combined TRACON& Tower with Radar,74,11,22,28,135,1,648,40,8,697,75,659,62,36,832,18,16,34,866
05/02/2021,MYR,SC,ASO,ES,Combined TRACON& Tower with Radar,84,13,28,0,125,0,437,20,1,458,84,450,48,1,583,4,0,4,587
05/03/2021,MYR,SC,ASO,ES,Combined TRACON& Tower with Radar,72,22,18,6,118,0,198,1,0,199,72,220,19,6,317,8,0,8,325
05/04/2021,MYR,SC,ASO,ES,Combined TRACON& Tower with Radar,84,14,12,33,143,0,198,22,4,224,84,212,34,37,367,40,4,44,411
05/05/2021,MYR,SC,ASO,ES,Combined TRACON& Tower with Radar,82,11,21,9,123,0,210,12,20,242,82,221,33,29,365,2,18,20,385
05/06/2021,MYR,SC,ASO,ES,Combined TRACON& Tower with Radar,110,12,31,18,171,0,247,25,4,276,110,259,56,22,447,8,14,22,469
05/07/2021,MYR,SC,ASO,ES,Combined TRACON& Tower with Radar,96,9,17,11,133,0,348,29,4,381,96,357,46,15,514,16,26,42,556
05/08/2021,MYR,SC,ASO,ES,Combined TRACON& Tower with Radar,101,12,13,11,137,0,645,22,3,670,101,657,35,14,807,0,10,10,817
05/09/2021,MYR,SC,ASO,ES,Combined TRACON& Tower with Radar,123,12,20,5,160,0,609,11,1,621,123,621,31,6,781,0,0,0,781
05/10/2021,MYR,SC,ASO,ES,Combined TRACON& Tower with Radar,94,10,8,13,125,0,246,10,3,259,94,256,18,16,384,30,14,44,428
05/11/2021,MYR,SC,ASO,ES,Combined TRACON& Tower with Radar,90,20,21,13,144,0,207,1,0,208,90,227,22,13,352,36,0,36,388
05/12/2021,MYR,SC,ASO,ES,Combined TRACON& Tower with Radar,85,16,11,0,112,0,20,1,1,22,85,36,12,1,134,0,0,0,134
05/13/2021,MYR,SC,ASO,ES,Combined TRACON& Tower with Radar,117,16,15,27,175,0,254,39,6,299,117,270,54,33,474,26,6,32,506
05/14/2021,MYR,SC,ASO,ES,Combined TRACON& Tower with Radar,99,14,19,2,134,0,352,36,0,388,99,366,55,2,522,24,0,24,546
05/15/2021,MYR,SC,ASO,ES,Combined TRACON& Tower with Radar,96,10,20,7,133,0,566,33,5,604,96,576,53,12,737,10,6,16,753
05/16/2021,MYR,SC,ASO,ES,Combined TRACON& Tower with Radar,124,13,17,0,154,0,435,28,0,463,124,448,45,0,617,0,0,0,617
05/17/2021,MYR,SC,ASO,ES,Combined TRACON& Tower with Radar,96,8,15,12,131,0,235,44,0,279,96,243,59,12,410,39,0,39,449
05/18/2021,MYR,SC,ASO,ES,Combined TRACON& Tower with Radar,95,18,18,13,144,0,302,35,0,337,95,320,53,13,481,38,8,46,527
05/19/2021,MYR,SC,ASO,ES,Combined TRACON& Tower with Radar,85,12,25,15,137,0,238,34,0,272,85,250,59,15,409,37,2,39,448
05/20/2021,MYR,SC,ASO,ES,Combined TRACON& Tower with Radar,115,16,23,7,161,0,342,45,0,387,115,358,68,7,548,122,0,122,670
05/21/2021,MYR,SC,ASO,ES,Combined TRACON& Tower with Radar,97,14,20,15,146,0,386,27,1,414,97,400,47,16,560,20,0,20,580
05/22/2021,MYR,SC,ASO,ES,Combined TRACON& Tower with Radar,95,22,27,0,144,0,663,21,2,686,95,685,48,2,830,4,0,4,834
05/23/2021,MYR,SC,ASO,ES,Combined TRACON& Tower with Radar,129,11,27,6,173,0,478,31,0,509,129,489,58,6,682,0,0,0,682
05/24/2021,MYR,SC,ASO,ES,Combined TRACON& Tower with Radar,106,11,25,8,150,0,265,31,5,301,106,276,56,13,451,62,14,76,527
05/25/2021,MYR,SC,ASO,ES,Combined TRACON& Tower with Radar,103,12,30,31,176,0,364,27,0,391,103,376,57,31,567,109,12,121,688
05/26/2021,MYR,SC,ASO,ES,Combined TRACON& Tower with Radar,99,16,42,20,177,0,369,27,3,399,99,385,69,23,576,68,12,80,656
05/27/2021,MYR,SC,ASO,ES,Combined TRACON& Tower with Radar,129,20,28,5,182,0,306,34,2,342,129,326,62,7,524,14,0,14,538
05/28/2021,MYR,SC,ASO,ES,Combined TRACON& Tower with Radar,130,21,27,3,181,0,383,35,8,426,130,404,62,11,607,26,6,32,639
05/29/2021,MYR,SC,ASO,ES,Combined TRACON& Tower with Radar,122,12,19,0,153,0,815,12,6,833,122,827,31,6,986,0,0,0,986
05/30/2021,MYR,SC,ASO,ES,Combined TRACON& Tower with Radar,127,7,7,0,141,0,839,5,4,848,127,846,12,4,989,0,0,0,989
05/31/2021,MYR,SC,ASO,ES,Combined TRACON& Tower with Radar,130,13,16,0,159,0,680,31,1,712,130,693,47,1,871,54,0,54,925
06/01/2021,MYR,SC,ASO,ES,Combined TRACON& Tower with Radar,107,12,24,11,154,0,471,34,0,505,107,483,58,11,659,76,0,76,735
06/02/2021,MYR,SC,ASO,ES,Combined TRACON& Tower with Radar,121,18,23,20,182,0,418,6,2,426,121,436,29,22,608,44,13,57,665
06/03/2021,MYR,SC,ASO,ES,Combined TRACON& Tower with Radar,127,11,23,13,174,0,327,1,0,328,127,338,24,13,502,27,0,27,529
06/04/2021,MYR,SC,ASO,ES,Combined TRACON& Tower with Radar,132,13,14,10,169,0,278,7,2,287,132,291,21,12,456,0,2,2,458
06/05/2021,MYR,SC,ASO,ES,Combined TRACON& Tower with Radar,144,20,17,0,181,0,370,2,0,372,144,390,19,0,553,6,0,6,559
06/06/2021,MYR,SC,ASO,ES,Combined TRACON& Tower with Radar,158,29,15,0,202,0,206,5,0,211,158,235,20,0,413,0,0,0,413
06/07/2021,MYR,SC,ASO,ES,Combined TRACON& Tower with Radar,147,11,21,0,179,0,304,2,0,306,147,315,23,0,485,4,0,4,489
06/08/2021,MYR,SC,ASO,ES,Combined TRACON& Tower with Radar,110,19,16,6,151,0,394,8,0,402,110,413,24,6,553,74,0,74,627
06/09/2021,MYR,SC,ASO,ES,Combined TRACON& Tower with Radar,130,17,25,8,180,0,466,13,0,479,130,483,38,8,659,58,0,58,717
06/10/2021,MYR,SC,ASO,ES,Combined TRACON& Tower with Radar,148,16,38,12,214,0,465,20,2,487,148,481,58,14,701,32,4,36,737
06/11/2021,MYR,SC,ASO,ES,Combined TRACON& Tower with Radar,154,21,32,4,211,0,492,21,3,516,154,513,53,7,727,30,8,38,765
06/12/2021,MYR,SC,ASO,ES,Combined TRACON& Tower with Radar,167,14,19,0,200,0,465,5,7,477,167,479,24,7,677,6,0,6,683
06/13/2021,MYR,SC,ASO,ES,Combined TRACON& Tower with Radar,156,17,30,0,203,0,452,7,8,467,156,469,37,8,670,0,0,0,670
06/14/2021,MYR,SC,ASO,ES,Combined TRACON& Tower with Radar,148,14,47,24,233,0,350,47,10,407,148,364,94,34,640,20,26,46,686
06/15/2021,MYR,SC,ASO,ES,Combined TRACON& Tower with Radar,124,14,31,17,186,0,363,34,0,397,124,377,65,17,583,0,14,14,597
06/16/2021,MYR,SC,ASO,ES,Combined TRACON& Tower with Radar,136,14,30,3,183,0,566,44,0,610,136,580,74,3,793,26,0,26,819
06/17/2021,MYR,SC,ASO,ES,Combined TRACON& Tower with Radar,151,13,28,14,206,0,580,49,1,630,151,593,77,15,836,48,0,48,884
06/18/2021,MYR,SC,ASO,ES,Combined TRACON& Tower with Radar,153,16,26,3,198,0,558,20,2,580,153,574,46,5,778,10,0,10,788
06/19/2021,MYR,SC,ASO,ES,Combined TRACON& Tower with Radar,180,12,30,2,224,0,670,17,0,687,180,682,47,2,911,12,0,12,923
06/20/2021,MYR,SC,ASO,ES,Combined TRACON& Tower with Radar,165,13,15,0,193,0,484,1,0,485,165,497,16,0,678,0,0,0,678
06/21/2021,MYR,SC,ASO,ES,Combined TRACON& Tower with Radar,145,7,9,12,173,0,530,6,0,536,145,537,15,12,709,4,0,4,713
06/22/2021,MYR,SC,ASO,ES,Combined TRACON& Tower with Radar,117,16,11,0,144,0,326,2,0,328,117,342,13,0,472,0,0,0,472
06/23/2021,MYR,SC,ASO,ES,Combined TRACON& Tower with Radar,139,23,17,27,206,0,512,23,0,535,139,535,40,27,741,4,8,12,753
06/24/2021,MYR,SC,ASO,ES,Combined TRACON& Tower with Radar,162,20,25,6,213,0,662,49,0,711,162,682,74,6,924,12,8,20,944
06/25/2021,MYR,SC,ASO,ES,Combined TRACON& Tower with Radar,154,18,19,8,199,0,506,5,0,511,154,524,24,8,710,0,24,24,734
06/26/2021,MYR,SC,ASO,ES,Combined TRACON& Tower with Radar,177,18,22,0,217,0,548,1,0,549,177,566,23,0,766,20,0,20,786
06/27/2021,MYR,SC,ASO,ES,Combined TRACON& Tower with Radar,164,12,16,1,193,0,710,12,0,722,164,722,28,1,915,0,0,0,915
06/28/2021,MYR,SC,ASO,ES,Combined TRACON& Tower with Radar,158,7,11,0,176,0,281,7,2,290,158,288,18,2,466,0,0,0,466
06/29/2021,MYR,SC,ASO,ES,Combined TRACON& Tower with Radar,120,25,10,17,172,0,545,28,3,576,120,570,38,20,748,34,10,44,792
06/30/2021,MYR,SC,ASO,ES,Combined TRACON& Tower with Radar,142,19,13,48,222,0,644,21,7,672,142,663,34,55,894,42,10,52,946
07/01/2021,MYR,SC,ASO,ES,Combined TRACON& Tower with Radar,145,10,27,16,198,0,589,10,0,599,145,599,37,16,797,34,6,40,837
07/02/2021,MYR,SC,ASO,ES,Combined TRACON& Tower with Radar,169,9,20,2,200,0,302,2,0,304,169,311,22,2,504,14,0,14,518
07/03/2021,MYR,SC,ASO,ES,Combined TRACON& Tower with Radar,191,10,25,1,227,0,839,25,1,865,191,849,50,2,1092,16,0,16,1108
07/04/2021,MYR,SC,ASO,ES,Combined TRACON& Tower with Radar,159,4,18,0,181,0,929,24,0,953,159,933,42,0,1134,10,0,10,1144
07/05/2021,MYR,SC,ASO,ES,Combined TRACON& Tower with Radar,165,3,27,1,196,0,800,51,0,851,165,803,78,1,1047,34,0,34,1081
07/06/2021,MYR,SC,ASO,ES,Combined TRACON& Tower with Radar,129,9,22,13,173,0,799,51,1,851,129,808,73,14,1024,44,4,48,1072
07/07/2021,MYR,SC,ASO,ES,Combined TRACON& Tower with Radar,147,12,20,4,183,0,784,11,0,795,147,796,31,4,978,18,0,18,996
07/08/2021,MYR,SC,ASO,ES,Combined TRACON& Tower with Radar,164,16,7,2,189,0,0,1,0,1,164,16,8,2,190,0,0,0,190
07/09/2021,MYR,SC,ASO,ES,Combined TRACON& Tower with Radar,158,20,28,5,211,0,675,27,0,702,158,695,55,5,913,14,0,14,927
07/10/2021,MYR,SC,ASO,ES,Combined TRACON& Tower with Radar,192,10,31,0,233,0,759,28,0,787,192,769,59,0,1020,36,0,36,1056
07/11/2021,MYR,SC,ASO,ES,Combined TRACON& Tower with Radar,172,9,21,1,203,0,577,10,0,587,172,586,31,1,790,14,0,14,804
07/12/2021,MYR,SC,ASO,ES,Combined TRACON& Tower with Radar,157,7,11,17,192,0,457,14,1,472,157,464,25,18,664,34,22,56,720
07/13/2021,MYR,SC,ASO,ES,Combined TRACON& Tower with Radar,127,8,16,5,156,0,606,19,0,625,127,614,35,5,781,14,10,24,805
07/14/2021,MYR,SC,ASO,ES,Combined TRACON& Tower with Radar,150,15,15,23,203,0,607,22,0,629,150,622,37,23,832,38,34,72,904
07/15/2021,MYR,SC,ASO,ES,Combined TRACON& Tower with Radar,160,8,22,3,193,0,756,26,1,783,160,764,48,4,976,16,2,18,994
07/16/2021,MYR,SC,ASO,ES,Combined TRACON& Tower with Radar,163,7,15,16,201,0,814,23,0,837,163,821,38,16,1038,14,4,18,1056
07/17/2021,MYR,SC,ASO,ES,Combined TRACON& Tower with Radar,181,13,29,5,228,0,931,24,0,955,181,944,53,5,1183,26,2,28,1211
07/18/2021,MYR,SC,ASO,ES,Combined TRACON& Tower with Radar,165,7,21,2,195,0,439,12,1,452,165,446,33,3,647,4,12,16,663
07/19/2021,MYR,SC,ASO,ES,Combined TRACON& Tower with Radar,155,9,16,2,182,0,374,3,0,377,155,383,19,2,559,14,0,14,573
07/20/2021,MYR,SC,ASO,ES,Combined TRACON& Tower with Radar,130,21,15,10,176,0,551,9,0,560,130,572,24,10,736,14,16,30,766
07/21/2021,MYR,SC,ASO,ES,Combined TRACON& Tower with Radar,149,17,24,11,201,0,764,19,0,783,149,781,43,11,984,40,0,40,1024
07/22/2021,MYR,SC,ASO,ES,Combined TRACON& Tower with Radar,162,14,15,11,202,0,836,24,0,860,162,850,39,11,1062,30,0,30,1092
07/23/2021,MYR,SC,ASO,ES,Combined TRACON& Tower with Radar,158,14,20,2,194,0,766,12,0,778,158,780,32,2,972,4,0,4,976
07/24/2021,MYR,SC,ASO,ES,Combined TRACON& Tower with Radar,183,9,24,0,216,0,875,30,0,905,183,884,54,0,1121,8,0,8,1129
07/25/2021,MYR,SC,ASO,ES,Combined TRACON& Tower with Radar,177,10,20,0,207,0,759,17,0,776,177,769,37,0,983,16,0,16,999
07/26/2021,MYR,SC,ASO,ES,Combined TRACON& Tower with Radar,157,10,20,6,193,0,556,22,0,578,157,566,42,6,771,32,0,32,803
07/27/2021,MYR,SC,ASO,ES,Combined TRACON& Tower with Radar,131,8,14,4,157,0,555,17,0,572,131,563,31,4,729,26,0,26,755
07/28/2021,MYR,SC,ASO,ES,Combined TRACON& Tower with Radar,147,10,23,4,184,0,439,11,0,450,147,449,34,4,634,10,0,10,644
07/29/2021,MYR,SC,ASO,ES,Combined TRACON& Tower with Radar,155,7,21,7,190,0,815,52,5,872,155,822,73,12,1062,14,4,18,1080
07/30/2021,MYR,SC,ASO,ES,Combined TRACON& Tower with Radar,165,13,24,6,208,0,791,26,2,819,165,804,50,8,1027,16,10,26,1053
07/31/2021,MYR,SC,ASO,ES,Combined TRACON& Tower with Radar,185,13,17,2,217,0,872,6,2,880,185,885,23,4,1097,20,2,22,1119
08/01/2021,MYR,SC,ASO,ES,Combined TRACON& Tower with Radar,142,9,21,0,172,0,688,7,0,695,142,697,28,0,867,0,0,0,867
08/02/2021,MYR,SC,ASO,ES,Combined TRACON& Tower with Radar,124,5,17,0,146,0,632,23,0,655,124,637,40,0,801,62,0,62,863
08/03/2021,MYR,SC,ASO,ES,Combined TRACON& Tower with Radar,92,13,16,4,125,0,8,0,0,8,92,21,16,4,133,0,0,0,133
08/04/2021,MYR,SC,ASO,ES,Combined TRACON& Tower with Radar,108,13,27,8,156,0,484,0,0,484,108,497,27,8,640,4,0,4,644
08/05/2021,MYR,SC,ASO,ES,Combined TRACON& Tower with Radar,110,11,17,7,145,0,723,12,0,735,110,734,29,7,880,36,2,38,918
08/06/2021,MYR,SC,ASO,ES,Combined TRACON& Tower with Radar,114,18,25,6,163,0,320,4,0,324,114,338,29,6,487,0,0,0,487
08/07/2021,MYR,SC,ASO,ES,Combined TRACON& Tower with Radar,159,17,5,0,181,0,732,0,0,732,159,749,5,0,913,4,0,4,917
08/08/2021,MYR,SC,ASO,ES,Combined TRACON& Tower with Radar,146,10,24,0,180,0,727,37,0,764,146,737,61,0,944,30,0,30,974
08/09/2021,MYR,SC,ASO,ES,Combined TRACON& Tower with Radar,153,5,19,10,187,0,659,22,0,681,153,664,41,10,868,52,0,52,920
08/10/2021,MYR,SC,ASO,ES,Combined TRACON& Tower with Radar,129,19,16,2,166,0,714,31,2,747,129,733,47,4,913,54,0,54,967
08/11/2021,MYR,SC,ASO,ES,Combined TRACON& Tower with Radar,132,11,21,30,194,0,835,57,3,895,132,846,78,33,1089,2,12,14,1103
08/12/2021,MYR,SC,ASO,ES,Combined TRACON& Tower with Radar,148,12,40,20,220,0,818,47,2,867,148,830,87,22,1087,22,8,30,1117
08/13/2021,MYR,SC,ASO,ES,Combined TRACON& Tower with Radar,147,12,22,9,190,0,836,49,0,885,147,848,71,9,1075,26,0,26,1101
08/14/2021,MYR,SC,ASO,ES,Combined TRACON& Tower with Radar,175,18,16,2,211,0,991,19,0,1010,175,1009,35,2,1221,2,0,2,1223
08/15/2021,MYR,SC,ASO,ES,Combined TRACON& Tower with Radar,163,9,7,2,181,0,803,7,0,810,163,812,14,2,991,0,0,0,991
08/16/2021,MYR,SC,ASO,ES,Combined TRACON& Tower with Radar,154,9,28,4,195,0,613,16,0,629,154,622,44,4,824,0,0,0,824
08/17/2021,MYR,SC,ASO,ES,Combined TRACON& Tower with Radar,115,12,7,2,136,0,238,2,0,240,115,250,9,2,376,0,0,0,376
08/18/2021,MYR,SC,ASO,ES,Combined TRACON& Tower with Radar,119,9,16,2,146,0,632,5,0,637,119,641,21,2,783,6,0,6,789
08/19/2021,MYR,SC,ASO,ES,Combined TRACON& Tower with Radar,142,12,20,19,193,0,701,31,2,734,142,713,51,21,927,48,0,48,975
08/20/2021,MYR,SC,ASO,ES,Combined TRACON& Tower with Radar,139,10,16,6,171,0,740,18,0,758,139,750,34,6,929,40,2,42,971
08/21/2021,MYR,SC,ASO,ES,Combined TRACON& Tower with Radar,151,18,15,0,184,0,415,7,0,422,151,433,22,0,606,14,0,14,620
08/22/2021,MYR,SC,ASO,ES,Combined TRACON& Tower with Radar,145,6,18,4,173,0,456,9,0,465,145,462,27,4,638,0,0,0,638
08/23/2021,MYR,SC,ASO,ES,Combined TRACON& Tower with Radar,135,6,13,0,154,0,419,24,0,443,135,425,37,0,597,2,0,2,599
08/24/2021,MYR,SC,ASO,ES,Combined TRACON& Tower with Radar,112,12,20,9,153,0,436,26,0,462,112,448,46,9,615,20,0,20,635
08/25/2021,MYR,SC,ASO,ES,Combined TRACON& Tower with Radar,119,7,15,5,146,0,397,9,2,408,119,404,24,7,554,28,0,28,582
08/26/2021,MYR,SC,ASO,ES,Combined TRACON& Tower with Radar,141,9,15,11,176,0,490,14,2,506,141,499,29,13,682,42,0,42,724
08/27/2021,MYR,SC,ASO,ES,Combined TRACON& Tower with Radar,137,12,22,8,179,0,509,14,0,523,137,521,36,8,702,22,2,24,726
08/28/2021,MYR,SC,ASO,ES,Combined TRACON& Tower with Radar,154,15,18,0,187,0,607,20,0,627,154,622,38,0,814,6,0,6,820
08/29/2021,MYR,SC,ASO,ES,Combined TRACON& Tower with Radar,151,11,15,0,177,0,614,27,0,641,151,625,42,0,818,0,0,0,818
08/30/2021,MYR,SC,ASO,ES,Combined TRACON& Tower with Radar,139,7,14,26,186,0,326,33,2,361,139,333,47,28,547,0,11,11,558
08/31/2021,MYR,SC,ASO,ES,Combined TRACON& Tower with Radar,115,10,13,13,151,0,318,46,7,371,115,328,59,20,522,4,4,8,530
09/01/2021,MYR,SC,ASO,ES,Combined TRACON& Tower with Radar,112,13,8,12,145,0,176,4,1,181,112,189,12,13,326,4,6,10,336
09/02/2021,MYR,SC,ASO,ES,Combined TRACON& Tower with Radar,128,13,31,17,189,0,274,38,0,312,128,287,69,17,501,12,0,12,513
09/03/2021,MYR,SC,ASO,ES,Combined TRACON& Tower with Radar,145,14,24,4,187,0,322,24,0,346,145,336,48,4,533,20,0,20,553
09/04/2021,MYR,SC,ASO,ES,Combined TRACON& Tower with Radar,144,14,20,0,178,0,612,48,0,660,144,626,68,0,838,0,0,0,838
09/05/2021,MYR,SC,ASO,ES,Combined TRACON& Tower with Radar,138,6,25,0,169,0,821,34,0,855,138,827,59,0,1024,0,0,0,1024
09/06/2021,MYR,SC,ASO,ES,Combined TRACON& Tower with Radar,141,7,19,0,167,0,725,39,0,764,141,732,58,0,931,10,0,10,941
09/07/2021,MYR,SC,ASO,ES,Combined TRACON& Tower with Radar,115,13,19,25,172,0,240,19,0,259,115,253,38,25,431,0,0,0,431
09/08/2021,MYR,SC,ASO,ES,Combined TRACON& Tower with Radar,89,15,19,7,130,0,220,13,0,233,89,235,32,7,363,0,0,0,363
09/09/2021,MYR,SC,ASO,ES,Combined TRACON& Tower with Radar,116,13,10,11,150,0,89,1,0,90,116,102,11,11,240,0,0,0,240
09/10/2021,MYR,SC,ASO,ES,Combined TRACON& Tower with Radar,101,24,23,29,177,0,301,38,2,341,101,325,61,31,518,40,26,66,584
09/11/2021,MYR,SC,ASO,ES,Combined TRACON& Tower with Radar,96,10,16,14,136,0,459,30,18,507,96,469,46,32,643,0,42,42,685
09/12/2021,MYR,SC,ASO,ES,Combined TRACON& Tower with Radar,114,7,12,18,151,0,414,33,12,459,114,421,45,30,610,8,50,58,668
09/13/2021,MYR,SC,ASO,ES,Combined TRACON& Tower with Radar,101,7,21,28,157,0,210,19,1,230,101,217,40,29,387,18,0,18,405
09/14/2021,MYR,SC,ASO,ES,Combined TRACON& Tower with Radar,92,10,16,25,143,0,254,29,3,286,92,264,45,28,429,58,8,66,495
09/15/2021,MYR,SC,ASO,ES,Combined TRACON& Tower with Radar,87,12,21,54,174,0,238,10,6,254,87,250,31,60,428,44,14,58,486
09/16/2021,MYR,SC,ASO,ES,Combined TRACON& Tower with Radar,117,15,21,68,221,0,222,21,12,255,117,237,42,80,476,30,32,62,538
09/17/2021,MYR,SC,ASO,ES,Combined TRACON& Tower with Radar,102,20,29,27,178,0,262,15,2,279,102,282,44,29,457,30,24,54,511
09/18/2021,MYR,SC,ASO,ES,Combined TRACON& Tower with Radar,100,10,7,4,121,0,426,10,0,436,100,436,17,4,557,0,0,0,557
09/19/2021,MYR,SC,ASO,ES,Combined TRACON& Tower with Radar,116,6,23,12,157,0,373,16,0,389,116,379,39,12,546,0,0,0,546
09/20/2021,MYR,SC,ASO,ES,Combined TRACON& Tower with Radar,102,11,7,26,146,0,173,4,0,177,102,184,11,26,323,10,38,48,371
09/21/2021,MYR,SC,ASO,ES,Combined TRACON& Tower with Radar,90,11,9,17,127,0,144,2,0,146,90,155,11,17,273,10,2,12,285
09/22/2021,MYR,SC,ASO,ES,Combined TRACON& Tower with Radar,89,11,12,8,120,0,150,2,1,153,89,161,14,9,273,0,0,0,273
09/23/2021,MYR,SC,ASO,ES,Combined TRACON& Tower with Radar,112,17,27,20,176,0,205,37,5,247,112,222,64,25,423,28,24,52,475
09/24/2021,MYR,SC,ASO,ES,Combined TRACON& Tower with Radar,104,9,23,38,174,0,247,37,3,287,104,256,60,41,461,16,6,22,483
09/25/2021,MYR,SC,ASO,ES,Combined TRACON& Tower with Radar,97,9,20,7,133,0,412,32,0,444,97,421,52,7,577,46,0,46,623
09/26/2021,MYR,SC,ASO,ES,Combined TRACON& Tower with Radar,110,5,17,12,144,0,416,33,0,449,110,421,50,12,593,24,4,28,621
09/27/2021,MYR,SC,ASO,ES,Combined TRACON& Tower with Radar,101,9,19,2,131,0,185,38,3,226,101,194,57,5,357,20,8,28,385
09/28/2021,MYR,SC,ASO,ES,Combined TRACON& Tower with Radar,90,11,18,44,163,0,164,47,1,212,90,175,65,45,375,10,14,24,399
09/29/2021,MYR,SC,ASO,ES,Combined TRACON& Tower with Radar,90,9,24,18,141,0,160,38,0,198,90,169,62,18,339,30,12,42,381
09/30/2021,MYR,SC,ASO,ES,Combined TRACON& Tower with Radar,118,12,18,9,157,0,106,12,0,118,118,118,30,9,275,38,12,50,325
10/01/2021,MYR,SC,ASO,ES,Combined TRACON& Tower with Radar,101,15,24,12,152,0,207,40,0,247,101,222,64,12,399,24,0,24,423
10/02/2021,MYR,SC,ASO,ES,Combined TRACON& Tower with Radar,100,12,19,24,155,0,373,20,5,398,100,385,39,29,553,5,16,21,574
10/03/2021,MYR,SC,ASO,ES,Combined TRACON& Tower with Radar,111,9,18,2,140,0,308,37,0,345,111,317,55,2,485,28,0,28,513
10/04/2021,MYR,SC,ASO,ES,Combined TRACON& Tower with Radar,100,9,25,0,134,0,200,25,6,231,100,209,50,6,365,30,8,38,403
10/05/2021,MYR,SC,ASO,ES,Combined TRACON& Tower with Radar,99,6,12,16,133,0,80,15,0,95,99,86,27,16,228,18,4,22,250
10/06/2021,MYR,SC,ASO,ES,Combined TRACON& Tower with Radar,85,5,30,24,144,0,92,25,0,117,85,97,55,24,261,14,0,14,275
10/07/2021,MYR,SC,ASO,ES,Combined TRACON& Tower with Radar,103,5,26,4,138,0,138,10,0,148,103,143,36,4,286,6,0,6,292
10/08/2021,MYR,SC,ASO,ES,Combined TRACON& Tower with Radar,94,15,17,7,133,0,131,0,0,131,94,146,17,7,264,0,16,16,280
10/09/2021,MYR,SC,ASO,ES,Combined TRACON& Tower with Radar,77,19,5,2,103,0,104,1,0,105,77,123,6,2,208,0,0,0,208
10/10/2021,MYR,SC,ASO,ES,Combined TRACON& Tower with Radar,86,12,22,0,120,0,284,14,0,298,86,296,36,0,418,10,0,10,428
10/11/2021,MYR,SC,ASO,ES,Combined TRACON& Tower with Radar,92,12,39,0,143,0,166,12,0,178,92,178,51,0,321,52,0,52,373
10/12/2021,MYR,SC,ASO,ES,Combined TRACON& Tower with Radar,85,13,32,12,142,0,129,37,3,169,85,142,69,15,311,70,6,76,387
10/13/2021,MYR,SC,ASO,ES,Combined TRACON& Tower with Radar,86,7,27,40,160,0,178,49,2,229,86,185,76,42,389,18,34,52,441
10/14/2021,MYR,SC,ASO,ES,Combined TRACON& Tower with Radar,102,17,24,19,162,0,169,40,4,213,102,186,64,23,375,44,12,56,431
10/15/2021,MYR,SC,ASO,ES,Combined TRACON& Tower with Radar,95,10,21,3,129,0,166,43,0,209,95,176,64,3,338,32,0,32,370
10/16/2021,MYR,SC,ASO,ES,Combined TRACON& Tower with Radar,85,7,11,8,111,0,382,22,0,404,85,389,33,8,515,0,0,0,515
10/17/2021,MYR,SC,ASO,ES,Combined TRACON& Tower with Radar,104,11,15,4,134,0,214,27,0,241,104,225,42,4,375,8,0,8,383
10/18/2021,MYR,SC,ASO,ES,Combined TRACON& Tower with Radar,100,10,10,4,124,0,146,23,0,169,100,156,33,4,293,50,0,50,343
10/19/2021,MYR,SC,ASO,ES,Combined TRACON& Tower with Radar,87,14,12,38,151,0,88,39,0,127,87,102,51,38,278,4,18,22,300
10/20/2021,MYR,SC,ASO,ES,Combined TRACON& Tower with Radar,88,10,20,19,137,0,130,25,0,155,88,140,45,19,292,28,16,44,336
10/21/2021,MYR,SC,ASO,ES,Combined TRACON& Tower with Radar,105,10,24,22,161,0,93,22,0,115,105,103,46,22,276,8,0,8,284
10/22/2021,MYR,SC,ASO,ES,Combined TRACON& Tower with Radar,100,17,28,17,162,0,114,40,0,154,100,131,68,17,316,24,0,24,340
10/23/2021,MYR,SC,ASO,ES,Combined TRACON& Tower with Radar,87,9,7,1,104,0,233,32,0,265,87,242,39,1,369,42,0,42,411
10/24/2021,MYR,SC,ASO,ES,Combined TRACON& Tower with Radar,103,9,25,0,137,0,207,24,1,232,103,216,49,1,369,0,0,0,369
10/25/2021,MYR,SC,ASO,ES,Combined TRACON& Tower with Radar,93,12,14,11,130,0,64,25,0,89,93,76,39,11,219,14,10,24,243
10/26/2021,MYR,SC,ASO,ES,Combined TRACON& Tower with Radar,88,6,18,25,137,0,128,21,1,150,88,134,39,26,287,38,4,42,329
10/27/2021,MYR,SC,ASO,ES,Combined TRACON& Tower with Radar,89,11,28,27,155,0,94,29,3,126,89,105,57,30,281,76,16,92,373
10/28/2021,MYR,SC,ASO,ES,Combined TRACON& Tower with Radar,101,4,18,9,132,0,38,18,2,58,101,42,36,11,190,10,12,22,212
10/29/2021,MYR,SC,ASO,ES,Combined TRACON& Tower with Radar,101,7,17,7,132,0,94,10,0,104,101,101,27,7,236,10,0,10,246
10/30/2021,MYR,SC,ASO,ES,Combined TRACON& Tower with Radar,81,6,16,0,103,0,184,24,0,208,81,190,40,0,311,32,0,32,343
10/31/2021,MYR,SC,ASO,ES,Combined TRACON& Tower with Radar,89,5,17,4,115,0,138,15,0,153,89,143,32,4,268,4,0,4,272
11/01/2021,MYR,SC,ASO,ES,Combined TRACON& Tower with Radar,89,4,19,29,141,0,68,34,0,102,89,72,53,29,243,56,12,68,311
11/02/2021,MYR,SC,ASO,ES,Combined TRACON& Tower with Radar,75,11,18,33,137,0,78,34,0,112,75,89,52,33,249,40,15,55,304
11/03/2021,MYR,SC,ASO,ES,Combined TRACON& Tower with Radar,80,13,15,40,148,0,38,30,0,68,80,51,45,40,216,22,24,46,262
11/04/2021,MYR,SC,ASO,ES,Combined TRACON& Tower with Radar,88,13,18,9,128,0,50,26,0,76,88,63,44,9,204,38,0,38,242
11/05/2021,MYR,SC,ASO,ES,Combined TRACON& Tower with Radar,88,13,19,48,168,0,46,22,0,68,88,59,41,48,236,8,6,14,250
11/06/2021,MYR,SC,ASO,ES,Combined TRACON& Tower with Radar,72,13,4,0,89,0,60,0,0,60,72,73,4,0,149,0,0,0,149
11/07/2021,MYR,SC,ASO,ES,Combined TRACON& Tower with Radar,84,9,9,0,102,0,44,1,0,45,84,53,10,0,147,0,0,0,147
11/08/2021,MYR,SC,ASO,ES,Combined TRACON& Tower with Radar,80,6,6,28,120,0,34,42,0,76,80,40,48,28,196,60,34,94,290
11/09/2021,MYR,SC,ASO,ES,Combined TRACON& Tower with Radar,69,10,20,14,113,0,37,50,7,94,69,47,70,21,207,76,0,76,283
11/10/2021,MYR,SC,ASO,ES,Combined TRACON& Tower with Radar,70,16,18,22,126,0,35,29,1,65,70,51,47,23,191,48,0,48,239
11/11/2021,MYR,SC,ASO,ES,Combined TRACON& Tower with Radar,82,7,29,10,128,0,56,34,2,92,82,63,63,12,220,20,22,42,262
11/12/2021,MYR,SC,ASO,ES,Combined TRACON& Tower with Radar,79,9,28,15,131,0,120,35,4,159,79,129,63,19,290,26,0,26,316
11/13/2021,MYR,SC,ASO,ES,Combined TRACON& Tower with Radar,66,7,11,3,87,0,228,40,0,268,66,235,51,3,355,16,0,16,371
11/14/2021,MYR,SC,ASO,ES,Combined TRACON& Tower with Radar,82,2,20,1,105,0,108,31,0,139,82,110,51,1,244,52,0,52,296
11/15/2021,MYR,SC,ASO,ES,Combined TRACON& Tower with Radar,79,4,9,24,116,0,30,26,2,58,79,34,35,26,174,8,12,20,194
11/16/2021,MYR,SC,ASO,ES,Combined TRACON& Tower with Radar,70,16,25,14,125,0,43,43,0,86,70,59,68,14,211,14,0,14,225
11/17/2021,MYR,SC,ASO,ES,Combined TRACON& Tower with Radar,57,12,17,12,98,0,52,35,0,87,57,64,52,12,185,6,16,22,207
11/18/2021,MYR,SC,ASO,ES,Combined TRACON& Tower with Radar,70,14,23,14,121,0,27,31,0,58,70,41,54,14,179,74,10,84,263
11/19/2021,MYR,SC,ASO,ES,Combined TRACON& Tower with Radar,60,16,32,13,121,0,60,32,0,92,60,76,64,13,213,20,6,26,239
11/20/2021,MYR,SC,ASO,ES,Combined TRACON& Tower with Radar,51,14,11,4,80,0,165,19,0,184,51,179,30,4,264,40,0,40,304
11/21/2021,MYR,SC,ASO,ES,Combined TRACON& Tower with Radar,56,11,23,2,92,0,106,27,0,133,56,117,50,2,225,2,0,2,227
11/22/2021,MYR,SC,ASO,ES,Combined TRACON& Tower with Radar,58,11,12,8,89,0,24,3,0,27,58,35,15,8,116,0,0,0,116
11/23/2021,MYR,SC,ASO,ES,Combined TRACON& Tower with Radar,57,23,24,6,110,0,60,27,2,89,57,83,51,8,199,0,0,0,199
11/24/2021,MYR,SC,ASO,ES,Combined TRACON& Tower with Radar,58,17,16,0,91,0,113,45,0,158,58,130,61,0,249,36,0,36,285
11/25/2021,MYR,SC,ASO,ES,Combined TRACON& Tower with Radar,45,3,2,0,50,0,0,10,0,10,45,3,12,0,60,0,0,0,60
11/26/2021,MYR,SC,ASO,ES,Combined TRACON& Tower with Radar,51,17,19,0,87,0,198,16,0,214,51,215,35,0,301,30,0,30,331
11/27/2021,MYR,SC,ASO,ES,Combined TRACON& Tower with Radar,59,13,9,0,81,0,258,29,0,287,59,271,38,0,368,52,0,52,420
11/28/2021,MYR,SC,ASO,ES,Combined TRACON& Tower with Radar,65,5,20,0,90,0,107,43,0,150,65,112,63,0,240,2,0,2,242
11/29/2021,MYR,SC,ASO,ES,Combined TRACON& Tower with Radar,57,9,16,6,88,0,36,17,5,58,57,45,33,11,146,80,0,80,226
11/30/2021,MYR,SC,ASO,ES,Combined TRACON& Tower with Radar,56,16,15,20,107,0,30,32,4,66,56,46,47,24,173,68,26,94,267
12/01/2021,MYR,SC,ASO,ES,Combined TRACON& Tower with Radar,53,9,20,27,109,0,28,22,0,50,53,37,42,27,159,38,22,60,219
12/02/2021,MYR,SC,ASO,ES,Combined TRACON& Tower with Radar,57,27,16,32,132,0,20,35,1,56,57,47,51,33,188,34,26,60,248
12/03/2021,MYR,SC,ASO,ES,Combined TRACON& Tower with Radar,56,13,19,33,121,0,34,39,0,73,56,47,58,33,194,50,50,100,294
12/04/2021,MYR,SC,ASO,ES,Combined TRACON& Tower with Radar,48,10,16,26,100,0,133,38,3,174,48,143,54,29,274,2,0,2,276
12/05/2021,MYR,SC,ASO,ES,Combined TRACON& Tower with Radar,64,7,17,2,90,0,37,13,0,50,64,44,30,2,140,0,0,0,140
12/06/2021,MYR,SC,ASO,ES,Combined TRACON& Tower with Radar,53,5,23,58,139,0,43,42,2,87,53,48,65,60,226,47,72,119,345
12/07/2021,MYR,SC,ASO,ES,Combined TRACON& Tower with Radar,47,9,19,26,101,0,18,6,0,24,47,27,25,26,125,78,12,90,215
12/08/2021,MYR,SC,ASO,ES,Combined TRACON& Tower with Radar,47,10,9,3,69,0,0,0,0,0,47,10,9,3,69,0,0,0,69
12/09/2021,MYR,SC,ASO,ES,Combined TRACON& Tower with Radar,54,5,26,43,128,0,44,36,0,80,54,49,62,43,208,42,10,52,260
12/10/2021,MYR,SC,ASO,ES,Combined TRACON& Tower with Radar,53,15,18,10,96,0,34,6,0,40,53,49,24,10,136,60,0,60,196
12/11/2021,MYR,SC,ASO,ES,Combined TRACON& Tower with Radar,44,9,16,3,72,0,92,11,0,103,44,101,27,3,175,60,0,60,235
12/12/2021,MYR,SC,ASO,ES,Combined TRACON& Tower with Radar,52,8,7,2,69,0,54,11,0,65,52,62,18,2,134,28,0,28,162
12/13/2021,MYR,SC,ASO,ES,Combined TRACON& Tower with Radar,52,4,17,34,107,0,26,48,0,74,52,30,65,34,181,52,12,64,245
12/14/2021,MYR,SC,ASO,ES,Combined TRACON& Tower with Radar,51,17,23,35,126,0,14,36,4,54,51,31,59,39,180,92,6,98,278
12/15/2021,MYR,SC,ASO,ES,Combined TRACON& Tower with Radar,46,17,20,14,97,0,20,31,1,52,46,37,51,15,149,28,0,28,177
12/16/2021,MYR,SC,ASO,ES,Combined TRACON& Tower with Radar,59,13,11,31,114,0,28,21,2,51,59,41,32,33,165,40,18,58,223
12/17/2021,MYR,SC,ASO,ES,Combined TRACON& Tower with Radar,58,21,25,33,137,0,54,23,2,79,58,75,48,35,216,42,14,56,272
12/18/2021,MYR,SC,ASO,ES,Combined TRACON& Tower with Radar,58,7,23,3,91,0,96,20,2,118,58,103,43,5,209,10,4,14,223
12/19/2021,MYR,SC,ASO,ES,Combined TRACON& Tower with Radar,56,11,6,2,75,0,34,0,3,37,56,45,6,5,112,0,0,0,112
12/20/2021,MYR,SC,ASO,ES,Combined TRACON& Tower with Radar,59,7,29,14,109,0,57,16,0,73,59,64,45,14,182,56,0,56,238
12/21/2021,MYR,SC,ASO,ES,Combined TRACON& Tower with Radar,61,10,17,3,91,0,0,0,0,0,61,10,17,3,91,0,0,0,91
12/22/2021,MYR,SC,ASO,ES,Combined TRACON& Tower with Radar,58,13,28,9,108,0,44,36,1,81,58,57,64,10,189,56,0,56,245
12/23/2021,MYR,SC,ASO,ES,Combined TRACON& Tower with Radar,61,13,22,7,103,0,76,38,0,114,61,89,60,7,217,64,0,64,281
12/24/2021,MYR,SC,ASO,ES,Combined TRACON& Tower with Radar,50,8,12,0,70,0,116,25,0,141,50,124,37,0,211,32,0,32,243
12/25/2021,MYR,SC,ASO,ES,Combined TRACON& Tower with Radar,47,2,0,0,49,0,0,0,0,0,47,2,0,0,49,0,0,0,49
12/26/2021,MYR,SC,ASO,ES,Combined TRACON& Tower with Radar,58,8,28,0,94,0,212,24,0,236,58,220,52,0,330,0,0,0,330
12/27/2021,MYR,SC,ASO,ES,Combined TRACON& Tower with Radar,59,6,22,4,91,0,220,26,0,246,59,226,48,4,337,80,0,80,417
12/28/2021,MYR,SC,ASO,ES,Combined TRACON& Tower with Radar,61,12,23,20,116,0,242,14,0,256,61,254,37,20,372,30,0,30,402
12/29/2021,MYR,SC,ASO,ES,Combined TRACON& Tower with Radar,58,11,21,3,93,0,312,34,2,348,58,323,55,5,441,2,0,2,443
12/30/2021,MYR,SC,ASO,ES,Combined TRACON& Tower with Radar,57,10,24,6,97,0,131,0,1,132,57,141,24,7,229,6,0,6,235
12/31/2021,MYR,SC,ASO,ES,Combined TRACON& Tower with Radar,52,6,18,0,76,0,404,12,0,416,52,410,30,0,492,32,0,32,524
01/01/2022,MYR,SC,ASO,ES,Combined TRACON& Tower with Radar,44,2,3,0,49,0,346,3,0,349,44,348,6,0,398,0,0,0,398
01/02/2022,MYR,SC,ASO,ES,Combined TRACON& Tower with Radar,56,8,12,0,76,0,132,3,0,135,56,140,15,0,211,0,0,0,211
01/03/2022,MYR,SC,ASO,ES,Combined TRACON& Tower with Radar,47,4,4,0,55,0,0,5,1,6,47,4,9,1,61,0,0,0,61
01/04/2022,MYR,SC,ASO,ES,Combined TRACON& Tower with Radar,45,10,19,19,93,0,54,26,0,80,45,64,45,19,173,28,2,30,203
01/05/2022,MYR,SC,ASO,ES,Combined TRACON& Tower with Radar,41,6,17,26,90,0,10,5,0,15,41,16,22,26,105,52,8,60,165
01/06/2022,MYR,SC,ASO,ES,Combined TRACON& Tower with Radar,52,9,15,44,120,0,38,37,0,75,52,47,52,44,195,26,10,36,231
01/07/2022,MYR,SC,ASO,ES,Combined TRACON& Tower with Radar,44,7,11,40,102,0,24,31,0,55,44,31,42,40,157,16,22,38,195
01/08/2022,MYR,SC,ASO,ES,Combined TRACON& Tower with Radar,47,5,18,16,86,0,110,26,16,152,47,115,44,32,238,36,40,76,314
01/09/2022,MYR,SC,ASO,ES,Combined TRACON& Tower with Radar,53,4,28,11,96,0,76,13,4,93,53,80,41,15,189,4,4,8,197
01/10/2022,MYR,SC,ASO,ES,Combined TRACON& Tower with Radar,52,7,9,16,84,0,8,10,2,20,52,15,19,18,104,32,6,38,142
01/11/2022,MYR,SC,ASO,ES,Combined TRACON& Tower with Radar,45,10,9,14,78,0,24,18,5,47,45,34,27,19,125,48,0,48,173
01/12/2022,MYR,SC,ASO,ES,Combined TRACON& Tower with Radar,48,15,13,40,116,0,25,19,0,44,48,40,32,40,160,68,10,78,238
01/13/2022,MYR,SC,ASO,ES,Combined TRACON& Tower with Radar,55,11,15,20,101,0,22,30,7,59,55,33,45,27,160,38,16,54,214
01/14/2022,MYR,SC,ASO,ES,Combined TRACON& Tower with Radar,54,14,20,17,105,0,55,42,0,97,54,69,62,17,202,72,0,72,274
01/15/2022,MYR,SC,ASO,ES,Combined TRACON& Tower with Radar,45,4,1,1,51,0,93,21,0,114,45,97,22,1,165,50,0,50,215
01/16/2022,MYR,SC,ASO,ES,Combined TRACON& Tower with Radar,40,5,2,0,47,0,0,0,0,0,40,5,2,0,47,0,0,0,47
01/17/2022,MYR,SC,ASO,ES,Combined TRACON& Tower with Radar,40,8,0,0,48,0,12,3,0,15,40,20,3,0,63,2,0,2,65
01/18/2022,MYR,SC,ASO,ES,Combined TRACON& Tower with Radar,43,6,20,31,100,0,56,23,0,79,43,62,43,31,179,16,18,34,213
01/19/2022,MYR,SC,ASO,ES,Combined TRACON& Tower with Radar,42,8,29,35,114,0,22,39,4,65,42,30,68,39,179,64,28,92,271
01/20/2022,MYR,SC,ASO,ES,Combined TRACON& Tower with Radar,50,6,22,9,87,0,14,25,0,39,50,20,47,9,126,14,0,14,140
01/21/2022,MYR,SC,ASO,ES,Combined TRACON& Tower with Radar,29,4,3,0,36,0,0,0,0,0,29,4,3,0,36,0,0,0,36
01/22/2022,MYR,SC,ASO,ES,Combined TRACON& Tower with Radar,23,4,7,0,34,0,4,0,0,4,23,8,7,0,38,0,0,0,38
01/23/2022,MYR,SC,ASO,ES,Combined TRACON& Tower with Radar,51,5,22,0,78,0,35,40,0,75,51,40,62,0,153,14,0,14,167
01/24/2022,MYR,SC,ASO,ES,Combined TRACON& Tower with Radar,52,5,14,5,76,0,26,39,4,69,52,31,53,9,145,12,8,20,165
01/25/2022,MYR,SC,ASO,ES,Combined TRACON& Tower with Radar,43,9,15,20,87,0,10,24,0,34,43,19,39,20,121,66,0,66,187
01/26/2022,MYR,SC,ASO,ES,Combined TRACON& Tower with Radar,42,9,12,16,79,0,27,32,4,63,42,36,44,20,142,40,2,42,184
01/27/2022,MYR,SC,ASO,ES,Combined TRACON& Tower with Radar,58,8,12,27,105,0,44,44,0,88,58,52,56,27,193,36,12,48,241
01/28/2022,MYR,SC,ASO,ES,Combined TRACON& Tower with Radar,76,8,19,6,109,1,52,21,0,74,77,60,40,6,183,82,0,82,265
01/29/2022,MYR,SC,ASO,ES,Combined TRACON& Tower with Radar,30,6,8,2,46,0,40,0,2,42,30,46,8,4,88,0,10,10,98
01/30/2022,MYR,SC,ASO,ES,Combined TRACON& Tower with Radar,48,2,15,5,70,0,54,47,0,101,48,56,62,5,171,6,0,6,177
01/31/2022,MYR,SC,ASO,ES,Combined TRACON& Tower with Radar,50,7,18,15,90,0,29,29,2,60,50,36,47,17,150,34,0,34,184
02/01/2022,MYR,SC,ASO,ES,Combined TRACON& Tower with Radar,55,8,15,17,95,0,26,36,0,62,55,34,51,17,157,28,0,28,185
02/02/2022,MYR,SC,ASO,ES,Combined TRACON& Tower with Radar,41,7,26,70,144,0,42,33,0,75,41,49,59,70,219,46,44,90,309
02/03/2022,MYR,SC,ASO,ES,Combined TRACON& Tower with Radar,53,9,15,62,139,0,18,28,0,46,53,27,43,62,185,50,24,74,259
02/04/2022,MYR,SC,ASO,ES,Combined TRACON& Tower with Radar,48,6,9,36,99,0,34,0,4,38,48,40,9,40,137,2,30,32,169
02/05/2022,MYR,SC,ASO,ES,Combined TRACON& Tower with Radar,48,7,13,7,75,0,104,27,4,135,48,111,40,11,210,48,0,48,258
02/06/2022,MYR,SC,ASO,ES,Combined TRACON& Tower with Radar,53,5,19,13,90,0,44,24,1,69,53,49,43,14,159,18,0,18,177
02/07/2022,MYR,SC,ASO,ES,Combined TRACON& Tower with Radar,53,8,4,0,65,0,0,0,0,0,53,8,4,0,65,0,0,0,65
02/08/2022,MYR,SC,ASO,ES,Combined TRACON& Tower with Radar,44,6,31,22,103,0,28,16,0,44,44,34,47,22,147,52,0,52,199
02/09/2022,MYR,SC,ASO,ES,Combined TRACON& Tower with Radar,46,9,26,22,103,0,52,50,1,103,46,61,76,23,206,122,4,126,332
02/10/2022,MYR,SC,ASO,ES,Combined TRACON& Tower with Radar,53,10,23,19,105,0,39,40,1,80,53,49,63,20,185,98,24,122,307
02/11/2022,MYR,SC,ASO,ES,Combined TRACON& Tower with Radar,54,8,13,43,118,0,48,63,8,119,54,56,76,51,237,70,10,80,317
02/12/2022,MYR,SC,ASO,ES,Combined TRACON& Tower with Radar,48,5,20,28,101,0,233,38,2,273,48,238,58,30,374,82,14,96,470
02/13/2022,MYR,SC,ASO,ES,Combined TRACON& Tower with Radar,46,4,9,12,71,0,76,7,0,83,46,80,16,12,154,0,0,0,154
02/14/2022,MYR,SC,ASO,ES,Combined TRACON& Tower with Radar,49,6,12,8,75,0,80,24,0,104,49,86,36,8,179,18,4,22,201
02/15/2022,MYR,SC,ASO,ES,Combined TRACON& Tower with Radar,48,10,14,52,124,0,53,34,2,89,48,63,48,54,213,37,22,59,272
02/16/2022,MYR,SC,ASO,ES,Combined TRACON& Tower with Radar,46,13,23,5,87,0,24,27,3,54,46,37,50,8,141,52,0,52,193
02/17/2022,MYR,SC,ASO,ES,Combined TRACON& Tower with Radar,56,9,27,64,156,0,50,28,0,78,56,59,55,64,234,40,16,56,290
02/18/2022,MYR,SC,ASO,ES,Combined TRACON& Tower with Radar,57,11,11,0,79,0,52,4,0,56,57,63,15,0,135,12,0,12,147
02/19/2022,MYR,SC,ASO,ES,Combined TRACON& Tower with Radar,48,6,21,8,83,0,226,41,0,267,48,232,62,8,350,10,0,10,360
02/20/2022,MYR,SC,ASO,ES,Combined TRACON& Tower with Radar,54,8,24,0,86,0,212,20,0,232,54,220,44,0,318,48,0,48,366
02/21/2022,MYR,SC,ASO,ES,Combined TRACON& Tower with Radar,59,10,10,0,79,0,92,23,0,115,59,102,33,0,194,54,0,54,248
02/22/2022,MYR,SC,ASO,ES,Combined TRACON& Tower with Radar,48,11,41,37,137,0,50,45,0,95,48,61,86,37,232,58,10,68,300
02/23/2022,MYR,SC,ASO,ES,Combined TRACON& Tower with Radar,51,10,29,38,128,0,50,20,2,72,51,60,49,40,200,88,12,100,300
02/24/2022,MYR,SC,ASO,ES,Combined TRACON& Tower with Radar,60,12,25,15,112,0,100,26,1,127,60,112,51,16,239,26,4,30,269
02/25/2022,MYR,SC,ASO,ES,Combined TRACON& Tower with Radar,64,8,36,46,154,0,98,21,1,120,64,106,57,47,274,22,46,68,342
02/26/2022,MYR,SC,ASO,ES,Combined TRACON& Tower with Radar,50,5,24,4,83,0,254,3,2,259,50,259,27,6,342,26,0,26,368
02/27/2022,MYR,SC,ASO,ES,Combined TRACON& Tower with Radar,54,4,10,2,70,0,96,3,0,99,54,100,13,2,169,12,0,12,181
02/28/2022,MYR,SC,ASO,ES,Combined TRACON& Tower with Radar,59,6,13,14,92,0,58,46,0,104,59,64,59,14,196,36,26,62,258
03/01/2022,MYR,SC,ASO,ES,Combined TRACON& Tower with Radar,46,10,26,31,113,0,58,43,0,101,46,68,69,31,214,37,14,51,265
03/02/2022,MYR,SC,ASO,ES,Combined TRACON& Tower with Radar,50,9,25,30,114,0,56,42,1,99,50,65,67,31,213,100,0,100,313
03/03/2022,MYR,SC,ASO,ES,Combined TRACON& Tower with Radar,64,17,27,4,112,0,48,54,0,102,64,65,81,4,214,66,0,66,280
03/04/2022,MYR,SC,ASO,ES,Combined TRACON& Tower with Radar,65,10,19,32,126,0,68,23,2,93,65,78,42,34,219,56,8,64,283
03/05/2022,MYR,SC,ASO,ES,Combined TRACON& Tower with Radar,60,11,13,12,96,0,363,23,0,386,60,374,36,12,482,14,0,14,496
03/06/2022,MYR,SC,ASO,ES,Combined TRACON& Tower with Radar,63,6,21,2,92,0,234,21,0,255,63,240,42,2,347,20,2,22,369
03/07/2022,MYR,SC,ASO,ES,Combined TRACON& Tower with Radar,67,22,14,48,151,0,128,33,0,161,67,150,47,48,312,14,60,74,386
03/08/2022,MYR,SC,ASO,ES,Combined TRACON& Tower with Radar,62,7,16,20,105,0,112,13,1,126,62,119,29,21,231,38,0,38,269
03/09/2022,MYR,SC,ASO,ES,Combined TRACON& Tower with Radar,59,20,16,12,107,0,56,0,0,56,59,76,16,12,163,6,2,8,171
03/10/2022,MYR,SC,ASO,ES,Combined TRACON& Tower with Radar,76,10,19,9,114,0,26,0,0,26,76,36,19,9,140,0,0,0,140
03/11/2022,MYR,SC,ASO,ES,Combined TRACON& Tower with Radar,70,16,27,0,113,0,56,1,0,57,70,72,28,0,170,0,0,0,170
03/12/2022,MYR,SC,ASO,ES,Combined TRACON& Tower with Radar,63,15,6,0,84,0,12,1,0,13,63,27,7,0,97,0,0,0,97
03/13/2022,MYR,SC,ASO,ES,Combined TRACON& Tower with Radar,65,6,39,0,110,0,202,36,0,238,65,208,75,0,348,50,0,50,398
03/14/2022,MYR,SC,ASO,ES,Combined TRACON& Tower with Radar,72,6,24,17,119,0,138,54,0,192,72,144,78,17,311,62,18,80,391
03/15/2022,MYR,SC,ASO,ES,Combined TRACON& Tower with Radar,65,12,39,18,134,0,200,49,4,253,65,212,88,22,387,72,8,80,467
03/16/2022,MYR,SC,ASO,ES,Combined TRACON& Tower with Radar,68,11,22,5,106,0,94,0,0,94,68,105,22,5,200,4,0,4,204
03/17/2022,MYR,SC,ASO,ES,Combined TRACON& Tower with Radar,68,14,44,35,161,0,161,12,0,173,68,175,56,35,334,18,0,18,352
03/18/2022,MYR,SC,ASO,ES,Combined TRACON& Tower with Radar,73,11,19,10,113,0,296,30,0,326,73,307,49,10,439,54,2,56,495
03/19/2022,MYR,SC,ASO,ES,Combined TRACON& Tower with Radar,71,8,13,2,94,0,355,3,0,358,71,363,16,2,452,0,0,0,452
03/20/2022,MYR,SC,ASO,ES,Combined TRACON& Tower with Radar,74,11,27,0,112,0,272,13,0,285,74,283,40,0,397,0,0,0,397
03/21/2022,MYR,SC,ASO,ES,Combined TRACON& Tower with Radar,77,7,32,22,138,0,156,42,0,198,77,163,74,22,336,52,0,52,388
03/22/2022,MYR,SC,ASO,ES,Combined TRACON& Tower with Radar,65,8,19,64,156,0,219,59,2,280,65,227,78,66,436,40,42,82,518
03/23/2022,MYR,SC,ASO,ES,Combined TRACON& Tower with Radar,69,13,14,42,138,0,101,7,9,117,69,114,21,51,255,34,32,66,321
03/24/2022,MYR,SC,ASO,ES,Combined TRACON& Tower with Radar,70,11,13,0,94,0,14,0,0,14,70,25,13,0,108,0,0,0,108
03/25/2022,MYR,SC,ASO,ES,Combined TRACON& Tower with Radar,76,9,24,15,124,0,212,34,1,247,76,221,58,16,371,28,0,28,399
03/26/2022,MYR,SC,ASO,ES,Combined TRACON& Tower with Radar,73,10,9,0,92,0,266,8,0,274,73,276,17,0,366,16,0,16,382
03/27/2022,MYR,SC,ASO,ES,Combined TRACON& Tower with Radar,74,5,8,0,87,0,335,31,0,366,74,340,39,0,453,28,0,28,481
03/28/2022,MYR,SC,ASO,ES,Combined TRACON& Tower with Radar,82,10,19,18,129,0,216,32,3,251,82,226,51,21,380,56,6,62,442
03/29/2022,MYR,SC,ASO,ES,Combined TRACON& Tower with Radar,72,8,13,2,95,0,215,38,2,255,72,223,51,4,350,82,0,82,432
03/30/2022,MYR,SC,ASO,ES,Combined TRACON& Tower with Radar,73,9,29,6,117,0,170,10,1,181,73,179,39,7,298,42,4,46,344
03/31/2022,MYR,SC,ASO,ES,Combined TRACON& Tower with Radar,74,15,3,4,96,0,32,1,0,33,74,47,4,4,129,0,4,4,133
04/01/2022,MYR,SC,ASO,ES,Combined TRACON& Tower with Radar,81,15,12,4,112,0,242,30,2,274,81,257,42,6,386,2,2,4,390
04/02/2022,MYR,SC,ASO,ES,Combined TRACON& Tower with Radar,65,10,19,0,94,0,388,33,0,421,65,398,52,0,515,32,0,32,547
04/03/2022,MYR,SC,ASO,ES,Combined TRACON& Tower with Radar,62,3,27,0,92,0,306,31,0,337,62,309,58,0,429,40,0,40,469
04/04/2022,MYR,SC,ASO,ES,Combined TRACON& Tower with Radar,81,12,21,3,117,0,234,39,0,273,81,246,60,3,390,64,0,64,454
04/05/2022,MYR,SC,ASO,ES,Combined TRACON& Tower with Radar,67,7,21,14,109,0,181,26,2,209,67,188,47,16,318,66,8,74,392
04/06/2022,MYR,SC,ASO,ES,Combined TRACON& Tower with Radar,70,9,16,19,114,0,275,3,0,278,70,284,19,19,392,70,6,76,468
04/07/2022,MYR,SC,ASO,ES,Combined TRACON& Tower with Radar,76,11,25,2,114,0,212,4,0,216,76,223,29,2,330,0,0,0,330
04/08/2022,MYR,SC,ASO,ES,Combined TRACON& Tower with Radar,89,5,23,10,127,0,309,33,0,342,89,314,56,10,469,34,0,34,503
04/09/2022,MYR,SC,ASO,ES,Combined TRACON& Tower with Radar,73,12,16,1,102,0,448,10,0,458,73,460,26,1,560,14,0,14,574
04/10/2022,MYR,SC,ASO,ES,Combined TRACON& Tower with Radar,71,5,17,8,101,0,358,15,0,373,71,363,32,8,474,4,0,4,478
04/11/2022,MYR,SC,ASO,ES,Combined TRACON& Tower with Radar,85,5,25,21,136,0,300,43,2,345,85,305,68,23,481,108,12,120,601
04/12/2022,MYR,SC,ASO,ES,Combined TRACON& Tower with Radar,71,9,29,17,126,0,352,38,4,394,71,361,67,21,520,82,0,82,602
04/13/2022,MYR,SC,ASO,ES,Combined TRACON& Tower with Radar,76,8,37,40,161,0,384,25,0,409,76,392,62,40,570,74,10,84,654
04/14/2022,MYR,SC,ASO,ES,Combined TRACON& Tower with Radar,78,15,31,15,139,0,404,23,0,427,78,419,54,15,566,12,6,18,584
04/15/2022,MYR,SC,ASO,ES,Combined TRACON& Tower with Radar,91,12,20,4,127,0,454,29,0,483,91,466,49,4,610,0,0,0,610
04/16/2022,MYR,SC,ASO,ES,Combined TRACON& Tower with Radar,80,6,20,0,106,0,468,10,1,479,80,474,30,1,585,12,0,12,597
04/17/2022,MYR,SC,ASO,ES,Combined TRACON& Tower with Radar,76,3,20,0,99,0,495,23,0,518,76,498,43,0,617,0,0,0,617
04/18/2022,MYR,SC,ASO,ES,Combined TRACON& Tower with Radar,85,12,18,3,118,0,2,0,0,2,85,14,18,3,120,0,0,0,120
04/19/2022,MYR,SC,ASO,ES,Combined TRACON& Tower with Radar,74,9,17,9,109,0,386,56,1,443,74,395,73,10,552,72,2,74,626
04/20/2022,MYR,SC,ASO,ES,Combined TRACON& Tower with Radar,92,11,23,9,135,0,388,49,2,439,92,399,72,11,574,62,0,62,636
04/21/2022,MYR,SC,ASO,ES,Combined TRACON& Tower with Radar,92,7,42,18,159,0,328,52,2,382,92,335,94,20,541,44,0,44,585
04/22/2022,MYR,SC,ASO,ES,Combined TRACON& Tower with Radar,112,13,27,10,162,0,298,30,1,329,112,311,57,11,491,46,0,46,537
04/23/2022,MYR,SC,ASO,ES,Combined TRACON& Tower with Radar,100,7,29,0,136,0,516,36,0,552,100,523,65,0,688,16,0,16,704
04/24/2022,MYR,SC,ASO,ES,Combined TRACON& Tower with Radar,89,13,21,3,126,0,406,31,0,437,89,419,52,3,563,2,0,2,565
04/25/2022,MYR,SC,ASO,ES,Combined TRACON& Tower with Radar,108,6,22,26,162,0,185,36,0,221,108,191,58,26,383,38,12,50,433
04/26/2022,MYR,SC,ASO,ES,Combined TRACON& Tower with Radar,85,14,21,34,154,0,121,25,2,148,85,135,46,36,302,60,8,68,370
04/27/2022,MYR,SC,ASO,ES,Combined TRACON& Tower with Radar,93,12,17,19,141,0,194,22,4,220,93,206,39,23,361,84,26,110,471
04/28/2022,MYR,SC,ASO,ES,Combined TRACON& Tower with Radar,94,11,26,7,138,0,186,23,0,209,94,197,49,7,347,48,0,48,395
04/29/2022,MYR,SC,ASO,ES,Combined TRACON& Tower with Radar,107,11,28,90,236,0,161,33,0,194,107,172,61,90,430,86,18,104,534
04/30/2022,MYR,SC,ASO,ES,Combined TRACON& Tower with Radar,97,11,17,2,127,0,443,41,0,484,97,454,58,2,611,46,0,46,657
05/01/2022,MYR,SC,ASO,ES,Combined TRACON& Tower with Radar,94,8,21,2,125,0,328,22,0,350,94,336,43,2,475,27,0,27,502
05/02/2022,MYR,SC,ASO,ES,Combined TRACON& Tower with Radar,104,10,24,15,153,0,180,30,0,210,104,190,54,15,363,52,0,52,415
05/03/2022,MYR,SC,ASO,ES,Combined TRACON& Tower with Radar,90,10,17,14,131,0,128,13,4,145,90,138,30,18,276,54,10,64,340
05/04/2022,MYR,SC,ASO,ES,Combined TRACON& Tower with Radar,94,8,22,12,136,0,142,12,0,154,94,150,34,12,290,32,18,50,340
05/05/2022,MYR,SC,ASO,ES,Combined TRACON& Tower with Radar,103,15,24,33,175,0,114,32,2,148,103,129,56,35,323,0,0,0,323
05/06/2022,MYR,SC,ASO,ES,Combined TRACON& Tower with Radar,136,21,25,13,195,0,154,10,3,167,136,175,35,16,362,10,20,30,392
05/07/2022,MYR,SC,ASO,ES,Combined TRACON& Tower with Radar,114,5,18,0,137,0,391,13,0,404,114,396,31,0,541,40,0,40,581
05/08/2022,MYR,SC,ASO,ES,Combined TRACON& Tower with Radar,107,8,16,0,131,0,400,7,1,408,107,408,23,1,539,0,0,0,539
05/09/2022,MYR,SC,ASO,ES,Combined TRACON& Tower with Radar,110,9,19,13,151,0,157,22,1,180,110,166,41,14,331,94,20,114,445
05/10/2022,MYR,SC,ASO,ES,Combined TRACON& Tower with Radar,102,6,30,6,144,0,158,19,0,177,102,164,49,6,321,64,6,70,391
05/11/2022,MYR,SC,ASO,ES,Combined TRACON& Tower with Radar,98,7,24,47,176,0,198,29,1,228,98,205,53,48,404,12,24,36,440
05/12/2022,MYR,SC,ASO,ES,Combined TRACON& Tower with Radar,109,15,15,9,148,0,44,3,0,47,109,59,18,9,195,0,0,0,195
05/13/2022,MYR,SC,ASO,ES,Combined TRACON& Tower with Radar,109,12,16,0,137,0,145,4,0,149,109,157,20,0,286,2,0,2,288
05/14/2022,MYR,SC,ASO,ES,Combined TRACON& Tower with Radar,105,8,17,2,132,0,414,9,0,423,105,422,26,2,555,0,0,0,555
05/15/2022,MYR,SC,ASO,ES,Combined TRACON& Tower with Radar,107,8,30,2,147,0,394,21,2,417,107,402,51,4,564,6,0,6,570
05/16/2022,MYR,SC,ASO,ES,Combined TRACON& Tower with Radar,97,7,16,7,127,0,251,35,2,288,97,258,51,9,415,32,0,32,447
05/17/2022,MYR,SC,ASO,ES,Combined TRACON& Tower with Radar,101,8,22,8,139,0,215,61,0,276,101,223,83,8,415,30,0,30,445
05/18/2022,MYR,SC,ASO,ES,Combined TRACON& Tower with Radar,100,7,27,20,154,0,234,29,0,263,100,241,56,20,417,44,20,64,481
05/19/2022,MYR,SC,ASO,ES,Combined TRACON& Tower with Radar,109,9,17,14,149,0,184,29,8,221,109,193,46,22,370,54,4,58,428
05/20/2022,MYR,SC,ASO,ES,Combined TRACON& Tower with Radar,109,11,25,33,178,0,310,30,0,340,109,321,55,33,518,10,20,30,548
05/21/2022,MYR,SC,ASO,ES,Combined TRACON& Tower with Radar,111,6,11,27,155,0,453,17,6,476,111,459,28,33,631,14,0,14,645
05/22/2022,MYR,SC,ASO,ES,Combined TRACON& Tower with Radar,106,7,15,2,130,0,369,13,0,382,106,376,28,2,512,6,0,6,518
05/23/2022,MYR,SC,ASO,ES,Combined TRACON& Tower with Radar,114,7,28,34,183,0,174,10,0,184,114,181,38,34,367,38,18,56,423
05/24/2022,MYR,SC,ASO,ES,Combined TRACON& Tower with Radar,103,10,16,19,148,0,211,8,1,220,103,221,24,20,368,16,20,36,404
05/25/2022,MYR,SC,ASO,ES,Combined TRACON& Tower with Radar,104,7,35,29,175,0,285,9,1,295,104,292,44,30,470,26,36,62,532
05/26/2022,MYR,SC,ASO,ES,Combined TRACON& Tower with Radar,121,11,50,12,194,0,205,6,4,215,121,216,56,16,409,2,2,4,413
05/27/2022,MYR,SC,ASO,ES,Combined TRACON& Tower with Radar,111,8,13,0,132,0,70,8,3,81,111,78,21,3,213,2,0,2,215
05/28/2022,MYR,SC,ASO,ES,Combined TRACON& Tower with Radar,120,9,21,0,150,0,642,20,8,670,120,651,41,8,820,28,0,28,848
05/29/2022,MYR,SC,ASO,ES,Combined TRACON& Tower with Radar,111,7,18,4,140,0,787,34,8,829,111,794,52,12,969,6,0,6,975
05/30/2022,MYR,SC,ASO,ES,Combined TRACON& Tower with Radar,123,12,24,1,160,0,583,36,2,621,123,595,60,3,781,28,0,28,809
05/31/2022,MYR,SC,ASO,ES,Combined TRACON& Tower with Radar,99,10,14,20,143,0,338,40,0,378,99,348,54,20,521,52,0,52,573
06/01/2022,MYR,SC,ASO,ES,Combined TRACON& Tower with Radar,106,9,21,21,157,0,326,27,6,359,106,335,48,27,516,36,8,44,560
06/02/2022,MYR,SC,ASO,ES,Combined TRACON& Tower with Radar,120,11,20,36,187,0,343,33,2,378,120,354,53,38,565,8,0,8,573
06/03/2022,MYR,SC,ASO,ES,Combined TRACON& Tower with Radar,117,8,20,14,159,0,133,22,0,155,117,141,42,14,314,0,0,0,314
06/04/2022,MYR,SC,ASO,ES,Combined TRACON& Tower with Radar,139,9,19,1,168,0,298,4,0,302,139,307,23,1,470,4,0,4,474
06/05/2022,MYR,SC,ASO,ES,Combined TRACON& Tower with Radar,122,5,16,0,143,0,518,27,0,545,122,523,43,0,688,10,0,10,698
06/06/2022,MYR,SC,ASO,ES,Combined TRACON& Tower with Radar,128,4,22,18,172,0,300,35,0,335,128,304,57,18,507,30,0,30,537
06/07/2022,MYR,SC,ASO,ES,Combined TRACON& Tower with Radar,114,4,19,33,170,0,362,46,3,411,114,366,65,36,581,62,8,70,651
06/08/2022,MYR,SC,ASO,ES,Combined TRACON& Tower with Radar,121,6,33,19,179,0,412,14,1,427,121,418,47,20,606,40,2,42,648
06/09/2022,MYR,SC,ASO,ES,Combined TRACON& Tower with Radar,128,8,18,20,174,0,406,13,0,419,128,414,31,20,593,18,2,20,613
06/10/2022,MYR,SC,ASO,ES,Combined TRACON& Tower with Radar,131,5,41,30,207,0,499,40,0,539,131,504,81,30,746,30,18,48,794
06/11/2022,MYR,SC,ASO,ES,Combined TRACON& Tower with Radar,166,8,20,6,200,0,523,15,2,540,166,531,35,8,740,0,12,12,752
06/12/2022,MYR,SC,ASO,ES,Combined TRACON& Tower with Radar,126,7,14,33,180,0,311,7,0,318,126,318,21,33,498,0,12,12,510
06/13/2022,MYR,SC,ASO,ES,Combined TRACON& Tower with Radar,132,10,33,14,189,0,323,26,3,352,132,333,59,17,541,60,6,66,607
06/14/2022,MYR,SC,ASO,ES,Combined TRACON& Tower with Radar,115,4,32,20,171,0,360,23,0,383,115,364,55,20,554,26,12,38,592
06/15/2022,MYR,SC,ASO,ES,Combined TRACON& Tower with Radar,123,2,15,28,168,0,512,49,1,562,123,514,64,29,730,58,6,64,794
06/16/2022,MYR,SC,ASO,ES,Combined TRACON& Tower with Radar,116,2,36,6,160,0,542,29,2,573,116,544,65,8,733,12,0,12,745
06/17/2022,MYR,SC,ASO,ES,Combined TRACON& Tower with Radar,120,9,18,13,160,0,591,27,2,620,120,600,45,15,780,28,12,40,820
06/18/2022,MYR,SC,ASO,ES,Combined TRACON& Tower with Radar,160,9,33,2,204,0,637,13,0,650,160,646,46,2,854,6,0,6,860
06/19/2022,MYR,SC,ASO,ES,Combined TRACON& Tower with Radar,127,12,20,0,159,0,777,32,0,809,127,789,52,0,968,10,0,10,978
06/20/2022,MYR,SC,ASO,ES,Combined TRACON& Tower with Radar,133,11,19,2,165,0,506,34,0,540,133,517,53,2,705,40,0,40,745
06/21/2022,MYR,SC,ASO,ES,Combined TRACON& Tower with Radar,118,3,30,23,174,0,434,37,2,473,118,437,67,25,647,66,0,66,713
06/22/2022,MYR,SC,ASO,ES,Combined TRACON& Tower with Radar,116,6,27,29,178,0,530,37,2,569,116,536,64,31,747,58,0,58,805
06/23/2022,MYR,SC,ASO,ES,Combined TRACON& Tower with Radar,128,6,16,53,203,0,512,24,3,539,128,518,40,56,742,24,50,74,816
06/24/2022,MYR,SC,ASO,ES,Combined TRACON& Tower with Radar,132,14,24,13,183,0,638,28,5,671,132,652,52,18,854,98,0,98,952
06/25/2022,MYR,SC,ASO,ES,Combined TRACON& Tower with Radar,169,12,15,6,202,0,631,25,0,656,169,643,40,6,858,38,0,38,896
06/26/2022,MYR,SC,ASO,ES,Combined TRACON& Tower with Radar,127,8,19,16,170,0,481,20,0,501,127,489,39,16,671,0,0,0,671
06/27/2022,MYR,SC,ASO,ES,Combined TRACON& Tower with Radar,127,11,23,37,198,0,455,24,1,480,127,466,47,38,678,66,18,84,762
06/28/2022,MYR,SC,ASO,ES,Combined TRACON& Tower with Radar,119,9,15,2,145,0,379,0,0,379,119,388,15,2,524,0,0,0,524
06/29/2022,MYR,SC,ASO,ES,Combined TRACON& Tower with Radar,125,9,16,13,163,0,374,1,0,375,125,383,17,13,538,30,0,30,568
06/30/2022,MYR,SC,ASO,ES,Combined TRACON& Tower with Radar,130,7,27,7,171,0,551,15,0,566,130,558,42,7,737,22,0,22,759
07/01/2022,MYR,SC,ASO,ES,Combined TRACON& Tower with Radar,128,16,27,1,172,0,442,3,0,445,128,458,30,1,617,0,0,0,617
07/02/2022,MYR,SC,ASO,ES,Combined TRACON& Tower with Radar,163,11,13,0,187,0,628,3,0,631,163,639,16,0,818,0,0,0,818
07/03/2022,MYR,SC,ASO,ES,Combined TRACON& Tower with Radar,129,2,5,0,136,0,916,9,0,925,129,918,14,0,1061,12,0,12,1073
07/04/2022,MYR,SC,ASO,ES,Combined TRACON& Tower with Radar,124,3,17,0,144,0,631,6,0,637,124,634,23,0,781,8,0,8,789
07/05/2022,MYR,SC,ASO,ES,Combined TRACON& Tower with Radar,106,8,23,4,141,0,810,24,2,836,106,818,47,6,977,138,0,138,1115
07/06/2022,MYR,SC,ASO,ES,Combined TRACON& Tower with Radar,126,5,14,15,160,0,816,40,1,857,126,821,54,16,1017,62,10,72,1089
07/07/2022,MYR,SC,ASO,ES,Combined TRACON& Tower with Radar,125,7,18,2,152,0,696,34,0,730,125,703,52,2,882,28,0,28,910
07/08/2022,MYR,SC,ASO,ES,Combined TRACON& Tower with Radar,129,6,21,2,158,0,569,27,0,596,129,575,48,2,754,48,0,48,802
07/09/2022,MYR,SC,ASO,ES,Combined TRACON& Tower with Radar,177,17,17,0,211,0,716,16,0,732,177,733,33,0,943,14,0,14,957
07/10/2022,MYR,SC,ASO,ES,Combined TRACON& Tower with Radar,130,13,15,0,158,0,335,1,0,336,130,348,16,0,494,0,0,0,494
07/11/2022,MYR,SC,ASO,ES,Combined TRACON& Tower with Radar,124,9,20,6,159,0,348,9,0,357,124,357,29,6,516,16,0,16,532
07/12/2022,MYR,SC,ASO,ES,Combined TRACON& Tower with Radar,109,5,30,14,158,0,296,6,0,302,109,301,36,14,460,56,0,56,516
07/13/2022,MYR,SC,ASO,ES,Combined TRACON& Tower with Radar,119,9,22,2,152,0,482,25,0,507,119,491,47,2,659,40,0,40,699
07/14/2022,MYR,SC,ASO,ES,Combined TRACON& Tower with Radar,125,4,27,6,162,0,615,31,3,649,125,619,58,9,811,40,0,40,851
07/15/2022,MYR,SC,ASO,ES,Combined TRACON& Tower with Radar,135,14,17,0,166,0,635,12,1,648,135,649,29,1,814,10,0,10,824
07/16/2022,MYR,SC,ASO,ES,Combined TRACON& Tower with Radar,171,15,24,1,211,0,779,14,0,793,171,794,38,1,1004,30,0,30,1034
07/17/2022,MYR,SC,ASO,ES,Combined TRACON& Tower with Radar,129,6,19,0,154,0,838,25,1,864,129,844,44,1,1018,2,0,2,1020
07/18/2022,MYR,SC,ASO,ES,Combined TRACON& Tower with Radar,114,5,11,9,139,0,598,9,1,608,114,603,20,10,747,18,4,22,769
07/19/2022,MYR,SC,ASO,ES,Combined TRACON& Tower with Radar,112,8,19,11,150,0,670,22,2,694,112,678,41,13,844,84,0,84,928
07/20/2022,MYR,SC,ASO,ES,Combined TRACON& Tower with Radar,121,12,21,3,157,0,678,32,0,710,121,690,53,3,867,56,0,56,923
07/21/2022,MYR,SC,ASO,ES,Combined TRACON& Tower with Radar,129,8,28,5,170,0,659,6,1,666,129,667,34,6,836,36,0,36,872
07/22/2022,MYR,SC,ASO,ES,Combined TRACON& Tower with Radar,131,8,25,28,192,0,193,24,0,217,131,201,49,28,409,8,8,16,425
07/23/2022,MYR,SC,ASO,ES,Combined TRACON& Tower with Radar,169,11,20,0,200,0,317,18,0,335,169,328,38,0,535,4,0,4,539
07/24/2022,MYR,SC,ASO,ES,Combined TRACON& Tower with Radar,132,6,14,0,152,0,321,20,0,341,132,327,34,0,493,0,0,0,493
07/25/2022,MYR,SC,ASO,ES,Combined TRACON& Tower with Radar,117,9,14,21,161,0,319,21,2,342,117,328,35,23,503,62,28,90,593
07/26/2022,MYR,SC,ASO,ES,Combined TRACON& Tower with Radar,112,8,21,29,170,0,308,23,1,332,112,316,44,30,502,50,0,50,552
07/27/2022,MYR,SC,ASO,ES,Combined TRACON& Tower with Radar,122,6,18,4,150,0,279,42,0,321,122,285,60,4,471,56,0,56,527
07/28/2022,MYR,SC,ASO,ES,Combined TRACON& Tower with Radar,126,7,23,29,185,0,311,35,4,350,126,318,58,33,535,62,14,76,611
07/29/2022,MYR,SC,ASO,ES,Combined TRACON& Tower with Radar,131,11,36,2,180,0,580,48,0,628,131,591,84,2,808,52,0,52,860
07/30/2022,MYR,SC,ASO,ES,Combined TRACON& Tower with Radar,176,15,13,5,209,0,459,19,0,478,176,474,32,5,687,30,0,30,717
07/31/2022,MYR,SC,ASO,ES,Combined TRACON& Tower with Radar,134,1,9,0,144,0,530,16,0,546,134,531,25,0,690,32,0,32,722
08/01/2022,MYR,SC,ASO,ES,Combined TRACON& Tower with Radar,136,7,14,45,202,0,492,30,4,526,136,499,44,49,728,32,26,58,786
08/02/2022,MYR,SC,ASO,ES,Combined TRACON& Tower with Radar,112,6,15,2,135,0,516,37,0,553,112,522,52,2,688,100,0,100,788
08/03/2022,MYR,SC,ASO,ES,Combined TRACON& Tower with Radar,118,4,26,16,164,0,599,29,2,630,118,603,55,18,794,36,8,44,838
08/04/2022,MYR,SC,ASO,ES,Combined TRACON& Tower with Radar,125,14,34,13,186,0,642,28,2,672,125,656,62,15,858,56,0,56,914
08/05/2022,MYR,SC,ASO,ES,Combined TRACON& Tower with Radar,118,21,35,52,226,0,604,60,0,664,118,625,95,52,890,14,36,50,940
08/06/2022,MYR,SC,ASO,ES,Combined TRACON& Tower with Radar,173,5,27,0,205,0,689,21,0,710,173,694,48,0,915,24,0,24,939
08/07/2022,MYR,SC,ASO,ES,Combined TRACON& Tower with Radar,121,6,25,5,157,0,658,11,0,669,121,664,36,5,826,0,0,0,826
08/08/2022,MYR,SC,ASO,ES,Combined TRACON& Tower with Radar,123,3,11,1,138,0,401,21,7,429,123,404,32,8,567,88,0,88,655
08/09/2022,MYR,SC,ASO,ES,Combined TRACON& Tower with Radar,108,7,22,7,144,0,372,31,7,410,108,379,53,14,554,56,6,62,616
08/10/2022,MYR,SC,ASO,ES,Combined TRACON& Tower with Radar,116,5,48,30,199,0,499,33,11,543,116,504,81,41,742,74,16,90,832
08/11/2022,MYR,SC,ASO,ES,Combined TRACON& Tower with Radar,126,8,24,10,168,0,516,29,2,547,126,524,53,12,715,0,0,0,715
08/12/2022,MYR,SC,ASO,ES,Combined TRACON& Tower with Radar,135,13,27,0,175,0,140,8,3,151,135,153,35,3,326,4,0,4,330
08/13/2022,MYR,SC,ASO,ES,Combined TRACON& Tower with Radar,169,5,20,4,198,0,638,43,3,684,169,643,63,7,882,14,0,14,896
08/14/2022,MYR,SC,ASO,ES,Combined TRACON& Tower with Radar,126,8,21,4,159,0,661,32,3,696,126,669,53,7,855,14,0,14,869
08/15/2022,MYR,SC,ASO,ES,Combined TRACON& Tower with Radar,122,12,18,7,159,0,470,25,0,495,122,482,43,7,654,73,0,73,727
08/16/2022,MYR,SC,ASO,ES,Combined TRACON& Tower with Radar,112,11,16,17,156,0,330,4,0,334,112,341,20,17,490,18,0,18,508
08/17/2022,MYR,SC,ASO,ES,Combined TRACON& Tower with Radar,108,5,18,10,141,0,443,39,3,485,108,448,57,13,626,64,2,66,692
08/18/2022,MYR,SC,ASO,ES,Combined TRACON& Tower with Radar,115,9,15,19,158,0,450,25,0,475,115,459,40,19,633,16,4,20,653
08/19/2022,MYR,SC,ASO,ES,Combined TRACON& Tower with Radar,120,8,19,4,151,0,12,2,1,15,120,20,21,5,166,0,0,0,166
08/20/2022,MYR,SC,ASO,ES,Combined TRACON& Tower with Radar,141,17,30,3,191,0,603,3,0,606,141,620,33,3,797,14,0,14,811
08/21/2022,MYR,SC,ASO,ES,Combined TRACON& Tower with Radar,117,4,11,3,135,0,320,4,0,324,117,324,15,3,459,6,0,6,465
08/22/2022,MYR,SC,ASO,ES,Combined TRACON& Tower with Radar,111,3,12,4,130,0,268,31,0,299,111,271,43,4,429,58,0,58,487
08/23/2022,MYR,SC,ASO,ES,Combined TRACON& Tower with Radar,102,34,19,14,169,0,290,5,2,297,102,324,24,16,466,34,0,34,500
08/24/2022,MYR,SC,ASO,ES,Combined TRACON& Tower with Radar,108,4,24,15,151,0,347,18,0,365,108,351,42,15,516,106,4,110,626
08/25/2022,MYR,SC,ASO,ES,Combined TRACON& Tower with Radar,116,9,20,7,152,0,335,15,0,350,116,344,35,7,502,18,10,28,530
08/26/2022,MYR,SC,ASO,ES,Combined TRACON& Tower with Radar,119,9,27,2,157,0,333,49,0,382,119,342,76,2,539,16,0,16,555
08/27/2022,MYR,SC,ASO,ES,Combined TRACON& Tower with Radar,136,7,18,1,162,0,580,31,0,611,136,587,49,1,773,34,0,34,807
08/28/2022,MYR,SC,ASO,ES,Combined TRACON& Tower with Radar,116,3,23,2,144,0,456,9,0,465,116,459,32,2,609,0,0,0,609
08/29/2022,MYR,SC,ASO,ES,Combined TRACON& Tower with Radar,118,5,16,9,148,0,142,3,0,145,118,147,19,9,293,22,0,22,315
08/30/2022,MYR,SC,ASO,ES,Combined TRACON& Tower with Radar,102,6,32,6,146,0,180,10,2,192,102,186,42,8,338,28,0,28,366
08/31/2022,MYR,SC,ASO,ES,Combined TRACON& Tower with Radar,110,17,28,11,166,0,187,37,3,227,110,204,65,14,393,52,0,52,445
09/01/2022,MYR,SC,ASO,ES,Combined TRACON& Tower with Radar,113,10,29,15,167,0,177,49,2,228,113,187,78,17,395,14,0,14,409
09/02/2022,MYR,SC,ASO,ES,Combined TRACON& Tower with Radar,126,10,25,2,163,0,260,55,0,315,126,270,80,2,478,20,0,20,498
09/03/2022,MYR,SC,ASO,ES,Combined TRACON& Tower with Radar,130,4,16,2,152,0,561,13,1,575,130,565,29,3,727,12,0,12,739
09/04/2022,MYR,SC,ASO,ES,Combined TRACON& Tower with Radar,110,5,6,0,121,0,620,22,0,642,110,625,28,0,763,20,0,20,783
09/05/2022,MYR,SC,ASO,ES,Combined TRACON& Tower with Radar,125,3,30,0,158,0,591,21,0,612,125,594,51,0,770,110,0,110,880
09/06/2022,MYR,SC,ASO,ES,Combined TRACON& Tower with Radar,110,5,22,7,144,0,224,36,0,260,110,229,58,7,404,82,12,94,498
09/07/2022,MYR,SC,ASO,ES,Combined TRACON& Tower with Radar,106,12,27,17,162,0,120,29,0,149,106,132,56,17,311,28,6,34,345
09/08/2022,MYR,SC,ASO,ES,Combined TRACON& Tower with Radar,110,8,25,8,151,0,142,8,6,156,110,150,33,14,307,16,6,22,329
09/09/2022,MYR,SC,ASO,ES,Combined TRACON& Tower with Radar,111,9,27,23,170,0,222,7,0,229,111,231,34,23,399,12,8,20,419
09/10/2022,MYR,SC,ASO,ES,Combined TRACON& Tower with Radar,108,8,9,4,129,0,234,2,0,236,108,242,11,4,365,0,0,0,365
09/11/2022,MYR,SC,ASO,ES,Combined TRACON& Tower with Radar,116,5,7,2,130,0,104,3,0,107,116,109,10,2,237,4,0,4,241
09/12/2022,MYR,SC,ASO,ES,Combined TRACON& Tower with Radar,110,8,9,18,145,0,118,15,3,136,110,126,24,21,281,24,0,24,305
09/13/2022,MYR,SC,ASO,ES,Combined TRACON& Tower with Radar,107,6,32,29,174,0,153,42,1,196,107,159,74,30,370,84,6,90,460
09/14/2022,MYR,SC,ASO,ES,Combined TRACON& Tower with Radar,106,8,34,19,167,0,177,51,2,230,106,185,85,21,397,52,8,60,457
09/15/2022,MYR,SC,ASO,ES,Combined TRACON& Tower with Radar,111,7,21,39,178,0,193,34,0,227,111,200,55,39,405,56,0,56,461
09/16/2022,MYR,SC,ASO,ES,Combined TRACON& Tower with Radar,108,8,26,2,144,0,189,43,1,233,108,197,69,3,377,58,0,58,435
09/17/2022,MYR,SC,ASO,ES,Combined TRACON& Tower with Radar,109,4,20,0,133,0,391,18,0,409,109,395,38,0,542,28,0,28,570
09/18/2022,MYR,SC,ASO,ES,Combined TRACON& Tower with Radar,111,3,22,7,143,0,326,27,0,353,111,329,49,7,496,8,0,8,504
09/19/2022,MYR,SC,ASO,ES,Combined TRACON& Tower with Radar,112,2,19,13,146,0,114,32,1,147,112,116,51,14,293,64,10,74,367
09/20/2022,MYR,SC,ASO,ES,Combined TRACON& Tower with Radar,103,5,18,21,147,0,86,48,2,136,103,91,66,23,283,42,0,42,325
09/21/2022,MYR,SC,ASO,ES,Combined TRACON& Tower with Radar,105,8,26,31,170,0,148,39,6,193,105,156,65,37,363,30,16,46,409
09/22/2022,MYR,SC,ASO,ES,Combined TRACON& Tower with Radar,108,12,27,22,169,0,119,38,0,157,108,131,65,22,326,32,4,36,362
09/23/2022,MYR,SC,ASO,ES,Combined TRACON& Tower with Radar,112,8,28,13,161,0,146,42,0,188,112,154,70,13,349,36,0,36,385
09/24/2022,MYR,SC,ASO,ES,Combined TRACON& Tower with Radar,106,5,17,0,128,0,414,20,0,434,106,419,37,0,562,6,0,6,568
09/25/2022,MYR,SC,ASO,ES,Combined TRACON& Tower with Radar,111,5,7,0,123,0,280,16,2,298,111,285,23,2,421,0,0,0,421
09/26/2022,MYR,SC,ASO,ES,Combined TRACON& Tower with Radar,111,7,19,32,169,0,133,28,0,161,111,140,47,32,330,28,16,44,374
09/27/2022,MYR,SC,ASO,ES,Combined TRACON& Tower with Radar,104,10,22,5,141,0,120,30,2,152,104,130,52,7,293,52,2,54,347
09/28/2022,MYR,SC,ASO,ES,Combined TRACON& Tower with Radar,102,10,18,8,138,0,132,21,2,155,102,142,39,10,293,36,0,36,329
09/29/2022,MYR,SC,ASO,ES,Combined TRACON& Tower with Radar,92,4,7,0,103,0,2,1,1,4,92,6,8,1,107,0,0,0,107
10/01/2022,MYR,SC,ASO,ES,Combined TRACON& Tower with Radar,67,1,7,0,75,0,176,10,2,188,67,177,17,2,263,0,0,0,263
10/02/2022,MYR,SC,ASO,ES,Combined TRACON& Tower with Radar,111,4,9,0,124,0,129,17,2,148,111,133,26,2,272,0,0,0,272
10/03/2022,MYR,SC,ASO,ES,Combined TRACON& Tower with Radar,105,9,8,8,130,0,49,1,0,50,105,58,9,8,180,40,0,40,220
10/04/2022,MYR,SC,ASO,ES,Combined TRACON& Tower with Radar,101,10,18,7,136,0,59,47,1,107,101,69,65,8,243,42,10,52,295
10/05/2022,MYR,SC,ASO,ES,Combined TRACON& Tower with Radar,104,8,23,7,142,0,74,52,2,128,104,82,75,9,270,54,0,54,324
10/06/2022,MYR,SC,ASO,ES,Combined TRACON& Tower with Radar,98,8,19,12,137,0,90,30,2,122,98,98,49,14,259,46,0,46,305
10/07/2022,MYR,SC,ASO,ES,Combined TRACON& Tower with Radar,99,11,23,5,138,0,108,52,1,161,99,119,75,6,299,98,12,110,409
10/08/2022,MYR,SC,ASO,ES,Combined TRACON& Tower with Radar,92,10,20,3,125,0,208,29,0,237,92,218,49,3,362,10,0,10,372
10/09/2022,MYR,SC,ASO,ES,Combined TRACON& Tower with Radar,99,6,22,2,129,0,200,38,0,238,99,206,60,2,367,0,0,0,367
10/10/2022,MYR,SC,ASO,ES,Combined TRACON& Tower with Radar,98,7,28,3,136,0,102,42,0,144,98,109,70,3,280,22,0,22,302
10/11/2022,MYR,SC,ASO,ES,Combined TRACON& Tower with Radar,92,9,32,10,143,0,104,38,4,146,92,113,70,14,289,28,4,32,321
10/12/2022,MYR,SC,ASO,ES,Combined TRACON& Tower with Radar,92,12,28,34,166,0,145,27,0,172,92,157,55,34,338,62,16,78,416
10/13/2022,MYR,SC,ASO,ES,Combined TRACON& Tower with Radar,99,9,26,50,184,0,91,9,0,100,99,100,35,50,284,20,16,36,320
10/14/2022,MYR,SC,ASO,ES,Combined TRACON& Tower with Radar,99,8,33,25,165,0,140,49,0,189,99,148,82,25,354,74,14,88,442
10/15/2022,MYR,SC,ASO,ES,Combined TRACON& Tower with Radar,97,5,22,2,126,0,236,48,0,284,97,241,70,2,410,14,0,14,424
10/16/2022,MYR,SC,ASO,ES,Combined TRACON& Tower with Radar,101,2,27,3,133,0,192,33,0,225,101,194,60,3,358,0,0,0,358
10/17/2022,MYR,SC,ASO,ES,Combined TRACON& Tower with Radar,96,6,22,27,151,0,53,30,0,83,96,59,52,27,234,12,18,30,264
10/18/2022,MYR,SC,ASO,ES,Combined TRACON& Tower with Radar,96,6,8,18,128,0,66,44,1,111,96,72,52,19,239,94,6,100,339
10/19/2022,MYR,SC,ASO,ES,Combined TRACON& Tower with Radar,93,8,19,13,133,0,61,50,0,111,93,69,69,13,244,28,4,32,276
10/20/2022,MYR,SC,ASO,ES,Combined TRACON& Tower with Radar,99,8,16,11,134,3,71,55,0,129,102,79,71,11,263,28,16,44,307
10/21/2022,MYR,SC,ASO,ES,Combined TRACON& Tower with Radar,98,9,23,22,152,0,82,46,3,131,98,91,69,25,283,46,34,80,363
10/22/2022,MYR,SC,ASO,ES,Combined TRACON& Tower with Radar,98,5,21,4,128,0,188,35,1,224,98,193,56,5,352,30,10,40,392
10/23/2022,MYR,SC,ASO,ES,Combined TRACON& Tower with Radar,101,6,15,1,123,0,132,27,0,159,101,138,42,1,282,18,0,18,300
10/24/2022,MYR,SC,ASO,ES,Combined TRACON& Tower with Radar,98,4,23,28,153,0,24,18,0,42,98,28,41,28,195,16,0,16,211
10/25/2022,MYR,SC,ASO,ES,Combined TRACON& Tower with Radar,91,9,27,40,167,0,58,28,6,92,91,67,55,46,259,22,10,32,291
10/26/2022,MYR,SC,ASO,ES,Combined TRACON& Tower with Radar,99,7,20,50,176,0,80,23,4,107,99,87,43,54,283,96,8,104,387
10/27/2022,MYR,SC,ASO,ES,Combined TRACON& Tower with Radar,97,11,30,37,175,0,40,15,2,57,97,51,45,39,232,10,4,14,246
10/28/2022,MYR,SC,ASO,ES,Combined TRACON& Tower with Radar,101,10,29,20,160,0,0,0,0,0,101,10,29,20,160,0,0,0,160
10/29/2022,MYR,SC,ASO,ES,Combined TRACON& Tower with Radar,94,5,14,0,113,0,0,2,0,2,94,5,16,0,115,0,0,0,115
10/30/2022,MYR,SC,ASO,ES,Combined TRACON& Tower with Radar,99,5,16,0,120,0,129,8,0,137,99,134,24,0,257,6,0,6,263
10/31/2022,MYR,SC,ASO,ES,Combined TRACON& Tower with Radar,93,3,24,14,134,0,42,25,0,67,93,45,49,14,201,4,10,14,215
11/01/2022,MYR,SC,ASO,ES,Combined TRACON& Tower with Radar,94,14,24,10,142,0,25,13,0,38,94,39,37,10,180,22,0,22,202
11/02/2022,MYR,SC,ASO,ES,Combined TRACON& Tower with Radar,92,14,30,33,169,0,55,67,2,124,92,69,97,35,293,53,2,55,348
11/03/2022,MYR,SC,ASO,ES,Combined TRACON& Tower with Radar,91,15,30,27,163,0,44,48,2,94,91,59,78,29,257,70,4,74,331
11/04/2022,MYR,SC,ASO,ES,Combined TRACON& Tower with Radar,82,14,22,19,137,0,70,46,1,117,82,84,68,20,254,26,0,26,280
11/05/2022,MYR,SC,ASO,ES,Combined TRACON& Tower with Radar,77,10,21,18,126,0,90,12,2,104,77,100,33,20,230,18,0,18,248
11/06/2022,MYR,SC,ASO,ES,Combined TRACON& Tower with Radar,80,3,17,13,113,0,78,18,2,98,80,81,35,15,211,38,8,46,257
11/07/2022,MYR,SC,ASO,ES,Combined TRACON& Tower with Radar,67,2,11,28,108,0,49,37,1,87,67,51,48,29,195,62,50,112,307
11/08/2022,MYR,SC,ASO,ES,Combined TRACON& Tower with Radar,56,8,15,32,111,0,8,16,0,24,56,16,31,32,135,0,6,6,141
11/09/2022,MYR,SC,ASO,ES,Combined TRACON& Tower with Radar,56,12,17,12,97,0,36,1,3,40,56,48,18,15,137,0,12,12,149
11/10/2022,MYR,SC,ASO,ES,Combined TRACON& Tower with Radar,65,5,12,5,87,0,6,0,1,7,65,11,12,6,94,0,0,0,94
11/11/2022,MYR,SC,ASO,ES,Combined TRACON& Tower with Radar,64,8,4,0,76,0,51,4,0,55,64,59,8,0,131,0,0,0,131
11/12/2022,MYR,SC,ASO,ES,Combined TRACON& Tower with Radar,55,7,20,4,86,0,98,13,0,111,55,105,33,4,197,0,0,0,197
11/13/2022,MYR,SC,ASO,ES,Combined TRACON& Tower with Radar,65,6,14,0,85,0,72,38,0,110,65,78,52,0,195,12,0,12,207
11/14/2022,MYR,SC,ASO,ES,Combined TRACON& Tower with Radar,62,8,13,15,98,0,26,38,2,66,62,34,51,17,164,36,8,44,208
11/15/2022,MYR,SC,ASO,ES,Combined TRACON& Tower with Radar,60,9,11,10,90,0,2,2,0,4,60,11,13,10,94,0,0,0,94
11/16/2022,MYR,SC,ASO,ES,Combined TRACON& Tower with Radar,58,12,21,67,158,0,16,23,0,39,58,28,44,67,197,32,6,38,235
11/17/2022,MYR,SC,ASO,ES,Combined TRACON& Tower with Radar,64,11,31,27,133,0,16,64,4,84,64,27,95,31,217,80,6,86,303
11/18/2022,MYR,SC,ASO,ES,Combined TRACON& Tower with Radar,62,7,18,34,121,0,39,44,4,87,62,46,62,38,208,74,10,84,292
11/19/2022,MYR,SC,ASO,ES,Combined TRACON& Tower with Radar,55,7,22,5,89,0,92,30,1,123,55,99,52,6,212,38,0,38,250
11/20/2022,MYR,SC,ASO,ES,Combined TRACON& Tower with Radar,65,9,18,9,101,0,72,17,0,89,65,81,35,9,190,6,0,6,196
11/21/2022,MYR,SC,ASO,ES,Combined TRACON& Tower with Radar,62,7,22,33,124,0,32,42,0,74,62,39,64,33,198,48,10,58,256
11/22/2022,MYR,SC,ASO,ES,Combined TRACON& Tower with Radar,63,8,29,35,135,0,47,33,1,81,63,55,62,36,216,72,0,72,288
11/23/2022,MYR,SC,ASO,ES,Combined TRACON& Tower with Radar,64,11,24,0,99,0,36,18,0,54,64,47,42,0,153,24,0,24,177
11/24/2022,MYR,SC,ASO,ES,Combined TRACON& Tower with Radar,41,1,4,0,46,0,0,6,0,6,41,1,10,0,52,10,0,10,62
11/25/2022,MYR,SC,ASO,ES,Combined TRACON& Tower with Radar,55,11,13,0,79,0,72,4,0,76,55,83,17,0,155,0,0,0,155
11/26/2022,MYR,SC,ASO,ES,Combined TRACON& Tower with Radar,62,10,20,1,93,0,202,40,0,242,62,212,60,1,335,0,0,0,335
11/27/2022,MYR,SC,ASO,ES,Combined TRACON& Tower with Radar,68,5,13,0,86,0,34,1,2,37,68,39,14,2,123,0,0,0,123
11/28/2022,MYR,SC,ASO,ES,Combined TRACON& Tower with Radar,60,7,27,23,117,0,26,26,1,53,60,33,53,24,170,18,20,38,208
11/29/2022,MYR,SC,ASO,ES,Combined TRACON& Tower with Radar,59,21,21,37,138,0,34,54,2,90,59,55,75,39,228,30,20,50,278
11/30/2022,MYR,SC,ASO,ES,Combined TRACON& Tower with Radar,53,9,14,19,95,0,6,4,1,11,53,15,18,20,106,8,10,18,124
12/01/2022,MYR,SC,ASO,ES,Combined TRACON& Tower with Radar,65,12,29,38,144,0,24,33,0,57,65,36,62,38,201,34,16,50,251
12/02/2022,MYR,SC,ASO,ES,Combined TRACON& Tower with Radar,66,14,21,24,125,0,26,37,2,65,66,40,58,26,190,54,32,86,276
12/03/2022,MYR,SC,ASO,ES,Combined TRACON& Tower with Radar,54,8,22,10,94,0,50,32,0,82,54,58,54,10,176,8,0,8,184
12/04/2022,MYR,SC,ASO,ES,Combined TRACON& Tower with Radar,68,5,29,3,105,0,58,18,0,76,68,63,47,3,181,10,0,10,191
12/05/2022,MYR,SC,ASO,ES,Combined TRACON& Tower with Radar,62,5,20,50,137,0,20,35,0,55,62,25,55,50,192,28,28,56,248
12/06/2022,MYR,SC,ASO,ES,Combined TRACON& Tower with Radar,56,5,15,54,130,0,23,19,0,42,56,28,34,54,172,52,6,58,230
12/07/2022,MYR,SC,ASO,ES,Combined TRACON& Tower with Radar,50,8,12,41,111,0,24,43,4,71,50,32,55,45,182,68,12,80,262
12/08/2022,MYR,SC,ASO,ES,Combined TRACON& Tower with Radar,56,7,22,16,101,0,12,3,0,15,56,19,25,16,116,0,0,0,116
12/09/2022,MYR,SC,ASO,ES,Combined TRACON& Tower with Radar,54,7,22,36,119,0,17,3,0,20,54,24,25,36,139,76,0,76,215
12/10/2022,MYR,SC,ASO,ES,Combined TRACON& Tower with Radar,52,14,26,10,102,0,58,24,0,82,52,72,50,10,184,94,0,94,278
12/11/2022,MYR,SC,ASO,ES,Combined TRACON& Tower with Radar,58,6,13,6,83,0,30,16,0,46,58,36,29,6,129,6,0,6,135
12/12/2022,MYR,SC,ASO,ES,Combined TRACON& Tower with Radar,54,4,23,33,114,0,22,52,0,74,54,26,75,33,188,108,46,154,342
12/13/2022,MYR,SC,ASO,ES,Combined TRACON& Tower with Radar,51,10,21,42,124,0,12,71,6,89,51,22,92,48,213,58,46,104,317
12/14/2022,MYR,SC,ASO,ES,Combined TRACON& Tower with Radar,50,10,21,32,113,0,14,28,2,44,50,24,49,34,157,64,14,78,235
12/15/2022,MYR,SC,ASO,ES,Combined TRACON& Tower with Radar,58,13,14,8,93,0,16,1,0,17,58,29,15,8,110,0,0,0,110
12/16/2022,MYR,SC,ASO,ES,Combined TRACON& Tower with Radar,53,16,31,26,126,0,18,39,1,58,53,34,70,27,184,22,0,22,206
12/17/2022,MYR,SC,ASO,ES,Combined TRACON& Tower with Radar,50,7,22,7,86,0,54,27,4,85,50,61,49,11,171,6,0,6,177
12/18/2022,MYR,SC,ASO,ES,Combined TRACON& Tower with Radar,52,0,18,2,72,0,49,34,0,83,52,49,52,2,155,28,0,28,183
12/19/2022,MYR,SC,ASO,ES,Combined TRACON& Tower with Radar,59,12,21,14,106,0,16,38,2,56,59,28,59,16,162,0,0,0,162
12/20/2022,MYR,SC,ASO,ES,Combined TRACON& Tower with Radar,55,6,20,14,95,0,28,16,0,44,55,34,36,14,139,0,0,0,139
12/21/2022,MYR,SC,ASO,ES,Combined TRACON& Tower with Radar,51,11,19,14,95,0,19,6,1,26,51,30,25,15,121,6,0,6,127
12/22/2022,MYR,SC,ASO,ES,Combined TRACON& Tower with Radar,54,9,15,2,80,0,4,0,0,4,54,13,15,2,84,0,0,0,84
12/23/2022,MYR,SC,ASO,ES,Combined TRACON& Tower with Radar,47,5,7,0,59,0,2,0,0,2,47,7,7,0,61,0,0,0,61
12/24/2022,MYR,SC,ASO,ES,Combined TRACON& Tower with Radar,32,4,5,0,41,0,37,11,0,48,32,41,16,0,89,2,0,2,91
12/25/2022,MYR,SC,ASO,ES,Combined TRACON& Tower with Radar,41,0,2,0,43,0,0,2,0,2,41,0,4,0,45,0,0,0,45
12/26/2022,MYR,SC,ASO,ES,Combined TRACON& Tower with Radar,40,7,14,0,61,0,94,41,0,135,40,101,55,0,196,46,0,46,242
12/27/2022,MYR,SC,ASO,ES,Combined TRACON& Tower with Radar,40,3,21,12,76,0,90,23,1,114,40,93,44,13,190,38,12,50,240
12/28/2022,MYR,SC,ASO,ES,Combined TRACON& Tower with Radar,39,10,22,8,79,0,147,49,0,196,39,157,71,8,275,74,0,74,349
12/29/2022,MYR,SC,ASO,ES,Combined TRACON& Tower with Radar,46,7,26,9,88,0,183,27,0,210,46,190,53,9,298,92,0,92,390
12/30/2022,MYR,SC,ASO,ES,Combined TRACON& Tower with Radar,52,7,20,0,79,0,234,33,0,267,52,241,53,0,346,26,0,26,372
12/31/2022,MYR,SC,ASO,ES,Combined TRACON& Tower with Radar,39,9,9,0,57,0,38,0,0,38,39,47,9,0,95,0,0,0,95
01/01/2023,MYR,SC,ASO,ES,Combined TRACON& Tower with Radar,42,2,15,0,59,0,228,12,0,240,42,230,27,0,299,38,0,38,337
01/02/2023,MYR,SC,ASO,ES,Combined TRACON& Tower with Radar,56,4,25,2,87,0,120,31,0,151,56,124,56,2,238,48,0,48,286
01/03/2023,MYR,SC,ASO,ES,Combined TRACON& Tower with Radar,48,6,26,28,108,0,42,32,0,74,48,48,58,28,182,70,22,92,274
01/04/2023,MYR,SC,ASO,ES,Combined TRACON& Tower with Radar,43,9,4,17,73,0,33,2,1,36,43,42,6,18,109,6,0,6,115
01/05/2023,MYR,SC,ASO,ES,Combined TRACON& Tower with Radar,49,12,18,39,118,0,56,27,5,88,49,68,45,44,206,40,8,48,254
01/06/2023,MYR,SC,ASO,ES,Combined TRACON& Tower with Radar,44,13,27,40,124,0,54,51,0,105,44,67,78,40,229,104,24,128,357
01/07/2023,MYR,SC,ASO,ES,Combined TRACON& Tower with Radar,42,9,21,11,83,0,94,39,1,134,42,103,60,12,217,50,26,76,293
01/08/2023,MYR,SC,ASO,ES,Combined TRACON& Tower with Radar,49,5,13,3,70,0,37,22,7,66,49,42,35,10,136,22,0,22,158
01/09/2023,MYR,SC,ASO,ES,Combined TRACON& Tower with Radar,50,6,27,19,102,0,12,21,0,33,50,18,48,19,135,32,22,54,189
01/10/2023,MYR,SC,ASO,ES,Combined TRACON& Tower with Radar,50,5,32,19,106,0,24,35,1,60,50,29,67,20,166,60,4,64,230
01/11/2023,MYR,SC,ASO,ES,Combined TRACON& Tower with Radar,45,12,18,29,104,0,22,49,0,71,45,34,67,29,175,74,20,94,269
01/12/2023,MYR,SC,ASO,ES,Combined TRACON& Tower with Radar,52,5,28,45,130,0,21,34,3,58,52,26,62,48,188,16,12,28,216
01/13/2023,MYR,SC,ASO,ES,Combined TRACON& Tower with Radar,51,11,17,5,84,0,16,12,0,28,51,27,29,5,112,62,2,64,176
01/14/2023,MYR,SC,ASO,ES,Combined TRACON& Tower with Radar,39,10,8,2,59,0,50,10,2,62,39,60,18,4,121,2,0,2,123
01/15/2023,MYR,SC,ASO,ES,Combined TRACON& Tower with Radar,42,2,16,2,62,0,126,31,0,157,42,128,47,2,219,0,0,0,219
01/16/2023,MYR,SC,ASO,ES,Combined TRACON& Tower with Radar,51,9,24,0,84,0,56,59,0,115,51,65,83,0,199,54,0,54,253
01/17/2023,MYR,SC,ASO,ES,Combined TRACON& Tower with Radar,46,7,31,20,104,0,14,29,3,46,46,21,60,23,150,80,26,106,256
01/18/2023,MYR,SC,ASO,ES,Combined TRACON& Tower with Radar,48,4,29,47,128,0,21,28,4,53,48,25,57,51,181,34,18,52,233
01/19/2023,MYR,SC,ASO,ES,Combined TRACON& Tower with Radar,49,6,33,39,127,0,16,9,0,25,49,22,42,39,152,0,4,4,156
01/20/2023,MYR,SC,ASO,ES,Combined TRACON& Tower with Radar,51,8,21,18,98,0,21,44,0,65,51,29,65,18,163,30,20,50,213
01/21/2023,MYR,SC,ASO,ES,Combined TRACON& Tower with Radar,41,4,33,0,78,0,91,47,0,138,41,95,80,0,216,32,0,32,248
01/22/2023,MYR,SC,ASO,ES,Combined TRACON& Tower with Radar,48,2,3,0,53,0,0,0,0,0,48,2,3,0,53,0,0,0,53
01/23/2023,MYR,SC,ASO,ES,Combined TRACON& Tower with Radar,47,3,9,23,82,0,19,2,1,22,47,22,11,24,104,0,4,4,108
01/24/2023,MYR,SC,ASO,ES,Combined TRACON& Tower with Radar,47,11,21,13,92,0,34,58,0,92,47,45,79,13,184,0,0,0,184
01/25/2023,MYR,SC,ASO,ES,Combined TRACON& Tower with Radar,47,5,8,11,71,0,4,4,0,8,47,9,12,11,79,6,14,20,99
01/26/2023,MYR,SC,ASO,ES,Combined TRACON& Tower with Radar,51,6,25,20,102,0,26,26,2,54,51,32,51,22,156,0,0,0,156
01/27/2023,MYR,SC,ASO,ES,Combined TRACON& Tower with Radar,50,11,21,12,94,0,32,44,0,76,50,43,65,12,170,0,0,0,170
01/28/2023,MYR,SC,ASO,ES,Combined TRACON& Tower with Radar,41,3,10,1,55,0,76,54,1,131,41,79,64,2,186,0,0,0,186
01/29/2023,MYR,SC,ASO,ES,Combined TRACON& Tower with Radar,50,7,10,1,68,0,46,25,0,71,50,53,35,1,139,0,0,0,139
01/30/2023,MYR,SC,ASO,ES,Combined TRACON& Tower with Radar,49,3,5,6,63,0,0,0,0,0,49,3,5,6,63,0,0,0,63
01/31/2023,MYR,SC,ASO,ES,Combined TRACON& Tower with Radar,43,6,22,12,83,0,0,2,5,7,43,6,24,17,90,2,0,2,92
02/01/2023,MYR,SC,ASO,ES,Combined TRACON& Tower with Radar,45,6,14,54,119,0,22,6,3,31,45,28,20,57,150,20,10,30,180
02/02/2023,MYR,SC,ASO,ES,Combined TRACON& Tower with Radar,50,4,5,0,59,0,0,0,0,0,50,4,5,0,59,0,0,0,59
02/03/2023,MYR,SC,ASO,ES,Combined TRACON& Tower with Radar,50,12,27,3,92,0,15,18,4,37,50,27,45,7,129,20,0,20,149
02/04/2023,MYR,SC,ASO,ES,Combined TRACON& Tower with Radar,40,6,13,1,60,0,46,21,8,75,40,52,34,9,135,26,0,26,161
02/05/2023,MYR,SC,ASO,ES,Combined TRACON& Tower with Radar,46,4,17,1,68,0,6,2,6,14,46,10,19,7,82,0,0,0,82
02/06/2023,MYR,SC,ASO,ES,Combined TRACON& Tower with Radar,52,10,12,2,76,0,72,59,4,135,52,82,71,6,211,60,0,60,271
02/07/2023,MYR,SC,ASO,ES,Combined TRACON& Tower with Radar,50,7,18,10,85,0,68,47,9,124,50,75,65,19,209,106,6,112,321
02/08/2023,MYR,SC,ASO,ES,Combined TRACON& Tower with Radar,56,6,25,21,108,0,20,54,3,77,56,26,79,24,185,36,4,40,225
02/09/2023,MYR,SC,ASO,ES,Combined TRACON& Tower with Radar,59,12,21,67,159,0,35,21,4,60,59,47,42,71,219,24,36,60,279
02/10/2023,MYR,SC,ASO,ES,Combined TRACON& Tower with Radar,64,8,29,9,110,0,48,15,4,67,64,56,44,13,177,10,10,20,197
02/11/2023,MYR,SC,ASO,ES,Combined TRACON& Tower with Radar,53,6,2,6,67,0,68,0,8,76,53,74,2,14,143,0,14,14,157
02/12/2023,MYR,SC,ASO,ES,Combined TRACON& Tower with Radar,53,5,4,0,62,0,36,0,2,38,53,41,4,2,100,0,0,0,100
02/13/2023,MYR,SC,ASO,ES,Combined TRACON& Tower with Radar,59,7,5,8,79,0,51,39,2,92,59,58,44,10,171,54,0,54,225
02/14/2023,MYR,SC,ASO,ES,Combined TRACON& Tower with Radar,54,8,15,16,93,0,80,39,14,133,54,88,54,30,226,28,0,28,254
02/15/2023,MYR,SC,ASO,ES,Combined TRACON& Tower with Radar,56,8,18,31,113,0,58,48,9,115,56,66,66,40,228,70,32,102,330
02/16/2023,MYR,SC,ASO,ES,Combined TRACON& Tower with Radar,62,10,39,4,115,0,49,25,3,77,62,59,64,7,192,30,0,30,222
02/17/2023,MYR,SC,ASO,ES,Combined TRACON& Tower with Radar,60,9,13,16,98,0,32,1,0,33,60,41,14,16,131,8,2,10,141
02/18/2023,MYR,SC,ASO,ES,Combined TRACON& Tower with Radar,54,11,44,0,109,0,192,49,1,242,54,203,93,1,351,26,0,26,377
02/19/2023,MYR,SC,ASO,ES,Combined TRACON& Tower with Radar,61,4,19,0,84,0,164,25,0,189,61,168,44,0,273,16,0,16,289
02/20/2023,MYR,SC,ASO,ES,Combined TRACON& Tower with Radar,60,9,18,0,87,0,126,31,0,157,60,135,49,0,244,20,0,20,264
02/21/2023,MYR,SC,ASO,ES,Combined TRACON& Tower with Radar,59,9,15,13,96,0,60,19,2,81,59,69,34,15,177,14,4,18,195
02/22/2023,MYR,SC,ASO,ES,Combined TRACON& Tower with Radar,56,8,20,56,140,0,81,36,0,117,56,89,56,56,257,42,30,72,329
02/23/2023,MYR,SC,ASO,ES,Combined TRACON& Tower with Radar,62,7,24,27,120,0,106,27,5,138,62,113,51,32,258,0,8,8,266
02/24/2023,MYR,SC,ASO,ES,Combined TRACON& Tower with Radar,61,15,38,15,129,0,94,32,0,126,61,109,70,15,255,50,0,50,305
02/25/2023,MYR,SC,ASO,ES,Combined TRACON& Tower with Radar,55,16,10,13,94,0,63,0,2,65,55,79,10,15,159,0,0,0,159
02/26/2023,MYR,SC,ASO,ES,Combined TRACON& Tower with Radar,60,6,44,6,116,0,4,2,1,7,60,10,46,7,123,0,0,0,123
02/27/2023,MYR,SC,ASO,ES,Combined TRACON& Tower with Radar,58,3,17,7,85,0,0,2,0,2,58,3,19,7,87,0,0,0,87
02/28/2023,MYR,SC,ASO,ES,Combined TRACON& Tower with Radar,52,8,47,21,128,0,76,53,5,134,52,84,100,26,262,28,40,68,330
03/01/2023,MYR,SC,ASO,ES,Combined TRACON& Tower with Radar,58,16,20,50,144,0,105,36,2,143,58,121,56,52,287,74,10,84,371
03/02/2023,MYR,SC,ASO,ES,Combined TRACON& Tower with Radar,64,21,37,35,157,0,37,16,1,54,64,58,53,36,211,6,48,54,265
03/03/2023,MYR,SC,ASO,ES,Combined TRACON& Tower with Radar,61,13,22,41,137,0,66,8,4,78,61,79,30,45,215,52,12,64,279
03/04/2023,MYR,SC,ASO,ES,Combined TRACON& Tower with Radar,52,5,24,4,85,0,191,25,0,216,52,196,49,4,301,36,0,36,337
03/05/2023,MYR,SC,ASO,ES,Combined TRACON& Tower with Radar,60,11,27,1,99,0,201,39,0,240,60,212,66,1,339,24,0,24,363
03/06/2023,MYR,SC,ASO,ES,Combined TRACON& Tower with Radar,62,9,16,20,107,0,112,49,0,161,62,121,65,20,268,102,26,128,396
03/07/2023,MYR,SC,ASO,ES,Combined TRACON& Tower with Radar,57,5,26,11,99,0,112,27,6,145,57,117,53,17,244,28,6,34,278
03/08/2023,MYR,SC,ASO,ES,Combined TRACON& Tower with Radar,60,6,16,24,106,0,100,29,7,136,60,106,45,31,242,28,4,32,274
03/09/2023,MYR,SC,ASO,ES,Combined TRACON& Tower with Radar,64,7,31,43,145,0,118,49,1,168,64,125,80,44,313,72,24,96,409
03/10/2023,MYR,SC,ASO,ES,Combined TRACON& Tower with Radar,66,8,15,5,94,0,0,0,0,0,66,8,15,5,94,6,0,6,100
03/11/2023,MYR,SC,ASO,ES,Combined TRACON& Tower with Radar,57,8,19,0,84,0,225,35,0,260,57,233,54,0,344,16,0,16,360
03/12/2023,MYR,SC,ASO,ES,Combined TRACON& Tower with Radar,65,7,14,0,86,0,82,3,1,86,65,89,17,1,172,14,0,14,186
03/13/2023,MYR,SC,ASO,ES,Combined TRACON& Tower with Radar,64,15,19,45,143,0,47,4,0,51,64,62,23,45,194,38,12,50,244
03/14/2023,MYR,SC,ASO,ES,Combined TRACON& Tower with Radar,52,7,22,14,95,0,249,34,0,283,52,256,56,14,378,76,16,92,470
03/15/2023,MYR,SC,ASO,ES,Combined TRACON& Tower with Radar,61,4,16,12,93,0,190,44,0,234,61,194,60,12,327,38,0,38,365
03/16/2023,MYR,SC,ASO,ES,Combined TRACON& Tower with Radar,66,14,38,40,158,0,202,47,1,250,66,216,85,41,408,0,0,0,408
03/17/2023,MYR,SC,ASO,ES,Combined TRACON& Tower with Radar,63,6,18,27,114,0,179,14,2,195,63,185,32,29,309,16,0,16,325
03/18/2023,MYR,SC,ASO,ES,Combined TRACON& Tower with Radar,61,4,6,4,75,0,104,10,0,114,61,108,16,4,189,4,0,4,193
03/19/2023,MYR,SC,ASO,ES,Combined TRACON& Tower with Radar,66,3,20,1,90,0,228,45,0,273,66,231,65,1,363,32,0,32,395
03/20/2023,MYR,SC,ASO,ES,Combined TRACON& Tower with Radar,67,8,15,24,114,0,68,31,0,99,67,76,46,24,213,46,16,62,275
03/21/2023,MYR,SC,ASO,ES,Combined TRACON& Tower with Radar,60,7,29,8,104,0,138,55,0,193,60,145,84,8,297,86,0,86,383
03/22/2023,MYR,SC,ASO,ES,Combined TRACON& Tower with Radar,62,20,18,10,110,0,113,24,0,137,62,133,42,10,247,74,4,78,325
03/23/2023,MYR,SC,ASO,ES,Combined TRACON& Tower with Radar,69,12,41,16,138,0,124,36,0,160,69,136,77,16,298,32,2,34,332
03/24/2023,MYR,SC,ASO,ES,Combined TRACON& Tower with Radar,66,22,32,7,127,0,175,59,1,235,66,197,91,8,362,50,26,76,438
03/25/2023,MYR,SC,ASO,ES,Combined TRACON& Tower with Radar,63,6,14,0,83,0,184,11,0,195,63,190,25,0,278,10,0,10,288
03/26/2023,MYR,SC,ASO,ES,Combined TRACON& Tower with Radar,62,4,14,0,80,0,198,3,0,201,62,202,17,0,281,2,0,2,283
03/27/2023,MYR,SC,ASO,ES,Combined TRACON& Tower with Radar,70,6,24,17,117,0,73,13,1,87,70,79,37,18,204,2,0,2,206
03/28/2023,MYR,SC,ASO,ES,Combined TRACON& Tower with Radar,59,9,32,13,113,0,172,36,2,210,59,181,68,15,323,28,0,28,351
03/29/2023,MYR,SC,ASO,ES,Combined TRACON& Tower with Radar,64,9,30,16,119,0,191,32,0,223,64,200,62,16,342,80,0,80,422
03/30/2023,MYR,SC,ASO,ES,Combined TRACON& Tower with Radar,72,15,35,22,144,0,156,58,1,215,72,171,93,23,359,76,28,104,463
03/31/2023,MYR,SC,ASO,ES,Combined TRACON& Tower with Radar,71,14,25,9,119,0,153,46,2,201,71,167,71,11,320,58,2,60,380
04/01/2023,MYR,SC,ASO,ES,Combined TRACON& Tower with Radar,73,14,23,1,111,0,320,14,3,337,73,334,37,4,448,0,0,0,448
04/02/2023,MYR,SC,ASO,ES,Combined TRACON& Tower with Radar,73,4,25,4,106,0,402,32,1,435,73,406,57,5,541,26,0,26,567
04/03/2023,MYR,SC,ASO,ES,Combined TRACON& Tower with Radar,74,8,19,21,122,0,261,43,0,304,74,269,62,21,426,84,12,96,522
04/04/2023,MYR,SC,ASO,ES,Combined TRACON& Tower with Radar,82,7,28,5,122,0,337,43,1,381,82,344,71,6,503,88,0,88,591
04/05/2023,MYR,SC,ASO,ES,Combined TRACON& Tower with Radar,79,19,32,6,136,0,302,42,4,348,79,321,74,10,484,64,10,74,558
04/06/2023,MYR,SC,ASO,ES,Combined TRACON& Tower with Radar,86,10,29,32,157,0,401,18,5,424,86,411,47,37,581,84,2,86,667
04/07/2023,MYR,SC,ASO,ES,Combined TRACON& Tower with Radar,91,15,26,5,137,0,371,23,0,394,91,386,49,5,531,56,2,58,589
04/08/2023,MYR,SC,ASO,ES,Combined TRACON& Tower with Radar,78,6,12,0,96,0,0,0,0,0,78,6,12,0,96,0,0,0,96
04/09/2023,MYR,SC,ASO,ES,Combined TRACON& Tower with Radar,91,10,8,0,109,0,214,2,0,216,91,224,10,0,325,0,0,0,325
04/10/2023,MYR,SC,ASO,ES,Combined TRACON& Tower with Radar,92,11,16,0,119,0,235,43,0,278,92,246,59,0,397,14,0,14,411
04/11/2023,MYR,SC,ASO,ES,Combined TRACON& Tower with Radar,80,12,25,21,138,0,272,64,3,339,80,284,89,24,477,32,30,62,539
04/12/2023,MYR,SC,ASO,ES,Combined TRACON& Tower with Radar,76,11,16,45,148,0,340,57,2,399,76,351,73,47,547,100,12,112,659
04/13/2023,MYR,SC,ASO,ES,Combined TRACON& Tower with Radar,83,13,41,4,141,0,311,51,0,362,83,324,92,4,503,36,0,36,539
04/14/2023,MYR,SC,ASO,ES,Combined TRACON& Tower with Radar,88,18,17,4,127,0,228,11,0,239,88,246,28,4,366,12,0,12,378
04/15/2023,MYR,SC,ASO,ES,Combined TRACON& Tower with Radar,81,9,30,9,129,0,399,39,0,438,81,408,69,9,567,26,8,34,601
04/16/2023,MYR,SC,ASO,ES,Combined TRACON& Tower with Radar,89,7,15,0,111,0,242,14,0,256,89,249,29,0,367,20,0,20,387
04/17/2023,MYR,SC,ASO,ES,Combined TRACON& Tower with Radar,90,5,22,20,137,0,104,39,0,143,90,109,61,20,280,34,14,48,328
04/18/2023,MYR,SC,ASO,ES,Combined TRACON& Tower with Radar,82,5,26,19,132,0,165,53,0,218,82,170,79,19,350,0,0,0,350
04/19/2023,MYR,SC,ASO,ES,Combined TRACON& Tower with Radar,83,9,27,16,135,0,150,53,0,203,83,159,80,16,338,56,20,76,414
04/20/2023,MYR,SC,ASO,ES,Combined TRACON& Tower with Radar,90,6,27,20,143,0,144,69,0,213,90,150,96,20,356,52,8,60,416
04/21/2023,MYR,SC,ASO,ES,Combined TRACON& Tower with Radar,102,8,29,3,142,1,213,60,0,274,103,221,89,3,416,42,0,42,458
04/22/2023,MYR,SC,ASO,ES,Combined TRACON& Tower with Radar,87,9,9,0,105,0,145,4,0,149,87,154,13,0,254,0,0,0,254
04/23/2023,MYR,SC,ASO,ES,Combined TRACON& Tower with Radar,95,5,32,0,132,0,272,39,0,311,95,277,71,0,443,48,0,48,491
04/24/2023,MYR,SC,ASO,ES,Combined TRACON& Tower with Radar,99,10,16,5,130,0,186,38,1,225,99,196,54,6,355,54,2,56,411
04/25/2023,MYR,SC,ASO,ES,Combined TRACON& Tower with Radar,90,11,21,15,137,0,150,26,1,177,90,161,47,16,314,10,2,12,326
04/26/2023,MYR,SC,ASO,ES,Combined TRACON& Tower with Radar,87,8,13,9,117,0,141,16,8,165,87,149,29,17,282,40,0,40,322
04/27/2023,MYR,SC,ASO,ES,Combined TRACON& Tower with Radar,90,15,41,13,159,0,110,4,0,114,90,125,45,13,273,2,0,2,275
04/28/2023,MYR,SC,ASO,ES,Combined TRACON& Tower with Radar,103,12,20,8,143,0,131,7,0,138,103,143,27,8,281,12,0,12,293
04/29/2023,MYR,SC,ASO,ES,Combined TRACON& Tower with Radar,89,8,25,10,132,0,315,42,0,357,89,323,67,10,489,8,0,8,497
04/30/2023,MYR,SC,ASO,ES,Combined TRACON& Tower with Radar,95,4,7,0,106,0,112,2,2,116,95,116,9,2,222,0,0,0,222
05/01/2023,MYR,SC,ASO,ES,Combined TRACON& Tower with Radar,102,7,11,7,127,0,116,13,0,129,102,123,24,7,256,8,4,12,268
05/02/2023,MYR,SC,ASO,ES,Combined TRACON& Tower with Radar,82,9,13,0,104,0,78,22,2,102,82,87,35,2,206,10,0,10,216
05/03/2023,MYR,SC,ASO,ES,Combined TRACON& Tower with Radar,85,13,23,29,150,0,98,19,3,120,85,111,42,32,270,34,14,48,318
05/04/2023,MYR,SC,ASO,ES,Combined TRACON& Tower with Radar,86,11,26,24,147,0,117,70,3,190,86,128,96,27,337,64,34,98,435
05/05/2023,MYR,SC,ASO,ES,Combined TRACON& Tower with Radar,100,11,45,36,192,0,156,50,0,206,100,167,95,36,398,84,22,106,504
05/06/2023,MYR,SC,ASO,ES,Combined TRACON& Tower with Radar,85,9,16,0,110,0,297,37,0,334,85,306,53,0,444,46,0,46,490
05/07/2023,MYR,SC,ASO,ES,Combined TRACON& Tower with Radar,89,3,19,11,122,0,245,28,0,273,89,248,47,11,395,4,6,10,405
05/08/2023,MYR,SC,ASO,ES,Combined TRACON& Tower with Radar,95,10,15,15,135,0,128,29,6,163,95,138,44,21,298,0,0,0,298
05/09/2023,MYR,SC,ASO,ES,Combined TRACON& Tower with Radar,82,10,20,23,135,0,148,39,0,187,82,158,59,23,322,30,10,40,362
05/10/2023,MYR,SC,ASO,ES,Combined TRACON& Tower with Radar,91,15,37,6,149,0,113,41,1,155,91,128,78,7,304,86,0,86,390
05/11/2023,MYR,SC,ASO,ES,Combined TRACON& Tower with Radar,93,16,30,25,164,0,143,41,1,185,93,159,71,26,349,40,8,48,397
05/12/2023,MYR,SC,ASO,ES,Combined TRACON& Tower with Radar,97,9,23,7,136,0,155,49,0,204,97,164,72,7,340,12,0,12,352
05/13/2023,MYR,SC,ASO,ES,Combined TRACON& Tower with Radar,86,14,23,0,123,0,381,28,0,409,86,395,51,0,532,16,0,16,548
05/14/2023,MYR,SC,ASO,ES,Combined TRACON& Tower with Radar,92,12,15,7,126,0,265,5,0,270,92,277,20,7,396,0,0,0,396
05/15/2023,MYR,SC,ASO,ES,Combined TRACON& Tower with Radar,93,11,17,35,156,0,202,41,0,243,93,213,58,35,399,4,30,34,433
05/16/2023,MYR,SC,ASO,ES,Combined TRACON& Tower with Radar,83,14,39,37,173,0,196,31,1,228,83,210,70,38,401,44,16,60,461
05/17/2023,MYR,SC,ASO,ES,Combined TRACON& Tower with Radar,86,8,27,12,133,0,169,34,1,204,86,177,61,13,337,36,0,36,373
05/18/2023,MYR,SC,ASO,ES,Combined TRACON& Tower with Radar,93,8,18,6,125,0,27,2,2,31,93,35,20,8,156,0,0,0,156
05/19/2023,MYR,SC,ASO,ES,Combined TRACON& Tower with Radar,101,24,44,4,173,0,87,8,0,95,101,111,52,4,268,0,0,0,268
05/20/2023,MYR,SC,ASO,ES,Combined TRACON& Tower with Radar,87,10,23,2,122,0,348,10,0,358,87,358,33,2,480,14,0,14,494
05/21/2023,MYR,SC,ASO,ES,Combined TRACON& Tower with Radar,89,7,20,0,116,0,243,8,0,251,89,250,28,0,367,0,0,0,367
05/22/2023,MYR,SC,ASO,ES,Combined TRACON& Tower with Radar,107,12,23,14,156,0,193,36,0,229,107,205,59,14,385,36,12,48,433
05/23/2023,MYR,SC,ASO,ES,Combined TRACON& Tower with Radar,85,12,28,29,154,0,207,35,0,242,85,219,63,29,396,8,6,14,410
05/24/2023,MYR,SC,ASO,ES,Combined TRACON& Tower with Radar,82,13,32,11,138,0,228,54,6,288,82,241,86,17,426,28,12,40,466
05/25/2023,MYR,SC,ASO,ES,Combined TRACON& Tower with Radar,93,15,28,6,142,0,165,14,5,184,93,180,42,11,326,6,0,6,332
05/26/2023,MYR,SC,ASO,ES,Combined TRACON& Tower with Radar,105,14,27,6,152,0,88,5,0,93,105,102,32,6,245,0,0,0,245
05/27/2023,MYR,SC,ASO,ES,Combined TRACON& Tower with Radar,96,14,7,0,117,0,0,0,0,0,96,14,7,0,117,0,0,0,117
05/28/2023,MYR,SC,ASO,ES,Combined TRACON& Tower with Radar,96,5,14,0,115,0,174,0,9,183,96,179,14,9,298,0,0,0,298
05/29/2023,MYR,SC,ASO,ES,Combined TRACON& Tower with Radar,101,9,23,8,141,0,458,13,3,474,101,467,36,11,615,64,0,64,679
05/30/2023,MYR,SC,ASO,ES,Combined TRACON& Tower with Radar,85,11,34,4,134,0,246,41,0,287,85,257,75,4,421,86,0,86,507
05/31/2023,MYR,SC,ASO,ES,Combined TRACON& Tower with Radar,88,12,31,28,159,0,211,10,0,221,88,223,41,28,380,44,18,62,442
06/01/2023,MYR,SC,ASO,ES,Combined TRACON& Tower with Radar,98,14,36,30,178,0,213,29,1,243,98,227,65,31,421,40,20,60,481
06/02/2023,MYR,SC,ASO,ES,Combined TRACON& Tower with Radar,110,13,31,10,164,0,133,10,1,144,110,146,41,11,308,32,0,32,340
06/03/2023,MYR,SC,ASO,ES,Combined TRACON& Tower with Radar,115,12,18,10,155,0,360,27,2,389,115,372,45,12,544,70,0,70,614
06/04/2023,MYR,SC,ASO,ES,Combined TRACON& Tower with Radar,115,8,31,1,155,0,219,1,0,220,115,227,32,1,375,0,0,0,375
06/05/2023,MYR,SC,ASO,ES,Combined TRACON& Tower with Radar,111,11,15,14,151,0,251,44,0,295,111,262,59,14,446,12,8,20,466
06/06/2023,MYR,SC,ASO,ES,Combined TRACON& Tower with Radar,83,11,30,13,137,0,216,38,0,254,83,227,68,13,391,4,22,26,417
06/07/2023,MYR,SC,ASO,ES,Combined TRACON& Tower with Radar,86,23,42,15,166,0,209,28,2,239,86,232,70,17,405,22,0,22,427
06/08/2023,MYR,SC,ASO,ES,Combined TRACON& Tower with Radar,102,15,28,8,153,0,291,48,3,342,102,306,76,11,495,22,4,26,521
06/09/2023,MYR,SC,ASO,ES,Combined TRACON& Tower with Radar,108,22,37,19,186,0,317,52,4,373,108,339,89,23,559,44,4,48,607
06/10/2023,MYR,SC,ASO,ES,Combined TRACON& Tower with Radar,134,9,31,0,174,0,362,50,4,416,134,371,81,4,590,4,0,4,594
06/11/2023,MYR,SC,ASO,ES,Combined TRACON& Tower with Radar,114,6,26,4,150,0,368,12,0,380,114,374,38,4,530,0,0,0,530
06/12/2023,MYR,SC,ASO,ES,Combined TRACON& Tower with Radar,107,8,8,3,126,0,192,7,3,202,107,200,15,6,328,30,0,30,358
06/13/2023,MYR,SC,ASO,ES,Combined TRACON& Tower with Radar,85,9,28,29,151,0,250,35,1,286,85,259,63,30,437,40,0,40,477
06/14/2023,MYR,SC,ASO,ES,Combined TRACON& Tower with Radar,86,11,17,18,132,1,197,16,0,214,87,208,33,18,346,0,0,0,346
06/15/2023,MYR,SC,ASO,ES,Combined TRACON& Tower with Radar,91,12,14,0,117,10,299,8,0,317,101,311,22,0,434,0,0,0,434
06/16/2023,MYR,SC,ASO,ES,Combined TRACON& Tower with Radar,90,12,13,1,116,8,170,11,1,190,98,182,24,2,306,0,0,0,306
06/17/2023,MYR,SC,ASO,ES,Combined TRACON& Tower with Radar,146,6,19,1,172,0,460,34,1,495,146,466,53,2,667,10,0,10,677
06/18/2023,MYR,SC,ASO,ES,Combined TRACON& Tower with Radar,107,8,20,0,135,0,501,23,0,524,107,509,43,0,659,12,0,12,671
06/19/2023,MYR,SC,ASO,ES,Combined TRACON& Tower with Radar,104,10,33,2,149,0,317,14,0,331,104,327,47,2,480,32,0,32,512
06/20/2023,MYR,SC,ASO,ES,Combined TRACON& Tower with Radar,81,10,19,4,114,0,206,8,0,214,81,216,27,4,328,8,0,8,336
06/21/2023,MYR,SC,ASO,ES,Combined TRACON& Tower with Radar,89,13,21,28,151,0,300,2,1,303,89,313,23,29,454,24,6,30,484
06/22/2023,MYR,SC,ASO,ES,Combined TRACON& Tower with Radar,97,15,19,22,153,0,201,3,1,205,97,216,22,23,358,6,14,20,378
06/23/2023,MYR,SC,ASO,ES,Combined TRACON& Tower with Radar,105,19,26,9,159,0,256,10,0,266,105,275,36,9,425,42,2,44,469
06/24/2023,MYR,SC,ASO,ES,Combined TRACON& Tower with Radar,149,13,35,0,197,0,410,33,1,444,149,423,68,1,641,2,0,2,643
06/25/2023,MYR,SC,ASO,ES,Combined TRACON& Tower with Radar,112,9,26,2,149,0,447,25,1,473,112,456,51,3,622,0,0,0,622
06/26/2023,MYR,SC,ASO,ES,Combined TRACON& Tower with Radar,100,11,22,39,172,0,228,28,4,260,100,239,50,43,432,30,18,48,480
06/27/2023,MYR,SC,ASO,ES,Combined TRACON& Tower with Radar,74,8,25,38,145,0,331,44,1,376,74,339,69,39,521,12,10,22,543
06/28/2023,MYR,SC,ASO,ES,Combined TRACON& Tower with Radar,90,13,26,50,179,0,403,54,4,461,90,416,80,54,640,18,42,60,700
06/29/2023,MYR,SC,ASO,ES,Combined TRACON& Tower with Radar,107,16,23,13,159,0,418,57,0,475,107,434,80,13,634,0,2,2,636
06/30/2023,MYR,SC,ASO,ES,Combined TRACON& Tower with Radar,103,22,32,13,170,0,394,51,0,445,103,416,83,13,615,56,0,56,671
07/01/2023,MYR,SC,ASO,ES,Combined TRACON& Tower with Radar,152,11,32,0,195,0,536,13,0,549,152,547,45,0,744,32,0,32,776
07/02/2023,MYR,SC,ASO,ES,Combined TRACON& Tower with Radar,122,11,18,0,151,0,692,18,0,710,122,703,36,0,861,0,0,0,861
07/03/2023,MYR,SC,ASO,ES,Combined TRACON& Tower with Radar,103,9,8,0,120,0,662,41,0,703,103,671,49,0,823,0,0,0,823
07/04/2023,MYR,SC,ASO,ES,Combined TRACON& Tower with Radar,64,6,6,0,76,0,751,10,2,763,64,757,16,2,839,0,0,0,839
07/05/2023,MYR,SC,ASO,ES,Combined TRACON& Tower with Radar,94,11,18,32,155,0,439,17,0,456,94,450,35,32,611,0,0,0,611
07/06/2023,MYR,SC,ASO,ES,Combined TRACON& Tower with Radar,110,17,30,31,188,0,728,20,0,748,110,745,50,31,936,0,0,0,936
07/07/2023,MYR,SC,ASO,ES,Combined TRACON& Tower with Radar,109,14,35,3,161,0,700,32,0,732,109,714,67,3,893,0,0,0,893
07/08/2023,MYR,SC,ASO,ES,Combined TRACON& Tower with Radar,152,14,17,10,193,0,510,15,0,525,152,524,32,10,718,0,0,0,718
07/09/2023,MYR,SC,ASO,ES,Combined TRACON& Tower with Radar,108,8,16,2,134,0,491,13,0,504,108,499,29,2,638,0,0,0,638
07/10/2023,MYR,SC,ASO,ES,Combined TRACON& Tower with Radar,106,10,16,3,135,0,133,6,1,140,106,143,22,4,275,0,0,0,275
07/11/2023,MYR,SC,ASO,ES,Combined TRACON& Tower with Radar,82,15,25,20,142,0,403,50,0,453,82,418,75,20,595,0,0,0,595
07/12/2023,MYR,SC,ASO,ES,Combined TRACON& Tower with Radar,96,10,22,10,138,0,426,36,1,463,96,436,58,11,601,0,0,0,601
07/13/2023,MYR,SC,ASO,ES,Combined TRACON& Tower with Radar,105,15,33,23,176,0,422,45,0,467,105,437,78,23,643,0,0,0,643
07/14/2023,MYR,SC,ASO,ES,Combined TRACON& Tower with Radar,102,9,33,16,160,0,468,16,0,484,102,477,49,16,644,0,0,0,644
07/15/2023,MYR,SC,ASO,ES,Combined TRACON& Tower with Radar,151,14,25,15,205,0,592,14,1,607,151,606,39,16,812,0,0,0,812
07/16/2023,MYR,SC,ASO,ES,Combined TRACON& Tower with Radar,108,5,20,12,145,0,566,17,1,584,108,571,37,13,729,0,0,0,729
07/17/2023,MYR,SC,ASO,ES,Combined TRACON& Tower with Radar,116,11,19,4,150,0,421,38,0,459,116,432,57,4,609,0,0,0,609
07/18/2023,MYR,SC,ASO,ES,Combined TRACON& Tower with Radar,77,9,29,23,138,0,407,47,1,455,77,416,76,24,593,0,0,0,593
07/19/2023,MYR,SC,ASO,ES,Combined TRACON& Tower with Radar,97,7,22,24,150,0,445,19,0,464,97,452,41,24,614,0,0,0,614
07/20/2023,MYR,SC,ASO,ES,Combined TRACON& Tower with Radar,106,12,16,6,140,0,500,27,2,529,106,512,43,8,669,0,0,0,669
07/21/2023,MYR,SC,ASO,ES,Combined TRACON& Tower with Radar,121,15,19,9,164,0,569,38,0,607,121,584,57,9,771,0,0,0,771
07/22/2023,MYR,SC,ASO,ES,Combined TRACON& Tower with Radar,156,9,29,0,194,0,652,29,0,681,156,661,58,0,875,0,0,0,875
07/23/2023,MYR,SC,ASO,ES,Combined TRACON& Tower with Radar,125,7,25,1,158,0,618,13,0,631,125,625,38,1,789,0,0,0,789
07/24/2023,MYR,SC,ASO,ES,Combined TRACON& Tower with Radar,113,20,24,4,161,0,298,14,2,314,113,318,38,6,475,0,0,0,475
07/25/2023,MYR,SC,ASO,ES,Combined TRACON& Tower with Radar,77,9,15,16,117,0,349,28,3,380,77,358,43,19,497,0,0,0,497
07/26/2023,MYR,SC,ASO,ES,Combined TRACON& Tower with Radar,95,13,23,26,157,0,414,38,6,458,95,427,61,32,615,0,0,0,615
07/27/2023,MYR,SC,ASO,ES,Combined TRACON& Tower with Radar,102,15,25,24,166,0,375,33,0,408,102,390,58,24,574,0,0,0,574
07/28/2023,MYR,SC,ASO,ES,Combined TRACON& Tower with Radar,115,21,23,5,164,0,485,15,1,501,115,506,38,6,665,0,0,0,665
07/29/2023,MYR,SC,ASO,ES,Combined TRACON& Tower with Radar,153,25,16,0,194,0,460,12,0,472,153,485,28,0,666,0,0,0,666
07/30/2023,MYR,SC,ASO,ES,Combined TRACON& Tower with Radar,97,7,24,10,138,0,446,26,0,472,97,453,50,10,610,0,0,0,610
07/31/2023,MYR,SC,ASO,ES,Combined TRACON& Tower with Radar,102,10,7,0,119,0,299,16,0,315,102,309,23,0,434,0,0,0,434
08/01/2023,MYR,SC,ASO,ES,Combined TRACON& Tower with Radar,72,7,20,24,123,0,405,34,2,441,72,412,54,26,564,42,24,66,630
08/02/2023,MYR,SC,ASO,ES,Combined TRACON& Tower with Radar,82,9,19,18,128,0,397,52,2,451,82,406,71,20,579,50,2,52,631
08/03/2023,MYR,SC,ASO,ES,Combined TRACON& Tower with Radar,106,12,32,33,183,0,382,38,1,421,106,394,70,34,604,4,6,10,614
08/04/2023,MYR,SC,ASO,ES,Combined TRACON& Tower with Radar,109,17,17,1,144,0,44,10,0,54,109,61,27,1,198,20,0,20,218
08/05/2023,MYR,SC,ASO,ES,Combined TRACON& Tower with Radar,132,20,19,9,180,0,451,22,2,475,132,471,41,11,655,34,0,34,689
08/06/2023,MYR,SC,ASO,ES,Combined TRACON& Tower with Radar,113,5,20,1,139,0,502,18,0,520,113,507,38,1,659,0,0,0,659
08/07/2023,MYR,SC,ASO,ES,Combined TRACON& Tower with Radar,100,5,10,21,136,0,364,21,0,385,100,369,31,21,521,6,18,24,545
08/08/2023,MYR,SC,ASO,ES,Combined TRACON& Tower with Radar,83,6,26,11,126,0,325,26,1,352,83,331,52,12,478,30,0,30,508
08/09/2023,MYR,SC,ASO,ES,Combined TRACON& Tower with Radar,86,11,28,17,142,0,395,44,0,439,86,406,72,17,581,54,4,58,639
08/10/2023,MYR,SC,ASO,ES,Combined TRACON& Tower with Radar,103,14,18,14,149,0,315,25,6,346,103,329,43,20,495,12,0,12,507
08/11/2023,MYR,SC,ASO,ES,Combined TRACON& Tower with Radar,118,15,29,3,165,0,282,31,0,313,118,297,60,3,478,14,0,14,492
08/12/2023,MYR,SC,ASO,ES,Combined TRACON& Tower with Radar,153,4,24,7,188,0,496,25,0,521,153,500,49,7,709,4,0,4,713
08/13/2023,MYR,SC,ASO,ES,Combined TRACON& Tower with Radar,112,8,13,0,133,0,538,14,0,552,112,546,27,0,685,28,0,28,713
08/14/2023,MYR,SC,ASO,ES,Combined TRACON& Tower with Radar,113,10,15,9,147,0,306,32,1,339,113,316,47,10,486,11,0,11,497
08/15/2023,MYR,SC,ASO,ES,Combined TRACON& Tower with Radar,85,7,18,4,114,0,423,24,3,450,85,430,42,7,564,24,0,24,588
08/16/2023,MYR,SC,ASO,ES,Combined TRACON& Tower with Radar,83,10,28,0,121,0,305,31,2,338,83,315,59,2,459,10,0,10,469
08/17/2023,MYR,SC,ASO,ES,Combined TRACON& Tower with Radar,94,13,18,14,139,0,339,30,1,370,94,352,48,15,509,32,14,46,555
08/18/2023,MYR,SC,ASO,ES,Combined TRACON& Tower with Radar,100,9,18,3,130,0,482,26,0,508,100,491,44,3,638,46,0,46,684
08/19/2023,MYR,SC,ASO,ES,Combined TRACON& Tower with Radar,122,13,12,1,148,0,586,27,0,613,122,599,39,1,761,18,0,18,779
08/20/2023,MYR,SC,ASO,ES,Combined TRACON& Tower with Radar,101,11,20,0,132,0,325,8,0,333,101,336,28,0,465,0,0,0,465
08/21/2023,MYR,SC,ASO,ES,Combined TRACON& Tower with Radar,100,11,19,18,148,0,282,17,2,301,100,293,36,20,449,36,0,36,485
08/22/2023,MYR,SC,ASO,ES,Combined TRACON& Tower with Radar,79,9,15,25,128,0,312,34,2,348,79,321,49,27,476,28,12,40,516
08/23/2023,MYR,SC,ASO,ES,Combined TRACON& Tower with Radar,84,19,11,23,137,0,339,44,0,383,84,358,55,23,520,14,0,14,534
08/24/2023,MYR,SC,ASO,ES,Combined TRACON& Tower with Radar,89,14,16,16,135,0,316,32,2,350,89,330,48,18,485,38,10,48,533
08/25/2023,MYR,SC,ASO,ES,Combined TRACON& Tower with Radar,98,14,35,20,167,0,289,46,0,335,98,303,81,20,502,18,0,18,520
08/26/2023,MYR,SC,ASO,ES,Combined TRACON& Tower with Radar,112,13,17,4,146,0,351,14,1,366,112,364,31,5,512,14,2,16,528
08/27/2023,MYR,SC,ASO,ES,Combined TRACON& Tower with Radar,89,8,23,6,126,0,349,8,3,360,89,357,31,9,486,0,0,0,486
08/28/2023,MYR,SC,ASO,ES,Combined TRACON& Tower with Radar,97,21,19,10,147,0,172,25,0,197,97,193,44,10,344,0,0,0,344
08/29/2023,MYR,SC,ASO,ES,Combined TRACON& Tower with Radar,85,12,27,28,152,0,166,27,0,193,85,178,54,28,345,12,0,12,357
08/30/2023,MYR,SC,ASO,ES,Combined TRACON& Tower with Radar,76,8,6,0,90,0,22,0,0,22,76,30,6,0,112,4,0,4,116
08/31/2023,MYR,SC,ASO,ES,Combined TRACON& Tower with Radar,72,8,4,2,86,0,116,11,0,127,72,124,15,2,213,10,0,10,223
01/01/2020,MYR,SC,ASO,ES,Combined TRACON& Tower with Radar,35,3,7,0,45,0,144,18,0,162,35,147,25,0,207,4,0,4,211
01/02/2020,MYR,SC,ASO,ES,Combined TRACON& Tower with Radar,29,5,8,7,49,0,96,18,0,114,29,101,26,7,163,44,4,48,211
01/03/2020,MYR,SC,ASO,ES,Combined TRACON& Tower with Radar,30,12,16,11,69,0,14,7,0,21,30,26,23,11,90,2,2,4,94
01/04/2020,MYR,SC,ASO,ES,Combined TRACON& Tower with Radar,39,5,8,0,52,0,64,2,0,66,39,69,10,0,118,0,0,0,118
01/05/2020,MYR,SC,ASO,ES,Combined TRACON& Tower with Radar,31,2,12,0,45,0,22,12,0,34,31,24,24,0,79,0,0,0,79
01/06/2020,MYR,SC,ASO,ES,Combined TRACON& Tower with Radar,34,4,23,9,70,0,26,31,0,57,34,30,54,9,127,40,0,40,167
01/07/2020,MYR,SC,ASO,ES,Combined TRACON& Tower with Radar,30,8,19,25,82,0,18,11,0,29,30,26,30,25,111,0,0,0,111
01/08/2020,MYR,SC,ASO,ES,Combined TRACON& Tower with Radar,35,7,23,34,99,0,22,25,4,51,35,29,48,38,150,48,41,89,239
01/09/2020,MYR,SC,ASO,ES,Combined TRACON& Tower with Radar,30,5,13,21,69,0,22,25,0,47,30,27,38,21,116,13,7,20,136
01/10/2020,MYR,SC,ASO,ES,Combined TRACON& Tower with Radar,32,8,20,56,116,0,23,17,0,40,32,31,37,56,156,18,12,30,186
01/11/2020,MYR,SC,ASO,ES,Combined TRACON& Tower with Radar,41,4,13,5,63,0,70,5,0,75,41,74,18,5,138,40,0,40,178
01/12/2020,MYR,SC,ASO,ES,Combined TRACON& Tower with Radar,31,2,6,0,39,0,15,2,0,17,31,17,8,0,56,0,0,0,56
01/13/2020,MYR,SC,ASO,ES,Combined TRACON& Tower with Radar,31,9,3,0,43,0,2,0,0,2,31,11,3,0,45,4,0,4,49
01/14/2020,MYR,SC,ASO,ES,Combined TRACON& Tower with Radar,29,8,17,7,61,0,8,16,1,25,29,16,33,8,86,44,0,44,130
01/15/2020,MYR,SC,ASO,ES,Combined TRACON& Tower with Radar,38,7,30,22,97,0,26,18,1,45,38,33,48,23,142,30,0,30,172
01/16/2020,MYR,SC,ASO,ES,Combined TRACON& Tower with Radar,43,6,21,26,96,0,9,11,0,20,43,15,32,26,116,22,26,48,164
01/17/2020,MYR,SC,ASO,ES,Combined TRACON& Tower with Radar,32,7,23,31,93,0,16,30,3,49,32,23,53,34,142,86,28,114,256
01/18/2020,MYR,SC,ASO,ES,Combined TRACON& Tower with Radar,37,4,20,0,61,0,28,13,0,41,37,32,33,0,102,12,0,12,114
01/19/2020,MYR,SC,ASO,ES,Combined TRACON& Tower with Radar,29,5,13,0,47,0,44,7,1,52,29,49,20,1,99,0,0,0,99
01/20/2020,MYR,SC,ASO,ES,Combined TRACON& Tower with Radar,31,5,31,0,67,0,32,34,0,66,31,37,65,0,133,58,0,58,191
01/21/2020,MYR,SC,ASO,ES,Combined TRACON& Tower with Radar,27,9,12,25,73,0,10,11,1,22,27,19,23,26,95,0,20,20,115
01/22/2020,MYR,SC,ASO,ES,Combined TRACON& Tower with Radar,35,7,15,36,93,0,12,18,0,30,35,19,33,36,123,11,46,57,180
01/23/2020,MYR,SC,ASO,ES,Combined TRACON& Tower with Radar,30,7,22,24,83,0,38,16,0,54,30,45,38,24,137,78,0,78,215
01/24/2020,MYR,SC,ASO,ES,Combined TRACON& Tower with Radar,32,6,11,22,71,0,18,6,2,26,32,24,17,24,97,2,16,18,115
01/25/2020,MYR,SC,ASO,ES,Combined TRACON& Tower with Radar,38,4,19,8,69,0,74,30,0,104,38,78,49,8,173,0,0,0,173
01/26/2020,MYR,SC,ASO,ES,Combined TRACON& Tower with Radar,32,3,19,1,55,0,40,16,1,57,32,43,35,2,112,0,0,0,112
01/27/2020,MYR,SC,ASO,ES,Combined TRACON& Tower with Radar,31,4,10,36,81,0,4,9,0,13,31,8,19,36,94,2,18,20,114
01/28/2020,MYR,SC,ASO,ES,Combined TRACON& Tower with Radar,27,7,18,52,104,0,10,37,2,49,27,17,55,54,153,40,16,56,209
01/29/2020,MYR,SC,ASO,ES,Combined TRACON& Tower with Radar,35,9,21,20,85,0,31,33,1,65,35,40,54,21,150,53,10,63,213
01/30/2020,MYR,SC,ASO,ES,Combined TRACON& Tower with Radar,30,7,34,47,118,0,18,41,7,66,30,25,75,54,184,52,70,122,306
01/31/2020,MYR,SC,ASO,ES,Combined TRACON& Tower with Radar,31,11,17,30,89,0,8,2,3,13,31,19,19,33,102,52,18,70,172
02/01/2020,MYR,SC,ASO,ES,Combined TRACON& Tower with Radar,38,3,8,1,50,0,0,0,0,0,38,3,8,1,50,0,0,0,50
02/02/2020,MYR,SC,ASO,ES,Combined TRACON& Tower with Radar,30,6,8,0,44,0,32,28,0,60,30,38,36,0,104,0,0,0,104
02/03/2020,MYR,SC,ASO,ES,Combined TRACON& Tower with Radar,31,4,34,24,93,0,10,48,0,58,31,14,82,24,151,64,0,64,215
02/04/2020,MYR,SC,ASO,ES,Combined TRACON& Tower with Radar,29,22,16,53,120,0,17,32,1,50,29,39,48,54,170,52,33,85,255
02/05/2020,MYR,SC,ASO,ES,Combined TRACON& Tower with Radar,37,8,26,71,142,0,14,27,0,41,37,22,53,71,183,38,90,128,311
02/06/2020,MYR,SC,ASO,ES,Combined TRACON& Tower with Radar,27,9,6,13,55,0,6,0,0,6,27,15,6,13,61,0,0,0,61
02/07/2020,MYR,SC,ASO,ES,Combined TRACON& Tower with Radar,32,4,5,0,41,0,1,1,0,2,32,5,6,0,43,0,0,0,43
02/08/2020,MYR,SC,ASO,ES,Combined TRACON& Tower with Radar,40,8,18,1,67,0,34,42,0,76,40,42,60,1,143,40,0,40,183
02/09/2020,MYR,SC,ASO,ES,Combined TRACON& Tower with Radar,30,3,17,6,56,0,38,18,0,56,30,41,35,6,112,3,0,3,115
02/10/2020,MYR,SC,ASO,ES,Combined TRACON& Tower with Radar,31,4,14,28,77,0,16,30,3,49,31,20,44,31,126,58,26,84,210
02/11/2020,MYR,SC,ASO,ES,Combined TRACON& Tower with Radar,28,8,18,50,104,0,12,9,0,21,28,20,27,50,125,0,30,30,155
02/12/2020,MYR,SC,ASO,ES,Combined TRACON& Tower with Radar,44,13,27,17,101,0,2,1,0,3,44,15,28,17,104,0,0,0,104
02/13/2020,MYR,SC,ASO,ES,Combined TRACON& Tower with Radar,37,9,10,31,87,0,10,4,0,14,37,19,14,31,101,0,4,4,105
02/14/2020,MYR,SC,ASO,ES,Combined TRACON& Tower with Radar,42,7,24,3,76,0,40,46,0,86,42,47,70,3,162,42,0,42,204
02/15/2020,MYR,SC,ASO,ES,Combined TRACON& Tower with Radar,56,3,10,0,69,0,122,36,0,158,56,125,46,0,227,28,0,28,255
02/16/2020,MYR,SC,ASO,ES,Combined TRACON& Tower with Radar,35,3,13,6,57,0,74,10,0,84,35,77,23,6,141,2,0,2,143
02/17/2020,MYR,SC,ASO,ES,Combined TRACON& Tower with Radar,44,5,15,0,64,0,46,8,0,54,44,51,23,0,118,0,0,0,118
02/18/2020,MYR,SC,ASO,ES,Combined TRACON& Tower with Radar,39,8,15,18,80,0,10,10,0,20,39,18,25,18,100,62,6,68,168
02/19/2020,MYR,SC,ASO,ES,Combined TRACON& Tower with Radar,46,14,30,12,102,0,1,1,0,2,46,15,31,12,104,0,4,4,108
02/20/2020,MYR,SC,ASO,ES,Combined TRACON& Tower with Radar,44,12,27,0,83,0,2,1,0,3,44,14,28,0,86,32,0,32,118
02/21/2020,MYR,SC,ASO,ES,Combined TRACON& Tower with Radar,43,10,12,18,83,0,0,12,6,18,43,10,24,24,101,0,10,10,111
02/22/2020,MYR,SC,ASO,ES,Combined TRACON& Tower with Radar,51,4,24,0,79,0,80,51,0,131,51,84,75,0,210,65,0,65,275
02/23/2020,MYR,SC,ASO,ES,Combined TRACON& Tower with Radar,38,10,25,0,73,0,52,32,0,84,38,62,57,0,157,0,0,0,157
02/24/2020,MYR,SC,ASO,ES,Combined TRACON& Tower with Radar,42,4,16,25,87,0,10,25,0,35,42,14,41,25,122,46,26,72,194
02/25/2020,MYR,SC,ASO,ES,Combined TRACON& Tower with Radar,39,5,19,16,79,0,12,11,0,23,39,17,30,16,102,22,18,40,142
02/26/2020,MYR,SC,ASO,ES,Combined TRACON& Tower with Radar,44,16,16,6,82,0,0,2,0,2,44,16,18,6,84,0,0,0,84
02/27/2020,MYR,SC,ASO,ES,Combined TRACON& Tower with Radar,59,11,36,12,118,0,26,29,3,58,59,37,65,15,176,36,0,36,212
02/28/2020,MYR,SC,ASO,ES,Combined TRACON& Tower with Radar,53,9,24,20,106,0,52,37,0,89,53,61,61,20,195,50,4,54,249
02/29/2020,MYR,SC,ASO,ES,Combined TRACON& Tower with Radar,50,4,17,2,73,0,92,25,0,117,50,96,42,2,190,0,0,0,190
03/01/2020,MYR,SC,ASO,ES,Combined TRACON& Tower with Radar,38,5,21,3,67,0,124,21,0,145,38,129,42,3,212,0,4,4,216
03/02/2020,MYR,SC,ASO,ES,Combined TRACON& Tower with Radar,44,3,16,66,129,0,42,30,0,72,44,45,46,66,201,34,14,48,249
03/03/2020,MYR,SC,ASO,ES,Combined TRACON& Tower with Radar,39,7,7,16,69,0,22,2,0,24,39,29,9,16,93,0,12,12,105
03/04/2020,MYR,SC,ASO,ES,Combined TRACON& Tower with Radar,49,7,22,3,81,0,10,5,0,15,49,17,27,3,96,16,0,16,112
03/05/2020,MYR,SC,ASO,ES,Combined TRACON& Tower with Radar,46,7,17,0,70,0,0,0,0,0,46,7,17,0,70,0,0,0,70
03/06/2020,MYR,SC,ASO,ES,Combined TRACON& Tower with Radar,45,12,21,8,86,0,22,11,0,33,45,34,32,8,119,4,0,4,123
03/07/2020,MYR,SC,ASO,ES,Combined TRACON& Tower with Radar,57,8,9,4,78,0,102,19,2,123,57,110,28,6,201,8,0,8,209
03/08/2020,MYR,SC,ASO,ES,Combined TRACON& Tower with Radar,42,4,23,3,72,0,68,33,0,101,42,72,56,3,173,52,0,52,225
03/09/2020,MYR,SC,ASO,ES,Combined TRACON& Tower with Radar,46,9,12,16,83,0,86,38,0,124,46,95,50,16,207,52,10,62,269
03/10/2020,MYR,SC,ASO,ES,Combined TRACON& Tower with Radar,44,18,12,11,85,0,45,31,1,77,44,63,43,12,162,82,8,90,252
03/11/2020,MYR,SC,ASO,ES,Combined TRACON& Tower with Radar,62,14,20,10,106,0,54,24,0,78,62,68,44,10,184,39,8,47,231
03/12/2020,MYR,SC,ASO,ES,Combined TRACON& Tower with Radar,58,15,26,14,113,0,47,41,3,91,58,62,67,17,204,50,8,58,262
03/13/2020,MYR,SC,ASO,ES,Combined TRACON& Tower with Radar,54,10,22,7,93,0,105,38,1,144,54,115,60,8,237,60,10,70,307
03/14/2020,MYR,SC,ASO,ES,Combined TRACON& Tower with Radar,65,4,21,10,100,0,106,19,0,125,65,110,40,10,225,17,0,17,242
03/15/2020,MYR,SC,ASO,ES,Combined TRACON& Tower with Radar,54,6,14,0,74,0,92,4,0,96,54,98,18,0,170,2,0,2,172
03/16/2020,MYR,SC,ASO,ES,Combined TRACON& Tower with Radar,52,10,26,21,109,0,48,21,0,69,52,58,47,21,178,60,18,78,256
03/17/2020,MYR,SC,ASO,ES,Combined TRACON& Tower with Radar,51,12,9,2,74,0,7,2,0,9,51,19,11,2,83,0,0,0,83
03/18/2020,MYR,SC,ASO,ES,Combined TRACON& Tower with Radar,60,13,6,25,104,0,58,7,0,65,60,71,13,25,169,18,0,18,187
03/19/2020,MYR,SC,ASO,ES,Combined TRACON& Tower with Radar,55,9,24,70,158,0,99,34,2,135,55,108,58,72,293,35,25,60,353
03/20/2020,MYR,SC,ASO,ES,Combined TRACON& Tower with Radar,57,8,19,0,84,0,66,30,0,96,57,74,49,0,180,48,0,48,228
03/21/2020,MYR,SC,ASO,ES,Combined TRACON& Tower with Radar,54,6,9,0,69,0,104,13,0,117,54,110,22,0,186,18,0,18,204
03/22/2020,MYR,SC,ASO,ES,Combined TRACON& Tower with Radar,49,2,8,0,59,0,52,2,0,54,49,54,10,0,113,0,0,0,113
03/23/2020,MYR,SC,ASO,ES,Combined TRACON& Tower with Radar,44,4,2,5,55,0,30,2,0,32,44,34,4,5,87,52,0,52,139
03/24/2020,MYR,SC,ASO,ES,Combined TRACON& Tower with Radar,30,7,8,4,49,0,0,0,0,0,30,7,8,4,49,0,0,0,49
03/25/2020,MYR,SC,ASO,ES,Combined TRACON& Tower with Radar,39,7,3,21,70,0,22,6,0,28,39,29,9,21,98,6,0,6,104
03/26/2020,MYR,SC,ASO,ES,Combined TRACON& Tower with Radar,33,5,22,2,62,0,38,25,0,63,33,43,47,2,125,35,0,35,160
03/27/2020,MYR,SC,ASO,ES,Combined TRACON& Tower with Radar,32,9,8,0,49,0,22,39,0,61,32,31,47,0,110,42,0,42,152
03/28/2020,MYR,SC,ASO,ES,Combined TRACON& Tower with Radar,39,2,9,0,50,0,68,18,0,86,39,70,27,0,136,2,0,2,138
03/29/2020,MYR,SC,ASO,ES,Combined TRACON& Tower with Radar,34,0,4,0,38,0,26,2,0,28,34,26,6,0,66,10,0,10,76
03/30/2020,MYR,SC,ASO,ES,Combined TRACON& Tower with Radar,30,4,8,8,50,0,16,32,0,48,30,20,40,8,98,53,0,53,151
03/31/2020,MYR,SC,ASO,ES,Combined TRACON& Tower with Radar,31,8,2,0,41,0,14,6,0,20,31,22,8,0,61,12,0,12,73
04/01/2020,MYR,SC,ASO,ES,Combined TRACON& Tower with Radar,33,8,5,15,61,0,0,7,0,7,33,8,12,15,68,8,8,16,84
04/02/2020,MYR,SC,ASO,ES,Combined TRACON& Tower with Radar,21,5,20,9,55,0,2,45,0,47,21,7,65,9,102,14,47,61,163
04/03/2020,MYR,SC,ASO,ES,Combined TRACON& Tower with Radar,25,7,8,38,78,0,0,24,2,26,25,7,32,40,104,38,46,84,188
04/04/2020,MYR,SC,ASO,ES,Combined TRACON& Tower with Radar,19,4,9,8,40,0,0,28,0,28,19,4,37,8,68,106,12,118,186
04/05/2020,MYR,SC,ASO,ES,Combined TRACON& Tower with Radar,23,0,7,10,40,0,0,14,0,14,23,0,21,10,54,0,10,10,64
04/06/2020,MYR,SC,ASO,ES,Combined TRACON& Tower with Radar,22,2,10,4,38,0,0,22,0,22,22,2,32,4,60,54,0,54,114
04/07/2020,MYR,SC,ASO,ES,Combined TRACON& Tower with Radar,15,6,7,3,31,0,0,20,1,21,15,6,27,4,52,6,0,6,58
04/08/2020,MYR,SC,ASO,ES,Combined TRACON& Tower with Radar,13,9,15,26,63,0,0,18,0,18,13,9,33,26,81,2,24,26,107
04/09/2020,MYR,SC,ASO,ES,Combined TRACON& Tower with Radar,20,7,5,29,61,0,0,3,0,3,20,7,8,29,64,0,46,46,110
04/10/2020,MYR,SC,ASO,ES,Combined TRACON& Tower with Radar,14,7,8,15,44,0,1,16,0,17,14,8,24,15,61,20,0,20,81
04/11/2020,MYR,SC,ASO,ES,Combined TRACON& Tower with Radar,17,2,9,0,28,0,0,35,0,35,17,2,44,0,63,128,0,128,191
04/12/2020,MYR,SC,ASO,ES,Combined TRACON& Tower with Radar,9,0,5,0,14,0,0,4,0,4,9,0,9,0,18,0,0,0,18
04/13/2020,MYR,SC,ASO,ES,Combined TRACON& Tower with Radar,12,2,0,2,16,0,0,0,0,0,12,2,0,2,16,0,0,0,16
04/14/2020,MYR,SC,ASO,ES,Combined TRACON& Tower with Radar,10,7,9,16,42,0,0,21,0,21,10,7,30,16,63,54,8,62,125
04/15/2020,MYR,SC,ASO,ES,Combined TRACON& Tower with Radar,7,5,3,6,21,0,0,3,0,3,7,5,6,6,24,40,6,46,70
04/16/2020,MYR,SC,ASO,ES,Combined TRACON& Tower with Radar,10,5,16,12,43,0,0,36,8,44,10,5,52,20,87,108,0,108,195
04/17/2020,MYR,SC,ASO,ES,Combined TRACON& Tower with Radar,11,10,21,29,71,0,3,33,0,36,11,13,54,29,107,48,4,52,159
04/18/2020,MYR,SC,ASO,ES,Combined TRACON& Tower with Radar,9,2,7,8,26,0,0,4,0,4,9,2,11,8,30,0,0,0,30
04/19/2020,MYR,SC,ASO,ES,Combined TRACON& Tower with Radar,9,2,5,0,16,0,0,6,0,6,9,2,11,0,22,0,0,0,22
04/20/2020,MYR,SC,ASO,ES,Combined TRACON& Tower with Radar,10,2,3,8,23,0,0,3,0,3,10,2,6,8,26,4,0,4,30
04/21/2020,MYR,SC,ASO,ES,Combined TRACON& Tower with Radar,8,7,12,9,36,0,1,58,2,61,8,8,70,11,97,4,0,4,101
04/22/2020,MYR,SC,ASO,ES,Combined TRACON& Tower with Radar,10,9,27,18,64,0,2,61,0,63,10,11,88,18,127,6,12,18,145
04/23/2020,MYR,SC,ASO,ES,Combined TRACON& Tower with Radar,10,7,7,7,31,0,0,1,2,3,10,7,8,9,34,0,12,12,46
04/24/2020,MYR,SC,ASO,ES,Combined TRACON& Tower with Radar,11,5,8,6,30,0,0,6,0,6,11,5,14,6,36,0,0,0,36
04/25/2020,MYR,SC,ASO,ES,Combined TRACON& Tower with Radar,10,4,9,0,23,0,0,3,0,3,10,4,12,0,26,0,0,0,26
04/26/2020,MYR,SC,ASO,ES,Combined TRACON& Tower with Radar,9,0,12,4,25,0,0,13,0,13,9,0,25,4,38,14,0,14,52
04/27/2020,MYR,SC,ASO,ES,Combined TRACON& Tower with Radar,14,2,5,14,35,0,0,31,1,32,14,2,36,15,67,34,8,42,109
04/28/2020,MYR,SC,ASO,ES,Combined TRACON& Tower with Radar,11,8,23,36,78,0,0,46,2,48,11,8,69,38,126,99,37,136,262
04/29/2020,MYR,SC,ASO,ES,Combined TRACON& Tower with Radar,10,7,13,4,34,0,0,10,0,10,10,7,23,4,44,38,20,58,102
04/30/2020,MYR,SC,ASO,ES,Combined TRACON& Tower with Radar,10,5,8,14,37,0,0,6,0,6,10,5,14,14,43,14,6,20,63
05/01/2020,MYR,SC,ASO,ES,Combined TRACON& Tower with Radar,18,6,22,14,60,0,18,12,0,30,18,24,34,14,90,0,0,0,90
05/02/2020,MYR,SC,ASO,ES,Combined TRACON& Tower with Radar,17,4,14,10,45,0,90,37,0,127,17,94,51,10,172,65,0,65,237
05/03/2020,MYR,SC,ASO,ES,Combined TRACON& Tower with Radar,18,0,14,12,44,0,88,17,0,105,18,88,31,12,149,0,12,12,161
05/04/2020,MYR,SC,ASO,ES,Combined TRACON& Tower with Radar,12,1,16,5,34,0,72,28,1,101,12,73,44,6,135,0,12,12,147
05/05/2020,MYR,SC,ASO,ES,Combined TRACON& Tower with Radar,12,5,36,7,60,0,50,16,0,66,12,55,52,7,126,58,0,58,184
05/06/2020,MYR,SC,ASO,ES,Combined TRACON& Tower with Radar,12,4,11,11,38,0,52,17,0,69,12,56,28,11,107,14,8,22,129
05/07/2020,MYR,SC,ASO,ES,Combined TRACON& Tower with Radar,16,6,26,17,65,0,52,32,2,86,16,58,58,19,151,70,0,70,221
05/08/2020,MYR,SC,ASO,ES,Combined TRACON& Tower with Radar,15,3,18,19,55,0,51,22,2,75,15,54,40,21,130,4,0,4,134
05/09/2020,MYR,SC,ASO,ES,Combined TRACON& Tower with Radar,18,3,10,1,32,0,104,30,0,134,18,107,40,1,166,4,0,4,170
05/10/2020,MYR,SC,ASO,ES,Combined TRACON& Tower with Radar,15,2,9,7,33,0,102,27,0,129,15,104,36,7,162,10,8,18,180
05/11/2020,MYR,SC,ASO,ES,Combined TRACON& Tower with Radar,14,3,13,9,39,0,74,17,0,91,14,77,30,9,130,4,0,4,134
05/12/2020,MYR,SC,ASO,ES,Combined TRACON& Tower with Radar,15,4,22,23,64,0,63,35,3,101,15,67,57,26,165,72,2,74,239
05/13/2020,MYR,SC,ASO,ES,Combined TRACON& Tower with Radar,14,11,27,12,64,0,54,36,3,93,14,65,63,15,157,62,2,64,221
05/14/2020,MYR,SC,ASO,ES,Combined TRACON& Tower with Radar,17,2,30,23,72,0,65,33,0,98,17,67,63,23,170,56,16,72,242
05/15/2020,MYR,SC,ASO,ES,Combined TRACON& Tower with Radar,17,6,32,14,69,0,108,38,0,146,17,114,70,14,215,109,0,109,324
05/16/2020,MYR,SC,ASO,ES,Combined TRACON& Tower with Radar,15,5,16,0,36,0,267,28,0,295,15,272,44,0,331,19,4,23,354
05/17/2020,MYR,SC,ASO,ES,Combined TRACON& Tower with Radar,15,2,23,0,40,0,254,5,0,259,15,256,28,0,299,0,0,0,299
05/18/2020,MYR,SC,ASO,ES,Combined TRACON& Tower with Radar,19,7,7,24,57,0,220,14,3,237,19,227,21,27,294,50,6,56,350
05/19/2020,MYR,SC,ASO,ES,Combined TRACON& Tower with Radar,12,11,21,4,48,0,84,2,0,86,12,95,23,4,134,0,0,0,134
05/20/2020,MYR,SC,ASO,ES,Combined TRACON& Tower with Radar,15,3,7,0,25,0,62,0,0,62,15,65,7,0,87,0,0,0,87
05/21/2020,MYR,SC,ASO,ES,Combined TRACON& Tower with Radar,17,6,14,0,37,0,26,1,1,28,17,32,15,1,65,0,0,0,65
05/22/2020,MYR,SC,ASO,ES,Combined TRACON& Tower with Radar,23,5,30,8,66,0,106,20,5,131,23,111,50,13,197,30,0,30,227
05/23/2020,MYR,SC,ASO,ES,Combined TRACON& Tower with Radar,19,8,25,0,52,0,367,29,7,403,19,375,54,7,455,46,0,46,501
05/24/2020,MYR,SC,ASO,ES,Combined TRACON& Tower with Radar,19,1,27,0,47,0,516,24,2,542,19,517,51,2,589,6,0,6,595
05/25/2020,MYR,SC,ASO,ES,Combined TRACON& Tower with Radar,21,12,24,0,57,0,337,7,1,345,21,349,31,1,402,62,0,62,464
05/26/2020,MYR,SC,ASO,ES,Combined TRACON& Tower with Radar,13,4,31,7,55,0,213,14,0,227,13,217,45,7,282,10,0,10,292
05/27/2020,MYR,SC,ASO,ES,Combined TRACON& Tower with Radar,13,8,9,0,30,0,0,0,0,0,13,8,9,0,30,0,0,0,30
05/28/2020,MYR,SC,ASO,ES,Combined TRACON& Tower with Radar,15,4,21,6,46,0,108,6,0,114,15,112,27,6,160,6,0,6,166
05/29/2020,MYR,SC,ASO,ES,Combined TRACON& Tower with Radar,22,3,14,3,42,0,162,6,0,168,22,165,20,3,210,2,10,12,222
05/30/2020,MYR,SC,ASO,ES,Combined TRACON& Tower with Radar,20,6,11,4,41,0,277,1,2,280,20,283,12,6,321,0,0,0,321
05/31/2020,MYR,SC,ASO,ES,Combined TRACON& Tower with Radar,15,5,28,9,57,0,192,19,0,211,15,197,47,9,268,0,0,0,268
06/01/2020,MYR,SC,ASO,ES,Combined TRACON& Tower with Radar,21,0,32,29,82,0,200,54,0,254,21,200,86,29,336,27,14,41,377
06/02/2020,MYR,SC,ASO,ES,Combined TRACON& Tower with Radar,11,9,21,16,57,0,196,34,0,230,11,205,55,16,287,58,18,76,363
06/03/2020,MYR,SC,ASO,ES,Combined TRACON& Tower with Radar,12,7,21,41,81,0,257,33,2,292,12,264,54,43,373,2,26,28,401
06/04/2020,MYR,SC,ASO,ES,Combined TRACON& Tower with Radar,26,5,17,26,74,0,271,34,1,306,26,276,51,27,380,34,22,56,436
06/05/2020,MYR,SC,ASO,ES,Combined TRACON& Tower with Radar,35,7,19,9,70,0,251,14,0,265,35,258,33,9,335,88,6,94,429
06/06/2020,MYR,SC,ASO,ES,Combined TRACON& Tower with Radar,31,10,22,0,63,0,369,15,0,384,31,379,37,0,447,0,0,0,447
06/07/2020,MYR,SC,ASO,ES,Combined TRACON& Tower with Radar,31,2,18,0,51,0,414,19,0,433,31,416,37,0,484,10,0,10,494
06/08/2020,MYR,SC,ASO,ES,Combined TRACON& Tower with Radar,34,4,19,13,70,0,263,4,0,267,34,267,23,13,337,12,24,36,373
06/09/2020,MYR,SC,ASO,ES,Combined TRACON& Tower with Radar,11,13,10,10,44,0,67,1,0,68,11,80,11,10,112,0,0,0,112
06/10/2020,MYR,SC,ASO,ES,Combined TRACON& Tower with Radar,15,11,27,43,96,0,326,15,0,341,15,337,42,43,437,20,34,54,491
06/11/2020,MYR,SC,ASO,ES,Combined TRACON& Tower with Radar,44,8,22,8,82,0,263,8,0,271,44,271,30,8,353,0,0,0,353
06/12/2020,MYR,SC,ASO,ES,Combined TRACON& Tower with Radar,44,2,16,2,64,0,112,0,0,112,44,114,16,2,176,0,0,0,176
06/13/2020,MYR,SC,ASO,ES,Combined TRACON& Tower with Radar,32,6,19,5,62,0,447,2,0,449,32,453,21,5,511,0,0,0,511
06/14/2020,MYR,SC,ASO,ES,Combined TRACON& Tower with Radar,45,6,12,0,63,0,263,8,0,271,45,269,20,0,334,0,0,0,334
06/15/2020,MYR,SC,ASO,ES,Combined TRACON& Tower with Radar,37,0,12,0,49,0,130,0,0,130,37,130,12,0,179,0,0,0,179
06/16/2020,MYR,SC,ASO,ES,Combined TRACON& Tower with Radar,13,3,11,7,34,0,152,0,0,152,13,155,11,7,186,0,0,0,186
06/17/2020,MYR,SC,ASO,ES,Combined TRACON& Tower with Radar,19,15,27,25,86,0,269,13,0,282,19,284,40,25,368,28,0,28,396
06/18/2020,MYR,SC,ASO,ES,Combined TRACON& Tower with Radar,47,5,26,15,93,0,287,43,0,330,47,292,69,15,423,36,0,36,459
06/19/2020,MYR,SC,ASO,ES,Combined TRACON& Tower with Radar,47,9,29,5,90,0,278,15,0,293,47,287,44,5,383,36,0,36,419
06/20/2020,MYR,SC,ASO,ES,Combined TRACON& Tower with Radar,33,6,24,4,67,0,312,25,0,337,33,318,49,4,404,36,0,36,440
06/21/2020,MYR,SC,ASO,ES,Combined TRACON& Tower with Radar,46,3,19,0,68,0,457,23,1,481,46,460,42,1,549,0,0,0,549
06/22/2020,MYR,SC,ASO,ES,Combined TRACON& Tower with Radar,41,5,28,15,89,0,247,29,0,276,41,252,57,15,365,52,8,60,425
06/23/2020,MYR,SC,ASO,ES,Combined TRACON& Tower with Radar,14,7,21,9,51,0,360,27,0,387,14,367,48,9,438,59,2,61,499
06/24/2020,MYR,SC,ASO,ES,Combined TRACON& Tower with Radar,23,5,21,9,58,0,303,11,0,314,23,308,32,9,372,32,6,38,410
06/25/2020,MYR,SC,ASO,ES,Combined TRACON& Tower with Radar,55,6,14,0,75,0,256,3,0,259,55,262,17,0,334,0,0,0,334
06/26/2020,MYR,SC,ASO,ES,Combined TRACON& Tower with Radar,53,8,29,30,120,0,344,35,0,379,53,352,64,30,499,24,8,32,531
06/27/2020,MYR,SC,ASO,ES,Combined TRACON& Tower with Radar,52,10,25,0,87,0,374,11,0,385,52,384,36,0,472,30,0,30,502
06/28/2020,MYR,SC,ASO,ES,Combined TRACON& Tower with Radar,56,7,15,0,78,0,370,7,0,377,56,377,22,0,455,0,0,0,455
06/29/2020,MYR,SC,ASO,ES,Combined TRACON& Tower with Radar,54,4,9,27,94,0,251,24,1,276,54,255,33,28,370,0,16,16,386
06/30/2020,MYR,SC,ASO,ES,Combined TRACON& Tower with Radar,17,3,13,1,34,0,119,22,4,145,17,122,35,5,179,18,0,18,197
07/01/2020,MYR,SC,ASO,ES,Combined TRACON& Tower with Radar,60,5,15,3,83,0,227,11,1,239,60,232,26,4,322,10,0,10,332
07/02/2020,MYR,SC,ASO,ES,Combined TRACON& Tower with Radar,69,5,23,4,101,0,251,18,0,269,69,256,41,4,370,6,0,6,376
07/03/2020,MYR,SC,ASO,ES,Combined TRACON& Tower with Radar,80,6,22,0,108,0,479,39,0,518,80,485,61,0,626,50,0,50,676
07/04/2020,MYR,SC,ASO,ES,Combined TRACON& Tower with Radar,71,5,12,0,88,0,764,14,0,778,71,769,26,0,866,24,0,24,890
07/05/2020,MYR,SC,ASO,ES,Combined TRACON& Tower with Radar,72,9,26,1,108,0,554,21,0,575,72,563,47,1,683,0,0,0,683
07/06/2020,MYR,SC,ASO,ES,Combined TRACON& Tower with Radar,73,3,8,0,84,0,369,12,0,381,73,372,20,0,465,45,0,45,510
07/07/2020,MYR,SC,ASO,ES,Combined TRACON& Tower with Radar,56,3,6,0,65,0,278,0,0,278,56,281,6,0,343,14,0,14,357
07/08/2020,MYR,SC,ASO,ES,Combined TRACON& Tower with Radar,62,4,17,8,91,0,291,3,0,294,62,295,20,8,385,28,0,28,413
07/09/2020,MYR,SC,ASO,ES,Combined TRACON& Tower with Radar,79,5,27,14,125,0,313,6,0,319,79,318,33,14,444,18,0,18,462
07/10/2020,MYR,SC,ASO,ES,Combined TRACON& Tower with Radar,88,7,26,15,136,0,358,29,0,387,88,365,55,15,523,36,12,48,571
07/11/2020,MYR,SC,ASO,ES,Combined TRACON& Tower with Radar,97,7,22,0,126,0,448,26,0,474,97,455,48,0,600,4,0,4,604
07/12/2020,MYR,SC,ASO,ES,Combined TRACON& Tower with Radar,84,2,9,2,97,0,326,8,0,334,84,328,17,2,431,0,0,0,431
07/13/2020,MYR,SC,ASO,ES,Combined TRACON& Tower with Radar,78,5,13,13,109,0,236,37,0,273,78,241,50,13,382,20,0,20,402
07/14/2020,MYR,SC,ASO,ES,Combined TRACON& Tower with Radar,50,6,7,5,68,0,316,46,0,362,50,322,53,5,430,10,0,10,440
07/15/2020,MYR,SC,ASO,ES,Combined TRACON& Tower with Radar,63,9,24,24,120,0,403,42,0,445,63,412,66,24,565,0,0,0,565
07/16/2020,MYR,SC,ASO,ES,Combined TRACON& Tower with Radar,75,4,26,12,117,0,392,33,0,425,75,396,59,12,542,10,0,10,552
07/17/2020,MYR,SC,ASO,ES,Combined TRACON& Tower with Radar,83,8,10,25,126,0,401,28,2,431,83,409,38,27,557,8,6,14,571
07/18/2020,MYR,SC,ASO,ES,Combined TRACON& Tower with Radar,93,13,15,0,121,0,540,14,1,555,93,553,29,1,676,14,0,14,690
07/19/2020,MYR,SC,ASO,ES,Combined TRACON& Tower with Radar,82,0,22,3,107,0,473,20,2,495,82,473,42,5,602,14,0,14,616
07/20/2020,MYR,SC,ASO,ES,Combined TRACON& Tower with Radar,85,7,20,27,139,0,329,36,0,365,85,336,56,27,504,8,4,12,516
07/21/2020,MYR,SC,ASO,ES,Combined TRACON& Tower with Radar,60,7,20,2,89,0,363,26,0,389,60,370,46,2,478,44,0,44,522
07/22/2020,MYR,SC,ASO,ES,Combined TRACON& Tower with Radar,62,4,9,41,116,0,336,30,0,366,62,340,39,41,482,26,10,36,518
07/23/2020,MYR,SC,ASO,ES,Combined TRACON& Tower with Radar,73,6,22,8,109,0,486,27,0,513,73,492,49,8,622,29,14,43,665
07/24/2020,MYR,SC,ASO,ES,Combined TRACON& Tower with Radar,60,24,14,1,99,0,200,19,0,219,60,224,33,1,318,76,0,76,394
07/25/2020,MYR,SC,ASO,ES,Combined TRACON& Tower with Radar,98,11,8,2,119,0,425,11,1,437,98,436,19,3,556,6,0,6,562
07/26/2020,MYR,SC,ASO,ES,Combined TRACON& Tower with Radar,79,6,9,0,94,0,517,12,0,529,79,523,21,0,623,21,0,21,644
07/27/2020,MYR,SC,ASO,ES,Combined TRACON& Tower with Radar,79,4,12,22,117,0,356,29,2,387,79,360,41,24,504,34,0,34,538
07/28/2020,MYR,SC,ASO,ES,Combined TRACON& Tower with Radar,62,6,16,13,97,0,222,26,3,251,62,228,42,16,348,38,24,62,410
07/29/2020,MYR,SC,ASO,ES,Combined TRACON& Tower with Radar,65,8,17,0,90,0,291,21,2,314,65,299,38,2,404,24,0,24,428
07/30/2020,MYR,SC,ASO,ES,Combined TRACON& Tower with Radar,76,6,20,27,129,0,311,10,0,321,76,317,30,27,450,71,0,71,521
07/31/2020,MYR,SC,ASO,ES,Combined TRACON& Tower with Radar,80,9,12,40,141,0,404,29,0,433,80,413,41,40,574,23,16,39,613
08/01/2020,MYR,SC,ASO,ES,Combined TRACON& Tower with Radar,99,7,15,2,123,0,360,5,0,365,99,367,20,2,488,14,0,14,502
08/02/2020,MYR,SC,ASO,ES,Combined TRACON& Tower with Radar,86,0,10,0,96,0,504,17,0,521,86,504,27,0,617,0,0,0,617
08/03/2020,MYR,SC,ASO,ES,Combined TRACON& Tower with Radar,71,2,2,2,77,0,40,1,0,41,71,42,3,2,118,0,0,0,118
08/04/2020,MYR,SC,ASO,ES,Combined TRACON& Tower with Radar,48,6,21,5,80,0,260,30,2,292,48,266,51,7,372,40,0,40,412
08/05/2020,MYR,SC,ASO,ES,Combined TRACON& Tower with Radar,51,12,10,2,75,0,196,9,1,206,51,208,19,3,281,14,0,14,295
08/06/2020,MYR,SC,ASO,ES,Combined TRACON& Tower with Radar,71,6,10,2,89,0,200,6,0,206,71,206,16,2,295,22,0,22,317
08/07/2020,MYR,SC,ASO,ES,Combined TRACON& Tower with Radar,74,4,13,11,102,0,334,27,2,363,74,338,40,13,465,73,6,79,544
08/08/2020,MYR,SC,ASO,ES,Combined TRACON& Tower with Radar,80,7,12,0,99,0,562,18,0,580,80,569,30,0,679,0,0,0,679
08/09/2020,MYR,SC,ASO,ES,Combined TRACON& Tower with Radar,73,2,7,0,82,0,423,33,0,456,73,425,40,0,538,0,0,0,538
08/10/2020,MYR,SC,ASO,ES,Combined TRACON& Tower with Radar,74,1,16,16,107,0,326,28,0,354,74,327,44,16,461,20,0,20,481
08/11/2020,MYR,SC,ASO,ES,Combined TRACON& Tower with Radar,40,9,10,5,64,0,334,29,0,363,40,343,39,5,427,120,0,120,547
08/12/2020,MYR,SC,ASO,ES,Combined TRACON& Tower with Radar,47,5,20,3,75,0,309,19,0,328,47,314,39,3,403,58,14,72,475
08/13/2020,MYR,SC,ASO,ES,Combined TRACON& Tower with Radar,65,10,10,2,87,0,322,8,0,330,65,332,18,2,417,54,0,54,471
08/14/2020,MYR,SC,ASO,ES,Combined TRACON& Tower with Radar,77,10,18,6,111,0,388,7,0,395,77,398,25,6,506,70,12,82,588
08/15/2020,MYR,SC,ASO,ES,Combined TRACON& Tower with Radar,74,3,25,8,110,0,511,11,0,522,74,514,36,8,632,8,0,8,640
08/16/2020,MYR,SC,ASO,ES,Combined TRACON& Tower with Radar,71,0,17,6,94,0,393,0,1,394,71,393,17,7,488,0,2,2,490
08/17/2020,MYR,SC,ASO,ES,Combined TRACON& Tower with Radar,79,5,13,14,111,0,262,27,0,289,79,267,40,14,400,40,10,50,450
08/18/2020,MYR,SC,ASO,ES,Combined TRACON& Tower with Radar,43,8,19,13,83,0,302,30,0,332,43,310,49,13,415,38,8,46,461
08/19/2020,MYR,SC,ASO,ES,Combined TRACON& Tower with Radar,46,6,12,0,64,0,252,16,0,268,46,258,28,0,332,34,0,34,366
08/20/2020,MYR,SC,ASO,ES,Combined TRACON& Tower with Radar,59,12,14,4,89,0,300,15,0,315,59,312,29,4,404,55,0,55,459
08/21/2020,MYR,SC,ASO,ES,Combined TRACON& Tower with Radar,70,5,3,2,80,0,298,10,0,308,70,303,13,2,388,32,0,32,420
08/22/2020,MYR,SC,ASO,ES,Combined TRACON& Tower with Radar,69,5,14,9,97,0,506,22,0,528,69,511,36,9,625,2,0,2,627
08/23/2020,MYR,SC,ASO,ES,Combined TRACON& Tower with Radar,63,2,18,0,83,0,466,9,2,477,63,468,27,2,560,22,0,22,582
08/24/2020,MYR,SC,ASO,ES,Combined TRACON& Tower with Radar,71,1,12,0,84,0,95,18,2,115,71,96,30,2,199,23,0,23,222
08/25/2020,MYR,SC,ASO,ES,Combined TRACON& Tower with Radar,46,8,23,14,91,0,252,42,0,294,46,260,65,14,385,58,28,86,471
08/26/2020,MYR,SC,ASO,ES,Combined TRACON& Tower with Radar,48,6,20,7,81,0,292,38,0,330,48,298,58,7,411,46,2,48,459
08/27/2020,MYR,SC,ASO,ES,Combined TRACON& Tower with Radar,59,6,27,30,122,0,268,28,1,297,59,274,55,31,419,0,17,17,436
08/28/2020,MYR,SC,ASO,ES,Combined TRACON& Tower with Radar,70,10,31,18,129,0,304,27,1,332,70,314,58,19,461,32,14,46,507
08/29/2020,MYR,SC,ASO,ES,Combined TRACON& Tower with Radar,73,3,11,0,87,0,457,13,0,470,73,460,24,0,557,2,1,3,560
08/30/2020,MYR,SC,ASO,ES,Combined TRACON& Tower with Radar,61,4,26,2,93,0,602,12,0,614,61,606,38,2,707,3,0,3,710
08/31/2020,MYR,SC,ASO,ES,Combined TRACON& Tower with Radar,71,6,9,6,92,0,312,10,0,322,71,318,19,6,414,30,0,30,444
09/01/2020,MYR,SC,ASO,ES,Combined TRACON& Tower with Radar,43,7,21,34,105,0,185,17,0,202,43,192,38,34,307,88,26,114,421
09/02/2020,MYR,SC,ASO,ES,Combined TRACON& Tower with Radar,47,14,10,6,77,0,232,25,3,260,47,246,35,9,337,10,0,10,347
09/03/2020,MYR,SC,ASO,ES,Combined TRACON& Tower with Radar,63,5,19,11,98,0,233,29,3,265,63,238,48,14,363,14,10,24,387
09/04/2020,MYR,SC,ASO,ES,Combined TRACON& Tower with Radar,75,6,18,0,99,0,349,18,3,370,75,355,36,3,469,16,0,16,485
09/05/2020,MYR,SC,ASO,ES,Combined TRACON& Tower with Radar,61,4,20,0,85,0,770,18,3,791,61,774,38,3,876,24,0,24,900
09/06/2020,MYR,SC,ASO,ES,Combined TRACON& Tower with Radar,52,0,8,0,60,0,813,13,4,830,52,813,21,4,890,10,0,10,900
09/07/2020,MYR,SC,ASO,ES,Combined TRACON& Tower with Radar,69,9,14,0,92,0,697,17,1,715,69,706,31,1,807,18,0,18,825
09/08/2020,MYR,SC,ASO,ES,Combined TRACON& Tower with Radar,39,7,4,16,66,0,237,20,0,257,39,244,24,16,323,28,0,28,351
09/09/2020,MYR,SC,ASO,ES,Combined TRACON& Tower with Radar,27,12,14,14,67,0,104,0,0,104,27,116,14,14,171,6,6,12,183
09/10/2020,MYR,SC,ASO,ES,Combined TRACON& Tower with Radar,40,10,18,5,73,0,203,8,0,211,40,213,26,5,284,43,0,43,327
09/11/2020,MYR,SC,ASO,ES,Combined TRACON& Tower with Radar,46,10,19,26,101,0,244,5,9,258,46,254,24,35,359,21,14,35,394
09/12/2020,MYR,SC,ASO,ES,Combined TRACON& Tower with Radar,33,7,7,0,47,0,423,1,0,424,33,430,8,0,471,0,0,0,471
09/13/2020,MYR,SC,ASO,ES,Combined TRACON& Tower with Radar,46,4,19,0,69,0,461,10,0,471,46,465,29,0,540,18,0,18,558
09/14/2020,MYR,SC,ASO,ES,Combined TRACON& Tower with Radar,44,12,15,5,76,0,215,22,3,240,44,227,37,8,316,20,20,40,356
09/15/2020,MYR,SC,ASO,ES,Combined TRACON& Tower with Radar,24,9,19,2,54,0,249,13,1,263,24,258,32,3,317,40,0,40,357
09/16/2020,MYR,SC,ASO,ES,Combined TRACON& Tower with Radar,26,5,24,2,57,0,84,3,1,88,26,89,27,3,145,0,0,0,145
09/17/2020,MYR,SC,ASO,ES,Combined TRACON& Tower with Radar,46,5,9,0,60,0,38,1,1,40,46,43,10,1,100,0,0,0,100
09/18/2020,MYR,SC,ASO,ES,Combined TRACON& Tower with Radar,45,5,22,14,86,0,116,2,0,118,45,121,24,14,204,0,0,0,204
09/19/2020,MYR,SC,ASO,ES,Combined TRACON& Tower with Radar,35,2,8,3,48,0,479,7,0,486,35,481,15,3,534,0,0,0,534
09/20/2020,MYR,SC,ASO,ES,Combined TRACON& Tower with Radar,47,1,12,1,61,0,360,18,0,378,47,361,30,1,439,0,0,0,439
09/21/2020,MYR,SC,ASO,ES,Combined TRACON& Tower with Radar,51,14,11,12,88,0,228,10,0,238,51,242,21,12,326,2,8,10,336
09/22/2020,MYR,SC,ASO,ES,Combined TRACON& Tower with Radar,24,7,18,11,60,0,220,47,4,271,24,227,65,15,331,95,24,119,450
09/23/2020,MYR,SC,ASO,ES,Combined TRACON& Tower with Radar,28,8,15,24,75,0,233,46,0,279,28,241,61,24,354,41,12,53,407
09/24/2020,MYR,SC,ASO,ES,Combined TRACON& Tower with Radar,46,11,31,19,107,0,194,31,2,227,46,205,62,21,334,17,36,53,387
09/25/2020,MYR,SC,ASO,ES,Combined TRACON& Tower with Radar,50,13,18,1,82,0,56,0,0,56,50,69,18,1,138,0,0,0,138
09/26/2020,MYR,SC,ASO,ES,Combined TRACON& Tower with Radar,36,5,15,2,58,0,367,12,0,379,36,372,27,2,437,2,0,2,439
09/27/2020,MYR,SC,ASO,ES,Combined TRACON& Tower with Radar,47,5,21,12,85,0,392,20,0,412,47,397,41,12,497,6,0,6,503
09/28/2020,MYR,SC,ASO,ES,Combined TRACON& Tower with Radar,55,4,16,10,85,0,130,4,1,135,55,134,20,11,220,16,0,16,236
09/29/2020,MYR,SC,ASO,ES,Combined TRACON& Tower with Radar,24,9,6,5,44,0,66,2,1,69,24,75,8,6,113,20,0,20,133
09/30/2020,MYR,SC,ASO,ES,Combined TRACON& Tower with Radar,28,5,12,0,45,0,140,37,0,177,28,145,49,0,222,40,0,40,262
10/01/2020,MYR,SC,ASO,ES,Combined TRACON& Tower with Radar,47,13,20,8,88,0,136,43,0,179,47,149,63,8,267,67,0,67,334
10/02/2020,MYR,SC,ASO,ES,Combined TRACON& Tower with Radar,52,13,19,21,105,0,164,28,1,193,52,177,47,22,298,26,6,32,330
10/03/2020,MYR,SC,ASO,ES,Combined TRACON& Tower with Radar,36,5,29,36,106,0,442,23,11,476,36,447,52,47,582,20,12,32,614
10/04/2020,MYR,SC,ASO,ES,Combined TRACON& Tower with Radar,48,5,21,2,76,0,251,4,0,255,48,256,25,2,331,0,0,0,331
10/05/2020,MYR,SC,ASO,ES,Combined TRACON& Tower with Radar,53,4,12,14,83,0,160,28,0,188,53,164,40,14,271,44,14,58,329
10/06/2020,MYR,SC,ASO,ES,Combined TRACON& Tower with Radar,28,6,15,24,73,0,118,22,0,140,28,124,37,24,213,46,5,51,264
10/07/2020,MYR,SC,ASO,ES,Combined TRACON& Tower with Radar,27,11,19,23,80,0,136,29,0,165,27,147,48,23,245,63,20,83,328
10/08/2020,MYR,SC,ASO,ES,Combined TRACON& Tower with Radar,54,6,14,17,91,0,122,42,0,164,54,128,56,17,255,59,0,59,314
10/09/2020,MYR,SC,ASO,ES,Combined TRACON& Tower with Radar,62,10,14,6,92,0,179,16,0,195,62,189,30,6,287,34,0,34,321
10/10/2020,MYR,SC,ASO,ES,Combined TRACON& Tower with Radar,44,4,21,2,71,0,363,5,1,369,44,367,26,3,440,24,0,24,464
10/11/2020,MYR,SC,ASO,ES,Combined TRACON& Tower with Radar,51,6,9,0,66,0,158,2,0,160,51,164,11,0,226,8,0,8,234
10/12/2020,MYR,SC,ASO,ES,Combined TRACON& Tower with Radar,59,8,14,0,81,0,103,8,0,111,59,111,22,0,192,88,0,88,280
10/13/2020,MYR,SC,ASO,ES,Combined TRACON& Tower with Radar,24,9,20,25,78,0,108,21,0,129,24,117,41,25,207,14,20,34,241
10/14/2020,MYR,SC,ASO,ES,Combined TRACON& Tower with Radar,24,12,39,8,83,0,133,22,0,155,24,145,61,8,238,42,0,42,280
10/15/2020,MYR,SC,ASO,ES,Combined TRACON& Tower with Radar,49,20,19,25,113,0,100,20,1,121,49,120,39,26,234,61,0,61,295
10/16/2020,MYR,SC,ASO,ES,Combined TRACON& Tower with Radar,55,12,23,18,108,0,83,13,0,96,55,95,36,18,204,30,8,38,242
10/17/2020,MYR,SC,ASO,ES,Combined TRACON& Tower with Radar,41,6,15,7,69,0,303,25,3,331,41,309,40,10,400,4,12,16,416
10/18/2020,MYR,SC,ASO,ES,Combined TRACON& Tower with Radar,52,4,19,4,79,0,221,26,0,247,52,225,45,4,326,8,0,8,334
10/19/2020,MYR,SC,ASO,ES,Combined TRACON& Tower with Radar,56,6,17,23,102,0,88,31,0,119,56,94,48,23,221,40,4,44,265
10/20/2020,MYR,SC,ASO,ES,Combined TRACON& Tower with Radar,20,8,20,42,90,0,96,14,1,111,20,104,34,43,201,63,13,76,277
10/21/2020,MYR,SC,ASO,ES,Combined TRACON& Tower with Radar,24,9,23,0,56,0,100,26,0,126,24,109,49,0,182,80,0,80,262
10/22/2020,MYR,SC,ASO,ES,Combined TRACON& Tower with Radar,52,8,18,3,81,0,84,25,1,110,52,92,43,4,191,38,0,38,229
10/23/2020,MYR,SC,ASO,ES,Combined TRACON& Tower with Radar,59,8,24,3,94,0,114,20,0,134,59,122,44,3,228,38,10,48,276
10/24/2020,MYR,SC,ASO,ES,Combined TRACON& Tower with Radar,37,4,28,19,88,0,319,18,14,351,37,323,46,33,439,2,36,38,477
10/25/2020,MYR,SC,ASO,ES,Combined TRACON& Tower with Radar,50,1,14,0,65,0,135,1,0,136,50,136,15,0,201,0,0,0,201
10/26/2020,MYR,SC,ASO,ES,Combined TRACON& Tower with Radar,56,6,23,25,110,0,76,5,0,81,56,82,28,25,191,8,12,20,211
10/27/2020,MYR,SC,ASO,ES,Combined TRACON& Tower with Radar,27,15,26,9,77,0,80,34,0,114,27,95,60,9,191,47,6,53,244
10/28/2020,MYR,SC,ASO,ES,Combined TRACON& Tower with Radar,31,10,20,6,67,0,64,40,0,104,31,74,60,6,171,90,2,92,263
10/29/2020,MYR,SC,ASO,ES,Combined TRACON& Tower with Radar,53,5,10,5,73,0,11,1,0,12,53,16,11,5,85,0,0,0,85
10/30/2020,MYR,SC,ASO,ES,Combined TRACON& Tower with Radar,56,9,24,8,97,0,85,8,4,97,56,94,32,12,194,0,4,4,198
10/31/2020,MYR,SC,ASO,ES,Combined TRACON& Tower with Radar,32,7,12,5,56,0,162,12,1,175,32,169,24,6,231,0,0,0,231
11/01/2020,MYR,SC,ASO,ES,Combined TRACON& Tower with Radar,45,4,14,5,68,0,64,4,0,68,45,68,18,5,136,0,0,0,136
11/02/2020,MYR,SC,ASO,ES,Combined TRACON& Tower with Radar,53,2,9,15,79,0,46,10,1,57,53,48,19,16,136,4,0,4,140
11/03/2020,MYR,SC,ASO,ES,Combined TRACON& Tower with Radar,21,5,17,7,50,0,40,37,0,77,21,45,54,7,127,57,18,75,202
11/04/2020,MYR,SC,ASO,ES,Combined TRACON& Tower with Radar,29,11,23,4,67,0,44,26,0,70,29,55,49,4,137,75,14,89,226
11/05/2020,MYR,SC,ASO,ES,Combined TRACON& Tower with Radar,50,9,23,30,112,0,28,38,0,66,50,37,61,30,178,54,8,62,240
11/06/2020,MYR,SC,ASO,ES,Combined TRACON& Tower with Radar,51,6,21,13,91,0,42,15,0,57,51,48,36,13,148,14,0,14,162
11/07/2020,MYR,SC,ASO,ES,Combined TRACON& Tower with Radar,38,5,9,13,65,0,142,17,4,163,38,147,26,17,228,10,18,28,256
11/08/2020,MYR,SC,ASO,ES,Combined TRACON& Tower with Radar,52,2,9,0,63,0,160,8,0,168,52,162,17,0,231,0,0,0,231
11/09/2020,MYR,SC,ASO,ES,Combined TRACON& Tower with Radar,49,6,13,9,77,0,62,13,4,79,49,68,26,13,156,8,0,8,164
11/10/2020,MYR,SC,ASO,ES,Combined TRACON& Tower with Radar,31,9,11,23,74,0,34,21,11,66,31,43,32,34,140,42,42,84,224
11/11/2020,MYR,SC,ASO,ES,Combined TRACON& Tower with Radar,35,8,5,2,50,0,10,0,0,10,35,18,5,2,60,0,0,0,60
11/12/2020,MYR,SC,ASO,ES,Combined TRACON& Tower with Radar,55,5,7,6,73,0,10,1,0,11,55,15,8,6,84,0,0,0,84
11/13/2020,MYR,SC,ASO,ES,Combined TRACON& Tower with Radar,51,7,15,4,77,0,36,6,0,42,51,43,21,4,119,29,0,29,148
11/14/2020,MYR,SC,ASO,ES,Combined TRACON& Tower with Radar,42,2,22,0,66,0,162,31,0,193,42,164,53,0,259,0,0,0,259
11/15/2020,MYR,SC,ASO,ES,Combined TRACON& Tower with Radar,53,5,20,10,88,0,58,6,0,64,53,63,26,10,152,4,0,4,156
11/16/2020,MYR,SC,ASO,ES,Combined TRACON& Tower with Radar,51,5,7,9,72,0,42,28,0,70,51,47,35,9,142,36,0,36,178
11/17/2020,MYR,SC,ASO,ES,Combined TRACON& Tower with Radar,35,13,16,2,66,0,28,30,1,59,35,41,46,3,125,26,0,26,151
11/18/2020,MYR,SC,ASO,ES,Combined TRACON& Tower with Radar,35,11,15,4,65,0,30,29,1,60,35,41,44,5,125,36,0,36,161
11/19/2020,MYR,SC,ASO,ES,Combined TRACON& Tower with Radar,38,7,17,10,72,0,30,33,2,65,38,37,50,12,137,78,8,86,223
11/20/2020,MYR,SC,ASO,ES,Combined TRACON& Tower with Radar,37,6,22,15,80,0,67,24,0,91,37,73,46,15,171,24,2,26,197
11/21/2020,MYR,SC,ASO,ES,Combined TRACON& Tower with Radar,40,4,10,32,86,0,144,28,13,185,40,148,38,45,271,20,10,30,301
11/22/2020,MYR,SC,ASO,ES,Combined TRACON& Tower with Radar,43,9,20,19,91,0,116,17,1,134,43,125,37,20,225,2,8,10,235
11/23/2020,MYR,SC,ASO,ES,Combined TRACON& Tower with Radar,27,12,10,18,67,0,47,29,1,77,27,59,39,19,144,38,0,38,182
11/24/2020,MYR,SC,ASO,ES,Combined TRACON& Tower with Radar,39,11,12,8,70,0,61,38,0,99,39,72,50,8,169,36,0,36,205
11/25/2020,MYR,SC,ASO,ES,Combined TRACON& Tower with Radar,41,8,15,7,71,0,62,20,0,82,41,70,35,7,153,50,0,50,203
11/26/2020,MYR,SC,ASO,ES,Combined TRACON& Tower with Radar,18,0,4,0,22,0,0,6,0,6,18,0,10,0,28,8,0,8,36
11/27/2020,MYR,SC,ASO,ES,Combined TRACON& Tower with Radar,35,13,15,0,63,0,178,15,0,193,35,191,30,0,256,4,0,4,260
11/28/2020,MYR,SC,ASO,ES,Combined TRACON& Tower with Radar,41,8,7,0,56,0,197,10,0,207,41,205,17,0,263,0,0,0,263
11/29/2020,MYR,SC,ASO,ES,Combined TRACON& Tower with Radar,43,2,18,0,63,0,98,4,0,102,43,100,22,0,165,10,0,10,175
11/30/2020,MYR,SC,ASO,ES,Combined TRACON& Tower with Radar,42,5,3,5,55,0,14,0,0,14,42,19,3,5,69,2,0,2,71
12/01/2020,MYR,SC,ASO,ES,Combined TRACON& Tower with Radar,36,12,6,5,59,0,20,26,0,46,36,32,32,5,105,26,18,44,149
12/02/2020,MYR,SC,ASO,ES,Combined TRACON& Tower with Radar,25,7,13,41,86,0,17,24,0,41,25,24,37,41,127,88,2,90,217
12/03/2020,MYR,SC,ASO,ES,Combined TRACON& Tower with Radar,43,10,18,15,86,0,30,35,3,68,43,40,53,18,154,108,16,124,278
12/04/2020,MYR,SC,ASO,ES,Combined TRACON& Tower with Radar,37,11,10,12,70,0,22,27,1,50,37,33,37,13,120,97,16,113,233
12/05/2020,MYR,SC,ASO,ES,Combined TRACON& Tower with Radar,22,3,14,0,39,0,80,18,0,98,22,83,32,0,137,32,0,32,169
12/06/2020,MYR,SC,ASO,ES,Combined TRACON& Tower with Radar,37,3,17,4,61,0,58,26,0,84,37,61,43,4,145,20,0,20,165
12/07/2020,MYR,SC,ASO,ES,Combined TRACON& Tower with Radar,34,4,6,10,54,0,10,7,0,17,34,14,13,10,71,58,0,58,129
12/08/2020,MYR,SC,ASO,ES,Combined TRACON& Tower with Radar,22,5,13,14,54,0,30,25,4,59,22,35,38,18,113,44,0,44,157
12/09/2020,MYR,SC,ASO,ES,Combined TRACON& Tower with Radar,23,8,16,10,57,0,34,28,0,62,23,42,44,10,119,50,0,50,169
12/10/2020,MYR,SC,ASO,ES,Combined TRACON& Tower with Radar,35,7,16,13,71,0,28,31,3,62,35,35,47,16,133,45,12,57,190
12/11/2020,MYR,SC,ASO,ES,Combined TRACON& Tower with Radar,34,8,16,2,60,0,20,30,0,50,34,28,46,2,110,58,0,58,168
12/12/2020,MYR,SC,ASO,ES,Combined TRACON& Tower with Radar,24,4,17,1,46,0,96,22,0,118,24,100,39,1,164,2,0,2,166
12/13/2020,MYR,SC,ASO,ES,Combined TRACON& Tower with Radar,41,6,13,0,60,0,58,4,0,62,41,64,17,0,122,14,0,14,136
12/14/2020,MYR,SC,ASO,ES,Combined TRACON& Tower with Radar,36,2,10,8,56,0,9,1,0,10,36,11,11,8,66,8,6,14,80
12/15/2020,MYR,SC,ASO,ES,Combined TRACON& Tower with Radar,21,9,23,33,86,0,26,28,0,54,21,35,51,33,140,14,0,14,154
12/16/2020,MYR,SC,ASO,ES,Combined TRACON& Tower with Radar,31,10,6,1,48,0,4,0,0,4,31,14,6,1,52,0,0,0,52
12/17/2020,MYR,SC,ASO,ES,Combined TRACON& Tower with Radar,42,10,14,10,76,0,4,0,0,4,42,14,14,10,80,0,0,0,80
12/18/2020,MYR,SC,ASO,ES,Combined TRACON& Tower with Radar,39,7,25,2,73,0,20,32,2,54,39,27,57,4,127,43,4,47,174
12/19/2020,MYR,SC,ASO,ES,Combined TRACON& Tower with Radar,46,4,21,0,71,0,66,31,0,97,46,70,52,0,168,4,0,4,172
12/20/2020,MYR,SC,ASO,ES,Combined TRACON& Tower with Radar,39,0,7,0,46,0,0,0,0,0,39,0,7,0,46,0,0,0,46
12/21/2020,MYR,SC,ASO,ES,Combined TRACON& Tower with Radar,36,3,28,26,93,0,16,5,0,21,36,19,33,26,114,18,10,28,142
12/22/2020,MYR,SC,ASO,ES,Combined TRACON& Tower with Radar,38,9,15,8,70,0,48,28,0,76,38,57,43,8,146,6,28,34,180
12/23/2020,MYR,SC,ASO,ES,Combined TRACON& Tower with Radar,54,5,16,0,75,0,49,32,0,81,54,54,48,0,156,19,0,19,175
12/24/2020,MYR,SC,ASO,ES,Combined TRACON& Tower with Radar,29,7,7,0,43,0,4,0,0,4,29,11,7,0,47,0,0,0,47
12/25/2020,MYR,SC,ASO,ES,Combined TRACON& Tower with Radar,26,2,0,0,28,0,0,1,0,1,26,2,1,0,29,0,0,0,29
12/26/2020,MYR,SC,ASO,ES,Combined TRACON& Tower with Radar,43,4,18,0,65,0,164,19,0,183,43,168,37,0,248,26,0,26,274
12/27/2020,MYR,SC,ASO,ES,Combined TRACON& Tower with Radar,43,1,18,0,62,0,121,34,2,157,43,122,52,2,219,4,0,4,223
12/28/2020,MYR,SC,ASO,ES,Combined TRACON& Tower with Radar,40,4,14,8,66,0,116,18,0,134,40,120,32,8,200,38,4,42,242
12/29/2020,MYR,SC,ASO,ES,Combined TRACON& Tower with Radar,39,9,14,7,69,0,178,21,0,199,39,187,35,7,268,31,0,31,299
12/30/2020,MYR,SC,ASO,ES,Combined TRACON& Tower with Radar,43,9,27,2,81,0,140,11,0,151,43,149,38,2,232,6,0,6,238
12/31/2020,MYR,SC,ASO,ES,Combined TRACON& Tower with Radar,32,8,15,0,55,0,96,2,0,98,32,104,17,0,153,0,0,0,153
01/01/2021,MYR,SC,ASO,ES,Combined TRACON& Tower with Radar,29,5,1,0,35,0,0,0,0,0,29,5,1,0,35,0,0,0,35
01/02/2021,MYR,SC,ASO,ES,Combined TRACON& Tower with Radar,48,5,11,0,64,0,144,0,0,144,48,149,11,0,208,0,0,0,208
01/03/2021,MYR,SC,ASO,ES,Combined TRACON& Tower with Radar,41,2,13,0,56,0,137,4,0,141,41,139,17,0,197,6,0,6,203
01/04/2021,MYR,SC,ASO,ES,Combined TRACON& Tower with Radar,37,6,16,10,69,0,40,22,0,62,37,46,38,10,131,57,0,57,188
01/05/2021,MYR,SC,ASO,ES,Combined TRACON& Tower with Radar,25,5,6,14,50,0,11,2,0,13,25,16,8,14,63,8,0,8,71
01/06/2021,MYR,SC,ASO,ES,Combined TRACON& Tower with Radar,18,5,30,11,64,0,28,27,0,55,18,33,57,11,119,32,0,32,151
01/07/2021,MYR,SC,ASO,ES,Combined TRACON& Tower with Radar,30,13,13,12,68,0,26,7,0,33,30,39,20,12,101,64,0,64,165
01/08/2021,MYR,SC,ASO,ES,Combined TRACON& Tower with Radar,28,8,5,10,51,0,8,0,1,9,28,16,5,11,60,10,0,10,70
01/09/2021,MYR,SC,ASO,ES,Combined TRACON& Tower with Radar,26,6,18,0,50,0,86,22,1,109,26,92,40,1,159,4,0,4,163
01/10/2021,MYR,SC,ASO,ES,Combined TRACON& Tower with Radar,32,2,16,3,53,0,86,20,0,106,32,88,36,3,159,0,8,8,167
01/11/2021,MYR,SC,ASO,ES,Combined TRACON& Tower with Radar,26,5,5,16,52,0,12,4,0,16,26,17,9,16,68,44,8,52,120
01/12/2021,MYR,SC,ASO,ES,Combined TRACON& Tower with Radar,14,7,7,6,34,0,4,1,0,5,14,11,8,6,39,0,0,0,39
01/13/2021,MYR,SC,ASO,ES,Combined TRACON& Tower with Radar,18,8,22,12,60,0,18,1,1,20,18,26,23,13,80,42,6,48,128
01/14/2021,MYR,SC,ASO,ES,Combined TRACON& Tower with Radar,32,4,21,31,88,0,44,20,7,71,32,48,41,38,159,82,10,92,251
01/15/2021,MYR,SC,ASO,ES,Combined TRACON& Tower with Radar,29,5,5,7,46,0,26,7,0,33,29,31,12,7,79,64,16,80,159
01/16/2021,MYR,SC,ASO,ES,Combined TRACON& Tower with Radar,28,4,7,3,42,0,97,6,0,103,28,101,13,3,145,0,0,0,145
01/17/2021,MYR,SC,ASO,ES,Combined TRACON& Tower with Radar,28,4,10,2,44,0,106,33,0,139,28,110,43,2,183,8,0,8,191
01/18/2021,MYR,SC,ASO,ES,Combined TRACON& Tower with Radar,25,2,8,0,35,0,62,11,0,73,25,64,19,0,108,22,0,22,130
01/19/2021,MYR,SC,ASO,ES,Combined TRACON& Tower with Radar,27,8,7,9,51,0,38,45,1,84,27,46,52,10,135,56,8,64,199
01/20/2021,MYR,SC,ASO,ES,Combined TRACON& Tower with Radar,20,7,5,10,42,0,16,18,0,34,20,23,23,10,76,12,0,12,88
01/21/2021,MYR,SC,ASO,ES,Combined TRACON& Tower with Radar,30,9,16,2,57,0,8,3,0,11,30,17,19,2,68,30,0,30,98
01/22/2021,MYR,SC,ASO,ES,Combined TRACON& Tower with Radar,28,5,11,6,50,0,37,29,0,66,28,42,40,6,116,44,0,44,160
01/23/2021,MYR,SC,ASO,ES,Combined TRACON& Tower with Radar,26,4,13,6,49,0,127,29,0,156,26,131,42,6,205,16,0,16,221
01/24/2021,MYR,SC,ASO,ES,Combined TRACON& Tower with Radar,30,3,1,2,36,0,115,27,4,146,30,118,28,6,182,14,0,14,196
01/25/2021,MYR,SC,ASO,ES,Combined TRACON& Tower with Radar,38,3,4,8,53,0,0,0,0,0,38,3,4,8,53,0,0,0,53
01/26/2021,MYR,SC,ASO,ES,Combined TRACON& Tower with Radar,14,9,16,9,48,0,12,0,0,12,14,21,16,9,60,0,0,0,60
01/27/2021,MYR,SC,ASO,ES,Combined TRACON& Tower with Radar,18,5,3,0,26,0,2,0,0,2,18,7,3,0,28,0,0,0,28
01/28/2021,MYR,SC,ASO,ES,Combined TRACON& Tower with Radar,25,5,8,8,46,0,16,8,0,24,25,21,16,8,70,0,0,0,70
01/29/2021,MYR,SC,ASO,ES,Combined TRACON& Tower with Radar,29,13,17,18,77,0,10,40,2,52,29,23,57,20,129,27,12,39,168
01/30/2021,MYR,SC,ASO,ES,Combined TRACON& Tower with Radar,30,6,6,1,43,0,183,20,0,203,30,189,26,1,246,16,0,16,262
01/31/2021,MYR,SC,ASO,ES,Combined TRACON& Tower with Radar,30,1,9,0,40,0,22,1,0,23,30,23,10,0,63,0,0,0,63
02/01/2021,MYR,SC,ASO,ES,Combined TRACON& Tower with Radar,22,6,19,16,63,0,0,0,0,0,22,6,19,16,63,0,0,0,63
02/02/2021,MYR,SC,ASO,ES,Combined TRACON& Tower with Radar,15,9,7,14,45,0,32,6,2,40,15,41,13,16,85,38,36,74,159
02/03/2021,MYR,SC,ASO,ES,Combined TRACON& Tower with Radar,35,7,15,16,73,2,22,9,1,34,37,29,24,17,107,8,8,16,123
02/04/2021,MYR,SC,ASO,ES,Combined TRACON& Tower with Radar,30,7,20,25,82,0,43,29,0,72,30,50,49,25,154,32,14,46,200
02/05/2021,MYR,SC,ASO,ES,Combined TRACON& Tower with Radar,28,7,3,10,48,0,6,0,0,6,28,13,3,10,54,2,0,2,56
02/06/2021,MYR,SC,ASO,ES,Combined TRACON& Tower with Radar,27,5,10,1,43,0,118,10,0,128,27,123,20,1,171,28,0,28,199
02/07/2021,MYR,SC,ASO,ES,Combined TRACON& Tower with Radar,28,1,5,0,34,0,36,6,0,42,28,37,11,0,76,0,0,0,76
02/08/2021,MYR,SC,ASO,ES,Combined TRACON& Tower with Radar,28,7,11,10,56,0,62,39,0,101,28,69,50,10,157,22,8,30,187
02/09/2021,MYR,SC,ASO,ES,Combined TRACON& Tower with Radar,15,21,11,7,54,0,6,3,0,9,15,27,14,7,63,16,0,16,79
02/10/2021,MYR,SC,ASO,ES,Combined TRACON& Tower with Radar,19,14,22,10,65,0,10,6,9,25,19,24,28,19,90,0,8,8,98
02/11/2021,MYR,SC,ASO,ES,Combined TRACON& Tower with Radar,61,8,4,14,87,0,12,0,0,12,61,20,4,14,99,0,0,0,99
02/12/2021,MYR,SC,ASO,ES,Combined TRACON& Tower with Radar,38,4,14,2,58,0,0,0,0,0,38,4,14,2,58,0,0,0,58
02/13/2021,MYR,SC,ASO,ES,Combined TRACON& Tower with Radar,28,5,6,2,41,0,0,0,0,0,28,5,6,2,41,0,0,0,41
02/14/2021,MYR,SC,ASO,ES,Combined TRACON& Tower with Radar,35,5,3,0,43,0,0,0,0,0,35,5,3,0,43,0,0,0,43
02/15/2021,MYR,SC,ASO,ES,Combined TRACON& Tower with Radar,36,6,4,0,46,0,0,0,0,0,36,6,4,0,46,0,0,0,46
02/16/2021,MYR,SC,ASO,ES,Combined TRACON& Tower with Radar,16,9,17,22,64,0,96,20,0,116,16,105,37,22,180,7,13,20,200
02/17/2021,MYR,SC,ASO,ES,Combined TRACON& Tower with Radar,21,10,25,13,69,0,70,41,3,114,21,80,66,16,183,14,6,20,203
02/18/2021,MYR,SC,ASO,ES,Combined TRACON& Tower with Radar,34,6,2,0,42,0,0,0,0,0,34,6,2,0,42,0,0,0,42
02/19/2021,MYR,SC,ASO,ES,Combined TRACON& Tower with Radar,38,7,9,0,54,0,0,0,0,0,38,7,9,0,54,0,0,0,54
02/20/2021,MYR,SC,ASO,ES,Combined TRACON& Tower with Radar,30,6,26,3,65,0,264,51,6,321,30,270,77,9,386,61,0,61,447
02/21/2021,MYR,SC,ASO,ES,Combined TRACON& Tower with Radar,39,5,38,0,82,0,179,51,4,234,39,184,89,4,316,34,0,34,350
02/22/2021,MYR,SC,ASO,ES,Combined TRACON& Tower with Radar,38,5,5,4,52,0,23,0,0,23,38,28,5,4,75,20,0,20,95
02/23/2021,MYR,SC,ASO,ES,Combined TRACON& Tower with Radar,20,9,15,24,68,0,86,41,3,130,20,95,56,27,198,74,8,82,280
02/24/2021,MYR,SC,ASO,ES,Combined TRACON& Tower with Radar,22,8,9,8,47,0,122,29,12,163,22,130,38,20,210,64,4,68,278
02/25/2021,MYR,SC,ASO,ES,Combined TRACON& Tower with Radar,46,8,14,12,80,0,107,33,7,147,46,115,47,19,227,99,0,99,326
02/26/2021,MYR,SC,ASO,ES,Combined TRACON& Tower with Radar,44,9,16,10,79,0,72,17,0,89,44,81,33,10,168,10,0,10,178
02/27/2021,MYR,SC,ASO,ES,Combined TRACON& Tower with Radar,32,2,29,2,65,0,380,30,0,410,32,382,59,2,475,62,0,62,537
02/28/2021,MYR,SC,ASO,ES,Combined TRACON& Tower with Radar,40,2,24,0,66,0,214,9,0,223,40,216,33,0,289,10,0,10,299
03/01/2021,MYR,SC,ASO,ES,Combined TRACON& Tower with Radar,36,4,9,15,64,0,34,1,0,35,36,38,10,15,99,8,10,18,117
03/02/2021,MYR,SC,ASO,ES,Combined TRACON& Tower with Radar,21,7,14,17,59,0,42,23,0,65,21,49,37,17,124,10,12,22,146
03/03/2021,MYR,SC,ASO,ES,Combined TRACON& Tower with Radar,36,14,15,2,67,0,8,5,0,13,36,22,20,2,80,21,0,21,101
03/04/2021,MYR,SC,ASO,ES,Combined TRACON& Tower with Radar,60,18,30,21,129,0,44,40,0,84,60,62,70,21,213,57,36,93,306
03/05/2021,MYR,SC,ASO,ES,Combined TRACON& Tower with Radar,60,11,19,29,119,0,146,48,4,198,60,157,67,33,317,29,6,35,352
03/06/2021,MYR,SC,ASO,ES,Combined TRACON& Tower with Radar,51,10,16,12,89,0,286,37,3,326,51,296,53,15,415,40,0,40,455
03/07/2021,MYR,SC,ASO,ES,Combined TRACON& Tower with Radar,55,13,19,0,87,0,241,30,0,271,55,254,49,0,358,6,0,6,364
03/08/2021,MYR,SC,ASO,ES,Combined TRACON& Tower with Radar,59,7,11,21,98,0,86,42,0,128,59,93,53,21,226,12,12,24,250
03/09/2021,MYR,SC,ASO,ES,Combined TRACON& Tower with Radar,42,10,11,14,77,0,114,28,0,142,42,124,39,14,219,63,16,79,298
03/10/2021,MYR,SC,ASO,ES,Combined TRACON& Tower with Radar,52,10,17,31,110,0,114,37,1,152,52,124,54,32,262,44,34,78,340
03/11/2021,MYR,SC,ASO,ES,Combined TRACON& Tower with Radar,62,14,29,26,131,0,114,39,1,154,62,128,68,27,285,42,22,64,349
03/12/2021,MYR,SC,ASO,ES,Combined TRACON& Tower with Radar,59,10,12,14,95,0,219,33,4,256,59,229,45,18,351,20,0,20,371
03/13/2021,MYR,SC,ASO,ES,Combined TRACON& Tower with Radar,53,14,14,25,106,0,467,20,2,489,53,481,34,27,595,0,0,0,595
03/14/2021,MYR,SC,ASO,ES,Combined TRACON& Tower with Radar,64,6,25,10,105,0,322,15,0,337,64,328,40,10,442,0,0,0,442
03/15/2021,MYR,SC,ASO,ES,Combined TRACON& Tower with Radar,64,6,14,39,123,0,162,15,4,181,64,168,29,43,304,12,16,28,332
03/16/2021,MYR,SC,ASO,ES,Combined TRACON& Tower with Radar,57,9,12,0,78,0,0,0,0,0,57,9,12,0,78,0,0,0,78
03/17/2021,MYR,SC,ASO,ES,Combined TRACON& Tower with Radar,57,12,20,7,96,0,108,2,0,110,57,120,22,7,206,2,0,2,208
03/18/2021,MYR,SC,ASO,ES,Combined TRACON& Tower with Radar,75,16,10,4,105,0,0,0,0,0,75,16,10,4,105,2,0,2,107
03/19/2021,MYR,SC,ASO,ES,Combined TRACON& Tower with Radar,64,12,21,0,97,0,208,6,0,214,64,220,27,0,311,4,0,4,315
03/20/2021,MYR,SC,ASO,ES,Combined TRACON& Tower with Radar,54,16,17,0,87,0,462,11,0,473,54,478,28,0,560,10,0,10,570
03/21/2021,MYR,SC,ASO,ES,Combined TRACON& Tower with Radar,63,12,13,0,88,0,334,5,0,339,63,346,18,0,427,0,0,0,427
03/22/2021,MYR,SC,ASO,ES,Combined TRACON& Tower with Radar,65,7,19,8,99,0,146,6,0,152,65,153,25,8,251,6,0,6,257
03/23/2021,MYR,SC,ASO,ES,Combined TRACON& Tower with Radar,55,13,30,57,155,0,139,8,0,147,55,152,38,57,302,24,20,44,346
03/24/2021,MYR,SC,ASO,ES,Combined TRACON& Tower with Radar,55,9,24,29,117,0,128,22,3,153,55,137,46,32,270,20,32,52,322
03/25/2021,MYR,SC,ASO,ES,Combined TRACON& Tower with Radar,69,12,35,30,146,0,278,19,3,300,69,290,54,33,446,13,25,38,484
03/26/2021,MYR,SC,ASO,ES,Combined TRACON& Tower with Radar,64,11,13,11,99,0,276,15,1,292,64,287,28,12,391,32,8,40,431
03/27/2021,MYR,SC,ASO,ES,Combined TRACON& Tower with Radar,58,10,25,4,97,0,487,6,1,494,58,497,31,5,591,16,12,28,619
03/28/2021,MYR,SC,ASO,ES,Combined TRACON& Tower with Radar,61,17,14,2,94,0,397,4,2,403,61,414,18,4,497,0,0,0,497
03/29/2021,MYR,SC,ASO,ES,Combined TRACON& Tower with Radar,64,12,18,23,117,0,381,42,3,426,64,393,60,26,543,24,25,49,592
03/30/2021,MYR,SC,ASO,ES,Combined TRACON& Tower with Radar,58,15,25,18,116,0,443,29,0,472,58,458,54,18,588,0,12,12,600
03/31/2021,MYR,SC,ASO,ES,Combined TRACON& Tower with Radar,49,24,14,7,94,0,281,3,0,284,49,305,17,7,378,0,0,0,378
04/01/2021,MYR,SC,ASO,ES,Combined TRACON& Tower with Radar,61,25,14,33,133,0,461,3,0,464,61,486,17,33,597,6,10,16,613
04/02/2021,MYR,SC,ASO,ES,Combined TRACON& Tower with Radar,68,18,32,4,122,0,608,42,4,654,68,626,74,8,776,2,0,2,778
04/03/2021,MYR,SC,ASO,ES,Combined TRACON& Tower with Radar,67,6,26,2,101,0,728,38,0,766,67,734,64,2,867,20,0,20,887
04/04/2021,MYR,SC,ASO,ES,Combined TRACON& Tower with Radar,67,8,9,0,84,0,763,20,0,783,67,771,29,0,867,9,0,9,876
04/05/2021,MYR,SC,ASO,ES,Combined TRACON& Tower with Radar,69,17,31,10,127,0,513,42,1,556,69,530,73,11,683,34,8,42,725
04/06/2021,MYR,SC,ASO,ES,Combined TRACON& Tower with Radar,64,14,24,20,122,0,529,41,0,570,64,543,65,20,692,2,22,24,716
04/07/2021,MYR,SC,ASO,ES,Combined TRACON& Tower with Radar,62,13,31,42,148,0,636,46,6,688,62,649,77,48,836,26,16,42,878
04/08/2021,MYR,SC,ASO,ES,Combined TRACON& Tower with Radar,75,11,21,28,135,0,757,37,1,795,75,768,58,29,930,70,26,96,1026
04/09/2021,MYR,SC,ASO,ES,Combined TRACON& Tower with Radar,70,16,25,13,124,0,711,27,0,738,70,727,52,13,862,6,0,6,868
04/10/2021,MYR,SC,ASO,ES,Combined TRACON& Tower with Radar,71,11,11,9,102,0,731,2,0,733,71,742,13,9,835,4,6,10,845
04/11/2021,MYR,SC,ASO,ES,Combined TRACON& Tower with Radar,74,8,7,4,93,0,623,6,4,633,74,631,13,8,726,0,4,4,730
04/12/2021,MYR,SC,ASO,ES,Combined TRACON& Tower with Radar,69,13,37,5,124,0,299,22,0,321,69,312,59,5,445,56,5,61,506
04/13/2021,MYR,SC,ASO,ES,Combined TRACON& Tower with Radar,69,14,17,32,132,0,270,32,0,302,69,284,49,32,434,23,45,68,502
04/14/2021,MYR,SC,ASO,ES,Combined TRACON& Tower with Radar,67,23,32,22,144,0,229,39,0,268,67,252,71,22,412,28,2,30,442
04/15/2021,MYR,SC,ASO,ES,Combined TRACON& Tower with Radar,85,13,29,29,156,0,233,15,0,248,85,246,44,29,404,14,11,25,429
04/16/2021,MYR,SC,ASO,ES,Combined TRACON& Tower with Radar,75,18,26,3,122,0,298,42,1,341,75,316,68,4,463,22,0,22,485
04/17/2021,MYR,SC,ASO,ES,Combined TRACON& Tower with Radar,72,13,8,5,98,0,687,29,9,725,72,700,37,14,823,40,20,60,883
04/18/2021,MYR,SC,ASO,ES,Combined TRACON& Tower with Radar,83,9,23,0,115,0,579,34,0,613,83,588,57,0,728,6,0,6,734
04/19/2021,MYR,SC,ASO,ES,Combined TRACON& Tower with Radar,75,12,13,15,115,0,274,26,4,304,75,286,39,19,419,4,16,20,439
04/20/2021,MYR,SC,ASO,ES,Combined TRACON& Tower with Radar,68,12,23,21,124,0,270,28,2,300,68,282,51,23,424,60,24,84,508
04/21/2021,MYR,SC,ASO,ES,Combined TRACON& Tower with Radar,73,17,27,9,126,0,154,9,2,165,73,171,36,11,291,0,0,0,291
04/22/2021,MYR,SC,ASO,ES,Combined TRACON& Tower with Radar,83,19,28,11,141,0,325,41,1,367,83,344,69,12,508,20,15,35,543
04/23/2021,MYR,SC,ASO,ES,Combined TRACON& Tower with Radar,77,20,22,17,136,0,341,52,4,397,77,361,74,21,533,53,12,65,598
04/24/2021,MYR,SC,ASO,ES,Combined TRACON& Tower with Radar,75,12,12,0,99,0,236,4,0,240,75,248,16,0,339,0,0,0,339
04/25/2021,MYR,SC,ASO,ES,Combined TRACON& Tower with Radar,84,18,24,9,135,0,503,14,0,517,84,521,38,9,652,4,0,4,656
04/26/2021,MYR,SC,ASO,ES,Combined TRACON& Tower with Radar,72,11,28,26,137,0,213,34,3,250,72,224,62,29,387,14,8,22,409
04/27/2021,MYR,SC,ASO,ES,Combined TRACON& Tower with Radar,71,17,29,12,129,0,209,45,0,254,71,226,74,12,383,68,10,78,461
04/28/2021,MYR,SC,ASO,ES,Combined TRACON& Tower with Radar,69,20,26,25,140,0,188,26,2,216,69,208,52,27,356,36,30,66,422
04/29/2021,MYR,SC,ASO,ES,Combined TRACON& Tower with Radar,84,21,28,6,139,0,221,26,0,247,84,242,54,6,386,12,0,12,398
04/30/2021,MYR,SC,ASO,ES,Combined TRACON& Tower with Radar,74,24,14,20,132,0,335,29,0,364,74,359,43,20,496,12,12,24,520
05/01/2021,MYR,SC,ASO,ES,Combined TRACON& Tower with Radar,74,11,22,28,135,1,648,40,8,697,75,659,62,36,832,18,16,34,866
05/02/2021,MYR,SC,ASO,ES,Combined TRACON& Tower with Radar,84,13,28,0,125,0,437,20,1,458,84,450,48,1,583,4,0,4,587
05/03/2021,MYR,SC,ASO,ES,Combined TRACON& Tower with Radar,72,22,18,6,118,0,198,1,0,199,72,220,19,6,317,8,0,8,325
05/04/2021,MYR,SC,ASO,ES,Combined TRACON& Tower with Radar,84,14,12,33,143,0,198,22,4,224,84,212,34,37,367,40,4,44,411
05/05/2021,MYR,SC,ASO,ES,Combined TRACON& Tower with Radar,82,11,21,9,123,0,210,12,20,242,82,221,33,29,365,2,18,20,385
05/06/2021,MYR,SC,ASO,ES,Combined TRACON& Tower with Radar,110,12,31,18,171,0,247,25,4,276,110,259,56,22,447,8,14,22,469
05/07/2021,MYR,SC,ASO,ES,Combined TRACON& Tower with Radar,96,9,17,11,133,0,348,29,4,381,96,357,46,15,514,16,26,42,556
05/08/2021,MYR,SC,ASO,ES,Combined TRACON& Tower with Radar,101,12,13,11,137,0,645,22,3,670,101,657,35,14,807,0,10,10,817
05/09/2021,MYR,SC,ASO,ES,Combined TRACON& Tower with Radar,123,12,20,5,160,0,609,11,1,621,123,621,31,6,781,0,0,0,781
05/10/2021,MYR,SC,ASO,ES,Combined TRACON& Tower with Radar,94,10,8,13,125,0,246,10,3,259,94,256,18,16,384,30,14,44,428
05/11/2021,MYR,SC,ASO,ES,Combined TRACON& Tower with Radar,90,20,21,13,144,0,207,1,0,208,90,227,22,13,352,36,0,36,388
05/12/2021,MYR,SC,ASO,ES,Combined TRACON& Tower with Radar,85,16,11,0,112,0,20,1,1,22,85,36,12,1,134,0,0,0,134
05/13/2021,MYR,SC,ASO,ES,Combined TRACON& Tower with Radar,117,16,15,27,175,0,254,39,6,299,117,270,54,33,474,26,6,32,506
05/14/2021,MYR,SC,ASO,ES,Combined TRACON& Tower with Radar,99,14,19,2,134,0,352,36,0,388,99,366,55,2,522,24,0,24,546
05/15/2021,MYR,SC,ASO,ES,Combined TRACON& Tower with Radar,96,10,20,7,133,0,566,33,5,604,96,576,53,12,737,10,6,16,753
05/16/2021,MYR,SC,ASO,ES,Combined TRACON& Tower with Radar,124,13,17,0,154,0,435,28,0,463,124,448,45,0,617,0,0,0,617
05/17/2021,MYR,SC,ASO,ES,Combined TRACON& Tower with Radar,96,8,15,12,131,0,235,44,0,279,96,243,59,12,410,39,0,39,449
05/18/2021,MYR,SC,ASO,ES,Combined TRACON& Tower with Radar,95,18,18,13,144,0,302,35,0,337,95,320,53,13,481,38,8,46,527
05/19/2021,MYR,SC,ASO,ES,Combined TRACON& Tower with Radar,85,12,25,15,137,0,238,34,0,272,85,250,59,15,409,37,2,39,448
05/20/2021,MYR,SC,ASO,ES,Combined TRACON& Tower with Radar,115,16,23,7,161,0,342,45,0,387,115,358,68,7,548,122,0,122,670
05/21/2021,MYR,SC,ASO,ES,Combined TRACON& Tower with Radar,97,14,20,15,146,0,386,27,1,414,97,400,47,16,560,20,0,20,580
05/22/2021,MYR,SC,ASO,ES,Combined TRACON& Tower with Radar,95,22,27,0,144,0,663,21,2,686,95,685,48,2,830,4,0,4,834
05/23/2021,MYR,SC,ASO,ES,Combined TRACON& Tower with Radar,129,11,27,6,173,0,478,31,0,509,129,489,58,6,682,0,0,0,682
05/24/2021,MYR,SC,ASO,ES,Combined TRACON& Tower with Radar,106,11,25,8,150,0,265,31,5,301,106,276,56,13,451,62,14,76,527
05/25/2021,MYR,SC,ASO,ES,Combined TRACON& Tower with Radar,103,12,30,31,176,0,364,27,0,391,103,376,57,31,567,109,12,121,688
05/26/2021,MYR,SC,ASO,ES,Combined TRACON& Tower with Radar,99,16,42,20,177,0,369,27,3,399,99,385,69,23,576,68,12,80,656
05/27/2021,MYR,SC,ASO,ES,Combined TRACON& Tower with Radar,129,20,28,5,182,0,306,34,2,342,129,326,62,7,524,14,0,14,538
05/28/2021,MYR,SC,ASO,ES,Combined TRACON& Tower with Radar,130,21,27,3,181,0,383,35,8,426,130,404,62,11,607,26,6,32,639
05/29/2021,MYR,SC,ASO,ES,Combined TRACON& Tower with Radar,122,12,19,0,153,0,815,12,6,833,122,827,31,6,986,0,0,0,986
05/30/2021,MYR,SC,ASO,ES,Combined TRACON& Tower with Radar,127,7,7,0,141,0,839,5,4,848,127,846,12,4,989,0,0,0,989
05/31/2021,MYR,SC,ASO,ES,Combined TRACON& Tower with Radar,130,13,16,0,159,0,680,31,1,712,130,693,47,1,871,54,0,54,925
06/01/2021,MYR,SC,ASO,ES,Combined TRACON& Tower with Radar,107,12,24,11,154,0,471,34,0,505,107,483,58,11,659,76,0,76,735
06/02/2021,MYR,SC,ASO,ES,Combined TRACON& Tower with Radar,121,18,23,20,182,0,418,6,2,426,121,436,29,22,608,44,13,57,665
06/03/2021,MYR,SC,ASO,ES,Combined TRACON& Tower with Radar,127,11,23,13,174,0,327,1,0,328,127,338,24,13,502,27,0,27,529
06/04/2021,MYR,SC,ASO,ES,Combined TRACON& Tower with Radar,132,13,14,10,169,0,278,7,2,287,132,291,21,12,456,0,2,2,458
06/05/2021,MYR,SC,ASO,ES,Combined TRACON& Tower with Radar,144,20,17,0,181,0,370,2,0,372,144,390,19,0,553,6,0,6,559
06/06/2021,MYR,SC,ASO,ES,Combined TRACON& Tower with Radar,158,29,15,0,202,0,206,5,0,211,158,235,20,0,413,0,0,0,413
06/07/2021,MYR,SC,ASO,ES,Combined TRACON& Tower with Radar,147,11,21,0,179,0,304,2,0,306,147,315,23,0,485,4,0,4,489
06/08/2021,MYR,SC,ASO,ES,Combined TRACON& Tower with Radar,110,19,16,6,151,0,394,8,0,402,110,413,24,6,553,74,0,74,627
06/09/2021,MYR,SC,ASO,ES,Combined TRACON& Tower with Radar,130,17,25,8,180,0,466,13,0,479,130,483,38,8,659,58,0,58,717
06/10/2021,MYR,SC,ASO,ES,Combined TRACON& Tower with Radar,148,16,38,12,214,0,465,20,2,487,148,481,58,14,701,32,4,36,737
06/11/2021,MYR,SC,ASO,ES,Combined TRACON& Tower with Radar,154,21,32,4,211,0,492,21,3,516,154,513,53,7,727,30,8,38,765
06/12/2021,MYR,SC,ASO,ES,Combined TRACON& Tower with Radar,167,14,19,0,200,0,465,5,7,477,167,479,24,7,677,6,0,6,683
06/13/2021,MYR,SC,ASO,ES,Combined TRACON& Tower with Radar,156,17,30,0,203,0,452,7,8,467,156,469,37,8,670,0,0,0,670
06/14/2021,MYR,SC,ASO,ES,Combined TRACON& Tower with Radar,148,14,47,24,233,0,350,47,10,407,148,364,94,34,640,20,26,46,686
06/15/2021,MYR,SC,ASO,ES,Combined TRACON& Tower with Radar,124,14,31,17,186,0,363,34,0,397,124,377,65,17,583,0,14,14,597
06/16/2021,MYR,SC,ASO,ES,Combined TRACON& Tower with Radar,136,14,30,3,183,0,566,44,0,610,136,580,74,3,793,26,0,26,819
06/17/2021,MYR,SC,ASO,ES,Combined TRACON& Tower with Radar,151,13,28,14,206,0,580,49,1,630,151,593,77,15,836,48,0,48,884
06/18/2021,MYR,SC,ASO,ES,Combined TRACON& Tower with Radar,153,16,26,3,198,0,558,20,2,580,153,574,46,5,778,10,0,10,788
06/19/2021,MYR,SC,ASO,ES,Combined TRACON& Tower with Radar,180,12,30,2,224,0,670,17,0,687,180,682,47,2,911,12,0,12,923
06/20/2021,MYR,SC,ASO,ES,Combined TRACON& Tower with Radar,165,13,15,0,193,0,484,1,0,485,165,497,16,0,678,0,0,0,678
06/21/2021,MYR,SC,ASO,ES,Combined TRACON& Tower with Radar,145,7,9,12,173,0,530,6,0,536,145,537,15,12,709,4,0,4,713
06/22/2021,MYR,SC,ASO,ES,Combined TRACON& Tower with Radar,117,16,11,0,144,0,326,2,0,328,117,342,13,0,472,0,0,0,472
06/23/2021,MYR,SC,ASO,ES,Combined TRACON& Tower with Radar,139,23,17,27,206,0,512,23,0,535,139,535,40,27,741,4,8,12,753
06/24/2021,MYR,SC,ASO,ES,Combined TRACON& Tower with Radar,162,20,25,6,213,0,662,49,0,711,162,682,74,6,924,12,8,20,944
06/25/2021,MYR,SC,ASO,ES,Combined TRACON& Tower with Radar,154,18,19,8,199,0,506,5,0,511,154,524,24,8,710,0,24,24,734
06/26/2021,MYR,SC,ASO,ES,Combined TRACON& Tower with Radar,177,18,22,0,217,0,548,1,0,549,177,566,23,0,766,20,0,20,786
06/27/2021,MYR,SC,ASO,ES,Combined TRACON& Tower with Radar,164,12,16,1,193,0,710,12,0,722,164,722,28,1,915,0,0,0,915
06/28/2021,MYR,SC,ASO,ES,Combined TRACON& Tower with Radar,158,7,11,0,176,0,281,7,2,290,158,288,18,2,466,0,0,0,466
06/29/2021,MYR,SC,ASO,ES,Combined TRACON& Tower with Radar,120,25,10,17,172,0,545,28,3,576,120,570,38,20,748,34,10,44,792
06/30/2021,MYR,SC,ASO,ES,Combined TRACON& Tower with Radar,142,19,13,48,222,0,644,21,7,672,142,663,34,55,894,42,10,52,946
07/01/2021,MYR,SC,ASO,ES,Combined TRACON& Tower with Radar,145,10,27,16,198,0,589,10,0,599,145,599,37,16,797,34,6,40,837
07/02/2021,MYR,SC,ASO,ES,Combined TRACON& Tower with Radar,169,9,20,2,200,0,302,2,0,304,169,311,22,2,504,14,0,14,518
07/03/2021,MYR,SC,ASO,ES,Combined TRACON& Tower with Radar,191,10,25,1,227,0,839,25,1,865,191,849,50,2,1092,16,0,16,1108
07/04/2021,MYR,SC,ASO,ES,Combined TRACON& Tower with Radar,159,4,18,0,181,0,929,24,0,953,159,933,42,0,1134,10,0,10,1144
07/05/2021,MYR,SC,ASO,ES,Combined TRACON& Tower with Radar,165,3,27,1,196,0,800,51,0,851,165,803,78,1,1047,34,0,34,1081
07/06/2021,MYR,SC,ASO,ES,Combined TRACON& Tower with Radar,129,9,22,13,173,0,799,51,1,851,129,808,73,14,1024,44,4,48,1072
07/07/2021,MYR,SC,ASO,ES,Combined TRACON& Tower with Radar,147,12,20,4,183,0,784,11,0,795,147,796,31,4,978,18,0,18,996
07/08/2021,MYR,SC,ASO,ES,Combined TRACON& Tower with Radar,164,16,7,2,189,0,0,1,0,1,164,16,8,2,190,0,0,0,190
07/09/2021,MYR,SC,ASO,ES,Combined TRACON& Tower with Radar,158,20,28,5,211,0,675,27,0,702,158,695,55,5,913,14,0,14,927
07/10/2021,MYR,SC,ASO,ES,Combined TRACON& Tower with Radar,192,10,31,0,233,0,759,28,0,787,192,769,59,0,1020,36,0,36,1056
07/11/2021,MYR,SC,ASO,ES,Combined TRACON& Tower with Radar,172,9,21,1,203,0,577,10,0,587,172,586,31,1,790,14,0,14,804
07/12/2021,MYR,SC,ASO,ES,Combined TRACON& Tower with Radar,157,7,11,17,192,0,457,14,1,472,157,464,25,18,664,34,22,56,720
07/13/2021,MYR,SC,ASO,ES,Combined TRACON& Tower with Radar,127,8,16,5,156,0,606,19,0,625,127,614,35,5,781,14,10,24,805
07/14/2021,MYR,SC,ASO,ES,Combined TRACON& Tower with Radar,150,15,15,23,203,0,607,22,0,629,150,622,37,23,832,38,34,72,904
07/15/2021,MYR,SC,ASO,ES,Combined TRACON& Tower with Radar,160,8,22,3,193,0,756,26,1,783,160,764,48,4,976,16,2,18,994
07/16/2021,MYR,SC,ASO,ES,Combined TRACON& Tower with Radar,163,7,15,16,201,0,814,23,0,837,163,821,38,16,1038,14,4,18,1056
07/17/2021,MYR,SC,ASO,ES,Combined TRACON& Tower with Radar,181,13,29,5,228,0,931,24,0,955,181,944,53,5,1183,26,2,28,1211
07/18/2021,MYR,SC,ASO,ES,Combined TRACON& Tower with Radar,165,7,21,2,195,0,439,12,1,452,165,446,33,3,647,4,12,16,663
07/19/2021,MYR,SC,ASO,ES,Combined TRACON& Tower with Radar,155,9,16,2,182,0,374,3,0,377,155,383,19,2,559,14,0,14,573
07/20/2021,MYR,SC,ASO,ES,Combined TRACON& Tower with Radar,130,21,15,10,176,0,551,9,0,560,130,572,24,10,736,14,16,30,766
07/21/2021,MYR,SC,ASO,ES,Combined TRACON& Tower with Radar,149,17,24,11,201,0,764,19,0,783,149,781,43,11,984,40,0,40,1024
07/22/2021,MYR,SC,ASO,ES,Combined TRACON& Tower with Radar,162,14,15,11,202,0,836,24,0,860,162,850,39,11,1062,30,0,30,1092
07/23/2021,MYR,SC,ASO,ES,Combined TRACON& Tower with Radar,158,14,20,2,194,0,766,12,0,778,158,780,32,2,972,4,0,4,976
07/24/2021,MYR,SC,ASO,ES,Combined TRACON& Tower with Radar,183,9,24,0,216,0,875,30,0,905,183,884,54,0,1121,8,0,8,1129
07/25/2021,MYR,SC,ASO,ES,Combined TRACON& Tower with Radar,177,10,20,0,207,0,759,17,0,776,177,769,37,0,983,16,0,16,999
07/26/2021,MYR,SC,ASO,ES,Combined TRACON& Tower with Radar,157,10,20,6,193,0,556,22,0,578,157,566,42,6,771,32,0,32,803
07/27/2021,MYR,SC,ASO,ES,Combined TRACON& Tower with Radar,131,8,14,4,157,0,555,17,0,572,131,563,31,4,729,26,0,26,755
07/28/2021,MYR,SC,ASO,ES,Combined TRACON& Tower with Radar,147,10,23,4,184,0,439,11,0,450,147,449,34,4,634,10,0,10,644
07/29/2021,MYR,SC,ASO,ES,Combined TRACON& Tower with Radar,155,7,21,7,190,0,815,52,5,872,155,822,73,12,1062,14,4,18,1080
07/30/2021,MYR,SC,ASO,ES,Combined TRACON& Tower with Radar,165,13,24,6,208,0,791,26,2,819,165,804,50,8,1027,16,10,26,1053
07/31/2021,MYR,SC,ASO,ES,Combined TRACON& Tower with Radar,185,13,17,2,217,0,872,6,2,880,185,885,23,4,1097,20,2,22,1119
08/01/2021,MYR,SC,ASO,ES,Combined TRACON& Tower with Radar,142,9,21,0,172,0,688,7,0,695,142,697,28,0,867,0,0,0,867
08/02/2021,MYR,SC,ASO,ES,Combined TRACON& Tower with Radar,124,5,17,0,146,0,632,23,0,655,124,637,40,0,801,62,0,62,863
08/03/2021,MYR,SC,ASO,ES,Combined TRACON& Tower with Radar,92,13,16,4,125,0,8,0,0,8,92,21,16,4,133,0,0,0,133
08/04/2021,MYR,SC,ASO,ES,Combined TRACON& Tower with Radar,108,13,27,8,156,0,484,0,0,484,108,497,27,8,640,4,0,4,644
08/05/2021,MYR,SC,ASO,ES,Combined TRACON& Tower with Radar,110,11,17,7,145,0,723,12,0,735,110,734,29,7,880,36,2,38,918
08/06/2021,MYR,SC,ASO,ES,Combined TRACON& Tower with Radar,114,18,25,6,163,0,320,4,0,324,114,338,29,6,487,0,0,0,487
08/07/2021,MYR,SC,ASO,ES,Combined TRACON& Tower with Radar,159,17,5,0,181,0,732,0,0,732,159,749,5,0,913,4,0,4,917
08/08/2021,MYR,SC,ASO,ES,Combined TRACON& Tower with Radar,146,10,24,0,180,0,727,37,0,764,146,737,61,0,944,30,0,30,974
08/09/2021,MYR,SC,ASO,ES,Combined TRACON& Tower with Radar,153,5,19,10,187,0,659,22,0,681,153,664,41,10,868,52,0,52,920
08/10/2021,MYR,SC,ASO,ES,Combined TRACON& Tower with Radar,129,19,16,2,166,0,714,31,2,747,129,733,47,4,913,54,0,54,967
08/11/2021,MYR,SC,ASO,ES,Combined TRACON& Tower with Radar,132,11,21,30,194,0,835,57,3,895,132,846,78,33,1089,2,12,14,1103
08/12/2021,MYR,SC,ASO,ES,Combined TRACON& Tower with Radar,148,12,40,20,220,0,818,47,2,867,148,830,87,22,1087,22,8,30,1117
08/13/2021,MYR,SC,ASO,ES,Combined TRACON& Tower with Radar,147,12,22,9,190,0,836,49,0,885,147,848,71,9,1075,26,0,26,1101
08/14/2021,MYR,SC,ASO,ES,Combined TRACON& Tower with Radar,175,18,16,2,211,0,991,19,0,1010,175,1009,35,2,1221,2,0,2,1223
08/15/2021,MYR,SC,ASO,ES,Combined TRACON& Tower with Radar,163,9,7,2,181,0,803,7,0,810,163,812,14,2,991,0,0,0,991
08/16/2021,MYR,SC,ASO,ES,Combined TRACON& Tower with Radar,154,9,28,4,195,0,613,16,0,629,154,622,44,4,824,0,0,0,824
08/17/2021,MYR,SC,ASO,ES,Combined TRACON& Tower with Radar,115,12,7,2,136,0,238,2,0,240,115,250,9,2,376,0,0,0,376
08/18/2021,MYR,SC,ASO,ES,Combined TRACON& Tower with Radar,119,9,16,2,146,0,632,5,0,637,119,641,21,2,783,6,0,6,789
08/19/2021,MYR,SC,ASO,ES,Combined TRACON& Tower with Radar,142,12,20,19,193,0,701,31,2,734,142,713,51,21,927,48,0,48,975
08/20/2021,MYR,SC,ASO,ES,Combined TRACON& Tower with Radar,139,10,16,6,171,0,740,18,0,758,139,750,34,6,929,40,2,42,971
08/21/2021,MYR,SC,ASO,ES,Combined TRACON& Tower with Radar,151,18,15,0,184,0,415,7,0,422,151,433,22,0,606,14,0,14,620
08/22/2021,MYR,SC,ASO,ES,Combined TRACON& Tower with Radar,145,6,18,4,173,0,456,9,0,465,145,462,27,4,638,0,0,0,638
08/23/2021,MYR,SC,ASO,ES,Combined TRACON& Tower with Radar,135,6,13,0,154,0,419,24,0,443,135,425,37,0,597,2,0,2,599
08/24/2021,MYR,SC,ASO,ES,Combined TRACON& Tower with Radar,112,12,20,9,153,0,436,26,0,462,112,448,46,9,615,20,0,20,635
08/25/2021,MYR,SC,ASO,ES,Combined TRACON& Tower with Radar,119,7,15,5,146,0,397,9,2,408,119,404,24,7,554,28,0,28,582
08/26/2021,MYR,SC,ASO,ES,Combined TRACON& Tower with Radar,141,9,15,11,176,0,490,14,2,506,141,499,29,13,682,42,0,42,724
08/27/2021,MYR,SC,ASO,ES,Combined TRACON& Tower with Radar,137,12,22,8,179,0,509,14,0,523,137,521,36,8,702,22,2,24,726
08/28/2021,MYR,SC,ASO,ES,Combined TRACON& Tower with Radar,154,15,18,0,187,0,607,20,0,627,154,622,38,0,814,6,0,6,820
08/29/2021,MYR,SC,ASO,ES,Combined TRACON& Tower with Radar,151,11,15,0,177,0,614,27,0,641,151,625,42,0,818,0,0,0,818
08/30/2021,MYR,SC,ASO,ES,Combined TRACON& Tower with Radar,139,7,14,26,186,0,326,33,2,361,139,333,47,28,547,0,11,11,558
08/31/2021,MYR,SC,ASO,ES,Combined TRACON& Tower with Radar,115,10,13,13,151,0,318,46,7,371,115,328,59,20,522,4,4,8,530
09/01/2021,MYR,SC,ASO,ES,Combined TRACON& Tower with Radar,112,13,8,12,145,0,176,4,1,181,112,189,12,13,326,4,6,10,336
09/02/2021,MYR,SC,ASO,ES,Combined TRACON& Tower with Radar,128,13,31,17,189,0,274,38,0,312,128,287,69,17,501,12,0,12,513
09/03/2021,MYR,SC,ASO,ES,Combined TRACON& Tower with Radar,145,14,24,4,187,0,322,24,0,346,145,336,48,4,533,20,0,20,553
09/04/2021,MYR,SC,ASO,ES,Combined TRACON& Tower with Radar,144,14,20,0,178,0,612,48,0,660,144,626,68,0,838,0,0,0,838
09/05/2021,MYR,SC,ASO,ES,Combined TRACON& Tower with Radar,138,6,25,0,169,0,821,34,0,855,138,827,59,0,1024,0,0,0,1024
09/06/2021,MYR,SC,ASO,ES,Combined TRACON& Tower with Radar,141,7,19,0,167,0,725,39,0,764,141,732,58,0,931,10,0,10,941
09/07/2021,MYR,SC,ASO,ES,Combined TRACON& Tower with Radar,115,13,19,25,172,0,240,19,0,259,115,253,38,25,431,0,0,0,431
09/08/2021,MYR,SC,ASO,ES,Combined TRACON& Tower with Radar,89,15,19,7,130,0,220,13,0,233,89,235,32,7,363,0,0,0,363
09/09/2021,MYR,SC,ASO,ES,Combined TRACON& Tower with Radar,116,13,10,11,150,0,89,1,0,90,116,102,11,11,240,0,0,0,240
09/10/2021,MYR,SC,ASO,ES,Combined TRACON& Tower with Radar,101,24,23,29,177,0,301,38,2,341,101,325,61,31,518,40,26,66,584
09/11/2021,MYR,SC,ASO,ES,Combined TRACON& Tower with Radar,96,10,16,14,136,0,459,30,18,507,96,469,46,32,643,0,42,42,685
09/12/2021,MYR,SC,ASO,ES,Combined TRACON& Tower with Radar,114,7,12,18,151,0,414,33,12,459,114,421,45,30,610,8,50,58,668
09/13/2021,MYR,SC,ASO,ES,Combined TRACON& Tower with Radar,101,7,21,28,157,0,210,19,1,230,101,217,40,29,387,18,0,18,405
09/14/2021,MYR,SC,ASO,ES,Combined TRACON& Tower with Radar,92,10,16,25,143,0,254,29,3,286,92,264,45,28,429,58,8,66,495
09/15/2021,MYR,SC,ASO,ES,Combined TRACON& Tower with Radar,87,12,21,54,174,0,238,10,6,254,87,250,31,60,428,44,14,58,486
09/16/2021,MYR,SC,ASO,ES,Combined TRACON& Tower with Radar,117,15,21,68,221,0,222,21,12,255,117,237,42,80,476,30,32,62,538
09/17/2021,MYR,SC,ASO,ES,Combined TRACON& Tower with Radar,102,20,29,27,178,0,262,15,2,279,102,282,44,29,457,30,24,54,511
09/18/2021,MYR,SC,ASO,ES,Combined TRACON& Tower with Radar,100,10,7,4,121,0,426,10,0,436,100,436,17,4,557,0,0,0,557
09/19/2021,MYR,SC,ASO,ES,Combined TRACON& Tower with Radar,116,6,23,12,157,0,373,16,0,389,116,379,39,12,546,0,0,0,546
09/20/2021,MYR,SC,ASO,ES,Combined TRACON& Tower with Radar,102,11,7,26,146,0,173,4,0,177,102,184,11,26,323,10,38,48,371
09/21/2021,MYR,SC,ASO,ES,Combined TRACON& Tower with Radar,90,11,9,17,127,0,144,2,0,146,90,155,11,17,273,10,2,12,285
09/22/2021,MYR,SC,ASO,ES,Combined TRACON& Tower with Radar,89,11,12,8,120,0,150,2,1,153,89,161,14,9,273,0,0,0,273
09/23/2021,MYR,SC,ASO,ES,Combined TRACON& Tower with Radar,112,17,27,20,176,0,205,37,5,247,112,222,64,25,423,28,24,52,475
09/24/2021,MYR,SC,ASO,ES,Combined TRACON& Tower with Radar,104,9,23,38,174,0,247,37,3,287,104,256,60,41,461,16,6,22,483
09/25/2021,MYR,SC,ASO,ES,Combined TRACON& Tower with Radar,97,9,20,7,133,0,412,32,0,444,97,421,52,7,577,46,0,46,623
09/26/2021,MYR,SC,ASO,ES,Combined TRACON& Tower with Radar,110,5,17,12,144,0,416,33,0,449,110,421,50,12,593,24,4,28,621
09/27/2021,MYR,SC,ASO,ES,Combined TRACON& Tower with Radar,101,9,19,2,131,0,185,38,3,226,101,194,57,5,357,20,8,28,385
09/28/2021,MYR,SC,ASO,ES,Combined TRACON& Tower with Radar,90,11,18,44,163,0,164,47,1,212,90,175,65,45,375,10,14,24,399
09/29/2021,MYR,SC,ASO,ES,Combined TRACON& Tower with Radar,90,9,24,18,141,0,160,38,0,198,90,169,62,18,339,30,12,42,381
09/30/2021,MYR,SC,ASO,ES,Combined TRACON& Tower with Radar,118,12,18,9,157,0,106,12,0,118,118,118,30,9,275,38,12,50,325
10/01/2021,MYR,SC,ASO,ES,Combined TRACON& Tower with Radar,101,15,24,12,152,0,207,40,0,247,101,222,64,12,399,24,0,24,423
10/02/2021,MYR,SC,ASO,ES,Combined TRACON& Tower with Radar,100,12,19,24,155,0,373,20,5,398,100,385,39,29,553,5,16,21,574
10/03/2021,MYR,SC,ASO,ES,Combined TRACON& Tower with Radar,111,9,18,2,140,0,308,37,0,345,111,317,55,2,485,28,0,28,513
10/04/2021,MYR,SC,ASO,ES,Combined TRACON& Tower with Radar,100,9,25,0,134,0,200,25,6,231,100,209,50,6,365,30,8,38,403
10/05/2021,MYR,SC,ASO,ES,Combined TRACON& Tower with Radar,99,6,12,16,133,0,80,15,0,95,99,86,27,16,228,18,4,22,250
10/06/2021,MYR,SC,ASO,ES,Combined TRACON& Tower with Radar,85,5,30,24,144,0,92,25,0,117,85,97,55,24,261,14,0,14,275
10/07/2021,MYR,SC,ASO,ES,Combined TRACON& Tower with Radar,103,5,26,4,138,0,138,10,0,148,103,143,36,4,286,6,0,6,292
10/08/2021,MYR,SC,ASO,ES,Combined TRACON& Tower with Radar,94,15,17,7,133,0,131,0,0,131,94,146,17,7,264,0,16,16,280
10/09/2021,MYR,SC,ASO,ES,Combined TRACON& Tower with Radar,77,19,5,2,103,0,104,1,0,105,77,123,6,2,208,0,0,0,208
10/10/2021,MYR,SC,ASO,ES,Combined TRACON& Tower with Radar,86,12,22,0,120,0,284,14,0,298,86,296,36,0,418,10,0,10,428
10/11/2021,MYR,SC,ASO,ES,Combined TRACON& Tower with Radar,92,12,39,0,143,0,166,12,0,178,92,178,51,0,321,52,0,52,373
10/12/2021,MYR,SC,ASO,ES,Combined TRACON& Tower with Radar,85,13,32,12,142,0,129,37,3,169,85,142,69,15,311,70,6,76,387
10/13/2021,MYR,SC,ASO,ES,Combined TRACON& Tower with Radar,86,7,27,40,160,0,178,49,2,229,86,185,76,42,389,18,34,52,441
10/14/2021,MYR,SC,ASO,ES,Combined TRACON& Tower with Radar,102,17,24,19,162,0,169,40,4,213,102,186,64,23,375,44,12,56,431
10/15/2021,MYR,SC,ASO,ES,Combined TRACON& Tower with Radar,95,10,21,3,129,0,166,43,0,209,95,176,64,3,338,32,0,32,370
10/16/2021,MYR,SC,ASO,ES,Combined TRACON& Tower with Radar,85,7,11,8,111,0,382,22,0,404,85,389,33,8,515,0,0,0,515
10/17/2021,MYR,SC,ASO,ES,Combined TRACON& Tower with Radar,104,11,15,4,134,0,214,27,0,241,104,225,42,4,375,8,0,8,383
10/18/2021,MYR,SC,ASO,ES,Combined TRACON& Tower with Radar,100,10,10,4,124,0,146,23,0,169,100,156,33,4,293,50,0,50,343
10/19/2021,MYR,SC,ASO,ES,Combined TRACON& Tower with Radar,87,14,12,38,151,0,88,39,0,127,87,102,51,38,278,4,18,22,300
10/20/2021,MYR,SC,ASO,ES,Combined TRACON& Tower with Radar,88,10,20,19,137,0,130,25,0,155,88,140,45,19,292,28,16,44,336
10/21/2021,MYR,SC,ASO,ES,Combined TRACON& Tower with Radar,105,10,24,22,161,0,93,22,0,115,105,103,46,22,276,8,0,8,284
10/22/2021,MYR,SC,ASO,ES,Combined TRACON& Tower with Radar,100,17,28,17,162,0,114,40,0,154,100,131,68,17,316,24,0,24,340
10/23/2021,MYR,SC,ASO,ES,Combined TRACON& Tower with Radar,87,9,7,1,104,0,233,32,0,265,87,242,39,1,369,42,0,42,411
10/24/2021,MYR,SC,ASO,ES,Combined TRACON& Tower with Radar,103,9,25,0,137,0,207,24,1,232,103,216,49,1,369,0,0,0,369
10/25/2021,MYR,SC,ASO,ES,Combined TRACON& Tower with Radar,93,12,14,11,130,0,64,25,0,89,93,76,39,11,219,14,10,24,243
10/26/2021,MYR,SC,ASO,ES,Combined TRACON& Tower with Radar,88,6,18,25,137,0,128,21,1,150,88,134,39,26,287,38,4,42,329
10/27/2021,MYR,SC,ASO,ES,Combined TRACON& Tower with Radar,89,11,28,27,155,0,94,29,3,126,89,105,57,30,281,76,16,92,373
10/28/2021,MYR,SC,ASO,ES,Combined TRACON& Tower with Radar,101,4,18,9,132,0,38,18,2,58,101,42,36,11,190,10,12,22,212
10/29/2021,MYR,SC,ASO,ES,Combined TRACON& Tower with Radar,101,7,17,7,132,0,94,10,0,104,101,101,27,7,236,10,0,10,246
10/30/2021,MYR,SC,ASO,ES,Combined TRACON& Tower with Radar,81,6,16,0,103,0,184,24,0,208,81,190,40,0,311,32,0,32,343
10/31/2021,MYR,SC,ASO,ES,Combined TRACON& Tower with Radar,89,5,17,4,115,0,138,15,0,153,89,143,32,4,268,4,0,4,272
11/01/2021,MYR,SC,ASO,ES,Combined TRACON& Tower with Radar,89,4,19,29,141,0,68,34,0,102,89,72,53,29,243,56,12,68,311
11/02/2021,MYR,SC,ASO,ES,Combined TRACON& Tower with Radar,75,11,18,33,137,0,78,34,0,112,75,89,52,33,249,40,15,55,304
11/03/2021,MYR,SC,ASO,ES,Combined TRACON& Tower with Radar,80,13,15,40,148,0,38,30,0,68,80,51,45,40,216,22,24,46,262
11/04/2021,MYR,SC,ASO,ES,Combined TRACON& Tower with Radar,88,13,18,9,128,0,50,26,0,76,88,63,44,9,204,38,0,38,242
11/05/2021,MYR,SC,ASO,ES,Combined TRACON& Tower with Radar,88,13,19,48,168,0,46,22,0,68,88,59,41,48,236,8,6,14,250
11/06/2021,MYR,SC,ASO,ES,Combined TRACON& Tower with Radar,72,13,4,0,89,0,60,0,0,60,72,73,4,0,149,0,0,0,149
11/07/2021,MYR,SC,ASO,ES,Combined TRACON& Tower with Radar,84,9,9,0,102,0,44,1,0,45,84,53,10,0,147,0,0,0,147
11/08/2021,MYR,SC,ASO,ES,Combined TRACON& Tower with Radar,80,6,6,28,120,0,34,42,0,76,80,40,48,28,196,60,34,94,290
11/09/2021,MYR,SC,ASO,ES,Combined TRACON& Tower with Radar,69,10,20,14,113,0,37,50,7,94,69,47,70,21,207,76,0,76,283
11/10/2021,MYR,SC,ASO,ES,Combined TRACON& Tower with Radar,70,16,18,22,126,0,35,29,1,65,70,51,47,23,191,48,0,48,239
11/11/2021,MYR,SC,ASO,ES,Combined TRACON& Tower with Radar,82,7,29,10,128,0,56,34,2,92,82,63,63,12,220,20,22,42,262
11/12/2021,MYR,SC,ASO,ES,Combined TRACON& Tower with Radar,79,9,28,15,131,0,120,35,4,159,79,129,63,19,290,26,0,26,316
11/13/2021,MYR,SC,ASO,ES,Combined TRACON& Tower with Radar,66,7,11,3,87,0,228,40,0,268,66,235,51,3,355,16,0,16,371
11/14/2021,MYR,SC,ASO,ES,Combined TRACON& Tower with Radar,82,2,20,1,105,0,108,31,0,139,82,110,51,1,244,52,0,52,296
11/15/2021,MYR,SC,ASO,ES,Combined TRACON& Tower with Radar,79,4,9,24,116,0,30,26,2,58,79,34,35,26,174,8,12,20,194
11/16/2021,MYR,SC,ASO,ES,Combined TRACON& Tower with Radar,70,16,25,14,125,0,43,43,0,86,70,59,68,14,211,14,0,14,225
11/17/2021,MYR,SC,ASO,ES,Combined TRACON& Tower with Radar,57,12,17,12,98,0,52,35,0,87,57,64,52,12,185,6,16,22,207
11/18/2021,MYR,SC,ASO,ES,Combined TRACON& Tower with Radar,70,14,23,14,121,0,27,31,0,58,70,41,54,14,179,74,10,84,263
11/19/2021,MYR,SC,ASO,ES,Combined TRACON& Tower with Radar,60,16,32,13,121,0,60,32,0,92,60,76,64,13,213,20,6,26,239
11/20/2021,MYR,SC,ASO,ES,Combined TRACON& Tower with Radar,51,14,11,4,80,0,165,19,0,184,51,179,30,4,264,40,0,40,304
11/21/2021,MYR,SC,ASO,ES,Combined TRACON& Tower with Radar,56,11,23,2,92,0,106,27,0,133,56,117,50,2,225,2,0,2,227
11/22/2021,MYR,SC,ASO,ES,Combined TRACON& Tower with Radar,58,11,12,8,89,0,24,3,0,27,58,35,15,8,116,0,0,0,116
11/23/2021,MYR,SC,ASO,ES,Combined TRACON& Tower with Radar,57,23,24,6,110,0,60,27,2,89,57,83,51,8,199,0,0,0,199
11/24/2021,MYR,SC,ASO,ES,Combined TRACON& Tower with Radar,58,17,16,0,91,0,113,45,0,158,58,130,61,0,249,36,0,36,285
11/25/2021,MYR,SC,ASO,ES,Combined TRACON& Tower with Radar,45,3,2,0,50,0,0,10,0,10,45,3,12,0,60,0,0,0,60
11/26/2021,MYR,SC,ASO,ES,Combined TRACON& Tower with Radar,51,17,19,0,87,0,198,16,0,214,51,215,35,0,301,30,0,30,331
11/27/2021,MYR,SC,ASO,ES,Combined TRACON& Tower with Radar,59,13,9,0,81,0,258,29,0,287,59,271,38,0,368,52,0,52,420
11/28/2021,MYR,SC,ASO,ES,Combined TRACON& Tower with Radar,65,5,20,0,90,0,107,43,0,150,65,112,63,0,240,2,0,2,242
11/29/2021,MYR,SC,ASO,ES,Combined TRACON& Tower with Radar,57,9,16,6,88,0,36,17,5,58,57,45,33,11,146,80,0,80,226
11/30/2021,MYR,SC,ASO,ES,Combined TRACON& Tower with Radar,56,16,15,20,107,0,30,32,4,66,56,46,47,24,173,68,26,94,267
12/01/2021,MYR,SC,ASO,ES,Combined TRACON& Tower with Radar,53,9,20,27,109,0,28,22,0,50,53,37,42,27,159,38,22,60,219
12/02/2021,MYR,SC,ASO,ES,Combined TRACON& Tower with Radar,57,27,16,32,132,0,20,35,1,56,57,47,51,33,188,34,26,60,248
12/03/2021,MYR,SC,ASO,ES,Combined TRACON& Tower with Radar,56,13,19,33,121,0,34,39,0,73,56,47,58,33,194,50,50,100,294
12/04/2021,MYR,SC,ASO,ES,Combined TRACON& Tower with Radar,48,10,16,26,100,0,133,38,3,174,48,143,54,29,274,2,0,2,276
12/05/2021,MYR,SC,ASO,ES,Combined TRACON& Tower with Radar,64,7,17,2,90,0,37,13,0,50,64,44,30,2,140,0,0,0,140
12/06/2021,MYR,SC,ASO,ES,Combined TRACON& Tower with Radar,53,5,23,58,139,0,43,42,2,87,53,48,65,60,226,47,72,119,345
12/07/2021,MYR,SC,ASO,ES,Combined TRACON& Tower with Radar,47,9,19,26,101,0,18,6,0,24,47,27,25,26,125,78,12,90,215
12/08/2021,MYR,SC,ASO,ES,Combined TRACON& Tower with Radar,47,10,9,3,69,0,0,0,0,0,47,10,9,3,69,0,0,0,69
12/09/2021,MYR,SC,ASO,ES,Combined TRACON& Tower with Radar,54,5,26,43,128,0,44,36,0,80,54,49,62,43,208,42,10,52,260
12/10/2021,MYR,SC,ASO,ES,Combined TRACON& Tower with Radar,53,15,18,10,96,0,34,6,0,40,53,49,24,10,136,60,0,60,196
12/11/2021,MYR,SC,ASO,ES,Combined TRACON& Tower with Radar,44,9,16,3,72,0,92,11,0,103,44,101,27,3,175,60,0,60,235
12/12/2021,MYR,SC,ASO,ES,Combined TRACON& Tower with Radar,52,8,7,2,69,0,54,11,0,65,52,62,18,2,134,28,0,28,162
12/13/2021,MYR,SC,ASO,ES,Combined TRACON& Tower with Radar,52,4,17,34,107,0,26,48,0,74,52,30,65,34,181,52,12,64,245
12/14/2021,MYR,SC,ASO,ES,Combined TRACON& Tower with Radar,51,17,23,35,126,0,14,36,4,54,51,31,59,39,180,92,6,98,278
12/15/2021,MYR,SC,ASO,ES,Combined TRACON& Tower with Radar,46,17,20,14,97,0,20,31,1,52,46,37,51,15,149,28,0,28,177
12/16/2021,MYR,SC,ASO,ES,Combined TRACON& Tower with Radar,59,13,11,31,114,0,28,21,2,51,59,41,32,33,165,40,18,58,223
12/17/2021,MYR,SC,ASO,ES,Combined TRACON& Tower with Radar,58,21,25,33,137,0,54,23,2,79,58,75,48,35,216,42,14,56,272
12/18/2021,MYR,SC,ASO,ES,Combined TRACON& Tower with Radar,58,7,23,3,91,0,96,20,2,118,58,103,43,5,209,10,4,14,223
12/19/2021,MYR,SC,ASO,ES,Combined TRACON& Tower with Radar,56,11,6,2,75,0,34,0,3,37,56,45,6,5,112,0,0,0,112
12/20/2021,MYR,SC,ASO,ES,Combined TRACON& Tower with Radar,59,7,29,14,109,0,57,16,0,73,59,64,45,14,182,56,0,56,238
12/21/2021,MYR,SC,ASO,ES,Combined TRACON& Tower with Radar,61,10,17,3,91,0,0,0,0,0,61,10,17,3,91,0,0,0,91
12/22/2021,MYR,SC,ASO,ES,Combined TRACON& Tower with Radar,58,13,28,9,108,0,44,36,1,81,58,57,64,10,189,56,0,56,245
12/23/2021,MYR,SC,ASO,ES,Combined TRACON& Tower with Radar,61,13,22,7,103,0,76,38,0,114,61,89,60,7,217,64,0,64,281
12/24/2021,MYR,SC,ASO,ES,Combined TRACON& Tower with Radar,50,8,12,0,70,0,116,25,0,141,50,124,37,0,211,32,0,32,243
12/25/2021,MYR,SC,ASO,ES,Combined TRACON& Tower with Radar,47,2,0,0,49,0,0,0,0,0,47,2,0,0,49,0,0,0,49
12/26/2021,MYR,SC,ASO,ES,Combined TRACON& Tower with Radar,58,8,28,0,94,0,212,24,0,236,58,220,52,0,330,0,0,0,330
12/27/2021,MYR,SC,ASO,ES,Combined TRACON& Tower with Radar,59,6,22,4,91,0,220,26,0,246,59,226,48,4,337,80,0,80,417
12/28/2021,MYR,SC,ASO,ES,Combined TRACON& Tower with Radar,61,12,23,20,116,0,242,14,0,256,61,254,37,20,372,30,0,30,402
12/29/2021,MYR,SC,ASO,ES,Combined TRACON& Tower with Radar,58,11,21,3,93,0,312,34,2,348,58,323,55,5,441,2,0,2,443
12/30/2021,MYR,SC,ASO,ES,Combined TRACON& Tower with Radar,57,10,24,6,97,0,131,0,1,132,57,141,24,7,229,6,0,6,235
12/31/2021,MYR,SC,ASO,ES,Combined TRACON& Tower with Radar,52,6,18,0,76,0,404,12,0,416,52,410,30,0,492,32,0,32,524
01/01/2022,MYR,SC,ASO,ES,Combined TRACON& Tower with Radar,44,2,3,0,49,0,346,3,0,349,44,348,6,0,398,0,0,0,398
01/02/2022,MYR,SC,ASO,ES,Combined TRACON& Tower with Radar,56,8,12,0,76,0,132,3,0,135,56,140,15,0,211,0,0,0,211
01/03/2022,MYR,SC,ASO,ES,Combined TRACON& Tower with Radar,47,4,4,0,55,0,0,5,1,6,47,4,9,1,61,0,0,0,61
01/04/2022,MYR,SC,ASO,ES,Combined TRACON& Tower with Radar,45,10,19,19,93,0,54,26,0,80,45,64,45,19,173,28,2,30,203
01/05/2022,MYR,SC,ASO,ES,Combined TRACON& Tower with Radar,41,6,17,26,90,0,10,5,0,15,41,16,22,26,105,52,8,60,165
01/06/2022,MYR,SC,ASO,ES,Combined TRACON& Tower with Radar,52,9,15,44,120,0,38,37,0,75,52,47,52,44,195,26,10,36,231
01/07/2022,MYR,SC,ASO,ES,Combined TRACON& Tower with Radar,44,7,11,40,102,0,24,31,0,55,44,31,42,40,157,16,22,38,195
01/08/2022,MYR,SC,ASO,ES,Combined TRACON& Tower with Radar,47,5,18,16,86,0,110,26,16,152,47,115,44,32,238,36,40,76,314
01/09/2022,MYR,SC,ASO,ES,Combined TRACON& Tower with Radar,53,4,28,11,96,0,76,13,4,93,53,80,41,15,189,4,4,8,197
01/10/2022,MYR,SC,ASO,ES,Combined TRACON& Tower with Radar,52,7,9,16,84,0,8,10,2,20,52,15,19,18,104,32,6,38,142
01/11/2022,MYR,SC,ASO,ES,Combined TRACON& Tower with Radar,45,10,9,14,78,0,24,18,5,47,45,34,27,19,125,48,0,48,173
01/12/2022,MYR,SC,ASO,ES,Combined TRACON& Tower with Radar,48,15,13,40,116,0,25,19,0,44,48,40,32,40,160,68,10,78,238
01/13/2022,MYR,SC,ASO,ES,Combined TRACON& Tower with Radar,55,11,15,20,101,0,22,30,7,59,55,33,45,27,160,38,16,54,214
01/14/2022,MYR,SC,ASO,ES,Combined TRACON& Tower with Radar,54,14,20,17,105,0,55,42,0,97,54,69,62,17,202,72,0,72,274
01/15/2022,MYR,SC,ASO,ES,Combined TRACON& Tower with Radar,45,4,1,1,51,0,93,21,0,114,45,97,22,1,165,50,0,50,215
01/16/2022,MYR,SC,ASO,ES,Combined TRACON& Tower with Radar,40,5,2,0,47,0,0,0,0,0,40,5,2,0,47,0,0,0,47
01/17/2022,MYR,SC,ASO,ES,Combined TRACON& Tower with Radar,40,8,0,0,48,0,12,3,0,15,40,20,3,0,63,2,0,2,65
01/18/2022,MYR,SC,ASO,ES,Combined TRACON& Tower with Radar,43,6,20,31,100,0,56,23,0,79,43,62,43,31,179,16,18,34,213
01/19/2022,MYR,SC,ASO,ES,Combined TRACON& Tower with Radar,42,8,29,35,114,0,22,39,4,65,42,30,68,39,179,64,28,92,271
01/20/2022,MYR,SC,ASO,ES,Combined TRACON& Tower with Radar,50,6,22,9,87,0,14,25,0,39,50,20,47,9,126,14,0,14,140
01/21/2022,MYR,SC,ASO,ES,Combined TRACON& Tower with Radar,29,4,3,0,36,0,0,0,0,0,29,4,3,0,36,0,0,0,36
01/22/2022,MYR,SC,ASO,ES,Combined TRACON& Tower with Radar,23,4,7,0,34,0,4,0,0,4,23,8,7,0,38,0,0,0,38
01/23/2022,MYR,SC,ASO,ES,Combined TRACON& Tower with Radar,51,5,22,0,78,0,35,40,0,75,51,40,62,0,153,14,0,14,167
01/24/2022,MYR,SC,ASO,ES,Combined TRACON& Tower with Radar,52,5,14,5,76,0,26,39,4,69,52,31,53,9,145,12,8,20,165
01/25/2022,MYR,SC,ASO,ES,Combined TRACON& Tower with Radar,43,9,15,20,87,0,10,24,0,34,43,19,39,20,121,66,0,66,187
01/26/2022,MYR,SC,ASO,ES,Combined TRACON& Tower with Radar,42,9,12,16,79,0,27,32,4,63,42,36,44,20,142,40,2,42,184
01/27/2022,MYR,SC,ASO,ES,Combined TRACON& Tower with Radar,58,8,12,27,105,0,44,44,0,88,58,52,56,27,193,36,12,48,241
01/28/2022,MYR,SC,ASO,ES,Combined TRACON& Tower with Radar,76,8,19,6,109,1,52,21,0,74,77,60,40,6,183,82,0,82,265
01/29/2022,MYR,SC,ASO,ES,Combined TRACON& Tower with Radar,30,6,8,2,46,0,40,0,2,42,30,46,8,4,88,0,10,10,98
01/30/2022,MYR,SC,ASO,ES,Combined TRACON& Tower with Radar,48,2,15,5,70,0,54,47,0,101,48,56,62,5,171,6,0,6,177
01/31/2022,MYR,SC,ASO,ES,Combined TRACON& Tower with Radar,50,7,18,15,90,0,29,29,2,60,50,36,47,17,150,34,0,34,184
02/01/2022,MYR,SC,ASO,ES,Combined TRACON& Tower with Radar,55,8,15,17,95,0,26,36,0,62,55,34,51,17,157,28,0,28,185
02/02/2022,MYR,SC,ASO,ES,Combined TRACON& Tower with Radar,41,7,26,70,144,0,42,33,0,75,41,49,59,70,219,46,44,90,309
02/03/2022,MYR,SC,ASO,ES,Combined TRACON& Tower with Radar,53,9,15,62,139,0,18,28,0,46,53,27,43,62,185,50,24,74,259
02/04/2022,MYR,SC,ASO,ES,Combined TRACON& Tower with Radar,48,6,9,36,99,0,34,0,4,38,48,40,9,40,137,2,30,32,169
02/05/2022,MYR,SC,ASO,ES,Combined TRACON& Tower with Radar,48,7,13,7,75,0,104,27,4,135,48,111,40,11,210,48,0,48,258
02/06/2022,MYR,SC,ASO,ES,Combined TRACON& Tower with Radar,53,5,19,13,90,0,44,24,1,69,53,49,43,14,159,18,0,18,177
02/07/2022,MYR,SC,ASO,ES,Combined TRACON& Tower with Radar,53,8,4,0,65,0,0,0,0,0,53,8,4,0,65,0,0,0,65
02/08/2022,MYR,SC,ASO,ES,Combined TRACON& Tower with Radar,44,6,31,22,103,0,28,16,0,44,44,34,47,22,147,52,0,52,199
02/09/2022,MYR,SC,ASO,ES,Combined TRACON& Tower with Radar,46,9,26,22,103,0,52,50,1,103,46,61,76,23,206,122,4,126,332
02/10/2022,MYR,SC,ASO,ES,Combined TRACON& Tower with Radar,53,10,23,19,105,0,39,40,1,80,53,49,63,20,185,98,24,122,307
02/11/2022,MYR,SC,ASO,ES,Combined TRACON& Tower with Radar,54,8,13,43,118,0,48,63,8,119,54,56,76,51,237,70,10,80,317
02/12/2022,MYR,SC,ASO,ES,Combined TRACON& Tower with Radar,48,5,20,28,101,0,233,38,2,273,48,238,58,30,374,82,14,96,470
02/13/2022,MYR,SC,ASO,ES,Combined TRACON& Tower with Radar,46,4,9,12,71,0,76,7,0,83,46,80,16,12,154,0,0,0,154
02/14/2022,MYR,SC,ASO,ES,Combined TRACON& Tower with Radar,49,6,12,8,75,0,80,24,0,104,49,86,36,8,179,18,4,22,201
02/15/2022,MYR,SC,ASO,ES,Combined TRACON& Tower with Radar,48,10,14,52,124,0,53,34,2,89,48,63,48,54,213,37,22,59,272
02/16/2022,MYR,SC,ASO,ES,Combined TRACON& Tower with Radar,46,13,23,5,87,0,24,27,3,54,46,37,50,8,141,52,0,52,193
02/17/2022,MYR,SC,ASO,ES,Combined TRACON& Tower with Radar,56,9,27,64,156,0,50,28,0,78,56,59,55,64,234,40,16,56,290
02/18/2022,MYR,SC,ASO,ES,Combined TRACON& Tower with Radar,57,11,11,0,79,0,52,4,0,56,57,63,15,0,135,12,0,12,147
02/19/2022,MYR,SC,ASO,ES,Combined TRACON& Tower with Radar,48,6,21,8,83,0,226,41,0,267,48,232,62,8,350,10,0,10,360
02/20/2022,MYR,SC,ASO,ES,Combined TRACON& Tower with Radar,54,8,24,0,86,0,212,20,0,232,54,220,44,0,318,48,0,48,366
02/21/2022,MYR,SC,ASO,ES,Combined TRACON& Tower with Radar,59,10,10,0,79,0,92,23,0,115,59,102,33,0,194,54,0,54,248
02/22/2022,MYR,SC,ASO,ES,Combined TRACON& Tower with Radar,48,11,41,37,137,0,50,45,0,95,48,61,86,37,232,58,10,68,300
02/23/2022,MYR,SC,ASO,ES,Combined TRACON& Tower with Radar,51,10,29,38,128,0,50,20,2,72,51,60,49,40,200,88,12,100,300
02/24/2022,MYR,SC,ASO,ES,Combined TRACON& Tower with Radar,60,12,25,15,112,0,100,26,1,127,60,112,51,16,239,26,4,30,269
02/25/2022,MYR,SC,ASO,ES,Combined TRACON& Tower with Radar,64,8,36,46,154,0,98,21,1,120,64,106,57,47,274,22,46,68,342
02/26/2022,MYR,SC,ASO,ES,Combined TRACON& Tower with Radar,50,5,24,4,83,0,254,3,2,259,50,259,27,6,342,26,0,26,368
02/27/2022,MYR,SC,ASO,ES,Combined TRACON& Tower with Radar,54,4,10,2,70,0,96,3,0,99,54,100,13,2,169,12,0,12,181
02/28/2022,MYR,SC,ASO,ES,Combined TRACON& Tower with Radar,59,6,13,14,92,0,58,46,0,104,59,64,59,14,196,36,26,62,258
03/01/2022,MYR,SC,ASO,ES,Combined TRACON& Tower with Radar,46,10,26,31,113,0,58,43,0,101,46,68,69,31,214,37,14,51,265
03/02/2022,MYR,SC,ASO,ES,Combined TRACON& Tower with Radar,50,9,25,30,114,0,56,42,1,99,50,65,67,31,213,100,0,100,313
03/03/2022,MYR,SC,ASO,ES,Combined TRACON& Tower with Radar,64,17,27,4,112,0,48,54,0,102,64,65,81,4,214,66,0,66,280
03/04/2022,MYR,SC,ASO,ES,Combined TRACON& Tower with Radar,65,10,19,32,126,0,68,23,2,93,65,78,42,34,219,56,8,64,283
03/05/2022,MYR,SC,ASO,ES,Combined TRACON& Tower with Radar,60,11,13,12,96,0,363,23,0,386,60,374,36,12,482,14,0,14,496
03/06/2022,MYR,SC,ASO,ES,Combined TRACON& Tower with Radar,63,6,21,2,92,0,234,21,0,255,63,240,42,2,347,20,2,22,369
03/07/2022,MYR,SC,ASO,ES,Combined TRACON& Tower with Radar,67,22,14,48,151,0,128,33,0,161,67,150,47,48,312,14,60,74,386
03/08/2022,MYR,SC,ASO,ES,Combined TRACON& Tower with Radar,62,7,16,20,105,0,112,13,1,126,62,119,29,21,231,38,0,38,269
03/09/2022,MYR,SC,ASO,ES,Combined TRACON& Tower with Radar,59,20,16,12,107,0,56,0,0,56,59,76,16,12,163,6,2,8,171
03/10/2022,MYR,SC,ASO,ES,Combined TRACON& Tower with Radar,76,10,19,9,114,0,26,0,0,26,76,36,19,9,140,0,0,0,140
03/11/2022,MYR,SC,ASO,ES,Combined TRACON& Tower with Radar,70,16,27,0,113,0,56,1,0,57,70,72,28,0,170,0,0,0,170
03/12/2022,MYR,SC,ASO,ES,Combined TRACON& Tower with Radar,63,15,6,0,84,0,12,1,0,13,63,27,7,0,97,0,0,0,97
03/13/2022,MYR,SC,ASO,ES,Combined TRACON& Tower with Radar,65,6,39,0,110,0,202,36,0,238,65,208,75,0,348,50,0,50,398
03/14/2022,MYR,SC,ASO,ES,Combined TRACON& Tower with Radar,72,6,24,17,119,0,138,54,0,192,72,144,78,17,311,62,18,80,391
03/15/2022,MYR,SC,ASO,ES,Combined TRACON& Tower with Radar,65,12,39,18,134,0,200,49,4,253,65,212,88,22,387,72,8,80,467
03/16/2022,MYR,SC,ASO,ES,Combined TRACON& Tower with Radar,68,11,22,5,106,0,94,0,0,94,68,105,22,5,200,4,0,4,204
03/17/2022,MYR,SC,ASO,ES,Combined TRACON& Tower with Radar,68,14,44,35,161,0,161,12,0,173,68,175,56,35,334,18,0,18,352
03/18/2022,MYR,SC,ASO,ES,Combined TRACON& Tower with Radar,73,11,19,10,113,0,296,30,0,326,73,307,49,10,439,54,2,56,495
03/19/2022,MYR,SC,ASO,ES,Combined TRACON& Tower with Radar,71,8,13,2,94,0,355,3,0,358,71,363,16,2,452,0,0,0,452
03/20/2022,MYR,SC,ASO,ES,Combined TRACON& Tower with Radar,74,11,27,0,112,0,272,13,0,285,74,283,40,0,397,0,0,0,397
03/21/2022,MYR,SC,ASO,ES,Combined TRACON& Tower with Radar,77,7,32,22,138,0,156,42,0,198,77,163,74,22,336,52,0,52,388
03/22/2022,MYR,SC,ASO,ES,Combined TRACON& Tower with Radar,65,8,19,64,156,0,219,59,2,280,65,227,78,66,436,40,42,82,518
03/23/2022,MYR,SC,ASO,ES,Combined TRACON& Tower with Radar,69,13,14,42,138,0,101,7,9,117,69,114,21,51,255,34,32,66,321
03/24/2022,MYR,SC,ASO,ES,Combined TRACON& Tower with Radar,70,11,13,0,94,0,14,0,0,14,70,25,13,0,108,0,0,0,108
03/25/2022,MYR,SC,ASO,ES,Combined TRACON& Tower with Radar,76,9,24,15,124,0,212,34,1,247,76,221,58,16,371,28,0,28,399
03/26/2022,MYR,SC,ASO,ES,Combined TRACON& Tower with Radar,73,10,9,0,92,0,266,8,0,274,73,276,17,0,366,16,0,16,382
03/27/2022,MYR,SC,ASO,ES,Combined TRACON& Tower with Radar,74,5,8,0,87,0,335,31,0,366,74,340,39,0,453,28,0,28,481
03/28/2022,MYR,SC,ASO,ES,Combined TRACON& Tower with Radar,82,10,19,18,129,0,216,32,3,251,82,226,51,21,380,56,6,62,442
03/29/2022,MYR,SC,ASO,ES,Combined TRACON& Tower with Radar,72,8,13,2,95,0,215,38,2,255,72,223,51,4,350,82,0,82,432
03/30/2022,MYR,SC,ASO,ES,Combined TRACON& Tower with Radar,73,9,29,6,117,0,170,10,1,181,73,179,39,7,298,42,4,46,344
03/31/2022,MYR,SC,ASO,ES,Combined TRACON& Tower with Radar,74,15,3,4,96,0,32,1,0,33,74,47,4,4,129,0,4,4,133
04/01/2022,MYR,SC,ASO,ES,Combined TRACON& Tower with Radar,81,15,12,4,112,0,242,30,2,274,81,257,42,6,386,2,2,4,390
04/02/2022,MYR,SC,ASO,ES,Combined TRACON& Tower with Radar,65,10,19,0,94,0,388,33,0,421,65,398,52,0,515,32,0,32,547
04/03/2022,MYR,SC,ASO,ES,Combined TRACON& Tower with Radar,62,3,27,0,92,0,306,31,0,337,62,309,58,0,429,40,0,40,469
04/04/2022,MYR,SC,ASO,ES,Combined TRACON& Tower with Radar,81,12,21,3,117,0,234,39,0,273,81,246,60,3,390,64,0,64,454
04/05/2022,MYR,SC,ASO,ES,Combined TRACON& Tower with Radar,67,7,21,14,109,0,181,26,2,209,67,188,47,16,318,66,8,74,392
04/06/2022,MYR,SC,ASO,ES,Combined TRACON& Tower with Radar,70,9,16,19,114,0,275,3,0,278,70,284,19,19,392,70,6,76,468
04/07/2022,MYR,SC,ASO,ES,Combined TRACON& Tower with Radar,76,11,25,2,114,0,212,4,0,216,76,223,29,2,330,0,0,0,330
04/08/2022,MYR,SC,ASO,ES,Combined TRACON& Tower with Radar,89,5,23,10,127,0,309,33,0,342,89,314,56,10,469,34,0,34,503
04/09/2022,MYR,SC,ASO,ES,Combined TRACON& Tower with Radar,73,12,16,1,102,0,448,10,0,458,73,460,26,1,560,14,0,14,574
04/10/2022,MYR,SC,ASO,ES,Combined TRACON& Tower with Radar,71,5,17,8,101,0,358,15,0,373,71,363,32,8,474,4,0,4,478
04/11/2022,MYR,SC,ASO,ES,Combined TRACON& Tower with Radar,85,5,25,21,136,0,300,43,2,345,85,305,68,23,481,108,12,120,601
04/12/2022,MYR,SC,ASO,ES,Combined TRACON& Tower with Radar,71,9,29,17,126,0,352,38,4,394,71,361,67,21,520,82,0,82,602
04/13/2022,MYR,SC,ASO,ES,Combined TRACON& Tower with Radar,76,8,37,40,161,0,384,25,0,409,76,392,62,40,570,74,10,84,654
04/14/2022,MYR,SC,ASO,ES,Combined TRACON& Tower with Radar,78,15,31,15,139,0,404,23,0,427,78,419,54,15,566,12,6,18,584
04/15/2022,MYR,SC,ASO,ES,Combined TRACON& Tower with Radar,91,12,20,4,127,0,454,29,0,483,91,466,49,4,610,0,0,0,610
04/16/2022,MYR,SC,ASO,ES,Combined TRACON& Tower with Radar,80,6,20,0,106,0,468,10,1,479,80,474,30,1,585,12,0,12,597
04/17/2022,MYR,SC,ASO,ES,Combined TRACON& Tower with Radar,76,3,20,0,99,0,495,23,0,518,76,498,43,0,617,0,0,0,617
04/18/2022,MYR,SC,ASO,ES,Combined TRACON& Tower with Radar,85,12,18,3,118,0,2,0,0,2,85,14,18,3,120,0,0,0,120
04/19/2022,MYR,SC,ASO,ES,Combined TRACON& Tower with Radar,74,9,17,9,109,0,386,56,1,443,74,395,73,10,552,72,2,74,626
04/20/2022,MYR,SC,ASO,ES,Combined TRACON& Tower with Radar,92,11,23,9,135,0,388,49,2,439,92,399,72,11,574,62,0,62,636
04/21/2022,MYR,SC,ASO,ES,Combined TRACON& Tower with Radar,92,7,42,18,159,0,328,52,2,382,92,335,94,20,541,44,0,44,585
04/22/2022,MYR,SC,ASO,ES,Combined TRACON& Tower with Radar,112,13,27,10,162,0,298,30,1,329,112,311,57,11,491,46,0,46,537
04/23/2022,MYR,SC,ASO,ES,Combined TRACON& Tower with Radar,100,7,29,0,136,0,516,36,0,552,100,523,65,0,688,16,0,16,704
04/24/2022,MYR,SC,ASO,ES,Combined TRACON& Tower with Radar,89,13,21,3,126,0,406,31,0,437,89,419,52,3,563,2,0,2,565
04/25/2022,MYR,SC,ASO,ES,Combined TRACON& Tower with Radar,108,6,22,26,162,0,185,36,0,221,108,191,58,26,383,38,12,50,433
04/26/2022,MYR,SC,ASO,ES,Combined TRACON& Tower with Radar,85,14,21,34,154,0,121,25,2,148,85,135,46,36,302,60,8,68,370
04/27/2022,MYR,SC,ASO,ES,Combined TRACON& Tower with Radar,93,12,17,19,141,0,194,22,4,220,93,206,39,23,361,84,26,110,471
04/28/2022,MYR,SC,ASO,ES,Combined TRACON& Tower with Radar,94,11,26,7,138,0,186,23,0,209,94,197,49,7,347,48,0,48,395
04/29/2022,MYR,SC,ASO,ES,Combined TRACON& Tower with Radar,107,11,28,90,236,0,161,33,0,194,107,172,61,90,430,86,18,104,534
04/30/2022,MYR,SC,ASO,ES,Combined TRACON& Tower with Radar,97,11,17,2,127,0,443,41,0,484,97,454,58,2,611,46,0,46,657
05/01/2022,MYR,SC,ASO,ES,Combined TRACON& Tower with Radar,94,8,21,2,125,0,328,22,0,350,94,336,43,2,475,27,0,27,502
05/02/2022,MYR,SC,ASO,ES,Combined TRACON& Tower with Radar,104,10,24,15,153,0,180,30,0,210,104,190,54,15,363,52,0,52,415
05/03/2022,MYR,SC,ASO,ES,Combined TRACON& Tower with Radar,90,10,17,14,131,0,128,13,4,145,90,138,30,18,276,54,10,64,340
05/04/2022,MYR,SC,ASO,ES,Combined TRACON& Tower with Radar,94,8,22,12,136,0,142,12,0,154,94,150,34,12,290,32,18,50,340
05/05/2022,MYR,SC,ASO,ES,Combined TRACON& Tower with Radar,103,15,24,33,175,0,114,32,2,148,103,129,56,35,323,0,0,0,323
05/06/2022,MYR,SC,ASO,ES,Combined TRACON& Tower with Radar,136,21,25,13,195,0,154,10,3,167,136,175,35,16,362,10,20,30,392
05/07/2022,MYR,SC,ASO,ES,Combined TRACON& Tower with Radar,114,5,18,0,137,0,391,13,0,404,114,396,31,0,541,40,0,40,581
05/08/2022,MYR,SC,ASO,ES,Combined TRACON& Tower with Radar,107,8,16,0,131,0,400,7,1,408,107,408,23,1,539,0,0,0,539
05/09/2022,MYR,SC,ASO,ES,Combined TRACON& Tower with Radar,110,9,19,13,151,0,157,22,1,180,110,166,41,14,331,94,20,114,445
05/10/2022,MYR,SC,ASO,ES,Combined TRACON& Tower with Radar,102,6,30,6,144,0,158,19,0,177,102,164,49,6,321,64,6,70,391
05/11/2022,MYR,SC,ASO,ES,Combined TRACON& Tower with Radar,98,7,24,47,176,0,198,29,1,228,98,205,53,48,404,12,24,36,440
05/12/2022,MYR,SC,ASO,ES,Combined TRACON& Tower with Radar,109,15,15,9,148,0,44,3,0,47,109,59,18,9,195,0,0,0,195
05/13/2022,MYR,SC,ASO,ES,Combined TRACON& Tower with Radar,109,12,16,0,137,0,145,4,0,149,109,157,20,0,286,2,0,2,288
05/14/2022,MYR,SC,ASO,ES,Combined TRACON& Tower with Radar,105,8,17,2,132,0,414,9,0,423,105,422,26,2,555,0,0,0,555
05/15/2022,MYR,SC,ASO,ES,Combined TRACON& Tower with Radar,107,8,30,2,147,0,394,21,2,417,107,402,51,4,564,6,0,6,570
05/16/2022,MYR,SC,ASO,ES,Combined TRACON& Tower with Radar,97,7,16,7,127,0,251,35,2,288,97,258,51,9,415,32,0,32,447
05/17/2022,MYR,SC,ASO,ES,Combined TRACON& Tower with Radar,101,8,22,8,139,0,215,61,0,276,101,223,83,8,415,30,0,30,445
05/18/2022,MYR,SC,ASO,ES,Combined TRACON& Tower with Radar,100,7,27,20,154,0,234,29,0,263,100,241,56,20,417,44,20,64,481
05/19/2022,MYR,SC,ASO,ES,Combined TRACON& Tower with Radar,109,9,17,14,149,0,184,29,8,221,109,193,46,22,370,54,4,58,428
05/20/2022,MYR,SC,ASO,ES,Combined TRACON& Tower with Radar,109,11,25,33,178,0,310,30,0,340,109,321,55,33,518,10,20,30,548
05/21/2022,MYR,SC,ASO,ES,Combined TRACON& Tower with Radar,111,6,11,27,155,0,453,17,6,476,111,459,28,33,631,14,0,14,645
05/22/2022,MYR,SC,ASO,ES,Combined TRACON& Tower with Radar,106,7,15,2,130,0,369,13,0,382,106,376,28,2,512,6,0,6,518
05/23/2022,MYR,SC,ASO,ES,Combined TRACON& Tower with Radar,114,7,28,34,183,0,174,10,0,184,114,181,38,34,367,38,18,56,423
05/24/2022,MYR,SC,ASO,ES,Combined TRACON& Tower with Radar,103,10,16,19,148,0,211,8,1,220,103,221,24,20,368,16,20,36,404
05/25/2022,MYR,SC,ASO,ES,Combined TRACON& Tower with Radar,104,7,35,29,175,0,285,9,1,295,104,292,44,30,470,26,36,62,532
05/26/2022,MYR,SC,ASO,ES,Combined TRACON& Tower with Radar,121,11,50,12,194,0,205,6,4,215,121,216,56,16,409,2,2,4,413
05/27/2022,MYR,SC,ASO,ES,Combined TRACON& Tower with Radar,111,8,13,0,132,0,70,8,3,81,111,78,21,3,213,2,0,2,215
05/28/2022,MYR,SC,ASO,ES,Combined TRACON& Tower with Radar,120,9,21,0,150,0,642,20,8,670,120,651,41,8,820,28,0,28,848
05/29/2022,MYR,SC,ASO,ES,Combined TRACON& Tower with Radar,111,7,18,4,140,0,787,34,8,829,111,794,52,12,969,6,0,6,975
05/30/2022,MYR,SC,ASO,ES,Combined TRACON& Tower with Radar,123,12,24,1,160,0,583,36,2,621,123,595,60,3,781,28,0,28,809
05/31/2022,MYR,SC,ASO,ES,Combined TRACON& Tower with Radar,99,10,14,20,143,0,338,40,0,378,99,348,54,20,521,52,0,52,573
06/01/2022,MYR,SC,ASO,ES,Combined TRACON& Tower with Radar,106,9,21,21,157,0,326,27,6,359,106,335,48,27,516,36,8,44,560
06/02/2022,MYR,SC,ASO,ES,Combined TRACON& Tower with Radar,120,11,20,36,187,0,343,33,2,378,120,354,53,38,565,8,0,8,573
06/03/2022,MYR,SC,ASO,ES,Combined TRACON& Tower with Radar,117,8,20,14,159,0,133,22,0,155,117,141,42,14,314,0,0,0,314
06/04/2022,MYR,SC,ASO,ES,Combined TRACON& Tower with Radar,139,9,19,1,168,0,298,4,0,302,139,307,23,1,470,4,0,4,474
06/05/2022,MYR,SC,ASO,ES,Combined TRACON& Tower with Radar,122,5,16,0,143,0,518,27,0,545,122,523,43,0,688,10,0,10,698
06/06/2022,MYR,SC,ASO,ES,Combined TRACON& Tower with Radar,128,4,22,18,172,0,300,35,0,335,128,304,57,18,507,30,0,30,537
06/07/2022,MYR,SC,ASO,ES,Combined TRACON& Tower with Radar,114,4,19,33,170,0,362,46,3,411,114,366,65,36,581,62,8,70,651
06/08/2022,MYR,SC,ASO,ES,Combined TRACON& Tower with Radar,121,6,33,19,179,0,412,14,1,427,121,418,47,20,606,40,2,42,648
06/09/2022,MYR,SC,ASO,ES,Combined TRACON& Tower with Radar,128,8,18,20,174,0,406,13,0,419,128,414,31,20,593,18,2,20,613
06/10/2022,MYR,SC,ASO,ES,Combined TRACON& Tower with Radar,131,5,41,30,207,0,499,40,0,539,131,504,81,30,746,30,18,48,794
06/11/2022,MYR,SC,ASO,ES,Combined TRACON& Tower with Radar,166,8,20,6,200,0,523,15,2,540,166,531,35,8,740,0,12,12,752
06/12/2022,MYR,SC,ASO,ES,Combined TRACON& Tower with Radar,126,7,14,33,180,0,311,7,0,318,126,318,21,33,498,0,12,12,510
06/13/2022,MYR,SC,ASO,ES,Combined TRACON& Tower with Radar,132,10,33,14,189,0,323,26,3,352,132,333,59,17,541,60,6,66,607
06/14/2022,MYR,SC,ASO,ES,Combined TRACON& Tower with Radar,115,4,32,20,171,0,360,23,0,383,115,364,55,20,554,26,12,38,592
06/15/2022,MYR,SC,ASO,ES,Combined TRACON& Tower with Radar,123,2,15,28,168,0,512,49,1,562,123,514,64,29,730,58,6,64,794
06/16/2022,MYR,SC,ASO,ES,Combined TRACON& Tower with Radar,116,2,36,6,160,0,542,29,2,573,116,544,65,8,733,12,0,12,745
06/17/2022,MYR,SC,ASO,ES,Combined TRACON& Tower with Radar,120,9,18,13,160,0,591,27,2,620,120,600,45,15,780,28,12,40,820
06/18/2022,MYR,SC,ASO,ES,Combined TRACON& Tower with Radar,160,9,33,2,204,0,637,13,0,650,160,646,46,2,854,6,0,6,860
06/19/2022,MYR,SC,ASO,ES,Combined TRACON& Tower with Radar,127,12,20,0,159,0,777,32,0,809,127,789,52,0,968,10,0,10,978
06/20/2022,MYR,SC,ASO,ES,Combined TRACON& Tower with Radar,133,11,19,2,165,0,506,34,0,540,133,517,53,2,705,40,0,40,745
06/21/2022,MYR,SC,ASO,ES,Combined TRACON& Tower with Radar,118,3,30,23,174,0,434,37,2,473,118,437,67,25,647,66,0,66,713
06/22/2022,MYR,SC,ASO,ES,Combined TRACON& Tower with Radar,116,6,27,29,178,0,530,37,2,569,116,536,64,31,747,58,0,58,805
06/23/2022,MYR,SC,ASO,ES,Combined TRACON& Tower with Radar,128,6,16,53,203,0,512,24,3,539,128,518,40,56,742,24,50,74,816
06/24/2022,MYR,SC,ASO,ES,Combined TRACON& Tower with Radar,132,14,24,13,183,0,638,28,5,671,132,652,52,18,854,98,0,98,952
06/25/2022,MYR,SC,ASO,ES,Combined TRACON& Tower with Radar,169,12,15,6,202,0,631,25,0,656,169,643,40,6,858,38,0,38,896
06/26/2022,MYR,SC,ASO,ES,Combined TRACON& Tower with Radar,127,8,19,16,170,0,481,20,0,501,127,489,39,16,671,0,0,0,671
06/27/2022,MYR,SC,ASO,ES,Combined TRACON& Tower with Radar,127,11,23,37,198,0,455,24,1,480,127,466,47,38,678,66,18,84,762
06/28/2022,MYR,SC,ASO,ES,Combined TRACON& Tower with Radar,119,9,15,2,145,0,379,0,0,379,119,388,15,2,524,0,0,0,524
06/29/2022,MYR,SC,ASO,ES,Combined TRACON& Tower with Radar,125,9,16,13,163,0,374,1,0,375,125,383,17,13,538,30,0,30,568
06/30/2022,MYR,SC,ASO,ES,Combined TRACON& Tower with Radar,130,7,27,7,171,0,551,15,0,566,130,558,42,7,737,22,0,22,759
07/01/2022,MYR,SC,ASO,ES,Combined TRACON& Tower with Radar,128,16,27,1,172,0,442,3,0,445,128,458,30,1,617,0,0,0,617
07/02/2022,MYR,SC,ASO,ES,Combined TRACON& Tower with Radar,163,11,13,0,187,0,628,3,0,631,163,639,16,0,818,0,0,0,818
07/03/2022,MYR,SC,ASO,ES,Combined TRACON& Tower with Radar,129,2,5,0,136,0,916,9,0,925,129,918,14,0,1061,12,0,12,1073
07/04/2022,MYR,SC,ASO,ES,Combined TRACON& Tower with Radar,124,3,17,0,144,0,631,6,0,637,124,634,23,0,781,8,0,8,789
07/05/2022,MYR,SC,ASO,ES,Combined TRACON& Tower with Radar,106,8,23,4,141,0,810,24,2,836,106,818,47,6,977,138,0,138,1115
07/06/2022,MYR,SC,ASO,ES,Combined TRACON& Tower with Radar,126,5,14,15,160,0,816,40,1,857,126,821,54,16,1017,62,10,72,1089
07/07/2022,MYR,SC,ASO,ES,Combined TRACON& Tower with Radar,125,7,18,2,152,0,696,34,0,730,125,703,52,2,882,28,0,28,910
07/08/2022,MYR,SC,ASO,ES,Combined TRACON& Tower with Radar,129,6,21,2,158,0,569,27,0,596,129,575,48,2,754,48,0,48,802
07/09/2022,MYR,SC,ASO,ES,Combined TRACON& Tower with Radar,177,17,17,0,211,0,716,16,0,732,177,733,33,0,943,14,0,14,957
07/10/2022,MYR,SC,ASO,ES,Combined TRACON& Tower with Radar,130,13,15,0,158,0,335,1,0,336,130,348,16,0,494,0,0,0,494
07/11/2022,MYR,SC,ASO,ES,Combined TRACON& Tower with Radar,124,9,20,6,159,0,348,9,0,357,124,357,29,6,516,16,0,16,532
07/12/2022,MYR,SC,ASO,ES,Combined TRACON& Tower with Radar,109,5,30,14,158,0,296,6,0,302,109,301,36,14,460,56,0,56,516
07/13/2022,MYR,SC,ASO,ES,Combined TRACON& Tower with Radar,119,9,22,2,152,0,482,25,0,507,119,491,47,2,659,40,0,40,699
07/14/2022,MYR,SC,ASO,ES,Combined TRACON& Tower with Radar,125,4,27,6,162,0,615,31,3,649,125,619,58,9,811,40,0,40,851
07/15/2022,MYR,SC,ASO,ES,Combined TRACON& Tower with Radar,135,14,17,0,166,0,635,12,1,648,135,649,29,1,814,10,0,10,824
07/16/2022,MYR,SC,ASO,ES,Combined TRACON& Tower with Radar,171,15,24,1,211,0,779,14,0,793,171,794,38,1,1004,30,0,30,1034
07/17/2022,MYR,SC,ASO,ES,Combined TRACON& Tower with Radar,129,6,19,0,154,0,838,25,1,864,129,844,44,1,1018,2,0,2,1020
07/18/2022,MYR,SC,ASO,ES,Combined TRACON& Tower with Radar,114,5,11,9,139,0,598,9,1,608,114,603,20,10,747,18,4,22,769
07/19/2022,MYR,SC,ASO,ES,Combined TRACON& Tower with Radar,112,8,19,11,150,0,670,22,2,694,112,678,41,13,844,84,0,84,928
07/20/2022,MYR,SC,ASO,ES,Combined TRACON& Tower with Radar,121,12,21,3,157,0,678,32,0,710,121,690,53,3,867,56,0,56,923
07/21/2022,MYR,SC,ASO,ES,Combined TRACON& Tower with Radar,129,8,28,5,170,0,659,6,1,666,129,667,34,6,836,36,0,36,872
07/22/2022,MYR,SC,ASO,ES,Combined TRACON& Tower with Radar,131,8,25,28,192,0,193,24,0,217,131,201,49,28,409,8,8,16,425
07/23/2022,MYR,SC,ASO,ES,Combined TRACON& Tower with Radar,169,11,20,0,200,0,317,18,0,335,169,328,38,0,535,4,0,4,539
07/24/2022,MYR,SC,ASO,ES,Combined TRACON& Tower with Radar,132,6,14,0,152,0,321,20,0,341,132,327,34,0,493,0,0,0,493
07/25/2022,MYR,SC,ASO,ES,Combined TRACON& Tower with Radar,117,9,14,21,161,0,319,21,2,342,117,328,35,23,503,62,28,90,593
07/26/2022,MYR,SC,ASO,ES,Combined TRACON& Tower with Radar,112,8,21,29,170,0,308,23,1,332,112,316,44,30,502,50,0,50,552
07/27/2022,MYR,SC,ASO,ES,Combined TRACON& Tower with Radar,122,6,18,4,150,0,279,42,0,321,122,285,60,4,471,56,0,56,527
07/28/2022,MYR,SC,ASO,ES,Combined TRACON& Tower with Radar,126,7,23,29,185,0,311,35,4,350,126,318,58,33,535,62,14,76,611
07/29/2022,MYR,SC,ASO,ES,Combined TRACON& Tower with Radar,131,11,36,2,180,0,580,48,0,628,131,591,84,2,808,52,0,52,860
07/30/2022,MYR,SC,ASO,ES,Combined TRACON& Tower with Radar,176,15,13,5,209,0,459,19,0,478,176,474,32,5,687,30,0,30,717
07/31/2022,MYR,SC,ASO,ES,Combined TRACON& Tower with Radar,134,1,9,0,144,0,530,16,0,546,134,531,25,0,690,32,0,32,722
08/01/2022,MYR,SC,ASO,ES,Combined TRACON& Tower with Radar,136,7,14,45,202,0,492,30,4,526,136,499,44,49,728,32,26,58,786
08/02/2022,MYR,SC,ASO,ES,Combined TRACON& Tower with Radar,112,6,15,2,135,0,516,37,0,553,112,522,52,2,688,100,0,100,788
08/03/2022,MYR,SC,ASO,ES,Combined TRACON& Tower with Radar,118,4,26,16,164,0,599,29,2,630,118,603,55,18,794,36,8,44,838
08/04/2022,MYR,SC,ASO,ES,Combined TRACON& Tower with Radar,125,14,34,13,186,0,642,28,2,672,125,656,62,15,858,56,0,56,914
08/05/2022,MYR,SC,ASO,ES,Combined TRACON& Tower with Radar,118,21,35,52,226,0,604,60,0,664,118,625,95,52,890,14,36,50,940
08/06/2022,MYR,SC,ASO,ES,Combined TRACON& Tower with Radar,173,5,27,0,205,0,689,21,0,710,173,694,48,0,915,24,0,24,939
08/07/2022,MYR,SC,ASO,ES,Combined TRACON& Tower with Radar,121,6,25,5,157,0,658,11,0,669,121,664,36,5,826,0,0,0,826
08/08/2022,MYR,SC,ASO,ES,Combined TRACON& Tower with Radar,123,3,11,1,138,0,401,21,7,429,123,404,32,8,567,88,0,88,655
08/09/2022,MYR,SC,ASO,ES,Combined TRACON& Tower with Radar,108,7,22,7,144,0,372,31,7,410,108,379,53,14,554,56,6,62,616
08/10/2022,MYR,SC,ASO,ES,Combined TRACON& Tower with Radar,116,5,48,30,199,0,499,33,11,543,116,504,81,41,742,74,16,90,832
08/11/2022,MYR,SC,ASO,ES,Combined TRACON& Tower with Radar,126,8,24,10,168,0,516,29,2,547,126,524,53,12,715,0,0,0,715
08/12/2022,MYR,SC,ASO,ES,Combined TRACON& Tower with Radar,135,13,27,0,175,0,140,8,3,151,135,153,35,3,326,4,0,4,330
08/13/2022,MYR,SC,ASO,ES,Combined TRACON& Tower with Radar,169,5,20,4,198,0,638,43,3,684,169,643,63,7,882,14,0,14,896
08/14/2022,MYR,SC,ASO,ES,Combined TRACON& Tower with Radar,126,8,21,4,159,0,661,32,3,696,126,669,53,7,855,14,0,14,869
08/15/2022,MYR,SC,ASO,ES,Combined TRACON& Tower with Radar,122,12,18,7,159,0,470,25,0,495,122,482,43,7,654,73,0,73,727
08/16/2022,MYR,SC,ASO,ES,Combined TRACON& Tower with Radar,112,11,16,17,156,0,330,4,0,334,112,341,20,17,490,18,0,18,508
08/17/2022,MYR,SC,ASO,ES,Combined TRACON& Tower with Radar,108,5,18,10,141,0,443,39,3,485,108,448,57,13,626,64,2,66,692
08/18/2022,MYR,SC,ASO,ES,Combined TRACON& Tower with Radar,115,9,15,19,158,0,450,25,0,475,115,459,40,19,633,16,4,20,653
08/19/2022,MYR,SC,ASO,ES,Combined TRACON& Tower with Radar,120,8,19,4,151,0,12,2,1,15,120,20,21,5,166,0,0,0,166
08/20/2022,MYR,SC,ASO,ES,Combined TRACON& Tower with Radar,141,17,30,3,191,0,603,3,0,606,141,620,33,3,797,14,0,14,811
08/21/2022,MYR,SC,ASO,ES,Combined TRACON& Tower with Radar,117,4,11,3,135,0,320,4,0,324,117,324,15,3,459,6,0,6,465
08/22/2022,MYR,SC,ASO,ES,Combined TRACON& Tower with Radar,111,3,12,4,130,0,268,31,0,299,111,271,43,4,429,58,0,58,487
08/23/2022,MYR,SC,ASO,ES,Combined TRACON& Tower with Radar,102,34,19,14,169,0,290,5,2,297,102,324,24,16,466,34,0,34,500
08/24/2022,MYR,SC,ASO,ES,Combined TRACON& Tower with Radar,108,4,24,15,151,0,347,18,0,365,108,351,42,15,516,106,4,110,626
08/25/2022,MYR,SC,ASO,ES,Combined TRACON& Tower with Radar,116,9,20,7,152,0,335,15,0,350,116,344,35,7,502,18,10,28,530
08/26/2022,MYR,SC,ASO,ES,Combined TRACON& Tower with Radar,119,9,27,2,157,0,333,49,0,382,119,342,76,2,539,16,0,16,555
08/27/2022,MYR,SC,ASO,ES,Combined TRACON& Tower with Radar,136,7,18,1,162,0,580,31,0,611,136,587,49,1,773,34,0,34,807
08/28/2022,MYR,SC,ASO,ES,Combined TRACON& Tower with Radar,116,3,23,2,144,0,456,9,0,465,116,459,32,2,609,0,0,0,609
08/29/2022,MYR,SC,ASO,ES,Combined TRACON& Tower with Radar,118,5,16,9,148,0,142,3,0,145,118,147,19,9,293,22,0,22,315
08/30/2022,MYR,SC,ASO,ES,Combined TRACON& Tower with Radar,102,6,32,6,146,0,180,10,2,192,102,186,42,8,338,28,0,28,366
08/31/2022,MYR,SC,ASO,ES,Combined TRACON& Tower with Radar,110,17,28,11,166,0,187,37,3,227,110,204,65,14,393,52,0,52,445
09/01/2022,MYR,SC,ASO,ES,Combined TRACON& Tower with Radar,113,10,29,15,167,0,177,49,2,228,113,187,78,17,395,14,0,14,409
09/02/2022,MYR,SC,ASO,ES,Combined TRACON& Tower with Radar,126,10,25,2,163,0,260,55,0,315,126,270,80,2,478,20,0,20,498
09/03/2022,MYR,SC,ASO,ES,Combined TRACON& Tower with Radar,130,4,16,2,152,0,561,13,1,575,130,565,29,3,727,12,0,12,739
09/04/2022,MYR,SC,ASO,ES,Combined TRACON& Tower with Radar,110,5,6,0,121,0,620,22,0,642,110,625,28,0,763,20,0,20,783
09/05/2022,MYR,SC,ASO,ES,Combined TRACON& Tower with Radar,125,3,30,0,158,0,591,21,0,612,125,594,51,0,770,110,0,110,880
09/06/2022,MYR,SC,ASO,ES,Combined TRACON& Tower with Radar,110,5,22,7,144,0,224,36,0,260,110,229,58,7,404,82,12,94,498
09/07/2022,MYR,SC,ASO,ES,Combined TRACON& Tower with Radar,106,12,27,17,162,0,120,29,0,149,106,132,56,17,311,28,6,34,345
09/08/2022,MYR,SC,ASO,ES,Combined TRACON& Tower with Radar,110,8,25,8,151,0,142,8,6,156,110,150,33,14,307,16,6,22,329
09/09/2022,MYR,SC,ASO,ES,Combined TRACON& Tower with Radar,111,9,27,23,170,0,222,7,0,229,111,231,34,23,399,12,8,20,419
09/10/2022,MYR,SC,ASO,ES,Combined TRACON& Tower with Radar,108,8,9,4,129,0,234,2,0,236,108,242,11,4,365,0,0,0,365
09/11/2022,MYR,SC,ASO,ES,Combined TRACON& Tower with Radar,116,5,7,2,130,0,104,3,0,107,116,109,10,2,237,4,0,4,241
09/12/2022,MYR,SC,ASO,ES,Combined TRACON& Tower with Radar,110,8,9,18,145,0,118,15,3,136,110,126,24,21,281,24,0,24,305
09/13/2022,MYR,SC,ASO,ES,Combined TRACON& Tower with Radar,107,6,32,29,174,0,153,42,1,196,107,159,74,30,370,84,6,90,460
09/14/2022,MYR,SC,ASO,ES,Combined TRACON& Tower with Radar,106,8,34,19,167,0,177,51,2,230,106,185,85,21,397,52,8,60,457
09/15/2022,MYR,SC,ASO,ES,Combined TRACON& Tower with Radar,111,7,21,39,178,0,193,34,0,227,111,200,55,39,405,56,0,56,461
09/16/2022,MYR,SC,ASO,ES,Combined TRACON& Tower with Radar,108,8,26,2,144,0,189,43,1,233,108,197,69,3,377,58,0,58,435
09/17/2022,MYR,SC,ASO,ES,Combined TRACON& Tower with Radar,109,4,20,0,133,0,391,18,0,409,109,395,38,0,542,28,0,28,570
09/18/2022,MYR,SC,ASO,ES,Combined TRACON& Tower with Radar,111,3,22,7,143,0,326,27,0,353,111,329,49,7,496,8,0,8,504
09/19/2022,MYR,SC,ASO,ES,Combined TRACON& Tower with Radar,112,2,19,13,146,0,114,32,1,147,112,116,51,14,293,64,10,74,367
09/20/2022,MYR,SC,ASO,ES,Combined TRACON& Tower with Radar,103,5,18,21,147,0,86,48,2,136,103,91,66,23,283,42,0,42,325
09/21/2022,MYR,SC,ASO,ES,Combined TRACON& Tower with Radar,105,8,26,31,170,0,148,39,6,193,105,156,65,37,363,30,16,46,409
09/22/2022,MYR,SC,ASO,ES,Combined TRACON& Tower with Radar,108,12,27,22,169,0,119,38,0,157,108,131,65,22,326,32,4,36,362
09/23/2022,MYR,SC,ASO,ES,Combined TRACON& Tower with Radar,112,8,28,13,161,0,146,42,0,188,112,154,70,13,349,36,0,36,385
09/24/2022,MYR,SC,ASO,ES,Combined TRACON& Tower with Radar,106,5,17,0,128,0,414,20,0,434,106,419,37,0,562,6,0,6,568
09/25/2022,MYR,SC,ASO,ES,Combined TRACON& Tower with Radar,111,5,7,0,123,0,280,16,2,298,111,285,23,2,421,0,0,0,421
09/26/2022,MYR,SC,ASO,ES,Combined TRACON& Tower with Radar,111,7,19,32,169,0,133,28,0,161,111,140,47,32,330,28,16,44,374
09/27/2022,MYR,SC,ASO,ES,Combined TRACON& Tower with Radar,104,10,22,5,141,0,120,30,2,152,104,130,52,7,293,52,2,54,347
09/28/2022,MYR,SC,ASO,ES,Combined TRACON& Tower with Radar,102,10,18,8,138,0,132,21,2,155,102,142,39,10,293,36,0,36,329
09/29/2022,MYR,SC,ASO,ES,Combined TRACON& Tower with Radar,92,4,7,0,103,0,2,1,1,4,92,6,8,1,107,0,0,0,107
10/01/2022,MYR,SC,ASO,ES,Combined TRACON& Tower with Radar,67,1,7,0,75,0,176,10,2,188,67,177,17,2,263,0,0,0,263
10/02/2022,MYR,SC,ASO,ES,Combined TRACON& Tower with Radar,111,4,9,0,124,0,129,17,2,148,111,133,26,2,272,0,0,0,272
10/03/2022,MYR,SC,ASO,ES,Combined TRACON& Tower with Radar,105,9,8,8,130,0,49,1,0,50,105,58,9,8,180,40,0,40,220
10/04/2022,MYR,SC,ASO,ES,Combined TRACON& Tower with Radar,101,10,18,7,136,0,59,47,1,107,101,69,65,8,243,42,10,52,295
10/05/2022,MYR,SC,ASO,ES,Combined TRACON& Tower with Radar,104,8,23,7,142,0,74,52,2,128,104,82,75,9,270,54,0,54,324
10/06/2022,MYR,SC,ASO,ES,Combined TRACON& Tower with Radar,98,8,19,12,137,0,90,30,2,122,98,98,49,14,259,46,0,46,305
10/07/2022,MYR,SC,ASO,ES,Combined TRACON& Tower with Radar,99,11,23,5,138,0,108,52,1,161,99,119,75,6,299,98,12,110,409
10/08/2022,MYR,SC,ASO,ES,Combined TRACON& Tower with Radar,92,10,20,3,125,0,208,29,0,237,92,218,49,3,362,10,0,10,372
10/09/2022,MYR,SC,ASO,ES,Combined TRACON& Tower with Radar,99,6,22,2,129,0,200,38,0,238,99,206,60,2,367,0,0,0,367
10/10/2022,MYR,SC,ASO,ES,Combined TRACON& Tower with Radar,98,7,28,3,136,0,102,42,0,144,98,109,70,3,280,22,0,22,302
10/11/2022,MYR,SC,ASO,ES,Combined TRACON& Tower with Radar,92,9,32,10,143,0,104,38,4,146,92,113,70,14,289,28,4,32,321
10/12/2022,MYR,SC,ASO,ES,Combined TRACON& Tower with Radar,92,12,28,34,166,0,145,27,0,172,92,157,55,34,338,62,16,78,416
10/13/2022,MYR,SC,ASO,ES,Combined TRACON& Tower with Radar,99,9,26,50,184,0,91,9,0,100,99,100,35,50,284,20,16,36,320
10/14/2022,MYR,SC,ASO,ES,Combined TRACON& Tower with Radar,99,8,33,25,165,0,140,49,0,189,99,148,82,25,354,74,14,88,442
10/15/2022,MYR,SC,ASO,ES,Combined TRACON& Tower with Radar,97,5,22,2,126,0,236,48,0,284,97,241,70,2,410,14,0,14,424
10/16/2022,MYR,SC,ASO,ES,Combined TRACON& Tower with Radar,101,2,27,3,133,0,192,33,0,225,101,194,60,3,358,0,0,0,358
10/17/2022,MYR,SC,ASO,ES,Combined TRACON& Tower with Radar,96,6,22,27,151,0,53,30,0,83,96,59,52,27,234,12,18,30,264
10/18/2022,MYR,SC,ASO,ES,Combined TRACON& Tower with Radar,96,6,8,18,128,0,66,44,1,111,96,72,52,19,239,94,6,100,339
10/19/2022,MYR,SC,ASO,ES,Combined TRACON& Tower with Radar,93,8,19,13,133,0,61,50,0,111,93,69,69,13,244,28,4,32,276
10/20/2022,MYR,SC,ASO,ES,Combined TRACON& Tower with Radar,99,8,16,11,134,3,71,55,0,129,102,79,71,11,263,28,16,44,307
10/21/2022,MYR,SC,ASO,ES,Combined TRACON& Tower with Radar,98,9,23,22,152,0,82,46,3,131,98,91,69,25,283,46,34,80,363
10/22/2022,MYR,SC,ASO,ES,Combined TRACON& Tower with Radar,98,5,21,4,128,0,188,35,1,224,98,193,56,5,352,30,10,40,392
10/23/2022,MYR,SC,ASO,ES,Combined TRACON& Tower with Radar,101,6,15,1,123,0,132,27,0,159,101,138,42,1,282,18,0,18,300
10/24/2022,MYR,SC,ASO,ES,Combined TRACON& Tower with Radar,98,4,23,28,153,0,24,18,0,42,98,28,41,28,195,16,0,16,211
10/25/2022,MYR,SC,ASO,ES,Combined TRACON& Tower with Radar,91,9,27,40,167,0,58,28,6,92,91,67,55,46,259,22,10,32,291
10/26/2022,MYR,SC,ASO,ES,Combined TRACON& Tower with Radar,99,7,20,50,176,0,80,23,4,107,99,87,43,54,283,96,8,104,387
10/27/2022,MYR,SC,ASO,ES,Combined TRACON& Tower with Radar,97,11,30,37,175,0,40,15,2,57,97,51,45,39,232,10,4,14,246
10/28/2022,MYR,SC,ASO,ES,Combined TRACON& Tower with Radar,101,10,29,20,160,0,0,0,0,0,101,10,29,20,160,0,0,0,160
10/29/2022,MYR,SC,ASO,ES,Combined TRACON& Tower with Radar,94,5,14,0,113,0,0,2,0,2,94,5,16,0,115,0,0,0,115
10/30/2022,MYR,SC,ASO,ES,Combined TRACON& Tower with Radar,99,5,16,0,120,0,129,8,0,137,99,134,24,0,257,6,0,6,263
10/31/2022,MYR,SC,ASO,ES,Combined TRACON& Tower with Radar,93,3,24,14,134,0,42,25,0,67,93,45,49,14,201,4,10,14,215
11/01/2022,MYR,SC,ASO,ES,Combined TRACON& Tower with Radar,94,14,24,10,142,0,25,13,0,38,94,39,37,10,180,22,0,22,202
11/02/2022,MYR,SC,ASO,ES,Combined TRACON& Tower with Radar,92,14,30,33,169,0,55,67,2,124,92,69,97,35,293,53,2,55,348
11/03/2022,MYR,SC,ASO,ES,Combined TRACON& Tower with Radar,91,15,30,27,163,0,44,48,2,94,91,59,78,29,257,70,4,74,331
11/04/2022,MYR,SC,ASO,ES,Combined TRACON& Tower with Radar,82,14,22,19,137,0,70,46,1,117,82,84,68,20,254,26,0,26,280
11/05/2022,MYR,SC,ASO,ES,Combined TRACON& Tower with Radar,77,10,21,18,126,0,90,12,2,104,77,100,33,20,230,18,0,18,248
11/06/2022,MYR,SC,ASO,ES,Combined TRACON& Tower with Radar,80,3,17,13,113,0,78,18,2,98,80,81,35,15,211,38,8,46,257
11/07/2022,MYR,SC,ASO,ES,Combined TRACON& Tower with Radar,67,2,11,28,108,0,49,37,1,87,67,51,48,29,195,62,50,112,307
11/08/2022,MYR,SC,ASO,ES,Combined TRACON& Tower with Radar,56,8,15,32,111,0,8,16,0,24,56,16,31,32,135,0,6,6,141
11/09/2022,MYR,SC,ASO,ES,Combined TRACON& Tower with Radar,56,12,17,12,97,0,36,1,3,40,56,48,18,15,137,0,12,12,149
11/10/2022,MYR,SC,ASO,ES,Combined TRACON& Tower with Radar,65,5,12,5,87,0,6,0,1,7,65,11,12,6,94,0,0,0,94
11/11/2022,MYR,SC,ASO,ES,Combined TRACON& Tower with Radar,64,8,4,0,76,0,51,4,0,55,64,59,8,0,131,0,0,0,131
11/12/2022,MYR,SC,ASO,ES,Combined TRACON& Tower with Radar,55,7,20,4,86,0,98,13,0,111,55,105,33,4,197,0,0,0,197
11/13/2022,MYR,SC,ASO,ES,Combined TRACON& Tower with Radar,65,6,14,0,85,0,72,38,0,110,65,78,52,0,195,12,0,12,207
11/14/2022,MYR,SC,ASO,ES,Combined TRACON& Tower with Radar,62,8,13,15,98,0,26,38,2,66,62,34,51,17,164,36,8,44,208
11/15/2022,MYR,SC,ASO,ES,Combined TRACON& Tower with Radar,60,9,11,10,90,0,2,2,0,4,60,11,13,10,94,0,0,0,94
11/16/2022,MYR,SC,ASO,ES,Combined TRACON& Tower with Radar,58,12,21,67,158,0,16,23,0,39,58,28,44,67,197,32,6,38,235
11/17/2022,MYR,SC,ASO,ES,Combined TRACON& Tower with Radar,64,11,31,27,133,0,16,64,4,84,64,27,95,31,217,80,6,86,303
11/18/2022,MYR,SC,ASO,ES,Combined TRACON& Tower with Radar,62,7,18,34,121,0,39,44,4,87,62,46,62,38,208,74,10,84,292
11/19/2022,MYR,SC,ASO,ES,Combined TRACON& Tower with Radar,55,7,22,5,89,0,92,30,1,123,55,99,52,6,212,38,0,38,250
11/20/2022,MYR,SC,ASO,ES,Combined TRACON& Tower with Radar,65,9,18,9,101,0,72,17,0,89,65,81,35,9,190,6,0,6,196
11/21/2022,MYR,SC,ASO,ES,Combined TRACON& Tower with Radar,62,7,22,33,124,0,32,42,0,74,62,39,64,33,198,48,10,58,256
11/22/2022,MYR,SC,ASO,ES,Combined TRACON& Tower with Radar,63,8,29,35,135,0,47,33,1,81,63,55,62,36,216,72,0,72,288
11/23/2022,MYR,SC,ASO,ES,Combined TRACON& Tower with Radar,64,11,24,0,99,0,36,18,0,54,64,47,42,0,153,24,0,24,177
11/24/2022,MYR,SC,ASO,ES,Combined TRACON& Tower with Radar,41,1,4,0,46,0,0,6,0,6,41,1,10,0,52,10,0,10,62
11/25/2022,MYR,SC,ASO,ES,Combined TRACON& Tower with Radar,55,11,13,0,79,0,72,4,0,76,55,83,17,0,155,0,0,0,155
11/26/2022,MYR,SC,ASO,ES,Combined TRACON& Tower with Radar,62,10,20,1,93,0,202,40,0,242,62,212,60,1,335,0,0,0,335
11/27/2022,MYR,SC,ASO,ES,Combined TRACON& Tower with Radar,68,5,13,0,86,0,34,1,2,37,68,39,14,2,123,0,0,0,123
11/28/2022,MYR,SC,ASO,ES,Combined TRACON& Tower with Radar,60,7,27,23,117,0,26,26,1,53,60,33,53,24,170,18,20,38,208
11/29/2022,MYR,SC,ASO,ES,Combined TRACON& Tower with Radar,59,21,21,37,138,0,34,54,2,90,59,55,75,39,228,30,20,50,278
11/30/2022,MYR,SC,ASO,ES,Combined TRACON& Tower with Radar,53,9,14,19,95,0,6,4,1,11,53,15,18,20,106,8,10,18,124
12/01/2022,MYR,SC,ASO,ES,Combined TRACON& Tower with Radar,65,12,29,38,144,0,24,33,0,57,65,36,62,38,201,34,16,50,251
12/02/2022,MYR,SC,ASO,ES,Combined TRACON& Tower with Radar,66,14,21,24,125,0,26,37,2,65,66,40,58,26,190,54,32,86,276
12/03/2022,MYR,SC,ASO,ES,Combined TRACON& Tower with Radar,54,8,22,10,94,0,50,32,0,82,54,58,54,10,176,8,0,8,184
12/04/2022,MYR,SC,ASO,ES,Combined TRACON& Tower with Radar,68,5,29,3,105,0,58,18,0,76,68,63,47,3,181,10,0,10,191
12/05/2022,MYR,SC,ASO,ES,Combined TRACON& Tower with Radar,62,5,20,50,137,0,20,35,0,55,62,25,55,50,192,28,28,56,248
12/06/2022,MYR,SC,ASO,ES,Combined TRACON& Tower with Radar,56,5,15,54,130,0,23,19,0,42,56,28,34,54,172,52,6,58,230
12/07/2022,MYR,SC,ASO,ES,Combined TRACON& Tower with Radar,50,8,12,41,111,0,24,43,4,71,50,32,55,45,182,68,12,80,262
12/08/2022,MYR,SC,ASO,ES,Combined TRACON& Tower with Radar,56,7,22,16,101,0,12,3,0,15,56,19,25,16,116,0,0,0,116
12/09/2022,MYR,SC,ASO,ES,Combined TRACON& Tower with Radar,54,7,22,36,119,0,17,3,0,20,54,24,25,36,139,76,0,76,215
12/10/2022,MYR,SC,ASO,ES,Combined TRACON& Tower with Radar,52,14,26,10,102,0,58,24,0,82,52,72,50,10,184,94,0,94,278
12/11/2022,MYR,SC,ASO,ES,Combined TRACON& Tower with Radar,58,6,13,6,83,0,30,16,0,46,58,36,29,6,129,6,0,6,135
12/12/2022,MYR,SC,ASO,ES,Combined TRACON& Tower with Radar,54,4,23,33,114,0,22,52,0,74,54,26,75,33,188,108,46,154,342
12/13/2022,MYR,SC,ASO,ES,Combined TRACON& Tower with Radar,51,10,21,42,124,0,12,71,6,89,51,22,92,48,213,58,46,104,317
12/14/2022,MYR,SC,ASO,ES,Combined TRACON& Tower with Radar,50,10,21,32,113,0,14,28,2,44,50,24,49,34,157,64,14,78,235
12/15/2022,MYR,SC,ASO,ES,Combined TRACON& Tower with Radar,58,13,14,8,93,0,16,1,0,17,58,29,15,8,110,0,0,0,110
12/16/2022,MYR,SC,ASO,ES,Combined TRACON& Tower with Radar,53,16,31,26,126,0,18,39,1,58,53,34,70,27,184,22,0,22,206
12/17/2022,MYR,SC,ASO,ES,Combined TRACON& Tower with Radar,50,7,22,7,86,0,54,27,4,85,50,61,49,11,171,6,0,6,177
12/18/2022,MYR,SC,ASO,ES,Combined TRACON& Tower with Radar,52,0,18,2,72,0,49,34,0,83,52,49,52,2,155,28,0,28,183
12/19/2022,MYR,SC,ASO,ES,Combined TRACON& Tower with Radar,59,12,21,14,106,0,16,38,2,56,59,28,59,16,162,0,0,0,162
12/20/2022,MYR,SC,ASO,ES,Combined TRACON& Tower with Radar,55,6,20,14,95,0,28,16,0,44,55,34,36,14,139,0,0,0,139
12/21/2022,MYR,SC,ASO,ES,Combined TRACON& Tower with Radar,51,11,19,14,95,0,19,6,1,26,51,30,25,15,121,6,0,6,127
12/22/2022,MYR,SC,ASO,ES,Combined TRACON& Tower with Radar,54,9,15,2,80,0,4,0,0,4,54,13,15,2,84,0,0,0,84
12/23/2022,MYR,SC,ASO,ES,Combined TRACON& Tower with Radar,47,5,7,0,59,0,2,0,0,2,47,7,7,0,61,0,0,0,61
12/24/2022,MYR,SC,ASO,ES,Combined TRACON& Tower with Radar,32,4,5,0,41,0,37,11,0,48,32,41,16,0,89,2,0,2,91
12/25/2022,MYR,SC,ASO,ES,Combined TRACON& Tower with Radar,41,0,2,0,43,0,0,2,0,2,41,0,4,0,45,0,0,0,45
12/26/2022,MYR,SC,ASO,ES,Combined TRACON& Tower with Radar,40,7,14,0,61,0,94,41,0,135,40,101,55,0,196,46,0,46,242
12/27/2022,MYR,SC,ASO,ES,Combined TRACON& Tower with Radar,40,3,21,12,76,0,90,23,1,114,40,93,44,13,190,38,12,50,240
12/28/2022,MYR,SC,ASO,ES,Combined TRACON& Tower with Radar,39,10,22,8,79,0,147,49,0,196,39,157,71,8,275,74,0,74,349
12/29/2022,MYR,SC,ASO,ES,Combined TRACON& Tower with Radar,46,7,26,9,88,0,183,27,0,210,46,190,53,9,298,92,0,92,390
12/30/2022,MYR,SC,ASO,ES,Combined TRACON& Tower with Radar,52,7,20,0,79,0,234,33,0,267,52,241,53,0,346,26,0,26,372
12/31/2022,MYR,SC,ASO,ES,Combined TRACON& Tower with Radar,39,9,9,0,57,0,38,0,0,38,39,47,9,0,95,0,0,0,95
01/01/2023,MYR,SC,ASO,ES,Combined TRACON& Tower with Radar,42,2,15,0,59,0,228,12,0,240,42,230,27,0,299,38,0,38,337
01/02/2023,MYR,SC,ASO,ES,Combined TRACON& Tower with Radar,56,4,25,2,87,0,120,31,0,151,56,124,56,2,238,48,0,48,286
01/03/2023,MYR,SC,ASO,ES,Combined TRACON& Tower with Radar,48,6,26,28,108,0,42,32,0,74,48,48,58,28,182,70,22,92,274
01/04/2023,MYR,SC,ASO,ES,Combined TRACON& Tower with Radar,43,9,4,17,73,0,33,2,1,36,43,42,6,18,109,6,0,6,115
01/05/2023,MYR,SC,ASO,ES,Combined TRACON& Tower with Radar,49,12,18,39,118,0,56,27,5,88,49,68,45,44,206,40,8,48,254
01/06/2023,MYR,SC,ASO,ES,Combined TRACON& Tower with Radar,44,13,27,40,124,0,54,51,0,105,44,67,78,40,229,104,24,128,357
01/07/2023,MYR,SC,ASO,ES,Combined TRACON& Tower with Radar,42,9,21,11,83,0,94,39,1,134,42,103,60,12,217,50,26,76,293
01/08/2023,MYR,SC,ASO,ES,Combined TRACON& Tower with Radar,49,5,13,3,70,0,37,22,7,66,49,42,35,10,136,22,0,22,158
01/09/2023,MYR,SC,ASO,ES,Combined TRACON& Tower with Radar,50,6,27,19,102,0,12,21,0,33,50,18,48,19,135,32,22,54,189
01/10/2023,MYR,SC,ASO,ES,Combined TRACON& Tower with Radar,50,5,32,19,106,0,24,35,1,60,50,29,67,20,166,60,4,64,230
01/11/2023,MYR,SC,ASO,ES,Combined TRACON& Tower with Radar,45,12,18,29,104,0,22,49,0,71,45,34,67,29,175,74,20,94,269
01/12/2023,MYR,SC,ASO,ES,Combined TRACON& Tower with Radar,52,5,28,45,130,0,21,34,3,58,52,26,62,48,188,16,12,28,216
01/13/2023,MYR,SC,ASO,ES,Combined TRACON& Tower with Radar,51,11,17,5,84,0,16,12,0,28,51,27,29,5,112,62,2,64,176
01/14/2023,MYR,SC,ASO,ES,Combined TRACON& Tower with Radar,39,10,8,2,59,0,50,10,2,62,39,60,18,4,121,2,0,2,123
01/15/2023,MYR,SC,ASO,ES,Combined TRACON& Tower with Radar,42,2,16,2,62,0,126,31,0,157,42,128,47,2,219,0,0,0,219
01/16/2023,MYR,SC,ASO,ES,Combined TRACON& Tower with Radar,51,9,24,0,84,0,56,59,0,115,51,65,83,0,199,54,0,54,253
01/17/2023,MYR,SC,ASO,ES,Combined TRACON& Tower with Radar,46,7,31,20,104,0,14,29,3,46,46,21,60,23,150,80,26,106,256
01/18/2023,MYR,SC,ASO,ES,Combined TRACON& Tower with Radar,48,4,29,47,128,0,21,28,4,53,48,25,57,51,181,34,18,52,233
01/19/2023,MYR,SC,ASO,ES,Combined TRACON& Tower with Radar,49,6,33,39,127,0,16,9,0,25,49,22,42,39,152,0,4,4,156
01/20/2023,MYR,SC,ASO,ES,Combined TRACON& Tower with Radar,51,8,21,18,98,0,21,44,0,65,51,29,65,18,163,30,20,50,213
01/21/2023,MYR,SC,ASO,ES,Combined TRACON& Tower with Radar,41,4,33,0,78,0,91,47,0,138,41,95,80,0,216,32,0,32,248
01/22/2023,MYR,SC,ASO,ES,Combined TRACON& Tower with Radar,48,2,3,0,53,0,0,0,0,0,48,2,3,0,53,0,0,0,53
01/23/2023,MYR,SC,ASO,ES,Combined TRACON& Tower with Radar,47,3,9,23,82,0,19,2,1,22,47,22,11,24,104,0,4,4,108
01/24/2023,MYR,SC,ASO,ES,Combined TRACON& Tower with Radar,47,11,21,13,92,0,34,58,0,92,47,45,79,13,184,0,0,0,184
01/25/2023,MYR,SC,ASO,ES,Combined TRACON& Tower with Radar,47,5,8,11,71,0,4,4,0,8,47,9,12,11,79,6,14,20,99
01/26/2023,MYR,SC,ASO,ES,Combined TRACON& Tower with Radar,51,6,25,20,102,0,26,26,2,54,51,32,51,22,156,0,0,0,156
01/27/2023,MYR,SC,ASO,ES,Combined TRACON& Tower with Radar,50,11,21,12,94,0,32,44,0,76,50,43,65,12,170,0,0,0,170
01/28/2023,MYR,SC,ASO,ES,Combined TRACON& Tower with Radar,41,3,10,1,55,0,76,54,1,131,41,79,64,2,186,0,0,0,186
01/29/2023,MYR,SC,ASO,ES,Combined TRACON& Tower with Radar,50,7,10,1,68,0,46,25,0,71,50,53,35,1,139,0,0,0,139
01/30/2023,MYR,SC,ASO,ES,Combined TRACON& Tower with Radar,49,3,5,6,63,0,0,0,0,0,49,3,5,6,63,0,0,0,63
01/31/2023,MYR,SC,ASO,ES,Combined TRACON& Tower with Radar,43,6,22,12,83,0,0,2,5,7,43,6,24,17,90,2,0,2,92
02/01/2023,MYR,SC,ASO,ES,Combined TRACON& Tower with Radar,45,6,14,54,119,0,22,6,3,31,45,28,20,57,150,20,10,30,180
02/02/2023,MYR,SC,ASO,ES,Combined TRACON& Tower with Radar,50,4,5,0,59,0,0,0,0,0,50,4,5,0,59,0,0,0,59
02/03/2023,MYR,SC,ASO,ES,Combined TRACON& Tower with Radar,50,12,27,3,92,0,15,18,4,37,50,27,45,7,129,20,0,20,149
02/04/2023,MYR,SC,ASO,ES,Combined TRACON& Tower with Radar,40,6,13,1,60,0,46,21,8,75,40,52,34,9,135,26,0,26,161
02/05/2023,MYR,SC,ASO,ES,Combined TRACON& Tower with Radar,46,4,17,1,68,0,6,2,6,14,46,10,19,7,82,0,0,0,82
02/06/2023,MYR,SC,ASO,ES,Combined TRACON& Tower with Radar,52,10,12,2,76,0,72,59,4,135,52,82,71,6,211,60,0,60,271
02/07/2023,MYR,SC,ASO,ES,Combined TRACON& Tower with Radar,50,7,18,10,85,0,68,47,9,124,50,75,65,19,209,106,6,112,321
02/08/2023,MYR,SC,ASO,ES,Combined TRACON& Tower with Radar,56,6,25,21,108,0,20,54,3,77,56,26,79,24,185,36,4,40,225
02/09/2023,MYR,SC,ASO,ES,Combined TRACON& Tower with Radar,59,12,21,67,159,0,35,21,4,60,59,47,42,71,219,24,36,60,279
02/10/2023,MYR,SC,ASO,ES,Combined TRACON& Tower with Radar,64,8,29,9,110,0,48,15,4,67,64,56,44,13,177,10,10,20,197
02/11/2023,MYR,SC,ASO,ES,Combined TRACON& Tower with Radar,53,6,2,6,67,0,68,0,8,76,53,74,2,14,143,0,14,14,157
02/12/2023,MYR,SC,ASO,ES,Combined TRACON& Tower with Radar,53,5,4,0,62,0,36,0,2,38,53,41,4,2,100,0,0,0,100
02/13/2023,MYR,SC,ASO,ES,Combined TRACON& Tower with Radar,59,7,5,8,79,0,51,39,2,92,59,58,44,10,171,54,0,54,225
02/14/2023,MYR,SC,ASO,ES,Combined TRACON& Tower with Radar,54,8,15,16,93,0,80,39,14,133,54,88,54,30,226,28,0,28,254
02/15/2023,MYR,SC,ASO,ES,Combined TRACON& Tower with Radar,56,8,18,31,113,0,58,48,9,115,56,66,66,40,228,70,32,102,330
02/16/2023,MYR,SC,ASO,ES,Combined TRACON& Tower with Radar,62,10,39,4,115,0,49,25,3,77,62,59,64,7,192,30,0,30,222
02/17/2023,MYR,SC,ASO,ES,Combined TRACON& Tower with Radar,60,9,13,16,98,0,32,1,0,33,60,41,14,16,131,8,2,10,141
02/18/2023,MYR,SC,ASO,ES,Combined TRACON& Tower with Radar,54,11,44,0,109,0,192,49,1,242,54,203,93,1,351,26,0,26,377
02/19/2023,MYR,SC,ASO,ES,Combined TRACON& Tower with Radar,61,4,19,0,84,0,164,25,0,189,61,168,44,0,273,16,0,16,289
02/20/2023,MYR,SC,ASO,ES,Combined TRACON& Tower with Radar,60,9,18,0,87,0,126,31,0,157,60,135,49,0,244,20,0,20,264
02/21/2023,MYR,SC,ASO,ES,Combined TRACON& Tower with Radar,59,9,15,13,96,0,60,19,2,81,59,69,34,15,177,14,4,18,195
02/22/2023,MYR,SC,ASO,ES,Combined TRACON& Tower with Radar,56,8,20,56,140,0,81,36,0,117,56,89,56,56,257,42,30,72,329
02/23/2023,MYR,SC,ASO,ES,Combined TRACON& Tower with Radar,62,7,24,27,120,0,106,27,5,138,62,113,51,32,258,0,8,8,266
02/24/2023,MYR,SC,ASO,ES,Combined TRACON& Tower with Radar,61,15,38,15,129,0,94,32,0,126,61,109,70,15,255,50,0,50,305
02/25/2023,MYR,SC,ASO,ES,Combined TRACON& Tower with Radar,55,16,10,13,94,0,63,0,2,65,55,79,10,15,159,0,0,0,159
02/26/2023,MYR,SC,ASO,ES,Combined TRACON& Tower with Radar,60,6,44,6,116,0,4,2,1,7,60,10,46,7,123,0,0,0,123
02/27/2023,MYR,SC,ASO,ES,Combined TRACON& Tower with Radar,58,3,17,7,85,0,0,2,0,2,58,3,19,7,87,0,0,0,87
02/28/2023,MYR,SC,ASO,ES,Combined TRACON& Tower with Radar,52,8,47,21,128,0,76,53,5,134,52,84,100,26,262,28,40,68,330
03/01/2023,MYR,SC,ASO,ES,Combined TRACON& Tower with Radar,58,16,20,50,144,0,105,36,2,143,58,121,56,52,287,74,10,84,371
03/02/2023,MYR,SC,ASO,ES,Combined TRACON& Tower with Radar,64,21,37,35,157,0,37,16,1,54,64,58,53,36,211,6,48,54,265
03/03/2023,MYR,SC,ASO,ES,Combined TRACON& Tower with Radar,61,13,22,41,137,0,66,8,4,78,61,79,30,45,215,52,12,64,279
03/04/2023,MYR,SC,ASO,ES,Combined TRACON& Tower with Radar,52,5,24,4,85,0,191,25,0,216,52,196,49,4,301,36,0,36,337
03/05/2023,MYR,SC,ASO,ES,Combined TRACON& Tower with Radar,60,11,27,1,99,0,201,39,0,240,60,212,66,1,339,24,0,24,363
03/06/2023,MYR,SC,ASO,ES,Combined TRACON& Tower with Radar,62,9,16,20,107,0,112,49,0,161,62,121,65,20,268,102,26,128,396
03/07/2023,MYR,SC,ASO,ES,Combined TRACON& Tower with Radar,57,5,26,11,99,0,112,27,6,145,57,117,53,17,244,28,6,34,278
03/08/2023,MYR,SC,ASO,ES,Combined TRACON& Tower with Radar,60,6,16,24,106,0,100,29,7,136,60,106,45,31,242,28,4,32,274
03/09/2023,MYR,SC,ASO,ES,Combined TRACON& Tower with Radar,64,7,31,43,145,0,118,49,1,168,64,125,80,44,313,72,24,96,409
03/10/2023,MYR,SC,ASO,ES,Combined TRACON& Tower with Radar,66,8,15,5,94,0,0,0,0,0,66,8,15,5,94,6,0,6,100
03/11/2023,MYR,SC,ASO,ES,Combined TRACON& Tower with Radar,57,8,19,0,84,0,225,35,0,260,57,233,54,0,344,16,0,16,360
03/12/2023,MYR,SC,ASO,ES,Combined TRACON& Tower with Radar,65,7,14,0,86,0,82,3,1,86,65,89,17,1,172,14,0,14,186
03/13/2023,MYR,SC,ASO,ES,Combined TRACON& Tower with Radar,64,15,19,45,143,0,47,4,0,51,64,62,23,45,194,38,12,50,244
03/14/2023,MYR,SC,ASO,ES,Combined TRACON& Tower with Radar,52,7,22,14,95,0,249,34,0,283,52,256,56,14,378,76,16,92,470
03/15/2023,MYR,SC,ASO,ES,Combined TRACON& Tower with Radar,61,4,16,12,93,0,190,44,0,234,61,194,60,12,327,38,0,38,365
03/16/2023,MYR,SC,ASO,ES,Combined TRACON& Tower with Radar,66,14,38,40,158,0,202,47,1,250,66,216,85,41,408,0,0,0,408
03/17/2023,MYR,SC,ASO,ES,Combined TRACON& Tower with Radar,63,6,18,27,114,0,179,14,2,195,63,185,32,29,309,16,0,16,325
03/18/2023,MYR,SC,ASO,ES,Combined TRACON& Tower with Radar,61,4,6,4,75,0,104,10,0,114,61,108,16,4,189,4,0,4,193
03/19/2023,MYR,SC,ASO,ES,Combined TRACON& Tower with Radar,66,3,20,1,90,0,228,45,0,273,66,231,65,1,363,32,0,32,395
03/20/2023,MYR,SC,ASO,ES,Combined TRACON& Tower with Radar,67,8,15,24,114,0,68,31,0,99,67,76,46,24,213,46,16,62,275
03/21/2023,MYR,SC,ASO,ES,Combined TRACON& Tower with Radar,60,7,29,8,104,0,138,55,0,193,60,145,84,8,297,86,0,86,383
03/22/2023,MYR,SC,ASO,ES,Combined TRACON& Tower with Radar,62,20,18,10,110,0,113,24,0,137,62,133,42,10,247,74,4,78,325
03/23/2023,MYR,SC,ASO,ES,Combined TRACON& Tower with Radar,69,12,41,16,138,0,124,36,0,160,69,136,77,16,298,32,2,34,332
03/24/2023,MYR,SC,ASO,ES,Combined TRACON& Tower with Radar,66,22,32,7,127,0,175,59,1,235,66,197,91,8,362,50,26,76,438
03/25/2023,MYR,SC,ASO,ES,Combined TRACON& Tower with Radar,63,6,14,0,83,0,184,11,0,195,63,190,25,0,278,10,0,10,288
03/26/2023,MYR,SC,ASO,ES,Combined TRACON& Tower with Radar,62,4,14,0,80,0,198,3,0,201,62,202,17,0,281,2,0,2,283
03/27/2023,MYR,SC,ASO,ES,Combined TRACON& Tower with Radar,70,6,24,17,117,0,73,13,1,87,70,79,37,18,204,2,0,2,206
03/28/2023,MYR,SC,ASO,ES,Combined TRACON& Tower with Radar,59,9,32,13,113,0,172,36,2,210,59,181,68,15,323,28,0,28,351
03/29/2023,MYR,SC,ASO,ES,Combined TRACON& Tower with Radar,64,9,30,16,119,0,191,32,0,223,64,200,62,16,342,80,0,80,422
03/30/2023,MYR,SC,ASO,ES,Combined TRACON& Tower with Radar,72,15,35,22,144,0,156,58,1,215,72,171,93,23,359,76,28,104,463
03/31/2023,MYR,SC,ASO,ES,Combined TRACON& Tower with Radar,71,14,25,9,119,0,153,46,2,201,71,167,71,11,320,58,2,60,380
04/01/2023,MYR,SC,ASO,ES,Combined TRACON& Tower with Radar,73,14,23,1,111,0,320,14,3,337,73,334,37,4,448,0,0,0,448
04/02/2023,MYR,SC,ASO,ES,Combined TRACON& Tower with Radar,73,4,25,4,106,0,402,32,1,435,73,406,57,5,541,26,0,26,567
04/03/2023,MYR,SC,ASO,ES,Combined TRACON& Tower with Radar,74,8,19,21,122,0,261,43,0,304,74,269,62,21,426,84,12,96,522
04/04/2023,MYR,SC,ASO,ES,Combined TRACON& Tower with Radar,82,7,28,5,122,0,337,43,1,381,82,344,71,6,503,88,0,88,591
04/05/2023,MYR,SC,ASO,ES,Combined TRACON& Tower with Radar,79,19,32,6,136,0,302,42,4,348,79,321,74,10,484,64,10,74,558
04/06/2023,MYR,SC,ASO,ES,Combined TRACON& Tower with Radar,86,10,29,32,157,0,401,18,5,424,86,411,47,37,581,84,2,86,667
04/07/2023,MYR,SC,ASO,ES,Combined TRACON& Tower with Radar,91,15,26,5,137,0,371,23,0,394,91,386,49,5,531,56,2,58,589
04/08/2023,MYR,SC,ASO,ES,Combined TRACON& Tower with Radar,78,6,12,0,96,0,0,0,0,0,78,6,12,0,96,0,0,0,96
04/09/2023,MYR,SC,ASO,ES,Combined TRACON& Tower with Radar,91,10,8,0,109,0,214,2,0,216,91,224,10,0,325,0,0,0,325
04/10/2023,MYR,SC,ASO,ES,Combined TRACON& Tower with Radar,92,11,16,0,119,0,235,43,0,278,92,246,59,0,397,14,0,14,411
04/11/2023,MYR,SC,ASO,ES,Combined TRACON& Tower with Radar,80,12,25,21,138,0,272,64,3,339,80,284,89,24,477,32,30,62,539
04/12/2023,MYR,SC,ASO,ES,Combined TRACON& Tower with Radar,76,11,16,45,148,0,340,57,2,399,76,351,73,47,547,100,12,112,659
04/13/2023,MYR,SC,ASO,ES,Combined TRACON& Tower with Radar,83,13,41,4,141,0,311,51,0,362,83,324,92,4,503,36,0,36,539
04/14/2023,MYR,SC,ASO,ES,Combined TRACON& Tower with Radar,88,18,17,4,127,0,228,11,0,239,88,246,28,4,366,12,0,12,378
04/15/2023,MYR,SC,ASO,ES,Combined TRACON& Tower with Radar,81,9,30,9,129,0,399,39,0,438,81,408,69,9,567,26,8,34,601
04/16/2023,MYR,SC,ASO,ES,Combined TRACON& Tower with Radar,89,7,15,0,111,0,242,14,0,256,89,249,29,0,367,20,0,20,387
04/17/2023,MYR,SC,ASO,ES,Combined TRACON& Tower with Radar,90,5,22,20,137,0,104,39,0,143,90,109,61,20,280,34,14,48,328
04/18/2023,MYR,SC,ASO,ES,Combined TRACON& Tower with Radar,82,5,26,19,132,0,165,53,0,218,82,170,79,19,350,0,0,0,350
04/19/2023,MYR,SC,ASO,ES,Combined TRACON& Tower with Radar,83,9,27,16,135,0,150,53,0,203,83,159,80,16,338,56,20,76,414
04/20/2023,MYR,SC,ASO,ES,Combined TRACON& Tower with Radar,90,6,27,20,143,0,144,69,0,213,90,150,96,20,356,52,8,60,416
04/21/2023,MYR,SC,ASO,ES,Combined TRACON& Tower with Radar,102,8,29,3,142,1,213,60,0,274,103,221,89,3,416,42,0,42,458
04/22/2023,MYR,SC,ASO,ES,Combined TRACON& Tower with Radar,87,9,9,0,105,0,145,4,0,149,87,154,13,0,254,0,0,0,254
04/23/2023,MYR,SC,ASO,ES,Combined TRACON& Tower with Radar,95,5,32,0,132,0,272,39,0,311,95,277,71,0,443,48,0,48,491
04/24/2023,MYR,SC,ASO,ES,Combined TRACON& Tower with Radar,99,10,16,5,130,0,186,38,1,225,99,196,54,6,355,54,2,56,411
04/25/2023,MYR,SC,ASO,ES,Combined TRACON& Tower with Radar,90,11,21,15,137,0,150,26,1,177,90,161,47,16,314,10,2,12,326
04/26/2023,MYR,SC,ASO,ES,Combined TRACON& Tower with Radar,87,8,13,9,117,0,141,16,8,165,87,149,29,17,282,40,0,40,322
04/27/2023,MYR,SC,ASO,ES,Combined TRACON& Tower with Radar,90,15,41,13,159,0,110,4,0,114,90,125,45,13,273,2,0,2,275
04/28/2023,MYR,SC,ASO,ES,Combined TRACON& Tower with Radar,103,12,20,8,143,0,131,7,0,138,103,143,27,8,281,12,0,12,293
04/29/2023,MYR,SC,ASO,ES,Combined TRACON& Tower with Radar,89,8,25,10,132,0,315,42,0,357,89,323,67,10,489,8,0,8,497
04/30/2023,MYR,SC,ASO,ES,Combined TRACON& Tower with Radar,95,4,7,0,106,0,112,2,2,116,95,116,9,2,222,0,0,0,222
05/01/2023,MYR,SC,ASO,ES,Combined TRACON& Tower with Radar,102,7,11,7,127,0,116,13,0,129,102,123,24,7,256,8,4,12,268
05/02/2023,MYR,SC,ASO,ES,Combined TRACON& Tower with Radar,82,9,13,0,104,0,78,22,2,102,82,87,35,2,206,10,0,10,216
05/03/2023,MYR,SC,ASO,ES,Combined TRACON& Tower with Radar,85,13,23,29,150,0,98,19,3,120,85,111,42,32,270,34,14,48,318
05/04/2023,MYR,SC,ASO,ES,Combined TRACON& Tower with Radar,86,11,26,24,147,0,117,70,3,190,86,128,96,27,337,64,34,98,435
05/05/2023,MYR,SC,ASO,ES,Combined TRACON& Tower with Radar,100,11,45,36,192,0,156,50,0,206,100,167,95,36,398,84,22,106,504
05/06/2023,MYR,SC,ASO,ES,Combined TRACON& Tower with Radar,85,9,16,0,110,0,297,37,0,334,85,306,53,0,444,46,0,46,490
05/07/2023,MYR,SC,ASO,ES,Combined TRACON& Tower with Radar,89,3,19,11,122,0,245,28,0,273,89,248,47,11,395,4,6,10,405
05/08/2023,MYR,SC,ASO,ES,Combined TRACON& Tower with Radar,95,10,15,15,135,0,128,29,6,163,95,138,44,21,298,0,0,0,298
05/09/2023,MYR,SC,ASO,ES,Combined TRACON& Tower with Radar,82,10,20,23,135,0,148,39,0,187,82,158,59,23,322,30,10,40,362
05/10/2023,MYR,SC,ASO,ES,Combined TRACON& Tower with Radar,91,15,37,6,149,0,113,41,1,155,91,128,78,7,304,86,0,86,390
05/11/2023,MYR,SC,ASO,ES,Combined TRACON& Tower with Radar,93,16,30,25,164,0,143,41,1,185,93,159,71,26,349,40,8,48,397
05/12/2023,MYR,SC,ASO,ES,Combined TRACON& Tower with Radar,97,9,23,7,136,0,155,49,0,204,97,164,72,7,340,12,0,12,352
05/13/2023,MYR,SC,ASO,ES,Combined TRACON& Tower with Radar,86,14,23,0,123,0,381,28,0,409,86,395,51,0,532,16,0,16,548
05/14/2023,MYR,SC,ASO,ES,Combined TRACON& Tower with Radar,92,12,15,7,126,0,265,5,0,270,92,277,20,7,396,0,0,0,396
05/15/2023,MYR,SC,ASO,ES,Combined TRACON& Tower with Radar,93,11,17,35,156,0,202,41,0,243,93,213,58,35,399,4,30,34,433
05/16/2023,MYR,SC,ASO,ES,Combined TRACON& Tower with Radar,83,14,39,37,173,0,196,31,1,228,83,210,70,38,401,44,16,60,461
05/17/2023,MYR,SC,ASO,ES,Combined TRACON& Tower with Radar,86,8,27,12,133,0,169,34,1,204,86,177,61,13,337,36,0,36,373
05/18/2023,MYR,SC,ASO,ES,Combined TRACON& Tower with Radar,93,8,18,6,125,0,27,2,2,31,93,35,20,8,156,0,0,0,156
05/19/2023,MYR,SC,ASO,ES,Combined TRACON& Tower with Radar,101,24,44,4,173,0,87,8,0,95,101,111,52,4,268,0,0,0,268
05/20/2023,MYR,SC,ASO,ES,Combined TRACON& Tower with Radar,87,10,23,2,122,0,348,10,0,358,87,358,33,2,480,14,0,14,494
05/21/2023,MYR,SC,ASO,ES,Combined TRACON& Tower with Radar,89,7,20,0,116,0,243,8,0,251,89,250,28,0,367,0,0,0,367
05/22/2023,MYR,SC,ASO,ES,Combined TRACON& Tower with Radar,107,12,23,14,156,0,193,36,0,229,107,205,59,14,385,36,12,48,433
05/23/2023,MYR,SC,ASO,ES,Combined TRACON& Tower with Radar,85,12,28,29,154,0,207,35,0,242,85,219,63,29,396,8,6,14,410
05/24/2023,MYR,SC,ASO,ES,Combined TRACON& Tower with Radar,82,13,32,11,138,0,228,54,6,288,82,241,86,17,426,28,12,40,466
05/25/2023,MYR,SC,ASO,ES,Combined TRACON& Tower with Radar,93,15,28,6,142,0,165,14,5,184,93,180,42,11,326,6,0,6,332
05/26/2023,MYR,SC,ASO,ES,Combined TRACON& Tower with Radar,105,14,27,6,152,0,88,5,0,93,105,102,32,6,245,0,0,0,245
05/27/2023,MYR,SC,ASO,ES,Combined TRACON& Tower with Radar,96,14,7,0,117,0,0,0,0,0,96,14,7,0,117,0,0,0,117
05/28/2023,MYR,SC,ASO,ES,Combined TRACON& Tower with Radar,96,5,14,0,115,0,174,0,9,183,96,179,14,9,298,0,0,0,298
05/29/2023,MYR,SC,ASO,ES,Combined TRACON& Tower with Radar,101,9,23,8,141,0,458,13,3,474,101,467,36,11,615,64,0,64,679
05/30/2023,MYR,SC,ASO,ES,Combined TRACON& Tower with Radar,85,11,34,4,134,0,246,41,0,287,85,257,75,4,421,86,0,86,507
05/31/2023,MYR,SC,ASO,ES,Combined TRACON& Tower with Radar,88,12,31,28,159,0,211,10,0,221,88,223,41,28,380,44,18,62,442
06/01/2023,MYR,SC,ASO,ES,Combined TRACON& Tower with Radar,98,14,36,30,178,0,213,29,1,243,98,227,65,31,421,40,20,60,481
06/02/2023,MYR,SC,ASO,ES,Combined TRACON& Tower with Radar,110,13,31,10,164,0,133,10,1,144,110,146,41,11,308,32,0,32,340
06/03/2023,MYR,SC,ASO,ES,Combined TRACON& Tower with Radar,115,12,18,10,155,0,360,27,2,389,115,372,45,12,544,70,0,70,614
06/04/2023,MYR,SC,ASO,ES,Combined TRACON& Tower with Radar,115,8,31,1,155,0,219,1,0,220,115,227,32,1,375,0,0,0,375
06/05/2023,MYR,SC,ASO,ES,Combined TRACON& Tower with Radar,111,11,15,14,151,0,251,44,0,295,111,262,59,14,446,12,8,20,466
06/06/2023,MYR,SC,ASO,ES,Combined TRACON& Tower with Radar,83,11,30,13,137,0,216,38,0,254,83,227,68,13,391,4,22,26,417
06/07/2023,MYR,SC,ASO,ES,Combined TRACON& Tower with Radar,86,23,42,15,166,0,209,28,2,239,86,232,70,17,405,22,0,22,427
06/08/2023,MYR,SC,ASO,ES,Combined TRACON& Tower with Radar,102,15,28,8,153,0,291,48,3,342,102,306,76,11,495,22,4,26,521
06/09/2023,MYR,SC,ASO,ES,Combined TRACON& Tower with Radar,108,22,37,19,186,0,317,52,4,373,108,339,89,23,559,44,4,48,607
06/10/2023,MYR,SC,ASO,ES,Combined TRACON& Tower with Radar,134,9,31,0,174,0,362,50,4,416,134,371,81,4,590,4,0,4,594
06/11/2023,MYR,SC,ASO,ES,Combined TRACON& Tower with Radar,114,6,26,4,150,0,368,12,0,380,114,374,38,4,530,0,0,0,530
06/12/2023,MYR,SC,ASO,ES,Combined TRACON& Tower with Radar,107,8,8,3,126,0,192,7,3,202,107,200,15,6,328,30,0,30,358
06/13/2023,MYR,SC,ASO,ES,Combined TRACON& Tower with Radar,85,9,28,29,151,0,250,35,1,286,85,259,63,30,437,40,0,40,477
06/14/2023,MYR,SC,ASO,ES,Combined TRACON& Tower with Radar,86,11,17,18,132,1,197,16,0,214,87,208,33,18,346,0,0,0,346
06/15/2023,MYR,SC,ASO,ES,Combined TRACON& Tower with Radar,91,12,14,0,117,10,299,8,0,317,101,311,22,0,434,0,0,0,434
06/16/2023,MYR,SC,ASO,ES,Combined TRACON& Tower with Radar,90,12,13,1,116,8,170,11,1,190,98,182,24,2,306,0,0,0,306
06/17/2023,MYR,SC,ASO,ES,Combined TRACON& Tower with Radar,146,6,19,1,172,0,460,34,1,495,146,466,53,2,667,10,0,10,677
06/18/2023,MYR,SC,ASO,ES,Combined TRACON& Tower with Radar,107,8,20,0,135,0,501,23,0,524,107,509,43,0,659,12,0,12,671
06/19/2023,MYR,SC,ASO,ES,Combined TRACON& Tower with Radar,104,10,33,2,149,0,317,14,0,331,104,327,47,2,480,32,0,32,512
06/20/2023,MYR,SC,ASO,ES,Combined TRACON& Tower with Radar,81,10,19,4,114,0,206,8,0,214,81,216,27,4,328,8,0,8,336
06/21/2023,MYR,SC,ASO,ES,Combined TRACON& Tower with Radar,89,13,21,28,151,0,300,2,1,303,89,313,23,29,454,24,6,30,484
06/22/2023,MYR,SC,ASO,ES,Combined TRACON& Tower with Radar,97,15,19,22,153,0,201,3,1,205,97,216,22,23,358,6,14,20,378
06/23/2023,MYR,SC,ASO,ES,Combined TRACON& Tower with Radar,105,19,26,9,159,0,256,10,0,266,105,275,36,9,425,42,2,44,469
06/24/2023,MYR,SC,ASO,ES,Combined TRACON& Tower with Radar,149,13,35,0,197,0,410,33,1,444,149,423,68,1,641,2,0,2,643
06/25/2023,MYR,SC,ASO,ES,Combined TRACON& Tower with Radar,112,9,26,2,149,0,447,25,1,473,112,456,51,3,622,0,0,0,622
06/26/2023,MYR,SC,ASO,ES,Combined TRACON& Tower with Radar,100,11,22,39,172,0,228,28,4,260,100,239,50,43,432,30,18,48,480
06/27/2023,MYR,SC,ASO,ES,Combined TRACON& Tower with Radar,74,8,25,38,145,0,331,44,1,376,74,339,69,39,521,12,10,22,543
06/28/2023,MYR,SC,ASO,ES,Combined TRACON& Tower with Radar,90,13,26,50,179,0,403,54,4,461,90,416,80,54,640,18,42,60,700
06/29/2023,MYR,SC,ASO,ES,Combined TRACON& Tower with Radar,107,16,23,13,159,0,418,57,0,475,107,434,80,13,634,0,2,2,636
06/30/2023,MYR,SC,ASO,ES,Combined TRACON& Tower with Radar,103,22,32,13,170,0,394,51,0,445,103,416,83,13,615,56,0,56,671
07/01/2023,MYR,SC,ASO,ES,Combined TRACON& Tower with Radar,152,11,32,0,195,0,536,13,0,549,152,547,45,0,744,32,0,32,776
07/02/2023,MYR,SC,ASO,ES,Combined TRACON& Tower with Radar,122,11,18,0,151,0,692,18,0,710,122,703,36,0,861,0,0,0,861
07/03/2023,MYR,SC,ASO,ES,Combined TRACON& Tower with Radar,103,9,8,0,120,0,662,41,0,703,103,671,49,0,823,0,0,0,823
07/04/2023,MYR,SC,ASO,ES,Combined TRACON& Tower with Radar,64,6,6,0,76,0,751,10,2,763,64,757,16,2,839,0,0,0,839
07/05/2023,MYR,SC,ASO,ES,Combined TRACON& Tower with Radar,94,11,18,32,155,0,439,17,0,456,94,450,35,32,611,0,0,0,611
07/06/2023,MYR,SC,ASO,ES,Combined TRACON& Tower with Radar,110,17,30,31,188,0,728,20,0,748,110,745,50,31,936,0,0,0,936
07/07/2023,MYR,SC,ASO,ES,Combined TRACON& Tower with Radar,109,14,35,3,161,0,700,32,0,732,109,714,67,3,893,0,0,0,893
07/08/2023,MYR,SC,ASO,ES,Combined TRACON& Tower with Radar,152,14,17,10,193,0,510,15,0,525,152,524,32,10,718,0,0,0,718
07/09/2023,MYR,SC,ASO,ES,Combined TRACON& Tower with Radar,108,8,16,2,134,0,491,13,0,504,108,499,29,2,638,0,0,0,638
07/10/2023,MYR,SC,ASO,ES,Combined TRACON& Tower with Radar,106,10,16,3,135,0,133,6,1,140,106,143,22,4,275,0,0,0,275
07/11/2023,MYR,SC,ASO,ES,Combined TRACON& Tower with Radar,82,15,25,20,142,0,403,50,0,453,82,418,75,20,595,0,0,0,595
07/12/2023,MYR,SC,ASO,ES,Combined TRACON& Tower with Radar,96,10,22,10,138,0,426,36,1,463,96,436,58,11,601,0,0,0,601
07/13/2023,MYR,SC,ASO,ES,Combined TRACON& Tower with Radar,105,15,33,23,176,0,422,45,0,467,105,437,78,23,643,0,0,0,643
07/14/2023,MYR,SC,ASO,ES,Combined TRACON& Tower with Radar,102,9,33,16,160,0,468,16,0,484,102,477,49,16,644,0,0,0,644
07/15/2023,MYR,SC,ASO,ES,Combined TRACON& Tower with Radar,151,14,25,15,205,0,592,14,1,607,151,606,39,16,812,0,0,0,812
07/16/2023,MYR,SC,ASO,ES,Combined TRACON& Tower with Radar,108,5,20,12,145,0,566,17,1,584,108,571,37,13,729,0,0,0,729
07/17/2023,MYR,SC,ASO,ES,Combined TRACON& Tower with Radar,116,11,19,4,150,0,421,38,0,459,116,432,57,4,609,0,0,0,609
07/18/2023,MYR,SC,ASO,ES,Combined TRACON& Tower with Radar,77,9,29,23,138,0,407,47,1,455,77,416,76,24,593,0,0,0,593
07/19/2023,MYR,SC,ASO,ES,Combined TRACON& Tower with Radar,97,7,22,24,150,0,445,19,0,464,97,452,41,24,614,0,0,0,614
07/20/2023,MYR,SC,ASO,ES,Combined TRACON& Tower with Radar,106,12,16,6,140,0,500,27,2,529,106,512,43,8,669,0,0,0,669
07/21/2023,MYR,SC,ASO,ES,Combined TRACON& Tower with Radar,121,15,19,9,164,0,569,38,0,607,121,584,57,9,771,0,0,0,771
07/22/2023,MYR,SC,ASO,ES,Combined TRACON& Tower with Radar,156,9,29,0,194,0,652,29,0,681,156,661,58,0,875,0,0,0,875
07/23/2023,MYR,SC,ASO,ES,Combined TRACON& Tower with Radar,125,7,25,1,158,0,618,13,0,631,125,625,38,1,789,0,0,0,789
07/24/2023,MYR,SC,ASO,ES,Combined TRACON& Tower with Radar,113,20,24,4,161,0,298,14,2,314,113,318,38,6,475,0,0,0,475
07/25/2023,MYR,SC,ASO,ES,Combined TRACON& Tower with Radar,77,9,15,16,117,0,349,28,3,380,77,358,43,19,497,0,0,0,497
07/26/2023,MYR,SC,ASO,ES,Combined TRACON& Tower with Radar,95,13,23,26,157,0,414,38,6,458,95,427,61,32,615,0,0,0,615
07/27/2023,MYR,SC,ASO,ES,Combined TRACON& Tower with Radar,102,15,25,24,166,0,375,33,0,408,102,390,58,24,574,0,0,0,574
07/28/2023,MYR,SC,ASO,ES,Combined TRACON& Tower with Radar,115,21,23,5,164,0,485,15,1,501,115,506,38,6,665,0,0,0,665
07/29/2023,MYR,SC,ASO,ES,Combined TRACON& Tower with Radar,153,25,16,0,194,0,460,12,0,472,153,485,28,0,666,0,0,0,666
07/30/2023,MYR,SC,ASO,ES,Combined TRACON& Tower with Radar,97,7,24,10,138,0,446,26,0,472,97,453,50,10,610,0,0,0,610
07/31/2023,MYR,SC,ASO,ES,Combined TRACON& Tower with Radar,102,10,7,0,119,0,299,16,0,315,102,309,23,0,434,0,0,0,434
08/01/2023,MYR,SC,ASO,ES,Combined TRACON& Tower with Radar,72,7,20,24,123,0,405,34,2,441,72,412,54,26,564,42,24,66,630
08/02/2023,MYR,SC,ASO,ES,Combined TRACON& Tower with Radar,82,9,19,18,128,0,397,52,2,451,82,406,71,20,579,50,2,52,631
08/03/2023,MYR,SC,ASO,ES,Combined TRACON& Tower with Radar,106,12,32,33,183,0,382,38,1,421,106,394,70,34,604,4,6,10,614
08/04/2023,MYR,SC,ASO,ES,Combined TRACON& Tower with Radar,109,17,17,1,144,0,44,10,0,54,109,61,27,1,198,20,0,20,218
08/05/2023,MYR,SC,ASO,ES,Combined TRACON& Tower with Radar,132,20,19,9,180,0,451,22,2,475,132,471,41,11,655,34,0,34,689
08/06/2023,MYR,SC,ASO,ES,Combined TRACON& Tower with Radar,113,5,20,1,139,0,502,18,0,520,113,507,38,1,659,0,0,0,659
08/07/2023,MYR,SC,ASO,ES,Combined TRACON& Tower with Radar,100,5,10,21,136,0,364,21,0,385,100,369,31,21,521,6,18,24,545
08/08/2023,MYR,SC,ASO,ES,Combined TRACON& Tower with Radar,83,6,26,11,126,0,325,26,1,352,83,331,52,12,478,30,0,30,508
08/09/2023,MYR,SC,ASO,ES,Combined TRACON& Tower with Radar,86,11,28,17,142,0,395,44,0,439,86,406,72,17,581,54,4,58,639
08/10/2023,MYR,SC,ASO,ES,Combined TRACON& Tower with Radar,103,14,18,14,149,0,315,25,6,346,103,329,43,20,495,12,0,12,507
08/11/2023,MYR,SC,ASO,ES,Combined TRACON& Tower with Radar,118,15,29,3,165,0,282,31,0,313,118,297,60,3,478,14,0,14,492
08/12/2023,MYR,SC,ASO,ES,Combined TRACON& Tower with Radar,153,4,24,7,188,0,496,25,0,521,153,500,49,7,709,4,0,4,713
08/13/2023,MYR,SC,ASO,ES,Combined TRACON& Tower with Radar,112,8,13,0,133,0,538,14,0,552,112,546,27,0,685,28,0,28,713
08/14/2023,MYR,SC,ASO,ES,Combined TRACON& Tower with Radar,113,10,15,9,147,0,306,32,1,339,113,316,47,10,486,11,0,11,497
08/15/2023,MYR,SC,ASO,ES,Combined TRACON& Tower with Radar,85,7,18,4,114,0,423,24,3,450,85,430,42,7,564,24,0,24,588
08/16/2023,MYR,SC,ASO,ES,Combined TRACON& Tower with Radar,83,10,28,0,121,0,305,31,2,338,83,315,59,2,459,10,0,10,469
08/17/2023,MYR,SC,ASO,ES,Combined TRACON& Tower with Radar,94,13,18,14,139,0,339,30,1,370,94,352,48,15,509,32,14,46,555
08/18/2023,MYR,SC,ASO,ES,Combined TRACON& Tower with Radar,100,9,18,3,130,0,482,26,0,508,100,491,44,3,638,46,0,46,684
08/19/2023,MYR,SC,ASO,ES,Combined TRACON& Tower with Radar,122,13,12,1,148,0,586,27,0,613,122,599,39,1,761,18,0,18,779
08/20/2023,MYR,SC,ASO,ES,Combined TRACON& Tower with Radar,101,11,20,0,132,0,325,8,0,333,101,336,28,0,465,0,0,0,465
08/21/2023,MYR,SC,ASO,ES,Combined TRACON& Tower with Radar,100,11,19,18,148,0,282,17,2,301,100,293,36,20,449,36,0,36,485
08/22/2023,MYR,SC,ASO,ES,Combined TRACON& Tower with Radar,79,9,15,25,128,0,312,34,2,348,79,321,49,27,476,28,12,40,516
08/23/2023,MYR,SC,ASO,ES,Combined TRACON& Tower with Radar,84,19,11,23,137,0,339,44,0,383,84,358,55,23,520,14,0,14,534
08/24/2023,MYR,SC,ASO,ES,Combined TRACON& Tower with Radar,89,14,16,16,135,0,316,32,2,350,89,330,48,18,485,38,10,48,533
08/25/2023,MYR,SC,ASO,ES,Combined TRACON& Tower with Radar,98,14,35,20,167,0,289,46,0,335,98,303,81,20,502,18,0,18,520
08/26/2023,MYR,SC,ASO,ES,Combined TRACON& Tower with Radar,112,13,17,4,146,0,351,14,1,366,112,364,31,5,512,14,2,16,528
08/27/2023,MYR,SC,ASO,ES,Combined TRACON& Tower with Radar,89,8,23,6,126,0,349,8,3,360,89,357,31,9,486,0,0,0,486
08/28/2023,MYR,SC,ASO,ES,Combined TRACON& Tower with Radar,97,21,19,10,147,0,172,25,0,197,97,193,44,10,344,0,0,0,344
08/29/2023,MYR,SC,ASO,ES,Combined TRACON& Tower with Radar,85,12,27,28,152,0,166,27,0,193,85,178,54,28,345,12,0,12,357
08/30/2023,MYR,SC,ASO,ES,Combined TRACON& Tower with Radar,76,8,6,0,90,0,22,0,0,22,76,30,6,0,112,4,0,4,116
08/31/2023,MYR,SC,ASO,ES,Combined TRACON& Tower with Radar,72,8,4,2,86,0,116,11,0,127,72,124,15,2,213,10,0,10,223
