01/01/2020,NEW,LA,ASW,CE,Towers with Radar,0,11,59,0,70,0,3,62,0,65,0,14,121,0,135,10,34,44,179
01/02/2020,NEW,LA,ASW,CE,Towers with Radar,0,17,72,1,90,0,1,0,1,2,0,18,72,2,92,12,0,12,104
01/03/2020,NEW,LA,ASW,CE,Towers with Radar,0,6,42,1,49,0,0,5,0,5,0,6,47,1,54,16,0,16,70
01/04/2020,NEW,LA,ASW,CE,Towers with Radar,0,5,60,9,74,0,9,94,1,104,0,14,154,10,178,120,0,120,298
01/05/2020,NEW,LA,ASW,CE,Towers with Radar,0,7,116,0,123,0,9,93,1,103,0,16,209,1,226,98,30,128,354
01/06/2020,NEW,LA,ASW,CE,Towers with Radar,0,2,53,0,55,0,1,42,2,45,0,3,95,2,100,58,8,66,166
01/07/2020,NEW,LA,ASW,CE,Towers with Radar,0,4,38,3,45,0,3,64,2,69,0,7,102,5,114,92,0,92,206
01/08/2020,NEW,LA,ASW,CE,Towers with Radar,0,5,36,4,45,0,6,56,6,68,0,11,92,10,113,156,18,174,287
01/09/2020,NEW,LA,ASW,CE,Towers with Radar,0,4,58,12,74,0,5,32,0,37,0,9,90,12,111,138,0,138,249
01/10/2020,NEW,LA,ASW,CE,Towers with Radar,0,9,52,3,64,0,2,3,1,6,0,11,55,4,70,2,0,2,72
01/11/2020,NEW,LA,ASW,CE,Towers with Radar,0,15,48,0,63,0,6,16,0,22,0,21,64,0,85,4,0,4,89
01/12/2020,NEW,LA,ASW,CE,Towers with Radar,0,39,155,0,194,0,0,17,1,18,0,39,172,1,212,48,0,48,260
01/13/2020,NEW,LA,ASW,CE,Towers with Radar,0,32,78,0,110,0,0,0,0,0,0,32,78,0,110,0,0,0,110
01/14/2020,NEW,LA,ASW,CE,Towers with Radar,0,82,218,2,302,0,0,19,0,19,0,82,237,2,321,42,0,42,363
01/15/2020,NEW,LA,ASW,CE,Towers with Radar,0,12,69,2,83,0,1,19,0,20,0,13,88,2,103,112,0,112,215
01/16/2020,NEW,LA,ASW,CE,Towers with Radar,0,8,49,0,57,0,1,7,0,8,0,9,56,0,65,74,0,74,139
01/17/2020,NEW,LA,ASW,CE,Towers with Radar,0,16,71,3,90,0,7,47,2,56,0,23,118,5,146,82,0,82,228
01/18/2020,NEW,LA,ASW,CE,Towers with Radar,0,5,45,2,52,0,5,47,0,52,0,10,92,2,104,106,0,106,210
01/19/2020,NEW,LA,ASW,CE,Towers with Radar,0,12,55,2,69,0,9,60,1,70,0,21,115,3,139,60,0,60,199
01/20/2020,NEW,LA,ASW,CE,Towers with Radar,0,7,49,0,56,0,5,65,0,70,0,12,114,0,126,84,0,84,210
01/21/2020,NEW,LA,ASW,CE,Towers with Radar,0,10,46,8,64,0,10,50,2,62,0,20,96,10,126,58,8,66,192
01/22/2020,NEW,LA,ASW,CE,Towers with Radar,0,7,55,2,64,0,0,26,4,30,0,7,81,6,94,112,0,112,206
01/23/2020,NEW,LA,ASW,CE,Towers with Radar,0,3,50,0,53,0,0,5,0,5,0,3,55,0,58,16,0,16,74
01/24/2020,NEW,LA,ASW,CE,Towers with Radar,0,16,74,2,92,0,0,68,4,72,0,16,142,6,164,136,38,174,338
01/25/2020,NEW,LA,ASW,CE,Towers with Radar,0,10,50,0,60,0,1,95,3,99,0,11,145,3,159,126,0,126,285
01/26/2020,NEW,LA,ASW,CE,Towers with Radar,0,10,69,7,86,0,0,5,1,6,0,10,74,8,92,42,0,42,134
01/27/2020,NEW,LA,ASW,CE,Towers with Radar,0,4,66,4,74,0,4,6,0,10,0,8,72,4,84,4,0,4,88
01/28/2020,NEW,LA,ASW,CE,Towers with Radar,0,7,58,0,65,0,10,56,2,68,0,17,114,2,133,144,0,144,277
01/29/2020,NEW,LA,ASW,CE,Towers with Radar,0,9,47,8,64,0,0,10,0,10,0,9,57,8,74,140,6,146,220
01/30/2020,NEW,LA,ASW,CE,Towers with Radar,0,5,60,8,73,0,5,38,1,44,0,10,98,9,117,176,14,190,307
01/31/2020,NEW,LA,ASW,CE,Towers with Radar,0,6,65,12,83,0,7,26,1,34,0,13,91,13,117,66,0,66,183
02/01/2020,NEW,LA,ASW,CE,Towers with Radar,0,4,32,5,41,0,3,69,6,78,0,7,101,11,119,60,4,64,183
02/02/2020,NEW,LA,ASW,CE,Towers with Radar,0,4,65,7,76,0,2,91,6,99,0,6,156,13,175,92,0,92,267
02/03/2020,NEW,LA,ASW,CE,Towers with Radar,0,10,50,0,60,0,4,51,8,63,0,14,101,8,123,76,0,76,199
02/04/2020,NEW,LA,ASW,CE,Towers with Radar,0,13,43,8,64,0,0,11,0,11,0,13,54,8,75,84,8,92,167
02/05/2020,NEW,LA,ASW,CE,Towers with Radar,0,1,31,0,32,0,0,0,0,0,0,1,31,0,32,0,0,0,32
02/06/2020,NEW,LA,ASW,CE,Towers with Radar,0,10,38,0,48,0,0,10,0,10,0,10,48,0,58,0,0,0,58
02/07/2020,NEW,LA,ASW,CE,Towers with Radar,0,11,76,15,102,0,1,86,13,100,0,12,162,28,202,94,0,94,296
02/08/2020,NEW,LA,ASW,CE,Towers with Radar,0,9,63,1,73,0,0,77,8,85,0,9,140,9,158,74,2,76,234
02/09/2020,NEW,LA,ASW,CE,Towers with Radar,0,9,75,10,94,0,1,54,13,68,0,10,129,23,162,40,0,40,202
02/10/2020,NEW,LA,ASW,CE,Towers with Radar,0,14,44,2,60,0,0,7,0,7,0,14,51,2,67,2,0,2,69
02/11/2020,NEW,LA,ASW,CE,Towers with Radar,0,12,50,3,65,0,1,9,4,14,0,13,59,7,79,68,32,100,179
02/12/2020,NEW,LA,ASW,CE,Towers with Radar,0,14,52,12,78,0,3,1,2,6,0,17,53,14,84,0,2,2,86
02/13/2020,NEW,LA,ASW,CE,Towers with Radar,0,6,52,5,63,0,5,27,0,32,0,11,79,5,95,62,0,62,157
02/14/2020,NEW,LA,ASW,CE,Towers with Radar,0,10,95,2,107,0,8,131,8,147,0,18,226,10,254,88,10,98,352
02/15/2020,NEW,LA,ASW,CE,Towers with Radar,0,6,64,5,75,0,3,109,7,119,0,9,173,12,194,114,0,114,308
02/16/2020,NEW,LA,ASW,CE,Towers with Radar,0,18,77,3,98,0,0,0,0,0,0,18,77,3,98,0,0,0,98
02/17/2020,NEW,LA,ASW,CE,Towers with Radar,0,8,48,1,57,0,0,1,0,1,0,8,49,1,58,0,0,0,58
02/18/2020,NEW,LA,ASW,CE,Towers with Radar,0,3,31,0,34,0,0,7,3,10,0,3,38,3,44,60,0,60,104
02/19/2020,NEW,LA,ASW,CE,Towers with Radar,0,12,47,0,59,0,3,29,6,38,0,15,76,6,97,100,0,100,197
02/20/2020,NEW,LA,ASW,CE,Towers with Radar,0,27,64,1,92,0,0,1,0,1,0,27,65,1,93,0,0,0,93
02/21/2020,NEW,LA,ASW,CE,Towers with Radar,0,19,120,5,144,0,11,101,7,119,0,30,221,12,263,92,0,92,355
02/22/2020,NEW,LA,ASW,CE,Towers with Radar,0,4,49,5,58,0,10,82,8,100,0,14,131,13,158,184,0,184,342
02/23/2020,NEW,LA,ASW,CE,Towers with Radar,0,24,84,0,108,0,9,71,5,85,0,33,155,5,193,108,0,108,301
02/24/2020,NEW,LA,ASW,CE,Towers with Radar,0,11,56,1,68,0,5,32,4,41,0,16,88,5,109,62,0,62,171
02/25/2020,NEW,LA,ASW,CE,Towers with Radar,0,7,36,11,54,0,13,55,6,74,0,20,91,17,128,100,14,114,242
02/26/2020,NEW,LA,ASW,CE,Towers with Radar,0,11,54,0,65,0,1,37,4,42,0,12,91,4,107,6,0,6,113
02/27/2020,NEW,LA,ASW,CE,Towers with Radar,0,12,54,7,73,0,7,60,9,76,0,19,114,16,149,130,0,130,279
02/28/2020,NEW,LA,ASW,CE,Towers with Radar,0,8,36,4,48,0,4,73,4,81,0,12,109,8,129,100,10,110,239
02/29/2020,NEW,LA,ASW,CE,Towers with Radar,0,6,41,1,48,0,1,99,3,103,0,7,140,4,151,182,0,182,333
03/01/2020,NEW,LA,ASW,CE,Towers with Radar,0,16,66,4,86,0,6,63,1,70,0,22,129,5,156,134,0,134,290
03/02/2020,NEW,LA,ASW,CE,Towers with Radar,0,3,49,3,55,0,3,41,6,50,0,6,90,9,105,94,0,94,199
03/03/2020,NEW,LA,ASW,CE,Towers with Radar,0,6,34,0,40,0,2,19,3,24,0,8,53,3,64,62,10,72,136
03/04/2020,NEW,LA,ASW,CE,Towers with Radar,0,9,28,2,39,0,0,2,1,3,0,9,30,3,42,8,2,10,52
03/05/2020,NEW,LA,ASW,CE,Towers with Radar,0,7,68,10,85,0,3,30,3,36,0,10,98,13,121,76,0,76,197
03/06/2020,NEW,LA,ASW,CE,Towers with Radar,0,12,82,8,102,0,5,69,4,78,0,17,151,12,180,142,0,142,322
03/07/2020,NEW,LA,ASW,CE,Towers with Radar,0,6,51,6,63,0,15,81,6,102,0,21,132,12,165,138,8,146,311
03/08/2020,NEW,LA,ASW,CE,Towers with Radar,0,12,66,5,83,0,10,73,3,86,0,22,139,8,169,54,0,54,223
03/09/2020,NEW,LA,ASW,CE,Towers with Radar,0,3,55,5,63,0,3,68,6,77,0,6,123,11,140,104,4,108,248
03/10/2020,NEW,LA,ASW,CE,Towers with Radar,0,3,41,4,48,0,7,15,2,24,0,10,56,6,72,74,0,74,146
03/11/2020,NEW,LA,ASW,CE,Towers with Radar,0,3,58,0,61,0,7,32,3,42,0,10,90,3,103,80,2,82,185
03/12/2020,NEW,LA,ASW,CE,Towers with Radar,0,8,47,2,57,0,3,48,4,55,0,11,95,6,112,80,0,80,192
03/13/2020,NEW,LA,ASW,CE,Towers with Radar,0,3,59,0,62,0,7,21,2,30,0,10,80,2,92,126,0,126,218
03/14/2020,NEW,LA,ASW,CE,Towers with Radar,0,11,41,0,52,0,12,66,0,78,0,23,107,0,130,104,0,104,234
03/15/2020,NEW,LA,ASW,CE,Towers with Radar,0,4,32,7,43,0,7,37,5,49,0,11,69,12,92,84,0,84,176
03/16/2020,NEW,LA,ASW,CE,Towers with Radar,0,4,38,0,42,0,5,50,2,57,0,9,88,2,99,66,0,66,165
03/17/2020,NEW,LA,ASW,CE,Towers with Radar,0,5,24,0,29,0,1,19,0,20,0,6,43,0,49,36,4,40,89
03/18/2020,NEW,LA,ASW,CE,Towers with Radar,0,1,28,4,33,0,3,29,1,33,0,4,57,5,66,50,0,50,116
03/19/2020,NEW,LA,ASW,CE,Towers with Radar,0,2,26,4,32,0,1,30,0,31,0,3,56,4,63,56,0,56,119
03/20/2020,NEW,LA,ASW,CE,Towers with Radar,0,4,12,0,16,0,2,30,0,32,0,6,42,0,48,114,0,114,162
03/21/2020,NEW,LA,ASW,CE,Towers with Radar,0,0,17,2,19,0,1,9,0,10,0,1,26,2,29,18,0,18,47
03/22/2020,NEW,LA,ASW,CE,Towers with Radar,0,2,7,3,12,0,0,15,1,16,0,2,22,4,28,28,0,28,56
03/23/2020,NEW,LA,ASW,CE,Towers with Radar,0,0,5,0,5,0,3,8,0,11,0,3,13,0,16,8,0,8,24
03/24/2020,NEW,LA,ASW,CE,Towers with Radar,0,3,7,0,10,0,0,11,0,11,0,3,18,0,21,12,0,12,33
03/25/2020,NEW,LA,ASW,CE,Towers with Radar,0,2,7,0,9,0,1,28,0,29,0,3,35,0,38,28,0,28,66
03/26/2020,NEW,LA,ASW,CE,Towers with Radar,0,1,14,0,15,0,3,16,0,19,0,4,30,0,34,4,0,4,38
03/27/2020,NEW,LA,ASW,CE,Towers with Radar,0,2,7,4,13,0,0,21,0,21,0,2,28,4,34,18,0,18,52
03/28/2020,NEW,LA,ASW,CE,Towers with Radar,0,4,14,0,18,0,5,16,0,21,0,9,30,0,39,14,0,14,53
03/29/2020,NEW,LA,ASW,CE,Towers with Radar,0,1,8,0,9,0,1,21,5,27,0,2,29,5,36,0,0,0,36
03/30/2020,NEW,LA,ASW,CE,Towers with Radar,0,1,13,0,14,0,1,17,0,18,0,2,30,0,32,0,0,0,32
03/31/2020,NEW,LA,ASW,CE,Towers with Radar,0,2,5,4,11,0,1,6,2,9,0,3,11,6,20,0,0,0,20
04/01/2020,NEW,LA,ASW,CE,Towers with Radar,0,0,11,0,11,0,1,14,6,21,0,1,25,6,32,16,0,16,48
04/02/2020,NEW,LA,ASW,CE,Towers with Radar,0,0,9,2,11,0,4,31,1,36,0,4,40,3,47,22,0,22,69
04/03/2020,NEW,LA,ASW,CE,Towers with Radar,0,2,5,0,7,0,5,11,0,16,0,7,16,0,23,2,0,2,25
04/04/2020,NEW,LA,ASW,CE,Towers with Radar,0,3,8,6,17,0,3,10,0,13,0,6,18,6,30,8,0,8,38
04/05/2020,NEW,LA,ASW,CE,Towers with Radar,0,1,1,2,4,0,1,9,0,10,0,2,10,2,14,24,0,24,38
04/06/2020,NEW,LA,ASW,CE,Towers with Radar,0,1,8,4,13,0,4,15,0,19,0,5,23,4,32,40,0,40,72
04/07/2020,NEW,LA,ASW,CE,Towers with Radar,0,0,10,2,12,0,0,2,0,2,0,0,12,2,14,0,0,0,14
04/08/2020,NEW,LA,ASW,CE,Towers with Radar,0,0,4,8,12,0,1,2,3,6,0,1,6,11,18,0,0,0,18
04/09/2020,NEW,LA,ASW,CE,Towers with Radar,0,4,23,0,27,0,0,25,4,29,0,4,48,4,56,64,0,64,120
04/10/2020,NEW,LA,ASW,CE,Towers with Radar,0,0,4,0,4,0,5,22,4,31,0,5,26,4,35,18,0,18,53
04/11/2020,NEW,LA,ASW,CE,Towers with Radar,0,0,9,0,9,0,1,25,0,26,0,1,34,0,35,14,0,14,49
04/12/2020,NEW,LA,ASW,CE,Towers with Radar,0,0,1,0,1,0,0,0,0,0,0,0,1,0,1,0,0,0,1
04/13/2020,NEW,LA,ASW,CE,Towers with Radar,0,0,12,2,14,0,0,25,0,25,0,0,37,2,39,14,0,14,53
04/14/2020,NEW,LA,ASW,CE,Towers with Radar,0,0,17,0,17,0,3,22,0,25,0,3,39,0,42,6,0,6,48
04/15/2020,NEW,LA,ASW,CE,Towers with Radar,0,2,8,0,10,0,0,15,0,15,0,2,23,0,25,0,0,0,25
04/16/2020,NEW,LA,ASW,CE,Towers with Radar,0,1,9,0,10,0,5,28,0,33,0,6,37,0,43,12,0,12,55
04/17/2020,NEW,LA,ASW,CE,Towers with Radar,0,1,16,0,17,0,5,21,0,26,0,6,37,0,43,4,0,4,47
04/18/2020,NEW,LA,ASW,CE,Towers with Radar,0,0,5,0,5,0,0,5,0,5,0,0,10,0,10,26,0,26,36
04/19/2020,NEW,LA,ASW,CE,Towers with Radar,0,0,0,0,0,0,1,2,0,3,0,1,2,0,3,6,0,6,9
04/20/2020,NEW,LA,ASW,CE,Towers with Radar,0,4,4,0,8,0,5,36,0,41,0,9,40,0,49,30,0,30,79
04/21/2020,NEW,LA,ASW,CE,Towers with Radar,0,2,10,0,12,0,0,27,4,31,0,2,37,4,43,64,0,64,107
04/22/2020,NEW,LA,ASW,CE,Towers with Radar,0,0,5,0,5,0,0,18,0,18,0,0,23,0,23,0,0,0,23
04/23/2020,NEW,LA,ASW,CE,Towers with Radar,0,0,12,0,12,0,1,1,0,2,0,1,13,0,14,0,0,0,14
04/24/2020,NEW,LA,ASW,CE,Towers with Radar,0,0,16,0,16,0,4,50,1,55,0,4,66,1,71,56,0,56,127
04/25/2020,NEW,LA,ASW,CE,Towers with Radar,0,2,3,0,5,0,4,16,1,21,0,6,19,1,26,0,10,10,36
04/26/2020,NEW,LA,ASW,CE,Towers with Radar,0,0,18,0,18,0,2,39,0,41,0,2,57,0,59,30,0,30,89
04/27/2020,NEW,LA,ASW,CE,Towers with Radar,0,0,10,0,10,0,0,35,0,35,0,0,45,0,45,26,0,26,71
04/28/2020,NEW,LA,ASW,CE,Towers with Radar,0,2,4,0,6,0,2,24,1,27,0,4,28,1,33,32,0,32,65
04/29/2020,NEW,LA,ASW,CE,Towers with Radar,0,3,5,5,13,0,0,4,0,4,0,3,9,5,17,6,0,6,23
04/30/2020,NEW,LA,ASW,CE,Towers with Radar,0,3,14,4,21,0,0,29,0,29,0,3,43,4,50,20,0,20,70
05/01/2020,NEW,LA,ASW,CE,Towers with Radar,0,4,10,3,17,0,1,47,0,48,0,5,57,3,65,26,0,26,91
05/02/2020,NEW,LA,ASW,CE,Towers with Radar,0,4,16,0,20,0,3,30,0,33,0,7,46,0,53,32,0,32,85
05/03/2020,NEW,LA,ASW,CE,Towers with Radar,0,0,17,1,18,0,5,31,2,38,0,5,48,3,56,56,0,56,112
05/04/2020,NEW,LA,ASW,CE,Towers with Radar,0,4,14,0,18,0,5,46,0,51,0,9,60,0,69,36,0,36,105
05/05/2020,NEW,LA,ASW,CE,Towers with Radar,0,2,11,0,13,0,2,34,0,36,0,4,45,0,49,46,0,46,95
05/06/2020,NEW,LA,ASW,CE,Towers with Radar,0,0,13,0,13,0,0,33,0,33,0,0,46,0,46,2,0,2,48
05/07/2020,NEW,LA,ASW,CE,Towers with Radar,0,0,12,2,14,0,1,44,0,45,0,1,56,2,59,74,0,74,133
05/08/2020,NEW,LA,ASW,CE,Towers with Radar,0,2,13,0,15,0,0,17,0,17,0,2,30,0,32,32,0,32,64
05/09/2020,NEW,LA,ASW,CE,Towers with Radar,0,5,13,0,18,0,2,16,0,18,0,7,29,0,36,22,0,22,58
05/10/2020,NEW,LA,ASW,CE,Towers with Radar,0,2,11,2,15,0,2,29,0,31,0,4,40,2,46,36,0,36,82
05/11/2020,NEW,LA,ASW,CE,Towers with Radar,0,2,15,0,17,0,0,46,0,46,0,2,61,0,63,58,0,58,121
05/12/2020,NEW,LA,ASW,CE,Towers with Radar,0,7,17,0,24,0,3,37,1,41,0,10,54,1,65,12,2,14,79
05/13/2020,NEW,LA,ASW,CE,Towers with Radar,0,4,16,0,20,0,1,39,1,41,0,5,55,1,61,14,0,14,75
05/14/2020,NEW,LA,ASW,CE,Towers with Radar,0,3,24,0,27,0,2,11,0,13,0,5,35,0,40,12,0,12,52
05/15/2020,NEW,LA,ASW,CE,Towers with Radar,0,2,13,0,15,0,2,11,0,13,0,4,24,0,28,56,0,56,84
05/16/2020,NEW,LA,ASW,CE,Towers with Radar,0,2,22,0,24,0,5,1,0,6,0,7,23,0,30,22,0,22,52
05/17/2020,NEW,LA,ASW,CE,Towers with Radar,0,4,16,2,22,0,1,15,0,16,0,5,31,2,38,24,0,24,62
05/18/2020,NEW,LA,ASW,CE,Towers with Radar,0,2,11,0,13,0,1,42,0,43,0,3,53,0,56,24,0,24,80
05/19/2020,NEW,LA,ASW,CE,Towers with Radar,0,1,16,4,21,0,0,50,2,52,0,1,66,6,73,40,0,40,113
05/20/2020,NEW,LA,ASW,CE,Towers with Radar,0,4,31,2,37,0,0,17,0,17,0,4,48,2,54,58,0,58,112
05/21/2020,NEW,LA,ASW,CE,Towers with Radar,0,2,31,13,46,0,2,46,2,50,0,4,77,15,96,56,0,56,152
05/22/2020,NEW,LA,ASW,CE,Towers with Radar,0,3,30,2,35,0,1,30,1,32,0,4,60,3,67,40,0,40,107
05/23/2020,NEW,LA,ASW,CE,Towers with Radar,0,2,19,0,21,0,1,15,0,16,0,3,34,0,37,60,0,60,97
05/24/2020,NEW,LA,ASW,CE,Towers with Radar,0,2,12,0,14,0,0,24,0,24,0,2,36,0,38,20,0,20,58
05/25/2020,NEW,LA,ASW,CE,Towers with Radar,0,0,16,0,16,0,2,13,0,15,0,2,29,0,31,2,0,2,33
05/26/2020,NEW,LA,ASW,CE,Towers with Radar,0,3,14,1,18,0,0,16,0,16,0,3,30,1,34,16,0,16,50
05/27/2020,NEW,LA,ASW,CE,Towers with Radar,0,8,21,5,34,0,3,36,1,40,0,11,57,6,74,100,0,100,174
05/28/2020,NEW,LA,ASW,CE,Towers with Radar,0,4,45,0,49,0,2,43,0,45,0,6,88,0,94,104,0,104,198
05/29/2020,NEW,LA,ASW,CE,Towers with Radar,0,12,28,2,42,0,0,37,2,39,0,12,65,4,81,60,0,60,141
05/30/2020,NEW,LA,ASW,CE,Towers with Radar,0,4,27,2,33,0,2,54,0,56,0,6,81,2,89,124,0,124,213
05/31/2020,NEW,LA,ASW,CE,Towers with Radar,0,3,33,6,42,0,0,56,0,56,0,3,89,6,98,64,0,64,162
06/01/2020,NEW,LA,ASW,CE,Towers with Radar,0,2,18,2,22,0,1,50,0,51,0,3,68,2,73,76,0,76,149
06/02/2020,NEW,LA,ASW,CE,Towers with Radar,0,0,23,0,23,0,0,32,1,33,0,0,55,1,56,60,0,60,116
06/03/2020,NEW,LA,ASW,CE,Towers with Radar,0,2,35,0,37,0,2,17,0,19,0,4,52,0,56,54,0,54,110
06/04/2020,NEW,LA,ASW,CE,Towers with Radar,0,1,27,0,28,0,1,57,0,58,0,2,84,0,86,82,0,82,168
06/05/2020,NEW,LA,ASW,CE,Towers with Radar,0,0,31,2,33,0,2,49,5,56,0,2,80,7,89,97,4,101,190
06/06/2020,NEW,LA,ASW,CE,Towers with Radar,0,4,24,0,28,0,0,22,0,22,0,4,46,0,50,30,0,30,80
06/07/2020,NEW,LA,ASW,CE,Towers with Radar,0,0,0,0,0,0,0,0,0,0,0,0,0,0,0,0,0,0,0
06/08/2020,NEW,LA,ASW,CE,Towers with Radar,0,0,19,0,19,0,0,1,4,5,0,0,20,4,24,0,0,0,24
06/09/2020,NEW,LA,ASW,CE,Towers with Radar,0,1,40,0,41,0,2,19,0,21,0,3,59,0,62,4,0,4,66
06/10/2020,NEW,LA,ASW,CE,Towers with Radar,0,2,26,2,30,0,3,32,0,35,0,5,58,2,65,36,0,36,101
06/11/2020,NEW,LA,ASW,CE,Towers with Radar,0,6,19,3,28,0,0,72,1,73,0,6,91,4,101,46,10,56,157
06/12/2020,NEW,LA,ASW,CE,Towers with Radar,0,7,28,6,41,0,1,43,2,46,0,8,71,8,87,50,0,50,137
06/13/2020,NEW,LA,ASW,CE,Towers with Radar,0,0,22,7,29,0,1,86,0,87,0,1,108,7,116,94,0,94,210
06/14/2020,NEW,LA,ASW,CE,Towers with Radar,0,1,35,0,36,0,2,60,0,62,0,3,95,0,98,42,0,42,140
06/15/2020,NEW,LA,ASW,CE,Towers with Radar,0,3,17,2,22,0,5,37,0,42,0,8,54,2,64,80,0,80,144
06/16/2020,NEW,LA,ASW,CE,Towers with Radar,0,2,36,6,44,0,4,66,0,70,0,6,102,6,114,78,0,78,192
06/17/2020,NEW,LA,ASW,CE,Towers with Radar,0,2,32,4,38,0,0,43,3,46,0,2,75,7,84,76,0,76,160
06/18/2020,NEW,LA,ASW,CE,Towers with Radar,0,2,28,3,33,0,1,59,0,60,0,3,87,3,93,36,0,36,129
06/19/2020,NEW,LA,ASW,CE,Towers with Radar,0,3,31,1,35,0,0,67,0,67,0,3,98,1,102,52,0,52,154
06/20/2020,NEW,LA,ASW,CE,Towers with Radar,0,4,24,2,30,0,4,72,0,76,0,8,96,2,106,92,0,92,198
06/21/2020,NEW,LA,ASW,CE,Towers with Radar,0,3,21,0,24,0,0,19,1,20,0,3,40,1,44,48,18,66,110
06/22/2020,NEW,LA,ASW,CE,Towers with Radar,0,4,12,0,16,0,3,12,0,15,0,7,24,0,31,0,0,0,31
06/23/2020,NEW,LA,ASW,CE,Towers with Radar,0,5,13,0,18,0,0,21,0,21,0,5,34,0,39,30,0,30,69
06/24/2020,NEW,LA,ASW,CE,Towers with Radar,0,1,6,0,7,0,0,7,2,9,0,1,13,2,16,0,2,2,18
06/25/2020,NEW,LA,ASW,CE,Towers with Radar,0,6,37,0,43,0,2,22,0,24,0,8,59,0,67,40,0,40,107
06/26/2020,NEW,LA,ASW,CE,Towers with Radar,0,3,49,2,54,0,2,41,1,44,0,5,90,3,98,36,14,50,148
06/27/2020,NEW,LA,ASW,CE,Towers with Radar,0,2,45,2,49,0,1,37,3,41,0,3,82,5,90,22,0,22,112
06/28/2020,NEW,LA,ASW,CE,Towers with Radar,0,10,28,4,42,0,3,37,1,41,0,13,65,5,83,64,0,64,147
06/29/2020,NEW,LA,ASW,CE,Towers with Radar,0,4,22,0,26,0,8,30,0,38,0,12,52,0,64,34,0,34,98
06/30/2020,NEW,LA,ASW,CE,Towers with Radar,0,3,28,0,31,0,6,42,1,49,0,9,70,1,80,62,0,62,142
07/01/2020,NEW,LA,ASW,CE,Towers with Radar,0,0,20,2,22,0,3,31,4,38,0,3,51,6,60,32,2,34,94
07/02/2020,NEW,LA,ASW,CE,Towers with Radar,0,0,19,0,19,0,4,32,0,36,0,4,51,0,55,26,0,26,81
07/03/2020,NEW,LA,ASW,CE,Towers with Radar,0,0,18,0,18,0,5,23,0,28,0,5,41,0,46,68,0,68,114
07/04/2020,NEW,LA,ASW,CE,Towers with Radar,0,0,9,0,9,0,1,24,0,25,0,1,33,0,34,38,0,38,72
07/05/2020,NEW,LA,ASW,CE,Towers with Radar,0,2,15,0,17,0,3,16,0,19,0,5,31,0,36,24,0,24,60
07/06/2020,NEW,LA,ASW,CE,Towers with Radar,0,0,8,0,8,0,0,7,0,7,0,0,15,0,15,36,0,36,51
07/07/2020,NEW,LA,ASW,CE,Towers with Radar,0,0,13,0,13,0,0,7,0,7,0,0,20,0,20,38,0,38,58
07/08/2020,NEW,LA,ASW,CE,Towers with Radar,0,2,20,0,22,0,2,39,0,41,0,4,59,0,63,76,0,76,139
07/09/2020,NEW,LA,ASW,CE,Towers with Radar,0,0,17,0,17,0,4,58,0,62,0,4,75,0,79,94,0,94,173
07/10/2020,NEW,LA,ASW,CE,Towers with Radar,0,2,16,0,18,0,0,36,0,36,0,2,52,0,54,20,0,20,74
07/11/2020,NEW,LA,ASW,CE,Towers with Radar,0,0,9,0,9,0,1,31,0,32,0,1,40,0,41,88,0,88,129
07/12/2020,NEW,LA,ASW,CE,Towers with Radar,0,1,16,0,17,0,4,38,4,46,0,5,54,4,63,50,6,56,119
07/13/2020,NEW,LA,ASW,CE,Towers with Radar,0,6,17,6,29,0,0,23,4,27,0,6,40,10,56,42,8,50,106
07/14/2020,NEW,LA,ASW,CE,Towers with Radar,0,0,12,2,14,0,4,34,0,38,0,4,46,2,52,102,4,106,158
07/15/2020,NEW,LA,ASW,CE,Towers with Radar,0,0,19,2,21,0,0,23,2,25,0,0,42,4,46,84,2,86,132
07/16/2020,NEW,LA,ASW,CE,Towers with Radar,0,0,21,0,21,0,3,17,0,20,0,3,38,0,41,10,0,10,51
07/17/2020,NEW,LA,ASW,CE,Towers with Radar,0,0,24,2,26,0,2,52,0,54,0,2,76,2,80,80,0,80,160
07/18/2020,NEW,LA,ASW,CE,Towers with Radar,0,3,21,0,24,0,2,43,0,45,0,5,64,0,69,26,0,26,95
07/19/2020,NEW,LA,ASW,CE,Towers with Radar,0,4,22,0,26,0,3,24,0,27,0,7,46,0,53,22,0,22,75
07/20/2020,NEW,LA,ASW,CE,Towers with Radar,0,0,7,0,7,0,3,39,0,42,0,3,46,0,49,78,0,78,127
07/21/2020,NEW,LA,ASW,CE,Towers with Radar,0,1,14,2,17,0,5,44,4,53,0,6,58,6,70,106,0,106,176
07/22/2020,NEW,LA,ASW,CE,Towers with Radar,0,1,10,0,11,0,7,52,0,59,0,8,62,0,70,128,0,128,198
07/23/2020,NEW,LA,ASW,CE,Towers with Radar,0,2,12,0,14,0,1,13,0,14,0,3,25,0,28,70,0,70,98
07/24/2020,NEW,LA,ASW,CE,Towers with Radar,0,0,20,0,20,0,0,4,0,4,0,0,24,0,24,0,0,0,24
07/25/2020,NEW,LA,ASW,CE,Towers with Radar,0,0,6,0,6,0,1,9,0,10,0,1,15,0,16,42,0,42,58
07/26/2020,NEW,LA,ASW,CE,Towers with Radar,0,0,9,0,9,0,0,6,0,6,0,0,15,0,15,0,0,0,15
07/27/2020,NEW,LA,ASW,CE,Towers with Radar,0,2,9,0,11,0,0,10,2,12,0,2,19,2,23,20,6,26,49
07/28/2020,NEW,LA,ASW,CE,Towers with Radar,0,0,6,0,6,0,3,32,0,35,0,3,38,0,41,82,0,82,123
07/29/2020,NEW,LA,ASW,CE,Towers with Radar,0,0,22,0,22,0,2,34,0,36,0,2,56,0,58,56,0,56,114
07/30/2020,NEW,LA,ASW,CE,Towers with Radar,0,2,27,1,30,0,4,58,8,70,0,6,85,9,100,76,0,76,176
07/31/2020,NEW,LA,ASW,CE,Towers with Radar,0,0,35,3,38,0,2,56,5,63,0,2,91,8,101,34,4,38,139
08/01/2020,NEW,LA,ASW,CE,Towers with Radar,0,0,26,0,26,0,0,42,1,43,0,0,68,1,69,42,0,42,111
08/02/2020,NEW,LA,ASW,CE,Towers with Radar,0,2,19,0,21,0,1,34,0,35,0,3,53,0,56,32,0,32,88
08/03/2020,NEW,LA,ASW,CE,Towers with Radar,0,0,24,0,24,0,1,37,2,40,0,1,61,2,64,64,0,64,128
08/04/2020,NEW,LA,ASW,CE,Towers with Radar,0,0,16,0,16,0,3,62,2,67,0,3,78,2,83,152,0,152,235
08/05/2020,NEW,LA,ASW,CE,Towers with Radar,0,0,24,0,24,0,0,43,3,46,0,0,67,3,70,106,0,106,176
08/06/2020,NEW,LA,ASW,CE,Towers with Radar,0,1,16,0,17,0,1,47,0,48,0,2,63,0,65,138,0,138,203
08/07/2020,NEW,LA,ASW,CE,Towers with Radar,0,2,35,0,37,0,2,69,0,71,0,4,104,0,108,84,0,84,192
08/08/2020,NEW,LA,ASW,CE,Towers with Radar,0,2,16,0,18,0,0,52,0,52,0,2,68,0,70,60,0,60,130
08/09/2020,NEW,LA,ASW,CE,Towers with Radar,0,2,26,0,28,0,1,49,0,50,0,3,75,0,78,58,0,58,136
08/10/2020,NEW,LA,ASW,CE,Towers with Radar,0,3,11,0,14,0,2,24,0,26,0,5,35,0,40,72,0,72,112
08/11/2020,NEW,LA,ASW,CE,Towers with Radar,0,3,18,0,21,0,3,43,0,46,0,6,61,0,67,76,0,76,143
08/12/2020,NEW,LA,ASW,CE,Towers with Radar,0,4,16,0,20,0,7,43,0,50,0,11,59,0,70,130,0,130,200
08/13/2020,NEW,LA,ASW,CE,Towers with Radar,0,1,23,3,27,0,1,22,2,25,0,2,45,5,52,38,0,38,90
08/14/2020,NEW,LA,ASW,CE,Towers with Radar,0,0,25,0,25,0,2,34,4,40,0,2,59,4,65,80,0,80,145
08/15/2020,NEW,LA,ASW,CE,Towers with Radar,0,0,19,0,19,0,1,54,3,58,0,1,73,3,77,10,0,10,87
08/16/2020,NEW,LA,ASW,CE,Towers with Radar,0,0,21,0,21,0,0,56,3,59,0,0,77,3,80,50,4,54,134
08/17/2020,NEW,LA,ASW,CE,Towers with Radar,0,2,20,0,22,0,1,40,7,48,0,3,60,7,70,34,0,34,104
08/18/2020,NEW,LA,ASW,CE,Towers with Radar,0,3,21,0,24,0,6,50,1,57,0,9,71,1,81,76,0,76,157
08/19/2020,NEW,LA,ASW,CE,Towers with Radar,0,4,17,0,21,0,1,34,0,35,0,5,51,0,56,66,0,66,122
08/20/2020,NEW,LA,ASW,CE,Towers with Radar,0,1,17,2,20,0,4,31,0,35,0,5,48,2,55,46,0,46,101
08/21/2020,NEW,LA,ASW,CE,Towers with Radar,0,2,15,0,17,0,5,60,0,65,0,7,75,0,82,52,0,52,134
08/22/2020,NEW,LA,ASW,CE,Towers with Radar,0,0,20,2,22,0,6,64,0,70,0,6,84,2,92,36,0,36,128
08/23/2020,NEW,LA,ASW,CE,Towers with Radar,0,2,24,0,26,0,1,40,0,41,0,3,64,0,67,4,0,4,71
08/24/2020,NEW,LA,ASW,CE,Towers with Radar,0,0,5,0,5,0,0,4,0,4,0,0,9,0,9,0,0,0,9
08/25/2020,NEW,LA,ASW,CE,Towers with Radar,0,4,6,0,10,0,0,5,0,5,0,4,11,0,15,0,0,0,15
08/26/2020,NEW,LA,ASW,CE,Towers with Radar,0,0,5,0,5,0,0,2,0,2,0,0,7,0,7,0,0,0,7
08/27/2020,NEW,LA,ASW,CE,Towers with Radar,0,0,4,0,4,0,0,6,0,6,0,0,10,0,10,0,0,0,10
08/28/2020,NEW,LA,ASW,CE,Towers with Radar,0,0,11,0,11,0,2,25,0,27,0,2,36,0,38,26,0,26,64
08/29/2020,NEW,LA,ASW,CE,Towers with Radar,0,0,14,0,14,0,5,30,3,38,0,5,44,3,52,30,0,30,82
08/30/2020,NEW,LA,ASW,CE,Towers with Radar,0,0,17,0,17,0,4,23,0,27,0,4,40,0,44,16,0,16,60
08/31/2020,NEW,LA,ASW,CE,Towers with Radar,0,2,12,0,14,0,2,34,0,36,0,4,46,0,50,26,0,26,76
09/01/2020,NEW,LA,ASW,CE,Towers with Radar,0,0,18,2,20,0,2,35,0,37,0,2,53,2,57,40,0,40,97
09/02/2020,NEW,LA,ASW,CE,Towers with Radar,0,0,15,0,15,0,2,42,2,46,0,2,57,2,61,72,0,72,133
09/03/2020,NEW,LA,ASW,CE,Towers with Radar,0,1,10,1,12,0,12,48,0,60,0,13,58,1,72,104,0,104,176
09/04/2020,NEW,LA,ASW,CE,Towers with Radar,0,2,31,0,33,0,3,47,0,50,0,5,78,0,83,84,0,84,167
09/05/2020,NEW,LA,ASW,CE,Towers with Radar,0,0,12,0,12,0,3,41,0,44,0,3,53,0,56,102,0,102,158
09/06/2020,NEW,LA,ASW,CE,Towers with Radar,0,0,13,0,13,0,8,41,0,49,0,8,54,0,62,60,0,60,122
09/07/2020,NEW,LA,ASW,CE,Towers with Radar,0,5,16,0,21,0,7,60,3,70,0,12,76,3,91,30,0,30,121
09/08/2020,NEW,LA,ASW,CE,Towers with Radar,0,0,16,2,18,0,0,35,1,36,0,0,51,3,54,74,0,74,128
09/09/2020,NEW,LA,ASW,CE,Towers with Radar,0,2,24,0,26,0,0,39,0,39,0,2,63,0,65,118,0,118,183
09/10/2020,NEW,LA,ASW,CE,Towers with Radar,0,3,13,0,16,0,5,49,2,56,0,8,62,2,72,128,0,128,200
09/11/2020,NEW,LA,ASW,CE,Towers with Radar,0,0,17,0,17,0,3,41,0,44,0,3,58,0,61,74,0,74,135
09/12/2020,NEW,LA,ASW,CE,Towers with Radar,0,0,9,0,9,0,5,29,4,38,0,5,38,4,47,32,0,32,79
09/13/2020,NEW,LA,ASW,CE,Towers with Radar,0,3,22,0,25,0,5,74,0,79,0,8,96,0,104,12,0,12,116
09/14/2020,NEW,LA,ASW,CE,Towers with Radar,0,1,17,0,18,0,0,5,0,5,0,1,22,0,23,0,0,0,23
09/15/2020,NEW,LA,ASW,CE,Towers with Radar,0,0,1,0,1,0,1,2,0,3,0,1,3,0,4,0,0,0,4
09/16/2020,NEW,LA,ASW,CE,Towers with Radar,0,0,13,0,13,0,2,25,0,27,0,2,38,0,40,0,0,0,40
09/17/2020,NEW,LA,ASW,CE,Towers with Radar,0,2,19,0,21,0,6,49,0,55,0,8,68,0,76,96,0,96,172
09/18/2020,NEW,LA,ASW,CE,Towers with Radar,0,6,26,0,32,0,5,57,0,62,0,11,83,0,94,40,0,40,134
09/19/2020,NEW,LA,ASW,CE,Towers with Radar,0,2,19,0,21,0,2,3,0,5,0,4,22,0,26,0,0,0,26
09/20/2020,NEW,LA,ASW,CE,Towers with Radar,0,2,16,0,18,0,0,0,2,2,0,2,16,2,20,0,0,0,20
09/21/2020,NEW,LA,ASW,CE,Towers with Radar,0,0,9,0,9,0,0,0,0,0,0,0,9,0,9,0,0,0,9
09/22/2020,NEW,LA,ASW,CE,Towers with Radar,0,0,5,0,5,0,0,4,0,4,0,0,9,0,9,0,0,0,9
09/23/2020,NEW,LA,ASW,CE,Towers with Radar,0,2,12,0,14,0,4,14,0,18,0,6,26,0,32,0,0,0,32
09/24/2020,NEW,LA,ASW,CE,Towers with Radar,0,2,20,0,22,0,1,17,0,18,0,3,37,0,40,64,0,64,104
09/25/2020,NEW,LA,ASW,CE,Towers with Radar,0,1,30,3,34,0,0,52,3,55,0,1,82,6,89,62,8,70,159
09/26/2020,NEW,LA,ASW,CE,Towers with Radar,0,5,20,0,25,0,1,49,2,52,0,6,69,2,77,80,0,80,157
09/27/2020,NEW,LA,ASW,CE,Towers with Radar,0,2,29,0,31,0,5,54,2,61,0,7,83,2,92,86,0,86,178
09/28/2020,NEW,LA,ASW,CE,Towers with Radar,0,1,8,0,9,0,6,28,0,34,0,7,36,0,43,44,0,44,87
09/29/2020,NEW,LA,ASW,CE,Towers with Radar,0,6,20,0,26,0,2,42,0,44,0,8,62,0,70,52,0,52,122
09/30/2020,NEW,LA,ASW,CE,Towers with Radar,0,1,18,0,19,0,4,54,0,58,0,5,72,0,77,62,0,62,139
10/01/2020,NEW,LA,ASW,CE,Towers with Radar,0,3,14,0,17,0,4,45,1,50,0,7,59,1,67,70,0,70,137
10/02/2020,NEW,LA,ASW,CE,Towers with Radar,0,0,20,0,20,0,2,61,2,65,0,2,81,2,85,22,0,22,107
10/03/2020,NEW,LA,ASW,CE,Towers with Radar,0,4,18,0,22,0,5,60,1,66,0,9,78,1,88,56,0,56,144
10/04/2020,NEW,LA,ASW,CE,Towers with Radar,0,5,34,0,39,0,5,67,0,72,0,10,101,0,111,54,0,54,165
10/05/2020,NEW,LA,ASW,CE,Towers with Radar,0,2,28,4,34,0,7,45,2,54,0,9,73,6,88,70,0,70,158
10/06/2020,NEW,LA,ASW,CE,Towers with Radar,0,3,34,2,39,0,6,48,0,54,0,9,82,2,93,78,0,78,171
10/07/2020,NEW,LA,ASW,CE,Towers with Radar,0,5,49,0,54,0,6,56,2,64,0,11,105,2,118,60,0,60,178
10/08/2020,NEW,LA,ASW,CE,Towers with Radar,0,4,21,2,27,0,6,13,2,21,0,10,34,4,48,20,0,20,68
10/09/2020,NEW,LA,ASW,CE,Towers with Radar,0,0,4,0,4,0,1,1,0,2,0,1,5,0,6,0,0,0,6
10/10/2020,NEW,LA,ASW,CE,Towers with Radar,0,5,9,2,16,0,10,23,0,33,0,15,32,2,49,36,0,36,85
10/11/2020,NEW,LA,ASW,CE,Towers with Radar,0,3,16,0,19,0,5,49,1,55,0,8,65,1,74,80,0,80,154
10/12/2020,NEW,LA,ASW,CE,Towers with Radar,0,4,37,0,41,0,14,44,0,58,0,18,81,0,99,82,0,82,181
10/13/2020,NEW,LA,ASW,CE,Towers with Radar,0,2,29,3,34,0,2,46,0,48,0,4,75,3,82,110,0,110,192
10/14/2020,NEW,LA,ASW,CE,Towers with Radar,0,5,34,1,40,0,10,54,0,64,0,15,88,1,104,48,0,48,152
10/15/2020,NEW,LA,ASW,CE,Towers with Radar,0,6,51,6,63,0,5,27,2,34,0,11,78,8,97,68,6,74,171
10/16/2020,NEW,LA,ASW,CE,Towers with Radar,0,4,35,7,46,0,4,30,0,34,0,8,65,7,80,28,0,28,108
10/17/2020,NEW,LA,ASW,CE,Towers with Radar,0,7,31,2,40,0,8,60,1,69,0,15,91,3,109,80,0,80,189
10/18/2020,NEW,LA,ASW,CE,Towers with Radar,0,4,48,0,52,0,7,59,2,68,0,11,107,2,120,68,0,68,188
10/19/2020,NEW,LA,ASW,CE,Towers with Radar,0,8,45,0,53,0,3,22,0,25,0,11,67,0,78,22,0,22,100
10/20/2020,NEW,LA,ASW,CE,Towers with Radar,0,0,24,4,28,0,0,25,3,28,0,0,49,7,56,28,0,28,84
10/21/2020,NEW,LA,ASW,CE,Towers with Radar,0,5,32,0,37,0,2,52,0,54,0,7,84,0,91,78,0,78,169
10/22/2020,NEW,LA,ASW,CE,Towers with Radar,0,8,42,2,52,0,6,12,0,18,0,14,54,2,70,18,0,18,88
10/23/2020,NEW,LA,ASW,CE,Towers with Radar,0,7,49,1,57,0,0,7,0,7,0,7,56,1,64,28,0,28,92
10/24/2020,NEW,LA,ASW,CE,Towers with Radar,0,2,40,0,42,0,5,26,1,32,0,7,66,1,74,18,0,18,92
10/25/2020,NEW,LA,ASW,CE,Towers with Radar,0,8,55,0,63,0,0,30,0,30,0,8,85,0,93,12,0,12,105
10/26/2020,NEW,LA,ASW,CE,Towers with Radar,0,11,54,2,67,0,5,27,0,32,0,16,81,2,99,20,0,20,119
10/27/2020,NEW,LA,ASW,CE,Towers with Radar,0,4,44,2,50,0,5,25,0,30,0,9,69,2,80,10,0,10,90
10/28/2020,NEW,LA,ASW,CE,Towers with Radar,0,1,5,1,7,0,0,0,0,0,0,1,5,1,7,0,0,0,7
10/29/2020,NEW,LA,ASW,CE,Towers with Radar,0,0,7,0,7,0,1,27,3,31,0,1,34,3,38,0,0,0,38
10/30/2020,NEW,LA,ASW,CE,Towers with Radar,0,0,16,1,17,0,2,29,1,32,0,2,45,2,49,22,0,22,71
10/31/2020,NEW,LA,ASW,CE,Towers with Radar,0,1,11,0,12,0,4,43,4,51,0,5,54,4,63,16,0,16,79
11/01/2020,NEW,LA,ASW,CE,Towers with Radar,0,10,13,1,24,0,3,39,2,44,0,13,52,3,68,50,8,58,126
11/02/2020,NEW,LA,ASW,CE,Towers with Radar,0,8,32,4,44,0,2,38,4,44,0,10,70,8,88,36,10,46,134
11/03/2020,NEW,LA,ASW,CE,Towers with Radar,0,5,27,2,34,0,3,38,0,41,0,8,65,2,75,66,0,66,141
11/04/2020,NEW,LA,ASW,CE,Towers with Radar,0,7,39,3,49,0,5,55,8,68,0,12,94,11,117,42,4,46,163
11/05/2020,NEW,LA,ASW,CE,Towers with Radar,0,6,34,4,44,0,0,36,3,39,0,6,70,7,83,36,0,36,119
11/06/2020,NEW,LA,ASW,CE,Towers with Radar,0,3,45,0,48,0,6,52,3,61,0,9,97,3,109,50,0,50,159
11/07/2020,NEW,LA,ASW,CE,Towers with Radar,0,1,16,0,17,0,4,44,0,48,0,5,60,0,65,90,0,90,155
11/08/2020,NEW,LA,ASW,CE,Towers with Radar,0,6,59,1,66,0,1,29,2,32,0,7,88,3,98,42,0,42,140
11/09/2020,NEW,LA,ASW,CE,Towers with Radar,0,9,28,2,39,0,0,42,0,42,0,9,70,2,81,62,2,64,145
11/10/2020,NEW,LA,ASW,CE,Towers with Radar,0,0,35,2,37,0,2,5,2,9,0,2,40,4,46,10,0,10,56
11/11/2020,NEW,LA,ASW,CE,Towers with Radar,0,4,46,1,51,0,1,14,0,15,0,5,60,1,66,0,0,0,66
11/12/2020,NEW,LA,ASW,CE,Towers with Radar,0,8,47,6,61,0,5,24,6,35,0,13,71,12,96,60,14,74,170
11/13/2020,NEW,LA,ASW,CE,Towers with Radar,0,4,41,1,46,0,7,67,1,75,0,11,108,2,121,118,2,120,241
11/14/2020,NEW,LA,ASW,CE,Towers with Radar,0,2,26,0,28,0,1,71,0,72,0,3,97,0,100,80,0,80,180
11/15/2020,NEW,LA,ASW,CE,Towers with Radar,0,6,53,0,59,0,1,43,1,45,0,7,96,1,104,70,0,70,174
11/16/2020,NEW,LA,ASW,CE,Towers with Radar,0,7,28,3,38,0,6,49,5,60,0,13,77,8,98,58,26,84,182
11/17/2020,NEW,LA,ASW,CE,Towers with Radar,0,5,39,9,53,0,1,44,0,45,0,6,83,9,98,26,8,34,132
11/18/2020,NEW,LA,ASW,CE,Towers with Radar,0,5,26,0,31,0,0,41,1,42,0,5,67,1,73,108,12,120,193
11/19/2020,NEW,LA,ASW,CE,Towers with Radar,0,11,27,3,41,0,6,53,3,62,0,17,80,6,103,104,0,104,207
11/20/2020,NEW,LA,ASW,CE,Towers with Radar,0,10,43,4,57,0,17,54,2,73,0,27,97,6,130,92,0,92,222
11/21/2020,NEW,LA,ASW,CE,Towers with Radar,0,10,34,0,44,0,3,78,0,81,0,13,112,0,125,90,0,90,215
11/22/2020,NEW,LA,ASW,CE,Towers with Radar,0,9,44,7,60,0,0,54,0,54,0,9,98,7,114,104,0,104,218
11/23/2020,NEW,LA,ASW,CE,Towers with Radar,0,8,44,3,55,0,0,46,0,46,0,8,90,3,101,32,0,32,133
11/24/2020,NEW,LA,ASW,CE,Towers with Radar,0,4,44,2,50,0,0,40,1,41,0,4,84,3,91,84,0,84,175
11/25/2020,NEW,LA,ASW,CE,Towers with Radar,0,2,30,0,32,0,3,18,0,21,0,5,48,0,53,22,0,22,75
11/26/2020,NEW,LA,ASW,CE,Towers with Radar,0,3,12,0,15,0,0,0,0,0,0,3,12,0,15,0,0,0,15
11/27/2020,NEW,LA,ASW,CE,Towers with Radar,0,4,24,0,28,0,0,7,0,7,0,4,31,0,35,28,0,28,63
11/28/2020,NEW,LA,ASW,CE,Towers with Radar,0,6,48,1,55,0,0,8,0,8,0,6,56,1,63,84,16,100,163
11/29/2020,NEW,LA,ASW,CE,Towers with Radar,0,9,29,0,38,0,1,0,0,1,0,10,29,0,39,0,0,0,39
11/30/2020,NEW,LA,ASW,CE,Towers with Radar,0,7,28,0,35,0,5,30,1,36,0,12,58,1,71,4,0,4,75
12/01/2020,NEW,LA,ASW,CE,Towers with Radar,0,0,32,9,41,0,3,60,3,66,0,3,92,12,107,136,34,170,277
12/02/2020,NEW,LA,ASW,CE,Towers with Radar,0,2,17,3,22,0,0,40,10,50,0,2,57,13,72,6,16,22,94
12/03/2020,NEW,LA,ASW,CE,Towers with Radar,0,0,35,4,39,0,3,24,0,27,0,3,59,4,66,88,22,110,176
12/04/2020,NEW,LA,ASW,CE,Towers with Radar,0,13,25,17,55,0,4,40,14,58,0,17,65,31,113,68,6,74,187
12/05/2020,NEW,LA,ASW,CE,Towers with Radar,0,10,26,4,40,0,2,72,1,75,0,12,98,5,115,112,8,120,235
12/06/2020,NEW,LA,ASW,CE,Towers with Radar,0,11,29,3,43,0,3,45,5,53,0,14,74,8,96,70,14,84,180
12/07/2020,NEW,LA,ASW,CE,Towers with Radar,0,6,24,7,37,0,2,38,2,42,0,8,62,9,79,30,24,54,133
12/08/2020,NEW,LA,ASW,CE,Towers with Radar,0,4,31,9,44,0,6,43,2,51,0,10,74,11,95,90,38,128,223
12/09/2020,NEW,LA,ASW,CE,Towers with Radar,0,3,34,5,42,0,16,77,6,99,0,19,111,11,141,148,6,154,295
12/10/2020,NEW,LA,ASW,CE,Towers with Radar,0,3,34,3,40,0,7,63,1,71,0,10,97,4,111,150,6,156,267
12/11/2020,NEW,LA,ASW,CE,Towers with Radar,0,13,44,7,64,0,3,63,7,73,0,16,107,14,137,268,28,296,433
12/12/2020,NEW,LA,ASW,CE,Towers with Radar,0,3,31,5,39,0,6,26,0,32,0,9,57,5,71,26,10,36,107
12/13/2020,NEW,LA,ASW,CE,Towers with Radar,0,4,27,13,44,0,0,11,3,14,0,4,38,16,58,42,0,42,100
12/14/2020,NEW,LA,ASW,CE,Towers with Radar,0,0,27,5,32,0,8,21,3,32,0,8,48,8,64,26,16,42,106
12/15/2020,NEW,LA,ASW,CE,Towers with Radar,0,4,38,1,43,0,1,18,1,20,0,5,56,2,63,42,0,42,105
12/16/2020,NEW,LA,ASW,CE,Towers with Radar,0,3,36,5,44,0,2,16,3,21,0,5,52,8,65,56,4,60,125
12/17/2020,NEW,LA,ASW,CE,Towers with Radar,0,8,36,5,49,0,7,27,6,40,0,15,63,11,89,60,2,62,151
12/18/2020,NEW,LA,ASW,CE,Towers with Radar,0,14,44,4,62,0,4,53,4,61,0,18,97,8,123,56,6,62,185
12/19/2020,NEW,LA,ASW,CE,Towers with Radar,0,7,25,0,32,0,3,45,0,48,0,10,70,0,80,48,0,48,128
12/20/2020,NEW,LA,ASW,CE,Towers with Radar,0,19,43,6,68,0,3,14,1,18,0,22,57,7,86,36,0,36,122
12/21/2020,NEW,LA,ASW,CE,Towers with Radar,0,10,41,1,52,0,6,51,0,57,0,16,92,1,109,72,0,72,181
12/22/2020,NEW,LA,ASW,CE,Towers with Radar,0,5,34,4,43,0,5,66,2,73,0,10,100,6,116,106,6,112,228
12/23/2020,NEW,LA,ASW,CE,Towers with Radar,0,8,26,2,36,0,1,18,0,19,0,9,44,2,55,44,0,44,99
12/24/2020,NEW,LA,ASW,CE,Towers with Radar,0,1,23,2,26,0,1,6,0,7,0,2,29,2,33,0,0,0,33
12/25/2020,NEW,LA,ASW,CE,Towers with Radar,0,7,5,0,12,0,1,8,0,9,0,8,13,0,21,0,0,0,21
12/26/2020,NEW,LA,ASW,CE,Towers with Radar,0,11,26,0,37,0,7,50,0,57,0,18,76,0,94,96,0,96,190
12/27/2020,NEW,LA,ASW,CE,Towers with Radar,0,10,42,0,52,0,7,57,0,64,0,17,99,0,116,90,0,90,206
12/28/2020,NEW,LA,ASW,CE,Towers with Radar,0,5,35,2,42,0,7,57,1,65,0,12,92,3,107,146,0,146,253
12/29/2020,NEW,LA,ASW,CE,Towers with Radar,0,3,31,3,37,0,3,55,3,61,0,6,86,6,98,26,0,26,124
12/30/2020,NEW,LA,ASW,CE,Towers with Radar,0,9,39,4,52,0,12,49,0,61,0,21,88,4,113,58,0,58,171
12/31/2020,NEW,LA,ASW,CE,Towers with Radar,0,5,32,0,37,0,0,32,1,33,0,5,64,1,70,44,8,52,122
01/01/2021,NEW,LA,ASW,CE,Towers with Radar,0,10,30,0,40,0,4,23,1,28,0,14,53,1,68,26,14,40,108
01/02/2021,NEW,LA,ASW,CE,Towers with Radar,0,21,63,0,84,0,6,78,0,84,0,27,141,0,168,76,0,76,244
01/03/2021,NEW,LA,ASW,CE,Towers with Radar,0,16,46,1,63,0,10,95,0,105,0,26,141,1,168,60,0,60,228
01/04/2021,NEW,LA,ASW,CE,Towers with Radar,0,4,28,0,32,0,1,35,2,38,0,5,63,2,70,78,0,78,148
01/05/2021,NEW,LA,ASW,CE,Towers with Radar,0,2,28,1,31,0,6,50,7,63,0,8,78,8,94,74,0,74,168
01/06/2021,NEW,LA,ASW,CE,Towers with Radar,0,2,22,1,25,0,8,37,4,49,0,10,59,5,74,68,6,74,148
01/07/2021,NEW,LA,ASW,CE,Towers with Radar,0,5,20,5,30,0,2,9,9,20,0,7,29,14,50,0,34,34,84
01/08/2021,NEW,LA,ASW,CE,Towers with Radar,0,1,38,12,51,0,1,33,3,37,0,2,71,15,88,22,12,34,122
01/09/2021,NEW,LA,ASW,CE,Towers with Radar,0,6,28,9,43,0,5,84,6,95,0,11,112,15,138,158,6,164,302
01/10/2021,NEW,LA,ASW,CE,Towers with Radar,0,10,47,7,64,0,2,30,3,35,0,12,77,10,99,76,0,76,175
01/11/2021,NEW,LA,ASW,CE,Towers with Radar,0,3,23,0,26,0,0,0,0,0,0,3,23,0,26,0,8,8,34
01/12/2021,NEW,LA,ASW,CE,Towers with Radar,0,7,42,3,52,0,1,14,5,20,0,8,56,8,72,60,32,92,164
01/13/2021,NEW,LA,ASW,CE,Towers with Radar,0,13,29,5,47,0,6,48,2,56,0,19,77,7,103,108,24,132,235
01/14/2021,NEW,LA,ASW,CE,Towers with Radar,0,9,32,3,44,0,2,43,2,47,0,11,75,5,91,40,0,40,131
01/15/2021,NEW,LA,ASW,CE,Towers with Radar,0,8,38,1,47,0,5,42,4,51,0,13,80,5,98,44,10,54,152
01/16/2021,NEW,LA,ASW,CE,Towers with Radar,0,12,47,2,61,0,2,107,0,109,0,14,154,2,170,104,0,104,274
01/17/2021,NEW,LA,ASW,CE,Towers with Radar,0,8,43,0,51,0,5,56,0,61,0,13,99,0,112,136,0,136,248
01/18/2021,NEW,LA,ASW,CE,Towers with Radar,0,8,41,0,49,0,5,56,0,61,0,13,97,0,110,76,0,76,186
01/19/2021,NEW,LA,ASW,CE,Towers with Radar,0,6,35,5,46,0,1,39,8,48,0,7,74,13,94,46,22,68,162
01/20/2021,NEW,LA,ASW,CE,Towers with Radar,0,7,21,3,31,0,5,33,1,39,0,12,54,4,70,144,2,146,216
01/21/2021,NEW,LA,ASW,CE,Towers with Radar,0,4,38,4,46,0,3,35,6,44,0,7,73,10,90,62,2,64,154
01/22/2021,NEW,LA,ASW,CE,Towers with Radar,0,2,27,4,33,0,0,4,0,4,0,2,31,4,37,6,0,6,43
01/23/2021,NEW,LA,ASW,CE,Towers with Radar,0,5,21,0,26,0,2,1,0,3,0,7,22,0,29,0,0,0,29
01/24/2021,NEW,LA,ASW,CE,Towers with Radar,0,5,38,0,43,0,0,13,0,13,0,5,51,0,56,72,0,72,128
01/25/2021,NEW,LA,ASW,CE,Towers with Radar,0,5,21,12,38,0,4,8,0,12,0,9,29,12,50,0,0,0,50
01/26/2021,NEW,LA,ASW,CE,Towers with Radar,0,1,32,2,35,0,1,22,2,25,0,2,54,4,60,24,8,32,92
01/27/2021,NEW,LA,ASW,CE,Towers with Radar,0,6,27,9,42,0,0,9,2,11,0,6,36,11,53,0,0,0,53
01/28/2021,NEW,LA,ASW,CE,Towers with Radar,0,12,49,10,71,0,6,82,1,89,0,18,131,11,160,50,10,60,220
01/29/2021,NEW,LA,ASW,CE,Towers with Radar,0,4,51,8,63,0,3,79,6,88,0,7,130,14,151,134,12,146,297
01/30/2021,NEW,LA,ASW,CE,Towers with Radar,0,6,32,2,40,0,1,86,2,89,0,7,118,4,129,106,10,116,245
01/31/2021,NEW,LA,ASW,CE,Towers with Radar,0,9,48,16,73,0,9,50,9,68,0,18,98,25,141,78,0,78,219
02/01/2021,NEW,LA,ASW,CE,Towers with Radar,0,5,31,1,37,0,5,41,2,48,0,10,72,3,85,16,0,16,101
02/02/2021,NEW,LA,ASW,CE,Towers with Radar,0,12,35,5,52,0,0,44,0,44,0,12,79,5,96,96,6,102,198
02/03/2021,NEW,LA,ASW,CE,Towers with Radar,0,8,49,3,60,0,2,49,0,51,0,10,98,3,111,42,0,42,153
02/04/2021,NEW,LA,ASW,CE,Towers with Radar,0,6,33,3,42,0,2,49,5,56,0,8,82,8,98,62,14,76,174
02/05/2021,NEW,LA,ASW,CE,Towers with Radar,0,7,41,9,57,0,4,20,3,27,0,11,61,12,84,10,0,10,94
02/06/2021,NEW,LA,ASW,CE,Towers with Radar,0,9,26,0,35,0,0,0,0,0,0,9,26,0,35,0,0,0,35
02/07/2021,NEW,LA,ASW,CE,Towers with Radar,0,9,56,5,70,0,6,64,2,72,0,15,120,7,142,104,0,104,246
02/08/2021,NEW,LA,ASW,CE,Towers with Radar,0,4,34,5,43,0,2,30,1,33,0,6,64,6,76,26,0,26,102
02/09/2021,NEW,LA,ASW,CE,Towers with Radar,0,1,39,4,44,0,2,24,0,26,0,3,63,4,70,44,0,44,114
02/10/2021,NEW,LA,ASW,CE,Towers with Radar,0,9,31,6,46,0,1,0,0,1,0,10,31,6,47,4,0,4,51
02/11/2021,NEW,LA,ASW,CE,Towers with Radar,0,1,9,1,11,0,1,7,0,8,0,2,16,1,19,6,0,6,25
02/12/2021,NEW,LA,ASW,CE,Towers with Radar,0,3,29,9,41,0,0,0,0,0,0,3,29,9,41,0,0,0,41
02/13/2021,NEW,LA,ASW,CE,Towers with Radar,0,7,19,0,26,0,2,21,0,23,0,9,40,0,49,0,0,0,49
02/14/2021,NEW,LA,ASW,CE,Towers with Radar,0,4,30,3,37,0,0,14,0,14,0,4,44,3,51,0,0,0,51
02/15/2021,NEW,LA,ASW,CE,Towers with Radar,0,2,6,0,8,0,0,0,0,0,0,2,6,0,8,0,0,0,8
02/16/2021,NEW,LA,ASW,CE,Towers with Radar,0,9,14,3,26,0,2,36,3,41,0,11,50,6,67,8,8,16,83
02/17/2021,NEW,LA,ASW,CE,Towers with Radar,0,5,28,0,33,0,1,1,0,2,0,6,29,0,35,0,0,0,35
02/18/2021,NEW,LA,ASW,CE,Towers with Radar,0,6,20,0,26,0,1,7,0,8,0,7,27,0,34,0,0,0,34
02/19/2021,NEW,LA,ASW,CE,Towers with Radar,0,7,40,9,56,0,1,70,3,74,0,8,110,12,130,42,0,42,172
02/20/2021,NEW,LA,ASW,CE,Towers with Radar,0,6,49,4,59,0,16,114,3,133,0,22,163,7,192,60,0,60,252
02/21/2021,NEW,LA,ASW,CE,Towers with Radar,0,5,49,9,63,0,6,86,1,93,0,11,135,10,156,70,0,70,226
02/22/2021,NEW,LA,ASW,CE,Towers with Radar,0,3,31,2,36,0,9,53,2,64,0,12,84,4,100,74,0,74,174
02/23/2021,NEW,LA,ASW,CE,Towers with Radar,0,6,39,2,47,0,4,84,0,88,0,10,123,2,135,150,0,150,285
02/24/2021,NEW,LA,ASW,CE,Towers with Radar,0,3,35,3,41,0,1,80,4,85,0,4,115,7,126,114,0,114,240
02/25/2021,NEW,LA,ASW,CE,Towers with Radar,0,6,36,2,44,0,1,69,0,70,0,7,105,2,114,172,0,172,286
02/26/2021,NEW,LA,ASW,CE,Towers with Radar,0,4,47,8,59,0,4,40,4,48,0,8,87,12,107,76,0,76,183
02/27/2021,NEW,LA,ASW,CE,Towers with Radar,0,10,35,3,48,0,6,51,8,65,0,16,86,11,113,142,4,146,259
02/28/2021,NEW,LA,ASW,CE,Towers with Radar,0,6,49,10,65,0,8,36,9,53,0,14,85,19,118,44,14,58,176
03/01/2021,NEW,LA,ASW,CE,Towers with Radar,0,8,36,1,45,0,1,15,0,16,0,9,51,1,61,20,0,20,81
03/02/2021,NEW,LA,ASW,CE,Towers with Radar,0,0,10,5,15,0,0,0,0,0,0,0,10,5,15,2,0,2,17
03/03/2021,NEW,LA,ASW,CE,Towers with Radar,0,5,39,4,48,0,2,56,0,58,0,7,95,4,106,138,0,138,244
03/04/2021,NEW,LA,ASW,CE,Towers with Radar,0,6,52,0,58,0,2,52,0,54,0,8,104,0,112,68,0,68,180
03/05/2021,NEW,LA,ASW,CE,Towers with Radar,0,3,55,6,64,0,5,34,0,39,0,8,89,6,103,78,0,78,181
03/06/2021,NEW,LA,ASW,CE,Towers with Radar,0,4,44,3,51,0,2,100,5,107,0,6,144,8,158,70,0,70,228
03/07/2021,NEW,LA,ASW,CE,Towers with Radar,0,5,58,7,70,0,3,94,3,100,0,8,152,10,170,32,0,32,202
03/08/2021,NEW,LA,ASW,CE,Towers with Radar,0,2,36,10,48,0,2,40,3,45,0,4,76,13,93,68,38,106,199
03/09/2021,NEW,LA,ASW,CE,Towers with Radar,0,6,34,2,42,0,1,43,8,52,0,7,77,10,94,40,14,54,148
03/10/2021,NEW,LA,ASW,CE,Towers with Radar,0,7,45,9,61,0,4,32,1,37,0,11,77,10,98,30,0,30,128
03/11/2021,NEW,LA,ASW,CE,Towers with Radar,0,8,57,3,68,0,4,51,3,58,0,12,108,6,126,36,8,44,170
03/12/2021,NEW,LA,ASW,CE,Towers with Radar,0,3,46,4,53,0,2,73,0,75,0,5,119,4,128,120,2,122,250
03/13/2021,NEW,LA,ASW,CE,Towers with Radar,0,8,46,5,59,0,4,89,3,96,0,12,135,8,155,66,10,76,231
03/14/2021,NEW,LA,ASW,CE,Towers with Radar,0,11,54,6,71,0,2,81,0,83,0,13,135,6,154,42,0,42,196
03/15/2021,NEW,LA,ASW,CE,Towers with Radar,0,2,51,8,61,0,3,30,0,33,0,5,81,8,94,70,0,70,164
03/16/2021,NEW,LA,ASW,CE,Towers with Radar,0,3,40,2,45,0,5,30,4,39,0,8,70,6,84,58,0,58,142
03/17/2021,NEW,LA,ASW,CE,Towers with Radar,0,5,24,4,33,0,1,3,1,5,0,6,27,5,38,0,0,0,38
03/18/2021,NEW,LA,ASW,CE,Towers with Radar,0,9,41,8,58,0,8,40,2,50,0,17,81,10,108,66,2,68,176
03/19/2021,NEW,LA,ASW,CE,Towers with Radar,0,10,64,11,85,0,2,62,7,71,0,12,126,18,156,68,16,84,240
03/20/2021,NEW,LA,ASW,CE,Towers with Radar,0,25,55,0,80,0,8,89,0,97,0,33,144,0,177,94,0,94,271
03/21/2021,NEW,LA,ASW,CE,Towers with Radar,0,7,78,4,89,0,3,108,8,119,0,10,186,12,208,82,0,82,290
03/22/2021,NEW,LA,ASW,CE,Towers with Radar,0,9,37,5,51,0,9,40,4,53,0,18,77,9,104,50,0,50,154
03/23/2021,NEW,LA,ASW,CE,Towers with Radar,0,5,17,0,22,0,1,2,0,3,0,6,19,0,25,0,0,0,25
03/24/2021,NEW,LA,ASW,CE,Towers with Radar,0,6,31,1,38,0,0,8,0,8,0,6,39,1,46,20,0,20,66
03/25/2021,NEW,LA,ASW,CE,Towers with Radar,0,4,17,2,23,0,0,4,1,5,0,4,21,3,28,18,4,22,50
03/26/2021,NEW,LA,ASW,CE,Towers with Radar,0,14,72,4,90,0,9,37,2,48,0,23,109,6,138,82,0,82,220
03/27/2021,NEW,LA,ASW,CE,Towers with Radar,0,12,58,0,70,0,7,55,0,62,0,19,113,0,132,64,0,64,196
03/28/2021,NEW,LA,ASW,CE,Towers with Radar,0,16,52,0,68,0,10,42,5,57,0,26,94,5,125,44,0,44,169
03/29/2021,NEW,LA,ASW,CE,Towers with Radar,0,12,26,3,41,0,2,74,0,76,0,14,100,3,117,54,4,58,175
03/30/2021,NEW,LA,ASW,CE,Towers with Radar,0,8,64,2,74,0,1,14,0,15,0,9,78,2,89,0,0,0,89
03/31/2021,NEW,LA,ASW,CE,Towers with Radar,0,7,40,0,47,0,1,9,0,10,0,8,49,0,57,0,0,0,57
04/01/2021,NEW,LA,ASW,CE,Towers with Radar,0,13,52,7,72,0,2,51,3,56,0,15,103,10,128,66,0,66,194
04/02/2021,NEW,LA,ASW,CE,Towers with Radar,0,9,58,0,67,0,3,93,4,100,0,12,151,4,167,54,0,54,221
04/03/2021,NEW,LA,ASW,CE,Towers with Radar,0,7,51,1,59,0,11,106,1,118,0,18,157,2,177,68,0,68,245
04/04/2021,NEW,LA,ASW,CE,Towers with Radar,0,6,36,1,43,0,8,53,2,63,0,14,89,3,106,20,0,20,126
04/05/2021,NEW,LA,ASW,CE,Towers with Radar,0,15,52,0,67,0,7,82,2,91,0,22,134,2,158,40,0,40,198
04/06/2021,NEW,LA,ASW,CE,Towers with Radar,0,13,41,5,59,5,0,59,5,69,5,13,100,10,128,108,26,134,262
04/07/2021,NEW,LA,ASW,CE,Towers with Radar,0,11,42,2,55,0,3,41,4,48,0,14,83,6,103,56,4,60,163
04/08/2021,NEW,LA,ASW,CE,Towers with Radar,0,5,60,1,66,0,7,62,5,74,0,12,122,6,140,144,6,150,290
04/09/2021,NEW,LA,ASW,CE,Towers with Radar,0,11,67,16,94,0,5,26,1,32,0,16,93,17,126,54,0,54,180
04/10/2021,NEW,LA,ASW,CE,Towers with Radar,0,7,34,2,43,0,5,65,0,70,0,12,99,2,113,30,0,30,143
04/11/2021,NEW,LA,ASW,CE,Towers with Radar,0,16,61,1,78,0,5,95,3,103,0,21,156,4,181,106,0,106,287
04/12/2021,NEW,LA,ASW,CE,Towers with Radar,0,6,54,2,62,0,5,71,4,80,0,11,125,6,142,130,6,136,278
04/13/2021,NEW,LA,ASW,CE,Towers with Radar,0,1,8,3,12,0,2,24,0,26,0,3,32,3,38,30,0,30,68
04/14/2021,NEW,LA,ASW,CE,Towers with Radar,0,7,26,3,36,0,0,8,1,9,0,7,34,4,45,4,0,4,49
04/15/2021,NEW,LA,ASW,CE,Towers with Radar,0,11,49,2,62,0,7,23,0,30,0,18,72,2,92,28,0,28,120
04/16/2021,NEW,LA,ASW,CE,Towers with Radar,0,6,39,2,47,0,1,5,2,8,0,7,44,4,55,0,40,40,95
04/17/2021,NEW,LA,ASW,CE,Towers with Radar,0,8,36,0,44,0,0,2,1,3,0,8,38,1,47,0,24,24,71
04/18/2021,NEW,LA,ASW,CE,Towers with Radar,0,19,64,5,88,0,11,106,11,128,0,30,170,16,216,58,0,58,274
04/19/2021,NEW,LA,ASW,CE,Towers with Radar,0,9,48,0,57,0,5,46,0,51,0,14,94,0,108,90,0,90,198
04/20/2021,NEW,LA,ASW,CE,Towers with Radar,0,10,55,5,70,0,4,59,8,71,0,14,114,13,141,136,6,142,283
04/21/2021,NEW,LA,ASW,CE,Towers with Radar,0,18,39,4,61,0,7,63,0,70,0,25,102,4,131,46,0,46,177
04/22/2021,NEW,LA,ASW,CE,Towers with Radar,0,14,65,2,81,0,8,87,6,101,0,22,152,8,182,84,2,86,268
04/23/2021,NEW,LA,ASW,CE,Towers with Radar,0,12,55,3,70,0,6,48,4,58,0,18,103,7,128,92,0,92,220
04/24/2021,NEW,LA,ASW,CE,Towers with Radar,0,16,21,0,37,0,5,41,0,46,0,21,62,0,83,66,0,66,149
04/25/2021,NEW,LA,ASW,CE,Towers with Radar,0,19,76,6,101,0,5,122,4,131,0,24,198,10,232,124,0,124,356
04/26/2021,NEW,LA,ASW,CE,Towers with Radar,0,5,52,10,67,0,3,81,5,89,0,8,133,15,156,60,6,66,222
04/27/2021,NEW,LA,ASW,CE,Towers with Radar,0,4,63,3,70,0,6,40,2,48,0,10,103,5,118,114,0,114,232
04/28/2021,NEW,LA,ASW,CE,Towers with Radar,0,8,56,4,68,0,2,52,3,57,0,10,108,7,125,126,0,126,251
04/29/2021,NEW,LA,ASW,CE,Towers with Radar,0,6,84,4,94,0,10,43,6,59,0,16,127,10,153,194,2,196,349
04/30/2021,NEW,LA,ASW,CE,Towers with Radar,0,20,81,1,102,0,5,50,0,55,0,25,131,1,157,70,0,70,227
05/01/2021,NEW,LA,ASW,CE,Towers with Radar,0,12,30,0,42,0,12,92,0,104,0,24,122,0,146,28,0,28,174
05/02/2021,NEW,LA,ASW,CE,Towers with Radar,0,11,57,1,69,0,5,42,1,48,0,16,99,2,117,38,0,38,155
05/03/2021,NEW,LA,ASW,CE,Towers with Radar,0,7,43,2,52,0,3,37,0,40,0,10,80,2,92,80,0,80,172
05/04/2021,NEW,LA,ASW,CE,Towers with Radar,0,7,29,4,40,0,5,18,0,23,0,12,47,4,63,24,0,24,87
05/05/2021,NEW,LA,ASW,CE,Towers with Radar,0,8,42,2,52,0,1,11,0,12,0,9,53,2,64,64,0,64,128
05/06/2021,NEW,LA,ASW,CE,Towers with Radar,0,9,41,2,52,0,8,69,3,80,0,17,110,5,132,168,0,168,300
05/07/2021,NEW,LA,ASW,CE,Towers with Radar,0,12,77,14,103,0,4,68,4,76,0,16,145,18,179,192,14,206,385
05/08/2021,NEW,LA,ASW,CE,Towers with Radar,0,11,40,1,52,0,3,113,4,120,0,14,153,5,172,106,0,106,278
05/09/2021,NEW,LA,ASW,CE,Towers with Radar,0,11,46,11,68,0,4,94,0,98,0,15,140,11,166,92,8,100,266
05/10/2021,NEW,LA,ASW,CE,Towers with Radar,0,5,30,1,36,0,1,21,1,23,0,6,51,2,59,32,0,32,91
05/11/2021,NEW,LA,ASW,CE,Towers with Radar,0,1,39,0,40,0,0,21,2,23,0,1,60,2,63,38,6,44,107
05/12/2021,NEW,LA,ASW,CE,Towers with Radar,0,5,54,0,59,0,4,29,2,35,0,9,83,2,94,122,0,122,216
05/13/2021,NEW,LA,ASW,CE,Towers with Radar,0,18,79,9,106,0,12,59,4,75,0,30,138,13,181,64,12,76,257
05/14/2021,NEW,LA,ASW,CE,Towers with Radar,0,8,64,4,76,0,1,98,2,101,0,9,162,6,177,96,0,96,273
05/15/2021,NEW,LA,ASW,CE,Towers with Radar,0,14,50,12,76,0,7,98,2,107,0,21,148,14,183,84,6,90,273
05/16/2021,NEW,LA,ASW,CE,Towers with Radar,0,16,96,2,114,0,2,59,3,64,0,18,155,5,178,102,0,102,280
05/17/2021,NEW,LA,ASW,CE,Towers with Radar,0,6,43,4,53,0,4,28,2,34,0,10,71,6,87,4,0,4,91
05/18/2021,NEW,LA,ASW,CE,Towers with Radar,0,7,36,0,43,0,3,19,1,23,0,10,55,1,66,94,2,96,162
05/19/2021,NEW,LA,ASW,CE,Towers with Radar,0,7,43,0,50,0,3,13,0,16,0,10,56,0,66,0,0,0,66
05/20/2021,NEW,LA,ASW,CE,Towers with Radar,0,13,43,1,57,0,3,2,0,5,0,16,45,1,62,0,0,0,62
05/21/2021,NEW,LA,ASW,CE,Towers with Radar,0,24,63,34,121,0,3,25,7,35,0,27,88,41,156,8,14,22,178
05/22/2021,NEW,LA,ASW,CE,Towers with Radar,0,7,37,1,45,0,9,62,3,74,0,16,99,4,119,36,0,36,155
05/23/2021,NEW,LA,ASW,CE,Towers with Radar,0,24,90,14,128,0,4,92,8,104,0,28,182,22,232,62,0,62,294
05/24/2021,NEW,LA,ASW,CE,Towers with Radar,0,14,57,1,72,0,3,90,5,98,0,17,147,6,170,84,0,84,254
05/25/2021,NEW,LA,ASW,CE,Towers with Radar,0,12,42,6,60,0,4,58,10,72,0,16,100,16,132,94,8,102,234
05/26/2021,NEW,LA,ASW,CE,Towers with Radar,0,7,69,6,82,0,7,81,3,91,0,14,150,9,173,90,14,104,277
05/27/2021,NEW,LA,ASW,CE,Towers with Radar,0,10,49,7,66,0,6,92,7,105,0,16,141,14,171,208,6,214,385
05/28/2021,NEW,LA,ASW,CE,Towers with Radar,0,8,79,0,87,0,7,85,0,92,0,15,164,0,179,80,0,80,259
05/29/2021,NEW,LA,ASW,CE,Towers with Radar,0,11,49,0,60,0,5,92,0,97,0,16,141,0,157,90,0,90,247
05/30/2021,NEW,LA,ASW,CE,Towers with Radar,0,9,46,0,55,0,4,92,2,98,0,13,138,2,153,84,0,84,237
05/31/2021,NEW,LA,ASW,CE,Towers with Radar,0,1,62,2,65,0,2,63,0,65,0,3,125,2,130,88,0,88,218
06/01/2021,NEW,LA,ASW,CE,Towers with Radar,0,0,33,1,34,0,6,47,1,54,0,6,80,2,88,72,0,72,160
06/02/2021,NEW,LA,ASW,CE,Towers with Radar,0,10,51,0,61,0,5,26,0,31,0,15,77,0,92,76,0,76,168
06/03/2021,NEW,LA,ASW,CE,Towers with Radar,0,9,58,2,69,0,6,20,5,31,0,15,78,7,100,80,6,86,186
06/04/2021,NEW,LA,ASW,CE,Towers with Radar,0,11,57,2,70,0,1,62,0,63,0,12,119,2,133,108,4,112,245
06/05/2021,NEW,LA,ASW,CE,Towers with Radar,0,6,27,1,34,0,2,23,0,25,0,8,50,1,59,40,0,40,99
06/06/2021,NEW,LA,ASW,CE,Towers with Radar,0,11,59,1,71,0,0,11,0,11,0,11,70,1,82,32,0,32,114
06/07/2021,NEW,LA,ASW,CE,Towers with Radar,0,5,39,6,50,0,4,41,2,47,0,9,80,8,97,118,8,126,223
06/08/2021,NEW,LA,ASW,CE,Towers with Radar,0,9,33,8,50,0,2,65,2,69,0,11,98,10,119,128,0,128,247
06/09/2021,NEW,LA,ASW,CE,Towers with Radar,0,16,48,2,66,0,3,51,0,54,0,19,99,2,120,71,0,71,191
06/10/2021,NEW,LA,ASW,CE,Towers with Radar,0,9,65,8,82,0,6,79,7,92,0,15,144,15,174,74,7,81,255
06/11/2021,NEW,LA,ASW,CE,Towers with Radar,0,11,53,18,82,0,11,87,3,101,0,22,140,21,183,158,4,162,345
06/12/2021,NEW,LA,ASW,CE,Towers with Radar,0,7,45,14,66,0,7,95,8,110,0,14,140,22,176,88,4,92,268
06/13/2021,NEW,LA,ASW,CE,Towers with Radar,0,13,70,3,86,0,3,60,0,63,0,16,130,3,149,46,0,46,195
06/14/2021,NEW,LA,ASW,CE,Towers with Radar,0,10,50,1,61,0,5,65,5,75,0,15,115,6,136,146,4,150,286
06/15/2021,NEW,LA,ASW,CE,Towers with Radar,0,7,40,4,51,0,7,53,4,64,0,14,93,8,115,62,0,62,177
06/16/2021,NEW,LA,ASW,CE,Towers with Radar,0,10,46,1,57,0,8,87,1,96,0,18,133,2,153,82,0,82,235
06/17/2021,NEW,LA,ASW,CE,Towers with Radar,0,17,57,8,82,0,12,91,4,107,0,29,148,12,189,148,10,158,347
06/18/2021,NEW,LA,ASW,CE,Towers with Radar,0,4,30,1,35,0,5,3,0,8,0,9,33,1,43,56,0,56,99
06/19/2021,NEW,LA,ASW,CE,Towers with Radar,0,5,13,1,19,0,3,30,0,33,0,8,43,1,52,16,0,16,68
06/20/2021,NEW,LA,ASW,CE,Towers with Radar,0,7,27,0,34,0,0,46,0,46,0,7,73,0,80,0,0,0,80
06/21/2021,NEW,LA,ASW,CE,Towers with Radar,0,7,31,1,39,0,0,20,3,23,0,7,51,4,62,68,2,70,132
06/22/2021,NEW,LA,ASW,CE,Towers with Radar,0,7,25,2,34,0,6,26,0,32,0,13,51,2,66,90,0,90,156
06/23/2021,NEW,LA,ASW,CE,Towers with Radar,0,6,55,1,62,0,9,39,0,48,0,15,94,1,110,120,0,120,230
06/24/2021,NEW,LA,ASW,CE,Towers with Radar,0,13,47,2,62,0,1,42,3,46,0,14,89,5,108,92,6,98,206
06/25/2021,NEW,LA,ASW,CE,Towers with Radar,0,17,61,1,79,0,9,51,0,60,0,26,112,1,139,76,0,76,215
06/26/2021,NEW,LA,ASW,CE,Towers with Radar,0,13,36,7,56,0,8,78,1,87,0,21,114,8,143,90,8,98,241
06/27/2021,NEW,LA,ASW,CE,Towers with Radar,0,8,60,1,69,0,8,43,0,51,0,16,103,1,120,26,0,26,146
06/28/2021,NEW,LA,ASW,CE,Towers with Radar,0,8,33,6,47,0,3,56,2,61,0,11,89,8,108,126,10,136,244
06/29/2021,NEW,LA,ASW,CE,Towers with Radar,0,8,35,1,44,0,3,60,0,63,0,11,95,1,107,200,0,200,307
06/30/2021,NEW,LA,ASW,CE,Towers with Radar,0,5,48,2,55,0,4,71,8,83,0,9,119,10,138,146,0,146,284
07/01/2021,NEW,LA,ASW,CE,Towers with Radar,0,10,32,6,48,0,9,34,4,47,0,19,66,10,95,146,6,152,247
07/02/2021,NEW,LA,ASW,CE,Towers with Radar,0,5,34,3,42,0,7,55,0,62,0,12,89,3,104,148,0,148,252
07/03/2021,NEW,LA,ASW,CE,Towers with Radar,0,7,25,2,34,0,3,17,0,20,0,10,42,2,54,90,0,90,144
07/04/2021,NEW,LA,ASW,CE,Towers with Radar,0,3,24,0,27,0,7,39,0,46,0,10,63,0,73,16,0,16,89
07/05/2021,NEW,LA,ASW,CE,Towers with Radar,0,3,54,0,57,0,2,70,0,72,0,5,124,0,129,156,0,156,285
07/06/2021,NEW,LA,ASW,CE,Towers with Radar,0,6,28,15,49,0,10,46,0,56,0,16,74,15,105,184,2,186,291
07/07/2021,NEW,LA,ASW,CE,Towers with Radar,0,1,39,7,47,0,20,55,2,77,0,21,94,9,124,126,10,136,260
07/08/2021,NEW,LA,ASW,CE,Towers with Radar,0,3,41,3,47,0,7,58,2,67,0,10,99,5,114,136,0,136,250
07/09/2021,NEW,LA,ASW,CE,Towers with Radar,0,4,41,7,52,0,1,44,2,47,0,5,85,9,99,82,6,88,187
07/10/2021,NEW,LA,ASW,CE,Towers with Radar,0,8,31,1,40,0,6,70,3,79,0,14,101,4,119,126,0,126,245
07/11/2021,NEW,LA,ASW,CE,Towers with Radar,0,6,47,6,59,0,3,57,0,60,0,9,104,6,119,62,0,62,181
07/12/2021,NEW,LA,ASW,CE,Towers with Radar,0,7,29,4,40,0,2,53,0,55,0,9,82,4,95,68,0,68,163
07/13/2021,NEW,LA,ASW,CE,Towers with Radar,0,3,31,3,37,0,2,64,3,69,0,5,95,6,106,130,0,130,236
07/14/2021,NEW,LA,ASW,CE,Towers with Radar,0,7,54,1,62,0,4,59,4,67,0,11,113,5,129,196,2,198,327
07/15/2021,NEW,LA,ASW,CE,Towers with Radar,0,2,53,5,60,0,4,68,2,74,0,6,121,7,134,150,6,156,290
07/16/2021,NEW,LA,ASW,CE,Towers with Radar,0,6,44,4,54,0,9,55,0,64,0,15,99,4,118,92,0,92,210
07/17/2021,NEW,LA,ASW,CE,Towers with Radar,0,6,38,5,49,0,11,72,2,85,0,17,110,7,134,132,0,132,266
07/18/2021,NEW,LA,ASW,CE,Towers with Radar,0,9,43,2,54,0,4,73,0,77,0,13,116,2,131,156,0,156,287
07/19/2021,NEW,LA,ASW,CE,Towers with Radar,0,7,40,2,49,0,5,59,0,64,0,12,99,2,113,68,0,68,181
07/20/2021,NEW,LA,ASW,CE,Towers with Radar,0,3,23,0,26,0,0,31,0,31,0,3,54,0,57,48,24,72,129
07/21/2021,NEW,LA,ASW,CE,Towers with Radar,0,13,42,4,59,0,7,67,1,75,0,20,109,5,134,106,2,108,242
07/22/2021,NEW,LA,ASW,CE,Towers with Radar,0,9,63,2,74,0,8,72,1,81,0,17,135,3,155,100,10,110,265
07/23/2021,NEW,LA,ASW,CE,Towers with Radar,0,9,71,13,93,0,3,74,4,81,0,12,145,17,174,72,0,72,246
07/24/2021,NEW,LA,ASW,CE,Towers with Radar,0,8,32,2,42,0,0,98,0,98,0,8,130,2,140,100,0,100,240
07/25/2021,NEW,LA,ASW,CE,Towers with Radar,0,7,54,6,67,0,8,79,2,89,0,15,133,8,156,92,0,92,248
07/26/2021,NEW,LA,ASW,CE,Towers with Radar,0,7,28,2,37,0,7,76,2,85,0,14,104,4,122,80,10,90,212
07/27/2021,NEW,LA,ASW,CE,Towers with Radar,0,3,49,7,59,0,4,76,2,82,0,7,125,9,141,86,4,90,231
07/28/2021,NEW,LA,ASW,CE,Towers with Radar,0,5,33,6,44,0,12,88,3,103,0,17,121,9,147,64,2,66,213
07/29/2021,NEW,LA,ASW,CE,Towers with Radar,0,3,42,1,46,0,10,108,8,126,0,13,150,9,172,100,10,110,282
07/30/2021,NEW,LA,ASW,CE,Towers with Radar,0,15,49,7,71,0,14,109,3,126,0,29,158,10,197,88,0,88,285
07/31/2021,NEW,LA,ASW,CE,Towers with Radar,0,0,31,3,34,0,4,88,0,92,0,4,119,3,126,98,4,102,228
08/01/2021,NEW,LA,ASW,CE,Towers with Radar,0,15,36,8,59,0,9,59,2,70,0,24,95,10,129,128,0,128,257
08/02/2021,NEW,LA,ASW,CE,Towers with Radar,0,4,34,0,38,0,0,40,1,41,0,4,74,1,79,94,6,100,179
08/03/2021,NEW,LA,ASW,CE,Towers with Radar,0,0,37,4,41,0,1,22,3,26,0,1,59,7,67,24,30,54,121
08/04/2021,NEW,LA,ASW,CE,Towers with Radar,0,6,57,0,63,0,3,57,0,60,0,9,114,0,123,50,2,52,175
08/05/2021,NEW,LA,ASW,CE,Towers with Radar,0,2,77,11,90,0,15,69,5,89,0,17,146,16,179,144,12,156,335
08/06/2021,NEW,LA,ASW,CE,Towers with Radar,0,2,56,6,64,0,8,67,4,79,0,10,123,10,143,74,0,74,217
08/07/2021,NEW,LA,ASW,CE,Towers with Radar,0,10,35,5,50,0,9,53,2,64,0,19,88,7,114,86,0,86,200
08/08/2021,NEW,LA,ASW,CE,Towers with Radar,0,8,41,3,52,0,12,67,2,81,0,20,108,5,133,102,0,102,235
08/09/2021,NEW,LA,ASW,CE,Towers with Radar,0,6,29,4,39,0,3,37,1,41,0,9,66,5,80,68,10,78,158
08/10/2021,NEW,LA,ASW,CE,Towers with Radar,0,7,46,7,60,0,12,46,5,63,0,19,92,12,123,46,3,49,172
08/11/2021,NEW,LA,ASW,CE,Towers with Radar,0,9,57,2,68,0,16,43,3,62,0,25,100,5,130,100,6,106,236
08/12/2021,NEW,LA,ASW,CE,Towers with Radar,0,7,36,0,43,0,1,38,3,42,0,8,74,3,85,94,0,94,179
08/13/2021,NEW,LA,ASW,CE,Towers with Radar,0,9,55,1,65,0,7,69,2,78,0,16,124,3,143,42,0,42,185
08/14/2021,NEW,LA,ASW,CE,Towers with Radar,0,6,40,10,56,0,7,122,4,133,0,13,162,14,189,134,16,150,339
08/15/2021,NEW,LA,ASW,CE,Towers with Radar,0,5,45,4,54,0,3,83,1,87,0,8,128,5,141,98,2,100,241
08/16/2021,NEW,LA,ASW,CE,Towers with Radar,0,18,29,1,48,0,7,64,1,72,0,25,93,2,120,66,8,74,194
08/17/2021,NEW,LA,ASW,CE,Towers with Radar,0,7,35,12,54,0,5,64,5,74,0,12,99,17,128,46,2,48,176
08/18/2021,NEW,LA,ASW,CE,Towers with Radar,0,12,36,4,52,0,4,52,10,66,0,16,88,14,118,60,0,60,178
08/19/2021,NEW,LA,ASW,CE,Towers with Radar,0,5,48,5,58,0,3,53,4,60,0,8,101,9,118,108,10,118,236
08/20/2021,NEW,LA,ASW,CE,Towers with Radar,0,12,41,1,54,0,6,81,2,89,0,18,122,3,143,76,0,76,219
08/21/2021,NEW,LA,ASW,CE,Towers with Radar,0,11,31,2,44,0,4,97,0,101,0,15,128,2,145,98,0,98,243
08/22/2021,NEW,LA,ASW,CE,Towers with Radar,0,9,31,2,42,0,1,63,1,65,0,10,94,3,107,102,0,102,209
08/23/2021,NEW,LA,ASW,CE,Towers with Radar,0,8,33,12,53,0,0,48,3,51,0,8,81,15,104,58,6,64,168
08/24/2021,NEW,LA,ASW,CE,Towers with Radar,0,9,41,8,58,0,5,85,2,92,0,14,126,10,150,68,0,68,218
08/25/2021,NEW,LA,ASW,CE,Towers with Radar,0,4,32,0,36,0,5,56,2,63,0,9,88,2,99,64,4,68,167
08/26/2021,NEW,LA,ASW,CE,Towers with Radar,0,13,28,0,41,0,7,28,1,36,0,20,56,1,77,58,0,58,135
08/27/2021,NEW,LA,ASW,CE,Towers with Radar,0,5,58,8,71,0,1,15,0,16,0,6,73,8,87,0,0,0,87
08/28/2021,NEW,LA,ASW,CE,Towers with Radar,0,7,59,0,66,0,1,14,0,15,0,8,73,0,81,0,0,0,81
08/29/2021,NEW,LA,ASW,CE,Towers with Radar,0,0,0,0,0,0,0,0,0,0,0,0,0,0,0,0,0,0,0
08/30/2021,NEW,LA,ASW,CE,Towers with Radar,0,0,0,0,0,0,0,2,0,2,0,0,2,0,2,0,0,0,2
08/31/2021,NEW,LA,ASW,CE,Towers with Radar,0,0,1,0,1,0,0,1,0,1,0,0,2,0,2,0,0,0,2
09/01/2021,NEW,LA,ASW,CE,Towers with Radar,0,0,2,0,2,0,0,2,0,2,0,0,4,0,4,0,0,0,4
09/02/2021,NEW,LA,ASW,CE,Towers with Radar,0,1,11,0,12,0,9,43,4,56,0,10,54,4,68,2,0,2,70
09/03/2021,NEW,LA,ASW,CE,Towers with Radar,0,2,17,0,19,0,6,16,2,24,0,8,33,2,43,0,0,0,43
09/04/2021,NEW,LA,ASW,CE,Towers with Radar,0,2,12,2,16,0,12,25,0,37,0,14,37,2,53,0,0,0,53
09/05/2021,NEW,LA,ASW,CE,Towers with Radar,0,0,16,2,18,0,5,14,6,25,0,5,30,8,43,0,0,0,43
09/06/2021,NEW,LA,ASW,CE,Towers with Radar,0,2,18,0,20,0,1,14,0,15,0,3,32,0,35,0,0,0,35
09/07/2021,NEW,LA,ASW,CE,Towers with Radar,0,6,29,0,35,0,2,22,0,24,0,8,51,0,59,20,0,20,79
09/08/2021,NEW,LA,ASW,CE,Towers with Radar,0,5,26,0,31,0,3,20,0,23,0,8,46,0,54,56,0,56,110
09/09/2021,NEW,LA,ASW,CE,Towers with Radar,0,2,26,0,28,0,5,46,0,51,0,7,72,0,79,3,0,3,82
09/10/2021,NEW,LA,ASW,CE,Towers with Radar,0,8,45,0,53,0,1,49,0,50,0,9,94,0,103,14,0,14,117
09/11/2021,NEW,LA,ASW,CE,Towers with Radar,0,8,18,4,30,0,9,53,2,64,0,17,71,6,94,32,0,32,126
09/12/2021,NEW,LA,ASW,CE,Towers with Radar,0,7,24,0,31,0,2,14,0,16,0,9,38,0,47,6,0,6,53
09/13/2021,NEW,LA,ASW,CE,Towers with Radar,0,8,37,0,45,0,2,20,1,23,0,10,57,1,68,30,0,30,98
09/14/2021,NEW,LA,ASW,CE,Towers with Radar,0,1,12,0,13,0,1,1,0,2,0,2,13,0,15,0,0,0,15
09/15/2021,NEW,LA,ASW,CE,Towers with Radar,0,0,21,0,21,0,1,1,0,2,0,1,22,0,23,14,0,14,37
09/16/2021,NEW,LA,ASW,CE,Towers with Radar,0,4,41,1,46,0,4,24,1,29,0,8,65,2,75,36,0,36,111
09/17/2021,NEW,LA,ASW,CE,Towers with Radar,0,5,23,0,28,0,5,13,1,19,0,10,36,1,47,46,0,46,93
09/18/2021,NEW,LA,ASW,CE,Towers with Radar,0,8,26,3,37,0,1,30,0,31,0,9,56,3,68,36,6,42,110
09/19/2021,NEW,LA,ASW,CE,Towers with Radar,0,6,37,2,45,0,6,24,0,30,0,12,61,2,75,80,0,80,155
09/20/2021,NEW,LA,ASW,CE,Towers with Radar,0,3,39,3,45,0,3,37,0,40,0,6,76,3,85,34,8,42,127
09/21/2021,NEW,LA,ASW,CE,Towers with Radar,0,2,45,2,49,0,3,26,0,29,0,5,71,2,78,84,0,84,162
09/22/2021,NEW,LA,ASW,CE,Towers with Radar,0,1,46,4,51,0,8,46,2,56,0,9,92,6,107,34,0,34,141
09/23/2021,NEW,LA,ASW,CE,Towers with Radar,0,3,47,4,54,0,6,65,0,71,0,9,112,4,125,84,0,84,209
09/24/2021,NEW,LA,ASW,CE,Towers with Radar,0,12,50,2,64,0,9,82,2,93,0,21,132,4,157,64,0,64,221
09/25/2021,NEW,LA,ASW,CE,Towers with Radar,0,4,34,6,44,0,17,74,0,91,0,21,108,6,135,64,20,84,219
09/26/2021,NEW,LA,ASW,CE,Towers with Radar,0,4,50,2,56,0,2,74,1,77,0,6,124,3,133,88,0,88,221
09/27/2021,NEW,LA,ASW,CE,Towers with Radar,0,9,55,0,64,0,3,39,3,45,0,12,94,3,109,38,6,44,153
09/28/2021,NEW,LA,ASW,CE,Towers with Radar,0,4,41,8,53,0,2,12,0,14,0,6,53,8,67,80,0,80,147
09/29/2021,NEW,LA,ASW,CE,Towers with Radar,0,11,28,2,41,0,2,6,0,8,0,13,34,2,49,20,0,20,69
09/30/2021,NEW,LA,ASW,CE,Towers with Radar,0,10,58,8,76,0,8,52,3,63,0,18,110,11,139,42,0,42,181
10/01/2021,NEW,LA,ASW,CE,Towers with Radar,0,15,68,6,89,0,2,58,4,64,0,17,126,10,153,86,0,86,239
10/02/2021,NEW,LA,ASW,CE,Towers with Radar,0,17,45,32,94,0,4,49,2,55,0,21,94,34,149,40,0,40,189
10/03/2021,NEW,LA,ASW,CE,Towers with Radar,0,24,72,3,99,0,0,43,0,43,0,24,115,3,142,22,0,22,164
10/04/2021,NEW,LA,ASW,CE,Towers with Radar,0,13,31,9,53,0,5,37,0,42,0,18,68,9,95,106,0,106,201
10/05/2021,NEW,LA,ASW,CE,Towers with Radar,0,7,39,7,53,0,2,46,1,49,0,9,85,8,102,38,0,38,140
10/06/2021,NEW,LA,ASW,CE,Towers with Radar,0,8,64,2,74,0,4,71,0,75,0,12,135,2,149,74,0,74,223
10/07/2021,NEW,LA,ASW,CE,Towers with Radar,0,6,60,2,68,0,1,68,4,73,0,7,128,6,141,50,0,50,191
10/08/2021,NEW,LA,ASW,CE,Towers with Radar,0,10,53,1,64,0,8,70,0,78,0,18,123,1,142,78,0,78,220
10/09/2021,NEW,LA,ASW,CE,Towers with Radar,0,14,32,5,51,0,10,97,0,107,0,24,129,5,158,52,4,56,214
10/10/2021,NEW,LA,ASW,CE,Towers with Radar,0,15,63,2,80,0,0,87,0,87,0,15,150,2,167,88,0,88,255
10/11/2021,NEW,LA,ASW,CE,Towers with Radar,0,20,41,1,62,0,7,71,0,78,0,27,112,1,140,38,0,38,178
10/12/2021,NEW,LA,ASW,CE,Towers with Radar,0,12,45,0,57,0,6,42,2,50,0,18,87,2,107,26,8,34,141
10/13/2021,NEW,LA,ASW,CE,Towers with Radar,0,6,46,0,52,0,3,56,0,59,0,9,102,0,111,72,0,72,183
10/14/2021,NEW,LA,ASW,CE,Towers with Radar,0,7,56,7,70,0,0,58,1,59,0,7,114,8,129,48,18,66,195
10/15/2021,NEW,LA,ASW,CE,Towers with Radar,0,12,68,1,81,0,12,68,4,84,0,24,136,5,165,88,22,110,275
10/16/2021,NEW,LA,ASW,CE,Towers with Radar,0,9,30,3,42,0,10,60,2,72,0,19,90,5,114,16,0,16,130
10/17/2021,NEW,LA,ASW,CE,Towers with Radar,0,8,74,4,86,0,2,57,1,60,0,10,131,5,146,106,0,106,252
10/18/2021,NEW,LA,ASW,CE,Towers with Radar,0,8,32,1,41,0,0,29,4,33,0,8,61,5,74,0,0,0,74
10/19/2021,NEW,LA,ASW,CE,Towers with Radar,0,11,42,6,59,0,1,35,5,41,0,12,77,11,100,0,0,0,100
10/20/2021,NEW,LA,ASW,CE,Towers with Radar,0,16,72,3,91,0,8,40,1,49,0,24,112,4,140,68,0,68,208
10/21/2021,NEW,LA,ASW,CE,Towers with Radar,0,9,69,0,78,0,4,39,2,45,0,13,108,2,123,44,32,76,199
10/22/2021,NEW,LA,ASW,CE,Towers with Radar,0,6,81,10,97,0,3,83,9,95,0,9,164,19,192,90,0,90,282
10/23/2021,NEW,LA,ASW,CE,Towers with Radar,0,11,37,2,50,0,1,96,4,101,0,12,133,6,151,132,0,132,283
10/24/2021,NEW,LA,ASW,CE,Towers with Radar,0,16,69,4,89,0,0,70,3,73,0,16,139,7,162,76,0,76,238
10/25/2021,NEW,LA,ASW,CE,Towers with Radar,0,22,84,1,107,0,2,57,5,64,0,24,141,6,171,122,0,122,293
10/26/2021,NEW,LA,ASW,CE,Towers with Radar,0,9,54,8,71,0,5,52,5,62,0,14,106,13,133,144,2,146,279
10/27/2021,NEW,LA,ASW,CE,Towers with Radar,0,6,32,0,38,0,4,27,4,35,0,10,59,4,73,30,0,30,103
10/28/2021,NEW,LA,ASW,CE,Towers with Radar,0,9,33,2,44,0,1,26,0,27,0,10,59,2,71,0,0,0,71
10/29/2021,NEW,LA,ASW,CE,Towers with Radar,0,10,63,6,79,0,6,41,2,49,0,16,104,8,128,4,0,4,132
10/30/2021,NEW,LA,ASW,CE,Towers with Radar,0,12,75,5,92,0,11,102,1,114,0,23,177,6,206,118,0,118,324
10/31/2021,NEW,LA,ASW,CE,Towers with Radar,0,24,73,5,102,0,0,79,5,84,0,24,152,10,186,74,0,74,260
11/01/2021,NEW,LA,ASW,CE,Towers with Radar,0,17,85,1,103,0,0,90,0,90,0,17,175,1,193,70,0,70,263
11/02/2021,NEW,LA,ASW,CE,Towers with Radar,0,6,61,8,75,0,3,87,3,93,0,9,148,11,168,114,0,114,282
11/03/2021,NEW,LA,ASW,CE,Towers with Radar,0,11,48,1,60,0,1,41,1,43,0,12,89,2,103,24,0,24,127
11/04/2021,NEW,LA,ASW,CE,Towers with Radar,0,26,72,4,102,0,0,41,2,43,0,26,113,6,145,84,0,84,229
11/05/2021,NEW,LA,ASW,CE,Towers with Radar,0,13,107,20,140,0,1,26,3,30,0,14,133,23,170,132,0,132,302
11/06/2021,NEW,LA,ASW,CE,Towers with Radar,0,13,53,0,66,0,4,102,1,107,0,17,155,1,173,92,10,102,275
11/07/2021,NEW,LA,ASW,CE,Towers with Radar,0,28,107,5,140,0,8,95,13,116,0,36,202,18,256,98,4,102,358
11/08/2021,NEW,LA,ASW,CE,Towers with Radar,0,11,55,8,74,0,1,68,2,71,0,12,123,10,145,42,10,52,197
11/09/2021,NEW,LA,ASW,CE,Towers with Radar,0,12,43,0,55,0,3,56,5,64,0,15,99,5,119,112,0,112,231
11/10/2021,NEW,LA,ASW,CE,Towers with Radar,0,15,78,4,97,0,3,48,2,53,0,18,126,6,150,54,0,54,204
11/11/2021,NEW,LA,ASW,CE,Towers with Radar,0,29,80,0,109,0,8,51,0,59,0,37,131,0,168,42,0,42,210
11/12/2021,NEW,LA,ASW,CE,Towers with Radar,0,25,105,0,130,0,4,99,0,103,0,29,204,0,233,138,0,138,371
11/13/2021,NEW,LA,ASW,CE,Towers with Radar,0,19,60,0,79,0,5,79,0,84,0,24,139,0,163,46,0,46,209
11/14/2021,NEW,LA,ASW,CE,Towers with Radar,0,32,116,2,150,0,4,97,0,101,0,36,213,2,251,76,0,76,327
11/15/2021,NEW,LA,ASW,CE,Towers with Radar,0,12,53,3,68,0,10,61,2,73,0,22,114,5,141,75,24,99,240
11/16/2021,NEW,LA,ASW,CE,Towers with Radar,0,14,51,2,67,0,6,65,3,74,0,20,116,5,141,114,18,132,273
11/17/2021,NEW,LA,ASW,CE,Towers with Radar,0,12,58,6,76,0,7,60,2,69,0,19,118,8,145,80,0,80,225
11/18/2021,NEW,LA,ASW,CE,Towers with Radar,0,12,50,2,64,0,2,31,5,38,0,14,81,7,102,66,0,66,168
11/19/2021,NEW,LA,ASW,CE,Towers with Radar,0,5,65,6,76,0,8,88,2,98,0,13,153,8,174,82,0,82,256
11/20/2021,NEW,LA,ASW,CE,Towers with Radar,0,10,52,0,62,0,9,79,0,88,0,19,131,0,150,52,0,52,202
11/21/2021,NEW,LA,ASW,CE,Towers with Radar,0,12,74,7,93,0,4,87,1,92,0,16,161,8,185,76,0,76,261
11/22/2021,NEW,LA,ASW,CE,Towers with Radar,0,10,42,5,57,0,3,36,3,42,0,13,78,8,99,2,0,2,101
11/23/2021,NEW,LA,ASW,CE,Towers with Radar,0,10,68,2,80,0,6,93,8,107,0,16,161,10,187,90,0,90,277
11/24/2021,NEW,LA,ASW,CE,Towers with Radar,0,10,69,2,81,0,2,97,0,99,0,12,166,2,180,72,0,72,252
11/25/2021,NEW,LA,ASW,CE,Towers with Radar,0,6,20,0,26,0,0,12,0,12,0,6,32,0,38,88,0,88,126
11/26/2021,NEW,LA,ASW,CE,Towers with Radar,0,16,43,0,59,0,5,38,0,43,0,21,81,0,102,60,0,60,162
11/27/2021,NEW,LA,ASW,CE,Towers with Radar,0,17,35,1,53,0,5,64,3,72,0,22,99,4,125,94,0,94,219
11/28/2021,NEW,LA,ASW,CE,Towers with Radar,0,20,96,0,116,0,3,63,0,66,0,23,159,0,182,106,0,106,288
11/29/2021,NEW,LA,ASW,CE,Towers with Radar,1,17,53,4,75,0,4,57,2,63,1,21,110,6,138,54,12,66,204
11/30/2021,NEW,LA,ASW,CE,Towers with Radar,0,16,56,9,81,0,4,84,4,92,0,20,140,13,173,132,12,144,317
12/01/2021,NEW,LA,ASW,CE,Towers with Radar,0,13,64,4,81,0,6,62,3,71,0,19,126,7,152,72,0,72,224
12/02/2021,NEW,LA,ASW,CE,Towers with Radar,0,32,122,5,159,0,4,69,4,77,0,36,191,9,236,102,6,108,344
12/03/2021,NEW,LA,ASW,CE,Towers with Radar,0,22,117,5,144,0,4,47,1,52,0,26,164,6,196,28,0,28,224
12/04/2021,NEW,LA,ASW,CE,Towers with Radar,0,20,57,1,78,0,9,75,6,90,0,29,132,7,168,58,0,58,226
12/05/2021,NEW,LA,ASW,CE,Towers with Radar,0,17,80,13,110,0,6,74,1,81,0,23,154,14,191,56,0,56,247
12/06/2021,NEW,LA,ASW,CE,Towers with Radar,0,8,45,4,57,0,0,26,1,27,0,8,71,5,84,88,2,90,174
12/07/2021,NEW,LA,ASW,CE,Towers with Radar,0,6,44,14,64,0,0,0,0,0,0,6,44,14,64,0,0,0,64
12/08/2021,NEW,LA,ASW,CE,Towers with Radar,0,16,54,0,70,0,6,30,0,36,0,22,84,0,106,14,0,14,120
12/09/2021,NEW,LA,ASW,CE,Towers with Radar,0,15,92,2,109,0,3,21,3,27,0,18,113,5,136,66,26,92,228
12/10/2021,NEW,LA,ASW,CE,Towers with Radar,0,12,97,0,109,0,1,45,2,48,0,13,142,2,157,52,0,52,209
12/11/2021,NEW,LA,ASW,CE,Towers with Radar,0,12,44,2,58,0,12,28,1,41,0,24,72,3,99,12,0,12,111
12/12/2021,NEW,LA,ASW,CE,Towers with Radar,0,17,78,5,100,0,5,99,1,105,0,22,177,6,205,108,0,108,313
12/13/2021,NEW,LA,ASW,CE,Towers with Radar,0,13,58,4,75,0,3,32,0,35,0,16,90,4,110,76,6,82,192
12/14/2021,NEW,LA,ASW,CE,Towers with Radar,0,11,66,4,81,0,2,22,0,24,0,13,88,4,105,30,0,30,135
12/15/2021,NEW,LA,ASW,CE,Towers with Radar,0,5,43,6,54,0,2,56,6,64,0,7,99,12,118,162,12,174,292
12/16/2021,NEW,LA,ASW,CE,Towers with Radar,0,8,75,5,88,0,7,46,3,56,0,15,121,8,144,118,0,118,262
12/17/2021,NEW,LA,ASW,CE,Towers with Radar,0,16,69,3,88,0,0,5,0,5,0,16,74,3,93,0,0,0,93
12/18/2021,NEW,LA,ASW,CE,Towers with Radar,0,4,26,2,32,0,1,15,0,16,0,5,41,2,48,8,0,8,56
12/19/2021,NEW,LA,ASW,CE,Towers with Radar,0,21,96,5,122,0,0,10,0,10,0,21,106,5,132,0,0,0,132
12/20/2021,NEW,LA,ASW,CE,Towers with Radar,0,8,34,2,44,0,2,44,2,48,0,10,78,4,92,16,0,16,108
12/21/2021,NEW,LA,ASW,CE,Towers with Radar,0,15,54,3,72,0,4,43,1,48,0,19,97,4,120,60,0,60,180
12/22/2021,NEW,LA,ASW,CE,Towers with Radar,0,9,36,7,52,0,6,55,2,63,0,15,91,9,115,18,0,18,133
12/23/2021,NEW,LA,ASW,CE,Towers with Radar,0,12,31,0,43,0,7,54,0,61,0,19,85,0,104,62,0,62,166
12/24/2021,NEW,LA,ASW,CE,Towers with Radar,0,5,25,0,30,0,6,27,0,33,0,11,52,0,63,28,0,28,91
12/25/2021,NEW,LA,ASW,CE,Towers with Radar,0,8,8,0,16,0,1,9,0,10,0,9,17,0,26,0,0,0,26
12/26/2021,NEW,LA,ASW,CE,Towers with Radar,0,6,66,0,72,0,5,52,0,57,0,11,118,0,129,52,0,52,181
12/27/2021,NEW,LA,ASW,CE,Towers with Radar,0,11,63,4,78,0,2,49,0,51,0,13,112,4,129,58,0,58,187
12/28/2021,NEW,LA,ASW,CE,Towers with Radar,0,11,46,0,57,0,1,27,0,28,0,12,73,0,85,0,0,0,85
12/29/2021,NEW,LA,ASW,CE,Towers with Radar,0,6,52,2,60,0,4,25,1,30,0,10,77,3,90,4,0,4,94
12/30/2021,NEW,LA,ASW,CE,Towers with Radar,0,15,92,7,114,0,2,46,1,49,0,17,138,8,163,26,0,26,189
12/31/2021,NEW,LA,ASW,CE,Towers with Radar,0,17,112,0,129,0,10,26,0,36,0,27,138,0,165,38,0,38,203
01/01/2022,NEW,LA,ASW,CE,Towers with Radar,0,22,83,0,105,0,2,7,0,9,0,24,90,0,114,0,0,0,114
01/02/2022,NEW,LA,ASW,CE,Towers with Radar,0,29,154,1,184,0,6,2,3,11,0,35,156,4,195,0,0,0,195
01/03/2022,NEW,LA,ASW,CE,Towers with Radar,0,9,98,0,107,0,4,56,0,60,0,13,154,0,167,23,0,23,190
01/04/2022,NEW,LA,ASW,CE,Towers with Radar,0,9,45,2,56,0,7,64,2,73,0,16,109,4,129,64,0,64,193
01/05/2022,NEW,LA,ASW,CE,Towers with Radar,0,3,47,2,52,0,8,60,0,68,0,11,107,2,120,34,0,34,154
01/06/2022,NEW,LA,ASW,CE,Towers with Radar,0,12,48,5,65,0,7,32,1,40,0,19,80,6,105,16,0,16,121
01/07/2022,NEW,LA,ASW,CE,Towers with Radar,0,9,34,3,46,0,6,50,2,58,0,15,84,5,104,92,0,92,196
01/08/2022,NEW,LA,ASW,CE,Towers with Radar,0,8,36,4,48,0,4,63,0,67,0,12,99,4,115,84,0,84,199
01/09/2022,NEW,LA,ASW,CE,Towers with Radar,0,9,31,2,42,0,2,21,0,23,0,11,52,2,65,6,0,6,71
01/10/2022,NEW,LA,ASW,CE,Towers with Radar,0,4,45,0,49,0,5,32,4,41,0,9,77,4,90,28,0,28,118
01/11/2022,NEW,LA,ASW,CE,Towers with Radar,0,4,44,4,52,0,6,45,4,55,0,10,89,8,107,60,0,60,167
01/12/2022,NEW,LA,ASW,CE,Towers with Radar,0,12,40,0,52,0,4,80,0,84,0,16,120,0,136,88,0,88,224
01/13/2022,NEW,LA,ASW,CE,Towers with Radar,0,8,70,9,87,0,13,80,0,93,0,21,150,9,180,96,0,96,276
01/14/2022,NEW,LA,ASW,CE,Towers with Radar,0,10,43,11,64,0,10,88,8,106,0,20,131,19,170,102,10,112,282
01/15/2022,NEW,LA,ASW,CE,Towers with Radar,0,7,17,7,31,0,3,20,0,23,0,10,37,7,54,0,0,0,54
01/16/2022,NEW,LA,ASW,CE,Towers with Radar,0,0,13,3,16,0,1,14,4,19,0,1,27,7,35,0,0,0,35
01/17/2022,NEW,LA,ASW,CE,Towers with Radar,0,15,54,3,72,0,5,80,0,85,0,20,134,3,157,122,0,122,279
01/18/2022,NEW,LA,ASW,CE,Towers with Radar,0,9,49,12,70,0,2,76,3,81,0,11,125,15,151,76,0,76,227
01/19/2022,NEW,LA,ASW,CE,Towers with Radar,0,10,65,4,79,0,5,60,0,65,0,15,125,4,144,82,0,82,226
01/20/2022,NEW,LA,ASW,CE,Towers with Radar,0,9,34,3,46,0,0,0,1,1,0,9,34,4,47,0,6,6,53
01/21/2022,NEW,LA,ASW,CE,Towers with Radar,0,15,34,7,56,0,6,41,4,51,0,21,75,11,107,22,12,34,141
01/22/2022,NEW,LA,ASW,CE,Towers with Radar,0,10,48,6,64,0,9,92,3,104,0,19,140,9,168,144,0,144,312
01/23/2022,NEW,LA,ASW,CE,Towers with Radar,0,9,49,2,60,0,4,78,5,87,0,13,127,7,147,160,0,160,307
01/24/2022,NEW,LA,ASW,CE,Towers with Radar,0,6,21,7,34,0,2,38,1,41,0,8,59,8,75,76,0,76,151
01/25/2022,NEW,LA,ASW,CE,Towers with Radar,0,7,39,2,48,0,0,4,0,4,0,7,43,2,52,16,0,16,68
01/26/2022,NEW,LA,ASW,CE,Towers with Radar,0,14,52,10,76,0,8,73,1,82,0,22,125,11,158,102,4,106,264
01/27/2022,NEW,LA,ASW,CE,Towers with Radar,0,4,63,9,76,0,9,65,3,77,0,13,128,12,153,94,0,94,247
01/28/2022,NEW,LA,ASW,CE,Towers with Radar,0,12,54,8,74,0,2,47,12,61,0,14,101,20,135,22,0,22,157
01/29/2022,NEW,LA,ASW,CE,Towers with Radar,0,14,45,1,60,0,11,103,2,116,0,25,148,3,176,100,0,100,276
01/30/2022,NEW,LA,ASW,CE,Towers with Radar,0,7,54,8,69,0,0,83,3,86,0,7,137,11,155,82,0,82,237
01/31/2022,NEW,LA,ASW,CE,Towers with Radar,0,7,60,5,72,0,9,44,0,53,0,16,104,5,125,76,0,76,201
02/01/2022,NEW,LA,ASW,CE,Towers with Radar,0,12,47,6,65,0,3,23,2,28,0,15,70,8,93,48,0,48,141
02/02/2022,NEW,LA,ASW,CE,Towers with Radar,0,7,67,5,79,0,0,0,0,0,0,7,67,5,79,0,0,0,79
02/03/2022,NEW,LA,ASW,CE,Towers with Radar,0,6,18,0,24,0,0,0,0,0,0,6,18,0,24,0,0,0,24
02/04/2022,NEW,LA,ASW,CE,Towers with Radar,0,7,55,0,62,0,0,2,0,2,0,7,57,0,64,0,0,0,64
02/05/2022,NEW,LA,ASW,CE,Towers with Radar,0,7,48,4,59,0,5,76,1,82,0,12,124,5,141,156,0,156,297
02/06/2022,NEW,LA,ASW,CE,Towers with Radar,0,8,70,10,88,0,6,96,3,105,0,14,166,13,193,122,0,122,315
02/07/2022,NEW,LA,ASW,CE,Towers with Radar,0,8,42,8,58,0,7,45,1,53,0,15,87,9,111,50,0,50,161
02/08/2022,NEW,LA,ASW,CE,Towers with Radar,0,7,59,5,71,0,4,60,5,69,0,11,119,10,140,120,4,124,264
02/09/2022,NEW,LA,ASW,CE,Towers with Radar,0,9,54,5,68,0,3,71,2,76,0,12,125,7,144,114,0,114,258
02/10/2022,NEW,LA,ASW,CE,Towers with Radar,0,6,67,5,78,0,14,80,4,98,0,20,147,9,176,82,0,82,258
02/11/2022,NEW,LA,ASW,CE,Towers with Radar,0,11,70,5,86,0,13,84,0,97,0,24,154,5,183,42,0,42,225
02/12/2022,NEW,LA,ASW,CE,Towers with Radar,0,10,35,8,53,0,4,95,1,100,0,14,130,9,153,60,0,60,213
02/13/2022,NEW,LA,ASW,CE,Towers with Radar,0,7,63,1,71,0,4,103,1,108,0,11,166,2,179,88,0,88,267
02/14/2022,NEW,LA,ASW,CE,Towers with Radar,0,2,44,7,53,0,3,119,2,124,0,5,163,9,177,88,0,88,265
02/15/2022,NEW,LA,ASW,CE,Towers with Radar,0,9,52,8,69,0,6,74,2,82,0,15,126,10,151,52,12,64,215
02/16/2022,NEW,LA,ASW,CE,Towers with Radar,0,7,52,2,61,0,4,33,0,37,0,11,85,2,98,54,0,54,152
02/17/2022,NEW,LA,ASW,CE,Towers with Radar,0,8,48,0,56,0,3,0,0,3,0,11,48,0,59,0,0,0,59
02/18/2022,NEW,LA,ASW,CE,Towers with Radar,0,8,64,23,95,0,5,51,4,60,0,13,115,27,155,58,0,58,213
02/19/2022,NEW,LA,ASW,CE,Towers with Radar,0,12,52,3,67,0,4,103,7,114,0,16,155,10,181,80,0,80,261
02/20/2022,NEW,LA,ASW,CE,Towers with Radar,0,9,75,16,100,0,8,87,8,103,0,17,162,24,203,64,0,64,267
02/21/2022,NEW,LA,ASW,CE,Towers with Radar,0,11,71,3,85,0,6,46,0,52,0,17,117,3,137,84,0,84,221
02/22/2022,NEW,LA,ASW,CE,Towers with Radar,0,13,75,9,97,0,2,32,0,34,0,15,107,9,131,50,0,50,181
02/23/2022,NEW,LA,ASW,CE,Towers with Radar,0,14,61,4,79,0,7,38,2,47,0,21,99,6,126,58,0,58,184
02/24/2022,NEW,LA,ASW,CE,Towers with Radar,0,26,70,2,98,0,2,47,5,54,0,28,117,7,152,62,0,62,214
02/25/2022,NEW,LA,ASW,CE,Towers with Radar,0,20,130,24,174,0,12,17,9,38,0,32,147,33,212,44,0,44,256
02/26/2022,NEW,LA,ASW,CE,Towers with Radar,0,26,69,3,98,0,7,29,4,40,0,33,98,7,138,54,0,54,192
02/27/2022,NEW,LA,ASW,CE,Towers with Radar,0,20,101,7,128,0,13,23,4,40,0,33,124,11,168,26,0,26,194
02/28/2022,NEW,LA,ASW,CE,Towers with Radar,0,18,77,2,97,0,9,62,0,71,0,27,139,2,168,92,0,92,260
03/01/2022,NEW,LA,ASW,CE,Towers with Radar,1,15,37,16,69,0,15,61,7,83,1,30,98,23,152,50,6,56,208
03/02/2022,NEW,LA,ASW,CE,Towers with Radar,0,12,85,2,99,0,13,64,3,80,0,25,149,5,179,68,34,102,281
03/03/2022,NEW,LA,ASW,CE,Towers with Radar,0,9,68,7,84,0,12,83,5,100,0,21,151,12,184,56,26,82,266
03/04/2022,NEW,LA,ASW,CE,Towers with Radar,0,23,86,5,114,0,14,72,2,88,0,37,158,7,202,100,8,108,310
03/05/2022,NEW,LA,ASW,CE,Towers with Radar,0,21,54,3,78,0,5,82,2,89,0,26,136,5,167,98,0,98,265
03/06/2022,NEW,LA,ASW,CE,Towers with Radar,0,26,96,7,129,0,1,50,1,52,0,27,146,8,181,90,0,90,271
03/07/2022,NEW,LA,ASW,CE,Towers with Radar,0,14,37,2,53,0,8,35,0,43,0,22,72,2,96,46,0,46,142
03/08/2022,NEW,LA,ASW,CE,Towers with Radar,0,10,42,7,59,0,0,5,0,5,0,10,47,7,64,0,0,0,64
03/09/2022,NEW,LA,ASW,CE,Towers with Radar,0,13,54,2,69,0,0,15,4,19,0,13,69,6,88,74,14,88,176
03/10/2022,NEW,LA,ASW,CE,Towers with Radar,0,3,75,13,91,0,0,84,6,90,0,3,159,19,181,74,0,74,255
03/11/2022,NEW,LA,ASW,CE,Towers with Radar,0,9,69,5,83,0,1,3,0,4,0,10,72,5,87,0,0,0,87
03/12/2022,NEW,LA,ASW,CE,Towers with Radar,0,8,45,1,54,0,1,57,0,58,0,9,102,1,112,16,0,16,128
03/13/2022,NEW,LA,ASW,CE,Towers with Radar,0,17,70,4,91,0,3,89,0,92,0,20,159,4,183,202,0,202,385
03/14/2022,NEW,LA,ASW,CE,Towers with Radar,0,14,45,0,59,0,11,54,0,65,0,25,99,0,124,76,0,76,200
03/15/2022,NEW,LA,ASW,CE,Towers with Radar,0,13,64,9,86,0,6,59,3,68,0,19,123,12,154,42,12,54,208
03/16/2022,NEW,LA,ASW,CE,Towers with Radar,0,11,86,2,99,0,5,43,2,50,0,16,129,4,149,104,0,104,253
03/17/2022,NEW,LA,ASW,CE,Towers with Radar,0,25,77,0,102,0,10,79,1,90,0,35,156,1,192,162,0,162,354
03/18/2022,NEW,LA,ASW,CE,Towers with Radar,0,27,74,10,111,0,7,41,7,55,0,34,115,17,166,0,14,14,180
03/19/2022,NEW,LA,ASW,CE,Towers with Radar,0,6,52,0,58,0,5,119,4,128,0,11,171,4,186,161,0,161,347
03/20/2022,NEW,LA,ASW,CE,Towers with Radar,0,26,79,2,107,0,0,89,2,91,0,26,168,4,198,138,0,138,336
03/21/2022,NEW,LA,ASW,CE,Towers with Radar,0,11,38,4,53,0,3,52,2,57,0,14,90,6,110,28,0,28,138
03/22/2022,NEW,LA,ASW,CE,Towers with Radar,0,10,13,0,23,0,0,1,0,1,0,10,14,0,24,0,0,0,24
03/23/2022,NEW,LA,ASW,CE,Towers with Radar,0,22,58,3,83,0,4,60,7,71,0,26,118,10,154,64,0,64,218
03/24/2022,NEW,LA,ASW,CE,Towers with Radar,0,28,93,23,144,0,5,74,5,84,0,33,167,28,228,120,24,144,372
03/25/2022,NEW,LA,ASW,CE,Towers with Radar,0,14,73,15,102,0,10,78,2,90,0,24,151,17,192,116,0,116,308
03/26/2022,NEW,LA,ASW,CE,Towers with Radar,0,16,52,6,74,0,5,88,7,100,0,21,140,13,174,88,10,98,272
03/27/2022,NEW,LA,ASW,CE,Towers with Radar,0,20,81,4,105,0,6,95,5,106,0,26,176,9,211,92,8,100,311
03/28/2022,NEW,LA,ASW,CE,Towers with Radar,0,9,64,12,85,0,2,44,1,47,0,11,108,13,132,54,2,56,188
03/29/2022,NEW,LA,ASW,CE,Towers with Radar,0,10,69,2,81,0,3,47,2,52,0,13,116,4,133,36,10,46,179
03/30/2022,NEW,LA,ASW,CE,Towers with Radar,0,9,44,0,53,0,0,2,0,2,0,9,46,0,55,6,12,18,73
03/31/2022,NEW,LA,ASW,CE,Towers with Radar,0,26,70,4,100,0,10,87,3,100,0,36,157,7,200,94,2,96,296
04/01/2022,NEW,LA,ASW,CE,Towers with Radar,0,109,156,2,267,0,1,25,0,26,0,110,181,2,293,0,0,0,293
04/02/2022,NEW,LA,ASW,CE,Towers with Radar,0,128,182,0,310,0,2,16,0,18,0,130,198,0,328,0,0,0,328
04/03/2022,NEW,LA,ASW,CE,Towers with Radar,0,109,137,0,246,0,17,45,0,62,0,126,182,0,308,0,0,0,308
04/04/2022,NEW,LA,ASW,CE,Towers with Radar,0,97,140,0,237,0,0,10,1,11,0,97,150,1,248,0,0,0,248
04/05/2022,NEW,LA,ASW,CE,Towers with Radar,0,110,211,1,322,0,3,7,4,14,0,113,218,5,336,0,0,0,336
04/06/2022,NEW,LA,ASW,CE,Towers with Radar,0,18,61,3,82,0,1,45,0,46,0,19,106,3,128,72,6,78,206
04/07/2022,NEW,LA,ASW,CE,Towers with Radar,0,15,67,1,83,0,6,68,7,81,0,21,135,8,164,32,2,34,198
04/08/2022,NEW,LA,ASW,CE,Towers with Radar,0,16,59,3,78,0,4,43,1,48,0,20,102,4,126,0,0,0,126
04/09/2022,NEW,LA,ASW,CE,Towers with Radar,0,17,57,9,83,0,10,111,2,123,0,27,168,11,206,160,0,160,366
04/10/2022,NEW,LA,ASW,CE,Towers with Radar,0,23,65,9,97,0,5,77,1,83,0,28,142,10,180,0,0,0,180
04/11/2022,NEW,LA,ASW,CE,Towers with Radar,0,11,70,2,83,0,5,42,2,49,0,16,112,4,132,56,0,56,188
04/12/2022,NEW,LA,ASW,CE,Towers with Radar,0,14,70,5,89,0,0,34,1,35,0,14,104,6,124,76,2,78,202
04/13/2022,NEW,LA,ASW,CE,Towers with Radar,0,20,53,0,73,0,5,16,0,21,0,25,69,0,94,10,0,10,104
04/14/2022,NEW,LA,ASW,CE,Towers with Radar,0,8,80,7,95,0,6,49,3,58,0,14,129,10,153,90,0,90,243
04/15/2022,NEW,LA,ASW,CE,Towers with Radar,0,25,41,2,68,0,6,67,0,73,0,31,108,2,141,80,0,80,221
04/16/2022,NEW,LA,ASW,CE,Towers with Radar,0,6,48,0,54,0,6,63,0,69,0,12,111,0,123,178,14,192,315
04/17/2022,NEW,LA,ASW,CE,Towers with Radar,0,14,49,4,67,0,4,39,0,43,0,18,88,4,110,66,0,66,176
04/18/2022,NEW,LA,ASW,CE,Towers with Radar,0,12,55,5,72,0,12,48,0,60,0,24,103,5,132,84,18,102,234
04/19/2022,NEW,LA,ASW,CE,Towers with Radar,0,5,77,0,82,0,7,90,2,99,0,12,167,2,181,40,10,50,231
04/20/2022,NEW,LA,ASW,CE,Towers with Radar,0,12,75,12,99,0,5,51,7,63,0,17,126,19,162,31,0,31,193
04/21/2022,NEW,LA,ASW,CE,Towers with Radar,0,10,73,2,85,0,10,80,2,92,0,20,153,4,177,138,16,154,331
04/22/2022,NEW,LA,ASW,CE,Towers with Radar,0,28,80,0,108,0,8,61,5,74,0,36,141,5,182,14,6,20,202
04/23/2022,NEW,LA,ASW,CE,Towers with Radar,0,17,51,0,68,0,4,67,1,72,0,21,118,1,140,58,0,58,198
04/24/2022,NEW,LA,ASW,CE,Towers with Radar,0,24,99,2,125,0,7,55,3,65,0,31,154,5,190,22,0,22,212
04/25/2022,NEW,LA,ASW,CE,Towers with Radar,0,12,44,2,58,0,6,49,0,55,0,18,93,2,113,96,0,96,209
04/26/2022,NEW,LA,ASW,CE,Towers with Radar,0,2,67,6,75,0,7,41,5,53,0,9,108,11,128,102,26,128,256
04/27/2022,NEW,LA,ASW,CE,Towers with Radar,0,8,90,4,102,0,7,77,1,85,0,15,167,5,187,76,0,76,263
04/28/2022,NEW,LA,ASW,CE,Towers with Radar,0,35,111,7,153,0,2,58,2,62,0,37,169,9,215,100,0,100,315
04/29/2022,NEW,LA,ASW,CE,Towers with Radar,0,23,88,13,124,0,6,57,4,67,0,29,145,17,191,54,2,56,247
04/30/2022,NEW,LA,ASW,CE,Towers with Radar,0,10,50,0,60,0,8,82,2,92,0,18,132,2,152,45,0,45,197
05/01/2022,NEW,LA,ASW,CE,Towers with Radar,0,22,77,1,100,0,5,58,1,64,0,27,135,2,164,116,0,116,280
05/02/2022,NEW,LA,ASW,CE,Towers with Radar,0,18,94,4,116,0,12,52,1,65,0,30,146,5,181,134,2,136,317
05/03/2022,NEW,LA,ASW,CE,Towers with Radar,0,12,48,2,62,0,3,59,0,62,0,15,107,2,124,104,0,104,228
05/04/2022,NEW,LA,ASW,CE,Towers with Radar,1,16,68,13,98,0,5,81,4,90,1,21,149,17,188,84,26,110,298
05/05/2022,NEW,LA,ASW,CE,Towers with Radar,0,33,83,1,117,0,9,53,8,70,0,42,136,9,187,116,0,116,303
05/06/2022,NEW,LA,ASW,CE,Towers with Radar,0,25,78,4,107,0,3,49,2,54,0,28,127,6,161,54,0,54,215
05/07/2022,NEW,LA,ASW,CE,Towers with Radar,0,18,47,0,65,0,4,113,0,117,0,22,160,0,182,138,0,138,320
05/08/2022,NEW,LA,ASW,CE,Towers with Radar,0,27,70,3,100,0,3,76,1,80,0,30,146,4,180,56,0,56,236
05/09/2022,NEW,LA,ASW,CE,Towers with Radar,0,30,77,5,112,0,4,46,4,54,0,34,123,9,166,136,8,144,310
05/10/2022,NEW,LA,ASW,CE,Towers with Radar,0,15,48,2,65,0,4,72,2,78,0,19,120,4,143,54,8,62,205
05/11/2022,NEW,LA,ASW,CE,Towers with Radar,0,10,62,2,74,0,4,69,3,76,0,14,131,5,150,104,16,120,270
05/12/2022,NEW,LA,ASW,CE,Towers with Radar,0,15,55,6,76,0,0,80,0,80,0,15,135,6,156,38,0,38,194
05/13/2022,NEW,LA,ASW,CE,Towers with Radar,0,18,57,5,80,0,2,37,4,43,0,20,94,9,123,110,4,114,237
05/14/2022,NEW,LA,ASW,CE,Towers with Radar,0,4,38,0,42,0,4,70,0,74,0,8,108,0,116,118,0,118,234
05/15/2022,NEW,LA,ASW,CE,Towers with Radar,0,16,71,5,92,0,5,74,8,87,0,21,145,13,179,74,0,74,253
05/16/2022,NEW,LA,ASW,CE,Towers with Radar,0,12,36,15,63,0,4,87,9,100,0,16,123,24,163,104,2,106,269
05/17/2022,NEW,LA,ASW,CE,Towers with Radar,0,21,55,2,78,0,13,66,6,85,0,34,121,8,163,88,0,88,251
05/18/2022,NEW,LA,ASW,CE,Towers with Radar,0,8,68,0,76,0,8,70,1,79,0,16,138,1,155,166,0,166,321
05/19/2022,NEW,LA,ASW,CE,Towers with Radar,0,5,88,9,102,0,6,73,7,86,0,11,161,16,188,36,10,46,234
05/20/2022,NEW,LA,ASW,CE,Towers with Radar,0,12,64,14,90,0,5,61,2,68,0,17,125,16,158,50,0,50,208
05/21/2022,NEW,LA,ASW,CE,Towers with Radar,0,5,47,0,52,0,1,19,0,20,0,6,66,0,72,16,0,16,88
05/22/2022,NEW,LA,ASW,CE,Towers with Radar,0,14,74,0,88,0,4,28,4,36,0,18,102,4,124,54,6,60,184
05/23/2022,NEW,LA,ASW,CE,Towers with Radar,0,13,62,9,84,0,1,34,1,36,0,14,96,10,120,98,0,98,218
05/24/2022,NEW,LA,ASW,CE,Towers with Radar,0,15,57,3,75,0,10,47,2,59,0,25,104,5,134,62,0,62,196
05/25/2022,NEW,LA,ASW,CE,Towers with Radar,0,6,31,0,37,0,0,18,0,18,0,6,49,0,55,18,0,18,73
05/26/2022,NEW,LA,ASW,CE,Towers with Radar,0,9,47,3,59,0,2,39,14,55,0,11,86,17,114,56,0,56,170
05/27/2022,NEW,LA,ASW,CE,Towers with Radar,0,13,74,0,87,0,8,100,1,109,0,21,174,1,196,104,0,104,300
05/28/2022,NEW,LA,ASW,CE,Towers with Radar,0,7,23,0,30,0,5,96,2,103,0,12,119,2,133,74,8,82,215
05/29/2022,NEW,LA,ASW,CE,Towers with Radar,0,7,47,9,63,0,3,86,1,90,0,10,133,10,153,96,0,96,249
05/30/2022,NEW,LA,ASW,CE,Towers with Radar,0,9,50,3,62,0,5,57,0,62,0,14,107,3,124,62,0,62,186
05/31/2022,NEW,LA,ASW,CE,Towers with Radar,0,8,40,6,54,0,1,59,2,62,0,9,99,8,116,124,0,124,240
06/01/2022,NEW,LA,ASW,CE,Towers with Radar,0,4,46,1,51,0,6,44,5,55,0,10,90,6,106,76,10,86,192
06/02/2022,NEW,LA,ASW,CE,Towers with Radar,0,9,60,3,72,0,2,78,7,87,0,11,138,10,159,78,0,78,237
06/03/2022,NEW,LA,ASW,CE,Towers with Radar,0,5,62,0,67,0,6,58,2,66,0,11,120,2,133,148,0,148,281
06/04/2022,NEW,LA,ASW,CE,Towers with Radar,0,8,40,0,48,0,8,86,0,94,0,16,126,0,142,72,12,84,226
06/05/2022,NEW,LA,ASW,CE,Towers with Radar,0,14,65,2,81,0,2,42,6,50,0,16,107,8,131,64,0,64,195
06/06/2022,NEW,LA,ASW,CE,Towers with Radar,0,12,43,11,66,0,4,61,6,71,0,16,104,17,137,72,6,78,215
06/07/2022,NEW,LA,ASW,CE,Towers with Radar,0,11,44,6,61,0,2,64,6,72,0,13,108,12,133,96,0,96,229
06/08/2022,NEW,LA,ASW,CE,Towers with Radar,0,8,60,3,71,0,6,69,6,81,0,14,129,9,152,150,4,154,306
06/09/2022,NEW,LA,ASW,CE,Towers with Radar,0,19,56,7,82,0,4,62,6,72,0,23,118,13,154,70,14,84,238
06/10/2022,NEW,LA,ASW,CE,Towers with Radar,0,10,29,3,42,0,3,9,0,12,0,13,38,3,54,0,0,0,54
06/11/2022,NEW,LA,ASW,CE,Towers with Radar,0,13,51,7,71,0,2,54,1,57,0,15,105,8,128,70,0,70,198
06/12/2022,NEW,LA,ASW,CE,Towers with Radar,0,21,65,6,92,0,3,45,2,50,0,24,110,8,142,78,0,78,220
06/13/2022,NEW,LA,ASW,CE,Towers with Radar,0,10,38,2,50,0,5,49,0,54,0,15,87,2,104,88,0,88,192
06/14/2022,NEW,LA,ASW,CE,Towers with Radar,0,16,38,8,62,0,5,59,8,72,0,21,97,16,134,54,0,54,188
06/15/2022,NEW,LA,ASW,CE,Towers with Radar,0,8,49,5,62,0,11,89,13,113,0,19,138,18,175,60,12,72,247
06/16/2022,NEW,LA,ASW,CE,Towers with Radar,0,2,39,5,46,0,4,58,5,67,0,6,97,10,113,62,0,62,175
06/17/2022,NEW,LA,ASW,CE,Towers with Radar,0,15,54,3,72,0,5,81,2,88,0,20,135,5,160,114,0,114,274
06/18/2022,NEW,LA,ASW,CE,Towers with Radar,0,2,43,0,45,0,3,107,0,110,0,5,150,0,155,128,0,128,283
06/19/2022,NEW,LA,ASW,CE,Towers with Radar,0,4,53,2,59,0,5,91,0,96,0,9,144,2,155,102,0,102,257
06/20/2022,NEW,LA,ASW,CE,Towers with Radar,0,8,31,3,42,0,13,80,1,94,0,21,111,4,136,106,0,106,242
06/21/2022,NEW,LA,ASW,CE,Towers with Radar,0,3,38,4,45,0,3,77,3,83,0,6,115,7,128,38,0,38,166
06/22/2022,NEW,LA,ASW,CE,Towers with Radar,0,5,57,5,67,0,4,85,4,93,0,9,142,9,160,110,0,110,270
06/23/2022,NEW,LA,ASW,CE,Towers with Radar,0,16,45,5,66,0,6,66,4,76,0,22,111,9,142,94,0,94,236
06/24/2022,NEW,LA,ASW,CE,Towers with Radar,0,4,52,5,61,0,3,91,3,97,0,7,143,8,158,102,0,102,260
06/25/2022,NEW,LA,ASW,CE,Towers with Radar,0,11,40,2,53,0,4,77,0,81,0,15,117,2,134,74,0,74,208
06/26/2022,NEW,LA,ASW,CE,Towers with Radar,0,3,42,7,52,0,4,33,0,37,0,7,75,7,89,16,0,16,105
06/27/2022,NEW,LA,ASW,CE,Towers with Radar,0,9,38,0,47,0,12,30,0,42,0,21,68,0,89,72,0,72,161
06/28/2022,NEW,LA,ASW,CE,Towers with Radar,0,3,48,1,52,0,4,50,2,56,0,7,98,3,108,62,4,66,174
06/29/2022,NEW,LA,ASW,CE,Towers with Radar,0,6,39,1,46,0,4,58,0,62,0,10,97,1,108,73,0,73,181
06/30/2022,NEW,LA,ASW,CE,Towers with Radar,0,10,52,0,62,0,0,30,1,31,0,10,82,1,93,42,0,42,135
07/01/2022,NEW,LA,ASW,CE,Towers with Radar,0,11,34,0,45,0,3,27,0,30,0,14,61,0,75,52,0,52,127
07/02/2022,NEW,LA,ASW,CE,Towers with Radar,0,18,22,0,40,0,8,44,0,52,0,26,66,0,92,56,0,56,148
07/03/2022,NEW,LA,ASW,CE,Towers with Radar,0,10,32,6,48,0,3,34,2,39,0,13,66,8,87,44,8,52,139
07/04/2022,NEW,LA,ASW,CE,Towers with Radar,0,5,18,0,23,0,6,13,3,22,0,11,31,3,45,42,2,44,89
07/05/2022,NEW,LA,ASW,CE,Towers with Radar,0,4,43,0,47,0,0,16,0,16,0,4,59,0,63,14,0,14,77
07/06/2022,NEW,LA,ASW,CE,Towers with Radar,0,4,28,1,33,0,2,45,5,52,0,6,73,6,85,70,0,70,155
07/07/2022,NEW,LA,ASW,CE,Towers with Radar,0,4,19,9,32,0,2,72,0,74,0,6,91,9,106,48,0,48,154
07/08/2022,NEW,LA,ASW,CE,Towers with Radar,0,13,25,8,46,0,8,80,7,95,0,21,105,15,141,84,0,84,225
07/09/2022,NEW,LA,ASW,CE,Towers with Radar,0,6,26,8,40,0,3,88,2,93,0,9,114,10,133,58,0,58,191
07/10/2022,NEW,LA,ASW,CE,Towers with Radar,0,4,21,1,26,0,2,49,5,56,0,6,70,6,82,124,0,124,206
07/11/2022,NEW,LA,ASW,CE,Towers with Radar,0,9,21,0,30,0,2,65,3,70,0,11,86,3,100,120,32,152,252
07/12/2022,NEW,LA,ASW,CE,Towers with Radar,0,7,33,0,40,0,3,52,1,56,0,10,85,1,96,76,0,76,172
07/13/2022,NEW,LA,ASW,CE,Towers with Radar,0,13,35,3,51,0,7,80,4,91,0,20,115,7,142,136,0,136,278
07/14/2022,NEW,LA,ASW,CE,Towers with Radar,0,4,46,1,51,0,5,45,2,52,0,9,91,3,103,88,16,104,207
07/15/2022,NEW,LA,ASW,CE,Towers with Radar,0,8,29,0,37,0,4,62,3,69,0,12,91,3,106,106,4,110,216
07/16/2022,NEW,LA,ASW,CE,Towers with Radar,0,6,22,0,28,0,7,67,0,74,0,13,89,0,102,112,0,112,214
07/17/2022,NEW,LA,ASW,CE,Towers with Radar,0,7,41,0,48,0,6,49,0,55,0,13,90,0,103,154,0,154,257
07/18/2022,NEW,LA,ASW,CE,Towers with Radar,0,6,27,4,37,0,2,48,3,53,0,8,75,7,90,92,0,92,182
07/19/2022,NEW,LA,ASW,CE,Towers with Radar,0,4,20,1,25,0,1,48,1,50,0,5,68,2,75,0,0,0,75
07/20/2022,NEW,LA,ASW,CE,Towers with Radar,0,10,33,0,43,0,1,66,1,68,0,11,99,1,111,96,0,96,207
07/21/2022,NEW,LA,ASW,CE,Towers with Radar,0,3,31,1,35,0,2,58,6,66,0,5,89,7,101,104,4,108,209
07/22/2022,NEW,LA,ASW,CE,Towers with Radar,0,12,34,2,48,0,1,36,1,38,0,13,70,3,86,78,0,78,164
07/23/2022,NEW,LA,ASW,CE,Towers with Radar,0,10,40,0,50,0,6,73,0,79,0,16,113,0,129,52,0,52,181
07/24/2022,NEW,LA,ASW,CE,Towers with Radar,0,10,49,0,59,0,10,65,0,75,0,20,114,0,134,52,0,52,186
07/25/2022,NEW,LA,ASW,CE,Towers with Radar,0,6,39,0,45,0,5,50,1,56,0,11,89,1,101,64,0,64,165
07/26/2022,NEW,LA,ASW,CE,Towers with Radar,0,9,31,8,48,0,2,49,2,53,0,11,80,10,101,112,20,132,233
07/27/2022,NEW,LA,ASW,CE,Towers with Radar,0,14,38,0,52,0,4,63,2,69,0,18,101,2,121,114,8,122,243
07/28/2022,NEW,LA,ASW,CE,Towers with Radar,0,7,44,2,53,0,4,74,0,78,0,11,118,2,131,36,0,36,167
07/29/2022,NEW,LA,ASW,CE,Towers with Radar,0,10,41,4,55,0,2,64,2,68,0,12,105,6,123,78,0,78,201
07/30/2022,NEW,LA,ASW,CE,Towers with Radar,0,4,27,3,34,0,2,71,0,73,0,6,98,3,107,72,0,72,179
07/31/2022,NEW,LA,ASW,CE,Towers with Radar,0,13,49,2,64,0,4,75,1,80,0,17,124,3,144,86,2,88,232
08/01/2022,NEW,LA,ASW,CE,Towers with Radar,0,6,26,0,32,0,1,18,0,19,0,7,44,0,51,0,0,0,51
08/02/2022,NEW,LA,ASW,CE,Towers with Radar,0,4,25,4,33,0,3,32,2,37,0,7,57,6,70,80,10,90,160
08/03/2022,NEW,LA,ASW,CE,Towers with Radar,0,5,39,4,48,0,2,39,3,44,0,7,78,7,92,96,0,96,188
08/04/2022,NEW,LA,ASW,CE,Towers with Radar,0,5,31,0,36,0,0,58,2,60,0,5,89,2,96,82,8,90,186
08/05/2022,NEW,LA,ASW,CE,Towers with Radar,0,8,30,5,43,0,2,54,2,58,0,10,84,7,101,54,0,54,155
08/06/2022,NEW,LA,ASW,CE,Towers with Radar,0,6,26,2,34,0,11,56,0,67,0,17,82,2,101,64,0,64,165
08/07/2022,NEW,LA,ASW,CE,Towers with Radar,0,14,53,0,67,0,9,53,1,63,0,23,106,1,130,206,0,206,336
08/08/2022,NEW,LA,ASW,CE,Towers with Radar,0,6,30,1,37,0,4,47,1,52,0,10,77,2,89,18,0,18,107
08/09/2022,NEW,LA,ASW,CE,Towers with Radar,0,4,35,4,43,0,6,45,4,55,0,10,80,8,98,106,0,106,204
08/10/2022,NEW,LA,ASW,CE,Towers with Radar,0,6,38,0,44,0,3,54,0,57,0,9,92,0,101,102,0,102,203
08/11/2022,NEW,LA,ASW,CE,Towers with Radar,0,16,33,2,51,0,1,75,0,76,0,17,108,2,127,178,0,178,305
08/12/2022,NEW,LA,ASW,CE,Towers with Radar,0,8,34,3,45,0,7,60,3,70,0,15,94,6,115,114,0,114,229
08/13/2022,NEW,LA,ASW,CE,Towers with Radar,0,3,30,2,35,0,9,57,0,66,0,12,87,2,101,106,0,106,207
08/14/2022,NEW,LA,ASW,CE,Towers with Radar,0,8,44,8,60,0,5,82,1,88,0,13,126,9,148,80,0,80,228
08/15/2022,NEW,LA,ASW,CE,Towers with Radar,0,8,47,15,70,0,6,90,3,99,0,14,137,18,169,30,18,48,217
08/16/2022,NEW,LA,ASW,CE,Towers with Radar,0,10,42,0,52,0,0,61,1,62,0,10,103,1,114,82,0,82,196
08/17/2022,NEW,LA,ASW,CE,Towers with Radar,0,11,39,2,52,0,5,76,0,81,0,16,115,2,133,72,0,72,205
08/18/2022,NEW,LA,ASW,CE,Towers with Radar,0,12,38,1,51,0,8,46,1,55,0,20,84,2,106,98,0,98,204
08/19/2022,NEW,LA,ASW,CE,Towers with Radar,0,7,39,0,46,0,3,62,0,65,0,10,101,0,111,130,0,130,241
08/20/2022,NEW,LA,ASW,CE,Towers with Radar,0,8,27,4,39,0,1,52,0,53,0,9,79,4,92,42,14,56,148
08/21/2022,NEW,LA,ASW,CE,Towers with Radar,0,8,43,4,55,0,2,68,0,70,0,10,111,4,125,38,0,38,163
08/22/2022,NEW,LA,ASW,CE,Towers with Radar,0,5,32,3,40,0,0,44,3,47,0,5,76,6,87,104,6,110,197
08/23/2022,NEW,LA,ASW,CE,Towers with Radar,0,4,28,2,34,0,0,22,3,25,0,4,50,5,59,70,0,70,129
08/24/2022,NEW,LA,ASW,CE,Towers with Radar,0,6,22,3,31,0,0,28,1,29,0,6,50,4,60,76,6,82,142
08/25/2022,NEW,LA,ASW,CE,Towers with Radar,0,13,36,0,49,0,0,39,0,39,0,13,75,0,88,120,0,120,208
08/26/2022,NEW,LA,ASW,CE,Towers with Radar,0,3,72,2,77,0,0,60,0,60,0,3,132,2,137,100,0,100,237
08/27/2022,NEW,LA,ASW,CE,Towers with Radar,0,6,30,4,40,0,6,63,3,72,0,12,93,7,112,84,0,84,196
08/28/2022,NEW,LA,ASW,CE,Towers with Radar,0,12,38,4,54,0,9,60,0,69,0,21,98,4,123,110,0,110,233
08/29/2022,NEW,LA,ASW,CE,Towers with Radar,0,5,40,3,48,0,10,49,3,62,0,15,89,6,110,152,0,152,262
08/30/2022,NEW,LA,ASW,CE,Towers with Radar,0,9,43,0,52,0,4,47,1,52,0,13,90,1,104,58,0,58,162
08/31/2022,NEW,LA,ASW,CE,Towers with Radar,0,2,30,5,37,0,5,72,4,81,0,7,102,9,118,172,0,172,290
09/01/2022,NEW,LA,ASW,CE,Towers with Radar,0,3,53,2,58,0,5,87,1,93,0,8,140,3,151,106,0,106,257
09/02/2022,NEW,LA,ASW,CE,Towers with Radar,0,18,100,2,120,0,5,67,5,77,0,23,167,7,197,174,0,174,371
09/03/2022,NEW,LA,ASW,CE,Towers with Radar,0,11,56,0,67,0,1,26,0,27,0,12,82,0,94,38,0,38,132
09/04/2022,NEW,LA,ASW,CE,Towers with Radar,0,11,59,0,70,0,6,78,0,84,0,17,137,0,154,70,0,70,224
09/05/2022,NEW,LA,ASW,CE,Towers with Radar,0,25,130,0,155,0,3,60,0,63,0,28,190,0,218,56,0,56,274
09/06/2022,NEW,LA,ASW,CE,Towers with Radar,0,10,27,4,41,0,7,72,1,80,0,17,99,5,121,138,0,138,259
09/07/2022,NEW,LA,ASW,CE,Towers with Radar,0,8,27,3,38,0,3,57,2,62,0,11,84,5,100,48,0,48,148
09/08/2022,NEW,LA,ASW,CE,Towers with Radar,0,10,34,1,45,0,4,66,6,76,0,14,100,7,121,132,10,142,263
09/09/2022,NEW,LA,ASW,CE,Towers with Radar,0,5,53,0,58,0,8,57,1,66,0,13,110,1,124,88,0,88,212
09/10/2022,NEW,LA,ASW,CE,Towers with Radar,0,1,28,1,30,0,9,58,3,70,0,10,86,4,100,90,6,96,196
09/11/2022,NEW,LA,ASW,CE,Towers with Radar,0,7,56,7,70,0,5,96,2,103,0,12,152,9,173,114,6,120,293
09/12/2022,NEW,LA,ASW,CE,Towers with Radar,0,4,33,4,41,0,7,71,3,81,0,11,104,7,122,76,6,82,204
09/13/2022,NEW,LA,ASW,CE,Towers with Radar,0,14,32,7,53,0,6,80,2,88,0,20,112,9,141,90,0,90,231
09/14/2022,NEW,LA,ASW,CE,Towers with Radar,0,17,50,2,69,0,5,72,4,81,0,22,122,6,150,104,8,112,262
09/15/2022,NEW,LA,ASW,CE,Towers with Radar,0,19,41,9,69,0,5,78,3,86,0,24,119,12,155,110,8,118,273
09/16/2022,NEW,LA,ASW,CE,Towers with Radar,0,14,55,8,77,0,9,76,3,88,0,23,131,11,165,70,0,70,235
09/17/2022,NEW,LA,ASW,CE,Towers with Radar,0,7,43,2,52,0,7,97,0,104,0,14,140,2,156,66,0,66,222
09/18/2022,NEW,LA,ASW,CE,Towers with Radar,0,12,82,4,98,0,3,71,6,80,0,15,153,10,178,48,0,48,226
09/19/2022,NEW,LA,ASW,CE,Towers with Radar,0,2,43,0,45,0,3,55,1,59,0,5,98,1,104,64,24,88,192
09/20/2022,NEW,LA,ASW,CE,Towers with Radar,0,3,37,4,44,0,2,92,5,99,0,5,129,9,143,116,0,116,259
09/21/2022,NEW,LA,ASW,CE,Towers with Radar,0,8,37,6,51,0,1,55,4,60,0,9,92,10,111,152,0,152,263
09/22/2022,NEW,LA,ASW,CE,Towers with Radar,0,16,49,3,68,0,4,56,1,61,0,20,105,4,129,184,0,184,313
09/23/2022,NEW,LA,ASW,CE,Towers with Radar,0,8,60,9,77,0,8,83,1,92,0,16,143,10,169,138,0,138,307
09/24/2022,NEW,LA,ASW,CE,Towers with Radar,0,12,26,2,40,0,11,102,0,113,0,23,128,2,153,100,0,100,253
09/25/2022,NEW,LA,ASW,CE,Towers with Radar,0,15,61,4,80,0,6,81,4,91,0,21,142,8,171,114,0,114,285
09/26/2022,NEW,LA,ASW,CE,Towers with Radar,0,11,33,7,51,0,3,54,3,60,0,14,87,10,111,108,32,140,251
09/27/2022,NEW,LA,ASW,CE,Towers with Radar,0,2,46,4,52,0,3,45,0,48,0,5,91,4,100,48,22,70,170
09/28/2022,NEW,LA,ASW,CE,Towers with Radar,0,3,37,2,42,0,1,30,0,31,0,4,67,2,73,8,0,8,81
09/29/2022,NEW,LA,ASW,CE,Towers with Radar,0,3,44,9,56,0,1,46,11,58,0,4,90,20,114,42,0,42,156
09/30/2022,NEW,LA,ASW,CE,Towers with Radar,0,1,53,8,62,0,2,89,2,93,0,3,142,10,155,140,0,140,295
10/01/2022,NEW,LA,ASW,CE,Towers with Radar,0,2,32,6,40,0,2,87,0,89,0,4,119,6,129,104,0,104,233
10/02/2022,NEW,LA,ASW,CE,Towers with Radar,0,10,48,2,60,0,5,93,4,102,0,15,141,6,162,100,0,100,262
10/03/2022,NEW,LA,ASW,CE,Towers with Radar,0,5,34,6,45,0,12,61,2,75,0,17,95,8,120,124,20,144,264
10/04/2022,NEW,LA,ASW,CE,Towers with Radar,0,5,25,0,30,0,5,69,1,75,0,10,94,1,105,154,0,154,259
10/05/2022,NEW,LA,ASW,CE,Towers with Radar,0,17,50,8,75,0,8,70,0,78,0,25,120,8,153,122,0,122,275
10/06/2022,NEW,LA,ASW,CE,Towers with Radar,0,17,75,3,95,0,5,70,2,77,0,22,145,5,172,188,0,188,360
10/07/2022,NEW,LA,ASW,CE,Towers with Radar,0,17,66,8,91,0,10,87,1,98,0,27,153,9,189,98,0,98,287
10/08/2022,NEW,LA,ASW,CE,Towers with Radar,0,8,60,2,70,0,8,66,1,75,0,16,126,3,145,52,0,52,197
10/09/2022,NEW,LA,ASW,CE,Towers with Radar,0,23,101,1,125,0,6,60,3,69,0,29,161,4,194,30,0,30,224
10/10/2022,NEW,LA,ASW,CE,Towers with Radar,0,10,60,1,71,0,7,78,0,85,0,17,138,1,156,60,0,60,216
10/11/2022,NEW,LA,ASW,CE,Towers with Radar,0,8,68,4,80,0,3,78,0,81,0,11,146,4,161,196,0,196,357
10/12/2022,NEW,LA,ASW,CE,Towers with Radar,0,14,64,0,78,0,3,25,2,30,0,17,89,2,108,88,0,88,196
10/13/2022,NEW,LA,ASW,CE,Towers with Radar,0,7,55,17,79,0,3,69,9,81,0,10,124,26,160,156,28,184,344
10/14/2022,NEW,LA,ASW,CE,Towers with Radar,0,10,82,5,97,0,8,98,2,108,0,18,180,7,205,44,0,44,249
10/15/2022,NEW,LA,ASW,CE,Towers with Radar,0,11,59,3,73,0,15,121,3,139,0,26,180,6,212,96,0,96,308
10/16/2022,NEW,LA,ASW,CE,Towers with Radar,0,21,124,0,145,0,2,58,0,60,0,23,182,0,205,108,0,108,313
10/17/2022,NEW,LA,ASW,CE,Towers with Radar,0,7,52,1,60,0,3,58,3,64,0,10,110,4,124,92,0,92,216
10/18/2022,NEW,LA,ASW,CE,Towers with Radar,0,3,58,0,61,0,5,58,4,67,0,8,116,4,128,60,0,60,188
10/19/2022,NEW,LA,ASW,CE,Towers with Radar,0,13,43,1,57,0,3,93,2,98,0,16,136,3,155,110,0,110,265
10/20/2022,NEW,LA,ASW,CE,Towers with Radar,0,31,62,12,105,0,5,83,3,91,0,36,145,15,196,76,0,76,272
10/21/2022,NEW,LA,ASW,CE,Towers with Radar,0,19,101,1,121,0,8,109,3,120,0,27,210,4,241,72,0,72,313
10/22/2022,NEW,LA,ASW,CE,Towers with Radar,0,14,38,1,53,0,9,75,5,89,0,23,113,6,142,106,6,112,254
10/23/2022,NEW,LA,ASW,CE,Towers with Radar,0,35,105,1,141,0,11,92,8,111,0,46,197,9,252,30,0,30,282
10/24/2022,NEW,LA,ASW,CE,Towers with Radar,0,10,52,5,67,0,2,65,1,68,0,12,117,6,135,158,0,158,293
10/25/2022,NEW,LA,ASW,CE,Towers with Radar,0,10,34,4,48,0,4,40,0,44,0,14,74,4,92,126,0,126,218
10/26/2022,NEW,LA,ASW,CE,Towers with Radar,0,7,78,8,93,0,10,88,4,102,0,17,166,12,195,222,0,222,417
10/27/2022,NEW,LA,ASW,CE,Towers with Radar,0,23,70,1,94,0,6,74,2,82,0,29,144,3,176,136,10,146,322
10/28/2022,NEW,LA,ASW,CE,Towers with Radar,0,12,62,3,77,0,5,70,1,76,0,17,132,4,153,112,0,112,265
10/29/2022,NEW,LA,ASW,CE,Towers with Radar,0,14,42,0,56,0,2,21,0,23,0,16,63,0,79,18,0,18,97
10/30/2022,NEW,LA,ASW,CE,Towers with Radar,0,22,71,0,93,0,15,54,1,70,0,37,125,1,163,84,0,84,247
10/31/2022,NEW,LA,ASW,CE,Towers with Radar,0,8,28,6,42,0,6,60,3,69,0,14,88,9,111,134,8,142,253
11/01/2022,NEW,LA,ASW,CE,Towers with Radar,0,7,66,2,75,0,4,66,0,70,0,11,132,2,145,140,0,140,285
11/02/2022,NEW,LA,ASW,CE,Towers with Radar,0,14,54,11,79,0,4,79,5,88,0,18,133,16,167,172,8,180,347
11/03/2022,NEW,LA,ASW,CE,Towers with Radar,0,19,71,4,94,0,10,46,5,61,0,29,117,9,155,72,4,76,231
11/04/2022,NEW,LA,ASW,CE,Towers with Radar,0,24,86,12,122,0,2,23,2,27,0,26,109,14,149,30,0,30,179
11/05/2022,NEW,LA,ASW,CE,Towers with Radar,0,8,27,0,35,0,0,0,0,0,0,8,27,0,35,2,0,2,37
11/06/2022,NEW,LA,ASW,CE,Towers with Radar,0,11,88,6,105,0,7,60,1,68,0,18,148,7,173,102,0,102,275
11/07/2022,NEW,LA,ASW,CE,Towers with Radar,0,15,65,3,83,0,4,35,0,39,0,19,100,3,122,164,4,168,290
11/08/2022,NEW,LA,ASW,CE,Towers with Radar,0,17,69,6,92,0,4,49,4,57,0,21,118,10,149,108,6,114,263
11/09/2022,NEW,LA,ASW,CE,Towers with Radar,0,9,64,5,78,0,3,65,6,74,0,12,129,11,152,78,2,80,232
11/10/2022,NEW,LA,ASW,CE,Towers with Radar,0,10,62,5,77,0,3,73,1,77,0,13,135,6,154,56,0,56,210
11/11/2022,NEW,LA,ASW,CE,Towers with Radar,0,8,61,6,75,0,6,68,11,85,0,14,129,17,160,238,0,238,398
11/12/2022,NEW,LA,ASW,CE,Towers with Radar,0,5,55,2,62,0,2,14,0,16,0,7,69,2,78,2,0,2,80
11/13/2022,NEW,LA,ASW,CE,Towers with Radar,0,22,87,8,117,0,12,70,0,82,0,34,157,8,199,52,0,52,251
11/14/2022,NEW,LA,ASW,CE,Towers with Radar,0,11,44,0,55,0,6,37,0,43,0,17,81,0,98,62,0,62,160
11/15/2022,NEW,LA,ASW,CE,Towers with Radar,0,8,50,6,64,0,1,9,0,10,0,9,59,6,74,4,0,4,78
11/16/2022,NEW,LA,ASW,CE,Towers with Radar,0,7,70,5,82,0,0,42,5,47,0,7,112,10,129,64,2,66,195
11/17/2022,NEW,LA,ASW,CE,Towers with Radar,0,10,70,5,85,0,2,69,2,73,0,12,139,7,158,96,0,96,254
11/18/2022,NEW,LA,ASW,CE,Towers with Radar,0,10,85,5,100,0,11,85,1,97,0,21,170,6,197,134,4,138,335
11/19/2022,NEW,LA,ASW,CE,Towers with Radar,0,13,42,2,57,0,6,26,0,32,0,19,68,2,89,26,0,26,115
11/20/2022,NEW,LA,ASW,CE,Towers with Radar,0,18,100,7,125,0,4,73,2,79,0,22,173,9,204,42,0,42,246
11/21/2022,NEW,LA,ASW,CE,Towers with Radar,0,7,61,6,74,0,6,64,0,70,0,13,125,6,144,102,0,102,246
11/22/2022,NEW,LA,ASW,CE,Towers with Radar,0,8,55,4,67,0,0,56,2,58,0,8,111,6,125,170,0,170,295
11/23/2022,NEW,LA,ASW,CE,Towers with Radar,0,11,60,2,73,0,0,74,0,74,0,11,134,2,147,116,18,134,281
11/24/2022,NEW,LA,ASW,CE,Towers with Radar,0,4,8,0,12,0,0,5,0,5,0,4,13,0,17,26,0,26,43
11/25/2022,NEW,LA,ASW,CE,Towers with Radar,0,5,23,1,29,0,0,0,0,0,0,5,23,1,29,0,0,0,29
11/26/2022,NEW,LA,ASW,CE,Towers with Radar,0,3,22,0,25,0,0,0,0,0,0,3,22,0,25,0,0,0,25
11/27/2022,NEW,LA,ASW,CE,Towers with Radar,0,9,74,0,83,0,12,105,0,117,0,21,179,0,200,112,0,112,312
11/28/2022,NEW,LA,ASW,CE,Towers with Radar,0,7,30,2,39,0,4,37,0,41,0,11,67,2,80,96,0,96,176
11/29/2022,NEW,LA,ASW,CE,Towers with Radar,0,14,55,3,72,0,0,7,0,7,0,14,62,3,79,10,10,20,99
11/30/2022,NEW,LA,ASW,CE,Towers with Radar,0,8,72,10,90,0,3,50,2,55,0,11,122,12,145,40,0,40,185
12/01/2022,NEW,LA,ASW,CE,Towers with Radar,0,6,77,5,88,0,1,52,2,55,0,7,129,7,143,91,0,91,234
12/02/2022,NEW,LA,ASW,CE,Towers with Radar,0,21,78,4,103,0,0,92,1,93,0,21,170,5,196,96,0,96,292
12/03/2022,NEW,LA,ASW,CE,Towers with Radar,0,26,54,2,82,0,1,2,0,3,0,27,56,2,85,0,0,0,85
12/04/2022,NEW,LA,ASW,CE,Towers with Radar,0,20,54,1,75,0,0,1,0,1,0,20,55,1,76,0,0,0,76
12/05/2022,NEW,LA,ASW,CE,Towers with Radar,0,11,59,4,74,0,1,18,1,20,0,12,77,5,94,14,0,14,108
12/06/2022,NEW,LA,ASW,CE,Towers with Radar,0,9,54,3,66,0,0,48,3,51,0,9,102,6,117,126,8,134,251
12/07/2022,NEW,LA,ASW,CE,Towers with Radar,0,7,59,7,73,0,1,48,5,54,0,8,107,12,127,107,14,121,248
12/08/2022,NEW,LA,ASW,CE,Towers with Radar,0,16,49,5,70,0,1,26,1,28,0,17,75,6,98,56,0,56,154
12/09/2022,NEW,LA,ASW,CE,Towers with Radar,0,17,75,8,100,0,7,53,2,62,0,24,128,10,162,138,0,138,300
12/10/2022,NEW,LA,ASW,CE,Towers with Radar,0,8,50,2,60,0,3,47,0,50,0,11,97,2,110,152,0,152,262
12/11/2022,NEW,LA,ASW,CE,Towers with Radar,0,13,49,3,65,0,5,8,1,14,0,18,57,4,79,16,0,16,95
12/12/2022,NEW,LA,ASW,CE,Towers with Radar,0,17,36,5,58,0,0,50,0,50,0,17,86,5,108,138,0,138,246
12/13/2022,NEW,LA,ASW,CE,Towers with Radar,0,8,26,0,34,0,2,17,0,19,0,10,43,0,53,42,0,42,95
12/14/2022,NEW,LA,ASW,CE,Towers with Radar,0,10,18,0,28,0,0,0,0,0,0,10,18,0,28,22,0,22,50
12/15/2022,NEW,LA,ASW,CE,Towers with Radar,0,15,66,7,88,0,4,72,4,80,0,19,138,11,168,78,0,78,246
12/16/2022,NEW,LA,ASW,CE,Towers with Radar,0,12,56,2,70,0,11,82,5,98,0,23,138,7,168,110,12,122,290
12/17/2022,NEW,LA,ASW,CE,Towers with Radar,0,11,52,12,75,0,13,58,5,76,0,24,110,17,151,56,18,74,225
12/18/2022,NEW,LA,ASW,CE,Towers with Radar,0,12,92,0,104,0,4,67,1,72,0,16,159,1,176,60,0,60,236
12/19/2022,NEW,LA,ASW,CE,Towers with Radar,0,3,46,0,49,0,3,28,0,31,0,6,74,0,80,24,8,32,112
12/20/2022,NEW,LA,ASW,CE,Towers with Radar,0,7,29,0,36,0,0,8,0,8,0,7,37,0,44,0,0,0,44
12/21/2022,NEW,LA,ASW,CE,Towers with Radar,0,5,52,6,63,0,0,0,0,0,0,5,52,6,63,0,0,0,63
12/22/2022,NEW,LA,ASW,CE,Towers with Radar,0,10,53,10,73,0,5,52,0,57,0,15,105,10,130,130,0,130,260
12/23/2022,NEW,LA,ASW,CE,Towers with Radar,0,12,23,1,36,0,0,25,1,26,0,12,48,2,62,10,0,10,72
12/24/2022,NEW,LA,ASW,CE,Towers with Radar,0,3,9,0,12,0,2,9,0,11,0,5,18,0,23,0,0,0,23
12/25/2022,NEW,LA,ASW,CE,Towers with Radar,0,7,6,0,13,0,2,10,0,12,0,9,16,0,25,0,0,0,25
12/26/2022,NEW,LA,ASW,CE,Towers with Radar,0,5,64,2,71,0,7,80,2,89,0,12,144,4,160,92,0,92,252
12/27/2022,NEW,LA,ASW,CE,Towers with Radar,0,3,46,2,51,0,5,111,0,116,0,8,157,2,167,164,0,164,331
12/28/2022,NEW,LA,ASW,CE,Towers with Radar,0,8,70,5,83,0,0,75,1,76,0,8,145,6,159,80,4,84,243
12/29/2022,NEW,LA,ASW,CE,Towers with Radar,0,12,71,2,85,0,8,79,0,87,0,20,150,2,172,160,0,160,332
12/30/2022,NEW,LA,ASW,CE,Towers with Radar,0,9,38,0,47,0,1,2,0,3,0,10,40,0,50,0,0,0,50
12/31/2022,NEW,LA,ASW,CE,Towers with Radar,0,14,59,0,73,0,4,4,0,8,0,18,63,0,81,6,0,6,87
01/01/2023,NEW,LA,ASW,CE,Towers with Radar,0,16,72,0,88,0,0,2,0,2,0,16,74,0,90,0,0,0,90
01/02/2023,NEW,LA,ASW,CE,Towers with Radar,0,10,59,4,73,0,3,5,0,8,0,13,64,4,81,50,0,50,131
01/03/2023,NEW,LA,ASW,CE,Towers with Radar,0,8,13,2,23,0,1,0,0,1,0,9,13,2,24,0,0,0,24
01/04/2023,NEW,LA,ASW,CE,Towers with Radar,0,9,43,0,52,0,10,73,2,85,0,19,116,2,137,154,0,154,291
01/05/2023,NEW,LA,ASW,CE,Towers with Radar,0,5,44,2,51,0,5,110,2,117,0,10,154,4,168,144,4,148,316
01/06/2023,NEW,LA,ASW,CE,Towers with Radar,0,9,64,9,82,0,22,95,1,118,0,31,159,10,200,204,10,214,414
01/07/2023,NEW,LA,ASW,CE,Towers with Radar,0,13,47,8,68,0,14,128,2,144,0,27,175,10,212,74,2,76,288
01/08/2023,NEW,LA,ASW,CE,Towers with Radar,0,6,66,4,76,0,0,24,3,27,0,6,90,7,103,30,0,30,133
01/09/2023,NEW,LA,ASW,CE,Towers with Radar,0,8,36,3,47,0,2,71,6,79,0,10,107,9,126,110,6,116,242
01/10/2023,NEW,LA,ASW,CE,Towers with Radar,0,3,32,4,39,0,6,61,2,69,0,9,93,6,108,170,22,192,300
01/11/2023,NEW,LA,ASW,CE,Towers with Radar,0,14,57,4,75,0,2,21,2,25,0,16,78,6,100,44,0,44,144
01/12/2023,NEW,LA,ASW,CE,Towers with Radar,0,5,46,5,56,0,7,27,0,34,0,12,73,5,90,26,0,26,116
01/13/2023,NEW,LA,ASW,CE,Towers with Radar,0,12,73,3,88,0,14,68,5,87,0,26,141,8,175,56,0,56,231
01/14/2023,NEW,LA,ASW,CE,Towers with Radar,0,4,46,3,53,0,15,97,1,113,0,19,143,4,166,86,0,86,252
01/15/2023,NEW,LA,ASW,CE,Towers with Radar,0,11,61,4,76,0,17,96,0,113,0,28,157,4,189,84,0,84,273
01/16/2023,NEW,LA,ASW,CE,Towers with Radar,0,6,64,5,75,0,11,70,0,81,0,17,134,5,156,28,0,28,184
01/17/2023,NEW,LA,ASW,CE,Towers with Radar,0,11,47,6,64,0,7,53,3,63,0,18,100,9,127,52,0,52,179
01/18/2023,NEW,LA,ASW,CE,Towers with Radar,0,12,56,2,70,0,4,39,2,45,0,16,95,4,115,18,0,18,133
01/19/2023,NEW,LA,ASW,CE,Towers with Radar,0,9,51,8,68,0,8,100,8,116,0,17,151,16,184,136,2,138,322
01/20/2023,NEW,LA,ASW,CE,Towers with Radar,0,8,56,5,69,0,13,89,8,110,0,21,145,13,179,124,0,124,303
01/21/2023,NEW,LA,ASW,CE,Towers with Radar,0,12,33,3,48,0,9,30,0,39,0,21,63,3,87,24,0,24,111
01/22/2023,NEW,LA,ASW,CE,Towers with Radar,0,13,59,12,84,0,4,6,3,13,0,17,65,15,97,4,0,4,101
01/23/2023,NEW,LA,ASW,CE,Towers with Radar,0,8,67,9,84,0,6,69,0,75,0,14,136,9,159,134,0,134,293
01/24/2023,NEW,LA,ASW,CE,Towers with Radar,0,4,25,1,30,0,1,10,0,11,0,5,35,1,41,2,0,2,43
01/25/2023,NEW,LA,ASW,CE,Towers with Radar,0,10,44,7,61,0,3,27,4,34,0,13,71,11,95,6,10,16,111
01/26/2023,NEW,LA,ASW,CE,Towers with Radar,0,15,47,2,64,0,4,83,1,88,0,19,130,3,152,118,8,126,278
01/27/2023,NEW,LA,ASW,CE,Towers with Radar,0,13,55,4,72,0,0,96,6,102,0,13,151,10,174,144,0,144,318
01/28/2023,NEW,LA,ASW,CE,Towers with Radar,0,13,53,1,67,0,10,69,2,81,0,23,122,3,148,52,0,52,200
01/29/2023,NEW,LA,ASW,CE,Towers with Radar,0,9,38,0,47,0,0,2,0,2,0,9,40,0,49,12,0,12,61
01/30/2023,NEW,LA,ASW,CE,Towers with Radar,0,9,43,2,54,0,1,5,0,6,0,10,48,2,60,32,0,32,92
01/31/2023,NEW,LA,ASW,CE,Towers with Radar,0,2,34,3,39,0,0,21,0,21,0,2,55,3,60,30,0,30,90
02/01/2023,NEW,LA,ASW,CE,Towers with Radar,0,6,64,3,73,0,0,0,0,0,0,6,64,3,73,0,0,0,73
02/02/2023,NEW,LA,ASW,CE,Towers with Radar,0,10,32,1,43,0,0,0,0,0,0,10,32,1,43,0,0,0,43
02/03/2023,NEW,LA,ASW,CE,Towers with Radar,0,14,88,7,109,0,13,75,2,90,0,27,163,9,199,144,0,144,343
02/04/2023,NEW,LA,ASW,CE,Towers with Radar,0,10,53,2,65,0,9,99,1,109,0,19,152,3,174,90,0,90,264
02/05/2023,NEW,LA,ASW,CE,Towers with Radar,0,6,51,0,57,0,8,83,2,93,0,14,134,2,150,94,0,94,244
02/06/2023,NEW,LA,ASW,CE,Towers with Radar,0,8,37,6,51,0,6,94,8,108,0,14,131,14,159,164,6,170,329
02/07/2023,NEW,LA,ASW,CE,Towers with Radar,0,17,73,0,90,0,2,43,0,45,0,19,116,0,135,54,0,54,189
02/08/2023,NEW,LA,ASW,CE,Towers with Radar,0,7,70,4,81,0,2,7,0,9,0,9,77,4,90,16,0,16,106
02/09/2023,NEW,LA,ASW,CE,Towers with Radar,0,9,76,4,89,0,3,49,0,52,0,12,125,4,141,136,0,136,277
02/10/2023,NEW,LA,ASW,CE,Towers with Radar,0,21,82,3,106,0,6,66,1,73,0,27,148,4,179,76,0,76,255
02/11/2023,NEW,LA,ASW,CE,Towers with Radar,0,7,46,0,53,0,1,41,2,44,0,8,87,2,97,100,0,100,197
02/12/2023,NEW,LA,ASW,CE,Towers with Radar,0,22,63,6,91,0,8,89,0,97,0,30,152,6,188,66,0,66,254
02/13/2023,NEW,LA,ASW,CE,Towers with Radar,0,15,30,1,46,0,8,101,0,109,0,23,131,1,155,184,0,184,339
02/14/2023,NEW,LA,ASW,CE,Towers with Radar,0,8,40,2,50,0,6,71,0,77,0,14,111,2,127,36,0,36,163
02/15/2023,NEW,LA,ASW,CE,Towers with Radar,0,20,63,4,87,0,8,72,5,85,0,28,135,9,172,66,0,66,238
02/16/2023,NEW,LA,ASW,CE,Towers with Radar,0,23,53,0,76,0,0,6,5,11,0,23,59,5,87,36,12,48,135
02/17/2023,NEW,LA,ASW,CE,Towers with Radar,0,44,125,1,170,0,6,58,3,67,0,50,183,4,237,5,0,5,242
02/18/2023,NEW,LA,ASW,CE,Towers with Radar,0,20,60,0,80,0,7,101,4,112,0,27,161,4,192,64,0,64,256
02/19/2023,NEW,LA,ASW,CE,Towers with Radar,0,28,80,0,108,0,10,91,0,101,0,38,171,0,209,62,0,62,271
02/20/2023,NEW,LA,ASW,CE,Towers with Radar,0,21,119,0,140,0,11,39,2,52,0,32,158,2,192,32,0,32,224
02/21/2023,NEW,LA,ASW,CE,Towers with Radar,0,4,45,4,53,0,21,21,5,47,0,25,66,9,100,58,0,58,158
02/22/2023,NEW,LA,ASW,CE,Towers with Radar,0,21,57,17,95,0,6,14,3,23,0,27,71,20,118,20,0,20,138
02/23/2023,NEW,LA,ASW,CE,Towers with Radar,0,15,59,4,78,0,4,37,0,41,0,19,96,4,119,44,0,44,163
02/24/2023,NEW,LA,ASW,CE,Towers with Radar,0,15,51,2,68,0,1,31,0,32,0,16,82,2,100,50,0,50,150
02/25/2023,NEW,LA,ASW,CE,Towers with Radar,0,7,43,1,51,0,16,80,0,96,0,23,123,1,147,72,0,72,219
02/26/2023,NEW,LA,ASW,CE,Towers with Radar,0,17,73,12,102,0,1,61,1,63,0,18,134,13,165,62,0,62,227
02/27/2023,NEW,LA,ASW,CE,Towers with Radar,0,13,61,2,76,0,5,16,0,21,0,18,77,2,97,0,0,0,97
02/28/2023,NEW,LA,ASW,CE,Towers with Radar,0,8,58,2,68,0,7,63,1,71,0,15,121,3,139,166,0,166,305
03/01/2023,NEW,LA,ASW,CE,Towers with Radar,0,9,69,2,80,0,13,56,3,72,0,22,125,5,152,116,0,116,268
03/02/2023,NEW,LA,ASW,CE,Towers with Radar,0,15,42,2,59,0,0,38,1,39,0,15,80,3,98,150,0,150,248
03/03/2023,NEW,LA,ASW,CE,Towers with Radar,0,5,51,9,65,0,6,31,1,38,0,11,82,10,103,16,0,16,119
03/04/2023,NEW,LA,ASW,CE,Towers with Radar,0,9,50,0,59,0,14,138,0,152,0,23,188,0,211,174,0,174,385
03/05/2023,NEW,LA,ASW,CE,Towers with Radar,0,14,53,10,77,0,15,89,4,108,0,29,142,14,185,140,0,140,325
03/06/2023,NEW,LA,ASW,CE,Towers with Radar,0,11,42,6,59,0,9,39,0,48,0,20,81,6,107,110,0,110,217
03/07/2023,NEW,LA,ASW,CE,Towers with Radar,0,12,49,2,63,0,6,73,1,80,0,18,122,3,143,148,0,148,291
03/08/2023,NEW,LA,ASW,CE,Towers with Radar,0,16,67,8,91,0,5,44,0,49,0,21,111,8,140,194,0,194,334
03/09/2023,NEW,LA,ASW,CE,Towers with Radar,0,25,65,5,95,0,4,92,5,101,0,29,157,10,196,54,0,54,250
03/10/2023,NEW,LA,ASW,CE,Towers with Radar,0,18,82,5,105,0,3,71,1,75,0,21,153,6,180,82,0,82,262
03/11/2023,NEW,LA,ASW,CE,Towers with Radar,0,10,58,1,69,0,17,124,2,143,0,27,182,3,212,152,0,152,364
03/12/2023,NEW,LA,ASW,CE,Towers with Radar,0,13,62,5,80,0,2,50,3,55,0,15,112,8,135,40,0,40,175
03/13/2023,NEW,LA,ASW,CE,Towers with Radar,0,12,50,2,64,0,6,64,0,70,0,18,114,2,134,90,0,90,224
03/14/2023,NEW,LA,ASW,CE,Towers with Radar,0,12,36,1,49,0,3,81,3,87,0,15,117,4,136,108,0,108,244
03/15/2023,NEW,LA,ASW,CE,Towers with Radar,0,12,44,2,58,0,7,87,1,95,0,19,131,3,153,160,0,160,313
03/16/2023,NEW,LA,ASW,CE,Towers with Radar,0,13,72,2,87,0,4,93,7,104,0,17,165,9,191,148,8,156,347
03/17/2023,NEW,LA,ASW,CE,Towers with Radar,0,10,39,0,49,0,1,6,0,7,0,11,45,0,56,28,0,28,84
03/18/2023,NEW,LA,ASW,CE,Towers with Radar,0,12,32,0,44,0,8,76,2,86,0,20,108,2,130,144,0,144,274
03/19/2023,NEW,LA,ASW,CE,Towers with Radar,0,15,61,0,76,0,8,66,0,74,0,23,127,0,150,98,0,98,248
03/20/2023,NEW,LA,ASW,CE,Towers with Radar,0,20,46,1,67,0,4,74,3,81,0,24,120,4,148,152,2,154,302
03/21/2023,NEW,LA,ASW,CE,Towers with Radar,0,8,43,0,51,0,4,88,6,98,0,12,131,6,149,136,16,152,301
03/22/2023,NEW,LA,ASW,CE,Towers with Radar,0,10,57,7,74,0,4,81,4,89,0,14,138,11,163,234,0,234,397
03/23/2023,NEW,LA,ASW,CE,Towers with Radar,0,18,92,8,118,0,7,61,2,70,0,25,153,10,188,144,0,144,332
03/24/2023,NEW,LA,ASW,CE,Towers with Radar,0,22,75,11,108,0,7,22,1,30,0,29,97,12,138,4,0,4,142
03/25/2023,NEW,LA,ASW,CE,Towers with Radar,0,21,63,3,87,0,9,107,2,118,0,30,170,5,205,74,0,74,279
03/26/2023,NEW,LA,ASW,CE,Towers with Radar,0,13,86,3,102,0,4,15,2,21,0,17,101,5,123,44,2,46,169
03/27/2023,NEW,LA,ASW,CE,Towers with Radar,0,10,29,0,39,0,1,31,2,34,0,11,60,2,73,76,6,82,155
03/28/2023,NEW,LA,ASW,CE,Towers with Radar,0,11,31,2,44,0,3,22,3,28,0,14,53,5,72,114,0,114,186
03/29/2023,NEW,LA,ASW,CE,Towers with Radar,0,3,47,4,54,0,5,82,1,88,0,8,129,5,142,94,0,94,236
03/30/2023,NEW,LA,ASW,CE,Towers with Radar,0,15,61,6,82,0,2,85,5,92,0,17,146,11,174,88,0,88,262
03/31/2023,NEW,LA,ASW,CE,Towers with Radar,0,24,72,4,100,0,5,28,0,33,0,29,100,4,133,38,8,46,179
04/01/2023,NEW,LA,ASW,CE,Towers with Radar,0,14,51,0,65,0,11,77,5,93,0,25,128,5,158,194,0,194,352
04/02/2023,NEW,LA,ASW,CE,Towers with Radar,0,15,107,2,124,0,5,59,3,67,0,20,166,5,191,62,0,62,253
04/03/2023,NEW,LA,ASW,CE,Towers with Radar,0,13,59,13,85,0,6,27,2,35,0,19,86,15,120,22,0,22,142
04/04/2023,NEW,LA,ASW,CE,Towers with Radar,0,14,53,7,74,0,2,53,0,55,0,16,106,7,129,20,0,20,149
04/05/2023,NEW,LA,ASW,CE,Towers with Radar,0,14,61,2,77,0,1,36,0,37,0,15,97,2,114,120,0,120,234
04/06/2023,NEW,LA,ASW,CE,Towers with Radar,0,16,64,2,82,0,4,47,0,51,0,20,111,2,133,256,0,256,389
04/07/2023,NEW,LA,ASW,CE,Towers with Radar,0,13,24,1,38,0,0,0,0,0,0,13,24,1,38,2,0,2,40
04/08/2023,NEW,LA,ASW,CE,Towers with Radar,0,12,40,3,55,0,10,30,2,42,0,22,70,5,97,74,0,74,171
04/09/2023,NEW,LA,ASW,CE,Towers with Radar,0,5,38,4,47,0,8,7,0,15,0,13,45,4,62,30,0,30,92
04/10/2023,NEW,LA,ASW,CE,Towers with Radar,0,11,52,4,67,0,4,73,0,77,0,15,125,4,144,170,0,170,314
04/11/2023,NEW,LA,ASW,CE,Towers with Radar,0,5,28,0,33,0,6,52,0,58,0,11,80,0,91,68,0,68,159
04/12/2023,NEW,LA,ASW,CE,Towers with Radar,0,6,46,8,60,0,0,35,1,36,0,6,81,9,96,82,0,82,178
04/13/2023,NEW,LA,ASW,CE,Towers with Radar,0,15,56,0,71,0,6,64,1,71,0,21,120,1,142,72,0,72,214
04/14/2023,NEW,LA,ASW,CE,Towers with Radar,0,13,64,4,81,0,2,88,2,92,0,15,152,6,173,220,2,222,395
04/15/2023,NEW,LA,ASW,CE,Towers with Radar,0,10,55,4,69,0,2,17,0,19,0,12,72,4,88,38,0,38,126
04/16/2023,NEW,LA,ASW,CE,Towers with Radar,0,16,66,7,89,0,11,82,3,96,0,27,148,10,185,56,4,60,245
04/17/2023,NEW,LA,ASW,CE,Towers with Radar,0,20,56,3,79,0,5,116,5,126,0,25,172,8,205,182,2,184,389
04/18/2023,NEW,LA,ASW,CE,Towers with Radar,0,10,64,2,76,0,10,90,4,104,0,20,154,6,180,173,0,173,353
04/19/2023,NEW,LA,ASW,CE,Towers with Radar,0,20,58,1,79,0,7,77,5,89,0,27,135,6,168,136,20,156,324
04/20/2023,NEW,LA,ASW,CE,Towers with Radar,0,21,81,1,103,0,5,97,1,103,0,26,178,2,206,134,0,134,340
04/21/2023,NEW,LA,ASW,CE,Towers with Radar,0,17,62,7,86,0,2,57,0,59,0,19,119,7,145,96,0,96,241
04/22/2023,NEW,LA,ASW,CE,Towers with Radar,0,16,49,1,66,0,37,140,3,180,0,53,189,4,246,126,0,126,372
04/23/2023,NEW,LA,ASW,CE,Towers with Radar,0,28,73,8,109,0,5,112,3,120,0,33,185,11,229,74,0,74,303
04/24/2023,NEW,LA,ASW,CE,Towers with Radar,0,10,41,0,51,0,9,72,2,83,0,19,113,2,134,188,0,188,322
04/25/2023,NEW,LA,ASW,CE,Towers with Radar,0,10,46,3,59,0,7,83,6,96,0,17,129,9,155,198,12,210,365
04/26/2023,NEW,LA,ASW,CE,Towers with Radar,0,7,62,6,75,0,2,51,5,58,0,9,113,11,133,72,0,72,205
04/27/2023,NEW,LA,ASW,CE,Towers with Radar,0,28,78,2,108,0,2,39,0,41,0,30,117,2,149,62,0,62,211
04/28/2023,NEW,LA,ASW,CE,Towers with Radar,0,17,89,10,116,0,7,109,0,116,0,24,198,10,232,248,0,248,480
04/29/2023,NEW,LA,ASW,CE,Towers with Radar,0,16,30,0,46,0,0,32,0,32,0,16,62,0,78,42,0,42,120
04/30/2023,NEW,LA,ASW,CE,Towers with Radar,0,32,79,5,116,0,12,114,1,127,0,44,193,6,243,42,0,42,285
05/01/2023,NEW,LA,ASW,CE,Towers with Radar,0,9,86,5,100,0,9,78,7,94,0,18,164,12,194,126,10,136,330
05/02/2023,NEW,LA,ASW,CE,Towers with Radar,0,14,48,2,64,0,6,80,0,86,0,20,128,2,150,214,0,214,364
05/03/2023,NEW,LA,ASW,CE,Towers with Radar,0,14,87,0,101,0,4,77,5,86,0,18,164,5,187,106,0,106,293
05/04/2023,NEW,LA,ASW,CE,Towers with Radar,0,21,104,8,133,0,15,81,9,105,0,36,185,17,238,220,6,226,464
05/05/2023,NEW,LA,ASW,CE,Towers with Radar,0,28,82,0,110,0,5,36,0,41,0,33,118,0,151,114,0,114,265
05/06/2023,NEW,LA,ASW,CE,Towers with Radar,0,19,18,0,37,0,1,8,0,9,0,20,26,0,46,12,0,12,58
05/07/2023,NEW,LA,ASW,CE,Towers with Radar,0,30,92,0,122,0,9,74,0,83,0,39,166,0,205,82,0,82,287
05/08/2023,NEW,LA,ASW,CE,Towers with Radar,0,30,78,3,111,0,5,27,1,33,0,35,105,4,144,42,0,42,186
05/09/2023,NEW,LA,ASW,CE,Towers with Radar,0,11,57,0,68,0,3,21,0,24,0,14,78,0,92,108,0,108,200
05/10/2023,NEW,LA,ASW,CE,Towers with Radar,0,25,70,4,99,0,9,56,0,65,0,34,126,4,164,172,0,172,336
05/11/2023,NEW,LA,ASW,CE,Towers with Radar,0,10,62,4,76,0,8,40,2,50,0,18,102,6,126,90,2,92,218
05/12/2023,NEW,LA,ASW,CE,Towers with Radar,0,21,65,10,96,0,10,73,1,84,0,31,138,11,180,120,8,128,308
05/13/2023,NEW,LA,ASW,CE,Towers with Radar,0,5,31,0,36,0,6,119,0,125,0,11,150,0,161,76,0,76,237
05/14/2023,NEW,LA,ASW,CE,Towers with Radar,0,12,44,7,63,0,9,61,5,75,0,21,105,12,138,78,0,78,216
05/15/2023,NEW,LA,ASW,CE,Towers with Radar,0,9,39,3,51,0,2,79,5,86,0,11,118,8,137,114,0,114,251
05/16/2023,NEW,LA,ASW,CE,Towers with Radar,0,4,42,0,46,0,4,89,4,97,0,8,131,4,143,110,10,120,263
05/17/2023,NEW,LA,ASW,CE,Towers with Radar,0,5,75,0,80,0,4,61,0,65,0,9,136,0,145,78,0,78,223
05/18/2023,NEW,LA,ASW,CE,Towers with Radar,0,22,76,11,109,0,3,69,5,77,0,25,145,16,186,98,8,106,292
05/19/2023,NEW,LA,ASW,CE,Towers with Radar,0,17,67,10,94,0,3,103,8,114,0,20,170,18,208,198,44,242,450
05/20/2023,NEW,LA,ASW,CE,Towers with Radar,0,7,60,3,70,0,13,90,2,105,0,20,150,5,175,132,0,132,307
05/21/2023,NEW,LA,ASW,CE,Towers with Radar,0,20,94,2,116,0,9,75,2,86,0,29,169,4,202,18,8,26,228
05/22/2023,NEW,LA,ASW,CE,Towers with Radar,0,13,63,4,80,0,8,95,5,108,0,21,158,9,188,134,0,134,322
05/23/2023,NEW,LA,ASW,CE,Towers with Radar,0,17,53,9,79,0,13,85,4,102,0,30,138,13,181,192,0,192,373
05/24/2023,NEW,LA,ASW,CE,Towers with Radar,0,13,76,1,90,0,7,43,5,55,0,20,119,6,145,100,4,104,249
05/25/2023,NEW,LA,ASW,CE,Towers with Radar,0,5,61,3,69,0,4,80,4,88,0,9,141,7,157,122,8,130,287
05/26/2023,NEW,LA,ASW,CE,Towers with Radar,0,11,53,0,64,0,11,91,0,102,0,22,144,0,166,104,0,104,270
05/27/2023,NEW,LA,ASW,CE,Towers with Radar,0,13,32,0,45,0,14,103,0,117,0,27,135,0,162,110,0,110,272
05/28/2023,NEW,LA,ASW,CE,Towers with Radar,0,6,30,0,36,0,8,78,0,86,0,14,108,0,122,116,0,116,238
05/29/2023,NEW,LA,ASW,CE,Towers with Radar,0,10,49,0,59,0,15,90,0,105,0,25,139,0,164,166,0,166,330
05/30/2023,NEW,LA,ASW,CE,Towers with Radar,0,5,33,2,40,0,5,84,0,89,0,10,117,2,129,132,4,136,265
05/31/2023,NEW,LA,ASW,CE,Towers with Radar,0,9,41,13,63,0,14,73,4,91,0,23,114,17,154,216,10,226,380
06/01/2023,NEW,LA,ASW,CE,Towers with Radar,0,10,47,1,58,0,11,91,0,102,0,21,138,1,160,142,0,142,302
06/02/2023,NEW,LA,ASW,CE,Towers with Radar,0,4,36,10,50,0,5,85,0,90,0,9,121,10,140,74,0,74,214
06/03/2023,NEW,LA,ASW,CE,Towers with Radar,0,5,40,4,49,0,13,92,2,107,0,18,132,6,156,88,22,110,266
06/04/2023,NEW,LA,ASW,CE,Towers with Radar,0,8,41,5,54,0,7,96,3,106,0,15,137,8,160,126,12,138,298
06/05/2023,NEW,LA,ASW,CE,Towers with Radar,0,4,33,0,37,0,9,62,1,72,0,13,95,1,109,64,0,64,173
06/06/2023,NEW,LA,ASW,CE,Towers with Radar,0,6,33,0,39,0,7,53,0,60,0,13,86,0,99,178,0,178,277
06/07/2023,NEW,LA,ASW,CE,Towers with Radar,0,7,53,4,64,0,5,102,0,107,0,12,155,4,171,168,0,168,339
06/08/2023,NEW,LA,ASW,CE,Towers with Radar,0,11,54,4,69,0,5,68,2,75,0,16,122,6,144,188,0,188,332
06/09/2023,NEW,LA,ASW,CE,Towers with Radar,0,8,53,8,69,0,24,91,6,121,0,32,144,14,190,232,0,232,422
06/10/2023,NEW,LA,ASW,CE,Towers with Radar,0,17,32,6,55,0,12,93,0,105,0,29,125,6,160,112,0,112,272
06/11/2023,NEW,LA,ASW,CE,Towers with Radar,0,14,53,4,71,0,17,60,2,79,0,31,113,6,150,62,0,62,212
06/12/2023,NEW,LA,ASW,CE,Towers with Radar,0,8,48,8,64,0,5,85,4,94,0,13,133,12,158,158,0,158,316
06/13/2023,NEW,LA,ASW,CE,Towers with Radar,0,8,31,6,45,0,7,74,3,84,0,15,105,9,129,120,4,124,253
06/14/2023,NEW,LA,ASW,CE,Towers with Radar,0,10,58,0,68,0,10,49,0,59,0,20,107,0,127,46,0,46,173
06/15/2023,NEW,LA,ASW,CE,Towers with Radar,0,12,52,0,64,0,2,45,1,48,0,14,97,1,112,74,0,74,186
06/16/2023,NEW,LA,ASW,CE,Towers with Radar,0,17,58,2,77,0,22,74,1,97,0,39,132,3,174,178,0,178,352
06/17/2023,NEW,LA,ASW,CE,Towers with Radar,0,4,34,0,38,0,14,94,0,108,0,18,128,0,146,122,0,122,268
06/18/2023,NEW,LA,ASW,CE,Towers with Radar,0,9,36,1,46,0,21,78,0,99,0,30,114,1,145,90,0,90,235
06/19/2023,NEW,LA,ASW,CE,Towers with Radar,0,7,47,0,54,0,3,60,0,63,0,10,107,0,117,82,0,82,199
06/20/2023,NEW,LA,ASW,CE,Towers with Radar,0,4,40,3,47,0,4,32,4,40,0,8,72,7,87,92,10,102,189
06/21/2023,NEW,LA,ASW,CE,Towers with Radar,0,9,43,0,52,0,7,78,1,86,0,16,121,1,138,134,0,134,272
06/22/2023,NEW,LA,ASW,CE,Towers with Radar,0,10,35,1,46,0,12,77,2,91,0,22,112,3,137,90,0,90,227
06/23/2023,NEW,LA,ASW,CE,Towers with Radar,0,6,47,1,54,0,8,78,0,86,0,14,125,1,140,117,0,117,257
06/24/2023,NEW,LA,ASW,CE,Towers with Radar,0,3,30,3,36,0,15,72,1,88,0,18,102,4,124,90,0,90,214
06/25/2023,NEW,LA,ASW,CE,Towers with Radar,0,12,58,15,85,0,12,71,10,93,0,24,129,25,178,56,0,56,234
06/26/2023,NEW,LA,ASW,CE,Towers with Radar,0,5,47,8,60,0,7,54,3,64,0,12,101,11,124,46,0,46,170
06/27/2023,NEW,LA,ASW,CE,Towers with Radar,0,9,39,5,53,0,9,81,2,92,0,18,120,7,145,142,0,142,287
06/28/2023,NEW,LA,ASW,CE,Towers with Radar,0,15,56,2,73,0,6,94,0,100,0,21,150,2,173,82,0,82,255
06/29/2023,NEW,LA,ASW,CE,Towers with Radar,0,7,44,1,52,0,10,69,0,79,0,17,113,1,131,100,0,100,231
06/30/2023,NEW,LA,ASW,CE,Towers with Radar,0,14,48,2,64,0,23,85,0,108,0,37,133,2,172,112,0,112,284
07/01/2023,NEW,LA,ASW,CE,Towers with Radar,0,7,33,0,40,0,23,89,0,112,0,30,122,0,152,116,0,116,268
07/02/2023,NEW,LA,ASW,CE,Towers with Radar,0,6,23,0,29,0,11,39,0,50,0,17,62,0,79,36,0,36,115
07/03/2023,NEW,LA,ASW,CE,Towers with Radar,0,7,23,3,33,0,8,57,5,70,0,15,80,8,103,122,0,122,225
07/04/2023,NEW,LA,ASW,CE,Towers with Radar,0,2,25,0,27,0,4,28,0,32,0,6,53,0,59,74,0,74,133
07/05/2023,NEW,LA,ASW,CE,Towers with Radar,0,4,18,0,22,0,1,42,0,43,0,5,60,0,65,88,0,88,153
07/06/2023,NEW,LA,ASW,CE,Towers with Radar,0,9,46,1,56,0,7,89,0,96,0,16,135,1,152,186,0,186,338
07/07/2023,NEW,LA,ASW,CE,Towers with Radar,0,11,31,4,46,0,3,88,0,91,0,14,119,4,137,156,0,156,293
07/08/2023,NEW,LA,ASW,CE,Towers with Radar,0,0,20,2,22,0,3,71,0,74,0,3,91,2,96,72,0,72,168
07/09/2023,NEW,LA,ASW,CE,Towers with Radar,0,2,34,0,36,0,7,47,0,54,0,9,81,0,90,60,0,60,150
07/10/2023,NEW,LA,ASW,CE,Towers with Radar,0,2,30,0,32,0,6,63,0,69,0,8,93,0,101,78,0,78,179
07/11/2023,NEW,LA,ASW,CE,Towers with Radar,0,3,24,3,30,0,5,69,0,74,0,8,93,3,104,110,0,110,214
07/12/2023,NEW,LA,ASW,CE,Towers with Radar,0,6,49,0,55,0,8,54,0,62,0,14,103,0,117,62,0,62,179
07/13/2023,NEW,LA,ASW,CE,Towers with Radar,0,7,62,9,78,0,7,74,7,88,0,14,136,16,166,134,8,142,308
07/14/2023,NEW,LA,ASW,CE,Towers with Radar,0,6,29,4,39,0,5,77,1,83,0,11,106,5,122,124,0,124,246
07/15/2023,NEW,LA,ASW,CE,Towers with Radar,0,8,32,6,46,0,12,87,5,104,0,20,119,11,150,52,0,52,202
07/16/2023,NEW,LA,ASW,CE,Towers with Radar,0,4,37,1,42,0,4,20,1,25,0,8,57,2,67,22,0,22,89
07/17/2023,NEW,LA,ASW,CE,Towers with Radar,0,8,38,1,47,0,4,73,0,77,0,12,111,1,124,148,0,148,272
07/18/2023,NEW,LA,ASW,CE,Towers with Radar,0,7,49,2,58,0,14,75,2,91,0,21,124,4,149,168,0,168,317
07/19/2023,NEW,LA,ASW,CE,Towers with Radar,0,6,46,8,60,0,6,53,7,66,0,12,99,15,126,118,20,138,264
07/20/2023,NEW,LA,ASW,CE,Towers with Radar,0,10,29,3,42,0,7,80,5,92,0,17,109,8,134,134,2,136,270
07/21/2023,NEW,LA,ASW,CE,Towers with Radar,0,12,43,3,58,0,20,79,6,105,0,32,122,9,163,134,0,134,297
07/22/2023,NEW,LA,ASW,CE,Towers with Radar,0,6,30,0,36,0,9,87,1,97,0,15,117,1,133,92,0,92,225
07/23/2023,NEW,LA,ASW,CE,Towers with Radar,0,12,36,5,53,0,7,47,3,57,0,19,83,8,110,44,30,74,184
07/24/2023,NEW,LA,ASW,CE,Towers with Radar,0,8,37,0,45,0,12,93,0,105,0,20,130,0,150,228,30,258,408
07/25/2023,NEW,LA,ASW,CE,Towers with Radar,0,4,46,1,51,0,3,83,3,89,0,7,129,4,140,116,12,128,268
07/26/2023,NEW,LA,ASW,CE,Towers with Radar,0,7,49,1,57,0,11,84,1,96,0,18,133,2,153,116,0,116,269
07/27/2023,NEW,LA,ASW,CE,Towers with Radar,0,4,52,7,63,0,9,80,0,89,0,13,132,7,152,150,0,150,302
07/28/2023,NEW,LA,ASW,CE,Towers with Radar,0,8,31,9,48,0,8,96,4,108,0,16,127,13,156,134,10,144,300
07/29/2023,NEW,LA,ASW,CE,Towers with Radar,0,5,34,3,42,0,11,101,0,112,0,16,135,3,154,82,0,82,236
07/30/2023,NEW,LA,ASW,CE,Towers with Radar,0,6,24,8,38,0,4,53,0,57,0,10,77,8,95,22,0,22,117
07/31/2023,NEW,LA,ASW,CE,Towers with Radar,0,0,23,2,25,0,12,54,4,70,0,12,77,6,95,54,0,54,149
08/01/2023,NEW,LA,ASW,CE,Towers with Radar,0,1,23,2,26,0,9,87,0,96,0,10,110,2,122,178,0,178,300
08/02/2023,NEW,LA,ASW,CE,Towers with Radar,0,11,48,2,61,0,4,71,1,76,0,15,119,3,137,62,0,62,199
08/03/2023,NEW,LA,ASW,CE,Towers with Radar,0,4,56,6,66,0,5,79,2,86,0,9,135,8,152,186,0,186,338
08/04/2023,NEW,LA,ASW,CE,Towers with Radar,0,5,34,10,49,0,5,83,9,97,0,10,117,19,146,160,0,160,306
08/05/2023,NEW,LA,ASW,CE,Towers with Radar,0,3,54,2,59,0,7,101,9,117,0,10,155,11,176,182,0,182,358
08/06/2023,NEW,LA,ASW,CE,Towers with Radar,0,5,36,3,44,0,4,78,6,88,0,9,114,9,132,144,0,144,276
08/07/2023,NEW,LA,ASW,CE,Towers with Radar,0,9,43,0,52,0,9,56,0,65,0,18,99,0,117,48,0,48,165
08/08/2023,NEW,LA,ASW,CE,Towers with Radar,0,5,46,7,58,0,15,41,1,57,0,20,87,8,115,84,4,88,203
08/09/2023,NEW,LA,ASW,CE,Towers with Radar,0,2,54,10,66,0,9,52,5,66,0,11,106,15,132,84,0,84,216
08/10/2023,NEW,LA,ASW,CE,Towers with Radar,0,6,50,0,56,0,7,77,0,84,0,13,127,0,140,44,0,44,184
08/11/2023,NEW,LA,ASW,CE,Towers with Radar,0,6,63,12,81,0,8,91,10,109,0,14,154,22,190,80,10,90,280
08/12/2023,NEW,LA,ASW,CE,Towers with Radar,0,6,29,6,41,0,19,110,3,132,0,25,139,9,173,128,0,128,301
08/13/2023,NEW,LA,ASW,CE,Towers with Radar,0,8,58,10,76,0,7,58,1,66,0,15,116,11,142,98,0,98,240
08/14/2023,NEW,LA,ASW,CE,Towers with Radar,0,9,52,3,64,0,6,69,4,79,0,15,121,7,143,118,0,118,261
08/15/2023,NEW,LA,ASW,CE,Towers with Radar,0,9,28,4,41,0,2,64,0,66,0,11,92,4,107,62,0,62,169
08/16/2023,NEW,LA,ASW,CE,Towers with Radar,0,6,36,8,50,0,3,91,2,96,0,9,127,10,146,96,0,96,242
08/17/2023,NEW,LA,ASW,CE,Towers with Radar,0,10,45,8,63,0,9,95,2,106,0,19,140,10,169,124,4,128,297
08/18/2023,NEW,LA,ASW,CE,Towers with Radar,0,8,35,5,48,0,6,93,0,99,0,14,128,5,147,190,0,190,337
08/19/2023,NEW,LA,ASW,CE,Towers with Radar,0,11,28,9,48,0,6,82,1,89,0,17,110,10,137,124,16,140,277
08/20/2023,NEW,LA,ASW,CE,Towers with Radar,0,10,47,7,64,0,3,68,2,73,0,13,115,9,137,86,0,86,223
08/21/2023,NEW,LA,ASW,CE,Towers with Radar,0,6,35,2,43,0,0,21,3,24,0,6,56,5,67,2,0,2,69
08/22/2023,NEW,LA,ASW,CE,Towers with Radar,0,4,39,9,52,0,7,79,5,91,0,11,118,14,143,72,12,84,227
08/23/2023,NEW,LA,ASW,CE,Towers with Radar,0,7,41,0,48,0,3,67,0,70,0,10,108,0,118,106,0,106,224
08/24/2023,NEW,LA,ASW,CE,Towers with Radar,0,2,36,4,42,0,1,79,8,88,0,3,115,12,130,164,0,164,294
08/25/2023,NEW,LA,ASW,CE,Towers with Radar,0,5,41,7,53,0,10,81,5,96,0,15,122,12,149,54,0,54,203
08/26/2023,NEW,LA,ASW,CE,Towers with Radar,0,1,39,0,40,0,5,97,0,102,0,6,136,0,142,48,0,48,190
08/27/2023,NEW,LA,ASW,CE,Towers with Radar,0,1,52,6,59,0,4,88,3,95,0,5,140,9,154,66,0,66,220
08/28/2023,NEW,LA,ASW,CE,Towers with Radar,0,5,42,4,51,0,3,56,2,61,0,8,98,6,112,72,10,82,194
08/29/2023,NEW,LA,ASW,CE,Towers with Radar,0,8,29,0,37,0,20,50,0,70,0,28,79,0,107,48,0,48,155
08/30/2023,NEW,LA,ASW,CE,Towers with Radar,0,8,26,9,43,0,5,74,1,80,0,13,100,10,123,170,0,170,293
08/31/2023,NEW,LA,ASW,CE,Towers with Radar,0,17,42,7,66,0,4,87,3,94,0,21,129,10,160,115,0,115,275
01/01/2020,NEW,LA,ASW,CE,Towers with Radar,0,11,59,0,70,0,3,62,0,65,0,14,121,0,135,10,34,44,179
01/02/2020,NEW,LA,ASW,CE,Towers with Radar,0,17,72,1,90,0,1,0,1,2,0,18,72,2,92,12,0,12,104
01/03/2020,NEW,LA,ASW,CE,Towers with Radar,0,6,42,1,49,0,0,5,0,5,0,6,47,1,54,16,0,16,70
01/04/2020,NEW,LA,ASW,CE,Towers with Radar,0,5,60,9,74,0,9,94,1,104,0,14,154,10,178,120,0,120,298
01/05/2020,NEW,LA,ASW,CE,Towers with Radar,0,7,116,0,123,0,9,93,1,103,0,16,209,1,226,98,30,128,354
01/06/2020,NEW,LA,ASW,CE,Towers with Radar,0,2,53,0,55,0,1,42,2,45,0,3,95,2,100,58,8,66,166
01/07/2020,NEW,LA,ASW,CE,Towers with Radar,0,4,38,3,45,0,3,64,2,69,0,7,102,5,114,92,0,92,206
01/08/2020,NEW,LA,ASW,CE,Towers with Radar,0,5,36,4,45,0,6,56,6,68,0,11,92,10,113,156,18,174,287
01/09/2020,NEW,LA,ASW,CE,Towers with Radar,0,4,58,12,74,0,5,32,0,37,0,9,90,12,111,138,0,138,249
01/10/2020,NEW,LA,ASW,CE,Towers with Radar,0,9,52,3,64,0,2,3,1,6,0,11,55,4,70,2,0,2,72
01/11/2020,NEW,LA,ASW,CE,Towers with Radar,0,15,48,0,63,0,6,16,0,22,0,21,64,0,85,4,0,4,89
01/12/2020,NEW,LA,ASW,CE,Towers with Radar,0,39,155,0,194,0,0,17,1,18,0,39,172,1,212,48,0,48,260
01/13/2020,NEW,LA,ASW,CE,Towers with Radar,0,32,78,0,110,0,0,0,0,0,0,32,78,0,110,0,0,0,110
01/14/2020,NEW,LA,ASW,CE,Towers with Radar,0,82,218,2,302,0,0,19,0,19,0,82,237,2,321,42,0,42,363
01/15/2020,NEW,LA,ASW,CE,Towers with Radar,0,12,69,2,83,0,1,19,0,20,0,13,88,2,103,112,0,112,215
01/16/2020,NEW,LA,ASW,CE,Towers with Radar,0,8,49,0,57,0,1,7,0,8,0,9,56,0,65,74,0,74,139
01/17/2020,NEW,LA,ASW,CE,Towers with Radar,0,16,71,3,90,0,7,47,2,56,0,23,118,5,146,82,0,82,228
01/18/2020,NEW,LA,ASW,CE,Towers with Radar,0,5,45,2,52,0,5,47,0,52,0,10,92,2,104,106,0,106,210
01/19/2020,NEW,LA,ASW,CE,Towers with Radar,0,12,55,2,69,0,9,60,1,70,0,21,115,3,139,60,0,60,199
01/20/2020,NEW,LA,ASW,CE,Towers with Radar,0,7,49,0,56,0,5,65,0,70,0,12,114,0,126,84,0,84,210
01/21/2020,NEW,LA,ASW,CE,Towers with Radar,0,10,46,8,64,0,10,50,2,62,0,20,96,10,126,58,8,66,192
01/22/2020,NEW,LA,ASW,CE,Towers with Radar,0,7,55,2,64,0,0,26,4,30,0,7,81,6,94,112,0,112,206
01/23/2020,NEW,LA,ASW,CE,Towers with Radar,0,3,50,0,53,0,0,5,0,5,0,3,55,0,58,16,0,16,74
01/24/2020,NEW,LA,ASW,CE,Towers with Radar,0,16,74,2,92,0,0,68,4,72,0,16,142,6,164,136,38,174,338
01/25/2020,NEW,LA,ASW,CE,Towers with Radar,0,10,50,0,60,0,1,95,3,99,0,11,145,3,159,126,0,126,285
01/26/2020,NEW,LA,ASW,CE,Towers with Radar,0,10,69,7,86,0,0,5,1,6,0,10,74,8,92,42,0,42,134
01/27/2020,NEW,LA,ASW,CE,Towers with Radar,0,4,66,4,74,0,4,6,0,10,0,8,72,4,84,4,0,4,88
01/28/2020,NEW,LA,ASW,CE,Towers with Radar,0,7,58,0,65,0,10,56,2,68,0,17,114,2,133,144,0,144,277
01/29/2020,NEW,LA,ASW,CE,Towers with Radar,0,9,47,8,64,0,0,10,0,10,0,9,57,8,74,140,6,146,220
01/30/2020,NEW,LA,ASW,CE,Towers with Radar,0,5,60,8,73,0,5,38,1,44,0,10,98,9,117,176,14,190,307
01/31/2020,NEW,LA,ASW,CE,Towers with Radar,0,6,65,12,83,0,7,26,1,34,0,13,91,13,117,66,0,66,183
02/01/2020,NEW,LA,ASW,CE,Towers with Radar,0,4,32,5,41,0,3,69,6,78,0,7,101,11,119,60,4,64,183
02/02/2020,NEW,LA,ASW,CE,Towers with Radar,0,4,65,7,76,0,2,91,6,99,0,6,156,13,175,92,0,92,267
02/03/2020,NEW,LA,ASW,CE,Towers with Radar,0,10,50,0,60,0,4,51,8,63,0,14,101,8,123,76,0,76,199
02/04/2020,NEW,LA,ASW,CE,Towers with Radar,0,13,43,8,64,0,0,11,0,11,0,13,54,8,75,84,8,92,167
02/05/2020,NEW,LA,ASW,CE,Towers with Radar,0,1,31,0,32,0,0,0,0,0,0,1,31,0,32,0,0,0,32
02/06/2020,NEW,LA,ASW,CE,Towers with Radar,0,10,38,0,48,0,0,10,0,10,0,10,48,0,58,0,0,0,58
02/07/2020,NEW,LA,ASW,CE,Towers with Radar,0,11,76,15,102,0,1,86,13,100,0,12,162,28,202,94,0,94,296
02/08/2020,NEW,LA,ASW,CE,Towers with Radar,0,9,63,1,73,0,0,77,8,85,0,9,140,9,158,74,2,76,234
02/09/2020,NEW,LA,ASW,CE,Towers with Radar,0,9,75,10,94,0,1,54,13,68,0,10,129,23,162,40,0,40,202
02/10/2020,NEW,LA,ASW,CE,Towers with Radar,0,14,44,2,60,0,0,7,0,7,0,14,51,2,67,2,0,2,69
02/11/2020,NEW,LA,ASW,CE,Towers with Radar,0,12,50,3,65,0,1,9,4,14,0,13,59,7,79,68,32,100,179
02/12/2020,NEW,LA,ASW,CE,Towers with Radar,0,14,52,12,78,0,3,1,2,6,0,17,53,14,84,0,2,2,86
02/13/2020,NEW,LA,ASW,CE,Towers with Radar,0,6,52,5,63,0,5,27,0,32,0,11,79,5,95,62,0,62,157
02/14/2020,NEW,LA,ASW,CE,Towers with Radar,0,10,95,2,107,0,8,131,8,147,0,18,226,10,254,88,10,98,352
02/15/2020,NEW,LA,ASW,CE,Towers with Radar,0,6,64,5,75,0,3,109,7,119,0,9,173,12,194,114,0,114,308
02/16/2020,NEW,LA,ASW,CE,Towers with Radar,0,18,77,3,98,0,0,0,0,0,0,18,77,3,98,0,0,0,98
02/17/2020,NEW,LA,ASW,CE,Towers with Radar,0,8,48,1,57,0,0,1,0,1,0,8,49,1,58,0,0,0,58
02/18/2020,NEW,LA,ASW,CE,Towers with Radar,0,3,31,0,34,0,0,7,3,10,0,3,38,3,44,60,0,60,104
02/19/2020,NEW,LA,ASW,CE,Towers with Radar,0,12,47,0,59,0,3,29,6,38,0,15,76,6,97,100,0,100,197
02/20/2020,NEW,LA,ASW,CE,Towers with Radar,0,27,64,1,92,0,0,1,0,1,0,27,65,1,93,0,0,0,93
02/21/2020,NEW,LA,ASW,CE,Towers with Radar,0,19,120,5,144,0,11,101,7,119,0,30,221,12,263,92,0,92,355
02/22/2020,NEW,LA,ASW,CE,Towers with Radar,0,4,49,5,58,0,10,82,8,100,0,14,131,13,158,184,0,184,342
02/23/2020,NEW,LA,ASW,CE,Towers with Radar,0,24,84,0,108,0,9,71,5,85,0,33,155,5,193,108,0,108,301
02/24/2020,NEW,LA,ASW,CE,Towers with Radar,0,11,56,1,68,0,5,32,4,41,0,16,88,5,109,62,0,62,171
02/25/2020,NEW,LA,ASW,CE,Towers with Radar,0,7,36,11,54,0,13,55,6,74,0,20,91,17,128,100,14,114,242
02/26/2020,NEW,LA,ASW,CE,Towers with Radar,0,11,54,0,65,0,1,37,4,42,0,12,91,4,107,6,0,6,113
02/27/2020,NEW,LA,ASW,CE,Towers with Radar,0,12,54,7,73,0,7,60,9,76,0,19,114,16,149,130,0,130,279
02/28/2020,NEW,LA,ASW,CE,Towers with Radar,0,8,36,4,48,0,4,73,4,81,0,12,109,8,129,100,10,110,239
02/29/2020,NEW,LA,ASW,CE,Towers with Radar,0,6,41,1,48,0,1,99,3,103,0,7,140,4,151,182,0,182,333
03/01/2020,NEW,LA,ASW,CE,Towers with Radar,0,16,66,4,86,0,6,63,1,70,0,22,129,5,156,134,0,134,290
03/02/2020,NEW,LA,ASW,CE,Towers with Radar,0,3,49,3,55,0,3,41,6,50,0,6,90,9,105,94,0,94,199
03/03/2020,NEW,LA,ASW,CE,Towers with Radar,0,6,34,0,40,0,2,19,3,24,0,8,53,3,64,62,10,72,136
03/04/2020,NEW,LA,ASW,CE,Towers with Radar,0,9,28,2,39,0,0,2,1,3,0,9,30,3,42,8,2,10,52
03/05/2020,NEW,LA,ASW,CE,Towers with Radar,0,7,68,10,85,0,3,30,3,36,0,10,98,13,121,76,0,76,197
03/06/2020,NEW,LA,ASW,CE,Towers with Radar,0,12,82,8,102,0,5,69,4,78,0,17,151,12,180,142,0,142,322
03/07/2020,NEW,LA,ASW,CE,Towers with Radar,0,6,51,6,63,0,15,81,6,102,0,21,132,12,165,138,8,146,311
03/08/2020,NEW,LA,ASW,CE,Towers with Radar,0,12,66,5,83,0,10,73,3,86,0,22,139,8,169,54,0,54,223
03/09/2020,NEW,LA,ASW,CE,Towers with Radar,0,3,55,5,63,0,3,68,6,77,0,6,123,11,140,104,4,108,248
03/10/2020,NEW,LA,ASW,CE,Towers with Radar,0,3,41,4,48,0,7,15,2,24,0,10,56,6,72,74,0,74,146
03/11/2020,NEW,LA,ASW,CE,Towers with Radar,0,3,58,0,61,0,7,32,3,42,0,10,90,3,103,80,2,82,185
03/12/2020,NEW,LA,ASW,CE,Towers with Radar,0,8,47,2,57,0,3,48,4,55,0,11,95,6,112,80,0,80,192
03/13/2020,NEW,LA,ASW,CE,Towers with Radar,0,3,59,0,62,0,7,21,2,30,0,10,80,2,92,126,0,126,218
03/14/2020,NEW,LA,ASW,CE,Towers with Radar,0,11,41,0,52,0,12,66,0,78,0,23,107,0,130,104,0,104,234
03/15/2020,NEW,LA,ASW,CE,Towers with Radar,0,4,32,7,43,0,7,37,5,49,0,11,69,12,92,84,0,84,176
03/16/2020,NEW,LA,ASW,CE,Towers with Radar,0,4,38,0,42,0,5,50,2,57,0,9,88,2,99,66,0,66,165
03/17/2020,NEW,LA,ASW,CE,Towers with Radar,0,5,24,0,29,0,1,19,0,20,0,6,43,0,49,36,4,40,89
03/18/2020,NEW,LA,ASW,CE,Towers with Radar,0,1,28,4,33,0,3,29,1,33,0,4,57,5,66,50,0,50,116
03/19/2020,NEW,LA,ASW,CE,Towers with Radar,0,2,26,4,32,0,1,30,0,31,0,3,56,4,63,56,0,56,119
03/20/2020,NEW,LA,ASW,CE,Towers with Radar,0,4,12,0,16,0,2,30,0,32,0,6,42,0,48,114,0,114,162
03/21/2020,NEW,LA,ASW,CE,Towers with Radar,0,0,17,2,19,0,1,9,0,10,0,1,26,2,29,18,0,18,47
03/22/2020,NEW,LA,ASW,CE,Towers with Radar,0,2,7,3,12,0,0,15,1,16,0,2,22,4,28,28,0,28,56
03/23/2020,NEW,LA,ASW,CE,Towers with Radar,0,0,5,0,5,0,3,8,0,11,0,3,13,0,16,8,0,8,24
03/24/2020,NEW,LA,ASW,CE,Towers with Radar,0,3,7,0,10,0,0,11,0,11,0,3,18,0,21,12,0,12,33
03/25/2020,NEW,LA,ASW,CE,Towers with Radar,0,2,7,0,9,0,1,28,0,29,0,3,35,0,38,28,0,28,66
03/26/2020,NEW,LA,ASW,CE,Towers with Radar,0,1,14,0,15,0,3,16,0,19,0,4,30,0,34,4,0,4,38
03/27/2020,NEW,LA,ASW,CE,Towers with Radar,0,2,7,4,13,0,0,21,0,21,0,2,28,4,34,18,0,18,52
03/28/2020,NEW,LA,ASW,CE,Towers with Radar,0,4,14,0,18,0,5,16,0,21,0,9,30,0,39,14,0,14,53
03/29/2020,NEW,LA,ASW,CE,Towers with Radar,0,1,8,0,9,0,1,21,5,27,0,2,29,5,36,0,0,0,36
03/30/2020,NEW,LA,ASW,CE,Towers with Radar,0,1,13,0,14,0,1,17,0,18,0,2,30,0,32,0,0,0,32
03/31/2020,NEW,LA,ASW,CE,Towers with Radar,0,2,5,4,11,0,1,6,2,9,0,3,11,6,20,0,0,0,20
04/01/2020,NEW,LA,ASW,CE,Towers with Radar,0,0,11,0,11,0,1,14,6,21,0,1,25,6,32,16,0,16,48
04/02/2020,NEW,LA,ASW,CE,Towers with Radar,0,0,9,2,11,0,4,31,1,36,0,4,40,3,47,22,0,22,69
04/03/2020,NEW,LA,ASW,CE,Towers with Radar,0,2,5,0,7,0,5,11,0,16,0,7,16,0,23,2,0,2,25
04/04/2020,NEW,LA,ASW,CE,Towers with Radar,0,3,8,6,17,0,3,10,0,13,0,6,18,6,30,8,0,8,38
04/05/2020,NEW,LA,ASW,CE,Towers with Radar,0,1,1,2,4,0,1,9,0,10,0,2,10,2,14,24,0,24,38
04/06/2020,NEW,LA,ASW,CE,Towers with Radar,0,1,8,4,13,0,4,15,0,19,0,5,23,4,32,40,0,40,72
04/07/2020,NEW,LA,ASW,CE,Towers with Radar,0,0,10,2,12,0,0,2,0,2,0,0,12,2,14,0,0,0,14
04/08/2020,NEW,LA,ASW,CE,Towers with Radar,0,0,4,8,12,0,1,2,3,6,0,1,6,11,18,0,0,0,18
04/09/2020,NEW,LA,ASW,CE,Towers with Radar,0,4,23,0,27,0,0,25,4,29,0,4,48,4,56,64,0,64,120
04/10/2020,NEW,LA,ASW,CE,Towers with Radar,0,0,4,0,4,0,5,22,4,31,0,5,26,4,35,18,0,18,53
04/11/2020,NEW,LA,ASW,CE,Towers with Radar,0,0,9,0,9,0,1,25,0,26,0,1,34,0,35,14,0,14,49
04/12/2020,NEW,LA,ASW,CE,Towers with Radar,0,0,1,0,1,0,0,0,0,0,0,0,1,0,1,0,0,0,1
04/13/2020,NEW,LA,ASW,CE,Towers with Radar,0,0,12,2,14,0,0,25,0,25,0,0,37,2,39,14,0,14,53
04/14/2020,NEW,LA,ASW,CE,Towers with Radar,0,0,17,0,17,0,3,22,0,25,0,3,39,0,42,6,0,6,48
04/15/2020,NEW,LA,ASW,CE,Towers with Radar,0,2,8,0,10,0,0,15,0,15,0,2,23,0,25,0,0,0,25
04/16/2020,NEW,LA,ASW,CE,Towers with Radar,0,1,9,0,10,0,5,28,0,33,0,6,37,0,43,12,0,12,55
04/17/2020,NEW,LA,ASW,CE,Towers with Radar,0,1,16,0,17,0,5,21,0,26,0,6,37,0,43,4,0,4,47
04/18/2020,NEW,LA,ASW,CE,Towers with Radar,0,0,5,0,5,0,0,5,0,5,0,0,10,0,10,26,0,26,36
04/19/2020,NEW,LA,ASW,CE,Towers with Radar,0,0,0,0,0,0,1,2,0,3,0,1,2,0,3,6,0,6,9
04/20/2020,NEW,LA,ASW,CE,Towers with Radar,0,4,4,0,8,0,5,36,0,41,0,9,40,0,49,30,0,30,79
04/21/2020,NEW,LA,ASW,CE,Towers with Radar,0,2,10,0,12,0,0,27,4,31,0,2,37,4,43,64,0,64,107
04/22/2020,NEW,LA,ASW,CE,Towers with Radar,0,0,5,0,5,0,0,18,0,18,0,0,23,0,23,0,0,0,23
04/23/2020,NEW,LA,ASW,CE,Towers with Radar,0,0,12,0,12,0,1,1,0,2,0,1,13,0,14,0,0,0,14
04/24/2020,NEW,LA,ASW,CE,Towers with Radar,0,0,16,0,16,0,4,50,1,55,0,4,66,1,71,56,0,56,127
04/25/2020,NEW,LA,ASW,CE,Towers with Radar,0,2,3,0,5,0,4,16,1,21,0,6,19,1,26,0,10,10,36
04/26/2020,NEW,LA,ASW,CE,Towers with Radar,0,0,18,0,18,0,2,39,0,41,0,2,57,0,59,30,0,30,89
04/27/2020,NEW,LA,ASW,CE,Towers with Radar,0,0,10,0,10,0,0,35,0,35,0,0,45,0,45,26,0,26,71
04/28/2020,NEW,LA,ASW,CE,Towers with Radar,0,2,4,0,6,0,2,24,1,27,0,4,28,1,33,32,0,32,65
04/29/2020,NEW,LA,ASW,CE,Towers with Radar,0,3,5,5,13,0,0,4,0,4,0,3,9,5,17,6,0,6,23
04/30/2020,NEW,LA,ASW,CE,Towers with Radar,0,3,14,4,21,0,0,29,0,29,0,3,43,4,50,20,0,20,70
05/01/2020,NEW,LA,ASW,CE,Towers with Radar,0,4,10,3,17,0,1,47,0,48,0,5,57,3,65,26,0,26,91
05/02/2020,NEW,LA,ASW,CE,Towers with Radar,0,4,16,0,20,0,3,30,0,33,0,7,46,0,53,32,0,32,85
05/03/2020,NEW,LA,ASW,CE,Towers with Radar,0,0,17,1,18,0,5,31,2,38,0,5,48,3,56,56,0,56,112
05/04/2020,NEW,LA,ASW,CE,Towers with Radar,0,4,14,0,18,0,5,46,0,51,0,9,60,0,69,36,0,36,105
05/05/2020,NEW,LA,ASW,CE,Towers with Radar,0,2,11,0,13,0,2,34,0,36,0,4,45,0,49,46,0,46,95
05/06/2020,NEW,LA,ASW,CE,Towers with Radar,0,0,13,0,13,0,0,33,0,33,0,0,46,0,46,2,0,2,48
05/07/2020,NEW,LA,ASW,CE,Towers with Radar,0,0,12,2,14,0,1,44,0,45,0,1,56,2,59,74,0,74,133
05/08/2020,NEW,LA,ASW,CE,Towers with Radar,0,2,13,0,15,0,0,17,0,17,0,2,30,0,32,32,0,32,64
05/09/2020,NEW,LA,ASW,CE,Towers with Radar,0,5,13,0,18,0,2,16,0,18,0,7,29,0,36,22,0,22,58
05/10/2020,NEW,LA,ASW,CE,Towers with Radar,0,2,11,2,15,0,2,29,0,31,0,4,40,2,46,36,0,36,82
05/11/2020,NEW,LA,ASW,CE,Towers with Radar,0,2,15,0,17,0,0,46,0,46,0,2,61,0,63,58,0,58,121
05/12/2020,NEW,LA,ASW,CE,Towers with Radar,0,7,17,0,24,0,3,37,1,41,0,10,54,1,65,12,2,14,79
05/13/2020,NEW,LA,ASW,CE,Towers with Radar,0,4,16,0,20,0,1,39,1,41,0,5,55,1,61,14,0,14,75
05/14/2020,NEW,LA,ASW,CE,Towers with Radar,0,3,24,0,27,0,2,11,0,13,0,5,35,0,40,12,0,12,52
05/15/2020,NEW,LA,ASW,CE,Towers with Radar,0,2,13,0,15,0,2,11,0,13,0,4,24,0,28,56,0,56,84
05/16/2020,NEW,LA,ASW,CE,Towers with Radar,0,2,22,0,24,0,5,1,0,6,0,7,23,0,30,22,0,22,52
05/17/2020,NEW,LA,ASW,CE,Towers with Radar,0,4,16,2,22,0,1,15,0,16,0,5,31,2,38,24,0,24,62
05/18/2020,NEW,LA,ASW,CE,Towers with Radar,0,2,11,0,13,0,1,42,0,43,0,3,53,0,56,24,0,24,80
05/19/2020,NEW,LA,ASW,CE,Towers with Radar,0,1,16,4,21,0,0,50,2,52,0,1,66,6,73,40,0,40,113
05/20/2020,NEW,LA,ASW,CE,Towers with Radar,0,4,31,2,37,0,0,17,0,17,0,4,48,2,54,58,0,58,112
05/21/2020,NEW,LA,ASW,CE,Towers with Radar,0,2,31,13,46,0,2,46,2,50,0,4,77,15,96,56,0,56,152
05/22/2020,NEW,LA,ASW,CE,Towers with Radar,0,3,30,2,35,0,1,30,1,32,0,4,60,3,67,40,0,40,107
05/23/2020,NEW,LA,ASW,CE,Towers with Radar,0,2,19,0,21,0,1,15,0,16,0,3,34,0,37,60,0,60,97
05/24/2020,NEW,LA,ASW,CE,Towers with Radar,0,2,12,0,14,0,0,24,0,24,0,2,36,0,38,20,0,20,58
05/25/2020,NEW,LA,ASW,CE,Towers with Radar,0,0,16,0,16,0,2,13,0,15,0,2,29,0,31,2,0,2,33
05/26/2020,NEW,LA,ASW,CE,Towers with Radar,0,3,14,1,18,0,0,16,0,16,0,3,30,1,34,16,0,16,50
05/27/2020,NEW,LA,ASW,CE,Towers with Radar,0,8,21,5,34,0,3,36,1,40,0,11,57,6,74,100,0,100,174
05/28/2020,NEW,LA,ASW,CE,Towers with Radar,0,4,45,0,49,0,2,43,0,45,0,6,88,0,94,104,0,104,198
05/29/2020,NEW,LA,ASW,CE,Towers with Radar,0,12,28,2,42,0,0,37,2,39,0,12,65,4,81,60,0,60,141
05/30/2020,NEW,LA,ASW,CE,Towers with Radar,0,4,27,2,33,0,2,54,0,56,0,6,81,2,89,124,0,124,213
05/31/2020,NEW,LA,ASW,CE,Towers with Radar,0,3,33,6,42,0,0,56,0,56,0,3,89,6,98,64,0,64,162
06/01/2020,NEW,LA,ASW,CE,Towers with Radar,0,2,18,2,22,0,1,50,0,51,0,3,68,2,73,76,0,76,149
06/02/2020,NEW,LA,ASW,CE,Towers with Radar,0,0,23,0,23,0,0,32,1,33,0,0,55,1,56,60,0,60,116
06/03/2020,NEW,LA,ASW,CE,Towers with Radar,0,2,35,0,37,0,2,17,0,19,0,4,52,0,56,54,0,54,110
06/04/2020,NEW,LA,ASW,CE,Towers with Radar,0,1,27,0,28,0,1,57,0,58,0,2,84,0,86,82,0,82,168
06/05/2020,NEW,LA,ASW,CE,Towers with Radar,0,0,31,2,33,0,2,49,5,56,0,2,80,7,89,97,4,101,190
06/06/2020,NEW,LA,ASW,CE,Towers with Radar,0,4,24,0,28,0,0,22,0,22,0,4,46,0,50,30,0,30,80
06/07/2020,NEW,LA,ASW,CE,Towers with Radar,0,0,0,0,0,0,0,0,0,0,0,0,0,0,0,0,0,0,0
06/08/2020,NEW,LA,ASW,CE,Towers with Radar,0,0,19,0,19,0,0,1,4,5,0,0,20,4,24,0,0,0,24
06/09/2020,NEW,LA,ASW,CE,Towers with Radar,0,1,40,0,41,0,2,19,0,21,0,3,59,0,62,4,0,4,66
06/10/2020,NEW,LA,ASW,CE,Towers with Radar,0,2,26,2,30,0,3,32,0,35,0,5,58,2,65,36,0,36,101
06/11/2020,NEW,LA,ASW,CE,Towers with Radar,0,6,19,3,28,0,0,72,1,73,0,6,91,4,101,46,10,56,157
06/12/2020,NEW,LA,ASW,CE,Towers with Radar,0,7,28,6,41,0,1,43,2,46,0,8,71,8,87,50,0,50,137
06/13/2020,NEW,LA,ASW,CE,Towers with Radar,0,0,22,7,29,0,1,86,0,87,0,1,108,7,116,94,0,94,210
06/14/2020,NEW,LA,ASW,CE,Towers with Radar,0,1,35,0,36,0,2,60,0,62,0,3,95,0,98,42,0,42,140
06/15/2020,NEW,LA,ASW,CE,Towers with Radar,0,3,17,2,22,0,5,37,0,42,0,8,54,2,64,80,0,80,144
06/16/2020,NEW,LA,ASW,CE,Towers with Radar,0,2,36,6,44,0,4,66,0,70,0,6,102,6,114,78,0,78,192
06/17/2020,NEW,LA,ASW,CE,Towers with Radar,0,2,32,4,38,0,0,43,3,46,0,2,75,7,84,76,0,76,160
06/18/2020,NEW,LA,ASW,CE,Towers with Radar,0,2,28,3,33,0,1,59,0,60,0,3,87,3,93,36,0,36,129
06/19/2020,NEW,LA,ASW,CE,Towers with Radar,0,3,31,1,35,0,0,67,0,67,0,3,98,1,102,52,0,52,154
06/20/2020,NEW,LA,ASW,CE,Towers with Radar,0,4,24,2,30,0,4,72,0,76,0,8,96,2,106,92,0,92,198
06/21/2020,NEW,LA,ASW,CE,Towers with Radar,0,3,21,0,24,0,0,19,1,20,0,3,40,1,44,48,18,66,110
06/22/2020,NEW,LA,ASW,CE,Towers with Radar,0,4,12,0,16,0,3,12,0,15,0,7,24,0,31,0,0,0,31
06/23/2020,NEW,LA,ASW,CE,Towers with Radar,0,5,13,0,18,0,0,21,0,21,0,5,34,0,39,30,0,30,69
06/24/2020,NEW,LA,ASW,CE,Towers with Radar,0,1,6,0,7,0,0,7,2,9,0,1,13,2,16,0,2,2,18
06/25/2020,NEW,LA,ASW,CE,Towers with Radar,0,6,37,0,43,0,2,22,0,24,0,8,59,0,67,40,0,40,107
06/26/2020,NEW,LA,ASW,CE,Towers with Radar,0,3,49,2,54,0,2,41,1,44,0,5,90,3,98,36,14,50,148
06/27/2020,NEW,LA,ASW,CE,Towers with Radar,0,2,45,2,49,0,1,37,3,41,0,3,82,5,90,22,0,22,112
06/28/2020,NEW,LA,ASW,CE,Towers with Radar,0,10,28,4,42,0,3,37,1,41,0,13,65,5,83,64,0,64,147
06/29/2020,NEW,LA,ASW,CE,Towers with Radar,0,4,22,0,26,0,8,30,0,38,0,12,52,0,64,34,0,34,98
06/30/2020,NEW,LA,ASW,CE,Towers with Radar,0,3,28,0,31,0,6,42,1,49,0,9,70,1,80,62,0,62,142
07/01/2020,NEW,LA,ASW,CE,Towers with Radar,0,0,20,2,22,0,3,31,4,38,0,3,51,6,60,32,2,34,94
07/02/2020,NEW,LA,ASW,CE,Towers with Radar,0,0,19,0,19,0,4,32,0,36,0,4,51,0,55,26,0,26,81
07/03/2020,NEW,LA,ASW,CE,Towers with Radar,0,0,18,0,18,0,5,23,0,28,0,5,41,0,46,68,0,68,114
07/04/2020,NEW,LA,ASW,CE,Towers with Radar,0,0,9,0,9,0,1,24,0,25,0,1,33,0,34,38,0,38,72
07/05/2020,NEW,LA,ASW,CE,Towers with Radar,0,2,15,0,17,0,3,16,0,19,0,5,31,0,36,24,0,24,60
07/06/2020,NEW,LA,ASW,CE,Towers with Radar,0,0,8,0,8,0,0,7,0,7,0,0,15,0,15,36,0,36,51
07/07/2020,NEW,LA,ASW,CE,Towers with Radar,0,0,13,0,13,0,0,7,0,7,0,0,20,0,20,38,0,38,58
07/08/2020,NEW,LA,ASW,CE,Towers with Radar,0,2,20,0,22,0,2,39,0,41,0,4,59,0,63,76,0,76,139
07/09/2020,NEW,LA,ASW,CE,Towers with Radar,0,0,17,0,17,0,4,58,0,62,0,4,75,0,79,94,0,94,173
07/10/2020,NEW,LA,ASW,CE,Towers with Radar,0,2,16,0,18,0,0,36,0,36,0,2,52,0,54,20,0,20,74
07/11/2020,NEW,LA,ASW,CE,Towers with Radar,0,0,9,0,9,0,1,31,0,32,0,1,40,0,41,88,0,88,129
07/12/2020,NEW,LA,ASW,CE,Towers with Radar,0,1,16,0,17,0,4,38,4,46,0,5,54,4,63,50,6,56,119
07/13/2020,NEW,LA,ASW,CE,Towers with Radar,0,6,17,6,29,0,0,23,4,27,0,6,40,10,56,42,8,50,106
07/14/2020,NEW,LA,ASW,CE,Towers with Radar,0,0,12,2,14,0,4,34,0,38,0,4,46,2,52,102,4,106,158
07/15/2020,NEW,LA,ASW,CE,Towers with Radar,0,0,19,2,21,0,0,23,2,25,0,0,42,4,46,84,2,86,132
07/16/2020,NEW,LA,ASW,CE,Towers with Radar,0,0,21,0,21,0,3,17,0,20,0,3,38,0,41,10,0,10,51
07/17/2020,NEW,LA,ASW,CE,Towers with Radar,0,0,24,2,26,0,2,52,0,54,0,2,76,2,80,80,0,80,160
07/18/2020,NEW,LA,ASW,CE,Towers with Radar,0,3,21,0,24,0,2,43,0,45,0,5,64,0,69,26,0,26,95
07/19/2020,NEW,LA,ASW,CE,Towers with Radar,0,4,22,0,26,0,3,24,0,27,0,7,46,0,53,22,0,22,75
07/20/2020,NEW,LA,ASW,CE,Towers with Radar,0,0,7,0,7,0,3,39,0,42,0,3,46,0,49,78,0,78,127
07/21/2020,NEW,LA,ASW,CE,Towers with Radar,0,1,14,2,17,0,5,44,4,53,0,6,58,6,70,106,0,106,176
07/22/2020,NEW,LA,ASW,CE,Towers with Radar,0,1,10,0,11,0,7,52,0,59,0,8,62,0,70,128,0,128,198
07/23/2020,NEW,LA,ASW,CE,Towers with Radar,0,2,12,0,14,0,1,13,0,14,0,3,25,0,28,70,0,70,98
07/24/2020,NEW,LA,ASW,CE,Towers with Radar,0,0,20,0,20,0,0,4,0,4,0,0,24,0,24,0,0,0,24
07/25/2020,NEW,LA,ASW,CE,Towers with Radar,0,0,6,0,6,0,1,9,0,10,0,1,15,0,16,42,0,42,58
07/26/2020,NEW,LA,ASW,CE,Towers with Radar,0,0,9,0,9,0,0,6,0,6,0,0,15,0,15,0,0,0,15
07/27/2020,NEW,LA,ASW,CE,Towers with Radar,0,2,9,0,11,0,0,10,2,12,0,2,19,2,23,20,6,26,49
07/28/2020,NEW,LA,ASW,CE,Towers with Radar,0,0,6,0,6,0,3,32,0,35,0,3,38,0,41,82,0,82,123
07/29/2020,NEW,LA,ASW,CE,Towers with Radar,0,0,22,0,22,0,2,34,0,36,0,2,56,0,58,56,0,56,114
07/30/2020,NEW,LA,ASW,CE,Towers with Radar,0,2,27,1,30,0,4,58,8,70,0,6,85,9,100,76,0,76,176
07/31/2020,NEW,LA,ASW,CE,Towers with Radar,0,0,35,3,38,0,2,56,5,63,0,2,91,8,101,34,4,38,139
08/01/2020,NEW,LA,ASW,CE,Towers with Radar,0,0,26,0,26,0,0,42,1,43,0,0,68,1,69,42,0,42,111
08/02/2020,NEW,LA,ASW,CE,Towers with Radar,0,2,19,0,21,0,1,34,0,35,0,3,53,0,56,32,0,32,88
08/03/2020,NEW,LA,ASW,CE,Towers with Radar,0,0,24,0,24,0,1,37,2,40,0,1,61,2,64,64,0,64,128
08/04/2020,NEW,LA,ASW,CE,Towers with Radar,0,0,16,0,16,0,3,62,2,67,0,3,78,2,83,152,0,152,235
08/05/2020,NEW,LA,ASW,CE,Towers with Radar,0,0,24,0,24,0,0,43,3,46,0,0,67,3,70,106,0,106,176
08/06/2020,NEW,LA,ASW,CE,Towers with Radar,0,1,16,0,17,0,1,47,0,48,0,2,63,0,65,138,0,138,203
08/07/2020,NEW,LA,ASW,CE,Towers with Radar,0,2,35,0,37,0,2,69,0,71,0,4,104,0,108,84,0,84,192
08/08/2020,NEW,LA,ASW,CE,Towers with Radar,0,2,16,0,18,0,0,52,0,52,0,2,68,0,70,60,0,60,130
08/09/2020,NEW,LA,ASW,CE,Towers with Radar,0,2,26,0,28,0,1,49,0,50,0,3,75,0,78,58,0,58,136
08/10/2020,NEW,LA,ASW,CE,Towers with Radar,0,3,11,0,14,0,2,24,0,26,0,5,35,0,40,72,0,72,112
08/11/2020,NEW,LA,ASW,CE,Towers with Radar,0,3,18,0,21,0,3,43,0,46,0,6,61,0,67,76,0,76,143
08/12/2020,NEW,LA,ASW,CE,Towers with Radar,0,4,16,0,20,0,7,43,0,50,0,11,59,0,70,130,0,130,200
08/13/2020,NEW,LA,ASW,CE,Towers with Radar,0,1,23,3,27,0,1,22,2,25,0,2,45,5,52,38,0,38,90
08/14/2020,NEW,LA,ASW,CE,Towers with Radar,0,0,25,0,25,0,2,34,4,40,0,2,59,4,65,80,0,80,145
08/15/2020,NEW,LA,ASW,CE,Towers with Radar,0,0,19,0,19,0,1,54,3,58,0,1,73,3,77,10,0,10,87
08/16/2020,NEW,LA,ASW,CE,Towers with Radar,0,0,21,0,21,0,0,56,3,59,0,0,77,3,80,50,4,54,134
08/17/2020,NEW,LA,ASW,CE,Towers with Radar,0,2,20,0,22,0,1,40,7,48,0,3,60,7,70,34,0,34,104
08/18/2020,NEW,LA,ASW,CE,Towers with Radar,0,3,21,0,24,0,6,50,1,57,0,9,71,1,81,76,0,76,157
08/19/2020,NEW,LA,ASW,CE,Towers with Radar,0,4,17,0,21,0,1,34,0,35,0,5,51,0,56,66,0,66,122
08/20/2020,NEW,LA,ASW,CE,Towers with Radar,0,1,17,2,20,0,4,31,0,35,0,5,48,2,55,46,0,46,101
08/21/2020,NEW,LA,ASW,CE,Towers with Radar,0,2,15,0,17,0,5,60,0,65,0,7,75,0,82,52,0,52,134
08/22/2020,NEW,LA,ASW,CE,Towers with Radar,0,0,20,2,22,0,6,64,0,70,0,6,84,2,92,36,0,36,128
08/23/2020,NEW,LA,ASW,CE,Towers with Radar,0,2,24,0,26,0,1,40,0,41,0,3,64,0,67,4,0,4,71
08/24/2020,NEW,LA,ASW,CE,Towers with Radar,0,0,5,0,5,0,0,4,0,4,0,0,9,0,9,0,0,0,9
08/25/2020,NEW,LA,ASW,CE,Towers with Radar,0,4,6,0,10,0,0,5,0,5,0,4,11,0,15,0,0,0,15
08/26/2020,NEW,LA,ASW,CE,Towers with Radar,0,0,5,0,5,0,0,2,0,2,0,0,7,0,7,0,0,0,7
08/27/2020,NEW,LA,ASW,CE,Towers with Radar,0,0,4,0,4,0,0,6,0,6,0,0,10,0,10,0,0,0,10
08/28/2020,NEW,LA,ASW,CE,Towers with Radar,0,0,11,0,11,0,2,25,0,27,0,2,36,0,38,26,0,26,64
08/29/2020,NEW,LA,ASW,CE,Towers with Radar,0,0,14,0,14,0,5,30,3,38,0,5,44,3,52,30,0,30,82
08/30/2020,NEW,LA,ASW,CE,Towers with Radar,0,0,17,0,17,0,4,23,0,27,0,4,40,0,44,16,0,16,60
08/31/2020,NEW,LA,ASW,CE,Towers with Radar,0,2,12,0,14,0,2,34,0,36,0,4,46,0,50,26,0,26,76
09/01/2020,NEW,LA,ASW,CE,Towers with Radar,0,0,18,2,20,0,2,35,0,37,0,2,53,2,57,40,0,40,97
09/02/2020,NEW,LA,ASW,CE,Towers with Radar,0,0,15,0,15,0,2,42,2,46,0,2,57,2,61,72,0,72,133
09/03/2020,NEW,LA,ASW,CE,Towers with Radar,0,1,10,1,12,0,12,48,0,60,0,13,58,1,72,104,0,104,176
09/04/2020,NEW,LA,ASW,CE,Towers with Radar,0,2,31,0,33,0,3,47,0,50,0,5,78,0,83,84,0,84,167
09/05/2020,NEW,LA,ASW,CE,Towers with Radar,0,0,12,0,12,0,3,41,0,44,0,3,53,0,56,102,0,102,158
09/06/2020,NEW,LA,ASW,CE,Towers with Radar,0,0,13,0,13,0,8,41,0,49,0,8,54,0,62,60,0,60,122
09/07/2020,NEW,LA,ASW,CE,Towers with Radar,0,5,16,0,21,0,7,60,3,70,0,12,76,3,91,30,0,30,121
09/08/2020,NEW,LA,ASW,CE,Towers with Radar,0,0,16,2,18,0,0,35,1,36,0,0,51,3,54,74,0,74,128
09/09/2020,NEW,LA,ASW,CE,Towers with Radar,0,2,24,0,26,0,0,39,0,39,0,2,63,0,65,118,0,118,183
09/10/2020,NEW,LA,ASW,CE,Towers with Radar,0,3,13,0,16,0,5,49,2,56,0,8,62,2,72,128,0,128,200
09/11/2020,NEW,LA,ASW,CE,Towers with Radar,0,0,17,0,17,0,3,41,0,44,0,3,58,0,61,74,0,74,135
09/12/2020,NEW,LA,ASW,CE,Towers with Radar,0,0,9,0,9,0,5,29,4,38,0,5,38,4,47,32,0,32,79
09/13/2020,NEW,LA,ASW,CE,Towers with Radar,0,3,22,0,25,0,5,74,0,79,0,8,96,0,104,12,0,12,116
09/14/2020,NEW,LA,ASW,CE,Towers with Radar,0,1,17,0,18,0,0,5,0,5,0,1,22,0,23,0,0,0,23
09/15/2020,NEW,LA,ASW,CE,Towers with Radar,0,0,1,0,1,0,1,2,0,3,0,1,3,0,4,0,0,0,4
09/16/2020,NEW,LA,ASW,CE,Towers with Radar,0,0,13,0,13,0,2,25,0,27,0,2,38,0,40,0,0,0,40
09/17/2020,NEW,LA,ASW,CE,Towers with Radar,0,2,19,0,21,0,6,49,0,55,0,8,68,0,76,96,0,96,172
09/18/2020,NEW,LA,ASW,CE,Towers with Radar,0,6,26,0,32,0,5,57,0,62,0,11,83,0,94,40,0,40,134
09/19/2020,NEW,LA,ASW,CE,Towers with Radar,0,2,19,0,21,0,2,3,0,5,0,4,22,0,26,0,0,0,26
09/20/2020,NEW,LA,ASW,CE,Towers with Radar,0,2,16,0,18,0,0,0,2,2,0,2,16,2,20,0,0,0,20
09/21/2020,NEW,LA,ASW,CE,Towers with Radar,0,0,9,0,9,0,0,0,0,0,0,0,9,0,9,0,0,0,9
09/22/2020,NEW,LA,ASW,CE,Towers with Radar,0,0,5,0,5,0,0,4,0,4,0,0,9,0,9,0,0,0,9
09/23/2020,NEW,LA,ASW,CE,Towers with Radar,0,2,12,0,14,0,4,14,0,18,0,6,26,0,32,0,0,0,32
09/24/2020,NEW,LA,ASW,CE,Towers with Radar,0,2,20,0,22,0,1,17,0,18,0,3,37,0,40,64,0,64,104
09/25/2020,NEW,LA,ASW,CE,Towers with Radar,0,1,30,3,34,0,0,52,3,55,0,1,82,6,89,62,8,70,159
09/26/2020,NEW,LA,ASW,CE,Towers with Radar,0,5,20,0,25,0,1,49,2,52,0,6,69,2,77,80,0,80,157
09/27/2020,NEW,LA,ASW,CE,Towers with Radar,0,2,29,0,31,0,5,54,2,61,0,7,83,2,92,86,0,86,178
09/28/2020,NEW,LA,ASW,CE,Towers with Radar,0,1,8,0,9,0,6,28,0,34,0,7,36,0,43,44,0,44,87
09/29/2020,NEW,LA,ASW,CE,Towers with Radar,0,6,20,0,26,0,2,42,0,44,0,8,62,0,70,52,0,52,122
09/30/2020,NEW,LA,ASW,CE,Towers with Radar,0,1,18,0,19,0,4,54,0,58,0,5,72,0,77,62,0,62,139
10/01/2020,NEW,LA,ASW,CE,Towers with Radar,0,3,14,0,17,0,4,45,1,50,0,7,59,1,67,70,0,70,137
10/02/2020,NEW,LA,ASW,CE,Towers with Radar,0,0,20,0,20,0,2,61,2,65,0,2,81,2,85,22,0,22,107
10/03/2020,NEW,LA,ASW,CE,Towers with Radar,0,4,18,0,22,0,5,60,1,66,0,9,78,1,88,56,0,56,144
10/04/2020,NEW,LA,ASW,CE,Towers with Radar,0,5,34,0,39,0,5,67,0,72,0,10,101,0,111,54,0,54,165
10/05/2020,NEW,LA,ASW,CE,Towers with Radar,0,2,28,4,34,0,7,45,2,54,0,9,73,6,88,70,0,70,158
10/06/2020,NEW,LA,ASW,CE,Towers with Radar,0,3,34,2,39,0,6,48,0,54,0,9,82,2,93,78,0,78,171
10/07/2020,NEW,LA,ASW,CE,Towers with Radar,0,5,49,0,54,0,6,56,2,64,0,11,105,2,118,60,0,60,178
10/08/2020,NEW,LA,ASW,CE,Towers with Radar,0,4,21,2,27,0,6,13,2,21,0,10,34,4,48,20,0,20,68
10/09/2020,NEW,LA,ASW,CE,Towers with Radar,0,0,4,0,4,0,1,1,0,2,0,1,5,0,6,0,0,0,6
10/10/2020,NEW,LA,ASW,CE,Towers with Radar,0,5,9,2,16,0,10,23,0,33,0,15,32,2,49,36,0,36,85
10/11/2020,NEW,LA,ASW,CE,Towers with Radar,0,3,16,0,19,0,5,49,1,55,0,8,65,1,74,80,0,80,154
10/12/2020,NEW,LA,ASW,CE,Towers with Radar,0,4,37,0,41,0,14,44,0,58,0,18,81,0,99,82,0,82,181
10/13/2020,NEW,LA,ASW,CE,Towers with Radar,0,2,29,3,34,0,2,46,0,48,0,4,75,3,82,110,0,110,192
10/14/2020,NEW,LA,ASW,CE,Towers with Radar,0,5,34,1,40,0,10,54,0,64,0,15,88,1,104,48,0,48,152
10/15/2020,NEW,LA,ASW,CE,Towers with Radar,0,6,51,6,63,0,5,27,2,34,0,11,78,8,97,68,6,74,171
10/16/2020,NEW,LA,ASW,CE,Towers with Radar,0,4,35,7,46,0,4,30,0,34,0,8,65,7,80,28,0,28,108
10/17/2020,NEW,LA,ASW,CE,Towers with Radar,0,7,31,2,40,0,8,60,1,69,0,15,91,3,109,80,0,80,189
10/18/2020,NEW,LA,ASW,CE,Towers with Radar,0,4,48,0,52,0,7,59,2,68,0,11,107,2,120,68,0,68,188
10/19/2020,NEW,LA,ASW,CE,Towers with Radar,0,8,45,0,53,0,3,22,0,25,0,11,67,0,78,22,0,22,100
10/20/2020,NEW,LA,ASW,CE,Towers with Radar,0,0,24,4,28,0,0,25,3,28,0,0,49,7,56,28,0,28,84
10/21/2020,NEW,LA,ASW,CE,Towers with Radar,0,5,32,0,37,0,2,52,0,54,0,7,84,0,91,78,0,78,169
10/22/2020,NEW,LA,ASW,CE,Towers with Radar,0,8,42,2,52,0,6,12,0,18,0,14,54,2,70,18,0,18,88
10/23/2020,NEW,LA,ASW,CE,Towers with Radar,0,7,49,1,57,0,0,7,0,7,0,7,56,1,64,28,0,28,92
10/24/2020,NEW,LA,ASW,CE,Towers with Radar,0,2,40,0,42,0,5,26,1,32,0,7,66,1,74,18,0,18,92
10/25/2020,NEW,LA,ASW,CE,Towers with Radar,0,8,55,0,63,0,0,30,0,30,0,8,85,0,93,12,0,12,105
10/26/2020,NEW,LA,ASW,CE,Towers with Radar,0,11,54,2,67,0,5,27,0,32,0,16,81,2,99,20,0,20,119
10/27/2020,NEW,LA,ASW,CE,Towers with Radar,0,4,44,2,50,0,5,25,0,30,0,9,69,2,80,10,0,10,90
10/28/2020,NEW,LA,ASW,CE,Towers with Radar,0,1,5,1,7,0,0,0,0,0,0,1,5,1,7,0,0,0,7
10/29/2020,NEW,LA,ASW,CE,Towers with Radar,0,0,7,0,7,0,1,27,3,31,0,1,34,3,38,0,0,0,38
10/30/2020,NEW,LA,ASW,CE,Towers with Radar,0,0,16,1,17,0,2,29,1,32,0,2,45,2,49,22,0,22,71
10/31/2020,NEW,LA,ASW,CE,Towers with Radar,0,1,11,0,12,0,4,43,4,51,0,5,54,4,63,16,0,16,79
11/01/2020,NEW,LA,ASW,CE,Towers with Radar,0,10,13,1,24,0,3,39,2,44,0,13,52,3,68,50,8,58,126
11/02/2020,NEW,LA,ASW,CE,Towers with Radar,0,8,32,4,44,0,2,38,4,44,0,10,70,8,88,36,10,46,134
11/03/2020,NEW,LA,ASW,CE,Towers with Radar,0,5,27,2,34,0,3,38,0,41,0,8,65,2,75,66,0,66,141
11/04/2020,NEW,LA,ASW,CE,Towers with Radar,0,7,39,3,49,0,5,55,8,68,0,12,94,11,117,42,4,46,163
11/05/2020,NEW,LA,ASW,CE,Towers with Radar,0,6,34,4,44,0,0,36,3,39,0,6,70,7,83,36,0,36,119
11/06/2020,NEW,LA,ASW,CE,Towers with Radar,0,3,45,0,48,0,6,52,3,61,0,9,97,3,109,50,0,50,159
11/07/2020,NEW,LA,ASW,CE,Towers with Radar,0,1,16,0,17,0,4,44,0,48,0,5,60,0,65,90,0,90,155
11/08/2020,NEW,LA,ASW,CE,Towers with Radar,0,6,59,1,66,0,1,29,2,32,0,7,88,3,98,42,0,42,140
11/09/2020,NEW,LA,ASW,CE,Towers with Radar,0,9,28,2,39,0,0,42,0,42,0,9,70,2,81,62,2,64,145
11/10/2020,NEW,LA,ASW,CE,Towers with Radar,0,0,35,2,37,0,2,5,2,9,0,2,40,4,46,10,0,10,56
11/11/2020,NEW,LA,ASW,CE,Towers with Radar,0,4,46,1,51,0,1,14,0,15,0,5,60,1,66,0,0,0,66
11/12/2020,NEW,LA,ASW,CE,Towers with Radar,0,8,47,6,61,0,5,24,6,35,0,13,71,12,96,60,14,74,170
11/13/2020,NEW,LA,ASW,CE,Towers with Radar,0,4,41,1,46,0,7,67,1,75,0,11,108,2,121,118,2,120,241
11/14/2020,NEW,LA,ASW,CE,Towers with Radar,0,2,26,0,28,0,1,71,0,72,0,3,97,0,100,80,0,80,180
11/15/2020,NEW,LA,ASW,CE,Towers with Radar,0,6,53,0,59,0,1,43,1,45,0,7,96,1,104,70,0,70,174
11/16/2020,NEW,LA,ASW,CE,Towers with Radar,0,7,28,3,38,0,6,49,5,60,0,13,77,8,98,58,26,84,182
11/17/2020,NEW,LA,ASW,CE,Towers with Radar,0,5,39,9,53,0,1,44,0,45,0,6,83,9,98,26,8,34,132
11/18/2020,NEW,LA,ASW,CE,Towers with Radar,0,5,26,0,31,0,0,41,1,42,0,5,67,1,73,108,12,120,193
11/19/2020,NEW,LA,ASW,CE,Towers with Radar,0,11,27,3,41,0,6,53,3,62,0,17,80,6,103,104,0,104,207
11/20/2020,NEW,LA,ASW,CE,Towers with Radar,0,10,43,4,57,0,17,54,2,73,0,27,97,6,130,92,0,92,222
11/21/2020,NEW,LA,ASW,CE,Towers with Radar,0,10,34,0,44,0,3,78,0,81,0,13,112,0,125,90,0,90,215
11/22/2020,NEW,LA,ASW,CE,Towers with Radar,0,9,44,7,60,0,0,54,0,54,0,9,98,7,114,104,0,104,218
11/23/2020,NEW,LA,ASW,CE,Towers with Radar,0,8,44,3,55,0,0,46,0,46,0,8,90,3,101,32,0,32,133
11/24/2020,NEW,LA,ASW,CE,Towers with Radar,0,4,44,2,50,0,0,40,1,41,0,4,84,3,91,84,0,84,175
11/25/2020,NEW,LA,ASW,CE,Towers with Radar,0,2,30,0,32,0,3,18,0,21,0,5,48,0,53,22,0,22,75
11/26/2020,NEW,LA,ASW,CE,Towers with Radar,0,3,12,0,15,0,0,0,0,0,0,3,12,0,15,0,0,0,15
11/27/2020,NEW,LA,ASW,CE,Towers with Radar,0,4,24,0,28,0,0,7,0,7,0,4,31,0,35,28,0,28,63
11/28/2020,NEW,LA,ASW,CE,Towers with Radar,0,6,48,1,55,0,0,8,0,8,0,6,56,1,63,84,16,100,163
11/29/2020,NEW,LA,ASW,CE,Towers with Radar,0,9,29,0,38,0,1,0,0,1,0,10,29,0,39,0,0,0,39
11/30/2020,NEW,LA,ASW,CE,Towers with Radar,0,7,28,0,35,0,5,30,1,36,0,12,58,1,71,4,0,4,75
12/01/2020,NEW,LA,ASW,CE,Towers with Radar,0,0,32,9,41,0,3,60,3,66,0,3,92,12,107,136,34,170,277
12/02/2020,NEW,LA,ASW,CE,Towers with Radar,0,2,17,3,22,0,0,40,10,50,0,2,57,13,72,6,16,22,94
12/03/2020,NEW,LA,ASW,CE,Towers with Radar,0,0,35,4,39,0,3,24,0,27,0,3,59,4,66,88,22,110,176
12/04/2020,NEW,LA,ASW,CE,Towers with Radar,0,13,25,17,55,0,4,40,14,58,0,17,65,31,113,68,6,74,187
12/05/2020,NEW,LA,ASW,CE,Towers with Radar,0,10,26,4,40,0,2,72,1,75,0,12,98,5,115,112,8,120,235
12/06/2020,NEW,LA,ASW,CE,Towers with Radar,0,11,29,3,43,0,3,45,5,53,0,14,74,8,96,70,14,84,180
12/07/2020,NEW,LA,ASW,CE,Towers with Radar,0,6,24,7,37,0,2,38,2,42,0,8,62,9,79,30,24,54,133
12/08/2020,NEW,LA,ASW,CE,Towers with Radar,0,4,31,9,44,0,6,43,2,51,0,10,74,11,95,90,38,128,223
12/09/2020,NEW,LA,ASW,CE,Towers with Radar,0,3,34,5,42,0,16,77,6,99,0,19,111,11,141,148,6,154,295
12/10/2020,NEW,LA,ASW,CE,Towers with Radar,0,3,34,3,40,0,7,63,1,71,0,10,97,4,111,150,6,156,267
12/11/2020,NEW,LA,ASW,CE,Towers with Radar,0,13,44,7,64,0,3,63,7,73,0,16,107,14,137,268,28,296,433
12/12/2020,NEW,LA,ASW,CE,Towers with Radar,0,3,31,5,39,0,6,26,0,32,0,9,57,5,71,26,10,36,107
12/13/2020,NEW,LA,ASW,CE,Towers with Radar,0,4,27,13,44,0,0,11,3,14,0,4,38,16,58,42,0,42,100
12/14/2020,NEW,LA,ASW,CE,Towers with Radar,0,0,27,5,32,0,8,21,3,32,0,8,48,8,64,26,16,42,106
12/15/2020,NEW,LA,ASW,CE,Towers with Radar,0,4,38,1,43,0,1,18,1,20,0,5,56,2,63,42,0,42,105
12/16/2020,NEW,LA,ASW,CE,Towers with Radar,0,3,36,5,44,0,2,16,3,21,0,5,52,8,65,56,4,60,125
12/17/2020,NEW,LA,ASW,CE,Towers with Radar,0,8,36,5,49,0,7,27,6,40,0,15,63,11,89,60,2,62,151
12/18/2020,NEW,LA,ASW,CE,Towers with Radar,0,14,44,4,62,0,4,53,4,61,0,18,97,8,123,56,6,62,185
12/19/2020,NEW,LA,ASW,CE,Towers with Radar,0,7,25,0,32,0,3,45,0,48,0,10,70,0,80,48,0,48,128
12/20/2020,NEW,LA,ASW,CE,Towers with Radar,0,19,43,6,68,0,3,14,1,18,0,22,57,7,86,36,0,36,122
12/21/2020,NEW,LA,ASW,CE,Towers with Radar,0,10,41,1,52,0,6,51,0,57,0,16,92,1,109,72,0,72,181
12/22/2020,NEW,LA,ASW,CE,Towers with Radar,0,5,34,4,43,0,5,66,2,73,0,10,100,6,116,106,6,112,228
12/23/2020,NEW,LA,ASW,CE,Towers with Radar,0,8,26,2,36,0,1,18,0,19,0,9,44,2,55,44,0,44,99
12/24/2020,NEW,LA,ASW,CE,Towers with Radar,0,1,23,2,26,0,1,6,0,7,0,2,29,2,33,0,0,0,33
12/25/2020,NEW,LA,ASW,CE,Towers with Radar,0,7,5,0,12,0,1,8,0,9,0,8,13,0,21,0,0,0,21
12/26/2020,NEW,LA,ASW,CE,Towers with Radar,0,11,26,0,37,0,7,50,0,57,0,18,76,0,94,96,0,96,190
12/27/2020,NEW,LA,ASW,CE,Towers with Radar,0,10,42,0,52,0,7,57,0,64,0,17,99,0,116,90,0,90,206
12/28/2020,NEW,LA,ASW,CE,Towers with Radar,0,5,35,2,42,0,7,57,1,65,0,12,92,3,107,146,0,146,253
12/29/2020,NEW,LA,ASW,CE,Towers with Radar,0,3,31,3,37,0,3,55,3,61,0,6,86,6,98,26,0,26,124
12/30/2020,NEW,LA,ASW,CE,Towers with Radar,0,9,39,4,52,0,12,49,0,61,0,21,88,4,113,58,0,58,171
12/31/2020,NEW,LA,ASW,CE,Towers with Radar,0,5,32,0,37,0,0,32,1,33,0,5,64,1,70,44,8,52,122
01/01/2021,NEW,LA,ASW,CE,Towers with Radar,0,10,30,0,40,0,4,23,1,28,0,14,53,1,68,26,14,40,108
01/02/2021,NEW,LA,ASW,CE,Towers with Radar,0,21,63,0,84,0,6,78,0,84,0,27,141,0,168,76,0,76,244
01/03/2021,NEW,LA,ASW,CE,Towers with Radar,0,16,46,1,63,0,10,95,0,105,0,26,141,1,168,60,0,60,228
01/04/2021,NEW,LA,ASW,CE,Towers with Radar,0,4,28,0,32,0,1,35,2,38,0,5,63,2,70,78,0,78,148
01/05/2021,NEW,LA,ASW,CE,Towers with Radar,0,2,28,1,31,0,6,50,7,63,0,8,78,8,94,74,0,74,168
01/06/2021,NEW,LA,ASW,CE,Towers with Radar,0,2,22,1,25,0,8,37,4,49,0,10,59,5,74,68,6,74,148
01/07/2021,NEW,LA,ASW,CE,Towers with Radar,0,5,20,5,30,0,2,9,9,20,0,7,29,14,50,0,34,34,84
01/08/2021,NEW,LA,ASW,CE,Towers with Radar,0,1,38,12,51,0,1,33,3,37,0,2,71,15,88,22,12,34,122
01/09/2021,NEW,LA,ASW,CE,Towers with Radar,0,6,28,9,43,0,5,84,6,95,0,11,112,15,138,158,6,164,302
01/10/2021,NEW,LA,ASW,CE,Towers with Radar,0,10,47,7,64,0,2,30,3,35,0,12,77,10,99,76,0,76,175
01/11/2021,NEW,LA,ASW,CE,Towers with Radar,0,3,23,0,26,0,0,0,0,0,0,3,23,0,26,0,8,8,34
01/12/2021,NEW,LA,ASW,CE,Towers with Radar,0,7,42,3,52,0,1,14,5,20,0,8,56,8,72,60,32,92,164
01/13/2021,NEW,LA,ASW,CE,Towers with Radar,0,13,29,5,47,0,6,48,2,56,0,19,77,7,103,108,24,132,235
01/14/2021,NEW,LA,ASW,CE,Towers with Radar,0,9,32,3,44,0,2,43,2,47,0,11,75,5,91,40,0,40,131
01/15/2021,NEW,LA,ASW,CE,Towers with Radar,0,8,38,1,47,0,5,42,4,51,0,13,80,5,98,44,10,54,152
01/16/2021,NEW,LA,ASW,CE,Towers with Radar,0,12,47,2,61,0,2,107,0,109,0,14,154,2,170,104,0,104,274
01/17/2021,NEW,LA,ASW,CE,Towers with Radar,0,8,43,0,51,0,5,56,0,61,0,13,99,0,112,136,0,136,248
01/18/2021,NEW,LA,ASW,CE,Towers with Radar,0,8,41,0,49,0,5,56,0,61,0,13,97,0,110,76,0,76,186
01/19/2021,NEW,LA,ASW,CE,Towers with Radar,0,6,35,5,46,0,1,39,8,48,0,7,74,13,94,46,22,68,162
01/20/2021,NEW,LA,ASW,CE,Towers with Radar,0,7,21,3,31,0,5,33,1,39,0,12,54,4,70,144,2,146,216
01/21/2021,NEW,LA,ASW,CE,Towers with Radar,0,4,38,4,46,0,3,35,6,44,0,7,73,10,90,62,2,64,154
01/22/2021,NEW,LA,ASW,CE,Towers with Radar,0,2,27,4,33,0,0,4,0,4,0,2,31,4,37,6,0,6,43
01/23/2021,NEW,LA,ASW,CE,Towers with Radar,0,5,21,0,26,0,2,1,0,3,0,7,22,0,29,0,0,0,29
01/24/2021,NEW,LA,ASW,CE,Towers with Radar,0,5,38,0,43,0,0,13,0,13,0,5,51,0,56,72,0,72,128
01/25/2021,NEW,LA,ASW,CE,Towers with Radar,0,5,21,12,38,0,4,8,0,12,0,9,29,12,50,0,0,0,50
01/26/2021,NEW,LA,ASW,CE,Towers with Radar,0,1,32,2,35,0,1,22,2,25,0,2,54,4,60,24,8,32,92
01/27/2021,NEW,LA,ASW,CE,Towers with Radar,0,6,27,9,42,0,0,9,2,11,0,6,36,11,53,0,0,0,53
01/28/2021,NEW,LA,ASW,CE,Towers with Radar,0,12,49,10,71,0,6,82,1,89,0,18,131,11,160,50,10,60,220
01/29/2021,NEW,LA,ASW,CE,Towers with Radar,0,4,51,8,63,0,3,79,6,88,0,7,130,14,151,134,12,146,297
01/30/2021,NEW,LA,ASW,CE,Towers with Radar,0,6,32,2,40,0,1,86,2,89,0,7,118,4,129,106,10,116,245
01/31/2021,NEW,LA,ASW,CE,Towers with Radar,0,9,48,16,73,0,9,50,9,68,0,18,98,25,141,78,0,78,219
02/01/2021,NEW,LA,ASW,CE,Towers with Radar,0,5,31,1,37,0,5,41,2,48,0,10,72,3,85,16,0,16,101
02/02/2021,NEW,LA,ASW,CE,Towers with Radar,0,12,35,5,52,0,0,44,0,44,0,12,79,5,96,96,6,102,198
02/03/2021,NEW,LA,ASW,CE,Towers with Radar,0,8,49,3,60,0,2,49,0,51,0,10,98,3,111,42,0,42,153
02/04/2021,NEW,LA,ASW,CE,Towers with Radar,0,6,33,3,42,0,2,49,5,56,0,8,82,8,98,62,14,76,174
02/05/2021,NEW,LA,ASW,CE,Towers with Radar,0,7,41,9,57,0,4,20,3,27,0,11,61,12,84,10,0,10,94
02/06/2021,NEW,LA,ASW,CE,Towers with Radar,0,9,26,0,35,0,0,0,0,0,0,9,26,0,35,0,0,0,35
02/07/2021,NEW,LA,ASW,CE,Towers with Radar,0,9,56,5,70,0,6,64,2,72,0,15,120,7,142,104,0,104,246
02/08/2021,NEW,LA,ASW,CE,Towers with Radar,0,4,34,5,43,0,2,30,1,33,0,6,64,6,76,26,0,26,102
02/09/2021,NEW,LA,ASW,CE,Towers with Radar,0,1,39,4,44,0,2,24,0,26,0,3,63,4,70,44,0,44,114
02/10/2021,NEW,LA,ASW,CE,Towers with Radar,0,9,31,6,46,0,1,0,0,1,0,10,31,6,47,4,0,4,51
02/11/2021,NEW,LA,ASW,CE,Towers with Radar,0,1,9,1,11,0,1,7,0,8,0,2,16,1,19,6,0,6,25
02/12/2021,NEW,LA,ASW,CE,Towers with Radar,0,3,29,9,41,0,0,0,0,0,0,3,29,9,41,0,0,0,41
02/13/2021,NEW,LA,ASW,CE,Towers with Radar,0,7,19,0,26,0,2,21,0,23,0,9,40,0,49,0,0,0,49
02/14/2021,NEW,LA,ASW,CE,Towers with Radar,0,4,30,3,37,0,0,14,0,14,0,4,44,3,51,0,0,0,51
02/15/2021,NEW,LA,ASW,CE,Towers with Radar,0,2,6,0,8,0,0,0,0,0,0,2,6,0,8,0,0,0,8
02/16/2021,NEW,LA,ASW,CE,Towers with Radar,0,9,14,3,26,0,2,36,3,41,0,11,50,6,67,8,8,16,83
02/17/2021,NEW,LA,ASW,CE,Towers with Radar,0,5,28,0,33,0,1,1,0,2,0,6,29,0,35,0,0,0,35
02/18/2021,NEW,LA,ASW,CE,Towers with Radar,0,6,20,0,26,0,1,7,0,8,0,7,27,0,34,0,0,0,34
02/19/2021,NEW,LA,ASW,CE,Towers with Radar,0,7,40,9,56,0,1,70,3,74,0,8,110,12,130,42,0,42,172
02/20/2021,NEW,LA,ASW,CE,Towers with Radar,0,6,49,4,59,0,16,114,3,133,0,22,163,7,192,60,0,60,252
02/21/2021,NEW,LA,ASW,CE,Towers with Radar,0,5,49,9,63,0,6,86,1,93,0,11,135,10,156,70,0,70,226
02/22/2021,NEW,LA,ASW,CE,Towers with Radar,0,3,31,2,36,0,9,53,2,64,0,12,84,4,100,74,0,74,174
02/23/2021,NEW,LA,ASW,CE,Towers with Radar,0,6,39,2,47,0,4,84,0,88,0,10,123,2,135,150,0,150,285
02/24/2021,NEW,LA,ASW,CE,Towers with Radar,0,3,35,3,41,0,1,80,4,85,0,4,115,7,126,114,0,114,240
02/25/2021,NEW,LA,ASW,CE,Towers with Radar,0,6,36,2,44,0,1,69,0,70,0,7,105,2,114,172,0,172,286
02/26/2021,NEW,LA,ASW,CE,Towers with Radar,0,4,47,8,59,0,4,40,4,48,0,8,87,12,107,76,0,76,183
02/27/2021,NEW,LA,ASW,CE,Towers with Radar,0,10,35,3,48,0,6,51,8,65,0,16,86,11,113,142,4,146,259
02/28/2021,NEW,LA,ASW,CE,Towers with Radar,0,6,49,10,65,0,8,36,9,53,0,14,85,19,118,44,14,58,176
03/01/2021,NEW,LA,ASW,CE,Towers with Radar,0,8,36,1,45,0,1,15,0,16,0,9,51,1,61,20,0,20,81
03/02/2021,NEW,LA,ASW,CE,Towers with Radar,0,0,10,5,15,0,0,0,0,0,0,0,10,5,15,2,0,2,17
03/03/2021,NEW,LA,ASW,CE,Towers with Radar,0,5,39,4,48,0,2,56,0,58,0,7,95,4,106,138,0,138,244
03/04/2021,NEW,LA,ASW,CE,Towers with Radar,0,6,52,0,58,0,2,52,0,54,0,8,104,0,112,68,0,68,180
03/05/2021,NEW,LA,ASW,CE,Towers with Radar,0,3,55,6,64,0,5,34,0,39,0,8,89,6,103,78,0,78,181
03/06/2021,NEW,LA,ASW,CE,Towers with Radar,0,4,44,3,51,0,2,100,5,107,0,6,144,8,158,70,0,70,228
03/07/2021,NEW,LA,ASW,CE,Towers with Radar,0,5,58,7,70,0,3,94,3,100,0,8,152,10,170,32,0,32,202
03/08/2021,NEW,LA,ASW,CE,Towers with Radar,0,2,36,10,48,0,2,40,3,45,0,4,76,13,93,68,38,106,199
03/09/2021,NEW,LA,ASW,CE,Towers with Radar,0,6,34,2,42,0,1,43,8,52,0,7,77,10,94,40,14,54,148
03/10/2021,NEW,LA,ASW,CE,Towers with Radar,0,7,45,9,61,0,4,32,1,37,0,11,77,10,98,30,0,30,128
03/11/2021,NEW,LA,ASW,CE,Towers with Radar,0,8,57,3,68,0,4,51,3,58,0,12,108,6,126,36,8,44,170
03/12/2021,NEW,LA,ASW,CE,Towers with Radar,0,3,46,4,53,0,2,73,0,75,0,5,119,4,128,120,2,122,250
03/13/2021,NEW,LA,ASW,CE,Towers with Radar,0,8,46,5,59,0,4,89,3,96,0,12,135,8,155,66,10,76,231
03/14/2021,NEW,LA,ASW,CE,Towers with Radar,0,11,54,6,71,0,2,81,0,83,0,13,135,6,154,42,0,42,196
03/15/2021,NEW,LA,ASW,CE,Towers with Radar,0,2,51,8,61,0,3,30,0,33,0,5,81,8,94,70,0,70,164
03/16/2021,NEW,LA,ASW,CE,Towers with Radar,0,3,40,2,45,0,5,30,4,39,0,8,70,6,84,58,0,58,142
03/17/2021,NEW,LA,ASW,CE,Towers with Radar,0,5,24,4,33,0,1,3,1,5,0,6,27,5,38,0,0,0,38
03/18/2021,NEW,LA,ASW,CE,Towers with Radar,0,9,41,8,58,0,8,40,2,50,0,17,81,10,108,66,2,68,176
03/19/2021,NEW,LA,ASW,CE,Towers with Radar,0,10,64,11,85,0,2,62,7,71,0,12,126,18,156,68,16,84,240
03/20/2021,NEW,LA,ASW,CE,Towers with Radar,0,25,55,0,80,0,8,89,0,97,0,33,144,0,177,94,0,94,271
03/21/2021,NEW,LA,ASW,CE,Towers with Radar,0,7,78,4,89,0,3,108,8,119,0,10,186,12,208,82,0,82,290
03/22/2021,NEW,LA,ASW,CE,Towers with Radar,0,9,37,5,51,0,9,40,4,53,0,18,77,9,104,50,0,50,154
03/23/2021,NEW,LA,ASW,CE,Towers with Radar,0,5,17,0,22,0,1,2,0,3,0,6,19,0,25,0,0,0,25
03/24/2021,NEW,LA,ASW,CE,Towers with Radar,0,6,31,1,38,0,0,8,0,8,0,6,39,1,46,20,0,20,66
03/25/2021,NEW,LA,ASW,CE,Towers with Radar,0,4,17,2,23,0,0,4,1,5,0,4,21,3,28,18,4,22,50
03/26/2021,NEW,LA,ASW,CE,Towers with Radar,0,14,72,4,90,0,9,37,2,48,0,23,109,6,138,82,0,82,220
03/27/2021,NEW,LA,ASW,CE,Towers with Radar,0,12,58,0,70,0,7,55,0,62,0,19,113,0,132,64,0,64,196
03/28/2021,NEW,LA,ASW,CE,Towers with Radar,0,16,52,0,68,0,10,42,5,57,0,26,94,5,125,44,0,44,169
03/29/2021,NEW,LA,ASW,CE,Towers with Radar,0,12,26,3,41,0,2,74,0,76,0,14,100,3,117,54,4,58,175
03/30/2021,NEW,LA,ASW,CE,Towers with Radar,0,8,64,2,74,0,1,14,0,15,0,9,78,2,89,0,0,0,89
03/31/2021,NEW,LA,ASW,CE,Towers with Radar,0,7,40,0,47,0,1,9,0,10,0,8,49,0,57,0,0,0,57
04/01/2021,NEW,LA,ASW,CE,Towers with Radar,0,13,52,7,72,0,2,51,3,56,0,15,103,10,128,66,0,66,194
04/02/2021,NEW,LA,ASW,CE,Towers with Radar,0,9,58,0,67,0,3,93,4,100,0,12,151,4,167,54,0,54,221
04/03/2021,NEW,LA,ASW,CE,Towers with Radar,0,7,51,1,59,0,11,106,1,118,0,18,157,2,177,68,0,68,245
04/04/2021,NEW,LA,ASW,CE,Towers with Radar,0,6,36,1,43,0,8,53,2,63,0,14,89,3,106,20,0,20,126
04/05/2021,NEW,LA,ASW,CE,Towers with Radar,0,15,52,0,67,0,7,82,2,91,0,22,134,2,158,40,0,40,198
04/06/2021,NEW,LA,ASW,CE,Towers with Radar,0,13,41,5,59,5,0,59,5,69,5,13,100,10,128,108,26,134,262
04/07/2021,NEW,LA,ASW,CE,Towers with Radar,0,11,42,2,55,0,3,41,4,48,0,14,83,6,103,56,4,60,163
04/08/2021,NEW,LA,ASW,CE,Towers with Radar,0,5,60,1,66,0,7,62,5,74,0,12,122,6,140,144,6,150,290
04/09/2021,NEW,LA,ASW,CE,Towers with Radar,0,11,67,16,94,0,5,26,1,32,0,16,93,17,126,54,0,54,180
04/10/2021,NEW,LA,ASW,CE,Towers with Radar,0,7,34,2,43,0,5,65,0,70,0,12,99,2,113,30,0,30,143
04/11/2021,NEW,LA,ASW,CE,Towers with Radar,0,16,61,1,78,0,5,95,3,103,0,21,156,4,181,106,0,106,287
04/12/2021,NEW,LA,ASW,CE,Towers with Radar,0,6,54,2,62,0,5,71,4,80,0,11,125,6,142,130,6,136,278
04/13/2021,NEW,LA,ASW,CE,Towers with Radar,0,1,8,3,12,0,2,24,0,26,0,3,32,3,38,30,0,30,68
04/14/2021,NEW,LA,ASW,CE,Towers with Radar,0,7,26,3,36,0,0,8,1,9,0,7,34,4,45,4,0,4,49
04/15/2021,NEW,LA,ASW,CE,Towers with Radar,0,11,49,2,62,0,7,23,0,30,0,18,72,2,92,28,0,28,120
04/16/2021,NEW,LA,ASW,CE,Towers with Radar,0,6,39,2,47,0,1,5,2,8,0,7,44,4,55,0,40,40,95
04/17/2021,NEW,LA,ASW,CE,Towers with Radar,0,8,36,0,44,0,0,2,1,3,0,8,38,1,47,0,24,24,71
04/18/2021,NEW,LA,ASW,CE,Towers with Radar,0,19,64,5,88,0,11,106,11,128,0,30,170,16,216,58,0,58,274
04/19/2021,NEW,LA,ASW,CE,Towers with Radar,0,9,48,0,57,0,5,46,0,51,0,14,94,0,108,90,0,90,198
04/20/2021,NEW,LA,ASW,CE,Towers with Radar,0,10,55,5,70,0,4,59,8,71,0,14,114,13,141,136,6,142,283
04/21/2021,NEW,LA,ASW,CE,Towers with Radar,0,18,39,4,61,0,7,63,0,70,0,25,102,4,131,46,0,46,177
04/22/2021,NEW,LA,ASW,CE,Towers with Radar,0,14,65,2,81,0,8,87,6,101,0,22,152,8,182,84,2,86,268
04/23/2021,NEW,LA,ASW,CE,Towers with Radar,0,12,55,3,70,0,6,48,4,58,0,18,103,7,128,92,0,92,220
04/24/2021,NEW,LA,ASW,CE,Towers with Radar,0,16,21,0,37,0,5,41,0,46,0,21,62,0,83,66,0,66,149
04/25/2021,NEW,LA,ASW,CE,Towers with Radar,0,19,76,6,101,0,5,122,4,131,0,24,198,10,232,124,0,124,356
04/26/2021,NEW,LA,ASW,CE,Towers with Radar,0,5,52,10,67,0,3,81,5,89,0,8,133,15,156,60,6,66,222
04/27/2021,NEW,LA,ASW,CE,Towers with Radar,0,4,63,3,70,0,6,40,2,48,0,10,103,5,118,114,0,114,232
04/28/2021,NEW,LA,ASW,CE,Towers with Radar,0,8,56,4,68,0,2,52,3,57,0,10,108,7,125,126,0,126,251
04/29/2021,NEW,LA,ASW,CE,Towers with Radar,0,6,84,4,94,0,10,43,6,59,0,16,127,10,153,194,2,196,349
04/30/2021,NEW,LA,ASW,CE,Towers with Radar,0,20,81,1,102,0,5,50,0,55,0,25,131,1,157,70,0,70,227
05/01/2021,NEW,LA,ASW,CE,Towers with Radar,0,12,30,0,42,0,12,92,0,104,0,24,122,0,146,28,0,28,174
05/02/2021,NEW,LA,ASW,CE,Towers with Radar,0,11,57,1,69,0,5,42,1,48,0,16,99,2,117,38,0,38,155
05/03/2021,NEW,LA,ASW,CE,Towers with Radar,0,7,43,2,52,0,3,37,0,40,0,10,80,2,92,80,0,80,172
05/04/2021,NEW,LA,ASW,CE,Towers with Radar,0,7,29,4,40,0,5,18,0,23,0,12,47,4,63,24,0,24,87
05/05/2021,NEW,LA,ASW,CE,Towers with Radar,0,8,42,2,52,0,1,11,0,12,0,9,53,2,64,64,0,64,128
05/06/2021,NEW,LA,ASW,CE,Towers with Radar,0,9,41,2,52,0,8,69,3,80,0,17,110,5,132,168,0,168,300
05/07/2021,NEW,LA,ASW,CE,Towers with Radar,0,12,77,14,103,0,4,68,4,76,0,16,145,18,179,192,14,206,385
05/08/2021,NEW,LA,ASW,CE,Towers with Radar,0,11,40,1,52,0,3,113,4,120,0,14,153,5,172,106,0,106,278
05/09/2021,NEW,LA,ASW,CE,Towers with Radar,0,11,46,11,68,0,4,94,0,98,0,15,140,11,166,92,8,100,266
05/10/2021,NEW,LA,ASW,CE,Towers with Radar,0,5,30,1,36,0,1,21,1,23,0,6,51,2,59,32,0,32,91
05/11/2021,NEW,LA,ASW,CE,Towers with Radar,0,1,39,0,40,0,0,21,2,23,0,1,60,2,63,38,6,44,107
05/12/2021,NEW,LA,ASW,CE,Towers with Radar,0,5,54,0,59,0,4,29,2,35,0,9,83,2,94,122,0,122,216
05/13/2021,NEW,LA,ASW,CE,Towers with Radar,0,18,79,9,106,0,12,59,4,75,0,30,138,13,181,64,12,76,257
05/14/2021,NEW,LA,ASW,CE,Towers with Radar,0,8,64,4,76,0,1,98,2,101,0,9,162,6,177,96,0,96,273
05/15/2021,NEW,LA,ASW,CE,Towers with Radar,0,14,50,12,76,0,7,98,2,107,0,21,148,14,183,84,6,90,273
05/16/2021,NEW,LA,ASW,CE,Towers with Radar,0,16,96,2,114,0,2,59,3,64,0,18,155,5,178,102,0,102,280
05/17/2021,NEW,LA,ASW,CE,Towers with Radar,0,6,43,4,53,0,4,28,2,34,0,10,71,6,87,4,0,4,91
05/18/2021,NEW,LA,ASW,CE,Towers with Radar,0,7,36,0,43,0,3,19,1,23,0,10,55,1,66,94,2,96,162
05/19/2021,NEW,LA,ASW,CE,Towers with Radar,0,7,43,0,50,0,3,13,0,16,0,10,56,0,66,0,0,0,66
05/20/2021,NEW,LA,ASW,CE,Towers with Radar,0,13,43,1,57,0,3,2,0,5,0,16,45,1,62,0,0,0,62
05/21/2021,NEW,LA,ASW,CE,Towers with Radar,0,24,63,34,121,0,3,25,7,35,0,27,88,41,156,8,14,22,178
05/22/2021,NEW,LA,ASW,CE,Towers with Radar,0,7,37,1,45,0,9,62,3,74,0,16,99,4,119,36,0,36,155
05/23/2021,NEW,LA,ASW,CE,Towers with Radar,0,24,90,14,128,0,4,92,8,104,0,28,182,22,232,62,0,62,294
05/24/2021,NEW,LA,ASW,CE,Towers with Radar,0,14,57,1,72,0,3,90,5,98,0,17,147,6,170,84,0,84,254
05/25/2021,NEW,LA,ASW,CE,Towers with Radar,0,12,42,6,60,0,4,58,10,72,0,16,100,16,132,94,8,102,234
05/26/2021,NEW,LA,ASW,CE,Towers with Radar,0,7,69,6,82,0,7,81,3,91,0,14,150,9,173,90,14,104,277
05/27/2021,NEW,LA,ASW,CE,Towers with Radar,0,10,49,7,66,0,6,92,7,105,0,16,141,14,171,208,6,214,385
05/28/2021,NEW,LA,ASW,CE,Towers with Radar,0,8,79,0,87,0,7,85,0,92,0,15,164,0,179,80,0,80,259
05/29/2021,NEW,LA,ASW,CE,Towers with Radar,0,11,49,0,60,0,5,92,0,97,0,16,141,0,157,90,0,90,247
05/30/2021,NEW,LA,ASW,CE,Towers with Radar,0,9,46,0,55,0,4,92,2,98,0,13,138,2,153,84,0,84,237
05/31/2021,NEW,LA,ASW,CE,Towers with Radar,0,1,62,2,65,0,2,63,0,65,0,3,125,2,130,88,0,88,218
06/01/2021,NEW,LA,ASW,CE,Towers with Radar,0,0,33,1,34,0,6,47,1,54,0,6,80,2,88,72,0,72,160
06/02/2021,NEW,LA,ASW,CE,Towers with Radar,0,10,51,0,61,0,5,26,0,31,0,15,77,0,92,76,0,76,168
06/03/2021,NEW,LA,ASW,CE,Towers with Radar,0,9,58,2,69,0,6,20,5,31,0,15,78,7,100,80,6,86,186
06/04/2021,NEW,LA,ASW,CE,Towers with Radar,0,11,57,2,70,0,1,62,0,63,0,12,119,2,133,108,4,112,245
06/05/2021,NEW,LA,ASW,CE,Towers with Radar,0,6,27,1,34,0,2,23,0,25,0,8,50,1,59,40,0,40,99
06/06/2021,NEW,LA,ASW,CE,Towers with Radar,0,11,59,1,71,0,0,11,0,11,0,11,70,1,82,32,0,32,114
06/07/2021,NEW,LA,ASW,CE,Towers with Radar,0,5,39,6,50,0,4,41,2,47,0,9,80,8,97,118,8,126,223
06/08/2021,NEW,LA,ASW,CE,Towers with Radar,0,9,33,8,50,0,2,65,2,69,0,11,98,10,119,128,0,128,247
06/09/2021,NEW,LA,ASW,CE,Towers with Radar,0,16,48,2,66,0,3,51,0,54,0,19,99,2,120,71,0,71,191
06/10/2021,NEW,LA,ASW,CE,Towers with Radar,0,9,65,8,82,0,6,79,7,92,0,15,144,15,174,74,7,81,255
06/11/2021,NEW,LA,ASW,CE,Towers with Radar,0,11,53,18,82,0,11,87,3,101,0,22,140,21,183,158,4,162,345
06/12/2021,NEW,LA,ASW,CE,Towers with Radar,0,7,45,14,66,0,7,95,8,110,0,14,140,22,176,88,4,92,268
06/13/2021,NEW,LA,ASW,CE,Towers with Radar,0,13,70,3,86,0,3,60,0,63,0,16,130,3,149,46,0,46,195
06/14/2021,NEW,LA,ASW,CE,Towers with Radar,0,10,50,1,61,0,5,65,5,75,0,15,115,6,136,146,4,150,286
06/15/2021,NEW,LA,ASW,CE,Towers with Radar,0,7,40,4,51,0,7,53,4,64,0,14,93,8,115,62,0,62,177
06/16/2021,NEW,LA,ASW,CE,Towers with Radar,0,10,46,1,57,0,8,87,1,96,0,18,133,2,153,82,0,82,235
06/17/2021,NEW,LA,ASW,CE,Towers with Radar,0,17,57,8,82,0,12,91,4,107,0,29,148,12,189,148,10,158,347
06/18/2021,NEW,LA,ASW,CE,Towers with Radar,0,4,30,1,35,0,5,3,0,8,0,9,33,1,43,56,0,56,99
06/19/2021,NEW,LA,ASW,CE,Towers with Radar,0,5,13,1,19,0,3,30,0,33,0,8,43,1,52,16,0,16,68
06/20/2021,NEW,LA,ASW,CE,Towers with Radar,0,7,27,0,34,0,0,46,0,46,0,7,73,0,80,0,0,0,80
06/21/2021,NEW,LA,ASW,CE,Towers with Radar,0,7,31,1,39,0,0,20,3,23,0,7,51,4,62,68,2,70,132
06/22/2021,NEW,LA,ASW,CE,Towers with Radar,0,7,25,2,34,0,6,26,0,32,0,13,51,2,66,90,0,90,156
06/23/2021,NEW,LA,ASW,CE,Towers with Radar,0,6,55,1,62,0,9,39,0,48,0,15,94,1,110,120,0,120,230
06/24/2021,NEW,LA,ASW,CE,Towers with Radar,0,13,47,2,62,0,1,42,3,46,0,14,89,5,108,92,6,98,206
06/25/2021,NEW,LA,ASW,CE,Towers with Radar,0,17,61,1,79,0,9,51,0,60,0,26,112,1,139,76,0,76,215
06/26/2021,NEW,LA,ASW,CE,Towers with Radar,0,13,36,7,56,0,8,78,1,87,0,21,114,8,143,90,8,98,241
06/27/2021,NEW,LA,ASW,CE,Towers with Radar,0,8,60,1,69,0,8,43,0,51,0,16,103,1,120,26,0,26,146
06/28/2021,NEW,LA,ASW,CE,Towers with Radar,0,8,33,6,47,0,3,56,2,61,0,11,89,8,108,126,10,136,244
06/29/2021,NEW,LA,ASW,CE,Towers with Radar,0,8,35,1,44,0,3,60,0,63,0,11,95,1,107,200,0,200,307
06/30/2021,NEW,LA,ASW,CE,Towers with Radar,0,5,48,2,55,0,4,71,8,83,0,9,119,10,138,146,0,146,284
07/01/2021,NEW,LA,ASW,CE,Towers with Radar,0,10,32,6,48,0,9,34,4,47,0,19,66,10,95,146,6,152,247
07/02/2021,NEW,LA,ASW,CE,Towers with Radar,0,5,34,3,42,0,7,55,0,62,0,12,89,3,104,148,0,148,252
07/03/2021,NEW,LA,ASW,CE,Towers with Radar,0,7,25,2,34,0,3,17,0,20,0,10,42,2,54,90,0,90,144
07/04/2021,NEW,LA,ASW,CE,Towers with Radar,0,3,24,0,27,0,7,39,0,46,0,10,63,0,73,16,0,16,89
07/05/2021,NEW,LA,ASW,CE,Towers with Radar,0,3,54,0,57,0,2,70,0,72,0,5,124,0,129,156,0,156,285
07/06/2021,NEW,LA,ASW,CE,Towers with Radar,0,6,28,15,49,0,10,46,0,56,0,16,74,15,105,184,2,186,291
07/07/2021,NEW,LA,ASW,CE,Towers with Radar,0,1,39,7,47,0,20,55,2,77,0,21,94,9,124,126,10,136,260
07/08/2021,NEW,LA,ASW,CE,Towers with Radar,0,3,41,3,47,0,7,58,2,67,0,10,99,5,114,136,0,136,250
07/09/2021,NEW,LA,ASW,CE,Towers with Radar,0,4,41,7,52,0,1,44,2,47,0,5,85,9,99,82,6,88,187
07/10/2021,NEW,LA,ASW,CE,Towers with Radar,0,8,31,1,40,0,6,70,3,79,0,14,101,4,119,126,0,126,245
07/11/2021,NEW,LA,ASW,CE,Towers with Radar,0,6,47,6,59,0,3,57,0,60,0,9,104,6,119,62,0,62,181
07/12/2021,NEW,LA,ASW,CE,Towers with Radar,0,7,29,4,40,0,2,53,0,55,0,9,82,4,95,68,0,68,163
07/13/2021,NEW,LA,ASW,CE,Towers with Radar,0,3,31,3,37,0,2,64,3,69,0,5,95,6,106,130,0,130,236
07/14/2021,NEW,LA,ASW,CE,Towers with Radar,0,7,54,1,62,0,4,59,4,67,0,11,113,5,129,196,2,198,327
07/15/2021,NEW,LA,ASW,CE,Towers with Radar,0,2,53,5,60,0,4,68,2,74,0,6,121,7,134,150,6,156,290
07/16/2021,NEW,LA,ASW,CE,Towers with Radar,0,6,44,4,54,0,9,55,0,64,0,15,99,4,118,92,0,92,210
07/17/2021,NEW,LA,ASW,CE,Towers with Radar,0,6,38,5,49,0,11,72,2,85,0,17,110,7,134,132,0,132,266
07/18/2021,NEW,LA,ASW,CE,Towers with Radar,0,9,43,2,54,0,4,73,0,77,0,13,116,2,131,156,0,156,287
07/19/2021,NEW,LA,ASW,CE,Towers with Radar,0,7,40,2,49,0,5,59,0,64,0,12,99,2,113,68,0,68,181
07/20/2021,NEW,LA,ASW,CE,Towers with Radar,0,3,23,0,26,0,0,31,0,31,0,3,54,0,57,48,24,72,129
07/21/2021,NEW,LA,ASW,CE,Towers with Radar,0,13,42,4,59,0,7,67,1,75,0,20,109,5,134,106,2,108,242
07/22/2021,NEW,LA,ASW,CE,Towers with Radar,0,9,63,2,74,0,8,72,1,81,0,17,135,3,155,100,10,110,265
07/23/2021,NEW,LA,ASW,CE,Towers with Radar,0,9,71,13,93,0,3,74,4,81,0,12,145,17,174,72,0,72,246
07/24/2021,NEW,LA,ASW,CE,Towers with Radar,0,8,32,2,42,0,0,98,0,98,0,8,130,2,140,100,0,100,240
07/25/2021,NEW,LA,ASW,CE,Towers with Radar,0,7,54,6,67,0,8,79,2,89,0,15,133,8,156,92,0,92,248
07/26/2021,NEW,LA,ASW,CE,Towers with Radar,0,7,28,2,37,0,7,76,2,85,0,14,104,4,122,80,10,90,212
07/27/2021,NEW,LA,ASW,CE,Towers with Radar,0,3,49,7,59,0,4,76,2,82,0,7,125,9,141,86,4,90,231
07/28/2021,NEW,LA,ASW,CE,Towers with Radar,0,5,33,6,44,0,12,88,3,103,0,17,121,9,147,64,2,66,213
07/29/2021,NEW,LA,ASW,CE,Towers with Radar,0,3,42,1,46,0,10,108,8,126,0,13,150,9,172,100,10,110,282
07/30/2021,NEW,LA,ASW,CE,Towers with Radar,0,15,49,7,71,0,14,109,3,126,0,29,158,10,197,88,0,88,285
07/31/2021,NEW,LA,ASW,CE,Towers with Radar,0,0,31,3,34,0,4,88,0,92,0,4,119,3,126,98,4,102,228
08/01/2021,NEW,LA,ASW,CE,Towers with Radar,0,15,36,8,59,0,9,59,2,70,0,24,95,10,129,128,0,128,257
08/02/2021,NEW,LA,ASW,CE,Towers with Radar,0,4,34,0,38,0,0,40,1,41,0,4,74,1,79,94,6,100,179
08/03/2021,NEW,LA,ASW,CE,Towers with Radar,0,0,37,4,41,0,1,22,3,26,0,1,59,7,67,24,30,54,121
08/04/2021,NEW,LA,ASW,CE,Towers with Radar,0,6,57,0,63,0,3,57,0,60,0,9,114,0,123,50,2,52,175
08/05/2021,NEW,LA,ASW,CE,Towers with Radar,0,2,77,11,90,0,15,69,5,89,0,17,146,16,179,144,12,156,335
08/06/2021,NEW,LA,ASW,CE,Towers with Radar,0,2,56,6,64,0,8,67,4,79,0,10,123,10,143,74,0,74,217
08/07/2021,NEW,LA,ASW,CE,Towers with Radar,0,10,35,5,50,0,9,53,2,64,0,19,88,7,114,86,0,86,200
08/08/2021,NEW,LA,ASW,CE,Towers with Radar,0,8,41,3,52,0,12,67,2,81,0,20,108,5,133,102,0,102,235
08/09/2021,NEW,LA,ASW,CE,Towers with Radar,0,6,29,4,39,0,3,37,1,41,0,9,66,5,80,68,10,78,158
08/10/2021,NEW,LA,ASW,CE,Towers with Radar,0,7,46,7,60,0,12,46,5,63,0,19,92,12,123,46,3,49,172
08/11/2021,NEW,LA,ASW,CE,Towers with Radar,0,9,57,2,68,0,16,43,3,62,0,25,100,5,130,100,6,106,236
08/12/2021,NEW,LA,ASW,CE,Towers with Radar,0,7,36,0,43,0,1,38,3,42,0,8,74,3,85,94,0,94,179
08/13/2021,NEW,LA,ASW,CE,Towers with Radar,0,9,55,1,65,0,7,69,2,78,0,16,124,3,143,42,0,42,185
08/14/2021,NEW,LA,ASW,CE,Towers with Radar,0,6,40,10,56,0,7,122,4,133,0,13,162,14,189,134,16,150,339
08/15/2021,NEW,LA,ASW,CE,Towers with Radar,0,5,45,4,54,0,3,83,1,87,0,8,128,5,141,98,2,100,241
08/16/2021,NEW,LA,ASW,CE,Towers with Radar,0,18,29,1,48,0,7,64,1,72,0,25,93,2,120,66,8,74,194
08/17/2021,NEW,LA,ASW,CE,Towers with Radar,0,7,35,12,54,0,5,64,5,74,0,12,99,17,128,46,2,48,176
08/18/2021,NEW,LA,ASW,CE,Towers with Radar,0,12,36,4,52,0,4,52,10,66,0,16,88,14,118,60,0,60,178
08/19/2021,NEW,LA,ASW,CE,Towers with Radar,0,5,48,5,58,0,3,53,4,60,0,8,101,9,118,108,10,118,236
08/20/2021,NEW,LA,ASW,CE,Towers with Radar,0,12,41,1,54,0,6,81,2,89,0,18,122,3,143,76,0,76,219
08/21/2021,NEW,LA,ASW,CE,Towers with Radar,0,11,31,2,44,0,4,97,0,101,0,15,128,2,145,98,0,98,243
08/22/2021,NEW,LA,ASW,CE,Towers with Radar,0,9,31,2,42,0,1,63,1,65,0,10,94,3,107,102,0,102,209
08/23/2021,NEW,LA,ASW,CE,Towers with Radar,0,8,33,12,53,0,0,48,3,51,0,8,81,15,104,58,6,64,168
08/24/2021,NEW,LA,ASW,CE,Towers with Radar,0,9,41,8,58,0,5,85,2,92,0,14,126,10,150,68,0,68,218
08/25/2021,NEW,LA,ASW,CE,Towers with Radar,0,4,32,0,36,0,5,56,2,63,0,9,88,2,99,64,4,68,167
08/26/2021,NEW,LA,ASW,CE,Towers with Radar,0,13,28,0,41,0,7,28,1,36,0,20,56,1,77,58,0,58,135
08/27/2021,NEW,LA,ASW,CE,Towers with Radar,0,5,58,8,71,0,1,15,0,16,0,6,73,8,87,0,0,0,87
08/28/2021,NEW,LA,ASW,CE,Towers with Radar,0,7,59,0,66,0,1,14,0,15,0,8,73,0,81,0,0,0,81
08/29/2021,NEW,LA,ASW,CE,Towers with Radar,0,0,0,0,0,0,0,0,0,0,0,0,0,0,0,0,0,0,0
08/30/2021,NEW,LA,ASW,CE,Towers with Radar,0,0,0,0,0,0,0,2,0,2,0,0,2,0,2,0,0,0,2
08/31/2021,NEW,LA,ASW,CE,Towers with Radar,0,0,1,0,1,0,0,1,0,1,0,0,2,0,2,0,0,0,2
09/01/2021,NEW,LA,ASW,CE,Towers with Radar,0,0,2,0,2,0,0,2,0,2,0,0,4,0,4,0,0,0,4
09/02/2021,NEW,LA,ASW,CE,Towers with Radar,0,1,11,0,12,0,9,43,4,56,0,10,54,4,68,2,0,2,70
09/03/2021,NEW,LA,ASW,CE,Towers with Radar,0,2,17,0,19,0,6,16,2,24,0,8,33,2,43,0,0,0,43
09/04/2021,NEW,LA,ASW,CE,Towers with Radar,0,2,12,2,16,0,12,25,0,37,0,14,37,2,53,0,0,0,53
09/05/2021,NEW,LA,ASW,CE,Towers with Radar,0,0,16,2,18,0,5,14,6,25,0,5,30,8,43,0,0,0,43
09/06/2021,NEW,LA,ASW,CE,Towers with Radar,0,2,18,0,20,0,1,14,0,15,0,3,32,0,35,0,0,0,35
09/07/2021,NEW,LA,ASW,CE,Towers with Radar,0,6,29,0,35,0,2,22,0,24,0,8,51,0,59,20,0,20,79
09/08/2021,NEW,LA,ASW,CE,Towers with Radar,0,5,26,0,31,0,3,20,0,23,0,8,46,0,54,56,0,56,110
09/09/2021,NEW,LA,ASW,CE,Towers with Radar,0,2,26,0,28,0,5,46,0,51,0,7,72,0,79,3,0,3,82
09/10/2021,NEW,LA,ASW,CE,Towers with Radar,0,8,45,0,53,0,1,49,0,50,0,9,94,0,103,14,0,14,117
09/11/2021,NEW,LA,ASW,CE,Towers with Radar,0,8,18,4,30,0,9,53,2,64,0,17,71,6,94,32,0,32,126
09/12/2021,NEW,LA,ASW,CE,Towers with Radar,0,7,24,0,31,0,2,14,0,16,0,9,38,0,47,6,0,6,53
09/13/2021,NEW,LA,ASW,CE,Towers with Radar,0,8,37,0,45,0,2,20,1,23,0,10,57,1,68,30,0,30,98
09/14/2021,NEW,LA,ASW,CE,Towers with Radar,0,1,12,0,13,0,1,1,0,2,0,2,13,0,15,0,0,0,15
09/15/2021,NEW,LA,ASW,CE,Towers with Radar,0,0,21,0,21,0,1,1,0,2,0,1,22,0,23,14,0,14,37
09/16/2021,NEW,LA,ASW,CE,Towers with Radar,0,4,41,1,46,0,4,24,1,29,0,8,65,2,75,36,0,36,111
09/17/2021,NEW,LA,ASW,CE,Towers with Radar,0,5,23,0,28,0,5,13,1,19,0,10,36,1,47,46,0,46,93
09/18/2021,NEW,LA,ASW,CE,Towers with Radar,0,8,26,3,37,0,1,30,0,31,0,9,56,3,68,36,6,42,110
09/19/2021,NEW,LA,ASW,CE,Towers with Radar,0,6,37,2,45,0,6,24,0,30,0,12,61,2,75,80,0,80,155
09/20/2021,NEW,LA,ASW,CE,Towers with Radar,0,3,39,3,45,0,3,37,0,40,0,6,76,3,85,34,8,42,127
09/21/2021,NEW,LA,ASW,CE,Towers with Radar,0,2,45,2,49,0,3,26,0,29,0,5,71,2,78,84,0,84,162
09/22/2021,NEW,LA,ASW,CE,Towers with Radar,0,1,46,4,51,0,8,46,2,56,0,9,92,6,107,34,0,34,141
09/23/2021,NEW,LA,ASW,CE,Towers with Radar,0,3,47,4,54,0,6,65,0,71,0,9,112,4,125,84,0,84,209
09/24/2021,NEW,LA,ASW,CE,Towers with Radar,0,12,50,2,64,0,9,82,2,93,0,21,132,4,157,64,0,64,221
09/25/2021,NEW,LA,ASW,CE,Towers with Radar,0,4,34,6,44,0,17,74,0,91,0,21,108,6,135,64,20,84,219
09/26/2021,NEW,LA,ASW,CE,Towers with Radar,0,4,50,2,56,0,2,74,1,77,0,6,124,3,133,88,0,88,221
09/27/2021,NEW,LA,ASW,CE,Towers with Radar,0,9,55,0,64,0,3,39,3,45,0,12,94,3,109,38,6,44,153
09/28/2021,NEW,LA,ASW,CE,Towers with Radar,0,4,41,8,53,0,2,12,0,14,0,6,53,8,67,80,0,80,147
09/29/2021,NEW,LA,ASW,CE,Towers with Radar,0,11,28,2,41,0,2,6,0,8,0,13,34,2,49,20,0,20,69
09/30/2021,NEW,LA,ASW,CE,Towers with Radar,0,10,58,8,76,0,8,52,3,63,0,18,110,11,139,42,0,42,181
10/01/2021,NEW,LA,ASW,CE,Towers with Radar,0,15,68,6,89,0,2,58,4,64,0,17,126,10,153,86,0,86,239
10/02/2021,NEW,LA,ASW,CE,Towers with Radar,0,17,45,32,94,0,4,49,2,55,0,21,94,34,149,40,0,40,189
10/03/2021,NEW,LA,ASW,CE,Towers with Radar,0,24,72,3,99,0,0,43,0,43,0,24,115,3,142,22,0,22,164
10/04/2021,NEW,LA,ASW,CE,Towers with Radar,0,13,31,9,53,0,5,37,0,42,0,18,68,9,95,106,0,106,201
10/05/2021,NEW,LA,ASW,CE,Towers with Radar,0,7,39,7,53,0,2,46,1,49,0,9,85,8,102,38,0,38,140
10/06/2021,NEW,LA,ASW,CE,Towers with Radar,0,8,64,2,74,0,4,71,0,75,0,12,135,2,149,74,0,74,223
10/07/2021,NEW,LA,ASW,CE,Towers with Radar,0,6,60,2,68,0,1,68,4,73,0,7,128,6,141,50,0,50,191
10/08/2021,NEW,LA,ASW,CE,Towers with Radar,0,10,53,1,64,0,8,70,0,78,0,18,123,1,142,78,0,78,220
10/09/2021,NEW,LA,ASW,CE,Towers with Radar,0,14,32,5,51,0,10,97,0,107,0,24,129,5,158,52,4,56,214
10/10/2021,NEW,LA,ASW,CE,Towers with Radar,0,15,63,2,80,0,0,87,0,87,0,15,150,2,167,88,0,88,255
10/11/2021,NEW,LA,ASW,CE,Towers with Radar,0,20,41,1,62,0,7,71,0,78,0,27,112,1,140,38,0,38,178
10/12/2021,NEW,LA,ASW,CE,Towers with Radar,0,12,45,0,57,0,6,42,2,50,0,18,87,2,107,26,8,34,141
10/13/2021,NEW,LA,ASW,CE,Towers with Radar,0,6,46,0,52,0,3,56,0,59,0,9,102,0,111,72,0,72,183
10/14/2021,NEW,LA,ASW,CE,Towers with Radar,0,7,56,7,70,0,0,58,1,59,0,7,114,8,129,48,18,66,195
10/15/2021,NEW,LA,ASW,CE,Towers with Radar,0,12,68,1,81,0,12,68,4,84,0,24,136,5,165,88,22,110,275
10/16/2021,NEW,LA,ASW,CE,Towers with Radar,0,9,30,3,42,0,10,60,2,72,0,19,90,5,114,16,0,16,130
10/17/2021,NEW,LA,ASW,CE,Towers with Radar,0,8,74,4,86,0,2,57,1,60,0,10,131,5,146,106,0,106,252
10/18/2021,NEW,LA,ASW,CE,Towers with Radar,0,8,32,1,41,0,0,29,4,33,0,8,61,5,74,0,0,0,74
10/19/2021,NEW,LA,ASW,CE,Towers with Radar,0,11,42,6,59,0,1,35,5,41,0,12,77,11,100,0,0,0,100
10/20/2021,NEW,LA,ASW,CE,Towers with Radar,0,16,72,3,91,0,8,40,1,49,0,24,112,4,140,68,0,68,208
10/21/2021,NEW,LA,ASW,CE,Towers with Radar,0,9,69,0,78,0,4,39,2,45,0,13,108,2,123,44,32,76,199
10/22/2021,NEW,LA,ASW,CE,Towers with Radar,0,6,81,10,97,0,3,83,9,95,0,9,164,19,192,90,0,90,282
10/23/2021,NEW,LA,ASW,CE,Towers with Radar,0,11,37,2,50,0,1,96,4,101,0,12,133,6,151,132,0,132,283
10/24/2021,NEW,LA,ASW,CE,Towers with Radar,0,16,69,4,89,0,0,70,3,73,0,16,139,7,162,76,0,76,238
10/25/2021,NEW,LA,ASW,CE,Towers with Radar,0,22,84,1,107,0,2,57,5,64,0,24,141,6,171,122,0,122,293
10/26/2021,NEW,LA,ASW,CE,Towers with Radar,0,9,54,8,71,0,5,52,5,62,0,14,106,13,133,144,2,146,279
10/27/2021,NEW,LA,ASW,CE,Towers with Radar,0,6,32,0,38,0,4,27,4,35,0,10,59,4,73,30,0,30,103
10/28/2021,NEW,LA,ASW,CE,Towers with Radar,0,9,33,2,44,0,1,26,0,27,0,10,59,2,71,0,0,0,71
10/29/2021,NEW,LA,ASW,CE,Towers with Radar,0,10,63,6,79,0,6,41,2,49,0,16,104,8,128,4,0,4,132
10/30/2021,NEW,LA,ASW,CE,Towers with Radar,0,12,75,5,92,0,11,102,1,114,0,23,177,6,206,118,0,118,324
10/31/2021,NEW,LA,ASW,CE,Towers with Radar,0,24,73,5,102,0,0,79,5,84,0,24,152,10,186,74,0,74,260
11/01/2021,NEW,LA,ASW,CE,Towers with Radar,0,17,85,1,103,0,0,90,0,90,0,17,175,1,193,70,0,70,263
11/02/2021,NEW,LA,ASW,CE,Towers with Radar,0,6,61,8,75,0,3,87,3,93,0,9,148,11,168,114,0,114,282
11/03/2021,NEW,LA,ASW,CE,Towers with Radar,0,11,48,1,60,0,1,41,1,43,0,12,89,2,103,24,0,24,127
11/04/2021,NEW,LA,ASW,CE,Towers with Radar,0,26,72,4,102,0,0,41,2,43,0,26,113,6,145,84,0,84,229
11/05/2021,NEW,LA,ASW,CE,Towers with Radar,0,13,107,20,140,0,1,26,3,30,0,14,133,23,170,132,0,132,302
11/06/2021,NEW,LA,ASW,CE,Towers with Radar,0,13,53,0,66,0,4,102,1,107,0,17,155,1,173,92,10,102,275
11/07/2021,NEW,LA,ASW,CE,Towers with Radar,0,28,107,5,140,0,8,95,13,116,0,36,202,18,256,98,4,102,358
11/08/2021,NEW,LA,ASW,CE,Towers with Radar,0,11,55,8,74,0,1,68,2,71,0,12,123,10,145,42,10,52,197
11/09/2021,NEW,LA,ASW,CE,Towers with Radar,0,12,43,0,55,0,3,56,5,64,0,15,99,5,119,112,0,112,231
11/10/2021,NEW,LA,ASW,CE,Towers with Radar,0,15,78,4,97,0,3,48,2,53,0,18,126,6,150,54,0,54,204
11/11/2021,NEW,LA,ASW,CE,Towers with Radar,0,29,80,0,109,0,8,51,0,59,0,37,131,0,168,42,0,42,210
11/12/2021,NEW,LA,ASW,CE,Towers with Radar,0,25,105,0,130,0,4,99,0,103,0,29,204,0,233,138,0,138,371
11/13/2021,NEW,LA,ASW,CE,Towers with Radar,0,19,60,0,79,0,5,79,0,84,0,24,139,0,163,46,0,46,209
11/14/2021,NEW,LA,ASW,CE,Towers with Radar,0,32,116,2,150,0,4,97,0,101,0,36,213,2,251,76,0,76,327
11/15/2021,NEW,LA,ASW,CE,Towers with Radar,0,12,53,3,68,0,10,61,2,73,0,22,114,5,141,75,24,99,240
11/16/2021,NEW,LA,ASW,CE,Towers with Radar,0,14,51,2,67,0,6,65,3,74,0,20,116,5,141,114,18,132,273
11/17/2021,NEW,LA,ASW,CE,Towers with Radar,0,12,58,6,76,0,7,60,2,69,0,19,118,8,145,80,0,80,225
11/18/2021,NEW,LA,ASW,CE,Towers with Radar,0,12,50,2,64,0,2,31,5,38,0,14,81,7,102,66,0,66,168
11/19/2021,NEW,LA,ASW,CE,Towers with Radar,0,5,65,6,76,0,8,88,2,98,0,13,153,8,174,82,0,82,256
11/20/2021,NEW,LA,ASW,CE,Towers with Radar,0,10,52,0,62,0,9,79,0,88,0,19,131,0,150,52,0,52,202
11/21/2021,NEW,LA,ASW,CE,Towers with Radar,0,12,74,7,93,0,4,87,1,92,0,16,161,8,185,76,0,76,261
11/22/2021,NEW,LA,ASW,CE,Towers with Radar,0,10,42,5,57,0,3,36,3,42,0,13,78,8,99,2,0,2,101
11/23/2021,NEW,LA,ASW,CE,Towers with Radar,0,10,68,2,80,0,6,93,8,107,0,16,161,10,187,90,0,90,277
11/24/2021,NEW,LA,ASW,CE,Towers with Radar,0,10,69,2,81,0,2,97,0,99,0,12,166,2,180,72,0,72,252
11/25/2021,NEW,LA,ASW,CE,Towers with Radar,0,6,20,0,26,0,0,12,0,12,0,6,32,0,38,88,0,88,126
11/26/2021,NEW,LA,ASW,CE,Towers with Radar,0,16,43,0,59,0,5,38,0,43,0,21,81,0,102,60,0,60,162
11/27/2021,NEW,LA,ASW,CE,Towers with Radar,0,17,35,1,53,0,5,64,3,72,0,22,99,4,125,94,0,94,219
11/28/2021,NEW,LA,ASW,CE,Towers with Radar,0,20,96,0,116,0,3,63,0,66,0,23,159,0,182,106,0,106,288
11/29/2021,NEW,LA,ASW,CE,Towers with Radar,1,17,53,4,75,0,4,57,2,63,1,21,110,6,138,54,12,66,204
11/30/2021,NEW,LA,ASW,CE,Towers with Radar,0,16,56,9,81,0,4,84,4,92,0,20,140,13,173,132,12,144,317
12/01/2021,NEW,LA,ASW,CE,Towers with Radar,0,13,64,4,81,0,6,62,3,71,0,19,126,7,152,72,0,72,224
12/02/2021,NEW,LA,ASW,CE,Towers with Radar,0,32,122,5,159,0,4,69,4,77,0,36,191,9,236,102,6,108,344
12/03/2021,NEW,LA,ASW,CE,Towers with Radar,0,22,117,5,144,0,4,47,1,52,0,26,164,6,196,28,0,28,224
12/04/2021,NEW,LA,ASW,CE,Towers with Radar,0,20,57,1,78,0,9,75,6,90,0,29,132,7,168,58,0,58,226
12/05/2021,NEW,LA,ASW,CE,Towers with Radar,0,17,80,13,110,0,6,74,1,81,0,23,154,14,191,56,0,56,247
12/06/2021,NEW,LA,ASW,CE,Towers with Radar,0,8,45,4,57,0,0,26,1,27,0,8,71,5,84,88,2,90,174
12/07/2021,NEW,LA,ASW,CE,Towers with Radar,0,6,44,14,64,0,0,0,0,0,0,6,44,14,64,0,0,0,64
12/08/2021,NEW,LA,ASW,CE,Towers with Radar,0,16,54,0,70,0,6,30,0,36,0,22,84,0,106,14,0,14,120
12/09/2021,NEW,LA,ASW,CE,Towers with Radar,0,15,92,2,109,0,3,21,3,27,0,18,113,5,136,66,26,92,228
12/10/2021,NEW,LA,ASW,CE,Towers with Radar,0,12,97,0,109,0,1,45,2,48,0,13,142,2,157,52,0,52,209
12/11/2021,NEW,LA,ASW,CE,Towers with Radar,0,12,44,2,58,0,12,28,1,41,0,24,72,3,99,12,0,12,111
12/12/2021,NEW,LA,ASW,CE,Towers with Radar,0,17,78,5,100,0,5,99,1,105,0,22,177,6,205,108,0,108,313
12/13/2021,NEW,LA,ASW,CE,Towers with Radar,0,13,58,4,75,0,3,32,0,35,0,16,90,4,110,76,6,82,192
12/14/2021,NEW,LA,ASW,CE,Towers with Radar,0,11,66,4,81,0,2,22,0,24,0,13,88,4,105,30,0,30,135
12/15/2021,NEW,LA,ASW,CE,Towers with Radar,0,5,43,6,54,0,2,56,6,64,0,7,99,12,118,162,12,174,292
12/16/2021,NEW,LA,ASW,CE,Towers with Radar,0,8,75,5,88,0,7,46,3,56,0,15,121,8,144,118,0,118,262
12/17/2021,NEW,LA,ASW,CE,Towers with Radar,0,16,69,3,88,0,0,5,0,5,0,16,74,3,93,0,0,0,93
12/18/2021,NEW,LA,ASW,CE,Towers with Radar,0,4,26,2,32,0,1,15,0,16,0,5,41,2,48,8,0,8,56
12/19/2021,NEW,LA,ASW,CE,Towers with Radar,0,21,96,5,122,0,0,10,0,10,0,21,106,5,132,0,0,0,132
12/20/2021,NEW,LA,ASW,CE,Towers with Radar,0,8,34,2,44,0,2,44,2,48,0,10,78,4,92,16,0,16,108
12/21/2021,NEW,LA,ASW,CE,Towers with Radar,0,15,54,3,72,0,4,43,1,48,0,19,97,4,120,60,0,60,180
12/22/2021,NEW,LA,ASW,CE,Towers with Radar,0,9,36,7,52,0,6,55,2,63,0,15,91,9,115,18,0,18,133
12/23/2021,NEW,LA,ASW,CE,Towers with Radar,0,12,31,0,43,0,7,54,0,61,0,19,85,0,104,62,0,62,166
12/24/2021,NEW,LA,ASW,CE,Towers with Radar,0,5,25,0,30,0,6,27,0,33,0,11,52,0,63,28,0,28,91
12/25/2021,NEW,LA,ASW,CE,Towers with Radar,0,8,8,0,16,0,1,9,0,10,0,9,17,0,26,0,0,0,26
12/26/2021,NEW,LA,ASW,CE,Towers with Radar,0,6,66,0,72,0,5,52,0,57,0,11,118,0,129,52,0,52,181
12/27/2021,NEW,LA,ASW,CE,Towers with Radar,0,11,63,4,78,0,2,49,0,51,0,13,112,4,129,58,0,58,187
12/28/2021,NEW,LA,ASW,CE,Towers with Radar,0,11,46,0,57,0,1,27,0,28,0,12,73,0,85,0,0,0,85
12/29/2021,NEW,LA,ASW,CE,Towers with Radar,0,6,52,2,60,0,4,25,1,30,0,10,77,3,90,4,0,4,94
12/30/2021,NEW,LA,ASW,CE,Towers with Radar,0,15,92,7,114,0,2,46,1,49,0,17,138,8,163,26,0,26,189
12/31/2021,NEW,LA,ASW,CE,Towers with Radar,0,17,112,0,129,0,10,26,0,36,0,27,138,0,165,38,0,38,203
01/01/2022,NEW,LA,ASW,CE,Towers with Radar,0,22,83,0,105,0,2,7,0,9,0,24,90,0,114,0,0,0,114
01/02/2022,NEW,LA,ASW,CE,Towers with Radar,0,29,154,1,184,0,6,2,3,11,0,35,156,4,195,0,0,0,195
01/03/2022,NEW,LA,ASW,CE,Towers with Radar,0,9,98,0,107,0,4,56,0,60,0,13,154,0,167,23,0,23,190
01/04/2022,NEW,LA,ASW,CE,Towers with Radar,0,9,45,2,56,0,7,64,2,73,0,16,109,4,129,64,0,64,193
01/05/2022,NEW,LA,ASW,CE,Towers with Radar,0,3,47,2,52,0,8,60,0,68,0,11,107,2,120,34,0,34,154
01/06/2022,NEW,LA,ASW,CE,Towers with Radar,0,12,48,5,65,0,7,32,1,40,0,19,80,6,105,16,0,16,121
01/07/2022,NEW,LA,ASW,CE,Towers with Radar,0,9,34,3,46,0,6,50,2,58,0,15,84,5,104,92,0,92,196
01/08/2022,NEW,LA,ASW,CE,Towers with Radar,0,8,36,4,48,0,4,63,0,67,0,12,99,4,115,84,0,84,199
01/09/2022,NEW,LA,ASW,CE,Towers with Radar,0,9,31,2,42,0,2,21,0,23,0,11,52,2,65,6,0,6,71
01/10/2022,NEW,LA,ASW,CE,Towers with Radar,0,4,45,0,49,0,5,32,4,41,0,9,77,4,90,28,0,28,118
01/11/2022,NEW,LA,ASW,CE,Towers with Radar,0,4,44,4,52,0,6,45,4,55,0,10,89,8,107,60,0,60,167
01/12/2022,NEW,LA,ASW,CE,Towers with Radar,0,12,40,0,52,0,4,80,0,84,0,16,120,0,136,88,0,88,224
01/13/2022,NEW,LA,ASW,CE,Towers with Radar,0,8,70,9,87,0,13,80,0,93,0,21,150,9,180,96,0,96,276
01/14/2022,NEW,LA,ASW,CE,Towers with Radar,0,10,43,11,64,0,10,88,8,106,0,20,131,19,170,102,10,112,282
01/15/2022,NEW,LA,ASW,CE,Towers with Radar,0,7,17,7,31,0,3,20,0,23,0,10,37,7,54,0,0,0,54
01/16/2022,NEW,LA,ASW,CE,Towers with Radar,0,0,13,3,16,0,1,14,4,19,0,1,27,7,35,0,0,0,35
01/17/2022,NEW,LA,ASW,CE,Towers with Radar,0,15,54,3,72,0,5,80,0,85,0,20,134,3,157,122,0,122,279
01/18/2022,NEW,LA,ASW,CE,Towers with Radar,0,9,49,12,70,0,2,76,3,81,0,11,125,15,151,76,0,76,227
01/19/2022,NEW,LA,ASW,CE,Towers with Radar,0,10,65,4,79,0,5,60,0,65,0,15,125,4,144,82,0,82,226
01/20/2022,NEW,LA,ASW,CE,Towers with Radar,0,9,34,3,46,0,0,0,1,1,0,9,34,4,47,0,6,6,53
01/21/2022,NEW,LA,ASW,CE,Towers with Radar,0,15,34,7,56,0,6,41,4,51,0,21,75,11,107,22,12,34,141
01/22/2022,NEW,LA,ASW,CE,Towers with Radar,0,10,48,6,64,0,9,92,3,104,0,19,140,9,168,144,0,144,312
01/23/2022,NEW,LA,ASW,CE,Towers with Radar,0,9,49,2,60,0,4,78,5,87,0,13,127,7,147,160,0,160,307
01/24/2022,NEW,LA,ASW,CE,Towers with Radar,0,6,21,7,34,0,2,38,1,41,0,8,59,8,75,76,0,76,151
01/25/2022,NEW,LA,ASW,CE,Towers with Radar,0,7,39,2,48,0,0,4,0,4,0,7,43,2,52,16,0,16,68
01/26/2022,NEW,LA,ASW,CE,Towers with Radar,0,14,52,10,76,0,8,73,1,82,0,22,125,11,158,102,4,106,264
01/27/2022,NEW,LA,ASW,CE,Towers with Radar,0,4,63,9,76,0,9,65,3,77,0,13,128,12,153,94,0,94,247
01/28/2022,NEW,LA,ASW,CE,Towers with Radar,0,12,54,8,74,0,2,47,12,61,0,14,101,20,135,22,0,22,157
01/29/2022,NEW,LA,ASW,CE,Towers with Radar,0,14,45,1,60,0,11,103,2,116,0,25,148,3,176,100,0,100,276
01/30/2022,NEW,LA,ASW,CE,Towers with Radar,0,7,54,8,69,0,0,83,3,86,0,7,137,11,155,82,0,82,237
01/31/2022,NEW,LA,ASW,CE,Towers with Radar,0,7,60,5,72,0,9,44,0,53,0,16,104,5,125,76,0,76,201
02/01/2022,NEW,LA,ASW,CE,Towers with Radar,0,12,47,6,65,0,3,23,2,28,0,15,70,8,93,48,0,48,141
02/02/2022,NEW,LA,ASW,CE,Towers with Radar,0,7,67,5,79,0,0,0,0,0,0,7,67,5,79,0,0,0,79
02/03/2022,NEW,LA,ASW,CE,Towers with Radar,0,6,18,0,24,0,0,0,0,0,0,6,18,0,24,0,0,0,24
02/04/2022,NEW,LA,ASW,CE,Towers with Radar,0,7,55,0,62,0,0,2,0,2,0,7,57,0,64,0,0,0,64
02/05/2022,NEW,LA,ASW,CE,Towers with Radar,0,7,48,4,59,0,5,76,1,82,0,12,124,5,141,156,0,156,297
02/06/2022,NEW,LA,ASW,CE,Towers with Radar,0,8,70,10,88,0,6,96,3,105,0,14,166,13,193,122,0,122,315
02/07/2022,NEW,LA,ASW,CE,Towers with Radar,0,8,42,8,58,0,7,45,1,53,0,15,87,9,111,50,0,50,161
02/08/2022,NEW,LA,ASW,CE,Towers with Radar,0,7,59,5,71,0,4,60,5,69,0,11,119,10,140,120,4,124,264
02/09/2022,NEW,LA,ASW,CE,Towers with Radar,0,9,54,5,68,0,3,71,2,76,0,12,125,7,144,114,0,114,258
02/10/2022,NEW,LA,ASW,CE,Towers with Radar,0,6,67,5,78,0,14,80,4,98,0,20,147,9,176,82,0,82,258
02/11/2022,NEW,LA,ASW,CE,Towers with Radar,0,11,70,5,86,0,13,84,0,97,0,24,154,5,183,42,0,42,225
02/12/2022,NEW,LA,ASW,CE,Towers with Radar,0,10,35,8,53,0,4,95,1,100,0,14,130,9,153,60,0,60,213
02/13/2022,NEW,LA,ASW,CE,Towers with Radar,0,7,63,1,71,0,4,103,1,108,0,11,166,2,179,88,0,88,267
02/14/2022,NEW,LA,ASW,CE,Towers with Radar,0,2,44,7,53,0,3,119,2,124,0,5,163,9,177,88,0,88,265
02/15/2022,NEW,LA,ASW,CE,Towers with Radar,0,9,52,8,69,0,6,74,2,82,0,15,126,10,151,52,12,64,215
02/16/2022,NEW,LA,ASW,CE,Towers with Radar,0,7,52,2,61,0,4,33,0,37,0,11,85,2,98,54,0,54,152
02/17/2022,NEW,LA,ASW,CE,Towers with Radar,0,8,48,0,56,0,3,0,0,3,0,11,48,0,59,0,0,0,59
02/18/2022,NEW,LA,ASW,CE,Towers with Radar,0,8,64,23,95,0,5,51,4,60,0,13,115,27,155,58,0,58,213
02/19/2022,NEW,LA,ASW,CE,Towers with Radar,0,12,52,3,67,0,4,103,7,114,0,16,155,10,181,80,0,80,261
02/20/2022,NEW,LA,ASW,CE,Towers with Radar,0,9,75,16,100,0,8,87,8,103,0,17,162,24,203,64,0,64,267
02/21/2022,NEW,LA,ASW,CE,Towers with Radar,0,11,71,3,85,0,6,46,0,52,0,17,117,3,137,84,0,84,221
02/22/2022,NEW,LA,ASW,CE,Towers with Radar,0,13,75,9,97,0,2,32,0,34,0,15,107,9,131,50,0,50,181
02/23/2022,NEW,LA,ASW,CE,Towers with Radar,0,14,61,4,79,0,7,38,2,47,0,21,99,6,126,58,0,58,184
02/24/2022,NEW,LA,ASW,CE,Towers with Radar,0,26,70,2,98,0,2,47,5,54,0,28,117,7,152,62,0,62,214
02/25/2022,NEW,LA,ASW,CE,Towers with Radar,0,20,130,24,174,0,12,17,9,38,0,32,147,33,212,44,0,44,256
02/26/2022,NEW,LA,ASW,CE,Towers with Radar,0,26,69,3,98,0,7,29,4,40,0,33,98,7,138,54,0,54,192
02/27/2022,NEW,LA,ASW,CE,Towers with Radar,0,20,101,7,128,0,13,23,4,40,0,33,124,11,168,26,0,26,194
02/28/2022,NEW,LA,ASW,CE,Towers with Radar,0,18,77,2,97,0,9,62,0,71,0,27,139,2,168,92,0,92,260
03/01/2022,NEW,LA,ASW,CE,Towers with Radar,1,15,37,16,69,0,15,61,7,83,1,30,98,23,152,50,6,56,208
03/02/2022,NEW,LA,ASW,CE,Towers with Radar,0,12,85,2,99,0,13,64,3,80,0,25,149,5,179,68,34,102,281
03/03/2022,NEW,LA,ASW,CE,Towers with Radar,0,9,68,7,84,0,12,83,5,100,0,21,151,12,184,56,26,82,266
03/04/2022,NEW,LA,ASW,CE,Towers with Radar,0,23,86,5,114,0,14,72,2,88,0,37,158,7,202,100,8,108,310
03/05/2022,NEW,LA,ASW,CE,Towers with Radar,0,21,54,3,78,0,5,82,2,89,0,26,136,5,167,98,0,98,265
03/06/2022,NEW,LA,ASW,CE,Towers with Radar,0,26,96,7,129,0,1,50,1,52,0,27,146,8,181,90,0,90,271
03/07/2022,NEW,LA,ASW,CE,Towers with Radar,0,14,37,2,53,0,8,35,0,43,0,22,72,2,96,46,0,46,142
03/08/2022,NEW,LA,ASW,CE,Towers with Radar,0,10,42,7,59,0,0,5,0,5,0,10,47,7,64,0,0,0,64
03/09/2022,NEW,LA,ASW,CE,Towers with Radar,0,13,54,2,69,0,0,15,4,19,0,13,69,6,88,74,14,88,176
03/10/2022,NEW,LA,ASW,CE,Towers with Radar,0,3,75,13,91,0,0,84,6,90,0,3,159,19,181,74,0,74,255
03/11/2022,NEW,LA,ASW,CE,Towers with Radar,0,9,69,5,83,0,1,3,0,4,0,10,72,5,87,0,0,0,87
03/12/2022,NEW,LA,ASW,CE,Towers with Radar,0,8,45,1,54,0,1,57,0,58,0,9,102,1,112,16,0,16,128
03/13/2022,NEW,LA,ASW,CE,Towers with Radar,0,17,70,4,91,0,3,89,0,92,0,20,159,4,183,202,0,202,385
03/14/2022,NEW,LA,ASW,CE,Towers with Radar,0,14,45,0,59,0,11,54,0,65,0,25,99,0,124,76,0,76,200
03/15/2022,NEW,LA,ASW,CE,Towers with Radar,0,13,64,9,86,0,6,59,3,68,0,19,123,12,154,42,12,54,208
03/16/2022,NEW,LA,ASW,CE,Towers with Radar,0,11,86,2,99,0,5,43,2,50,0,16,129,4,149,104,0,104,253
03/17/2022,NEW,LA,ASW,CE,Towers with Radar,0,25,77,0,102,0,10,79,1,90,0,35,156,1,192,162,0,162,354
03/18/2022,NEW,LA,ASW,CE,Towers with Radar,0,27,74,10,111,0,7,41,7,55,0,34,115,17,166,0,14,14,180
03/19/2022,NEW,LA,ASW,CE,Towers with Radar,0,6,52,0,58,0,5,119,4,128,0,11,171,4,186,161,0,161,347
03/20/2022,NEW,LA,ASW,CE,Towers with Radar,0,26,79,2,107,0,0,89,2,91,0,26,168,4,198,138,0,138,336
03/21/2022,NEW,LA,ASW,CE,Towers with Radar,0,11,38,4,53,0,3,52,2,57,0,14,90,6,110,28,0,28,138
03/22/2022,NEW,LA,ASW,CE,Towers with Radar,0,10,13,0,23,0,0,1,0,1,0,10,14,0,24,0,0,0,24
03/23/2022,NEW,LA,ASW,CE,Towers with Radar,0,22,58,3,83,0,4,60,7,71,0,26,118,10,154,64,0,64,218
03/24/2022,NEW,LA,ASW,CE,Towers with Radar,0,28,93,23,144,0,5,74,5,84,0,33,167,28,228,120,24,144,372
03/25/2022,NEW,LA,ASW,CE,Towers with Radar,0,14,73,15,102,0,10,78,2,90,0,24,151,17,192,116,0,116,308
03/26/2022,NEW,LA,ASW,CE,Towers with Radar,0,16,52,6,74,0,5,88,7,100,0,21,140,13,174,88,10,98,272
03/27/2022,NEW,LA,ASW,CE,Towers with Radar,0,20,81,4,105,0,6,95,5,106,0,26,176,9,211,92,8,100,311
03/28/2022,NEW,LA,ASW,CE,Towers with Radar,0,9,64,12,85,0,2,44,1,47,0,11,108,13,132,54,2,56,188
03/29/2022,NEW,LA,ASW,CE,Towers with Radar,0,10,69,2,81,0,3,47,2,52,0,13,116,4,133,36,10,46,179
03/30/2022,NEW,LA,ASW,CE,Towers with Radar,0,9,44,0,53,0,0,2,0,2,0,9,46,0,55,6,12,18,73
03/31/2022,NEW,LA,ASW,CE,Towers with Radar,0,26,70,4,100,0,10,87,3,100,0,36,157,7,200,94,2,96,296
04/01/2022,NEW,LA,ASW,CE,Towers with Radar,0,109,156,2,267,0,1,25,0,26,0,110,181,2,293,0,0,0,293
04/02/2022,NEW,LA,ASW,CE,Towers with Radar,0,128,182,0,310,0,2,16,0,18,0,130,198,0,328,0,0,0,328
04/03/2022,NEW,LA,ASW,CE,Towers with Radar,0,109,137,0,246,0,17,45,0,62,0,126,182,0,308,0,0,0,308
04/04/2022,NEW,LA,ASW,CE,Towers with Radar,0,97,140,0,237,0,0,10,1,11,0,97,150,1,248,0,0,0,248
04/05/2022,NEW,LA,ASW,CE,Towers with Radar,0,110,211,1,322,0,3,7,4,14,0,113,218,5,336,0,0,0,336
04/06/2022,NEW,LA,ASW,CE,Towers with Radar,0,18,61,3,82,0,1,45,0,46,0,19,106,3,128,72,6,78,206
04/07/2022,NEW,LA,ASW,CE,Towers with Radar,0,15,67,1,83,0,6,68,7,81,0,21,135,8,164,32,2,34,198
04/08/2022,NEW,LA,ASW,CE,Towers with Radar,0,16,59,3,78,0,4,43,1,48,0,20,102,4,126,0,0,0,126
04/09/2022,NEW,LA,ASW,CE,Towers with Radar,0,17,57,9,83,0,10,111,2,123,0,27,168,11,206,160,0,160,366
04/10/2022,NEW,LA,ASW,CE,Towers with Radar,0,23,65,9,97,0,5,77,1,83,0,28,142,10,180,0,0,0,180
04/11/2022,NEW,LA,ASW,CE,Towers with Radar,0,11,70,2,83,0,5,42,2,49,0,16,112,4,132,56,0,56,188
04/12/2022,NEW,LA,ASW,CE,Towers with Radar,0,14,70,5,89,0,0,34,1,35,0,14,104,6,124,76,2,78,202
04/13/2022,NEW,LA,ASW,CE,Towers with Radar,0,20,53,0,73,0,5,16,0,21,0,25,69,0,94,10,0,10,104
04/14/2022,NEW,LA,ASW,CE,Towers with Radar,0,8,80,7,95,0,6,49,3,58,0,14,129,10,153,90,0,90,243
04/15/2022,NEW,LA,ASW,CE,Towers with Radar,0,25,41,2,68,0,6,67,0,73,0,31,108,2,141,80,0,80,221
04/16/2022,NEW,LA,ASW,CE,Towers with Radar,0,6,48,0,54,0,6,63,0,69,0,12,111,0,123,178,14,192,315
04/17/2022,NEW,LA,ASW,CE,Towers with Radar,0,14,49,4,67,0,4,39,0,43,0,18,88,4,110,66,0,66,176
04/18/2022,NEW,LA,ASW,CE,Towers with Radar,0,12,55,5,72,0,12,48,0,60,0,24,103,5,132,84,18,102,234
04/19/2022,NEW,LA,ASW,CE,Towers with Radar,0,5,77,0,82,0,7,90,2,99,0,12,167,2,181,40,10,50,231
04/20/2022,NEW,LA,ASW,CE,Towers with Radar,0,12,75,12,99,0,5,51,7,63,0,17,126,19,162,31,0,31,193
04/21/2022,NEW,LA,ASW,CE,Towers with Radar,0,10,73,2,85,0,10,80,2,92,0,20,153,4,177,138,16,154,331
04/22/2022,NEW,LA,ASW,CE,Towers with Radar,0,28,80,0,108,0,8,61,5,74,0,36,141,5,182,14,6,20,202
04/23/2022,NEW,LA,ASW,CE,Towers with Radar,0,17,51,0,68,0,4,67,1,72,0,21,118,1,140,58,0,58,198
04/24/2022,NEW,LA,ASW,CE,Towers with Radar,0,24,99,2,125,0,7,55,3,65,0,31,154,5,190,22,0,22,212
04/25/2022,NEW,LA,ASW,CE,Towers with Radar,0,12,44,2,58,0,6,49,0,55,0,18,93,2,113,96,0,96,209
04/26/2022,NEW,LA,ASW,CE,Towers with Radar,0,2,67,6,75,0,7,41,5,53,0,9,108,11,128,102,26,128,256
04/27/2022,NEW,LA,ASW,CE,Towers with Radar,0,8,90,4,102,0,7,77,1,85,0,15,167,5,187,76,0,76,263
04/28/2022,NEW,LA,ASW,CE,Towers with Radar,0,35,111,7,153,0,2,58,2,62,0,37,169,9,215,100,0,100,315
04/29/2022,NEW,LA,ASW,CE,Towers with Radar,0,23,88,13,124,0,6,57,4,67,0,29,145,17,191,54,2,56,247
04/30/2022,NEW,LA,ASW,CE,Towers with Radar,0,10,50,0,60,0,8,82,2,92,0,18,132,2,152,45,0,45,197
05/01/2022,NEW,LA,ASW,CE,Towers with Radar,0,22,77,1,100,0,5,58,1,64,0,27,135,2,164,116,0,116,280
05/02/2022,NEW,LA,ASW,CE,Towers with Radar,0,18,94,4,116,0,12,52,1,65,0,30,146,5,181,134,2,136,317
05/03/2022,NEW,LA,ASW,CE,Towers with Radar,0,12,48,2,62,0,3,59,0,62,0,15,107,2,124,104,0,104,228
05/04/2022,NEW,LA,ASW,CE,Towers with Radar,1,16,68,13,98,0,5,81,4,90,1,21,149,17,188,84,26,110,298
05/05/2022,NEW,LA,ASW,CE,Towers with Radar,0,33,83,1,117,0,9,53,8,70,0,42,136,9,187,116,0,116,303
05/06/2022,NEW,LA,ASW,CE,Towers with Radar,0,25,78,4,107,0,3,49,2,54,0,28,127,6,161,54,0,54,215
05/07/2022,NEW,LA,ASW,CE,Towers with Radar,0,18,47,0,65,0,4,113,0,117,0,22,160,0,182,138,0,138,320
05/08/2022,NEW,LA,ASW,CE,Towers with Radar,0,27,70,3,100,0,3,76,1,80,0,30,146,4,180,56,0,56,236
05/09/2022,NEW,LA,ASW,CE,Towers with Radar,0,30,77,5,112,0,4,46,4,54,0,34,123,9,166,136,8,144,310
05/10/2022,NEW,LA,ASW,CE,Towers with Radar,0,15,48,2,65,0,4,72,2,78,0,19,120,4,143,54,8,62,205
05/11/2022,NEW,LA,ASW,CE,Towers with Radar,0,10,62,2,74,0,4,69,3,76,0,14,131,5,150,104,16,120,270
05/12/2022,NEW,LA,ASW,CE,Towers with Radar,0,15,55,6,76,0,0,80,0,80,0,15,135,6,156,38,0,38,194
05/13/2022,NEW,LA,ASW,CE,Towers with Radar,0,18,57,5,80,0,2,37,4,43,0,20,94,9,123,110,4,114,237
05/14/2022,NEW,LA,ASW,CE,Towers with Radar,0,4,38,0,42,0,4,70,0,74,0,8,108,0,116,118,0,118,234
05/15/2022,NEW,LA,ASW,CE,Towers with Radar,0,16,71,5,92,0,5,74,8,87,0,21,145,13,179,74,0,74,253
05/16/2022,NEW,LA,ASW,CE,Towers with Radar,0,12,36,15,63,0,4,87,9,100,0,16,123,24,163,104,2,106,269
05/17/2022,NEW,LA,ASW,CE,Towers with Radar,0,21,55,2,78,0,13,66,6,85,0,34,121,8,163,88,0,88,251
05/18/2022,NEW,LA,ASW,CE,Towers with Radar,0,8,68,0,76,0,8,70,1,79,0,16,138,1,155,166,0,166,321
05/19/2022,NEW,LA,ASW,CE,Towers with Radar,0,5,88,9,102,0,6,73,7,86,0,11,161,16,188,36,10,46,234
05/20/2022,NEW,LA,ASW,CE,Towers with Radar,0,12,64,14,90,0,5,61,2,68,0,17,125,16,158,50,0,50,208
05/21/2022,NEW,LA,ASW,CE,Towers with Radar,0,5,47,0,52,0,1,19,0,20,0,6,66,0,72,16,0,16,88
05/22/2022,NEW,LA,ASW,CE,Towers with Radar,0,14,74,0,88,0,4,28,4,36,0,18,102,4,124,54,6,60,184
05/23/2022,NEW,LA,ASW,CE,Towers with Radar,0,13,62,9,84,0,1,34,1,36,0,14,96,10,120,98,0,98,218
05/24/2022,NEW,LA,ASW,CE,Towers with Radar,0,15,57,3,75,0,10,47,2,59,0,25,104,5,134,62,0,62,196
05/25/2022,NEW,LA,ASW,CE,Towers with Radar,0,6,31,0,37,0,0,18,0,18,0,6,49,0,55,18,0,18,73
05/26/2022,NEW,LA,ASW,CE,Towers with Radar,0,9,47,3,59,0,2,39,14,55,0,11,86,17,114,56,0,56,170
05/27/2022,NEW,LA,ASW,CE,Towers with Radar,0,13,74,0,87,0,8,100,1,109,0,21,174,1,196,104,0,104,300
05/28/2022,NEW,LA,ASW,CE,Towers with Radar,0,7,23,0,30,0,5,96,2,103,0,12,119,2,133,74,8,82,215
05/29/2022,NEW,LA,ASW,CE,Towers with Radar,0,7,47,9,63,0,3,86,1,90,0,10,133,10,153,96,0,96,249
05/30/2022,NEW,LA,ASW,CE,Towers with Radar,0,9,50,3,62,0,5,57,0,62,0,14,107,3,124,62,0,62,186
05/31/2022,NEW,LA,ASW,CE,Towers with Radar,0,8,40,6,54,0,1,59,2,62,0,9,99,8,116,124,0,124,240
06/01/2022,NEW,LA,ASW,CE,Towers with Radar,0,4,46,1,51,0,6,44,5,55,0,10,90,6,106,76,10,86,192
06/02/2022,NEW,LA,ASW,CE,Towers with Radar,0,9,60,3,72,0,2,78,7,87,0,11,138,10,159,78,0,78,237
06/03/2022,NEW,LA,ASW,CE,Towers with Radar,0,5,62,0,67,0,6,58,2,66,0,11,120,2,133,148,0,148,281
06/04/2022,NEW,LA,ASW,CE,Towers with Radar,0,8,40,0,48,0,8,86,0,94,0,16,126,0,142,72,12,84,226
06/05/2022,NEW,LA,ASW,CE,Towers with Radar,0,14,65,2,81,0,2,42,6,50,0,16,107,8,131,64,0,64,195
06/06/2022,NEW,LA,ASW,CE,Towers with Radar,0,12,43,11,66,0,4,61,6,71,0,16,104,17,137,72,6,78,215
06/07/2022,NEW,LA,ASW,CE,Towers with Radar,0,11,44,6,61,0,2,64,6,72,0,13,108,12,133,96,0,96,229
06/08/2022,NEW,LA,ASW,CE,Towers with Radar,0,8,60,3,71,0,6,69,6,81,0,14,129,9,152,150,4,154,306
06/09/2022,NEW,LA,ASW,CE,Towers with Radar,0,19,56,7,82,0,4,62,6,72,0,23,118,13,154,70,14,84,238
06/10/2022,NEW,LA,ASW,CE,Towers with Radar,0,10,29,3,42,0,3,9,0,12,0,13,38,3,54,0,0,0,54
06/11/2022,NEW,LA,ASW,CE,Towers with Radar,0,13,51,7,71,0,2,54,1,57,0,15,105,8,128,70,0,70,198
06/12/2022,NEW,LA,ASW,CE,Towers with Radar,0,21,65,6,92,0,3,45,2,50,0,24,110,8,142,78,0,78,220
06/13/2022,NEW,LA,ASW,CE,Towers with Radar,0,10,38,2,50,0,5,49,0,54,0,15,87,2,104,88,0,88,192
06/14/2022,NEW,LA,ASW,CE,Towers with Radar,0,16,38,8,62,0,5,59,8,72,0,21,97,16,134,54,0,54,188
06/15/2022,NEW,LA,ASW,CE,Towers with Radar,0,8,49,5,62,0,11,89,13,113,0,19,138,18,175,60,12,72,247
06/16/2022,NEW,LA,ASW,CE,Towers with Radar,0,2,39,5,46,0,4,58,5,67,0,6,97,10,113,62,0,62,175
06/17/2022,NEW,LA,ASW,CE,Towers with Radar,0,15,54,3,72,0,5,81,2,88,0,20,135,5,160,114,0,114,274
06/18/2022,NEW,LA,ASW,CE,Towers with Radar,0,2,43,0,45,0,3,107,0,110,0,5,150,0,155,128,0,128,283
06/19/2022,NEW,LA,ASW,CE,Towers with Radar,0,4,53,2,59,0,5,91,0,96,0,9,144,2,155,102,0,102,257
06/20/2022,NEW,LA,ASW,CE,Towers with Radar,0,8,31,3,42,0,13,80,1,94,0,21,111,4,136,106,0,106,242
06/21/2022,NEW,LA,ASW,CE,Towers with Radar,0,3,38,4,45,0,3,77,3,83,0,6,115,7,128,38,0,38,166
06/22/2022,NEW,LA,ASW,CE,Towers with Radar,0,5,57,5,67,0,4,85,4,93,0,9,142,9,160,110,0,110,270
06/23/2022,NEW,LA,ASW,CE,Towers with Radar,0,16,45,5,66,0,6,66,4,76,0,22,111,9,142,94,0,94,236
06/24/2022,NEW,LA,ASW,CE,Towers with Radar,0,4,52,5,61,0,3,91,3,97,0,7,143,8,158,102,0,102,260
06/25/2022,NEW,LA,ASW,CE,Towers with Radar,0,11,40,2,53,0,4,77,0,81,0,15,117,2,134,74,0,74,208
06/26/2022,NEW,LA,ASW,CE,Towers with Radar,0,3,42,7,52,0,4,33,0,37,0,7,75,7,89,16,0,16,105
06/27/2022,NEW,LA,ASW,CE,Towers with Radar,0,9,38,0,47,0,12,30,0,42,0,21,68,0,89,72,0,72,161
06/28/2022,NEW,LA,ASW,CE,Towers with Radar,0,3,48,1,52,0,4,50,2,56,0,7,98,3,108,62,4,66,174
06/29/2022,NEW,LA,ASW,CE,Towers with Radar,0,6,39,1,46,0,4,58,0,62,0,10,97,1,108,73,0,73,181
06/30/2022,NEW,LA,ASW,CE,Towers with Radar,0,10,52,0,62,0,0,30,1,31,0,10,82,1,93,42,0,42,135
07/01/2022,NEW,LA,ASW,CE,Towers with Radar,0,11,34,0,45,0,3,27,0,30,0,14,61,0,75,52,0,52,127
07/02/2022,NEW,LA,ASW,CE,Towers with Radar,0,18,22,0,40,0,8,44,0,52,0,26,66,0,92,56,0,56,148
07/03/2022,NEW,LA,ASW,CE,Towers with Radar,0,10,32,6,48,0,3,34,2,39,0,13,66,8,87,44,8,52,139
07/04/2022,NEW,LA,ASW,CE,Towers with Radar,0,5,18,0,23,0,6,13,3,22,0,11,31,3,45,42,2,44,89
07/05/2022,NEW,LA,ASW,CE,Towers with Radar,0,4,43,0,47,0,0,16,0,16,0,4,59,0,63,14,0,14,77
07/06/2022,NEW,LA,ASW,CE,Towers with Radar,0,4,28,1,33,0,2,45,5,52,0,6,73,6,85,70,0,70,155
07/07/2022,NEW,LA,ASW,CE,Towers with Radar,0,4,19,9,32,0,2,72,0,74,0,6,91,9,106,48,0,48,154
07/08/2022,NEW,LA,ASW,CE,Towers with Radar,0,13,25,8,46,0,8,80,7,95,0,21,105,15,141,84,0,84,225
07/09/2022,NEW,LA,ASW,CE,Towers with Radar,0,6,26,8,40,0,3,88,2,93,0,9,114,10,133,58,0,58,191
07/10/2022,NEW,LA,ASW,CE,Towers with Radar,0,4,21,1,26,0,2,49,5,56,0,6,70,6,82,124,0,124,206
07/11/2022,NEW,LA,ASW,CE,Towers with Radar,0,9,21,0,30,0,2,65,3,70,0,11,86,3,100,120,32,152,252
07/12/2022,NEW,LA,ASW,CE,Towers with Radar,0,7,33,0,40,0,3,52,1,56,0,10,85,1,96,76,0,76,172
07/13/2022,NEW,LA,ASW,CE,Towers with Radar,0,13,35,3,51,0,7,80,4,91,0,20,115,7,142,136,0,136,278
07/14/2022,NEW,LA,ASW,CE,Towers with Radar,0,4,46,1,51,0,5,45,2,52,0,9,91,3,103,88,16,104,207
07/15/2022,NEW,LA,ASW,CE,Towers with Radar,0,8,29,0,37,0,4,62,3,69,0,12,91,3,106,106,4,110,216
07/16/2022,NEW,LA,ASW,CE,Towers with Radar,0,6,22,0,28,0,7,67,0,74,0,13,89,0,102,112,0,112,214
07/17/2022,NEW,LA,ASW,CE,Towers with Radar,0,7,41,0,48,0,6,49,0,55,0,13,90,0,103,154,0,154,257
07/18/2022,NEW,LA,ASW,CE,Towers with Radar,0,6,27,4,37,0,2,48,3,53,0,8,75,7,90,92,0,92,182
07/19/2022,NEW,LA,ASW,CE,Towers with Radar,0,4,20,1,25,0,1,48,1,50,0,5,68,2,75,0,0,0,75
07/20/2022,NEW,LA,ASW,CE,Towers with Radar,0,10,33,0,43,0,1,66,1,68,0,11,99,1,111,96,0,96,207
07/21/2022,NEW,LA,ASW,CE,Towers with Radar,0,3,31,1,35,0,2,58,6,66,0,5,89,7,101,104,4,108,209
07/22/2022,NEW,LA,ASW,CE,Towers with Radar,0,12,34,2,48,0,1,36,1,38,0,13,70,3,86,78,0,78,164
07/23/2022,NEW,LA,ASW,CE,Towers with Radar,0,10,40,0,50,0,6,73,0,79,0,16,113,0,129,52,0,52,181
07/24/2022,NEW,LA,ASW,CE,Towers with Radar,0,10,49,0,59,0,10,65,0,75,0,20,114,0,134,52,0,52,186
07/25/2022,NEW,LA,ASW,CE,Towers with Radar,0,6,39,0,45,0,5,50,1,56,0,11,89,1,101,64,0,64,165
07/26/2022,NEW,LA,ASW,CE,Towers with Radar,0,9,31,8,48,0,2,49,2,53,0,11,80,10,101,112,20,132,233
07/27/2022,NEW,LA,ASW,CE,Towers with Radar,0,14,38,0,52,0,4,63,2,69,0,18,101,2,121,114,8,122,243
07/28/2022,NEW,LA,ASW,CE,Towers with Radar,0,7,44,2,53,0,4,74,0,78,0,11,118,2,131,36,0,36,167
07/29/2022,NEW,LA,ASW,CE,Towers with Radar,0,10,41,4,55,0,2,64,2,68,0,12,105,6,123,78,0,78,201
07/30/2022,NEW,LA,ASW,CE,Towers with Radar,0,4,27,3,34,0,2,71,0,73,0,6,98,3,107,72,0,72,179
07/31/2022,NEW,LA,ASW,CE,Towers with Radar,0,13,49,2,64,0,4,75,1,80,0,17,124,3,144,86,2,88,232
08/01/2022,NEW,LA,ASW,CE,Towers with Radar,0,6,26,0,32,0,1,18,0,19,0,7,44,0,51,0,0,0,51
08/02/2022,NEW,LA,ASW,CE,Towers with Radar,0,4,25,4,33,0,3,32,2,37,0,7,57,6,70,80,10,90,160
08/03/2022,NEW,LA,ASW,CE,Towers with Radar,0,5,39,4,48,0,2,39,3,44,0,7,78,7,92,96,0,96,188
08/04/2022,NEW,LA,ASW,CE,Towers with Radar,0,5,31,0,36,0,0,58,2,60,0,5,89,2,96,82,8,90,186
08/05/2022,NEW,LA,ASW,CE,Towers with Radar,0,8,30,5,43,0,2,54,2,58,0,10,84,7,101,54,0,54,155
08/06/2022,NEW,LA,ASW,CE,Towers with Radar,0,6,26,2,34,0,11,56,0,67,0,17,82,2,101,64,0,64,165
08/07/2022,NEW,LA,ASW,CE,Towers with Radar,0,14,53,0,67,0,9,53,1,63,0,23,106,1,130,206,0,206,336
08/08/2022,NEW,LA,ASW,CE,Towers with Radar,0,6,30,1,37,0,4,47,1,52,0,10,77,2,89,18,0,18,107
08/09/2022,NEW,LA,ASW,CE,Towers with Radar,0,4,35,4,43,0,6,45,4,55,0,10,80,8,98,106,0,106,204
08/10/2022,NEW,LA,ASW,CE,Towers with Radar,0,6,38,0,44,0,3,54,0,57,0,9,92,0,101,102,0,102,203
08/11/2022,NEW,LA,ASW,CE,Towers with Radar,0,16,33,2,51,0,1,75,0,76,0,17,108,2,127,178,0,178,305
08/12/2022,NEW,LA,ASW,CE,Towers with Radar,0,8,34,3,45,0,7,60,3,70,0,15,94,6,115,114,0,114,229
08/13/2022,NEW,LA,ASW,CE,Towers with Radar,0,3,30,2,35,0,9,57,0,66,0,12,87,2,101,106,0,106,207
08/14/2022,NEW,LA,ASW,CE,Towers with Radar,0,8,44,8,60,0,5,82,1,88,0,13,126,9,148,80,0,80,228
08/15/2022,NEW,LA,ASW,CE,Towers with Radar,0,8,47,15,70,0,6,90,3,99,0,14,137,18,169,30,18,48,217
08/16/2022,NEW,LA,ASW,CE,Towers with Radar,0,10,42,0,52,0,0,61,1,62,0,10,103,1,114,82,0,82,196
08/17/2022,NEW,LA,ASW,CE,Towers with Radar,0,11,39,2,52,0,5,76,0,81,0,16,115,2,133,72,0,72,205
08/18/2022,NEW,LA,ASW,CE,Towers with Radar,0,12,38,1,51,0,8,46,1,55,0,20,84,2,106,98,0,98,204
08/19/2022,NEW,LA,ASW,CE,Towers with Radar,0,7,39,0,46,0,3,62,0,65,0,10,101,0,111,130,0,130,241
08/20/2022,NEW,LA,ASW,CE,Towers with Radar,0,8,27,4,39,0,1,52,0,53,0,9,79,4,92,42,14,56,148
08/21/2022,NEW,LA,ASW,CE,Towers with Radar,0,8,43,4,55,0,2,68,0,70,0,10,111,4,125,38,0,38,163
08/22/2022,NEW,LA,ASW,CE,Towers with Radar,0,5,32,3,40,0,0,44,3,47,0,5,76,6,87,104,6,110,197
08/23/2022,NEW,LA,ASW,CE,Towers with Radar,0,4,28,2,34,0,0,22,3,25,0,4,50,5,59,70,0,70,129
08/24/2022,NEW,LA,ASW,CE,Towers with Radar,0,6,22,3,31,0,0,28,1,29,0,6,50,4,60,76,6,82,142
08/25/2022,NEW,LA,ASW,CE,Towers with Radar,0,13,36,0,49,0,0,39,0,39,0,13,75,0,88,120,0,120,208
08/26/2022,NEW,LA,ASW,CE,Towers with Radar,0,3,72,2,77,0,0,60,0,60,0,3,132,2,137,100,0,100,237
08/27/2022,NEW,LA,ASW,CE,Towers with Radar,0,6,30,4,40,0,6,63,3,72,0,12,93,7,112,84,0,84,196
08/28/2022,NEW,LA,ASW,CE,Towers with Radar,0,12,38,4,54,0,9,60,0,69,0,21,98,4,123,110,0,110,233
08/29/2022,NEW,LA,ASW,CE,Towers with Radar,0,5,40,3,48,0,10,49,3,62,0,15,89,6,110,152,0,152,262
08/30/2022,NEW,LA,ASW,CE,Towers with Radar,0,9,43,0,52,0,4,47,1,52,0,13,90,1,104,58,0,58,162
08/31/2022,NEW,LA,ASW,CE,Towers with Radar,0,2,30,5,37,0,5,72,4,81,0,7,102,9,118,172,0,172,290
09/01/2022,NEW,LA,ASW,CE,Towers with Radar,0,3,53,2,58,0,5,87,1,93,0,8,140,3,151,106,0,106,257
09/02/2022,NEW,LA,ASW,CE,Towers with Radar,0,18,100,2,120,0,5,67,5,77,0,23,167,7,197,174,0,174,371
09/03/2022,NEW,LA,ASW,CE,Towers with Radar,0,11,56,0,67,0,1,26,0,27,0,12,82,0,94,38,0,38,132
09/04/2022,NEW,LA,ASW,CE,Towers with Radar,0,11,59,0,70,0,6,78,0,84,0,17,137,0,154,70,0,70,224
09/05/2022,NEW,LA,ASW,CE,Towers with Radar,0,25,130,0,155,0,3,60,0,63,0,28,190,0,218,56,0,56,274
09/06/2022,NEW,LA,ASW,CE,Towers with Radar,0,10,27,4,41,0,7,72,1,80,0,17,99,5,121,138,0,138,259
09/07/2022,NEW,LA,ASW,CE,Towers with Radar,0,8,27,3,38,0,3,57,2,62,0,11,84,5,100,48,0,48,148
09/08/2022,NEW,LA,ASW,CE,Towers with Radar,0,10,34,1,45,0,4,66,6,76,0,14,100,7,121,132,10,142,263
09/09/2022,NEW,LA,ASW,CE,Towers with Radar,0,5,53,0,58,0,8,57,1,66,0,13,110,1,124,88,0,88,212
09/10/2022,NEW,LA,ASW,CE,Towers with Radar,0,1,28,1,30,0,9,58,3,70,0,10,86,4,100,90,6,96,196
09/11/2022,NEW,LA,ASW,CE,Towers with Radar,0,7,56,7,70,0,5,96,2,103,0,12,152,9,173,114,6,120,293
09/12/2022,NEW,LA,ASW,CE,Towers with Radar,0,4,33,4,41,0,7,71,3,81,0,11,104,7,122,76,6,82,204
09/13/2022,NEW,LA,ASW,CE,Towers with Radar,0,14,32,7,53,0,6,80,2,88,0,20,112,9,141,90,0,90,231
09/14/2022,NEW,LA,ASW,CE,Towers with Radar,0,17,50,2,69,0,5,72,4,81,0,22,122,6,150,104,8,112,262
09/15/2022,NEW,LA,ASW,CE,Towers with Radar,0,19,41,9,69,0,5,78,3,86,0,24,119,12,155,110,8,118,273
09/16/2022,NEW,LA,ASW,CE,Towers with Radar,0,14,55,8,77,0,9,76,3,88,0,23,131,11,165,70,0,70,235
09/17/2022,NEW,LA,ASW,CE,Towers with Radar,0,7,43,2,52,0,7,97,0,104,0,14,140,2,156,66,0,66,222
09/18/2022,NEW,LA,ASW,CE,Towers with Radar,0,12,82,4,98,0,3,71,6,80,0,15,153,10,178,48,0,48,226
09/19/2022,NEW,LA,ASW,CE,Towers with Radar,0,2,43,0,45,0,3,55,1,59,0,5,98,1,104,64,24,88,192
09/20/2022,NEW,LA,ASW,CE,Towers with Radar,0,3,37,4,44,0,2,92,5,99,0,5,129,9,143,116,0,116,259
09/21/2022,NEW,LA,ASW,CE,Towers with Radar,0,8,37,6,51,0,1,55,4,60,0,9,92,10,111,152,0,152,263
09/22/2022,NEW,LA,ASW,CE,Towers with Radar,0,16,49,3,68,0,4,56,1,61,0,20,105,4,129,184,0,184,313
09/23/2022,NEW,LA,ASW,CE,Towers with Radar,0,8,60,9,77,0,8,83,1,92,0,16,143,10,169,138,0,138,307
09/24/2022,NEW,LA,ASW,CE,Towers with Radar,0,12,26,2,40,0,11,102,0,113,0,23,128,2,153,100,0,100,253
09/25/2022,NEW,LA,ASW,CE,Towers with Radar,0,15,61,4,80,0,6,81,4,91,0,21,142,8,171,114,0,114,285
09/26/2022,NEW,LA,ASW,CE,Towers with Radar,0,11,33,7,51,0,3,54,3,60,0,14,87,10,111,108,32,140,251
09/27/2022,NEW,LA,ASW,CE,Towers with Radar,0,2,46,4,52,0,3,45,0,48,0,5,91,4,100,48,22,70,170
09/28/2022,NEW,LA,ASW,CE,Towers with Radar,0,3,37,2,42,0,1,30,0,31,0,4,67,2,73,8,0,8,81
09/29/2022,NEW,LA,ASW,CE,Towers with Radar,0,3,44,9,56,0,1,46,11,58,0,4,90,20,114,42,0,42,156
09/30/2022,NEW,LA,ASW,CE,Towers with Radar,0,1,53,8,62,0,2,89,2,93,0,3,142,10,155,140,0,140,295
10/01/2022,NEW,LA,ASW,CE,Towers with Radar,0,2,32,6,40,0,2,87,0,89,0,4,119,6,129,104,0,104,233
10/02/2022,NEW,LA,ASW,CE,Towers with Radar,0,10,48,2,60,0,5,93,4,102,0,15,141,6,162,100,0,100,262
10/03/2022,NEW,LA,ASW,CE,Towers with Radar,0,5,34,6,45,0,12,61,2,75,0,17,95,8,120,124,20,144,264
10/04/2022,NEW,LA,ASW,CE,Towers with Radar,0,5,25,0,30,0,5,69,1,75,0,10,94,1,105,154,0,154,259
10/05/2022,NEW,LA,ASW,CE,Towers with Radar,0,17,50,8,75,0,8,70,0,78,0,25,120,8,153,122,0,122,275
10/06/2022,NEW,LA,ASW,CE,Towers with Radar,0,17,75,3,95,0,5,70,2,77,0,22,145,5,172,188,0,188,360
10/07/2022,NEW,LA,ASW,CE,Towers with Radar,0,17,66,8,91,0,10,87,1,98,0,27,153,9,189,98,0,98,287
10/08/2022,NEW,LA,ASW,CE,Towers with Radar,0,8,60,2,70,0,8,66,1,75,0,16,126,3,145,52,0,52,197
10/09/2022,NEW,LA,ASW,CE,Towers with Radar,0,23,101,1,125,0,6,60,3,69,0,29,161,4,194,30,0,30,224
10/10/2022,NEW,LA,ASW,CE,Towers with Radar,0,10,60,1,71,0,7,78,0,85,0,17,138,1,156,60,0,60,216
10/11/2022,NEW,LA,ASW,CE,Towers with Radar,0,8,68,4,80,0,3,78,0,81,0,11,146,4,161,196,0,196,357
10/12/2022,NEW,LA,ASW,CE,Towers with Radar,0,14,64,0,78,0,3,25,2,30,0,17,89,2,108,88,0,88,196
10/13/2022,NEW,LA,ASW,CE,Towers with Radar,0,7,55,17,79,0,3,69,9,81,0,10,124,26,160,156,28,184,344
10/14/2022,NEW,LA,ASW,CE,Towers with Radar,0,10,82,5,97,0,8,98,2,108,0,18,180,7,205,44,0,44,249
10/15/2022,NEW,LA,ASW,CE,Towers with Radar,0,11,59,3,73,0,15,121,3,139,0,26,180,6,212,96,0,96,308
10/16/2022,NEW,LA,ASW,CE,Towers with Radar,0,21,124,0,145,0,2,58,0,60,0,23,182,0,205,108,0,108,313
10/17/2022,NEW,LA,ASW,CE,Towers with Radar,0,7,52,1,60,0,3,58,3,64,0,10,110,4,124,92,0,92,216
10/18/2022,NEW,LA,ASW,CE,Towers with Radar,0,3,58,0,61,0,5,58,4,67,0,8,116,4,128,60,0,60,188
10/19/2022,NEW,LA,ASW,CE,Towers with Radar,0,13,43,1,57,0,3,93,2,98,0,16,136,3,155,110,0,110,265
10/20/2022,NEW,LA,ASW,CE,Towers with Radar,0,31,62,12,105,0,5,83,3,91,0,36,145,15,196,76,0,76,272
10/21/2022,NEW,LA,ASW,CE,Towers with Radar,0,19,101,1,121,0,8,109,3,120,0,27,210,4,241,72,0,72,313
10/22/2022,NEW,LA,ASW,CE,Towers with Radar,0,14,38,1,53,0,9,75,5,89,0,23,113,6,142,106,6,112,254
10/23/2022,NEW,LA,ASW,CE,Towers with Radar,0,35,105,1,141,0,11,92,8,111,0,46,197,9,252,30,0,30,282
10/24/2022,NEW,LA,ASW,CE,Towers with Radar,0,10,52,5,67,0,2,65,1,68,0,12,117,6,135,158,0,158,293
10/25/2022,NEW,LA,ASW,CE,Towers with Radar,0,10,34,4,48,0,4,40,0,44,0,14,74,4,92,126,0,126,218
10/26/2022,NEW,LA,ASW,CE,Towers with Radar,0,7,78,8,93,0,10,88,4,102,0,17,166,12,195,222,0,222,417
10/27/2022,NEW,LA,ASW,CE,Towers with Radar,0,23,70,1,94,0,6,74,2,82,0,29,144,3,176,136,10,146,322
10/28/2022,NEW,LA,ASW,CE,Towers with Radar,0,12,62,3,77,0,5,70,1,76,0,17,132,4,153,112,0,112,265
10/29/2022,NEW,LA,ASW,CE,Towers with Radar,0,14,42,0,56,0,2,21,0,23,0,16,63,0,79,18,0,18,97
10/30/2022,NEW,LA,ASW,CE,Towers with Radar,0,22,71,0,93,0,15,54,1,70,0,37,125,1,163,84,0,84,247
10/31/2022,NEW,LA,ASW,CE,Towers with Radar,0,8,28,6,42,0,6,60,3,69,0,14,88,9,111,134,8,142,253
11/01/2022,NEW,LA,ASW,CE,Towers with Radar,0,7,66,2,75,0,4,66,0,70,0,11,132,2,145,140,0,140,285
11/02/2022,NEW,LA,ASW,CE,Towers with Radar,0,14,54,11,79,0,4,79,5,88,0,18,133,16,167,172,8,180,347
11/03/2022,NEW,LA,ASW,CE,Towers with Radar,0,19,71,4,94,0,10,46,5,61,0,29,117,9,155,72,4,76,231
11/04/2022,NEW,LA,ASW,CE,Towers with Radar,0,24,86,12,122,0,2,23,2,27,0,26,109,14,149,30,0,30,179
11/05/2022,NEW,LA,ASW,CE,Towers with Radar,0,8,27,0,35,0,0,0,0,0,0,8,27,0,35,2,0,2,37
11/06/2022,NEW,LA,ASW,CE,Towers with Radar,0,11,88,6,105,0,7,60,1,68,0,18,148,7,173,102,0,102,275
11/07/2022,NEW,LA,ASW,CE,Towers with Radar,0,15,65,3,83,0,4,35,0,39,0,19,100,3,122,164,4,168,290
11/08/2022,NEW,LA,ASW,CE,Towers with Radar,0,17,69,6,92,0,4,49,4,57,0,21,118,10,149,108,6,114,263
11/09/2022,NEW,LA,ASW,CE,Towers with Radar,0,9,64,5,78,0,3,65,6,74,0,12,129,11,152,78,2,80,232
11/10/2022,NEW,LA,ASW,CE,Towers with Radar,0,10,62,5,77,0,3,73,1,77,0,13,135,6,154,56,0,56,210
11/11/2022,NEW,LA,ASW,CE,Towers with Radar,0,8,61,6,75,0,6,68,11,85,0,14,129,17,160,238,0,238,398
11/12/2022,NEW,LA,ASW,CE,Towers with Radar,0,5,55,2,62,0,2,14,0,16,0,7,69,2,78,2,0,2,80
11/13/2022,NEW,LA,ASW,CE,Towers with Radar,0,22,87,8,117,0,12,70,0,82,0,34,157,8,199,52,0,52,251
11/14/2022,NEW,LA,ASW,CE,Towers with Radar,0,11,44,0,55,0,6,37,0,43,0,17,81,0,98,62,0,62,160
11/15/2022,NEW,LA,ASW,CE,Towers with Radar,0,8,50,6,64,0,1,9,0,10,0,9,59,6,74,4,0,4,78
11/16/2022,NEW,LA,ASW,CE,Towers with Radar,0,7,70,5,82,0,0,42,5,47,0,7,112,10,129,64,2,66,195
11/17/2022,NEW,LA,ASW,CE,Towers with Radar,0,10,70,5,85,0,2,69,2,73,0,12,139,7,158,96,0,96,254
11/18/2022,NEW,LA,ASW,CE,Towers with Radar,0,10,85,5,100,0,11,85,1,97,0,21,170,6,197,134,4,138,335
11/19/2022,NEW,LA,ASW,CE,Towers with Radar,0,13,42,2,57,0,6,26,0,32,0,19,68,2,89,26,0,26,115
11/20/2022,NEW,LA,ASW,CE,Towers with Radar,0,18,100,7,125,0,4,73,2,79,0,22,173,9,204,42,0,42,246
11/21/2022,NEW,LA,ASW,CE,Towers with Radar,0,7,61,6,74,0,6,64,0,70,0,13,125,6,144,102,0,102,246
11/22/2022,NEW,LA,ASW,CE,Towers with Radar,0,8,55,4,67,0,0,56,2,58,0,8,111,6,125,170,0,170,295
11/23/2022,NEW,LA,ASW,CE,Towers with Radar,0,11,60,2,73,0,0,74,0,74,0,11,134,2,147,116,18,134,281
11/24/2022,NEW,LA,ASW,CE,Towers with Radar,0,4,8,0,12,0,0,5,0,5,0,4,13,0,17,26,0,26,43
11/25/2022,NEW,LA,ASW,CE,Towers with Radar,0,5,23,1,29,0,0,0,0,0,0,5,23,1,29,0,0,0,29
11/26/2022,NEW,LA,ASW,CE,Towers with Radar,0,3,22,0,25,0,0,0,0,0,0,3,22,0,25,0,0,0,25
11/27/2022,NEW,LA,ASW,CE,Towers with Radar,0,9,74,0,83,0,12,105,0,117,0,21,179,0,200,112,0,112,312
11/28/2022,NEW,LA,ASW,CE,Towers with Radar,0,7,30,2,39,0,4,37,0,41,0,11,67,2,80,96,0,96,176
11/29/2022,NEW,LA,ASW,CE,Towers with Radar,0,14,55,3,72,0,0,7,0,7,0,14,62,3,79,10,10,20,99
11/30/2022,NEW,LA,ASW,CE,Towers with Radar,0,8,72,10,90,0,3,50,2,55,0,11,122,12,145,40,0,40,185
12/01/2022,NEW,LA,ASW,CE,Towers with Radar,0,6,77,5,88,0,1,52,2,55,0,7,129,7,143,91,0,91,234
12/02/2022,NEW,LA,ASW,CE,Towers with Radar,0,21,78,4,103,0,0,92,1,93,0,21,170,5,196,96,0,96,292
12/03/2022,NEW,LA,ASW,CE,Towers with Radar,0,26,54,2,82,0,1,2,0,3,0,27,56,2,85,0,0,0,85
12/04/2022,NEW,LA,ASW,CE,Towers with Radar,0,20,54,1,75,0,0,1,0,1,0,20,55,1,76,0,0,0,76
12/05/2022,NEW,LA,ASW,CE,Towers with Radar,0,11,59,4,74,0,1,18,1,20,0,12,77,5,94,14,0,14,108
12/06/2022,NEW,LA,ASW,CE,Towers with Radar,0,9,54,3,66,0,0,48,3,51,0,9,102,6,117,126,8,134,251
12/07/2022,NEW,LA,ASW,CE,Towers with Radar,0,7,59,7,73,0,1,48,5,54,0,8,107,12,127,107,14,121,248
12/08/2022,NEW,LA,ASW,CE,Towers with Radar,0,16,49,5,70,0,1,26,1,28,0,17,75,6,98,56,0,56,154
12/09/2022,NEW,LA,ASW,CE,Towers with Radar,0,17,75,8,100,0,7,53,2,62,0,24,128,10,162,138,0,138,300
12/10/2022,NEW,LA,ASW,CE,Towers with Radar,0,8,50,2,60,0,3,47,0,50,0,11,97,2,110,152,0,152,262
12/11/2022,NEW,LA,ASW,CE,Towers with Radar,0,13,49,3,65,0,5,8,1,14,0,18,57,4,79,16,0,16,95
12/12/2022,NEW,LA,ASW,CE,Towers with Radar,0,17,36,5,58,0,0,50,0,50,0,17,86,5,108,138,0,138,246
12/13/2022,NEW,LA,ASW,CE,Towers with Radar,0,8,26,0,34,0,2,17,0,19,0,10,43,0,53,42,0,42,95
12/14/2022,NEW,LA,ASW,CE,Towers with Radar,0,10,18,0,28,0,0,0,0,0,0,10,18,0,28,22,0,22,50
12/15/2022,NEW,LA,ASW,CE,Towers with Radar,0,15,66,7,88,0,4,72,4,80,0,19,138,11,168,78,0,78,246
12/16/2022,NEW,LA,ASW,CE,Towers with Radar,0,12,56,2,70,0,11,82,5,98,0,23,138,7,168,110,12,122,290
12/17/2022,NEW,LA,ASW,CE,Towers with Radar,0,11,52,12,75,0,13,58,5,76,0,24,110,17,151,56,18,74,225
12/18/2022,NEW,LA,ASW,CE,Towers with Radar,0,12,92,0,104,0,4,67,1,72,0,16,159,1,176,60,0,60,236
12/19/2022,NEW,LA,ASW,CE,Towers with Radar,0,3,46,0,49,0,3,28,0,31,0,6,74,0,80,24,8,32,112
12/20/2022,NEW,LA,ASW,CE,Towers with Radar,0,7,29,0,36,0,0,8,0,8,0,7,37,0,44,0,0,0,44
12/21/2022,NEW,LA,ASW,CE,Towers with Radar,0,5,52,6,63,0,0,0,0,0,0,5,52,6,63,0,0,0,63
12/22/2022,NEW,LA,ASW,CE,Towers with Radar,0,10,53,10,73,0,5,52,0,57,0,15,105,10,130,130,0,130,260
12/23/2022,NEW,LA,ASW,CE,Towers with Radar,0,12,23,1,36,0,0,25,1,26,0,12,48,2,62,10,0,10,72
12/24/2022,NEW,LA,ASW,CE,Towers with Radar,0,3,9,0,12,0,2,9,0,11,0,5,18,0,23,0,0,0,23
12/25/2022,NEW,LA,ASW,CE,Towers with Radar,0,7,6,0,13,0,2,10,0,12,0,9,16,0,25,0,0,0,25
12/26/2022,NEW,LA,ASW,CE,Towers with Radar,0,5,64,2,71,0,7,80,2,89,0,12,144,4,160,92,0,92,252
12/27/2022,NEW,LA,ASW,CE,Towers with Radar,0,3,46,2,51,0,5,111,0,116,0,8,157,2,167,164,0,164,331
12/28/2022,NEW,LA,ASW,CE,Towers with Radar,0,8,70,5,83,0,0,75,1,76,0,8,145,6,159,80,4,84,243
12/29/2022,NEW,LA,ASW,CE,Towers with Radar,0,12,71,2,85,0,8,79,0,87,0,20,150,2,172,160,0,160,332
12/30/2022,NEW,LA,ASW,CE,Towers with Radar,0,9,38,0,47,0,1,2,0,3,0,10,40,0,50,0,0,0,50
12/31/2022,NEW,LA,ASW,CE,Towers with Radar,0,14,59,0,73,0,4,4,0,8,0,18,63,0,81,6,0,6,87
01/01/2023,NEW,LA,ASW,CE,Towers with Radar,0,16,72,0,88,0,0,2,0,2,0,16,74,0,90,0,0,0,90
01/02/2023,NEW,LA,ASW,CE,Towers with Radar,0,10,59,4,73,0,3,5,0,8,0,13,64,4,81,50,0,50,131
01/03/2023,NEW,LA,ASW,CE,Towers with Radar,0,8,13,2,23,0,1,0,0,1,0,9,13,2,24,0,0,0,24
01/04/2023,NEW,LA,ASW,CE,Towers with Radar,0,9,43,0,52,0,10,73,2,85,0,19,116,2,137,154,0,154,291
01/05/2023,NEW,LA,ASW,CE,Towers with Radar,0,5,44,2,51,0,5,110,2,117,0,10,154,4,168,144,4,148,316
01/06/2023,NEW,LA,ASW,CE,Towers with Radar,0,9,64,9,82,0,22,95,1,118,0,31,159,10,200,204,10,214,414
01/07/2023,NEW,LA,ASW,CE,Towers with Radar,0,13,47,8,68,0,14,128,2,144,0,27,175,10,212,74,2,76,288
01/08/2023,NEW,LA,ASW,CE,Towers with Radar,0,6,66,4,76,0,0,24,3,27,0,6,90,7,103,30,0,30,133
01/09/2023,NEW,LA,ASW,CE,Towers with Radar,0,8,36,3,47,0,2,71,6,79,0,10,107,9,126,110,6,116,242
01/10/2023,NEW,LA,ASW,CE,Towers with Radar,0,3,32,4,39,0,6,61,2,69,0,9,93,6,108,170,22,192,300
01/11/2023,NEW,LA,ASW,CE,Towers with Radar,0,14,57,4,75,0,2,21,2,25,0,16,78,6,100,44,0,44,144
01/12/2023,NEW,LA,ASW,CE,Towers with Radar,0,5,46,5,56,0,7,27,0,34,0,12,73,5,90,26,0,26,116
01/13/2023,NEW,LA,ASW,CE,Towers with Radar,0,12,73,3,88,0,14,68,5,87,0,26,141,8,175,56,0,56,231
01/14/2023,NEW,LA,ASW,CE,Towers with Radar,0,4,46,3,53,0,15,97,1,113,0,19,143,4,166,86,0,86,252
01/15/2023,NEW,LA,ASW,CE,Towers with Radar,0,11,61,4,76,0,17,96,0,113,0,28,157,4,189,84,0,84,273
01/16/2023,NEW,LA,ASW,CE,Towers with Radar,0,6,64,5,75,0,11,70,0,81,0,17,134,5,156,28,0,28,184
01/17/2023,NEW,LA,ASW,CE,Towers with Radar,0,11,47,6,64,0,7,53,3,63,0,18,100,9,127,52,0,52,179
01/18/2023,NEW,LA,ASW,CE,Towers with Radar,0,12,56,2,70,0,4,39,2,45,0,16,95,4,115,18,0,18,133
01/19/2023,NEW,LA,ASW,CE,Towers with Radar,0,9,51,8,68,0,8,100,8,116,0,17,151,16,184,136,2,138,322
01/20/2023,NEW,LA,ASW,CE,Towers with Radar,0,8,56,5,69,0,13,89,8,110,0,21,145,13,179,124,0,124,303
01/21/2023,NEW,LA,ASW,CE,Towers with Radar,0,12,33,3,48,0,9,30,0,39,0,21,63,3,87,24,0,24,111
01/22/2023,NEW,LA,ASW,CE,Towers with Radar,0,13,59,12,84,0,4,6,3,13,0,17,65,15,97,4,0,4,101
01/23/2023,NEW,LA,ASW,CE,Towers with Radar,0,8,67,9,84,0,6,69,0,75,0,14,136,9,159,134,0,134,293
01/24/2023,NEW,LA,ASW,CE,Towers with Radar,0,4,25,1,30,0,1,10,0,11,0,5,35,1,41,2,0,2,43
01/25/2023,NEW,LA,ASW,CE,Towers with Radar,0,10,44,7,61,0,3,27,4,34,0,13,71,11,95,6,10,16,111
01/26/2023,NEW,LA,ASW,CE,Towers with Radar,0,15,47,2,64,0,4,83,1,88,0,19,130,3,152,118,8,126,278
01/27/2023,NEW,LA,ASW,CE,Towers with Radar,0,13,55,4,72,0,0,96,6,102,0,13,151,10,174,144,0,144,318
01/28/2023,NEW,LA,ASW,CE,Towers with Radar,0,13,53,1,67,0,10,69,2,81,0,23,122,3,148,52,0,52,200
01/29/2023,NEW,LA,ASW,CE,Towers with Radar,0,9,38,0,47,0,0,2,0,2,0,9,40,0,49,12,0,12,61
01/30/2023,NEW,LA,ASW,CE,Towers with Radar,0,9,43,2,54,0,1,5,0,6,0,10,48,2,60,32,0,32,92
01/31/2023,NEW,LA,ASW,CE,Towers with Radar,0,2,34,3,39,0,0,21,0,21,0,2,55,3,60,30,0,30,90
02/01/2023,NEW,LA,ASW,CE,Towers with Radar,0,6,64,3,73,0,0,0,0,0,0,6,64,3,73,0,0,0,73
02/02/2023,NEW,LA,ASW,CE,Towers with Radar,0,10,32,1,43,0,0,0,0,0,0,10,32,1,43,0,0,0,43
02/03/2023,NEW,LA,ASW,CE,Towers with Radar,0,14,88,7,109,0,13,75,2,90,0,27,163,9,199,144,0,144,343
02/04/2023,NEW,LA,ASW,CE,Towers with Radar,0,10,53,2,65,0,9,99,1,109,0,19,152,3,174,90,0,90,264
02/05/2023,NEW,LA,ASW,CE,Towers with Radar,0,6,51,0,57,0,8,83,2,93,0,14,134,2,150,94,0,94,244
02/06/2023,NEW,LA,ASW,CE,Towers with Radar,0,8,37,6,51,0,6,94,8,108,0,14,131,14,159,164,6,170,329
02/07/2023,NEW,LA,ASW,CE,Towers with Radar,0,17,73,0,90,0,2,43,0,45,0,19,116,0,135,54,0,54,189
02/08/2023,NEW,LA,ASW,CE,Towers with Radar,0,7,70,4,81,0,2,7,0,9,0,9,77,4,90,16,0,16,106
02/09/2023,NEW,LA,ASW,CE,Towers with Radar,0,9,76,4,89,0,3,49,0,52,0,12,125,4,141,136,0,136,277
02/10/2023,NEW,LA,ASW,CE,Towers with Radar,0,21,82,3,106,0,6,66,1,73,0,27,148,4,179,76,0,76,255
02/11/2023,NEW,LA,ASW,CE,Towers with Radar,0,7,46,0,53,0,1,41,2,44,0,8,87,2,97,100,0,100,197
02/12/2023,NEW,LA,ASW,CE,Towers with Radar,0,22,63,6,91,0,8,89,0,97,0,30,152,6,188,66,0,66,254
02/13/2023,NEW,LA,ASW,CE,Towers with Radar,0,15,30,1,46,0,8,101,0,109,0,23,131,1,155,184,0,184,339
02/14/2023,NEW,LA,ASW,CE,Towers with Radar,0,8,40,2,50,0,6,71,0,77,0,14,111,2,127,36,0,36,163
02/15/2023,NEW,LA,ASW,CE,Towers with Radar,0,20,63,4,87,0,8,72,5,85,0,28,135,9,172,66,0,66,238
02/16/2023,NEW,LA,ASW,CE,Towers with Radar,0,23,53,0,76,0,0,6,5,11,0,23,59,5,87,36,12,48,135
02/17/2023,NEW,LA,ASW,CE,Towers with Radar,0,44,125,1,170,0,6,58,3,67,0,50,183,4,237,5,0,5,242
02/18/2023,NEW,LA,ASW,CE,Towers with Radar,0,20,60,0,80,0,7,101,4,112,0,27,161,4,192,64,0,64,256
02/19/2023,NEW,LA,ASW,CE,Towers with Radar,0,28,80,0,108,0,10,91,0,101,0,38,171,0,209,62,0,62,271
02/20/2023,NEW,LA,ASW,CE,Towers with Radar,0,21,119,0,140,0,11,39,2,52,0,32,158,2,192,32,0,32,224
02/21/2023,NEW,LA,ASW,CE,Towers with Radar,0,4,45,4,53,0,21,21,5,47,0,25,66,9,100,58,0,58,158
02/22/2023,NEW,LA,ASW,CE,Towers with Radar,0,21,57,17,95,0,6,14,3,23,0,27,71,20,118,20,0,20,138
02/23/2023,NEW,LA,ASW,CE,Towers with Radar,0,15,59,4,78,0,4,37,0,41,0,19,96,4,119,44,0,44,163
02/24/2023,NEW,LA,ASW,CE,Towers with Radar,0,15,51,2,68,0,1,31,0,32,0,16,82,2,100,50,0,50,150
02/25/2023,NEW,LA,ASW,CE,Towers with Radar,0,7,43,1,51,0,16,80,0,96,0,23,123,1,147,72,0,72,219
02/26/2023,NEW,LA,ASW,CE,Towers with Radar,0,17,73,12,102,0,1,61,1,63,0,18,134,13,165,62,0,62,227
02/27/2023,NEW,LA,ASW,CE,Towers with Radar,0,13,61,2,76,0,5,16,0,21,0,18,77,2,97,0,0,0,97
02/28/2023,NEW,LA,ASW,CE,Towers with Radar,0,8,58,2,68,0,7,63,1,71,0,15,121,3,139,166,0,166,305
03/01/2023,NEW,LA,ASW,CE,Towers with Radar,0,9,69,2,80,0,13,56,3,72,0,22,125,5,152,116,0,116,268
03/02/2023,NEW,LA,ASW,CE,Towers with Radar,0,15,42,2,59,0,0,38,1,39,0,15,80,3,98,150,0,150,248
03/03/2023,NEW,LA,ASW,CE,Towers with Radar,0,5,51,9,65,0,6,31,1,38,0,11,82,10,103,16,0,16,119
03/04/2023,NEW,LA,ASW,CE,Towers with Radar,0,9,50,0,59,0,14,138,0,152,0,23,188,0,211,174,0,174,385
03/05/2023,NEW,LA,ASW,CE,Towers with Radar,0,14,53,10,77,0,15,89,4,108,0,29,142,14,185,140,0,140,325
03/06/2023,NEW,LA,ASW,CE,Towers with Radar,0,11,42,6,59,0,9,39,0,48,0,20,81,6,107,110,0,110,217
03/07/2023,NEW,LA,ASW,CE,Towers with Radar,0,12,49,2,63,0,6,73,1,80,0,18,122,3,143,148,0,148,291
03/08/2023,NEW,LA,ASW,CE,Towers with Radar,0,16,67,8,91,0,5,44,0,49,0,21,111,8,140,194,0,194,334
03/09/2023,NEW,LA,ASW,CE,Towers with Radar,0,25,65,5,95,0,4,92,5,101,0,29,157,10,196,54,0,54,250
03/10/2023,NEW,LA,ASW,CE,Towers with Radar,0,18,82,5,105,0,3,71,1,75,0,21,153,6,180,82,0,82,262
03/11/2023,NEW,LA,ASW,CE,Towers with Radar,0,10,58,1,69,0,17,124,2,143,0,27,182,3,212,152,0,152,364
03/12/2023,NEW,LA,ASW,CE,Towers with Radar,0,13,62,5,80,0,2,50,3,55,0,15,112,8,135,40,0,40,175
03/13/2023,NEW,LA,ASW,CE,Towers with Radar,0,12,50,2,64,0,6,64,0,70,0,18,114,2,134,90,0,90,224
03/14/2023,NEW,LA,ASW,CE,Towers with Radar,0,12,36,1,49,0,3,81,3,87,0,15,117,4,136,108,0,108,244
03/15/2023,NEW,LA,ASW,CE,Towers with Radar,0,12,44,2,58,0,7,87,1,95,0,19,131,3,153,160,0,160,313
03/16/2023,NEW,LA,ASW,CE,Towers with Radar,0,13,72,2,87,0,4,93,7,104,0,17,165,9,191,148,8,156,347
03/17/2023,NEW,LA,ASW,CE,Towers with Radar,0,10,39,0,49,0,1,6,0,7,0,11,45,0,56,28,0,28,84
03/18/2023,NEW,LA,ASW,CE,Towers with Radar,0,12,32,0,44,0,8,76,2,86,0,20,108,2,130,144,0,144,274
03/19/2023,NEW,LA,ASW,CE,Towers with Radar,0,15,61,0,76,0,8,66,0,74,0,23,127,0,150,98,0,98,248
03/20/2023,NEW,LA,ASW,CE,Towers with Radar,0,20,46,1,67,0,4,74,3,81,0,24,120,4,148,152,2,154,302
03/21/2023,NEW,LA,ASW,CE,Towers with Radar,0,8,43,0,51,0,4,88,6,98,0,12,131,6,149,136,16,152,301
03/22/2023,NEW,LA,ASW,CE,Towers with Radar,0,10,57,7,74,0,4,81,4,89,0,14,138,11,163,234,0,234,397
03/23/2023,NEW,LA,ASW,CE,Towers with Radar,0,18,92,8,118,0,7,61,2,70,0,25,153,10,188,144,0,144,332
03/24/2023,NEW,LA,ASW,CE,Towers with Radar,0,22,75,11,108,0,7,22,1,30,0,29,97,12,138,4,0,4,142
03/25/2023,NEW,LA,ASW,CE,Towers with Radar,0,21,63,3,87,0,9,107,2,118,0,30,170,5,205,74,0,74,279
03/26/2023,NEW,LA,ASW,CE,Towers with Radar,0,13,86,3,102,0,4,15,2,21,0,17,101,5,123,44,2,46,169
03/27/2023,NEW,LA,ASW,CE,Towers with Radar,0,10,29,0,39,0,1,31,2,34,0,11,60,2,73,76,6,82,155
03/28/2023,NEW,LA,ASW,CE,Towers with Radar,0,11,31,2,44,0,3,22,3,28,0,14,53,5,72,114,0,114,186
03/29/2023,NEW,LA,ASW,CE,Towers with Radar,0,3,47,4,54,0,5,82,1,88,0,8,129,5,142,94,0,94,236
03/30/2023,NEW,LA,ASW,CE,Towers with Radar,0,15,61,6,82,0,2,85,5,92,0,17,146,11,174,88,0,88,262
03/31/2023,NEW,LA,ASW,CE,Towers with Radar,0,24,72,4,100,0,5,28,0,33,0,29,100,4,133,38,8,46,179
04/01/2023,NEW,LA,ASW,CE,Towers with Radar,0,14,51,0,65,0,11,77,5,93,0,25,128,5,158,194,0,194,352
04/02/2023,NEW,LA,ASW,CE,Towers with Radar,0,15,107,2,124,0,5,59,3,67,0,20,166,5,191,62,0,62,253
04/03/2023,NEW,LA,ASW,CE,Towers with Radar,0,13,59,13,85,0,6,27,2,35,0,19,86,15,120,22,0,22,142
04/04/2023,NEW,LA,ASW,CE,Towers with Radar,0,14,53,7,74,0,2,53,0,55,0,16,106,7,129,20,0,20,149
04/05/2023,NEW,LA,ASW,CE,Towers with Radar,0,14,61,2,77,0,1,36,0,37,0,15,97,2,114,120,0,120,234
04/06/2023,NEW,LA,ASW,CE,Towers with Radar,0,16,64,2,82,0,4,47,0,51,0,20,111,2,133,256,0,256,389
04/07/2023,NEW,LA,ASW,CE,Towers with Radar,0,13,24,1,38,0,0,0,0,0,0,13,24,1,38,2,0,2,40
04/08/2023,NEW,LA,ASW,CE,Towers with Radar,0,12,40,3,55,0,10,30,2,42,0,22,70,5,97,74,0,74,171
04/09/2023,NEW,LA,ASW,CE,Towers with Radar,0,5,38,4,47,0,8,7,0,15,0,13,45,4,62,30,0,30,92
04/10/2023,NEW,LA,ASW,CE,Towers with Radar,0,11,52,4,67,0,4,73,0,77,0,15,125,4,144,170,0,170,314
04/11/2023,NEW,LA,ASW,CE,Towers with Radar,0,5,28,0,33,0,6,52,0,58,0,11,80,0,91,68,0,68,159
04/12/2023,NEW,LA,ASW,CE,Towers with Radar,0,6,46,8,60,0,0,35,1,36,0,6,81,9,96,82,0,82,178
04/13/2023,NEW,LA,ASW,CE,Towers with Radar,0,15,56,0,71,0,6,64,1,71,0,21,120,1,142,72,0,72,214
04/14/2023,NEW,LA,ASW,CE,Towers with Radar,0,13,64,4,81,0,2,88,2,92,0,15,152,6,173,220,2,222,395
04/15/2023,NEW,LA,ASW,CE,Towers with Radar,0,10,55,4,69,0,2,17,0,19,0,12,72,4,88,38,0,38,126
04/16/2023,NEW,LA,ASW,CE,Towers with Radar,0,16,66,7,89,0,11,82,3,96,0,27,148,10,185,56,4,60,245
04/17/2023,NEW,LA,ASW,CE,Towers with Radar,0,20,56,3,79,0,5,116,5,126,0,25,172,8,205,182,2,184,389
04/18/2023,NEW,LA,ASW,CE,Towers with Radar,0,10,64,2,76,0,10,90,4,104,0,20,154,6,180,173,0,173,353
04/19/2023,NEW,LA,ASW,CE,Towers with Radar,0,20,58,1,79,0,7,77,5,89,0,27,135,6,168,136,20,156,324
04/20/2023,NEW,LA,ASW,CE,Towers with Radar,0,21,81,1,103,0,5,97,1,103,0,26,178,2,206,134,0,134,340
04/21/2023,NEW,LA,ASW,CE,Towers with Radar,0,17,62,7,86,0,2,57,0,59,0,19,119,7,145,96,0,96,241
04/22/2023,NEW,LA,ASW,CE,Towers with Radar,0,16,49,1,66,0,37,140,3,180,0,53,189,4,246,126,0,126,372
04/23/2023,NEW,LA,ASW,CE,Towers with Radar,0,28,73,8,109,0,5,112,3,120,0,33,185,11,229,74,0,74,303
04/24/2023,NEW,LA,ASW,CE,Towers with Radar,0,10,41,0,51,0,9,72,2,83,0,19,113,2,134,188,0,188,322
04/25/2023,NEW,LA,ASW,CE,Towers with Radar,0,10,46,3,59,0,7,83,6,96,0,17,129,9,155,198,12,210,365
04/26/2023,NEW,LA,ASW,CE,Towers with Radar,0,7,62,6,75,0,2,51,5,58,0,9,113,11,133,72,0,72,205
04/27/2023,NEW,LA,ASW,CE,Towers with Radar,0,28,78,2,108,0,2,39,0,41,0,30,117,2,149,62,0,62,211
04/28/2023,NEW,LA,ASW,CE,Towers with Radar,0,17,89,10,116,0,7,109,0,116,0,24,198,10,232,248,0,248,480
04/29/2023,NEW,LA,ASW,CE,Towers with Radar,0,16,30,0,46,0,0,32,0,32,0,16,62,0,78,42,0,42,120
04/30/2023,NEW,LA,ASW,CE,Towers with Radar,0,32,79,5,116,0,12,114,1,127,0,44,193,6,243,42,0,42,285
05/01/2023,NEW,LA,ASW,CE,Towers with Radar,0,9,86,5,100,0,9,78,7,94,0,18,164,12,194,126,10,136,330
05/02/2023,NEW,LA,ASW,CE,Towers with Radar,0,14,48,2,64,0,6,80,0,86,0,20,128,2,150,214,0,214,364
05/03/2023,NEW,LA,ASW,CE,Towers with Radar,0,14,87,0,101,0,4,77,5,86,0,18,164,5,187,106,0,106,293
05/04/2023,NEW,LA,ASW,CE,Towers with Radar,0,21,104,8,133,0,15,81,9,105,0,36,185,17,238,220,6,226,464
05/05/2023,NEW,LA,ASW,CE,Towers with Radar,0,28,82,0,110,0,5,36,0,41,0,33,118,0,151,114,0,114,265
05/06/2023,NEW,LA,ASW,CE,Towers with Radar,0,19,18,0,37,0,1,8,0,9,0,20,26,0,46,12,0,12,58
05/07/2023,NEW,LA,ASW,CE,Towers with Radar,0,30,92,0,122,0,9,74,0,83,0,39,166,0,205,82,0,82,287
05/08/2023,NEW,LA,ASW,CE,Towers with Radar,0,30,78,3,111,0,5,27,1,33,0,35,105,4,144,42,0,42,186
05/09/2023,NEW,LA,ASW,CE,Towers with Radar,0,11,57,0,68,0,3,21,0,24,0,14,78,0,92,108,0,108,200
05/10/2023,NEW,LA,ASW,CE,Towers with Radar,0,25,70,4,99,0,9,56,0,65,0,34,126,4,164,172,0,172,336
05/11/2023,NEW,LA,ASW,CE,Towers with Radar,0,10,62,4,76,0,8,40,2,50,0,18,102,6,126,90,2,92,218
05/12/2023,NEW,LA,ASW,CE,Towers with Radar,0,21,65,10,96,0,10,73,1,84,0,31,138,11,180,120,8,128,308
05/13/2023,NEW,LA,ASW,CE,Towers with Radar,0,5,31,0,36,0,6,119,0,125,0,11,150,0,161,76,0,76,237
05/14/2023,NEW,LA,ASW,CE,Towers with Radar,0,12,44,7,63,0,9,61,5,75,0,21,105,12,138,78,0,78,216
05/15/2023,NEW,LA,ASW,CE,Towers with Radar,0,9,39,3,51,0,2,79,5,86,0,11,118,8,137,114,0,114,251
05/16/2023,NEW,LA,ASW,CE,Towers with Radar,0,4,42,0,46,0,4,89,4,97,0,8,131,4,143,110,10,120,263
05/17/2023,NEW,LA,ASW,CE,Towers with Radar,0,5,75,0,80,0,4,61,0,65,0,9,136,0,145,78,0,78,223
05/18/2023,NEW,LA,ASW,CE,Towers with Radar,0,22,76,11,109,0,3,69,5,77,0,25,145,16,186,98,8,106,292
05/19/2023,NEW,LA,ASW,CE,Towers with Radar,0,17,67,10,94,0,3,103,8,114,0,20,170,18,208,198,44,242,450
05/20/2023,NEW,LA,ASW,CE,Towers with Radar,0,7,60,3,70,0,13,90,2,105,0,20,150,5,175,132,0,132,307
05/21/2023,NEW,LA,ASW,CE,Towers with Radar,0,20,94,2,116,0,9,75,2,86,0,29,169,4,202,18,8,26,228
05/22/2023,NEW,LA,ASW,CE,Towers with Radar,0,13,63,4,80,0,8,95,5,108,0,21,158,9,188,134,0,134,322
05/23/2023,NEW,LA,ASW,CE,Towers with Radar,0,17,53,9,79,0,13,85,4,102,0,30,138,13,181,192,0,192,373
05/24/2023,NEW,LA,ASW,CE,Towers with Radar,0,13,76,1,90,0,7,43,5,55,0,20,119,6,145,100,4,104,249
05/25/2023,NEW,LA,ASW,CE,Towers with Radar,0,5,61,3,69,0,4,80,4,88,0,9,141,7,157,122,8,130,287
05/26/2023,NEW,LA,ASW,CE,Towers with Radar,0,11,53,0,64,0,11,91,0,102,0,22,144,0,166,104,0,104,270
05/27/2023,NEW,LA,ASW,CE,Towers with Radar,0,13,32,0,45,0,14,103,0,117,0,27,135,0,162,110,0,110,272
05/28/2023,NEW,LA,ASW,CE,Towers with Radar,0,6,30,0,36,0,8,78,0,86,0,14,108,0,122,116,0,116,238
05/29/2023,NEW,LA,ASW,CE,Towers with Radar,0,10,49,0,59,0,15,90,0,105,0,25,139,0,164,166,0,166,330
05/30/2023,NEW,LA,ASW,CE,Towers with Radar,0,5,33,2,40,0,5,84,0,89,0,10,117,2,129,132,4,136,265
05/31/2023,NEW,LA,ASW,CE,Towers with Radar,0,9,41,13,63,0,14,73,4,91,0,23,114,17,154,216,10,226,380
06/01/2023,NEW,LA,ASW,CE,Towers with Radar,0,10,47,1,58,0,11,91,0,102,0,21,138,1,160,142,0,142,302
06/02/2023,NEW,LA,ASW,CE,Towers with Radar,0,4,36,10,50,0,5,85,0,90,0,9,121,10,140,74,0,74,214
06/03/2023,NEW,LA,ASW,CE,Towers with Radar,0,5,40,4,49,0,13,92,2,107,0,18,132,6,156,88,22,110,266
06/04/2023,NEW,LA,ASW,CE,Towers with Radar,0,8,41,5,54,0,7,96,3,106,0,15,137,8,160,126,12,138,298
06/05/2023,NEW,LA,ASW,CE,Towers with Radar,0,4,33,0,37,0,9,62,1,72,0,13,95,1,109,64,0,64,173
06/06/2023,NEW,LA,ASW,CE,Towers with Radar,0,6,33,0,39,0,7,53,0,60,0,13,86,0,99,178,0,178,277
06/07/2023,NEW,LA,ASW,CE,Towers with Radar,0,7,53,4,64,0,5,102,0,107,0,12,155,4,171,168,0,168,339
06/08/2023,NEW,LA,ASW,CE,Towers with Radar,0,11,54,4,69,0,5,68,2,75,0,16,122,6,144,188,0,188,332
06/09/2023,NEW,LA,ASW,CE,Towers with Radar,0,8,53,8,69,0,24,91,6,121,0,32,144,14,190,232,0,232,422
06/10/2023,NEW,LA,ASW,CE,Towers with Radar,0,17,32,6,55,0,12,93,0,105,0,29,125,6,160,112,0,112,272
06/11/2023,NEW,LA,ASW,CE,Towers with Radar,0,14,53,4,71,0,17,60,2,79,0,31,113,6,150,62,0,62,212
06/12/2023,NEW,LA,ASW,CE,Towers with Radar,0,8,48,8,64,0,5,85,4,94,0,13,133,12,158,158,0,158,316
06/13/2023,NEW,LA,ASW,CE,Towers with Radar,0,8,31,6,45,0,7,74,3,84,0,15,105,9,129,120,4,124,253
06/14/2023,NEW,LA,ASW,CE,Towers with Radar,0,10,58,0,68,0,10,49,0,59,0,20,107,0,127,46,0,46,173
06/15/2023,NEW,LA,ASW,CE,Towers with Radar,0,12,52,0,64,0,2,45,1,48,0,14,97,1,112,74,0,74,186
06/16/2023,NEW,LA,ASW,CE,Towers with Radar,0,17,58,2,77,0,22,74,1,97,0,39,132,3,174,178,0,178,352
06/17/2023,NEW,LA,ASW,CE,Towers with Radar,0,4,34,0,38,0,14,94,0,108,0,18,128,0,146,122,0,122,268
06/18/2023,NEW,LA,ASW,CE,Towers with Radar,0,9,36,1,46,0,21,78,0,99,0,30,114,1,145,90,0,90,235
06/19/2023,NEW,LA,ASW,CE,Towers with Radar,0,7,47,0,54,0,3,60,0,63,0,10,107,0,117,82,0,82,199
06/20/2023,NEW,LA,ASW,CE,Towers with Radar,0,4,40,3,47,0,4,32,4,40,0,8,72,7,87,92,10,102,189
06/21/2023,NEW,LA,ASW,CE,Towers with Radar,0,9,43,0,52,0,7,78,1,86,0,16,121,1,138,134,0,134,272
06/22/2023,NEW,LA,ASW,CE,Towers with Radar,0,10,35,1,46,0,12,77,2,91,0,22,112,3,137,90,0,90,227
06/23/2023,NEW,LA,ASW,CE,Towers with Radar,0,6,47,1,54,0,8,78,0,86,0,14,125,1,140,117,0,117,257
06/24/2023,NEW,LA,ASW,CE,Towers with Radar,0,3,30,3,36,0,15,72,1,88,0,18,102,4,124,90,0,90,214
06/25/2023,NEW,LA,ASW,CE,Towers with Radar,0,12,58,15,85,0,12,71,10,93,0,24,129,25,178,56,0,56,234
06/26/2023,NEW,LA,ASW,CE,Towers with Radar,0,5,47,8,60,0,7,54,3,64,0,12,101,11,124,46,0,46,170
06/27/2023,NEW,LA,ASW,CE,Towers with Radar,0,9,39,5,53,0,9,81,2,92,0,18,120,7,145,142,0,142,287
06/28/2023,NEW,LA,ASW,CE,Towers with Radar,0,15,56,2,73,0,6,94,0,100,0,21,150,2,173,82,0,82,255
06/29/2023,NEW,LA,ASW,CE,Towers with Radar,0,7,44,1,52,0,10,69,0,79,0,17,113,1,131,100,0,100,231
06/30/2023,NEW,LA,ASW,CE,Towers with Radar,0,14,48,2,64,0,23,85,0,108,0,37,133,2,172,112,0,112,284
07/01/2023,NEW,LA,ASW,CE,Towers with Radar,0,7,33,0,40,0,23,89,0,112,0,30,122,0,152,116,0,116,268
07/02/2023,NEW,LA,ASW,CE,Towers with Radar,0,6,23,0,29,0,11,39,0,50,0,17,62,0,79,36,0,36,115
07/03/2023,NEW,LA,ASW,CE,Towers with Radar,0,7,23,3,33,0,8,57,5,70,0,15,80,8,103,122,0,122,225
07/04/2023,NEW,LA,ASW,CE,Towers with Radar,0,2,25,0,27,0,4,28,0,32,0,6,53,0,59,74,0,74,133
07/05/2023,NEW,LA,ASW,CE,Towers with Radar,0,4,18,0,22,0,1,42,0,43,0,5,60,0,65,88,0,88,153
07/06/2023,NEW,LA,ASW,CE,Towers with Radar,0,9,46,1,56,0,7,89,0,96,0,16,135,1,152,186,0,186,338
07/07/2023,NEW,LA,ASW,CE,Towers with Radar,0,11,31,4,46,0,3,88,0,91,0,14,119,4,137,156,0,156,293
07/08/2023,NEW,LA,ASW,CE,Towers with Radar,0,0,20,2,22,0,3,71,0,74,0,3,91,2,96,72,0,72,168
07/09/2023,NEW,LA,ASW,CE,Towers with Radar,0,2,34,0,36,0,7,47,0,54,0,9,81,0,90,60,0,60,150
07/10/2023,NEW,LA,ASW,CE,Towers with Radar,0,2,30,0,32,0,6,63,0,69,0,8,93,0,101,78,0,78,179
07/11/2023,NEW,LA,ASW,CE,Towers with Radar,0,3,24,3,30,0,5,69,0,74,0,8,93,3,104,110,0,110,214
07/12/2023,NEW,LA,ASW,CE,Towers with Radar,0,6,49,0,55,0,8,54,0,62,0,14,103,0,117,62,0,62,179
07/13/2023,NEW,LA,ASW,CE,Towers with Radar,0,7,62,9,78,0,7,74,7,88,0,14,136,16,166,134,8,142,308
07/14/2023,NEW,LA,ASW,CE,Towers with Radar,0,6,29,4,39,0,5,77,1,83,0,11,106,5,122,124,0,124,246
07/15/2023,NEW,LA,ASW,CE,Towers with Radar,0,8,32,6,46,0,12,87,5,104,0,20,119,11,150,52,0,52,202
07/16/2023,NEW,LA,ASW,CE,Towers with Radar,0,4,37,1,42,0,4,20,1,25,0,8,57,2,67,22,0,22,89
07/17/2023,NEW,LA,ASW,CE,Towers with Radar,0,8,38,1,47,0,4,73,0,77,0,12,111,1,124,148,0,148,272
07/18/2023,NEW,LA,ASW,CE,Towers with Radar,0,7,49,2,58,0,14,75,2,91,0,21,124,4,149,168,0,168,317
07/19/2023,NEW,LA,ASW,CE,Towers with Radar,0,6,46,8,60,0,6,53,7,66,0,12,99,15,126,118,20,138,264
07/20/2023,NEW,LA,ASW,CE,Towers with Radar,0,10,29,3,42,0,7,80,5,92,0,17,109,8,134,134,2,136,270
07/21/2023,NEW,LA,ASW,CE,Towers with Radar,0,12,43,3,58,0,20,79,6,105,0,32,122,9,163,134,0,134,297
07/22/2023,NEW,LA,ASW,CE,Towers with Radar,0,6,30,0,36,0,9,87,1,97,0,15,117,1,133,92,0,92,225
07/23/2023,NEW,LA,ASW,CE,Towers with Radar,0,12,36,5,53,0,7,47,3,57,0,19,83,8,110,44,30,74,184
07/24/2023,NEW,LA,ASW,CE,Towers with Radar,0,8,37,0,45,0,12,93,0,105,0,20,130,0,150,228,30,258,408
07/25/2023,NEW,LA,ASW,CE,Towers with Radar,0,4,46,1,51,0,3,83,3,89,0,7,129,4,140,116,12,128,268
07/26/2023,NEW,LA,ASW,CE,Towers with Radar,0,7,49,1,57,0,11,84,1,96,0,18,133,2,153,116,0,116,269
07/27/2023,NEW,LA,ASW,CE,Towers with Radar,0,4,52,7,63,0,9,80,0,89,0,13,132,7,152,150,0,150,302
07/28/2023,NEW,LA,ASW,CE,Towers with Radar,0,8,31,9,48,0,8,96,4,108,0,16,127,13,156,134,10,144,300
07/29/2023,NEW,LA,ASW,CE,Towers with Radar,0,5,34,3,42,0,11,101,0,112,0,16,135,3,154,82,0,82,236
07/30/2023,NEW,LA,ASW,CE,Towers with Radar,0,6,24,8,38,0,4,53,0,57,0,10,77,8,95,22,0,22,117
07/31/2023,NEW,LA,ASW,CE,Towers with Radar,0,0,23,2,25,0,12,54,4,70,0,12,77,6,95,54,0,54,149
08/01/2023,NEW,LA,ASW,CE,Towers with Radar,0,1,23,2,26,0,9,87,0,96,0,10,110,2,122,178,0,178,300
08/02/2023,NEW,LA,ASW,CE,Towers with Radar,0,11,48,2,61,0,4,71,1,76,0,15,119,3,137,62,0,62,199
08/03/2023,NEW,LA,ASW,CE,Towers with Radar,0,4,56,6,66,0,5,79,2,86,0,9,135,8,152,186,0,186,338
08/04/2023,NEW,LA,ASW,CE,Towers with Radar,0,5,34,10,49,0,5,83,9,97,0,10,117,19,146,160,0,160,306
08/05/2023,NEW,LA,ASW,CE,Towers with Radar,0,3,54,2,59,0,7,101,9,117,0,10,155,11,176,182,0,182,358
08/06/2023,NEW,LA,ASW,CE,Towers with Radar,0,5,36,3,44,0,4,78,6,88,0,9,114,9,132,144,0,144,276
08/07/2023,NEW,LA,ASW,CE,Towers with Radar,0,9,43,0,52,0,9,56,0,65,0,18,99,0,117,48,0,48,165
08/08/2023,NEW,LA,ASW,CE,Towers with Radar,0,5,46,7,58,0,15,41,1,57,0,20,87,8,115,84,4,88,203
08/09/2023,NEW,LA,ASW,CE,Towers with Radar,0,2,54,10,66,0,9,52,5,66,0,11,106,15,132,84,0,84,216
08/10/2023,NEW,LA,ASW,CE,Towers with Radar,0,6,50,0,56,0,7,77,0,84,0,13,127,0,140,44,0,44,184
08/11/2023,NEW,LA,ASW,CE,Towers with Radar,0,6,63,12,81,0,8,91,10,109,0,14,154,22,190,80,10,90,280
08/12/2023,NEW,LA,ASW,CE,Towers with Radar,0,6,29,6,41,0,19,110,3,132,0,25,139,9,173,128,0,128,301
08/13/2023,NEW,LA,ASW,CE,Towers with Radar,0,8,58,10,76,0,7,58,1,66,0,15,116,11,142,98,0,98,240
08/14/2023,NEW,LA,ASW,CE,Towers with Radar,0,9,52,3,64,0,6,69,4,79,0,15,121,7,143,118,0,118,261
08/15/2023,NEW,LA,ASW,CE,Towers with Radar,0,9,28,4,41,0,2,64,0,66,0,11,92,4,107,62,0,62,169
08/16/2023,NEW,LA,ASW,CE,Towers with Radar,0,6,36,8,50,0,3,91,2,96,0,9,127,10,146,96,0,96,242
08/17/2023,NEW,LA,ASW,CE,Towers with Radar,0,10,45,8,63,0,9,95,2,106,0,19,140,10,169,124,4,128,297
08/18/2023,NEW,LA,ASW,CE,Towers with Radar,0,8,35,5,48,0,6,93,0,99,0,14,128,5,147,190,0,190,337
08/19/2023,NEW,LA,ASW,CE,Towers with Radar,0,11,28,9,48,0,6,82,1,89,0,17,110,10,137,124,16,140,277
08/20/2023,NEW,LA,ASW,CE,Towers with Radar,0,10,47,7,64,0,3,68,2,73,0,13,115,9,137,86,0,86,223
08/21/2023,NEW,LA,ASW,CE,Towers with Radar,0,6,35,2,43,0,0,21,3,24,0,6,56,5,67,2,0,2,69
08/22/2023,NEW,LA,ASW,CE,Towers with Radar,0,4,39,9,52,0,7,79,5,91,0,11,118,14,143,72,12,84,227
08/23/2023,NEW,LA,ASW,CE,Towers with Radar,0,7,41,0,48,0,3,67,0,70,0,10,108,0,118,106,0,106,224
08/24/2023,NEW,LA,ASW,CE,Towers with Radar,0,2,36,4,42,0,1,79,8,88,0,3,115,12,130,164,0,164,294
08/25/2023,NEW,LA,ASW,CE,Towers with Radar,0,5,41,7,53,0,10,81,5,96,0,15,122,12,149,54,0,54,203
08/26/2023,NEW,LA,ASW,CE,Towers with Radar,0,1,39,0,40,0,5,97,0,102,0,6,136,0,142,48,0,48,190
08/27/2023,NEW,LA,ASW,CE,Towers with Radar,0,1,52,6,59,0,4,88,3,95,0,5,140,9,154,66,0,66,220
08/28/2023,NEW,LA,ASW,CE,Towers with Radar,0,5,42,4,51,0,3,56,2,61,0,8,98,6,112,72,10,82,194
08/29/2023,NEW,LA,ASW,CE,Towers with Radar,0,8,29,0,37,0,20,50,0,70,0,28,79,0,107,48,0,48,155
08/30/2023,NEW,LA,ASW,CE,Towers with Radar,0,8,26,9,43,0,5,74,1,80,0,13,100,10,123,170,0,170,293
08/31/2023,NEW,LA,ASW,CE,Towers with Radar,0,17,42,7,66,0,4,87,3,94,0,21,129,10,160,115,0,115,275
