01/01/2020,OAJ,NC,ASO,EN,Federal Contract Tower,12,0,6,0,18,0,2,12,0,14,12,2,18,0,32,0,0,0,32
01/02/2020,OAJ,NC,ASO,EN,Federal Contract Tower,13,3,2,0,18,0,4,3,0,7,13,7,5,0,25,8,0,8,33
01/03/2020,OAJ,NC,ASO,EN,Federal Contract Tower,14,1,1,0,16,0,1,1,4,6,14,2,2,4,22,0,12,12,34
01/04/2020,OAJ,NC,ASO,EN,Federal Contract Tower,11,0,2,0,13,0,2,2,0,4,11,2,4,0,17,0,0,0,17
01/05/2020,OAJ,NC,ASO,EN,Federal Contract Tower,14,3,0,0,17,0,3,12,0,15,14,6,12,0,32,6,0,6,38
01/06/2020,OAJ,NC,ASO,EN,Federal Contract Tower,16,2,2,0,20,0,3,6,0,9,16,5,8,0,29,0,0,0,29
01/07/2020,OAJ,NC,ASO,EN,Federal Contract Tower,15,4,4,0,23,0,0,7,0,7,15,4,11,0,30,10,18,28,58
01/08/2020,OAJ,NC,ASO,EN,Federal Contract Tower,15,2,2,5,24,0,0,10,4,14,15,2,12,9,38,0,52,52,90
01/09/2020,OAJ,NC,ASO,EN,Federal Contract Tower,16,3,4,4,27,0,4,9,6,19,16,7,13,10,46,0,44,44,90
01/10/2020,OAJ,NC,ASO,EN,Federal Contract Tower,16,1,12,6,35,0,1,10,2,13,16,2,22,8,48,2,18,20,68
01/11/2020,OAJ,NC,ASO,EN,Federal Contract Tower,12,1,3,0,16,0,2,3,0,5,12,3,6,0,21,4,0,4,25
01/12/2020,OAJ,NC,ASO,EN,Federal Contract Tower,13,0,2,0,15,0,3,0,0,3,13,3,2,0,18,0,0,0,18
01/13/2020,OAJ,NC,ASO,EN,Federal Contract Tower,13,2,2,0,17,0,1,0,0,1,13,3,2,0,18,0,0,0,18
01/14/2020,OAJ,NC,ASO,EN,Federal Contract Tower,15,2,1,6,24,0,0,4,6,10,15,2,5,12,34,8,100,108,142
01/15/2020,OAJ,NC,ASO,EN,Federal Contract Tower,16,2,0,0,18,0,1,5,17,23,16,3,5,17,41,0,84,84,125
01/16/2020,OAJ,NC,ASO,EN,Federal Contract Tower,15,2,6,1,24,0,2,5,3,10,15,4,11,4,34,0,50,50,84
01/17/2020,OAJ,NC,ASO,EN,Federal Contract Tower,16,2,9,6,33,0,6,5,0,11,16,8,14,6,44,0,12,12,56
01/18/2020,OAJ,NC,ASO,EN,Federal Contract Tower,10,0,0,0,10,0,2,13,0,15,10,2,13,0,25,12,0,12,37
01/19/2020,OAJ,NC,ASO,EN,Federal Contract Tower,9,0,4,1,14,0,2,0,0,2,9,2,4,1,16,0,0,0,16
01/20/2020,OAJ,NC,ASO,EN,Federal Contract Tower,15,2,4,0,21,0,4,13,0,17,15,6,17,0,38,0,0,0,38
01/21/2020,OAJ,NC,ASO,EN,Federal Contract Tower,15,7,5,0,27,0,7,2,0,9,15,14,7,0,36,0,20,20,56
01/22/2020,OAJ,NC,ASO,EN,Federal Contract Tower,17,2,2,0,21,0,2,5,0,7,17,4,7,0,28,0,0,0,28
01/23/2020,OAJ,NC,ASO,EN,Federal Contract Tower,14,2,4,0,20,0,5,13,8,26,14,7,17,8,46,18,64,82,128
01/24/2020,OAJ,NC,ASO,EN,Federal Contract Tower,16,5,3,4,28,0,12,6,14,32,16,17,9,18,60,22,32,54,114
01/25/2020,OAJ,NC,ASO,EN,Federal Contract Tower,10,0,4,2,16,0,2,10,13,25,10,2,14,15,41,12,8,20,61
01/26/2020,OAJ,NC,ASO,EN,Federal Contract Tower,14,4,3,0,21,0,4,7,0,11,14,8,10,0,32,2,0,2,34
01/27/2020,OAJ,NC,ASO,EN,Federal Contract Tower,16,3,6,1,26,0,11,7,5,23,16,14,13,6,49,0,36,36,85
01/28/2020,OAJ,NC,ASO,EN,Federal Contract Tower,15,0,5,10,30,0,4,4,7,15,15,4,9,17,45,8,84,92,137
01/29/2020,OAJ,NC,ASO,EN,Federal Contract Tower,16,2,0,4,22,0,5,10,5,20,16,7,10,9,42,28,60,88,130
01/30/2020,OAJ,NC,ASO,EN,Federal Contract Tower,16,2,3,3,24,0,8,11,7,26,16,10,14,10,50,12,40,52,102
01/31/2020,OAJ,NC,ASO,EN,Federal Contract Tower,16,1,4,2,23,0,4,3,0,7,16,5,7,2,30,16,18,34,64
02/01/2020,OAJ,NC,ASO,EN,Federal Contract Tower,11,0,2,1,14,0,0,0,0,0,11,0,2,1,14,0,0,0,14
02/02/2020,OAJ,NC,ASO,EN,Federal Contract Tower,13,0,5,0,18,0,2,14,0,16,13,2,19,0,34,20,0,20,54
02/03/2020,OAJ,NC,ASO,EN,Federal Contract Tower,19,2,7,0,28,0,4,12,5,21,19,6,19,5,49,8,30,38,87
02/04/2020,OAJ,NC,ASO,EN,Federal Contract Tower,14,3,4,2,23,0,8,8,0,16,14,11,12,2,39,14,24,38,77
02/05/2020,OAJ,NC,ASO,EN,Federal Contract Tower,16,5,0,0,21,0,1,9,0,10,16,6,9,0,31,24,0,24,55
02/06/2020,OAJ,NC,ASO,EN,Federal Contract Tower,10,0,1,1,12,0,1,0,3,4,10,1,1,4,16,0,38,38,54
02/07/2020,OAJ,NC,ASO,EN,Federal Contract Tower,14,3,1,0,18,0,3,1,0,4,14,6,2,0,22,0,0,0,22
02/08/2020,OAJ,NC,ASO,EN,Federal Contract Tower,10,0,0,0,10,0,4,9,0,13,10,4,9,0,23,39,0,39,62
02/09/2020,OAJ,NC,ASO,EN,Federal Contract Tower,14,0,4,0,18,0,0,17,0,17,14,0,21,0,35,6,0,6,41
02/10/2020,OAJ,NC,ASO,EN,Federal Contract Tower,17,3,3,0,23,0,2,16,0,18,17,5,19,0,41,8,0,8,49
02/11/2020,OAJ,NC,ASO,EN,Federal Contract Tower,14,4,0,0,18,0,6,5,8,19,14,10,5,8,37,2,82,84,121
02/12/2020,OAJ,NC,ASO,EN,Federal Contract Tower,16,3,14,0,33,0,3,3,3,9,16,6,17,3,42,4,30,34,76
02/13/2020,OAJ,NC,ASO,EN,Federal Contract Tower,13,2,2,0,17,0,0,0,8,8,13,2,2,8,25,0,28,28,53
02/14/2020,OAJ,NC,ASO,EN,Federal Contract Tower,14,4,13,0,31,0,5,12,3,20,14,9,25,3,51,6,18,24,75
02/15/2020,OAJ,NC,ASO,EN,Federal Contract Tower,10,0,1,0,11,0,7,11,0,18,10,7,12,0,29,48,0,48,77
02/16/2020,OAJ,NC,ASO,EN,Federal Contract Tower,13,2,3,0,18,0,6,9,0,15,13,8,12,0,33,10,0,10,43
02/17/2020,OAJ,NC,ASO,EN,Federal Contract Tower,15,2,5,0,22,0,3,19,0,22,15,5,24,0,44,12,0,12,56
02/18/2020,OAJ,NC,ASO,EN,Federal Contract Tower,16,2,6,1,25,0,6,12,0,18,16,8,18,1,43,30,0,30,73
02/19/2020,OAJ,NC,ASO,EN,Federal Contract Tower,15,2,2,4,23,0,7,0,0,7,15,9,2,4,30,0,22,22,52
02/20/2020,OAJ,NC,ASO,EN,Federal Contract Tower,12,1,2,3,18,0,0,3,0,3,12,1,5,3,21,0,16,16,37
02/21/2020,OAJ,NC,ASO,EN,Federal Contract Tower,16,0,2,6,24,0,5,1,7,13,16,5,3,13,37,0,28,28,65
02/22/2020,OAJ,NC,ASO,EN,Federal Contract Tower,11,0,12,0,23,0,5,11,7,23,11,5,23,7,46,0,0,0,46
02/23/2020,OAJ,NC,ASO,EN,Federal Contract Tower,13,0,1,0,14,0,2,8,3,13,13,2,9,3,27,0,4,4,31
02/24/2020,OAJ,NC,ASO,EN,Federal Contract Tower,15,4,5,1,25,0,6,7,6,19,15,10,12,7,44,4,36,40,84
02/25/2020,OAJ,NC,ASO,EN,Federal Contract Tower,17,2,12,6,37,0,2,0,4,6,17,4,12,10,43,16,30,46,89
02/26/2020,OAJ,NC,ASO,EN,Federal Contract Tower,14,4,0,2,20,0,0,4,0,4,14,4,4,2,24,6,64,70,94
02/27/2020,OAJ,NC,ASO,EN,Federal Contract Tower,15,2,10,0,27,0,7,1,4,12,15,9,11,4,39,0,24,24,63
02/28/2020,OAJ,NC,ASO,EN,Federal Contract Tower,15,0,10,4,29,0,6,8,5,19,15,6,18,9,48,4,16,20,68
02/29/2020,OAJ,NC,ASO,EN,Federal Contract Tower,10,0,2,0,12,0,9,18,2,29,10,9,20,2,41,12,0,12,53
03/01/2020,OAJ,NC,ASO,EN,Federal Contract Tower,13,0,10,0,23,0,7,4,0,11,13,7,14,0,34,0,0,0,34
03/02/2020,OAJ,NC,ASO,EN,Federal Contract Tower,17,2,3,5,27,0,3,4,0,7,17,5,7,5,34,6,0,6,40
03/03/2020,OAJ,NC,ASO,EN,Federal Contract Tower,12,1,6,0,19,0,3,0,4,7,12,4,6,4,26,22,64,86,112
03/04/2020,OAJ,NC,ASO,EN,Federal Contract Tower,19,3,3,8,33,0,7,2,0,9,19,10,5,8,42,20,26,46,88
03/05/2020,OAJ,NC,ASO,EN,Federal Contract Tower,14,2,3,3,22,0,5,1,0,6,14,7,4,3,28,12,6,18,46
03/06/2020,OAJ,NC,ASO,EN,Federal Contract Tower,18,0,6,0,24,0,6,0,0,6,18,6,6,0,30,8,0,8,38
03/07/2020,OAJ,NC,ASO,EN,Federal Contract Tower,11,0,1,0,12,0,7,6,0,13,11,7,7,0,25,6,0,6,31
03/08/2020,OAJ,NC,ASO,EN,Federal Contract Tower,16,0,8,0,24,0,2,13,0,15,16,2,21,0,39,12,0,12,51
03/09/2020,OAJ,NC,ASO,EN,Federal Contract Tower,18,2,2,0,22,0,6,16,0,22,18,8,18,0,44,8,10,18,62
03/10/2020,OAJ,NC,ASO,EN,Federal Contract Tower,17,2,0,0,19,0,3,13,0,16,17,5,13,0,35,12,90,102,137
03/11/2020,OAJ,NC,ASO,EN,Federal Contract Tower,18,2,3,0,23,0,4,17,0,21,18,6,20,0,44,36,26,62,106
03/12/2020,OAJ,NC,ASO,EN,Federal Contract Tower,16,3,4,0,23,0,4,12,4,20,16,7,16,4,43,30,50,80,123
03/13/2020,OAJ,NC,ASO,EN,Federal Contract Tower,17,1,0,0,18,0,15,9,0,24,17,16,9,0,42,28,22,50,92
03/14/2020,OAJ,NC,ASO,EN,Federal Contract Tower,12,2,6,0,20,0,4,36,0,40,12,6,42,0,60,4,0,4,64
03/15/2020,OAJ,NC,ASO,EN,Federal Contract Tower,10,5,5,2,22,0,0,0,0,0,10,5,5,2,22,0,0,0,22
03/16/2020,OAJ,NC,ASO,EN,Federal Contract Tower,14,6,8,2,30,0,2,9,3,14,14,8,17,5,44,18,38,56,100
03/17/2020,OAJ,NC,ASO,EN,Federal Contract Tower,14,5,2,0,21,0,0,0,0,0,14,5,2,0,21,0,0,0,21
03/18/2020,OAJ,NC,ASO,EN,Federal Contract Tower,14,4,4,0,22,0,3,1,0,4,14,7,5,0,26,0,18,18,44
03/19/2020,OAJ,NC,ASO,EN,Federal Contract Tower,14,4,6,0,24,0,1,3,6,10,14,5,9,6,34,30,40,70,104
03/20/2020,OAJ,NC,ASO,EN,Federal Contract Tower,13,3,1,6,23,0,4,2,5,11,13,7,3,11,34,20,24,44,78
03/21/2020,OAJ,NC,ASO,EN,Federal Contract Tower,9,3,3,0,15,0,2,4,1,7,9,5,7,1,22,0,0,0,22
03/22/2020,OAJ,NC,ASO,EN,Federal Contract Tower,13,4,6,6,29,0,2,0,6,8,13,6,6,12,37,12,0,12,49
03/23/2020,OAJ,NC,ASO,EN,Federal Contract Tower,11,4,8,1,24,0,0,0,1,1,11,4,8,2,25,0,8,8,33
03/24/2020,OAJ,NC,ASO,EN,Federal Contract Tower,14,2,0,2,18,0,4,1,2,7,14,6,1,4,25,4,40,44,69
03/25/2020,OAJ,NC,ASO,EN,Federal Contract Tower,11,4,2,2,19,0,0,2,0,2,11,4,4,2,21,0,28,28,49
03/26/2020,OAJ,NC,ASO,EN,Federal Contract Tower,9,3,2,6,20,0,3,10,3,16,9,6,12,9,36,32,28,60,96
03/27/2020,OAJ,NC,ASO,EN,Federal Contract Tower,14,0,6,0,20,0,4,14,14,32,14,4,20,14,52,24,110,134,186
03/28/2020,OAJ,NC,ASO,EN,Federal Contract Tower,7,2,1,0,10,0,6,7,4,17,7,8,8,4,27,26,0,26,53
03/29/2020,OAJ,NC,ASO,EN,Federal Contract Tower,14,2,2,0,18,0,3,7,1,11,14,5,9,1,29,16,16,32,61
03/30/2020,OAJ,NC,ASO,EN,Federal Contract Tower,10,4,2,0,16,0,7,7,0,14,10,11,9,0,30,26,10,36,66
03/31/2020,OAJ,NC,ASO,EN,Federal Contract Tower,12,2,4,0,18,0,5,2,0,7,12,7,6,0,25,0,6,6,31
04/01/2020,OAJ,NC,ASO,EN,Federal Contract Tower,12,2,2,0,16,0,16,4,0,20,12,18,6,0,36,12,24,36,72
04/02/2020,OAJ,NC,ASO,EN,Federal Contract Tower,9,2,0,4,15,0,7,8,4,19,9,9,8,8,34,8,24,32,66
04/03/2020,OAJ,NC,ASO,EN,Federal Contract Tower,9,0,5,0,14,0,4,2,4,10,9,4,7,4,24,16,36,52,76
04/04/2020,OAJ,NC,ASO,EN,Federal Contract Tower,6,0,4,6,16,0,2,10,4,16,6,2,14,10,32,0,10,10,42
04/05/2020,OAJ,NC,ASO,EN,Federal Contract Tower,6,0,1,0,7,0,1,9,0,10,6,1,10,0,17,0,0,0,17
04/06/2020,OAJ,NC,ASO,EN,Federal Contract Tower,7,5,2,1,15,0,0,8,0,8,7,5,10,1,23,0,0,0,23
04/07/2020,OAJ,NC,ASO,EN,Federal Contract Tower,6,2,7,1,16,0,12,7,0,19,6,14,14,1,35,16,24,40,75
04/08/2020,OAJ,NC,ASO,EN,Federal Contract Tower,5,2,0,2,9,0,0,8,0,8,5,2,8,2,17,22,28,50,67
04/09/2020,OAJ,NC,ASO,EN,Federal Contract Tower,4,3,0,0,7,0,2,5,0,7,4,5,5,0,14,20,0,20,34
04/10/2020,OAJ,NC,ASO,EN,Federal Contract Tower,9,0,0,0,9,0,2,4,2,8,9,2,4,2,17,0,74,74,91
04/11/2020,OAJ,NC,ASO,EN,Federal Contract Tower,5,0,8,0,13,0,0,13,0,13,5,0,21,0,26,12,0,12,38
04/12/2020,OAJ,NC,ASO,EN,Federal Contract Tower,3,0,4,0,7,0,0,2,0,2,3,0,6,0,9,0,0,0,9
04/13/2020,OAJ,NC,ASO,EN,Federal Contract Tower,6,2,0,0,8,0,3,0,0,3,6,5,0,0,11,0,0,0,11
04/14/2020,OAJ,NC,ASO,EN,Federal Contract Tower,7,2,0,10,19,0,3,6,1,10,7,5,6,11,29,24,62,86,115
04/15/2020,OAJ,NC,ASO,EN,Federal Contract Tower,5,2,0,0,7,0,2,0,0,2,5,4,0,0,9,26,30,56,65
04/16/2020,OAJ,NC,ASO,EN,Federal Contract Tower,8,4,5,4,21,0,1,15,4,20,8,5,20,8,41,4,16,20,61
04/17/2020,OAJ,NC,ASO,EN,Federal Contract Tower,5,0,1,0,6,0,13,41,0,54,5,13,42,0,60,102,0,102,162
04/18/2020,OAJ,NC,ASO,EN,Federal Contract Tower,3,1,2,0,6,0,5,3,0,8,3,6,5,0,14,0,0,0,14
04/19/2020,OAJ,NC,ASO,EN,Federal Contract Tower,7,0,2,0,9,0,0,101,0,101,7,0,103,0,110,2,0,2,112
04/20/2020,OAJ,NC,ASO,EN,Federal Contract Tower,5,2,0,0,7,0,2,35,0,37,5,4,35,0,44,0,0,0,44
04/21/2020,OAJ,NC,ASO,EN,Federal Contract Tower,7,1,0,0,8,0,2,75,4,81,7,3,75,4,89,14,30,44,133
04/22/2020,OAJ,NC,ASO,EN,Federal Contract Tower,7,3,0,4,14,0,3,80,18,101,7,6,80,22,115,12,40,52,167
04/23/2020,OAJ,NC,ASO,EN,Federal Contract Tower,6,3,2,0,11,0,4,8,6,18,6,7,10,6,29,8,22,30,59
04/24/2020,OAJ,NC,ASO,EN,Federal Contract Tower,5,0,1,0,6,0,4,3,6,13,5,4,4,6,19,0,62,62,81
04/25/2020,OAJ,NC,ASO,EN,Federal Contract Tower,7,0,6,6,19,0,3,0,0,3,7,3,6,6,22,32,28,60,82
04/26/2020,OAJ,NC,ASO,EN,Federal Contract Tower,7,0,7,2,16,0,6,7,4,17,7,6,14,6,33,0,8,8,41
04/27/2020,OAJ,NC,ASO,EN,Federal Contract Tower,5,2,0,0,7,0,1,10,4,15,5,3,10,4,22,8,30,38,60
04/28/2020,OAJ,NC,ASO,EN,Federal Contract Tower,7,2,1,0,10,0,4,4,0,8,7,6,5,0,18,16,48,64,82
04/29/2020,OAJ,NC,ASO,EN,Federal Contract Tower,7,2,0,0,9,0,6,4,0,10,7,8,4,0,19,4,78,82,101
04/30/2020,OAJ,NC,ASO,EN,Federal Contract Tower,6,3,1,2,12,0,1,1,4,6,6,4,2,6,18,0,0,0,18
05/01/2020,OAJ,NC,ASO,EN,Federal Contract Tower,7,0,7,0,14,0,6,3,6,15,7,6,10,6,29,22,16,38,67
05/02/2020,OAJ,NC,ASO,EN,Federal Contract Tower,6,0,8,0,14,0,2,15,0,17,6,2,23,0,31,16,0,16,47
05/03/2020,OAJ,NC,ASO,EN,Federal Contract Tower,7,0,4,0,11,0,3,8,0,11,7,3,12,0,22,0,0,0,22
05/04/2020,OAJ,NC,ASO,EN,Federal Contract Tower,9,2,4,0,15,0,4,12,2,18,9,6,16,2,33,0,30,30,63
05/05/2020,OAJ,NC,ASO,EN,Federal Contract Tower,7,1,2,2,12,0,5,0,0,5,7,6,2,2,17,8,20,28,45
05/06/2020,OAJ,NC,ASO,EN,Federal Contract Tower,10,2,1,0,13,0,4,4,0,8,10,6,5,0,21,4,20,24,45
05/07/2020,OAJ,NC,ASO,EN,Federal Contract Tower,6,1,5,2,14,0,5,9,0,14,6,6,14,2,28,2,0,2,30
05/08/2020,OAJ,NC,ASO,EN,Federal Contract Tower,8,0,6,0,14,0,4,9,1,14,8,4,15,1,28,0,0,0,28
05/09/2020,OAJ,NC,ASO,EN,Federal Contract Tower,8,0,2,0,10,0,2,4,4,10,8,2,6,4,20,0,0,0,20
05/10/2020,OAJ,NC,ASO,EN,Federal Contract Tower,7,0,0,0,7,0,3,9,3,15,7,3,9,3,22,14,0,14,36
05/11/2020,OAJ,NC,ASO,EN,Federal Contract Tower,8,2,1,2,13,0,2,6,0,8,8,4,7,2,21,0,32,32,53
05/12/2020,OAJ,NC,ASO,EN,Federal Contract Tower,8,2,8,6,24,0,1,3,0,4,8,3,11,6,28,14,24,38,66
05/13/2020,OAJ,NC,ASO,EN,Federal Contract Tower,8,2,4,2,16,0,2,4,0,6,8,4,8,2,22,38,0,38,60
05/14/2020,OAJ,NC,ASO,EN,Federal Contract Tower,8,3,7,2,20,0,6,7,0,13,8,9,14,2,33,0,0,0,33
05/15/2020,OAJ,NC,ASO,EN,Federal Contract Tower,8,0,5,0,13,0,5,9,2,16,8,5,14,2,29,0,2,2,31
05/16/2020,OAJ,NC,ASO,EN,Federal Contract Tower,6,0,1,0,7,0,1,16,4,21,6,1,17,4,28,16,0,16,44
05/17/2020,OAJ,NC,ASO,EN,Federal Contract Tower,7,0,6,0,13,0,6,1,1,8,7,6,7,1,21,0,2,2,23
05/18/2020,OAJ,NC,ASO,EN,Federal Contract Tower,9,2,0,3,14,0,1,1,6,8,9,3,1,9,22,0,58,58,80
05/19/2020,OAJ,NC,ASO,EN,Federal Contract Tower,6,2,1,6,15,0,0,0,0,0,6,2,1,6,15,0,0,0,15
05/20/2020,OAJ,NC,ASO,EN,Federal Contract Tower,8,2,3,2,15,0,0,0,0,0,8,2,3,2,15,0,0,0,15
05/21/2020,OAJ,NC,ASO,EN,Federal Contract Tower,8,2,4,0,14,0,0,0,4,4,8,2,4,4,18,0,20,20,38
05/22/2020,OAJ,NC,ASO,EN,Federal Contract Tower,8,0,5,0,13,0,2,1,4,7,8,2,6,4,20,10,32,42,62
05/23/2020,OAJ,NC,ASO,EN,Federal Contract Tower,8,0,1,4,13,0,6,8,0,14,8,6,9,4,27,0,0,0,27
05/24/2020,OAJ,NC,ASO,EN,Federal Contract Tower,7,0,0,0,7,0,4,20,0,24,7,4,20,0,31,26,0,26,57
05/25/2020,OAJ,NC,ASO,EN,Federal Contract Tower,8,0,3,0,11,0,4,11,0,15,8,4,14,0,26,2,0,2,28
05/26/2020,OAJ,NC,ASO,EN,Federal Contract Tower,8,3,5,12,28,0,10,0,8,18,8,13,5,20,46,6,0,6,52
05/27/2020,OAJ,NC,ASO,EN,Federal Contract Tower,8,2,2,4,16,0,3,0,0,3,8,5,2,4,19,4,16,20,39
05/28/2020,OAJ,NC,ASO,EN,Federal Contract Tower,8,2,0,2,12,0,2,0,0,2,8,4,0,2,14,0,0,0,14
05/29/2020,OAJ,NC,ASO,EN,Federal Contract Tower,8,0,3,0,11,0,0,0,1,1,8,0,3,1,12,0,14,14,26
05/30/2020,OAJ,NC,ASO,EN,Federal Contract Tower,10,1,4,0,15,0,3,1,8,12,10,4,5,8,27,10,4,14,41
05/31/2020,OAJ,NC,ASO,EN,Federal Contract Tower,9,1,3,3,16,0,2,9,6,17,9,3,12,9,33,0,10,10,43
06/01/2020,OAJ,NC,ASO,EN,Federal Contract Tower,8,2,2,0,12,0,6,10,0,16,8,8,12,0,28,16,0,16,44
06/02/2020,OAJ,NC,ASO,EN,Federal Contract Tower,9,1,4,0,14,0,3,11,0,14,9,4,15,0,28,0,22,22,50
06/03/2020,OAJ,NC,ASO,EN,Federal Contract Tower,8,2,6,2,18,0,3,9,4,16,8,5,15,6,34,0,36,36,70
06/04/2020,OAJ,NC,ASO,EN,Federal Contract Tower,7,2,0,2,11,0,5,4,6,15,7,7,4,8,26,18,10,28,54
06/05/2020,OAJ,NC,ASO,EN,Federal Contract Tower,9,0,5,0,14,0,8,13,2,23,9,8,18,2,37,96,0,96,133
06/06/2020,OAJ,NC,ASO,EN,Federal Contract Tower,10,0,5,4,19,0,5,8,10,23,10,5,13,14,42,14,0,14,56
06/07/2020,OAJ,NC,ASO,EN,Federal Contract Tower,8,0,3,0,11,0,5,13,1,19,8,5,16,1,30,6,18,24,54
06/08/2020,OAJ,NC,ASO,EN,Federal Contract Tower,8,2,9,0,19,0,4,11,0,15,8,6,20,0,34,6,10,16,50
06/09/2020,OAJ,NC,ASO,EN,Federal Contract Tower,10,2,3,0,15,0,4,1,0,5,10,6,4,0,20,12,48,60,80
06/10/2020,OAJ,NC,ASO,EN,Federal Contract Tower,8,1,4,6,19,0,7,3,0,10,8,8,7,6,29,0,42,42,71
06/11/2020,OAJ,NC,ASO,EN,Federal Contract Tower,7,2,7,0,16,0,4,3,2,9,7,6,10,2,25,2,38,40,65
06/12/2020,OAJ,NC,ASO,EN,Federal Contract Tower,8,0,1,2,11,0,0,0,0,0,8,0,1,2,11,0,0,0,11
06/13/2020,OAJ,NC,ASO,EN,Federal Contract Tower,8,2,3,1,14,0,2,3,0,5,8,4,6,1,19,6,0,6,25
06/14/2020,OAJ,NC,ASO,EN,Federal Contract Tower,8,0,2,0,10,0,1,0,2,3,8,1,2,2,13,0,8,8,21
06/15/2020,OAJ,NC,ASO,EN,Federal Contract Tower,8,2,2,6,18,0,0,0,2,2,8,2,2,8,20,0,4,4,24
06/16/2020,OAJ,NC,ASO,EN,Federal Contract Tower,9,2,10,0,21,0,0,0,0,0,9,2,10,0,21,0,0,0,21
06/17/2020,OAJ,NC,ASO,EN,Federal Contract Tower,8,2,7,0,17,0,2,5,2,9,8,4,12,2,26,0,80,80,106
06/18/2020,OAJ,NC,ASO,EN,Federal Contract Tower,8,2,7,4,21,0,4,11,10,25,8,6,18,14,46,20,64,84,130
06/19/2020,OAJ,NC,ASO,EN,Federal Contract Tower,8,0,5,2,15,0,5,6,9,20,8,5,11,11,35,14,60,74,109
06/20/2020,OAJ,NC,ASO,EN,Federal Contract Tower,8,0,2,2,12,0,12,5,4,21,8,12,7,6,33,0,0,0,33
06/21/2020,OAJ,NC,ASO,EN,Federal Contract Tower,8,1,4,0,13,0,9,13,1,23,8,10,17,1,36,24,0,24,60
06/22/2020,OAJ,NC,ASO,EN,Federal Contract Tower,7,2,4,0,13,0,3,13,2,18,7,5,17,2,31,28,28,56,87
06/23/2020,OAJ,NC,ASO,EN,Federal Contract Tower,8,2,4,0,14,0,5,4,0,9,8,7,8,0,23,22,54,76,99
06/24/2020,OAJ,NC,ASO,EN,Federal Contract Tower,8,2,2,0,12,0,10,6,0,16,8,12,8,0,28,10,62,72,100
06/25/2020,OAJ,NC,ASO,EN,Federal Contract Tower,8,2,2,0,12,0,1,1,0,2,8,3,3,0,14,0,0,0,14
06/26/2020,OAJ,NC,ASO,EN,Federal Contract Tower,8,1,3,0,12,0,4,15,0,19,8,5,18,0,31,6,0,6,37
06/27/2020,OAJ,NC,ASO,EN,Federal Contract Tower,10,2,7,0,19,0,10,10,0,20,10,12,17,0,39,6,0,6,45
06/28/2020,OAJ,NC,ASO,EN,Federal Contract Tower,8,0,2,2,12,0,0,14,2,16,8,0,16,4,28,6,2,8,36
06/29/2020,OAJ,NC,ASO,EN,Federal Contract Tower,8,2,2,2,14,0,4,7,1,12,8,6,9,3,26,12,24,36,62
06/30/2020,OAJ,NC,ASO,EN,Federal Contract Tower,8,2,2,2,14,0,7,3,2,12,8,9,5,4,26,0,44,44,70
07/01/2020,OAJ,NC,ASO,EN,Federal Contract Tower,8,2,4,2,16,0,1,0,1,2,8,3,4,3,18,4,16,20,38
07/02/2020,OAJ,NC,ASO,EN,Federal Contract Tower,8,3,5,4,20,0,6,9,4,19,8,9,14,8,39,0,28,28,67
07/03/2020,OAJ,NC,ASO,EN,Federal Contract Tower,10,0,6,0,16,0,8,7,4,19,10,8,13,4,35,8,30,38,73
07/04/2020,OAJ,NC,ASO,EN,Federal Contract Tower,12,0,4,0,16,0,9,6,0,15,12,9,10,0,31,6,0,6,37
07/05/2020,OAJ,NC,ASO,EN,Federal Contract Tower,10,0,5,6,21,0,3,2,0,5,10,3,7,6,26,0,0,0,26
07/06/2020,OAJ,NC,ASO,EN,Federal Contract Tower,11,2,9,0,22,0,9,11,0,20,11,11,20,0,42,24,0,24,66
07/07/2020,OAJ,NC,ASO,EN,Federal Contract Tower,10,3,1,2,16,0,6,7,0,13,10,9,8,2,29,60,20,80,109
07/08/2020,OAJ,NC,ASO,EN,Federal Contract Tower,12,2,2,0,16,0,3,3,0,6,12,5,5,0,22,32,86,118,140
07/09/2020,OAJ,NC,ASO,EN,Federal Contract Tower,14,2,4,2,22,0,5,5,1,11,14,7,9,3,33,18,34,52,85
07/10/2020,OAJ,NC,ASO,EN,Federal Contract Tower,14,0,7,2,23,0,6,21,10,37,14,6,28,12,60,10,48,58,118
07/11/2020,OAJ,NC,ASO,EN,Federal Contract Tower,14,0,3,0,17,0,8,9,0,17,14,8,12,0,34,6,0,6,40
07/12/2020,OAJ,NC,ASO,EN,Federal Contract Tower,14,0,7,0,21,0,10,11,0,21,14,10,18,0,42,4,0,4,46
07/13/2020,OAJ,NC,ASO,EN,Federal Contract Tower,14,2,0,0,16,0,1,2,6,9,14,3,2,6,25,12,44,56,81
07/14/2020,OAJ,NC,ASO,EN,Federal Contract Tower,12,3,2,0,17,0,6,10,2,18,12,9,12,2,35,4,72,76,111
07/15/2020,OAJ,NC,ASO,EN,Federal Contract Tower,13,2,7,0,22,0,6,8,4,18,13,8,15,4,40,6,70,76,116
07/16/2020,OAJ,NC,ASO,EN,Federal Contract Tower,14,4,5,1,24,0,7,20,8,35,14,11,25,9,59,44,0,44,103
07/17/2020,OAJ,NC,ASO,EN,Federal Contract Tower,14,3,4,0,21,0,7,11,4,22,14,10,15,4,43,0,6,6,49
07/18/2020,OAJ,NC,ASO,EN,Federal Contract Tower,14,0,8,3,25,0,6,15,10,31,14,6,23,13,56,12,6,18,74
07/19/2020,OAJ,NC,ASO,EN,Federal Contract Tower,14,2,1,4,21,0,1,13,1,15,14,3,14,5,36,6,32,38,74
07/20/2020,OAJ,NC,ASO,EN,Federal Contract Tower,14,2,4,8,28,0,4,6,4,14,14,6,10,12,42,2,30,32,74
07/21/2020,OAJ,NC,ASO,EN,Federal Contract Tower,12,3,4,0,19,0,5,8,3,16,12,8,12,3,35,6,32,38,73
07/22/2020,OAJ,NC,ASO,EN,Federal Contract Tower,12,4,4,0,20,0,2,8,4,14,12,6,12,4,34,0,28,28,62
07/23/2020,OAJ,NC,ASO,EN,Federal Contract Tower,14,2,1,8,25,0,5,12,8,25,14,7,13,16,50,42,20,62,112
07/24/2020,OAJ,NC,ASO,EN,Federal Contract Tower,14,1,9,0,24,0,7,2,4,13,14,8,11,4,37,10,20,30,67
07/25/2020,OAJ,NC,ASO,EN,Federal Contract Tower,14,0,9,0,23,0,6,7,0,13,14,6,16,0,36,8,0,8,44
07/26/2020,OAJ,NC,ASO,EN,Federal Contract Tower,14,0,4,0,18,0,2,10,0,12,14,2,14,0,30,10,0,10,40
07/27/2020,OAJ,NC,ASO,EN,Federal Contract Tower,14,2,2,0,18,0,3,12,0,15,14,5,14,0,33,2,6,8,41
07/28/2020,OAJ,NC,ASO,EN,Federal Contract Tower,12,2,4,4,22,0,14,4,0,18,12,16,8,4,40,6,16,22,62
07/29/2020,OAJ,NC,ASO,EN,Federal Contract Tower,12,2,1,0,15,0,2,8,0,10,12,4,9,0,25,10,4,14,39
07/30/2020,OAJ,NC,ASO,EN,Federal Contract Tower,14,2,2,2,20,0,5,10,8,23,14,7,12,10,43,16,20,36,79
07/31/2020,OAJ,NC,ASO,EN,Federal Contract Tower,15,1,2,0,18,0,5,10,5,20,15,6,12,5,38,14,18,32,70
08/01/2020,OAJ,NC,ASO,EN,Federal Contract Tower,13,0,5,2,20,0,7,7,1,15,13,7,12,3,35,10,0,10,45
08/02/2020,OAJ,NC,ASO,EN,Federal Contract Tower,14,0,3,1,18,0,1,12,0,13,14,1,15,1,31,12,0,12,43
08/03/2020,OAJ,NC,ASO,EN,Federal Contract Tower,13,1,2,0,16,0,1,4,0,5,13,2,6,0,21,14,0,14,35
08/04/2020,OAJ,NC,ASO,EN,Federal Contract Tower,13,1,0,0,14,0,5,5,0,10,13,6,5,0,24,0,0,0,24
08/05/2020,OAJ,NC,ASO,EN,Federal Contract Tower,11,2,5,0,18,0,5,6,0,11,11,7,11,0,29,24,20,44,73
08/06/2020,OAJ,NC,ASO,EN,Federal Contract Tower,15,3,4,0,22,0,2,8,0,10,15,5,12,0,32,40,8,48,80
08/07/2020,OAJ,NC,ASO,EN,Federal Contract Tower,14,0,7,2,23,0,8,16,2,26,14,8,23,4,49,44,2,46,95
08/08/2020,OAJ,NC,ASO,EN,Federal Contract Tower,14,0,2,0,16,0,9,4,2,15,14,9,6,2,31,18,0,18,49
08/09/2020,OAJ,NC,ASO,EN,Federal Contract Tower,14,1,0,0,15,0,5,14,0,19,14,6,14,0,34,24,0,24,58
08/10/2020,OAJ,NC,ASO,EN,Federal Contract Tower,14,0,2,0,16,0,9,5,0,14,14,9,7,0,30,20,0,20,50
08/11/2020,OAJ,NC,ASO,EN,Federal Contract Tower,12,2,4,2,20,0,4,2,0,6,12,6,6,2,26,12,0,12,38
08/12/2020,OAJ,NC,ASO,EN,Federal Contract Tower,12,2,2,7,23,0,6,9,0,15,12,8,11,7,38,10,16,26,64
08/13/2020,OAJ,NC,ASO,EN,Federal Contract Tower,12,2,1,0,15,0,4,3,8,15,12,6,4,8,30,10,32,42,72
08/14/2020,OAJ,NC,ASO,EN,Federal Contract Tower,14,1,4,0,19,0,8,2,4,14,14,9,6,4,33,0,36,36,69
08/15/2020,OAJ,NC,ASO,EN,Federal Contract Tower,13,2,0,0,15,0,1,3,4,8,13,3,3,4,23,6,12,18,41
08/16/2020,OAJ,NC,ASO,EN,Federal Contract Tower,14,1,9,0,24,0,1,5,2,8,14,2,14,2,32,8,0,8,40
08/17/2020,OAJ,NC,ASO,EN,Federal Contract Tower,15,2,1,0,18,0,3,8,7,18,15,5,9,7,36,12,28,40,76
08/18/2020,OAJ,NC,ASO,EN,Federal Contract Tower,12,2,1,0,15,0,4,11,0,15,12,6,12,0,30,18,12,30,60
08/19/2020,OAJ,NC,ASO,EN,Federal Contract Tower,14,4,0,0,18,0,1,7,2,10,14,5,7,2,28,4,6,10,38
08/20/2020,OAJ,NC,ASO,EN,Federal Contract Tower,14,3,3,0,20,0,10,3,8,21,14,13,6,8,41,0,2,2,43
08/21/2020,OAJ,NC,ASO,EN,Federal Contract Tower,14,0,3,0,17,0,3,2,5,10,14,3,5,5,27,14,40,54,81
08/22/2020,OAJ,NC,ASO,EN,Federal Contract Tower,14,0,5,3,22,0,8,8,6,22,14,8,13,9,44,14,34,48,92
08/23/2020,OAJ,NC,ASO,EN,Federal Contract Tower,14,0,7,4,25,0,2,6,1,9,14,2,13,5,34,4,0,4,38
08/24/2020,OAJ,NC,ASO,EN,Federal Contract Tower,14,2,7,0,23,0,1,4,1,6,14,3,11,1,29,6,0,6,35
08/25/2020,OAJ,NC,ASO,EN,Federal Contract Tower,12,2,0,2,16,0,3,11,0,14,12,5,11,2,30,12,0,12,42
08/26/2020,OAJ,NC,ASO,EN,Federal Contract Tower,12,2,5,0,19,0,3,14,0,17,12,5,19,0,36,6,10,16,52
08/27/2020,OAJ,NC,ASO,EN,Federal Contract Tower,14,2,2,0,18,0,4,6,5,15,14,6,8,5,33,0,10,10,43
08/28/2020,OAJ,NC,ASO,EN,Federal Contract Tower,14,0,8,1,23,0,7,9,3,19,14,7,17,4,42,4,4,8,50
08/29/2020,OAJ,NC,ASO,EN,Federal Contract Tower,14,0,3,4,21,0,4,4,3,11,14,4,7,7,32,6,0,6,38
08/30/2020,OAJ,NC,ASO,EN,Federal Contract Tower,12,0,4,2,18,0,4,11,1,16,12,4,15,3,34,22,0,22,56
08/31/2020,OAJ,NC,ASO,EN,Federal Contract Tower,17,3,6,2,28,0,4,3,1,8,17,7,9,3,36,10,6,16,52
09/01/2020,OAJ,NC,ASO,EN,Federal Contract Tower,12,2,0,0,14,0,5,6,2,13,12,7,6,2,27,12,18,30,57
09/02/2020,OAJ,NC,ASO,EN,Federal Contract Tower,12,3,0,0,15,0,2,0,0,2,12,5,0,0,17,24,30,54,71
09/03/2020,OAJ,NC,ASO,EN,Federal Contract Tower,14,4,5,0,23,0,6,10,2,18,14,10,15,2,41,10,10,20,61
09/04/2020,OAJ,NC,ASO,EN,Federal Contract Tower,14,2,2,6,24,0,8,8,2,18,14,10,10,8,42,6,4,10,52
09/05/2020,OAJ,NC,ASO,EN,Federal Contract Tower,14,3,1,0,18,0,6,12,0,18,14,9,13,0,36,0,0,0,36
09/06/2020,OAJ,NC,ASO,EN,Federal Contract Tower,14,3,1,0,18,0,10,13,0,23,14,13,14,0,41,26,0,26,67
09/07/2020,OAJ,NC,ASO,EN,Federal Contract Tower,13,2,4,0,19,0,2,13,0,15,13,4,17,0,34,6,0,6,40
09/08/2020,OAJ,NC,ASO,EN,Federal Contract Tower,12,2,2,2,18,0,2,0,0,2,12,4,2,2,20,0,0,0,20
09/09/2020,OAJ,NC,ASO,EN,Federal Contract Tower,13,5,5,0,23,0,2,0,0,2,13,7,5,0,25,0,0,0,25
09/10/2020,OAJ,NC,ASO,EN,Federal Contract Tower,16,2,3,10,31,0,4,2,4,10,16,6,5,14,41,14,22,36,77
09/11/2020,OAJ,NC,ASO,EN,Federal Contract Tower,14,2,1,0,17,0,0,1,7,8,14,2,2,7,25,40,28,68,93
09/12/2020,OAJ,NC,ASO,EN,Federal Contract Tower,14,4,8,0,26,0,6,2,13,21,14,10,10,13,47,4,68,72,119
09/13/2020,OAJ,NC,ASO,EN,Federal Contract Tower,13,1,6,8,28,0,1,4,9,14,13,2,10,17,42,2,34,36,78
09/14/2020,OAJ,NC,ASO,EN,Federal Contract Tower,14,2,5,2,23,0,3,6,1,10,14,5,11,3,33,0,0,0,33
09/15/2020,OAJ,NC,ASO,EN,Federal Contract Tower,14,2,1,2,19,0,4,11,0,15,14,6,12,2,34,0,0,0,34
09/16/2020,OAJ,NC,ASO,EN,Federal Contract Tower,12,3,3,2,20,0,7,4,0,11,12,10,7,2,31,0,0,0,31
09/17/2020,OAJ,NC,ASO,EN,Federal Contract Tower,16,4,4,0,24,0,0,0,0,0,16,4,4,0,24,0,0,0,24
09/18/2020,OAJ,NC,ASO,EN,Federal Contract Tower,14,3,4,2,23,0,1,0,1,2,14,4,4,3,25,0,0,0,25
09/19/2020,OAJ,NC,ASO,EN,Federal Contract Tower,14,0,2,0,16,0,4,4,2,10,14,4,6,2,26,0,0,0,26
09/20/2020,OAJ,NC,ASO,EN,Federal Contract Tower,14,5,5,0,24,0,4,8,5,17,14,9,13,5,41,6,40,46,87
09/21/2020,OAJ,NC,ASO,EN,Federal Contract Tower,14,4,2,0,20,0,2,7,2,11,14,6,9,2,31,26,26,52,83
09/22/2020,OAJ,NC,ASO,EN,Federal Contract Tower,14,3,10,0,27,0,3,10,2,15,14,6,20,2,42,18,26,44,86
09/23/2020,OAJ,NC,ASO,EN,Federal Contract Tower,14,2,5,2,23,0,7,8,0,15,14,9,13,2,38,8,30,38,76
09/24/2020,OAJ,NC,ASO,EN,Federal Contract Tower,14,2,6,2,24,0,4,8,0,12,14,6,14,2,36,32,34,66,102
09/25/2020,OAJ,NC,ASO,EN,Federal Contract Tower,13,0,1,0,14,0,4,4,4,12,13,4,5,4,26,0,22,22,48
09/26/2020,OAJ,NC,ASO,EN,Federal Contract Tower,14,0,11,0,25,0,3,2,0,5,14,3,13,0,30,14,0,14,44
09/27/2020,OAJ,NC,ASO,EN,Federal Contract Tower,14,0,8,2,24,0,4,5,0,9,14,4,13,2,33,0,0,0,33
09/28/2020,OAJ,NC,ASO,EN,Federal Contract Tower,14,4,1,3,22,0,2,6,3,11,14,6,7,6,33,20,16,36,69
09/29/2020,OAJ,NC,ASO,EN,Federal Contract Tower,14,2,0,0,16,0,1,0,0,1,14,3,0,0,17,0,0,0,17
09/30/2020,OAJ,NC,ASO,EN,Federal Contract Tower,14,2,7,4,27,0,3,10,2,15,14,5,17,6,42,14,64,78,120
10/01/2020,OAJ,NC,ASO,EN,Federal Contract Tower,14,2,0,0,16,0,3,19,8,30,14,5,19,8,46,12,28,40,86
10/02/2020,OAJ,NC,ASO,EN,Federal Contract Tower,13,0,9,0,22,0,0,17,2,19,13,0,26,2,41,2,0,2,43
10/03/2020,OAJ,NC,ASO,EN,Federal Contract Tower,14,0,11,0,25,0,4,30,4,38,14,4,41,4,63,6,0,6,69
10/04/2020,OAJ,NC,ASO,EN,Federal Contract Tower,14,0,10,0,24,0,6,4,2,12,14,6,14,2,36,0,0,0,36
10/05/2020,OAJ,NC,ASO,EN,Federal Contract Tower,14,2,0,0,16,0,2,14,2,18,14,4,14,2,34,2,4,6,40
10/06/2020,OAJ,NC,ASO,EN,Federal Contract Tower,14,2,5,0,21,0,2,13,0,15,14,4,18,0,36,6,12,18,54
10/07/2020,OAJ,NC,ASO,EN,Federal Contract Tower,11,4,6,0,21,0,4,11,2,17,11,8,17,2,38,4,0,4,42
10/08/2020,OAJ,NC,ASO,EN,Federal Contract Tower,24,2,2,2,30,0,4,14,2,20,24,6,16,4,50,0,24,24,74
10/09/2020,OAJ,NC,ASO,EN,Federal Contract Tower,15,0,7,0,22,0,7,10,0,17,15,7,17,0,39,2,0,2,41
10/10/2020,OAJ,NC,ASO,EN,Federal Contract Tower,14,0,0,0,14,0,7,6,0,13,14,7,6,0,27,30,0,30,57
10/11/2020,OAJ,NC,ASO,EN,Federal Contract Tower,14,2,1,2,19,0,0,0,0,0,14,2,1,2,19,0,0,0,19
10/12/2020,OAJ,NC,ASO,EN,Federal Contract Tower,14,2,1,0,17,0,6,14,0,20,14,8,15,0,37,16,0,16,53
10/13/2020,OAJ,NC,ASO,EN,Federal Contract Tower,12,2,4,0,18,0,2,6,0,8,12,4,10,0,26,10,10,20,46
10/14/2020,OAJ,NC,ASO,EN,Federal Contract Tower,12,4,4,2,22,0,6,25,0,31,12,10,29,2,53,44,0,44,97
10/15/2020,OAJ,NC,ASO,EN,Federal Contract Tower,16,2,3,0,21,0,11,14,2,27,16,13,17,2,48,44,2,46,94
10/16/2020,OAJ,NC,ASO,EN,Federal Contract Tower,14,1,1,2,18,0,0,6,4,10,14,1,7,6,28,14,18,32,60
10/17/2020,OAJ,NC,ASO,EN,Federal Contract Tower,14,1,3,0,18,0,4,6,4,14,14,5,9,4,32,10,10,20,52
10/18/2020,OAJ,NC,ASO,EN,Federal Contract Tower,13,0,4,2,19,0,2,13,5,20,13,2,17,7,39,24,0,24,63
10/19/2020,OAJ,NC,ASO,EN,Federal Contract Tower,14,2,6,13,35,0,2,8,3,13,14,4,14,16,48,60,20,80,128
10/20/2020,OAJ,NC,ASO,EN,Federal Contract Tower,11,2,6,0,19,0,2,7,2,11,11,4,13,2,30,52,22,74,104
10/21/2020,OAJ,NC,ASO,EN,Federal Contract Tower,22,2,2,6,32,0,4,19,0,23,22,6,21,6,55,0,62,62,117
10/22/2020,OAJ,NC,ASO,EN,Federal Contract Tower,16,2,13,4,35,0,2,9,4,15,16,4,22,8,50,26,38,64,114
10/23/2020,OAJ,NC,ASO,EN,Federal Contract Tower,15,0,2,10,27,0,6,6,0,12,15,6,8,10,39,16,44,60,99
10/24/2020,OAJ,NC,ASO,EN,Federal Contract Tower,14,0,5,2,21,0,3,11,0,14,14,3,16,2,35,6,32,38,73
10/25/2020,OAJ,NC,ASO,EN,Federal Contract Tower,12,1,0,0,13,0,0,0,0,0,12,1,0,0,13,0,0,0,13
10/26/2020,OAJ,NC,ASO,EN,Federal Contract Tower,12,2,2,2,18,0,7,5,0,12,12,9,7,2,30,12,0,12,42
10/27/2020,OAJ,NC,ASO,EN,Federal Contract Tower,15,2,6,0,23,0,0,18,0,18,15,2,24,0,41,52,0,52,93
10/28/2020,OAJ,NC,ASO,EN,Federal Contract Tower,13,2,3,0,18,0,3,13,0,16,13,5,16,0,34,10,34,44,78
10/29/2020,OAJ,NC,ASO,EN,Federal Contract Tower,13,2,1,4,20,0,2,3,4,9,13,4,4,8,29,4,32,36,65
10/30/2020,OAJ,NC,ASO,EN,Federal Contract Tower,11,0,5,4,20,0,4,3,10,17,11,4,8,14,37,20,82,102,139
10/31/2020,OAJ,NC,ASO,EN,Federal Contract Tower,10,0,3,0,13,0,4,14,0,18,10,4,17,0,31,4,0,4,35
11/01/2020,OAJ,NC,ASO,EN,Federal Contract Tower,9,1,0,0,10,0,7,2,4,13,9,8,2,4,23,0,8,8,31
11/02/2020,OAJ,NC,ASO,EN,Federal Contract Tower,12,2,0,0,14,0,6,8,2,16,12,8,8,2,30,10,20,30,60
11/03/2020,OAJ,NC,ASO,EN,Federal Contract Tower,11,3,5,0,19,0,3,13,2,18,11,6,18,2,37,10,0,10,47
11/04/2020,OAJ,NC,ASO,EN,Federal Contract Tower,9,2,5,4,20,0,5,9,2,16,9,7,14,6,36,4,32,36,72
11/05/2020,OAJ,NC,ASO,EN,Federal Contract Tower,14,2,5,0,21,0,8,4,8,20,14,10,9,8,41,0,32,32,73
11/06/2020,OAJ,NC,ASO,EN,Federal Contract Tower,13,1,0,1,15,0,2,4,5,11,13,3,4,6,26,14,24,38,64
11/07/2020,OAJ,NC,ASO,EN,Federal Contract Tower,14,1,14,2,31,0,0,9,2,11,14,1,23,4,42,10,0,10,52
11/08/2020,OAJ,NC,ASO,EN,Federal Contract Tower,14,2,4,0,20,0,6,10,2,18,14,8,14,2,38,0,0,0,38
11/09/2020,OAJ,NC,ASO,EN,Federal Contract Tower,13,3,8,0,24,0,6,9,0,15,13,9,17,0,39,36,0,36,75
11/10/2020,OAJ,NC,ASO,EN,Federal Contract Tower,12,2,1,4,19,0,5,6,0,11,12,7,7,4,30,2,12,14,44
11/11/2020,OAJ,NC,ASO,EN,Federal Contract Tower,8,7,4,3,22,0,1,0,9,10,8,8,4,12,32,0,38,38,70
11/12/2020,OAJ,NC,ASO,EN,Federal Contract Tower,13,4,0,0,17,0,0,0,0,0,13,4,0,0,17,0,0,0,17
11/13/2020,OAJ,NC,ASO,EN,Federal Contract Tower,11,0,0,2,13,0,2,0,0,2,11,2,0,2,15,0,0,0,15
11/14/2020,OAJ,NC,ASO,EN,Federal Contract Tower,14,0,11,0,25,0,2,26,0,28,14,2,37,0,53,30,0,30,83
11/15/2020,OAJ,NC,ASO,EN,Federal Contract Tower,14,0,2,0,16,0,2,1,0,3,14,2,3,0,19,12,0,12,31
11/16/2020,OAJ,NC,ASO,EN,Federal Contract Tower,14,2,2,2,20,0,4,2,0,6,14,6,4,2,26,20,0,20,46
11/17/2020,OAJ,NC,ASO,EN,Federal Contract Tower,10,2,1,0,13,0,7,11,4,22,10,9,12,4,35,16,66,82,117
11/19/2020,OAJ,NC,ASO,EN,Federal Contract Tower,16,4,2,5,27,0,2,15,4,21,16,6,17,9,48,30,0,30,78
11/20/2020,OAJ,NC,ASO,EN,Federal Contract Tower,16,0,0,4,20,0,8,20,11,39,16,8,20,15,59,44,40,84,143
11/21/2020,OAJ,NC,ASO,EN,Federal Contract Tower,14,0,11,0,25,0,3,25,10,38,14,3,36,10,63,0,22,22,85
11/22/2020,OAJ,NC,ASO,EN,Federal Contract Tower,13,0,8,0,21,0,1,12,1,14,13,1,20,1,35,26,18,44,79
11/23/2020,OAJ,NC,ASO,EN,Federal Contract Tower,11,6,2,0,19,0,3,9,2,14,11,9,11,2,33,0,2,2,35
11/24/2020,OAJ,NC,ASO,EN,Federal Contract Tower,14,3,8,0,25,0,8,15,3,26,14,11,23,3,51,24,42,66,117
11/25/2020,OAJ,NC,ASO,EN,Federal Contract Tower,13,4,7,0,24,0,5,9,2,16,13,9,16,2,40,0,14,14,54
11/26/2020,OAJ,NC,ASO,EN,Federal Contract Tower,10,0,3,0,13,0,0,5,0,5,10,0,8,0,18,10,0,10,28
11/27/2020,OAJ,NC,ASO,EN,Federal Contract Tower,11,2,9,0,22,0,0,6,0,6,11,2,15,0,28,20,0,20,48
11/28/2020,OAJ,NC,ASO,EN,Federal Contract Tower,15,1,2,0,18,0,1,10,0,11,15,2,12,0,29,2,0,2,31
11/29/2020,OAJ,NC,ASO,EN,Federal Contract Tower,18,2,6,0,26,0,3,6,0,9,18,5,12,0,35,4,0,4,39
11/30/2020,OAJ,NC,ASO,EN,Federal Contract Tower,16,1,1,2,20,0,1,3,2,6,16,2,4,4,26,0,34,34,60
12/01/2020,OAJ,NC,ASO,EN,Federal Contract Tower,13,2,1,0,16,0,5,8,4,17,13,7,9,4,33,0,62,62,95
12/02/2020,OAJ,NC,ASO,EN,Federal Contract Tower,9,2,0,4,15,0,3,14,10,27,9,5,14,14,42,0,2,2,44
12/03/2020,OAJ,NC,ASO,EN,Federal Contract Tower,14,3,2,2,21,0,7,6,9,22,14,10,8,11,43,14,90,104,147
12/04/2020,OAJ,NC,ASO,EN,Federal Contract Tower,13,1,7,2,23,0,4,12,8,24,13,5,19,10,47,22,24,46,93
12/05/2020,OAJ,NC,ASO,EN,Federal Contract Tower,10,1,5,0,16,0,1,8,2,11,10,2,13,2,27,6,0,6,33
12/06/2020,OAJ,NC,ASO,EN,Federal Contract Tower,14,3,4,0,21,0,6,6,4,16,14,9,10,4,37,0,0,0,37
12/07/2020,OAJ,NC,ASO,EN,Federal Contract Tower,14,1,1,0,16,0,0,0,0,0,14,1,1,0,16,0,0,0,16
12/08/2020,OAJ,NC,ASO,EN,Federal Contract Tower,9,2,0,7,18,0,10,4,1,15,9,12,4,8,33,4,20,24,57
12/09/2020,OAJ,NC,ASO,EN,Federal Contract Tower,9,3,5,0,17,0,2,2,8,12,9,5,7,8,29,0,40,40,69
12/10/2020,OAJ,NC,ASO,EN,Federal Contract Tower,14,5,8,0,27,0,1,15,14,30,14,6,23,14,57,4,50,54,111
12/11/2020,OAJ,NC,ASO,EN,Federal Contract Tower,13,1,4,0,18,0,5,13,9,27,13,6,17,9,45,0,74,74,119
12/12/2020,OAJ,NC,ASO,EN,Federal Contract Tower,10,1,6,1,18,0,0,17,9,26,10,1,23,10,44,18,0,18,62
12/13/2020,OAJ,NC,ASO,EN,Federal Contract Tower,15,1,6,3,25,0,3,2,3,8,15,4,8,6,33,8,0,8,41
12/14/2020,OAJ,NC,ASO,EN,Federal Contract Tower,15,2,1,4,22,0,2,2,2,6,15,4,3,6,28,0,14,14,42
12/15/2020,OAJ,NC,ASO,EN,Federal Contract Tower,9,2,3,2,16,0,14,4,12,30,9,16,7,14,46,12,96,108,154
12/17/2020,OAJ,NC,ASO,EN,Federal Contract Tower,16,2,2,0,20,0,8,0,10,18,16,10,2,10,38,28,78,106,144
12/18/2020,OAJ,NC,ASO,EN,Federal Contract Tower,15,2,4,3,24,0,10,10,8,28,15,12,14,11,52,6,24,30,82
12/19/2020,OAJ,NC,ASO,EN,Federal Contract Tower,16,1,2,0,19,0,7,5,7,19,16,8,7,7,38,0,4,4,42
12/20/2020,OAJ,NC,ASO,EN,Federal Contract Tower,16,0,2,2,20,0,0,0,0,0,16,0,2,2,20,0,0,0,20
12/21/2020,OAJ,NC,ASO,EN,Federal Contract Tower,16,1,8,5,30,0,3,2,1,6,16,4,10,6,36,4,22,26,62
12/22/2020,OAJ,NC,ASO,EN,Federal Contract Tower,16,2,2,2,22,0,5,11,6,22,16,7,13,8,44,2,36,38,82
12/23/2020,OAJ,NC,ASO,EN,Federal Contract Tower,17,2,16,0,35,0,3,8,0,11,17,5,24,0,46,6,0,6,52
12/24/2020,OAJ,NC,ASO,EN,Federal Contract Tower,10,1,0,0,11,0,6,0,0,6,10,7,0,0,17,0,0,0,17
12/25/2020,OAJ,NC,ASO,EN,Federal Contract Tower,12,0,0,0,12,0,9,0,0,9,12,9,0,0,21,0,0,0,21
12/26/2020,OAJ,NC,ASO,EN,Federal Contract Tower,16,2,3,0,21,0,5,10,0,15,16,7,13,0,36,0,0,0,36
12/27/2020,OAJ,NC,ASO,EN,Federal Contract Tower,16,0,6,0,22,0,5,20,0,25,16,5,26,0,47,0,0,0,47
12/28/2020,OAJ,NC,ASO,EN,Federal Contract Tower,16,1,0,0,17,0,9,4,0,13,16,10,4,0,30,0,0,0,30
12/29/2020,OAJ,NC,ASO,EN,Federal Contract Tower,16,2,7,0,25,0,6,5,7,18,16,8,12,7,43,0,22,22,65
12/30/2020,OAJ,NC,ASO,EN,Federal Contract Tower,16,2,1,0,19,0,8,6,3,17,16,10,7,3,36,0,8,8,44
12/31/2020,OAJ,NC,ASO,EN,Federal Contract Tower,11,2,1,1,15,0,0,3,1,4,11,2,4,2,19,2,0,2,21
01/01/2021,OAJ,NC,ASO,EN,Federal Contract Tower,10,0,2,0,12,0,0,0,0,0,10,0,2,0,12,0,0,0,12
01/02/2021,OAJ,NC,ASO,EN,Federal Contract Tower,22,0,2,0,24,0,0,0,0,0,22,0,2,0,24,0,0,0,24
01/03/2021,OAJ,NC,ASO,EN,Federal Contract Tower,17,0,2,0,19,0,4,1,1,6,17,4,3,1,25,0,0,0,25
01/04/2021,OAJ,NC,ASO,EN,Federal Contract Tower,16,4,0,0,20,0,2,4,0,6,16,6,4,0,26,10,0,10,36
01/05/2021,OAJ,NC,ASO,EN,Federal Contract Tower,10,2,0,2,14,0,2,4,6,12,10,4,4,8,26,8,0,8,34
01/06/2021,OAJ,NC,ASO,EN,Federal Contract Tower,11,4,0,2,17,0,7,10,4,21,11,11,10,6,38,10,8,18,56
01/07/2021,OAJ,NC,ASO,EN,Federal Contract Tower,16,2,1,0,19,0,8,16,2,26,16,10,17,2,45,0,4,4,49
01/08/2021,OAJ,NC,ASO,EN,Federal Contract Tower,19,0,3,0,22,0,0,0,2,2,19,0,3,2,24,0,24,24,48
01/09/2021,OAJ,NC,ASO,EN,Federal Contract Tower,10,0,5,0,15,0,2,7,0,9,10,2,12,0,24,6,0,6,30
01/10/2021,OAJ,NC,ASO,EN,Federal Contract Tower,16,1,3,0,20,0,0,15,0,15,16,1,18,0,35,16,0,16,51
01/11/2021,OAJ,NC,ASO,EN,Federal Contract Tower,16,4,5,2,27,0,2,3,0,5,16,6,8,2,32,12,0,12,44
01/12/2021,OAJ,NC,ASO,EN,Federal Contract Tower,10,2,4,2,18,0,1,0,0,1,10,3,4,2,19,30,0,30,49
01/13/2021,OAJ,NC,ASO,EN,Federal Contract Tower,17,2,1,0,20,0,6,10,7,23,17,8,11,7,43,0,54,54,97
01/14/2021,OAJ,NC,ASO,EN,Federal Contract Tower,16,2,2,1,21,0,6,3,6,15,16,8,5,7,36,14,46,60,96
01/15/2021,OAJ,NC,ASO,EN,Federal Contract Tower,17,3,3,2,25,0,6,6,4,16,17,9,9,6,41,12,26,38,79
01/16/2021,OAJ,NC,ASO,EN,Federal Contract Tower,11,0,0,0,11,0,7,9,0,16,11,7,9,0,27,16,0,16,43
01/17/2021,OAJ,NC,ASO,EN,Federal Contract Tower,14,0,6,0,20,0,4,12,4,20,14,4,18,4,40,6,0,6,46
01/18/2021,OAJ,NC,ASO,EN,Federal Contract Tower,16,2,0,2,20,0,9,9,4,22,16,11,9,6,42,0,0,0,42
01/19/2021,OAJ,NC,ASO,EN,Federal Contract Tower,12,2,2,0,16,0,8,12,2,22,12,10,14,2,38,10,0,10,48
01/20/2021,OAJ,NC,ASO,EN,Federal Contract Tower,11,2,1,1,15,0,8,12,2,22,11,10,13,3,37,0,34,34,71
01/21/2021,OAJ,NC,ASO,EN,Federal Contract Tower,16,2,0,0,18,0,6,5,12,23,16,8,5,12,41,6,56,62,103
01/22/2021,OAJ,NC,ASO,EN,Federal Contract Tower,16,0,0,0,16,0,4,2,8,14,16,4,2,8,30,6,22,28,58
01/23/2021,OAJ,NC,ASO,EN,Federal Contract Tower,10,0,2,1,13,0,6,12,3,21,10,6,14,4,34,6,22,28,62
01/24/2021,OAJ,NC,ASO,EN,Federal Contract Tower,17,0,6,0,23,0,4,23,0,27,17,4,29,0,50,26,0,26,76
01/25/2021,OAJ,NC,ASO,EN,Federal Contract Tower,15,2,0,0,17,0,0,0,0,0,15,2,0,0,17,0,0,0,17
01/26/2021,OAJ,NC,ASO,EN,Federal Contract Tower,10,0,0,0,10,0,0,0,0,0,10,0,0,0,10,0,0,0,10
01/27/2021,OAJ,NC,ASO,EN,Federal Contract Tower,12,2,0,0,14,0,2,0,5,7,12,4,0,5,21,0,70,70,91
01/28/2021,OAJ,NC,ASO,EN,Federal Contract Tower,12,2,4,0,18,0,4,6,12,22,12,6,10,12,40,0,30,30,70
01/29/2021,OAJ,NC,ASO,EN,Federal Contract Tower,16,0,0,0,16,0,5,21,9,35,16,5,21,9,51,4,4,8,59
01/30/2021,OAJ,NC,ASO,EN,Federal Contract Tower,10,0,6,5,21,0,3,89,3,95,10,3,95,8,116,0,8,8,124
01/31/2021,OAJ,NC,ASO,EN,Federal Contract Tower,16,0,0,0,16,0,0,0,1,1,16,0,0,1,17,0,0,0,17
02/01/2021,OAJ,NC,ASO,EN,Federal Contract Tower,18,4,2,2,26,0,2,0,0,2,18,6,2,2,28,0,0,0,28
02/02/2021,OAJ,NC,ASO,EN,Federal Contract Tower,12,2,1,0,15,0,16,26,1,43,12,18,27,1,58,18,38,56,114
02/03/2021,OAJ,NC,ASO,EN,Federal Contract Tower,11,4,3,0,18,0,5,35,5,45,11,9,38,5,63,0,40,40,103
02/04/2021,OAJ,NC,ASO,EN,Federal Contract Tower,18,4,0,2,24,0,4,60,11,75,18,8,60,13,99,60,56,116,215
02/05/2021,OAJ,NC,ASO,EN,Federal Contract Tower,20,0,2,0,22,0,2,0,3,5,20,2,2,3,27,2,20,22,49
02/06/2021,OAJ,NC,ASO,EN,Federal Contract Tower,11,2,5,0,18,0,4,68,8,80,11,6,73,8,98,2,26,28,126
02/07/2021,OAJ,NC,ASO,EN,Federal Contract Tower,15,0,2,0,17,0,2,0,0,2,15,2,2,0,19,0,0,0,19
02/08/2021,OAJ,NC,ASO,EN,Federal Contract Tower,19,2,7,2,30,0,1,9,4,14,19,3,16,6,44,0,10,10,54
02/09/2021,OAJ,NC,ASO,EN,Federal Contract Tower,12,2,4,6,24,0,6,10,16,32,12,8,14,22,56,34,68,102,158
02/10/2021,OAJ,NC,ASO,EN,Federal Contract Tower,11,2,7,5,25,0,5,2,4,11,11,7,9,9,36,0,72,72,108
02/11/2021,OAJ,NC,ASO,EN,Federal Contract Tower,16,3,3,0,22,0,0,0,1,1,16,3,3,1,23,0,20,20,43
02/12/2021,OAJ,NC,ASO,EN,Federal Contract Tower,16,2,4,2,24,0,0,0,0,0,16,2,4,2,24,0,0,0,24
02/13/2021,OAJ,NC,ASO,EN,Federal Contract Tower,10,3,2,0,15,0,0,0,0,0,10,3,2,0,15,0,0,0,15
02/14/2021,OAJ,NC,ASO,EN,Federal Contract Tower,11,0,0,0,11,0,0,0,0,0,11,0,0,0,11,0,0,0,11
02/15/2021,OAJ,NC,ASO,EN,Federal Contract Tower,14,2,4,0,20,0,0,0,0,0,14,2,4,0,20,0,0,0,20
02/16/2021,OAJ,NC,ASO,EN,Federal Contract Tower,11,4,0,2,17,0,5,1,2,8,11,9,1,4,25,0,26,26,51
02/17/2021,OAJ,NC,ASO,EN,Federal Contract Tower,11,2,8,0,21,0,18,8,0,26,11,20,16,0,47,0,0,0,47
02/18/2021,OAJ,NC,ASO,EN,Federal Contract Tower,16,2,0,0,18,0,0,0,0,0,16,2,0,0,18,0,0,0,18
02/19/2021,OAJ,NC,ASO,EN,Federal Contract Tower,17,0,0,0,17,0,1,0,5,6,17,1,0,5,23,0,12,12,35
02/20/2021,OAJ,NC,ASO,EN,Federal Contract Tower,11,0,2,2,15,0,4,25,9,38,11,4,27,11,53,8,0,8,61
02/21/2021,OAJ,NC,ASO,EN,Federal Contract Tower,17,0,0,0,17,0,4,10,6,20,17,4,10,6,37,0,8,8,45
02/22/2021,OAJ,NC,ASO,EN,Federal Contract Tower,17,2,0,0,19,0,3,3,4,10,17,5,3,4,29,0,50,50,79
02/23/2021,OAJ,NC,ASO,EN,Federal Contract Tower,12,2,5,0,19,0,5,6,3,14,12,7,11,3,33,0,6,6,39
02/24/2021,OAJ,NC,ASO,EN,Federal Contract Tower,10,5,3,0,18,0,4,0,5,9,10,9,3,5,27,0,20,20,47
02/25/2021,OAJ,NC,ASO,EN,Federal Contract Tower,15,6,4,0,25,0,8,11,6,25,15,14,15,6,50,0,58,58,108
02/26/2021,OAJ,NC,ASO,EN,Federal Contract Tower,16,3,4,3,26,0,4,2,11,17,16,7,6,14,43,0,20,20,63
02/27/2021,OAJ,NC,ASO,EN,Federal Contract Tower,10,1,0,0,11,0,4,15,2,21,10,5,15,2,32,14,0,14,46
02/28/2021,OAJ,NC,ASO,EN,Federal Contract Tower,19,3,1,0,23,0,4,0,0,4,19,7,1,0,27,0,0,0,27
03/01/2021,OAJ,NC,ASO,EN,Federal Contract Tower,19,2,2,4,27,0,6,1,7,14,19,8,3,11,41,0,44,44,85
03/02/2021,OAJ,NC,ASO,EN,Federal Contract Tower,10,4,2,2,18,0,4,6,12,22,10,8,8,14,40,0,58,58,98
03/03/2021,OAJ,NC,ASO,EN,Federal Contract Tower,12,2,2,0,16,0,4,7,15,26,12,6,9,15,42,0,84,84,126
03/04/2021,OAJ,NC,ASO,EN,Federal Contract Tower,18,7,1,0,26,0,2,10,28,40,18,9,11,28,66,4,64,68,134
03/05/2021,OAJ,NC,ASO,EN,Federal Contract Tower,17,2,14,1,34,0,1,14,7,22,17,3,28,8,56,0,36,36,92
03/06/2021,OAJ,NC,ASO,EN,Federal Contract Tower,17,0,3,0,20,0,0,14,0,14,17,0,17,0,34,2,0,2,36
03/07/2021,OAJ,NC,ASO,EN,Federal Contract Tower,17,1,5,0,23,0,9,10,0,19,17,10,15,0,42,4,0,4,46
03/08/2021,OAJ,NC,ASO,EN,Federal Contract Tower,20,2,11,2,35,0,2,6,4,12,20,4,17,6,47,2,76,78,125
03/09/2021,OAJ,NC,ASO,EN,Federal Contract Tower,16,2,1,0,19,0,13,12,8,33,16,15,13,8,52,0,54,54,106
03/10/2021,OAJ,NC,ASO,EN,Federal Contract Tower,17,3,2,0,22,0,11,8,2,21,17,14,10,2,43,2,18,20,63
03/11/2021,OAJ,NC,ASO,EN,Federal Contract Tower,18,2,5,1,26,0,2,12,6,20,18,4,17,7,46,2,54,56,102
03/12/2021,OAJ,NC,ASO,EN,Federal Contract Tower,18,1,1,0,20,0,9,15,5,29,18,10,16,5,49,2,56,58,107
03/13/2021,OAJ,NC,ASO,EN,Federal Contract Tower,17,0,12,4,33,0,6,8,0,14,17,6,20,4,47,0,0,0,47
03/14/2021,OAJ,NC,ASO,EN,Federal Contract Tower,18,1,3,0,22,0,5,8,0,13,18,6,11,0,35,0,10,10,45
03/15/2021,OAJ,NC,ASO,EN,Federal Contract Tower,20,2,1,4,27,0,1,0,4,5,20,3,1,8,32,0,4,4,36
03/16/2021,OAJ,NC,ASO,EN,Federal Contract Tower,15,6,2,6,29,0,0,0,0,0,15,6,2,6,29,0,0,0,29
03/17/2021,OAJ,NC,ASO,EN,Federal Contract Tower,16,3,4,1,24,0,1,0,0,1,16,4,4,1,25,0,28,28,53
03/18/2021,OAJ,NC,ASO,EN,Federal Contract Tower,18,0,0,0,18,0,2,0,0,2,18,2,0,0,20,0,0,0,20
03/19/2021,OAJ,NC,ASO,EN,Federal Contract Tower,18,0,2,1,21,0,2,0,3,5,18,2,2,4,26,0,20,20,46
03/20/2021,OAJ,NC,ASO,EN,Federal Contract Tower,17,0,0,2,19,0,5,2,0,7,17,5,2,2,26,0,0,0,26
03/21/2021,OAJ,NC,ASO,EN,Federal Contract Tower,17,0,7,0,24,0,5,6,0,11,17,5,13,0,35,0,0,0,35
03/22/2021,OAJ,NC,ASO,EN,Federal Contract Tower,17,2,3,0,22,0,1,2,0,3,17,3,5,0,25,0,8,8,33
03/23/2021,OAJ,NC,ASO,EN,Federal Contract Tower,15,6,2,0,23,0,4,0,0,4,15,10,2,0,27,0,0,0,27
03/24/2021,OAJ,NC,ASO,EN,Federal Contract Tower,16,2,2,0,20,0,5,4,2,11,16,7,6,2,31,12,70,82,113
03/25/2021,OAJ,NC,ASO,EN,Federal Contract Tower,17,5,4,1,27,0,7,2,2,11,17,12,6,3,38,0,24,24,62
03/26/2021,OAJ,NC,ASO,EN,Federal Contract Tower,23,0,3,0,26,0,6,5,6,17,23,6,8,6,43,0,14,14,57
03/27/2021,OAJ,NC,ASO,EN,Federal Contract Tower,16,1,5,0,22,0,2,9,0,11,16,3,14,0,33,4,0,4,37
03/28/2021,OAJ,NC,ASO,EN,Federal Contract Tower,19,0,5,0,24,0,0,2,0,2,19,0,7,0,26,0,0,0,26
03/29/2021,OAJ,NC,ASO,EN,Federal Contract Tower,19,2,9,0,30,0,1,18,0,19,19,3,27,0,49,6,0,6,55
03/30/2021,OAJ,NC,ASO,EN,Federal Contract Tower,16,3,3,0,22,0,5,7,3,15,16,8,10,3,37,4,18,22,59
03/31/2021,OAJ,NC,ASO,EN,Federal Contract Tower,18,3,0,2,23,0,1,1,3,5,18,4,1,5,28,0,42,42,70
04/01/2021,OAJ,NC,ASO,EN,Federal Contract Tower,18,5,3,0,26,0,5,5,1,11,18,10,8,1,37,22,0,22,59
04/02/2021,OAJ,NC,ASO,EN,Federal Contract Tower,20,0,7,0,27,0,5,10,0,15,20,5,17,0,42,2,0,2,44
04/03/2021,OAJ,NC,ASO,EN,Federal Contract Tower,18,1,2,1,22,0,7,9,1,17,18,8,11,2,39,0,0,0,39
04/04/2021,OAJ,NC,ASO,EN,Federal Contract Tower,18,0,5,0,23,0,3,14,1,18,18,3,19,1,41,0,0,0,41
04/05/2021,OAJ,NC,ASO,EN,Federal Contract Tower,18,3,2,1,24,0,9,10,3,22,18,12,12,4,46,4,24,28,74
04/06/2021,OAJ,NC,ASO,EN,Federal Contract Tower,16,2,1,2,21,0,11,11,2,24,16,13,12,4,45,6,28,34,79
04/07/2021,OAJ,NC,ASO,EN,Federal Contract Tower,20,3,2,0,25,0,6,8,2,16,20,9,10,2,41,32,26,58,99
04/08/2021,OAJ,NC,ASO,EN,Federal Contract Tower,19,3,3,10,35,0,3,15,3,21,19,6,18,13,56,0,12,12,68
04/09/2021,OAJ,NC,ASO,EN,Federal Contract Tower,20,0,4,3,27,0,7,11,0,18,20,7,15,3,45,22,0,22,67
04/10/2021,OAJ,NC,ASO,EN,Federal Contract Tower,17,0,2,1,20,0,7,11,0,18,17,7,13,1,38,22,0,22,60
04/11/2021,OAJ,NC,ASO,EN,Federal Contract Tower,19,1,2,2,24,0,6,7,0,13,19,7,9,2,37,26,0,26,63
04/12/2021,OAJ,NC,ASO,EN,Federal Contract Tower,19,2,2,2,25,0,2,7,2,11,19,4,9,4,36,2,20,22,58
04/13/2021,OAJ,NC,ASO,EN,Federal Contract Tower,19,3,3,4,29,0,9,4,4,17,19,12,7,8,46,18,56,74,120
04/14/2021,OAJ,NC,ASO,EN,Federal Contract Tower,19,3,2,2,26,0,10,18,2,30,19,13,20,4,56,8,30,38,94
04/15/2021,OAJ,NC,ASO,EN,Federal Contract Tower,17,3,6,2,28,0,5,10,2,17,17,8,16,4,45,34,4,38,83
04/16/2021,OAJ,NC,ASO,EN,Federal Contract Tower,19,0,6,1,26,0,2,13,14,29,19,2,19,15,55,0,24,24,79
04/17/2021,OAJ,NC,ASO,EN,Federal Contract Tower,17,0,7,0,24,0,10,5,0,15,17,10,12,0,39,0,0,0,39
04/18/2021,OAJ,NC,ASO,EN,Federal Contract Tower,17,3,11,0,31,0,6,6,0,12,17,9,17,0,43,16,0,16,59
04/19/2021,OAJ,NC,ASO,EN,Federal Contract Tower,17,4,0,2,23,0,12,4,2,18,17,16,4,4,41,16,0,16,57
04/20/2021,OAJ,NC,ASO,EN,Federal Contract Tower,17,2,2,2,23,0,2,4,4,10,17,4,6,6,33,0,8,8,41
04/21/2021,OAJ,NC,ASO,EN,Federal Contract Tower,19,3,5,6,33,0,8,3,4,15,19,11,8,10,48,0,20,20,68
04/22/2021,OAJ,NC,ASO,EN,Federal Contract Tower,20,4,3,0,27,0,4,3,4,11,20,8,6,4,38,0,10,10,48
04/23/2021,OAJ,NC,ASO,EN,Federal Contract Tower,19,0,3,2,24,0,5,16,6,27,19,5,19,8,51,8,32,40,91
04/24/2021,OAJ,NC,ASO,EN,Federal Contract Tower,16,0,5,0,21,0,1,6,0,7,16,1,11,0,28,16,0,16,44
04/25/2021,OAJ,NC,ASO,EN,Federal Contract Tower,17,2,6,2,27,0,4,6,2,12,17,6,12,4,39,20,14,34,73
04/26/2021,OAJ,NC,ASO,EN,Federal Contract Tower,18,8,0,0,26,0,13,4,2,19,18,21,4,2,45,40,18,58,103
04/27/2021,OAJ,NC,ASO,EN,Federal Contract Tower,16,2,7,2,27,0,4,9,3,16,16,6,16,5,43,28,26,54,97
04/28/2021,OAJ,NC,ASO,EN,Federal Contract Tower,18,2,3,0,23,0,9,21,2,32,18,11,24,2,55,56,18,74,129
04/29/2021,OAJ,NC,ASO,EN,Federal Contract Tower,17,4,2,2,25,0,8,0,10,18,17,12,2,12,43,6,60,66,109
04/30/2021,OAJ,NC,ASO,EN,Federal Contract Tower,18,0,1,4,23,0,5,6,4,15,18,5,7,8,38,0,38,38,76
05/01/2021,OAJ,NC,ASO,EN,Federal Contract Tower,17,0,3,2,22,0,9,0,0,9,17,9,3,2,31,0,0,0,31
05/02/2021,OAJ,NC,ASO,EN,Federal Contract Tower,16,0,6,0,22,0,5,9,0,14,16,5,15,0,36,0,0,0,36
05/03/2021,OAJ,NC,ASO,EN,Federal Contract Tower,16,2,2,1,21,0,3,0,1,4,16,5,2,2,25,0,24,24,49
05/04/2021,OAJ,NC,ASO,EN,Federal Contract Tower,12,2,2,2,18,0,6,6,3,15,12,8,8,5,33,0,20,20,53
05/05/2021,OAJ,NC,ASO,EN,Federal Contract Tower,18,2,1,0,21,0,3,0,4,7,18,5,1,4,28,0,16,16,44
05/06/2021,OAJ,NC,ASO,EN,Federal Contract Tower,15,4,3,1,23,0,7,6,5,18,15,11,9,6,41,2,18,20,61
05/07/2021,OAJ,NC,ASO,EN,Federal Contract Tower,14,0,0,6,20,0,2,2,5,9,14,2,2,11,29,8,26,34,63
05/08/2021,OAJ,NC,ASO,EN,Federal Contract Tower,11,0,6,2,19,0,3,4,8,15,11,3,10,10,34,10,22,32,66
05/09/2021,OAJ,NC,ASO,EN,Federal Contract Tower,16,0,6,6,28,0,3,22,4,29,16,3,28,10,57,2,8,10,67
05/10/2021,OAJ,NC,ASO,EN,Federal Contract Tower,14,2,5,0,21,0,2,0,4,6,14,4,5,4,27,0,24,24,51
05/11/2021,OAJ,NC,ASO,EN,Federal Contract Tower,14,2,4,6,26,0,10,0,8,18,14,12,4,14,44,4,32,36,80
05/12/2021,OAJ,NC,ASO,EN,Federal Contract Tower,20,2,2,0,24,0,0,0,0,0,20,2,2,0,24,0,0,0,24
05/13/2021,OAJ,NC,ASO,EN,Federal Contract Tower,15,2,2,6,25,0,6,4,8,18,15,8,6,14,43,28,26,54,97
05/14/2021,OAJ,NC,ASO,EN,Federal Contract Tower,15,2,11,1,29,0,2,18,0,20,15,4,29,1,49,20,0,20,69
05/15/2021,OAJ,NC,ASO,EN,Federal Contract Tower,11,0,13,0,24,0,6,8,0,14,11,6,21,0,38,0,0,0,38
05/16/2021,OAJ,NC,ASO,EN,Federal Contract Tower,13,2,6,0,21,0,8,11,0,19,13,10,17,0,40,0,0,0,40
05/17/2021,OAJ,NC,ASO,EN,Federal Contract Tower,15,2,6,1,24,0,2,3,3,8,15,4,9,4,32,6,6,12,44
05/18/2021,OAJ,NC,ASO,EN,Federal Contract Tower,14,2,3,0,19,0,15,2,3,20,14,17,5,3,39,0,44,44,83
05/19/2021,OAJ,NC,ASO,EN,Federal Contract Tower,19,4,2,0,25,0,7,9,5,21,19,11,11,5,46,0,16,16,62
05/20/2021,OAJ,NC,ASO,EN,Federal Contract Tower,21,2,2,0,25,0,7,13,6,26,21,9,15,6,51,2,0,2,53
05/21/2021,OAJ,NC,ASO,EN,Federal Contract Tower,15,0,4,0,19,0,4,4,4,12,15,4,8,4,31,0,18,18,49
05/22/2021,OAJ,NC,ASO,EN,Federal Contract Tower,12,1,3,0,16,0,16,9,0,25,12,17,12,0,41,10,0,10,51
05/23/2021,OAJ,NC,ASO,EN,Federal Contract Tower,14,0,1,0,15,0,11,7,0,18,14,11,8,0,33,0,0,0,33
05/24/2021,OAJ,NC,ASO,EN,Federal Contract Tower,17,2,0,0,19,0,8,4,0,12,17,10,4,0,31,0,22,22,53
05/25/2021,OAJ,NC,ASO,EN,Federal Contract Tower,15,3,3,2,23,0,2,5,6,13,15,5,8,8,36,0,54,54,90
05/26/2021,OAJ,NC,ASO,EN,Federal Contract Tower,15,2,2,0,19,0,6,3,5,14,15,8,5,5,33,0,72,72,105
05/27/2021,OAJ,NC,ASO,EN,Federal Contract Tower,14,4,3,0,21,0,10,8,6,24,14,14,11,6,45,2,22,24,69
05/28/2021,OAJ,NC,ASO,EN,Federal Contract Tower,15,0,1,0,16,0,3,1,2,6,15,3,2,2,22,0,36,36,58
05/29/2021,OAJ,NC,ASO,EN,Federal Contract Tower,11,0,0,0,11,0,9,1,0,10,11,9,1,0,21,4,0,4,25
05/30/2021,OAJ,NC,ASO,EN,Federal Contract Tower,14,1,0,0,15,0,2,0,0,2,14,3,0,0,17,0,0,0,17
05/31/2021,OAJ,NC,ASO,EN,Federal Contract Tower,15,0,6,0,21,0,9,7,0,16,15,9,13,0,37,0,0,0,37
06/01/2021,OAJ,NC,ASO,EN,Federal Contract Tower,13,2,3,2,20,0,6,12,4,22,13,8,15,6,42,6,78,84,126
06/02/2021,OAJ,NC,ASO,EN,Federal Contract Tower,18,2,0,0,20,0,14,0,1,15,18,16,0,1,35,0,18,18,53
06/03/2021,OAJ,NC,ASO,EN,Federal Contract Tower,14,4,1,0,19,0,0,0,0,0,14,4,1,0,19,0,0,0,19
06/04/2021,OAJ,NC,ASO,EN,Federal Contract Tower,14,1,3,0,18,0,6,1,6,13,14,7,4,6,31,0,0,0,31
06/05/2021,OAJ,NC,ASO,EN,Federal Contract Tower,11,0,0,0,11,0,4,5,0,9,11,4,5,0,20,6,0,6,26
06/06/2021,OAJ,NC,ASO,EN,Federal Contract Tower,12,2,0,0,14,0,2,2,0,4,12,4,2,0,18,0,0,0,18
06/07/2021,OAJ,NC,ASO,EN,Federal Contract Tower,11,2,0,0,13,0,10,0,8,18,11,12,0,8,31,2,86,88,119
06/08/2021,OAJ,NC,ASO,EN,Federal Contract Tower,14,2,5,0,21,0,2,4,0,6,14,4,9,0,27,0,36,36,63
06/09/2021,OAJ,NC,ASO,EN,Federal Contract Tower,12,2,5,0,19,0,2,0,3,5,12,4,5,3,24,0,52,52,76
06/10/2021,OAJ,NC,ASO,EN,Federal Contract Tower,13,3,1,0,17,0,4,3,2,9,13,7,4,2,26,0,8,8,34
06/11/2021,OAJ,NC,ASO,EN,Federal Contract Tower,13,0,0,2,15,0,5,10,0,15,13,5,10,2,30,6,14,20,50
06/12/2021,OAJ,NC,ASO,EN,Federal Contract Tower,10,0,2,3,15,0,0,0,5,5,10,0,2,8,20,0,16,16,36
06/13/2021,OAJ,NC,ASO,EN,Federal Contract Tower,14,2,2,0,18,0,1,7,0,8,14,3,9,0,26,0,0,0,26
06/14/2021,OAJ,NC,ASO,EN,Federal Contract Tower,13,7,3,0,23,0,9,8,4,21,13,16,11,4,44,2,20,22,66
06/15/2021,OAJ,NC,ASO,EN,Federal Contract Tower,14,3,2,0,19,0,4,7,8,19,14,7,9,8,38,0,52,52,90
06/16/2021,OAJ,NC,ASO,EN,Federal Contract Tower,14,2,8,0,24,0,5,16,2,23,14,7,24,2,47,0,28,28,75
06/17/2021,OAJ,NC,ASO,EN,Federal Contract Tower,13,2,5,1,21,0,11,8,3,22,13,13,13,4,43,0,0,0,43
06/18/2021,OAJ,NC,ASO,EN,Federal Contract Tower,14,0,9,0,23,0,10,8,3,21,14,10,17,3,44,0,0,0,44
06/19/2021,OAJ,NC,ASO,EN,Federal Contract Tower,11,0,0,0,11,0,6,8,0,14,11,6,8,0,25,0,0,0,25
06/20/2021,OAJ,NC,ASO,EN,Federal Contract Tower,13,0,1,0,14,0,2,0,4,6,13,2,1,4,20,0,0,0,20
06/21/2021,OAJ,NC,ASO,EN,Federal Contract Tower,14,4,6,0,24,0,7,0,4,11,14,11,6,4,35,0,28,28,63
06/22/2021,OAJ,NC,ASO,EN,Federal Contract Tower,13,3,0,0,16,0,1,0,6,7,13,4,0,6,23,0,40,40,63
06/23/2021,OAJ,NC,ASO,EN,Federal Contract Tower,12,3,7,0,22,0,4,5,4,13,12,7,12,4,35,0,58,58,93
06/24/2021,OAJ,NC,ASO,EN,Federal Contract Tower,13,2,3,1,19,0,3,15,9,27,13,5,18,10,46,6,44,50,96
06/25/2021,OAJ,NC,ASO,EN,Federal Contract Tower,13,0,7,0,20,0,6,4,8,18,13,6,11,8,38,52,24,76,114
06/26/2021,OAJ,NC,ASO,EN,Federal Contract Tower,11,0,3,0,14,0,8,6,0,14,11,8,9,0,28,0,0,0,28
06/27/2021,OAJ,NC,ASO,EN,Federal Contract Tower,13,2,7,0,22,0,6,11,0,17,13,8,18,0,39,0,0,0,39
06/28/2021,OAJ,NC,ASO,EN,Federal Contract Tower,13,2,5,6,26,0,5,5,0,10,13,7,10,6,36,0,0,0,36
06/29/2021,OAJ,NC,ASO,EN,Federal Contract Tower,13,3,3,0,19,0,3,9,3,15,13,6,12,3,34,34,18,52,86
06/30/2021,OAJ,NC,ASO,EN,Federal Contract Tower,13,4,5,0,22,0,3,0,7,10,13,7,5,7,32,0,36,36,68
07/01/2021,OAJ,NC,ASO,EN,Federal Contract Tower,12,2,3,3,20,0,5,5,9,19,12,7,8,12,39,4,40,44,83
07/02/2021,OAJ,NC,ASO,EN,Federal Contract Tower,12,0,7,1,20,0,0,1,5,6,12,0,8,6,26,0,32,32,58
07/03/2021,OAJ,NC,ASO,EN,Federal Contract Tower,12,0,4,0,16,0,5,10,0,15,12,5,14,0,31,8,0,8,39
07/04/2021,OAJ,NC,ASO,EN,Federal Contract Tower,7,0,4,0,11,0,2,3,0,5,7,2,7,0,16,4,0,4,20
07/05/2021,OAJ,NC,ASO,EN,Federal Contract Tower,13,0,0,1,14,0,4,15,1,20,13,4,15,2,34,8,0,8,42
07/06/2021,OAJ,NC,ASO,EN,Federal Contract Tower,14,5,2,2,23,0,9,6,0,15,14,14,8,2,38,30,0,30,68
07/07/2021,OAJ,NC,ASO,EN,Federal Contract Tower,13,2,0,4,19,0,10,0,3,13,13,12,0,7,32,10,22,32,64
07/08/2021,OAJ,NC,ASO,EN,Federal Contract Tower,11,2,0,1,14,0,0,0,0,0,11,2,0,1,14,0,0,0,14
07/09/2021,OAJ,NC,ASO,EN,Federal Contract Tower,11,2,2,1,16,0,4,13,8,25,11,6,15,9,41,16,50,66,107
07/10/2021,OAJ,NC,ASO,EN,Federal Contract Tower,10,0,8,0,18,0,11,12,2,25,10,11,20,2,43,0,0,0,43
07/11/2021,OAJ,NC,ASO,EN,Federal Contract Tower,13,4,2,0,19,0,6,1,0,7,13,10,3,0,26,0,0,0,26
07/12/2021,OAJ,NC,ASO,EN,Federal Contract Tower,13,2,2,0,17,0,3,0,4,7,13,5,2,4,24,0,22,22,46
07/13/2021,OAJ,NC,ASO,EN,Federal Contract Tower,13,2,3,0,18,0,8,6,13,27,13,10,9,13,45,2,58,60,105
07/14/2021,OAJ,NC,ASO,EN,Federal Contract Tower,13,4,2,0,19,0,9,8,4,21,13,13,10,4,40,0,42,42,82
07/15/2021,OAJ,NC,ASO,EN,Federal Contract Tower,12,2,2,2,18,0,3,1,5,9,12,5,3,7,27,0,76,76,103
07/16/2021,OAJ,NC,ASO,EN,Federal Contract Tower,13,1,0,0,14,0,8,8,7,23,13,9,8,7,37,6,44,50,87
07/17/2021,OAJ,NC,ASO,EN,Federal Contract Tower,11,0,4,0,15,0,6,11,0,17,11,6,15,0,32,6,0,6,38
07/18/2021,OAJ,NC,ASO,EN,Federal Contract Tower,13,0,1,0,14,0,2,4,0,6,13,2,5,0,20,0,0,0,20
07/19/2021,OAJ,NC,ASO,EN,Federal Contract Tower,12,2,1,0,15,0,0,0,4,4,12,2,1,4,19,0,0,0,19
07/20/2021,OAJ,NC,ASO,EN,Federal Contract Tower,12,3,1,0,16,0,5,0,2,7,12,8,1,2,23,0,12,12,35
07/21/2021,OAJ,NC,ASO,EN,Federal Contract Tower,16,2,5,0,23,0,2,0,2,4,16,4,5,2,27,0,30,30,57
07/22/2021,OAJ,NC,ASO,EN,Federal Contract Tower,14,3,1,2,20,0,7,7,4,18,14,10,8,6,38,8,60,68,106
07/23/2021,OAJ,NC,ASO,EN,Federal Contract Tower,13,0,2,0,15,0,5,12,4,21,13,5,14,4,36,0,22,22,58
07/24/2021,OAJ,NC,ASO,EN,Federal Contract Tower,11,2,2,0,15,0,4,14,0,18,11,6,16,0,33,0,0,0,33
07/25/2021,OAJ,NC,ASO,EN,Federal Contract Tower,12,0,4,0,16,0,10,10,0,20,12,10,14,0,36,6,0,6,42
07/26/2021,OAJ,NC,ASO,EN,Federal Contract Tower,12,2,2,0,16,0,7,2,0,9,12,9,4,0,25,0,0,0,25
07/27/2021,OAJ,NC,ASO,EN,Federal Contract Tower,13,2,2,0,17,0,6,0,6,12,13,8,2,6,29,0,42,42,71
07/28/2021,OAJ,NC,ASO,EN,Federal Contract Tower,11,2,9,0,22,0,7,2,2,11,11,9,11,2,33,0,0,0,33
07/29/2021,OAJ,NC,ASO,EN,Federal Contract Tower,12,2,5,0,19,0,2,10,7,19,12,4,15,7,38,14,52,66,104
07/30/2021,OAJ,NC,ASO,EN,Federal Contract Tower,13,0,7,0,20,0,9,7,3,19,13,9,14,3,39,4,12,16,55
07/31/2021,OAJ,NC,ASO,EN,Federal Contract Tower,11,7,2,2,22,0,1,2,0,3,11,8,4,2,25,22,0,22,47
08/01/2021,OAJ,NC,ASO,EN,Federal Contract Tower,12,1,10,0,23,0,2,2,0,4,12,3,12,0,27,0,0,0,27
08/02/2021,OAJ,NC,ASO,EN,Federal Contract Tower,13,3,9,0,25,0,1,1,0,2,13,4,10,0,27,0,26,26,53
08/03/2021,OAJ,NC,ASO,EN,Federal Contract Tower,12,2,0,0,14,0,0,0,4,4,12,2,0,4,18,0,20,20,38
08/04/2021,OAJ,NC,ASO,EN,Federal Contract Tower,12,9,9,2,32,0,2,0,0,2,12,11,9,2,34,0,0,0,34
08/05/2021,OAJ,NC,ASO,EN,Federal Contract Tower,13,2,4,0,19,0,4,2,10,16,13,6,6,10,35,16,74,90,125
08/06/2021,OAJ,NC,ASO,EN,Federal Contract Tower,13,1,3,0,17,0,0,4,4,8,13,1,7,4,25,0,18,18,43
08/07/2021,OAJ,NC,ASO,EN,Federal Contract Tower,10,1,3,0,14,0,0,0,6,6,10,1,3,6,20,0,26,26,46
08/08/2021,OAJ,NC,ASO,EN,Federal Contract Tower,12,3,10,0,25,0,2,31,6,39,12,5,41,6,64,8,0,8,72
08/09/2021,OAJ,NC,ASO,EN,Federal Contract Tower,12,2,3,0,17,0,6,13,4,23,12,8,16,4,40,0,0,0,40
08/10/2021,OAJ,NC,ASO,EN,Federal Contract Tower,13,3,1,0,17,0,3,20,4,27,13,6,21,4,44,106,74,180,224
08/11/2021,OAJ,NC,ASO,EN,Federal Contract Tower,12,3,1,4,20,0,10,13,4,27,12,13,14,8,47,10,22,32,79
08/12/2021,OAJ,NC,ASO,EN,Federal Contract Tower,12,3,0,0,15,0,8,8,4,20,12,11,8,4,35,12,24,36,71
08/13/2021,OAJ,NC,ASO,EN,Federal Contract Tower,12,0,1,6,19,0,6,10,5,21,12,6,11,11,40,10,24,34,74
08/14/2021,OAJ,NC,ASO,EN,Federal Contract Tower,9,1,1,0,11,0,4,12,5,21,9,5,13,5,32,0,0,0,32
08/15/2021,OAJ,NC,ASO,EN,Federal Contract Tower,13,2,4,0,19,0,2,4,3,9,13,4,8,3,28,4,0,4,32
08/16/2021,OAJ,NC,ASO,EN,Federal Contract Tower,12,2,0,2,16,0,12,2,4,18,12,14,2,6,34,0,24,24,58
08/17/2021,OAJ,NC,ASO,EN,Federal Contract Tower,12,2,3,0,17,0,5,14,10,29,12,7,17,10,46,0,38,38,84
08/18/2021,OAJ,NC,ASO,EN,Federal Contract Tower,14,5,2,2,23,0,4,14,0,18,14,9,16,2,41,0,34,34,75
08/19/2021,OAJ,NC,ASO,EN,Federal Contract Tower,13,6,2,0,21,0,0,16,2,18,13,6,18,2,39,2,0,2,41
08/20/2021,OAJ,NC,ASO,EN,Federal Contract Tower,13,0,3,4,20,0,2,0,1,3,13,2,3,5,23,0,0,0,23
08/21/2021,OAJ,NC,ASO,EN,Federal Contract Tower,10,2,1,2,15,0,3,4,0,7,10,5,5,2,22,10,0,10,32
08/22/2021,OAJ,NC,ASO,EN,Federal Contract Tower,13,0,4,2,19,0,3,9,0,12,13,3,13,2,31,24,0,24,55
08/23/2021,OAJ,NC,ASO,EN,Federal Contract Tower,12,3,5,0,20,0,4,0,0,4,12,7,5,0,24,0,8,8,32
08/24/2021,OAJ,NC,ASO,EN,Federal Contract Tower,12,3,2,0,17,0,7,8,3,18,12,10,10,3,35,10,46,56,91
08/25/2021,OAJ,NC,ASO,EN,Federal Contract Tower,11,4,4,0,19,0,1,9,2,12,11,5,13,2,31,0,26,26,57
08/26/2021,OAJ,NC,ASO,EN,Federal Contract Tower,13,2,8,2,25,0,1,5,2,8,13,3,13,4,33,0,24,24,57
08/27/2021,OAJ,NC,ASO,EN,Federal Contract Tower,12,0,0,2,14,0,6,14,9,29,12,6,14,11,43,8,40,48,91
08/28/2021,OAJ,NC,ASO,EN,Federal Contract Tower,10,0,1,0,11,0,6,17,4,27,10,6,18,4,38,28,0,28,66
08/29/2021,OAJ,NC,ASO,EN,Federal Contract Tower,13,0,5,0,18,0,0,10,0,10,13,0,15,0,28,2,0,2,30
08/30/2021,OAJ,NC,ASO,EN,Federal Contract Tower,11,2,0,0,13,0,3,1,2,6,11,5,1,2,19,0,0,0,19
08/31/2021,OAJ,NC,ASO,EN,Federal Contract Tower,12,2,2,0,16,0,4,7,8,19,12,6,9,8,35,10,40,50,85
09/01/2021,OAJ,NC,ASO,EN,Federal Contract Tower,9,2,1,2,14,0,1,1,4,6,9,3,2,6,20,2,34,36,56
09/02/2021,OAJ,NC,ASO,EN,Federal Contract Tower,12,12,4,0,28,0,2,7,6,15,12,14,11,6,43,0,24,24,67
09/03/2021,OAJ,NC,ASO,EN,Federal Contract Tower,14,1,6,0,21,0,9,11,0,20,14,10,17,0,41,12,0,12,53
09/04/2021,OAJ,NC,ASO,EN,Federal Contract Tower,11,4,0,0,15,0,3,6,0,9,11,7,6,0,24,20,0,20,44
09/05/2021,OAJ,NC,ASO,EN,Federal Contract Tower,10,0,0,0,10,0,7,4,0,11,10,7,4,0,21,0,0,0,21
09/06/2021,OAJ,NC,ASO,EN,Federal Contract Tower,11,0,2,0,13,0,5,2,0,7,11,5,4,0,20,0,0,0,20
09/07/2021,OAJ,NC,ASO,EN,Federal Contract Tower,12,3,4,6,25,0,5,5,0,10,12,8,9,6,35,0,12,12,47
09/08/2021,OAJ,NC,ASO,EN,Federal Contract Tower,10,6,2,4,22,0,8,6,4,18,10,14,8,8,40,8,2,10,50
09/09/2021,OAJ,NC,ASO,EN,Federal Contract Tower,12,4,0,3,19,0,2,1,10,13,12,6,1,13,32,0,40,40,72
09/10/2021,OAJ,NC,ASO,EN,Federal Contract Tower,13,0,2,1,16,0,8,5,3,16,13,8,7,4,32,32,0,32,64
09/11/2021,OAJ,NC,ASO,EN,Federal Contract Tower,12,4,4,0,20,0,7,6,9,22,12,11,10,9,42,6,0,6,48
09/12/2021,OAJ,NC,ASO,EN,Federal Contract Tower,14,0,2,0,16,0,5,12,8,25,14,5,14,8,41,34,0,34,75
09/13/2021,OAJ,NC,ASO,EN,Federal Contract Tower,12,5,1,0,18,0,6,13,1,20,12,11,14,1,38,0,0,0,38
09/14/2021,OAJ,NC,ASO,EN,Federal Contract Tower,11,2,4,0,17,0,2,12,2,16,11,4,16,2,33,34,12,46,79
09/15/2021,OAJ,NC,ASO,EN,Federal Contract Tower,12,4,4,0,20,0,3,1,6,10,12,7,5,6,30,0,42,42,72
09/16/2021,OAJ,NC,ASO,EN,Federal Contract Tower,14,3,1,0,18,0,13,2,8,23,14,16,3,8,41,6,50,56,97
09/17/2021,OAJ,NC,ASO,EN,Federal Contract Tower,13,2,4,3,22,0,2,0,0,2,13,4,4,3,24,0,0,0,24
09/18/2021,OAJ,NC,ASO,EN,Federal Contract Tower,11,0,1,5,17,0,2,6,0,8,11,2,7,5,25,20,0,20,45
09/19/2021,OAJ,NC,ASO,EN,Federal Contract Tower,15,0,5,0,20,0,6,7,0,13,15,6,12,0,33,28,0,28,61
09/20/2021,OAJ,NC,ASO,EN,Federal Contract Tower,11,2,4,2,19,0,0,7,0,7,11,2,11,2,26,2,4,6,32
09/21/2021,OAJ,NC,ASO,EN,Federal Contract Tower,10,4,3,0,17,0,4,1,0,5,10,8,4,0,22,8,0,8,30
09/22/2021,OAJ,NC,ASO,EN,Federal Contract Tower,11,3,1,2,17,0,1,1,2,4,11,4,2,4,21,0,34,34,55
09/23/2021,OAJ,NC,ASO,EN,Federal Contract Tower,17,2,6,1,26,0,2,0,1,3,17,4,6,2,29,0,0,0,29
09/24/2021,OAJ,NC,ASO,EN,Federal Contract Tower,15,0,5,1,21,0,4,10,5,19,15,4,15,6,40,0,4,4,44
09/25/2021,OAJ,NC,ASO,EN,Federal Contract Tower,10,0,9,0,19,0,6,14,18,38,10,6,23,18,57,6,0,6,63
09/26/2021,OAJ,NC,ASO,EN,Federal Contract Tower,12,0,2,0,14,0,3,2,14,19,12,3,4,14,33,2,0,2,35
09/27/2021,OAJ,NC,ASO,EN,Federal Contract Tower,13,2,5,4,24,0,3,9,0,12,13,5,14,4,36,22,0,22,58
09/28/2021,OAJ,NC,ASO,EN,Federal Contract Tower,11,2,2,5,20,0,5,6,14,25,11,7,8,19,45,12,92,104,149
09/29/2021,OAJ,NC,ASO,EN,Federal Contract Tower,11,2,3,0,16,0,5,5,2,12,11,7,8,2,28,0,0,0,28
09/30/2021,OAJ,NC,ASO,EN,Federal Contract Tower,12,2,1,1,16,0,4,5,2,11,12,6,6,3,27,50,0,50,77
10/01/2021,OAJ,NC,ASO,EN,Federal Contract Tower,13,3,9,0,25,0,8,5,8,21,13,11,14,8,46,2,56,58,104
10/02/2021,OAJ,NC,ASO,EN,Federal Contract Tower,12,1,3,0,16,0,3,15,2,20,12,4,18,2,36,18,0,18,54
10/03/2021,OAJ,NC,ASO,EN,Federal Contract Tower,12,2,4,0,18,0,2,4,0,6,12,4,8,0,24,10,0,10,34
10/04/2021,OAJ,NC,ASO,EN,Federal Contract Tower,13,2,0,0,15,0,5,3,4,12,13,7,3,4,27,10,12,22,49
10/05/2021,OAJ,NC,ASO,EN,Federal Contract Tower,11,6,11,0,28,0,6,4,7,17,11,12,15,7,45,2,40,42,87
10/06/2021,OAJ,NC,ASO,EN,Federal Contract Tower,10,2,0,2,14,0,5,1,3,9,10,7,1,5,23,0,42,42,65
10/07/2021,OAJ,NC,ASO,EN,Federal Contract Tower,17,3,3,0,23,0,2,0,4,6,17,5,3,4,29,0,0,0,29
10/08/2021,OAJ,NC,ASO,EN,Federal Contract Tower,14,3,16,0,33,0,4,0,0,4,14,7,16,0,37,0,0,0,37
10/09/2021,OAJ,NC,ASO,EN,Federal Contract Tower,10,0,3,4,17,0,2,0,0,2,10,2,3,4,19,0,0,0,19
10/10/2021,OAJ,NC,ASO,EN,Federal Contract Tower,12,0,3,1,16,0,3,0,0,3,12,3,3,1,19,0,0,0,19
10/11/2021,OAJ,NC,ASO,EN,Federal Contract Tower,12,3,7,0,22,0,3,0,0,3,12,6,7,0,25,0,0,0,25
10/12/2021,OAJ,NC,ASO,EN,Federal Contract Tower,13,2,3,0,18,0,0,2,1,3,13,2,5,1,21,0,0,0,21
10/13/2021,OAJ,NC,ASO,EN,Federal Contract Tower,13,3,3,4,23,0,0,8,2,10,13,3,11,6,33,4,6,10,43
10/14/2021,OAJ,NC,ASO,EN,Federal Contract Tower,12,2,3,0,17,0,1,4,6,11,12,3,7,6,28,10,22,32,60
10/15/2021,OAJ,NC,ASO,EN,Federal Contract Tower,16,0,3,2,21,0,8,11,4,23,16,8,14,6,44,2,12,14,58
10/16/2021,OAJ,NC,ASO,EN,Federal Contract Tower,10,0,0,0,10,0,8,2,0,10,10,8,2,0,20,6,0,6,26
10/17/2021,OAJ,NC,ASO,EN,Federal Contract Tower,15,0,3,0,18,0,8,4,0,12,15,8,7,0,30,0,0,0,30
10/18/2021,OAJ,NC,ASO,EN,Federal Contract Tower,12,2,5,2,21,0,6,5,0,11,12,8,10,2,32,0,0,0,32
10/19/2021,OAJ,NC,ASO,EN,Federal Contract Tower,12,3,3,4,22,0,3,2,6,11,12,6,5,10,33,0,12,12,45
10/20/2021,OAJ,NC,ASO,EN,Federal Contract Tower,18,2,2,0,22,0,6,10,2,18,18,8,12,2,40,14,14,28,68
10/21/2021,OAJ,NC,ASO,EN,Federal Contract Tower,14,3,8,2,27,0,11,2,0,13,14,14,10,2,40,4,0,4,44
10/22/2021,OAJ,NC,ASO,EN,Federal Contract Tower,17,0,0,1,18,0,5,2,3,10,17,5,2,4,28,4,28,32,60
10/23/2021,OAJ,NC,ASO,EN,Federal Contract Tower,12,1,5,0,18,0,7,5,0,12,12,8,10,0,30,0,0,0,30
10/24/2021,OAJ,NC,ASO,EN,Federal Contract Tower,13,0,4,4,21,0,1,2,2,5,13,1,6,6,26,0,22,22,48
10/25/2021,OAJ,NC,ASO,EN,Federal Contract Tower,15,2,5,0,22,0,2,0,0,2,15,4,5,0,24,0,0,0,24
10/26/2021,OAJ,NC,ASO,EN,Federal Contract Tower,12,5,4,2,23,0,2,2,4,8,12,7,6,6,31,0,26,26,57
10/27/2021,OAJ,NC,ASO,EN,Federal Contract Tower,15,2,3,0,20,0,6,10,2,18,15,8,13,2,38,8,22,30,68
10/28/2021,OAJ,NC,ASO,EN,Federal Contract Tower,14,4,3,5,26,0,5,0,7,12,14,9,3,12,38,24,58,82,120
10/29/2021,OAJ,NC,ASO,EN,Federal Contract Tower,13,1,0,0,14,0,3,0,2,5,13,4,0,2,19,0,20,20,39
10/30/2021,OAJ,NC,ASO,EN,Federal Contract Tower,10,0,3,0,13,0,7,2,4,13,10,7,5,4,26,0,0,0,26
10/31/2021,OAJ,NC,ASO,EN,Federal Contract Tower,11,0,5,0,16,0,5,3,0,8,11,5,8,0,24,0,0,0,24
11/01/2021,OAJ,NC,ASO,EN,Federal Contract Tower,13,2,0,0,15,0,4,8,2,14,13,6,8,2,29,4,2,6,35
11/02/2021,OAJ,NC,ASO,EN,Federal Contract Tower,12,2,0,2,16,0,7,6,4,17,12,9,6,6,33,0,40,40,73
11/03/2021,OAJ,NC,ASO,EN,Federal Contract Tower,13,2,0,0,15,0,4,2,14,20,13,6,2,14,35,0,70,70,105
11/04/2021,OAJ,NC,ASO,EN,Federal Contract Tower,11,2,3,4,20,0,10,0,12,22,11,12,3,16,42,0,72,72,114
11/05/2021,OAJ,NC,ASO,EN,Federal Contract Tower,12,3,2,2,19,0,12,2,4,18,12,15,4,6,37,6,18,24,61
11/06/2021,OAJ,NC,ASO,EN,Federal Contract Tower,11,3,1,0,15,0,0,2,0,2,11,3,3,0,17,0,0,0,17
11/07/2021,OAJ,NC,ASO,EN,Federal Contract Tower,10,2,10,0,22,0,9,2,0,11,10,11,12,0,33,0,0,0,33
11/08/2021,OAJ,NC,ASO,EN,Federal Contract Tower,12,2,3,0,17,0,2,2,0,4,12,4,5,0,21,6,0,6,27
11/09/2021,OAJ,NC,ASO,EN,Federal Contract Tower,12,4,11,3,30,0,6,9,0,15,12,10,20,3,45,6,0,6,51
11/10/2021,OAJ,NC,ASO,EN,Federal Contract Tower,10,2,4,2,18,0,7,8,2,17,10,9,12,4,35,0,16,16,51
11/11/2021,OAJ,NC,ASO,EN,Federal Contract Tower,11,4,6,8,29,0,6,2,2,10,11,10,8,10,39,0,0,0,39
11/12/2021,OAJ,NC,ASO,EN,Federal Contract Tower,10,0,8,0,18,0,2,5,0,7,10,2,13,0,25,0,0,0,25
11/13/2021,OAJ,NC,ASO,EN,Federal Contract Tower,10,0,10,0,20,0,3,12,0,15,10,3,22,0,35,0,0,0,35
11/14/2021,OAJ,NC,ASO,EN,Federal Contract Tower,11,0,4,0,15,0,2,16,0,18,11,2,20,0,33,26,0,26,59
11/15/2021,OAJ,NC,ASO,EN,Federal Contract Tower,12,2,2,0,16,0,8,8,0,16,12,10,10,0,32,18,0,18,50
11/16/2021,OAJ,NC,ASO,EN,Federal Contract Tower,15,2,1,0,18,0,6,8,0,14,15,8,9,0,32,0,14,14,46
11/17/2021,OAJ,NC,ASO,EN,Federal Contract Tower,14,2,1,0,17,0,6,0,5,11,14,8,1,5,28,2,66,68,96
11/18/2021,OAJ,NC,ASO,EN,Federal Contract Tower,12,2,1,0,15,0,10,5,2,17,12,12,6,2,32,6,0,6,38
11/19/2021,OAJ,NC,ASO,EN,Federal Contract Tower,12,0,1,0,13,0,4,7,1,12,12,4,8,1,25,6,10,16,41
11/20/2021,OAJ,NC,ASO,EN,Federal Contract Tower,9,0,2,0,11,0,14,5,6,25,9,14,7,6,36,0,32,32,68
11/21/2021,OAJ,NC,ASO,EN,Federal Contract Tower,15,0,8,0,23,0,6,9,0,15,15,6,17,0,38,4,0,4,42
11/22/2021,OAJ,NC,ASO,EN,Federal Contract Tower,11,2,7,0,20,0,0,0,1,1,11,2,7,1,21,0,12,12,33
11/23/2021,OAJ,NC,ASO,EN,Federal Contract Tower,13,1,2,4,20,0,7,4,7,18,13,8,6,11,38,6,42,48,86
11/24/2021,OAJ,NC,ASO,EN,Federal Contract Tower,15,2,16,0,33,0,5,6,0,11,15,7,22,0,44,0,38,38,82
11/25/2021,OAJ,NC,ASO,EN,Federal Contract Tower,7,0,0,0,7,0,2,4,0,6,7,2,4,0,13,0,0,0,13
11/26/2021,OAJ,NC,ASO,EN,Federal Contract Tower,11,0,4,0,15,0,2,2,0,4,11,2,6,0,19,0,0,0,19
11/27/2021,OAJ,NC,ASO,EN,Federal Contract Tower,16,2,2,0,20,0,4,7,0,11,16,6,9,0,31,0,0,0,31
11/28/2021,OAJ,NC,ASO,EN,Federal Contract Tower,13,0,5,0,18,0,6,13,0,19,13,6,18,0,37,0,0,0,37
11/29/2021,OAJ,NC,ASO,EN,Federal Contract Tower,14,1,1,3,19,0,9,2,0,11,14,10,3,3,30,0,0,0,30
11/30/2021,OAJ,NC,ASO,EN,Federal Contract Tower,13,0,3,4,20,0,2,4,10,16,13,2,7,14,36,6,26,32,68
12/01/2021,OAJ,NC,ASO,EN,Federal Contract Tower,14,3,2,0,19,0,4,5,3,12,14,7,7,3,31,0,42,42,73
12/02/2021,OAJ,NC,ASO,EN,Federal Contract Tower,12,0,2,0,14,0,4,5,10,19,12,4,7,10,33,0,22,22,55
12/03/2021,OAJ,NC,ASO,EN,Federal Contract Tower,12,0,5,0,17,0,6,7,2,15,12,6,12,2,32,0,0,0,32
12/04/2021,OAJ,NC,ASO,EN,Federal Contract Tower,9,0,2,0,11,0,5,5,0,10,9,5,7,0,21,0,0,0,21
12/05/2021,OAJ,NC,ASO,EN,Federal Contract Tower,12,2,2,4,20,0,11,7,2,20,12,13,9,6,40,14,14,28,68
12/06/2021,OAJ,NC,ASO,EN,Federal Contract Tower,11,1,1,0,13,0,12,7,0,19,11,13,8,0,32,2,0,2,34
12/07/2021,OAJ,NC,ASO,EN,Federal Contract Tower,12,1,3,0,16,0,6,2,4,12,12,7,5,4,28,0,42,42,70
12/08/2021,OAJ,NC,ASO,EN,Federal Contract Tower,13,2,0,0,15,0,0,0,0,0,13,2,0,0,15,0,0,0,15
12/09/2021,OAJ,NC,ASO,EN,Federal Contract Tower,13,2,7,5,27,0,3,3,8,14,13,5,10,13,41,0,68,68,109
12/10/2021,OAJ,NC,ASO,EN,Federal Contract Tower,14,1,9,0,24,0,3,4,8,15,14,4,13,8,39,6,56,62,101
12/11/2021,OAJ,NC,ASO,EN,Federal Contract Tower,14,2,0,0,16,0,0,1,4,5,14,2,1,4,21,0,0,0,21
12/12/2021,OAJ,NC,ASO,EN,Federal Contract Tower,14,0,1,0,15,0,3,9,6,18,14,3,10,6,33,22,0,22,55
12/13/2021,OAJ,NC,ASO,EN,Federal Contract Tower,12,0,3,0,15,0,2,18,6,26,12,2,21,6,41,2,14,16,57
12/14/2021,OAJ,NC,ASO,EN,Federal Contract Tower,13,2,4,5,24,0,12,5,8,25,13,14,9,13,49,0,52,52,101
12/15/2021,OAJ,NC,ASO,EN,Federal Contract Tower,12,3,3,2,20,0,0,6,5,11,12,3,9,7,31,0,22,22,53
12/16/2021,OAJ,NC,ASO,EN,Federal Contract Tower,12,0,4,0,16,0,1,7,4,12,12,1,11,4,28,4,20,24,52
12/17/2021,OAJ,NC,ASO,EN,Federal Contract Tower,13,0,6,0,19,0,5,4,0,9,13,5,10,0,28,8,0,8,36
12/18/2021,OAJ,NC,ASO,EN,Federal Contract Tower,13,0,1,0,14,0,3,0,0,3,13,3,1,0,17,6,0,6,23
12/19/2021,OAJ,NC,ASO,EN,Federal Contract Tower,14,0,3,0,17,0,0,0,0,0,14,0,3,0,17,0,0,0,17
12/20/2021,OAJ,NC,ASO,EN,Federal Contract Tower,14,0,3,0,17,0,4,13,1,18,14,4,16,1,35,14,0,14,49
12/21/2021,OAJ,NC,ASO,EN,Federal Contract Tower,12,1,3,0,16,0,2,0,4,6,12,3,3,4,22,0,24,24,46
12/22/2021,OAJ,NC,ASO,EN,Federal Contract Tower,14,4,2,2,22,0,7,8,0,15,14,11,10,2,37,24,4,28,65
12/23/2021,OAJ,NC,ASO,EN,Federal Contract Tower,11,0,7,0,18,0,8,15,4,27,11,8,22,4,45,2,34,36,81
12/24/2021,OAJ,NC,ASO,EN,Federal Contract Tower,9,0,0,0,9,0,4,6,0,10,9,4,6,0,19,4,0,4,23
12/25/2021,OAJ,NC,ASO,EN,Federal Contract Tower,11,0,0,0,11,0,5,2,0,7,11,5,2,0,18,0,0,0,18
12/26/2021,OAJ,NC,ASO,EN,Federal Contract Tower,13,0,1,0,14,0,7,7,0,14,13,7,8,0,28,4,0,4,32
12/27/2021,OAJ,NC,ASO,EN,Federal Contract Tower,14,0,6,0,20,0,4,7,0,11,14,4,13,0,31,12,0,12,43
12/28/2021,OAJ,NC,ASO,EN,Federal Contract Tower,13,2,8,0,23,0,4,2,2,8,13,6,10,2,31,8,0,8,39
12/29/2021,OAJ,NC,ASO,EN,Federal Contract Tower,14,3,1,0,18,0,6,4,6,16,14,9,5,6,34,2,18,20,54
12/30/2021,OAJ,NC,ASO,EN,Federal Contract Tower,12,0,9,0,21,0,4,2,4,10,12,4,11,4,31,0,16,16,47
12/31/2021,OAJ,NC,ASO,EN,Federal Contract Tower,8,0,4,0,12,0,2,6,0,8,8,2,10,0,20,8,0,8,28
01/01/2022,OAJ,NC,ASO,EN,Federal Contract Tower,11,1,0,0,12,0,7,0,0,7,11,8,0,0,19,0,0,0,19
01/02/2022,OAJ,NC,ASO,EN,Federal Contract Tower,13,0,5,0,18,0,4,5,0,9,13,4,10,0,27,0,0,0,27
01/03/2022,OAJ,NC,ASO,EN,Federal Contract Tower,12,2,2,0,16,0,2,0,0,2,12,4,2,0,18,0,0,0,18
01/04/2022,OAJ,NC,ASO,EN,Federal Contract Tower,8,2,7,0,17,0,7,7,0,14,8,9,14,0,31,24,0,24,55
01/05/2022,OAJ,NC,ASO,EN,Federal Contract Tower,14,3,1,2,20,0,0,0,0,0,14,3,1,2,20,0,0,0,20
01/06/2022,OAJ,NC,ASO,EN,Federal Contract Tower,12,2,10,0,24,0,6,10,6,22,12,8,20,6,46,0,30,30,76
01/07/2022,OAJ,NC,ASO,EN,Federal Contract Tower,12,0,0,0,12,0,8,10,12,30,12,8,10,12,42,18,90,108,150
01/08/2022,OAJ,NC,ASO,EN,Federal Contract Tower,7,0,6,0,13,0,5,2,0,7,7,5,8,0,20,0,0,0,20
01/09/2022,OAJ,NC,ASO,EN,Federal Contract Tower,11,0,2,0,13,0,0,10,0,10,11,0,12,0,23,0,0,0,23
01/10/2022,OAJ,NC,ASO,EN,Federal Contract Tower,11,4,1,0,16,0,6,1,0,7,11,10,2,0,23,0,0,0,23
01/11/2022,OAJ,NC,ASO,EN,Federal Contract Tower,11,2,2,2,17,0,0,4,2,6,11,2,6,4,23,8,42,50,73
01/12/2022,OAJ,NC,ASO,EN,Federal Contract Tower,14,4,1,2,21,0,3,3,4,10,14,7,4,6,31,0,34,34,65
01/13/2022,OAJ,NC,ASO,EN,Federal Contract Tower,13,2,3,2,20,0,2,4,0,6,13,4,7,2,26,2,8,10,36
01/14/2022,OAJ,NC,ASO,EN,Federal Contract Tower,12,4,3,1,20,0,2,11,6,19,12,6,14,7,39,8,2,10,49
01/15/2022,OAJ,NC,ASO,EN,Federal Contract Tower,7,0,0,0,7,0,4,13,0,17,7,4,13,0,24,2,0,2,26
01/16/2022,OAJ,NC,ASO,EN,Federal Contract Tower,3,0,0,0,3,0,0,0,0,0,3,0,0,0,3,0,0,0,3
01/17/2022,OAJ,NC,ASO,EN,Federal Contract Tower,7,2,0,0,9,0,3,0,4,7,7,5,0,4,16,0,0,0,16
01/18/2022,OAJ,NC,ASO,EN,Federal Contract Tower,11,4,4,0,19,0,7,11,4,22,11,11,15,4,41,11,40,51,92
01/19/2022,OAJ,NC,ASO,EN,Federal Contract Tower,12,2,1,0,15,0,4,12,3,19,12,6,13,3,34,8,46,54,88
01/20/2022,OAJ,NC,ASO,EN,Federal Contract Tower,12,0,0,0,12,0,2,4,3,9,12,2,4,3,21,6,44,50,71
01/21/2022,OAJ,NC,ASO,EN,Federal Contract Tower,2,0,2,0,4,0,0,0,0,0,2,0,2,0,4,0,0,0,4
01/22/2022,OAJ,NC,ASO,EN,Federal Contract Tower,0,0,0,0,0,0,0,0,0,0,0,0,0,0,0,2,0,2,2
01/23/2022,OAJ,NC,ASO,EN,Federal Contract Tower,12,0,1,2,15,0,6,9,0,15,12,6,10,2,30,14,0,14,44
01/24/2022,OAJ,NC,ASO,EN,Federal Contract Tower,12,2,0,0,14,0,3,7,0,10,12,5,7,0,24,12,0,12,36
01/25/2022,OAJ,NC,ASO,EN,Federal Contract Tower,11,3,2,6,22,0,5,6,2,13,11,8,8,8,35,2,8,10,45
01/26/2022,OAJ,NC,ASO,EN,Federal Contract Tower,12,2,4,5,23,0,4,6,2,12,12,6,10,7,35,6,20,26,61
01/27/2022,OAJ,NC,ASO,EN,Federal Contract Tower,12,2,5,0,19,0,0,13,7,20,12,2,18,7,39,6,22,28,67
01/28/2022,OAJ,NC,ASO,EN,Federal Contract Tower,11,0,1,0,12,0,4,4,6,14,11,4,5,6,26,0,30,30,56
01/29/2022,OAJ,NC,ASO,EN,Federal Contract Tower,8,0,0,0,8,0,2,1,0,3,8,2,1,0,11,0,0,0,11
01/30/2022,OAJ,NC,ASO,EN,Federal Contract Tower,11,2,5,0,18,0,4,17,0,21,11,6,22,0,39,0,0,0,39
01/31/2022,OAJ,NC,ASO,EN,Federal Contract Tower,11,0,3,0,14,0,4,9,0,13,11,4,12,0,27,8,0,8,35
02/01/2022,OAJ,NC,ASO,EN,Federal Contract Tower,11,2,1,0,14,0,7,14,4,25,11,9,15,4,39,18,18,36,75
02/02/2022,OAJ,NC,ASO,EN,Federal Contract Tower,10,2,0,0,12,0,1,4,4,9,10,3,4,4,21,0,36,36,57
02/03/2022,OAJ,NC,ASO,EN,Federal Contract Tower,14,2,0,3,19,0,7,1,5,13,14,9,1,8,32,0,44,44,76
02/04/2022,OAJ,NC,ASO,EN,Federal Contract Tower,11,0,2,0,13,0,2,0,13,15,11,2,2,13,28,0,150,150,178
02/05/2022,OAJ,NC,ASO,EN,Federal Contract Tower,7,0,5,0,12,0,5,7,12,24,7,5,12,12,36,4,30,34,70
02/06/2022,OAJ,NC,ASO,EN,Federal Contract Tower,12,0,8,0,20,0,6,7,2,15,12,6,15,2,35,8,4,12,47
02/07/2022,OAJ,NC,ASO,EN,Federal Contract Tower,12,2,4,2,20,0,0,0,0,0,12,2,4,2,20,0,0,0,20
02/08/2022,OAJ,NC,ASO,EN,Federal Contract Tower,11,3,4,0,18,0,1,0,3,4,11,4,4,3,22,0,28,28,50
02/09/2022,OAJ,NC,ASO,EN,Federal Contract Tower,10,4,2,2,18,0,2,7,0,9,10,6,9,2,27,4,6,10,37
02/10/2022,OAJ,NC,ASO,EN,Federal Contract Tower,12,4,1,0,17,0,5,5,9,19,12,9,6,9,36,2,42,44,80
02/11/2022,OAJ,NC,ASO,EN,Federal Contract Tower,12,0,5,0,17,0,5,16,8,29,12,5,21,8,46,4,48,52,98
02/12/2022,OAJ,NC,ASO,EN,Federal Contract Tower,6,0,0,0,6,0,5,8,0,13,6,5,8,0,19,2,0,2,21
02/13/2022,OAJ,NC,ASO,EN,Federal Contract Tower,7,0,2,0,9,0,0,0,0,0,7,0,2,0,9,0,0,0,9
02/14/2022,OAJ,NC,ASO,EN,Federal Contract Tower,9,2,2,0,13,0,5,6,0,11,9,7,8,0,24,24,0,24,48
02/15/2022,OAJ,NC,ASO,EN,Federal Contract Tower,11,4,6,4,25,0,2,5,4,11,11,6,11,8,36,0,22,22,58
02/16/2022,OAJ,NC,ASO,EN,Federal Contract Tower,9,2,8,8,27,0,3,8,1,12,9,5,16,9,39,22,10,32,71
02/17/2022,OAJ,NC,ASO,EN,Federal Contract Tower,12,0,4,4,20,0,6,3,6,15,12,6,7,10,35,8,46,54,89
02/18/2022,OAJ,NC,ASO,EN,Federal Contract Tower,12,0,2,0,14,0,2,1,0,3,12,2,3,0,17,0,0,0,17
02/19/2022,OAJ,NC,ASO,EN,Federal Contract Tower,7,4,3,1,15,0,2,5,1,8,7,6,8,2,23,0,0,0,23
02/20/2022,OAJ,NC,ASO,EN,Federal Contract Tower,10,0,4,0,14,0,4,6,0,10,10,4,10,0,24,14,0,14,38
02/21/2022,OAJ,NC,ASO,EN,Federal Contract Tower,12,2,5,0,19,0,4,9,0,13,12,6,14,0,32,8,0,8,40
02/22/2022,OAJ,NC,ASO,EN,Federal Contract Tower,10,3,2,0,15,0,6,1,2,9,10,9,3,2,24,0,0,0,24
02/23/2022,OAJ,NC,ASO,EN,Federal Contract Tower,14,3,4,2,23,0,7,5,2,14,14,10,9,4,37,0,20,20,57
02/24/2022,OAJ,NC,ASO,EN,Federal Contract Tower,12,8,5,4,29,0,3,0,8,11,12,11,5,12,40,0,64,64,104
02/25/2022,OAJ,NC,ASO,EN,Federal Contract Tower,10,0,2,0,12,0,9,20,2,31,10,9,22,2,43,8,22,30,73
02/26/2022,OAJ,NC,ASO,EN,Federal Contract Tower,7,0,3,0,10,0,1,0,0,1,7,1,3,0,11,0,0,0,11
02/27/2022,OAJ,NC,ASO,EN,Federal Contract Tower,12,1,1,0,14,0,0,0,0,0,12,1,1,0,14,0,0,0,14
02/28/2022,OAJ,NC,ASO,EN,Federal Contract Tower,12,4,1,0,17,0,4,13,2,19,12,8,14,2,36,0,0,0,36
03/01/2022,OAJ,NC,ASO,EN,Federal Contract Tower,11,2,3,2,18,0,4,5,3,12,11,6,8,5,30,2,24,26,56
03/02/2022,OAJ,NC,ASO,EN,Federal Contract Tower,10,2,3,0,15,0,2,11,7,20,10,4,14,7,35,6,70,76,111
03/03/2022,OAJ,NC,ASO,EN,Federal Contract Tower,13,2,3,0,18,0,4,8,6,18,13,6,11,6,36,32,36,68,104
03/04/2022,OAJ,NC,ASO,EN,Federal Contract Tower,12,2,9,0,23,0,5,5,4,14,12,7,14,4,37,0,24,24,61
03/05/2022,OAJ,NC,ASO,EN,Federal Contract Tower,10,0,10,0,20,0,8,3,0,11,10,8,13,0,31,6,0,6,37
03/06/2022,OAJ,NC,ASO,EN,Federal Contract Tower,14,0,0,0,14,0,7,15,0,22,14,7,15,0,36,0,0,0,36
03/07/2022,OAJ,NC,ASO,EN,Federal Contract Tower,12,2,3,0,17,0,6,0,2,8,12,8,3,2,25,0,16,16,41
03/08/2022,OAJ,NC,ASO,EN,Federal Contract Tower,12,4,3,2,21,0,9,4,6,19,12,13,7,8,40,6,40,46,86
03/09/2022,OAJ,NC,ASO,EN,Federal Contract Tower,10,0,1,6,17,0,0,1,3,4,10,0,2,9,21,0,26,26,47
03/10/2022,OAJ,NC,ASO,EN,Federal Contract Tower,10,2,0,2,14,0,0,0,0,0,10,2,0,2,14,0,0,0,14
03/11/2022,OAJ,NC,ASO,EN,Federal Contract Tower,14,5,0,0,19,0,1,0,0,1,14,6,0,0,20,0,0,0,20
03/12/2022,OAJ,NC,ASO,EN,Federal Contract Tower,11,0,2,0,13,0,1,0,0,1,11,1,2,0,14,0,0,0,14
03/13/2022,OAJ,NC,ASO,EN,Federal Contract Tower,13,0,9,0,22,0,3,15,0,18,13,3,24,0,40,10,0,10,50
03/14/2022,OAJ,NC,ASO,EN,Federal Contract Tower,14,7,0,0,21,0,3,13,4,20,14,10,13,4,41,16,4,20,61
03/15/2022,OAJ,NC,ASO,EN,Federal Contract Tower,10,2,5,0,17,0,3,11,1,15,10,5,16,1,32,40,4,44,76
03/16/2022,OAJ,NC,ASO,EN,Federal Contract Tower,7,3,6,0,16,0,6,1,1,8,7,9,7,1,24,0,24,24,48
03/17/2022,OAJ,NC,ASO,EN,Federal Contract Tower,12,2,3,4,21,0,3,7,0,10,12,5,10,4,31,6,20,26,57
03/18/2022,OAJ,NC,ASO,EN,Federal Contract Tower,18,0,8,2,28,0,7,8,8,23,18,7,16,10,51,14,10,24,75
03/19/2022,OAJ,NC,ASO,EN,Federal Contract Tower,12,0,2,0,14,0,4,2,0,6,12,4,4,0,20,0,0,0,20
03/20/2022,OAJ,NC,ASO,EN,Federal Contract Tower,14,2,4,0,20,0,4,2,0,6,14,6,6,0,26,0,0,0,26
03/21/2022,OAJ,NC,ASO,EN,Federal Contract Tower,14,2,4,0,20,0,5,5,2,12,14,7,9,2,32,2,6,8,40
03/22/2022,OAJ,NC,ASO,EN,Federal Contract Tower,12,3,0,0,15,0,5,12,4,21,12,8,12,4,36,6,10,16,52
03/23/2022,OAJ,NC,ASO,EN,Federal Contract Tower,10,5,0,0,15,0,2,3,0,5,10,7,3,0,20,0,0,0,20
03/24/2022,OAJ,NC,ASO,EN,Federal Contract Tower,14,5,0,0,19,0,0,0,2,2,14,5,0,2,21,0,10,10,31
03/25/2022,OAJ,NC,ASO,EN,Federal Contract Tower,16,2,12,0,30,0,5,1,2,8,16,7,13,2,38,0,0,0,38
03/26/2022,OAJ,NC,ASO,EN,Federal Contract Tower,12,2,3,0,17,0,4,4,0,8,12,6,7,0,25,2,0,2,27
03/27/2022,OAJ,NC,ASO,EN,Federal Contract Tower,14,2,0,0,16,0,1,11,0,12,14,3,11,0,28,0,0,0,28
03/28/2022,OAJ,NC,ASO,EN,Federal Contract Tower,14,4,6,0,24,0,2,8,0,10,14,6,14,0,34,0,0,0,34
03/29/2022,OAJ,NC,ASO,EN,Federal Contract Tower,14,2,0,0,16,0,8,10,3,21,14,10,10,3,37,12,18,30,67
03/30/2022,OAJ,NC,ASO,EN,Federal Contract Tower,10,8,1,0,19,0,15,4,2,21,10,23,5,2,40,0,28,28,68
03/31/2022,OAJ,NC,ASO,EN,Federal Contract Tower,16,0,0,0,16,0,4,1,6,11,16,4,1,6,27,0,30,30,57
04/01/2022,OAJ,NC,ASO,EN,Federal Contract Tower,12,4,2,0,18,0,10,4,0,14,12,14,6,0,32,4,0,4,36
04/02/2022,OAJ,NC,ASO,EN,Federal Contract Tower,12,0,2,0,14,0,5,13,0,18,12,5,15,0,32,8,0,8,40
04/03/2022,OAJ,NC,ASO,EN,Federal Contract Tower,14,0,0,0,14,0,5,3,0,8,14,5,3,0,22,0,0,0,22
04/04/2022,OAJ,NC,ASO,EN,Federal Contract Tower,14,2,2,2,20,0,8,4,3,15,14,10,6,5,35,2,60,62,97
04/05/2022,OAJ,NC,ASO,EN,Federal Contract Tower,11,0,0,0,11,0,10,0,5,15,11,10,0,5,26,2,72,74,100
04/06/2022,OAJ,NC,ASO,EN,Federal Contract Tower,10,2,2,0,14,0,10,4,3,17,10,12,6,3,31,6,54,60,91
04/07/2022,OAJ,NC,ASO,EN,Federal Contract Tower,11,2,1,2,16,0,8,0,6,14,11,10,1,8,30,0,42,42,72
04/08/2022,OAJ,NC,ASO,EN,Federal Contract Tower,13,2,5,4,24,0,4,9,6,19,13,6,14,10,43,32,20,52,95
04/09/2022,OAJ,NC,ASO,EN,Federal Contract Tower,10,0,6,0,16,0,6,4,0,10,10,6,10,0,26,0,0,0,26
04/10/2022,OAJ,NC,ASO,EN,Federal Contract Tower,12,0,2,0,14,0,6,5,2,13,12,6,7,2,27,0,0,0,27
04/11/2022,OAJ,NC,ASO,EN,Federal Contract Tower,10,2,0,0,12,0,6,10,0,16,10,8,10,0,28,26,28,54,82
04/12/2022,OAJ,NC,ASO,EN,Federal Contract Tower,11,2,6,4,23,0,19,0,1,20,11,21,6,5,43,10,10,20,63
04/13/2022,OAJ,NC,ASO,EN,Federal Contract Tower,11,2,0,2,15,0,6,16,5,27,11,8,16,7,42,4,6,10,52
04/14/2022,OAJ,NC,ASO,EN,Federal Contract Tower,11,2,2,0,15,0,10,4,4,18,11,12,6,4,33,0,12,12,45
04/15/2022,OAJ,NC,ASO,EN,Federal Contract Tower,11,2,3,1,17,0,8,12,3,23,11,10,15,4,40,12,0,12,52
04/16/2022,OAJ,NC,ASO,EN,Federal Contract Tower,8,0,7,0,15,0,5,8,0,13,8,5,15,0,28,4,0,4,32
04/17/2022,OAJ,NC,ASO,EN,Federal Contract Tower,10,3,0,0,13,0,5,9,0,14,10,8,9,0,27,0,0,0,27
04/18/2022,OAJ,NC,ASO,EN,Federal Contract Tower,10,2,6,0,18,0,0,0,0,0,10,2,6,0,18,0,0,0,18
04/19/2022,OAJ,NC,ASO,EN,Federal Contract Tower,12,2,5,8,27,0,11,7,10,28,12,13,12,18,55,14,88,102,157
04/20/2022,OAJ,NC,ASO,EN,Federal Contract Tower,11,5,0,0,16,0,16,16,10,42,11,21,16,10,58,16,102,118,176
04/21/2022,OAJ,NC,ASO,EN,Federal Contract Tower,14,2,2,3,21,0,6,11,11,28,14,8,13,14,49,30,50,80,129
04/22/2022,OAJ,NC,ASO,EN,Federal Contract Tower,11,0,5,2,18,0,8,12,1,21,11,8,17,3,39,8,6,14,53
04/23/2022,OAJ,NC,ASO,EN,Federal Contract Tower,9,0,4,0,13,0,6,10,0,16,9,6,14,0,29,0,0,0,29
04/24/2022,OAJ,NC,ASO,EN,Federal Contract Tower,11,0,4,0,15,0,8,16,0,24,11,8,20,0,39,0,0,0,39
04/25/2022,OAJ,NC,ASO,EN,Federal Contract Tower,11,2,2,0,15,0,3,9,7,19,11,5,11,7,34,0,50,50,84
04/26/2022,OAJ,NC,ASO,EN,Federal Contract Tower,12,0,2,2,16,0,4,7,0,11,12,4,9,2,27,2,0,2,29
04/27/2022,OAJ,NC,ASO,EN,Federal Contract Tower,10,2,2,4,18,0,2,20,6,28,10,4,22,10,46,0,24,24,70
04/28/2022,OAJ,NC,ASO,EN,Federal Contract Tower,11,4,6,0,21,0,10,6,12,28,11,14,12,12,49,34,16,50,99
04/29/2022,OAJ,NC,ASO,EN,Federal Contract Tower,11,0,14,4,29,0,5,2,0,7,11,5,16,4,36,0,0,0,36
04/30/2022,OAJ,NC,ASO,EN,Federal Contract Tower,9,2,0,2,13,0,4,8,0,12,9,6,8,2,25,8,0,8,33
05/01/2022,OAJ,NC,ASO,EN,Federal Contract Tower,12,1,3,0,16,0,10,17,0,27,12,11,20,0,43,0,0,0,43
05/02/2022,OAJ,NC,ASO,EN,Federal Contract Tower,13,2,0,2,17,0,7,4,0,11,13,9,4,2,28,0,0,0,28
05/03/2022,OAJ,NC,ASO,EN,Federal Contract Tower,11,3,0,0,14,0,2,6,3,11,11,5,6,3,25,10,20,30,55
05/04/2022,OAJ,NC,ASO,EN,Federal Contract Tower,13,5,8,2,28,0,13,12,6,31,13,18,20,8,59,0,18,18,77
05/05/2022,OAJ,NC,ASO,EN,Federal Contract Tower,15,4,11,0,30,0,1,2,2,5,15,5,13,2,35,0,32,32,67
05/06/2022,OAJ,NC,ASO,EN,Federal Contract Tower,10,0,7,2,19,0,6,4,8,18,10,6,11,10,37,0,84,84,121
05/07/2022,OAJ,NC,ASO,EN,Federal Contract Tower,7,2,1,0,10,0,5,1,0,6,7,7,2,0,16,0,0,0,16
05/08/2022,OAJ,NC,ASO,EN,Federal Contract Tower,13,6,1,0,20,0,2,3,0,5,13,8,4,0,25,0,0,0,25
05/09/2022,OAJ,NC,ASO,EN,Federal Contract Tower,10,4,11,0,25,0,8,6,6,20,10,12,17,6,45,4,8,12,57
05/10/2022,OAJ,NC,ASO,EN,Federal Contract Tower,9,2,5,0,16,0,11,2,8,21,9,13,7,8,37,0,12,12,49
05/11/2022,OAJ,NC,ASO,EN,Federal Contract Tower,10,4,4,5,23,0,6,3,9,18,10,10,7,14,41,0,14,14,55
05/12/2022,OAJ,NC,ASO,EN,Federal Contract Tower,12,5,3,0,20,0,3,0,2,5,12,8,3,2,25,0,14,14,39
05/13/2022,OAJ,NC,ASO,EN,Federal Contract Tower,12,4,5,0,21,0,3,0,1,4,12,7,5,1,25,4,20,24,49
05/14/2022,OAJ,NC,ASO,EN,Federal Contract Tower,9,1,0,2,12,0,2,0,0,2,9,3,0,2,14,0,0,0,14
05/15/2022,OAJ,NC,ASO,EN,Federal Contract Tower,12,4,4,0,20,0,9,5,2,16,12,13,9,2,36,0,0,0,36
05/16/2022,OAJ,NC,ASO,EN,Federal Contract Tower,12,2,2,0,16,0,5,3,6,14,12,7,5,6,30,0,20,20,50
05/17/2022,OAJ,NC,ASO,EN,Federal Contract Tower,10,2,3,2,17,0,5,11,5,21,10,7,14,7,38,6,28,34,72
05/18/2022,OAJ,NC,ASO,EN,Federal Contract Tower,14,5,2,0,21,0,10,16,3,29,14,15,18,3,50,24,59,83,133
05/19/2022,OAJ,NC,ASO,EN,Federal Contract Tower,13,2,3,6,24,0,15,10,6,31,13,17,13,12,55,8,124,132,187
05/20/2022,OAJ,NC,ASO,EN,Federal Contract Tower,12,0,5,1,18,0,9,6,11,26,12,9,11,12,44,0,118,118,162
05/21/2022,OAJ,NC,ASO,EN,Federal Contract Tower,8,0,0,2,10,0,4,6,6,16,8,4,6,8,26,0,0,0,26
05/22/2022,OAJ,NC,ASO,EN,Federal Contract Tower,12,0,2,0,14,0,8,12,9,29,12,8,14,9,43,10,28,38,81
05/23/2022,OAJ,NC,ASO,EN,Federal Contract Tower,10,6,3,0,19,0,1,3,8,12,10,7,6,8,31,12,10,22,53
05/24/2022,OAJ,NC,ASO,EN,Federal Contract Tower,11,2,1,0,14,0,7,3,2,12,11,9,4,2,26,0,0,0,26
05/25/2022,OAJ,NC,ASO,EN,Federal Contract Tower,10,2,6,1,19,0,4,0,1,5,10,6,6,2,24,2,16,18,42
05/26/2022,OAJ,NC,ASO,EN,Federal Contract Tower,10,2,2,7,21,0,1,19,1,21,10,3,21,8,42,2,52,54,96
05/27/2022,OAJ,NC,ASO,EN,Federal Contract Tower,13,0,3,1,17,0,5,4,1,10,13,5,7,2,27,0,0,0,27
05/28/2022,OAJ,NC,ASO,EN,Federal Contract Tower,9,0,4,0,13,0,1,8,0,9,9,1,12,0,22,10,0,10,32
05/29/2022,OAJ,NC,ASO,EN,Federal Contract Tower,9,0,4,2,15,0,2,9,0,11,9,2,13,2,26,0,0,0,26
05/30/2022,OAJ,NC,ASO,EN,Federal Contract Tower,13,0,1,0,14,0,7,7,6,20,13,7,8,6,34,6,0,6,40
05/31/2022,OAJ,NC,ASO,EN,Federal Contract Tower,10,6,1,3,20,0,3,6,7,16,10,9,7,10,36,0,62,62,98
06/01/2022,OAJ,NC,ASO,EN,Federal Contract Tower,12,2,1,0,15,0,3,3,3,9,12,5,4,3,24,0,10,10,34
06/02/2022,OAJ,NC,ASO,EN,Federal Contract Tower,12,3,0,5,20,0,3,9,6,18,12,6,9,11,38,12,66,78,116
06/03/2022,OAJ,NC,ASO,EN,Federal Contract Tower,15,0,2,0,17,0,2,3,10,15,15,2,5,10,32,6,0,6,38
06/04/2022,OAJ,NC,ASO,EN,Federal Contract Tower,13,0,3,0,16,0,5,9,4,18,13,5,12,4,34,0,6,6,40
06/05/2022,OAJ,NC,ASO,EN,Federal Contract Tower,13,0,4,0,17,0,5,8,2,15,13,5,12,2,32,0,0,0,32
06/06/2022,OAJ,NC,ASO,EN,Federal Contract Tower,14,2,3,0,19,0,4,5,12,21,14,6,8,12,40,20,0,20,60
06/07/2022,OAJ,NC,ASO,EN,Federal Contract Tower,16,2,2,1,21,0,5,4,10,19,16,7,6,11,40,0,46,46,86
06/08/2022,OAJ,NC,ASO,EN,Federal Contract Tower,13,0,0,2,15,0,2,6,8,16,13,2,6,10,31,0,18,18,49
06/09/2022,OAJ,NC,ASO,EN,Federal Contract Tower,15,2,2,0,19,0,4,8,2,14,15,6,10,2,33,0,0,0,33
06/10/2022,OAJ,NC,ASO,EN,Federal Contract Tower,15,2,8,2,27,0,6,8,0,14,15,8,16,2,41,10,20,30,71
06/11/2022,OAJ,NC,ASO,EN,Federal Contract Tower,11,0,4,0,15,0,3,6,2,11,11,3,10,2,26,4,0,4,30
06/12/2022,OAJ,NC,ASO,EN,Federal Contract Tower,14,0,4,0,18,0,2,0,0,2,14,2,4,0,20,0,0,0,20
06/13/2022,OAJ,NC,ASO,EN,Federal Contract Tower,14,5,1,0,20,0,5,0,0,5,14,10,1,0,25,0,0,0,25
06/14/2022,OAJ,NC,ASO,EN,Federal Contract Tower,14,2,2,0,18,0,6,3,0,9,14,8,5,0,27,0,0,0,27
06/15/2022,OAJ,NC,ASO,EN,Federal Contract Tower,13,2,3,6,24,0,7,16,3,26,13,9,19,9,50,2,20,22,72
06/16/2022,OAJ,NC,ASO,EN,Federal Contract Tower,13,4,2,0,19,0,0,0,2,2,13,4,2,2,21,0,8,8,29
06/17/2022,OAJ,NC,ASO,EN,Federal Contract Tower,11,0,2,3,16,0,4,9,1,14,11,4,11,4,30,10,20,30,60
06/18/2022,OAJ,NC,ASO,EN,Federal Contract Tower,9,0,8,0,17,0,4,9,0,13,9,4,17,0,30,16,0,16,46
06/19/2022,OAJ,NC,ASO,EN,Federal Contract Tower,14,3,1,0,18,0,3,7,0,10,14,6,8,0,28,4,0,4,32
06/20/2022,OAJ,NC,ASO,EN,Federal Contract Tower,14,2,4,0,20,0,5,8,0,13,14,7,12,0,33,0,0,0,33
06/21/2022,OAJ,NC,ASO,EN,Federal Contract Tower,14,2,3,2,21,0,9,13,5,27,14,11,16,7,48,18,30,48,96
06/22/2022,OAJ,NC,ASO,EN,Federal Contract Tower,13,2,3,2,20,0,7,10,6,23,13,9,13,8,43,22,8,30,73
06/23/2022,OAJ,NC,ASO,EN,Federal Contract Tower,14,5,6,0,25,0,8,5,5,18,14,13,11,5,43,0,24,24,67
06/24/2022,OAJ,NC,ASO,EN,Federal Contract Tower,14,1,5,1,21,0,8,17,1,26,14,9,22,2,47,6,0,6,53
06/25/2022,OAJ,NC,ASO,EN,Federal Contract Tower,11,0,5,2,18,0,6,12,0,18,11,6,17,2,36,22,0,22,58
06/26/2022,OAJ,NC,ASO,EN,Federal Contract Tower,16,5,21,0,42,0,6,13,0,19,16,11,34,0,61,2,0,2,63
06/27/2022,OAJ,NC,ASO,EN,Federal Contract Tower,12,2,2,0,16,0,2,2,0,4,12,4,4,0,20,0,0,0,20
06/28/2022,OAJ,NC,ASO,EN,Federal Contract Tower,14,3,3,0,20,0,4,4,2,10,14,7,7,2,30,6,12,18,48
06/29/2022,OAJ,NC,ASO,EN,Federal Contract Tower,14,4,9,2,29,0,8,5,2,15,14,12,14,4,44,24,26,50,94
06/30/2022,OAJ,NC,ASO,EN,Federal Contract Tower,16,2,3,0,21,0,4,12,8,24,16,6,15,8,45,12,58,70,115
07/01/2022,OAJ,NC,ASO,EN,Federal Contract Tower,13,2,2,0,17,0,6,5,2,13,13,8,7,2,30,0,0,0,30
07/02/2022,OAJ,NC,ASO,EN,Federal Contract Tower,12,1,4,0,17,0,3,2,0,5,12,4,6,0,22,0,0,0,22
07/03/2022,OAJ,NC,ASO,EN,Federal Contract Tower,8,0,3,0,11,0,5,1,0,6,8,5,4,0,17,0,0,0,17
07/04/2022,OAJ,NC,ASO,EN,Federal Contract Tower,12,1,3,0,16,0,4,4,0,8,12,5,7,0,24,0,0,0,24
07/05/2022,OAJ,NC,ASO,EN,Federal Contract Tower,12,2,5,0,19,0,3,5,4,12,12,5,10,4,31,0,0,0,31
07/06/2022,OAJ,NC,ASO,EN,Federal Contract Tower,9,2,2,3,16,0,9,10,1,20,9,11,12,4,36,0,0,0,36
07/07/2022,OAJ,NC,ASO,EN,Federal Contract Tower,11,3,0,2,16,0,2,0,3,5,11,5,0,5,21,0,6,6,27
07/08/2022,OAJ,NC,ASO,EN,Federal Contract Tower,11,0,2,0,13,0,0,6,0,6,11,0,8,0,19,0,0,0,19
07/09/2022,OAJ,NC,ASO,EN,Federal Contract Tower,10,0,6,0,16,0,2,3,0,5,10,2,9,0,21,2,0,2,23
07/10/2022,OAJ,NC,ASO,EN,Federal Contract Tower,10,3,1,0,14,0,0,0,0,0,10,3,1,0,14,0,0,0,14
07/11/2022,OAJ,NC,ASO,EN,Federal Contract Tower,14,2,9,0,25,0,8,1,0,9,14,10,10,0,34,0,0,0,34
07/12/2022,OAJ,NC,ASO,EN,Federal Contract Tower,12,2,9,0,23,0,4,2,1,7,12,6,11,1,30,10,2,12,42
07/13/2022,OAJ,NC,ASO,EN,Federal Contract Tower,10,5,2,1,18,0,15,2,2,19,10,20,4,3,37,10,20,30,67
07/14/2022,OAJ,NC,ASO,EN,Federal Contract Tower,16,2,5,2,25,0,2,1,4,7,16,4,6,6,32,0,14,14,46
07/15/2022,OAJ,NC,ASO,EN,Federal Contract Tower,13,0,3,1,17,0,0,0,1,1,13,0,3,2,18,0,0,0,18
07/16/2022,OAJ,NC,ASO,EN,Federal Contract Tower,11,0,9,0,20,0,0,8,2,10,11,0,17,2,30,0,10,10,40
07/17/2022,OAJ,NC,ASO,EN,Federal Contract Tower,14,2,7,0,23,0,6,4,0,10,14,8,11,0,33,0,0,0,33
07/18/2022,OAJ,NC,ASO,EN,Federal Contract Tower,14,3,2,0,19,0,5,2,4,11,14,8,4,4,30,0,0,0,30
07/19/2022,OAJ,NC,ASO,EN,Federal Contract Tower,11,4,5,2,22,0,8,0,4,12,11,12,5,6,34,0,20,20,54
07/20/2022,OAJ,NC,ASO,EN,Federal Contract Tower,11,5,0,2,18,0,12,8,6,26,11,17,8,8,44,0,42,42,86
07/21/2022,OAJ,NC,ASO,EN,Federal Contract Tower,13,4,9,2,28,0,5,11,5,21,13,9,20,7,49,14,24,38,87
07/22/2022,OAJ,NC,ASO,EN,Federal Contract Tower,14,0,11,4,29,0,9,6,4,19,14,9,17,8,48,32,20,52,100
07/23/2022,OAJ,NC,ASO,EN,Federal Contract Tower,12,2,8,0,22,0,9,18,6,33,12,11,26,6,55,12,0,12,67
07/24/2022,OAJ,NC,ASO,EN,Federal Contract Tower,14,0,5,0,19,0,4,0,2,6,14,4,5,2,25,0,0,0,25
07/25/2022,OAJ,NC,ASO,EN,Federal Contract Tower,13,2,3,4,22,0,5,6,0,11,13,7,9,4,33,14,0,14,47
07/26/2022,OAJ,NC,ASO,EN,Federal Contract Tower,11,1,1,0,13,0,2,7,0,9,11,3,8,0,22,0,8,8,30
07/27/2022,OAJ,NC,ASO,EN,Federal Contract Tower,12,3,0,11,26,0,12,4,5,21,12,15,4,16,47,0,34,34,81
07/28/2022,OAJ,NC,ASO,EN,Federal Contract Tower,14,2,1,3,20,0,8,5,9,22,14,10,6,12,42,30,40,70,112
07/29/2022,OAJ,NC,ASO,EN,Federal Contract Tower,14,0,3,0,17,0,6,0,4,10,14,6,3,4,27,0,44,44,71
07/30/2022,OAJ,NC,ASO,EN,Federal Contract Tower,10,0,4,0,14,0,2,5,1,8,10,2,9,1,22,0,0,0,22
07/31/2022,OAJ,NC,ASO,EN,Federal Contract Tower,18,1,0,2,21,0,3,4,6,13,18,4,4,8,34,16,0,16,50
08/01/2022,OAJ,NC,ASO,EN,Federal Contract Tower,14,2,0,0,16,0,7,2,0,9,14,9,2,0,25,16,0,16,41
08/02/2022,OAJ,NC,ASO,EN,Federal Contract Tower,11,5,5,3,24,0,13,18,6,37,11,18,23,9,61,136,8,144,205
08/03/2022,OAJ,NC,ASO,EN,Federal Contract Tower,12,2,3,5,22,0,4,5,14,23,12,6,8,19,45,0,126,126,171
08/04/2022,OAJ,NC,ASO,EN,Federal Contract Tower,12,2,8,0,22,0,5,7,0,12,12,7,15,0,34,4,0,4,38
08/05/2022,OAJ,NC,ASO,EN,Federal Contract Tower,12,0,5,0,17,0,4,11,7,22,12,4,16,7,39,0,32,32,71
08/06/2022,OAJ,NC,ASO,EN,Federal Contract Tower,9,0,3,0,12,0,2,11,0,13,9,2,14,0,25,14,0,14,39
08/07/2022,OAJ,NC,ASO,EN,Federal Contract Tower,12,2,6,0,20,0,4,14,0,18,12,6,20,0,38,12,0,12,50
08/08/2022,OAJ,NC,ASO,EN,Federal Contract Tower,15,3,0,0,18,0,5,5,4,14,15,8,5,4,32,10,46,56,88
08/09/2022,OAJ,NC,ASO,EN,Federal Contract Tower,13,2,2,1,18,0,13,7,2,22,13,15,9,3,40,0,24,24,64
08/10/2022,OAJ,NC,ASO,EN,Federal Contract Tower,13,2,4,0,19,0,7,83,6,96,13,9,87,6,115,12,34,46,161
08/11/2022,OAJ,NC,ASO,EN,Federal Contract Tower,14,2,2,2,20,0,7,4,6,17,14,9,6,8,37,6,48,54,91
08/12/2022,OAJ,NC,ASO,EN,Federal Contract Tower,13,2,4,1,20,0,1,0,0,1,13,3,4,1,21,0,0,0,21
08/13/2022,OAJ,NC,ASO,EN,Federal Contract Tower,11,2,0,0,13,0,11,4,0,15,11,13,4,0,28,2,0,2,30
08/14/2022,OAJ,NC,ASO,EN,Federal Contract Tower,14,1,6,1,22,0,36,9,0,45,14,37,15,1,67,10,0,10,77
08/15/2022,OAJ,NC,ASO,EN,Federal Contract Tower,14,2,1,1,18,0,18,5,4,27,14,20,6,5,45,0,12,12,57
08/16/2022,OAJ,NC,ASO,EN,Federal Contract Tower,10,2,1,0,13,0,6,2,6,14,10,8,3,6,27,0,38,38,65
08/17/2022,OAJ,NC,ASO,EN,Federal Contract Tower,12,2,1,3,18,0,5,12,7,24,12,7,13,10,42,10,50,60,102
08/18/2022,OAJ,NC,ASO,EN,Federal Contract Tower,10,2,3,2,17,0,34,17,11,62,10,36,20,13,79,26,64,90,169
08/19/2022,OAJ,NC,ASO,EN,Federal Contract Tower,10,0,6,0,16,0,2,3,1,6,10,2,9,1,22,0,0,0,22
08/20/2022,OAJ,NC,ASO,EN,Federal Contract Tower,11,0,1,2,14,0,5,3,0,8,11,5,4,2,22,12,0,12,34
08/21/2022,OAJ,NC,ASO,EN,Federal Contract Tower,11,0,1,0,12,0,7,0,0,7,11,7,1,0,19,0,0,0,19
08/22/2022,OAJ,NC,ASO,EN,Federal Contract Tower,10,4,0,0,14,0,8,0,0,8,10,12,0,0,22,0,0,0,22
08/23/2022,OAJ,NC,ASO,EN,Federal Contract Tower,10,4,6,2,22,0,4,3,8,15,10,8,9,10,37,16,48,64,101
08/24/2022,OAJ,NC,ASO,EN,Federal Contract Tower,10,2,6,6,24,0,4,8,12,24,10,6,14,18,48,0,86,86,134
08/25/2022,OAJ,NC,ASO,EN,Federal Contract Tower,10,2,3,2,17,0,4,4,14,22,10,6,7,16,39,2,36,38,77
08/26/2022,OAJ,NC,ASO,EN,Federal Contract Tower,10,0,1,1,12,0,1,2,6,9,10,1,3,7,21,0,10,10,31
08/27/2022,OAJ,NC,ASO,EN,Federal Contract Tower,10,0,1,1,12,0,4,7,7,18,10,4,8,8,30,14,2,16,46
08/28/2022,OAJ,NC,ASO,EN,Federal Contract Tower,12,0,10,0,22,0,3,8,0,11,12,3,18,0,33,8,0,8,41
08/29/2022,OAJ,NC,ASO,EN,Federal Contract Tower,11,2,10,2,25,0,2,2,1,5,11,4,12,3,30,0,16,16,46
08/30/2022,OAJ,NC,ASO,EN,Federal Contract Tower,10,2,2,0,14,0,7,1,2,10,10,9,3,2,24,0,20,20,44
08/31/2022,OAJ,NC,ASO,EN,Federal Contract Tower,13,2,6,2,23,0,4,5,2,11,13,6,11,4,34,14,20,34,68
09/01/2022,OAJ,NC,ASO,EN,Federal Contract Tower,12,2,3,0,17,0,6,8,0,14,12,8,11,0,31,20,0,20,51
09/02/2022,OAJ,NC,ASO,EN,Federal Contract Tower,12,0,12,0,24,0,7,10,2,19,12,7,22,2,43,0,12,12,55
09/03/2022,OAJ,NC,ASO,EN,Federal Contract Tower,11,1,0,2,14,0,2,1,0,3,11,3,1,2,17,0,0,0,17
09/04/2022,OAJ,NC,ASO,EN,Federal Contract Tower,7,4,2,0,13,0,4,8,0,12,7,8,10,0,25,12,0,12,37
09/05/2022,OAJ,NC,ASO,EN,Federal Contract Tower,12,0,1,0,13,0,4,4,0,8,12,4,5,0,21,0,4,4,25
09/06/2022,OAJ,NC,ASO,EN,Federal Contract Tower,10,3,0,0,13,0,9,4,0,13,10,12,4,0,26,0,0,0,26
09/07/2022,OAJ,NC,ASO,EN,Federal Contract Tower,8,3,4,0,15,0,7,0,4,11,8,10,4,4,26,10,24,34,60
09/08/2022,OAJ,NC,ASO,EN,Federal Contract Tower,10,10,4,4,28,0,7,4,4,15,10,17,8,8,43,0,12,12,55
09/09/2022,OAJ,NC,ASO,EN,Federal Contract Tower,10,3,7,2,22,0,9,9,1,19,10,12,16,3,41,18,0,18,59
09/10/2022,OAJ,NC,ASO,EN,Federal Contract Tower,8,0,2,0,10,0,0,0,4,4,8,0,2,4,14,0,0,0,14
09/11/2022,OAJ,NC,ASO,EN,Federal Contract Tower,14,4,2,0,20,0,0,2,1,3,14,4,4,1,23,0,0,0,23
09/12/2022,OAJ,NC,ASO,EN,Federal Contract Tower,11,2,0,0,13,0,2,3,2,7,11,4,3,2,20,22,4,26,46
09/13/2022,OAJ,NC,ASO,EN,Federal Contract Tower,9,2,0,0,11,0,3,4,4,11,9,5,4,4,22,12,20,32,54
09/14/2022,OAJ,NC,ASO,EN,Federal Contract Tower,9,2,9,2,22,0,10,12,0,22,9,12,21,2,44,16,0,16,60
09/15/2022,OAJ,NC,ASO,EN,Federal Contract Tower,10,2,9,1,22,0,3,2,2,7,10,5,11,3,29,0,10,10,39
09/16/2022,OAJ,NC,ASO,EN,Federal Contract Tower,11,0,3,0,14,0,5,4,2,11,11,5,7,2,25,14,2,16,41
09/17/2022,OAJ,NC,ASO,EN,Federal Contract Tower,8,0,2,0,10,0,2,2,0,4,8,2,4,0,14,0,0,0,14
09/18/2022,OAJ,NC,ASO,EN,Federal Contract Tower,11,1,5,0,17,0,11,3,0,14,11,12,8,0,31,0,0,0,31
09/19/2022,OAJ,NC,ASO,EN,Federal Contract Tower,14,3,11,3,31,0,6,2,2,10,14,9,13,5,41,8,0,8,49
09/20/2022,OAJ,NC,ASO,EN,Federal Contract Tower,9,4,3,5,21,0,10,11,6,27,9,14,14,11,48,0,48,48,96
09/21/2022,OAJ,NC,ASO,EN,Federal Contract Tower,9,4,1,3,17,0,6,6,4,16,9,10,7,7,33,0,34,34,67
09/22/2022,OAJ,NC,ASO,EN,Federal Contract Tower,11,2,3,3,19,0,2,2,14,18,11,4,5,17,37,0,68,68,105
09/23/2022,OAJ,NC,ASO,EN,Federal Contract Tower,11,0,2,0,13,0,5,3,2,10,11,5,5,2,23,10,10,20,43
09/24/2022,OAJ,NC,ASO,EN,Federal Contract Tower,8,0,0,0,8,0,4,12,0,16,8,4,12,0,24,18,0,18,42
09/25/2022,OAJ,NC,ASO,EN,Federal Contract Tower,11,1,7,0,19,0,8,11,0,19,11,9,18,0,38,10,0,10,48
09/26/2022,OAJ,NC,ASO,EN,Federal Contract Tower,12,2,1,0,15,0,20,6,7,33,12,22,7,7,48,14,26,40,88
09/27/2022,OAJ,NC,ASO,EN,Federal Contract Tower,9,2,6,0,17,0,7,5,6,18,9,9,11,6,35,0,30,30,65
09/28/2022,OAJ,NC,ASO,EN,Federal Contract Tower,9,2,3,2,16,0,12,15,10,37,9,14,18,12,53,28,34,62,115
09/29/2022,OAJ,NC,ASO,EN,Federal Contract Tower,12,0,2,5,19,0,3,0,3,6,12,3,2,8,25,0,10,10,35
09/30/2022,OAJ,NC,ASO,EN,Federal Contract Tower,1,0,0,0,1,0,0,0,0,0,1,0,0,0,1,0,0,0,1
10/01/2022,OAJ,NC,ASO,EN,Federal Contract Tower,8,0,3,0,11,0,4,1,0,5,8,4,4,0,16,6,0,6,22
10/02/2022,OAJ,NC,ASO,EN,Federal Contract Tower,13,2,1,0,16,0,5,7,0,12,13,7,8,0,28,10,0,10,38
10/03/2022,OAJ,NC,ASO,EN,Federal Contract Tower,11,3,5,0,19,0,7,1,3,11,11,10,6,3,30,0,22,22,52
10/04/2022,OAJ,NC,ASO,EN,Federal Contract Tower,8,2,4,2,16,0,8,7,6,21,8,10,11,8,37,0,58,58,95
10/05/2022,OAJ,NC,ASO,EN,Federal Contract Tower,9,2,8,4,23,0,8,4,12,24,9,10,12,16,47,8,116,124,171
10/06/2022,OAJ,NC,ASO,EN,Federal Contract Tower,14,2,7,0,23,0,7,3,14,24,14,9,10,14,47,0,64,64,111
10/07/2022,OAJ,NC,ASO,EN,Federal Contract Tower,12,0,4,3,19,0,7,14,3,24,12,7,18,6,43,4,60,64,107
10/08/2022,OAJ,NC,ASO,EN,Federal Contract Tower,10,0,2,0,12,0,3,9,0,12,10,3,11,0,24,12,0,12,36
10/09/2022,OAJ,NC,ASO,EN,Federal Contract Tower,14,3,5,0,22,0,3,15,0,18,14,6,20,0,40,8,0,8,48
10/10/2022,OAJ,NC,ASO,EN,Federal Contract Tower,12,2,2,0,16,0,11,1,0,12,12,13,3,0,28,0,0,0,28
10/11/2022,OAJ,NC,ASO,EN,Federal Contract Tower,8,2,1,2,13,0,7,6,6,19,8,9,7,8,32,16,68,84,116
10/12/2022,OAJ,NC,ASO,EN,Federal Contract Tower,7,4,6,4,21,0,7,14,4,25,7,11,20,8,46,16,42,58,104
10/13/2022,OAJ,NC,ASO,EN,Federal Contract Tower,12,2,3,0,17,0,2,0,4,6,12,4,3,4,23,0,30,30,53
10/14/2022,OAJ,NC,ASO,EN,Federal Contract Tower,15,1,4,0,20,0,5,2,0,7,15,6,6,0,27,6,0,6,33
10/15/2022,OAJ,NC,ASO,EN,Federal Contract Tower,10,0,0,0,10,2,5,5,0,12,12,5,5,0,22,6,0,6,28
10/16/2022,OAJ,NC,ASO,EN,Federal Contract Tower,12,0,4,0,16,0,8,4,0,12,12,8,8,0,28,0,0,0,28
10/17/2022,OAJ,NC,ASO,EN,Federal Contract Tower,12,2,3,0,17,0,4,2,0,6,12,6,5,0,23,0,0,0,23
10/18/2022,OAJ,NC,ASO,EN,Federal Contract Tower,8,4,2,4,18,0,7,12,0,19,8,11,14,4,37,12,0,12,49
10/19/2022,OAJ,NC,ASO,EN,Federal Contract Tower,11,2,4,2,19,0,6,7,2,15,11,8,11,4,34,0,36,36,70
10/20/2022,OAJ,NC,ASO,EN,Federal Contract Tower,17,2,1,0,20,0,3,9,8,20,17,5,10,8,40,0,24,24,64
10/21/2022,OAJ,NC,ASO,EN,Federal Contract Tower,12,0,4,0,16,0,5,9,4,18,12,5,13,4,34,14,46,60,94
10/22/2022,OAJ,NC,ASO,EN,Federal Contract Tower,10,0,4,1,15,0,9,11,1,21,10,9,15,2,36,10,0,10,46
10/23/2022,OAJ,NC,ASO,EN,Federal Contract Tower,12,0,8,1,21,0,2,2,1,5,12,2,10,2,26,10,0,10,36
10/24/2022,OAJ,NC,ASO,EN,Federal Contract Tower,10,2,0,2,14,0,4,5,1,10,10,6,5,3,24,16,18,34,58
10/25/2022,OAJ,NC,ASO,EN,Federal Contract Tower,8,2,1,3,14,0,2,4,1,7,8,4,5,4,21,6,6,12,33
10/26/2022,OAJ,NC,ASO,EN,Federal Contract Tower,8,4,5,0,17,0,5,7,6,18,8,9,12,6,35,0,30,30,65
10/27/2022,OAJ,NC,ASO,EN,Federal Contract Tower,11,2,6,0,19,0,1,6,0,7,11,3,12,0,26,0,0,0,26
10/28/2022,OAJ,NC,ASO,EN,Federal Contract Tower,11,2,4,0,17,0,0,1,0,1,11,2,5,0,18,8,0,8,26
10/29/2022,OAJ,NC,ASO,EN,Federal Contract Tower,7,1,2,0,10,0,3,0,0,3,7,4,2,0,13,28,0,28,41
10/30/2022,OAJ,NC,ASO,EN,Federal Contract Tower,12,0,3,4,19,0,2,2,1,5,12,2,5,5,24,18,24,42,66
10/31/2022,OAJ,NC,ASO,EN,Federal Contract Tower,8,2,2,0,12,0,9,4,5,18,8,11,6,5,30,2,18,20,50
11/01/2022,OAJ,NC,ASO,EN,Federal Contract Tower,7,4,2,0,13,0,6,3,0,9,7,10,5,0,22,30,0,30,52
11/02/2022,OAJ,NC,ASO,EN,Federal Contract Tower,13,2,0,1,16,0,19,9,9,37,13,21,9,10,53,0,78,78,131
11/03/2022,OAJ,NC,ASO,EN,Federal Contract Tower,12,8,9,0,29,0,10,0,8,18,12,18,9,8,47,10,40,50,97
11/04/2022,OAJ,NC,ASO,EN,Federal Contract Tower,8,6,6,0,20,0,8,8,0,16,8,14,14,0,36,0,0,0,36
11/05/2022,OAJ,NC,ASO,EN,Federal Contract Tower,8,0,4,0,12,0,3,7,2,12,8,3,11,2,24,0,0,0,24
11/06/2022,OAJ,NC,ASO,EN,Federal Contract Tower,8,1,2,0,11,0,11,6,2,19,8,12,8,2,30,10,0,10,40
11/07/2022,OAJ,NC,ASO,EN,Federal Contract Tower,9,2,3,0,14,0,1,6,0,7,9,3,9,0,21,0,0,0,21
11/08/2022,OAJ,NC,ASO,EN,Federal Contract Tower,9,3,5,4,21,0,7,3,4,14,9,10,8,8,35,0,12,12,47
11/09/2022,OAJ,NC,ASO,EN,Federal Contract Tower,8,2,0,2,12,0,8,6,10,24,8,10,6,12,36,0,14,14,50
11/10/2022,OAJ,NC,ASO,EN,Federal Contract Tower,7,0,0,2,9,0,0,5,2,7,7,0,5,4,16,6,0,6,22
11/11/2022,OAJ,NC,ASO,EN,Federal Contract Tower,8,0,3,0,11,0,2,1,0,3,8,2,4,0,14,0,0,0,14
11/12/2022,OAJ,NC,ASO,EN,Federal Contract Tower,9,0,6,0,15,0,8,1,0,9,9,8,7,0,24,10,0,10,34
11/13/2022,OAJ,NC,ASO,EN,Federal Contract Tower,9,0,2,0,11,0,0,10,0,10,9,0,12,0,21,0,0,0,21
11/14/2022,OAJ,NC,ASO,EN,Federal Contract Tower,9,5,2,0,16,0,7,9,0,16,9,12,11,0,32,0,0,0,32
11/15/2022,OAJ,NC,ASO,EN,Federal Contract Tower,8,5,4,8,25,0,5,1,8,14,8,10,5,16,39,0,40,40,79
11/16/2022,OAJ,NC,ASO,EN,Federal Contract Tower,11,6,0,4,21,0,3,6,4,13,11,9,6,8,34,6,36,42,76
11/17/2022,OAJ,NC,ASO,EN,Federal Contract Tower,11,0,6,4,21,0,2,14,8,24,11,2,20,12,45,30,14,44,89
11/18/2022,OAJ,NC,ASO,EN,Federal Contract Tower,8,0,1,2,11,0,6,15,8,29,8,6,16,10,40,10,60,70,110
11/19/2022,OAJ,NC,ASO,EN,Federal Contract Tower,8,0,5,0,13,0,12,20,6,38,8,12,25,6,51,16,0,16,67
11/20/2022,OAJ,NC,ASO,EN,Federal Contract Tower,8,0,7,1,16,0,6,11,9,26,8,6,18,10,42,6,0,6,48
11/21/2022,OAJ,NC,ASO,EN,Federal Contract Tower,8,1,4,2,15,0,10,6,5,21,8,11,10,7,36,26,26,52,88
11/22/2022,OAJ,NC,ASO,EN,Federal Contract Tower,7,3,6,0,16,0,3,7,18,28,7,6,13,18,44,0,86,86,130
11/23/2022,OAJ,NC,ASO,EN,Federal Contract Tower,8,3,4,0,15,0,5,6,2,13,8,8,10,2,28,0,14,14,42
11/24/2022,OAJ,NC,ASO,EN,Federal Contract Tower,6,0,3,0,9,0,3,2,0,5,6,3,5,0,14,0,0,0,14
11/25/2022,OAJ,NC,ASO,EN,Federal Contract Tower,6,2,2,0,10,0,2,1,0,3,6,4,3,0,13,0,0,0,13
11/26/2022,OAJ,NC,ASO,EN,Federal Contract Tower,8,2,5,0,15,0,4,24,0,28,8,6,29,0,43,22,0,22,65
11/27/2022,OAJ,NC,ASO,EN,Federal Contract Tower,10,2,3,0,15,0,1,0,0,1,10,3,3,0,16,0,0,0,16
11/28/2022,OAJ,NC,ASO,EN,Federal Contract Tower,8,3,1,2,14,0,6,5,0,11,8,9,6,2,25,24,0,24,49
11/29/2022,OAJ,NC,ASO,EN,Federal Contract Tower,8,2,9,4,23,0,7,5,14,26,8,9,14,18,49,24,106,130,179
11/30/2022,OAJ,NC,ASO,EN,Federal Contract Tower,10,5,1,2,18,0,0,1,2,3,10,5,2,4,21,0,22,22,43
12/01/2022,OAJ,NC,ASO,EN,Federal Contract Tower,8,4,4,2,18,0,4,9,8,21,8,8,13,10,39,4,24,28,67
12/02/2022,OAJ,NC,ASO,EN,Federal Contract Tower,9,2,9,0,20,0,3,6,4,13,9,5,15,4,33,0,8,8,41
12/03/2022,OAJ,NC,ASO,EN,Federal Contract Tower,8,2,3,0,13,0,11,4,0,15,8,13,7,0,28,2,0,2,30
12/04/2022,OAJ,NC,ASO,EN,Federal Contract Tower,8,3,3,0,14,0,16,0,0,16,8,19,3,0,30,4,0,4,34
12/05/2022,OAJ,NC,ASO,EN,Federal Contract Tower,8,1,1,3,13,0,7,6,5,18,8,8,7,8,31,8,36,44,75
12/06/2022,OAJ,NC,ASO,EN,Federal Contract Tower,5,5,2,2,14,0,7,6,4,17,5,12,8,6,31,16,36,52,83
12/07/2022,OAJ,NC,ASO,EN,Federal Contract Tower,8,1,1,4,14,0,0,4,10,14,8,1,5,14,28,0,122,122,150
12/08/2022,OAJ,NC,ASO,EN,Federal Contract Tower,10,4,4,0,18,0,4,4,4,12,10,8,8,4,30,6,24,30,60
12/09/2022,OAJ,NC,ASO,EN,Federal Contract Tower,7,2,2,0,11,0,8,0,14,22,7,10,2,14,33,8,42,50,83
12/10/2022,OAJ,NC,ASO,EN,Federal Contract Tower,8,2,7,0,17,0,4,3,0,7,8,6,10,0,24,0,0,0,24
12/11/2022,OAJ,NC,ASO,EN,Federal Contract Tower,10,0,1,0,11,0,2,2,0,4,10,2,3,0,15,0,0,0,15
12/12/2022,OAJ,NC,ASO,EN,Federal Contract Tower,8,2,3,7,20,0,10,5,6,21,8,12,8,13,41,0,72,72,113
12/13/2022,OAJ,NC,ASO,EN,Federal Contract Tower,8,2,8,2,20,0,9,17,4,30,8,11,25,6,50,10,64,74,124
12/14/2022,OAJ,NC,ASO,EN,Federal Contract Tower,10,2,0,1,13,0,4,6,12,22,10,6,6,13,35,14,86,100,135
12/15/2022,OAJ,NC,ASO,EN,Federal Contract Tower,9,3,1,0,13,0,0,0,1,1,9,3,1,1,14,0,26,26,40
12/16/2022,OAJ,NC,ASO,EN,Federal Contract Tower,8,3,0,2,13,0,20,11,6,37,8,23,11,8,50,10,0,10,60
12/17/2022,OAJ,NC,ASO,EN,Federal Contract Tower,9,1,5,0,15,0,14,13,13,40,9,15,18,13,55,0,0,0,55
12/18/2022,OAJ,NC,ASO,EN,Federal Contract Tower,9,0,8,0,17,0,4,10,14,28,9,4,18,14,45,4,0,4,49
12/19/2022,OAJ,NC,ASO,EN,Federal Contract Tower,10,1,1,0,12,0,10,13,2,25,10,11,14,2,37,2,6,8,45
12/20/2022,OAJ,NC,ASO,EN,Federal Contract Tower,8,2,4,4,18,0,7,3,18,28,8,9,7,22,46,2,138,140,186
12/21/2022,OAJ,NC,ASO,EN,Federal Contract Tower,9,2,1,0,12,0,3,8,3,14,9,5,9,3,26,18,14,32,58
12/22/2022,OAJ,NC,ASO,EN,Federal Contract Tower,9,2,2,0,13,0,0,0,0,0,9,2,2,0,13,0,0,0,13
12/23/2022,OAJ,NC,ASO,EN,Federal Contract Tower,6,2,4,0,12,0,0,1,2,3,6,2,5,2,15,4,12,16,31
12/24/2022,OAJ,NC,ASO,EN,Federal Contract Tower,7,2,2,0,11,0,6,2,0,8,7,8,4,0,19,4,0,4,23
12/25/2022,OAJ,NC,ASO,EN,Federal Contract Tower,8,0,8,0,16,0,3,2,0,5,8,3,10,0,21,4,0,4,25
12/26/2022,OAJ,NC,ASO,EN,Federal Contract Tower,8,2,9,0,19,0,3,13,0,16,8,5,22,0,35,8,0,8,43
12/27/2022,OAJ,NC,ASO,EN,Federal Contract Tower,9,2,5,0,16,0,5,15,0,20,9,7,20,0,36,12,0,12,48
12/28/2022,OAJ,NC,ASO,EN,Federal Contract Tower,9,2,0,0,11,0,7,9,2,18,9,9,9,2,29,2,22,24,53
12/29/2022,OAJ,NC,ASO,EN,Federal Contract Tower,8,5,0,0,13,0,3,8,8,19,8,8,8,8,32,0,74,74,106
12/30/2022,OAJ,NC,ASO,EN,Federal Contract Tower,8,1,5,0,14,0,7,2,16,25,8,8,7,16,39,8,34,42,81
12/31/2022,OAJ,NC,ASO,EN,Federal Contract Tower,7,0,0,0,7,0,0,0,0,0,7,0,0,0,7,0,0,0,7
01/01/2023,OAJ,NC,ASO,EN,Federal Contract Tower,10,0,5,0,15,0,2,2,0,4,10,2,7,0,19,32,0,32,51
01/02/2023,OAJ,NC,ASO,EN,Federal Contract Tower,8,3,4,0,15,0,2,5,0,7,8,5,9,0,22,0,0,0,22
01/03/2023,OAJ,NC,ASO,EN,Federal Contract Tower,8,3,2,2,15,0,4,8,0,12,8,7,10,2,27,0,0,0,27
01/04/2023,OAJ,NC,ASO,EN,Federal Contract Tower,9,4,0,0,13,0,2,2,0,4,9,6,2,0,17,6,0,6,23
01/05/2023,OAJ,NC,ASO,EN,Federal Contract Tower,8,4,2,5,19,0,4,2,5,11,8,8,4,10,30,4,94,98,128
01/06/2023,OAJ,NC,ASO,EN,Federal Contract Tower,11,0,1,0,12,0,8,10,6,24,11,8,11,6,36,0,56,56,92
01/07/2023,OAJ,NC,ASO,EN,Federal Contract Tower,8,0,5,0,13,0,6,14,0,20,8,6,19,0,33,12,0,12,45
01/08/2023,OAJ,NC,ASO,EN,Federal Contract Tower,9,0,4,0,13,0,5,7,0,12,9,5,11,0,25,10,0,10,35
01/09/2023,OAJ,NC,ASO,EN,Federal Contract Tower,8,3,0,4,15,0,2,11,6,19,8,5,11,10,34,10,50,60,94
01/10/2023,OAJ,NC,ASO,EN,Federal Contract Tower,11,4,6,0,21,0,1,10,10,21,11,5,16,10,42,26,50,76,118
01/11/2023,OAJ,NC,ASO,EN,Federal Contract Tower,10,2,2,0,14,0,5,5,6,16,10,7,7,6,30,2,70,72,102
01/12/2023,OAJ,NC,ASO,EN,Federal Contract Tower,8,4,1,1,14,0,4,3,4,11,8,8,4,5,25,10,38,48,73
01/13/2023,OAJ,NC,ASO,EN,Federal Contract Tower,8,0,1,1,10,0,7,1,1,9,8,7,2,2,19,0,0,0,19
01/14/2023,OAJ,NC,ASO,EN,Federal Contract Tower,7,0,0,0,7,0,5,3,0,8,7,5,3,0,15,6,0,6,21
01/15/2023,OAJ,NC,ASO,EN,Federal Contract Tower,9,0,4,0,13,0,9,7,0,16,9,9,11,0,29,8,0,8,37
01/16/2023,OAJ,NC,ASO,EN,Federal Contract Tower,11,2,5,2,20,0,3,6,0,9,11,5,11,2,29,4,0,4,33
01/17/2023,OAJ,NC,ASO,EN,Federal Contract Tower,9,2,2,0,13,0,2,4,2,8,9,4,6,2,21,6,10,16,37
01/18/2023,OAJ,NC,ASO,EN,Federal Contract Tower,9,5,3,4,21,0,10,7,9,26,9,15,10,13,47,0,88,88,135
01/19/2023,OAJ,NC,ASO,EN,Federal Contract Tower,8,2,2,2,14,0,7,2,5,14,8,9,4,7,28,6,38,44,72
01/20/2023,OAJ,NC,ASO,EN,Federal Contract Tower,9,0,2,2,13,0,7,3,2,12,9,7,5,4,25,22,0,22,47
01/21/2023,OAJ,NC,ASO,EN,Federal Contract Tower,10,0,4,0,14,0,6,20,0,26,10,6,24,0,40,8,0,8,48
01/22/2023,OAJ,NC,ASO,EN,Federal Contract Tower,9,1,3,3,16,0,0,0,0,0,9,1,3,3,16,0,0,0,16
01/23/2023,OAJ,NC,ASO,EN,Federal Contract Tower,9,2,1,8,20,0,5,1,17,23,9,7,2,25,43,8,22,30,73
01/24/2023,OAJ,NC,ASO,EN,Federal Contract Tower,10,2,5,4,21,0,7,8,5,20,10,9,13,9,41,12,44,56,97
01/25/2023,OAJ,NC,ASO,EN,Federal Contract Tower,10,0,2,0,12,0,0,2,16,18,10,0,4,16,30,0,34,34,64
01/26/2023,OAJ,NC,ASO,EN,Federal Contract Tower,9,2,3,2,16,0,2,6,18,26,9,4,9,20,42,14,102,116,158
01/27/2023,OAJ,NC,ASO,EN,Federal Contract Tower,12,0,1,3,16,0,10,6,13,29,12,10,7,16,45,0,62,62,107
01/28/2023,OAJ,NC,ASO,EN,Federal Contract Tower,10,0,0,0,10,0,10,12,2,24,10,10,12,2,34,4,0,4,38
01/29/2023,OAJ,NC,ASO,EN,Federal Contract Tower,9,0,5,4,18,0,7,15,0,22,9,7,20,4,40,26,6,32,72
01/30/2023,OAJ,NC,ASO,EN,Federal Contract Tower,9,3,2,3,17,0,0,0,0,0,9,3,2,3,17,0,0,0,17
01/31/2023,OAJ,NC,ASO,EN,Federal Contract Tower,11,2,3,2,18,0,0,0,0,0,11,2,3,2,18,0,0,0,18
02/01/2023,OAJ,NC,ASO,EN,Federal Contract Tower,10,5,0,12,27,0,0,0,0,0,10,5,0,12,27,0,0,0,27
02/02/2023,OAJ,NC,ASO,EN,Federal Contract Tower,10,4,0,2,16,0,0,0,0,0,10,4,0,2,16,0,0,0,16
02/03/2023,OAJ,NC,ASO,EN,Federal Contract Tower,8,0,0,0,8,0,7,0,6,13,8,7,0,6,21,10,22,32,53
02/04/2023,OAJ,NC,ASO,EN,Federal Contract Tower,9,0,2,1,12,0,7,2,1,10,9,7,4,2,22,0,0,0,22
02/05/2023,OAJ,NC,ASO,EN,Federal Contract Tower,9,2,0,4,15,0,4,2,0,6,9,6,2,4,21,0,0,0,21
02/06/2023,OAJ,NC,ASO,EN,Federal Contract Tower,9,2,0,0,11,0,1,4,0,5,9,3,4,0,16,0,0,0,16
02/07/2023,OAJ,NC,ASO,EN,Federal Contract Tower,9,2,4,2,17,0,4,16,8,28,9,6,20,10,45,30,78,108,153
02/08/2023,OAJ,NC,ASO,EN,Federal Contract Tower,9,2,2,0,13,0,14,10,5,29,9,16,12,5,42,20,86,106,148
02/09/2023,OAJ,NC,ASO,EN,Federal Contract Tower,9,2,1,5,17,0,7,4,20,31,9,9,5,25,48,8,76,84,132
02/10/2023,OAJ,NC,ASO,EN,Federal Contract Tower,11,1,1,0,13,0,9,10,3,22,11,10,11,3,35,0,20,20,55
02/11/2023,OAJ,NC,ASO,EN,Federal Contract Tower,10,0,4,0,14,0,7,6,0,13,10,7,10,0,27,0,0,0,27
02/12/2023,OAJ,NC,ASO,EN,Federal Contract Tower,12,0,0,0,12,0,0,4,0,4,12,0,4,0,16,0,0,0,16
02/13/2023,OAJ,NC,ASO,EN,Federal Contract Tower,10,4,1,1,16,0,9,13,7,29,10,13,14,8,45,0,42,42,87
02/14/2023,OAJ,NC,ASO,EN,Federal Contract Tower,9,2,6,6,23,0,4,8,8,20,9,6,14,14,43,6,116,122,165
02/15/2023,OAJ,NC,ASO,EN,Federal Contract Tower,8,2,3,10,23,0,9,7,8,24,8,11,10,18,47,0,62,62,109
02/16/2023,OAJ,NC,ASO,EN,Federal Contract Tower,9,4,2,0,15,0,3,6,2,11,9,7,8,2,26,0,12,12,38
02/17/2023,OAJ,NC,ASO,EN,Federal Contract Tower,9,0,3,0,12,0,6,3,2,11,9,6,6,2,23,0,20,20,43
02/18/2023,OAJ,NC,ASO,EN,Federal Contract Tower,9,0,8,0,17,0,9,13,0,22,9,9,21,0,39,0,0,0,39
02/19/2023,OAJ,NC,ASO,EN,Federal Contract Tower,10,0,2,0,12,0,9,8,0,17,10,9,10,0,29,30,0,30,59
02/20/2023,OAJ,NC,ASO,EN,Federal Contract Tower,8,3,5,1,17,0,7,11,0,18,8,10,16,1,35,0,0,0,35
02/21/2023,OAJ,NC,ASO,EN,Federal Contract Tower,10,2,3,1,16,0,6,6,1,13,10,8,9,2,29,4,0,4,33
02/22/2023,OAJ,NC,ASO,EN,Federal Contract Tower,10,2,0,0,12,0,5,5,7,17,10,7,5,7,29,4,56,60,89
02/23/2023,OAJ,NC,ASO,EN,Federal Contract Tower,8,2,3,0,13,0,4,10,18,32,8,6,13,18,45,0,90,90,135
02/24/2023,OAJ,NC,ASO,EN,Federal Contract Tower,6,2,0,3,11,0,10,5,10,25,6,12,5,13,36,8,58,66,102
02/25/2023,OAJ,NC,ASO,EN,Federal Contract Tower,13,2,2,2,19,0,2,1,0,3,13,4,3,2,22,0,0,0,22
02/26/2023,OAJ,NC,ASO,EN,Federal Contract Tower,8,2,0,1,11,0,10,4,5,19,8,12,4,6,30,8,0,8,38
02/27/2023,OAJ,NC,ASO,EN,Federal Contract Tower,8,2,3,4,17,0,6,0,2,8,8,8,3,6,25,0,0,0,25
02/28/2023,OAJ,NC,ASO,EN,Federal Contract Tower,8,2,8,0,18,0,8,2,2,12,8,10,10,2,30,8,32,40,70
03/01/2023,OAJ,NC,ASO,EN,Federal Contract Tower,9,3,5,0,17,0,9,4,6,19,9,12,9,6,36,2,54,56,92
03/02/2023,OAJ,NC,ASO,EN,Federal Contract Tower,8,6,5,8,27,0,5,2,4,11,8,11,7,12,38,0,44,44,82
03/03/2023,OAJ,NC,ASO,EN,Federal Contract Tower,8,0,1,0,9,0,8,2,0,10,8,8,3,0,19,12,0,12,31
03/04/2023,OAJ,NC,ASO,EN,Federal Contract Tower,9,0,3,0,12,0,7,15,0,22,9,7,18,0,34,8,0,8,42
03/05/2023,OAJ,NC,ASO,EN,Federal Contract Tower,8,2,1,0,11,0,6,12,0,18,8,8,13,0,29,6,0,6,35
03/06/2023,OAJ,NC,ASO,EN,Federal Contract Tower,8,2,4,0,14,0,5,10,0,15,8,7,14,0,29,22,0,22,51
03/07/2023,OAJ,NC,ASO,EN,Federal Contract Tower,10,2,1,2,15,0,8,2,6,16,10,10,3,8,31,0,28,28,59
03/08/2023,OAJ,NC,ASO,EN,Federal Contract Tower,10,2,3,0,15,0,9,9,0,18,10,11,12,0,33,0,0,0,33
03/09/2023,OAJ,NC,ASO,EN,Federal Contract Tower,9,2,5,0,16,0,9,2,3,14,9,11,7,3,30,0,26,26,56
03/10/2023,OAJ,NC,ASO,EN,Federal Contract Tower,9,0,2,2,13,0,0,0,2,2,9,0,2,4,15,0,14,14,29
03/11/2023,OAJ,NC,ASO,EN,Federal Contract Tower,9,0,2,0,11,0,5,4,0,9,9,5,6,0,20,0,0,0,20
03/12/2023,OAJ,NC,ASO,EN,Federal Contract Tower,12,0,1,0,13,0,0,0,0,0,12,0,1,0,13,12,0,12,25
03/13/2023,OAJ,NC,ASO,EN,Federal Contract Tower,9,2,6,0,17,0,8,4,6,18,9,10,10,6,35,4,44,48,83
03/14/2023,OAJ,NC,ASO,EN,Federal Contract Tower,8,2,3,2,15,0,12,8,1,21,8,14,11,3,36,0,16,16,52
03/15/2023,OAJ,NC,ASO,EN,Federal Contract Tower,10,4,0,2,16,0,38,10,7,55,10,42,10,9,71,0,38,38,109
03/16/2023,OAJ,NC,ASO,EN,Federal Contract Tower,8,2,2,1,13,0,10,17,11,38,8,12,19,12,51,32,84,116,167
03/17/2023,OAJ,NC,ASO,EN,Federal Contract Tower,8,2,5,2,17,0,12,0,1,13,8,14,5,3,30,0,60,60,90
03/18/2023,OAJ,NC,ASO,EN,Federal Contract Tower,9,0,1,0,10,0,1,0,0,1,9,1,1,0,11,0,0,0,11
03/19/2023,OAJ,NC,ASO,EN,Federal Contract Tower,8,3,2,0,13,0,6,16,2,24,8,9,18,2,37,38,0,38,75
03/20/2023,OAJ,NC,ASO,EN,Federal Contract Tower,12,2,3,2,19,0,5,11,2,18,12,7,14,4,37,14,32,46,83
03/21/2023,OAJ,NC,ASO,EN,Federal Contract Tower,9,2,3,0,14,0,6,14,7,27,9,8,17,7,41,12,72,84,125
03/22/2023,OAJ,NC,ASO,EN,Federal Contract Tower,10,2,0,2,14,0,2,20,6,28,10,4,20,8,42,22,62,84,126
03/23/2023,OAJ,NC,ASO,EN,Federal Contract Tower,11,6,11,0,28,0,5,11,2,18,11,11,22,2,46,38,22,60,106
03/24/2023,OAJ,NC,ASO,EN,Federal Contract Tower,8,0,6,0,14,0,0,5,2,7,8,0,11,2,21,2,30,32,53
03/25/2023,OAJ,NC,ASO,EN,Federal Contract Tower,9,0,2,0,11,0,4,2,0,6,9,4,4,0,17,0,0,0,17
03/26/2023,OAJ,NC,ASO,EN,Federal Contract Tower,8,2,2,0,12,0,2,1,0,3,8,4,3,0,15,0,0,0,15
03/27/2023,OAJ,NC,ASO,EN,Federal Contract Tower,9,2,2,0,13,0,9,4,4,17,9,11,6,4,30,2,32,34,64
03/28/2023,OAJ,NC,ASO,EN,Federal Contract Tower,9,2,5,0,16,0,4,13,0,17,9,6,18,0,33,18,0,18,51
03/29/2023,OAJ,NC,ASO,EN,Federal Contract Tower,8,3,6,0,17,0,6,8,1,15,8,9,14,1,32,18,8,26,58
03/30/2023,OAJ,NC,ASO,EN,Federal Contract Tower,9,3,7,0,19,0,11,19,12,42,9,14,26,12,61,2,68,70,131
03/31/2023,OAJ,NC,ASO,EN,Federal Contract Tower,9,0,9,0,18,0,1,16,2,19,9,1,25,2,37,16,10,26,63
04/01/2023,OAJ,NC,ASO,EN,Federal Contract Tower,9,0,7,2,18,0,3,1,0,4,9,3,8,2,22,2,0,2,24
04/02/2023,OAJ,NC,ASO,EN,Federal Contract Tower,10,0,2,0,12,0,7,13,0,20,10,7,15,0,32,44,0,44,76
04/03/2023,OAJ,NC,ASO,EN,Federal Contract Tower,8,4,3,0,15,0,6,8,0,14,8,10,11,0,29,2,0,2,31
04/04/2023,OAJ,NC,ASO,EN,Federal Contract Tower,14,7,3,0,24,0,8,1,5,14,14,15,4,5,38,22,20,42,80
04/05/2023,OAJ,NC,ASO,EN,Federal Contract Tower,12,5,7,0,24,0,2,4,7,13,12,7,11,7,37,0,110,110,147
04/06/2023,OAJ,NC,ASO,EN,Federal Contract Tower,10,3,3,2,18,0,6,5,2,13,10,9,8,4,31,4,32,36,67
04/07/2023,OAJ,NC,ASO,EN,Federal Contract Tower,12,1,1,2,16,0,3,0,0,3,12,4,1,2,19,0,0,0,19
04/08/2023,OAJ,NC,ASO,EN,Federal Contract Tower,12,0,4,0,16,0,0,0,0,0,12,0,4,0,16,0,0,0,16
04/09/2023,OAJ,NC,ASO,EN,Federal Contract Tower,10,1,2,0,13,0,5,1,0,6,10,6,3,0,19,0,0,0,19
04/10/2023,OAJ,NC,ASO,EN,Federal Contract Tower,12,2,0,0,14,0,8,13,3,24,12,10,13,3,38,10,22,32,70
04/11/2023,OAJ,NC,ASO,EN,Federal Contract Tower,11,2,1,0,14,0,5,7,8,20,11,7,8,8,34,10,48,58,92
04/12/2023,OAJ,NC,ASO,EN,Federal Contract Tower,11,2,4,2,19,0,10,12,7,29,11,12,16,9,48,4,80,84,132
04/13/2023,OAJ,NC,ASO,EN,Federal Contract Tower,11,2,5,4,22,0,5,15,8,28,11,7,20,12,50,58,32,90,140
04/14/2023,OAJ,NC,ASO,EN,Federal Contract Tower,11,0,6,0,17,0,6,0,1,7,11,6,6,1,24,0,0,0,24
04/15/2023,OAJ,NC,ASO,EN,Federal Contract Tower,14,0,2,0,16,0,7,11,1,19,14,7,13,1,35,20,0,20,55
04/16/2023,OAJ,NC,ASO,EN,Federal Contract Tower,11,2,3,0,16,0,8,16,12,36,11,10,19,12,52,16,0,16,68
04/17/2023,OAJ,NC,ASO,EN,Federal Contract Tower,11,4,2,2,19,0,7,23,2,32,11,11,25,4,51,28,34,62,113
04/18/2023,OAJ,NC,ASO,EN,Federal Contract Tower,12,4,5,4,25,0,7,10,9,26,12,11,15,13,51,4,136,140,191
04/19/2023,OAJ,NC,ASO,EN,Federal Contract Tower,11,3,0,9,23,0,1,24,8,33,11,4,24,17,56,44,72,116,172
04/20/2023,OAJ,NC,ASO,EN,Federal Contract Tower,11,2,2,2,17,0,5,17,16,38,11,7,19,18,55,34,58,92,147
04/21/2023,OAJ,NC,ASO,EN,Federal Contract Tower,13,0,0,0,13,0,19,17,0,36,13,19,17,0,49,14,0,14,63
04/22/2023,OAJ,NC,ASO,EN,Federal Contract Tower,12,0,2,0,14,0,2,1,0,3,12,2,3,0,17,0,0,0,17
04/23/2023,OAJ,NC,ASO,EN,Federal Contract Tower,11,0,3,0,14,0,8,23,2,33,11,8,26,2,47,34,0,34,81
04/24/2023,OAJ,NC,ASO,EN,Federal Contract Tower,11,2,1,6,20,0,9,9,1,19,11,11,10,7,39,0,18,18,57
04/25/2023,OAJ,NC,ASO,EN,Federal Contract Tower,13,2,5,0,20,0,6,8,4,18,13,8,13,4,38,0,44,44,82
04/26/2023,OAJ,NC,ASO,EN,Federal Contract Tower,12,2,0,0,14,0,5,4,4,13,12,7,4,4,27,10,10,20,47
04/27/2023,OAJ,NC,ASO,EN,Federal Contract Tower,11,5,2,0,18,0,8,0,4,12,11,13,2,4,30,0,52,52,82
04/28/2023,OAJ,NC,ASO,EN,Federal Contract Tower,11,2,4,0,17,0,7,2,0,9,11,9,6,0,26,4,0,4,30
04/29/2023,OAJ,NC,ASO,EN,Federal Contract Tower,12,0,1,0,13,0,7,4,0,11,12,7,5,0,24,0,0,0,24
04/30/2023,OAJ,NC,ASO,EN,Federal Contract Tower,11,0,2,0,13,0,6,0,0,6,11,6,2,0,19,0,0,0,19
05/01/2023,OAJ,NC,ASO,EN,Federal Contract Tower,13,1,0,0,14,0,13,3,0,16,13,14,3,0,30,12,0,12,42
05/02/2023,OAJ,NC,ASO,EN,Federal Contract Tower,11,1,2,0,14,0,8,5,6,19,11,9,7,6,33,0,46,46,79
05/03/2023,OAJ,NC,ASO,EN,Federal Contract Tower,9,1,3,5,18,0,6,10,2,18,9,7,13,7,36,6,28,34,70
05/04/2023,OAJ,NC,ASO,EN,Federal Contract Tower,13,2,2,0,17,0,12,12,8,32,13,14,14,8,49,28,0,28,77
05/05/2023,OAJ,NC,ASO,EN,Federal Contract Tower,12,2,2,0,16,0,5,13,3,21,12,7,15,3,37,56,12,68,105
05/06/2023,OAJ,NC,ASO,EN,Federal Contract Tower,11,0,3,6,20,0,9,18,0,27,11,9,21,6,47,74,0,74,121
05/07/2023,OAJ,NC,ASO,EN,Federal Contract Tower,11,5,4,0,20,0,6,20,0,26,11,11,24,0,46,48,0,48,94
05/08/2023,OAJ,NC,ASO,EN,Federal Contract Tower,12,2,3,0,17,0,10,9,4,23,12,12,12,4,40,30,10,40,80
05/09/2023,OAJ,NC,ASO,EN,Federal Contract Tower,9,1,3,0,13,0,9,7,8,24,9,10,10,8,37,6,50,56,93
05/10/2023,OAJ,NC,ASO,EN,Federal Contract Tower,13,0,8,2,23,0,9,13,2,24,13,9,21,4,47,8,34,42,89
05/11/2023,OAJ,NC,ASO,EN,Federal Contract Tower,13,0,2,2,17,0,5,19,8,32,13,5,21,10,49,26,66,92,141
05/12/2023,OAJ,NC,ASO,EN,Federal Contract Tower,12,0,3,0,15,0,4,16,1,21,12,4,19,1,36,30,0,30,66
05/13/2023,OAJ,NC,ASO,EN,Federal Contract Tower,14,0,2,3,19,0,7,15,5,27,14,7,17,8,46,16,2,18,64
05/14/2023,OAJ,NC,ASO,EN,Federal Contract Tower,14,0,0,0,14,0,2,0,1,3,14,2,0,1,17,0,4,4,21
05/15/2023,OAJ,NC,ASO,EN,Federal Contract Tower,15,6,2,4,27,0,6,9,2,17,15,12,11,6,44,6,0,6,50
05/16/2023,OAJ,NC,ASO,EN,Federal Contract Tower,10,4,4,6,24,0,8,9,12,29,10,12,13,18,53,2,50,52,105
05/17/2023,OAJ,NC,ASO,EN,Federal Contract Tower,15,6,2,6,29,0,7,8,8,23,15,13,10,14,52,28,46,74,126
05/18/2023,OAJ,NC,ASO,EN,Federal Contract Tower,14,3,3,4,24,0,6,6,4,16,14,9,9,8,40,24,14,38,78
05/19/2023,OAJ,NC,ASO,EN,Federal Contract Tower,11,0,8,0,19,0,0,0,0,0,11,0,8,0,19,0,0,0,19
05/20/2023,OAJ,NC,ASO,EN,Federal Contract Tower,13,2,4,2,21,0,7,2,0,9,13,9,6,2,30,20,0,20,50
05/21/2023,OAJ,NC,ASO,EN,Federal Contract Tower,13,4,1,2,20,0,3,1,0,4,13,7,2,2,24,0,0,0,24
05/22/2023,OAJ,NC,ASO,EN,Federal Contract Tower,13,2,2,4,21,0,4,15,1,20,13,6,17,5,41,8,14,22,63
05/23/2023,OAJ,NC,ASO,EN,Federal Contract Tower,10,2,8,8,28,0,6,14,14,34,10,8,22,22,62,6,84,90,152
05/24/2023,OAJ,NC,ASO,EN,Federal Contract Tower,13,2,3,0,18,0,5,13,15,33,13,7,16,15,51,26,130,156,207
05/25/2023,OAJ,NC,ASO,EN,Federal Contract Tower,15,4,7,0,26,0,9,0,12,21,15,13,7,12,47,4,40,44,91
05/26/2023,OAJ,NC,ASO,EN,Federal Contract Tower,12,2,4,4,22,0,5,3,4,12,12,7,7,8,34,0,30,30,64
05/27/2023,OAJ,NC,ASO,EN,Federal Contract Tower,11,0,0,1,12,0,0,0,3,3,11,0,0,4,15,0,0,0,15
05/28/2023,OAJ,NC,ASO,EN,Federal Contract Tower,16,0,3,0,19,0,0,0,0,0,16,0,3,0,19,0,0,0,19
05/29/2023,OAJ,NC,ASO,EN,Federal Contract Tower,11,6,9,4,30,0,7,1,0,8,11,13,10,4,38,0,0,0,38
05/30/2023,OAJ,NC,ASO,EN,Federal Contract Tower,11,3,2,3,19,0,5,6,1,12,11,8,8,4,31,50,0,50,81
05/31/2023,OAJ,NC,ASO,EN,Federal Contract Tower,16,5,10,6,37,0,10,8,4,22,16,15,18,10,59,22,32,54,113
06/01/2023,OAJ,NC,ASO,EN,Federal Contract Tower,12,2,5,2,21,0,12,4,2,18,12,14,9,4,39,50,16,66,105
06/02/2023,OAJ,NC,ASO,EN,Federal Contract Tower,11,0,6,0,17,0,4,5,1,10,11,4,11,1,27,6,14,20,47
06/03/2023,OAJ,NC,ASO,EN,Federal Contract Tower,12,0,4,0,16,0,2,5,0,7,12,2,9,0,23,32,0,32,55
06/04/2023,OAJ,NC,ASO,EN,Federal Contract Tower,12,0,1,0,13,0,3,3,0,6,12,3,4,0,19,0,0,0,19
06/05/2023,OAJ,NC,ASO,EN,Federal Contract Tower,11,5,2,3,21,0,7,17,6,30,11,12,19,9,51,52,38,90,141
06/06/2023,OAJ,NC,ASO,EN,Federal Contract Tower,10,2,1,0,13,0,10,11,8,29,10,12,12,8,42,22,100,122,164
06/07/2023,OAJ,NC,ASO,EN,Federal Contract Tower,10,2,4,0,16,0,5,7,4,16,10,7,11,4,32,40,8,48,80
06/08/2023,OAJ,NC,ASO,EN,Federal Contract Tower,11,2,7,4,24,0,1,6,12,19,11,3,13,16,43,0,10,10,53
06/09/2023,OAJ,NC,ASO,EN,Federal Contract Tower,11,0,8,2,21,0,9,16,5,30,11,9,24,7,51,24,32,56,107
06/10/2023,OAJ,NC,ASO,EN,Federal Contract Tower,11,2,2,4,19,0,5,11,1,17,11,7,13,5,36,38,0,38,74
06/11/2023,OAJ,NC,ASO,EN,Federal Contract Tower,10,0,4,0,14,0,10,17,1,28,10,10,21,1,42,22,0,22,64
06/12/2023,OAJ,NC,ASO,EN,Federal Contract Tower,11,4,2,0,17,0,4,7,0,11,11,8,9,0,28,0,0,0,28
06/13/2023,OAJ,NC,ASO,EN,Federal Contract Tower,10,6,1,0,17,0,7,13,8,28,10,13,14,8,45,36,24,60,105
06/14/2023,OAJ,NC,ASO,EN,Federal Contract Tower,14,4,0,4,22,0,7,9,6,22,14,11,9,10,44,18,48,66,110
06/15/2023,OAJ,NC,ASO,EN,Federal Contract Tower,9,2,2,4,17,0,6,17,10,33,9,8,19,14,50,4,34,38,88
06/16/2023,OAJ,NC,ASO,EN,Federal Contract Tower,12,2,7,0,21,0,1,8,0,9,12,3,15,0,30,20,0,20,50
06/17/2023,OAJ,NC,ASO,EN,Federal Contract Tower,12,0,5,0,17,0,2,25,2,29,12,2,30,2,46,44,4,48,94
06/18/2023,OAJ,NC,ASO,EN,Federal Contract Tower,11,0,2,0,13,0,3,18,0,21,11,3,20,0,34,20,0,20,54
06/19/2023,OAJ,NC,ASO,EN,Federal Contract Tower,13,2,4,0,19,0,3,12,0,15,13,5,16,0,34,4,0,4,38
06/20/2023,OAJ,NC,ASO,EN,Federal Contract Tower,9,4,5,2,20,0,2,2,0,4,9,6,7,2,24,38,0,38,62
06/21/2023,OAJ,NC,ASO,EN,Federal Contract Tower,10,2,5,0,17,0,5,0,6,11,10,7,5,6,28,8,28,36,64
06/22/2023,OAJ,NC,ASO,EN,Federal Contract Tower,13,2,1,13,29,0,0,4,2,6,13,2,5,15,35,0,28,28,63
06/23/2023,OAJ,NC,ASO,EN,Federal Contract Tower,11,0,5,0,16,0,4,0,6,10,11,4,5,6,26,8,46,54,80
06/24/2023,OAJ,NC,ASO,EN,Federal Contract Tower,13,0,4,0,17,0,2,18,0,20,13,2,22,0,37,24,0,24,61
06/25/2023,OAJ,NC,ASO,EN,Federal Contract Tower,10,2,4,0,16,0,7,25,0,32,10,9,29,0,48,70,0,70,118
06/26/2023,OAJ,NC,ASO,EN,Federal Contract Tower,10,2,1,2,15,0,8,25,0,33,10,10,26,2,48,30,0,30,78
06/27/2023,OAJ,NC,ASO,EN,Federal Contract Tower,10,6,5,4,25,0,10,30,2,42,10,16,35,6,67,60,14,74,141
06/28/2023,OAJ,NC,ASO,EN,Federal Contract Tower,11,2,4,6,23,0,7,25,4,36,11,9,29,10,59,56,24,80,139
06/29/2023,OAJ,NC,ASO,EN,Federal Contract Tower,11,6,0,1,18,0,6,8,11,25,11,12,8,12,43,22,62,84,127
06/30/2023,OAJ,NC,ASO,EN,Federal Contract Tower,10,4,4,0,18,0,6,8,4,18,10,10,12,4,36,26,20,46,82
07/01/2023,OAJ,NC,ASO,EN,Federal Contract Tower,11,0,2,0,13,0,7,20,0,27,11,7,22,0,40,16,0,16,56
07/02/2023,OAJ,NC,ASO,EN,Federal Contract Tower,9,0,0,0,9,0,10,15,0,25,9,10,15,0,34,32,0,32,66
07/04/2023,OAJ,NC,ASO,EN,Federal Contract Tower,9,0,4,0,13,0,2,4,0,6,9,2,8,0,19,14,0,14,33
07/05/2023,OAJ,NC,ASO,EN,Federal Contract Tower,12,2,5,0,19,0,0,14,0,14,12,2,19,0,33,20,0,20,53
07/06/2023,OAJ,NC,ASO,EN,Federal Contract Tower,10,2,1,0,13,0,1,2,2,5,10,3,3,2,18,2,2,4,22
07/07/2023,OAJ,NC,ASO,EN,Federal Contract Tower,9,3,2,1,15,0,4,21,3,28,9,7,23,4,43,30,22,52,95
07/08/2023,OAJ,NC,ASO,EN,Federal Contract Tower,12,1,3,0,16,0,6,12,0,18,12,7,15,0,34,22,0,22,56
07/09/2023,OAJ,NC,ASO,EN,Federal Contract Tower,15,4,1,4,24,0,2,9,0,11,15,6,10,4,35,8,0,8,43
07/10/2023,OAJ,NC,ASO,EN,Federal Contract Tower,13,4,6,0,23,0,3,11,4,18,13,7,17,4,41,48,22,70,111
07/11/2023,OAJ,NC,ASO,EN,Federal Contract Tower,11,2,7,8,28,0,7,11,6,24,11,9,18,14,52,8,48,56,108
07/12/2023,OAJ,NC,ASO,EN,Federal Contract Tower,12,2,1,6,21,0,3,16,8,27,12,5,17,14,48,32,74,106,154
07/13/2023,OAJ,NC,ASO,EN,Federal Contract Tower,11,2,2,0,15,0,4,14,0,18,11,6,16,0,33,40,0,40,73
07/14/2023,OAJ,NC,ASO,EN,Federal Contract Tower,12,2,1,0,15,0,1,2,0,3,12,3,3,0,18,20,0,20,38
07/15/2023,OAJ,NC,ASO,EN,Federal Contract Tower,10,1,4,2,17,0,3,4,0,7,10,4,8,2,24,40,0,40,64
07/16/2023,OAJ,NC,ASO,EN,Federal Contract Tower,12,2,1,0,15,0,3,6,0,9,12,5,7,0,24,18,0,18,42
07/17/2023,OAJ,NC,ASO,EN,Federal Contract Tower,11,2,2,0,15,0,9,12,6,27,11,11,14,6,42,20,16,36,78
07/18/2023,OAJ,NC,ASO,EN,Federal Contract Tower,10,5,1,4,20,0,4,5,4,13,10,9,6,8,33,6,20,26,59
07/19/2023,OAJ,NC,ASO,EN,Federal Contract Tower,12,3,0,2,17,0,4,10,6,20,12,7,10,8,37,16,54,70,107
07/20/2023,OAJ,NC,ASO,EN,Federal Contract Tower,9,1,4,2,16,0,8,11,6,25,9,9,15,8,41,24,16,40,81
07/21/2023,OAJ,NC,ASO,EN,Federal Contract Tower,12,2,1,2,17,0,7,15,12,34,12,9,16,14,51,4,96,100,151
07/22/2023,OAJ,NC,ASO,EN,Federal Contract Tower,11,0,4,0,15,0,5,10,4,19,11,5,14,4,34,40,0,40,74
07/23/2023,OAJ,NC,ASO,EN,Federal Contract Tower,11,0,2,6,19,0,6,11,2,19,11,6,13,8,38,8,0,8,46
07/24/2023,OAJ,NC,ASO,EN,Federal Contract Tower,11,2,2,0,15,0,3,9,1,13,11,5,11,1,28,8,6,14,42
07/25/2023,OAJ,NC,ASO,EN,Federal Contract Tower,11,5,1,0,17,0,6,14,0,20,11,11,15,0,37,34,0,34,71
07/26/2023,OAJ,NC,ASO,EN,Federal Contract Tower,10,2,2,0,14,0,6,10,4,20,10,8,12,4,34,26,10,36,70
07/27/2023,OAJ,NC,ASO,EN,Federal Contract Tower,13,4,8,0,25,0,2,16,4,22,13,6,24,4,47,30,22,52,99
07/28/2023,OAJ,NC,ASO,EN,Federal Contract Tower,11,2,3,0,16,0,2,15,8,25,11,4,18,8,41,36,28,64,105
07/29/2023,OAJ,NC,ASO,EN,Federal Contract Tower,11,0,6,0,17,0,2,7,0,9,11,2,13,0,26,30,0,30,56
07/30/2023,OAJ,NC,ASO,EN,Federal Contract Tower,12,4,1,0,17,0,2,10,0,12,12,6,11,0,29,18,0,18,47
07/31/2023,OAJ,NC,ASO,EN,Federal Contract Tower,11,1,5,0,17,0,4,6,2,12,11,5,11,2,29,2,30,32,61
08/01/2023,OAJ,NC,ASO,EN,Federal Contract Tower,11,3,1,0,15,0,8,4,10,22,11,11,5,10,37,0,24,24,61
08/02/2023,OAJ,NC,ASO,EN,Federal Contract Tower,12,2,2,3,19,0,8,19,2,29,12,10,21,5,48,52,32,84,132
08/03/2023,OAJ,NC,ASO,EN,Federal Contract Tower,11,2,4,0,17,0,8,16,2,26,11,10,20,2,43,50,4,54,97
08/04/2023,OAJ,NC,ASO,EN,Federal Contract Tower,9,4,4,0,17,0,2,0,0,2,9,6,4,0,19,26,0,26,45
08/05/2023,OAJ,NC,ASO,EN,Federal Contract Tower,11,0,3,0,14,0,9,4,0,13,11,9,7,0,27,20,0,20,47
08/06/2023,OAJ,NC,ASO,EN,Federal Contract Tower,8,2,2,0,12,0,6,20,0,26,8,8,22,0,38,14,0,14,52
08/07/2023,OAJ,NC,ASO,EN,Federal Contract Tower,8,2,2,0,12,0,7,7,2,16,8,9,9,2,28,70,8,78,106
08/08/2023,OAJ,NC,ASO,EN,Federal Contract Tower,8,2,1,0,11,0,4,8,8,20,8,6,9,8,31,60,10,70,101
08/09/2023,OAJ,NC,ASO,EN,Federal Contract Tower,9,6,1,2,18,0,15,19,10,44,9,21,20,12,62,90,58,148,210
08/10/2023,OAJ,NC,ASO,EN,Federal Contract Tower,9,3,1,0,13,0,14,16,14,44,9,17,17,14,57,56,90,146,203
08/11/2023,OAJ,NC,ASO,EN,Federal Contract Tower,10,1,2,6,19,0,9,22,0,31,10,10,24,6,50,42,0,42,92
08/12/2023,OAJ,NC,ASO,EN,Federal Contract Tower,9,0,3,0,12,0,7,8,0,15,9,7,11,0,27,16,0,16,43
08/13/2023,OAJ,NC,ASO,EN,Federal Contract Tower,9,2,4,0,15,0,11,9,0,20,9,13,13,0,35,14,0,14,49
08/14/2023,OAJ,NC,ASO,EN,Federal Contract Tower,9,0,0,0,9,0,8,5,4,17,9,8,5,4,26,18,6,24,50
08/15/2023,OAJ,NC,ASO,EN,Federal Contract Tower,8,3,2,2,15,0,4,12,8,24,8,7,14,10,39,22,34,56,95
08/16/2023,OAJ,NC,ASO,EN,Federal Contract Tower,13,2,0,0,15,0,6,9,4,19,13,8,9,4,34,24,48,72,106
08/17/2023,OAJ,NC,ASO,EN,Federal Contract Tower,12,2,1,0,15,0,5,14,4,23,12,7,15,4,38,0,44,44,82
08/18/2023,OAJ,NC,ASO,EN,Federal Contract Tower,13,0,3,3,19,0,9,12,5,26,13,9,15,8,45,4,24,28,73
08/19/2023,OAJ,NC,ASO,EN,Federal Contract Tower,11,0,5,0,16,0,9,9,0,18,11,9,14,0,34,22,0,22,56
08/20/2023,OAJ,NC,ASO,EN,Federal Contract Tower,12,0,2,0,14,0,3,6,0,9,12,3,8,0,23,0,0,0,23
08/21/2023,OAJ,NC,ASO,EN,Federal Contract Tower,13,2,7,0,22,0,4,14,0,18,13,6,21,0,40,8,0,8,48
08/22/2023,OAJ,NC,ASO,EN,Federal Contract Tower,11,2,2,2,17,0,13,21,0,34,11,15,23,2,51,76,28,104,155
08/23/2023,OAJ,NC,ASO,EN,Federal Contract Tower,13,2,4,0,19,0,6,12,3,21,13,8,16,3,40,56,26,82,122
08/24/2023,OAJ,NC,ASO,EN,Federal Contract Tower,13,2,10,0,25,0,9,26,4,39,13,11,36,4,64,32,28,60,124
08/25/2023,OAJ,NC,ASO,EN,Federal Contract Tower,13,0,4,0,17,0,5,18,2,25,13,5,22,2,42,38,0,38,80
08/26/2023,OAJ,NC,ASO,EN,Federal Contract Tower,11,2,2,0,15,0,5,14,0,19,11,7,16,0,34,18,0,18,52
08/27/2023,OAJ,NC,ASO,EN,Federal Contract Tower,16,0,4,0,20,0,2,6,2,10,16,2,10,2,30,8,2,10,40
08/28/2023,OAJ,NC,ASO,EN,Federal Contract Tower,12,2,3,0,17,0,3,5,0,8,12,5,8,0,25,0,0,0,25
08/29/2023,OAJ,NC,ASO,EN,Federal Contract Tower,13,2,2,5,22,0,3,2,5,10,13,5,4,10,32,66,6,72,104
08/30/2023,OAJ,NC,ASO,EN,Federal Contract Tower,17,0,4,0,21,0,0,5,0,5,17,0,9,0,26,2,0,2,28
08/31/2023,OAJ,NC,ASO,EN,Federal Contract Tower,13,0,0,0,13,0,1,0,0,1,13,1,0,0,14,0,0,0,14
01/01/2020,OAJ,NC,ASO,EN,Federal Contract Tower,12,0,6,0,18,0,2,12,0,14,12,2,18,0,32,0,0,0,32
01/02/2020,OAJ,NC,ASO,EN,Federal Contract Tower,13,3,2,0,18,0,4,3,0,7,13,7,5,0,25,8,0,8,33
01/03/2020,OAJ,NC,ASO,EN,Federal Contract Tower,14,1,1,0,16,0,1,1,4,6,14,2,2,4,22,0,12,12,34
01/04/2020,OAJ,NC,ASO,EN,Federal Contract Tower,11,0,2,0,13,0,2,2,0,4,11,2,4,0,17,0,0,0,17
01/05/2020,OAJ,NC,ASO,EN,Federal Contract Tower,14,3,0,0,17,0,3,12,0,15,14,6,12,0,32,6,0,6,38
01/06/2020,OAJ,NC,ASO,EN,Federal Contract Tower,16,2,2,0,20,0,3,6,0,9,16,5,8,0,29,0,0,0,29
01/07/2020,OAJ,NC,ASO,EN,Federal Contract Tower,15,4,4,0,23,0,0,7,0,7,15,4,11,0,30,10,18,28,58
01/08/2020,OAJ,NC,ASO,EN,Federal Contract Tower,15,2,2,5,24,0,0,10,4,14,15,2,12,9,38,0,52,52,90
01/09/2020,OAJ,NC,ASO,EN,Federal Contract Tower,16,3,4,4,27,0,4,9,6,19,16,7,13,10,46,0,44,44,90
01/10/2020,OAJ,NC,ASO,EN,Federal Contract Tower,16,1,12,6,35,0,1,10,2,13,16,2,22,8,48,2,18,20,68
01/11/2020,OAJ,NC,ASO,EN,Federal Contract Tower,12,1,3,0,16,0,2,3,0,5,12,3,6,0,21,4,0,4,25
01/12/2020,OAJ,NC,ASO,EN,Federal Contract Tower,13,0,2,0,15,0,3,0,0,3,13,3,2,0,18,0,0,0,18
01/13/2020,OAJ,NC,ASO,EN,Federal Contract Tower,13,2,2,0,17,0,1,0,0,1,13,3,2,0,18,0,0,0,18
01/14/2020,OAJ,NC,ASO,EN,Federal Contract Tower,15,2,1,6,24,0,0,4,6,10,15,2,5,12,34,8,100,108,142
01/15/2020,OAJ,NC,ASO,EN,Federal Contract Tower,16,2,0,0,18,0,1,5,17,23,16,3,5,17,41,0,84,84,125
01/16/2020,OAJ,NC,ASO,EN,Federal Contract Tower,15,2,6,1,24,0,2,5,3,10,15,4,11,4,34,0,50,50,84
01/17/2020,OAJ,NC,ASO,EN,Federal Contract Tower,16,2,9,6,33,0,6,5,0,11,16,8,14,6,44,0,12,12,56
01/18/2020,OAJ,NC,ASO,EN,Federal Contract Tower,10,0,0,0,10,0,2,13,0,15,10,2,13,0,25,12,0,12,37
01/19/2020,OAJ,NC,ASO,EN,Federal Contract Tower,9,0,4,1,14,0,2,0,0,2,9,2,4,1,16,0,0,0,16
01/20/2020,OAJ,NC,ASO,EN,Federal Contract Tower,15,2,4,0,21,0,4,13,0,17,15,6,17,0,38,0,0,0,38
01/21/2020,OAJ,NC,ASO,EN,Federal Contract Tower,15,7,5,0,27,0,7,2,0,9,15,14,7,0,36,0,20,20,56
01/22/2020,OAJ,NC,ASO,EN,Federal Contract Tower,17,2,2,0,21,0,2,5,0,7,17,4,7,0,28,0,0,0,28
01/23/2020,OAJ,NC,ASO,EN,Federal Contract Tower,14,2,4,0,20,0,5,13,8,26,14,7,17,8,46,18,64,82,128
01/24/2020,OAJ,NC,ASO,EN,Federal Contract Tower,16,5,3,4,28,0,12,6,14,32,16,17,9,18,60,22,32,54,114
01/25/2020,OAJ,NC,ASO,EN,Federal Contract Tower,10,0,4,2,16,0,2,10,13,25,10,2,14,15,41,12,8,20,61
01/26/2020,OAJ,NC,ASO,EN,Federal Contract Tower,14,4,3,0,21,0,4,7,0,11,14,8,10,0,32,2,0,2,34
01/27/2020,OAJ,NC,ASO,EN,Federal Contract Tower,16,3,6,1,26,0,11,7,5,23,16,14,13,6,49,0,36,36,85
01/28/2020,OAJ,NC,ASO,EN,Federal Contract Tower,15,0,5,10,30,0,4,4,7,15,15,4,9,17,45,8,84,92,137
01/29/2020,OAJ,NC,ASO,EN,Federal Contract Tower,16,2,0,4,22,0,5,10,5,20,16,7,10,9,42,28,60,88,130
01/30/2020,OAJ,NC,ASO,EN,Federal Contract Tower,16,2,3,3,24,0,8,11,7,26,16,10,14,10,50,12,40,52,102
01/31/2020,OAJ,NC,ASO,EN,Federal Contract Tower,16,1,4,2,23,0,4,3,0,7,16,5,7,2,30,16,18,34,64
02/01/2020,OAJ,NC,ASO,EN,Federal Contract Tower,11,0,2,1,14,0,0,0,0,0,11,0,2,1,14,0,0,0,14
02/02/2020,OAJ,NC,ASO,EN,Federal Contract Tower,13,0,5,0,18,0,2,14,0,16,13,2,19,0,34,20,0,20,54
02/03/2020,OAJ,NC,ASO,EN,Federal Contract Tower,19,2,7,0,28,0,4,12,5,21,19,6,19,5,49,8,30,38,87
02/04/2020,OAJ,NC,ASO,EN,Federal Contract Tower,14,3,4,2,23,0,8,8,0,16,14,11,12,2,39,14,24,38,77
02/05/2020,OAJ,NC,ASO,EN,Federal Contract Tower,16,5,0,0,21,0,1,9,0,10,16,6,9,0,31,24,0,24,55
02/06/2020,OAJ,NC,ASO,EN,Federal Contract Tower,10,0,1,1,12,0,1,0,3,4,10,1,1,4,16,0,38,38,54
02/07/2020,OAJ,NC,ASO,EN,Federal Contract Tower,14,3,1,0,18,0,3,1,0,4,14,6,2,0,22,0,0,0,22
02/08/2020,OAJ,NC,ASO,EN,Federal Contract Tower,10,0,0,0,10,0,4,9,0,13,10,4,9,0,23,39,0,39,62
02/09/2020,OAJ,NC,ASO,EN,Federal Contract Tower,14,0,4,0,18,0,0,17,0,17,14,0,21,0,35,6,0,6,41
02/10/2020,OAJ,NC,ASO,EN,Federal Contract Tower,17,3,3,0,23,0,2,16,0,18,17,5,19,0,41,8,0,8,49
02/11/2020,OAJ,NC,ASO,EN,Federal Contract Tower,14,4,0,0,18,0,6,5,8,19,14,10,5,8,37,2,82,84,121
02/12/2020,OAJ,NC,ASO,EN,Federal Contract Tower,16,3,14,0,33,0,3,3,3,9,16,6,17,3,42,4,30,34,76
02/13/2020,OAJ,NC,ASO,EN,Federal Contract Tower,13,2,2,0,17,0,0,0,8,8,13,2,2,8,25,0,28,28,53
02/14/2020,OAJ,NC,ASO,EN,Federal Contract Tower,14,4,13,0,31,0,5,12,3,20,14,9,25,3,51,6,18,24,75
02/15/2020,OAJ,NC,ASO,EN,Federal Contract Tower,10,0,1,0,11,0,7,11,0,18,10,7,12,0,29,48,0,48,77
02/16/2020,OAJ,NC,ASO,EN,Federal Contract Tower,13,2,3,0,18,0,6,9,0,15,13,8,12,0,33,10,0,10,43
02/17/2020,OAJ,NC,ASO,EN,Federal Contract Tower,15,2,5,0,22,0,3,19,0,22,15,5,24,0,44,12,0,12,56
02/18/2020,OAJ,NC,ASO,EN,Federal Contract Tower,16,2,6,1,25,0,6,12,0,18,16,8,18,1,43,30,0,30,73
02/19/2020,OAJ,NC,ASO,EN,Federal Contract Tower,15,2,2,4,23,0,7,0,0,7,15,9,2,4,30,0,22,22,52
02/20/2020,OAJ,NC,ASO,EN,Federal Contract Tower,12,1,2,3,18,0,0,3,0,3,12,1,5,3,21,0,16,16,37
02/21/2020,OAJ,NC,ASO,EN,Federal Contract Tower,16,0,2,6,24,0,5,1,7,13,16,5,3,13,37,0,28,28,65
02/22/2020,OAJ,NC,ASO,EN,Federal Contract Tower,11,0,12,0,23,0,5,11,7,23,11,5,23,7,46,0,0,0,46
02/23/2020,OAJ,NC,ASO,EN,Federal Contract Tower,13,0,1,0,14,0,2,8,3,13,13,2,9,3,27,0,4,4,31
02/24/2020,OAJ,NC,ASO,EN,Federal Contract Tower,15,4,5,1,25,0,6,7,6,19,15,10,12,7,44,4,36,40,84
02/25/2020,OAJ,NC,ASO,EN,Federal Contract Tower,17,2,12,6,37,0,2,0,4,6,17,4,12,10,43,16,30,46,89
02/26/2020,OAJ,NC,ASO,EN,Federal Contract Tower,14,4,0,2,20,0,0,4,0,4,14,4,4,2,24,6,64,70,94
02/27/2020,OAJ,NC,ASO,EN,Federal Contract Tower,15,2,10,0,27,0,7,1,4,12,15,9,11,4,39,0,24,24,63
02/28/2020,OAJ,NC,ASO,EN,Federal Contract Tower,15,0,10,4,29,0,6,8,5,19,15,6,18,9,48,4,16,20,68
02/29/2020,OAJ,NC,ASO,EN,Federal Contract Tower,10,0,2,0,12,0,9,18,2,29,10,9,20,2,41,12,0,12,53
03/01/2020,OAJ,NC,ASO,EN,Federal Contract Tower,13,0,10,0,23,0,7,4,0,11,13,7,14,0,34,0,0,0,34
03/02/2020,OAJ,NC,ASO,EN,Federal Contract Tower,17,2,3,5,27,0,3,4,0,7,17,5,7,5,34,6,0,6,40
03/03/2020,OAJ,NC,ASO,EN,Federal Contract Tower,12,1,6,0,19,0,3,0,4,7,12,4,6,4,26,22,64,86,112
03/04/2020,OAJ,NC,ASO,EN,Federal Contract Tower,19,3,3,8,33,0,7,2,0,9,19,10,5,8,42,20,26,46,88
03/05/2020,OAJ,NC,ASO,EN,Federal Contract Tower,14,2,3,3,22,0,5,1,0,6,14,7,4,3,28,12,6,18,46
03/06/2020,OAJ,NC,ASO,EN,Federal Contract Tower,18,0,6,0,24,0,6,0,0,6,18,6,6,0,30,8,0,8,38
03/07/2020,OAJ,NC,ASO,EN,Federal Contract Tower,11,0,1,0,12,0,7,6,0,13,11,7,7,0,25,6,0,6,31
03/08/2020,OAJ,NC,ASO,EN,Federal Contract Tower,16,0,8,0,24,0,2,13,0,15,16,2,21,0,39,12,0,12,51
03/09/2020,OAJ,NC,ASO,EN,Federal Contract Tower,18,2,2,0,22,0,6,16,0,22,18,8,18,0,44,8,10,18,62
03/10/2020,OAJ,NC,ASO,EN,Federal Contract Tower,17,2,0,0,19,0,3,13,0,16,17,5,13,0,35,12,90,102,137
03/11/2020,OAJ,NC,ASO,EN,Federal Contract Tower,18,2,3,0,23,0,4,17,0,21,18,6,20,0,44,36,26,62,106
03/12/2020,OAJ,NC,ASO,EN,Federal Contract Tower,16,3,4,0,23,0,4,12,4,20,16,7,16,4,43,30,50,80,123
03/13/2020,OAJ,NC,ASO,EN,Federal Contract Tower,17,1,0,0,18,0,15,9,0,24,17,16,9,0,42,28,22,50,92
03/14/2020,OAJ,NC,ASO,EN,Federal Contract Tower,12,2,6,0,20,0,4,36,0,40,12,6,42,0,60,4,0,4,64
03/15/2020,OAJ,NC,ASO,EN,Federal Contract Tower,10,5,5,2,22,0,0,0,0,0,10,5,5,2,22,0,0,0,22
03/16/2020,OAJ,NC,ASO,EN,Federal Contract Tower,14,6,8,2,30,0,2,9,3,14,14,8,17,5,44,18,38,56,100
03/17/2020,OAJ,NC,ASO,EN,Federal Contract Tower,14,5,2,0,21,0,0,0,0,0,14,5,2,0,21,0,0,0,21
03/18/2020,OAJ,NC,ASO,EN,Federal Contract Tower,14,4,4,0,22,0,3,1,0,4,14,7,5,0,26,0,18,18,44
03/19/2020,OAJ,NC,ASO,EN,Federal Contract Tower,14,4,6,0,24,0,1,3,6,10,14,5,9,6,34,30,40,70,104
03/20/2020,OAJ,NC,ASO,EN,Federal Contract Tower,13,3,1,6,23,0,4,2,5,11,13,7,3,11,34,20,24,44,78
03/21/2020,OAJ,NC,ASO,EN,Federal Contract Tower,9,3,3,0,15,0,2,4,1,7,9,5,7,1,22,0,0,0,22
03/22/2020,OAJ,NC,ASO,EN,Federal Contract Tower,13,4,6,6,29,0,2,0,6,8,13,6,6,12,37,12,0,12,49
03/23/2020,OAJ,NC,ASO,EN,Federal Contract Tower,11,4,8,1,24,0,0,0,1,1,11,4,8,2,25,0,8,8,33
03/24/2020,OAJ,NC,ASO,EN,Federal Contract Tower,14,2,0,2,18,0,4,1,2,7,14,6,1,4,25,4,40,44,69
03/25/2020,OAJ,NC,ASO,EN,Federal Contract Tower,11,4,2,2,19,0,0,2,0,2,11,4,4,2,21,0,28,28,49
03/26/2020,OAJ,NC,ASO,EN,Federal Contract Tower,9,3,2,6,20,0,3,10,3,16,9,6,12,9,36,32,28,60,96
03/27/2020,OAJ,NC,ASO,EN,Federal Contract Tower,14,0,6,0,20,0,4,14,14,32,14,4,20,14,52,24,110,134,186
03/28/2020,OAJ,NC,ASO,EN,Federal Contract Tower,7,2,1,0,10,0,6,7,4,17,7,8,8,4,27,26,0,26,53
03/29/2020,OAJ,NC,ASO,EN,Federal Contract Tower,14,2,2,0,18,0,3,7,1,11,14,5,9,1,29,16,16,32,61
03/30/2020,OAJ,NC,ASO,EN,Federal Contract Tower,10,4,2,0,16,0,7,7,0,14,10,11,9,0,30,26,10,36,66
03/31/2020,OAJ,NC,ASO,EN,Federal Contract Tower,12,2,4,0,18,0,5,2,0,7,12,7,6,0,25,0,6,6,31
04/01/2020,OAJ,NC,ASO,EN,Federal Contract Tower,12,2,2,0,16,0,16,4,0,20,12,18,6,0,36,12,24,36,72
04/02/2020,OAJ,NC,ASO,EN,Federal Contract Tower,9,2,0,4,15,0,7,8,4,19,9,9,8,8,34,8,24,32,66
04/03/2020,OAJ,NC,ASO,EN,Federal Contract Tower,9,0,5,0,14,0,4,2,4,10,9,4,7,4,24,16,36,52,76
04/04/2020,OAJ,NC,ASO,EN,Federal Contract Tower,6,0,4,6,16,0,2,10,4,16,6,2,14,10,32,0,10,10,42
04/05/2020,OAJ,NC,ASO,EN,Federal Contract Tower,6,0,1,0,7,0,1,9,0,10,6,1,10,0,17,0,0,0,17
04/06/2020,OAJ,NC,ASO,EN,Federal Contract Tower,7,5,2,1,15,0,0,8,0,8,7,5,10,1,23,0,0,0,23
04/07/2020,OAJ,NC,ASO,EN,Federal Contract Tower,6,2,7,1,16,0,12,7,0,19,6,14,14,1,35,16,24,40,75
04/08/2020,OAJ,NC,ASO,EN,Federal Contract Tower,5,2,0,2,9,0,0,8,0,8,5,2,8,2,17,22,28,50,67
04/09/2020,OAJ,NC,ASO,EN,Federal Contract Tower,4,3,0,0,7,0,2,5,0,7,4,5,5,0,14,20,0,20,34
04/10/2020,OAJ,NC,ASO,EN,Federal Contract Tower,9,0,0,0,9,0,2,4,2,8,9,2,4,2,17,0,74,74,91
04/11/2020,OAJ,NC,ASO,EN,Federal Contract Tower,5,0,8,0,13,0,0,13,0,13,5,0,21,0,26,12,0,12,38
04/12/2020,OAJ,NC,ASO,EN,Federal Contract Tower,3,0,4,0,7,0,0,2,0,2,3,0,6,0,9,0,0,0,9
04/13/2020,OAJ,NC,ASO,EN,Federal Contract Tower,6,2,0,0,8,0,3,0,0,3,6,5,0,0,11,0,0,0,11
04/14/2020,OAJ,NC,ASO,EN,Federal Contract Tower,7,2,0,10,19,0,3,6,1,10,7,5,6,11,29,24,62,86,115
04/15/2020,OAJ,NC,ASO,EN,Federal Contract Tower,5,2,0,0,7,0,2,0,0,2,5,4,0,0,9,26,30,56,65
04/16/2020,OAJ,NC,ASO,EN,Federal Contract Tower,8,4,5,4,21,0,1,15,4,20,8,5,20,8,41,4,16,20,61
04/17/2020,OAJ,NC,ASO,EN,Federal Contract Tower,5,0,1,0,6,0,13,41,0,54,5,13,42,0,60,102,0,102,162
04/18/2020,OAJ,NC,ASO,EN,Federal Contract Tower,3,1,2,0,6,0,5,3,0,8,3,6,5,0,14,0,0,0,14
04/19/2020,OAJ,NC,ASO,EN,Federal Contract Tower,7,0,2,0,9,0,0,101,0,101,7,0,103,0,110,2,0,2,112
04/20/2020,OAJ,NC,ASO,EN,Federal Contract Tower,5,2,0,0,7,0,2,35,0,37,5,4,35,0,44,0,0,0,44
04/21/2020,OAJ,NC,ASO,EN,Federal Contract Tower,7,1,0,0,8,0,2,75,4,81,7,3,75,4,89,14,30,44,133
04/22/2020,OAJ,NC,ASO,EN,Federal Contract Tower,7,3,0,4,14,0,3,80,18,101,7,6,80,22,115,12,40,52,167
04/23/2020,OAJ,NC,ASO,EN,Federal Contract Tower,6,3,2,0,11,0,4,8,6,18,6,7,10,6,29,8,22,30,59
04/24/2020,OAJ,NC,ASO,EN,Federal Contract Tower,5,0,1,0,6,0,4,3,6,13,5,4,4,6,19,0,62,62,81
04/25/2020,OAJ,NC,ASO,EN,Federal Contract Tower,7,0,6,6,19,0,3,0,0,3,7,3,6,6,22,32,28,60,82
04/26/2020,OAJ,NC,ASO,EN,Federal Contract Tower,7,0,7,2,16,0,6,7,4,17,7,6,14,6,33,0,8,8,41
04/27/2020,OAJ,NC,ASO,EN,Federal Contract Tower,5,2,0,0,7,0,1,10,4,15,5,3,10,4,22,8,30,38,60
04/28/2020,OAJ,NC,ASO,EN,Federal Contract Tower,7,2,1,0,10,0,4,4,0,8,7,6,5,0,18,16,48,64,82
04/29/2020,OAJ,NC,ASO,EN,Federal Contract Tower,7,2,0,0,9,0,6,4,0,10,7,8,4,0,19,4,78,82,101
04/30/2020,OAJ,NC,ASO,EN,Federal Contract Tower,6,3,1,2,12,0,1,1,4,6,6,4,2,6,18,0,0,0,18
05/01/2020,OAJ,NC,ASO,EN,Federal Contract Tower,7,0,7,0,14,0,6,3,6,15,7,6,10,6,29,22,16,38,67
05/02/2020,OAJ,NC,ASO,EN,Federal Contract Tower,6,0,8,0,14,0,2,15,0,17,6,2,23,0,31,16,0,16,47
05/03/2020,OAJ,NC,ASO,EN,Federal Contract Tower,7,0,4,0,11,0,3,8,0,11,7,3,12,0,22,0,0,0,22
05/04/2020,OAJ,NC,ASO,EN,Federal Contract Tower,9,2,4,0,15,0,4,12,2,18,9,6,16,2,33,0,30,30,63
05/05/2020,OAJ,NC,ASO,EN,Federal Contract Tower,7,1,2,2,12,0,5,0,0,5,7,6,2,2,17,8,20,28,45
05/06/2020,OAJ,NC,ASO,EN,Federal Contract Tower,10,2,1,0,13,0,4,4,0,8,10,6,5,0,21,4,20,24,45
05/07/2020,OAJ,NC,ASO,EN,Federal Contract Tower,6,1,5,2,14,0,5,9,0,14,6,6,14,2,28,2,0,2,30
05/08/2020,OAJ,NC,ASO,EN,Federal Contract Tower,8,0,6,0,14,0,4,9,1,14,8,4,15,1,28,0,0,0,28
05/09/2020,OAJ,NC,ASO,EN,Federal Contract Tower,8,0,2,0,10,0,2,4,4,10,8,2,6,4,20,0,0,0,20
05/10/2020,OAJ,NC,ASO,EN,Federal Contract Tower,7,0,0,0,7,0,3,9,3,15,7,3,9,3,22,14,0,14,36
05/11/2020,OAJ,NC,ASO,EN,Federal Contract Tower,8,2,1,2,13,0,2,6,0,8,8,4,7,2,21,0,32,32,53
05/12/2020,OAJ,NC,ASO,EN,Federal Contract Tower,8,2,8,6,24,0,1,3,0,4,8,3,11,6,28,14,24,38,66
05/13/2020,OAJ,NC,ASO,EN,Federal Contract Tower,8,2,4,2,16,0,2,4,0,6,8,4,8,2,22,38,0,38,60
05/14/2020,OAJ,NC,ASO,EN,Federal Contract Tower,8,3,7,2,20,0,6,7,0,13,8,9,14,2,33,0,0,0,33
05/15/2020,OAJ,NC,ASO,EN,Federal Contract Tower,8,0,5,0,13,0,5,9,2,16,8,5,14,2,29,0,2,2,31
05/16/2020,OAJ,NC,ASO,EN,Federal Contract Tower,6,0,1,0,7,0,1,16,4,21,6,1,17,4,28,16,0,16,44
05/17/2020,OAJ,NC,ASO,EN,Federal Contract Tower,7,0,6,0,13,0,6,1,1,8,7,6,7,1,21,0,2,2,23
05/18/2020,OAJ,NC,ASO,EN,Federal Contract Tower,9,2,0,3,14,0,1,1,6,8,9,3,1,9,22,0,58,58,80
05/19/2020,OAJ,NC,ASO,EN,Federal Contract Tower,6,2,1,6,15,0,0,0,0,0,6,2,1,6,15,0,0,0,15
05/20/2020,OAJ,NC,ASO,EN,Federal Contract Tower,8,2,3,2,15,0,0,0,0,0,8,2,3,2,15,0,0,0,15
05/21/2020,OAJ,NC,ASO,EN,Federal Contract Tower,8,2,4,0,14,0,0,0,4,4,8,2,4,4,18,0,20,20,38
05/22/2020,OAJ,NC,ASO,EN,Federal Contract Tower,8,0,5,0,13,0,2,1,4,7,8,2,6,4,20,10,32,42,62
05/23/2020,OAJ,NC,ASO,EN,Federal Contract Tower,8,0,1,4,13,0,6,8,0,14,8,6,9,4,27,0,0,0,27
05/24/2020,OAJ,NC,ASO,EN,Federal Contract Tower,7,0,0,0,7,0,4,20,0,24,7,4,20,0,31,26,0,26,57
05/25/2020,OAJ,NC,ASO,EN,Federal Contract Tower,8,0,3,0,11,0,4,11,0,15,8,4,14,0,26,2,0,2,28
05/26/2020,OAJ,NC,ASO,EN,Federal Contract Tower,8,3,5,12,28,0,10,0,8,18,8,13,5,20,46,6,0,6,52
05/27/2020,OAJ,NC,ASO,EN,Federal Contract Tower,8,2,2,4,16,0,3,0,0,3,8,5,2,4,19,4,16,20,39
05/28/2020,OAJ,NC,ASO,EN,Federal Contract Tower,8,2,0,2,12,0,2,0,0,2,8,4,0,2,14,0,0,0,14
05/29/2020,OAJ,NC,ASO,EN,Federal Contract Tower,8,0,3,0,11,0,0,0,1,1,8,0,3,1,12,0,14,14,26
05/30/2020,OAJ,NC,ASO,EN,Federal Contract Tower,10,1,4,0,15,0,3,1,8,12,10,4,5,8,27,10,4,14,41
05/31/2020,OAJ,NC,ASO,EN,Federal Contract Tower,9,1,3,3,16,0,2,9,6,17,9,3,12,9,33,0,10,10,43
06/01/2020,OAJ,NC,ASO,EN,Federal Contract Tower,8,2,2,0,12,0,6,10,0,16,8,8,12,0,28,16,0,16,44
06/02/2020,OAJ,NC,ASO,EN,Federal Contract Tower,9,1,4,0,14,0,3,11,0,14,9,4,15,0,28,0,22,22,50
06/03/2020,OAJ,NC,ASO,EN,Federal Contract Tower,8,2,6,2,18,0,3,9,4,16,8,5,15,6,34,0,36,36,70
06/04/2020,OAJ,NC,ASO,EN,Federal Contract Tower,7,2,0,2,11,0,5,4,6,15,7,7,4,8,26,18,10,28,54
06/05/2020,OAJ,NC,ASO,EN,Federal Contract Tower,9,0,5,0,14,0,8,13,2,23,9,8,18,2,37,96,0,96,133
06/06/2020,OAJ,NC,ASO,EN,Federal Contract Tower,10,0,5,4,19,0,5,8,10,23,10,5,13,14,42,14,0,14,56
06/07/2020,OAJ,NC,ASO,EN,Federal Contract Tower,8,0,3,0,11,0,5,13,1,19,8,5,16,1,30,6,18,24,54
06/08/2020,OAJ,NC,ASO,EN,Federal Contract Tower,8,2,9,0,19,0,4,11,0,15,8,6,20,0,34,6,10,16,50
06/09/2020,OAJ,NC,ASO,EN,Federal Contract Tower,10,2,3,0,15,0,4,1,0,5,10,6,4,0,20,12,48,60,80
06/10/2020,OAJ,NC,ASO,EN,Federal Contract Tower,8,1,4,6,19,0,7,3,0,10,8,8,7,6,29,0,42,42,71
06/11/2020,OAJ,NC,ASO,EN,Federal Contract Tower,7,2,7,0,16,0,4,3,2,9,7,6,10,2,25,2,38,40,65
06/12/2020,OAJ,NC,ASO,EN,Federal Contract Tower,8,0,1,2,11,0,0,0,0,0,8,0,1,2,11,0,0,0,11
06/13/2020,OAJ,NC,ASO,EN,Federal Contract Tower,8,2,3,1,14,0,2,3,0,5,8,4,6,1,19,6,0,6,25
06/14/2020,OAJ,NC,ASO,EN,Federal Contract Tower,8,0,2,0,10,0,1,0,2,3,8,1,2,2,13,0,8,8,21
06/15/2020,OAJ,NC,ASO,EN,Federal Contract Tower,8,2,2,6,18,0,0,0,2,2,8,2,2,8,20,0,4,4,24
06/16/2020,OAJ,NC,ASO,EN,Federal Contract Tower,9,2,10,0,21,0,0,0,0,0,9,2,10,0,21,0,0,0,21
06/17/2020,OAJ,NC,ASO,EN,Federal Contract Tower,8,2,7,0,17,0,2,5,2,9,8,4,12,2,26,0,80,80,106
06/18/2020,OAJ,NC,ASO,EN,Federal Contract Tower,8,2,7,4,21,0,4,11,10,25,8,6,18,14,46,20,64,84,130
06/19/2020,OAJ,NC,ASO,EN,Federal Contract Tower,8,0,5,2,15,0,5,6,9,20,8,5,11,11,35,14,60,74,109
06/20/2020,OAJ,NC,ASO,EN,Federal Contract Tower,8,0,2,2,12,0,12,5,4,21,8,12,7,6,33,0,0,0,33
06/21/2020,OAJ,NC,ASO,EN,Federal Contract Tower,8,1,4,0,13,0,9,13,1,23,8,10,17,1,36,24,0,24,60
06/22/2020,OAJ,NC,ASO,EN,Federal Contract Tower,7,2,4,0,13,0,3,13,2,18,7,5,17,2,31,28,28,56,87
06/23/2020,OAJ,NC,ASO,EN,Federal Contract Tower,8,2,4,0,14,0,5,4,0,9,8,7,8,0,23,22,54,76,99
06/24/2020,OAJ,NC,ASO,EN,Federal Contract Tower,8,2,2,0,12,0,10,6,0,16,8,12,8,0,28,10,62,72,100
06/25/2020,OAJ,NC,ASO,EN,Federal Contract Tower,8,2,2,0,12,0,1,1,0,2,8,3,3,0,14,0,0,0,14
06/26/2020,OAJ,NC,ASO,EN,Federal Contract Tower,8,1,3,0,12,0,4,15,0,19,8,5,18,0,31,6,0,6,37
06/27/2020,OAJ,NC,ASO,EN,Federal Contract Tower,10,2,7,0,19,0,10,10,0,20,10,12,17,0,39,6,0,6,45
06/28/2020,OAJ,NC,ASO,EN,Federal Contract Tower,8,0,2,2,12,0,0,14,2,16,8,0,16,4,28,6,2,8,36
06/29/2020,OAJ,NC,ASO,EN,Federal Contract Tower,8,2,2,2,14,0,4,7,1,12,8,6,9,3,26,12,24,36,62
06/30/2020,OAJ,NC,ASO,EN,Federal Contract Tower,8,2,2,2,14,0,7,3,2,12,8,9,5,4,26,0,44,44,70
07/01/2020,OAJ,NC,ASO,EN,Federal Contract Tower,8,2,4,2,16,0,1,0,1,2,8,3,4,3,18,4,16,20,38
07/02/2020,OAJ,NC,ASO,EN,Federal Contract Tower,8,3,5,4,20,0,6,9,4,19,8,9,14,8,39,0,28,28,67
07/03/2020,OAJ,NC,ASO,EN,Federal Contract Tower,10,0,6,0,16,0,8,7,4,19,10,8,13,4,35,8,30,38,73
07/04/2020,OAJ,NC,ASO,EN,Federal Contract Tower,12,0,4,0,16,0,9,6,0,15,12,9,10,0,31,6,0,6,37
07/05/2020,OAJ,NC,ASO,EN,Federal Contract Tower,10,0,5,6,21,0,3,2,0,5,10,3,7,6,26,0,0,0,26
07/06/2020,OAJ,NC,ASO,EN,Federal Contract Tower,11,2,9,0,22,0,9,11,0,20,11,11,20,0,42,24,0,24,66
07/07/2020,OAJ,NC,ASO,EN,Federal Contract Tower,10,3,1,2,16,0,6,7,0,13,10,9,8,2,29,60,20,80,109
07/08/2020,OAJ,NC,ASO,EN,Federal Contract Tower,12,2,2,0,16,0,3,3,0,6,12,5,5,0,22,32,86,118,140
07/09/2020,OAJ,NC,ASO,EN,Federal Contract Tower,14,2,4,2,22,0,5,5,1,11,14,7,9,3,33,18,34,52,85
07/10/2020,OAJ,NC,ASO,EN,Federal Contract Tower,14,0,7,2,23,0,6,21,10,37,14,6,28,12,60,10,48,58,118
07/11/2020,OAJ,NC,ASO,EN,Federal Contract Tower,14,0,3,0,17,0,8,9,0,17,14,8,12,0,34,6,0,6,40
07/12/2020,OAJ,NC,ASO,EN,Federal Contract Tower,14,0,7,0,21,0,10,11,0,21,14,10,18,0,42,4,0,4,46
07/13/2020,OAJ,NC,ASO,EN,Federal Contract Tower,14,2,0,0,16,0,1,2,6,9,14,3,2,6,25,12,44,56,81
07/14/2020,OAJ,NC,ASO,EN,Federal Contract Tower,12,3,2,0,17,0,6,10,2,18,12,9,12,2,35,4,72,76,111
07/15/2020,OAJ,NC,ASO,EN,Federal Contract Tower,13,2,7,0,22,0,6,8,4,18,13,8,15,4,40,6,70,76,116
07/16/2020,OAJ,NC,ASO,EN,Federal Contract Tower,14,4,5,1,24,0,7,20,8,35,14,11,25,9,59,44,0,44,103
07/17/2020,OAJ,NC,ASO,EN,Federal Contract Tower,14,3,4,0,21,0,7,11,4,22,14,10,15,4,43,0,6,6,49
07/18/2020,OAJ,NC,ASO,EN,Federal Contract Tower,14,0,8,3,25,0,6,15,10,31,14,6,23,13,56,12,6,18,74
07/19/2020,OAJ,NC,ASO,EN,Federal Contract Tower,14,2,1,4,21,0,1,13,1,15,14,3,14,5,36,6,32,38,74
07/20/2020,OAJ,NC,ASO,EN,Federal Contract Tower,14,2,4,8,28,0,4,6,4,14,14,6,10,12,42,2,30,32,74
07/21/2020,OAJ,NC,ASO,EN,Federal Contract Tower,12,3,4,0,19,0,5,8,3,16,12,8,12,3,35,6,32,38,73
07/22/2020,OAJ,NC,ASO,EN,Federal Contract Tower,12,4,4,0,20,0,2,8,4,14,12,6,12,4,34,0,28,28,62
07/23/2020,OAJ,NC,ASO,EN,Federal Contract Tower,14,2,1,8,25,0,5,12,8,25,14,7,13,16,50,42,20,62,112
07/24/2020,OAJ,NC,ASO,EN,Federal Contract Tower,14,1,9,0,24,0,7,2,4,13,14,8,11,4,37,10,20,30,67
07/25/2020,OAJ,NC,ASO,EN,Federal Contract Tower,14,0,9,0,23,0,6,7,0,13,14,6,16,0,36,8,0,8,44
07/26/2020,OAJ,NC,ASO,EN,Federal Contract Tower,14,0,4,0,18,0,2,10,0,12,14,2,14,0,30,10,0,10,40
07/27/2020,OAJ,NC,ASO,EN,Federal Contract Tower,14,2,2,0,18,0,3,12,0,15,14,5,14,0,33,2,6,8,41
07/28/2020,OAJ,NC,ASO,EN,Federal Contract Tower,12,2,4,4,22,0,14,4,0,18,12,16,8,4,40,6,16,22,62
07/29/2020,OAJ,NC,ASO,EN,Federal Contract Tower,12,2,1,0,15,0,2,8,0,10,12,4,9,0,25,10,4,14,39
07/30/2020,OAJ,NC,ASO,EN,Federal Contract Tower,14,2,2,2,20,0,5,10,8,23,14,7,12,10,43,16,20,36,79
07/31/2020,OAJ,NC,ASO,EN,Federal Contract Tower,15,1,2,0,18,0,5,10,5,20,15,6,12,5,38,14,18,32,70
08/01/2020,OAJ,NC,ASO,EN,Federal Contract Tower,13,0,5,2,20,0,7,7,1,15,13,7,12,3,35,10,0,10,45
08/02/2020,OAJ,NC,ASO,EN,Federal Contract Tower,14,0,3,1,18,0,1,12,0,13,14,1,15,1,31,12,0,12,43
08/03/2020,OAJ,NC,ASO,EN,Federal Contract Tower,13,1,2,0,16,0,1,4,0,5,13,2,6,0,21,14,0,14,35
08/04/2020,OAJ,NC,ASO,EN,Federal Contract Tower,13,1,0,0,14,0,5,5,0,10,13,6,5,0,24,0,0,0,24
08/05/2020,OAJ,NC,ASO,EN,Federal Contract Tower,11,2,5,0,18,0,5,6,0,11,11,7,11,0,29,24,20,44,73
08/06/2020,OAJ,NC,ASO,EN,Federal Contract Tower,15,3,4,0,22,0,2,8,0,10,15,5,12,0,32,40,8,48,80
08/07/2020,OAJ,NC,ASO,EN,Federal Contract Tower,14,0,7,2,23,0,8,16,2,26,14,8,23,4,49,44,2,46,95
08/08/2020,OAJ,NC,ASO,EN,Federal Contract Tower,14,0,2,0,16,0,9,4,2,15,14,9,6,2,31,18,0,18,49
08/09/2020,OAJ,NC,ASO,EN,Federal Contract Tower,14,1,0,0,15,0,5,14,0,19,14,6,14,0,34,24,0,24,58
08/10/2020,OAJ,NC,ASO,EN,Federal Contract Tower,14,0,2,0,16,0,9,5,0,14,14,9,7,0,30,20,0,20,50
08/11/2020,OAJ,NC,ASO,EN,Federal Contract Tower,12,2,4,2,20,0,4,2,0,6,12,6,6,2,26,12,0,12,38
08/12/2020,OAJ,NC,ASO,EN,Federal Contract Tower,12,2,2,7,23,0,6,9,0,15,12,8,11,7,38,10,16,26,64
08/13/2020,OAJ,NC,ASO,EN,Federal Contract Tower,12,2,1,0,15,0,4,3,8,15,12,6,4,8,30,10,32,42,72
08/14/2020,OAJ,NC,ASO,EN,Federal Contract Tower,14,1,4,0,19,0,8,2,4,14,14,9,6,4,33,0,36,36,69
08/15/2020,OAJ,NC,ASO,EN,Federal Contract Tower,13,2,0,0,15,0,1,3,4,8,13,3,3,4,23,6,12,18,41
08/16/2020,OAJ,NC,ASO,EN,Federal Contract Tower,14,1,9,0,24,0,1,5,2,8,14,2,14,2,32,8,0,8,40
08/17/2020,OAJ,NC,ASO,EN,Federal Contract Tower,15,2,1,0,18,0,3,8,7,18,15,5,9,7,36,12,28,40,76
08/18/2020,OAJ,NC,ASO,EN,Federal Contract Tower,12,2,1,0,15,0,4,11,0,15,12,6,12,0,30,18,12,30,60
08/19/2020,OAJ,NC,ASO,EN,Federal Contract Tower,14,4,0,0,18,0,1,7,2,10,14,5,7,2,28,4,6,10,38
08/20/2020,OAJ,NC,ASO,EN,Federal Contract Tower,14,3,3,0,20,0,10,3,8,21,14,13,6,8,41,0,2,2,43
08/21/2020,OAJ,NC,ASO,EN,Federal Contract Tower,14,0,3,0,17,0,3,2,5,10,14,3,5,5,27,14,40,54,81
08/22/2020,OAJ,NC,ASO,EN,Federal Contract Tower,14,0,5,3,22,0,8,8,6,22,14,8,13,9,44,14,34,48,92
08/23/2020,OAJ,NC,ASO,EN,Federal Contract Tower,14,0,7,4,25,0,2,6,1,9,14,2,13,5,34,4,0,4,38
08/24/2020,OAJ,NC,ASO,EN,Federal Contract Tower,14,2,7,0,23,0,1,4,1,6,14,3,11,1,29,6,0,6,35
08/25/2020,OAJ,NC,ASO,EN,Federal Contract Tower,12,2,0,2,16,0,3,11,0,14,12,5,11,2,30,12,0,12,42
08/26/2020,OAJ,NC,ASO,EN,Federal Contract Tower,12,2,5,0,19,0,3,14,0,17,12,5,19,0,36,6,10,16,52
08/27/2020,OAJ,NC,ASO,EN,Federal Contract Tower,14,2,2,0,18,0,4,6,5,15,14,6,8,5,33,0,10,10,43
08/28/2020,OAJ,NC,ASO,EN,Federal Contract Tower,14,0,8,1,23,0,7,9,3,19,14,7,17,4,42,4,4,8,50
08/29/2020,OAJ,NC,ASO,EN,Federal Contract Tower,14,0,3,4,21,0,4,4,3,11,14,4,7,7,32,6,0,6,38
08/30/2020,OAJ,NC,ASO,EN,Federal Contract Tower,12,0,4,2,18,0,4,11,1,16,12,4,15,3,34,22,0,22,56
08/31/2020,OAJ,NC,ASO,EN,Federal Contract Tower,17,3,6,2,28,0,4,3,1,8,17,7,9,3,36,10,6,16,52
09/01/2020,OAJ,NC,ASO,EN,Federal Contract Tower,12,2,0,0,14,0,5,6,2,13,12,7,6,2,27,12,18,30,57
09/02/2020,OAJ,NC,ASO,EN,Federal Contract Tower,12,3,0,0,15,0,2,0,0,2,12,5,0,0,17,24,30,54,71
09/03/2020,OAJ,NC,ASO,EN,Federal Contract Tower,14,4,5,0,23,0,6,10,2,18,14,10,15,2,41,10,10,20,61
09/04/2020,OAJ,NC,ASO,EN,Federal Contract Tower,14,2,2,6,24,0,8,8,2,18,14,10,10,8,42,6,4,10,52
09/05/2020,OAJ,NC,ASO,EN,Federal Contract Tower,14,3,1,0,18,0,6,12,0,18,14,9,13,0,36,0,0,0,36
09/06/2020,OAJ,NC,ASO,EN,Federal Contract Tower,14,3,1,0,18,0,10,13,0,23,14,13,14,0,41,26,0,26,67
09/07/2020,OAJ,NC,ASO,EN,Federal Contract Tower,13,2,4,0,19,0,2,13,0,15,13,4,17,0,34,6,0,6,40
09/08/2020,OAJ,NC,ASO,EN,Federal Contract Tower,12,2,2,2,18,0,2,0,0,2,12,4,2,2,20,0,0,0,20
09/09/2020,OAJ,NC,ASO,EN,Federal Contract Tower,13,5,5,0,23,0,2,0,0,2,13,7,5,0,25,0,0,0,25
09/10/2020,OAJ,NC,ASO,EN,Federal Contract Tower,16,2,3,10,31,0,4,2,4,10,16,6,5,14,41,14,22,36,77
09/11/2020,OAJ,NC,ASO,EN,Federal Contract Tower,14,2,1,0,17,0,0,1,7,8,14,2,2,7,25,40,28,68,93
09/12/2020,OAJ,NC,ASO,EN,Federal Contract Tower,14,4,8,0,26,0,6,2,13,21,14,10,10,13,47,4,68,72,119
09/13/2020,OAJ,NC,ASO,EN,Federal Contract Tower,13,1,6,8,28,0,1,4,9,14,13,2,10,17,42,2,34,36,78
09/14/2020,OAJ,NC,ASO,EN,Federal Contract Tower,14,2,5,2,23,0,3,6,1,10,14,5,11,3,33,0,0,0,33
09/15/2020,OAJ,NC,ASO,EN,Federal Contract Tower,14,2,1,2,19,0,4,11,0,15,14,6,12,2,34,0,0,0,34
09/16/2020,OAJ,NC,ASO,EN,Federal Contract Tower,12,3,3,2,20,0,7,4,0,11,12,10,7,2,31,0,0,0,31
09/17/2020,OAJ,NC,ASO,EN,Federal Contract Tower,16,4,4,0,24,0,0,0,0,0,16,4,4,0,24,0,0,0,24
09/18/2020,OAJ,NC,ASO,EN,Federal Contract Tower,14,3,4,2,23,0,1,0,1,2,14,4,4,3,25,0,0,0,25
09/19/2020,OAJ,NC,ASO,EN,Federal Contract Tower,14,0,2,0,16,0,4,4,2,10,14,4,6,2,26,0,0,0,26
09/20/2020,OAJ,NC,ASO,EN,Federal Contract Tower,14,5,5,0,24,0,4,8,5,17,14,9,13,5,41,6,40,46,87
09/21/2020,OAJ,NC,ASO,EN,Federal Contract Tower,14,4,2,0,20,0,2,7,2,11,14,6,9,2,31,26,26,52,83
09/22/2020,OAJ,NC,ASO,EN,Federal Contract Tower,14,3,10,0,27,0,3,10,2,15,14,6,20,2,42,18,26,44,86
09/23/2020,OAJ,NC,ASO,EN,Federal Contract Tower,14,2,5,2,23,0,7,8,0,15,14,9,13,2,38,8,30,38,76
09/24/2020,OAJ,NC,ASO,EN,Federal Contract Tower,14,2,6,2,24,0,4,8,0,12,14,6,14,2,36,32,34,66,102
09/25/2020,OAJ,NC,ASO,EN,Federal Contract Tower,13,0,1,0,14,0,4,4,4,12,13,4,5,4,26,0,22,22,48
09/26/2020,OAJ,NC,ASO,EN,Federal Contract Tower,14,0,11,0,25,0,3,2,0,5,14,3,13,0,30,14,0,14,44
09/27/2020,OAJ,NC,ASO,EN,Federal Contract Tower,14,0,8,2,24,0,4,5,0,9,14,4,13,2,33,0,0,0,33
09/28/2020,OAJ,NC,ASO,EN,Federal Contract Tower,14,4,1,3,22,0,2,6,3,11,14,6,7,6,33,20,16,36,69
09/29/2020,OAJ,NC,ASO,EN,Federal Contract Tower,14,2,0,0,16,0,1,0,0,1,14,3,0,0,17,0,0,0,17
09/30/2020,OAJ,NC,ASO,EN,Federal Contract Tower,14,2,7,4,27,0,3,10,2,15,14,5,17,6,42,14,64,78,120
10/01/2020,OAJ,NC,ASO,EN,Federal Contract Tower,14,2,0,0,16,0,3,19,8,30,14,5,19,8,46,12,28,40,86
10/02/2020,OAJ,NC,ASO,EN,Federal Contract Tower,13,0,9,0,22,0,0,17,2,19,13,0,26,2,41,2,0,2,43
10/03/2020,OAJ,NC,ASO,EN,Federal Contract Tower,14,0,11,0,25,0,4,30,4,38,14,4,41,4,63,6,0,6,69
10/04/2020,OAJ,NC,ASO,EN,Federal Contract Tower,14,0,10,0,24,0,6,4,2,12,14,6,14,2,36,0,0,0,36
10/05/2020,OAJ,NC,ASO,EN,Federal Contract Tower,14,2,0,0,16,0,2,14,2,18,14,4,14,2,34,2,4,6,40
10/06/2020,OAJ,NC,ASO,EN,Federal Contract Tower,14,2,5,0,21,0,2,13,0,15,14,4,18,0,36,6,12,18,54
10/07/2020,OAJ,NC,ASO,EN,Federal Contract Tower,11,4,6,0,21,0,4,11,2,17,11,8,17,2,38,4,0,4,42
10/08/2020,OAJ,NC,ASO,EN,Federal Contract Tower,24,2,2,2,30,0,4,14,2,20,24,6,16,4,50,0,24,24,74
10/09/2020,OAJ,NC,ASO,EN,Federal Contract Tower,15,0,7,0,22,0,7,10,0,17,15,7,17,0,39,2,0,2,41
10/10/2020,OAJ,NC,ASO,EN,Federal Contract Tower,14,0,0,0,14,0,7,6,0,13,14,7,6,0,27,30,0,30,57
10/11/2020,OAJ,NC,ASO,EN,Federal Contract Tower,14,2,1,2,19,0,0,0,0,0,14,2,1,2,19,0,0,0,19
10/12/2020,OAJ,NC,ASO,EN,Federal Contract Tower,14,2,1,0,17,0,6,14,0,20,14,8,15,0,37,16,0,16,53
10/13/2020,OAJ,NC,ASO,EN,Federal Contract Tower,12,2,4,0,18,0,2,6,0,8,12,4,10,0,26,10,10,20,46
10/14/2020,OAJ,NC,ASO,EN,Federal Contract Tower,12,4,4,2,22,0,6,25,0,31,12,10,29,2,53,44,0,44,97
10/15/2020,OAJ,NC,ASO,EN,Federal Contract Tower,16,2,3,0,21,0,11,14,2,27,16,13,17,2,48,44,2,46,94
10/16/2020,OAJ,NC,ASO,EN,Federal Contract Tower,14,1,1,2,18,0,0,6,4,10,14,1,7,6,28,14,18,32,60
10/17/2020,OAJ,NC,ASO,EN,Federal Contract Tower,14,1,3,0,18,0,4,6,4,14,14,5,9,4,32,10,10,20,52
10/18/2020,OAJ,NC,ASO,EN,Federal Contract Tower,13,0,4,2,19,0,2,13,5,20,13,2,17,7,39,24,0,24,63
10/19/2020,OAJ,NC,ASO,EN,Federal Contract Tower,14,2,6,13,35,0,2,8,3,13,14,4,14,16,48,60,20,80,128
10/20/2020,OAJ,NC,ASO,EN,Federal Contract Tower,11,2,6,0,19,0,2,7,2,11,11,4,13,2,30,52,22,74,104
10/21/2020,OAJ,NC,ASO,EN,Federal Contract Tower,22,2,2,6,32,0,4,19,0,23,22,6,21,6,55,0,62,62,117
10/22/2020,OAJ,NC,ASO,EN,Federal Contract Tower,16,2,13,4,35,0,2,9,4,15,16,4,22,8,50,26,38,64,114
10/23/2020,OAJ,NC,ASO,EN,Federal Contract Tower,15,0,2,10,27,0,6,6,0,12,15,6,8,10,39,16,44,60,99
10/24/2020,OAJ,NC,ASO,EN,Federal Contract Tower,14,0,5,2,21,0,3,11,0,14,14,3,16,2,35,6,32,38,73
10/25/2020,OAJ,NC,ASO,EN,Federal Contract Tower,12,1,0,0,13,0,0,0,0,0,12,1,0,0,13,0,0,0,13
10/26/2020,OAJ,NC,ASO,EN,Federal Contract Tower,12,2,2,2,18,0,7,5,0,12,12,9,7,2,30,12,0,12,42
10/27/2020,OAJ,NC,ASO,EN,Federal Contract Tower,15,2,6,0,23,0,0,18,0,18,15,2,24,0,41,52,0,52,93
10/28/2020,OAJ,NC,ASO,EN,Federal Contract Tower,13,2,3,0,18,0,3,13,0,16,13,5,16,0,34,10,34,44,78
10/29/2020,OAJ,NC,ASO,EN,Federal Contract Tower,13,2,1,4,20,0,2,3,4,9,13,4,4,8,29,4,32,36,65
10/30/2020,OAJ,NC,ASO,EN,Federal Contract Tower,11,0,5,4,20,0,4,3,10,17,11,4,8,14,37,20,82,102,139
10/31/2020,OAJ,NC,ASO,EN,Federal Contract Tower,10,0,3,0,13,0,4,14,0,18,10,4,17,0,31,4,0,4,35
11/01/2020,OAJ,NC,ASO,EN,Federal Contract Tower,9,1,0,0,10,0,7,2,4,13,9,8,2,4,23,0,8,8,31
11/02/2020,OAJ,NC,ASO,EN,Federal Contract Tower,12,2,0,0,14,0,6,8,2,16,12,8,8,2,30,10,20,30,60
11/03/2020,OAJ,NC,ASO,EN,Federal Contract Tower,11,3,5,0,19,0,3,13,2,18,11,6,18,2,37,10,0,10,47
11/04/2020,OAJ,NC,ASO,EN,Federal Contract Tower,9,2,5,4,20,0,5,9,2,16,9,7,14,6,36,4,32,36,72
11/05/2020,OAJ,NC,ASO,EN,Federal Contract Tower,14,2,5,0,21,0,8,4,8,20,14,10,9,8,41,0,32,32,73
11/06/2020,OAJ,NC,ASO,EN,Federal Contract Tower,13,1,0,1,15,0,2,4,5,11,13,3,4,6,26,14,24,38,64
11/07/2020,OAJ,NC,ASO,EN,Federal Contract Tower,14,1,14,2,31,0,0,9,2,11,14,1,23,4,42,10,0,10,52
11/08/2020,OAJ,NC,ASO,EN,Federal Contract Tower,14,2,4,0,20,0,6,10,2,18,14,8,14,2,38,0,0,0,38
11/09/2020,OAJ,NC,ASO,EN,Federal Contract Tower,13,3,8,0,24,0,6,9,0,15,13,9,17,0,39,36,0,36,75
11/10/2020,OAJ,NC,ASO,EN,Federal Contract Tower,12,2,1,4,19,0,5,6,0,11,12,7,7,4,30,2,12,14,44
11/11/2020,OAJ,NC,ASO,EN,Federal Contract Tower,8,7,4,3,22,0,1,0,9,10,8,8,4,12,32,0,38,38,70
11/12/2020,OAJ,NC,ASO,EN,Federal Contract Tower,13,4,0,0,17,0,0,0,0,0,13,4,0,0,17,0,0,0,17
11/13/2020,OAJ,NC,ASO,EN,Federal Contract Tower,11,0,0,2,13,0,2,0,0,2,11,2,0,2,15,0,0,0,15
11/14/2020,OAJ,NC,ASO,EN,Federal Contract Tower,14,0,11,0,25,0,2,26,0,28,14,2,37,0,53,30,0,30,83
11/15/2020,OAJ,NC,ASO,EN,Federal Contract Tower,14,0,2,0,16,0,2,1,0,3,14,2,3,0,19,12,0,12,31
11/16/2020,OAJ,NC,ASO,EN,Federal Contract Tower,14,2,2,2,20,0,4,2,0,6,14,6,4,2,26,20,0,20,46
11/17/2020,OAJ,NC,ASO,EN,Federal Contract Tower,10,2,1,0,13,0,7,11,4,22,10,9,12,4,35,16,66,82,117
11/19/2020,OAJ,NC,ASO,EN,Federal Contract Tower,16,4,2,5,27,0,2,15,4,21,16,6,17,9,48,30,0,30,78
11/20/2020,OAJ,NC,ASO,EN,Federal Contract Tower,16,0,0,4,20,0,8,20,11,39,16,8,20,15,59,44,40,84,143
11/21/2020,OAJ,NC,ASO,EN,Federal Contract Tower,14,0,11,0,25,0,3,25,10,38,14,3,36,10,63,0,22,22,85
11/22/2020,OAJ,NC,ASO,EN,Federal Contract Tower,13,0,8,0,21,0,1,12,1,14,13,1,20,1,35,26,18,44,79
11/23/2020,OAJ,NC,ASO,EN,Federal Contract Tower,11,6,2,0,19,0,3,9,2,14,11,9,11,2,33,0,2,2,35
11/24/2020,OAJ,NC,ASO,EN,Federal Contract Tower,14,3,8,0,25,0,8,15,3,26,14,11,23,3,51,24,42,66,117
11/25/2020,OAJ,NC,ASO,EN,Federal Contract Tower,13,4,7,0,24,0,5,9,2,16,13,9,16,2,40,0,14,14,54
11/26/2020,OAJ,NC,ASO,EN,Federal Contract Tower,10,0,3,0,13,0,0,5,0,5,10,0,8,0,18,10,0,10,28
11/27/2020,OAJ,NC,ASO,EN,Federal Contract Tower,11,2,9,0,22,0,0,6,0,6,11,2,15,0,28,20,0,20,48
11/28/2020,OAJ,NC,ASO,EN,Federal Contract Tower,15,1,2,0,18,0,1,10,0,11,15,2,12,0,29,2,0,2,31
11/29/2020,OAJ,NC,ASO,EN,Federal Contract Tower,18,2,6,0,26,0,3,6,0,9,18,5,12,0,35,4,0,4,39
11/30/2020,OAJ,NC,ASO,EN,Federal Contract Tower,16,1,1,2,20,0,1,3,2,6,16,2,4,4,26,0,34,34,60
12/01/2020,OAJ,NC,ASO,EN,Federal Contract Tower,13,2,1,0,16,0,5,8,4,17,13,7,9,4,33,0,62,62,95
12/02/2020,OAJ,NC,ASO,EN,Federal Contract Tower,9,2,0,4,15,0,3,14,10,27,9,5,14,14,42,0,2,2,44
12/03/2020,OAJ,NC,ASO,EN,Federal Contract Tower,14,3,2,2,21,0,7,6,9,22,14,10,8,11,43,14,90,104,147
12/04/2020,OAJ,NC,ASO,EN,Federal Contract Tower,13,1,7,2,23,0,4,12,8,24,13,5,19,10,47,22,24,46,93
12/05/2020,OAJ,NC,ASO,EN,Federal Contract Tower,10,1,5,0,16,0,1,8,2,11,10,2,13,2,27,6,0,6,33
12/06/2020,OAJ,NC,ASO,EN,Federal Contract Tower,14,3,4,0,21,0,6,6,4,16,14,9,10,4,37,0,0,0,37
12/07/2020,OAJ,NC,ASO,EN,Federal Contract Tower,14,1,1,0,16,0,0,0,0,0,14,1,1,0,16,0,0,0,16
12/08/2020,OAJ,NC,ASO,EN,Federal Contract Tower,9,2,0,7,18,0,10,4,1,15,9,12,4,8,33,4,20,24,57
12/09/2020,OAJ,NC,ASO,EN,Federal Contract Tower,9,3,5,0,17,0,2,2,8,12,9,5,7,8,29,0,40,40,69
12/10/2020,OAJ,NC,ASO,EN,Federal Contract Tower,14,5,8,0,27,0,1,15,14,30,14,6,23,14,57,4,50,54,111
12/11/2020,OAJ,NC,ASO,EN,Federal Contract Tower,13,1,4,0,18,0,5,13,9,27,13,6,17,9,45,0,74,74,119
12/12/2020,OAJ,NC,ASO,EN,Federal Contract Tower,10,1,6,1,18,0,0,17,9,26,10,1,23,10,44,18,0,18,62
12/13/2020,OAJ,NC,ASO,EN,Federal Contract Tower,15,1,6,3,25,0,3,2,3,8,15,4,8,6,33,8,0,8,41
12/14/2020,OAJ,NC,ASO,EN,Federal Contract Tower,15,2,1,4,22,0,2,2,2,6,15,4,3,6,28,0,14,14,42
12/15/2020,OAJ,NC,ASO,EN,Federal Contract Tower,9,2,3,2,16,0,14,4,12,30,9,16,7,14,46,12,96,108,154
12/17/2020,OAJ,NC,ASO,EN,Federal Contract Tower,16,2,2,0,20,0,8,0,10,18,16,10,2,10,38,28,78,106,144
12/18/2020,OAJ,NC,ASO,EN,Federal Contract Tower,15,2,4,3,24,0,10,10,8,28,15,12,14,11,52,6,24,30,82
12/19/2020,OAJ,NC,ASO,EN,Federal Contract Tower,16,1,2,0,19,0,7,5,7,19,16,8,7,7,38,0,4,4,42
12/20/2020,OAJ,NC,ASO,EN,Federal Contract Tower,16,0,2,2,20,0,0,0,0,0,16,0,2,2,20,0,0,0,20
12/21/2020,OAJ,NC,ASO,EN,Federal Contract Tower,16,1,8,5,30,0,3,2,1,6,16,4,10,6,36,4,22,26,62
12/22/2020,OAJ,NC,ASO,EN,Federal Contract Tower,16,2,2,2,22,0,5,11,6,22,16,7,13,8,44,2,36,38,82
12/23/2020,OAJ,NC,ASO,EN,Federal Contract Tower,17,2,16,0,35,0,3,8,0,11,17,5,24,0,46,6,0,6,52
12/24/2020,OAJ,NC,ASO,EN,Federal Contract Tower,10,1,0,0,11,0,6,0,0,6,10,7,0,0,17,0,0,0,17
12/25/2020,OAJ,NC,ASO,EN,Federal Contract Tower,12,0,0,0,12,0,9,0,0,9,12,9,0,0,21,0,0,0,21
12/26/2020,OAJ,NC,ASO,EN,Federal Contract Tower,16,2,3,0,21,0,5,10,0,15,16,7,13,0,36,0,0,0,36
12/27/2020,OAJ,NC,ASO,EN,Federal Contract Tower,16,0,6,0,22,0,5,20,0,25,16,5,26,0,47,0,0,0,47
12/28/2020,OAJ,NC,ASO,EN,Federal Contract Tower,16,1,0,0,17,0,9,4,0,13,16,10,4,0,30,0,0,0,30
12/29/2020,OAJ,NC,ASO,EN,Federal Contract Tower,16,2,7,0,25,0,6,5,7,18,16,8,12,7,43,0,22,22,65
12/30/2020,OAJ,NC,ASO,EN,Federal Contract Tower,16,2,1,0,19,0,8,6,3,17,16,10,7,3,36,0,8,8,44
12/31/2020,OAJ,NC,ASO,EN,Federal Contract Tower,11,2,1,1,15,0,0,3,1,4,11,2,4,2,19,2,0,2,21
01/01/2021,OAJ,NC,ASO,EN,Federal Contract Tower,10,0,2,0,12,0,0,0,0,0,10,0,2,0,12,0,0,0,12
01/02/2021,OAJ,NC,ASO,EN,Federal Contract Tower,22,0,2,0,24,0,0,0,0,0,22,0,2,0,24,0,0,0,24
01/03/2021,OAJ,NC,ASO,EN,Federal Contract Tower,17,0,2,0,19,0,4,1,1,6,17,4,3,1,25,0,0,0,25
01/04/2021,OAJ,NC,ASO,EN,Federal Contract Tower,16,4,0,0,20,0,2,4,0,6,16,6,4,0,26,10,0,10,36
01/05/2021,OAJ,NC,ASO,EN,Federal Contract Tower,10,2,0,2,14,0,2,4,6,12,10,4,4,8,26,8,0,8,34
01/06/2021,OAJ,NC,ASO,EN,Federal Contract Tower,11,4,0,2,17,0,7,10,4,21,11,11,10,6,38,10,8,18,56
01/07/2021,OAJ,NC,ASO,EN,Federal Contract Tower,16,2,1,0,19,0,8,16,2,26,16,10,17,2,45,0,4,4,49
01/08/2021,OAJ,NC,ASO,EN,Federal Contract Tower,19,0,3,0,22,0,0,0,2,2,19,0,3,2,24,0,24,24,48
01/09/2021,OAJ,NC,ASO,EN,Federal Contract Tower,10,0,5,0,15,0,2,7,0,9,10,2,12,0,24,6,0,6,30
01/10/2021,OAJ,NC,ASO,EN,Federal Contract Tower,16,1,3,0,20,0,0,15,0,15,16,1,18,0,35,16,0,16,51
01/11/2021,OAJ,NC,ASO,EN,Federal Contract Tower,16,4,5,2,27,0,2,3,0,5,16,6,8,2,32,12,0,12,44
01/12/2021,OAJ,NC,ASO,EN,Federal Contract Tower,10,2,4,2,18,0,1,0,0,1,10,3,4,2,19,30,0,30,49
01/13/2021,OAJ,NC,ASO,EN,Federal Contract Tower,17,2,1,0,20,0,6,10,7,23,17,8,11,7,43,0,54,54,97
01/14/2021,OAJ,NC,ASO,EN,Federal Contract Tower,16,2,2,1,21,0,6,3,6,15,16,8,5,7,36,14,46,60,96
01/15/2021,OAJ,NC,ASO,EN,Federal Contract Tower,17,3,3,2,25,0,6,6,4,16,17,9,9,6,41,12,26,38,79
01/16/2021,OAJ,NC,ASO,EN,Federal Contract Tower,11,0,0,0,11,0,7,9,0,16,11,7,9,0,27,16,0,16,43
01/17/2021,OAJ,NC,ASO,EN,Federal Contract Tower,14,0,6,0,20,0,4,12,4,20,14,4,18,4,40,6,0,6,46
01/18/2021,OAJ,NC,ASO,EN,Federal Contract Tower,16,2,0,2,20,0,9,9,4,22,16,11,9,6,42,0,0,0,42
01/19/2021,OAJ,NC,ASO,EN,Federal Contract Tower,12,2,2,0,16,0,8,12,2,22,12,10,14,2,38,10,0,10,48
01/20/2021,OAJ,NC,ASO,EN,Federal Contract Tower,11,2,1,1,15,0,8,12,2,22,11,10,13,3,37,0,34,34,71
01/21/2021,OAJ,NC,ASO,EN,Federal Contract Tower,16,2,0,0,18,0,6,5,12,23,16,8,5,12,41,6,56,62,103
01/22/2021,OAJ,NC,ASO,EN,Federal Contract Tower,16,0,0,0,16,0,4,2,8,14,16,4,2,8,30,6,22,28,58
01/23/2021,OAJ,NC,ASO,EN,Federal Contract Tower,10,0,2,1,13,0,6,12,3,21,10,6,14,4,34,6,22,28,62
01/24/2021,OAJ,NC,ASO,EN,Federal Contract Tower,17,0,6,0,23,0,4,23,0,27,17,4,29,0,50,26,0,26,76
01/25/2021,OAJ,NC,ASO,EN,Federal Contract Tower,15,2,0,0,17,0,0,0,0,0,15,2,0,0,17,0,0,0,17
01/26/2021,OAJ,NC,ASO,EN,Federal Contract Tower,10,0,0,0,10,0,0,0,0,0,10,0,0,0,10,0,0,0,10
01/27/2021,OAJ,NC,ASO,EN,Federal Contract Tower,12,2,0,0,14,0,2,0,5,7,12,4,0,5,21,0,70,70,91
01/28/2021,OAJ,NC,ASO,EN,Federal Contract Tower,12,2,4,0,18,0,4,6,12,22,12,6,10,12,40,0,30,30,70
01/29/2021,OAJ,NC,ASO,EN,Federal Contract Tower,16,0,0,0,16,0,5,21,9,35,16,5,21,9,51,4,4,8,59
01/30/2021,OAJ,NC,ASO,EN,Federal Contract Tower,10,0,6,5,21,0,3,89,3,95,10,3,95,8,116,0,8,8,124
01/31/2021,OAJ,NC,ASO,EN,Federal Contract Tower,16,0,0,0,16,0,0,0,1,1,16,0,0,1,17,0,0,0,17
02/01/2021,OAJ,NC,ASO,EN,Federal Contract Tower,18,4,2,2,26,0,2,0,0,2,18,6,2,2,28,0,0,0,28
02/02/2021,OAJ,NC,ASO,EN,Federal Contract Tower,12,2,1,0,15,0,16,26,1,43,12,18,27,1,58,18,38,56,114
02/03/2021,OAJ,NC,ASO,EN,Federal Contract Tower,11,4,3,0,18,0,5,35,5,45,11,9,38,5,63,0,40,40,103
02/04/2021,OAJ,NC,ASO,EN,Federal Contract Tower,18,4,0,2,24,0,4,60,11,75,18,8,60,13,99,60,56,116,215
02/05/2021,OAJ,NC,ASO,EN,Federal Contract Tower,20,0,2,0,22,0,2,0,3,5,20,2,2,3,27,2,20,22,49
02/06/2021,OAJ,NC,ASO,EN,Federal Contract Tower,11,2,5,0,18,0,4,68,8,80,11,6,73,8,98,2,26,28,126
02/07/2021,OAJ,NC,ASO,EN,Federal Contract Tower,15,0,2,0,17,0,2,0,0,2,15,2,2,0,19,0,0,0,19
02/08/2021,OAJ,NC,ASO,EN,Federal Contract Tower,19,2,7,2,30,0,1,9,4,14,19,3,16,6,44,0,10,10,54
02/09/2021,OAJ,NC,ASO,EN,Federal Contract Tower,12,2,4,6,24,0,6,10,16,32,12,8,14,22,56,34,68,102,158
02/10/2021,OAJ,NC,ASO,EN,Federal Contract Tower,11,2,7,5,25,0,5,2,4,11,11,7,9,9,36,0,72,72,108
02/11/2021,OAJ,NC,ASO,EN,Federal Contract Tower,16,3,3,0,22,0,0,0,1,1,16,3,3,1,23,0,20,20,43
02/12/2021,OAJ,NC,ASO,EN,Federal Contract Tower,16,2,4,2,24,0,0,0,0,0,16,2,4,2,24,0,0,0,24
02/13/2021,OAJ,NC,ASO,EN,Federal Contract Tower,10,3,2,0,15,0,0,0,0,0,10,3,2,0,15,0,0,0,15
02/14/2021,OAJ,NC,ASO,EN,Federal Contract Tower,11,0,0,0,11,0,0,0,0,0,11,0,0,0,11,0,0,0,11
02/15/2021,OAJ,NC,ASO,EN,Federal Contract Tower,14,2,4,0,20,0,0,0,0,0,14,2,4,0,20,0,0,0,20
02/16/2021,OAJ,NC,ASO,EN,Federal Contract Tower,11,4,0,2,17,0,5,1,2,8,11,9,1,4,25,0,26,26,51
02/17/2021,OAJ,NC,ASO,EN,Federal Contract Tower,11,2,8,0,21,0,18,8,0,26,11,20,16,0,47,0,0,0,47
02/18/2021,OAJ,NC,ASO,EN,Federal Contract Tower,16,2,0,0,18,0,0,0,0,0,16,2,0,0,18,0,0,0,18
02/19/2021,OAJ,NC,ASO,EN,Federal Contract Tower,17,0,0,0,17,0,1,0,5,6,17,1,0,5,23,0,12,12,35
02/20/2021,OAJ,NC,ASO,EN,Federal Contract Tower,11,0,2,2,15,0,4,25,9,38,11,4,27,11,53,8,0,8,61
02/21/2021,OAJ,NC,ASO,EN,Federal Contract Tower,17,0,0,0,17,0,4,10,6,20,17,4,10,6,37,0,8,8,45
02/22/2021,OAJ,NC,ASO,EN,Federal Contract Tower,17,2,0,0,19,0,3,3,4,10,17,5,3,4,29,0,50,50,79
02/23/2021,OAJ,NC,ASO,EN,Federal Contract Tower,12,2,5,0,19,0,5,6,3,14,12,7,11,3,33,0,6,6,39
02/24/2021,OAJ,NC,ASO,EN,Federal Contract Tower,10,5,3,0,18,0,4,0,5,9,10,9,3,5,27,0,20,20,47
02/25/2021,OAJ,NC,ASO,EN,Federal Contract Tower,15,6,4,0,25,0,8,11,6,25,15,14,15,6,50,0,58,58,108
02/26/2021,OAJ,NC,ASO,EN,Federal Contract Tower,16,3,4,3,26,0,4,2,11,17,16,7,6,14,43,0,20,20,63
02/27/2021,OAJ,NC,ASO,EN,Federal Contract Tower,10,1,0,0,11,0,4,15,2,21,10,5,15,2,32,14,0,14,46
02/28/2021,OAJ,NC,ASO,EN,Federal Contract Tower,19,3,1,0,23,0,4,0,0,4,19,7,1,0,27,0,0,0,27
03/01/2021,OAJ,NC,ASO,EN,Federal Contract Tower,19,2,2,4,27,0,6,1,7,14,19,8,3,11,41,0,44,44,85
03/02/2021,OAJ,NC,ASO,EN,Federal Contract Tower,10,4,2,2,18,0,4,6,12,22,10,8,8,14,40,0,58,58,98
03/03/2021,OAJ,NC,ASO,EN,Federal Contract Tower,12,2,2,0,16,0,4,7,15,26,12,6,9,15,42,0,84,84,126
03/04/2021,OAJ,NC,ASO,EN,Federal Contract Tower,18,7,1,0,26,0,2,10,28,40,18,9,11,28,66,4,64,68,134
03/05/2021,OAJ,NC,ASO,EN,Federal Contract Tower,17,2,14,1,34,0,1,14,7,22,17,3,28,8,56,0,36,36,92
03/06/2021,OAJ,NC,ASO,EN,Federal Contract Tower,17,0,3,0,20,0,0,14,0,14,17,0,17,0,34,2,0,2,36
03/07/2021,OAJ,NC,ASO,EN,Federal Contract Tower,17,1,5,0,23,0,9,10,0,19,17,10,15,0,42,4,0,4,46
03/08/2021,OAJ,NC,ASO,EN,Federal Contract Tower,20,2,11,2,35,0,2,6,4,12,20,4,17,6,47,2,76,78,125
03/09/2021,OAJ,NC,ASO,EN,Federal Contract Tower,16,2,1,0,19,0,13,12,8,33,16,15,13,8,52,0,54,54,106
03/10/2021,OAJ,NC,ASO,EN,Federal Contract Tower,17,3,2,0,22,0,11,8,2,21,17,14,10,2,43,2,18,20,63
03/11/2021,OAJ,NC,ASO,EN,Federal Contract Tower,18,2,5,1,26,0,2,12,6,20,18,4,17,7,46,2,54,56,102
03/12/2021,OAJ,NC,ASO,EN,Federal Contract Tower,18,1,1,0,20,0,9,15,5,29,18,10,16,5,49,2,56,58,107
03/13/2021,OAJ,NC,ASO,EN,Federal Contract Tower,17,0,12,4,33,0,6,8,0,14,17,6,20,4,47,0,0,0,47
03/14/2021,OAJ,NC,ASO,EN,Federal Contract Tower,18,1,3,0,22,0,5,8,0,13,18,6,11,0,35,0,10,10,45
03/15/2021,OAJ,NC,ASO,EN,Federal Contract Tower,20,2,1,4,27,0,1,0,4,5,20,3,1,8,32,0,4,4,36
03/16/2021,OAJ,NC,ASO,EN,Federal Contract Tower,15,6,2,6,29,0,0,0,0,0,15,6,2,6,29,0,0,0,29
03/17/2021,OAJ,NC,ASO,EN,Federal Contract Tower,16,3,4,1,24,0,1,0,0,1,16,4,4,1,25,0,28,28,53
03/18/2021,OAJ,NC,ASO,EN,Federal Contract Tower,18,0,0,0,18,0,2,0,0,2,18,2,0,0,20,0,0,0,20
03/19/2021,OAJ,NC,ASO,EN,Federal Contract Tower,18,0,2,1,21,0,2,0,3,5,18,2,2,4,26,0,20,20,46
03/20/2021,OAJ,NC,ASO,EN,Federal Contract Tower,17,0,0,2,19,0,5,2,0,7,17,5,2,2,26,0,0,0,26
03/21/2021,OAJ,NC,ASO,EN,Federal Contract Tower,17,0,7,0,24,0,5,6,0,11,17,5,13,0,35,0,0,0,35
03/22/2021,OAJ,NC,ASO,EN,Federal Contract Tower,17,2,3,0,22,0,1,2,0,3,17,3,5,0,25,0,8,8,33
03/23/2021,OAJ,NC,ASO,EN,Federal Contract Tower,15,6,2,0,23,0,4,0,0,4,15,10,2,0,27,0,0,0,27
03/24/2021,OAJ,NC,ASO,EN,Federal Contract Tower,16,2,2,0,20,0,5,4,2,11,16,7,6,2,31,12,70,82,113
03/25/2021,OAJ,NC,ASO,EN,Federal Contract Tower,17,5,4,1,27,0,7,2,2,11,17,12,6,3,38,0,24,24,62
03/26/2021,OAJ,NC,ASO,EN,Federal Contract Tower,23,0,3,0,26,0,6,5,6,17,23,6,8,6,43,0,14,14,57
03/27/2021,OAJ,NC,ASO,EN,Federal Contract Tower,16,1,5,0,22,0,2,9,0,11,16,3,14,0,33,4,0,4,37
03/28/2021,OAJ,NC,ASO,EN,Federal Contract Tower,19,0,5,0,24,0,0,2,0,2,19,0,7,0,26,0,0,0,26
03/29/2021,OAJ,NC,ASO,EN,Federal Contract Tower,19,2,9,0,30,0,1,18,0,19,19,3,27,0,49,6,0,6,55
03/30/2021,OAJ,NC,ASO,EN,Federal Contract Tower,16,3,3,0,22,0,5,7,3,15,16,8,10,3,37,4,18,22,59
03/31/2021,OAJ,NC,ASO,EN,Federal Contract Tower,18,3,0,2,23,0,1,1,3,5,18,4,1,5,28,0,42,42,70
04/01/2021,OAJ,NC,ASO,EN,Federal Contract Tower,18,5,3,0,26,0,5,5,1,11,18,10,8,1,37,22,0,22,59
04/02/2021,OAJ,NC,ASO,EN,Federal Contract Tower,20,0,7,0,27,0,5,10,0,15,20,5,17,0,42,2,0,2,44
04/03/2021,OAJ,NC,ASO,EN,Federal Contract Tower,18,1,2,1,22,0,7,9,1,17,18,8,11,2,39,0,0,0,39
04/04/2021,OAJ,NC,ASO,EN,Federal Contract Tower,18,0,5,0,23,0,3,14,1,18,18,3,19,1,41,0,0,0,41
04/05/2021,OAJ,NC,ASO,EN,Federal Contract Tower,18,3,2,1,24,0,9,10,3,22,18,12,12,4,46,4,24,28,74
04/06/2021,OAJ,NC,ASO,EN,Federal Contract Tower,16,2,1,2,21,0,11,11,2,24,16,13,12,4,45,6,28,34,79
04/07/2021,OAJ,NC,ASO,EN,Federal Contract Tower,20,3,2,0,25,0,6,8,2,16,20,9,10,2,41,32,26,58,99
04/08/2021,OAJ,NC,ASO,EN,Federal Contract Tower,19,3,3,10,35,0,3,15,3,21,19,6,18,13,56,0,12,12,68
04/09/2021,OAJ,NC,ASO,EN,Federal Contract Tower,20,0,4,3,27,0,7,11,0,18,20,7,15,3,45,22,0,22,67
04/10/2021,OAJ,NC,ASO,EN,Federal Contract Tower,17,0,2,1,20,0,7,11,0,18,17,7,13,1,38,22,0,22,60
04/11/2021,OAJ,NC,ASO,EN,Federal Contract Tower,19,1,2,2,24,0,6,7,0,13,19,7,9,2,37,26,0,26,63
04/12/2021,OAJ,NC,ASO,EN,Federal Contract Tower,19,2,2,2,25,0,2,7,2,11,19,4,9,4,36,2,20,22,58
04/13/2021,OAJ,NC,ASO,EN,Federal Contract Tower,19,3,3,4,29,0,9,4,4,17,19,12,7,8,46,18,56,74,120
04/14/2021,OAJ,NC,ASO,EN,Federal Contract Tower,19,3,2,2,26,0,10,18,2,30,19,13,20,4,56,8,30,38,94
04/15/2021,OAJ,NC,ASO,EN,Federal Contract Tower,17,3,6,2,28,0,5,10,2,17,17,8,16,4,45,34,4,38,83
04/16/2021,OAJ,NC,ASO,EN,Federal Contract Tower,19,0,6,1,26,0,2,13,14,29,19,2,19,15,55,0,24,24,79
04/17/2021,OAJ,NC,ASO,EN,Federal Contract Tower,17,0,7,0,24,0,10,5,0,15,17,10,12,0,39,0,0,0,39
04/18/2021,OAJ,NC,ASO,EN,Federal Contract Tower,17,3,11,0,31,0,6,6,0,12,17,9,17,0,43,16,0,16,59
04/19/2021,OAJ,NC,ASO,EN,Federal Contract Tower,17,4,0,2,23,0,12,4,2,18,17,16,4,4,41,16,0,16,57
04/20/2021,OAJ,NC,ASO,EN,Federal Contract Tower,17,2,2,2,23,0,2,4,4,10,17,4,6,6,33,0,8,8,41
04/21/2021,OAJ,NC,ASO,EN,Federal Contract Tower,19,3,5,6,33,0,8,3,4,15,19,11,8,10,48,0,20,20,68
04/22/2021,OAJ,NC,ASO,EN,Federal Contract Tower,20,4,3,0,27,0,4,3,4,11,20,8,6,4,38,0,10,10,48
04/23/2021,OAJ,NC,ASO,EN,Federal Contract Tower,19,0,3,2,24,0,5,16,6,27,19,5,19,8,51,8,32,40,91
04/24/2021,OAJ,NC,ASO,EN,Federal Contract Tower,16,0,5,0,21,0,1,6,0,7,16,1,11,0,28,16,0,16,44
04/25/2021,OAJ,NC,ASO,EN,Federal Contract Tower,17,2,6,2,27,0,4,6,2,12,17,6,12,4,39,20,14,34,73
04/26/2021,OAJ,NC,ASO,EN,Federal Contract Tower,18,8,0,0,26,0,13,4,2,19,18,21,4,2,45,40,18,58,103
04/27/2021,OAJ,NC,ASO,EN,Federal Contract Tower,16,2,7,2,27,0,4,9,3,16,16,6,16,5,43,28,26,54,97
04/28/2021,OAJ,NC,ASO,EN,Federal Contract Tower,18,2,3,0,23,0,9,21,2,32,18,11,24,2,55,56,18,74,129
04/29/2021,OAJ,NC,ASO,EN,Federal Contract Tower,17,4,2,2,25,0,8,0,10,18,17,12,2,12,43,6,60,66,109
04/30/2021,OAJ,NC,ASO,EN,Federal Contract Tower,18,0,1,4,23,0,5,6,4,15,18,5,7,8,38,0,38,38,76
05/01/2021,OAJ,NC,ASO,EN,Federal Contract Tower,17,0,3,2,22,0,9,0,0,9,17,9,3,2,31,0,0,0,31
05/02/2021,OAJ,NC,ASO,EN,Federal Contract Tower,16,0,6,0,22,0,5,9,0,14,16,5,15,0,36,0,0,0,36
05/03/2021,OAJ,NC,ASO,EN,Federal Contract Tower,16,2,2,1,21,0,3,0,1,4,16,5,2,2,25,0,24,24,49
05/04/2021,OAJ,NC,ASO,EN,Federal Contract Tower,12,2,2,2,18,0,6,6,3,15,12,8,8,5,33,0,20,20,53
05/05/2021,OAJ,NC,ASO,EN,Federal Contract Tower,18,2,1,0,21,0,3,0,4,7,18,5,1,4,28,0,16,16,44
05/06/2021,OAJ,NC,ASO,EN,Federal Contract Tower,15,4,3,1,23,0,7,6,5,18,15,11,9,6,41,2,18,20,61
05/07/2021,OAJ,NC,ASO,EN,Federal Contract Tower,14,0,0,6,20,0,2,2,5,9,14,2,2,11,29,8,26,34,63
05/08/2021,OAJ,NC,ASO,EN,Federal Contract Tower,11,0,6,2,19,0,3,4,8,15,11,3,10,10,34,10,22,32,66
05/09/2021,OAJ,NC,ASO,EN,Federal Contract Tower,16,0,6,6,28,0,3,22,4,29,16,3,28,10,57,2,8,10,67
05/10/2021,OAJ,NC,ASO,EN,Federal Contract Tower,14,2,5,0,21,0,2,0,4,6,14,4,5,4,27,0,24,24,51
05/11/2021,OAJ,NC,ASO,EN,Federal Contract Tower,14,2,4,6,26,0,10,0,8,18,14,12,4,14,44,4,32,36,80
05/12/2021,OAJ,NC,ASO,EN,Federal Contract Tower,20,2,2,0,24,0,0,0,0,0,20,2,2,0,24,0,0,0,24
05/13/2021,OAJ,NC,ASO,EN,Federal Contract Tower,15,2,2,6,25,0,6,4,8,18,15,8,6,14,43,28,26,54,97
05/14/2021,OAJ,NC,ASO,EN,Federal Contract Tower,15,2,11,1,29,0,2,18,0,20,15,4,29,1,49,20,0,20,69
05/15/2021,OAJ,NC,ASO,EN,Federal Contract Tower,11,0,13,0,24,0,6,8,0,14,11,6,21,0,38,0,0,0,38
05/16/2021,OAJ,NC,ASO,EN,Federal Contract Tower,13,2,6,0,21,0,8,11,0,19,13,10,17,0,40,0,0,0,40
05/17/2021,OAJ,NC,ASO,EN,Federal Contract Tower,15,2,6,1,24,0,2,3,3,8,15,4,9,4,32,6,6,12,44
05/18/2021,OAJ,NC,ASO,EN,Federal Contract Tower,14,2,3,0,19,0,15,2,3,20,14,17,5,3,39,0,44,44,83
05/19/2021,OAJ,NC,ASO,EN,Federal Contract Tower,19,4,2,0,25,0,7,9,5,21,19,11,11,5,46,0,16,16,62
05/20/2021,OAJ,NC,ASO,EN,Federal Contract Tower,21,2,2,0,25,0,7,13,6,26,21,9,15,6,51,2,0,2,53
05/21/2021,OAJ,NC,ASO,EN,Federal Contract Tower,15,0,4,0,19,0,4,4,4,12,15,4,8,4,31,0,18,18,49
05/22/2021,OAJ,NC,ASO,EN,Federal Contract Tower,12,1,3,0,16,0,16,9,0,25,12,17,12,0,41,10,0,10,51
05/23/2021,OAJ,NC,ASO,EN,Federal Contract Tower,14,0,1,0,15,0,11,7,0,18,14,11,8,0,33,0,0,0,33
05/24/2021,OAJ,NC,ASO,EN,Federal Contract Tower,17,2,0,0,19,0,8,4,0,12,17,10,4,0,31,0,22,22,53
05/25/2021,OAJ,NC,ASO,EN,Federal Contract Tower,15,3,3,2,23,0,2,5,6,13,15,5,8,8,36,0,54,54,90
05/26/2021,OAJ,NC,ASO,EN,Federal Contract Tower,15,2,2,0,19,0,6,3,5,14,15,8,5,5,33,0,72,72,105
05/27/2021,OAJ,NC,ASO,EN,Federal Contract Tower,14,4,3,0,21,0,10,8,6,24,14,14,11,6,45,2,22,24,69
05/28/2021,OAJ,NC,ASO,EN,Federal Contract Tower,15,0,1,0,16,0,3,1,2,6,15,3,2,2,22,0,36,36,58
05/29/2021,OAJ,NC,ASO,EN,Federal Contract Tower,11,0,0,0,11,0,9,1,0,10,11,9,1,0,21,4,0,4,25
05/30/2021,OAJ,NC,ASO,EN,Federal Contract Tower,14,1,0,0,15,0,2,0,0,2,14,3,0,0,17,0,0,0,17
05/31/2021,OAJ,NC,ASO,EN,Federal Contract Tower,15,0,6,0,21,0,9,7,0,16,15,9,13,0,37,0,0,0,37
06/01/2021,OAJ,NC,ASO,EN,Federal Contract Tower,13,2,3,2,20,0,6,12,4,22,13,8,15,6,42,6,78,84,126
06/02/2021,OAJ,NC,ASO,EN,Federal Contract Tower,18,2,0,0,20,0,14,0,1,15,18,16,0,1,35,0,18,18,53
06/03/2021,OAJ,NC,ASO,EN,Federal Contract Tower,14,4,1,0,19,0,0,0,0,0,14,4,1,0,19,0,0,0,19
06/04/2021,OAJ,NC,ASO,EN,Federal Contract Tower,14,1,3,0,18,0,6,1,6,13,14,7,4,6,31,0,0,0,31
06/05/2021,OAJ,NC,ASO,EN,Federal Contract Tower,11,0,0,0,11,0,4,5,0,9,11,4,5,0,20,6,0,6,26
06/06/2021,OAJ,NC,ASO,EN,Federal Contract Tower,12,2,0,0,14,0,2,2,0,4,12,4,2,0,18,0,0,0,18
06/07/2021,OAJ,NC,ASO,EN,Federal Contract Tower,11,2,0,0,13,0,10,0,8,18,11,12,0,8,31,2,86,88,119
06/08/2021,OAJ,NC,ASO,EN,Federal Contract Tower,14,2,5,0,21,0,2,4,0,6,14,4,9,0,27,0,36,36,63
06/09/2021,OAJ,NC,ASO,EN,Federal Contract Tower,12,2,5,0,19,0,2,0,3,5,12,4,5,3,24,0,52,52,76
06/10/2021,OAJ,NC,ASO,EN,Federal Contract Tower,13,3,1,0,17,0,4,3,2,9,13,7,4,2,26,0,8,8,34
06/11/2021,OAJ,NC,ASO,EN,Federal Contract Tower,13,0,0,2,15,0,5,10,0,15,13,5,10,2,30,6,14,20,50
06/12/2021,OAJ,NC,ASO,EN,Federal Contract Tower,10,0,2,3,15,0,0,0,5,5,10,0,2,8,20,0,16,16,36
06/13/2021,OAJ,NC,ASO,EN,Federal Contract Tower,14,2,2,0,18,0,1,7,0,8,14,3,9,0,26,0,0,0,26
06/14/2021,OAJ,NC,ASO,EN,Federal Contract Tower,13,7,3,0,23,0,9,8,4,21,13,16,11,4,44,2,20,22,66
06/15/2021,OAJ,NC,ASO,EN,Federal Contract Tower,14,3,2,0,19,0,4,7,8,19,14,7,9,8,38,0,52,52,90
06/16/2021,OAJ,NC,ASO,EN,Federal Contract Tower,14,2,8,0,24,0,5,16,2,23,14,7,24,2,47,0,28,28,75
06/17/2021,OAJ,NC,ASO,EN,Federal Contract Tower,13,2,5,1,21,0,11,8,3,22,13,13,13,4,43,0,0,0,43
06/18/2021,OAJ,NC,ASO,EN,Federal Contract Tower,14,0,9,0,23,0,10,8,3,21,14,10,17,3,44,0,0,0,44
06/19/2021,OAJ,NC,ASO,EN,Federal Contract Tower,11,0,0,0,11,0,6,8,0,14,11,6,8,0,25,0,0,0,25
06/20/2021,OAJ,NC,ASO,EN,Federal Contract Tower,13,0,1,0,14,0,2,0,4,6,13,2,1,4,20,0,0,0,20
06/21/2021,OAJ,NC,ASO,EN,Federal Contract Tower,14,4,6,0,24,0,7,0,4,11,14,11,6,4,35,0,28,28,63
06/22/2021,OAJ,NC,ASO,EN,Federal Contract Tower,13,3,0,0,16,0,1,0,6,7,13,4,0,6,23,0,40,40,63
06/23/2021,OAJ,NC,ASO,EN,Federal Contract Tower,12,3,7,0,22,0,4,5,4,13,12,7,12,4,35,0,58,58,93
06/24/2021,OAJ,NC,ASO,EN,Federal Contract Tower,13,2,3,1,19,0,3,15,9,27,13,5,18,10,46,6,44,50,96
06/25/2021,OAJ,NC,ASO,EN,Federal Contract Tower,13,0,7,0,20,0,6,4,8,18,13,6,11,8,38,52,24,76,114
06/26/2021,OAJ,NC,ASO,EN,Federal Contract Tower,11,0,3,0,14,0,8,6,0,14,11,8,9,0,28,0,0,0,28
06/27/2021,OAJ,NC,ASO,EN,Federal Contract Tower,13,2,7,0,22,0,6,11,0,17,13,8,18,0,39,0,0,0,39
06/28/2021,OAJ,NC,ASO,EN,Federal Contract Tower,13,2,5,6,26,0,5,5,0,10,13,7,10,6,36,0,0,0,36
06/29/2021,OAJ,NC,ASO,EN,Federal Contract Tower,13,3,3,0,19,0,3,9,3,15,13,6,12,3,34,34,18,52,86
06/30/2021,OAJ,NC,ASO,EN,Federal Contract Tower,13,4,5,0,22,0,3,0,7,10,13,7,5,7,32,0,36,36,68
07/01/2021,OAJ,NC,ASO,EN,Federal Contract Tower,12,2,3,3,20,0,5,5,9,19,12,7,8,12,39,4,40,44,83
07/02/2021,OAJ,NC,ASO,EN,Federal Contract Tower,12,0,7,1,20,0,0,1,5,6,12,0,8,6,26,0,32,32,58
07/03/2021,OAJ,NC,ASO,EN,Federal Contract Tower,12,0,4,0,16,0,5,10,0,15,12,5,14,0,31,8,0,8,39
07/04/2021,OAJ,NC,ASO,EN,Federal Contract Tower,7,0,4,0,11,0,2,3,0,5,7,2,7,0,16,4,0,4,20
07/05/2021,OAJ,NC,ASO,EN,Federal Contract Tower,13,0,0,1,14,0,4,15,1,20,13,4,15,2,34,8,0,8,42
07/06/2021,OAJ,NC,ASO,EN,Federal Contract Tower,14,5,2,2,23,0,9,6,0,15,14,14,8,2,38,30,0,30,68
07/07/2021,OAJ,NC,ASO,EN,Federal Contract Tower,13,2,0,4,19,0,10,0,3,13,13,12,0,7,32,10,22,32,64
07/08/2021,OAJ,NC,ASO,EN,Federal Contract Tower,11,2,0,1,14,0,0,0,0,0,11,2,0,1,14,0,0,0,14
07/09/2021,OAJ,NC,ASO,EN,Federal Contract Tower,11,2,2,1,16,0,4,13,8,25,11,6,15,9,41,16,50,66,107
07/10/2021,OAJ,NC,ASO,EN,Federal Contract Tower,10,0,8,0,18,0,11,12,2,25,10,11,20,2,43,0,0,0,43
07/11/2021,OAJ,NC,ASO,EN,Federal Contract Tower,13,4,2,0,19,0,6,1,0,7,13,10,3,0,26,0,0,0,26
07/12/2021,OAJ,NC,ASO,EN,Federal Contract Tower,13,2,2,0,17,0,3,0,4,7,13,5,2,4,24,0,22,22,46
07/13/2021,OAJ,NC,ASO,EN,Federal Contract Tower,13,2,3,0,18,0,8,6,13,27,13,10,9,13,45,2,58,60,105
07/14/2021,OAJ,NC,ASO,EN,Federal Contract Tower,13,4,2,0,19,0,9,8,4,21,13,13,10,4,40,0,42,42,82
07/15/2021,OAJ,NC,ASO,EN,Federal Contract Tower,12,2,2,2,18,0,3,1,5,9,12,5,3,7,27,0,76,76,103
07/16/2021,OAJ,NC,ASO,EN,Federal Contract Tower,13,1,0,0,14,0,8,8,7,23,13,9,8,7,37,6,44,50,87
07/17/2021,OAJ,NC,ASO,EN,Federal Contract Tower,11,0,4,0,15,0,6,11,0,17,11,6,15,0,32,6,0,6,38
07/18/2021,OAJ,NC,ASO,EN,Federal Contract Tower,13,0,1,0,14,0,2,4,0,6,13,2,5,0,20,0,0,0,20
07/19/2021,OAJ,NC,ASO,EN,Federal Contract Tower,12,2,1,0,15,0,0,0,4,4,12,2,1,4,19,0,0,0,19
07/20/2021,OAJ,NC,ASO,EN,Federal Contract Tower,12,3,1,0,16,0,5,0,2,7,12,8,1,2,23,0,12,12,35
07/21/2021,OAJ,NC,ASO,EN,Federal Contract Tower,16,2,5,0,23,0,2,0,2,4,16,4,5,2,27,0,30,30,57
07/22/2021,OAJ,NC,ASO,EN,Federal Contract Tower,14,3,1,2,20,0,7,7,4,18,14,10,8,6,38,8,60,68,106
07/23/2021,OAJ,NC,ASO,EN,Federal Contract Tower,13,0,2,0,15,0,5,12,4,21,13,5,14,4,36,0,22,22,58
07/24/2021,OAJ,NC,ASO,EN,Federal Contract Tower,11,2,2,0,15,0,4,14,0,18,11,6,16,0,33,0,0,0,33
07/25/2021,OAJ,NC,ASO,EN,Federal Contract Tower,12,0,4,0,16,0,10,10,0,20,12,10,14,0,36,6,0,6,42
07/26/2021,OAJ,NC,ASO,EN,Federal Contract Tower,12,2,2,0,16,0,7,2,0,9,12,9,4,0,25,0,0,0,25
07/27/2021,OAJ,NC,ASO,EN,Federal Contract Tower,13,2,2,0,17,0,6,0,6,12,13,8,2,6,29,0,42,42,71
07/28/2021,OAJ,NC,ASO,EN,Federal Contract Tower,11,2,9,0,22,0,7,2,2,11,11,9,11,2,33,0,0,0,33
07/29/2021,OAJ,NC,ASO,EN,Federal Contract Tower,12,2,5,0,19,0,2,10,7,19,12,4,15,7,38,14,52,66,104
07/30/2021,OAJ,NC,ASO,EN,Federal Contract Tower,13,0,7,0,20,0,9,7,3,19,13,9,14,3,39,4,12,16,55
07/31/2021,OAJ,NC,ASO,EN,Federal Contract Tower,11,7,2,2,22,0,1,2,0,3,11,8,4,2,25,22,0,22,47
08/01/2021,OAJ,NC,ASO,EN,Federal Contract Tower,12,1,10,0,23,0,2,2,0,4,12,3,12,0,27,0,0,0,27
08/02/2021,OAJ,NC,ASO,EN,Federal Contract Tower,13,3,9,0,25,0,1,1,0,2,13,4,10,0,27,0,26,26,53
08/03/2021,OAJ,NC,ASO,EN,Federal Contract Tower,12,2,0,0,14,0,0,0,4,4,12,2,0,4,18,0,20,20,38
08/04/2021,OAJ,NC,ASO,EN,Federal Contract Tower,12,9,9,2,32,0,2,0,0,2,12,11,9,2,34,0,0,0,34
08/05/2021,OAJ,NC,ASO,EN,Federal Contract Tower,13,2,4,0,19,0,4,2,10,16,13,6,6,10,35,16,74,90,125
08/06/2021,OAJ,NC,ASO,EN,Federal Contract Tower,13,1,3,0,17,0,0,4,4,8,13,1,7,4,25,0,18,18,43
08/07/2021,OAJ,NC,ASO,EN,Federal Contract Tower,10,1,3,0,14,0,0,0,6,6,10,1,3,6,20,0,26,26,46
08/08/2021,OAJ,NC,ASO,EN,Federal Contract Tower,12,3,10,0,25,0,2,31,6,39,12,5,41,6,64,8,0,8,72
08/09/2021,OAJ,NC,ASO,EN,Federal Contract Tower,12,2,3,0,17,0,6,13,4,23,12,8,16,4,40,0,0,0,40
08/10/2021,OAJ,NC,ASO,EN,Federal Contract Tower,13,3,1,0,17,0,3,20,4,27,13,6,21,4,44,106,74,180,224
08/11/2021,OAJ,NC,ASO,EN,Federal Contract Tower,12,3,1,4,20,0,10,13,4,27,12,13,14,8,47,10,22,32,79
08/12/2021,OAJ,NC,ASO,EN,Federal Contract Tower,12,3,0,0,15,0,8,8,4,20,12,11,8,4,35,12,24,36,71
08/13/2021,OAJ,NC,ASO,EN,Federal Contract Tower,12,0,1,6,19,0,6,10,5,21,12,6,11,11,40,10,24,34,74
08/14/2021,OAJ,NC,ASO,EN,Federal Contract Tower,9,1,1,0,11,0,4,12,5,21,9,5,13,5,32,0,0,0,32
08/15/2021,OAJ,NC,ASO,EN,Federal Contract Tower,13,2,4,0,19,0,2,4,3,9,13,4,8,3,28,4,0,4,32
08/16/2021,OAJ,NC,ASO,EN,Federal Contract Tower,12,2,0,2,16,0,12,2,4,18,12,14,2,6,34,0,24,24,58
08/17/2021,OAJ,NC,ASO,EN,Federal Contract Tower,12,2,3,0,17,0,5,14,10,29,12,7,17,10,46,0,38,38,84
08/18/2021,OAJ,NC,ASO,EN,Federal Contract Tower,14,5,2,2,23,0,4,14,0,18,14,9,16,2,41,0,34,34,75
08/19/2021,OAJ,NC,ASO,EN,Federal Contract Tower,13,6,2,0,21,0,0,16,2,18,13,6,18,2,39,2,0,2,41
08/20/2021,OAJ,NC,ASO,EN,Federal Contract Tower,13,0,3,4,20,0,2,0,1,3,13,2,3,5,23,0,0,0,23
08/21/2021,OAJ,NC,ASO,EN,Federal Contract Tower,10,2,1,2,15,0,3,4,0,7,10,5,5,2,22,10,0,10,32
08/22/2021,OAJ,NC,ASO,EN,Federal Contract Tower,13,0,4,2,19,0,3,9,0,12,13,3,13,2,31,24,0,24,55
08/23/2021,OAJ,NC,ASO,EN,Federal Contract Tower,12,3,5,0,20,0,4,0,0,4,12,7,5,0,24,0,8,8,32
08/24/2021,OAJ,NC,ASO,EN,Federal Contract Tower,12,3,2,0,17,0,7,8,3,18,12,10,10,3,35,10,46,56,91
08/25/2021,OAJ,NC,ASO,EN,Federal Contract Tower,11,4,4,0,19,0,1,9,2,12,11,5,13,2,31,0,26,26,57
08/26/2021,OAJ,NC,ASO,EN,Federal Contract Tower,13,2,8,2,25,0,1,5,2,8,13,3,13,4,33,0,24,24,57
08/27/2021,OAJ,NC,ASO,EN,Federal Contract Tower,12,0,0,2,14,0,6,14,9,29,12,6,14,11,43,8,40,48,91
08/28/2021,OAJ,NC,ASO,EN,Federal Contract Tower,10,0,1,0,11,0,6,17,4,27,10,6,18,4,38,28,0,28,66
08/29/2021,OAJ,NC,ASO,EN,Federal Contract Tower,13,0,5,0,18,0,0,10,0,10,13,0,15,0,28,2,0,2,30
08/30/2021,OAJ,NC,ASO,EN,Federal Contract Tower,11,2,0,0,13,0,3,1,2,6,11,5,1,2,19,0,0,0,19
08/31/2021,OAJ,NC,ASO,EN,Federal Contract Tower,12,2,2,0,16,0,4,7,8,19,12,6,9,8,35,10,40,50,85
09/01/2021,OAJ,NC,ASO,EN,Federal Contract Tower,9,2,1,2,14,0,1,1,4,6,9,3,2,6,20,2,34,36,56
09/02/2021,OAJ,NC,ASO,EN,Federal Contract Tower,12,12,4,0,28,0,2,7,6,15,12,14,11,6,43,0,24,24,67
09/03/2021,OAJ,NC,ASO,EN,Federal Contract Tower,14,1,6,0,21,0,9,11,0,20,14,10,17,0,41,12,0,12,53
09/04/2021,OAJ,NC,ASO,EN,Federal Contract Tower,11,4,0,0,15,0,3,6,0,9,11,7,6,0,24,20,0,20,44
09/05/2021,OAJ,NC,ASO,EN,Federal Contract Tower,10,0,0,0,10,0,7,4,0,11,10,7,4,0,21,0,0,0,21
09/06/2021,OAJ,NC,ASO,EN,Federal Contract Tower,11,0,2,0,13,0,5,2,0,7,11,5,4,0,20,0,0,0,20
09/07/2021,OAJ,NC,ASO,EN,Federal Contract Tower,12,3,4,6,25,0,5,5,0,10,12,8,9,6,35,0,12,12,47
09/08/2021,OAJ,NC,ASO,EN,Federal Contract Tower,10,6,2,4,22,0,8,6,4,18,10,14,8,8,40,8,2,10,50
09/09/2021,OAJ,NC,ASO,EN,Federal Contract Tower,12,4,0,3,19,0,2,1,10,13,12,6,1,13,32,0,40,40,72
09/10/2021,OAJ,NC,ASO,EN,Federal Contract Tower,13,0,2,1,16,0,8,5,3,16,13,8,7,4,32,32,0,32,64
09/11/2021,OAJ,NC,ASO,EN,Federal Contract Tower,12,4,4,0,20,0,7,6,9,22,12,11,10,9,42,6,0,6,48
09/12/2021,OAJ,NC,ASO,EN,Federal Contract Tower,14,0,2,0,16,0,5,12,8,25,14,5,14,8,41,34,0,34,75
09/13/2021,OAJ,NC,ASO,EN,Federal Contract Tower,12,5,1,0,18,0,6,13,1,20,12,11,14,1,38,0,0,0,38
09/14/2021,OAJ,NC,ASO,EN,Federal Contract Tower,11,2,4,0,17,0,2,12,2,16,11,4,16,2,33,34,12,46,79
09/15/2021,OAJ,NC,ASO,EN,Federal Contract Tower,12,4,4,0,20,0,3,1,6,10,12,7,5,6,30,0,42,42,72
09/16/2021,OAJ,NC,ASO,EN,Federal Contract Tower,14,3,1,0,18,0,13,2,8,23,14,16,3,8,41,6,50,56,97
09/17/2021,OAJ,NC,ASO,EN,Federal Contract Tower,13,2,4,3,22,0,2,0,0,2,13,4,4,3,24,0,0,0,24
09/18/2021,OAJ,NC,ASO,EN,Federal Contract Tower,11,0,1,5,17,0,2,6,0,8,11,2,7,5,25,20,0,20,45
09/19/2021,OAJ,NC,ASO,EN,Federal Contract Tower,15,0,5,0,20,0,6,7,0,13,15,6,12,0,33,28,0,28,61
09/20/2021,OAJ,NC,ASO,EN,Federal Contract Tower,11,2,4,2,19,0,0,7,0,7,11,2,11,2,26,2,4,6,32
09/21/2021,OAJ,NC,ASO,EN,Federal Contract Tower,10,4,3,0,17,0,4,1,0,5,10,8,4,0,22,8,0,8,30
09/22/2021,OAJ,NC,ASO,EN,Federal Contract Tower,11,3,1,2,17,0,1,1,2,4,11,4,2,4,21,0,34,34,55
09/23/2021,OAJ,NC,ASO,EN,Federal Contract Tower,17,2,6,1,26,0,2,0,1,3,17,4,6,2,29,0,0,0,29
09/24/2021,OAJ,NC,ASO,EN,Federal Contract Tower,15,0,5,1,21,0,4,10,5,19,15,4,15,6,40,0,4,4,44
09/25/2021,OAJ,NC,ASO,EN,Federal Contract Tower,10,0,9,0,19,0,6,14,18,38,10,6,23,18,57,6,0,6,63
09/26/2021,OAJ,NC,ASO,EN,Federal Contract Tower,12,0,2,0,14,0,3,2,14,19,12,3,4,14,33,2,0,2,35
09/27/2021,OAJ,NC,ASO,EN,Federal Contract Tower,13,2,5,4,24,0,3,9,0,12,13,5,14,4,36,22,0,22,58
09/28/2021,OAJ,NC,ASO,EN,Federal Contract Tower,11,2,2,5,20,0,5,6,14,25,11,7,8,19,45,12,92,104,149
09/29/2021,OAJ,NC,ASO,EN,Federal Contract Tower,11,2,3,0,16,0,5,5,2,12,11,7,8,2,28,0,0,0,28
09/30/2021,OAJ,NC,ASO,EN,Federal Contract Tower,12,2,1,1,16,0,4,5,2,11,12,6,6,3,27,50,0,50,77
10/01/2021,OAJ,NC,ASO,EN,Federal Contract Tower,13,3,9,0,25,0,8,5,8,21,13,11,14,8,46,2,56,58,104
10/02/2021,OAJ,NC,ASO,EN,Federal Contract Tower,12,1,3,0,16,0,3,15,2,20,12,4,18,2,36,18,0,18,54
10/03/2021,OAJ,NC,ASO,EN,Federal Contract Tower,12,2,4,0,18,0,2,4,0,6,12,4,8,0,24,10,0,10,34
10/04/2021,OAJ,NC,ASO,EN,Federal Contract Tower,13,2,0,0,15,0,5,3,4,12,13,7,3,4,27,10,12,22,49
10/05/2021,OAJ,NC,ASO,EN,Federal Contract Tower,11,6,11,0,28,0,6,4,7,17,11,12,15,7,45,2,40,42,87
10/06/2021,OAJ,NC,ASO,EN,Federal Contract Tower,10,2,0,2,14,0,5,1,3,9,10,7,1,5,23,0,42,42,65
10/07/2021,OAJ,NC,ASO,EN,Federal Contract Tower,17,3,3,0,23,0,2,0,4,6,17,5,3,4,29,0,0,0,29
10/08/2021,OAJ,NC,ASO,EN,Federal Contract Tower,14,3,16,0,33,0,4,0,0,4,14,7,16,0,37,0,0,0,37
10/09/2021,OAJ,NC,ASO,EN,Federal Contract Tower,10,0,3,4,17,0,2,0,0,2,10,2,3,4,19,0,0,0,19
10/10/2021,OAJ,NC,ASO,EN,Federal Contract Tower,12,0,3,1,16,0,3,0,0,3,12,3,3,1,19,0,0,0,19
10/11/2021,OAJ,NC,ASO,EN,Federal Contract Tower,12,3,7,0,22,0,3,0,0,3,12,6,7,0,25,0,0,0,25
10/12/2021,OAJ,NC,ASO,EN,Federal Contract Tower,13,2,3,0,18,0,0,2,1,3,13,2,5,1,21,0,0,0,21
10/13/2021,OAJ,NC,ASO,EN,Federal Contract Tower,13,3,3,4,23,0,0,8,2,10,13,3,11,6,33,4,6,10,43
10/14/2021,OAJ,NC,ASO,EN,Federal Contract Tower,12,2,3,0,17,0,1,4,6,11,12,3,7,6,28,10,22,32,60
10/15/2021,OAJ,NC,ASO,EN,Federal Contract Tower,16,0,3,2,21,0,8,11,4,23,16,8,14,6,44,2,12,14,58
10/16/2021,OAJ,NC,ASO,EN,Federal Contract Tower,10,0,0,0,10,0,8,2,0,10,10,8,2,0,20,6,0,6,26
10/17/2021,OAJ,NC,ASO,EN,Federal Contract Tower,15,0,3,0,18,0,8,4,0,12,15,8,7,0,30,0,0,0,30
10/18/2021,OAJ,NC,ASO,EN,Federal Contract Tower,12,2,5,2,21,0,6,5,0,11,12,8,10,2,32,0,0,0,32
10/19/2021,OAJ,NC,ASO,EN,Federal Contract Tower,12,3,3,4,22,0,3,2,6,11,12,6,5,10,33,0,12,12,45
10/20/2021,OAJ,NC,ASO,EN,Federal Contract Tower,18,2,2,0,22,0,6,10,2,18,18,8,12,2,40,14,14,28,68
10/21/2021,OAJ,NC,ASO,EN,Federal Contract Tower,14,3,8,2,27,0,11,2,0,13,14,14,10,2,40,4,0,4,44
10/22/2021,OAJ,NC,ASO,EN,Federal Contract Tower,17,0,0,1,18,0,5,2,3,10,17,5,2,4,28,4,28,32,60
10/23/2021,OAJ,NC,ASO,EN,Federal Contract Tower,12,1,5,0,18,0,7,5,0,12,12,8,10,0,30,0,0,0,30
10/24/2021,OAJ,NC,ASO,EN,Federal Contract Tower,13,0,4,4,21,0,1,2,2,5,13,1,6,6,26,0,22,22,48
10/25/2021,OAJ,NC,ASO,EN,Federal Contract Tower,15,2,5,0,22,0,2,0,0,2,15,4,5,0,24,0,0,0,24
10/26/2021,OAJ,NC,ASO,EN,Federal Contract Tower,12,5,4,2,23,0,2,2,4,8,12,7,6,6,31,0,26,26,57
10/27/2021,OAJ,NC,ASO,EN,Federal Contract Tower,15,2,3,0,20,0,6,10,2,18,15,8,13,2,38,8,22,30,68
10/28/2021,OAJ,NC,ASO,EN,Federal Contract Tower,14,4,3,5,26,0,5,0,7,12,14,9,3,12,38,24,58,82,120
10/29/2021,OAJ,NC,ASO,EN,Federal Contract Tower,13,1,0,0,14,0,3,0,2,5,13,4,0,2,19,0,20,20,39
10/30/2021,OAJ,NC,ASO,EN,Federal Contract Tower,10,0,3,0,13,0,7,2,4,13,10,7,5,4,26,0,0,0,26
10/31/2021,OAJ,NC,ASO,EN,Federal Contract Tower,11,0,5,0,16,0,5,3,0,8,11,5,8,0,24,0,0,0,24
11/01/2021,OAJ,NC,ASO,EN,Federal Contract Tower,13,2,0,0,15,0,4,8,2,14,13,6,8,2,29,4,2,6,35
11/02/2021,OAJ,NC,ASO,EN,Federal Contract Tower,12,2,0,2,16,0,7,6,4,17,12,9,6,6,33,0,40,40,73
11/03/2021,OAJ,NC,ASO,EN,Federal Contract Tower,13,2,0,0,15,0,4,2,14,20,13,6,2,14,35,0,70,70,105
11/04/2021,OAJ,NC,ASO,EN,Federal Contract Tower,11,2,3,4,20,0,10,0,12,22,11,12,3,16,42,0,72,72,114
11/05/2021,OAJ,NC,ASO,EN,Federal Contract Tower,12,3,2,2,19,0,12,2,4,18,12,15,4,6,37,6,18,24,61
11/06/2021,OAJ,NC,ASO,EN,Federal Contract Tower,11,3,1,0,15,0,0,2,0,2,11,3,3,0,17,0,0,0,17
11/07/2021,OAJ,NC,ASO,EN,Federal Contract Tower,10,2,10,0,22,0,9,2,0,11,10,11,12,0,33,0,0,0,33
11/08/2021,OAJ,NC,ASO,EN,Federal Contract Tower,12,2,3,0,17,0,2,2,0,4,12,4,5,0,21,6,0,6,27
11/09/2021,OAJ,NC,ASO,EN,Federal Contract Tower,12,4,11,3,30,0,6,9,0,15,12,10,20,3,45,6,0,6,51
11/10/2021,OAJ,NC,ASO,EN,Federal Contract Tower,10,2,4,2,18,0,7,8,2,17,10,9,12,4,35,0,16,16,51
11/11/2021,OAJ,NC,ASO,EN,Federal Contract Tower,11,4,6,8,29,0,6,2,2,10,11,10,8,10,39,0,0,0,39
11/12/2021,OAJ,NC,ASO,EN,Federal Contract Tower,10,0,8,0,18,0,2,5,0,7,10,2,13,0,25,0,0,0,25
11/13/2021,OAJ,NC,ASO,EN,Federal Contract Tower,10,0,10,0,20,0,3,12,0,15,10,3,22,0,35,0,0,0,35
11/14/2021,OAJ,NC,ASO,EN,Federal Contract Tower,11,0,4,0,15,0,2,16,0,18,11,2,20,0,33,26,0,26,59
11/15/2021,OAJ,NC,ASO,EN,Federal Contract Tower,12,2,2,0,16,0,8,8,0,16,12,10,10,0,32,18,0,18,50
11/16/2021,OAJ,NC,ASO,EN,Federal Contract Tower,15,2,1,0,18,0,6,8,0,14,15,8,9,0,32,0,14,14,46
11/17/2021,OAJ,NC,ASO,EN,Federal Contract Tower,14,2,1,0,17,0,6,0,5,11,14,8,1,5,28,2,66,68,96
11/18/2021,OAJ,NC,ASO,EN,Federal Contract Tower,12,2,1,0,15,0,10,5,2,17,12,12,6,2,32,6,0,6,38
11/19/2021,OAJ,NC,ASO,EN,Federal Contract Tower,12,0,1,0,13,0,4,7,1,12,12,4,8,1,25,6,10,16,41
11/20/2021,OAJ,NC,ASO,EN,Federal Contract Tower,9,0,2,0,11,0,14,5,6,25,9,14,7,6,36,0,32,32,68
11/21/2021,OAJ,NC,ASO,EN,Federal Contract Tower,15,0,8,0,23,0,6,9,0,15,15,6,17,0,38,4,0,4,42
11/22/2021,OAJ,NC,ASO,EN,Federal Contract Tower,11,2,7,0,20,0,0,0,1,1,11,2,7,1,21,0,12,12,33
11/23/2021,OAJ,NC,ASO,EN,Federal Contract Tower,13,1,2,4,20,0,7,4,7,18,13,8,6,11,38,6,42,48,86
11/24/2021,OAJ,NC,ASO,EN,Federal Contract Tower,15,2,16,0,33,0,5,6,0,11,15,7,22,0,44,0,38,38,82
11/25/2021,OAJ,NC,ASO,EN,Federal Contract Tower,7,0,0,0,7,0,2,4,0,6,7,2,4,0,13,0,0,0,13
11/26/2021,OAJ,NC,ASO,EN,Federal Contract Tower,11,0,4,0,15,0,2,2,0,4,11,2,6,0,19,0,0,0,19
11/27/2021,OAJ,NC,ASO,EN,Federal Contract Tower,16,2,2,0,20,0,4,7,0,11,16,6,9,0,31,0,0,0,31
11/28/2021,OAJ,NC,ASO,EN,Federal Contract Tower,13,0,5,0,18,0,6,13,0,19,13,6,18,0,37,0,0,0,37
11/29/2021,OAJ,NC,ASO,EN,Federal Contract Tower,14,1,1,3,19,0,9,2,0,11,14,10,3,3,30,0,0,0,30
11/30/2021,OAJ,NC,ASO,EN,Federal Contract Tower,13,0,3,4,20,0,2,4,10,16,13,2,7,14,36,6,26,32,68
12/01/2021,OAJ,NC,ASO,EN,Federal Contract Tower,14,3,2,0,19,0,4,5,3,12,14,7,7,3,31,0,42,42,73
12/02/2021,OAJ,NC,ASO,EN,Federal Contract Tower,12,0,2,0,14,0,4,5,10,19,12,4,7,10,33,0,22,22,55
12/03/2021,OAJ,NC,ASO,EN,Federal Contract Tower,12,0,5,0,17,0,6,7,2,15,12,6,12,2,32,0,0,0,32
12/04/2021,OAJ,NC,ASO,EN,Federal Contract Tower,9,0,2,0,11,0,5,5,0,10,9,5,7,0,21,0,0,0,21
12/05/2021,OAJ,NC,ASO,EN,Federal Contract Tower,12,2,2,4,20,0,11,7,2,20,12,13,9,6,40,14,14,28,68
12/06/2021,OAJ,NC,ASO,EN,Federal Contract Tower,11,1,1,0,13,0,12,7,0,19,11,13,8,0,32,2,0,2,34
12/07/2021,OAJ,NC,ASO,EN,Federal Contract Tower,12,1,3,0,16,0,6,2,4,12,12,7,5,4,28,0,42,42,70
12/08/2021,OAJ,NC,ASO,EN,Federal Contract Tower,13,2,0,0,15,0,0,0,0,0,13,2,0,0,15,0,0,0,15
12/09/2021,OAJ,NC,ASO,EN,Federal Contract Tower,13,2,7,5,27,0,3,3,8,14,13,5,10,13,41,0,68,68,109
12/10/2021,OAJ,NC,ASO,EN,Federal Contract Tower,14,1,9,0,24,0,3,4,8,15,14,4,13,8,39,6,56,62,101
12/11/2021,OAJ,NC,ASO,EN,Federal Contract Tower,14,2,0,0,16,0,0,1,4,5,14,2,1,4,21,0,0,0,21
12/12/2021,OAJ,NC,ASO,EN,Federal Contract Tower,14,0,1,0,15,0,3,9,6,18,14,3,10,6,33,22,0,22,55
12/13/2021,OAJ,NC,ASO,EN,Federal Contract Tower,12,0,3,0,15,0,2,18,6,26,12,2,21,6,41,2,14,16,57
12/14/2021,OAJ,NC,ASO,EN,Federal Contract Tower,13,2,4,5,24,0,12,5,8,25,13,14,9,13,49,0,52,52,101
12/15/2021,OAJ,NC,ASO,EN,Federal Contract Tower,12,3,3,2,20,0,0,6,5,11,12,3,9,7,31,0,22,22,53
12/16/2021,OAJ,NC,ASO,EN,Federal Contract Tower,12,0,4,0,16,0,1,7,4,12,12,1,11,4,28,4,20,24,52
12/17/2021,OAJ,NC,ASO,EN,Federal Contract Tower,13,0,6,0,19,0,5,4,0,9,13,5,10,0,28,8,0,8,36
12/18/2021,OAJ,NC,ASO,EN,Federal Contract Tower,13,0,1,0,14,0,3,0,0,3,13,3,1,0,17,6,0,6,23
12/19/2021,OAJ,NC,ASO,EN,Federal Contract Tower,14,0,3,0,17,0,0,0,0,0,14,0,3,0,17,0,0,0,17
12/20/2021,OAJ,NC,ASO,EN,Federal Contract Tower,14,0,3,0,17,0,4,13,1,18,14,4,16,1,35,14,0,14,49
12/21/2021,OAJ,NC,ASO,EN,Federal Contract Tower,12,1,3,0,16,0,2,0,4,6,12,3,3,4,22,0,24,24,46
12/22/2021,OAJ,NC,ASO,EN,Federal Contract Tower,14,4,2,2,22,0,7,8,0,15,14,11,10,2,37,24,4,28,65
12/23/2021,OAJ,NC,ASO,EN,Federal Contract Tower,11,0,7,0,18,0,8,15,4,27,11,8,22,4,45,2,34,36,81
12/24/2021,OAJ,NC,ASO,EN,Federal Contract Tower,9,0,0,0,9,0,4,6,0,10,9,4,6,0,19,4,0,4,23
12/25/2021,OAJ,NC,ASO,EN,Federal Contract Tower,11,0,0,0,11,0,5,2,0,7,11,5,2,0,18,0,0,0,18
12/26/2021,OAJ,NC,ASO,EN,Federal Contract Tower,13,0,1,0,14,0,7,7,0,14,13,7,8,0,28,4,0,4,32
12/27/2021,OAJ,NC,ASO,EN,Federal Contract Tower,14,0,6,0,20,0,4,7,0,11,14,4,13,0,31,12,0,12,43
12/28/2021,OAJ,NC,ASO,EN,Federal Contract Tower,13,2,8,0,23,0,4,2,2,8,13,6,10,2,31,8,0,8,39
12/29/2021,OAJ,NC,ASO,EN,Federal Contract Tower,14,3,1,0,18,0,6,4,6,16,14,9,5,6,34,2,18,20,54
12/30/2021,OAJ,NC,ASO,EN,Federal Contract Tower,12,0,9,0,21,0,4,2,4,10,12,4,11,4,31,0,16,16,47
12/31/2021,OAJ,NC,ASO,EN,Federal Contract Tower,8,0,4,0,12,0,2,6,0,8,8,2,10,0,20,8,0,8,28
01/01/2022,OAJ,NC,ASO,EN,Federal Contract Tower,11,1,0,0,12,0,7,0,0,7,11,8,0,0,19,0,0,0,19
01/02/2022,OAJ,NC,ASO,EN,Federal Contract Tower,13,0,5,0,18,0,4,5,0,9,13,4,10,0,27,0,0,0,27
01/03/2022,OAJ,NC,ASO,EN,Federal Contract Tower,12,2,2,0,16,0,2,0,0,2,12,4,2,0,18,0,0,0,18
01/04/2022,OAJ,NC,ASO,EN,Federal Contract Tower,8,2,7,0,17,0,7,7,0,14,8,9,14,0,31,24,0,24,55
01/05/2022,OAJ,NC,ASO,EN,Federal Contract Tower,14,3,1,2,20,0,0,0,0,0,14,3,1,2,20,0,0,0,20
01/06/2022,OAJ,NC,ASO,EN,Federal Contract Tower,12,2,10,0,24,0,6,10,6,22,12,8,20,6,46,0,30,30,76
01/07/2022,OAJ,NC,ASO,EN,Federal Contract Tower,12,0,0,0,12,0,8,10,12,30,12,8,10,12,42,18,90,108,150
01/08/2022,OAJ,NC,ASO,EN,Federal Contract Tower,7,0,6,0,13,0,5,2,0,7,7,5,8,0,20,0,0,0,20
01/09/2022,OAJ,NC,ASO,EN,Federal Contract Tower,11,0,2,0,13,0,0,10,0,10,11,0,12,0,23,0,0,0,23
01/10/2022,OAJ,NC,ASO,EN,Federal Contract Tower,11,4,1,0,16,0,6,1,0,7,11,10,2,0,23,0,0,0,23
01/11/2022,OAJ,NC,ASO,EN,Federal Contract Tower,11,2,2,2,17,0,0,4,2,6,11,2,6,4,23,8,42,50,73
01/12/2022,OAJ,NC,ASO,EN,Federal Contract Tower,14,4,1,2,21,0,3,3,4,10,14,7,4,6,31,0,34,34,65
01/13/2022,OAJ,NC,ASO,EN,Federal Contract Tower,13,2,3,2,20,0,2,4,0,6,13,4,7,2,26,2,8,10,36
01/14/2022,OAJ,NC,ASO,EN,Federal Contract Tower,12,4,3,1,20,0,2,11,6,19,12,6,14,7,39,8,2,10,49
01/15/2022,OAJ,NC,ASO,EN,Federal Contract Tower,7,0,0,0,7,0,4,13,0,17,7,4,13,0,24,2,0,2,26
01/16/2022,OAJ,NC,ASO,EN,Federal Contract Tower,3,0,0,0,3,0,0,0,0,0,3,0,0,0,3,0,0,0,3
01/17/2022,OAJ,NC,ASO,EN,Federal Contract Tower,7,2,0,0,9,0,3,0,4,7,7,5,0,4,16,0,0,0,16
01/18/2022,OAJ,NC,ASO,EN,Federal Contract Tower,11,4,4,0,19,0,7,11,4,22,11,11,15,4,41,11,40,51,92
01/19/2022,OAJ,NC,ASO,EN,Federal Contract Tower,12,2,1,0,15,0,4,12,3,19,12,6,13,3,34,8,46,54,88
01/20/2022,OAJ,NC,ASO,EN,Federal Contract Tower,12,0,0,0,12,0,2,4,3,9,12,2,4,3,21,6,44,50,71
01/21/2022,OAJ,NC,ASO,EN,Federal Contract Tower,2,0,2,0,4,0,0,0,0,0,2,0,2,0,4,0,0,0,4
01/22/2022,OAJ,NC,ASO,EN,Federal Contract Tower,0,0,0,0,0,0,0,0,0,0,0,0,0,0,0,2,0,2,2
01/23/2022,OAJ,NC,ASO,EN,Federal Contract Tower,12,0,1,2,15,0,6,9,0,15,12,6,10,2,30,14,0,14,44
01/24/2022,OAJ,NC,ASO,EN,Federal Contract Tower,12,2,0,0,14,0,3,7,0,10,12,5,7,0,24,12,0,12,36
01/25/2022,OAJ,NC,ASO,EN,Federal Contract Tower,11,3,2,6,22,0,5,6,2,13,11,8,8,8,35,2,8,10,45
01/26/2022,OAJ,NC,ASO,EN,Federal Contract Tower,12,2,4,5,23,0,4,6,2,12,12,6,10,7,35,6,20,26,61
01/27/2022,OAJ,NC,ASO,EN,Federal Contract Tower,12,2,5,0,19,0,0,13,7,20,12,2,18,7,39,6,22,28,67
01/28/2022,OAJ,NC,ASO,EN,Federal Contract Tower,11,0,1,0,12,0,4,4,6,14,11,4,5,6,26,0,30,30,56
01/29/2022,OAJ,NC,ASO,EN,Federal Contract Tower,8,0,0,0,8,0,2,1,0,3,8,2,1,0,11,0,0,0,11
01/30/2022,OAJ,NC,ASO,EN,Federal Contract Tower,11,2,5,0,18,0,4,17,0,21,11,6,22,0,39,0,0,0,39
01/31/2022,OAJ,NC,ASO,EN,Federal Contract Tower,11,0,3,0,14,0,4,9,0,13,11,4,12,0,27,8,0,8,35
02/01/2022,OAJ,NC,ASO,EN,Federal Contract Tower,11,2,1,0,14,0,7,14,4,25,11,9,15,4,39,18,18,36,75
02/02/2022,OAJ,NC,ASO,EN,Federal Contract Tower,10,2,0,0,12,0,1,4,4,9,10,3,4,4,21,0,36,36,57
02/03/2022,OAJ,NC,ASO,EN,Federal Contract Tower,14,2,0,3,19,0,7,1,5,13,14,9,1,8,32,0,44,44,76
02/04/2022,OAJ,NC,ASO,EN,Federal Contract Tower,11,0,2,0,13,0,2,0,13,15,11,2,2,13,28,0,150,150,178
02/05/2022,OAJ,NC,ASO,EN,Federal Contract Tower,7,0,5,0,12,0,5,7,12,24,7,5,12,12,36,4,30,34,70
02/06/2022,OAJ,NC,ASO,EN,Federal Contract Tower,12,0,8,0,20,0,6,7,2,15,12,6,15,2,35,8,4,12,47
02/07/2022,OAJ,NC,ASO,EN,Federal Contract Tower,12,2,4,2,20,0,0,0,0,0,12,2,4,2,20,0,0,0,20
02/08/2022,OAJ,NC,ASO,EN,Federal Contract Tower,11,3,4,0,18,0,1,0,3,4,11,4,4,3,22,0,28,28,50
02/09/2022,OAJ,NC,ASO,EN,Federal Contract Tower,10,4,2,2,18,0,2,7,0,9,10,6,9,2,27,4,6,10,37
02/10/2022,OAJ,NC,ASO,EN,Federal Contract Tower,12,4,1,0,17,0,5,5,9,19,12,9,6,9,36,2,42,44,80
02/11/2022,OAJ,NC,ASO,EN,Federal Contract Tower,12,0,5,0,17,0,5,16,8,29,12,5,21,8,46,4,48,52,98
02/12/2022,OAJ,NC,ASO,EN,Federal Contract Tower,6,0,0,0,6,0,5,8,0,13,6,5,8,0,19,2,0,2,21
02/13/2022,OAJ,NC,ASO,EN,Federal Contract Tower,7,0,2,0,9,0,0,0,0,0,7,0,2,0,9,0,0,0,9
02/14/2022,OAJ,NC,ASO,EN,Federal Contract Tower,9,2,2,0,13,0,5,6,0,11,9,7,8,0,24,24,0,24,48
02/15/2022,OAJ,NC,ASO,EN,Federal Contract Tower,11,4,6,4,25,0,2,5,4,11,11,6,11,8,36,0,22,22,58
02/16/2022,OAJ,NC,ASO,EN,Federal Contract Tower,9,2,8,8,27,0,3,8,1,12,9,5,16,9,39,22,10,32,71
02/17/2022,OAJ,NC,ASO,EN,Federal Contract Tower,12,0,4,4,20,0,6,3,6,15,12,6,7,10,35,8,46,54,89
02/18/2022,OAJ,NC,ASO,EN,Federal Contract Tower,12,0,2,0,14,0,2,1,0,3,12,2,3,0,17,0,0,0,17
02/19/2022,OAJ,NC,ASO,EN,Federal Contract Tower,7,4,3,1,15,0,2,5,1,8,7,6,8,2,23,0,0,0,23
02/20/2022,OAJ,NC,ASO,EN,Federal Contract Tower,10,0,4,0,14,0,4,6,0,10,10,4,10,0,24,14,0,14,38
02/21/2022,OAJ,NC,ASO,EN,Federal Contract Tower,12,2,5,0,19,0,4,9,0,13,12,6,14,0,32,8,0,8,40
02/22/2022,OAJ,NC,ASO,EN,Federal Contract Tower,10,3,2,0,15,0,6,1,2,9,10,9,3,2,24,0,0,0,24
02/23/2022,OAJ,NC,ASO,EN,Federal Contract Tower,14,3,4,2,23,0,7,5,2,14,14,10,9,4,37,0,20,20,57
02/24/2022,OAJ,NC,ASO,EN,Federal Contract Tower,12,8,5,4,29,0,3,0,8,11,12,11,5,12,40,0,64,64,104
02/25/2022,OAJ,NC,ASO,EN,Federal Contract Tower,10,0,2,0,12,0,9,20,2,31,10,9,22,2,43,8,22,30,73
02/26/2022,OAJ,NC,ASO,EN,Federal Contract Tower,7,0,3,0,10,0,1,0,0,1,7,1,3,0,11,0,0,0,11
02/27/2022,OAJ,NC,ASO,EN,Federal Contract Tower,12,1,1,0,14,0,0,0,0,0,12,1,1,0,14,0,0,0,14
02/28/2022,OAJ,NC,ASO,EN,Federal Contract Tower,12,4,1,0,17,0,4,13,2,19,12,8,14,2,36,0,0,0,36
03/01/2022,OAJ,NC,ASO,EN,Federal Contract Tower,11,2,3,2,18,0,4,5,3,12,11,6,8,5,30,2,24,26,56
03/02/2022,OAJ,NC,ASO,EN,Federal Contract Tower,10,2,3,0,15,0,2,11,7,20,10,4,14,7,35,6,70,76,111
03/03/2022,OAJ,NC,ASO,EN,Federal Contract Tower,13,2,3,0,18,0,4,8,6,18,13,6,11,6,36,32,36,68,104
03/04/2022,OAJ,NC,ASO,EN,Federal Contract Tower,12,2,9,0,23,0,5,5,4,14,12,7,14,4,37,0,24,24,61
03/05/2022,OAJ,NC,ASO,EN,Federal Contract Tower,10,0,10,0,20,0,8,3,0,11,10,8,13,0,31,6,0,6,37
03/06/2022,OAJ,NC,ASO,EN,Federal Contract Tower,14,0,0,0,14,0,7,15,0,22,14,7,15,0,36,0,0,0,36
03/07/2022,OAJ,NC,ASO,EN,Federal Contract Tower,12,2,3,0,17,0,6,0,2,8,12,8,3,2,25,0,16,16,41
03/08/2022,OAJ,NC,ASO,EN,Federal Contract Tower,12,4,3,2,21,0,9,4,6,19,12,13,7,8,40,6,40,46,86
03/09/2022,OAJ,NC,ASO,EN,Federal Contract Tower,10,0,1,6,17,0,0,1,3,4,10,0,2,9,21,0,26,26,47
03/10/2022,OAJ,NC,ASO,EN,Federal Contract Tower,10,2,0,2,14,0,0,0,0,0,10,2,0,2,14,0,0,0,14
03/11/2022,OAJ,NC,ASO,EN,Federal Contract Tower,14,5,0,0,19,0,1,0,0,1,14,6,0,0,20,0,0,0,20
03/12/2022,OAJ,NC,ASO,EN,Federal Contract Tower,11,0,2,0,13,0,1,0,0,1,11,1,2,0,14,0,0,0,14
03/13/2022,OAJ,NC,ASO,EN,Federal Contract Tower,13,0,9,0,22,0,3,15,0,18,13,3,24,0,40,10,0,10,50
03/14/2022,OAJ,NC,ASO,EN,Federal Contract Tower,14,7,0,0,21,0,3,13,4,20,14,10,13,4,41,16,4,20,61
03/15/2022,OAJ,NC,ASO,EN,Federal Contract Tower,10,2,5,0,17,0,3,11,1,15,10,5,16,1,32,40,4,44,76
03/16/2022,OAJ,NC,ASO,EN,Federal Contract Tower,7,3,6,0,16,0,6,1,1,8,7,9,7,1,24,0,24,24,48
03/17/2022,OAJ,NC,ASO,EN,Federal Contract Tower,12,2,3,4,21,0,3,7,0,10,12,5,10,4,31,6,20,26,57
03/18/2022,OAJ,NC,ASO,EN,Federal Contract Tower,18,0,8,2,28,0,7,8,8,23,18,7,16,10,51,14,10,24,75
03/19/2022,OAJ,NC,ASO,EN,Federal Contract Tower,12,0,2,0,14,0,4,2,0,6,12,4,4,0,20,0,0,0,20
03/20/2022,OAJ,NC,ASO,EN,Federal Contract Tower,14,2,4,0,20,0,4,2,0,6,14,6,6,0,26,0,0,0,26
03/21/2022,OAJ,NC,ASO,EN,Federal Contract Tower,14,2,4,0,20,0,5,5,2,12,14,7,9,2,32,2,6,8,40
03/22/2022,OAJ,NC,ASO,EN,Federal Contract Tower,12,3,0,0,15,0,5,12,4,21,12,8,12,4,36,6,10,16,52
03/23/2022,OAJ,NC,ASO,EN,Federal Contract Tower,10,5,0,0,15,0,2,3,0,5,10,7,3,0,20,0,0,0,20
03/24/2022,OAJ,NC,ASO,EN,Federal Contract Tower,14,5,0,0,19,0,0,0,2,2,14,5,0,2,21,0,10,10,31
03/25/2022,OAJ,NC,ASO,EN,Federal Contract Tower,16,2,12,0,30,0,5,1,2,8,16,7,13,2,38,0,0,0,38
03/26/2022,OAJ,NC,ASO,EN,Federal Contract Tower,12,2,3,0,17,0,4,4,0,8,12,6,7,0,25,2,0,2,27
03/27/2022,OAJ,NC,ASO,EN,Federal Contract Tower,14,2,0,0,16,0,1,11,0,12,14,3,11,0,28,0,0,0,28
03/28/2022,OAJ,NC,ASO,EN,Federal Contract Tower,14,4,6,0,24,0,2,8,0,10,14,6,14,0,34,0,0,0,34
03/29/2022,OAJ,NC,ASO,EN,Federal Contract Tower,14,2,0,0,16,0,8,10,3,21,14,10,10,3,37,12,18,30,67
03/30/2022,OAJ,NC,ASO,EN,Federal Contract Tower,10,8,1,0,19,0,15,4,2,21,10,23,5,2,40,0,28,28,68
03/31/2022,OAJ,NC,ASO,EN,Federal Contract Tower,16,0,0,0,16,0,4,1,6,11,16,4,1,6,27,0,30,30,57
04/01/2022,OAJ,NC,ASO,EN,Federal Contract Tower,12,4,2,0,18,0,10,4,0,14,12,14,6,0,32,4,0,4,36
04/02/2022,OAJ,NC,ASO,EN,Federal Contract Tower,12,0,2,0,14,0,5,13,0,18,12,5,15,0,32,8,0,8,40
04/03/2022,OAJ,NC,ASO,EN,Federal Contract Tower,14,0,0,0,14,0,5,3,0,8,14,5,3,0,22,0,0,0,22
04/04/2022,OAJ,NC,ASO,EN,Federal Contract Tower,14,2,2,2,20,0,8,4,3,15,14,10,6,5,35,2,60,62,97
04/05/2022,OAJ,NC,ASO,EN,Federal Contract Tower,11,0,0,0,11,0,10,0,5,15,11,10,0,5,26,2,72,74,100
04/06/2022,OAJ,NC,ASO,EN,Federal Contract Tower,10,2,2,0,14,0,10,4,3,17,10,12,6,3,31,6,54,60,91
04/07/2022,OAJ,NC,ASO,EN,Federal Contract Tower,11,2,1,2,16,0,8,0,6,14,11,10,1,8,30,0,42,42,72
04/08/2022,OAJ,NC,ASO,EN,Federal Contract Tower,13,2,5,4,24,0,4,9,6,19,13,6,14,10,43,32,20,52,95
04/09/2022,OAJ,NC,ASO,EN,Federal Contract Tower,10,0,6,0,16,0,6,4,0,10,10,6,10,0,26,0,0,0,26
04/10/2022,OAJ,NC,ASO,EN,Federal Contract Tower,12,0,2,0,14,0,6,5,2,13,12,6,7,2,27,0,0,0,27
04/11/2022,OAJ,NC,ASO,EN,Federal Contract Tower,10,2,0,0,12,0,6,10,0,16,10,8,10,0,28,26,28,54,82
04/12/2022,OAJ,NC,ASO,EN,Federal Contract Tower,11,2,6,4,23,0,19,0,1,20,11,21,6,5,43,10,10,20,63
04/13/2022,OAJ,NC,ASO,EN,Federal Contract Tower,11,2,0,2,15,0,6,16,5,27,11,8,16,7,42,4,6,10,52
04/14/2022,OAJ,NC,ASO,EN,Federal Contract Tower,11,2,2,0,15,0,10,4,4,18,11,12,6,4,33,0,12,12,45
04/15/2022,OAJ,NC,ASO,EN,Federal Contract Tower,11,2,3,1,17,0,8,12,3,23,11,10,15,4,40,12,0,12,52
04/16/2022,OAJ,NC,ASO,EN,Federal Contract Tower,8,0,7,0,15,0,5,8,0,13,8,5,15,0,28,4,0,4,32
04/17/2022,OAJ,NC,ASO,EN,Federal Contract Tower,10,3,0,0,13,0,5,9,0,14,10,8,9,0,27,0,0,0,27
04/18/2022,OAJ,NC,ASO,EN,Federal Contract Tower,10,2,6,0,18,0,0,0,0,0,10,2,6,0,18,0,0,0,18
04/19/2022,OAJ,NC,ASO,EN,Federal Contract Tower,12,2,5,8,27,0,11,7,10,28,12,13,12,18,55,14,88,102,157
04/20/2022,OAJ,NC,ASO,EN,Federal Contract Tower,11,5,0,0,16,0,16,16,10,42,11,21,16,10,58,16,102,118,176
04/21/2022,OAJ,NC,ASO,EN,Federal Contract Tower,14,2,2,3,21,0,6,11,11,28,14,8,13,14,49,30,50,80,129
04/22/2022,OAJ,NC,ASO,EN,Federal Contract Tower,11,0,5,2,18,0,8,12,1,21,11,8,17,3,39,8,6,14,53
04/23/2022,OAJ,NC,ASO,EN,Federal Contract Tower,9,0,4,0,13,0,6,10,0,16,9,6,14,0,29,0,0,0,29
04/24/2022,OAJ,NC,ASO,EN,Federal Contract Tower,11,0,4,0,15,0,8,16,0,24,11,8,20,0,39,0,0,0,39
04/25/2022,OAJ,NC,ASO,EN,Federal Contract Tower,11,2,2,0,15,0,3,9,7,19,11,5,11,7,34,0,50,50,84
04/26/2022,OAJ,NC,ASO,EN,Federal Contract Tower,12,0,2,2,16,0,4,7,0,11,12,4,9,2,27,2,0,2,29
04/27/2022,OAJ,NC,ASO,EN,Federal Contract Tower,10,2,2,4,18,0,2,20,6,28,10,4,22,10,46,0,24,24,70
04/28/2022,OAJ,NC,ASO,EN,Federal Contract Tower,11,4,6,0,21,0,10,6,12,28,11,14,12,12,49,34,16,50,99
04/29/2022,OAJ,NC,ASO,EN,Federal Contract Tower,11,0,14,4,29,0,5,2,0,7,11,5,16,4,36,0,0,0,36
04/30/2022,OAJ,NC,ASO,EN,Federal Contract Tower,9,2,0,2,13,0,4,8,0,12,9,6,8,2,25,8,0,8,33
05/01/2022,OAJ,NC,ASO,EN,Federal Contract Tower,12,1,3,0,16,0,10,17,0,27,12,11,20,0,43,0,0,0,43
05/02/2022,OAJ,NC,ASO,EN,Federal Contract Tower,13,2,0,2,17,0,7,4,0,11,13,9,4,2,28,0,0,0,28
05/03/2022,OAJ,NC,ASO,EN,Federal Contract Tower,11,3,0,0,14,0,2,6,3,11,11,5,6,3,25,10,20,30,55
05/04/2022,OAJ,NC,ASO,EN,Federal Contract Tower,13,5,8,2,28,0,13,12,6,31,13,18,20,8,59,0,18,18,77
05/05/2022,OAJ,NC,ASO,EN,Federal Contract Tower,15,4,11,0,30,0,1,2,2,5,15,5,13,2,35,0,32,32,67
05/06/2022,OAJ,NC,ASO,EN,Federal Contract Tower,10,0,7,2,19,0,6,4,8,18,10,6,11,10,37,0,84,84,121
05/07/2022,OAJ,NC,ASO,EN,Federal Contract Tower,7,2,1,0,10,0,5,1,0,6,7,7,2,0,16,0,0,0,16
05/08/2022,OAJ,NC,ASO,EN,Federal Contract Tower,13,6,1,0,20,0,2,3,0,5,13,8,4,0,25,0,0,0,25
05/09/2022,OAJ,NC,ASO,EN,Federal Contract Tower,10,4,11,0,25,0,8,6,6,20,10,12,17,6,45,4,8,12,57
05/10/2022,OAJ,NC,ASO,EN,Federal Contract Tower,9,2,5,0,16,0,11,2,8,21,9,13,7,8,37,0,12,12,49
05/11/2022,OAJ,NC,ASO,EN,Federal Contract Tower,10,4,4,5,23,0,6,3,9,18,10,10,7,14,41,0,14,14,55
05/12/2022,OAJ,NC,ASO,EN,Federal Contract Tower,12,5,3,0,20,0,3,0,2,5,12,8,3,2,25,0,14,14,39
05/13/2022,OAJ,NC,ASO,EN,Federal Contract Tower,12,4,5,0,21,0,3,0,1,4,12,7,5,1,25,4,20,24,49
05/14/2022,OAJ,NC,ASO,EN,Federal Contract Tower,9,1,0,2,12,0,2,0,0,2,9,3,0,2,14,0,0,0,14
05/15/2022,OAJ,NC,ASO,EN,Federal Contract Tower,12,4,4,0,20,0,9,5,2,16,12,13,9,2,36,0,0,0,36
05/16/2022,OAJ,NC,ASO,EN,Federal Contract Tower,12,2,2,0,16,0,5,3,6,14,12,7,5,6,30,0,20,20,50
05/17/2022,OAJ,NC,ASO,EN,Federal Contract Tower,10,2,3,2,17,0,5,11,5,21,10,7,14,7,38,6,28,34,72
05/18/2022,OAJ,NC,ASO,EN,Federal Contract Tower,14,5,2,0,21,0,10,16,3,29,14,15,18,3,50,24,59,83,133
05/19/2022,OAJ,NC,ASO,EN,Federal Contract Tower,13,2,3,6,24,0,15,10,6,31,13,17,13,12,55,8,124,132,187
05/20/2022,OAJ,NC,ASO,EN,Federal Contract Tower,12,0,5,1,18,0,9,6,11,26,12,9,11,12,44,0,118,118,162
05/21/2022,OAJ,NC,ASO,EN,Federal Contract Tower,8,0,0,2,10,0,4,6,6,16,8,4,6,8,26,0,0,0,26
05/22/2022,OAJ,NC,ASO,EN,Federal Contract Tower,12,0,2,0,14,0,8,12,9,29,12,8,14,9,43,10,28,38,81
05/23/2022,OAJ,NC,ASO,EN,Federal Contract Tower,10,6,3,0,19,0,1,3,8,12,10,7,6,8,31,12,10,22,53
05/24/2022,OAJ,NC,ASO,EN,Federal Contract Tower,11,2,1,0,14,0,7,3,2,12,11,9,4,2,26,0,0,0,26
05/25/2022,OAJ,NC,ASO,EN,Federal Contract Tower,10,2,6,1,19,0,4,0,1,5,10,6,6,2,24,2,16,18,42
05/26/2022,OAJ,NC,ASO,EN,Federal Contract Tower,10,2,2,7,21,0,1,19,1,21,10,3,21,8,42,2,52,54,96
05/27/2022,OAJ,NC,ASO,EN,Federal Contract Tower,13,0,3,1,17,0,5,4,1,10,13,5,7,2,27,0,0,0,27
05/28/2022,OAJ,NC,ASO,EN,Federal Contract Tower,9,0,4,0,13,0,1,8,0,9,9,1,12,0,22,10,0,10,32
05/29/2022,OAJ,NC,ASO,EN,Federal Contract Tower,9,0,4,2,15,0,2,9,0,11,9,2,13,2,26,0,0,0,26
05/30/2022,OAJ,NC,ASO,EN,Federal Contract Tower,13,0,1,0,14,0,7,7,6,20,13,7,8,6,34,6,0,6,40
05/31/2022,OAJ,NC,ASO,EN,Federal Contract Tower,10,6,1,3,20,0,3,6,7,16,10,9,7,10,36,0,62,62,98
06/01/2022,OAJ,NC,ASO,EN,Federal Contract Tower,12,2,1,0,15,0,3,3,3,9,12,5,4,3,24,0,10,10,34
06/02/2022,OAJ,NC,ASO,EN,Federal Contract Tower,12,3,0,5,20,0,3,9,6,18,12,6,9,11,38,12,66,78,116
06/03/2022,OAJ,NC,ASO,EN,Federal Contract Tower,15,0,2,0,17,0,2,3,10,15,15,2,5,10,32,6,0,6,38
06/04/2022,OAJ,NC,ASO,EN,Federal Contract Tower,13,0,3,0,16,0,5,9,4,18,13,5,12,4,34,0,6,6,40
06/05/2022,OAJ,NC,ASO,EN,Federal Contract Tower,13,0,4,0,17,0,5,8,2,15,13,5,12,2,32,0,0,0,32
06/06/2022,OAJ,NC,ASO,EN,Federal Contract Tower,14,2,3,0,19,0,4,5,12,21,14,6,8,12,40,20,0,20,60
06/07/2022,OAJ,NC,ASO,EN,Federal Contract Tower,16,2,2,1,21,0,5,4,10,19,16,7,6,11,40,0,46,46,86
06/08/2022,OAJ,NC,ASO,EN,Federal Contract Tower,13,0,0,2,15,0,2,6,8,16,13,2,6,10,31,0,18,18,49
06/09/2022,OAJ,NC,ASO,EN,Federal Contract Tower,15,2,2,0,19,0,4,8,2,14,15,6,10,2,33,0,0,0,33
06/10/2022,OAJ,NC,ASO,EN,Federal Contract Tower,15,2,8,2,27,0,6,8,0,14,15,8,16,2,41,10,20,30,71
06/11/2022,OAJ,NC,ASO,EN,Federal Contract Tower,11,0,4,0,15,0,3,6,2,11,11,3,10,2,26,4,0,4,30
06/12/2022,OAJ,NC,ASO,EN,Federal Contract Tower,14,0,4,0,18,0,2,0,0,2,14,2,4,0,20,0,0,0,20
06/13/2022,OAJ,NC,ASO,EN,Federal Contract Tower,14,5,1,0,20,0,5,0,0,5,14,10,1,0,25,0,0,0,25
06/14/2022,OAJ,NC,ASO,EN,Federal Contract Tower,14,2,2,0,18,0,6,3,0,9,14,8,5,0,27,0,0,0,27
06/15/2022,OAJ,NC,ASO,EN,Federal Contract Tower,13,2,3,6,24,0,7,16,3,26,13,9,19,9,50,2,20,22,72
06/16/2022,OAJ,NC,ASO,EN,Federal Contract Tower,13,4,2,0,19,0,0,0,2,2,13,4,2,2,21,0,8,8,29
06/17/2022,OAJ,NC,ASO,EN,Federal Contract Tower,11,0,2,3,16,0,4,9,1,14,11,4,11,4,30,10,20,30,60
06/18/2022,OAJ,NC,ASO,EN,Federal Contract Tower,9,0,8,0,17,0,4,9,0,13,9,4,17,0,30,16,0,16,46
06/19/2022,OAJ,NC,ASO,EN,Federal Contract Tower,14,3,1,0,18,0,3,7,0,10,14,6,8,0,28,4,0,4,32
06/20/2022,OAJ,NC,ASO,EN,Federal Contract Tower,14,2,4,0,20,0,5,8,0,13,14,7,12,0,33,0,0,0,33
06/21/2022,OAJ,NC,ASO,EN,Federal Contract Tower,14,2,3,2,21,0,9,13,5,27,14,11,16,7,48,18,30,48,96
06/22/2022,OAJ,NC,ASO,EN,Federal Contract Tower,13,2,3,2,20,0,7,10,6,23,13,9,13,8,43,22,8,30,73
06/23/2022,OAJ,NC,ASO,EN,Federal Contract Tower,14,5,6,0,25,0,8,5,5,18,14,13,11,5,43,0,24,24,67
06/24/2022,OAJ,NC,ASO,EN,Federal Contract Tower,14,1,5,1,21,0,8,17,1,26,14,9,22,2,47,6,0,6,53
06/25/2022,OAJ,NC,ASO,EN,Federal Contract Tower,11,0,5,2,18,0,6,12,0,18,11,6,17,2,36,22,0,22,58
06/26/2022,OAJ,NC,ASO,EN,Federal Contract Tower,16,5,21,0,42,0,6,13,0,19,16,11,34,0,61,2,0,2,63
06/27/2022,OAJ,NC,ASO,EN,Federal Contract Tower,12,2,2,0,16,0,2,2,0,4,12,4,4,0,20,0,0,0,20
06/28/2022,OAJ,NC,ASO,EN,Federal Contract Tower,14,3,3,0,20,0,4,4,2,10,14,7,7,2,30,6,12,18,48
06/29/2022,OAJ,NC,ASO,EN,Federal Contract Tower,14,4,9,2,29,0,8,5,2,15,14,12,14,4,44,24,26,50,94
06/30/2022,OAJ,NC,ASO,EN,Federal Contract Tower,16,2,3,0,21,0,4,12,8,24,16,6,15,8,45,12,58,70,115
07/01/2022,OAJ,NC,ASO,EN,Federal Contract Tower,13,2,2,0,17,0,6,5,2,13,13,8,7,2,30,0,0,0,30
07/02/2022,OAJ,NC,ASO,EN,Federal Contract Tower,12,1,4,0,17,0,3,2,0,5,12,4,6,0,22,0,0,0,22
07/03/2022,OAJ,NC,ASO,EN,Federal Contract Tower,8,0,3,0,11,0,5,1,0,6,8,5,4,0,17,0,0,0,17
07/04/2022,OAJ,NC,ASO,EN,Federal Contract Tower,12,1,3,0,16,0,4,4,0,8,12,5,7,0,24,0,0,0,24
07/05/2022,OAJ,NC,ASO,EN,Federal Contract Tower,12,2,5,0,19,0,3,5,4,12,12,5,10,4,31,0,0,0,31
07/06/2022,OAJ,NC,ASO,EN,Federal Contract Tower,9,2,2,3,16,0,9,10,1,20,9,11,12,4,36,0,0,0,36
07/07/2022,OAJ,NC,ASO,EN,Federal Contract Tower,11,3,0,2,16,0,2,0,3,5,11,5,0,5,21,0,6,6,27
07/08/2022,OAJ,NC,ASO,EN,Federal Contract Tower,11,0,2,0,13,0,0,6,0,6,11,0,8,0,19,0,0,0,19
07/09/2022,OAJ,NC,ASO,EN,Federal Contract Tower,10,0,6,0,16,0,2,3,0,5,10,2,9,0,21,2,0,2,23
07/10/2022,OAJ,NC,ASO,EN,Federal Contract Tower,10,3,1,0,14,0,0,0,0,0,10,3,1,0,14,0,0,0,14
07/11/2022,OAJ,NC,ASO,EN,Federal Contract Tower,14,2,9,0,25,0,8,1,0,9,14,10,10,0,34,0,0,0,34
07/12/2022,OAJ,NC,ASO,EN,Federal Contract Tower,12,2,9,0,23,0,4,2,1,7,12,6,11,1,30,10,2,12,42
07/13/2022,OAJ,NC,ASO,EN,Federal Contract Tower,10,5,2,1,18,0,15,2,2,19,10,20,4,3,37,10,20,30,67
07/14/2022,OAJ,NC,ASO,EN,Federal Contract Tower,16,2,5,2,25,0,2,1,4,7,16,4,6,6,32,0,14,14,46
07/15/2022,OAJ,NC,ASO,EN,Federal Contract Tower,13,0,3,1,17,0,0,0,1,1,13,0,3,2,18,0,0,0,18
07/16/2022,OAJ,NC,ASO,EN,Federal Contract Tower,11,0,9,0,20,0,0,8,2,10,11,0,17,2,30,0,10,10,40
07/17/2022,OAJ,NC,ASO,EN,Federal Contract Tower,14,2,7,0,23,0,6,4,0,10,14,8,11,0,33,0,0,0,33
07/18/2022,OAJ,NC,ASO,EN,Federal Contract Tower,14,3,2,0,19,0,5,2,4,11,14,8,4,4,30,0,0,0,30
07/19/2022,OAJ,NC,ASO,EN,Federal Contract Tower,11,4,5,2,22,0,8,0,4,12,11,12,5,6,34,0,20,20,54
07/20/2022,OAJ,NC,ASO,EN,Federal Contract Tower,11,5,0,2,18,0,12,8,6,26,11,17,8,8,44,0,42,42,86
07/21/2022,OAJ,NC,ASO,EN,Federal Contract Tower,13,4,9,2,28,0,5,11,5,21,13,9,20,7,49,14,24,38,87
07/22/2022,OAJ,NC,ASO,EN,Federal Contract Tower,14,0,11,4,29,0,9,6,4,19,14,9,17,8,48,32,20,52,100
07/23/2022,OAJ,NC,ASO,EN,Federal Contract Tower,12,2,8,0,22,0,9,18,6,33,12,11,26,6,55,12,0,12,67
07/24/2022,OAJ,NC,ASO,EN,Federal Contract Tower,14,0,5,0,19,0,4,0,2,6,14,4,5,2,25,0,0,0,25
07/25/2022,OAJ,NC,ASO,EN,Federal Contract Tower,13,2,3,4,22,0,5,6,0,11,13,7,9,4,33,14,0,14,47
07/26/2022,OAJ,NC,ASO,EN,Federal Contract Tower,11,1,1,0,13,0,2,7,0,9,11,3,8,0,22,0,8,8,30
07/27/2022,OAJ,NC,ASO,EN,Federal Contract Tower,12,3,0,11,26,0,12,4,5,21,12,15,4,16,47,0,34,34,81
07/28/2022,OAJ,NC,ASO,EN,Federal Contract Tower,14,2,1,3,20,0,8,5,9,22,14,10,6,12,42,30,40,70,112
07/29/2022,OAJ,NC,ASO,EN,Federal Contract Tower,14,0,3,0,17,0,6,0,4,10,14,6,3,4,27,0,44,44,71
07/30/2022,OAJ,NC,ASO,EN,Federal Contract Tower,10,0,4,0,14,0,2,5,1,8,10,2,9,1,22,0,0,0,22
07/31/2022,OAJ,NC,ASO,EN,Federal Contract Tower,18,1,0,2,21,0,3,4,6,13,18,4,4,8,34,16,0,16,50
08/01/2022,OAJ,NC,ASO,EN,Federal Contract Tower,14,2,0,0,16,0,7,2,0,9,14,9,2,0,25,16,0,16,41
08/02/2022,OAJ,NC,ASO,EN,Federal Contract Tower,11,5,5,3,24,0,13,18,6,37,11,18,23,9,61,136,8,144,205
08/03/2022,OAJ,NC,ASO,EN,Federal Contract Tower,12,2,3,5,22,0,4,5,14,23,12,6,8,19,45,0,126,126,171
08/04/2022,OAJ,NC,ASO,EN,Federal Contract Tower,12,2,8,0,22,0,5,7,0,12,12,7,15,0,34,4,0,4,38
08/05/2022,OAJ,NC,ASO,EN,Federal Contract Tower,12,0,5,0,17,0,4,11,7,22,12,4,16,7,39,0,32,32,71
08/06/2022,OAJ,NC,ASO,EN,Federal Contract Tower,9,0,3,0,12,0,2,11,0,13,9,2,14,0,25,14,0,14,39
08/07/2022,OAJ,NC,ASO,EN,Federal Contract Tower,12,2,6,0,20,0,4,14,0,18,12,6,20,0,38,12,0,12,50
08/08/2022,OAJ,NC,ASO,EN,Federal Contract Tower,15,3,0,0,18,0,5,5,4,14,15,8,5,4,32,10,46,56,88
08/09/2022,OAJ,NC,ASO,EN,Federal Contract Tower,13,2,2,1,18,0,13,7,2,22,13,15,9,3,40,0,24,24,64
08/10/2022,OAJ,NC,ASO,EN,Federal Contract Tower,13,2,4,0,19,0,7,83,6,96,13,9,87,6,115,12,34,46,161
08/11/2022,OAJ,NC,ASO,EN,Federal Contract Tower,14,2,2,2,20,0,7,4,6,17,14,9,6,8,37,6,48,54,91
08/12/2022,OAJ,NC,ASO,EN,Federal Contract Tower,13,2,4,1,20,0,1,0,0,1,13,3,4,1,21,0,0,0,21
08/13/2022,OAJ,NC,ASO,EN,Federal Contract Tower,11,2,0,0,13,0,11,4,0,15,11,13,4,0,28,2,0,2,30
08/14/2022,OAJ,NC,ASO,EN,Federal Contract Tower,14,1,6,1,22,0,36,9,0,45,14,37,15,1,67,10,0,10,77
08/15/2022,OAJ,NC,ASO,EN,Federal Contract Tower,14,2,1,1,18,0,18,5,4,27,14,20,6,5,45,0,12,12,57
08/16/2022,OAJ,NC,ASO,EN,Federal Contract Tower,10,2,1,0,13,0,6,2,6,14,10,8,3,6,27,0,38,38,65
08/17/2022,OAJ,NC,ASO,EN,Federal Contract Tower,12,2,1,3,18,0,5,12,7,24,12,7,13,10,42,10,50,60,102
08/18/2022,OAJ,NC,ASO,EN,Federal Contract Tower,10,2,3,2,17,0,34,17,11,62,10,36,20,13,79,26,64,90,169
08/19/2022,OAJ,NC,ASO,EN,Federal Contract Tower,10,0,6,0,16,0,2,3,1,6,10,2,9,1,22,0,0,0,22
08/20/2022,OAJ,NC,ASO,EN,Federal Contract Tower,11,0,1,2,14,0,5,3,0,8,11,5,4,2,22,12,0,12,34
08/21/2022,OAJ,NC,ASO,EN,Federal Contract Tower,11,0,1,0,12,0,7,0,0,7,11,7,1,0,19,0,0,0,19
08/22/2022,OAJ,NC,ASO,EN,Federal Contract Tower,10,4,0,0,14,0,8,0,0,8,10,12,0,0,22,0,0,0,22
08/23/2022,OAJ,NC,ASO,EN,Federal Contract Tower,10,4,6,2,22,0,4,3,8,15,10,8,9,10,37,16,48,64,101
08/24/2022,OAJ,NC,ASO,EN,Federal Contract Tower,10,2,6,6,24,0,4,8,12,24,10,6,14,18,48,0,86,86,134
08/25/2022,OAJ,NC,ASO,EN,Federal Contract Tower,10,2,3,2,17,0,4,4,14,22,10,6,7,16,39,2,36,38,77
08/26/2022,OAJ,NC,ASO,EN,Federal Contract Tower,10,0,1,1,12,0,1,2,6,9,10,1,3,7,21,0,10,10,31
08/27/2022,OAJ,NC,ASO,EN,Federal Contract Tower,10,0,1,1,12,0,4,7,7,18,10,4,8,8,30,14,2,16,46
08/28/2022,OAJ,NC,ASO,EN,Federal Contract Tower,12,0,10,0,22,0,3,8,0,11,12,3,18,0,33,8,0,8,41
08/29/2022,OAJ,NC,ASO,EN,Federal Contract Tower,11,2,10,2,25,0,2,2,1,5,11,4,12,3,30,0,16,16,46
08/30/2022,OAJ,NC,ASO,EN,Federal Contract Tower,10,2,2,0,14,0,7,1,2,10,10,9,3,2,24,0,20,20,44
08/31/2022,OAJ,NC,ASO,EN,Federal Contract Tower,13,2,6,2,23,0,4,5,2,11,13,6,11,4,34,14,20,34,68
09/01/2022,OAJ,NC,ASO,EN,Federal Contract Tower,12,2,3,0,17,0,6,8,0,14,12,8,11,0,31,20,0,20,51
09/02/2022,OAJ,NC,ASO,EN,Federal Contract Tower,12,0,12,0,24,0,7,10,2,19,12,7,22,2,43,0,12,12,55
09/03/2022,OAJ,NC,ASO,EN,Federal Contract Tower,11,1,0,2,14,0,2,1,0,3,11,3,1,2,17,0,0,0,17
09/04/2022,OAJ,NC,ASO,EN,Federal Contract Tower,7,4,2,0,13,0,4,8,0,12,7,8,10,0,25,12,0,12,37
09/05/2022,OAJ,NC,ASO,EN,Federal Contract Tower,12,0,1,0,13,0,4,4,0,8,12,4,5,0,21,0,4,4,25
09/06/2022,OAJ,NC,ASO,EN,Federal Contract Tower,10,3,0,0,13,0,9,4,0,13,10,12,4,0,26,0,0,0,26
09/07/2022,OAJ,NC,ASO,EN,Federal Contract Tower,8,3,4,0,15,0,7,0,4,11,8,10,4,4,26,10,24,34,60
09/08/2022,OAJ,NC,ASO,EN,Federal Contract Tower,10,10,4,4,28,0,7,4,4,15,10,17,8,8,43,0,12,12,55
09/09/2022,OAJ,NC,ASO,EN,Federal Contract Tower,10,3,7,2,22,0,9,9,1,19,10,12,16,3,41,18,0,18,59
09/10/2022,OAJ,NC,ASO,EN,Federal Contract Tower,8,0,2,0,10,0,0,0,4,4,8,0,2,4,14,0,0,0,14
09/11/2022,OAJ,NC,ASO,EN,Federal Contract Tower,14,4,2,0,20,0,0,2,1,3,14,4,4,1,23,0,0,0,23
09/12/2022,OAJ,NC,ASO,EN,Federal Contract Tower,11,2,0,0,13,0,2,3,2,7,11,4,3,2,20,22,4,26,46
09/13/2022,OAJ,NC,ASO,EN,Federal Contract Tower,9,2,0,0,11,0,3,4,4,11,9,5,4,4,22,12,20,32,54
09/14/2022,OAJ,NC,ASO,EN,Federal Contract Tower,9,2,9,2,22,0,10,12,0,22,9,12,21,2,44,16,0,16,60
09/15/2022,OAJ,NC,ASO,EN,Federal Contract Tower,10,2,9,1,22,0,3,2,2,7,10,5,11,3,29,0,10,10,39
09/16/2022,OAJ,NC,ASO,EN,Federal Contract Tower,11,0,3,0,14,0,5,4,2,11,11,5,7,2,25,14,2,16,41
09/17/2022,OAJ,NC,ASO,EN,Federal Contract Tower,8,0,2,0,10,0,2,2,0,4,8,2,4,0,14,0,0,0,14
09/18/2022,OAJ,NC,ASO,EN,Federal Contract Tower,11,1,5,0,17,0,11,3,0,14,11,12,8,0,31,0,0,0,31
09/19/2022,OAJ,NC,ASO,EN,Federal Contract Tower,14,3,11,3,31,0,6,2,2,10,14,9,13,5,41,8,0,8,49
09/20/2022,OAJ,NC,ASO,EN,Federal Contract Tower,9,4,3,5,21,0,10,11,6,27,9,14,14,11,48,0,48,48,96
09/21/2022,OAJ,NC,ASO,EN,Federal Contract Tower,9,4,1,3,17,0,6,6,4,16,9,10,7,7,33,0,34,34,67
09/22/2022,OAJ,NC,ASO,EN,Federal Contract Tower,11,2,3,3,19,0,2,2,14,18,11,4,5,17,37,0,68,68,105
09/23/2022,OAJ,NC,ASO,EN,Federal Contract Tower,11,0,2,0,13,0,5,3,2,10,11,5,5,2,23,10,10,20,43
09/24/2022,OAJ,NC,ASO,EN,Federal Contract Tower,8,0,0,0,8,0,4,12,0,16,8,4,12,0,24,18,0,18,42
09/25/2022,OAJ,NC,ASO,EN,Federal Contract Tower,11,1,7,0,19,0,8,11,0,19,11,9,18,0,38,10,0,10,48
09/26/2022,OAJ,NC,ASO,EN,Federal Contract Tower,12,2,1,0,15,0,20,6,7,33,12,22,7,7,48,14,26,40,88
09/27/2022,OAJ,NC,ASO,EN,Federal Contract Tower,9,2,6,0,17,0,7,5,6,18,9,9,11,6,35,0,30,30,65
09/28/2022,OAJ,NC,ASO,EN,Federal Contract Tower,9,2,3,2,16,0,12,15,10,37,9,14,18,12,53,28,34,62,115
09/29/2022,OAJ,NC,ASO,EN,Federal Contract Tower,12,0,2,5,19,0,3,0,3,6,12,3,2,8,25,0,10,10,35
09/30/2022,OAJ,NC,ASO,EN,Federal Contract Tower,1,0,0,0,1,0,0,0,0,0,1,0,0,0,1,0,0,0,1
10/01/2022,OAJ,NC,ASO,EN,Federal Contract Tower,8,0,3,0,11,0,4,1,0,5,8,4,4,0,16,6,0,6,22
10/02/2022,OAJ,NC,ASO,EN,Federal Contract Tower,13,2,1,0,16,0,5,7,0,12,13,7,8,0,28,10,0,10,38
10/03/2022,OAJ,NC,ASO,EN,Federal Contract Tower,11,3,5,0,19,0,7,1,3,11,11,10,6,3,30,0,22,22,52
10/04/2022,OAJ,NC,ASO,EN,Federal Contract Tower,8,2,4,2,16,0,8,7,6,21,8,10,11,8,37,0,58,58,95
10/05/2022,OAJ,NC,ASO,EN,Federal Contract Tower,9,2,8,4,23,0,8,4,12,24,9,10,12,16,47,8,116,124,171
10/06/2022,OAJ,NC,ASO,EN,Federal Contract Tower,14,2,7,0,23,0,7,3,14,24,14,9,10,14,47,0,64,64,111
10/07/2022,OAJ,NC,ASO,EN,Federal Contract Tower,12,0,4,3,19,0,7,14,3,24,12,7,18,6,43,4,60,64,107
10/08/2022,OAJ,NC,ASO,EN,Federal Contract Tower,10,0,2,0,12,0,3,9,0,12,10,3,11,0,24,12,0,12,36
10/09/2022,OAJ,NC,ASO,EN,Federal Contract Tower,14,3,5,0,22,0,3,15,0,18,14,6,20,0,40,8,0,8,48
10/10/2022,OAJ,NC,ASO,EN,Federal Contract Tower,12,2,2,0,16,0,11,1,0,12,12,13,3,0,28,0,0,0,28
10/11/2022,OAJ,NC,ASO,EN,Federal Contract Tower,8,2,1,2,13,0,7,6,6,19,8,9,7,8,32,16,68,84,116
10/12/2022,OAJ,NC,ASO,EN,Federal Contract Tower,7,4,6,4,21,0,7,14,4,25,7,11,20,8,46,16,42,58,104
10/13/2022,OAJ,NC,ASO,EN,Federal Contract Tower,12,2,3,0,17,0,2,0,4,6,12,4,3,4,23,0,30,30,53
10/14/2022,OAJ,NC,ASO,EN,Federal Contract Tower,15,1,4,0,20,0,5,2,0,7,15,6,6,0,27,6,0,6,33
10/15/2022,OAJ,NC,ASO,EN,Federal Contract Tower,10,0,0,0,10,2,5,5,0,12,12,5,5,0,22,6,0,6,28
10/16/2022,OAJ,NC,ASO,EN,Federal Contract Tower,12,0,4,0,16,0,8,4,0,12,12,8,8,0,28,0,0,0,28
10/17/2022,OAJ,NC,ASO,EN,Federal Contract Tower,12,2,3,0,17,0,4,2,0,6,12,6,5,0,23,0,0,0,23
10/18/2022,OAJ,NC,ASO,EN,Federal Contract Tower,8,4,2,4,18,0,7,12,0,19,8,11,14,4,37,12,0,12,49
10/19/2022,OAJ,NC,ASO,EN,Federal Contract Tower,11,2,4,2,19,0,6,7,2,15,11,8,11,4,34,0,36,36,70
10/20/2022,OAJ,NC,ASO,EN,Federal Contract Tower,17,2,1,0,20,0,3,9,8,20,17,5,10,8,40,0,24,24,64
10/21/2022,OAJ,NC,ASO,EN,Federal Contract Tower,12,0,4,0,16,0,5,9,4,18,12,5,13,4,34,14,46,60,94
10/22/2022,OAJ,NC,ASO,EN,Federal Contract Tower,10,0,4,1,15,0,9,11,1,21,10,9,15,2,36,10,0,10,46
10/23/2022,OAJ,NC,ASO,EN,Federal Contract Tower,12,0,8,1,21,0,2,2,1,5,12,2,10,2,26,10,0,10,36
10/24/2022,OAJ,NC,ASO,EN,Federal Contract Tower,10,2,0,2,14,0,4,5,1,10,10,6,5,3,24,16,18,34,58
10/25/2022,OAJ,NC,ASO,EN,Federal Contract Tower,8,2,1,3,14,0,2,4,1,7,8,4,5,4,21,6,6,12,33
10/26/2022,OAJ,NC,ASO,EN,Federal Contract Tower,8,4,5,0,17,0,5,7,6,18,8,9,12,6,35,0,30,30,65
10/27/2022,OAJ,NC,ASO,EN,Federal Contract Tower,11,2,6,0,19,0,1,6,0,7,11,3,12,0,26,0,0,0,26
10/28/2022,OAJ,NC,ASO,EN,Federal Contract Tower,11,2,4,0,17,0,0,1,0,1,11,2,5,0,18,8,0,8,26
10/29/2022,OAJ,NC,ASO,EN,Federal Contract Tower,7,1,2,0,10,0,3,0,0,3,7,4,2,0,13,28,0,28,41
10/30/2022,OAJ,NC,ASO,EN,Federal Contract Tower,12,0,3,4,19,0,2,2,1,5,12,2,5,5,24,18,24,42,66
10/31/2022,OAJ,NC,ASO,EN,Federal Contract Tower,8,2,2,0,12,0,9,4,5,18,8,11,6,5,30,2,18,20,50
11/01/2022,OAJ,NC,ASO,EN,Federal Contract Tower,7,4,2,0,13,0,6,3,0,9,7,10,5,0,22,30,0,30,52
11/02/2022,OAJ,NC,ASO,EN,Federal Contract Tower,13,2,0,1,16,0,19,9,9,37,13,21,9,10,53,0,78,78,131
11/03/2022,OAJ,NC,ASO,EN,Federal Contract Tower,12,8,9,0,29,0,10,0,8,18,12,18,9,8,47,10,40,50,97
11/04/2022,OAJ,NC,ASO,EN,Federal Contract Tower,8,6,6,0,20,0,8,8,0,16,8,14,14,0,36,0,0,0,36
11/05/2022,OAJ,NC,ASO,EN,Federal Contract Tower,8,0,4,0,12,0,3,7,2,12,8,3,11,2,24,0,0,0,24
11/06/2022,OAJ,NC,ASO,EN,Federal Contract Tower,8,1,2,0,11,0,11,6,2,19,8,12,8,2,30,10,0,10,40
11/07/2022,OAJ,NC,ASO,EN,Federal Contract Tower,9,2,3,0,14,0,1,6,0,7,9,3,9,0,21,0,0,0,21
11/08/2022,OAJ,NC,ASO,EN,Federal Contract Tower,9,3,5,4,21,0,7,3,4,14,9,10,8,8,35,0,12,12,47
11/09/2022,OAJ,NC,ASO,EN,Federal Contract Tower,8,2,0,2,12,0,8,6,10,24,8,10,6,12,36,0,14,14,50
11/10/2022,OAJ,NC,ASO,EN,Federal Contract Tower,7,0,0,2,9,0,0,5,2,7,7,0,5,4,16,6,0,6,22
11/11/2022,OAJ,NC,ASO,EN,Federal Contract Tower,8,0,3,0,11,0,2,1,0,3,8,2,4,0,14,0,0,0,14
11/12/2022,OAJ,NC,ASO,EN,Federal Contract Tower,9,0,6,0,15,0,8,1,0,9,9,8,7,0,24,10,0,10,34
11/13/2022,OAJ,NC,ASO,EN,Federal Contract Tower,9,0,2,0,11,0,0,10,0,10,9,0,12,0,21,0,0,0,21
11/14/2022,OAJ,NC,ASO,EN,Federal Contract Tower,9,5,2,0,16,0,7,9,0,16,9,12,11,0,32,0,0,0,32
11/15/2022,OAJ,NC,ASO,EN,Federal Contract Tower,8,5,4,8,25,0,5,1,8,14,8,10,5,16,39,0,40,40,79
11/16/2022,OAJ,NC,ASO,EN,Federal Contract Tower,11,6,0,4,21,0,3,6,4,13,11,9,6,8,34,6,36,42,76
11/17/2022,OAJ,NC,ASO,EN,Federal Contract Tower,11,0,6,4,21,0,2,14,8,24,11,2,20,12,45,30,14,44,89
11/18/2022,OAJ,NC,ASO,EN,Federal Contract Tower,8,0,1,2,11,0,6,15,8,29,8,6,16,10,40,10,60,70,110
11/19/2022,OAJ,NC,ASO,EN,Federal Contract Tower,8,0,5,0,13,0,12,20,6,38,8,12,25,6,51,16,0,16,67
11/20/2022,OAJ,NC,ASO,EN,Federal Contract Tower,8,0,7,1,16,0,6,11,9,26,8,6,18,10,42,6,0,6,48
11/21/2022,OAJ,NC,ASO,EN,Federal Contract Tower,8,1,4,2,15,0,10,6,5,21,8,11,10,7,36,26,26,52,88
11/22/2022,OAJ,NC,ASO,EN,Federal Contract Tower,7,3,6,0,16,0,3,7,18,28,7,6,13,18,44,0,86,86,130
11/23/2022,OAJ,NC,ASO,EN,Federal Contract Tower,8,3,4,0,15,0,5,6,2,13,8,8,10,2,28,0,14,14,42
11/24/2022,OAJ,NC,ASO,EN,Federal Contract Tower,6,0,3,0,9,0,3,2,0,5,6,3,5,0,14,0,0,0,14
11/25/2022,OAJ,NC,ASO,EN,Federal Contract Tower,6,2,2,0,10,0,2,1,0,3,6,4,3,0,13,0,0,0,13
11/26/2022,OAJ,NC,ASO,EN,Federal Contract Tower,8,2,5,0,15,0,4,24,0,28,8,6,29,0,43,22,0,22,65
11/27/2022,OAJ,NC,ASO,EN,Federal Contract Tower,10,2,3,0,15,0,1,0,0,1,10,3,3,0,16,0,0,0,16
11/28/2022,OAJ,NC,ASO,EN,Federal Contract Tower,8,3,1,2,14,0,6,5,0,11,8,9,6,2,25,24,0,24,49
11/29/2022,OAJ,NC,ASO,EN,Federal Contract Tower,8,2,9,4,23,0,7,5,14,26,8,9,14,18,49,24,106,130,179
11/30/2022,OAJ,NC,ASO,EN,Federal Contract Tower,10,5,1,2,18,0,0,1,2,3,10,5,2,4,21,0,22,22,43
12/01/2022,OAJ,NC,ASO,EN,Federal Contract Tower,8,4,4,2,18,0,4,9,8,21,8,8,13,10,39,4,24,28,67
12/02/2022,OAJ,NC,ASO,EN,Federal Contract Tower,9,2,9,0,20,0,3,6,4,13,9,5,15,4,33,0,8,8,41
12/03/2022,OAJ,NC,ASO,EN,Federal Contract Tower,8,2,3,0,13,0,11,4,0,15,8,13,7,0,28,2,0,2,30
12/04/2022,OAJ,NC,ASO,EN,Federal Contract Tower,8,3,3,0,14,0,16,0,0,16,8,19,3,0,30,4,0,4,34
12/05/2022,OAJ,NC,ASO,EN,Federal Contract Tower,8,1,1,3,13,0,7,6,5,18,8,8,7,8,31,8,36,44,75
12/06/2022,OAJ,NC,ASO,EN,Federal Contract Tower,5,5,2,2,14,0,7,6,4,17,5,12,8,6,31,16,36,52,83
12/07/2022,OAJ,NC,ASO,EN,Federal Contract Tower,8,1,1,4,14,0,0,4,10,14,8,1,5,14,28,0,122,122,150
12/08/2022,OAJ,NC,ASO,EN,Federal Contract Tower,10,4,4,0,18,0,4,4,4,12,10,8,8,4,30,6,24,30,60
12/09/2022,OAJ,NC,ASO,EN,Federal Contract Tower,7,2,2,0,11,0,8,0,14,22,7,10,2,14,33,8,42,50,83
12/10/2022,OAJ,NC,ASO,EN,Federal Contract Tower,8,2,7,0,17,0,4,3,0,7,8,6,10,0,24,0,0,0,24
12/11/2022,OAJ,NC,ASO,EN,Federal Contract Tower,10,0,1,0,11,0,2,2,0,4,10,2,3,0,15,0,0,0,15
12/12/2022,OAJ,NC,ASO,EN,Federal Contract Tower,8,2,3,7,20,0,10,5,6,21,8,12,8,13,41,0,72,72,113
12/13/2022,OAJ,NC,ASO,EN,Federal Contract Tower,8,2,8,2,20,0,9,17,4,30,8,11,25,6,50,10,64,74,124
12/14/2022,OAJ,NC,ASO,EN,Federal Contract Tower,10,2,0,1,13,0,4,6,12,22,10,6,6,13,35,14,86,100,135
12/15/2022,OAJ,NC,ASO,EN,Federal Contract Tower,9,3,1,0,13,0,0,0,1,1,9,3,1,1,14,0,26,26,40
12/16/2022,OAJ,NC,ASO,EN,Federal Contract Tower,8,3,0,2,13,0,20,11,6,37,8,23,11,8,50,10,0,10,60
12/17/2022,OAJ,NC,ASO,EN,Federal Contract Tower,9,1,5,0,15,0,14,13,13,40,9,15,18,13,55,0,0,0,55
12/18/2022,OAJ,NC,ASO,EN,Federal Contract Tower,9,0,8,0,17,0,4,10,14,28,9,4,18,14,45,4,0,4,49
12/19/2022,OAJ,NC,ASO,EN,Federal Contract Tower,10,1,1,0,12,0,10,13,2,25,10,11,14,2,37,2,6,8,45
12/20/2022,OAJ,NC,ASO,EN,Federal Contract Tower,8,2,4,4,18,0,7,3,18,28,8,9,7,22,46,2,138,140,186
12/21/2022,OAJ,NC,ASO,EN,Federal Contract Tower,9,2,1,0,12,0,3,8,3,14,9,5,9,3,26,18,14,32,58
12/22/2022,OAJ,NC,ASO,EN,Federal Contract Tower,9,2,2,0,13,0,0,0,0,0,9,2,2,0,13,0,0,0,13
12/23/2022,OAJ,NC,ASO,EN,Federal Contract Tower,6,2,4,0,12,0,0,1,2,3,6,2,5,2,15,4,12,16,31
12/24/2022,OAJ,NC,ASO,EN,Federal Contract Tower,7,2,2,0,11,0,6,2,0,8,7,8,4,0,19,4,0,4,23
12/25/2022,OAJ,NC,ASO,EN,Federal Contract Tower,8,0,8,0,16,0,3,2,0,5,8,3,10,0,21,4,0,4,25
12/26/2022,OAJ,NC,ASO,EN,Federal Contract Tower,8,2,9,0,19,0,3,13,0,16,8,5,22,0,35,8,0,8,43
12/27/2022,OAJ,NC,ASO,EN,Federal Contract Tower,9,2,5,0,16,0,5,15,0,20,9,7,20,0,36,12,0,12,48
12/28/2022,OAJ,NC,ASO,EN,Federal Contract Tower,9,2,0,0,11,0,7,9,2,18,9,9,9,2,29,2,22,24,53
12/29/2022,OAJ,NC,ASO,EN,Federal Contract Tower,8,5,0,0,13,0,3,8,8,19,8,8,8,8,32,0,74,74,106
12/30/2022,OAJ,NC,ASO,EN,Federal Contract Tower,8,1,5,0,14,0,7,2,16,25,8,8,7,16,39,8,34,42,81
12/31/2022,OAJ,NC,ASO,EN,Federal Contract Tower,7,0,0,0,7,0,0,0,0,0,7,0,0,0,7,0,0,0,7
01/01/2023,OAJ,NC,ASO,EN,Federal Contract Tower,10,0,5,0,15,0,2,2,0,4,10,2,7,0,19,32,0,32,51
01/02/2023,OAJ,NC,ASO,EN,Federal Contract Tower,8,3,4,0,15,0,2,5,0,7,8,5,9,0,22,0,0,0,22
01/03/2023,OAJ,NC,ASO,EN,Federal Contract Tower,8,3,2,2,15,0,4,8,0,12,8,7,10,2,27,0,0,0,27
01/04/2023,OAJ,NC,ASO,EN,Federal Contract Tower,9,4,0,0,13,0,2,2,0,4,9,6,2,0,17,6,0,6,23
01/05/2023,OAJ,NC,ASO,EN,Federal Contract Tower,8,4,2,5,19,0,4,2,5,11,8,8,4,10,30,4,94,98,128
01/06/2023,OAJ,NC,ASO,EN,Federal Contract Tower,11,0,1,0,12,0,8,10,6,24,11,8,11,6,36,0,56,56,92
01/07/2023,OAJ,NC,ASO,EN,Federal Contract Tower,8,0,5,0,13,0,6,14,0,20,8,6,19,0,33,12,0,12,45
01/08/2023,OAJ,NC,ASO,EN,Federal Contract Tower,9,0,4,0,13,0,5,7,0,12,9,5,11,0,25,10,0,10,35
01/09/2023,OAJ,NC,ASO,EN,Federal Contract Tower,8,3,0,4,15,0,2,11,6,19,8,5,11,10,34,10,50,60,94
01/10/2023,OAJ,NC,ASO,EN,Federal Contract Tower,11,4,6,0,21,0,1,10,10,21,11,5,16,10,42,26,50,76,118
01/11/2023,OAJ,NC,ASO,EN,Federal Contract Tower,10,2,2,0,14,0,5,5,6,16,10,7,7,6,30,2,70,72,102
01/12/2023,OAJ,NC,ASO,EN,Federal Contract Tower,8,4,1,1,14,0,4,3,4,11,8,8,4,5,25,10,38,48,73
01/13/2023,OAJ,NC,ASO,EN,Federal Contract Tower,8,0,1,1,10,0,7,1,1,9,8,7,2,2,19,0,0,0,19
01/14/2023,OAJ,NC,ASO,EN,Federal Contract Tower,7,0,0,0,7,0,5,3,0,8,7,5,3,0,15,6,0,6,21
01/15/2023,OAJ,NC,ASO,EN,Federal Contract Tower,9,0,4,0,13,0,9,7,0,16,9,9,11,0,29,8,0,8,37
01/16/2023,OAJ,NC,ASO,EN,Federal Contract Tower,11,2,5,2,20,0,3,6,0,9,11,5,11,2,29,4,0,4,33
01/17/2023,OAJ,NC,ASO,EN,Federal Contract Tower,9,2,2,0,13,0,2,4,2,8,9,4,6,2,21,6,10,16,37
01/18/2023,OAJ,NC,ASO,EN,Federal Contract Tower,9,5,3,4,21,0,10,7,9,26,9,15,10,13,47,0,88,88,135
01/19/2023,OAJ,NC,ASO,EN,Federal Contract Tower,8,2,2,2,14,0,7,2,5,14,8,9,4,7,28,6,38,44,72
01/20/2023,OAJ,NC,ASO,EN,Federal Contract Tower,9,0,2,2,13,0,7,3,2,12,9,7,5,4,25,22,0,22,47
01/21/2023,OAJ,NC,ASO,EN,Federal Contract Tower,10,0,4,0,14,0,6,20,0,26,10,6,24,0,40,8,0,8,48
01/22/2023,OAJ,NC,ASO,EN,Federal Contract Tower,9,1,3,3,16,0,0,0,0,0,9,1,3,3,16,0,0,0,16
01/23/2023,OAJ,NC,ASO,EN,Federal Contract Tower,9,2,1,8,20,0,5,1,17,23,9,7,2,25,43,8,22,30,73
01/24/2023,OAJ,NC,ASO,EN,Federal Contract Tower,10,2,5,4,21,0,7,8,5,20,10,9,13,9,41,12,44,56,97
01/25/2023,OAJ,NC,ASO,EN,Federal Contract Tower,10,0,2,0,12,0,0,2,16,18,10,0,4,16,30,0,34,34,64
01/26/2023,OAJ,NC,ASO,EN,Federal Contract Tower,9,2,3,2,16,0,2,6,18,26,9,4,9,20,42,14,102,116,158
01/27/2023,OAJ,NC,ASO,EN,Federal Contract Tower,12,0,1,3,16,0,10,6,13,29,12,10,7,16,45,0,62,62,107
01/28/2023,OAJ,NC,ASO,EN,Federal Contract Tower,10,0,0,0,10,0,10,12,2,24,10,10,12,2,34,4,0,4,38
01/29/2023,OAJ,NC,ASO,EN,Federal Contract Tower,9,0,5,4,18,0,7,15,0,22,9,7,20,4,40,26,6,32,72
01/30/2023,OAJ,NC,ASO,EN,Federal Contract Tower,9,3,2,3,17,0,0,0,0,0,9,3,2,3,17,0,0,0,17
01/31/2023,OAJ,NC,ASO,EN,Federal Contract Tower,11,2,3,2,18,0,0,0,0,0,11,2,3,2,18,0,0,0,18
02/01/2023,OAJ,NC,ASO,EN,Federal Contract Tower,10,5,0,12,27,0,0,0,0,0,10,5,0,12,27,0,0,0,27
02/02/2023,OAJ,NC,ASO,EN,Federal Contract Tower,10,4,0,2,16,0,0,0,0,0,10,4,0,2,16,0,0,0,16
02/03/2023,OAJ,NC,ASO,EN,Federal Contract Tower,8,0,0,0,8,0,7,0,6,13,8,7,0,6,21,10,22,32,53
02/04/2023,OAJ,NC,ASO,EN,Federal Contract Tower,9,0,2,1,12,0,7,2,1,10,9,7,4,2,22,0,0,0,22
02/05/2023,OAJ,NC,ASO,EN,Federal Contract Tower,9,2,0,4,15,0,4,2,0,6,9,6,2,4,21,0,0,0,21
02/06/2023,OAJ,NC,ASO,EN,Federal Contract Tower,9,2,0,0,11,0,1,4,0,5,9,3,4,0,16,0,0,0,16
02/07/2023,OAJ,NC,ASO,EN,Federal Contract Tower,9,2,4,2,17,0,4,16,8,28,9,6,20,10,45,30,78,108,153
02/08/2023,OAJ,NC,ASO,EN,Federal Contract Tower,9,2,2,0,13,0,14,10,5,29,9,16,12,5,42,20,86,106,148
02/09/2023,OAJ,NC,ASO,EN,Federal Contract Tower,9,2,1,5,17,0,7,4,20,31,9,9,5,25,48,8,76,84,132
02/10/2023,OAJ,NC,ASO,EN,Federal Contract Tower,11,1,1,0,13,0,9,10,3,22,11,10,11,3,35,0,20,20,55
02/11/2023,OAJ,NC,ASO,EN,Federal Contract Tower,10,0,4,0,14,0,7,6,0,13,10,7,10,0,27,0,0,0,27
02/12/2023,OAJ,NC,ASO,EN,Federal Contract Tower,12,0,0,0,12,0,0,4,0,4,12,0,4,0,16,0,0,0,16
02/13/2023,OAJ,NC,ASO,EN,Federal Contract Tower,10,4,1,1,16,0,9,13,7,29,10,13,14,8,45,0,42,42,87
02/14/2023,OAJ,NC,ASO,EN,Federal Contract Tower,9,2,6,6,23,0,4,8,8,20,9,6,14,14,43,6,116,122,165
02/15/2023,OAJ,NC,ASO,EN,Federal Contract Tower,8,2,3,10,23,0,9,7,8,24,8,11,10,18,47,0,62,62,109
02/16/2023,OAJ,NC,ASO,EN,Federal Contract Tower,9,4,2,0,15,0,3,6,2,11,9,7,8,2,26,0,12,12,38
02/17/2023,OAJ,NC,ASO,EN,Federal Contract Tower,9,0,3,0,12,0,6,3,2,11,9,6,6,2,23,0,20,20,43
02/18/2023,OAJ,NC,ASO,EN,Federal Contract Tower,9,0,8,0,17,0,9,13,0,22,9,9,21,0,39,0,0,0,39
02/19/2023,OAJ,NC,ASO,EN,Federal Contract Tower,10,0,2,0,12,0,9,8,0,17,10,9,10,0,29,30,0,30,59
02/20/2023,OAJ,NC,ASO,EN,Federal Contract Tower,8,3,5,1,17,0,7,11,0,18,8,10,16,1,35,0,0,0,35
02/21/2023,OAJ,NC,ASO,EN,Federal Contract Tower,10,2,3,1,16,0,6,6,1,13,10,8,9,2,29,4,0,4,33
02/22/2023,OAJ,NC,ASO,EN,Federal Contract Tower,10,2,0,0,12,0,5,5,7,17,10,7,5,7,29,4,56,60,89
02/23/2023,OAJ,NC,ASO,EN,Federal Contract Tower,8,2,3,0,13,0,4,10,18,32,8,6,13,18,45,0,90,90,135
02/24/2023,OAJ,NC,ASO,EN,Federal Contract Tower,6,2,0,3,11,0,10,5,10,25,6,12,5,13,36,8,58,66,102
02/25/2023,OAJ,NC,ASO,EN,Federal Contract Tower,13,2,2,2,19,0,2,1,0,3,13,4,3,2,22,0,0,0,22
02/26/2023,OAJ,NC,ASO,EN,Federal Contract Tower,8,2,0,1,11,0,10,4,5,19,8,12,4,6,30,8,0,8,38
02/27/2023,OAJ,NC,ASO,EN,Federal Contract Tower,8,2,3,4,17,0,6,0,2,8,8,8,3,6,25,0,0,0,25
02/28/2023,OAJ,NC,ASO,EN,Federal Contract Tower,8,2,8,0,18,0,8,2,2,12,8,10,10,2,30,8,32,40,70
03/01/2023,OAJ,NC,ASO,EN,Federal Contract Tower,9,3,5,0,17,0,9,4,6,19,9,12,9,6,36,2,54,56,92
03/02/2023,OAJ,NC,ASO,EN,Federal Contract Tower,8,6,5,8,27,0,5,2,4,11,8,11,7,12,38,0,44,44,82
03/03/2023,OAJ,NC,ASO,EN,Federal Contract Tower,8,0,1,0,9,0,8,2,0,10,8,8,3,0,19,12,0,12,31
03/04/2023,OAJ,NC,ASO,EN,Federal Contract Tower,9,0,3,0,12,0,7,15,0,22,9,7,18,0,34,8,0,8,42
03/05/2023,OAJ,NC,ASO,EN,Federal Contract Tower,8,2,1,0,11,0,6,12,0,18,8,8,13,0,29,6,0,6,35
03/06/2023,OAJ,NC,ASO,EN,Federal Contract Tower,8,2,4,0,14,0,5,10,0,15,8,7,14,0,29,22,0,22,51
03/07/2023,OAJ,NC,ASO,EN,Federal Contract Tower,10,2,1,2,15,0,8,2,6,16,10,10,3,8,31,0,28,28,59
03/08/2023,OAJ,NC,ASO,EN,Federal Contract Tower,10,2,3,0,15,0,9,9,0,18,10,11,12,0,33,0,0,0,33
03/09/2023,OAJ,NC,ASO,EN,Federal Contract Tower,9,2,5,0,16,0,9,2,3,14,9,11,7,3,30,0,26,26,56
03/10/2023,OAJ,NC,ASO,EN,Federal Contract Tower,9,0,2,2,13,0,0,0,2,2,9,0,2,4,15,0,14,14,29
03/11/2023,OAJ,NC,ASO,EN,Federal Contract Tower,9,0,2,0,11,0,5,4,0,9,9,5,6,0,20,0,0,0,20
03/12/2023,OAJ,NC,ASO,EN,Federal Contract Tower,12,0,1,0,13,0,0,0,0,0,12,0,1,0,13,12,0,12,25
03/13/2023,OAJ,NC,ASO,EN,Federal Contract Tower,9,2,6,0,17,0,8,4,6,18,9,10,10,6,35,4,44,48,83
03/14/2023,OAJ,NC,ASO,EN,Federal Contract Tower,8,2,3,2,15,0,12,8,1,21,8,14,11,3,36,0,16,16,52
03/15/2023,OAJ,NC,ASO,EN,Federal Contract Tower,10,4,0,2,16,0,38,10,7,55,10,42,10,9,71,0,38,38,109
03/16/2023,OAJ,NC,ASO,EN,Federal Contract Tower,8,2,2,1,13,0,10,17,11,38,8,12,19,12,51,32,84,116,167
03/17/2023,OAJ,NC,ASO,EN,Federal Contract Tower,8,2,5,2,17,0,12,0,1,13,8,14,5,3,30,0,60,60,90
03/18/2023,OAJ,NC,ASO,EN,Federal Contract Tower,9,0,1,0,10,0,1,0,0,1,9,1,1,0,11,0,0,0,11
03/19/2023,OAJ,NC,ASO,EN,Federal Contract Tower,8,3,2,0,13,0,6,16,2,24,8,9,18,2,37,38,0,38,75
03/20/2023,OAJ,NC,ASO,EN,Federal Contract Tower,12,2,3,2,19,0,5,11,2,18,12,7,14,4,37,14,32,46,83
03/21/2023,OAJ,NC,ASO,EN,Federal Contract Tower,9,2,3,0,14,0,6,14,7,27,9,8,17,7,41,12,72,84,125
03/22/2023,OAJ,NC,ASO,EN,Federal Contract Tower,10,2,0,2,14,0,2,20,6,28,10,4,20,8,42,22,62,84,126
03/23/2023,OAJ,NC,ASO,EN,Federal Contract Tower,11,6,11,0,28,0,5,11,2,18,11,11,22,2,46,38,22,60,106
03/24/2023,OAJ,NC,ASO,EN,Federal Contract Tower,8,0,6,0,14,0,0,5,2,7,8,0,11,2,21,2,30,32,53
03/25/2023,OAJ,NC,ASO,EN,Federal Contract Tower,9,0,2,0,11,0,4,2,0,6,9,4,4,0,17,0,0,0,17
03/26/2023,OAJ,NC,ASO,EN,Federal Contract Tower,8,2,2,0,12,0,2,1,0,3,8,4,3,0,15,0,0,0,15
03/27/2023,OAJ,NC,ASO,EN,Federal Contract Tower,9,2,2,0,13,0,9,4,4,17,9,11,6,4,30,2,32,34,64
03/28/2023,OAJ,NC,ASO,EN,Federal Contract Tower,9,2,5,0,16,0,4,13,0,17,9,6,18,0,33,18,0,18,51
03/29/2023,OAJ,NC,ASO,EN,Federal Contract Tower,8,3,6,0,17,0,6,8,1,15,8,9,14,1,32,18,8,26,58
03/30/2023,OAJ,NC,ASO,EN,Federal Contract Tower,9,3,7,0,19,0,11,19,12,42,9,14,26,12,61,2,68,70,131
03/31/2023,OAJ,NC,ASO,EN,Federal Contract Tower,9,0,9,0,18,0,1,16,2,19,9,1,25,2,37,16,10,26,63
04/01/2023,OAJ,NC,ASO,EN,Federal Contract Tower,9,0,7,2,18,0,3,1,0,4,9,3,8,2,22,2,0,2,24
04/02/2023,OAJ,NC,ASO,EN,Federal Contract Tower,10,0,2,0,12,0,7,13,0,20,10,7,15,0,32,44,0,44,76
04/03/2023,OAJ,NC,ASO,EN,Federal Contract Tower,8,4,3,0,15,0,6,8,0,14,8,10,11,0,29,2,0,2,31
04/04/2023,OAJ,NC,ASO,EN,Federal Contract Tower,14,7,3,0,24,0,8,1,5,14,14,15,4,5,38,22,20,42,80
04/05/2023,OAJ,NC,ASO,EN,Federal Contract Tower,12,5,7,0,24,0,2,4,7,13,12,7,11,7,37,0,110,110,147
04/06/2023,OAJ,NC,ASO,EN,Federal Contract Tower,10,3,3,2,18,0,6,5,2,13,10,9,8,4,31,4,32,36,67
04/07/2023,OAJ,NC,ASO,EN,Federal Contract Tower,12,1,1,2,16,0,3,0,0,3,12,4,1,2,19,0,0,0,19
04/08/2023,OAJ,NC,ASO,EN,Federal Contract Tower,12,0,4,0,16,0,0,0,0,0,12,0,4,0,16,0,0,0,16
04/09/2023,OAJ,NC,ASO,EN,Federal Contract Tower,10,1,2,0,13,0,5,1,0,6,10,6,3,0,19,0,0,0,19
04/10/2023,OAJ,NC,ASO,EN,Federal Contract Tower,12,2,0,0,14,0,8,13,3,24,12,10,13,3,38,10,22,32,70
04/11/2023,OAJ,NC,ASO,EN,Federal Contract Tower,11,2,1,0,14,0,5,7,8,20,11,7,8,8,34,10,48,58,92
04/12/2023,OAJ,NC,ASO,EN,Federal Contract Tower,11,2,4,2,19,0,10,12,7,29,11,12,16,9,48,4,80,84,132
04/13/2023,OAJ,NC,ASO,EN,Federal Contract Tower,11,2,5,4,22,0,5,15,8,28,11,7,20,12,50,58,32,90,140
04/14/2023,OAJ,NC,ASO,EN,Federal Contract Tower,11,0,6,0,17,0,6,0,1,7,11,6,6,1,24,0,0,0,24
04/15/2023,OAJ,NC,ASO,EN,Federal Contract Tower,14,0,2,0,16,0,7,11,1,19,14,7,13,1,35,20,0,20,55
04/16/2023,OAJ,NC,ASO,EN,Federal Contract Tower,11,2,3,0,16,0,8,16,12,36,11,10,19,12,52,16,0,16,68
04/17/2023,OAJ,NC,ASO,EN,Federal Contract Tower,11,4,2,2,19,0,7,23,2,32,11,11,25,4,51,28,34,62,113
04/18/2023,OAJ,NC,ASO,EN,Federal Contract Tower,12,4,5,4,25,0,7,10,9,26,12,11,15,13,51,4,136,140,191
04/19/2023,OAJ,NC,ASO,EN,Federal Contract Tower,11,3,0,9,23,0,1,24,8,33,11,4,24,17,56,44,72,116,172
04/20/2023,OAJ,NC,ASO,EN,Federal Contract Tower,11,2,2,2,17,0,5,17,16,38,11,7,19,18,55,34,58,92,147
04/21/2023,OAJ,NC,ASO,EN,Federal Contract Tower,13,0,0,0,13,0,19,17,0,36,13,19,17,0,49,14,0,14,63
04/22/2023,OAJ,NC,ASO,EN,Federal Contract Tower,12,0,2,0,14,0,2,1,0,3,12,2,3,0,17,0,0,0,17
04/23/2023,OAJ,NC,ASO,EN,Federal Contract Tower,11,0,3,0,14,0,8,23,2,33,11,8,26,2,47,34,0,34,81
04/24/2023,OAJ,NC,ASO,EN,Federal Contract Tower,11,2,1,6,20,0,9,9,1,19,11,11,10,7,39,0,18,18,57
04/25/2023,OAJ,NC,ASO,EN,Federal Contract Tower,13,2,5,0,20,0,6,8,4,18,13,8,13,4,38,0,44,44,82
04/26/2023,OAJ,NC,ASO,EN,Federal Contract Tower,12,2,0,0,14,0,5,4,4,13,12,7,4,4,27,10,10,20,47
04/27/2023,OAJ,NC,ASO,EN,Federal Contract Tower,11,5,2,0,18,0,8,0,4,12,11,13,2,4,30,0,52,52,82
04/28/2023,OAJ,NC,ASO,EN,Federal Contract Tower,11,2,4,0,17,0,7,2,0,9,11,9,6,0,26,4,0,4,30
04/29/2023,OAJ,NC,ASO,EN,Federal Contract Tower,12,0,1,0,13,0,7,4,0,11,12,7,5,0,24,0,0,0,24
04/30/2023,OAJ,NC,ASO,EN,Federal Contract Tower,11,0,2,0,13,0,6,0,0,6,11,6,2,0,19,0,0,0,19
05/01/2023,OAJ,NC,ASO,EN,Federal Contract Tower,13,1,0,0,14,0,13,3,0,16,13,14,3,0,30,12,0,12,42
05/02/2023,OAJ,NC,ASO,EN,Federal Contract Tower,11,1,2,0,14,0,8,5,6,19,11,9,7,6,33,0,46,46,79
05/03/2023,OAJ,NC,ASO,EN,Federal Contract Tower,9,1,3,5,18,0,6,10,2,18,9,7,13,7,36,6,28,34,70
05/04/2023,OAJ,NC,ASO,EN,Federal Contract Tower,13,2,2,0,17,0,12,12,8,32,13,14,14,8,49,28,0,28,77
05/05/2023,OAJ,NC,ASO,EN,Federal Contract Tower,12,2,2,0,16,0,5,13,3,21,12,7,15,3,37,56,12,68,105
05/06/2023,OAJ,NC,ASO,EN,Federal Contract Tower,11,0,3,6,20,0,9,18,0,27,11,9,21,6,47,74,0,74,121
05/07/2023,OAJ,NC,ASO,EN,Federal Contract Tower,11,5,4,0,20,0,6,20,0,26,11,11,24,0,46,48,0,48,94
05/08/2023,OAJ,NC,ASO,EN,Federal Contract Tower,12,2,3,0,17,0,10,9,4,23,12,12,12,4,40,30,10,40,80
05/09/2023,OAJ,NC,ASO,EN,Federal Contract Tower,9,1,3,0,13,0,9,7,8,24,9,10,10,8,37,6,50,56,93
05/10/2023,OAJ,NC,ASO,EN,Federal Contract Tower,13,0,8,2,23,0,9,13,2,24,13,9,21,4,47,8,34,42,89
05/11/2023,OAJ,NC,ASO,EN,Federal Contract Tower,13,0,2,2,17,0,5,19,8,32,13,5,21,10,49,26,66,92,141
05/12/2023,OAJ,NC,ASO,EN,Federal Contract Tower,12,0,3,0,15,0,4,16,1,21,12,4,19,1,36,30,0,30,66
05/13/2023,OAJ,NC,ASO,EN,Federal Contract Tower,14,0,2,3,19,0,7,15,5,27,14,7,17,8,46,16,2,18,64
05/14/2023,OAJ,NC,ASO,EN,Federal Contract Tower,14,0,0,0,14,0,2,0,1,3,14,2,0,1,17,0,4,4,21
05/15/2023,OAJ,NC,ASO,EN,Federal Contract Tower,15,6,2,4,27,0,6,9,2,17,15,12,11,6,44,6,0,6,50
05/16/2023,OAJ,NC,ASO,EN,Federal Contract Tower,10,4,4,6,24,0,8,9,12,29,10,12,13,18,53,2,50,52,105
05/17/2023,OAJ,NC,ASO,EN,Federal Contract Tower,15,6,2,6,29,0,7,8,8,23,15,13,10,14,52,28,46,74,126
05/18/2023,OAJ,NC,ASO,EN,Federal Contract Tower,14,3,3,4,24,0,6,6,4,16,14,9,9,8,40,24,14,38,78
05/19/2023,OAJ,NC,ASO,EN,Federal Contract Tower,11,0,8,0,19,0,0,0,0,0,11,0,8,0,19,0,0,0,19
05/20/2023,OAJ,NC,ASO,EN,Federal Contract Tower,13,2,4,2,21,0,7,2,0,9,13,9,6,2,30,20,0,20,50
05/21/2023,OAJ,NC,ASO,EN,Federal Contract Tower,13,4,1,2,20,0,3,1,0,4,13,7,2,2,24,0,0,0,24
05/22/2023,OAJ,NC,ASO,EN,Federal Contract Tower,13,2,2,4,21,0,4,15,1,20,13,6,17,5,41,8,14,22,63
05/23/2023,OAJ,NC,ASO,EN,Federal Contract Tower,10,2,8,8,28,0,6,14,14,34,10,8,22,22,62,6,84,90,152
05/24/2023,OAJ,NC,ASO,EN,Federal Contract Tower,13,2,3,0,18,0,5,13,15,33,13,7,16,15,51,26,130,156,207
05/25/2023,OAJ,NC,ASO,EN,Federal Contract Tower,15,4,7,0,26,0,9,0,12,21,15,13,7,12,47,4,40,44,91
05/26/2023,OAJ,NC,ASO,EN,Federal Contract Tower,12,2,4,4,22,0,5,3,4,12,12,7,7,8,34,0,30,30,64
05/27/2023,OAJ,NC,ASO,EN,Federal Contract Tower,11,0,0,1,12,0,0,0,3,3,11,0,0,4,15,0,0,0,15
05/28/2023,OAJ,NC,ASO,EN,Federal Contract Tower,16,0,3,0,19,0,0,0,0,0,16,0,3,0,19,0,0,0,19
05/29/2023,OAJ,NC,ASO,EN,Federal Contract Tower,11,6,9,4,30,0,7,1,0,8,11,13,10,4,38,0,0,0,38
05/30/2023,OAJ,NC,ASO,EN,Federal Contract Tower,11,3,2,3,19,0,5,6,1,12,11,8,8,4,31,50,0,50,81
05/31/2023,OAJ,NC,ASO,EN,Federal Contract Tower,16,5,10,6,37,0,10,8,4,22,16,15,18,10,59,22,32,54,113
06/01/2023,OAJ,NC,ASO,EN,Federal Contract Tower,12,2,5,2,21,0,12,4,2,18,12,14,9,4,39,50,16,66,105
06/02/2023,OAJ,NC,ASO,EN,Federal Contract Tower,11,0,6,0,17,0,4,5,1,10,11,4,11,1,27,6,14,20,47
06/03/2023,OAJ,NC,ASO,EN,Federal Contract Tower,12,0,4,0,16,0,2,5,0,7,12,2,9,0,23,32,0,32,55
06/04/2023,OAJ,NC,ASO,EN,Federal Contract Tower,12,0,1,0,13,0,3,3,0,6,12,3,4,0,19,0,0,0,19
06/05/2023,OAJ,NC,ASO,EN,Federal Contract Tower,11,5,2,3,21,0,7,17,6,30,11,12,19,9,51,52,38,90,141
06/06/2023,OAJ,NC,ASO,EN,Federal Contract Tower,10,2,1,0,13,0,10,11,8,29,10,12,12,8,42,22,100,122,164
06/07/2023,OAJ,NC,ASO,EN,Federal Contract Tower,10,2,4,0,16,0,5,7,4,16,10,7,11,4,32,40,8,48,80
06/08/2023,OAJ,NC,ASO,EN,Federal Contract Tower,11,2,7,4,24,0,1,6,12,19,11,3,13,16,43,0,10,10,53
06/09/2023,OAJ,NC,ASO,EN,Federal Contract Tower,11,0,8,2,21,0,9,16,5,30,11,9,24,7,51,24,32,56,107
06/10/2023,OAJ,NC,ASO,EN,Federal Contract Tower,11,2,2,4,19,0,5,11,1,17,11,7,13,5,36,38,0,38,74
06/11/2023,OAJ,NC,ASO,EN,Federal Contract Tower,10,0,4,0,14,0,10,17,1,28,10,10,21,1,42,22,0,22,64
06/12/2023,OAJ,NC,ASO,EN,Federal Contract Tower,11,4,2,0,17,0,4,7,0,11,11,8,9,0,28,0,0,0,28
06/13/2023,OAJ,NC,ASO,EN,Federal Contract Tower,10,6,1,0,17,0,7,13,8,28,10,13,14,8,45,36,24,60,105
06/14/2023,OAJ,NC,ASO,EN,Federal Contract Tower,14,4,0,4,22,0,7,9,6,22,14,11,9,10,44,18,48,66,110
06/15/2023,OAJ,NC,ASO,EN,Federal Contract Tower,9,2,2,4,17,0,6,17,10,33,9,8,19,14,50,4,34,38,88
06/16/2023,OAJ,NC,ASO,EN,Federal Contract Tower,12,2,7,0,21,0,1,8,0,9,12,3,15,0,30,20,0,20,50
06/17/2023,OAJ,NC,ASO,EN,Federal Contract Tower,12,0,5,0,17,0,2,25,2,29,12,2,30,2,46,44,4,48,94
06/18/2023,OAJ,NC,ASO,EN,Federal Contract Tower,11,0,2,0,13,0,3,18,0,21,11,3,20,0,34,20,0,20,54
06/19/2023,OAJ,NC,ASO,EN,Federal Contract Tower,13,2,4,0,19,0,3,12,0,15,13,5,16,0,34,4,0,4,38
06/20/2023,OAJ,NC,ASO,EN,Federal Contract Tower,9,4,5,2,20,0,2,2,0,4,9,6,7,2,24,38,0,38,62
06/21/2023,OAJ,NC,ASO,EN,Federal Contract Tower,10,2,5,0,17,0,5,0,6,11,10,7,5,6,28,8,28,36,64
06/22/2023,OAJ,NC,ASO,EN,Federal Contract Tower,13,2,1,13,29,0,0,4,2,6,13,2,5,15,35,0,28,28,63
06/23/2023,OAJ,NC,ASO,EN,Federal Contract Tower,11,0,5,0,16,0,4,0,6,10,11,4,5,6,26,8,46,54,80
06/24/2023,OAJ,NC,ASO,EN,Federal Contract Tower,13,0,4,0,17,0,2,18,0,20,13,2,22,0,37,24,0,24,61
06/25/2023,OAJ,NC,ASO,EN,Federal Contract Tower,10,2,4,0,16,0,7,25,0,32,10,9,29,0,48,70,0,70,118
06/26/2023,OAJ,NC,ASO,EN,Federal Contract Tower,10,2,1,2,15,0,8,25,0,33,10,10,26,2,48,30,0,30,78
06/27/2023,OAJ,NC,ASO,EN,Federal Contract Tower,10,6,5,4,25,0,10,30,2,42,10,16,35,6,67,60,14,74,141
06/28/2023,OAJ,NC,ASO,EN,Federal Contract Tower,11,2,4,6,23,0,7,25,4,36,11,9,29,10,59,56,24,80,139
06/29/2023,OAJ,NC,ASO,EN,Federal Contract Tower,11,6,0,1,18,0,6,8,11,25,11,12,8,12,43,22,62,84,127
06/30/2023,OAJ,NC,ASO,EN,Federal Contract Tower,10,4,4,0,18,0,6,8,4,18,10,10,12,4,36,26,20,46,82
07/01/2023,OAJ,NC,ASO,EN,Federal Contract Tower,11,0,2,0,13,0,7,20,0,27,11,7,22,0,40,16,0,16,56
07/02/2023,OAJ,NC,ASO,EN,Federal Contract Tower,9,0,0,0,9,0,10,15,0,25,9,10,15,0,34,32,0,32,66
07/04/2023,OAJ,NC,ASO,EN,Federal Contract Tower,9,0,4,0,13,0,2,4,0,6,9,2,8,0,19,14,0,14,33
07/05/2023,OAJ,NC,ASO,EN,Federal Contract Tower,12,2,5,0,19,0,0,14,0,14,12,2,19,0,33,20,0,20,53
07/06/2023,OAJ,NC,ASO,EN,Federal Contract Tower,10,2,1,0,13,0,1,2,2,5,10,3,3,2,18,2,2,4,22
07/07/2023,OAJ,NC,ASO,EN,Federal Contract Tower,9,3,2,1,15,0,4,21,3,28,9,7,23,4,43,30,22,52,95
07/08/2023,OAJ,NC,ASO,EN,Federal Contract Tower,12,1,3,0,16,0,6,12,0,18,12,7,15,0,34,22,0,22,56
07/09/2023,OAJ,NC,ASO,EN,Federal Contract Tower,15,4,1,4,24,0,2,9,0,11,15,6,10,4,35,8,0,8,43
07/10/2023,OAJ,NC,ASO,EN,Federal Contract Tower,13,4,6,0,23,0,3,11,4,18,13,7,17,4,41,48,22,70,111
07/11/2023,OAJ,NC,ASO,EN,Federal Contract Tower,11,2,7,8,28,0,7,11,6,24,11,9,18,14,52,8,48,56,108
07/12/2023,OAJ,NC,ASO,EN,Federal Contract Tower,12,2,1,6,21,0,3,16,8,27,12,5,17,14,48,32,74,106,154
07/13/2023,OAJ,NC,ASO,EN,Federal Contract Tower,11,2,2,0,15,0,4,14,0,18,11,6,16,0,33,40,0,40,73
07/14/2023,OAJ,NC,ASO,EN,Federal Contract Tower,12,2,1,0,15,0,1,2,0,3,12,3,3,0,18,20,0,20,38
07/15/2023,OAJ,NC,ASO,EN,Federal Contract Tower,10,1,4,2,17,0,3,4,0,7,10,4,8,2,24,40,0,40,64
07/16/2023,OAJ,NC,ASO,EN,Federal Contract Tower,12,2,1,0,15,0,3,6,0,9,12,5,7,0,24,18,0,18,42
07/17/2023,OAJ,NC,ASO,EN,Federal Contract Tower,11,2,2,0,15,0,9,12,6,27,11,11,14,6,42,20,16,36,78
07/18/2023,OAJ,NC,ASO,EN,Federal Contract Tower,10,5,1,4,20,0,4,5,4,13,10,9,6,8,33,6,20,26,59
07/19/2023,OAJ,NC,ASO,EN,Federal Contract Tower,12,3,0,2,17,0,4,10,6,20,12,7,10,8,37,16,54,70,107
07/20/2023,OAJ,NC,ASO,EN,Federal Contract Tower,9,1,4,2,16,0,8,11,6,25,9,9,15,8,41,24,16,40,81
07/21/2023,OAJ,NC,ASO,EN,Federal Contract Tower,12,2,1,2,17,0,7,15,12,34,12,9,16,14,51,4,96,100,151
07/22/2023,OAJ,NC,ASO,EN,Federal Contract Tower,11,0,4,0,15,0,5,10,4,19,11,5,14,4,34,40,0,40,74
07/23/2023,OAJ,NC,ASO,EN,Federal Contract Tower,11,0,2,6,19,0,6,11,2,19,11,6,13,8,38,8,0,8,46
07/24/2023,OAJ,NC,ASO,EN,Federal Contract Tower,11,2,2,0,15,0,3,9,1,13,11,5,11,1,28,8,6,14,42
07/25/2023,OAJ,NC,ASO,EN,Federal Contract Tower,11,5,1,0,17,0,6,14,0,20,11,11,15,0,37,34,0,34,71
07/26/2023,OAJ,NC,ASO,EN,Federal Contract Tower,10,2,2,0,14,0,6,10,4,20,10,8,12,4,34,26,10,36,70
07/27/2023,OAJ,NC,ASO,EN,Federal Contract Tower,13,4,8,0,25,0,2,16,4,22,13,6,24,4,47,30,22,52,99
07/28/2023,OAJ,NC,ASO,EN,Federal Contract Tower,11,2,3,0,16,0,2,15,8,25,11,4,18,8,41,36,28,64,105
07/29/2023,OAJ,NC,ASO,EN,Federal Contract Tower,11,0,6,0,17,0,2,7,0,9,11,2,13,0,26,30,0,30,56
07/30/2023,OAJ,NC,ASO,EN,Federal Contract Tower,12,4,1,0,17,0,2,10,0,12,12,6,11,0,29,18,0,18,47
07/31/2023,OAJ,NC,ASO,EN,Federal Contract Tower,11,1,5,0,17,0,4,6,2,12,11,5,11,2,29,2,30,32,61
08/01/2023,OAJ,NC,ASO,EN,Federal Contract Tower,11,3,1,0,15,0,8,4,10,22,11,11,5,10,37,0,24,24,61
08/02/2023,OAJ,NC,ASO,EN,Federal Contract Tower,12,2,2,3,19,0,8,19,2,29,12,10,21,5,48,52,32,84,132
08/03/2023,OAJ,NC,ASO,EN,Federal Contract Tower,11,2,4,0,17,0,8,16,2,26,11,10,20,2,43,50,4,54,97
08/04/2023,OAJ,NC,ASO,EN,Federal Contract Tower,9,4,4,0,17,0,2,0,0,2,9,6,4,0,19,26,0,26,45
08/05/2023,OAJ,NC,ASO,EN,Federal Contract Tower,11,0,3,0,14,0,9,4,0,13,11,9,7,0,27,20,0,20,47
08/06/2023,OAJ,NC,ASO,EN,Federal Contract Tower,8,2,2,0,12,0,6,20,0,26,8,8,22,0,38,14,0,14,52
08/07/2023,OAJ,NC,ASO,EN,Federal Contract Tower,8,2,2,0,12,0,7,7,2,16,8,9,9,2,28,70,8,78,106
08/08/2023,OAJ,NC,ASO,EN,Federal Contract Tower,8,2,1,0,11,0,4,8,8,20,8,6,9,8,31,60,10,70,101
08/09/2023,OAJ,NC,ASO,EN,Federal Contract Tower,9,6,1,2,18,0,15,19,10,44,9,21,20,12,62,90,58,148,210
08/10/2023,OAJ,NC,ASO,EN,Federal Contract Tower,9,3,1,0,13,0,14,16,14,44,9,17,17,14,57,56,90,146,203
08/11/2023,OAJ,NC,ASO,EN,Federal Contract Tower,10,1,2,6,19,0,9,22,0,31,10,10,24,6,50,42,0,42,92
08/12/2023,OAJ,NC,ASO,EN,Federal Contract Tower,9,0,3,0,12,0,7,8,0,15,9,7,11,0,27,16,0,16,43
08/13/2023,OAJ,NC,ASO,EN,Federal Contract Tower,9,2,4,0,15,0,11,9,0,20,9,13,13,0,35,14,0,14,49
08/14/2023,OAJ,NC,ASO,EN,Federal Contract Tower,9,0,0,0,9,0,8,5,4,17,9,8,5,4,26,18,6,24,50
08/15/2023,OAJ,NC,ASO,EN,Federal Contract Tower,8,3,2,2,15,0,4,12,8,24,8,7,14,10,39,22,34,56,95
08/16/2023,OAJ,NC,ASO,EN,Federal Contract Tower,13,2,0,0,15,0,6,9,4,19,13,8,9,4,34,24,48,72,106
08/17/2023,OAJ,NC,ASO,EN,Federal Contract Tower,12,2,1,0,15,0,5,14,4,23,12,7,15,4,38,0,44,44,82
08/18/2023,OAJ,NC,ASO,EN,Federal Contract Tower,13,0,3,3,19,0,9,12,5,26,13,9,15,8,45,4,24,28,73
08/19/2023,OAJ,NC,ASO,EN,Federal Contract Tower,11,0,5,0,16,0,9,9,0,18,11,9,14,0,34,22,0,22,56
08/20/2023,OAJ,NC,ASO,EN,Federal Contract Tower,12,0,2,0,14,0,3,6,0,9,12,3,8,0,23,0,0,0,23
08/21/2023,OAJ,NC,ASO,EN,Federal Contract Tower,13,2,7,0,22,0,4,14,0,18,13,6,21,0,40,8,0,8,48
08/22/2023,OAJ,NC,ASO,EN,Federal Contract Tower,11,2,2,2,17,0,13,21,0,34,11,15,23,2,51,76,28,104,155
08/23/2023,OAJ,NC,ASO,EN,Federal Contract Tower,13,2,4,0,19,0,6,12,3,21,13,8,16,3,40,56,26,82,122
08/24/2023,OAJ,NC,ASO,EN,Federal Contract Tower,13,2,10,0,25,0,9,26,4,39,13,11,36,4,64,32,28,60,124
08/25/2023,OAJ,NC,ASO,EN,Federal Contract Tower,13,0,4,0,17,0,5,18,2,25,13,5,22,2,42,38,0,38,80
08/26/2023,OAJ,NC,ASO,EN,Federal Contract Tower,11,2,2,0,15,0,5,14,0,19,11,7,16,0,34,18,0,18,52
08/27/2023,OAJ,NC,ASO,EN,Federal Contract Tower,16,0,4,0,20,0,2,6,2,10,16,2,10,2,30,8,2,10,40
08/28/2023,OAJ,NC,ASO,EN,Federal Contract Tower,12,2,3,0,17,0,3,5,0,8,12,5,8,0,25,0,0,0,25
08/29/2023,OAJ,NC,ASO,EN,Federal Contract Tower,13,2,2,5,22,0,3,2,5,10,13,5,4,10,32,66,6,72,104
08/30/2023,OAJ,NC,ASO,EN,Federal Contract Tower,17,0,4,0,21,0,0,5,0,5,17,0,9,0,26,2,0,2,28
08/31/2023,OAJ,NC,ASO,EN,Federal Contract Tower,13,0,0,0,13,0,1,0,0,1,13,1,0,0,14,0,0,0,14
