01/01/2020,OAK,CA,AWP,WE,Towers with Radar,272,75,21,0,368,0,0,8,0,8,272,75,29,0,376,74,0,74,450
01/02/2020,OAK,CA,AWP,WE,Towers with Radar,371,81,38,0,490,0,10,35,0,45,371,91,73,0,535,34,0,34,569
01/03/2020,OAK,CA,AWP,WE,Towers with Radar,403,97,51,0,551,0,9,55,2,66,403,106,106,2,617,64,0,64,681
01/04/2020,OAK,CA,AWP,WE,Towers with Radar,274,99,46,0,419,0,7,31,2,40,274,106,77,2,459,106,28,134,593
01/05/2020,OAK,CA,AWP,WE,Towers with Radar,307,104,40,0,451,0,6,77,2,85,307,110,117,2,536,44,0,44,580
01/06/2020,OAK,CA,AWP,WE,Towers with Radar,323,85,43,0,451,0,8,38,0,46,323,93,81,0,497,30,0,30,527
01/07/2020,OAK,CA,AWP,WE,Towers with Radar,364,78,37,0,479,0,5,44,0,49,364,83,81,0,528,24,0,24,552
01/08/2020,OAK,CA,AWP,WE,Towers with Radar,357,85,36,0,478,0,6,29,0,35,357,91,65,0,513,114,0,114,627
01/09/2020,OAK,CA,AWP,WE,Towers with Radar,355,88,46,0,489,0,4,10,2,16,355,92,56,2,505,92,0,92,597
01/10/2020,OAK,CA,AWP,WE,Towers with Radar,355,96,39,0,490,0,8,73,0,81,355,104,112,0,571,124,0,124,695
01/11/2020,OAK,CA,AWP,WE,Towers with Radar,221,61,19,0,301,0,4,39,0,43,221,65,58,0,344,78,0,78,422
01/12/2020,OAK,CA,AWP,WE,Towers with Radar,294,122,72,0,488,0,1,59,0,60,294,123,131,0,548,118,0,118,666
01/13/2020,OAK,CA,AWP,WE,Towers with Radar,320,90,59,2,471,0,4,19,0,23,320,94,78,2,494,36,0,36,530
01/14/2020,OAK,CA,AWP,WE,Towers with Radar,340,88,55,2,485,0,9,38,0,47,340,97,93,2,532,42,0,42,574
01/15/2020,OAK,CA,AWP,WE,Towers with Radar,360,99,68,0,527,0,8,67,2,77,360,107,135,2,604,88,0,88,692
01/16/2020,OAK,CA,AWP,WE,Towers with Radar,356,141,79,0,576,0,5,4,0,9,356,146,83,0,585,0,0,0,585
01/17/2020,OAK,CA,AWP,WE,Towers with Radar,349,127,41,0,517,0,10,78,0,88,349,137,119,0,605,124,0,124,729
01/18/2020,OAK,CA,AWP,WE,Towers with Radar,226,56,34,0,316,0,7,77,0,84,226,63,111,0,400,112,0,112,512
01/19/2020,OAK,CA,AWP,WE,Towers with Radar,285,77,24,0,386,0,5,64,0,69,285,82,88,0,455,52,0,52,507
01/20/2020,OAK,CA,AWP,WE,Towers with Radar,317,117,52,0,486,0,6,75,1,82,317,123,127,1,568,62,0,62,630
01/21/2020,OAK,CA,AWP,WE,Towers with Radar,356,107,48,0,511,0,3,11,0,14,356,110,59,0,525,68,0,68,593
01/22/2020,OAK,CA,AWP,WE,Towers with Radar,355,88,60,0,503,0,8,49,0,57,355,96,109,0,560,56,0,56,616
01/23/2020,OAK,CA,AWP,WE,Towers with Radar,357,86,45,0,488,0,14,50,2,66,357,100,95,2,554,165,0,165,719
01/24/2020,OAK,CA,AWP,WE,Towers with Radar,346,95,41,0,482,0,13,48,1,62,346,108,89,1,544,28,0,28,572
01/25/2020,OAK,CA,AWP,WE,Towers with Radar,234,56,32,0,322,0,3,26,0,29,234,59,58,0,351,46,0,46,397
01/26/2020,OAK,CA,AWP,WE,Towers with Radar,292,96,43,1,432,0,2,59,0,61,292,98,102,1,493,138,0,138,631
01/27/2020,OAK,CA,AWP,WE,Towers with Radar,310,92,36,0,438,0,8,21,0,29,310,100,57,0,467,94,0,94,561
01/28/2020,OAK,CA,AWP,WE,Towers with Radar,337,85,41,2,465,0,3,10,0,13,337,88,51,2,478,34,0,34,512
01/29/2020,OAK,CA,AWP,WE,Towers with Radar,359,91,44,1,495,0,12,66,5,83,359,103,110,6,578,72,0,72,650
01/30/2020,OAK,CA,AWP,WE,Towers with Radar,356,112,41,0,509,0,8,23,0,31,356,120,64,0,540,40,0,40,580
01/31/2020,OAK,CA,AWP,WE,Towers with Radar,353,89,48,0,490,0,13,58,0,71,353,102,106,0,561,84,0,84,645
02/01/2020,OAK,CA,AWP,WE,Towers with Radar,238,54,39,0,331,0,10,55,0,65,238,64,94,0,396,34,0,34,430
02/02/2020,OAK,CA,AWP,WE,Towers with Radar,284,85,25,0,394,0,6,24,0,30,284,91,49,0,424,24,0,24,448
02/03/2020,OAK,CA,AWP,WE,Towers with Radar,313,100,35,0,448,0,12,22,2,36,313,112,57,2,484,84,0,84,568
02/04/2020,OAK,CA,AWP,WE,Towers with Radar,343,73,39,1,456,0,10,48,0,58,343,83,87,1,514,122,0,122,636
02/05/2020,OAK,CA,AWP,WE,Towers with Radar,347,74,44,0,465,0,12,64,1,77,347,86,108,1,542,118,0,118,660
02/06/2020,OAK,CA,AWP,WE,Towers with Radar,358,98,65,0,521,0,11,99,2,112,358,109,164,2,633,134,8,142,775
02/07/2020,OAK,CA,AWP,WE,Towers with Radar,353,117,43,0,513,0,11,74,2,87,353,128,117,2,600,66,0,66,666
02/08/2020,OAK,CA,AWP,WE,Towers with Radar,229,60,30,0,319,0,2,71,0,73,229,62,101,0,392,90,0,90,482
02/09/2020,OAK,CA,AWP,WE,Towers with Radar,250,95,29,0,374,0,3,7,1,11,250,98,36,1,385,2,0,2,387
02/10/2020,OAK,CA,AWP,WE,Towers with Radar,322,84,20,0,426,0,12,53,1,66,322,96,73,1,492,76,0,76,568
02/11/2020,OAK,CA,AWP,WE,Towers with Radar,342,77,54,0,473,0,8,64,0,72,342,85,118,0,545,108,0,108,653
02/12/2020,OAK,CA,AWP,WE,Towers with Radar,364,95,45,3,507,0,16,74,5,95,364,111,119,8,602,102,14,116,718
02/13/2020,OAK,CA,AWP,WE,Towers with Radar,361,117,53,0,531,0,4,43,0,47,361,121,96,0,578,122,0,122,700
02/14/2020,OAK,CA,AWP,WE,Towers with Radar,354,125,52,1,532,0,13,65,2,80,354,138,117,3,612,98,14,112,724
02/15/2020,OAK,CA,AWP,WE,Towers with Radar,236,70,34,1,341,0,8,71,0,79,236,78,105,1,420,86,0,86,506
02/16/2020,OAK,CA,AWP,WE,Towers with Radar,292,75,25,1,393,0,0,71,0,71,292,75,96,1,464,110,0,110,574
02/17/2020,OAK,CA,AWP,WE,Towers with Radar,326,103,37,0,466,0,7,80,0,87,326,110,117,0,553,32,0,32,585
02/18/2020,OAK,CA,AWP,WE,Towers with Radar,358,97,43,1,499,0,12,46,0,58,358,109,89,1,557,104,0,104,661
02/19/2020,OAK,CA,AWP,WE,Towers with Radar,367,92,47,4,510,0,12,69,0,81,367,104,116,4,591,0,0,0,591
02/20/2020,OAK,CA,AWP,WE,Towers with Radar,365,88,47,0,500,0,8,77,0,85,365,96,124,0,585,42,0,42,627
02/21/2020,OAK,CA,AWP,WE,Towers with Radar,352,102,40,0,494,0,9,83,5,97,352,111,123,5,591,64,4,68,659
02/22/2020,OAK,CA,AWP,WE,Towers with Radar,238,62,42,1,343,0,8,50,0,58,238,70,92,1,401,82,0,82,483
02/23/2020,OAK,CA,AWP,WE,Towers with Radar,298,105,42,0,445,0,5,52,0,57,298,110,94,0,502,36,0,36,538
02/24/2020,OAK,CA,AWP,WE,Towers with Radar,319,87,28,0,434,0,8,60,0,68,319,95,88,0,502,42,0,42,544
02/25/2020,OAK,CA,AWP,WE,Towers with Radar,364,77,28,0,469,0,11,71,0,82,364,88,99,0,551,140,0,140,691
02/26/2020,OAK,CA,AWP,WE,Towers with Radar,363,80,42,1,486,0,6,89,1,96,363,86,131,2,582,98,0,98,680
02/27/2020,OAK,CA,AWP,WE,Towers with Radar,369,103,47,2,521,0,10,59,2,71,369,113,106,4,592,92,0,92,684
02/28/2020,OAK,CA,AWP,WE,Towers with Radar,351,97,21,0,469,0,10,60,0,70,351,107,81,0,539,86,0,86,625
02/29/2020,OAK,CA,AWP,WE,Towers with Radar,240,60,19,0,319,0,4,56,0,60,240,64,75,0,379,44,0,44,423
03/01/2020,OAK,CA,AWP,WE,Towers with Radar,297,85,28,0,410,0,4,70,0,74,297,89,98,0,484,108,0,108,592
03/02/2020,OAK,CA,AWP,WE,Towers with Radar,325,82,41,0,448,0,10,26,0,36,325,92,67,0,484,46,0,46,530
03/03/2020,OAK,CA,AWP,WE,Towers with Radar,361,80,38,0,479,0,7,58,0,65,361,87,96,0,544,174,0,174,718
03/04/2020,OAK,CA,AWP,WE,Towers with Radar,368,85,41,2,496,0,13,73,1,87,368,98,114,3,583,94,2,96,679
03/05/2020,OAK,CA,AWP,WE,Towers with Radar,368,108,50,1,527,0,9,58,0,67,368,117,108,1,594,160,0,160,754
03/06/2020,OAK,CA,AWP,WE,Towers with Radar,350,100,52,0,502,0,2,28,0,30,350,102,80,0,532,110,0,110,642
03/07/2020,OAK,CA,AWP,WE,Towers with Radar,249,62,24,0,335,0,3,25,3,31,249,65,49,3,366,76,0,76,442
03/08/2020,OAK,CA,AWP,WE,Towers with Radar,304,86,42,0,432,0,8,59,2,69,304,94,101,2,501,148,0,148,649
03/09/2020,OAK,CA,AWP,WE,Towers with Radar,329,87,27,0,443,0,8,45,0,53,329,95,72,0,496,102,0,102,598
03/10/2020,OAK,CA,AWP,WE,Towers with Radar,374,87,30,0,491,0,7,56,0,63,374,94,86,0,554,76,0,76,630
03/11/2020,OAK,CA,AWP,WE,Towers with Radar,374,77,38,0,489,0,6,67,0,73,374,83,105,0,562,100,0,100,662
03/12/2020,OAK,CA,AWP,WE,Towers with Radar,388,98,23,0,509,0,6,62,4,72,388,104,85,4,581,142,0,142,723
03/13/2020,OAK,CA,AWP,WE,Towers with Radar,349,93,35,0,477,0,6,46,5,57,349,99,81,5,534,52,0,52,586
03/14/2020,OAK,CA,AWP,WE,Towers with Radar,250,73,24,0,347,0,4,7,1,12,250,77,31,1,359,34,0,34,393
03/15/2020,OAK,CA,AWP,WE,Towers with Radar,307,80,31,0,418,0,2,7,0,9,307,82,38,0,427,98,0,98,525
03/16/2020,OAK,CA,AWP,WE,Towers with Radar,308,71,35,0,414,0,7,18,0,25,308,78,53,0,439,58,0,58,497
03/17/2020,OAK,CA,AWP,WE,Towers with Radar,353,68,25,0,446,0,7,24,0,31,353,75,49,0,477,12,0,12,489
03/18/2020,OAK,CA,AWP,WE,Towers with Radar,338,57,7,2,404,0,4,11,0,15,338,61,18,2,419,2,0,2,421
03/19/2020,OAK,CA,AWP,WE,Towers with Radar,327,61,14,0,402,0,7,13,0,20,327,68,27,0,422,0,0,0,422
03/20/2020,OAK,CA,AWP,WE,Towers with Radar,310,51,16,0,377,0,7,31,0,38,310,58,47,0,415,14,0,14,429
03/21/2020,OAK,CA,AWP,WE,Towers with Radar,209,30,7,0,246,0,3,16,0,19,209,33,23,0,265,30,0,30,295
03/22/2020,OAK,CA,AWP,WE,Towers with Radar,198,19,6,0,223,0,0,10,0,10,198,19,16,0,233,4,0,4,237
03/23/2020,OAK,CA,AWP,WE,Towers with Radar,217,29,6,0,252,0,5,9,2,16,217,34,15,2,268,22,6,28,296
03/24/2020,OAK,CA,AWP,WE,Towers with Radar,280,41,6,2,329,0,9,0,2,11,280,50,6,4,340,0,2,2,342
03/25/2020,OAK,CA,AWP,WE,Towers with Radar,275,32,9,1,317,0,5,7,1,13,275,37,16,2,330,8,0,8,338
03/26/2020,OAK,CA,AWP,WE,Towers with Radar,251,27,4,0,282,0,6,29,0,35,251,33,33,0,317,48,0,48,365
03/27/2020,OAK,CA,AWP,WE,Towers with Radar,205,28,8,0,241,0,8,25,0,33,205,36,33,0,274,10,0,10,284
03/28/2020,OAK,CA,AWP,WE,Towers with Radar,144,13,13,0,170,0,1,2,0,3,144,14,15,0,173,56,0,56,229
03/29/2020,OAK,CA,AWP,WE,Towers with Radar,160,18,0,0,178,0,0,12,0,12,160,18,12,0,190,26,0,26,216
03/30/2020,OAK,CA,AWP,WE,Towers with Radar,170,28,1,0,199,0,9,7,0,16,170,37,8,0,215,22,0,22,237
03/31/2020,OAK,CA,AWP,WE,Towers with Radar,216,34,5,0,255,0,4,15,0,19,216,38,20,0,274,28,0,28,302
04/01/2020,OAK,CA,AWP,WE,Towers with Radar,209,34,7,0,250,0,6,30,0,36,209,40,37,0,286,18,0,18,304
04/02/2020,OAK,CA,AWP,WE,Towers with Radar,198,21,8,0,227,0,10,22,0,32,198,31,30,0,259,6,0,6,265
04/03/2020,OAK,CA,AWP,WE,Towers with Radar,184,25,11,0,220,0,10,30,0,40,184,35,41,0,260,0,0,0,260
04/04/2020,OAK,CA,AWP,WE,Towers with Radar,134,11,8,0,153,0,1,4,0,5,134,12,12,0,158,32,26,58,216
04/05/2020,OAK,CA,AWP,WE,Towers with Radar,119,29,1,0,149,0,0,9,0,9,119,29,10,0,158,0,24,24,182
04/06/2020,OAK,CA,AWP,WE,Towers with Radar,120,24,4,0,148,0,5,18,1,24,120,29,22,1,172,50,0,50,222
04/07/2020,OAK,CA,AWP,WE,Towers with Radar,180,25,5,0,210,0,10,19,2,31,180,35,24,2,241,18,0,18,259
04/08/2020,OAK,CA,AWP,WE,Towers with Radar,168,29,6,1,204,0,3,12,0,15,168,32,18,1,219,0,0,0,219
04/09/2020,OAK,CA,AWP,WE,Towers with Radar,169,34,14,2,219,0,5,4,2,11,169,39,18,4,230,10,0,10,240
04/10/2020,OAK,CA,AWP,WE,Towers with Radar,142,28,7,0,177,0,3,11,0,14,142,31,18,0,191,0,0,0,191
04/11/2020,OAK,CA,AWP,WE,Towers with Radar,111,19,16,1,147,0,2,14,0,16,111,21,30,1,163,22,0,22,185
04/12/2020,OAK,CA,AWP,WE,Towers with Radar,104,19,15,0,138,0,5,22,0,27,104,24,37,0,165,16,0,16,181
04/13/2020,OAK,CA,AWP,WE,Towers with Radar,109,19,4,4,136,0,6,19,1,26,109,25,23,5,162,34,0,34,196
04/14/2020,OAK,CA,AWP,WE,Towers with Radar,161,27,5,2,195,0,8,24,0,32,161,35,29,2,227,48,2,50,277
04/15/2020,OAK,CA,AWP,WE,Towers with Radar,169,27,3,0,199,0,7,20,0,27,169,34,23,0,226,14,0,14,240
04/16/2020,OAK,CA,AWP,WE,Towers with Radar,147,25,11,0,183,0,5,18,0,23,147,30,29,0,206,12,0,12,218
04/17/2020,OAK,CA,AWP,WE,Towers with Radar,140,24,7,0,171,0,5,12,0,17,140,29,19,0,188,2,0,2,190
04/18/2020,OAK,CA,AWP,WE,Towers with Radar,117,9,8,0,134,0,1,22,0,23,117,10,30,0,157,34,0,34,191
04/19/2020,OAK,CA,AWP,WE,Towers with Radar,98,23,15,0,136,0,0,22,0,22,98,23,37,0,158,20,0,20,178
04/20/2020,OAK,CA,AWP,WE,Towers with Radar,103,23,4,0,130,0,7,7,0,14,103,30,11,0,144,36,0,36,180
04/21/2020,OAK,CA,AWP,WE,Towers with Radar,144,22,9,0,175,0,7,12,1,20,144,29,21,1,195,12,0,12,207
04/22/2020,OAK,CA,AWP,WE,Towers with Radar,141,26,7,0,174,0,6,22,0,28,141,32,29,0,202,2,0,2,204
04/23/2020,OAK,CA,AWP,WE,Towers with Radar,141,26,9,0,176,0,5,28,1,34,141,31,37,1,210,0,0,0,210
04/24/2020,OAK,CA,AWP,WE,Towers with Radar,122,23,12,1,158,0,5,35,1,41,122,28,47,2,199,8,2,10,209
04/25/2020,OAK,CA,AWP,WE,Towers with Radar,104,13,7,0,124,0,0,30,3,33,104,13,37,3,157,4,6,10,167
04/26/2020,OAK,CA,AWP,WE,Towers with Radar,90,20,18,0,128,0,0,43,1,44,90,20,61,1,172,50,4,54,226
04/27/2020,OAK,CA,AWP,WE,Towers with Radar,108,22,12,0,142,0,6,33,1,40,108,28,45,1,182,10,8,18,200
04/28/2020,OAK,CA,AWP,WE,Towers with Radar,158,21,3,0,182,0,8,47,2,57,158,29,50,2,239,14,0,14,253
04/29/2020,OAK,CA,AWP,WE,Towers with Radar,151,46,7,0,204,0,6,22,2,30,151,52,29,2,234,6,18,24,258
04/30/2020,OAK,CA,AWP,WE,Towers with Radar,149,35,14,0,198,0,4,18,0,22,149,39,32,0,220,2,0,2,222
05/01/2020,OAK,CA,AWP,WE,Towers with Radar,137,24,15,0,176,0,5,50,0,55,137,29,65,0,231,32,0,32,263
05/02/2020,OAK,CA,AWP,WE,Towers with Radar,114,22,17,0,153,0,2,21,0,23,114,24,38,0,176,0,0,0,176
05/03/2020,OAK,CA,AWP,WE,Towers with Radar,112,24,10,0,146,0,1,52,0,53,112,25,62,0,199,62,0,62,261
05/04/2020,OAK,CA,AWP,WE,Towers with Radar,108,27,10,0,145,0,11,26,0,37,108,38,36,0,182,10,0,10,192
05/05/2020,OAK,CA,AWP,WE,Towers with Radar,155,28,17,0,200,0,5,30,0,35,155,33,47,0,235,20,0,20,255
05/06/2020,OAK,CA,AWP,WE,Towers with Radar,159,30,14,3,206,0,7,39,1,47,159,37,53,4,253,72,40,112,365
05/07/2020,OAK,CA,AWP,WE,Towers with Radar,153,27,14,0,194,0,12,38,2,52,153,39,52,2,246,40,0,40,286
05/08/2020,OAK,CA,AWP,WE,Towers with Radar,137,26,12,0,175,0,5,45,0,50,137,31,57,0,225,16,0,16,241
05/09/2020,OAK,CA,AWP,WE,Towers with Radar,118,24,11,0,153,0,2,37,2,41,118,26,48,2,194,64,12,76,270
05/10/2020,OAK,CA,AWP,WE,Towers with Radar,110,16,8,0,134,0,1,25,0,26,110,17,33,0,160,10,0,10,170
05/11/2020,OAK,CA,AWP,WE,Towers with Radar,107,26,17,0,150,0,3,15,2,20,107,29,32,2,170,0,16,16,186
05/12/2020,OAK,CA,AWP,WE,Towers with Radar,154,37,13,0,204,0,13,16,0,29,154,50,29,0,233,12,0,12,245
05/13/2020,OAK,CA,AWP,WE,Towers with Radar,159,33,14,0,206,0,11,16,0,27,159,44,30,0,233,26,0,26,259
05/14/2020,OAK,CA,AWP,WE,Towers with Radar,147,39,24,0,210,0,12,24,0,36,147,51,48,0,246,50,0,50,296
05/15/2020,OAK,CA,AWP,WE,Towers with Radar,137,35,11,0,183,0,10,56,0,66,137,45,67,0,249,4,0,4,253
05/16/2020,OAK,CA,AWP,WE,Towers with Radar,114,21,6,0,141,0,2,54,0,56,114,23,60,0,197,42,0,42,239
05/17/2020,OAK,CA,AWP,WE,Towers with Radar,110,39,7,0,156,0,1,22,0,23,110,40,29,0,179,30,0,30,209
05/18/2020,OAK,CA,AWP,WE,Towers with Radar,107,26,25,0,158,0,8,14,3,25,107,34,39,3,183,73,8,81,264
05/19/2020,OAK,CA,AWP,WE,Towers with Radar,153,34,13,0,200,0,12,57,0,69,153,46,70,0,269,62,2,64,333
05/20/2020,OAK,CA,AWP,WE,Towers with Radar,157,42,16,0,215,0,11,50,0,61,157,53,66,0,276,92,0,92,368
05/21/2020,OAK,CA,AWP,WE,Towers with Radar,150,57,11,5,223,0,7,71,2,80,150,64,82,7,303,172,0,172,475
05/22/2020,OAK,CA,AWP,WE,Towers with Radar,138,31,12,0,181,0,7,58,0,65,138,38,70,0,246,104,0,104,350
05/23/2020,OAK,CA,AWP,WE,Towers with Radar,112,30,9,0,151,0,6,38,4,48,112,36,47,4,199,148,0,148,347
05/24/2020,OAK,CA,AWP,WE,Towers with Radar,111,25,8,0,144,0,2,41,0,43,111,27,49,0,187,62,0,62,249
05/25/2020,OAK,CA,AWP,WE,Towers with Radar,84,39,13,0,136,0,0,59,0,59,84,39,72,0,195,48,0,48,243
05/26/2020,OAK,CA,AWP,WE,Towers with Radar,112,35,21,0,168,0,12,29,0,41,112,47,50,0,209,82,0,82,291
05/27/2020,OAK,CA,AWP,WE,Towers with Radar,163,40,18,1,222,0,7,42,1,50,163,47,60,2,272,70,0,70,342
05/28/2020,OAK,CA,AWP,WE,Towers with Radar,162,43,20,0,225,0,6,25,0,31,162,49,45,0,256,30,0,30,286
05/29/2020,OAK,CA,AWP,WE,Towers with Radar,142,39,12,0,193,0,4,48,1,53,142,43,60,1,246,112,0,112,358
05/30/2020,OAK,CA,AWP,WE,Towers with Radar,112,37,13,0,162,0,2,30,3,35,112,39,43,3,197,22,10,32,229
05/31/2020,OAK,CA,AWP,WE,Towers with Radar,112,32,22,0,166,0,5,75,0,80,112,37,97,0,246,124,0,124,370
06/01/2020,OAK,CA,AWP,WE,Towers with Radar,112,49,17,0,178,0,11,58,0,69,112,60,75,0,247,38,0,38,285
06/02/2020,OAK,CA,AWP,WE,Towers with Radar,158,49,15,0,222,0,11,70,0,81,158,60,85,0,303,84,0,84,387
06/03/2020,OAK,CA,AWP,WE,Towers with Radar,162,34,9,0,205,0,13,54,0,67,162,47,63,0,272,140,0,140,412
06/04/2020,OAK,CA,AWP,WE,Towers with Radar,156,50,18,0,224,0,10,54,0,64,156,60,72,0,288,50,0,50,338
06/05/2020,OAK,CA,AWP,WE,Towers with Radar,145,53,23,0,221,0,7,17,0,24,145,60,40,0,245,68,0,68,313
06/06/2020,OAK,CA,AWP,WE,Towers with Radar,119,24,5,0,148,0,2,30,3,35,119,26,35,3,183,114,6,120,303
06/07/2020,OAK,CA,AWP,WE,Towers with Radar,162,39,24,0,225,0,2,39,0,41,162,41,63,0,266,48,0,48,314
06/08/2020,OAK,CA,AWP,WE,Towers with Radar,168,47,18,0,233,0,5,51,0,56,168,52,69,0,289,90,0,90,379
06/09/2020,OAK,CA,AWP,WE,Towers with Radar,197,45,11,2,255,0,8,44,0,52,197,53,55,2,307,100,0,100,407
06/10/2020,OAK,CA,AWP,WE,Towers with Radar,193,51,25,0,269,0,9,47,1,57,193,60,72,1,326,98,0,98,424
06/11/2020,OAK,CA,AWP,WE,Towers with Radar,214,63,12,0,289,0,10,44,5,59,214,73,56,5,348,102,4,106,454
06/12/2020,OAK,CA,AWP,WE,Towers with Radar,198,66,23,0,287,0,10,34,3,47,198,76,57,3,334,72,10,82,416
06/13/2020,OAK,CA,AWP,WE,Towers with Radar,159,33,14,0,206,0,3,52,0,55,159,36,66,0,261,106,0,106,367
06/14/2020,OAK,CA,AWP,WE,Towers with Radar,167,58,26,0,251,0,2,41,0,43,167,60,67,0,294,98,0,98,392
06/15/2020,OAK,CA,AWP,WE,Towers with Radar,165,52,16,0,233,0,7,28,0,35,165,59,44,0,268,82,0,82,350
06/16/2020,OAK,CA,AWP,WE,Towers with Radar,193,43,20,0,256,0,8,42,0,50,193,51,62,0,306,80,0,80,386
06/17/2020,OAK,CA,AWP,WE,Towers with Radar,188,44,18,0,250,0,12,60,0,72,188,56,78,0,322,127,0,127,449
06/18/2020,OAK,CA,AWP,WE,Towers with Radar,214,55,25,1,295,0,8,56,0,64,214,63,81,1,359,138,0,138,497
06/19/2020,OAK,CA,AWP,WE,Towers with Radar,195,71,25,1,292,0,14,50,1,65,195,85,75,2,357,84,0,84,441
06/20/2020,OAK,CA,AWP,WE,Towers with Radar,162,31,30,0,223,0,4,39,0,43,162,35,69,0,266,42,0,42,308
06/21/2020,OAK,CA,AWP,WE,Towers with Radar,173,48,19,0,240,0,2,35,0,37,173,50,54,0,277,92,0,92,369
06/22/2020,OAK,CA,AWP,WE,Towers with Radar,175,61,22,3,261,0,5,34,0,39,175,66,56,3,300,58,0,58,358
06/23/2020,OAK,CA,AWP,WE,Towers with Radar,204,44,28,3,279,0,6,31,3,40,204,50,59,6,319,60,0,60,379
06/24/2020,OAK,CA,AWP,WE,Towers with Radar,202,60,30,2,294,0,7,40,0,47,202,67,70,2,341,92,0,92,433
06/25/2020,OAK,CA,AWP,WE,Towers with Radar,219,84,28,0,331,0,14,36,2,52,219,98,64,2,383,106,0,106,489
06/26/2020,OAK,CA,AWP,WE,Towers with Radar,208,67,32,0,307,0,10,46,0,56,208,77,78,0,363,136,0,136,499
06/27/2020,OAK,CA,AWP,WE,Towers with Radar,180,47,29,0,256,0,3,31,0,34,180,50,60,0,290,150,0,150,440
06/28/2020,OAK,CA,AWP,WE,Towers with Radar,187,45,31,0,263,0,2,51,0,53,187,47,82,0,316,62,0,62,378
06/29/2020,OAK,CA,AWP,WE,Towers with Radar,187,51,25,0,263,0,12,67,0,79,187,63,92,0,342,90,0,90,432
06/30/2020,OAK,CA,AWP,WE,Towers with Radar,235,64,34,2,335,0,12,68,0,80,235,76,102,2,415,170,13,183,598
07/01/2020,OAK,CA,AWP,WE,Towers with Radar,247,67,35,0,349,0,5,50,4,59,247,72,85,4,408,136,0,136,544
07/02/2020,OAK,CA,AWP,WE,Towers with Radar,239,66,17,0,322,0,7,54,0,61,239,73,71,0,383,174,0,174,557
07/03/2020,OAK,CA,AWP,WE,Towers with Radar,226,56,23,0,305,0,19,44,0,63,226,75,67,0,368,192,0,192,560
07/04/2020,OAK,CA,AWP,WE,Towers with Radar,148,20,6,0,174,0,0,42,0,42,148,20,48,0,216,22,0,22,238
07/05/2020,OAK,CA,AWP,WE,Towers with Radar,204,55,24,0,283,0,6,48,0,54,204,61,72,0,337,144,0,144,481
07/06/2020,OAK,CA,AWP,WE,Towers with Radar,202,43,20,0,265,0,9,25,1,35,202,52,45,1,300,42,0,42,342
07/07/2020,OAK,CA,AWP,WE,Towers with Radar,252,54,20,0,326,0,13,32,0,45,252,67,52,0,371,60,0,60,431
07/08/2020,OAK,CA,AWP,WE,Towers with Radar,251,61,12,0,324,0,7,34,2,43,251,68,46,2,367,54,0,54,421
07/09/2020,OAK,CA,AWP,WE,Towers with Radar,249,61,22,0,332,0,6,60,0,66,249,67,82,0,398,90,0,90,488
07/10/2020,OAK,CA,AWP,WE,Towers with Radar,229,60,24,0,313,0,8,62,0,70,229,68,86,0,383,76,6,82,465
07/11/2020,OAK,CA,AWP,WE,Towers with Radar,206,44,14,0,264,0,8,54,0,62,206,52,68,0,326,106,0,106,432
07/12/2020,OAK,CA,AWP,WE,Towers with Radar,208,55,35,0,298,0,4,75,1,80,208,59,110,1,378,118,0,118,496
07/13/2020,OAK,CA,AWP,WE,Towers with Radar,198,56,37,0,291,0,8,49,0,57,198,64,86,0,348,94,0,94,442
07/14/2020,OAK,CA,AWP,WE,Towers with Radar,248,47,19,0,314,0,7,45,1,53,248,54,64,1,367,94,0,94,461
07/15/2020,OAK,CA,AWP,WE,Towers with Radar,250,51,31,0,332,0,5,52,0,57,250,56,83,0,389,62,0,62,451
07/16/2020,OAK,CA,AWP,WE,Towers with Radar,247,64,33,0,344,0,8,60,1,69,247,72,93,1,413,108,0,108,521
07/17/2020,OAK,CA,AWP,WE,Towers with Radar,231,52,30,0,313,0,5,52,0,57,231,57,82,0,370,118,0,118,488
07/18/2020,OAK,CA,AWP,WE,Towers with Radar,213,34,34,0,281,0,1,67,0,68,213,35,101,0,349,141,0,141,490
07/19/2020,OAK,CA,AWP,WE,Towers with Radar,199,59,30,0,288,0,13,50,0,63,199,72,80,0,351,140,0,140,491
07/20/2020,OAK,CA,AWP,WE,Towers with Radar,202,55,23,0,280,0,7,30,0,37,202,62,53,0,317,70,0,70,387
07/21/2020,OAK,CA,AWP,WE,Towers with Radar,252,50,36,0,338,0,8,29,0,37,252,58,65,0,375,118,0,118,493
07/22/2020,OAK,CA,AWP,WE,Towers with Radar,248,60,33,0,341,0,6,44,2,52,248,66,77,2,393,106,18,124,517
07/23/2020,OAK,CA,AWP,WE,Towers with Radar,253,61,38,0,352,0,9,61,2,72,253,70,99,2,424,164,0,164,588
07/24/2020,OAK,CA,AWP,WE,Towers with Radar,239,59,15,0,313,0,6,61,1,68,239,65,76,1,381,54,0,54,435
07/25/2020,OAK,CA,AWP,WE,Towers with Radar,219,43,23,0,285,0,1,55,0,56,219,44,78,0,341,52,0,52,393
07/26/2020,OAK,CA,AWP,WE,Towers with Radar,199,55,46,0,300,0,3,69,0,72,199,58,115,0,372,12,0,12,384
07/27/2020,OAK,CA,AWP,WE,Towers with Radar,208,64,35,0,307,0,8,46,0,54,208,72,81,0,361,38,0,38,399
07/28/2020,OAK,CA,AWP,WE,Towers with Radar,250,48,28,4,330,0,6,35,1,42,250,54,63,5,372,110,4,114,486
07/29/2020,OAK,CA,AWP,WE,Towers with Radar,261,53,35,0,349,0,6,58,0,64,261,59,93,0,413,60,0,60,473
07/30/2020,OAK,CA,AWP,WE,Towers with Radar,252,45,34,2,333,0,5,56,0,61,252,50,90,2,394,156,0,156,550
07/31/2020,OAK,CA,AWP,WE,Towers with Radar,232,64,41,0,337,1,4,43,0,48,233,68,84,0,385,74,0,74,459
08/01/2020,OAK,CA,AWP,WE,Towers with Radar,209,57,36,0,302,0,3,57,0,60,209,60,93,0,362,192,0,192,554
08/02/2020,OAK,CA,AWP,WE,Towers with Radar,202,50,22,0,274,0,10,72,0,82,202,60,94,0,356,116,0,116,472
08/03/2020,OAK,CA,AWP,WE,Towers with Radar,209,44,23,0,276,0,10,63,0,73,209,54,86,0,349,44,0,44,393
08/04/2020,OAK,CA,AWP,WE,Towers with Radar,252,54,33,0,339,0,0,26,0,26,252,54,59,0,365,44,0,44,409
08/05/2020,OAK,CA,AWP,WE,Towers with Radar,263,66,34,0,363,0,2,12,0,14,263,68,46,0,377,0,0,0,377
08/06/2020,OAK,CA,AWP,WE,Towers with Radar,252,53,25,0,330,0,10,68,0,78,252,63,93,0,408,108,0,108,516
08/07/2020,OAK,CA,AWP,WE,Towers with Radar,237,62,26,0,325,0,11,58,0,69,237,73,84,0,394,100,0,100,494
08/08/2020,OAK,CA,AWP,WE,Towers with Radar,210,49,31,0,290,0,1,63,0,64,210,50,94,0,354,18,0,18,372
08/09/2020,OAK,CA,AWP,WE,Towers with Radar,204,63,33,0,300,0,5,98,0,103,204,68,131,0,403,30,0,30,433
08/10/2020,OAK,CA,AWP,WE,Towers with Radar,209,55,34,0,298,0,5,54,0,59,209,60,88,0,357,158,0,158,515
08/11/2020,OAK,CA,AWP,WE,Towers with Radar,228,47,30,0,305,0,5,38,0,43,228,52,68,0,348,126,0,126,474
08/12/2020,OAK,CA,AWP,WE,Towers with Radar,235,59,50,0,344,0,10,69,0,79,235,69,119,0,423,112,0,112,535
08/13/2020,OAK,CA,AWP,WE,Towers with Radar,224,48,30,0,302,0,9,69,3,81,224,57,99,3,383,150,0,150,533
08/14/2020,OAK,CA,AWP,WE,Towers with Radar,209,64,24,0,297,0,12,63,2,77,209,76,87,2,374,14,0,14,388
08/15/2020,OAK,CA,AWP,WE,Towers with Radar,168,50,23,0,241,0,3,76,1,80,168,53,99,1,321,212,0,212,533
08/16/2020,OAK,CA,AWP,WE,Towers with Radar,173,59,33,0,265,0,8,42,0,50,173,67,75,0,315,68,0,68,383
08/17/2020,OAK,CA,AWP,WE,Towers with Radar,185,49,31,0,265,0,7,28,1,36,185,56,59,1,301,118,0,118,419
08/18/2020,OAK,CA,AWP,WE,Towers with Radar,227,66,34,1,328,0,11,52,1,64,227,77,86,2,392,140,0,140,532
08/19/2020,OAK,CA,AWP,WE,Towers with Radar,228,61,23,0,312,0,5,20,1,26,228,66,43,1,338,40,0,40,378
08/20/2020,OAK,CA,AWP,WE,Towers with Radar,223,72,39,1,335,0,5,36,2,43,223,77,75,3,378,52,0,52,430
08/21/2020,OAK,CA,AWP,WE,Towers with Radar,214,69,16,2,301,0,4,17,0,21,214,73,33,2,322,68,0,68,390
08/22/2020,OAK,CA,AWP,WE,Towers with Radar,165,40,26,0,231,0,0,29,0,29,165,40,55,0,260,78,0,78,338
08/23/2020,OAK,CA,AWP,WE,Towers with Radar,179,71,44,0,294,0,1,12,1,14,179,72,56,1,308,0,0,0,308
08/24/2020,OAK,CA,AWP,WE,Towers with Radar,178,63,36,0,277,0,4,22,2,28,178,67,58,2,305,118,0,118,423
08/25/2020,OAK,CA,AWP,WE,Towers with Radar,224,47,28,0,299,0,4,20,0,24,224,51,48,0,323,54,0,54,377
08/26/2020,OAK,CA,AWP,WE,Towers with Radar,221,70,38,0,329,0,2,15,0,17,221,72,53,0,346,95,0,95,441
08/27/2020,OAK,CA,AWP,WE,Towers with Radar,222,65,36,0,323,0,6,42,0,48,222,71,78,0,371,158,0,158,529
08/28/2020,OAK,CA,AWP,WE,Towers with Radar,212,56,43,0,311,0,2,40,0,42,212,58,83,0,353,38,0,38,391
08/29/2020,OAK,CA,AWP,WE,Towers with Radar,157,38,23,0,218,0,0,35,0,35,157,38,58,0,253,106,0,106,359
08/30/2020,OAK,CA,AWP,WE,Towers with Radar,174,61,37,2,274,0,1,48,2,51,174,62,85,4,325,102,0,102,427
08/31/2020,OAK,CA,AWP,WE,Towers with Radar,183,47,32,1,263,0,6,24,0,30,183,53,56,1,293,66,0,66,359
09/01/2020,OAK,CA,AWP,WE,Towers with Radar,232,48,39,4,323,0,3,24,1,28,232,51,63,5,351,64,0,64,415
09/02/2020,OAK,CA,AWP,WE,Towers with Radar,227,48,39,0,314,0,7,39,0,46,227,55,78,0,360,112,0,112,472
09/03/2020,OAK,CA,AWP,WE,Towers with Radar,226,66,35,1,328,0,8,44,0,52,226,74,79,1,380,94,0,94,474
09/04/2020,OAK,CA,AWP,WE,Towers with Radar,213,58,34,1,306,0,8,66,0,74,213,66,100,1,380,66,0,66,446
09/05/2020,OAK,CA,AWP,WE,Towers with Radar,162,32,11,0,205,0,3,54,1,58,162,35,65,1,263,24,0,24,287
09/06/2020,OAK,CA,AWP,WE,Towers with Radar,173,29,16,0,218,0,3,45,0,48,173,32,61,0,266,48,0,48,314
09/07/2020,OAK,CA,AWP,WE,Towers with Radar,156,60,19,0,235,0,6,48,0,54,156,66,67,0,289,48,0,48,337
09/08/2020,OAK,CA,AWP,WE,Towers with Radar,171,50,23,0,244,0,4,20,0,24,171,54,43,0,268,84,0,84,352
09/09/2020,OAK,CA,AWP,WE,Towers with Radar,220,55,25,0,300,0,3,1,0,4,220,58,26,0,304,36,0,36,340
09/10/2020,OAK,CA,AWP,WE,Towers with Radar,207,84,42,0,333,0,0,0,0,0,207,84,42,0,333,0,0,0,333
09/11/2020,OAK,CA,AWP,WE,Towers with Radar,195,82,45,0,322,0,0,0,0,0,195,82,45,0,322,0,0,0,322
09/12/2020,OAK,CA,AWP,WE,Towers with Radar,156,48,22,0,226,0,0,0,0,0,156,48,22,0,226,0,0,0,226
09/13/2020,OAK,CA,AWP,WE,Towers with Radar,162,65,36,0,263,0,0,0,0,0,162,65,36,0,263,0,0,0,263
09/14/2020,OAK,CA,AWP,WE,Towers with Radar,162,73,36,1,272,0,1,1,0,2,162,74,37,1,274,0,0,0,274
09/15/2020,OAK,CA,AWP,WE,Towers with Radar,214,60,55,0,329,0,4,37,4,45,214,64,92,4,374,214,4,218,592
09/16/2020,OAK,CA,AWP,WE,Towers with Radar,221,72,27,0,320,0,6,50,2,58,221,78,77,2,378,128,0,128,506
09/17/2020,OAK,CA,AWP,WE,Towers with Radar,210,64,33,0,307,0,9,49,0,58,210,73,82,0,365,50,0,50,415
09/18/2020,OAK,CA,AWP,WE,Towers with Radar,205,79,30,2,316,0,10,75,0,85,205,89,105,2,401,204,0,204,605
09/19/2020,OAK,CA,AWP,WE,Towers with Radar,170,40,19,0,229,0,4,69,0,73,170,44,88,0,302,58,0,58,360
09/20/2020,OAK,CA,AWP,WE,Towers with Radar,169,65,26,0,260,0,0,69,0,69,169,65,95,0,329,66,0,66,395
09/21/2020,OAK,CA,AWP,WE,Towers with Radar,164,54,30,0,248,0,6,52,1,59,164,60,82,1,307,202,0,202,509
09/22/2020,OAK,CA,AWP,WE,Towers with Radar,218,62,33,1,314,0,10,56,0,66,218,72,89,1,380,174,0,174,554
09/23/2020,OAK,CA,AWP,WE,Towers with Radar,215,53,19,1,288,0,8,68,2,78,215,61,87,3,366,186,10,196,562
09/24/2020,OAK,CA,AWP,WE,Towers with Radar,208,63,37,0,308,0,4,66,1,71,208,67,103,1,379,72,0,72,451
09/25/2020,OAK,CA,AWP,WE,Towers with Radar,200,56,33,0,289,0,11,68,0,79,200,67,101,0,368,112,0,112,480
09/26/2020,OAK,CA,AWP,WE,Towers with Radar,168,35,18,0,221,0,7,68,0,75,168,42,86,0,296,58,0,58,354
09/27/2020,OAK,CA,AWP,WE,Towers with Radar,174,50,20,0,244,0,0,63,0,63,174,50,83,0,307,50,0,50,357
09/28/2020,OAK,CA,AWP,WE,Towers with Radar,162,64,29,0,255,0,6,40,0,46,162,70,69,0,301,136,0,136,437
09/29/2020,OAK,CA,AWP,WE,Towers with Radar,214,58,23,0,295,0,5,47,2,54,214,63,70,2,349,0,0,0,349
09/30/2020,OAK,CA,AWP,WE,Towers with Radar,216,67,25,5,313,0,5,27,0,32,216,72,52,5,345,32,0,32,377
10/01/2020,OAK,CA,AWP,WE,Towers with Radar,204,80,19,0,303,0,1,18,0,19,204,81,37,0,322,54,0,54,376
10/02/2020,OAK,CA,AWP,WE,Towers with Radar,203,67,37,4,311,0,6,12,0,18,203,73,49,4,329,20,0,20,349
10/03/2020,OAK,CA,AWP,WE,Towers with Radar,171,45,20,0,236,0,0,46,0,46,171,45,66,0,282,264,0,264,546
10/04/2020,OAK,CA,AWP,WE,Towers with Radar,171,55,24,0,250,0,5,74,0,79,171,60,98,0,329,164,0,164,493
10/05/2020,OAK,CA,AWP,WE,Towers with Radar,171,52,17,2,242,0,14,36,3,53,171,66,53,5,295,220,2,222,517
10/06/2020,OAK,CA,AWP,WE,Towers with Radar,221,68,26,0,315,0,12,60,0,72,221,80,86,0,387,99,0,99,486
10/07/2020,OAK,CA,AWP,WE,Towers with Radar,223,57,37,0,317,0,4,33,0,37,223,61,70,0,354,166,0,166,520
10/08/2020,OAK,CA,AWP,WE,Towers with Radar,219,75,34,0,328,0,2,44,0,46,219,77,78,0,374,134,0,134,508
10/09/2020,OAK,CA,AWP,WE,Towers with Radar,209,55,35,0,299,0,7,45,0,52,209,62,80,0,351,38,0,38,389
10/10/2020,OAK,CA,AWP,WE,Towers with Radar,172,37,30,0,239,0,2,45,0,47,172,39,75,0,286,354,0,354,640
10/11/2020,OAK,CA,AWP,WE,Towers with Radar,172,45,25,0,242,0,3,84,0,87,172,48,109,0,329,92,0,92,421
10/12/2020,OAK,CA,AWP,WE,Towers with Radar,167,48,29,0,244,0,12,79,0,91,167,60,108,0,335,122,0,122,457
10/13/2020,OAK,CA,AWP,WE,Towers with Radar,223,49,28,0,300,0,9,92,0,101,223,58,120,0,401,166,0,166,567
10/14/2020,OAK,CA,AWP,WE,Towers with Radar,229,67,22,0,318,0,11,80,2,93,229,78,102,2,411,6,0,6,417
10/15/2020,OAK,CA,AWP,WE,Towers with Radar,230,70,46,0,346,0,7,71,0,78,230,77,117,0,424,84,0,84,508
10/16/2020,OAK,CA,AWP,WE,Towers with Radar,207,63,39,0,309,0,9,78,0,87,207,72,117,0,396,106,0,106,502
10/17/2020,OAK,CA,AWP,WE,Towers with Radar,168,43,17,0,228,0,6,79,1,86,168,49,96,1,314,200,0,200,514
10/18/2020,OAK,CA,AWP,WE,Towers with Radar,177,65,35,0,277,0,0,80,0,80,177,65,115,0,357,4,0,4,361
10/19/2020,OAK,CA,AWP,WE,Towers with Radar,170,54,31,1,256,0,6,63,1,70,170,60,94,2,326,114,0,114,440
10/20/2020,OAK,CA,AWP,WE,Towers with Radar,217,71,19,0,307,0,14,56,0,70,217,85,75,0,377,154,0,154,531
10/21/2020,OAK,CA,AWP,WE,Towers with Radar,219,59,27,0,305,0,12,65,1,78,219,71,92,1,383,218,0,218,601
10/22/2020,OAK,CA,AWP,WE,Towers with Radar,220,52,17,0,289,0,7,56,0,63,220,59,73,0,352,176,0,176,528
10/23/2020,OAK,CA,AWP,WE,Towers with Radar,206,62,25,0,293,0,5,54,0,59,206,67,79,0,352,56,0,56,408
10/24/2020,OAK,CA,AWP,WE,Towers with Radar,170,44,21,0,235,0,3,46,1,50,170,47,67,1,285,88,0,88,373
10/25/2020,OAK,CA,AWP,WE,Towers with Radar,174,55,37,3,269,0,3,36,0,39,174,58,73,3,308,0,0,0,308
10/26/2020,OAK,CA,AWP,WE,Towers with Radar,165,50,17,2,234,0,9,26,2,37,165,59,43,4,271,0,0,0,271
10/27/2020,OAK,CA,AWP,WE,Towers with Radar,219,54,27,1,301,0,10,39,0,49,219,64,66,1,350,42,0,42,392
10/28/2020,OAK,CA,AWP,WE,Towers with Radar,218,46,27,0,291,0,6,89,0,95,218,52,116,0,386,110,0,110,496
10/29/2020,OAK,CA,AWP,WE,Towers with Radar,221,77,26,0,324,0,17,81,0,98,221,94,107,0,422,132,0,132,554
10/30/2020,OAK,CA,AWP,WE,Towers with Radar,204,68,25,0,297,0,6,74,0,80,204,74,99,0,377,46,0,46,423
10/31/2020,OAK,CA,AWP,WE,Towers with Radar,168,31,19,0,218,0,1,70,0,71,168,32,89,0,289,64,0,64,353
11/01/2020,OAK,CA,AWP,WE,Towers with Radar,177,60,39,0,276,0,8,56,1,65,177,68,95,1,341,196,0,196,537
11/02/2020,OAK,CA,AWP,WE,Towers with Radar,169,51,21,0,241,0,8,67,2,77,169,59,88,2,318,56,0,56,374
11/03/2020,OAK,CA,AWP,WE,Towers with Radar,219,42,30,2,293,0,5,62,3,70,219,47,92,5,363,24,0,24,387
11/04/2020,OAK,CA,AWP,WE,Towers with Radar,211,63,26,0,300,0,4,61,0,65,211,67,87,0,365,154,0,154,519
11/05/2020,OAK,CA,AWP,WE,Towers with Radar,245,57,38,0,340,0,19,68,1,88,245,76,106,1,428,64,0,64,492
11/06/2020,OAK,CA,AWP,WE,Towers with Radar,220,58,28,5,311,0,7,33,3,43,220,65,61,8,354,0,0,0,354
11/07/2020,OAK,CA,AWP,WE,Towers with Radar,147,33,14,0,194,0,7,62,2,71,147,40,76,2,265,60,0,60,325
11/08/2020,OAK,CA,AWP,WE,Towers with Radar,194,47,26,0,267,0,3,37,0,40,194,50,63,0,307,38,0,38,345
11/09/2020,OAK,CA,AWP,WE,Towers with Radar,186,56,25,1,268,0,5,45,0,50,186,61,70,1,318,112,0,112,430
11/10/2020,OAK,CA,AWP,WE,Towers with Radar,213,62,21,0,296,0,9,61,0,70,213,71,82,0,366,110,0,110,476
11/11/2020,OAK,CA,AWP,WE,Towers with Radar,219,51,38,1,309,0,14,54,0,68,219,65,92,1,377,68,0,68,445
11/12/2020,OAK,CA,AWP,WE,Towers with Radar,238,63,23,0,324,0,17,65,1,83,238,80,88,1,407,94,0,94,501
11/13/2020,OAK,CA,AWP,WE,Towers with Radar,223,64,25,2,314,0,4,23,2,29,223,68,48,4,343,0,0,0,343
11/14/2020,OAK,CA,AWP,WE,Towers with Radar,150,46,26,0,222,0,4,44,4,52,150,50,70,4,274,44,1,45,319
11/15/2020,OAK,CA,AWP,WE,Towers with Radar,199,54,17,0,270,0,8,79,0,87,199,62,96,0,357,130,0,130,487
11/16/2020,OAK,CA,AWP,WE,Towers with Radar,190,59,24,1,274,0,13,62,0,75,190,72,86,1,349,126,0,126,475
11/17/2020,OAK,CA,AWP,WE,Towers with Radar,228,49,38,2,317,0,3,4,0,7,228,52,42,2,324,0,0,0,324
11/18/2020,OAK,CA,AWP,WE,Towers with Radar,235,70,29,0,334,0,11,31,0,42,235,81,60,0,376,4,0,4,380
11/19/2020,OAK,CA,AWP,WE,Towers with Radar,245,55,19,1,320,0,7,48,0,55,245,62,67,1,375,85,0,85,460
11/20/2020,OAK,CA,AWP,WE,Towers with Radar,243,85,33,2,363,0,13,63,2,78,243,98,96,4,441,62,12,74,515
11/21/2020,OAK,CA,AWP,WE,Towers with Radar,185,51,56,0,292,0,3,56,0,59,185,54,112,0,351,162,0,162,513
11/22/2020,OAK,CA,AWP,WE,Towers with Radar,211,52,41,0,304,0,0,70,0,70,211,52,111,0,374,30,0,30,404
11/23/2020,OAK,CA,AWP,WE,Towers with Radar,207,55,22,1,285,0,8,66,3,77,207,63,88,4,362,66,4,70,432
11/24/2020,OAK,CA,AWP,WE,Towers with Radar,266,67,33,0,366,0,13,60,3,76,266,80,93,3,442,42,0,42,484
11/25/2020,OAK,CA,AWP,WE,Towers with Radar,276,64,25,0,365,0,7,46,0,53,276,71,71,0,418,0,0,0,418
11/26/2020,OAK,CA,AWP,WE,Towers with Radar,155,38,13,0,206,0,1,24,0,25,155,39,37,0,231,12,0,12,243
11/27/2020,OAK,CA,AWP,WE,Towers with Radar,239,37,18,0,294,0,12,62,0,74,239,49,80,0,368,4,0,4,372
11/28/2020,OAK,CA,AWP,WE,Towers with Radar,188,63,28,0,279,0,7,62,0,69,188,70,90,0,348,106,0,106,454
11/29/2020,OAK,CA,AWP,WE,Towers with Radar,215,92,48,0,355,0,4,80,0,84,215,96,128,0,439,36,0,36,475
11/30/2020,OAK,CA,AWP,WE,Towers with Radar,229,63,27,0,319,0,7,63,0,70,229,70,90,0,389,124,0,124,513
12/01/2020,OAK,CA,AWP,WE,Towers with Radar,277,73,27,1,378,0,5,48,0,53,277,78,75,1,431,62,0,62,493
12/02/2020,OAK,CA,AWP,WE,Towers with Radar,249,59,19,1,328,0,11,69,3,83,249,70,88,4,411,6,0,6,417
12/03/2020,OAK,CA,AWP,WE,Towers with Radar,237,53,21,0,311,0,9,47,2,58,237,62,68,2,369,114,44,158,527
12/04/2020,OAK,CA,AWP,WE,Towers with Radar,231,64,22,0,317,0,7,67,0,74,231,71,89,0,391,240,0,240,631
12/05/2020,OAK,CA,AWP,WE,Towers with Radar,160,35,22,0,217,0,3,72,0,75,160,38,94,0,292,174,0,174,466
12/06/2020,OAK,CA,AWP,WE,Towers with Radar,187,66,35,0,288,0,4,63,0,67,187,70,98,0,355,36,0,36,391
12/07/2020,OAK,CA,AWP,WE,Towers with Radar,188,40,18,2,248,0,9,36,0,45,188,49,54,2,293,24,0,24,317
12/08/2020,OAK,CA,AWP,WE,Towers with Radar,247,42,24,1,314,0,8,62,2,72,247,50,86,3,386,40,10,50,436
12/09/2020,OAK,CA,AWP,WE,Towers with Radar,245,45,27,0,317,0,12,51,1,64,245,57,78,1,381,46,0,46,427
12/10/2020,OAK,CA,AWP,WE,Towers with Radar,244,43,11,0,298,0,8,63,0,71,244,51,74,0,369,82,10,92,461
12/11/2020,OAK,CA,AWP,WE,Towers with Radar,241,48,21,0,310,0,5,44,0,49,241,53,65,0,359,4,0,4,363
12/12/2020,OAK,CA,AWP,WE,Towers with Radar,169,46,36,0,251,0,0,16,2,18,169,46,52,2,269,50,16,66,335
12/13/2020,OAK,CA,AWP,WE,Towers with Radar,186,52,26,0,264,0,2,0,0,2,186,54,26,0,266,44,0,44,310
12/14/2020,OAK,CA,AWP,WE,Towers with Radar,179,47,18,0,244,0,13,54,0,67,179,60,72,0,311,94,0,94,405
12/15/2020,OAK,CA,AWP,WE,Towers with Radar,263,37,29,1,330,0,14,45,1,60,263,51,74,2,390,128,0,128,518
12/16/2020,OAK,CA,AWP,WE,Towers with Radar,269,58,32,0,359,0,9,43,0,52,269,67,75,0,411,52,0,52,463
12/17/2020,OAK,CA,AWP,WE,Towers with Radar,282,65,22,0,369,0,8,38,0,46,282,73,60,0,415,140,0,140,555
12/18/2020,OAK,CA,AWP,WE,Towers with Radar,283,73,38,1,395,0,11,55,1,67,283,84,93,2,462,12,0,12,474
12/19/2020,OAK,CA,AWP,WE,Towers with Radar,238,48,56,0,342,0,2,72,0,74,238,50,128,0,416,48,32,80,496
12/20/2020,OAK,CA,AWP,WE,Towers with Radar,244,60,28,0,332,0,0,75,0,75,244,60,103,0,407,134,0,134,541
12/21/2020,OAK,CA,AWP,WE,Towers with Radar,245,69,28,4,346,0,7,49,2,58,245,76,77,6,404,70,2,72,476
12/22/2020,OAK,CA,AWP,WE,Towers with Radar,296,66,33,0,395,0,11,83,0,94,296,77,116,0,489,104,6,110,599
12/23/2020,OAK,CA,AWP,WE,Towers with Radar,308,64,42,1,415,0,12,54,1,67,308,76,96,2,482,50,0,50,532
12/24/2020,OAK,CA,AWP,WE,Towers with Radar,251,37,13,0,301,0,12,23,0,35,251,49,36,0,336,98,0,98,434
12/25/2020,OAK,CA,AWP,WE,Towers with Radar,150,29,9,0,188,0,0,1,0,1,150,29,10,0,189,0,0,0,189
12/26/2020,OAK,CA,AWP,WE,Towers with Radar,183,63,36,0,282,0,0,30,0,30,183,63,66,0,312,176,0,176,488
12/27/2020,OAK,CA,AWP,WE,Towers with Radar,210,75,33,0,318,0,3,57,0,60,210,78,90,0,378,76,0,76,454
12/28/2020,OAK,CA,AWP,WE,Towers with Radar,208,65,27,0,300,0,7,21,0,28,208,72,48,0,328,140,0,140,468
12/29/2020,OAK,CA,AWP,WE,Towers with Radar,276,65,15,0,356,0,8,80,0,88,276,73,95,0,444,24,0,24,468
12/30/2020,OAK,CA,AWP,WE,Towers with Radar,281,56,25,0,362,0,6,36,4,46,281,62,61,4,408,106,0,106,514
12/31/2020,OAK,CA,AWP,WE,Towers with Radar,241,52,17,0,310,0,12,55,0,67,241,64,72,0,377,158,0,158,535
01/01/2021,OAK,CA,AWP,WE,Towers with Radar,149,36,15,0,200,0,5,43,0,48,149,41,58,0,248,60,0,60,308
01/02/2021,OAK,CA,AWP,WE,Towers with Radar,189,50,45,0,284,0,0,3,0,3,189,50,48,0,287,24,0,24,311
01/03/2021,OAK,CA,AWP,WE,Towers with Radar,213,78,49,0,340,0,0,1,0,1,213,78,50,0,341,0,0,0,341
01/04/2021,OAK,CA,AWP,WE,Towers with Radar,209,59,18,0,286,0,6,2,0,8,209,65,20,0,294,0,0,0,294
01/05/2021,OAK,CA,AWP,WE,Towers with Radar,254,61,30,0,345,0,10,53,0,63,254,71,83,0,408,0,0,0,408
01/06/2021,OAK,CA,AWP,WE,Towers with Radar,249,59,28,0,336,0,10,38,2,50,249,69,66,2,386,185,0,185,571
01/07/2021,OAK,CA,AWP,WE,Towers with Radar,221,51,28,0,300,0,7,61,2,70,221,58,89,2,370,123,0,123,493
01/08/2021,OAK,CA,AWP,WE,Towers with Radar,203,66,36,0,305,0,6,32,0,38,203,72,68,0,343,146,0,146,489
01/09/2021,OAK,CA,AWP,WE,Towers with Radar,151,49,20,2,222,0,7,86,1,94,151,56,106,3,316,72,0,72,388
01/10/2021,OAK,CA,AWP,WE,Towers with Radar,172,53,22,2,249,0,1,38,0,39,172,54,60,2,288,204,0,204,492
01/11/2021,OAK,CA,AWP,WE,Towers with Radar,167,38,23,1,229,0,15,43,1,59,167,53,66,2,288,188,0,188,476
01/12/2021,OAK,CA,AWP,WE,Towers with Radar,218,57,16,0,291,0,14,25,0,39,218,71,41,0,330,64,0,64,394
01/13/2021,OAK,CA,AWP,WE,Towers with Radar,221,57,29,0,307,0,7,48,2,57,221,64,77,2,364,0,0,0,364
01/14/2021,OAK,CA,AWP,WE,Towers with Radar,216,80,26,0,322,0,13,77,0,90,216,93,103,0,412,186,0,186,598
01/15/2021,OAK,CA,AWP,WE,Towers with Radar,200,70,23,0,293,0,9,62,0,71,200,79,85,0,364,122,0,122,486
01/16/2021,OAK,CA,AWP,WE,Towers with Radar,155,51,21,3,230,0,16,65,6,87,155,67,86,9,317,166,0,166,483
01/17/2021,OAK,CA,AWP,WE,Towers with Radar,165,43,26,0,234,0,3,49,1,53,165,46,75,1,287,42,0,42,329
01/18/2021,OAK,CA,AWP,WE,Towers with Radar,175,54,17,0,246,0,5,33,0,38,175,59,50,0,284,14,0,14,298
01/19/2021,OAK,CA,AWP,WE,Towers with Radar,226,45,15,0,286,0,7,0,0,7,226,52,15,0,293,0,0,0,293
01/20/2021,OAK,CA,AWP,WE,Towers with Radar,217,64,9,0,290,0,9,63,1,73,217,73,72,1,363,56,0,56,419
01/21/2021,OAK,CA,AWP,WE,Towers with Radar,218,52,33,0,303,0,8,55,0,63,218,60,88,0,366,90,0,90,456
01/22/2021,OAK,CA,AWP,WE,Towers with Radar,201,57,18,0,276,0,3,7,0,10,201,60,25,0,286,90,0,90,376
01/23/2021,OAK,CA,AWP,WE,Towers with Radar,152,37,24,1,214,0,0,60,1,61,152,37,84,2,275,298,10,308,583
01/24/2021,OAK,CA,AWP,WE,Towers with Radar,175,49,32,0,256,0,0,7,0,7,175,49,39,0,263,186,0,186,449
01/25/2021,OAK,CA,AWP,WE,Towers with Radar,171,49,29,0,249,0,8,12,0,20,171,57,41,0,269,28,0,28,297
01/26/2021,OAK,CA,AWP,WE,Towers with Radar,227,51,18,2,298,0,5,12,1,18,227,56,30,3,316,14,14,28,344
01/27/2021,OAK,CA,AWP,WE,Towers with Radar,228,58,20,2,308,0,3,1,0,4,228,61,21,2,312,46,0,46,358
01/28/2021,OAK,CA,AWP,WE,Towers with Radar,216,52,36,0,304,0,3,2,0,5,216,55,38,0,309,4,0,4,313
01/29/2021,OAK,CA,AWP,WE,Towers with Radar,203,60,31,0,294,0,4,38,0,42,203,64,69,0,336,134,0,134,470
01/30/2021,OAK,CA,AWP,WE,Towers with Radar,152,34,16,0,202,0,3,71,0,74,152,37,87,0,276,122,0,122,398
01/31/2021,OAK,CA,AWP,WE,Towers with Radar,167,53,30,0,250,0,7,60,0,67,167,60,90,0,317,72,0,72,389
02/01/2021,OAK,CA,AWP,WE,Towers with Radar,169,53,27,0,249,0,7,32,0,39,169,60,59,0,288,48,0,48,336
02/02/2021,OAK,CA,AWP,WE,Towers with Radar,216,58,31,6,311,0,5,18,0,23,216,63,49,6,334,154,0,154,488
02/03/2021,OAK,CA,AWP,WE,Towers with Radar,219,58,31,0,308,0,8,60,2,70,219,66,91,2,378,84,0,84,462
02/04/2021,OAK,CA,AWP,WE,Towers with Radar,220,69,38,0,327,0,8,58,0,66,220,77,96,0,393,171,0,171,564
02/05/2021,OAK,CA,AWP,WE,Towers with Radar,215,59,25,0,299,0,8,79,3,90,215,67,104,3,389,0,0,0,389
02/06/2021,OAK,CA,AWP,WE,Towers with Radar,151,42,24,0,217,0,2,57,0,59,151,44,81,0,276,20,0,20,296
02/07/2021,OAK,CA,AWP,WE,Towers with Radar,172,44,24,0,240,0,0,48,0,48,172,44,72,0,288,0,0,0,288
02/08/2021,OAK,CA,AWP,WE,Towers with Radar,175,53,40,1,269,0,5,27,2,34,175,58,67,3,303,82,22,104,407
02/09/2021,OAK,CA,AWP,WE,Towers with Radar,220,51,19,1,291,0,7,39,0,46,220,58,58,1,337,110,0,110,447
02/10/2021,OAK,CA,AWP,WE,Towers with Radar,219,60,29,2,310,0,7,85,0,92,219,67,114,2,402,147,0,147,549
02/11/2021,OAK,CA,AWP,WE,Towers with Radar,208,76,24,0,308,0,3,30,0,33,208,79,54,0,341,162,0,162,503
02/12/2021,OAK,CA,AWP,WE,Towers with Radar,207,81,48,0,336,0,6,55,1,62,207,87,103,1,398,132,0,132,530
02/13/2021,OAK,CA,AWP,WE,Towers with Radar,147,59,28,0,234,0,0,30,0,30,147,59,58,0,264,54,0,54,318
02/14/2021,OAK,CA,AWP,WE,Towers with Radar,165,54,30,0,249,0,0,51,0,51,165,54,81,0,300,128,0,128,428
02/15/2021,OAK,CA,AWP,WE,Towers with Radar,178,55,40,0,273,0,3,13,0,16,178,58,53,0,289,0,0,0,289
02/16/2021,OAK,CA,AWP,WE,Towers with Radar,186,64,21,0,271,0,10,50,0,60,186,74,71,0,331,116,0,116,447
02/17/2021,OAK,CA,AWP,WE,Towers with Radar,210,68,24,2,304,0,10,69,0,79,210,78,93,2,383,74,0,74,457
02/18/2021,OAK,CA,AWP,WE,Towers with Radar,218,73,22,3,316,0,8,57,3,68,218,81,79,6,384,118,0,118,502
02/19/2021,OAK,CA,AWP,WE,Towers with Radar,205,61,32,5,303,0,4,12,1,17,205,65,44,6,320,0,0,0,320
02/20/2021,OAK,CA,AWP,WE,Towers with Radar,155,50,37,0,242,0,0,47,2,49,155,50,84,2,291,88,0,88,379
02/21/2021,OAK,CA,AWP,WE,Towers with Radar,183,76,44,0,303,0,0,82,0,82,183,76,126,0,385,72,0,72,457
02/22/2021,OAK,CA,AWP,WE,Towers with Radar,176,41,36,0,253,0,7,38,0,45,176,48,74,0,298,0,0,0,298
02/23/2021,OAK,CA,AWP,WE,Towers with Radar,219,43,21,1,284,0,6,43,7,56,219,49,64,8,340,0,0,0,340
02/24/2021,OAK,CA,AWP,WE,Towers with Radar,227,56,17,0,300,0,9,38,0,47,227,65,55,0,347,10,0,10,357
02/25/2021,OAK,CA,AWP,WE,Towers with Radar,222,59,30,1,312,0,8,73,0,81,222,67,103,1,393,24,0,24,417
02/26/2021,OAK,CA,AWP,WE,Towers with Radar,217,77,36,0,330,0,10,49,1,60,217,87,85,1,390,0,0,0,390
02/27/2021,OAK,CA,AWP,WE,Towers with Radar,161,34,24,0,219,0,8,51,0,59,161,42,75,0,278,136,0,136,414
02/28/2021,OAK,CA,AWP,WE,Towers with Radar,179,64,32,1,276,0,4,63,0,67,179,68,95,1,343,195,0,195,538
03/01/2021,OAK,CA,AWP,WE,Towers with Radar,180,64,18,0,262,0,11,38,0,49,180,75,56,0,311,70,0,70,381
03/02/2021,OAK,CA,AWP,WE,Towers with Radar,223,66,29,0,318,0,6,64,0,70,223,72,93,0,388,0,0,0,388
03/03/2021,OAK,CA,AWP,WE,Towers with Radar,230,59,27,1,317,0,7,58,0,65,230,66,85,1,382,0,0,0,382
03/04/2021,OAK,CA,AWP,WE,Towers with Radar,231,61,30,1,323,0,10,53,0,63,231,71,83,1,386,60,0,60,446
03/05/2021,OAK,CA,AWP,WE,Towers with Radar,217,62,23,0,302,0,13,62,0,75,217,75,85,0,377,0,0,0,377
03/06/2021,OAK,CA,AWP,WE,Towers with Radar,161,52,24,0,237,0,3,69,0,72,161,55,93,0,309,188,0,188,497
03/07/2021,OAK,CA,AWP,WE,Towers with Radar,208,74,43,0,325,0,4,78,1,83,208,78,121,1,408,115,0,115,523
03/08/2021,OAK,CA,AWP,WE,Towers with Radar,202,45,29,0,276,0,6,43,0,49,202,51,72,0,325,0,0,0,325
03/09/2021,OAK,CA,AWP,WE,Towers with Radar,232,54,28,4,318,0,6,21,0,27,232,60,49,4,345,82,0,82,427
03/10/2021,OAK,CA,AWP,WE,Towers with Radar,230,62,44,5,341,0,5,14,0,19,230,67,58,5,360,178,0,178,538
03/11/2021,OAK,CA,AWP,WE,Towers with Radar,276,58,36,1,371,0,5,35,0,40,276,63,71,1,411,292,0,292,703
03/12/2021,OAK,CA,AWP,WE,Towers with Radar,257,61,29,2,349,0,13,78,0,91,257,74,107,2,440,98,0,98,538
03/13/2021,OAK,CA,AWP,WE,Towers with Radar,170,52,38,0,260,0,3,44,2,49,170,55,82,2,309,72,0,72,381
03/14/2021,OAK,CA,AWP,WE,Towers with Radar,213,68,37,0,318,0,3,28,1,32,213,71,65,1,350,178,0,178,528
03/15/2021,OAK,CA,AWP,WE,Towers with Radar,205,60,25,3,293,0,9,19,1,29,205,69,44,4,322,56,8,64,386
03/16/2021,OAK,CA,AWP,WE,Towers with Radar,260,63,25,0,348,0,13,52,0,65,260,76,77,0,413,108,0,108,521
03/17/2021,OAK,CA,AWP,WE,Towers with Radar,263,66,29,1,359,0,9,46,0,55,263,75,75,1,414,80,0,80,494
03/18/2021,OAK,CA,AWP,WE,Towers with Radar,277,62,38,0,377,0,4,11,1,16,277,66,49,1,393,24,0,24,417
03/19/2021,OAK,CA,AWP,WE,Towers with Radar,256,67,23,0,346,0,7,26,0,33,256,74,49,0,379,94,0,94,473
03/20/2021,OAK,CA,AWP,WE,Towers with Radar,185,48,37,0,270,0,9,68,0,77,185,57,105,0,347,136,0,136,483
03/21/2021,OAK,CA,AWP,WE,Towers with Radar,222,55,34,1,312,0,4,70,1,75,222,59,104,2,387,63,0,63,450
03/22/2021,OAK,CA,AWP,WE,Towers with Radar,221,51,19,1,292,0,7,41,1,49,221,58,60,2,341,54,0,54,395
03/23/2021,OAK,CA,AWP,WE,Towers with Radar,271,43,35,0,349,0,15,23,0,38,271,58,58,0,387,52,0,52,439
03/24/2021,OAK,CA,AWP,WE,Towers with Radar,271,75,29,5,380,0,9,72,5,86,271,84,101,10,466,234,0,234,700
03/25/2021,OAK,CA,AWP,WE,Towers with Radar,274,70,27,2,373,0,7,47,0,54,274,77,74,2,427,12,0,12,439
03/26/2021,OAK,CA,AWP,WE,Towers with Radar,258,67,27,0,352,0,8,77,1,86,258,75,104,1,438,38,0,38,476
03/27/2021,OAK,CA,AWP,WE,Towers with Radar,188,55,36,0,279,0,4,90,0,94,188,59,126,0,373,124,0,124,497
03/28/2021,OAK,CA,AWP,WE,Towers with Radar,230,49,35,2,316,0,0,85,0,85,230,49,120,2,401,34,0,34,435
03/29/2021,OAK,CA,AWP,WE,Towers with Radar,213,64,19,0,296,0,14,45,0,59,213,78,64,0,355,86,0,86,441
03/30/2021,OAK,CA,AWP,WE,Towers with Radar,272,57,23,0,352,0,12,45,0,57,272,69,68,0,409,84,0,84,493
03/31/2021,OAK,CA,AWP,WE,Towers with Radar,261,70,30,0,361,0,15,54,0,69,261,85,84,0,430,58,0,58,488
04/01/2021,OAK,CA,AWP,WE,Towers with Radar,270,71,35,1,377,0,12,54,3,69,270,83,89,4,446,50,2,52,498
04/02/2021,OAK,CA,AWP,WE,Towers with Radar,270,113,50,3,436,0,11,58,1,70,270,124,108,4,506,96,0,96,602
04/03/2021,OAK,CA,AWP,WE,Towers with Radar,185,62,45,0,292,0,5,44,0,49,185,67,89,0,341,72,0,72,413
04/04/2021,OAK,CA,AWP,WE,Towers with Radar,235,61,41,1,338,0,5,51,1,57,235,66,92,2,395,0,0,0,395
04/05/2021,OAK,CA,AWP,WE,Towers with Radar,225,57,31,3,316,0,5,21,0,26,225,62,52,3,342,14,0,14,356
04/06/2021,OAK,CA,AWP,WE,Towers with Radar,268,57,33,2,360,0,10,50,0,60,268,67,83,2,420,138,0,138,558
04/07/2021,OAK,CA,AWP,WE,Towers with Radar,269,56,41,2,368,0,5,63,0,68,269,61,104,2,436,30,0,30,466
04/08/2021,OAK,CA,AWP,WE,Towers with Radar,274,50,37,0,361,0,9,81,1,91,274,59,118,1,452,154,0,154,606
04/09/2021,OAK,CA,AWP,WE,Towers with Radar,265,84,35,0,384,0,4,64,0,68,265,88,99,0,452,0,0,0,452
04/10/2021,OAK,CA,AWP,WE,Towers with Radar,191,80,32,0,303,0,2,54,0,56,191,82,86,0,359,140,0,140,499
04/11/2021,OAK,CA,AWP,WE,Towers with Radar,236,65,45,0,346,0,6,82,0,88,236,71,127,0,434,200,0,200,634
04/12/2021,OAK,CA,AWP,WE,Towers with Radar,203,54,48,2,307,0,8,60,0,68,203,62,108,2,375,116,0,116,491
04/13/2021,OAK,CA,AWP,WE,Towers with Radar,242,62,45,0,349,0,4,34,0,38,242,66,79,0,387,158,0,158,545
04/14/2021,OAK,CA,AWP,WE,Towers with Radar,238,71,23,1,333,0,10,66,5,81,238,81,89,6,414,68,0,68,482
04/15/2021,OAK,CA,AWP,WE,Towers with Radar,257,56,37,0,350,0,10,45,2,57,257,66,82,2,407,98,0,98,505
04/16/2021,OAK,CA,AWP,WE,Towers with Radar,242,84,33,3,362,0,6,62,0,68,242,90,95,3,430,195,0,195,625
04/17/2021,OAK,CA,AWP,WE,Towers with Radar,191,45,31,1,268,0,0,52,0,52,191,45,83,1,320,18,0,18,338
04/18/2021,OAK,CA,AWP,WE,Towers with Radar,219,60,36,0,315,0,6,51,0,57,219,66,87,0,372,32,0,32,404
04/19/2021,OAK,CA,AWP,WE,Towers with Radar,208,76,39,0,323,0,13,41,0,54,208,89,80,0,377,52,0,52,429
04/20/2021,OAK,CA,AWP,WE,Towers with Radar,244,54,33,0,331,0,8,29,2,39,244,62,62,2,370,0,0,0,370
04/21/2021,OAK,CA,AWP,WE,Towers with Radar,246,72,32,0,350,0,6,34,0,40,246,78,66,0,390,22,0,22,412
04/22/2021,OAK,CA,AWP,WE,Towers with Radar,255,82,65,0,402,0,3,25,0,28,255,85,90,0,430,158,0,158,588
04/23/2021,OAK,CA,AWP,WE,Towers with Radar,247,75,42,0,364,0,7,47,2,56,247,82,89,2,420,122,16,138,558
04/24/2021,OAK,CA,AWP,WE,Towers with Radar,195,39,17,0,251,0,0,64,0,64,195,39,81,0,315,150,0,150,465
04/25/2021,OAK,CA,AWP,WE,Towers with Radar,218,69,26,0,313,0,6,21,0,27,218,75,47,0,340,76,0,76,416
04/26/2021,OAK,CA,AWP,WE,Towers with Radar,206,58,32,0,296,0,7,43,0,50,206,65,75,0,346,122,0,122,468
04/27/2021,OAK,CA,AWP,WE,Towers with Radar,241,55,35,0,331,0,9,89,2,100,241,64,124,2,431,136,14,150,581
04/28/2021,OAK,CA,AWP,WE,Towers with Radar,244,60,35,2,341,0,9,70,5,84,244,69,105,7,425,200,0,200,625
04/29/2021,OAK,CA,AWP,WE,Towers with Radar,263,74,32,0,369,0,11,74,0,85,263,85,106,0,454,130,0,130,584
04/30/2021,OAK,CA,AWP,WE,Towers with Radar,243,76,40,0,359,0,8,40,0,48,243,84,80,0,407,122,0,122,529
05/01/2021,OAK,CA,AWP,WE,Towers with Radar,193,42,32,0,267,0,2,12,0,14,193,44,44,0,281,0,0,0,281
05/02/2021,OAK,CA,AWP,WE,Towers with Radar,222,65,27,2,316,0,3,67,0,70,222,68,94,2,386,97,0,97,483
05/03/2021,OAK,CA,AWP,WE,Towers with Radar,205,50,32,0,287,0,9,58,0,67,205,59,90,0,354,100,0,100,454
05/04/2021,OAK,CA,AWP,WE,Towers with Radar,243,62,20,1,326,0,15,46,2,63,243,77,66,3,389,78,0,78,467
05/05/2021,OAK,CA,AWP,WE,Towers with Radar,252,56,45,0,353,0,4,49,0,53,252,60,94,0,406,108,0,108,514
05/06/2021,OAK,CA,AWP,WE,Towers with Radar,272,78,46,0,396,0,5,55,0,60,272,83,101,0,456,25,1,26,482
05/07/2021,OAK,CA,AWP,WE,Towers with Radar,253,76,37,0,366,0,10,58,0,68,253,86,95,0,434,18,0,18,452
05/08/2021,OAK,CA,AWP,WE,Towers with Radar,198,43,24,0,265,0,2,63,0,65,198,45,87,0,330,90,0,90,420
05/09/2021,OAK,CA,AWP,WE,Towers with Radar,254,65,19,0,338,0,0,65,0,65,254,65,84,0,403,44,0,44,447
05/10/2021,OAK,CA,AWP,WE,Towers with Radar,241,58,29,0,328,0,8,64,2,74,241,66,93,2,402,186,0,186,588
05/11/2021,OAK,CA,AWP,WE,Towers with Radar,261,67,39,0,367,0,13,62,0,75,261,80,101,0,442,100,0,100,542
05/12/2021,OAK,CA,AWP,WE,Towers with Radar,262,89,45,3,399,0,11,51,1,63,262,100,96,4,462,108,0,108,570
05/13/2021,OAK,CA,AWP,WE,Towers with Radar,296,80,45,2,423,0,7,46,0,53,296,87,91,2,476,88,0,88,564
05/14/2021,OAK,CA,AWP,WE,Towers with Radar,273,83,42,0,398,0,0,14,0,14,273,83,56,0,412,4,0,4,416
05/15/2021,OAK,CA,AWP,WE,Towers with Radar,197,47,27,0,271,0,1,33,0,34,197,48,60,0,305,44,0,44,349
05/16/2021,OAK,CA,AWP,WE,Towers with Radar,238,76,47,0,361,0,2,39,0,41,238,78,86,0,402,128,0,128,530
05/17/2021,OAK,CA,AWP,WE,Towers with Radar,243,77,37,0,357,0,2,23,0,25,243,79,60,0,382,88,0,88,470
05/18/2021,OAK,CA,AWP,WE,Towers with Radar,258,69,26,0,353,0,8,59,1,68,258,77,85,1,421,90,0,90,511
05/19/2021,OAK,CA,AWP,WE,Towers with Radar,260,79,43,0,382,0,9,24,2,35,260,88,67,2,417,60,0,60,477
05/20/2021,OAK,CA,AWP,WE,Towers with Radar,293,92,32,0,417,0,11,70,0,81,293,103,102,0,498,68,0,68,566
05/21/2021,OAK,CA,AWP,WE,Towers with Radar,274,105,31,1,411,0,8,72,3,83,274,113,103,4,494,160,0,160,654
05/22/2021,OAK,CA,AWP,WE,Towers with Radar,193,48,23,0,264,0,6,74,1,81,193,54,97,1,345,122,0,122,467
05/23/2021,OAK,CA,AWP,WE,Towers with Radar,242,62,37,0,341,0,5,82,0,87,242,67,119,0,428,93,0,93,521
05/24/2021,OAK,CA,AWP,WE,Towers with Radar,238,71,36,0,345,0,15,43,0,58,238,86,79,0,403,138,0,138,541
05/25/2021,OAK,CA,AWP,WE,Towers with Radar,260,65,43,0,368,0,5,50,0,55,260,70,93,0,423,36,0,36,459
05/26/2021,OAK,CA,AWP,WE,Towers with Radar,260,66,44,0,370,0,11,78,0,89,260,77,122,0,459,64,0,64,523
05/27/2021,OAK,CA,AWP,WE,Towers with Radar,294,96,38,0,428,0,10,65,0,75,294,106,103,0,503,114,0,114,617
05/28/2021,OAK,CA,AWP,WE,Towers with Radar,271,90,47,0,408,0,7,73,0,80,271,97,120,0,488,173,0,173,661
05/29/2021,OAK,CA,AWP,WE,Towers with Radar,198,48,35,0,281,0,1,31,0,32,198,49,66,0,313,0,0,0,313
05/30/2021,OAK,CA,AWP,WE,Towers with Radar,246,58,19,0,323,0,3,75,0,78,246,61,94,0,401,8,0,8,409
05/31/2021,OAK,CA,AWP,WE,Towers with Radar,223,92,54,0,369,0,3,89,0,92,223,95,143,0,461,106,0,106,567
06/01/2021,OAK,CA,AWP,WE,Towers with Radar,239,59,45,0,343,0,9,61,4,74,239,68,106,4,417,98,0,98,515
06/02/2021,OAK,CA,AWP,WE,Towers with Radar,295,79,36,0,410,0,8,43,0,51,295,87,79,0,461,118,0,118,579
06/03/2021,OAK,CA,AWP,WE,Towers with Radar,302,82,46,4,434,0,13,59,0,72,302,95,105,4,506,126,6,132,638
06/04/2021,OAK,CA,AWP,WE,Towers with Radar,276,71,34,2,383,0,4,54,0,58,276,75,88,2,441,40,0,40,481
06/05/2021,OAK,CA,AWP,WE,Towers with Radar,202,50,27,0,279,0,9,80,0,89,202,59,107,0,368,72,0,72,440
06/06/2021,OAK,CA,AWP,WE,Towers with Radar,244,78,46,0,368,0,5,78,0,83,244,83,124,0,451,36,0,36,487
06/07/2021,OAK,CA,AWP,WE,Towers with Radar,250,79,31,0,360,0,6,27,0,33,250,85,58,0,393,50,0,50,443
06/08/2021,OAK,CA,AWP,WE,Towers with Radar,305,68,25,0,398,0,6,64,0,70,305,74,89,0,468,32,0,32,500
06/09/2021,OAK,CA,AWP,WE,Towers with Radar,298,77,27,0,402,0,8,50,0,58,298,85,77,0,460,14,0,14,474
06/10/2021,OAK,CA,AWP,WE,Towers with Radar,311,101,30,0,442,0,15,63,1,79,311,116,93,1,521,84,0,84,605
06/11/2021,OAK,CA,AWP,WE,Towers with Radar,287,85,33,0,405,0,9,84,2,95,287,94,117,2,500,80,0,80,580
06/12/2021,OAK,CA,AWP,WE,Towers with Radar,212,65,32,1,310,0,5,68,0,73,212,70,100,1,383,86,0,86,469
06/13/2021,OAK,CA,AWP,WE,Towers with Radar,236,82,38,1,357,0,8,66,0,74,236,90,104,1,431,0,0,0,431
06/14/2021,OAK,CA,AWP,WE,Towers with Radar,244,79,32,0,355,0,7,52,0,59,244,86,84,0,414,62,0,62,476
06/15/2021,OAK,CA,AWP,WE,Towers with Radar,283,74,44,1,402,0,6,74,0,80,283,80,118,1,482,74,0,74,556
06/16/2021,OAK,CA,AWP,WE,Towers with Radar,291,77,46,1,415,0,14,65,1,80,291,91,111,2,495,64,0,64,559
06/17/2021,OAK,CA,AWP,WE,Towers with Radar,302,81,45,0,428,0,12,75,1,88,302,93,120,1,516,232,0,232,748
06/18/2021,OAK,CA,AWP,WE,Towers with Radar,286,90,41,2,419,0,7,78,0,85,286,97,119,2,504,179,0,179,683
06/19/2021,OAK,CA,AWP,WE,Towers with Radar,213,55,33,0,301,0,1,82,0,83,213,56,115,0,384,124,0,124,508
06/20/2021,OAK,CA,AWP,WE,Towers with Radar,239,79,45,1,364,0,6,59,0,65,239,85,104,1,429,154,0,154,583
06/21/2021,OAK,CA,AWP,WE,Towers with Radar,253,82,33,0,368,0,7,64,0,71,253,89,97,0,439,178,0,178,617
06/22/2021,OAK,CA,AWP,WE,Towers with Radar,309,65,35,0,409,0,11,57,0,68,309,76,92,0,477,114,0,114,591
06/23/2021,OAK,CA,AWP,WE,Towers with Radar,307,70,39,0,416,0,10,56,5,71,307,80,95,5,487,196,0,196,683
06/24/2021,OAK,CA,AWP,WE,Towers with Radar,307,75,57,0,439,0,15,57,0,72,307,90,114,0,511,208,0,208,719
06/25/2021,OAK,CA,AWP,WE,Towers with Radar,275,95,47,0,417,0,10,46,0,56,275,105,93,0,473,78,0,78,551
06/26/2021,OAK,CA,AWP,WE,Towers with Radar,221,60,28,0,309,0,2,72,0,74,221,62,100,0,383,156,0,156,539
06/27/2021,OAK,CA,AWP,WE,Towers with Radar,237,82,64,0,383,0,0,31,0,31,237,82,95,0,414,48,0,48,462
06/28/2021,OAK,CA,AWP,WE,Towers with Radar,256,76,47,0,379,0,5,26,0,31,256,81,73,0,410,30,0,30,440
06/29/2021,OAK,CA,AWP,WE,Towers with Radar,301,85,50,1,437,0,4,42,1,47,301,89,92,2,484,20,0,20,504
06/30/2021,OAK,CA,AWP,WE,Towers with Radar,301,91,44,1,437,0,1,35,0,36,301,92,79,1,473,80,0,80,553
07/01/2021,OAK,CA,AWP,WE,Towers with Radar,308,93,49,0,450,0,5,50,0,55,308,98,99,0,505,92,0,92,597
07/02/2021,OAK,CA,AWP,WE,Towers with Radar,294,73,57,0,424,0,7,54,2,63,294,80,111,2,487,70,0,70,557
07/03/2021,OAK,CA,AWP,WE,Towers with Radar,213,52,29,0,294,0,1,55,0,56,213,53,84,0,350,58,0,58,408
07/04/2021,OAK,CA,AWP,WE,Towers with Radar,238,52,14,0,304,0,2,37,0,39,238,54,51,0,343,10,0,10,353
07/05/2021,OAK,CA,AWP,WE,Towers with Radar,233,84,47,0,364,0,5,62,0,67,233,89,109,0,431,74,0,74,505
07/06/2021,OAK,CA,AWP,WE,Towers with Radar,258,81,38,0,377,0,6,24,0,30,258,87,62,0,407,84,0,84,491
07/07/2021,OAK,CA,AWP,WE,Towers with Radar,301,80,54,0,435,0,8,26,2,36,301,88,80,2,471,48,0,48,519
07/08/2021,OAK,CA,AWP,WE,Towers with Radar,312,88,39,0,439,0,14,46,0,60,312,102,85,0,499,123,0,123,622
07/09/2021,OAK,CA,AWP,WE,Towers with Radar,293,79,39,0,411,0,13,69,0,82,293,92,108,0,493,166,0,166,659
07/10/2021,OAK,CA,AWP,WE,Towers with Radar,220,62,27,0,309,0,5,64,0,69,220,67,91,0,378,132,0,132,510
07/11/2021,OAK,CA,AWP,WE,Towers with Radar,237,80,35,0,352,0,2,41,0,43,237,82,76,0,395,48,0,48,443
07/12/2021,OAK,CA,AWP,WE,Towers with Radar,254,82,32,1,369,0,3,32,0,35,254,85,64,1,404,46,26,72,476
07/13/2021,OAK,CA,AWP,WE,Towers with Radar,302,68,29,4,403,0,5,36,0,41,302,73,65,4,444,136,0,136,580
07/14/2021,OAK,CA,AWP,WE,Towers with Radar,296,68,38,0,402,0,7,45,1,53,296,75,83,1,455,130,20,150,605
07/15/2021,OAK,CA,AWP,WE,Towers with Radar,315,76,29,0,420,0,3,54,2,59,315,79,83,2,479,56,0,56,535
07/16/2021,OAK,CA,AWP,WE,Towers with Radar,291,89,35,0,415,0,5,42,0,47,291,94,77,0,462,62,0,62,524
07/17/2021,OAK,CA,AWP,WE,Towers with Radar,215,54,25,0,294,0,5,83,0,88,215,59,108,0,382,8,0,8,390
07/18/2021,OAK,CA,AWP,WE,Towers with Radar,242,83,29,0,354,0,4,71,0,75,242,87,100,0,429,64,0,64,493
07/19/2021,OAK,CA,AWP,WE,Towers with Radar,257,79,18,0,354,0,5,60,0,65,257,84,78,0,419,88,0,88,507
07/20/2021,OAK,CA,AWP,WE,Towers with Radar,308,73,32,0,413,0,12,37,1,50,308,85,69,1,463,22,0,22,485
07/21/2021,OAK,CA,AWP,WE,Towers with Radar,302,57,26,0,385,0,9,58,0,67,302,66,84,0,452,78,0,78,530
07/22/2021,OAK,CA,AWP,WE,Towers with Radar,310,78,34,0,422,0,11,85,0,96,310,89,119,0,518,172,0,172,690
07/23/2021,OAK,CA,AWP,WE,Towers with Radar,291,83,50,2,426,0,10,94,0,104,291,93,144,2,530,114,0,114,644
07/24/2021,OAK,CA,AWP,WE,Towers with Radar,214,38,29,0,281,0,4,46,0,50,214,42,75,0,331,110,0,110,441
07/25/2021,OAK,CA,AWP,WE,Towers with Radar,238,75,32,2,347,0,8,69,0,77,238,83,101,2,424,180,0,180,604
07/26/2021,OAK,CA,AWP,WE,Towers with Radar,256,77,47,0,380,0,9,48,0,57,256,86,95,0,437,78,0,78,515
07/27/2021,OAK,CA,AWP,WE,Towers with Radar,308,69,31,4,412,0,11,54,0,65,308,80,85,4,477,142,0,142,619
07/28/2021,OAK,CA,AWP,WE,Towers with Radar,304,59,44,0,407,0,10,73,0,83,304,69,117,0,490,158,0,158,648
07/29/2021,OAK,CA,AWP,WE,Towers with Radar,305,86,40,2,433,0,8,55,0,63,305,94,95,2,496,138,2,140,636
07/30/2021,OAK,CA,AWP,WE,Towers with Radar,295,70,31,0,396,0,4,52,3,59,295,74,83,3,455,226,0,226,681
07/31/2021,OAK,CA,AWP,WE,Towers with Radar,223,51,30,0,304,0,3,44,0,47,223,54,74,0,351,113,0,113,464
08/01/2021,OAK,CA,AWP,WE,Towers with Radar,243,81,27,0,351,0,2,54,0,56,243,83,81,0,407,95,0,95,502
08/02/2021,OAK,CA,AWP,WE,Towers with Radar,254,87,30,0,371,0,5,49,0,54,254,92,79,0,425,60,0,60,485
08/03/2021,OAK,CA,AWP,WE,Towers with Radar,299,66,31,2,398,0,4,38,0,42,299,70,69,2,440,72,0,72,512
08/04/2021,OAK,CA,AWP,WE,Towers with Radar,301,70,39,0,410,0,4,41,0,45,301,74,80,0,455,26,0,26,481
08/05/2021,OAK,CA,AWP,WE,Towers with Radar,308,78,67,0,453,0,7,39,0,46,308,85,106,0,499,154,0,154,653
08/06/2021,OAK,CA,AWP,WE,Towers with Radar,281,81,45,0,407,0,6,71,0,77,281,87,116,0,484,252,0,252,736
08/07/2021,OAK,CA,AWP,WE,Towers with Radar,230,45,29,1,305,0,2,61,0,63,230,47,90,1,368,38,0,38,406
08/08/2021,OAK,CA,AWP,WE,Towers with Radar,248,83,57,0,388,0,2,64,0,66,248,85,121,0,454,80,0,80,534
08/09/2021,OAK,CA,AWP,WE,Towers with Radar,258,68,34,0,360,0,12,42,0,54,258,80,76,0,414,106,0,106,520
08/10/2021,OAK,CA,AWP,WE,Towers with Radar,300,71,45,0,416,0,6,59,1,66,300,77,104,1,482,130,0,130,612
08/11/2021,OAK,CA,AWP,WE,Towers with Radar,308,60,36,0,404,0,5,76,0,81,308,65,112,0,485,110,0,110,595
08/12/2021,OAK,CA,AWP,WE,Towers with Radar,313,77,29,0,419,0,9,67,0,76,313,86,96,0,495,176,0,176,671
08/13/2021,OAK,CA,AWP,WE,Towers with Radar,289,94,44,0,427,0,9,59,2,70,289,103,103,2,497,50,0,50,547
08/14/2021,OAK,CA,AWP,WE,Towers with Radar,226,60,40,0,326,0,2,65,0,67,226,62,105,0,393,270,0,270,663
08/15/2021,OAK,CA,AWP,WE,Towers with Radar,243,85,48,0,376,0,5,48,1,54,243,90,96,1,430,108,0,108,538
08/16/2021,OAK,CA,AWP,WE,Towers with Radar,253,74,31,0,358,0,9,40,1,50,253,83,71,1,408,82,0,82,490
08/17/2021,OAK,CA,AWP,WE,Towers with Radar,305,67,38,0,410,0,8,48,0,56,305,75,86,0,466,110,0,110,576
08/18/2021,OAK,CA,AWP,WE,Towers with Radar,300,68,35,0,403,0,9,29,0,38,300,77,64,0,441,188,0,188,629
08/19/2021,OAK,CA,AWP,WE,Towers with Radar,309,72,40,0,421,0,4,38,1,43,309,76,78,1,464,198,0,198,662
08/20/2021,OAK,CA,AWP,WE,Towers with Radar,280,78,45,0,403,0,2,42,0,44,280,80,87,0,447,108,0,108,555
08/21/2021,OAK,CA,AWP,WE,Towers with Radar,223,60,36,0,319,0,6,33,0,39,223,66,69,0,358,10,0,10,368
08/22/2021,OAK,CA,AWP,WE,Towers with Radar,247,85,38,0,370,0,6,75,0,81,247,91,113,0,451,76,0,76,527
08/23/2021,OAK,CA,AWP,WE,Towers with Radar,257,69,30,0,356,0,6,44,1,51,257,75,74,1,407,112,0,112,519
08/24/2021,OAK,CA,AWP,WE,Towers with Radar,306,78,32,0,416,0,9,45,0,54,306,87,77,0,470,32,0,32,502
08/25/2021,OAK,CA,AWP,WE,Towers with Radar,298,89,44,0,431,0,9,69,0,78,298,98,113,0,509,44,0,44,553
08/26/2021,OAK,CA,AWP,WE,Towers with Radar,314,96,46,2,458,0,5,74,0,79,314,101,120,2,537,182,0,182,719
08/27/2021,OAK,CA,AWP,WE,Towers with Radar,292,74,29,0,395,0,12,33,0,45,292,86,62,0,440,222,0,222,662
08/28/2021,OAK,CA,AWP,WE,Towers with Radar,225,51,23,2,301,0,8,41,1,50,225,59,64,3,351,78,0,78,429
08/29/2021,OAK,CA,AWP,WE,Towers with Radar,246,68,52,0,366,0,2,65,0,67,246,70,117,0,433,0,0,0,433
08/30/2021,OAK,CA,AWP,WE,Towers with Radar,265,71,41,0,377,0,15,37,0,52,265,86,78,0,429,168,0,168,597
08/31/2021,OAK,CA,AWP,WE,Towers with Radar,305,74,36,0,415,0,5,50,0,55,305,79,86,0,470,104,0,104,574
09/01/2021,OAK,CA,AWP,WE,Towers with Radar,304,70,57,2,433,0,16,49,4,69,304,86,106,6,502,194,4,198,700
09/02/2021,OAK,CA,AWP,WE,Towers with Radar,318,83,48,0,449,0,10,45,2,57,318,93,93,2,506,82,4,86,592
09/03/2021,OAK,CA,AWP,WE,Towers with Radar,295,68,45,0,408,0,13,43,2,58,295,81,88,2,466,110,0,110,576
09/04/2021,OAK,CA,AWP,WE,Towers with Radar,226,38,26,2,292,0,3,59,0,62,226,41,85,2,354,126,0,126,480
09/05/2021,OAK,CA,AWP,WE,Towers with Radar,237,61,32,1,331,0,3,53,0,56,237,64,85,1,387,100,0,100,487
09/06/2021,OAK,CA,AWP,WE,Towers with Radar,247,75,28,0,350,0,4,70,0,74,247,79,98,0,424,160,0,160,584
09/07/2021,OAK,CA,AWP,WE,Towers with Radar,270,70,28,1,369,0,6,54,0,60,270,76,82,1,429,10,0,10,439
09/08/2021,OAK,CA,AWP,WE,Towers with Radar,312,66,26,4,408,0,11,34,0,45,312,77,60,4,453,6,0,6,459
09/09/2021,OAK,CA,AWP,WE,Towers with Radar,321,76,39,2,438,0,12,46,1,59,321,88,85,3,497,40,0,40,537
09/10/2021,OAK,CA,AWP,WE,Towers with Radar,305,87,33,0,425,0,9,37,2,48,305,96,70,2,473,24,0,24,497
09/11/2021,OAK,CA,AWP,WE,Towers with Radar,238,59,31,0,328,0,3,69,0,72,238,62,100,0,400,70,0,70,470
09/12/2021,OAK,CA,AWP,WE,Towers with Radar,270,55,36,0,361,0,8,68,0,76,270,63,104,0,437,68,0,68,505
09/13/2021,OAK,CA,AWP,WE,Towers with Radar,265,69,28,0,362,0,11,60,0,71,265,80,88,0,433,104,0,104,537
09/14/2021,OAK,CA,AWP,WE,Towers with Radar,302,71,42,0,415,0,13,47,0,60,302,84,89,0,475,50,0,50,525
09/15/2021,OAK,CA,AWP,WE,Towers with Radar,308,78,36,0,422,0,4,38,3,45,308,82,74,3,467,114,0,114,581
09/16/2021,OAK,CA,AWP,WE,Towers with Radar,326,92,43,0,461,0,6,56,0,62,326,98,99,0,523,114,0,114,637
09/17/2021,OAK,CA,AWP,WE,Towers with Radar,303,75,43,0,421,0,11,63,2,76,303,86,106,2,497,162,0,162,659
09/18/2021,OAK,CA,AWP,WE,Towers with Radar,235,41,39,0,315,0,1,35,0,36,235,42,74,0,351,52,0,52,403
09/19/2021,OAK,CA,AWP,WE,Towers with Radar,268,75,32,0,375,0,6,65,0,71,268,81,97,0,446,62,0,62,508
09/20/2021,OAK,CA,AWP,WE,Towers with Radar,269,70,33,2,374,0,11,43,0,54,269,81,76,2,428,112,0,112,540
09/21/2021,OAK,CA,AWP,WE,Towers with Radar,307,72,35,0,414,0,8,59,0,67,307,80,94,0,481,104,0,104,585
09/22/2021,OAK,CA,AWP,WE,Towers with Radar,307,71,33,4,415,0,7,64,3,74,307,78,97,7,489,74,0,74,563
09/23/2021,OAK,CA,AWP,WE,Towers with Radar,328,77,42,0,447,0,7,44,1,52,328,84,86,1,499,18,0,18,517
09/24/2021,OAK,CA,AWP,WE,Towers with Radar,306,83,31,0,420,0,12,59,1,72,306,95,90,1,492,80,0,80,572
09/25/2021,OAK,CA,AWP,WE,Towers with Radar,235,46,37,0,318,0,6,46,0,52,235,52,83,0,370,6,0,6,376
09/26/2021,OAK,CA,AWP,WE,Towers with Radar,282,78,44,0,404,0,1,46,0,47,282,79,90,0,451,34,0,34,485
09/27/2021,OAK,CA,AWP,WE,Towers with Radar,276,74,41,5,396,0,2,22,0,24,276,76,63,5,420,48,0,48,468
09/28/2021,OAK,CA,AWP,WE,Towers with Radar,303,68,46,1,418,0,6,48,0,54,303,74,94,1,472,136,0,136,608
09/29/2021,OAK,CA,AWP,WE,Towers with Radar,304,72,39,0,415,0,12,72,1,85,304,84,111,1,500,166,0,166,666
09/30/2021,OAK,CA,AWP,WE,Towers with Radar,331,75,46,0,452,0,9,82,0,91,331,84,128,0,543,232,0,232,775
10/01/2021,OAK,CA,AWP,WE,Towers with Radar,309,86,51,0,446,0,13,69,0,82,309,99,120,0,528,264,0,264,792
10/02/2021,OAK,CA,AWP,WE,Towers with Radar,233,50,27,0,310,0,6,70,0,76,233,56,97,0,386,164,0,164,550
10/03/2021,OAK,CA,AWP,WE,Towers with Radar,275,95,52,5,427,0,6,61,1,68,275,101,113,6,495,74,0,74,569
10/04/2021,OAK,CA,AWP,WE,Towers with Radar,275,58,34,3,370,0,9,51,1,61,275,67,85,4,431,88,0,88,519
10/05/2021,OAK,CA,AWP,WE,Towers with Radar,309,67,43,2,421,0,6,52,0,58,309,73,95,2,479,116,0,116,595
10/06/2021,OAK,CA,AWP,WE,Towers with Radar,301,77,44,5,427,0,10,63,0,73,301,87,107,5,500,140,0,140,640
10/07/2021,OAK,CA,AWP,WE,Towers with Radar,326,86,34,2,448,0,13,60,10,83,326,99,94,12,531,68,0,68,599
10/08/2021,OAK,CA,AWP,WE,Towers with Radar,307,80,49,4,440,0,9,61,15,85,307,89,110,19,525,34,0,34,559
10/09/2021,OAK,CA,AWP,WE,Towers with Radar,197,52,46,0,295,0,6,83,8,97,197,58,129,8,392,46,0,46,438
10/10/2021,OAK,CA,AWP,WE,Towers with Radar,224,78,54,0,356,0,0,81,12,93,224,78,135,12,449,48,0,48,497
10/11/2021,OAK,CA,AWP,WE,Towers with Radar,243,67,36,5,351,0,8,12,0,20,243,75,48,5,371,22,0,22,393
10/12/2021,OAK,CA,AWP,WE,Towers with Radar,296,68,40,4,408,0,8,36,0,44,296,76,76,4,452,32,0,32,484
10/13/2021,OAK,CA,AWP,WE,Towers with Radar,302,52,48,0,402,0,10,61,0,71,302,62,109,0,473,44,0,44,517
10/14/2021,OAK,CA,AWP,WE,Towers with Radar,322,85,59,0,466,0,18,77,0,95,322,103,136,0,561,84,0,84,645
10/15/2021,OAK,CA,AWP,WE,Towers with Radar,305,79,53,2,439,0,5,86,0,91,305,84,139,2,530,66,0,66,596
10/16/2021,OAK,CA,AWP,WE,Towers with Radar,236,52,29,0,317,0,6,82,0,88,236,58,111,0,405,218,0,218,623
10/17/2021,OAK,CA,AWP,WE,Towers with Radar,263,83,54,0,400,0,2,59,0,61,263,85,113,0,461,86,0,86,547
10/18/2021,OAK,CA,AWP,WE,Towers with Radar,275,69,35,3,382,0,10,47,0,57,275,79,82,3,439,88,24,112,551
10/19/2021,OAK,CA,AWP,WE,Towers with Radar,301,66,43,0,410,0,5,42,0,47,301,71,85,0,457,64,0,64,521
10/20/2021,OAK,CA,AWP,WE,Towers with Radar,302,90,52,2,446,0,2,13,3,18,302,92,65,5,464,0,0,0,464
10/21/2021,OAK,CA,AWP,WE,Towers with Radar,323,91,56,1,471,0,4,15,2,21,323,95,71,3,492,80,0,80,572
10/22/2021,OAK,CA,AWP,WE,Towers with Radar,301,94,45,0,440,0,8,37,2,47,301,102,82,2,487,138,0,138,625
10/23/2021,OAK,CA,AWP,WE,Towers with Radar,238,62,41,0,341,0,2,38,0,40,238,64,79,0,381,86,0,86,467
10/24/2021,OAK,CA,AWP,WE,Towers with Radar,253,66,31,1,351,0,0,0,0,0,253,66,31,1,351,0,0,0,351
10/25/2021,OAK,CA,AWP,WE,Towers with Radar,272,99,32,0,403,0,9,16,3,28,272,108,48,3,431,66,0,66,497
10/26/2021,OAK,CA,AWP,WE,Towers with Radar,307,69,36,0,412,0,7,43,3,53,307,76,79,3,465,64,0,64,529
10/27/2021,OAK,CA,AWP,WE,Towers with Radar,319,73,47,0,439,0,10,76,2,88,319,83,123,2,527,122,6,128,655
10/28/2021,OAK,CA,AWP,WE,Towers with Radar,325,78,40,2,445,0,11,61,1,73,325,89,101,3,518,204,0,204,722
10/29/2021,OAK,CA,AWP,WE,Towers with Radar,317,69,35,0,421,0,11,61,0,72,317,80,96,0,493,146,0,146,639
10/30/2021,OAK,CA,AWP,WE,Towers with Radar,232,50,57,0,339,0,3,26,0,29,232,53,83,0,368,0,0,0,368
10/31/2021,OAK,CA,AWP,WE,Towers with Radar,250,64,26,0,340,0,8,43,0,51,250,72,69,0,391,110,0,110,501
11/01/2021,OAK,CA,AWP,WE,Towers with Radar,257,80,33,2,372,0,3,2,0,5,257,83,35,2,377,0,0,0,377
11/02/2021,OAK,CA,AWP,WE,Towers with Radar,302,70,49,0,421,0,4,33,0,37,302,74,82,0,458,0,0,0,458
11/03/2021,OAK,CA,AWP,WE,Towers with Radar,307,64,37,0,408,0,11,59,1,71,307,75,96,1,479,80,0,80,559
11/04/2021,OAK,CA,AWP,WE,Towers with Radar,310,81,36,0,427,0,7,29,1,37,310,88,65,1,464,80,0,80,544
11/05/2021,OAK,CA,AWP,WE,Towers with Radar,302,86,34,0,422,0,9,73,2,84,302,95,107,2,506,110,18,128,634
11/06/2021,OAK,CA,AWP,WE,Towers with Radar,230,48,20,0,298,0,4,52,0,56,230,52,72,0,354,60,0,60,414
11/07/2021,OAK,CA,AWP,WE,Towers with Radar,241,81,33,0,355,0,5,83,0,88,241,86,116,0,443,62,0,62,505
11/08/2021,OAK,CA,AWP,WE,Towers with Radar,255,62,34,0,351,0,8,28,1,37,255,70,62,1,388,82,0,82,470
11/09/2021,OAK,CA,AWP,WE,Towers with Radar,274,80,26,0,380,0,8,16,2,26,274,88,42,2,406,86,36,122,528
11/10/2021,OAK,CA,AWP,WE,Towers with Radar,287,72,43,0,402,0,6,62,0,68,287,78,105,0,470,96,0,96,566
11/11/2021,OAK,CA,AWP,WE,Towers with Radar,318,86,48,0,452,0,8,77,2,87,318,94,125,2,539,178,2,180,719
11/12/2021,OAK,CA,AWP,WE,Towers with Radar,298,73,33,1,405,0,9,67,0,76,298,82,100,1,481,127,14,141,622
11/13/2021,OAK,CA,AWP,WE,Towers with Radar,231,58,29,1,319,0,3,65,0,68,231,61,94,1,387,80,0,80,467
11/14/2021,OAK,CA,AWP,WE,Towers with Radar,249,82,48,1,380,0,5,81,0,86,249,87,129,1,466,212,0,212,678
11/15/2021,OAK,CA,AWP,WE,Towers with Radar,258,75,45,0,378,0,4,38,0,42,258,79,83,0,420,110,22,132,552
11/16/2021,OAK,CA,AWP,WE,Towers with Radar,276,84,35,0,395,0,5,41,1,47,276,89,76,1,442,64,0,64,506
11/17/2021,OAK,CA,AWP,WE,Towers with Radar,296,77,37,0,410,0,11,62,3,76,296,88,99,3,486,80,0,80,566
11/18/2021,OAK,CA,AWP,WE,Towers with Radar,312,81,54,0,447,0,9,75,0,84,312,90,129,0,531,176,0,176,707
11/19/2021,OAK,CA,AWP,WE,Towers with Radar,302,101,67,0,470,0,2,7,0,9,302,103,74,0,479,0,0,0,479
11/20/2021,OAK,CA,AWP,WE,Towers with Radar,256,81,69,2,408,0,5,84,1,90,256,86,153,3,498,188,0,188,686
11/21/2021,OAK,CA,AWP,WE,Towers with Radar,248,67,52,0,367,0,5,78,1,84,248,72,130,1,451,120,0,120,571
11/22/2021,OAK,CA,AWP,WE,Towers with Radar,277,66,29,0,372,0,5,46,0,51,277,71,75,0,423,100,0,100,523
11/23/2021,OAK,CA,AWP,WE,Towers with Radar,335,100,44,0,479,0,13,73,0,86,335,113,117,0,565,152,0,152,717
11/24/2021,OAK,CA,AWP,WE,Towers with Radar,358,77,55,1,491,0,10,66,0,76,358,87,121,1,567,92,0,92,659
11/25/2021,OAK,CA,AWP,WE,Towers with Radar,217,34,9,0,260,0,0,25,0,25,217,34,34,0,285,38,0,38,323
11/26/2021,OAK,CA,AWP,WE,Towers with Radar,270,50,23,1,344,0,6,41,0,47,270,56,64,1,391,100,0,100,491
11/27/2021,OAK,CA,AWP,WE,Towers with Radar,269,74,39,2,384,0,6,76,0,82,269,80,115,2,466,114,0,114,580
11/28/2021,OAK,CA,AWP,WE,Towers with Radar,286,93,97,0,476,0,6,73,0,79,286,99,170,0,555,72,0,72,627
11/29/2021,OAK,CA,AWP,WE,Towers with Radar,293,98,29,0,420,0,7,47,0,54,293,105,76,0,474,106,0,106,580
11/30/2021,OAK,CA,AWP,WE,Towers with Radar,354,65,37,0,456,0,8,59,0,67,354,73,96,0,523,162,0,162,685
12/01/2021,OAK,CA,AWP,WE,Towers with Radar,320,77,34,0,431,0,9,56,0,65,320,86,90,0,496,96,0,96,592
12/02/2021,OAK,CA,AWP,WE,Towers with Radar,315,75,25,2,417,0,4,43,0,47,315,79,68,2,464,118,0,118,582
12/03/2021,OAK,CA,AWP,WE,Towers with Radar,299,84,46,6,435,0,1,8,2,11,299,85,54,8,446,0,0,0,446
12/04/2021,OAK,CA,AWP,WE,Towers with Radar,244,52,35,0,331,0,0,39,0,39,244,52,74,0,370,138,0,138,508
12/05/2021,OAK,CA,AWP,WE,Towers with Radar,247,69,41,0,357,0,2,57,3,62,247,71,98,3,419,57,15,72,491
12/06/2021,OAK,CA,AWP,WE,Towers with Radar,256,73,41,2,372,0,2,1,0,3,256,75,42,2,375,0,0,0,375
12/07/2021,OAK,CA,AWP,WE,Towers with Radar,317,64,38,0,419,0,3,53,3,59,317,67,91,3,478,142,24,166,644
12/08/2021,OAK,CA,AWP,WE,Towers with Radar,319,92,45,1,457,0,1,10,3,14,319,93,55,4,471,0,20,20,491
12/09/2021,OAK,CA,AWP,WE,Towers with Radar,325,79,42,0,446,0,12,48,0,60,325,91,90,0,506,110,18,128,634
12/10/2021,OAK,CA,AWP,WE,Towers with Radar,300,80,37,2,419,1,13,89,2,105,301,93,126,4,524,180,0,180,704
12/11/2021,OAK,CA,AWP,WE,Towers with Radar,244,59,27,1,331,0,3,94,0,97,244,62,121,1,428,214,0,214,642
12/12/2021,OAK,CA,AWP,WE,Towers with Radar,254,86,42,1,383,0,0,2,0,2,254,86,44,1,385,0,0,0,385
12/13/2021,OAK,CA,AWP,WE,Towers with Radar,253,54,26,0,333,0,2,0,0,2,253,56,26,0,335,0,0,0,335
12/14/2021,OAK,CA,AWP,WE,Towers with Radar,303,51,36,0,390,0,6,30,0,36,303,57,66,0,426,102,0,102,528
12/15/2021,OAK,CA,AWP,WE,Towers with Radar,330,91,31,0,452,0,4,28,0,32,330,95,59,0,484,58,0,58,542
12/16/2021,OAK,CA,AWP,WE,Towers with Radar,360,87,36,0,483,0,8,40,0,48,360,95,76,0,531,210,0,210,741
12/17/2021,OAK,CA,AWP,WE,Towers with Radar,348,118,48,0,514,0,8,81,1,90,348,126,129,1,604,78,0,78,682
12/18/2021,OAK,CA,AWP,WE,Towers with Radar,297,86,55,0,438,0,5,56,7,68,297,91,111,7,506,136,8,144,650
12/19/2021,OAK,CA,AWP,WE,Towers with Radar,273,81,43,0,397,0,0,51,6,57,273,81,94,6,454,130,0,130,584
12/20/2021,OAK,CA,AWP,WE,Towers with Radar,297,87,50,0,434,0,11,51,2,64,297,98,101,2,498,80,0,80,578
12/21/2021,OAK,CA,AWP,WE,Towers with Radar,355,69,32,0,456,0,8,15,0,23,355,77,47,0,479,34,0,34,513
12/22/2021,OAK,CA,AWP,WE,Towers with Radar,365,86,45,1,497,0,0,0,0,0,365,86,45,1,497,0,0,0,497
12/23/2021,OAK,CA,AWP,WE,Towers with Radar,369,80,51,0,500,0,6,10,0,16,369,86,61,0,516,4,0,4,520
12/24/2021,OAK,CA,AWP,WE,Towers with Radar,263,57,23,1,344,0,8,30,0,38,263,65,53,1,382,138,0,138,520
12/25/2021,OAK,CA,AWP,WE,Towers with Radar,198,41,8,2,249,0,0,0,0,0,198,41,8,2,249,0,0,0,249
12/26/2021,OAK,CA,AWP,WE,Towers with Radar,252,87,40,1,380,0,2,14,0,16,252,89,54,1,396,120,0,120,516
12/27/2021,OAK,CA,AWP,WE,Towers with Radar,261,82,43,0,386,0,11,16,0,27,261,93,59,0,413,60,0,60,473
12/28/2021,OAK,CA,AWP,WE,Towers with Radar,337,70,28,0,435,0,5,12,0,17,337,75,40,0,452,28,0,28,480
12/29/2021,OAK,CA,AWP,WE,Towers with Radar,352,81,33,0,466,0,4,2,0,6,352,85,35,0,472,12,0,12,484
12/30/2021,OAK,CA,AWP,WE,Towers with Radar,344,77,35,0,456,0,11,74,0,85,344,88,109,0,541,136,0,136,677
12/31/2021,OAK,CA,AWP,WE,Towers with Radar,255,52,14,0,321,0,7,87,0,94,255,59,101,0,415,126,0,126,541
01/01/2022,OAK,CA,AWP,WE,Towers with Radar,201,51,21,0,273,0,4,58,0,62,201,55,79,0,335,60,0,60,395
01/02/2022,OAK,CA,AWP,WE,Towers with Radar,243,101,61,0,405,0,2,88,0,90,243,103,149,0,495,122,0,122,617
01/03/2022,OAK,CA,AWP,WE,Towers with Radar,280,98,49,0,427,0,2,11,0,13,280,100,60,0,440,104,0,104,544
01/04/2022,OAK,CA,AWP,WE,Towers with Radar,278,80,37,1,396,0,7,10,0,17,278,87,47,1,413,60,0,60,473
01/05/2022,OAK,CA,AWP,WE,Towers with Radar,272,85,40,1,398,0,2,11,7,20,272,87,51,8,418,48,0,48,466
01/06/2022,OAK,CA,AWP,WE,Towers with Radar,254,80,29,1,364,0,0,0,0,0,254,80,29,1,364,0,0,0,364
01/07/2022,OAK,CA,AWP,WE,Towers with Radar,259,80,36,0,375,0,2,14,0,16,259,82,50,0,391,102,6,108,499
01/08/2022,OAK,CA,AWP,WE,Towers with Radar,215,61,28,2,306,0,3,62,0,65,215,64,90,2,371,304,0,304,675
01/09/2022,OAK,CA,AWP,WE,Towers with Radar,248,70,30,2,350,0,8,91,2,101,248,78,121,4,451,92,0,92,543
01/10/2022,OAK,CA,AWP,WE,Towers with Radar,234,67,26,2,329,0,12,67,0,79,234,79,93,2,408,112,0,112,520
01/11/2022,OAK,CA,AWP,WE,Towers with Radar,266,55,17,0,338,0,9,39,1,49,266,64,56,1,387,122,0,122,509
01/12/2022,OAK,CA,AWP,WE,Towers with Radar,274,53,21,1,349,0,8,48,2,58,274,61,69,3,407,72,0,72,479
01/13/2022,OAK,CA,AWP,WE,Towers with Radar,275,72,37,2,386,0,8,52,0,60,275,80,89,2,446,80,0,80,526
01/14/2022,OAK,CA,AWP,WE,Towers with Radar,297,80,62,0,439,0,9,47,0,56,297,89,109,0,495,114,0,114,609
01/15/2022,OAK,CA,AWP,WE,Towers with Radar,216,50,38,0,304,0,3,87,0,90,216,53,125,0,394,128,0,128,522
01/16/2022,OAK,CA,AWP,WE,Towers with Radar,228,52,28,0,308,0,2,60,0,62,228,54,88,0,370,92,0,92,462
01/17/2022,OAK,CA,AWP,WE,Towers with Radar,274,87,46,0,407,0,8,69,0,77,274,95,115,0,484,72,0,72,556
01/18/2022,OAK,CA,AWP,WE,Towers with Radar,301,77,28,0,406,0,11,20,2,33,301,88,48,2,439,91,0,91,530
01/19/2022,OAK,CA,AWP,WE,Towers with Radar,310,78,31,2,421,0,6,34,0,40,310,84,65,2,461,32,0,32,493
01/20/2022,OAK,CA,AWP,WE,Towers with Radar,319,64,42,0,425,0,5,33,0,38,319,69,75,0,463,94,0,94,557
01/21/2022,OAK,CA,AWP,WE,Towers with Radar,311,56,40,0,407,0,5,33,4,42,311,61,73,4,449,20,0,20,469
01/22/2022,OAK,CA,AWP,WE,Towers with Radar,228,49,32,0,309,0,4,35,0,39,228,53,67,0,348,42,0,42,390
01/23/2022,OAK,CA,AWP,WE,Towers with Radar,267,63,44,0,374,0,6,104,0,110,267,69,148,0,484,146,0,146,630
01/24/2022,OAK,CA,AWP,WE,Towers with Radar,267,59,30,0,356,0,8,49,3,60,267,67,79,3,416,110,0,110,526
01/25/2022,OAK,CA,AWP,WE,Towers with Radar,299,61,37,0,397,0,4,42,1,47,299,65,79,1,444,126,0,126,570
01/26/2022,OAK,CA,AWP,WE,Towers with Radar,308,64,51,0,423,0,5,45,2,52,308,69,96,2,475,66,34,100,575
01/27/2022,OAK,CA,AWP,WE,Towers with Radar,313,71,25,0,409,0,13,55,0,68,313,84,80,0,477,226,0,226,703
01/28/2022,OAK,CA,AWP,WE,Towers with Radar,312,72,38,0,422,0,9,58,0,67,312,81,96,0,489,166,0,166,655
01/29/2022,OAK,CA,AWP,WE,Towers with Radar,217,55,25,0,297,0,1,74,0,75,217,56,99,0,372,104,0,104,476
01/30/2022,OAK,CA,AWP,WE,Towers with Radar,266,82,37,0,385,0,4,79,0,83,266,86,116,0,468,134,0,134,602
01/31/2022,OAK,CA,AWP,WE,Towers with Radar,266,80,35,0,381,0,10,39,0,49,266,90,74,0,430,154,0,154,584
02/01/2022,OAK,CA,AWP,WE,Towers with Radar,297,64,28,0,389,0,10,26,0,36,297,74,54,0,425,133,0,133,558
02/02/2022,OAK,CA,AWP,WE,Towers with Radar,303,78,26,0,407,0,13,12,0,25,303,91,38,0,432,18,0,18,450
02/03/2022,OAK,CA,AWP,WE,Towers with Radar,286,75,49,0,410,0,16,56,0,72,286,91,105,0,482,238,0,238,720
02/04/2022,OAK,CA,AWP,WE,Towers with Radar,289,76,28,2,395,0,10,89,0,99,289,86,117,2,494,174,0,174,668
02/05/2022,OAK,CA,AWP,WE,Towers with Radar,224,56,32,0,312,0,6,76,0,82,224,62,108,0,394,270,0,270,664
02/06/2022,OAK,CA,AWP,WE,Towers with Radar,273,60,34,0,367,0,2,72,0,74,273,62,106,0,441,108,0,108,549
02/07/2022,OAK,CA,AWP,WE,Towers with Radar,265,61,20,0,346,0,10,52,0,62,265,71,72,0,408,116,0,116,524
02/08/2022,OAK,CA,AWP,WE,Towers with Radar,299,51,32,0,382,0,7,40,0,47,299,58,72,0,429,142,0,142,571
02/09/2022,OAK,CA,AWP,WE,Towers with Radar,313,62,23,0,398,0,16,50,2,68,313,78,73,2,466,124,14,138,604
02/10/2022,OAK,CA,AWP,WE,Towers with Radar,321,88,31,0,440,0,12,64,6,82,321,100,95,6,522,168,0,168,690
02/11/2022,OAK,CA,AWP,WE,Towers with Radar,308,69,36,0,413,0,9,73,1,83,308,78,109,1,496,94,6,100,596
02/12/2022,OAK,CA,AWP,WE,Towers with Radar,219,46,29,0,294,0,5,72,0,77,219,51,101,0,371,198,0,198,569
02/13/2022,OAK,CA,AWP,WE,Towers with Radar,268,59,34,0,361,0,7,79,1,87,268,66,113,1,448,108,0,108,556
02/14/2022,OAK,CA,AWP,WE,Towers with Radar,268,68,22,1,359,0,4,7,1,12,268,72,29,2,371,14,44,58,429
02/15/2022,OAK,CA,AWP,WE,Towers with Radar,298,61,38,0,397,0,11,27,0,38,298,72,65,0,435,60,0,60,495
02/16/2022,OAK,CA,AWP,WE,Towers with Radar,310,68,31,0,409,0,13,58,1,72,310,81,89,1,481,154,0,154,635
02/17/2022,OAK,CA,AWP,WE,Towers with Radar,325,95,54,4,478,0,13,63,2,78,325,108,117,6,556,176,0,176,732
02/18/2022,OAK,CA,AWP,WE,Towers with Radar,319,109,61,0,489,0,9,65,1,75,319,118,126,1,564,136,0,136,700
02/19/2022,OAK,CA,AWP,WE,Towers with Radar,235,72,35,0,342,0,4,83,3,90,235,76,118,3,432,228,2,230,662
02/20/2022,OAK,CA,AWP,WE,Towers with Radar,268,51,39,0,358,0,0,30,0,30,268,51,69,0,388,54,0,54,442
02/21/2022,OAK,CA,AWP,WE,Towers with Radar,280,66,39,0,385,0,7,43,0,50,280,73,82,0,435,112,0,112,547
02/22/2022,OAK,CA,AWP,WE,Towers with Radar,314,69,41,0,424,0,7,22,0,29,314,76,63,0,453,94,0,94,547
02/23/2022,OAK,CA,AWP,WE,Towers with Radar,321,74,32,5,432,0,16,57,2,75,321,90,89,7,507,138,56,194,701
02/24/2022,OAK,CA,AWP,WE,Towers with Radar,323,82,25,2,432,0,11,59,3,73,323,93,84,5,505,130,0,130,635
02/25/2022,OAK,CA,AWP,WE,Towers with Radar,311,73,36,0,420,0,10,70,0,80,311,83,106,0,500,162,0,162,662
02/26/2022,OAK,CA,AWP,WE,Towers with Radar,237,76,38,3,354,0,9,81,1,91,237,85,119,4,445,98,0,98,543
02/27/2022,OAK,CA,AWP,WE,Towers with Radar,279,93,61,1,434,0,3,66,1,70,279,96,127,2,504,110,0,110,614
02/28/2022,OAK,CA,AWP,WE,Towers with Radar,281,75,31,6,393,0,7,57,2,66,281,82,88,8,459,144,0,144,603
03/01/2022,OAK,CA,AWP,WE,Towers with Radar,302,73,39,2,416,0,8,41,0,49,302,81,80,2,465,130,0,130,595
03/02/2022,OAK,CA,AWP,WE,Towers with Radar,321,77,38,0,436,0,6,36,0,42,321,83,74,0,478,74,0,74,552
03/03/2022,OAK,CA,AWP,WE,Towers with Radar,325,70,37,0,432,0,7,22,4,33,325,77,59,4,465,54,0,54,519
03/04/2022,OAK,CA,AWP,WE,Towers with Radar,302,76,53,2,433,0,9,12,2,23,302,85,65,4,456,44,8,52,508
03/05/2022,OAK,CA,AWP,WE,Towers with Radar,210,50,26,2,288,0,3,70,0,73,210,53,96,2,361,168,0,168,529
03/06/2022,OAK,CA,AWP,WE,Towers with Radar,256,72,39,0,367,0,1,100,0,101,256,73,139,0,468,106,0,106,574
03/07/2022,OAK,CA,AWP,WE,Towers with Radar,259,62,30,2,353,0,16,49,2,67,259,78,79,4,420,110,0,110,530
03/08/2022,OAK,CA,AWP,WE,Towers with Radar,290,80,34,1,405,0,12,55,1,68,290,92,89,2,473,130,0,130,603
03/09/2022,OAK,CA,AWP,WE,Towers with Radar,298,109,44,0,451,0,10,62,1,73,298,119,106,1,524,178,0,178,702
03/10/2022,OAK,CA,AWP,WE,Towers with Radar,315,81,37,0,433,0,12,31,0,43,315,93,68,0,476,110,0,110,586
03/11/2022,OAK,CA,AWP,WE,Towers with Radar,307,66,51,0,424,0,10,70,0,80,307,76,121,0,504,0,0,0,504
03/12/2022,OAK,CA,AWP,WE,Towers with Radar,221,55,24,0,300,0,7,54,0,61,221,62,78,0,361,0,0,0,361
03/13/2022,OAK,CA,AWP,WE,Towers with Radar,255,62,38,0,355,0,1,69,0,70,255,63,107,0,425,197,0,197,622
03/14/2022,OAK,CA,AWP,WE,Towers with Radar,269,71,31,0,371,0,9,56,0,65,269,80,87,0,436,166,0,166,602
03/15/2022,OAK,CA,AWP,WE,Towers with Radar,314,78,37,2,431,0,4,14,1,19,314,82,51,3,450,130,0,130,580
03/16/2022,OAK,CA,AWP,WE,Towers with Radar,316,78,49,2,445,0,12,40,2,54,316,90,89,4,499,74,10,84,583
03/17/2022,OAK,CA,AWP,WE,Towers with Radar,320,86,33,0,439,0,3,48,0,51,320,89,81,0,490,120,0,120,610
03/18/2022,OAK,CA,AWP,WE,Towers with Radar,304,76,36,0,416,0,8,97,2,107,304,84,133,2,523,268,0,268,791
03/19/2022,OAK,CA,AWP,WE,Towers with Radar,233,56,26,0,315,0,2,24,0,26,233,58,50,0,341,0,0,0,341
03/20/2022,OAK,CA,AWP,WE,Towers with Radar,268,72,49,0,389,0,7,100,0,107,268,79,149,0,496,0,0,0,496
03/21/2022,OAK,CA,AWP,WE,Towers with Radar,270,57,35,0,362,0,10,60,2,72,270,67,95,2,434,116,0,116,550
03/22/2022,OAK,CA,AWP,WE,Towers with Radar,316,63,40,0,419,0,10,64,2,76,316,73,104,2,495,168,0,168,663
03/23/2022,OAK,CA,AWP,WE,Towers with Radar,324,75,41,0,440,0,6,58,0,64,324,81,99,0,504,0,0,0,504
03/24/2022,OAK,CA,AWP,WE,Towers with Radar,321,82,53,3,459,0,9,79,8,96,321,91,132,11,555,202,14,216,771
03/25/2022,OAK,CA,AWP,WE,Towers with Radar,309,70,69,4,452,0,3,52,3,58,309,73,121,7,510,136,0,136,646
03/26/2022,OAK,CA,AWP,WE,Towers with Radar,231,48,37,0,316,0,1,82,0,83,231,49,119,0,399,158,0,158,557
03/27/2022,OAK,CA,AWP,WE,Towers with Radar,266,77,62,1,406,0,7,47,0,54,266,84,109,1,460,54,0,54,514
03/28/2022,OAK,CA,AWP,WE,Towers with Radar,264,77,39,2,382,0,5,33,0,38,264,82,72,2,420,0,0,0,420
03/29/2022,OAK,CA,AWP,WE,Towers with Radar,322,85,31,0,438,1,8,24,0,33,323,93,55,0,471,46,0,46,517
03/30/2022,OAK,CA,AWP,WE,Towers with Radar,318,75,32,0,425,0,10,27,0,37,318,85,59,0,462,138,0,138,600
03/31/2022,OAK,CA,AWP,WE,Towers with Radar,318,72,33,0,423,0,5,52,0,57,318,77,85,0,480,88,0,88,568
04/01/2022,OAK,CA,AWP,WE,Towers with Radar,297,81,53,0,431,0,9,81,2,92,297,90,134,2,523,200,0,200,723
04/02/2022,OAK,CA,AWP,WE,Towers with Radar,223,57,34,0,314,0,7,48,0,55,223,64,82,0,369,126,0,126,495
04/03/2022,OAK,CA,AWP,WE,Towers with Radar,270,63,40,1,374,0,5,83,0,88,270,68,123,1,462,56,0,56,518
04/04/2022,OAK,CA,AWP,WE,Towers with Radar,289,64,35,1,389,0,7,57,1,65,289,71,92,2,454,148,0,148,602
04/05/2022,OAK,CA,AWP,WE,Towers with Radar,339,62,32,0,433,0,8,48,0,56,339,70,80,0,489,146,0,146,635
04/06/2022,OAK,CA,AWP,WE,Towers with Radar,347,63,23,0,433,0,7,53,0,60,347,70,76,0,493,96,0,96,589
04/07/2022,OAK,CA,AWP,WE,Towers with Radar,328,77,23,1,429,0,10,59,1,70,328,87,82,2,499,218,0,218,717
04/08/2022,OAK,CA,AWP,WE,Towers with Radar,325,90,50,1,466,0,12,86,1,99,325,102,136,2,565,180,0,180,745
04/09/2022,OAK,CA,AWP,WE,Towers with Radar,228,64,32,0,324,0,4,67,0,71,228,68,99,0,395,108,0,108,503
04/10/2022,OAK,CA,AWP,WE,Towers with Radar,284,73,56,0,413,0,2,83,0,85,284,75,139,0,498,214,0,214,712
04/11/2022,OAK,CA,AWP,WE,Towers with Radar,286,69,28,0,383,0,2,8,0,10,286,71,36,0,393,0,0,0,393
04/12/2022,OAK,CA,AWP,WE,Towers with Radar,342,73,43,0,458,0,9,47,1,57,342,82,90,1,515,84,0,84,599
04/13/2022,OAK,CA,AWP,WE,Towers with Radar,340,74,52,0,466,0,7,51,2,60,340,81,103,2,526,342,20,362,888
04/14/2022,OAK,CA,AWP,WE,Towers with Radar,341,85,52,0,478,0,0,6,0,6,341,85,58,0,484,0,0,0,484
04/15/2022,OAK,CA,AWP,WE,Towers with Radar,324,73,41,0,438,0,2,75,2,79,324,75,116,2,517,260,0,260,777
04/16/2022,OAK,CA,AWP,WE,Towers with Radar,236,69,39,0,344,0,2,24,2,28,236,71,63,2,372,100,0,100,472
04/17/2022,OAK,CA,AWP,WE,Towers with Radar,288,82,38,0,408,0,4,87,0,91,288,86,125,0,499,98,0,98,597
04/18/2022,OAK,CA,AWP,WE,Towers with Radar,295,69,37,0,401,0,9,58,0,67,295,78,95,0,468,60,0,60,528
04/19/2022,OAK,CA,AWP,WE,Towers with Radar,346,70,39,0,455,0,8,40,0,48,346,78,79,0,503,124,0,124,627
04/20/2022,OAK,CA,AWP,WE,Towers with Radar,347,66,49,2,464,0,9,35,2,46,347,75,84,4,510,54,0,54,564
04/21/2022,OAK,CA,AWP,WE,Towers with Radar,344,87,39,0,470,0,5,17,2,24,344,92,56,2,494,6,0,6,500
04/22/2022,OAK,CA,AWP,WE,Towers with Radar,323,64,35,0,422,0,4,64,0,68,323,68,99,0,490,172,0,172,662
04/23/2022,OAK,CA,AWP,WE,Towers with Radar,238,46,23,0,307,0,8,74,1,83,238,54,97,1,390,96,20,116,506
04/24/2022,OAK,CA,AWP,WE,Towers with Radar,292,68,38,0,398,0,1,73,0,74,292,69,111,0,472,64,0,64,536
04/25/2022,OAK,CA,AWP,WE,Towers with Radar,299,64,30,0,393,0,6,55,0,61,299,70,85,0,454,72,0,72,526
04/26/2022,OAK,CA,AWP,WE,Towers with Radar,357,69,32,1,459,0,12,50,3,65,357,81,82,4,524,74,2,76,600
04/27/2022,OAK,CA,AWP,WE,Towers with Radar,345,79,25,0,449,0,7,40,3,50,345,86,65,3,499,64,28,92,591
04/28/2022,OAK,CA,AWP,WE,Towers with Radar,338,86,38,0,462,0,10,51,0,61,338,96,89,0,523,84,0,84,607
04/29/2022,OAK,CA,AWP,WE,Towers with Radar,333,82,46,0,461,0,11,57,0,68,333,93,103,0,529,118,0,118,647
04/30/2022,OAK,CA,AWP,WE,Towers with Radar,237,50,22,1,310,0,4,71,0,75,237,54,93,1,385,30,0,30,415
05/01/2022,OAK,CA,AWP,WE,Towers with Radar,292,62,42,0,396,0,11,75,0,86,292,73,117,0,482,58,0,58,540
05/02/2022,OAK,CA,AWP,WE,Towers with Radar,293,71,31,2,397,0,10,33,0,43,293,81,64,2,440,21,0,21,461
05/03/2022,OAK,CA,AWP,WE,Towers with Radar,342,74,28,1,445,0,6,57,1,64,342,80,85,2,509,68,0,68,577
05/04/2022,OAK,CA,AWP,WE,Towers with Radar,345,66,38,0,449,0,7,45,0,52,345,73,83,0,501,20,0,20,521
05/05/2022,OAK,CA,AWP,WE,Towers with Radar,341,73,44,0,458,0,6,43,0,49,341,79,87,0,507,88,0,88,595
05/06/2022,OAK,CA,AWP,WE,Towers with Radar,330,72,35,0,437,1,7,29,2,39,331,79,64,2,476,166,0,166,642
05/07/2022,OAK,CA,AWP,WE,Towers with Radar,245,54,33,0,332,0,5,69,1,75,245,59,102,1,407,210,0,210,617
05/08/2022,OAK,CA,AWP,WE,Towers with Radar,284,58,32,0,374,0,1,26,2,29,284,59,58,2,403,64,18,82,485
05/09/2022,OAK,CA,AWP,WE,Towers with Radar,301,84,40,0,425,0,7,47,0,54,301,91,87,0,479,86,0,86,565
05/10/2022,OAK,CA,AWP,WE,Towers with Radar,349,65,31,0,445,0,10,46,0,56,349,75,77,0,501,126,0,126,627
05/11/2022,OAK,CA,AWP,WE,Towers with Radar,344,74,44,0,462,0,8,54,2,64,344,82,98,2,526,82,12,94,620
05/12/2022,OAK,CA,AWP,WE,Towers with Radar,350,67,26,0,443,0,5,64,0,69,350,72,90,0,512,86,0,86,598
05/13/2022,OAK,CA,AWP,WE,Towers with Radar,332,73,47,0,452,0,7,67,0,74,332,80,114,0,526,124,0,124,650
05/14/2022,OAK,CA,AWP,WE,Towers with Radar,234,59,28,0,321,0,3,76,0,79,234,62,104,0,400,56,0,56,456
05/15/2022,OAK,CA,AWP,WE,Towers with Radar,287,78,51,0,416,0,4,68,0,72,287,82,119,0,488,58,0,58,546
05/16/2022,OAK,CA,AWP,WE,Towers with Radar,300,56,21,0,377,0,4,51,0,55,300,60,72,0,432,0,0,0,432
05/17/2022,OAK,CA,AWP,WE,Towers with Radar,342,72,37,0,451,0,5,54,0,59,342,77,91,0,510,198,0,198,708
05/18/2022,OAK,CA,AWP,WE,Towers with Radar,352,70,39,0,461,0,8,45,0,53,352,78,84,0,514,34,0,34,548
05/19/2022,OAK,CA,AWP,WE,Towers with Radar,352,69,44,0,465,0,8,58,2,68,352,77,102,2,533,100,0,100,633
05/20/2022,OAK,CA,AWP,WE,Towers with Radar,327,93,46,1,467,0,11,50,4,65,327,104,96,5,532,90,0,90,622
05/21/2022,OAK,CA,AWP,WE,Towers with Radar,250,49,37,0,336,0,3,89,0,92,250,52,126,0,428,230,0,230,658
05/22/2022,OAK,CA,AWP,WE,Towers with Radar,296,77,45,0,418,0,2,79,2,83,296,79,124,2,501,84,0,84,585
05/23/2022,OAK,CA,AWP,WE,Towers with Radar,300,61,32,0,393,0,11,64,0,75,300,72,96,0,468,94,0,94,562
05/24/2022,OAK,CA,AWP,WE,Towers with Radar,344,63,35,0,442,0,9,63,0,72,344,72,98,0,514,132,0,132,646
05/25/2022,OAK,CA,AWP,WE,Towers with Radar,360,67,38,0,465,0,9,57,0,66,360,76,95,0,531,92,0,92,623
05/26/2022,OAK,CA,AWP,WE,Towers with Radar,358,93,45,0,496,0,7,56,2,65,358,100,101,2,561,112,0,112,673
05/27/2022,OAK,CA,AWP,WE,Towers with Radar,332,80,52,0,464,0,6,37,0,43,332,86,89,0,507,150,0,150,657
05/28/2022,OAK,CA,AWP,WE,Towers with Radar,245,44,21,0,310,0,1,39,1,41,245,45,60,1,351,6,0,6,357
05/29/2022,OAK,CA,AWP,WE,Towers with Radar,295,44,32,0,371,0,3,56,2,61,295,47,88,2,432,48,0,48,480
05/30/2022,OAK,CA,AWP,WE,Towers with Radar,289,59,36,0,384,0,6,74,0,80,289,65,110,0,464,66,0,66,530
05/31/2022,OAK,CA,AWP,WE,Towers with Radar,313,57,15,0,385,0,10,57,0,67,313,67,72,0,452,106,0,106,558
06/01/2022,OAK,CA,AWP,WE,Towers with Radar,353,72,46,0,471,0,12,75,0,87,353,84,121,0,558,4,0,4,562
06/02/2022,OAK,CA,AWP,WE,Towers with Radar,346,69,37,0,452,0,6,54,3,63,346,75,91,3,515,136,0,136,651
06/03/2022,OAK,CA,AWP,WE,Towers with Radar,328,73,37,0,438,0,3,30,0,33,328,76,67,0,471,70,0,70,541
06/04/2022,OAK,CA,AWP,WE,Towers with Radar,239,51,33,0,323,0,2,71,0,73,239,53,104,0,396,76,0,76,472
06/05/2022,OAK,CA,AWP,WE,Towers with Radar,332,84,51,0,467,0,1,29,0,30,332,85,80,0,497,10,0,10,507
06/06/2022,OAK,CA,AWP,WE,Towers with Radar,339,63,37,0,439,0,6,74,0,80,339,69,111,0,519,38,0,38,557
06/07/2022,OAK,CA,AWP,WE,Towers with Radar,383,54,23,0,460,0,12,65,2,79,383,66,88,2,539,142,0,142,681
06/08/2022,OAK,CA,AWP,WE,Towers with Radar,386,67,43,0,496,0,10,78,0,88,386,77,121,0,584,230,0,230,814
06/09/2022,OAK,CA,AWP,WE,Towers with Radar,388,87,54,0,529,0,7,53,0,60,388,94,107,0,589,108,0,108,697
06/10/2022,OAK,CA,AWP,WE,Towers with Radar,377,86,29,0,492,0,12,63,0,75,377,98,92,0,567,156,0,156,723
06/11/2022,OAK,CA,AWP,WE,Towers with Radar,264,51,27,0,342,0,1,78,0,79,264,52,105,0,421,220,0,220,641
06/12/2022,OAK,CA,AWP,WE,Towers with Radar,333,73,45,0,451,0,0,23,0,23,333,73,68,0,474,108,0,108,582
06/13/2022,OAK,CA,AWP,WE,Towers with Radar,339,74,38,0,451,0,9,46,0,55,339,83,84,0,506,108,0,108,614
06/14/2022,OAK,CA,AWP,WE,Towers with Radar,382,71,28,0,481,0,13,57,0,70,382,84,85,0,551,136,0,136,687
06/15/2022,OAK,CA,AWP,WE,Towers with Radar,394,86,26,2,508,0,12,58,3,73,394,98,84,5,581,220,0,220,801
06/16/2022,OAK,CA,AWP,WE,Towers with Radar,396,76,45,0,517,0,5,52,0,57,396,81,97,0,574,82,0,82,656
06/17/2022,OAK,CA,AWP,WE,Towers with Radar,379,91,36,1,507,0,4,41,0,45,379,95,77,1,552,70,0,70,622
06/18/2022,OAK,CA,AWP,WE,Towers with Radar,264,46,22,1,333,0,2,82,0,84,264,48,104,1,417,26,0,26,443
06/19/2022,OAK,CA,AWP,WE,Towers with Radar,337,70,23,0,430,0,0,74,0,74,337,70,97,0,504,52,0,52,556
06/20/2022,OAK,CA,AWP,WE,Towers with Radar,350,68,35,0,453,0,10,67,0,77,350,78,102,0,530,194,0,194,724
06/21/2022,OAK,CA,AWP,WE,Towers with Radar,386,61,34,0,481,0,8,38,0,46,386,69,72,0,527,72,0,72,599
06/22/2022,OAK,CA,AWP,WE,Towers with Radar,400,68,39,0,507,0,7,38,0,45,400,75,77,0,552,34,0,34,586
06/23/2022,OAK,CA,AWP,WE,Towers with Radar,391,87,52,0,530,0,10,71,2,83,391,97,123,2,613,84,0,84,697
06/24/2022,OAK,CA,AWP,WE,Towers with Radar,380,77,37,0,494,0,10,59,4,73,380,87,96,4,567,234,0,234,801
06/25/2022,OAK,CA,AWP,WE,Towers with Radar,255,51,26,0,332,0,4,81,0,85,255,55,107,0,417,260,0,260,677
06/26/2022,OAK,CA,AWP,WE,Towers with Radar,339,49,27,2,417,0,0,63,0,63,339,49,90,2,480,134,0,134,614
06/27/2022,OAK,CA,AWP,WE,Towers with Radar,342,79,27,0,448,0,5,56,1,62,342,84,83,1,510,94,0,94,604
06/28/2022,OAK,CA,AWP,WE,Towers with Radar,382,69,42,0,493,0,7,57,0,64,382,76,99,0,557,118,0,118,675
06/29/2022,OAK,CA,AWP,WE,Towers with Radar,392,77,40,1,510,0,7,26,0,33,392,84,66,1,543,130,0,130,673
06/30/2022,OAK,CA,AWP,WE,Towers with Radar,397,80,50,2,529,0,1,26,0,27,397,81,76,2,556,76,0,76,632
07/01/2022,OAK,CA,AWP,WE,Towers with Radar,383,84,49,0,516,0,3,49,0,52,383,87,98,0,568,118,0,118,686
07/02/2022,OAK,CA,AWP,WE,Towers with Radar,262,55,38,0,355,0,1,34,0,35,262,56,72,0,390,212,0,212,602
07/03/2022,OAK,CA,AWP,WE,Towers with Radar,323,49,22,0,394,0,0,41,0,41,323,49,63,0,435,144,0,144,579
07/04/2022,OAK,CA,AWP,WE,Towers with Radar,306,53,13,0,372,0,2,61,0,63,306,55,74,0,435,22,0,22,457
07/05/2022,OAK,CA,AWP,WE,Towers with Radar,343,69,41,0,453,0,5,37,0,42,343,74,78,0,495,128,0,128,623
07/06/2022,OAK,CA,AWP,WE,Towers with Radar,394,64,15,1,474,0,3,41,0,44,394,67,56,1,518,120,0,120,638
07/07/2022,OAK,CA,AWP,WE,Towers with Radar,394,81,16,2,493,0,7,45,1,53,394,88,61,3,546,152,0,152,698
07/08/2022,OAK,CA,AWP,WE,Towers with Radar,371,76,17,1,465,0,6,74,0,80,371,82,91,1,545,136,0,136,681
07/09/2022,OAK,CA,AWP,WE,Towers with Radar,273,59,18,0,350,0,0,51,0,51,273,59,69,0,401,6,0,6,407
07/10/2022,OAK,CA,AWP,WE,Towers with Radar,333,70,48,0,451,0,2,55,0,57,333,72,103,0,508,34,0,34,542
07/11/2022,OAK,CA,AWP,WE,Towers with Radar,345,58,26,0,429,0,5,58,0,63,345,63,84,0,492,114,0,114,606
07/12/2022,OAK,CA,AWP,WE,Towers with Radar,390,66,21,0,477,0,7,50,0,57,390,73,71,0,534,154,0,154,688
07/13/2022,OAK,CA,AWP,WE,Towers with Radar,396,73,35,0,504,0,11,46,2,59,396,84,81,2,563,182,22,204,767
07/14/2022,OAK,CA,AWP,WE,Towers with Radar,389,77,28,0,494,0,5,58,0,63,389,82,86,0,557,116,0,116,673
07/15/2022,OAK,CA,AWP,WE,Towers with Radar,381,72,36,0,489,0,6,55,0,61,381,78,91,0,550,74,0,74,624
07/16/2022,OAK,CA,AWP,WE,Towers with Radar,264,52,26,0,342,0,2,76,0,78,264,54,102,0,420,184,0,184,604
07/17/2022,OAK,CA,AWP,WE,Towers with Radar,337,77,27,0,441,0,0,69,0,69,337,77,96,0,510,196,0,196,706
07/18/2022,OAK,CA,AWP,WE,Towers with Radar,342,58,23,0,423,0,12,45,0,57,342,70,68,0,480,76,0,76,556
07/19/2022,OAK,CA,AWP,WE,Towers with Radar,390,64,38,0,492,0,7,50,0,57,390,71,88,0,549,100,0,100,649
07/20/2022,OAK,CA,AWP,WE,Towers with Radar,396,81,40,0,517,0,3,44,0,47,396,84,84,0,564,128,0,128,692
07/21/2022,OAK,CA,AWP,WE,Towers with Radar,394,78,48,0,520,0,4,59,0,63,394,82,107,0,583,40,0,40,623
07/22/2022,OAK,CA,AWP,WE,Towers with Radar,378,69,40,0,487,0,8,68,1,77,378,77,108,1,564,145,0,145,709
07/23/2022,OAK,CA,AWP,WE,Towers with Radar,263,54,41,0,358,0,4,52,0,56,263,58,93,0,414,92,0,92,506
07/24/2022,OAK,CA,AWP,WE,Towers with Radar,332,75,48,0,455,0,7,55,0,62,332,82,103,0,517,34,0,34,551
07/25/2022,OAK,CA,AWP,WE,Towers with Radar,333,60,20,0,413,0,8,28,0,36,333,68,48,0,449,68,0,68,517
07/26/2022,OAK,CA,AWP,WE,Towers with Radar,388,76,36,0,500,0,14,46,0,60,388,90,82,0,560,42,0,42,602
07/27/2022,OAK,CA,AWP,WE,Towers with Radar,404,72,27,2,505,0,7,32,0,39,404,79,59,2,544,68,0,68,612
07/28/2022,OAK,CA,AWP,WE,Towers with Radar,392,85,38,2,517,0,3,15,0,18,392,88,53,2,535,56,0,56,591
07/29/2022,OAK,CA,AWP,WE,Towers with Radar,374,90,35,0,499,0,2,35,0,37,374,92,70,0,536,58,0,58,594
07/30/2022,OAK,CA,AWP,WE,Towers with Radar,270,57,43,0,370,0,2,35,0,37,270,59,78,0,407,130,0,130,537
07/31/2022,OAK,CA,AWP,WE,Towers with Radar,327,63,39,1,430,0,2,54,0,56,327,65,93,1,486,134,0,134,620
08/01/2022,OAK,CA,AWP,WE,Towers with Radar,343,67,37,1,448,0,6,59,0,65,343,73,96,1,513,81,0,81,594
08/02/2022,OAK,CA,AWP,WE,Towers with Radar,387,68,28,0,483,0,17,61,2,80,387,85,89,2,563,134,0,134,697
08/03/2022,OAK,CA,AWP,WE,Towers with Radar,399,71,36,0,506,0,5,62,0,67,399,76,98,0,573,210,0,210,783
08/04/2022,OAK,CA,AWP,WE,Towers with Radar,371,60,44,0,475,0,9,70,0,79,371,69,114,0,554,180,0,180,734
08/05/2022,OAK,CA,AWP,WE,Towers with Radar,370,76,36,2,484,0,7,68,0,75,370,83,104,2,559,104,0,104,663
08/06/2022,OAK,CA,AWP,WE,Towers with Radar,264,42,34,0,340,0,4,60,1,65,264,46,94,1,405,78,0,78,483
08/07/2022,OAK,CA,AWP,WE,Towers with Radar,331,72,54,0,457,0,7,91,0,98,331,79,145,0,555,56,0,56,611
08/08/2022,OAK,CA,AWP,WE,Towers with Radar,340,63,34,1,438,0,6,52,0,58,340,69,86,1,496,112,0,112,608
08/09/2022,OAK,CA,AWP,WE,Towers with Radar,379,60,16,0,455,0,6,56,0,62,379,66,72,0,517,56,0,56,573
08/10/2022,OAK,CA,AWP,WE,Towers with Radar,400,72,39,0,511,0,12,61,0,73,400,84,100,0,584,30,0,30,614
08/11/2022,OAK,CA,AWP,WE,Towers with Radar,378,94,39,0,511,0,4,73,0,77,378,98,112,0,588,148,0,148,736
08/12/2022,OAK,CA,AWP,WE,Towers with Radar,364,81,33,5,483,0,8,53,5,66,364,89,86,10,549,92,0,92,641
08/13/2022,OAK,CA,AWP,WE,Towers with Radar,262,65,37,0,364,0,5,76,3,84,262,70,113,3,448,178,4,182,630
08/14/2022,OAK,CA,AWP,WE,Towers with Radar,325,84,27,1,437,0,3,89,0,92,325,87,116,1,529,96,0,96,625
08/15/2022,OAK,CA,AWP,WE,Towers with Radar,351,72,28,2,453,0,9,51,0,60,351,81,79,2,513,70,2,72,585
08/16/2022,OAK,CA,AWP,WE,Towers with Radar,387,74,41,0,502,0,6,46,0,52,387,80,87,0,554,70,0,70,624
08/17/2022,OAK,CA,AWP,WE,Towers with Radar,392,63,23,0,478,0,5,62,0,67,392,68,85,0,545,160,0,160,705
08/18/2022,OAK,CA,AWP,WE,Towers with Radar,392,96,46,0,534,0,9,54,0,63,392,105,100,0,597,86,0,86,683
08/19/2022,OAK,CA,AWP,WE,Towers with Radar,377,95,36,0,508,0,15,50,0,65,377,110,86,0,573,52,0,52,625
08/20/2022,OAK,CA,AWP,WE,Towers with Radar,263,60,17,0,340,0,6,63,0,69,263,66,80,0,409,170,0,170,579
08/21/2022,OAK,CA,AWP,WE,Towers with Radar,328,84,31,0,443,0,4,80,0,84,328,88,111,0,527,38,0,38,565
08/22/2022,OAK,CA,AWP,WE,Towers with Radar,349,57,42,0,448,0,8,43,0,51,349,65,85,0,499,52,0,52,551
08/23/2022,OAK,CA,AWP,WE,Towers with Radar,391,82,29,1,503,0,4,42,1,47,391,86,71,2,550,46,0,46,596
08/24/2022,OAK,CA,AWP,WE,Towers with Radar,387,81,39,1,508,0,5,35,3,43,387,86,74,4,551,2,0,2,553
08/25/2022,OAK,CA,AWP,WE,Towers with Radar,386,93,45,1,525,0,11,55,0,66,386,104,100,1,591,128,0,128,719
08/26/2022,OAK,CA,AWP,WE,Towers with Radar,375,83,34,1,493,0,8,53,0,61,375,91,87,1,554,46,0,46,600
08/27/2022,OAK,CA,AWP,WE,Towers with Radar,262,48,34,1,345,0,2,74,0,76,262,50,108,1,421,138,0,138,559
08/28/2022,OAK,CA,AWP,WE,Towers with Radar,330,87,45,0,462,0,3,59,0,62,330,90,104,0,524,82,0,82,606
08/29/2022,OAK,CA,AWP,WE,Towers with Radar,349,65,31,2,447,0,11,58,0,69,349,76,89,2,516,0,0,0,516
08/30/2022,OAK,CA,AWP,WE,Towers with Radar,388,66,33,0,487,0,9,71,0,80,388,75,104,0,567,138,0,138,705
08/31/2022,OAK,CA,AWP,WE,Towers with Radar,397,67,39,0,503,0,12,51,1,64,397,79,90,1,567,232,0,232,799
09/01/2022,OAK,CA,AWP,WE,Towers with Radar,385,92,34,1,512,0,16,69,0,85,385,108,103,1,597,114,0,114,711
09/02/2022,OAK,CA,AWP,WE,Towers with Radar,376,80,39,0,495,0,9,82,3,94,376,89,121,3,589,80,0,80,669
09/03/2022,OAK,CA,AWP,WE,Towers with Radar,259,50,18,1,328,0,4,61,6,71,259,54,79,7,399,168,0,168,567
09/04/2022,OAK,CA,AWP,WE,Towers with Radar,273,44,21,1,339,0,15,93,6,114,273,59,114,7,453,150,0,150,603
09/05/2022,OAK,CA,AWP,WE,Towers with Radar,325,78,31,0,434,0,12,66,1,79,325,90,97,1,513,38,0,38,551
09/06/2022,OAK,CA,AWP,WE,Towers with Radar,322,59,22,0,403,0,10,37,0,47,322,69,59,0,450,38,0,38,488
09/07/2022,OAK,CA,AWP,WE,Towers with Radar,364,76,44,1,485,0,10,55,4,69,364,86,99,5,554,0,0,0,554
09/08/2022,OAK,CA,AWP,WE,Towers with Radar,370,74,40,0,484,0,8,59,0,67,370,82,99,0,551,22,0,22,573
09/09/2022,OAK,CA,AWP,WE,Towers with Radar,371,73,36,0,480,1,15,58,2,76,372,88,94,2,556,110,0,110,666
09/10/2022,OAK,CA,AWP,WE,Towers with Radar,267,41,28,0,336,0,2,69,1,72,267,43,97,1,408,38,0,38,446
09/11/2022,OAK,CA,AWP,WE,Towers with Radar,279,89,55,0,423,0,5,66,0,71,279,94,121,0,494,24,0,24,518
09/12/2022,OAK,CA,AWP,WE,Towers with Radar,336,69,33,0,438,0,4,46,0,50,336,73,79,0,488,0,0,0,488
09/13/2022,OAK,CA,AWP,WE,Towers with Radar,358,68,38,0,464,0,3,38,2,43,358,71,76,2,507,58,0,58,565
09/14/2022,OAK,CA,AWP,WE,Towers with Radar,362,75,28,0,465,0,9,46,0,55,362,84,74,0,520,112,0,112,632
09/15/2022,OAK,CA,AWP,WE,Towers with Radar,389,88,33,4,514,0,9,35,0,44,389,97,68,4,558,94,0,94,652
09/16/2022,OAK,CA,AWP,WE,Towers with Radar,375,83,41,0,499,0,9,59,3,71,375,92,100,3,570,80,0,80,650
09/17/2022,OAK,CA,AWP,WE,Towers with Radar,267,51,29,0,347,0,0,58,0,58,267,51,87,0,405,12,0,12,417
09/18/2022,OAK,CA,AWP,WE,Towers with Radar,272,96,55,0,423,0,3,12,0,15,272,99,67,0,438,6,0,6,444
09/19/2022,OAK,CA,AWP,WE,Towers with Radar,337,76,49,4,466,0,10,25,2,37,337,86,74,6,503,0,0,0,503
09/20/2022,OAK,CA,AWP,WE,Towers with Radar,351,66,30,0,447,0,5,50,3,58,351,71,80,3,505,0,0,0,505
09/21/2022,OAK,CA,AWP,WE,Towers with Radar,376,88,36,0,500,0,5,61,3,69,376,93,97,3,569,0,0,0,569
09/22/2022,OAK,CA,AWP,WE,Towers with Radar,383,82,43,0,508,0,7,76,1,84,383,89,119,1,592,0,0,0,592
09/23/2022,OAK,CA,AWP,WE,Towers with Radar,371,75,31,0,477,0,9,72,0,81,371,84,103,0,558,52,0,52,610
09/24/2022,OAK,CA,AWP,WE,Towers with Radar,271,48,40,0,359,0,5,89,2,96,271,53,129,2,455,0,0,0,455
09/25/2022,OAK,CA,AWP,WE,Towers with Radar,279,68,46,0,393,0,4,61,0,65,279,72,107,0,458,14,0,14,472
09/26/2022,OAK,CA,AWP,WE,Towers with Radar,341,75,32,0,448,0,8,38,2,48,341,83,70,2,496,20,0,20,516
09/27/2022,OAK,CA,AWP,WE,Towers with Radar,364,93,26,0,483,0,10,44,3,57,364,103,70,3,540,70,0,70,610
09/28/2022,OAK,CA,AWP,WE,Towers with Radar,357,71,58,0,486,0,5,51,3,59,357,76,109,3,545,0,0,0,545
09/29/2022,OAK,CA,AWP,WE,Towers with Radar,383,73,19,0,475,0,7,61,0,68,383,80,80,0,543,104,0,104,647
09/30/2022,OAK,CA,AWP,WE,Towers with Radar,374,74,29,0,477,0,15,69,1,85,374,89,98,1,562,114,0,114,676
10/01/2022,OAK,CA,AWP,WE,Towers with Radar,265,46,32,0,343,0,0,47,2,49,265,46,79,2,392,0,0,0,392
10/02/2022,OAK,CA,AWP,WE,Towers with Radar,281,76,36,3,396,0,10,70,0,80,281,86,106,3,476,28,0,28,504
10/03/2022,OAK,CA,AWP,WE,Towers with Radar,333,72,37,1,443,0,10,51,0,61,333,82,88,1,504,0,0,0,504
10/04/2022,OAK,CA,AWP,WE,Towers with Radar,360,74,36,2,472,0,10,46,0,56,360,84,82,2,528,0,0,0,528
10/05/2022,OAK,CA,AWP,WE,Towers with Radar,372,72,25,6,475,0,10,46,0,56,372,82,71,6,531,0,0,0,531
10/06/2022,OAK,CA,AWP,WE,Towers with Radar,382,77,30,1,490,0,13,49,6,68,382,90,79,7,558,84,0,84,642
10/07/2022,OAK,CA,AWP,WE,Towers with Radar,370,69,31,1,471,1,12,66,17,96,371,81,97,18,567,0,0,0,567
10/08/2022,OAK,CA,AWP,WE,Towers with Radar,271,48,28,1,348,0,9,40,15,64,271,57,68,16,412,0,0,0,412
10/09/2022,OAK,CA,AWP,WE,Towers with Radar,266,64,47,2,379,0,2,46,7,55,266,66,93,9,434,46,0,46,480
10/10/2022,OAK,CA,AWP,WE,Towers with Radar,337,68,38,5,448,0,11,44,1,56,337,79,82,6,504,36,0,36,540
10/11/2022,OAK,CA,AWP,WE,Towers with Radar,378,74,38,1,491,0,8,52,0,60,378,82,90,1,551,100,0,100,651
10/12/2022,OAK,CA,AWP,WE,Towers with Radar,385,71,36,0,492,0,6,44,0,50,385,77,80,0,542,30,0,30,572
10/13/2022,OAK,CA,AWP,WE,Towers with Radar,383,82,41,1,507,0,11,50,0,61,383,93,91,1,568,62,0,62,630
10/14/2022,OAK,CA,AWP,WE,Towers with Radar,377,80,45,0,502,0,5,43,0,48,377,85,88,0,550,40,0,40,590
10/15/2022,OAK,CA,AWP,WE,Towers with Radar,266,53,33,0,352,0,0,15,0,15,266,53,48,0,367,184,0,184,551
10/16/2022,OAK,CA,AWP,WE,Towers with Radar,269,78,40,0,387,0,0,52,0,52,269,78,92,0,439,100,0,100,539
10/17/2022,OAK,CA,AWP,WE,Towers with Radar,332,66,24,0,422,0,13,44,1,58,332,79,68,1,480,104,0,104,584
10/18/2022,OAK,CA,AWP,WE,Towers with Radar,372,66,37,0,475,0,6,55,0,61,372,72,92,0,536,46,0,46,582
10/19/2022,OAK,CA,AWP,WE,Towers with Radar,379,80,45,4,508,0,14,60,0,74,379,94,105,4,582,104,0,104,686
10/20/2022,OAK,CA,AWP,WE,Towers with Radar,379,87,43,0,509,0,15,57,1,73,379,102,100,1,582,155,0,155,737
10/21/2022,OAK,CA,AWP,WE,Towers with Radar,368,75,59,0,502,0,11,50,1,62,368,86,109,1,564,0,0,0,564
10/22/2022,OAK,CA,AWP,WE,Towers with Radar,265,62,27,0,354,0,1,38,0,39,265,63,65,0,393,66,0,66,459
10/23/2022,OAK,CA,AWP,WE,Towers with Radar,271,81,41,0,393,0,3,57,0,60,271,84,98,0,453,28,0,28,481
10/24/2022,OAK,CA,AWP,WE,Towers with Radar,331,69,38,0,438,0,16,66,1,83,331,85,104,1,521,94,0,94,615
10/25/2022,OAK,CA,AWP,WE,Towers with Radar,371,79,33,1,484,0,10,36,2,48,371,89,69,3,532,128,0,128,660
10/26/2022,OAK,CA,AWP,WE,Towers with Radar,385,66,39,0,490,0,18,76,2,96,385,84,115,2,586,232,0,232,818
10/27/2022,OAK,CA,AWP,WE,Towers with Radar,382,71,33,0,486,0,11,54,0,65,382,82,87,0,551,202,18,220,771
10/28/2022,OAK,CA,AWP,WE,Towers with Radar,370,69,40,0,479,0,10,58,0,68,370,79,98,0,547,160,0,160,707
10/29/2022,OAK,CA,AWP,WE,Towers with Radar,266,38,24,1,329,0,6,67,0,73,266,44,91,1,402,108,0,108,510
10/30/2022,OAK,CA,AWP,WE,Towers with Radar,268,65,37,0,370,0,3,65,0,68,268,68,102,0,438,116,0,116,554
10/31/2022,OAK,CA,AWP,WE,Towers with Radar,322,67,28,0,417,0,15,45,0,60,322,82,73,0,477,154,0,154,631
11/01/2022,OAK,CA,AWP,WE,Towers with Radar,388,72,34,0,494,0,7,13,0,20,388,79,47,0,514,8,0,8,522
11/02/2022,OAK,CA,AWP,WE,Towers with Radar,385,61,25,1,472,0,11,38,1,50,385,72,63,2,522,98,0,98,620
11/03/2022,OAK,CA,AWP,WE,Towers with Radar,377,73,39,0,489,0,12,61,0,73,377,85,100,0,562,144,0,144,706
11/04/2022,OAK,CA,AWP,WE,Towers with Radar,366,68,21,3,458,0,7,26,0,33,366,75,47,3,491,70,0,70,561
11/05/2022,OAK,CA,AWP,WE,Towers with Radar,266,56,26,2,350,0,0,8,0,8,266,56,34,2,358,0,0,0,358
11/06/2022,OAK,CA,AWP,WE,Towers with Radar,309,74,48,1,432,0,3,51,2,56,309,77,99,3,488,218,0,218,706
11/07/2022,OAK,CA,AWP,WE,Towers with Radar,305,72,28,0,405,0,3,12,0,15,305,75,40,0,420,120,0,120,540
11/08/2022,OAK,CA,AWP,WE,Towers with Radar,350,68,29,0,447,0,5,4,0,9,350,73,33,0,456,18,0,18,474
11/09/2022,OAK,CA,AWP,WE,Towers with Radar,349,74,34,0,457,0,15,57,0,72,349,89,91,0,529,240,0,240,769
11/10/2022,OAK,CA,AWP,WE,Towers with Radar,362,73,38,0,473,0,4,67,0,71,362,77,105,0,544,142,0,142,686
11/11/2022,OAK,CA,AWP,WE,Towers with Radar,353,71,35,1,460,0,14,68,0,82,353,85,103,1,542,144,0,144,686
11/12/2022,OAK,CA,AWP,WE,Towers with Radar,252,40,16,0,308,0,5,41,1,47,252,45,57,1,355,142,0,142,497
11/13/2022,OAK,CA,AWP,WE,Towers with Radar,313,63,26,1,403,0,5,68,0,73,313,68,94,1,476,110,0,110,586
11/14/2022,OAK,CA,AWP,WE,Towers with Radar,312,56,27,0,395,0,11,61,0,72,312,67,88,0,467,122,0,122,589
11/15/2022,OAK,CA,AWP,WE,Towers with Radar,352,60,37,0,449,0,17,42,1,60,352,77,79,1,509,58,0,58,567
11/16/2022,OAK,CA,AWP,WE,Towers with Radar,355,66,37,0,458,0,15,61,0,76,355,81,98,0,534,198,0,198,732
11/17/2022,OAK,CA,AWP,WE,Towers with Radar,365,93,33,0,491,0,13,67,1,81,365,106,100,1,572,136,0,136,708
11/18/2022,OAK,CA,AWP,WE,Towers with Radar,359,80,49,2,490,1,11,63,0,75,360,91,112,2,565,216,0,216,781
11/19/2022,OAK,CA,AWP,WE,Towers with Radar,264,69,43,0,376,0,8,83,0,91,264,77,126,0,467,0,0,0,467
11/20/2022,OAK,CA,AWP,WE,Towers with Radar,324,71,47,0,442,0,6,76,1,83,324,77,123,1,525,0,0,0,525
11/21/2022,OAK,CA,AWP,WE,Towers with Radar,329,69,23,0,421,0,6,47,0,53,329,75,70,0,474,50,0,50,524
11/22/2022,OAK,CA,AWP,WE,Towers with Radar,372,69,40,0,481,0,10,71,5,86,372,79,111,5,567,134,0,134,701
11/23/2022,OAK,CA,AWP,WE,Towers with Radar,374,78,31,1,484,0,12,65,1,78,374,90,96,2,562,114,0,114,676
11/24/2022,OAK,CA,AWP,WE,Towers with Radar,230,30,9,0,269,0,8,34,0,42,230,38,43,0,311,14,0,14,325
11/25/2022,OAK,CA,AWP,WE,Towers with Radar,331,65,12,0,408,0,9,43,0,52,331,74,55,0,460,44,0,44,504
11/26/2022,OAK,CA,AWP,WE,Towers with Radar,260,64,45,0,369,0,1,50,0,51,260,65,95,0,420,88,0,88,508
11/27/2022,OAK,CA,AWP,WE,Towers with Radar,311,98,44,0,453,0,4,71,0,75,311,102,115,0,528,74,0,74,602
11/28/2022,OAK,CA,AWP,WE,Towers with Radar,322,62,32,0,416,0,13,37,1,51,322,75,69,1,467,50,0,50,517
11/29/2022,OAK,CA,AWP,WE,Towers with Radar,382,74,29,0,485,0,12,48,0,60,382,86,77,0,545,130,0,130,675
11/30/2022,OAK,CA,AWP,WE,Towers with Radar,368,72,22,0,462,0,10,53,2,65,368,82,75,2,527,96,0,96,623
12/01/2022,OAK,CA,AWP,WE,Towers with Radar,368,81,28,0,477,0,4,10,1,15,368,85,38,1,492,70,0,70,562
12/02/2022,OAK,CA,AWP,WE,Towers with Radar,348,76,27,0,451,0,7,68,0,75,348,83,95,0,526,170,0,170,696
12/03/2022,OAK,CA,AWP,WE,Towers with Radar,255,63,27,0,345,0,0,0,0,0,255,63,27,0,345,0,0,0,345
12/04/2022,OAK,CA,AWP,WE,Towers with Radar,327,70,33,2,432,0,6,28,0,34,327,76,61,2,466,154,0,154,620
12/05/2022,OAK,CA,AWP,WE,Towers with Radar,321,65,25,1,412,0,8,27,2,37,321,73,52,3,449,158,0,158,607
12/06/2022,OAK,CA,AWP,WE,Towers with Radar,382,61,27,1,471,0,9,27,1,37,382,70,54,2,508,162,0,162,670
12/07/2022,OAK,CA,AWP,WE,Towers with Radar,378,68,36,0,482,0,8,69,1,78,378,76,105,1,560,192,0,192,752
12/08/2022,OAK,CA,AWP,WE,Towers with Radar,384,97,48,1,530,0,3,22,2,27,384,100,70,3,557,76,48,124,681
12/09/2022,OAK,CA,AWP,WE,Towers with Radar,364,76,41,0,481,0,2,37,0,39,364,78,78,0,520,182,0,182,702
12/10/2022,OAK,CA,AWP,WE,Towers with Radar,267,35,28,0,330,0,0,0,0,0,267,35,28,0,330,14,0,14,344
12/11/2022,OAK,CA,AWP,WE,Towers with Radar,325,72,24,0,421,0,2,23,0,25,325,74,47,0,446,44,0,44,490
12/12/2022,OAK,CA,AWP,WE,Towers with Radar,326,84,35,1,446,0,5,39,1,45,326,89,74,2,491,158,0,158,649
12/13/2022,OAK,CA,AWP,WE,Towers with Radar,372,59,38,0,469,0,9,59,0,68,372,68,97,0,537,194,0,194,731
12/14/2022,OAK,CA,AWP,WE,Towers with Radar,382,66,27,0,475,0,5,48,1,54,382,71,75,1,529,132,0,132,661
12/15/2022,OAK,CA,AWP,WE,Towers with Radar,384,92,32,0,508,0,11,55,0,66,384,103,87,0,574,66,0,66,640
12/16/2022,OAK,CA,AWP,WE,Towers with Radar,392,79,43,1,515,0,21,43,1,65,392,100,86,2,580,144,0,144,724
12/17/2022,OAK,CA,AWP,WE,Towers with Radar,286,60,35,0,381,0,6,63,2,71,286,66,98,2,452,128,0,128,580
12/18/2022,OAK,CA,AWP,WE,Towers with Radar,333,58,41,3,435,0,3,58,0,61,333,61,99,3,496,166,0,166,662
12/19/2022,OAK,CA,AWP,WE,Towers with Radar,336,69,33,0,438,0,9,29,0,38,336,78,62,0,476,86,0,86,562
12/20/2022,OAK,CA,AWP,WE,Towers with Radar,400,62,26,0,488,0,9,26,3,38,400,71,52,3,526,170,0,170,696
12/21/2022,OAK,CA,AWP,WE,Towers with Radar,380,80,38,1,499,0,10,73,0,83,380,90,111,1,582,128,0,128,710
12/22/2022,OAK,CA,AWP,WE,Towers with Radar,354,86,29,0,469,0,9,26,0,35,354,95,55,0,504,131,0,131,635
12/23/2022,OAK,CA,AWP,WE,Towers with Radar,247,81,39,0,367,0,7,33,2,42,247,88,72,2,409,0,0,0,409
12/24/2022,OAK,CA,AWP,WE,Towers with Radar,176,42,25,0,243,0,3,28,0,31,176,45,53,0,274,30,0,30,304
12/25/2022,OAK,CA,AWP,WE,Towers with Radar,135,52,16,0,203,0,1,25,0,26,135,53,41,0,229,100,0,100,329
12/26/2022,OAK,CA,AWP,WE,Towers with Radar,125,83,66,0,274,0,0,34,0,34,125,83,100,0,308,160,0,160,468
12/27/2022,OAK,CA,AWP,WE,Towers with Radar,189,68,35,2,294,0,4,7,1,12,189,72,42,3,306,80,0,80,386
12/28/2022,OAK,CA,AWP,WE,Towers with Radar,253,79,35,2,369,0,8,68,0,76,253,87,103,2,445,86,0,86,531
12/29/2022,OAK,CA,AWP,WE,Towers with Radar,258,77,27,0,362,0,1,3,0,4,258,78,30,0,366,0,0,0,366
12/30/2022,OAK,CA,AWP,WE,Towers with Radar,350,77,24,0,451,0,1,0,0,1,350,78,24,0,452,0,0,0,452
12/31/2022,OAK,CA,AWP,WE,Towers with Radar,228,35,16,0,279,0,0,2,0,2,228,35,18,0,281,0,0,0,281
01/01/2023,OAK,CA,AWP,WE,Towers with Radar,293,57,30,0,380,0,2,55,0,57,293,59,85,0,437,74,0,74,511
01/02/2023,OAK,CA,AWP,WE,Towers with Radar,304,77,59,0,440,0,3,3,0,6,304,80,62,0,446,78,0,78,524
01/03/2023,OAK,CA,AWP,WE,Towers with Radar,346,74,46,0,466,0,13,12,0,25,346,87,58,0,491,226,0,226,717
01/04/2023,OAK,CA,AWP,WE,Towers with Radar,344,68,16,0,428,0,1,0,0,1,344,69,16,0,429,8,0,8,437
01/05/2023,OAK,CA,AWP,WE,Towers with Radar,366,66,21,0,453,0,3,0,0,3,366,69,21,0,456,0,0,0,456
01/06/2023,OAK,CA,AWP,WE,Towers with Radar,338,67,34,0,439,0,5,33,0,38,338,72,67,0,477,128,0,128,605
01/07/2023,OAK,CA,AWP,WE,Towers with Radar,225,46,19,0,290,0,0,5,0,5,225,46,24,0,295,6,0,6,301
01/08/2023,OAK,CA,AWP,WE,Towers with Radar,255,119,70,1,445,1,2,44,0,47,256,121,114,1,492,152,0,152,644
01/09/2023,OAK,CA,AWP,WE,Towers with Radar,307,73,35,0,415,0,6,8,0,14,307,79,43,0,429,0,0,0,429
01/10/2023,OAK,CA,AWP,WE,Towers with Radar,324,63,28,0,415,0,4,0,0,4,324,67,28,0,419,0,0,0,419
01/11/2023,OAK,CA,AWP,WE,Towers with Radar,300,122,52,1,475,0,2,1,0,3,300,124,53,1,478,0,0,0,478
01/12/2023,OAK,CA,AWP,WE,Towers with Radar,361,72,44,2,479,0,9,57,0,66,361,81,101,2,545,92,0,92,637
01/13/2023,OAK,CA,AWP,WE,Towers with Radar,339,96,29,0,464,0,2,3,0,5,339,98,32,0,469,0,0,0,469
01/14/2023,OAK,CA,AWP,WE,Towers with Radar,227,43,22,0,292,0,1,2,0,3,227,44,24,0,295,20,0,20,315
01/15/2023,OAK,CA,AWP,WE,Towers with Radar,243,43,15,0,301,0,0,2,0,2,243,43,17,0,303,68,0,68,371
01/16/2023,OAK,CA,AWP,WE,Towers with Radar,304,67,42,0,413,0,10,19,0,29,304,77,61,0,442,24,0,24,466
01/17/2023,OAK,CA,AWP,WE,Towers with Radar,320,64,24,0,408,0,12,61,0,73,320,76,85,0,481,102,0,102,583
01/18/2023,OAK,CA,AWP,WE,Towers with Radar,317,54,19,0,390,0,7,25,0,32,317,61,44,0,422,106,0,106,528
01/19/2023,OAK,CA,AWP,WE,Towers with Radar,351,87,27,0,465,0,11,32,1,44,351,98,59,1,509,70,0,70,579
01/20/2023,OAK,CA,AWP,WE,Towers with Radar,333,73,34,0,440,0,12,62,1,75,333,85,96,1,515,16,38,54,569
01/21/2023,OAK,CA,AWP,WE,Towers with Radar,221,45,25,0,291,0,4,78,0,82,221,49,103,0,373,174,0,174,547
01/22/2023,OAK,CA,AWP,WE,Towers with Radar,254,54,24,0,332,0,2,57,0,59,254,56,81,0,391,80,0,80,471
01/23/2023,OAK,CA,AWP,WE,Towers with Radar,302,63,30,0,395,0,9,32,2,43,302,72,62,2,438,42,0,42,480
01/24/2023,OAK,CA,AWP,WE,Towers with Radar,315,51,36,0,402,0,11,49,2,62,315,62,85,2,464,82,0,82,546
01/25/2023,OAK,CA,AWP,WE,Towers with Radar,325,87,36,0,448,0,13,65,1,79,325,100,101,1,527,152,0,152,679
01/26/2023,OAK,CA,AWP,WE,Towers with Radar,350,76,41,0,467,0,18,37,0,55,350,94,78,0,522,44,0,44,566
01/27/2023,OAK,CA,AWP,WE,Towers with Radar,335,68,31,0,434,0,7,55,0,62,335,75,86,0,496,126,0,126,622
01/28/2023,OAK,CA,AWP,WE,Towers with Radar,223,31,17,0,271,0,4,46,0,50,223,35,63,0,321,102,0,102,423
01/29/2023,OAK,CA,AWP,WE,Towers with Radar,254,61,23,0,338,0,1,21,0,22,254,62,44,0,360,142,0,142,502
01/30/2023,OAK,CA,AWP,WE,Towers with Radar,278,51,25,0,354,0,9,58,0,67,278,60,83,0,421,30,12,42,463
01/31/2023,OAK,CA,AWP,WE,Towers with Radar,315,63,23,0,401,0,8,81,1,90,315,71,104,1,491,210,0,210,701
02/01/2023,OAK,CA,AWP,WE,Towers with Radar,306,82,30,0,418,0,12,64,3,79,306,94,94,3,497,54,22,76,573
02/02/2023,OAK,CA,AWP,WE,Towers with Radar,350,72,26,0,448,0,11,48,3,62,350,83,74,3,510,0,0,0,510
02/03/2023,OAK,CA,AWP,WE,Towers with Radar,334,62,20,0,416,0,3,19,2,24,334,65,39,2,440,136,4,140,580
02/04/2023,OAK,CA,AWP,WE,Towers with Radar,229,40,28,0,297,0,1,5,0,6,229,41,33,0,303,6,0,6,309
02/05/2023,OAK,CA,AWP,WE,Towers with Radar,262,75,31,0,368,0,10,14,0,24,262,85,45,0,392,166,0,166,558
02/06/2023,OAK,CA,AWP,WE,Towers with Radar,311,56,17,0,384,0,13,73,0,86,311,69,90,0,470,162,0,162,632
02/07/2023,OAK,CA,AWP,WE,Towers with Radar,317,56,28,0,401,0,12,73,1,86,317,68,101,1,487,82,0,82,569
02/08/2023,OAK,CA,AWP,WE,Towers with Radar,329,60,36,0,425,0,11,88,1,100,329,71,124,1,525,224,0,224,749
02/09/2023,OAK,CA,AWP,WE,Towers with Radar,346,84,33,0,463,0,9,78,2,89,346,93,111,2,552,138,0,138,690
02/10/2023,OAK,CA,AWP,WE,Towers with Radar,331,65,36,0,432,0,11,38,0,49,331,76,74,0,481,152,0,152,633
02/11/2023,OAK,CA,AWP,WE,Towers with Radar,218,44,27,0,289,0,0,35,0,35,218,44,62,0,324,188,0,188,512
02/12/2023,OAK,CA,AWP,WE,Towers with Radar,253,50,24,0,327,0,6,95,1,102,253,56,119,1,429,140,38,178,607
02/13/2023,OAK,CA,AWP,WE,Towers with Radar,305,45,43,0,393,0,10,49,1,60,305,55,92,1,453,62,0,62,515
02/14/2023,OAK,CA,AWP,WE,Towers with Radar,308,48,22,0,378,0,11,11,0,22,308,59,33,0,400,2,0,2,402
02/15/2023,OAK,CA,AWP,WE,Towers with Radar,326,66,27,0,419,0,17,90,0,107,326,83,117,0,526,112,0,112,638
02/16/2023,OAK,CA,AWP,WE,Towers with Radar,341,78,43,0,462,0,16,68,2,86,341,94,111,2,548,100,0,100,648
02/17/2023,OAK,CA,AWP,WE,Towers with Radar,340,102,46,0,488,0,17,60,3,80,340,119,106,3,568,128,10,138,706
02/18/2023,OAK,CA,AWP,WE,Towers with Radar,222,62,26,0,310,0,2,67,1,70,222,64,93,1,380,172,0,172,552
02/19/2023,OAK,CA,AWP,WE,Towers with Radar,240,56,27,3,326,0,4,83,2,89,240,60,110,5,415,138,0,138,553
02/20/2023,OAK,CA,AWP,WE,Towers with Radar,308,66,36,0,410,0,17,73,1,91,308,83,109,1,501,270,0,270,771
02/21/2023,OAK,CA,AWP,WE,Towers with Radar,315,56,27,0,398,0,2,9,2,13,315,58,36,2,411,0,0,0,411
02/22/2023,OAK,CA,AWP,WE,Towers with Radar,309,67,24,0,400,0,7,5,0,12,309,74,29,0,412,54,0,54,466
02/23/2023,OAK,CA,AWP,WE,Towers with Radar,328,61,19,0,408,0,7,8,0,15,328,68,27,0,423,86,0,86,509
02/24/2023,OAK,CA,AWP,WE,Towers with Radar,319,82,21,0,422,0,4,20,0,24,319,86,41,0,446,190,0,190,636
02/25/2023,OAK,CA,AWP,WE,Towers with Radar,227,67,37,0,331,0,4,43,0,47,227,71,80,0,378,258,2,260,638
02/26/2023,OAK,CA,AWP,WE,Towers with Radar,255,84,37,0,376,0,6,13,0,19,255,90,50,0,395,100,0,100,495
02/27/2023,OAK,CA,AWP,WE,Towers with Radar,314,52,16,0,382,0,8,3,0,11,314,60,19,0,393,0,0,0,393
02/28/2023,OAK,CA,AWP,WE,Towers with Radar,329,64,14,0,407,0,2,3,0,5,329,66,17,0,412,8,0,8,420
03/01/2023,OAK,CA,AWP,WE,Towers with Radar,328,58,33,0,419,0,9,46,0,55,328,67,79,0,474,84,0,84,558
03/02/2023,OAK,CA,AWP,WE,Towers with Radar,346,74,32,2,454,0,21,84,3,108,346,95,116,5,562,266,0,266,828
03/03/2023,OAK,CA,AWP,WE,Towers with Radar,336,71,34,0,441,0,8,64,2,74,336,79,98,2,515,192,10,202,717
03/04/2023,OAK,CA,AWP,WE,Towers with Radar,220,39,15,0,274,0,1,10,0,11,220,40,25,0,285,100,0,100,385
03/05/2023,OAK,CA,AWP,WE,Towers with Radar,254,74,27,0,355,0,4,42,1,47,254,78,69,1,402,156,18,174,576
03/06/2023,OAK,CA,AWP,WE,Towers with Radar,312,58,32,1,403,0,9,38,0,47,312,67,70,1,450,240,0,240,690
03/07/2023,OAK,CA,AWP,WE,Towers with Radar,326,63,34,0,423,0,13,56,0,69,326,76,90,0,492,170,0,170,662
03/08/2023,OAK,CA,AWP,WE,Towers with Radar,330,70,42,0,442,0,15,79,0,94,330,85,121,0,536,268,0,268,804
03/09/2023,OAK,CA,AWP,WE,Towers with Radar,347,85,41,0,473,0,5,7,0,12,347,90,48,0,485,12,0,12,497
03/10/2023,OAK,CA,AWP,WE,Towers with Radar,332,64,34,0,430,0,7,28,0,35,332,71,62,0,465,36,0,36,501
03/11/2023,OAK,CA,AWP,WE,Towers with Radar,225,41,20,0,286,0,0,2,0,2,225,41,22,0,288,30,0,30,318
03/12/2023,OAK,CA,AWP,WE,Towers with Radar,244,90,42,2,378,0,2,3,0,5,244,92,45,2,383,18,0,18,401
03/13/2023,OAK,CA,AWP,WE,Towers with Radar,310,73,35,1,419,0,6,17,0,23,310,79,52,1,442,100,0,100,542
03/14/2023,OAK,CA,AWP,WE,Towers with Radar,332,64,19,0,415,0,0,1,0,1,332,64,20,0,416,12,0,12,428
03/15/2023,OAK,CA,AWP,WE,Towers with Radar,326,71,38,0,435,0,16,82,0,98,326,87,120,0,533,342,0,342,875
03/16/2023,OAK,CA,AWP,WE,Towers with Radar,349,90,42,1,482,0,9,79,0,88,349,99,121,1,570,264,0,264,834
03/17/2023,OAK,CA,AWP,WE,Towers with Radar,330,80,37,1,448,0,7,85,0,92,330,87,122,1,540,150,0,150,690
03/18/2023,OAK,CA,AWP,WE,Towers with Radar,222,37,29,3,291,0,4,82,5,91,222,41,111,8,382,128,4,132,514
03/19/2023,OAK,CA,AWP,WE,Towers with Radar,244,81,42,0,367,0,1,2,0,3,244,82,44,0,370,10,0,10,380
03/20/2023,OAK,CA,AWP,WE,Towers with Radar,298,54,40,0,392,0,11,52,0,63,298,65,92,0,455,248,0,248,703
03/21/2023,OAK,CA,AWP,WE,Towers with Radar,318,47,25,0,390,0,2,0,1,3,318,49,25,1,393,0,0,0,393
03/22/2023,OAK,CA,AWP,WE,Towers with Radar,328,74,35,1,438,0,5,35,0,40,328,79,70,1,478,190,0,190,668
03/23/2023,OAK,CA,AWP,WE,Towers with Radar,345,74,41,1,461,0,10,29,0,39,345,84,70,1,500,14,0,14,514
03/24/2023,OAK,CA,AWP,WE,Towers with Radar,330,68,37,0,435,0,15,56,1,72,330,83,93,1,507,60,0,60,567
03/25/2023,OAK,CA,AWP,WE,Towers with Radar,226,34,22,0,282,0,4,69,0,73,226,38,91,0,355,114,0,114,469
03/26/2023,OAK,CA,AWP,WE,Towers with Radar,249,62,45,0,356,0,4,100,0,104,249,66,145,0,460,178,0,178,638
03/27/2023,OAK,CA,AWP,WE,Towers with Radar,302,52,29,1,384,0,12,60,0,72,302,64,89,1,456,132,0,132,588
03/28/2023,OAK,CA,AWP,WE,Towers with Radar,324,50,28,0,402,0,6,0,0,6,324,56,28,0,408,0,0,0,408
03/29/2023,OAK,CA,AWP,WE,Towers with Radar,331,80,25,0,436,0,4,3,1,8,331,84,28,1,444,0,0,0,444
03/30/2023,OAK,CA,AWP,WE,Towers with Radar,342,73,38,0,453,0,11,73,0,84,342,84,111,0,537,134,0,134,671
03/31/2023,OAK,CA,AWP,WE,Towers with Radar,334,78,30,0,442,0,11,87,0,98,334,89,117,0,540,186,0,186,726
04/01/2023,OAK,CA,AWP,WE,Towers with Radar,218,44,17,0,279,0,2,57,0,59,218,46,74,0,338,0,0,0,338
04/02/2023,OAK,CA,AWP,WE,Towers with Radar,258,62,36,0,356,0,11,52,1,64,258,73,88,1,420,26,0,26,446
04/03/2023,OAK,CA,AWP,WE,Towers with Radar,304,57,24,1,386,0,6,10,0,16,304,63,34,1,402,0,0,0,402
04/04/2023,OAK,CA,AWP,WE,Towers with Radar,322,57,15,1,395,0,12,62,0,74,322,69,77,1,469,82,0,82,551
04/05/2023,OAK,CA,AWP,WE,Towers with Radar,333,57,15,0,405,0,11,67,0,78,333,68,82,0,483,131,0,131,614
04/06/2023,OAK,CA,AWP,WE,Towers with Radar,354,64,24,0,442,0,13,77,2,92,354,77,101,2,534,158,0,158,692
04/07/2023,OAK,CA,AWP,WE,Towers with Radar,336,85,28,0,449,0,4,3,3,10,336,89,31,3,459,72,16,88,547
04/08/2023,OAK,CA,AWP,WE,Towers with Radar,223,51,26,0,300,0,2,82,1,85,223,53,108,1,385,266,0,266,651
04/09/2023,OAK,CA,AWP,WE,Towers with Radar,256,64,25,0,345,0,8,73,0,81,256,72,98,0,426,107,0,107,533
04/10/2023,OAK,CA,AWP,WE,Towers with Radar,306,40,40,0,386,0,8,52,0,60,306,48,92,0,446,64,0,64,510
04/11/2023,OAK,CA,AWP,WE,Towers with Radar,354,52,22,0,428,0,9,48,0,57,354,61,70,0,485,126,0,126,611
04/12/2023,OAK,CA,AWP,WE,Towers with Radar,361,48,21,2,432,0,11,56,2,69,361,59,77,4,501,94,12,106,607
04/13/2023,OAK,CA,AWP,WE,Towers with Radar,360,61,26,0,447,0,11,62,5,78,360,72,88,5,525,100,12,112,637
04/14/2023,OAK,CA,AWP,WE,Towers with Radar,341,69,27,0,437,0,6,68,0,74,341,75,95,0,511,128,0,128,639
04/15/2023,OAK,CA,AWP,WE,Towers with Radar,230,61,28,0,319,0,0,85,3,88,230,61,113,3,407,60,0,60,467
04/16/2023,OAK,CA,AWP,WE,Towers with Radar,275,70,38,0,383,0,3,69,2,74,275,73,107,2,457,42,0,42,499
04/17/2023,OAK,CA,AWP,WE,Towers with Radar,317,54,37,3,411,0,6,41,1,48,317,60,78,4,459,58,2,60,519
04/18/2023,OAK,CA,AWP,WE,Towers with Radar,350,68,33,0,451,0,13,58,0,71,350,81,91,0,522,138,0,138,660
04/19/2023,OAK,CA,AWP,WE,Towers with Radar,359,63,26,0,448,0,13,85,1,99,359,76,111,1,547,84,0,84,631
04/20/2023,OAK,CA,AWP,WE,Towers with Radar,354,70,33,0,457,0,8,88,2,98,354,78,121,2,555,146,0,146,701
04/21/2023,OAK,CA,AWP,WE,Towers with Radar,349,69,26,0,444,0,8,79,0,87,349,77,105,0,531,212,0,212,743
04/22/2023,OAK,CA,AWP,WE,Towers with Radar,217,46,16,0,279,0,0,80,0,80,217,46,96,0,359,230,0,230,589
04/23/2023,OAK,CA,AWP,WE,Towers with Radar,268,55,39,0,362,0,1,63,0,64,268,56,102,0,426,94,0,94,520
04/24/2023,OAK,CA,AWP,WE,Towers with Radar,323,55,23,0,401,0,11,57,0,68,323,66,80,0,469,162,0,162,631
04/25/2023,OAK,CA,AWP,WE,Towers with Radar,339,56,28,0,423,0,13,90,1,104,339,69,118,1,527,240,0,240,767
04/26/2023,OAK,CA,AWP,WE,Towers with Radar,366,53,35,0,454,0,8,51,12,71,366,61,86,12,525,150,0,150,675
04/27/2023,OAK,CA,AWP,WE,Towers with Radar,363,73,36,0,472,0,18,73,0,91,363,91,109,0,563,156,0,156,719
04/28/2023,OAK,CA,AWP,WE,Towers with Radar,346,79,47,0,472,0,8,63,0,71,346,87,110,0,543,60,0,60,603
04/29/2023,OAK,CA,AWP,WE,Towers with Radar,218,36,24,0,278,0,0,59,0,59,218,36,83,0,337,26,0,26,363
04/30/2023,OAK,CA,AWP,WE,Towers with Radar,269,53,38,0,360,0,7,41,0,48,269,60,79,0,408,26,0,26,434
05/01/2023,OAK,CA,AWP,WE,Towers with Radar,322,62,31,0,415,0,2,20,0,22,322,64,51,0,437,62,0,62,499
05/02/2023,OAK,CA,AWP,WE,Towers with Radar,356,59,29,0,444,0,4,15,0,19,356,63,44,0,463,66,0,66,529
05/03/2023,OAK,CA,AWP,WE,Towers with Radar,359,81,37,0,477,0,6,20,0,26,359,87,57,0,503,54,0,54,557
05/04/2023,OAK,CA,AWP,WE,Towers with Radar,362,73,54,0,489,0,4,41,0,45,362,77,95,0,534,34,0,34,568
05/05/2023,OAK,CA,AWP,WE,Towers with Radar,352,65,18,1,436,0,12,43,0,55,352,77,61,1,491,220,0,220,711
05/06/2023,OAK,CA,AWP,WE,Towers with Radar,218,38,16,1,273,0,3,26,0,29,218,41,42,1,302,214,0,214,516
05/07/2023,OAK,CA,AWP,WE,Towers with Radar,269,52,28,0,349,0,11,93,3,107,269,63,121,3,456,138,0,138,594
05/08/2023,OAK,CA,AWP,WE,Towers with Radar,330,47,32,0,409,0,8,40,0,48,330,55,72,0,457,118,0,118,575
05/09/2023,OAK,CA,AWP,WE,Towers with Radar,358,65,30,0,453,0,8,56,1,65,358,73,86,1,518,110,0,110,628
05/10/2023,OAK,CA,AWP,WE,Towers with Radar,372,76,41,0,489,0,9,54,8,71,372,85,95,8,560,162,0,162,722
05/11/2023,OAK,CA,AWP,WE,Towers with Radar,371,73,32,0,476,0,14,54,2,70,371,87,86,2,546,222,0,222,768
05/12/2023,OAK,CA,AWP,WE,Towers with Radar,343,79,36,0,458,0,7,49,1,57,343,86,85,1,515,68,0,68,583
05/13/2023,OAK,CA,AWP,WE,Towers with Radar,237,47,18,0,302,0,2,70,3,75,237,49,88,3,377,40,0,40,417
05/14/2023,OAK,CA,AWP,WE,Towers with Radar,275,57,28,4,364,0,12,64,1,77,275,69,92,5,441,14,0,14,455
05/15/2023,OAK,CA,AWP,WE,Towers with Radar,331,71,37,0,439,0,13,30,0,43,331,84,67,0,482,68,0,68,550
05/16/2023,OAK,CA,AWP,WE,Towers with Radar,360,64,30,0,454,0,8,45,1,54,360,72,75,1,508,160,0,160,668
05/17/2023,OAK,CA,AWP,WE,Towers with Radar,371,63,28,2,464,0,8,50,3,61,371,71,78,5,525,0,0,0,525
05/18/2023,OAK,CA,AWP,WE,Towers with Radar,356,68,36,4,464,0,10,46,0,56,356,78,82,4,520,170,0,170,690
05/19/2023,OAK,CA,AWP,WE,Towers with Radar,355,71,33,1,460,0,9,31,3,43,355,80,64,4,503,52,0,52,555
05/20/2023,OAK,CA,AWP,WE,Towers with Radar,237,40,31,0,308,0,1,24,0,25,237,41,55,0,333,106,0,106,439
05/21/2023,OAK,CA,AWP,WE,Towers with Radar,280,55,46,0,381,0,5,54,0,59,280,60,100,0,440,114,0,114,554
05/22/2023,OAK,CA,AWP,WE,Towers with Radar,326,47,25,0,398,0,10,48,0,58,326,57,73,0,456,153,0,153,609
05/23/2023,OAK,CA,AWP,WE,Towers with Radar,356,72,32,0,460,0,11,43,2,56,356,83,75,2,516,218,0,218,734
05/24/2023,OAK,CA,AWP,WE,Towers with Radar,370,58,36,0,464,0,4,52,0,56,370,62,88,0,520,260,0,260,780
05/25/2023,OAK,CA,AWP,WE,Towers with Radar,366,63,27,0,456,0,8,34,2,44,366,71,61,2,500,246,0,246,746
05/26/2023,OAK,CA,AWP,WE,Towers with Radar,352,78,38,0,468,0,18,35,0,53,352,96,73,0,521,154,0,154,675
05/27/2023,OAK,CA,AWP,WE,Towers with Radar,227,34,21,5,287,0,0,38,0,38,227,34,59,5,325,92,0,92,417
05/28/2023,OAK,CA,AWP,WE,Towers with Radar,238,33,26,0,297,0,2,17,0,19,238,35,43,0,316,2,0,2,318
05/29/2023,OAK,CA,AWP,WE,Towers with Radar,315,62,38,2,417,0,10,78,0,88,315,72,116,2,505,206,0,206,711
05/30/2023,OAK,CA,AWP,WE,Towers with Radar,317,42,31,0,390,0,14,37,0,51,317,56,68,0,441,104,0,104,545
05/31/2023,OAK,CA,AWP,WE,Towers with Radar,375,67,41,0,483,0,9,45,1,55,375,76,86,1,538,22,0,22,560
06/01/2023,OAK,CA,AWP,WE,Towers with Radar,368,70,38,0,476,0,14,62,1,77,368,84,100,1,553,230,0,230,783
06/02/2023,OAK,CA,AWP,WE,Towers with Radar,356,46,29,0,431,0,11,62,0,73,356,57,91,0,504,226,0,226,730
06/03/2023,OAK,CA,AWP,WE,Towers with Radar,233,34,16,0,283,0,7,57,0,64,233,41,73,0,347,154,0,154,501
06/04/2023,OAK,CA,AWP,WE,Towers with Radar,263,51,31,0,345,0,8,79,0,87,263,59,110,0,432,182,0,182,614
06/05/2023,OAK,CA,AWP,WE,Towers with Radar,322,40,29,0,391,0,8,35,0,43,322,48,64,0,434,64,0,64,498
06/06/2023,OAK,CA,AWP,WE,Towers with Radar,341,67,25,0,433,0,9,24,0,33,341,76,49,0,466,250,0,250,716
06/07/2023,OAK,CA,AWP,WE,Towers with Radar,355,61,48,0,464,0,9,33,6,48,355,70,81,6,512,214,10,224,736
06/08/2023,OAK,CA,AWP,WE,Towers with Radar,359,69,26,0,454,0,11,38,2,51,359,80,64,2,505,124,0,124,629
06/09/2023,OAK,CA,AWP,WE,Towers with Radar,346,61,34,0,441,0,8,54,0,62,346,69,88,0,503,180,0,180,683
06/10/2023,OAK,CA,AWP,WE,Towers with Radar,238,51,25,0,314,0,0,37,0,37,238,51,62,0,351,16,0,16,367
06/11/2023,OAK,CA,AWP,WE,Towers with Radar,264,68,40,0,372,0,6,60,0,66,264,74,100,0,438,98,0,98,536
06/12/2023,OAK,CA,AWP,WE,Towers with Radar,313,63,34,0,410,0,6,45,1,52,313,69,79,1,462,138,0,138,600
06/13/2023,OAK,CA,AWP,WE,Towers with Radar,346,61,29,0,436,0,5,44,0,49,346,66,73,0,485,58,0,58,543
06/14/2023,OAK,CA,AWP,WE,Towers with Radar,362,67,23,0,452,0,7,44,0,51,362,74,67,0,503,84,0,84,587
06/15/2023,OAK,CA,AWP,WE,Towers with Radar,359,67,21,0,447,0,14,61,0,75,359,81,82,0,522,52,0,52,574
06/16/2023,OAK,CA,AWP,WE,Towers with Radar,348,75,35,0,458,1,7,44,0,52,349,82,79,0,510,72,0,72,582
06/17/2023,OAK,CA,AWP,WE,Towers with Radar,247,30,13,0,290,0,3,55,0,58,247,33,68,0,348,32,0,32,380
06/18/2023,OAK,CA,AWP,WE,Towers with Radar,259,55,36,0,350,0,2,53,0,55,259,57,89,0,405,20,0,20,425
06/19/2023,OAK,CA,AWP,WE,Towers with Radar,320,57,39,0,416,0,5,26,0,31,320,62,65,0,447,10,0,10,457
06/20/2023,OAK,CA,AWP,WE,Towers with Radar,343,27,8,0,378,0,1,4,0,5,343,28,12,0,383,0,0,0,383
06/21/2023,OAK,CA,AWP,WE,Towers with Radar,354,54,20,2,430,0,7,56,0,63,354,61,76,2,493,118,0,118,611
06/22/2023,OAK,CA,AWP,WE,Towers with Radar,347,60,30,3,440,0,8,59,0,67,347,68,89,3,507,76,0,76,583
06/23/2023,OAK,CA,AWP,WE,Towers with Radar,349,62,36,0,447,0,8,68,0,76,349,70,104,0,523,154,0,154,677
06/24/2023,OAK,CA,AWP,WE,Towers with Radar,238,49,20,1,308,0,6,47,0,53,238,55,67,1,361,248,0,248,609
06/25/2023,OAK,CA,AWP,WE,Towers with Radar,260,62,36,0,358,0,5,25,0,30,260,67,61,0,388,0,0,0,388
06/26/2023,OAK,CA,AWP,WE,Towers with Radar,317,66,43,0,426,0,4,29,0,33,317,70,72,0,459,80,0,80,539
06/27/2023,OAK,CA,AWP,WE,Towers with Radar,340,72,23,0,435,0,1,29,0,30,340,73,52,0,465,20,0,20,485
06/28/2023,OAK,CA,AWP,WE,Towers with Radar,363,70,32,0,465,0,3,29,0,32,363,73,61,0,497,64,0,64,561
06/29/2023,OAK,CA,AWP,WE,Towers with Radar,358,71,43,0,472,0,3,58,0,61,358,74,101,0,533,24,0,24,557
06/30/2023,OAK,CA,AWP,WE,Towers with Radar,338,69,31,0,438,0,7,64,0,71,338,76,95,0,509,214,0,214,723
07/01/2023,OAK,CA,AWP,WE,Towers with Radar,252,50,23,0,325,0,5,80,0,85,252,55,103,0,410,190,0,190,600
07/02/2023,OAK,CA,AWP,WE,Towers with Radar,261,38,25,0,324,0,1,59,0,60,261,39,84,0,384,108,0,108,492
07/03/2023,OAK,CA,AWP,WE,Towers with Radar,321,38,15,0,374,0,5,45,0,50,321,43,60,0,424,210,0,210,634
07/04/2023,OAK,CA,AWP,WE,Towers with Radar,284,35,13,0,332,0,5,55,1,61,284,40,68,1,393,126,0,126,519
07/05/2023,OAK,CA,AWP,WE,Towers with Radar,360,59,28,0,447,0,11,39,0,50,360,70,67,0,497,204,0,204,701
07/06/2023,OAK,CA,AWP,WE,Towers with Radar,358,52,24,0,434,0,4,35,0,39,358,56,59,0,473,130,0,130,603
07/07/2023,OAK,CA,AWP,WE,Towers with Radar,356,56,27,0,439,0,2,20,0,22,356,58,47,0,461,102,0,102,563
07/08/2023,OAK,CA,AWP,WE,Towers with Radar,243,33,29,0,305,0,0,53,0,53,243,33,82,0,358,64,0,64,422
07/09/2023,OAK,CA,AWP,WE,Towers with Radar,263,54,42,0,359,0,1,29,0,30,263,55,71,0,389,166,0,166,555
07/10/2023,OAK,CA,AWP,WE,Towers with Radar,334,48,29,0,411,0,9,59,0,68,334,57,88,0,479,150,0,150,629
07/11/2023,OAK,CA,AWP,WE,Towers with Radar,348,68,30,0,446,0,13,79,0,92,348,81,109,0,538,174,0,174,712
07/12/2023,OAK,CA,AWP,WE,Towers with Radar,367,69,19,0,455,0,7,71,0,78,367,76,90,0,533,334,0,334,867
07/13/2023,OAK,CA,AWP,WE,Towers with Radar,365,67,33,0,465,0,9,74,0,83,365,76,107,0,548,50,0,50,598
07/14/2023,OAK,CA,AWP,WE,Towers with Radar,366,59,25,2,452,0,6,65,0,71,366,65,90,2,523,162,0,162,685
07/15/2023,OAK,CA,AWP,WE,Towers with Radar,250,43,25,0,318,0,7,60,0,67,250,50,85,0,385,170,0,170,555
07/16/2023,OAK,CA,AWP,WE,Towers with Radar,266,50,31,0,347,0,1,89,0,90,266,51,120,0,437,150,0,150,587
07/17/2023,OAK,CA,AWP,WE,Towers with Radar,336,49,23,1,409,0,5,41,1,47,336,54,64,2,456,44,0,44,500
07/18/2023,OAK,CA,AWP,WE,Towers with Radar,345,47,21,0,413,0,9,50,1,60,345,56,71,1,473,120,0,120,593
07/19/2023,OAK,CA,AWP,WE,Towers with Radar,360,58,30,0,448,0,5,59,2,66,360,63,89,2,514,46,0,46,560
07/20/2023,OAK,CA,AWP,WE,Towers with Radar,350,72,34,0,456,0,5,44,0,49,350,77,78,0,505,120,2,122,627
07/21/2023,OAK,CA,AWP,WE,Towers with Radar,355,62,24,0,441,0,8,69,0,77,355,70,93,0,518,296,0,296,814
07/22/2023,OAK,CA,AWP,WE,Towers with Radar,252,39,18,0,309,0,4,87,10,101,252,43,105,10,410,250,0,250,660
07/23/2023,OAK,CA,AWP,WE,Towers with Radar,271,62,20,0,353,0,3,62,2,67,271,65,82,2,420,84,0,84,504
07/24/2023,OAK,CA,AWP,WE,Towers with Radar,317,58,24,0,399,0,10,52,0,62,317,68,76,0,461,18,0,18,479
07/25/2023,OAK,CA,AWP,WE,Towers with Radar,350,52,24,0,426,0,9,58,1,68,350,61,82,1,494,148,0,148,642
07/26/2023,OAK,CA,AWP,WE,Towers with Radar,361,66,24,0,451,0,7,44,1,52,361,73,68,1,503,134,0,134,637
07/27/2023,OAK,CA,AWP,WE,Towers with Radar,361,56,20,0,437,0,7,71,0,78,361,63,91,0,515,194,0,194,709
07/28/2023,OAK,CA,AWP,WE,Towers with Radar,351,66,26,0,443,0,5,69,2,76,351,71,95,2,519,152,0,152,671
07/29/2023,OAK,CA,AWP,WE,Towers with Radar,244,42,15,0,301,0,2,47,0,49,244,44,62,0,350,184,0,184,534
07/30/2023,OAK,CA,AWP,WE,Towers with Radar,261,53,31,0,345,0,2,63,0,65,261,55,94,0,410,140,0,140,550
07/31/2023,OAK,CA,AWP,WE,Towers with Radar,322,54,25,0,401,0,10,69,0,79,322,64,94,0,480,6,0,6,486
08/01/2023,OAK,CA,AWP,WE,Towers with Radar,350,48,33,0,431,0,9,42,1,52,350,57,75,1,483,164,0,164,647
08/02/2023,OAK,CA,AWP,WE,Towers with Radar,364,50,24,0,438,0,4,25,0,29,364,54,49,0,467,62,16,78,545
08/03/2023,OAK,CA,AWP,WE,Towers with Radar,368,62,34,0,464,0,1,10,0,11,368,63,44,0,475,12,0,12,487
08/04/2023,OAK,CA,AWP,WE,Towers with Radar,349,56,24,0,429,0,5,52,0,57,349,61,76,0,486,94,0,94,580
08/05/2023,OAK,CA,AWP,WE,Towers with Radar,251,42,22,0,315,0,1,60,1,62,251,43,82,1,377,82,0,82,459
08/06/2023,OAK,CA,AWP,WE,Towers with Radar,266,61,24,1,352,0,4,99,0,103,266,65,123,1,455,114,0,114,569
08/07/2023,OAK,CA,AWP,WE,Towers with Radar,327,55,35,0,417,0,6,53,1,60,327,61,88,1,477,24,0,24,501
08/08/2023,OAK,CA,AWP,WE,Towers with Radar,346,53,24,0,423,0,11,59,0,70,346,64,83,0,493,96,0,96,589
08/09/2023,OAK,CA,AWP,WE,Towers with Radar,363,74,42,0,479,0,8,42,0,50,363,82,84,0,529,20,0,20,549
08/10/2023,OAK,CA,AWP,WE,Towers with Radar,356,78,28,0,462,0,5,50,0,55,356,83,78,0,517,88,0,88,605
08/11/2023,OAK,CA,AWP,WE,Towers with Radar,354,82,37,0,473,0,9,55,1,65,354,91,92,1,538,160,0,160,698
08/12/2023,OAK,CA,AWP,WE,Towers with Radar,249,43,25,2,319,0,5,69,3,77,249,48,94,5,396,216,0,216,612
08/13/2023,OAK,CA,AWP,WE,Towers with Radar,266,62,34,1,363,1,4,77,0,82,267,66,111,1,445,128,0,128,573
08/14/2023,OAK,CA,AWP,WE,Towers with Radar,326,60,30,0,416,0,14,55,0,69,326,74,85,0,485,10,0,10,495
08/15/2023,OAK,CA,AWP,WE,Towers with Radar,345,55,32,0,432,0,12,59,2,73,345,67,91,2,505,178,0,178,683
08/16/2023,OAK,CA,AWP,WE,Towers with Radar,351,70,32,1,454,0,22,79,1,102,351,92,111,2,556,240,0,240,796
08/17/2023,OAK,CA,AWP,WE,Towers with Radar,347,67,30,1,445,0,9,57,0,66,347,76,87,1,511,150,0,150,661
08/18/2023,OAK,CA,AWP,WE,Towers with Radar,328,63,15,1,407,0,7,63,1,71,328,70,78,2,478,154,0,154,632
08/19/2023,OAK,CA,AWP,WE,Towers with Radar,234,37,23,0,294,0,1,46,0,47,234,38,69,0,341,60,0,60,401
08/20/2023,OAK,CA,AWP,WE,Towers with Radar,231,50,31,0,312,0,4,61,1,66,231,54,92,1,378,60,0,60,438
08/21/2023,OAK,CA,AWP,WE,Towers with Radar,292,63,27,0,382,0,5,16,1,22,292,68,43,1,404,0,0,0,404
08/22/2023,OAK,CA,AWP,WE,Towers with Radar,333,57,39,1,430,0,13,49,0,62,333,70,88,1,492,124,6,130,622
08/23/2023,OAK,CA,AWP,WE,Towers with Radar,346,64,22,2,434,0,8,54,2,64,346,72,76,4,498,52,0,52,550
08/24/2023,OAK,CA,AWP,WE,Towers with Radar,346,56,19,0,421,0,7,59,2,68,346,63,78,2,489,228,0,228,717
08/25/2023,OAK,CA,AWP,WE,Towers with Radar,340,65,26,1,432,0,4,41,0,45,340,69,67,1,477,148,0,148,625
08/26/2023,OAK,CA,AWP,WE,Towers with Radar,238,55,28,0,321,0,6,60,0,66,238,61,88,0,387,154,0,154,541
08/27/2023,OAK,CA,AWP,WE,Towers with Radar,303,53,31,0,387,0,7,78,0,85,303,60,109,0,472,234,0,234,706
08/28/2023,OAK,CA,AWP,WE,Towers with Radar,315,46,21,0,382,0,12,56,1,69,315,58,77,1,451,14,0,14,465
08/29/2023,OAK,CA,AWP,WE,Towers with Radar,332,59,26,1,418,0,11,71,1,83,332,70,97,2,501,104,0,104,605
08/30/2023,OAK,CA,AWP,WE,Towers with Radar,340,51,24,0,415,0,5,73,0,78,340,56,97,0,493,283,6,289,782
08/31/2023,OAK,CA,AWP,WE,Towers with Radar,348,65,28,0,441,0,7,75,0,82,348,72,103,0,523,152,0,152,675
01/01/2020,OAK,CA,AWP,WE,Towers with Radar,272,75,21,0,368,0,0,8,0,8,272,75,29,0,376,74,0,74,450
01/02/2020,OAK,CA,AWP,WE,Towers with Radar,371,81,38,0,490,0,10,35,0,45,371,91,73,0,535,34,0,34,569
01/03/2020,OAK,CA,AWP,WE,Towers with Radar,403,97,51,0,551,0,9,55,2,66,403,106,106,2,617,64,0,64,681
01/04/2020,OAK,CA,AWP,WE,Towers with Radar,274,99,46,0,419,0,7,31,2,40,274,106,77,2,459,106,28,134,593
01/05/2020,OAK,CA,AWP,WE,Towers with Radar,307,104,40,0,451,0,6,77,2,85,307,110,117,2,536,44,0,44,580
01/06/2020,OAK,CA,AWP,WE,Towers with Radar,323,85,43,0,451,0,8,38,0,46,323,93,81,0,497,30,0,30,527
01/07/2020,OAK,CA,AWP,WE,Towers with Radar,364,78,37,0,479,0,5,44,0,49,364,83,81,0,528,24,0,24,552
01/08/2020,OAK,CA,AWP,WE,Towers with Radar,357,85,36,0,478,0,6,29,0,35,357,91,65,0,513,114,0,114,627
01/09/2020,OAK,CA,AWP,WE,Towers with Radar,355,88,46,0,489,0,4,10,2,16,355,92,56,2,505,92,0,92,597
01/10/2020,OAK,CA,AWP,WE,Towers with Radar,355,96,39,0,490,0,8,73,0,81,355,104,112,0,571,124,0,124,695
01/11/2020,OAK,CA,AWP,WE,Towers with Radar,221,61,19,0,301,0,4,39,0,43,221,65,58,0,344,78,0,78,422
01/12/2020,OAK,CA,AWP,WE,Towers with Radar,294,122,72,0,488,0,1,59,0,60,294,123,131,0,548,118,0,118,666
01/13/2020,OAK,CA,AWP,WE,Towers with Radar,320,90,59,2,471,0,4,19,0,23,320,94,78,2,494,36,0,36,530
01/14/2020,OAK,CA,AWP,WE,Towers with Radar,340,88,55,2,485,0,9,38,0,47,340,97,93,2,532,42,0,42,574
01/15/2020,OAK,CA,AWP,WE,Towers with Radar,360,99,68,0,527,0,8,67,2,77,360,107,135,2,604,88,0,88,692
01/16/2020,OAK,CA,AWP,WE,Towers with Radar,356,141,79,0,576,0,5,4,0,9,356,146,83,0,585,0,0,0,585
01/17/2020,OAK,CA,AWP,WE,Towers with Radar,349,127,41,0,517,0,10,78,0,88,349,137,119,0,605,124,0,124,729
01/18/2020,OAK,CA,AWP,WE,Towers with Radar,226,56,34,0,316,0,7,77,0,84,226,63,111,0,400,112,0,112,512
01/19/2020,OAK,CA,AWP,WE,Towers with Radar,285,77,24,0,386,0,5,64,0,69,285,82,88,0,455,52,0,52,507
01/20/2020,OAK,CA,AWP,WE,Towers with Radar,317,117,52,0,486,0,6,75,1,82,317,123,127,1,568,62,0,62,630
01/21/2020,OAK,CA,AWP,WE,Towers with Radar,356,107,48,0,511,0,3,11,0,14,356,110,59,0,525,68,0,68,593
01/22/2020,OAK,CA,AWP,WE,Towers with Radar,355,88,60,0,503,0,8,49,0,57,355,96,109,0,560,56,0,56,616
01/23/2020,OAK,CA,AWP,WE,Towers with Radar,357,86,45,0,488,0,14,50,2,66,357,100,95,2,554,165,0,165,719
01/24/2020,OAK,CA,AWP,WE,Towers with Radar,346,95,41,0,482,0,13,48,1,62,346,108,89,1,544,28,0,28,572
01/25/2020,OAK,CA,AWP,WE,Towers with Radar,234,56,32,0,322,0,3,26,0,29,234,59,58,0,351,46,0,46,397
01/26/2020,OAK,CA,AWP,WE,Towers with Radar,292,96,43,1,432,0,2,59,0,61,292,98,102,1,493,138,0,138,631
01/27/2020,OAK,CA,AWP,WE,Towers with Radar,310,92,36,0,438,0,8,21,0,29,310,100,57,0,467,94,0,94,561
01/28/2020,OAK,CA,AWP,WE,Towers with Radar,337,85,41,2,465,0,3,10,0,13,337,88,51,2,478,34,0,34,512
01/29/2020,OAK,CA,AWP,WE,Towers with Radar,359,91,44,1,495,0,12,66,5,83,359,103,110,6,578,72,0,72,650
01/30/2020,OAK,CA,AWP,WE,Towers with Radar,356,112,41,0,509,0,8,23,0,31,356,120,64,0,540,40,0,40,580
01/31/2020,OAK,CA,AWP,WE,Towers with Radar,353,89,48,0,490,0,13,58,0,71,353,102,106,0,561,84,0,84,645
02/01/2020,OAK,CA,AWP,WE,Towers with Radar,238,54,39,0,331,0,10,55,0,65,238,64,94,0,396,34,0,34,430
02/02/2020,OAK,CA,AWP,WE,Towers with Radar,284,85,25,0,394,0,6,24,0,30,284,91,49,0,424,24,0,24,448
02/03/2020,OAK,CA,AWP,WE,Towers with Radar,313,100,35,0,448,0,12,22,2,36,313,112,57,2,484,84,0,84,568
02/04/2020,OAK,CA,AWP,WE,Towers with Radar,343,73,39,1,456,0,10,48,0,58,343,83,87,1,514,122,0,122,636
02/05/2020,OAK,CA,AWP,WE,Towers with Radar,347,74,44,0,465,0,12,64,1,77,347,86,108,1,542,118,0,118,660
02/06/2020,OAK,CA,AWP,WE,Towers with Radar,358,98,65,0,521,0,11,99,2,112,358,109,164,2,633,134,8,142,775
02/07/2020,OAK,CA,AWP,WE,Towers with Radar,353,117,43,0,513,0,11,74,2,87,353,128,117,2,600,66,0,66,666
02/08/2020,OAK,CA,AWP,WE,Towers with Radar,229,60,30,0,319,0,2,71,0,73,229,62,101,0,392,90,0,90,482
02/09/2020,OAK,CA,AWP,WE,Towers with Radar,250,95,29,0,374,0,3,7,1,11,250,98,36,1,385,2,0,2,387
02/10/2020,OAK,CA,AWP,WE,Towers with Radar,322,84,20,0,426,0,12,53,1,66,322,96,73,1,492,76,0,76,568
02/11/2020,OAK,CA,AWP,WE,Towers with Radar,342,77,54,0,473,0,8,64,0,72,342,85,118,0,545,108,0,108,653
02/12/2020,OAK,CA,AWP,WE,Towers with Radar,364,95,45,3,507,0,16,74,5,95,364,111,119,8,602,102,14,116,718
02/13/2020,OAK,CA,AWP,WE,Towers with Radar,361,117,53,0,531,0,4,43,0,47,361,121,96,0,578,122,0,122,700
02/14/2020,OAK,CA,AWP,WE,Towers with Radar,354,125,52,1,532,0,13,65,2,80,354,138,117,3,612,98,14,112,724
02/15/2020,OAK,CA,AWP,WE,Towers with Radar,236,70,34,1,341,0,8,71,0,79,236,78,105,1,420,86,0,86,506
02/16/2020,OAK,CA,AWP,WE,Towers with Radar,292,75,25,1,393,0,0,71,0,71,292,75,96,1,464,110,0,110,574
02/17/2020,OAK,CA,AWP,WE,Towers with Radar,326,103,37,0,466,0,7,80,0,87,326,110,117,0,553,32,0,32,585
02/18/2020,OAK,CA,AWP,WE,Towers with Radar,358,97,43,1,499,0,12,46,0,58,358,109,89,1,557,104,0,104,661
02/19/2020,OAK,CA,AWP,WE,Towers with Radar,367,92,47,4,510,0,12,69,0,81,367,104,116,4,591,0,0,0,591
02/20/2020,OAK,CA,AWP,WE,Towers with Radar,365,88,47,0,500,0,8,77,0,85,365,96,124,0,585,42,0,42,627
02/21/2020,OAK,CA,AWP,WE,Towers with Radar,352,102,40,0,494,0,9,83,5,97,352,111,123,5,591,64,4,68,659
02/22/2020,OAK,CA,AWP,WE,Towers with Radar,238,62,42,1,343,0,8,50,0,58,238,70,92,1,401,82,0,82,483
02/23/2020,OAK,CA,AWP,WE,Towers with Radar,298,105,42,0,445,0,5,52,0,57,298,110,94,0,502,36,0,36,538
02/24/2020,OAK,CA,AWP,WE,Towers with Radar,319,87,28,0,434,0,8,60,0,68,319,95,88,0,502,42,0,42,544
02/25/2020,OAK,CA,AWP,WE,Towers with Radar,364,77,28,0,469,0,11,71,0,82,364,88,99,0,551,140,0,140,691
02/26/2020,OAK,CA,AWP,WE,Towers with Radar,363,80,42,1,486,0,6,89,1,96,363,86,131,2,582,98,0,98,680
02/27/2020,OAK,CA,AWP,WE,Towers with Radar,369,103,47,2,521,0,10,59,2,71,369,113,106,4,592,92,0,92,684
02/28/2020,OAK,CA,AWP,WE,Towers with Radar,351,97,21,0,469,0,10,60,0,70,351,107,81,0,539,86,0,86,625
02/29/2020,OAK,CA,AWP,WE,Towers with Radar,240,60,19,0,319,0,4,56,0,60,240,64,75,0,379,44,0,44,423
03/01/2020,OAK,CA,AWP,WE,Towers with Radar,297,85,28,0,410,0,4,70,0,74,297,89,98,0,484,108,0,108,592
03/02/2020,OAK,CA,AWP,WE,Towers with Radar,325,82,41,0,448,0,10,26,0,36,325,92,67,0,484,46,0,46,530
03/03/2020,OAK,CA,AWP,WE,Towers with Radar,361,80,38,0,479,0,7,58,0,65,361,87,96,0,544,174,0,174,718
03/04/2020,OAK,CA,AWP,WE,Towers with Radar,368,85,41,2,496,0,13,73,1,87,368,98,114,3,583,94,2,96,679
03/05/2020,OAK,CA,AWP,WE,Towers with Radar,368,108,50,1,527,0,9,58,0,67,368,117,108,1,594,160,0,160,754
03/06/2020,OAK,CA,AWP,WE,Towers with Radar,350,100,52,0,502,0,2,28,0,30,350,102,80,0,532,110,0,110,642
03/07/2020,OAK,CA,AWP,WE,Towers with Radar,249,62,24,0,335,0,3,25,3,31,249,65,49,3,366,76,0,76,442
03/08/2020,OAK,CA,AWP,WE,Towers with Radar,304,86,42,0,432,0,8,59,2,69,304,94,101,2,501,148,0,148,649
03/09/2020,OAK,CA,AWP,WE,Towers with Radar,329,87,27,0,443,0,8,45,0,53,329,95,72,0,496,102,0,102,598
03/10/2020,OAK,CA,AWP,WE,Towers with Radar,374,87,30,0,491,0,7,56,0,63,374,94,86,0,554,76,0,76,630
03/11/2020,OAK,CA,AWP,WE,Towers with Radar,374,77,38,0,489,0,6,67,0,73,374,83,105,0,562,100,0,100,662
03/12/2020,OAK,CA,AWP,WE,Towers with Radar,388,98,23,0,509,0,6,62,4,72,388,104,85,4,581,142,0,142,723
03/13/2020,OAK,CA,AWP,WE,Towers with Radar,349,93,35,0,477,0,6,46,5,57,349,99,81,5,534,52,0,52,586
03/14/2020,OAK,CA,AWP,WE,Towers with Radar,250,73,24,0,347,0,4,7,1,12,250,77,31,1,359,34,0,34,393
03/15/2020,OAK,CA,AWP,WE,Towers with Radar,307,80,31,0,418,0,2,7,0,9,307,82,38,0,427,98,0,98,525
03/16/2020,OAK,CA,AWP,WE,Towers with Radar,308,71,35,0,414,0,7,18,0,25,308,78,53,0,439,58,0,58,497
03/17/2020,OAK,CA,AWP,WE,Towers with Radar,353,68,25,0,446,0,7,24,0,31,353,75,49,0,477,12,0,12,489
03/18/2020,OAK,CA,AWP,WE,Towers with Radar,338,57,7,2,404,0,4,11,0,15,338,61,18,2,419,2,0,2,421
03/19/2020,OAK,CA,AWP,WE,Towers with Radar,327,61,14,0,402,0,7,13,0,20,327,68,27,0,422,0,0,0,422
03/20/2020,OAK,CA,AWP,WE,Towers with Radar,310,51,16,0,377,0,7,31,0,38,310,58,47,0,415,14,0,14,429
03/21/2020,OAK,CA,AWP,WE,Towers with Radar,209,30,7,0,246,0,3,16,0,19,209,33,23,0,265,30,0,30,295
03/22/2020,OAK,CA,AWP,WE,Towers with Radar,198,19,6,0,223,0,0,10,0,10,198,19,16,0,233,4,0,4,237
03/23/2020,OAK,CA,AWP,WE,Towers with Radar,217,29,6,0,252,0,5,9,2,16,217,34,15,2,268,22,6,28,296
03/24/2020,OAK,CA,AWP,WE,Towers with Radar,280,41,6,2,329,0,9,0,2,11,280,50,6,4,340,0,2,2,342
03/25/2020,OAK,CA,AWP,WE,Towers with Radar,275,32,9,1,317,0,5,7,1,13,275,37,16,2,330,8,0,8,338
03/26/2020,OAK,CA,AWP,WE,Towers with Radar,251,27,4,0,282,0,6,29,0,35,251,33,33,0,317,48,0,48,365
03/27/2020,OAK,CA,AWP,WE,Towers with Radar,205,28,8,0,241,0,8,25,0,33,205,36,33,0,274,10,0,10,284
03/28/2020,OAK,CA,AWP,WE,Towers with Radar,144,13,13,0,170,0,1,2,0,3,144,14,15,0,173,56,0,56,229
03/29/2020,OAK,CA,AWP,WE,Towers with Radar,160,18,0,0,178,0,0,12,0,12,160,18,12,0,190,26,0,26,216
03/30/2020,OAK,CA,AWP,WE,Towers with Radar,170,28,1,0,199,0,9,7,0,16,170,37,8,0,215,22,0,22,237
03/31/2020,OAK,CA,AWP,WE,Towers with Radar,216,34,5,0,255,0,4,15,0,19,216,38,20,0,274,28,0,28,302
04/01/2020,OAK,CA,AWP,WE,Towers with Radar,209,34,7,0,250,0,6,30,0,36,209,40,37,0,286,18,0,18,304
04/02/2020,OAK,CA,AWP,WE,Towers with Radar,198,21,8,0,227,0,10,22,0,32,198,31,30,0,259,6,0,6,265
04/03/2020,OAK,CA,AWP,WE,Towers with Radar,184,25,11,0,220,0,10,30,0,40,184,35,41,0,260,0,0,0,260
04/04/2020,OAK,CA,AWP,WE,Towers with Radar,134,11,8,0,153,0,1,4,0,5,134,12,12,0,158,32,26,58,216
04/05/2020,OAK,CA,AWP,WE,Towers with Radar,119,29,1,0,149,0,0,9,0,9,119,29,10,0,158,0,24,24,182
04/06/2020,OAK,CA,AWP,WE,Towers with Radar,120,24,4,0,148,0,5,18,1,24,120,29,22,1,172,50,0,50,222
04/07/2020,OAK,CA,AWP,WE,Towers with Radar,180,25,5,0,210,0,10,19,2,31,180,35,24,2,241,18,0,18,259
04/08/2020,OAK,CA,AWP,WE,Towers with Radar,168,29,6,1,204,0,3,12,0,15,168,32,18,1,219,0,0,0,219
04/09/2020,OAK,CA,AWP,WE,Towers with Radar,169,34,14,2,219,0,5,4,2,11,169,39,18,4,230,10,0,10,240
04/10/2020,OAK,CA,AWP,WE,Towers with Radar,142,28,7,0,177,0,3,11,0,14,142,31,18,0,191,0,0,0,191
04/11/2020,OAK,CA,AWP,WE,Towers with Radar,111,19,16,1,147,0,2,14,0,16,111,21,30,1,163,22,0,22,185
04/12/2020,OAK,CA,AWP,WE,Towers with Radar,104,19,15,0,138,0,5,22,0,27,104,24,37,0,165,16,0,16,181
04/13/2020,OAK,CA,AWP,WE,Towers with Radar,109,19,4,4,136,0,6,19,1,26,109,25,23,5,162,34,0,34,196
04/14/2020,OAK,CA,AWP,WE,Towers with Radar,161,27,5,2,195,0,8,24,0,32,161,35,29,2,227,48,2,50,277
04/15/2020,OAK,CA,AWP,WE,Towers with Radar,169,27,3,0,199,0,7,20,0,27,169,34,23,0,226,14,0,14,240
04/16/2020,OAK,CA,AWP,WE,Towers with Radar,147,25,11,0,183,0,5,18,0,23,147,30,29,0,206,12,0,12,218
04/17/2020,OAK,CA,AWP,WE,Towers with Radar,140,24,7,0,171,0,5,12,0,17,140,29,19,0,188,2,0,2,190
04/18/2020,OAK,CA,AWP,WE,Towers with Radar,117,9,8,0,134,0,1,22,0,23,117,10,30,0,157,34,0,34,191
04/19/2020,OAK,CA,AWP,WE,Towers with Radar,98,23,15,0,136,0,0,22,0,22,98,23,37,0,158,20,0,20,178
04/20/2020,OAK,CA,AWP,WE,Towers with Radar,103,23,4,0,130,0,7,7,0,14,103,30,11,0,144,36,0,36,180
04/21/2020,OAK,CA,AWP,WE,Towers with Radar,144,22,9,0,175,0,7,12,1,20,144,29,21,1,195,12,0,12,207
04/22/2020,OAK,CA,AWP,WE,Towers with Radar,141,26,7,0,174,0,6,22,0,28,141,32,29,0,202,2,0,2,204
04/23/2020,OAK,CA,AWP,WE,Towers with Radar,141,26,9,0,176,0,5,28,1,34,141,31,37,1,210,0,0,0,210
04/24/2020,OAK,CA,AWP,WE,Towers with Radar,122,23,12,1,158,0,5,35,1,41,122,28,47,2,199,8,2,10,209
04/25/2020,OAK,CA,AWP,WE,Towers with Radar,104,13,7,0,124,0,0,30,3,33,104,13,37,3,157,4,6,10,167
04/26/2020,OAK,CA,AWP,WE,Towers with Radar,90,20,18,0,128,0,0,43,1,44,90,20,61,1,172,50,4,54,226
04/27/2020,OAK,CA,AWP,WE,Towers with Radar,108,22,12,0,142,0,6,33,1,40,108,28,45,1,182,10,8,18,200
04/28/2020,OAK,CA,AWP,WE,Towers with Radar,158,21,3,0,182,0,8,47,2,57,158,29,50,2,239,14,0,14,253
04/29/2020,OAK,CA,AWP,WE,Towers with Radar,151,46,7,0,204,0,6,22,2,30,151,52,29,2,234,6,18,24,258
04/30/2020,OAK,CA,AWP,WE,Towers with Radar,149,35,14,0,198,0,4,18,0,22,149,39,32,0,220,2,0,2,222
05/01/2020,OAK,CA,AWP,WE,Towers with Radar,137,24,15,0,176,0,5,50,0,55,137,29,65,0,231,32,0,32,263
05/02/2020,OAK,CA,AWP,WE,Towers with Radar,114,22,17,0,153,0,2,21,0,23,114,24,38,0,176,0,0,0,176
05/03/2020,OAK,CA,AWP,WE,Towers with Radar,112,24,10,0,146,0,1,52,0,53,112,25,62,0,199,62,0,62,261
05/04/2020,OAK,CA,AWP,WE,Towers with Radar,108,27,10,0,145,0,11,26,0,37,108,38,36,0,182,10,0,10,192
05/05/2020,OAK,CA,AWP,WE,Towers with Radar,155,28,17,0,200,0,5,30,0,35,155,33,47,0,235,20,0,20,255
05/06/2020,OAK,CA,AWP,WE,Towers with Radar,159,30,14,3,206,0,7,39,1,47,159,37,53,4,253,72,40,112,365
05/07/2020,OAK,CA,AWP,WE,Towers with Radar,153,27,14,0,194,0,12,38,2,52,153,39,52,2,246,40,0,40,286
05/08/2020,OAK,CA,AWP,WE,Towers with Radar,137,26,12,0,175,0,5,45,0,50,137,31,57,0,225,16,0,16,241
05/09/2020,OAK,CA,AWP,WE,Towers with Radar,118,24,11,0,153,0,2,37,2,41,118,26,48,2,194,64,12,76,270
05/10/2020,OAK,CA,AWP,WE,Towers with Radar,110,16,8,0,134,0,1,25,0,26,110,17,33,0,160,10,0,10,170
05/11/2020,OAK,CA,AWP,WE,Towers with Radar,107,26,17,0,150,0,3,15,2,20,107,29,32,2,170,0,16,16,186
05/12/2020,OAK,CA,AWP,WE,Towers with Radar,154,37,13,0,204,0,13,16,0,29,154,50,29,0,233,12,0,12,245
05/13/2020,OAK,CA,AWP,WE,Towers with Radar,159,33,14,0,206,0,11,16,0,27,159,44,30,0,233,26,0,26,259
05/14/2020,OAK,CA,AWP,WE,Towers with Radar,147,39,24,0,210,0,12,24,0,36,147,51,48,0,246,50,0,50,296
05/15/2020,OAK,CA,AWP,WE,Towers with Radar,137,35,11,0,183,0,10,56,0,66,137,45,67,0,249,4,0,4,253
05/16/2020,OAK,CA,AWP,WE,Towers with Radar,114,21,6,0,141,0,2,54,0,56,114,23,60,0,197,42,0,42,239
05/17/2020,OAK,CA,AWP,WE,Towers with Radar,110,39,7,0,156,0,1,22,0,23,110,40,29,0,179,30,0,30,209
05/18/2020,OAK,CA,AWP,WE,Towers with Radar,107,26,25,0,158,0,8,14,3,25,107,34,39,3,183,73,8,81,264
05/19/2020,OAK,CA,AWP,WE,Towers with Radar,153,34,13,0,200,0,12,57,0,69,153,46,70,0,269,62,2,64,333
05/20/2020,OAK,CA,AWP,WE,Towers with Radar,157,42,16,0,215,0,11,50,0,61,157,53,66,0,276,92,0,92,368
05/21/2020,OAK,CA,AWP,WE,Towers with Radar,150,57,11,5,223,0,7,71,2,80,150,64,82,7,303,172,0,172,475
05/22/2020,OAK,CA,AWP,WE,Towers with Radar,138,31,12,0,181,0,7,58,0,65,138,38,70,0,246,104,0,104,350
05/23/2020,OAK,CA,AWP,WE,Towers with Radar,112,30,9,0,151,0,6,38,4,48,112,36,47,4,199,148,0,148,347
05/24/2020,OAK,CA,AWP,WE,Towers with Radar,111,25,8,0,144,0,2,41,0,43,111,27,49,0,187,62,0,62,249
05/25/2020,OAK,CA,AWP,WE,Towers with Radar,84,39,13,0,136,0,0,59,0,59,84,39,72,0,195,48,0,48,243
05/26/2020,OAK,CA,AWP,WE,Towers with Radar,112,35,21,0,168,0,12,29,0,41,112,47,50,0,209,82,0,82,291
05/27/2020,OAK,CA,AWP,WE,Towers with Radar,163,40,18,1,222,0,7,42,1,50,163,47,60,2,272,70,0,70,342
05/28/2020,OAK,CA,AWP,WE,Towers with Radar,162,43,20,0,225,0,6,25,0,31,162,49,45,0,256,30,0,30,286
05/29/2020,OAK,CA,AWP,WE,Towers with Radar,142,39,12,0,193,0,4,48,1,53,142,43,60,1,246,112,0,112,358
05/30/2020,OAK,CA,AWP,WE,Towers with Radar,112,37,13,0,162,0,2,30,3,35,112,39,43,3,197,22,10,32,229
05/31/2020,OAK,CA,AWP,WE,Towers with Radar,112,32,22,0,166,0,5,75,0,80,112,37,97,0,246,124,0,124,370
06/01/2020,OAK,CA,AWP,WE,Towers with Radar,112,49,17,0,178,0,11,58,0,69,112,60,75,0,247,38,0,38,285
06/02/2020,OAK,CA,AWP,WE,Towers with Radar,158,49,15,0,222,0,11,70,0,81,158,60,85,0,303,84,0,84,387
06/03/2020,OAK,CA,AWP,WE,Towers with Radar,162,34,9,0,205,0,13,54,0,67,162,47,63,0,272,140,0,140,412
06/04/2020,OAK,CA,AWP,WE,Towers with Radar,156,50,18,0,224,0,10,54,0,64,156,60,72,0,288,50,0,50,338
06/05/2020,OAK,CA,AWP,WE,Towers with Radar,145,53,23,0,221,0,7,17,0,24,145,60,40,0,245,68,0,68,313
06/06/2020,OAK,CA,AWP,WE,Towers with Radar,119,24,5,0,148,0,2,30,3,35,119,26,35,3,183,114,6,120,303
06/07/2020,OAK,CA,AWP,WE,Towers with Radar,162,39,24,0,225,0,2,39,0,41,162,41,63,0,266,48,0,48,314
06/08/2020,OAK,CA,AWP,WE,Towers with Radar,168,47,18,0,233,0,5,51,0,56,168,52,69,0,289,90,0,90,379
06/09/2020,OAK,CA,AWP,WE,Towers with Radar,197,45,11,2,255,0,8,44,0,52,197,53,55,2,307,100,0,100,407
06/10/2020,OAK,CA,AWP,WE,Towers with Radar,193,51,25,0,269,0,9,47,1,57,193,60,72,1,326,98,0,98,424
06/11/2020,OAK,CA,AWP,WE,Towers with Radar,214,63,12,0,289,0,10,44,5,59,214,73,56,5,348,102,4,106,454
06/12/2020,OAK,CA,AWP,WE,Towers with Radar,198,66,23,0,287,0,10,34,3,47,198,76,57,3,334,72,10,82,416
06/13/2020,OAK,CA,AWP,WE,Towers with Radar,159,33,14,0,206,0,3,52,0,55,159,36,66,0,261,106,0,106,367
06/14/2020,OAK,CA,AWP,WE,Towers with Radar,167,58,26,0,251,0,2,41,0,43,167,60,67,0,294,98,0,98,392
06/15/2020,OAK,CA,AWP,WE,Towers with Radar,165,52,16,0,233,0,7,28,0,35,165,59,44,0,268,82,0,82,350
06/16/2020,OAK,CA,AWP,WE,Towers with Radar,193,43,20,0,256,0,8,42,0,50,193,51,62,0,306,80,0,80,386
06/17/2020,OAK,CA,AWP,WE,Towers with Radar,188,44,18,0,250,0,12,60,0,72,188,56,78,0,322,127,0,127,449
06/18/2020,OAK,CA,AWP,WE,Towers with Radar,214,55,25,1,295,0,8,56,0,64,214,63,81,1,359,138,0,138,497
06/19/2020,OAK,CA,AWP,WE,Towers with Radar,195,71,25,1,292,0,14,50,1,65,195,85,75,2,357,84,0,84,441
06/20/2020,OAK,CA,AWP,WE,Towers with Radar,162,31,30,0,223,0,4,39,0,43,162,35,69,0,266,42,0,42,308
06/21/2020,OAK,CA,AWP,WE,Towers with Radar,173,48,19,0,240,0,2,35,0,37,173,50,54,0,277,92,0,92,369
06/22/2020,OAK,CA,AWP,WE,Towers with Radar,175,61,22,3,261,0,5,34,0,39,175,66,56,3,300,58,0,58,358
06/23/2020,OAK,CA,AWP,WE,Towers with Radar,204,44,28,3,279,0,6,31,3,40,204,50,59,6,319,60,0,60,379
06/24/2020,OAK,CA,AWP,WE,Towers with Radar,202,60,30,2,294,0,7,40,0,47,202,67,70,2,341,92,0,92,433
06/25/2020,OAK,CA,AWP,WE,Towers with Radar,219,84,28,0,331,0,14,36,2,52,219,98,64,2,383,106,0,106,489
06/26/2020,OAK,CA,AWP,WE,Towers with Radar,208,67,32,0,307,0,10,46,0,56,208,77,78,0,363,136,0,136,499
06/27/2020,OAK,CA,AWP,WE,Towers with Radar,180,47,29,0,256,0,3,31,0,34,180,50,60,0,290,150,0,150,440
06/28/2020,OAK,CA,AWP,WE,Towers with Radar,187,45,31,0,263,0,2,51,0,53,187,47,82,0,316,62,0,62,378
06/29/2020,OAK,CA,AWP,WE,Towers with Radar,187,51,25,0,263,0,12,67,0,79,187,63,92,0,342,90,0,90,432
06/30/2020,OAK,CA,AWP,WE,Towers with Radar,235,64,34,2,335,0,12,68,0,80,235,76,102,2,415,170,13,183,598
07/01/2020,OAK,CA,AWP,WE,Towers with Radar,247,67,35,0,349,0,5,50,4,59,247,72,85,4,408,136,0,136,544
07/02/2020,OAK,CA,AWP,WE,Towers with Radar,239,66,17,0,322,0,7,54,0,61,239,73,71,0,383,174,0,174,557
07/03/2020,OAK,CA,AWP,WE,Towers with Radar,226,56,23,0,305,0,19,44,0,63,226,75,67,0,368,192,0,192,560
07/04/2020,OAK,CA,AWP,WE,Towers with Radar,148,20,6,0,174,0,0,42,0,42,148,20,48,0,216,22,0,22,238
07/05/2020,OAK,CA,AWP,WE,Towers with Radar,204,55,24,0,283,0,6,48,0,54,204,61,72,0,337,144,0,144,481
07/06/2020,OAK,CA,AWP,WE,Towers with Radar,202,43,20,0,265,0,9,25,1,35,202,52,45,1,300,42,0,42,342
07/07/2020,OAK,CA,AWP,WE,Towers with Radar,252,54,20,0,326,0,13,32,0,45,252,67,52,0,371,60,0,60,431
07/08/2020,OAK,CA,AWP,WE,Towers with Radar,251,61,12,0,324,0,7,34,2,43,251,68,46,2,367,54,0,54,421
07/09/2020,OAK,CA,AWP,WE,Towers with Radar,249,61,22,0,332,0,6,60,0,66,249,67,82,0,398,90,0,90,488
07/10/2020,OAK,CA,AWP,WE,Towers with Radar,229,60,24,0,313,0,8,62,0,70,229,68,86,0,383,76,6,82,465
07/11/2020,OAK,CA,AWP,WE,Towers with Radar,206,44,14,0,264,0,8,54,0,62,206,52,68,0,326,106,0,106,432
07/12/2020,OAK,CA,AWP,WE,Towers with Radar,208,55,35,0,298,0,4,75,1,80,208,59,110,1,378,118,0,118,496
07/13/2020,OAK,CA,AWP,WE,Towers with Radar,198,56,37,0,291,0,8,49,0,57,198,64,86,0,348,94,0,94,442
07/14/2020,OAK,CA,AWP,WE,Towers with Radar,248,47,19,0,314,0,7,45,1,53,248,54,64,1,367,94,0,94,461
07/15/2020,OAK,CA,AWP,WE,Towers with Radar,250,51,31,0,332,0,5,52,0,57,250,56,83,0,389,62,0,62,451
07/16/2020,OAK,CA,AWP,WE,Towers with Radar,247,64,33,0,344,0,8,60,1,69,247,72,93,1,413,108,0,108,521
07/17/2020,OAK,CA,AWP,WE,Towers with Radar,231,52,30,0,313,0,5,52,0,57,231,57,82,0,370,118,0,118,488
07/18/2020,OAK,CA,AWP,WE,Towers with Radar,213,34,34,0,281,0,1,67,0,68,213,35,101,0,349,141,0,141,490
07/19/2020,OAK,CA,AWP,WE,Towers with Radar,199,59,30,0,288,0,13,50,0,63,199,72,80,0,351,140,0,140,491
07/20/2020,OAK,CA,AWP,WE,Towers with Radar,202,55,23,0,280,0,7,30,0,37,202,62,53,0,317,70,0,70,387
07/21/2020,OAK,CA,AWP,WE,Towers with Radar,252,50,36,0,338,0,8,29,0,37,252,58,65,0,375,118,0,118,493
07/22/2020,OAK,CA,AWP,WE,Towers with Radar,248,60,33,0,341,0,6,44,2,52,248,66,77,2,393,106,18,124,517
07/23/2020,OAK,CA,AWP,WE,Towers with Radar,253,61,38,0,352,0,9,61,2,72,253,70,99,2,424,164,0,164,588
07/24/2020,OAK,CA,AWP,WE,Towers with Radar,239,59,15,0,313,0,6,61,1,68,239,65,76,1,381,54,0,54,435
07/25/2020,OAK,CA,AWP,WE,Towers with Radar,219,43,23,0,285,0,1,55,0,56,219,44,78,0,341,52,0,52,393
07/26/2020,OAK,CA,AWP,WE,Towers with Radar,199,55,46,0,300,0,3,69,0,72,199,58,115,0,372,12,0,12,384
07/27/2020,OAK,CA,AWP,WE,Towers with Radar,208,64,35,0,307,0,8,46,0,54,208,72,81,0,361,38,0,38,399
07/28/2020,OAK,CA,AWP,WE,Towers with Radar,250,48,28,4,330,0,6,35,1,42,250,54,63,5,372,110,4,114,486
07/29/2020,OAK,CA,AWP,WE,Towers with Radar,261,53,35,0,349,0,6,58,0,64,261,59,93,0,413,60,0,60,473
07/30/2020,OAK,CA,AWP,WE,Towers with Radar,252,45,34,2,333,0,5,56,0,61,252,50,90,2,394,156,0,156,550
07/31/2020,OAK,CA,AWP,WE,Towers with Radar,232,64,41,0,337,1,4,43,0,48,233,68,84,0,385,74,0,74,459
08/01/2020,OAK,CA,AWP,WE,Towers with Radar,209,57,36,0,302,0,3,57,0,60,209,60,93,0,362,192,0,192,554
08/02/2020,OAK,CA,AWP,WE,Towers with Radar,202,50,22,0,274,0,10,72,0,82,202,60,94,0,356,116,0,116,472
08/03/2020,OAK,CA,AWP,WE,Towers with Radar,209,44,23,0,276,0,10,63,0,73,209,54,86,0,349,44,0,44,393
08/04/2020,OAK,CA,AWP,WE,Towers with Radar,252,54,33,0,339,0,0,26,0,26,252,54,59,0,365,44,0,44,409
08/05/2020,OAK,CA,AWP,WE,Towers with Radar,263,66,34,0,363,0,2,12,0,14,263,68,46,0,377,0,0,0,377
08/06/2020,OAK,CA,AWP,WE,Towers with Radar,252,53,25,0,330,0,10,68,0,78,252,63,93,0,408,108,0,108,516
08/07/2020,OAK,CA,AWP,WE,Towers with Radar,237,62,26,0,325,0,11,58,0,69,237,73,84,0,394,100,0,100,494
08/08/2020,OAK,CA,AWP,WE,Towers with Radar,210,49,31,0,290,0,1,63,0,64,210,50,94,0,354,18,0,18,372
08/09/2020,OAK,CA,AWP,WE,Towers with Radar,204,63,33,0,300,0,5,98,0,103,204,68,131,0,403,30,0,30,433
08/10/2020,OAK,CA,AWP,WE,Towers with Radar,209,55,34,0,298,0,5,54,0,59,209,60,88,0,357,158,0,158,515
08/11/2020,OAK,CA,AWP,WE,Towers with Radar,228,47,30,0,305,0,5,38,0,43,228,52,68,0,348,126,0,126,474
08/12/2020,OAK,CA,AWP,WE,Towers with Radar,235,59,50,0,344,0,10,69,0,79,235,69,119,0,423,112,0,112,535
08/13/2020,OAK,CA,AWP,WE,Towers with Radar,224,48,30,0,302,0,9,69,3,81,224,57,99,3,383,150,0,150,533
08/14/2020,OAK,CA,AWP,WE,Towers with Radar,209,64,24,0,297,0,12,63,2,77,209,76,87,2,374,14,0,14,388
08/15/2020,OAK,CA,AWP,WE,Towers with Radar,168,50,23,0,241,0,3,76,1,80,168,53,99,1,321,212,0,212,533
08/16/2020,OAK,CA,AWP,WE,Towers with Radar,173,59,33,0,265,0,8,42,0,50,173,67,75,0,315,68,0,68,383
08/17/2020,OAK,CA,AWP,WE,Towers with Radar,185,49,31,0,265,0,7,28,1,36,185,56,59,1,301,118,0,118,419
08/18/2020,OAK,CA,AWP,WE,Towers with Radar,227,66,34,1,328,0,11,52,1,64,227,77,86,2,392,140,0,140,532
08/19/2020,OAK,CA,AWP,WE,Towers with Radar,228,61,23,0,312,0,5,20,1,26,228,66,43,1,338,40,0,40,378
08/20/2020,OAK,CA,AWP,WE,Towers with Radar,223,72,39,1,335,0,5,36,2,43,223,77,75,3,378,52,0,52,430
08/21/2020,OAK,CA,AWP,WE,Towers with Radar,214,69,16,2,301,0,4,17,0,21,214,73,33,2,322,68,0,68,390
08/22/2020,OAK,CA,AWP,WE,Towers with Radar,165,40,26,0,231,0,0,29,0,29,165,40,55,0,260,78,0,78,338
08/23/2020,OAK,CA,AWP,WE,Towers with Radar,179,71,44,0,294,0,1,12,1,14,179,72,56,1,308,0,0,0,308
08/24/2020,OAK,CA,AWP,WE,Towers with Radar,178,63,36,0,277,0,4,22,2,28,178,67,58,2,305,118,0,118,423
08/25/2020,OAK,CA,AWP,WE,Towers with Radar,224,47,28,0,299,0,4,20,0,24,224,51,48,0,323,54,0,54,377
08/26/2020,OAK,CA,AWP,WE,Towers with Radar,221,70,38,0,329,0,2,15,0,17,221,72,53,0,346,95,0,95,441
08/27/2020,OAK,CA,AWP,WE,Towers with Radar,222,65,36,0,323,0,6,42,0,48,222,71,78,0,371,158,0,158,529
08/28/2020,OAK,CA,AWP,WE,Towers with Radar,212,56,43,0,311,0,2,40,0,42,212,58,83,0,353,38,0,38,391
08/29/2020,OAK,CA,AWP,WE,Towers with Radar,157,38,23,0,218,0,0,35,0,35,157,38,58,0,253,106,0,106,359
08/30/2020,OAK,CA,AWP,WE,Towers with Radar,174,61,37,2,274,0,1,48,2,51,174,62,85,4,325,102,0,102,427
08/31/2020,OAK,CA,AWP,WE,Towers with Radar,183,47,32,1,263,0,6,24,0,30,183,53,56,1,293,66,0,66,359
09/01/2020,OAK,CA,AWP,WE,Towers with Radar,232,48,39,4,323,0,3,24,1,28,232,51,63,5,351,64,0,64,415
09/02/2020,OAK,CA,AWP,WE,Towers with Radar,227,48,39,0,314,0,7,39,0,46,227,55,78,0,360,112,0,112,472
09/03/2020,OAK,CA,AWP,WE,Towers with Radar,226,66,35,1,328,0,8,44,0,52,226,74,79,1,380,94,0,94,474
09/04/2020,OAK,CA,AWP,WE,Towers with Radar,213,58,34,1,306,0,8,66,0,74,213,66,100,1,380,66,0,66,446
09/05/2020,OAK,CA,AWP,WE,Towers with Radar,162,32,11,0,205,0,3,54,1,58,162,35,65,1,263,24,0,24,287
09/06/2020,OAK,CA,AWP,WE,Towers with Radar,173,29,16,0,218,0,3,45,0,48,173,32,61,0,266,48,0,48,314
09/07/2020,OAK,CA,AWP,WE,Towers with Radar,156,60,19,0,235,0,6,48,0,54,156,66,67,0,289,48,0,48,337
09/08/2020,OAK,CA,AWP,WE,Towers with Radar,171,50,23,0,244,0,4,20,0,24,171,54,43,0,268,84,0,84,352
09/09/2020,OAK,CA,AWP,WE,Towers with Radar,220,55,25,0,300,0,3,1,0,4,220,58,26,0,304,36,0,36,340
09/10/2020,OAK,CA,AWP,WE,Towers with Radar,207,84,42,0,333,0,0,0,0,0,207,84,42,0,333,0,0,0,333
09/11/2020,OAK,CA,AWP,WE,Towers with Radar,195,82,45,0,322,0,0,0,0,0,195,82,45,0,322,0,0,0,322
09/12/2020,OAK,CA,AWP,WE,Towers with Radar,156,48,22,0,226,0,0,0,0,0,156,48,22,0,226,0,0,0,226
09/13/2020,OAK,CA,AWP,WE,Towers with Radar,162,65,36,0,263,0,0,0,0,0,162,65,36,0,263,0,0,0,263
09/14/2020,OAK,CA,AWP,WE,Towers with Radar,162,73,36,1,272,0,1,1,0,2,162,74,37,1,274,0,0,0,274
09/15/2020,OAK,CA,AWP,WE,Towers with Radar,214,60,55,0,329,0,4,37,4,45,214,64,92,4,374,214,4,218,592
09/16/2020,OAK,CA,AWP,WE,Towers with Radar,221,72,27,0,320,0,6,50,2,58,221,78,77,2,378,128,0,128,506
09/17/2020,OAK,CA,AWP,WE,Towers with Radar,210,64,33,0,307,0,9,49,0,58,210,73,82,0,365,50,0,50,415
09/18/2020,OAK,CA,AWP,WE,Towers with Radar,205,79,30,2,316,0,10,75,0,85,205,89,105,2,401,204,0,204,605
09/19/2020,OAK,CA,AWP,WE,Towers with Radar,170,40,19,0,229,0,4,69,0,73,170,44,88,0,302,58,0,58,360
09/20/2020,OAK,CA,AWP,WE,Towers with Radar,169,65,26,0,260,0,0,69,0,69,169,65,95,0,329,66,0,66,395
09/21/2020,OAK,CA,AWP,WE,Towers with Radar,164,54,30,0,248,0,6,52,1,59,164,60,82,1,307,202,0,202,509
09/22/2020,OAK,CA,AWP,WE,Towers with Radar,218,62,33,1,314,0,10,56,0,66,218,72,89,1,380,174,0,174,554
09/23/2020,OAK,CA,AWP,WE,Towers with Radar,215,53,19,1,288,0,8,68,2,78,215,61,87,3,366,186,10,196,562
09/24/2020,OAK,CA,AWP,WE,Towers with Radar,208,63,37,0,308,0,4,66,1,71,208,67,103,1,379,72,0,72,451
09/25/2020,OAK,CA,AWP,WE,Towers with Radar,200,56,33,0,289,0,11,68,0,79,200,67,101,0,368,112,0,112,480
09/26/2020,OAK,CA,AWP,WE,Towers with Radar,168,35,18,0,221,0,7,68,0,75,168,42,86,0,296,58,0,58,354
09/27/2020,OAK,CA,AWP,WE,Towers with Radar,174,50,20,0,244,0,0,63,0,63,174,50,83,0,307,50,0,50,357
09/28/2020,OAK,CA,AWP,WE,Towers with Radar,162,64,29,0,255,0,6,40,0,46,162,70,69,0,301,136,0,136,437
09/29/2020,OAK,CA,AWP,WE,Towers with Radar,214,58,23,0,295,0,5,47,2,54,214,63,70,2,349,0,0,0,349
09/30/2020,OAK,CA,AWP,WE,Towers with Radar,216,67,25,5,313,0,5,27,0,32,216,72,52,5,345,32,0,32,377
10/01/2020,OAK,CA,AWP,WE,Towers with Radar,204,80,19,0,303,0,1,18,0,19,204,81,37,0,322,54,0,54,376
10/02/2020,OAK,CA,AWP,WE,Towers with Radar,203,67,37,4,311,0,6,12,0,18,203,73,49,4,329,20,0,20,349
10/03/2020,OAK,CA,AWP,WE,Towers with Radar,171,45,20,0,236,0,0,46,0,46,171,45,66,0,282,264,0,264,546
10/04/2020,OAK,CA,AWP,WE,Towers with Radar,171,55,24,0,250,0,5,74,0,79,171,60,98,0,329,164,0,164,493
10/05/2020,OAK,CA,AWP,WE,Towers with Radar,171,52,17,2,242,0,14,36,3,53,171,66,53,5,295,220,2,222,517
10/06/2020,OAK,CA,AWP,WE,Towers with Radar,221,68,26,0,315,0,12,60,0,72,221,80,86,0,387,99,0,99,486
10/07/2020,OAK,CA,AWP,WE,Towers with Radar,223,57,37,0,317,0,4,33,0,37,223,61,70,0,354,166,0,166,520
10/08/2020,OAK,CA,AWP,WE,Towers with Radar,219,75,34,0,328,0,2,44,0,46,219,77,78,0,374,134,0,134,508
10/09/2020,OAK,CA,AWP,WE,Towers with Radar,209,55,35,0,299,0,7,45,0,52,209,62,80,0,351,38,0,38,389
10/10/2020,OAK,CA,AWP,WE,Towers with Radar,172,37,30,0,239,0,2,45,0,47,172,39,75,0,286,354,0,354,640
10/11/2020,OAK,CA,AWP,WE,Towers with Radar,172,45,25,0,242,0,3,84,0,87,172,48,109,0,329,92,0,92,421
10/12/2020,OAK,CA,AWP,WE,Towers with Radar,167,48,29,0,244,0,12,79,0,91,167,60,108,0,335,122,0,122,457
10/13/2020,OAK,CA,AWP,WE,Towers with Radar,223,49,28,0,300,0,9,92,0,101,223,58,120,0,401,166,0,166,567
10/14/2020,OAK,CA,AWP,WE,Towers with Radar,229,67,22,0,318,0,11,80,2,93,229,78,102,2,411,6,0,6,417
10/15/2020,OAK,CA,AWP,WE,Towers with Radar,230,70,46,0,346,0,7,71,0,78,230,77,117,0,424,84,0,84,508
10/16/2020,OAK,CA,AWP,WE,Towers with Radar,207,63,39,0,309,0,9,78,0,87,207,72,117,0,396,106,0,106,502
10/17/2020,OAK,CA,AWP,WE,Towers with Radar,168,43,17,0,228,0,6,79,1,86,168,49,96,1,314,200,0,200,514
10/18/2020,OAK,CA,AWP,WE,Towers with Radar,177,65,35,0,277,0,0,80,0,80,177,65,115,0,357,4,0,4,361
10/19/2020,OAK,CA,AWP,WE,Towers with Radar,170,54,31,1,256,0,6,63,1,70,170,60,94,2,326,114,0,114,440
10/20/2020,OAK,CA,AWP,WE,Towers with Radar,217,71,19,0,307,0,14,56,0,70,217,85,75,0,377,154,0,154,531
10/21/2020,OAK,CA,AWP,WE,Towers with Radar,219,59,27,0,305,0,12,65,1,78,219,71,92,1,383,218,0,218,601
10/22/2020,OAK,CA,AWP,WE,Towers with Radar,220,52,17,0,289,0,7,56,0,63,220,59,73,0,352,176,0,176,528
10/23/2020,OAK,CA,AWP,WE,Towers with Radar,206,62,25,0,293,0,5,54,0,59,206,67,79,0,352,56,0,56,408
10/24/2020,OAK,CA,AWP,WE,Towers with Radar,170,44,21,0,235,0,3,46,1,50,170,47,67,1,285,88,0,88,373
10/25/2020,OAK,CA,AWP,WE,Towers with Radar,174,55,37,3,269,0,3,36,0,39,174,58,73,3,308,0,0,0,308
10/26/2020,OAK,CA,AWP,WE,Towers with Radar,165,50,17,2,234,0,9,26,2,37,165,59,43,4,271,0,0,0,271
10/27/2020,OAK,CA,AWP,WE,Towers with Radar,219,54,27,1,301,0,10,39,0,49,219,64,66,1,350,42,0,42,392
10/28/2020,OAK,CA,AWP,WE,Towers with Radar,218,46,27,0,291,0,6,89,0,95,218,52,116,0,386,110,0,110,496
10/29/2020,OAK,CA,AWP,WE,Towers with Radar,221,77,26,0,324,0,17,81,0,98,221,94,107,0,422,132,0,132,554
10/30/2020,OAK,CA,AWP,WE,Towers with Radar,204,68,25,0,297,0,6,74,0,80,204,74,99,0,377,46,0,46,423
10/31/2020,OAK,CA,AWP,WE,Towers with Radar,168,31,19,0,218,0,1,70,0,71,168,32,89,0,289,64,0,64,353
11/01/2020,OAK,CA,AWP,WE,Towers with Radar,177,60,39,0,276,0,8,56,1,65,177,68,95,1,341,196,0,196,537
11/02/2020,OAK,CA,AWP,WE,Towers with Radar,169,51,21,0,241,0,8,67,2,77,169,59,88,2,318,56,0,56,374
11/03/2020,OAK,CA,AWP,WE,Towers with Radar,219,42,30,2,293,0,5,62,3,70,219,47,92,5,363,24,0,24,387
11/04/2020,OAK,CA,AWP,WE,Towers with Radar,211,63,26,0,300,0,4,61,0,65,211,67,87,0,365,154,0,154,519
11/05/2020,OAK,CA,AWP,WE,Towers with Radar,245,57,38,0,340,0,19,68,1,88,245,76,106,1,428,64,0,64,492
11/06/2020,OAK,CA,AWP,WE,Towers with Radar,220,58,28,5,311,0,7,33,3,43,220,65,61,8,354,0,0,0,354
11/07/2020,OAK,CA,AWP,WE,Towers with Radar,147,33,14,0,194,0,7,62,2,71,147,40,76,2,265,60,0,60,325
11/08/2020,OAK,CA,AWP,WE,Towers with Radar,194,47,26,0,267,0,3,37,0,40,194,50,63,0,307,38,0,38,345
11/09/2020,OAK,CA,AWP,WE,Towers with Radar,186,56,25,1,268,0,5,45,0,50,186,61,70,1,318,112,0,112,430
11/10/2020,OAK,CA,AWP,WE,Towers with Radar,213,62,21,0,296,0,9,61,0,70,213,71,82,0,366,110,0,110,476
11/11/2020,OAK,CA,AWP,WE,Towers with Radar,219,51,38,1,309,0,14,54,0,68,219,65,92,1,377,68,0,68,445
11/12/2020,OAK,CA,AWP,WE,Towers with Radar,238,63,23,0,324,0,17,65,1,83,238,80,88,1,407,94,0,94,501
11/13/2020,OAK,CA,AWP,WE,Towers with Radar,223,64,25,2,314,0,4,23,2,29,223,68,48,4,343,0,0,0,343
11/14/2020,OAK,CA,AWP,WE,Towers with Radar,150,46,26,0,222,0,4,44,4,52,150,50,70,4,274,44,1,45,319
11/15/2020,OAK,CA,AWP,WE,Towers with Radar,199,54,17,0,270,0,8,79,0,87,199,62,96,0,357,130,0,130,487
11/16/2020,OAK,CA,AWP,WE,Towers with Radar,190,59,24,1,274,0,13,62,0,75,190,72,86,1,349,126,0,126,475
11/17/2020,OAK,CA,AWP,WE,Towers with Radar,228,49,38,2,317,0,3,4,0,7,228,52,42,2,324,0,0,0,324
11/18/2020,OAK,CA,AWP,WE,Towers with Radar,235,70,29,0,334,0,11,31,0,42,235,81,60,0,376,4,0,4,380
11/19/2020,OAK,CA,AWP,WE,Towers with Radar,245,55,19,1,320,0,7,48,0,55,245,62,67,1,375,85,0,85,460
11/20/2020,OAK,CA,AWP,WE,Towers with Radar,243,85,33,2,363,0,13,63,2,78,243,98,96,4,441,62,12,74,515
11/21/2020,OAK,CA,AWP,WE,Towers with Radar,185,51,56,0,292,0,3,56,0,59,185,54,112,0,351,162,0,162,513
11/22/2020,OAK,CA,AWP,WE,Towers with Radar,211,52,41,0,304,0,0,70,0,70,211,52,111,0,374,30,0,30,404
11/23/2020,OAK,CA,AWP,WE,Towers with Radar,207,55,22,1,285,0,8,66,3,77,207,63,88,4,362,66,4,70,432
11/24/2020,OAK,CA,AWP,WE,Towers with Radar,266,67,33,0,366,0,13,60,3,76,266,80,93,3,442,42,0,42,484
11/25/2020,OAK,CA,AWP,WE,Towers with Radar,276,64,25,0,365,0,7,46,0,53,276,71,71,0,418,0,0,0,418
11/26/2020,OAK,CA,AWP,WE,Towers with Radar,155,38,13,0,206,0,1,24,0,25,155,39,37,0,231,12,0,12,243
11/27/2020,OAK,CA,AWP,WE,Towers with Radar,239,37,18,0,294,0,12,62,0,74,239,49,80,0,368,4,0,4,372
11/28/2020,OAK,CA,AWP,WE,Towers with Radar,188,63,28,0,279,0,7,62,0,69,188,70,90,0,348,106,0,106,454
11/29/2020,OAK,CA,AWP,WE,Towers with Radar,215,92,48,0,355,0,4,80,0,84,215,96,128,0,439,36,0,36,475
11/30/2020,OAK,CA,AWP,WE,Towers with Radar,229,63,27,0,319,0,7,63,0,70,229,70,90,0,389,124,0,124,513
12/01/2020,OAK,CA,AWP,WE,Towers with Radar,277,73,27,1,378,0,5,48,0,53,277,78,75,1,431,62,0,62,493
12/02/2020,OAK,CA,AWP,WE,Towers with Radar,249,59,19,1,328,0,11,69,3,83,249,70,88,4,411,6,0,6,417
12/03/2020,OAK,CA,AWP,WE,Towers with Radar,237,53,21,0,311,0,9,47,2,58,237,62,68,2,369,114,44,158,527
12/04/2020,OAK,CA,AWP,WE,Towers with Radar,231,64,22,0,317,0,7,67,0,74,231,71,89,0,391,240,0,240,631
12/05/2020,OAK,CA,AWP,WE,Towers with Radar,160,35,22,0,217,0,3,72,0,75,160,38,94,0,292,174,0,174,466
12/06/2020,OAK,CA,AWP,WE,Towers with Radar,187,66,35,0,288,0,4,63,0,67,187,70,98,0,355,36,0,36,391
12/07/2020,OAK,CA,AWP,WE,Towers with Radar,188,40,18,2,248,0,9,36,0,45,188,49,54,2,293,24,0,24,317
12/08/2020,OAK,CA,AWP,WE,Towers with Radar,247,42,24,1,314,0,8,62,2,72,247,50,86,3,386,40,10,50,436
12/09/2020,OAK,CA,AWP,WE,Towers with Radar,245,45,27,0,317,0,12,51,1,64,245,57,78,1,381,46,0,46,427
12/10/2020,OAK,CA,AWP,WE,Towers with Radar,244,43,11,0,298,0,8,63,0,71,244,51,74,0,369,82,10,92,461
12/11/2020,OAK,CA,AWP,WE,Towers with Radar,241,48,21,0,310,0,5,44,0,49,241,53,65,0,359,4,0,4,363
12/12/2020,OAK,CA,AWP,WE,Towers with Radar,169,46,36,0,251,0,0,16,2,18,169,46,52,2,269,50,16,66,335
12/13/2020,OAK,CA,AWP,WE,Towers with Radar,186,52,26,0,264,0,2,0,0,2,186,54,26,0,266,44,0,44,310
12/14/2020,OAK,CA,AWP,WE,Towers with Radar,179,47,18,0,244,0,13,54,0,67,179,60,72,0,311,94,0,94,405
12/15/2020,OAK,CA,AWP,WE,Towers with Radar,263,37,29,1,330,0,14,45,1,60,263,51,74,2,390,128,0,128,518
12/16/2020,OAK,CA,AWP,WE,Towers with Radar,269,58,32,0,359,0,9,43,0,52,269,67,75,0,411,52,0,52,463
12/17/2020,OAK,CA,AWP,WE,Towers with Radar,282,65,22,0,369,0,8,38,0,46,282,73,60,0,415,140,0,140,555
12/18/2020,OAK,CA,AWP,WE,Towers with Radar,283,73,38,1,395,0,11,55,1,67,283,84,93,2,462,12,0,12,474
12/19/2020,OAK,CA,AWP,WE,Towers with Radar,238,48,56,0,342,0,2,72,0,74,238,50,128,0,416,48,32,80,496
12/20/2020,OAK,CA,AWP,WE,Towers with Radar,244,60,28,0,332,0,0,75,0,75,244,60,103,0,407,134,0,134,541
12/21/2020,OAK,CA,AWP,WE,Towers with Radar,245,69,28,4,346,0,7,49,2,58,245,76,77,6,404,70,2,72,476
12/22/2020,OAK,CA,AWP,WE,Towers with Radar,296,66,33,0,395,0,11,83,0,94,296,77,116,0,489,104,6,110,599
12/23/2020,OAK,CA,AWP,WE,Towers with Radar,308,64,42,1,415,0,12,54,1,67,308,76,96,2,482,50,0,50,532
12/24/2020,OAK,CA,AWP,WE,Towers with Radar,251,37,13,0,301,0,12,23,0,35,251,49,36,0,336,98,0,98,434
12/25/2020,OAK,CA,AWP,WE,Towers with Radar,150,29,9,0,188,0,0,1,0,1,150,29,10,0,189,0,0,0,189
12/26/2020,OAK,CA,AWP,WE,Towers with Radar,183,63,36,0,282,0,0,30,0,30,183,63,66,0,312,176,0,176,488
12/27/2020,OAK,CA,AWP,WE,Towers with Radar,210,75,33,0,318,0,3,57,0,60,210,78,90,0,378,76,0,76,454
12/28/2020,OAK,CA,AWP,WE,Towers with Radar,208,65,27,0,300,0,7,21,0,28,208,72,48,0,328,140,0,140,468
12/29/2020,OAK,CA,AWP,WE,Towers with Radar,276,65,15,0,356,0,8,80,0,88,276,73,95,0,444,24,0,24,468
12/30/2020,OAK,CA,AWP,WE,Towers with Radar,281,56,25,0,362,0,6,36,4,46,281,62,61,4,408,106,0,106,514
12/31/2020,OAK,CA,AWP,WE,Towers with Radar,241,52,17,0,310,0,12,55,0,67,241,64,72,0,377,158,0,158,535
01/01/2021,OAK,CA,AWP,WE,Towers with Radar,149,36,15,0,200,0,5,43,0,48,149,41,58,0,248,60,0,60,308
01/02/2021,OAK,CA,AWP,WE,Towers with Radar,189,50,45,0,284,0,0,3,0,3,189,50,48,0,287,24,0,24,311
01/03/2021,OAK,CA,AWP,WE,Towers with Radar,213,78,49,0,340,0,0,1,0,1,213,78,50,0,341,0,0,0,341
01/04/2021,OAK,CA,AWP,WE,Towers with Radar,209,59,18,0,286,0,6,2,0,8,209,65,20,0,294,0,0,0,294
01/05/2021,OAK,CA,AWP,WE,Towers with Radar,254,61,30,0,345,0,10,53,0,63,254,71,83,0,408,0,0,0,408
01/06/2021,OAK,CA,AWP,WE,Towers with Radar,249,59,28,0,336,0,10,38,2,50,249,69,66,2,386,185,0,185,571
01/07/2021,OAK,CA,AWP,WE,Towers with Radar,221,51,28,0,300,0,7,61,2,70,221,58,89,2,370,123,0,123,493
01/08/2021,OAK,CA,AWP,WE,Towers with Radar,203,66,36,0,305,0,6,32,0,38,203,72,68,0,343,146,0,146,489
01/09/2021,OAK,CA,AWP,WE,Towers with Radar,151,49,20,2,222,0,7,86,1,94,151,56,106,3,316,72,0,72,388
01/10/2021,OAK,CA,AWP,WE,Towers with Radar,172,53,22,2,249,0,1,38,0,39,172,54,60,2,288,204,0,204,492
01/11/2021,OAK,CA,AWP,WE,Towers with Radar,167,38,23,1,229,0,15,43,1,59,167,53,66,2,288,188,0,188,476
01/12/2021,OAK,CA,AWP,WE,Towers with Radar,218,57,16,0,291,0,14,25,0,39,218,71,41,0,330,64,0,64,394
01/13/2021,OAK,CA,AWP,WE,Towers with Radar,221,57,29,0,307,0,7,48,2,57,221,64,77,2,364,0,0,0,364
01/14/2021,OAK,CA,AWP,WE,Towers with Radar,216,80,26,0,322,0,13,77,0,90,216,93,103,0,412,186,0,186,598
01/15/2021,OAK,CA,AWP,WE,Towers with Radar,200,70,23,0,293,0,9,62,0,71,200,79,85,0,364,122,0,122,486
01/16/2021,OAK,CA,AWP,WE,Towers with Radar,155,51,21,3,230,0,16,65,6,87,155,67,86,9,317,166,0,166,483
01/17/2021,OAK,CA,AWP,WE,Towers with Radar,165,43,26,0,234,0,3,49,1,53,165,46,75,1,287,42,0,42,329
01/18/2021,OAK,CA,AWP,WE,Towers with Radar,175,54,17,0,246,0,5,33,0,38,175,59,50,0,284,14,0,14,298
01/19/2021,OAK,CA,AWP,WE,Towers with Radar,226,45,15,0,286,0,7,0,0,7,226,52,15,0,293,0,0,0,293
01/20/2021,OAK,CA,AWP,WE,Towers with Radar,217,64,9,0,290,0,9,63,1,73,217,73,72,1,363,56,0,56,419
01/21/2021,OAK,CA,AWP,WE,Towers with Radar,218,52,33,0,303,0,8,55,0,63,218,60,88,0,366,90,0,90,456
01/22/2021,OAK,CA,AWP,WE,Towers with Radar,201,57,18,0,276,0,3,7,0,10,201,60,25,0,286,90,0,90,376
01/23/2021,OAK,CA,AWP,WE,Towers with Radar,152,37,24,1,214,0,0,60,1,61,152,37,84,2,275,298,10,308,583
01/24/2021,OAK,CA,AWP,WE,Towers with Radar,175,49,32,0,256,0,0,7,0,7,175,49,39,0,263,186,0,186,449
01/25/2021,OAK,CA,AWP,WE,Towers with Radar,171,49,29,0,249,0,8,12,0,20,171,57,41,0,269,28,0,28,297
01/26/2021,OAK,CA,AWP,WE,Towers with Radar,227,51,18,2,298,0,5,12,1,18,227,56,30,3,316,14,14,28,344
01/27/2021,OAK,CA,AWP,WE,Towers with Radar,228,58,20,2,308,0,3,1,0,4,228,61,21,2,312,46,0,46,358
01/28/2021,OAK,CA,AWP,WE,Towers with Radar,216,52,36,0,304,0,3,2,0,5,216,55,38,0,309,4,0,4,313
01/29/2021,OAK,CA,AWP,WE,Towers with Radar,203,60,31,0,294,0,4,38,0,42,203,64,69,0,336,134,0,134,470
01/30/2021,OAK,CA,AWP,WE,Towers with Radar,152,34,16,0,202,0,3,71,0,74,152,37,87,0,276,122,0,122,398
01/31/2021,OAK,CA,AWP,WE,Towers with Radar,167,53,30,0,250,0,7,60,0,67,167,60,90,0,317,72,0,72,389
02/01/2021,OAK,CA,AWP,WE,Towers with Radar,169,53,27,0,249,0,7,32,0,39,169,60,59,0,288,48,0,48,336
02/02/2021,OAK,CA,AWP,WE,Towers with Radar,216,58,31,6,311,0,5,18,0,23,216,63,49,6,334,154,0,154,488
02/03/2021,OAK,CA,AWP,WE,Towers with Radar,219,58,31,0,308,0,8,60,2,70,219,66,91,2,378,84,0,84,462
02/04/2021,OAK,CA,AWP,WE,Towers with Radar,220,69,38,0,327,0,8,58,0,66,220,77,96,0,393,171,0,171,564
02/05/2021,OAK,CA,AWP,WE,Towers with Radar,215,59,25,0,299,0,8,79,3,90,215,67,104,3,389,0,0,0,389
02/06/2021,OAK,CA,AWP,WE,Towers with Radar,151,42,24,0,217,0,2,57,0,59,151,44,81,0,276,20,0,20,296
02/07/2021,OAK,CA,AWP,WE,Towers with Radar,172,44,24,0,240,0,0,48,0,48,172,44,72,0,288,0,0,0,288
02/08/2021,OAK,CA,AWP,WE,Towers with Radar,175,53,40,1,269,0,5,27,2,34,175,58,67,3,303,82,22,104,407
02/09/2021,OAK,CA,AWP,WE,Towers with Radar,220,51,19,1,291,0,7,39,0,46,220,58,58,1,337,110,0,110,447
02/10/2021,OAK,CA,AWP,WE,Towers with Radar,219,60,29,2,310,0,7,85,0,92,219,67,114,2,402,147,0,147,549
02/11/2021,OAK,CA,AWP,WE,Towers with Radar,208,76,24,0,308,0,3,30,0,33,208,79,54,0,341,162,0,162,503
02/12/2021,OAK,CA,AWP,WE,Towers with Radar,207,81,48,0,336,0,6,55,1,62,207,87,103,1,398,132,0,132,530
02/13/2021,OAK,CA,AWP,WE,Towers with Radar,147,59,28,0,234,0,0,30,0,30,147,59,58,0,264,54,0,54,318
02/14/2021,OAK,CA,AWP,WE,Towers with Radar,165,54,30,0,249,0,0,51,0,51,165,54,81,0,300,128,0,128,428
02/15/2021,OAK,CA,AWP,WE,Towers with Radar,178,55,40,0,273,0,3,13,0,16,178,58,53,0,289,0,0,0,289
02/16/2021,OAK,CA,AWP,WE,Towers with Radar,186,64,21,0,271,0,10,50,0,60,186,74,71,0,331,116,0,116,447
02/17/2021,OAK,CA,AWP,WE,Towers with Radar,210,68,24,2,304,0,10,69,0,79,210,78,93,2,383,74,0,74,457
02/18/2021,OAK,CA,AWP,WE,Towers with Radar,218,73,22,3,316,0,8,57,3,68,218,81,79,6,384,118,0,118,502
02/19/2021,OAK,CA,AWP,WE,Towers with Radar,205,61,32,5,303,0,4,12,1,17,205,65,44,6,320,0,0,0,320
02/20/2021,OAK,CA,AWP,WE,Towers with Radar,155,50,37,0,242,0,0,47,2,49,155,50,84,2,291,88,0,88,379
02/21/2021,OAK,CA,AWP,WE,Towers with Radar,183,76,44,0,303,0,0,82,0,82,183,76,126,0,385,72,0,72,457
02/22/2021,OAK,CA,AWP,WE,Towers with Radar,176,41,36,0,253,0,7,38,0,45,176,48,74,0,298,0,0,0,298
02/23/2021,OAK,CA,AWP,WE,Towers with Radar,219,43,21,1,284,0,6,43,7,56,219,49,64,8,340,0,0,0,340
02/24/2021,OAK,CA,AWP,WE,Towers with Radar,227,56,17,0,300,0,9,38,0,47,227,65,55,0,347,10,0,10,357
02/25/2021,OAK,CA,AWP,WE,Towers with Radar,222,59,30,1,312,0,8,73,0,81,222,67,103,1,393,24,0,24,417
02/26/2021,OAK,CA,AWP,WE,Towers with Radar,217,77,36,0,330,0,10,49,1,60,217,87,85,1,390,0,0,0,390
02/27/2021,OAK,CA,AWP,WE,Towers with Radar,161,34,24,0,219,0,8,51,0,59,161,42,75,0,278,136,0,136,414
02/28/2021,OAK,CA,AWP,WE,Towers with Radar,179,64,32,1,276,0,4,63,0,67,179,68,95,1,343,195,0,195,538
03/01/2021,OAK,CA,AWP,WE,Towers with Radar,180,64,18,0,262,0,11,38,0,49,180,75,56,0,311,70,0,70,381
03/02/2021,OAK,CA,AWP,WE,Towers with Radar,223,66,29,0,318,0,6,64,0,70,223,72,93,0,388,0,0,0,388
03/03/2021,OAK,CA,AWP,WE,Towers with Radar,230,59,27,1,317,0,7,58,0,65,230,66,85,1,382,0,0,0,382
03/04/2021,OAK,CA,AWP,WE,Towers with Radar,231,61,30,1,323,0,10,53,0,63,231,71,83,1,386,60,0,60,446
03/05/2021,OAK,CA,AWP,WE,Towers with Radar,217,62,23,0,302,0,13,62,0,75,217,75,85,0,377,0,0,0,377
03/06/2021,OAK,CA,AWP,WE,Towers with Radar,161,52,24,0,237,0,3,69,0,72,161,55,93,0,309,188,0,188,497
03/07/2021,OAK,CA,AWP,WE,Towers with Radar,208,74,43,0,325,0,4,78,1,83,208,78,121,1,408,115,0,115,523
03/08/2021,OAK,CA,AWP,WE,Towers with Radar,202,45,29,0,276,0,6,43,0,49,202,51,72,0,325,0,0,0,325
03/09/2021,OAK,CA,AWP,WE,Towers with Radar,232,54,28,4,318,0,6,21,0,27,232,60,49,4,345,82,0,82,427
03/10/2021,OAK,CA,AWP,WE,Towers with Radar,230,62,44,5,341,0,5,14,0,19,230,67,58,5,360,178,0,178,538
03/11/2021,OAK,CA,AWP,WE,Towers with Radar,276,58,36,1,371,0,5,35,0,40,276,63,71,1,411,292,0,292,703
03/12/2021,OAK,CA,AWP,WE,Towers with Radar,257,61,29,2,349,0,13,78,0,91,257,74,107,2,440,98,0,98,538
03/13/2021,OAK,CA,AWP,WE,Towers with Radar,170,52,38,0,260,0,3,44,2,49,170,55,82,2,309,72,0,72,381
03/14/2021,OAK,CA,AWP,WE,Towers with Radar,213,68,37,0,318,0,3,28,1,32,213,71,65,1,350,178,0,178,528
03/15/2021,OAK,CA,AWP,WE,Towers with Radar,205,60,25,3,293,0,9,19,1,29,205,69,44,4,322,56,8,64,386
03/16/2021,OAK,CA,AWP,WE,Towers with Radar,260,63,25,0,348,0,13,52,0,65,260,76,77,0,413,108,0,108,521
03/17/2021,OAK,CA,AWP,WE,Towers with Radar,263,66,29,1,359,0,9,46,0,55,263,75,75,1,414,80,0,80,494
03/18/2021,OAK,CA,AWP,WE,Towers with Radar,277,62,38,0,377,0,4,11,1,16,277,66,49,1,393,24,0,24,417
03/19/2021,OAK,CA,AWP,WE,Towers with Radar,256,67,23,0,346,0,7,26,0,33,256,74,49,0,379,94,0,94,473
03/20/2021,OAK,CA,AWP,WE,Towers with Radar,185,48,37,0,270,0,9,68,0,77,185,57,105,0,347,136,0,136,483
03/21/2021,OAK,CA,AWP,WE,Towers with Radar,222,55,34,1,312,0,4,70,1,75,222,59,104,2,387,63,0,63,450
03/22/2021,OAK,CA,AWP,WE,Towers with Radar,221,51,19,1,292,0,7,41,1,49,221,58,60,2,341,54,0,54,395
03/23/2021,OAK,CA,AWP,WE,Towers with Radar,271,43,35,0,349,0,15,23,0,38,271,58,58,0,387,52,0,52,439
03/24/2021,OAK,CA,AWP,WE,Towers with Radar,271,75,29,5,380,0,9,72,5,86,271,84,101,10,466,234,0,234,700
03/25/2021,OAK,CA,AWP,WE,Towers with Radar,274,70,27,2,373,0,7,47,0,54,274,77,74,2,427,12,0,12,439
03/26/2021,OAK,CA,AWP,WE,Towers with Radar,258,67,27,0,352,0,8,77,1,86,258,75,104,1,438,38,0,38,476
03/27/2021,OAK,CA,AWP,WE,Towers with Radar,188,55,36,0,279,0,4,90,0,94,188,59,126,0,373,124,0,124,497
03/28/2021,OAK,CA,AWP,WE,Towers with Radar,230,49,35,2,316,0,0,85,0,85,230,49,120,2,401,34,0,34,435
03/29/2021,OAK,CA,AWP,WE,Towers with Radar,213,64,19,0,296,0,14,45,0,59,213,78,64,0,355,86,0,86,441
03/30/2021,OAK,CA,AWP,WE,Towers with Radar,272,57,23,0,352,0,12,45,0,57,272,69,68,0,409,84,0,84,493
03/31/2021,OAK,CA,AWP,WE,Towers with Radar,261,70,30,0,361,0,15,54,0,69,261,85,84,0,430,58,0,58,488
04/01/2021,OAK,CA,AWP,WE,Towers with Radar,270,71,35,1,377,0,12,54,3,69,270,83,89,4,446,50,2,52,498
04/02/2021,OAK,CA,AWP,WE,Towers with Radar,270,113,50,3,436,0,11,58,1,70,270,124,108,4,506,96,0,96,602
04/03/2021,OAK,CA,AWP,WE,Towers with Radar,185,62,45,0,292,0,5,44,0,49,185,67,89,0,341,72,0,72,413
04/04/2021,OAK,CA,AWP,WE,Towers with Radar,235,61,41,1,338,0,5,51,1,57,235,66,92,2,395,0,0,0,395
04/05/2021,OAK,CA,AWP,WE,Towers with Radar,225,57,31,3,316,0,5,21,0,26,225,62,52,3,342,14,0,14,356
04/06/2021,OAK,CA,AWP,WE,Towers with Radar,268,57,33,2,360,0,10,50,0,60,268,67,83,2,420,138,0,138,558
04/07/2021,OAK,CA,AWP,WE,Towers with Radar,269,56,41,2,368,0,5,63,0,68,269,61,104,2,436,30,0,30,466
04/08/2021,OAK,CA,AWP,WE,Towers with Radar,274,50,37,0,361,0,9,81,1,91,274,59,118,1,452,154,0,154,606
04/09/2021,OAK,CA,AWP,WE,Towers with Radar,265,84,35,0,384,0,4,64,0,68,265,88,99,0,452,0,0,0,452
04/10/2021,OAK,CA,AWP,WE,Towers with Radar,191,80,32,0,303,0,2,54,0,56,191,82,86,0,359,140,0,140,499
04/11/2021,OAK,CA,AWP,WE,Towers with Radar,236,65,45,0,346,0,6,82,0,88,236,71,127,0,434,200,0,200,634
04/12/2021,OAK,CA,AWP,WE,Towers with Radar,203,54,48,2,307,0,8,60,0,68,203,62,108,2,375,116,0,116,491
04/13/2021,OAK,CA,AWP,WE,Towers with Radar,242,62,45,0,349,0,4,34,0,38,242,66,79,0,387,158,0,158,545
04/14/2021,OAK,CA,AWP,WE,Towers with Radar,238,71,23,1,333,0,10,66,5,81,238,81,89,6,414,68,0,68,482
04/15/2021,OAK,CA,AWP,WE,Towers with Radar,257,56,37,0,350,0,10,45,2,57,257,66,82,2,407,98,0,98,505
04/16/2021,OAK,CA,AWP,WE,Towers with Radar,242,84,33,3,362,0,6,62,0,68,242,90,95,3,430,195,0,195,625
04/17/2021,OAK,CA,AWP,WE,Towers with Radar,191,45,31,1,268,0,0,52,0,52,191,45,83,1,320,18,0,18,338
04/18/2021,OAK,CA,AWP,WE,Towers with Radar,219,60,36,0,315,0,6,51,0,57,219,66,87,0,372,32,0,32,404
04/19/2021,OAK,CA,AWP,WE,Towers with Radar,208,76,39,0,323,0,13,41,0,54,208,89,80,0,377,52,0,52,429
04/20/2021,OAK,CA,AWP,WE,Towers with Radar,244,54,33,0,331,0,8,29,2,39,244,62,62,2,370,0,0,0,370
04/21/2021,OAK,CA,AWP,WE,Towers with Radar,246,72,32,0,350,0,6,34,0,40,246,78,66,0,390,22,0,22,412
04/22/2021,OAK,CA,AWP,WE,Towers with Radar,255,82,65,0,402,0,3,25,0,28,255,85,90,0,430,158,0,158,588
04/23/2021,OAK,CA,AWP,WE,Towers with Radar,247,75,42,0,364,0,7,47,2,56,247,82,89,2,420,122,16,138,558
04/24/2021,OAK,CA,AWP,WE,Towers with Radar,195,39,17,0,251,0,0,64,0,64,195,39,81,0,315,150,0,150,465
04/25/2021,OAK,CA,AWP,WE,Towers with Radar,218,69,26,0,313,0,6,21,0,27,218,75,47,0,340,76,0,76,416
04/26/2021,OAK,CA,AWP,WE,Towers with Radar,206,58,32,0,296,0,7,43,0,50,206,65,75,0,346,122,0,122,468
04/27/2021,OAK,CA,AWP,WE,Towers with Radar,241,55,35,0,331,0,9,89,2,100,241,64,124,2,431,136,14,150,581
04/28/2021,OAK,CA,AWP,WE,Towers with Radar,244,60,35,2,341,0,9,70,5,84,244,69,105,7,425,200,0,200,625
04/29/2021,OAK,CA,AWP,WE,Towers with Radar,263,74,32,0,369,0,11,74,0,85,263,85,106,0,454,130,0,130,584
04/30/2021,OAK,CA,AWP,WE,Towers with Radar,243,76,40,0,359,0,8,40,0,48,243,84,80,0,407,122,0,122,529
05/01/2021,OAK,CA,AWP,WE,Towers with Radar,193,42,32,0,267,0,2,12,0,14,193,44,44,0,281,0,0,0,281
05/02/2021,OAK,CA,AWP,WE,Towers with Radar,222,65,27,2,316,0,3,67,0,70,222,68,94,2,386,97,0,97,483
05/03/2021,OAK,CA,AWP,WE,Towers with Radar,205,50,32,0,287,0,9,58,0,67,205,59,90,0,354,100,0,100,454
05/04/2021,OAK,CA,AWP,WE,Towers with Radar,243,62,20,1,326,0,15,46,2,63,243,77,66,3,389,78,0,78,467
05/05/2021,OAK,CA,AWP,WE,Towers with Radar,252,56,45,0,353,0,4,49,0,53,252,60,94,0,406,108,0,108,514
05/06/2021,OAK,CA,AWP,WE,Towers with Radar,272,78,46,0,396,0,5,55,0,60,272,83,101,0,456,25,1,26,482
05/07/2021,OAK,CA,AWP,WE,Towers with Radar,253,76,37,0,366,0,10,58,0,68,253,86,95,0,434,18,0,18,452
05/08/2021,OAK,CA,AWP,WE,Towers with Radar,198,43,24,0,265,0,2,63,0,65,198,45,87,0,330,90,0,90,420
05/09/2021,OAK,CA,AWP,WE,Towers with Radar,254,65,19,0,338,0,0,65,0,65,254,65,84,0,403,44,0,44,447
05/10/2021,OAK,CA,AWP,WE,Towers with Radar,241,58,29,0,328,0,8,64,2,74,241,66,93,2,402,186,0,186,588
05/11/2021,OAK,CA,AWP,WE,Towers with Radar,261,67,39,0,367,0,13,62,0,75,261,80,101,0,442,100,0,100,542
05/12/2021,OAK,CA,AWP,WE,Towers with Radar,262,89,45,3,399,0,11,51,1,63,262,100,96,4,462,108,0,108,570
05/13/2021,OAK,CA,AWP,WE,Towers with Radar,296,80,45,2,423,0,7,46,0,53,296,87,91,2,476,88,0,88,564
05/14/2021,OAK,CA,AWP,WE,Towers with Radar,273,83,42,0,398,0,0,14,0,14,273,83,56,0,412,4,0,4,416
05/15/2021,OAK,CA,AWP,WE,Towers with Radar,197,47,27,0,271,0,1,33,0,34,197,48,60,0,305,44,0,44,349
05/16/2021,OAK,CA,AWP,WE,Towers with Radar,238,76,47,0,361,0,2,39,0,41,238,78,86,0,402,128,0,128,530
05/17/2021,OAK,CA,AWP,WE,Towers with Radar,243,77,37,0,357,0,2,23,0,25,243,79,60,0,382,88,0,88,470
05/18/2021,OAK,CA,AWP,WE,Towers with Radar,258,69,26,0,353,0,8,59,1,68,258,77,85,1,421,90,0,90,511
05/19/2021,OAK,CA,AWP,WE,Towers with Radar,260,79,43,0,382,0,9,24,2,35,260,88,67,2,417,60,0,60,477
05/20/2021,OAK,CA,AWP,WE,Towers with Radar,293,92,32,0,417,0,11,70,0,81,293,103,102,0,498,68,0,68,566
05/21/2021,OAK,CA,AWP,WE,Towers with Radar,274,105,31,1,411,0,8,72,3,83,274,113,103,4,494,160,0,160,654
05/22/2021,OAK,CA,AWP,WE,Towers with Radar,193,48,23,0,264,0,6,74,1,81,193,54,97,1,345,122,0,122,467
05/23/2021,OAK,CA,AWP,WE,Towers with Radar,242,62,37,0,341,0,5,82,0,87,242,67,119,0,428,93,0,93,521
05/24/2021,OAK,CA,AWP,WE,Towers with Radar,238,71,36,0,345,0,15,43,0,58,238,86,79,0,403,138,0,138,541
05/25/2021,OAK,CA,AWP,WE,Towers with Radar,260,65,43,0,368,0,5,50,0,55,260,70,93,0,423,36,0,36,459
05/26/2021,OAK,CA,AWP,WE,Towers with Radar,260,66,44,0,370,0,11,78,0,89,260,77,122,0,459,64,0,64,523
05/27/2021,OAK,CA,AWP,WE,Towers with Radar,294,96,38,0,428,0,10,65,0,75,294,106,103,0,503,114,0,114,617
05/28/2021,OAK,CA,AWP,WE,Towers with Radar,271,90,47,0,408,0,7,73,0,80,271,97,120,0,488,173,0,173,661
05/29/2021,OAK,CA,AWP,WE,Towers with Radar,198,48,35,0,281,0,1,31,0,32,198,49,66,0,313,0,0,0,313
05/30/2021,OAK,CA,AWP,WE,Towers with Radar,246,58,19,0,323,0,3,75,0,78,246,61,94,0,401,8,0,8,409
05/31/2021,OAK,CA,AWP,WE,Towers with Radar,223,92,54,0,369,0,3,89,0,92,223,95,143,0,461,106,0,106,567
06/01/2021,OAK,CA,AWP,WE,Towers with Radar,239,59,45,0,343,0,9,61,4,74,239,68,106,4,417,98,0,98,515
06/02/2021,OAK,CA,AWP,WE,Towers with Radar,295,79,36,0,410,0,8,43,0,51,295,87,79,0,461,118,0,118,579
06/03/2021,OAK,CA,AWP,WE,Towers with Radar,302,82,46,4,434,0,13,59,0,72,302,95,105,4,506,126,6,132,638
06/04/2021,OAK,CA,AWP,WE,Towers with Radar,276,71,34,2,383,0,4,54,0,58,276,75,88,2,441,40,0,40,481
06/05/2021,OAK,CA,AWP,WE,Towers with Radar,202,50,27,0,279,0,9,80,0,89,202,59,107,0,368,72,0,72,440
06/06/2021,OAK,CA,AWP,WE,Towers with Radar,244,78,46,0,368,0,5,78,0,83,244,83,124,0,451,36,0,36,487
06/07/2021,OAK,CA,AWP,WE,Towers with Radar,250,79,31,0,360,0,6,27,0,33,250,85,58,0,393,50,0,50,443
06/08/2021,OAK,CA,AWP,WE,Towers with Radar,305,68,25,0,398,0,6,64,0,70,305,74,89,0,468,32,0,32,500
06/09/2021,OAK,CA,AWP,WE,Towers with Radar,298,77,27,0,402,0,8,50,0,58,298,85,77,0,460,14,0,14,474
06/10/2021,OAK,CA,AWP,WE,Towers with Radar,311,101,30,0,442,0,15,63,1,79,311,116,93,1,521,84,0,84,605
06/11/2021,OAK,CA,AWP,WE,Towers with Radar,287,85,33,0,405,0,9,84,2,95,287,94,117,2,500,80,0,80,580
06/12/2021,OAK,CA,AWP,WE,Towers with Radar,212,65,32,1,310,0,5,68,0,73,212,70,100,1,383,86,0,86,469
06/13/2021,OAK,CA,AWP,WE,Towers with Radar,236,82,38,1,357,0,8,66,0,74,236,90,104,1,431,0,0,0,431
06/14/2021,OAK,CA,AWP,WE,Towers with Radar,244,79,32,0,355,0,7,52,0,59,244,86,84,0,414,62,0,62,476
06/15/2021,OAK,CA,AWP,WE,Towers with Radar,283,74,44,1,402,0,6,74,0,80,283,80,118,1,482,74,0,74,556
06/16/2021,OAK,CA,AWP,WE,Towers with Radar,291,77,46,1,415,0,14,65,1,80,291,91,111,2,495,64,0,64,559
06/17/2021,OAK,CA,AWP,WE,Towers with Radar,302,81,45,0,428,0,12,75,1,88,302,93,120,1,516,232,0,232,748
06/18/2021,OAK,CA,AWP,WE,Towers with Radar,286,90,41,2,419,0,7,78,0,85,286,97,119,2,504,179,0,179,683
06/19/2021,OAK,CA,AWP,WE,Towers with Radar,213,55,33,0,301,0,1,82,0,83,213,56,115,0,384,124,0,124,508
06/20/2021,OAK,CA,AWP,WE,Towers with Radar,239,79,45,1,364,0,6,59,0,65,239,85,104,1,429,154,0,154,583
06/21/2021,OAK,CA,AWP,WE,Towers with Radar,253,82,33,0,368,0,7,64,0,71,253,89,97,0,439,178,0,178,617
06/22/2021,OAK,CA,AWP,WE,Towers with Radar,309,65,35,0,409,0,11,57,0,68,309,76,92,0,477,114,0,114,591
06/23/2021,OAK,CA,AWP,WE,Towers with Radar,307,70,39,0,416,0,10,56,5,71,307,80,95,5,487,196,0,196,683
06/24/2021,OAK,CA,AWP,WE,Towers with Radar,307,75,57,0,439,0,15,57,0,72,307,90,114,0,511,208,0,208,719
06/25/2021,OAK,CA,AWP,WE,Towers with Radar,275,95,47,0,417,0,10,46,0,56,275,105,93,0,473,78,0,78,551
06/26/2021,OAK,CA,AWP,WE,Towers with Radar,221,60,28,0,309,0,2,72,0,74,221,62,100,0,383,156,0,156,539
06/27/2021,OAK,CA,AWP,WE,Towers with Radar,237,82,64,0,383,0,0,31,0,31,237,82,95,0,414,48,0,48,462
06/28/2021,OAK,CA,AWP,WE,Towers with Radar,256,76,47,0,379,0,5,26,0,31,256,81,73,0,410,30,0,30,440
06/29/2021,OAK,CA,AWP,WE,Towers with Radar,301,85,50,1,437,0,4,42,1,47,301,89,92,2,484,20,0,20,504
06/30/2021,OAK,CA,AWP,WE,Towers with Radar,301,91,44,1,437,0,1,35,0,36,301,92,79,1,473,80,0,80,553
07/01/2021,OAK,CA,AWP,WE,Towers with Radar,308,93,49,0,450,0,5,50,0,55,308,98,99,0,505,92,0,92,597
07/02/2021,OAK,CA,AWP,WE,Towers with Radar,294,73,57,0,424,0,7,54,2,63,294,80,111,2,487,70,0,70,557
07/03/2021,OAK,CA,AWP,WE,Towers with Radar,213,52,29,0,294,0,1,55,0,56,213,53,84,0,350,58,0,58,408
07/04/2021,OAK,CA,AWP,WE,Towers with Radar,238,52,14,0,304,0,2,37,0,39,238,54,51,0,343,10,0,10,353
07/05/2021,OAK,CA,AWP,WE,Towers with Radar,233,84,47,0,364,0,5,62,0,67,233,89,109,0,431,74,0,74,505
07/06/2021,OAK,CA,AWP,WE,Towers with Radar,258,81,38,0,377,0,6,24,0,30,258,87,62,0,407,84,0,84,491
07/07/2021,OAK,CA,AWP,WE,Towers with Radar,301,80,54,0,435,0,8,26,2,36,301,88,80,2,471,48,0,48,519
07/08/2021,OAK,CA,AWP,WE,Towers with Radar,312,88,39,0,439,0,14,46,0,60,312,102,85,0,499,123,0,123,622
07/09/2021,OAK,CA,AWP,WE,Towers with Radar,293,79,39,0,411,0,13,69,0,82,293,92,108,0,493,166,0,166,659
07/10/2021,OAK,CA,AWP,WE,Towers with Radar,220,62,27,0,309,0,5,64,0,69,220,67,91,0,378,132,0,132,510
07/11/2021,OAK,CA,AWP,WE,Towers with Radar,237,80,35,0,352,0,2,41,0,43,237,82,76,0,395,48,0,48,443
07/12/2021,OAK,CA,AWP,WE,Towers with Radar,254,82,32,1,369,0,3,32,0,35,254,85,64,1,404,46,26,72,476
07/13/2021,OAK,CA,AWP,WE,Towers with Radar,302,68,29,4,403,0,5,36,0,41,302,73,65,4,444,136,0,136,580
07/14/2021,OAK,CA,AWP,WE,Towers with Radar,296,68,38,0,402,0,7,45,1,53,296,75,83,1,455,130,20,150,605
07/15/2021,OAK,CA,AWP,WE,Towers with Radar,315,76,29,0,420,0,3,54,2,59,315,79,83,2,479,56,0,56,535
07/16/2021,OAK,CA,AWP,WE,Towers with Radar,291,89,35,0,415,0,5,42,0,47,291,94,77,0,462,62,0,62,524
07/17/2021,OAK,CA,AWP,WE,Towers with Radar,215,54,25,0,294,0,5,83,0,88,215,59,108,0,382,8,0,8,390
07/18/2021,OAK,CA,AWP,WE,Towers with Radar,242,83,29,0,354,0,4,71,0,75,242,87,100,0,429,64,0,64,493
07/19/2021,OAK,CA,AWP,WE,Towers with Radar,257,79,18,0,354,0,5,60,0,65,257,84,78,0,419,88,0,88,507
07/20/2021,OAK,CA,AWP,WE,Towers with Radar,308,73,32,0,413,0,12,37,1,50,308,85,69,1,463,22,0,22,485
07/21/2021,OAK,CA,AWP,WE,Towers with Radar,302,57,26,0,385,0,9,58,0,67,302,66,84,0,452,78,0,78,530
07/22/2021,OAK,CA,AWP,WE,Towers with Radar,310,78,34,0,422,0,11,85,0,96,310,89,119,0,518,172,0,172,690
07/23/2021,OAK,CA,AWP,WE,Towers with Radar,291,83,50,2,426,0,10,94,0,104,291,93,144,2,530,114,0,114,644
07/24/2021,OAK,CA,AWP,WE,Towers with Radar,214,38,29,0,281,0,4,46,0,50,214,42,75,0,331,110,0,110,441
07/25/2021,OAK,CA,AWP,WE,Towers with Radar,238,75,32,2,347,0,8,69,0,77,238,83,101,2,424,180,0,180,604
07/26/2021,OAK,CA,AWP,WE,Towers with Radar,256,77,47,0,380,0,9,48,0,57,256,86,95,0,437,78,0,78,515
07/27/2021,OAK,CA,AWP,WE,Towers with Radar,308,69,31,4,412,0,11,54,0,65,308,80,85,4,477,142,0,142,619
07/28/2021,OAK,CA,AWP,WE,Towers with Radar,304,59,44,0,407,0,10,73,0,83,304,69,117,0,490,158,0,158,648
07/29/2021,OAK,CA,AWP,WE,Towers with Radar,305,86,40,2,433,0,8,55,0,63,305,94,95,2,496,138,2,140,636
07/30/2021,OAK,CA,AWP,WE,Towers with Radar,295,70,31,0,396,0,4,52,3,59,295,74,83,3,455,226,0,226,681
07/31/2021,OAK,CA,AWP,WE,Towers with Radar,223,51,30,0,304,0,3,44,0,47,223,54,74,0,351,113,0,113,464
08/01/2021,OAK,CA,AWP,WE,Towers with Radar,243,81,27,0,351,0,2,54,0,56,243,83,81,0,407,95,0,95,502
08/02/2021,OAK,CA,AWP,WE,Towers with Radar,254,87,30,0,371,0,5,49,0,54,254,92,79,0,425,60,0,60,485
08/03/2021,OAK,CA,AWP,WE,Towers with Radar,299,66,31,2,398,0,4,38,0,42,299,70,69,2,440,72,0,72,512
08/04/2021,OAK,CA,AWP,WE,Towers with Radar,301,70,39,0,410,0,4,41,0,45,301,74,80,0,455,26,0,26,481
08/05/2021,OAK,CA,AWP,WE,Towers with Radar,308,78,67,0,453,0,7,39,0,46,308,85,106,0,499,154,0,154,653
08/06/2021,OAK,CA,AWP,WE,Towers with Radar,281,81,45,0,407,0,6,71,0,77,281,87,116,0,484,252,0,252,736
08/07/2021,OAK,CA,AWP,WE,Towers with Radar,230,45,29,1,305,0,2,61,0,63,230,47,90,1,368,38,0,38,406
08/08/2021,OAK,CA,AWP,WE,Towers with Radar,248,83,57,0,388,0,2,64,0,66,248,85,121,0,454,80,0,80,534
08/09/2021,OAK,CA,AWP,WE,Towers with Radar,258,68,34,0,360,0,12,42,0,54,258,80,76,0,414,106,0,106,520
08/10/2021,OAK,CA,AWP,WE,Towers with Radar,300,71,45,0,416,0,6,59,1,66,300,77,104,1,482,130,0,130,612
08/11/2021,OAK,CA,AWP,WE,Towers with Radar,308,60,36,0,404,0,5,76,0,81,308,65,112,0,485,110,0,110,595
08/12/2021,OAK,CA,AWP,WE,Towers with Radar,313,77,29,0,419,0,9,67,0,76,313,86,96,0,495,176,0,176,671
08/13/2021,OAK,CA,AWP,WE,Towers with Radar,289,94,44,0,427,0,9,59,2,70,289,103,103,2,497,50,0,50,547
08/14/2021,OAK,CA,AWP,WE,Towers with Radar,226,60,40,0,326,0,2,65,0,67,226,62,105,0,393,270,0,270,663
08/15/2021,OAK,CA,AWP,WE,Towers with Radar,243,85,48,0,376,0,5,48,1,54,243,90,96,1,430,108,0,108,538
08/16/2021,OAK,CA,AWP,WE,Towers with Radar,253,74,31,0,358,0,9,40,1,50,253,83,71,1,408,82,0,82,490
08/17/2021,OAK,CA,AWP,WE,Towers with Radar,305,67,38,0,410,0,8,48,0,56,305,75,86,0,466,110,0,110,576
08/18/2021,OAK,CA,AWP,WE,Towers with Radar,300,68,35,0,403,0,9,29,0,38,300,77,64,0,441,188,0,188,629
08/19/2021,OAK,CA,AWP,WE,Towers with Radar,309,72,40,0,421,0,4,38,1,43,309,76,78,1,464,198,0,198,662
08/20/2021,OAK,CA,AWP,WE,Towers with Radar,280,78,45,0,403,0,2,42,0,44,280,80,87,0,447,108,0,108,555
08/21/2021,OAK,CA,AWP,WE,Towers with Radar,223,60,36,0,319,0,6,33,0,39,223,66,69,0,358,10,0,10,368
08/22/2021,OAK,CA,AWP,WE,Towers with Radar,247,85,38,0,370,0,6,75,0,81,247,91,113,0,451,76,0,76,527
08/23/2021,OAK,CA,AWP,WE,Towers with Radar,257,69,30,0,356,0,6,44,1,51,257,75,74,1,407,112,0,112,519
08/24/2021,OAK,CA,AWP,WE,Towers with Radar,306,78,32,0,416,0,9,45,0,54,306,87,77,0,470,32,0,32,502
08/25/2021,OAK,CA,AWP,WE,Towers with Radar,298,89,44,0,431,0,9,69,0,78,298,98,113,0,509,44,0,44,553
08/26/2021,OAK,CA,AWP,WE,Towers with Radar,314,96,46,2,458,0,5,74,0,79,314,101,120,2,537,182,0,182,719
08/27/2021,OAK,CA,AWP,WE,Towers with Radar,292,74,29,0,395,0,12,33,0,45,292,86,62,0,440,222,0,222,662
08/28/2021,OAK,CA,AWP,WE,Towers with Radar,225,51,23,2,301,0,8,41,1,50,225,59,64,3,351,78,0,78,429
08/29/2021,OAK,CA,AWP,WE,Towers with Radar,246,68,52,0,366,0,2,65,0,67,246,70,117,0,433,0,0,0,433
08/30/2021,OAK,CA,AWP,WE,Towers with Radar,265,71,41,0,377,0,15,37,0,52,265,86,78,0,429,168,0,168,597
08/31/2021,OAK,CA,AWP,WE,Towers with Radar,305,74,36,0,415,0,5,50,0,55,305,79,86,0,470,104,0,104,574
09/01/2021,OAK,CA,AWP,WE,Towers with Radar,304,70,57,2,433,0,16,49,4,69,304,86,106,6,502,194,4,198,700
09/02/2021,OAK,CA,AWP,WE,Towers with Radar,318,83,48,0,449,0,10,45,2,57,318,93,93,2,506,82,4,86,592
09/03/2021,OAK,CA,AWP,WE,Towers with Radar,295,68,45,0,408,0,13,43,2,58,295,81,88,2,466,110,0,110,576
09/04/2021,OAK,CA,AWP,WE,Towers with Radar,226,38,26,2,292,0,3,59,0,62,226,41,85,2,354,126,0,126,480
09/05/2021,OAK,CA,AWP,WE,Towers with Radar,237,61,32,1,331,0,3,53,0,56,237,64,85,1,387,100,0,100,487
09/06/2021,OAK,CA,AWP,WE,Towers with Radar,247,75,28,0,350,0,4,70,0,74,247,79,98,0,424,160,0,160,584
09/07/2021,OAK,CA,AWP,WE,Towers with Radar,270,70,28,1,369,0,6,54,0,60,270,76,82,1,429,10,0,10,439
09/08/2021,OAK,CA,AWP,WE,Towers with Radar,312,66,26,4,408,0,11,34,0,45,312,77,60,4,453,6,0,6,459
09/09/2021,OAK,CA,AWP,WE,Towers with Radar,321,76,39,2,438,0,12,46,1,59,321,88,85,3,497,40,0,40,537
09/10/2021,OAK,CA,AWP,WE,Towers with Radar,305,87,33,0,425,0,9,37,2,48,305,96,70,2,473,24,0,24,497
09/11/2021,OAK,CA,AWP,WE,Towers with Radar,238,59,31,0,328,0,3,69,0,72,238,62,100,0,400,70,0,70,470
09/12/2021,OAK,CA,AWP,WE,Towers with Radar,270,55,36,0,361,0,8,68,0,76,270,63,104,0,437,68,0,68,505
09/13/2021,OAK,CA,AWP,WE,Towers with Radar,265,69,28,0,362,0,11,60,0,71,265,80,88,0,433,104,0,104,537
09/14/2021,OAK,CA,AWP,WE,Towers with Radar,302,71,42,0,415,0,13,47,0,60,302,84,89,0,475,50,0,50,525
09/15/2021,OAK,CA,AWP,WE,Towers with Radar,308,78,36,0,422,0,4,38,3,45,308,82,74,3,467,114,0,114,581
09/16/2021,OAK,CA,AWP,WE,Towers with Radar,326,92,43,0,461,0,6,56,0,62,326,98,99,0,523,114,0,114,637
09/17/2021,OAK,CA,AWP,WE,Towers with Radar,303,75,43,0,421,0,11,63,2,76,303,86,106,2,497,162,0,162,659
09/18/2021,OAK,CA,AWP,WE,Towers with Radar,235,41,39,0,315,0,1,35,0,36,235,42,74,0,351,52,0,52,403
09/19/2021,OAK,CA,AWP,WE,Towers with Radar,268,75,32,0,375,0,6,65,0,71,268,81,97,0,446,62,0,62,508
09/20/2021,OAK,CA,AWP,WE,Towers with Radar,269,70,33,2,374,0,11,43,0,54,269,81,76,2,428,112,0,112,540
09/21/2021,OAK,CA,AWP,WE,Towers with Radar,307,72,35,0,414,0,8,59,0,67,307,80,94,0,481,104,0,104,585
09/22/2021,OAK,CA,AWP,WE,Towers with Radar,307,71,33,4,415,0,7,64,3,74,307,78,97,7,489,74,0,74,563
09/23/2021,OAK,CA,AWP,WE,Towers with Radar,328,77,42,0,447,0,7,44,1,52,328,84,86,1,499,18,0,18,517
09/24/2021,OAK,CA,AWP,WE,Towers with Radar,306,83,31,0,420,0,12,59,1,72,306,95,90,1,492,80,0,80,572
09/25/2021,OAK,CA,AWP,WE,Towers with Radar,235,46,37,0,318,0,6,46,0,52,235,52,83,0,370,6,0,6,376
09/26/2021,OAK,CA,AWP,WE,Towers with Radar,282,78,44,0,404,0,1,46,0,47,282,79,90,0,451,34,0,34,485
09/27/2021,OAK,CA,AWP,WE,Towers with Radar,276,74,41,5,396,0,2,22,0,24,276,76,63,5,420,48,0,48,468
09/28/2021,OAK,CA,AWP,WE,Towers with Radar,303,68,46,1,418,0,6,48,0,54,303,74,94,1,472,136,0,136,608
09/29/2021,OAK,CA,AWP,WE,Towers with Radar,304,72,39,0,415,0,12,72,1,85,304,84,111,1,500,166,0,166,666
09/30/2021,OAK,CA,AWP,WE,Towers with Radar,331,75,46,0,452,0,9,82,0,91,331,84,128,0,543,232,0,232,775
10/01/2021,OAK,CA,AWP,WE,Towers with Radar,309,86,51,0,446,0,13,69,0,82,309,99,120,0,528,264,0,264,792
10/02/2021,OAK,CA,AWP,WE,Towers with Radar,233,50,27,0,310,0,6,70,0,76,233,56,97,0,386,164,0,164,550
10/03/2021,OAK,CA,AWP,WE,Towers with Radar,275,95,52,5,427,0,6,61,1,68,275,101,113,6,495,74,0,74,569
10/04/2021,OAK,CA,AWP,WE,Towers with Radar,275,58,34,3,370,0,9,51,1,61,275,67,85,4,431,88,0,88,519
10/05/2021,OAK,CA,AWP,WE,Towers with Radar,309,67,43,2,421,0,6,52,0,58,309,73,95,2,479,116,0,116,595
10/06/2021,OAK,CA,AWP,WE,Towers with Radar,301,77,44,5,427,0,10,63,0,73,301,87,107,5,500,140,0,140,640
10/07/2021,OAK,CA,AWP,WE,Towers with Radar,326,86,34,2,448,0,13,60,10,83,326,99,94,12,531,68,0,68,599
10/08/2021,OAK,CA,AWP,WE,Towers with Radar,307,80,49,4,440,0,9,61,15,85,307,89,110,19,525,34,0,34,559
10/09/2021,OAK,CA,AWP,WE,Towers with Radar,197,52,46,0,295,0,6,83,8,97,197,58,129,8,392,46,0,46,438
10/10/2021,OAK,CA,AWP,WE,Towers with Radar,224,78,54,0,356,0,0,81,12,93,224,78,135,12,449,48,0,48,497
10/11/2021,OAK,CA,AWP,WE,Towers with Radar,243,67,36,5,351,0,8,12,0,20,243,75,48,5,371,22,0,22,393
10/12/2021,OAK,CA,AWP,WE,Towers with Radar,296,68,40,4,408,0,8,36,0,44,296,76,76,4,452,32,0,32,484
10/13/2021,OAK,CA,AWP,WE,Towers with Radar,302,52,48,0,402,0,10,61,0,71,302,62,109,0,473,44,0,44,517
10/14/2021,OAK,CA,AWP,WE,Towers with Radar,322,85,59,0,466,0,18,77,0,95,322,103,136,0,561,84,0,84,645
10/15/2021,OAK,CA,AWP,WE,Towers with Radar,305,79,53,2,439,0,5,86,0,91,305,84,139,2,530,66,0,66,596
10/16/2021,OAK,CA,AWP,WE,Towers with Radar,236,52,29,0,317,0,6,82,0,88,236,58,111,0,405,218,0,218,623
10/17/2021,OAK,CA,AWP,WE,Towers with Radar,263,83,54,0,400,0,2,59,0,61,263,85,113,0,461,86,0,86,547
10/18/2021,OAK,CA,AWP,WE,Towers with Radar,275,69,35,3,382,0,10,47,0,57,275,79,82,3,439,88,24,112,551
10/19/2021,OAK,CA,AWP,WE,Towers with Radar,301,66,43,0,410,0,5,42,0,47,301,71,85,0,457,64,0,64,521
10/20/2021,OAK,CA,AWP,WE,Towers with Radar,302,90,52,2,446,0,2,13,3,18,302,92,65,5,464,0,0,0,464
10/21/2021,OAK,CA,AWP,WE,Towers with Radar,323,91,56,1,471,0,4,15,2,21,323,95,71,3,492,80,0,80,572
10/22/2021,OAK,CA,AWP,WE,Towers with Radar,301,94,45,0,440,0,8,37,2,47,301,102,82,2,487,138,0,138,625
10/23/2021,OAK,CA,AWP,WE,Towers with Radar,238,62,41,0,341,0,2,38,0,40,238,64,79,0,381,86,0,86,467
10/24/2021,OAK,CA,AWP,WE,Towers with Radar,253,66,31,1,351,0,0,0,0,0,253,66,31,1,351,0,0,0,351
10/25/2021,OAK,CA,AWP,WE,Towers with Radar,272,99,32,0,403,0,9,16,3,28,272,108,48,3,431,66,0,66,497
10/26/2021,OAK,CA,AWP,WE,Towers with Radar,307,69,36,0,412,0,7,43,3,53,307,76,79,3,465,64,0,64,529
10/27/2021,OAK,CA,AWP,WE,Towers with Radar,319,73,47,0,439,0,10,76,2,88,319,83,123,2,527,122,6,128,655
10/28/2021,OAK,CA,AWP,WE,Towers with Radar,325,78,40,2,445,0,11,61,1,73,325,89,101,3,518,204,0,204,722
10/29/2021,OAK,CA,AWP,WE,Towers with Radar,317,69,35,0,421,0,11,61,0,72,317,80,96,0,493,146,0,146,639
10/30/2021,OAK,CA,AWP,WE,Towers with Radar,232,50,57,0,339,0,3,26,0,29,232,53,83,0,368,0,0,0,368
10/31/2021,OAK,CA,AWP,WE,Towers with Radar,250,64,26,0,340,0,8,43,0,51,250,72,69,0,391,110,0,110,501
11/01/2021,OAK,CA,AWP,WE,Towers with Radar,257,80,33,2,372,0,3,2,0,5,257,83,35,2,377,0,0,0,377
11/02/2021,OAK,CA,AWP,WE,Towers with Radar,302,70,49,0,421,0,4,33,0,37,302,74,82,0,458,0,0,0,458
11/03/2021,OAK,CA,AWP,WE,Towers with Radar,307,64,37,0,408,0,11,59,1,71,307,75,96,1,479,80,0,80,559
11/04/2021,OAK,CA,AWP,WE,Towers with Radar,310,81,36,0,427,0,7,29,1,37,310,88,65,1,464,80,0,80,544
11/05/2021,OAK,CA,AWP,WE,Towers with Radar,302,86,34,0,422,0,9,73,2,84,302,95,107,2,506,110,18,128,634
11/06/2021,OAK,CA,AWP,WE,Towers with Radar,230,48,20,0,298,0,4,52,0,56,230,52,72,0,354,60,0,60,414
11/07/2021,OAK,CA,AWP,WE,Towers with Radar,241,81,33,0,355,0,5,83,0,88,241,86,116,0,443,62,0,62,505
11/08/2021,OAK,CA,AWP,WE,Towers with Radar,255,62,34,0,351,0,8,28,1,37,255,70,62,1,388,82,0,82,470
11/09/2021,OAK,CA,AWP,WE,Towers with Radar,274,80,26,0,380,0,8,16,2,26,274,88,42,2,406,86,36,122,528
11/10/2021,OAK,CA,AWP,WE,Towers with Radar,287,72,43,0,402,0,6,62,0,68,287,78,105,0,470,96,0,96,566
11/11/2021,OAK,CA,AWP,WE,Towers with Radar,318,86,48,0,452,0,8,77,2,87,318,94,125,2,539,178,2,180,719
11/12/2021,OAK,CA,AWP,WE,Towers with Radar,298,73,33,1,405,0,9,67,0,76,298,82,100,1,481,127,14,141,622
11/13/2021,OAK,CA,AWP,WE,Towers with Radar,231,58,29,1,319,0,3,65,0,68,231,61,94,1,387,80,0,80,467
11/14/2021,OAK,CA,AWP,WE,Towers with Radar,249,82,48,1,380,0,5,81,0,86,249,87,129,1,466,212,0,212,678
11/15/2021,OAK,CA,AWP,WE,Towers with Radar,258,75,45,0,378,0,4,38,0,42,258,79,83,0,420,110,22,132,552
11/16/2021,OAK,CA,AWP,WE,Towers with Radar,276,84,35,0,395,0,5,41,1,47,276,89,76,1,442,64,0,64,506
11/17/2021,OAK,CA,AWP,WE,Towers with Radar,296,77,37,0,410,0,11,62,3,76,296,88,99,3,486,80,0,80,566
11/18/2021,OAK,CA,AWP,WE,Towers with Radar,312,81,54,0,447,0,9,75,0,84,312,90,129,0,531,176,0,176,707
11/19/2021,OAK,CA,AWP,WE,Towers with Radar,302,101,67,0,470,0,2,7,0,9,302,103,74,0,479,0,0,0,479
11/20/2021,OAK,CA,AWP,WE,Towers with Radar,256,81,69,2,408,0,5,84,1,90,256,86,153,3,498,188,0,188,686
11/21/2021,OAK,CA,AWP,WE,Towers with Radar,248,67,52,0,367,0,5,78,1,84,248,72,130,1,451,120,0,120,571
11/22/2021,OAK,CA,AWP,WE,Towers with Radar,277,66,29,0,372,0,5,46,0,51,277,71,75,0,423,100,0,100,523
11/23/2021,OAK,CA,AWP,WE,Towers with Radar,335,100,44,0,479,0,13,73,0,86,335,113,117,0,565,152,0,152,717
11/24/2021,OAK,CA,AWP,WE,Towers with Radar,358,77,55,1,491,0,10,66,0,76,358,87,121,1,567,92,0,92,659
11/25/2021,OAK,CA,AWP,WE,Towers with Radar,217,34,9,0,260,0,0,25,0,25,217,34,34,0,285,38,0,38,323
11/26/2021,OAK,CA,AWP,WE,Towers with Radar,270,50,23,1,344,0,6,41,0,47,270,56,64,1,391,100,0,100,491
11/27/2021,OAK,CA,AWP,WE,Towers with Radar,269,74,39,2,384,0,6,76,0,82,269,80,115,2,466,114,0,114,580
11/28/2021,OAK,CA,AWP,WE,Towers with Radar,286,93,97,0,476,0,6,73,0,79,286,99,170,0,555,72,0,72,627
11/29/2021,OAK,CA,AWP,WE,Towers with Radar,293,98,29,0,420,0,7,47,0,54,293,105,76,0,474,106,0,106,580
11/30/2021,OAK,CA,AWP,WE,Towers with Radar,354,65,37,0,456,0,8,59,0,67,354,73,96,0,523,162,0,162,685
12/01/2021,OAK,CA,AWP,WE,Towers with Radar,320,77,34,0,431,0,9,56,0,65,320,86,90,0,496,96,0,96,592
12/02/2021,OAK,CA,AWP,WE,Towers with Radar,315,75,25,2,417,0,4,43,0,47,315,79,68,2,464,118,0,118,582
12/03/2021,OAK,CA,AWP,WE,Towers with Radar,299,84,46,6,435,0,1,8,2,11,299,85,54,8,446,0,0,0,446
12/04/2021,OAK,CA,AWP,WE,Towers with Radar,244,52,35,0,331,0,0,39,0,39,244,52,74,0,370,138,0,138,508
12/05/2021,OAK,CA,AWP,WE,Towers with Radar,247,69,41,0,357,0,2,57,3,62,247,71,98,3,419,57,15,72,491
12/06/2021,OAK,CA,AWP,WE,Towers with Radar,256,73,41,2,372,0,2,1,0,3,256,75,42,2,375,0,0,0,375
12/07/2021,OAK,CA,AWP,WE,Towers with Radar,317,64,38,0,419,0,3,53,3,59,317,67,91,3,478,142,24,166,644
12/08/2021,OAK,CA,AWP,WE,Towers with Radar,319,92,45,1,457,0,1,10,3,14,319,93,55,4,471,0,20,20,491
12/09/2021,OAK,CA,AWP,WE,Towers with Radar,325,79,42,0,446,0,12,48,0,60,325,91,90,0,506,110,18,128,634
12/10/2021,OAK,CA,AWP,WE,Towers with Radar,300,80,37,2,419,1,13,89,2,105,301,93,126,4,524,180,0,180,704
12/11/2021,OAK,CA,AWP,WE,Towers with Radar,244,59,27,1,331,0,3,94,0,97,244,62,121,1,428,214,0,214,642
12/12/2021,OAK,CA,AWP,WE,Towers with Radar,254,86,42,1,383,0,0,2,0,2,254,86,44,1,385,0,0,0,385
12/13/2021,OAK,CA,AWP,WE,Towers with Radar,253,54,26,0,333,0,2,0,0,2,253,56,26,0,335,0,0,0,335
12/14/2021,OAK,CA,AWP,WE,Towers with Radar,303,51,36,0,390,0,6,30,0,36,303,57,66,0,426,102,0,102,528
12/15/2021,OAK,CA,AWP,WE,Towers with Radar,330,91,31,0,452,0,4,28,0,32,330,95,59,0,484,58,0,58,542
12/16/2021,OAK,CA,AWP,WE,Towers with Radar,360,87,36,0,483,0,8,40,0,48,360,95,76,0,531,210,0,210,741
12/17/2021,OAK,CA,AWP,WE,Towers with Radar,348,118,48,0,514,0,8,81,1,90,348,126,129,1,604,78,0,78,682
12/18/2021,OAK,CA,AWP,WE,Towers with Radar,297,86,55,0,438,0,5,56,7,68,297,91,111,7,506,136,8,144,650
12/19/2021,OAK,CA,AWP,WE,Towers with Radar,273,81,43,0,397,0,0,51,6,57,273,81,94,6,454,130,0,130,584
12/20/2021,OAK,CA,AWP,WE,Towers with Radar,297,87,50,0,434,0,11,51,2,64,297,98,101,2,498,80,0,80,578
12/21/2021,OAK,CA,AWP,WE,Towers with Radar,355,69,32,0,456,0,8,15,0,23,355,77,47,0,479,34,0,34,513
12/22/2021,OAK,CA,AWP,WE,Towers with Radar,365,86,45,1,497,0,0,0,0,0,365,86,45,1,497,0,0,0,497
12/23/2021,OAK,CA,AWP,WE,Towers with Radar,369,80,51,0,500,0,6,10,0,16,369,86,61,0,516,4,0,4,520
12/24/2021,OAK,CA,AWP,WE,Towers with Radar,263,57,23,1,344,0,8,30,0,38,263,65,53,1,382,138,0,138,520
12/25/2021,OAK,CA,AWP,WE,Towers with Radar,198,41,8,2,249,0,0,0,0,0,198,41,8,2,249,0,0,0,249
12/26/2021,OAK,CA,AWP,WE,Towers with Radar,252,87,40,1,380,0,2,14,0,16,252,89,54,1,396,120,0,120,516
12/27/2021,OAK,CA,AWP,WE,Towers with Radar,261,82,43,0,386,0,11,16,0,27,261,93,59,0,413,60,0,60,473
12/28/2021,OAK,CA,AWP,WE,Towers with Radar,337,70,28,0,435,0,5,12,0,17,337,75,40,0,452,28,0,28,480
12/29/2021,OAK,CA,AWP,WE,Towers with Radar,352,81,33,0,466,0,4,2,0,6,352,85,35,0,472,12,0,12,484
12/30/2021,OAK,CA,AWP,WE,Towers with Radar,344,77,35,0,456,0,11,74,0,85,344,88,109,0,541,136,0,136,677
12/31/2021,OAK,CA,AWP,WE,Towers with Radar,255,52,14,0,321,0,7,87,0,94,255,59,101,0,415,126,0,126,541
01/01/2022,OAK,CA,AWP,WE,Towers with Radar,201,51,21,0,273,0,4,58,0,62,201,55,79,0,335,60,0,60,395
01/02/2022,OAK,CA,AWP,WE,Towers with Radar,243,101,61,0,405,0,2,88,0,90,243,103,149,0,495,122,0,122,617
01/03/2022,OAK,CA,AWP,WE,Towers with Radar,280,98,49,0,427,0,2,11,0,13,280,100,60,0,440,104,0,104,544
01/04/2022,OAK,CA,AWP,WE,Towers with Radar,278,80,37,1,396,0,7,10,0,17,278,87,47,1,413,60,0,60,473
01/05/2022,OAK,CA,AWP,WE,Towers with Radar,272,85,40,1,398,0,2,11,7,20,272,87,51,8,418,48,0,48,466
01/06/2022,OAK,CA,AWP,WE,Towers with Radar,254,80,29,1,364,0,0,0,0,0,254,80,29,1,364,0,0,0,364
01/07/2022,OAK,CA,AWP,WE,Towers with Radar,259,80,36,0,375,0,2,14,0,16,259,82,50,0,391,102,6,108,499
01/08/2022,OAK,CA,AWP,WE,Towers with Radar,215,61,28,2,306,0,3,62,0,65,215,64,90,2,371,304,0,304,675
01/09/2022,OAK,CA,AWP,WE,Towers with Radar,248,70,30,2,350,0,8,91,2,101,248,78,121,4,451,92,0,92,543
01/10/2022,OAK,CA,AWP,WE,Towers with Radar,234,67,26,2,329,0,12,67,0,79,234,79,93,2,408,112,0,112,520
01/11/2022,OAK,CA,AWP,WE,Towers with Radar,266,55,17,0,338,0,9,39,1,49,266,64,56,1,387,122,0,122,509
01/12/2022,OAK,CA,AWP,WE,Towers with Radar,274,53,21,1,349,0,8,48,2,58,274,61,69,3,407,72,0,72,479
01/13/2022,OAK,CA,AWP,WE,Towers with Radar,275,72,37,2,386,0,8,52,0,60,275,80,89,2,446,80,0,80,526
01/14/2022,OAK,CA,AWP,WE,Towers with Radar,297,80,62,0,439,0,9,47,0,56,297,89,109,0,495,114,0,114,609
01/15/2022,OAK,CA,AWP,WE,Towers with Radar,216,50,38,0,304,0,3,87,0,90,216,53,125,0,394,128,0,128,522
01/16/2022,OAK,CA,AWP,WE,Towers with Radar,228,52,28,0,308,0,2,60,0,62,228,54,88,0,370,92,0,92,462
01/17/2022,OAK,CA,AWP,WE,Towers with Radar,274,87,46,0,407,0,8,69,0,77,274,95,115,0,484,72,0,72,556
01/18/2022,OAK,CA,AWP,WE,Towers with Radar,301,77,28,0,406,0,11,20,2,33,301,88,48,2,439,91,0,91,530
01/19/2022,OAK,CA,AWP,WE,Towers with Radar,310,78,31,2,421,0,6,34,0,40,310,84,65,2,461,32,0,32,493
01/20/2022,OAK,CA,AWP,WE,Towers with Radar,319,64,42,0,425,0,5,33,0,38,319,69,75,0,463,94,0,94,557
01/21/2022,OAK,CA,AWP,WE,Towers with Radar,311,56,40,0,407,0,5,33,4,42,311,61,73,4,449,20,0,20,469
01/22/2022,OAK,CA,AWP,WE,Towers with Radar,228,49,32,0,309,0,4,35,0,39,228,53,67,0,348,42,0,42,390
01/23/2022,OAK,CA,AWP,WE,Towers with Radar,267,63,44,0,374,0,6,104,0,110,267,69,148,0,484,146,0,146,630
01/24/2022,OAK,CA,AWP,WE,Towers with Radar,267,59,30,0,356,0,8,49,3,60,267,67,79,3,416,110,0,110,526
01/25/2022,OAK,CA,AWP,WE,Towers with Radar,299,61,37,0,397,0,4,42,1,47,299,65,79,1,444,126,0,126,570
01/26/2022,OAK,CA,AWP,WE,Towers with Radar,308,64,51,0,423,0,5,45,2,52,308,69,96,2,475,66,34,100,575
01/27/2022,OAK,CA,AWP,WE,Towers with Radar,313,71,25,0,409,0,13,55,0,68,313,84,80,0,477,226,0,226,703
01/28/2022,OAK,CA,AWP,WE,Towers with Radar,312,72,38,0,422,0,9,58,0,67,312,81,96,0,489,166,0,166,655
01/29/2022,OAK,CA,AWP,WE,Towers with Radar,217,55,25,0,297,0,1,74,0,75,217,56,99,0,372,104,0,104,476
01/30/2022,OAK,CA,AWP,WE,Towers with Radar,266,82,37,0,385,0,4,79,0,83,266,86,116,0,468,134,0,134,602
01/31/2022,OAK,CA,AWP,WE,Towers with Radar,266,80,35,0,381,0,10,39,0,49,266,90,74,0,430,154,0,154,584
02/01/2022,OAK,CA,AWP,WE,Towers with Radar,297,64,28,0,389,0,10,26,0,36,297,74,54,0,425,133,0,133,558
02/02/2022,OAK,CA,AWP,WE,Towers with Radar,303,78,26,0,407,0,13,12,0,25,303,91,38,0,432,18,0,18,450
02/03/2022,OAK,CA,AWP,WE,Towers with Radar,286,75,49,0,410,0,16,56,0,72,286,91,105,0,482,238,0,238,720
02/04/2022,OAK,CA,AWP,WE,Towers with Radar,289,76,28,2,395,0,10,89,0,99,289,86,117,2,494,174,0,174,668
02/05/2022,OAK,CA,AWP,WE,Towers with Radar,224,56,32,0,312,0,6,76,0,82,224,62,108,0,394,270,0,270,664
02/06/2022,OAK,CA,AWP,WE,Towers with Radar,273,60,34,0,367,0,2,72,0,74,273,62,106,0,441,108,0,108,549
02/07/2022,OAK,CA,AWP,WE,Towers with Radar,265,61,20,0,346,0,10,52,0,62,265,71,72,0,408,116,0,116,524
02/08/2022,OAK,CA,AWP,WE,Towers with Radar,299,51,32,0,382,0,7,40,0,47,299,58,72,0,429,142,0,142,571
02/09/2022,OAK,CA,AWP,WE,Towers with Radar,313,62,23,0,398,0,16,50,2,68,313,78,73,2,466,124,14,138,604
02/10/2022,OAK,CA,AWP,WE,Towers with Radar,321,88,31,0,440,0,12,64,6,82,321,100,95,6,522,168,0,168,690
02/11/2022,OAK,CA,AWP,WE,Towers with Radar,308,69,36,0,413,0,9,73,1,83,308,78,109,1,496,94,6,100,596
02/12/2022,OAK,CA,AWP,WE,Towers with Radar,219,46,29,0,294,0,5,72,0,77,219,51,101,0,371,198,0,198,569
02/13/2022,OAK,CA,AWP,WE,Towers with Radar,268,59,34,0,361,0,7,79,1,87,268,66,113,1,448,108,0,108,556
02/14/2022,OAK,CA,AWP,WE,Towers with Radar,268,68,22,1,359,0,4,7,1,12,268,72,29,2,371,14,44,58,429
02/15/2022,OAK,CA,AWP,WE,Towers with Radar,298,61,38,0,397,0,11,27,0,38,298,72,65,0,435,60,0,60,495
02/16/2022,OAK,CA,AWP,WE,Towers with Radar,310,68,31,0,409,0,13,58,1,72,310,81,89,1,481,154,0,154,635
02/17/2022,OAK,CA,AWP,WE,Towers with Radar,325,95,54,4,478,0,13,63,2,78,325,108,117,6,556,176,0,176,732
02/18/2022,OAK,CA,AWP,WE,Towers with Radar,319,109,61,0,489,0,9,65,1,75,319,118,126,1,564,136,0,136,700
02/19/2022,OAK,CA,AWP,WE,Towers with Radar,235,72,35,0,342,0,4,83,3,90,235,76,118,3,432,228,2,230,662
02/20/2022,OAK,CA,AWP,WE,Towers with Radar,268,51,39,0,358,0,0,30,0,30,268,51,69,0,388,54,0,54,442
02/21/2022,OAK,CA,AWP,WE,Towers with Radar,280,66,39,0,385,0,7,43,0,50,280,73,82,0,435,112,0,112,547
02/22/2022,OAK,CA,AWP,WE,Towers with Radar,314,69,41,0,424,0,7,22,0,29,314,76,63,0,453,94,0,94,547
02/23/2022,OAK,CA,AWP,WE,Towers with Radar,321,74,32,5,432,0,16,57,2,75,321,90,89,7,507,138,56,194,701
02/24/2022,OAK,CA,AWP,WE,Towers with Radar,323,82,25,2,432,0,11,59,3,73,323,93,84,5,505,130,0,130,635
02/25/2022,OAK,CA,AWP,WE,Towers with Radar,311,73,36,0,420,0,10,70,0,80,311,83,106,0,500,162,0,162,662
02/26/2022,OAK,CA,AWP,WE,Towers with Radar,237,76,38,3,354,0,9,81,1,91,237,85,119,4,445,98,0,98,543
02/27/2022,OAK,CA,AWP,WE,Towers with Radar,279,93,61,1,434,0,3,66,1,70,279,96,127,2,504,110,0,110,614
02/28/2022,OAK,CA,AWP,WE,Towers with Radar,281,75,31,6,393,0,7,57,2,66,281,82,88,8,459,144,0,144,603
03/01/2022,OAK,CA,AWP,WE,Towers with Radar,302,73,39,2,416,0,8,41,0,49,302,81,80,2,465,130,0,130,595
03/02/2022,OAK,CA,AWP,WE,Towers with Radar,321,77,38,0,436,0,6,36,0,42,321,83,74,0,478,74,0,74,552
03/03/2022,OAK,CA,AWP,WE,Towers with Radar,325,70,37,0,432,0,7,22,4,33,325,77,59,4,465,54,0,54,519
03/04/2022,OAK,CA,AWP,WE,Towers with Radar,302,76,53,2,433,0,9,12,2,23,302,85,65,4,456,44,8,52,508
03/05/2022,OAK,CA,AWP,WE,Towers with Radar,210,50,26,2,288,0,3,70,0,73,210,53,96,2,361,168,0,168,529
03/06/2022,OAK,CA,AWP,WE,Towers with Radar,256,72,39,0,367,0,1,100,0,101,256,73,139,0,468,106,0,106,574
03/07/2022,OAK,CA,AWP,WE,Towers with Radar,259,62,30,2,353,0,16,49,2,67,259,78,79,4,420,110,0,110,530
03/08/2022,OAK,CA,AWP,WE,Towers with Radar,290,80,34,1,405,0,12,55,1,68,290,92,89,2,473,130,0,130,603
03/09/2022,OAK,CA,AWP,WE,Towers with Radar,298,109,44,0,451,0,10,62,1,73,298,119,106,1,524,178,0,178,702
03/10/2022,OAK,CA,AWP,WE,Towers with Radar,315,81,37,0,433,0,12,31,0,43,315,93,68,0,476,110,0,110,586
03/11/2022,OAK,CA,AWP,WE,Towers with Radar,307,66,51,0,424,0,10,70,0,80,307,76,121,0,504,0,0,0,504
03/12/2022,OAK,CA,AWP,WE,Towers with Radar,221,55,24,0,300,0,7,54,0,61,221,62,78,0,361,0,0,0,361
03/13/2022,OAK,CA,AWP,WE,Towers with Radar,255,62,38,0,355,0,1,69,0,70,255,63,107,0,425,197,0,197,622
03/14/2022,OAK,CA,AWP,WE,Towers with Radar,269,71,31,0,371,0,9,56,0,65,269,80,87,0,436,166,0,166,602
03/15/2022,OAK,CA,AWP,WE,Towers with Radar,314,78,37,2,431,0,4,14,1,19,314,82,51,3,450,130,0,130,580
03/16/2022,OAK,CA,AWP,WE,Towers with Radar,316,78,49,2,445,0,12,40,2,54,316,90,89,4,499,74,10,84,583
03/17/2022,OAK,CA,AWP,WE,Towers with Radar,320,86,33,0,439,0,3,48,0,51,320,89,81,0,490,120,0,120,610
03/18/2022,OAK,CA,AWP,WE,Towers with Radar,304,76,36,0,416,0,8,97,2,107,304,84,133,2,523,268,0,268,791
03/19/2022,OAK,CA,AWP,WE,Towers with Radar,233,56,26,0,315,0,2,24,0,26,233,58,50,0,341,0,0,0,341
03/20/2022,OAK,CA,AWP,WE,Towers with Radar,268,72,49,0,389,0,7,100,0,107,268,79,149,0,496,0,0,0,496
03/21/2022,OAK,CA,AWP,WE,Towers with Radar,270,57,35,0,362,0,10,60,2,72,270,67,95,2,434,116,0,116,550
03/22/2022,OAK,CA,AWP,WE,Towers with Radar,316,63,40,0,419,0,10,64,2,76,316,73,104,2,495,168,0,168,663
03/23/2022,OAK,CA,AWP,WE,Towers with Radar,324,75,41,0,440,0,6,58,0,64,324,81,99,0,504,0,0,0,504
03/24/2022,OAK,CA,AWP,WE,Towers with Radar,321,82,53,3,459,0,9,79,8,96,321,91,132,11,555,202,14,216,771
03/25/2022,OAK,CA,AWP,WE,Towers with Radar,309,70,69,4,452,0,3,52,3,58,309,73,121,7,510,136,0,136,646
03/26/2022,OAK,CA,AWP,WE,Towers with Radar,231,48,37,0,316,0,1,82,0,83,231,49,119,0,399,158,0,158,557
03/27/2022,OAK,CA,AWP,WE,Towers with Radar,266,77,62,1,406,0,7,47,0,54,266,84,109,1,460,54,0,54,514
03/28/2022,OAK,CA,AWP,WE,Towers with Radar,264,77,39,2,382,0,5,33,0,38,264,82,72,2,420,0,0,0,420
03/29/2022,OAK,CA,AWP,WE,Towers with Radar,322,85,31,0,438,1,8,24,0,33,323,93,55,0,471,46,0,46,517
03/30/2022,OAK,CA,AWP,WE,Towers with Radar,318,75,32,0,425,0,10,27,0,37,318,85,59,0,462,138,0,138,600
03/31/2022,OAK,CA,AWP,WE,Towers with Radar,318,72,33,0,423,0,5,52,0,57,318,77,85,0,480,88,0,88,568
04/01/2022,OAK,CA,AWP,WE,Towers with Radar,297,81,53,0,431,0,9,81,2,92,297,90,134,2,523,200,0,200,723
04/02/2022,OAK,CA,AWP,WE,Towers with Radar,223,57,34,0,314,0,7,48,0,55,223,64,82,0,369,126,0,126,495
04/03/2022,OAK,CA,AWP,WE,Towers with Radar,270,63,40,1,374,0,5,83,0,88,270,68,123,1,462,56,0,56,518
04/04/2022,OAK,CA,AWP,WE,Towers with Radar,289,64,35,1,389,0,7,57,1,65,289,71,92,2,454,148,0,148,602
04/05/2022,OAK,CA,AWP,WE,Towers with Radar,339,62,32,0,433,0,8,48,0,56,339,70,80,0,489,146,0,146,635
04/06/2022,OAK,CA,AWP,WE,Towers with Radar,347,63,23,0,433,0,7,53,0,60,347,70,76,0,493,96,0,96,589
04/07/2022,OAK,CA,AWP,WE,Towers with Radar,328,77,23,1,429,0,10,59,1,70,328,87,82,2,499,218,0,218,717
04/08/2022,OAK,CA,AWP,WE,Towers with Radar,325,90,50,1,466,0,12,86,1,99,325,102,136,2,565,180,0,180,745
04/09/2022,OAK,CA,AWP,WE,Towers with Radar,228,64,32,0,324,0,4,67,0,71,228,68,99,0,395,108,0,108,503
04/10/2022,OAK,CA,AWP,WE,Towers with Radar,284,73,56,0,413,0,2,83,0,85,284,75,139,0,498,214,0,214,712
04/11/2022,OAK,CA,AWP,WE,Towers with Radar,286,69,28,0,383,0,2,8,0,10,286,71,36,0,393,0,0,0,393
04/12/2022,OAK,CA,AWP,WE,Towers with Radar,342,73,43,0,458,0,9,47,1,57,342,82,90,1,515,84,0,84,599
04/13/2022,OAK,CA,AWP,WE,Towers with Radar,340,74,52,0,466,0,7,51,2,60,340,81,103,2,526,342,20,362,888
04/14/2022,OAK,CA,AWP,WE,Towers with Radar,341,85,52,0,478,0,0,6,0,6,341,85,58,0,484,0,0,0,484
04/15/2022,OAK,CA,AWP,WE,Towers with Radar,324,73,41,0,438,0,2,75,2,79,324,75,116,2,517,260,0,260,777
04/16/2022,OAK,CA,AWP,WE,Towers with Radar,236,69,39,0,344,0,2,24,2,28,236,71,63,2,372,100,0,100,472
04/17/2022,OAK,CA,AWP,WE,Towers with Radar,288,82,38,0,408,0,4,87,0,91,288,86,125,0,499,98,0,98,597
04/18/2022,OAK,CA,AWP,WE,Towers with Radar,295,69,37,0,401,0,9,58,0,67,295,78,95,0,468,60,0,60,528
04/19/2022,OAK,CA,AWP,WE,Towers with Radar,346,70,39,0,455,0,8,40,0,48,346,78,79,0,503,124,0,124,627
04/20/2022,OAK,CA,AWP,WE,Towers with Radar,347,66,49,2,464,0,9,35,2,46,347,75,84,4,510,54,0,54,564
04/21/2022,OAK,CA,AWP,WE,Towers with Radar,344,87,39,0,470,0,5,17,2,24,344,92,56,2,494,6,0,6,500
04/22/2022,OAK,CA,AWP,WE,Towers with Radar,323,64,35,0,422,0,4,64,0,68,323,68,99,0,490,172,0,172,662
04/23/2022,OAK,CA,AWP,WE,Towers with Radar,238,46,23,0,307,0,8,74,1,83,238,54,97,1,390,96,20,116,506
04/24/2022,OAK,CA,AWP,WE,Towers with Radar,292,68,38,0,398,0,1,73,0,74,292,69,111,0,472,64,0,64,536
04/25/2022,OAK,CA,AWP,WE,Towers with Radar,299,64,30,0,393,0,6,55,0,61,299,70,85,0,454,72,0,72,526
04/26/2022,OAK,CA,AWP,WE,Towers with Radar,357,69,32,1,459,0,12,50,3,65,357,81,82,4,524,74,2,76,600
04/27/2022,OAK,CA,AWP,WE,Towers with Radar,345,79,25,0,449,0,7,40,3,50,345,86,65,3,499,64,28,92,591
04/28/2022,OAK,CA,AWP,WE,Towers with Radar,338,86,38,0,462,0,10,51,0,61,338,96,89,0,523,84,0,84,607
04/29/2022,OAK,CA,AWP,WE,Towers with Radar,333,82,46,0,461,0,11,57,0,68,333,93,103,0,529,118,0,118,647
04/30/2022,OAK,CA,AWP,WE,Towers with Radar,237,50,22,1,310,0,4,71,0,75,237,54,93,1,385,30,0,30,415
05/01/2022,OAK,CA,AWP,WE,Towers with Radar,292,62,42,0,396,0,11,75,0,86,292,73,117,0,482,58,0,58,540
05/02/2022,OAK,CA,AWP,WE,Towers with Radar,293,71,31,2,397,0,10,33,0,43,293,81,64,2,440,21,0,21,461
05/03/2022,OAK,CA,AWP,WE,Towers with Radar,342,74,28,1,445,0,6,57,1,64,342,80,85,2,509,68,0,68,577
05/04/2022,OAK,CA,AWP,WE,Towers with Radar,345,66,38,0,449,0,7,45,0,52,345,73,83,0,501,20,0,20,521
05/05/2022,OAK,CA,AWP,WE,Towers with Radar,341,73,44,0,458,0,6,43,0,49,341,79,87,0,507,88,0,88,595
05/06/2022,OAK,CA,AWP,WE,Towers with Radar,330,72,35,0,437,1,7,29,2,39,331,79,64,2,476,166,0,166,642
05/07/2022,OAK,CA,AWP,WE,Towers with Radar,245,54,33,0,332,0,5,69,1,75,245,59,102,1,407,210,0,210,617
05/08/2022,OAK,CA,AWP,WE,Towers with Radar,284,58,32,0,374,0,1,26,2,29,284,59,58,2,403,64,18,82,485
05/09/2022,OAK,CA,AWP,WE,Towers with Radar,301,84,40,0,425,0,7,47,0,54,301,91,87,0,479,86,0,86,565
05/10/2022,OAK,CA,AWP,WE,Towers with Radar,349,65,31,0,445,0,10,46,0,56,349,75,77,0,501,126,0,126,627
05/11/2022,OAK,CA,AWP,WE,Towers with Radar,344,74,44,0,462,0,8,54,2,64,344,82,98,2,526,82,12,94,620
05/12/2022,OAK,CA,AWP,WE,Towers with Radar,350,67,26,0,443,0,5,64,0,69,350,72,90,0,512,86,0,86,598
05/13/2022,OAK,CA,AWP,WE,Towers with Radar,332,73,47,0,452,0,7,67,0,74,332,80,114,0,526,124,0,124,650
05/14/2022,OAK,CA,AWP,WE,Towers with Radar,234,59,28,0,321,0,3,76,0,79,234,62,104,0,400,56,0,56,456
05/15/2022,OAK,CA,AWP,WE,Towers with Radar,287,78,51,0,416,0,4,68,0,72,287,82,119,0,488,58,0,58,546
05/16/2022,OAK,CA,AWP,WE,Towers with Radar,300,56,21,0,377,0,4,51,0,55,300,60,72,0,432,0,0,0,432
05/17/2022,OAK,CA,AWP,WE,Towers with Radar,342,72,37,0,451,0,5,54,0,59,342,77,91,0,510,198,0,198,708
05/18/2022,OAK,CA,AWP,WE,Towers with Radar,352,70,39,0,461,0,8,45,0,53,352,78,84,0,514,34,0,34,548
05/19/2022,OAK,CA,AWP,WE,Towers with Radar,352,69,44,0,465,0,8,58,2,68,352,77,102,2,533,100,0,100,633
05/20/2022,OAK,CA,AWP,WE,Towers with Radar,327,93,46,1,467,0,11,50,4,65,327,104,96,5,532,90,0,90,622
05/21/2022,OAK,CA,AWP,WE,Towers with Radar,250,49,37,0,336,0,3,89,0,92,250,52,126,0,428,230,0,230,658
05/22/2022,OAK,CA,AWP,WE,Towers with Radar,296,77,45,0,418,0,2,79,2,83,296,79,124,2,501,84,0,84,585
05/23/2022,OAK,CA,AWP,WE,Towers with Radar,300,61,32,0,393,0,11,64,0,75,300,72,96,0,468,94,0,94,562
05/24/2022,OAK,CA,AWP,WE,Towers with Radar,344,63,35,0,442,0,9,63,0,72,344,72,98,0,514,132,0,132,646
05/25/2022,OAK,CA,AWP,WE,Towers with Radar,360,67,38,0,465,0,9,57,0,66,360,76,95,0,531,92,0,92,623
05/26/2022,OAK,CA,AWP,WE,Towers with Radar,358,93,45,0,496,0,7,56,2,65,358,100,101,2,561,112,0,112,673
05/27/2022,OAK,CA,AWP,WE,Towers with Radar,332,80,52,0,464,0,6,37,0,43,332,86,89,0,507,150,0,150,657
05/28/2022,OAK,CA,AWP,WE,Towers with Radar,245,44,21,0,310,0,1,39,1,41,245,45,60,1,351,6,0,6,357
05/29/2022,OAK,CA,AWP,WE,Towers with Radar,295,44,32,0,371,0,3,56,2,61,295,47,88,2,432,48,0,48,480
05/30/2022,OAK,CA,AWP,WE,Towers with Radar,289,59,36,0,384,0,6,74,0,80,289,65,110,0,464,66,0,66,530
05/31/2022,OAK,CA,AWP,WE,Towers with Radar,313,57,15,0,385,0,10,57,0,67,313,67,72,0,452,106,0,106,558
06/01/2022,OAK,CA,AWP,WE,Towers with Radar,353,72,46,0,471,0,12,75,0,87,353,84,121,0,558,4,0,4,562
06/02/2022,OAK,CA,AWP,WE,Towers with Radar,346,69,37,0,452,0,6,54,3,63,346,75,91,3,515,136,0,136,651
06/03/2022,OAK,CA,AWP,WE,Towers with Radar,328,73,37,0,438,0,3,30,0,33,328,76,67,0,471,70,0,70,541
06/04/2022,OAK,CA,AWP,WE,Towers with Radar,239,51,33,0,323,0,2,71,0,73,239,53,104,0,396,76,0,76,472
06/05/2022,OAK,CA,AWP,WE,Towers with Radar,332,84,51,0,467,0,1,29,0,30,332,85,80,0,497,10,0,10,507
06/06/2022,OAK,CA,AWP,WE,Towers with Radar,339,63,37,0,439,0,6,74,0,80,339,69,111,0,519,38,0,38,557
06/07/2022,OAK,CA,AWP,WE,Towers with Radar,383,54,23,0,460,0,12,65,2,79,383,66,88,2,539,142,0,142,681
06/08/2022,OAK,CA,AWP,WE,Towers with Radar,386,67,43,0,496,0,10,78,0,88,386,77,121,0,584,230,0,230,814
06/09/2022,OAK,CA,AWP,WE,Towers with Radar,388,87,54,0,529,0,7,53,0,60,388,94,107,0,589,108,0,108,697
06/10/2022,OAK,CA,AWP,WE,Towers with Radar,377,86,29,0,492,0,12,63,0,75,377,98,92,0,567,156,0,156,723
06/11/2022,OAK,CA,AWP,WE,Towers with Radar,264,51,27,0,342,0,1,78,0,79,264,52,105,0,421,220,0,220,641
06/12/2022,OAK,CA,AWP,WE,Towers with Radar,333,73,45,0,451,0,0,23,0,23,333,73,68,0,474,108,0,108,582
06/13/2022,OAK,CA,AWP,WE,Towers with Radar,339,74,38,0,451,0,9,46,0,55,339,83,84,0,506,108,0,108,614
06/14/2022,OAK,CA,AWP,WE,Towers with Radar,382,71,28,0,481,0,13,57,0,70,382,84,85,0,551,136,0,136,687
06/15/2022,OAK,CA,AWP,WE,Towers with Radar,394,86,26,2,508,0,12,58,3,73,394,98,84,5,581,220,0,220,801
06/16/2022,OAK,CA,AWP,WE,Towers with Radar,396,76,45,0,517,0,5,52,0,57,396,81,97,0,574,82,0,82,656
06/17/2022,OAK,CA,AWP,WE,Towers with Radar,379,91,36,1,507,0,4,41,0,45,379,95,77,1,552,70,0,70,622
06/18/2022,OAK,CA,AWP,WE,Towers with Radar,264,46,22,1,333,0,2,82,0,84,264,48,104,1,417,26,0,26,443
06/19/2022,OAK,CA,AWP,WE,Towers with Radar,337,70,23,0,430,0,0,74,0,74,337,70,97,0,504,52,0,52,556
06/20/2022,OAK,CA,AWP,WE,Towers with Radar,350,68,35,0,453,0,10,67,0,77,350,78,102,0,530,194,0,194,724
06/21/2022,OAK,CA,AWP,WE,Towers with Radar,386,61,34,0,481,0,8,38,0,46,386,69,72,0,527,72,0,72,599
06/22/2022,OAK,CA,AWP,WE,Towers with Radar,400,68,39,0,507,0,7,38,0,45,400,75,77,0,552,34,0,34,586
06/23/2022,OAK,CA,AWP,WE,Towers with Radar,391,87,52,0,530,0,10,71,2,83,391,97,123,2,613,84,0,84,697
06/24/2022,OAK,CA,AWP,WE,Towers with Radar,380,77,37,0,494,0,10,59,4,73,380,87,96,4,567,234,0,234,801
06/25/2022,OAK,CA,AWP,WE,Towers with Radar,255,51,26,0,332,0,4,81,0,85,255,55,107,0,417,260,0,260,677
06/26/2022,OAK,CA,AWP,WE,Towers with Radar,339,49,27,2,417,0,0,63,0,63,339,49,90,2,480,134,0,134,614
06/27/2022,OAK,CA,AWP,WE,Towers with Radar,342,79,27,0,448,0,5,56,1,62,342,84,83,1,510,94,0,94,604
06/28/2022,OAK,CA,AWP,WE,Towers with Radar,382,69,42,0,493,0,7,57,0,64,382,76,99,0,557,118,0,118,675
06/29/2022,OAK,CA,AWP,WE,Towers with Radar,392,77,40,1,510,0,7,26,0,33,392,84,66,1,543,130,0,130,673
06/30/2022,OAK,CA,AWP,WE,Towers with Radar,397,80,50,2,529,0,1,26,0,27,397,81,76,2,556,76,0,76,632
07/01/2022,OAK,CA,AWP,WE,Towers with Radar,383,84,49,0,516,0,3,49,0,52,383,87,98,0,568,118,0,118,686
07/02/2022,OAK,CA,AWP,WE,Towers with Radar,262,55,38,0,355,0,1,34,0,35,262,56,72,0,390,212,0,212,602
07/03/2022,OAK,CA,AWP,WE,Towers with Radar,323,49,22,0,394,0,0,41,0,41,323,49,63,0,435,144,0,144,579
07/04/2022,OAK,CA,AWP,WE,Towers with Radar,306,53,13,0,372,0,2,61,0,63,306,55,74,0,435,22,0,22,457
07/05/2022,OAK,CA,AWP,WE,Towers with Radar,343,69,41,0,453,0,5,37,0,42,343,74,78,0,495,128,0,128,623
07/06/2022,OAK,CA,AWP,WE,Towers with Radar,394,64,15,1,474,0,3,41,0,44,394,67,56,1,518,120,0,120,638
07/07/2022,OAK,CA,AWP,WE,Towers with Radar,394,81,16,2,493,0,7,45,1,53,394,88,61,3,546,152,0,152,698
07/08/2022,OAK,CA,AWP,WE,Towers with Radar,371,76,17,1,465,0,6,74,0,80,371,82,91,1,545,136,0,136,681
07/09/2022,OAK,CA,AWP,WE,Towers with Radar,273,59,18,0,350,0,0,51,0,51,273,59,69,0,401,6,0,6,407
07/10/2022,OAK,CA,AWP,WE,Towers with Radar,333,70,48,0,451,0,2,55,0,57,333,72,103,0,508,34,0,34,542
07/11/2022,OAK,CA,AWP,WE,Towers with Radar,345,58,26,0,429,0,5,58,0,63,345,63,84,0,492,114,0,114,606
07/12/2022,OAK,CA,AWP,WE,Towers with Radar,390,66,21,0,477,0,7,50,0,57,390,73,71,0,534,154,0,154,688
07/13/2022,OAK,CA,AWP,WE,Towers with Radar,396,73,35,0,504,0,11,46,2,59,396,84,81,2,563,182,22,204,767
07/14/2022,OAK,CA,AWP,WE,Towers with Radar,389,77,28,0,494,0,5,58,0,63,389,82,86,0,557,116,0,116,673
07/15/2022,OAK,CA,AWP,WE,Towers with Radar,381,72,36,0,489,0,6,55,0,61,381,78,91,0,550,74,0,74,624
07/16/2022,OAK,CA,AWP,WE,Towers with Radar,264,52,26,0,342,0,2,76,0,78,264,54,102,0,420,184,0,184,604
07/17/2022,OAK,CA,AWP,WE,Towers with Radar,337,77,27,0,441,0,0,69,0,69,337,77,96,0,510,196,0,196,706
07/18/2022,OAK,CA,AWP,WE,Towers with Radar,342,58,23,0,423,0,12,45,0,57,342,70,68,0,480,76,0,76,556
07/19/2022,OAK,CA,AWP,WE,Towers with Radar,390,64,38,0,492,0,7,50,0,57,390,71,88,0,549,100,0,100,649
07/20/2022,OAK,CA,AWP,WE,Towers with Radar,396,81,40,0,517,0,3,44,0,47,396,84,84,0,564,128,0,128,692
07/21/2022,OAK,CA,AWP,WE,Towers with Radar,394,78,48,0,520,0,4,59,0,63,394,82,107,0,583,40,0,40,623
07/22/2022,OAK,CA,AWP,WE,Towers with Radar,378,69,40,0,487,0,8,68,1,77,378,77,108,1,564,145,0,145,709
07/23/2022,OAK,CA,AWP,WE,Towers with Radar,263,54,41,0,358,0,4,52,0,56,263,58,93,0,414,92,0,92,506
07/24/2022,OAK,CA,AWP,WE,Towers with Radar,332,75,48,0,455,0,7,55,0,62,332,82,103,0,517,34,0,34,551
07/25/2022,OAK,CA,AWP,WE,Towers with Radar,333,60,20,0,413,0,8,28,0,36,333,68,48,0,449,68,0,68,517
07/26/2022,OAK,CA,AWP,WE,Towers with Radar,388,76,36,0,500,0,14,46,0,60,388,90,82,0,560,42,0,42,602
07/27/2022,OAK,CA,AWP,WE,Towers with Radar,404,72,27,2,505,0,7,32,0,39,404,79,59,2,544,68,0,68,612
07/28/2022,OAK,CA,AWP,WE,Towers with Radar,392,85,38,2,517,0,3,15,0,18,392,88,53,2,535,56,0,56,591
07/29/2022,OAK,CA,AWP,WE,Towers with Radar,374,90,35,0,499,0,2,35,0,37,374,92,70,0,536,58,0,58,594
07/30/2022,OAK,CA,AWP,WE,Towers with Radar,270,57,43,0,370,0,2,35,0,37,270,59,78,0,407,130,0,130,537
07/31/2022,OAK,CA,AWP,WE,Towers with Radar,327,63,39,1,430,0,2,54,0,56,327,65,93,1,486,134,0,134,620
08/01/2022,OAK,CA,AWP,WE,Towers with Radar,343,67,37,1,448,0,6,59,0,65,343,73,96,1,513,81,0,81,594
08/02/2022,OAK,CA,AWP,WE,Towers with Radar,387,68,28,0,483,0,17,61,2,80,387,85,89,2,563,134,0,134,697
08/03/2022,OAK,CA,AWP,WE,Towers with Radar,399,71,36,0,506,0,5,62,0,67,399,76,98,0,573,210,0,210,783
08/04/2022,OAK,CA,AWP,WE,Towers with Radar,371,60,44,0,475,0,9,70,0,79,371,69,114,0,554,180,0,180,734
08/05/2022,OAK,CA,AWP,WE,Towers with Radar,370,76,36,2,484,0,7,68,0,75,370,83,104,2,559,104,0,104,663
08/06/2022,OAK,CA,AWP,WE,Towers with Radar,264,42,34,0,340,0,4,60,1,65,264,46,94,1,405,78,0,78,483
08/07/2022,OAK,CA,AWP,WE,Towers with Radar,331,72,54,0,457,0,7,91,0,98,331,79,145,0,555,56,0,56,611
08/08/2022,OAK,CA,AWP,WE,Towers with Radar,340,63,34,1,438,0,6,52,0,58,340,69,86,1,496,112,0,112,608
08/09/2022,OAK,CA,AWP,WE,Towers with Radar,379,60,16,0,455,0,6,56,0,62,379,66,72,0,517,56,0,56,573
08/10/2022,OAK,CA,AWP,WE,Towers with Radar,400,72,39,0,511,0,12,61,0,73,400,84,100,0,584,30,0,30,614
08/11/2022,OAK,CA,AWP,WE,Towers with Radar,378,94,39,0,511,0,4,73,0,77,378,98,112,0,588,148,0,148,736
08/12/2022,OAK,CA,AWP,WE,Towers with Radar,364,81,33,5,483,0,8,53,5,66,364,89,86,10,549,92,0,92,641
08/13/2022,OAK,CA,AWP,WE,Towers with Radar,262,65,37,0,364,0,5,76,3,84,262,70,113,3,448,178,4,182,630
08/14/2022,OAK,CA,AWP,WE,Towers with Radar,325,84,27,1,437,0,3,89,0,92,325,87,116,1,529,96,0,96,625
08/15/2022,OAK,CA,AWP,WE,Towers with Radar,351,72,28,2,453,0,9,51,0,60,351,81,79,2,513,70,2,72,585
08/16/2022,OAK,CA,AWP,WE,Towers with Radar,387,74,41,0,502,0,6,46,0,52,387,80,87,0,554,70,0,70,624
08/17/2022,OAK,CA,AWP,WE,Towers with Radar,392,63,23,0,478,0,5,62,0,67,392,68,85,0,545,160,0,160,705
08/18/2022,OAK,CA,AWP,WE,Towers with Radar,392,96,46,0,534,0,9,54,0,63,392,105,100,0,597,86,0,86,683
08/19/2022,OAK,CA,AWP,WE,Towers with Radar,377,95,36,0,508,0,15,50,0,65,377,110,86,0,573,52,0,52,625
08/20/2022,OAK,CA,AWP,WE,Towers with Radar,263,60,17,0,340,0,6,63,0,69,263,66,80,0,409,170,0,170,579
08/21/2022,OAK,CA,AWP,WE,Towers with Radar,328,84,31,0,443,0,4,80,0,84,328,88,111,0,527,38,0,38,565
08/22/2022,OAK,CA,AWP,WE,Towers with Radar,349,57,42,0,448,0,8,43,0,51,349,65,85,0,499,52,0,52,551
08/23/2022,OAK,CA,AWP,WE,Towers with Radar,391,82,29,1,503,0,4,42,1,47,391,86,71,2,550,46,0,46,596
08/24/2022,OAK,CA,AWP,WE,Towers with Radar,387,81,39,1,508,0,5,35,3,43,387,86,74,4,551,2,0,2,553
08/25/2022,OAK,CA,AWP,WE,Towers with Radar,386,93,45,1,525,0,11,55,0,66,386,104,100,1,591,128,0,128,719
08/26/2022,OAK,CA,AWP,WE,Towers with Radar,375,83,34,1,493,0,8,53,0,61,375,91,87,1,554,46,0,46,600
08/27/2022,OAK,CA,AWP,WE,Towers with Radar,262,48,34,1,345,0,2,74,0,76,262,50,108,1,421,138,0,138,559
08/28/2022,OAK,CA,AWP,WE,Towers with Radar,330,87,45,0,462,0,3,59,0,62,330,90,104,0,524,82,0,82,606
08/29/2022,OAK,CA,AWP,WE,Towers with Radar,349,65,31,2,447,0,11,58,0,69,349,76,89,2,516,0,0,0,516
08/30/2022,OAK,CA,AWP,WE,Towers with Radar,388,66,33,0,487,0,9,71,0,80,388,75,104,0,567,138,0,138,705
08/31/2022,OAK,CA,AWP,WE,Towers with Radar,397,67,39,0,503,0,12,51,1,64,397,79,90,1,567,232,0,232,799
09/01/2022,OAK,CA,AWP,WE,Towers with Radar,385,92,34,1,512,0,16,69,0,85,385,108,103,1,597,114,0,114,711
09/02/2022,OAK,CA,AWP,WE,Towers with Radar,376,80,39,0,495,0,9,82,3,94,376,89,121,3,589,80,0,80,669
09/03/2022,OAK,CA,AWP,WE,Towers with Radar,259,50,18,1,328,0,4,61,6,71,259,54,79,7,399,168,0,168,567
09/04/2022,OAK,CA,AWP,WE,Towers with Radar,273,44,21,1,339,0,15,93,6,114,273,59,114,7,453,150,0,150,603
09/05/2022,OAK,CA,AWP,WE,Towers with Radar,325,78,31,0,434,0,12,66,1,79,325,90,97,1,513,38,0,38,551
09/06/2022,OAK,CA,AWP,WE,Towers with Radar,322,59,22,0,403,0,10,37,0,47,322,69,59,0,450,38,0,38,488
09/07/2022,OAK,CA,AWP,WE,Towers with Radar,364,76,44,1,485,0,10,55,4,69,364,86,99,5,554,0,0,0,554
09/08/2022,OAK,CA,AWP,WE,Towers with Radar,370,74,40,0,484,0,8,59,0,67,370,82,99,0,551,22,0,22,573
09/09/2022,OAK,CA,AWP,WE,Towers with Radar,371,73,36,0,480,1,15,58,2,76,372,88,94,2,556,110,0,110,666
09/10/2022,OAK,CA,AWP,WE,Towers with Radar,267,41,28,0,336,0,2,69,1,72,267,43,97,1,408,38,0,38,446
09/11/2022,OAK,CA,AWP,WE,Towers with Radar,279,89,55,0,423,0,5,66,0,71,279,94,121,0,494,24,0,24,518
09/12/2022,OAK,CA,AWP,WE,Towers with Radar,336,69,33,0,438,0,4,46,0,50,336,73,79,0,488,0,0,0,488
09/13/2022,OAK,CA,AWP,WE,Towers with Radar,358,68,38,0,464,0,3,38,2,43,358,71,76,2,507,58,0,58,565
09/14/2022,OAK,CA,AWP,WE,Towers with Radar,362,75,28,0,465,0,9,46,0,55,362,84,74,0,520,112,0,112,632
09/15/2022,OAK,CA,AWP,WE,Towers with Radar,389,88,33,4,514,0,9,35,0,44,389,97,68,4,558,94,0,94,652
09/16/2022,OAK,CA,AWP,WE,Towers with Radar,375,83,41,0,499,0,9,59,3,71,375,92,100,3,570,80,0,80,650
09/17/2022,OAK,CA,AWP,WE,Towers with Radar,267,51,29,0,347,0,0,58,0,58,267,51,87,0,405,12,0,12,417
09/18/2022,OAK,CA,AWP,WE,Towers with Radar,272,96,55,0,423,0,3,12,0,15,272,99,67,0,438,6,0,6,444
09/19/2022,OAK,CA,AWP,WE,Towers with Radar,337,76,49,4,466,0,10,25,2,37,337,86,74,6,503,0,0,0,503
09/20/2022,OAK,CA,AWP,WE,Towers with Radar,351,66,30,0,447,0,5,50,3,58,351,71,80,3,505,0,0,0,505
09/21/2022,OAK,CA,AWP,WE,Towers with Radar,376,88,36,0,500,0,5,61,3,69,376,93,97,3,569,0,0,0,569
09/22/2022,OAK,CA,AWP,WE,Towers with Radar,383,82,43,0,508,0,7,76,1,84,383,89,119,1,592,0,0,0,592
09/23/2022,OAK,CA,AWP,WE,Towers with Radar,371,75,31,0,477,0,9,72,0,81,371,84,103,0,558,52,0,52,610
09/24/2022,OAK,CA,AWP,WE,Towers with Radar,271,48,40,0,359,0,5,89,2,96,271,53,129,2,455,0,0,0,455
09/25/2022,OAK,CA,AWP,WE,Towers with Radar,279,68,46,0,393,0,4,61,0,65,279,72,107,0,458,14,0,14,472
09/26/2022,OAK,CA,AWP,WE,Towers with Radar,341,75,32,0,448,0,8,38,2,48,341,83,70,2,496,20,0,20,516
09/27/2022,OAK,CA,AWP,WE,Towers with Radar,364,93,26,0,483,0,10,44,3,57,364,103,70,3,540,70,0,70,610
09/28/2022,OAK,CA,AWP,WE,Towers with Radar,357,71,58,0,486,0,5,51,3,59,357,76,109,3,545,0,0,0,545
09/29/2022,OAK,CA,AWP,WE,Towers with Radar,383,73,19,0,475,0,7,61,0,68,383,80,80,0,543,104,0,104,647
09/30/2022,OAK,CA,AWP,WE,Towers with Radar,374,74,29,0,477,0,15,69,1,85,374,89,98,1,562,114,0,114,676
10/01/2022,OAK,CA,AWP,WE,Towers with Radar,265,46,32,0,343,0,0,47,2,49,265,46,79,2,392,0,0,0,392
10/02/2022,OAK,CA,AWP,WE,Towers with Radar,281,76,36,3,396,0,10,70,0,80,281,86,106,3,476,28,0,28,504
10/03/2022,OAK,CA,AWP,WE,Towers with Radar,333,72,37,1,443,0,10,51,0,61,333,82,88,1,504,0,0,0,504
10/04/2022,OAK,CA,AWP,WE,Towers with Radar,360,74,36,2,472,0,10,46,0,56,360,84,82,2,528,0,0,0,528
10/05/2022,OAK,CA,AWP,WE,Towers with Radar,372,72,25,6,475,0,10,46,0,56,372,82,71,6,531,0,0,0,531
10/06/2022,OAK,CA,AWP,WE,Towers with Radar,382,77,30,1,490,0,13,49,6,68,382,90,79,7,558,84,0,84,642
10/07/2022,OAK,CA,AWP,WE,Towers with Radar,370,69,31,1,471,1,12,66,17,96,371,81,97,18,567,0,0,0,567
10/08/2022,OAK,CA,AWP,WE,Towers with Radar,271,48,28,1,348,0,9,40,15,64,271,57,68,16,412,0,0,0,412
10/09/2022,OAK,CA,AWP,WE,Towers with Radar,266,64,47,2,379,0,2,46,7,55,266,66,93,9,434,46,0,46,480
10/10/2022,OAK,CA,AWP,WE,Towers with Radar,337,68,38,5,448,0,11,44,1,56,337,79,82,6,504,36,0,36,540
10/11/2022,OAK,CA,AWP,WE,Towers with Radar,378,74,38,1,491,0,8,52,0,60,378,82,90,1,551,100,0,100,651
10/12/2022,OAK,CA,AWP,WE,Towers with Radar,385,71,36,0,492,0,6,44,0,50,385,77,80,0,542,30,0,30,572
10/13/2022,OAK,CA,AWP,WE,Towers with Radar,383,82,41,1,507,0,11,50,0,61,383,93,91,1,568,62,0,62,630
10/14/2022,OAK,CA,AWP,WE,Towers with Radar,377,80,45,0,502,0,5,43,0,48,377,85,88,0,550,40,0,40,590
10/15/2022,OAK,CA,AWP,WE,Towers with Radar,266,53,33,0,352,0,0,15,0,15,266,53,48,0,367,184,0,184,551
10/16/2022,OAK,CA,AWP,WE,Towers with Radar,269,78,40,0,387,0,0,52,0,52,269,78,92,0,439,100,0,100,539
10/17/2022,OAK,CA,AWP,WE,Towers with Radar,332,66,24,0,422,0,13,44,1,58,332,79,68,1,480,104,0,104,584
10/18/2022,OAK,CA,AWP,WE,Towers with Radar,372,66,37,0,475,0,6,55,0,61,372,72,92,0,536,46,0,46,582
10/19/2022,OAK,CA,AWP,WE,Towers with Radar,379,80,45,4,508,0,14,60,0,74,379,94,105,4,582,104,0,104,686
10/20/2022,OAK,CA,AWP,WE,Towers with Radar,379,87,43,0,509,0,15,57,1,73,379,102,100,1,582,155,0,155,737
10/21/2022,OAK,CA,AWP,WE,Towers with Radar,368,75,59,0,502,0,11,50,1,62,368,86,109,1,564,0,0,0,564
10/22/2022,OAK,CA,AWP,WE,Towers with Radar,265,62,27,0,354,0,1,38,0,39,265,63,65,0,393,66,0,66,459
10/23/2022,OAK,CA,AWP,WE,Towers with Radar,271,81,41,0,393,0,3,57,0,60,271,84,98,0,453,28,0,28,481
10/24/2022,OAK,CA,AWP,WE,Towers with Radar,331,69,38,0,438,0,16,66,1,83,331,85,104,1,521,94,0,94,615
10/25/2022,OAK,CA,AWP,WE,Towers with Radar,371,79,33,1,484,0,10,36,2,48,371,89,69,3,532,128,0,128,660
10/26/2022,OAK,CA,AWP,WE,Towers with Radar,385,66,39,0,490,0,18,76,2,96,385,84,115,2,586,232,0,232,818
10/27/2022,OAK,CA,AWP,WE,Towers with Radar,382,71,33,0,486,0,11,54,0,65,382,82,87,0,551,202,18,220,771
10/28/2022,OAK,CA,AWP,WE,Towers with Radar,370,69,40,0,479,0,10,58,0,68,370,79,98,0,547,160,0,160,707
10/29/2022,OAK,CA,AWP,WE,Towers with Radar,266,38,24,1,329,0,6,67,0,73,266,44,91,1,402,108,0,108,510
10/30/2022,OAK,CA,AWP,WE,Towers with Radar,268,65,37,0,370,0,3,65,0,68,268,68,102,0,438,116,0,116,554
10/31/2022,OAK,CA,AWP,WE,Towers with Radar,322,67,28,0,417,0,15,45,0,60,322,82,73,0,477,154,0,154,631
11/01/2022,OAK,CA,AWP,WE,Towers with Radar,388,72,34,0,494,0,7,13,0,20,388,79,47,0,514,8,0,8,522
11/02/2022,OAK,CA,AWP,WE,Towers with Radar,385,61,25,1,472,0,11,38,1,50,385,72,63,2,522,98,0,98,620
11/03/2022,OAK,CA,AWP,WE,Towers with Radar,377,73,39,0,489,0,12,61,0,73,377,85,100,0,562,144,0,144,706
11/04/2022,OAK,CA,AWP,WE,Towers with Radar,366,68,21,3,458,0,7,26,0,33,366,75,47,3,491,70,0,70,561
11/05/2022,OAK,CA,AWP,WE,Towers with Radar,266,56,26,2,350,0,0,8,0,8,266,56,34,2,358,0,0,0,358
11/06/2022,OAK,CA,AWP,WE,Towers with Radar,309,74,48,1,432,0,3,51,2,56,309,77,99,3,488,218,0,218,706
11/07/2022,OAK,CA,AWP,WE,Towers with Radar,305,72,28,0,405,0,3,12,0,15,305,75,40,0,420,120,0,120,540
11/08/2022,OAK,CA,AWP,WE,Towers with Radar,350,68,29,0,447,0,5,4,0,9,350,73,33,0,456,18,0,18,474
11/09/2022,OAK,CA,AWP,WE,Towers with Radar,349,74,34,0,457,0,15,57,0,72,349,89,91,0,529,240,0,240,769
11/10/2022,OAK,CA,AWP,WE,Towers with Radar,362,73,38,0,473,0,4,67,0,71,362,77,105,0,544,142,0,142,686
11/11/2022,OAK,CA,AWP,WE,Towers with Radar,353,71,35,1,460,0,14,68,0,82,353,85,103,1,542,144,0,144,686
11/12/2022,OAK,CA,AWP,WE,Towers with Radar,252,40,16,0,308,0,5,41,1,47,252,45,57,1,355,142,0,142,497
11/13/2022,OAK,CA,AWP,WE,Towers with Radar,313,63,26,1,403,0,5,68,0,73,313,68,94,1,476,110,0,110,586
11/14/2022,OAK,CA,AWP,WE,Towers with Radar,312,56,27,0,395,0,11,61,0,72,312,67,88,0,467,122,0,122,589
11/15/2022,OAK,CA,AWP,WE,Towers with Radar,352,60,37,0,449,0,17,42,1,60,352,77,79,1,509,58,0,58,567
11/16/2022,OAK,CA,AWP,WE,Towers with Radar,355,66,37,0,458,0,15,61,0,76,355,81,98,0,534,198,0,198,732
11/17/2022,OAK,CA,AWP,WE,Towers with Radar,365,93,33,0,491,0,13,67,1,81,365,106,100,1,572,136,0,136,708
11/18/2022,OAK,CA,AWP,WE,Towers with Radar,359,80,49,2,490,1,11,63,0,75,360,91,112,2,565,216,0,216,781
11/19/2022,OAK,CA,AWP,WE,Towers with Radar,264,69,43,0,376,0,8,83,0,91,264,77,126,0,467,0,0,0,467
11/20/2022,OAK,CA,AWP,WE,Towers with Radar,324,71,47,0,442,0,6,76,1,83,324,77,123,1,525,0,0,0,525
11/21/2022,OAK,CA,AWP,WE,Towers with Radar,329,69,23,0,421,0,6,47,0,53,329,75,70,0,474,50,0,50,524
11/22/2022,OAK,CA,AWP,WE,Towers with Radar,372,69,40,0,481,0,10,71,5,86,372,79,111,5,567,134,0,134,701
11/23/2022,OAK,CA,AWP,WE,Towers with Radar,374,78,31,1,484,0,12,65,1,78,374,90,96,2,562,114,0,114,676
11/24/2022,OAK,CA,AWP,WE,Towers with Radar,230,30,9,0,269,0,8,34,0,42,230,38,43,0,311,14,0,14,325
11/25/2022,OAK,CA,AWP,WE,Towers with Radar,331,65,12,0,408,0,9,43,0,52,331,74,55,0,460,44,0,44,504
11/26/2022,OAK,CA,AWP,WE,Towers with Radar,260,64,45,0,369,0,1,50,0,51,260,65,95,0,420,88,0,88,508
11/27/2022,OAK,CA,AWP,WE,Towers with Radar,311,98,44,0,453,0,4,71,0,75,311,102,115,0,528,74,0,74,602
11/28/2022,OAK,CA,AWP,WE,Towers with Radar,322,62,32,0,416,0,13,37,1,51,322,75,69,1,467,50,0,50,517
11/29/2022,OAK,CA,AWP,WE,Towers with Radar,382,74,29,0,485,0,12,48,0,60,382,86,77,0,545,130,0,130,675
11/30/2022,OAK,CA,AWP,WE,Towers with Radar,368,72,22,0,462,0,10,53,2,65,368,82,75,2,527,96,0,96,623
12/01/2022,OAK,CA,AWP,WE,Towers with Radar,368,81,28,0,477,0,4,10,1,15,368,85,38,1,492,70,0,70,562
12/02/2022,OAK,CA,AWP,WE,Towers with Radar,348,76,27,0,451,0,7,68,0,75,348,83,95,0,526,170,0,170,696
12/03/2022,OAK,CA,AWP,WE,Towers with Radar,255,63,27,0,345,0,0,0,0,0,255,63,27,0,345,0,0,0,345
12/04/2022,OAK,CA,AWP,WE,Towers with Radar,327,70,33,2,432,0,6,28,0,34,327,76,61,2,466,154,0,154,620
12/05/2022,OAK,CA,AWP,WE,Towers with Radar,321,65,25,1,412,0,8,27,2,37,321,73,52,3,449,158,0,158,607
12/06/2022,OAK,CA,AWP,WE,Towers with Radar,382,61,27,1,471,0,9,27,1,37,382,70,54,2,508,162,0,162,670
12/07/2022,OAK,CA,AWP,WE,Towers with Radar,378,68,36,0,482,0,8,69,1,78,378,76,105,1,560,192,0,192,752
12/08/2022,OAK,CA,AWP,WE,Towers with Radar,384,97,48,1,530,0,3,22,2,27,384,100,70,3,557,76,48,124,681
12/09/2022,OAK,CA,AWP,WE,Towers with Radar,364,76,41,0,481,0,2,37,0,39,364,78,78,0,520,182,0,182,702
12/10/2022,OAK,CA,AWP,WE,Towers with Radar,267,35,28,0,330,0,0,0,0,0,267,35,28,0,330,14,0,14,344
12/11/2022,OAK,CA,AWP,WE,Towers with Radar,325,72,24,0,421,0,2,23,0,25,325,74,47,0,446,44,0,44,490
12/12/2022,OAK,CA,AWP,WE,Towers with Radar,326,84,35,1,446,0,5,39,1,45,326,89,74,2,491,158,0,158,649
12/13/2022,OAK,CA,AWP,WE,Towers with Radar,372,59,38,0,469,0,9,59,0,68,372,68,97,0,537,194,0,194,731
12/14/2022,OAK,CA,AWP,WE,Towers with Radar,382,66,27,0,475,0,5,48,1,54,382,71,75,1,529,132,0,132,661
12/15/2022,OAK,CA,AWP,WE,Towers with Radar,384,92,32,0,508,0,11,55,0,66,384,103,87,0,574,66,0,66,640
12/16/2022,OAK,CA,AWP,WE,Towers with Radar,392,79,43,1,515,0,21,43,1,65,392,100,86,2,580,144,0,144,724
12/17/2022,OAK,CA,AWP,WE,Towers with Radar,286,60,35,0,381,0,6,63,2,71,286,66,98,2,452,128,0,128,580
12/18/2022,OAK,CA,AWP,WE,Towers with Radar,333,58,41,3,435,0,3,58,0,61,333,61,99,3,496,166,0,166,662
12/19/2022,OAK,CA,AWP,WE,Towers with Radar,336,69,33,0,438,0,9,29,0,38,336,78,62,0,476,86,0,86,562
12/20/2022,OAK,CA,AWP,WE,Towers with Radar,400,62,26,0,488,0,9,26,3,38,400,71,52,3,526,170,0,170,696
12/21/2022,OAK,CA,AWP,WE,Towers with Radar,380,80,38,1,499,0,10,73,0,83,380,90,111,1,582,128,0,128,710
12/22/2022,OAK,CA,AWP,WE,Towers with Radar,354,86,29,0,469,0,9,26,0,35,354,95,55,0,504,131,0,131,635
12/23/2022,OAK,CA,AWP,WE,Towers with Radar,247,81,39,0,367,0,7,33,2,42,247,88,72,2,409,0,0,0,409
12/24/2022,OAK,CA,AWP,WE,Towers with Radar,176,42,25,0,243,0,3,28,0,31,176,45,53,0,274,30,0,30,304
12/25/2022,OAK,CA,AWP,WE,Towers with Radar,135,52,16,0,203,0,1,25,0,26,135,53,41,0,229,100,0,100,329
12/26/2022,OAK,CA,AWP,WE,Towers with Radar,125,83,66,0,274,0,0,34,0,34,125,83,100,0,308,160,0,160,468
12/27/2022,OAK,CA,AWP,WE,Towers with Radar,189,68,35,2,294,0,4,7,1,12,189,72,42,3,306,80,0,80,386
12/28/2022,OAK,CA,AWP,WE,Towers with Radar,253,79,35,2,369,0,8,68,0,76,253,87,103,2,445,86,0,86,531
12/29/2022,OAK,CA,AWP,WE,Towers with Radar,258,77,27,0,362,0,1,3,0,4,258,78,30,0,366,0,0,0,366
12/30/2022,OAK,CA,AWP,WE,Towers with Radar,350,77,24,0,451,0,1,0,0,1,350,78,24,0,452,0,0,0,452
12/31/2022,OAK,CA,AWP,WE,Towers with Radar,228,35,16,0,279,0,0,2,0,2,228,35,18,0,281,0,0,0,281
01/01/2023,OAK,CA,AWP,WE,Towers with Radar,293,57,30,0,380,0,2,55,0,57,293,59,85,0,437,74,0,74,511
01/02/2023,OAK,CA,AWP,WE,Towers with Radar,304,77,59,0,440,0,3,3,0,6,304,80,62,0,446,78,0,78,524
01/03/2023,OAK,CA,AWP,WE,Towers with Radar,346,74,46,0,466,0,13,12,0,25,346,87,58,0,491,226,0,226,717
01/04/2023,OAK,CA,AWP,WE,Towers with Radar,344,68,16,0,428,0,1,0,0,1,344,69,16,0,429,8,0,8,437
01/05/2023,OAK,CA,AWP,WE,Towers with Radar,366,66,21,0,453,0,3,0,0,3,366,69,21,0,456,0,0,0,456
01/06/2023,OAK,CA,AWP,WE,Towers with Radar,338,67,34,0,439,0,5,33,0,38,338,72,67,0,477,128,0,128,605
01/07/2023,OAK,CA,AWP,WE,Towers with Radar,225,46,19,0,290,0,0,5,0,5,225,46,24,0,295,6,0,6,301
01/08/2023,OAK,CA,AWP,WE,Towers with Radar,255,119,70,1,445,1,2,44,0,47,256,121,114,1,492,152,0,152,644
01/09/2023,OAK,CA,AWP,WE,Towers with Radar,307,73,35,0,415,0,6,8,0,14,307,79,43,0,429,0,0,0,429
01/10/2023,OAK,CA,AWP,WE,Towers with Radar,324,63,28,0,415,0,4,0,0,4,324,67,28,0,419,0,0,0,419
01/11/2023,OAK,CA,AWP,WE,Towers with Radar,300,122,52,1,475,0,2,1,0,3,300,124,53,1,478,0,0,0,478
01/12/2023,OAK,CA,AWP,WE,Towers with Radar,361,72,44,2,479,0,9,57,0,66,361,81,101,2,545,92,0,92,637
01/13/2023,OAK,CA,AWP,WE,Towers with Radar,339,96,29,0,464,0,2,3,0,5,339,98,32,0,469,0,0,0,469
01/14/2023,OAK,CA,AWP,WE,Towers with Radar,227,43,22,0,292,0,1,2,0,3,227,44,24,0,295,20,0,20,315
01/15/2023,OAK,CA,AWP,WE,Towers with Radar,243,43,15,0,301,0,0,2,0,2,243,43,17,0,303,68,0,68,371
01/16/2023,OAK,CA,AWP,WE,Towers with Radar,304,67,42,0,413,0,10,19,0,29,304,77,61,0,442,24,0,24,466
01/17/2023,OAK,CA,AWP,WE,Towers with Radar,320,64,24,0,408,0,12,61,0,73,320,76,85,0,481,102,0,102,583
01/18/2023,OAK,CA,AWP,WE,Towers with Radar,317,54,19,0,390,0,7,25,0,32,317,61,44,0,422,106,0,106,528
01/19/2023,OAK,CA,AWP,WE,Towers with Radar,351,87,27,0,465,0,11,32,1,44,351,98,59,1,509,70,0,70,579
01/20/2023,OAK,CA,AWP,WE,Towers with Radar,333,73,34,0,440,0,12,62,1,75,333,85,96,1,515,16,38,54,569
01/21/2023,OAK,CA,AWP,WE,Towers with Radar,221,45,25,0,291,0,4,78,0,82,221,49,103,0,373,174,0,174,547
01/22/2023,OAK,CA,AWP,WE,Towers with Radar,254,54,24,0,332,0,2,57,0,59,254,56,81,0,391,80,0,80,471
01/23/2023,OAK,CA,AWP,WE,Towers with Radar,302,63,30,0,395,0,9,32,2,43,302,72,62,2,438,42,0,42,480
01/24/2023,OAK,CA,AWP,WE,Towers with Radar,315,51,36,0,402,0,11,49,2,62,315,62,85,2,464,82,0,82,546
01/25/2023,OAK,CA,AWP,WE,Towers with Radar,325,87,36,0,448,0,13,65,1,79,325,100,101,1,527,152,0,152,679
01/26/2023,OAK,CA,AWP,WE,Towers with Radar,350,76,41,0,467,0,18,37,0,55,350,94,78,0,522,44,0,44,566
01/27/2023,OAK,CA,AWP,WE,Towers with Radar,335,68,31,0,434,0,7,55,0,62,335,75,86,0,496,126,0,126,622
01/28/2023,OAK,CA,AWP,WE,Towers with Radar,223,31,17,0,271,0,4,46,0,50,223,35,63,0,321,102,0,102,423
01/29/2023,OAK,CA,AWP,WE,Towers with Radar,254,61,23,0,338,0,1,21,0,22,254,62,44,0,360,142,0,142,502
01/30/2023,OAK,CA,AWP,WE,Towers with Radar,278,51,25,0,354,0,9,58,0,67,278,60,83,0,421,30,12,42,463
01/31/2023,OAK,CA,AWP,WE,Towers with Radar,315,63,23,0,401,0,8,81,1,90,315,71,104,1,491,210,0,210,701
02/01/2023,OAK,CA,AWP,WE,Towers with Radar,306,82,30,0,418,0,12,64,3,79,306,94,94,3,497,54,22,76,573
02/02/2023,OAK,CA,AWP,WE,Towers with Radar,350,72,26,0,448,0,11,48,3,62,350,83,74,3,510,0,0,0,510
02/03/2023,OAK,CA,AWP,WE,Towers with Radar,334,62,20,0,416,0,3,19,2,24,334,65,39,2,440,136,4,140,580
02/04/2023,OAK,CA,AWP,WE,Towers with Radar,229,40,28,0,297,0,1,5,0,6,229,41,33,0,303,6,0,6,309
02/05/2023,OAK,CA,AWP,WE,Towers with Radar,262,75,31,0,368,0,10,14,0,24,262,85,45,0,392,166,0,166,558
02/06/2023,OAK,CA,AWP,WE,Towers with Radar,311,56,17,0,384,0,13,73,0,86,311,69,90,0,470,162,0,162,632
02/07/2023,OAK,CA,AWP,WE,Towers with Radar,317,56,28,0,401,0,12,73,1,86,317,68,101,1,487,82,0,82,569
02/08/2023,OAK,CA,AWP,WE,Towers with Radar,329,60,36,0,425,0,11,88,1,100,329,71,124,1,525,224,0,224,749
02/09/2023,OAK,CA,AWP,WE,Towers with Radar,346,84,33,0,463,0,9,78,2,89,346,93,111,2,552,138,0,138,690
02/10/2023,OAK,CA,AWP,WE,Towers with Radar,331,65,36,0,432,0,11,38,0,49,331,76,74,0,481,152,0,152,633
02/11/2023,OAK,CA,AWP,WE,Towers with Radar,218,44,27,0,289,0,0,35,0,35,218,44,62,0,324,188,0,188,512
02/12/2023,OAK,CA,AWP,WE,Towers with Radar,253,50,24,0,327,0,6,95,1,102,253,56,119,1,429,140,38,178,607
02/13/2023,OAK,CA,AWP,WE,Towers with Radar,305,45,43,0,393,0,10,49,1,60,305,55,92,1,453,62,0,62,515
02/14/2023,OAK,CA,AWP,WE,Towers with Radar,308,48,22,0,378,0,11,11,0,22,308,59,33,0,400,2,0,2,402
02/15/2023,OAK,CA,AWP,WE,Towers with Radar,326,66,27,0,419,0,17,90,0,107,326,83,117,0,526,112,0,112,638
02/16/2023,OAK,CA,AWP,WE,Towers with Radar,341,78,43,0,462,0,16,68,2,86,341,94,111,2,548,100,0,100,648
02/17/2023,OAK,CA,AWP,WE,Towers with Radar,340,102,46,0,488,0,17,60,3,80,340,119,106,3,568,128,10,138,706
02/18/2023,OAK,CA,AWP,WE,Towers with Radar,222,62,26,0,310,0,2,67,1,70,222,64,93,1,380,172,0,172,552
02/19/2023,OAK,CA,AWP,WE,Towers with Radar,240,56,27,3,326,0,4,83,2,89,240,60,110,5,415,138,0,138,553
02/20/2023,OAK,CA,AWP,WE,Towers with Radar,308,66,36,0,410,0,17,73,1,91,308,83,109,1,501,270,0,270,771
02/21/2023,OAK,CA,AWP,WE,Towers with Radar,315,56,27,0,398,0,2,9,2,13,315,58,36,2,411,0,0,0,411
02/22/2023,OAK,CA,AWP,WE,Towers with Radar,309,67,24,0,400,0,7,5,0,12,309,74,29,0,412,54,0,54,466
02/23/2023,OAK,CA,AWP,WE,Towers with Radar,328,61,19,0,408,0,7,8,0,15,328,68,27,0,423,86,0,86,509
02/24/2023,OAK,CA,AWP,WE,Towers with Radar,319,82,21,0,422,0,4,20,0,24,319,86,41,0,446,190,0,190,636
02/25/2023,OAK,CA,AWP,WE,Towers with Radar,227,67,37,0,331,0,4,43,0,47,227,71,80,0,378,258,2,260,638
02/26/2023,OAK,CA,AWP,WE,Towers with Radar,255,84,37,0,376,0,6,13,0,19,255,90,50,0,395,100,0,100,495
02/27/2023,OAK,CA,AWP,WE,Towers with Radar,314,52,16,0,382,0,8,3,0,11,314,60,19,0,393,0,0,0,393
02/28/2023,OAK,CA,AWP,WE,Towers with Radar,329,64,14,0,407,0,2,3,0,5,329,66,17,0,412,8,0,8,420
03/01/2023,OAK,CA,AWP,WE,Towers with Radar,328,58,33,0,419,0,9,46,0,55,328,67,79,0,474,84,0,84,558
03/02/2023,OAK,CA,AWP,WE,Towers with Radar,346,74,32,2,454,0,21,84,3,108,346,95,116,5,562,266,0,266,828
03/03/2023,OAK,CA,AWP,WE,Towers with Radar,336,71,34,0,441,0,8,64,2,74,336,79,98,2,515,192,10,202,717
03/04/2023,OAK,CA,AWP,WE,Towers with Radar,220,39,15,0,274,0,1,10,0,11,220,40,25,0,285,100,0,100,385
03/05/2023,OAK,CA,AWP,WE,Towers with Radar,254,74,27,0,355,0,4,42,1,47,254,78,69,1,402,156,18,174,576
03/06/2023,OAK,CA,AWP,WE,Towers with Radar,312,58,32,1,403,0,9,38,0,47,312,67,70,1,450,240,0,240,690
03/07/2023,OAK,CA,AWP,WE,Towers with Radar,326,63,34,0,423,0,13,56,0,69,326,76,90,0,492,170,0,170,662
03/08/2023,OAK,CA,AWP,WE,Towers with Radar,330,70,42,0,442,0,15,79,0,94,330,85,121,0,536,268,0,268,804
03/09/2023,OAK,CA,AWP,WE,Towers with Radar,347,85,41,0,473,0,5,7,0,12,347,90,48,0,485,12,0,12,497
03/10/2023,OAK,CA,AWP,WE,Towers with Radar,332,64,34,0,430,0,7,28,0,35,332,71,62,0,465,36,0,36,501
03/11/2023,OAK,CA,AWP,WE,Towers with Radar,225,41,20,0,286,0,0,2,0,2,225,41,22,0,288,30,0,30,318
03/12/2023,OAK,CA,AWP,WE,Towers with Radar,244,90,42,2,378,0,2,3,0,5,244,92,45,2,383,18,0,18,401
03/13/2023,OAK,CA,AWP,WE,Towers with Radar,310,73,35,1,419,0,6,17,0,23,310,79,52,1,442,100,0,100,542
03/14/2023,OAK,CA,AWP,WE,Towers with Radar,332,64,19,0,415,0,0,1,0,1,332,64,20,0,416,12,0,12,428
03/15/2023,OAK,CA,AWP,WE,Towers with Radar,326,71,38,0,435,0,16,82,0,98,326,87,120,0,533,342,0,342,875
03/16/2023,OAK,CA,AWP,WE,Towers with Radar,349,90,42,1,482,0,9,79,0,88,349,99,121,1,570,264,0,264,834
03/17/2023,OAK,CA,AWP,WE,Towers with Radar,330,80,37,1,448,0,7,85,0,92,330,87,122,1,540,150,0,150,690
03/18/2023,OAK,CA,AWP,WE,Towers with Radar,222,37,29,3,291,0,4,82,5,91,222,41,111,8,382,128,4,132,514
03/19/2023,OAK,CA,AWP,WE,Towers with Radar,244,81,42,0,367,0,1,2,0,3,244,82,44,0,370,10,0,10,380
03/20/2023,OAK,CA,AWP,WE,Towers with Radar,298,54,40,0,392,0,11,52,0,63,298,65,92,0,455,248,0,248,703
03/21/2023,OAK,CA,AWP,WE,Towers with Radar,318,47,25,0,390,0,2,0,1,3,318,49,25,1,393,0,0,0,393
03/22/2023,OAK,CA,AWP,WE,Towers with Radar,328,74,35,1,438,0,5,35,0,40,328,79,70,1,478,190,0,190,668
03/23/2023,OAK,CA,AWP,WE,Towers with Radar,345,74,41,1,461,0,10,29,0,39,345,84,70,1,500,14,0,14,514
03/24/2023,OAK,CA,AWP,WE,Towers with Radar,330,68,37,0,435,0,15,56,1,72,330,83,93,1,507,60,0,60,567
03/25/2023,OAK,CA,AWP,WE,Towers with Radar,226,34,22,0,282,0,4,69,0,73,226,38,91,0,355,114,0,114,469
03/26/2023,OAK,CA,AWP,WE,Towers with Radar,249,62,45,0,356,0,4,100,0,104,249,66,145,0,460,178,0,178,638
03/27/2023,OAK,CA,AWP,WE,Towers with Radar,302,52,29,1,384,0,12,60,0,72,302,64,89,1,456,132,0,132,588
03/28/2023,OAK,CA,AWP,WE,Towers with Radar,324,50,28,0,402,0,6,0,0,6,324,56,28,0,408,0,0,0,408
03/29/2023,OAK,CA,AWP,WE,Towers with Radar,331,80,25,0,436,0,4,3,1,8,331,84,28,1,444,0,0,0,444
03/30/2023,OAK,CA,AWP,WE,Towers with Radar,342,73,38,0,453,0,11,73,0,84,342,84,111,0,537,134,0,134,671
03/31/2023,OAK,CA,AWP,WE,Towers with Radar,334,78,30,0,442,0,11,87,0,98,334,89,117,0,540,186,0,186,726
04/01/2023,OAK,CA,AWP,WE,Towers with Radar,218,44,17,0,279,0,2,57,0,59,218,46,74,0,338,0,0,0,338
04/02/2023,OAK,CA,AWP,WE,Towers with Radar,258,62,36,0,356,0,11,52,1,64,258,73,88,1,420,26,0,26,446
04/03/2023,OAK,CA,AWP,WE,Towers with Radar,304,57,24,1,386,0,6,10,0,16,304,63,34,1,402,0,0,0,402
04/04/2023,OAK,CA,AWP,WE,Towers with Radar,322,57,15,1,395,0,12,62,0,74,322,69,77,1,469,82,0,82,551
04/05/2023,OAK,CA,AWP,WE,Towers with Radar,333,57,15,0,405,0,11,67,0,78,333,68,82,0,483,131,0,131,614
04/06/2023,OAK,CA,AWP,WE,Towers with Radar,354,64,24,0,442,0,13,77,2,92,354,77,101,2,534,158,0,158,692
04/07/2023,OAK,CA,AWP,WE,Towers with Radar,336,85,28,0,449,0,4,3,3,10,336,89,31,3,459,72,16,88,547
04/08/2023,OAK,CA,AWP,WE,Towers with Radar,223,51,26,0,300,0,2,82,1,85,223,53,108,1,385,266,0,266,651
04/09/2023,OAK,CA,AWP,WE,Towers with Radar,256,64,25,0,345,0,8,73,0,81,256,72,98,0,426,107,0,107,533
04/10/2023,OAK,CA,AWP,WE,Towers with Radar,306,40,40,0,386,0,8,52,0,60,306,48,92,0,446,64,0,64,510
04/11/2023,OAK,CA,AWP,WE,Towers with Radar,354,52,22,0,428,0,9,48,0,57,354,61,70,0,485,126,0,126,611
04/12/2023,OAK,CA,AWP,WE,Towers with Radar,361,48,21,2,432,0,11,56,2,69,361,59,77,4,501,94,12,106,607
04/13/2023,OAK,CA,AWP,WE,Towers with Radar,360,61,26,0,447,0,11,62,5,78,360,72,88,5,525,100,12,112,637
04/14/2023,OAK,CA,AWP,WE,Towers with Radar,341,69,27,0,437,0,6,68,0,74,341,75,95,0,511,128,0,128,639
04/15/2023,OAK,CA,AWP,WE,Towers with Radar,230,61,28,0,319,0,0,85,3,88,230,61,113,3,407,60,0,60,467
04/16/2023,OAK,CA,AWP,WE,Towers with Radar,275,70,38,0,383,0,3,69,2,74,275,73,107,2,457,42,0,42,499
04/17/2023,OAK,CA,AWP,WE,Towers with Radar,317,54,37,3,411,0,6,41,1,48,317,60,78,4,459,58,2,60,519
04/18/2023,OAK,CA,AWP,WE,Towers with Radar,350,68,33,0,451,0,13,58,0,71,350,81,91,0,522,138,0,138,660
04/19/2023,OAK,CA,AWP,WE,Towers with Radar,359,63,26,0,448,0,13,85,1,99,359,76,111,1,547,84,0,84,631
04/20/2023,OAK,CA,AWP,WE,Towers with Radar,354,70,33,0,457,0,8,88,2,98,354,78,121,2,555,146,0,146,701
04/21/2023,OAK,CA,AWP,WE,Towers with Radar,349,69,26,0,444,0,8,79,0,87,349,77,105,0,531,212,0,212,743
04/22/2023,OAK,CA,AWP,WE,Towers with Radar,217,46,16,0,279,0,0,80,0,80,217,46,96,0,359,230,0,230,589
04/23/2023,OAK,CA,AWP,WE,Towers with Radar,268,55,39,0,362,0,1,63,0,64,268,56,102,0,426,94,0,94,520
04/24/2023,OAK,CA,AWP,WE,Towers with Radar,323,55,23,0,401,0,11,57,0,68,323,66,80,0,469,162,0,162,631
04/25/2023,OAK,CA,AWP,WE,Towers with Radar,339,56,28,0,423,0,13,90,1,104,339,69,118,1,527,240,0,240,767
04/26/2023,OAK,CA,AWP,WE,Towers with Radar,366,53,35,0,454,0,8,51,12,71,366,61,86,12,525,150,0,150,675
04/27/2023,OAK,CA,AWP,WE,Towers with Radar,363,73,36,0,472,0,18,73,0,91,363,91,109,0,563,156,0,156,719
04/28/2023,OAK,CA,AWP,WE,Towers with Radar,346,79,47,0,472,0,8,63,0,71,346,87,110,0,543,60,0,60,603
04/29/2023,OAK,CA,AWP,WE,Towers with Radar,218,36,24,0,278,0,0,59,0,59,218,36,83,0,337,26,0,26,363
04/30/2023,OAK,CA,AWP,WE,Towers with Radar,269,53,38,0,360,0,7,41,0,48,269,60,79,0,408,26,0,26,434
05/01/2023,OAK,CA,AWP,WE,Towers with Radar,322,62,31,0,415,0,2,20,0,22,322,64,51,0,437,62,0,62,499
05/02/2023,OAK,CA,AWP,WE,Towers with Radar,356,59,29,0,444,0,4,15,0,19,356,63,44,0,463,66,0,66,529
05/03/2023,OAK,CA,AWP,WE,Towers with Radar,359,81,37,0,477,0,6,20,0,26,359,87,57,0,503,54,0,54,557
05/04/2023,OAK,CA,AWP,WE,Towers with Radar,362,73,54,0,489,0,4,41,0,45,362,77,95,0,534,34,0,34,568
05/05/2023,OAK,CA,AWP,WE,Towers with Radar,352,65,18,1,436,0,12,43,0,55,352,77,61,1,491,220,0,220,711
05/06/2023,OAK,CA,AWP,WE,Towers with Radar,218,38,16,1,273,0,3,26,0,29,218,41,42,1,302,214,0,214,516
05/07/2023,OAK,CA,AWP,WE,Towers with Radar,269,52,28,0,349,0,11,93,3,107,269,63,121,3,456,138,0,138,594
05/08/2023,OAK,CA,AWP,WE,Towers with Radar,330,47,32,0,409,0,8,40,0,48,330,55,72,0,457,118,0,118,575
05/09/2023,OAK,CA,AWP,WE,Towers with Radar,358,65,30,0,453,0,8,56,1,65,358,73,86,1,518,110,0,110,628
05/10/2023,OAK,CA,AWP,WE,Towers with Radar,372,76,41,0,489,0,9,54,8,71,372,85,95,8,560,162,0,162,722
05/11/2023,OAK,CA,AWP,WE,Towers with Radar,371,73,32,0,476,0,14,54,2,70,371,87,86,2,546,222,0,222,768
05/12/2023,OAK,CA,AWP,WE,Towers with Radar,343,79,36,0,458,0,7,49,1,57,343,86,85,1,515,68,0,68,583
05/13/2023,OAK,CA,AWP,WE,Towers with Radar,237,47,18,0,302,0,2,70,3,75,237,49,88,3,377,40,0,40,417
05/14/2023,OAK,CA,AWP,WE,Towers with Radar,275,57,28,4,364,0,12,64,1,77,275,69,92,5,441,14,0,14,455
05/15/2023,OAK,CA,AWP,WE,Towers with Radar,331,71,37,0,439,0,13,30,0,43,331,84,67,0,482,68,0,68,550
05/16/2023,OAK,CA,AWP,WE,Towers with Radar,360,64,30,0,454,0,8,45,1,54,360,72,75,1,508,160,0,160,668
05/17/2023,OAK,CA,AWP,WE,Towers with Radar,371,63,28,2,464,0,8,50,3,61,371,71,78,5,525,0,0,0,525
05/18/2023,OAK,CA,AWP,WE,Towers with Radar,356,68,36,4,464,0,10,46,0,56,356,78,82,4,520,170,0,170,690
05/19/2023,OAK,CA,AWP,WE,Towers with Radar,355,71,33,1,460,0,9,31,3,43,355,80,64,4,503,52,0,52,555
05/20/2023,OAK,CA,AWP,WE,Towers with Radar,237,40,31,0,308,0,1,24,0,25,237,41,55,0,333,106,0,106,439
05/21/2023,OAK,CA,AWP,WE,Towers with Radar,280,55,46,0,381,0,5,54,0,59,280,60,100,0,440,114,0,114,554
05/22/2023,OAK,CA,AWP,WE,Towers with Radar,326,47,25,0,398,0,10,48,0,58,326,57,73,0,456,153,0,153,609
05/23/2023,OAK,CA,AWP,WE,Towers with Radar,356,72,32,0,460,0,11,43,2,56,356,83,75,2,516,218,0,218,734
05/24/2023,OAK,CA,AWP,WE,Towers with Radar,370,58,36,0,464,0,4,52,0,56,370,62,88,0,520,260,0,260,780
05/25/2023,OAK,CA,AWP,WE,Towers with Radar,366,63,27,0,456,0,8,34,2,44,366,71,61,2,500,246,0,246,746
05/26/2023,OAK,CA,AWP,WE,Towers with Radar,352,78,38,0,468,0,18,35,0,53,352,96,73,0,521,154,0,154,675
05/27/2023,OAK,CA,AWP,WE,Towers with Radar,227,34,21,5,287,0,0,38,0,38,227,34,59,5,325,92,0,92,417
05/28/2023,OAK,CA,AWP,WE,Towers with Radar,238,33,26,0,297,0,2,17,0,19,238,35,43,0,316,2,0,2,318
05/29/2023,OAK,CA,AWP,WE,Towers with Radar,315,62,38,2,417,0,10,78,0,88,315,72,116,2,505,206,0,206,711
05/30/2023,OAK,CA,AWP,WE,Towers with Radar,317,42,31,0,390,0,14,37,0,51,317,56,68,0,441,104,0,104,545
05/31/2023,OAK,CA,AWP,WE,Towers with Radar,375,67,41,0,483,0,9,45,1,55,375,76,86,1,538,22,0,22,560
06/01/2023,OAK,CA,AWP,WE,Towers with Radar,368,70,38,0,476,0,14,62,1,77,368,84,100,1,553,230,0,230,783
06/02/2023,OAK,CA,AWP,WE,Towers with Radar,356,46,29,0,431,0,11,62,0,73,356,57,91,0,504,226,0,226,730
06/03/2023,OAK,CA,AWP,WE,Towers with Radar,233,34,16,0,283,0,7,57,0,64,233,41,73,0,347,154,0,154,501
06/04/2023,OAK,CA,AWP,WE,Towers with Radar,263,51,31,0,345,0,8,79,0,87,263,59,110,0,432,182,0,182,614
06/05/2023,OAK,CA,AWP,WE,Towers with Radar,322,40,29,0,391,0,8,35,0,43,322,48,64,0,434,64,0,64,498
06/06/2023,OAK,CA,AWP,WE,Towers with Radar,341,67,25,0,433,0,9,24,0,33,341,76,49,0,466,250,0,250,716
06/07/2023,OAK,CA,AWP,WE,Towers with Radar,355,61,48,0,464,0,9,33,6,48,355,70,81,6,512,214,10,224,736
06/08/2023,OAK,CA,AWP,WE,Towers with Radar,359,69,26,0,454,0,11,38,2,51,359,80,64,2,505,124,0,124,629
06/09/2023,OAK,CA,AWP,WE,Towers with Radar,346,61,34,0,441,0,8,54,0,62,346,69,88,0,503,180,0,180,683
06/10/2023,OAK,CA,AWP,WE,Towers with Radar,238,51,25,0,314,0,0,37,0,37,238,51,62,0,351,16,0,16,367
06/11/2023,OAK,CA,AWP,WE,Towers with Radar,264,68,40,0,372,0,6,60,0,66,264,74,100,0,438,98,0,98,536
06/12/2023,OAK,CA,AWP,WE,Towers with Radar,313,63,34,0,410,0,6,45,1,52,313,69,79,1,462,138,0,138,600
06/13/2023,OAK,CA,AWP,WE,Towers with Radar,346,61,29,0,436,0,5,44,0,49,346,66,73,0,485,58,0,58,543
06/14/2023,OAK,CA,AWP,WE,Towers with Radar,362,67,23,0,452,0,7,44,0,51,362,74,67,0,503,84,0,84,587
06/15/2023,OAK,CA,AWP,WE,Towers with Radar,359,67,21,0,447,0,14,61,0,75,359,81,82,0,522,52,0,52,574
06/16/2023,OAK,CA,AWP,WE,Towers with Radar,348,75,35,0,458,1,7,44,0,52,349,82,79,0,510,72,0,72,582
06/17/2023,OAK,CA,AWP,WE,Towers with Radar,247,30,13,0,290,0,3,55,0,58,247,33,68,0,348,32,0,32,380
06/18/2023,OAK,CA,AWP,WE,Towers with Radar,259,55,36,0,350,0,2,53,0,55,259,57,89,0,405,20,0,20,425
06/19/2023,OAK,CA,AWP,WE,Towers with Radar,320,57,39,0,416,0,5,26,0,31,320,62,65,0,447,10,0,10,457
06/20/2023,OAK,CA,AWP,WE,Towers with Radar,343,27,8,0,378,0,1,4,0,5,343,28,12,0,383,0,0,0,383
06/21/2023,OAK,CA,AWP,WE,Towers with Radar,354,54,20,2,430,0,7,56,0,63,354,61,76,2,493,118,0,118,611
06/22/2023,OAK,CA,AWP,WE,Towers with Radar,347,60,30,3,440,0,8,59,0,67,347,68,89,3,507,76,0,76,583
06/23/2023,OAK,CA,AWP,WE,Towers with Radar,349,62,36,0,447,0,8,68,0,76,349,70,104,0,523,154,0,154,677
06/24/2023,OAK,CA,AWP,WE,Towers with Radar,238,49,20,1,308,0,6,47,0,53,238,55,67,1,361,248,0,248,609
06/25/2023,OAK,CA,AWP,WE,Towers with Radar,260,62,36,0,358,0,5,25,0,30,260,67,61,0,388,0,0,0,388
06/26/2023,OAK,CA,AWP,WE,Towers with Radar,317,66,43,0,426,0,4,29,0,33,317,70,72,0,459,80,0,80,539
06/27/2023,OAK,CA,AWP,WE,Towers with Radar,340,72,23,0,435,0,1,29,0,30,340,73,52,0,465,20,0,20,485
06/28/2023,OAK,CA,AWP,WE,Towers with Radar,363,70,32,0,465,0,3,29,0,32,363,73,61,0,497,64,0,64,561
06/29/2023,OAK,CA,AWP,WE,Towers with Radar,358,71,43,0,472,0,3,58,0,61,358,74,101,0,533,24,0,24,557
06/30/2023,OAK,CA,AWP,WE,Towers with Radar,338,69,31,0,438,0,7,64,0,71,338,76,95,0,509,214,0,214,723
07/01/2023,OAK,CA,AWP,WE,Towers with Radar,252,50,23,0,325,0,5,80,0,85,252,55,103,0,410,190,0,190,600
07/02/2023,OAK,CA,AWP,WE,Towers with Radar,261,38,25,0,324,0,1,59,0,60,261,39,84,0,384,108,0,108,492
07/03/2023,OAK,CA,AWP,WE,Towers with Radar,321,38,15,0,374,0,5,45,0,50,321,43,60,0,424,210,0,210,634
07/04/2023,OAK,CA,AWP,WE,Towers with Radar,284,35,13,0,332,0,5,55,1,61,284,40,68,1,393,126,0,126,519
07/05/2023,OAK,CA,AWP,WE,Towers with Radar,360,59,28,0,447,0,11,39,0,50,360,70,67,0,497,204,0,204,701
07/06/2023,OAK,CA,AWP,WE,Towers with Radar,358,52,24,0,434,0,4,35,0,39,358,56,59,0,473,130,0,130,603
07/07/2023,OAK,CA,AWP,WE,Towers with Radar,356,56,27,0,439,0,2,20,0,22,356,58,47,0,461,102,0,102,563
07/08/2023,OAK,CA,AWP,WE,Towers with Radar,243,33,29,0,305,0,0,53,0,53,243,33,82,0,358,64,0,64,422
07/09/2023,OAK,CA,AWP,WE,Towers with Radar,263,54,42,0,359,0,1,29,0,30,263,55,71,0,389,166,0,166,555
07/10/2023,OAK,CA,AWP,WE,Towers with Radar,334,48,29,0,411,0,9,59,0,68,334,57,88,0,479,150,0,150,629
07/11/2023,OAK,CA,AWP,WE,Towers with Radar,348,68,30,0,446,0,13,79,0,92,348,81,109,0,538,174,0,174,712
07/12/2023,OAK,CA,AWP,WE,Towers with Radar,367,69,19,0,455,0,7,71,0,78,367,76,90,0,533,334,0,334,867
07/13/2023,OAK,CA,AWP,WE,Towers with Radar,365,67,33,0,465,0,9,74,0,83,365,76,107,0,548,50,0,50,598
07/14/2023,OAK,CA,AWP,WE,Towers with Radar,366,59,25,2,452,0,6,65,0,71,366,65,90,2,523,162,0,162,685
07/15/2023,OAK,CA,AWP,WE,Towers with Radar,250,43,25,0,318,0,7,60,0,67,250,50,85,0,385,170,0,170,555
07/16/2023,OAK,CA,AWP,WE,Towers with Radar,266,50,31,0,347,0,1,89,0,90,266,51,120,0,437,150,0,150,587
07/17/2023,OAK,CA,AWP,WE,Towers with Radar,336,49,23,1,409,0,5,41,1,47,336,54,64,2,456,44,0,44,500
07/18/2023,OAK,CA,AWP,WE,Towers with Radar,345,47,21,0,413,0,9,50,1,60,345,56,71,1,473,120,0,120,593
07/19/2023,OAK,CA,AWP,WE,Towers with Radar,360,58,30,0,448,0,5,59,2,66,360,63,89,2,514,46,0,46,560
07/20/2023,OAK,CA,AWP,WE,Towers with Radar,350,72,34,0,456,0,5,44,0,49,350,77,78,0,505,120,2,122,627
07/21/2023,OAK,CA,AWP,WE,Towers with Radar,355,62,24,0,441,0,8,69,0,77,355,70,93,0,518,296,0,296,814
07/22/2023,OAK,CA,AWP,WE,Towers with Radar,252,39,18,0,309,0,4,87,10,101,252,43,105,10,410,250,0,250,660
07/23/2023,OAK,CA,AWP,WE,Towers with Radar,271,62,20,0,353,0,3,62,2,67,271,65,82,2,420,84,0,84,504
07/24/2023,OAK,CA,AWP,WE,Towers with Radar,317,58,24,0,399,0,10,52,0,62,317,68,76,0,461,18,0,18,479
07/25/2023,OAK,CA,AWP,WE,Towers with Radar,350,52,24,0,426,0,9,58,1,68,350,61,82,1,494,148,0,148,642
07/26/2023,OAK,CA,AWP,WE,Towers with Radar,361,66,24,0,451,0,7,44,1,52,361,73,68,1,503,134,0,134,637
07/27/2023,OAK,CA,AWP,WE,Towers with Radar,361,56,20,0,437,0,7,71,0,78,361,63,91,0,515,194,0,194,709
07/28/2023,OAK,CA,AWP,WE,Towers with Radar,351,66,26,0,443,0,5,69,2,76,351,71,95,2,519,152,0,152,671
07/29/2023,OAK,CA,AWP,WE,Towers with Radar,244,42,15,0,301,0,2,47,0,49,244,44,62,0,350,184,0,184,534
07/30/2023,OAK,CA,AWP,WE,Towers with Radar,261,53,31,0,345,0,2,63,0,65,261,55,94,0,410,140,0,140,550
07/31/2023,OAK,CA,AWP,WE,Towers with Radar,322,54,25,0,401,0,10,69,0,79,322,64,94,0,480,6,0,6,486
08/01/2023,OAK,CA,AWP,WE,Towers with Radar,350,48,33,0,431,0,9,42,1,52,350,57,75,1,483,164,0,164,647
08/02/2023,OAK,CA,AWP,WE,Towers with Radar,364,50,24,0,438,0,4,25,0,29,364,54,49,0,467,62,16,78,545
08/03/2023,OAK,CA,AWP,WE,Towers with Radar,368,62,34,0,464,0,1,10,0,11,368,63,44,0,475,12,0,12,487
08/04/2023,OAK,CA,AWP,WE,Towers with Radar,349,56,24,0,429,0,5,52,0,57,349,61,76,0,486,94,0,94,580
08/05/2023,OAK,CA,AWP,WE,Towers with Radar,251,42,22,0,315,0,1,60,1,62,251,43,82,1,377,82,0,82,459
08/06/2023,OAK,CA,AWP,WE,Towers with Radar,266,61,24,1,352,0,4,99,0,103,266,65,123,1,455,114,0,114,569
08/07/2023,OAK,CA,AWP,WE,Towers with Radar,327,55,35,0,417,0,6,53,1,60,327,61,88,1,477,24,0,24,501
08/08/2023,OAK,CA,AWP,WE,Towers with Radar,346,53,24,0,423,0,11,59,0,70,346,64,83,0,493,96,0,96,589
08/09/2023,OAK,CA,AWP,WE,Towers with Radar,363,74,42,0,479,0,8,42,0,50,363,82,84,0,529,20,0,20,549
08/10/2023,OAK,CA,AWP,WE,Towers with Radar,356,78,28,0,462,0,5,50,0,55,356,83,78,0,517,88,0,88,605
08/11/2023,OAK,CA,AWP,WE,Towers with Radar,354,82,37,0,473,0,9,55,1,65,354,91,92,1,538,160,0,160,698
08/12/2023,OAK,CA,AWP,WE,Towers with Radar,249,43,25,2,319,0,5,69,3,77,249,48,94,5,396,216,0,216,612
08/13/2023,OAK,CA,AWP,WE,Towers with Radar,266,62,34,1,363,1,4,77,0,82,267,66,111,1,445,128,0,128,573
08/14/2023,OAK,CA,AWP,WE,Towers with Radar,326,60,30,0,416,0,14,55,0,69,326,74,85,0,485,10,0,10,495
08/15/2023,OAK,CA,AWP,WE,Towers with Radar,345,55,32,0,432,0,12,59,2,73,345,67,91,2,505,178,0,178,683
08/16/2023,OAK,CA,AWP,WE,Towers with Radar,351,70,32,1,454,0,22,79,1,102,351,92,111,2,556,240,0,240,796
08/17/2023,OAK,CA,AWP,WE,Towers with Radar,347,67,30,1,445,0,9,57,0,66,347,76,87,1,511,150,0,150,661
08/18/2023,OAK,CA,AWP,WE,Towers with Radar,328,63,15,1,407,0,7,63,1,71,328,70,78,2,478,154,0,154,632
08/19/2023,OAK,CA,AWP,WE,Towers with Radar,234,37,23,0,294,0,1,46,0,47,234,38,69,0,341,60,0,60,401
08/20/2023,OAK,CA,AWP,WE,Towers with Radar,231,50,31,0,312,0,4,61,1,66,231,54,92,1,378,60,0,60,438
08/21/2023,OAK,CA,AWP,WE,Towers with Radar,292,63,27,0,382,0,5,16,1,22,292,68,43,1,404,0,0,0,404
08/22/2023,OAK,CA,AWP,WE,Towers with Radar,333,57,39,1,430,0,13,49,0,62,333,70,88,1,492,124,6,130,622
08/23/2023,OAK,CA,AWP,WE,Towers with Radar,346,64,22,2,434,0,8,54,2,64,346,72,76,4,498,52,0,52,550
08/24/2023,OAK,CA,AWP,WE,Towers with Radar,346,56,19,0,421,0,7,59,2,68,346,63,78,2,489,228,0,228,717
08/25/2023,OAK,CA,AWP,WE,Towers with Radar,340,65,26,1,432,0,4,41,0,45,340,69,67,1,477,148,0,148,625
08/26/2023,OAK,CA,AWP,WE,Towers with Radar,238,55,28,0,321,0,6,60,0,66,238,61,88,0,387,154,0,154,541
08/27/2023,OAK,CA,AWP,WE,Towers with Radar,303,53,31,0,387,0,7,78,0,85,303,60,109,0,472,234,0,234,706
08/28/2023,OAK,CA,AWP,WE,Towers with Radar,315,46,21,0,382,0,12,56,1,69,315,58,77,1,451,14,0,14,465
08/29/2023,OAK,CA,AWP,WE,Towers with Radar,332,59,26,1,418,0,11,71,1,83,332,70,97,2,501,104,0,104,605
08/30/2023,OAK,CA,AWP,WE,Towers with Radar,340,51,24,0,415,0,5,73,0,78,340,56,97,0,493,283,6,289,782
08/31/2023,OAK,CA,AWP,WE,Towers with Radar,348,65,28,0,441,0,7,75,0,82,348,72,103,0,523,152,0,152,675
