01/01/2020,OGD,UT,ANM,WE,Federal Contract Tower,0,0,0,0,0,0,0,0,0,0,0,0,0,0,0,0,0,0,0
01/02/2020,OGD,UT,ANM,WE,Federal Contract Tower,0,0,51,0,51,0,0,94,0,94,0,0,145,0,145,94,0,94,239
01/03/2020,OGD,UT,ANM,WE,Federal Contract Tower,2,0,46,0,48,0,2,202,0,204,2,2,248,0,252,214,0,214,466
01/04/2020,OGD,UT,ANM,WE,Federal Contract Tower,0,2,36,0,38,0,4,168,0,172,0,6,204,0,210,80,0,80,290
01/05/2020,OGD,UT,ANM,WE,Federal Contract Tower,0,3,9,0,12,0,2,39,0,41,0,5,48,0,53,120,0,120,173
01/06/2020,OGD,UT,ANM,WE,Federal Contract Tower,2,0,34,0,36,0,9,201,0,210,2,9,235,0,246,156,0,156,402
01/07/2020,OGD,UT,ANM,WE,Federal Contract Tower,0,0,70,0,70,0,8,247,0,255,0,8,317,0,325,170,4,174,499
01/08/2020,OGD,UT,ANM,WE,Federal Contract Tower,0,2,19,1,22,0,1,129,1,131,0,3,148,2,153,106,0,106,259
01/09/2020,OGD,UT,ANM,WE,Federal Contract Tower,0,0,14,0,14,0,4,134,0,138,0,4,148,0,152,85,0,85,237
01/10/2020,OGD,UT,ANM,WE,Federal Contract Tower,2,0,81,0,83,0,5,277,0,282,2,5,358,0,365,176,0,176,541
01/11/2020,OGD,UT,ANM,WE,Federal Contract Tower,0,0,9,0,9,0,0,34,0,34,0,0,43,0,43,44,0,44,87
01/12/2020,OGD,UT,ANM,WE,Federal Contract Tower,0,0,6,0,6,0,1,3,0,4,0,1,9,0,10,0,0,0,10
01/13/2020,OGD,UT,ANM,WE,Federal Contract Tower,2,0,30,0,32,0,1,118,0,119,2,1,148,0,151,68,0,68,219
01/14/2020,OGD,UT,ANM,WE,Federal Contract Tower,0,0,8,0,8,0,0,112,0,112,0,0,120,0,120,52,0,52,172
01/15/2020,OGD,UT,ANM,WE,Federal Contract Tower,0,0,53,0,53,0,11,231,0,242,0,11,284,0,295,116,2,118,413
01/16/2020,OGD,UT,ANM,WE,Federal Contract Tower,0,3,41,0,44,0,4,137,0,141,0,7,178,0,185,92,0,92,277
01/17/2020,OGD,UT,ANM,WE,Federal Contract Tower,2,2,27,0,31,0,1,86,0,87,2,3,113,0,118,36,0,36,154
01/18/2020,OGD,UT,ANM,WE,Federal Contract Tower,0,0,40,0,40,0,7,152,0,159,0,7,192,0,199,122,0,122,321
01/19/2020,OGD,UT,ANM,WE,Federal Contract Tower,0,3,27,0,30,0,4,92,0,96,0,7,119,0,126,110,0,110,236
01/20/2020,OGD,UT,ANM,WE,Federal Contract Tower,2,1,57,0,60,0,14,245,0,259,2,15,302,0,319,146,0,146,465
01/21/2020,OGD,UT,ANM,WE,Federal Contract Tower,0,0,49,0,49,0,11,186,0,197,0,11,235,0,246,230,0,230,476
01/22/2020,OGD,UT,ANM,WE,Federal Contract Tower,0,2,4,0,6,0,0,32,0,32,0,2,36,0,38,136,0,136,174
01/23/2020,OGD,UT,ANM,WE,Federal Contract Tower,0,1,61,0,62,0,3,160,0,163,0,4,221,0,225,141,0,141,366
01/24/2020,OGD,UT,ANM,WE,Federal Contract Tower,2,0,28,0,30,0,3,82,0,85,2,3,110,0,115,112,0,112,227
01/25/2020,OGD,UT,ANM,WE,Federal Contract Tower,0,1,8,0,9,0,3,2,0,5,0,4,10,0,14,10,0,10,24
01/26/2020,OGD,UT,ANM,WE,Federal Contract Tower,0,1,4,0,5,0,6,18,0,24,0,7,22,0,29,0,0,0,29
01/27/2020,OGD,UT,ANM,WE,Federal Contract Tower,2,1,33,0,36,0,5,171,0,176,2,6,204,0,212,246,0,246,458
01/28/2020,OGD,UT,ANM,WE,Federal Contract Tower,0,2,38,1,41,0,6,154,1,161,0,8,192,2,202,230,0,230,432
01/29/2020,OGD,UT,ANM,WE,Federal Contract Tower,0,0,45,0,45,0,4,142,0,146,0,4,187,0,191,130,0,130,321
01/30/2020,OGD,UT,ANM,WE,Federal Contract Tower,0,2,8,0,10,0,0,37,0,37,0,2,45,0,47,26,0,26,73
01/31/2020,OGD,UT,ANM,WE,Federal Contract Tower,2,0,50,0,52,0,12,210,0,222,2,12,260,0,274,198,0,198,472
02/01/2020,OGD,UT,ANM,WE,Federal Contract Tower,0,2,43,0,45,0,3,203,0,206,0,5,246,0,251,90,0,90,341
02/02/2020,OGD,UT,ANM,WE,Federal Contract Tower,0,0,21,0,21,0,1,68,0,69,0,1,89,0,90,52,0,52,142
02/03/2020,OGD,UT,ANM,WE,Federal Contract Tower,2,1,3,0,6,0,1,0,0,1,2,2,3,0,7,0,0,0,7
02/04/2020,OGD,UT,ANM,WE,Federal Contract Tower,0,3,52,0,55,0,16,273,0,289,0,19,325,0,344,165,0,165,509
02/05/2020,OGD,UT,ANM,WE,Federal Contract Tower,0,5,3,0,8,0,0,4,0,4,0,5,7,0,12,54,0,54,66
02/06/2020,OGD,UT,ANM,WE,Federal Contract Tower,0,2,20,0,22,0,0,19,0,19,0,2,39,0,41,48,0,48,89
02/07/2020,OGD,UT,ANM,WE,Federal Contract Tower,2,4,38,0,44,0,8,189,0,197,2,12,227,0,241,156,0,156,397
02/08/2020,OGD,UT,ANM,WE,Federal Contract Tower,0,0,33,0,33,0,2,134,0,136,0,2,167,0,169,26,0,26,195
02/09/2020,OGD,UT,ANM,WE,Federal Contract Tower,0,0,38,0,38,0,3,149,0,152,0,3,187,0,190,52,0,52,242
02/10/2020,OGD,UT,ANM,WE,Federal Contract Tower,2,4,47,0,53,0,2,155,0,157,2,6,202,0,210,104,0,104,314
02/11/2020,OGD,UT,ANM,WE,Federal Contract Tower,0,5,65,1,71,0,3,242,1,246,0,8,307,2,317,172,0,172,489
02/12/2020,OGD,UT,ANM,WE,Federal Contract Tower,0,1,62,1,64,0,11,246,0,257,0,12,308,1,321,140,0,140,461
02/13/2020,OGD,UT,ANM,WE,Federal Contract Tower,0,0,54,0,54,0,6,214,0,220,0,6,268,0,274,182,0,182,456
02/14/2020,OGD,UT,ANM,WE,Federal Contract Tower,2,0,59,0,61,0,5,206,0,211,2,5,265,0,272,84,0,84,356
02/15/2020,OGD,UT,ANM,WE,Federal Contract Tower,0,0,35,0,35,0,8,145,0,153,0,8,180,0,188,98,0,98,286
02/16/2020,OGD,UT,ANM,WE,Federal Contract Tower,0,0,5,0,5,0,0,0,0,0,0,0,5,0,5,0,0,0,5
02/17/2020,OGD,UT,ANM,WE,Federal Contract Tower,2,0,45,0,47,0,9,220,0,229,2,9,265,0,276,192,0,192,468
02/18/2020,OGD,UT,ANM,WE,Federal Contract Tower,0,1,63,0,64,0,7,232,0,239,0,8,295,0,303,120,0,120,423
02/19/2020,OGD,UT,ANM,WE,Federal Contract Tower,0,4,50,0,54,0,4,197,0,201,0,8,247,0,255,82,0,82,337
02/20/2020,OGD,UT,ANM,WE,Federal Contract Tower,0,3,75,0,78,0,6,230,0,236,0,9,305,0,314,149,0,149,463
02/21/2020,OGD,UT,ANM,WE,Federal Contract Tower,2,0,49,0,51,0,6,200,0,206,2,6,249,0,257,124,0,124,381
02/22/2020,OGD,UT,ANM,WE,Federal Contract Tower,0,0,32,0,32,0,1,154,0,155,0,1,186,0,187,78,0,78,265
02/23/2020,OGD,UT,ANM,WE,Federal Contract Tower,0,0,24,0,24,0,4,77,0,81,0,4,101,0,105,68,0,68,173
02/24/2020,OGD,UT,ANM,WE,Federal Contract Tower,2,0,51,0,53,0,6,158,0,164,2,6,209,0,217,188,0,188,405
02/25/2020,OGD,UT,ANM,WE,Federal Contract Tower,0,5,69,0,74,0,3,263,0,266,0,8,332,0,340,174,0,174,514
02/26/2020,OGD,UT,ANM,WE,Federal Contract Tower,0,2,54,0,56,0,2,213,0,215,0,4,267,0,271,122,0,122,393
02/27/2020,OGD,UT,ANM,WE,Federal Contract Tower,0,1,63,0,64,0,3,189,0,192,0,4,252,0,256,144,0,144,400
02/28/2020,OGD,UT,ANM,WE,Federal Contract Tower,2,0,58,0,60,0,4,298,0,302,2,4,356,0,362,114,0,114,476
02/29/2020,OGD,UT,ANM,WE,Federal Contract Tower,0,1,28,0,29,0,3,152,0,155,0,4,180,0,184,96,0,96,280
03/01/2020,OGD,UT,ANM,WE,Federal Contract Tower,0,2,4,0,6,0,0,1,0,1,0,2,5,0,7,0,0,0,7
03/02/2020,OGD,UT,ANM,WE,Federal Contract Tower,2,0,53,1,56,0,9,190,1,200,2,9,243,2,256,106,0,106,362
03/03/2020,OGD,UT,ANM,WE,Federal Contract Tower,0,3,64,0,67,0,5,194,0,199,0,8,258,0,266,98,0,98,364
03/04/2020,OGD,UT,ANM,WE,Federal Contract Tower,0,0,56,0,56,0,11,200,0,211,0,11,256,0,267,84,0,84,351
03/05/2020,OGD,UT,ANM,WE,Federal Contract Tower,0,1,62,0,63,0,3,261,0,264,0,4,323,0,327,150,0,150,477
03/06/2020,OGD,UT,ANM,WE,Federal Contract Tower,2,6,46,0,54,0,9,148,0,157,2,15,194,0,211,74,0,74,285
03/07/2020,OGD,UT,ANM,WE,Federal Contract Tower,0,0,20,0,20,0,7,33,0,40,0,7,53,0,60,10,0,10,70
03/08/2020,OGD,UT,ANM,WE,Federal Contract Tower,0,3,7,0,10,0,6,27,0,33,0,9,34,0,43,0,0,0,43
03/09/2020,OGD,UT,ANM,WE,Federal Contract Tower,2,1,58,0,61,0,4,244,0,248,2,5,302,0,309,98,0,98,407
03/10/2020,OGD,UT,ANM,WE,Federal Contract Tower,0,0,66,1,67,0,6,230,0,236,0,6,296,1,303,148,0,148,451
03/11/2020,OGD,UT,ANM,WE,Federal Contract Tower,0,4,44,2,50,0,6,183,1,190,0,10,227,3,240,222,8,230,470
03/12/2020,OGD,UT,ANM,WE,Federal Contract Tower,0,4,52,1,57,0,4,170,1,175,0,8,222,2,232,202,0,202,434
03/13/2020,OGD,UT,ANM,WE,Federal Contract Tower,2,3,39,0,44,0,4,168,0,172,2,7,207,0,216,62,0,62,278
03/14/2020,OGD,UT,ANM,WE,Federal Contract Tower,0,0,4,0,4,0,2,4,0,6,0,2,8,0,10,0,0,0,10
03/15/2020,OGD,UT,ANM,WE,Federal Contract Tower,0,1,11,0,12,0,3,21,0,24,0,4,32,0,36,0,0,0,36
03/16/2020,OGD,UT,ANM,WE,Federal Contract Tower,2,4,53,0,59,0,2,226,0,228,2,6,279,0,287,166,0,166,453
03/17/2020,OGD,UT,ANM,WE,Federal Contract Tower,0,1,39,0,40,0,4,151,0,155,0,5,190,0,195,142,0,142,337
03/18/2020,OGD,UT,ANM,WE,Federal Contract Tower,0,6,13,0,19,0,19,90,0,109,0,25,103,0,128,126,0,126,254
03/19/2020,OGD,UT,ANM,WE,Federal Contract Tower,0,0,10,0,10,0,3,78,0,81,0,3,88,0,91,190,0,190,281
03/20/2020,OGD,UT,ANM,WE,Federal Contract Tower,2,0,15,0,17,0,6,108,0,114,2,6,123,0,131,172,0,172,303
03/21/2020,OGD,UT,ANM,WE,Federal Contract Tower,0,0,40,0,40,0,2,162,0,164,0,2,202,0,204,76,0,76,280
03/22/2020,OGD,UT,ANM,WE,Federal Contract Tower,0,0,49,0,49,0,6,170,0,176,0,6,219,0,225,106,0,106,331
03/23/2020,OGD,UT,ANM,WE,Federal Contract Tower,2,4,35,0,41,0,3,157,0,160,2,7,192,0,201,116,0,116,317
03/24/2020,OGD,UT,ANM,WE,Federal Contract Tower,0,2,8,0,10,0,0,77,0,77,0,2,85,0,87,122,0,122,209
03/25/2020,OGD,UT,ANM,WE,Federal Contract Tower,0,1,7,0,8,0,2,95,0,97,0,3,102,0,105,186,0,186,291
03/26/2020,OGD,UT,ANM,WE,Federal Contract Tower,0,0,46,1,47,0,3,164,2,169,0,3,210,3,216,82,0,82,298
03/27/2020,OGD,UT,ANM,WE,Federal Contract Tower,0,0,70,0,70,0,4,190,0,194,0,4,260,0,264,116,0,116,380
03/28/2020,OGD,UT,ANM,WE,Federal Contract Tower,0,0,25,0,25,0,4,92,0,96,0,4,117,0,121,52,0,52,173
03/29/2020,OGD,UT,ANM,WE,Federal Contract Tower,0,0,13,0,13,0,1,88,0,89,0,1,101,0,102,34,0,34,136
03/30/2020,OGD,UT,ANM,WE,Federal Contract Tower,0,0,35,0,35,0,9,123,0,132,0,9,158,0,167,118,0,118,285
03/31/2020,OGD,UT,ANM,WE,Federal Contract Tower,0,0,27,3,30,0,2,91,3,96,0,2,118,6,126,58,0,58,184
04/01/2020,OGD,UT,ANM,WE,Federal Contract Tower,0,0,42,0,42,0,1,160,0,161,0,1,202,0,203,118,0,118,321
04/02/2020,OGD,UT,ANM,WE,Federal Contract Tower,0,0,32,0,32,0,2,142,0,144,0,2,174,0,176,158,0,158,334
04/03/2020,OGD,UT,ANM,WE,Federal Contract Tower,0,0,45,0,45,0,6,225,0,231,0,6,270,0,276,54,0,54,330
04/04/2020,OGD,UT,ANM,WE,Federal Contract Tower,0,0,21,0,21,0,2,107,0,109,0,2,128,0,130,80,0,80,210
04/05/2020,OGD,UT,ANM,WE,Federal Contract Tower,0,0,10,0,10,0,0,37,0,37,0,0,47,0,47,16,0,16,63
04/06/2020,OGD,UT,ANM,WE,Federal Contract Tower,0,0,11,0,11,0,2,62,0,64,0,2,73,0,75,42,0,42,117
04/07/2020,OGD,UT,ANM,WE,Federal Contract Tower,0,0,55,1,56,0,3,228,0,231,0,3,283,1,287,118,0,118,405
04/08/2020,OGD,UT,ANM,WE,Federal Contract Tower,0,0,54,1,55,0,3,208,1,212,0,3,262,2,267,96,0,96,363
04/09/2020,OGD,UT,ANM,WE,Federal Contract Tower,0,2,41,3,46,0,2,155,5,162,0,4,196,8,208,66,0,66,274
04/10/2020,OGD,UT,ANM,WE,Federal Contract Tower,0,2,44,0,46,0,2,206,0,208,0,4,250,0,254,90,0,90,344
04/11/2020,OGD,UT,ANM,WE,Federal Contract Tower,0,0,16,1,17,0,0,115,1,116,0,0,131,2,133,30,4,34,167
04/12/2020,OGD,UT,ANM,WE,Federal Contract Tower,0,2,12,0,14,0,2,37,0,39,0,4,49,0,53,26,0,26,79
04/13/2020,OGD,UT,ANM,WE,Federal Contract Tower,0,0,31,0,31,0,6,98,0,104,0,6,129,0,135,60,0,60,195
04/14/2020,OGD,UT,ANM,WE,Federal Contract Tower,0,0,48,0,48,0,8,240,0,248,0,8,288,0,296,94,0,94,390
04/15/2020,OGD,UT,ANM,WE,Federal Contract Tower,0,0,11,0,11,0,4,57,0,61,0,4,68,0,72,76,0,76,148
04/16/2020,OGD,UT,ANM,WE,Federal Contract Tower,0,0,53,0,53,0,3,165,0,168,0,3,218,0,221,124,0,124,345
04/17/2020,OGD,UT,ANM,WE,Federal Contract Tower,0,3,41,0,44,0,8,254,0,262,0,11,295,0,306,210,0,210,516
04/18/2020,OGD,UT,ANM,WE,Federal Contract Tower,0,0,18,0,18,0,10,169,0,179,0,10,187,0,197,54,0,54,251
04/19/2020,OGD,UT,ANM,WE,Federal Contract Tower,0,0,14,0,14,0,1,90,0,91,0,1,104,0,105,28,0,28,133
04/20/2020,OGD,UT,ANM,WE,Federal Contract Tower,0,0,65,0,65,0,3,263,0,266,0,3,328,0,331,104,0,104,435
04/21/2020,OGD,UT,ANM,WE,Federal Contract Tower,0,0,62,0,62,0,3,235,0,238,0,3,297,0,300,114,0,114,414
04/22/2020,OGD,UT,ANM,WE,Federal Contract Tower,0,0,46,0,46,0,1,163,0,164,0,1,209,0,210,100,0,100,310
04/23/2020,OGD,UT,ANM,WE,Federal Contract Tower,0,0,38,0,38,0,0,156,0,156,0,0,194,0,194,70,0,70,264
04/24/2020,OGD,UT,ANM,WE,Federal Contract Tower,0,2,64,0,66,0,2,291,0,293,0,4,355,0,359,124,0,124,483
04/25/2020,OGD,UT,ANM,WE,Federal Contract Tower,0,0,33,0,33,0,2,148,0,150,0,2,181,0,183,60,0,60,243
04/26/2020,OGD,UT,ANM,WE,Federal Contract Tower,0,0,17,0,17,0,0,89,0,89,0,0,106,0,106,110,0,110,216
04/27/2020,OGD,UT,ANM,WE,Federal Contract Tower,0,0,55,0,55,0,7,200,0,207,0,7,255,0,262,136,0,136,398
04/28/2020,OGD,UT,ANM,WE,Federal Contract Tower,0,0,65,2,67,0,7,227,3,237,0,7,292,5,304,220,0,220,524
04/29/2020,OGD,UT,ANM,WE,Federal Contract Tower,0,0,64,0,64,0,6,262,0,268,0,6,326,0,332,99,0,99,431
04/30/2020,OGD,UT,ANM,WE,Federal Contract Tower,0,0,38,0,38,0,4,175,0,179,0,4,213,0,217,90,0,90,307
05/01/2020,OGD,UT,ANM,WE,Federal Contract Tower,0,2,42,0,44,0,8,142,0,150,0,10,184,0,194,248,0,248,442
05/02/2020,OGD,UT,ANM,WE,Federal Contract Tower,0,2,14,0,16,0,6,114,0,120,0,8,128,0,136,144,0,144,280
05/03/2020,OGD,UT,ANM,WE,Federal Contract Tower,0,2,10,2,14,0,4,55,0,59,0,6,65,2,73,70,8,78,151
05/04/2020,OGD,UT,ANM,WE,Federal Contract Tower,0,0,64,0,64,0,2,220,0,222,0,2,284,0,286,130,0,130,416
05/05/2020,OGD,UT,ANM,WE,Federal Contract Tower,0,0,60,0,60,0,5,234,0,239,0,5,294,0,299,140,0,140,439
05/06/2020,OGD,UT,ANM,WE,Federal Contract Tower,0,1,42,0,43,0,6,143,4,153,0,7,185,4,196,68,0,68,264
05/07/2020,OGD,UT,ANM,WE,Federal Contract Tower,0,0,75,0,75,0,6,183,2,191,0,6,258,2,266,40,0,40,306
05/08/2020,OGD,UT,ANM,WE,Federal Contract Tower,0,0,58,0,58,0,11,211,0,222,0,11,269,0,280,162,0,162,442
05/09/2020,OGD,UT,ANM,WE,Federal Contract Tower,0,2,19,0,21,0,5,153,0,158,0,7,172,0,179,110,0,110,289
05/10/2020,OGD,UT,ANM,WE,Federal Contract Tower,0,0,14,0,14,0,2,68,0,70,0,2,82,0,84,80,0,80,164
05/11/2020,OGD,UT,ANM,WE,Federal Contract Tower,0,0,50,0,50,0,8,170,0,178,0,8,220,0,228,74,0,74,302
05/12/2020,OGD,UT,ANM,WE,Federal Contract Tower,0,4,70,0,74,0,5,202,1,208,0,9,272,1,282,266,0,266,548
05/13/2020,OGD,UT,ANM,WE,Federal Contract Tower,0,0,66,0,66,0,1,184,1,186,0,1,250,1,252,176,0,176,428
05/14/2020,OGD,UT,ANM,WE,Federal Contract Tower,0,0,63,0,63,0,11,169,1,181,0,11,232,1,244,185,0,185,429
05/15/2020,OGD,UT,ANM,WE,Federal Contract Tower,0,0,49,0,49,0,7,219,0,226,0,7,268,0,275,238,0,238,513
05/16/2020,OGD,UT,ANM,WE,Federal Contract Tower,0,0,15,0,15,0,1,121,0,122,0,1,136,0,137,88,0,88,225
05/17/2020,OGD,UT,ANM,WE,Federal Contract Tower,0,0,4,1,5,0,16,12,0,28,0,16,16,1,33,0,0,0,33
05/18/2020,OGD,UT,ANM,WE,Federal Contract Tower,0,2,4,0,6,0,6,29,0,35,0,8,33,0,41,38,0,38,79
05/19/2020,OGD,UT,ANM,WE,Federal Contract Tower,0,2,39,0,41,0,2,118,0,120,0,4,157,0,161,178,0,178,339
05/20/2020,OGD,UT,ANM,WE,Federal Contract Tower,0,1,25,0,26,0,7,81,0,88,0,8,106,0,114,106,0,106,220
05/21/2020,OGD,UT,ANM,WE,Federal Contract Tower,0,0,52,0,52,0,9,201,0,210,0,9,253,0,262,207,0,207,469
05/22/2020,OGD,UT,ANM,WE,Federal Contract Tower,0,0,21,0,21,0,6,124,0,130,0,6,145,0,151,188,0,188,339
05/23/2020,OGD,UT,ANM,WE,Federal Contract Tower,0,0,15,0,15,0,13,66,0,79,0,13,81,0,94,64,0,64,158
05/24/2020,OGD,UT,ANM,WE,Federal Contract Tower,0,0,15,0,15,0,0,74,0,74,0,0,89,0,89,20,0,20,109
05/25/2020,OGD,UT,ANM,WE,Federal Contract Tower,0,0,46,0,46,0,1,142,0,143,0,1,188,0,189,70,0,70,259
05/26/2020,OGD,UT,ANM,WE,Federal Contract Tower,0,3,68,0,71,0,5,167,0,172,0,8,235,0,243,218,0,218,461
05/27/2020,OGD,UT,ANM,WE,Federal Contract Tower,0,1,52,2,55,0,12,192,2,206,0,13,244,4,261,180,0,180,441
05/28/2020,OGD,UT,ANM,WE,Federal Contract Tower,2,2,52,1,57,0,12,188,1,201,2,14,240,2,258,182,0,182,440
05/29/2020,OGD,UT,ANM,WE,Federal Contract Tower,0,0,44,0,44,0,13,154,0,167,0,13,198,0,211,170,0,170,381
05/30/2020,OGD,UT,ANM,WE,Federal Contract Tower,2,0,18,0,20,0,14,57,0,71,2,14,75,0,91,30,0,30,121
05/31/2020,OGD,UT,ANM,WE,Federal Contract Tower,2,0,33,0,35,0,6,63,0,69,2,6,96,0,104,54,0,54,158
06/01/2020,OGD,UT,ANM,WE,Federal Contract Tower,2,0,29,0,31,0,10,91,0,101,2,10,120,0,132,114,0,114,246
06/02/2020,OGD,UT,ANM,WE,Federal Contract Tower,0,0,53,0,53,0,20,210,0,230,0,20,263,0,283,144,0,144,427
06/03/2020,OGD,UT,ANM,WE,Federal Contract Tower,2,5,47,0,54,0,12,184,0,196,2,17,231,0,250,198,0,198,448
06/04/2020,OGD,UT,ANM,WE,Federal Contract Tower,2,1,60,0,63,0,24,177,0,201,2,25,237,0,264,140,0,140,404
06/05/2020,OGD,UT,ANM,WE,Federal Contract Tower,2,2,54,0,58,0,10,159,0,169,2,12,213,0,227,108,0,108,335
06/06/2020,OGD,UT,ANM,WE,Federal Contract Tower,0,0,10,0,10,0,11,3,0,14,0,11,13,0,24,0,0,0,24
06/07/2020,OGD,UT,ANM,WE,Federal Contract Tower,0,2,8,0,10,0,3,3,0,6,0,5,11,0,16,0,0,0,16
06/08/2020,OGD,UT,ANM,WE,Federal Contract Tower,0,0,30,0,30,0,6,135,0,141,0,6,165,0,171,204,0,204,375
06/09/2020,OGD,UT,ANM,WE,Federal Contract Tower,0,2,70,0,72,0,4,253,0,257,0,6,323,0,329,174,0,174,503
06/10/2020,OGD,UT,ANM,WE,Federal Contract Tower,0,2,71,1,74,0,7,197,0,204,0,9,268,1,278,174,0,174,452
06/11/2020,OGD,UT,ANM,WE,Federal Contract Tower,0,4,68,0,72,0,13,203,1,217,0,17,271,1,289,148,0,148,437
06/12/2020,OGD,UT,ANM,WE,Federal Contract Tower,2,0,63,0,65,0,7,151,0,158,2,7,214,0,223,104,0,104,327
06/13/2020,OGD,UT,ANM,WE,Federal Contract Tower,0,0,10,0,10,0,28,44,0,72,0,28,54,0,82,40,0,40,122
06/14/2020,OGD,UT,ANM,WE,Federal Contract Tower,0,0,25,0,25,0,28,102,2,132,0,28,127,2,157,30,0,30,187
06/15/2020,OGD,UT,ANM,WE,Federal Contract Tower,0,7,45,2,54,0,16,187,2,205,0,23,232,4,259,152,0,152,411
06/16/2020,OGD,UT,ANM,WE,Federal Contract Tower,0,2,17,0,19,0,7,64,0,71,0,9,81,0,90,240,0,240,330
06/17/2020,OGD,UT,ANM,WE,Federal Contract Tower,0,3,54,1,58,0,17,187,2,206,0,20,241,3,264,256,0,256,520
06/18/2020,OGD,UT,ANM,WE,Federal Contract Tower,0,10,69,0,79,0,7,252,1,260,0,17,321,1,339,148,0,148,487
06/19/2020,OGD,UT,ANM,WE,Federal Contract Tower,2,1,48,0,51,0,24,209,0,233,2,25,257,0,284,124,0,124,408
06/20/2020,OGD,UT,ANM,WE,Federal Contract Tower,2,3,25,0,30,0,33,113,0,146,2,36,138,0,176,50,0,50,226
06/21/2020,OGD,UT,ANM,WE,Federal Contract Tower,0,2,15,0,17,0,31,92,0,123,0,33,107,0,140,58,0,58,198
06/22/2020,OGD,UT,ANM,WE,Federal Contract Tower,0,0,57,0,57,0,5,256,0,261,0,5,313,0,318,136,0,136,454
06/23/2020,OGD,UT,ANM,WE,Federal Contract Tower,0,1,34,0,35,0,13,209,0,222,0,14,243,0,257,151,0,151,408
06/24/2020,OGD,UT,ANM,WE,Federal Contract Tower,0,1,57,0,58,0,11,202,1,214,0,12,259,1,272,206,0,206,478
06/25/2020,OGD,UT,ANM,WE,Federal Contract Tower,0,1,43,0,44,0,8,155,0,163,0,9,198,0,207,138,0,138,345
06/26/2020,OGD,UT,ANM,WE,Federal Contract Tower,2,1,34,0,37,0,28,207,0,235,2,29,241,0,272,84,0,84,356
06/28/2020,OGD,UT,ANM,WE,Federal Contract Tower,0,2,20,0,22,0,15,33,0,48,0,17,53,0,70,0,0,0,70
06/29/2020,OGD,UT,ANM,WE,Federal Contract Tower,2,2,18,3,25,0,3,66,1,70,2,5,84,4,95,92,0,92,187
06/30/2020,OGD,UT,ANM,WE,Federal Contract Tower,0,5,22,0,27,0,8,97,1,106,0,13,119,1,133,128,0,128,261
07/01/2020,OGD,UT,ANM,WE,Federal Contract Tower,0,3,59,0,62,0,10,286,1,297,0,13,345,1,359,118,0,118,477
07/02/2020,OGD,UT,ANM,WE,Federal Contract Tower,0,0,40,0,40,0,11,179,0,190,0,11,219,0,230,272,0,272,502
07/03/2020,OGD,UT,ANM,WE,Federal Contract Tower,2,2,31,0,35,0,25,192,0,217,2,27,223,0,252,138,0,138,390
07/04/2020,OGD,UT,ANM,WE,Federal Contract Tower,0,0,21,0,21,0,21,72,0,93,0,21,93,0,114,90,0,90,204
07/05/2020,OGD,UT,ANM,WE,Federal Contract Tower,0,0,4,0,4,0,23,68,0,91,0,23,72,0,95,38,0,38,133
07/06/2020,OGD,UT,ANM,WE,Federal Contract Tower,2,2,46,0,50,0,7,224,0,231,2,9,270,0,281,178,2,180,461
07/07/2020,OGD,UT,ANM,WE,Federal Contract Tower,0,0,51,0,51,0,7,166,0,173,0,7,217,0,224,178,0,178,402
07/08/2020,OGD,UT,ANM,WE,Federal Contract Tower,0,6,53,0,59,0,17,237,0,254,0,23,290,0,313,176,0,176,489
07/09/2020,OGD,UT,ANM,WE,Federal Contract Tower,0,2,50,0,52,0,21,194,0,215,0,23,244,0,267,67,0,67,334
07/10/2020,OGD,UT,ANM,WE,Federal Contract Tower,2,5,26,0,33,0,30,161,0,191,2,35,187,0,224,190,0,190,414
07/11/2020,OGD,UT,ANM,WE,Federal Contract Tower,0,0,26,0,26,0,37,75,0,112,0,37,101,0,138,56,0,56,194
07/12/2020,OGD,UT,ANM,WE,Federal Contract Tower,0,0,22,0,22,0,35,78,0,113,0,35,100,0,135,164,0,164,299
07/13/2020,OGD,UT,ANM,WE,Federal Contract Tower,2,0,52,0,54,0,0,219,0,219,2,0,271,0,273,232,0,232,505
07/14/2020,OGD,UT,ANM,WE,Federal Contract Tower,0,0,31,0,31,0,25,205,0,230,0,25,236,0,261,172,0,172,433
07/15/2020,OGD,UT,ANM,WE,Federal Contract Tower,0,1,64,0,65,0,26,180,0,206,0,27,244,0,271,162,0,162,433
07/16/2020,OGD,UT,ANM,WE,Federal Contract Tower,0,0,43,0,43,0,20,183,2,205,0,20,226,2,248,146,4,150,398
07/17/2020,OGD,UT,ANM,WE,Federal Contract Tower,2,2,49,0,53,0,16,159,0,175,2,18,208,0,228,90,0,90,318
07/18/2020,OGD,UT,ANM,WE,Federal Contract Tower,0,5,13,0,18,0,30,95,0,125,0,35,108,0,143,58,0,58,201
07/19/2020,OGD,UT,ANM,WE,Federal Contract Tower,0,0,5,0,5,0,22,42,0,64,0,22,47,0,69,62,0,62,131
07/20/2020,OGD,UT,ANM,WE,Federal Contract Tower,2,2,52,0,56,0,0,195,0,195,2,2,247,0,251,188,0,188,439
07/21/2020,OGD,UT,ANM,WE,Federal Contract Tower,0,4,42,0,46,0,1,169,0,170,0,5,211,0,216,142,0,142,358
07/22/2020,OGD,UT,ANM,WE,Federal Contract Tower,0,3,16,0,19,0,5,59,0,64,0,8,75,0,83,36,0,36,119
07/23/2020,OGD,UT,ANM,WE,Federal Contract Tower,0,2,46,0,48,0,27,137,0,164,0,29,183,0,212,68,0,68,280
07/24/2020,OGD,UT,ANM,WE,Federal Contract Tower,2,0,30,0,32,0,23,183,0,206,2,23,213,0,238,138,0,138,376
07/25/2020,OGD,UT,ANM,WE,Federal Contract Tower,0,0,27,0,27,0,37,84,0,121,0,37,111,0,148,42,0,42,190
07/26/2020,OGD,UT,ANM,WE,Federal Contract Tower,0,3,23,0,26,0,13,87,0,100,0,16,110,0,126,98,0,98,224
07/27/2020,OGD,UT,ANM,WE,Federal Contract Tower,2,0,47,0,49,0,4,193,0,197,2,4,240,0,246,86,0,86,332
07/28/2020,OGD,UT,ANM,WE,Federal Contract Tower,0,2,49,0,51,0,5,200,0,205,0,7,249,0,256,268,0,268,524
07/29/2020,OGD,UT,ANM,WE,Federal Contract Tower,0,3,51,0,54,0,7,181,0,188,0,10,232,0,242,130,0,130,372
07/30/2020,OGD,UT,ANM,WE,Federal Contract Tower,0,2,21,0,23,0,9,209,0,218,0,11,230,0,241,172,0,172,413
07/31/2020,OGD,UT,ANM,WE,Federal Contract Tower,2,1,42,0,45,0,26,164,1,191,2,27,206,1,236,108,0,108,344
08/01/2020,OGD,UT,ANM,WE,Federal Contract Tower,0,1,20,0,21,0,27,108,0,135,0,28,128,0,156,104,0,104,260
08/02/2020,OGD,UT,ANM,WE,Federal Contract Tower,0,0,9,0,9,0,12,29,0,41,0,12,38,0,50,12,0,12,62
08/03/2020,OGD,UT,ANM,WE,Federal Contract Tower,2,0,35,0,37,0,2,126,0,128,2,2,161,0,165,244,0,244,409
08/04/2020,OGD,UT,ANM,WE,Federal Contract Tower,0,0,49,0,49,0,0,208,0,208,0,0,257,0,257,188,0,188,445
08/05/2020,OGD,UT,ANM,WE,Federal Contract Tower,0,2,30,0,32,0,2,193,0,195,0,4,223,0,227,186,0,186,413
08/06/2020,OGD,UT,ANM,WE,Federal Contract Tower,0,1,32,0,33,0,15,133,1,149,0,16,165,1,182,128,0,128,310
08/07/2020,OGD,UT,ANM,WE,Federal Contract Tower,2,0,50,0,52,0,27,191,1,219,2,27,241,1,271,168,0,168,439
08/08/2020,OGD,UT,ANM,WE,Federal Contract Tower,0,0,35,0,35,0,34,101,0,135,0,34,136,0,170,88,0,88,258
08/09/2020,OGD,UT,ANM,WE,Federal Contract Tower,0,1,17,0,18,0,19,83,0,102,0,20,100,0,120,26,0,26,146
08/10/2020,OGD,UT,ANM,WE,Federal Contract Tower,2,0,50,0,52,0,4,165,0,169,2,4,215,0,221,135,0,135,356
08/11/2020,OGD,UT,ANM,WE,Federal Contract Tower,0,0,36,0,36,0,4,154,0,158,0,4,190,0,194,92,0,92,286
08/12/2020,OGD,UT,ANM,WE,Federal Contract Tower,0,7,48,0,55,0,6,172,0,178,0,13,220,0,233,174,0,174,407
08/13/2020,OGD,UT,ANM,WE,Federal Contract Tower,0,2,43,0,45,0,14,143,0,157,0,16,186,0,202,102,0,102,304
08/14/2020,OGD,UT,ANM,WE,Federal Contract Tower,2,0,26,0,28,0,12,127,0,139,2,12,153,0,167,58,0,58,225
08/15/2020,OGD,UT,ANM,WE,Federal Contract Tower,0,0,25,0,25,0,22,91,0,113,0,22,116,0,138,62,0,62,200
08/16/2020,OGD,UT,ANM,WE,Federal Contract Tower,0,1,12,0,13,0,22,81,0,103,0,23,93,0,116,28,0,28,144
08/17/2020,OGD,UT,ANM,WE,Federal Contract Tower,2,1,59,0,62,0,7,160,0,167,2,8,219,0,229,86,0,86,315
08/18/2020,OGD,UT,ANM,WE,Federal Contract Tower,0,0,28,0,28,0,7,138,0,145,0,7,166,0,173,114,0,114,287
08/19/2020,OGD,UT,ANM,WE,Federal Contract Tower,0,4,33,0,37,0,7,110,0,117,0,11,143,0,154,90,0,90,244
08/20/2020,OGD,UT,ANM,WE,Federal Contract Tower,0,0,35,0,35,0,24,122,0,146,0,24,157,0,181,84,0,84,265
08/21/2020,OGD,UT,ANM,WE,Federal Contract Tower,0,6,42,0,48,0,15,110,0,125,0,21,152,0,173,168,0,168,341
08/22/2020,OGD,UT,ANM,WE,Federal Contract Tower,0,3,20,0,23,0,29,74,0,103,0,32,94,0,126,82,0,82,208
08/23/2020,OGD,UT,ANM,WE,Federal Contract Tower,0,5,18,0,23,0,22,52,0,74,0,27,70,0,97,100,0,100,197
08/24/2020,OGD,UT,ANM,WE,Federal Contract Tower,0,3,41,2,46,0,8,134,0,142,0,11,175,2,188,114,0,114,302
08/25/2020,OGD,UT,ANM,WE,Federal Contract Tower,0,0,44,0,44,0,3,166,0,169,0,3,210,0,213,112,0,112,325
08/26/2020,OGD,UT,ANM,WE,Federal Contract Tower,0,0,71,0,71,0,7,216,0,223,0,7,287,0,294,182,0,182,476
08/27/2020,OGD,UT,ANM,WE,Federal Contract Tower,0,0,49,1,50,0,8,135,0,143,0,8,184,1,193,88,0,88,281
08/28/2020,OGD,UT,ANM,WE,Federal Contract Tower,0,4,42,1,47,0,9,210,0,219,0,13,252,1,266,94,0,94,360
08/29/2020,OGD,UT,ANM,WE,Federal Contract Tower,0,2,18,0,20,0,28,91,0,119,0,30,109,0,139,104,0,104,243
08/30/2020,OGD,UT,ANM,WE,Federal Contract Tower,0,0,13,0,13,0,21,48,0,69,0,21,61,0,82,42,0,42,124
08/31/2020,OGD,UT,ANM,WE,Federal Contract Tower,0,4,44,2,50,0,6,131,0,137,0,10,175,2,187,126,0,126,313
09/01/2020,OGD,UT,ANM,WE,Federal Contract Tower,0,4,35,0,39,0,6,149,0,155,0,10,184,0,194,122,0,122,316
09/02/2020,OGD,UT,ANM,WE,Federal Contract Tower,0,1,46,0,47,0,3,139,0,142,0,4,185,0,189,48,0,48,237
09/03/2020,OGD,UT,ANM,WE,Federal Contract Tower,0,1,50,0,51,0,7,155,0,162,0,8,205,0,213,54,0,54,267
09/04/2020,OGD,UT,ANM,WE,Federal Contract Tower,0,2,39,0,41,0,20,148,0,168,0,22,187,0,209,146,0,146,355
09/05/2020,OGD,UT,ANM,WE,Federal Contract Tower,0,0,13,0,13,0,22,61,0,83,0,22,74,0,96,72,0,72,168
09/06/2020,OGD,UT,ANM,WE,Federal Contract Tower,0,0,7,0,7,0,31,66,0,97,0,31,73,0,104,68,0,68,172
09/07/2020,OGD,UT,ANM,WE,Federal Contract Tower,0,0,27,0,27,0,11,78,0,89,0,11,105,0,116,80,0,80,196
09/08/2020,OGD,UT,ANM,WE,Federal Contract Tower,0,7,6,0,13,0,0,1,0,1,0,7,7,0,14,0,0,0,14
09/09/2020,OGD,UT,ANM,WE,Federal Contract Tower,0,1,7,0,8,0,4,15,0,19,0,5,22,0,27,0,0,0,27
09/10/2020,OGD,UT,ANM,WE,Federal Contract Tower,0,8,33,0,41,0,7,165,0,172,0,15,198,0,213,124,0,124,337
09/11/2020,OGD,UT,ANM,WE,Federal Contract Tower,0,1,46,0,47,0,9,142,0,151,0,10,188,0,198,116,0,116,314
09/12/2020,OGD,UT,ANM,WE,Federal Contract Tower,0,1,35,0,36,0,28,132,0,160,0,29,167,0,196,130,0,130,326
09/13/2020,OGD,UT,ANM,WE,Federal Contract Tower,0,3,31,0,34,0,17,85,0,102,0,20,116,0,136,66,0,66,202
09/14/2020,OGD,UT,ANM,WE,Federal Contract Tower,0,6,54,1,61,0,1,167,0,168,0,7,221,1,229,98,0,98,327
09/15/2020,OGD,UT,ANM,WE,Federal Contract Tower,0,8,69,0,77,0,4,172,0,176,0,12,241,0,253,168,0,168,421
09/16/2020,OGD,UT,ANM,WE,Federal Contract Tower,0,1,34,0,35,0,5,170,0,175,0,6,204,0,210,156,0,156,366
09/17/2020,OGD,UT,ANM,WE,Federal Contract Tower,0,2,54,0,56,0,13,133,0,146,0,15,187,0,202,94,0,94,296
09/18/2020,OGD,UT,ANM,WE,Federal Contract Tower,0,1,51,0,52,0,12,150,0,162,0,13,201,0,214,84,0,84,298
09/19/2020,OGD,UT,ANM,WE,Federal Contract Tower,0,1,13,0,14,0,17,41,0,58,0,18,54,0,72,86,0,86,158
09/20/2020,OGD,UT,ANM,WE,Federal Contract Tower,0,3,28,0,31,0,22,95,0,117,0,25,123,0,148,100,0,100,248
09/21/2020,OGD,UT,ANM,WE,Federal Contract Tower,0,1,42,2,45,0,0,148,0,148,0,1,190,2,193,128,0,128,321
09/22/2020,OGD,UT,ANM,WE,Federal Contract Tower,0,1,32,0,33,0,10,119,0,129,0,11,151,0,162,118,0,118,280
09/23/2020,OGD,UT,ANM,WE,Federal Contract Tower,0,0,49,0,49,0,14,188,0,202,0,14,237,0,251,124,0,124,375
09/24/2020,OGD,UT,ANM,WE,Federal Contract Tower,0,4,43,0,47,0,9,123,2,134,0,13,166,2,181,108,0,108,289
09/25/2020,OGD,UT,ANM,WE,Federal Contract Tower,0,2,66,0,68,0,18,186,0,204,0,20,252,0,272,74,0,74,346
09/26/2020,OGD,UT,ANM,WE,Federal Contract Tower,0,2,22,0,24,0,32,84,0,116,0,34,106,0,140,92,0,92,232
09/27/2020,OGD,UT,ANM,WE,Federal Contract Tower,0,0,14,0,14,0,19,49,0,68,0,19,63,0,82,24,0,24,106
09/28/2020,OGD,UT,ANM,WE,Federal Contract Tower,0,3,41,0,44,0,3,151,0,154,0,6,192,0,198,76,0,76,274
09/29/2020,OGD,UT,ANM,WE,Federal Contract Tower,0,1,46,0,47,0,5,161,0,166,0,6,207,0,213,158,0,158,371
09/30/2020,OGD,UT,ANM,WE,Federal Contract Tower,0,2,37,0,39,0,4,170,0,174,0,6,207,0,213,94,0,94,307
10/01/2020,OGD,UT,ANM,WE,Federal Contract Tower,0,5,43,0,48,0,10,155,0,165,0,15,198,0,213,142,0,142,355
10/02/2020,OGD,UT,ANM,WE,Federal Contract Tower,0,1,41,0,42,0,32,197,0,229,0,33,238,0,271,148,0,148,419
10/03/2020,OGD,UT,ANM,WE,Federal Contract Tower,0,1,16,0,17,0,22,104,0,126,0,23,120,0,143,50,0,50,193
10/04/2020,OGD,UT,ANM,WE,Federal Contract Tower,0,1,15,0,16,0,18,52,0,70,0,19,67,0,86,52,0,52,138
10/05/2020,OGD,UT,ANM,WE,Federal Contract Tower,0,1,45,0,46,0,2,158,0,160,0,3,203,0,206,82,0,82,288
10/06/2020,OGD,UT,ANM,WE,Federal Contract Tower,0,2,52,1,55,0,5,196,0,201,0,7,248,1,256,162,0,162,418
10/07/2020,OGD,UT,ANM,WE,Federal Contract Tower,0,1,40,0,41,0,5,142,0,147,0,6,182,0,188,100,0,100,288
10/08/2020,OGD,UT,ANM,WE,Federal Contract Tower,0,0,40,0,40,0,5,152,0,157,0,5,192,0,197,170,0,170,367
10/09/2020,OGD,UT,ANM,WE,Federal Contract Tower,2,3,28,0,33,0,26,137,0,163,2,29,165,0,196,174,0,174,370
10/10/2020,OGD,UT,ANM,WE,Federal Contract Tower,0,0,22,0,22,0,25,108,0,133,0,25,130,0,155,42,0,42,197
10/11/2020,OGD,UT,ANM,WE,Federal Contract Tower,0,1,16,0,17,0,2,36,0,38,0,3,52,0,55,48,0,48,103
10/12/2020,OGD,UT,ANM,WE,Federal Contract Tower,2,6,57,0,65,0,6,191,0,197,2,12,248,0,262,152,0,152,414
10/13/2020,OGD,UT,ANM,WE,Federal Contract Tower,0,3,50,1,54,0,7,186,1,194,0,10,236,2,248,122,0,122,370
10/14/2020,OGD,UT,ANM,WE,Federal Contract Tower,0,3,44,1,48,0,12,93,1,106,0,15,137,2,154,38,0,38,192
10/15/2020,OGD,UT,ANM,WE,Federal Contract Tower,0,3,52,1,56,0,26,189,0,215,0,29,241,1,271,88,0,88,359
10/16/2020,OGD,UT,ANM,WE,Federal Contract Tower,2,0,28,0,30,0,24,122,0,146,2,24,150,0,176,86,0,86,262
10/17/2020,OGD,UT,ANM,WE,Federal Contract Tower,0,3,12,0,15,0,22,70,0,92,0,25,82,0,107,44,0,44,151
10/18/2020,OGD,UT,ANM,WE,Federal Contract Tower,0,1,26,0,27,0,14,88,0,102,0,15,114,0,129,24,0,24,153
10/19/2020,OGD,UT,ANM,WE,Federal Contract Tower,2,1,45,0,48,0,4,156,0,160,2,5,201,0,208,134,0,134,342
10/20/2020,OGD,UT,ANM,WE,Federal Contract Tower,0,1,47,0,48,0,9,196,0,205,0,10,243,0,253,40,0,40,293
10/21/2020,OGD,UT,ANM,WE,Federal Contract Tower,0,2,45,0,47,0,5,166,0,171,0,7,211,0,218,98,0,98,316
10/22/2020,OGD,UT,ANM,WE,Federal Contract Tower,0,2,36,1,39,0,4,117,0,121,0,6,153,1,160,78,0,78,238
10/23/2020,OGD,UT,ANM,WE,Federal Contract Tower,2,3,45,0,50,0,12,153,0,165,2,15,198,0,215,82,0,82,297
10/24/2020,OGD,UT,ANM,WE,Federal Contract Tower,0,2,16,0,18,0,18,75,0,93,0,20,91,0,111,92,0,92,203
10/25/2020,OGD,UT,ANM,WE,Federal Contract Tower,0,1,19,0,20,0,3,14,0,17,0,4,33,0,37,2,0,2,39
10/26/2020,OGD,UT,ANM,WE,Federal Contract Tower,2,2,43,0,47,0,5,135,0,140,2,7,178,0,187,90,0,90,277
10/27/2020,OGD,UT,ANM,WE,Federal Contract Tower,0,0,42,1,43,0,8,168,1,177,0,8,210,2,220,78,0,78,298
10/28/2020,OGD,UT,ANM,WE,Federal Contract Tower,0,7,41,0,48,0,9,147,0,156,0,16,188,0,204,150,0,150,354
10/29/2020,OGD,UT,ANM,WE,Federal Contract Tower,0,2,47,0,49,0,7,198,0,205,0,9,245,0,254,126,0,126,380
10/30/2020,OGD,UT,ANM,WE,Federal Contract Tower,2,0,43,0,45,0,10,168,0,178,2,10,211,0,223,70,0,70,293
10/31/2020,OGD,UT,ANM,WE,Federal Contract Tower,0,2,5,0,7,0,9,85,0,94,0,11,90,0,101,74,0,74,175
11/01/2020,OGD,UT,ANM,WE,Federal Contract Tower,0,1,18,0,19,0,0,92,0,92,0,1,110,0,111,108,0,108,219
11/02/2020,OGD,UT,ANM,WE,Federal Contract Tower,2,4,29,0,35,0,3,164,0,167,2,7,193,0,202,104,0,104,306
11/03/2020,OGD,UT,ANM,WE,Federal Contract Tower,0,1,37,0,38,0,2,187,0,189,0,3,224,0,227,152,0,152,379
11/04/2020,OGD,UT,ANM,WE,Federal Contract Tower,0,4,30,0,34,0,3,159,0,162,0,7,189,0,196,60,0,60,256
11/05/2020,OGD,UT,ANM,WE,Federal Contract Tower,0,1,47,0,48,0,8,143,0,151,0,9,190,0,199,96,0,96,295
11/06/2020,OGD,UT,ANM,WE,Federal Contract Tower,2,1,10,0,13,0,2,38,0,40,2,3,48,0,53,26,0,26,79
11/07/2020,OGD,UT,ANM,WE,Federal Contract Tower,0,0,3,0,3,0,2,10,0,12,0,2,13,0,15,0,0,0,15
11/08/2020,OGD,UT,ANM,WE,Federal Contract Tower,0,0,10,0,10,0,0,2,0,2,0,0,12,0,12,4,0,4,16
11/09/2020,OGD,UT,ANM,WE,Federal Contract Tower,2,1,21,0,24,0,0,109,0,109,2,1,130,0,133,84,0,84,217
11/10/2020,OGD,UT,ANM,WE,Federal Contract Tower,0,3,32,0,35,0,2,38,0,40,0,5,70,0,75,162,0,162,237
11/11/2020,OGD,UT,ANM,WE,Federal Contract Tower,0,1,4,0,5,0,0,38,0,38,0,1,42,0,43,28,0,28,71
11/12/2020,OGD,UT,ANM,WE,Federal Contract Tower,0,1,33,0,34,0,2,181,0,183,0,3,214,0,217,102,0,102,319
11/13/2020,OGD,UT,ANM,WE,Federal Contract Tower,2,2,14,0,18,0,2,61,0,63,2,4,75,0,81,56,0,56,137
11/14/2020,OGD,UT,ANM,WE,Federal Contract Tower,0,0,8,0,8,0,3,47,0,50,0,3,55,0,58,58,0,58,116
11/15/2020,OGD,UT,ANM,WE,Federal Contract Tower,0,0,15,0,15,0,1,53,0,54,0,1,68,0,69,100,0,100,169
11/16/2020,OGD,UT,ANM,WE,Federal Contract Tower,2,1,50,0,53,0,0,179,0,179,2,1,229,0,232,113,0,113,345
11/17/2020,OGD,UT,ANM,WE,Federal Contract Tower,0,0,30,0,30,0,0,138,0,138,0,0,168,0,168,96,0,96,264
11/18/2020,OGD,UT,ANM,WE,Federal Contract Tower,0,0,19,0,19,0,0,74,0,74,0,0,93,0,93,76,0,76,169
11/19/2020,OGD,UT,ANM,WE,Federal Contract Tower,0,2,40,0,42,0,5,185,0,190,0,7,225,0,232,102,0,102,334
11/20/2020,OGD,UT,ANM,WE,Federal Contract Tower,2,2,32,0,36,0,0,190,0,190,2,2,222,0,226,182,0,182,408
11/21/2020,OGD,UT,ANM,WE,Federal Contract Tower,0,0,21,0,21,0,2,153,0,155,0,2,174,0,176,170,0,170,346
11/22/2020,OGD,UT,ANM,WE,Federal Contract Tower,0,1,12,0,13,0,3,76,0,79,0,4,88,0,92,52,0,52,144
11/23/2020,OGD,UT,ANM,WE,Federal Contract Tower,2,5,30,0,37,0,0,94,0,94,2,5,124,0,131,100,0,100,231
11/24/2020,OGD,UT,ANM,WE,Federal Contract Tower,0,7,34,0,41,0,2,168,0,170,0,9,202,0,211,92,0,92,303
11/25/2020,OGD,UT,ANM,WE,Federal Contract Tower,4,3,39,0,46,0,0,122,0,122,4,3,161,0,168,128,0,128,296
11/26/2020,OGD,UT,ANM,WE,Federal Contract Tower,1,0,2,0,3,0,0,16,0,16,1,0,18,0,19,14,0,14,33
11/27/2020,OGD,UT,ANM,WE,Federal Contract Tower,2,2,18,0,22,0,1,80,0,81,2,3,98,0,103,24,0,24,127
11/28/2020,OGD,UT,ANM,WE,Federal Contract Tower,0,0,23,0,23,0,4,154,0,158,0,4,177,0,181,52,0,52,233
11/29/2020,OGD,UT,ANM,WE,Federal Contract Tower,0,0,15,0,15,0,1,62,0,63,0,1,77,0,78,104,0,104,182
11/30/2020,OGD,UT,ANM,WE,Federal Contract Tower,2,0,32,2,36,0,5,139,12,156,2,5,171,14,192,40,0,40,232
12/01/2020,OGD,UT,ANM,WE,Federal Contract Tower,0,0,46,0,46,0,5,177,0,182,0,5,223,0,228,124,0,124,352
12/02/2020,OGD,UT,ANM,WE,Federal Contract Tower,0,3,24,1,28,0,14,126,0,140,0,17,150,1,168,138,0,138,306
12/03/2020,OGD,UT,ANM,WE,Federal Contract Tower,0,2,37,0,39,0,3,198,0,201,0,5,235,0,240,120,0,120,360
12/04/2020,OGD,UT,ANM,WE,Federal Contract Tower,0,0,29,0,29,0,0,153,0,153,0,0,182,0,182,134,0,134,316
12/05/2020,OGD,UT,ANM,WE,Federal Contract Tower,0,0,25,0,25,0,4,125,0,129,0,4,150,0,154,134,0,134,288
12/06/2020,OGD,UT,ANM,WE,Federal Contract Tower,0,4,31,0,35,0,0,68,0,68,0,4,99,0,103,80,0,80,183
12/07/2020,OGD,UT,ANM,WE,Federal Contract Tower,1,3,38,0,42,0,4,179,0,183,1,7,217,0,225,62,0,62,287
12/08/2020,OGD,UT,ANM,WE,Federal Contract Tower,0,3,43,0,46,0,0,157,0,157,0,3,200,0,203,98,0,98,301
12/09/2020,OGD,UT,ANM,WE,Federal Contract Tower,0,1,33,0,34,0,2,186,0,188,0,3,219,0,222,158,0,158,380
12/10/2020,OGD,UT,ANM,WE,Federal Contract Tower,0,0,34,0,34,0,9,140,0,149,0,9,174,0,183,190,0,190,373
12/11/2020,OGD,UT,ANM,WE,Federal Contract Tower,0,4,27,0,31,0,2,146,0,148,0,6,173,0,179,90,0,90,269
12/12/2020,OGD,UT,ANM,WE,Federal Contract Tower,0,0,14,0,14,0,6,36,0,42,0,6,50,0,56,26,0,26,82
12/13/2020,OGD,UT,ANM,WE,Federal Contract Tower,0,1,23,0,24,0,4,77,0,81,0,5,100,0,105,102,0,102,207
12/14/2020,OGD,UT,ANM,WE,Federal Contract Tower,0,1,4,0,5,0,4,2,0,6,0,5,6,0,11,0,0,0,11
12/15/2020,OGD,UT,ANM,WE,Federal Contract Tower,0,3,25,0,28,0,6,98,0,104,0,9,123,0,132,126,0,126,258
12/16/2020,OGD,UT,ANM,WE,Federal Contract Tower,0,2,30,0,32,0,4,177,0,181,0,6,207,0,213,208,0,208,421
12/17/2020,OGD,UT,ANM,WE,Federal Contract Tower,0,1,4,0,5,0,0,3,0,3,0,1,7,0,8,0,0,0,8
12/18/2020,OGD,UT,ANM,WE,Federal Contract Tower,2,0,25,0,27,0,4,123,0,127,2,4,148,0,154,30,0,30,184
12/19/2020,OGD,UT,ANM,WE,Federal Contract Tower,0,0,10,0,10,0,4,93,0,97,0,4,103,0,107,82,0,82,189
12/20/2020,OGD,UT,ANM,WE,Federal Contract Tower,0,2,24,0,26,0,0,63,0,63,0,2,87,0,89,18,0,18,107
12/21/2020,OGD,UT,ANM,WE,Federal Contract Tower,2,2,39,0,43,0,0,123,0,123,2,2,162,0,166,118,0,118,284
12/22/2020,OGD,UT,ANM,WE,Federal Contract Tower,0,1,19,0,20,0,2,36,0,38,0,3,55,0,58,36,0,36,94
12/23/2020,OGD,UT,ANM,WE,Federal Contract Tower,2,4,38,0,44,0,4,106,0,110,2,8,144,0,154,78,0,78,232
12/24/2020,OGD,UT,ANM,WE,Federal Contract Tower,0,2,20,0,22,0,3,80,0,83,0,5,100,0,105,102,0,102,207
12/25/2020,OGD,UT,ANM,WE,Federal Contract Tower,0,0,6,0,6,0,2,20,0,22,0,2,26,0,28,8,0,8,36
12/26/2020,OGD,UT,ANM,WE,Federal Contract Tower,0,2,9,0,11,0,2,23,0,25,0,4,32,0,36,52,0,52,88
12/27/2020,OGD,UT,ANM,WE,Federal Contract Tower,2,0,20,0,22,0,3,57,1,61,2,3,77,1,83,55,0,55,138
12/28/2020,OGD,UT,ANM,WE,Federal Contract Tower,0,10,18,0,28,0,5,27,1,33,0,15,45,1,61,44,0,44,105
12/29/2020,OGD,UT,ANM,WE,Federal Contract Tower,0,0,24,0,24,0,8,131,0,139,0,8,155,0,163,164,0,164,327
12/30/2020,OGD,UT,ANM,WE,Federal Contract Tower,2,0,26,0,28,0,2,104,0,106,2,2,130,0,134,92,0,92,226
12/31/2020,OGD,UT,ANM,WE,Federal Contract Tower,0,2,11,0,13,0,2,15,0,17,0,4,26,0,30,112,0,112,142
01/01/2021,OGD,UT,ANM,WE,Federal Contract Tower,0,1,9,0,10,0,4,95,0,99,0,5,104,0,109,70,0,70,179
01/02/2021,OGD,UT,ANM,WE,Federal Contract Tower,0,0,15,0,15,0,7,82,0,89,0,7,97,0,104,46,0,46,150
01/03/2021,OGD,UT,ANM,WE,Federal Contract Tower,2,0,14,0,16,0,2,4,0,6,2,2,18,0,22,12,0,12,34
01/04/2021,OGD,UT,ANM,WE,Federal Contract Tower,0,1,37,0,38,0,5,104,0,109,0,6,141,0,147,246,0,246,393
01/05/2021,OGD,UT,ANM,WE,Federal Contract Tower,0,1,34,1,36,0,0,93,0,93,0,1,127,1,129,82,0,82,211
01/06/2021,OGD,UT,ANM,WE,Federal Contract Tower,0,0,41,0,41,0,7,147,0,154,0,7,188,0,195,40,0,40,235
01/07/2021,OGD,UT,ANM,WE,Federal Contract Tower,0,3,51,0,54,0,5,118,0,123,0,8,169,0,177,154,0,154,331
01/08/2021,OGD,UT,ANM,WE,Federal Contract Tower,2,0,33,0,35,0,5,96,0,101,2,5,129,0,136,48,0,48,184
01/09/2021,OGD,UT,ANM,WE,Federal Contract Tower,0,0,16,0,16,0,3,79,0,82,0,3,95,0,98,42,0,42,140
01/10/2021,OGD,UT,ANM,WE,Federal Contract Tower,0,2,26,0,28,0,4,71,1,76,0,6,97,1,104,66,0,66,170
01/11/2021,OGD,UT,ANM,WE,Federal Contract Tower,2,2,36,0,40,0,6,120,1,127,2,8,156,1,167,106,0,106,273
01/12/2021,OGD,UT,ANM,WE,Federal Contract Tower,0,1,26,0,27,0,4,121,0,125,0,5,147,0,152,124,0,124,276
01/13/2021,OGD,UT,ANM,WE,Federal Contract Tower,0,1,27,1,29,0,4,95,1,100,0,5,122,2,129,67,0,67,196
01/14/2021,OGD,UT,ANM,WE,Federal Contract Tower,0,2,45,0,47,0,4,131,0,135,0,6,176,0,182,85,0,85,267
01/15/2021,OGD,UT,ANM,WE,Federal Contract Tower,2,4,25,2,33,0,3,140,1,144,2,7,165,3,177,146,0,146,323
01/16/2021,OGD,UT,ANM,WE,Federal Contract Tower,0,1,15,0,16,0,6,89,0,95,0,7,104,0,111,66,0,66,177
01/17/2021,OGD,UT,ANM,WE,Federal Contract Tower,0,0,22,0,22,0,2,63,0,65,0,2,85,0,87,38,0,38,125
01/18/2021,OGD,UT,ANM,WE,Federal Contract Tower,2,2,16,0,20,0,6,113,0,119,2,8,129,0,139,46,0,46,185
01/19/2021,OGD,UT,ANM,WE,Federal Contract Tower,0,2,25,0,27,0,8,72,0,80,0,10,97,0,107,88,0,88,195
01/20/2021,OGD,UT,ANM,WE,Federal Contract Tower,0,1,56,0,57,0,7,188,0,195,0,8,244,0,252,128,0,128,380
01/21/2021,OGD,UT,ANM,WE,Federal Contract Tower,0,0,48,2,50,0,1,156,0,157,0,1,204,2,207,62,0,62,269
01/22/2021,OGD,UT,ANM,WE,Federal Contract Tower,2,0,29,0,31,0,4,137,0,141,2,4,166,0,172,60,0,60,232
01/23/2021,OGD,UT,ANM,WE,Federal Contract Tower,0,0,3,0,3,0,0,0,0,0,0,0,3,0,3,0,0,0,3
01/24/2021,OGD,UT,ANM,WE,Federal Contract Tower,0,2,8,0,10,0,0,2,0,2,0,2,10,0,12,0,0,0,12
01/25/2021,OGD,UT,ANM,WE,Federal Contract Tower,2,0,33,0,35,0,2,105,0,107,2,2,138,0,142,62,0,62,204
01/26/2021,OGD,UT,ANM,WE,Federal Contract Tower,0,0,10,0,10,0,1,10,0,11,0,1,20,0,21,10,0,10,31
01/27/2021,OGD,UT,ANM,WE,Federal Contract Tower,0,1,10,0,11,0,2,43,0,45,0,3,53,0,56,58,0,58,114
01/28/2021,OGD,UT,ANM,WE,Federal Contract Tower,0,1,24,0,25,0,0,72,0,72,0,1,96,0,97,62,0,62,159
01/29/2021,OGD,UT,ANM,WE,Federal Contract Tower,2,3,16,0,21,0,2,62,0,64,2,5,78,0,85,58,0,58,143
01/30/2021,OGD,UT,ANM,WE,Federal Contract Tower,0,0,24,0,24,0,3,125,0,128,0,3,149,0,152,110,0,110,262
01/31/2021,OGD,UT,ANM,WE,Federal Contract Tower,0,0,29,0,29,0,1,130,0,131,0,1,159,0,160,58,0,58,218
02/01/2021,OGD,UT,ANM,WE,Federal Contract Tower,2,4,53,0,59,0,11,156,0,167,2,15,209,0,226,120,0,120,346
02/02/2021,OGD,UT,ANM,WE,Federal Contract Tower,0,3,47,5,55,0,2,140,0,142,0,5,187,5,197,108,0,108,305
02/03/2021,OGD,UT,ANM,WE,Federal Contract Tower,0,2,8,0,10,0,2,21,0,23,0,4,29,0,33,40,0,40,73
02/04/2021,OGD,UT,ANM,WE,Federal Contract Tower,0,0,40,0,40,0,8,127,0,135,0,8,167,0,175,202,0,202,377
02/05/2021,OGD,UT,ANM,WE,Federal Contract Tower,2,0,4,0,6,0,0,2,0,2,2,0,6,0,8,12,0,12,20
02/06/2021,OGD,UT,ANM,WE,Federal Contract Tower,0,0,22,0,22,0,5,102,0,107,0,5,124,0,129,70,0,70,199
02/07/2021,OGD,UT,ANM,WE,Federal Contract Tower,0,0,19,0,19,0,2,65,0,67,0,2,84,0,86,64,0,64,150
02/08/2021,OGD,UT,ANM,WE,Federal Contract Tower,2,2,41,0,45,0,6,145,0,151,2,8,186,0,196,190,0,190,386
02/09/2021,OGD,UT,ANM,WE,Federal Contract Tower,0,1,27,0,28,0,1,102,0,103,0,2,129,0,131,140,0,140,271
02/10/2021,OGD,UT,ANM,WE,Federal Contract Tower,0,0,49,0,49,0,0,149,0,149,0,0,198,0,198,140,0,140,338
02/11/2021,OGD,UT,ANM,WE,Federal Contract Tower,0,2,27,0,29,0,4,86,0,90,0,6,113,0,119,164,0,164,283
02/12/2021,OGD,UT,ANM,WE,Federal Contract Tower,0,4,22,0,26,0,2,29,0,31,0,6,51,0,57,14,0,14,71
02/13/2021,OGD,UT,ANM,WE,Federal Contract Tower,0,0,1,0,1,0,0,0,0,0,0,0,1,0,1,0,0,0,1
02/14/2021,OGD,UT,ANM,WE,Federal Contract Tower,0,1,17,0,18,0,0,29,0,29,0,1,46,0,47,50,0,50,97
02/15/2021,OGD,UT,ANM,WE,Federal Contract Tower,0,0,11,0,11,0,0,2,0,2,0,0,13,0,13,16,0,16,29
02/16/2021,OGD,UT,ANM,WE,Federal Contract Tower,0,2,6,0,8,0,0,6,0,6,0,2,12,0,14,34,0,34,48
02/17/2021,OGD,UT,ANM,WE,Federal Contract Tower,0,3,22,2,27,0,5,54,4,63,0,8,76,6,90,26,12,38,128
02/18/2021,OGD,UT,ANM,WE,Federal Contract Tower,0,5,54,0,59,0,0,194,0,194,0,5,248,0,253,116,2,118,371
02/19/2021,OGD,UT,ANM,WE,Federal Contract Tower,0,3,24,0,27,0,11,82,0,93,0,14,106,0,120,38,0,38,158
02/20/2021,OGD,UT,ANM,WE,Federal Contract Tower,0,0,5,0,5,0,5,24,0,29,0,5,29,0,34,30,0,30,64
02/21/2021,OGD,UT,ANM,WE,Federal Contract Tower,0,5,24,0,29,0,3,65,0,68,0,8,89,0,97,20,0,20,117
02/22/2021,OGD,UT,ANM,WE,Federal Contract Tower,0,2,59,0,61,0,5,166,0,171,0,7,225,0,232,74,4,78,310
02/23/2021,OGD,UT,ANM,WE,Federal Contract Tower,0,4,43,0,47,0,1,101,0,102,0,5,144,0,149,86,0,86,235
02/24/2021,OGD,UT,ANM,WE,Federal Contract Tower,0,3,44,0,47,0,3,122,0,125,0,6,166,0,172,52,0,52,224
02/25/2021,OGD,UT,ANM,WE,Federal Contract Tower,0,1,47,0,48,0,4,185,0,189,0,5,232,0,237,84,0,84,321
02/26/2021,OGD,UT,ANM,WE,Federal Contract Tower,2,7,26,0,35,0,9,110,0,119,2,16,136,0,154,40,0,40,194
02/27/2021,OGD,UT,ANM,WE,Federal Contract Tower,0,2,9,2,13,0,2,20,0,22,0,4,29,2,35,28,0,28,63
02/28/2021,OGD,UT,ANM,WE,Federal Contract Tower,0,2,16,0,18,0,0,77,0,77,0,2,93,0,95,56,0,56,151
03/01/2021,OGD,UT,ANM,WE,Federal Contract Tower,0,0,54,1,55,0,3,183,5,191,0,3,237,6,246,74,0,74,320
03/02/2021,OGD,UT,ANM,WE,Federal Contract Tower,0,2,49,0,51,0,6,150,0,156,0,8,199,0,207,127,0,127,334
03/03/2021,OGD,UT,ANM,WE,Federal Contract Tower,0,3,35,0,38,0,2,114,0,116,0,5,149,0,154,94,0,94,248
03/04/2021,OGD,UT,ANM,WE,Federal Contract Tower,0,1,52,0,53,0,3,171,0,174,0,4,223,0,227,148,0,148,375
03/05/2021,OGD,UT,ANM,WE,Federal Contract Tower,0,2,32,0,34,0,8,162,0,170,0,10,194,0,204,100,0,100,304
03/06/2021,OGD,UT,ANM,WE,Federal Contract Tower,0,0,10,0,10,0,0,29,0,29,0,0,39,0,39,14,0,14,53
03/07/2021,OGD,UT,ANM,WE,Federal Contract Tower,0,3,25,0,28,0,0,77,0,77,0,3,102,0,105,52,0,52,157
03/08/2021,OGD,UT,ANM,WE,Federal Contract Tower,0,2,31,1,34,0,6,82,1,89,0,8,113,2,123,80,0,80,203
03/09/2021,OGD,UT,ANM,WE,Federal Contract Tower,0,4,20,2,26,0,0,111,0,111,0,4,131,2,137,96,0,96,233
03/10/2021,OGD,UT,ANM,WE,Federal Contract Tower,0,3,26,0,29,0,12,134,0,146,0,15,160,0,175,130,0,130,305
03/11/2021,OGD,UT,ANM,WE,Federal Contract Tower,0,4,23,0,27,0,3,65,0,68,0,7,88,0,95,126,0,126,221
03/12/2021,OGD,UT,ANM,WE,Federal Contract Tower,3,4,30,0,37,0,4,88,0,92,3,8,118,0,129,38,0,38,167
03/13/2021,OGD,UT,ANM,WE,Federal Contract Tower,1,0,15,2,18,0,2,46,0,48,1,2,61,2,66,110,0,110,176
03/14/2021,OGD,UT,ANM,WE,Federal Contract Tower,0,2,24,0,26,0,6,98,0,104,0,8,122,0,130,64,0,64,194
03/15/2021,OGD,UT,ANM,WE,Federal Contract Tower,2,1,39,0,42,0,4,202,0,206,2,5,241,0,248,104,0,104,352
03/16/2021,OGD,UT,ANM,WE,Federal Contract Tower,0,2,63,0,65,0,3,207,0,210,0,5,270,0,275,116,0,116,391
03/17/2021,OGD,UT,ANM,WE,Federal Contract Tower,0,0,46,0,46,0,5,206,0,211,0,5,252,0,257,108,0,108,365
03/18/2021,OGD,UT,ANM,WE,Federal Contract Tower,0,3,38,0,41,0,7,136,0,143,0,10,174,0,184,103,0,103,287
03/19/2021,OGD,UT,ANM,WE,Federal Contract Tower,2,2,50,0,54,0,5,139,0,144,2,7,189,0,198,126,0,126,324
03/20/2021,OGD,UT,ANM,WE,Federal Contract Tower,0,3,5,0,8,0,1,5,0,6,0,4,10,0,14,6,0,6,20
03/21/2021,OGD,UT,ANM,WE,Federal Contract Tower,0,1,16,0,17,0,10,52,0,62,0,11,68,0,79,82,0,82,161
03/22/2021,OGD,UT,ANM,WE,Federal Contract Tower,2,3,19,0,24,0,0,83,0,83,2,3,102,0,107,126,0,126,233
03/23/2021,OGD,UT,ANM,WE,Federal Contract Tower,0,4,28,1,33,0,3,96,0,99,0,7,124,1,132,134,0,134,266
03/24/2021,OGD,UT,ANM,WE,Federal Contract Tower,0,2,45,0,47,0,11,163,0,174,0,13,208,0,221,180,0,180,401
03/25/2021,OGD,UT,ANM,WE,Federal Contract Tower,0,0,28,0,28,0,0,42,0,42,0,0,70,0,70,98,0,98,168
03/26/2021,OGD,UT,ANM,WE,Federal Contract Tower,3,4,34,0,41,0,1,121,0,122,3,5,155,0,163,116,0,116,279
03/27/2021,OGD,UT,ANM,WE,Federal Contract Tower,1,0,39,0,40,0,3,165,0,168,1,3,204,0,208,100,0,100,308
03/28/2021,OGD,UT,ANM,WE,Federal Contract Tower,0,0,25,0,25,0,0,110,0,110,0,0,135,0,135,28,0,28,163
03/29/2021,OGD,UT,ANM,WE,Federal Contract Tower,2,0,6,0,8,0,4,16,0,20,2,4,22,0,28,2,0,2,30
03/30/2021,OGD,UT,ANM,WE,Federal Contract Tower,0,1,57,0,58,0,5,169,0,174,0,6,226,0,232,86,0,86,318
03/31/2021,OGD,UT,ANM,WE,Federal Contract Tower,0,0,43,0,43,0,4,176,0,180,0,4,219,0,223,104,0,104,327
04/01/2021,OGD,UT,ANM,WE,Federal Contract Tower,0,1,49,1,51,0,3,212,0,215,0,4,261,1,266,90,0,90,356
04/02/2021,OGD,UT,ANM,WE,Federal Contract Tower,2,1,34,0,37,0,1,166,0,167,2,2,200,0,204,148,0,148,352
04/03/2021,OGD,UT,ANM,WE,Federal Contract Tower,0,0,14,0,14,0,7,94,0,101,0,7,108,0,115,82,0,82,197
04/04/2021,OGD,UT,ANM,WE,Federal Contract Tower,0,0,11,0,11,0,2,60,0,62,0,2,71,0,73,32,0,32,105
04/05/2021,OGD,UT,ANM,WE,Federal Contract Tower,2,4,35,0,41,0,3,110,0,113,2,7,145,0,154,92,0,92,246
04/06/2021,OGD,UT,ANM,WE,Federal Contract Tower,0,0,26,2,28,0,0,133,3,136,0,0,159,5,164,82,2,84,248
04/07/2021,OGD,UT,ANM,WE,Federal Contract Tower,0,0,38,0,38,0,5,207,0,212,0,5,245,0,250,130,0,130,380
04/08/2021,OGD,UT,ANM,WE,Federal Contract Tower,0,1,48,0,49,0,4,148,0,152,0,5,196,0,201,110,0,110,311
04/09/2021,OGD,UT,ANM,WE,Federal Contract Tower,2,0,37,0,39,0,3,198,0,201,2,3,235,0,240,152,0,152,392
04/10/2021,OGD,UT,ANM,WE,Federal Contract Tower,0,0,21,0,21,0,13,133,0,146,0,13,154,0,167,106,0,106,273
04/11/2021,OGD,UT,ANM,WE,Federal Contract Tower,0,0,19,0,19,0,22,85,0,107,0,22,104,0,126,54,0,54,180
04/12/2021,OGD,UT,ANM,WE,Federal Contract Tower,0,0,29,0,29,0,5,208,0,213,0,5,237,0,242,78,0,78,320
04/13/2021,OGD,UT,ANM,WE,Federal Contract Tower,0,3,13,0,16,0,5,16,0,21,0,8,29,0,37,4,0,4,41
04/14/2021,OGD,UT,ANM,WE,Federal Contract Tower,0,5,9,0,14,0,2,15,0,17,0,7,24,0,31,58,0,58,89
04/15/2021,OGD,UT,ANM,WE,Federal Contract Tower,0,0,25,0,25,0,0,148,0,148,0,0,173,0,173,146,0,146,319
04/16/2021,OGD,UT,ANM,WE,Federal Contract Tower,2,3,32,0,37,0,3,96,2,101,2,6,128,2,138,90,0,90,228
04/17/2021,OGD,UT,ANM,WE,Federal Contract Tower,0,0,26,0,26,0,17,57,1,75,0,17,83,1,101,22,0,22,123
04/18/2021,OGD,UT,ANM,WE,Federal Contract Tower,0,0,28,4,32,0,16,131,0,147,0,16,159,4,179,80,0,80,259
04/19/2021,OGD,UT,ANM,WE,Federal Contract Tower,1,0,38,0,39,0,0,81,0,81,1,0,119,0,120,12,0,12,132
04/20/2021,OGD,UT,ANM,WE,Federal Contract Tower,0,1,43,0,44,0,7,238,0,245,0,8,281,0,289,174,0,174,463
04/21/2021,OGD,UT,ANM,WE,Federal Contract Tower,0,1,21,1,23,0,5,51,0,56,0,6,72,1,79,86,0,86,165
04/22/2021,OGD,UT,ANM,WE,Federal Contract Tower,0,2,47,1,50,0,14,239,0,253,0,16,286,1,303,160,0,160,463
04/23/2021,OGD,UT,ANM,WE,Federal Contract Tower,2,0,36,0,38,0,3,234,0,237,2,3,270,0,275,90,0,90,365
04/24/2021,OGD,UT,ANM,WE,Federal Contract Tower,2,0,16,4,22,0,23,75,0,98,2,23,91,4,120,74,0,74,194
04/25/2021,OGD,UT,ANM,WE,Federal Contract Tower,4,0,14,0,18,0,2,43,0,45,4,2,57,0,63,64,0,64,127
04/26/2021,OGD,UT,ANM,WE,Federal Contract Tower,1,2,8,2,13,0,0,2,0,2,1,2,10,2,15,8,0,8,23
04/27/2021,OGD,UT,ANM,WE,Federal Contract Tower,0,0,33,0,33,0,2,234,0,236,0,2,267,0,269,138,0,138,407
04/28/2021,OGD,UT,ANM,WE,Federal Contract Tower,0,1,70,9,80,0,5,197,1,203,0,6,267,10,283,112,4,116,399
04/29/2021,OGD,UT,ANM,WE,Federal Contract Tower,0,1,50,0,51,0,2,205,0,207,0,3,255,0,258,144,0,144,402
04/30/2021,OGD,UT,ANM,WE,Federal Contract Tower,2,2,60,0,64,0,5,232,0,237,2,7,292,0,301,132,0,132,433
05/01/2021,OGD,UT,ANM,WE,Federal Contract Tower,0,0,27,0,27,0,21,116,0,137,0,21,143,0,164,82,0,82,246
05/02/2021,OGD,UT,ANM,WE,Federal Contract Tower,0,0,15,0,15,0,17,60,0,77,0,17,75,0,92,36,0,36,128
05/03/2021,OGD,UT,ANM,WE,Federal Contract Tower,0,1,51,0,52,0,6,175,1,182,0,7,226,1,234,76,0,76,310
05/04/2021,OGD,UT,ANM,WE,Federal Contract Tower,2,1,37,0,40,0,14,218,0,232,2,15,255,0,272,204,0,204,476
05/05/2021,OGD,UT,ANM,WE,Federal Contract Tower,2,2,42,0,46,0,6,212,0,218,2,8,254,0,264,88,0,88,352
05/06/2021,OGD,UT,ANM,WE,Federal Contract Tower,2,3,40,0,45,0,4,198,0,202,2,7,238,0,247,82,0,82,329
05/07/2021,OGD,UT,ANM,WE,Federal Contract Tower,4,4,25,0,33,0,7,71,2,80,4,11,96,2,113,30,0,30,143
05/08/2021,OGD,UT,ANM,WE,Federal Contract Tower,2,0,14,0,16,0,30,126,0,156,2,30,140,0,172,114,0,114,286
05/09/2021,OGD,UT,ANM,WE,Federal Contract Tower,0,6,29,0,35,0,24,64,0,88,0,30,93,0,123,116,0,116,239
05/10/2021,OGD,UT,ANM,WE,Federal Contract Tower,3,0,33,0,36,0,3,141,0,144,3,3,174,0,180,154,0,154,334
05/11/2021,OGD,UT,ANM,WE,Federal Contract Tower,2,2,41,0,45,0,1,179,0,180,2,3,220,0,225,186,0,186,411
05/12/2021,OGD,UT,ANM,WE,Federal Contract Tower,2,2,52,0,56,0,9,187,0,196,2,11,239,0,252,160,0,160,412
05/13/2021,OGD,UT,ANM,WE,Federal Contract Tower,2,0,54,0,56,0,3,166,0,169,2,3,220,0,225,142,0,142,367
05/14/2021,OGD,UT,ANM,WE,Federal Contract Tower,4,2,39,0,45,0,15,165,0,180,4,17,204,0,225,148,0,148,373
05/15/2021,OGD,UT,ANM,WE,Federal Contract Tower,2,1,27,0,30,0,23,94,0,117,2,24,121,0,147,32,0,32,179
05/16/2021,OGD,UT,ANM,WE,Federal Contract Tower,0,6,15,0,21,0,20,39,0,59,0,26,54,0,80,130,0,130,210
05/17/2021,OGD,UT,ANM,WE,Federal Contract Tower,6,5,60,0,71,0,1,131,0,132,6,6,191,0,203,134,0,134,337
05/18/2021,OGD,UT,ANM,WE,Federal Contract Tower,2,1,55,0,58,0,6,169,0,175,2,7,224,0,233,210,0,210,443
05/19/2021,OGD,UT,ANM,WE,Federal Contract Tower,2,6,42,0,50,0,10,138,0,148,2,16,180,0,198,120,0,120,318
05/20/2021,OGD,UT,ANM,WE,Federal Contract Tower,2,0,47,0,49,0,2,153,0,155,2,2,200,0,204,128,0,128,332
05/21/2021,OGD,UT,ANM,WE,Federal Contract Tower,4,4,18,0,26,0,12,61,0,73,4,16,79,0,99,128,0,128,227
05/22/2021,OGD,UT,ANM,WE,Federal Contract Tower,2,4,30,0,36,0,38,117,0,155,2,42,147,0,191,84,0,84,275
05/23/2021,OGD,UT,ANM,WE,Federal Contract Tower,0,0,6,0,6,0,2,11,0,13,0,2,17,0,19,20,0,20,39
05/24/2021,OGD,UT,ANM,WE,Federal Contract Tower,4,5,55,0,64,0,11,150,0,161,4,16,205,0,225,210,0,210,435
05/25/2021,OGD,UT,ANM,WE,Federal Contract Tower,2,2,54,0,58,0,7,148,0,155,2,9,202,0,213,71,0,71,284
05/26/2021,OGD,UT,ANM,WE,Federal Contract Tower,2,3,40,0,45,0,5,129,2,136,2,8,169,2,181,152,0,152,333
05/27/2021,OGD,UT,ANM,WE,Federal Contract Tower,2,2,49,0,53,0,4,206,0,210,2,6,255,0,263,180,0,180,443
05/28/2021,OGD,UT,ANM,WE,Federal Contract Tower,2,0,52,0,54,0,18,162,0,180,2,18,214,0,234,64,0,64,298
05/29/2021,OGD,UT,ANM,WE,Federal Contract Tower,2,0,26,0,28,0,41,99,0,140,2,41,125,0,168,20,0,20,188
05/30/2021,OGD,UT,ANM,WE,Federal Contract Tower,0,0,13,0,13,0,25,49,0,74,0,25,62,0,87,50,0,50,137
05/31/2021,OGD,UT,ANM,WE,Federal Contract Tower,2,0,26,0,28,0,4,86,0,90,2,4,112,0,118,44,0,44,162
06/01/2021,OGD,UT,ANM,WE,Federal Contract Tower,2,0,50,1,53,0,9,190,1,200,2,9,240,2,253,146,0,146,399
06/02/2021,OGD,UT,ANM,WE,Federal Contract Tower,2,3,45,0,50,0,4,183,0,187,2,7,228,0,237,212,0,212,449
06/03/2021,OGD,UT,ANM,WE,Federal Contract Tower,2,3,51,0,56,0,7,157,0,164,2,10,208,0,220,94,0,94,314
06/04/2021,OGD,UT,ANM,WE,Federal Contract Tower,2,0,36,0,38,0,15,138,0,153,2,15,174,0,191,130,0,130,321
06/05/2021,OGD,UT,ANM,WE,Federal Contract Tower,2,0,17,0,19,0,25,71,0,96,2,25,88,0,115,50,0,50,165
06/06/2021,OGD,UT,ANM,WE,Federal Contract Tower,0,0,23,0,23,0,21,74,0,95,0,21,97,0,118,78,0,78,196
06/07/2021,OGD,UT,ANM,WE,Federal Contract Tower,2,10,32,6,50,0,1,130,2,133,2,11,162,8,183,126,0,126,309
06/08/2021,OGD,UT,ANM,WE,Federal Contract Tower,2,4,23,0,29,0,10,58,0,68,2,14,81,0,97,102,0,102,199
06/09/2021,OGD,UT,ANM,WE,Federal Contract Tower,2,4,22,0,28,0,7,33,0,40,2,11,55,0,68,8,0,8,76
06/10/2021,OGD,UT,ANM,WE,Federal Contract Tower,2,4,27,0,33,0,8,40,0,48,2,12,67,0,81,26,0,26,107
06/11/2021,OGD,UT,ANM,WE,Federal Contract Tower,2,2,35,0,39,0,25,146,0,171,2,27,181,0,210,102,0,102,312
06/12/2021,OGD,UT,ANM,WE,Federal Contract Tower,2,0,36,0,38,0,25,150,0,175,2,25,186,0,213,80,0,80,293
06/13/2021,OGD,UT,ANM,WE,Federal Contract Tower,0,5,19,0,24,0,21,40,0,61,0,26,59,0,85,30,0,30,115
06/14/2021,OGD,UT,ANM,WE,Federal Contract Tower,2,3,41,0,46,0,13,128,0,141,2,16,169,0,187,82,0,82,269
06/15/2021,OGD,UT,ANM,WE,Federal Contract Tower,2,7,29,0,38,0,8,94,0,102,2,15,123,0,140,20,0,20,160
06/16/2021,OGD,UT,ANM,WE,Federal Contract Tower,2,2,53,0,57,0,8,192,0,200,2,10,245,0,257,94,0,94,351
06/17/2021,OGD,UT,ANM,WE,Federal Contract Tower,2,0,39,0,41,0,4,173,0,177,2,4,212,0,218,92,0,92,310
06/18/2021,OGD,UT,ANM,WE,Federal Contract Tower,2,1,29,0,32,0,14,171,0,185,2,15,200,0,217,106,0,106,323
06/19/2021,OGD,UT,ANM,WE,Federal Contract Tower,2,1,23,1,27,0,28,112,0,140,2,29,135,1,167,62,0,62,229
06/20/2021,OGD,UT,ANM,WE,Federal Contract Tower,0,0,13,0,13,0,25,55,0,80,0,25,68,0,93,12,0,12,105
06/21/2021,OGD,UT,ANM,WE,Federal Contract Tower,2,4,40,0,46,0,0,161,1,162,2,4,201,1,208,92,0,92,300
06/22/2021,OGD,UT,ANM,WE,Federal Contract Tower,2,4,52,0,58,0,9,160,0,169,2,13,212,0,227,62,0,62,289
06/23/2021,OGD,UT,ANM,WE,Federal Contract Tower,2,0,41,0,43,0,3,170,0,173,2,3,211,0,216,104,0,104,320
06/24/2021,OGD,UT,ANM,WE,Federal Contract Tower,2,0,27,0,29,0,11,100,0,111,2,11,127,0,140,112,0,112,252
06/25/2021,OGD,UT,ANM,WE,Federal Contract Tower,2,0,47,0,49,0,10,164,0,174,2,10,211,0,223,86,0,86,309
06/26/2021,OGD,UT,ANM,WE,Federal Contract Tower,2,0,34,0,36,0,25,87,0,112,2,25,121,0,148,36,0,36,184
06/27/2021,OGD,UT,ANM,WE,Federal Contract Tower,0,0,18,0,18,0,24,41,0,65,0,24,59,0,83,10,0,10,93
06/28/2021,OGD,UT,ANM,WE,Federal Contract Tower,2,0,38,0,40,0,0,90,0,90,2,0,128,0,130,56,0,56,186
06/29/2021,OGD,UT,ANM,WE,Federal Contract Tower,2,0,46,1,49,0,11,165,1,177,2,11,211,2,226,132,0,132,358
06/30/2021,OGD,UT,ANM,WE,Federal Contract Tower,2,0,59,1,62,0,8,215,0,223,2,8,274,1,285,110,0,110,395
07/01/2021,OGD,UT,ANM,WE,Federal Contract Tower,2,0,53,1,56,0,22,214,1,237,2,22,267,2,293,130,0,130,423
07/02/2021,OGD,UT,ANM,WE,Federal Contract Tower,2,1,48,0,51,0,22,164,0,186,2,23,212,0,237,100,0,100,337
07/03/2021,OGD,UT,ANM,WE,Federal Contract Tower,2,0,13,0,15,0,30,64,0,94,2,30,77,0,109,44,0,44,153
07/04/2021,OGD,UT,ANM,WE,Federal Contract Tower,0,0,5,0,5,0,22,39,0,61,0,22,44,0,66,16,0,16,82
07/05/2021,OGD,UT,ANM,WE,Federal Contract Tower,2,0,34,0,36,0,3,126,0,129,2,3,160,0,165,100,0,100,265
07/06/2021,OGD,UT,ANM,WE,Federal Contract Tower,2,3,44,0,49,0,4,152,0,156,2,7,196,0,205,188,0,188,393
07/07/2021,OGD,UT,ANM,WE,Federal Contract Tower,2,1,42,0,45,0,14,140,0,154,2,15,182,0,199,111,0,111,310
07/08/2021,OGD,UT,ANM,WE,Federal Contract Tower,2,2,34,0,38,0,19,126,0,145,2,21,160,0,183,30,0,30,213
07/09/2021,OGD,UT,ANM,WE,Federal Contract Tower,2,1,40,0,43,0,29,126,0,155,2,30,166,0,198,44,0,44,242
07/10/2021,OGD,UT,ANM,WE,Federal Contract Tower,2,1,25,0,28,0,32,59,0,91,2,33,84,0,119,80,0,80,199
07/11/2021,OGD,UT,ANM,WE,Federal Contract Tower,0,1,41,0,42,0,24,44,0,68,0,25,85,0,110,28,0,28,138
07/12/2021,OGD,UT,ANM,WE,Federal Contract Tower,2,0,37,1,40,0,5,107,0,112,2,5,144,1,152,72,0,72,224
07/13/2021,OGD,UT,ANM,WE,Federal Contract Tower,2,0,36,1,39,0,4,109,1,114,2,4,145,2,153,118,0,118,271
07/14/2021,OGD,UT,ANM,WE,Federal Contract Tower,0,5,52,0,57,0,8,169,4,181,0,13,221,4,238,118,0,118,356
07/15/2021,OGD,UT,ANM,WE,Federal Contract Tower,2,3,36,0,41,0,12,148,0,160,2,15,184,0,201,76,0,76,277
07/16/2021,OGD,UT,ANM,WE,Federal Contract Tower,2,2,47,0,51,0,14,180,0,194,2,16,227,0,245,84,0,84,329
07/17/2021,OGD,UT,ANM,WE,Federal Contract Tower,2,1,35,0,38,0,31,102,0,133,2,32,137,0,171,68,0,68,239
07/18/2021,OGD,UT,ANM,WE,Federal Contract Tower,0,1,28,0,29,0,24,59,0,83,0,25,87,0,112,34,0,34,146
07/19/2021,OGD,UT,ANM,WE,Federal Contract Tower,2,4,47,0,53,0,4,127,0,131,2,8,174,0,184,108,0,108,292
07/20/2021,OGD,UT,ANM,WE,Federal Contract Tower,2,0,38,0,40,0,14,175,0,189,2,14,213,0,229,114,0,114,343
07/21/2021,OGD,UT,ANM,WE,Federal Contract Tower,2,0,51,0,53,0,12,153,1,166,2,12,204,1,219,100,2,102,321
07/22/2021,OGD,UT,ANM,WE,Federal Contract Tower,3,4,54,0,61,0,13,131,0,144,3,17,185,0,205,96,0,96,301
07/23/2021,OGD,UT,ANM,WE,Federal Contract Tower,2,1,28,0,31,0,20,132,0,152,2,21,160,0,183,70,0,70,253
07/24/2021,OGD,UT,ANM,WE,Federal Contract Tower,2,0,17,0,19,0,27,67,0,94,2,27,84,0,113,74,0,74,187
07/25/2021,OGD,UT,ANM,WE,Federal Contract Tower,0,0,0,0,0,0,25,51,0,76,0,25,51,0,76,52,0,52,128
07/26/2021,OGD,UT,ANM,WE,Federal Contract Tower,2,1,38,0,41,0,3,139,0,142,2,4,177,0,183,122,0,122,305
07/27/2021,OGD,UT,ANM,WE,Federal Contract Tower,0,4,33,0,37,0,12,112,0,124,0,16,145,0,161,124,0,124,285
07/28/2021,OGD,UT,ANM,WE,Federal Contract Tower,0,4,44,0,48,0,5,122,0,127,0,9,166,0,175,84,0,84,259
07/29/2021,OGD,UT,ANM,WE,Federal Contract Tower,4,0,43,0,47,0,14,135,0,149,4,14,178,0,196,130,0,130,326
07/30/2021,OGD,UT,ANM,WE,Federal Contract Tower,2,2,26,0,30,0,15,77,0,92,2,17,103,0,122,62,0,62,184
07/31/2021,OGD,UT,ANM,WE,Federal Contract Tower,2,0,21,0,23,0,33,82,0,115,2,33,103,0,138,60,0,60,198
08/01/2021,OGD,UT,ANM,WE,Federal Contract Tower,0,0,12,0,12,0,11,53,0,64,0,11,65,0,76,40,0,40,116
08/02/2021,OGD,UT,ANM,WE,Federal Contract Tower,2,3,43,0,48,0,3,103,0,106,2,6,146,0,154,130,0,130,284
08/03/2021,OGD,UT,ANM,WE,Federal Contract Tower,2,0,30,0,32,0,4,144,0,148,2,4,174,0,180,164,0,164,344
08/04/2021,OGD,UT,ANM,WE,Federal Contract Tower,0,2,47,1,50,0,4,137,0,141,0,6,184,1,191,60,0,60,251
08/05/2021,OGD,UT,ANM,WE,Federal Contract Tower,2,1,37,0,40,0,14,119,0,133,2,15,156,0,173,92,0,92,265
08/06/2021,OGD,UT,ANM,WE,Federal Contract Tower,2,0,26,0,28,0,17,94,0,111,2,17,120,0,139,134,0,134,273
08/07/2021,OGD,UT,ANM,WE,Federal Contract Tower,2,2,20,0,24,0,34,44,0,78,2,36,64,0,102,12,0,12,114
08/08/2021,OGD,UT,ANM,WE,Federal Contract Tower,0,0,15,0,15,0,28,35,2,65,0,28,50,2,80,64,0,64,144
08/09/2021,OGD,UT,ANM,WE,Federal Contract Tower,2,2,40,0,44,0,5,125,0,130,2,7,165,0,174,210,16,226,400
08/10/2021,OGD,UT,ANM,WE,Federal Contract Tower,0,0,62,2,64,0,7,182,0,189,0,7,244,2,253,102,0,102,355
08/11/2021,OGD,UT,ANM,WE,Federal Contract Tower,0,4,52,5,61,0,5,191,4,200,0,9,243,9,261,166,0,166,427
08/12/2021,OGD,UT,ANM,WE,Federal Contract Tower,2,2,47,0,51,0,14,136,0,150,2,16,183,0,201,132,0,132,333
08/13/2021,OGD,UT,ANM,WE,Federal Contract Tower,2,1,43,0,46,0,16,170,0,186,2,17,213,0,232,86,0,86,318
08/14/2021,OGD,UT,ANM,WE,Federal Contract Tower,2,0,29,0,31,0,31,77,1,109,2,31,106,1,140,62,0,62,202
08/15/2021,OGD,UT,ANM,WE,Federal Contract Tower,0,0,17,0,17,0,16,38,1,55,0,16,55,1,72,58,0,58,130
08/16/2021,OGD,UT,ANM,WE,Federal Contract Tower,2,0,37,1,40,0,4,145,0,149,2,4,182,1,189,106,0,106,295
08/17/2021,OGD,UT,ANM,WE,Federal Contract Tower,0,3,32,0,35,0,4,131,0,135,0,7,163,0,170,122,0,122,292
08/18/2021,OGD,UT,ANM,WE,Federal Contract Tower,0,6,6,0,12,0,1,14,0,15,0,7,20,0,27,24,0,24,51
08/19/2021,OGD,UT,ANM,WE,Federal Contract Tower,2,2,24,1,29,0,1,24,1,26,2,3,48,2,55,120,0,120,175
08/20/2021,OGD,UT,ANM,WE,Federal Contract Tower,4,2,50,0,56,0,28,222,0,250,4,30,272,0,306,220,0,220,526
08/21/2021,OGD,UT,ANM,WE,Federal Contract Tower,2,0,16,0,18,0,7,53,2,62,2,7,69,2,80,50,0,50,130
08/22/2021,OGD,UT,ANM,WE,Federal Contract Tower,0,2,25,0,27,0,20,72,0,92,0,22,97,0,119,8,0,8,127
08/23/2021,OGD,UT,ANM,WE,Federal Contract Tower,4,1,49,1,55,0,3,188,0,191,4,4,237,1,246,154,0,154,400
08/24/2021,OGD,UT,ANM,WE,Federal Contract Tower,0,9,48,1,58,0,12,151,0,163,0,21,199,1,221,156,0,156,377
08/25/2021,OGD,UT,ANM,WE,Federal Contract Tower,0,0,35,0,35,0,3,107,0,110,0,3,142,0,145,28,0,28,173
08/26/2021,OGD,UT,ANM,WE,Federal Contract Tower,2,4,48,0,54,0,20,173,0,193,2,24,221,0,247,180,0,180,427
08/27/2021,OGD,UT,ANM,WE,Federal Contract Tower,4,2,35,0,41,0,20,153,0,173,4,22,188,0,214,202,0,202,416
08/28/2021,OGD,UT,ANM,WE,Federal Contract Tower,2,1,33,0,36,0,31,106,1,138,2,32,139,1,174,58,0,58,232
08/29/2021,OGD,UT,ANM,WE,Federal Contract Tower,0,1,19,0,20,0,24,57,0,81,0,25,76,0,101,44,0,44,145
08/30/2021,OGD,UT,ANM,WE,Federal Contract Tower,4,0,38,0,42,0,2,98,0,100,4,2,136,0,142,178,0,178,320
08/31/2021,OGD,UT,ANM,WE,Federal Contract Tower,0,9,52,0,61,0,14,117,0,131,0,23,169,0,192,178,0,178,370
09/01/2021,OGD,UT,ANM,WE,Federal Contract Tower,0,1,48,0,49,0,6,124,0,130,0,7,172,0,179,124,0,124,303
09/02/2021,OGD,UT,ANM,WE,Federal Contract Tower,2,6,35,0,43,0,22,127,0,149,2,28,162,0,192,37,0,37,229
09/03/2021,OGD,UT,ANM,WE,Federal Contract Tower,2,3,45,2,52,0,28,165,0,193,2,31,210,2,245,88,0,88,333
09/04/2021,OGD,UT,ANM,WE,Federal Contract Tower,2,4,22,0,28,0,31,86,0,117,2,35,108,0,145,38,0,38,183
09/05/2021,OGD,UT,ANM,WE,Federal Contract Tower,0,5,6,0,11,0,27,76,0,103,0,32,82,0,114,6,0,6,120
09/06/2021,OGD,UT,ANM,WE,Federal Contract Tower,2,2,33,0,37,0,0,137,0,137,2,2,170,0,174,154,0,154,328
09/07/2021,OGD,UT,ANM,WE,Federal Contract Tower,2,1,32,2,37,0,13,176,2,191,2,14,208,4,228,156,0,156,384
09/08/2021,OGD,UT,ANM,WE,Federal Contract Tower,0,3,55,0,58,0,25,188,0,213,0,28,243,0,271,188,0,188,459
09/09/2021,OGD,UT,ANM,WE,Federal Contract Tower,4,6,47,0,57,0,25,163,0,188,4,31,210,0,245,218,0,218,463
09/10/2021,OGD,UT,ANM,WE,Federal Contract Tower,7,1,35,0,43,0,12,130,0,142,7,13,165,0,185,122,0,122,307
09/11/2021,OGD,UT,ANM,WE,Federal Contract Tower,2,2,15,0,19,0,33,32,0,65,2,35,47,0,84,34,0,34,118
09/12/2021,OGD,UT,ANM,WE,Federal Contract Tower,0,2,23,0,25,0,18,72,0,90,0,20,95,0,115,60,0,60,175
09/13/2021,OGD,UT,ANM,WE,Federal Contract Tower,4,3,13,0,20,0,0,120,0,120,4,3,133,0,140,56,0,56,196
09/14/2021,OGD,UT,ANM,WE,Federal Contract Tower,0,0,38,0,38,0,10,189,0,199,0,10,227,0,237,126,0,126,363
09/15/2021,OGD,UT,ANM,WE,Federal Contract Tower,0,4,35,1,40,0,4,143,1,148,0,8,178,2,188,46,0,46,234
09/16/2021,OGD,UT,ANM,WE,Federal Contract Tower,1,0,43,0,44,0,19,154,0,173,1,19,197,0,217,60,6,66,283
09/17/2021,OGD,UT,ANM,WE,Federal Contract Tower,4,5,38,0,47,0,11,167,0,178,4,16,205,0,225,54,0,54,279
09/18/2021,OGD,UT,ANM,WE,Federal Contract Tower,0,4,7,0,11,0,9,16,0,25,0,13,23,0,36,0,0,0,36
09/19/2021,OGD,UT,ANM,WE,Federal Contract Tower,2,6,15,0,23,0,15,19,0,34,2,21,34,0,57,6,0,6,63
09/20/2021,OGD,UT,ANM,WE,Federal Contract Tower,2,2,27,1,32,0,8,118,0,126,2,10,145,1,158,64,0,64,222
09/21/2021,OGD,UT,ANM,WE,Federal Contract Tower,0,5,52,0,57,0,6,188,0,194,0,11,240,0,251,148,0,148,399
09/22/2021,OGD,UT,ANM,WE,Federal Contract Tower,0,6,30,1,37,0,12,141,1,154,0,18,171,2,191,48,4,52,243
09/23/2021,OGD,UT,ANM,WE,Federal Contract Tower,1,2,36,0,39,0,13,167,0,180,1,15,203,0,219,110,0,110,329
09/24/2021,OGD,UT,ANM,WE,Federal Contract Tower,3,5,42,0,50,0,19,208,0,227,3,24,250,0,277,160,0,160,437
09/25/2021,OGD,UT,ANM,WE,Federal Contract Tower,0,5,16,0,21,0,27,153,0,180,0,32,169,0,201,116,0,116,317
09/26/2021,OGD,UT,ANM,WE,Federal Contract Tower,1,3,18,0,22,0,40,56,0,96,1,43,74,0,118,36,0,36,154
09/27/2021,OGD,UT,ANM,WE,Federal Contract Tower,2,1,49,0,52,0,4,214,0,218,2,5,263,0,270,146,0,146,416
09/28/2021,OGD,UT,ANM,WE,Federal Contract Tower,0,2,22,0,24,0,2,59,0,61,0,4,81,0,85,56,0,56,141
09/29/2021,OGD,UT,ANM,WE,Federal Contract Tower,0,0,48,0,48,0,9,195,0,204,0,9,243,0,252,74,0,74,326
09/30/2021,OGD,UT,ANM,WE,Federal Contract Tower,1,1,35,0,37,0,27,187,2,216,1,28,222,2,253,130,0,130,383
10/01/2021,OGD,UT,ANM,WE,Federal Contract Tower,2,4,39,0,45,0,10,225,0,235,2,14,264,0,280,174,0,174,454
10/02/2021,OGD,UT,ANM,WE,Federal Contract Tower,0,0,32,0,32,0,25,136,0,161,0,25,168,0,193,56,0,56,249
10/03/2021,OGD,UT,ANM,WE,Federal Contract Tower,1,0,19,0,20,0,19,84,0,103,1,19,103,0,123,56,0,56,179
10/04/2021,OGD,UT,ANM,WE,Federal Contract Tower,2,4,49,0,55,0,9,151,0,160,2,13,200,0,215,130,0,130,345
10/05/2021,OGD,UT,ANM,WE,Federal Contract Tower,0,1,41,0,42,0,6,148,0,154,0,7,189,0,196,112,0,112,308
10/06/2021,OGD,UT,ANM,WE,Federal Contract Tower,0,48,0,0,48,0,15,151,0,166,0,63,151,0,214,121,0,121,335
10/07/2021,OGD,UT,ANM,WE,Federal Contract Tower,1,4,34,0,39,0,10,214,0,224,1,14,248,0,263,116,0,116,379
10/08/2021,OGD,UT,ANM,WE,Federal Contract Tower,3,3,17,0,23,0,1,67,0,68,3,4,84,0,91,46,0,46,137
10/09/2021,OGD,UT,ANM,WE,Federal Contract Tower,0,1,8,0,9,0,1,12,0,13,0,2,20,0,22,22,0,22,44
10/10/2021,OGD,UT,ANM,WE,Federal Contract Tower,1,0,33,0,34,0,23,148,0,171,1,23,181,0,205,80,0,80,285
10/11/2021,OGD,UT,ANM,WE,Federal Contract Tower,3,1,48,0,52,0,4,123,0,127,3,5,171,0,179,120,0,120,299
10/12/2021,OGD,UT,ANM,WE,Federal Contract Tower,0,2,29,0,31,0,6,47,0,53,0,8,76,0,84,72,0,72,156
10/13/2021,OGD,UT,ANM,WE,Federal Contract Tower,0,2,46,0,48,0,6,192,0,198,0,8,238,0,246,190,0,190,436
10/14/2021,OGD,UT,ANM,WE,Federal Contract Tower,3,2,32,1,38,0,2,128,1,131,3,4,160,2,169,264,0,264,433
10/15/2021,OGD,UT,ANM,WE,Federal Contract Tower,3,0,57,0,60,0,7,272,0,279,3,7,329,0,339,126,0,126,465
10/16/2021,OGD,UT,ANM,WE,Federal Contract Tower,0,0,13,0,13,0,16,198,0,214,0,16,211,0,227,70,0,70,297
10/17/2021,OGD,UT,ANM,WE,Federal Contract Tower,1,0,16,0,17,0,16,110,0,126,1,16,126,0,143,52,0,52,195
10/18/2021,OGD,UT,ANM,WE,Federal Contract Tower,2,4,36,0,42,0,0,161,0,161,2,4,197,0,203,98,0,98,301
10/19/2021,OGD,UT,ANM,WE,Federal Contract Tower,0,1,14,0,15,0,1,30,0,31,0,2,44,0,46,170,0,170,216
10/20/2021,OGD,UT,ANM,WE,Federal Contract Tower,0,8,60,0,68,0,4,235,0,239,0,12,295,0,307,186,0,186,493
10/21/2021,OGD,UT,ANM,WE,Federal Contract Tower,1,2,66,0,69,0,6,267,0,273,1,8,333,0,342,102,0,102,444
10/22/2021,OGD,UT,ANM,WE,Federal Contract Tower,4,14,46,0,64,0,14,223,2,239,4,28,269,2,303,130,0,130,433
10/23/2021,OGD,UT,ANM,WE,Federal Contract Tower,0,5,5,0,10,0,10,10,0,20,0,15,15,0,30,0,0,0,30
10/24/2021,OGD,UT,ANM,WE,Federal Contract Tower,0,1,15,0,16,0,1,40,0,41,0,2,55,0,57,2,0,2,59
10/25/2021,OGD,UT,ANM,WE,Federal Contract Tower,2,3,1,0,6,0,3,3,0,6,2,6,4,0,12,0,0,0,12
10/26/2021,OGD,UT,ANM,WE,Federal Contract Tower,0,3,20,0,23,0,5,164,0,169,0,8,184,0,192,228,0,228,420
10/27/2021,OGD,UT,ANM,WE,Federal Contract Tower,0,2,43,0,45,0,4,180,0,184,0,6,223,0,229,162,0,162,391
10/28/2021,OGD,UT,ANM,WE,Federal Contract Tower,1,0,43,0,44,0,7,215,2,224,1,7,258,2,268,106,4,110,378
10/29/2021,OGD,UT,ANM,WE,Federal Contract Tower,2,0,45,0,47,0,18,214,0,232,2,18,259,0,279,70,0,70,349
10/30/2021,OGD,UT,ANM,WE,Federal Contract Tower,0,0,20,2,22,0,17,140,0,157,0,17,160,2,179,96,0,96,275
10/31/2021,OGD,UT,ANM,WE,Federal Contract Tower,1,1,17,0,19,0,11,57,0,68,1,12,74,0,87,80,0,80,167
11/01/2021,OGD,UT,ANM,WE,Federal Contract Tower,2,0,42,0,44,0,8,165,0,173,2,8,207,0,217,94,0,94,311
11/02/2021,OGD,UT,ANM,WE,Federal Contract Tower,0,1,21,0,22,0,3,81,0,84,0,4,102,0,106,164,0,164,270
11/03/2021,OGD,UT,ANM,WE,Federal Contract Tower,0,0,51,0,51,0,6,178,0,184,0,6,229,0,235,179,0,179,414
11/04/2021,OGD,UT,ANM,WE,Federal Contract Tower,0,0,45,0,45,0,2,180,0,182,0,2,225,0,227,122,0,122,349
11/05/2021,OGD,UT,ANM,WE,Federal Contract Tower,2,2,34,1,39,0,6,205,0,211,2,8,239,1,250,166,0,166,416
11/06/2021,OGD,UT,ANM,WE,Federal Contract Tower,0,10,20,0,30,0,10,104,0,114,0,20,124,0,144,72,0,72,216
11/07/2021,OGD,UT,ANM,WE,Federal Contract Tower,1,19,0,0,20,0,0,52,0,52,1,19,52,0,72,22,0,22,94
11/08/2021,OGD,UT,ANM,WE,Federal Contract Tower,3,0,56,1,60,0,2,186,0,188,3,2,242,1,248,148,0,148,396
11/09/2021,OGD,UT,ANM,WE,Federal Contract Tower,0,0,29,1,30,0,3,35,2,40,0,3,64,3,70,72,0,72,142
11/10/2021,OGD,UT,ANM,WE,Federal Contract Tower,0,2,62,0,64,0,5,213,0,218,0,7,275,0,282,146,0,146,428
11/11/2021,OGD,UT,ANM,WE,Federal Contract Tower,0,0,51,0,51,0,4,147,0,151,0,4,198,0,202,174,0,174,376
11/12/2021,OGD,UT,ANM,WE,Federal Contract Tower,2,1,62,0,65,0,9,199,0,208,2,10,261,0,273,128,0,128,401
11/13/2021,OGD,UT,ANM,WE,Federal Contract Tower,1,0,49,0,50,0,4,182,0,186,1,4,231,0,236,58,0,58,294
11/14/2021,OGD,UT,ANM,WE,Federal Contract Tower,1,2,24,0,27,0,5,132,0,137,1,7,156,0,164,64,0,64,228
11/15/2021,OGD,UT,ANM,WE,Federal Contract Tower,2,0,46,0,48,0,3,163,0,166,2,3,209,0,214,200,0,200,414
11/16/2021,OGD,UT,ANM,WE,Federal Contract Tower,0,2,51,0,53,0,0,147,0,147,0,2,198,0,200,195,0,195,395
11/17/2021,OGD,UT,ANM,WE,Federal Contract Tower,0,0,50,0,50,0,2,203,0,205,0,2,253,0,255,228,0,228,483
11/18/2021,OGD,UT,ANM,WE,Federal Contract Tower,1,3,60,0,64,0,0,165,0,165,1,3,225,0,229,186,0,186,415
11/19/2021,OGD,UT,ANM,WE,Federal Contract Tower,5,3,45,0,53,0,2,131,0,133,5,5,176,0,186,140,0,140,326
11/20/2021,OGD,UT,ANM,WE,Federal Contract Tower,2,0,29,0,31,0,5,103,0,108,2,5,132,0,139,38,0,38,177
11/21/2021,OGD,UT,ANM,WE,Federal Contract Tower,0,1,44,0,45,0,1,93,0,94,0,2,137,0,139,34,0,34,173
11/22/2021,OGD,UT,ANM,WE,Federal Contract Tower,2,0,66,0,68,0,2,196,0,198,2,2,262,0,266,130,0,130,396
11/23/2021,OGD,UT,ANM,WE,Federal Contract Tower,0,8,50,0,58,0,2,163,0,165,0,10,213,0,223,68,0,68,291
11/24/2021,OGD,UT,ANM,WE,Federal Contract Tower,4,2,39,0,45,0,10,102,0,112,4,12,141,0,157,88,0,88,245
11/25/2021,OGD,UT,ANM,WE,Federal Contract Tower,3,0,4,0,7,0,5,26,0,31,3,5,30,0,38,0,0,0,38
11/26/2021,OGD,UT,ANM,WE,Federal Contract Tower,1,0,10,0,11,0,3,100,0,103,1,3,110,0,114,114,0,114,228
11/27/2021,OGD,UT,ANM,WE,Federal Contract Tower,0,1,34,0,35,0,1,118,0,119,0,2,152,0,154,88,0,88,242
11/28/2021,OGD,UT,ANM,WE,Federal Contract Tower,1,2,36,0,39,0,5,80,0,85,1,7,116,0,124,14,0,14,138
11/29/2021,OGD,UT,ANM,WE,Federal Contract Tower,0,3,64,0,67,0,2,162,0,164,0,5,226,0,231,66,0,66,297
11/30/2021,OGD,UT,ANM,WE,Federal Contract Tower,0,0,64,0,64,0,0,143,0,143,0,0,207,0,207,98,0,98,305
12/01/2021,OGD,UT,ANM,WE,Federal Contract Tower,1,2,65,0,68,0,1,167,0,168,1,3,232,0,236,150,0,150,386
12/02/2021,OGD,UT,ANM,WE,Federal Contract Tower,4,4,52,0,60,0,2,153,0,155,4,6,205,0,215,84,0,84,299
12/03/2021,OGD,UT,ANM,WE,Federal Contract Tower,0,2,46,0,48,0,6,180,0,186,0,8,226,0,234,40,0,40,274
12/04/2021,OGD,UT,ANM,WE,Federal Contract Tower,0,0,37,0,37,0,2,139,0,141,0,2,176,0,178,32,0,32,210
12/05/2021,OGD,UT,ANM,WE,Federal Contract Tower,2,0,27,0,29,0,0,98,0,98,2,0,125,0,127,58,0,58,185
12/06/2021,OGD,UT,ANM,WE,Federal Contract Tower,0,5,44,0,49,0,0,150,0,150,0,5,194,0,199,92,0,92,291
12/07/2021,OGD,UT,ANM,WE,Federal Contract Tower,0,5,69,0,74,0,3,223,0,226,0,8,292,0,300,66,0,66,366
12/08/2021,OGD,UT,ANM,WE,Federal Contract Tower,0,9,47,0,56,0,1,130,0,131,0,10,177,0,187,118,0,118,305
12/09/2021,OGD,UT,ANM,WE,Federal Contract Tower,2,1,9,0,12,0,0,0,0,0,2,1,9,0,12,0,0,0,12
12/10/2021,OGD,UT,ANM,WE,Federal Contract Tower,0,0,23,0,23,0,1,84,0,85,0,1,107,0,108,56,0,56,164
12/11/2021,OGD,UT,ANM,WE,Federal Contract Tower,0,2,46,0,48,0,12,123,0,135,0,14,169,0,183,102,0,102,285
12/12/2021,OGD,UT,ANM,WE,Federal Contract Tower,1,0,19,0,20,0,2,95,0,97,1,2,114,0,117,112,0,112,229
12/13/2021,OGD,UT,ANM,WE,Federal Contract Tower,0,0,25,4,29,0,4,53,2,59,0,4,78,6,88,82,0,82,170
12/14/2021,OGD,UT,ANM,WE,Federal Contract Tower,0,3,12,0,15,0,3,2,0,5,0,6,14,0,20,8,0,8,28
12/15/2021,OGD,UT,ANM,WE,Federal Contract Tower,0,0,22,0,22,0,6,40,0,46,0,6,62,0,68,82,0,82,150
12/16/2021,OGD,UT,ANM,WE,Federal Contract Tower,0,5,15,0,20,0,0,13,0,13,0,5,28,0,33,68,0,68,101
12/17/2021,OGD,UT,ANM,WE,Federal Contract Tower,0,2,26,1,29,0,15,82,0,97,0,17,108,1,126,106,0,106,232
12/18/2021,OGD,UT,ANM,WE,Federal Contract Tower,1,0,56,0,57,0,4,156,0,160,1,4,212,0,217,102,0,102,319
12/19/2021,OGD,UT,ANM,WE,Federal Contract Tower,1,3,36,0,40,0,3,83,0,86,1,6,119,0,126,10,0,10,136
12/20/2021,OGD,UT,ANM,WE,Federal Contract Tower,0,8,48,1,57,0,19,159,0,178,0,27,207,1,235,234,0,234,469
12/21/2021,OGD,UT,ANM,WE,Federal Contract Tower,0,3,46,0,49,0,11,192,0,203,0,14,238,0,252,120,0,120,372
12/22/2021,OGD,UT,ANM,WE,Federal Contract Tower,0,0,40,0,40,0,11,107,0,118,0,11,147,0,158,208,0,208,366
12/23/2021,OGD,UT,ANM,WE,Federal Contract Tower,0,3,13,0,16,0,2,23,0,25,0,5,36,0,41,40,0,40,81
12/24/2021,OGD,UT,ANM,WE,Federal Contract Tower,3,0,4,0,7,0,2,7,0,9,3,2,11,0,16,6,0,6,22
12/25/2021,OGD,UT,ANM,WE,Federal Contract Tower,0,0,1,0,1,0,0,7,0,7,0,0,8,0,8,16,0,16,24
12/26/2021,OGD,UT,ANM,WE,Federal Contract Tower,1,1,10,0,12,0,0,0,0,0,1,1,10,0,12,0,0,0,12
12/27/2021,OGD,UT,ANM,WE,Federal Contract Tower,1,1,14,0,16,0,0,5,0,5,1,1,19,0,21,2,0,2,23
12/28/2021,OGD,UT,ANM,WE,Federal Contract Tower,0,1,14,1,16,0,8,51,1,60,0,9,65,2,76,91,0,91,167
12/29/2021,OGD,UT,ANM,WE,Federal Contract Tower,0,1,20,0,21,0,7,54,0,61,0,8,74,0,82,36,0,36,118
12/30/2021,OGD,UT,ANM,WE,Federal Contract Tower,1,1,12,0,14,0,2,11,0,13,1,3,23,0,27,22,0,22,49
12/31/2021,OGD,UT,ANM,WE,Federal Contract Tower,5,0,8,0,13,0,0,12,0,12,5,0,20,0,25,36,0,36,61
01/01/2022,OGD,UT,ANM,WE,Federal Contract Tower,0,0,21,0,21,0,12,109,0,121,0,12,130,0,142,64,0,64,206
01/02/2022,OGD,UT,ANM,WE,Federal Contract Tower,0,0,52,0,52,0,2,126,0,128,0,2,178,0,180,80,0,80,260
01/03/2022,OGD,UT,ANM,WE,Federal Contract Tower,0,5,56,0,61,0,0,200,2,202,0,5,256,2,263,124,0,124,387
01/04/2022,OGD,UT,ANM,WE,Federal Contract Tower,0,21,11,1,33,0,1,13,0,14,0,22,24,1,47,38,0,38,85
01/05/2022,OGD,UT,ANM,WE,Federal Contract Tower,0,4,7,0,11,0,2,4,0,6,0,6,11,0,17,22,0,22,39
01/06/2022,OGD,UT,ANM,WE,Federal Contract Tower,1,6,32,0,39,0,2,96,0,98,1,8,128,0,137,138,0,138,275
01/07/2022,OGD,UT,ANM,WE,Federal Contract Tower,0,4,29,0,33,0,7,112,0,119,0,11,141,0,152,82,0,82,234
01/08/2022,OGD,UT,ANM,WE,Federal Contract Tower,0,0,37,0,37,0,5,141,0,146,0,5,178,0,183,52,0,52,235
01/09/2022,OGD,UT,ANM,WE,Federal Contract Tower,0,3,35,0,38,0,0,113,0,113,0,3,148,0,151,94,0,94,245
01/10/2022,OGD,UT,ANM,WE,Federal Contract Tower,0,2,49,0,51,0,0,127,0,127,0,2,176,0,178,114,0,114,292
01/11/2022,OGD,UT,ANM,WE,Federal Contract Tower,0,4,42,0,46,0,3,149,0,152,0,7,191,0,198,105,0,105,303
01/12/2022,OGD,UT,ANM,WE,Federal Contract Tower,0,4,59,2,65,0,1,159,0,160,0,5,218,2,225,98,0,98,323
01/13/2022,OGD,UT,ANM,WE,Federal Contract Tower,2,1,40,1,44,0,2,124,0,126,2,3,164,1,170,126,0,126,296
01/14/2022,OGD,UT,ANM,WE,Federal Contract Tower,2,1,26,0,29,0,3,108,0,111,2,4,134,0,140,116,0,116,256
01/15/2022,OGD,UT,ANM,WE,Federal Contract Tower,0,4,36,0,40,0,3,133,0,136,0,7,169,0,176,48,0,48,224
01/16/2022,OGD,UT,ANM,WE,Federal Contract Tower,2,0,25,0,27,0,1,43,0,44,2,1,68,0,71,56,0,56,127
01/17/2022,OGD,UT,ANM,WE,Federal Contract Tower,0,0,67,0,67,0,3,176,0,179,0,3,243,0,246,42,0,42,288
01/18/2022,OGD,UT,ANM,WE,Federal Contract Tower,0,2,36,0,38,0,1,113,0,114,0,3,149,0,152,208,0,208,360
01/19/2022,OGD,UT,ANM,WE,Federal Contract Tower,0,4,30,1,35,0,3,70,0,73,0,7,100,1,108,184,0,184,292
01/20/2022,OGD,UT,ANM,WE,Federal Contract Tower,1,3,27,0,31,0,1,89,0,90,1,4,116,0,121,142,0,142,263
01/21/2022,OGD,UT,ANM,WE,Federal Contract Tower,0,0,25,0,25,0,3,50,0,53,0,3,75,0,78,64,0,64,142
01/22/2022,OGD,UT,ANM,WE,Federal Contract Tower,0,2,36,0,38,0,2,173,0,175,0,4,209,0,213,142,0,142,355
01/23/2022,OGD,UT,ANM,WE,Federal Contract Tower,2,0,49,1,52,0,0,125,1,126,2,0,174,2,178,72,0,72,250
01/24/2022,OGD,UT,ANM,WE,Federal Contract Tower,0,6,58,2,66,0,1,132,0,133,0,7,190,2,199,126,2,128,327
01/25/2022,OGD,UT,ANM,WE,Federal Contract Tower,0,9,38,2,49,0,3,84,2,89,0,12,122,4,138,56,0,56,194
01/26/2022,OGD,UT,ANM,WE,Federal Contract Tower,0,3,40,1,44,0,5,170,3,178,0,8,210,4,222,88,0,88,310
01/27/2022,OGD,UT,ANM,WE,Federal Contract Tower,2,2,60,0,64,0,6,136,2,144,2,8,196,2,208,86,6,92,300
01/28/2022,OGD,UT,ANM,WE,Federal Contract Tower,2,1,58,0,61,0,2,207,0,209,2,3,265,0,270,118,0,118,388
01/29/2022,OGD,UT,ANM,WE,Federal Contract Tower,0,0,32,0,32,0,8,140,0,148,0,8,172,0,180,54,0,54,234
01/30/2022,OGD,UT,ANM,WE,Federal Contract Tower,2,0,14,0,16,0,5,72,0,77,2,5,86,0,93,66,0,66,159
01/31/2022,OGD,UT,ANM,WE,Federal Contract Tower,0,0,43,1,44,0,2,121,0,123,0,2,164,1,167,154,0,154,321
02/01/2022,OGD,UT,ANM,WE,Federal Contract Tower,0,3,36,3,42,0,4,126,18,148,0,7,162,21,190,80,0,80,270
02/02/2022,OGD,UT,ANM,WE,Federal Contract Tower,0,3,42,0,45,0,1,140,0,141,0,4,182,0,186,166,0,166,352
02/03/2022,OGD,UT,ANM,WE,Federal Contract Tower,2,1,42,0,45,0,3,163,2,168,2,4,205,2,213,84,0,84,297
02/04/2022,OGD,UT,ANM,WE,Federal Contract Tower,0,2,41,0,43,0,3,183,0,186,0,5,224,0,229,120,0,120,349
02/05/2022,OGD,UT,ANM,WE,Federal Contract Tower,0,0,35,0,35,0,2,153,0,155,0,2,188,0,190,62,0,62,252
02/06/2022,OGD,UT,ANM,WE,Federal Contract Tower,2,5,31,0,38,0,0,82,0,82,2,5,113,0,120,40,0,40,160
02/07/2022,OGD,UT,ANM,WE,Federal Contract Tower,0,0,53,0,53,0,1,124,1,126,0,1,177,1,179,82,0,82,261
02/08/2022,OGD,UT,ANM,WE,Federal Contract Tower,0,1,49,0,50,0,5,193,0,198,0,6,242,0,248,120,0,120,368
02/09/2022,OGD,UT,ANM,WE,Federal Contract Tower,0,4,46,0,50,0,9,174,0,183,0,13,220,0,233,98,0,98,331
02/10/2022,OGD,UT,ANM,WE,Federal Contract Tower,2,0,60,0,62,0,2,168,0,170,2,2,228,0,232,98,0,98,330
02/11/2022,OGD,UT,ANM,WE,Federal Contract Tower,0,1,52,0,53,0,2,177,0,179,0,3,229,0,232,140,0,140,372
02/12/2022,OGD,UT,ANM,WE,Federal Contract Tower,0,1,34,0,35,0,0,152,0,152,0,1,186,0,187,144,0,144,331
02/13/2022,OGD,UT,ANM,WE,Federal Contract Tower,2,0,25,0,27,0,2,77,0,79,2,2,102,0,106,28,0,28,134
02/14/2022,OGD,UT,ANM,WE,Federal Contract Tower,0,1,48,0,49,0,4,175,2,181,0,5,223,2,230,166,0,166,396
02/15/2022,OGD,UT,ANM,WE,Federal Contract Tower,0,4,33,3,40,0,5,94,2,101,0,9,127,5,141,108,0,108,249
02/16/2022,OGD,UT,ANM,WE,Federal Contract Tower,0,2,19,0,21,0,2,20,0,22,0,4,39,0,43,24,0,24,67
02/17/2022,OGD,UT,ANM,WE,Federal Contract Tower,2,3,54,0,59,0,7,242,0,249,2,10,296,0,308,154,0,154,462
02/18/2022,OGD,UT,ANM,WE,Federal Contract Tower,2,2,41,0,45,0,10,245,0,255,2,12,286,0,300,170,0,170,470
02/19/2022,OGD,UT,ANM,WE,Federal Contract Tower,0,0,30,0,30,0,5,151,0,156,0,5,181,0,186,76,0,76,262
02/20/2022,OGD,UT,ANM,WE,Federal Contract Tower,2,0,14,0,16,0,5,93,0,98,2,5,107,0,114,34,0,34,148
02/21/2022,OGD,UT,ANM,WE,Federal Contract Tower,2,2,45,0,49,0,4,99,0,103,2,6,144,0,152,118,0,118,270
02/22/2022,OGD,UT,ANM,WE,Federal Contract Tower,2,3,19,0,24,0,3,52,0,55,2,6,71,0,79,96,0,96,175
02/23/2022,OGD,UT,ANM,WE,Federal Contract Tower,0,4,11,0,15,0,5,110,0,115,0,9,121,0,130,240,0,240,370
02/24/2022,OGD,UT,ANM,WE,Federal Contract Tower,2,3,42,0,47,0,8,150,0,158,2,11,192,0,205,236,0,236,441
02/25/2022,OGD,UT,ANM,WE,Federal Contract Tower,2,2,57,0,61,0,3,156,0,159,2,5,213,0,220,106,0,106,326
02/26/2022,OGD,UT,ANM,WE,Federal Contract Tower,0,0,35,0,35,0,3,149,0,152,0,3,184,0,187,96,0,96,283
02/27/2022,OGD,UT,ANM,WE,Federal Contract Tower,2,4,52,0,58,0,9,161,0,170,2,13,213,0,228,106,0,106,334
02/28/2022,OGD,UT,ANM,WE,Federal Contract Tower,2,1,68,0,71,0,17,213,0,230,2,18,281,0,301,108,0,108,409
03/01/2022,OGD,UT,ANM,WE,Federal Contract Tower,2,3,43,0,48,0,8,164,0,172,2,11,207,0,220,176,0,176,396
03/02/2022,OGD,UT,ANM,WE,Federal Contract Tower,0,0,44,0,44,0,10,161,0,171,0,10,205,0,215,114,0,114,329
03/03/2022,OGD,UT,ANM,WE,Federal Contract Tower,2,2,48,0,52,0,10,94,0,104,2,12,142,0,156,136,0,136,292
03/04/2022,OGD,UT,ANM,WE,Federal Contract Tower,2,5,27,0,34,0,7,60,2,69,2,12,87,2,103,46,0,46,149
03/05/2022,OGD,UT,ANM,WE,Federal Contract Tower,0,2,9,0,11,0,2,21,0,23,0,4,30,0,34,47,0,47,81
03/06/2022,OGD,UT,ANM,WE,Federal Contract Tower,2,1,16,0,19,0,1,12,0,13,2,2,28,0,32,0,0,0,32
03/07/2022,OGD,UT,ANM,WE,Federal Contract Tower,2,1,51,0,54,0,8,177,0,185,2,9,228,0,239,138,0,138,377
03/08/2022,OGD,UT,ANM,WE,Federal Contract Tower,2,1,13,0,16,0,4,44,0,48,2,5,57,0,64,84,0,84,148
03/09/2022,OGD,UT,ANM,WE,Federal Contract Tower,0,1,13,0,14,0,5,3,0,8,0,6,16,0,22,30,0,30,52
03/10/2022,OGD,UT,ANM,WE,Federal Contract Tower,2,6,43,1,52,0,8,220,1,229,2,14,263,2,281,110,0,110,391
03/11/2022,OGD,UT,ANM,WE,Federal Contract Tower,2,3,40,0,45,0,16,233,0,249,2,19,273,0,294,158,0,158,452
03/12/2022,OGD,UT,ANM,WE,Federal Contract Tower,0,6,46,0,52,0,9,188,0,197,0,15,234,0,249,152,0,152,401
03/13/2022,OGD,UT,ANM,WE,Federal Contract Tower,2,0,11,0,13,0,0,28,0,28,2,0,39,0,41,58,0,58,99
03/14/2022,OGD,UT,ANM,WE,Federal Contract Tower,2,4,31,0,37,0,6,279,0,285,2,10,310,0,322,226,0,226,548
03/15/2022,OGD,UT,ANM,WE,Federal Contract Tower,2,5,41,0,48,0,2,199,0,201,2,7,240,0,249,126,0,126,375
03/16/2022,OGD,UT,ANM,WE,Federal Contract Tower,0,2,25,0,27,0,4,87,0,91,0,6,112,0,118,94,0,94,212
03/17/2022,OGD,UT,ANM,WE,Federal Contract Tower,2,3,47,0,52,0,9,228,0,237,2,12,275,0,289,186,0,186,475
03/18/2022,OGD,UT,ANM,WE,Federal Contract Tower,2,2,26,0,30,0,6,207,0,213,2,8,233,0,243,180,0,180,423
03/19/2022,OGD,UT,ANM,WE,Federal Contract Tower,0,0,22,0,22,0,4,125,0,129,0,4,147,0,151,38,0,38,189
03/20/2022,OGD,UT,ANM,WE,Federal Contract Tower,2,0,8,0,10,0,1,7,0,8,2,1,15,0,18,0,0,0,18
03/21/2022,OGD,UT,ANM,WE,Federal Contract Tower,2,4,46,0,52,0,14,193,0,207,2,18,239,0,259,126,0,126,385
03/22/2022,OGD,UT,ANM,WE,Federal Contract Tower,3,0,36,0,39,0,5,200,0,205,3,5,236,0,244,76,0,76,320
03/23/2022,OGD,UT,ANM,WE,Federal Contract Tower,0,1,55,0,56,0,3,206,0,209,0,4,261,0,265,172,0,172,437
03/24/2022,OGD,UT,ANM,WE,Federal Contract Tower,2,3,36,0,41,0,2,199,0,201,2,5,235,0,242,142,0,142,384
03/25/2022,OGD,UT,ANM,WE,Federal Contract Tower,2,2,42,0,46,0,14,174,0,188,2,16,216,0,234,152,0,152,386
03/26/2022,OGD,UT,ANM,WE,Federal Contract Tower,0,0,15,0,15,0,6,122,0,128,0,6,137,0,143,148,0,148,291
03/27/2022,OGD,UT,ANM,WE,Federal Contract Tower,2,4,13,0,19,0,3,61,0,64,2,7,74,0,83,78,0,78,161
03/28/2022,OGD,UT,ANM,WE,Federal Contract Tower,2,5,23,0,30,0,4,34,0,38,2,9,57,0,68,30,0,30,98
03/29/2022,OGD,UT,ANM,WE,Federal Contract Tower,2,4,18,0,24,0,2,102,0,104,2,6,120,0,128,132,0,132,260
03/30/2022,OGD,UT,ANM,WE,Federal Contract Tower,0,6,40,1,47,0,5,163,1,169,0,11,203,2,216,240,0,240,456
03/31/2022,OGD,UT,ANM,WE,Federal Contract Tower,2,2,18,0,22,0,3,77,0,80,2,5,95,0,102,128,0,128,230
04/01/2022,OGD,UT,ANM,WE,Federal Contract Tower,2,0,54,0,56,0,9,259,0,268,2,9,313,0,324,222,0,222,546
04/02/2022,OGD,UT,ANM,WE,Federal Contract Tower,0,4,29,0,33,0,5,159,0,164,0,9,188,0,197,72,0,72,269
04/03/2022,OGD,UT,ANM,WE,Federal Contract Tower,2,1,16,0,19,0,2,111,0,113,2,3,127,0,132,106,0,106,238
04/04/2022,OGD,UT,ANM,WE,Federal Contract Tower,2,5,33,0,40,0,4,86,0,90,2,9,119,0,130,76,0,76,206
04/05/2022,OGD,UT,ANM,WE,Federal Contract Tower,2,0,11,0,13,0,3,14,0,17,2,3,25,0,30,0,0,0,30
04/06/2022,OGD,UT,ANM,WE,Federal Contract Tower,0,1,62,1,64,0,1,230,1,232,0,2,292,2,296,116,0,116,412
04/07/2022,OGD,UT,ANM,WE,Federal Contract Tower,2,2,52,1,57,0,3,212,0,215,2,5,264,1,272,172,0,172,444
04/08/2022,OGD,UT,ANM,WE,Federal Contract Tower,0,0,32,0,32,0,13,218,0,231,0,13,250,0,263,114,0,114,377
04/09/2022,OGD,UT,ANM,WE,Federal Contract Tower,0,3,16,0,19,0,10,98,0,108,0,13,114,0,127,62,2,64,191
04/10/2022,OGD,UT,ANM,WE,Federal Contract Tower,2,2,16,0,20,0,7,78,0,85,2,9,94,0,105,76,0,76,181
04/11/2022,OGD,UT,ANM,WE,Federal Contract Tower,0,2,27,1,30,0,3,89,1,93,0,5,116,2,123,114,0,114,237
04/12/2022,OGD,UT,ANM,WE,Federal Contract Tower,2,1,14,0,17,0,0,9,0,9,2,1,23,0,26,36,0,36,62
04/13/2022,OGD,UT,ANM,WE,Federal Contract Tower,0,4,16,2,22,0,0,8,0,8,0,4,24,2,30,14,0,14,44
04/14/2022,OGD,UT,ANM,WE,Federal Contract Tower,0,0,27,1,28,0,4,149,0,153,0,4,176,1,181,142,0,142,323
04/15/2022,OGD,UT,ANM,WE,Federal Contract Tower,0,0,31,0,31,0,14,146,0,160,0,14,177,0,191,158,0,158,349
04/16/2022,OGD,UT,ANM,WE,Federal Contract Tower,2,0,15,0,17,0,6,125,0,131,2,6,140,0,148,92,0,92,240
04/17/2022,OGD,UT,ANM,WE,Federal Contract Tower,2,0,23,0,25,0,2,109,0,111,2,2,132,0,136,122,0,122,258
04/18/2022,OGD,UT,ANM,WE,Federal Contract Tower,0,0,42,0,42,0,6,275,0,281,0,6,317,0,323,152,0,152,475
04/19/2022,OGD,UT,ANM,WE,Federal Contract Tower,2,2,33,0,37,0,11,103,0,114,2,13,136,0,151,86,0,86,237
04/20/2022,OGD,UT,ANM,WE,Federal Contract Tower,0,0,57,1,58,0,2,243,1,246,0,2,300,2,304,216,0,216,520
04/21/2022,OGD,UT,ANM,WE,Federal Contract Tower,2,1,14,0,17,0,6,47,0,53,2,7,61,0,70,0,0,0,70
04/22/2022,OGD,UT,ANM,WE,Federal Contract Tower,0,0,8,0,8,0,1,25,0,26,0,1,33,0,34,78,0,78,112
04/23/2022,OGD,UT,ANM,WE,Federal Contract Tower,0,0,5,0,5,0,15,99,0,114,0,15,104,0,119,64,0,64,183
04/24/2022,OGD,UT,ANM,WE,Federal Contract Tower,2,0,35,0,37,0,15,177,0,192,2,15,212,0,229,216,0,216,445
04/25/2022,OGD,UT,ANM,WE,Federal Contract Tower,0,1,65,1,67,0,9,266,1,276,0,10,331,2,343,134,0,134,477
04/26/2022,OGD,UT,ANM,WE,Federal Contract Tower,2,4,42,0,48,0,15,155,0,170,2,19,197,0,218,104,0,104,322
04/27/2022,OGD,UT,ANM,WE,Federal Contract Tower,0,2,35,0,37,0,12,167,0,179,0,14,202,0,216,90,0,90,306
04/28/2022,OGD,UT,ANM,WE,Federal Contract Tower,2,0,45,0,47,0,6,140,0,146,2,6,185,0,193,182,0,182,375
04/29/2022,OGD,UT,ANM,WE,Federal Contract Tower,0,2,33,0,35,0,10,95,0,105,0,12,128,0,140,138,0,138,278
04/30/2022,OGD,UT,ANM,WE,Federal Contract Tower,0,1,27,4,32,0,8,188,0,196,0,9,215,4,228,152,0,152,380
05/01/2022,OGD,UT,ANM,WE,Federal Contract Tower,2,1,17,0,20,0,4,47,0,51,2,5,64,0,71,58,0,58,129
05/02/2022,OGD,UT,ANM,WE,Federal Contract Tower,0,0,49,0,49,0,3,115,1,119,0,3,164,1,168,134,0,134,302
05/03/2022,OGD,UT,ANM,WE,Federal Contract Tower,0,4,33,0,37,0,0,131,0,131,0,4,164,0,168,74,0,74,242
05/04/2022,OGD,UT,ANM,WE,Federal Contract Tower,0,2,28,0,30,0,7,126,0,133,0,9,154,0,163,138,0,138,301
05/05/2022,OGD,UT,ANM,WE,Federal Contract Tower,2,3,47,0,52,0,4,225,0,229,2,7,272,0,281,133,0,133,414
05/06/2022,OGD,UT,ANM,WE,Federal Contract Tower,0,3,41,0,44,0,5,174,0,179,0,8,215,0,223,140,0,140,363
05/07/2022,OGD,UT,ANM,WE,Federal Contract Tower,0,2,19,0,21,0,18,54,0,72,0,20,73,0,93,28,0,28,121
05/08/2022,OGD,UT,ANM,WE,Federal Contract Tower,2,3,11,0,16,0,4,62,0,66,2,7,73,0,82,44,0,44,126
05/09/2022,OGD,UT,ANM,WE,Federal Contract Tower,0,0,29,0,29,0,1,83,0,84,0,1,112,0,113,104,0,104,217
05/10/2022,OGD,UT,ANM,WE,Federal Contract Tower,0,1,38,0,39,0,3,248,0,251,0,4,286,0,290,118,0,118,408
05/11/2022,OGD,UT,ANM,WE,Federal Contract Tower,0,2,48,0,50,0,3,176,0,179,0,5,224,0,229,90,0,90,319
05/12/2022,OGD,UT,ANM,WE,Federal Contract Tower,2,3,38,1,44,0,13,138,0,151,2,16,176,1,195,78,0,78,273
05/13/2022,OGD,UT,ANM,WE,Federal Contract Tower,0,7,38,0,45,0,12,174,0,186,0,19,212,0,231,130,0,130,361
05/14/2022,OGD,UT,ANM,WE,Federal Contract Tower,0,2,16,0,18,0,28,139,0,167,0,30,155,0,185,100,0,100,285
05/15/2022,OGD,UT,ANM,WE,Federal Contract Tower,2,2,15,0,19,0,8,111,0,119,2,10,126,0,138,102,0,102,240
05/16/2022,OGD,UT,ANM,WE,Federal Contract Tower,0,2,36,2,40,0,5,178,0,183,0,7,214,2,223,258,0,258,481
05/17/2022,OGD,UT,ANM,WE,Federal Contract Tower,0,1,38,0,39,0,15,195,0,210,0,16,233,0,249,284,0,284,533
05/18/2022,OGD,UT,ANM,WE,Federal Contract Tower,0,3,49,0,52,0,13,178,0,191,0,16,227,0,243,198,0,198,441
05/19/2022,OGD,UT,ANM,WE,Federal Contract Tower,2,4,24,1,31,0,8,79,1,88,2,12,103,2,119,150,0,150,269
05/20/2022,OGD,UT,ANM,WE,Federal Contract Tower,0,2,36,4,42,0,15,137,0,152,0,17,173,4,194,140,0,140,334
05/21/2022,OGD,UT,ANM,WE,Federal Contract Tower,0,2,33,0,35,0,26,112,0,138,0,28,145,0,173,64,0,64,237
05/22/2022,OGD,UT,ANM,WE,Federal Contract Tower,2,0,20,0,22,0,12,60,0,72,2,12,80,0,94,24,0,24,118
05/23/2022,OGD,UT,ANM,WE,Federal Contract Tower,0,11,55,0,66,0,10,230,0,240,0,21,285,0,306,376,0,376,682
05/24/2022,OGD,UT,ANM,WE,Federal Contract Tower,0,2,50,0,52,0,13,196,12,221,0,15,246,12,273,221,0,221,494
05/25/2022,OGD,UT,ANM,WE,Federal Contract Tower,0,2,52,1,55,0,3,169,11,183,0,5,221,12,238,188,2,190,428
05/26/2022,OGD,UT,ANM,WE,Federal Contract Tower,1,0,37,0,38,0,8,168,1,177,1,8,205,1,215,158,0,158,373
05/27/2022,OGD,UT,ANM,WE,Federal Contract Tower,0,4,32,0,36,0,16,169,0,185,0,20,201,0,221,98,0,98,319
05/28/2022,OGD,UT,ANM,WE,Federal Contract Tower,0,1,9,2,12,0,2,27,0,29,0,3,36,2,41,132,0,132,173
05/29/2022,OGD,UT,ANM,WE,Federal Contract Tower,2,2,4,0,8,0,1,15,0,16,2,3,19,0,24,66,0,66,90
05/30/2022,OGD,UT,ANM,WE,Federal Contract Tower,0,1,9,0,10,0,0,12,0,12,0,1,21,0,22,68,0,68,90
05/31/2022,OGD,UT,ANM,WE,Federal Contract Tower,2,2,54,0,58,0,3,210,0,213,2,5,264,0,271,215,0,215,486
06/01/2022,OGD,UT,ANM,WE,Federal Contract Tower,0,3,69,1,73,0,5,271,1,277,0,8,340,2,350,160,0,160,510
06/02/2022,OGD,UT,ANM,WE,Federal Contract Tower,1,1,47,0,49,0,6,279,0,285,1,7,326,0,334,132,0,132,466
06/03/2022,OGD,UT,ANM,WE,Federal Contract Tower,0,4,60,0,64,0,16,207,0,223,0,20,267,0,287,100,0,100,387
06/04/2022,OGD,UT,ANM,WE,Federal Contract Tower,0,2,18,0,20,0,22,116,0,138,0,24,134,0,158,76,0,76,234
06/05/2022,OGD,UT,ANM,WE,Federal Contract Tower,0,2,25,0,27,0,9,70,0,79,0,11,95,0,106,124,0,124,230
06/06/2022,OGD,UT,ANM,WE,Federal Contract Tower,0,5,41,0,46,0,8,142,0,150,0,13,183,0,196,146,0,146,342
06/07/2022,OGD,UT,ANM,WE,Federal Contract Tower,2,1,41,0,44,0,6,179,2,187,2,7,220,2,231,162,2,164,395
06/08/2022,OGD,UT,ANM,WE,Federal Contract Tower,0,0,41,0,41,0,5,157,0,162,0,5,198,0,203,250,0,250,453
06/09/2022,OGD,UT,ANM,WE,Federal Contract Tower,2,0,51,0,53,0,12,177,0,189,2,12,228,0,242,166,0,166,408
06/10/2022,OGD,UT,ANM,WE,Federal Contract Tower,0,3,47,0,50,0,21,203,0,224,0,24,250,0,274,176,0,176,450
06/11/2022,OGD,UT,ANM,WE,Federal Contract Tower,0,2,22,0,24,0,18,86,0,104,0,20,108,0,128,136,0,136,264
06/12/2022,OGD,UT,ANM,WE,Federal Contract Tower,2,0,17,0,19,0,17,44,0,61,2,17,61,0,80,96,0,96,176
06/13/2022,OGD,UT,ANM,WE,Federal Contract Tower,0,3,36,2,41,0,3,115,2,120,0,6,151,4,161,130,0,130,291
06/14/2022,OGD,UT,ANM,WE,Federal Contract Tower,2,5,46,0,53,0,14,182,0,196,2,19,228,0,249,144,0,144,393
06/15/2022,OGD,UT,ANM,WE,Federal Contract Tower,0,1,54,0,55,0,2,204,0,206,0,3,258,0,261,168,0,168,429
06/16/2022,OGD,UT,ANM,WE,Federal Contract Tower,0,4,34,0,38,0,12,155,0,167,0,16,189,0,205,140,0,140,345
06/17/2022,OGD,UT,ANM,WE,Federal Contract Tower,0,2,16,0,18,0,23,11,0,34,0,25,27,0,52,22,0,22,74
06/18/2022,OGD,UT,ANM,WE,Federal Contract Tower,2,1,12,0,15,0,2,24,0,26,2,3,36,0,41,50,0,50,91
06/19/2022,OGD,UT,ANM,WE,Federal Contract Tower,0,1,20,0,21,0,18,49,0,67,0,19,69,0,88,34,0,34,122
06/20/2022,OGD,UT,ANM,WE,Federal Contract Tower,0,1,49,0,50,0,5,167,0,172,0,6,216,0,222,177,0,177,399
06/21/2022,OGD,UT,ANM,WE,Federal Contract Tower,2,2,117,0,121,0,6,208,0,214,2,8,325,0,335,124,0,124,459
06/22/2022,OGD,UT,ANM,WE,Federal Contract Tower,0,2,59,0,61,0,8,219,0,227,0,10,278,0,288,191,0,191,479
06/23/2022,OGD,UT,ANM,WE,Federal Contract Tower,0,6,31,1,38,0,14,150,0,164,0,20,181,1,202,90,0,90,292
06/24/2022,OGD,UT,ANM,WE,Federal Contract Tower,0,5,15,0,20,0,13,54,0,67,0,18,69,0,87,46,0,46,133
06/25/2022,OGD,UT,ANM,WE,Federal Contract Tower,0,3,7,0,10,0,16,32,0,48,0,19,39,0,58,54,0,54,112
06/26/2022,OGD,UT,ANM,WE,Federal Contract Tower,0,0,14,0,14,0,1,46,0,47,0,1,60,0,61,50,0,50,111
06/27/2022,OGD,UT,ANM,WE,Federal Contract Tower,0,2,64,0,66,0,22,206,2,230,0,24,270,2,296,188,0,188,484
06/28/2022,OGD,UT,ANM,WE,Federal Contract Tower,0,12,34,0,46,0,23,139,0,162,0,35,173,0,208,210,0,210,418
06/29/2022,OGD,UT,ANM,WE,Federal Contract Tower,0,2,36,0,38,0,23,128,0,151,0,25,164,0,189,330,0,330,519
06/30/2022,OGD,UT,ANM,WE,Federal Contract Tower,0,2,29,0,31,0,14,146,0,160,0,16,175,0,191,292,0,292,483
07/01/2022,OGD,UT,ANM,WE,Federal Contract Tower,0,0,42,0,42,0,10,145,0,155,0,10,187,0,197,132,0,132,329
07/02/2022,OGD,UT,ANM,WE,Federal Contract Tower,0,0,14,0,14,0,23,69,0,92,0,23,83,0,106,44,0,44,150
07/03/2022,OGD,UT,ANM,WE,Federal Contract Tower,0,0,6,0,6,0,0,19,0,19,0,0,25,0,25,22,0,22,47
07/04/2022,OGD,UT,ANM,WE,Federal Contract Tower,0,2,7,0,9,0,10,37,0,47,0,12,44,0,56,34,0,34,90
07/05/2022,OGD,UT,ANM,WE,Federal Contract Tower,0,3,20,0,23,0,4,124,0,128,0,7,144,0,151,124,0,124,275
07/06/2022,OGD,UT,ANM,WE,Federal Contract Tower,0,1,22,0,23,0,2,32,0,34,0,3,54,0,57,0,0,0,57
07/07/2022,OGD,UT,ANM,WE,Federal Contract Tower,0,0,40,0,40,0,16,93,0,109,0,16,133,0,149,74,0,74,223
07/08/2022,OGD,UT,ANM,WE,Federal Contract Tower,0,3,40,0,43,0,16,106,0,122,0,19,146,0,165,56,0,56,221
07/09/2022,OGD,UT,ANM,WE,Federal Contract Tower,0,3,17,0,20,0,23,96,0,119,0,26,113,0,139,18,0,18,157
07/10/2022,OGD,UT,ANM,WE,Federal Contract Tower,0,1,19,0,20,0,21,109,0,130,0,22,128,0,150,64,0,64,214
07/11/2022,OGD,UT,ANM,WE,Federal Contract Tower,0,0,45,0,45,0,14,165,0,179,0,14,210,0,224,144,0,144,368
07/12/2022,OGD,UT,ANM,WE,Federal Contract Tower,0,0,40,0,40,0,1,170,0,171,0,1,210,0,211,112,0,112,323
07/13/2022,OGD,UT,ANM,WE,Federal Contract Tower,1,4,41,0,46,0,2,141,0,143,1,6,182,0,189,50,0,50,239
07/14/2022,OGD,UT,ANM,WE,Federal Contract Tower,0,2,48,0,50,0,13,178,0,191,0,15,226,0,241,42,0,42,283
07/15/2022,OGD,UT,ANM,WE,Federal Contract Tower,0,2,29,0,31,0,6,112,0,118,0,8,141,0,149,138,0,138,287
07/16/2022,OGD,UT,ANM,WE,Federal Contract Tower,0,0,21,0,21,0,39,214,0,253,0,39,235,0,274,60,0,60,334
07/17/2022,OGD,UT,ANM,WE,Federal Contract Tower,0,0,30,0,30,0,10,86,0,96,0,10,116,0,126,76,0,76,202
07/18/2022,OGD,UT,ANM,WE,Federal Contract Tower,0,0,29,0,29,0,6,170,0,176,0,6,199,0,205,114,0,114,319
07/19/2022,OGD,UT,ANM,WE,Federal Contract Tower,0,1,32,0,33,0,8,161,0,169,0,9,193,0,202,80,0,80,282
07/20/2022,OGD,UT,ANM,WE,Federal Contract Tower,0,0,51,0,51,0,9,168,0,177,0,9,219,0,228,94,0,94,322
07/21/2022,OGD,UT,ANM,WE,Federal Contract Tower,0,4,42,0,46,0,13,169,2,184,0,17,211,2,230,168,0,168,398
07/22/2022,OGD,UT,ANM,WE,Federal Contract Tower,0,2,46,0,48,0,18,144,0,162,0,20,190,0,210,92,0,92,302
07/23/2022,OGD,UT,ANM,WE,Federal Contract Tower,0,2,27,0,29,0,26,101,0,127,0,28,128,0,156,100,0,100,256
07/24/2022,OGD,UT,ANM,WE,Federal Contract Tower,0,4,20,0,24,0,24,72,0,96,0,28,92,0,120,86,0,86,206
07/25/2022,OGD,UT,ANM,WE,Federal Contract Tower,0,1,47,0,48,0,8,183,0,191,0,9,230,0,239,116,0,116,355
07/26/2022,OGD,UT,ANM,WE,Federal Contract Tower,0,0,42,2,44,0,5,157,0,162,0,5,199,2,206,98,0,98,304
07/27/2022,OGD,UT,ANM,WE,Federal Contract Tower,0,3,39,1,43,0,5,153,1,159,0,8,192,2,202,144,0,144,346
07/28/2022,OGD,UT,ANM,WE,Federal Contract Tower,0,2,33,1,36,0,16,109,0,125,0,18,142,1,161,62,0,62,223
07/29/2022,OGD,UT,ANM,WE,Federal Contract Tower,0,1,33,0,34,0,21,146,0,167,0,22,179,0,201,74,0,74,275
07/30/2022,OGD,UT,ANM,WE,Federal Contract Tower,0,1,20,0,21,0,19,104,0,123,0,20,124,0,144,58,0,58,202
07/31/2022,OGD,UT,ANM,WE,Federal Contract Tower,0,0,16,0,16,0,15,90,0,105,0,15,106,0,121,60,0,60,181
08/01/2022,OGD,UT,ANM,WE,Federal Contract Tower,0,2,38,0,40,0,9,99,0,108,0,11,137,0,148,144,0,144,292
08/02/2022,OGD,UT,ANM,WE,Federal Contract Tower,0,3,44,0,47,0,3,177,0,180,0,6,221,0,227,126,0,126,353
08/03/2022,OGD,UT,ANM,WE,Federal Contract Tower,0,4,54,0,58,0,0,173,0,173,0,4,227,0,231,72,0,72,303
08/04/2022,OGD,UT,ANM,WE,Federal Contract Tower,0,1,42,1,44,0,15,169,0,184,0,16,211,1,228,68,0,68,296
08/05/2022,OGD,UT,ANM,WE,Federal Contract Tower,0,3,17,0,20,0,16,95,0,111,0,19,112,0,131,32,0,32,163
08/06/2022,OGD,UT,ANM,WE,Federal Contract Tower,0,0,12,0,12,0,8,25,0,33,0,8,37,0,45,60,0,60,105
08/07/2022,OGD,UT,ANM,WE,Federal Contract Tower,0,0,30,0,30,0,15,104,0,119,0,15,134,0,149,76,0,76,225
08/08/2022,OGD,UT,ANM,WE,Federal Contract Tower,0,0,42,0,42,0,5,179,0,184,0,5,221,0,226,178,0,178,404
08/09/2022,OGD,UT,ANM,WE,Federal Contract Tower,0,4,50,0,54,0,6,187,0,193,0,10,237,0,247,138,0,138,385
08/10/2022,OGD,UT,ANM,WE,Federal Contract Tower,0,1,40,0,41,0,20,110,0,130,0,21,150,0,171,122,0,122,293
08/11/2022,OGD,UT,ANM,WE,Federal Contract Tower,0,2,28,0,30,0,14,113,0,127,0,16,141,0,157,120,4,124,281
08/12/2022,OGD,UT,ANM,WE,Federal Contract Tower,0,2,30,0,32,0,7,135,0,142,0,9,165,0,174,108,0,108,282
08/13/2022,OGD,UT,ANM,WE,Federal Contract Tower,0,1,24,0,25,0,25,85,0,110,0,26,109,0,135,58,0,58,193
08/14/2022,OGD,UT,ANM,WE,Federal Contract Tower,0,3,20,0,23,0,19,55,0,74,0,22,75,0,97,44,0,44,141
08/15/2022,OGD,UT,ANM,WE,Federal Contract Tower,0,2,50,0,52,0,7,170,0,177,0,9,220,0,229,136,0,136,365
08/16/2022,OGD,UT,ANM,WE,Federal Contract Tower,0,2,31,0,33,0,7,122,1,130,0,9,153,1,163,146,0,146,309
08/17/2022,OGD,UT,ANM,WE,Federal Contract Tower,0,3,41,0,44,0,3,117,0,120,0,6,158,0,164,142,0,142,306
08/18/2022,OGD,UT,ANM,WE,Federal Contract Tower,0,6,45,0,51,0,10,156,0,166,0,16,201,0,217,54,0,54,271
08/19/2022,OGD,UT,ANM,WE,Federal Contract Tower,0,0,21,0,21,0,11,100,0,111,0,11,121,0,132,114,0,114,246
08/20/2022,OGD,UT,ANM,WE,Federal Contract Tower,0,0,16,0,16,0,19,85,0,104,0,19,101,0,120,98,0,98,218
08/21/2022,OGD,UT,ANM,WE,Federal Contract Tower,0,6,33,0,39,0,29,118,0,147,0,35,151,0,186,82,0,82,268
08/22/2022,OGD,UT,ANM,WE,Federal Contract Tower,0,4,38,0,42,0,2,165,0,167,0,6,203,0,209,150,4,154,363
08/23/2022,OGD,UT,ANM,WE,Federal Contract Tower,0,2,33,0,35,0,4,148,2,154,0,6,181,2,189,134,4,138,327
08/24/2022,OGD,UT,ANM,WE,Federal Contract Tower,0,4,34,0,38,0,7,119,0,126,0,11,153,0,164,158,0,158,322
08/25/2022,OGD,UT,ANM,WE,Federal Contract Tower,0,0,34,1,35,0,25,125,1,151,0,25,159,2,186,152,0,152,338
08/26/2022,OGD,UT,ANM,WE,Federal Contract Tower,0,5,42,0,47,0,22,115,0,137,0,27,157,0,184,142,0,142,326
08/27/2022,OGD,UT,ANM,WE,Federal Contract Tower,0,0,15,0,15,0,26,119,0,145,0,26,134,0,160,54,0,54,214
08/28/2022,OGD,UT,ANM,WE,Federal Contract Tower,0,2,21,0,23,0,20,138,0,158,0,22,159,0,181,218,0,218,399
08/29/2022,OGD,UT,ANM,WE,Federal Contract Tower,0,3,46,1,50,0,8,193,1,202,0,11,239,2,252,214,0,214,466
08/30/2022,OGD,UT,ANM,WE,Federal Contract Tower,0,6,34,0,40,0,9,161,0,170,0,15,195,0,210,144,0,144,354
08/31/2022,OGD,UT,ANM,WE,Federal Contract Tower,0,1,27,1,29,0,5,119,6,130,0,6,146,7,159,164,0,164,323
09/01/2022,OGD,UT,ANM,WE,Federal Contract Tower,0,4,39,2,45,0,10,127,7,144,0,14,166,9,189,119,0,119,308
09/02/2022,OGD,UT,ANM,WE,Federal Contract Tower,0,1,45,0,46,0,10,168,1,179,0,11,213,1,225,166,0,166,391
09/03/2022,OGD,UT,ANM,WE,Federal Contract Tower,0,7,11,0,18,0,36,71,0,107,0,43,82,0,125,66,0,66,191
09/04/2022,OGD,UT,ANM,WE,Federal Contract Tower,0,4,16,0,20,0,12,75,0,87,0,16,91,0,107,120,0,120,227
09/05/2022,OGD,UT,ANM,WE,Federal Contract Tower,0,0,28,0,28,0,6,90,0,96,0,6,118,0,124,176,0,176,300
09/06/2022,OGD,UT,ANM,WE,Federal Contract Tower,0,0,31,3,34,0,11,124,3,138,0,11,155,6,172,168,0,168,340
09/07/2022,OGD,UT,ANM,WE,Federal Contract Tower,0,5,40,1,46,0,9,124,1,134,0,14,164,2,180,100,0,100,280
09/08/2022,OGD,UT,ANM,WE,Federal Contract Tower,0,4,29,0,33,0,4,106,0,110,0,8,135,0,143,126,0,126,269
09/09/2022,OGD,UT,ANM,WE,Federal Contract Tower,0,1,47,0,48,0,25,126,0,151,0,26,173,0,199,104,0,104,303
09/10/2022,OGD,UT,ANM,WE,Federal Contract Tower,0,3,23,0,26,0,38,84,0,122,0,41,107,0,148,110,0,110,258
09/11/2022,OGD,UT,ANM,WE,Federal Contract Tower,0,3,20,0,23,0,18,84,0,102,0,21,104,0,125,136,0,136,261
09/12/2022,OGD,UT,ANM,WE,Federal Contract Tower,0,0,23,0,23,0,3,126,0,129,0,3,149,0,152,98,0,98,250
09/13/2022,OGD,UT,ANM,WE,Federal Contract Tower,0,0,18,0,18,0,1,45,0,46,0,1,63,0,64,52,0,52,116
09/14/2022,OGD,UT,ANM,WE,Federal Contract Tower,0,0,16,1,17,0,3,131,2,136,0,3,147,3,153,180,0,180,333
09/15/2022,OGD,UT,ANM,WE,Federal Contract Tower,0,2,34,0,36,0,11,128,0,139,0,13,162,0,175,148,0,148,323
09/16/2022,OGD,UT,ANM,WE,Federal Contract Tower,0,4,29,0,33,0,10,153,0,163,0,14,182,0,196,188,0,188,384
09/17/2022,OGD,UT,ANM,WE,Federal Contract Tower,0,2,15,0,17,0,14,75,0,89,0,16,90,0,106,100,0,100,206
09/18/2022,OGD,UT,ANM,WE,Federal Contract Tower,0,2,18,0,20,0,6,91,0,97,0,8,109,0,117,32,0,32,149
09/19/2022,OGD,UT,ANM,WE,Federal Contract Tower,0,1,29,0,30,0,2,152,0,154,0,3,181,0,184,240,0,240,424
09/20/2022,OGD,UT,ANM,WE,Federal Contract Tower,0,1,50,0,51,0,5,151,2,158,0,6,201,2,209,130,0,130,339
09/21/2022,OGD,UT,ANM,WE,Federal Contract Tower,0,5,34,0,39,0,5,87,0,92,0,10,121,0,131,134,0,134,265
09/22/2022,OGD,UT,ANM,WE,Federal Contract Tower,0,4,33,0,37,0,14,108,0,122,0,18,141,0,159,190,0,190,349
09/23/2022,OGD,UT,ANM,WE,Federal Contract Tower,1,1,27,0,29,0,9,176,2,187,1,10,203,2,216,254,0,254,470
09/24/2022,OGD,UT,ANM,WE,Federal Contract Tower,0,1,44,0,45,0,21,172,0,193,0,22,216,0,238,116,0,116,354
09/25/2022,OGD,UT,ANM,WE,Federal Contract Tower,1,7,23,0,31,0,21,109,0,130,1,28,132,0,161,58,0,58,219
09/26/2022,OGD,UT,ANM,WE,Federal Contract Tower,0,0,40,0,40,0,6,152,0,158,0,6,192,0,198,98,0,98,296
09/27/2022,OGD,UT,ANM,WE,Federal Contract Tower,2,1,51,0,54,0,0,168,0,168,2,1,219,0,222,226,0,226,448
09/28/2022,OGD,UT,ANM,WE,Federal Contract Tower,0,4,22,0,26,0,5,108,4,117,0,9,130,4,143,72,0,72,215
09/29/2022,OGD,UT,ANM,WE,Federal Contract Tower,0,6,39,0,45,0,15,131,0,146,0,21,170,0,191,182,0,182,373
09/30/2022,OGD,UT,ANM,WE,Federal Contract Tower,3,9,33,0,45,0,15,148,0,163,3,24,181,0,208,104,0,104,312
10/01/2022,OGD,UT,ANM,WE,Federal Contract Tower,0,5,24,0,29,0,36,109,0,145,0,41,133,0,174,64,0,64,238
10/02/2022,OGD,UT,ANM,WE,Federal Contract Tower,1,5,22,0,28,0,22,70,0,92,1,27,92,0,120,80,0,80,200
10/03/2022,OGD,UT,ANM,WE,Federal Contract Tower,0,5,36,0,41,0,12,191,0,203,0,17,227,0,244,174,0,174,418
10/04/2022,OGD,UT,ANM,WE,Federal Contract Tower,5,8,40,0,53,0,10,213,0,223,5,18,253,0,276,196,0,196,472
10/05/2022,OGD,UT,ANM,WE,Federal Contract Tower,3,7,53,0,63,0,7,211,0,218,3,14,264,0,281,206,0,206,487
10/06/2022,OGD,UT,ANM,WE,Federal Contract Tower,4,2,38,0,44,0,14,187,0,201,4,16,225,0,245,206,0,206,451
10/07/2022,OGD,UT,ANM,WE,Federal Contract Tower,0,3,33,0,36,0,8,225,0,233,0,11,258,0,269,242,0,242,511
10/08/2022,OGD,UT,ANM,WE,Federal Contract Tower,1,5,20,0,26,0,16,154,0,170,1,21,174,0,196,78,0,78,274
10/09/2022,OGD,UT,ANM,WE,Federal Contract Tower,1,0,20,0,21,0,12,94,0,106,1,12,114,0,127,56,0,56,183
10/10/2022,OGD,UT,ANM,WE,Federal Contract Tower,0,0,54,0,54,0,8,223,0,231,0,8,277,0,285,262,0,262,547
10/11/2022,OGD,UT,ANM,WE,Federal Contract Tower,0,0,33,0,33,0,3,200,0,203,0,3,233,0,236,234,0,234,470
10/12/2022,OGD,UT,ANM,WE,Federal Contract Tower,1,7,46,0,54,0,11,236,0,247,1,18,282,0,301,188,2,190,491
10/13/2022,OGD,UT,ANM,WE,Federal Contract Tower,1,6,34,0,41,0,14,226,0,240,1,20,260,0,281,156,0,156,437
10/14/2022,OGD,UT,ANM,WE,Federal Contract Tower,6,2,33,0,41,0,11,180,0,191,6,13,213,0,232,244,0,244,476
10/15/2022,OGD,UT,ANM,WE,Federal Contract Tower,1,2,16,0,19,0,17,220,0,237,1,19,236,0,256,68,0,68,324
10/16/2022,OGD,UT,ANM,WE,Federal Contract Tower,0,1,10,0,11,0,21,41,0,62,0,22,51,0,73,0,0,0,73
10/17/2022,OGD,UT,ANM,WE,Federal Contract Tower,0,0,51,0,51,0,2,221,0,223,0,2,272,0,274,266,0,266,540
10/18/2022,OGD,UT,ANM,WE,Federal Contract Tower,0,6,57,1,64,0,4,200,1,205,0,10,257,2,269,268,0,268,537
10/19/2022,OGD,UT,ANM,WE,Federal Contract Tower,2,0,66,1,69,0,5,257,1,263,2,5,323,2,332,156,0,156,488
10/20/2022,OGD,UT,ANM,WE,Federal Contract Tower,1,5,57,0,63,0,17,236,1,254,1,22,293,1,317,248,0,248,565
10/21/2022,OGD,UT,ANM,WE,Federal Contract Tower,4,7,32,0,43,0,10,202,0,212,4,17,234,0,255,192,0,192,447
10/22/2022,OGD,UT,ANM,WE,Federal Contract Tower,2,1,8,1,12,0,0,3,0,3,2,1,11,1,15,0,0,0,15
10/23/2022,OGD,UT,ANM,WE,Federal Contract Tower,1,1,9,1,12,0,3,16,0,19,1,4,25,1,31,16,0,16,47
10/24/2022,OGD,UT,ANM,WE,Federal Contract Tower,1,3,30,1,35,0,3,152,1,156,1,6,182,2,191,272,0,272,463
10/25/2022,OGD,UT,ANM,WE,Federal Contract Tower,1,3,26,0,30,0,4,122,0,126,1,7,148,0,156,246,0,246,402
10/26/2022,OGD,UT,ANM,WE,Federal Contract Tower,0,2,16,0,18,0,0,67,0,67,0,2,83,0,85,148,0,148,233
10/27/2022,OGD,UT,ANM,WE,Federal Contract Tower,1,3,32,1,37,0,12,238,0,250,1,15,270,1,287,214,0,214,501
10/28/2022,OGD,UT,ANM,WE,Federal Contract Tower,0,3,46,0,49,0,3,212,0,215,0,6,258,0,264,174,0,174,438
10/29/2022,OGD,UT,ANM,WE,Federal Contract Tower,1,4,32,0,37,0,15,200,0,215,1,19,232,0,252,120,0,120,372
10/31/2022,OGD,UT,ANM,WE,Federal Contract Tower,0,0,55,1,56,0,4,192,1,197,0,4,247,2,253,232,0,232,485
11/01/2022,OGD,UT,ANM,WE,Federal Contract Tower,1,2,29,2,34,0,14,79,2,95,1,16,108,4,129,112,0,112,241
11/02/2022,OGD,UT,ANM,WE,Federal Contract Tower,1,4,13,0,18,0,0,17,0,17,1,4,30,0,35,22,0,22,57
11/03/2022,OGD,UT,ANM,WE,Federal Contract Tower,1,0,41,0,42,0,8,194,0,202,1,8,235,0,244,308,0,308,552
11/04/2022,OGD,UT,ANM,WE,Federal Contract Tower,0,3,36,0,39,0,6,237,0,243,0,9,273,0,282,338,0,338,620
11/05/2022,OGD,UT,ANM,WE,Federal Contract Tower,1,2,9,0,12,0,0,38,0,38,1,2,47,0,50,80,0,80,130
11/06/2022,OGD,UT,ANM,WE,Federal Contract Tower,2,1,18,0,21,0,4,101,0,105,2,5,119,0,126,144,0,144,270
11/07/2022,OGD,UT,ANM,WE,Federal Contract Tower,0,2,12,1,15,0,0,15,1,16,0,2,27,2,31,28,0,28,59
11/08/2022,OGD,UT,ANM,WE,Federal Contract Tower,1,10,7,0,18,0,1,16,0,17,1,11,23,0,35,48,0,48,83
11/09/2022,OGD,UT,ANM,WE,Federal Contract Tower,5,9,20,0,34,0,3,86,2,91,5,12,106,2,125,132,0,132,257
11/10/2022,OGD,UT,ANM,WE,Federal Contract Tower,3,6,40,0,49,0,8,253,0,261,3,14,293,0,310,222,0,222,532
11/11/2022,OGD,UT,ANM,WE,Federal Contract Tower,2,3,48,0,53,0,5,229,0,234,2,8,277,0,287,160,0,160,447
11/12/2022,OGD,UT,ANM,WE,Federal Contract Tower,1,3,49,0,53,0,8,271,0,279,1,11,320,0,332,226,0,226,558
11/13/2022,OGD,UT,ANM,WE,Federal Contract Tower,0,0,42,0,42,0,0,161,0,161,0,0,203,0,203,96,0,96,299
11/14/2022,OGD,UT,ANM,WE,Federal Contract Tower,1,4,49,0,54,0,3,280,0,283,1,7,329,0,337,150,0,150,487
11/15/2022,OGD,UT,ANM,WE,Federal Contract Tower,1,1,47,1,50,0,3,205,1,209,1,4,252,2,259,116,0,116,375
11/16/2022,OGD,UT,ANM,WE,Federal Contract Tower,1,5,36,0,42,0,5,214,0,219,1,10,250,0,261,120,0,120,381
11/17/2022,OGD,UT,ANM,WE,Federal Contract Tower,2,2,25,1,30,0,4,261,1,266,2,6,286,2,296,138,0,138,434
11/18/2022,OGD,UT,ANM,WE,Federal Contract Tower,2,1,31,0,34,0,5,249,0,254,2,6,280,0,288,180,0,180,468
11/19/2022,OGD,UT,ANM,WE,Federal Contract Tower,1,2,19,0,22,0,3,192,0,195,1,5,211,0,217,114,0,114,331
11/20/2022,OGD,UT,ANM,WE,Federal Contract Tower,2,1,20,0,23,0,0,178,0,178,2,1,198,0,201,102,0,102,303
11/21/2022,OGD,UT,ANM,WE,Federal Contract Tower,1,1,45,1,48,0,4,201,1,206,1,5,246,2,254,228,0,228,482
11/22/2022,OGD,UT,ANM,WE,Federal Contract Tower,4,5,52,0,61,0,9,226,2,237,4,14,278,2,298,175,4,179,477
11/23/2022,OGD,UT,ANM,WE,Federal Contract Tower,4,2,33,0,39,0,5,129,0,134,4,7,162,0,173,234,0,234,407
11/24/2022,OGD,UT,ANM,WE,Federal Contract Tower,0,0,2,0,2,0,7,25,0,32,0,7,27,0,34,8,0,8,42
11/25/2022,OGD,UT,ANM,WE,Federal Contract Tower,2,0,19,0,21,0,6,114,0,120,2,6,133,0,141,26,0,26,167
11/26/2022,OGD,UT,ANM,WE,Federal Contract Tower,0,0,22,0,22,0,2,72,0,74,0,2,94,0,96,76,0,76,172
11/27/2022,OGD,UT,ANM,WE,Federal Contract Tower,0,0,25,0,25,0,6,93,0,99,0,6,118,0,124,102,0,102,226
11/28/2022,OGD,UT,ANM,WE,Federal Contract Tower,0,0,13,0,13,0,2,41,0,43,0,2,54,0,56,130,0,130,186
11/29/2022,OGD,UT,ANM,WE,Federal Contract Tower,0,0,24,2,26,0,5,101,2,108,0,5,125,4,134,38,0,38,172
11/30/2022,OGD,UT,ANM,WE,Federal Contract Tower,0,0,33,0,33,0,4,243,0,247,0,4,276,0,280,266,0,266,546
12/01/2022,OGD,UT,ANM,WE,Federal Contract Tower,0,2,19,1,22,0,3,57,1,61,0,5,76,2,83,132,0,132,215
12/02/2022,OGD,UT,ANM,WE,Federal Contract Tower,0,2,15,0,17,0,0,135,0,135,0,2,150,0,152,92,0,92,244
12/03/2022,OGD,UT,ANM,WE,Federal Contract Tower,0,2,26,0,28,0,3,212,0,215,0,5,238,0,243,142,0,142,385
12/04/2022,OGD,UT,ANM,WE,Federal Contract Tower,0,1,11,0,12,0,0,33,0,33,0,1,44,0,45,18,0,18,63
12/05/2022,OGD,UT,ANM,WE,Federal Contract Tower,0,2,5,0,7,0,1,1,0,2,0,3,6,0,9,0,0,0,9
12/06/2022,OGD,UT,ANM,WE,Federal Contract Tower,0,2,16,0,18,0,0,47,0,47,0,2,63,0,65,140,0,140,205
12/07/2022,OGD,UT,ANM,WE,Federal Contract Tower,0,1,23,0,24,0,4,27,0,31,0,5,50,0,55,120,0,120,175
12/08/2022,OGD,UT,ANM,WE,Federal Contract Tower,0,2,46,0,48,0,4,204,0,208,0,6,250,0,256,186,0,186,442
12/09/2022,OGD,UT,ANM,WE,Federal Contract Tower,0,1,24,0,25,0,8,149,0,157,0,9,173,0,182,308,0,308,490
12/10/2022,OGD,UT,ANM,WE,Federal Contract Tower,0,2,20,0,22,0,7,175,0,182,0,9,195,0,204,84,0,84,288
12/11/2022,OGD,UT,ANM,WE,Federal Contract Tower,0,2,9,0,11,0,7,63,0,70,0,9,72,0,81,90,0,90,171
12/12/2022,OGD,UT,ANM,WE,Federal Contract Tower,0,0,9,0,9,0,2,22,0,24,0,2,31,0,33,30,0,30,63
12/13/2022,OGD,UT,ANM,WE,Federal Contract Tower,0,4,10,0,14,0,0,0,0,0,0,4,10,0,14,0,0,0,14
12/14/2022,OGD,UT,ANM,WE,Federal Contract Tower,0,2,13,0,15,0,1,22,0,23,0,3,35,0,38,86,0,86,124
12/15/2022,OGD,UT,ANM,WE,Federal Contract Tower,0,1,20,0,21,0,2,100,0,102,0,3,120,0,123,194,0,194,317
12/16/2022,OGD,UT,ANM,WE,Federal Contract Tower,0,5,30,2,37,0,2,178,0,180,0,7,208,2,217,268,0,268,485
12/17/2022,OGD,UT,ANM,WE,Federal Contract Tower,0,0,25,0,25,0,7,185,0,192,0,7,210,0,217,174,0,174,391
12/18/2022,OGD,UT,ANM,WE,Federal Contract Tower,0,5,23,0,28,0,4,117,0,121,0,9,140,0,149,28,0,28,177
12/19/2022,OGD,UT,ANM,WE,Federal Contract Tower,0,2,42,0,44,0,2,283,0,285,0,4,325,0,329,154,0,154,483
12/20/2022,OGD,UT,ANM,WE,Federal Contract Tower,0,5,62,0,67,0,1,197,0,198,0,6,259,0,265,222,0,222,487
12/21/2022,OGD,UT,ANM,WE,Federal Contract Tower,0,0,33,0,33,0,5,56,0,61,0,5,89,0,94,58,0,58,152
12/22/2022,OGD,UT,ANM,WE,Federal Contract Tower,0,3,49,0,52,0,5,195,0,200,0,8,244,0,252,302,0,302,554
12/23/2022,OGD,UT,ANM,WE,Federal Contract Tower,0,0,25,0,25,0,0,85,0,85,0,0,110,0,110,254,0,254,364
12/24/2022,OGD,UT,ANM,WE,Federal Contract Tower,0,0,3,0,3,0,1,2,0,3,0,1,5,0,6,0,0,0,6
12/25/2022,OGD,UT,ANM,WE,Federal Contract Tower,0,0,3,0,3,0,1,3,0,4,0,1,6,0,7,0,0,0,7
12/26/2022,OGD,UT,ANM,WE,Federal Contract Tower,0,2,43,0,45,0,5,122,0,127,0,7,165,0,172,144,0,144,316
12/27/2022,OGD,UT,ANM,WE,Federal Contract Tower,0,2,11,0,13,0,1,13,0,14,0,3,24,0,27,28,0,28,55
12/28/2022,OGD,UT,ANM,WE,Federal Contract Tower,0,1,18,0,19,0,5,29,0,34,0,6,47,0,53,86,0,86,139
12/29/2022,OGD,UT,ANM,WE,Federal Contract Tower,0,0,29,0,29,0,5,159,0,164,0,5,188,0,193,246,0,246,439
12/30/2022,OGD,UT,ANM,WE,Federal Contract Tower,0,0,9,0,9,0,0,6,0,6,0,0,15,0,15,48,0,48,63
12/31/2022,OGD,UT,ANM,WE,Federal Contract Tower,0,0,8,0,8,0,2,11,0,13,0,2,19,0,21,8,0,8,29
01/01/2023,OGD,UT,ANM,WE,Federal Contract Tower,0,0,2,0,2,0,0,0,0,0,0,0,2,0,2,0,0,0,2
01/02/2023,OGD,UT,ANM,WE,Federal Contract Tower,0,1,24,0,25,0,6,26,0,32,0,7,50,0,57,26,0,26,83
01/03/2023,OGD,UT,ANM,WE,Federal Contract Tower,0,3,25,1,29,0,1,37,1,39,0,4,62,2,68,84,0,84,152
01/04/2023,OGD,UT,ANM,WE,Federal Contract Tower,0,3,51,0,54,0,5,222,0,227,0,8,273,0,281,186,0,186,467
01/05/2023,OGD,UT,ANM,WE,Federal Contract Tower,0,3,26,0,29,0,0,114,0,114,0,3,140,0,143,190,0,190,333
01/06/2023,OGD,UT,ANM,WE,Federal Contract Tower,0,2,10,0,12,0,3,11,0,14,0,5,21,0,26,38,0,38,64
01/07/2023,OGD,UT,ANM,WE,Federal Contract Tower,0,3,35,0,38,0,0,168,0,168,0,3,203,0,206,88,0,88,294
01/08/2023,OGD,UT,ANM,WE,Federal Contract Tower,0,6,26,0,32,0,8,155,0,163,0,14,181,0,195,74,0,74,269
01/09/2023,OGD,UT,ANM,WE,Federal Contract Tower,0,4,21,0,25,0,5,76,0,81,0,9,97,0,106,146,0,146,252
01/10/2023,OGD,UT,ANM,WE,Federal Contract Tower,0,0,21,0,21,0,5,140,0,145,0,5,161,0,166,162,0,162,328
01/11/2023,OGD,UT,ANM,WE,Federal Contract Tower,0,1,37,0,38,0,5,170,0,175,0,6,207,0,213,92,4,96,309
01/12/2023,OGD,UT,ANM,WE,Federal Contract Tower,0,4,34,0,38,0,6,235,0,241,0,10,269,0,279,260,0,260,539
01/13/2023,OGD,UT,ANM,WE,Federal Contract Tower,0,5,46,0,51,0,2,297,0,299,0,7,343,0,350,172,0,172,522
01/14/2023,OGD,UT,ANM,WE,Federal Contract Tower,0,3,28,0,31,0,5,208,0,213,0,8,236,0,244,202,0,202,446
01/15/2023,OGD,UT,ANM,WE,Federal Contract Tower,0,0,9,0,9,0,1,0,0,1,0,1,9,0,10,0,0,0,10
01/16/2023,OGD,UT,ANM,WE,Federal Contract Tower,0,5,18,0,23,0,0,7,0,7,0,5,25,0,30,30,0,30,60
01/17/2023,OGD,UT,ANM,WE,Federal Contract Tower,0,2,15,0,17,0,0,49,0,49,0,2,64,0,66,59,0,59,125
01/18/2023,OGD,UT,ANM,WE,Federal Contract Tower,0,0,42,0,42,0,4,206,0,210,0,4,248,0,252,280,0,280,532
01/19/2023,OGD,UT,ANM,WE,Federal Contract Tower,0,4,13,0,17,0,1,57,0,58,0,5,70,0,75,118,0,118,193
01/20/2023,OGD,UT,ANM,WE,Federal Contract Tower,0,1,55,0,56,0,9,216,0,225,0,10,271,0,281,178,0,178,459
01/21/2023,OGD,UT,ANM,WE,Federal Contract Tower,0,1,26,0,27,0,5,241,1,247,0,6,267,1,274,292,0,292,566
01/22/2023,OGD,UT,ANM,WE,Federal Contract Tower,0,0,10,0,10,0,0,5,1,6,0,0,15,1,16,0,0,0,16
01/23/2023,OGD,UT,ANM,WE,Federal Contract Tower,0,4,47,0,51,0,5,181,0,186,0,9,228,0,237,78,0,78,315
01/24/2023,OGD,UT,ANM,WE,Federal Contract Tower,0,4,43,0,47,0,5,276,0,281,0,9,319,0,328,224,0,224,552
01/25/2023,OGD,UT,ANM,WE,Federal Contract Tower,0,4,11,0,15,0,0,41,0,41,0,4,52,0,56,68,0,68,124
01/26/2023,OGD,UT,ANM,WE,Federal Contract Tower,0,2,18,0,20,0,4,74,0,78,0,6,92,0,98,160,0,160,258
01/27/2023,OGD,UT,ANM,WE,Federal Contract Tower,0,6,4,0,10,0,0,19,0,19,0,6,23,0,29,26,0,26,55
01/28/2023,OGD,UT,ANM,WE,Federal Contract Tower,0,1,16,0,17,0,6,156,0,162,0,7,172,0,179,176,0,176,355
01/29/2023,OGD,UT,ANM,WE,Federal Contract Tower,0,0,9,0,9,0,2,5,0,7,0,2,14,0,16,22,0,22,38
01/30/2023,OGD,UT,ANM,WE,Federal Contract Tower,0,1,35,0,36,0,11,240,0,251,0,12,275,0,287,238,0,238,525
01/31/2023,OGD,UT,ANM,WE,Federal Contract Tower,0,3,30,0,33,0,13,259,0,272,0,16,289,0,305,234,0,234,539
02/01/2023,OGD,UT,ANM,WE,Federal Contract Tower,0,1,46,0,47,0,7,262,0,269,0,8,308,0,316,190,0,190,506
02/02/2023,OGD,UT,ANM,WE,Federal Contract Tower,0,3,37,0,40,0,7,233,0,240,0,10,270,0,280,132,0,132,412
02/03/2023,OGD,UT,ANM,WE,Federal Contract Tower,0,4,40,0,44,0,4,276,0,280,0,8,316,0,324,228,0,228,552
02/04/2023,OGD,UT,ANM,WE,Federal Contract Tower,0,6,14,0,20,0,5,242,0,247,0,11,256,0,267,236,0,236,503
02/05/2023,OGD,UT,ANM,WE,Federal Contract Tower,0,0,9,0,9,0,1,51,0,52,0,1,60,0,61,28,0,28,89
02/06/2023,OGD,UT,ANM,WE,Federal Contract Tower,0,2,12,0,14,0,3,40,0,43,0,5,52,0,57,220,0,220,277
02/07/2023,OGD,UT,ANM,WE,Federal Contract Tower,0,3,20,0,23,0,14,267,0,281,0,17,287,0,304,248,0,248,552
02/08/2023,OGD,UT,ANM,WE,Federal Contract Tower,0,0,15,1,16,0,2,175,0,177,0,2,190,1,193,169,0,169,362
02/09/2023,OGD,UT,ANM,WE,Federal Contract Tower,0,6,48,0,54,0,4,244,0,248,0,10,292,0,302,182,0,182,484
02/10/2023,OGD,UT,ANM,WE,Federal Contract Tower,0,0,39,2,41,0,11,219,0,230,0,11,258,2,271,82,0,82,353
02/11/2023,OGD,UT,ANM,WE,Federal Contract Tower,0,1,20,0,21,0,6,179,0,185,0,7,199,0,206,112,0,112,318
02/12/2023,OGD,UT,ANM,WE,Federal Contract Tower,0,0,16,0,16,0,0,172,0,172,0,0,188,0,188,98,0,98,286
02/13/2023,OGD,UT,ANM,WE,Federal Contract Tower,0,1,20,0,21,0,8,226,0,234,0,9,246,0,255,142,0,142,397
02/14/2023,OGD,UT,ANM,WE,Federal Contract Tower,0,2,12,0,14,0,2,138,0,140,0,4,150,0,154,130,0,130,284
02/15/2023,OGD,UT,ANM,WE,Federal Contract Tower,0,2,22,0,24,0,4,113,0,117,0,6,135,0,141,150,0,150,291
02/16/2023,OGD,UT,ANM,WE,Federal Contract Tower,1,3,44,2,50,0,9,289,0,298,1,12,333,2,348,228,0,228,576
02/17/2023,OGD,UT,ANM,WE,Federal Contract Tower,0,5,40,3,48,0,11,263,1,275,0,16,303,4,323,210,0,210,533
02/18/2023,OGD,UT,ANM,WE,Federal Contract Tower,0,1,19,0,20,0,6,182,0,188,0,7,201,0,208,164,0,164,372
02/19/2023,OGD,UT,ANM,WE,Federal Contract Tower,0,0,24,1,25,0,5,177,0,182,0,5,201,1,207,58,0,58,265
02/20/2023,OGD,UT,ANM,WE,Federal Contract Tower,0,1,34,0,35,0,8,181,0,189,0,9,215,0,224,144,0,144,368
02/21/2023,OGD,UT,ANM,WE,Federal Contract Tower,0,0,9,0,9,0,2,3,0,5,0,2,12,0,14,18,0,18,32
02/22/2023,OGD,UT,ANM,WE,Federal Contract Tower,3,4,5,0,12,0,0,0,0,0,3,4,5,0,12,0,0,0,12
02/23/2023,OGD,UT,ANM,WE,Federal Contract Tower,3,13,14,0,30,0,5,33,3,41,3,18,47,3,71,42,0,42,113
02/24/2023,OGD,UT,ANM,WE,Federal Contract Tower,1,13,37,0,51,0,13,89,0,102,1,26,126,0,153,96,0,96,249
02/25/2023,OGD,UT,ANM,WE,Federal Contract Tower,0,3,38,0,41,0,35,250,0,285,0,38,288,0,326,238,0,238,564
02/26/2023,OGD,UT,ANM,WE,Federal Contract Tower,0,3,18,0,21,0,0,29,0,29,0,3,47,0,50,14,0,14,64
02/27/2023,OGD,UT,ANM,WE,Federal Contract Tower,1,12,14,0,27,0,4,20,0,24,1,16,34,0,51,22,0,22,73
02/28/2023,OGD,UT,ANM,WE,Federal Contract Tower,0,7,20,0,27,0,6,76,0,82,0,13,96,0,109,62,0,62,171
03/01/2023,OGD,UT,ANM,WE,Federal Contract Tower,0,11,23,0,34,0,2,63,0,65,0,13,86,0,99,148,0,148,247
03/02/2023,OGD,UT,ANM,WE,Federal Contract Tower,0,4,51,1,56,0,15,234,0,249,0,19,285,1,305,240,0,240,545
03/03/2023,OGD,UT,ANM,WE,Federal Contract Tower,0,15,26,0,41,0,50,78,1,129,0,65,104,1,170,110,0,110,280
03/04/2023,OGD,UT,ANM,WE,Federal Contract Tower,0,11,18,0,29,0,35,102,0,137,0,46,120,0,166,118,0,118,284
03/05/2023,OGD,UT,ANM,WE,Federal Contract Tower,0,8,15,0,23,0,27,59,0,86,0,35,74,0,109,92,0,92,201
03/06/2023,OGD,UT,ANM,WE,Federal Contract Tower,0,4,29,0,33,0,42,93,0,135,0,46,122,0,168,170,0,170,338
03/07/2023,OGD,UT,ANM,WE,Federal Contract Tower,0,9,39,0,48,0,61,185,0,246,0,70,224,0,294,194,0,194,488
03/08/2023,OGD,UT,ANM,WE,Federal Contract Tower,0,2,24,0,26,0,37,60,0,97,0,39,84,0,123,178,0,178,301
03/09/2023,OGD,UT,ANM,WE,Federal Contract Tower,0,8,59,0,67,0,43,170,0,213,0,51,229,0,280,108,0,108,388
03/10/2023,OGD,UT,ANM,WE,Federal Contract Tower,0,8,7,0,15,0,0,2,0,2,0,8,9,0,17,2,0,2,19
03/11/2023,OGD,UT,ANM,WE,Federal Contract Tower,0,10,31,6,47,0,27,246,0,273,0,37,277,6,320,122,0,122,442
03/12/2023,OGD,UT,ANM,WE,Federal Contract Tower,0,3,20,0,23,0,0,5,0,5,0,3,25,0,28,0,0,0,28
03/13/2023,OGD,UT,ANM,WE,Federal Contract Tower,0,9,33,0,42,0,34,157,0,191,0,43,190,0,233,189,0,189,422
03/14/2023,OGD,UT,ANM,WE,Federal Contract Tower,3,5,19,0,27,0,27,55,0,82,3,32,74,0,109,126,0,126,235
03/15/2023,OGD,UT,ANM,WE,Federal Contract Tower,0,3,33,0,36,0,22,35,0,57,0,25,68,0,93,18,0,18,111
03/16/2023,OGD,UT,ANM,WE,Federal Contract Tower,0,7,41,1,49,0,47,143,1,191,0,54,184,2,240,128,0,128,368
03/17/2023,OGD,UT,ANM,WE,Federal Contract Tower,0,6,40,0,46,0,91,219,0,310,0,97,259,0,356,114,0,114,470
03/18/2023,OGD,UT,ANM,WE,Federal Contract Tower,0,7,38,0,45,0,91,201,0,292,0,98,239,0,337,124,0,124,461
03/19/2023,OGD,UT,ANM,WE,Federal Contract Tower,0,7,18,0,25,0,67,94,0,161,0,74,112,0,186,52,0,52,238
03/20/2023,OGD,UT,ANM,WE,Federal Contract Tower,0,2,26,0,28,0,6,20,0,26,0,8,46,0,54,102,0,102,156
03/21/2023,OGD,UT,ANM,WE,Federal Contract Tower,0,9,53,1,63,0,86,155,1,242,0,95,208,2,305,72,0,72,377
03/22/2023,OGD,UT,ANM,WE,Federal Contract Tower,0,3,6,0,9,0,0,3,0,3,0,3,9,0,12,26,0,26,38
03/23/2023,OGD,UT,ANM,WE,Federal Contract Tower,0,6,23,0,29,0,33,47,0,80,0,39,70,0,109,120,0,120,229
03/24/2023,OGD,UT,ANM,WE,Federal Contract Tower,0,0,10,0,10,0,0,0,0,0,0,0,10,0,10,0,0,0,10
03/25/2023,OGD,UT,ANM,WE,Federal Contract Tower,0,5,15,0,20,0,32,36,0,68,0,37,51,0,88,110,0,110,198
03/26/2023,OGD,UT,ANM,WE,Federal Contract Tower,0,6,15,0,21,0,2,3,0,5,0,8,18,0,26,6,0,6,32
03/27/2023,OGD,UT,ANM,WE,Federal Contract Tower,0,3,25,0,28,0,18,57,0,75,0,21,82,0,103,104,0,104,207
03/28/2023,OGD,UT,ANM,WE,Federal Contract Tower,0,16,42,0,58,0,78,169,0,247,0,94,211,0,305,144,0,144,449
03/29/2023,OGD,UT,ANM,WE,Federal Contract Tower,0,2,17,0,19,0,37,38,0,75,0,39,55,0,94,54,0,54,148
03/30/2023,OGD,UT,ANM,WE,Federal Contract Tower,0,3,7,0,10,0,25,1,0,26,0,28,8,0,36,78,0,78,114
03/31/2023,OGD,UT,ANM,WE,Federal Contract Tower,3,8,12,0,23,0,33,32,0,65,3,41,44,0,88,78,0,78,166
04/01/2023,OGD,UT,ANM,WE,Federal Contract Tower,2,11,18,0,31,0,70,78,0,148,2,81,96,0,179,82,0,82,261
04/02/2023,OGD,UT,ANM,WE,Federal Contract Tower,0,12,14,0,26,0,89,30,0,119,0,101,44,0,145,84,0,84,229
04/03/2023,OGD,UT,ANM,WE,Federal Contract Tower,0,0,3,0,3,0,0,0,0,0,0,0,3,0,3,0,0,0,3
04/04/2023,OGD,UT,ANM,WE,Federal Contract Tower,0,3,9,0,12,0,0,0,0,0,0,3,9,0,12,0,0,0,12
04/05/2023,OGD,UT,ANM,WE,Federal Contract Tower,0,11,27,0,38,0,76,75,0,151,0,87,102,0,189,296,0,296,485
04/06/2023,OGD,UT,ANM,WE,Federal Contract Tower,0,21,36,0,57,0,123,147,0,270,0,144,183,0,327,168,0,168,495
04/07/2023,OGD,UT,ANM,WE,Federal Contract Tower,0,9,44,0,53,0,147,145,0,292,0,156,189,0,345,244,0,244,589
04/08/2023,OGD,UT,ANM,WE,Federal Contract Tower,0,18,23,0,41,0,138,127,0,265,0,156,150,0,306,132,0,132,438
04/09/2023,OGD,UT,ANM,WE,Federal Contract Tower,0,6,23,0,29,0,107,66,0,173,0,113,89,0,202,140,0,140,342
04/10/2023,OGD,UT,ANM,WE,Federal Contract Tower,0,14,24,1,39,0,84,153,1,238,0,98,177,2,277,232,0,232,509
04/11/2023,OGD,UT,ANM,WE,Federal Contract Tower,0,8,27,0,35,0,39,102,0,141,0,47,129,0,176,94,0,94,270
04/12/2023,OGD,UT,ANM,WE,Federal Contract Tower,0,9,24,0,33,0,86,99,0,185,0,95,123,0,218,193,0,193,411
04/13/2023,OGD,UT,ANM,WE,Federal Contract Tower,0,14,18,0,32,0,39,38,0,77,0,53,56,0,109,100,0,100,209
04/14/2023,OGD,UT,ANM,WE,Federal Contract Tower,0,14,32,0,46,0,57,139,0,196,0,71,171,0,242,162,0,162,404
04/15/2023,OGD,UT,ANM,WE,Federal Contract Tower,0,9,21,0,30,0,77,134,0,211,0,86,155,0,241,174,0,174,415
04/16/2023,OGD,UT,ANM,WE,Federal Contract Tower,0,5,19,0,24,0,49,78,0,127,0,54,97,0,151,106,0,106,257
04/17/2023,OGD,UT,ANM,WE,Federal Contract Tower,0,10,30,0,40,0,94,146,0,240,0,104,176,0,280,264,0,264,544
04/18/2023,OGD,UT,ANM,WE,Federal Contract Tower,0,5,12,0,17,0,28,16,0,44,0,33,28,0,61,134,0,134,195
04/19/2023,OGD,UT,ANM,WE,Federal Contract Tower,0,8,27,0,35,0,82,119,2,203,0,90,146,2,238,230,0,230,468
04/20/2023,OGD,UT,ANM,WE,Federal Contract Tower,0,12,20,0,32,0,76,71,0,147,0,88,91,0,179,220,0,220,399
04/21/2023,OGD,UT,ANM,WE,Federal Contract Tower,0,14,13,0,27,0,44,25,0,69,0,58,38,0,96,182,0,182,278
04/22/2023,OGD,UT,ANM,WE,Federal Contract Tower,0,13,29,0,42,0,88,108,0,196,0,101,137,0,238,134,0,134,372
04/23/2023,OGD,UT,ANM,WE,Federal Contract Tower,0,13,21,0,34,0,64,84,0,148,0,77,105,0,182,162,0,162,344
04/24/2023,OGD,UT,ANM,WE,Federal Contract Tower,0,18,22,0,40,0,52,69,0,121,0,70,91,0,161,128,0,128,289
04/25/2023,OGD,UT,ANM,WE,Federal Contract Tower,0,7,32,0,39,0,44,109,0,153,0,51,141,0,192,242,0,242,434
04/26/2023,OGD,UT,ANM,WE,Federal Contract Tower,0,17,39,0,56,0,50,173,0,223,0,67,212,0,279,156,2,158,437
04/27/2023,OGD,UT,ANM,WE,Federal Contract Tower,0,8,39,0,47,0,76,136,0,212,0,84,175,0,259,208,0,208,467
04/28/2023,OGD,UT,ANM,WE,Federal Contract Tower,0,13,44,0,57,0,84,170,0,254,0,97,214,0,311,214,0,214,525
04/29/2023,OGD,UT,ANM,WE,Federal Contract Tower,0,8,18,0,26,0,97,160,0,257,0,105,178,0,283,160,0,160,443
04/30/2023,OGD,UT,ANM,WE,Federal Contract Tower,0,6,16,0,22,0,86,86,0,172,0,92,102,0,194,96,0,96,290
05/01/2023,OGD,UT,ANM,WE,Federal Contract Tower,0,9,28,0,37,0,31,93,0,124,0,40,121,0,161,106,0,106,267
05/02/2023,OGD,UT,ANM,WE,Federal Contract Tower,0,16,31,0,47,0,72,118,0,190,0,88,149,0,237,176,0,176,413
05/03/2023,OGD,UT,ANM,WE,Federal Contract Tower,0,18,34,1,53,0,84,130,1,215,0,102,164,2,268,258,0,258,526
05/04/2023,OGD,UT,ANM,WE,Federal Contract Tower,0,8,22,1,31,0,27,53,0,80,0,35,75,1,111,156,0,156,267
05/05/2023,OGD,UT,ANM,WE,Federal Contract Tower,0,11,29,0,40,0,49,94,0,143,0,60,123,0,183,92,0,92,275
05/06/2023,OGD,UT,ANM,WE,Federal Contract Tower,0,6,17,0,23,0,77,96,0,173,0,83,113,0,196,112,0,112,308
05/07/2023,OGD,UT,ANM,WE,Federal Contract Tower,0,13,23,0,36,0,95,60,0,155,0,108,83,0,191,130,0,130,321
05/08/2023,OGD,UT,ANM,WE,Federal Contract Tower,0,22,26,1,49,0,85,101,0,186,0,107,127,1,235,98,0,98,333
05/09/2023,OGD,UT,ANM,WE,Federal Contract Tower,0,16,33,1,50,0,130,126,1,257,0,146,159,2,307,216,0,216,523
05/10/2023,OGD,UT,ANM,WE,Federal Contract Tower,0,10,27,1,38,0,81,66,1,148,0,91,93,2,186,72,0,72,258
05/11/2023,OGD,UT,ANM,WE,Federal Contract Tower,0,18,37,0,55,0,95,103,0,198,0,113,140,0,253,144,0,144,397
05/12/2023,OGD,UT,ANM,WE,Federal Contract Tower,0,11,25,0,36,0,88,131,0,219,0,99,156,0,255,190,0,190,445
05/13/2023,OGD,UT,ANM,WE,Federal Contract Tower,0,11,13,0,24,0,18,23,0,41,0,29,36,0,65,6,0,6,71
05/14/2023,OGD,UT,ANM,WE,Federal Contract Tower,0,2,8,0,10,0,9,15,0,24,0,11,23,0,34,6,0,6,40
05/15/2023,OGD,UT,ANM,WE,Federal Contract Tower,0,22,18,0,40,0,85,102,0,187,0,107,120,0,227,216,0,216,443
05/16/2023,OGD,UT,ANM,WE,Federal Contract Tower,0,11,32,1,44,0,116,91,3,210,0,127,123,4,254,154,2,156,410
05/17/2023,OGD,UT,ANM,WE,Federal Contract Tower,0,11,31,2,44,0,105,157,0,262,0,116,188,2,306,180,0,180,486
05/18/2023,OGD,UT,ANM,WE,Federal Contract Tower,0,12,33,1,46,0,77,92,2,171,0,89,125,3,217,52,0,52,269
05/19/2023,OGD,UT,ANM,WE,Federal Contract Tower,0,16,42,0,58,0,97,135,0,232,0,113,177,0,290,206,0,206,496
05/20/2023,OGD,UT,ANM,WE,Federal Contract Tower,0,10,11,0,21,0,82,92,0,174,0,92,103,0,195,144,0,144,339
05/21/2023,OGD,UT,ANM,WE,Federal Contract Tower,0,8,12,0,20,0,50,34,0,84,0,58,46,0,104,50,0,50,154
05/22/2023,OGD,UT,ANM,WE,Federal Contract Tower,0,17,26,1,44,0,82,135,1,218,0,99,161,2,262,92,0,92,354
05/23/2023,OGD,UT,ANM,WE,Federal Contract Tower,0,13,31,0,44,0,52,107,0,159,0,65,138,0,203,90,0,90,293
05/24/2023,OGD,UT,ANM,WE,Federal Contract Tower,0,7,31,3,41,0,39,84,0,123,0,46,115,3,164,210,0,210,374
05/25/2023,OGD,UT,ANM,WE,Federal Contract Tower,0,20,16,2,38,0,59,94,2,155,0,79,110,4,193,125,0,125,318
05/26/2023,OGD,UT,ANM,WE,Federal Contract Tower,0,17,28,0,45,0,59,73,0,132,0,76,101,0,177,102,0,102,279
05/27/2023,OGD,UT,ANM,WE,Federal Contract Tower,0,8,10,0,18,0,97,89,0,186,0,105,99,0,204,72,0,72,276
05/28/2023,OGD,UT,ANM,WE,Federal Contract Tower,0,1,9,0,10,0,59,40,0,99,0,60,49,0,109,122,0,122,231
05/29/2023,OGD,UT,ANM,WE,Federal Contract Tower,0,16,9,0,25,0,87,120,0,207,0,103,129,0,232,152,0,152,384
05/30/2023,OGD,UT,ANM,WE,Federal Contract Tower,0,7,33,0,40,0,85,91,2,178,0,92,124,2,218,252,4,256,474
05/31/2023,OGD,UT,ANM,WE,Federal Contract Tower,0,12,39,0,51,0,82,114,0,196,0,94,153,0,247,120,0,120,367
06/01/2023,OGD,UT,ANM,WE,Federal Contract Tower,0,6,27,2,35,0,79,76,1,156,0,85,103,3,191,146,2,148,339
06/02/2023,OGD,UT,ANM,WE,Federal Contract Tower,0,5,32,0,37,0,46,80,0,126,0,51,112,0,163,112,0,112,275
06/03/2023,OGD,UT,ANM,WE,Federal Contract Tower,0,10,17,0,27,0,65,60,0,125,0,75,77,0,152,46,0,46,198
06/04/2023,OGD,UT,ANM,WE,Federal Contract Tower,0,6,12,0,18,0,0,36,32,68,0,6,48,32,86,78,0,78,164
06/05/2023,OGD,UT,ANM,WE,Federal Contract Tower,0,13,39,0,52,0,64,109,0,173,0,77,148,0,225,120,0,120,345
06/06/2023,OGD,UT,ANM,WE,Federal Contract Tower,4,6,32,0,42,0,40,76,2,118,4,46,108,2,160,124,0,124,284
06/07/2023,OGD,UT,ANM,WE,Federal Contract Tower,0,9,37,0,46,0,36,101,0,137,0,45,138,0,183,144,0,144,327
06/08/2023,OGD,UT,ANM,WE,Federal Contract Tower,0,10,22,0,32,0,62,108,0,170,0,72,130,0,202,142,0,142,344
06/09/2023,OGD,UT,ANM,WE,Federal Contract Tower,0,17,27,0,44,0,74,110,0,184,0,91,137,0,228,160,0,160,388
06/10/2023,OGD,UT,ANM,WE,Federal Contract Tower,0,7,23,0,30,0,60,121,0,181,0,67,144,0,211,88,0,88,299
06/11/2023,OGD,UT,ANM,WE,Federal Contract Tower,0,12,19,0,31,0,24,55,0,79,0,36,74,0,110,36,0,36,146
06/12/2023,OGD,UT,ANM,WE,Federal Contract Tower,0,14,46,0,60,0,44,91,0,135,0,58,137,0,195,94,0,94,289
06/13/2023,OGD,UT,ANM,WE,Federal Contract Tower,0,18,36,0,54,0,56,105,0,161,0,74,141,0,215,106,0,106,321
06/14/2023,OGD,UT,ANM,WE,Federal Contract Tower,0,9,37,0,46,0,53,113,0,166,0,62,150,0,212,120,0,120,332
06/15/2023,OGD,UT,ANM,WE,Federal Contract Tower,0,21,26,0,47,0,49,91,0,140,0,70,117,0,187,82,0,82,269
06/16/2023,OGD,UT,ANM,WE,Federal Contract Tower,0,21,38,1,60,0,58,134,0,192,0,79,172,1,252,84,0,84,336
06/17/2023,OGD,UT,ANM,WE,Federal Contract Tower,0,12,30,0,42,0,55,103,0,158,0,67,133,0,200,128,0,128,328
06/18/2023,OGD,UT,ANM,WE,Federal Contract Tower,0,7,9,0,16,0,19,22,0,41,0,26,31,0,57,24,0,24,81
06/19/2023,OGD,UT,ANM,WE,Federal Contract Tower,0,25,19,0,44,0,48,69,0,117,0,73,88,0,161,62,0,62,223
06/20/2023,OGD,UT,ANM,WE,Federal Contract Tower,0,24,40,2,66,0,66,109,2,177,0,90,149,4,243,190,0,190,433
06/21/2023,OGD,UT,ANM,WE,Federal Contract Tower,0,23,54,0,77,0,65,139,0,204,0,88,193,0,281,200,4,204,485
06/22/2023,OGD,UT,ANM,WE,Federal Contract Tower,0,22,45,0,67,0,44,142,0,186,0,66,187,0,253,172,0,172,425
06/23/2023,OGD,UT,ANM,WE,Federal Contract Tower,0,21,13,0,34,0,24,90,2,116,0,45,103,2,150,34,0,34,184
06/24/2023,OGD,UT,ANM,WE,Federal Contract Tower,2,7,15,1,25,0,60,127,1,188,2,67,142,2,213,94,0,94,307
06/25/2023,OGD,UT,ANM,WE,Federal Contract Tower,0,20,22,0,42,0,51,70,0,121,0,71,92,0,163,82,0,82,245
06/26/2023,OGD,UT,ANM,WE,Federal Contract Tower,1,19,36,1,57,0,81,82,1,164,1,100,118,2,221,124,0,124,345
06/27/2023,OGD,UT,ANM,WE,Federal Contract Tower,1,19,59,0,79,0,76,168,0,244,1,95,227,0,323,124,0,124,447
06/28/2023,OGD,UT,ANM,WE,Federal Contract Tower,0,19,44,0,63,0,42,117,0,159,0,61,161,0,222,198,0,198,420
06/29/2023,OGD,UT,ANM,WE,Federal Contract Tower,1,21,45,1,68,0,30,150,0,180,1,51,195,1,248,178,0,178,426
06/30/2023,OGD,UT,ANM,WE,Federal Contract Tower,0,22,53,0,75,0,80,136,2,218,0,102,189,2,293,218,0,218,511
07/01/2023,OGD,UT,ANM,WE,Federal Contract Tower,0,11,13,0,24,0,59,163,1,223,0,70,176,1,247,82,0,82,329
07/02/2023,OGD,UT,ANM,WE,Federal Contract Tower,0,7,14,0,21,0,20,58,0,78,0,27,72,0,99,28,0,28,127
07/03/2023,OGD,UT,ANM,WE,Federal Contract Tower,0,17,25,0,42,0,70,126,0,196,0,87,151,0,238,100,0,100,338
07/04/2023,OGD,UT,ANM,WE,Federal Contract Tower,0,2,13,0,15,0,12,39,0,51,0,14,52,0,66,56,0,56,122
07/05/2023,OGD,UT,ANM,WE,Federal Contract Tower,1,6,49,2,58,0,49,129,3,181,1,55,178,5,239,228,0,228,467
07/06/2023,OGD,UT,ANM,WE,Federal Contract Tower,0,10,34,0,44,0,57,135,0,192,0,67,169,0,236,200,0,200,436
07/07/2023,OGD,UT,ANM,WE,Federal Contract Tower,0,14,46,0,60,0,54,157,0,211,0,68,203,0,271,176,0,176,447
07/08/2023,OGD,UT,ANM,WE,Federal Contract Tower,0,18,28,0,46,0,52,135,0,187,0,70,163,0,233,118,0,118,351
07/09/2023,OGD,UT,ANM,WE,Federal Contract Tower,0,15,16,0,31,0,36,70,0,106,0,51,86,0,137,46,0,46,183
07/10/2023,OGD,UT,ANM,WE,Federal Contract Tower,0,34,31,0,65,0,48,101,0,149,0,82,132,0,214,56,0,56,270
07/11/2023,OGD,UT,ANM,WE,Federal Contract Tower,0,6,42,0,48,0,43,123,0,166,0,49,165,0,214,120,0,120,334
07/12/2023,OGD,UT,ANM,WE,Federal Contract Tower,0,14,36,2,52,0,56,134,1,191,0,70,170,3,243,160,0,160,403
07/13/2023,OGD,UT,ANM,WE,Federal Contract Tower,0,25,52,0,77,0,85,151,0,236,0,110,203,0,313,190,0,190,503
07/14/2023,OGD,UT,ANM,WE,Federal Contract Tower,0,32,46,0,78,0,73,143,0,216,0,105,189,0,294,180,0,180,474
07/15/2023,OGD,UT,ANM,WE,Federal Contract Tower,0,19,24,0,43,0,61,119,0,180,0,80,143,0,223,226,0,226,449
07/16/2023,OGD,UT,ANM,WE,Federal Contract Tower,0,16,7,0,23,0,33,53,0,86,0,49,60,0,109,96,0,96,205
07/17/2023,OGD,UT,ANM,WE,Federal Contract Tower,0,17,38,0,55,0,61,123,0,184,0,78,161,0,239,168,0,168,407
07/18/2023,OGD,UT,ANM,WE,Federal Contract Tower,0,5,26,0,31,0,18,60,0,78,0,23,86,0,109,38,0,38,147
07/19/2023,OGD,UT,ANM,WE,Federal Contract Tower,0,14,28,2,44,0,44,105,0,149,0,58,133,2,193,86,0,86,279
07/20/2023,OGD,UT,ANM,WE,Federal Contract Tower,0,16,45,0,61,0,49,153,0,202,0,65,198,0,263,220,0,220,483
07/21/2023,OGD,UT,ANM,WE,Federal Contract Tower,0,15,48,0,63,0,47,130,0,177,0,62,178,0,240,110,0,110,350
07/22/2023,OGD,UT,ANM,WE,Federal Contract Tower,0,11,22,0,33,0,45,102,0,147,0,56,124,0,180,64,0,64,244
07/23/2023,OGD,UT,ANM,WE,Federal Contract Tower,0,7,15,0,22,0,17,57,1,75,0,24,72,1,97,20,0,20,117
07/24/2023,OGD,UT,ANM,WE,Federal Contract Tower,0,16,21,0,37,0,30,76,0,106,0,46,97,0,143,50,0,50,193
07/25/2023,OGD,UT,ANM,WE,Federal Contract Tower,0,15,57,0,72,0,70,158,0,228,0,85,215,0,300,184,0,184,484
07/26/2023,OGD,UT,ANM,WE,Federal Contract Tower,0,15,32,0,47,0,62,104,3,169,0,77,136,3,216,174,0,174,390
07/27/2023,OGD,UT,ANM,WE,Federal Contract Tower,0,20,36,1,57,0,55,128,0,183,0,75,164,1,240,160,0,160,400
07/28/2023,OGD,UT,ANM,WE,Federal Contract Tower,0,16,43,0,59,0,42,139,0,181,0,58,182,0,240,118,0,118,358
07/29/2023,OGD,UT,ANM,WE,Federal Contract Tower,0,19,17,0,36,0,53,80,0,133,0,72,97,0,169,64,0,64,233
07/30/2023,OGD,UT,ANM,WE,Federal Contract Tower,1,14,12,0,27,0,42,64,0,106,1,56,76,0,133,80,0,80,213
07/31/2023,OGD,UT,ANM,WE,Federal Contract Tower,0,27,36,1,64,0,58,106,1,165,0,85,142,2,229,140,0,140,369
08/01/2023,OGD,UT,ANM,WE,Federal Contract Tower,0,11,29,1,41,0,51,109,0,160,0,62,138,1,201,156,0,156,357
08/02/2023,OGD,UT,ANM,WE,Federal Contract Tower,0,6,17,2,25,0,27,71,0,98,0,33,88,2,123,134,0,134,257
08/03/2023,OGD,UT,ANM,WE,Federal Contract Tower,0,22,36,0,58,0,15,58,0,73,0,37,94,0,131,70,0,70,201
08/04/2023,OGD,UT,ANM,WE,Federal Contract Tower,0,22,45,0,67,0,110,164,0,274,0,132,209,0,341,80,0,80,421
08/05/2023,OGD,UT,ANM,WE,Federal Contract Tower,0,13,16,1,30,0,53,107,0,160,0,66,123,1,190,92,0,92,282
08/06/2023,OGD,UT,ANM,WE,Federal Contract Tower,0,5,10,1,16,0,19,37,0,56,0,24,47,1,72,42,0,42,114
08/07/2023,OGD,UT,ANM,WE,Federal Contract Tower,0,14,43,1,58,0,79,114,0,193,0,93,157,1,251,138,0,138,389
08/08/2023,OGD,UT,ANM,WE,Federal Contract Tower,0,18,43,0,61,0,85,120,1,206,0,103,163,1,267,184,0,184,451
08/09/2023,OGD,UT,ANM,WE,Federal Contract Tower,0,19,35,0,54,0,47,85,0,132,0,66,120,0,186,170,0,170,356
08/10/2023,OGD,UT,ANM,WE,Federal Contract Tower,0,19,22,0,41,0,5,28,0,33,0,24,50,0,74,82,0,82,156
08/11/2023,OGD,UT,ANM,WE,Federal Contract Tower,0,21,29,1,51,0,146,134,0,280,0,167,163,1,331,212,0,212,543
08/12/2023,OGD,UT,ANM,WE,Federal Contract Tower,0,17,28,0,45,0,103,103,0,206,0,120,131,0,251,112,0,112,363
08/13/2023,OGD,UT,ANM,WE,Federal Contract Tower,0,34,20,0,54,0,84,64,0,148,0,118,84,0,202,46,0,46,248
08/14/2023,OGD,UT,ANM,WE,Federal Contract Tower,0,32,58,0,90,0,93,129,0,222,0,125,187,0,312,82,0,82,394
08/15/2023,OGD,UT,ANM,WE,Federal Contract Tower,0,15,31,0,46,0,112,122,0,234,0,127,153,0,280,78,0,78,358
08/16/2023,OGD,UT,ANM,WE,Federal Contract Tower,0,21,48,0,69,0,102,116,0,218,0,123,164,0,287,96,0,96,383
08/17/2023,OGD,UT,ANM,WE,Federal Contract Tower,4,18,46,0,68,0,52,92,0,144,4,70,138,0,212,78,0,78,290
08/18/2023,OGD,UT,ANM,WE,Federal Contract Tower,0,15,65,0,80,0,114,169,0,283,0,129,234,0,363,174,0,174,537
08/19/2023,OGD,UT,ANM,WE,Federal Contract Tower,0,15,18,0,33,0,77,76,0,153,0,92,94,0,186,182,0,182,368
08/20/2023,OGD,UT,ANM,WE,Federal Contract Tower,0,22,19,2,43,0,107,38,0,145,0,129,57,2,188,220,0,220,408
08/21/2023,OGD,UT,ANM,WE,Federal Contract Tower,0,16,7,0,23,0,21,50,0,71,0,37,57,0,94,98,0,98,192
08/22/2023,OGD,UT,ANM,WE,Federal Contract Tower,0,10,21,0,31,0,31,37,0,68,0,41,58,0,99,106,0,106,205
08/23/2023,OGD,UT,ANM,WE,Federal Contract Tower,0,18,50,1,69,0,63,137,1,201,0,81,187,2,270,188,0,188,458
08/24/2023,OGD,UT,ANM,WE,Federal Contract Tower,0,38,56,0,94,0,147,162,0,309,0,185,218,0,403,316,0,316,719
08/25/2023,OGD,UT,ANM,WE,Federal Contract Tower,0,11,37,0,48,0,98,116,0,214,0,109,153,0,262,106,0,106,368
08/26/2023,OGD,UT,ANM,WE,Federal Contract Tower,0,10,14,0,24,0,42,79,0,121,0,52,93,0,145,88,0,88,233
08/27/2023,OGD,UT,ANM,WE,Federal Contract Tower,0,13,10,0,23,0,52,54,0,106,0,65,64,0,129,24,0,24,153
08/28/2023,OGD,UT,ANM,WE,Federal Contract Tower,0,16,57,0,73,0,52,143,0,195,0,68,200,0,268,200,0,200,468
08/29/2023,OGD,UT,ANM,WE,Federal Contract Tower,0,17,48,0,65,0,60,141,0,201,0,77,189,0,266,102,0,102,368
08/30/2023,OGD,UT,ANM,WE,Federal Contract Tower,0,14,49,0,63,0,87,144,0,231,0,101,193,0,294,234,0,234,528
08/31/2023,OGD,UT,ANM,WE,Federal Contract Tower,0,32,45,0,77,0,92,154,0,246,0,124,199,0,323,244,0,244,567
01/01/2020,OGD,UT,ANM,WE,Federal Contract Tower,0,0,0,0,0,0,0,0,0,0,0,0,0,0,0,0,0,0,0
01/02/2020,OGD,UT,ANM,WE,Federal Contract Tower,0,0,51,0,51,0,0,94,0,94,0,0,145,0,145,94,0,94,239
01/03/2020,OGD,UT,ANM,WE,Federal Contract Tower,2,0,46,0,48,0,2,202,0,204,2,2,248,0,252,214,0,214,466
01/04/2020,OGD,UT,ANM,WE,Federal Contract Tower,0,2,36,0,38,0,4,168,0,172,0,6,204,0,210,80,0,80,290
01/05/2020,OGD,UT,ANM,WE,Federal Contract Tower,0,3,9,0,12,0,2,39,0,41,0,5,48,0,53,120,0,120,173
01/06/2020,OGD,UT,ANM,WE,Federal Contract Tower,2,0,34,0,36,0,9,201,0,210,2,9,235,0,246,156,0,156,402
01/07/2020,OGD,UT,ANM,WE,Federal Contract Tower,0,0,70,0,70,0,8,247,0,255,0,8,317,0,325,170,4,174,499
01/08/2020,OGD,UT,ANM,WE,Federal Contract Tower,0,2,19,1,22,0,1,129,1,131,0,3,148,2,153,106,0,106,259
01/09/2020,OGD,UT,ANM,WE,Federal Contract Tower,0,0,14,0,14,0,4,134,0,138,0,4,148,0,152,85,0,85,237
01/10/2020,OGD,UT,ANM,WE,Federal Contract Tower,2,0,81,0,83,0,5,277,0,282,2,5,358,0,365,176,0,176,541
01/11/2020,OGD,UT,ANM,WE,Federal Contract Tower,0,0,9,0,9,0,0,34,0,34,0,0,43,0,43,44,0,44,87
01/12/2020,OGD,UT,ANM,WE,Federal Contract Tower,0,0,6,0,6,0,1,3,0,4,0,1,9,0,10,0,0,0,10
01/13/2020,OGD,UT,ANM,WE,Federal Contract Tower,2,0,30,0,32,0,1,118,0,119,2,1,148,0,151,68,0,68,219
01/14/2020,OGD,UT,ANM,WE,Federal Contract Tower,0,0,8,0,8,0,0,112,0,112,0,0,120,0,120,52,0,52,172
01/15/2020,OGD,UT,ANM,WE,Federal Contract Tower,0,0,53,0,53,0,11,231,0,242,0,11,284,0,295,116,2,118,413
01/16/2020,OGD,UT,ANM,WE,Federal Contract Tower,0,3,41,0,44,0,4,137,0,141,0,7,178,0,185,92,0,92,277
01/17/2020,OGD,UT,ANM,WE,Federal Contract Tower,2,2,27,0,31,0,1,86,0,87,2,3,113,0,118,36,0,36,154
01/18/2020,OGD,UT,ANM,WE,Federal Contract Tower,0,0,40,0,40,0,7,152,0,159,0,7,192,0,199,122,0,122,321
01/19/2020,OGD,UT,ANM,WE,Federal Contract Tower,0,3,27,0,30,0,4,92,0,96,0,7,119,0,126,110,0,110,236
01/20/2020,OGD,UT,ANM,WE,Federal Contract Tower,2,1,57,0,60,0,14,245,0,259,2,15,302,0,319,146,0,146,465
01/21/2020,OGD,UT,ANM,WE,Federal Contract Tower,0,0,49,0,49,0,11,186,0,197,0,11,235,0,246,230,0,230,476
01/22/2020,OGD,UT,ANM,WE,Federal Contract Tower,0,2,4,0,6,0,0,32,0,32,0,2,36,0,38,136,0,136,174
01/23/2020,OGD,UT,ANM,WE,Federal Contract Tower,0,1,61,0,62,0,3,160,0,163,0,4,221,0,225,141,0,141,366
01/24/2020,OGD,UT,ANM,WE,Federal Contract Tower,2,0,28,0,30,0,3,82,0,85,2,3,110,0,115,112,0,112,227
01/25/2020,OGD,UT,ANM,WE,Federal Contract Tower,0,1,8,0,9,0,3,2,0,5,0,4,10,0,14,10,0,10,24
01/26/2020,OGD,UT,ANM,WE,Federal Contract Tower,0,1,4,0,5,0,6,18,0,24,0,7,22,0,29,0,0,0,29
01/27/2020,OGD,UT,ANM,WE,Federal Contract Tower,2,1,33,0,36,0,5,171,0,176,2,6,204,0,212,246,0,246,458
01/28/2020,OGD,UT,ANM,WE,Federal Contract Tower,0,2,38,1,41,0,6,154,1,161,0,8,192,2,202,230,0,230,432
01/29/2020,OGD,UT,ANM,WE,Federal Contract Tower,0,0,45,0,45,0,4,142,0,146,0,4,187,0,191,130,0,130,321
01/30/2020,OGD,UT,ANM,WE,Federal Contract Tower,0,2,8,0,10,0,0,37,0,37,0,2,45,0,47,26,0,26,73
01/31/2020,OGD,UT,ANM,WE,Federal Contract Tower,2,0,50,0,52,0,12,210,0,222,2,12,260,0,274,198,0,198,472
02/01/2020,OGD,UT,ANM,WE,Federal Contract Tower,0,2,43,0,45,0,3,203,0,206,0,5,246,0,251,90,0,90,341
02/02/2020,OGD,UT,ANM,WE,Federal Contract Tower,0,0,21,0,21,0,1,68,0,69,0,1,89,0,90,52,0,52,142
02/03/2020,OGD,UT,ANM,WE,Federal Contract Tower,2,1,3,0,6,0,1,0,0,1,2,2,3,0,7,0,0,0,7
02/04/2020,OGD,UT,ANM,WE,Federal Contract Tower,0,3,52,0,55,0,16,273,0,289,0,19,325,0,344,165,0,165,509
02/05/2020,OGD,UT,ANM,WE,Federal Contract Tower,0,5,3,0,8,0,0,4,0,4,0,5,7,0,12,54,0,54,66
02/06/2020,OGD,UT,ANM,WE,Federal Contract Tower,0,2,20,0,22,0,0,19,0,19,0,2,39,0,41,48,0,48,89
02/07/2020,OGD,UT,ANM,WE,Federal Contract Tower,2,4,38,0,44,0,8,189,0,197,2,12,227,0,241,156,0,156,397
02/08/2020,OGD,UT,ANM,WE,Federal Contract Tower,0,0,33,0,33,0,2,134,0,136,0,2,167,0,169,26,0,26,195
02/09/2020,OGD,UT,ANM,WE,Federal Contract Tower,0,0,38,0,38,0,3,149,0,152,0,3,187,0,190,52,0,52,242
02/10/2020,OGD,UT,ANM,WE,Federal Contract Tower,2,4,47,0,53,0,2,155,0,157,2,6,202,0,210,104,0,104,314
02/11/2020,OGD,UT,ANM,WE,Federal Contract Tower,0,5,65,1,71,0,3,242,1,246,0,8,307,2,317,172,0,172,489
02/12/2020,OGD,UT,ANM,WE,Federal Contract Tower,0,1,62,1,64,0,11,246,0,257,0,12,308,1,321,140,0,140,461
02/13/2020,OGD,UT,ANM,WE,Federal Contract Tower,0,0,54,0,54,0,6,214,0,220,0,6,268,0,274,182,0,182,456
02/14/2020,OGD,UT,ANM,WE,Federal Contract Tower,2,0,59,0,61,0,5,206,0,211,2,5,265,0,272,84,0,84,356
02/15/2020,OGD,UT,ANM,WE,Federal Contract Tower,0,0,35,0,35,0,8,145,0,153,0,8,180,0,188,98,0,98,286
02/16/2020,OGD,UT,ANM,WE,Federal Contract Tower,0,0,5,0,5,0,0,0,0,0,0,0,5,0,5,0,0,0,5
02/17/2020,OGD,UT,ANM,WE,Federal Contract Tower,2,0,45,0,47,0,9,220,0,229,2,9,265,0,276,192,0,192,468
02/18/2020,OGD,UT,ANM,WE,Federal Contract Tower,0,1,63,0,64,0,7,232,0,239,0,8,295,0,303,120,0,120,423
02/19/2020,OGD,UT,ANM,WE,Federal Contract Tower,0,4,50,0,54,0,4,197,0,201,0,8,247,0,255,82,0,82,337
02/20/2020,OGD,UT,ANM,WE,Federal Contract Tower,0,3,75,0,78,0,6,230,0,236,0,9,305,0,314,149,0,149,463
02/21/2020,OGD,UT,ANM,WE,Federal Contract Tower,2,0,49,0,51,0,6,200,0,206,2,6,249,0,257,124,0,124,381
02/22/2020,OGD,UT,ANM,WE,Federal Contract Tower,0,0,32,0,32,0,1,154,0,155,0,1,186,0,187,78,0,78,265
02/23/2020,OGD,UT,ANM,WE,Federal Contract Tower,0,0,24,0,24,0,4,77,0,81,0,4,101,0,105,68,0,68,173
02/24/2020,OGD,UT,ANM,WE,Federal Contract Tower,2,0,51,0,53,0,6,158,0,164,2,6,209,0,217,188,0,188,405
02/25/2020,OGD,UT,ANM,WE,Federal Contract Tower,0,5,69,0,74,0,3,263,0,266,0,8,332,0,340,174,0,174,514
02/26/2020,OGD,UT,ANM,WE,Federal Contract Tower,0,2,54,0,56,0,2,213,0,215,0,4,267,0,271,122,0,122,393
02/27/2020,OGD,UT,ANM,WE,Federal Contract Tower,0,1,63,0,64,0,3,189,0,192,0,4,252,0,256,144,0,144,400
02/28/2020,OGD,UT,ANM,WE,Federal Contract Tower,2,0,58,0,60,0,4,298,0,302,2,4,356,0,362,114,0,114,476
02/29/2020,OGD,UT,ANM,WE,Federal Contract Tower,0,1,28,0,29,0,3,152,0,155,0,4,180,0,184,96,0,96,280
03/01/2020,OGD,UT,ANM,WE,Federal Contract Tower,0,2,4,0,6,0,0,1,0,1,0,2,5,0,7,0,0,0,7
03/02/2020,OGD,UT,ANM,WE,Federal Contract Tower,2,0,53,1,56,0,9,190,1,200,2,9,243,2,256,106,0,106,362
03/03/2020,OGD,UT,ANM,WE,Federal Contract Tower,0,3,64,0,67,0,5,194,0,199,0,8,258,0,266,98,0,98,364
03/04/2020,OGD,UT,ANM,WE,Federal Contract Tower,0,0,56,0,56,0,11,200,0,211,0,11,256,0,267,84,0,84,351
03/05/2020,OGD,UT,ANM,WE,Federal Contract Tower,0,1,62,0,63,0,3,261,0,264,0,4,323,0,327,150,0,150,477
03/06/2020,OGD,UT,ANM,WE,Federal Contract Tower,2,6,46,0,54,0,9,148,0,157,2,15,194,0,211,74,0,74,285
03/07/2020,OGD,UT,ANM,WE,Federal Contract Tower,0,0,20,0,20,0,7,33,0,40,0,7,53,0,60,10,0,10,70
03/08/2020,OGD,UT,ANM,WE,Federal Contract Tower,0,3,7,0,10,0,6,27,0,33,0,9,34,0,43,0,0,0,43
03/09/2020,OGD,UT,ANM,WE,Federal Contract Tower,2,1,58,0,61,0,4,244,0,248,2,5,302,0,309,98,0,98,407
03/10/2020,OGD,UT,ANM,WE,Federal Contract Tower,0,0,66,1,67,0,6,230,0,236,0,6,296,1,303,148,0,148,451
03/11/2020,OGD,UT,ANM,WE,Federal Contract Tower,0,4,44,2,50,0,6,183,1,190,0,10,227,3,240,222,8,230,470
03/12/2020,OGD,UT,ANM,WE,Federal Contract Tower,0,4,52,1,57,0,4,170,1,175,0,8,222,2,232,202,0,202,434
03/13/2020,OGD,UT,ANM,WE,Federal Contract Tower,2,3,39,0,44,0,4,168,0,172,2,7,207,0,216,62,0,62,278
03/14/2020,OGD,UT,ANM,WE,Federal Contract Tower,0,0,4,0,4,0,2,4,0,6,0,2,8,0,10,0,0,0,10
03/15/2020,OGD,UT,ANM,WE,Federal Contract Tower,0,1,11,0,12,0,3,21,0,24,0,4,32,0,36,0,0,0,36
03/16/2020,OGD,UT,ANM,WE,Federal Contract Tower,2,4,53,0,59,0,2,226,0,228,2,6,279,0,287,166,0,166,453
03/17/2020,OGD,UT,ANM,WE,Federal Contract Tower,0,1,39,0,40,0,4,151,0,155,0,5,190,0,195,142,0,142,337
03/18/2020,OGD,UT,ANM,WE,Federal Contract Tower,0,6,13,0,19,0,19,90,0,109,0,25,103,0,128,126,0,126,254
03/19/2020,OGD,UT,ANM,WE,Federal Contract Tower,0,0,10,0,10,0,3,78,0,81,0,3,88,0,91,190,0,190,281
03/20/2020,OGD,UT,ANM,WE,Federal Contract Tower,2,0,15,0,17,0,6,108,0,114,2,6,123,0,131,172,0,172,303
03/21/2020,OGD,UT,ANM,WE,Federal Contract Tower,0,0,40,0,40,0,2,162,0,164,0,2,202,0,204,76,0,76,280
03/22/2020,OGD,UT,ANM,WE,Federal Contract Tower,0,0,49,0,49,0,6,170,0,176,0,6,219,0,225,106,0,106,331
03/23/2020,OGD,UT,ANM,WE,Federal Contract Tower,2,4,35,0,41,0,3,157,0,160,2,7,192,0,201,116,0,116,317
03/24/2020,OGD,UT,ANM,WE,Federal Contract Tower,0,2,8,0,10,0,0,77,0,77,0,2,85,0,87,122,0,122,209
03/25/2020,OGD,UT,ANM,WE,Federal Contract Tower,0,1,7,0,8,0,2,95,0,97,0,3,102,0,105,186,0,186,291
03/26/2020,OGD,UT,ANM,WE,Federal Contract Tower,0,0,46,1,47,0,3,164,2,169,0,3,210,3,216,82,0,82,298
03/27/2020,OGD,UT,ANM,WE,Federal Contract Tower,0,0,70,0,70,0,4,190,0,194,0,4,260,0,264,116,0,116,380
03/28/2020,OGD,UT,ANM,WE,Federal Contract Tower,0,0,25,0,25,0,4,92,0,96,0,4,117,0,121,52,0,52,173
03/29/2020,OGD,UT,ANM,WE,Federal Contract Tower,0,0,13,0,13,0,1,88,0,89,0,1,101,0,102,34,0,34,136
03/30/2020,OGD,UT,ANM,WE,Federal Contract Tower,0,0,35,0,35,0,9,123,0,132,0,9,158,0,167,118,0,118,285
03/31/2020,OGD,UT,ANM,WE,Federal Contract Tower,0,0,27,3,30,0,2,91,3,96,0,2,118,6,126,58,0,58,184
04/01/2020,OGD,UT,ANM,WE,Federal Contract Tower,0,0,42,0,42,0,1,160,0,161,0,1,202,0,203,118,0,118,321
04/02/2020,OGD,UT,ANM,WE,Federal Contract Tower,0,0,32,0,32,0,2,142,0,144,0,2,174,0,176,158,0,158,334
04/03/2020,OGD,UT,ANM,WE,Federal Contract Tower,0,0,45,0,45,0,6,225,0,231,0,6,270,0,276,54,0,54,330
04/04/2020,OGD,UT,ANM,WE,Federal Contract Tower,0,0,21,0,21,0,2,107,0,109,0,2,128,0,130,80,0,80,210
04/05/2020,OGD,UT,ANM,WE,Federal Contract Tower,0,0,10,0,10,0,0,37,0,37,0,0,47,0,47,16,0,16,63
04/06/2020,OGD,UT,ANM,WE,Federal Contract Tower,0,0,11,0,11,0,2,62,0,64,0,2,73,0,75,42,0,42,117
04/07/2020,OGD,UT,ANM,WE,Federal Contract Tower,0,0,55,1,56,0,3,228,0,231,0,3,283,1,287,118,0,118,405
04/08/2020,OGD,UT,ANM,WE,Federal Contract Tower,0,0,54,1,55,0,3,208,1,212,0,3,262,2,267,96,0,96,363
04/09/2020,OGD,UT,ANM,WE,Federal Contract Tower,0,2,41,3,46,0,2,155,5,162,0,4,196,8,208,66,0,66,274
04/10/2020,OGD,UT,ANM,WE,Federal Contract Tower,0,2,44,0,46,0,2,206,0,208,0,4,250,0,254,90,0,90,344
04/11/2020,OGD,UT,ANM,WE,Federal Contract Tower,0,0,16,1,17,0,0,115,1,116,0,0,131,2,133,30,4,34,167
04/12/2020,OGD,UT,ANM,WE,Federal Contract Tower,0,2,12,0,14,0,2,37,0,39,0,4,49,0,53,26,0,26,79
04/13/2020,OGD,UT,ANM,WE,Federal Contract Tower,0,0,31,0,31,0,6,98,0,104,0,6,129,0,135,60,0,60,195
04/14/2020,OGD,UT,ANM,WE,Federal Contract Tower,0,0,48,0,48,0,8,240,0,248,0,8,288,0,296,94,0,94,390
04/15/2020,OGD,UT,ANM,WE,Federal Contract Tower,0,0,11,0,11,0,4,57,0,61,0,4,68,0,72,76,0,76,148
04/16/2020,OGD,UT,ANM,WE,Federal Contract Tower,0,0,53,0,53,0,3,165,0,168,0,3,218,0,221,124,0,124,345
04/17/2020,OGD,UT,ANM,WE,Federal Contract Tower,0,3,41,0,44,0,8,254,0,262,0,11,295,0,306,210,0,210,516
04/18/2020,OGD,UT,ANM,WE,Federal Contract Tower,0,0,18,0,18,0,10,169,0,179,0,10,187,0,197,54,0,54,251
04/19/2020,OGD,UT,ANM,WE,Federal Contract Tower,0,0,14,0,14,0,1,90,0,91,0,1,104,0,105,28,0,28,133
04/20/2020,OGD,UT,ANM,WE,Federal Contract Tower,0,0,65,0,65,0,3,263,0,266,0,3,328,0,331,104,0,104,435
04/21/2020,OGD,UT,ANM,WE,Federal Contract Tower,0,0,62,0,62,0,3,235,0,238,0,3,297,0,300,114,0,114,414
04/22/2020,OGD,UT,ANM,WE,Federal Contract Tower,0,0,46,0,46,0,1,163,0,164,0,1,209,0,210,100,0,100,310
04/23/2020,OGD,UT,ANM,WE,Federal Contract Tower,0,0,38,0,38,0,0,156,0,156,0,0,194,0,194,70,0,70,264
04/24/2020,OGD,UT,ANM,WE,Federal Contract Tower,0,2,64,0,66,0,2,291,0,293,0,4,355,0,359,124,0,124,483
04/25/2020,OGD,UT,ANM,WE,Federal Contract Tower,0,0,33,0,33,0,2,148,0,150,0,2,181,0,183,60,0,60,243
04/26/2020,OGD,UT,ANM,WE,Federal Contract Tower,0,0,17,0,17,0,0,89,0,89,0,0,106,0,106,110,0,110,216
04/27/2020,OGD,UT,ANM,WE,Federal Contract Tower,0,0,55,0,55,0,7,200,0,207,0,7,255,0,262,136,0,136,398
04/28/2020,OGD,UT,ANM,WE,Federal Contract Tower,0,0,65,2,67,0,7,227,3,237,0,7,292,5,304,220,0,220,524
04/29/2020,OGD,UT,ANM,WE,Federal Contract Tower,0,0,64,0,64,0,6,262,0,268,0,6,326,0,332,99,0,99,431
04/30/2020,OGD,UT,ANM,WE,Federal Contract Tower,0,0,38,0,38,0,4,175,0,179,0,4,213,0,217,90,0,90,307
05/01/2020,OGD,UT,ANM,WE,Federal Contract Tower,0,2,42,0,44,0,8,142,0,150,0,10,184,0,194,248,0,248,442
05/02/2020,OGD,UT,ANM,WE,Federal Contract Tower,0,2,14,0,16,0,6,114,0,120,0,8,128,0,136,144,0,144,280
05/03/2020,OGD,UT,ANM,WE,Federal Contract Tower,0,2,10,2,14,0,4,55,0,59,0,6,65,2,73,70,8,78,151
05/04/2020,OGD,UT,ANM,WE,Federal Contract Tower,0,0,64,0,64,0,2,220,0,222,0,2,284,0,286,130,0,130,416
05/05/2020,OGD,UT,ANM,WE,Federal Contract Tower,0,0,60,0,60,0,5,234,0,239,0,5,294,0,299,140,0,140,439
05/06/2020,OGD,UT,ANM,WE,Federal Contract Tower,0,1,42,0,43,0,6,143,4,153,0,7,185,4,196,68,0,68,264
05/07/2020,OGD,UT,ANM,WE,Federal Contract Tower,0,0,75,0,75,0,6,183,2,191,0,6,258,2,266,40,0,40,306
05/08/2020,OGD,UT,ANM,WE,Federal Contract Tower,0,0,58,0,58,0,11,211,0,222,0,11,269,0,280,162,0,162,442
05/09/2020,OGD,UT,ANM,WE,Federal Contract Tower,0,2,19,0,21,0,5,153,0,158,0,7,172,0,179,110,0,110,289
05/10/2020,OGD,UT,ANM,WE,Federal Contract Tower,0,0,14,0,14,0,2,68,0,70,0,2,82,0,84,80,0,80,164
05/11/2020,OGD,UT,ANM,WE,Federal Contract Tower,0,0,50,0,50,0,8,170,0,178,0,8,220,0,228,74,0,74,302
05/12/2020,OGD,UT,ANM,WE,Federal Contract Tower,0,4,70,0,74,0,5,202,1,208,0,9,272,1,282,266,0,266,548
05/13/2020,OGD,UT,ANM,WE,Federal Contract Tower,0,0,66,0,66,0,1,184,1,186,0,1,250,1,252,176,0,176,428
05/14/2020,OGD,UT,ANM,WE,Federal Contract Tower,0,0,63,0,63,0,11,169,1,181,0,11,232,1,244,185,0,185,429
05/15/2020,OGD,UT,ANM,WE,Federal Contract Tower,0,0,49,0,49,0,7,219,0,226,0,7,268,0,275,238,0,238,513
05/16/2020,OGD,UT,ANM,WE,Federal Contract Tower,0,0,15,0,15,0,1,121,0,122,0,1,136,0,137,88,0,88,225
05/17/2020,OGD,UT,ANM,WE,Federal Contract Tower,0,0,4,1,5,0,16,12,0,28,0,16,16,1,33,0,0,0,33
05/18/2020,OGD,UT,ANM,WE,Federal Contract Tower,0,2,4,0,6,0,6,29,0,35,0,8,33,0,41,38,0,38,79
05/19/2020,OGD,UT,ANM,WE,Federal Contract Tower,0,2,39,0,41,0,2,118,0,120,0,4,157,0,161,178,0,178,339
05/20/2020,OGD,UT,ANM,WE,Federal Contract Tower,0,1,25,0,26,0,7,81,0,88,0,8,106,0,114,106,0,106,220
05/21/2020,OGD,UT,ANM,WE,Federal Contract Tower,0,0,52,0,52,0,9,201,0,210,0,9,253,0,262,207,0,207,469
05/22/2020,OGD,UT,ANM,WE,Federal Contract Tower,0,0,21,0,21,0,6,124,0,130,0,6,145,0,151,188,0,188,339
05/23/2020,OGD,UT,ANM,WE,Federal Contract Tower,0,0,15,0,15,0,13,66,0,79,0,13,81,0,94,64,0,64,158
05/24/2020,OGD,UT,ANM,WE,Federal Contract Tower,0,0,15,0,15,0,0,74,0,74,0,0,89,0,89,20,0,20,109
05/25/2020,OGD,UT,ANM,WE,Federal Contract Tower,0,0,46,0,46,0,1,142,0,143,0,1,188,0,189,70,0,70,259
05/26/2020,OGD,UT,ANM,WE,Federal Contract Tower,0,3,68,0,71,0,5,167,0,172,0,8,235,0,243,218,0,218,461
05/27/2020,OGD,UT,ANM,WE,Federal Contract Tower,0,1,52,2,55,0,12,192,2,206,0,13,244,4,261,180,0,180,441
05/28/2020,OGD,UT,ANM,WE,Federal Contract Tower,2,2,52,1,57,0,12,188,1,201,2,14,240,2,258,182,0,182,440
05/29/2020,OGD,UT,ANM,WE,Federal Contract Tower,0,0,44,0,44,0,13,154,0,167,0,13,198,0,211,170,0,170,381
05/30/2020,OGD,UT,ANM,WE,Federal Contract Tower,2,0,18,0,20,0,14,57,0,71,2,14,75,0,91,30,0,30,121
05/31/2020,OGD,UT,ANM,WE,Federal Contract Tower,2,0,33,0,35,0,6,63,0,69,2,6,96,0,104,54,0,54,158
06/01/2020,OGD,UT,ANM,WE,Federal Contract Tower,2,0,29,0,31,0,10,91,0,101,2,10,120,0,132,114,0,114,246
06/02/2020,OGD,UT,ANM,WE,Federal Contract Tower,0,0,53,0,53,0,20,210,0,230,0,20,263,0,283,144,0,144,427
06/03/2020,OGD,UT,ANM,WE,Federal Contract Tower,2,5,47,0,54,0,12,184,0,196,2,17,231,0,250,198,0,198,448
06/04/2020,OGD,UT,ANM,WE,Federal Contract Tower,2,1,60,0,63,0,24,177,0,201,2,25,237,0,264,140,0,140,404
06/05/2020,OGD,UT,ANM,WE,Federal Contract Tower,2,2,54,0,58,0,10,159,0,169,2,12,213,0,227,108,0,108,335
06/06/2020,OGD,UT,ANM,WE,Federal Contract Tower,0,0,10,0,10,0,11,3,0,14,0,11,13,0,24,0,0,0,24
06/07/2020,OGD,UT,ANM,WE,Federal Contract Tower,0,2,8,0,10,0,3,3,0,6,0,5,11,0,16,0,0,0,16
06/08/2020,OGD,UT,ANM,WE,Federal Contract Tower,0,0,30,0,30,0,6,135,0,141,0,6,165,0,171,204,0,204,375
06/09/2020,OGD,UT,ANM,WE,Federal Contract Tower,0,2,70,0,72,0,4,253,0,257,0,6,323,0,329,174,0,174,503
06/10/2020,OGD,UT,ANM,WE,Federal Contract Tower,0,2,71,1,74,0,7,197,0,204,0,9,268,1,278,174,0,174,452
06/11/2020,OGD,UT,ANM,WE,Federal Contract Tower,0,4,68,0,72,0,13,203,1,217,0,17,271,1,289,148,0,148,437
06/12/2020,OGD,UT,ANM,WE,Federal Contract Tower,2,0,63,0,65,0,7,151,0,158,2,7,214,0,223,104,0,104,327
06/13/2020,OGD,UT,ANM,WE,Federal Contract Tower,0,0,10,0,10,0,28,44,0,72,0,28,54,0,82,40,0,40,122
06/14/2020,OGD,UT,ANM,WE,Federal Contract Tower,0,0,25,0,25,0,28,102,2,132,0,28,127,2,157,30,0,30,187
06/15/2020,OGD,UT,ANM,WE,Federal Contract Tower,0,7,45,2,54,0,16,187,2,205,0,23,232,4,259,152,0,152,411
06/16/2020,OGD,UT,ANM,WE,Federal Contract Tower,0,2,17,0,19,0,7,64,0,71,0,9,81,0,90,240,0,240,330
06/17/2020,OGD,UT,ANM,WE,Federal Contract Tower,0,3,54,1,58,0,17,187,2,206,0,20,241,3,264,256,0,256,520
06/18/2020,OGD,UT,ANM,WE,Federal Contract Tower,0,10,69,0,79,0,7,252,1,260,0,17,321,1,339,148,0,148,487
06/19/2020,OGD,UT,ANM,WE,Federal Contract Tower,2,1,48,0,51,0,24,209,0,233,2,25,257,0,284,124,0,124,408
06/20/2020,OGD,UT,ANM,WE,Federal Contract Tower,2,3,25,0,30,0,33,113,0,146,2,36,138,0,176,50,0,50,226
06/21/2020,OGD,UT,ANM,WE,Federal Contract Tower,0,2,15,0,17,0,31,92,0,123,0,33,107,0,140,58,0,58,198
06/22/2020,OGD,UT,ANM,WE,Federal Contract Tower,0,0,57,0,57,0,5,256,0,261,0,5,313,0,318,136,0,136,454
06/23/2020,OGD,UT,ANM,WE,Federal Contract Tower,0,1,34,0,35,0,13,209,0,222,0,14,243,0,257,151,0,151,408
06/24/2020,OGD,UT,ANM,WE,Federal Contract Tower,0,1,57,0,58,0,11,202,1,214,0,12,259,1,272,206,0,206,478
06/25/2020,OGD,UT,ANM,WE,Federal Contract Tower,0,1,43,0,44,0,8,155,0,163,0,9,198,0,207,138,0,138,345
06/26/2020,OGD,UT,ANM,WE,Federal Contract Tower,2,1,34,0,37,0,28,207,0,235,2,29,241,0,272,84,0,84,356
06/28/2020,OGD,UT,ANM,WE,Federal Contract Tower,0,2,20,0,22,0,15,33,0,48,0,17,53,0,70,0,0,0,70
06/29/2020,OGD,UT,ANM,WE,Federal Contract Tower,2,2,18,3,25,0,3,66,1,70,2,5,84,4,95,92,0,92,187
06/30/2020,OGD,UT,ANM,WE,Federal Contract Tower,0,5,22,0,27,0,8,97,1,106,0,13,119,1,133,128,0,128,261
07/01/2020,OGD,UT,ANM,WE,Federal Contract Tower,0,3,59,0,62,0,10,286,1,297,0,13,345,1,359,118,0,118,477
07/02/2020,OGD,UT,ANM,WE,Federal Contract Tower,0,0,40,0,40,0,11,179,0,190,0,11,219,0,230,272,0,272,502
07/03/2020,OGD,UT,ANM,WE,Federal Contract Tower,2,2,31,0,35,0,25,192,0,217,2,27,223,0,252,138,0,138,390
07/04/2020,OGD,UT,ANM,WE,Federal Contract Tower,0,0,21,0,21,0,21,72,0,93,0,21,93,0,114,90,0,90,204
07/05/2020,OGD,UT,ANM,WE,Federal Contract Tower,0,0,4,0,4,0,23,68,0,91,0,23,72,0,95,38,0,38,133
07/06/2020,OGD,UT,ANM,WE,Federal Contract Tower,2,2,46,0,50,0,7,224,0,231,2,9,270,0,281,178,2,180,461
07/07/2020,OGD,UT,ANM,WE,Federal Contract Tower,0,0,51,0,51,0,7,166,0,173,0,7,217,0,224,178,0,178,402
07/08/2020,OGD,UT,ANM,WE,Federal Contract Tower,0,6,53,0,59,0,17,237,0,254,0,23,290,0,313,176,0,176,489
07/09/2020,OGD,UT,ANM,WE,Federal Contract Tower,0,2,50,0,52,0,21,194,0,215,0,23,244,0,267,67,0,67,334
07/10/2020,OGD,UT,ANM,WE,Federal Contract Tower,2,5,26,0,33,0,30,161,0,191,2,35,187,0,224,190,0,190,414
07/11/2020,OGD,UT,ANM,WE,Federal Contract Tower,0,0,26,0,26,0,37,75,0,112,0,37,101,0,138,56,0,56,194
07/12/2020,OGD,UT,ANM,WE,Federal Contract Tower,0,0,22,0,22,0,35,78,0,113,0,35,100,0,135,164,0,164,299
07/13/2020,OGD,UT,ANM,WE,Federal Contract Tower,2,0,52,0,54,0,0,219,0,219,2,0,271,0,273,232,0,232,505
07/14/2020,OGD,UT,ANM,WE,Federal Contract Tower,0,0,31,0,31,0,25,205,0,230,0,25,236,0,261,172,0,172,433
07/15/2020,OGD,UT,ANM,WE,Federal Contract Tower,0,1,64,0,65,0,26,180,0,206,0,27,244,0,271,162,0,162,433
07/16/2020,OGD,UT,ANM,WE,Federal Contract Tower,0,0,43,0,43,0,20,183,2,205,0,20,226,2,248,146,4,150,398
07/17/2020,OGD,UT,ANM,WE,Federal Contract Tower,2,2,49,0,53,0,16,159,0,175,2,18,208,0,228,90,0,90,318
07/18/2020,OGD,UT,ANM,WE,Federal Contract Tower,0,5,13,0,18,0,30,95,0,125,0,35,108,0,143,58,0,58,201
07/19/2020,OGD,UT,ANM,WE,Federal Contract Tower,0,0,5,0,5,0,22,42,0,64,0,22,47,0,69,62,0,62,131
07/20/2020,OGD,UT,ANM,WE,Federal Contract Tower,2,2,52,0,56,0,0,195,0,195,2,2,247,0,251,188,0,188,439
07/21/2020,OGD,UT,ANM,WE,Federal Contract Tower,0,4,42,0,46,0,1,169,0,170,0,5,211,0,216,142,0,142,358
07/22/2020,OGD,UT,ANM,WE,Federal Contract Tower,0,3,16,0,19,0,5,59,0,64,0,8,75,0,83,36,0,36,119
07/23/2020,OGD,UT,ANM,WE,Federal Contract Tower,0,2,46,0,48,0,27,137,0,164,0,29,183,0,212,68,0,68,280
07/24/2020,OGD,UT,ANM,WE,Federal Contract Tower,2,0,30,0,32,0,23,183,0,206,2,23,213,0,238,138,0,138,376
07/25/2020,OGD,UT,ANM,WE,Federal Contract Tower,0,0,27,0,27,0,37,84,0,121,0,37,111,0,148,42,0,42,190
07/26/2020,OGD,UT,ANM,WE,Federal Contract Tower,0,3,23,0,26,0,13,87,0,100,0,16,110,0,126,98,0,98,224
07/27/2020,OGD,UT,ANM,WE,Federal Contract Tower,2,0,47,0,49,0,4,193,0,197,2,4,240,0,246,86,0,86,332
07/28/2020,OGD,UT,ANM,WE,Federal Contract Tower,0,2,49,0,51,0,5,200,0,205,0,7,249,0,256,268,0,268,524
07/29/2020,OGD,UT,ANM,WE,Federal Contract Tower,0,3,51,0,54,0,7,181,0,188,0,10,232,0,242,130,0,130,372
07/30/2020,OGD,UT,ANM,WE,Federal Contract Tower,0,2,21,0,23,0,9,209,0,218,0,11,230,0,241,172,0,172,413
07/31/2020,OGD,UT,ANM,WE,Federal Contract Tower,2,1,42,0,45,0,26,164,1,191,2,27,206,1,236,108,0,108,344
08/01/2020,OGD,UT,ANM,WE,Federal Contract Tower,0,1,20,0,21,0,27,108,0,135,0,28,128,0,156,104,0,104,260
08/02/2020,OGD,UT,ANM,WE,Federal Contract Tower,0,0,9,0,9,0,12,29,0,41,0,12,38,0,50,12,0,12,62
08/03/2020,OGD,UT,ANM,WE,Federal Contract Tower,2,0,35,0,37,0,2,126,0,128,2,2,161,0,165,244,0,244,409
08/04/2020,OGD,UT,ANM,WE,Federal Contract Tower,0,0,49,0,49,0,0,208,0,208,0,0,257,0,257,188,0,188,445
08/05/2020,OGD,UT,ANM,WE,Federal Contract Tower,0,2,30,0,32,0,2,193,0,195,0,4,223,0,227,186,0,186,413
08/06/2020,OGD,UT,ANM,WE,Federal Contract Tower,0,1,32,0,33,0,15,133,1,149,0,16,165,1,182,128,0,128,310
08/07/2020,OGD,UT,ANM,WE,Federal Contract Tower,2,0,50,0,52,0,27,191,1,219,2,27,241,1,271,168,0,168,439
08/08/2020,OGD,UT,ANM,WE,Federal Contract Tower,0,0,35,0,35,0,34,101,0,135,0,34,136,0,170,88,0,88,258
08/09/2020,OGD,UT,ANM,WE,Federal Contract Tower,0,1,17,0,18,0,19,83,0,102,0,20,100,0,120,26,0,26,146
08/10/2020,OGD,UT,ANM,WE,Federal Contract Tower,2,0,50,0,52,0,4,165,0,169,2,4,215,0,221,135,0,135,356
08/11/2020,OGD,UT,ANM,WE,Federal Contract Tower,0,0,36,0,36,0,4,154,0,158,0,4,190,0,194,92,0,92,286
08/12/2020,OGD,UT,ANM,WE,Federal Contract Tower,0,7,48,0,55,0,6,172,0,178,0,13,220,0,233,174,0,174,407
08/13/2020,OGD,UT,ANM,WE,Federal Contract Tower,0,2,43,0,45,0,14,143,0,157,0,16,186,0,202,102,0,102,304
08/14/2020,OGD,UT,ANM,WE,Federal Contract Tower,2,0,26,0,28,0,12,127,0,139,2,12,153,0,167,58,0,58,225
08/15/2020,OGD,UT,ANM,WE,Federal Contract Tower,0,0,25,0,25,0,22,91,0,113,0,22,116,0,138,62,0,62,200
08/16/2020,OGD,UT,ANM,WE,Federal Contract Tower,0,1,12,0,13,0,22,81,0,103,0,23,93,0,116,28,0,28,144
08/17/2020,OGD,UT,ANM,WE,Federal Contract Tower,2,1,59,0,62,0,7,160,0,167,2,8,219,0,229,86,0,86,315
08/18/2020,OGD,UT,ANM,WE,Federal Contract Tower,0,0,28,0,28,0,7,138,0,145,0,7,166,0,173,114,0,114,287
08/19/2020,OGD,UT,ANM,WE,Federal Contract Tower,0,4,33,0,37,0,7,110,0,117,0,11,143,0,154,90,0,90,244
08/20/2020,OGD,UT,ANM,WE,Federal Contract Tower,0,0,35,0,35,0,24,122,0,146,0,24,157,0,181,84,0,84,265
08/21/2020,OGD,UT,ANM,WE,Federal Contract Tower,0,6,42,0,48,0,15,110,0,125,0,21,152,0,173,168,0,168,341
08/22/2020,OGD,UT,ANM,WE,Federal Contract Tower,0,3,20,0,23,0,29,74,0,103,0,32,94,0,126,82,0,82,208
08/23/2020,OGD,UT,ANM,WE,Federal Contract Tower,0,5,18,0,23,0,22,52,0,74,0,27,70,0,97,100,0,100,197
08/24/2020,OGD,UT,ANM,WE,Federal Contract Tower,0,3,41,2,46,0,8,134,0,142,0,11,175,2,188,114,0,114,302
08/25/2020,OGD,UT,ANM,WE,Federal Contract Tower,0,0,44,0,44,0,3,166,0,169,0,3,210,0,213,112,0,112,325
08/26/2020,OGD,UT,ANM,WE,Federal Contract Tower,0,0,71,0,71,0,7,216,0,223,0,7,287,0,294,182,0,182,476
08/27/2020,OGD,UT,ANM,WE,Federal Contract Tower,0,0,49,1,50,0,8,135,0,143,0,8,184,1,193,88,0,88,281
08/28/2020,OGD,UT,ANM,WE,Federal Contract Tower,0,4,42,1,47,0,9,210,0,219,0,13,252,1,266,94,0,94,360
08/29/2020,OGD,UT,ANM,WE,Federal Contract Tower,0,2,18,0,20,0,28,91,0,119,0,30,109,0,139,104,0,104,243
08/30/2020,OGD,UT,ANM,WE,Federal Contract Tower,0,0,13,0,13,0,21,48,0,69,0,21,61,0,82,42,0,42,124
08/31/2020,OGD,UT,ANM,WE,Federal Contract Tower,0,4,44,2,50,0,6,131,0,137,0,10,175,2,187,126,0,126,313
09/01/2020,OGD,UT,ANM,WE,Federal Contract Tower,0,4,35,0,39,0,6,149,0,155,0,10,184,0,194,122,0,122,316
09/02/2020,OGD,UT,ANM,WE,Federal Contract Tower,0,1,46,0,47,0,3,139,0,142,0,4,185,0,189,48,0,48,237
09/03/2020,OGD,UT,ANM,WE,Federal Contract Tower,0,1,50,0,51,0,7,155,0,162,0,8,205,0,213,54,0,54,267
09/04/2020,OGD,UT,ANM,WE,Federal Contract Tower,0,2,39,0,41,0,20,148,0,168,0,22,187,0,209,146,0,146,355
09/05/2020,OGD,UT,ANM,WE,Federal Contract Tower,0,0,13,0,13,0,22,61,0,83,0,22,74,0,96,72,0,72,168
09/06/2020,OGD,UT,ANM,WE,Federal Contract Tower,0,0,7,0,7,0,31,66,0,97,0,31,73,0,104,68,0,68,172
09/07/2020,OGD,UT,ANM,WE,Federal Contract Tower,0,0,27,0,27,0,11,78,0,89,0,11,105,0,116,80,0,80,196
09/08/2020,OGD,UT,ANM,WE,Federal Contract Tower,0,7,6,0,13,0,0,1,0,1,0,7,7,0,14,0,0,0,14
09/09/2020,OGD,UT,ANM,WE,Federal Contract Tower,0,1,7,0,8,0,4,15,0,19,0,5,22,0,27,0,0,0,27
09/10/2020,OGD,UT,ANM,WE,Federal Contract Tower,0,8,33,0,41,0,7,165,0,172,0,15,198,0,213,124,0,124,337
09/11/2020,OGD,UT,ANM,WE,Federal Contract Tower,0,1,46,0,47,0,9,142,0,151,0,10,188,0,198,116,0,116,314
09/12/2020,OGD,UT,ANM,WE,Federal Contract Tower,0,1,35,0,36,0,28,132,0,160,0,29,167,0,196,130,0,130,326
09/13/2020,OGD,UT,ANM,WE,Federal Contract Tower,0,3,31,0,34,0,17,85,0,102,0,20,116,0,136,66,0,66,202
09/14/2020,OGD,UT,ANM,WE,Federal Contract Tower,0,6,54,1,61,0,1,167,0,168,0,7,221,1,229,98,0,98,327
09/15/2020,OGD,UT,ANM,WE,Federal Contract Tower,0,8,69,0,77,0,4,172,0,176,0,12,241,0,253,168,0,168,421
09/16/2020,OGD,UT,ANM,WE,Federal Contract Tower,0,1,34,0,35,0,5,170,0,175,0,6,204,0,210,156,0,156,366
09/17/2020,OGD,UT,ANM,WE,Federal Contract Tower,0,2,54,0,56,0,13,133,0,146,0,15,187,0,202,94,0,94,296
09/18/2020,OGD,UT,ANM,WE,Federal Contract Tower,0,1,51,0,52,0,12,150,0,162,0,13,201,0,214,84,0,84,298
09/19/2020,OGD,UT,ANM,WE,Federal Contract Tower,0,1,13,0,14,0,17,41,0,58,0,18,54,0,72,86,0,86,158
09/20/2020,OGD,UT,ANM,WE,Federal Contract Tower,0,3,28,0,31,0,22,95,0,117,0,25,123,0,148,100,0,100,248
09/21/2020,OGD,UT,ANM,WE,Federal Contract Tower,0,1,42,2,45,0,0,148,0,148,0,1,190,2,193,128,0,128,321
09/22/2020,OGD,UT,ANM,WE,Federal Contract Tower,0,1,32,0,33,0,10,119,0,129,0,11,151,0,162,118,0,118,280
09/23/2020,OGD,UT,ANM,WE,Federal Contract Tower,0,0,49,0,49,0,14,188,0,202,0,14,237,0,251,124,0,124,375
09/24/2020,OGD,UT,ANM,WE,Federal Contract Tower,0,4,43,0,47,0,9,123,2,134,0,13,166,2,181,108,0,108,289
09/25/2020,OGD,UT,ANM,WE,Federal Contract Tower,0,2,66,0,68,0,18,186,0,204,0,20,252,0,272,74,0,74,346
09/26/2020,OGD,UT,ANM,WE,Federal Contract Tower,0,2,22,0,24,0,32,84,0,116,0,34,106,0,140,92,0,92,232
09/27/2020,OGD,UT,ANM,WE,Federal Contract Tower,0,0,14,0,14,0,19,49,0,68,0,19,63,0,82,24,0,24,106
09/28/2020,OGD,UT,ANM,WE,Federal Contract Tower,0,3,41,0,44,0,3,151,0,154,0,6,192,0,198,76,0,76,274
09/29/2020,OGD,UT,ANM,WE,Federal Contract Tower,0,1,46,0,47,0,5,161,0,166,0,6,207,0,213,158,0,158,371
09/30/2020,OGD,UT,ANM,WE,Federal Contract Tower,0,2,37,0,39,0,4,170,0,174,0,6,207,0,213,94,0,94,307
10/01/2020,OGD,UT,ANM,WE,Federal Contract Tower,0,5,43,0,48,0,10,155,0,165,0,15,198,0,213,142,0,142,355
10/02/2020,OGD,UT,ANM,WE,Federal Contract Tower,0,1,41,0,42,0,32,197,0,229,0,33,238,0,271,148,0,148,419
10/03/2020,OGD,UT,ANM,WE,Federal Contract Tower,0,1,16,0,17,0,22,104,0,126,0,23,120,0,143,50,0,50,193
10/04/2020,OGD,UT,ANM,WE,Federal Contract Tower,0,1,15,0,16,0,18,52,0,70,0,19,67,0,86,52,0,52,138
10/05/2020,OGD,UT,ANM,WE,Federal Contract Tower,0,1,45,0,46,0,2,158,0,160,0,3,203,0,206,82,0,82,288
10/06/2020,OGD,UT,ANM,WE,Federal Contract Tower,0,2,52,1,55,0,5,196,0,201,0,7,248,1,256,162,0,162,418
10/07/2020,OGD,UT,ANM,WE,Federal Contract Tower,0,1,40,0,41,0,5,142,0,147,0,6,182,0,188,100,0,100,288
10/08/2020,OGD,UT,ANM,WE,Federal Contract Tower,0,0,40,0,40,0,5,152,0,157,0,5,192,0,197,170,0,170,367
10/09/2020,OGD,UT,ANM,WE,Federal Contract Tower,2,3,28,0,33,0,26,137,0,163,2,29,165,0,196,174,0,174,370
10/10/2020,OGD,UT,ANM,WE,Federal Contract Tower,0,0,22,0,22,0,25,108,0,133,0,25,130,0,155,42,0,42,197
10/11/2020,OGD,UT,ANM,WE,Federal Contract Tower,0,1,16,0,17,0,2,36,0,38,0,3,52,0,55,48,0,48,103
10/12/2020,OGD,UT,ANM,WE,Federal Contract Tower,2,6,57,0,65,0,6,191,0,197,2,12,248,0,262,152,0,152,414
10/13/2020,OGD,UT,ANM,WE,Federal Contract Tower,0,3,50,1,54,0,7,186,1,194,0,10,236,2,248,122,0,122,370
10/14/2020,OGD,UT,ANM,WE,Federal Contract Tower,0,3,44,1,48,0,12,93,1,106,0,15,137,2,154,38,0,38,192
10/15/2020,OGD,UT,ANM,WE,Federal Contract Tower,0,3,52,1,56,0,26,189,0,215,0,29,241,1,271,88,0,88,359
10/16/2020,OGD,UT,ANM,WE,Federal Contract Tower,2,0,28,0,30,0,24,122,0,146,2,24,150,0,176,86,0,86,262
10/17/2020,OGD,UT,ANM,WE,Federal Contract Tower,0,3,12,0,15,0,22,70,0,92,0,25,82,0,107,44,0,44,151
10/18/2020,OGD,UT,ANM,WE,Federal Contract Tower,0,1,26,0,27,0,14,88,0,102,0,15,114,0,129,24,0,24,153
10/19/2020,OGD,UT,ANM,WE,Federal Contract Tower,2,1,45,0,48,0,4,156,0,160,2,5,201,0,208,134,0,134,342
10/20/2020,OGD,UT,ANM,WE,Federal Contract Tower,0,1,47,0,48,0,9,196,0,205,0,10,243,0,253,40,0,40,293
10/21/2020,OGD,UT,ANM,WE,Federal Contract Tower,0,2,45,0,47,0,5,166,0,171,0,7,211,0,218,98,0,98,316
10/22/2020,OGD,UT,ANM,WE,Federal Contract Tower,0,2,36,1,39,0,4,117,0,121,0,6,153,1,160,78,0,78,238
10/23/2020,OGD,UT,ANM,WE,Federal Contract Tower,2,3,45,0,50,0,12,153,0,165,2,15,198,0,215,82,0,82,297
10/24/2020,OGD,UT,ANM,WE,Federal Contract Tower,0,2,16,0,18,0,18,75,0,93,0,20,91,0,111,92,0,92,203
10/25/2020,OGD,UT,ANM,WE,Federal Contract Tower,0,1,19,0,20,0,3,14,0,17,0,4,33,0,37,2,0,2,39
10/26/2020,OGD,UT,ANM,WE,Federal Contract Tower,2,2,43,0,47,0,5,135,0,140,2,7,178,0,187,90,0,90,277
10/27/2020,OGD,UT,ANM,WE,Federal Contract Tower,0,0,42,1,43,0,8,168,1,177,0,8,210,2,220,78,0,78,298
10/28/2020,OGD,UT,ANM,WE,Federal Contract Tower,0,7,41,0,48,0,9,147,0,156,0,16,188,0,204,150,0,150,354
10/29/2020,OGD,UT,ANM,WE,Federal Contract Tower,0,2,47,0,49,0,7,198,0,205,0,9,245,0,254,126,0,126,380
10/30/2020,OGD,UT,ANM,WE,Federal Contract Tower,2,0,43,0,45,0,10,168,0,178,2,10,211,0,223,70,0,70,293
10/31/2020,OGD,UT,ANM,WE,Federal Contract Tower,0,2,5,0,7,0,9,85,0,94,0,11,90,0,101,74,0,74,175
11/01/2020,OGD,UT,ANM,WE,Federal Contract Tower,0,1,18,0,19,0,0,92,0,92,0,1,110,0,111,108,0,108,219
11/02/2020,OGD,UT,ANM,WE,Federal Contract Tower,2,4,29,0,35,0,3,164,0,167,2,7,193,0,202,104,0,104,306
11/03/2020,OGD,UT,ANM,WE,Federal Contract Tower,0,1,37,0,38,0,2,187,0,189,0,3,224,0,227,152,0,152,379
11/04/2020,OGD,UT,ANM,WE,Federal Contract Tower,0,4,30,0,34,0,3,159,0,162,0,7,189,0,196,60,0,60,256
11/05/2020,OGD,UT,ANM,WE,Federal Contract Tower,0,1,47,0,48,0,8,143,0,151,0,9,190,0,199,96,0,96,295
11/06/2020,OGD,UT,ANM,WE,Federal Contract Tower,2,1,10,0,13,0,2,38,0,40,2,3,48,0,53,26,0,26,79
11/07/2020,OGD,UT,ANM,WE,Federal Contract Tower,0,0,3,0,3,0,2,10,0,12,0,2,13,0,15,0,0,0,15
11/08/2020,OGD,UT,ANM,WE,Federal Contract Tower,0,0,10,0,10,0,0,2,0,2,0,0,12,0,12,4,0,4,16
11/09/2020,OGD,UT,ANM,WE,Federal Contract Tower,2,1,21,0,24,0,0,109,0,109,2,1,130,0,133,84,0,84,217
11/10/2020,OGD,UT,ANM,WE,Federal Contract Tower,0,3,32,0,35,0,2,38,0,40,0,5,70,0,75,162,0,162,237
11/11/2020,OGD,UT,ANM,WE,Federal Contract Tower,0,1,4,0,5,0,0,38,0,38,0,1,42,0,43,28,0,28,71
11/12/2020,OGD,UT,ANM,WE,Federal Contract Tower,0,1,33,0,34,0,2,181,0,183,0,3,214,0,217,102,0,102,319
11/13/2020,OGD,UT,ANM,WE,Federal Contract Tower,2,2,14,0,18,0,2,61,0,63,2,4,75,0,81,56,0,56,137
11/14/2020,OGD,UT,ANM,WE,Federal Contract Tower,0,0,8,0,8,0,3,47,0,50,0,3,55,0,58,58,0,58,116
11/15/2020,OGD,UT,ANM,WE,Federal Contract Tower,0,0,15,0,15,0,1,53,0,54,0,1,68,0,69,100,0,100,169
11/16/2020,OGD,UT,ANM,WE,Federal Contract Tower,2,1,50,0,53,0,0,179,0,179,2,1,229,0,232,113,0,113,345
11/17/2020,OGD,UT,ANM,WE,Federal Contract Tower,0,0,30,0,30,0,0,138,0,138,0,0,168,0,168,96,0,96,264
11/18/2020,OGD,UT,ANM,WE,Federal Contract Tower,0,0,19,0,19,0,0,74,0,74,0,0,93,0,93,76,0,76,169
11/19/2020,OGD,UT,ANM,WE,Federal Contract Tower,0,2,40,0,42,0,5,185,0,190,0,7,225,0,232,102,0,102,334
11/20/2020,OGD,UT,ANM,WE,Federal Contract Tower,2,2,32,0,36,0,0,190,0,190,2,2,222,0,226,182,0,182,408
11/21/2020,OGD,UT,ANM,WE,Federal Contract Tower,0,0,21,0,21,0,2,153,0,155,0,2,174,0,176,170,0,170,346
11/22/2020,OGD,UT,ANM,WE,Federal Contract Tower,0,1,12,0,13,0,3,76,0,79,0,4,88,0,92,52,0,52,144
11/23/2020,OGD,UT,ANM,WE,Federal Contract Tower,2,5,30,0,37,0,0,94,0,94,2,5,124,0,131,100,0,100,231
11/24/2020,OGD,UT,ANM,WE,Federal Contract Tower,0,7,34,0,41,0,2,168,0,170,0,9,202,0,211,92,0,92,303
11/25/2020,OGD,UT,ANM,WE,Federal Contract Tower,4,3,39,0,46,0,0,122,0,122,4,3,161,0,168,128,0,128,296
11/26/2020,OGD,UT,ANM,WE,Federal Contract Tower,1,0,2,0,3,0,0,16,0,16,1,0,18,0,19,14,0,14,33
11/27/2020,OGD,UT,ANM,WE,Federal Contract Tower,2,2,18,0,22,0,1,80,0,81,2,3,98,0,103,24,0,24,127
11/28/2020,OGD,UT,ANM,WE,Federal Contract Tower,0,0,23,0,23,0,4,154,0,158,0,4,177,0,181,52,0,52,233
11/29/2020,OGD,UT,ANM,WE,Federal Contract Tower,0,0,15,0,15,0,1,62,0,63,0,1,77,0,78,104,0,104,182
11/30/2020,OGD,UT,ANM,WE,Federal Contract Tower,2,0,32,2,36,0,5,139,12,156,2,5,171,14,192,40,0,40,232
12/01/2020,OGD,UT,ANM,WE,Federal Contract Tower,0,0,46,0,46,0,5,177,0,182,0,5,223,0,228,124,0,124,352
12/02/2020,OGD,UT,ANM,WE,Federal Contract Tower,0,3,24,1,28,0,14,126,0,140,0,17,150,1,168,138,0,138,306
12/03/2020,OGD,UT,ANM,WE,Federal Contract Tower,0,2,37,0,39,0,3,198,0,201,0,5,235,0,240,120,0,120,360
12/04/2020,OGD,UT,ANM,WE,Federal Contract Tower,0,0,29,0,29,0,0,153,0,153,0,0,182,0,182,134,0,134,316
12/05/2020,OGD,UT,ANM,WE,Federal Contract Tower,0,0,25,0,25,0,4,125,0,129,0,4,150,0,154,134,0,134,288
12/06/2020,OGD,UT,ANM,WE,Federal Contract Tower,0,4,31,0,35,0,0,68,0,68,0,4,99,0,103,80,0,80,183
12/07/2020,OGD,UT,ANM,WE,Federal Contract Tower,1,3,38,0,42,0,4,179,0,183,1,7,217,0,225,62,0,62,287
12/08/2020,OGD,UT,ANM,WE,Federal Contract Tower,0,3,43,0,46,0,0,157,0,157,0,3,200,0,203,98,0,98,301
12/09/2020,OGD,UT,ANM,WE,Federal Contract Tower,0,1,33,0,34,0,2,186,0,188,0,3,219,0,222,158,0,158,380
12/10/2020,OGD,UT,ANM,WE,Federal Contract Tower,0,0,34,0,34,0,9,140,0,149,0,9,174,0,183,190,0,190,373
12/11/2020,OGD,UT,ANM,WE,Federal Contract Tower,0,4,27,0,31,0,2,146,0,148,0,6,173,0,179,90,0,90,269
12/12/2020,OGD,UT,ANM,WE,Federal Contract Tower,0,0,14,0,14,0,6,36,0,42,0,6,50,0,56,26,0,26,82
12/13/2020,OGD,UT,ANM,WE,Federal Contract Tower,0,1,23,0,24,0,4,77,0,81,0,5,100,0,105,102,0,102,207
12/14/2020,OGD,UT,ANM,WE,Federal Contract Tower,0,1,4,0,5,0,4,2,0,6,0,5,6,0,11,0,0,0,11
12/15/2020,OGD,UT,ANM,WE,Federal Contract Tower,0,3,25,0,28,0,6,98,0,104,0,9,123,0,132,126,0,126,258
12/16/2020,OGD,UT,ANM,WE,Federal Contract Tower,0,2,30,0,32,0,4,177,0,181,0,6,207,0,213,208,0,208,421
12/17/2020,OGD,UT,ANM,WE,Federal Contract Tower,0,1,4,0,5,0,0,3,0,3,0,1,7,0,8,0,0,0,8
12/18/2020,OGD,UT,ANM,WE,Federal Contract Tower,2,0,25,0,27,0,4,123,0,127,2,4,148,0,154,30,0,30,184
12/19/2020,OGD,UT,ANM,WE,Federal Contract Tower,0,0,10,0,10,0,4,93,0,97,0,4,103,0,107,82,0,82,189
12/20/2020,OGD,UT,ANM,WE,Federal Contract Tower,0,2,24,0,26,0,0,63,0,63,0,2,87,0,89,18,0,18,107
12/21/2020,OGD,UT,ANM,WE,Federal Contract Tower,2,2,39,0,43,0,0,123,0,123,2,2,162,0,166,118,0,118,284
12/22/2020,OGD,UT,ANM,WE,Federal Contract Tower,0,1,19,0,20,0,2,36,0,38,0,3,55,0,58,36,0,36,94
12/23/2020,OGD,UT,ANM,WE,Federal Contract Tower,2,4,38,0,44,0,4,106,0,110,2,8,144,0,154,78,0,78,232
12/24/2020,OGD,UT,ANM,WE,Federal Contract Tower,0,2,20,0,22,0,3,80,0,83,0,5,100,0,105,102,0,102,207
12/25/2020,OGD,UT,ANM,WE,Federal Contract Tower,0,0,6,0,6,0,2,20,0,22,0,2,26,0,28,8,0,8,36
12/26/2020,OGD,UT,ANM,WE,Federal Contract Tower,0,2,9,0,11,0,2,23,0,25,0,4,32,0,36,52,0,52,88
12/27/2020,OGD,UT,ANM,WE,Federal Contract Tower,2,0,20,0,22,0,3,57,1,61,2,3,77,1,83,55,0,55,138
12/28/2020,OGD,UT,ANM,WE,Federal Contract Tower,0,10,18,0,28,0,5,27,1,33,0,15,45,1,61,44,0,44,105
12/29/2020,OGD,UT,ANM,WE,Federal Contract Tower,0,0,24,0,24,0,8,131,0,139,0,8,155,0,163,164,0,164,327
12/30/2020,OGD,UT,ANM,WE,Federal Contract Tower,2,0,26,0,28,0,2,104,0,106,2,2,130,0,134,92,0,92,226
12/31/2020,OGD,UT,ANM,WE,Federal Contract Tower,0,2,11,0,13,0,2,15,0,17,0,4,26,0,30,112,0,112,142
01/01/2021,OGD,UT,ANM,WE,Federal Contract Tower,0,1,9,0,10,0,4,95,0,99,0,5,104,0,109,70,0,70,179
01/02/2021,OGD,UT,ANM,WE,Federal Contract Tower,0,0,15,0,15,0,7,82,0,89,0,7,97,0,104,46,0,46,150
01/03/2021,OGD,UT,ANM,WE,Federal Contract Tower,2,0,14,0,16,0,2,4,0,6,2,2,18,0,22,12,0,12,34
01/04/2021,OGD,UT,ANM,WE,Federal Contract Tower,0,1,37,0,38,0,5,104,0,109,0,6,141,0,147,246,0,246,393
01/05/2021,OGD,UT,ANM,WE,Federal Contract Tower,0,1,34,1,36,0,0,93,0,93,0,1,127,1,129,82,0,82,211
01/06/2021,OGD,UT,ANM,WE,Federal Contract Tower,0,0,41,0,41,0,7,147,0,154,0,7,188,0,195,40,0,40,235
01/07/2021,OGD,UT,ANM,WE,Federal Contract Tower,0,3,51,0,54,0,5,118,0,123,0,8,169,0,177,154,0,154,331
01/08/2021,OGD,UT,ANM,WE,Federal Contract Tower,2,0,33,0,35,0,5,96,0,101,2,5,129,0,136,48,0,48,184
01/09/2021,OGD,UT,ANM,WE,Federal Contract Tower,0,0,16,0,16,0,3,79,0,82,0,3,95,0,98,42,0,42,140
01/10/2021,OGD,UT,ANM,WE,Federal Contract Tower,0,2,26,0,28,0,4,71,1,76,0,6,97,1,104,66,0,66,170
01/11/2021,OGD,UT,ANM,WE,Federal Contract Tower,2,2,36,0,40,0,6,120,1,127,2,8,156,1,167,106,0,106,273
01/12/2021,OGD,UT,ANM,WE,Federal Contract Tower,0,1,26,0,27,0,4,121,0,125,0,5,147,0,152,124,0,124,276
01/13/2021,OGD,UT,ANM,WE,Federal Contract Tower,0,1,27,1,29,0,4,95,1,100,0,5,122,2,129,67,0,67,196
01/14/2021,OGD,UT,ANM,WE,Federal Contract Tower,0,2,45,0,47,0,4,131,0,135,0,6,176,0,182,85,0,85,267
01/15/2021,OGD,UT,ANM,WE,Federal Contract Tower,2,4,25,2,33,0,3,140,1,144,2,7,165,3,177,146,0,146,323
01/16/2021,OGD,UT,ANM,WE,Federal Contract Tower,0,1,15,0,16,0,6,89,0,95,0,7,104,0,111,66,0,66,177
01/17/2021,OGD,UT,ANM,WE,Federal Contract Tower,0,0,22,0,22,0,2,63,0,65,0,2,85,0,87,38,0,38,125
01/18/2021,OGD,UT,ANM,WE,Federal Contract Tower,2,2,16,0,20,0,6,113,0,119,2,8,129,0,139,46,0,46,185
01/19/2021,OGD,UT,ANM,WE,Federal Contract Tower,0,2,25,0,27,0,8,72,0,80,0,10,97,0,107,88,0,88,195
01/20/2021,OGD,UT,ANM,WE,Federal Contract Tower,0,1,56,0,57,0,7,188,0,195,0,8,244,0,252,128,0,128,380
01/21/2021,OGD,UT,ANM,WE,Federal Contract Tower,0,0,48,2,50,0,1,156,0,157,0,1,204,2,207,62,0,62,269
01/22/2021,OGD,UT,ANM,WE,Federal Contract Tower,2,0,29,0,31,0,4,137,0,141,2,4,166,0,172,60,0,60,232
01/23/2021,OGD,UT,ANM,WE,Federal Contract Tower,0,0,3,0,3,0,0,0,0,0,0,0,3,0,3,0,0,0,3
01/24/2021,OGD,UT,ANM,WE,Federal Contract Tower,0,2,8,0,10,0,0,2,0,2,0,2,10,0,12,0,0,0,12
01/25/2021,OGD,UT,ANM,WE,Federal Contract Tower,2,0,33,0,35,0,2,105,0,107,2,2,138,0,142,62,0,62,204
01/26/2021,OGD,UT,ANM,WE,Federal Contract Tower,0,0,10,0,10,0,1,10,0,11,0,1,20,0,21,10,0,10,31
01/27/2021,OGD,UT,ANM,WE,Federal Contract Tower,0,1,10,0,11,0,2,43,0,45,0,3,53,0,56,58,0,58,114
01/28/2021,OGD,UT,ANM,WE,Federal Contract Tower,0,1,24,0,25,0,0,72,0,72,0,1,96,0,97,62,0,62,159
01/29/2021,OGD,UT,ANM,WE,Federal Contract Tower,2,3,16,0,21,0,2,62,0,64,2,5,78,0,85,58,0,58,143
01/30/2021,OGD,UT,ANM,WE,Federal Contract Tower,0,0,24,0,24,0,3,125,0,128,0,3,149,0,152,110,0,110,262
01/31/2021,OGD,UT,ANM,WE,Federal Contract Tower,0,0,29,0,29,0,1,130,0,131,0,1,159,0,160,58,0,58,218
02/01/2021,OGD,UT,ANM,WE,Federal Contract Tower,2,4,53,0,59,0,11,156,0,167,2,15,209,0,226,120,0,120,346
02/02/2021,OGD,UT,ANM,WE,Federal Contract Tower,0,3,47,5,55,0,2,140,0,142,0,5,187,5,197,108,0,108,305
02/03/2021,OGD,UT,ANM,WE,Federal Contract Tower,0,2,8,0,10,0,2,21,0,23,0,4,29,0,33,40,0,40,73
02/04/2021,OGD,UT,ANM,WE,Federal Contract Tower,0,0,40,0,40,0,8,127,0,135,0,8,167,0,175,202,0,202,377
02/05/2021,OGD,UT,ANM,WE,Federal Contract Tower,2,0,4,0,6,0,0,2,0,2,2,0,6,0,8,12,0,12,20
02/06/2021,OGD,UT,ANM,WE,Federal Contract Tower,0,0,22,0,22,0,5,102,0,107,0,5,124,0,129,70,0,70,199
02/07/2021,OGD,UT,ANM,WE,Federal Contract Tower,0,0,19,0,19,0,2,65,0,67,0,2,84,0,86,64,0,64,150
02/08/2021,OGD,UT,ANM,WE,Federal Contract Tower,2,2,41,0,45,0,6,145,0,151,2,8,186,0,196,190,0,190,386
02/09/2021,OGD,UT,ANM,WE,Federal Contract Tower,0,1,27,0,28,0,1,102,0,103,0,2,129,0,131,140,0,140,271
02/10/2021,OGD,UT,ANM,WE,Federal Contract Tower,0,0,49,0,49,0,0,149,0,149,0,0,198,0,198,140,0,140,338
02/11/2021,OGD,UT,ANM,WE,Federal Contract Tower,0,2,27,0,29,0,4,86,0,90,0,6,113,0,119,164,0,164,283
02/12/2021,OGD,UT,ANM,WE,Federal Contract Tower,0,4,22,0,26,0,2,29,0,31,0,6,51,0,57,14,0,14,71
02/13/2021,OGD,UT,ANM,WE,Federal Contract Tower,0,0,1,0,1,0,0,0,0,0,0,0,1,0,1,0,0,0,1
02/14/2021,OGD,UT,ANM,WE,Federal Contract Tower,0,1,17,0,18,0,0,29,0,29,0,1,46,0,47,50,0,50,97
02/15/2021,OGD,UT,ANM,WE,Federal Contract Tower,0,0,11,0,11,0,0,2,0,2,0,0,13,0,13,16,0,16,29
02/16/2021,OGD,UT,ANM,WE,Federal Contract Tower,0,2,6,0,8,0,0,6,0,6,0,2,12,0,14,34,0,34,48
02/17/2021,OGD,UT,ANM,WE,Federal Contract Tower,0,3,22,2,27,0,5,54,4,63,0,8,76,6,90,26,12,38,128
02/18/2021,OGD,UT,ANM,WE,Federal Contract Tower,0,5,54,0,59,0,0,194,0,194,0,5,248,0,253,116,2,118,371
02/19/2021,OGD,UT,ANM,WE,Federal Contract Tower,0,3,24,0,27,0,11,82,0,93,0,14,106,0,120,38,0,38,158
02/20/2021,OGD,UT,ANM,WE,Federal Contract Tower,0,0,5,0,5,0,5,24,0,29,0,5,29,0,34,30,0,30,64
02/21/2021,OGD,UT,ANM,WE,Federal Contract Tower,0,5,24,0,29,0,3,65,0,68,0,8,89,0,97,20,0,20,117
02/22/2021,OGD,UT,ANM,WE,Federal Contract Tower,0,2,59,0,61,0,5,166,0,171,0,7,225,0,232,74,4,78,310
02/23/2021,OGD,UT,ANM,WE,Federal Contract Tower,0,4,43,0,47,0,1,101,0,102,0,5,144,0,149,86,0,86,235
02/24/2021,OGD,UT,ANM,WE,Federal Contract Tower,0,3,44,0,47,0,3,122,0,125,0,6,166,0,172,52,0,52,224
02/25/2021,OGD,UT,ANM,WE,Federal Contract Tower,0,1,47,0,48,0,4,185,0,189,0,5,232,0,237,84,0,84,321
02/26/2021,OGD,UT,ANM,WE,Federal Contract Tower,2,7,26,0,35,0,9,110,0,119,2,16,136,0,154,40,0,40,194
02/27/2021,OGD,UT,ANM,WE,Federal Contract Tower,0,2,9,2,13,0,2,20,0,22,0,4,29,2,35,28,0,28,63
02/28/2021,OGD,UT,ANM,WE,Federal Contract Tower,0,2,16,0,18,0,0,77,0,77,0,2,93,0,95,56,0,56,151
03/01/2021,OGD,UT,ANM,WE,Federal Contract Tower,0,0,54,1,55,0,3,183,5,191,0,3,237,6,246,74,0,74,320
03/02/2021,OGD,UT,ANM,WE,Federal Contract Tower,0,2,49,0,51,0,6,150,0,156,0,8,199,0,207,127,0,127,334
03/03/2021,OGD,UT,ANM,WE,Federal Contract Tower,0,3,35,0,38,0,2,114,0,116,0,5,149,0,154,94,0,94,248
03/04/2021,OGD,UT,ANM,WE,Federal Contract Tower,0,1,52,0,53,0,3,171,0,174,0,4,223,0,227,148,0,148,375
03/05/2021,OGD,UT,ANM,WE,Federal Contract Tower,0,2,32,0,34,0,8,162,0,170,0,10,194,0,204,100,0,100,304
03/06/2021,OGD,UT,ANM,WE,Federal Contract Tower,0,0,10,0,10,0,0,29,0,29,0,0,39,0,39,14,0,14,53
03/07/2021,OGD,UT,ANM,WE,Federal Contract Tower,0,3,25,0,28,0,0,77,0,77,0,3,102,0,105,52,0,52,157
03/08/2021,OGD,UT,ANM,WE,Federal Contract Tower,0,2,31,1,34,0,6,82,1,89,0,8,113,2,123,80,0,80,203
03/09/2021,OGD,UT,ANM,WE,Federal Contract Tower,0,4,20,2,26,0,0,111,0,111,0,4,131,2,137,96,0,96,233
03/10/2021,OGD,UT,ANM,WE,Federal Contract Tower,0,3,26,0,29,0,12,134,0,146,0,15,160,0,175,130,0,130,305
03/11/2021,OGD,UT,ANM,WE,Federal Contract Tower,0,4,23,0,27,0,3,65,0,68,0,7,88,0,95,126,0,126,221
03/12/2021,OGD,UT,ANM,WE,Federal Contract Tower,3,4,30,0,37,0,4,88,0,92,3,8,118,0,129,38,0,38,167
03/13/2021,OGD,UT,ANM,WE,Federal Contract Tower,1,0,15,2,18,0,2,46,0,48,1,2,61,2,66,110,0,110,176
03/14/2021,OGD,UT,ANM,WE,Federal Contract Tower,0,2,24,0,26,0,6,98,0,104,0,8,122,0,130,64,0,64,194
03/15/2021,OGD,UT,ANM,WE,Federal Contract Tower,2,1,39,0,42,0,4,202,0,206,2,5,241,0,248,104,0,104,352
03/16/2021,OGD,UT,ANM,WE,Federal Contract Tower,0,2,63,0,65,0,3,207,0,210,0,5,270,0,275,116,0,116,391
03/17/2021,OGD,UT,ANM,WE,Federal Contract Tower,0,0,46,0,46,0,5,206,0,211,0,5,252,0,257,108,0,108,365
03/18/2021,OGD,UT,ANM,WE,Federal Contract Tower,0,3,38,0,41,0,7,136,0,143,0,10,174,0,184,103,0,103,287
03/19/2021,OGD,UT,ANM,WE,Federal Contract Tower,2,2,50,0,54,0,5,139,0,144,2,7,189,0,198,126,0,126,324
03/20/2021,OGD,UT,ANM,WE,Federal Contract Tower,0,3,5,0,8,0,1,5,0,6,0,4,10,0,14,6,0,6,20
03/21/2021,OGD,UT,ANM,WE,Federal Contract Tower,0,1,16,0,17,0,10,52,0,62,0,11,68,0,79,82,0,82,161
03/22/2021,OGD,UT,ANM,WE,Federal Contract Tower,2,3,19,0,24,0,0,83,0,83,2,3,102,0,107,126,0,126,233
03/23/2021,OGD,UT,ANM,WE,Federal Contract Tower,0,4,28,1,33,0,3,96,0,99,0,7,124,1,132,134,0,134,266
03/24/2021,OGD,UT,ANM,WE,Federal Contract Tower,0,2,45,0,47,0,11,163,0,174,0,13,208,0,221,180,0,180,401
03/25/2021,OGD,UT,ANM,WE,Federal Contract Tower,0,0,28,0,28,0,0,42,0,42,0,0,70,0,70,98,0,98,168
03/26/2021,OGD,UT,ANM,WE,Federal Contract Tower,3,4,34,0,41,0,1,121,0,122,3,5,155,0,163,116,0,116,279
03/27/2021,OGD,UT,ANM,WE,Federal Contract Tower,1,0,39,0,40,0,3,165,0,168,1,3,204,0,208,100,0,100,308
03/28/2021,OGD,UT,ANM,WE,Federal Contract Tower,0,0,25,0,25,0,0,110,0,110,0,0,135,0,135,28,0,28,163
03/29/2021,OGD,UT,ANM,WE,Federal Contract Tower,2,0,6,0,8,0,4,16,0,20,2,4,22,0,28,2,0,2,30
03/30/2021,OGD,UT,ANM,WE,Federal Contract Tower,0,1,57,0,58,0,5,169,0,174,0,6,226,0,232,86,0,86,318
03/31/2021,OGD,UT,ANM,WE,Federal Contract Tower,0,0,43,0,43,0,4,176,0,180,0,4,219,0,223,104,0,104,327
04/01/2021,OGD,UT,ANM,WE,Federal Contract Tower,0,1,49,1,51,0,3,212,0,215,0,4,261,1,266,90,0,90,356
04/02/2021,OGD,UT,ANM,WE,Federal Contract Tower,2,1,34,0,37,0,1,166,0,167,2,2,200,0,204,148,0,148,352
04/03/2021,OGD,UT,ANM,WE,Federal Contract Tower,0,0,14,0,14,0,7,94,0,101,0,7,108,0,115,82,0,82,197
04/04/2021,OGD,UT,ANM,WE,Federal Contract Tower,0,0,11,0,11,0,2,60,0,62,0,2,71,0,73,32,0,32,105
04/05/2021,OGD,UT,ANM,WE,Federal Contract Tower,2,4,35,0,41,0,3,110,0,113,2,7,145,0,154,92,0,92,246
04/06/2021,OGD,UT,ANM,WE,Federal Contract Tower,0,0,26,2,28,0,0,133,3,136,0,0,159,5,164,82,2,84,248
04/07/2021,OGD,UT,ANM,WE,Federal Contract Tower,0,0,38,0,38,0,5,207,0,212,0,5,245,0,250,130,0,130,380
04/08/2021,OGD,UT,ANM,WE,Federal Contract Tower,0,1,48,0,49,0,4,148,0,152,0,5,196,0,201,110,0,110,311
04/09/2021,OGD,UT,ANM,WE,Federal Contract Tower,2,0,37,0,39,0,3,198,0,201,2,3,235,0,240,152,0,152,392
04/10/2021,OGD,UT,ANM,WE,Federal Contract Tower,0,0,21,0,21,0,13,133,0,146,0,13,154,0,167,106,0,106,273
04/11/2021,OGD,UT,ANM,WE,Federal Contract Tower,0,0,19,0,19,0,22,85,0,107,0,22,104,0,126,54,0,54,180
04/12/2021,OGD,UT,ANM,WE,Federal Contract Tower,0,0,29,0,29,0,5,208,0,213,0,5,237,0,242,78,0,78,320
04/13/2021,OGD,UT,ANM,WE,Federal Contract Tower,0,3,13,0,16,0,5,16,0,21,0,8,29,0,37,4,0,4,41
04/14/2021,OGD,UT,ANM,WE,Federal Contract Tower,0,5,9,0,14,0,2,15,0,17,0,7,24,0,31,58,0,58,89
04/15/2021,OGD,UT,ANM,WE,Federal Contract Tower,0,0,25,0,25,0,0,148,0,148,0,0,173,0,173,146,0,146,319
04/16/2021,OGD,UT,ANM,WE,Federal Contract Tower,2,3,32,0,37,0,3,96,2,101,2,6,128,2,138,90,0,90,228
04/17/2021,OGD,UT,ANM,WE,Federal Contract Tower,0,0,26,0,26,0,17,57,1,75,0,17,83,1,101,22,0,22,123
04/18/2021,OGD,UT,ANM,WE,Federal Contract Tower,0,0,28,4,32,0,16,131,0,147,0,16,159,4,179,80,0,80,259
04/19/2021,OGD,UT,ANM,WE,Federal Contract Tower,1,0,38,0,39,0,0,81,0,81,1,0,119,0,120,12,0,12,132
04/20/2021,OGD,UT,ANM,WE,Federal Contract Tower,0,1,43,0,44,0,7,238,0,245,0,8,281,0,289,174,0,174,463
04/21/2021,OGD,UT,ANM,WE,Federal Contract Tower,0,1,21,1,23,0,5,51,0,56,0,6,72,1,79,86,0,86,165
04/22/2021,OGD,UT,ANM,WE,Federal Contract Tower,0,2,47,1,50,0,14,239,0,253,0,16,286,1,303,160,0,160,463
04/23/2021,OGD,UT,ANM,WE,Federal Contract Tower,2,0,36,0,38,0,3,234,0,237,2,3,270,0,275,90,0,90,365
04/24/2021,OGD,UT,ANM,WE,Federal Contract Tower,2,0,16,4,22,0,23,75,0,98,2,23,91,4,120,74,0,74,194
04/25/2021,OGD,UT,ANM,WE,Federal Contract Tower,4,0,14,0,18,0,2,43,0,45,4,2,57,0,63,64,0,64,127
04/26/2021,OGD,UT,ANM,WE,Federal Contract Tower,1,2,8,2,13,0,0,2,0,2,1,2,10,2,15,8,0,8,23
04/27/2021,OGD,UT,ANM,WE,Federal Contract Tower,0,0,33,0,33,0,2,234,0,236,0,2,267,0,269,138,0,138,407
04/28/2021,OGD,UT,ANM,WE,Federal Contract Tower,0,1,70,9,80,0,5,197,1,203,0,6,267,10,283,112,4,116,399
04/29/2021,OGD,UT,ANM,WE,Federal Contract Tower,0,1,50,0,51,0,2,205,0,207,0,3,255,0,258,144,0,144,402
04/30/2021,OGD,UT,ANM,WE,Federal Contract Tower,2,2,60,0,64,0,5,232,0,237,2,7,292,0,301,132,0,132,433
05/01/2021,OGD,UT,ANM,WE,Federal Contract Tower,0,0,27,0,27,0,21,116,0,137,0,21,143,0,164,82,0,82,246
05/02/2021,OGD,UT,ANM,WE,Federal Contract Tower,0,0,15,0,15,0,17,60,0,77,0,17,75,0,92,36,0,36,128
05/03/2021,OGD,UT,ANM,WE,Federal Contract Tower,0,1,51,0,52,0,6,175,1,182,0,7,226,1,234,76,0,76,310
05/04/2021,OGD,UT,ANM,WE,Federal Contract Tower,2,1,37,0,40,0,14,218,0,232,2,15,255,0,272,204,0,204,476
05/05/2021,OGD,UT,ANM,WE,Federal Contract Tower,2,2,42,0,46,0,6,212,0,218,2,8,254,0,264,88,0,88,352
05/06/2021,OGD,UT,ANM,WE,Federal Contract Tower,2,3,40,0,45,0,4,198,0,202,2,7,238,0,247,82,0,82,329
05/07/2021,OGD,UT,ANM,WE,Federal Contract Tower,4,4,25,0,33,0,7,71,2,80,4,11,96,2,113,30,0,30,143
05/08/2021,OGD,UT,ANM,WE,Federal Contract Tower,2,0,14,0,16,0,30,126,0,156,2,30,140,0,172,114,0,114,286
05/09/2021,OGD,UT,ANM,WE,Federal Contract Tower,0,6,29,0,35,0,24,64,0,88,0,30,93,0,123,116,0,116,239
05/10/2021,OGD,UT,ANM,WE,Federal Contract Tower,3,0,33,0,36,0,3,141,0,144,3,3,174,0,180,154,0,154,334
05/11/2021,OGD,UT,ANM,WE,Federal Contract Tower,2,2,41,0,45,0,1,179,0,180,2,3,220,0,225,186,0,186,411
05/12/2021,OGD,UT,ANM,WE,Federal Contract Tower,2,2,52,0,56,0,9,187,0,196,2,11,239,0,252,160,0,160,412
05/13/2021,OGD,UT,ANM,WE,Federal Contract Tower,2,0,54,0,56,0,3,166,0,169,2,3,220,0,225,142,0,142,367
05/14/2021,OGD,UT,ANM,WE,Federal Contract Tower,4,2,39,0,45,0,15,165,0,180,4,17,204,0,225,148,0,148,373
05/15/2021,OGD,UT,ANM,WE,Federal Contract Tower,2,1,27,0,30,0,23,94,0,117,2,24,121,0,147,32,0,32,179
05/16/2021,OGD,UT,ANM,WE,Federal Contract Tower,0,6,15,0,21,0,20,39,0,59,0,26,54,0,80,130,0,130,210
05/17/2021,OGD,UT,ANM,WE,Federal Contract Tower,6,5,60,0,71,0,1,131,0,132,6,6,191,0,203,134,0,134,337
05/18/2021,OGD,UT,ANM,WE,Federal Contract Tower,2,1,55,0,58,0,6,169,0,175,2,7,224,0,233,210,0,210,443
05/19/2021,OGD,UT,ANM,WE,Federal Contract Tower,2,6,42,0,50,0,10,138,0,148,2,16,180,0,198,120,0,120,318
05/20/2021,OGD,UT,ANM,WE,Federal Contract Tower,2,0,47,0,49,0,2,153,0,155,2,2,200,0,204,128,0,128,332
05/21/2021,OGD,UT,ANM,WE,Federal Contract Tower,4,4,18,0,26,0,12,61,0,73,4,16,79,0,99,128,0,128,227
05/22/2021,OGD,UT,ANM,WE,Federal Contract Tower,2,4,30,0,36,0,38,117,0,155,2,42,147,0,191,84,0,84,275
05/23/2021,OGD,UT,ANM,WE,Federal Contract Tower,0,0,6,0,6,0,2,11,0,13,0,2,17,0,19,20,0,20,39
05/24/2021,OGD,UT,ANM,WE,Federal Contract Tower,4,5,55,0,64,0,11,150,0,161,4,16,205,0,225,210,0,210,435
05/25/2021,OGD,UT,ANM,WE,Federal Contract Tower,2,2,54,0,58,0,7,148,0,155,2,9,202,0,213,71,0,71,284
05/26/2021,OGD,UT,ANM,WE,Federal Contract Tower,2,3,40,0,45,0,5,129,2,136,2,8,169,2,181,152,0,152,333
05/27/2021,OGD,UT,ANM,WE,Federal Contract Tower,2,2,49,0,53,0,4,206,0,210,2,6,255,0,263,180,0,180,443
05/28/2021,OGD,UT,ANM,WE,Federal Contract Tower,2,0,52,0,54,0,18,162,0,180,2,18,214,0,234,64,0,64,298
05/29/2021,OGD,UT,ANM,WE,Federal Contract Tower,2,0,26,0,28,0,41,99,0,140,2,41,125,0,168,20,0,20,188
05/30/2021,OGD,UT,ANM,WE,Federal Contract Tower,0,0,13,0,13,0,25,49,0,74,0,25,62,0,87,50,0,50,137
05/31/2021,OGD,UT,ANM,WE,Federal Contract Tower,2,0,26,0,28,0,4,86,0,90,2,4,112,0,118,44,0,44,162
06/01/2021,OGD,UT,ANM,WE,Federal Contract Tower,2,0,50,1,53,0,9,190,1,200,2,9,240,2,253,146,0,146,399
06/02/2021,OGD,UT,ANM,WE,Federal Contract Tower,2,3,45,0,50,0,4,183,0,187,2,7,228,0,237,212,0,212,449
06/03/2021,OGD,UT,ANM,WE,Federal Contract Tower,2,3,51,0,56,0,7,157,0,164,2,10,208,0,220,94,0,94,314
06/04/2021,OGD,UT,ANM,WE,Federal Contract Tower,2,0,36,0,38,0,15,138,0,153,2,15,174,0,191,130,0,130,321
06/05/2021,OGD,UT,ANM,WE,Federal Contract Tower,2,0,17,0,19,0,25,71,0,96,2,25,88,0,115,50,0,50,165
06/06/2021,OGD,UT,ANM,WE,Federal Contract Tower,0,0,23,0,23,0,21,74,0,95,0,21,97,0,118,78,0,78,196
06/07/2021,OGD,UT,ANM,WE,Federal Contract Tower,2,10,32,6,50,0,1,130,2,133,2,11,162,8,183,126,0,126,309
06/08/2021,OGD,UT,ANM,WE,Federal Contract Tower,2,4,23,0,29,0,10,58,0,68,2,14,81,0,97,102,0,102,199
06/09/2021,OGD,UT,ANM,WE,Federal Contract Tower,2,4,22,0,28,0,7,33,0,40,2,11,55,0,68,8,0,8,76
06/10/2021,OGD,UT,ANM,WE,Federal Contract Tower,2,4,27,0,33,0,8,40,0,48,2,12,67,0,81,26,0,26,107
06/11/2021,OGD,UT,ANM,WE,Federal Contract Tower,2,2,35,0,39,0,25,146,0,171,2,27,181,0,210,102,0,102,312
06/12/2021,OGD,UT,ANM,WE,Federal Contract Tower,2,0,36,0,38,0,25,150,0,175,2,25,186,0,213,80,0,80,293
06/13/2021,OGD,UT,ANM,WE,Federal Contract Tower,0,5,19,0,24,0,21,40,0,61,0,26,59,0,85,30,0,30,115
06/14/2021,OGD,UT,ANM,WE,Federal Contract Tower,2,3,41,0,46,0,13,128,0,141,2,16,169,0,187,82,0,82,269
06/15/2021,OGD,UT,ANM,WE,Federal Contract Tower,2,7,29,0,38,0,8,94,0,102,2,15,123,0,140,20,0,20,160
06/16/2021,OGD,UT,ANM,WE,Federal Contract Tower,2,2,53,0,57,0,8,192,0,200,2,10,245,0,257,94,0,94,351
06/17/2021,OGD,UT,ANM,WE,Federal Contract Tower,2,0,39,0,41,0,4,173,0,177,2,4,212,0,218,92,0,92,310
06/18/2021,OGD,UT,ANM,WE,Federal Contract Tower,2,1,29,0,32,0,14,171,0,185,2,15,200,0,217,106,0,106,323
06/19/2021,OGD,UT,ANM,WE,Federal Contract Tower,2,1,23,1,27,0,28,112,0,140,2,29,135,1,167,62,0,62,229
06/20/2021,OGD,UT,ANM,WE,Federal Contract Tower,0,0,13,0,13,0,25,55,0,80,0,25,68,0,93,12,0,12,105
06/21/2021,OGD,UT,ANM,WE,Federal Contract Tower,2,4,40,0,46,0,0,161,1,162,2,4,201,1,208,92,0,92,300
06/22/2021,OGD,UT,ANM,WE,Federal Contract Tower,2,4,52,0,58,0,9,160,0,169,2,13,212,0,227,62,0,62,289
06/23/2021,OGD,UT,ANM,WE,Federal Contract Tower,2,0,41,0,43,0,3,170,0,173,2,3,211,0,216,104,0,104,320
06/24/2021,OGD,UT,ANM,WE,Federal Contract Tower,2,0,27,0,29,0,11,100,0,111,2,11,127,0,140,112,0,112,252
06/25/2021,OGD,UT,ANM,WE,Federal Contract Tower,2,0,47,0,49,0,10,164,0,174,2,10,211,0,223,86,0,86,309
06/26/2021,OGD,UT,ANM,WE,Federal Contract Tower,2,0,34,0,36,0,25,87,0,112,2,25,121,0,148,36,0,36,184
06/27/2021,OGD,UT,ANM,WE,Federal Contract Tower,0,0,18,0,18,0,24,41,0,65,0,24,59,0,83,10,0,10,93
06/28/2021,OGD,UT,ANM,WE,Federal Contract Tower,2,0,38,0,40,0,0,90,0,90,2,0,128,0,130,56,0,56,186
06/29/2021,OGD,UT,ANM,WE,Federal Contract Tower,2,0,46,1,49,0,11,165,1,177,2,11,211,2,226,132,0,132,358
06/30/2021,OGD,UT,ANM,WE,Federal Contract Tower,2,0,59,1,62,0,8,215,0,223,2,8,274,1,285,110,0,110,395
07/01/2021,OGD,UT,ANM,WE,Federal Contract Tower,2,0,53,1,56,0,22,214,1,237,2,22,267,2,293,130,0,130,423
07/02/2021,OGD,UT,ANM,WE,Federal Contract Tower,2,1,48,0,51,0,22,164,0,186,2,23,212,0,237,100,0,100,337
07/03/2021,OGD,UT,ANM,WE,Federal Contract Tower,2,0,13,0,15,0,30,64,0,94,2,30,77,0,109,44,0,44,153
07/04/2021,OGD,UT,ANM,WE,Federal Contract Tower,0,0,5,0,5,0,22,39,0,61,0,22,44,0,66,16,0,16,82
07/05/2021,OGD,UT,ANM,WE,Federal Contract Tower,2,0,34,0,36,0,3,126,0,129,2,3,160,0,165,100,0,100,265
07/06/2021,OGD,UT,ANM,WE,Federal Contract Tower,2,3,44,0,49,0,4,152,0,156,2,7,196,0,205,188,0,188,393
07/07/2021,OGD,UT,ANM,WE,Federal Contract Tower,2,1,42,0,45,0,14,140,0,154,2,15,182,0,199,111,0,111,310
07/08/2021,OGD,UT,ANM,WE,Federal Contract Tower,2,2,34,0,38,0,19,126,0,145,2,21,160,0,183,30,0,30,213
07/09/2021,OGD,UT,ANM,WE,Federal Contract Tower,2,1,40,0,43,0,29,126,0,155,2,30,166,0,198,44,0,44,242
07/10/2021,OGD,UT,ANM,WE,Federal Contract Tower,2,1,25,0,28,0,32,59,0,91,2,33,84,0,119,80,0,80,199
07/11/2021,OGD,UT,ANM,WE,Federal Contract Tower,0,1,41,0,42,0,24,44,0,68,0,25,85,0,110,28,0,28,138
07/12/2021,OGD,UT,ANM,WE,Federal Contract Tower,2,0,37,1,40,0,5,107,0,112,2,5,144,1,152,72,0,72,224
07/13/2021,OGD,UT,ANM,WE,Federal Contract Tower,2,0,36,1,39,0,4,109,1,114,2,4,145,2,153,118,0,118,271
07/14/2021,OGD,UT,ANM,WE,Federal Contract Tower,0,5,52,0,57,0,8,169,4,181,0,13,221,4,238,118,0,118,356
07/15/2021,OGD,UT,ANM,WE,Federal Contract Tower,2,3,36,0,41,0,12,148,0,160,2,15,184,0,201,76,0,76,277
07/16/2021,OGD,UT,ANM,WE,Federal Contract Tower,2,2,47,0,51,0,14,180,0,194,2,16,227,0,245,84,0,84,329
07/17/2021,OGD,UT,ANM,WE,Federal Contract Tower,2,1,35,0,38,0,31,102,0,133,2,32,137,0,171,68,0,68,239
07/18/2021,OGD,UT,ANM,WE,Federal Contract Tower,0,1,28,0,29,0,24,59,0,83,0,25,87,0,112,34,0,34,146
07/19/2021,OGD,UT,ANM,WE,Federal Contract Tower,2,4,47,0,53,0,4,127,0,131,2,8,174,0,184,108,0,108,292
07/20/2021,OGD,UT,ANM,WE,Federal Contract Tower,2,0,38,0,40,0,14,175,0,189,2,14,213,0,229,114,0,114,343
07/21/2021,OGD,UT,ANM,WE,Federal Contract Tower,2,0,51,0,53,0,12,153,1,166,2,12,204,1,219,100,2,102,321
07/22/2021,OGD,UT,ANM,WE,Federal Contract Tower,3,4,54,0,61,0,13,131,0,144,3,17,185,0,205,96,0,96,301
07/23/2021,OGD,UT,ANM,WE,Federal Contract Tower,2,1,28,0,31,0,20,132,0,152,2,21,160,0,183,70,0,70,253
07/24/2021,OGD,UT,ANM,WE,Federal Contract Tower,2,0,17,0,19,0,27,67,0,94,2,27,84,0,113,74,0,74,187
07/25/2021,OGD,UT,ANM,WE,Federal Contract Tower,0,0,0,0,0,0,25,51,0,76,0,25,51,0,76,52,0,52,128
07/26/2021,OGD,UT,ANM,WE,Federal Contract Tower,2,1,38,0,41,0,3,139,0,142,2,4,177,0,183,122,0,122,305
07/27/2021,OGD,UT,ANM,WE,Federal Contract Tower,0,4,33,0,37,0,12,112,0,124,0,16,145,0,161,124,0,124,285
07/28/2021,OGD,UT,ANM,WE,Federal Contract Tower,0,4,44,0,48,0,5,122,0,127,0,9,166,0,175,84,0,84,259
07/29/2021,OGD,UT,ANM,WE,Federal Contract Tower,4,0,43,0,47,0,14,135,0,149,4,14,178,0,196,130,0,130,326
07/30/2021,OGD,UT,ANM,WE,Federal Contract Tower,2,2,26,0,30,0,15,77,0,92,2,17,103,0,122,62,0,62,184
07/31/2021,OGD,UT,ANM,WE,Federal Contract Tower,2,0,21,0,23,0,33,82,0,115,2,33,103,0,138,60,0,60,198
08/01/2021,OGD,UT,ANM,WE,Federal Contract Tower,0,0,12,0,12,0,11,53,0,64,0,11,65,0,76,40,0,40,116
08/02/2021,OGD,UT,ANM,WE,Federal Contract Tower,2,3,43,0,48,0,3,103,0,106,2,6,146,0,154,130,0,130,284
08/03/2021,OGD,UT,ANM,WE,Federal Contract Tower,2,0,30,0,32,0,4,144,0,148,2,4,174,0,180,164,0,164,344
08/04/2021,OGD,UT,ANM,WE,Federal Contract Tower,0,2,47,1,50,0,4,137,0,141,0,6,184,1,191,60,0,60,251
08/05/2021,OGD,UT,ANM,WE,Federal Contract Tower,2,1,37,0,40,0,14,119,0,133,2,15,156,0,173,92,0,92,265
08/06/2021,OGD,UT,ANM,WE,Federal Contract Tower,2,0,26,0,28,0,17,94,0,111,2,17,120,0,139,134,0,134,273
08/07/2021,OGD,UT,ANM,WE,Federal Contract Tower,2,2,20,0,24,0,34,44,0,78,2,36,64,0,102,12,0,12,114
08/08/2021,OGD,UT,ANM,WE,Federal Contract Tower,0,0,15,0,15,0,28,35,2,65,0,28,50,2,80,64,0,64,144
08/09/2021,OGD,UT,ANM,WE,Federal Contract Tower,2,2,40,0,44,0,5,125,0,130,2,7,165,0,174,210,16,226,400
08/10/2021,OGD,UT,ANM,WE,Federal Contract Tower,0,0,62,2,64,0,7,182,0,189,0,7,244,2,253,102,0,102,355
08/11/2021,OGD,UT,ANM,WE,Federal Contract Tower,0,4,52,5,61,0,5,191,4,200,0,9,243,9,261,166,0,166,427
08/12/2021,OGD,UT,ANM,WE,Federal Contract Tower,2,2,47,0,51,0,14,136,0,150,2,16,183,0,201,132,0,132,333
08/13/2021,OGD,UT,ANM,WE,Federal Contract Tower,2,1,43,0,46,0,16,170,0,186,2,17,213,0,232,86,0,86,318
08/14/2021,OGD,UT,ANM,WE,Federal Contract Tower,2,0,29,0,31,0,31,77,1,109,2,31,106,1,140,62,0,62,202
08/15/2021,OGD,UT,ANM,WE,Federal Contract Tower,0,0,17,0,17,0,16,38,1,55,0,16,55,1,72,58,0,58,130
08/16/2021,OGD,UT,ANM,WE,Federal Contract Tower,2,0,37,1,40,0,4,145,0,149,2,4,182,1,189,106,0,106,295
08/17/2021,OGD,UT,ANM,WE,Federal Contract Tower,0,3,32,0,35,0,4,131,0,135,0,7,163,0,170,122,0,122,292
08/18/2021,OGD,UT,ANM,WE,Federal Contract Tower,0,6,6,0,12,0,1,14,0,15,0,7,20,0,27,24,0,24,51
08/19/2021,OGD,UT,ANM,WE,Federal Contract Tower,2,2,24,1,29,0,1,24,1,26,2,3,48,2,55,120,0,120,175
08/20/2021,OGD,UT,ANM,WE,Federal Contract Tower,4,2,50,0,56,0,28,222,0,250,4,30,272,0,306,220,0,220,526
08/21/2021,OGD,UT,ANM,WE,Federal Contract Tower,2,0,16,0,18,0,7,53,2,62,2,7,69,2,80,50,0,50,130
08/22/2021,OGD,UT,ANM,WE,Federal Contract Tower,0,2,25,0,27,0,20,72,0,92,0,22,97,0,119,8,0,8,127
08/23/2021,OGD,UT,ANM,WE,Federal Contract Tower,4,1,49,1,55,0,3,188,0,191,4,4,237,1,246,154,0,154,400
08/24/2021,OGD,UT,ANM,WE,Federal Contract Tower,0,9,48,1,58,0,12,151,0,163,0,21,199,1,221,156,0,156,377
08/25/2021,OGD,UT,ANM,WE,Federal Contract Tower,0,0,35,0,35,0,3,107,0,110,0,3,142,0,145,28,0,28,173
08/26/2021,OGD,UT,ANM,WE,Federal Contract Tower,2,4,48,0,54,0,20,173,0,193,2,24,221,0,247,180,0,180,427
08/27/2021,OGD,UT,ANM,WE,Federal Contract Tower,4,2,35,0,41,0,20,153,0,173,4,22,188,0,214,202,0,202,416
08/28/2021,OGD,UT,ANM,WE,Federal Contract Tower,2,1,33,0,36,0,31,106,1,138,2,32,139,1,174,58,0,58,232
08/29/2021,OGD,UT,ANM,WE,Federal Contract Tower,0,1,19,0,20,0,24,57,0,81,0,25,76,0,101,44,0,44,145
08/30/2021,OGD,UT,ANM,WE,Federal Contract Tower,4,0,38,0,42,0,2,98,0,100,4,2,136,0,142,178,0,178,320
08/31/2021,OGD,UT,ANM,WE,Federal Contract Tower,0,9,52,0,61,0,14,117,0,131,0,23,169,0,192,178,0,178,370
09/01/2021,OGD,UT,ANM,WE,Federal Contract Tower,0,1,48,0,49,0,6,124,0,130,0,7,172,0,179,124,0,124,303
09/02/2021,OGD,UT,ANM,WE,Federal Contract Tower,2,6,35,0,43,0,22,127,0,149,2,28,162,0,192,37,0,37,229
09/03/2021,OGD,UT,ANM,WE,Federal Contract Tower,2,3,45,2,52,0,28,165,0,193,2,31,210,2,245,88,0,88,333
09/04/2021,OGD,UT,ANM,WE,Federal Contract Tower,2,4,22,0,28,0,31,86,0,117,2,35,108,0,145,38,0,38,183
09/05/2021,OGD,UT,ANM,WE,Federal Contract Tower,0,5,6,0,11,0,27,76,0,103,0,32,82,0,114,6,0,6,120
09/06/2021,OGD,UT,ANM,WE,Federal Contract Tower,2,2,33,0,37,0,0,137,0,137,2,2,170,0,174,154,0,154,328
09/07/2021,OGD,UT,ANM,WE,Federal Contract Tower,2,1,32,2,37,0,13,176,2,191,2,14,208,4,228,156,0,156,384
09/08/2021,OGD,UT,ANM,WE,Federal Contract Tower,0,3,55,0,58,0,25,188,0,213,0,28,243,0,271,188,0,188,459
09/09/2021,OGD,UT,ANM,WE,Federal Contract Tower,4,6,47,0,57,0,25,163,0,188,4,31,210,0,245,218,0,218,463
09/10/2021,OGD,UT,ANM,WE,Federal Contract Tower,7,1,35,0,43,0,12,130,0,142,7,13,165,0,185,122,0,122,307
09/11/2021,OGD,UT,ANM,WE,Federal Contract Tower,2,2,15,0,19,0,33,32,0,65,2,35,47,0,84,34,0,34,118
09/12/2021,OGD,UT,ANM,WE,Federal Contract Tower,0,2,23,0,25,0,18,72,0,90,0,20,95,0,115,60,0,60,175
09/13/2021,OGD,UT,ANM,WE,Federal Contract Tower,4,3,13,0,20,0,0,120,0,120,4,3,133,0,140,56,0,56,196
09/14/2021,OGD,UT,ANM,WE,Federal Contract Tower,0,0,38,0,38,0,10,189,0,199,0,10,227,0,237,126,0,126,363
09/15/2021,OGD,UT,ANM,WE,Federal Contract Tower,0,4,35,1,40,0,4,143,1,148,0,8,178,2,188,46,0,46,234
09/16/2021,OGD,UT,ANM,WE,Federal Contract Tower,1,0,43,0,44,0,19,154,0,173,1,19,197,0,217,60,6,66,283
09/17/2021,OGD,UT,ANM,WE,Federal Contract Tower,4,5,38,0,47,0,11,167,0,178,4,16,205,0,225,54,0,54,279
09/18/2021,OGD,UT,ANM,WE,Federal Contract Tower,0,4,7,0,11,0,9,16,0,25,0,13,23,0,36,0,0,0,36
09/19/2021,OGD,UT,ANM,WE,Federal Contract Tower,2,6,15,0,23,0,15,19,0,34,2,21,34,0,57,6,0,6,63
09/20/2021,OGD,UT,ANM,WE,Federal Contract Tower,2,2,27,1,32,0,8,118,0,126,2,10,145,1,158,64,0,64,222
09/21/2021,OGD,UT,ANM,WE,Federal Contract Tower,0,5,52,0,57,0,6,188,0,194,0,11,240,0,251,148,0,148,399
09/22/2021,OGD,UT,ANM,WE,Federal Contract Tower,0,6,30,1,37,0,12,141,1,154,0,18,171,2,191,48,4,52,243
09/23/2021,OGD,UT,ANM,WE,Federal Contract Tower,1,2,36,0,39,0,13,167,0,180,1,15,203,0,219,110,0,110,329
09/24/2021,OGD,UT,ANM,WE,Federal Contract Tower,3,5,42,0,50,0,19,208,0,227,3,24,250,0,277,160,0,160,437
09/25/2021,OGD,UT,ANM,WE,Federal Contract Tower,0,5,16,0,21,0,27,153,0,180,0,32,169,0,201,116,0,116,317
09/26/2021,OGD,UT,ANM,WE,Federal Contract Tower,1,3,18,0,22,0,40,56,0,96,1,43,74,0,118,36,0,36,154
09/27/2021,OGD,UT,ANM,WE,Federal Contract Tower,2,1,49,0,52,0,4,214,0,218,2,5,263,0,270,146,0,146,416
09/28/2021,OGD,UT,ANM,WE,Federal Contract Tower,0,2,22,0,24,0,2,59,0,61,0,4,81,0,85,56,0,56,141
09/29/2021,OGD,UT,ANM,WE,Federal Contract Tower,0,0,48,0,48,0,9,195,0,204,0,9,243,0,252,74,0,74,326
09/30/2021,OGD,UT,ANM,WE,Federal Contract Tower,1,1,35,0,37,0,27,187,2,216,1,28,222,2,253,130,0,130,383
10/01/2021,OGD,UT,ANM,WE,Federal Contract Tower,2,4,39,0,45,0,10,225,0,235,2,14,264,0,280,174,0,174,454
10/02/2021,OGD,UT,ANM,WE,Federal Contract Tower,0,0,32,0,32,0,25,136,0,161,0,25,168,0,193,56,0,56,249
10/03/2021,OGD,UT,ANM,WE,Federal Contract Tower,1,0,19,0,20,0,19,84,0,103,1,19,103,0,123,56,0,56,179
10/04/2021,OGD,UT,ANM,WE,Federal Contract Tower,2,4,49,0,55,0,9,151,0,160,2,13,200,0,215,130,0,130,345
10/05/2021,OGD,UT,ANM,WE,Federal Contract Tower,0,1,41,0,42,0,6,148,0,154,0,7,189,0,196,112,0,112,308
10/06/2021,OGD,UT,ANM,WE,Federal Contract Tower,0,48,0,0,48,0,15,151,0,166,0,63,151,0,214,121,0,121,335
10/07/2021,OGD,UT,ANM,WE,Federal Contract Tower,1,4,34,0,39,0,10,214,0,224,1,14,248,0,263,116,0,116,379
10/08/2021,OGD,UT,ANM,WE,Federal Contract Tower,3,3,17,0,23,0,1,67,0,68,3,4,84,0,91,46,0,46,137
10/09/2021,OGD,UT,ANM,WE,Federal Contract Tower,0,1,8,0,9,0,1,12,0,13,0,2,20,0,22,22,0,22,44
10/10/2021,OGD,UT,ANM,WE,Federal Contract Tower,1,0,33,0,34,0,23,148,0,171,1,23,181,0,205,80,0,80,285
10/11/2021,OGD,UT,ANM,WE,Federal Contract Tower,3,1,48,0,52,0,4,123,0,127,3,5,171,0,179,120,0,120,299
10/12/2021,OGD,UT,ANM,WE,Federal Contract Tower,0,2,29,0,31,0,6,47,0,53,0,8,76,0,84,72,0,72,156
10/13/2021,OGD,UT,ANM,WE,Federal Contract Tower,0,2,46,0,48,0,6,192,0,198,0,8,238,0,246,190,0,190,436
10/14/2021,OGD,UT,ANM,WE,Federal Contract Tower,3,2,32,1,38,0,2,128,1,131,3,4,160,2,169,264,0,264,433
10/15/2021,OGD,UT,ANM,WE,Federal Contract Tower,3,0,57,0,60,0,7,272,0,279,3,7,329,0,339,126,0,126,465
10/16/2021,OGD,UT,ANM,WE,Federal Contract Tower,0,0,13,0,13,0,16,198,0,214,0,16,211,0,227,70,0,70,297
10/17/2021,OGD,UT,ANM,WE,Federal Contract Tower,1,0,16,0,17,0,16,110,0,126,1,16,126,0,143,52,0,52,195
10/18/2021,OGD,UT,ANM,WE,Federal Contract Tower,2,4,36,0,42,0,0,161,0,161,2,4,197,0,203,98,0,98,301
10/19/2021,OGD,UT,ANM,WE,Federal Contract Tower,0,1,14,0,15,0,1,30,0,31,0,2,44,0,46,170,0,170,216
10/20/2021,OGD,UT,ANM,WE,Federal Contract Tower,0,8,60,0,68,0,4,235,0,239,0,12,295,0,307,186,0,186,493
10/21/2021,OGD,UT,ANM,WE,Federal Contract Tower,1,2,66,0,69,0,6,267,0,273,1,8,333,0,342,102,0,102,444
10/22/2021,OGD,UT,ANM,WE,Federal Contract Tower,4,14,46,0,64,0,14,223,2,239,4,28,269,2,303,130,0,130,433
10/23/2021,OGD,UT,ANM,WE,Federal Contract Tower,0,5,5,0,10,0,10,10,0,20,0,15,15,0,30,0,0,0,30
10/24/2021,OGD,UT,ANM,WE,Federal Contract Tower,0,1,15,0,16,0,1,40,0,41,0,2,55,0,57,2,0,2,59
10/25/2021,OGD,UT,ANM,WE,Federal Contract Tower,2,3,1,0,6,0,3,3,0,6,2,6,4,0,12,0,0,0,12
10/26/2021,OGD,UT,ANM,WE,Federal Contract Tower,0,3,20,0,23,0,5,164,0,169,0,8,184,0,192,228,0,228,420
10/27/2021,OGD,UT,ANM,WE,Federal Contract Tower,0,2,43,0,45,0,4,180,0,184,0,6,223,0,229,162,0,162,391
10/28/2021,OGD,UT,ANM,WE,Federal Contract Tower,1,0,43,0,44,0,7,215,2,224,1,7,258,2,268,106,4,110,378
10/29/2021,OGD,UT,ANM,WE,Federal Contract Tower,2,0,45,0,47,0,18,214,0,232,2,18,259,0,279,70,0,70,349
10/30/2021,OGD,UT,ANM,WE,Federal Contract Tower,0,0,20,2,22,0,17,140,0,157,0,17,160,2,179,96,0,96,275
10/31/2021,OGD,UT,ANM,WE,Federal Contract Tower,1,1,17,0,19,0,11,57,0,68,1,12,74,0,87,80,0,80,167
11/01/2021,OGD,UT,ANM,WE,Federal Contract Tower,2,0,42,0,44,0,8,165,0,173,2,8,207,0,217,94,0,94,311
11/02/2021,OGD,UT,ANM,WE,Federal Contract Tower,0,1,21,0,22,0,3,81,0,84,0,4,102,0,106,164,0,164,270
11/03/2021,OGD,UT,ANM,WE,Federal Contract Tower,0,0,51,0,51,0,6,178,0,184,0,6,229,0,235,179,0,179,414
11/04/2021,OGD,UT,ANM,WE,Federal Contract Tower,0,0,45,0,45,0,2,180,0,182,0,2,225,0,227,122,0,122,349
11/05/2021,OGD,UT,ANM,WE,Federal Contract Tower,2,2,34,1,39,0,6,205,0,211,2,8,239,1,250,166,0,166,416
11/06/2021,OGD,UT,ANM,WE,Federal Contract Tower,0,10,20,0,30,0,10,104,0,114,0,20,124,0,144,72,0,72,216
11/07/2021,OGD,UT,ANM,WE,Federal Contract Tower,1,19,0,0,20,0,0,52,0,52,1,19,52,0,72,22,0,22,94
11/08/2021,OGD,UT,ANM,WE,Federal Contract Tower,3,0,56,1,60,0,2,186,0,188,3,2,242,1,248,148,0,148,396
11/09/2021,OGD,UT,ANM,WE,Federal Contract Tower,0,0,29,1,30,0,3,35,2,40,0,3,64,3,70,72,0,72,142
11/10/2021,OGD,UT,ANM,WE,Federal Contract Tower,0,2,62,0,64,0,5,213,0,218,0,7,275,0,282,146,0,146,428
11/11/2021,OGD,UT,ANM,WE,Federal Contract Tower,0,0,51,0,51,0,4,147,0,151,0,4,198,0,202,174,0,174,376
11/12/2021,OGD,UT,ANM,WE,Federal Contract Tower,2,1,62,0,65,0,9,199,0,208,2,10,261,0,273,128,0,128,401
11/13/2021,OGD,UT,ANM,WE,Federal Contract Tower,1,0,49,0,50,0,4,182,0,186,1,4,231,0,236,58,0,58,294
11/14/2021,OGD,UT,ANM,WE,Federal Contract Tower,1,2,24,0,27,0,5,132,0,137,1,7,156,0,164,64,0,64,228
11/15/2021,OGD,UT,ANM,WE,Federal Contract Tower,2,0,46,0,48,0,3,163,0,166,2,3,209,0,214,200,0,200,414
11/16/2021,OGD,UT,ANM,WE,Federal Contract Tower,0,2,51,0,53,0,0,147,0,147,0,2,198,0,200,195,0,195,395
11/17/2021,OGD,UT,ANM,WE,Federal Contract Tower,0,0,50,0,50,0,2,203,0,205,0,2,253,0,255,228,0,228,483
11/18/2021,OGD,UT,ANM,WE,Federal Contract Tower,1,3,60,0,64,0,0,165,0,165,1,3,225,0,229,186,0,186,415
11/19/2021,OGD,UT,ANM,WE,Federal Contract Tower,5,3,45,0,53,0,2,131,0,133,5,5,176,0,186,140,0,140,326
11/20/2021,OGD,UT,ANM,WE,Federal Contract Tower,2,0,29,0,31,0,5,103,0,108,2,5,132,0,139,38,0,38,177
11/21/2021,OGD,UT,ANM,WE,Federal Contract Tower,0,1,44,0,45,0,1,93,0,94,0,2,137,0,139,34,0,34,173
11/22/2021,OGD,UT,ANM,WE,Federal Contract Tower,2,0,66,0,68,0,2,196,0,198,2,2,262,0,266,130,0,130,396
11/23/2021,OGD,UT,ANM,WE,Federal Contract Tower,0,8,50,0,58,0,2,163,0,165,0,10,213,0,223,68,0,68,291
11/24/2021,OGD,UT,ANM,WE,Federal Contract Tower,4,2,39,0,45,0,10,102,0,112,4,12,141,0,157,88,0,88,245
11/25/2021,OGD,UT,ANM,WE,Federal Contract Tower,3,0,4,0,7,0,5,26,0,31,3,5,30,0,38,0,0,0,38
11/26/2021,OGD,UT,ANM,WE,Federal Contract Tower,1,0,10,0,11,0,3,100,0,103,1,3,110,0,114,114,0,114,228
11/27/2021,OGD,UT,ANM,WE,Federal Contract Tower,0,1,34,0,35,0,1,118,0,119,0,2,152,0,154,88,0,88,242
11/28/2021,OGD,UT,ANM,WE,Federal Contract Tower,1,2,36,0,39,0,5,80,0,85,1,7,116,0,124,14,0,14,138
11/29/2021,OGD,UT,ANM,WE,Federal Contract Tower,0,3,64,0,67,0,2,162,0,164,0,5,226,0,231,66,0,66,297
11/30/2021,OGD,UT,ANM,WE,Federal Contract Tower,0,0,64,0,64,0,0,143,0,143,0,0,207,0,207,98,0,98,305
12/01/2021,OGD,UT,ANM,WE,Federal Contract Tower,1,2,65,0,68,0,1,167,0,168,1,3,232,0,236,150,0,150,386
12/02/2021,OGD,UT,ANM,WE,Federal Contract Tower,4,4,52,0,60,0,2,153,0,155,4,6,205,0,215,84,0,84,299
12/03/2021,OGD,UT,ANM,WE,Federal Contract Tower,0,2,46,0,48,0,6,180,0,186,0,8,226,0,234,40,0,40,274
12/04/2021,OGD,UT,ANM,WE,Federal Contract Tower,0,0,37,0,37,0,2,139,0,141,0,2,176,0,178,32,0,32,210
12/05/2021,OGD,UT,ANM,WE,Federal Contract Tower,2,0,27,0,29,0,0,98,0,98,2,0,125,0,127,58,0,58,185
12/06/2021,OGD,UT,ANM,WE,Federal Contract Tower,0,5,44,0,49,0,0,150,0,150,0,5,194,0,199,92,0,92,291
12/07/2021,OGD,UT,ANM,WE,Federal Contract Tower,0,5,69,0,74,0,3,223,0,226,0,8,292,0,300,66,0,66,366
12/08/2021,OGD,UT,ANM,WE,Federal Contract Tower,0,9,47,0,56,0,1,130,0,131,0,10,177,0,187,118,0,118,305
12/09/2021,OGD,UT,ANM,WE,Federal Contract Tower,2,1,9,0,12,0,0,0,0,0,2,1,9,0,12,0,0,0,12
12/10/2021,OGD,UT,ANM,WE,Federal Contract Tower,0,0,23,0,23,0,1,84,0,85,0,1,107,0,108,56,0,56,164
12/11/2021,OGD,UT,ANM,WE,Federal Contract Tower,0,2,46,0,48,0,12,123,0,135,0,14,169,0,183,102,0,102,285
12/12/2021,OGD,UT,ANM,WE,Federal Contract Tower,1,0,19,0,20,0,2,95,0,97,1,2,114,0,117,112,0,112,229
12/13/2021,OGD,UT,ANM,WE,Federal Contract Tower,0,0,25,4,29,0,4,53,2,59,0,4,78,6,88,82,0,82,170
12/14/2021,OGD,UT,ANM,WE,Federal Contract Tower,0,3,12,0,15,0,3,2,0,5,0,6,14,0,20,8,0,8,28
12/15/2021,OGD,UT,ANM,WE,Federal Contract Tower,0,0,22,0,22,0,6,40,0,46,0,6,62,0,68,82,0,82,150
12/16/2021,OGD,UT,ANM,WE,Federal Contract Tower,0,5,15,0,20,0,0,13,0,13,0,5,28,0,33,68,0,68,101
12/17/2021,OGD,UT,ANM,WE,Federal Contract Tower,0,2,26,1,29,0,15,82,0,97,0,17,108,1,126,106,0,106,232
12/18/2021,OGD,UT,ANM,WE,Federal Contract Tower,1,0,56,0,57,0,4,156,0,160,1,4,212,0,217,102,0,102,319
12/19/2021,OGD,UT,ANM,WE,Federal Contract Tower,1,3,36,0,40,0,3,83,0,86,1,6,119,0,126,10,0,10,136
12/20/2021,OGD,UT,ANM,WE,Federal Contract Tower,0,8,48,1,57,0,19,159,0,178,0,27,207,1,235,234,0,234,469
12/21/2021,OGD,UT,ANM,WE,Federal Contract Tower,0,3,46,0,49,0,11,192,0,203,0,14,238,0,252,120,0,120,372
12/22/2021,OGD,UT,ANM,WE,Federal Contract Tower,0,0,40,0,40,0,11,107,0,118,0,11,147,0,158,208,0,208,366
12/23/2021,OGD,UT,ANM,WE,Federal Contract Tower,0,3,13,0,16,0,2,23,0,25,0,5,36,0,41,40,0,40,81
12/24/2021,OGD,UT,ANM,WE,Federal Contract Tower,3,0,4,0,7,0,2,7,0,9,3,2,11,0,16,6,0,6,22
12/25/2021,OGD,UT,ANM,WE,Federal Contract Tower,0,0,1,0,1,0,0,7,0,7,0,0,8,0,8,16,0,16,24
12/26/2021,OGD,UT,ANM,WE,Federal Contract Tower,1,1,10,0,12,0,0,0,0,0,1,1,10,0,12,0,0,0,12
12/27/2021,OGD,UT,ANM,WE,Federal Contract Tower,1,1,14,0,16,0,0,5,0,5,1,1,19,0,21,2,0,2,23
12/28/2021,OGD,UT,ANM,WE,Federal Contract Tower,0,1,14,1,16,0,8,51,1,60,0,9,65,2,76,91,0,91,167
12/29/2021,OGD,UT,ANM,WE,Federal Contract Tower,0,1,20,0,21,0,7,54,0,61,0,8,74,0,82,36,0,36,118
12/30/2021,OGD,UT,ANM,WE,Federal Contract Tower,1,1,12,0,14,0,2,11,0,13,1,3,23,0,27,22,0,22,49
12/31/2021,OGD,UT,ANM,WE,Federal Contract Tower,5,0,8,0,13,0,0,12,0,12,5,0,20,0,25,36,0,36,61
01/01/2022,OGD,UT,ANM,WE,Federal Contract Tower,0,0,21,0,21,0,12,109,0,121,0,12,130,0,142,64,0,64,206
01/02/2022,OGD,UT,ANM,WE,Federal Contract Tower,0,0,52,0,52,0,2,126,0,128,0,2,178,0,180,80,0,80,260
01/03/2022,OGD,UT,ANM,WE,Federal Contract Tower,0,5,56,0,61,0,0,200,2,202,0,5,256,2,263,124,0,124,387
01/04/2022,OGD,UT,ANM,WE,Federal Contract Tower,0,21,11,1,33,0,1,13,0,14,0,22,24,1,47,38,0,38,85
01/05/2022,OGD,UT,ANM,WE,Federal Contract Tower,0,4,7,0,11,0,2,4,0,6,0,6,11,0,17,22,0,22,39
01/06/2022,OGD,UT,ANM,WE,Federal Contract Tower,1,6,32,0,39,0,2,96,0,98,1,8,128,0,137,138,0,138,275
01/07/2022,OGD,UT,ANM,WE,Federal Contract Tower,0,4,29,0,33,0,7,112,0,119,0,11,141,0,152,82,0,82,234
01/08/2022,OGD,UT,ANM,WE,Federal Contract Tower,0,0,37,0,37,0,5,141,0,146,0,5,178,0,183,52,0,52,235
01/09/2022,OGD,UT,ANM,WE,Federal Contract Tower,0,3,35,0,38,0,0,113,0,113,0,3,148,0,151,94,0,94,245
01/10/2022,OGD,UT,ANM,WE,Federal Contract Tower,0,2,49,0,51,0,0,127,0,127,0,2,176,0,178,114,0,114,292
01/11/2022,OGD,UT,ANM,WE,Federal Contract Tower,0,4,42,0,46,0,3,149,0,152,0,7,191,0,198,105,0,105,303
01/12/2022,OGD,UT,ANM,WE,Federal Contract Tower,0,4,59,2,65,0,1,159,0,160,0,5,218,2,225,98,0,98,323
01/13/2022,OGD,UT,ANM,WE,Federal Contract Tower,2,1,40,1,44,0,2,124,0,126,2,3,164,1,170,126,0,126,296
01/14/2022,OGD,UT,ANM,WE,Federal Contract Tower,2,1,26,0,29,0,3,108,0,111,2,4,134,0,140,116,0,116,256
01/15/2022,OGD,UT,ANM,WE,Federal Contract Tower,0,4,36,0,40,0,3,133,0,136,0,7,169,0,176,48,0,48,224
01/16/2022,OGD,UT,ANM,WE,Federal Contract Tower,2,0,25,0,27,0,1,43,0,44,2,1,68,0,71,56,0,56,127
01/17/2022,OGD,UT,ANM,WE,Federal Contract Tower,0,0,67,0,67,0,3,176,0,179,0,3,243,0,246,42,0,42,288
01/18/2022,OGD,UT,ANM,WE,Federal Contract Tower,0,2,36,0,38,0,1,113,0,114,0,3,149,0,152,208,0,208,360
01/19/2022,OGD,UT,ANM,WE,Federal Contract Tower,0,4,30,1,35,0,3,70,0,73,0,7,100,1,108,184,0,184,292
01/20/2022,OGD,UT,ANM,WE,Federal Contract Tower,1,3,27,0,31,0,1,89,0,90,1,4,116,0,121,142,0,142,263
01/21/2022,OGD,UT,ANM,WE,Federal Contract Tower,0,0,25,0,25,0,3,50,0,53,0,3,75,0,78,64,0,64,142
01/22/2022,OGD,UT,ANM,WE,Federal Contract Tower,0,2,36,0,38,0,2,173,0,175,0,4,209,0,213,142,0,142,355
01/23/2022,OGD,UT,ANM,WE,Federal Contract Tower,2,0,49,1,52,0,0,125,1,126,2,0,174,2,178,72,0,72,250
01/24/2022,OGD,UT,ANM,WE,Federal Contract Tower,0,6,58,2,66,0,1,132,0,133,0,7,190,2,199,126,2,128,327
01/25/2022,OGD,UT,ANM,WE,Federal Contract Tower,0,9,38,2,49,0,3,84,2,89,0,12,122,4,138,56,0,56,194
01/26/2022,OGD,UT,ANM,WE,Federal Contract Tower,0,3,40,1,44,0,5,170,3,178,0,8,210,4,222,88,0,88,310
01/27/2022,OGD,UT,ANM,WE,Federal Contract Tower,2,2,60,0,64,0,6,136,2,144,2,8,196,2,208,86,6,92,300
01/28/2022,OGD,UT,ANM,WE,Federal Contract Tower,2,1,58,0,61,0,2,207,0,209,2,3,265,0,270,118,0,118,388
01/29/2022,OGD,UT,ANM,WE,Federal Contract Tower,0,0,32,0,32,0,8,140,0,148,0,8,172,0,180,54,0,54,234
01/30/2022,OGD,UT,ANM,WE,Federal Contract Tower,2,0,14,0,16,0,5,72,0,77,2,5,86,0,93,66,0,66,159
01/31/2022,OGD,UT,ANM,WE,Federal Contract Tower,0,0,43,1,44,0,2,121,0,123,0,2,164,1,167,154,0,154,321
02/01/2022,OGD,UT,ANM,WE,Federal Contract Tower,0,3,36,3,42,0,4,126,18,148,0,7,162,21,190,80,0,80,270
02/02/2022,OGD,UT,ANM,WE,Federal Contract Tower,0,3,42,0,45,0,1,140,0,141,0,4,182,0,186,166,0,166,352
02/03/2022,OGD,UT,ANM,WE,Federal Contract Tower,2,1,42,0,45,0,3,163,2,168,2,4,205,2,213,84,0,84,297
02/04/2022,OGD,UT,ANM,WE,Federal Contract Tower,0,2,41,0,43,0,3,183,0,186,0,5,224,0,229,120,0,120,349
02/05/2022,OGD,UT,ANM,WE,Federal Contract Tower,0,0,35,0,35,0,2,153,0,155,0,2,188,0,190,62,0,62,252
02/06/2022,OGD,UT,ANM,WE,Federal Contract Tower,2,5,31,0,38,0,0,82,0,82,2,5,113,0,120,40,0,40,160
02/07/2022,OGD,UT,ANM,WE,Federal Contract Tower,0,0,53,0,53,0,1,124,1,126,0,1,177,1,179,82,0,82,261
02/08/2022,OGD,UT,ANM,WE,Federal Contract Tower,0,1,49,0,50,0,5,193,0,198,0,6,242,0,248,120,0,120,368
02/09/2022,OGD,UT,ANM,WE,Federal Contract Tower,0,4,46,0,50,0,9,174,0,183,0,13,220,0,233,98,0,98,331
02/10/2022,OGD,UT,ANM,WE,Federal Contract Tower,2,0,60,0,62,0,2,168,0,170,2,2,228,0,232,98,0,98,330
02/11/2022,OGD,UT,ANM,WE,Federal Contract Tower,0,1,52,0,53,0,2,177,0,179,0,3,229,0,232,140,0,140,372
02/12/2022,OGD,UT,ANM,WE,Federal Contract Tower,0,1,34,0,35,0,0,152,0,152,0,1,186,0,187,144,0,144,331
02/13/2022,OGD,UT,ANM,WE,Federal Contract Tower,2,0,25,0,27,0,2,77,0,79,2,2,102,0,106,28,0,28,134
02/14/2022,OGD,UT,ANM,WE,Federal Contract Tower,0,1,48,0,49,0,4,175,2,181,0,5,223,2,230,166,0,166,396
02/15/2022,OGD,UT,ANM,WE,Federal Contract Tower,0,4,33,3,40,0,5,94,2,101,0,9,127,5,141,108,0,108,249
02/16/2022,OGD,UT,ANM,WE,Federal Contract Tower,0,2,19,0,21,0,2,20,0,22,0,4,39,0,43,24,0,24,67
02/17/2022,OGD,UT,ANM,WE,Federal Contract Tower,2,3,54,0,59,0,7,242,0,249,2,10,296,0,308,154,0,154,462
02/18/2022,OGD,UT,ANM,WE,Federal Contract Tower,2,2,41,0,45,0,10,245,0,255,2,12,286,0,300,170,0,170,470
02/19/2022,OGD,UT,ANM,WE,Federal Contract Tower,0,0,30,0,30,0,5,151,0,156,0,5,181,0,186,76,0,76,262
02/20/2022,OGD,UT,ANM,WE,Federal Contract Tower,2,0,14,0,16,0,5,93,0,98,2,5,107,0,114,34,0,34,148
02/21/2022,OGD,UT,ANM,WE,Federal Contract Tower,2,2,45,0,49,0,4,99,0,103,2,6,144,0,152,118,0,118,270
02/22/2022,OGD,UT,ANM,WE,Federal Contract Tower,2,3,19,0,24,0,3,52,0,55,2,6,71,0,79,96,0,96,175
02/23/2022,OGD,UT,ANM,WE,Federal Contract Tower,0,4,11,0,15,0,5,110,0,115,0,9,121,0,130,240,0,240,370
02/24/2022,OGD,UT,ANM,WE,Federal Contract Tower,2,3,42,0,47,0,8,150,0,158,2,11,192,0,205,236,0,236,441
02/25/2022,OGD,UT,ANM,WE,Federal Contract Tower,2,2,57,0,61,0,3,156,0,159,2,5,213,0,220,106,0,106,326
02/26/2022,OGD,UT,ANM,WE,Federal Contract Tower,0,0,35,0,35,0,3,149,0,152,0,3,184,0,187,96,0,96,283
02/27/2022,OGD,UT,ANM,WE,Federal Contract Tower,2,4,52,0,58,0,9,161,0,170,2,13,213,0,228,106,0,106,334
02/28/2022,OGD,UT,ANM,WE,Federal Contract Tower,2,1,68,0,71,0,17,213,0,230,2,18,281,0,301,108,0,108,409
03/01/2022,OGD,UT,ANM,WE,Federal Contract Tower,2,3,43,0,48,0,8,164,0,172,2,11,207,0,220,176,0,176,396
03/02/2022,OGD,UT,ANM,WE,Federal Contract Tower,0,0,44,0,44,0,10,161,0,171,0,10,205,0,215,114,0,114,329
03/03/2022,OGD,UT,ANM,WE,Federal Contract Tower,2,2,48,0,52,0,10,94,0,104,2,12,142,0,156,136,0,136,292
03/04/2022,OGD,UT,ANM,WE,Federal Contract Tower,2,5,27,0,34,0,7,60,2,69,2,12,87,2,103,46,0,46,149
03/05/2022,OGD,UT,ANM,WE,Federal Contract Tower,0,2,9,0,11,0,2,21,0,23,0,4,30,0,34,47,0,47,81
03/06/2022,OGD,UT,ANM,WE,Federal Contract Tower,2,1,16,0,19,0,1,12,0,13,2,2,28,0,32,0,0,0,32
03/07/2022,OGD,UT,ANM,WE,Federal Contract Tower,2,1,51,0,54,0,8,177,0,185,2,9,228,0,239,138,0,138,377
03/08/2022,OGD,UT,ANM,WE,Federal Contract Tower,2,1,13,0,16,0,4,44,0,48,2,5,57,0,64,84,0,84,148
03/09/2022,OGD,UT,ANM,WE,Federal Contract Tower,0,1,13,0,14,0,5,3,0,8,0,6,16,0,22,30,0,30,52
03/10/2022,OGD,UT,ANM,WE,Federal Contract Tower,2,6,43,1,52,0,8,220,1,229,2,14,263,2,281,110,0,110,391
03/11/2022,OGD,UT,ANM,WE,Federal Contract Tower,2,3,40,0,45,0,16,233,0,249,2,19,273,0,294,158,0,158,452
03/12/2022,OGD,UT,ANM,WE,Federal Contract Tower,0,6,46,0,52,0,9,188,0,197,0,15,234,0,249,152,0,152,401
03/13/2022,OGD,UT,ANM,WE,Federal Contract Tower,2,0,11,0,13,0,0,28,0,28,2,0,39,0,41,58,0,58,99
03/14/2022,OGD,UT,ANM,WE,Federal Contract Tower,2,4,31,0,37,0,6,279,0,285,2,10,310,0,322,226,0,226,548
03/15/2022,OGD,UT,ANM,WE,Federal Contract Tower,2,5,41,0,48,0,2,199,0,201,2,7,240,0,249,126,0,126,375
03/16/2022,OGD,UT,ANM,WE,Federal Contract Tower,0,2,25,0,27,0,4,87,0,91,0,6,112,0,118,94,0,94,212
03/17/2022,OGD,UT,ANM,WE,Federal Contract Tower,2,3,47,0,52,0,9,228,0,237,2,12,275,0,289,186,0,186,475
03/18/2022,OGD,UT,ANM,WE,Federal Contract Tower,2,2,26,0,30,0,6,207,0,213,2,8,233,0,243,180,0,180,423
03/19/2022,OGD,UT,ANM,WE,Federal Contract Tower,0,0,22,0,22,0,4,125,0,129,0,4,147,0,151,38,0,38,189
03/20/2022,OGD,UT,ANM,WE,Federal Contract Tower,2,0,8,0,10,0,1,7,0,8,2,1,15,0,18,0,0,0,18
03/21/2022,OGD,UT,ANM,WE,Federal Contract Tower,2,4,46,0,52,0,14,193,0,207,2,18,239,0,259,126,0,126,385
03/22/2022,OGD,UT,ANM,WE,Federal Contract Tower,3,0,36,0,39,0,5,200,0,205,3,5,236,0,244,76,0,76,320
03/23/2022,OGD,UT,ANM,WE,Federal Contract Tower,0,1,55,0,56,0,3,206,0,209,0,4,261,0,265,172,0,172,437
03/24/2022,OGD,UT,ANM,WE,Federal Contract Tower,2,3,36,0,41,0,2,199,0,201,2,5,235,0,242,142,0,142,384
03/25/2022,OGD,UT,ANM,WE,Federal Contract Tower,2,2,42,0,46,0,14,174,0,188,2,16,216,0,234,152,0,152,386
03/26/2022,OGD,UT,ANM,WE,Federal Contract Tower,0,0,15,0,15,0,6,122,0,128,0,6,137,0,143,148,0,148,291
03/27/2022,OGD,UT,ANM,WE,Federal Contract Tower,2,4,13,0,19,0,3,61,0,64,2,7,74,0,83,78,0,78,161
03/28/2022,OGD,UT,ANM,WE,Federal Contract Tower,2,5,23,0,30,0,4,34,0,38,2,9,57,0,68,30,0,30,98
03/29/2022,OGD,UT,ANM,WE,Federal Contract Tower,2,4,18,0,24,0,2,102,0,104,2,6,120,0,128,132,0,132,260
03/30/2022,OGD,UT,ANM,WE,Federal Contract Tower,0,6,40,1,47,0,5,163,1,169,0,11,203,2,216,240,0,240,456
03/31/2022,OGD,UT,ANM,WE,Federal Contract Tower,2,2,18,0,22,0,3,77,0,80,2,5,95,0,102,128,0,128,230
04/01/2022,OGD,UT,ANM,WE,Federal Contract Tower,2,0,54,0,56,0,9,259,0,268,2,9,313,0,324,222,0,222,546
04/02/2022,OGD,UT,ANM,WE,Federal Contract Tower,0,4,29,0,33,0,5,159,0,164,0,9,188,0,197,72,0,72,269
04/03/2022,OGD,UT,ANM,WE,Federal Contract Tower,2,1,16,0,19,0,2,111,0,113,2,3,127,0,132,106,0,106,238
04/04/2022,OGD,UT,ANM,WE,Federal Contract Tower,2,5,33,0,40,0,4,86,0,90,2,9,119,0,130,76,0,76,206
04/05/2022,OGD,UT,ANM,WE,Federal Contract Tower,2,0,11,0,13,0,3,14,0,17,2,3,25,0,30,0,0,0,30
04/06/2022,OGD,UT,ANM,WE,Federal Contract Tower,0,1,62,1,64,0,1,230,1,232,0,2,292,2,296,116,0,116,412
04/07/2022,OGD,UT,ANM,WE,Federal Contract Tower,2,2,52,1,57,0,3,212,0,215,2,5,264,1,272,172,0,172,444
04/08/2022,OGD,UT,ANM,WE,Federal Contract Tower,0,0,32,0,32,0,13,218,0,231,0,13,250,0,263,114,0,114,377
04/09/2022,OGD,UT,ANM,WE,Federal Contract Tower,0,3,16,0,19,0,10,98,0,108,0,13,114,0,127,62,2,64,191
04/10/2022,OGD,UT,ANM,WE,Federal Contract Tower,2,2,16,0,20,0,7,78,0,85,2,9,94,0,105,76,0,76,181
04/11/2022,OGD,UT,ANM,WE,Federal Contract Tower,0,2,27,1,30,0,3,89,1,93,0,5,116,2,123,114,0,114,237
04/12/2022,OGD,UT,ANM,WE,Federal Contract Tower,2,1,14,0,17,0,0,9,0,9,2,1,23,0,26,36,0,36,62
04/13/2022,OGD,UT,ANM,WE,Federal Contract Tower,0,4,16,2,22,0,0,8,0,8,0,4,24,2,30,14,0,14,44
04/14/2022,OGD,UT,ANM,WE,Federal Contract Tower,0,0,27,1,28,0,4,149,0,153,0,4,176,1,181,142,0,142,323
04/15/2022,OGD,UT,ANM,WE,Federal Contract Tower,0,0,31,0,31,0,14,146,0,160,0,14,177,0,191,158,0,158,349
04/16/2022,OGD,UT,ANM,WE,Federal Contract Tower,2,0,15,0,17,0,6,125,0,131,2,6,140,0,148,92,0,92,240
04/17/2022,OGD,UT,ANM,WE,Federal Contract Tower,2,0,23,0,25,0,2,109,0,111,2,2,132,0,136,122,0,122,258
04/18/2022,OGD,UT,ANM,WE,Federal Contract Tower,0,0,42,0,42,0,6,275,0,281,0,6,317,0,323,152,0,152,475
04/19/2022,OGD,UT,ANM,WE,Federal Contract Tower,2,2,33,0,37,0,11,103,0,114,2,13,136,0,151,86,0,86,237
04/20/2022,OGD,UT,ANM,WE,Federal Contract Tower,0,0,57,1,58,0,2,243,1,246,0,2,300,2,304,216,0,216,520
04/21/2022,OGD,UT,ANM,WE,Federal Contract Tower,2,1,14,0,17,0,6,47,0,53,2,7,61,0,70,0,0,0,70
04/22/2022,OGD,UT,ANM,WE,Federal Contract Tower,0,0,8,0,8,0,1,25,0,26,0,1,33,0,34,78,0,78,112
04/23/2022,OGD,UT,ANM,WE,Federal Contract Tower,0,0,5,0,5,0,15,99,0,114,0,15,104,0,119,64,0,64,183
04/24/2022,OGD,UT,ANM,WE,Federal Contract Tower,2,0,35,0,37,0,15,177,0,192,2,15,212,0,229,216,0,216,445
04/25/2022,OGD,UT,ANM,WE,Federal Contract Tower,0,1,65,1,67,0,9,266,1,276,0,10,331,2,343,134,0,134,477
04/26/2022,OGD,UT,ANM,WE,Federal Contract Tower,2,4,42,0,48,0,15,155,0,170,2,19,197,0,218,104,0,104,322
04/27/2022,OGD,UT,ANM,WE,Federal Contract Tower,0,2,35,0,37,0,12,167,0,179,0,14,202,0,216,90,0,90,306
04/28/2022,OGD,UT,ANM,WE,Federal Contract Tower,2,0,45,0,47,0,6,140,0,146,2,6,185,0,193,182,0,182,375
04/29/2022,OGD,UT,ANM,WE,Federal Contract Tower,0,2,33,0,35,0,10,95,0,105,0,12,128,0,140,138,0,138,278
04/30/2022,OGD,UT,ANM,WE,Federal Contract Tower,0,1,27,4,32,0,8,188,0,196,0,9,215,4,228,152,0,152,380
05/01/2022,OGD,UT,ANM,WE,Federal Contract Tower,2,1,17,0,20,0,4,47,0,51,2,5,64,0,71,58,0,58,129
05/02/2022,OGD,UT,ANM,WE,Federal Contract Tower,0,0,49,0,49,0,3,115,1,119,0,3,164,1,168,134,0,134,302
05/03/2022,OGD,UT,ANM,WE,Federal Contract Tower,0,4,33,0,37,0,0,131,0,131,0,4,164,0,168,74,0,74,242
05/04/2022,OGD,UT,ANM,WE,Federal Contract Tower,0,2,28,0,30,0,7,126,0,133,0,9,154,0,163,138,0,138,301
05/05/2022,OGD,UT,ANM,WE,Federal Contract Tower,2,3,47,0,52,0,4,225,0,229,2,7,272,0,281,133,0,133,414
05/06/2022,OGD,UT,ANM,WE,Federal Contract Tower,0,3,41,0,44,0,5,174,0,179,0,8,215,0,223,140,0,140,363
05/07/2022,OGD,UT,ANM,WE,Federal Contract Tower,0,2,19,0,21,0,18,54,0,72,0,20,73,0,93,28,0,28,121
05/08/2022,OGD,UT,ANM,WE,Federal Contract Tower,2,3,11,0,16,0,4,62,0,66,2,7,73,0,82,44,0,44,126
05/09/2022,OGD,UT,ANM,WE,Federal Contract Tower,0,0,29,0,29,0,1,83,0,84,0,1,112,0,113,104,0,104,217
05/10/2022,OGD,UT,ANM,WE,Federal Contract Tower,0,1,38,0,39,0,3,248,0,251,0,4,286,0,290,118,0,118,408
05/11/2022,OGD,UT,ANM,WE,Federal Contract Tower,0,2,48,0,50,0,3,176,0,179,0,5,224,0,229,90,0,90,319
05/12/2022,OGD,UT,ANM,WE,Federal Contract Tower,2,3,38,1,44,0,13,138,0,151,2,16,176,1,195,78,0,78,273
05/13/2022,OGD,UT,ANM,WE,Federal Contract Tower,0,7,38,0,45,0,12,174,0,186,0,19,212,0,231,130,0,130,361
05/14/2022,OGD,UT,ANM,WE,Federal Contract Tower,0,2,16,0,18,0,28,139,0,167,0,30,155,0,185,100,0,100,285
05/15/2022,OGD,UT,ANM,WE,Federal Contract Tower,2,2,15,0,19,0,8,111,0,119,2,10,126,0,138,102,0,102,240
05/16/2022,OGD,UT,ANM,WE,Federal Contract Tower,0,2,36,2,40,0,5,178,0,183,0,7,214,2,223,258,0,258,481
05/17/2022,OGD,UT,ANM,WE,Federal Contract Tower,0,1,38,0,39,0,15,195,0,210,0,16,233,0,249,284,0,284,533
05/18/2022,OGD,UT,ANM,WE,Federal Contract Tower,0,3,49,0,52,0,13,178,0,191,0,16,227,0,243,198,0,198,441
05/19/2022,OGD,UT,ANM,WE,Federal Contract Tower,2,4,24,1,31,0,8,79,1,88,2,12,103,2,119,150,0,150,269
05/20/2022,OGD,UT,ANM,WE,Federal Contract Tower,0,2,36,4,42,0,15,137,0,152,0,17,173,4,194,140,0,140,334
05/21/2022,OGD,UT,ANM,WE,Federal Contract Tower,0,2,33,0,35,0,26,112,0,138,0,28,145,0,173,64,0,64,237
05/22/2022,OGD,UT,ANM,WE,Federal Contract Tower,2,0,20,0,22,0,12,60,0,72,2,12,80,0,94,24,0,24,118
05/23/2022,OGD,UT,ANM,WE,Federal Contract Tower,0,11,55,0,66,0,10,230,0,240,0,21,285,0,306,376,0,376,682
05/24/2022,OGD,UT,ANM,WE,Federal Contract Tower,0,2,50,0,52,0,13,196,12,221,0,15,246,12,273,221,0,221,494
05/25/2022,OGD,UT,ANM,WE,Federal Contract Tower,0,2,52,1,55,0,3,169,11,183,0,5,221,12,238,188,2,190,428
05/26/2022,OGD,UT,ANM,WE,Federal Contract Tower,1,0,37,0,38,0,8,168,1,177,1,8,205,1,215,158,0,158,373
05/27/2022,OGD,UT,ANM,WE,Federal Contract Tower,0,4,32,0,36,0,16,169,0,185,0,20,201,0,221,98,0,98,319
05/28/2022,OGD,UT,ANM,WE,Federal Contract Tower,0,1,9,2,12,0,2,27,0,29,0,3,36,2,41,132,0,132,173
05/29/2022,OGD,UT,ANM,WE,Federal Contract Tower,2,2,4,0,8,0,1,15,0,16,2,3,19,0,24,66,0,66,90
05/30/2022,OGD,UT,ANM,WE,Federal Contract Tower,0,1,9,0,10,0,0,12,0,12,0,1,21,0,22,68,0,68,90
05/31/2022,OGD,UT,ANM,WE,Federal Contract Tower,2,2,54,0,58,0,3,210,0,213,2,5,264,0,271,215,0,215,486
06/01/2022,OGD,UT,ANM,WE,Federal Contract Tower,0,3,69,1,73,0,5,271,1,277,0,8,340,2,350,160,0,160,510
06/02/2022,OGD,UT,ANM,WE,Federal Contract Tower,1,1,47,0,49,0,6,279,0,285,1,7,326,0,334,132,0,132,466
06/03/2022,OGD,UT,ANM,WE,Federal Contract Tower,0,4,60,0,64,0,16,207,0,223,0,20,267,0,287,100,0,100,387
06/04/2022,OGD,UT,ANM,WE,Federal Contract Tower,0,2,18,0,20,0,22,116,0,138,0,24,134,0,158,76,0,76,234
06/05/2022,OGD,UT,ANM,WE,Federal Contract Tower,0,2,25,0,27,0,9,70,0,79,0,11,95,0,106,124,0,124,230
06/06/2022,OGD,UT,ANM,WE,Federal Contract Tower,0,5,41,0,46,0,8,142,0,150,0,13,183,0,196,146,0,146,342
06/07/2022,OGD,UT,ANM,WE,Federal Contract Tower,2,1,41,0,44,0,6,179,2,187,2,7,220,2,231,162,2,164,395
06/08/2022,OGD,UT,ANM,WE,Federal Contract Tower,0,0,41,0,41,0,5,157,0,162,0,5,198,0,203,250,0,250,453
06/09/2022,OGD,UT,ANM,WE,Federal Contract Tower,2,0,51,0,53,0,12,177,0,189,2,12,228,0,242,166,0,166,408
06/10/2022,OGD,UT,ANM,WE,Federal Contract Tower,0,3,47,0,50,0,21,203,0,224,0,24,250,0,274,176,0,176,450
06/11/2022,OGD,UT,ANM,WE,Federal Contract Tower,0,2,22,0,24,0,18,86,0,104,0,20,108,0,128,136,0,136,264
06/12/2022,OGD,UT,ANM,WE,Federal Contract Tower,2,0,17,0,19,0,17,44,0,61,2,17,61,0,80,96,0,96,176
06/13/2022,OGD,UT,ANM,WE,Federal Contract Tower,0,3,36,2,41,0,3,115,2,120,0,6,151,4,161,130,0,130,291
06/14/2022,OGD,UT,ANM,WE,Federal Contract Tower,2,5,46,0,53,0,14,182,0,196,2,19,228,0,249,144,0,144,393
06/15/2022,OGD,UT,ANM,WE,Federal Contract Tower,0,1,54,0,55,0,2,204,0,206,0,3,258,0,261,168,0,168,429
06/16/2022,OGD,UT,ANM,WE,Federal Contract Tower,0,4,34,0,38,0,12,155,0,167,0,16,189,0,205,140,0,140,345
06/17/2022,OGD,UT,ANM,WE,Federal Contract Tower,0,2,16,0,18,0,23,11,0,34,0,25,27,0,52,22,0,22,74
06/18/2022,OGD,UT,ANM,WE,Federal Contract Tower,2,1,12,0,15,0,2,24,0,26,2,3,36,0,41,50,0,50,91
06/19/2022,OGD,UT,ANM,WE,Federal Contract Tower,0,1,20,0,21,0,18,49,0,67,0,19,69,0,88,34,0,34,122
06/20/2022,OGD,UT,ANM,WE,Federal Contract Tower,0,1,49,0,50,0,5,167,0,172,0,6,216,0,222,177,0,177,399
06/21/2022,OGD,UT,ANM,WE,Federal Contract Tower,2,2,117,0,121,0,6,208,0,214,2,8,325,0,335,124,0,124,459
06/22/2022,OGD,UT,ANM,WE,Federal Contract Tower,0,2,59,0,61,0,8,219,0,227,0,10,278,0,288,191,0,191,479
06/23/2022,OGD,UT,ANM,WE,Federal Contract Tower,0,6,31,1,38,0,14,150,0,164,0,20,181,1,202,90,0,90,292
06/24/2022,OGD,UT,ANM,WE,Federal Contract Tower,0,5,15,0,20,0,13,54,0,67,0,18,69,0,87,46,0,46,133
06/25/2022,OGD,UT,ANM,WE,Federal Contract Tower,0,3,7,0,10,0,16,32,0,48,0,19,39,0,58,54,0,54,112
06/26/2022,OGD,UT,ANM,WE,Federal Contract Tower,0,0,14,0,14,0,1,46,0,47,0,1,60,0,61,50,0,50,111
06/27/2022,OGD,UT,ANM,WE,Federal Contract Tower,0,2,64,0,66,0,22,206,2,230,0,24,270,2,296,188,0,188,484
06/28/2022,OGD,UT,ANM,WE,Federal Contract Tower,0,12,34,0,46,0,23,139,0,162,0,35,173,0,208,210,0,210,418
06/29/2022,OGD,UT,ANM,WE,Federal Contract Tower,0,2,36,0,38,0,23,128,0,151,0,25,164,0,189,330,0,330,519
06/30/2022,OGD,UT,ANM,WE,Federal Contract Tower,0,2,29,0,31,0,14,146,0,160,0,16,175,0,191,292,0,292,483
07/01/2022,OGD,UT,ANM,WE,Federal Contract Tower,0,0,42,0,42,0,10,145,0,155,0,10,187,0,197,132,0,132,329
07/02/2022,OGD,UT,ANM,WE,Federal Contract Tower,0,0,14,0,14,0,23,69,0,92,0,23,83,0,106,44,0,44,150
07/03/2022,OGD,UT,ANM,WE,Federal Contract Tower,0,0,6,0,6,0,0,19,0,19,0,0,25,0,25,22,0,22,47
07/04/2022,OGD,UT,ANM,WE,Federal Contract Tower,0,2,7,0,9,0,10,37,0,47,0,12,44,0,56,34,0,34,90
07/05/2022,OGD,UT,ANM,WE,Federal Contract Tower,0,3,20,0,23,0,4,124,0,128,0,7,144,0,151,124,0,124,275
07/06/2022,OGD,UT,ANM,WE,Federal Contract Tower,0,1,22,0,23,0,2,32,0,34,0,3,54,0,57,0,0,0,57
07/07/2022,OGD,UT,ANM,WE,Federal Contract Tower,0,0,40,0,40,0,16,93,0,109,0,16,133,0,149,74,0,74,223
07/08/2022,OGD,UT,ANM,WE,Federal Contract Tower,0,3,40,0,43,0,16,106,0,122,0,19,146,0,165,56,0,56,221
07/09/2022,OGD,UT,ANM,WE,Federal Contract Tower,0,3,17,0,20,0,23,96,0,119,0,26,113,0,139,18,0,18,157
07/10/2022,OGD,UT,ANM,WE,Federal Contract Tower,0,1,19,0,20,0,21,109,0,130,0,22,128,0,150,64,0,64,214
07/11/2022,OGD,UT,ANM,WE,Federal Contract Tower,0,0,45,0,45,0,14,165,0,179,0,14,210,0,224,144,0,144,368
07/12/2022,OGD,UT,ANM,WE,Federal Contract Tower,0,0,40,0,40,0,1,170,0,171,0,1,210,0,211,112,0,112,323
07/13/2022,OGD,UT,ANM,WE,Federal Contract Tower,1,4,41,0,46,0,2,141,0,143,1,6,182,0,189,50,0,50,239
07/14/2022,OGD,UT,ANM,WE,Federal Contract Tower,0,2,48,0,50,0,13,178,0,191,0,15,226,0,241,42,0,42,283
07/15/2022,OGD,UT,ANM,WE,Federal Contract Tower,0,2,29,0,31,0,6,112,0,118,0,8,141,0,149,138,0,138,287
07/16/2022,OGD,UT,ANM,WE,Federal Contract Tower,0,0,21,0,21,0,39,214,0,253,0,39,235,0,274,60,0,60,334
07/17/2022,OGD,UT,ANM,WE,Federal Contract Tower,0,0,30,0,30,0,10,86,0,96,0,10,116,0,126,76,0,76,202
07/18/2022,OGD,UT,ANM,WE,Federal Contract Tower,0,0,29,0,29,0,6,170,0,176,0,6,199,0,205,114,0,114,319
07/19/2022,OGD,UT,ANM,WE,Federal Contract Tower,0,1,32,0,33,0,8,161,0,169,0,9,193,0,202,80,0,80,282
07/20/2022,OGD,UT,ANM,WE,Federal Contract Tower,0,0,51,0,51,0,9,168,0,177,0,9,219,0,228,94,0,94,322
07/21/2022,OGD,UT,ANM,WE,Federal Contract Tower,0,4,42,0,46,0,13,169,2,184,0,17,211,2,230,168,0,168,398
07/22/2022,OGD,UT,ANM,WE,Federal Contract Tower,0,2,46,0,48,0,18,144,0,162,0,20,190,0,210,92,0,92,302
07/23/2022,OGD,UT,ANM,WE,Federal Contract Tower,0,2,27,0,29,0,26,101,0,127,0,28,128,0,156,100,0,100,256
07/24/2022,OGD,UT,ANM,WE,Federal Contract Tower,0,4,20,0,24,0,24,72,0,96,0,28,92,0,120,86,0,86,206
07/25/2022,OGD,UT,ANM,WE,Federal Contract Tower,0,1,47,0,48,0,8,183,0,191,0,9,230,0,239,116,0,116,355
07/26/2022,OGD,UT,ANM,WE,Federal Contract Tower,0,0,42,2,44,0,5,157,0,162,0,5,199,2,206,98,0,98,304
07/27/2022,OGD,UT,ANM,WE,Federal Contract Tower,0,3,39,1,43,0,5,153,1,159,0,8,192,2,202,144,0,144,346
07/28/2022,OGD,UT,ANM,WE,Federal Contract Tower,0,2,33,1,36,0,16,109,0,125,0,18,142,1,161,62,0,62,223
07/29/2022,OGD,UT,ANM,WE,Federal Contract Tower,0,1,33,0,34,0,21,146,0,167,0,22,179,0,201,74,0,74,275
07/30/2022,OGD,UT,ANM,WE,Federal Contract Tower,0,1,20,0,21,0,19,104,0,123,0,20,124,0,144,58,0,58,202
07/31/2022,OGD,UT,ANM,WE,Federal Contract Tower,0,0,16,0,16,0,15,90,0,105,0,15,106,0,121,60,0,60,181
08/01/2022,OGD,UT,ANM,WE,Federal Contract Tower,0,2,38,0,40,0,9,99,0,108,0,11,137,0,148,144,0,144,292
08/02/2022,OGD,UT,ANM,WE,Federal Contract Tower,0,3,44,0,47,0,3,177,0,180,0,6,221,0,227,126,0,126,353
08/03/2022,OGD,UT,ANM,WE,Federal Contract Tower,0,4,54,0,58,0,0,173,0,173,0,4,227,0,231,72,0,72,303
08/04/2022,OGD,UT,ANM,WE,Federal Contract Tower,0,1,42,1,44,0,15,169,0,184,0,16,211,1,228,68,0,68,296
08/05/2022,OGD,UT,ANM,WE,Federal Contract Tower,0,3,17,0,20,0,16,95,0,111,0,19,112,0,131,32,0,32,163
08/06/2022,OGD,UT,ANM,WE,Federal Contract Tower,0,0,12,0,12,0,8,25,0,33,0,8,37,0,45,60,0,60,105
08/07/2022,OGD,UT,ANM,WE,Federal Contract Tower,0,0,30,0,30,0,15,104,0,119,0,15,134,0,149,76,0,76,225
08/08/2022,OGD,UT,ANM,WE,Federal Contract Tower,0,0,42,0,42,0,5,179,0,184,0,5,221,0,226,178,0,178,404
08/09/2022,OGD,UT,ANM,WE,Federal Contract Tower,0,4,50,0,54,0,6,187,0,193,0,10,237,0,247,138,0,138,385
08/10/2022,OGD,UT,ANM,WE,Federal Contract Tower,0,1,40,0,41,0,20,110,0,130,0,21,150,0,171,122,0,122,293
08/11/2022,OGD,UT,ANM,WE,Federal Contract Tower,0,2,28,0,30,0,14,113,0,127,0,16,141,0,157,120,4,124,281
08/12/2022,OGD,UT,ANM,WE,Federal Contract Tower,0,2,30,0,32,0,7,135,0,142,0,9,165,0,174,108,0,108,282
08/13/2022,OGD,UT,ANM,WE,Federal Contract Tower,0,1,24,0,25,0,25,85,0,110,0,26,109,0,135,58,0,58,193
08/14/2022,OGD,UT,ANM,WE,Federal Contract Tower,0,3,20,0,23,0,19,55,0,74,0,22,75,0,97,44,0,44,141
08/15/2022,OGD,UT,ANM,WE,Federal Contract Tower,0,2,50,0,52,0,7,170,0,177,0,9,220,0,229,136,0,136,365
08/16/2022,OGD,UT,ANM,WE,Federal Contract Tower,0,2,31,0,33,0,7,122,1,130,0,9,153,1,163,146,0,146,309
08/17/2022,OGD,UT,ANM,WE,Federal Contract Tower,0,3,41,0,44,0,3,117,0,120,0,6,158,0,164,142,0,142,306
08/18/2022,OGD,UT,ANM,WE,Federal Contract Tower,0,6,45,0,51,0,10,156,0,166,0,16,201,0,217,54,0,54,271
08/19/2022,OGD,UT,ANM,WE,Federal Contract Tower,0,0,21,0,21,0,11,100,0,111,0,11,121,0,132,114,0,114,246
08/20/2022,OGD,UT,ANM,WE,Federal Contract Tower,0,0,16,0,16,0,19,85,0,104,0,19,101,0,120,98,0,98,218
08/21/2022,OGD,UT,ANM,WE,Federal Contract Tower,0,6,33,0,39,0,29,118,0,147,0,35,151,0,186,82,0,82,268
08/22/2022,OGD,UT,ANM,WE,Federal Contract Tower,0,4,38,0,42,0,2,165,0,167,0,6,203,0,209,150,4,154,363
08/23/2022,OGD,UT,ANM,WE,Federal Contract Tower,0,2,33,0,35,0,4,148,2,154,0,6,181,2,189,134,4,138,327
08/24/2022,OGD,UT,ANM,WE,Federal Contract Tower,0,4,34,0,38,0,7,119,0,126,0,11,153,0,164,158,0,158,322
08/25/2022,OGD,UT,ANM,WE,Federal Contract Tower,0,0,34,1,35,0,25,125,1,151,0,25,159,2,186,152,0,152,338
08/26/2022,OGD,UT,ANM,WE,Federal Contract Tower,0,5,42,0,47,0,22,115,0,137,0,27,157,0,184,142,0,142,326
08/27/2022,OGD,UT,ANM,WE,Federal Contract Tower,0,0,15,0,15,0,26,119,0,145,0,26,134,0,160,54,0,54,214
08/28/2022,OGD,UT,ANM,WE,Federal Contract Tower,0,2,21,0,23,0,20,138,0,158,0,22,159,0,181,218,0,218,399
08/29/2022,OGD,UT,ANM,WE,Federal Contract Tower,0,3,46,1,50,0,8,193,1,202,0,11,239,2,252,214,0,214,466
08/30/2022,OGD,UT,ANM,WE,Federal Contract Tower,0,6,34,0,40,0,9,161,0,170,0,15,195,0,210,144,0,144,354
08/31/2022,OGD,UT,ANM,WE,Federal Contract Tower,0,1,27,1,29,0,5,119,6,130,0,6,146,7,159,164,0,164,323
09/01/2022,OGD,UT,ANM,WE,Federal Contract Tower,0,4,39,2,45,0,10,127,7,144,0,14,166,9,189,119,0,119,308
09/02/2022,OGD,UT,ANM,WE,Federal Contract Tower,0,1,45,0,46,0,10,168,1,179,0,11,213,1,225,166,0,166,391
09/03/2022,OGD,UT,ANM,WE,Federal Contract Tower,0,7,11,0,18,0,36,71,0,107,0,43,82,0,125,66,0,66,191
09/04/2022,OGD,UT,ANM,WE,Federal Contract Tower,0,4,16,0,20,0,12,75,0,87,0,16,91,0,107,120,0,120,227
09/05/2022,OGD,UT,ANM,WE,Federal Contract Tower,0,0,28,0,28,0,6,90,0,96,0,6,118,0,124,176,0,176,300
09/06/2022,OGD,UT,ANM,WE,Federal Contract Tower,0,0,31,3,34,0,11,124,3,138,0,11,155,6,172,168,0,168,340
09/07/2022,OGD,UT,ANM,WE,Federal Contract Tower,0,5,40,1,46,0,9,124,1,134,0,14,164,2,180,100,0,100,280
09/08/2022,OGD,UT,ANM,WE,Federal Contract Tower,0,4,29,0,33,0,4,106,0,110,0,8,135,0,143,126,0,126,269
09/09/2022,OGD,UT,ANM,WE,Federal Contract Tower,0,1,47,0,48,0,25,126,0,151,0,26,173,0,199,104,0,104,303
09/10/2022,OGD,UT,ANM,WE,Federal Contract Tower,0,3,23,0,26,0,38,84,0,122,0,41,107,0,148,110,0,110,258
09/11/2022,OGD,UT,ANM,WE,Federal Contract Tower,0,3,20,0,23,0,18,84,0,102,0,21,104,0,125,136,0,136,261
09/12/2022,OGD,UT,ANM,WE,Federal Contract Tower,0,0,23,0,23,0,3,126,0,129,0,3,149,0,152,98,0,98,250
09/13/2022,OGD,UT,ANM,WE,Federal Contract Tower,0,0,18,0,18,0,1,45,0,46,0,1,63,0,64,52,0,52,116
09/14/2022,OGD,UT,ANM,WE,Federal Contract Tower,0,0,16,1,17,0,3,131,2,136,0,3,147,3,153,180,0,180,333
09/15/2022,OGD,UT,ANM,WE,Federal Contract Tower,0,2,34,0,36,0,11,128,0,139,0,13,162,0,175,148,0,148,323
09/16/2022,OGD,UT,ANM,WE,Federal Contract Tower,0,4,29,0,33,0,10,153,0,163,0,14,182,0,196,188,0,188,384
09/17/2022,OGD,UT,ANM,WE,Federal Contract Tower,0,2,15,0,17,0,14,75,0,89,0,16,90,0,106,100,0,100,206
09/18/2022,OGD,UT,ANM,WE,Federal Contract Tower,0,2,18,0,20,0,6,91,0,97,0,8,109,0,117,32,0,32,149
09/19/2022,OGD,UT,ANM,WE,Federal Contract Tower,0,1,29,0,30,0,2,152,0,154,0,3,181,0,184,240,0,240,424
09/20/2022,OGD,UT,ANM,WE,Federal Contract Tower,0,1,50,0,51,0,5,151,2,158,0,6,201,2,209,130,0,130,339
09/21/2022,OGD,UT,ANM,WE,Federal Contract Tower,0,5,34,0,39,0,5,87,0,92,0,10,121,0,131,134,0,134,265
09/22/2022,OGD,UT,ANM,WE,Federal Contract Tower,0,4,33,0,37,0,14,108,0,122,0,18,141,0,159,190,0,190,349
09/23/2022,OGD,UT,ANM,WE,Federal Contract Tower,1,1,27,0,29,0,9,176,2,187,1,10,203,2,216,254,0,254,470
09/24/2022,OGD,UT,ANM,WE,Federal Contract Tower,0,1,44,0,45,0,21,172,0,193,0,22,216,0,238,116,0,116,354
09/25/2022,OGD,UT,ANM,WE,Federal Contract Tower,1,7,23,0,31,0,21,109,0,130,1,28,132,0,161,58,0,58,219
09/26/2022,OGD,UT,ANM,WE,Federal Contract Tower,0,0,40,0,40,0,6,152,0,158,0,6,192,0,198,98,0,98,296
09/27/2022,OGD,UT,ANM,WE,Federal Contract Tower,2,1,51,0,54,0,0,168,0,168,2,1,219,0,222,226,0,226,448
09/28/2022,OGD,UT,ANM,WE,Federal Contract Tower,0,4,22,0,26,0,5,108,4,117,0,9,130,4,143,72,0,72,215
09/29/2022,OGD,UT,ANM,WE,Federal Contract Tower,0,6,39,0,45,0,15,131,0,146,0,21,170,0,191,182,0,182,373
09/30/2022,OGD,UT,ANM,WE,Federal Contract Tower,3,9,33,0,45,0,15,148,0,163,3,24,181,0,208,104,0,104,312
10/01/2022,OGD,UT,ANM,WE,Federal Contract Tower,0,5,24,0,29,0,36,109,0,145,0,41,133,0,174,64,0,64,238
10/02/2022,OGD,UT,ANM,WE,Federal Contract Tower,1,5,22,0,28,0,22,70,0,92,1,27,92,0,120,80,0,80,200
10/03/2022,OGD,UT,ANM,WE,Federal Contract Tower,0,5,36,0,41,0,12,191,0,203,0,17,227,0,244,174,0,174,418
10/04/2022,OGD,UT,ANM,WE,Federal Contract Tower,5,8,40,0,53,0,10,213,0,223,5,18,253,0,276,196,0,196,472
10/05/2022,OGD,UT,ANM,WE,Federal Contract Tower,3,7,53,0,63,0,7,211,0,218,3,14,264,0,281,206,0,206,487
10/06/2022,OGD,UT,ANM,WE,Federal Contract Tower,4,2,38,0,44,0,14,187,0,201,4,16,225,0,245,206,0,206,451
10/07/2022,OGD,UT,ANM,WE,Federal Contract Tower,0,3,33,0,36,0,8,225,0,233,0,11,258,0,269,242,0,242,511
10/08/2022,OGD,UT,ANM,WE,Federal Contract Tower,1,5,20,0,26,0,16,154,0,170,1,21,174,0,196,78,0,78,274
10/09/2022,OGD,UT,ANM,WE,Federal Contract Tower,1,0,20,0,21,0,12,94,0,106,1,12,114,0,127,56,0,56,183
10/10/2022,OGD,UT,ANM,WE,Federal Contract Tower,0,0,54,0,54,0,8,223,0,231,0,8,277,0,285,262,0,262,547
10/11/2022,OGD,UT,ANM,WE,Federal Contract Tower,0,0,33,0,33,0,3,200,0,203,0,3,233,0,236,234,0,234,470
10/12/2022,OGD,UT,ANM,WE,Federal Contract Tower,1,7,46,0,54,0,11,236,0,247,1,18,282,0,301,188,2,190,491
10/13/2022,OGD,UT,ANM,WE,Federal Contract Tower,1,6,34,0,41,0,14,226,0,240,1,20,260,0,281,156,0,156,437
10/14/2022,OGD,UT,ANM,WE,Federal Contract Tower,6,2,33,0,41,0,11,180,0,191,6,13,213,0,232,244,0,244,476
10/15/2022,OGD,UT,ANM,WE,Federal Contract Tower,1,2,16,0,19,0,17,220,0,237,1,19,236,0,256,68,0,68,324
10/16/2022,OGD,UT,ANM,WE,Federal Contract Tower,0,1,10,0,11,0,21,41,0,62,0,22,51,0,73,0,0,0,73
10/17/2022,OGD,UT,ANM,WE,Federal Contract Tower,0,0,51,0,51,0,2,221,0,223,0,2,272,0,274,266,0,266,540
10/18/2022,OGD,UT,ANM,WE,Federal Contract Tower,0,6,57,1,64,0,4,200,1,205,0,10,257,2,269,268,0,268,537
10/19/2022,OGD,UT,ANM,WE,Federal Contract Tower,2,0,66,1,69,0,5,257,1,263,2,5,323,2,332,156,0,156,488
10/20/2022,OGD,UT,ANM,WE,Federal Contract Tower,1,5,57,0,63,0,17,236,1,254,1,22,293,1,317,248,0,248,565
10/21/2022,OGD,UT,ANM,WE,Federal Contract Tower,4,7,32,0,43,0,10,202,0,212,4,17,234,0,255,192,0,192,447
10/22/2022,OGD,UT,ANM,WE,Federal Contract Tower,2,1,8,1,12,0,0,3,0,3,2,1,11,1,15,0,0,0,15
10/23/2022,OGD,UT,ANM,WE,Federal Contract Tower,1,1,9,1,12,0,3,16,0,19,1,4,25,1,31,16,0,16,47
10/24/2022,OGD,UT,ANM,WE,Federal Contract Tower,1,3,30,1,35,0,3,152,1,156,1,6,182,2,191,272,0,272,463
10/25/2022,OGD,UT,ANM,WE,Federal Contract Tower,1,3,26,0,30,0,4,122,0,126,1,7,148,0,156,246,0,246,402
10/26/2022,OGD,UT,ANM,WE,Federal Contract Tower,0,2,16,0,18,0,0,67,0,67,0,2,83,0,85,148,0,148,233
10/27/2022,OGD,UT,ANM,WE,Federal Contract Tower,1,3,32,1,37,0,12,238,0,250,1,15,270,1,287,214,0,214,501
10/28/2022,OGD,UT,ANM,WE,Federal Contract Tower,0,3,46,0,49,0,3,212,0,215,0,6,258,0,264,174,0,174,438
10/29/2022,OGD,UT,ANM,WE,Federal Contract Tower,1,4,32,0,37,0,15,200,0,215,1,19,232,0,252,120,0,120,372
10/31/2022,OGD,UT,ANM,WE,Federal Contract Tower,0,0,55,1,56,0,4,192,1,197,0,4,247,2,253,232,0,232,485
11/01/2022,OGD,UT,ANM,WE,Federal Contract Tower,1,2,29,2,34,0,14,79,2,95,1,16,108,4,129,112,0,112,241
11/02/2022,OGD,UT,ANM,WE,Federal Contract Tower,1,4,13,0,18,0,0,17,0,17,1,4,30,0,35,22,0,22,57
11/03/2022,OGD,UT,ANM,WE,Federal Contract Tower,1,0,41,0,42,0,8,194,0,202,1,8,235,0,244,308,0,308,552
11/04/2022,OGD,UT,ANM,WE,Federal Contract Tower,0,3,36,0,39,0,6,237,0,243,0,9,273,0,282,338,0,338,620
11/05/2022,OGD,UT,ANM,WE,Federal Contract Tower,1,2,9,0,12,0,0,38,0,38,1,2,47,0,50,80,0,80,130
11/06/2022,OGD,UT,ANM,WE,Federal Contract Tower,2,1,18,0,21,0,4,101,0,105,2,5,119,0,126,144,0,144,270
11/07/2022,OGD,UT,ANM,WE,Federal Contract Tower,0,2,12,1,15,0,0,15,1,16,0,2,27,2,31,28,0,28,59
11/08/2022,OGD,UT,ANM,WE,Federal Contract Tower,1,10,7,0,18,0,1,16,0,17,1,11,23,0,35,48,0,48,83
11/09/2022,OGD,UT,ANM,WE,Federal Contract Tower,5,9,20,0,34,0,3,86,2,91,5,12,106,2,125,132,0,132,257
11/10/2022,OGD,UT,ANM,WE,Federal Contract Tower,3,6,40,0,49,0,8,253,0,261,3,14,293,0,310,222,0,222,532
11/11/2022,OGD,UT,ANM,WE,Federal Contract Tower,2,3,48,0,53,0,5,229,0,234,2,8,277,0,287,160,0,160,447
11/12/2022,OGD,UT,ANM,WE,Federal Contract Tower,1,3,49,0,53,0,8,271,0,279,1,11,320,0,332,226,0,226,558
11/13/2022,OGD,UT,ANM,WE,Federal Contract Tower,0,0,42,0,42,0,0,161,0,161,0,0,203,0,203,96,0,96,299
11/14/2022,OGD,UT,ANM,WE,Federal Contract Tower,1,4,49,0,54,0,3,280,0,283,1,7,329,0,337,150,0,150,487
11/15/2022,OGD,UT,ANM,WE,Federal Contract Tower,1,1,47,1,50,0,3,205,1,209,1,4,252,2,259,116,0,116,375
11/16/2022,OGD,UT,ANM,WE,Federal Contract Tower,1,5,36,0,42,0,5,214,0,219,1,10,250,0,261,120,0,120,381
11/17/2022,OGD,UT,ANM,WE,Federal Contract Tower,2,2,25,1,30,0,4,261,1,266,2,6,286,2,296,138,0,138,434
11/18/2022,OGD,UT,ANM,WE,Federal Contract Tower,2,1,31,0,34,0,5,249,0,254,2,6,280,0,288,180,0,180,468
11/19/2022,OGD,UT,ANM,WE,Federal Contract Tower,1,2,19,0,22,0,3,192,0,195,1,5,211,0,217,114,0,114,331
11/20/2022,OGD,UT,ANM,WE,Federal Contract Tower,2,1,20,0,23,0,0,178,0,178,2,1,198,0,201,102,0,102,303
11/21/2022,OGD,UT,ANM,WE,Federal Contract Tower,1,1,45,1,48,0,4,201,1,206,1,5,246,2,254,228,0,228,482
11/22/2022,OGD,UT,ANM,WE,Federal Contract Tower,4,5,52,0,61,0,9,226,2,237,4,14,278,2,298,175,4,179,477
11/23/2022,OGD,UT,ANM,WE,Federal Contract Tower,4,2,33,0,39,0,5,129,0,134,4,7,162,0,173,234,0,234,407
11/24/2022,OGD,UT,ANM,WE,Federal Contract Tower,0,0,2,0,2,0,7,25,0,32,0,7,27,0,34,8,0,8,42
11/25/2022,OGD,UT,ANM,WE,Federal Contract Tower,2,0,19,0,21,0,6,114,0,120,2,6,133,0,141,26,0,26,167
11/26/2022,OGD,UT,ANM,WE,Federal Contract Tower,0,0,22,0,22,0,2,72,0,74,0,2,94,0,96,76,0,76,172
11/27/2022,OGD,UT,ANM,WE,Federal Contract Tower,0,0,25,0,25,0,6,93,0,99,0,6,118,0,124,102,0,102,226
11/28/2022,OGD,UT,ANM,WE,Federal Contract Tower,0,0,13,0,13,0,2,41,0,43,0,2,54,0,56,130,0,130,186
11/29/2022,OGD,UT,ANM,WE,Federal Contract Tower,0,0,24,2,26,0,5,101,2,108,0,5,125,4,134,38,0,38,172
11/30/2022,OGD,UT,ANM,WE,Federal Contract Tower,0,0,33,0,33,0,4,243,0,247,0,4,276,0,280,266,0,266,546
12/01/2022,OGD,UT,ANM,WE,Federal Contract Tower,0,2,19,1,22,0,3,57,1,61,0,5,76,2,83,132,0,132,215
12/02/2022,OGD,UT,ANM,WE,Federal Contract Tower,0,2,15,0,17,0,0,135,0,135,0,2,150,0,152,92,0,92,244
12/03/2022,OGD,UT,ANM,WE,Federal Contract Tower,0,2,26,0,28,0,3,212,0,215,0,5,238,0,243,142,0,142,385
12/04/2022,OGD,UT,ANM,WE,Federal Contract Tower,0,1,11,0,12,0,0,33,0,33,0,1,44,0,45,18,0,18,63
12/05/2022,OGD,UT,ANM,WE,Federal Contract Tower,0,2,5,0,7,0,1,1,0,2,0,3,6,0,9,0,0,0,9
12/06/2022,OGD,UT,ANM,WE,Federal Contract Tower,0,2,16,0,18,0,0,47,0,47,0,2,63,0,65,140,0,140,205
12/07/2022,OGD,UT,ANM,WE,Federal Contract Tower,0,1,23,0,24,0,4,27,0,31,0,5,50,0,55,120,0,120,175
12/08/2022,OGD,UT,ANM,WE,Federal Contract Tower,0,2,46,0,48,0,4,204,0,208,0,6,250,0,256,186,0,186,442
12/09/2022,OGD,UT,ANM,WE,Federal Contract Tower,0,1,24,0,25,0,8,149,0,157,0,9,173,0,182,308,0,308,490
12/10/2022,OGD,UT,ANM,WE,Federal Contract Tower,0,2,20,0,22,0,7,175,0,182,0,9,195,0,204,84,0,84,288
12/11/2022,OGD,UT,ANM,WE,Federal Contract Tower,0,2,9,0,11,0,7,63,0,70,0,9,72,0,81,90,0,90,171
12/12/2022,OGD,UT,ANM,WE,Federal Contract Tower,0,0,9,0,9,0,2,22,0,24,0,2,31,0,33,30,0,30,63
12/13/2022,OGD,UT,ANM,WE,Federal Contract Tower,0,4,10,0,14,0,0,0,0,0,0,4,10,0,14,0,0,0,14
12/14/2022,OGD,UT,ANM,WE,Federal Contract Tower,0,2,13,0,15,0,1,22,0,23,0,3,35,0,38,86,0,86,124
12/15/2022,OGD,UT,ANM,WE,Federal Contract Tower,0,1,20,0,21,0,2,100,0,102,0,3,120,0,123,194,0,194,317
12/16/2022,OGD,UT,ANM,WE,Federal Contract Tower,0,5,30,2,37,0,2,178,0,180,0,7,208,2,217,268,0,268,485
12/17/2022,OGD,UT,ANM,WE,Federal Contract Tower,0,0,25,0,25,0,7,185,0,192,0,7,210,0,217,174,0,174,391
12/18/2022,OGD,UT,ANM,WE,Federal Contract Tower,0,5,23,0,28,0,4,117,0,121,0,9,140,0,149,28,0,28,177
12/19/2022,OGD,UT,ANM,WE,Federal Contract Tower,0,2,42,0,44,0,2,283,0,285,0,4,325,0,329,154,0,154,483
12/20/2022,OGD,UT,ANM,WE,Federal Contract Tower,0,5,62,0,67,0,1,197,0,198,0,6,259,0,265,222,0,222,487
12/21/2022,OGD,UT,ANM,WE,Federal Contract Tower,0,0,33,0,33,0,5,56,0,61,0,5,89,0,94,58,0,58,152
12/22/2022,OGD,UT,ANM,WE,Federal Contract Tower,0,3,49,0,52,0,5,195,0,200,0,8,244,0,252,302,0,302,554
12/23/2022,OGD,UT,ANM,WE,Federal Contract Tower,0,0,25,0,25,0,0,85,0,85,0,0,110,0,110,254,0,254,364
12/24/2022,OGD,UT,ANM,WE,Federal Contract Tower,0,0,3,0,3,0,1,2,0,3,0,1,5,0,6,0,0,0,6
12/25/2022,OGD,UT,ANM,WE,Federal Contract Tower,0,0,3,0,3,0,1,3,0,4,0,1,6,0,7,0,0,0,7
12/26/2022,OGD,UT,ANM,WE,Federal Contract Tower,0,2,43,0,45,0,5,122,0,127,0,7,165,0,172,144,0,144,316
12/27/2022,OGD,UT,ANM,WE,Federal Contract Tower,0,2,11,0,13,0,1,13,0,14,0,3,24,0,27,28,0,28,55
12/28/2022,OGD,UT,ANM,WE,Federal Contract Tower,0,1,18,0,19,0,5,29,0,34,0,6,47,0,53,86,0,86,139
12/29/2022,OGD,UT,ANM,WE,Federal Contract Tower,0,0,29,0,29,0,5,159,0,164,0,5,188,0,193,246,0,246,439
12/30/2022,OGD,UT,ANM,WE,Federal Contract Tower,0,0,9,0,9,0,0,6,0,6,0,0,15,0,15,48,0,48,63
12/31/2022,OGD,UT,ANM,WE,Federal Contract Tower,0,0,8,0,8,0,2,11,0,13,0,2,19,0,21,8,0,8,29
01/01/2023,OGD,UT,ANM,WE,Federal Contract Tower,0,0,2,0,2,0,0,0,0,0,0,0,2,0,2,0,0,0,2
01/02/2023,OGD,UT,ANM,WE,Federal Contract Tower,0,1,24,0,25,0,6,26,0,32,0,7,50,0,57,26,0,26,83
01/03/2023,OGD,UT,ANM,WE,Federal Contract Tower,0,3,25,1,29,0,1,37,1,39,0,4,62,2,68,84,0,84,152
01/04/2023,OGD,UT,ANM,WE,Federal Contract Tower,0,3,51,0,54,0,5,222,0,227,0,8,273,0,281,186,0,186,467
01/05/2023,OGD,UT,ANM,WE,Federal Contract Tower,0,3,26,0,29,0,0,114,0,114,0,3,140,0,143,190,0,190,333
01/06/2023,OGD,UT,ANM,WE,Federal Contract Tower,0,2,10,0,12,0,3,11,0,14,0,5,21,0,26,38,0,38,64
01/07/2023,OGD,UT,ANM,WE,Federal Contract Tower,0,3,35,0,38,0,0,168,0,168,0,3,203,0,206,88,0,88,294
01/08/2023,OGD,UT,ANM,WE,Federal Contract Tower,0,6,26,0,32,0,8,155,0,163,0,14,181,0,195,74,0,74,269
01/09/2023,OGD,UT,ANM,WE,Federal Contract Tower,0,4,21,0,25,0,5,76,0,81,0,9,97,0,106,146,0,146,252
01/10/2023,OGD,UT,ANM,WE,Federal Contract Tower,0,0,21,0,21,0,5,140,0,145,0,5,161,0,166,162,0,162,328
01/11/2023,OGD,UT,ANM,WE,Federal Contract Tower,0,1,37,0,38,0,5,170,0,175,0,6,207,0,213,92,4,96,309
01/12/2023,OGD,UT,ANM,WE,Federal Contract Tower,0,4,34,0,38,0,6,235,0,241,0,10,269,0,279,260,0,260,539
01/13/2023,OGD,UT,ANM,WE,Federal Contract Tower,0,5,46,0,51,0,2,297,0,299,0,7,343,0,350,172,0,172,522
01/14/2023,OGD,UT,ANM,WE,Federal Contract Tower,0,3,28,0,31,0,5,208,0,213,0,8,236,0,244,202,0,202,446
01/15/2023,OGD,UT,ANM,WE,Federal Contract Tower,0,0,9,0,9,0,1,0,0,1,0,1,9,0,10,0,0,0,10
01/16/2023,OGD,UT,ANM,WE,Federal Contract Tower,0,5,18,0,23,0,0,7,0,7,0,5,25,0,30,30,0,30,60
01/17/2023,OGD,UT,ANM,WE,Federal Contract Tower,0,2,15,0,17,0,0,49,0,49,0,2,64,0,66,59,0,59,125
01/18/2023,OGD,UT,ANM,WE,Federal Contract Tower,0,0,42,0,42,0,4,206,0,210,0,4,248,0,252,280,0,280,532
01/19/2023,OGD,UT,ANM,WE,Federal Contract Tower,0,4,13,0,17,0,1,57,0,58,0,5,70,0,75,118,0,118,193
01/20/2023,OGD,UT,ANM,WE,Federal Contract Tower,0,1,55,0,56,0,9,216,0,225,0,10,271,0,281,178,0,178,459
01/21/2023,OGD,UT,ANM,WE,Federal Contract Tower,0,1,26,0,27,0,5,241,1,247,0,6,267,1,274,292,0,292,566
01/22/2023,OGD,UT,ANM,WE,Federal Contract Tower,0,0,10,0,10,0,0,5,1,6,0,0,15,1,16,0,0,0,16
01/23/2023,OGD,UT,ANM,WE,Federal Contract Tower,0,4,47,0,51,0,5,181,0,186,0,9,228,0,237,78,0,78,315
01/24/2023,OGD,UT,ANM,WE,Federal Contract Tower,0,4,43,0,47,0,5,276,0,281,0,9,319,0,328,224,0,224,552
01/25/2023,OGD,UT,ANM,WE,Federal Contract Tower,0,4,11,0,15,0,0,41,0,41,0,4,52,0,56,68,0,68,124
01/26/2023,OGD,UT,ANM,WE,Federal Contract Tower,0,2,18,0,20,0,4,74,0,78,0,6,92,0,98,160,0,160,258
01/27/2023,OGD,UT,ANM,WE,Federal Contract Tower,0,6,4,0,10,0,0,19,0,19,0,6,23,0,29,26,0,26,55
01/28/2023,OGD,UT,ANM,WE,Federal Contract Tower,0,1,16,0,17,0,6,156,0,162,0,7,172,0,179,176,0,176,355
01/29/2023,OGD,UT,ANM,WE,Federal Contract Tower,0,0,9,0,9,0,2,5,0,7,0,2,14,0,16,22,0,22,38
01/30/2023,OGD,UT,ANM,WE,Federal Contract Tower,0,1,35,0,36,0,11,240,0,251,0,12,275,0,287,238,0,238,525
01/31/2023,OGD,UT,ANM,WE,Federal Contract Tower,0,3,30,0,33,0,13,259,0,272,0,16,289,0,305,234,0,234,539
02/01/2023,OGD,UT,ANM,WE,Federal Contract Tower,0,1,46,0,47,0,7,262,0,269,0,8,308,0,316,190,0,190,506
02/02/2023,OGD,UT,ANM,WE,Federal Contract Tower,0,3,37,0,40,0,7,233,0,240,0,10,270,0,280,132,0,132,412
02/03/2023,OGD,UT,ANM,WE,Federal Contract Tower,0,4,40,0,44,0,4,276,0,280,0,8,316,0,324,228,0,228,552
02/04/2023,OGD,UT,ANM,WE,Federal Contract Tower,0,6,14,0,20,0,5,242,0,247,0,11,256,0,267,236,0,236,503
02/05/2023,OGD,UT,ANM,WE,Federal Contract Tower,0,0,9,0,9,0,1,51,0,52,0,1,60,0,61,28,0,28,89
02/06/2023,OGD,UT,ANM,WE,Federal Contract Tower,0,2,12,0,14,0,3,40,0,43,0,5,52,0,57,220,0,220,277
02/07/2023,OGD,UT,ANM,WE,Federal Contract Tower,0,3,20,0,23,0,14,267,0,281,0,17,287,0,304,248,0,248,552
02/08/2023,OGD,UT,ANM,WE,Federal Contract Tower,0,0,15,1,16,0,2,175,0,177,0,2,190,1,193,169,0,169,362
02/09/2023,OGD,UT,ANM,WE,Federal Contract Tower,0,6,48,0,54,0,4,244,0,248,0,10,292,0,302,182,0,182,484
02/10/2023,OGD,UT,ANM,WE,Federal Contract Tower,0,0,39,2,41,0,11,219,0,230,0,11,258,2,271,82,0,82,353
02/11/2023,OGD,UT,ANM,WE,Federal Contract Tower,0,1,20,0,21,0,6,179,0,185,0,7,199,0,206,112,0,112,318
02/12/2023,OGD,UT,ANM,WE,Federal Contract Tower,0,0,16,0,16,0,0,172,0,172,0,0,188,0,188,98,0,98,286
02/13/2023,OGD,UT,ANM,WE,Federal Contract Tower,0,1,20,0,21,0,8,226,0,234,0,9,246,0,255,142,0,142,397
02/14/2023,OGD,UT,ANM,WE,Federal Contract Tower,0,2,12,0,14,0,2,138,0,140,0,4,150,0,154,130,0,130,284
02/15/2023,OGD,UT,ANM,WE,Federal Contract Tower,0,2,22,0,24,0,4,113,0,117,0,6,135,0,141,150,0,150,291
02/16/2023,OGD,UT,ANM,WE,Federal Contract Tower,1,3,44,2,50,0,9,289,0,298,1,12,333,2,348,228,0,228,576
02/17/2023,OGD,UT,ANM,WE,Federal Contract Tower,0,5,40,3,48,0,11,263,1,275,0,16,303,4,323,210,0,210,533
02/18/2023,OGD,UT,ANM,WE,Federal Contract Tower,0,1,19,0,20,0,6,182,0,188,0,7,201,0,208,164,0,164,372
02/19/2023,OGD,UT,ANM,WE,Federal Contract Tower,0,0,24,1,25,0,5,177,0,182,0,5,201,1,207,58,0,58,265
02/20/2023,OGD,UT,ANM,WE,Federal Contract Tower,0,1,34,0,35,0,8,181,0,189,0,9,215,0,224,144,0,144,368
02/21/2023,OGD,UT,ANM,WE,Federal Contract Tower,0,0,9,0,9,0,2,3,0,5,0,2,12,0,14,18,0,18,32
02/22/2023,OGD,UT,ANM,WE,Federal Contract Tower,3,4,5,0,12,0,0,0,0,0,3,4,5,0,12,0,0,0,12
02/23/2023,OGD,UT,ANM,WE,Federal Contract Tower,3,13,14,0,30,0,5,33,3,41,3,18,47,3,71,42,0,42,113
02/24/2023,OGD,UT,ANM,WE,Federal Contract Tower,1,13,37,0,51,0,13,89,0,102,1,26,126,0,153,96,0,96,249
02/25/2023,OGD,UT,ANM,WE,Federal Contract Tower,0,3,38,0,41,0,35,250,0,285,0,38,288,0,326,238,0,238,564
02/26/2023,OGD,UT,ANM,WE,Federal Contract Tower,0,3,18,0,21,0,0,29,0,29,0,3,47,0,50,14,0,14,64
02/27/2023,OGD,UT,ANM,WE,Federal Contract Tower,1,12,14,0,27,0,4,20,0,24,1,16,34,0,51,22,0,22,73
02/28/2023,OGD,UT,ANM,WE,Federal Contract Tower,0,7,20,0,27,0,6,76,0,82,0,13,96,0,109,62,0,62,171
03/01/2023,OGD,UT,ANM,WE,Federal Contract Tower,0,11,23,0,34,0,2,63,0,65,0,13,86,0,99,148,0,148,247
03/02/2023,OGD,UT,ANM,WE,Federal Contract Tower,0,4,51,1,56,0,15,234,0,249,0,19,285,1,305,240,0,240,545
03/03/2023,OGD,UT,ANM,WE,Federal Contract Tower,0,15,26,0,41,0,50,78,1,129,0,65,104,1,170,110,0,110,280
03/04/2023,OGD,UT,ANM,WE,Federal Contract Tower,0,11,18,0,29,0,35,102,0,137,0,46,120,0,166,118,0,118,284
03/05/2023,OGD,UT,ANM,WE,Federal Contract Tower,0,8,15,0,23,0,27,59,0,86,0,35,74,0,109,92,0,92,201
03/06/2023,OGD,UT,ANM,WE,Federal Contract Tower,0,4,29,0,33,0,42,93,0,135,0,46,122,0,168,170,0,170,338
03/07/2023,OGD,UT,ANM,WE,Federal Contract Tower,0,9,39,0,48,0,61,185,0,246,0,70,224,0,294,194,0,194,488
03/08/2023,OGD,UT,ANM,WE,Federal Contract Tower,0,2,24,0,26,0,37,60,0,97,0,39,84,0,123,178,0,178,301
03/09/2023,OGD,UT,ANM,WE,Federal Contract Tower,0,8,59,0,67,0,43,170,0,213,0,51,229,0,280,108,0,108,388
03/10/2023,OGD,UT,ANM,WE,Federal Contract Tower,0,8,7,0,15,0,0,2,0,2,0,8,9,0,17,2,0,2,19
03/11/2023,OGD,UT,ANM,WE,Federal Contract Tower,0,10,31,6,47,0,27,246,0,273,0,37,277,6,320,122,0,122,442
03/12/2023,OGD,UT,ANM,WE,Federal Contract Tower,0,3,20,0,23,0,0,5,0,5,0,3,25,0,28,0,0,0,28
03/13/2023,OGD,UT,ANM,WE,Federal Contract Tower,0,9,33,0,42,0,34,157,0,191,0,43,190,0,233,189,0,189,422
03/14/2023,OGD,UT,ANM,WE,Federal Contract Tower,3,5,19,0,27,0,27,55,0,82,3,32,74,0,109,126,0,126,235
03/15/2023,OGD,UT,ANM,WE,Federal Contract Tower,0,3,33,0,36,0,22,35,0,57,0,25,68,0,93,18,0,18,111
03/16/2023,OGD,UT,ANM,WE,Federal Contract Tower,0,7,41,1,49,0,47,143,1,191,0,54,184,2,240,128,0,128,368
03/17/2023,OGD,UT,ANM,WE,Federal Contract Tower,0,6,40,0,46,0,91,219,0,310,0,97,259,0,356,114,0,114,470
03/18/2023,OGD,UT,ANM,WE,Federal Contract Tower,0,7,38,0,45,0,91,201,0,292,0,98,239,0,337,124,0,124,461
03/19/2023,OGD,UT,ANM,WE,Federal Contract Tower,0,7,18,0,25,0,67,94,0,161,0,74,112,0,186,52,0,52,238
03/20/2023,OGD,UT,ANM,WE,Federal Contract Tower,0,2,26,0,28,0,6,20,0,26,0,8,46,0,54,102,0,102,156
03/21/2023,OGD,UT,ANM,WE,Federal Contract Tower,0,9,53,1,63,0,86,155,1,242,0,95,208,2,305,72,0,72,377
03/22/2023,OGD,UT,ANM,WE,Federal Contract Tower,0,3,6,0,9,0,0,3,0,3,0,3,9,0,12,26,0,26,38
03/23/2023,OGD,UT,ANM,WE,Federal Contract Tower,0,6,23,0,29,0,33,47,0,80,0,39,70,0,109,120,0,120,229
03/24/2023,OGD,UT,ANM,WE,Federal Contract Tower,0,0,10,0,10,0,0,0,0,0,0,0,10,0,10,0,0,0,10
03/25/2023,OGD,UT,ANM,WE,Federal Contract Tower,0,5,15,0,20,0,32,36,0,68,0,37,51,0,88,110,0,110,198
03/26/2023,OGD,UT,ANM,WE,Federal Contract Tower,0,6,15,0,21,0,2,3,0,5,0,8,18,0,26,6,0,6,32
03/27/2023,OGD,UT,ANM,WE,Federal Contract Tower,0,3,25,0,28,0,18,57,0,75,0,21,82,0,103,104,0,104,207
03/28/2023,OGD,UT,ANM,WE,Federal Contract Tower,0,16,42,0,58,0,78,169,0,247,0,94,211,0,305,144,0,144,449
03/29/2023,OGD,UT,ANM,WE,Federal Contract Tower,0,2,17,0,19,0,37,38,0,75,0,39,55,0,94,54,0,54,148
03/30/2023,OGD,UT,ANM,WE,Federal Contract Tower,0,3,7,0,10,0,25,1,0,26,0,28,8,0,36,78,0,78,114
03/31/2023,OGD,UT,ANM,WE,Federal Contract Tower,3,8,12,0,23,0,33,32,0,65,3,41,44,0,88,78,0,78,166
04/01/2023,OGD,UT,ANM,WE,Federal Contract Tower,2,11,18,0,31,0,70,78,0,148,2,81,96,0,179,82,0,82,261
04/02/2023,OGD,UT,ANM,WE,Federal Contract Tower,0,12,14,0,26,0,89,30,0,119,0,101,44,0,145,84,0,84,229
04/03/2023,OGD,UT,ANM,WE,Federal Contract Tower,0,0,3,0,3,0,0,0,0,0,0,0,3,0,3,0,0,0,3
04/04/2023,OGD,UT,ANM,WE,Federal Contract Tower,0,3,9,0,12,0,0,0,0,0,0,3,9,0,12,0,0,0,12
04/05/2023,OGD,UT,ANM,WE,Federal Contract Tower,0,11,27,0,38,0,76,75,0,151,0,87,102,0,189,296,0,296,485
04/06/2023,OGD,UT,ANM,WE,Federal Contract Tower,0,21,36,0,57,0,123,147,0,270,0,144,183,0,327,168,0,168,495
04/07/2023,OGD,UT,ANM,WE,Federal Contract Tower,0,9,44,0,53,0,147,145,0,292,0,156,189,0,345,244,0,244,589
04/08/2023,OGD,UT,ANM,WE,Federal Contract Tower,0,18,23,0,41,0,138,127,0,265,0,156,150,0,306,132,0,132,438
04/09/2023,OGD,UT,ANM,WE,Federal Contract Tower,0,6,23,0,29,0,107,66,0,173,0,113,89,0,202,140,0,140,342
04/10/2023,OGD,UT,ANM,WE,Federal Contract Tower,0,14,24,1,39,0,84,153,1,238,0,98,177,2,277,232,0,232,509
04/11/2023,OGD,UT,ANM,WE,Federal Contract Tower,0,8,27,0,35,0,39,102,0,141,0,47,129,0,176,94,0,94,270
04/12/2023,OGD,UT,ANM,WE,Federal Contract Tower,0,9,24,0,33,0,86,99,0,185,0,95,123,0,218,193,0,193,411
04/13/2023,OGD,UT,ANM,WE,Federal Contract Tower,0,14,18,0,32,0,39,38,0,77,0,53,56,0,109,100,0,100,209
04/14/2023,OGD,UT,ANM,WE,Federal Contract Tower,0,14,32,0,46,0,57,139,0,196,0,71,171,0,242,162,0,162,404
04/15/2023,OGD,UT,ANM,WE,Federal Contract Tower,0,9,21,0,30,0,77,134,0,211,0,86,155,0,241,174,0,174,415
04/16/2023,OGD,UT,ANM,WE,Federal Contract Tower,0,5,19,0,24,0,49,78,0,127,0,54,97,0,151,106,0,106,257
04/17/2023,OGD,UT,ANM,WE,Federal Contract Tower,0,10,30,0,40,0,94,146,0,240,0,104,176,0,280,264,0,264,544
04/18/2023,OGD,UT,ANM,WE,Federal Contract Tower,0,5,12,0,17,0,28,16,0,44,0,33,28,0,61,134,0,134,195
04/19/2023,OGD,UT,ANM,WE,Federal Contract Tower,0,8,27,0,35,0,82,119,2,203,0,90,146,2,238,230,0,230,468
04/20/2023,OGD,UT,ANM,WE,Federal Contract Tower,0,12,20,0,32,0,76,71,0,147,0,88,91,0,179,220,0,220,399
04/21/2023,OGD,UT,ANM,WE,Federal Contract Tower,0,14,13,0,27,0,44,25,0,69,0,58,38,0,96,182,0,182,278
04/22/2023,OGD,UT,ANM,WE,Federal Contract Tower,0,13,29,0,42,0,88,108,0,196,0,101,137,0,238,134,0,134,372
04/23/2023,OGD,UT,ANM,WE,Federal Contract Tower,0,13,21,0,34,0,64,84,0,148,0,77,105,0,182,162,0,162,344
04/24/2023,OGD,UT,ANM,WE,Federal Contract Tower,0,18,22,0,40,0,52,69,0,121,0,70,91,0,161,128,0,128,289
04/25/2023,OGD,UT,ANM,WE,Federal Contract Tower,0,7,32,0,39,0,44,109,0,153,0,51,141,0,192,242,0,242,434
04/26/2023,OGD,UT,ANM,WE,Federal Contract Tower,0,17,39,0,56,0,50,173,0,223,0,67,212,0,279,156,2,158,437
04/27/2023,OGD,UT,ANM,WE,Federal Contract Tower,0,8,39,0,47,0,76,136,0,212,0,84,175,0,259,208,0,208,467
04/28/2023,OGD,UT,ANM,WE,Federal Contract Tower,0,13,44,0,57,0,84,170,0,254,0,97,214,0,311,214,0,214,525
04/29/2023,OGD,UT,ANM,WE,Federal Contract Tower,0,8,18,0,26,0,97,160,0,257,0,105,178,0,283,160,0,160,443
04/30/2023,OGD,UT,ANM,WE,Federal Contract Tower,0,6,16,0,22,0,86,86,0,172,0,92,102,0,194,96,0,96,290
05/01/2023,OGD,UT,ANM,WE,Federal Contract Tower,0,9,28,0,37,0,31,93,0,124,0,40,121,0,161,106,0,106,267
05/02/2023,OGD,UT,ANM,WE,Federal Contract Tower,0,16,31,0,47,0,72,118,0,190,0,88,149,0,237,176,0,176,413
05/03/2023,OGD,UT,ANM,WE,Federal Contract Tower,0,18,34,1,53,0,84,130,1,215,0,102,164,2,268,258,0,258,526
05/04/2023,OGD,UT,ANM,WE,Federal Contract Tower,0,8,22,1,31,0,27,53,0,80,0,35,75,1,111,156,0,156,267
05/05/2023,OGD,UT,ANM,WE,Federal Contract Tower,0,11,29,0,40,0,49,94,0,143,0,60,123,0,183,92,0,92,275
05/06/2023,OGD,UT,ANM,WE,Federal Contract Tower,0,6,17,0,23,0,77,96,0,173,0,83,113,0,196,112,0,112,308
05/07/2023,OGD,UT,ANM,WE,Federal Contract Tower,0,13,23,0,36,0,95,60,0,155,0,108,83,0,191,130,0,130,321
05/08/2023,OGD,UT,ANM,WE,Federal Contract Tower,0,22,26,1,49,0,85,101,0,186,0,107,127,1,235,98,0,98,333
05/09/2023,OGD,UT,ANM,WE,Federal Contract Tower,0,16,33,1,50,0,130,126,1,257,0,146,159,2,307,216,0,216,523
05/10/2023,OGD,UT,ANM,WE,Federal Contract Tower,0,10,27,1,38,0,81,66,1,148,0,91,93,2,186,72,0,72,258
05/11/2023,OGD,UT,ANM,WE,Federal Contract Tower,0,18,37,0,55,0,95,103,0,198,0,113,140,0,253,144,0,144,397
05/12/2023,OGD,UT,ANM,WE,Federal Contract Tower,0,11,25,0,36,0,88,131,0,219,0,99,156,0,255,190,0,190,445
05/13/2023,OGD,UT,ANM,WE,Federal Contract Tower,0,11,13,0,24,0,18,23,0,41,0,29,36,0,65,6,0,6,71
05/14/2023,OGD,UT,ANM,WE,Federal Contract Tower,0,2,8,0,10,0,9,15,0,24,0,11,23,0,34,6,0,6,40
05/15/2023,OGD,UT,ANM,WE,Federal Contract Tower,0,22,18,0,40,0,85,102,0,187,0,107,120,0,227,216,0,216,443
05/16/2023,OGD,UT,ANM,WE,Federal Contract Tower,0,11,32,1,44,0,116,91,3,210,0,127,123,4,254,154,2,156,410
05/17/2023,OGD,UT,ANM,WE,Federal Contract Tower,0,11,31,2,44,0,105,157,0,262,0,116,188,2,306,180,0,180,486
05/18/2023,OGD,UT,ANM,WE,Federal Contract Tower,0,12,33,1,46,0,77,92,2,171,0,89,125,3,217,52,0,52,269
05/19/2023,OGD,UT,ANM,WE,Federal Contract Tower,0,16,42,0,58,0,97,135,0,232,0,113,177,0,290,206,0,206,496
05/20/2023,OGD,UT,ANM,WE,Federal Contract Tower,0,10,11,0,21,0,82,92,0,174,0,92,103,0,195,144,0,144,339
05/21/2023,OGD,UT,ANM,WE,Federal Contract Tower,0,8,12,0,20,0,50,34,0,84,0,58,46,0,104,50,0,50,154
05/22/2023,OGD,UT,ANM,WE,Federal Contract Tower,0,17,26,1,44,0,82,135,1,218,0,99,161,2,262,92,0,92,354
05/23/2023,OGD,UT,ANM,WE,Federal Contract Tower,0,13,31,0,44,0,52,107,0,159,0,65,138,0,203,90,0,90,293
05/24/2023,OGD,UT,ANM,WE,Federal Contract Tower,0,7,31,3,41,0,39,84,0,123,0,46,115,3,164,210,0,210,374
05/25/2023,OGD,UT,ANM,WE,Federal Contract Tower,0,20,16,2,38,0,59,94,2,155,0,79,110,4,193,125,0,125,318
05/26/2023,OGD,UT,ANM,WE,Federal Contract Tower,0,17,28,0,45,0,59,73,0,132,0,76,101,0,177,102,0,102,279
05/27/2023,OGD,UT,ANM,WE,Federal Contract Tower,0,8,10,0,18,0,97,89,0,186,0,105,99,0,204,72,0,72,276
05/28/2023,OGD,UT,ANM,WE,Federal Contract Tower,0,1,9,0,10,0,59,40,0,99,0,60,49,0,109,122,0,122,231
05/29/2023,OGD,UT,ANM,WE,Federal Contract Tower,0,16,9,0,25,0,87,120,0,207,0,103,129,0,232,152,0,152,384
05/30/2023,OGD,UT,ANM,WE,Federal Contract Tower,0,7,33,0,40,0,85,91,2,178,0,92,124,2,218,252,4,256,474
05/31/2023,OGD,UT,ANM,WE,Federal Contract Tower,0,12,39,0,51,0,82,114,0,196,0,94,153,0,247,120,0,120,367
06/01/2023,OGD,UT,ANM,WE,Federal Contract Tower,0,6,27,2,35,0,79,76,1,156,0,85,103,3,191,146,2,148,339
06/02/2023,OGD,UT,ANM,WE,Federal Contract Tower,0,5,32,0,37,0,46,80,0,126,0,51,112,0,163,112,0,112,275
06/03/2023,OGD,UT,ANM,WE,Federal Contract Tower,0,10,17,0,27,0,65,60,0,125,0,75,77,0,152,46,0,46,198
06/04/2023,OGD,UT,ANM,WE,Federal Contract Tower,0,6,12,0,18,0,0,36,32,68,0,6,48,32,86,78,0,78,164
06/05/2023,OGD,UT,ANM,WE,Federal Contract Tower,0,13,39,0,52,0,64,109,0,173,0,77,148,0,225,120,0,120,345
06/06/2023,OGD,UT,ANM,WE,Federal Contract Tower,4,6,32,0,42,0,40,76,2,118,4,46,108,2,160,124,0,124,284
06/07/2023,OGD,UT,ANM,WE,Federal Contract Tower,0,9,37,0,46,0,36,101,0,137,0,45,138,0,183,144,0,144,327
06/08/2023,OGD,UT,ANM,WE,Federal Contract Tower,0,10,22,0,32,0,62,108,0,170,0,72,130,0,202,142,0,142,344
06/09/2023,OGD,UT,ANM,WE,Federal Contract Tower,0,17,27,0,44,0,74,110,0,184,0,91,137,0,228,160,0,160,388
06/10/2023,OGD,UT,ANM,WE,Federal Contract Tower,0,7,23,0,30,0,60,121,0,181,0,67,144,0,211,88,0,88,299
06/11/2023,OGD,UT,ANM,WE,Federal Contract Tower,0,12,19,0,31,0,24,55,0,79,0,36,74,0,110,36,0,36,146
06/12/2023,OGD,UT,ANM,WE,Federal Contract Tower,0,14,46,0,60,0,44,91,0,135,0,58,137,0,195,94,0,94,289
06/13/2023,OGD,UT,ANM,WE,Federal Contract Tower,0,18,36,0,54,0,56,105,0,161,0,74,141,0,215,106,0,106,321
06/14/2023,OGD,UT,ANM,WE,Federal Contract Tower,0,9,37,0,46,0,53,113,0,166,0,62,150,0,212,120,0,120,332
06/15/2023,OGD,UT,ANM,WE,Federal Contract Tower,0,21,26,0,47,0,49,91,0,140,0,70,117,0,187,82,0,82,269
06/16/2023,OGD,UT,ANM,WE,Federal Contract Tower,0,21,38,1,60,0,58,134,0,192,0,79,172,1,252,84,0,84,336
06/17/2023,OGD,UT,ANM,WE,Federal Contract Tower,0,12,30,0,42,0,55,103,0,158,0,67,133,0,200,128,0,128,328
06/18/2023,OGD,UT,ANM,WE,Federal Contract Tower,0,7,9,0,16,0,19,22,0,41,0,26,31,0,57,24,0,24,81
06/19/2023,OGD,UT,ANM,WE,Federal Contract Tower,0,25,19,0,44,0,48,69,0,117,0,73,88,0,161,62,0,62,223
06/20/2023,OGD,UT,ANM,WE,Federal Contract Tower,0,24,40,2,66,0,66,109,2,177,0,90,149,4,243,190,0,190,433
06/21/2023,OGD,UT,ANM,WE,Federal Contract Tower,0,23,54,0,77,0,65,139,0,204,0,88,193,0,281,200,4,204,485
06/22/2023,OGD,UT,ANM,WE,Federal Contract Tower,0,22,45,0,67,0,44,142,0,186,0,66,187,0,253,172,0,172,425
06/23/2023,OGD,UT,ANM,WE,Federal Contract Tower,0,21,13,0,34,0,24,90,2,116,0,45,103,2,150,34,0,34,184
06/24/2023,OGD,UT,ANM,WE,Federal Contract Tower,2,7,15,1,25,0,60,127,1,188,2,67,142,2,213,94,0,94,307
06/25/2023,OGD,UT,ANM,WE,Federal Contract Tower,0,20,22,0,42,0,51,70,0,121,0,71,92,0,163,82,0,82,245
06/26/2023,OGD,UT,ANM,WE,Federal Contract Tower,1,19,36,1,57,0,81,82,1,164,1,100,118,2,221,124,0,124,345
06/27/2023,OGD,UT,ANM,WE,Federal Contract Tower,1,19,59,0,79,0,76,168,0,244,1,95,227,0,323,124,0,124,447
06/28/2023,OGD,UT,ANM,WE,Federal Contract Tower,0,19,44,0,63,0,42,117,0,159,0,61,161,0,222,198,0,198,420
06/29/2023,OGD,UT,ANM,WE,Federal Contract Tower,1,21,45,1,68,0,30,150,0,180,1,51,195,1,248,178,0,178,426
06/30/2023,OGD,UT,ANM,WE,Federal Contract Tower,0,22,53,0,75,0,80,136,2,218,0,102,189,2,293,218,0,218,511
07/01/2023,OGD,UT,ANM,WE,Federal Contract Tower,0,11,13,0,24,0,59,163,1,223,0,70,176,1,247,82,0,82,329
07/02/2023,OGD,UT,ANM,WE,Federal Contract Tower,0,7,14,0,21,0,20,58,0,78,0,27,72,0,99,28,0,28,127
07/03/2023,OGD,UT,ANM,WE,Federal Contract Tower,0,17,25,0,42,0,70,126,0,196,0,87,151,0,238,100,0,100,338
07/04/2023,OGD,UT,ANM,WE,Federal Contract Tower,0,2,13,0,15,0,12,39,0,51,0,14,52,0,66,56,0,56,122
07/05/2023,OGD,UT,ANM,WE,Federal Contract Tower,1,6,49,2,58,0,49,129,3,181,1,55,178,5,239,228,0,228,467
07/06/2023,OGD,UT,ANM,WE,Federal Contract Tower,0,10,34,0,44,0,57,135,0,192,0,67,169,0,236,200,0,200,436
07/07/2023,OGD,UT,ANM,WE,Federal Contract Tower,0,14,46,0,60,0,54,157,0,211,0,68,203,0,271,176,0,176,447
07/08/2023,OGD,UT,ANM,WE,Federal Contract Tower,0,18,28,0,46,0,52,135,0,187,0,70,163,0,233,118,0,118,351
07/09/2023,OGD,UT,ANM,WE,Federal Contract Tower,0,15,16,0,31,0,36,70,0,106,0,51,86,0,137,46,0,46,183
07/10/2023,OGD,UT,ANM,WE,Federal Contract Tower,0,34,31,0,65,0,48,101,0,149,0,82,132,0,214,56,0,56,270
07/11/2023,OGD,UT,ANM,WE,Federal Contract Tower,0,6,42,0,48,0,43,123,0,166,0,49,165,0,214,120,0,120,334
07/12/2023,OGD,UT,ANM,WE,Federal Contract Tower,0,14,36,2,52,0,56,134,1,191,0,70,170,3,243,160,0,160,403
07/13/2023,OGD,UT,ANM,WE,Federal Contract Tower,0,25,52,0,77,0,85,151,0,236,0,110,203,0,313,190,0,190,503
07/14/2023,OGD,UT,ANM,WE,Federal Contract Tower,0,32,46,0,78,0,73,143,0,216,0,105,189,0,294,180,0,180,474
07/15/2023,OGD,UT,ANM,WE,Federal Contract Tower,0,19,24,0,43,0,61,119,0,180,0,80,143,0,223,226,0,226,449
07/16/2023,OGD,UT,ANM,WE,Federal Contract Tower,0,16,7,0,23,0,33,53,0,86,0,49,60,0,109,96,0,96,205
07/17/2023,OGD,UT,ANM,WE,Federal Contract Tower,0,17,38,0,55,0,61,123,0,184,0,78,161,0,239,168,0,168,407
07/18/2023,OGD,UT,ANM,WE,Federal Contract Tower,0,5,26,0,31,0,18,60,0,78,0,23,86,0,109,38,0,38,147
07/19/2023,OGD,UT,ANM,WE,Federal Contract Tower,0,14,28,2,44,0,44,105,0,149,0,58,133,2,193,86,0,86,279
07/20/2023,OGD,UT,ANM,WE,Federal Contract Tower,0,16,45,0,61,0,49,153,0,202,0,65,198,0,263,220,0,220,483
07/21/2023,OGD,UT,ANM,WE,Federal Contract Tower,0,15,48,0,63,0,47,130,0,177,0,62,178,0,240,110,0,110,350
07/22/2023,OGD,UT,ANM,WE,Federal Contract Tower,0,11,22,0,33,0,45,102,0,147,0,56,124,0,180,64,0,64,244
07/23/2023,OGD,UT,ANM,WE,Federal Contract Tower,0,7,15,0,22,0,17,57,1,75,0,24,72,1,97,20,0,20,117
07/24/2023,OGD,UT,ANM,WE,Federal Contract Tower,0,16,21,0,37,0,30,76,0,106,0,46,97,0,143,50,0,50,193
07/25/2023,OGD,UT,ANM,WE,Federal Contract Tower,0,15,57,0,72,0,70,158,0,228,0,85,215,0,300,184,0,184,484
07/26/2023,OGD,UT,ANM,WE,Federal Contract Tower,0,15,32,0,47,0,62,104,3,169,0,77,136,3,216,174,0,174,390
07/27/2023,OGD,UT,ANM,WE,Federal Contract Tower,0,20,36,1,57,0,55,128,0,183,0,75,164,1,240,160,0,160,400
07/28/2023,OGD,UT,ANM,WE,Federal Contract Tower,0,16,43,0,59,0,42,139,0,181,0,58,182,0,240,118,0,118,358
07/29/2023,OGD,UT,ANM,WE,Federal Contract Tower,0,19,17,0,36,0,53,80,0,133,0,72,97,0,169,64,0,64,233
07/30/2023,OGD,UT,ANM,WE,Federal Contract Tower,1,14,12,0,27,0,42,64,0,106,1,56,76,0,133,80,0,80,213
07/31/2023,OGD,UT,ANM,WE,Federal Contract Tower,0,27,36,1,64,0,58,106,1,165,0,85,142,2,229,140,0,140,369
08/01/2023,OGD,UT,ANM,WE,Federal Contract Tower,0,11,29,1,41,0,51,109,0,160,0,62,138,1,201,156,0,156,357
08/02/2023,OGD,UT,ANM,WE,Federal Contract Tower,0,6,17,2,25,0,27,71,0,98,0,33,88,2,123,134,0,134,257
08/03/2023,OGD,UT,ANM,WE,Federal Contract Tower,0,22,36,0,58,0,15,58,0,73,0,37,94,0,131,70,0,70,201
08/04/2023,OGD,UT,ANM,WE,Federal Contract Tower,0,22,45,0,67,0,110,164,0,274,0,132,209,0,341,80,0,80,421
08/05/2023,OGD,UT,ANM,WE,Federal Contract Tower,0,13,16,1,30,0,53,107,0,160,0,66,123,1,190,92,0,92,282
08/06/2023,OGD,UT,ANM,WE,Federal Contract Tower,0,5,10,1,16,0,19,37,0,56,0,24,47,1,72,42,0,42,114
08/07/2023,OGD,UT,ANM,WE,Federal Contract Tower,0,14,43,1,58,0,79,114,0,193,0,93,157,1,251,138,0,138,389
08/08/2023,OGD,UT,ANM,WE,Federal Contract Tower,0,18,43,0,61,0,85,120,1,206,0,103,163,1,267,184,0,184,451
08/09/2023,OGD,UT,ANM,WE,Federal Contract Tower,0,19,35,0,54,0,47,85,0,132,0,66,120,0,186,170,0,170,356
08/10/2023,OGD,UT,ANM,WE,Federal Contract Tower,0,19,22,0,41,0,5,28,0,33,0,24,50,0,74,82,0,82,156
08/11/2023,OGD,UT,ANM,WE,Federal Contract Tower,0,21,29,1,51,0,146,134,0,280,0,167,163,1,331,212,0,212,543
08/12/2023,OGD,UT,ANM,WE,Federal Contract Tower,0,17,28,0,45,0,103,103,0,206,0,120,131,0,251,112,0,112,363
08/13/2023,OGD,UT,ANM,WE,Federal Contract Tower,0,34,20,0,54,0,84,64,0,148,0,118,84,0,202,46,0,46,248
08/14/2023,OGD,UT,ANM,WE,Federal Contract Tower,0,32,58,0,90,0,93,129,0,222,0,125,187,0,312,82,0,82,394
08/15/2023,OGD,UT,ANM,WE,Federal Contract Tower,0,15,31,0,46,0,112,122,0,234,0,127,153,0,280,78,0,78,358
08/16/2023,OGD,UT,ANM,WE,Federal Contract Tower,0,21,48,0,69,0,102,116,0,218,0,123,164,0,287,96,0,96,383
08/17/2023,OGD,UT,ANM,WE,Federal Contract Tower,4,18,46,0,68,0,52,92,0,144,4,70,138,0,212,78,0,78,290
08/18/2023,OGD,UT,ANM,WE,Federal Contract Tower,0,15,65,0,80,0,114,169,0,283,0,129,234,0,363,174,0,174,537
08/19/2023,OGD,UT,ANM,WE,Federal Contract Tower,0,15,18,0,33,0,77,76,0,153,0,92,94,0,186,182,0,182,368
08/20/2023,OGD,UT,ANM,WE,Federal Contract Tower,0,22,19,2,43,0,107,38,0,145,0,129,57,2,188,220,0,220,408
08/21/2023,OGD,UT,ANM,WE,Federal Contract Tower,0,16,7,0,23,0,21,50,0,71,0,37,57,0,94,98,0,98,192
08/22/2023,OGD,UT,ANM,WE,Federal Contract Tower,0,10,21,0,31,0,31,37,0,68,0,41,58,0,99,106,0,106,205
08/23/2023,OGD,UT,ANM,WE,Federal Contract Tower,0,18,50,1,69,0,63,137,1,201,0,81,187,2,270,188,0,188,458
08/24/2023,OGD,UT,ANM,WE,Federal Contract Tower,0,38,56,0,94,0,147,162,0,309,0,185,218,0,403,316,0,316,719
08/25/2023,OGD,UT,ANM,WE,Federal Contract Tower,0,11,37,0,48,0,98,116,0,214,0,109,153,0,262,106,0,106,368
08/26/2023,OGD,UT,ANM,WE,Federal Contract Tower,0,10,14,0,24,0,42,79,0,121,0,52,93,0,145,88,0,88,233
08/27/2023,OGD,UT,ANM,WE,Federal Contract Tower,0,13,10,0,23,0,52,54,0,106,0,65,64,0,129,24,0,24,153
08/28/2023,OGD,UT,ANM,WE,Federal Contract Tower,0,16,57,0,73,0,52,143,0,195,0,68,200,0,268,200,0,200,468
08/29/2023,OGD,UT,ANM,WE,Federal Contract Tower,0,17,48,0,65,0,60,141,0,201,0,77,189,0,266,102,0,102,368
08/30/2023,OGD,UT,ANM,WE,Federal Contract Tower,0,14,49,0,63,0,87,144,0,231,0,101,193,0,294,234,0,234,528
08/31/2023,OGD,UT,ANM,WE,Federal Contract Tower,0,32,45,0,77,0,92,154,0,246,0,124,199,0,323,244,0,244,567
