01/01/2020,OGG,HI,AWP,WE,Towers with Radar,181,30,18,0,229,0,162,23,0,185,181,192,41,0,414,36,0,36,450
01/02/2020,OGG,HI,AWP,WE,Towers with Radar,180,35,26,3,244,0,201,32,1,234,180,236,58,4,478,18,0,18,496
01/03/2020,OGG,HI,AWP,WE,Towers with Radar,183,50,26,0,259,0,98,19,4,121,183,148,45,4,380,38,0,38,418
01/04/2020,OGG,HI,AWP,WE,Towers with Radar,181,30,31,2,244,0,144,16,0,160,181,174,47,2,404,26,0,26,430
01/05/2020,OGG,HI,AWP,WE,Towers with Radar,181,24,26,0,231,0,143,28,1,172,181,167,54,1,403,8,0,8,411
01/06/2020,OGG,HI,AWP,WE,Towers with Radar,169,26,10,0,205,0,157,20,0,177,169,183,30,0,382,34,0,34,416
01/07/2020,OGG,HI,AWP,WE,Towers with Radar,162,30,4,0,196,0,126,8,2,136,162,156,12,2,332,26,0,26,358
01/08/2020,OGG,HI,AWP,WE,Towers with Radar,163,24,9,2,198,0,149,6,3,158,163,173,15,5,356,16,0,16,372
01/09/2020,OGG,HI,AWP,WE,Towers with Radar,165,36,17,5,223,0,85,16,1,102,165,121,33,6,325,20,2,22,347
01/10/2020,OGG,HI,AWP,WE,Towers with Radar,169,33,12,0,214,0,102,7,3,112,169,135,19,3,326,2,0,2,328
01/11/2020,OGG,HI,AWP,WE,Towers with Radar,169,38,8,4,219,0,55,14,4,73,169,93,22,8,292,26,2,28,320
01/12/2020,OGG,HI,AWP,WE,Towers with Radar,163,60,9,3,235,0,29,0,2,31,163,89,9,5,266,8,0,8,274
01/13/2020,OGG,HI,AWP,WE,Towers with Radar,151,39,8,0,198,0,147,19,0,166,151,186,27,0,364,16,0,16,380
01/14/2020,OGG,HI,AWP,WE,Towers with Radar,149,26,8,4,187,0,161,12,4,177,149,187,20,8,364,20,0,20,384
01/15/2020,OGG,HI,AWP,WE,Towers with Radar,149,17,2,10,178,0,137,25,3,165,149,154,27,13,343,44,0,44,387
01/16/2020,OGG,HI,AWP,WE,Towers with Radar,165,28,3,2,198,0,98,26,0,124,165,126,29,2,322,63,0,63,385
01/17/2020,OGG,HI,AWP,WE,Towers with Radar,164,50,8,1,223,0,115,16,0,131,164,165,24,1,354,48,0,48,402
01/18/2020,OGG,HI,AWP,WE,Towers with Radar,162,30,9,2,203,0,134,28,7,169,162,164,37,9,372,6,0,6,378
01/19/2020,OGG,HI,AWP,WE,Towers with Radar,158,30,5,0,193,0,149,21,0,170,158,179,26,0,363,28,0,28,391
01/20/2020,OGG,HI,AWP,WE,Towers with Radar,144,17,8,0,169,0,154,32,0,186,144,171,40,0,355,14,0,14,369
01/21/2020,OGG,HI,AWP,WE,Towers with Radar,162,18,6,0,186,0,173,27,0,200,162,191,33,0,386,56,0,56,442
01/22/2020,OGG,HI,AWP,WE,Towers with Radar,157,18,2,4,181,0,179,48,3,230,157,197,50,7,411,42,0,42,453
01/23/2020,OGG,HI,AWP,WE,Towers with Radar,167,26,3,4,200,0,175,37,2,214,167,201,40,6,414,16,0,16,430
01/24/2020,OGG,HI,AWP,WE,Towers with Radar,164,22,7,7,200,0,148,41,3,192,164,170,48,10,392,46,0,46,438
01/25/2020,OGG,HI,AWP,WE,Towers with Radar,164,18,5,0,187,0,132,27,0,159,164,150,32,0,346,24,0,24,370
01/26/2020,OGG,HI,AWP,WE,Towers with Radar,162,13,7,0,182,0,130,20,5,155,162,143,27,5,337,2,0,2,339
01/27/2020,OGG,HI,AWP,WE,Towers with Radar,181,29,6,3,219,0,124,24,1,149,181,153,30,4,368,32,0,32,400
01/28/2020,OGG,HI,AWP,WE,Towers with Radar,154,15,7,0,176,0,170,27,2,199,154,185,34,2,375,8,0,8,383
01/29/2020,OGG,HI,AWP,WE,Towers with Radar,162,11,2,5,180,0,129,21,2,152,162,140,23,7,332,32,0,32,364
01/30/2020,OGG,HI,AWP,WE,Towers with Radar,164,16,3,7,190,0,128,28,3,159,164,144,31,10,349,84,0,84,433
01/31/2020,OGG,HI,AWP,WE,Towers with Radar,163,20,0,0,183,0,123,29,0,152,163,143,29,0,335,66,0,66,401
02/01/2020,OGG,HI,AWP,WE,Towers with Radar,156,21,4,0,181,0,112,31,0,143,156,133,35,0,324,16,0,16,340
02/02/2020,OGG,HI,AWP,WE,Towers with Radar,164,18,10,0,192,0,110,28,0,138,164,128,38,0,330,10,0,10,340
02/03/2020,OGG,HI,AWP,WE,Towers with Radar,161,13,7,0,181,0,161,34,2,197,161,174,41,2,378,30,0,30,408
02/04/2020,OGG,HI,AWP,WE,Towers with Radar,167,20,4,0,191,0,156,24,2,182,167,176,28,2,373,54,0,54,427
02/05/2020,OGG,HI,AWP,WE,Towers with Radar,152,21,8,6,187,0,167,18,6,191,152,188,26,12,378,59,0,59,437
02/06/2020,OGG,HI,AWP,WE,Towers with Radar,162,65,11,5,243,0,50,9,8,67,162,115,20,13,310,30,0,30,340
02/07/2020,OGG,HI,AWP,WE,Towers with Radar,174,25,1,2,202,0,136,24,4,164,174,161,25,6,366,26,0,26,392
02/08/2020,OGG,HI,AWP,WE,Towers with Radar,177,15,9,2,203,0,142,15,5,162,177,157,24,7,365,2,0,2,367
02/09/2020,OGG,HI,AWP,WE,Towers with Radar,149,14,8,4,175,0,122,7,0,129,149,136,15,4,304,51,0,51,355
02/10/2020,OGG,HI,AWP,WE,Towers with Radar,146,50,1,0,197,0,89,3,0,92,146,139,4,0,289,32,0,32,321
02/11/2020,OGG,HI,AWP,WE,Towers with Radar,159,32,10,0,201,0,151,17,2,170,159,183,27,2,371,64,0,64,435
02/12/2020,OGG,HI,AWP,WE,Towers with Radar,159,17,14,0,190,0,145,34,0,179,159,162,48,0,369,64,0,64,433
02/13/2020,OGG,HI,AWP,WE,Towers with Radar,166,28,6,7,207,0,152,41,2,195,166,180,47,9,402,32,0,32,434
02/14/2020,OGG,HI,AWP,WE,Towers with Radar,164,20,5,0,189,0,163,31,0,194,164,183,36,0,383,19,0,19,402
02/15/2020,OGG,HI,AWP,WE,Towers with Radar,156,16,13,1,186,0,127,30,1,158,156,143,43,2,344,50,0,50,394
02/16/2020,OGG,HI,AWP,WE,Towers with Radar,151,18,12,0,181,0,120,20,0,140,151,138,32,0,321,25,0,25,346
02/17/2020,OGG,HI,AWP,WE,Towers with Radar,162,13,6,1,182,0,163,32,1,196,162,176,38,2,378,26,0,26,404
02/18/2020,OGG,HI,AWP,WE,Towers with Radar,155,25,3,2,185,0,176,21,0,197,155,201,24,2,382,10,0,10,392
02/19/2020,OGG,HI,AWP,WE,Towers with Radar,155,25,9,2,191,0,128,16,3,147,155,153,25,5,338,64,0,64,402
02/20/2020,OGG,HI,AWP,WE,Towers with Radar,158,25,7,0,190,0,142,18,2,162,158,167,25,2,352,34,0,34,386
02/21/2020,OGG,HI,AWP,WE,Towers with Radar,173,20,9,5,207,0,116,25,1,142,173,136,34,6,349,15,0,15,364
02/22/2020,OGG,HI,AWP,WE,Towers with Radar,178,15,11,0,204,0,122,21,1,144,178,137,32,1,348,34,0,34,382
02/23/2020,OGG,HI,AWP,WE,Towers with Radar,154,28,6,0,188,0,133,54,0,187,154,161,60,0,375,28,0,28,403
02/24/2020,OGG,HI,AWP,WE,Towers with Radar,151,23,4,2,180,0,168,37,0,205,151,191,41,2,385,41,0,41,426
02/25/2020,OGG,HI,AWP,WE,Towers with Radar,158,36,4,0,198,0,185,39,0,224,158,221,43,0,422,14,0,14,436
02/26/2020,OGG,HI,AWP,WE,Towers with Radar,152,26,6,4,188,0,196,22,7,225,152,222,28,11,413,14,0,14,427
02/27/2020,OGG,HI,AWP,WE,Towers with Radar,175,32,8,9,224,0,199,29,1,229,175,231,37,10,453,45,0,45,498
02/28/2020,OGG,HI,AWP,WE,Towers with Radar,161,25,4,0,190,0,169,19,2,190,161,194,23,2,380,18,0,18,398
02/29/2020,OGG,HI,AWP,WE,Towers with Radar,167,24,6,0,197,0,95,21,1,117,167,119,27,1,314,16,0,16,330
03/01/2020,OGG,HI,AWP,WE,Towers with Radar,163,16,7,0,186,0,94,8,0,102,163,110,15,0,288,18,0,18,306
03/02/2020,OGG,HI,AWP,WE,Towers with Radar,160,19,8,0,187,0,123,44,1,168,160,142,52,1,355,66,0,66,421
03/03/2020,OGG,HI,AWP,WE,Towers with Radar,154,26,8,9,197,0,170,40,5,215,154,196,48,14,412,32,0,32,444
03/04/2020,OGG,HI,AWP,WE,Towers with Radar,157,26,10,5,198,0,137,34,4,175,157,163,44,9,373,30,0,30,403
03/05/2020,OGG,HI,AWP,WE,Towers with Radar,177,10,4,0,191,0,146,47,2,195,177,156,51,2,386,30,0,30,416
03/06/2020,OGG,HI,AWP,WE,Towers with Radar,164,22,9,0,195,0,111,32,0,143,164,133,41,0,338,60,0,60,398
03/07/2020,OGG,HI,AWP,WE,Towers with Radar,179,28,5,2,214,0,94,14,2,110,179,122,19,4,324,18,0,18,342
03/08/2020,OGG,HI,AWP,WE,Towers with Radar,176,11,6,3,196,0,114,21,1,136,176,125,27,4,332,26,0,26,358
03/09/2020,OGG,HI,AWP,WE,Towers with Radar,142,24,9,6,181,0,130,27,0,157,142,154,36,6,338,50,0,50,388
03/10/2020,OGG,HI,AWP,WE,Towers with Radar,156,17,6,2,181,0,153,46,2,201,156,170,52,4,382,54,0,54,436
03/11/2020,OGG,HI,AWP,WE,Towers with Radar,165,24,8,7,204,0,143,38,1,182,165,167,46,8,386,48,0,48,434
03/12/2020,OGG,HI,AWP,WE,Towers with Radar,170,17,9,3,199,0,165,28,4,197,170,182,37,7,396,99,0,99,495
03/13/2020,OGG,HI,AWP,WE,Towers with Radar,168,40,9,0,217,0,112,18,2,132,168,152,27,2,349,54,0,54,403
03/14/2020,OGG,HI,AWP,WE,Towers with Radar,177,28,5,0,210,0,105,11,0,116,177,133,16,0,326,70,0,70,396
03/15/2020,OGG,HI,AWP,WE,Towers with Radar,174,26,12,0,212,0,115,5,0,120,174,141,17,0,332,98,0,98,430
03/16/2020,OGG,HI,AWP,WE,Towers with Radar,146,27,15,0,188,0,112,12,0,124,146,139,27,0,312,62,0,62,374
03/17/2020,OGG,HI,AWP,WE,Towers with Radar,161,45,5,0,211,0,73,11,0,84,161,118,16,0,295,6,0,6,301
03/18/2020,OGG,HI,AWP,WE,Towers with Radar,168,26,15,5,214,0,135,28,0,163,168,161,43,5,377,60,2,62,439
03/19/2020,OGG,HI,AWP,WE,Towers with Radar,162,24,12,1,199,0,122,24,1,147,162,146,36,2,346,48,0,48,394
03/20/2020,OGG,HI,AWP,WE,Towers with Radar,176,16,10,0,202,0,72,18,2,92,176,88,28,2,294,54,0,54,348
03/21/2020,OGG,HI,AWP,WE,Towers with Radar,180,16,6,0,202,0,51,19,0,70,180,67,25,0,272,16,0,16,288
03/22/2020,OGG,HI,AWP,WE,Towers with Radar,170,12,3,4,189,0,48,12,0,60,170,60,15,4,249,50,0,50,299
03/23/2020,OGG,HI,AWP,WE,Towers with Radar,149,21,3,0,173,0,55,17,0,72,149,76,20,0,245,48,0,48,293
03/24/2020,OGG,HI,AWP,WE,Towers with Radar,129,19,8,7,163,0,48,14,5,67,129,67,22,12,230,72,0,72,302
03/25/2020,OGG,HI,AWP,WE,Towers with Radar,121,18,8,0,147,0,29,5,2,36,121,47,13,2,183,20,0,20,203
03/26/2020,OGG,HI,AWP,WE,Towers with Radar,96,19,2,2,119,0,35,10,0,45,96,54,12,2,164,32,0,32,196
03/27/2020,OGG,HI,AWP,WE,Towers with Radar,69,13,6,0,88,0,43,12,1,56,69,56,18,1,144,83,0,83,227
03/28/2020,OGG,HI,AWP,WE,Towers with Radar,60,7,1,0,68,0,26,11,1,38,60,33,12,1,106,14,0,14,120
03/29/2020,OGG,HI,AWP,WE,Towers with Radar,60,6,5,0,71,0,24,5,0,29,60,30,10,0,100,0,0,0,100
03/30/2020,OGG,HI,AWP,WE,Towers with Radar,49,10,4,0,63,0,41,23,1,65,49,51,27,1,128,36,0,36,164
03/31/2020,OGG,HI,AWP,WE,Towers with Radar,49,16,2,0,67,0,25,17,4,46,49,41,19,4,113,64,0,64,177
04/01/2020,OGG,HI,AWP,WE,Towers with Radar,36,10,1,0,47,0,31,27,0,58,36,41,28,0,105,66,0,66,171
04/02/2020,OGG,HI,AWP,WE,Towers with Radar,36,5,2,0,43,0,35,26,0,61,36,40,28,0,104,51,0,51,155
04/03/2020,OGG,HI,AWP,WE,Towers with Radar,37,4,4,0,45,0,30,29,0,59,37,34,33,0,104,38,0,38,142
04/04/2020,OGG,HI,AWP,WE,Towers with Radar,26,5,1,1,33,0,21,22,1,44,26,26,23,2,77,26,0,26,103
04/05/2020,OGG,HI,AWP,WE,Towers with Radar,29,0,0,0,29,0,13,4,0,17,29,13,4,0,46,14,0,14,60
04/06/2020,OGG,HI,AWP,WE,Towers with Radar,20,18,4,0,42,0,23,20,0,43,20,41,24,0,85,14,0,14,99
04/07/2020,OGG,HI,AWP,WE,Towers with Radar,20,7,0,8,35,0,19,11,4,34,20,26,11,12,69,30,16,46,115
04/08/2020,OGG,HI,AWP,WE,Towers with Radar,24,13,2,4,43,0,29,32,2,63,24,42,34,6,106,14,0,14,120
04/09/2020,OGG,HI,AWP,WE,Towers with Radar,21,8,4,0,33,0,22,16,4,42,21,30,20,4,75,38,0,38,113
04/10/2020,OGG,HI,AWP,WE,Towers with Radar,22,10,3,0,35,0,34,13,3,50,22,44,16,3,85,46,0,46,131
04/11/2020,OGG,HI,AWP,WE,Towers with Radar,16,3,2,0,21,0,21,4,0,25,16,24,6,0,46,20,0,20,66
04/12/2020,OGG,HI,AWP,WE,Towers with Radar,17,4,0,0,21,0,6,1,0,7,17,10,1,0,28,6,0,6,34
04/13/2020,OGG,HI,AWP,WE,Towers with Radar,16,14,3,0,33,0,23,18,0,41,16,37,21,0,74,94,0,94,168
04/14/2020,OGG,HI,AWP,WE,Towers with Radar,23,5,6,0,34,0,24,14,2,40,23,29,20,2,74,10,0,10,84
04/15/2020,OGG,HI,AWP,WE,Towers with Radar,18,6,1,0,25,0,23,21,0,44,18,29,22,0,69,55,1,56,125
04/16/2020,OGG,HI,AWP,WE,Towers with Radar,18,6,2,0,26,0,25,23,0,48,18,31,25,0,74,38,0,38,112
04/17/2020,OGG,HI,AWP,WE,Towers with Radar,18,10,7,6,41,0,24,21,12,57,18,34,28,18,98,46,10,56,154
04/18/2020,OGG,HI,AWP,WE,Towers with Radar,15,5,1,0,21,0,15,21,8,44,15,20,22,8,65,34,0,34,99
04/19/2020,OGG,HI,AWP,WE,Towers with Radar,16,2,5,0,23,0,21,15,0,36,16,23,20,0,59,21,0,21,80
04/20/2020,OGG,HI,AWP,WE,Towers with Radar,14,6,3,13,36,0,25,27,2,54,14,31,30,15,90,92,0,92,182
04/21/2020,OGG,HI,AWP,WE,Towers with Radar,19,5,6,7,37,0,17,24,2,43,19,22,30,9,80,52,10,62,142
04/22/2020,OGG,HI,AWP,WE,Towers with Radar,18,9,2,1,30,0,25,12,2,39,18,34,14,3,69,101,0,101,170
04/23/2020,OGG,HI,AWP,WE,Towers with Radar,19,6,2,2,29,0,20,12,7,39,19,26,14,9,68,30,0,30,98
04/24/2020,OGG,HI,AWP,WE,Towers with Radar,17,7,8,0,32,0,23,14,0,37,17,30,22,0,69,22,0,22,91
04/25/2020,OGG,HI,AWP,WE,Towers with Radar,20,3,3,0,26,0,21,19,1,41,20,24,22,1,67,60,0,60,127
04/26/2020,OGG,HI,AWP,WE,Towers with Radar,17,8,5,0,30,0,19,8,3,30,17,27,13,3,60,10,0,10,70
04/27/2020,OGG,HI,AWP,WE,Towers with Radar,22,4,6,1,33,0,24,21,4,49,22,28,27,5,82,84,0,84,166
04/28/2020,OGG,HI,AWP,WE,Towers with Radar,17,5,4,6,32,0,22,19,2,43,17,27,23,8,75,56,0,56,131
04/29/2020,OGG,HI,AWP,WE,Towers with Radar,17,6,7,0,30,0,27,13,6,46,17,33,20,6,76,18,0,18,94
04/30/2020,OGG,HI,AWP,WE,Towers with Radar,19,4,5,1,29,0,21,18,4,43,19,25,23,5,72,22,0,22,94
05/01/2020,OGG,HI,AWP,WE,Towers with Radar,21,9,4,6,40,0,26,15,0,41,21,35,19,6,81,85,0,85,166
05/02/2020,OGG,HI,AWP,WE,Towers with Radar,14,2,2,0,18,0,14,2,0,16,14,16,4,0,34,42,0,42,76
05/03/2020,OGG,HI,AWP,WE,Towers with Radar,17,7,2,0,26,0,12,19,0,31,17,19,21,0,57,22,0,22,79
05/04/2020,OGG,HI,AWP,WE,Towers with Radar,23,11,5,6,45,0,29,12,4,45,23,40,17,10,90,60,0,60,150
05/05/2020,OGG,HI,AWP,WE,Towers with Radar,19,4,2,6,31,0,21,24,8,53,19,25,26,14,84,21,4,25,109
05/06/2020,OGG,HI,AWP,WE,Towers with Radar,22,7,5,0,34,0,34,26,0,60,22,41,31,0,94,44,0,44,138
05/07/2020,OGG,HI,AWP,WE,Towers with Radar,19,6,10,0,35,0,26,18,4,48,19,32,28,4,83,48,0,48,131
05/08/2020,OGG,HI,AWP,WE,Towers with Radar,19,4,10,0,33,0,18,11,3,32,19,22,21,3,65,0,0,0,65
05/09/2020,OGG,HI,AWP,WE,Towers with Radar,16,10,4,1,31,0,18,19,1,38,16,28,23,2,69,4,0,4,73
05/10/2020,OGG,HI,AWP,WE,Towers with Radar,21,4,5,0,30,0,25,12,1,38,21,29,17,1,68,10,4,14,82
05/11/2020,OGG,HI,AWP,WE,Towers with Radar,23,12,5,0,40,0,35,23,0,58,23,47,28,0,98,60,0,60,158
05/12/2020,OGG,HI,AWP,WE,Towers with Radar,15,5,5,4,29,0,26,12,0,38,15,31,17,4,67,62,0,62,129
05/13/2020,OGG,HI,AWP,WE,Towers with Radar,20,3,2,0,25,0,29,25,6,60,20,32,27,6,85,20,0,20,105
05/14/2020,OGG,HI,AWP,WE,Towers with Radar,18,7,7,5,37,0,20,23,3,46,18,27,30,8,83,120,36,156,239
05/15/2020,OGG,HI,AWP,WE,Towers with Radar,25,8,6,3,42,0,18,29,2,49,25,26,35,5,91,52,4,56,147
05/16/2020,OGG,HI,AWP,WE,Towers with Radar,17,4,3,0,24,0,23,20,0,43,17,27,23,0,67,76,0,76,143
05/17/2020,OGG,HI,AWP,WE,Towers with Radar,21,1,1,2,25,1,21,20,2,44,22,22,21,4,69,16,4,20,89
05/18/2020,OGG,HI,AWP,WE,Towers with Radar,22,9,2,2,35,0,27,7,1,35,22,36,9,3,70,70,0,70,140
05/19/2020,OGG,HI,AWP,WE,Towers with Radar,19,5,6,2,32,0,29,23,2,54,19,34,29,4,86,66,0,66,152
05/20/2020,OGG,HI,AWP,WE,Towers with Radar,22,4,2,3,31,0,33,19,5,57,22,37,21,8,88,86,0,86,174
05/21/2020,OGG,HI,AWP,WE,Towers with Radar,19,6,1,4,30,0,27,30,0,57,19,33,31,4,87,160,0,160,247
05/22/2020,OGG,HI,AWP,WE,Towers with Radar,24,6,7,2,39,0,29,16,3,48,24,35,23,5,87,34,0,34,121
05/23/2020,OGG,HI,AWP,WE,Towers with Radar,21,5,4,0,30,0,24,31,0,55,21,29,35,0,85,44,0,44,129
05/24/2020,OGG,HI,AWP,WE,Towers with Radar,21,1,1,0,23,0,16,14,0,30,21,17,15,0,53,20,0,20,73
05/25/2020,OGG,HI,AWP,WE,Towers with Radar,17,3,1,0,21,0,28,33,3,64,17,31,34,3,85,50,0,50,135
05/26/2020,OGG,HI,AWP,WE,Towers with Radar,24,6,6,2,38,0,26,36,3,65,24,32,42,5,103,16,0,16,119
05/27/2020,OGG,HI,AWP,WE,Towers with Radar,19,12,12,2,45,0,28,24,0,52,19,40,36,2,97,46,0,46,143
05/28/2020,OGG,HI,AWP,WE,Towers with Radar,21,7,1,2,31,0,26,21,8,55,21,33,22,10,86,46,0,46,132
05/29/2020,OGG,HI,AWP,WE,Towers with Radar,21,9,4,0,34,0,37,34,0,71,21,46,38,0,105,136,0,136,241
05/30/2020,OGG,HI,AWP,WE,Towers with Radar,16,6,5,3,30,0,26,30,0,56,16,32,35,3,86,13,0,13,99
05/31/2020,OGG,HI,AWP,WE,Towers with Radar,19,2,5,0,26,0,16,11,0,27,19,18,16,0,53,24,0,24,77
06/01/2020,OGG,HI,AWP,WE,Towers with Radar,26,9,2,0,37,0,39,21,0,60,26,48,23,0,97,66,0,66,163
06/02/2020,OGG,HI,AWP,WE,Towers with Radar,20,14,7,0,41,0,41,17,3,61,20,55,24,3,102,14,0,14,116
06/03/2020,OGG,HI,AWP,WE,Towers with Radar,22,9,8,5,44,0,33,25,0,58,22,42,33,5,102,14,0,14,116
06/04/2020,OGG,HI,AWP,WE,Towers with Radar,25,8,4,6,43,0,42,24,2,68,25,50,28,8,111,54,0,54,165
06/05/2020,OGG,HI,AWP,WE,Towers with Radar,29,8,4,2,43,0,43,37,2,82,29,51,41,4,125,22,0,22,147
06/06/2020,OGG,HI,AWP,WE,Towers with Radar,21,5,6,1,33,0,16,12,3,31,21,21,18,4,64,22,0,22,86
06/07/2020,OGG,HI,AWP,WE,Towers with Radar,27,1,1,1,30,0,26,19,1,46,27,27,20,2,76,4,0,4,80
06/08/2020,OGG,HI,AWP,WE,Towers with Radar,26,6,3,2,37,0,44,29,3,76,26,50,32,5,113,12,0,12,125
06/09/2020,OGG,HI,AWP,WE,Towers with Radar,28,7,2,9,46,0,41,16,0,57,28,48,18,9,103,10,0,10,113
06/10/2020,OGG,HI,AWP,WE,Towers with Radar,27,9,1,0,37,0,36,18,3,57,27,45,19,3,94,6,0,6,100
06/11/2020,OGG,HI,AWP,WE,Towers with Radar,24,3,3,4,34,0,44,15,2,61,24,47,18,6,95,18,0,18,113
06/12/2020,OGG,HI,AWP,WE,Towers with Radar,28,6,1,2,37,0,37,13,3,53,28,43,14,5,90,4,0,4,94
06/13/2020,OGG,HI,AWP,WE,Towers with Radar,23,9,3,1,36,0,22,8,1,31,23,31,11,2,67,60,0,60,127
06/14/2020,OGG,HI,AWP,WE,Towers with Radar,26,4,5,0,35,0,22,16,0,38,26,26,21,0,73,38,0,38,111
06/15/2020,OGG,HI,AWP,WE,Towers with Radar,27,8,4,0,39,0,48,29,0,77,27,56,33,0,116,70,0,70,186
06/16/2020,OGG,HI,AWP,WE,Towers with Radar,30,10,6,9,55,0,47,23,1,71,30,57,29,10,126,38,0,38,164
06/17/2020,OGG,HI,AWP,WE,Towers with Radar,27,8,5,4,44,0,45,31,4,80,27,53,36,8,124,42,0,42,166
06/18/2020,OGG,HI,AWP,WE,Towers with Radar,30,7,2,4,43,0,46,19,0,65,30,53,21,4,108,10,0,10,118
06/19/2020,OGG,HI,AWP,WE,Towers with Radar,32,8,4,4,48,0,48,23,4,75,32,56,27,8,123,12,0,12,135
06/20/2020,OGG,HI,AWP,WE,Towers with Radar,30,9,7,1,47,0,28,27,1,56,30,37,34,2,103,14,0,14,117
06/21/2020,OGG,HI,AWP,WE,Towers with Radar,31,3,0,0,34,0,45,12,0,57,31,48,12,0,91,20,0,20,111
06/22/2020,OGG,HI,AWP,WE,Towers with Radar,35,14,4,3,56,0,56,31,1,88,35,70,35,4,144,34,0,34,178
06/23/2020,OGG,HI,AWP,WE,Towers with Radar,33,5,1,1,40,0,55,20,4,79,33,60,21,5,119,32,0,32,151
06/24/2020,OGG,HI,AWP,WE,Towers with Radar,30,6,4,0,40,0,48,28,7,83,30,54,32,7,123,2,0,2,125
06/25/2020,OGG,HI,AWP,WE,Towers with Radar,32,10,4,6,52,0,59,21,2,82,32,69,25,8,134,28,0,28,162
06/26/2020,OGG,HI,AWP,WE,Towers with Radar,31,5,1,1,38,0,66,30,2,98,31,71,31,3,136,30,0,30,166
06/27/2020,OGG,HI,AWP,WE,Towers with Radar,28,7,3,1,39,0,37,20,1,58,28,44,23,2,97,10,0,10,107
06/28/2020,OGG,HI,AWP,WE,Towers with Radar,37,3,4,0,44,0,42,20,0,62,37,45,24,0,106,10,0,10,116
06/29/2020,OGG,HI,AWP,WE,Towers with Radar,40,7,3,6,56,0,54,32,2,88,40,61,35,8,144,30,0,30,174
06/30/2020,OGG,HI,AWP,WE,Towers with Radar,38,11,7,0,56,0,59,20,0,79,38,70,27,0,135,20,0,20,155
07/01/2020,OGG,HI,AWP,WE,Towers with Radar,40,3,2,3,48,0,46,16,4,66,40,49,18,7,114,6,0,6,120
07/02/2020,OGG,HI,AWP,WE,Towers with Radar,54,8,0,0,62,0,56,21,0,77,54,64,21,0,139,16,0,16,155
07/03/2020,OGG,HI,AWP,WE,Towers with Radar,47,19,5,0,71,0,44,20,0,64,47,63,25,0,135,56,0,56,191
07/04/2020,OGG,HI,AWP,WE,Towers with Radar,34,2,0,0,36,0,33,21,0,54,34,35,21,0,90,65,0,65,155
07/05/2020,OGG,HI,AWP,WE,Towers with Radar,41,2,6,0,49,0,58,13,1,72,41,60,19,1,121,8,0,8,129
07/06/2020,OGG,HI,AWP,WE,Towers with Radar,48,8,5,1,62,0,70,18,2,90,48,78,23,3,152,24,0,24,176
07/07/2020,OGG,HI,AWP,WE,Towers with Radar,49,7,3,2,61,0,57,17,2,76,49,64,20,4,137,50,0,50,187
07/08/2020,OGG,HI,AWP,WE,Towers with Radar,39,7,3,1,50,0,66,17,5,88,39,73,20,6,138,74,0,74,212
07/09/2020,OGG,HI,AWP,WE,Towers with Radar,54,16,3,1,74,0,59,13,1,73,54,75,16,2,147,20,0,20,167
07/10/2020,OGG,HI,AWP,WE,Towers with Radar,45,16,10,4,75,0,61,26,5,92,45,77,36,9,167,38,0,38,205
07/11/2020,OGG,HI,AWP,WE,Towers with Radar,38,2,2,1,43,0,45,20,2,67,38,47,22,3,110,8,0,8,118
07/12/2020,OGG,HI,AWP,WE,Towers with Radar,48,3,1,6,58,0,41,23,0,64,48,44,24,6,122,14,2,16,138
07/13/2020,OGG,HI,AWP,WE,Towers with Radar,47,15,0,2,64,0,52,24,0,76,47,67,24,2,140,12,0,12,152
07/14/2020,OGG,HI,AWP,WE,Towers with Radar,47,8,7,1,63,0,48,9,1,58,47,56,16,2,121,38,0,38,159
07/15/2020,OGG,HI,AWP,WE,Towers with Radar,51,13,13,8,85,0,57,16,2,75,51,70,29,10,160,24,0,24,184
07/16/2020,OGG,HI,AWP,WE,Towers with Radar,54,7,1,4,66,0,57,29,2,88,54,64,30,6,154,30,0,30,184
07/17/2020,OGG,HI,AWP,WE,Towers with Radar,53,12,5,1,71,0,56,28,3,87,53,68,33,4,158,32,0,32,190
07/18/2020,OGG,HI,AWP,WE,Towers with Radar,47,5,0,0,52,0,34,31,3,68,47,39,31,3,120,6,0,6,126
07/19/2020,OGG,HI,AWP,WE,Towers with Radar,51,2,1,0,54,0,44,14,0,58,51,46,15,0,112,36,0,36,148
07/20/2020,OGG,HI,AWP,WE,Towers with Radar,55,6,7,6,74,0,52,14,0,66,55,58,21,6,140,58,0,58,198
07/21/2020,OGG,HI,AWP,WE,Towers with Radar,51,4,0,4,59,0,44,15,2,61,51,48,15,6,120,34,0,34,154
07/22/2020,OGG,HI,AWP,WE,Towers with Radar,46,7,1,2,56,0,49,29,0,78,46,56,30,2,134,2,0,2,136
07/23/2020,OGG,HI,AWP,WE,Towers with Radar,53,8,6,3,70,0,51,27,4,82,53,59,33,7,152,26,0,26,178
07/24/2020,OGG,HI,AWP,WE,Towers with Radar,55,4,6,4,69,0,51,23,3,77,55,55,29,7,146,40,0,40,186
07/25/2020,OGG,HI,AWP,WE,Towers with Radar,45,1,5,0,51,0,45,9,0,54,45,46,14,0,105,8,2,10,115
07/26/2020,OGG,HI,AWP,WE,Towers with Radar,3,3,0,0,6,0,0,0,0,0,3,3,0,0,6,0,0,0,6
07/27/2020,OGG,HI,AWP,WE,Towers with Radar,44,11,6,1,62,0,44,12,2,58,44,55,18,3,120,66,0,66,186
07/28/2020,OGG,HI,AWP,WE,Towers with Radar,54,12,7,0,73,0,48,9,2,59,54,60,16,2,132,60,0,60,192
07/29/2020,OGG,HI,AWP,WE,Towers with Radar,45,11,3,1,60,0,48,20,3,71,45,59,23,4,131,18,0,18,149
07/30/2020,OGG,HI,AWP,WE,Towers with Radar,51,5,4,2,62,0,50,24,0,74,51,55,28,2,136,54,0,54,190
07/31/2020,OGG,HI,AWP,WE,Towers with Radar,53,4,1,0,58,0,59,25,2,86,53,63,26,2,144,24,2,26,170
08/01/2020,OGG,HI,AWP,WE,Towers with Radar,46,3,3,4,56,0,48,24,6,78,46,51,27,10,134,48,0,48,182
08/02/2020,OGG,HI,AWP,WE,Towers with Radar,51,6,2,0,59,0,44,14,7,65,51,50,16,7,124,26,0,26,150
08/03/2020,OGG,HI,AWP,WE,Towers with Radar,53,7,3,1,64,0,66,12,6,84,53,73,15,7,148,84,0,84,232
08/04/2020,OGG,HI,AWP,WE,Towers with Radar,50,9,1,8,68,0,63,27,2,92,50,72,28,10,160,32,2,34,194
08/05/2020,OGG,HI,AWP,WE,Towers with Radar,52,9,2,0,63,0,49,24,0,73,52,58,26,0,136,14,0,14,150
08/06/2020,OGG,HI,AWP,WE,Towers with Radar,60,9,3,3,75,0,47,15,7,69,60,56,18,10,144,28,0,28,172
08/07/2020,OGG,HI,AWP,WE,Towers with Radar,56,15,3,2,76,0,54,22,5,81,56,69,25,7,157,32,0,32,189
08/08/2020,OGG,HI,AWP,WE,Towers with Radar,46,9,8,1,64,0,38,16,3,57,46,47,24,4,121,8,2,10,131
08/09/2020,OGG,HI,AWP,WE,Towers with Radar,50,10,3,0,63,0,42,16,2,60,50,52,19,2,123,0,0,0,123
08/10/2020,OGG,HI,AWP,WE,Towers with Radar,47,14,2,0,63,0,40,23,2,65,47,54,25,2,128,42,0,42,170
08/11/2020,OGG,HI,AWP,WE,Towers with Radar,47,11,5,1,64,0,28,26,2,56,47,39,31,3,120,38,0,38,158
08/12/2020,OGG,HI,AWP,WE,Towers with Radar,29,7,4,2,42,0,43,23,0,66,29,50,27,2,108,8,0,8,116
08/13/2020,OGG,HI,AWP,WE,Towers with Radar,38,10,2,10,60,0,51,31,0,82,38,61,33,10,142,24,0,24,166
08/14/2020,OGG,HI,AWP,WE,Towers with Radar,34,8,4,0,46,0,36,28,6,70,34,44,32,6,116,22,0,22,138
08/15/2020,OGG,HI,AWP,WE,Towers with Radar,37,6,3,2,48,0,17,22,0,39,37,23,25,2,87,2,0,2,89
08/16/2020,OGG,HI,AWP,WE,Towers with Radar,38,5,3,0,46,0,21,27,0,48,38,26,30,0,94,12,0,12,106
08/17/2020,OGG,HI,AWP,WE,Towers with Radar,41,3,2,2,48,0,31,25,0,56,41,34,27,2,104,54,0,54,158
08/18/2020,OGG,HI,AWP,WE,Towers with Radar,35,5,3,1,44,0,39,21,2,62,35,44,24,3,106,42,0,42,148
08/19/2020,OGG,HI,AWP,WE,Towers with Radar,33,10,4,1,48,0,34,22,5,61,33,44,26,6,109,23,0,23,132
08/20/2020,OGG,HI,AWP,WE,Towers with Radar,30,7,1,8,46,0,30,17,6,53,30,37,18,14,99,99,0,99,198
08/21/2020,OGG,HI,AWP,WE,Towers with Radar,38,9,4,4,55,0,25,36,0,61,38,34,40,4,116,46,0,46,162
08/22/2020,OGG,HI,AWP,WE,Towers with Radar,34,6,4,3,47,0,23,26,1,50,34,29,30,4,97,68,0,68,165
08/23/2020,OGG,HI,AWP,WE,Towers with Radar,35,1,2,0,38,0,20,13,2,35,35,21,15,2,73,40,0,40,113
08/24/2020,OGG,HI,AWP,WE,Towers with Radar,38,7,1,0,46,0,30,16,2,48,38,37,17,2,94,46,0,46,140
08/25/2020,OGG,HI,AWP,WE,Towers with Radar,37,2,5,0,44,0,29,33,4,66,37,31,38,4,110,48,0,48,158
08/26/2020,OGG,HI,AWP,WE,Towers with Radar,31,7,0,3,41,0,23,20,3,46,31,30,20,6,87,42,0,42,129
08/27/2020,OGG,HI,AWP,WE,Towers with Radar,30,5,0,3,38,0,27,23,1,51,30,32,23,4,89,40,0,40,129
08/28/2020,OGG,HI,AWP,WE,Towers with Radar,37,13,1,3,54,0,40,20,5,65,37,53,21,8,119,72,0,72,191
08/29/2020,OGG,HI,AWP,WE,Towers with Radar,34,10,3,0,47,0,18,21,0,39,34,28,24,0,86,42,0,42,128
08/30/2020,OGG,HI,AWP,WE,Towers with Radar,36,1,0,0,37,0,26,10,0,36,36,27,10,0,73,30,0,30,103
08/31/2020,OGG,HI,AWP,WE,Towers with Radar,40,8,6,6,60,0,37,16,0,53,40,45,22,6,113,78,0,78,191
09/01/2020,OGG,HI,AWP,WE,Towers with Radar,31,9,5,0,45,0,20,16,0,36,31,29,21,0,81,60,0,60,141
09/02/2020,OGG,HI,AWP,WE,Towers with Radar,31,5,4,1,41,0,25,25,4,54,31,30,29,5,95,58,0,58,153
09/03/2020,OGG,HI,AWP,WE,Towers with Radar,35,6,10,2,53,0,31,19,4,54,35,37,29,6,107,60,2,62,169
09/04/2020,OGG,HI,AWP,WE,Towers with Radar,34,4,4,0,42,0,34,24,0,58,34,38,28,0,100,26,0,26,126
09/05/2020,OGG,HI,AWP,WE,Towers with Radar,26,2,3,0,31,0,15,22,0,37,26,17,25,0,68,40,0,40,108
09/06/2020,OGG,HI,AWP,WE,Towers with Radar,27,4,1,0,32,0,10,19,0,29,27,14,20,0,61,18,0,18,79
09/07/2020,OGG,HI,AWP,WE,Towers with Radar,27,3,6,0,36,0,20,27,0,47,27,23,33,0,83,24,0,24,107
09/08/2020,OGG,HI,AWP,WE,Towers with Radar,29,7,7,3,46,0,33,24,3,60,29,40,31,6,106,74,2,76,182
09/09/2020,OGG,HI,AWP,WE,Towers with Radar,28,5,5,1,39,0,23,13,3,39,28,28,18,4,78,38,0,38,116
09/10/2020,OGG,HI,AWP,WE,Towers with Radar,31,9,2,0,42,0,31,11,0,42,31,40,13,0,84,30,0,30,114
09/11/2020,OGG,HI,AWP,WE,Towers with Radar,31,6,8,0,45,0,23,28,3,54,31,29,36,3,99,36,0,36,135
09/12/2020,OGG,HI,AWP,WE,Towers with Radar,26,8,9,0,43,0,28,19,0,47,26,36,28,0,90,94,0,94,184
09/13/2020,OGG,HI,AWP,WE,Towers with Radar,26,1,2,0,29,0,20,24,0,44,26,21,26,0,73,50,0,50,123
09/14/2020,OGG,HI,AWP,WE,Towers with Radar,33,5,3,0,41,0,32,19,0,51,33,37,22,0,92,80,0,80,172
09/15/2020,OGG,HI,AWP,WE,Towers with Radar,26,6,13,0,45,0,31,21,0,52,26,37,34,0,97,76,0,76,173
09/16/2020,OGG,HI,AWP,WE,Towers with Radar,27,5,7,2,41,0,33,15,5,53,27,38,22,7,94,114,0,114,208
09/17/2020,OGG,HI,AWP,WE,Towers with Radar,31,9,5,1,46,0,25,23,1,49,31,34,28,2,95,104,0,104,199
09/18/2020,OGG,HI,AWP,WE,Towers with Radar,30,7,3,2,42,0,27,25,2,54,30,34,28,4,96,54,0,54,150
09/19/2020,OGG,HI,AWP,WE,Towers with Radar,25,13,6,0,44,0,15,19,0,34,25,28,25,0,78,112,0,112,190
09/20/2020,OGG,HI,AWP,WE,Towers with Radar,26,3,3,0,32,0,25,20,0,45,26,28,23,0,77,28,0,28,105
09/21/2020,OGG,HI,AWP,WE,Towers with Radar,31,6,2,7,46,0,30,12,1,43,31,36,14,8,89,92,0,92,181
09/22/2020,OGG,HI,AWP,WE,Towers with Radar,30,6,2,2,40,0,38,27,0,65,30,44,29,2,105,20,2,22,127
09/23/2020,OGG,HI,AWP,WE,Towers with Radar,32,9,2,8,51,0,31,12,2,45,32,40,14,10,96,76,0,76,172
09/24/2020,OGG,HI,AWP,WE,Towers with Radar,33,7,2,2,44,0,26,21,0,47,33,33,23,2,91,78,0,78,169
09/25/2020,OGG,HI,AWP,WE,Towers with Radar,30,8,1,0,39,0,34,30,6,70,30,42,31,6,109,44,0,44,153
09/26/2020,OGG,HI,AWP,WE,Towers with Radar,25,11,0,0,36,0,13,13,0,26,25,24,13,0,62,0,0,0,62
09/27/2020,OGG,HI,AWP,WE,Towers with Radar,25,3,5,0,33,0,12,24,0,36,25,15,29,0,69,50,0,50,119
09/28/2020,OGG,HI,AWP,WE,Towers with Radar,25,8,1,1,35,0,36,21,1,58,25,44,22,2,93,72,0,72,165
09/29/2020,OGG,HI,AWP,WE,Towers with Radar,27,8,7,4,46,0,27,20,0,47,27,35,27,4,93,38,0,38,131
09/30/2020,OGG,HI,AWP,WE,Towers with Radar,28,11,8,7,54,2,44,22,1,69,30,55,30,8,123,54,0,54,177
10/01/2020,OGG,HI,AWP,WE,Towers with Radar,28,11,4,9,52,0,26,8,2,36,28,37,12,11,88,4,0,4,92
10/02/2020,OGG,HI,AWP,WE,Towers with Radar,37,9,0,0,46,0,28,20,0,48,37,37,20,0,94,22,0,22,116
10/03/2020,OGG,HI,AWP,WE,Towers with Radar,28,9,2,0,39,0,26,15,0,41,28,35,17,0,80,26,0,26,106
10/04/2020,OGG,HI,AWP,WE,Towers with Radar,27,7,4,0,38,0,24,18,0,42,27,31,22,0,80,12,0,12,92
10/05/2020,OGG,HI,AWP,WE,Towers with Radar,36,10,7,1,54,0,34,38,1,73,36,44,45,2,127,16,0,16,143
10/06/2020,OGG,HI,AWP,WE,Towers with Radar,24,15,4,0,43,0,51,19,4,74,24,66,23,4,117,20,0,20,137
10/07/2020,OGG,HI,AWP,WE,Towers with Radar,27,6,3,3,39,0,29,30,1,60,27,35,33,4,99,26,8,34,133
10/08/2020,OGG,HI,AWP,WE,Towers with Radar,31,7,4,4,46,0,33,28,0,61,31,40,32,4,107,48,0,48,155
10/09/2020,OGG,HI,AWP,WE,Towers with Radar,34,7,4,8,53,0,31,28,3,62,34,38,32,11,115,54,0,54,169
10/10/2020,OGG,HI,AWP,WE,Towers with Radar,27,6,0,0,33,0,14,30,2,46,27,20,30,2,79,60,0,60,139
10/11/2020,OGG,HI,AWP,WE,Towers with Radar,26,8,2,0,36,0,15,7,2,24,26,23,9,2,60,100,0,100,160
10/12/2020,OGG,HI,AWP,WE,Towers with Radar,34,3,3,3,43,0,41,12,1,54,34,44,15,4,97,72,0,72,169
10/13/2020,OGG,HI,AWP,WE,Towers with Radar,36,6,6,1,49,0,50,24,3,77,36,56,30,4,126,54,4,58,184
10/14/2020,OGG,HI,AWP,WE,Towers with Radar,34,8,3,7,52,0,43,29,8,80,34,51,32,15,132,62,0,62,194
10/15/2020,OGG,HI,AWP,WE,Towers with Radar,59,12,6,0,77,0,33,28,2,63,59,45,34,2,140,88,0,88,228
10/16/2020,OGG,HI,AWP,WE,Towers with Radar,62,12,9,0,83,0,42,21,2,65,62,54,30,2,148,54,0,54,202
10/17/2020,OGG,HI,AWP,WE,Towers with Radar,59,6,12,0,77,0,22,23,0,45,59,28,35,0,122,82,0,82,204
10/18/2020,OGG,HI,AWP,WE,Towers with Radar,51,7,2,0,60,0,29,16,0,45,51,36,18,0,105,32,0,32,137
10/19/2020,OGG,HI,AWP,WE,Towers with Radar,59,13,7,2,81,0,41,18,0,59,59,54,25,2,140,86,0,86,226
10/20/2020,OGG,HI,AWP,WE,Towers with Radar,64,14,4,0,82,0,36,25,0,61,64,50,29,0,143,62,0,62,205
10/21/2020,OGG,HI,AWP,WE,Towers with Radar,55,11,4,0,70,0,63,36,0,99,55,74,40,0,169,24,0,24,193
10/22/2020,OGG,HI,AWP,WE,Towers with Radar,57,6,7,10,80,0,55,26,4,85,57,61,33,14,165,80,12,92,257
10/23/2020,OGG,HI,AWP,WE,Towers with Radar,54,10,8,6,78,0,59,34,0,93,54,69,42,6,171,34,0,34,205
10/24/2020,OGG,HI,AWP,WE,Towers with Radar,57,15,3,0,75,0,35,27,4,66,57,50,30,4,141,74,0,74,215
10/25/2020,OGG,HI,AWP,WE,Towers with Radar,51,8,12,0,71,0,49,22,0,71,51,57,34,0,142,8,0,8,150
10/26/2020,OGG,HI,AWP,WE,Towers with Radar,53,11,5,4,73,0,49,18,0,67,53,60,23,4,140,38,0,38,178
10/27/2020,OGG,HI,AWP,WE,Towers with Radar,53,14,5,2,74,0,38,6,4,48,53,52,11,6,122,25,0,25,147
10/28/2020,OGG,HI,AWP,WE,Towers with Radar,51,9,6,1,67,0,39,13,0,52,51,48,19,1,119,22,0,22,141
10/29/2020,OGG,HI,AWP,WE,Towers with Radar,59,22,4,0,85,0,36,9,0,45,59,58,13,0,130,34,0,34,164
10/30/2020,OGG,HI,AWP,WE,Towers with Radar,55,12,4,2,73,0,50,26,2,78,55,62,30,4,151,16,0,16,167
10/31/2020,OGG,HI,AWP,WE,Towers with Radar,51,8,11,0,70,0,42,27,2,71,51,50,38,2,141,32,10,42,183
11/01/2020,OGG,HI,AWP,WE,Towers with Radar,63,9,10,0,82,0,31,27,2,60,63,40,37,2,142,18,0,18,160
11/02/2020,OGG,HI,AWP,WE,Towers with Radar,70,7,6,1,84,0,53,34,6,93,70,60,40,7,177,82,0,82,259
11/03/2020,OGG,HI,AWP,WE,Towers with Radar,69,10,9,3,91,0,30,16,1,47,69,40,25,4,138,64,0,64,202
11/04/2020,OGG,HI,AWP,WE,Towers with Radar,68,14,7,0,89,0,52,30,0,82,68,66,37,0,171,68,3,71,242
11/05/2020,OGG,HI,AWP,WE,Towers with Radar,68,11,8,4,91,0,45,38,6,89,68,56,46,10,180,46,0,46,226
11/06/2020,OGG,HI,AWP,WE,Towers with Radar,65,12,6,0,83,0,55,25,1,81,65,67,31,1,164,42,0,42,206
11/07/2020,OGG,HI,AWP,WE,Towers with Radar,73,10,6,0,89,0,41,25,0,66,73,51,31,0,155,42,0,42,197
11/08/2020,OGG,HI,AWP,WE,Towers with Radar,69,5,6,0,80,0,50,14,0,64,69,55,20,0,144,38,0,38,182
11/09/2020,OGG,HI,AWP,WE,Towers with Radar,78,14,7,4,103,0,42,27,4,73,78,56,34,8,176,46,2,48,224
11/10/2020,OGG,HI,AWP,WE,Towers with Radar,71,8,2,0,81,0,43,21,3,67,71,51,23,3,148,92,0,92,240
11/11/2020,OGG,HI,AWP,WE,Towers with Radar,72,12,1,2,87,0,48,17,0,65,72,60,18,2,152,38,0,38,190
11/12/2020,OGG,HI,AWP,WE,Towers with Radar,79,10,5,3,97,0,44,21,1,66,79,54,26,4,163,36,0,36,199
11/13/2020,OGG,HI,AWP,WE,Towers with Radar,79,22,6,0,107,0,68,27,4,99,79,90,33,4,206,56,0,56,262
11/14/2020,OGG,HI,AWP,WE,Towers with Radar,72,8,7,0,87,0,39,29,0,68,72,47,36,0,155,100,0,100,255
11/15/2020,OGG,HI,AWP,WE,Towers with Radar,73,12,7,0,92,0,54,26,1,81,73,66,33,1,173,32,0,32,205
11/16/2020,OGG,HI,AWP,WE,Towers with Radar,76,15,7,5,103,0,58,16,1,75,76,73,23,6,178,50,0,50,228
11/17/2020,OGG,HI,AWP,WE,Towers with Radar,69,10,12,2,93,0,65,27,0,92,69,75,39,2,185,42,0,42,227
11/18/2020,OGG,HI,AWP,WE,Towers with Radar,72,23,9,5,109,0,40,16,1,57,72,63,25,6,166,90,0,90,256
11/19/2020,OGG,HI,AWP,WE,Towers with Radar,83,12,7,2,104,0,56,20,2,78,83,68,27,4,182,40,0,40,222
11/20/2020,OGG,HI,AWP,WE,Towers with Radar,100,24,16,3,143,0,59,15,4,78,100,83,31,7,221,4,0,4,225
11/21/2020,OGG,HI,AWP,WE,Towers with Radar,94,18,19,0,131,0,47,19,0,66,94,65,38,0,197,8,0,8,205
11/22/2020,OGG,HI,AWP,WE,Towers with Radar,93,12,13,0,118,0,44,17,2,63,93,56,30,2,181,0,0,0,181
11/23/2020,OGG,HI,AWP,WE,Towers with Radar,87,14,9,2,112,0,41,33,0,74,87,55,42,2,186,50,0,50,236
11/24/2020,OGG,HI,AWP,WE,Towers with Radar,86,15,3,1,105,0,28,11,1,40,86,43,14,2,145,66,0,66,211
11/25/2020,OGG,HI,AWP,WE,Towers with Radar,87,17,6,2,112,0,62,35,1,98,87,79,41,3,210,16,18,34,244
11/26/2020,OGG,HI,AWP,WE,Towers with Radar,90,5,3,0,98,0,41,22,2,65,90,46,25,2,163,16,0,16,179
11/27/2020,OGG,HI,AWP,WE,Towers with Radar,97,10,3,0,110,0,51,30,0,81,97,61,33,0,191,26,0,26,217
11/28/2020,OGG,HI,AWP,WE,Towers with Radar,94,12,10,0,116,0,59,32,0,91,94,71,42,0,207,90,0,90,297
11/29/2020,OGG,HI,AWP,WE,Towers with Radar,90,9,12,0,111,0,55,16,2,73,90,64,28,2,184,13,0,13,197
11/30/2020,OGG,HI,AWP,WE,Towers with Radar,102,8,7,1,118,0,77,40,3,120,102,85,47,4,238,10,0,10,248
12/01/2020,OGG,HI,AWP,WE,Towers with Radar,96,10,12,5,123,0,42,44,0,86,96,52,56,5,209,96,0,96,305
12/02/2020,OGG,HI,AWP,WE,Towers with Radar,88,14,3,0,105,0,48,61,4,113,88,62,64,4,218,28,0,28,246
12/03/2020,OGG,HI,AWP,WE,Towers with Radar,90,7,10,2,109,0,56,42,8,106,90,63,52,10,215,50,2,52,267
12/04/2020,OGG,HI,AWP,WE,Towers with Radar,88,10,4,1,103,0,61,33,3,97,88,71,37,4,200,50,0,50,250
12/05/2020,OGG,HI,AWP,WE,Towers with Radar,92,13,12,1,118,0,54,50,7,111,92,67,62,8,229,60,2,62,291
12/06/2020,OGG,HI,AWP,WE,Towers with Radar,81,8,7,2,98,0,51,39,10,100,81,59,46,12,198,46,0,46,244
12/07/2020,OGG,HI,AWP,WE,Towers with Radar,86,6,6,3,101,0,62,23,4,89,86,68,29,7,190,70,0,70,260
12/08/2020,OGG,HI,AWP,WE,Towers with Radar,90,3,4,0,97,0,59,21,0,80,90,62,25,0,177,22,0,22,199
12/09/2020,OGG,HI,AWP,WE,Towers with Radar,98,10,5,2,115,0,62,32,1,95,98,72,37,3,210,8,0,8,218
12/10/2020,OGG,HI,AWP,WE,Towers with Radar,91,8,3,0,102,0,55,37,0,92,91,63,40,0,194,46,0,46,240
12/11/2020,OGG,HI,AWP,WE,Towers with Radar,85,5,7,3,100,0,54,31,1,86,85,59,38,4,186,76,0,76,262
12/12/2020,OGG,HI,AWP,WE,Towers with Radar,93,10,12,0,115,0,46,37,0,83,93,56,49,0,198,64,0,64,262
12/13/2020,OGG,HI,AWP,WE,Towers with Radar,86,8,6,0,100,0,42,27,0,69,86,50,33,0,169,38,0,38,207
12/14/2020,OGG,HI,AWP,WE,Towers with Radar,94,12,5,2,113,0,50,30,4,84,94,62,35,6,197,34,0,34,231
12/15/2020,OGG,HI,AWP,WE,Towers with Radar,91,10,8,0,109,0,52,27,0,79,91,62,35,0,188,38,0,38,226
12/16/2020,OGG,HI,AWP,WE,Towers with Radar,94,7,9,2,112,0,52,20,2,74,94,59,29,4,186,32,0,32,218
12/17/2020,OGG,HI,AWP,WE,Towers with Radar,108,3,9,0,120,0,66,28,0,94,108,69,37,0,214,30,0,30,244
12/18/2020,OGG,HI,AWP,WE,Towers with Radar,111,15,14,0,140,0,64,18,3,85,111,79,32,3,225,2,0,2,227
12/19/2020,OGG,HI,AWP,WE,Towers with Radar,129,13,10,0,152,0,46,28,0,74,129,59,38,0,226,34,0,34,260
12/20/2020,OGG,HI,AWP,WE,Towers with Radar,124,9,11,2,146,0,49,22,0,71,124,58,33,2,217,26,0,26,243
12/21/2020,OGG,HI,AWP,WE,Towers with Radar,119,10,3,2,134,0,76,30,0,106,119,86,33,2,240,47,0,47,287
12/22/2020,OGG,HI,AWP,WE,Towers with Radar,122,10,7,0,139,0,78,46,0,124,122,88,53,0,263,12,0,12,275
12/23/2020,OGG,HI,AWP,WE,Towers with Radar,118,12,13,0,143,0,99,39,1,139,118,111,52,1,282,34,0,34,316
12/24/2020,OGG,HI,AWP,WE,Towers with Radar,118,3,15,0,136,0,98,33,0,131,118,101,48,0,267,37,0,37,304
12/25/2020,OGG,HI,AWP,WE,Towers with Radar,100,4,2,0,106,0,51,15,0,66,100,55,17,0,172,2,0,2,174
12/26/2020,OGG,HI,AWP,WE,Towers with Radar,105,28,16,0,149,0,52,33,2,87,105,80,49,2,236,6,0,6,242
12/27/2020,OGG,HI,AWP,WE,Towers with Radar,114,12,18,0,144,0,89,24,0,113,114,101,42,0,257,4,0,4,261
12/28/2020,OGG,HI,AWP,WE,Towers with Radar,119,14,8,0,141,0,101,50,2,153,119,115,58,2,294,48,0,48,342
12/29/2020,OGG,HI,AWP,WE,Towers with Radar,118,19,17,0,154,0,96,34,1,131,118,115,51,1,285,25,0,25,310
12/30/2020,OGG,HI,AWP,WE,Towers with Radar,116,12,12,1,141,0,118,46,1,165,116,130,58,2,306,40,0,40,346
12/31/2020,OGG,HI,AWP,WE,Towers with Radar,117,13,10,0,140,0,87,29,0,116,117,100,39,0,256,56,0,56,312
01/01/2021,OGG,HI,AWP,WE,Towers with Radar,103,11,6,0,120,0,75,20,0,95,103,86,26,0,215,22,0,22,237
01/02/2021,OGG,HI,AWP,WE,Towers with Radar,108,15,20,0,143,0,69,32,0,101,108,84,52,0,244,22,0,22,266
01/03/2021,OGG,HI,AWP,WE,Towers with Radar,116,10,17,0,143,2,87,21,0,110,118,97,38,0,253,20,0,20,273
01/04/2021,OGG,HI,AWP,WE,Towers with Radar,115,10,14,0,139,0,83,22,0,105,115,93,36,0,244,41,0,41,285
01/05/2021,OGG,HI,AWP,WE,Towers with Radar,101,15,12,3,131,0,81,32,1,114,101,96,44,4,245,26,0,26,271
01/06/2021,OGG,HI,AWP,WE,Towers with Radar,105,16,7,0,128,0,73,33,0,106,105,89,40,0,234,36,0,36,270
01/07/2021,OGG,HI,AWP,WE,Towers with Radar,101,9,21,2,133,0,78,32,6,116,101,87,53,8,249,90,0,90,339
01/08/2021,OGG,HI,AWP,WE,Towers with Radar,117,13,16,4,150,0,75,39,3,117,117,88,55,7,267,0,0,0,267
01/09/2021,OGG,HI,AWP,WE,Towers with Radar,101,17,13,1,132,0,40,30,1,71,101,57,43,2,203,56,0,56,259
01/10/2021,OGG,HI,AWP,WE,Towers with Radar,101,7,8,0,116,4,46,36,0,86,105,53,44,0,202,4,0,4,206
01/11/2021,OGG,HI,AWP,WE,Towers with Radar,90,9,8,0,107,0,50,30,0,80,90,59,38,0,187,48,0,48,235
01/12/2021,OGG,HI,AWP,WE,Towers with Radar,95,11,4,1,111,0,62,41,2,105,95,73,45,3,216,86,0,86,302
01/13/2021,OGG,HI,AWP,WE,Towers with Radar,97,7,10,6,120,0,53,20,4,77,97,60,30,10,197,30,0,30,227
01/14/2021,OGG,HI,AWP,WE,Towers with Radar,94,4,9,1,108,0,72,37,2,111,94,76,46,3,219,34,0,34,253
01/15/2021,OGG,HI,AWP,WE,Towers with Radar,103,13,7,3,126,0,74,26,3,103,103,87,33,6,229,100,0,100,329
01/16/2021,OGG,HI,AWP,WE,Towers with Radar,106,14,7,1,128,0,68,44,1,113,106,82,51,2,241,38,0,38,279
01/17/2021,OGG,HI,AWP,WE,Towers with Radar,107,21,15,0,143,0,34,24,0,58,107,55,39,0,201,28,0,28,229
01/18/2021,OGG,HI,AWP,WE,Towers with Radar,100,39,13,0,152,0,7,1,1,9,100,46,14,1,161,12,0,12,173
01/19/2021,OGG,HI,AWP,WE,Towers with Radar,96,17,3,0,116,0,53,9,2,64,96,70,12,2,180,82,0,82,262
01/20/2021,OGG,HI,AWP,WE,Towers with Radar,103,9,3,5,120,0,69,23,2,94,103,78,26,7,214,44,0,44,258
01/21/2021,OGG,HI,AWP,WE,Towers with Radar,96,10,10,2,118,0,73,21,9,103,96,83,31,11,221,42,8,50,271
01/22/2021,OGG,HI,AWP,WE,Towers with Radar,102,15,12,1,130,0,74,21,2,97,102,89,33,3,227,56,6,62,289
01/23/2021,OGG,HI,AWP,WE,Towers with Radar,100,3,11,0,114,0,53,12,6,71,100,56,23,6,185,48,0,48,233
01/24/2021,OGG,HI,AWP,WE,Towers with Radar,99,14,16,0,129,0,62,31,0,93,99,76,47,0,222,44,0,44,266
01/25/2021,OGG,HI,AWP,WE,Towers with Radar,108,17,9,0,134,0,48,5,2,55,108,65,14,2,189,4,0,4,193
01/26/2021,OGG,HI,AWP,WE,Towers with Radar,91,8,7,6,112,0,56,8,2,66,91,64,15,8,178,60,0,60,238
01/27/2021,OGG,HI,AWP,WE,Towers with Radar,86,9,6,3,104,0,72,15,3,90,86,81,21,6,194,30,0,30,224
01/28/2021,OGG,HI,AWP,WE,Towers with Radar,96,16,11,4,127,0,62,17,1,80,96,78,28,5,207,14,0,14,221
01/29/2021,OGG,HI,AWP,WE,Towers with Radar,108,20,7,1,136,0,69,22,3,94,108,89,29,4,230,12,0,12,242
01/30/2021,OGG,HI,AWP,WE,Towers with Radar,99,12,8,0,119,0,32,20,4,56,99,44,28,4,175,32,0,32,207
01/31/2021,OGG,HI,AWP,WE,Towers with Radar,96,6,6,1,109,0,52,26,4,82,96,58,32,5,191,32,0,32,223
02/01/2021,OGG,HI,AWP,WE,Towers with Radar,94,15,8,2,119,0,69,35,0,104,94,84,43,2,223,40,0,40,263
02/02/2021,OGG,HI,AWP,WE,Towers with Radar,84,9,3,3,99,0,78,32,5,115,84,87,35,8,214,55,0,55,269
02/03/2021,OGG,HI,AWP,WE,Towers with Radar,91,15,7,2,115,0,39,2,0,41,91,54,9,2,156,0,0,0,156
02/04/2021,OGG,HI,AWP,WE,Towers with Radar,89,16,11,6,122,0,81,20,7,108,89,97,31,13,230,90,0,90,320
02/05/2021,OGG,HI,AWP,WE,Towers with Radar,99,12,5,1,117,0,99,25,1,125,99,111,30,2,242,54,0,54,296
02/06/2021,OGG,HI,AWP,WE,Towers with Radar,90,10,10,0,110,0,58,44,0,102,90,68,54,0,212,8,0,8,220
02/07/2021,OGG,HI,AWP,WE,Towers with Radar,89,10,10,0,109,0,69,32,0,101,89,79,42,0,210,26,0,26,236
02/08/2021,OGG,HI,AWP,WE,Towers with Radar,101,15,3,2,121,0,72,29,1,102,101,87,32,3,223,8,0,8,231
02/09/2021,OGG,HI,AWP,WE,Towers with Radar,87,8,7,5,107,0,75,15,3,93,87,83,22,8,200,50,2,52,252
02/10/2021,OGG,HI,AWP,WE,Towers with Radar,89,12,7,6,114,0,113,32,4,149,89,125,39,10,263,20,0,20,283
02/11/2021,OGG,HI,AWP,WE,Towers with Radar,94,23,10,3,130,0,104,37,5,146,94,127,47,8,276,48,8,56,332
02/12/2021,OGG,HI,AWP,WE,Towers with Radar,111,10,8,4,133,0,110,29,7,146,111,120,37,11,279,28,0,28,307
02/13/2021,OGG,HI,AWP,WE,Towers with Radar,95,10,14,0,119,0,60,30,13,103,95,70,44,13,222,54,0,54,276
02/14/2021,OGG,HI,AWP,WE,Towers with Radar,98,7,6,0,111,0,62,33,11,106,98,69,39,11,217,44,0,44,261
02/15/2021,OGG,HI,AWP,WE,Towers with Radar,97,5,14,1,117,0,107,44,9,160,97,112,58,10,277,58,0,58,335
02/16/2021,OGG,HI,AWP,WE,Towers with Radar,97,8,11,0,116,0,95,29,15,139,97,103,40,15,255,54,0,54,309
02/17/2021,OGG,HI,AWP,WE,Towers with Radar,95,24,5,0,124,0,58,12,0,70,95,82,17,0,194,4,0,4,198
02/18/2021,OGG,HI,AWP,WE,Towers with Radar,85,18,11,3,117,0,66,24,5,95,85,84,35,8,212,48,0,48,260
02/19/2021,OGG,HI,AWP,WE,Towers with Radar,107,11,12,0,130,0,93,28,4,125,107,104,40,4,255,52,0,52,307
02/20/2021,OGG,HI,AWP,WE,Towers with Radar,96,13,19,2,130,0,68,40,0,108,96,81,59,2,238,34,0,34,272
02/21/2021,OGG,HI,AWP,WE,Towers with Radar,106,13,13,2,134,0,75,33,0,108,106,88,46,2,242,40,0,40,282
02/22/2021,OGG,HI,AWP,WE,Towers with Radar,100,12,3,2,117,0,95,23,0,118,100,107,26,2,235,44,0,44,279
02/23/2021,OGG,HI,AWP,WE,Towers with Radar,95,15,14,4,128,0,94,22,1,117,95,109,36,5,245,14,2,16,261
02/24/2021,OGG,HI,AWP,WE,Towers with Radar,95,14,9,8,126,0,89,10,0,99,95,103,19,8,225,22,10,32,257
02/25/2021,OGG,HI,AWP,WE,Towers with Radar,101,9,9,7,126,0,81,21,7,109,101,90,30,14,235,4,0,4,239
02/26/2021,OGG,HI,AWP,WE,Towers with Radar,113,9,8,3,133,0,108,20,3,131,113,117,28,6,264,22,0,22,286
02/27/2021,OGG,HI,AWP,WE,Towers with Radar,100,11,8,0,119,0,65,11,1,77,100,76,19,1,196,74,0,74,270
02/28/2021,OGG,HI,AWP,WE,Towers with Radar,101,7,8,1,117,0,65,29,4,98,101,72,37,5,215,32,0,32,247
03/01/2021,OGG,HI,AWP,WE,Towers with Radar,107,7,13,2,129,0,90,13,9,112,107,97,26,11,241,8,0,8,249
03/02/2021,OGG,HI,AWP,WE,Towers with Radar,98,11,10,0,119,0,83,16,0,99,98,94,26,0,218,42,0,42,260
03/03/2021,OGG,HI,AWP,WE,Towers with Radar,106,14,0,5,125,0,89,29,1,119,106,103,29,6,244,38,0,38,282
03/04/2021,OGG,HI,AWP,WE,Towers with Radar,106,15,11,3,135,0,100,39,0,139,106,115,50,3,274,61,0,61,335
03/05/2021,OGG,HI,AWP,WE,Towers with Radar,118,16,10,2,146,0,96,21,4,121,118,112,31,6,267,6,0,6,273
03/06/2021,OGG,HI,AWP,WE,Towers with Radar,106,12,16,0,134,0,70,25,0,95,106,82,41,0,229,74,0,74,303
03/07/2021,OGG,HI,AWP,WE,Towers with Radar,117,10,9,2,138,0,89,43,2,134,117,99,52,4,272,30,2,32,304
03/08/2021,OGG,HI,AWP,WE,Towers with Radar,111,29,6,0,146,0,34,5,0,39,111,63,11,0,185,0,0,0,185
03/09/2021,OGG,HI,AWP,WE,Towers with Radar,105,10,7,1,123,0,69,14,2,85,105,79,21,3,208,58,11,69,277
03/10/2021,OGG,HI,AWP,WE,Towers with Radar,108,11,18,5,142,0,108,19,1,128,108,119,37,6,270,64,0,64,334
03/11/2021,OGG,HI,AWP,WE,Towers with Radar,108,26,17,3,154,0,107,34,13,154,108,133,51,16,308,48,2,50,358
03/12/2021,OGG,HI,AWP,WE,Towers with Radar,117,33,9,3,162,0,93,22,7,122,117,126,31,10,284,46,0,46,330
03/13/2021,OGG,HI,AWP,WE,Towers with Radar,114,47,11,9,181,0,23,5,2,30,114,70,16,11,211,4,0,4,215
03/14/2021,OGG,HI,AWP,WE,Towers with Radar,117,13,10,0,140,0,106,24,0,130,117,119,34,0,270,60,0,60,330
03/15/2021,OGG,HI,AWP,WE,Towers with Radar,118,18,11,0,147,0,141,22,0,163,118,159,33,0,310,120,0,120,430
03/16/2021,OGG,HI,AWP,WE,Towers with Radar,114,24,10,0,148,0,113,42,0,155,114,137,52,0,303,46,0,46,349
03/17/2021,OGG,HI,AWP,WE,Towers with Radar,119,27,11,0,157,0,71,10,2,83,119,98,21,2,240,14,0,14,254
03/18/2021,OGG,HI,AWP,WE,Towers with Radar,117,22,8,1,148,0,78,16,5,99,117,100,24,6,247,29,0,29,276
03/19/2021,OGG,HI,AWP,WE,Towers with Radar,126,15,10,0,151,0,143,35,1,179,126,158,45,1,330,22,0,22,352
03/20/2021,OGG,HI,AWP,WE,Towers with Radar,118,22,14,0,154,0,120,16,0,136,118,142,30,0,290,32,0,32,322
03/21/2021,OGG,HI,AWP,WE,Towers with Radar,113,19,9,0,141,0,98,20,1,119,113,117,29,1,260,66,0,66,326
03/22/2021,OGG,HI,AWP,WE,Towers with Radar,118,10,10,2,140,0,125,44,0,169,118,135,54,2,309,80,0,80,389
03/23/2021,OGG,HI,AWP,WE,Towers with Radar,116,8,10,0,134,0,143,59,0,202,116,151,69,0,336,80,12,92,428
03/24/2021,OGG,HI,AWP,WE,Towers with Radar,116,15,6,0,137,0,132,26,0,158,116,147,32,0,295,65,0,65,360
03/25/2021,OGG,HI,AWP,WE,Towers with Radar,115,18,14,3,150,0,150,28,1,179,115,168,42,4,329,56,0,56,385
03/26/2021,OGG,HI,AWP,WE,Towers with Radar,123,11,13,1,148,0,142,42,3,187,123,153,55,4,335,2,0,2,337
03/27/2021,OGG,HI,AWP,WE,Towers with Radar,121,13,13,3,150,0,137,34,1,172,121,150,47,4,322,7,0,7,329
03/28/2021,OGG,HI,AWP,WE,Towers with Radar,121,5,15,1,142,0,127,13,1,141,121,132,28,2,283,26,0,26,309
03/29/2021,OGG,HI,AWP,WE,Towers with Radar,116,15,5,4,140,0,133,31,0,164,116,148,36,4,304,34,0,34,338
03/30/2021,OGG,HI,AWP,WE,Towers with Radar,110,20,8,2,140,0,122,39,0,161,110,142,47,2,301,12,0,12,313
03/31/2021,OGG,HI,AWP,WE,Towers with Radar,112,19,9,6,146,0,139,19,2,160,112,158,28,8,306,98,2,100,406
04/01/2021,OGG,HI,AWP,WE,Towers with Radar,112,21,11,0,144,0,144,44,2,190,112,165,55,2,334,20,0,20,354
04/02/2021,OGG,HI,AWP,WE,Towers with Radar,132,12,14,1,159,0,160,37,4,201,132,172,51,5,360,28,0,28,388
04/03/2021,OGG,HI,AWP,WE,Towers with Radar,126,16,16,1,159,0,119,28,2,149,126,135,44,3,308,40,0,40,348
04/04/2021,OGG,HI,AWP,WE,Towers with Radar,118,13,4,0,135,0,88,13,0,101,118,101,17,0,236,2,0,2,238
04/05/2021,OGG,HI,AWP,WE,Towers with Radar,114,14,12,0,140,0,137,22,3,162,114,151,34,3,302,10,0,10,312
04/06/2021,OGG,HI,AWP,WE,Towers with Radar,112,12,6,0,130,0,148,32,0,180,112,160,38,0,310,12,0,12,322
04/07/2021,OGG,HI,AWP,WE,Towers with Radar,120,12,9,1,142,0,152,35,2,189,120,164,44,3,331,46,0,46,377
04/08/2021,OGG,HI,AWP,WE,Towers with Radar,127,10,10,0,147,0,157,38,2,197,127,167,48,2,344,32,0,32,376
04/09/2021,OGG,HI,AWP,WE,Towers with Radar,142,14,11,0,167,0,167,35,0,202,142,181,46,0,369,4,0,4,373
04/10/2021,OGG,HI,AWP,WE,Towers with Radar,131,21,22,6,180,0,136,40,0,176,131,157,62,6,356,10,0,10,366
04/11/2021,OGG,HI,AWP,WE,Towers with Radar,118,15,20,2,155,0,126,27,0,153,118,141,47,2,308,4,0,4,312
04/12/2021,OGG,HI,AWP,WE,Towers with Radar,127,14,24,6,171,0,139,24,0,163,127,153,48,6,334,46,0,46,380
04/13/2021,OGG,HI,AWP,WE,Towers with Radar,120,11,10,5,146,0,152,40,3,195,120,163,50,8,341,70,0,70,411
04/14/2021,OGG,HI,AWP,WE,Towers with Radar,127,6,14,0,147,0,143,50,7,200,127,149,64,7,347,52,0,52,399
04/15/2021,OGG,HI,AWP,WE,Towers with Radar,131,9,6,7,153,0,144,42,5,191,131,153,48,12,344,62,0,62,406
04/16/2021,OGG,HI,AWP,WE,Towers with Radar,125,7,9,2,143,0,147,37,4,188,125,154,46,6,331,4,0,4,335
04/17/2021,OGG,HI,AWP,WE,Towers with Radar,122,9,7,0,138,0,127,27,2,156,122,136,34,2,294,29,0,29,323
04/18/2021,OGG,HI,AWP,WE,Towers with Radar,129,10,15,0,154,0,137,38,0,175,129,147,53,0,329,14,0,14,343
04/19/2021,OGG,HI,AWP,WE,Towers with Radar,126,2,10,9,147,0,148,35,3,186,126,150,45,12,333,56,0,56,389
04/20/2021,OGG,HI,AWP,WE,Towers with Radar,123,14,5,1,143,0,155,35,3,193,123,169,40,4,336,6,0,6,342
04/21/2021,OGG,HI,AWP,WE,Towers with Radar,123,8,12,4,147,0,163,35,0,198,123,171,47,4,345,16,0,16,361
04/22/2021,OGG,HI,AWP,WE,Towers with Radar,131,13,13,1,158,0,155,36,3,194,131,168,49,4,352,16,0,16,368
04/23/2021,OGG,HI,AWP,WE,Towers with Radar,137,13,10,0,160,13,144,34,3,194,150,157,44,3,354,12,0,12,366
04/24/2021,OGG,HI,AWP,WE,Towers with Radar,139,10,11,0,160,0,130,16,0,146,139,140,27,0,306,26,0,26,332
04/25/2021,OGG,HI,AWP,WE,Towers with Radar,123,10,6,0,139,0,128,27,2,157,123,138,33,2,296,26,0,26,322
04/26/2021,OGG,HI,AWP,WE,Towers with Radar,121,15,6,0,142,0,143,30,0,173,121,158,36,0,315,18,0,18,333
04/27/2021,OGG,HI,AWP,WE,Towers with Radar,116,20,8,0,144,0,137,30,2,169,116,157,38,2,313,46,0,46,359
04/28/2021,OGG,HI,AWP,WE,Towers with Radar,125,8,7,4,144,0,152,30,1,183,125,160,37,5,327,46,2,48,375
04/29/2021,OGG,HI,AWP,WE,Towers with Radar,128,14,8,4,154,0,141,27,0,168,128,155,35,4,322,42,0,42,364
04/30/2021,OGG,HI,AWP,WE,Towers with Radar,136,30,8,8,182,0,137,28,3,168,136,167,36,11,350,4,0,4,354
05/01/2021,OGG,HI,AWP,WE,Towers with Radar,140,19,14,4,177,0,140,24,1,165,140,159,38,5,342,14,0,14,356
05/02/2021,OGG,HI,AWP,WE,Towers with Radar,128,19,15,0,162,0,109,26,0,135,128,128,41,0,297,2,0,2,299
05/03/2021,OGG,HI,AWP,WE,Towers with Radar,129,15,8,0,152,0,136,30,2,168,129,151,38,2,320,2,0,2,322
05/04/2021,OGG,HI,AWP,WE,Towers with Radar,118,10,5,2,135,0,171,34,5,210,118,181,39,7,345,60,0,60,405
05/05/2021,OGG,HI,AWP,WE,Towers with Radar,133,15,4,1,153,0,158,37,3,198,133,173,41,4,351,32,0,32,383
05/06/2021,OGG,HI,AWP,WE,Towers with Radar,128,11,9,1,149,0,147,27,2,176,128,158,36,3,325,76,0,76,401
05/07/2021,OGG,HI,AWP,WE,Towers with Radar,144,15,3,2,164,0,155,25,1,181,144,170,28,3,345,6,0,6,351
05/08/2021,OGG,HI,AWP,WE,Towers with Radar,142,8,4,0,154,0,125,35,1,161,142,133,39,1,315,20,0,20,335
05/09/2021,OGG,HI,AWP,WE,Towers with Radar,132,12,4,1,149,0,127,31,0,158,132,139,35,1,307,8,0,8,315
05/10/2021,OGG,HI,AWP,WE,Towers with Radar,130,12,9,1,152,0,125,42,3,170,130,137,51,4,322,20,0,20,342
05/11/2021,OGG,HI,AWP,WE,Towers with Radar,127,14,9,5,155,0,161,32,1,194,127,175,41,6,349,50,0,50,399
05/12/2021,OGG,HI,AWP,WE,Towers with Radar,129,11,11,0,151,0,161,43,2,206,129,172,54,2,357,20,0,20,377
05/13/2021,OGG,HI,AWP,WE,Towers with Radar,135,12,8,1,156,0,158,32,3,193,135,170,40,4,349,56,0,56,405
05/14/2021,OGG,HI,AWP,WE,Towers with Radar,134,14,6,1,155,0,153,44,3,200,134,167,50,4,355,26,10,36,391
05/15/2021,OGG,HI,AWP,WE,Towers with Radar,128,14,8,0,150,0,141,28,2,171,128,155,36,2,321,30,0,30,351
05/16/2021,OGG,HI,AWP,WE,Towers with Radar,136,11,7,0,154,0,142,20,2,164,136,153,27,2,318,68,0,68,386
05/17/2021,OGG,HI,AWP,WE,Towers with Radar,136,21,8,1,166,0,184,43,1,228,136,205,51,2,394,80,0,80,474
05/18/2021,OGG,HI,AWP,WE,Towers with Radar,128,8,6,2,144,0,162,42,4,208,128,170,48,6,352,10,0,10,362
05/19/2021,OGG,HI,AWP,WE,Towers with Radar,143,12,4,4,163,0,179,29,0,208,143,191,33,4,371,16,0,16,387
05/20/2021,OGG,HI,AWP,WE,Towers with Radar,126,20,16,4,166,0,154,35,1,190,126,174,51,5,356,38,0,38,394
05/21/2021,OGG,HI,AWP,WE,Towers with Radar,142,16,12,1,171,0,152,41,3,196,142,168,53,4,367,74,0,74,441
05/22/2021,OGG,HI,AWP,WE,Towers with Radar,128,12,12,0,152,0,150,30,4,184,128,162,42,4,336,28,12,40,376
05/23/2021,OGG,HI,AWP,WE,Towers with Radar,140,16,6,0,162,0,116,40,0,156,140,132,46,0,318,54,0,54,372
05/24/2021,OGG,HI,AWP,WE,Towers with Radar,133,18,10,0,161,0,169,27,0,196,133,187,37,0,357,49,0,49,406
05/25/2021,OGG,HI,AWP,WE,Towers with Radar,136,11,14,0,161,0,179,33,2,214,136,190,47,2,375,154,0,154,529
05/26/2021,OGG,HI,AWP,WE,Towers with Radar,132,14,17,8,171,0,183,45,1,229,132,197,62,9,400,46,0,46,446
05/27/2021,OGG,HI,AWP,WE,Towers with Radar,130,15,13,17,175,2,184,34,4,224,132,199,47,21,399,106,0,106,505
05/28/2021,OGG,HI,AWP,WE,Towers with Radar,147,13,14,0,174,0,195,45,0,240,147,208,59,0,414,34,0,34,448
05/29/2021,OGG,HI,AWP,WE,Towers with Radar,126,11,14,0,151,0,155,40,2,197,126,166,54,2,348,57,8,65,413
05/30/2021,OGG,HI,AWP,WE,Towers with Radar,141,12,8,0,161,0,136,30,1,167,141,148,38,1,328,28,0,28,356
05/31/2021,OGG,HI,AWP,WE,Towers with Radar,133,7,11,0,151,0,164,37,0,201,133,171,48,0,352,26,0,26,378
06/01/2021,OGG,HI,AWP,WE,Towers with Radar,154,17,8,8,187,0,198,52,0,250,154,215,60,8,437,32,0,32,469
06/02/2021,OGG,HI,AWP,WE,Towers with Radar,158,12,12,4,186,0,190,36,5,231,158,202,48,9,417,104,0,104,521
06/03/2021,OGG,HI,AWP,WE,Towers with Radar,171,13,11,0,195,0,182,30,0,212,171,195,41,0,407,71,0,71,478
06/04/2021,OGG,HI,AWP,WE,Towers with Radar,182,9,11,0,202,0,194,40,2,236,182,203,51,2,438,35,0,35,473
06/05/2021,OGG,HI,AWP,WE,Towers with Radar,156,11,8,2,177,0,164,35,0,199,156,175,43,2,376,26,0,26,402
06/06/2021,OGG,HI,AWP,WE,Towers with Radar,156,14,12,2,184,0,152,21,0,173,156,166,33,2,357,24,0,24,381
06/07/2021,OGG,HI,AWP,WE,Towers with Radar,168,9,11,1,189,0,169,30,0,199,168,178,41,1,388,62,0,62,450
06/08/2021,OGG,HI,AWP,WE,Towers with Radar,156,15,10,0,181,0,191,26,4,221,156,206,36,4,402,60,0,60,462
06/09/2021,OGG,HI,AWP,WE,Towers with Radar,177,10,11,3,201,9,166,22,3,200,186,176,33,6,401,62,4,66,467
06/10/2021,OGG,HI,AWP,WE,Towers with Radar,160,22,7,2,191,0,189,23,7,219,160,211,30,9,410,46,0,46,456
06/11/2021,OGG,HI,AWP,WE,Towers with Radar,180,11,8,2,201,0,218,29,0,247,180,229,37,2,448,48,0,48,496
06/12/2021,OGG,HI,AWP,WE,Towers with Radar,159,16,10,0,185,0,154,29,2,185,159,170,39,2,370,8,2,10,380
06/13/2021,OGG,HI,AWP,WE,Towers with Radar,176,18,8,0,202,0,177,25,0,202,176,195,33,0,404,17,0,17,421
06/14/2021,OGG,HI,AWP,WE,Towers with Radar,182,10,5,1,198,0,195,39,1,235,182,205,44,2,433,20,0,20,453
06/15/2021,OGG,HI,AWP,WE,Towers with Radar,170,13,4,0,187,0,197,31,2,230,170,210,35,2,417,12,0,12,429
06/16/2021,OGG,HI,AWP,WE,Towers with Radar,172,12,4,1,189,0,190,37,1,228,172,202,41,2,417,14,0,14,431
06/17/2021,OGG,HI,AWP,WE,Towers with Radar,179,17,8,3,207,0,201,30,11,242,179,218,38,14,449,48,6,54,503
06/18/2021,OGG,HI,AWP,WE,Towers with Radar,178,12,7,0,197,0,192,40,0,232,178,204,47,0,429,10,0,10,439
06/19/2021,OGG,HI,AWP,WE,Towers with Radar,170,16,6,1,193,0,177,33,2,212,170,193,39,3,405,6,0,6,411
06/20/2021,OGG,HI,AWP,WE,Towers with Radar,170,15,6,0,191,0,166,29,0,195,170,181,35,0,386,0,0,0,386
06/21/2021,OGG,HI,AWP,WE,Towers with Radar,181,18,13,1,213,0,207,22,2,231,181,225,35,3,444,16,0,16,460
06/22/2021,OGG,HI,AWP,WE,Towers with Radar,179,7,4,0,190,0,182,43,4,229,179,189,47,4,419,26,0,26,445
06/23/2021,OGG,HI,AWP,WE,Towers with Radar,170,12,8,6,196,0,214,31,1,246,170,226,39,7,442,8,0,8,450
06/24/2021,OGG,HI,AWP,WE,Towers with Radar,188,9,10,2,209,0,198,38,0,236,188,207,48,2,445,18,0,18,463
06/25/2021,OGG,HI,AWP,WE,Towers with Radar,176,12,5,0,193,0,193,53,0,246,176,205,58,0,439,30,0,30,469
06/26/2021,OGG,HI,AWP,WE,Towers with Radar,167,13,11,0,191,0,159,48,0,207,167,172,59,0,398,20,0,20,418
06/27/2021,OGG,HI,AWP,WE,Towers with Radar,175,12,14,0,201,0,161,25,4,190,175,173,39,4,391,18,0,18,409
06/28/2021,OGG,HI,AWP,WE,Towers with Radar,169,13,4,8,194,0,192,45,2,239,169,205,49,10,433,42,4,46,479
06/29/2021,OGG,HI,AWP,WE,Towers with Radar,171,14,9,1,195,0,182,50,5,237,171,196,59,6,432,32,8,40,472
06/30/2021,OGG,HI,AWP,WE,Towers with Radar,159,11,5,3,178,0,193,35,3,231,159,204,40,6,409,24,0,24,433
07/01/2021,OGG,HI,AWP,WE,Towers with Radar,186,17,13,3,219,0,198,47,4,249,186,215,60,7,468,36,0,36,504
07/02/2021,OGG,HI,AWP,WE,Towers with Radar,177,25,14,0,216,0,171,31,0,202,177,196,45,0,418,8,0,8,426
07/03/2021,OGG,HI,AWP,WE,Towers with Radar,166,12,10,0,188,0,169,39,0,208,166,181,49,0,396,12,0,12,408
07/04/2021,OGG,HI,AWP,WE,Towers with Radar,172,3,10,0,185,0,160,52,0,212,172,163,62,0,397,18,0,18,415
07/05/2021,OGG,HI,AWP,WE,Towers with Radar,178,25,6,0,209,0,160,30,0,190,178,185,36,0,399,12,0,12,411
07/06/2021,OGG,HI,AWP,WE,Towers with Radar,189,12,9,2,212,0,201,37,0,238,189,213,46,2,450,16,0,16,466
07/07/2021,OGG,HI,AWP,WE,Towers with Radar,177,20,13,2,212,0,211,56,0,267,177,231,69,2,479,26,0,26,505
07/08/2021,OGG,HI,AWP,WE,Towers with Radar,189,15,11,1,216,0,236,37,2,275,189,251,48,3,491,42,0,42,533
07/09/2021,OGG,HI,AWP,WE,Towers with Radar,190,15,9,0,214,0,218,25,4,247,190,233,34,4,461,34,0,34,495
07/10/2021,OGG,HI,AWP,WE,Towers with Radar,185,15,5,2,207,0,182,47,0,229,185,197,52,2,436,20,0,20,456
07/11/2021,OGG,HI,AWP,WE,Towers with Radar,182,14,8,1,205,0,187,36,0,223,182,201,44,1,428,30,0,30,458
07/12/2021,OGG,HI,AWP,WE,Towers with Radar,182,14,8,0,204,0,181,30,0,211,182,195,38,0,415,20,0,20,435
07/13/2021,OGG,HI,AWP,WE,Towers with Radar,180,14,5,1,200,0,185,41,1,227,180,199,46,2,427,14,0,14,441
07/14/2021,OGG,HI,AWP,WE,Towers with Radar,185,18,4,5,212,0,206,38,3,247,185,224,42,8,459,24,0,24,483
07/15/2021,OGG,HI,AWP,WE,Towers with Radar,190,12,7,5,214,0,230,48,1,279,190,242,55,6,493,20,0,20,513
07/16/2021,OGG,HI,AWP,WE,Towers with Radar,163,16,11,0,190,0,199,37,1,237,163,215,48,1,427,12,0,12,439
07/17/2021,OGG,HI,AWP,WE,Towers with Radar,182,22,10,0,214,0,188,30,2,220,182,210,40,2,434,14,0,14,448
07/18/2021,OGG,HI,AWP,WE,Towers with Radar,185,30,17,2,234,0,158,19,1,178,185,188,36,3,412,8,0,8,420
07/19/2021,OGG,HI,AWP,WE,Towers with Radar,169,14,14,1,198,0,178,38,3,219,169,192,52,4,417,50,0,50,467
07/20/2021,OGG,HI,AWP,WE,Towers with Radar,177,15,4,3,199,0,162,35,7,204,177,177,39,10,403,26,0,26,429
07/21/2021,OGG,HI,AWP,WE,Towers with Radar,193,21,4,7,225,0,209,20,3,232,193,230,24,10,457,18,0,18,475
07/22/2021,OGG,HI,AWP,WE,Towers with Radar,184,25,11,2,222,0,224,50,4,278,184,249,61,6,500,52,0,52,552
07/23/2021,OGG,HI,AWP,WE,Towers with Radar,177,20,11,6,214,0,220,37,0,257,177,240,48,6,471,12,0,12,483
07/24/2021,OGG,HI,AWP,WE,Towers with Radar,184,25,12,0,221,0,182,27,0,209,184,207,39,0,430,10,0,10,440
07/25/2021,OGG,HI,AWP,WE,Towers with Radar,176,26,2,0,204,0,182,25,0,207,176,208,27,0,411,28,0,28,439
07/26/2021,OGG,HI,AWP,WE,Towers with Radar,182,23,7,1,213,0,189,23,1,213,182,212,30,2,426,60,0,60,486
07/27/2021,OGG,HI,AWP,WE,Towers with Radar,174,20,1,2,197,0,203,48,0,251,174,223,49,2,448,24,0,24,472
07/28/2021,OGG,HI,AWP,WE,Towers with Radar,172,27,11,0,210,0,210,38,1,249,172,237,49,1,459,58,0,58,517
07/29/2021,OGG,HI,AWP,WE,Towers with Radar,186,29,7,0,222,0,182,30,0,212,186,211,37,0,434,6,0,6,440
07/30/2021,OGG,HI,AWP,WE,Towers with Radar,180,19,11,3,213,0,195,24,1,220,180,214,35,4,433,34,0,34,467
07/31/2021,OGG,HI,AWP,WE,Towers with Radar,172,16,16,2,206,0,180,26,0,206,172,196,42,2,412,12,0,12,424
08/01/2021,OGG,HI,AWP,WE,Towers with Radar,186,13,8,0,207,0,172,33,0,205,186,185,41,0,412,32,0,32,444
08/02/2021,OGG,HI,AWP,WE,Towers with Radar,186,20,8,0,214,0,179,23,1,203,186,199,31,1,417,12,0,12,429
08/03/2021,OGG,HI,AWP,WE,Towers with Radar,178,22,13,0,213,0,179,27,6,212,178,201,40,6,425,42,0,42,467
08/04/2021,OGG,HI,AWP,WE,Towers with Radar,188,13,8,1,210,0,194,36,1,231,188,207,44,2,441,12,0,12,453
08/05/2021,OGG,HI,AWP,WE,Towers with Radar,181,15,8,6,210,0,170,35,6,211,181,185,43,12,421,40,0,40,461
08/06/2021,OGG,HI,AWP,WE,Towers with Radar,187,23,13,0,223,0,205,34,0,239,187,228,47,0,462,20,0,20,482
08/07/2021,OGG,HI,AWP,WE,Towers with Radar,184,14,8,2,208,0,192,40,3,235,184,206,48,5,443,22,0,22,465
08/08/2021,OGG,HI,AWP,WE,Towers with Radar,174,14,7,4,199,0,191,30,0,221,174,205,37,4,420,24,0,24,444
08/09/2021,OGG,HI,AWP,WE,Towers with Radar,178,18,16,0,212,0,205,38,0,243,178,223,54,0,455,12,0,12,467
08/10/2021,OGG,HI,AWP,WE,Towers with Radar,181,27,4,0,212,0,176,25,6,207,181,203,29,6,419,28,0,28,447
08/11/2021,OGG,HI,AWP,WE,Towers with Radar,175,15,7,3,200,0,204,49,2,255,175,219,56,5,455,34,12,46,501
08/12/2021,OGG,HI,AWP,WE,Towers with Radar,187,18,11,4,220,0,211,30,4,245,187,229,41,8,465,12,0,12,477
08/13/2021,OGG,HI,AWP,WE,Towers with Radar,185,17,9,4,215,0,194,26,0,220,185,211,35,4,435,30,0,30,465
08/14/2021,OGG,HI,AWP,WE,Towers with Radar,179,14,19,0,212,0,197,30,0,227,179,211,49,0,439,10,0,10,449
08/15/2021,OGG,HI,AWP,WE,Towers with Radar,192,17,15,0,224,0,151,24,0,175,192,168,39,0,399,8,0,8,407
08/16/2021,OGG,HI,AWP,WE,Towers with Radar,181,12,5,8,206,0,205,37,1,243,181,217,42,9,449,40,0,40,489
08/17/2021,OGG,HI,AWP,WE,Towers with Radar,175,19,6,4,204,0,188,28,0,216,175,207,34,4,420,24,0,24,444
08/18/2021,OGG,HI,AWP,WE,Towers with Radar,180,16,12,2,210,0,210,39,1,250,180,226,51,3,460,44,0,44,504
08/19/2021,OGG,HI,AWP,WE,Towers with Radar,188,14,6,3,211,0,190,38,1,229,188,204,44,4,440,20,0,20,460
08/20/2021,OGG,HI,AWP,WE,Towers with Radar,176,17,8,0,201,0,201,35,0,236,176,218,43,0,437,12,0,12,449
08/21/2021,OGG,HI,AWP,WE,Towers with Radar,175,10,9,0,194,0,190,38,4,232,175,200,47,4,426,32,0,32,458
08/22/2021,OGG,HI,AWP,WE,Towers with Radar,182,29,8,0,219,0,131,21,0,152,182,160,29,0,371,42,0,42,413
08/23/2021,OGG,HI,AWP,WE,Towers with Radar,187,38,14,1,240,0,19,4,3,26,187,57,18,4,266,4,0,4,270
08/24/2021,OGG,HI,AWP,WE,Towers with Radar,176,12,8,2,198,0,173,28,13,214,176,185,36,15,412,8,0,8,420
08/25/2021,OGG,HI,AWP,WE,Towers with Radar,170,8,5,4,187,0,164,36,3,203,170,172,41,7,390,18,0,18,408
08/26/2021,OGG,HI,AWP,WE,Towers with Radar,185,17,8,0,210,0,189,37,1,227,185,206,45,1,437,22,0,22,459
08/27/2021,OGG,HI,AWP,WE,Towers with Radar,177,9,16,0,202,0,174,38,2,214,177,183,54,2,416,4,0,4,420
08/28/2021,OGG,HI,AWP,WE,Towers with Radar,183,18,7,0,208,0,146,30,0,176,183,164,37,0,384,12,0,12,396
08/29/2021,OGG,HI,AWP,WE,Towers with Radar,170,15,8,1,194,0,141,26,1,168,170,156,34,2,362,14,6,20,382
08/30/2021,OGG,HI,AWP,WE,Towers with Radar,172,12,6,3,193,0,169,30,1,200,172,181,36,4,393,44,0,44,437
08/31/2021,OGG,HI,AWP,WE,Towers with Radar,178,16,7,3,204,0,169,46,1,216,178,185,53,4,420,19,0,19,439
09/01/2021,OGG,HI,AWP,WE,Towers with Radar,174,9,9,2,194,0,152,36,0,188,174,161,45,2,382,28,0,28,410
09/02/2021,OGG,HI,AWP,WE,Towers with Radar,178,10,12,1,201,0,157,33,3,193,178,167,45,4,394,10,0,10,404
09/03/2021,OGG,HI,AWP,WE,Towers with Radar,189,17,6,0,212,0,165,20,1,186,189,182,26,1,398,4,0,4,402
09/04/2021,OGG,HI,AWP,WE,Towers with Radar,181,11,7,2,201,0,154,37,4,195,181,165,44,6,396,26,0,26,422
09/05/2021,OGG,HI,AWP,WE,Towers with Radar,186,21,7,2,216,0,130,29,3,162,186,151,36,5,378,38,0,38,416
09/06/2021,OGG,HI,AWP,WE,Towers with Radar,186,10,6,2,204,0,172,26,3,201,186,182,32,5,405,4,0,4,409
09/07/2021,OGG,HI,AWP,WE,Towers with Radar,172,9,1,0,182,0,163,25,1,189,172,172,26,1,371,33,0,33,404
09/08/2021,OGG,HI,AWP,WE,Towers with Radar,162,11,9,2,184,0,152,47,1,200,162,163,56,3,384,50,0,50,434
09/09/2021,OGG,HI,AWP,WE,Towers with Radar,178,8,5,5,196,0,172,36,1,209,178,180,41,6,405,48,0,48,453
09/10/2021,OGG,HI,AWP,WE,Towers with Radar,156,8,3,3,170,0,166,27,5,198,156,174,30,8,368,12,0,12,380
09/11/2021,OGG,HI,AWP,WE,Towers with Radar,167,12,2,0,181,0,124,35,5,164,167,136,37,5,345,48,0,48,393
09/12/2021,OGG,HI,AWP,WE,Towers with Radar,160,13,3,0,176,0,116,31,0,147,160,129,34,0,323,36,0,36,359
09/13/2021,OGG,HI,AWP,WE,Towers with Radar,153,15,3,0,171,0,131,23,1,155,153,146,26,1,326,36,0,36,362
09/14/2021,OGG,HI,AWP,WE,Towers with Radar,156,13,10,3,182,0,154,23,10,187,156,167,33,13,369,46,0,46,415
09/15/2021,OGG,HI,AWP,WE,Towers with Radar,169,8,2,1,180,0,170,36,8,214,169,178,38,9,394,42,0,42,436
09/16/2021,OGG,HI,AWP,WE,Towers with Radar,171,11,6,4,192,0,181,24,7,212,171,192,30,11,404,0,0,0,404
09/17/2021,OGG,HI,AWP,WE,Towers with Radar,173,12,5,5,195,0,163,34,4,201,173,175,39,9,396,12,0,12,408
09/18/2021,OGG,HI,AWP,WE,Towers with Radar,158,10,3,0,171,0,125,15,0,140,158,135,18,0,311,56,0,56,367
09/19/2021,OGG,HI,AWP,WE,Towers with Radar,166,9,2,0,177,0,134,25,1,160,166,143,27,1,337,26,0,26,363
09/20/2021,OGG,HI,AWP,WE,Towers with Radar,162,20,6,0,188,0,144,27,0,171,162,164,33,0,359,40,0,40,399
09/21/2021,OGG,HI,AWP,WE,Towers with Radar,162,12,6,2,182,0,148,29,4,181,162,160,35,6,363,52,0,52,415
09/22/2021,OGG,HI,AWP,WE,Towers with Radar,159,14,6,2,181,0,172,53,2,227,159,186,59,4,408,18,0,18,426
09/23/2021,OGG,HI,AWP,WE,Towers with Radar,166,6,9,5,186,0,173,28,2,203,166,179,37,7,389,36,6,42,431
09/24/2021,OGG,HI,AWP,WE,Towers with Radar,174,14,6,3,197,0,152,33,2,187,174,166,39,5,384,24,0,24,408
09/25/2021,OGG,HI,AWP,WE,Towers with Radar,173,16,4,0,193,0,148,38,0,186,173,164,42,0,379,50,0,50,429
09/26/2021,OGG,HI,AWP,WE,Towers with Radar,161,12,7,1,181,0,132,27,0,159,161,144,34,1,340,28,0,28,368
09/27/2021,OGG,HI,AWP,WE,Towers with Radar,159,9,3,1,172,0,148,30,1,179,159,157,33,2,351,12,0,12,363
09/28/2021,OGG,HI,AWP,WE,Towers with Radar,160,8,4,4,176,0,146,33,5,184,160,154,37,9,360,45,2,47,407
09/29/2021,OGG,HI,AWP,WE,Towers with Radar,161,10,1,3,175,0,158,32,3,193,161,168,33,6,368,26,0,26,394
09/30/2021,OGG,HI,AWP,WE,Towers with Radar,168,26,1,6,201,0,133,28,0,161,168,159,29,6,362,62,0,62,424
10/01/2021,OGG,HI,AWP,WE,Towers with Radar,162,10,6,0,178,0,146,39,0,185,162,156,45,0,363,32,0,32,395
10/02/2021,OGG,HI,AWP,WE,Towers with Radar,143,8,7,4,162,0,123,25,0,148,143,131,32,4,310,20,0,20,330
10/03/2021,OGG,HI,AWP,WE,Towers with Radar,157,12,7,1,177,0,100,35,1,136,157,112,42,2,313,40,0,40,353
10/04/2021,OGG,HI,AWP,WE,Towers with Radar,159,10,4,0,173,0,140,33,1,174,159,150,37,1,347,8,0,8,355
10/05/2021,OGG,HI,AWP,WE,Towers with Radar,159,10,7,5,181,0,171,30,2,203,159,181,37,7,384,8,2,10,394
10/06/2021,OGG,HI,AWP,WE,Towers with Radar,157,6,7,2,172,0,148,32,2,182,157,154,39,4,354,4,0,4,358
10/07/2021,OGG,HI,AWP,WE,Towers with Radar,171,12,7,1,191,0,161,33,0,194,171,173,40,1,385,36,0,36,421
10/08/2021,OGG,HI,AWP,WE,Towers with Radar,167,15,2,1,185,0,153,22,2,177,167,168,24,3,362,8,0,8,370
10/09/2021,OGG,HI,AWP,WE,Towers with Radar,160,32,5,2,199,0,57,12,0,69,160,89,17,2,268,0,2,2,270
10/10/2021,OGG,HI,AWP,WE,Towers with Radar,148,17,2,0,167,0,135,9,2,146,148,152,11,2,313,22,0,22,335
10/11/2021,OGG,HI,AWP,WE,Towers with Radar,149,18,6,0,173,0,146,15,0,161,149,164,21,0,334,52,0,52,386
10/12/2021,OGG,HI,AWP,WE,Towers with Radar,163,15,10,0,188,0,126,16,0,142,163,141,26,0,330,34,0,34,364
10/13/2021,OGG,HI,AWP,WE,Towers with Radar,156,16,11,3,186,0,160,27,1,188,156,176,38,4,374,38,0,38,412
10/14/2021,OGG,HI,AWP,WE,Towers with Radar,166,18,13,0,197,0,157,29,1,187,166,175,42,1,384,20,0,20,404
10/15/2021,OGG,HI,AWP,WE,Towers with Radar,167,13,6,0,186,0,167,20,2,189,167,180,26,2,375,40,0,40,415
10/16/2021,OGG,HI,AWP,WE,Towers with Radar,166,12,3,1,182,0,143,32,6,181,166,155,35,7,363,10,0,10,373
10/17/2021,OGG,HI,AWP,WE,Towers with Radar,160,9,2,1,172,0,140,25,3,168,160,149,27,4,340,28,0,28,368
10/18/2021,OGG,HI,AWP,WE,Towers with Radar,156,13,6,0,175,0,157,21,0,178,156,170,27,0,353,14,0,14,367
10/19/2021,OGG,HI,AWP,WE,Towers with Radar,162,10,15,2,189,0,173,37,0,210,162,183,52,2,399,50,0,50,449
10/20/2021,OGG,HI,AWP,WE,Towers with Radar,160,10,6,0,176,0,172,29,0,201,160,182,35,0,377,34,0,34,411
10/21/2021,OGG,HI,AWP,WE,Towers with Radar,160,9,13,4,186,0,156,28,4,188,160,165,41,8,374,38,2,40,414
10/22/2021,OGG,HI,AWP,WE,Towers with Radar,161,16,6,0,183,0,142,28,3,173,161,158,34,3,356,14,0,14,370
10/23/2021,OGG,HI,AWP,WE,Towers with Radar,174,12,4,0,190,0,139,25,0,164,174,151,29,0,354,30,0,30,384
10/24/2021,OGG,HI,AWP,WE,Towers with Radar,161,16,2,0,179,0,138,31,5,174,161,154,33,5,353,20,0,20,373
10/25/2021,OGG,HI,AWP,WE,Towers with Radar,157,8,10,5,180,0,139,32,1,172,157,147,42,6,352,30,0,30,382
10/26/2021,OGG,HI,AWP,WE,Towers with Radar,154,8,9,7,178,0,147,38,8,193,154,155,47,15,371,46,0,46,417
10/27/2021,OGG,HI,AWP,WE,Towers with Radar,153,9,9,0,171,0,159,42,0,201,153,168,51,0,372,36,0,36,408
10/28/2021,OGG,HI,AWP,WE,Towers with Radar,163,22,8,4,197,0,159,34,4,197,163,181,42,8,394,78,0,78,472
10/29/2021,OGG,HI,AWP,WE,Towers with Radar,161,16,9,0,186,0,159,40,2,201,161,175,49,2,387,40,0,40,427
10/30/2021,OGG,HI,AWP,WE,Towers with Radar,160,13,8,4,185,0,135,34,3,172,160,148,42,7,357,42,0,42,399
10/31/2021,OGG,HI,AWP,WE,Towers with Radar,151,8,9,0,168,0,103,34,0,137,151,111,43,0,305,36,0,36,341
11/01/2021,OGG,HI,AWP,WE,Towers with Radar,166,16,7,0,189,0,144,42,0,186,166,160,49,0,375,11,0,11,386
11/02/2021,OGG,HI,AWP,WE,Towers with Radar,165,18,8,6,197,0,136,49,5,190,165,154,57,11,387,34,0,34,421
11/03/2021,OGG,HI,AWP,WE,Towers with Radar,160,16,3,0,179,0,130,53,2,185,160,146,56,2,364,18,0,18,382
11/04/2021,OGG,HI,AWP,WE,Towers with Radar,162,7,8,2,179,0,144,33,4,181,162,151,41,6,360,24,0,24,384
11/05/2021,OGG,HI,AWP,WE,Towers with Radar,181,10,12,0,203,0,154,45,1,200,181,164,57,1,403,12,0,12,415
11/06/2021,OGG,HI,AWP,WE,Towers with Radar,167,6,5,2,180,0,133,21,0,154,167,139,26,2,334,36,0,36,370
11/07/2021,OGG,HI,AWP,WE,Towers with Radar,165,6,11,2,184,0,106,23,1,130,165,112,34,3,314,50,0,50,364
11/08/2021,OGG,HI,AWP,WE,Towers with Radar,173,6,5,0,184,0,151,21,2,174,173,157,26,2,358,18,0,18,376
11/09/2021,OGG,HI,AWP,WE,Towers with Radar,165,12,13,0,190,0,146,35,0,181,165,158,48,0,371,26,0,26,397
11/10/2021,OGG,HI,AWP,WE,Towers with Radar,162,10,3,3,178,0,169,42,1,212,162,179,45,4,390,18,0,18,408
11/11/2021,OGG,HI,AWP,WE,Towers with Radar,165,5,5,1,176,0,151,46,2,199,165,156,51,3,375,8,0,8,383
11/12/2021,OGG,HI,AWP,WE,Towers with Radar,166,10,5,0,181,0,154,26,0,180,166,164,31,0,361,48,0,48,409
11/13/2021,OGG,HI,AWP,WE,Towers with Radar,163,10,11,2,186,0,140,31,2,173,163,150,42,4,359,22,2,24,383
11/14/2021,OGG,HI,AWP,WE,Towers with Radar,163,25,14,0,202,0,50,3,0,53,163,75,17,0,255,6,0,6,261
11/15/2021,OGG,HI,AWP,WE,Towers with Radar,181,16,7,0,204,0,145,15,0,160,181,161,22,0,364,4,0,4,368
11/16/2021,OGG,HI,AWP,WE,Towers with Radar,165,7,10,3,185,0,146,18,3,167,165,153,28,6,352,28,2,30,382
11/17/2021,OGG,HI,AWP,WE,Towers with Radar,160,14,8,2,184,0,155,23,2,180,160,169,31,4,364,50,0,50,414
11/18/2021,OGG,HI,AWP,WE,Towers with Radar,177,13,10,3,203,0,144,28,1,173,177,157,38,4,376,52,0,52,428
11/19/2021,OGG,HI,AWP,WE,Towers with Radar,163,13,22,0,198,0,177,32,2,211,163,190,54,2,409,44,0,44,453
11/20/2021,OGG,HI,AWP,WE,Towers with Radar,170,10,14,0,194,0,142,40,0,182,170,152,54,0,376,16,0,16,392
11/21/2021,OGG,HI,AWP,WE,Towers with Radar,167,13,11,1,192,0,142,53,1,196,167,155,64,2,388,18,0,18,406
11/22/2021,OGG,HI,AWP,WE,Towers with Radar,175,19,6,9,209,0,105,21,5,131,175,124,27,14,340,48,2,50,390
11/23/2021,OGG,HI,AWP,WE,Towers with Radar,175,13,10,2,200,0,239,53,6,298,175,252,63,8,498,26,0,26,524
11/24/2021,OGG,HI,AWP,WE,Towers with Radar,169,11,5,2,187,0,208,45,0,253,169,219,50,2,440,38,0,38,478
11/25/2021,OGG,HI,AWP,WE,Towers with Radar,163,3,4,0,170,0,153,11,0,164,163,156,15,0,334,32,0,32,366
11/26/2021,OGG,HI,AWP,WE,Towers with Radar,166,7,13,2,188,0,203,54,2,259,166,210,67,4,447,32,0,32,479
11/27/2021,OGG,HI,AWP,WE,Towers with Radar,176,18,22,0,216,0,181,39,2,222,176,199,61,2,438,6,2,8,446
11/28/2021,OGG,HI,AWP,WE,Towers with Radar,173,30,21,0,224,0,154,32,0,186,173,184,53,0,410,46,0,46,456
11/29/2021,OGG,HI,AWP,WE,Towers with Radar,172,23,7,2,204,0,104,12,0,116,172,127,19,2,320,24,0,24,344
11/30/2021,OGG,HI,AWP,WE,Towers with Radar,167,14,9,2,192,0,154,28,0,182,167,168,37,2,374,34,0,34,408
12/01/2021,OGG,HI,AWP,WE,Towers with Radar,172,9,11,2,194,0,150,22,1,173,172,159,33,3,367,40,0,40,407
12/02/2021,OGG,HI,AWP,WE,Towers with Radar,169,10,6,10,195,0,166,35,1,202,169,176,41,11,397,4,0,4,401
12/03/2021,OGG,HI,AWP,WE,Towers with Radar,165,54,5,3,227,0,41,5,2,48,165,95,10,5,275,4,0,4,279
12/04/2021,OGG,HI,AWP,WE,Towers with Radar,169,23,8,4,204,0,109,7,0,116,169,132,15,4,320,42,0,42,362
12/05/2021,OGG,HI,AWP,WE,Towers with Radar,153,37,7,0,197,0,31,4,0,35,153,68,11,0,232,12,0,12,244
12/06/2021,OGG,HI,AWP,WE,Towers with Radar,168,23,10,0,201,0,33,10,0,43,168,56,20,0,244,2,0,2,246
12/07/2021,OGG,HI,AWP,WE,Towers with Radar,163,30,6,10,209,0,42,1,4,47,163,72,7,14,256,4,0,4,260
12/08/2021,OGG,HI,AWP,WE,Towers with Radar,165,15,10,9,199,0,177,27,3,207,165,192,37,12,406,20,0,20,426
12/09/2021,OGG,HI,AWP,WE,Towers with Radar,175,13,8,0,196,0,192,36,11,239,175,205,44,11,435,11,0,11,446
12/10/2021,OGG,HI,AWP,WE,Towers with Radar,173,11,12,0,196,0,157,40,0,197,173,168,52,0,393,20,0,20,413
12/11/2021,OGG,HI,AWP,WE,Towers with Radar,169,11,10,0,190,0,164,19,7,190,169,175,29,7,380,70,0,70,450
12/12/2021,OGG,HI,AWP,WE,Towers with Radar,171,10,6,0,187,0,128,39,5,172,171,138,45,5,359,12,0,12,371
12/13/2021,OGG,HI,AWP,WE,Towers with Radar,164,24,7,4,199,0,125,26,2,153,164,149,33,6,352,40,0,40,392
12/14/2021,OGG,HI,AWP,WE,Towers with Radar,169,8,9,2,188,0,159,36,3,198,169,167,45,5,386,50,0,50,436
12/15/2021,OGG,HI,AWP,WE,Towers with Radar,176,9,8,5,198,0,169,27,11,207,176,178,35,16,405,34,0,34,439
12/16/2021,OGG,HI,AWP,WE,Towers with Radar,185,13,10,2,210,0,165,26,7,198,185,178,36,9,408,38,0,38,446
12/17/2021,OGG,HI,AWP,WE,Towers with Radar,190,25,17,2,234,0,182,30,7,219,190,207,47,9,453,80,0,80,533
12/18/2021,OGG,HI,AWP,WE,Towers with Radar,175,13,23,2,213,0,151,35,2,188,175,164,58,4,401,78,0,78,479
12/19/2021,OGG,HI,AWP,WE,Towers with Radar,176,33,22,1,232,0,117,16,0,133,176,150,38,1,365,46,0,46,411
12/20/2021,OGG,HI,AWP,WE,Towers with Radar,203,12,13,0,228,0,202,26,3,231,203,214,39,3,459,34,0,34,493
12/21/2021,OGG,HI,AWP,WE,Towers with Radar,196,35,6,0,237,0,119,23,4,146,196,154,29,4,383,52,0,52,435
12/22/2021,OGG,HI,AWP,WE,Towers with Radar,178,36,13,0,227,0,95,8,0,103,178,131,21,0,330,26,0,26,356
12/23/2021,OGG,HI,AWP,WE,Towers with Radar,199,20,12,0,231,0,224,45,0,269,199,244,57,0,500,68,0,68,568
12/24/2021,OGG,HI,AWP,WE,Towers with Radar,186,14,13,0,213,0,218,34,2,254,186,232,47,2,467,14,0,14,481
12/25/2021,OGG,HI,AWP,WE,Towers with Radar,175,6,14,0,195,0,134,21,0,155,175,140,35,0,350,4,0,4,354
12/26/2021,OGG,HI,AWP,WE,Towers with Radar,180,25,28,0,233,0,227,50,2,279,180,252,78,2,512,44,0,44,556
12/27/2021,OGG,HI,AWP,WE,Towers with Radar,192,21,29,0,242,0,216,46,2,264,192,237,75,2,506,0,0,0,506
12/28/2021,OGG,HI,AWP,WE,Towers with Radar,186,31,19,1,237,0,203,54,1,258,186,234,73,2,495,40,0,40,535
12/29/2021,OGG,HI,AWP,WE,Towers with Radar,181,15,13,0,209,0,204,41,0,245,181,219,54,0,454,30,0,30,484
12/30/2021,OGG,HI,AWP,WE,Towers with Radar,181,18,9,0,208,0,179,49,0,228,181,197,58,0,436,62,0,62,498
12/31/2021,OGG,HI,AWP,WE,Towers with Radar,168,35,9,0,212,0,132,22,0,154,168,167,31,0,366,64,0,64,430
01/01/2022,OGG,HI,AWP,WE,Towers with Radar,171,23,35,0,229,0,169,18,0,187,171,192,53,0,416,0,0,0,416
01/02/2022,OGG,HI,AWP,WE,Towers with Radar,182,20,31,0,233,0,152,25,0,177,182,172,56,0,410,36,0,36,446
01/03/2022,OGG,HI,AWP,WE,Towers with Radar,174,23,20,0,217,0,169,32,0,201,174,192,52,0,418,38,0,38,456
01/04/2022,OGG,HI,AWP,WE,Towers with Radar,163,15,15,0,193,0,159,47,2,208,163,174,62,2,401,36,0,36,437
01/05/2022,OGG,HI,AWP,WE,Towers with Radar,168,16,18,5,207,0,177,46,0,223,168,193,64,5,430,52,0,52,482
01/06/2022,OGG,HI,AWP,WE,Towers with Radar,167,18,19,4,208,0,185,46,0,231,167,203,65,4,439,14,0,14,453
01/07/2022,OGG,HI,AWP,WE,Towers with Radar,166,10,15,3,194,0,170,53,5,228,166,180,68,8,422,2,0,2,424
01/08/2022,OGG,HI,AWP,WE,Towers with Radar,159,17,12,5,193,0,111,33,1,145,159,128,45,6,338,38,4,42,380
01/09/2022,OGG,HI,AWP,WE,Towers with Radar,169,17,12,1,199,0,112,32,1,145,169,129,44,2,344,44,0,44,388
01/10/2022,OGG,HI,AWP,WE,Towers with Radar,153,15,16,2,186,0,152,22,0,174,153,167,38,2,360,16,0,16,376
01/11/2022,OGG,HI,AWP,WE,Towers with Radar,153,16,17,1,187,0,154,29,5,188,153,170,46,6,375,26,0,26,401
01/12/2022,OGG,HI,AWP,WE,Towers with Radar,161,12,17,1,191,0,170,25,1,196,161,182,42,2,387,64,0,64,451
01/13/2022,OGG,HI,AWP,WE,Towers with Radar,167,13,12,7,199,0,151,32,7,190,167,164,44,14,389,20,0,20,409
01/14/2022,OGG,HI,AWP,WE,Towers with Radar,156,10,14,0,180,0,162,39,2,203,156,172,53,2,383,36,0,36,419
01/15/2022,OGG,HI,AWP,WE,Towers with Radar,137,14,9,0,160,0,142,44,2,188,137,156,53,2,348,38,0,38,386
01/16/2022,OGG,HI,AWP,WE,Towers with Radar,148,9,9,0,166,0,124,45,2,171,148,133,54,2,337,18,0,18,355
01/17/2022,OGG,HI,AWP,WE,Towers with Radar,156,15,7,0,178,0,160,31,0,191,156,175,38,0,369,10,0,10,379
01/18/2022,OGG,HI,AWP,WE,Towers with Radar,140,5,5,3,153,0,155,22,3,180,140,160,27,6,333,46,11,57,390
01/19/2022,OGG,HI,AWP,WE,Towers with Radar,151,16,14,0,181,0,162,24,0,186,151,178,38,0,367,10,0,10,377
01/20/2022,OGG,HI,AWP,WE,Towers with Radar,156,15,13,2,186,0,156,38,1,195,156,171,51,3,381,8,0,8,389
01/21/2022,OGG,HI,AWP,WE,Towers with Radar,162,10,11,1,184,0,152,40,3,195,162,162,51,4,379,24,0,24,403
01/22/2022,OGG,HI,AWP,WE,Towers with Radar,153,3,10,0,166,0,113,32,0,145,153,116,42,0,311,12,0,12,323
01/23/2022,OGG,HI,AWP,WE,Towers with Radar,147,14,12,1,174,0,110,23,1,134,147,124,35,2,308,10,4,14,322
01/24/2022,OGG,HI,AWP,WE,Towers with Radar,148,15,7,1,171,0,137,20,1,158,148,152,27,2,329,26,0,26,355
01/25/2022,OGG,HI,AWP,WE,Towers with Radar,144,13,5,1,163,0,157,28,2,187,144,170,33,3,350,56,0,56,406
01/26/2022,OGG,HI,AWP,WE,Towers with Radar,158,8,5,18,189,0,137,26,0,163,158,145,31,18,352,40,0,40,392
01/27/2022,OGG,HI,AWP,WE,Towers with Radar,151,14,7,0,172,0,168,30,2,200,151,182,37,2,372,2,0,2,374
01/28/2022,OGG,HI,AWP,WE,Towers with Radar,152,10,19,0,181,0,156,40,1,197,152,166,59,1,378,14,0,14,392
01/29/2022,OGG,HI,AWP,WE,Towers with Radar,149,11,5,0,165,0,135,31,2,168,149,146,36,2,333,16,0,16,349
01/30/2022,OGG,HI,AWP,WE,Towers with Radar,151,15,3,0,169,0,85,38,7,130,151,100,41,7,299,26,0,26,325
01/31/2022,OGG,HI,AWP,WE,Towers with Radar,154,15,6,4,179,0,141,29,4,174,154,156,35,8,353,42,2,44,397
02/01/2022,OGG,HI,AWP,WE,Towers with Radar,157,9,4,7,177,0,123,25,5,153,157,132,29,12,330,22,0,22,352
02/02/2022,OGG,HI,AWP,WE,Towers with Radar,164,11,5,0,180,0,142,22,0,164,164,153,27,0,344,18,0,18,362
02/03/2022,OGG,HI,AWP,WE,Towers with Radar,154,16,11,7,188,0,137,35,1,173,154,153,46,8,361,30,0,30,391
02/04/2022,OGG,HI,AWP,WE,Towers with Radar,160,12,8,0,180,0,162,26,14,202,160,174,34,14,382,10,0,10,392
02/05/2022,OGG,HI,AWP,WE,Towers with Radar,151,12,8,2,173,0,128,33,3,164,151,140,41,5,337,6,0,6,343
02/06/2022,OGG,HI,AWP,WE,Towers with Radar,162,9,7,2,180,0,115,26,1,142,162,124,33,3,322,30,0,30,352
02/07/2022,OGG,HI,AWP,WE,Towers with Radar,154,9,9,0,172,0,138,40,3,181,154,147,49,3,353,30,0,30,383
02/08/2022,OGG,HI,AWP,WE,Towers with Radar,155,10,8,1,174,0,141,33,5,179,155,151,41,6,353,28,6,34,387
02/09/2022,OGG,HI,AWP,WE,Towers with Radar,158,1,6,2,167,0,139,26,2,167,158,140,32,4,334,32,0,32,366
02/10/2022,OGG,HI,AWP,WE,Towers with Radar,164,13,11,7,195,0,173,42,9,224,164,186,53,16,419,24,0,24,443
02/11/2022,OGG,HI,AWP,WE,Towers with Radar,162,5,3,0,170,0,180,44,4,228,162,185,47,4,398,16,0,16,414
02/12/2022,OGG,HI,AWP,WE,Towers with Radar,165,6,8,0,179,0,149,32,1,182,165,155,40,1,361,16,0,16,377
02/13/2022,OGG,HI,AWP,WE,Towers with Radar,167,11,7,0,185,0,114,33,1,148,167,125,40,1,333,20,0,20,353
02/14/2022,OGG,HI,AWP,WE,Towers with Radar,160,14,12,0,186,0,182,34,0,216,160,196,46,0,402,6,0,6,408
02/15/2022,OGG,HI,AWP,WE,Towers with Radar,151,12,8,3,174,0,184,35,9,228,151,196,43,12,402,14,0,14,416
02/16/2022,OGG,HI,AWP,WE,Towers with Radar,168,12,12,4,196,0,169,28,2,199,168,181,40,6,395,18,0,18,413
02/17/2022,OGG,HI,AWP,WE,Towers with Radar,182,10,8,0,200,0,178,42,4,224,182,188,50,4,424,30,0,30,454
02/18/2022,OGG,HI,AWP,WE,Towers with Radar,157,23,19,0,199,0,145,45,2,192,157,168,64,2,391,8,0,8,399
02/19/2022,OGG,HI,AWP,WE,Towers with Radar,167,5,18,0,190,0,147,38,0,185,167,152,56,0,375,39,0,39,414
02/20/2022,OGG,HI,AWP,WE,Towers with Radar,163,20,14,0,197,0,97,37,0,134,163,117,51,0,331,46,0,46,377
02/21/2022,OGG,HI,AWP,WE,Towers with Radar,166,18,15,2,201,0,176,22,1,199,166,194,37,3,400,33,0,33,433
02/22/2022,OGG,HI,AWP,WE,Towers with Radar,160,5,8,9,182,0,177,40,4,221,160,182,48,13,403,28,0,28,431
02/23/2022,OGG,HI,AWP,WE,Towers with Radar,167,15,9,6,197,0,172,38,2,212,167,187,47,8,409,8,0,8,417
02/24/2022,OGG,HI,AWP,WE,Towers with Radar,178,15,13,3,209,0,194,38,0,232,178,209,51,3,441,58,0,58,499
02/25/2022,OGG,HI,AWP,WE,Towers with Radar,166,13,13,0,192,0,176,23,1,200,166,189,36,1,392,14,0,14,406
02/26/2022,OGG,HI,AWP,WE,Towers with Radar,170,11,13,0,194,0,164,28,4,196,170,175,41,4,390,28,0,28,418
02/27/2022,OGG,HI,AWP,WE,Towers with Radar,168,18,15,1,202,0,132,41,9,182,168,150,56,10,384,6,0,6,390
02/28/2022,OGG,HI,AWP,WE,Towers with Radar,166,6,11,0,183,0,142,33,0,175,166,148,44,0,358,20,0,20,378
03/01/2022,OGG,HI,AWP,WE,Towers with Radar,161,24,8,3,196,0,158,25,2,185,161,182,33,5,381,32,0,32,413
03/02/2022,OGG,HI,AWP,WE,Towers with Radar,170,13,4,1,188,0,176,35,5,216,170,189,39,6,404,10,0,10,414
03/03/2022,OGG,HI,AWP,WE,Towers with Radar,179,13,5,5,202,0,165,28,1,194,179,178,33,6,396,2,0,2,398
03/04/2022,OGG,HI,AWP,WE,Towers with Radar,167,15,5,0,187,0,169,38,0,207,167,184,43,0,394,36,0,36,430
03/05/2022,OGG,HI,AWP,WE,Towers with Radar,169,8,9,3,189,0,138,41,4,183,169,146,50,7,372,32,0,32,404
03/06/2022,OGG,HI,AWP,WE,Towers with Radar,162,8,13,2,185,0,118,34,0,152,162,126,47,2,337,18,0,18,355
03/07/2022,OGG,HI,AWP,WE,Towers with Radar,167,14,2,2,185,0,159,48,0,207,167,173,50,2,392,28,0,28,420
03/08/2022,OGG,HI,AWP,WE,Towers with Radar,162,10,3,0,175,0,163,30,3,196,162,173,33,3,371,30,0,30,401
03/09/2022,OGG,HI,AWP,WE,Towers with Radar,179,10,6,0,195,0,151,35,0,186,179,161,41,0,381,34,0,34,415
03/10/2022,OGG,HI,AWP,WE,Towers with Radar,175,13,2,3,193,0,164,40,7,211,175,177,42,10,404,46,0,46,450
03/11/2022,OGG,HI,AWP,WE,Towers with Radar,164,5,7,0,176,0,164,45,0,209,164,169,52,0,385,24,0,24,409
03/12/2022,OGG,HI,AWP,WE,Towers with Radar,155,10,11,1,177,0,139,18,1,158,155,149,29,2,335,34,0,34,369
03/13/2022,OGG,HI,AWP,WE,Towers with Radar,177,10,4,0,191,0,139,40,0,179,177,149,44,0,370,4,0,4,374
03/14/2022,OGG,HI,AWP,WE,Towers with Radar,175,16,7,1,199,0,199,31,4,234,175,215,38,5,433,4,6,10,443
03/15/2022,OGG,HI,AWP,WE,Towers with Radar,168,18,5,3,194,0,193,35,1,229,168,211,40,4,423,40,0,40,463
03/16/2022,OGG,HI,AWP,WE,Towers with Radar,181,12,5,4,202,0,224,30,0,254,181,236,35,4,456,56,0,56,512
03/17/2022,OGG,HI,AWP,WE,Towers with Radar,179,5,3,7,194,0,223,38,1,262,179,228,41,8,456,67,0,67,523
03/18/2022,OGG,HI,AWP,WE,Towers with Radar,175,29,7,0,211,0,234,31,2,267,175,263,38,2,478,30,0,30,508
03/19/2022,OGG,HI,AWP,WE,Towers with Radar,173,17,16,2,208,0,158,28,2,188,173,175,44,4,396,36,0,36,432
03/20/2022,OGG,HI,AWP,WE,Towers with Radar,170,14,11,0,195,0,170,32,2,204,170,184,43,2,399,54,0,54,453
03/21/2022,OGG,HI,AWP,WE,Towers with Radar,173,14,4,2,193,0,184,46,2,232,173,198,50,4,425,30,0,30,455
03/22/2022,OGG,HI,AWP,WE,Towers with Radar,163,16,7,0,186,0,189,29,2,220,163,205,36,2,406,36,0,36,442
03/23/2022,OGG,HI,AWP,WE,Towers with Radar,183,12,5,0,200,0,173,15,0,188,183,185,20,0,388,18,0,18,406
03/24/2022,OGG,HI,AWP,WE,Towers with Radar,180,7,10,0,197,0,189,15,0,204,180,196,25,0,401,16,0,16,417
03/25/2022,OGG,HI,AWP,WE,Towers with Radar,177,10,17,0,204,0,197,29,2,228,177,207,46,2,432,12,0,12,444
03/26/2022,OGG,HI,AWP,WE,Towers with Radar,176,25,21,0,222,0,99,26,0,125,176,124,47,0,347,10,0,10,357
03/27/2022,OGG,HI,AWP,WE,Towers with Radar,170,13,14,0,197,0,135,37,3,175,170,148,51,3,372,22,0,22,394
03/28/2022,OGG,HI,AWP,WE,Towers with Radar,175,8,5,3,191,0,174,38,1,213,175,182,43,4,404,34,0,34,438
03/29/2022,OGG,HI,AWP,WE,Towers with Radar,174,13,11,0,198,0,186,30,3,219,174,199,41,3,417,4,0,4,421
03/30/2022,OGG,HI,AWP,WE,Towers with Radar,166,23,12,2,203,0,176,28,0,204,166,199,40,2,407,8,0,8,415
03/31/2022,OGG,HI,AWP,WE,Towers with Radar,180,27,10,3,220,0,183,25,1,209,180,210,35,4,429,92,0,92,521
04/01/2022,OGG,HI,AWP,WE,Towers with Radar,171,18,10,0,199,0,157,28,0,185,171,175,38,0,384,0,0,0,384
04/02/2022,OGG,HI,AWP,WE,Towers with Radar,166,7,9,0,182,0,148,22,0,170,166,155,31,0,352,38,0,38,390
04/03/2022,OGG,HI,AWP,WE,Towers with Radar,162,14,13,0,189,0,148,18,0,166,162,162,31,0,355,0,0,0,355
04/04/2022,OGG,HI,AWP,WE,Towers with Radar,170,11,7,0,188,0,160,27,0,187,170,171,34,0,375,54,0,54,429
04/05/2022,OGG,HI,AWP,WE,Towers with Radar,159,14,2,0,175,0,168,25,3,196,159,182,27,3,371,14,0,14,385
04/06/2022,OGG,HI,AWP,WE,Towers with Radar,168,21,8,3,200,0,190,28,1,219,168,211,36,4,419,64,0,64,483
04/07/2022,OGG,HI,AWP,WE,Towers with Radar,161,12,5,0,178,0,182,30,2,214,161,194,35,2,392,18,0,18,410
04/08/2022,OGG,HI,AWP,WE,Towers with Radar,175,34,5,4,218,0,99,18,0,117,175,133,23,4,335,18,0,18,353
04/09/2022,OGG,HI,AWP,WE,Towers with Radar,176,20,14,2,212,0,151,20,2,173,176,171,34,4,385,6,0,6,391
04/10/2022,OGG,HI,AWP,WE,Towers with Radar,178,14,6,2,200,0,156,34,0,190,178,170,40,2,390,46,0,46,436
04/11/2022,OGG,HI,AWP,WE,Towers with Radar,189,18,9,3,219,0,177,30,1,208,189,195,39,4,427,12,2,14,441
04/12/2022,OGG,HI,AWP,WE,Towers with Radar,166,25,9,1,201,0,172,25,3,200,166,197,34,4,401,46,0,46,447
04/13/2022,OGG,HI,AWP,WE,Towers with Radar,179,15,9,2,205,0,192,31,0,223,179,207,40,2,428,13,0,13,441
04/14/2022,OGG,HI,AWP,WE,Towers with Radar,175,17,11,7,210,0,174,20,4,198,175,191,31,11,408,24,2,26,434
04/15/2022,OGG,HI,AWP,WE,Towers with Radar,158,23,7,2,190,0,185,42,0,227,158,208,49,2,417,16,0,16,433
04/16/2022,OGG,HI,AWP,WE,Towers with Radar,164,31,17,0,212,0,62,5,0,67,164,93,22,0,279,6,0,6,285
04/17/2022,OGG,HI,AWP,WE,Towers with Radar,169,17,4,5,195,0,153,25,1,179,169,170,29,6,374,76,0,76,450
04/18/2022,OGG,HI,AWP,WE,Towers with Radar,156,13,7,0,176,0,174,24,0,198,156,187,31,0,374,6,0,6,380
04/19/2022,OGG,HI,AWP,WE,Towers with Radar,172,14,5,2,193,0,209,27,8,244,172,223,32,10,437,16,0,16,453
04/20/2022,OGG,HI,AWP,WE,Towers with Radar,166,11,3,4,184,0,222,27,0,249,166,233,30,4,433,10,0,10,443
04/21/2022,OGG,HI,AWP,WE,Towers with Radar,179,15,7,0,201,0,190,46,4,240,179,205,53,4,441,2,0,2,443
04/22/2022,OGG,HI,AWP,WE,Towers with Radar,175,27,16,0,218,0,154,23,1,178,175,181,39,1,396,8,0,8,404
04/23/2022,OGG,HI,AWP,WE,Towers with Radar,169,18,8,2,197,0,161,21,9,191,169,179,29,11,388,8,0,8,396
04/24/2022,OGG,HI,AWP,WE,Towers with Radar,174,11,2,0,187,0,147,28,3,178,174,158,30,3,365,40,0,40,405
04/25/2022,OGG,HI,AWP,WE,Towers with Radar,166,16,11,0,193,0,182,15,1,198,166,198,26,1,391,34,0,34,425
04/26/2022,OGG,HI,AWP,WE,Towers with Radar,168,16,7,0,191,0,176,23,0,199,168,192,30,0,390,26,0,26,416
04/27/2022,OGG,HI,AWP,WE,Towers with Radar,179,15,9,1,204,0,151,14,3,168,179,166,23,4,372,56,2,58,430
04/28/2022,OGG,HI,AWP,WE,Towers with Radar,195,20,2,0,217,0,195,40,0,235,195,215,42,0,452,6,0,6,458
04/29/2022,OGG,HI,AWP,WE,Towers with Radar,174,19,12,1,206,0,169,38,4,211,174,188,50,5,417,12,0,12,429
04/30/2022,OGG,HI,AWP,WE,Towers with Radar,154,12,6,0,172,0,147,24,0,171,154,159,30,0,343,24,0,24,367
05/01/2022,OGG,HI,AWP,WE,Towers with Radar,165,31,7,1,204,0,110,13,0,123,165,141,20,1,327,0,0,0,327
05/02/2022,OGG,HI,AWP,WE,Towers with Radar,172,25,5,1,203,0,164,11,1,176,172,189,16,2,379,22,0,22,401
05/03/2022,OGG,HI,AWP,WE,Towers with Radar,168,20,4,2,194,0,152,14,2,168,168,172,18,4,362,0,0,0,362
05/04/2022,OGG,HI,AWP,WE,Towers with Radar,175,21,7,0,203,0,181,28,0,209,175,202,35,0,412,12,0,12,424
05/05/2022,OGG,HI,AWP,WE,Towers with Radar,171,22,5,1,199,0,186,31,2,219,171,208,36,3,418,28,0,28,446
05/06/2022,OGG,HI,AWP,WE,Towers with Radar,177,21,6,0,204,0,142,28,0,170,177,163,34,0,374,24,0,24,398
05/07/2022,OGG,HI,AWP,WE,Towers with Radar,169,12,11,0,192,0,131,13,2,146,169,143,24,2,338,8,16,24,362
05/08/2022,OGG,HI,AWP,WE,Towers with Radar,156,5,5,0,166,0,147,31,0,178,156,152,36,0,344,44,0,44,388
05/09/2022,OGG,HI,AWP,WE,Towers with Radar,156,9,5,5,175,0,166,33,3,202,156,175,38,8,377,14,0,14,391
05/10/2022,OGG,HI,AWP,WE,Towers with Radar,156,8,10,3,177,0,170,33,4,207,156,178,43,7,384,18,0,18,402
05/11/2022,OGG,HI,AWP,WE,Towers with Radar,165,8,2,6,181,0,172,29,2,203,165,180,31,8,384,70,0,70,454
05/12/2022,OGG,HI,AWP,WE,Towers with Radar,172,6,4,1,183,0,199,38,5,242,172,205,42,6,425,16,0,16,441
05/13/2022,OGG,HI,AWP,WE,Towers with Radar,160,7,2,1,170,0,174,30,3,207,160,181,32,4,377,28,0,28,405
05/14/2022,OGG,HI,AWP,WE,Towers with Radar,179,6,7,0,192,0,158,27,4,189,179,164,34,4,381,22,0,22,403
05/15/2022,OGG,HI,AWP,WE,Towers with Radar,163,10,7,1,181,0,162,48,1,211,163,172,55,2,392,18,0,18,410
05/16/2022,OGG,HI,AWP,WE,Towers with Radar,156,9,9,0,174,0,169,35,0,204,156,178,44,0,378,24,0,24,402
05/17/2022,OGG,HI,AWP,WE,Towers with Radar,170,9,5,0,184,0,187,24,0,211,170,196,29,0,395,2,0,2,397
05/18/2022,OGG,HI,AWP,WE,Towers with Radar,155,13,2,2,172,0,184,33,0,217,155,197,35,2,389,20,0,20,409
05/19/2022,OGG,HI,AWP,WE,Towers with Radar,176,16,9,0,201,0,194,22,2,218,176,210,31,2,419,24,0,24,443
05/20/2022,OGG,HI,AWP,WE,Towers with Radar,163,15,2,0,180,0,166,24,0,190,163,181,26,0,370,12,0,12,382
05/21/2022,OGG,HI,AWP,WE,Towers with Radar,161,2,5,0,168,0,152,26,0,178,161,154,31,0,346,8,0,8,354
05/22/2022,OGG,HI,AWP,WE,Towers with Radar,152,8,7,0,167,0,158,50,0,208,152,166,57,0,375,18,0,18,393
05/23/2022,OGG,HI,AWP,WE,Towers with Radar,161,7,5,0,173,0,178,30,4,212,161,185,35,4,385,44,0,44,429
05/24/2022,OGG,HI,AWP,WE,Towers with Radar,163,6,7,1,177,0,182,29,4,215,163,188,36,5,392,10,0,10,402
05/25/2022,OGG,HI,AWP,WE,Towers with Radar,168,12,6,8,194,0,187,42,2,231,168,199,48,10,425,38,2,40,465
05/26/2022,OGG,HI,AWP,WE,Towers with Radar,170,9,8,0,187,0,204,31,4,239,170,213,39,4,426,16,0,16,442
05/27/2022,OGG,HI,AWP,WE,Towers with Radar,175,17,4,0,196,0,190,33,0,223,175,207,37,0,419,2,0,2,421
05/28/2022,OGG,HI,AWP,WE,Towers with Radar,173,15,4,0,192,0,150,19,0,169,173,165,23,0,361,6,0,6,367
05/29/2022,OGG,HI,AWP,WE,Towers with Radar,164,8,10,0,182,0,149,20,0,169,164,157,30,0,351,26,0,26,377
05/30/2022,OGG,HI,AWP,WE,Towers with Radar,172,7,8,1,188,0,192,26,2,220,172,199,34,3,408,28,4,32,440
05/31/2022,OGG,HI,AWP,WE,Towers with Radar,181,8,11,2,202,0,198,23,2,223,181,206,34,4,425,8,0,8,433
06/01/2022,OGG,HI,AWP,WE,Towers with Radar,165,13,10,0,188,0,199,23,2,224,165,212,33,2,412,36,0,36,448
06/02/2022,OGG,HI,AWP,WE,Towers with Radar,167,20,8,4,199,0,126,34,6,166,167,146,42,10,365,50,0,50,415
06/03/2022,OGG,HI,AWP,WE,Towers with Radar,171,12,16,2,201,0,218,31,1,250,171,230,47,3,451,20,0,20,471
06/04/2022,OGG,HI,AWP,WE,Towers with Radar,170,11,6,3,190,0,176,24,1,201,170,187,30,4,391,10,0,10,401
06/05/2022,OGG,HI,AWP,WE,Towers with Radar,176,12,6,1,195,0,145,34,0,179,176,157,40,1,374,56,0,56,430
06/06/2022,OGG,HI,AWP,WE,Towers with Radar,169,4,4,7,184,0,203,36,1,240,169,207,40,8,424,41,0,41,465
06/07/2022,OGG,HI,AWP,WE,Towers with Radar,180,12,3,1,196,0,227,21,3,251,180,239,24,4,447,8,0,8,455
06/08/2022,OGG,HI,AWP,WE,Towers with Radar,188,10,3,0,201,0,227,27,1,255,188,237,30,1,456,28,0,28,484
06/09/2022,OGG,HI,AWP,WE,Towers with Radar,181,21,6,1,209,0,205,37,3,245,181,226,43,4,454,16,0,16,470
06/10/2022,OGG,HI,AWP,WE,Towers with Radar,182,10,8,2,202,0,175,33,4,212,182,185,41,6,414,6,0,6,420
06/11/2022,OGG,HI,AWP,WE,Towers with Radar,170,3,9,1,183,0,171,30,3,204,170,174,39,4,387,4,0,4,391
06/12/2022,OGG,HI,AWP,WE,Towers with Radar,183,10,9,0,202,0,155,24,0,179,183,165,33,0,381,27,6,33,414
06/13/2022,OGG,HI,AWP,WE,Towers with Radar,176,11,8,0,195,0,205,34,2,241,176,216,42,2,436,4,0,4,440
06/14/2022,OGG,HI,AWP,WE,Towers with Radar,175,10,2,3,190,0,151,32,5,188,175,161,34,8,378,26,0,26,404
06/15/2022,OGG,HI,AWP,WE,Towers with Radar,183,20,6,1,210,0,121,17,3,141,183,141,23,4,351,6,0,6,357
06/16/2022,OGG,HI,AWP,WE,Towers with Radar,176,20,12,0,208,0,201,29,0,230,176,221,41,0,438,42,0,42,480
06/17/2022,OGG,HI,AWP,WE,Towers with Radar,172,8,6,0,186,0,211,31,0,242,172,219,37,0,428,4,0,4,432
06/18/2022,OGG,HI,AWP,WE,Towers with Radar,186,9,7,0,202,0,195,26,1,222,186,204,33,1,424,18,2,20,444
06/19/2022,OGG,HI,AWP,WE,Towers with Radar,175,9,9,0,193,0,156,34,0,190,175,165,43,0,383,2,0,2,385
06/20/2022,OGG,HI,AWP,WE,Towers with Radar,169,15,9,0,193,0,180,31,0,211,169,195,40,0,404,10,0,10,414
06/21/2022,OGG,HI,AWP,WE,Towers with Radar,174,8,3,2,187,0,198,25,4,227,174,206,28,6,414,9,0,9,423
06/22/2022,OGG,HI,AWP,WE,Towers with Radar,177,12,13,2,204,0,187,30,2,219,177,199,43,4,423,14,0,14,437
06/23/2022,OGG,HI,AWP,WE,Towers with Radar,177,16,5,4,202,0,218,37,4,259,177,234,42,8,461,4,4,8,469
06/24/2022,OGG,HI,AWP,WE,Towers with Radar,177,11,8,1,197,0,179,31,1,211,177,190,39,2,408,6,0,6,414
06/25/2022,OGG,HI,AWP,WE,Towers with Radar,175,12,7,0,194,0,177,29,0,206,175,189,36,0,400,4,0,4,404
06/26/2022,OGG,HI,AWP,WE,Towers with Radar,168,12,10,1,191,0,164,41,0,205,168,176,51,1,396,20,0,20,416
06/27/2022,OGG,HI,AWP,WE,Towers with Radar,162,9,7,0,178,0,199,33,0,232,162,208,40,0,410,14,0,14,424
06/28/2022,OGG,HI,AWP,WE,Towers with Radar,179,6,10,0,195,0,205,44,3,252,179,211,54,3,447,20,0,20,467
06/29/2022,OGG,HI,AWP,WE,Towers with Radar,182,14,8,5,209,0,204,46,1,251,182,218,54,6,460,22,0,22,482
06/30/2022,OGG,HI,AWP,WE,Towers with Radar,188,10,6,0,204,0,174,29,2,205,188,184,35,2,409,22,0,22,431
07/01/2022,OGG,HI,AWP,WE,Towers with Radar,170,9,9,3,191,0,190,25,1,216,170,199,34,4,407,2,0,2,409
07/02/2022,OGG,HI,AWP,WE,Towers with Radar,189,10,6,1,206,0,174,20,1,195,189,184,26,2,401,0,0,0,401
07/03/2022,OGG,HI,AWP,WE,Towers with Radar,179,15,3,0,197,0,134,18,0,152,179,149,21,0,349,0,0,0,349
07/04/2022,OGG,HI,AWP,WE,Towers with Radar,175,16,1,0,192,0,178,23,1,202,175,194,24,1,394,8,0,8,402
07/05/2022,OGG,HI,AWP,WE,Towers with Radar,179,15,8,4,206,0,177,26,0,203,179,192,34,4,409,48,0,48,457
07/06/2022,OGG,HI,AWP,WE,Towers with Radar,182,11,12,0,205,0,182,23,0,205,182,193,35,0,410,14,0,14,424
07/07/2022,OGG,HI,AWP,WE,Towers with Radar,182,8,9,1,200,0,196,33,0,229,182,204,42,1,429,76,0,76,505
07/08/2022,OGG,HI,AWP,WE,Towers with Radar,185,15,5,0,205,0,196,24,0,220,185,211,29,0,425,8,0,8,433
07/09/2022,OGG,HI,AWP,WE,Towers with Radar,186,9,6,5,206,0,182,25,0,207,186,191,31,5,413,32,0,32,445
07/10/2022,OGG,HI,AWP,WE,Towers with Radar,184,10,8,5,207,0,159,24,1,184,184,169,32,6,391,20,0,20,411
07/11/2022,OGG,HI,AWP,WE,Towers with Radar,188,17,6,0,211,0,212,26,0,238,188,229,32,0,449,36,0,36,485
07/12/2022,OGG,HI,AWP,WE,Towers with Radar,184,9,2,2,197,0,166,30,4,200,184,175,32,6,397,21,0,21,418
07/13/2022,OGG,HI,AWP,WE,Towers with Radar,181,19,8,0,208,0,149,28,2,179,181,168,36,2,387,22,0,22,409
07/14/2022,OGG,HI,AWP,WE,Towers with Radar,184,11,3,1,199,0,222,14,11,247,184,233,17,12,446,46,0,46,492
07/15/2022,OGG,HI,AWP,WE,Towers with Radar,181,8,8,0,197,0,191,25,0,216,181,199,33,0,413,2,0,2,415
07/16/2022,OGG,HI,AWP,WE,Towers with Radar,177,22,5,0,204,0,148,16,0,164,177,170,21,0,368,4,0,4,372
07/17/2022,OGG,HI,AWP,WE,Towers with Radar,184,11,3,0,198,0,149,20,0,169,184,160,23,0,367,24,0,24,391
07/18/2022,OGG,HI,AWP,WE,Towers with Radar,184,9,3,7,203,0,193,29,5,227,184,202,32,12,430,26,0,26,456
07/19/2022,OGG,HI,AWP,WE,Towers with Radar,188,10,4,3,205,0,180,31,1,212,188,190,35,4,417,12,0,12,429
07/20/2022,OGG,HI,AWP,WE,Towers with Radar,181,11,5,2,199,0,211,32,5,248,181,222,37,7,447,36,0,36,483
07/21/2022,OGG,HI,AWP,WE,Towers with Radar,180,14,7,1,202,0,169,29,1,199,180,183,36,2,401,36,0,36,437
07/22/2022,OGG,HI,AWP,WE,Towers with Radar,191,8,4,0,203,0,198,31,0,229,191,206,35,0,432,18,0,18,450
07/23/2022,OGG,HI,AWP,WE,Towers with Radar,187,10,12,0,209,0,189,30,2,221,187,199,42,2,430,20,0,20,450
07/24/2022,OGG,HI,AWP,WE,Towers with Radar,176,7,8,1,192,0,171,31,0,202,176,178,39,1,394,36,0,36,430
07/25/2022,OGG,HI,AWP,WE,Towers with Radar,179,14,8,2,203,0,181,41,2,224,179,195,49,4,427,28,0,28,455
07/26/2022,OGG,HI,AWP,WE,Towers with Radar,182,10,7,1,200,0,169,20,3,192,182,179,27,4,392,24,0,24,416
07/27/2022,OGG,HI,AWP,WE,Towers with Radar,186,4,6,2,198,17,199,28,0,244,203,203,34,2,442,48,0,48,490
07/28/2022,OGG,HI,AWP,WE,Towers with Radar,175,10,2,6,193,0,218,47,0,265,175,228,49,6,458,52,0,52,510
07/29/2022,OGG,HI,AWP,WE,Towers with Radar,185,6,6,0,197,0,191,25,4,220,185,197,31,4,417,36,0,36,453
07/30/2022,OGG,HI,AWP,WE,Towers with Radar,186,10,5,0,201,0,172,24,0,196,186,182,29,0,397,16,0,16,413
07/31/2022,OGG,HI,AWP,WE,Towers with Radar,182,14,13,0,209,0,163,36,0,199,182,177,49,0,408,32,0,32,440
08/01/2022,OGG,HI,AWP,WE,Towers with Radar,182,16,2,2,202,0,173,28,2,203,182,189,30,4,405,16,0,16,421
08/02/2022,OGG,HI,AWP,WE,Towers with Radar,177,21,9,4,211,0,182,38,4,224,177,203,47,8,435,40,0,40,475
08/03/2022,OGG,HI,AWP,WE,Towers with Radar,181,12,5,4,202,0,198,30,2,230,181,210,35,6,432,38,0,38,470
08/04/2022,OGG,HI,AWP,WE,Towers with Radar,181,8,7,0,196,0,190,36,0,226,181,198,43,0,422,32,0,32,454
08/05/2022,OGG,HI,AWP,WE,Towers with Radar,187,6,10,5,208,0,186,39,1,226,187,192,49,6,434,18,0,18,452
08/06/2022,OGG,HI,AWP,WE,Towers with Radar,188,7,7,2,204,0,165,24,0,189,188,172,31,2,393,8,0,8,401
08/07/2022,OGG,HI,AWP,WE,Towers with Radar,176,4,6,2,188,0,126,40,0,166,176,130,46,2,354,6,0,6,360
08/08/2022,OGG,HI,AWP,WE,Towers with Radar,168,10,7,3,188,0,201,30,1,232,168,211,37,4,420,8,0,8,428
08/09/2022,OGG,HI,AWP,WE,Towers with Radar,181,4,11,0,196,0,183,27,3,213,181,187,38,3,409,6,0,6,415
08/10/2022,OGG,HI,AWP,WE,Towers with Radar,182,19,5,1,207,0,183,21,4,208,182,202,26,5,415,6,0,6,421
08/11/2022,OGG,HI,AWP,WE,Towers with Radar,172,9,11,0,192,0,193,32,8,233,172,202,43,8,425,8,0,8,433
08/12/2022,OGG,HI,AWP,WE,Towers with Radar,171,8,7,0,186,0,193,24,3,220,171,201,31,3,406,12,0,12,418
08/13/2022,OGG,HI,AWP,WE,Towers with Radar,174,7,7,0,188,0,166,28,1,195,174,173,35,1,383,48,0,48,431
08/14/2022,OGG,HI,AWP,WE,Towers with Radar,190,13,3,0,206,0,155,35,0,190,190,168,38,0,396,4,0,4,400
08/15/2022,OGG,HI,AWP,WE,Towers with Radar,172,16,12,3,203,0,212,37,1,250,172,228,49,4,453,24,0,24,477
08/16/2022,OGG,HI,AWP,WE,Towers with Radar,170,10,7,3,190,0,165,37,5,207,170,175,44,8,397,18,0,18,415
08/17/2022,OGG,HI,AWP,WE,Towers with Radar,172,9,5,4,190,0,176,40,4,220,172,185,45,8,410,10,0,10,420
08/18/2022,OGG,HI,AWP,WE,Towers with Radar,175,9,3,4,191,0,176,29,6,211,175,185,32,10,402,4,0,4,406
08/19/2022,OGG,HI,AWP,WE,Towers with Radar,168,7,2,0,177,0,170,26,2,198,168,177,28,2,375,8,0,8,383
08/20/2022,OGG,HI,AWP,WE,Towers with Radar,168,7,3,1,179,0,159,26,0,185,168,166,29,1,364,14,0,14,378
08/21/2022,OGG,HI,AWP,WE,Towers with Radar,160,9,3,0,172,0,147,36,0,183,160,156,39,0,355,38,0,38,393
08/22/2022,OGG,HI,AWP,WE,Towers with Radar,169,31,3,3,206,0,168,28,0,196,169,199,31,3,402,4,0,4,406
08/23/2022,OGG,HI,AWP,WE,Towers with Radar,171,22,8,4,205,0,147,15,0,162,171,169,23,4,367,28,0,28,395
08/24/2022,OGG,HI,AWP,WE,Towers with Radar,168,5,7,9,189,0,180,25,5,210,168,185,32,14,399,20,0,20,419
08/25/2022,OGG,HI,AWP,WE,Towers with Radar,171,13,10,1,195,0,189,38,3,230,171,202,48,4,425,10,0,10,435
08/26/2022,OGG,HI,AWP,WE,Towers with Radar,173,15,4,0,192,0,172,29,2,203,173,187,33,2,395,0,0,0,395
08/27/2022,OGG,HI,AWP,WE,Towers with Radar,170,7,6,0,183,0,165,30,4,199,170,172,36,4,382,14,0,14,396
08/28/2022,OGG,HI,AWP,WE,Towers with Radar,170,10,3,0,183,0,153,38,3,194,170,163,41,3,377,10,0,10,387
08/29/2022,OGG,HI,AWP,WE,Towers with Radar,175,14,6,2,197,0,175,41,1,217,175,189,47,3,414,4,0,4,418
08/30/2022,OGG,HI,AWP,WE,Towers with Radar,160,7,4,7,178,0,149,31,5,185,160,156,35,12,363,36,0,36,399
08/31/2022,OGG,HI,AWP,WE,Towers with Radar,162,8,10,5,185,0,176,38,1,215,162,184,48,6,400,26,0,26,426
09/01/2022,OGG,HI,AWP,WE,Towers with Radar,170,14,11,2,197,0,181,25,0,206,170,195,36,2,403,24,0,24,427
09/02/2022,OGG,HI,AWP,WE,Towers with Radar,171,17,7,0,195,0,179,27,0,206,171,196,34,0,401,2,0,2,403
09/03/2022,OGG,HI,AWP,WE,Towers with Radar,181,17,9,0,207,0,113,22,0,135,181,130,31,0,342,12,0,12,354
09/04/2022,OGG,HI,AWP,WE,Towers with Radar,173,13,2,8,196,0,162,28,0,190,173,175,30,8,386,0,0,0,386
09/05/2022,OGG,HI,AWP,WE,Towers with Radar,158,15,10,5,188,0,165,25,1,191,158,180,35,6,379,22,0,22,401
09/06/2022,OGG,HI,AWP,WE,Towers with Radar,151,13,7,1,172,0,181,32,1,214,151,194,39,2,386,16,0,16,402
09/07/2022,OGG,HI,AWP,WE,Towers with Radar,153,12,6,1,172,0,160,24,2,186,153,172,30,3,358,60,0,60,418
09/08/2022,OGG,HI,AWP,WE,Towers with Radar,157,7,9,5,178,0,172,41,2,215,157,179,50,7,393,42,0,42,435
09/09/2022,OGG,HI,AWP,WE,Towers with Radar,167,19,7,2,195,0,142,45,0,187,167,161,52,2,382,10,0,10,392
09/10/2022,OGG,HI,AWP,WE,Towers with Radar,161,6,3,1,171,0,152,28,1,181,161,158,31,2,352,12,0,12,364
09/11/2022,OGG,HI,AWP,WE,Towers with Radar,159,6,6,1,172,0,153,32,2,187,159,159,38,3,359,64,0,64,423
09/12/2022,OGG,HI,AWP,WE,Towers with Radar,169,15,1,2,187,0,171,31,0,202,169,186,32,2,389,14,0,14,403
09/13/2022,OGG,HI,AWP,WE,Towers with Radar,158,11,0,4,173,0,120,26,2,148,158,131,26,6,321,34,0,34,355
09/14/2022,OGG,HI,AWP,WE,Towers with Radar,166,7,6,6,185,0,163,40,2,205,166,170,46,8,390,6,0,6,396
09/15/2022,OGG,HI,AWP,WE,Towers with Radar,153,10,10,0,173,0,157,24,2,183,153,167,34,2,356,2,0,2,358
09/16/2022,OGG,HI,AWP,WE,Towers with Radar,164,16,1,0,181,0,178,33,0,211,164,194,34,0,392,26,0,26,418
09/17/2022,OGG,HI,AWP,WE,Towers with Radar,171,11,2,0,184,0,153,35,0,188,171,164,37,0,372,26,0,26,398
09/18/2022,OGG,HI,AWP,WE,Towers with Radar,169,12,6,0,187,0,146,34,6,186,169,158,40,6,373,18,0,18,391
09/19/2022,OGG,HI,AWP,WE,Towers with Radar,169,11,6,3,189,0,170,22,1,193,169,181,28,4,382,44,0,44,426
09/20/2022,OGG,HI,AWP,WE,Towers with Radar,156,7,4,4,171,0,153,28,0,181,156,160,32,4,352,8,0,8,360
09/21/2022,OGG,HI,AWP,WE,Towers with Radar,162,18,5,4,189,0,169,28,1,198,162,187,33,5,387,32,0,32,419
09/22/2022,OGG,HI,AWP,WE,Towers with Radar,160,16,3,1,180,0,162,24,0,186,160,178,27,1,366,4,0,4,370
09/23/2022,OGG,HI,AWP,WE,Towers with Radar,164,7,5,0,176,0,195,39,0,234,164,202,44,0,410,4,0,4,414
09/24/2022,OGG,HI,AWP,WE,Towers with Radar,170,13,7,0,190,0,149,26,1,176,170,162,33,1,366,52,0,52,418
09/25/2022,OGG,HI,AWP,WE,Towers with Radar,161,9,7,0,177,0,147,45,0,192,161,156,52,0,369,20,0,20,389
09/26/2022,OGG,HI,AWP,WE,Towers with Radar,161,12,11,0,184,0,168,30,1,199,161,180,41,1,383,26,0,26,409
09/27/2022,OGG,HI,AWP,WE,Towers with Radar,162,10,2,0,174,1,166,27,2,196,163,176,29,2,370,32,0,32,402
09/28/2022,OGG,HI,AWP,WE,Towers with Radar,160,7,4,1,172,0,166,24,1,191,160,173,28,2,363,26,0,26,389
09/29/2022,OGG,HI,AWP,WE,Towers with Radar,158,15,3,1,177,0,124,25,2,151,158,139,28,3,328,36,0,36,364
09/30/2022,OGG,HI,AWP,WE,Towers with Radar,167,7,2,1,177,0,173,42,1,216,167,180,44,2,393,12,0,12,405
10/01/2022,OGG,HI,AWP,WE,Towers with Radar,162,10,3,4,179,0,145,29,0,174,162,155,32,4,353,38,0,38,391
10/02/2022,OGG,HI,AWP,WE,Towers with Radar,159,23,1,2,185,0,80,16,0,96,159,103,17,2,281,14,0,14,295
10/03/2022,OGG,HI,AWP,WE,Towers with Radar,156,32,7,2,197,0,43,13,0,56,156,75,20,2,253,0,0,0,253
10/04/2022,OGG,HI,AWP,WE,Towers with Radar,160,22,6,10,198,0,146,28,8,182,160,168,34,18,380,39,0,39,419
10/05/2022,OGG,HI,AWP,WE,Towers with Radar,154,19,4,2,179,0,200,25,2,227,154,219,29,4,406,36,0,36,442
10/06/2022,OGG,HI,AWP,WE,Towers with Radar,152,10,6,2,170,0,170,46,1,217,152,180,52,3,387,30,0,30,417
10/07/2022,OGG,HI,AWP,WE,Towers with Radar,154,24,9,0,187,0,167,33,0,200,154,191,42,0,387,8,0,8,395
10/08/2022,OGG,HI,AWP,WE,Towers with Radar,169,15,2,0,186,0,136,19,0,155,169,151,21,0,341,14,0,14,355
10/09/2022,OGG,HI,AWP,WE,Towers with Radar,159,16,3,0,178,0,140,21,0,161,159,156,24,0,339,24,0,24,363
10/10/2022,OGG,HI,AWP,WE,Towers with Radar,160,16,2,2,180,0,165,18,0,183,160,181,20,2,363,25,0,25,388
10/11/2022,OGG,HI,AWP,WE,Towers with Radar,170,14,9,6,199,0,176,25,0,201,170,190,34,6,400,24,0,24,424
10/12/2022,OGG,HI,AWP,WE,Towers with Radar,158,19,7,1,185,0,178,33,0,211,158,197,40,1,396,24,0,24,420
10/13/2022,OGG,HI,AWP,WE,Towers with Radar,154,15,4,0,173,0,162,31,6,199,154,177,35,6,372,18,0,18,390
10/14/2022,OGG,HI,AWP,WE,Towers with Radar,163,19,5,0,187,0,183,40,2,225,163,202,45,2,412,24,0,24,436
10/15/2022,OGG,HI,AWP,WE,Towers with Radar,163,15,3,1,182,0,143,20,5,168,163,158,23,6,350,46,0,46,396
10/16/2022,OGG,HI,AWP,WE,Towers with Radar,156,11,3,1,171,0,121,24,2,147,156,132,27,3,318,34,0,34,352
10/17/2022,OGG,HI,AWP,WE,Towers with Radar,149,18,6,6,179,0,178,31,0,209,149,196,37,6,388,30,0,30,418
10/18/2022,OGG,HI,AWP,WE,Towers with Radar,152,16,7,3,178,0,157,21,1,179,152,173,28,4,357,52,0,52,409
10/19/2022,OGG,HI,AWP,WE,Towers with Radar,163,14,9,5,191,0,181,34,2,217,163,195,43,7,408,14,0,14,422
10/20/2022,OGG,HI,AWP,WE,Towers with Radar,150,28,7,0,185,0,158,31,0,189,150,186,38,0,374,10,0,10,384
10/21/2022,OGG,HI,AWP,WE,Towers with Radar,166,17,4,5,192,0,164,35,2,201,166,181,39,7,393,20,0,20,413
10/22/2022,OGG,HI,AWP,WE,Towers with Radar,161,17,8,0,186,0,143,29,0,172,161,160,37,0,358,32,0,32,390
10/23/2022,OGG,HI,AWP,WE,Towers with Radar,158,12,4,0,174,0,133,22,0,155,158,145,26,0,329,2,0,2,331
10/24/2022,OGG,HI,AWP,WE,Towers with Radar,176,14,4,0,194,0,174,20,1,195,176,188,24,1,389,10,0,10,399
10/25/2022,OGG,HI,AWP,WE,Towers with Radar,163,13,7,2,185,0,168,31,7,206,163,181,38,9,391,6,0,6,397
10/26/2022,OGG,HI,AWP,WE,Towers with Radar,157,19,4,0,180,0,118,20,1,139,157,137,24,1,319,12,0,12,331
10/27/2022,OGG,HI,AWP,WE,Towers with Radar,149,14,2,0,165,0,158,23,7,188,149,172,25,7,353,12,0,12,365
10/28/2022,OGG,HI,AWP,WE,Towers with Radar,148,17,8,1,174,0,165,39,2,206,148,182,47,3,380,22,0,22,402
10/29/2022,OGG,HI,AWP,WE,Towers with Radar,169,15,6,4,194,0,139,23,0,162,169,154,29,4,356,38,0,38,394
10/30/2022,OGG,HI,AWP,WE,Towers with Radar,157,17,5,0,179,0,114,24,0,138,157,131,29,0,317,28,0,28,345
10/31/2022,OGG,HI,AWP,WE,Towers with Radar,147,12,8,3,170,0,142,28,3,173,147,154,36,6,343,10,0,10,353
11/01/2022,OGG,HI,AWP,WE,Towers with Radar,152,12,11,3,178,0,138,19,3,160,152,150,30,6,338,4,0,4,342
11/02/2022,OGG,HI,AWP,WE,Towers with Radar,160,14,4,4,182,0,160,26,2,188,160,174,30,6,370,72,0,72,442
11/03/2022,OGG,HI,AWP,WE,Towers with Radar,147,15,5,0,167,0,144,15,4,163,147,159,20,4,330,18,0,18,348
11/04/2022,OGG,HI,AWP,WE,Towers with Radar,162,16,5,3,186,0,149,25,1,175,162,165,30,4,361,60,2,62,423
11/05/2022,OGG,HI,AWP,WE,Towers with Radar,169,8,7,2,186,0,125,18,2,145,169,133,25,4,331,28,0,28,359
11/06/2022,OGG,HI,AWP,WE,Towers with Radar,150,16,6,6,178,0,112,35,0,147,150,128,41,6,325,26,0,26,351
11/07/2022,OGG,HI,AWP,WE,Towers with Radar,165,17,4,1,187,0,166,29,7,202,165,183,33,8,389,8,0,8,397
11/08/2022,OGG,HI,AWP,WE,Towers with Radar,172,17,7,1,197,0,142,32,1,175,172,159,39,2,372,40,0,40,412
11/09/2022,OGG,HI,AWP,WE,Towers with Radar,155,17,3,1,176,0,161,29,1,191,155,178,32,2,367,56,0,56,423
11/10/2022,OGG,HI,AWP,WE,Towers with Radar,160,18,10,1,189,0,148,42,1,191,160,166,52,2,380,24,0,24,404
11/11/2022,OGG,HI,AWP,WE,Towers with Radar,174,13,9,0,196,0,148,22,0,170,174,161,31,0,366,36,0,36,402
11/12/2022,OGG,HI,AWP,WE,Towers with Radar,157,28,8,0,193,0,115,18,0,133,157,143,26,0,326,34,0,34,360
11/13/2022,OGG,HI,AWP,WE,Towers with Radar,169,10,9,0,188,0,136,23,1,160,169,146,32,1,348,28,0,28,376
11/14/2022,OGG,HI,AWP,WE,Towers with Radar,180,17,3,0,200,0,158,29,2,189,180,175,32,2,389,12,0,12,401
11/15/2022,OGG,HI,AWP,WE,Towers with Radar,155,15,11,2,183,0,141,21,1,163,155,156,32,3,346,22,0,22,368
11/16/2022,OGG,HI,AWP,WE,Towers with Radar,180,16,11,0,207,0,166,45,0,211,180,182,56,0,418,26,0,26,444
11/17/2022,OGG,HI,AWP,WE,Towers with Radar,172,16,3,1,192,0,165,29,1,195,172,181,32,2,387,14,0,14,401
11/18/2022,OGG,HI,AWP,WE,Towers with Radar,180,24,8,0,212,0,164,24,0,188,180,188,32,0,400,14,0,14,414
11/19/2022,OGG,HI,AWP,WE,Towers with Radar,187,28,16,0,231,0,125,30,3,158,187,153,46,3,389,18,1,19,408
11/20/2022,OGG,HI,AWP,WE,Towers with Radar,167,16,12,0,195,0,131,19,0,150,167,147,31,0,345,4,0,4,349
11/21/2022,OGG,HI,AWP,WE,Towers with Radar,173,14,4,0,191,0,165,33,0,198,173,179,37,0,389,26,0,26,415
11/22/2022,OGG,HI,AWP,WE,Towers with Radar,222,13,8,4,247,0,166,25,6,197,222,179,33,10,444,14,0,14,458
11/23/2022,OGG,HI,AWP,WE,Towers with Radar,185,19,11,0,215,0,172,35,0,207,185,191,46,0,422,34,0,34,456
11/24/2022,OGG,HI,AWP,WE,Towers with Radar,177,32,4,0,213,0,24,2,0,26,177,56,6,0,239,2,0,2,241
11/25/2022,OGG,HI,AWP,WE,Towers with Radar,176,19,17,0,212,0,171,15,0,186,176,190,32,0,398,48,0,48,446
11/26/2022,OGG,HI,AWP,WE,Towers with Radar,185,24,23,0,232,0,147,24,0,171,185,171,47,0,403,22,0,22,425
11/27/2022,OGG,HI,AWP,WE,Towers with Radar,174,18,10,0,202,0,114,23,0,137,174,132,33,0,339,54,0,54,393
11/28/2022,OGG,HI,AWP,WE,Towers with Radar,175,39,10,0,224,0,99,5,2,106,175,138,15,2,330,30,0,30,360
11/29/2022,OGG,HI,AWP,WE,Towers with Radar,176,9,8,8,201,0,146,29,4,179,176,155,37,12,380,62,0,62,442
11/30/2022,OGG,HI,AWP,WE,Towers with Radar,180,13,9,10,212,0,125,27,0,152,180,138,36,10,364,28,0,28,392
12/01/2022,OGG,HI,AWP,WE,Towers with Radar,169,11,6,0,186,0,148,26,0,174,169,159,32,0,360,34,0,34,394
12/02/2022,OGG,HI,AWP,WE,Towers with Radar,182,26,4,0,212,0,121,26,1,148,182,147,30,1,360,70,0,70,430
12/03/2022,OGG,HI,AWP,WE,Towers with Radar,184,17,8,0,209,0,138,45,1,184,184,155,53,1,393,76,0,76,469
12/04/2022,OGG,HI,AWP,WE,Towers with Radar,169,6,12,0,187,0,126,34,0,160,169,132,46,0,347,14,0,14,361
12/05/2022,OGG,HI,AWP,WE,Towers with Radar,168,17,3,3,191,0,156,32,1,189,168,173,35,4,380,32,0,32,412
12/06/2022,OGG,HI,AWP,WE,Towers with Radar,183,18,4,5,210,0,119,25,1,145,183,137,29,6,355,20,0,20,375
12/07/2022,OGG,HI,AWP,WE,Towers with Radar,182,19,8,4,213,0,143,25,0,168,182,162,33,4,381,22,0,22,403
12/08/2022,OGG,HI,AWP,WE,Towers with Radar,176,15,7,0,198,0,161,20,6,187,176,176,27,6,385,4,0,4,389
12/09/2022,OGG,HI,AWP,WE,Towers with Radar,184,11,3,1,199,0,149,21,4,174,184,160,24,5,373,6,0,6,379
12/10/2022,OGG,HI,AWP,WE,Towers with Radar,167,9,8,1,185,0,135,24,1,160,167,144,32,2,345,38,0,38,383
12/11/2022,OGG,HI,AWP,WE,Towers with Radar,164,10,2,0,176,0,122,17,0,139,164,132,19,0,315,0,0,0,315
12/12/2022,OGG,HI,AWP,WE,Towers with Radar,174,27,7,0,208,0,121,20,0,141,174,148,27,0,349,28,0,28,377
12/13/2022,OGG,HI,AWP,WE,Towers with Radar,159,20,3,2,184,0,140,20,8,168,159,160,23,10,352,70,2,72,424
12/14/2022,OGG,HI,AWP,WE,Towers with Radar,175,12,13,1,201,6,167,41,8,222,181,179,54,9,423,58,6,64,487
12/15/2022,OGG,HI,AWP,WE,Towers with Radar,186,18,12,1,217,0,150,46,4,200,186,168,58,5,417,28,0,28,445
12/16/2022,OGG,HI,AWP,WE,Towers with Radar,184,24,11,0,219,1,136,27,14,178,185,160,38,14,397,46,0,46,443
12/17/2022,OGG,HI,AWP,WE,Towers with Radar,190,60,9,0,259,0,107,32,1,140,190,167,41,1,399,24,0,24,423
12/18/2022,OGG,HI,AWP,WE,Towers with Radar,174,18,5,0,197,0,13,0,0,13,174,31,5,0,210,20,0,20,230
12/19/2022,OGG,HI,AWP,WE,Towers with Radar,163,33,6,0,202,0,22,0,1,23,163,55,6,1,225,0,0,0,225
12/20/2022,OGG,HI,AWP,WE,Towers with Radar,170,39,8,2,219,0,121,10,0,131,170,160,18,2,350,2,0,2,352
12/21/2022,OGG,HI,AWP,WE,Towers with Radar,186,72,11,0,269,0,169,42,3,214,186,241,53,3,483,22,0,22,505
12/22/2022,OGG,HI,AWP,WE,Towers with Radar,174,13,10,0,197,0,222,39,0,261,174,235,49,0,458,20,0,20,478
12/23/2022,OGG,HI,AWP,WE,Towers with Radar,165,13,9,0,187,0,198,34,0,232,165,211,43,0,419,2,0,2,421
12/24/2022,OGG,HI,AWP,WE,Towers with Radar,160,7,10,0,177,0,175,26,0,201,160,182,36,0,378,10,0,10,388
12/25/2022,OGG,HI,AWP,WE,Towers with Radar,160,6,16,0,182,0,80,12,0,92,160,86,28,0,274,4,0,4,278
12/26/2022,OGG,HI,AWP,WE,Towers with Radar,170,19,15,3,207,0,201,36,0,237,170,220,51,3,444,26,0,26,470
12/27/2022,OGG,HI,AWP,WE,Towers with Radar,183,24,14,5,226,0,220,55,2,277,183,244,69,7,503,34,0,34,537
12/28/2022,OGG,HI,AWP,WE,Towers with Radar,190,53,19,2,264,0,195,43,3,241,190,248,62,5,505,44,0,44,549
12/29/2022,OGG,HI,AWP,WE,Towers with Radar,193,23,10,0,226,0,229,37,0,266,193,252,47,0,492,46,0,46,538
12/30/2022,OGG,HI,AWP,WE,Towers with Radar,204,15,9,0,228,0,228,24,0,252,204,243,33,0,480,24,0,24,504
12/31/2022,OGG,HI,AWP,WE,Towers with Radar,198,8,10,0,216,0,208,15,0,223,198,216,25,0,439,10,0,10,449
01/01/2023,OGG,HI,AWP,WE,Towers with Radar,175,13,20,0,208,0,157,11,0,168,175,170,31,0,376,2,0,2,378
01/02/2023,OGG,HI,AWP,WE,Towers with Radar,186,32,30,0,248,0,178,29,0,207,186,210,59,0,455,42,0,42,497
01/03/2023,OGG,HI,AWP,WE,Towers with Radar,181,20,27,0,228,0,155,43,0,198,181,175,70,0,426,60,0,60,486
01/04/2023,OGG,HI,AWP,WE,Towers with Radar,195,36,13,0,244,0,109,27,0,136,195,145,40,0,380,14,0,14,394
01/05/2023,OGG,HI,AWP,WE,Towers with Radar,171,12,13,2,198,0,178,31,5,214,171,190,44,7,412,26,0,26,438
01/06/2023,OGG,HI,AWP,WE,Towers with Radar,181,13,14,0,208,0,191,25,2,218,181,204,39,2,426,46,0,46,472
01/07/2023,OGG,HI,AWP,WE,Towers with Radar,174,10,22,3,209,0,139,25,2,166,174,149,47,5,375,50,0,50,425
01/08/2023,OGG,HI,AWP,WE,Towers with Radar,169,18,12,4,203,0,139,29,0,168,169,157,41,4,371,26,0,26,397
01/09/2023,OGG,HI,AWP,WE,Towers with Radar,180,17,8,0,205,0,184,35,0,219,180,201,43,0,424,44,0,44,468
01/10/2023,OGG,HI,AWP,WE,Towers with Radar,150,26,11,0,187,0,168,42,3,213,150,194,53,3,400,44,0,44,444
01/11/2023,OGG,HI,AWP,WE,Towers with Radar,153,36,15,1,205,0,156,31,2,189,153,192,46,3,394,54,0,54,448
01/12/2023,OGG,HI,AWP,WE,Towers with Radar,166,16,8,0,190,0,165,27,4,196,166,181,35,4,386,56,0,56,442
01/13/2023,OGG,HI,AWP,WE,Towers with Radar,179,24,13,0,216,0,112,36,0,148,179,136,49,0,364,64,0,64,428
01/14/2023,OGG,HI,AWP,WE,Towers with Radar,180,36,10,4,230,0,111,40,0,151,180,147,50,4,381,22,0,22,403
01/15/2023,OGG,HI,AWP,WE,Towers with Radar,173,32,6,6,217,0,106,36,0,142,173,138,42,6,359,14,0,14,373
01/16/2023,OGG,HI,AWP,WE,Towers with Radar,174,35,6,0,215,0,139,25,0,164,174,174,31,0,379,82,0,82,461
01/17/2023,OGG,HI,AWP,WE,Towers with Radar,162,28,12,1,203,0,152,40,1,193,162,180,52,2,396,44,0,44,440
01/18/2023,OGG,HI,AWP,WE,Towers with Radar,161,10,8,3,182,0,150,49,5,204,161,160,57,8,386,70,0,70,456
01/19/2023,OGG,HI,AWP,WE,Towers with Radar,185,23,3,1,212,0,168,25,1,194,185,191,28,2,406,62,0,62,468
01/20/2023,OGG,HI,AWP,WE,Towers with Radar,179,24,7,3,213,0,145,49,2,196,179,169,56,5,409,32,0,32,441
01/21/2023,OGG,HI,AWP,WE,Towers with Radar,175,28,5,1,209,0,89,27,3,119,175,117,32,4,328,48,0,48,376
01/22/2023,OGG,HI,AWP,WE,Towers with Radar,161,18,20,5,204,0,104,25,5,134,161,122,45,10,338,2,0,2,340
01/23/2023,OGG,HI,AWP,WE,Towers with Radar,181,11,6,4,202,0,169,35,2,206,181,180,41,6,408,34,0,34,442
01/24/2023,OGG,HI,AWP,WE,Towers with Radar,164,19,8,0,191,0,161,24,2,187,164,180,32,2,378,38,0,38,416
01/25/2023,OGG,HI,AWP,WE,Towers with Radar,165,25,4,0,194,0,146,29,0,175,165,171,33,0,369,6,0,6,375
01/26/2023,OGG,HI,AWP,WE,Towers with Radar,169,42,1,0,212,0,82,8,3,93,169,124,9,3,305,22,0,22,327
01/27/2023,OGG,HI,AWP,WE,Towers with Radar,176,62,9,2,249,0,25,6,0,31,176,87,15,2,280,6,0,6,286
01/28/2023,OGG,HI,AWP,WE,Towers with Radar,187,48,6,0,241,0,15,0,0,15,187,63,6,0,256,10,0,10,266
01/29/2023,OGG,HI,AWP,WE,Towers with Radar,173,28,9,0,210,0,28,2,0,30,173,56,11,0,240,0,0,0,240
01/30/2023,OGG,HI,AWP,WE,Towers with Radar,166,47,9,6,228,0,29,1,2,32,166,76,10,8,260,6,0,6,266
01/31/2023,OGG,HI,AWP,WE,Towers with Radar,157,19,10,1,187,0,126,34,0,160,157,145,44,1,347,26,0,26,373
02/01/2023,OGG,HI,AWP,WE,Towers with Radar,164,15,7,0,186,0,146,28,0,174,164,161,35,0,360,4,0,4,364
02/02/2023,OGG,HI,AWP,WE,Towers with Radar,177,31,11,0,219,0,151,41,0,192,177,182,52,0,411,50,0,50,461
02/03/2023,OGG,HI,AWP,WE,Towers with Radar,171,32,13,2,218,0,162,26,0,188,171,194,39,2,406,38,0,38,444
02/04/2023,OGG,HI,AWP,WE,Towers with Radar,171,25,13,2,211,0,89,10,0,99,171,114,23,2,310,0,0,0,310
02/05/2023,OGG,HI,AWP,WE,Towers with Radar,170,13,4,2,189,0,137,23,2,162,170,150,27,4,351,2,0,2,353
02/06/2023,OGG,HI,AWP,WE,Towers with Radar,174,21,5,0,200,0,155,27,0,182,174,176,32,0,382,10,0,10,392
02/07/2023,OGG,HI,AWP,WE,Towers with Radar,158,18,3,3,182,0,145,32,10,187,158,163,35,13,369,40,0,40,409
02/08/2023,OGG,HI,AWP,WE,Towers with Radar,166,18,6,2,192,0,145,19,2,166,166,163,25,4,358,18,0,18,376
02/09/2023,OGG,HI,AWP,WE,Towers with Radar,160,17,5,0,182,0,126,10,2,138,160,143,15,2,320,4,0,4,324
02/10/2023,OGG,HI,AWP,WE,Towers with Radar,189,29,6,0,224,0,124,7,0,131,189,153,13,0,355,6,0,6,361
02/11/2023,OGG,HI,AWP,WE,Towers with Radar,175,26,8,0,209,0,123,13,0,136,175,149,21,0,345,20,0,20,365
02/12/2023,OGG,HI,AWP,WE,Towers with Radar,172,31,6,0,209,0,83,9,0,92,172,114,15,0,301,0,0,0,301
02/13/2023,OGG,HI,AWP,WE,Towers with Radar,185,22,4,1,212,0,174,28,1,203,185,196,32,2,415,68,0,68,483
02/14/2023,OGG,HI,AWP,WE,Towers with Radar,167,24,4,4,199,0,131,24,3,158,167,155,28,7,357,8,0,8,365
02/15/2023,OGG,HI,AWP,WE,Towers with Radar,176,35,6,1,218,3,174,35,0,212,179,209,41,1,430,56,0,56,486
02/16/2023,OGG,HI,AWP,WE,Towers with Radar,182,13,2,0,197,0,129,17,0,146,182,142,19,0,343,12,0,12,355
02/17/2023,OGG,HI,AWP,WE,Towers with Radar,174,31,10,0,215,0,22,3,0,25,174,53,13,0,240,10,0,10,250
02/18/2023,OGG,HI,AWP,WE,Towers with Radar,179,23,8,0,210,0,96,9,0,105,179,119,17,0,315,8,0,8,323
02/19/2023,OGG,HI,AWP,WE,Towers with Radar,169,25,11,0,205,0,119,17,4,140,169,144,28,4,345,10,0,10,355
02/20/2023,OGG,HI,AWP,WE,Towers with Radar,167,17,9,0,193,0,151,16,0,167,167,168,25,0,360,6,0,6,366
02/21/2023,OGG,HI,AWP,WE,Towers with Radar,178,18,5,3,204,0,178,20,0,198,178,196,25,3,402,18,0,18,420
02/22/2023,OGG,HI,AWP,WE,Towers with Radar,167,9,10,2,188,0,144,24,1,169,167,153,34,3,357,14,0,14,371
02/23/2023,OGG,HI,AWP,WE,Towers with Radar,176,23,8,0,207,0,162,23,0,185,176,185,31,0,392,4,0,4,396
02/24/2023,OGG,HI,AWP,WE,Towers with Radar,181,27,8,0,216,0,154,41,0,195,181,181,49,0,411,4,0,4,415
02/25/2023,OGG,HI,AWP,WE,Towers with Radar,163,19,11,0,193,0,156,14,2,172,163,175,25,2,365,28,0,28,393
02/26/2023,OGG,HI,AWP,WE,Towers with Radar,183,19,7,0,209,0,169,20,0,189,183,188,27,0,398,0,0,0,398
02/27/2023,OGG,HI,AWP,WE,Towers with Radar,179,21,2,0,202,0,202,23,1,226,179,223,25,1,428,26,0,26,454
02/28/2023,OGG,HI,AWP,WE,Towers with Radar,168,17,1,1,187,0,168,22,1,191,168,185,23,2,378,24,0,24,402
03/01/2023,OGG,HI,AWP,WE,Towers with Radar,173,27,5,4,209,0,91,8,2,101,173,118,13,6,310,2,0,2,312
03/02/2023,OGG,HI,AWP,WE,Towers with Radar,185,27,4,0,216,0,105,10,5,120,185,132,14,5,336,12,0,12,348
03/03/2023,OGG,HI,AWP,WE,Towers with Radar,170,18,6,0,194,0,152,32,0,184,170,170,38,0,378,24,0,24,402
03/04/2023,OGG,HI,AWP,WE,Towers with Radar,178,39,3,2,222,0,92,17,1,110,178,131,20,3,332,29,0,29,361
03/05/2023,OGG,HI,AWP,WE,Towers with Radar,171,16,5,2,194,0,113,28,1,142,171,129,33,3,336,14,0,14,350
03/06/2023,OGG,HI,AWP,WE,Towers with Radar,166,28,5,0,199,0,100,19,0,119,166,128,24,0,318,10,0,10,328
03/07/2023,OGG,HI,AWP,WE,Towers with Radar,164,23,8,0,195,0,130,23,2,155,164,153,31,2,350,22,0,22,372
03/08/2023,OGG,HI,AWP,WE,Towers with Radar,175,38,4,0,217,0,28,2,1,31,175,66,6,1,248,2,0,2,250
03/09/2023,OGG,HI,AWP,WE,Towers with Radar,182,21,8,1,212,0,161,28,7,196,182,182,36,8,408,44,0,44,452
03/10/2023,OGG,HI,AWP,WE,Towers with Radar,190,18,11,0,219,0,158,38,0,196,190,176,49,0,415,30,0,30,445
03/11/2023,OGG,HI,AWP,WE,Towers with Radar,173,12,10,0,195,0,170,53,2,225,173,182,63,2,420,22,0,22,442
03/12/2023,OGG,HI,AWP,WE,Towers with Radar,189,20,7,0,216,0,139,30,0,169,189,159,37,0,385,28,0,28,413
03/13/2023,OGG,HI,AWP,WE,Towers with Radar,173,11,4,1,189,0,184,48,3,235,173,195,52,4,424,14,0,14,438
03/14/2023,OGG,HI,AWP,WE,Towers with Radar,170,12,3,0,185,0,181,34,0,215,170,193,37,0,400,51,0,51,451
03/15/2023,OGG,HI,AWP,WE,Towers with Radar,179,11,4,0,194,0,201,31,2,234,179,212,35,2,428,36,0,36,464
03/16/2023,OGG,HI,AWP,WE,Towers with Radar,184,20,9,0,213,0,185,48,4,237,184,205,57,4,450,20,0,20,470
03/17/2023,OGG,HI,AWP,WE,Towers with Radar,185,22,7,0,214,0,195,33,0,228,185,217,40,0,442,34,0,34,476
03/18/2023,OGG,HI,AWP,WE,Towers with Radar,200,20,12,0,232,0,174,39,0,213,200,194,51,0,445,18,0,18,463
03/19/2023,OGG,HI,AWP,WE,Towers with Radar,181,18,7,0,206,0,142,16,0,158,181,160,23,0,364,2,0,2,366
03/20/2023,OGG,HI,AWP,WE,Towers with Radar,181,21,5,1,208,0,153,26,3,182,181,174,31,4,390,54,0,54,444
03/21/2023,OGG,HI,AWP,WE,Towers with Radar,187,12,3,2,204,0,168,29,0,197,187,180,32,2,401,18,0,18,419
03/22/2023,OGG,HI,AWP,WE,Towers with Radar,186,20,6,2,214,0,158,21,0,179,186,178,27,2,393,48,0,48,441
03/23/2023,OGG,HI,AWP,WE,Towers with Radar,180,15,7,0,202,0,150,16,0,166,180,165,23,0,368,45,0,45,413
03/24/2023,OGG,HI,AWP,WE,Towers with Radar,191,7,9,0,207,0,156,29,1,186,191,163,38,1,393,14,0,14,407
03/25/2023,OGG,HI,AWP,WE,Towers with Radar,184,18,8,1,211,0,148,45,0,193,184,166,53,1,404,4,0,4,408
03/26/2023,OGG,HI,AWP,WE,Towers with Radar,164,15,6,1,186,0,153,22,0,175,164,168,28,1,361,16,0,16,377
03/27/2023,OGG,HI,AWP,WE,Towers with Radar,173,13,4,0,190,0,170,37,0,207,173,183,41,0,397,76,0,76,473
03/28/2023,OGG,HI,AWP,WE,Towers with Radar,178,14,6,1,199,0,154,27,1,182,178,168,33,2,381,24,0,24,405
03/29/2023,OGG,HI,AWP,WE,Towers with Radar,164,10,5,2,181,0,147,18,0,165,164,157,23,2,346,54,0,54,400
03/30/2023,OGG,HI,AWP,WE,Towers with Radar,193,13,15,5,226,0,178,27,1,206,193,191,42,6,432,29,0,29,461
03/31/2023,OGG,HI,AWP,WE,Towers with Radar,181,13,10,1,205,0,155,26,1,182,181,168,36,2,387,52,0,52,439
04/01/2023,OGG,HI,AWP,WE,Towers with Radar,184,9,9,2,204,0,147,20,0,167,184,156,29,2,371,40,0,40,411
04/02/2023,OGG,HI,AWP,WE,Towers with Radar,179,19,8,1,207,0,95,8,0,103,179,114,16,1,310,24,0,24,334
04/03/2023,OGG,HI,AWP,WE,Towers with Radar,192,12,7,0,211,0,176,19,0,195,192,188,26,0,406,18,0,18,424
04/04/2023,OGG,HI,AWP,WE,Towers with Radar,177,5,4,8,194,0,167,21,2,190,177,172,25,10,384,52,0,52,436
04/05/2023,OGG,HI,AWP,WE,Towers with Radar,177,8,4,2,191,0,188,33,2,223,177,196,37,4,414,46,0,46,460
04/06/2023,OGG,HI,AWP,WE,Towers with Radar,189,15,4,2,210,0,169,23,1,193,189,184,27,3,403,14,0,14,417
04/07/2023,OGG,HI,AWP,WE,Towers with Radar,182,12,8,0,202,0,160,27,0,187,182,172,35,0,389,32,0,32,421
04/08/2023,OGG,HI,AWP,WE,Towers with Radar,183,11,10,0,204,0,121,31,0,152,183,132,41,0,356,36,0,36,392
04/09/2023,OGG,HI,AWP,WE,Towers with Radar,180,5,6,0,191,0,124,11,0,135,180,129,17,0,326,5,7,12,338
04/10/2023,OGG,HI,AWP,WE,Towers with Radar,184,8,6,6,204,0,159,31,0,190,184,167,37,6,394,20,0,20,414
04/11/2023,OGG,HI,AWP,WE,Towers with Radar,184,9,8,4,205,0,165,23,5,193,184,174,31,9,398,54,0,54,452
04/12/2023,OGG,HI,AWP,WE,Towers with Radar,172,13,9,2,196,0,173,21,0,194,172,186,30,2,390,54,0,54,444
04/13/2023,OGG,HI,AWP,WE,Towers with Radar,178,9,5,0,192,0,167,27,6,200,178,176,32,6,392,34,0,34,426
04/14/2023,OGG,HI,AWP,WE,Towers with Radar,187,9,2,1,199,0,177,46,2,225,187,186,48,3,424,62,0,62,486
04/15/2023,OGG,HI,AWP,WE,Towers with Radar,173,11,15,0,199,0,140,37,2,179,173,151,52,2,378,42,0,42,420
04/16/2023,OGG,HI,AWP,WE,Towers with Radar,179,11,6,0,196,0,127,21,0,148,179,138,27,0,344,22,0,22,366
04/17/2023,OGG,HI,AWP,WE,Towers with Radar,170,10,16,0,196,0,158,29,0,187,170,168,45,0,383,44,0,44,427
04/18/2023,OGG,HI,AWP,WE,Towers with Radar,170,15,7,1,193,0,166,29,2,197,170,181,36,3,390,16,0,16,406
04/19/2023,OGG,HI,AWP,WE,Towers with Radar,162,32,7,3,204,0,41,2,1,44,162,73,9,4,248,4,0,4,252
04/20/2023,OGG,HI,AWP,WE,Towers with Radar,179,16,6,1,202,0,132,30,0,162,179,148,36,1,364,22,0,22,386
04/21/2023,OGG,HI,AWP,WE,Towers with Radar,168,8,5,0,181,0,148,33,1,182,168,156,38,1,363,28,0,28,391
04/22/2023,OGG,HI,AWP,WE,Towers with Radar,180,13,5,0,198,0,138,26,4,168,180,151,31,4,366,68,0,68,434
04/23/2023,OGG,HI,AWP,WE,Towers with Radar,177,7,11,2,197,0,122,26,4,152,177,129,37,6,349,6,0,6,355
04/24/2023,OGG,HI,AWP,WE,Towers with Radar,173,11,5,5,194,0,188,22,2,212,173,199,27,7,406,26,0,26,432
04/25/2023,OGG,HI,AWP,WE,Towers with Radar,174,24,6,3,207,0,142,23,1,166,174,166,29,4,373,36,0,36,409
04/26/2023,OGG,HI,AWP,WE,Towers with Radar,171,13,2,3,189,0,98,31,0,129,171,111,33,3,318,24,0,24,342
04/27/2023,OGG,HI,AWP,WE,Towers with Radar,174,23,8,4,209,0,94,20,3,117,174,117,28,7,326,56,0,56,382
04/28/2023,OGG,HI,AWP,WE,Towers with Radar,171,12,5,1,189,0,153,21,0,174,171,165,26,1,363,54,0,54,417
04/29/2023,OGG,HI,AWP,WE,Towers with Radar,166,14,6,1,187,0,155,30,0,185,166,169,36,1,372,14,0,14,386
04/30/2023,OGG,HI,AWP,WE,Towers with Radar,160,9,4,0,173,0,129,27,0,156,160,138,31,0,329,16,0,16,345
05/01/2023,OGG,HI,AWP,WE,Towers with Radar,181,8,7,3,199,0,154,32,1,187,181,162,39,4,386,10,0,10,396
05/02/2023,OGG,HI,AWP,WE,Towers with Radar,171,11,3,1,186,0,171,28,2,201,171,182,31,3,387,48,0,48,435
05/03/2023,OGG,HI,AWP,WE,Towers with Radar,170,8,2,0,180,0,146,23,0,169,170,154,25,0,349,2,0,2,351
05/04/2023,OGG,HI,AWP,WE,Towers with Radar,169,5,4,4,182,0,165,26,1,192,169,170,30,5,374,48,0,48,422
05/05/2023,OGG,HI,AWP,WE,Towers with Radar,177,8,7,0,192,0,143,20,2,165,177,151,27,2,357,20,0,20,377
05/06/2023,OGG,HI,AWP,WE,Towers with Radar,178,10,2,2,192,0,122,21,1,144,178,132,23,3,336,46,0,46,382
05/07/2023,OGG,HI,AWP,WE,Towers with Radar,161,6,4,3,174,0,106,8,0,114,161,112,12,3,288,0,0,0,288
05/08/2023,OGG,HI,AWP,WE,Towers with Radar,172,12,5,1,190,0,178,24,2,204,172,190,29,3,394,67,0,67,461
05/09/2023,OGG,HI,AWP,WE,Towers with Radar,161,13,3,1,178,0,149,21,7,177,161,162,24,8,355,28,0,28,383
05/10/2023,OGG,HI,AWP,WE,Towers with Radar,174,7,8,2,191,0,170,17,0,187,174,177,25,2,378,36,0,36,414
05/11/2023,OGG,HI,AWP,WE,Towers with Radar,173,6,1,1,181,0,156,26,1,183,173,162,27,2,364,55,0,55,419
05/12/2023,OGG,HI,AWP,WE,Towers with Radar,145,12,2,0,159,0,159,27,2,188,145,171,29,2,347,28,0,28,375
05/13/2023,OGG,HI,AWP,WE,Towers with Radar,173,11,10,0,194,0,137,31,0,168,173,148,41,0,362,22,0,22,384
05/14/2023,OGG,HI,AWP,WE,Towers with Radar,164,10,5,2,181,0,112,27,0,139,164,122,32,2,320,0,0,0,320
05/15/2023,OGG,HI,AWP,WE,Towers with Radar,177,12,6,0,195,0,158,28,0,186,177,170,34,0,381,40,0,40,421
05/16/2023,OGG,HI,AWP,WE,Towers with Radar,157,10,3,1,171,0,162,41,3,206,157,172,44,4,377,30,0,30,407
05/17/2023,OGG,HI,AWP,WE,Towers with Radar,163,3,2,0,168,0,154,34,1,189,163,157,36,1,357,24,0,24,381
05/18/2023,OGG,HI,AWP,WE,Towers with Radar,150,11,7,5,173,0,140,28,0,168,150,151,35,5,341,32,0,32,373
05/19/2023,OGG,HI,AWP,WE,Towers with Radar,149,15,7,0,171,0,150,18,0,168,149,165,25,0,339,10,0,10,349
05/20/2023,OGG,HI,AWP,WE,Towers with Radar,157,5,3,0,165,0,158,36,0,194,157,163,39,0,359,30,0,30,389
05/21/2023,OGG,HI,AWP,WE,Towers with Radar,166,4,6,0,176,0,127,24,0,151,166,131,30,0,327,10,0,10,337
05/22/2023,OGG,HI,AWP,WE,Towers with Radar,169,11,11,0,191,0,159,34,0,193,169,170,45,0,384,16,0,16,400
05/23/2023,OGG,HI,AWP,WE,Towers with Radar,160,5,3,2,170,0,156,31,0,187,160,161,34,2,357,30,0,30,387
05/24/2023,OGG,HI,AWP,WE,Towers with Radar,167,11,6,2,186,0,170,42,0,212,167,181,48,2,398,10,0,10,408
05/25/2023,OGG,HI,AWP,WE,Towers with Radar,182,16,4,1,203,0,161,27,5,193,182,177,31,6,396,22,0,22,418
05/26/2023,OGG,HI,AWP,WE,Towers with Radar,179,14,8,0,201,0,175,27,0,202,179,189,35,0,403,8,0,8,411
05/27/2023,OGG,HI,AWP,WE,Towers with Radar,169,10,4,0,183,0,155,27,0,182,169,165,31,0,365,34,0,34,399
05/28/2023,OGG,HI,AWP,WE,Towers with Radar,170,5,7,0,182,0,139,30,0,169,170,144,37,0,351,36,0,36,387
05/29/2023,OGG,HI,AWP,WE,Towers with Radar,164,10,9,0,183,0,157,32,0,189,164,167,41,0,372,34,0,34,406
05/30/2023,OGG,HI,AWP,WE,Towers with Radar,158,22,6,2,188,0,155,34,0,189,158,177,40,2,377,20,0,20,397
05/31/2023,OGG,HI,AWP,WE,Towers with Radar,166,13,10,0,189,0,163,50,0,213,166,176,60,0,402,16,0,16,418
06/01/2023,OGG,HI,AWP,WE,Towers with Radar,180,21,2,0,203,0,152,38,0,190,180,173,40,0,393,34,0,34,427
06/02/2023,OGG,HI,AWP,WE,Towers with Radar,173,6,9,0,188,0,155,23,0,178,173,161,32,0,366,2,0,2,368
06/03/2023,OGG,HI,AWP,WE,Towers with Radar,184,11,9,2,206,0,140,28,1,169,184,151,37,3,375,44,0,44,419
06/04/2023,OGG,HI,AWP,WE,Towers with Radar,173,7,3,2,185,0,120,24,0,144,173,127,27,2,329,12,0,12,341
06/05/2023,OGG,HI,AWP,WE,Towers with Radar,180,9,5,2,196,0,168,40,0,208,180,177,45,2,404,33,0,33,437
06/06/2023,OGG,HI,AWP,WE,Towers with Radar,169,8,0,4,181,0,160,25,1,186,169,168,25,5,367,50,0,50,417
06/07/2023,OGG,HI,AWP,WE,Towers with Radar,173,8,0,0,181,0,173,28,0,201,173,181,28,0,382,46,0,46,428
06/08/2023,OGG,HI,AWP,WE,Towers with Radar,173,6,3,0,182,0,174,26,0,200,173,180,29,0,382,26,0,26,408
06/09/2023,OGG,HI,AWP,WE,Towers with Radar,184,11,2,0,197,0,179,30,0,209,184,190,32,0,406,53,0,53,459
06/10/2023,OGG,HI,AWP,WE,Towers with Radar,173,11,6,0,190,0,146,19,0,165,173,157,25,0,355,10,0,10,365
06/11/2023,OGG,HI,AWP,WE,Towers with Radar,163,8,5,0,176,0,128,18,0,146,163,136,23,0,322,6,0,6,328
06/12/2023,OGG,HI,AWP,WE,Towers with Radar,177,11,5,0,193,0,164,33,0,197,177,175,38,0,390,4,0,4,394
06/13/2023,OGG,HI,AWP,WE,Towers with Radar,172,8,2,0,182,0,166,22,2,190,172,174,24,2,372,40,0,40,412
06/14/2023,OGG,HI,AWP,WE,Towers with Radar,173,11,3,4,191,0,173,23,1,197,173,184,26,5,388,18,0,18,406
06/15/2023,OGG,HI,AWP,WE,Towers with Radar,169,5,4,2,180,0,183,35,0,218,169,188,39,2,398,54,0,54,452
06/16/2023,OGG,HI,AWP,WE,Towers with Radar,183,14,6,0,203,0,173,35,0,208,183,187,41,0,411,18,0,18,429
06/17/2023,OGG,HI,AWP,WE,Towers with Radar,186,6,9,0,201,0,150,16,0,166,186,156,25,0,367,57,0,57,424
06/18/2023,OGG,HI,AWP,WE,Towers with Radar,179,19,6,0,204,0,135,28,0,163,179,154,34,0,367,6,0,6,373
06/19/2023,OGG,HI,AWP,WE,Towers with Radar,186,10,7,0,203,0,187,37,0,224,186,197,44,0,427,43,0,43,470
06/20/2023,OGG,HI,AWP,WE,Towers with Radar,163,9,6,2,180,0,161,22,2,185,163,170,28,4,365,26,0,26,391
06/21/2023,OGG,HI,AWP,WE,Towers with Radar,177,7,7,0,191,0,160,43,0,203,177,167,50,0,394,45,0,45,439
06/22/2023,OGG,HI,AWP,WE,Towers with Radar,177,4,9,0,190,0,178,30,3,211,177,182,39,3,401,24,0,24,425
06/23/2023,OGG,HI,AWP,WE,Towers with Radar,168,13,6,1,188,0,170,23,3,196,168,183,29,4,384,8,0,8,392
06/24/2023,OGG,HI,AWP,WE,Towers with Radar,181,12,4,0,197,0,147,19,0,166,181,159,23,0,363,18,0,18,381
06/25/2023,OGG,HI,AWP,WE,Towers with Radar,163,9,5,0,177,0,128,6,0,134,163,137,11,0,311,30,0,30,341
06/26/2023,OGG,HI,AWP,WE,Towers with Radar,179,15,4,2,200,0,170,17,4,191,179,185,21,6,391,50,0,50,441
06/27/2023,OGG,HI,AWP,WE,Towers with Radar,170,6,4,5,185,0,170,28,3,201,170,176,32,8,386,46,0,46,432
06/28/2023,OGG,HI,AWP,WE,Towers with Radar,163,7,1,0,171,0,154,46,2,202,163,161,47,2,373,69,0,69,442
06/29/2023,OGG,HI,AWP,WE,Towers with Radar,183,7,7,4,201,0,174,37,0,211,183,181,44,4,412,65,0,65,477
06/30/2023,OGG,HI,AWP,WE,Towers with Radar,185,16,4,0,205,0,152,28,0,180,185,168,32,0,385,24,0,24,409
07/01/2023,OGG,HI,AWP,WE,Towers with Radar,183,10,10,0,203,0,145,45,0,190,183,155,55,0,393,46,0,46,439
07/02/2023,OGG,HI,AWP,WE,Towers with Radar,186,7,6,0,199,0,140,24,0,164,186,147,30,0,363,6,0,6,369
07/03/2023,OGG,HI,AWP,WE,Towers with Radar,187,6,6,0,199,0,157,22,0,179,187,163,28,0,378,62,0,62,440
07/04/2023,OGG,HI,AWP,WE,Towers with Radar,166,3,1,0,170,0,158,27,0,185,166,161,28,0,355,56,0,56,411
07/05/2023,OGG,HI,AWP,WE,Towers with Radar,176,7,6,0,189,0,172,31,4,207,176,179,37,4,396,82,0,82,478
07/06/2023,OGG,HI,AWP,WE,Towers with Radar,184,15,1,0,200,0,172,23,6,201,184,187,24,6,401,47,0,47,448
07/07/2023,OGG,HI,AWP,WE,Towers with Radar,164,15,3,0,182,0,136,40,0,176,164,151,43,0,358,38,0,38,396
07/08/2023,OGG,HI,AWP,WE,Towers with Radar,189,13,7,2,211,0,125,22,0,147,189,138,29,2,358,66,0,66,424
07/09/2023,OGG,HI,AWP,WE,Towers with Radar,179,6,7,0,192,0,130,34,1,165,179,136,41,1,357,17,0,17,374
07/10/2023,OGG,HI,AWP,WE,Towers with Radar,176,8,6,4,194,0,155,42,0,197,176,163,48,4,391,46,0,46,437
07/11/2023,OGG,HI,AWP,WE,Towers with Radar,182,5,3,1,191,0,168,44,1,213,182,173,47,2,404,30,0,30,434
07/12/2023,OGG,HI,AWP,WE,Towers with Radar,178,13,5,4,200,0,187,27,0,214,178,200,32,4,414,122,0,122,536
07/13/2023,OGG,HI,AWP,WE,Towers with Radar,183,8,3,0,194,0,176,28,2,206,183,184,31,2,400,48,0,48,448
07/14/2023,OGG,HI,AWP,WE,Towers with Radar,181,8,5,1,195,0,154,26,3,183,181,162,31,4,378,88,0,88,466
07/15/2023,OGG,HI,AWP,WE,Towers with Radar,177,7,3,0,187,0,148,29,0,177,177,155,32,0,364,6,0,6,370
07/16/2023,OGG,HI,AWP,WE,Towers with Radar,181,4,4,0,189,0,144,19,0,163,181,148,23,0,352,0,0,0,352
07/17/2023,OGG,HI,AWP,WE,Towers with Radar,166,13,9,0,188,0,153,28,0,181,166,166,37,0,369,40,0,40,409
07/18/2023,OGG,HI,AWP,WE,Towers with Radar,180,11,4,0,195,0,158,24,2,184,180,169,28,2,379,44,0,44,423
07/19/2023,OGG,HI,AWP,WE,Towers with Radar,178,30,5,0,213,0,21,2,1,24,178,51,7,1,237,2,0,2,239
07/20/2023,OGG,HI,AWP,WE,Towers with Radar,188,13,4,7,212,0,135,22,4,161,188,148,26,11,373,68,0,68,441
07/21/2023,OGG,HI,AWP,WE,Towers with Radar,164,8,7,5,184,0,167,23,2,192,164,175,30,7,376,58,0,58,434
07/22/2023,OGG,HI,AWP,WE,Towers with Radar,185,7,7,1,200,0,150,32,0,182,185,157,39,1,382,48,0,48,430
07/23/2023,OGG,HI,AWP,WE,Towers with Radar,177,4,6,0,187,0,140,21,0,161,177,144,27,0,348,16,0,16,364
07/24/2023,OGG,HI,AWP,WE,Towers with Radar,170,14,3,4,191,0,160,27,1,188,170,174,30,5,379,22,0,22,401
07/25/2023,OGG,HI,AWP,WE,Towers with Radar,187,9,11,5,212,0,171,30,5,206,187,180,41,10,418,32,0,32,450
07/26/2023,OGG,HI,AWP,WE,Towers with Radar,180,13,9,4,206,0,155,27,0,182,180,168,36,4,388,10,0,10,398
07/27/2023,OGG,HI,AWP,WE,Towers with Radar,179,10,6,2,197,0,179,44,0,223,179,189,50,2,420,62,0,62,482
07/28/2023,OGG,HI,AWP,WE,Towers with Radar,179,9,10,0,198,0,156,35,0,191,179,165,45,0,389,66,0,66,455
07/29/2023,OGG,HI,AWP,WE,Towers with Radar,183,6,7,3,199,0,146,37,1,184,183,152,44,4,383,14,0,14,397
07/30/2023,OGG,HI,AWP,WE,Towers with Radar,170,3,7,0,180,0,125,15,0,140,170,128,22,0,320,0,0,0,320
07/31/2023,OGG,HI,AWP,WE,Towers with Radar,167,9,11,3,190,0,166,28,1,195,167,175,39,4,385,46,0,46,431
08/01/2023,OGG,HI,AWP,WE,Towers with Radar,181,9,11,1,202,0,164,26,0,190,181,173,37,1,392,24,0,24,416
08/02/2023,OGG,HI,AWP,WE,Towers with Radar,182,8,5,4,199,0,171,24,2,197,182,179,29,6,396,18,0,18,414
08/03/2023,OGG,HI,AWP,WE,Towers with Radar,189,8,7,1,205,0,171,31,0,202,189,179,38,1,407,52,0,52,459
08/04/2023,OGG,HI,AWP,WE,Towers with Radar,173,9,5,1,188,0,158,28,0,186,173,167,33,1,374,42,0,42,416
08/05/2023,OGG,HI,AWP,WE,Towers with Radar,178,8,10,1,197,0,151,33,2,186,178,159,43,3,383,16,2,18,401
08/06/2023,OGG,HI,AWP,WE,Towers with Radar,175,4,10,1,190,0,139,21,1,161,175,143,31,2,351,10,0,10,361
08/07/2023,OGG,HI,AWP,WE,Towers with Radar,174,10,4,6,194,0,139,12,2,153,174,149,16,8,347,18,0,18,365
08/08/2023,OGG,HI,AWP,WE,Towers with Radar,176,11,4,0,191,0,104,7,2,113,176,115,11,2,304,15,0,15,319
08/09/2023,OGG,HI,AWP,WE,Towers with Radar,181,19,16,4,220,0,114,30,33,177,181,133,46,37,397,6,0,6,403
08/10/2023,OGG,HI,AWP,WE,Towers with Radar,201,17,20,1,239,0,186,29,18,233,201,203,49,19,472,20,1,21,493
08/11/2023,OGG,HI,AWP,WE,Towers with Radar,187,6,14,3,210,0,203,88,5,296,187,209,102,8,506,8,0,8,514
08/12/2023,OGG,HI,AWP,WE,Towers with Radar,186,8,11,2,207,0,134,106,3,243,186,142,117,5,450,18,0,18,468
08/13/2023,OGG,HI,AWP,WE,Towers with Radar,169,5,5,0,179,0,116,38,0,154,169,121,43,0,333,24,0,24,357
08/14/2023,OGG,HI,AWP,WE,Towers with Radar,172,13,9,11,205,0,99,69,2,170,172,112,78,13,375,0,0,0,375
08/15/2023,OGG,HI,AWP,WE,Towers with Radar,182,15,6,4,207,0,98,41,2,141,182,113,47,6,348,32,2,34,382
08/16/2023,OGG,HI,AWP,WE,Towers with Radar,167,8,11,2,188,0,93,34,9,136,167,101,45,11,324,8,0,8,332
08/17/2023,OGG,HI,AWP,WE,Towers with Radar,179,11,6,6,202,0,89,36,4,129,179,100,42,10,331,10,0,10,341
08/18/2023,OGG,HI,AWP,WE,Towers with Radar,190,9,2,0,201,0,87,22,0,109,190,96,24,0,310,44,0,44,354
08/19/2023,OGG,HI,AWP,WE,Towers with Radar,170,5,0,10,185,0,65,28,4,97,170,70,28,14,282,2,0,2,284
08/20/2023,OGG,HI,AWP,WE,Towers with Radar,180,1,4,7,192,0,69,20,0,89,180,70,24,7,281,6,0,6,287
08/21/2023,OGG,HI,AWP,WE,Towers with Radar,171,13,4,9,197,0,38,5,14,57,171,51,9,23,254,4,0,4,258
08/22/2023,OGG,HI,AWP,WE,Towers with Radar,177,7,3,2,189,0,83,21,3,107,177,90,24,5,296,30,0,30,326
08/23/2023,OGG,HI,AWP,WE,Towers with Radar,166,13,2,3,184,0,84,36,0,120,166,97,38,3,304,24,0,24,328
08/24/2023,OGG,HI,AWP,WE,Towers with Radar,177,12,6,10,205,0,90,20,1,111,177,102,26,11,316,38,0,38,354
08/25/2023,OGG,HI,AWP,WE,Towers with Radar,166,6,3,0,175,0,82,33,0,115,166,88,36,0,290,26,0,26,316
08/26/2023,OGG,HI,AWP,WE,Towers with Radar,172,5,2,2,181,0,70,18,6,94,172,75,20,8,275,16,0,16,291
08/27/2023,OGG,HI,AWP,WE,Towers with Radar,171,1,2,4,178,0,70,15,0,85,171,71,17,4,263,4,0,4,267
08/28/2023,OGG,HI,AWP,WE,Towers with Radar,168,12,4,8,192,0,68,40,3,111,168,80,44,11,303,22,0,22,325
08/29/2023,OGG,HI,AWP,WE,Towers with Radar,171,10,2,1,184,0,74,35,0,109,171,84,37,1,293,26,0,26,319
08/30/2023,OGG,HI,AWP,WE,Towers with Radar,167,7,0,3,177,0,78,15,1,94,167,85,15,4,271,32,0,32,303
08/31/2023,OGG,HI,AWP,WE,Towers with Radar,176,8,3,2,189,0,73,10,2,85,176,81,13,4,274,12,0,12,286
01/01/2020,OGG,HI,AWP,WE,Towers with Radar,181,30,18,0,229,0,162,23,0,185,181,192,41,0,414,36,0,36,450
01/02/2020,OGG,HI,AWP,WE,Towers with Radar,180,35,26,3,244,0,201,32,1,234,180,236,58,4,478,18,0,18,496
01/03/2020,OGG,HI,AWP,WE,Towers with Radar,183,50,26,0,259,0,98,19,4,121,183,148,45,4,380,38,0,38,418
01/04/2020,OGG,HI,AWP,WE,Towers with Radar,181,30,31,2,244,0,144,16,0,160,181,174,47,2,404,26,0,26,430
01/05/2020,OGG,HI,AWP,WE,Towers with Radar,181,24,26,0,231,0,143,28,1,172,181,167,54,1,403,8,0,8,411
01/06/2020,OGG,HI,AWP,WE,Towers with Radar,169,26,10,0,205,0,157,20,0,177,169,183,30,0,382,34,0,34,416
01/07/2020,OGG,HI,AWP,WE,Towers with Radar,162,30,4,0,196,0,126,8,2,136,162,156,12,2,332,26,0,26,358
01/08/2020,OGG,HI,AWP,WE,Towers with Radar,163,24,9,2,198,0,149,6,3,158,163,173,15,5,356,16,0,16,372
01/09/2020,OGG,HI,AWP,WE,Towers with Radar,165,36,17,5,223,0,85,16,1,102,165,121,33,6,325,20,2,22,347
01/10/2020,OGG,HI,AWP,WE,Towers with Radar,169,33,12,0,214,0,102,7,3,112,169,135,19,3,326,2,0,2,328
01/11/2020,OGG,HI,AWP,WE,Towers with Radar,169,38,8,4,219,0,55,14,4,73,169,93,22,8,292,26,2,28,320
01/12/2020,OGG,HI,AWP,WE,Towers with Radar,163,60,9,3,235,0,29,0,2,31,163,89,9,5,266,8,0,8,274
01/13/2020,OGG,HI,AWP,WE,Towers with Radar,151,39,8,0,198,0,147,19,0,166,151,186,27,0,364,16,0,16,380
01/14/2020,OGG,HI,AWP,WE,Towers with Radar,149,26,8,4,187,0,161,12,4,177,149,187,20,8,364,20,0,20,384
01/15/2020,OGG,HI,AWP,WE,Towers with Radar,149,17,2,10,178,0,137,25,3,165,149,154,27,13,343,44,0,44,387
01/16/2020,OGG,HI,AWP,WE,Towers with Radar,165,28,3,2,198,0,98,26,0,124,165,126,29,2,322,63,0,63,385
01/17/2020,OGG,HI,AWP,WE,Towers with Radar,164,50,8,1,223,0,115,16,0,131,164,165,24,1,354,48,0,48,402
01/18/2020,OGG,HI,AWP,WE,Towers with Radar,162,30,9,2,203,0,134,28,7,169,162,164,37,9,372,6,0,6,378
01/19/2020,OGG,HI,AWP,WE,Towers with Radar,158,30,5,0,193,0,149,21,0,170,158,179,26,0,363,28,0,28,391
01/20/2020,OGG,HI,AWP,WE,Towers with Radar,144,17,8,0,169,0,154,32,0,186,144,171,40,0,355,14,0,14,369
01/21/2020,OGG,HI,AWP,WE,Towers with Radar,162,18,6,0,186,0,173,27,0,200,162,191,33,0,386,56,0,56,442
01/22/2020,OGG,HI,AWP,WE,Towers with Radar,157,18,2,4,181,0,179,48,3,230,157,197,50,7,411,42,0,42,453
01/23/2020,OGG,HI,AWP,WE,Towers with Radar,167,26,3,4,200,0,175,37,2,214,167,201,40,6,414,16,0,16,430
01/24/2020,OGG,HI,AWP,WE,Towers with Radar,164,22,7,7,200,0,148,41,3,192,164,170,48,10,392,46,0,46,438
01/25/2020,OGG,HI,AWP,WE,Towers with Radar,164,18,5,0,187,0,132,27,0,159,164,150,32,0,346,24,0,24,370
01/26/2020,OGG,HI,AWP,WE,Towers with Radar,162,13,7,0,182,0,130,20,5,155,162,143,27,5,337,2,0,2,339
01/27/2020,OGG,HI,AWP,WE,Towers with Radar,181,29,6,3,219,0,124,24,1,149,181,153,30,4,368,32,0,32,400
01/28/2020,OGG,HI,AWP,WE,Towers with Radar,154,15,7,0,176,0,170,27,2,199,154,185,34,2,375,8,0,8,383
01/29/2020,OGG,HI,AWP,WE,Towers with Radar,162,11,2,5,180,0,129,21,2,152,162,140,23,7,332,32,0,32,364
01/30/2020,OGG,HI,AWP,WE,Towers with Radar,164,16,3,7,190,0,128,28,3,159,164,144,31,10,349,84,0,84,433
01/31/2020,OGG,HI,AWP,WE,Towers with Radar,163,20,0,0,183,0,123,29,0,152,163,143,29,0,335,66,0,66,401
02/01/2020,OGG,HI,AWP,WE,Towers with Radar,156,21,4,0,181,0,112,31,0,143,156,133,35,0,324,16,0,16,340
02/02/2020,OGG,HI,AWP,WE,Towers with Radar,164,18,10,0,192,0,110,28,0,138,164,128,38,0,330,10,0,10,340
02/03/2020,OGG,HI,AWP,WE,Towers with Radar,161,13,7,0,181,0,161,34,2,197,161,174,41,2,378,30,0,30,408
02/04/2020,OGG,HI,AWP,WE,Towers with Radar,167,20,4,0,191,0,156,24,2,182,167,176,28,2,373,54,0,54,427
02/05/2020,OGG,HI,AWP,WE,Towers with Radar,152,21,8,6,187,0,167,18,6,191,152,188,26,12,378,59,0,59,437
02/06/2020,OGG,HI,AWP,WE,Towers with Radar,162,65,11,5,243,0,50,9,8,67,162,115,20,13,310,30,0,30,340
02/07/2020,OGG,HI,AWP,WE,Towers with Radar,174,25,1,2,202,0,136,24,4,164,174,161,25,6,366,26,0,26,392
02/08/2020,OGG,HI,AWP,WE,Towers with Radar,177,15,9,2,203,0,142,15,5,162,177,157,24,7,365,2,0,2,367
02/09/2020,OGG,HI,AWP,WE,Towers with Radar,149,14,8,4,175,0,122,7,0,129,149,136,15,4,304,51,0,51,355
02/10/2020,OGG,HI,AWP,WE,Towers with Radar,146,50,1,0,197,0,89,3,0,92,146,139,4,0,289,32,0,32,321
02/11/2020,OGG,HI,AWP,WE,Towers with Radar,159,32,10,0,201,0,151,17,2,170,159,183,27,2,371,64,0,64,435
02/12/2020,OGG,HI,AWP,WE,Towers with Radar,159,17,14,0,190,0,145,34,0,179,159,162,48,0,369,64,0,64,433
02/13/2020,OGG,HI,AWP,WE,Towers with Radar,166,28,6,7,207,0,152,41,2,195,166,180,47,9,402,32,0,32,434
02/14/2020,OGG,HI,AWP,WE,Towers with Radar,164,20,5,0,189,0,163,31,0,194,164,183,36,0,383,19,0,19,402
02/15/2020,OGG,HI,AWP,WE,Towers with Radar,156,16,13,1,186,0,127,30,1,158,156,143,43,2,344,50,0,50,394
02/16/2020,OGG,HI,AWP,WE,Towers with Radar,151,18,12,0,181,0,120,20,0,140,151,138,32,0,321,25,0,25,346
02/17/2020,OGG,HI,AWP,WE,Towers with Radar,162,13,6,1,182,0,163,32,1,196,162,176,38,2,378,26,0,26,404
02/18/2020,OGG,HI,AWP,WE,Towers with Radar,155,25,3,2,185,0,176,21,0,197,155,201,24,2,382,10,0,10,392
02/19/2020,OGG,HI,AWP,WE,Towers with Radar,155,25,9,2,191,0,128,16,3,147,155,153,25,5,338,64,0,64,402
02/20/2020,OGG,HI,AWP,WE,Towers with Radar,158,25,7,0,190,0,142,18,2,162,158,167,25,2,352,34,0,34,386
02/21/2020,OGG,HI,AWP,WE,Towers with Radar,173,20,9,5,207,0,116,25,1,142,173,136,34,6,349,15,0,15,364
02/22/2020,OGG,HI,AWP,WE,Towers with Radar,178,15,11,0,204,0,122,21,1,144,178,137,32,1,348,34,0,34,382
02/23/2020,OGG,HI,AWP,WE,Towers with Radar,154,28,6,0,188,0,133,54,0,187,154,161,60,0,375,28,0,28,403
02/24/2020,OGG,HI,AWP,WE,Towers with Radar,151,23,4,2,180,0,168,37,0,205,151,191,41,2,385,41,0,41,426
02/25/2020,OGG,HI,AWP,WE,Towers with Radar,158,36,4,0,198,0,185,39,0,224,158,221,43,0,422,14,0,14,436
02/26/2020,OGG,HI,AWP,WE,Towers with Radar,152,26,6,4,188,0,196,22,7,225,152,222,28,11,413,14,0,14,427
02/27/2020,OGG,HI,AWP,WE,Towers with Radar,175,32,8,9,224,0,199,29,1,229,175,231,37,10,453,45,0,45,498
02/28/2020,OGG,HI,AWP,WE,Towers with Radar,161,25,4,0,190,0,169,19,2,190,161,194,23,2,380,18,0,18,398
02/29/2020,OGG,HI,AWP,WE,Towers with Radar,167,24,6,0,197,0,95,21,1,117,167,119,27,1,314,16,0,16,330
03/01/2020,OGG,HI,AWP,WE,Towers with Radar,163,16,7,0,186,0,94,8,0,102,163,110,15,0,288,18,0,18,306
03/02/2020,OGG,HI,AWP,WE,Towers with Radar,160,19,8,0,187,0,123,44,1,168,160,142,52,1,355,66,0,66,421
03/03/2020,OGG,HI,AWP,WE,Towers with Radar,154,26,8,9,197,0,170,40,5,215,154,196,48,14,412,32,0,32,444
03/04/2020,OGG,HI,AWP,WE,Towers with Radar,157,26,10,5,198,0,137,34,4,175,157,163,44,9,373,30,0,30,403
03/05/2020,OGG,HI,AWP,WE,Towers with Radar,177,10,4,0,191,0,146,47,2,195,177,156,51,2,386,30,0,30,416
03/06/2020,OGG,HI,AWP,WE,Towers with Radar,164,22,9,0,195,0,111,32,0,143,164,133,41,0,338,60,0,60,398
03/07/2020,OGG,HI,AWP,WE,Towers with Radar,179,28,5,2,214,0,94,14,2,110,179,122,19,4,324,18,0,18,342
03/08/2020,OGG,HI,AWP,WE,Towers with Radar,176,11,6,3,196,0,114,21,1,136,176,125,27,4,332,26,0,26,358
03/09/2020,OGG,HI,AWP,WE,Towers with Radar,142,24,9,6,181,0,130,27,0,157,142,154,36,6,338,50,0,50,388
03/10/2020,OGG,HI,AWP,WE,Towers with Radar,156,17,6,2,181,0,153,46,2,201,156,170,52,4,382,54,0,54,436
03/11/2020,OGG,HI,AWP,WE,Towers with Radar,165,24,8,7,204,0,143,38,1,182,165,167,46,8,386,48,0,48,434
03/12/2020,OGG,HI,AWP,WE,Towers with Radar,170,17,9,3,199,0,165,28,4,197,170,182,37,7,396,99,0,99,495
03/13/2020,OGG,HI,AWP,WE,Towers with Radar,168,40,9,0,217,0,112,18,2,132,168,152,27,2,349,54,0,54,403
03/14/2020,OGG,HI,AWP,WE,Towers with Radar,177,28,5,0,210,0,105,11,0,116,177,133,16,0,326,70,0,70,396
03/15/2020,OGG,HI,AWP,WE,Towers with Radar,174,26,12,0,212,0,115,5,0,120,174,141,17,0,332,98,0,98,430
03/16/2020,OGG,HI,AWP,WE,Towers with Radar,146,27,15,0,188,0,112,12,0,124,146,139,27,0,312,62,0,62,374
03/17/2020,OGG,HI,AWP,WE,Towers with Radar,161,45,5,0,211,0,73,11,0,84,161,118,16,0,295,6,0,6,301
03/18/2020,OGG,HI,AWP,WE,Towers with Radar,168,26,15,5,214,0,135,28,0,163,168,161,43,5,377,60,2,62,439
03/19/2020,OGG,HI,AWP,WE,Towers with Radar,162,24,12,1,199,0,122,24,1,147,162,146,36,2,346,48,0,48,394
03/20/2020,OGG,HI,AWP,WE,Towers with Radar,176,16,10,0,202,0,72,18,2,92,176,88,28,2,294,54,0,54,348
03/21/2020,OGG,HI,AWP,WE,Towers with Radar,180,16,6,0,202,0,51,19,0,70,180,67,25,0,272,16,0,16,288
03/22/2020,OGG,HI,AWP,WE,Towers with Radar,170,12,3,4,189,0,48,12,0,60,170,60,15,4,249,50,0,50,299
03/23/2020,OGG,HI,AWP,WE,Towers with Radar,149,21,3,0,173,0,55,17,0,72,149,76,20,0,245,48,0,48,293
03/24/2020,OGG,HI,AWP,WE,Towers with Radar,129,19,8,7,163,0,48,14,5,67,129,67,22,12,230,72,0,72,302
03/25/2020,OGG,HI,AWP,WE,Towers with Radar,121,18,8,0,147,0,29,5,2,36,121,47,13,2,183,20,0,20,203
03/26/2020,OGG,HI,AWP,WE,Towers with Radar,96,19,2,2,119,0,35,10,0,45,96,54,12,2,164,32,0,32,196
03/27/2020,OGG,HI,AWP,WE,Towers with Radar,69,13,6,0,88,0,43,12,1,56,69,56,18,1,144,83,0,83,227
03/28/2020,OGG,HI,AWP,WE,Towers with Radar,60,7,1,0,68,0,26,11,1,38,60,33,12,1,106,14,0,14,120
03/29/2020,OGG,HI,AWP,WE,Towers with Radar,60,6,5,0,71,0,24,5,0,29,60,30,10,0,100,0,0,0,100
03/30/2020,OGG,HI,AWP,WE,Towers with Radar,49,10,4,0,63,0,41,23,1,65,49,51,27,1,128,36,0,36,164
03/31/2020,OGG,HI,AWP,WE,Towers with Radar,49,16,2,0,67,0,25,17,4,46,49,41,19,4,113,64,0,64,177
04/01/2020,OGG,HI,AWP,WE,Towers with Radar,36,10,1,0,47,0,31,27,0,58,36,41,28,0,105,66,0,66,171
04/02/2020,OGG,HI,AWP,WE,Towers with Radar,36,5,2,0,43,0,35,26,0,61,36,40,28,0,104,51,0,51,155
04/03/2020,OGG,HI,AWP,WE,Towers with Radar,37,4,4,0,45,0,30,29,0,59,37,34,33,0,104,38,0,38,142
04/04/2020,OGG,HI,AWP,WE,Towers with Radar,26,5,1,1,33,0,21,22,1,44,26,26,23,2,77,26,0,26,103
04/05/2020,OGG,HI,AWP,WE,Towers with Radar,29,0,0,0,29,0,13,4,0,17,29,13,4,0,46,14,0,14,60
04/06/2020,OGG,HI,AWP,WE,Towers with Radar,20,18,4,0,42,0,23,20,0,43,20,41,24,0,85,14,0,14,99
04/07/2020,OGG,HI,AWP,WE,Towers with Radar,20,7,0,8,35,0,19,11,4,34,20,26,11,12,69,30,16,46,115
04/08/2020,OGG,HI,AWP,WE,Towers with Radar,24,13,2,4,43,0,29,32,2,63,24,42,34,6,106,14,0,14,120
04/09/2020,OGG,HI,AWP,WE,Towers with Radar,21,8,4,0,33,0,22,16,4,42,21,30,20,4,75,38,0,38,113
04/10/2020,OGG,HI,AWP,WE,Towers with Radar,22,10,3,0,35,0,34,13,3,50,22,44,16,3,85,46,0,46,131
04/11/2020,OGG,HI,AWP,WE,Towers with Radar,16,3,2,0,21,0,21,4,0,25,16,24,6,0,46,20,0,20,66
04/12/2020,OGG,HI,AWP,WE,Towers with Radar,17,4,0,0,21,0,6,1,0,7,17,10,1,0,28,6,0,6,34
04/13/2020,OGG,HI,AWP,WE,Towers with Radar,16,14,3,0,33,0,23,18,0,41,16,37,21,0,74,94,0,94,168
04/14/2020,OGG,HI,AWP,WE,Towers with Radar,23,5,6,0,34,0,24,14,2,40,23,29,20,2,74,10,0,10,84
04/15/2020,OGG,HI,AWP,WE,Towers with Radar,18,6,1,0,25,0,23,21,0,44,18,29,22,0,69,55,1,56,125
04/16/2020,OGG,HI,AWP,WE,Towers with Radar,18,6,2,0,26,0,25,23,0,48,18,31,25,0,74,38,0,38,112
04/17/2020,OGG,HI,AWP,WE,Towers with Radar,18,10,7,6,41,0,24,21,12,57,18,34,28,18,98,46,10,56,154
04/18/2020,OGG,HI,AWP,WE,Towers with Radar,15,5,1,0,21,0,15,21,8,44,15,20,22,8,65,34,0,34,99
04/19/2020,OGG,HI,AWP,WE,Towers with Radar,16,2,5,0,23,0,21,15,0,36,16,23,20,0,59,21,0,21,80
04/20/2020,OGG,HI,AWP,WE,Towers with Radar,14,6,3,13,36,0,25,27,2,54,14,31,30,15,90,92,0,92,182
04/21/2020,OGG,HI,AWP,WE,Towers with Radar,19,5,6,7,37,0,17,24,2,43,19,22,30,9,80,52,10,62,142
04/22/2020,OGG,HI,AWP,WE,Towers with Radar,18,9,2,1,30,0,25,12,2,39,18,34,14,3,69,101,0,101,170
04/23/2020,OGG,HI,AWP,WE,Towers with Radar,19,6,2,2,29,0,20,12,7,39,19,26,14,9,68,30,0,30,98
04/24/2020,OGG,HI,AWP,WE,Towers with Radar,17,7,8,0,32,0,23,14,0,37,17,30,22,0,69,22,0,22,91
04/25/2020,OGG,HI,AWP,WE,Towers with Radar,20,3,3,0,26,0,21,19,1,41,20,24,22,1,67,60,0,60,127
04/26/2020,OGG,HI,AWP,WE,Towers with Radar,17,8,5,0,30,0,19,8,3,30,17,27,13,3,60,10,0,10,70
04/27/2020,OGG,HI,AWP,WE,Towers with Radar,22,4,6,1,33,0,24,21,4,49,22,28,27,5,82,84,0,84,166
04/28/2020,OGG,HI,AWP,WE,Towers with Radar,17,5,4,6,32,0,22,19,2,43,17,27,23,8,75,56,0,56,131
04/29/2020,OGG,HI,AWP,WE,Towers with Radar,17,6,7,0,30,0,27,13,6,46,17,33,20,6,76,18,0,18,94
04/30/2020,OGG,HI,AWP,WE,Towers with Radar,19,4,5,1,29,0,21,18,4,43,19,25,23,5,72,22,0,22,94
05/01/2020,OGG,HI,AWP,WE,Towers with Radar,21,9,4,6,40,0,26,15,0,41,21,35,19,6,81,85,0,85,166
05/02/2020,OGG,HI,AWP,WE,Towers with Radar,14,2,2,0,18,0,14,2,0,16,14,16,4,0,34,42,0,42,76
05/03/2020,OGG,HI,AWP,WE,Towers with Radar,17,7,2,0,26,0,12,19,0,31,17,19,21,0,57,22,0,22,79
05/04/2020,OGG,HI,AWP,WE,Towers with Radar,23,11,5,6,45,0,29,12,4,45,23,40,17,10,90,60,0,60,150
05/05/2020,OGG,HI,AWP,WE,Towers with Radar,19,4,2,6,31,0,21,24,8,53,19,25,26,14,84,21,4,25,109
05/06/2020,OGG,HI,AWP,WE,Towers with Radar,22,7,5,0,34,0,34,26,0,60,22,41,31,0,94,44,0,44,138
05/07/2020,OGG,HI,AWP,WE,Towers with Radar,19,6,10,0,35,0,26,18,4,48,19,32,28,4,83,48,0,48,131
05/08/2020,OGG,HI,AWP,WE,Towers with Radar,19,4,10,0,33,0,18,11,3,32,19,22,21,3,65,0,0,0,65
05/09/2020,OGG,HI,AWP,WE,Towers with Radar,16,10,4,1,31,0,18,19,1,38,16,28,23,2,69,4,0,4,73
05/10/2020,OGG,HI,AWP,WE,Towers with Radar,21,4,5,0,30,0,25,12,1,38,21,29,17,1,68,10,4,14,82
05/11/2020,OGG,HI,AWP,WE,Towers with Radar,23,12,5,0,40,0,35,23,0,58,23,47,28,0,98,60,0,60,158
05/12/2020,OGG,HI,AWP,WE,Towers with Radar,15,5,5,4,29,0,26,12,0,38,15,31,17,4,67,62,0,62,129
05/13/2020,OGG,HI,AWP,WE,Towers with Radar,20,3,2,0,25,0,29,25,6,60,20,32,27,6,85,20,0,20,105
05/14/2020,OGG,HI,AWP,WE,Towers with Radar,18,7,7,5,37,0,20,23,3,46,18,27,30,8,83,120,36,156,239
05/15/2020,OGG,HI,AWP,WE,Towers with Radar,25,8,6,3,42,0,18,29,2,49,25,26,35,5,91,52,4,56,147
05/16/2020,OGG,HI,AWP,WE,Towers with Radar,17,4,3,0,24,0,23,20,0,43,17,27,23,0,67,76,0,76,143
05/17/2020,OGG,HI,AWP,WE,Towers with Radar,21,1,1,2,25,1,21,20,2,44,22,22,21,4,69,16,4,20,89
05/18/2020,OGG,HI,AWP,WE,Towers with Radar,22,9,2,2,35,0,27,7,1,35,22,36,9,3,70,70,0,70,140
05/19/2020,OGG,HI,AWP,WE,Towers with Radar,19,5,6,2,32,0,29,23,2,54,19,34,29,4,86,66,0,66,152
05/20/2020,OGG,HI,AWP,WE,Towers with Radar,22,4,2,3,31,0,33,19,5,57,22,37,21,8,88,86,0,86,174
05/21/2020,OGG,HI,AWP,WE,Towers with Radar,19,6,1,4,30,0,27,30,0,57,19,33,31,4,87,160,0,160,247
05/22/2020,OGG,HI,AWP,WE,Towers with Radar,24,6,7,2,39,0,29,16,3,48,24,35,23,5,87,34,0,34,121
05/23/2020,OGG,HI,AWP,WE,Towers with Radar,21,5,4,0,30,0,24,31,0,55,21,29,35,0,85,44,0,44,129
05/24/2020,OGG,HI,AWP,WE,Towers with Radar,21,1,1,0,23,0,16,14,0,30,21,17,15,0,53,20,0,20,73
05/25/2020,OGG,HI,AWP,WE,Towers with Radar,17,3,1,0,21,0,28,33,3,64,17,31,34,3,85,50,0,50,135
05/26/2020,OGG,HI,AWP,WE,Towers with Radar,24,6,6,2,38,0,26,36,3,65,24,32,42,5,103,16,0,16,119
05/27/2020,OGG,HI,AWP,WE,Towers with Radar,19,12,12,2,45,0,28,24,0,52,19,40,36,2,97,46,0,46,143
05/28/2020,OGG,HI,AWP,WE,Towers with Radar,21,7,1,2,31,0,26,21,8,55,21,33,22,10,86,46,0,46,132
05/29/2020,OGG,HI,AWP,WE,Towers with Radar,21,9,4,0,34,0,37,34,0,71,21,46,38,0,105,136,0,136,241
05/30/2020,OGG,HI,AWP,WE,Towers with Radar,16,6,5,3,30,0,26,30,0,56,16,32,35,3,86,13,0,13,99
05/31/2020,OGG,HI,AWP,WE,Towers with Radar,19,2,5,0,26,0,16,11,0,27,19,18,16,0,53,24,0,24,77
06/01/2020,OGG,HI,AWP,WE,Towers with Radar,26,9,2,0,37,0,39,21,0,60,26,48,23,0,97,66,0,66,163
06/02/2020,OGG,HI,AWP,WE,Towers with Radar,20,14,7,0,41,0,41,17,3,61,20,55,24,3,102,14,0,14,116
06/03/2020,OGG,HI,AWP,WE,Towers with Radar,22,9,8,5,44,0,33,25,0,58,22,42,33,5,102,14,0,14,116
06/04/2020,OGG,HI,AWP,WE,Towers with Radar,25,8,4,6,43,0,42,24,2,68,25,50,28,8,111,54,0,54,165
06/05/2020,OGG,HI,AWP,WE,Towers with Radar,29,8,4,2,43,0,43,37,2,82,29,51,41,4,125,22,0,22,147
06/06/2020,OGG,HI,AWP,WE,Towers with Radar,21,5,6,1,33,0,16,12,3,31,21,21,18,4,64,22,0,22,86
06/07/2020,OGG,HI,AWP,WE,Towers with Radar,27,1,1,1,30,0,26,19,1,46,27,27,20,2,76,4,0,4,80
06/08/2020,OGG,HI,AWP,WE,Towers with Radar,26,6,3,2,37,0,44,29,3,76,26,50,32,5,113,12,0,12,125
06/09/2020,OGG,HI,AWP,WE,Towers with Radar,28,7,2,9,46,0,41,16,0,57,28,48,18,9,103,10,0,10,113
06/10/2020,OGG,HI,AWP,WE,Towers with Radar,27,9,1,0,37,0,36,18,3,57,27,45,19,3,94,6,0,6,100
06/11/2020,OGG,HI,AWP,WE,Towers with Radar,24,3,3,4,34,0,44,15,2,61,24,47,18,6,95,18,0,18,113
06/12/2020,OGG,HI,AWP,WE,Towers with Radar,28,6,1,2,37,0,37,13,3,53,28,43,14,5,90,4,0,4,94
06/13/2020,OGG,HI,AWP,WE,Towers with Radar,23,9,3,1,36,0,22,8,1,31,23,31,11,2,67,60,0,60,127
06/14/2020,OGG,HI,AWP,WE,Towers with Radar,26,4,5,0,35,0,22,16,0,38,26,26,21,0,73,38,0,38,111
06/15/2020,OGG,HI,AWP,WE,Towers with Radar,27,8,4,0,39,0,48,29,0,77,27,56,33,0,116,70,0,70,186
06/16/2020,OGG,HI,AWP,WE,Towers with Radar,30,10,6,9,55,0,47,23,1,71,30,57,29,10,126,38,0,38,164
06/17/2020,OGG,HI,AWP,WE,Towers with Radar,27,8,5,4,44,0,45,31,4,80,27,53,36,8,124,42,0,42,166
06/18/2020,OGG,HI,AWP,WE,Towers with Radar,30,7,2,4,43,0,46,19,0,65,30,53,21,4,108,10,0,10,118
06/19/2020,OGG,HI,AWP,WE,Towers with Radar,32,8,4,4,48,0,48,23,4,75,32,56,27,8,123,12,0,12,135
06/20/2020,OGG,HI,AWP,WE,Towers with Radar,30,9,7,1,47,0,28,27,1,56,30,37,34,2,103,14,0,14,117
06/21/2020,OGG,HI,AWP,WE,Towers with Radar,31,3,0,0,34,0,45,12,0,57,31,48,12,0,91,20,0,20,111
06/22/2020,OGG,HI,AWP,WE,Towers with Radar,35,14,4,3,56,0,56,31,1,88,35,70,35,4,144,34,0,34,178
06/23/2020,OGG,HI,AWP,WE,Towers with Radar,33,5,1,1,40,0,55,20,4,79,33,60,21,5,119,32,0,32,151
06/24/2020,OGG,HI,AWP,WE,Towers with Radar,30,6,4,0,40,0,48,28,7,83,30,54,32,7,123,2,0,2,125
06/25/2020,OGG,HI,AWP,WE,Towers with Radar,32,10,4,6,52,0,59,21,2,82,32,69,25,8,134,28,0,28,162
06/26/2020,OGG,HI,AWP,WE,Towers with Radar,31,5,1,1,38,0,66,30,2,98,31,71,31,3,136,30,0,30,166
06/27/2020,OGG,HI,AWP,WE,Towers with Radar,28,7,3,1,39,0,37,20,1,58,28,44,23,2,97,10,0,10,107
06/28/2020,OGG,HI,AWP,WE,Towers with Radar,37,3,4,0,44,0,42,20,0,62,37,45,24,0,106,10,0,10,116
06/29/2020,OGG,HI,AWP,WE,Towers with Radar,40,7,3,6,56,0,54,32,2,88,40,61,35,8,144,30,0,30,174
06/30/2020,OGG,HI,AWP,WE,Towers with Radar,38,11,7,0,56,0,59,20,0,79,38,70,27,0,135,20,0,20,155
07/01/2020,OGG,HI,AWP,WE,Towers with Radar,40,3,2,3,48,0,46,16,4,66,40,49,18,7,114,6,0,6,120
07/02/2020,OGG,HI,AWP,WE,Towers with Radar,54,8,0,0,62,0,56,21,0,77,54,64,21,0,139,16,0,16,155
07/03/2020,OGG,HI,AWP,WE,Towers with Radar,47,19,5,0,71,0,44,20,0,64,47,63,25,0,135,56,0,56,191
07/04/2020,OGG,HI,AWP,WE,Towers with Radar,34,2,0,0,36,0,33,21,0,54,34,35,21,0,90,65,0,65,155
07/05/2020,OGG,HI,AWP,WE,Towers with Radar,41,2,6,0,49,0,58,13,1,72,41,60,19,1,121,8,0,8,129
07/06/2020,OGG,HI,AWP,WE,Towers with Radar,48,8,5,1,62,0,70,18,2,90,48,78,23,3,152,24,0,24,176
07/07/2020,OGG,HI,AWP,WE,Towers with Radar,49,7,3,2,61,0,57,17,2,76,49,64,20,4,137,50,0,50,187
07/08/2020,OGG,HI,AWP,WE,Towers with Radar,39,7,3,1,50,0,66,17,5,88,39,73,20,6,138,74,0,74,212
07/09/2020,OGG,HI,AWP,WE,Towers with Radar,54,16,3,1,74,0,59,13,1,73,54,75,16,2,147,20,0,20,167
07/10/2020,OGG,HI,AWP,WE,Towers with Radar,45,16,10,4,75,0,61,26,5,92,45,77,36,9,167,38,0,38,205
07/11/2020,OGG,HI,AWP,WE,Towers with Radar,38,2,2,1,43,0,45,20,2,67,38,47,22,3,110,8,0,8,118
07/12/2020,OGG,HI,AWP,WE,Towers with Radar,48,3,1,6,58,0,41,23,0,64,48,44,24,6,122,14,2,16,138
07/13/2020,OGG,HI,AWP,WE,Towers with Radar,47,15,0,2,64,0,52,24,0,76,47,67,24,2,140,12,0,12,152
07/14/2020,OGG,HI,AWP,WE,Towers with Radar,47,8,7,1,63,0,48,9,1,58,47,56,16,2,121,38,0,38,159
07/15/2020,OGG,HI,AWP,WE,Towers with Radar,51,13,13,8,85,0,57,16,2,75,51,70,29,10,160,24,0,24,184
07/16/2020,OGG,HI,AWP,WE,Towers with Radar,54,7,1,4,66,0,57,29,2,88,54,64,30,6,154,30,0,30,184
07/17/2020,OGG,HI,AWP,WE,Towers with Radar,53,12,5,1,71,0,56,28,3,87,53,68,33,4,158,32,0,32,190
07/18/2020,OGG,HI,AWP,WE,Towers with Radar,47,5,0,0,52,0,34,31,3,68,47,39,31,3,120,6,0,6,126
07/19/2020,OGG,HI,AWP,WE,Towers with Radar,51,2,1,0,54,0,44,14,0,58,51,46,15,0,112,36,0,36,148
07/20/2020,OGG,HI,AWP,WE,Towers with Radar,55,6,7,6,74,0,52,14,0,66,55,58,21,6,140,58,0,58,198
07/21/2020,OGG,HI,AWP,WE,Towers with Radar,51,4,0,4,59,0,44,15,2,61,51,48,15,6,120,34,0,34,154
07/22/2020,OGG,HI,AWP,WE,Towers with Radar,46,7,1,2,56,0,49,29,0,78,46,56,30,2,134,2,0,2,136
07/23/2020,OGG,HI,AWP,WE,Towers with Radar,53,8,6,3,70,0,51,27,4,82,53,59,33,7,152,26,0,26,178
07/24/2020,OGG,HI,AWP,WE,Towers with Radar,55,4,6,4,69,0,51,23,3,77,55,55,29,7,146,40,0,40,186
07/25/2020,OGG,HI,AWP,WE,Towers with Radar,45,1,5,0,51,0,45,9,0,54,45,46,14,0,105,8,2,10,115
07/26/2020,OGG,HI,AWP,WE,Towers with Radar,3,3,0,0,6,0,0,0,0,0,3,3,0,0,6,0,0,0,6
07/27/2020,OGG,HI,AWP,WE,Towers with Radar,44,11,6,1,62,0,44,12,2,58,44,55,18,3,120,66,0,66,186
07/28/2020,OGG,HI,AWP,WE,Towers with Radar,54,12,7,0,73,0,48,9,2,59,54,60,16,2,132,60,0,60,192
07/29/2020,OGG,HI,AWP,WE,Towers with Radar,45,11,3,1,60,0,48,20,3,71,45,59,23,4,131,18,0,18,149
07/30/2020,OGG,HI,AWP,WE,Towers with Radar,51,5,4,2,62,0,50,24,0,74,51,55,28,2,136,54,0,54,190
07/31/2020,OGG,HI,AWP,WE,Towers with Radar,53,4,1,0,58,0,59,25,2,86,53,63,26,2,144,24,2,26,170
08/01/2020,OGG,HI,AWP,WE,Towers with Radar,46,3,3,4,56,0,48,24,6,78,46,51,27,10,134,48,0,48,182
08/02/2020,OGG,HI,AWP,WE,Towers with Radar,51,6,2,0,59,0,44,14,7,65,51,50,16,7,124,26,0,26,150
08/03/2020,OGG,HI,AWP,WE,Towers with Radar,53,7,3,1,64,0,66,12,6,84,53,73,15,7,148,84,0,84,232
08/04/2020,OGG,HI,AWP,WE,Towers with Radar,50,9,1,8,68,0,63,27,2,92,50,72,28,10,160,32,2,34,194
08/05/2020,OGG,HI,AWP,WE,Towers with Radar,52,9,2,0,63,0,49,24,0,73,52,58,26,0,136,14,0,14,150
08/06/2020,OGG,HI,AWP,WE,Towers with Radar,60,9,3,3,75,0,47,15,7,69,60,56,18,10,144,28,0,28,172
08/07/2020,OGG,HI,AWP,WE,Towers with Radar,56,15,3,2,76,0,54,22,5,81,56,69,25,7,157,32,0,32,189
08/08/2020,OGG,HI,AWP,WE,Towers with Radar,46,9,8,1,64,0,38,16,3,57,46,47,24,4,121,8,2,10,131
08/09/2020,OGG,HI,AWP,WE,Towers with Radar,50,10,3,0,63,0,42,16,2,60,50,52,19,2,123,0,0,0,123
08/10/2020,OGG,HI,AWP,WE,Towers with Radar,47,14,2,0,63,0,40,23,2,65,47,54,25,2,128,42,0,42,170
08/11/2020,OGG,HI,AWP,WE,Towers with Radar,47,11,5,1,64,0,28,26,2,56,47,39,31,3,120,38,0,38,158
08/12/2020,OGG,HI,AWP,WE,Towers with Radar,29,7,4,2,42,0,43,23,0,66,29,50,27,2,108,8,0,8,116
08/13/2020,OGG,HI,AWP,WE,Towers with Radar,38,10,2,10,60,0,51,31,0,82,38,61,33,10,142,24,0,24,166
08/14/2020,OGG,HI,AWP,WE,Towers with Radar,34,8,4,0,46,0,36,28,6,70,34,44,32,6,116,22,0,22,138
08/15/2020,OGG,HI,AWP,WE,Towers with Radar,37,6,3,2,48,0,17,22,0,39,37,23,25,2,87,2,0,2,89
08/16/2020,OGG,HI,AWP,WE,Towers with Radar,38,5,3,0,46,0,21,27,0,48,38,26,30,0,94,12,0,12,106
08/17/2020,OGG,HI,AWP,WE,Towers with Radar,41,3,2,2,48,0,31,25,0,56,41,34,27,2,104,54,0,54,158
08/18/2020,OGG,HI,AWP,WE,Towers with Radar,35,5,3,1,44,0,39,21,2,62,35,44,24,3,106,42,0,42,148
08/19/2020,OGG,HI,AWP,WE,Towers with Radar,33,10,4,1,48,0,34,22,5,61,33,44,26,6,109,23,0,23,132
08/20/2020,OGG,HI,AWP,WE,Towers with Radar,30,7,1,8,46,0,30,17,6,53,30,37,18,14,99,99,0,99,198
08/21/2020,OGG,HI,AWP,WE,Towers with Radar,38,9,4,4,55,0,25,36,0,61,38,34,40,4,116,46,0,46,162
08/22/2020,OGG,HI,AWP,WE,Towers with Radar,34,6,4,3,47,0,23,26,1,50,34,29,30,4,97,68,0,68,165
08/23/2020,OGG,HI,AWP,WE,Towers with Radar,35,1,2,0,38,0,20,13,2,35,35,21,15,2,73,40,0,40,113
08/24/2020,OGG,HI,AWP,WE,Towers with Radar,38,7,1,0,46,0,30,16,2,48,38,37,17,2,94,46,0,46,140
08/25/2020,OGG,HI,AWP,WE,Towers with Radar,37,2,5,0,44,0,29,33,4,66,37,31,38,4,110,48,0,48,158
08/26/2020,OGG,HI,AWP,WE,Towers with Radar,31,7,0,3,41,0,23,20,3,46,31,30,20,6,87,42,0,42,129
08/27/2020,OGG,HI,AWP,WE,Towers with Radar,30,5,0,3,38,0,27,23,1,51,30,32,23,4,89,40,0,40,129
08/28/2020,OGG,HI,AWP,WE,Towers with Radar,37,13,1,3,54,0,40,20,5,65,37,53,21,8,119,72,0,72,191
08/29/2020,OGG,HI,AWP,WE,Towers with Radar,34,10,3,0,47,0,18,21,0,39,34,28,24,0,86,42,0,42,128
08/30/2020,OGG,HI,AWP,WE,Towers with Radar,36,1,0,0,37,0,26,10,0,36,36,27,10,0,73,30,0,30,103
08/31/2020,OGG,HI,AWP,WE,Towers with Radar,40,8,6,6,60,0,37,16,0,53,40,45,22,6,113,78,0,78,191
09/01/2020,OGG,HI,AWP,WE,Towers with Radar,31,9,5,0,45,0,20,16,0,36,31,29,21,0,81,60,0,60,141
09/02/2020,OGG,HI,AWP,WE,Towers with Radar,31,5,4,1,41,0,25,25,4,54,31,30,29,5,95,58,0,58,153
09/03/2020,OGG,HI,AWP,WE,Towers with Radar,35,6,10,2,53,0,31,19,4,54,35,37,29,6,107,60,2,62,169
09/04/2020,OGG,HI,AWP,WE,Towers with Radar,34,4,4,0,42,0,34,24,0,58,34,38,28,0,100,26,0,26,126
09/05/2020,OGG,HI,AWP,WE,Towers with Radar,26,2,3,0,31,0,15,22,0,37,26,17,25,0,68,40,0,40,108
09/06/2020,OGG,HI,AWP,WE,Towers with Radar,27,4,1,0,32,0,10,19,0,29,27,14,20,0,61,18,0,18,79
09/07/2020,OGG,HI,AWP,WE,Towers with Radar,27,3,6,0,36,0,20,27,0,47,27,23,33,0,83,24,0,24,107
09/08/2020,OGG,HI,AWP,WE,Towers with Radar,29,7,7,3,46,0,33,24,3,60,29,40,31,6,106,74,2,76,182
09/09/2020,OGG,HI,AWP,WE,Towers with Radar,28,5,5,1,39,0,23,13,3,39,28,28,18,4,78,38,0,38,116
09/10/2020,OGG,HI,AWP,WE,Towers with Radar,31,9,2,0,42,0,31,11,0,42,31,40,13,0,84,30,0,30,114
09/11/2020,OGG,HI,AWP,WE,Towers with Radar,31,6,8,0,45,0,23,28,3,54,31,29,36,3,99,36,0,36,135
09/12/2020,OGG,HI,AWP,WE,Towers with Radar,26,8,9,0,43,0,28,19,0,47,26,36,28,0,90,94,0,94,184
09/13/2020,OGG,HI,AWP,WE,Towers with Radar,26,1,2,0,29,0,20,24,0,44,26,21,26,0,73,50,0,50,123
09/14/2020,OGG,HI,AWP,WE,Towers with Radar,33,5,3,0,41,0,32,19,0,51,33,37,22,0,92,80,0,80,172
09/15/2020,OGG,HI,AWP,WE,Towers with Radar,26,6,13,0,45,0,31,21,0,52,26,37,34,0,97,76,0,76,173
09/16/2020,OGG,HI,AWP,WE,Towers with Radar,27,5,7,2,41,0,33,15,5,53,27,38,22,7,94,114,0,114,208
09/17/2020,OGG,HI,AWP,WE,Towers with Radar,31,9,5,1,46,0,25,23,1,49,31,34,28,2,95,104,0,104,199
09/18/2020,OGG,HI,AWP,WE,Towers with Radar,30,7,3,2,42,0,27,25,2,54,30,34,28,4,96,54,0,54,150
09/19/2020,OGG,HI,AWP,WE,Towers with Radar,25,13,6,0,44,0,15,19,0,34,25,28,25,0,78,112,0,112,190
09/20/2020,OGG,HI,AWP,WE,Towers with Radar,26,3,3,0,32,0,25,20,0,45,26,28,23,0,77,28,0,28,105
09/21/2020,OGG,HI,AWP,WE,Towers with Radar,31,6,2,7,46,0,30,12,1,43,31,36,14,8,89,92,0,92,181
09/22/2020,OGG,HI,AWP,WE,Towers with Radar,30,6,2,2,40,0,38,27,0,65,30,44,29,2,105,20,2,22,127
09/23/2020,OGG,HI,AWP,WE,Towers with Radar,32,9,2,8,51,0,31,12,2,45,32,40,14,10,96,76,0,76,172
09/24/2020,OGG,HI,AWP,WE,Towers with Radar,33,7,2,2,44,0,26,21,0,47,33,33,23,2,91,78,0,78,169
09/25/2020,OGG,HI,AWP,WE,Towers with Radar,30,8,1,0,39,0,34,30,6,70,30,42,31,6,109,44,0,44,153
09/26/2020,OGG,HI,AWP,WE,Towers with Radar,25,11,0,0,36,0,13,13,0,26,25,24,13,0,62,0,0,0,62
09/27/2020,OGG,HI,AWP,WE,Towers with Radar,25,3,5,0,33,0,12,24,0,36,25,15,29,0,69,50,0,50,119
09/28/2020,OGG,HI,AWP,WE,Towers with Radar,25,8,1,1,35,0,36,21,1,58,25,44,22,2,93,72,0,72,165
09/29/2020,OGG,HI,AWP,WE,Towers with Radar,27,8,7,4,46,0,27,20,0,47,27,35,27,4,93,38,0,38,131
09/30/2020,OGG,HI,AWP,WE,Towers with Radar,28,11,8,7,54,2,44,22,1,69,30,55,30,8,123,54,0,54,177
10/01/2020,OGG,HI,AWP,WE,Towers with Radar,28,11,4,9,52,0,26,8,2,36,28,37,12,11,88,4,0,4,92
10/02/2020,OGG,HI,AWP,WE,Towers with Radar,37,9,0,0,46,0,28,20,0,48,37,37,20,0,94,22,0,22,116
10/03/2020,OGG,HI,AWP,WE,Towers with Radar,28,9,2,0,39,0,26,15,0,41,28,35,17,0,80,26,0,26,106
10/04/2020,OGG,HI,AWP,WE,Towers with Radar,27,7,4,0,38,0,24,18,0,42,27,31,22,0,80,12,0,12,92
10/05/2020,OGG,HI,AWP,WE,Towers with Radar,36,10,7,1,54,0,34,38,1,73,36,44,45,2,127,16,0,16,143
10/06/2020,OGG,HI,AWP,WE,Towers with Radar,24,15,4,0,43,0,51,19,4,74,24,66,23,4,117,20,0,20,137
10/07/2020,OGG,HI,AWP,WE,Towers with Radar,27,6,3,3,39,0,29,30,1,60,27,35,33,4,99,26,8,34,133
10/08/2020,OGG,HI,AWP,WE,Towers with Radar,31,7,4,4,46,0,33,28,0,61,31,40,32,4,107,48,0,48,155
10/09/2020,OGG,HI,AWP,WE,Towers with Radar,34,7,4,8,53,0,31,28,3,62,34,38,32,11,115,54,0,54,169
10/10/2020,OGG,HI,AWP,WE,Towers with Radar,27,6,0,0,33,0,14,30,2,46,27,20,30,2,79,60,0,60,139
10/11/2020,OGG,HI,AWP,WE,Towers with Radar,26,8,2,0,36,0,15,7,2,24,26,23,9,2,60,100,0,100,160
10/12/2020,OGG,HI,AWP,WE,Towers with Radar,34,3,3,3,43,0,41,12,1,54,34,44,15,4,97,72,0,72,169
10/13/2020,OGG,HI,AWP,WE,Towers with Radar,36,6,6,1,49,0,50,24,3,77,36,56,30,4,126,54,4,58,184
10/14/2020,OGG,HI,AWP,WE,Towers with Radar,34,8,3,7,52,0,43,29,8,80,34,51,32,15,132,62,0,62,194
10/15/2020,OGG,HI,AWP,WE,Towers with Radar,59,12,6,0,77,0,33,28,2,63,59,45,34,2,140,88,0,88,228
10/16/2020,OGG,HI,AWP,WE,Towers with Radar,62,12,9,0,83,0,42,21,2,65,62,54,30,2,148,54,0,54,202
10/17/2020,OGG,HI,AWP,WE,Towers with Radar,59,6,12,0,77,0,22,23,0,45,59,28,35,0,122,82,0,82,204
10/18/2020,OGG,HI,AWP,WE,Towers with Radar,51,7,2,0,60,0,29,16,0,45,51,36,18,0,105,32,0,32,137
10/19/2020,OGG,HI,AWP,WE,Towers with Radar,59,13,7,2,81,0,41,18,0,59,59,54,25,2,140,86,0,86,226
10/20/2020,OGG,HI,AWP,WE,Towers with Radar,64,14,4,0,82,0,36,25,0,61,64,50,29,0,143,62,0,62,205
10/21/2020,OGG,HI,AWP,WE,Towers with Radar,55,11,4,0,70,0,63,36,0,99,55,74,40,0,169,24,0,24,193
10/22/2020,OGG,HI,AWP,WE,Towers with Radar,57,6,7,10,80,0,55,26,4,85,57,61,33,14,165,80,12,92,257
10/23/2020,OGG,HI,AWP,WE,Towers with Radar,54,10,8,6,78,0,59,34,0,93,54,69,42,6,171,34,0,34,205
10/24/2020,OGG,HI,AWP,WE,Towers with Radar,57,15,3,0,75,0,35,27,4,66,57,50,30,4,141,74,0,74,215
10/25/2020,OGG,HI,AWP,WE,Towers with Radar,51,8,12,0,71,0,49,22,0,71,51,57,34,0,142,8,0,8,150
10/26/2020,OGG,HI,AWP,WE,Towers with Radar,53,11,5,4,73,0,49,18,0,67,53,60,23,4,140,38,0,38,178
10/27/2020,OGG,HI,AWP,WE,Towers with Radar,53,14,5,2,74,0,38,6,4,48,53,52,11,6,122,25,0,25,147
10/28/2020,OGG,HI,AWP,WE,Towers with Radar,51,9,6,1,67,0,39,13,0,52,51,48,19,1,119,22,0,22,141
10/29/2020,OGG,HI,AWP,WE,Towers with Radar,59,22,4,0,85,0,36,9,0,45,59,58,13,0,130,34,0,34,164
10/30/2020,OGG,HI,AWP,WE,Towers with Radar,55,12,4,2,73,0,50,26,2,78,55,62,30,4,151,16,0,16,167
10/31/2020,OGG,HI,AWP,WE,Towers with Radar,51,8,11,0,70,0,42,27,2,71,51,50,38,2,141,32,10,42,183
11/01/2020,OGG,HI,AWP,WE,Towers with Radar,63,9,10,0,82,0,31,27,2,60,63,40,37,2,142,18,0,18,160
11/02/2020,OGG,HI,AWP,WE,Towers with Radar,70,7,6,1,84,0,53,34,6,93,70,60,40,7,177,82,0,82,259
11/03/2020,OGG,HI,AWP,WE,Towers with Radar,69,10,9,3,91,0,30,16,1,47,69,40,25,4,138,64,0,64,202
11/04/2020,OGG,HI,AWP,WE,Towers with Radar,68,14,7,0,89,0,52,30,0,82,68,66,37,0,171,68,3,71,242
11/05/2020,OGG,HI,AWP,WE,Towers with Radar,68,11,8,4,91,0,45,38,6,89,68,56,46,10,180,46,0,46,226
11/06/2020,OGG,HI,AWP,WE,Towers with Radar,65,12,6,0,83,0,55,25,1,81,65,67,31,1,164,42,0,42,206
11/07/2020,OGG,HI,AWP,WE,Towers with Radar,73,10,6,0,89,0,41,25,0,66,73,51,31,0,155,42,0,42,197
11/08/2020,OGG,HI,AWP,WE,Towers with Radar,69,5,6,0,80,0,50,14,0,64,69,55,20,0,144,38,0,38,182
11/09/2020,OGG,HI,AWP,WE,Towers with Radar,78,14,7,4,103,0,42,27,4,73,78,56,34,8,176,46,2,48,224
11/10/2020,OGG,HI,AWP,WE,Towers with Radar,71,8,2,0,81,0,43,21,3,67,71,51,23,3,148,92,0,92,240
11/11/2020,OGG,HI,AWP,WE,Towers with Radar,72,12,1,2,87,0,48,17,0,65,72,60,18,2,152,38,0,38,190
11/12/2020,OGG,HI,AWP,WE,Towers with Radar,79,10,5,3,97,0,44,21,1,66,79,54,26,4,163,36,0,36,199
11/13/2020,OGG,HI,AWP,WE,Towers with Radar,79,22,6,0,107,0,68,27,4,99,79,90,33,4,206,56,0,56,262
11/14/2020,OGG,HI,AWP,WE,Towers with Radar,72,8,7,0,87,0,39,29,0,68,72,47,36,0,155,100,0,100,255
11/15/2020,OGG,HI,AWP,WE,Towers with Radar,73,12,7,0,92,0,54,26,1,81,73,66,33,1,173,32,0,32,205
11/16/2020,OGG,HI,AWP,WE,Towers with Radar,76,15,7,5,103,0,58,16,1,75,76,73,23,6,178,50,0,50,228
11/17/2020,OGG,HI,AWP,WE,Towers with Radar,69,10,12,2,93,0,65,27,0,92,69,75,39,2,185,42,0,42,227
11/18/2020,OGG,HI,AWP,WE,Towers with Radar,72,23,9,5,109,0,40,16,1,57,72,63,25,6,166,90,0,90,256
11/19/2020,OGG,HI,AWP,WE,Towers with Radar,83,12,7,2,104,0,56,20,2,78,83,68,27,4,182,40,0,40,222
11/20/2020,OGG,HI,AWP,WE,Towers with Radar,100,24,16,3,143,0,59,15,4,78,100,83,31,7,221,4,0,4,225
11/21/2020,OGG,HI,AWP,WE,Towers with Radar,94,18,19,0,131,0,47,19,0,66,94,65,38,0,197,8,0,8,205
11/22/2020,OGG,HI,AWP,WE,Towers with Radar,93,12,13,0,118,0,44,17,2,63,93,56,30,2,181,0,0,0,181
11/23/2020,OGG,HI,AWP,WE,Towers with Radar,87,14,9,2,112,0,41,33,0,74,87,55,42,2,186,50,0,50,236
11/24/2020,OGG,HI,AWP,WE,Towers with Radar,86,15,3,1,105,0,28,11,1,40,86,43,14,2,145,66,0,66,211
11/25/2020,OGG,HI,AWP,WE,Towers with Radar,87,17,6,2,112,0,62,35,1,98,87,79,41,3,210,16,18,34,244
11/26/2020,OGG,HI,AWP,WE,Towers with Radar,90,5,3,0,98,0,41,22,2,65,90,46,25,2,163,16,0,16,179
11/27/2020,OGG,HI,AWP,WE,Towers with Radar,97,10,3,0,110,0,51,30,0,81,97,61,33,0,191,26,0,26,217
11/28/2020,OGG,HI,AWP,WE,Towers with Radar,94,12,10,0,116,0,59,32,0,91,94,71,42,0,207,90,0,90,297
11/29/2020,OGG,HI,AWP,WE,Towers with Radar,90,9,12,0,111,0,55,16,2,73,90,64,28,2,184,13,0,13,197
11/30/2020,OGG,HI,AWP,WE,Towers with Radar,102,8,7,1,118,0,77,40,3,120,102,85,47,4,238,10,0,10,248
12/01/2020,OGG,HI,AWP,WE,Towers with Radar,96,10,12,5,123,0,42,44,0,86,96,52,56,5,209,96,0,96,305
12/02/2020,OGG,HI,AWP,WE,Towers with Radar,88,14,3,0,105,0,48,61,4,113,88,62,64,4,218,28,0,28,246
12/03/2020,OGG,HI,AWP,WE,Towers with Radar,90,7,10,2,109,0,56,42,8,106,90,63,52,10,215,50,2,52,267
12/04/2020,OGG,HI,AWP,WE,Towers with Radar,88,10,4,1,103,0,61,33,3,97,88,71,37,4,200,50,0,50,250
12/05/2020,OGG,HI,AWP,WE,Towers with Radar,92,13,12,1,118,0,54,50,7,111,92,67,62,8,229,60,2,62,291
12/06/2020,OGG,HI,AWP,WE,Towers with Radar,81,8,7,2,98,0,51,39,10,100,81,59,46,12,198,46,0,46,244
12/07/2020,OGG,HI,AWP,WE,Towers with Radar,86,6,6,3,101,0,62,23,4,89,86,68,29,7,190,70,0,70,260
12/08/2020,OGG,HI,AWP,WE,Towers with Radar,90,3,4,0,97,0,59,21,0,80,90,62,25,0,177,22,0,22,199
12/09/2020,OGG,HI,AWP,WE,Towers with Radar,98,10,5,2,115,0,62,32,1,95,98,72,37,3,210,8,0,8,218
12/10/2020,OGG,HI,AWP,WE,Towers with Radar,91,8,3,0,102,0,55,37,0,92,91,63,40,0,194,46,0,46,240
12/11/2020,OGG,HI,AWP,WE,Towers with Radar,85,5,7,3,100,0,54,31,1,86,85,59,38,4,186,76,0,76,262
12/12/2020,OGG,HI,AWP,WE,Towers with Radar,93,10,12,0,115,0,46,37,0,83,93,56,49,0,198,64,0,64,262
12/13/2020,OGG,HI,AWP,WE,Towers with Radar,86,8,6,0,100,0,42,27,0,69,86,50,33,0,169,38,0,38,207
12/14/2020,OGG,HI,AWP,WE,Towers with Radar,94,12,5,2,113,0,50,30,4,84,94,62,35,6,197,34,0,34,231
12/15/2020,OGG,HI,AWP,WE,Towers with Radar,91,10,8,0,109,0,52,27,0,79,91,62,35,0,188,38,0,38,226
12/16/2020,OGG,HI,AWP,WE,Towers with Radar,94,7,9,2,112,0,52,20,2,74,94,59,29,4,186,32,0,32,218
12/17/2020,OGG,HI,AWP,WE,Towers with Radar,108,3,9,0,120,0,66,28,0,94,108,69,37,0,214,30,0,30,244
12/18/2020,OGG,HI,AWP,WE,Towers with Radar,111,15,14,0,140,0,64,18,3,85,111,79,32,3,225,2,0,2,227
12/19/2020,OGG,HI,AWP,WE,Towers with Radar,129,13,10,0,152,0,46,28,0,74,129,59,38,0,226,34,0,34,260
12/20/2020,OGG,HI,AWP,WE,Towers with Radar,124,9,11,2,146,0,49,22,0,71,124,58,33,2,217,26,0,26,243
12/21/2020,OGG,HI,AWP,WE,Towers with Radar,119,10,3,2,134,0,76,30,0,106,119,86,33,2,240,47,0,47,287
12/22/2020,OGG,HI,AWP,WE,Towers with Radar,122,10,7,0,139,0,78,46,0,124,122,88,53,0,263,12,0,12,275
12/23/2020,OGG,HI,AWP,WE,Towers with Radar,118,12,13,0,143,0,99,39,1,139,118,111,52,1,282,34,0,34,316
12/24/2020,OGG,HI,AWP,WE,Towers with Radar,118,3,15,0,136,0,98,33,0,131,118,101,48,0,267,37,0,37,304
12/25/2020,OGG,HI,AWP,WE,Towers with Radar,100,4,2,0,106,0,51,15,0,66,100,55,17,0,172,2,0,2,174
12/26/2020,OGG,HI,AWP,WE,Towers with Radar,105,28,16,0,149,0,52,33,2,87,105,80,49,2,236,6,0,6,242
12/27/2020,OGG,HI,AWP,WE,Towers with Radar,114,12,18,0,144,0,89,24,0,113,114,101,42,0,257,4,0,4,261
12/28/2020,OGG,HI,AWP,WE,Towers with Radar,119,14,8,0,141,0,101,50,2,153,119,115,58,2,294,48,0,48,342
12/29/2020,OGG,HI,AWP,WE,Towers with Radar,118,19,17,0,154,0,96,34,1,131,118,115,51,1,285,25,0,25,310
12/30/2020,OGG,HI,AWP,WE,Towers with Radar,116,12,12,1,141,0,118,46,1,165,116,130,58,2,306,40,0,40,346
12/31/2020,OGG,HI,AWP,WE,Towers with Radar,117,13,10,0,140,0,87,29,0,116,117,100,39,0,256,56,0,56,312
01/01/2021,OGG,HI,AWP,WE,Towers with Radar,103,11,6,0,120,0,75,20,0,95,103,86,26,0,215,22,0,22,237
01/02/2021,OGG,HI,AWP,WE,Towers with Radar,108,15,20,0,143,0,69,32,0,101,108,84,52,0,244,22,0,22,266
01/03/2021,OGG,HI,AWP,WE,Towers with Radar,116,10,17,0,143,2,87,21,0,110,118,97,38,0,253,20,0,20,273
01/04/2021,OGG,HI,AWP,WE,Towers with Radar,115,10,14,0,139,0,83,22,0,105,115,93,36,0,244,41,0,41,285
01/05/2021,OGG,HI,AWP,WE,Towers with Radar,101,15,12,3,131,0,81,32,1,114,101,96,44,4,245,26,0,26,271
01/06/2021,OGG,HI,AWP,WE,Towers with Radar,105,16,7,0,128,0,73,33,0,106,105,89,40,0,234,36,0,36,270
01/07/2021,OGG,HI,AWP,WE,Towers with Radar,101,9,21,2,133,0,78,32,6,116,101,87,53,8,249,90,0,90,339
01/08/2021,OGG,HI,AWP,WE,Towers with Radar,117,13,16,4,150,0,75,39,3,117,117,88,55,7,267,0,0,0,267
01/09/2021,OGG,HI,AWP,WE,Towers with Radar,101,17,13,1,132,0,40,30,1,71,101,57,43,2,203,56,0,56,259
01/10/2021,OGG,HI,AWP,WE,Towers with Radar,101,7,8,0,116,4,46,36,0,86,105,53,44,0,202,4,0,4,206
01/11/2021,OGG,HI,AWP,WE,Towers with Radar,90,9,8,0,107,0,50,30,0,80,90,59,38,0,187,48,0,48,235
01/12/2021,OGG,HI,AWP,WE,Towers with Radar,95,11,4,1,111,0,62,41,2,105,95,73,45,3,216,86,0,86,302
01/13/2021,OGG,HI,AWP,WE,Towers with Radar,97,7,10,6,120,0,53,20,4,77,97,60,30,10,197,30,0,30,227
01/14/2021,OGG,HI,AWP,WE,Towers with Radar,94,4,9,1,108,0,72,37,2,111,94,76,46,3,219,34,0,34,253
01/15/2021,OGG,HI,AWP,WE,Towers with Radar,103,13,7,3,126,0,74,26,3,103,103,87,33,6,229,100,0,100,329
01/16/2021,OGG,HI,AWP,WE,Towers with Radar,106,14,7,1,128,0,68,44,1,113,106,82,51,2,241,38,0,38,279
01/17/2021,OGG,HI,AWP,WE,Towers with Radar,107,21,15,0,143,0,34,24,0,58,107,55,39,0,201,28,0,28,229
01/18/2021,OGG,HI,AWP,WE,Towers with Radar,100,39,13,0,152,0,7,1,1,9,100,46,14,1,161,12,0,12,173
01/19/2021,OGG,HI,AWP,WE,Towers with Radar,96,17,3,0,116,0,53,9,2,64,96,70,12,2,180,82,0,82,262
01/20/2021,OGG,HI,AWP,WE,Towers with Radar,103,9,3,5,120,0,69,23,2,94,103,78,26,7,214,44,0,44,258
01/21/2021,OGG,HI,AWP,WE,Towers with Radar,96,10,10,2,118,0,73,21,9,103,96,83,31,11,221,42,8,50,271
01/22/2021,OGG,HI,AWP,WE,Towers with Radar,102,15,12,1,130,0,74,21,2,97,102,89,33,3,227,56,6,62,289
01/23/2021,OGG,HI,AWP,WE,Towers with Radar,100,3,11,0,114,0,53,12,6,71,100,56,23,6,185,48,0,48,233
01/24/2021,OGG,HI,AWP,WE,Towers with Radar,99,14,16,0,129,0,62,31,0,93,99,76,47,0,222,44,0,44,266
01/25/2021,OGG,HI,AWP,WE,Towers with Radar,108,17,9,0,134,0,48,5,2,55,108,65,14,2,189,4,0,4,193
01/26/2021,OGG,HI,AWP,WE,Towers with Radar,91,8,7,6,112,0,56,8,2,66,91,64,15,8,178,60,0,60,238
01/27/2021,OGG,HI,AWP,WE,Towers with Radar,86,9,6,3,104,0,72,15,3,90,86,81,21,6,194,30,0,30,224
01/28/2021,OGG,HI,AWP,WE,Towers with Radar,96,16,11,4,127,0,62,17,1,80,96,78,28,5,207,14,0,14,221
01/29/2021,OGG,HI,AWP,WE,Towers with Radar,108,20,7,1,136,0,69,22,3,94,108,89,29,4,230,12,0,12,242
01/30/2021,OGG,HI,AWP,WE,Towers with Radar,99,12,8,0,119,0,32,20,4,56,99,44,28,4,175,32,0,32,207
01/31/2021,OGG,HI,AWP,WE,Towers with Radar,96,6,6,1,109,0,52,26,4,82,96,58,32,5,191,32,0,32,223
02/01/2021,OGG,HI,AWP,WE,Towers with Radar,94,15,8,2,119,0,69,35,0,104,94,84,43,2,223,40,0,40,263
02/02/2021,OGG,HI,AWP,WE,Towers with Radar,84,9,3,3,99,0,78,32,5,115,84,87,35,8,214,55,0,55,269
02/03/2021,OGG,HI,AWP,WE,Towers with Radar,91,15,7,2,115,0,39,2,0,41,91,54,9,2,156,0,0,0,156
02/04/2021,OGG,HI,AWP,WE,Towers with Radar,89,16,11,6,122,0,81,20,7,108,89,97,31,13,230,90,0,90,320
02/05/2021,OGG,HI,AWP,WE,Towers with Radar,99,12,5,1,117,0,99,25,1,125,99,111,30,2,242,54,0,54,296
02/06/2021,OGG,HI,AWP,WE,Towers with Radar,90,10,10,0,110,0,58,44,0,102,90,68,54,0,212,8,0,8,220
02/07/2021,OGG,HI,AWP,WE,Towers with Radar,89,10,10,0,109,0,69,32,0,101,89,79,42,0,210,26,0,26,236
02/08/2021,OGG,HI,AWP,WE,Towers with Radar,101,15,3,2,121,0,72,29,1,102,101,87,32,3,223,8,0,8,231
02/09/2021,OGG,HI,AWP,WE,Towers with Radar,87,8,7,5,107,0,75,15,3,93,87,83,22,8,200,50,2,52,252
02/10/2021,OGG,HI,AWP,WE,Towers with Radar,89,12,7,6,114,0,113,32,4,149,89,125,39,10,263,20,0,20,283
02/11/2021,OGG,HI,AWP,WE,Towers with Radar,94,23,10,3,130,0,104,37,5,146,94,127,47,8,276,48,8,56,332
02/12/2021,OGG,HI,AWP,WE,Towers with Radar,111,10,8,4,133,0,110,29,7,146,111,120,37,11,279,28,0,28,307
02/13/2021,OGG,HI,AWP,WE,Towers with Radar,95,10,14,0,119,0,60,30,13,103,95,70,44,13,222,54,0,54,276
02/14/2021,OGG,HI,AWP,WE,Towers with Radar,98,7,6,0,111,0,62,33,11,106,98,69,39,11,217,44,0,44,261
02/15/2021,OGG,HI,AWP,WE,Towers with Radar,97,5,14,1,117,0,107,44,9,160,97,112,58,10,277,58,0,58,335
02/16/2021,OGG,HI,AWP,WE,Towers with Radar,97,8,11,0,116,0,95,29,15,139,97,103,40,15,255,54,0,54,309
02/17/2021,OGG,HI,AWP,WE,Towers with Radar,95,24,5,0,124,0,58,12,0,70,95,82,17,0,194,4,0,4,198
02/18/2021,OGG,HI,AWP,WE,Towers with Radar,85,18,11,3,117,0,66,24,5,95,85,84,35,8,212,48,0,48,260
02/19/2021,OGG,HI,AWP,WE,Towers with Radar,107,11,12,0,130,0,93,28,4,125,107,104,40,4,255,52,0,52,307
02/20/2021,OGG,HI,AWP,WE,Towers with Radar,96,13,19,2,130,0,68,40,0,108,96,81,59,2,238,34,0,34,272
02/21/2021,OGG,HI,AWP,WE,Towers with Radar,106,13,13,2,134,0,75,33,0,108,106,88,46,2,242,40,0,40,282
02/22/2021,OGG,HI,AWP,WE,Towers with Radar,100,12,3,2,117,0,95,23,0,118,100,107,26,2,235,44,0,44,279
02/23/2021,OGG,HI,AWP,WE,Towers with Radar,95,15,14,4,128,0,94,22,1,117,95,109,36,5,245,14,2,16,261
02/24/2021,OGG,HI,AWP,WE,Towers with Radar,95,14,9,8,126,0,89,10,0,99,95,103,19,8,225,22,10,32,257
02/25/2021,OGG,HI,AWP,WE,Towers with Radar,101,9,9,7,126,0,81,21,7,109,101,90,30,14,235,4,0,4,239
02/26/2021,OGG,HI,AWP,WE,Towers with Radar,113,9,8,3,133,0,108,20,3,131,113,117,28,6,264,22,0,22,286
02/27/2021,OGG,HI,AWP,WE,Towers with Radar,100,11,8,0,119,0,65,11,1,77,100,76,19,1,196,74,0,74,270
02/28/2021,OGG,HI,AWP,WE,Towers with Radar,101,7,8,1,117,0,65,29,4,98,101,72,37,5,215,32,0,32,247
03/01/2021,OGG,HI,AWP,WE,Towers with Radar,107,7,13,2,129,0,90,13,9,112,107,97,26,11,241,8,0,8,249
03/02/2021,OGG,HI,AWP,WE,Towers with Radar,98,11,10,0,119,0,83,16,0,99,98,94,26,0,218,42,0,42,260
03/03/2021,OGG,HI,AWP,WE,Towers with Radar,106,14,0,5,125,0,89,29,1,119,106,103,29,6,244,38,0,38,282
03/04/2021,OGG,HI,AWP,WE,Towers with Radar,106,15,11,3,135,0,100,39,0,139,106,115,50,3,274,61,0,61,335
03/05/2021,OGG,HI,AWP,WE,Towers with Radar,118,16,10,2,146,0,96,21,4,121,118,112,31,6,267,6,0,6,273
03/06/2021,OGG,HI,AWP,WE,Towers with Radar,106,12,16,0,134,0,70,25,0,95,106,82,41,0,229,74,0,74,303
03/07/2021,OGG,HI,AWP,WE,Towers with Radar,117,10,9,2,138,0,89,43,2,134,117,99,52,4,272,30,2,32,304
03/08/2021,OGG,HI,AWP,WE,Towers with Radar,111,29,6,0,146,0,34,5,0,39,111,63,11,0,185,0,0,0,185
03/09/2021,OGG,HI,AWP,WE,Towers with Radar,105,10,7,1,123,0,69,14,2,85,105,79,21,3,208,58,11,69,277
03/10/2021,OGG,HI,AWP,WE,Towers with Radar,108,11,18,5,142,0,108,19,1,128,108,119,37,6,270,64,0,64,334
03/11/2021,OGG,HI,AWP,WE,Towers with Radar,108,26,17,3,154,0,107,34,13,154,108,133,51,16,308,48,2,50,358
03/12/2021,OGG,HI,AWP,WE,Towers with Radar,117,33,9,3,162,0,93,22,7,122,117,126,31,10,284,46,0,46,330
03/13/2021,OGG,HI,AWP,WE,Towers with Radar,114,47,11,9,181,0,23,5,2,30,114,70,16,11,211,4,0,4,215
03/14/2021,OGG,HI,AWP,WE,Towers with Radar,117,13,10,0,140,0,106,24,0,130,117,119,34,0,270,60,0,60,330
03/15/2021,OGG,HI,AWP,WE,Towers with Radar,118,18,11,0,147,0,141,22,0,163,118,159,33,0,310,120,0,120,430
03/16/2021,OGG,HI,AWP,WE,Towers with Radar,114,24,10,0,148,0,113,42,0,155,114,137,52,0,303,46,0,46,349
03/17/2021,OGG,HI,AWP,WE,Towers with Radar,119,27,11,0,157,0,71,10,2,83,119,98,21,2,240,14,0,14,254
03/18/2021,OGG,HI,AWP,WE,Towers with Radar,117,22,8,1,148,0,78,16,5,99,117,100,24,6,247,29,0,29,276
03/19/2021,OGG,HI,AWP,WE,Towers with Radar,126,15,10,0,151,0,143,35,1,179,126,158,45,1,330,22,0,22,352
03/20/2021,OGG,HI,AWP,WE,Towers with Radar,118,22,14,0,154,0,120,16,0,136,118,142,30,0,290,32,0,32,322
03/21/2021,OGG,HI,AWP,WE,Towers with Radar,113,19,9,0,141,0,98,20,1,119,113,117,29,1,260,66,0,66,326
03/22/2021,OGG,HI,AWP,WE,Towers with Radar,118,10,10,2,140,0,125,44,0,169,118,135,54,2,309,80,0,80,389
03/23/2021,OGG,HI,AWP,WE,Towers with Radar,116,8,10,0,134,0,143,59,0,202,116,151,69,0,336,80,12,92,428
03/24/2021,OGG,HI,AWP,WE,Towers with Radar,116,15,6,0,137,0,132,26,0,158,116,147,32,0,295,65,0,65,360
03/25/2021,OGG,HI,AWP,WE,Towers with Radar,115,18,14,3,150,0,150,28,1,179,115,168,42,4,329,56,0,56,385
03/26/2021,OGG,HI,AWP,WE,Towers with Radar,123,11,13,1,148,0,142,42,3,187,123,153,55,4,335,2,0,2,337
03/27/2021,OGG,HI,AWP,WE,Towers with Radar,121,13,13,3,150,0,137,34,1,172,121,150,47,4,322,7,0,7,329
03/28/2021,OGG,HI,AWP,WE,Towers with Radar,121,5,15,1,142,0,127,13,1,141,121,132,28,2,283,26,0,26,309
03/29/2021,OGG,HI,AWP,WE,Towers with Radar,116,15,5,4,140,0,133,31,0,164,116,148,36,4,304,34,0,34,338
03/30/2021,OGG,HI,AWP,WE,Towers with Radar,110,20,8,2,140,0,122,39,0,161,110,142,47,2,301,12,0,12,313
03/31/2021,OGG,HI,AWP,WE,Towers with Radar,112,19,9,6,146,0,139,19,2,160,112,158,28,8,306,98,2,100,406
04/01/2021,OGG,HI,AWP,WE,Towers with Radar,112,21,11,0,144,0,144,44,2,190,112,165,55,2,334,20,0,20,354
04/02/2021,OGG,HI,AWP,WE,Towers with Radar,132,12,14,1,159,0,160,37,4,201,132,172,51,5,360,28,0,28,388
04/03/2021,OGG,HI,AWP,WE,Towers with Radar,126,16,16,1,159,0,119,28,2,149,126,135,44,3,308,40,0,40,348
04/04/2021,OGG,HI,AWP,WE,Towers with Radar,118,13,4,0,135,0,88,13,0,101,118,101,17,0,236,2,0,2,238
04/05/2021,OGG,HI,AWP,WE,Towers with Radar,114,14,12,0,140,0,137,22,3,162,114,151,34,3,302,10,0,10,312
04/06/2021,OGG,HI,AWP,WE,Towers with Radar,112,12,6,0,130,0,148,32,0,180,112,160,38,0,310,12,0,12,322
04/07/2021,OGG,HI,AWP,WE,Towers with Radar,120,12,9,1,142,0,152,35,2,189,120,164,44,3,331,46,0,46,377
04/08/2021,OGG,HI,AWP,WE,Towers with Radar,127,10,10,0,147,0,157,38,2,197,127,167,48,2,344,32,0,32,376
04/09/2021,OGG,HI,AWP,WE,Towers with Radar,142,14,11,0,167,0,167,35,0,202,142,181,46,0,369,4,0,4,373
04/10/2021,OGG,HI,AWP,WE,Towers with Radar,131,21,22,6,180,0,136,40,0,176,131,157,62,6,356,10,0,10,366
04/11/2021,OGG,HI,AWP,WE,Towers with Radar,118,15,20,2,155,0,126,27,0,153,118,141,47,2,308,4,0,4,312
04/12/2021,OGG,HI,AWP,WE,Towers with Radar,127,14,24,6,171,0,139,24,0,163,127,153,48,6,334,46,0,46,380
04/13/2021,OGG,HI,AWP,WE,Towers with Radar,120,11,10,5,146,0,152,40,3,195,120,163,50,8,341,70,0,70,411
04/14/2021,OGG,HI,AWP,WE,Towers with Radar,127,6,14,0,147,0,143,50,7,200,127,149,64,7,347,52,0,52,399
04/15/2021,OGG,HI,AWP,WE,Towers with Radar,131,9,6,7,153,0,144,42,5,191,131,153,48,12,344,62,0,62,406
04/16/2021,OGG,HI,AWP,WE,Towers with Radar,125,7,9,2,143,0,147,37,4,188,125,154,46,6,331,4,0,4,335
04/17/2021,OGG,HI,AWP,WE,Towers with Radar,122,9,7,0,138,0,127,27,2,156,122,136,34,2,294,29,0,29,323
04/18/2021,OGG,HI,AWP,WE,Towers with Radar,129,10,15,0,154,0,137,38,0,175,129,147,53,0,329,14,0,14,343
04/19/2021,OGG,HI,AWP,WE,Towers with Radar,126,2,10,9,147,0,148,35,3,186,126,150,45,12,333,56,0,56,389
04/20/2021,OGG,HI,AWP,WE,Towers with Radar,123,14,5,1,143,0,155,35,3,193,123,169,40,4,336,6,0,6,342
04/21/2021,OGG,HI,AWP,WE,Towers with Radar,123,8,12,4,147,0,163,35,0,198,123,171,47,4,345,16,0,16,361
04/22/2021,OGG,HI,AWP,WE,Towers with Radar,131,13,13,1,158,0,155,36,3,194,131,168,49,4,352,16,0,16,368
04/23/2021,OGG,HI,AWP,WE,Towers with Radar,137,13,10,0,160,13,144,34,3,194,150,157,44,3,354,12,0,12,366
04/24/2021,OGG,HI,AWP,WE,Towers with Radar,139,10,11,0,160,0,130,16,0,146,139,140,27,0,306,26,0,26,332
04/25/2021,OGG,HI,AWP,WE,Towers with Radar,123,10,6,0,139,0,128,27,2,157,123,138,33,2,296,26,0,26,322
04/26/2021,OGG,HI,AWP,WE,Towers with Radar,121,15,6,0,142,0,143,30,0,173,121,158,36,0,315,18,0,18,333
04/27/2021,OGG,HI,AWP,WE,Towers with Radar,116,20,8,0,144,0,137,30,2,169,116,157,38,2,313,46,0,46,359
04/28/2021,OGG,HI,AWP,WE,Towers with Radar,125,8,7,4,144,0,152,30,1,183,125,160,37,5,327,46,2,48,375
04/29/2021,OGG,HI,AWP,WE,Towers with Radar,128,14,8,4,154,0,141,27,0,168,128,155,35,4,322,42,0,42,364
04/30/2021,OGG,HI,AWP,WE,Towers with Radar,136,30,8,8,182,0,137,28,3,168,136,167,36,11,350,4,0,4,354
05/01/2021,OGG,HI,AWP,WE,Towers with Radar,140,19,14,4,177,0,140,24,1,165,140,159,38,5,342,14,0,14,356
05/02/2021,OGG,HI,AWP,WE,Towers with Radar,128,19,15,0,162,0,109,26,0,135,128,128,41,0,297,2,0,2,299
05/03/2021,OGG,HI,AWP,WE,Towers with Radar,129,15,8,0,152,0,136,30,2,168,129,151,38,2,320,2,0,2,322
05/04/2021,OGG,HI,AWP,WE,Towers with Radar,118,10,5,2,135,0,171,34,5,210,118,181,39,7,345,60,0,60,405
05/05/2021,OGG,HI,AWP,WE,Towers with Radar,133,15,4,1,153,0,158,37,3,198,133,173,41,4,351,32,0,32,383
05/06/2021,OGG,HI,AWP,WE,Towers with Radar,128,11,9,1,149,0,147,27,2,176,128,158,36,3,325,76,0,76,401
05/07/2021,OGG,HI,AWP,WE,Towers with Radar,144,15,3,2,164,0,155,25,1,181,144,170,28,3,345,6,0,6,351
05/08/2021,OGG,HI,AWP,WE,Towers with Radar,142,8,4,0,154,0,125,35,1,161,142,133,39,1,315,20,0,20,335
05/09/2021,OGG,HI,AWP,WE,Towers with Radar,132,12,4,1,149,0,127,31,0,158,132,139,35,1,307,8,0,8,315
05/10/2021,OGG,HI,AWP,WE,Towers with Radar,130,12,9,1,152,0,125,42,3,170,130,137,51,4,322,20,0,20,342
05/11/2021,OGG,HI,AWP,WE,Towers with Radar,127,14,9,5,155,0,161,32,1,194,127,175,41,6,349,50,0,50,399
05/12/2021,OGG,HI,AWP,WE,Towers with Radar,129,11,11,0,151,0,161,43,2,206,129,172,54,2,357,20,0,20,377
05/13/2021,OGG,HI,AWP,WE,Towers with Radar,135,12,8,1,156,0,158,32,3,193,135,170,40,4,349,56,0,56,405
05/14/2021,OGG,HI,AWP,WE,Towers with Radar,134,14,6,1,155,0,153,44,3,200,134,167,50,4,355,26,10,36,391
05/15/2021,OGG,HI,AWP,WE,Towers with Radar,128,14,8,0,150,0,141,28,2,171,128,155,36,2,321,30,0,30,351
05/16/2021,OGG,HI,AWP,WE,Towers with Radar,136,11,7,0,154,0,142,20,2,164,136,153,27,2,318,68,0,68,386
05/17/2021,OGG,HI,AWP,WE,Towers with Radar,136,21,8,1,166,0,184,43,1,228,136,205,51,2,394,80,0,80,474
05/18/2021,OGG,HI,AWP,WE,Towers with Radar,128,8,6,2,144,0,162,42,4,208,128,170,48,6,352,10,0,10,362
05/19/2021,OGG,HI,AWP,WE,Towers with Radar,143,12,4,4,163,0,179,29,0,208,143,191,33,4,371,16,0,16,387
05/20/2021,OGG,HI,AWP,WE,Towers with Radar,126,20,16,4,166,0,154,35,1,190,126,174,51,5,356,38,0,38,394
05/21/2021,OGG,HI,AWP,WE,Towers with Radar,142,16,12,1,171,0,152,41,3,196,142,168,53,4,367,74,0,74,441
05/22/2021,OGG,HI,AWP,WE,Towers with Radar,128,12,12,0,152,0,150,30,4,184,128,162,42,4,336,28,12,40,376
05/23/2021,OGG,HI,AWP,WE,Towers with Radar,140,16,6,0,162,0,116,40,0,156,140,132,46,0,318,54,0,54,372
05/24/2021,OGG,HI,AWP,WE,Towers with Radar,133,18,10,0,161,0,169,27,0,196,133,187,37,0,357,49,0,49,406
05/25/2021,OGG,HI,AWP,WE,Towers with Radar,136,11,14,0,161,0,179,33,2,214,136,190,47,2,375,154,0,154,529
05/26/2021,OGG,HI,AWP,WE,Towers with Radar,132,14,17,8,171,0,183,45,1,229,132,197,62,9,400,46,0,46,446
05/27/2021,OGG,HI,AWP,WE,Towers with Radar,130,15,13,17,175,2,184,34,4,224,132,199,47,21,399,106,0,106,505
05/28/2021,OGG,HI,AWP,WE,Towers with Radar,147,13,14,0,174,0,195,45,0,240,147,208,59,0,414,34,0,34,448
05/29/2021,OGG,HI,AWP,WE,Towers with Radar,126,11,14,0,151,0,155,40,2,197,126,166,54,2,348,57,8,65,413
05/30/2021,OGG,HI,AWP,WE,Towers with Radar,141,12,8,0,161,0,136,30,1,167,141,148,38,1,328,28,0,28,356
05/31/2021,OGG,HI,AWP,WE,Towers with Radar,133,7,11,0,151,0,164,37,0,201,133,171,48,0,352,26,0,26,378
06/01/2021,OGG,HI,AWP,WE,Towers with Radar,154,17,8,8,187,0,198,52,0,250,154,215,60,8,437,32,0,32,469
06/02/2021,OGG,HI,AWP,WE,Towers with Radar,158,12,12,4,186,0,190,36,5,231,158,202,48,9,417,104,0,104,521
06/03/2021,OGG,HI,AWP,WE,Towers with Radar,171,13,11,0,195,0,182,30,0,212,171,195,41,0,407,71,0,71,478
06/04/2021,OGG,HI,AWP,WE,Towers with Radar,182,9,11,0,202,0,194,40,2,236,182,203,51,2,438,35,0,35,473
06/05/2021,OGG,HI,AWP,WE,Towers with Radar,156,11,8,2,177,0,164,35,0,199,156,175,43,2,376,26,0,26,402
06/06/2021,OGG,HI,AWP,WE,Towers with Radar,156,14,12,2,184,0,152,21,0,173,156,166,33,2,357,24,0,24,381
06/07/2021,OGG,HI,AWP,WE,Towers with Radar,168,9,11,1,189,0,169,30,0,199,168,178,41,1,388,62,0,62,450
06/08/2021,OGG,HI,AWP,WE,Towers with Radar,156,15,10,0,181,0,191,26,4,221,156,206,36,4,402,60,0,60,462
06/09/2021,OGG,HI,AWP,WE,Towers with Radar,177,10,11,3,201,9,166,22,3,200,186,176,33,6,401,62,4,66,467
06/10/2021,OGG,HI,AWP,WE,Towers with Radar,160,22,7,2,191,0,189,23,7,219,160,211,30,9,410,46,0,46,456
06/11/2021,OGG,HI,AWP,WE,Towers with Radar,180,11,8,2,201,0,218,29,0,247,180,229,37,2,448,48,0,48,496
06/12/2021,OGG,HI,AWP,WE,Towers with Radar,159,16,10,0,185,0,154,29,2,185,159,170,39,2,370,8,2,10,380
06/13/2021,OGG,HI,AWP,WE,Towers with Radar,176,18,8,0,202,0,177,25,0,202,176,195,33,0,404,17,0,17,421
06/14/2021,OGG,HI,AWP,WE,Towers with Radar,182,10,5,1,198,0,195,39,1,235,182,205,44,2,433,20,0,20,453
06/15/2021,OGG,HI,AWP,WE,Towers with Radar,170,13,4,0,187,0,197,31,2,230,170,210,35,2,417,12,0,12,429
06/16/2021,OGG,HI,AWP,WE,Towers with Radar,172,12,4,1,189,0,190,37,1,228,172,202,41,2,417,14,0,14,431
06/17/2021,OGG,HI,AWP,WE,Towers with Radar,179,17,8,3,207,0,201,30,11,242,179,218,38,14,449,48,6,54,503
06/18/2021,OGG,HI,AWP,WE,Towers with Radar,178,12,7,0,197,0,192,40,0,232,178,204,47,0,429,10,0,10,439
06/19/2021,OGG,HI,AWP,WE,Towers with Radar,170,16,6,1,193,0,177,33,2,212,170,193,39,3,405,6,0,6,411
06/20/2021,OGG,HI,AWP,WE,Towers with Radar,170,15,6,0,191,0,166,29,0,195,170,181,35,0,386,0,0,0,386
06/21/2021,OGG,HI,AWP,WE,Towers with Radar,181,18,13,1,213,0,207,22,2,231,181,225,35,3,444,16,0,16,460
06/22/2021,OGG,HI,AWP,WE,Towers with Radar,179,7,4,0,190,0,182,43,4,229,179,189,47,4,419,26,0,26,445
06/23/2021,OGG,HI,AWP,WE,Towers with Radar,170,12,8,6,196,0,214,31,1,246,170,226,39,7,442,8,0,8,450
06/24/2021,OGG,HI,AWP,WE,Towers with Radar,188,9,10,2,209,0,198,38,0,236,188,207,48,2,445,18,0,18,463
06/25/2021,OGG,HI,AWP,WE,Towers with Radar,176,12,5,0,193,0,193,53,0,246,176,205,58,0,439,30,0,30,469
06/26/2021,OGG,HI,AWP,WE,Towers with Radar,167,13,11,0,191,0,159,48,0,207,167,172,59,0,398,20,0,20,418
06/27/2021,OGG,HI,AWP,WE,Towers with Radar,175,12,14,0,201,0,161,25,4,190,175,173,39,4,391,18,0,18,409
06/28/2021,OGG,HI,AWP,WE,Towers with Radar,169,13,4,8,194,0,192,45,2,239,169,205,49,10,433,42,4,46,479
06/29/2021,OGG,HI,AWP,WE,Towers with Radar,171,14,9,1,195,0,182,50,5,237,171,196,59,6,432,32,8,40,472
06/30/2021,OGG,HI,AWP,WE,Towers with Radar,159,11,5,3,178,0,193,35,3,231,159,204,40,6,409,24,0,24,433
07/01/2021,OGG,HI,AWP,WE,Towers with Radar,186,17,13,3,219,0,198,47,4,249,186,215,60,7,468,36,0,36,504
07/02/2021,OGG,HI,AWP,WE,Towers with Radar,177,25,14,0,216,0,171,31,0,202,177,196,45,0,418,8,0,8,426
07/03/2021,OGG,HI,AWP,WE,Towers with Radar,166,12,10,0,188,0,169,39,0,208,166,181,49,0,396,12,0,12,408
07/04/2021,OGG,HI,AWP,WE,Towers with Radar,172,3,10,0,185,0,160,52,0,212,172,163,62,0,397,18,0,18,415
07/05/2021,OGG,HI,AWP,WE,Towers with Radar,178,25,6,0,209,0,160,30,0,190,178,185,36,0,399,12,0,12,411
07/06/2021,OGG,HI,AWP,WE,Towers with Radar,189,12,9,2,212,0,201,37,0,238,189,213,46,2,450,16,0,16,466
07/07/2021,OGG,HI,AWP,WE,Towers with Radar,177,20,13,2,212,0,211,56,0,267,177,231,69,2,479,26,0,26,505
07/08/2021,OGG,HI,AWP,WE,Towers with Radar,189,15,11,1,216,0,236,37,2,275,189,251,48,3,491,42,0,42,533
07/09/2021,OGG,HI,AWP,WE,Towers with Radar,190,15,9,0,214,0,218,25,4,247,190,233,34,4,461,34,0,34,495
07/10/2021,OGG,HI,AWP,WE,Towers with Radar,185,15,5,2,207,0,182,47,0,229,185,197,52,2,436,20,0,20,456
07/11/2021,OGG,HI,AWP,WE,Towers with Radar,182,14,8,1,205,0,187,36,0,223,182,201,44,1,428,30,0,30,458
07/12/2021,OGG,HI,AWP,WE,Towers with Radar,182,14,8,0,204,0,181,30,0,211,182,195,38,0,415,20,0,20,435
07/13/2021,OGG,HI,AWP,WE,Towers with Radar,180,14,5,1,200,0,185,41,1,227,180,199,46,2,427,14,0,14,441
07/14/2021,OGG,HI,AWP,WE,Towers with Radar,185,18,4,5,212,0,206,38,3,247,185,224,42,8,459,24,0,24,483
07/15/2021,OGG,HI,AWP,WE,Towers with Radar,190,12,7,5,214,0,230,48,1,279,190,242,55,6,493,20,0,20,513
07/16/2021,OGG,HI,AWP,WE,Towers with Radar,163,16,11,0,190,0,199,37,1,237,163,215,48,1,427,12,0,12,439
07/17/2021,OGG,HI,AWP,WE,Towers with Radar,182,22,10,0,214,0,188,30,2,220,182,210,40,2,434,14,0,14,448
07/18/2021,OGG,HI,AWP,WE,Towers with Radar,185,30,17,2,234,0,158,19,1,178,185,188,36,3,412,8,0,8,420
07/19/2021,OGG,HI,AWP,WE,Towers with Radar,169,14,14,1,198,0,178,38,3,219,169,192,52,4,417,50,0,50,467
07/20/2021,OGG,HI,AWP,WE,Towers with Radar,177,15,4,3,199,0,162,35,7,204,177,177,39,10,403,26,0,26,429
07/21/2021,OGG,HI,AWP,WE,Towers with Radar,193,21,4,7,225,0,209,20,3,232,193,230,24,10,457,18,0,18,475
07/22/2021,OGG,HI,AWP,WE,Towers with Radar,184,25,11,2,222,0,224,50,4,278,184,249,61,6,500,52,0,52,552
07/23/2021,OGG,HI,AWP,WE,Towers with Radar,177,20,11,6,214,0,220,37,0,257,177,240,48,6,471,12,0,12,483
07/24/2021,OGG,HI,AWP,WE,Towers with Radar,184,25,12,0,221,0,182,27,0,209,184,207,39,0,430,10,0,10,440
07/25/2021,OGG,HI,AWP,WE,Towers with Radar,176,26,2,0,204,0,182,25,0,207,176,208,27,0,411,28,0,28,439
07/26/2021,OGG,HI,AWP,WE,Towers with Radar,182,23,7,1,213,0,189,23,1,213,182,212,30,2,426,60,0,60,486
07/27/2021,OGG,HI,AWP,WE,Towers with Radar,174,20,1,2,197,0,203,48,0,251,174,223,49,2,448,24,0,24,472
07/28/2021,OGG,HI,AWP,WE,Towers with Radar,172,27,11,0,210,0,210,38,1,249,172,237,49,1,459,58,0,58,517
07/29/2021,OGG,HI,AWP,WE,Towers with Radar,186,29,7,0,222,0,182,30,0,212,186,211,37,0,434,6,0,6,440
07/30/2021,OGG,HI,AWP,WE,Towers with Radar,180,19,11,3,213,0,195,24,1,220,180,214,35,4,433,34,0,34,467
07/31/2021,OGG,HI,AWP,WE,Towers with Radar,172,16,16,2,206,0,180,26,0,206,172,196,42,2,412,12,0,12,424
08/01/2021,OGG,HI,AWP,WE,Towers with Radar,186,13,8,0,207,0,172,33,0,205,186,185,41,0,412,32,0,32,444
08/02/2021,OGG,HI,AWP,WE,Towers with Radar,186,20,8,0,214,0,179,23,1,203,186,199,31,1,417,12,0,12,429
08/03/2021,OGG,HI,AWP,WE,Towers with Radar,178,22,13,0,213,0,179,27,6,212,178,201,40,6,425,42,0,42,467
08/04/2021,OGG,HI,AWP,WE,Towers with Radar,188,13,8,1,210,0,194,36,1,231,188,207,44,2,441,12,0,12,453
08/05/2021,OGG,HI,AWP,WE,Towers with Radar,181,15,8,6,210,0,170,35,6,211,181,185,43,12,421,40,0,40,461
08/06/2021,OGG,HI,AWP,WE,Towers with Radar,187,23,13,0,223,0,205,34,0,239,187,228,47,0,462,20,0,20,482
08/07/2021,OGG,HI,AWP,WE,Towers with Radar,184,14,8,2,208,0,192,40,3,235,184,206,48,5,443,22,0,22,465
08/08/2021,OGG,HI,AWP,WE,Towers with Radar,174,14,7,4,199,0,191,30,0,221,174,205,37,4,420,24,0,24,444
08/09/2021,OGG,HI,AWP,WE,Towers with Radar,178,18,16,0,212,0,205,38,0,243,178,223,54,0,455,12,0,12,467
08/10/2021,OGG,HI,AWP,WE,Towers with Radar,181,27,4,0,212,0,176,25,6,207,181,203,29,6,419,28,0,28,447
08/11/2021,OGG,HI,AWP,WE,Towers with Radar,175,15,7,3,200,0,204,49,2,255,175,219,56,5,455,34,12,46,501
08/12/2021,OGG,HI,AWP,WE,Towers with Radar,187,18,11,4,220,0,211,30,4,245,187,229,41,8,465,12,0,12,477
08/13/2021,OGG,HI,AWP,WE,Towers with Radar,185,17,9,4,215,0,194,26,0,220,185,211,35,4,435,30,0,30,465
08/14/2021,OGG,HI,AWP,WE,Towers with Radar,179,14,19,0,212,0,197,30,0,227,179,211,49,0,439,10,0,10,449
08/15/2021,OGG,HI,AWP,WE,Towers with Radar,192,17,15,0,224,0,151,24,0,175,192,168,39,0,399,8,0,8,407
08/16/2021,OGG,HI,AWP,WE,Towers with Radar,181,12,5,8,206,0,205,37,1,243,181,217,42,9,449,40,0,40,489
08/17/2021,OGG,HI,AWP,WE,Towers with Radar,175,19,6,4,204,0,188,28,0,216,175,207,34,4,420,24,0,24,444
08/18/2021,OGG,HI,AWP,WE,Towers with Radar,180,16,12,2,210,0,210,39,1,250,180,226,51,3,460,44,0,44,504
08/19/2021,OGG,HI,AWP,WE,Towers with Radar,188,14,6,3,211,0,190,38,1,229,188,204,44,4,440,20,0,20,460
08/20/2021,OGG,HI,AWP,WE,Towers with Radar,176,17,8,0,201,0,201,35,0,236,176,218,43,0,437,12,0,12,449
08/21/2021,OGG,HI,AWP,WE,Towers with Radar,175,10,9,0,194,0,190,38,4,232,175,200,47,4,426,32,0,32,458
08/22/2021,OGG,HI,AWP,WE,Towers with Radar,182,29,8,0,219,0,131,21,0,152,182,160,29,0,371,42,0,42,413
08/23/2021,OGG,HI,AWP,WE,Towers with Radar,187,38,14,1,240,0,19,4,3,26,187,57,18,4,266,4,0,4,270
08/24/2021,OGG,HI,AWP,WE,Towers with Radar,176,12,8,2,198,0,173,28,13,214,176,185,36,15,412,8,0,8,420
08/25/2021,OGG,HI,AWP,WE,Towers with Radar,170,8,5,4,187,0,164,36,3,203,170,172,41,7,390,18,0,18,408
08/26/2021,OGG,HI,AWP,WE,Towers with Radar,185,17,8,0,210,0,189,37,1,227,185,206,45,1,437,22,0,22,459
08/27/2021,OGG,HI,AWP,WE,Towers with Radar,177,9,16,0,202,0,174,38,2,214,177,183,54,2,416,4,0,4,420
08/28/2021,OGG,HI,AWP,WE,Towers with Radar,183,18,7,0,208,0,146,30,0,176,183,164,37,0,384,12,0,12,396
08/29/2021,OGG,HI,AWP,WE,Towers with Radar,170,15,8,1,194,0,141,26,1,168,170,156,34,2,362,14,6,20,382
08/30/2021,OGG,HI,AWP,WE,Towers with Radar,172,12,6,3,193,0,169,30,1,200,172,181,36,4,393,44,0,44,437
08/31/2021,OGG,HI,AWP,WE,Towers with Radar,178,16,7,3,204,0,169,46,1,216,178,185,53,4,420,19,0,19,439
09/01/2021,OGG,HI,AWP,WE,Towers with Radar,174,9,9,2,194,0,152,36,0,188,174,161,45,2,382,28,0,28,410
09/02/2021,OGG,HI,AWP,WE,Towers with Radar,178,10,12,1,201,0,157,33,3,193,178,167,45,4,394,10,0,10,404
09/03/2021,OGG,HI,AWP,WE,Towers with Radar,189,17,6,0,212,0,165,20,1,186,189,182,26,1,398,4,0,4,402
09/04/2021,OGG,HI,AWP,WE,Towers with Radar,181,11,7,2,201,0,154,37,4,195,181,165,44,6,396,26,0,26,422
09/05/2021,OGG,HI,AWP,WE,Towers with Radar,186,21,7,2,216,0,130,29,3,162,186,151,36,5,378,38,0,38,416
09/06/2021,OGG,HI,AWP,WE,Towers with Radar,186,10,6,2,204,0,172,26,3,201,186,182,32,5,405,4,0,4,409
09/07/2021,OGG,HI,AWP,WE,Towers with Radar,172,9,1,0,182,0,163,25,1,189,172,172,26,1,371,33,0,33,404
09/08/2021,OGG,HI,AWP,WE,Towers with Radar,162,11,9,2,184,0,152,47,1,200,162,163,56,3,384,50,0,50,434
09/09/2021,OGG,HI,AWP,WE,Towers with Radar,178,8,5,5,196,0,172,36,1,209,178,180,41,6,405,48,0,48,453
09/10/2021,OGG,HI,AWP,WE,Towers with Radar,156,8,3,3,170,0,166,27,5,198,156,174,30,8,368,12,0,12,380
09/11/2021,OGG,HI,AWP,WE,Towers with Radar,167,12,2,0,181,0,124,35,5,164,167,136,37,5,345,48,0,48,393
09/12/2021,OGG,HI,AWP,WE,Towers with Radar,160,13,3,0,176,0,116,31,0,147,160,129,34,0,323,36,0,36,359
09/13/2021,OGG,HI,AWP,WE,Towers with Radar,153,15,3,0,171,0,131,23,1,155,153,146,26,1,326,36,0,36,362
09/14/2021,OGG,HI,AWP,WE,Towers with Radar,156,13,10,3,182,0,154,23,10,187,156,167,33,13,369,46,0,46,415
09/15/2021,OGG,HI,AWP,WE,Towers with Radar,169,8,2,1,180,0,170,36,8,214,169,178,38,9,394,42,0,42,436
09/16/2021,OGG,HI,AWP,WE,Towers with Radar,171,11,6,4,192,0,181,24,7,212,171,192,30,11,404,0,0,0,404
09/17/2021,OGG,HI,AWP,WE,Towers with Radar,173,12,5,5,195,0,163,34,4,201,173,175,39,9,396,12,0,12,408
09/18/2021,OGG,HI,AWP,WE,Towers with Radar,158,10,3,0,171,0,125,15,0,140,158,135,18,0,311,56,0,56,367
09/19/2021,OGG,HI,AWP,WE,Towers with Radar,166,9,2,0,177,0,134,25,1,160,166,143,27,1,337,26,0,26,363
09/20/2021,OGG,HI,AWP,WE,Towers with Radar,162,20,6,0,188,0,144,27,0,171,162,164,33,0,359,40,0,40,399
09/21/2021,OGG,HI,AWP,WE,Towers with Radar,162,12,6,2,182,0,148,29,4,181,162,160,35,6,363,52,0,52,415
09/22/2021,OGG,HI,AWP,WE,Towers with Radar,159,14,6,2,181,0,172,53,2,227,159,186,59,4,408,18,0,18,426
09/23/2021,OGG,HI,AWP,WE,Towers with Radar,166,6,9,5,186,0,173,28,2,203,166,179,37,7,389,36,6,42,431
09/24/2021,OGG,HI,AWP,WE,Towers with Radar,174,14,6,3,197,0,152,33,2,187,174,166,39,5,384,24,0,24,408
09/25/2021,OGG,HI,AWP,WE,Towers with Radar,173,16,4,0,193,0,148,38,0,186,173,164,42,0,379,50,0,50,429
09/26/2021,OGG,HI,AWP,WE,Towers with Radar,161,12,7,1,181,0,132,27,0,159,161,144,34,1,340,28,0,28,368
09/27/2021,OGG,HI,AWP,WE,Towers with Radar,159,9,3,1,172,0,148,30,1,179,159,157,33,2,351,12,0,12,363
09/28/2021,OGG,HI,AWP,WE,Towers with Radar,160,8,4,4,176,0,146,33,5,184,160,154,37,9,360,45,2,47,407
09/29/2021,OGG,HI,AWP,WE,Towers with Radar,161,10,1,3,175,0,158,32,3,193,161,168,33,6,368,26,0,26,394
09/30/2021,OGG,HI,AWP,WE,Towers with Radar,168,26,1,6,201,0,133,28,0,161,168,159,29,6,362,62,0,62,424
10/01/2021,OGG,HI,AWP,WE,Towers with Radar,162,10,6,0,178,0,146,39,0,185,162,156,45,0,363,32,0,32,395
10/02/2021,OGG,HI,AWP,WE,Towers with Radar,143,8,7,4,162,0,123,25,0,148,143,131,32,4,310,20,0,20,330
10/03/2021,OGG,HI,AWP,WE,Towers with Radar,157,12,7,1,177,0,100,35,1,136,157,112,42,2,313,40,0,40,353
10/04/2021,OGG,HI,AWP,WE,Towers with Radar,159,10,4,0,173,0,140,33,1,174,159,150,37,1,347,8,0,8,355
10/05/2021,OGG,HI,AWP,WE,Towers with Radar,159,10,7,5,181,0,171,30,2,203,159,181,37,7,384,8,2,10,394
10/06/2021,OGG,HI,AWP,WE,Towers with Radar,157,6,7,2,172,0,148,32,2,182,157,154,39,4,354,4,0,4,358
10/07/2021,OGG,HI,AWP,WE,Towers with Radar,171,12,7,1,191,0,161,33,0,194,171,173,40,1,385,36,0,36,421
10/08/2021,OGG,HI,AWP,WE,Towers with Radar,167,15,2,1,185,0,153,22,2,177,167,168,24,3,362,8,0,8,370
10/09/2021,OGG,HI,AWP,WE,Towers with Radar,160,32,5,2,199,0,57,12,0,69,160,89,17,2,268,0,2,2,270
10/10/2021,OGG,HI,AWP,WE,Towers with Radar,148,17,2,0,167,0,135,9,2,146,148,152,11,2,313,22,0,22,335
10/11/2021,OGG,HI,AWP,WE,Towers with Radar,149,18,6,0,173,0,146,15,0,161,149,164,21,0,334,52,0,52,386
10/12/2021,OGG,HI,AWP,WE,Towers with Radar,163,15,10,0,188,0,126,16,0,142,163,141,26,0,330,34,0,34,364
10/13/2021,OGG,HI,AWP,WE,Towers with Radar,156,16,11,3,186,0,160,27,1,188,156,176,38,4,374,38,0,38,412
10/14/2021,OGG,HI,AWP,WE,Towers with Radar,166,18,13,0,197,0,157,29,1,187,166,175,42,1,384,20,0,20,404
10/15/2021,OGG,HI,AWP,WE,Towers with Radar,167,13,6,0,186,0,167,20,2,189,167,180,26,2,375,40,0,40,415
10/16/2021,OGG,HI,AWP,WE,Towers with Radar,166,12,3,1,182,0,143,32,6,181,166,155,35,7,363,10,0,10,373
10/17/2021,OGG,HI,AWP,WE,Towers with Radar,160,9,2,1,172,0,140,25,3,168,160,149,27,4,340,28,0,28,368
10/18/2021,OGG,HI,AWP,WE,Towers with Radar,156,13,6,0,175,0,157,21,0,178,156,170,27,0,353,14,0,14,367
10/19/2021,OGG,HI,AWP,WE,Towers with Radar,162,10,15,2,189,0,173,37,0,210,162,183,52,2,399,50,0,50,449
10/20/2021,OGG,HI,AWP,WE,Towers with Radar,160,10,6,0,176,0,172,29,0,201,160,182,35,0,377,34,0,34,411
10/21/2021,OGG,HI,AWP,WE,Towers with Radar,160,9,13,4,186,0,156,28,4,188,160,165,41,8,374,38,2,40,414
10/22/2021,OGG,HI,AWP,WE,Towers with Radar,161,16,6,0,183,0,142,28,3,173,161,158,34,3,356,14,0,14,370
10/23/2021,OGG,HI,AWP,WE,Towers with Radar,174,12,4,0,190,0,139,25,0,164,174,151,29,0,354,30,0,30,384
10/24/2021,OGG,HI,AWP,WE,Towers with Radar,161,16,2,0,179,0,138,31,5,174,161,154,33,5,353,20,0,20,373
10/25/2021,OGG,HI,AWP,WE,Towers with Radar,157,8,10,5,180,0,139,32,1,172,157,147,42,6,352,30,0,30,382
10/26/2021,OGG,HI,AWP,WE,Towers with Radar,154,8,9,7,178,0,147,38,8,193,154,155,47,15,371,46,0,46,417
10/27/2021,OGG,HI,AWP,WE,Towers with Radar,153,9,9,0,171,0,159,42,0,201,153,168,51,0,372,36,0,36,408
10/28/2021,OGG,HI,AWP,WE,Towers with Radar,163,22,8,4,197,0,159,34,4,197,163,181,42,8,394,78,0,78,472
10/29/2021,OGG,HI,AWP,WE,Towers with Radar,161,16,9,0,186,0,159,40,2,201,161,175,49,2,387,40,0,40,427
10/30/2021,OGG,HI,AWP,WE,Towers with Radar,160,13,8,4,185,0,135,34,3,172,160,148,42,7,357,42,0,42,399
10/31/2021,OGG,HI,AWP,WE,Towers with Radar,151,8,9,0,168,0,103,34,0,137,151,111,43,0,305,36,0,36,341
11/01/2021,OGG,HI,AWP,WE,Towers with Radar,166,16,7,0,189,0,144,42,0,186,166,160,49,0,375,11,0,11,386
11/02/2021,OGG,HI,AWP,WE,Towers with Radar,165,18,8,6,197,0,136,49,5,190,165,154,57,11,387,34,0,34,421
11/03/2021,OGG,HI,AWP,WE,Towers with Radar,160,16,3,0,179,0,130,53,2,185,160,146,56,2,364,18,0,18,382
11/04/2021,OGG,HI,AWP,WE,Towers with Radar,162,7,8,2,179,0,144,33,4,181,162,151,41,6,360,24,0,24,384
11/05/2021,OGG,HI,AWP,WE,Towers with Radar,181,10,12,0,203,0,154,45,1,200,181,164,57,1,403,12,0,12,415
11/06/2021,OGG,HI,AWP,WE,Towers with Radar,167,6,5,2,180,0,133,21,0,154,167,139,26,2,334,36,0,36,370
11/07/2021,OGG,HI,AWP,WE,Towers with Radar,165,6,11,2,184,0,106,23,1,130,165,112,34,3,314,50,0,50,364
11/08/2021,OGG,HI,AWP,WE,Towers with Radar,173,6,5,0,184,0,151,21,2,174,173,157,26,2,358,18,0,18,376
11/09/2021,OGG,HI,AWP,WE,Towers with Radar,165,12,13,0,190,0,146,35,0,181,165,158,48,0,371,26,0,26,397
11/10/2021,OGG,HI,AWP,WE,Towers with Radar,162,10,3,3,178,0,169,42,1,212,162,179,45,4,390,18,0,18,408
11/11/2021,OGG,HI,AWP,WE,Towers with Radar,165,5,5,1,176,0,151,46,2,199,165,156,51,3,375,8,0,8,383
11/12/2021,OGG,HI,AWP,WE,Towers with Radar,166,10,5,0,181,0,154,26,0,180,166,164,31,0,361,48,0,48,409
11/13/2021,OGG,HI,AWP,WE,Towers with Radar,163,10,11,2,186,0,140,31,2,173,163,150,42,4,359,22,2,24,383
11/14/2021,OGG,HI,AWP,WE,Towers with Radar,163,25,14,0,202,0,50,3,0,53,163,75,17,0,255,6,0,6,261
11/15/2021,OGG,HI,AWP,WE,Towers with Radar,181,16,7,0,204,0,145,15,0,160,181,161,22,0,364,4,0,4,368
11/16/2021,OGG,HI,AWP,WE,Towers with Radar,165,7,10,3,185,0,146,18,3,167,165,153,28,6,352,28,2,30,382
11/17/2021,OGG,HI,AWP,WE,Towers with Radar,160,14,8,2,184,0,155,23,2,180,160,169,31,4,364,50,0,50,414
11/18/2021,OGG,HI,AWP,WE,Towers with Radar,177,13,10,3,203,0,144,28,1,173,177,157,38,4,376,52,0,52,428
11/19/2021,OGG,HI,AWP,WE,Towers with Radar,163,13,22,0,198,0,177,32,2,211,163,190,54,2,409,44,0,44,453
11/20/2021,OGG,HI,AWP,WE,Towers with Radar,170,10,14,0,194,0,142,40,0,182,170,152,54,0,376,16,0,16,392
11/21/2021,OGG,HI,AWP,WE,Towers with Radar,167,13,11,1,192,0,142,53,1,196,167,155,64,2,388,18,0,18,406
11/22/2021,OGG,HI,AWP,WE,Towers with Radar,175,19,6,9,209,0,105,21,5,131,175,124,27,14,340,48,2,50,390
11/23/2021,OGG,HI,AWP,WE,Towers with Radar,175,13,10,2,200,0,239,53,6,298,175,252,63,8,498,26,0,26,524
11/24/2021,OGG,HI,AWP,WE,Towers with Radar,169,11,5,2,187,0,208,45,0,253,169,219,50,2,440,38,0,38,478
11/25/2021,OGG,HI,AWP,WE,Towers with Radar,163,3,4,0,170,0,153,11,0,164,163,156,15,0,334,32,0,32,366
11/26/2021,OGG,HI,AWP,WE,Towers with Radar,166,7,13,2,188,0,203,54,2,259,166,210,67,4,447,32,0,32,479
11/27/2021,OGG,HI,AWP,WE,Towers with Radar,176,18,22,0,216,0,181,39,2,222,176,199,61,2,438,6,2,8,446
11/28/2021,OGG,HI,AWP,WE,Towers with Radar,173,30,21,0,224,0,154,32,0,186,173,184,53,0,410,46,0,46,456
11/29/2021,OGG,HI,AWP,WE,Towers with Radar,172,23,7,2,204,0,104,12,0,116,172,127,19,2,320,24,0,24,344
11/30/2021,OGG,HI,AWP,WE,Towers with Radar,167,14,9,2,192,0,154,28,0,182,167,168,37,2,374,34,0,34,408
12/01/2021,OGG,HI,AWP,WE,Towers with Radar,172,9,11,2,194,0,150,22,1,173,172,159,33,3,367,40,0,40,407
12/02/2021,OGG,HI,AWP,WE,Towers with Radar,169,10,6,10,195,0,166,35,1,202,169,176,41,11,397,4,0,4,401
12/03/2021,OGG,HI,AWP,WE,Towers with Radar,165,54,5,3,227,0,41,5,2,48,165,95,10,5,275,4,0,4,279
12/04/2021,OGG,HI,AWP,WE,Towers with Radar,169,23,8,4,204,0,109,7,0,116,169,132,15,4,320,42,0,42,362
12/05/2021,OGG,HI,AWP,WE,Towers with Radar,153,37,7,0,197,0,31,4,0,35,153,68,11,0,232,12,0,12,244
12/06/2021,OGG,HI,AWP,WE,Towers with Radar,168,23,10,0,201,0,33,10,0,43,168,56,20,0,244,2,0,2,246
12/07/2021,OGG,HI,AWP,WE,Towers with Radar,163,30,6,10,209,0,42,1,4,47,163,72,7,14,256,4,0,4,260
12/08/2021,OGG,HI,AWP,WE,Towers with Radar,165,15,10,9,199,0,177,27,3,207,165,192,37,12,406,20,0,20,426
12/09/2021,OGG,HI,AWP,WE,Towers with Radar,175,13,8,0,196,0,192,36,11,239,175,205,44,11,435,11,0,11,446
12/10/2021,OGG,HI,AWP,WE,Towers with Radar,173,11,12,0,196,0,157,40,0,197,173,168,52,0,393,20,0,20,413
12/11/2021,OGG,HI,AWP,WE,Towers with Radar,169,11,10,0,190,0,164,19,7,190,169,175,29,7,380,70,0,70,450
12/12/2021,OGG,HI,AWP,WE,Towers with Radar,171,10,6,0,187,0,128,39,5,172,171,138,45,5,359,12,0,12,371
12/13/2021,OGG,HI,AWP,WE,Towers with Radar,164,24,7,4,199,0,125,26,2,153,164,149,33,6,352,40,0,40,392
12/14/2021,OGG,HI,AWP,WE,Towers with Radar,169,8,9,2,188,0,159,36,3,198,169,167,45,5,386,50,0,50,436
12/15/2021,OGG,HI,AWP,WE,Towers with Radar,176,9,8,5,198,0,169,27,11,207,176,178,35,16,405,34,0,34,439
12/16/2021,OGG,HI,AWP,WE,Towers with Radar,185,13,10,2,210,0,165,26,7,198,185,178,36,9,408,38,0,38,446
12/17/2021,OGG,HI,AWP,WE,Towers with Radar,190,25,17,2,234,0,182,30,7,219,190,207,47,9,453,80,0,80,533
12/18/2021,OGG,HI,AWP,WE,Towers with Radar,175,13,23,2,213,0,151,35,2,188,175,164,58,4,401,78,0,78,479
12/19/2021,OGG,HI,AWP,WE,Towers with Radar,176,33,22,1,232,0,117,16,0,133,176,150,38,1,365,46,0,46,411
12/20/2021,OGG,HI,AWP,WE,Towers with Radar,203,12,13,0,228,0,202,26,3,231,203,214,39,3,459,34,0,34,493
12/21/2021,OGG,HI,AWP,WE,Towers with Radar,196,35,6,0,237,0,119,23,4,146,196,154,29,4,383,52,0,52,435
12/22/2021,OGG,HI,AWP,WE,Towers with Radar,178,36,13,0,227,0,95,8,0,103,178,131,21,0,330,26,0,26,356
12/23/2021,OGG,HI,AWP,WE,Towers with Radar,199,20,12,0,231,0,224,45,0,269,199,244,57,0,500,68,0,68,568
12/24/2021,OGG,HI,AWP,WE,Towers with Radar,186,14,13,0,213,0,218,34,2,254,186,232,47,2,467,14,0,14,481
12/25/2021,OGG,HI,AWP,WE,Towers with Radar,175,6,14,0,195,0,134,21,0,155,175,140,35,0,350,4,0,4,354
12/26/2021,OGG,HI,AWP,WE,Towers with Radar,180,25,28,0,233,0,227,50,2,279,180,252,78,2,512,44,0,44,556
12/27/2021,OGG,HI,AWP,WE,Towers with Radar,192,21,29,0,242,0,216,46,2,264,192,237,75,2,506,0,0,0,506
12/28/2021,OGG,HI,AWP,WE,Towers with Radar,186,31,19,1,237,0,203,54,1,258,186,234,73,2,495,40,0,40,535
12/29/2021,OGG,HI,AWP,WE,Towers with Radar,181,15,13,0,209,0,204,41,0,245,181,219,54,0,454,30,0,30,484
12/30/2021,OGG,HI,AWP,WE,Towers with Radar,181,18,9,0,208,0,179,49,0,228,181,197,58,0,436,62,0,62,498
12/31/2021,OGG,HI,AWP,WE,Towers with Radar,168,35,9,0,212,0,132,22,0,154,168,167,31,0,366,64,0,64,430
01/01/2022,OGG,HI,AWP,WE,Towers with Radar,171,23,35,0,229,0,169,18,0,187,171,192,53,0,416,0,0,0,416
01/02/2022,OGG,HI,AWP,WE,Towers with Radar,182,20,31,0,233,0,152,25,0,177,182,172,56,0,410,36,0,36,446
01/03/2022,OGG,HI,AWP,WE,Towers with Radar,174,23,20,0,217,0,169,32,0,201,174,192,52,0,418,38,0,38,456
01/04/2022,OGG,HI,AWP,WE,Towers with Radar,163,15,15,0,193,0,159,47,2,208,163,174,62,2,401,36,0,36,437
01/05/2022,OGG,HI,AWP,WE,Towers with Radar,168,16,18,5,207,0,177,46,0,223,168,193,64,5,430,52,0,52,482
01/06/2022,OGG,HI,AWP,WE,Towers with Radar,167,18,19,4,208,0,185,46,0,231,167,203,65,4,439,14,0,14,453
01/07/2022,OGG,HI,AWP,WE,Towers with Radar,166,10,15,3,194,0,170,53,5,228,166,180,68,8,422,2,0,2,424
01/08/2022,OGG,HI,AWP,WE,Towers with Radar,159,17,12,5,193,0,111,33,1,145,159,128,45,6,338,38,4,42,380
01/09/2022,OGG,HI,AWP,WE,Towers with Radar,169,17,12,1,199,0,112,32,1,145,169,129,44,2,344,44,0,44,388
01/10/2022,OGG,HI,AWP,WE,Towers with Radar,153,15,16,2,186,0,152,22,0,174,153,167,38,2,360,16,0,16,376
01/11/2022,OGG,HI,AWP,WE,Towers with Radar,153,16,17,1,187,0,154,29,5,188,153,170,46,6,375,26,0,26,401
01/12/2022,OGG,HI,AWP,WE,Towers with Radar,161,12,17,1,191,0,170,25,1,196,161,182,42,2,387,64,0,64,451
01/13/2022,OGG,HI,AWP,WE,Towers with Radar,167,13,12,7,199,0,151,32,7,190,167,164,44,14,389,20,0,20,409
01/14/2022,OGG,HI,AWP,WE,Towers with Radar,156,10,14,0,180,0,162,39,2,203,156,172,53,2,383,36,0,36,419
01/15/2022,OGG,HI,AWP,WE,Towers with Radar,137,14,9,0,160,0,142,44,2,188,137,156,53,2,348,38,0,38,386
01/16/2022,OGG,HI,AWP,WE,Towers with Radar,148,9,9,0,166,0,124,45,2,171,148,133,54,2,337,18,0,18,355
01/17/2022,OGG,HI,AWP,WE,Towers with Radar,156,15,7,0,178,0,160,31,0,191,156,175,38,0,369,10,0,10,379
01/18/2022,OGG,HI,AWP,WE,Towers with Radar,140,5,5,3,153,0,155,22,3,180,140,160,27,6,333,46,11,57,390
01/19/2022,OGG,HI,AWP,WE,Towers with Radar,151,16,14,0,181,0,162,24,0,186,151,178,38,0,367,10,0,10,377
01/20/2022,OGG,HI,AWP,WE,Towers with Radar,156,15,13,2,186,0,156,38,1,195,156,171,51,3,381,8,0,8,389
01/21/2022,OGG,HI,AWP,WE,Towers with Radar,162,10,11,1,184,0,152,40,3,195,162,162,51,4,379,24,0,24,403
01/22/2022,OGG,HI,AWP,WE,Towers with Radar,153,3,10,0,166,0,113,32,0,145,153,116,42,0,311,12,0,12,323
01/23/2022,OGG,HI,AWP,WE,Towers with Radar,147,14,12,1,174,0,110,23,1,134,147,124,35,2,308,10,4,14,322
01/24/2022,OGG,HI,AWP,WE,Towers with Radar,148,15,7,1,171,0,137,20,1,158,148,152,27,2,329,26,0,26,355
01/25/2022,OGG,HI,AWP,WE,Towers with Radar,144,13,5,1,163,0,157,28,2,187,144,170,33,3,350,56,0,56,406
01/26/2022,OGG,HI,AWP,WE,Towers with Radar,158,8,5,18,189,0,137,26,0,163,158,145,31,18,352,40,0,40,392
01/27/2022,OGG,HI,AWP,WE,Towers with Radar,151,14,7,0,172,0,168,30,2,200,151,182,37,2,372,2,0,2,374
01/28/2022,OGG,HI,AWP,WE,Towers with Radar,152,10,19,0,181,0,156,40,1,197,152,166,59,1,378,14,0,14,392
01/29/2022,OGG,HI,AWP,WE,Towers with Radar,149,11,5,0,165,0,135,31,2,168,149,146,36,2,333,16,0,16,349
01/30/2022,OGG,HI,AWP,WE,Towers with Radar,151,15,3,0,169,0,85,38,7,130,151,100,41,7,299,26,0,26,325
01/31/2022,OGG,HI,AWP,WE,Towers with Radar,154,15,6,4,179,0,141,29,4,174,154,156,35,8,353,42,2,44,397
02/01/2022,OGG,HI,AWP,WE,Towers with Radar,157,9,4,7,177,0,123,25,5,153,157,132,29,12,330,22,0,22,352
02/02/2022,OGG,HI,AWP,WE,Towers with Radar,164,11,5,0,180,0,142,22,0,164,164,153,27,0,344,18,0,18,362
02/03/2022,OGG,HI,AWP,WE,Towers with Radar,154,16,11,7,188,0,137,35,1,173,154,153,46,8,361,30,0,30,391
02/04/2022,OGG,HI,AWP,WE,Towers with Radar,160,12,8,0,180,0,162,26,14,202,160,174,34,14,382,10,0,10,392
02/05/2022,OGG,HI,AWP,WE,Towers with Radar,151,12,8,2,173,0,128,33,3,164,151,140,41,5,337,6,0,6,343
02/06/2022,OGG,HI,AWP,WE,Towers with Radar,162,9,7,2,180,0,115,26,1,142,162,124,33,3,322,30,0,30,352
02/07/2022,OGG,HI,AWP,WE,Towers with Radar,154,9,9,0,172,0,138,40,3,181,154,147,49,3,353,30,0,30,383
02/08/2022,OGG,HI,AWP,WE,Towers with Radar,155,10,8,1,174,0,141,33,5,179,155,151,41,6,353,28,6,34,387
02/09/2022,OGG,HI,AWP,WE,Towers with Radar,158,1,6,2,167,0,139,26,2,167,158,140,32,4,334,32,0,32,366
02/10/2022,OGG,HI,AWP,WE,Towers with Radar,164,13,11,7,195,0,173,42,9,224,164,186,53,16,419,24,0,24,443
02/11/2022,OGG,HI,AWP,WE,Towers with Radar,162,5,3,0,170,0,180,44,4,228,162,185,47,4,398,16,0,16,414
02/12/2022,OGG,HI,AWP,WE,Towers with Radar,165,6,8,0,179,0,149,32,1,182,165,155,40,1,361,16,0,16,377
02/13/2022,OGG,HI,AWP,WE,Towers with Radar,167,11,7,0,185,0,114,33,1,148,167,125,40,1,333,20,0,20,353
02/14/2022,OGG,HI,AWP,WE,Towers with Radar,160,14,12,0,186,0,182,34,0,216,160,196,46,0,402,6,0,6,408
02/15/2022,OGG,HI,AWP,WE,Towers with Radar,151,12,8,3,174,0,184,35,9,228,151,196,43,12,402,14,0,14,416
02/16/2022,OGG,HI,AWP,WE,Towers with Radar,168,12,12,4,196,0,169,28,2,199,168,181,40,6,395,18,0,18,413
02/17/2022,OGG,HI,AWP,WE,Towers with Radar,182,10,8,0,200,0,178,42,4,224,182,188,50,4,424,30,0,30,454
02/18/2022,OGG,HI,AWP,WE,Towers with Radar,157,23,19,0,199,0,145,45,2,192,157,168,64,2,391,8,0,8,399
02/19/2022,OGG,HI,AWP,WE,Towers with Radar,167,5,18,0,190,0,147,38,0,185,167,152,56,0,375,39,0,39,414
02/20/2022,OGG,HI,AWP,WE,Towers with Radar,163,20,14,0,197,0,97,37,0,134,163,117,51,0,331,46,0,46,377
02/21/2022,OGG,HI,AWP,WE,Towers with Radar,166,18,15,2,201,0,176,22,1,199,166,194,37,3,400,33,0,33,433
02/22/2022,OGG,HI,AWP,WE,Towers with Radar,160,5,8,9,182,0,177,40,4,221,160,182,48,13,403,28,0,28,431
02/23/2022,OGG,HI,AWP,WE,Towers with Radar,167,15,9,6,197,0,172,38,2,212,167,187,47,8,409,8,0,8,417
02/24/2022,OGG,HI,AWP,WE,Towers with Radar,178,15,13,3,209,0,194,38,0,232,178,209,51,3,441,58,0,58,499
02/25/2022,OGG,HI,AWP,WE,Towers with Radar,166,13,13,0,192,0,176,23,1,200,166,189,36,1,392,14,0,14,406
02/26/2022,OGG,HI,AWP,WE,Towers with Radar,170,11,13,0,194,0,164,28,4,196,170,175,41,4,390,28,0,28,418
02/27/2022,OGG,HI,AWP,WE,Towers with Radar,168,18,15,1,202,0,132,41,9,182,168,150,56,10,384,6,0,6,390
02/28/2022,OGG,HI,AWP,WE,Towers with Radar,166,6,11,0,183,0,142,33,0,175,166,148,44,0,358,20,0,20,378
03/01/2022,OGG,HI,AWP,WE,Towers with Radar,161,24,8,3,196,0,158,25,2,185,161,182,33,5,381,32,0,32,413
03/02/2022,OGG,HI,AWP,WE,Towers with Radar,170,13,4,1,188,0,176,35,5,216,170,189,39,6,404,10,0,10,414
03/03/2022,OGG,HI,AWP,WE,Towers with Radar,179,13,5,5,202,0,165,28,1,194,179,178,33,6,396,2,0,2,398
03/04/2022,OGG,HI,AWP,WE,Towers with Radar,167,15,5,0,187,0,169,38,0,207,167,184,43,0,394,36,0,36,430
03/05/2022,OGG,HI,AWP,WE,Towers with Radar,169,8,9,3,189,0,138,41,4,183,169,146,50,7,372,32,0,32,404
03/06/2022,OGG,HI,AWP,WE,Towers with Radar,162,8,13,2,185,0,118,34,0,152,162,126,47,2,337,18,0,18,355
03/07/2022,OGG,HI,AWP,WE,Towers with Radar,167,14,2,2,185,0,159,48,0,207,167,173,50,2,392,28,0,28,420
03/08/2022,OGG,HI,AWP,WE,Towers with Radar,162,10,3,0,175,0,163,30,3,196,162,173,33,3,371,30,0,30,401
03/09/2022,OGG,HI,AWP,WE,Towers with Radar,179,10,6,0,195,0,151,35,0,186,179,161,41,0,381,34,0,34,415
03/10/2022,OGG,HI,AWP,WE,Towers with Radar,175,13,2,3,193,0,164,40,7,211,175,177,42,10,404,46,0,46,450
03/11/2022,OGG,HI,AWP,WE,Towers with Radar,164,5,7,0,176,0,164,45,0,209,164,169,52,0,385,24,0,24,409
03/12/2022,OGG,HI,AWP,WE,Towers with Radar,155,10,11,1,177,0,139,18,1,158,155,149,29,2,335,34,0,34,369
03/13/2022,OGG,HI,AWP,WE,Towers with Radar,177,10,4,0,191,0,139,40,0,179,177,149,44,0,370,4,0,4,374
03/14/2022,OGG,HI,AWP,WE,Towers with Radar,175,16,7,1,199,0,199,31,4,234,175,215,38,5,433,4,6,10,443
03/15/2022,OGG,HI,AWP,WE,Towers with Radar,168,18,5,3,194,0,193,35,1,229,168,211,40,4,423,40,0,40,463
03/16/2022,OGG,HI,AWP,WE,Towers with Radar,181,12,5,4,202,0,224,30,0,254,181,236,35,4,456,56,0,56,512
03/17/2022,OGG,HI,AWP,WE,Towers with Radar,179,5,3,7,194,0,223,38,1,262,179,228,41,8,456,67,0,67,523
03/18/2022,OGG,HI,AWP,WE,Towers with Radar,175,29,7,0,211,0,234,31,2,267,175,263,38,2,478,30,0,30,508
03/19/2022,OGG,HI,AWP,WE,Towers with Radar,173,17,16,2,208,0,158,28,2,188,173,175,44,4,396,36,0,36,432
03/20/2022,OGG,HI,AWP,WE,Towers with Radar,170,14,11,0,195,0,170,32,2,204,170,184,43,2,399,54,0,54,453
03/21/2022,OGG,HI,AWP,WE,Towers with Radar,173,14,4,2,193,0,184,46,2,232,173,198,50,4,425,30,0,30,455
03/22/2022,OGG,HI,AWP,WE,Towers with Radar,163,16,7,0,186,0,189,29,2,220,163,205,36,2,406,36,0,36,442
03/23/2022,OGG,HI,AWP,WE,Towers with Radar,183,12,5,0,200,0,173,15,0,188,183,185,20,0,388,18,0,18,406
03/24/2022,OGG,HI,AWP,WE,Towers with Radar,180,7,10,0,197,0,189,15,0,204,180,196,25,0,401,16,0,16,417
03/25/2022,OGG,HI,AWP,WE,Towers with Radar,177,10,17,0,204,0,197,29,2,228,177,207,46,2,432,12,0,12,444
03/26/2022,OGG,HI,AWP,WE,Towers with Radar,176,25,21,0,222,0,99,26,0,125,176,124,47,0,347,10,0,10,357
03/27/2022,OGG,HI,AWP,WE,Towers with Radar,170,13,14,0,197,0,135,37,3,175,170,148,51,3,372,22,0,22,394
03/28/2022,OGG,HI,AWP,WE,Towers with Radar,175,8,5,3,191,0,174,38,1,213,175,182,43,4,404,34,0,34,438
03/29/2022,OGG,HI,AWP,WE,Towers with Radar,174,13,11,0,198,0,186,30,3,219,174,199,41,3,417,4,0,4,421
03/30/2022,OGG,HI,AWP,WE,Towers with Radar,166,23,12,2,203,0,176,28,0,204,166,199,40,2,407,8,0,8,415
03/31/2022,OGG,HI,AWP,WE,Towers with Radar,180,27,10,3,220,0,183,25,1,209,180,210,35,4,429,92,0,92,521
04/01/2022,OGG,HI,AWP,WE,Towers with Radar,171,18,10,0,199,0,157,28,0,185,171,175,38,0,384,0,0,0,384
04/02/2022,OGG,HI,AWP,WE,Towers with Radar,166,7,9,0,182,0,148,22,0,170,166,155,31,0,352,38,0,38,390
04/03/2022,OGG,HI,AWP,WE,Towers with Radar,162,14,13,0,189,0,148,18,0,166,162,162,31,0,355,0,0,0,355
04/04/2022,OGG,HI,AWP,WE,Towers with Radar,170,11,7,0,188,0,160,27,0,187,170,171,34,0,375,54,0,54,429
04/05/2022,OGG,HI,AWP,WE,Towers with Radar,159,14,2,0,175,0,168,25,3,196,159,182,27,3,371,14,0,14,385
04/06/2022,OGG,HI,AWP,WE,Towers with Radar,168,21,8,3,200,0,190,28,1,219,168,211,36,4,419,64,0,64,483
04/07/2022,OGG,HI,AWP,WE,Towers with Radar,161,12,5,0,178,0,182,30,2,214,161,194,35,2,392,18,0,18,410
04/08/2022,OGG,HI,AWP,WE,Towers with Radar,175,34,5,4,218,0,99,18,0,117,175,133,23,4,335,18,0,18,353
04/09/2022,OGG,HI,AWP,WE,Towers with Radar,176,20,14,2,212,0,151,20,2,173,176,171,34,4,385,6,0,6,391
04/10/2022,OGG,HI,AWP,WE,Towers with Radar,178,14,6,2,200,0,156,34,0,190,178,170,40,2,390,46,0,46,436
04/11/2022,OGG,HI,AWP,WE,Towers with Radar,189,18,9,3,219,0,177,30,1,208,189,195,39,4,427,12,2,14,441
04/12/2022,OGG,HI,AWP,WE,Towers with Radar,166,25,9,1,201,0,172,25,3,200,166,197,34,4,401,46,0,46,447
04/13/2022,OGG,HI,AWP,WE,Towers with Radar,179,15,9,2,205,0,192,31,0,223,179,207,40,2,428,13,0,13,441
04/14/2022,OGG,HI,AWP,WE,Towers with Radar,175,17,11,7,210,0,174,20,4,198,175,191,31,11,408,24,2,26,434
04/15/2022,OGG,HI,AWP,WE,Towers with Radar,158,23,7,2,190,0,185,42,0,227,158,208,49,2,417,16,0,16,433
04/16/2022,OGG,HI,AWP,WE,Towers with Radar,164,31,17,0,212,0,62,5,0,67,164,93,22,0,279,6,0,6,285
04/17/2022,OGG,HI,AWP,WE,Towers with Radar,169,17,4,5,195,0,153,25,1,179,169,170,29,6,374,76,0,76,450
04/18/2022,OGG,HI,AWP,WE,Towers with Radar,156,13,7,0,176,0,174,24,0,198,156,187,31,0,374,6,0,6,380
04/19/2022,OGG,HI,AWP,WE,Towers with Radar,172,14,5,2,193,0,209,27,8,244,172,223,32,10,437,16,0,16,453
04/20/2022,OGG,HI,AWP,WE,Towers with Radar,166,11,3,4,184,0,222,27,0,249,166,233,30,4,433,10,0,10,443
04/21/2022,OGG,HI,AWP,WE,Towers with Radar,179,15,7,0,201,0,190,46,4,240,179,205,53,4,441,2,0,2,443
04/22/2022,OGG,HI,AWP,WE,Towers with Radar,175,27,16,0,218,0,154,23,1,178,175,181,39,1,396,8,0,8,404
04/23/2022,OGG,HI,AWP,WE,Towers with Radar,169,18,8,2,197,0,161,21,9,191,169,179,29,11,388,8,0,8,396
04/24/2022,OGG,HI,AWP,WE,Towers with Radar,174,11,2,0,187,0,147,28,3,178,174,158,30,3,365,40,0,40,405
04/25/2022,OGG,HI,AWP,WE,Towers with Radar,166,16,11,0,193,0,182,15,1,198,166,198,26,1,391,34,0,34,425
04/26/2022,OGG,HI,AWP,WE,Towers with Radar,168,16,7,0,191,0,176,23,0,199,168,192,30,0,390,26,0,26,416
04/27/2022,OGG,HI,AWP,WE,Towers with Radar,179,15,9,1,204,0,151,14,3,168,179,166,23,4,372,56,2,58,430
04/28/2022,OGG,HI,AWP,WE,Towers with Radar,195,20,2,0,217,0,195,40,0,235,195,215,42,0,452,6,0,6,458
04/29/2022,OGG,HI,AWP,WE,Towers with Radar,174,19,12,1,206,0,169,38,4,211,174,188,50,5,417,12,0,12,429
04/30/2022,OGG,HI,AWP,WE,Towers with Radar,154,12,6,0,172,0,147,24,0,171,154,159,30,0,343,24,0,24,367
05/01/2022,OGG,HI,AWP,WE,Towers with Radar,165,31,7,1,204,0,110,13,0,123,165,141,20,1,327,0,0,0,327
05/02/2022,OGG,HI,AWP,WE,Towers with Radar,172,25,5,1,203,0,164,11,1,176,172,189,16,2,379,22,0,22,401
05/03/2022,OGG,HI,AWP,WE,Towers with Radar,168,20,4,2,194,0,152,14,2,168,168,172,18,4,362,0,0,0,362
05/04/2022,OGG,HI,AWP,WE,Towers with Radar,175,21,7,0,203,0,181,28,0,209,175,202,35,0,412,12,0,12,424
05/05/2022,OGG,HI,AWP,WE,Towers with Radar,171,22,5,1,199,0,186,31,2,219,171,208,36,3,418,28,0,28,446
05/06/2022,OGG,HI,AWP,WE,Towers with Radar,177,21,6,0,204,0,142,28,0,170,177,163,34,0,374,24,0,24,398
05/07/2022,OGG,HI,AWP,WE,Towers with Radar,169,12,11,0,192,0,131,13,2,146,169,143,24,2,338,8,16,24,362
05/08/2022,OGG,HI,AWP,WE,Towers with Radar,156,5,5,0,166,0,147,31,0,178,156,152,36,0,344,44,0,44,388
05/09/2022,OGG,HI,AWP,WE,Towers with Radar,156,9,5,5,175,0,166,33,3,202,156,175,38,8,377,14,0,14,391
05/10/2022,OGG,HI,AWP,WE,Towers with Radar,156,8,10,3,177,0,170,33,4,207,156,178,43,7,384,18,0,18,402
05/11/2022,OGG,HI,AWP,WE,Towers with Radar,165,8,2,6,181,0,172,29,2,203,165,180,31,8,384,70,0,70,454
05/12/2022,OGG,HI,AWP,WE,Towers with Radar,172,6,4,1,183,0,199,38,5,242,172,205,42,6,425,16,0,16,441
05/13/2022,OGG,HI,AWP,WE,Towers with Radar,160,7,2,1,170,0,174,30,3,207,160,181,32,4,377,28,0,28,405
05/14/2022,OGG,HI,AWP,WE,Towers with Radar,179,6,7,0,192,0,158,27,4,189,179,164,34,4,381,22,0,22,403
05/15/2022,OGG,HI,AWP,WE,Towers with Radar,163,10,7,1,181,0,162,48,1,211,163,172,55,2,392,18,0,18,410
05/16/2022,OGG,HI,AWP,WE,Towers with Radar,156,9,9,0,174,0,169,35,0,204,156,178,44,0,378,24,0,24,402
05/17/2022,OGG,HI,AWP,WE,Towers with Radar,170,9,5,0,184,0,187,24,0,211,170,196,29,0,395,2,0,2,397
05/18/2022,OGG,HI,AWP,WE,Towers with Radar,155,13,2,2,172,0,184,33,0,217,155,197,35,2,389,20,0,20,409
05/19/2022,OGG,HI,AWP,WE,Towers with Radar,176,16,9,0,201,0,194,22,2,218,176,210,31,2,419,24,0,24,443
05/20/2022,OGG,HI,AWP,WE,Towers with Radar,163,15,2,0,180,0,166,24,0,190,163,181,26,0,370,12,0,12,382
05/21/2022,OGG,HI,AWP,WE,Towers with Radar,161,2,5,0,168,0,152,26,0,178,161,154,31,0,346,8,0,8,354
05/22/2022,OGG,HI,AWP,WE,Towers with Radar,152,8,7,0,167,0,158,50,0,208,152,166,57,0,375,18,0,18,393
05/23/2022,OGG,HI,AWP,WE,Towers with Radar,161,7,5,0,173,0,178,30,4,212,161,185,35,4,385,44,0,44,429
05/24/2022,OGG,HI,AWP,WE,Towers with Radar,163,6,7,1,177,0,182,29,4,215,163,188,36,5,392,10,0,10,402
05/25/2022,OGG,HI,AWP,WE,Towers with Radar,168,12,6,8,194,0,187,42,2,231,168,199,48,10,425,38,2,40,465
05/26/2022,OGG,HI,AWP,WE,Towers with Radar,170,9,8,0,187,0,204,31,4,239,170,213,39,4,426,16,0,16,442
05/27/2022,OGG,HI,AWP,WE,Towers with Radar,175,17,4,0,196,0,190,33,0,223,175,207,37,0,419,2,0,2,421
05/28/2022,OGG,HI,AWP,WE,Towers with Radar,173,15,4,0,192,0,150,19,0,169,173,165,23,0,361,6,0,6,367
05/29/2022,OGG,HI,AWP,WE,Towers with Radar,164,8,10,0,182,0,149,20,0,169,164,157,30,0,351,26,0,26,377
05/30/2022,OGG,HI,AWP,WE,Towers with Radar,172,7,8,1,188,0,192,26,2,220,172,199,34,3,408,28,4,32,440
05/31/2022,OGG,HI,AWP,WE,Towers with Radar,181,8,11,2,202,0,198,23,2,223,181,206,34,4,425,8,0,8,433
06/01/2022,OGG,HI,AWP,WE,Towers with Radar,165,13,10,0,188,0,199,23,2,224,165,212,33,2,412,36,0,36,448
06/02/2022,OGG,HI,AWP,WE,Towers with Radar,167,20,8,4,199,0,126,34,6,166,167,146,42,10,365,50,0,50,415
06/03/2022,OGG,HI,AWP,WE,Towers with Radar,171,12,16,2,201,0,218,31,1,250,171,230,47,3,451,20,0,20,471
06/04/2022,OGG,HI,AWP,WE,Towers with Radar,170,11,6,3,190,0,176,24,1,201,170,187,30,4,391,10,0,10,401
06/05/2022,OGG,HI,AWP,WE,Towers with Radar,176,12,6,1,195,0,145,34,0,179,176,157,40,1,374,56,0,56,430
06/06/2022,OGG,HI,AWP,WE,Towers with Radar,169,4,4,7,184,0,203,36,1,240,169,207,40,8,424,41,0,41,465
06/07/2022,OGG,HI,AWP,WE,Towers with Radar,180,12,3,1,196,0,227,21,3,251,180,239,24,4,447,8,0,8,455
06/08/2022,OGG,HI,AWP,WE,Towers with Radar,188,10,3,0,201,0,227,27,1,255,188,237,30,1,456,28,0,28,484
06/09/2022,OGG,HI,AWP,WE,Towers with Radar,181,21,6,1,209,0,205,37,3,245,181,226,43,4,454,16,0,16,470
06/10/2022,OGG,HI,AWP,WE,Towers with Radar,182,10,8,2,202,0,175,33,4,212,182,185,41,6,414,6,0,6,420
06/11/2022,OGG,HI,AWP,WE,Towers with Radar,170,3,9,1,183,0,171,30,3,204,170,174,39,4,387,4,0,4,391
06/12/2022,OGG,HI,AWP,WE,Towers with Radar,183,10,9,0,202,0,155,24,0,179,183,165,33,0,381,27,6,33,414
06/13/2022,OGG,HI,AWP,WE,Towers with Radar,176,11,8,0,195,0,205,34,2,241,176,216,42,2,436,4,0,4,440
06/14/2022,OGG,HI,AWP,WE,Towers with Radar,175,10,2,3,190,0,151,32,5,188,175,161,34,8,378,26,0,26,404
06/15/2022,OGG,HI,AWP,WE,Towers with Radar,183,20,6,1,210,0,121,17,3,141,183,141,23,4,351,6,0,6,357
06/16/2022,OGG,HI,AWP,WE,Towers with Radar,176,20,12,0,208,0,201,29,0,230,176,221,41,0,438,42,0,42,480
06/17/2022,OGG,HI,AWP,WE,Towers with Radar,172,8,6,0,186,0,211,31,0,242,172,219,37,0,428,4,0,4,432
06/18/2022,OGG,HI,AWP,WE,Towers with Radar,186,9,7,0,202,0,195,26,1,222,186,204,33,1,424,18,2,20,444
06/19/2022,OGG,HI,AWP,WE,Towers with Radar,175,9,9,0,193,0,156,34,0,190,175,165,43,0,383,2,0,2,385
06/20/2022,OGG,HI,AWP,WE,Towers with Radar,169,15,9,0,193,0,180,31,0,211,169,195,40,0,404,10,0,10,414
06/21/2022,OGG,HI,AWP,WE,Towers with Radar,174,8,3,2,187,0,198,25,4,227,174,206,28,6,414,9,0,9,423
06/22/2022,OGG,HI,AWP,WE,Towers with Radar,177,12,13,2,204,0,187,30,2,219,177,199,43,4,423,14,0,14,437
06/23/2022,OGG,HI,AWP,WE,Towers with Radar,177,16,5,4,202,0,218,37,4,259,177,234,42,8,461,4,4,8,469
06/24/2022,OGG,HI,AWP,WE,Towers with Radar,177,11,8,1,197,0,179,31,1,211,177,190,39,2,408,6,0,6,414
06/25/2022,OGG,HI,AWP,WE,Towers with Radar,175,12,7,0,194,0,177,29,0,206,175,189,36,0,400,4,0,4,404
06/26/2022,OGG,HI,AWP,WE,Towers with Radar,168,12,10,1,191,0,164,41,0,205,168,176,51,1,396,20,0,20,416
06/27/2022,OGG,HI,AWP,WE,Towers with Radar,162,9,7,0,178,0,199,33,0,232,162,208,40,0,410,14,0,14,424
06/28/2022,OGG,HI,AWP,WE,Towers with Radar,179,6,10,0,195,0,205,44,3,252,179,211,54,3,447,20,0,20,467
06/29/2022,OGG,HI,AWP,WE,Towers with Radar,182,14,8,5,209,0,204,46,1,251,182,218,54,6,460,22,0,22,482
06/30/2022,OGG,HI,AWP,WE,Towers with Radar,188,10,6,0,204,0,174,29,2,205,188,184,35,2,409,22,0,22,431
07/01/2022,OGG,HI,AWP,WE,Towers with Radar,170,9,9,3,191,0,190,25,1,216,170,199,34,4,407,2,0,2,409
07/02/2022,OGG,HI,AWP,WE,Towers with Radar,189,10,6,1,206,0,174,20,1,195,189,184,26,2,401,0,0,0,401
07/03/2022,OGG,HI,AWP,WE,Towers with Radar,179,15,3,0,197,0,134,18,0,152,179,149,21,0,349,0,0,0,349
07/04/2022,OGG,HI,AWP,WE,Towers with Radar,175,16,1,0,192,0,178,23,1,202,175,194,24,1,394,8,0,8,402
07/05/2022,OGG,HI,AWP,WE,Towers with Radar,179,15,8,4,206,0,177,26,0,203,179,192,34,4,409,48,0,48,457
07/06/2022,OGG,HI,AWP,WE,Towers with Radar,182,11,12,0,205,0,182,23,0,205,182,193,35,0,410,14,0,14,424
07/07/2022,OGG,HI,AWP,WE,Towers with Radar,182,8,9,1,200,0,196,33,0,229,182,204,42,1,429,76,0,76,505
07/08/2022,OGG,HI,AWP,WE,Towers with Radar,185,15,5,0,205,0,196,24,0,220,185,211,29,0,425,8,0,8,433
07/09/2022,OGG,HI,AWP,WE,Towers with Radar,186,9,6,5,206,0,182,25,0,207,186,191,31,5,413,32,0,32,445
07/10/2022,OGG,HI,AWP,WE,Towers with Radar,184,10,8,5,207,0,159,24,1,184,184,169,32,6,391,20,0,20,411
07/11/2022,OGG,HI,AWP,WE,Towers with Radar,188,17,6,0,211,0,212,26,0,238,188,229,32,0,449,36,0,36,485
07/12/2022,OGG,HI,AWP,WE,Towers with Radar,184,9,2,2,197,0,166,30,4,200,184,175,32,6,397,21,0,21,418
07/13/2022,OGG,HI,AWP,WE,Towers with Radar,181,19,8,0,208,0,149,28,2,179,181,168,36,2,387,22,0,22,409
07/14/2022,OGG,HI,AWP,WE,Towers with Radar,184,11,3,1,199,0,222,14,11,247,184,233,17,12,446,46,0,46,492
07/15/2022,OGG,HI,AWP,WE,Towers with Radar,181,8,8,0,197,0,191,25,0,216,181,199,33,0,413,2,0,2,415
07/16/2022,OGG,HI,AWP,WE,Towers with Radar,177,22,5,0,204,0,148,16,0,164,177,170,21,0,368,4,0,4,372
07/17/2022,OGG,HI,AWP,WE,Towers with Radar,184,11,3,0,198,0,149,20,0,169,184,160,23,0,367,24,0,24,391
07/18/2022,OGG,HI,AWP,WE,Towers with Radar,184,9,3,7,203,0,193,29,5,227,184,202,32,12,430,26,0,26,456
07/19/2022,OGG,HI,AWP,WE,Towers with Radar,188,10,4,3,205,0,180,31,1,212,188,190,35,4,417,12,0,12,429
07/20/2022,OGG,HI,AWP,WE,Towers with Radar,181,11,5,2,199,0,211,32,5,248,181,222,37,7,447,36,0,36,483
07/21/2022,OGG,HI,AWP,WE,Towers with Radar,180,14,7,1,202,0,169,29,1,199,180,183,36,2,401,36,0,36,437
07/22/2022,OGG,HI,AWP,WE,Towers with Radar,191,8,4,0,203,0,198,31,0,229,191,206,35,0,432,18,0,18,450
07/23/2022,OGG,HI,AWP,WE,Towers with Radar,187,10,12,0,209,0,189,30,2,221,187,199,42,2,430,20,0,20,450
07/24/2022,OGG,HI,AWP,WE,Towers with Radar,176,7,8,1,192,0,171,31,0,202,176,178,39,1,394,36,0,36,430
07/25/2022,OGG,HI,AWP,WE,Towers with Radar,179,14,8,2,203,0,181,41,2,224,179,195,49,4,427,28,0,28,455
07/26/2022,OGG,HI,AWP,WE,Towers with Radar,182,10,7,1,200,0,169,20,3,192,182,179,27,4,392,24,0,24,416
07/27/2022,OGG,HI,AWP,WE,Towers with Radar,186,4,6,2,198,17,199,28,0,244,203,203,34,2,442,48,0,48,490
07/28/2022,OGG,HI,AWP,WE,Towers with Radar,175,10,2,6,193,0,218,47,0,265,175,228,49,6,458,52,0,52,510
07/29/2022,OGG,HI,AWP,WE,Towers with Radar,185,6,6,0,197,0,191,25,4,220,185,197,31,4,417,36,0,36,453
07/30/2022,OGG,HI,AWP,WE,Towers with Radar,186,10,5,0,201,0,172,24,0,196,186,182,29,0,397,16,0,16,413
07/31/2022,OGG,HI,AWP,WE,Towers with Radar,182,14,13,0,209,0,163,36,0,199,182,177,49,0,408,32,0,32,440
08/01/2022,OGG,HI,AWP,WE,Towers with Radar,182,16,2,2,202,0,173,28,2,203,182,189,30,4,405,16,0,16,421
08/02/2022,OGG,HI,AWP,WE,Towers with Radar,177,21,9,4,211,0,182,38,4,224,177,203,47,8,435,40,0,40,475
08/03/2022,OGG,HI,AWP,WE,Towers with Radar,181,12,5,4,202,0,198,30,2,230,181,210,35,6,432,38,0,38,470
08/04/2022,OGG,HI,AWP,WE,Towers with Radar,181,8,7,0,196,0,190,36,0,226,181,198,43,0,422,32,0,32,454
08/05/2022,OGG,HI,AWP,WE,Towers with Radar,187,6,10,5,208,0,186,39,1,226,187,192,49,6,434,18,0,18,452
08/06/2022,OGG,HI,AWP,WE,Towers with Radar,188,7,7,2,204,0,165,24,0,189,188,172,31,2,393,8,0,8,401
08/07/2022,OGG,HI,AWP,WE,Towers with Radar,176,4,6,2,188,0,126,40,0,166,176,130,46,2,354,6,0,6,360
08/08/2022,OGG,HI,AWP,WE,Towers with Radar,168,10,7,3,188,0,201,30,1,232,168,211,37,4,420,8,0,8,428
08/09/2022,OGG,HI,AWP,WE,Towers with Radar,181,4,11,0,196,0,183,27,3,213,181,187,38,3,409,6,0,6,415
08/10/2022,OGG,HI,AWP,WE,Towers with Radar,182,19,5,1,207,0,183,21,4,208,182,202,26,5,415,6,0,6,421
08/11/2022,OGG,HI,AWP,WE,Towers with Radar,172,9,11,0,192,0,193,32,8,233,172,202,43,8,425,8,0,8,433
08/12/2022,OGG,HI,AWP,WE,Towers with Radar,171,8,7,0,186,0,193,24,3,220,171,201,31,3,406,12,0,12,418
08/13/2022,OGG,HI,AWP,WE,Towers with Radar,174,7,7,0,188,0,166,28,1,195,174,173,35,1,383,48,0,48,431
08/14/2022,OGG,HI,AWP,WE,Towers with Radar,190,13,3,0,206,0,155,35,0,190,190,168,38,0,396,4,0,4,400
08/15/2022,OGG,HI,AWP,WE,Towers with Radar,172,16,12,3,203,0,212,37,1,250,172,228,49,4,453,24,0,24,477
08/16/2022,OGG,HI,AWP,WE,Towers with Radar,170,10,7,3,190,0,165,37,5,207,170,175,44,8,397,18,0,18,415
08/17/2022,OGG,HI,AWP,WE,Towers with Radar,172,9,5,4,190,0,176,40,4,220,172,185,45,8,410,10,0,10,420
08/18/2022,OGG,HI,AWP,WE,Towers with Radar,175,9,3,4,191,0,176,29,6,211,175,185,32,10,402,4,0,4,406
08/19/2022,OGG,HI,AWP,WE,Towers with Radar,168,7,2,0,177,0,170,26,2,198,168,177,28,2,375,8,0,8,383
08/20/2022,OGG,HI,AWP,WE,Towers with Radar,168,7,3,1,179,0,159,26,0,185,168,166,29,1,364,14,0,14,378
08/21/2022,OGG,HI,AWP,WE,Towers with Radar,160,9,3,0,172,0,147,36,0,183,160,156,39,0,355,38,0,38,393
08/22/2022,OGG,HI,AWP,WE,Towers with Radar,169,31,3,3,206,0,168,28,0,196,169,199,31,3,402,4,0,4,406
08/23/2022,OGG,HI,AWP,WE,Towers with Radar,171,22,8,4,205,0,147,15,0,162,171,169,23,4,367,28,0,28,395
08/24/2022,OGG,HI,AWP,WE,Towers with Radar,168,5,7,9,189,0,180,25,5,210,168,185,32,14,399,20,0,20,419
08/25/2022,OGG,HI,AWP,WE,Towers with Radar,171,13,10,1,195,0,189,38,3,230,171,202,48,4,425,10,0,10,435
08/26/2022,OGG,HI,AWP,WE,Towers with Radar,173,15,4,0,192,0,172,29,2,203,173,187,33,2,395,0,0,0,395
08/27/2022,OGG,HI,AWP,WE,Towers with Radar,170,7,6,0,183,0,165,30,4,199,170,172,36,4,382,14,0,14,396
08/28/2022,OGG,HI,AWP,WE,Towers with Radar,170,10,3,0,183,0,153,38,3,194,170,163,41,3,377,10,0,10,387
08/29/2022,OGG,HI,AWP,WE,Towers with Radar,175,14,6,2,197,0,175,41,1,217,175,189,47,3,414,4,0,4,418
08/30/2022,OGG,HI,AWP,WE,Towers with Radar,160,7,4,7,178,0,149,31,5,185,160,156,35,12,363,36,0,36,399
08/31/2022,OGG,HI,AWP,WE,Towers with Radar,162,8,10,5,185,0,176,38,1,215,162,184,48,6,400,26,0,26,426
09/01/2022,OGG,HI,AWP,WE,Towers with Radar,170,14,11,2,197,0,181,25,0,206,170,195,36,2,403,24,0,24,427
09/02/2022,OGG,HI,AWP,WE,Towers with Radar,171,17,7,0,195,0,179,27,0,206,171,196,34,0,401,2,0,2,403
09/03/2022,OGG,HI,AWP,WE,Towers with Radar,181,17,9,0,207,0,113,22,0,135,181,130,31,0,342,12,0,12,354
09/04/2022,OGG,HI,AWP,WE,Towers with Radar,173,13,2,8,196,0,162,28,0,190,173,175,30,8,386,0,0,0,386
09/05/2022,OGG,HI,AWP,WE,Towers with Radar,158,15,10,5,188,0,165,25,1,191,158,180,35,6,379,22,0,22,401
09/06/2022,OGG,HI,AWP,WE,Towers with Radar,151,13,7,1,172,0,181,32,1,214,151,194,39,2,386,16,0,16,402
09/07/2022,OGG,HI,AWP,WE,Towers with Radar,153,12,6,1,172,0,160,24,2,186,153,172,30,3,358,60,0,60,418
09/08/2022,OGG,HI,AWP,WE,Towers with Radar,157,7,9,5,178,0,172,41,2,215,157,179,50,7,393,42,0,42,435
09/09/2022,OGG,HI,AWP,WE,Towers with Radar,167,19,7,2,195,0,142,45,0,187,167,161,52,2,382,10,0,10,392
09/10/2022,OGG,HI,AWP,WE,Towers with Radar,161,6,3,1,171,0,152,28,1,181,161,158,31,2,352,12,0,12,364
09/11/2022,OGG,HI,AWP,WE,Towers with Radar,159,6,6,1,172,0,153,32,2,187,159,159,38,3,359,64,0,64,423
09/12/2022,OGG,HI,AWP,WE,Towers with Radar,169,15,1,2,187,0,171,31,0,202,169,186,32,2,389,14,0,14,403
09/13/2022,OGG,HI,AWP,WE,Towers with Radar,158,11,0,4,173,0,120,26,2,148,158,131,26,6,321,34,0,34,355
09/14/2022,OGG,HI,AWP,WE,Towers with Radar,166,7,6,6,185,0,163,40,2,205,166,170,46,8,390,6,0,6,396
09/15/2022,OGG,HI,AWP,WE,Towers with Radar,153,10,10,0,173,0,157,24,2,183,153,167,34,2,356,2,0,2,358
09/16/2022,OGG,HI,AWP,WE,Towers with Radar,164,16,1,0,181,0,178,33,0,211,164,194,34,0,392,26,0,26,418
09/17/2022,OGG,HI,AWP,WE,Towers with Radar,171,11,2,0,184,0,153,35,0,188,171,164,37,0,372,26,0,26,398
09/18/2022,OGG,HI,AWP,WE,Towers with Radar,169,12,6,0,187,0,146,34,6,186,169,158,40,6,373,18,0,18,391
09/19/2022,OGG,HI,AWP,WE,Towers with Radar,169,11,6,3,189,0,170,22,1,193,169,181,28,4,382,44,0,44,426
09/20/2022,OGG,HI,AWP,WE,Towers with Radar,156,7,4,4,171,0,153,28,0,181,156,160,32,4,352,8,0,8,360
09/21/2022,OGG,HI,AWP,WE,Towers with Radar,162,18,5,4,189,0,169,28,1,198,162,187,33,5,387,32,0,32,419
09/22/2022,OGG,HI,AWP,WE,Towers with Radar,160,16,3,1,180,0,162,24,0,186,160,178,27,1,366,4,0,4,370
09/23/2022,OGG,HI,AWP,WE,Towers with Radar,164,7,5,0,176,0,195,39,0,234,164,202,44,0,410,4,0,4,414
09/24/2022,OGG,HI,AWP,WE,Towers with Radar,170,13,7,0,190,0,149,26,1,176,170,162,33,1,366,52,0,52,418
09/25/2022,OGG,HI,AWP,WE,Towers with Radar,161,9,7,0,177,0,147,45,0,192,161,156,52,0,369,20,0,20,389
09/26/2022,OGG,HI,AWP,WE,Towers with Radar,161,12,11,0,184,0,168,30,1,199,161,180,41,1,383,26,0,26,409
09/27/2022,OGG,HI,AWP,WE,Towers with Radar,162,10,2,0,174,1,166,27,2,196,163,176,29,2,370,32,0,32,402
09/28/2022,OGG,HI,AWP,WE,Towers with Radar,160,7,4,1,172,0,166,24,1,191,160,173,28,2,363,26,0,26,389
09/29/2022,OGG,HI,AWP,WE,Towers with Radar,158,15,3,1,177,0,124,25,2,151,158,139,28,3,328,36,0,36,364
09/30/2022,OGG,HI,AWP,WE,Towers with Radar,167,7,2,1,177,0,173,42,1,216,167,180,44,2,393,12,0,12,405
10/01/2022,OGG,HI,AWP,WE,Towers with Radar,162,10,3,4,179,0,145,29,0,174,162,155,32,4,353,38,0,38,391
10/02/2022,OGG,HI,AWP,WE,Towers with Radar,159,23,1,2,185,0,80,16,0,96,159,103,17,2,281,14,0,14,295
10/03/2022,OGG,HI,AWP,WE,Towers with Radar,156,32,7,2,197,0,43,13,0,56,156,75,20,2,253,0,0,0,253
10/04/2022,OGG,HI,AWP,WE,Towers with Radar,160,22,6,10,198,0,146,28,8,182,160,168,34,18,380,39,0,39,419
10/05/2022,OGG,HI,AWP,WE,Towers with Radar,154,19,4,2,179,0,200,25,2,227,154,219,29,4,406,36,0,36,442
10/06/2022,OGG,HI,AWP,WE,Towers with Radar,152,10,6,2,170,0,170,46,1,217,152,180,52,3,387,30,0,30,417
10/07/2022,OGG,HI,AWP,WE,Towers with Radar,154,24,9,0,187,0,167,33,0,200,154,191,42,0,387,8,0,8,395
10/08/2022,OGG,HI,AWP,WE,Towers with Radar,169,15,2,0,186,0,136,19,0,155,169,151,21,0,341,14,0,14,355
10/09/2022,OGG,HI,AWP,WE,Towers with Radar,159,16,3,0,178,0,140,21,0,161,159,156,24,0,339,24,0,24,363
10/10/2022,OGG,HI,AWP,WE,Towers with Radar,160,16,2,2,180,0,165,18,0,183,160,181,20,2,363,25,0,25,388
10/11/2022,OGG,HI,AWP,WE,Towers with Radar,170,14,9,6,199,0,176,25,0,201,170,190,34,6,400,24,0,24,424
10/12/2022,OGG,HI,AWP,WE,Towers with Radar,158,19,7,1,185,0,178,33,0,211,158,197,40,1,396,24,0,24,420
10/13/2022,OGG,HI,AWP,WE,Towers with Radar,154,15,4,0,173,0,162,31,6,199,154,177,35,6,372,18,0,18,390
10/14/2022,OGG,HI,AWP,WE,Towers with Radar,163,19,5,0,187,0,183,40,2,225,163,202,45,2,412,24,0,24,436
10/15/2022,OGG,HI,AWP,WE,Towers with Radar,163,15,3,1,182,0,143,20,5,168,163,158,23,6,350,46,0,46,396
10/16/2022,OGG,HI,AWP,WE,Towers with Radar,156,11,3,1,171,0,121,24,2,147,156,132,27,3,318,34,0,34,352
10/17/2022,OGG,HI,AWP,WE,Towers with Radar,149,18,6,6,179,0,178,31,0,209,149,196,37,6,388,30,0,30,418
10/18/2022,OGG,HI,AWP,WE,Towers with Radar,152,16,7,3,178,0,157,21,1,179,152,173,28,4,357,52,0,52,409
10/19/2022,OGG,HI,AWP,WE,Towers with Radar,163,14,9,5,191,0,181,34,2,217,163,195,43,7,408,14,0,14,422
10/20/2022,OGG,HI,AWP,WE,Towers with Radar,150,28,7,0,185,0,158,31,0,189,150,186,38,0,374,10,0,10,384
10/21/2022,OGG,HI,AWP,WE,Towers with Radar,166,17,4,5,192,0,164,35,2,201,166,181,39,7,393,20,0,20,413
10/22/2022,OGG,HI,AWP,WE,Towers with Radar,161,17,8,0,186,0,143,29,0,172,161,160,37,0,358,32,0,32,390
10/23/2022,OGG,HI,AWP,WE,Towers with Radar,158,12,4,0,174,0,133,22,0,155,158,145,26,0,329,2,0,2,331
10/24/2022,OGG,HI,AWP,WE,Towers with Radar,176,14,4,0,194,0,174,20,1,195,176,188,24,1,389,10,0,10,399
10/25/2022,OGG,HI,AWP,WE,Towers with Radar,163,13,7,2,185,0,168,31,7,206,163,181,38,9,391,6,0,6,397
10/26/2022,OGG,HI,AWP,WE,Towers with Radar,157,19,4,0,180,0,118,20,1,139,157,137,24,1,319,12,0,12,331
10/27/2022,OGG,HI,AWP,WE,Towers with Radar,149,14,2,0,165,0,158,23,7,188,149,172,25,7,353,12,0,12,365
10/28/2022,OGG,HI,AWP,WE,Towers with Radar,148,17,8,1,174,0,165,39,2,206,148,182,47,3,380,22,0,22,402
10/29/2022,OGG,HI,AWP,WE,Towers with Radar,169,15,6,4,194,0,139,23,0,162,169,154,29,4,356,38,0,38,394
10/30/2022,OGG,HI,AWP,WE,Towers with Radar,157,17,5,0,179,0,114,24,0,138,157,131,29,0,317,28,0,28,345
10/31/2022,OGG,HI,AWP,WE,Towers with Radar,147,12,8,3,170,0,142,28,3,173,147,154,36,6,343,10,0,10,353
11/01/2022,OGG,HI,AWP,WE,Towers with Radar,152,12,11,3,178,0,138,19,3,160,152,150,30,6,338,4,0,4,342
11/02/2022,OGG,HI,AWP,WE,Towers with Radar,160,14,4,4,182,0,160,26,2,188,160,174,30,6,370,72,0,72,442
11/03/2022,OGG,HI,AWP,WE,Towers with Radar,147,15,5,0,167,0,144,15,4,163,147,159,20,4,330,18,0,18,348
11/04/2022,OGG,HI,AWP,WE,Towers with Radar,162,16,5,3,186,0,149,25,1,175,162,165,30,4,361,60,2,62,423
11/05/2022,OGG,HI,AWP,WE,Towers with Radar,169,8,7,2,186,0,125,18,2,145,169,133,25,4,331,28,0,28,359
11/06/2022,OGG,HI,AWP,WE,Towers with Radar,150,16,6,6,178,0,112,35,0,147,150,128,41,6,325,26,0,26,351
11/07/2022,OGG,HI,AWP,WE,Towers with Radar,165,17,4,1,187,0,166,29,7,202,165,183,33,8,389,8,0,8,397
11/08/2022,OGG,HI,AWP,WE,Towers with Radar,172,17,7,1,197,0,142,32,1,175,172,159,39,2,372,40,0,40,412
11/09/2022,OGG,HI,AWP,WE,Towers with Radar,155,17,3,1,176,0,161,29,1,191,155,178,32,2,367,56,0,56,423
11/10/2022,OGG,HI,AWP,WE,Towers with Radar,160,18,10,1,189,0,148,42,1,191,160,166,52,2,380,24,0,24,404
11/11/2022,OGG,HI,AWP,WE,Towers with Radar,174,13,9,0,196,0,148,22,0,170,174,161,31,0,366,36,0,36,402
11/12/2022,OGG,HI,AWP,WE,Towers with Radar,157,28,8,0,193,0,115,18,0,133,157,143,26,0,326,34,0,34,360
11/13/2022,OGG,HI,AWP,WE,Towers with Radar,169,10,9,0,188,0,136,23,1,160,169,146,32,1,348,28,0,28,376
11/14/2022,OGG,HI,AWP,WE,Towers with Radar,180,17,3,0,200,0,158,29,2,189,180,175,32,2,389,12,0,12,401
11/15/2022,OGG,HI,AWP,WE,Towers with Radar,155,15,11,2,183,0,141,21,1,163,155,156,32,3,346,22,0,22,368
11/16/2022,OGG,HI,AWP,WE,Towers with Radar,180,16,11,0,207,0,166,45,0,211,180,182,56,0,418,26,0,26,444
11/17/2022,OGG,HI,AWP,WE,Towers with Radar,172,16,3,1,192,0,165,29,1,195,172,181,32,2,387,14,0,14,401
11/18/2022,OGG,HI,AWP,WE,Towers with Radar,180,24,8,0,212,0,164,24,0,188,180,188,32,0,400,14,0,14,414
11/19/2022,OGG,HI,AWP,WE,Towers with Radar,187,28,16,0,231,0,125,30,3,158,187,153,46,3,389,18,1,19,408
11/20/2022,OGG,HI,AWP,WE,Towers with Radar,167,16,12,0,195,0,131,19,0,150,167,147,31,0,345,4,0,4,349
11/21/2022,OGG,HI,AWP,WE,Towers with Radar,173,14,4,0,191,0,165,33,0,198,173,179,37,0,389,26,0,26,415
11/22/2022,OGG,HI,AWP,WE,Towers with Radar,222,13,8,4,247,0,166,25,6,197,222,179,33,10,444,14,0,14,458
11/23/2022,OGG,HI,AWP,WE,Towers with Radar,185,19,11,0,215,0,172,35,0,207,185,191,46,0,422,34,0,34,456
11/24/2022,OGG,HI,AWP,WE,Towers with Radar,177,32,4,0,213,0,24,2,0,26,177,56,6,0,239,2,0,2,241
11/25/2022,OGG,HI,AWP,WE,Towers with Radar,176,19,17,0,212,0,171,15,0,186,176,190,32,0,398,48,0,48,446
11/26/2022,OGG,HI,AWP,WE,Towers with Radar,185,24,23,0,232,0,147,24,0,171,185,171,47,0,403,22,0,22,425
11/27/2022,OGG,HI,AWP,WE,Towers with Radar,174,18,10,0,202,0,114,23,0,137,174,132,33,0,339,54,0,54,393
11/28/2022,OGG,HI,AWP,WE,Towers with Radar,175,39,10,0,224,0,99,5,2,106,175,138,15,2,330,30,0,30,360
11/29/2022,OGG,HI,AWP,WE,Towers with Radar,176,9,8,8,201,0,146,29,4,179,176,155,37,12,380,62,0,62,442
11/30/2022,OGG,HI,AWP,WE,Towers with Radar,180,13,9,10,212,0,125,27,0,152,180,138,36,10,364,28,0,28,392
12/01/2022,OGG,HI,AWP,WE,Towers with Radar,169,11,6,0,186,0,148,26,0,174,169,159,32,0,360,34,0,34,394
12/02/2022,OGG,HI,AWP,WE,Towers with Radar,182,26,4,0,212,0,121,26,1,148,182,147,30,1,360,70,0,70,430
12/03/2022,OGG,HI,AWP,WE,Towers with Radar,184,17,8,0,209,0,138,45,1,184,184,155,53,1,393,76,0,76,469
12/04/2022,OGG,HI,AWP,WE,Towers with Radar,169,6,12,0,187,0,126,34,0,160,169,132,46,0,347,14,0,14,361
12/05/2022,OGG,HI,AWP,WE,Towers with Radar,168,17,3,3,191,0,156,32,1,189,168,173,35,4,380,32,0,32,412
12/06/2022,OGG,HI,AWP,WE,Towers with Radar,183,18,4,5,210,0,119,25,1,145,183,137,29,6,355,20,0,20,375
12/07/2022,OGG,HI,AWP,WE,Towers with Radar,182,19,8,4,213,0,143,25,0,168,182,162,33,4,381,22,0,22,403
12/08/2022,OGG,HI,AWP,WE,Towers with Radar,176,15,7,0,198,0,161,20,6,187,176,176,27,6,385,4,0,4,389
12/09/2022,OGG,HI,AWP,WE,Towers with Radar,184,11,3,1,199,0,149,21,4,174,184,160,24,5,373,6,0,6,379
12/10/2022,OGG,HI,AWP,WE,Towers with Radar,167,9,8,1,185,0,135,24,1,160,167,144,32,2,345,38,0,38,383
12/11/2022,OGG,HI,AWP,WE,Towers with Radar,164,10,2,0,176,0,122,17,0,139,164,132,19,0,315,0,0,0,315
12/12/2022,OGG,HI,AWP,WE,Towers with Radar,174,27,7,0,208,0,121,20,0,141,174,148,27,0,349,28,0,28,377
12/13/2022,OGG,HI,AWP,WE,Towers with Radar,159,20,3,2,184,0,140,20,8,168,159,160,23,10,352,70,2,72,424
12/14/2022,OGG,HI,AWP,WE,Towers with Radar,175,12,13,1,201,6,167,41,8,222,181,179,54,9,423,58,6,64,487
12/15/2022,OGG,HI,AWP,WE,Towers with Radar,186,18,12,1,217,0,150,46,4,200,186,168,58,5,417,28,0,28,445
12/16/2022,OGG,HI,AWP,WE,Towers with Radar,184,24,11,0,219,1,136,27,14,178,185,160,38,14,397,46,0,46,443
12/17/2022,OGG,HI,AWP,WE,Towers with Radar,190,60,9,0,259,0,107,32,1,140,190,167,41,1,399,24,0,24,423
12/18/2022,OGG,HI,AWP,WE,Towers with Radar,174,18,5,0,197,0,13,0,0,13,174,31,5,0,210,20,0,20,230
12/19/2022,OGG,HI,AWP,WE,Towers with Radar,163,33,6,0,202,0,22,0,1,23,163,55,6,1,225,0,0,0,225
12/20/2022,OGG,HI,AWP,WE,Towers with Radar,170,39,8,2,219,0,121,10,0,131,170,160,18,2,350,2,0,2,352
12/21/2022,OGG,HI,AWP,WE,Towers with Radar,186,72,11,0,269,0,169,42,3,214,186,241,53,3,483,22,0,22,505
12/22/2022,OGG,HI,AWP,WE,Towers with Radar,174,13,10,0,197,0,222,39,0,261,174,235,49,0,458,20,0,20,478
12/23/2022,OGG,HI,AWP,WE,Towers with Radar,165,13,9,0,187,0,198,34,0,232,165,211,43,0,419,2,0,2,421
12/24/2022,OGG,HI,AWP,WE,Towers with Radar,160,7,10,0,177,0,175,26,0,201,160,182,36,0,378,10,0,10,388
12/25/2022,OGG,HI,AWP,WE,Towers with Radar,160,6,16,0,182,0,80,12,0,92,160,86,28,0,274,4,0,4,278
12/26/2022,OGG,HI,AWP,WE,Towers with Radar,170,19,15,3,207,0,201,36,0,237,170,220,51,3,444,26,0,26,470
12/27/2022,OGG,HI,AWP,WE,Towers with Radar,183,24,14,5,226,0,220,55,2,277,183,244,69,7,503,34,0,34,537
12/28/2022,OGG,HI,AWP,WE,Towers with Radar,190,53,19,2,264,0,195,43,3,241,190,248,62,5,505,44,0,44,549
12/29/2022,OGG,HI,AWP,WE,Towers with Radar,193,23,10,0,226,0,229,37,0,266,193,252,47,0,492,46,0,46,538
12/30/2022,OGG,HI,AWP,WE,Towers with Radar,204,15,9,0,228,0,228,24,0,252,204,243,33,0,480,24,0,24,504
12/31/2022,OGG,HI,AWP,WE,Towers with Radar,198,8,10,0,216,0,208,15,0,223,198,216,25,0,439,10,0,10,449
01/01/2023,OGG,HI,AWP,WE,Towers with Radar,175,13,20,0,208,0,157,11,0,168,175,170,31,0,376,2,0,2,378
01/02/2023,OGG,HI,AWP,WE,Towers with Radar,186,32,30,0,248,0,178,29,0,207,186,210,59,0,455,42,0,42,497
01/03/2023,OGG,HI,AWP,WE,Towers with Radar,181,20,27,0,228,0,155,43,0,198,181,175,70,0,426,60,0,60,486
01/04/2023,OGG,HI,AWP,WE,Towers with Radar,195,36,13,0,244,0,109,27,0,136,195,145,40,0,380,14,0,14,394
01/05/2023,OGG,HI,AWP,WE,Towers with Radar,171,12,13,2,198,0,178,31,5,214,171,190,44,7,412,26,0,26,438
01/06/2023,OGG,HI,AWP,WE,Towers with Radar,181,13,14,0,208,0,191,25,2,218,181,204,39,2,426,46,0,46,472
01/07/2023,OGG,HI,AWP,WE,Towers with Radar,174,10,22,3,209,0,139,25,2,166,174,149,47,5,375,50,0,50,425
01/08/2023,OGG,HI,AWP,WE,Towers with Radar,169,18,12,4,203,0,139,29,0,168,169,157,41,4,371,26,0,26,397
01/09/2023,OGG,HI,AWP,WE,Towers with Radar,180,17,8,0,205,0,184,35,0,219,180,201,43,0,424,44,0,44,468
01/10/2023,OGG,HI,AWP,WE,Towers with Radar,150,26,11,0,187,0,168,42,3,213,150,194,53,3,400,44,0,44,444
01/11/2023,OGG,HI,AWP,WE,Towers with Radar,153,36,15,1,205,0,156,31,2,189,153,192,46,3,394,54,0,54,448
01/12/2023,OGG,HI,AWP,WE,Towers with Radar,166,16,8,0,190,0,165,27,4,196,166,181,35,4,386,56,0,56,442
01/13/2023,OGG,HI,AWP,WE,Towers with Radar,179,24,13,0,216,0,112,36,0,148,179,136,49,0,364,64,0,64,428
01/14/2023,OGG,HI,AWP,WE,Towers with Radar,180,36,10,4,230,0,111,40,0,151,180,147,50,4,381,22,0,22,403
01/15/2023,OGG,HI,AWP,WE,Towers with Radar,173,32,6,6,217,0,106,36,0,142,173,138,42,6,359,14,0,14,373
01/16/2023,OGG,HI,AWP,WE,Towers with Radar,174,35,6,0,215,0,139,25,0,164,174,174,31,0,379,82,0,82,461
01/17/2023,OGG,HI,AWP,WE,Towers with Radar,162,28,12,1,203,0,152,40,1,193,162,180,52,2,396,44,0,44,440
01/18/2023,OGG,HI,AWP,WE,Towers with Radar,161,10,8,3,182,0,150,49,5,204,161,160,57,8,386,70,0,70,456
01/19/2023,OGG,HI,AWP,WE,Towers with Radar,185,23,3,1,212,0,168,25,1,194,185,191,28,2,406,62,0,62,468
01/20/2023,OGG,HI,AWP,WE,Towers with Radar,179,24,7,3,213,0,145,49,2,196,179,169,56,5,409,32,0,32,441
01/21/2023,OGG,HI,AWP,WE,Towers with Radar,175,28,5,1,209,0,89,27,3,119,175,117,32,4,328,48,0,48,376
01/22/2023,OGG,HI,AWP,WE,Towers with Radar,161,18,20,5,204,0,104,25,5,134,161,122,45,10,338,2,0,2,340
01/23/2023,OGG,HI,AWP,WE,Towers with Radar,181,11,6,4,202,0,169,35,2,206,181,180,41,6,408,34,0,34,442
01/24/2023,OGG,HI,AWP,WE,Towers with Radar,164,19,8,0,191,0,161,24,2,187,164,180,32,2,378,38,0,38,416
01/25/2023,OGG,HI,AWP,WE,Towers with Radar,165,25,4,0,194,0,146,29,0,175,165,171,33,0,369,6,0,6,375
01/26/2023,OGG,HI,AWP,WE,Towers with Radar,169,42,1,0,212,0,82,8,3,93,169,124,9,3,305,22,0,22,327
01/27/2023,OGG,HI,AWP,WE,Towers with Radar,176,62,9,2,249,0,25,6,0,31,176,87,15,2,280,6,0,6,286
01/28/2023,OGG,HI,AWP,WE,Towers with Radar,187,48,6,0,241,0,15,0,0,15,187,63,6,0,256,10,0,10,266
01/29/2023,OGG,HI,AWP,WE,Towers with Radar,173,28,9,0,210,0,28,2,0,30,173,56,11,0,240,0,0,0,240
01/30/2023,OGG,HI,AWP,WE,Towers with Radar,166,47,9,6,228,0,29,1,2,32,166,76,10,8,260,6,0,6,266
01/31/2023,OGG,HI,AWP,WE,Towers with Radar,157,19,10,1,187,0,126,34,0,160,157,145,44,1,347,26,0,26,373
02/01/2023,OGG,HI,AWP,WE,Towers with Radar,164,15,7,0,186,0,146,28,0,174,164,161,35,0,360,4,0,4,364
02/02/2023,OGG,HI,AWP,WE,Towers with Radar,177,31,11,0,219,0,151,41,0,192,177,182,52,0,411,50,0,50,461
02/03/2023,OGG,HI,AWP,WE,Towers with Radar,171,32,13,2,218,0,162,26,0,188,171,194,39,2,406,38,0,38,444
02/04/2023,OGG,HI,AWP,WE,Towers with Radar,171,25,13,2,211,0,89,10,0,99,171,114,23,2,310,0,0,0,310
02/05/2023,OGG,HI,AWP,WE,Towers with Radar,170,13,4,2,189,0,137,23,2,162,170,150,27,4,351,2,0,2,353
02/06/2023,OGG,HI,AWP,WE,Towers with Radar,174,21,5,0,200,0,155,27,0,182,174,176,32,0,382,10,0,10,392
02/07/2023,OGG,HI,AWP,WE,Towers with Radar,158,18,3,3,182,0,145,32,10,187,158,163,35,13,369,40,0,40,409
02/08/2023,OGG,HI,AWP,WE,Towers with Radar,166,18,6,2,192,0,145,19,2,166,166,163,25,4,358,18,0,18,376
02/09/2023,OGG,HI,AWP,WE,Towers with Radar,160,17,5,0,182,0,126,10,2,138,160,143,15,2,320,4,0,4,324
02/10/2023,OGG,HI,AWP,WE,Towers with Radar,189,29,6,0,224,0,124,7,0,131,189,153,13,0,355,6,0,6,361
02/11/2023,OGG,HI,AWP,WE,Towers with Radar,175,26,8,0,209,0,123,13,0,136,175,149,21,0,345,20,0,20,365
02/12/2023,OGG,HI,AWP,WE,Towers with Radar,172,31,6,0,209,0,83,9,0,92,172,114,15,0,301,0,0,0,301
02/13/2023,OGG,HI,AWP,WE,Towers with Radar,185,22,4,1,212,0,174,28,1,203,185,196,32,2,415,68,0,68,483
02/14/2023,OGG,HI,AWP,WE,Towers with Radar,167,24,4,4,199,0,131,24,3,158,167,155,28,7,357,8,0,8,365
02/15/2023,OGG,HI,AWP,WE,Towers with Radar,176,35,6,1,218,3,174,35,0,212,179,209,41,1,430,56,0,56,486
02/16/2023,OGG,HI,AWP,WE,Towers with Radar,182,13,2,0,197,0,129,17,0,146,182,142,19,0,343,12,0,12,355
02/17/2023,OGG,HI,AWP,WE,Towers with Radar,174,31,10,0,215,0,22,3,0,25,174,53,13,0,240,10,0,10,250
02/18/2023,OGG,HI,AWP,WE,Towers with Radar,179,23,8,0,210,0,96,9,0,105,179,119,17,0,315,8,0,8,323
02/19/2023,OGG,HI,AWP,WE,Towers with Radar,169,25,11,0,205,0,119,17,4,140,169,144,28,4,345,10,0,10,355
02/20/2023,OGG,HI,AWP,WE,Towers with Radar,167,17,9,0,193,0,151,16,0,167,167,168,25,0,360,6,0,6,366
02/21/2023,OGG,HI,AWP,WE,Towers with Radar,178,18,5,3,204,0,178,20,0,198,178,196,25,3,402,18,0,18,420
02/22/2023,OGG,HI,AWP,WE,Towers with Radar,167,9,10,2,188,0,144,24,1,169,167,153,34,3,357,14,0,14,371
02/23/2023,OGG,HI,AWP,WE,Towers with Radar,176,23,8,0,207,0,162,23,0,185,176,185,31,0,392,4,0,4,396
02/24/2023,OGG,HI,AWP,WE,Towers with Radar,181,27,8,0,216,0,154,41,0,195,181,181,49,0,411,4,0,4,415
02/25/2023,OGG,HI,AWP,WE,Towers with Radar,163,19,11,0,193,0,156,14,2,172,163,175,25,2,365,28,0,28,393
02/26/2023,OGG,HI,AWP,WE,Towers with Radar,183,19,7,0,209,0,169,20,0,189,183,188,27,0,398,0,0,0,398
02/27/2023,OGG,HI,AWP,WE,Towers with Radar,179,21,2,0,202,0,202,23,1,226,179,223,25,1,428,26,0,26,454
02/28/2023,OGG,HI,AWP,WE,Towers with Radar,168,17,1,1,187,0,168,22,1,191,168,185,23,2,378,24,0,24,402
03/01/2023,OGG,HI,AWP,WE,Towers with Radar,173,27,5,4,209,0,91,8,2,101,173,118,13,6,310,2,0,2,312
03/02/2023,OGG,HI,AWP,WE,Towers with Radar,185,27,4,0,216,0,105,10,5,120,185,132,14,5,336,12,0,12,348
03/03/2023,OGG,HI,AWP,WE,Towers with Radar,170,18,6,0,194,0,152,32,0,184,170,170,38,0,378,24,0,24,402
03/04/2023,OGG,HI,AWP,WE,Towers with Radar,178,39,3,2,222,0,92,17,1,110,178,131,20,3,332,29,0,29,361
03/05/2023,OGG,HI,AWP,WE,Towers with Radar,171,16,5,2,194,0,113,28,1,142,171,129,33,3,336,14,0,14,350
03/06/2023,OGG,HI,AWP,WE,Towers with Radar,166,28,5,0,199,0,100,19,0,119,166,128,24,0,318,10,0,10,328
03/07/2023,OGG,HI,AWP,WE,Towers with Radar,164,23,8,0,195,0,130,23,2,155,164,153,31,2,350,22,0,22,372
03/08/2023,OGG,HI,AWP,WE,Towers with Radar,175,38,4,0,217,0,28,2,1,31,175,66,6,1,248,2,0,2,250
03/09/2023,OGG,HI,AWP,WE,Towers with Radar,182,21,8,1,212,0,161,28,7,196,182,182,36,8,408,44,0,44,452
03/10/2023,OGG,HI,AWP,WE,Towers with Radar,190,18,11,0,219,0,158,38,0,196,190,176,49,0,415,30,0,30,445
03/11/2023,OGG,HI,AWP,WE,Towers with Radar,173,12,10,0,195,0,170,53,2,225,173,182,63,2,420,22,0,22,442
03/12/2023,OGG,HI,AWP,WE,Towers with Radar,189,20,7,0,216,0,139,30,0,169,189,159,37,0,385,28,0,28,413
03/13/2023,OGG,HI,AWP,WE,Towers with Radar,173,11,4,1,189,0,184,48,3,235,173,195,52,4,424,14,0,14,438
03/14/2023,OGG,HI,AWP,WE,Towers with Radar,170,12,3,0,185,0,181,34,0,215,170,193,37,0,400,51,0,51,451
03/15/2023,OGG,HI,AWP,WE,Towers with Radar,179,11,4,0,194,0,201,31,2,234,179,212,35,2,428,36,0,36,464
03/16/2023,OGG,HI,AWP,WE,Towers with Radar,184,20,9,0,213,0,185,48,4,237,184,205,57,4,450,20,0,20,470
03/17/2023,OGG,HI,AWP,WE,Towers with Radar,185,22,7,0,214,0,195,33,0,228,185,217,40,0,442,34,0,34,476
03/18/2023,OGG,HI,AWP,WE,Towers with Radar,200,20,12,0,232,0,174,39,0,213,200,194,51,0,445,18,0,18,463
03/19/2023,OGG,HI,AWP,WE,Towers with Radar,181,18,7,0,206,0,142,16,0,158,181,160,23,0,364,2,0,2,366
03/20/2023,OGG,HI,AWP,WE,Towers with Radar,181,21,5,1,208,0,153,26,3,182,181,174,31,4,390,54,0,54,444
03/21/2023,OGG,HI,AWP,WE,Towers with Radar,187,12,3,2,204,0,168,29,0,197,187,180,32,2,401,18,0,18,419
03/22/2023,OGG,HI,AWP,WE,Towers with Radar,186,20,6,2,214,0,158,21,0,179,186,178,27,2,393,48,0,48,441
03/23/2023,OGG,HI,AWP,WE,Towers with Radar,180,15,7,0,202,0,150,16,0,166,180,165,23,0,368,45,0,45,413
03/24/2023,OGG,HI,AWP,WE,Towers with Radar,191,7,9,0,207,0,156,29,1,186,191,163,38,1,393,14,0,14,407
03/25/2023,OGG,HI,AWP,WE,Towers with Radar,184,18,8,1,211,0,148,45,0,193,184,166,53,1,404,4,0,4,408
03/26/2023,OGG,HI,AWP,WE,Towers with Radar,164,15,6,1,186,0,153,22,0,175,164,168,28,1,361,16,0,16,377
03/27/2023,OGG,HI,AWP,WE,Towers with Radar,173,13,4,0,190,0,170,37,0,207,173,183,41,0,397,76,0,76,473
03/28/2023,OGG,HI,AWP,WE,Towers with Radar,178,14,6,1,199,0,154,27,1,182,178,168,33,2,381,24,0,24,405
03/29/2023,OGG,HI,AWP,WE,Towers with Radar,164,10,5,2,181,0,147,18,0,165,164,157,23,2,346,54,0,54,400
03/30/2023,OGG,HI,AWP,WE,Towers with Radar,193,13,15,5,226,0,178,27,1,206,193,191,42,6,432,29,0,29,461
03/31/2023,OGG,HI,AWP,WE,Towers with Radar,181,13,10,1,205,0,155,26,1,182,181,168,36,2,387,52,0,52,439
04/01/2023,OGG,HI,AWP,WE,Towers with Radar,184,9,9,2,204,0,147,20,0,167,184,156,29,2,371,40,0,40,411
04/02/2023,OGG,HI,AWP,WE,Towers with Radar,179,19,8,1,207,0,95,8,0,103,179,114,16,1,310,24,0,24,334
04/03/2023,OGG,HI,AWP,WE,Towers with Radar,192,12,7,0,211,0,176,19,0,195,192,188,26,0,406,18,0,18,424
04/04/2023,OGG,HI,AWP,WE,Towers with Radar,177,5,4,8,194,0,167,21,2,190,177,172,25,10,384,52,0,52,436
04/05/2023,OGG,HI,AWP,WE,Towers with Radar,177,8,4,2,191,0,188,33,2,223,177,196,37,4,414,46,0,46,460
04/06/2023,OGG,HI,AWP,WE,Towers with Radar,189,15,4,2,210,0,169,23,1,193,189,184,27,3,403,14,0,14,417
04/07/2023,OGG,HI,AWP,WE,Towers with Radar,182,12,8,0,202,0,160,27,0,187,182,172,35,0,389,32,0,32,421
04/08/2023,OGG,HI,AWP,WE,Towers with Radar,183,11,10,0,204,0,121,31,0,152,183,132,41,0,356,36,0,36,392
04/09/2023,OGG,HI,AWP,WE,Towers with Radar,180,5,6,0,191,0,124,11,0,135,180,129,17,0,326,5,7,12,338
04/10/2023,OGG,HI,AWP,WE,Towers with Radar,184,8,6,6,204,0,159,31,0,190,184,167,37,6,394,20,0,20,414
04/11/2023,OGG,HI,AWP,WE,Towers with Radar,184,9,8,4,205,0,165,23,5,193,184,174,31,9,398,54,0,54,452
04/12/2023,OGG,HI,AWP,WE,Towers with Radar,172,13,9,2,196,0,173,21,0,194,172,186,30,2,390,54,0,54,444
04/13/2023,OGG,HI,AWP,WE,Towers with Radar,178,9,5,0,192,0,167,27,6,200,178,176,32,6,392,34,0,34,426
04/14/2023,OGG,HI,AWP,WE,Towers with Radar,187,9,2,1,199,0,177,46,2,225,187,186,48,3,424,62,0,62,486
04/15/2023,OGG,HI,AWP,WE,Towers with Radar,173,11,15,0,199,0,140,37,2,179,173,151,52,2,378,42,0,42,420
04/16/2023,OGG,HI,AWP,WE,Towers with Radar,179,11,6,0,196,0,127,21,0,148,179,138,27,0,344,22,0,22,366
04/17/2023,OGG,HI,AWP,WE,Towers with Radar,170,10,16,0,196,0,158,29,0,187,170,168,45,0,383,44,0,44,427
04/18/2023,OGG,HI,AWP,WE,Towers with Radar,170,15,7,1,193,0,166,29,2,197,170,181,36,3,390,16,0,16,406
04/19/2023,OGG,HI,AWP,WE,Towers with Radar,162,32,7,3,204,0,41,2,1,44,162,73,9,4,248,4,0,4,252
04/20/2023,OGG,HI,AWP,WE,Towers with Radar,179,16,6,1,202,0,132,30,0,162,179,148,36,1,364,22,0,22,386
04/21/2023,OGG,HI,AWP,WE,Towers with Radar,168,8,5,0,181,0,148,33,1,182,168,156,38,1,363,28,0,28,391
04/22/2023,OGG,HI,AWP,WE,Towers with Radar,180,13,5,0,198,0,138,26,4,168,180,151,31,4,366,68,0,68,434
04/23/2023,OGG,HI,AWP,WE,Towers with Radar,177,7,11,2,197,0,122,26,4,152,177,129,37,6,349,6,0,6,355
04/24/2023,OGG,HI,AWP,WE,Towers with Radar,173,11,5,5,194,0,188,22,2,212,173,199,27,7,406,26,0,26,432
04/25/2023,OGG,HI,AWP,WE,Towers with Radar,174,24,6,3,207,0,142,23,1,166,174,166,29,4,373,36,0,36,409
04/26/2023,OGG,HI,AWP,WE,Towers with Radar,171,13,2,3,189,0,98,31,0,129,171,111,33,3,318,24,0,24,342
04/27/2023,OGG,HI,AWP,WE,Towers with Radar,174,23,8,4,209,0,94,20,3,117,174,117,28,7,326,56,0,56,382
04/28/2023,OGG,HI,AWP,WE,Towers with Radar,171,12,5,1,189,0,153,21,0,174,171,165,26,1,363,54,0,54,417
04/29/2023,OGG,HI,AWP,WE,Towers with Radar,166,14,6,1,187,0,155,30,0,185,166,169,36,1,372,14,0,14,386
04/30/2023,OGG,HI,AWP,WE,Towers with Radar,160,9,4,0,173,0,129,27,0,156,160,138,31,0,329,16,0,16,345
05/01/2023,OGG,HI,AWP,WE,Towers with Radar,181,8,7,3,199,0,154,32,1,187,181,162,39,4,386,10,0,10,396
05/02/2023,OGG,HI,AWP,WE,Towers with Radar,171,11,3,1,186,0,171,28,2,201,171,182,31,3,387,48,0,48,435
05/03/2023,OGG,HI,AWP,WE,Towers with Radar,170,8,2,0,180,0,146,23,0,169,170,154,25,0,349,2,0,2,351
05/04/2023,OGG,HI,AWP,WE,Towers with Radar,169,5,4,4,182,0,165,26,1,192,169,170,30,5,374,48,0,48,422
05/05/2023,OGG,HI,AWP,WE,Towers with Radar,177,8,7,0,192,0,143,20,2,165,177,151,27,2,357,20,0,20,377
05/06/2023,OGG,HI,AWP,WE,Towers with Radar,178,10,2,2,192,0,122,21,1,144,178,132,23,3,336,46,0,46,382
05/07/2023,OGG,HI,AWP,WE,Towers with Radar,161,6,4,3,174,0,106,8,0,114,161,112,12,3,288,0,0,0,288
05/08/2023,OGG,HI,AWP,WE,Towers with Radar,172,12,5,1,190,0,178,24,2,204,172,190,29,3,394,67,0,67,461
05/09/2023,OGG,HI,AWP,WE,Towers with Radar,161,13,3,1,178,0,149,21,7,177,161,162,24,8,355,28,0,28,383
05/10/2023,OGG,HI,AWP,WE,Towers with Radar,174,7,8,2,191,0,170,17,0,187,174,177,25,2,378,36,0,36,414
05/11/2023,OGG,HI,AWP,WE,Towers with Radar,173,6,1,1,181,0,156,26,1,183,173,162,27,2,364,55,0,55,419
05/12/2023,OGG,HI,AWP,WE,Towers with Radar,145,12,2,0,159,0,159,27,2,188,145,171,29,2,347,28,0,28,375
05/13/2023,OGG,HI,AWP,WE,Towers with Radar,173,11,10,0,194,0,137,31,0,168,173,148,41,0,362,22,0,22,384
05/14/2023,OGG,HI,AWP,WE,Towers with Radar,164,10,5,2,181,0,112,27,0,139,164,122,32,2,320,0,0,0,320
05/15/2023,OGG,HI,AWP,WE,Towers with Radar,177,12,6,0,195,0,158,28,0,186,177,170,34,0,381,40,0,40,421
05/16/2023,OGG,HI,AWP,WE,Towers with Radar,157,10,3,1,171,0,162,41,3,206,157,172,44,4,377,30,0,30,407
05/17/2023,OGG,HI,AWP,WE,Towers with Radar,163,3,2,0,168,0,154,34,1,189,163,157,36,1,357,24,0,24,381
05/18/2023,OGG,HI,AWP,WE,Towers with Radar,150,11,7,5,173,0,140,28,0,168,150,151,35,5,341,32,0,32,373
05/19/2023,OGG,HI,AWP,WE,Towers with Radar,149,15,7,0,171,0,150,18,0,168,149,165,25,0,339,10,0,10,349
05/20/2023,OGG,HI,AWP,WE,Towers with Radar,157,5,3,0,165,0,158,36,0,194,157,163,39,0,359,30,0,30,389
05/21/2023,OGG,HI,AWP,WE,Towers with Radar,166,4,6,0,176,0,127,24,0,151,166,131,30,0,327,10,0,10,337
05/22/2023,OGG,HI,AWP,WE,Towers with Radar,169,11,11,0,191,0,159,34,0,193,169,170,45,0,384,16,0,16,400
05/23/2023,OGG,HI,AWP,WE,Towers with Radar,160,5,3,2,170,0,156,31,0,187,160,161,34,2,357,30,0,30,387
05/24/2023,OGG,HI,AWP,WE,Towers with Radar,167,11,6,2,186,0,170,42,0,212,167,181,48,2,398,10,0,10,408
05/25/2023,OGG,HI,AWP,WE,Towers with Radar,182,16,4,1,203,0,161,27,5,193,182,177,31,6,396,22,0,22,418
05/26/2023,OGG,HI,AWP,WE,Towers with Radar,179,14,8,0,201,0,175,27,0,202,179,189,35,0,403,8,0,8,411
05/27/2023,OGG,HI,AWP,WE,Towers with Radar,169,10,4,0,183,0,155,27,0,182,169,165,31,0,365,34,0,34,399
05/28/2023,OGG,HI,AWP,WE,Towers with Radar,170,5,7,0,182,0,139,30,0,169,170,144,37,0,351,36,0,36,387
05/29/2023,OGG,HI,AWP,WE,Towers with Radar,164,10,9,0,183,0,157,32,0,189,164,167,41,0,372,34,0,34,406
05/30/2023,OGG,HI,AWP,WE,Towers with Radar,158,22,6,2,188,0,155,34,0,189,158,177,40,2,377,20,0,20,397
05/31/2023,OGG,HI,AWP,WE,Towers with Radar,166,13,10,0,189,0,163,50,0,213,166,176,60,0,402,16,0,16,418
06/01/2023,OGG,HI,AWP,WE,Towers with Radar,180,21,2,0,203,0,152,38,0,190,180,173,40,0,393,34,0,34,427
06/02/2023,OGG,HI,AWP,WE,Towers with Radar,173,6,9,0,188,0,155,23,0,178,173,161,32,0,366,2,0,2,368
06/03/2023,OGG,HI,AWP,WE,Towers with Radar,184,11,9,2,206,0,140,28,1,169,184,151,37,3,375,44,0,44,419
06/04/2023,OGG,HI,AWP,WE,Towers with Radar,173,7,3,2,185,0,120,24,0,144,173,127,27,2,329,12,0,12,341
06/05/2023,OGG,HI,AWP,WE,Towers with Radar,180,9,5,2,196,0,168,40,0,208,180,177,45,2,404,33,0,33,437
06/06/2023,OGG,HI,AWP,WE,Towers with Radar,169,8,0,4,181,0,160,25,1,186,169,168,25,5,367,50,0,50,417
06/07/2023,OGG,HI,AWP,WE,Towers with Radar,173,8,0,0,181,0,173,28,0,201,173,181,28,0,382,46,0,46,428
06/08/2023,OGG,HI,AWP,WE,Towers with Radar,173,6,3,0,182,0,174,26,0,200,173,180,29,0,382,26,0,26,408
06/09/2023,OGG,HI,AWP,WE,Towers with Radar,184,11,2,0,197,0,179,30,0,209,184,190,32,0,406,53,0,53,459
06/10/2023,OGG,HI,AWP,WE,Towers with Radar,173,11,6,0,190,0,146,19,0,165,173,157,25,0,355,10,0,10,365
06/11/2023,OGG,HI,AWP,WE,Towers with Radar,163,8,5,0,176,0,128,18,0,146,163,136,23,0,322,6,0,6,328
06/12/2023,OGG,HI,AWP,WE,Towers with Radar,177,11,5,0,193,0,164,33,0,197,177,175,38,0,390,4,0,4,394
06/13/2023,OGG,HI,AWP,WE,Towers with Radar,172,8,2,0,182,0,166,22,2,190,172,174,24,2,372,40,0,40,412
06/14/2023,OGG,HI,AWP,WE,Towers with Radar,173,11,3,4,191,0,173,23,1,197,173,184,26,5,388,18,0,18,406
06/15/2023,OGG,HI,AWP,WE,Towers with Radar,169,5,4,2,180,0,183,35,0,218,169,188,39,2,398,54,0,54,452
06/16/2023,OGG,HI,AWP,WE,Towers with Radar,183,14,6,0,203,0,173,35,0,208,183,187,41,0,411,18,0,18,429
06/17/2023,OGG,HI,AWP,WE,Towers with Radar,186,6,9,0,201,0,150,16,0,166,186,156,25,0,367,57,0,57,424
06/18/2023,OGG,HI,AWP,WE,Towers with Radar,179,19,6,0,204,0,135,28,0,163,179,154,34,0,367,6,0,6,373
06/19/2023,OGG,HI,AWP,WE,Towers with Radar,186,10,7,0,203,0,187,37,0,224,186,197,44,0,427,43,0,43,470
06/20/2023,OGG,HI,AWP,WE,Towers with Radar,163,9,6,2,180,0,161,22,2,185,163,170,28,4,365,26,0,26,391
06/21/2023,OGG,HI,AWP,WE,Towers with Radar,177,7,7,0,191,0,160,43,0,203,177,167,50,0,394,45,0,45,439
06/22/2023,OGG,HI,AWP,WE,Towers with Radar,177,4,9,0,190,0,178,30,3,211,177,182,39,3,401,24,0,24,425
06/23/2023,OGG,HI,AWP,WE,Towers with Radar,168,13,6,1,188,0,170,23,3,196,168,183,29,4,384,8,0,8,392
06/24/2023,OGG,HI,AWP,WE,Towers with Radar,181,12,4,0,197,0,147,19,0,166,181,159,23,0,363,18,0,18,381
06/25/2023,OGG,HI,AWP,WE,Towers with Radar,163,9,5,0,177,0,128,6,0,134,163,137,11,0,311,30,0,30,341
06/26/2023,OGG,HI,AWP,WE,Towers with Radar,179,15,4,2,200,0,170,17,4,191,179,185,21,6,391,50,0,50,441
06/27/2023,OGG,HI,AWP,WE,Towers with Radar,170,6,4,5,185,0,170,28,3,201,170,176,32,8,386,46,0,46,432
06/28/2023,OGG,HI,AWP,WE,Towers with Radar,163,7,1,0,171,0,154,46,2,202,163,161,47,2,373,69,0,69,442
06/29/2023,OGG,HI,AWP,WE,Towers with Radar,183,7,7,4,201,0,174,37,0,211,183,181,44,4,412,65,0,65,477
06/30/2023,OGG,HI,AWP,WE,Towers with Radar,185,16,4,0,205,0,152,28,0,180,185,168,32,0,385,24,0,24,409
07/01/2023,OGG,HI,AWP,WE,Towers with Radar,183,10,10,0,203,0,145,45,0,190,183,155,55,0,393,46,0,46,439
07/02/2023,OGG,HI,AWP,WE,Towers with Radar,186,7,6,0,199,0,140,24,0,164,186,147,30,0,363,6,0,6,369
07/03/2023,OGG,HI,AWP,WE,Towers with Radar,187,6,6,0,199,0,157,22,0,179,187,163,28,0,378,62,0,62,440
07/04/2023,OGG,HI,AWP,WE,Towers with Radar,166,3,1,0,170,0,158,27,0,185,166,161,28,0,355,56,0,56,411
07/05/2023,OGG,HI,AWP,WE,Towers with Radar,176,7,6,0,189,0,172,31,4,207,176,179,37,4,396,82,0,82,478
07/06/2023,OGG,HI,AWP,WE,Towers with Radar,184,15,1,0,200,0,172,23,6,201,184,187,24,6,401,47,0,47,448
07/07/2023,OGG,HI,AWP,WE,Towers with Radar,164,15,3,0,182,0,136,40,0,176,164,151,43,0,358,38,0,38,396
07/08/2023,OGG,HI,AWP,WE,Towers with Radar,189,13,7,2,211,0,125,22,0,147,189,138,29,2,358,66,0,66,424
07/09/2023,OGG,HI,AWP,WE,Towers with Radar,179,6,7,0,192,0,130,34,1,165,179,136,41,1,357,17,0,17,374
07/10/2023,OGG,HI,AWP,WE,Towers with Radar,176,8,6,4,194,0,155,42,0,197,176,163,48,4,391,46,0,46,437
07/11/2023,OGG,HI,AWP,WE,Towers with Radar,182,5,3,1,191,0,168,44,1,213,182,173,47,2,404,30,0,30,434
07/12/2023,OGG,HI,AWP,WE,Towers with Radar,178,13,5,4,200,0,187,27,0,214,178,200,32,4,414,122,0,122,536
07/13/2023,OGG,HI,AWP,WE,Towers with Radar,183,8,3,0,194,0,176,28,2,206,183,184,31,2,400,48,0,48,448
07/14/2023,OGG,HI,AWP,WE,Towers with Radar,181,8,5,1,195,0,154,26,3,183,181,162,31,4,378,88,0,88,466
07/15/2023,OGG,HI,AWP,WE,Towers with Radar,177,7,3,0,187,0,148,29,0,177,177,155,32,0,364,6,0,6,370
07/16/2023,OGG,HI,AWP,WE,Towers with Radar,181,4,4,0,189,0,144,19,0,163,181,148,23,0,352,0,0,0,352
07/17/2023,OGG,HI,AWP,WE,Towers with Radar,166,13,9,0,188,0,153,28,0,181,166,166,37,0,369,40,0,40,409
07/18/2023,OGG,HI,AWP,WE,Towers with Radar,180,11,4,0,195,0,158,24,2,184,180,169,28,2,379,44,0,44,423
07/19/2023,OGG,HI,AWP,WE,Towers with Radar,178,30,5,0,213,0,21,2,1,24,178,51,7,1,237,2,0,2,239
07/20/2023,OGG,HI,AWP,WE,Towers with Radar,188,13,4,7,212,0,135,22,4,161,188,148,26,11,373,68,0,68,441
07/21/2023,OGG,HI,AWP,WE,Towers with Radar,164,8,7,5,184,0,167,23,2,192,164,175,30,7,376,58,0,58,434
07/22/2023,OGG,HI,AWP,WE,Towers with Radar,185,7,7,1,200,0,150,32,0,182,185,157,39,1,382,48,0,48,430
07/23/2023,OGG,HI,AWP,WE,Towers with Radar,177,4,6,0,187,0,140,21,0,161,177,144,27,0,348,16,0,16,364
07/24/2023,OGG,HI,AWP,WE,Towers with Radar,170,14,3,4,191,0,160,27,1,188,170,174,30,5,379,22,0,22,401
07/25/2023,OGG,HI,AWP,WE,Towers with Radar,187,9,11,5,212,0,171,30,5,206,187,180,41,10,418,32,0,32,450
07/26/2023,OGG,HI,AWP,WE,Towers with Radar,180,13,9,4,206,0,155,27,0,182,180,168,36,4,388,10,0,10,398
07/27/2023,OGG,HI,AWP,WE,Towers with Radar,179,10,6,2,197,0,179,44,0,223,179,189,50,2,420,62,0,62,482
07/28/2023,OGG,HI,AWP,WE,Towers with Radar,179,9,10,0,198,0,156,35,0,191,179,165,45,0,389,66,0,66,455
07/29/2023,OGG,HI,AWP,WE,Towers with Radar,183,6,7,3,199,0,146,37,1,184,183,152,44,4,383,14,0,14,397
07/30/2023,OGG,HI,AWP,WE,Towers with Radar,170,3,7,0,180,0,125,15,0,140,170,128,22,0,320,0,0,0,320
07/31/2023,OGG,HI,AWP,WE,Towers with Radar,167,9,11,3,190,0,166,28,1,195,167,175,39,4,385,46,0,46,431
08/01/2023,OGG,HI,AWP,WE,Towers with Radar,181,9,11,1,202,0,164,26,0,190,181,173,37,1,392,24,0,24,416
08/02/2023,OGG,HI,AWP,WE,Towers with Radar,182,8,5,4,199,0,171,24,2,197,182,179,29,6,396,18,0,18,414
08/03/2023,OGG,HI,AWP,WE,Towers with Radar,189,8,7,1,205,0,171,31,0,202,189,179,38,1,407,52,0,52,459
08/04/2023,OGG,HI,AWP,WE,Towers with Radar,173,9,5,1,188,0,158,28,0,186,173,167,33,1,374,42,0,42,416
08/05/2023,OGG,HI,AWP,WE,Towers with Radar,178,8,10,1,197,0,151,33,2,186,178,159,43,3,383,16,2,18,401
08/06/2023,OGG,HI,AWP,WE,Towers with Radar,175,4,10,1,190,0,139,21,1,161,175,143,31,2,351,10,0,10,361
08/07/2023,OGG,HI,AWP,WE,Towers with Radar,174,10,4,6,194,0,139,12,2,153,174,149,16,8,347,18,0,18,365
08/08/2023,OGG,HI,AWP,WE,Towers with Radar,176,11,4,0,191,0,104,7,2,113,176,115,11,2,304,15,0,15,319
08/09/2023,OGG,HI,AWP,WE,Towers with Radar,181,19,16,4,220,0,114,30,33,177,181,133,46,37,397,6,0,6,403
08/10/2023,OGG,HI,AWP,WE,Towers with Radar,201,17,20,1,239,0,186,29,18,233,201,203,49,19,472,20,1,21,493
08/11/2023,OGG,HI,AWP,WE,Towers with Radar,187,6,14,3,210,0,203,88,5,296,187,209,102,8,506,8,0,8,514
08/12/2023,OGG,HI,AWP,WE,Towers with Radar,186,8,11,2,207,0,134,106,3,243,186,142,117,5,450,18,0,18,468
08/13/2023,OGG,HI,AWP,WE,Towers with Radar,169,5,5,0,179,0,116,38,0,154,169,121,43,0,333,24,0,24,357
08/14/2023,OGG,HI,AWP,WE,Towers with Radar,172,13,9,11,205,0,99,69,2,170,172,112,78,13,375,0,0,0,375
08/15/2023,OGG,HI,AWP,WE,Towers with Radar,182,15,6,4,207,0,98,41,2,141,182,113,47,6,348,32,2,34,382
08/16/2023,OGG,HI,AWP,WE,Towers with Radar,167,8,11,2,188,0,93,34,9,136,167,101,45,11,324,8,0,8,332
08/17/2023,OGG,HI,AWP,WE,Towers with Radar,179,11,6,6,202,0,89,36,4,129,179,100,42,10,331,10,0,10,341
08/18/2023,OGG,HI,AWP,WE,Towers with Radar,190,9,2,0,201,0,87,22,0,109,190,96,24,0,310,44,0,44,354
08/19/2023,OGG,HI,AWP,WE,Towers with Radar,170,5,0,10,185,0,65,28,4,97,170,70,28,14,282,2,0,2,284
08/20/2023,OGG,HI,AWP,WE,Towers with Radar,180,1,4,7,192,0,69,20,0,89,180,70,24,7,281,6,0,6,287
08/21/2023,OGG,HI,AWP,WE,Towers with Radar,171,13,4,9,197,0,38,5,14,57,171,51,9,23,254,4,0,4,258
08/22/2023,OGG,HI,AWP,WE,Towers with Radar,177,7,3,2,189,0,83,21,3,107,177,90,24,5,296,30,0,30,326
08/23/2023,OGG,HI,AWP,WE,Towers with Radar,166,13,2,3,184,0,84,36,0,120,166,97,38,3,304,24,0,24,328
08/24/2023,OGG,HI,AWP,WE,Towers with Radar,177,12,6,10,205,0,90,20,1,111,177,102,26,11,316,38,0,38,354
08/25/2023,OGG,HI,AWP,WE,Towers with Radar,166,6,3,0,175,0,82,33,0,115,166,88,36,0,290,26,0,26,316
08/26/2023,OGG,HI,AWP,WE,Towers with Radar,172,5,2,2,181,0,70,18,6,94,172,75,20,8,275,16,0,16,291
08/27/2023,OGG,HI,AWP,WE,Towers with Radar,171,1,2,4,178,0,70,15,0,85,171,71,17,4,263,4,0,4,267
08/28/2023,OGG,HI,AWP,WE,Towers with Radar,168,12,4,8,192,0,68,40,3,111,168,80,44,11,303,22,0,22,325
08/29/2023,OGG,HI,AWP,WE,Towers with Radar,171,10,2,1,184,0,74,35,0,109,171,84,37,1,293,26,0,26,319
08/30/2023,OGG,HI,AWP,WE,Towers with Radar,167,7,0,3,177,0,78,15,1,94,167,85,15,4,271,32,0,32,303
08/31/2023,OGG,HI,AWP,WE,Towers with Radar,176,8,3,2,189,0,73,10,2,85,176,81,13,4,274,12,0,12,286
