01/01/2020,OKC,OK,ASW,CE,Combined TRACON& Tower with Radar,122,11,9,0,142,0,5,4,0,9,122,16,13,0,151,0,0,0,151
01/02/2020,OKC,OK,ASW,CE,Combined TRACON& Tower with Radar,155,18,34,0,207,0,2,11,1,14,155,20,45,1,221,0,0,0,221
01/03/2020,OKC,OK,ASW,CE,Combined TRACON& Tower with Radar,151,18,21,35,225,0,7,8,11,26,151,25,29,46,251,6,80,86,337
01/04/2020,OKC,OK,ASW,CE,Combined TRACON& Tower with Radar,123,27,29,7,186,0,5,10,2,17,123,32,39,9,203,0,0,0,203
01/05/2020,OKC,OK,ASW,CE,Combined TRACON& Tower with Radar,154,9,23,3,189,0,7,11,5,23,154,16,34,8,212,0,0,0,212
01/06/2020,OKC,OK,ASW,CE,Combined TRACON& Tower with Radar,141,10,21,56,228,0,6,32,21,59,141,16,53,77,287,16,104,120,407
01/07/2020,OKC,OK,ASW,CE,Combined TRACON& Tower with Radar,151,14,21,71,257,0,12,26,16,54,151,26,47,87,311,0,32,32,343
01/08/2020,OKC,OK,ASW,CE,Combined TRACON& Tower with Radar,148,22,35,78,283,0,11,19,14,44,148,33,54,92,327,0,146,146,473
01/09/2020,OKC,OK,ASW,CE,Combined TRACON& Tower with Radar,151,28,30,82,291,0,7,8,7,22,151,35,38,89,313,0,20,20,333
01/10/2020,OKC,OK,ASW,CE,Combined TRACON& Tower with Radar,143,21,22,16,202,0,1,0,0,1,143,22,22,16,203,0,0,0,203
01/11/2020,OKC,OK,ASW,CE,Combined TRACON& Tower with Radar,91,16,6,0,113,0,3,4,4,11,91,19,10,4,124,0,0,0,124
01/12/2020,OKC,OK,ASW,CE,Combined TRACON& Tower with Radar,142,19,17,10,188,0,4,13,6,23,142,23,30,16,211,0,14,14,225
01/13/2020,OKC,OK,ASW,CE,Combined TRACON& Tower with Radar,138,16,34,24,212,0,0,0,1,1,138,16,34,25,213,0,0,0,213
01/14/2020,OKC,OK,ASW,CE,Combined TRACON& Tower with Radar,137,33,41,74,285,0,3,16,8,27,137,36,57,82,312,4,2,6,318
01/15/2020,OKC,OK,ASW,CE,Combined TRACON& Tower with Radar,148,37,51,129,365,0,5,24,9,38,148,42,75,138,403,0,84,84,487
01/16/2020,OKC,OK,ASW,CE,Combined TRACON& Tower with Radar,152,28,31,3,214,0,4,16,3,23,152,32,47,6,237,0,36,36,273
01/17/2020,OKC,OK,ASW,CE,Combined TRACON& Tower with Radar,142,30,19,34,225,0,0,0,0,0,142,30,19,34,225,0,0,0,225
01/18/2020,OKC,OK,ASW,CE,Combined TRACON& Tower with Radar,95,26,10,2,133,0,10,11,4,25,95,36,21,6,158,0,0,0,158
01/19/2020,OKC,OK,ASW,CE,Combined TRACON& Tower with Radar,133,19,38,0,190,0,4,17,2,23,133,23,55,2,213,8,0,8,221
01/20/2020,OKC,OK,ASW,CE,Combined TRACON& Tower with Radar,130,25,37,18,210,0,3,18,22,43,130,28,55,40,253,0,52,52,305
01/21/2020,OKC,OK,ASW,CE,Combined TRACON& Tower with Radar,138,32,49,83,302,0,7,35,9,51,138,39,84,92,353,0,120,120,473
01/22/2020,OKC,OK,ASW,CE,Combined TRACON& Tower with Radar,143,26,27,8,204,0,0,0,0,0,143,26,27,8,204,0,0,0,204
01/23/2020,OKC,OK,ASW,CE,Combined TRACON& Tower with Radar,150,29,41,169,389,0,0,20,20,40,150,29,61,189,429,0,124,124,553
01/24/2020,OKC,OK,ASW,CE,Combined TRACON& Tower with Radar,146,25,49,172,392,0,7,41,6,54,146,32,90,178,446,0,194,194,640
01/25/2020,OKC,OK,ASW,CE,Combined TRACON& Tower with Radar,91,20,19,15,145,0,10,16,6,32,91,30,35,21,177,0,0,0,177
01/26/2020,OKC,OK,ASW,CE,Combined TRACON& Tower with Radar,135,14,29,30,208,0,11,18,3,32,135,25,47,33,240,48,0,48,288
01/27/2020,OKC,OK,ASW,CE,Combined TRACON& Tower with Radar,156,16,36,98,306,0,8,22,69,99,156,24,58,167,405,4,138,142,547
01/28/2020,OKC,OK,ASW,CE,Combined TRACON& Tower with Radar,136,25,29,1,191,0,1,0,0,1,136,26,29,1,192,0,0,0,192
01/29/2020,OKC,OK,ASW,CE,Combined TRACON& Tower with Radar,138,29,35,86,288,0,0,9,2,11,138,29,44,88,299,0,10,10,309
01/30/2020,OKC,OK,ASW,CE,Combined TRACON& Tower with Radar,146,29,41,161,377,0,3,15,4,22,146,32,56,165,399,12,106,118,517
01/31/2020,OKC,OK,ASW,CE,Combined TRACON& Tower with Radar,154,25,41,127,347,0,5,30,12,47,154,30,71,139,394,8,94,102,496
02/01/2020,OKC,OK,ASW,CE,Combined TRACON& Tower with Radar,97,22,22,40,181,0,6,15,12,33,97,28,37,52,214,0,0,0,214
02/02/2020,OKC,OK,ASW,CE,Combined TRACON& Tower with Radar,129,15,21,24,189,0,15,12,3,30,129,30,33,27,219,0,0,0,219
02/03/2020,OKC,OK,ASW,CE,Combined TRACON& Tower with Radar,135,28,30,93,286,0,6,35,9,50,135,34,65,102,336,6,44,50,386
02/04/2020,OKC,OK,ASW,CE,Combined TRACON& Tower with Radar,137,25,38,7,207,0,1,0,0,1,137,26,38,7,208,0,0,0,208
02/05/2020,OKC,OK,ASW,CE,Combined TRACON& Tower with Radar,123,14,14,5,156,0,1,0,0,1,123,15,14,5,157,0,0,0,157
02/06/2020,OKC,OK,ASW,CE,Combined TRACON& Tower with Radar,141,47,33,42,263,0,11,28,24,63,141,58,61,66,326,0,24,24,350
02/07/2020,OKC,OK,ASW,CE,Combined TRACON& Tower with Radar,147,22,37,90,296,1,9,36,8,54,148,31,73,98,350,26,70,96,446
02/08/2020,OKC,OK,ASW,CE,Combined TRACON& Tower with Radar,95,19,34,28,176,0,9,10,11,30,95,28,44,39,206,0,28,28,234
02/09/2020,OKC,OK,ASW,CE,Combined TRACON& Tower with Radar,130,18,23,32,203,0,3,6,3,12,130,21,29,35,215,10,34,44,259
02/10/2020,OKC,OK,ASW,CE,Combined TRACON& Tower with Radar,140,19,27,91,277,0,3,11,5,19,140,22,38,96,296,0,80,80,376
02/11/2020,OKC,OK,ASW,CE,Combined TRACON& Tower with Radar,149,26,32,134,341,0,4,27,2,33,149,30,59,136,374,0,30,30,404
02/12/2020,OKC,OK,ASW,CE,Combined TRACON& Tower with Radar,144,24,19,50,237,0,0,0,3,3,144,24,19,53,240,0,0,0,240
02/13/2020,OKC,OK,ASW,CE,Combined TRACON& Tower with Radar,156,22,36,121,335,0,3,22,11,36,156,25,58,132,371,0,130,130,501
02/14/2020,OKC,OK,ASW,CE,Combined TRACON& Tower with Radar,149,23,29,65,266,0,12,17,9,38,149,35,46,74,304,18,66,84,388
02/15/2020,OKC,OK,ASW,CE,Combined TRACON& Tower with Radar,100,9,10,1,120,0,14,14,7,35,100,23,24,8,155,0,0,0,155
02/16/2020,OKC,OK,ASW,CE,Combined TRACON& Tower with Radar,122,14,21,0,157,0,1,3,0,4,122,15,24,0,161,12,20,32,193
02/17/2020,OKC,OK,ASW,CE,Combined TRACON& Tower with Radar,132,26,30,36,224,0,2,5,0,7,132,28,35,36,231,30,36,66,297
02/18/2020,OKC,OK,ASW,CE,Combined TRACON& Tower with Radar,140,43,51,175,409,0,8,22,18,48,140,51,73,193,457,18,214,232,689
02/19/2020,OKC,OK,ASW,CE,Combined TRACON& Tower with Radar,139,28,37,190,394,0,5,26,24,55,139,33,63,214,449,4,266,270,719
02/20/2020,OKC,OK,ASW,CE,Combined TRACON& Tower with Radar,146,31,30,48,255,0,6,10,9,25,146,37,40,57,280,0,20,20,300
02/21/2020,OKC,OK,ASW,CE,Combined TRACON& Tower with Radar,144,14,43,94,295,0,4,36,15,55,144,18,79,109,350,6,2,8,358
02/22/2020,OKC,OK,ASW,CE,Combined TRACON& Tower with Radar,106,5,31,6,148,0,7,8,7,22,106,12,39,13,170,0,0,0,170
02/23/2020,OKC,OK,ASW,CE,Combined TRACON& Tower with Radar,134,26,29,8,197,0,7,3,1,11,134,33,32,9,208,0,50,50,258
02/24/2020,OKC,OK,ASW,CE,Combined TRACON& Tower with Radar,140,15,33,98,286,0,1,0,11,12,140,16,33,109,298,0,0,0,298
02/25/2020,OKC,OK,ASW,CE,Combined TRACON& Tower with Radar,140,26,55,90,311,0,4,38,24,66,140,30,93,114,377,0,36,36,413
02/26/2020,OKC,OK,ASW,CE,Combined TRACON& Tower with Radar,147,19,63,75,304,0,2,23,15,40,147,21,86,90,344,16,36,52,396
02/27/2020,OKC,OK,ASW,CE,Combined TRACON& Tower with Radar,155,14,42,99,310,0,2,29,18,49,155,16,71,117,359,8,76,84,443
02/28/2020,OKC,OK,ASW,CE,Combined TRACON& Tower with Radar,140,16,38,139,333,0,6,24,7,37,140,22,62,146,370,0,48,48,418
02/29/2020,OKC,OK,ASW,CE,Combined TRACON& Tower with Radar,106,8,27,6,147,0,0,17,2,19,106,8,44,8,166,0,0,0,166
03/01/2020,OKC,OK,ASW,CE,Combined TRACON& Tower with Radar,137,21,20,44,222,0,4,7,2,13,137,25,27,46,235,0,0,0,235
03/02/2020,OKC,OK,ASW,CE,Combined TRACON& Tower with Radar,143,21,33,129,326,0,5,22,8,35,143,26,55,137,361,0,34,34,395
03/03/2020,OKC,OK,ASW,CE,Combined TRACON& Tower with Radar,149,25,34,132,340,0,10,27,18,55,149,35,61,150,395,12,80,92,487
03/04/2020,OKC,OK,ASW,CE,Combined TRACON& Tower with Radar,151,25,48,134,358,0,10,22,14,46,151,35,70,148,404,0,28,28,432
03/05/2020,OKC,OK,ASW,CE,Combined TRACON& Tower with Radar,146,35,52,104,337,0,4,29,8,41,146,39,81,112,378,0,50,50,428
03/06/2020,OKC,OK,ASW,CE,Combined TRACON& Tower with Radar,147,31,32,77,287,0,21,29,9,59,147,52,61,86,346,4,224,228,574
03/07/2020,OKC,OK,ASW,CE,Combined TRACON& Tower with Radar,107,22,27,11,167,0,5,8,10,23,107,27,35,21,190,0,56,56,246
03/08/2020,OKC,OK,ASW,CE,Combined TRACON& Tower with Radar,138,11,32,50,231,0,4,3,1,8,138,15,35,51,239,0,0,0,239
03/09/2020,OKC,OK,ASW,CE,Combined TRACON& Tower with Radar,148,28,31,100,307,0,7,9,7,23,148,35,40,107,330,0,6,6,336
03/10/2020,OKC,OK,ASW,CE,Combined TRACON& Tower with Radar,155,28,46,162,391,0,4,23,25,52,155,32,69,187,443,0,232,232,675
03/11/2020,OKC,OK,ASW,CE,Combined TRACON& Tower with Radar,162,31,23,100,316,0,5,17,10,32,162,36,40,110,348,0,116,116,464
03/12/2020,OKC,OK,ASW,CE,Combined TRACON& Tower with Radar,149,34,36,98,317,0,6,23,11,40,149,40,59,109,357,0,108,108,465
03/13/2020,OKC,OK,ASW,CE,Combined TRACON& Tower with Radar,148,19,17,10,194,0,3,0,2,5,148,22,17,12,199,2,0,2,201
03/14/2020,OKC,OK,ASW,CE,Combined TRACON& Tower with Radar,117,23,24,30,194,0,0,0,0,0,117,23,24,30,194,0,0,0,194
03/15/2020,OKC,OK,ASW,CE,Combined TRACON& Tower with Radar,145,22,21,15,203,0,0,3,1,4,145,22,24,16,207,0,0,0,207
03/16/2020,OKC,OK,ASW,CE,Combined TRACON& Tower with Radar,147,14,17,25,203,0,0,0,0,0,147,14,17,25,203,0,0,0,203
03/17/2020,OKC,OK,ASW,CE,Combined TRACON& Tower with Radar,141,22,8,1,172,0,0,0,0,0,141,22,8,1,172,0,0,0,172
03/18/2020,OKC,OK,ASW,CE,Combined TRACON& Tower with Radar,141,18,17,14,190,0,0,10,3,13,141,18,27,17,203,0,0,0,203
03/19/2020,OKC,OK,ASW,CE,Combined TRACON& Tower with Radar,157,18,13,10,198,0,0,9,7,16,157,18,22,17,214,0,0,0,214
03/20/2020,OKC,OK,ASW,CE,Combined TRACON& Tower with Radar,135,25,19,51,230,0,2,8,5,15,135,27,27,56,245,38,20,58,303
03/21/2020,OKC,OK,ASW,CE,Combined TRACON& Tower with Radar,100,14,7,13,134,0,1,1,11,13,100,15,8,24,147,0,0,0,147
03/22/2020,OKC,OK,ASW,CE,Combined TRACON& Tower with Radar,110,11,9,10,140,0,0,2,0,2,110,11,11,10,142,0,0,0,142
03/23/2020,OKC,OK,ASW,CE,Combined TRACON& Tower with Radar,122,14,16,2,154,0,0,2,0,2,122,14,18,2,156,0,0,0,156
03/24/2020,OKC,OK,ASW,CE,Combined TRACON& Tower with Radar,104,15,24,84,227,0,3,21,4,28,104,18,45,88,255,0,270,270,525
03/25/2020,OKC,OK,ASW,CE,Combined TRACON& Tower with Radar,106,14,24,55,199,0,0,17,6,23,106,14,41,61,222,0,54,54,276
03/26/2020,OKC,OK,ASW,CE,Combined TRACON& Tower with Radar,97,7,26,84,214,0,5,28,10,43,97,12,54,94,257,0,68,68,325
03/27/2020,OKC,OK,ASW,CE,Combined TRACON& Tower with Radar,89,8,17,112,226,0,1,8,3,12,89,9,25,115,238,0,34,34,272
03/28/2020,OKC,OK,ASW,CE,Combined TRACON& Tower with Radar,72,9,5,0,86,0,5,6,5,16,72,14,11,5,102,0,0,0,102
03/29/2020,OKC,OK,ASW,CE,Combined TRACON& Tower with Radar,97,8,11,0,116,0,4,12,0,16,97,12,23,0,132,0,0,0,132
03/30/2020,OKC,OK,ASW,CE,Combined TRACON& Tower with Radar,84,3,8,2,97,0,2,4,6,12,84,5,12,8,109,0,12,12,121
03/31/2020,OKC,OK,ASW,CE,Combined TRACON& Tower with Radar,96,9,28,49,182,0,0,9,3,12,96,9,37,52,194,8,0,8,202
04/01/2020,OKC,OK,ASW,CE,Combined TRACON& Tower with Radar,82,12,21,50,165,0,5,14,10,29,82,17,35,60,194,0,20,20,214
04/02/2020,OKC,OK,ASW,CE,Combined TRACON& Tower with Radar,88,8,18,68,182,0,4,8,5,17,88,12,26,73,199,0,6,6,205
04/03/2020,OKC,OK,ASW,CE,Combined TRACON& Tower with Radar,86,5,6,1,98,0,0,0,0,0,86,5,6,1,98,0,0,0,98
04/04/2020,OKC,OK,ASW,CE,Combined TRACON& Tower with Radar,64,6,14,0,84,0,0,0,0,0,64,6,14,0,84,0,0,0,84
04/05/2020,OKC,OK,ASW,CE,Combined TRACON& Tower with Radar,70,5,9,0,84,0,2,5,0,7,70,7,14,0,91,0,0,0,91
04/06/2020,OKC,OK,ASW,CE,Combined TRACON& Tower with Radar,84,4,8,63,159,0,1,4,4,9,84,5,12,67,168,0,10,10,178
04/07/2020,OKC,OK,ASW,CE,Combined TRACON& Tower with Radar,74,5,11,13,103,0,0,15,16,31,74,5,26,29,134,0,0,0,134
04/08/2020,OKC,OK,ASW,CE,Combined TRACON& Tower with Radar,68,16,27,47,158,0,12,14,26,52,68,28,41,73,210,0,22,22,232
04/09/2020,OKC,OK,ASW,CE,Combined TRACON& Tower with Radar,71,9,17,18,115,0,3,19,17,39,71,12,36,35,154,0,6,6,160
04/10/2020,OKC,OK,ASW,CE,Combined TRACON& Tower with Radar,68,9,20,79,176,0,6,18,27,51,68,15,38,106,227,0,60,60,287
04/11/2020,OKC,OK,ASW,CE,Combined TRACON& Tower with Radar,54,9,4,14,81,0,2,0,0,2,54,11,4,14,83,0,0,0,83
04/12/2020,OKC,OK,ASW,CE,Combined TRACON& Tower with Radar,59,1,0,8,68,0,0,0,4,4,59,1,0,12,72,0,0,0,72
04/13/2020,OKC,OK,ASW,CE,Combined TRACON& Tower with Radar,60,9,16,33,118,0,3,16,12,31,60,12,32,45,149,0,0,0,149
04/14/2020,OKC,OK,ASW,CE,Combined TRACON& Tower with Radar,63,6,12,19,100,0,1,8,3,12,63,7,20,22,112,0,0,0,112
04/15/2020,OKC,OK,ASW,CE,Combined TRACON& Tower with Radar,63,9,21,22,115,0,0,28,15,43,63,9,49,37,158,0,0,0,158
04/16/2020,OKC,OK,ASW,CE,Combined TRACON& Tower with Radar,74,6,25,8,113,0,4,12,14,30,74,10,37,22,143,0,6,6,149
04/17/2020,OKC,OK,ASW,CE,Combined TRACON& Tower with Radar,60,1,13,42,116,0,1,9,3,13,60,2,22,45,129,0,18,18,147
04/18/2020,OKC,OK,ASW,CE,Combined TRACON& Tower with Radar,47,2,13,3,65,0,0,8,9,17,47,2,21,12,82,0,0,0,82
04/19/2020,OKC,OK,ASW,CE,Combined TRACON& Tower with Radar,50,3,15,0,68,0,2,2,2,6,50,5,17,2,74,0,0,0,74
04/20/2020,OKC,OK,ASW,CE,Combined TRACON& Tower with Radar,64,3,15,33,115,0,6,20,14,40,64,9,35,47,155,12,4,16,171
04/21/2020,OKC,OK,ASW,CE,Combined TRACON& Tower with Radar,59,10,25,67,161,0,1,16,14,31,59,11,41,81,192,0,2,2,194
04/22/2020,OKC,OK,ASW,CE,Combined TRACON& Tower with Radar,62,16,13,7,98,0,0,3,0,3,62,16,16,7,101,0,0,0,101
04/23/2020,OKC,OK,ASW,CE,Combined TRACON& Tower with Radar,53,8,27,71,159,0,0,26,12,38,53,8,53,83,197,0,24,24,221
04/24/2020,OKC,OK,ASW,CE,Combined TRACON& Tower with Radar,49,11,20,109,189,0,2,15,12,29,49,13,35,121,218,0,36,36,254
04/25/2020,OKC,OK,ASW,CE,Combined TRACON& Tower with Radar,49,10,20,21,100,0,7,18,5,30,49,17,38,26,130,0,0,0,130
04/26/2020,OKC,OK,ASW,CE,Combined TRACON& Tower with Radar,45,3,14,2,64,0,6,3,4,13,45,9,17,6,77,0,0,0,77
04/27/2020,OKC,OK,ASW,CE,Combined TRACON& Tower with Radar,57,4,7,21,89,0,4,12,17,33,57,8,19,38,122,0,0,0,122
04/28/2020,OKC,OK,ASW,CE,Combined TRACON& Tower with Radar,59,7,13,27,106,0,2,9,17,28,59,9,22,44,134,0,30,30,164
04/29/2020,OKC,OK,ASW,CE,Combined TRACON& Tower with Radar,56,9,29,34,128,0,7,20,13,40,56,16,49,47,168,2,0,2,170
04/30/2020,OKC,OK,ASW,CE,Combined TRACON& Tower with Radar,54,7,25,14,100,0,6,20,23,49,54,13,45,37,149,0,6,6,155
05/01/2020,OKC,OK,ASW,CE,Combined TRACON& Tower with Radar,70,9,18,16,113,0,2,12,17,31,70,11,30,33,144,0,0,0,144
05/02/2020,OKC,OK,ASW,CE,Combined TRACON& Tower with Radar,41,2,15,13,71,0,5,19,19,43,41,7,34,32,114,0,62,62,176
05/03/2020,OKC,OK,ASW,CE,Combined TRACON& Tower with Radar,62,5,28,0,95,0,2,2,0,4,62,7,30,0,99,0,0,0,99
05/04/2020,OKC,OK,ASW,CE,Combined TRACON& Tower with Radar,63,4,17,79,163,0,4,13,16,33,63,8,30,95,196,0,16,16,212
05/05/2020,OKC,OK,ASW,CE,Combined TRACON& Tower with Radar,52,6,21,81,160,0,4,19,17,40,52,10,40,98,200,0,18,18,218
05/06/2020,OKC,OK,ASW,CE,Combined TRACON& Tower with Radar,59,5,14,70,148,0,3,16,22,41,59,8,30,92,189,0,6,6,195
05/07/2020,OKC,OK,ASW,CE,Combined TRACON& Tower with Radar,58,6,17,27,108,0,3,22,16,41,58,9,39,43,149,4,0,4,153
05/08/2020,OKC,OK,ASW,CE,Combined TRACON& Tower with Radar,62,11,15,100,188,0,3,11,13,27,62,14,26,113,215,16,12,28,243
05/09/2020,OKC,OK,ASW,CE,Combined TRACON& Tower with Radar,49,0,11,23,83,0,2,15,12,29,49,2,26,35,112,0,48,48,160
05/10/2020,OKC,OK,ASW,CE,Combined TRACON& Tower with Radar,50,1,4,0,55,0,12,4,7,23,50,13,8,7,78,0,0,0,78
05/11/2020,OKC,OK,ASW,CE,Combined TRACON& Tower with Radar,56,3,15,83,157,0,4,19,19,42,56,7,34,102,199,0,46,46,245
05/12/2020,OKC,OK,ASW,CE,Combined TRACON& Tower with Radar,56,8,4,64,132,0,0,0,0,0,56,8,4,64,132,0,0,0,132
05/13/2020,OKC,OK,ASW,CE,Combined TRACON& Tower with Radar,58,17,6,63,144,0,2,8,0,10,58,19,14,63,154,0,6,6,160
05/14/2020,OKC,OK,ASW,CE,Combined TRACON& Tower with Radar,65,5,38,109,217,0,12,32,6,50,65,17,70,115,267,6,52,58,325
05/15/2020,OKC,OK,ASW,CE,Combined TRACON& Tower with Radar,56,7,12,27,102,0,1,4,2,7,56,8,16,29,109,0,0,0,109
05/16/2020,OKC,OK,ASW,CE,Combined TRACON& Tower with Radar,51,1,13,8,73,0,3,9,7,19,51,4,22,15,92,0,6,6,98
05/17/2020,OKC,OK,ASW,CE,Combined TRACON& Tower with Radar,56,2,15,24,97,0,2,8,3,13,56,4,23,27,110,0,0,0,110
05/18/2020,OKC,OK,ASW,CE,Combined TRACON& Tower with Radar,60,6,23,40,129,0,8,19,19,46,60,14,42,59,175,0,0,0,175
05/19/2020,OKC,OK,ASW,CE,Combined TRACON& Tower with Radar,54,2,32,47,135,0,7,20,27,54,54,9,52,74,189,4,8,12,201
05/20/2020,OKC,OK,ASW,CE,Combined TRACON& Tower with Radar,55,11,38,68,172,0,3,16,36,55,55,14,54,104,227,0,74,74,301
05/21/2020,OKC,OK,ASW,CE,Combined TRACON& Tower with Radar,58,7,32,152,249,0,1,10,9,20,58,8,42,161,269,0,22,22,291
05/22/2020,OKC,OK,ASW,CE,Combined TRACON& Tower with Radar,57,3,14,17,91,0,2,7,17,26,57,5,21,34,117,0,22,22,139
05/23/2020,OKC,OK,ASW,CE,Combined TRACON& Tower with Radar,52,7,8,0,67,0,2,4,1,7,52,9,12,1,74,0,0,0,74
05/24/2020,OKC,OK,ASW,CE,Combined TRACON& Tower with Radar,54,2,8,1,65,0,2,0,3,5,54,4,8,4,70,0,0,0,70
05/25/2020,OKC,OK,ASW,CE,Combined TRACON& Tower with Radar,51,9,4,1,65,0,0,0,1,1,51,9,4,2,66,0,0,0,66
05/26/2020,OKC,OK,ASW,CE,Combined TRACON& Tower with Radar,53,11,19,76,159,0,3,2,10,15,53,14,21,86,174,0,16,16,190
05/27/2020,OKC,OK,ASW,CE,Combined TRACON& Tower with Radar,57,11,28,75,171,0,6,57,21,84,57,17,85,96,255,0,0,0,255
05/28/2020,OKC,OK,ASW,CE,Combined TRACON& Tower with Radar,58,15,32,130,235,0,6,14,26,46,58,21,46,156,281,0,62,62,343
05/29/2020,OKC,OK,ASW,CE,Combined TRACON& Tower with Radar,56,9,22,71,158,0,6,17,24,47,56,15,39,95,205,4,24,28,233
05/30/2020,OKC,OK,ASW,CE,Combined TRACON& Tower with Radar,50,6,5,12,73,0,1,16,2,19,50,7,21,14,92,6,0,6,98
05/31/2020,OKC,OK,ASW,CE,Combined TRACON& Tower with Radar,54,2,11,2,69,0,0,8,0,8,54,2,19,2,77,0,0,0,77
06/01/2020,OKC,OK,ASW,CE,Combined TRACON& Tower with Radar,55,9,33,72,169,0,6,14,20,40,55,15,47,92,209,0,29,29,238
06/02/2020,OKC,OK,ASW,CE,Combined TRACON& Tower with Radar,76,16,23,82,197,0,5,25,17,47,76,21,48,99,244,0,28,28,272
06/03/2020,OKC,OK,ASW,CE,Combined TRACON& Tower with Radar,60,13,31,121,225,0,7,19,21,47,60,20,50,142,272,10,36,46,318
06/04/2020,OKC,OK,ASW,CE,Combined TRACON& Tower with Radar,59,17,37,58,171,0,5,19,20,44,59,22,56,78,215,0,30,30,245
06/05/2020,OKC,OK,ASW,CE,Combined TRACON& Tower with Radar,57,13,31,119,220,0,4,20,17,41,57,17,51,136,261,0,28,28,289
06/06/2020,OKC,OK,ASW,CE,Combined TRACON& Tower with Radar,51,10,12,29,102,0,9,16,11,36,51,19,28,40,138,0,26,26,164
06/07/2020,OKC,OK,ASW,CE,Combined TRACON& Tower with Radar,66,6,11,0,83,0,4,15,1,20,66,10,26,1,103,0,8,8,111
06/08/2020,OKC,OK,ASW,CE,Combined TRACON& Tower with Radar,65,8,25,97,195,0,7,32,14,53,65,15,57,111,248,0,53,53,301
06/09/2020,OKC,OK,ASW,CE,Combined TRACON& Tower with Radar,66,14,29,9,118,0,2,12,11,25,66,16,41,20,143,6,0,6,149
06/10/2020,OKC,OK,ASW,CE,Combined TRACON& Tower with Radar,68,20,34,112,234,0,9,21,19,49,68,29,55,131,283,0,91,91,374
06/11/2020,OKC,OK,ASW,CE,Combined TRACON& Tower with Radar,70,14,32,145,261,0,6,24,27,57,70,20,56,172,318,0,64,64,382
06/12/2020,OKC,OK,ASW,CE,Combined TRACON& Tower with Radar,64,10,28,82,184,0,5,16,11,32,64,15,44,93,216,0,114,114,330
06/13/2020,OKC,OK,ASW,CE,Combined TRACON& Tower with Radar,61,7,19,13,100,0,16,14,6,36,61,23,33,19,136,0,10,10,146
06/14/2020,OKC,OK,ASW,CE,Combined TRACON& Tower with Radar,71,13,12,0,96,0,4,5,3,12,71,17,17,3,108,0,0,0,108
06/15/2020,OKC,OK,ASW,CE,Combined TRACON& Tower with Radar,66,9,13,93,181,0,2,20,23,45,66,11,33,116,226,8,32,40,266
06/16/2020,OKC,OK,ASW,CE,Combined TRACON& Tower with Radar,69,16,26,34,145,0,7,71,32,110,69,23,97,66,255,10,4,14,269
06/17/2020,OKC,OK,ASW,CE,Combined TRACON& Tower with Radar,67,17,35,91,210,0,5,49,49,103,67,22,84,140,313,2,12,14,327
06/18/2020,OKC,OK,ASW,CE,Combined TRACON& Tower with Radar,68,11,37,87,203,0,6,23,42,71,68,17,60,129,274,0,12,12,286
06/19/2020,OKC,OK,ASW,CE,Combined TRACON& Tower with Radar,69,11,14,6,100,0,5,3,4,12,69,16,17,10,112,0,0,0,112
06/20/2020,OKC,OK,ASW,CE,Combined TRACON& Tower with Radar,64,9,10,2,85,0,1,8,0,9,64,10,18,2,94,6,0,6,100
06/21/2020,OKC,OK,ASW,CE,Combined TRACON& Tower with Radar,69,12,17,1,99,0,5,6,1,12,69,17,23,2,111,0,0,0,111
06/22/2020,OKC,OK,ASW,CE,Combined TRACON& Tower with Radar,66,12,39,117,234,0,3,25,3,31,66,15,64,120,265,0,0,0,265
06/23/2020,OKC,OK,ASW,CE,Combined TRACON& Tower with Radar,70,13,41,97,221,0,2,27,13,42,70,15,68,110,263,6,0,6,269
06/24/2020,OKC,OK,ASW,CE,Combined TRACON& Tower with Radar,69,11,36,100,216,0,5,37,25,67,69,16,73,125,283,14,32,46,329
06/25/2020,OKC,OK,ASW,CE,Combined TRACON& Tower with Radar,74,14,30,136,254,0,2,17,21,40,74,16,47,157,294,0,34,34,328
06/26/2020,OKC,OK,ASW,CE,Combined TRACON& Tower with Radar,68,5,41,87,201,0,4,11,21,36,68,9,52,108,237,0,114,114,351
06/27/2020,OKC,OK,ASW,CE,Combined TRACON& Tower with Radar,66,12,14,28,120,0,7,7,3,17,66,19,21,31,137,0,16,16,153
06/28/2020,OKC,OK,ASW,CE,Combined TRACON& Tower with Radar,72,12,13,35,132,0,6,4,4,14,72,18,17,39,146,0,0,0,146
06/29/2020,OKC,OK,ASW,CE,Combined TRACON& Tower with Radar,74,8,36,71,189,0,8,17,8,33,74,16,53,79,222,0,10,10,232
06/30/2020,OKC,OK,ASW,CE,Combined TRACON& Tower with Radar,70,10,19,91,190,0,5,10,14,29,70,15,29,105,219,8,0,8,227
07/01/2020,OKC,OK,ASW,CE,Combined TRACON& Tower with Radar,76,11,26,84,197,0,2,14,22,38,76,13,40,106,235,0,46,46,281
07/02/2020,OKC,OK,ASW,CE,Combined TRACON& Tower with Radar,87,15,24,48,174,0,6,7,7,20,87,21,31,55,194,0,20,20,214
07/03/2020,OKC,OK,ASW,CE,Combined TRACON& Tower with Radar,68,9,7,1,85,0,2,9,5,16,68,11,16,6,101,4,0,4,105
07/04/2020,OKC,OK,ASW,CE,Combined TRACON& Tower with Radar,58,3,5,0,66,0,1,5,2,8,58,4,10,2,74,0,0,0,74
07/05/2020,OKC,OK,ASW,CE,Combined TRACON& Tower with Radar,87,11,28,1,127,0,0,13,3,16,87,11,41,4,143,0,0,0,143
07/06/2020,OKC,OK,ASW,CE,Combined TRACON& Tower with Radar,96,15,22,7,140,0,2,16,6,24,96,17,38,13,164,8,8,16,180
07/07/2020,OKC,OK,ASW,CE,Combined TRACON& Tower with Radar,89,20,31,71,211,0,6,17,20,43,89,26,48,91,254,0,14,14,268
07/08/2020,OKC,OK,ASW,CE,Combined TRACON& Tower with Radar,91,16,23,85,215,0,4,22,21,47,91,20,45,106,262,0,52,52,314
07/09/2020,OKC,OK,ASW,CE,Combined TRACON& Tower with Radar,94,17,23,46,180,0,11,25,24,60,94,28,48,70,240,0,30,30,270
07/10/2020,OKC,OK,ASW,CE,Combined TRACON& Tower with Radar,94,6,19,34,153,0,4,17,16,37,94,10,36,50,190,14,14,28,218
07/11/2020,OKC,OK,ASW,CE,Combined TRACON& Tower with Radar,87,8,8,8,111,0,4,6,12,22,87,12,14,20,133,0,6,6,139
07/12/2020,OKC,OK,ASW,CE,Combined TRACON& Tower with Radar,87,9,19,10,125,0,1,6,5,12,87,10,25,15,137,0,0,0,137
07/13/2020,OKC,OK,ASW,CE,Combined TRACON& Tower with Radar,89,27,30,48,194,0,1,16,15,32,89,28,46,63,226,0,0,0,226
07/14/2020,OKC,OK,ASW,CE,Combined TRACON& Tower with Radar,88,11,32,133,264,0,5,17,10,32,88,16,49,143,296,0,36,36,332
07/15/2020,OKC,OK,ASW,CE,Combined TRACON& Tower with Radar,92,6,32,68,198,0,1,14,18,33,92,7,46,86,231,2,42,44,275
07/16/2020,OKC,OK,ASW,CE,Combined TRACON& Tower with Radar,95,27,37,104,263,0,4,26,23,53,95,31,63,127,316,0,92,92,408
07/17/2020,OKC,OK,ASW,CE,Combined TRACON& Tower with Radar,95,20,26,34,175,0,6,32,12,50,95,26,58,46,225,10,32,42,267
07/18/2020,OKC,OK,ASW,CE,Combined TRACON& Tower with Radar,86,6,12,39,143,0,0,9,7,16,86,6,21,46,159,0,108,108,267
07/19/2020,OKC,OK,ASW,CE,Combined TRACON& Tower with Radar,92,8,18,4,122,0,4,12,1,17,92,12,30,5,139,4,0,4,143
07/20/2020,OKC,OK,ASW,CE,Combined TRACON& Tower with Radar,89,15,21,83,208,0,7,13,13,33,89,22,34,96,241,4,42,46,287
07/21/2020,OKC,OK,ASW,CE,Combined TRACON& Tower with Radar,91,11,32,39,173,0,15,24,13,52,91,26,56,52,225,0,12,12,237
07/22/2020,OKC,OK,ASW,CE,Combined TRACON& Tower with Radar,92,15,43,72,222,0,5,23,19,47,92,20,66,91,269,0,104,104,373
07/23/2020,OKC,OK,ASW,CE,Combined TRACON& Tower with Radar,100,16,36,49,201,0,3,12,5,20,100,19,48,54,221,0,2,2,223
07/24/2020,OKC,OK,ASW,CE,Combined TRACON& Tower with Radar,94,15,25,71,205,0,9,25,14,48,94,24,50,85,253,6,30,36,289
07/25/2020,OKC,OK,ASW,CE,Combined TRACON& Tower with Radar,90,8,29,24,151,0,2,12,12,26,90,10,41,36,177,12,22,34,211
07/26/2020,OKC,OK,ASW,CE,Combined TRACON& Tower with Radar,95,11,18,23,147,0,7,10,10,27,95,18,28,33,174,16,0,16,190
07/27/2020,OKC,OK,ASW,CE,Combined TRACON& Tower with Radar,103,12,19,41,175,0,8,15,12,35,103,20,34,53,210,0,38,38,248
07/28/2020,OKC,OK,ASW,CE,Combined TRACON& Tower with Radar,92,19,37,89,237,0,2,33,3,38,92,21,70,92,275,0,20,20,295
07/29/2020,OKC,OK,ASW,CE,Combined TRACON& Tower with Radar,92,13,27,45,177,0,1,12,4,17,92,14,39,49,194,8,10,18,212
07/30/2020,OKC,OK,ASW,CE,Combined TRACON& Tower with Radar,94,17,31,30,172,0,4,16,8,28,94,21,47,38,200,0,26,26,226
07/31/2020,OKC,OK,ASW,CE,Combined TRACON& Tower with Radar,96,21,36,94,247,0,5,16,13,34,96,26,52,107,281,6,34,40,321
08/01/2020,OKC,OK,ASW,CE,Combined TRACON& Tower with Radar,84,6,17,21,128,0,3,11,6,20,84,9,28,27,148,0,0,0,148
08/02/2020,OKC,OK,ASW,CE,Combined TRACON& Tower with Radar,93,10,14,4,121,0,4,16,1,21,93,14,30,5,142,0,0,0,142
08/03/2020,OKC,OK,ASW,CE,Combined TRACON& Tower with Radar,92,15,32,64,203,0,6,41,22,69,92,21,73,86,272,8,40,48,320
08/04/2020,OKC,OK,ASW,CE,Combined TRACON& Tower with Radar,88,12,32,66,198,0,7,16,13,36,88,19,48,79,234,0,28,28,262
08/05/2020,OKC,OK,ASW,CE,Combined TRACON& Tower with Radar,90,15,30,75,210,0,4,39,25,68,90,19,69,100,278,29,52,81,359
08/06/2020,OKC,OK,ASW,CE,Combined TRACON& Tower with Radar,102,14,36,76,228,0,5,22,10,37,102,19,58,86,265,10,116,126,391
08/07/2020,OKC,OK,ASW,CE,Combined TRACON& Tower with Radar,97,6,27,102,232,0,4,50,75,129,97,10,77,177,361,0,70,70,431
08/08/2020,OKC,OK,ASW,CE,Combined TRACON& Tower with Radar,80,9,14,20,123,0,8,18,8,34,80,17,32,28,157,0,8,8,165
08/09/2020,OKC,OK,ASW,CE,Combined TRACON& Tower with Radar,97,6,8,23,134,0,5,18,1,24,97,11,26,24,158,4,0,4,162
08/10/2020,OKC,OK,ASW,CE,Combined TRACON& Tower with Radar,96,9,20,111,236,0,8,12,19,39,96,17,32,130,275,6,132,138,413
08/11/2020,OKC,OK,ASW,CE,Combined TRACON& Tower with Radar,95,16,27,48,186,0,1,17,35,53,95,17,44,83,239,6,66,72,311
08/12/2020,OKC,OK,ASW,CE,Combined TRACON& Tower with Radar,93,10,59,65,227,0,0,14,7,21,93,10,73,72,248,0,138,138,386
08/13/2020,OKC,OK,ASW,CE,Combined TRACON& Tower with Radar,109,21,20,73,223,0,3,16,20,39,109,24,36,93,262,0,158,158,420
08/14/2020,OKC,OK,ASW,CE,Combined TRACON& Tower with Radar,99,9,32,93,233,0,0,28,20,48,99,9,60,113,281,4,88,92,373
08/15/2020,OKC,OK,ASW,CE,Combined TRACON& Tower with Radar,87,10,6,40,143,0,5,3,11,19,87,15,9,51,162,0,0,0,162
08/16/2020,OKC,OK,ASW,CE,Combined TRACON& Tower with Radar,127,7,13,13,160,0,9,4,4,17,127,16,17,17,177,0,0,0,177
08/17/2020,OKC,OK,ASW,CE,Combined TRACON& Tower with Radar,102,13,15,56,186,0,4,12,13,29,102,17,27,69,215,0,58,58,273
08/18/2020,OKC,OK,ASW,CE,Combined TRACON& Tower with Radar,98,13,35,60,206,0,4,25,21,50,98,17,60,81,256,0,16,16,272
08/19/2020,OKC,OK,ASW,CE,Combined TRACON& Tower with Radar,95,27,28,97,247,0,12,30,20,62,95,39,58,117,309,0,60,60,369
08/20/2020,OKC,OK,ASW,CE,Combined TRACON& Tower with Radar,113,8,27,88,236,0,3,27,21,51,113,11,54,109,287,0,34,34,321
08/21/2020,OKC,OK,ASW,CE,Combined TRACON& Tower with Radar,106,7,16,134,263,0,5,22,25,52,106,12,38,159,315,0,94,94,409
08/22/2020,OKC,OK,ASW,CE,Combined TRACON& Tower with Radar,84,7,13,38,142,0,3,15,11,29,84,10,28,49,171,14,14,28,199
08/23/2020,OKC,OK,ASW,CE,Combined TRACON& Tower with Radar,114,8,13,25,160,0,4,20,3,27,114,12,33,28,187,16,0,16,203
08/24/2020,OKC,OK,ASW,CE,Combined TRACON& Tower with Radar,102,12,13,71,198,0,2,6,21,29,102,14,19,92,227,0,10,10,237
08/25/2020,OKC,OK,ASW,CE,Combined TRACON& Tower with Radar,101,11,30,129,271,0,4,18,34,56,101,15,48,163,327,0,22,22,349
08/26/2020,OKC,OK,ASW,CE,Combined TRACON& Tower with Radar,110,14,23,95,242,0,4,59,20,83,110,18,82,115,325,0,44,44,369
08/27/2020,OKC,OK,ASW,CE,Combined TRACON& Tower with Radar,106,17,21,34,178,0,8,29,24,61,106,25,50,58,239,0,16,16,255
08/28/2020,OKC,OK,ASW,CE,Combined TRACON& Tower with Radar,103,12,19,170,304,0,5,16,16,37,103,17,35,186,341,0,0,0,341
08/29/2020,OKC,OK,ASW,CE,Combined TRACON& Tower with Radar,97,19,11,13,140,0,3,5,5,13,97,22,16,18,153,0,0,0,153
08/30/2020,OKC,OK,ASW,CE,Combined TRACON& Tower with Radar,102,12,19,41,174,0,4,9,7,20,102,16,28,48,194,0,12,12,206
08/31/2020,OKC,OK,ASW,CE,Combined TRACON& Tower with Radar,99,10,19,21,149,0,4,6,9,19,99,14,25,30,168,0,34,34,202
09/01/2020,OKC,OK,ASW,CE,Combined TRACON& Tower with Radar,98,13,20,15,146,0,0,11,5,16,98,13,31,20,162,0,0,0,162
09/02/2020,OKC,OK,ASW,CE,Combined TRACON& Tower with Radar,99,10,25,35,169,0,0,7,3,10,99,10,32,38,179,0,0,0,179
09/03/2020,OKC,OK,ASW,CE,Combined TRACON& Tower with Radar,112,14,56,41,223,0,2,23,9,34,112,16,79,50,257,10,0,10,267
09/04/2020,OKC,OK,ASW,CE,Combined TRACON& Tower with Radar,101,11,26,21,159,0,4,21,3,28,101,15,47,24,187,20,0,20,207
09/05/2020,OKC,OK,ASW,CE,Combined TRACON& Tower with Radar,113,5,11,1,130,0,4,9,4,17,113,9,20,5,147,0,0,0,147
09/06/2020,OKC,OK,ASW,CE,Combined TRACON& Tower with Radar,82,2,7,0,91,0,7,9,2,18,82,9,16,2,109,0,0,0,109
09/07/2020,OKC,OK,ASW,CE,Combined TRACON& Tower with Radar,82,6,12,0,100,0,1,26,0,27,82,7,38,0,127,14,0,14,141
09/08/2020,OKC,OK,ASW,CE,Combined TRACON& Tower with Radar,80,6,28,66,180,0,4,2,18,24,80,10,30,84,204,0,10,10,214
09/09/2020,OKC,OK,ASW,CE,Combined TRACON& Tower with Radar,90,6,21,36,153,0,0,0,0,0,90,6,21,36,153,0,0,0,153
09/10/2020,OKC,OK,ASW,CE,Combined TRACON& Tower with Radar,96,18,37,134,285,0,0,0,2,2,96,18,37,136,287,0,0,0,287
09/11/2020,OKC,OK,ASW,CE,Combined TRACON& Tower with Radar,92,7,42,80,221,0,0,3,9,12,92,7,45,89,233,0,16,16,249
09/12/2020,OKC,OK,ASW,CE,Combined TRACON& Tower with Radar,83,2,15,35,135,0,3,10,15,28,83,5,25,50,163,10,22,32,195
09/13/2020,OKC,OK,ASW,CE,Combined TRACON& Tower with Radar,90,7,5,39,141,0,5,9,14,28,90,12,14,53,169,2,12,14,183
09/14/2020,OKC,OK,ASW,CE,Combined TRACON& Tower with Radar,115,13,36,76,240,0,11,17,35,63,115,24,53,111,303,0,28,28,331
09/15/2020,OKC,OK,ASW,CE,Combined TRACON& Tower with Radar,95,9,56,133,293,0,5,21,23,49,95,14,77,156,342,0,6,6,348
09/16/2020,OKC,OK,ASW,CE,Combined TRACON& Tower with Radar,88,13,34,25,160,0,8,19,15,42,88,21,53,40,202,0,14,14,216
09/17/2020,OKC,OK,ASW,CE,Combined TRACON& Tower with Radar,128,14,23,69,234,0,0,24,24,48,128,14,47,93,282,0,50,50,332
09/18/2020,OKC,OK,ASW,CE,Combined TRACON& Tower with Radar,93,11,31,94,229,0,2,24,10,36,93,13,55,104,265,0,0,0,265
09/19/2020,OKC,OK,ASW,CE,Combined TRACON& Tower with Radar,83,5,9,73,170,0,5,10,17,32,83,10,19,90,202,0,12,12,214
09/20/2020,OKC,OK,ASW,CE,Combined TRACON& Tower with Radar,95,3,13,17,128,0,1,7,4,12,95,4,20,21,140,0,0,0,140
09/21/2020,OKC,OK,ASW,CE,Combined TRACON& Tower with Radar,95,15,21,115,246,0,7,28,24,59,95,22,49,139,305,4,30,34,339
09/22/2020,OKC,OK,ASW,CE,Combined TRACON& Tower with Radar,90,16,31,74,211,0,1,0,3,4,90,17,31,77,215,0,0,0,215
09/23/2020,OKC,OK,ASW,CE,Combined TRACON& Tower with Radar,91,21,29,83,224,0,2,9,4,15,91,23,38,87,239,0,0,0,239
09/24/2020,OKC,OK,ASW,CE,Combined TRACON& Tower with Radar,111,25,38,102,276,0,4,29,13,46,111,29,67,115,322,0,34,34,356
09/25/2020,OKC,OK,ASW,CE,Combined TRACON& Tower with Radar,92,14,37,126,269,0,7,21,13,41,92,21,58,139,310,0,0,0,310
09/26/2020,OKC,OK,ASW,CE,Combined TRACON& Tower with Radar,85,15,17,11,128,0,8,9,4,21,85,23,26,15,149,4,0,4,153
09/27/2020,OKC,OK,ASW,CE,Combined TRACON& Tower with Radar,92,15,24,15,146,0,6,2,6,14,92,21,26,21,160,0,20,20,180
09/28/2020,OKC,OK,ASW,CE,Combined TRACON& Tower with Radar,87,18,30,48,183,0,4,20,12,36,87,22,50,60,219,0,50,50,269
09/29/2020,OKC,OK,ASW,CE,Combined TRACON& Tower with Radar,93,12,37,72,214,0,5,25,20,50,93,17,62,92,264,0,0,0,264
09/30/2020,OKC,OK,ASW,CE,Combined TRACON& Tower with Radar,91,26,34,81,232,0,8,20,18,46,91,34,54,99,278,0,0,0,278
10/01/2020,OKC,OK,ASW,CE,Combined TRACON& Tower with Radar,101,20,25,52,198,0,6,19,19,44,101,26,44,71,242,0,8,8,250
10/02/2020,OKC,OK,ASW,CE,Combined TRACON& Tower with Radar,100,14,20,95,229,0,2,9,29,40,100,16,29,124,269,0,38,38,307
10/03/2020,OKC,OK,ASW,CE,Combined TRACON& Tower with Radar,88,12,11,31,142,0,5,8,8,21,88,17,19,39,163,0,40,40,203
10/04/2020,OKC,OK,ASW,CE,Combined TRACON& Tower with Radar,91,8,22,63,184,0,2,14,34,50,91,10,36,97,234,0,0,0,234
10/05/2020,OKC,OK,ASW,CE,Combined TRACON& Tower with Radar,85,17,31,71,204,0,8,19,21,48,85,25,50,92,252,0,78,78,330
10/06/2020,OKC,OK,ASW,CE,Combined TRACON& Tower with Radar,91,22,27,49,189,0,4,44,22,70,91,26,71,71,259,28,124,152,411
10/07/2020,OKC,OK,ASW,CE,Combined TRACON& Tower with Radar,93,34,28,68,223,0,3,14,18,35,93,37,42,86,258,0,20,20,278
10/08/2020,OKC,OK,ASW,CE,Combined TRACON& Tower with Radar,102,26,37,133,298,0,9,21,21,51,102,35,58,154,349,10,76,86,435
10/09/2020,OKC,OK,ASW,CE,Combined TRACON& Tower with Radar,93,14,20,83,210,0,7,12,4,23,93,21,32,87,233,0,62,62,295
10/10/2020,OKC,OK,ASW,CE,Combined TRACON& Tower with Radar,79,7,21,7,114,0,2,12,0,14,79,9,33,7,128,0,0,0,128
10/11/2020,OKC,OK,ASW,CE,Combined TRACON& Tower with Radar,97,7,21,16,141,0,4,5,11,20,97,11,26,27,161,0,0,0,161
10/12/2020,OKC,OK,ASW,CE,Combined TRACON& Tower with Radar,90,19,32,9,150,0,6,11,10,27,90,25,43,19,177,0,0,0,177
10/13/2020,OKC,OK,ASW,CE,Combined TRACON& Tower with Radar,87,26,20,112,245,0,13,19,18,50,87,39,39,130,295,0,106,106,401
10/14/2020,OKC,OK,ASW,CE,Combined TRACON& Tower with Radar,88,15,32,110,245,0,8,22,12,42,88,23,54,122,287,0,70,70,357
10/15/2020,OKC,OK,ASW,CE,Combined TRACON& Tower with Radar,98,18,39,33,188,0,4,21,14,39,98,22,60,47,227,0,52,52,279
10/16/2020,OKC,OK,ASW,CE,Combined TRACON& Tower with Radar,92,16,27,69,204,0,5,23,23,51,92,21,50,92,255,6,72,78,333
10/17/2020,OKC,OK,ASW,CE,Combined TRACON& Tower with Radar,85,11,15,31,142,0,2,4,9,15,85,13,19,40,157,0,0,0,157
10/18/2020,OKC,OK,ASW,CE,Combined TRACON& Tower with Radar,101,14,25,33,173,0,1,0,0,1,101,15,25,33,174,0,0,0,174
10/19/2020,OKC,OK,ASW,CE,Combined TRACON& Tower with Radar,91,18,24,104,237,0,2,14,1,17,91,20,38,105,254,4,10,14,268
10/20/2020,OKC,OK,ASW,CE,Combined TRACON& Tower with Radar,84,27,46,83,240,0,0,10,9,19,84,27,56,92,259,6,4,10,269
10/21/2020,OKC,OK,ASW,CE,Combined TRACON& Tower with Radar,86,17,28,165,296,0,8,18,25,51,86,25,46,190,347,0,86,86,433
10/22/2020,OKC,OK,ASW,CE,Combined TRACON& Tower with Radar,102,17,28,59,206,0,5,16,18,39,102,22,44,77,245,0,36,36,281
10/23/2020,OKC,OK,ASW,CE,Combined TRACON& Tower with Radar,99,11,20,111,241,0,3,3,1,7,99,14,23,112,248,0,0,0,248
10/24/2020,OKC,OK,ASW,CE,Combined TRACON& Tower with Radar,79,5,16,40,140,0,7,18,5,30,79,12,34,45,170,0,0,0,170
10/25/2020,OKC,OK,ASW,CE,Combined TRACON& Tower with Radar,86,9,14,35,144,0,3,0,20,23,86,12,14,55,167,0,0,0,167
10/26/2020,OKC,OK,ASW,CE,Combined TRACON& Tower with Radar,56,17,8,0,81,0,0,0,0,0,56,17,8,0,81,0,0,0,81
10/27/2020,OKC,OK,ASW,CE,Combined TRACON& Tower with Radar,51,4,3,0,58,0,0,0,0,0,51,4,3,0,58,0,0,0,58
10/28/2020,OKC,OK,ASW,CE,Combined TRACON& Tower with Radar,76,17,9,0,102,0,0,0,0,0,76,17,9,0,102,0,0,0,102
10/29/2020,OKC,OK,ASW,CE,Combined TRACON& Tower with Radar,90,25,22,64,201,0,0,18,6,24,90,25,40,70,225,0,30,30,255
10/30/2020,OKC,OK,ASW,CE,Combined TRACON& Tower with Radar,90,14,25,83,212,0,4,19,15,38,90,18,44,98,250,0,24,24,274
10/31/2020,OKC,OK,ASW,CE,Combined TRACON& Tower with Radar,70,10,8,31,119,0,5,7,7,19,70,15,15,38,138,0,0,0,138
11/01/2020,OKC,OK,ASW,CE,Combined TRACON& Tower with Radar,84,11,22,10,127,0,9,15,6,30,84,20,37,16,157,0,0,0,157
11/02/2020,OKC,OK,ASW,CE,Combined TRACON& Tower with Radar,85,15,19,87,206,0,8,38,14,60,85,23,57,101,266,0,114,114,380
11/03/2020,OKC,OK,ASW,CE,Combined TRACON& Tower with Radar,73,21,28,46,168,0,21,18,26,65,73,42,46,72,233,0,82,82,315
11/04/2020,OKC,OK,ASW,CE,Combined TRACON& Tower with Radar,80,26,34,116,256,0,3,33,45,81,80,29,67,161,337,0,86,86,423
11/05/2020,OKC,OK,ASW,CE,Combined TRACON& Tower with Radar,98,35,37,125,295,0,5,27,14,46,98,40,64,139,341,10,100,110,451
11/06/2020,OKC,OK,ASW,CE,Combined TRACON& Tower with Radar,97,15,28,126,266,0,4,23,14,41,97,19,51,140,307,0,92,92,399
11/07/2020,OKC,OK,ASW,CE,Combined TRACON& Tower with Radar,78,16,15,44,153,0,8,7,7,22,78,24,22,51,175,10,14,24,199
11/08/2020,OKC,OK,ASW,CE,Combined TRACON& Tower with Radar,94,19,15,28,156,0,3,10,16,29,94,22,25,44,185,6,10,16,201
11/09/2020,OKC,OK,ASW,CE,Combined TRACON& Tower with Radar,93,12,17,124,246,0,0,9,9,18,93,12,26,133,264,0,0,0,264
11/10/2020,OKC,OK,ASW,CE,Combined TRACON& Tower with Radar,98,20,28,104,250,0,0,16,6,22,98,20,44,110,272,6,32,38,310
11/11/2020,OKC,OK,ASW,CE,Combined TRACON& Tower with Radar,78,23,18,10,129,0,5,6,0,11,78,28,24,10,140,0,0,0,140
11/12/2020,OKC,OK,ASW,CE,Combined TRACON& Tower with Radar,99,24,26,89,238,0,4,11,14,29,99,28,37,103,267,0,0,0,267
11/13/2020,OKC,OK,ASW,CE,Combined TRACON& Tower with Radar,97,21,29,73,220,0,4,9,8,21,97,25,38,81,241,0,42,42,283
11/14/2020,OKC,OK,ASW,CE,Combined TRACON& Tower with Radar,77,20,9,0,106,0,3,4,4,11,77,23,13,4,117,0,0,0,117
11/15/2020,OKC,OK,ASW,CE,Combined TRACON& Tower with Radar,94,13,13,4,124,0,5,19,4,28,94,18,32,8,152,0,8,8,160
11/16/2020,OKC,OK,ASW,CE,Combined TRACON& Tower with Radar,90,20,25,33,168,0,7,29,19,55,90,27,54,52,223,2,24,26,249
11/17/2020,OKC,OK,ASW,CE,Combined TRACON& Tower with Radar,79,25,29,70,203,0,10,34,8,52,79,35,63,78,255,0,8,8,263
11/18/2020,OKC,OK,ASW,CE,Combined TRACON& Tower with Radar,85,22,18,50,175,0,5,23,16,44,85,27,41,66,219,0,34,34,253
11/19/2020,OKC,OK,ASW,CE,Combined TRACON& Tower with Radar,106,22,14,78,220,0,1,12,20,33,106,23,26,98,253,0,0,0,253
11/20/2020,OKC,OK,ASW,CE,Combined TRACON& Tower with Radar,103,27,18,59,207,0,11,11,19,41,103,38,29,78,248,0,0,0,248
11/21/2020,OKC,OK,ASW,CE,Combined TRACON& Tower with Radar,91,16,38,34,179,0,0,0,2,2,91,16,38,36,181,0,0,0,181
11/22/2020,OKC,OK,ASW,CE,Combined TRACON& Tower with Radar,99,11,12,9,131,0,1,1,0,2,99,12,13,9,133,0,0,0,133
11/23/2020,OKC,OK,ASW,CE,Combined TRACON& Tower with Radar,89,25,19,127,260,0,7,9,7,23,89,32,28,134,283,0,12,12,295
11/24/2020,OKC,OK,ASW,CE,Combined TRACON& Tower with Radar,112,16,27,25,180,0,0,0,0,0,112,16,27,25,180,0,0,0,180
11/25/2020,OKC,OK,ASW,CE,Combined TRACON& Tower with Radar,118,19,19,48,204,0,4,20,15,39,118,23,39,63,243,0,10,10,253
11/26/2020,OKC,OK,ASW,CE,Combined TRACON& Tower with Radar,46,10,0,0,56,0,3,3,0,6,46,13,3,0,62,0,0,0,62
11/27/2020,OKC,OK,ASW,CE,Combined TRACON& Tower with Radar,85,16,14,0,115,0,7,12,2,21,85,23,26,2,136,0,0,0,136
11/28/2020,OKC,OK,ASW,CE,Combined TRACON& Tower with Radar,93,13,14,0,120,0,0,10,2,12,93,13,24,2,132,0,0,0,132
11/29/2020,OKC,OK,ASW,CE,Combined TRACON& Tower with Radar,102,23,16,8,149,0,2,3,0,5,102,25,19,8,154,0,0,0,154
11/30/2020,OKC,OK,ASW,CE,Combined TRACON& Tower with Radar,99,16,28,83,226,0,10,21,13,44,99,26,49,96,270,0,24,24,294
12/01/2020,OKC,OK,ASW,CE,Combined TRACON& Tower with Radar,90,20,32,38,180,0,10,7,14,31,90,30,39,52,211,0,6,6,217
12/02/2020,OKC,OK,ASW,CE,Combined TRACON& Tower with Radar,79,14,14,3,110,0,2,0,2,4,79,16,14,5,114,0,0,0,114
12/03/2020,OKC,OK,ASW,CE,Combined TRACON& Tower with Radar,93,15,27,20,155,0,0,0,1,1,93,15,27,21,156,0,0,0,156
12/04/2020,OKC,OK,ASW,CE,Combined TRACON& Tower with Radar,92,16,22,37,167,0,8,39,37,84,92,24,61,74,251,0,0,0,251
12/05/2020,OKC,OK,ASW,CE,Combined TRACON& Tower with Radar,73,13,17,23,126,0,12,15,4,31,73,25,32,27,157,0,0,0,157
12/06/2020,OKC,OK,ASW,CE,Combined TRACON& Tower with Radar,88,8,14,10,120,0,7,13,10,30,88,15,27,20,150,0,0,0,150
12/07/2020,OKC,OK,ASW,CE,Combined TRACON& Tower with Radar,94,16,20,74,204,0,14,16,18,48,94,30,36,92,252,4,40,44,296
12/08/2020,OKC,OK,ASW,CE,Combined TRACON& Tower with Radar,80,23,27,91,221,0,17,28,12,57,80,40,55,103,278,0,24,24,302
12/09/2020,OKC,OK,ASW,CE,Combined TRACON& Tower with Radar,78,26,24,59,187,0,4,6,31,41,78,30,30,90,228,0,6,6,234
12/10/2020,OKC,OK,ASW,CE,Combined TRACON& Tower with Radar,97,25,24,54,200,0,14,16,25,55,97,39,40,79,255,0,62,62,317
12/11/2020,OKC,OK,ASW,CE,Combined TRACON& Tower with Radar,97,21,36,106,260,0,7,8,19,34,97,28,44,125,294,0,60,60,354
12/12/2020,OKC,OK,ASW,CE,Combined TRACON& Tower with Radar,75,6,20,45,146,0,2,6,2,10,75,8,26,47,156,0,66,66,222
12/13/2020,OKC,OK,ASW,CE,Combined TRACON& Tower with Radar,86,9,6,1,102,0,2,0,0,2,86,11,6,1,104,0,0,0,104
12/14/2020,OKC,OK,ASW,CE,Combined TRACON& Tower with Radar,98,7,35,26,166,0,2,11,22,35,98,9,46,48,201,0,4,4,205
12/15/2020,OKC,OK,ASW,CE,Combined TRACON& Tower with Radar,78,9,18,1,106,0,0,0,0,0,78,9,18,1,106,0,0,0,106
12/16/2020,OKC,OK,ASW,CE,Combined TRACON& Tower with Radar,83,23,44,47,197,0,6,16,8,30,83,29,60,55,227,22,26,48,275
12/17/2020,OKC,OK,ASW,CE,Combined TRACON& Tower with Radar,104,23,15,45,187,0,2,15,11,28,104,25,30,56,215,0,58,58,273
12/18/2020,OKC,OK,ASW,CE,Combined TRACON& Tower with Radar,105,19,21,42,187,0,9,12,14,35,105,28,33,56,222,0,0,0,222
12/19/2020,OKC,OK,ASW,CE,Combined TRACON& Tower with Radar,91,10,3,15,119,0,3,21,5,29,91,13,24,20,148,0,0,0,148
12/20/2020,OKC,OK,ASW,CE,Combined TRACON& Tower with Radar,116,9,9,6,140,0,5,11,0,16,116,14,20,6,156,0,0,0,156
12/21/2020,OKC,OK,ASW,CE,Combined TRACON& Tower with Radar,105,24,8,59,196,0,1,20,17,38,105,25,28,76,234,14,78,92,326
12/22/2020,OKC,OK,ASW,CE,Combined TRACON& Tower with Radar,108,19,24,89,240,0,9,14,19,42,108,28,38,108,282,0,20,20,302
12/23/2020,OKC,OK,ASW,CE,Combined TRACON& Tower with Radar,108,22,34,1,165,0,0,10,5,15,108,22,44,6,180,0,0,0,180
12/24/2020,OKC,OK,ASW,CE,Combined TRACON& Tower with Radar,73,9,2,0,84,0,5,5,0,10,73,14,7,0,94,0,0,0,94
12/25/2020,OKC,OK,ASW,CE,Combined TRACON& Tower with Radar,63,7,2,0,72,0,5,4,1,10,63,12,6,1,82,0,0,0,82
12/26/2020,OKC,OK,ASW,CE,Combined TRACON& Tower with Radar,88,13,6,0,107,0,8,6,3,17,88,21,12,3,124,0,0,0,124
12/27/2020,OKC,OK,ASW,CE,Combined TRACON& Tower with Radar,79,18,22,0,119,0,0,8,0,8,79,18,30,0,127,0,0,0,127
12/28/2020,OKC,OK,ASW,CE,Combined TRACON& Tower with Radar,95,18,21,13,147,0,6,4,14,24,95,24,25,27,171,0,0,0,171
12/29/2020,OKC,OK,ASW,CE,Combined TRACON& Tower with Radar,95,8,27,3,133,0,0,0,0,0,95,8,27,3,133,0,0,0,133
12/30/2020,OKC,OK,ASW,CE,Combined TRACON& Tower with Radar,120,15,16,4,155,0,3,0,5,8,120,18,16,9,163,0,0,0,163
12/31/2020,OKC,OK,ASW,CE,Combined TRACON& Tower with Radar,68,10,12,0,90,0,1,2,4,7,68,11,14,4,97,0,0,0,97
01/01/2021,OKC,OK,ASW,CE,Combined TRACON& Tower with Radar,65,15,3,1,84,0,0,0,0,0,65,15,3,1,84,0,0,0,84
01/02/2021,OKC,OK,ASW,CE,Combined TRACON& Tower with Radar,103,17,16,0,136,0,7,9,0,16,103,24,25,0,152,0,0,0,152
01/03/2021,OKC,OK,ASW,CE,Combined TRACON& Tower with Radar,101,18,15,4,138,0,4,7,1,12,101,22,22,5,150,0,0,0,150
01/04/2021,OKC,OK,ASW,CE,Combined TRACON& Tower with Radar,100,18,19,29,166,0,7,7,25,39,100,25,26,54,205,0,0,0,205
01/05/2021,OKC,OK,ASW,CE,Combined TRACON& Tower with Radar,90,21,11,57,179,0,9,5,30,44,90,30,16,87,223,0,48,48,271
01/06/2021,OKC,OK,ASW,CE,Combined TRACON& Tower with Radar,93,20,17,33,163,0,0,0,2,2,93,20,17,35,165,0,0,0,165
01/07/2021,OKC,OK,ASW,CE,Combined TRACON& Tower with Radar,97,18,13,39,167,0,1,1,1,3,97,19,14,40,170,0,0,0,170
01/08/2021,OKC,OK,ASW,CE,Combined TRACON& Tower with Radar,92,19,26,99,236,0,3,7,21,31,92,22,33,120,267,0,90,90,357
01/09/2021,OKC,OK,ASW,CE,Combined TRACON& Tower with Radar,74,21,8,2,105,0,7,12,8,27,74,28,20,10,132,0,6,6,138
01/10/2021,OKC,OK,ASW,CE,Combined TRACON& Tower with Radar,88,15,10,8,121,0,1,1,0,2,88,16,11,8,123,0,0,0,123
01/11/2021,OKC,OK,ASW,CE,Combined TRACON& Tower with Radar,89,16,19,57,181,0,2,9,26,37,89,18,28,83,218,0,0,0,218
01/12/2021,OKC,OK,ASW,CE,Combined TRACON& Tower with Radar,93,16,35,90,234,0,3,13,47,63,93,19,48,137,297,0,114,114,411
01/13/2021,OKC,OK,ASW,CE,Combined TRACON& Tower with Radar,89,17,26,69,201,0,8,15,15,38,89,25,41,84,239,2,56,58,297
01/14/2021,OKC,OK,ASW,CE,Combined TRACON& Tower with Radar,100,16,15,70,201,0,10,6,11,27,100,26,21,81,228,0,34,34,262
01/15/2021,OKC,OK,ASW,CE,Combined TRACON& Tower with Radar,95,19,21,27,162,0,4,0,4,8,95,23,21,31,170,0,0,0,170
01/16/2021,OKC,OK,ASW,CE,Combined TRACON& Tower with Radar,73,15,13,5,106,0,9,7,2,18,73,24,20,7,124,0,0,0,124
01/17/2021,OKC,OK,ASW,CE,Combined TRACON& Tower with Radar,90,6,9,19,124,0,10,16,7,33,90,16,25,26,157,10,0,10,167
01/18/2021,OKC,OK,ASW,CE,Combined TRACON& Tower with Radar,82,11,11,2,106,0,5,9,3,17,82,16,20,5,123,0,0,0,123
01/19/2021,OKC,OK,ASW,CE,Combined TRACON& Tower with Radar,85,14,19,96,214,0,2,12,32,46,85,16,31,128,260,0,128,128,388
01/20/2021,OKC,OK,ASW,CE,Combined TRACON& Tower with Radar,86,14,9,157,266,0,8,3,12,23,86,22,12,169,289,0,8,8,297
01/21/2021,OKC,OK,ASW,CE,Combined TRACON& Tower with Radar,96,17,29,95,237,0,1,4,19,24,96,18,33,114,261,0,0,0,261
01/22/2021,OKC,OK,ASW,CE,Combined TRACON& Tower with Radar,104,23,25,110,262,0,4,13,17,34,104,27,38,127,296,0,14,14,310
01/23/2021,OKC,OK,ASW,CE,Combined TRACON& Tower with Radar,71,11,5,52,139,0,0,2,1,3,71,11,7,53,142,0,0,0,142
01/24/2021,OKC,OK,ASW,CE,Combined TRACON& Tower with Radar,86,17,10,60,173,0,0,0,0,0,86,17,10,60,173,0,0,0,173
01/25/2021,OKC,OK,ASW,CE,Combined TRACON& Tower with Radar,89,13,32,25,159,0,4,3,10,17,89,17,35,35,176,0,0,0,176
01/26/2021,OKC,OK,ASW,CE,Combined TRACON& Tower with Radar,89,13,19,126,247,0,4,1,9,14,89,17,20,135,261,0,22,22,283
01/27/2021,OKC,OK,ASW,CE,Combined TRACON& Tower with Radar,86,15,28,153,282,0,2,8,15,25,86,17,36,168,307,0,98,98,405
01/28/2021,OKC,OK,ASW,CE,Combined TRACON& Tower with Radar,102,23,19,73,217,0,6,22,22,50,102,29,41,95,267,8,132,140,407
01/29/2021,OKC,OK,ASW,CE,Combined TRACON& Tower with Radar,94,20,22,91,227,0,10,6,20,36,94,30,28,111,263,0,136,136,399
01/30/2021,OKC,OK,ASW,CE,Combined TRACON& Tower with Radar,80,14,5,12,111,0,4,7,0,11,80,18,12,12,122,0,0,0,122
01/31/2021,OKC,OK,ASW,CE,Combined TRACON& Tower with Radar,88,16,12,16,132,0,7,10,2,19,88,23,22,18,151,0,0,0,151
02/01/2021,OKC,OK,ASW,CE,Combined TRACON& Tower with Radar,90,19,14,74,197,1,9,25,19,54,91,28,39,93,251,0,52,52,303
02/02/2021,OKC,OK,ASW,CE,Combined TRACON& Tower with Radar,89,23,37,58,207,0,20,6,27,53,89,43,43,85,260,0,68,68,328
02/03/2021,OKC,OK,ASW,CE,Combined TRACON& Tower with Radar,88,17,33,54,192,0,11,4,22,37,88,28,37,76,229,2,86,88,317
02/04/2021,OKC,OK,ASW,CE,Combined TRACON& Tower with Radar,101,20,17,73,211,0,3,5,30,38,101,23,22,103,249,0,48,48,297
02/05/2021,OKC,OK,ASW,CE,Combined TRACON& Tower with Radar,97,24,35,111,267,0,7,19,26,52,97,31,54,137,319,6,74,80,399
02/06/2021,OKC,OK,ASW,CE,Combined TRACON& Tower with Radar,72,20,5,55,152,0,0,0,0,0,72,20,5,55,152,0,0,0,152
02/07/2021,OKC,OK,ASW,CE,Combined TRACON& Tower with Radar,87,7,7,7,108,0,1,0,0,1,87,8,7,7,109,0,0,0,109
02/08/2021,OKC,OK,ASW,CE,Combined TRACON& Tower with Radar,94,16,16,2,128,0,0,0,0,0,94,16,16,2,128,0,0,0,128
02/09/2021,OKC,OK,ASW,CE,Combined TRACON& Tower with Radar,89,15,19,6,129,0,0,0,0,0,89,15,19,6,129,0,0,0,129
02/10/2021,OKC,OK,ASW,CE,Combined TRACON& Tower with Radar,87,29,22,0,138,0,0,0,0,0,87,29,22,0,138,0,0,0,138
02/11/2021,OKC,OK,ASW,CE,Combined TRACON& Tower with Radar,103,19,24,13,159,0,0,0,0,0,103,19,24,13,159,0,0,0,159
02/12/2021,OKC,OK,ASW,CE,Combined TRACON& Tower with Radar,102,19,21,0,142,0,0,0,0,0,102,19,21,0,142,0,0,0,142
02/13/2021,OKC,OK,ASW,CE,Combined TRACON& Tower with Radar,74,14,16,0,104,0,4,2,0,6,74,18,18,0,110,0,0,0,110
02/14/2021,OKC,OK,ASW,CE,Combined TRACON& Tower with Radar,14,10,3,0,27,0,0,0,0,0,14,10,3,0,27,0,0,0,27
02/15/2021,OKC,OK,ASW,CE,Combined TRACON& Tower with Radar,51,13,4,0,68,0,5,1,2,8,51,18,5,2,76,0,0,0,76
02/16/2021,OKC,OK,ASW,CE,Combined TRACON& Tower with Radar,40,14,8,2,64,0,0,4,1,5,40,14,12,3,69,0,0,0,69
02/17/2021,OKC,OK,ASW,CE,Combined TRACON& Tower with Radar,44,15,3,10,72,0,3,5,0,8,44,18,8,10,80,0,0,0,80
02/18/2021,OKC,OK,ASW,CE,Combined TRACON& Tower with Radar,82,20,10,14,126,0,6,4,3,13,82,26,14,17,139,0,0,0,139
02/19/2021,OKC,OK,ASW,CE,Combined TRACON& Tower with Radar,91,25,20,78,214,0,2,4,40,46,91,27,24,118,260,0,12,12,272
02/20/2021,OKC,OK,ASW,CE,Combined TRACON& Tower with Radar,74,18,22,28,142,1,1,15,13,30,75,19,37,41,172,0,0,0,172
02/21/2021,OKC,OK,ASW,CE,Combined TRACON& Tower with Radar,92,14,10,16,132,0,9,12,6,27,92,23,22,22,159,0,30,30,189
02/22/2021,OKC,OK,ASW,CE,Combined TRACON& Tower with Radar,99,21,17,120,257,0,9,22,46,77,99,30,39,166,334,0,78,78,412
02/23/2021,OKC,OK,ASW,CE,Combined TRACON& Tower with Radar,98,24,30,156,308,0,8,38,86,132,98,32,68,242,440,0,100,100,540
02/24/2021,OKC,OK,ASW,CE,Combined TRACON& Tower with Radar,92,28,24,109,253,0,7,16,37,60,92,35,40,146,313,0,6,6,319
02/25/2021,OKC,OK,ASW,CE,Combined TRACON& Tower with Radar,98,16,36,132,282,0,3,20,44,67,98,19,56,176,349,0,90,90,439
02/26/2021,OKC,OK,ASW,CE,Combined TRACON& Tower with Radar,102,30,37,84,253,0,7,3,22,32,102,37,40,106,285,0,0,0,285
02/27/2021,OKC,OK,ASW,CE,Combined TRACON& Tower with Radar,84,12,17,7,120,0,0,0,0,0,84,12,17,7,120,0,0,0,120
02/28/2021,OKC,OK,ASW,CE,Combined TRACON& Tower with Radar,112,11,25,21,169,0,2,22,0,24,112,13,47,21,193,8,26,34,227
03/01/2021,OKC,OK,ASW,CE,Combined TRACON& Tower with Radar,93,25,19,140,277,0,4,15,34,53,93,29,34,174,330,0,128,128,458
03/02/2021,OKC,OK,ASW,CE,Combined TRACON& Tower with Radar,96,17,28,92,233,0,4,13,36,53,96,21,41,128,286,0,51,51,337
03/03/2021,OKC,OK,ASW,CE,Combined TRACON& Tower with Radar,93,29,27,55,204,0,13,26,43,82,93,42,53,98,286,0,138,138,424
03/04/2021,OKC,OK,ASW,CE,Combined TRACON& Tower with Radar,103,21,24,69,217,0,4,14,27,45,103,25,38,96,262,0,82,82,344
03/05/2021,OKC,OK,ASW,CE,Combined TRACON& Tower with Radar,104,19,29,51,203,0,0,10,9,19,104,19,39,60,222,12,22,34,256
03/06/2021,OKC,OK,ASW,CE,Combined TRACON& Tower with Radar,83,15,14,51,163,0,5,21,5,31,83,20,35,56,194,0,40,40,234
03/07/2021,OKC,OK,ASW,CE,Combined TRACON& Tower with Radar,103,5,22,20,150,0,4,17,2,23,103,9,39,22,173,0,0,0,173
03/08/2021,OKC,OK,ASW,CE,Combined TRACON& Tower with Radar,106,14,20,152,292,0,2,15,42,59,106,16,35,194,351,0,58,58,409
03/09/2021,OKC,OK,ASW,CE,Combined TRACON& Tower with Radar,99,19,29,98,245,2,4,4,30,40,101,23,33,128,285,0,0,0,285
03/10/2021,OKC,OK,ASW,CE,Combined TRACON& Tower with Radar,100,24,29,101,254,0,8,4,38,50,100,32,33,139,304,4,0,4,308
03/11/2021,OKC,OK,ASW,CE,Combined TRACON& Tower with Radar,111,22,48,103,284,0,0,4,23,27,111,22,52,126,311,0,0,0,311
03/12/2021,OKC,OK,ASW,CE,Combined TRACON& Tower with Radar,107,14,39,16,176,0,0,0,2,2,107,14,39,18,178,0,0,0,178
03/13/2021,OKC,OK,ASW,CE,Combined TRACON& Tower with Radar,86,20,18,0,124,0,1,2,0,3,86,21,20,0,127,0,0,0,127
03/14/2021,OKC,OK,ASW,CE,Combined TRACON& Tower with Radar,99,13,24,28,164,0,5,14,6,25,99,18,38,34,189,0,54,54,243
03/15/2021,OKC,OK,ASW,CE,Combined TRACON& Tower with Radar,100,18,12,58,188,0,6,15,39,60,100,24,27,97,248,0,0,0,248
03/16/2021,OKC,OK,ASW,CE,Combined TRACON& Tower with Radar,111,26,27,104,268,0,5,23,29,57,111,31,50,133,325,0,92,92,417
03/17/2021,OKC,OK,ASW,CE,Combined TRACON& Tower with Radar,103,16,9,16,144,0,0,0,1,1,103,16,9,17,145,0,0,0,145
03/18/2021,OKC,OK,ASW,CE,Combined TRACON& Tower with Radar,111,13,28,108,260,0,0,10,23,33,111,13,38,131,293,4,26,30,323
03/19/2021,OKC,OK,ASW,CE,Combined TRACON& Tower with Radar,114,18,28,97,257,0,3,20,24,47,114,21,48,121,304,0,30,30,334
03/20/2021,OKC,OK,ASW,CE,Combined TRACON& Tower with Radar,91,16,16,31,154,0,2,32,1,35,91,18,48,32,189,0,0,0,189
03/21/2021,OKC,OK,ASW,CE,Combined TRACON& Tower with Radar,105,15,27,22,169,0,4,14,4,22,105,19,41,26,191,8,0,8,199
03/22/2021,OKC,OK,ASW,CE,Combined TRACON& Tower with Radar,99,18,23,25,165,0,0,0,2,2,99,18,23,27,167,0,0,0,167
03/23/2021,OKC,OK,ASW,CE,Combined TRACON& Tower with Radar,111,15,21,106,253,0,5,12,24,41,111,20,33,130,294,0,0,0,294
03/24/2021,OKC,OK,ASW,CE,Combined TRACON& Tower with Radar,115,18,34,172,339,0,5,18,20,43,115,23,52,192,382,0,74,74,456
03/25/2021,OKC,OK,ASW,CE,Combined TRACON& Tower with Radar,112,26,36,116,290,0,8,27,51,86,112,34,63,167,376,0,10,10,386
03/26/2021,OKC,OK,ASW,CE,Combined TRACON& Tower with Radar,118,11,29,123,281,0,8,24,35,67,118,19,53,158,348,0,90,90,438
03/27/2021,OKC,OK,ASW,CE,Combined TRACON& Tower with Radar,83,18,18,167,286,0,0,21,5,26,83,18,39,172,312,0,104,104,416
03/28/2021,OKC,OK,ASW,CE,Combined TRACON& Tower with Radar,104,24,24,25,177,0,5,19,3,27,104,29,43,28,204,0,0,0,204
03/29/2021,OKC,OK,ASW,CE,Combined TRACON& Tower with Radar,101,20,19,74,214,0,12,12,29,53,101,32,31,103,267,0,0,0,267
03/30/2021,OKC,OK,ASW,CE,Combined TRACON& Tower with Radar,110,25,53,85,273,0,8,12,36,56,110,33,65,121,329,0,40,40,369
03/31/2021,OKC,OK,ASW,CE,Combined TRACON& Tower with Radar,104,14,25,110,253,0,2,17,30,49,104,16,42,140,302,0,8,8,310
04/01/2021,OKC,OK,ASW,CE,Combined TRACON& Tower with Radar,115,26,26,99,266,1,0,20,29,50,116,26,46,128,316,0,34,34,350
04/02/2021,OKC,OK,ASW,CE,Combined TRACON& Tower with Radar,114,18,18,76,226,0,5,17,17,39,114,23,35,93,265,0,24,24,289
04/03/2021,OKC,OK,ASW,CE,Combined TRACON& Tower with Radar,83,11,5,8,107,0,3,19,1,23,83,14,24,9,130,0,0,0,130
04/04/2021,OKC,OK,ASW,CE,Combined TRACON& Tower with Radar,105,9,12,27,153,0,12,7,3,22,105,21,19,30,175,0,0,0,175
04/05/2021,OKC,OK,ASW,CE,Combined TRACON& Tower with Radar,113,26,24,157,320,0,5,10,23,38,113,31,34,180,358,0,88,88,446
04/06/2021,OKC,OK,ASW,CE,Combined TRACON& Tower with Radar,117,19,32,149,317,0,6,5,19,30,117,25,37,168,347,4,44,48,395
04/07/2021,OKC,OK,ASW,CE,Combined TRACON& Tower with Radar,113,19,34,102,268,0,7,9,27,43,113,26,43,129,311,4,14,18,329
04/08/2021,OKC,OK,ASW,CE,Combined TRACON& Tower with Radar,113,22,24,167,326,0,6,20,24,50,113,28,44,191,376,0,67,67,443
04/09/2021,OKC,OK,ASW,CE,Combined TRACON& Tower with Radar,118,25,48,67,258,0,13,9,4,26,118,38,57,71,284,0,0,0,284
04/10/2021,OKC,OK,ASW,CE,Combined TRACON& Tower with Radar,92,17,16,9,134,0,8,11,3,22,92,25,27,12,156,0,0,0,156
04/11/2021,OKC,OK,ASW,CE,Combined TRACON& Tower with Radar,107,17,14,49,187,0,2,16,9,27,107,19,30,58,214,0,0,0,214
04/12/2021,OKC,OK,ASW,CE,Combined TRACON& Tower with Radar,107,24,15,193,339,0,2,17,31,50,107,26,32,224,389,0,94,94,483
04/13/2021,OKC,OK,ASW,CE,Combined TRACON& Tower with Radar,96,23,25,35,179,0,3,15,9,27,96,26,40,44,206,0,20,20,226
04/14/2021,OKC,OK,ASW,CE,Combined TRACON& Tower with Radar,100,26,32,93,251,0,2,25,9,36,100,28,57,102,287,0,10,10,297
04/15/2021,OKC,OK,ASW,CE,Combined TRACON& Tower with Radar,108,26,39,29,202,0,2,14,10,26,108,28,53,39,228,0,0,0,228
04/16/2021,OKC,OK,ASW,CE,Combined TRACON& Tower with Radar,125,11,26,38,200,0,0,0,0,0,125,11,26,38,200,0,0,0,200
04/17/2021,OKC,OK,ASW,CE,Combined TRACON& Tower with Radar,96,11,21,56,184,0,1,17,3,21,96,12,38,59,205,0,0,0,205
04/18/2021,OKC,OK,ASW,CE,Combined TRACON& Tower with Radar,99,14,25,6,144,0,3,24,8,35,99,17,49,14,179,0,0,0,179
04/19/2021,OKC,OK,ASW,CE,Combined TRACON& Tower with Radar,107,15,29,114,265,0,10,29,43,82,107,25,58,157,347,0,38,38,385
04/20/2021,OKC,OK,ASW,CE,Combined TRACON& Tower with Radar,99,17,29,119,264,0,8,11,16,35,99,25,40,135,299,0,0,0,299
04/21/2021,OKC,OK,ASW,CE,Combined TRACON& Tower with Radar,97,15,37,97,246,0,11,34,23,68,97,26,71,120,314,0,48,48,362
04/22/2021,OKC,OK,ASW,CE,Combined TRACON& Tower with Radar,109,22,35,148,314,0,3,11,19,33,109,25,46,167,347,0,0,0,347
04/23/2021,OKC,OK,ASW,CE,Combined TRACON& Tower with Radar,129,14,27,25,195,0,1,2,3,6,129,15,29,28,201,0,0,0,201
04/24/2021,OKC,OK,ASW,CE,Combined TRACON& Tower with Radar,94,11,31,4,140,0,7,30,0,37,94,18,61,4,177,0,0,0,177
04/25/2021,OKC,OK,ASW,CE,Combined TRACON& Tower with Radar,99,13,17,37,166,0,6,13,13,32,99,19,30,50,198,0,0,0,198
04/26/2021,OKC,OK,ASW,CE,Combined TRACON& Tower with Radar,106,17,21,134,278,0,4,3,23,30,106,21,24,157,308,0,26,26,334
04/27/2021,OKC,OK,ASW,CE,Combined TRACON& Tower with Radar,97,24,43,73,237,0,5,0,17,22,97,29,43,90,259,0,0,0,259
04/28/2021,OKC,OK,ASW,CE,Combined TRACON& Tower with Radar,98,13,25,28,164,0,0,0,0,0,98,13,25,28,164,0,0,0,164
04/29/2021,OKC,OK,ASW,CE,Combined TRACON& Tower with Radar,107,32,41,170,350,0,10,19,15,44,107,42,60,185,394,20,16,36,430
04/30/2021,OKC,OK,ASW,CE,Combined TRACON& Tower with Radar,109,44,27,162,342,0,15,35,25,75,109,59,62,187,417,10,170,180,597
05/01/2021,OKC,OK,ASW,CE,Combined TRACON& Tower with Radar,94,26,52,38,210,0,7,9,11,27,94,33,61,49,237,0,0,0,237
05/02/2021,OKC,OK,ASW,CE,Combined TRACON& Tower with Radar,102,27,44,35,208,0,13,10,4,27,102,40,54,39,235,0,22,22,257
05/03/2021,OKC,OK,ASW,CE,Combined TRACON& Tower with Radar,126,16,28,40,210,0,6,6,10,22,126,22,34,50,232,0,0,0,232
05/04/2021,OKC,OK,ASW,CE,Combined TRACON& Tower with Radar,108,24,39,71,242,0,8,18,39,65,108,32,57,110,307,4,14,18,325
05/05/2021,OKC,OK,ASW,CE,Combined TRACON& Tower with Radar,105,20,34,129,288,0,3,33,45,81,105,23,67,174,369,0,46,46,415
05/06/2021,OKC,OK,ASW,CE,Combined TRACON& Tower with Radar,114,18,29,82,243,0,5,17,29,51,114,23,46,111,294,0,44,44,338
05/07/2021,OKC,OK,ASW,CE,Combined TRACON& Tower with Radar,114,14,20,71,219,0,2,27,41,70,114,16,47,112,289,0,66,66,355
05/08/2021,OKC,OK,ASW,CE,Combined TRACON& Tower with Radar,107,16,10,27,160,0,2,5,5,12,107,18,15,32,172,0,0,0,172
05/09/2021,OKC,OK,ASW,CE,Combined TRACON& Tower with Radar,113,14,8,20,155,0,9,6,4,19,113,23,14,24,174,0,0,0,174
05/10/2021,OKC,OK,ASW,CE,Combined TRACON& Tower with Radar,144,12,48,139,343,0,2,14,18,34,144,14,62,157,377,0,30,30,407
05/11/2021,OKC,OK,ASW,CE,Combined TRACON& Tower with Radar,142,40,38,11,231,0,0,2,4,6,142,40,40,15,237,0,0,0,237
05/12/2021,OKC,OK,ASW,CE,Combined TRACON& Tower with Radar,114,33,34,82,263,0,6,9,17,32,114,39,43,99,295,0,24,24,319
05/13/2021,OKC,OK,ASW,CE,Combined TRACON& Tower with Radar,119,30,24,80,253,0,9,25,35,69,119,39,49,115,322,0,56,56,378
05/14/2021,OKC,OK,ASW,CE,Combined TRACON& Tower with Radar,119,15,32,88,254,0,13,19,19,51,119,28,51,107,305,0,46,46,351
05/15/2021,OKC,OK,ASW,CE,Combined TRACON& Tower with Radar,106,12,36,15,169,0,3,16,1,20,106,15,52,16,189,0,14,14,203
05/16/2021,OKC,OK,ASW,CE,Combined TRACON& Tower with Radar,120,10,14,5,149,0,1,5,1,7,120,11,19,6,156,0,0,0,156
05/17/2021,OKC,OK,ASW,CE,Combined TRACON& Tower with Radar,112,17,35,62,226,0,3,9,11,23,112,20,44,73,249,0,0,0,249
05/18/2021,OKC,OK,ASW,CE,Combined TRACON& Tower with Radar,126,16,23,86,251,0,1,5,16,22,126,17,28,102,273,0,36,36,309
05/19/2021,OKC,OK,ASW,CE,Combined TRACON& Tower with Radar,108,23,39,138,308,0,8,6,22,36,108,31,45,160,344,0,0,0,344
05/20/2021,OKC,OK,ASW,CE,Combined TRACON& Tower with Radar,118,32,29,201,380,0,3,5,26,34,118,35,34,227,414,0,66,66,480
05/21/2021,OKC,OK,ASW,CE,Combined TRACON& Tower with Radar,117,16,23,60,216,0,4,7,5,16,117,20,30,65,232,0,0,0,232
05/22/2021,OKC,OK,ASW,CE,Combined TRACON& Tower with Radar,105,9,15,9,138,0,0,0,0,0,105,9,15,9,138,0,0,0,138
05/23/2021,OKC,OK,ASW,CE,Combined TRACON& Tower with Radar,109,9,17,15,150,0,5,2,1,8,109,14,19,16,158,0,0,0,158
05/24/2021,OKC,OK,ASW,CE,Combined TRACON& Tower with Radar,136,8,38,49,231,0,0,2,6,8,136,8,40,55,239,0,0,0,239
05/25/2021,OKC,OK,ASW,CE,Combined TRACON& Tower with Radar,116,13,26,33,188,0,0,6,24,30,116,13,32,57,218,0,0,0,218
05/26/2021,OKC,OK,ASW,CE,Combined TRACON& Tower with Radar,112,19,34,30,195,0,4,6,11,21,112,23,40,41,216,0,0,0,216
05/27/2021,OKC,OK,ASW,CE,Combined TRACON& Tower with Radar,116,19,34,15,184,0,1,6,4,11,116,20,40,19,195,0,0,0,195
05/28/2021,OKC,OK,ASW,CE,Combined TRACON& Tower with Radar,118,14,40,16,188,0,3,18,23,44,118,17,58,39,232,0,0,0,232
05/29/2021,OKC,OK,ASW,CE,Combined TRACON& Tower with Radar,100,12,18,1,131,0,1,22,0,23,100,13,40,1,154,0,0,0,154
05/30/2021,OKC,OK,ASW,CE,Combined TRACON& Tower with Radar,107,7,12,1,127,0,8,11,1,20,107,15,23,2,147,0,0,0,147
05/31/2021,OKC,OK,ASW,CE,Combined TRACON& Tower with Radar,99,6,9,12,126,0,0,0,0,0,99,6,9,12,126,0,0,0,126
06/01/2021,OKC,OK,ASW,CE,Combined TRACON& Tower with Radar,116,15,32,82,245,0,1,9,48,58,116,16,41,130,303,0,0,0,303
06/02/2021,OKC,OK,ASW,CE,Combined TRACON& Tower with Radar,115,18,37,109,279,0,4,16,41,61,115,22,53,150,340,0,66,66,406
06/03/2021,OKC,OK,ASW,CE,Combined TRACON& Tower with Radar,114,41,30,130,315,0,3,26,46,75,114,44,56,176,390,0,48,48,438
06/04/2021,OKC,OK,ASW,CE,Combined TRACON& Tower with Radar,122,28,37,151,338,0,12,27,26,65,122,40,64,177,403,0,0,0,403
06/05/2021,OKC,OK,ASW,CE,Combined TRACON& Tower with Radar,119,31,20,29,199,0,0,6,7,13,119,31,26,36,212,0,0,0,212
06/06/2021,OKC,OK,ASW,CE,Combined TRACON& Tower with Radar,126,16,30,4,176,0,0,4,4,8,126,16,34,8,184,0,0,0,184
06/07/2021,OKC,OK,ASW,CE,Combined TRACON& Tower with Radar,141,26,46,131,344,0,4,6,15,25,141,30,52,146,369,0,0,0,369
06/08/2021,OKC,OK,ASW,CE,Combined TRACON& Tower with Radar,120,25,32,77,254,0,4,14,17,35,120,29,46,94,289,0,0,0,289
06/09/2021,OKC,OK,ASW,CE,Combined TRACON& Tower with Radar,133,23,37,85,278,0,5,18,30,53,133,28,55,115,331,0,0,0,331
06/10/2021,OKC,OK,ASW,CE,Combined TRACON& Tower with Radar,118,16,25,87,246,0,9,17,14,40,118,25,42,101,286,0,0,0,286
06/11/2021,OKC,OK,ASW,CE,Combined TRACON& Tower with Radar,123,23,27,131,304,0,5,7,26,38,123,28,34,157,342,0,22,22,364
06/12/2021,OKC,OK,ASW,CE,Combined TRACON& Tower with Radar,123,16,19,39,197,0,9,18,5,32,123,25,37,44,229,0,0,0,229
06/13/2021,OKC,OK,ASW,CE,Combined TRACON& Tower with Radar,121,16,8,7,152,0,0,9,2,11,121,16,17,9,163,0,0,0,163
06/14/2021,OKC,OK,ASW,CE,Combined TRACON& Tower with Radar,142,23,35,150,350,0,16,24,26,66,142,39,59,176,416,0,68,68,484
06/15/2021,OKC,OK,ASW,CE,Combined TRACON& Tower with Radar,113,19,23,89,244,0,11,25,24,60,113,30,48,113,304,8,168,176,480
06/16/2021,OKC,OK,ASW,CE,Combined TRACON& Tower with Radar,111,21,35,104,271,0,9,17,51,77,111,30,52,155,348,0,44,44,392
06/17/2021,OKC,OK,ASW,CE,Combined TRACON& Tower with Radar,129,31,32,87,279,0,10,16,23,49,129,41,48,110,328,0,0,0,328
06/18/2021,OKC,OK,ASW,CE,Combined TRACON& Tower with Radar,114,17,18,12,161,0,9,12,7,28,114,26,30,19,189,0,0,0,189
06/19/2021,OKC,OK,ASW,CE,Combined TRACON& Tower with Radar,115,29,23,3,170,0,9,29,3,41,115,38,52,6,211,0,0,0,211
06/20/2021,OKC,OK,ASW,CE,Combined TRACON& Tower with Radar,125,28,17,5,175,0,5,12,0,17,125,33,29,5,192,0,0,0,192
06/21/2021,OKC,OK,ASW,CE,Combined TRACON& Tower with Radar,125,18,29,39,211,0,3,18,21,42,125,21,47,60,253,28,30,58,311
06/22/2021,OKC,OK,ASW,CE,Combined TRACON& Tower with Radar,120,25,29,90,264,0,11,29,37,77,120,36,58,127,341,50,20,70,411
06/23/2021,OKC,OK,ASW,CE,Combined TRACON& Tower with Radar,120,31,37,57,245,0,6,18,19,43,120,37,55,76,288,0,0,0,288
06/24/2021,OKC,OK,ASW,CE,Combined TRACON& Tower with Radar,119,41,29,73,262,0,4,30,21,55,119,45,59,94,317,18,12,30,347
06/25/2021,OKC,OK,ASW,CE,Combined TRACON& Tower with Radar,119,32,26,72,249,0,5,19,19,43,119,37,45,91,292,1,64,65,357
06/26/2021,OKC,OK,ASW,CE,Combined TRACON& Tower with Radar,114,32,14,1,161,0,2,1,2,5,114,34,15,3,166,0,0,0,166
06/27/2021,OKC,OK,ASW,CE,Combined TRACON& Tower with Radar,126,19,18,52,215,0,0,6,0,6,126,19,24,52,221,0,0,0,221
06/28/2021,OKC,OK,ASW,CE,Combined TRACON& Tower with Radar,142,16,16,65,239,0,0,0,10,10,142,16,16,75,249,0,18,18,267
06/29/2021,OKC,OK,ASW,CE,Combined TRACON& Tower with Radar,121,21,27,42,211,0,0,3,3,6,121,21,30,45,217,0,38,38,255
06/30/2021,OKC,OK,ASW,CE,Combined TRACON& Tower with Radar,115,39,15,147,316,0,7,17,29,53,115,46,32,176,369,2,66,68,437
07/01/2021,OKC,OK,ASW,CE,Combined TRACON& Tower with Radar,150,24,31,40,245,0,0,8,14,22,150,24,39,54,267,0,14,14,281
07/02/2021,OKC,OK,ASW,CE,Combined TRACON& Tower with Radar,123,35,24,8,190,0,0,10,1,11,123,35,34,9,201,0,0,0,201
07/03/2021,OKC,OK,ASW,CE,Combined TRACON& Tower with Radar,117,19,10,5,151,0,2,12,2,16,117,21,22,7,167,0,0,0,167
07/04/2021,OKC,OK,ASW,CE,Combined TRACON& Tower with Radar,119,17,9,0,145,0,1,23,0,24,119,18,32,0,169,0,0,0,169
07/05/2021,OKC,OK,ASW,CE,Combined TRACON& Tower with Radar,111,24,11,0,146,0,0,15,2,17,111,24,26,2,163,0,0,0,163
07/06/2021,OKC,OK,ASW,CE,Combined TRACON& Tower with Radar,139,20,21,104,284,0,0,26,19,45,139,20,47,123,329,0,6,6,335
07/07/2021,OKC,OK,ASW,CE,Combined TRACON& Tower with Radar,125,44,31,100,300,0,7,33,38,78,125,51,64,138,378,0,20,20,398
07/08/2021,OKC,OK,ASW,CE,Combined TRACON& Tower with Radar,126,37,37,109,309,0,2,42,33,77,126,39,79,142,386,26,60,86,472
07/09/2021,OKC,OK,ASW,CE,Combined TRACON& Tower with Radar,126,30,28,204,388,0,1,33,37,71,126,31,61,241,459,4,94,98,557
07/10/2021,OKC,OK,ASW,CE,Combined TRACON& Tower with Radar,120,12,20,21,173,0,2,19,5,26,120,14,39,26,199,4,0,4,203
07/11/2021,OKC,OK,ASW,CE,Combined TRACON& Tower with Radar,131,25,26,50,232,0,0,24,4,28,131,25,50,54,260,0,8,8,268
07/12/2021,OKC,OK,ASW,CE,Combined TRACON& Tower with Radar,120,25,32,99,276,0,0,34,22,56,120,25,66,121,332,0,56,56,388
07/13/2021,OKC,OK,ASW,CE,Combined TRACON& Tower with Radar,125,35,33,65,258,0,2,22,25,49,125,37,55,90,307,0,46,46,353
07/14/2021,OKC,OK,ASW,CE,Combined TRACON& Tower with Radar,127,26,34,120,307,0,11,29,22,62,127,37,63,142,369,0,2,2,371
07/15/2021,OKC,OK,ASW,CE,Combined TRACON& Tower with Radar,134,32,37,129,332,0,3,19,27,49,134,35,56,156,381,0,22,22,403
07/16/2021,OKC,OK,ASW,CE,Combined TRACON& Tower with Radar,129,24,17,85,255,0,1,19,10,30,129,25,36,95,285,0,16,16,301
07/17/2021,OKC,OK,ASW,CE,Combined TRACON& Tower with Radar,115,17,20,4,156,0,1,20,3,24,115,18,40,7,180,0,8,8,188
07/18/2021,OKC,OK,ASW,CE,Combined TRACON& Tower with Radar,131,15,22,12,180,0,0,19,1,20,131,15,41,13,200,0,0,0,200
07/19/2021,OKC,OK,ASW,CE,Combined TRACON& Tower with Radar,140,28,29,126,323,0,0,23,48,71,140,28,52,174,394,26,0,26,420
07/20/2021,OKC,OK,ASW,CE,Combined TRACON& Tower with Radar,129,33,50,116,328,0,8,38,39,85,129,41,88,155,413,0,44,44,457
07/21/2021,OKC,OK,ASW,CE,Combined TRACON& Tower with Radar,121,30,42,143,336,0,3,38,42,83,121,33,80,185,419,0,62,62,481
07/22/2021,OKC,OK,ASW,CE,Combined TRACON& Tower with Radar,137,35,40,87,299,0,1,28,33,62,137,36,68,120,361,14,24,38,399
07/23/2021,OKC,OK,ASW,CE,Combined TRACON& Tower with Radar,127,18,18,71,234,0,4,30,18,52,127,22,48,89,286,0,42,42,328
07/24/2021,OKC,OK,ASW,CE,Combined TRACON& Tower with Radar,115,19,14,12,160,0,1,35,6,42,115,20,49,18,202,0,0,0,202
07/25/2021,OKC,OK,ASW,CE,Combined TRACON& Tower with Radar,141,18,13,2,174,0,0,20,0,20,141,18,33,2,194,0,0,0,194
07/26/2021,OKC,OK,ASW,CE,Combined TRACON& Tower with Radar,120,22,26,38,206,0,4,9,30,43,120,26,35,68,249,12,18,30,279
07/27/2021,OKC,OK,ASW,CE,Combined TRACON& Tower with Radar,136,40,27,101,304,0,7,16,23,46,136,47,43,124,350,0,90,90,440
07/28/2021,OKC,OK,ASW,CE,Combined TRACON& Tower with Radar,129,21,24,106,280,0,1,24,23,48,129,22,48,129,328,0,22,22,350
07/29/2021,OKC,OK,ASW,CE,Combined TRACON& Tower with Radar,138,30,26,97,291,0,2,31,26,59,138,32,57,123,350,0,38,38,388
07/30/2021,OKC,OK,ASW,CE,Combined TRACON& Tower with Radar,124,19,30,107,280,0,6,31,29,66,124,25,61,136,346,0,32,32,378
07/31/2021,OKC,OK,ASW,CE,Combined TRACON& Tower with Radar,121,25,20,24,190,0,1,10,4,15,121,26,30,28,205,0,0,0,205
08/01/2021,OKC,OK,ASW,CE,Combined TRACON& Tower with Radar,188,22,12,8,230,0,2,18,0,20,188,24,30,8,250,0,0,0,250
08/02/2021,OKC,OK,ASW,CE,Combined TRACON& Tower with Radar,121,24,19,92,256,0,0,38,27,65,121,24,57,119,321,16,52,68,389
08/03/2021,OKC,OK,ASW,CE,Combined TRACON& Tower with Radar,130,27,28,109,294,0,6,40,38,84,130,33,68,147,378,0,10,10,388
08/04/2021,OKC,OK,ASW,CE,Combined TRACON& Tower with Radar,135,16,34,90,275,0,4,26,32,62,135,20,60,122,337,0,46,46,383
08/05/2021,OKC,OK,ASW,CE,Combined TRACON& Tower with Radar,152,24,22,84,282,0,3,16,15,34,152,27,38,99,316,0,10,10,326
08/06/2021,OKC,OK,ASW,CE,Combined TRACON& Tower with Radar,128,18,24,140,310,0,7,33,23,63,128,25,57,163,373,0,36,36,409
08/07/2021,OKC,OK,ASW,CE,Combined TRACON& Tower with Radar,125,20,19,24,188,0,0,29,10,39,125,20,48,34,227,0,38,38,265
08/08/2021,OKC,OK,ASW,CE,Combined TRACON& Tower with Radar,137,18,15,7,177,0,4,12,0,16,137,22,27,7,193,0,8,8,201
08/09/2021,OKC,OK,ASW,CE,Combined TRACON& Tower with Radar,130,18,21,75,244,1,0,23,31,55,131,18,44,106,299,16,70,86,385
08/10/2021,OKC,OK,ASW,CE,Combined TRACON& Tower with Radar,128,19,39,79,265,0,2,25,33,60,128,21,64,112,325,0,26,26,351
08/11/2021,OKC,OK,ASW,CE,Combined TRACON& Tower with Radar,131,38,15,83,267,0,6,27,22,55,131,44,42,105,322,0,32,32,354
08/12/2021,OKC,OK,ASW,CE,Combined TRACON& Tower with Radar,135,35,17,79,266,0,1,28,29,58,135,36,45,108,324,12,26,38,362
08/13/2021,OKC,OK,ASW,CE,Combined TRACON& Tower with Radar,126,23,21,41,211,0,0,9,25,34,126,23,30,66,245,28,6,34,279
08/14/2021,OKC,OK,ASW,CE,Combined TRACON& Tower with Radar,125,9,11,14,159,0,0,20,4,24,125,9,31,18,183,8,0,8,191
08/15/2021,OKC,OK,ASW,CE,Combined TRACON& Tower with Radar,129,21,22,24,196,0,0,23,2,25,129,21,45,26,221,0,24,24,245
08/16/2021,OKC,OK,ASW,CE,Combined TRACON& Tower with Radar,130,22,20,65,237,0,3,35,21,59,130,25,55,86,296,24,40,64,360
08/17/2021,OKC,OK,ASW,CE,Combined TRACON& Tower with Radar,112,14,18,43,187,0,0,14,17,31,112,14,32,60,218,8,16,24,242
08/18/2021,OKC,OK,ASW,CE,Combined TRACON& Tower with Radar,124,29,19,108,280,0,0,8,11,19,124,29,27,119,299,0,28,28,327
08/19/2021,OKC,OK,ASW,CE,Combined TRACON& Tower with Radar,141,24,17,37,219,0,0,2,9,11,141,24,19,46,230,0,0,0,230
08/20/2021,OKC,OK,ASW,CE,Combined TRACON& Tower with Radar,129,19,29,139,316,0,6,19,33,58,129,25,48,172,374,0,90,90,464
08/21/2021,OKC,OK,ASW,CE,Combined TRACON& Tower with Radar,117,14,19,13,163,0,4,15,5,24,117,18,34,18,187,0,0,0,187
08/22/2021,OKC,OK,ASW,CE,Combined TRACON& Tower with Radar,137,14,13,10,174,0,0,17,0,17,137,14,30,10,191,0,0,0,191
08/23/2021,OKC,OK,ASW,CE,Combined TRACON& Tower with Radar,130,24,25,94,273,0,4,16,26,46,130,28,41,120,319,0,22,22,341
08/24/2021,OKC,OK,ASW,CE,Combined TRACON& Tower with Radar,122,30,24,109,285,0,2,19,30,51,122,32,43,139,336,0,42,42,378
08/25/2021,OKC,OK,ASW,CE,Combined TRACON& Tower with Radar,122,18,25,111,276,0,1,33,39,73,122,19,58,150,349,0,20,20,369
08/26/2021,OKC,OK,ASW,CE,Combined TRACON& Tower with Radar,146,19,21,67,253,0,4,28,31,63,146,23,49,98,316,14,56,70,386
08/27/2021,OKC,OK,ASW,CE,Combined TRACON& Tower with Radar,135,11,20,105,271,0,0,26,27,53,135,11,46,132,324,22,56,78,402
08/28/2021,OKC,OK,ASW,CE,Combined TRACON& Tower with Radar,118,14,6,40,178,0,0,18,7,25,118,14,24,47,203,0,0,0,203
08/29/2021,OKC,OK,ASW,CE,Combined TRACON& Tower with Radar,134,17,23,32,206,0,1,15,9,25,134,18,38,41,231,0,18,18,249
08/30/2021,OKC,OK,ASW,CE,Combined TRACON& Tower with Radar,126,11,24,87,248,0,2,23,27,52,126,13,47,114,300,8,24,32,332
08/31/2021,OKC,OK,ASW,CE,Combined TRACON& Tower with Radar,129,24,21,95,269,0,1,43,23,67,129,25,64,118,336,0,60,60,396
09/01/2021,OKC,OK,ASW,CE,Combined TRACON& Tower with Radar,121,23,31,119,294,0,1,32,50,83,121,24,63,169,377,0,102,102,479
09/02/2021,OKC,OK,ASW,CE,Combined TRACON& Tower with Radar,139,22,25,73,259,0,0,26,12,38,139,22,51,85,297,0,8,8,305
09/03/2021,OKC,OK,ASW,CE,Combined TRACON& Tower with Radar,133,12,27,18,190,0,0,21,11,32,133,12,48,29,222,0,0,0,222
09/04/2021,OKC,OK,ASW,CE,Combined TRACON& Tower with Radar,118,10,6,0,134,0,0,8,1,9,118,10,14,1,143,0,0,0,143
09/05/2021,OKC,OK,ASW,CE,Combined TRACON& Tower with Radar,119,14,4,0,137,0,0,8,2,10,119,14,12,2,147,0,0,0,147
09/06/2021,OKC,OK,ASW,CE,Combined TRACON& Tower with Radar,114,10,17,0,141,0,0,17,2,19,114,10,34,2,160,0,0,0,160
09/07/2021,OKC,OK,ASW,CE,Combined TRACON& Tower with Radar,117,22,23,165,327,0,1,10,34,45,117,23,33,199,372,0,228,228,600
09/08/2021,OKC,OK,ASW,CE,Combined TRACON& Tower with Radar,128,18,28,107,281,0,1,20,26,47,128,19,48,133,328,0,0,0,328
09/09/2021,OKC,OK,ASW,CE,Combined TRACON& Tower with Radar,136,34,31,85,286,0,7,21,23,51,136,41,52,108,337,0,14,14,351
09/10/2021,OKC,OK,ASW,CE,Combined TRACON& Tower with Radar,128,31,27,71,257,1,0,12,12,25,129,31,39,83,282,0,0,0,282
09/11/2021,OKC,OK,ASW,CE,Combined TRACON& Tower with Radar,115,25,13,24,177,0,3,22,10,35,115,28,35,34,212,0,20,20,232
09/12/2021,OKC,OK,ASW,CE,Combined TRACON& Tower with Radar,143,21,18,5,187,0,0,14,1,15,143,21,32,6,202,0,0,0,202
09/13/2021,OKC,OK,ASW,CE,Combined TRACON& Tower with Radar,125,20,15,92,252,0,3,18,29,50,125,23,33,121,302,0,24,24,326
09/14/2021,OKC,OK,ASW,CE,Combined TRACON& Tower with Radar,117,22,26,134,299,0,0,32,22,54,117,22,58,156,353,0,84,84,437
09/15/2021,OKC,OK,ASW,CE,Combined TRACON& Tower with Radar,124,26,27,75,252,0,5,24,35,64,124,31,51,110,316,0,20,20,336
09/16/2021,OKC,OK,ASW,CE,Combined TRACON& Tower with Radar,138,30,32,85,285,0,4,33,23,60,138,34,65,108,345,6,72,78,423
09/17/2021,OKC,OK,ASW,CE,Combined TRACON& Tower with Radar,141,25,32,117,315,0,6,25,28,59,141,31,57,145,374,6,54,60,434
09/18/2021,OKC,OK,ASW,CE,Combined TRACON& Tower with Radar,119,24,21,36,200,0,0,16,5,21,119,24,37,41,221,0,0,0,221
09/19/2021,OKC,OK,ASW,CE,Combined TRACON& Tower with Radar,144,27,34,13,218,0,0,22,8,30,144,27,56,21,248,0,0,0,248
09/20/2021,OKC,OK,ASW,CE,Combined TRACON& Tower with Radar,137,16,13,95,261,0,1,20,44,65,137,17,33,139,326,6,62,68,394
09/21/2021,OKC,OK,ASW,CE,Combined TRACON& Tower with Radar,118,35,18,113,284,0,0,23,31,54,118,35,41,144,338,20,52,72,410
09/22/2021,OKC,OK,ASW,CE,Combined TRACON& Tower with Radar,122,20,16,105,263,0,7,20,44,71,122,27,36,149,334,12,74,86,420
09/23/2021,OKC,OK,ASW,CE,Combined TRACON& Tower with Radar,148,34,37,37,256,0,0,13,28,41,148,34,50,65,297,0,22,22,319
09/24/2021,OKC,OK,ASW,CE,Combined TRACON& Tower with Radar,133,38,26,41,238,0,11,26,16,53,133,49,52,57,291,0,46,46,337
09/25/2021,OKC,OK,ASW,CE,Combined TRACON& Tower with Radar,114,18,37,3,172,0,6,29,4,39,114,24,66,7,211,8,6,14,225
09/26/2021,OKC,OK,ASW,CE,Combined TRACON& Tower with Radar,141,15,43,13,212,0,1,22,6,29,141,16,65,19,241,0,0,0,241
09/27/2021,OKC,OK,ASW,CE,Combined TRACON& Tower with Radar,128,17,37,114,296,0,1,28,27,56,128,18,65,141,352,0,0,0,352
09/28/2021,OKC,OK,ASW,CE,Combined TRACON& Tower with Radar,123,33,21,93,270,0,1,10,30,41,123,34,31,123,311,0,0,0,311
09/29/2021,OKC,OK,ASW,CE,Combined TRACON& Tower with Radar,119,32,25,123,299,0,11,16,15,42,119,43,41,138,341,0,142,142,483
09/30/2021,OKC,OK,ASW,CE,Combined TRACON& Tower with Radar,136,17,15,8,176,0,1,7,0,8,136,18,22,8,184,0,0,0,184
10/01/2021,OKC,OK,ASW,CE,Combined TRACON& Tower with Radar,136,22,28,103,289,0,0,11,0,11,136,22,39,103,300,0,0,0,300
10/02/2021,OKC,OK,ASW,CE,Combined TRACON& Tower with Radar,117,11,12,31,171,0,1,10,2,13,117,12,22,33,184,8,8,16,200
10/03/2021,OKC,OK,ASW,CE,Combined TRACON& Tower with Radar,145,10,23,3,181,0,0,12,0,12,145,10,35,3,193,0,0,0,193
10/04/2021,OKC,OK,ASW,CE,Combined TRACON& Tower with Radar,127,26,32,139,324,0,0,30,21,51,127,26,62,160,375,0,20,20,395
10/05/2021,OKC,OK,ASW,CE,Combined TRACON& Tower with Radar,121,28,42,117,308,0,7,20,25,52,121,35,62,142,360,30,56,86,446
10/06/2021,OKC,OK,ASW,CE,Combined TRACON& Tower with Radar,134,35,50,167,386,0,6,25,40,71,134,41,75,207,457,8,40,48,505
10/07/2021,OKC,OK,ASW,CE,Combined TRACON& Tower with Radar,139,36,33,102,310,0,6,20,23,49,139,42,53,125,359,0,20,20,379
10/08/2021,OKC,OK,ASW,CE,Combined TRACON& Tower with Radar,134,27,23,104,288,0,0,24,6,30,134,27,47,110,318,0,10,10,328
10/09/2021,OKC,OK,ASW,CE,Combined TRACON& Tower with Radar,105,19,9,22,155,0,4,13,15,32,105,23,22,37,187,0,0,0,187
10/10/2021,OKC,OK,ASW,CE,Combined TRACON& Tower with Radar,121,15,24,0,160,0,1,8,0,9,121,16,32,0,169,0,0,0,169
10/11/2021,OKC,OK,ASW,CE,Combined TRACON& Tower with Radar,124,15,25,2,166,0,2,25,0,27,124,17,50,2,193,0,0,0,193
10/12/2021,OKC,OK,ASW,CE,Combined TRACON& Tower with Radar,120,23,34,34,211,0,1,15,7,23,120,24,49,41,234,0,0,0,234
10/13/2021,OKC,OK,ASW,CE,Combined TRACON& Tower with Radar,135,35,38,76,284,0,0,8,16,24,135,35,46,92,308,0,10,10,318
10/14/2021,OKC,OK,ASW,CE,Combined TRACON& Tower with Radar,138,39,37,62,276,0,5,4,6,15,138,44,41,68,291,0,0,0,291
10/15/2021,OKC,OK,ASW,CE,Combined TRACON& Tower with Radar,132,18,37,36,223,0,3,33,19,55,132,21,70,55,278,0,0,0,278
10/16/2021,OKC,OK,ASW,CE,Combined TRACON& Tower with Radar,111,17,11,15,154,0,0,24,5,29,111,17,35,20,183,0,0,0,183
10/17/2021,OKC,OK,ASW,CE,Combined TRACON& Tower with Radar,143,18,33,24,218,0,0,27,7,34,143,18,60,31,252,0,0,0,252
10/18/2021,OKC,OK,ASW,CE,Combined TRACON& Tower with Radar,126,26,27,57,236,0,5,16,26,47,126,31,43,83,283,0,26,26,309
10/19/2021,OKC,OK,ASW,CE,Combined TRACON& Tower with Radar,125,32,28,79,264,0,2,29,24,55,125,34,57,103,319,14,0,14,333
10/20/2021,OKC,OK,ASW,CE,Combined TRACON& Tower with Radar,120,27,40,59,246,0,3,24,21,48,120,30,64,80,294,6,22,28,322
10/21/2021,OKC,OK,ASW,CE,Combined TRACON& Tower with Radar,127,24,30,95,276,0,11,25,25,61,127,35,55,120,337,0,48,48,385
10/22/2021,OKC,OK,ASW,CE,Combined TRACON& Tower with Radar,121,19,35,61,236,0,0,25,16,41,121,19,60,77,277,8,0,8,285
10/23/2021,OKC,OK,ASW,CE,Combined TRACON& Tower with Radar,109,19,8,7,143,0,4,23,0,27,109,23,31,7,170,0,0,0,170
10/24/2021,OKC,OK,ASW,CE,Combined TRACON& Tower with Radar,164,17,21,39,241,0,0,9,0,9,164,17,30,39,250,0,4,4,254
10/25/2021,OKC,OK,ASW,CE,Combined TRACON& Tower with Radar,131,21,24,95,271,0,5,22,36,63,131,26,46,131,334,0,2,2,336
10/26/2021,OKC,OK,ASW,CE,Combined TRACON& Tower with Radar,127,20,46,39,232,0,1,17,15,33,127,21,63,54,265,0,0,0,265
10/27/2021,OKC,OK,ASW,CE,Combined TRACON& Tower with Radar,127,27,36,61,251,0,0,3,6,9,127,27,39,67,260,0,20,20,280
10/28/2021,OKC,OK,ASW,CE,Combined TRACON& Tower with Radar,134,30,26,39,229,0,1,3,9,13,134,31,29,48,242,0,0,0,242
10/29/2021,OKC,OK,ASW,CE,Combined TRACON& Tower with Radar,138,27,11,52,228,0,6,15,17,38,138,33,26,69,266,0,0,0,266
10/30/2021,OKC,OK,ASW,CE,Combined TRACON& Tower with Radar,104,20,8,2,134,0,0,17,1,18,104,20,25,3,152,0,4,4,156
10/31/2021,OKC,OK,ASW,CE,Combined TRACON& Tower with Radar,132,15,15,11,173,0,2,29,2,33,132,17,44,13,206,0,0,0,206
11/01/2021,OKC,OK,ASW,CE,Combined TRACON& Tower with Radar,124,12,42,132,310,0,3,25,20,48,124,15,67,152,358,0,38,38,396
11/02/2021,OKC,OK,ASW,CE,Combined TRACON& Tower with Radar,125,26,40,72,263,0,0,2,3,5,125,26,42,75,268,0,0,0,268
11/03/2021,OKC,OK,ASW,CE,Combined TRACON& Tower with Radar,122,14,36,41,213,0,0,1,3,4,122,14,37,44,217,0,0,0,217
11/04/2021,OKC,OK,ASW,CE,Combined TRACON& Tower with Radar,148,15,70,98,331,0,1,20,16,37,148,16,90,114,368,0,0,0,368
11/05/2021,OKC,OK,ASW,CE,Combined TRACON& Tower with Radar,138,31,46,80,295,0,2,42,17,61,138,33,88,97,356,10,50,60,416
11/06/2021,OKC,OK,ASW,CE,Combined TRACON& Tower with Radar,110,12,19,24,165,0,2,42,9,53,110,14,61,33,218,0,14,14,232
11/07/2021,OKC,OK,ASW,CE,Combined TRACON& Tower with Radar,138,17,33,25,213,0,1,37,9,47,138,18,70,34,260,0,0,0,260
11/08/2021,OKC,OK,ASW,CE,Combined TRACON& Tower with Radar,129,21,34,61,245,0,4,30,38,72,129,25,64,99,317,0,22,22,339
11/09/2021,OKC,OK,ASW,CE,Combined TRACON& Tower with Radar,116,32,38,54,240,0,1,15,26,42,116,33,53,80,282,0,0,0,282
11/10/2021,OKC,OK,ASW,CE,Combined TRACON& Tower with Radar,134,20,49,50,253,0,0,3,6,9,134,20,52,56,262,0,2,2,264
11/11/2021,OKC,OK,ASW,CE,Combined TRACON& Tower with Radar,150,32,32,10,224,0,7,38,0,45,150,39,70,10,269,0,22,22,291
11/12/2021,OKC,OK,ASW,CE,Combined TRACON& Tower with Radar,134,30,31,122,317,0,2,16,7,25,134,32,47,129,342,0,44,44,386
11/13/2021,OKC,OK,ASW,CE,Combined TRACON& Tower with Radar,109,15,27,18,169,0,0,35,5,40,109,15,62,23,209,0,14,14,223
11/14/2021,OKC,OK,ASW,CE,Combined TRACON& Tower with Radar,137,19,19,30,205,0,0,23,4,27,137,19,42,34,232,0,22,22,254
11/15/2021,OKC,OK,ASW,CE,Combined TRACON& Tower with Radar,129,20,28,66,243,0,1,28,30,59,129,21,56,96,302,12,62,74,376
11/16/2021,OKC,OK,ASW,CE,Combined TRACON& Tower with Radar,125,34,30,40,229,0,1,22,31,54,125,35,52,71,283,0,0,0,283
11/17/2021,OKC,OK,ASW,CE,Combined TRACON& Tower with Radar,124,29,39,135,327,0,1,22,22,45,124,30,61,157,372,0,4,4,376
11/18/2021,OKC,OK,ASW,CE,Combined TRACON& Tower with Radar,152,36,38,108,334,0,2,38,21,61,152,38,76,129,395,0,0,0,395
11/19/2021,OKC,OK,ASW,CE,Combined TRACON& Tower with Radar,136,25,36,96,293,0,7,26,25,58,136,32,62,121,351,0,26,26,377
11/20/2021,OKC,OK,ASW,CE,Combined TRACON& Tower with Radar,109,26,17,25,177,0,4,23,6,33,109,30,40,31,210,0,32,32,242
11/21/2021,OKC,OK,ASW,CE,Combined TRACON& Tower with Radar,126,13,12,34,185,0,0,11,4,15,126,13,23,38,200,0,10,10,210
11/22/2021,OKC,OK,ASW,CE,Combined TRACON& Tower with Radar,129,23,21,99,272,0,3,25,21,49,129,26,46,120,321,0,0,0,321
11/23/2021,OKC,OK,ASW,CE,Combined TRACON& Tower with Radar,145,27,34,58,264,0,4,10,20,34,145,31,44,78,298,0,0,0,298
11/24/2021,OKC,OK,ASW,CE,Combined TRACON& Tower with Radar,155,23,17,55,250,0,0,14,10,24,155,23,31,65,274,0,6,6,280
11/25/2021,OKC,OK,ASW,CE,Combined TRACON& Tower with Radar,80,15,3,0,98,0,0,11,0,11,80,15,14,0,109,0,0,0,109
11/26/2021,OKC,OK,ASW,CE,Combined TRACON& Tower with Radar,115,11,16,0,142,0,0,22,4,26,115,11,38,4,168,0,0,0,168
11/27/2021,OKC,OK,ASW,CE,Combined TRACON& Tower with Radar,119,25,23,0,167,0,0,13,2,15,119,25,36,2,182,0,0,0,182
11/28/2021,OKC,OK,ASW,CE,Combined TRACON& Tower with Radar,139,19,29,0,187,0,1,25,2,28,139,20,54,2,215,0,0,0,215
11/29/2021,OKC,OK,ASW,CE,Combined TRACON& Tower with Radar,139,27,36,72,274,0,0,13,30,43,139,27,49,102,317,0,74,74,391
11/30/2021,OKC,OK,ASW,CE,Combined TRACON& Tower with Radar,137,19,35,85,276,0,2,40,33,75,137,21,75,118,351,0,0,0,351
12/01/2021,OKC,OK,ASW,CE,Combined TRACON& Tower with Radar,132,41,27,107,307,0,3,20,30,53,132,44,47,137,360,0,66,66,426
12/02/2021,OKC,OK,ASW,CE,Combined TRACON& Tower with Radar,143,25,20,83,271,0,3,36,26,65,143,28,56,109,336,0,44,44,380
12/03/2021,OKC,OK,ASW,CE,Combined TRACON& Tower with Radar,140,29,35,56,260,0,2,24,13,39,140,31,59,69,299,0,0,0,299
12/04/2021,OKC,OK,ASW,CE,Combined TRACON& Tower with Radar,104,27,29,36,196,0,2,14,1,17,104,29,43,37,213,0,0,0,213
12/05/2021,OKC,OK,ASW,CE,Combined TRACON& Tower with Radar,126,33,21,18,198,0,0,17,15,32,126,33,38,33,230,0,10,10,240
12/06/2021,OKC,OK,ASW,CE,Combined TRACON& Tower with Radar,124,28,27,93,272,0,1,15,29,45,124,29,42,122,317,0,0,0,317
12/07/2021,OKC,OK,ASW,CE,Combined TRACON& Tower with Radar,128,26,35,89,278,0,1,13,24,38,128,27,48,113,316,0,68,68,384
12/08/2021,OKC,OK,ASW,CE,Combined TRACON& Tower with Radar,121,21,25,105,272,0,0,19,54,73,121,21,44,159,345,0,12,12,357
12/09/2021,OKC,OK,ASW,CE,Combined TRACON& Tower with Radar,129,37,27,103,296,0,2,35,31,68,129,39,62,134,364,0,34,34,398
12/10/2021,OKC,OK,ASW,CE,Combined TRACON& Tower with Radar,123,23,15,18,179,0,2,9,13,24,123,25,24,31,203,0,10,10,213
12/11/2021,OKC,OK,ASW,CE,Combined TRACON& Tower with Radar,97,22,18,11,148,0,4,35,0,39,97,26,53,11,187,0,0,0,187
12/12/2021,OKC,OK,ASW,CE,Combined TRACON& Tower with Radar,120,23,14,21,178,0,1,17,5,23,120,24,31,26,201,0,0,0,201
12/13/2021,OKC,OK,ASW,CE,Combined TRACON& Tower with Radar,117,33,26,64,240,0,4,28,36,68,117,37,54,100,308,0,20,20,328
12/14/2021,OKC,OK,ASW,CE,Combined TRACON& Tower with Radar,115,24,34,26,199,0,2,14,25,41,115,26,48,51,240,0,0,0,240
12/15/2021,OKC,OK,ASW,CE,Combined TRACON& Tower with Radar,116,25,44,18,203,0,0,1,9,10,116,25,45,27,213,0,0,0,213
12/16/2021,OKC,OK,ASW,CE,Combined TRACON& Tower with Radar,116,44,54,101,315,0,2,52,25,79,116,46,106,126,394,4,28,32,426
12/17/2021,OKC,OK,ASW,CE,Combined TRACON& Tower with Radar,128,43,26,111,308,0,2,24,12,38,128,45,50,123,346,0,14,14,360
12/18/2021,OKC,OK,ASW,CE,Combined TRACON& Tower with Radar,107,28,25,15,175,0,0,40,12,52,107,28,65,27,227,0,0,0,227
12/19/2021,OKC,OK,ASW,CE,Combined TRACON& Tower with Radar,131,20,14,20,185,0,0,22,1,23,131,20,36,21,208,0,0,0,208
12/20/2021,OKC,OK,ASW,CE,Combined TRACON& Tower with Radar,125,18,24,76,243,0,2,28,13,43,125,20,52,89,286,0,6,6,292
12/21/2021,OKC,OK,ASW,CE,Combined TRACON& Tower with Radar,139,19,18,93,269,0,1,41,14,56,139,20,59,107,325,0,24,24,349
12/22/2021,OKC,OK,ASW,CE,Combined TRACON& Tower with Radar,131,19,17,60,227,0,8,49,9,66,131,27,66,69,293,0,0,0,293
12/23/2021,OKC,OK,ASW,CE,Combined TRACON& Tower with Radar,126,15,23,0,164,0,0,25,2,27,126,15,48,2,191,0,0,0,191
12/24/2021,OKC,OK,ASW,CE,Combined TRACON& Tower with Radar,105,9,5,0,119,0,0,1,2,3,105,9,6,2,122,0,0,0,122
12/25/2021,OKC,OK,ASW,CE,Combined TRACON& Tower with Radar,91,12,5,0,108,0,0,10,2,12,91,12,15,2,120,0,0,0,120
12/26/2021,OKC,OK,ASW,CE,Combined TRACON& Tower with Radar,114,18,11,0,143,0,2,14,0,16,114,20,25,0,159,0,0,0,159
12/27/2021,OKC,OK,ASW,CE,Combined TRACON& Tower with Radar,118,23,15,7,163,0,0,27,15,42,118,23,42,22,205,0,0,0,205
12/28/2021,OKC,OK,ASW,CE,Combined TRACON& Tower with Radar,132,23,20,3,178,0,0,39,14,53,132,23,59,17,231,0,0,0,231
12/29/2021,OKC,OK,ASW,CE,Combined TRACON& Tower with Radar,139,22,27,6,194,0,2,23,8,33,139,24,50,14,227,0,8,8,235
12/30/2021,OKC,OK,ASW,CE,Combined TRACON& Tower with Radar,141,26,25,0,192,0,0,23,0,23,141,26,48,0,215,0,0,0,215
12/31/2021,OKC,OK,ASW,CE,Combined TRACON& Tower with Radar,99,20,9,2,130,0,0,8,0,8,99,20,17,2,138,0,0,0,138
01/01/2022,OKC,OK,ASW,CE,Combined TRACON& Tower with Radar,86,13,5,0,104,0,0,2,0,2,86,13,7,0,106,0,0,0,106
01/02/2022,OKC,OK,ASW,CE,Combined TRACON& Tower with Radar,113,20,17,0,150,0,0,9,0,9,113,20,26,0,159,0,0,0,159
01/03/2022,OKC,OK,ASW,CE,Combined TRACON& Tower with Radar,109,16,19,0,144,0,0,18,4,22,109,16,37,4,166,0,0,0,166
01/04/2022,OKC,OK,ASW,CE,Combined TRACON& Tower with Radar,101,26,20,24,171,0,1,18,15,34,101,27,38,39,205,18,26,44,249
01/05/2022,OKC,OK,ASW,CE,Combined TRACON& Tower with Radar,105,22,24,63,214,0,6,18,19,43,105,28,42,82,257,0,0,0,257
01/06/2022,OKC,OK,ASW,CE,Combined TRACON& Tower with Radar,130,19,27,124,300,0,4,9,16,29,130,23,36,140,329,0,194,194,523
01/07/2022,OKC,OK,ASW,CE,Combined TRACON& Tower with Radar,110,23,31,94,258,0,1,8,19,28,110,24,39,113,286,0,24,24,310
01/08/2022,OKC,OK,ASW,CE,Combined TRACON& Tower with Radar,99,9,7,12,127,0,0,0,0,0,99,9,7,12,127,0,0,0,127
01/09/2022,OKC,OK,ASW,CE,Combined TRACON& Tower with Radar,116,17,19,50,202,0,2,18,10,30,116,19,37,60,232,0,28,28,260
01/10/2022,OKC,OK,ASW,CE,Combined TRACON& Tower with Radar,116,22,20,77,235,0,4,16,24,44,116,26,36,101,279,0,38,38,317
01/11/2022,OKC,OK,ASW,CE,Combined TRACON& Tower with Radar,101,31,21,106,259,0,2,24,26,52,101,33,45,132,311,0,50,50,361
01/12/2022,OKC,OK,ASW,CE,Combined TRACON& Tower with Radar,112,35,22,81,250,0,7,20,33,60,112,42,42,114,310,18,0,18,328
01/13/2022,OKC,OK,ASW,CE,Combined TRACON& Tower with Radar,118,27,22,62,229,0,2,16,25,43,118,29,38,87,272,0,0,0,272
01/14/2022,OKC,OK,ASW,CE,Combined TRACON& Tower with Radar,116,30,27,77,250,0,1,24,11,36,116,31,51,88,286,0,58,58,344
01/15/2022,OKC,OK,ASW,CE,Combined TRACON& Tower with Radar,89,17,6,3,115,0,0,0,1,1,89,17,6,4,116,0,0,0,116
01/16/2022,OKC,OK,ASW,CE,Combined TRACON& Tower with Radar,99,25,13,2,139,0,0,15,0,15,99,25,28,2,154,0,0,0,154
01/17/2022,OKC,OK,ASW,CE,Combined TRACON& Tower with Radar,107,26,18,3,154,0,10,20,2,32,107,36,38,5,186,0,0,0,186
01/18/2022,OKC,OK,ASW,CE,Combined TRACON& Tower with Radar,104,23,17,54,198,0,7,30,26,63,104,30,47,80,261,0,10,10,271
01/19/2022,OKC,OK,ASW,CE,Combined TRACON& Tower with Radar,107,22,20,40,189,0,2,7,19,28,107,24,27,59,217,0,0,0,217
01/20/2022,OKC,OK,ASW,CE,Combined TRACON& Tower with Radar,115,18,26,85,244,0,0,15,27,42,115,18,41,112,286,0,0,0,286
01/21/2022,OKC,OK,ASW,CE,Combined TRACON& Tower with Radar,119,16,21,102,258,0,0,25,14,39,119,16,46,116,297,0,18,18,315
01/22/2022,OKC,OK,ASW,CE,Combined TRACON& Tower with Radar,96,17,8,25,146,0,1,21,3,25,96,18,29,28,171,0,0,0,171
01/23/2022,OKC,OK,ASW,CE,Combined TRACON& Tower with Radar,113,21,10,10,154,0,2,13,2,17,113,23,23,12,171,0,0,0,171
01/24/2022,OKC,OK,ASW,CE,Combined TRACON& Tower with Radar,109,25,31,104,269,0,3,28,18,49,109,28,59,122,318,0,92,92,410
01/25/2022,OKC,OK,ASW,CE,Combined TRACON& Tower with Radar,102,34,24,130,290,0,3,25,16,44,102,37,49,146,334,0,118,118,452
01/26/2022,OKC,OK,ASW,CE,Combined TRACON& Tower with Radar,104,21,38,48,211,0,0,21,6,27,104,21,59,54,238,0,56,56,294
01/27/2022,OKC,OK,ASW,CE,Combined TRACON& Tower with Radar,120,24,20,68,232,0,2,11,18,31,120,26,31,86,263,0,32,32,295
01/28/2022,OKC,OK,ASW,CE,Combined TRACON& Tower with Radar,118,26,24,109,277,0,7,38,23,68,118,33,62,132,345,6,50,56,401
01/29/2022,OKC,OK,ASW,CE,Combined TRACON& Tower with Radar,90,12,7,54,163,0,0,25,5,30,90,12,32,59,193,0,0,0,193
01/30/2022,OKC,OK,ASW,CE,Combined TRACON& Tower with Radar,106,29,17,10,162,0,0,21,4,25,106,29,38,14,187,0,0,0,187
01/31/2022,OKC,OK,ASW,CE,Combined TRACON& Tower with Radar,106,17,26,93,242,0,1,20,26,47,106,18,46,119,289,0,8,8,297
02/01/2022,OKC,OK,ASW,CE,Combined TRACON& Tower with Radar,100,43,29,88,260,0,0,3,8,11,100,43,32,96,271,0,16,16,287
02/02/2022,OKC,OK,ASW,CE,Combined TRACON& Tower with Radar,62,13,11,0,86,0,0,0,0,0,62,13,11,0,86,0,0,0,86
02/03/2022,OKC,OK,ASW,CE,Combined TRACON& Tower with Radar,44,12,9,0,65,0,0,0,0,0,44,12,9,0,65,0,0,0,65
02/04/2022,OKC,OK,ASW,CE,Combined TRACON& Tower with Radar,93,17,35,11,156,0,0,19,2,21,93,17,54,13,177,0,0,0,177
02/05/2022,OKC,OK,ASW,CE,Combined TRACON& Tower with Radar,85,15,8,35,143,0,1,9,11,21,85,16,17,46,164,0,20,20,184
02/06/2022,OKC,OK,ASW,CE,Combined TRACON& Tower with Radar,114,19,26,2,161,0,0,17,1,18,114,19,43,3,179,0,0,0,179
02/07/2022,OKC,OK,ASW,CE,Combined TRACON& Tower with Radar,113,22,34,77,246,0,0,13,31,44,113,22,47,108,290,0,18,18,308
02/08/2022,OKC,OK,ASW,CE,Combined TRACON& Tower with Radar,107,25,20,83,235,0,0,25,30,55,107,25,45,113,290,0,54,54,344
02/09/2022,OKC,OK,ASW,CE,Combined TRACON& Tower with Radar,111,15,33,58,217,0,2,29,30,61,111,17,62,88,278,0,62,62,340
02/10/2022,OKC,OK,ASW,CE,Combined TRACON& Tower with Radar,116,35,25,35,211,0,0,24,27,51,116,35,49,62,262,14,50,64,326
02/11/2022,OKC,OK,ASW,CE,Combined TRACON& Tower with Radar,111,21,36,88,256,0,0,22,31,53,111,21,58,119,309,12,44,56,365
02/12/2022,OKC,OK,ASW,CE,Combined TRACON& Tower with Radar,94,19,14,51,178,0,2,24,4,30,94,21,38,55,208,12,18,30,238
02/13/2022,OKC,OK,ASW,CE,Combined TRACON& Tower with Radar,104,12,15,44,175,0,4,9,10,23,104,16,24,54,198,0,62,62,260
02/14/2022,OKC,OK,ASW,CE,Combined TRACON& Tower with Radar,112,25,13,46,196,0,2,21,37,60,112,27,34,83,256,0,24,24,280
02/15/2022,OKC,OK,ASW,CE,Combined TRACON& Tower with Radar,112,24,25,67,228,0,1,23,26,50,112,25,48,93,278,0,32,32,310
02/16/2022,OKC,OK,ASW,CE,Combined TRACON& Tower with Radar,107,20,23,88,238,0,0,1,20,21,107,20,24,108,259,0,0,0,259
02/17/2022,OKC,OK,ASW,CE,Combined TRACON& Tower with Radar,119,32,21,6,178,0,0,8,7,15,119,32,29,13,193,0,0,0,193
02/18/2022,OKC,OK,ASW,CE,Combined TRACON& Tower with Radar,125,29,26,33,213,0,0,24,22,46,125,29,50,55,259,0,24,24,283
02/19/2022,OKC,OK,ASW,CE,Combined TRACON& Tower with Radar,100,15,15,6,136,0,0,14,0,14,100,15,29,6,150,0,0,0,150
02/20/2022,OKC,OK,ASW,CE,Combined TRACON& Tower with Radar,113,16,9,6,144,0,0,8,0,8,113,16,17,6,152,0,0,0,152
02/21/2022,OKC,OK,ASW,CE,Combined TRACON& Tower with Radar,101,21,17,1,140,0,0,10,0,10,101,21,27,1,150,0,0,0,150
02/22/2022,OKC,OK,ASW,CE,Combined TRACON& Tower with Radar,106,41,44,64,255,0,6,22,28,56,106,47,66,92,311,6,20,26,337
02/23/2022,OKC,OK,ASW,CE,Combined TRACON& Tower with Radar,43,13,15,0,71,0,0,2,0,2,43,13,17,0,73,0,0,0,73
02/24/2022,OKC,OK,ASW,CE,Combined TRACON& Tower with Radar,83,18,21,0,122,0,0,0,2,2,83,18,21,2,124,0,0,0,124
02/25/2022,OKC,OK,ASW,CE,Combined TRACON& Tower with Radar,120,40,24,19,203,0,0,4,12,16,120,40,28,31,219,0,8,8,227
02/26/2022,OKC,OK,ASW,CE,Combined TRACON& Tower with Radar,96,15,20,2,133,0,0,11,0,11,96,15,31,2,144,0,0,0,144
02/27/2022,OKC,OK,ASW,CE,Combined TRACON& Tower with Radar,118,15,28,13,174,0,4,30,6,40,118,19,58,19,214,14,14,28,242
02/28/2022,OKC,OK,ASW,CE,Combined TRACON& Tower with Radar,116,25,21,81,243,0,5,32,27,64,116,30,53,108,307,0,62,62,369
03/01/2022,OKC,OK,ASW,CE,Combined TRACON& Tower with Radar,114,30,32,117,293,0,3,31,36,70,114,33,63,153,363,0,28,28,391
03/02/2022,OKC,OK,ASW,CE,Combined TRACON& Tower with Radar,107,26,39,108,280,0,4,31,26,61,107,30,70,134,341,0,32,32,373
03/03/2022,OKC,OK,ASW,CE,Combined TRACON& Tower with Radar,120,26,43,73,262,0,6,29,33,68,120,32,72,106,330,8,24,32,362
03/04/2022,OKC,OK,ASW,CE,Combined TRACON& Tower with Radar,121,28,31,118,298,0,2,42,14,58,121,30,73,132,356,0,0,0,356
03/05/2022,OKC,OK,ASW,CE,Combined TRACON& Tower with Radar,101,37,19,66,223,0,0,20,6,26,101,37,39,72,249,0,2,2,251
03/06/2022,OKC,OK,ASW,CE,Combined TRACON& Tower with Radar,110,22,23,27,182,0,0,3,0,3,110,22,26,27,185,0,0,0,185
03/07/2022,OKC,OK,ASW,CE,Combined TRACON& Tower with Radar,105,31,30,59,225,0,6,24,29,59,105,37,54,88,284,0,48,48,332
03/08/2022,OKC,OK,ASW,CE,Combined TRACON& Tower with Radar,105,37,21,131,294,0,3,27,25,55,105,40,48,156,349,22,42,64,413
03/09/2022,OKC,OK,ASW,CE,Combined TRACON& Tower with Radar,115,34,30,110,289,0,1,22,17,40,115,35,52,127,329,0,68,68,397
03/10/2022,OKC,OK,ASW,CE,Combined TRACON& Tower with Radar,122,37,34,101,294,0,0,16,11,27,122,37,50,112,321,0,146,146,467
03/11/2022,OKC,OK,ASW,CE,Combined TRACON& Tower with Radar,120,19,32,5,176,0,0,4,0,4,120,19,36,5,180,0,0,0,180
03/12/2022,OKC,OK,ASW,CE,Combined TRACON& Tower with Radar,100,26,15,16,157,0,3,24,6,33,100,29,39,22,190,0,0,0,190
03/13/2022,OKC,OK,ASW,CE,Combined TRACON& Tower with Radar,115,23,22,14,174,0,0,19,2,21,115,23,41,16,195,0,0,0,195
03/14/2022,OKC,OK,ASW,CE,Combined TRACON& Tower with Radar,153,20,16,118,307,0,1,18,18,37,153,21,34,136,344,0,0,0,344
03/15/2022,OKC,OK,ASW,CE,Combined TRACON& Tower with Radar,113,20,12,95,240,0,3,25,23,51,113,23,37,118,291,0,34,34,325
03/16/2022,OKC,OK,ASW,CE,Combined TRACON& Tower with Radar,117,30,32,53,232,0,0,18,26,44,117,30,50,79,276,0,2,2,278
03/17/2022,OKC,OK,ASW,CE,Combined TRACON& Tower with Radar,120,25,15,59,219,0,0,15,20,35,120,25,30,79,254,0,30,30,284
03/18/2022,OKC,OK,ASW,CE,Combined TRACON& Tower with Radar,125,16,23,91,255,0,2,8,4,14,125,18,31,95,269,0,0,0,269
03/19/2022,OKC,OK,ASW,CE,Combined TRACON& Tower with Radar,93,27,19,34,173,0,0,36,11,47,93,27,55,45,220,0,0,0,220
03/20/2022,OKC,OK,ASW,CE,Combined TRACON& Tower with Radar,119,28,17,23,187,0,4,27,8,39,119,32,44,31,226,0,6,6,232
03/21/2022,OKC,OK,ASW,CE,Combined TRACON& Tower with Radar,108,26,15,2,151,0,0,7,6,13,108,26,22,8,164,0,0,0,164
03/22/2022,OKC,OK,ASW,CE,Combined TRACON& Tower with Radar,113,41,27,48,229,0,1,2,7,10,113,42,29,55,239,0,0,0,239
03/23/2022,OKC,OK,ASW,CE,Combined TRACON& Tower with Radar,119,41,32,149,341,0,3,17,37,57,119,44,49,186,398,0,0,0,398
03/24/2022,OKC,OK,ASW,CE,Combined TRACON& Tower with Radar,121,44,37,107,309,0,2,44,26,72,121,46,81,133,381,0,0,0,381
03/25/2022,OKC,OK,ASW,CE,Combined TRACON& Tower with Radar,124,24,23,79,250,0,1,17,18,36,124,25,40,97,286,0,36,36,322
03/26/2022,OKC,OK,ASW,CE,Combined TRACON& Tower with Radar,100,15,15,10,140,0,2,27,5,34,100,17,42,15,174,0,0,0,174
03/27/2022,OKC,OK,ASW,CE,Combined TRACON& Tower with Radar,118,21,28,26,193,0,0,17,7,24,118,21,45,33,217,0,10,10,227
03/28/2022,OKC,OK,ASW,CE,Combined TRACON& Tower with Radar,113,17,34,104,268,0,4,30,19,53,113,21,64,123,321,0,134,134,455
03/29/2022,OKC,OK,ASW,CE,Combined TRACON& Tower with Radar,119,25,19,53,216,0,6,20,12,38,119,31,39,65,254,0,0,0,254
03/30/2022,OKC,OK,ASW,CE,Combined TRACON& Tower with Radar,115,33,34,78,260,0,0,5,30,35,115,33,39,108,295,0,0,0,295
03/31/2022,OKC,OK,ASW,CE,Combined TRACON& Tower with Radar,119,33,28,77,257,0,4,26,23,53,119,37,54,100,310,8,0,8,318
04/01/2022,OKC,OK,ASW,CE,Combined TRACON& Tower with Radar,123,31,29,80,263,0,1,15,14,30,123,32,44,94,293,0,0,0,293
04/02/2022,OKC,OK,ASW,CE,Combined TRACON& Tower with Radar,94,16,15,49,174,0,5,36,10,51,94,21,51,59,225,0,4,4,229
04/03/2022,OKC,OK,ASW,CE,Combined TRACON& Tower with Radar,118,23,19,43,203,0,1,23,6,30,118,24,42,49,233,0,0,0,233
04/04/2022,OKC,OK,ASW,CE,Combined TRACON& Tower with Radar,109,18,11,8,146,0,0,1,0,1,109,18,12,8,147,0,0,0,147
04/05/2022,OKC,OK,ASW,CE,Combined TRACON& Tower with Radar,120,23,36,29,208,0,3,16,15,34,120,26,52,44,242,36,4,40,282
04/06/2022,OKC,OK,ASW,CE,Combined TRACON& Tower with Radar,122,39,34,107,302,0,2,16,37,55,122,41,50,144,357,0,0,0,357
04/07/2022,OKC,OK,ASW,CE,Combined TRACON& Tower with Radar,121,30,11,61,223,0,1,7,18,26,121,31,18,79,249,0,54,54,303
04/08/2022,OKC,OK,ASW,CE,Combined TRACON& Tower with Radar,120,30,31,76,257,0,1,11,9,21,120,31,42,85,278,0,4,4,282
04/09/2022,OKC,OK,ASW,CE,Combined TRACON& Tower with Radar,98,22,13,11,144,0,0,19,5,24,98,22,32,16,168,0,0,0,168
04/10/2022,OKC,OK,ASW,CE,Combined TRACON& Tower with Radar,116,22,21,53,212,0,0,10,5,15,116,22,31,58,227,0,0,0,227
04/11/2022,OKC,OK,ASW,CE,Combined TRACON& Tower with Radar,113,21,36,88,258,0,2,12,21,35,113,23,48,109,293,0,12,12,305
04/12/2022,OKC,OK,ASW,CE,Combined TRACON& Tower with Radar,137,29,25,86,277,0,2,8,18,28,137,31,33,104,305,8,40,48,353
04/13/2022,OKC,OK,ASW,CE,Combined TRACON& Tower with Radar,126,40,9,108,283,0,2,18,30,50,126,42,27,138,333,0,32,32,365
04/14/2022,OKC,OK,ASW,CE,Combined TRACON& Tower with Radar,130,25,35,106,296,0,0,23,25,48,130,25,58,131,344,0,58,58,402
04/15/2022,OKC,OK,ASW,CE,Combined TRACON& Tower with Radar,119,24,30,75,248,0,0,20,14,34,119,24,50,89,282,0,0,0,282
04/16/2022,OKC,OK,ASW,CE,Combined TRACON& Tower with Radar,94,26,10,0,130,0,0,10,2,12,94,26,20,2,142,0,0,0,142
04/17/2022,OKC,OK,ASW,CE,Combined TRACON& Tower with Radar,111,16,16,0,143,0,0,22,0,22,111,16,38,0,165,0,0,0,165
04/18/2022,OKC,OK,ASW,CE,Combined TRACON& Tower with Radar,111,23,49,99,282,0,9,23,19,51,111,32,72,118,333,30,24,54,387
04/19/2022,OKC,OK,ASW,CE,Combined TRACON& Tower with Radar,118,36,24,83,261,0,0,19,26,45,118,36,43,109,306,0,0,0,306
04/20/2022,OKC,OK,ASW,CE,Combined TRACON& Tower with Radar,115,30,39,118,302,0,0,18,29,47,115,30,57,147,349,0,44,44,393
04/21/2022,OKC,OK,ASW,CE,Combined TRACON& Tower with Radar,118,33,45,160,356,0,0,11,18,29,118,33,56,178,385,0,0,0,385
04/22/2022,OKC,OK,ASW,CE,Combined TRACON& Tower with Radar,115,21,25,87,248,0,2,5,4,11,115,23,30,91,259,0,100,100,359
04/23/2022,OKC,OK,ASW,CE,Combined TRACON& Tower with Radar,92,18,5,5,120,0,0,5,0,5,92,18,10,5,125,0,0,0,125
04/24/2022,OKC,OK,ASW,CE,Combined TRACON& Tower with Radar,107,25,21,6,159,0,0,4,0,4,107,25,25,6,163,0,0,0,163
04/25/2022,OKC,OK,ASW,CE,Combined TRACON& Tower with Radar,110,21,26,57,214,0,3,39,29,71,110,24,65,86,285,0,0,0,285
04/26/2022,OKC,OK,ASW,CE,Combined TRACON& Tower with Radar,114,41,28,94,277,0,0,29,29,58,114,41,57,123,335,0,26,26,361
04/27/2022,OKC,OK,ASW,CE,Combined TRACON& Tower with Radar,113,39,21,158,331,0,3,15,31,49,113,42,36,189,380,0,80,80,460
04/28/2022,OKC,OK,ASW,CE,Combined TRACON& Tower with Radar,124,31,27,65,247,0,2,10,18,30,124,33,37,83,277,0,14,14,291
04/29/2022,OKC,OK,ASW,CE,Combined TRACON& Tower with Radar,116,27,16,83,242,0,4,5,9,18,116,31,21,92,260,0,32,32,292
04/30/2022,OKC,OK,ASW,CE,Combined TRACON& Tower with Radar,99,14,11,2,126,1,2,18,1,22,100,16,29,3,148,0,0,0,148
05/01/2022,OKC,OK,ASW,CE,Combined TRACON& Tower with Radar,112,20,12,2,146,0,5,18,4,27,112,25,30,6,173,0,0,0,173
05/02/2022,OKC,OK,ASW,CE,Combined TRACON& Tower with Radar,118,28,21,24,191,1,0,5,5,11,119,28,26,29,202,0,0,0,202
05/03/2022,OKC,OK,ASW,CE,Combined TRACON& Tower with Radar,120,31,35,88,274,0,1,16,22,39,120,32,51,110,313,8,76,84,397
05/04/2022,OKC,OK,ASW,CE,Combined TRACON& Tower with Radar,111,18,12,2,143,0,0,0,0,0,111,18,12,2,143,0,0,0,143
05/05/2022,OKC,OK,ASW,CE,Combined TRACON& Tower with Radar,124,31,44,29,228,0,0,2,11,13,124,31,46,40,241,0,32,32,273
05/06/2022,OKC,OK,ASW,CE,Combined TRACON& Tower with Radar,123,33,29,107,292,0,7,24,29,60,123,40,53,136,352,6,20,26,378
05/07/2022,OKC,OK,ASW,CE,Combined TRACON& Tower with Radar,98,21,16,5,140,0,2,30,3,35,98,23,46,8,175,0,0,0,175
05/08/2022,OKC,OK,ASW,CE,Combined TRACON& Tower with Radar,105,31,19,4,159,0,1,11,0,12,105,32,30,4,171,0,0,0,171
05/09/2022,OKC,OK,ASW,CE,Combined TRACON& Tower with Radar,122,24,35,63,244,0,3,24,40,67,122,27,59,103,311,0,98,98,409
05/10/2022,OKC,OK,ASW,CE,Combined TRACON& Tower with Radar,121,32,32,45,230,0,4,19,30,53,121,36,51,75,283,0,40,40,323
05/11/2022,OKC,OK,ASW,CE,Combined TRACON& Tower with Radar,115,29,36,70,250,0,0,23,33,56,115,29,59,103,306,0,54,54,360
05/12/2022,OKC,OK,ASW,CE,Combined TRACON& Tower with Radar,138,38,24,64,264,0,7,30,22,59,138,45,54,86,323,0,0,0,323
05/13/2022,OKC,OK,ASW,CE,Combined TRACON& Tower with Radar,124,34,32,63,253,0,4,25,4,33,124,38,57,67,286,0,4,4,290
05/14/2022,OKC,OK,ASW,CE,Combined TRACON& Tower with Radar,97,24,12,24,157,0,0,25,10,35,97,24,37,34,192,0,8,8,200
05/15/2022,OKC,OK,ASW,CE,Combined TRACON& Tower with Radar,113,27,23,26,189,0,1,22,3,26,113,28,45,29,215,0,8,8,223
05/16/2022,OKC,OK,ASW,CE,Combined TRACON& Tower with Radar,125,29,32,75,261,0,3,29,57,89,125,32,61,132,350,0,0,0,350
05/17/2022,OKC,OK,ASW,CE,Combined TRACON& Tower with Radar,123,26,32,159,340,0,1,17,32,50,123,27,49,191,390,12,86,98,488
05/18/2022,OKC,OK,ASW,CE,Combined TRACON& Tower with Radar,120,32,28,55,235,0,1,25,14,40,120,33,53,69,275,0,16,16,291
05/19/2022,OKC,OK,ASW,CE,Combined TRACON& Tower with Radar,125,37,31,66,259,0,3,28,27,58,125,40,59,93,317,0,12,12,329
05/20/2022,OKC,OK,ASW,CE,Combined TRACON& Tower with Radar,123,25,28,41,217,0,0,24,15,39,123,25,52,56,256,0,0,0,256
05/21/2022,OKC,OK,ASW,CE,Combined TRACON& Tower with Radar,97,21,13,0,131,0,0,8,0,8,97,21,21,0,139,0,0,0,139
05/22/2022,OKC,OK,ASW,CE,Combined TRACON& Tower with Radar,114,27,22,5,168,0,3,12,0,15,114,30,34,5,183,0,0,0,183
05/23/2022,OKC,OK,ASW,CE,Combined TRACON& Tower with Radar,116,12,16,6,150,0,0,4,0,4,116,12,20,6,154,0,0,0,154
05/24/2022,OKC,OK,ASW,CE,Combined TRACON& Tower with Radar,129,13,8,8,158,0,0,0,0,0,129,13,8,8,158,0,0,0,158
05/25/2022,OKC,OK,ASW,CE,Combined TRACON& Tower with Radar,123,22,21,28,194,0,0,0,12,12,123,22,21,40,206,0,6,6,212
05/26/2022,OKC,OK,ASW,CE,Combined TRACON& Tower with Radar,123,35,31,103,292,0,4,27,26,57,123,39,58,129,349,0,130,130,479
05/27/2022,OKC,OK,ASW,CE,Combined TRACON& Tower with Radar,118,25,28,4,175,0,1,22,9,32,118,26,50,13,207,0,0,0,207
05/28/2022,OKC,OK,ASW,CE,Combined TRACON& Tower with Radar,100,20,15,1,136,0,2,11,0,13,100,22,26,1,149,0,0,0,149
05/29/2022,OKC,OK,ASW,CE,Combined TRACON& Tower with Radar,112,18,11,0,141,0,0,14,3,17,112,18,25,3,158,0,0,0,158
05/30/2022,OKC,OK,ASW,CE,Combined TRACON& Tower with Radar,118,13,16,0,147,0,0,8,2,10,118,13,24,2,157,0,0,0,157
05/31/2022,OKC,OK,ASW,CE,Combined TRACON& Tower with Radar,118,23,15,66,222,0,1,16,13,30,118,24,31,79,252,0,18,18,270
06/01/2022,OKC,OK,ASW,CE,Combined TRACON& Tower with Radar,127,25,10,9,171,0,0,1,9,10,127,25,11,18,181,2,6,8,189
06/02/2022,OKC,OK,ASW,CE,Combined TRACON& Tower with Radar,134,29,36,83,282,0,1,19,19,39,134,30,55,102,321,0,16,16,337
06/03/2022,OKC,OK,ASW,CE,Combined TRACON& Tower with Radar,124,31,26,75,256,0,0,21,15,36,124,31,47,90,292,0,0,0,292
06/04/2022,OKC,OK,ASW,CE,Combined TRACON& Tower with Radar,101,32,12,14,159,0,0,17,9,26,101,32,29,23,185,0,0,0,185
06/05/2022,OKC,OK,ASW,CE,Combined TRACON& Tower with Radar,116,26,29,54,225,0,5,12,6,23,116,31,41,60,248,0,58,58,306
06/06/2022,OKC,OK,ASW,CE,Combined TRACON& Tower with Radar,116,32,29,106,283,0,2,37,30,69,116,34,66,136,352,0,76,76,428
06/07/2022,OKC,OK,ASW,CE,Combined TRACON& Tower with Radar,130,46,27,64,267,0,0,26,19,45,130,46,53,83,312,0,0,0,312
06/08/2022,OKC,OK,ASW,CE,Combined TRACON& Tower with Radar,124,42,29,39,234,0,0,11,15,26,124,42,40,54,260,0,0,0,260
06/09/2022,OKC,OK,ASW,CE,Combined TRACON& Tower with Radar,125,36,48,117,326,0,4,40,27,71,125,40,88,144,397,0,18,18,415
06/10/2022,OKC,OK,ASW,CE,Combined TRACON& Tower with Radar,127,36,36,209,408,0,0,17,30,47,127,36,53,239,455,0,46,46,501
06/11/2022,OKC,OK,ASW,CE,Combined TRACON& Tower with Radar,103,29,13,56,201,0,2,27,14,43,103,31,40,70,244,0,0,0,244
06/12/2022,OKC,OK,ASW,CE,Combined TRACON& Tower with Radar,119,33,18,35,205,0,2,15,8,25,119,35,33,43,230,0,0,0,230
06/13/2022,OKC,OK,ASW,CE,Combined TRACON& Tower with Radar,122,32,26,93,273,0,8,31,24,63,122,40,57,117,336,8,36,44,380
06/14/2022,OKC,OK,ASW,CE,Combined TRACON& Tower with Radar,120,57,20,111,308,0,0,25,25,50,120,57,45,136,358,0,36,36,394
06/15/2022,OKC,OK,ASW,CE,Combined TRACON& Tower with Radar,123,37,33,132,325,0,4,26,27,57,123,41,59,159,382,0,14,14,396
06/16/2022,OKC,OK,ASW,CE,Combined TRACON& Tower with Radar,124,38,22,138,322,0,2,25,21,48,124,40,47,159,370,0,50,50,420
06/17/2022,OKC,OK,ASW,CE,Combined TRACON& Tower with Radar,126,34,27,84,271,0,0,31,10,41,126,34,58,94,312,6,0,6,318
06/18/2022,OKC,OK,ASW,CE,Combined TRACON& Tower with Radar,105,35,21,7,168,0,0,25,0,25,105,35,46,7,193,0,0,0,193
06/19/2022,OKC,OK,ASW,CE,Combined TRACON& Tower with Radar,113,30,18,2,163,0,0,14,0,14,113,30,32,2,177,0,0,0,177
06/20/2022,OKC,OK,ASW,CE,Combined TRACON& Tower with Radar,118,36,30,2,186,0,3,27,3,33,118,39,57,5,219,0,0,0,219
06/21/2022,OKC,OK,ASW,CE,Combined TRACON& Tower with Radar,122,46,25,75,268,0,2,26,35,63,122,48,51,110,331,16,10,26,357
06/22/2022,OKC,OK,ASW,CE,Combined TRACON& Tower with Radar,121,44,32,119,316,0,6,23,31,60,121,50,55,150,376,0,22,22,398
06/23/2022,OKC,OK,ASW,CE,Combined TRACON& Tower with Radar,127,48,30,118,323,0,2,22,20,44,127,50,52,138,367,0,50,50,417
06/24/2022,OKC,OK,ASW,CE,Combined TRACON& Tower with Radar,113,38,40,124,315,0,2,19,20,41,113,40,59,144,356,0,34,34,390
06/25/2022,OKC,OK,ASW,CE,Combined TRACON& Tower with Radar,104,29,19,48,200,0,0,16,8,24,104,29,35,56,224,0,18,18,242
06/26/2022,OKC,OK,ASW,CE,Combined TRACON& Tower with Radar,112,35,20,79,246,0,0,11,3,14,112,35,31,82,260,0,4,4,264
06/27/2022,OKC,OK,ASW,CE,Combined TRACON& Tower with Radar,115,42,21,140,318,0,2,30,23,55,115,44,51,163,373,0,18,18,391
06/28/2022,OKC,OK,ASW,CE,Combined TRACON& Tower with Radar,115,37,27,93,272,0,2,24,33,59,115,39,51,126,331,0,24,24,355
06/29/2022,OKC,OK,ASW,CE,Combined TRACON& Tower with Radar,120,40,19,79,258,0,5,15,31,51,120,45,34,110,309,0,20,20,329
06/30/2022,OKC,OK,ASW,CE,Combined TRACON& Tower with Radar,117,46,56,78,297,0,2,20,28,50,117,48,76,106,347,0,66,66,413
07/01/2022,OKC,OK,ASW,CE,Combined TRACON& Tower with Radar,120,26,23,5,174,0,2,14,10,26,120,28,37,15,200,0,0,0,200
07/02/2022,OKC,OK,ASW,CE,Combined TRACON& Tower with Radar,109,25,6,0,140,0,0,17,2,19,109,25,23,2,159,0,0,0,159
07/03/2022,OKC,OK,ASW,CE,Combined TRACON& Tower with Radar,106,27,12,1,146,0,1,10,1,12,106,28,22,2,158,0,0,0,158
07/04/2022,OKC,OK,ASW,CE,Combined TRACON& Tower with Radar,105,23,4,0,132,0,0,21,1,22,105,23,25,1,154,0,0,0,154
07/05/2022,OKC,OK,ASW,CE,Combined TRACON& Tower with Radar,108,49,11,152,320,0,0,15,12,27,108,49,26,164,347,10,148,158,505
07/06/2022,OKC,OK,ASW,CE,Combined TRACON& Tower with Radar,112,41,19,98,270,0,6,20,30,56,112,47,39,128,326,0,8,8,334
07/07/2022,OKC,OK,ASW,CE,Combined TRACON& Tower with Radar,120,36,17,81,254,0,3,29,27,59,120,39,46,108,313,0,16,16,329
07/08/2022,OKC,OK,ASW,CE,Combined TRACON& Tower with Radar,115,39,11,43,208,0,6,20,22,48,115,45,31,65,256,0,30,30,286
07/09/2022,OKC,OK,ASW,CE,Combined TRACON& Tower with Radar,106,29,10,30,175,0,3,48,6,57,106,32,58,36,232,0,0,0,232
07/10/2022,OKC,OK,ASW,CE,Combined TRACON& Tower with Radar,109,31,17,23,180,0,0,21,2,23,109,31,38,25,203,2,0,2,205
07/11/2022,OKC,OK,ASW,CE,Combined TRACON& Tower with Radar,124,37,26,121,308,0,0,25,14,39,124,37,51,135,347,2,28,30,377
07/12/2022,OKC,OK,ASW,CE,Combined TRACON& Tower with Radar,130,37,24,86,277,0,0,19,24,43,130,37,43,110,320,16,68,84,404
07/13/2022,OKC,OK,ASW,CE,Combined TRACON& Tower with Radar,115,31,36,85,267,0,3,34,30,67,115,34,70,115,334,0,68,68,402
07/14/2022,OKC,OK,ASW,CE,Combined TRACON& Tower with Radar,125,38,37,87,287,0,4,30,16,50,125,42,67,103,337,0,4,4,341
07/15/2022,OKC,OK,ASW,CE,Combined TRACON& Tower with Radar,120,26,20,63,229,0,7,24,12,43,120,33,44,75,272,0,10,10,282
07/16/2022,OKC,OK,ASW,CE,Combined TRACON& Tower with Radar,108,37,8,40,193,0,1,10,6,17,108,38,18,46,210,0,0,0,210
07/17/2022,OKC,OK,ASW,CE,Combined TRACON& Tower with Radar,112,29,14,43,198,0,0,7,45,52,112,29,21,88,250,0,24,24,274
07/18/2022,OKC,OK,ASW,CE,Combined TRACON& Tower with Radar,113,41,20,50,224,0,0,25,21,46,113,41,45,71,270,0,14,14,284
07/19/2022,OKC,OK,ASW,CE,Combined TRACON& Tower with Radar,118,51,12,79,260,0,1,10,13,24,118,52,22,92,284,0,20,20,304
07/20/2022,OKC,OK,ASW,CE,Combined TRACON& Tower with Radar,127,34,32,51,244,0,8,24,21,53,127,42,56,72,297,0,0,0,297
07/21/2022,OKC,OK,ASW,CE,Combined TRACON& Tower with Radar,117,60,27,83,287,0,0,14,20,34,117,60,41,103,321,0,30,30,351
07/22/2022,OKC,OK,ASW,CE,Combined TRACON& Tower with Radar,127,35,15,61,238,0,6,10,21,37,127,41,25,82,275,0,6,6,281
07/23/2022,OKC,OK,ASW,CE,Combined TRACON& Tower with Radar,104,30,9,3,146,0,5,29,3,37,104,35,38,6,183,0,0,0,183
07/24/2022,OKC,OK,ASW,CE,Combined TRACON& Tower with Radar,105,30,17,15,167,0,3,11,3,17,105,33,28,18,184,0,0,0,184
07/25/2022,OKC,OK,ASW,CE,Combined TRACON& Tower with Radar,123,40,7,70,240,0,6,23,23,52,123,46,30,93,292,0,0,0,292
07/26/2022,OKC,OK,ASW,CE,Combined TRACON& Tower with Radar,109,37,11,24,181,0,4,19,23,46,109,41,30,47,227,0,0,0,227
07/27/2022,OKC,OK,ASW,CE,Combined TRACON& Tower with Radar,123,40,20,40,223,0,0,12,13,25,123,40,32,53,248,0,0,0,248
07/28/2022,OKC,OK,ASW,CE,Combined TRACON& Tower with Radar,126,37,18,31,212,0,1,15,9,25,126,38,33,40,237,0,0,0,237
07/29/2022,OKC,OK,ASW,CE,Combined TRACON& Tower with Radar,132,37,15,46,230,0,1,4,14,19,132,38,19,60,249,0,8,8,257
07/30/2022,OKC,OK,ASW,CE,Combined TRACON& Tower with Radar,107,42,6,2,157,0,0,6,2,8,107,42,12,4,165,0,0,0,165
07/31/2022,OKC,OK,ASW,CE,Combined TRACON& Tower with Radar,112,29,20,14,175,0,0,14,2,16,112,29,34,16,191,0,24,24,215
08/01/2022,OKC,OK,ASW,CE,Combined TRACON& Tower with Radar,119,32,18,27,196,0,0,24,22,46,119,32,42,49,242,0,0,0,242
08/02/2022,OKC,OK,ASW,CE,Combined TRACON& Tower with Radar,113,43,21,43,220,0,3,18,19,40,113,46,39,62,260,0,18,18,278
08/03/2022,OKC,OK,ASW,CE,Combined TRACON& Tower with Radar,119,37,18,73,247,0,0,30,19,49,119,37,48,92,296,0,24,24,320
08/04/2022,OKC,OK,ASW,CE,Combined TRACON& Tower with Radar,118,37,17,51,223,0,7,18,17,42,118,44,35,68,265,0,0,0,265
08/05/2022,OKC,OK,ASW,CE,Combined TRACON& Tower with Radar,114,43,15,55,227,0,1,17,10,28,114,44,32,65,255,16,4,20,275
08/06/2022,OKC,OK,ASW,CE,Combined TRACON& Tower with Radar,103,38,14,40,195,0,2,20,5,27,103,40,34,45,222,0,0,0,222
08/07/2022,OKC,OK,ASW,CE,Combined TRACON& Tower with Radar,110,34,22,24,190,0,2,13,1,16,110,36,35,25,206,0,0,0,206
08/08/2022,OKC,OK,ASW,CE,Combined TRACON& Tower with Radar,116,31,29,43,219,0,1,15,22,38,116,32,44,65,257,0,0,0,257
08/09/2022,OKC,OK,ASW,CE,Combined TRACON& Tower with Radar,126,33,25,80,264,0,2,11,16,29,126,35,36,96,293,16,0,16,309
08/10/2022,OKC,OK,ASW,CE,Combined TRACON& Tower with Radar,144,36,28,107,315,0,1,20,13,34,144,37,48,120,349,0,2,2,351
08/11/2022,OKC,OK,ASW,CE,Combined TRACON& Tower with Radar,126,43,32,94,295,0,3,20,11,34,126,46,52,105,329,0,0,0,329
08/12/2022,OKC,OK,ASW,CE,Combined TRACON& Tower with Radar,121,47,13,117,298,0,1,27,7,35,121,48,40,124,333,8,22,30,363
08/13/2022,OKC,OK,ASW,CE,Combined TRACON& Tower with Radar,105,44,14,27,190,0,3,31,6,40,105,47,45,33,230,16,0,16,246
08/14/2022,OKC,OK,ASW,CE,Combined TRACON& Tower with Radar,111,32,11,26,180,0,0,18,0,18,111,32,29,26,198,0,0,0,198
08/15/2022,OKC,OK,ASW,CE,Combined TRACON& Tower with Radar,111,45,25,104,285,0,3,15,22,40,111,48,40,126,325,0,20,20,345
08/16/2022,OKC,OK,ASW,CE,Combined TRACON& Tower with Radar,118,56,8,103,285,0,3,13,21,37,118,59,21,124,322,0,52,52,374
08/17/2022,OKC,OK,ASW,CE,Combined TRACON& Tower with Radar,138,34,40,138,350,0,0,6,14,20,138,34,46,152,370,0,0,0,370
08/18/2022,OKC,OK,ASW,CE,Combined TRACON& Tower with Radar,125,50,44,189,408,0,4,19,18,41,125,54,63,207,449,0,38,38,487
08/19/2022,OKC,OK,ASW,CE,Combined TRACON& Tower with Radar,120,29,23,173,345,0,0,18,28,46,120,29,41,201,391,0,16,16,407
08/20/2022,OKC,OK,ASW,CE,Combined TRACON& Tower with Radar,100,24,15,33,172,0,0,15,11,26,100,24,30,44,198,0,0,0,198
08/21/2022,OKC,OK,ASW,CE,Combined TRACON& Tower with Radar,127,25,19,5,176,0,0,5,0,5,127,25,24,5,181,0,0,0,181
08/22/2022,OKC,OK,ASW,CE,Combined TRACON& Tower with Radar,135,35,28,86,284,0,5,22,14,41,135,40,50,100,325,0,0,0,325
08/23/2022,OKC,OK,ASW,CE,Combined TRACON& Tower with Radar,109,42,20,134,305,0,2,16,31,49,109,44,36,165,354,0,2,2,356
08/24/2022,OKC,OK,ASW,CE,Combined TRACON& Tower with Radar,117,59,39,88,303,0,0,25,22,47,117,59,64,110,350,0,8,8,358
08/25/2022,OKC,OK,ASW,CE,Combined TRACON& Tower with Radar,118,46,44,64,272,0,3,21,24,48,118,49,65,88,320,0,0,0,320
08/26/2022,OKC,OK,ASW,CE,Combined TRACON& Tower with Radar,111,29,27,104,271,0,3,20,8,31,111,32,47,112,302,4,14,18,320
08/27/2022,OKC,OK,ASW,CE,Combined TRACON& Tower with Radar,101,27,11,78,217,0,0,30,4,34,101,27,41,82,251,0,0,0,251
08/28/2022,OKC,OK,ASW,CE,Combined TRACON& Tower with Radar,106,22,21,26,175,0,0,15,2,17,106,22,36,28,192,0,0,0,192
08/29/2022,OKC,OK,ASW,CE,Combined TRACON& Tower with Radar,113,25,18,10,166,0,0,17,15,32,113,25,35,25,198,0,0,0,198
08/30/2022,OKC,OK,ASW,CE,Combined TRACON& Tower with Radar,129,84,25,53,291,0,0,27,19,46,129,84,52,72,337,0,62,62,399
08/31/2022,OKC,OK,ASW,CE,Combined TRACON& Tower with Radar,115,37,19,67,238,0,2,21,35,58,115,39,40,102,296,0,0,0,296
09/01/2022,OKC,OK,ASW,CE,Combined TRACON& Tower with Radar,125,33,20,25,203,0,0,4,6,10,125,33,24,31,213,0,0,0,213
09/02/2022,OKC,OK,ASW,CE,Combined TRACON& Tower with Radar,119,28,15,16,178,0,0,3,9,12,119,28,18,25,190,0,4,4,194
09/03/2022,OKC,OK,ASW,CE,Combined TRACON& Tower with Radar,121,27,9,0,157,0,0,14,2,16,121,27,23,2,173,0,0,0,173
09/04/2022,OKC,OK,ASW,CE,Combined TRACON& Tower with Radar,117,32,8,2,159,0,0,26,8,34,117,32,34,10,193,0,0,0,193
09/05/2022,OKC,OK,ASW,CE,Combined TRACON& Tower with Radar,105,33,9,1,148,0,10,27,0,37,105,43,36,1,185,0,0,0,185
09/06/2022,OKC,OK,ASW,CE,Combined TRACON& Tower with Radar,121,37,34,71,263,0,6,27,30,63,121,43,61,101,326,0,18,18,344
09/07/2022,OKC,OK,ASW,CE,Combined TRACON& Tower with Radar,124,38,19,72,253,0,5,27,24,56,124,43,46,96,309,0,16,16,325
09/08/2022,OKC,OK,ASW,CE,Combined TRACON& Tower with Radar,127,44,16,69,256,0,7,28,30,65,127,51,44,99,321,24,0,24,345
09/09/2022,OKC,OK,ASW,CE,Combined TRACON& Tower with Radar,132,28,20,129,309,0,4,13,15,32,132,32,33,144,341,0,32,32,373
09/10/2022,OKC,OK,ASW,CE,Combined TRACON& Tower with Radar,100,24,10,29,163,0,0,19,6,25,100,24,29,35,188,0,20,20,208
09/11/2022,OKC,OK,ASW,CE,Combined TRACON& Tower with Radar,121,34,28,20,203,0,2,28,2,32,121,36,56,22,235,0,34,34,269
09/12/2022,OKC,OK,ASW,CE,Combined TRACON& Tower with Radar,121,46,30,53,250,0,0,39,34,73,121,46,69,87,323,0,4,4,327
09/13/2022,OKC,OK,ASW,CE,Combined TRACON& Tower with Radar,118,44,30,42,234,0,5,29,25,59,118,49,59,67,293,0,0,0,293
09/14/2022,OKC,OK,ASW,CE,Combined TRACON& Tower with Radar,122,38,28,76,264,0,5,40,27,72,122,43,68,103,336,0,0,0,336
09/15/2022,OKC,OK,ASW,CE,Combined TRACON& Tower with Radar,138,36,33,36,243,0,2,32,18,52,138,38,65,54,295,0,0,0,295
09/16/2022,OKC,OK,ASW,CE,Combined TRACON& Tower with Radar,134,24,31,66,255,0,2,28,19,49,134,26,59,85,304,0,38,38,342
09/17/2022,OKC,OK,ASW,CE,Combined TRACON& Tower with Radar,100,21,17,3,141,0,0,15,0,15,100,21,32,3,156,0,0,0,156
09/18/2022,OKC,OK,ASW,CE,Combined TRACON& Tower with Radar,122,29,14,22,187,0,0,17,0,17,122,29,31,22,204,0,0,0,204
09/19/2022,OKC,OK,ASW,CE,Combined TRACON& Tower with Radar,123,39,18,71,251,0,0,49,20,69,123,39,67,91,320,0,0,0,320
09/20/2022,OKC,OK,ASW,CE,Combined TRACON& Tower with Radar,122,41,37,29,229,0,1,17,16,34,122,42,54,45,263,0,4,4,267
09/21/2022,OKC,OK,ASW,CE,Combined TRACON& Tower with Radar,122,39,36,58,255,0,2,26,20,48,122,41,62,78,303,0,20,20,323
09/22/2022,OKC,OK,ASW,CE,Combined TRACON& Tower with Radar,126,57,35,116,334,0,8,34,23,65,126,65,69,139,399,0,26,26,425
09/23/2022,OKC,OK,ASW,CE,Combined TRACON& Tower with Radar,126,36,33,86,281,0,0,24,10,34,126,36,57,96,315,0,12,12,327
09/24/2022,OKC,OK,ASW,CE,Combined TRACON& Tower with Radar,117,45,18,30,210,0,1,20,4,25,117,46,38,34,235,0,34,34,269
09/25/2022,OKC,OK,ASW,CE,Combined TRACON& Tower with Radar,139,29,25,22,215,0,1,17,5,23,139,30,42,27,238,0,0,0,238
09/26/2022,OKC,OK,ASW,CE,Combined TRACON& Tower with Radar,122,32,26,69,249,0,1,29,16,46,122,33,55,85,295,36,0,36,331
09/27/2022,OKC,OK,ASW,CE,Combined TRACON& Tower with Radar,138,44,28,69,279,0,2,32,31,65,138,46,60,100,344,0,74,74,418
09/28/2022,OKC,OK,ASW,CE,Combined TRACON& Tower with Radar,133,43,24,63,263,0,0,31,23,54,133,43,55,86,317,0,0,0,317
09/29/2022,OKC,OK,ASW,CE,Combined TRACON& Tower with Radar,143,30,24,61,258,0,3,20,23,46,143,33,44,84,304,0,26,26,330
09/30/2022,OKC,OK,ASW,CE,Combined TRACON& Tower with Radar,130,34,38,60,262,0,3,25,10,38,130,37,63,70,300,0,0,0,300
10/01/2022,OKC,OK,ASW,CE,Combined TRACON& Tower with Radar,101,28,17,10,156,0,3,28,9,40,101,31,45,19,196,0,0,0,196
10/02/2022,OKC,OK,ASW,CE,Combined TRACON& Tower with Radar,125,23,22,13,183,0,1,13,2,16,125,24,35,15,199,6,0,6,205
10/03/2022,OKC,OK,ASW,CE,Combined TRACON& Tower with Radar,126,25,25,54,230,0,3,23,23,49,126,28,48,77,279,0,14,14,293
10/04/2022,OKC,OK,ASW,CE,Combined TRACON& Tower with Radar,124,24,29,69,246,0,2,31,16,49,124,26,60,85,295,8,0,8,303
10/05/2022,OKC,OK,ASW,CE,Combined TRACON& Tower with Radar,126,30,23,82,261,0,0,28,22,50,126,30,51,104,311,0,70,70,381
10/06/2022,OKC,OK,ASW,CE,Combined TRACON& Tower with Radar,138,41,23,51,253,0,3,22,28,53,138,44,45,79,306,0,26,26,332
10/07/2022,OKC,OK,ASW,CE,Combined TRACON& Tower with Radar,134,33,31,21,219,0,1,12,10,23,134,34,43,31,242,0,0,0,242
10/08/2022,OKC,OK,ASW,CE,Combined TRACON& Tower with Radar,100,25,19,5,149,0,3,18,5,26,100,28,37,10,175,0,0,0,175
10/09/2022,OKC,OK,ASW,CE,Combined TRACON& Tower with Radar,124,22,16,4,166,0,2,10,0,12,124,24,26,4,178,24,0,24,202
10/10/2022,OKC,OK,ASW,CE,Combined TRACON& Tower with Radar,121,28,33,0,182,0,0,12,0,12,121,28,45,0,194,0,0,0,194
10/11/2022,OKC,OK,ASW,CE,Combined TRACON& Tower with Radar,123,33,29,46,231,0,1,8,18,27,123,34,37,64,258,0,0,0,258
10/12/2022,OKC,OK,ASW,CE,Combined TRACON& Tower with Radar,126,33,33,64,256,0,2,27,37,66,126,35,60,101,322,0,20,20,342
10/13/2022,OKC,OK,ASW,CE,Combined TRACON& Tower with Radar,130,39,38,55,262,0,5,23,18,46,130,44,61,73,308,0,12,12,320
10/14/2022,OKC,OK,ASW,CE,Combined TRACON& Tower with Radar,129,25,32,57,243,0,0,35,8,43,129,25,67,65,286,0,16,16,302
10/15/2022,OKC,OK,ASW,CE,Combined TRACON& Tower with Radar,97,28,19,9,153,0,1,18,0,19,97,29,37,9,172,0,0,0,172
10/16/2022,OKC,OK,ASW,CE,Combined TRACON& Tower with Radar,125,30,27,9,191,0,0,8,1,9,125,30,35,10,200,0,0,0,200
10/17/2022,OKC,OK,ASW,CE,Combined TRACON& Tower with Radar,120,23,29,86,258,0,5,32,24,61,120,28,61,110,319,0,14,14,333
10/18/2022,OKC,OK,ASW,CE,Combined TRACON& Tower with Radar,125,32,43,121,321,0,1,24,28,53,125,33,67,149,374,0,6,6,380
10/19/2022,OKC,OK,ASW,CE,Combined TRACON& Tower with Radar,131,30,30,96,287,0,1,29,27,57,131,31,59,123,344,0,0,0,344
10/20/2022,OKC,OK,ASW,CE,Combined TRACON& Tower with Radar,133,30,33,62,258,0,0,29,25,54,133,30,62,87,312,0,2,2,314
10/21/2022,OKC,OK,ASW,CE,Combined TRACON& Tower with Radar,131,25,23,37,216,0,3,25,3,31,131,28,48,40,247,0,10,10,257
10/22/2022,OKC,OK,ASW,CE,Combined TRACON& Tower with Radar,107,19,5,16,147,0,1,14,2,17,107,20,19,18,164,0,12,12,176
10/23/2022,OKC,OK,ASW,CE,Combined TRACON& Tower with Radar,127,22,13,16,178,0,0,13,5,18,127,22,26,21,196,0,0,0,196
10/24/2022,OKC,OK,ASW,CE,Combined TRACON& Tower with Radar,150,30,17,51,248,0,1,7,1,9,150,31,24,52,257,0,0,0,257
10/25/2022,OKC,OK,ASW,CE,Combined TRACON& Tower with Radar,123,32,28,61,244,0,2,14,19,35,123,34,42,80,279,0,4,4,283
10/26/2022,OKC,OK,ASW,CE,Combined TRACON& Tower with Radar,125,40,39,44,248,0,3,31,19,53,125,43,70,63,301,0,0,0,301
10/27/2022,OKC,OK,ASW,CE,Combined TRACON& Tower with Radar,133,24,27,44,228,0,2,19,19,40,133,26,46,63,268,0,0,0,268
10/28/2022,OKC,OK,ASW,CE,Combined TRACON& Tower with Radar,142,24,29,73,268,0,0,5,15,20,142,24,34,88,288,0,4,4,292
10/29/2022,OKC,OK,ASW,CE,Combined TRACON& Tower with Radar,102,14,28,3,147,0,0,14,1,15,102,14,42,4,162,0,0,0,162
10/30/2022,OKC,OK,ASW,CE,Combined TRACON& Tower with Radar,117,29,19,13,178,0,0,23,3,26,117,29,42,16,204,0,0,0,204
10/31/2022,OKC,OK,ASW,CE,Combined TRACON& Tower with Radar,113,28,21,43,205,0,1,14,25,40,113,29,35,68,245,0,6,6,251
11/01/2022,OKC,OK,ASW,CE,Combined TRACON& Tower with Radar,122,27,23,93,265,0,3,19,36,58,122,30,42,129,323,0,58,58,381
11/02/2022,OKC,OK,ASW,CE,Combined TRACON& Tower with Radar,126,29,27,70,252,0,0,6,10,16,126,29,33,80,268,0,0,0,268
11/03/2022,OKC,OK,ASW,CE,Combined TRACON& Tower with Radar,122,36,58,29,245,0,0,8,8,16,122,36,66,37,261,0,0,0,261
11/04/2022,OKC,OK,ASW,CE,Combined TRACON& Tower with Radar,134,25,14,11,184,0,0,1,1,2,134,25,15,12,186,12,0,12,198
11/05/2022,OKC,OK,ASW,CE,Combined TRACON& Tower with Radar,101,26,22,13,162,0,2,33,8,43,101,28,55,21,205,0,0,0,205
11/06/2022,OKC,OK,ASW,CE,Combined TRACON& Tower with Radar,112,31,36,19,198,0,1,23,2,26,112,32,59,21,224,0,0,0,224
11/07/2022,OKC,OK,ASW,CE,Combined TRACON& Tower with Radar,121,24,60,45,250,0,0,3,20,23,121,24,63,65,273,0,0,0,273
11/08/2022,OKC,OK,ASW,CE,Combined TRACON& Tower with Radar,120,25,37,57,239,0,0,6,11,17,120,25,43,68,256,0,0,0,256
11/09/2022,OKC,OK,ASW,CE,Combined TRACON& Tower with Radar,122,21,32,84,259,0,0,8,27,35,122,21,40,111,294,0,14,14,308
11/10/2022,OKC,OK,ASW,CE,Combined TRACON& Tower with Radar,122,27,31,80,260,0,0,0,0,0,122,27,31,80,260,0,0,0,260
11/11/2022,OKC,OK,ASW,CE,Combined TRACON& Tower with Radar,143,20,31,2,196,0,0,12,0,12,143,20,43,2,208,0,0,0,208
11/12/2022,OKC,OK,ASW,CE,Combined TRACON& Tower with Radar,102,28,21,2,153,0,0,21,0,21,102,28,42,2,174,0,0,0,174
11/13/2022,OKC,OK,ASW,CE,Combined TRACON& Tower with Radar,106,22,20,0,148,0,2,14,4,20,106,24,34,4,168,0,0,0,168
11/14/2022,OKC,OK,ASW,CE,Combined TRACON& Tower with Radar,122,29,23,5,179,0,2,11,9,22,122,31,34,14,201,0,6,6,207
11/15/2022,OKC,OK,ASW,CE,Combined TRACON& Tower with Radar,114,31,32,30,207,0,4,18,31,53,114,35,50,61,260,0,0,0,260
11/16/2022,OKC,OK,ASW,CE,Combined TRACON& Tower with Radar,124,30,30,55,239,0,5,24,33,62,124,35,54,88,301,8,66,74,375
11/17/2022,OKC,OK,ASW,CE,Combined TRACON& Tower with Radar,127,33,39,95,294,0,2,37,14,53,127,35,76,109,347,0,0,0,347
11/18/2022,OKC,OK,ASW,CE,Combined TRACON& Tower with Radar,122,36,24,43,225,0,1,17,8,26,122,37,41,51,251,0,26,26,277
11/19/2022,OKC,OK,ASW,CE,Combined TRACON& Tower with Radar,102,17,16,22,157,0,1,22,3,26,102,18,38,25,183,0,26,26,209
11/20/2022,OKC,OK,ASW,CE,Combined TRACON& Tower with Radar,119,18,18,1,156,0,0,23,1,24,119,18,41,2,180,0,0,0,180
11/21/2022,OKC,OK,ASW,CE,Combined TRACON& Tower with Radar,120,25,20,60,225,0,3,18,19,40,120,28,38,79,265,6,4,10,275
11/22/2022,OKC,OK,ASW,CE,Combined TRACON& Tower with Radar,133,21,20,47,221,0,2,16,17,35,133,23,36,64,256,0,8,8,264
11/23/2022,OKC,OK,ASW,CE,Combined TRACON& Tower with Radar,131,19,12,24,186,0,0,1,2,3,131,19,13,26,189,0,0,0,189
11/24/2022,OKC,OK,ASW,CE,Combined TRACON& Tower with Radar,85,9,2,0,96,0,0,0,0,0,85,9,2,0,96,0,0,0,96
11/25/2022,OKC,OK,ASW,CE,Combined TRACON& Tower with Radar,114,30,10,0,154,0,0,17,0,17,114,30,27,0,171,0,0,0,171
11/26/2022,OKC,OK,ASW,CE,Combined TRACON& Tower with Radar,100,12,17,0,129,0,0,0,0,0,100,12,17,0,129,0,0,0,129
11/27/2022,OKC,OK,ASW,CE,Combined TRACON& Tower with Radar,116,29,20,0,165,0,1,16,2,19,116,30,36,2,184,0,0,0,184
11/28/2022,OKC,OK,ASW,CE,Combined TRACON& Tower with Radar,132,32,23,47,234,0,3,15,20,38,132,35,38,67,272,0,26,26,298
11/29/2022,OKC,OK,ASW,CE,Combined TRACON& Tower with Radar,129,28,33,78,268,0,0,9,29,38,129,28,42,107,306,0,0,0,306
11/30/2022,OKC,OK,ASW,CE,Combined TRACON& Tower with Radar,127,27,26,36,216,0,1,28,39,68,127,28,54,75,284,0,0,0,284
12/01/2022,OKC,OK,ASW,CE,Combined TRACON& Tower with Radar,124,34,34,33,225,0,5,14,17,36,124,39,48,50,261,0,0,0,261
12/02/2022,OKC,OK,ASW,CE,Combined TRACON& Tower with Radar,132,21,19,46,218,0,0,6,4,10,132,21,25,50,228,0,0,0,228
12/03/2022,OKC,OK,ASW,CE,Combined TRACON& Tower with Radar,105,19,12,1,137,0,1,16,0,17,105,20,28,1,154,0,0,0,154
12/04/2022,OKC,OK,ASW,CE,Combined TRACON& Tower with Radar,121,20,15,19,175,0,0,9,1,10,121,20,24,20,185,0,0,0,185
12/05/2022,OKC,OK,ASW,CE,Combined TRACON& Tower with Radar,123,26,34,123,306,0,5,13,42,60,123,31,47,165,366,0,24,24,390
12/06/2022,OKC,OK,ASW,CE,Combined TRACON& Tower with Radar,123,25,39,78,265,0,0,1,2,3,123,25,40,80,268,0,0,0,268
12/07/2022,OKC,OK,ASW,CE,Combined TRACON& Tower with Radar,125,31,32,72,260,0,0,1,0,1,125,31,33,72,261,0,0,0,261
12/08/2022,OKC,OK,ASW,CE,Combined TRACON& Tower with Radar,134,36,33,44,247,0,0,0,10,10,134,36,33,54,257,0,0,0,257
12/09/2022,OKC,OK,ASW,CE,Combined TRACON& Tower with Radar,145,28,17,89,279,0,6,17,32,55,145,34,34,121,334,0,0,0,334
12/10/2022,OKC,OK,ASW,CE,Combined TRACON& Tower with Radar,103,26,15,2,146,0,0,0,1,1,103,26,15,3,147,0,0,0,147
12/11/2022,OKC,OK,ASW,CE,Combined TRACON& Tower with Radar,121,27,15,7,170,0,0,0,0,0,121,27,15,7,170,0,0,0,170
12/12/2022,OKC,OK,ASW,CE,Combined TRACON& Tower with Radar,125,23,23,21,192,0,0,0,4,4,125,23,23,25,196,0,0,0,196
12/13/2022,OKC,OK,ASW,CE,Combined TRACON& Tower with Radar,122,44,29,62,257,0,5,28,33,66,122,49,57,95,323,0,32,32,355
12/14/2022,OKC,OK,ASW,CE,Combined TRACON& Tower with Radar,134,30,40,82,286,0,2,22,24,48,134,32,62,106,334,0,14,14,348
12/15/2022,OKC,OK,ASW,CE,Combined TRACON& Tower with Radar,120,25,27,74,246,0,2,45,27,74,120,27,72,101,320,0,20,20,340
12/16/2022,OKC,OK,ASW,CE,Combined TRACON& Tower with Radar,137,35,19,38,229,0,0,24,20,44,137,35,43,58,273,10,18,28,301
12/17/2022,OKC,OK,ASW,CE,Combined TRACON& Tower with Radar,105,27,18,23,173,0,0,28,3,31,105,27,46,26,204,0,0,0,204
12/18/2022,OKC,OK,ASW,CE,Combined TRACON& Tower with Radar,122,17,10,0,149,0,2,15,0,17,122,19,25,0,166,0,0,0,166
12/19/2022,OKC,OK,ASW,CE,Combined TRACON& Tower with Radar,122,26,28,80,256,0,1,18,18,37,122,27,46,98,293,0,98,98,391
12/20/2022,OKC,OK,ASW,CE,Combined TRACON& Tower with Radar,120,27,14,54,215,0,0,4,4,8,120,27,18,58,223,30,0,30,253
12/21/2022,OKC,OK,ASW,CE,Combined TRACON& Tower with Radar,136,34,16,28,214,0,0,6,5,11,136,34,22,33,225,0,0,0,225
12/22/2022,OKC,OK,ASW,CE,Combined TRACON& Tower with Radar,109,21,11,0,141,0,0,1,0,1,109,21,12,0,142,0,0,0,142
12/23/2022,OKC,OK,ASW,CE,Combined TRACON& Tower with Radar,102,36,10,0,148,0,1,11,3,15,102,37,21,3,163,0,0,0,163
12/24/2022,OKC,OK,ASW,CE,Combined TRACON& Tower with Radar,88,16,2,0,106,0,2,9,5,16,88,18,11,5,122,0,0,0,122
12/25/2022,OKC,OK,ASW,CE,Combined TRACON& Tower with Radar,71,12,4,0,87,0,0,5,4,9,71,12,9,4,96,0,0,0,96
12/26/2022,OKC,OK,ASW,CE,Combined TRACON& Tower with Radar,80,28,10,0,118,0,2,12,5,19,80,30,22,5,137,0,0,0,137
12/27/2022,OKC,OK,ASW,CE,Combined TRACON& Tower with Radar,102,21,18,11,152,0,0,17,7,24,102,21,35,18,176,0,16,16,192
12/28/2022,OKC,OK,ASW,CE,Combined TRACON& Tower with Radar,104,25,14,16,159,0,0,16,5,21,104,25,30,21,180,0,0,0,180
12/29/2022,OKC,OK,ASW,CE,Combined TRACON& Tower with Radar,104,19,10,14,147,0,3,18,18,39,104,22,28,32,186,0,0,0,186
12/30/2022,OKC,OK,ASW,CE,Combined TRACON& Tower with Radar,127,28,14,4,173,0,1,19,6,26,127,29,33,10,199,0,0,0,199
12/31/2022,OKC,OK,ASW,CE,Combined TRACON& Tower with Radar,91,15,8,0,114,0,1,12,2,15,91,16,20,2,129,4,0,4,133
01/01/2023,OKC,OK,ASW,CE,Combined TRACON& Tower with Radar,99,16,9,2,126,0,1,8,2,11,99,17,17,4,137,0,0,0,137
01/02/2023,OKC,OK,ASW,CE,Combined TRACON& Tower with Radar,109,11,11,0,131,0,0,4,0,4,109,11,15,0,135,0,0,0,135
01/03/2023,OKC,OK,ASW,CE,Combined TRACON& Tower with Radar,133,19,35,55,242,0,1,24,15,40,133,20,59,70,282,0,24,24,306
01/04/2023,OKC,OK,ASW,CE,Combined TRACON& Tower with Radar,117,20,21,75,233,0,3,20,35,58,117,23,41,110,291,0,82,82,373
01/05/2023,OKC,OK,ASW,CE,Combined TRACON& Tower with Radar,118,30,22,114,284,0,1,19,33,53,118,31,41,147,337,0,36,36,373
01/06/2023,OKC,OK,ASW,CE,Combined TRACON& Tower with Radar,120,29,29,76,254,0,0,16,22,38,120,29,45,98,292,0,62,62,354
01/07/2023,OKC,OK,ASW,CE,Combined TRACON& Tower with Radar,89,30,19,33,171,0,2,32,10,44,89,32,51,43,215,0,28,28,243
01/08/2023,OKC,OK,ASW,CE,Combined TRACON& Tower with Radar,106,18,12,40,176,0,1,19,5,25,106,19,31,45,201,0,46,46,247
01/09/2023,OKC,OK,ASW,CE,Combined TRACON& Tower with Radar,124,24,16,64,228,0,2,28,30,60,124,26,44,94,288,0,38,38,326
01/10/2023,OKC,OK,ASW,CE,Combined TRACON& Tower with Radar,124,33,14,52,223,0,8,12,17,37,124,41,26,69,260,0,0,0,260
01/11/2023,OKC,OK,ASW,CE,Combined TRACON& Tower with Radar,121,26,19,106,272,0,4,17,25,46,121,30,36,131,318,6,76,82,400
01/12/2023,OKC,OK,ASW,CE,Combined TRACON& Tower with Radar,127,33,20,130,310,0,5,13,20,38,127,38,33,150,348,0,38,38,386
01/13/2023,OKC,OK,ASW,CE,Combined TRACON& Tower with Radar,133,34,21,81,269,0,0,20,17,37,133,34,41,98,306,0,130,130,436
01/14/2023,OKC,OK,ASW,CE,Combined TRACON& Tower with Radar,94,13,22,1,130,0,2,16,0,18,94,15,38,1,148,0,0,0,148
01/15/2023,OKC,OK,ASW,CE,Combined TRACON& Tower with Radar,103,11,2,5,121,0,1,12,0,13,103,12,14,5,134,0,0,0,134
01/16/2023,OKC,OK,ASW,CE,Combined TRACON& Tower with Radar,119,23,12,1,155,0,2,16,0,18,119,25,28,1,173,0,0,0,173
01/17/2023,OKC,OK,ASW,CE,Combined TRACON& Tower with Radar,117,31,22,96,266,0,4,14,28,46,117,35,36,124,312,0,16,16,328
01/18/2023,OKC,OK,ASW,CE,Combined TRACON& Tower with Radar,125,26,19,105,275,0,1,12,19,32,125,27,31,124,307,0,20,20,327
01/19/2023,OKC,OK,ASW,CE,Combined TRACON& Tower with Radar,133,32,16,78,259,0,6,18,29,53,133,38,34,107,312,0,20,20,332
01/20/2023,OKC,OK,ASW,CE,Combined TRACON& Tower with Radar,132,28,23,65,248,0,1,40,20,61,132,29,63,85,309,26,34,60,369
01/21/2023,OKC,OK,ASW,CE,Combined TRACON& Tower with Radar,93,17,4,5,119,0,0,12,1,13,93,17,16,6,132,0,0,0,132
01/22/2023,OKC,OK,ASW,CE,Combined TRACON& Tower with Radar,114,17,11,33,175,0,4,3,0,7,114,21,14,33,182,0,0,0,182
01/23/2023,OKC,OK,ASW,CE,Combined TRACON& Tower with Radar,122,28,32,89,271,0,10,20,30,60,122,38,52,119,331,0,40,40,371
01/24/2023,OKC,OK,ASW,CE,Combined TRACON& Tower with Radar,114,21,18,0,153,0,0,0,0,0,114,21,18,0,153,0,0,0,153
01/25/2023,OKC,OK,ASW,CE,Combined TRACON& Tower with Radar,129,21,22,74,246,0,0,6,23,29,129,21,28,97,275,6,12,18,293
01/26/2023,OKC,OK,ASW,CE,Combined TRACON& Tower with Radar,126,30,46,48,250,0,6,41,36,83,126,36,87,84,333,0,8,8,341
01/27/2023,OKC,OK,ASW,CE,Combined TRACON& Tower with Radar,153,31,27,61,272,0,0,25,30,55,153,31,52,91,327,4,28,32,359
01/28/2023,OKC,OK,ASW,CE,Combined TRACON& Tower with Radar,109,11,16,9,145,0,4,12,2,18,109,15,28,11,163,0,8,8,171
01/29/2023,OKC,OK,ASW,CE,Combined TRACON& Tower with Radar,110,22,13,4,149,0,0,0,0,0,110,22,13,4,149,0,0,0,149
01/30/2023,OKC,OK,ASW,CE,Combined TRACON& Tower with Radar,117,13,16,0,146,0,0,1,0,1,117,13,17,0,147,0,0,0,147
01/31/2023,OKC,OK,ASW,CE,Combined TRACON& Tower with Radar,125,28,19,8,180,0,0,2,1,3,125,28,21,9,183,0,0,0,183
02/01/2023,OKC,OK,ASW,CE,Combined TRACON& Tower with Radar,99,20,20,15,154,0,2,12,36,50,99,22,32,51,204,6,36,42,246
02/02/2023,OKC,OK,ASW,CE,Combined TRACON& Tower with Radar,120,40,37,51,248,0,4,9,21,34,120,44,46,72,282,0,0,0,282
02/03/2023,OKC,OK,ASW,CE,Combined TRACON& Tower with Radar,128,19,32,86,265,0,2,23,39,64,128,21,55,125,329,20,44,64,393
02/04/2023,OKC,OK,ASW,CE,Combined TRACON& Tower with Radar,92,12,5,20,129,0,3,2,13,18,92,15,7,33,147,0,0,0,147
02/05/2023,OKC,OK,ASW,CE,Combined TRACON& Tower with Radar,115,16,12,27,170,0,0,14,3,17,115,16,26,30,187,0,0,0,187
02/06/2023,OKC,OK,ASW,CE,Combined TRACON& Tower with Radar,117,17,26,69,229,0,8,31,37,76,117,25,57,106,305,0,18,18,323
02/07/2023,OKC,OK,ASW,CE,Combined TRACON& Tower with Radar,116,18,19,46,199,0,0,0,13,13,116,18,19,59,212,0,18,18,230
02/08/2023,OKC,OK,ASW,CE,Combined TRACON& Tower with Radar,111,21,26,51,209,0,1,0,0,1,111,22,26,51,210,0,0,0,210
02/09/2023,OKC,OK,ASW,CE,Combined TRACON& Tower with Radar,126,35,37,75,273,0,2,19,47,68,126,37,56,122,341,0,0,0,341
02/10/2023,OKC,OK,ASW,CE,Combined TRACON& Tower with Radar,118,38,35,82,273,0,4,31,28,63,118,42,66,110,336,10,34,44,380
02/11/2023,OKC,OK,ASW,CE,Combined TRACON& Tower with Radar,106,23,19,16,164,0,0,32,2,34,106,23,51,18,198,26,0,26,224
02/12/2023,OKC,OK,ASW,CE,Combined TRACON& Tower with Radar,108,15,14,13,150,0,1,7,1,9,108,16,21,14,159,0,0,0,159
02/13/2023,OKC,OK,ASW,CE,Combined TRACON& Tower with Radar,123,28,18,88,257,0,2,16,40,58,123,30,34,128,315,0,18,18,333
02/14/2023,OKC,OK,ASW,CE,Combined TRACON& Tower with Radar,121,17,14,25,177,0,0,4,6,10,121,17,18,31,187,0,0,0,187
02/15/2023,OKC,OK,ASW,CE,Combined TRACON& Tower with Radar,125,31,22,119,297,0,0,17,49,66,125,31,39,168,363,0,94,94,457
02/16/2023,OKC,OK,ASW,CE,Combined TRACON& Tower with Radar,131,31,28,108,298,0,1,13,38,52,131,32,41,146,350,0,0,0,350
02/17/2023,OKC,OK,ASW,CE,Combined TRACON& Tower with Radar,129,26,30,58,243,0,1,22,12,35,129,27,52,70,278,0,0,0,278
02/18/2023,OKC,OK,ASW,CE,Combined TRACON& Tower with Radar,108,20,6,2,136,0,2,20,2,24,108,22,26,4,160,0,0,0,160
02/19/2023,OKC,OK,ASW,CE,Combined TRACON& Tower with Radar,113,21,12,4,150,0,2,19,0,21,113,23,31,4,171,0,0,0,171
02/20/2023,OKC,OK,ASW,CE,Combined TRACON& Tower with Radar,121,18,29,54,222,0,4,27,0,31,121,22,56,54,253,0,0,0,253
02/21/2023,OKC,OK,ASW,CE,Combined TRACON& Tower with Radar,126,33,29,65,253,0,1,20,34,55,126,34,49,99,308,0,0,0,308
02/22/2023,OKC,OK,ASW,CE,Combined TRACON& Tower with Radar,121,34,26,26,207,0,0,10,26,36,121,34,36,52,243,0,10,10,253
02/23/2023,OKC,OK,ASW,CE,Combined TRACON& Tower with Radar,139,23,28,103,293,0,9,30,35,74,139,32,58,138,367,0,0,0,367
02/24/2023,OKC,OK,ASW,CE,Combined TRACON& Tower with Radar,132,15,13,68,228,0,0,2,3,5,132,15,15,71,233,0,0,0,233
02/25/2023,OKC,OK,ASW,CE,Combined TRACON& Tower with Radar,111,10,23,3,147,0,0,0,0,0,111,10,23,3,147,0,0,0,147
02/26/2023,OKC,OK,ASW,CE,Combined TRACON& Tower with Radar,109,14,13,0,136,0,0,0,0,0,109,14,13,0,136,0,0,0,136
02/27/2023,OKC,OK,ASW,CE,Combined TRACON& Tower with Radar,124,30,27,85,266,0,0,27,32,59,124,30,54,117,325,22,12,34,359
02/28/2023,OKC,OK,ASW,CE,Combined TRACON& Tower with Radar,135,33,44,62,274,0,5,19,17,41,135,38,63,79,315,0,0,0,315
03/01/2023,OKC,OK,ASW,CE,Combined TRACON& Tower with Radar,120,36,27,101,284,0,6,24,39,69,120,42,51,140,353,18,118,136,489
03/02/2023,OKC,OK,ASW,CE,Combined TRACON& Tower with Radar,131,34,41,37,243,0,0,1,8,9,131,34,42,45,252,0,0,0,252
03/03/2023,OKC,OK,ASW,CE,Combined TRACON& Tower with Radar,130,17,28,67,242,0,0,12,21,33,130,17,40,88,275,0,0,0,275
03/04/2023,OKC,OK,ASW,CE,Combined TRACON& Tower with Radar,102,24,22,9,157,0,9,23,6,38,102,33,45,15,195,0,0,0,195
03/05/2023,OKC,OK,ASW,CE,Combined TRACON& Tower with Radar,122,11,25,21,179,0,3,18,5,26,122,14,43,26,205,0,10,10,215
03/06/2023,OKC,OK,ASW,CE,Combined TRACON& Tower with Radar,130,13,34,39,216,0,1,28,36,65,130,14,62,75,281,0,28,28,309
03/07/2023,OKC,OK,ASW,CE,Combined TRACON& Tower with Radar,127,21,29,35,212,0,2,10,18,30,127,23,39,53,242,0,10,10,252
03/08/2023,OKC,OK,ASW,CE,Combined TRACON& Tower with Radar,128,27,23,79,257,0,0,6,16,22,128,27,29,95,279,0,0,0,279
03/09/2023,OKC,OK,ASW,CE,Combined TRACON& Tower with Radar,161,37,31,72,301,0,2,0,6,8,161,39,31,78,309,0,0,0,309
03/10/2023,OKC,OK,ASW,CE,Combined TRACON& Tower with Radar,141,26,35,49,251,0,2,29,15,46,141,28,64,64,297,0,20,20,317
03/11/2023,OKC,OK,ASW,CE,Combined TRACON& Tower with Radar,105,14,28,23,170,0,0,9,0,9,105,14,37,23,179,0,0,0,179
03/12/2023,OKC,OK,ASW,CE,Combined TRACON& Tower with Radar,129,21,28,24,202,0,0,12,5,17,129,21,40,29,219,0,0,0,219
03/13/2023,OKC,OK,ASW,CE,Combined TRACON& Tower with Radar,133,9,21,44,207,0,0,13,34,47,133,9,34,78,254,0,18,18,272
03/14/2023,OKC,OK,ASW,CE,Combined TRACON& Tower with Radar,134,13,23,34,204,0,4,19,20,43,134,17,42,54,247,32,6,38,285
03/15/2023,OKC,OK,ASW,CE,Combined TRACON& Tower with Radar,135,19,8,66,228,0,2,8,31,41,135,21,16,97,269,0,40,40,309
03/16/2023,OKC,OK,ASW,CE,Combined TRACON& Tower with Radar,187,16,7,13,223,0,0,2,4,6,187,16,9,17,229,0,6,6,235
03/17/2023,OKC,OK,ASW,CE,Combined TRACON& Tower with Radar,140,20,11,34,205,0,3,11,16,30,140,23,22,50,235,0,0,0,235
03/18/2023,OKC,OK,ASW,CE,Combined TRACON& Tower with Radar,103,21,8,1,133,0,0,12,5,17,103,21,20,6,150,0,0,0,150
03/19/2023,OKC,OK,ASW,CE,Combined TRACON& Tower with Radar,130,24,25,7,186,0,2,23,8,33,130,26,48,15,219,0,10,10,229
03/20/2023,OKC,OK,ASW,CE,Combined TRACON& Tower with Radar,133,27,8,48,216,0,2,17,25,44,133,29,25,73,260,0,32,32,292
03/21/2023,OKC,OK,ASW,CE,Combined TRACON& Tower with Radar,135,23,26,48,232,0,2,0,13,15,135,25,26,61,247,0,0,0,247
03/22/2023,OKC,OK,ASW,CE,Combined TRACON& Tower with Radar,133,32,40,92,297,0,10,17,27,54,133,42,57,119,351,0,0,0,351
03/23/2023,OKC,OK,ASW,CE,Combined TRACON& Tower with Radar,140,19,21,16,196,0,0,5,3,8,140,19,26,19,204,0,0,0,204
03/24/2023,OKC,OK,ASW,CE,Combined TRACON& Tower with Radar,154,13,20,39,226,0,0,3,4,7,154,13,23,43,233,0,0,0,233
03/25/2023,OKC,OK,ASW,CE,Combined TRACON& Tower with Radar,105,18,13,28,164,0,4,27,7,38,105,22,40,35,202,0,0,0,202
03/26/2023,OKC,OK,ASW,CE,Combined TRACON& Tower with Radar,122,22,12,18,174,0,5,18,5,28,122,27,30,23,202,0,0,0,202
03/27/2023,OKC,OK,ASW,CE,Combined TRACON& Tower with Radar,133,24,29,28,214,0,6,33,18,57,133,30,62,46,271,38,0,38,309
03/28/2023,OKC,OK,ASW,CE,Combined TRACON& Tower with Radar,139,24,32,70,265,0,4,20,11,35,139,28,52,81,300,0,0,0,300
03/29/2023,OKC,OK,ASW,CE,Combined TRACON& Tower with Radar,128,29,25,48,230,0,4,33,37,74,128,33,58,85,304,24,10,34,338
03/30/2023,OKC,OK,ASW,CE,Combined TRACON& Tower with Radar,140,27,28,83,278,0,2,7,10,19,140,29,35,93,297,0,0,0,297
03/31/2023,OKC,OK,ASW,CE,Combined TRACON& Tower with Radar,135,15,16,2,168,0,0,8,3,11,135,15,24,5,179,0,0,0,179
04/01/2023,OKC,OK,ASW,CE,Combined TRACON& Tower with Radar,102,20,12,21,155,0,2,29,22,53,102,22,41,43,208,0,0,0,208
04/02/2023,OKC,OK,ASW,CE,Combined TRACON& Tower with Radar,133,14,6,43,196,0,3,10,4,17,133,17,16,47,213,0,10,10,223
04/03/2023,OKC,OK,ASW,CE,Combined TRACON& Tower with Radar,131,29,29,134,323,0,7,17,35,59,131,36,46,169,382,0,50,50,432
04/04/2023,OKC,OK,ASW,CE,Combined TRACON& Tower with Radar,137,21,23,55,236,0,5,11,16,32,137,26,34,71,268,0,60,60,328
04/05/2023,OKC,OK,ASW,CE,Combined TRACON& Tower with Radar,135,29,21,89,274,0,8,15,21,44,135,37,36,110,318,12,80,92,410
04/06/2023,OKC,OK,ASW,CE,Combined TRACON& Tower with Radar,139,24,47,89,299,0,9,16,20,45,139,33,63,109,344,0,18,18,362
04/07/2023,OKC,OK,ASW,CE,Combined TRACON& Tower with Radar,141,20,17,69,247,0,5,17,12,34,141,25,34,81,281,0,0,0,281
04/08/2023,OKC,OK,ASW,CE,Combined TRACON& Tower with Radar,104,6,8,17,135,0,7,21,4,32,104,13,29,21,167,0,0,0,167
04/09/2023,OKC,OK,ASW,CE,Combined TRACON& Tower with Radar,125,14,9,6,154,0,1,5,1,7,125,15,14,7,161,0,0,0,161
04/10/2023,OKC,OK,ASW,CE,Combined TRACON& Tower with Radar,134,15,32,67,248,0,4,9,23,36,134,19,41,90,284,8,46,54,338
04/11/2023,OKC,OK,ASW,CE,Combined TRACON& Tower with Radar,140,20,30,48,238,0,2,19,28,49,140,22,49,76,287,0,46,46,333
04/12/2023,OKC,OK,ASW,CE,Combined TRACON& Tower with Radar,138,18,41,58,255,0,8,13,27,48,138,26,54,85,303,0,0,0,303
04/13/2023,OKC,OK,ASW,CE,Combined TRACON& Tower with Radar,141,23,33,31,228,0,7,22,31,60,141,30,55,62,288,6,12,18,306
04/14/2023,OKC,OK,ASW,CE,Combined TRACON& Tower with Radar,135,33,22,51,241,0,4,12,14,30,135,37,34,65,271,28,24,52,323
04/15/2023,OKC,OK,ASW,CE,Combined TRACON& Tower with Radar,116,16,17,9,158,0,1,30,0,31,116,17,47,9,189,0,0,0,189
04/16/2023,OKC,OK,ASW,CE,Combined TRACON& Tower with Radar,129,24,21,17,191,0,1,16,7,24,129,25,37,24,215,0,0,0,215
04/17/2023,OKC,OK,ASW,CE,Combined TRACON& Tower with Radar,135,16,30,70,251,0,0,21,24,45,135,16,51,94,296,10,12,22,318
04/18/2023,OKC,OK,ASW,CE,Combined TRACON& Tower with Radar,133,22,29,116,300,0,0,14,16,30,133,22,43,132,330,0,62,62,392
04/19/2023,OKC,OK,ASW,CE,Combined TRACON& Tower with Radar,125,29,25,25,204,0,2,3,9,14,125,31,28,34,218,0,0,0,218
04/20/2023,OKC,OK,ASW,CE,Combined TRACON& Tower with Radar,180,34,38,64,316,0,8,22,24,54,180,42,60,88,370,22,20,42,412
04/21/2023,OKC,OK,ASW,CE,Combined TRACON& Tower with Radar,149,31,24,52,256,0,6,21,5,32,149,37,45,57,288,10,2,12,300
04/22/2023,OKC,OK,ASW,CE,Combined TRACON& Tower with Radar,118,19,19,4,160,0,1,14,5,20,118,20,33,9,180,0,0,0,180
04/23/2023,OKC,OK,ASW,CE,Combined TRACON& Tower with Radar,128,18,14,18,178,0,0,9,0,9,128,18,23,18,187,4,0,4,191
04/24/2023,OKC,OK,ASW,CE,Combined TRACON& Tower with Radar,134,18,37,62,251,0,4,9,16,29,134,22,46,78,280,30,24,54,334
04/25/2023,OKC,OK,ASW,CE,Combined TRACON& Tower with Radar,134,19,29,12,194,0,0,0,6,6,134,19,29,18,200,0,0,0,200
04/26/2023,OKC,OK,ASW,CE,Combined TRACON& Tower with Radar,132,21,11,30,194,0,0,0,0,0,132,21,11,30,194,0,0,0,194
04/27/2023,OKC,OK,ASW,CE,Combined TRACON& Tower with Radar,141,22,43,86,292,0,2,4,4,10,141,24,47,90,302,0,20,20,322
04/28/2023,OKC,OK,ASW,CE,Combined TRACON& Tower with Radar,140,17,41,29,227,0,1,5,7,13,140,18,46,36,240,0,16,16,256
04/29/2023,OKC,OK,ASW,CE,Combined TRACON& Tower with Radar,154,12,20,1,187,0,7,30,4,41,154,19,50,5,228,26,4,30,258
04/30/2023,OKC,OK,ASW,CE,Combined TRACON& Tower with Radar,143,16,23,6,188,0,0,23,3,26,143,16,46,9,214,0,0,0,214
05/01/2023,OKC,OK,ASW,CE,Combined TRACON& Tower with Radar,163,18,24,41,246,0,9,13,26,48,163,27,37,67,294,16,94,110,404
05/02/2023,OKC,OK,ASW,CE,Combined TRACON& Tower with Radar,128,26,21,52,227,0,9,21,29,59,128,35,42,81,286,0,0,0,286
05/03/2023,OKC,OK,ASW,CE,Combined TRACON& Tower with Radar,131,27,32,32,222,0,3,20,18,41,131,30,52,50,263,0,18,18,281
05/04/2023,OKC,OK,ASW,CE,Combined TRACON& Tower with Radar,147,22,15,6,190,0,0,3,8,11,147,22,18,14,201,0,0,0,201
05/05/2023,OKC,OK,ASW,CE,Combined TRACON& Tower with Radar,149,15,19,37,220,0,2,13,19,34,149,17,32,56,254,0,0,0,254
05/06/2023,OKC,OK,ASW,CE,Combined TRACON& Tower with Radar,136,15,16,28,195,0,1,19,7,27,136,16,35,35,222,0,0,0,222
05/07/2023,OKC,OK,ASW,CE,Combined TRACON& Tower with Radar,135,30,13,0,178,0,0,17,3,20,135,30,30,3,198,0,0,0,198
05/08/2023,OKC,OK,ASW,CE,Combined TRACON& Tower with Radar,136,17,27,83,263,0,2,25,30,57,136,19,52,113,320,0,0,0,320
05/09/2023,OKC,OK,ASW,CE,Combined TRACON& Tower with Radar,135,32,27,64,258,0,3,14,16,33,135,35,41,80,291,32,8,40,331
05/10/2023,OKC,OK,ASW,CE,Combined TRACON& Tower with Radar,135,30,30,33,228,0,2,13,19,34,135,32,43,52,262,0,16,16,278
05/11/2023,OKC,OK,ASW,CE,Combined TRACON& Tower with Radar,150,27,19,13,209,0,1,6,1,8,150,28,25,14,217,0,0,0,217
05/12/2023,OKC,OK,ASW,CE,Combined TRACON& Tower with Radar,141,31,34,57,263,0,3,6,6,15,141,34,40,63,278,0,12,12,290
05/13/2023,OKC,OK,ASW,CE,Combined TRACON& Tower with Radar,124,12,12,22,170,0,0,2,0,2,124,12,14,22,172,0,20,20,192
05/14/2023,OKC,OK,ASW,CE,Combined TRACON& Tower with Radar,128,11,11,12,162,0,0,2,0,2,128,11,13,12,164,0,0,0,164
05/15/2023,OKC,OK,ASW,CE,Combined TRACON& Tower with Radar,137,20,23,67,247,0,0,0,9,9,137,20,23,76,256,0,12,12,268
05/16/2023,OKC,OK,ASW,CE,Combined TRACON& Tower with Radar,138,26,31,109,304,0,2,16,28,46,138,28,47,137,350,0,114,114,464
05/17/2023,OKC,OK,ASW,CE,Combined TRACON& Tower with Radar,134,21,23,112,290,0,7,29,38,74,134,28,52,150,364,0,6,6,370
05/18/2023,OKC,OK,ASW,CE,Combined TRACON& Tower with Radar,134,35,36,76,281,0,2,16,26,44,134,37,52,102,325,8,26,34,359
05/19/2023,OKC,OK,ASW,CE,Combined TRACON& Tower with Radar,156,22,22,45,245,0,0,4,10,14,156,22,26,55,259,0,4,4,263
05/20/2023,OKC,OK,ASW,CE,Combined TRACON& Tower with Radar,128,11,14,6,159,0,3,26,4,33,128,14,40,10,192,0,10,10,202
05/21/2023,OKC,OK,ASW,CE,Combined TRACON& Tower with Radar,132,19,13,13,177,0,0,19,1,20,132,19,32,14,197,0,0,0,197
05/22/2023,OKC,OK,ASW,CE,Combined TRACON& Tower with Radar,133,23,22,97,275,0,2,23,20,45,133,25,45,117,320,0,62,62,382
05/23/2023,OKC,OK,ASW,CE,Combined TRACON& Tower with Radar,133,22,21,35,211,0,1,9,11,21,133,23,30,46,232,24,6,30,262
05/24/2023,OKC,OK,ASW,CE,Combined TRACON& Tower with Radar,135,27,32,57,251,0,7,16,26,49,135,34,48,83,300,38,6,44,344
05/25/2023,OKC,OK,ASW,CE,Combined TRACON& Tower with Radar,141,25,31,37,234,0,2,14,15,31,141,27,45,52,265,0,0,0,265
05/26/2023,OKC,OK,ASW,CE,Combined TRACON& Tower with Radar,134,23,21,0,178,0,0,26,0,26,134,23,47,0,204,10,0,10,214
05/27/2023,OKC,OK,ASW,CE,Combined TRACON& Tower with Radar,122,13,15,1,151,0,1,10,0,11,122,14,25,1,162,0,0,0,162
05/28/2023,OKC,OK,ASW,CE,Combined TRACON& Tower with Radar,127,18,6,0,151,0,2,6,0,8,127,20,12,0,159,0,0,0,159
05/29/2023,OKC,OK,ASW,CE,Combined TRACON& Tower with Radar,127,20,9,0,156,0,2,8,0,10,127,22,17,0,166,0,0,0,166
05/30/2023,OKC,OK,ASW,CE,Combined TRACON& Tower with Radar,142,22,25,77,266,0,1,22,22,45,142,23,47,99,311,12,0,12,323
05/31/2023,OKC,OK,ASW,CE,Combined TRACON& Tower with Radar,136,23,40,58,257,0,3,32,34,69,136,26,72,92,326,28,44,72,398
06/01/2023,OKC,OK,ASW,CE,Combined TRACON& Tower with Radar,141,26,28,45,240,0,0,17,19,36,141,26,45,64,276,0,0,0,276
06/02/2023,OKC,OK,ASW,CE,Combined TRACON& Tower with Radar,134,25,21,37,217,0,5,11,32,48,134,30,32,69,265,0,22,22,287
06/03/2023,OKC,OK,ASW,CE,Combined TRACON& Tower with Radar,143,35,29,0,207,0,0,8,0,8,143,35,37,0,215,0,0,0,215
06/04/2023,OKC,OK,ASW,CE,Combined TRACON& Tower with Radar,142,21,21,14,198,0,0,7,1,8,142,21,28,15,206,0,0,0,206
06/05/2023,OKC,OK,ASW,CE,Combined TRACON& Tower with Radar,141,35,32,47,255,1,8,11,41,61,142,43,43,88,316,0,0,0,316
06/06/2023,OKC,OK,ASW,CE,Combined TRACON& Tower with Radar,153,29,24,62,268,0,2,18,31,51,153,31,42,93,319,4,28,32,351
06/07/2023,OKC,OK,ASW,CE,Combined TRACON& Tower with Radar,145,35,21,49,250,0,6,26,35,67,145,41,47,84,317,10,14,24,341
06/08/2023,OKC,OK,ASW,CE,Combined TRACON& Tower with Radar,145,38,29,92,304,0,1,11,34,46,145,39,40,126,350,0,0,0,350
06/09/2023,OKC,OK,ASW,CE,Combined TRACON& Tower with Radar,155,17,24,88,284,0,9,25,18,52,155,26,49,106,336,0,4,4,340
06/10/2023,OKC,OK,ASW,CE,Combined TRACON& Tower with Radar,128,17,9,1,155,0,2,13,3,18,128,19,22,4,173,0,0,0,173
06/11/2023,OKC,OK,ASW,CE,Combined TRACON& Tower with Radar,180,21,29,18,248,0,6,26,8,40,180,27,55,26,288,0,0,0,288
06/12/2023,OKC,OK,ASW,CE,Combined TRACON& Tower with Radar,143,19,30,14,206,1,0,0,3,4,144,19,30,17,210,0,0,0,210
06/13/2023,OKC,OK,ASW,CE,Combined TRACON& Tower with Radar,147,25,39,56,267,0,3,6,21,30,147,28,45,77,297,0,0,0,297
06/14/2023,OKC,OK,ASW,CE,Combined TRACON& Tower with Radar,137,27,32,52,248,0,6,19,26,51,137,33,51,78,299,0,0,0,299
06/15/2023,OKC,OK,ASW,CE,Combined TRACON& Tower with Radar,144,25,20,14,203,0,6,21,15,42,144,31,41,29,245,0,0,0,245
06/16/2023,OKC,OK,ASW,CE,Combined TRACON& Tower with Radar,142,29,32,44,247,0,5,19,8,32,142,34,51,52,279,0,0,0,279
06/17/2023,OKC,OK,ASW,CE,Combined TRACON& Tower with Radar,127,15,18,0,160,0,1,24,2,27,127,16,42,2,187,0,0,0,187
06/18/2023,OKC,OK,ASW,CE,Combined TRACON& Tower with Radar,146,28,12,3,189,0,3,6,3,12,146,31,18,6,201,0,0,0,201
06/19/2023,OKC,OK,ASW,CE,Combined TRACON& Tower with Radar,132,24,39,11,206,0,2,29,0,31,132,26,68,11,237,0,0,0,237
06/20/2023,OKC,OK,ASW,CE,Combined TRACON& Tower with Radar,143,21,36,24,224,0,6,20,24,50,143,27,56,48,274,0,0,0,274
06/21/2023,OKC,OK,ASW,CE,Combined TRACON& Tower with Radar,158,22,38,51,269,0,1,14,17,32,158,23,52,68,301,0,0,0,301
06/22/2023,OKC,OK,ASW,CE,Combined TRACON& Tower with Radar,147,29,33,87,296,0,1,21,20,42,147,30,54,107,338,0,0,0,338
06/23/2023,OKC,OK,ASW,CE,Combined TRACON& Tower with Radar,146,36,15,25,222,0,4,24,14,42,146,40,39,39,264,0,0,0,264
06/24/2023,OKC,OK,ASW,CE,Combined TRACON& Tower with Radar,126,17,26,2,171,0,2,18,2,22,126,19,44,4,193,10,0,10,203
06/25/2023,OKC,OK,ASW,CE,Combined TRACON& Tower with Radar,131,21,15,17,184,0,3,10,8,21,131,24,25,25,205,0,0,0,205
06/26/2023,OKC,OK,ASW,CE,Combined TRACON& Tower with Radar,139,14,18,62,233,0,0,19,15,34,139,14,37,77,267,0,12,12,279
06/27/2023,OKC,OK,ASW,CE,Combined TRACON& Tower with Radar,138,28,29,58,253,0,2,15,24,41,138,30,44,82,294,6,8,14,308
06/28/2023,OKC,OK,ASW,CE,Combined TRACON& Tower with Radar,135,37,33,68,273,0,1,33,23,57,135,38,66,91,330,0,0,0,330
06/29/2023,OKC,OK,ASW,CE,Combined TRACON& Tower with Radar,140,36,26,118,320,0,1,17,25,43,140,37,43,143,363,6,26,32,395
06/30/2023,OKC,OK,ASW,CE,Combined TRACON& Tower with Radar,132,29,22,21,204,0,2,21,11,34,132,31,43,32,238,0,0,0,238
07/01/2023,OKC,OK,ASW,CE,Combined TRACON& Tower with Radar,132,15,6,5,158,0,0,12,2,14,132,15,18,7,172,0,0,0,172
07/02/2023,OKC,OK,ASW,CE,Combined TRACON& Tower with Radar,138,10,9,1,158,0,3,30,4,37,138,13,39,5,195,0,0,0,195
07/03/2023,OKC,OK,ASW,CE,Combined TRACON& Tower with Radar,122,15,5,2,144,0,0,19,5,24,122,15,24,7,168,0,0,0,168
07/04/2023,OKC,OK,ASW,CE,Combined TRACON& Tower with Radar,103,13,5,1,122,0,0,15,2,17,103,13,20,3,139,0,0,0,139
07/05/2023,OKC,OK,ASW,CE,Combined TRACON& Tower with Radar,129,22,12,62,225,0,0,15,8,23,129,22,27,70,248,8,24,32,280
07/06/2023,OKC,OK,ASW,CE,Combined TRACON& Tower with Radar,163,23,27,35,248,0,1,20,13,34,163,24,47,48,282,0,0,0,282
07/07/2023,OKC,OK,ASW,CE,Combined TRACON& Tower with Radar,133,17,19,48,217,0,2,9,3,14,133,19,28,51,231,0,34,34,265
07/08/2023,OKC,OK,ASW,CE,Combined TRACON& Tower with Radar,138,26,7,17,188,0,4,21,8,33,138,30,28,25,221,0,0,0,221
07/09/2023,OKC,OK,ASW,CE,Combined TRACON& Tower with Radar,143,32,16,20,211,0,2,9,0,11,143,34,25,20,222,0,0,0,222
07/10/2023,OKC,OK,ASW,CE,Combined TRACON& Tower with Radar,136,25,20,49,230,0,5,10,17,32,136,30,30,66,262,0,0,0,262
07/11/2023,OKC,OK,ASW,CE,Combined TRACON& Tower with Radar,140,25,21,82,268,0,5,13,27,45,140,30,34,109,313,0,22,22,335
07/12/2023,OKC,OK,ASW,CE,Combined TRACON& Tower with Radar,136,32,39,70,277,0,3,23,25,51,136,35,62,95,328,34,2,36,364
07/13/2023,OKC,OK,ASW,CE,Combined TRACON& Tower with Radar,149,41,35,87,312,0,0,11,34,45,149,41,46,121,357,0,0,0,357
07/14/2023,OKC,OK,ASW,CE,Combined TRACON& Tower with Radar,150,19,25,65,259,0,1,7,19,27,150,20,32,84,286,0,26,26,312
07/15/2023,OKC,OK,ASW,CE,Combined TRACON& Tower with Radar,131,15,7,4,157,0,3,11,2,16,131,18,18,6,173,20,0,20,193
07/16/2023,OKC,OK,ASW,CE,Combined TRACON& Tower with Radar,136,16,9,6,167,0,1,13,0,14,136,17,22,6,181,0,0,0,181
07/17/2023,OKC,OK,ASW,CE,Combined TRACON& Tower with Radar,146,17,17,105,285,0,8,32,19,59,146,25,49,124,344,0,18,18,362
07/18/2023,OKC,OK,ASW,CE,Combined TRACON& Tower with Radar,138,26,29,91,284,0,2,23,29,54,138,28,52,120,338,0,0,0,338
07/19/2023,OKC,OK,ASW,CE,Combined TRACON& Tower with Radar,141,26,11,69,247,0,5,24,32,61,141,31,35,101,308,0,0,0,308
07/20/2023,OKC,OK,ASW,CE,Combined TRACON& Tower with Radar,144,44,34,34,256,0,4,25,22,51,144,48,59,56,307,0,0,0,307
07/21/2023,OKC,OK,ASW,CE,Combined TRACON& Tower with Radar,148,24,37,36,245,0,2,13,22,37,148,26,50,58,282,0,4,4,286
07/22/2023,OKC,OK,ASW,CE,Combined TRACON& Tower with Radar,130,22,22,6,180,0,4,12,4,20,130,26,34,10,200,0,0,0,200
07/23/2023,OKC,OK,ASW,CE,Combined TRACON& Tower with Radar,134,24,26,6,190,0,0,14,4,18,134,24,40,10,208,0,0,0,208
07/24/2023,OKC,OK,ASW,CE,Combined TRACON& Tower with Radar,135,24,20,27,206,0,2,24,19,45,135,26,44,46,251,0,0,0,251
07/25/2023,OKC,OK,ASW,CE,Combined TRACON& Tower with Radar,149,43,18,27,237,0,2,14,22,38,149,45,32,49,275,10,8,18,293
07/26/2023,OKC,OK,ASW,CE,Combined TRACON& Tower with Radar,163,24,27,10,224,0,5,17,20,42,163,29,44,30,266,0,0,0,266
07/27/2023,OKC,OK,ASW,CE,Combined TRACON& Tower with Radar,165,27,21,70,283,0,6,27,30,63,165,33,48,100,346,12,36,48,394
07/28/2023,OKC,OK,ASW,CE,Combined TRACON& Tower with Radar,139,18,20,38,215,0,0,20,9,29,139,18,40,47,244,0,8,8,252
07/29/2023,OKC,OK,ASW,CE,Combined TRACON& Tower with Radar,131,11,16,2,160,0,0,18,4,22,131,11,34,6,182,0,0,0,182
07/30/2023,OKC,OK,ASW,CE,Combined TRACON& Tower with Radar,141,20,19,10,190,0,2,16,0,18,141,22,35,10,208,0,0,0,208
07/31/2023,OKC,OK,ASW,CE,Combined TRACON& Tower with Radar,141,21,13,31,206,0,0,23,19,42,141,21,36,50,248,0,0,0,248
08/01/2023,OKC,OK,ASW,CE,Combined TRACON& Tower with Radar,142,23,12,25,202,0,8,14,20,42,142,31,26,45,244,0,0,0,244
08/02/2023,OKC,OK,ASW,CE,Combined TRACON& Tower with Radar,135,20,19,63,237,0,4,17,23,44,135,24,36,86,281,4,12,16,297
08/03/2023,OKC,OK,ASW,CE,Combined TRACON& Tower with Radar,143,24,22,29,218,0,3,7,26,36,143,27,29,55,254,0,8,8,262
08/04/2023,OKC,OK,ASW,CE,Combined TRACON& Tower with Radar,147,30,15,38,230,0,3,18,15,36,147,33,33,53,266,0,0,0,266
08/05/2023,OKC,OK,ASW,CE,Combined TRACON& Tower with Radar,137,20,4,11,172,0,0,7,6,13,137,20,11,17,185,0,8,8,193
08/06/2023,OKC,OK,ASW,CE,Combined TRACON& Tower with Radar,132,12,27,11,182,0,0,15,7,22,132,12,42,18,204,0,0,0,204
08/07/2023,OKC,OK,ASW,CE,Combined TRACON& Tower with Radar,141,24,13,16,194,0,4,14,29,47,141,28,27,45,241,18,4,22,263
08/08/2023,OKC,OK,ASW,CE,Combined TRACON& Tower with Radar,149,23,26,72,270,0,4,15,30,49,149,27,41,102,319,0,4,4,323
08/09/2023,OKC,OK,ASW,CE,Combined TRACON& Tower with Radar,149,24,35,53,261,0,6,15,20,41,149,30,50,73,302,0,0,0,302
08/10/2023,OKC,OK,ASW,CE,Combined TRACON& Tower with Radar,144,22,24,53,243,0,0,20,28,48,144,22,44,81,291,24,10,34,325
08/11/2023,OKC,OK,ASW,CE,Combined TRACON& Tower with Radar,139,24,21,19,203,0,0,22,12,34,139,24,43,31,237,0,0,0,237
08/12/2023,OKC,OK,ASW,CE,Combined TRACON& Tower with Radar,130,15,9,0,154,0,0,2,0,2,130,15,11,0,156,0,0,0,156
08/13/2023,OKC,OK,ASW,CE,Combined TRACON& Tower with Radar,138,23,12,8,181,0,1,9,2,12,138,24,21,10,193,0,6,6,199
08/14/2023,OKC,OK,ASW,CE,Combined TRACON& Tower with Radar,136,21,22,19,198,0,4,12,17,33,136,25,34,36,231,0,0,0,231
08/15/2023,OKC,OK,ASW,CE,Combined TRACON& Tower with Radar,148,32,23,44,247,0,2,20,31,53,148,34,43,75,300,0,0,0,300
08/16/2023,OKC,OK,ASW,CE,Combined TRACON& Tower with Radar,146,22,26,72,266,0,2,17,37,56,146,24,43,109,322,0,10,10,332
08/17/2023,OKC,OK,ASW,CE,Combined TRACON& Tower with Radar,147,38,29,34,248,0,4,12,27,43,147,42,41,61,291,0,0,0,291
08/18/2023,OKC,OK,ASW,CE,Combined TRACON& Tower with Radar,142,18,27,35,222,0,2,28,14,44,142,20,55,49,266,0,0,0,266
08/19/2023,OKC,OK,ASW,CE,Combined TRACON& Tower with Radar,126,15,10,22,173,0,4,21,8,33,126,19,31,30,206,34,0,34,240
08/20/2023,OKC,OK,ASW,CE,Combined TRACON& Tower with Radar,138,14,12,15,179,0,2,23,9,34,138,16,35,24,213,0,0,0,213
08/21/2023,OKC,OK,ASW,CE,Combined TRACON& Tower with Radar,143,23,40,49,255,0,1,18,16,35,143,24,58,65,290,0,0,0,290
08/22/2023,OKC,OK,ASW,CE,Combined TRACON& Tower with Radar,147,19,29,72,267,0,1,24,16,41,147,20,53,88,308,0,0,0,308
08/23/2023,OKC,OK,ASW,CE,Combined TRACON& Tower with Radar,143,21,27,43,234,0,5,9,20,34,143,26,36,63,268,0,0,0,268
08/24/2023,OKC,OK,ASW,CE,Combined TRACON& Tower with Radar,148,22,30,36,236,0,5,17,21,43,148,27,47,57,279,0,0,0,279
08/25/2023,OKC,OK,ASW,CE,Combined TRACON& Tower with Radar,142,20,12,57,231,0,2,30,16,48,142,22,42,73,279,0,0,0,279
08/26/2023,OKC,OK,ASW,CE,Combined TRACON& Tower with Radar,126,13,12,14,165,0,2,13,5,20,126,15,25,19,185,0,14,14,199
08/27/2023,OKC,OK,ASW,CE,Combined TRACON& Tower with Radar,163,12,16,8,199,0,1,7,0,8,163,13,23,8,207,0,0,0,207
08/28/2023,OKC,OK,ASW,CE,Combined TRACON& Tower with Radar,138,34,19,92,283,0,2,18,22,42,138,36,37,114,325,0,8,8,333
08/29/2023,OKC,OK,ASW,CE,Combined TRACON& Tower with Radar,144,24,21,59,248,0,2,10,24,36,144,26,31,83,284,0,12,12,296
08/30/2023,OKC,OK,ASW,CE,Combined TRACON& Tower with Radar,150,33,35,49,267,0,5,30,29,64,150,38,65,78,331,2,4,6,337
08/31/2023,OKC,OK,ASW,CE,Combined TRACON& Tower with Radar,152,20,33,52,257,0,6,32,33,71,152,26,65,85,328,0,4,4,332
01/01/2020,OKC,OK,ASW,CE,Combined TRACON& Tower with Radar,122,11,9,0,142,0,5,4,0,9,122,16,13,0,151,0,0,0,151
01/02/2020,OKC,OK,ASW,CE,Combined TRACON& Tower with Radar,155,18,34,0,207,0,2,11,1,14,155,20,45,1,221,0,0,0,221
01/03/2020,OKC,OK,ASW,CE,Combined TRACON& Tower with Radar,151,18,21,35,225,0,7,8,11,26,151,25,29,46,251,6,80,86,337
01/04/2020,OKC,OK,ASW,CE,Combined TRACON& Tower with Radar,123,27,29,7,186,0,5,10,2,17,123,32,39,9,203,0,0,0,203
01/05/2020,OKC,OK,ASW,CE,Combined TRACON& Tower with Radar,154,9,23,3,189,0,7,11,5,23,154,16,34,8,212,0,0,0,212
01/06/2020,OKC,OK,ASW,CE,Combined TRACON& Tower with Radar,141,10,21,56,228,0,6,32,21,59,141,16,53,77,287,16,104,120,407
01/07/2020,OKC,OK,ASW,CE,Combined TRACON& Tower with Radar,151,14,21,71,257,0,12,26,16,54,151,26,47,87,311,0,32,32,343
01/08/2020,OKC,OK,ASW,CE,Combined TRACON& Tower with Radar,148,22,35,78,283,0,11,19,14,44,148,33,54,92,327,0,146,146,473
01/09/2020,OKC,OK,ASW,CE,Combined TRACON& Tower with Radar,151,28,30,82,291,0,7,8,7,22,151,35,38,89,313,0,20,20,333
01/10/2020,OKC,OK,ASW,CE,Combined TRACON& Tower with Radar,143,21,22,16,202,0,1,0,0,1,143,22,22,16,203,0,0,0,203
01/11/2020,OKC,OK,ASW,CE,Combined TRACON& Tower with Radar,91,16,6,0,113,0,3,4,4,11,91,19,10,4,124,0,0,0,124
01/12/2020,OKC,OK,ASW,CE,Combined TRACON& Tower with Radar,142,19,17,10,188,0,4,13,6,23,142,23,30,16,211,0,14,14,225
01/13/2020,OKC,OK,ASW,CE,Combined TRACON& Tower with Radar,138,16,34,24,212,0,0,0,1,1,138,16,34,25,213,0,0,0,213
01/14/2020,OKC,OK,ASW,CE,Combined TRACON& Tower with Radar,137,33,41,74,285,0,3,16,8,27,137,36,57,82,312,4,2,6,318
01/15/2020,OKC,OK,ASW,CE,Combined TRACON& Tower with Radar,148,37,51,129,365,0,5,24,9,38,148,42,75,138,403,0,84,84,487
01/16/2020,OKC,OK,ASW,CE,Combined TRACON& Tower with Radar,152,28,31,3,214,0,4,16,3,23,152,32,47,6,237,0,36,36,273
01/17/2020,OKC,OK,ASW,CE,Combined TRACON& Tower with Radar,142,30,19,34,225,0,0,0,0,0,142,30,19,34,225,0,0,0,225
01/18/2020,OKC,OK,ASW,CE,Combined TRACON& Tower with Radar,95,26,10,2,133,0,10,11,4,25,95,36,21,6,158,0,0,0,158
01/19/2020,OKC,OK,ASW,CE,Combined TRACON& Tower with Radar,133,19,38,0,190,0,4,17,2,23,133,23,55,2,213,8,0,8,221
01/20/2020,OKC,OK,ASW,CE,Combined TRACON& Tower with Radar,130,25,37,18,210,0,3,18,22,43,130,28,55,40,253,0,52,52,305
01/21/2020,OKC,OK,ASW,CE,Combined TRACON& Tower with Radar,138,32,49,83,302,0,7,35,9,51,138,39,84,92,353,0,120,120,473
01/22/2020,OKC,OK,ASW,CE,Combined TRACON& Tower with Radar,143,26,27,8,204,0,0,0,0,0,143,26,27,8,204,0,0,0,204
01/23/2020,OKC,OK,ASW,CE,Combined TRACON& Tower with Radar,150,29,41,169,389,0,0,20,20,40,150,29,61,189,429,0,124,124,553
01/24/2020,OKC,OK,ASW,CE,Combined TRACON& Tower with Radar,146,25,49,172,392,0,7,41,6,54,146,32,90,178,446,0,194,194,640
01/25/2020,OKC,OK,ASW,CE,Combined TRACON& Tower with Radar,91,20,19,15,145,0,10,16,6,32,91,30,35,21,177,0,0,0,177
01/26/2020,OKC,OK,ASW,CE,Combined TRACON& Tower with Radar,135,14,29,30,208,0,11,18,3,32,135,25,47,33,240,48,0,48,288
01/27/2020,OKC,OK,ASW,CE,Combined TRACON& Tower with Radar,156,16,36,98,306,0,8,22,69,99,156,24,58,167,405,4,138,142,547
01/28/2020,OKC,OK,ASW,CE,Combined TRACON& Tower with Radar,136,25,29,1,191,0,1,0,0,1,136,26,29,1,192,0,0,0,192
01/29/2020,OKC,OK,ASW,CE,Combined TRACON& Tower with Radar,138,29,35,86,288,0,0,9,2,11,138,29,44,88,299,0,10,10,309
01/30/2020,OKC,OK,ASW,CE,Combined TRACON& Tower with Radar,146,29,41,161,377,0,3,15,4,22,146,32,56,165,399,12,106,118,517
01/31/2020,OKC,OK,ASW,CE,Combined TRACON& Tower with Radar,154,25,41,127,347,0,5,30,12,47,154,30,71,139,394,8,94,102,496
02/01/2020,OKC,OK,ASW,CE,Combined TRACON& Tower with Radar,97,22,22,40,181,0,6,15,12,33,97,28,37,52,214,0,0,0,214
02/02/2020,OKC,OK,ASW,CE,Combined TRACON& Tower with Radar,129,15,21,24,189,0,15,12,3,30,129,30,33,27,219,0,0,0,219
02/03/2020,OKC,OK,ASW,CE,Combined TRACON& Tower with Radar,135,28,30,93,286,0,6,35,9,50,135,34,65,102,336,6,44,50,386
02/04/2020,OKC,OK,ASW,CE,Combined TRACON& Tower with Radar,137,25,38,7,207,0,1,0,0,1,137,26,38,7,208,0,0,0,208
02/05/2020,OKC,OK,ASW,CE,Combined TRACON& Tower with Radar,123,14,14,5,156,0,1,0,0,1,123,15,14,5,157,0,0,0,157
02/06/2020,OKC,OK,ASW,CE,Combined TRACON& Tower with Radar,141,47,33,42,263,0,11,28,24,63,141,58,61,66,326,0,24,24,350
02/07/2020,OKC,OK,ASW,CE,Combined TRACON& Tower with Radar,147,22,37,90,296,1,9,36,8,54,148,31,73,98,350,26,70,96,446
02/08/2020,OKC,OK,ASW,CE,Combined TRACON& Tower with Radar,95,19,34,28,176,0,9,10,11,30,95,28,44,39,206,0,28,28,234
02/09/2020,OKC,OK,ASW,CE,Combined TRACON& Tower with Radar,130,18,23,32,203,0,3,6,3,12,130,21,29,35,215,10,34,44,259
02/10/2020,OKC,OK,ASW,CE,Combined TRACON& Tower with Radar,140,19,27,91,277,0,3,11,5,19,140,22,38,96,296,0,80,80,376
02/11/2020,OKC,OK,ASW,CE,Combined TRACON& Tower with Radar,149,26,32,134,341,0,4,27,2,33,149,30,59,136,374,0,30,30,404
02/12/2020,OKC,OK,ASW,CE,Combined TRACON& Tower with Radar,144,24,19,50,237,0,0,0,3,3,144,24,19,53,240,0,0,0,240
02/13/2020,OKC,OK,ASW,CE,Combined TRACON& Tower with Radar,156,22,36,121,335,0,3,22,11,36,156,25,58,132,371,0,130,130,501
02/14/2020,OKC,OK,ASW,CE,Combined TRACON& Tower with Radar,149,23,29,65,266,0,12,17,9,38,149,35,46,74,304,18,66,84,388
02/15/2020,OKC,OK,ASW,CE,Combined TRACON& Tower with Radar,100,9,10,1,120,0,14,14,7,35,100,23,24,8,155,0,0,0,155
02/16/2020,OKC,OK,ASW,CE,Combined TRACON& Tower with Radar,122,14,21,0,157,0,1,3,0,4,122,15,24,0,161,12,20,32,193
02/17/2020,OKC,OK,ASW,CE,Combined TRACON& Tower with Radar,132,26,30,36,224,0,2,5,0,7,132,28,35,36,231,30,36,66,297
02/18/2020,OKC,OK,ASW,CE,Combined TRACON& Tower with Radar,140,43,51,175,409,0,8,22,18,48,140,51,73,193,457,18,214,232,689
02/19/2020,OKC,OK,ASW,CE,Combined TRACON& Tower with Radar,139,28,37,190,394,0,5,26,24,55,139,33,63,214,449,4,266,270,719
02/20/2020,OKC,OK,ASW,CE,Combined TRACON& Tower with Radar,146,31,30,48,255,0,6,10,9,25,146,37,40,57,280,0,20,20,300
02/21/2020,OKC,OK,ASW,CE,Combined TRACON& Tower with Radar,144,14,43,94,295,0,4,36,15,55,144,18,79,109,350,6,2,8,358
02/22/2020,OKC,OK,ASW,CE,Combined TRACON& Tower with Radar,106,5,31,6,148,0,7,8,7,22,106,12,39,13,170,0,0,0,170
02/23/2020,OKC,OK,ASW,CE,Combined TRACON& Tower with Radar,134,26,29,8,197,0,7,3,1,11,134,33,32,9,208,0,50,50,258
02/24/2020,OKC,OK,ASW,CE,Combined TRACON& Tower with Radar,140,15,33,98,286,0,1,0,11,12,140,16,33,109,298,0,0,0,298
02/25/2020,OKC,OK,ASW,CE,Combined TRACON& Tower with Radar,140,26,55,90,311,0,4,38,24,66,140,30,93,114,377,0,36,36,413
02/26/2020,OKC,OK,ASW,CE,Combined TRACON& Tower with Radar,147,19,63,75,304,0,2,23,15,40,147,21,86,90,344,16,36,52,396
02/27/2020,OKC,OK,ASW,CE,Combined TRACON& Tower with Radar,155,14,42,99,310,0,2,29,18,49,155,16,71,117,359,8,76,84,443
02/28/2020,OKC,OK,ASW,CE,Combined TRACON& Tower with Radar,140,16,38,139,333,0,6,24,7,37,140,22,62,146,370,0,48,48,418
02/29/2020,OKC,OK,ASW,CE,Combined TRACON& Tower with Radar,106,8,27,6,147,0,0,17,2,19,106,8,44,8,166,0,0,0,166
03/01/2020,OKC,OK,ASW,CE,Combined TRACON& Tower with Radar,137,21,20,44,222,0,4,7,2,13,137,25,27,46,235,0,0,0,235
03/02/2020,OKC,OK,ASW,CE,Combined TRACON& Tower with Radar,143,21,33,129,326,0,5,22,8,35,143,26,55,137,361,0,34,34,395
03/03/2020,OKC,OK,ASW,CE,Combined TRACON& Tower with Radar,149,25,34,132,340,0,10,27,18,55,149,35,61,150,395,12,80,92,487
03/04/2020,OKC,OK,ASW,CE,Combined TRACON& Tower with Radar,151,25,48,134,358,0,10,22,14,46,151,35,70,148,404,0,28,28,432
03/05/2020,OKC,OK,ASW,CE,Combined TRACON& Tower with Radar,146,35,52,104,337,0,4,29,8,41,146,39,81,112,378,0,50,50,428
03/06/2020,OKC,OK,ASW,CE,Combined TRACON& Tower with Radar,147,31,32,77,287,0,21,29,9,59,147,52,61,86,346,4,224,228,574
03/07/2020,OKC,OK,ASW,CE,Combined TRACON& Tower with Radar,107,22,27,11,167,0,5,8,10,23,107,27,35,21,190,0,56,56,246
03/08/2020,OKC,OK,ASW,CE,Combined TRACON& Tower with Radar,138,11,32,50,231,0,4,3,1,8,138,15,35,51,239,0,0,0,239
03/09/2020,OKC,OK,ASW,CE,Combined TRACON& Tower with Radar,148,28,31,100,307,0,7,9,7,23,148,35,40,107,330,0,6,6,336
03/10/2020,OKC,OK,ASW,CE,Combined TRACON& Tower with Radar,155,28,46,162,391,0,4,23,25,52,155,32,69,187,443,0,232,232,675
03/11/2020,OKC,OK,ASW,CE,Combined TRACON& Tower with Radar,162,31,23,100,316,0,5,17,10,32,162,36,40,110,348,0,116,116,464
03/12/2020,OKC,OK,ASW,CE,Combined TRACON& Tower with Radar,149,34,36,98,317,0,6,23,11,40,149,40,59,109,357,0,108,108,465
03/13/2020,OKC,OK,ASW,CE,Combined TRACON& Tower with Radar,148,19,17,10,194,0,3,0,2,5,148,22,17,12,199,2,0,2,201
03/14/2020,OKC,OK,ASW,CE,Combined TRACON& Tower with Radar,117,23,24,30,194,0,0,0,0,0,117,23,24,30,194,0,0,0,194
03/15/2020,OKC,OK,ASW,CE,Combined TRACON& Tower with Radar,145,22,21,15,203,0,0,3,1,4,145,22,24,16,207,0,0,0,207
03/16/2020,OKC,OK,ASW,CE,Combined TRACON& Tower with Radar,147,14,17,25,203,0,0,0,0,0,147,14,17,25,203,0,0,0,203
03/17/2020,OKC,OK,ASW,CE,Combined TRACON& Tower with Radar,141,22,8,1,172,0,0,0,0,0,141,22,8,1,172,0,0,0,172
03/18/2020,OKC,OK,ASW,CE,Combined TRACON& Tower with Radar,141,18,17,14,190,0,0,10,3,13,141,18,27,17,203,0,0,0,203
03/19/2020,OKC,OK,ASW,CE,Combined TRACON& Tower with Radar,157,18,13,10,198,0,0,9,7,16,157,18,22,17,214,0,0,0,214
03/20/2020,OKC,OK,ASW,CE,Combined TRACON& Tower with Radar,135,25,19,51,230,0,2,8,5,15,135,27,27,56,245,38,20,58,303
03/21/2020,OKC,OK,ASW,CE,Combined TRACON& Tower with Radar,100,14,7,13,134,0,1,1,11,13,100,15,8,24,147,0,0,0,147
03/22/2020,OKC,OK,ASW,CE,Combined TRACON& Tower with Radar,110,11,9,10,140,0,0,2,0,2,110,11,11,10,142,0,0,0,142
03/23/2020,OKC,OK,ASW,CE,Combined TRACON& Tower with Radar,122,14,16,2,154,0,0,2,0,2,122,14,18,2,156,0,0,0,156
03/24/2020,OKC,OK,ASW,CE,Combined TRACON& Tower with Radar,104,15,24,84,227,0,3,21,4,28,104,18,45,88,255,0,270,270,525
03/25/2020,OKC,OK,ASW,CE,Combined TRACON& Tower with Radar,106,14,24,55,199,0,0,17,6,23,106,14,41,61,222,0,54,54,276
03/26/2020,OKC,OK,ASW,CE,Combined TRACON& Tower with Radar,97,7,26,84,214,0,5,28,10,43,97,12,54,94,257,0,68,68,325
03/27/2020,OKC,OK,ASW,CE,Combined TRACON& Tower with Radar,89,8,17,112,226,0,1,8,3,12,89,9,25,115,238,0,34,34,272
03/28/2020,OKC,OK,ASW,CE,Combined TRACON& Tower with Radar,72,9,5,0,86,0,5,6,5,16,72,14,11,5,102,0,0,0,102
03/29/2020,OKC,OK,ASW,CE,Combined TRACON& Tower with Radar,97,8,11,0,116,0,4,12,0,16,97,12,23,0,132,0,0,0,132
03/30/2020,OKC,OK,ASW,CE,Combined TRACON& Tower with Radar,84,3,8,2,97,0,2,4,6,12,84,5,12,8,109,0,12,12,121
03/31/2020,OKC,OK,ASW,CE,Combined TRACON& Tower with Radar,96,9,28,49,182,0,0,9,3,12,96,9,37,52,194,8,0,8,202
04/01/2020,OKC,OK,ASW,CE,Combined TRACON& Tower with Radar,82,12,21,50,165,0,5,14,10,29,82,17,35,60,194,0,20,20,214
04/02/2020,OKC,OK,ASW,CE,Combined TRACON& Tower with Radar,88,8,18,68,182,0,4,8,5,17,88,12,26,73,199,0,6,6,205
04/03/2020,OKC,OK,ASW,CE,Combined TRACON& Tower with Radar,86,5,6,1,98,0,0,0,0,0,86,5,6,1,98,0,0,0,98
04/04/2020,OKC,OK,ASW,CE,Combined TRACON& Tower with Radar,64,6,14,0,84,0,0,0,0,0,64,6,14,0,84,0,0,0,84
04/05/2020,OKC,OK,ASW,CE,Combined TRACON& Tower with Radar,70,5,9,0,84,0,2,5,0,7,70,7,14,0,91,0,0,0,91
04/06/2020,OKC,OK,ASW,CE,Combined TRACON& Tower with Radar,84,4,8,63,159,0,1,4,4,9,84,5,12,67,168,0,10,10,178
04/07/2020,OKC,OK,ASW,CE,Combined TRACON& Tower with Radar,74,5,11,13,103,0,0,15,16,31,74,5,26,29,134,0,0,0,134
04/08/2020,OKC,OK,ASW,CE,Combined TRACON& Tower with Radar,68,16,27,47,158,0,12,14,26,52,68,28,41,73,210,0,22,22,232
04/09/2020,OKC,OK,ASW,CE,Combined TRACON& Tower with Radar,71,9,17,18,115,0,3,19,17,39,71,12,36,35,154,0,6,6,160
04/10/2020,OKC,OK,ASW,CE,Combined TRACON& Tower with Radar,68,9,20,79,176,0,6,18,27,51,68,15,38,106,227,0,60,60,287
04/11/2020,OKC,OK,ASW,CE,Combined TRACON& Tower with Radar,54,9,4,14,81,0,2,0,0,2,54,11,4,14,83,0,0,0,83
04/12/2020,OKC,OK,ASW,CE,Combined TRACON& Tower with Radar,59,1,0,8,68,0,0,0,4,4,59,1,0,12,72,0,0,0,72
04/13/2020,OKC,OK,ASW,CE,Combined TRACON& Tower with Radar,60,9,16,33,118,0,3,16,12,31,60,12,32,45,149,0,0,0,149
04/14/2020,OKC,OK,ASW,CE,Combined TRACON& Tower with Radar,63,6,12,19,100,0,1,8,3,12,63,7,20,22,112,0,0,0,112
04/15/2020,OKC,OK,ASW,CE,Combined TRACON& Tower with Radar,63,9,21,22,115,0,0,28,15,43,63,9,49,37,158,0,0,0,158
04/16/2020,OKC,OK,ASW,CE,Combined TRACON& Tower with Radar,74,6,25,8,113,0,4,12,14,30,74,10,37,22,143,0,6,6,149
04/17/2020,OKC,OK,ASW,CE,Combined TRACON& Tower with Radar,60,1,13,42,116,0,1,9,3,13,60,2,22,45,129,0,18,18,147
04/18/2020,OKC,OK,ASW,CE,Combined TRACON& Tower with Radar,47,2,13,3,65,0,0,8,9,17,47,2,21,12,82,0,0,0,82
04/19/2020,OKC,OK,ASW,CE,Combined TRACON& Tower with Radar,50,3,15,0,68,0,2,2,2,6,50,5,17,2,74,0,0,0,74
04/20/2020,OKC,OK,ASW,CE,Combined TRACON& Tower with Radar,64,3,15,33,115,0,6,20,14,40,64,9,35,47,155,12,4,16,171
04/21/2020,OKC,OK,ASW,CE,Combined TRACON& Tower with Radar,59,10,25,67,161,0,1,16,14,31,59,11,41,81,192,0,2,2,194
04/22/2020,OKC,OK,ASW,CE,Combined TRACON& Tower with Radar,62,16,13,7,98,0,0,3,0,3,62,16,16,7,101,0,0,0,101
04/23/2020,OKC,OK,ASW,CE,Combined TRACON& Tower with Radar,53,8,27,71,159,0,0,26,12,38,53,8,53,83,197,0,24,24,221
04/24/2020,OKC,OK,ASW,CE,Combined TRACON& Tower with Radar,49,11,20,109,189,0,2,15,12,29,49,13,35,121,218,0,36,36,254
04/25/2020,OKC,OK,ASW,CE,Combined TRACON& Tower with Radar,49,10,20,21,100,0,7,18,5,30,49,17,38,26,130,0,0,0,130
04/26/2020,OKC,OK,ASW,CE,Combined TRACON& Tower with Radar,45,3,14,2,64,0,6,3,4,13,45,9,17,6,77,0,0,0,77
04/27/2020,OKC,OK,ASW,CE,Combined TRACON& Tower with Radar,57,4,7,21,89,0,4,12,17,33,57,8,19,38,122,0,0,0,122
04/28/2020,OKC,OK,ASW,CE,Combined TRACON& Tower with Radar,59,7,13,27,106,0,2,9,17,28,59,9,22,44,134,0,30,30,164
04/29/2020,OKC,OK,ASW,CE,Combined TRACON& Tower with Radar,56,9,29,34,128,0,7,20,13,40,56,16,49,47,168,2,0,2,170
04/30/2020,OKC,OK,ASW,CE,Combined TRACON& Tower with Radar,54,7,25,14,100,0,6,20,23,49,54,13,45,37,149,0,6,6,155
05/01/2020,OKC,OK,ASW,CE,Combined TRACON& Tower with Radar,70,9,18,16,113,0,2,12,17,31,70,11,30,33,144,0,0,0,144
05/02/2020,OKC,OK,ASW,CE,Combined TRACON& Tower with Radar,41,2,15,13,71,0,5,19,19,43,41,7,34,32,114,0,62,62,176
05/03/2020,OKC,OK,ASW,CE,Combined TRACON& Tower with Radar,62,5,28,0,95,0,2,2,0,4,62,7,30,0,99,0,0,0,99
05/04/2020,OKC,OK,ASW,CE,Combined TRACON& Tower with Radar,63,4,17,79,163,0,4,13,16,33,63,8,30,95,196,0,16,16,212
05/05/2020,OKC,OK,ASW,CE,Combined TRACON& Tower with Radar,52,6,21,81,160,0,4,19,17,40,52,10,40,98,200,0,18,18,218
05/06/2020,OKC,OK,ASW,CE,Combined TRACON& Tower with Radar,59,5,14,70,148,0,3,16,22,41,59,8,30,92,189,0,6,6,195
05/07/2020,OKC,OK,ASW,CE,Combined TRACON& Tower with Radar,58,6,17,27,108,0,3,22,16,41,58,9,39,43,149,4,0,4,153
05/08/2020,OKC,OK,ASW,CE,Combined TRACON& Tower with Radar,62,11,15,100,188,0,3,11,13,27,62,14,26,113,215,16,12,28,243
05/09/2020,OKC,OK,ASW,CE,Combined TRACON& Tower with Radar,49,0,11,23,83,0,2,15,12,29,49,2,26,35,112,0,48,48,160
05/10/2020,OKC,OK,ASW,CE,Combined TRACON& Tower with Radar,50,1,4,0,55,0,12,4,7,23,50,13,8,7,78,0,0,0,78
05/11/2020,OKC,OK,ASW,CE,Combined TRACON& Tower with Radar,56,3,15,83,157,0,4,19,19,42,56,7,34,102,199,0,46,46,245
05/12/2020,OKC,OK,ASW,CE,Combined TRACON& Tower with Radar,56,8,4,64,132,0,0,0,0,0,56,8,4,64,132,0,0,0,132
05/13/2020,OKC,OK,ASW,CE,Combined TRACON& Tower with Radar,58,17,6,63,144,0,2,8,0,10,58,19,14,63,154,0,6,6,160
05/14/2020,OKC,OK,ASW,CE,Combined TRACON& Tower with Radar,65,5,38,109,217,0,12,32,6,50,65,17,70,115,267,6,52,58,325
05/15/2020,OKC,OK,ASW,CE,Combined TRACON& Tower with Radar,56,7,12,27,102,0,1,4,2,7,56,8,16,29,109,0,0,0,109
05/16/2020,OKC,OK,ASW,CE,Combined TRACON& Tower with Radar,51,1,13,8,73,0,3,9,7,19,51,4,22,15,92,0,6,6,98
05/17/2020,OKC,OK,ASW,CE,Combined TRACON& Tower with Radar,56,2,15,24,97,0,2,8,3,13,56,4,23,27,110,0,0,0,110
05/18/2020,OKC,OK,ASW,CE,Combined TRACON& Tower with Radar,60,6,23,40,129,0,8,19,19,46,60,14,42,59,175,0,0,0,175
05/19/2020,OKC,OK,ASW,CE,Combined TRACON& Tower with Radar,54,2,32,47,135,0,7,20,27,54,54,9,52,74,189,4,8,12,201
05/20/2020,OKC,OK,ASW,CE,Combined TRACON& Tower with Radar,55,11,38,68,172,0,3,16,36,55,55,14,54,104,227,0,74,74,301
05/21/2020,OKC,OK,ASW,CE,Combined TRACON& Tower with Radar,58,7,32,152,249,0,1,10,9,20,58,8,42,161,269,0,22,22,291
05/22/2020,OKC,OK,ASW,CE,Combined TRACON& Tower with Radar,57,3,14,17,91,0,2,7,17,26,57,5,21,34,117,0,22,22,139
05/23/2020,OKC,OK,ASW,CE,Combined TRACON& Tower with Radar,52,7,8,0,67,0,2,4,1,7,52,9,12,1,74,0,0,0,74
05/24/2020,OKC,OK,ASW,CE,Combined TRACON& Tower with Radar,54,2,8,1,65,0,2,0,3,5,54,4,8,4,70,0,0,0,70
05/25/2020,OKC,OK,ASW,CE,Combined TRACON& Tower with Radar,51,9,4,1,65,0,0,0,1,1,51,9,4,2,66,0,0,0,66
05/26/2020,OKC,OK,ASW,CE,Combined TRACON& Tower with Radar,53,11,19,76,159,0,3,2,10,15,53,14,21,86,174,0,16,16,190
05/27/2020,OKC,OK,ASW,CE,Combined TRACON& Tower with Radar,57,11,28,75,171,0,6,57,21,84,57,17,85,96,255,0,0,0,255
05/28/2020,OKC,OK,ASW,CE,Combined TRACON& Tower with Radar,58,15,32,130,235,0,6,14,26,46,58,21,46,156,281,0,62,62,343
05/29/2020,OKC,OK,ASW,CE,Combined TRACON& Tower with Radar,56,9,22,71,158,0,6,17,24,47,56,15,39,95,205,4,24,28,233
05/30/2020,OKC,OK,ASW,CE,Combined TRACON& Tower with Radar,50,6,5,12,73,0,1,16,2,19,50,7,21,14,92,6,0,6,98
05/31/2020,OKC,OK,ASW,CE,Combined TRACON& Tower with Radar,54,2,11,2,69,0,0,8,0,8,54,2,19,2,77,0,0,0,77
06/01/2020,OKC,OK,ASW,CE,Combined TRACON& Tower with Radar,55,9,33,72,169,0,6,14,20,40,55,15,47,92,209,0,29,29,238
06/02/2020,OKC,OK,ASW,CE,Combined TRACON& Tower with Radar,76,16,23,82,197,0,5,25,17,47,76,21,48,99,244,0,28,28,272
06/03/2020,OKC,OK,ASW,CE,Combined TRACON& Tower with Radar,60,13,31,121,225,0,7,19,21,47,60,20,50,142,272,10,36,46,318
06/04/2020,OKC,OK,ASW,CE,Combined TRACON& Tower with Radar,59,17,37,58,171,0,5,19,20,44,59,22,56,78,215,0,30,30,245
06/05/2020,OKC,OK,ASW,CE,Combined TRACON& Tower with Radar,57,13,31,119,220,0,4,20,17,41,57,17,51,136,261,0,28,28,289
06/06/2020,OKC,OK,ASW,CE,Combined TRACON& Tower with Radar,51,10,12,29,102,0,9,16,11,36,51,19,28,40,138,0,26,26,164
06/07/2020,OKC,OK,ASW,CE,Combined TRACON& Tower with Radar,66,6,11,0,83,0,4,15,1,20,66,10,26,1,103,0,8,8,111
06/08/2020,OKC,OK,ASW,CE,Combined TRACON& Tower with Radar,65,8,25,97,195,0,7,32,14,53,65,15,57,111,248,0,53,53,301
06/09/2020,OKC,OK,ASW,CE,Combined TRACON& Tower with Radar,66,14,29,9,118,0,2,12,11,25,66,16,41,20,143,6,0,6,149
06/10/2020,OKC,OK,ASW,CE,Combined TRACON& Tower with Radar,68,20,34,112,234,0,9,21,19,49,68,29,55,131,283,0,91,91,374
06/11/2020,OKC,OK,ASW,CE,Combined TRACON& Tower with Radar,70,14,32,145,261,0,6,24,27,57,70,20,56,172,318,0,64,64,382
06/12/2020,OKC,OK,ASW,CE,Combined TRACON& Tower with Radar,64,10,28,82,184,0,5,16,11,32,64,15,44,93,216,0,114,114,330
06/13/2020,OKC,OK,ASW,CE,Combined TRACON& Tower with Radar,61,7,19,13,100,0,16,14,6,36,61,23,33,19,136,0,10,10,146
06/14/2020,OKC,OK,ASW,CE,Combined TRACON& Tower with Radar,71,13,12,0,96,0,4,5,3,12,71,17,17,3,108,0,0,0,108
06/15/2020,OKC,OK,ASW,CE,Combined TRACON& Tower with Radar,66,9,13,93,181,0,2,20,23,45,66,11,33,116,226,8,32,40,266
06/16/2020,OKC,OK,ASW,CE,Combined TRACON& Tower with Radar,69,16,26,34,145,0,7,71,32,110,69,23,97,66,255,10,4,14,269
06/17/2020,OKC,OK,ASW,CE,Combined TRACON& Tower with Radar,67,17,35,91,210,0,5,49,49,103,67,22,84,140,313,2,12,14,327
06/18/2020,OKC,OK,ASW,CE,Combined TRACON& Tower with Radar,68,11,37,87,203,0,6,23,42,71,68,17,60,129,274,0,12,12,286
06/19/2020,OKC,OK,ASW,CE,Combined TRACON& Tower with Radar,69,11,14,6,100,0,5,3,4,12,69,16,17,10,112,0,0,0,112
06/20/2020,OKC,OK,ASW,CE,Combined TRACON& Tower with Radar,64,9,10,2,85,0,1,8,0,9,64,10,18,2,94,6,0,6,100
06/21/2020,OKC,OK,ASW,CE,Combined TRACON& Tower with Radar,69,12,17,1,99,0,5,6,1,12,69,17,23,2,111,0,0,0,111
06/22/2020,OKC,OK,ASW,CE,Combined TRACON& Tower with Radar,66,12,39,117,234,0,3,25,3,31,66,15,64,120,265,0,0,0,265
06/23/2020,OKC,OK,ASW,CE,Combined TRACON& Tower with Radar,70,13,41,97,221,0,2,27,13,42,70,15,68,110,263,6,0,6,269
06/24/2020,OKC,OK,ASW,CE,Combined TRACON& Tower with Radar,69,11,36,100,216,0,5,37,25,67,69,16,73,125,283,14,32,46,329
06/25/2020,OKC,OK,ASW,CE,Combined TRACON& Tower with Radar,74,14,30,136,254,0,2,17,21,40,74,16,47,157,294,0,34,34,328
06/26/2020,OKC,OK,ASW,CE,Combined TRACON& Tower with Radar,68,5,41,87,201,0,4,11,21,36,68,9,52,108,237,0,114,114,351
06/27/2020,OKC,OK,ASW,CE,Combined TRACON& Tower with Radar,66,12,14,28,120,0,7,7,3,17,66,19,21,31,137,0,16,16,153
06/28/2020,OKC,OK,ASW,CE,Combined TRACON& Tower with Radar,72,12,13,35,132,0,6,4,4,14,72,18,17,39,146,0,0,0,146
06/29/2020,OKC,OK,ASW,CE,Combined TRACON& Tower with Radar,74,8,36,71,189,0,8,17,8,33,74,16,53,79,222,0,10,10,232
06/30/2020,OKC,OK,ASW,CE,Combined TRACON& Tower with Radar,70,10,19,91,190,0,5,10,14,29,70,15,29,105,219,8,0,8,227
07/01/2020,OKC,OK,ASW,CE,Combined TRACON& Tower with Radar,76,11,26,84,197,0,2,14,22,38,76,13,40,106,235,0,46,46,281
07/02/2020,OKC,OK,ASW,CE,Combined TRACON& Tower with Radar,87,15,24,48,174,0,6,7,7,20,87,21,31,55,194,0,20,20,214
07/03/2020,OKC,OK,ASW,CE,Combined TRACON& Tower with Radar,68,9,7,1,85,0,2,9,5,16,68,11,16,6,101,4,0,4,105
07/04/2020,OKC,OK,ASW,CE,Combined TRACON& Tower with Radar,58,3,5,0,66,0,1,5,2,8,58,4,10,2,74,0,0,0,74
07/05/2020,OKC,OK,ASW,CE,Combined TRACON& Tower with Radar,87,11,28,1,127,0,0,13,3,16,87,11,41,4,143,0,0,0,143
07/06/2020,OKC,OK,ASW,CE,Combined TRACON& Tower with Radar,96,15,22,7,140,0,2,16,6,24,96,17,38,13,164,8,8,16,180
07/07/2020,OKC,OK,ASW,CE,Combined TRACON& Tower with Radar,89,20,31,71,211,0,6,17,20,43,89,26,48,91,254,0,14,14,268
07/08/2020,OKC,OK,ASW,CE,Combined TRACON& Tower with Radar,91,16,23,85,215,0,4,22,21,47,91,20,45,106,262,0,52,52,314
07/09/2020,OKC,OK,ASW,CE,Combined TRACON& Tower with Radar,94,17,23,46,180,0,11,25,24,60,94,28,48,70,240,0,30,30,270
07/10/2020,OKC,OK,ASW,CE,Combined TRACON& Tower with Radar,94,6,19,34,153,0,4,17,16,37,94,10,36,50,190,14,14,28,218
07/11/2020,OKC,OK,ASW,CE,Combined TRACON& Tower with Radar,87,8,8,8,111,0,4,6,12,22,87,12,14,20,133,0,6,6,139
07/12/2020,OKC,OK,ASW,CE,Combined TRACON& Tower with Radar,87,9,19,10,125,0,1,6,5,12,87,10,25,15,137,0,0,0,137
07/13/2020,OKC,OK,ASW,CE,Combined TRACON& Tower with Radar,89,27,30,48,194,0,1,16,15,32,89,28,46,63,226,0,0,0,226
07/14/2020,OKC,OK,ASW,CE,Combined TRACON& Tower with Radar,88,11,32,133,264,0,5,17,10,32,88,16,49,143,296,0,36,36,332
07/15/2020,OKC,OK,ASW,CE,Combined TRACON& Tower with Radar,92,6,32,68,198,0,1,14,18,33,92,7,46,86,231,2,42,44,275
07/16/2020,OKC,OK,ASW,CE,Combined TRACON& Tower with Radar,95,27,37,104,263,0,4,26,23,53,95,31,63,127,316,0,92,92,408
07/17/2020,OKC,OK,ASW,CE,Combined TRACON& Tower with Radar,95,20,26,34,175,0,6,32,12,50,95,26,58,46,225,10,32,42,267
07/18/2020,OKC,OK,ASW,CE,Combined TRACON& Tower with Radar,86,6,12,39,143,0,0,9,7,16,86,6,21,46,159,0,108,108,267
07/19/2020,OKC,OK,ASW,CE,Combined TRACON& Tower with Radar,92,8,18,4,122,0,4,12,1,17,92,12,30,5,139,4,0,4,143
07/20/2020,OKC,OK,ASW,CE,Combined TRACON& Tower with Radar,89,15,21,83,208,0,7,13,13,33,89,22,34,96,241,4,42,46,287
07/21/2020,OKC,OK,ASW,CE,Combined TRACON& Tower with Radar,91,11,32,39,173,0,15,24,13,52,91,26,56,52,225,0,12,12,237
07/22/2020,OKC,OK,ASW,CE,Combined TRACON& Tower with Radar,92,15,43,72,222,0,5,23,19,47,92,20,66,91,269,0,104,104,373
07/23/2020,OKC,OK,ASW,CE,Combined TRACON& Tower with Radar,100,16,36,49,201,0,3,12,5,20,100,19,48,54,221,0,2,2,223
07/24/2020,OKC,OK,ASW,CE,Combined TRACON& Tower with Radar,94,15,25,71,205,0,9,25,14,48,94,24,50,85,253,6,30,36,289
07/25/2020,OKC,OK,ASW,CE,Combined TRACON& Tower with Radar,90,8,29,24,151,0,2,12,12,26,90,10,41,36,177,12,22,34,211
07/26/2020,OKC,OK,ASW,CE,Combined TRACON& Tower with Radar,95,11,18,23,147,0,7,10,10,27,95,18,28,33,174,16,0,16,190
07/27/2020,OKC,OK,ASW,CE,Combined TRACON& Tower with Radar,103,12,19,41,175,0,8,15,12,35,103,20,34,53,210,0,38,38,248
07/28/2020,OKC,OK,ASW,CE,Combined TRACON& Tower with Radar,92,19,37,89,237,0,2,33,3,38,92,21,70,92,275,0,20,20,295
07/29/2020,OKC,OK,ASW,CE,Combined TRACON& Tower with Radar,92,13,27,45,177,0,1,12,4,17,92,14,39,49,194,8,10,18,212
07/30/2020,OKC,OK,ASW,CE,Combined TRACON& Tower with Radar,94,17,31,30,172,0,4,16,8,28,94,21,47,38,200,0,26,26,226
07/31/2020,OKC,OK,ASW,CE,Combined TRACON& Tower with Radar,96,21,36,94,247,0,5,16,13,34,96,26,52,107,281,6,34,40,321
08/01/2020,OKC,OK,ASW,CE,Combined TRACON& Tower with Radar,84,6,17,21,128,0,3,11,6,20,84,9,28,27,148,0,0,0,148
08/02/2020,OKC,OK,ASW,CE,Combined TRACON& Tower with Radar,93,10,14,4,121,0,4,16,1,21,93,14,30,5,142,0,0,0,142
08/03/2020,OKC,OK,ASW,CE,Combined TRACON& Tower with Radar,92,15,32,64,203,0,6,41,22,69,92,21,73,86,272,8,40,48,320
08/04/2020,OKC,OK,ASW,CE,Combined TRACON& Tower with Radar,88,12,32,66,198,0,7,16,13,36,88,19,48,79,234,0,28,28,262
08/05/2020,OKC,OK,ASW,CE,Combined TRACON& Tower with Radar,90,15,30,75,210,0,4,39,25,68,90,19,69,100,278,29,52,81,359
08/06/2020,OKC,OK,ASW,CE,Combined TRACON& Tower with Radar,102,14,36,76,228,0,5,22,10,37,102,19,58,86,265,10,116,126,391
08/07/2020,OKC,OK,ASW,CE,Combined TRACON& Tower with Radar,97,6,27,102,232,0,4,50,75,129,97,10,77,177,361,0,70,70,431
08/08/2020,OKC,OK,ASW,CE,Combined TRACON& Tower with Radar,80,9,14,20,123,0,8,18,8,34,80,17,32,28,157,0,8,8,165
08/09/2020,OKC,OK,ASW,CE,Combined TRACON& Tower with Radar,97,6,8,23,134,0,5,18,1,24,97,11,26,24,158,4,0,4,162
08/10/2020,OKC,OK,ASW,CE,Combined TRACON& Tower with Radar,96,9,20,111,236,0,8,12,19,39,96,17,32,130,275,6,132,138,413
08/11/2020,OKC,OK,ASW,CE,Combined TRACON& Tower with Radar,95,16,27,48,186,0,1,17,35,53,95,17,44,83,239,6,66,72,311
08/12/2020,OKC,OK,ASW,CE,Combined TRACON& Tower with Radar,93,10,59,65,227,0,0,14,7,21,93,10,73,72,248,0,138,138,386
08/13/2020,OKC,OK,ASW,CE,Combined TRACON& Tower with Radar,109,21,20,73,223,0,3,16,20,39,109,24,36,93,262,0,158,158,420
08/14/2020,OKC,OK,ASW,CE,Combined TRACON& Tower with Radar,99,9,32,93,233,0,0,28,20,48,99,9,60,113,281,4,88,92,373
08/15/2020,OKC,OK,ASW,CE,Combined TRACON& Tower with Radar,87,10,6,40,143,0,5,3,11,19,87,15,9,51,162,0,0,0,162
08/16/2020,OKC,OK,ASW,CE,Combined TRACON& Tower with Radar,127,7,13,13,160,0,9,4,4,17,127,16,17,17,177,0,0,0,177
08/17/2020,OKC,OK,ASW,CE,Combined TRACON& Tower with Radar,102,13,15,56,186,0,4,12,13,29,102,17,27,69,215,0,58,58,273
08/18/2020,OKC,OK,ASW,CE,Combined TRACON& Tower with Radar,98,13,35,60,206,0,4,25,21,50,98,17,60,81,256,0,16,16,272
08/19/2020,OKC,OK,ASW,CE,Combined TRACON& Tower with Radar,95,27,28,97,247,0,12,30,20,62,95,39,58,117,309,0,60,60,369
08/20/2020,OKC,OK,ASW,CE,Combined TRACON& Tower with Radar,113,8,27,88,236,0,3,27,21,51,113,11,54,109,287,0,34,34,321
08/21/2020,OKC,OK,ASW,CE,Combined TRACON& Tower with Radar,106,7,16,134,263,0,5,22,25,52,106,12,38,159,315,0,94,94,409
08/22/2020,OKC,OK,ASW,CE,Combined TRACON& Tower with Radar,84,7,13,38,142,0,3,15,11,29,84,10,28,49,171,14,14,28,199
08/23/2020,OKC,OK,ASW,CE,Combined TRACON& Tower with Radar,114,8,13,25,160,0,4,20,3,27,114,12,33,28,187,16,0,16,203
08/24/2020,OKC,OK,ASW,CE,Combined TRACON& Tower with Radar,102,12,13,71,198,0,2,6,21,29,102,14,19,92,227,0,10,10,237
08/25/2020,OKC,OK,ASW,CE,Combined TRACON& Tower with Radar,101,11,30,129,271,0,4,18,34,56,101,15,48,163,327,0,22,22,349
08/26/2020,OKC,OK,ASW,CE,Combined TRACON& Tower with Radar,110,14,23,95,242,0,4,59,20,83,110,18,82,115,325,0,44,44,369
08/27/2020,OKC,OK,ASW,CE,Combined TRACON& Tower with Radar,106,17,21,34,178,0,8,29,24,61,106,25,50,58,239,0,16,16,255
08/28/2020,OKC,OK,ASW,CE,Combined TRACON& Tower with Radar,103,12,19,170,304,0,5,16,16,37,103,17,35,186,341,0,0,0,341
08/29/2020,OKC,OK,ASW,CE,Combined TRACON& Tower with Radar,97,19,11,13,140,0,3,5,5,13,97,22,16,18,153,0,0,0,153
08/30/2020,OKC,OK,ASW,CE,Combined TRACON& Tower with Radar,102,12,19,41,174,0,4,9,7,20,102,16,28,48,194,0,12,12,206
08/31/2020,OKC,OK,ASW,CE,Combined TRACON& Tower with Radar,99,10,19,21,149,0,4,6,9,19,99,14,25,30,168,0,34,34,202
09/01/2020,OKC,OK,ASW,CE,Combined TRACON& Tower with Radar,98,13,20,15,146,0,0,11,5,16,98,13,31,20,162,0,0,0,162
09/02/2020,OKC,OK,ASW,CE,Combined TRACON& Tower with Radar,99,10,25,35,169,0,0,7,3,10,99,10,32,38,179,0,0,0,179
09/03/2020,OKC,OK,ASW,CE,Combined TRACON& Tower with Radar,112,14,56,41,223,0,2,23,9,34,112,16,79,50,257,10,0,10,267
09/04/2020,OKC,OK,ASW,CE,Combined TRACON& Tower with Radar,101,11,26,21,159,0,4,21,3,28,101,15,47,24,187,20,0,20,207
09/05/2020,OKC,OK,ASW,CE,Combined TRACON& Tower with Radar,113,5,11,1,130,0,4,9,4,17,113,9,20,5,147,0,0,0,147
09/06/2020,OKC,OK,ASW,CE,Combined TRACON& Tower with Radar,82,2,7,0,91,0,7,9,2,18,82,9,16,2,109,0,0,0,109
09/07/2020,OKC,OK,ASW,CE,Combined TRACON& Tower with Radar,82,6,12,0,100,0,1,26,0,27,82,7,38,0,127,14,0,14,141
09/08/2020,OKC,OK,ASW,CE,Combined TRACON& Tower with Radar,80,6,28,66,180,0,4,2,18,24,80,10,30,84,204,0,10,10,214
09/09/2020,OKC,OK,ASW,CE,Combined TRACON& Tower with Radar,90,6,21,36,153,0,0,0,0,0,90,6,21,36,153,0,0,0,153
09/10/2020,OKC,OK,ASW,CE,Combined TRACON& Tower with Radar,96,18,37,134,285,0,0,0,2,2,96,18,37,136,287,0,0,0,287
09/11/2020,OKC,OK,ASW,CE,Combined TRACON& Tower with Radar,92,7,42,80,221,0,0,3,9,12,92,7,45,89,233,0,16,16,249
09/12/2020,OKC,OK,ASW,CE,Combined TRACON& Tower with Radar,83,2,15,35,135,0,3,10,15,28,83,5,25,50,163,10,22,32,195
09/13/2020,OKC,OK,ASW,CE,Combined TRACON& Tower with Radar,90,7,5,39,141,0,5,9,14,28,90,12,14,53,169,2,12,14,183
09/14/2020,OKC,OK,ASW,CE,Combined TRACON& Tower with Radar,115,13,36,76,240,0,11,17,35,63,115,24,53,111,303,0,28,28,331
09/15/2020,OKC,OK,ASW,CE,Combined TRACON& Tower with Radar,95,9,56,133,293,0,5,21,23,49,95,14,77,156,342,0,6,6,348
09/16/2020,OKC,OK,ASW,CE,Combined TRACON& Tower with Radar,88,13,34,25,160,0,8,19,15,42,88,21,53,40,202,0,14,14,216
09/17/2020,OKC,OK,ASW,CE,Combined TRACON& Tower with Radar,128,14,23,69,234,0,0,24,24,48,128,14,47,93,282,0,50,50,332
09/18/2020,OKC,OK,ASW,CE,Combined TRACON& Tower with Radar,93,11,31,94,229,0,2,24,10,36,93,13,55,104,265,0,0,0,265
09/19/2020,OKC,OK,ASW,CE,Combined TRACON& Tower with Radar,83,5,9,73,170,0,5,10,17,32,83,10,19,90,202,0,12,12,214
09/20/2020,OKC,OK,ASW,CE,Combined TRACON& Tower with Radar,95,3,13,17,128,0,1,7,4,12,95,4,20,21,140,0,0,0,140
09/21/2020,OKC,OK,ASW,CE,Combined TRACON& Tower with Radar,95,15,21,115,246,0,7,28,24,59,95,22,49,139,305,4,30,34,339
09/22/2020,OKC,OK,ASW,CE,Combined TRACON& Tower with Radar,90,16,31,74,211,0,1,0,3,4,90,17,31,77,215,0,0,0,215
09/23/2020,OKC,OK,ASW,CE,Combined TRACON& Tower with Radar,91,21,29,83,224,0,2,9,4,15,91,23,38,87,239,0,0,0,239
09/24/2020,OKC,OK,ASW,CE,Combined TRACON& Tower with Radar,111,25,38,102,276,0,4,29,13,46,111,29,67,115,322,0,34,34,356
09/25/2020,OKC,OK,ASW,CE,Combined TRACON& Tower with Radar,92,14,37,126,269,0,7,21,13,41,92,21,58,139,310,0,0,0,310
09/26/2020,OKC,OK,ASW,CE,Combined TRACON& Tower with Radar,85,15,17,11,128,0,8,9,4,21,85,23,26,15,149,4,0,4,153
09/27/2020,OKC,OK,ASW,CE,Combined TRACON& Tower with Radar,92,15,24,15,146,0,6,2,6,14,92,21,26,21,160,0,20,20,180
09/28/2020,OKC,OK,ASW,CE,Combined TRACON& Tower with Radar,87,18,30,48,183,0,4,20,12,36,87,22,50,60,219,0,50,50,269
09/29/2020,OKC,OK,ASW,CE,Combined TRACON& Tower with Radar,93,12,37,72,214,0,5,25,20,50,93,17,62,92,264,0,0,0,264
09/30/2020,OKC,OK,ASW,CE,Combined TRACON& Tower with Radar,91,26,34,81,232,0,8,20,18,46,91,34,54,99,278,0,0,0,278
10/01/2020,OKC,OK,ASW,CE,Combined TRACON& Tower with Radar,101,20,25,52,198,0,6,19,19,44,101,26,44,71,242,0,8,8,250
10/02/2020,OKC,OK,ASW,CE,Combined TRACON& Tower with Radar,100,14,20,95,229,0,2,9,29,40,100,16,29,124,269,0,38,38,307
10/03/2020,OKC,OK,ASW,CE,Combined TRACON& Tower with Radar,88,12,11,31,142,0,5,8,8,21,88,17,19,39,163,0,40,40,203
10/04/2020,OKC,OK,ASW,CE,Combined TRACON& Tower with Radar,91,8,22,63,184,0,2,14,34,50,91,10,36,97,234,0,0,0,234
10/05/2020,OKC,OK,ASW,CE,Combined TRACON& Tower with Radar,85,17,31,71,204,0,8,19,21,48,85,25,50,92,252,0,78,78,330
10/06/2020,OKC,OK,ASW,CE,Combined TRACON& Tower with Radar,91,22,27,49,189,0,4,44,22,70,91,26,71,71,259,28,124,152,411
10/07/2020,OKC,OK,ASW,CE,Combined TRACON& Tower with Radar,93,34,28,68,223,0,3,14,18,35,93,37,42,86,258,0,20,20,278
10/08/2020,OKC,OK,ASW,CE,Combined TRACON& Tower with Radar,102,26,37,133,298,0,9,21,21,51,102,35,58,154,349,10,76,86,435
10/09/2020,OKC,OK,ASW,CE,Combined TRACON& Tower with Radar,93,14,20,83,210,0,7,12,4,23,93,21,32,87,233,0,62,62,295
10/10/2020,OKC,OK,ASW,CE,Combined TRACON& Tower with Radar,79,7,21,7,114,0,2,12,0,14,79,9,33,7,128,0,0,0,128
10/11/2020,OKC,OK,ASW,CE,Combined TRACON& Tower with Radar,97,7,21,16,141,0,4,5,11,20,97,11,26,27,161,0,0,0,161
10/12/2020,OKC,OK,ASW,CE,Combined TRACON& Tower with Radar,90,19,32,9,150,0,6,11,10,27,90,25,43,19,177,0,0,0,177
10/13/2020,OKC,OK,ASW,CE,Combined TRACON& Tower with Radar,87,26,20,112,245,0,13,19,18,50,87,39,39,130,295,0,106,106,401
10/14/2020,OKC,OK,ASW,CE,Combined TRACON& Tower with Radar,88,15,32,110,245,0,8,22,12,42,88,23,54,122,287,0,70,70,357
10/15/2020,OKC,OK,ASW,CE,Combined TRACON& Tower with Radar,98,18,39,33,188,0,4,21,14,39,98,22,60,47,227,0,52,52,279
10/16/2020,OKC,OK,ASW,CE,Combined TRACON& Tower with Radar,92,16,27,69,204,0,5,23,23,51,92,21,50,92,255,6,72,78,333
10/17/2020,OKC,OK,ASW,CE,Combined TRACON& Tower with Radar,85,11,15,31,142,0,2,4,9,15,85,13,19,40,157,0,0,0,157
10/18/2020,OKC,OK,ASW,CE,Combined TRACON& Tower with Radar,101,14,25,33,173,0,1,0,0,1,101,15,25,33,174,0,0,0,174
10/19/2020,OKC,OK,ASW,CE,Combined TRACON& Tower with Radar,91,18,24,104,237,0,2,14,1,17,91,20,38,105,254,4,10,14,268
10/20/2020,OKC,OK,ASW,CE,Combined TRACON& Tower with Radar,84,27,46,83,240,0,0,10,9,19,84,27,56,92,259,6,4,10,269
10/21/2020,OKC,OK,ASW,CE,Combined TRACON& Tower with Radar,86,17,28,165,296,0,8,18,25,51,86,25,46,190,347,0,86,86,433
10/22/2020,OKC,OK,ASW,CE,Combined TRACON& Tower with Radar,102,17,28,59,206,0,5,16,18,39,102,22,44,77,245,0,36,36,281
10/23/2020,OKC,OK,ASW,CE,Combined TRACON& Tower with Radar,99,11,20,111,241,0,3,3,1,7,99,14,23,112,248,0,0,0,248
10/24/2020,OKC,OK,ASW,CE,Combined TRACON& Tower with Radar,79,5,16,40,140,0,7,18,5,30,79,12,34,45,170,0,0,0,170
10/25/2020,OKC,OK,ASW,CE,Combined TRACON& Tower with Radar,86,9,14,35,144,0,3,0,20,23,86,12,14,55,167,0,0,0,167
10/26/2020,OKC,OK,ASW,CE,Combined TRACON& Tower with Radar,56,17,8,0,81,0,0,0,0,0,56,17,8,0,81,0,0,0,81
10/27/2020,OKC,OK,ASW,CE,Combined TRACON& Tower with Radar,51,4,3,0,58,0,0,0,0,0,51,4,3,0,58,0,0,0,58
10/28/2020,OKC,OK,ASW,CE,Combined TRACON& Tower with Radar,76,17,9,0,102,0,0,0,0,0,76,17,9,0,102,0,0,0,102
10/29/2020,OKC,OK,ASW,CE,Combined TRACON& Tower with Radar,90,25,22,64,201,0,0,18,6,24,90,25,40,70,225,0,30,30,255
10/30/2020,OKC,OK,ASW,CE,Combined TRACON& Tower with Radar,90,14,25,83,212,0,4,19,15,38,90,18,44,98,250,0,24,24,274
10/31/2020,OKC,OK,ASW,CE,Combined TRACON& Tower with Radar,70,10,8,31,119,0,5,7,7,19,70,15,15,38,138,0,0,0,138
11/01/2020,OKC,OK,ASW,CE,Combined TRACON& Tower with Radar,84,11,22,10,127,0,9,15,6,30,84,20,37,16,157,0,0,0,157
11/02/2020,OKC,OK,ASW,CE,Combined TRACON& Tower with Radar,85,15,19,87,206,0,8,38,14,60,85,23,57,101,266,0,114,114,380
11/03/2020,OKC,OK,ASW,CE,Combined TRACON& Tower with Radar,73,21,28,46,168,0,21,18,26,65,73,42,46,72,233,0,82,82,315
11/04/2020,OKC,OK,ASW,CE,Combined TRACON& Tower with Radar,80,26,34,116,256,0,3,33,45,81,80,29,67,161,337,0,86,86,423
11/05/2020,OKC,OK,ASW,CE,Combined TRACON& Tower with Radar,98,35,37,125,295,0,5,27,14,46,98,40,64,139,341,10,100,110,451
11/06/2020,OKC,OK,ASW,CE,Combined TRACON& Tower with Radar,97,15,28,126,266,0,4,23,14,41,97,19,51,140,307,0,92,92,399
11/07/2020,OKC,OK,ASW,CE,Combined TRACON& Tower with Radar,78,16,15,44,153,0,8,7,7,22,78,24,22,51,175,10,14,24,199
11/08/2020,OKC,OK,ASW,CE,Combined TRACON& Tower with Radar,94,19,15,28,156,0,3,10,16,29,94,22,25,44,185,6,10,16,201
11/09/2020,OKC,OK,ASW,CE,Combined TRACON& Tower with Radar,93,12,17,124,246,0,0,9,9,18,93,12,26,133,264,0,0,0,264
11/10/2020,OKC,OK,ASW,CE,Combined TRACON& Tower with Radar,98,20,28,104,250,0,0,16,6,22,98,20,44,110,272,6,32,38,310
11/11/2020,OKC,OK,ASW,CE,Combined TRACON& Tower with Radar,78,23,18,10,129,0,5,6,0,11,78,28,24,10,140,0,0,0,140
11/12/2020,OKC,OK,ASW,CE,Combined TRACON& Tower with Radar,99,24,26,89,238,0,4,11,14,29,99,28,37,103,267,0,0,0,267
11/13/2020,OKC,OK,ASW,CE,Combined TRACON& Tower with Radar,97,21,29,73,220,0,4,9,8,21,97,25,38,81,241,0,42,42,283
11/14/2020,OKC,OK,ASW,CE,Combined TRACON& Tower with Radar,77,20,9,0,106,0,3,4,4,11,77,23,13,4,117,0,0,0,117
11/15/2020,OKC,OK,ASW,CE,Combined TRACON& Tower with Radar,94,13,13,4,124,0,5,19,4,28,94,18,32,8,152,0,8,8,160
11/16/2020,OKC,OK,ASW,CE,Combined TRACON& Tower with Radar,90,20,25,33,168,0,7,29,19,55,90,27,54,52,223,2,24,26,249
11/17/2020,OKC,OK,ASW,CE,Combined TRACON& Tower with Radar,79,25,29,70,203,0,10,34,8,52,79,35,63,78,255,0,8,8,263
11/18/2020,OKC,OK,ASW,CE,Combined TRACON& Tower with Radar,85,22,18,50,175,0,5,23,16,44,85,27,41,66,219,0,34,34,253
11/19/2020,OKC,OK,ASW,CE,Combined TRACON& Tower with Radar,106,22,14,78,220,0,1,12,20,33,106,23,26,98,253,0,0,0,253
11/20/2020,OKC,OK,ASW,CE,Combined TRACON& Tower with Radar,103,27,18,59,207,0,11,11,19,41,103,38,29,78,248,0,0,0,248
11/21/2020,OKC,OK,ASW,CE,Combined TRACON& Tower with Radar,91,16,38,34,179,0,0,0,2,2,91,16,38,36,181,0,0,0,181
11/22/2020,OKC,OK,ASW,CE,Combined TRACON& Tower with Radar,99,11,12,9,131,0,1,1,0,2,99,12,13,9,133,0,0,0,133
11/23/2020,OKC,OK,ASW,CE,Combined TRACON& Tower with Radar,89,25,19,127,260,0,7,9,7,23,89,32,28,134,283,0,12,12,295
11/24/2020,OKC,OK,ASW,CE,Combined TRACON& Tower with Radar,112,16,27,25,180,0,0,0,0,0,112,16,27,25,180,0,0,0,180
11/25/2020,OKC,OK,ASW,CE,Combined TRACON& Tower with Radar,118,19,19,48,204,0,4,20,15,39,118,23,39,63,243,0,10,10,253
11/26/2020,OKC,OK,ASW,CE,Combined TRACON& Tower with Radar,46,10,0,0,56,0,3,3,0,6,46,13,3,0,62,0,0,0,62
11/27/2020,OKC,OK,ASW,CE,Combined TRACON& Tower with Radar,85,16,14,0,115,0,7,12,2,21,85,23,26,2,136,0,0,0,136
11/28/2020,OKC,OK,ASW,CE,Combined TRACON& Tower with Radar,93,13,14,0,120,0,0,10,2,12,93,13,24,2,132,0,0,0,132
11/29/2020,OKC,OK,ASW,CE,Combined TRACON& Tower with Radar,102,23,16,8,149,0,2,3,0,5,102,25,19,8,154,0,0,0,154
11/30/2020,OKC,OK,ASW,CE,Combined TRACON& Tower with Radar,99,16,28,83,226,0,10,21,13,44,99,26,49,96,270,0,24,24,294
12/01/2020,OKC,OK,ASW,CE,Combined TRACON& Tower with Radar,90,20,32,38,180,0,10,7,14,31,90,30,39,52,211,0,6,6,217
12/02/2020,OKC,OK,ASW,CE,Combined TRACON& Tower with Radar,79,14,14,3,110,0,2,0,2,4,79,16,14,5,114,0,0,0,114
12/03/2020,OKC,OK,ASW,CE,Combined TRACON& Tower with Radar,93,15,27,20,155,0,0,0,1,1,93,15,27,21,156,0,0,0,156
12/04/2020,OKC,OK,ASW,CE,Combined TRACON& Tower with Radar,92,16,22,37,167,0,8,39,37,84,92,24,61,74,251,0,0,0,251
12/05/2020,OKC,OK,ASW,CE,Combined TRACON& Tower with Radar,73,13,17,23,126,0,12,15,4,31,73,25,32,27,157,0,0,0,157
12/06/2020,OKC,OK,ASW,CE,Combined TRACON& Tower with Radar,88,8,14,10,120,0,7,13,10,30,88,15,27,20,150,0,0,0,150
12/07/2020,OKC,OK,ASW,CE,Combined TRACON& Tower with Radar,94,16,20,74,204,0,14,16,18,48,94,30,36,92,252,4,40,44,296
12/08/2020,OKC,OK,ASW,CE,Combined TRACON& Tower with Radar,80,23,27,91,221,0,17,28,12,57,80,40,55,103,278,0,24,24,302
12/09/2020,OKC,OK,ASW,CE,Combined TRACON& Tower with Radar,78,26,24,59,187,0,4,6,31,41,78,30,30,90,228,0,6,6,234
12/10/2020,OKC,OK,ASW,CE,Combined TRACON& Tower with Radar,97,25,24,54,200,0,14,16,25,55,97,39,40,79,255,0,62,62,317
12/11/2020,OKC,OK,ASW,CE,Combined TRACON& Tower with Radar,97,21,36,106,260,0,7,8,19,34,97,28,44,125,294,0,60,60,354
12/12/2020,OKC,OK,ASW,CE,Combined TRACON& Tower with Radar,75,6,20,45,146,0,2,6,2,10,75,8,26,47,156,0,66,66,222
12/13/2020,OKC,OK,ASW,CE,Combined TRACON& Tower with Radar,86,9,6,1,102,0,2,0,0,2,86,11,6,1,104,0,0,0,104
12/14/2020,OKC,OK,ASW,CE,Combined TRACON& Tower with Radar,98,7,35,26,166,0,2,11,22,35,98,9,46,48,201,0,4,4,205
12/15/2020,OKC,OK,ASW,CE,Combined TRACON& Tower with Radar,78,9,18,1,106,0,0,0,0,0,78,9,18,1,106,0,0,0,106
12/16/2020,OKC,OK,ASW,CE,Combined TRACON& Tower with Radar,83,23,44,47,197,0,6,16,8,30,83,29,60,55,227,22,26,48,275
12/17/2020,OKC,OK,ASW,CE,Combined TRACON& Tower with Radar,104,23,15,45,187,0,2,15,11,28,104,25,30,56,215,0,58,58,273
12/18/2020,OKC,OK,ASW,CE,Combined TRACON& Tower with Radar,105,19,21,42,187,0,9,12,14,35,105,28,33,56,222,0,0,0,222
12/19/2020,OKC,OK,ASW,CE,Combined TRACON& Tower with Radar,91,10,3,15,119,0,3,21,5,29,91,13,24,20,148,0,0,0,148
12/20/2020,OKC,OK,ASW,CE,Combined TRACON& Tower with Radar,116,9,9,6,140,0,5,11,0,16,116,14,20,6,156,0,0,0,156
12/21/2020,OKC,OK,ASW,CE,Combined TRACON& Tower with Radar,105,24,8,59,196,0,1,20,17,38,105,25,28,76,234,14,78,92,326
12/22/2020,OKC,OK,ASW,CE,Combined TRACON& Tower with Radar,108,19,24,89,240,0,9,14,19,42,108,28,38,108,282,0,20,20,302
12/23/2020,OKC,OK,ASW,CE,Combined TRACON& Tower with Radar,108,22,34,1,165,0,0,10,5,15,108,22,44,6,180,0,0,0,180
12/24/2020,OKC,OK,ASW,CE,Combined TRACON& Tower with Radar,73,9,2,0,84,0,5,5,0,10,73,14,7,0,94,0,0,0,94
12/25/2020,OKC,OK,ASW,CE,Combined TRACON& Tower with Radar,63,7,2,0,72,0,5,4,1,10,63,12,6,1,82,0,0,0,82
12/26/2020,OKC,OK,ASW,CE,Combined TRACON& Tower with Radar,88,13,6,0,107,0,8,6,3,17,88,21,12,3,124,0,0,0,124
12/27/2020,OKC,OK,ASW,CE,Combined TRACON& Tower with Radar,79,18,22,0,119,0,0,8,0,8,79,18,30,0,127,0,0,0,127
12/28/2020,OKC,OK,ASW,CE,Combined TRACON& Tower with Radar,95,18,21,13,147,0,6,4,14,24,95,24,25,27,171,0,0,0,171
12/29/2020,OKC,OK,ASW,CE,Combined TRACON& Tower with Radar,95,8,27,3,133,0,0,0,0,0,95,8,27,3,133,0,0,0,133
12/30/2020,OKC,OK,ASW,CE,Combined TRACON& Tower with Radar,120,15,16,4,155,0,3,0,5,8,120,18,16,9,163,0,0,0,163
12/31/2020,OKC,OK,ASW,CE,Combined TRACON& Tower with Radar,68,10,12,0,90,0,1,2,4,7,68,11,14,4,97,0,0,0,97
01/01/2021,OKC,OK,ASW,CE,Combined TRACON& Tower with Radar,65,15,3,1,84,0,0,0,0,0,65,15,3,1,84,0,0,0,84
01/02/2021,OKC,OK,ASW,CE,Combined TRACON& Tower with Radar,103,17,16,0,136,0,7,9,0,16,103,24,25,0,152,0,0,0,152
01/03/2021,OKC,OK,ASW,CE,Combined TRACON& Tower with Radar,101,18,15,4,138,0,4,7,1,12,101,22,22,5,150,0,0,0,150
01/04/2021,OKC,OK,ASW,CE,Combined TRACON& Tower with Radar,100,18,19,29,166,0,7,7,25,39,100,25,26,54,205,0,0,0,205
01/05/2021,OKC,OK,ASW,CE,Combined TRACON& Tower with Radar,90,21,11,57,179,0,9,5,30,44,90,30,16,87,223,0,48,48,271
01/06/2021,OKC,OK,ASW,CE,Combined TRACON& Tower with Radar,93,20,17,33,163,0,0,0,2,2,93,20,17,35,165,0,0,0,165
01/07/2021,OKC,OK,ASW,CE,Combined TRACON& Tower with Radar,97,18,13,39,167,0,1,1,1,3,97,19,14,40,170,0,0,0,170
01/08/2021,OKC,OK,ASW,CE,Combined TRACON& Tower with Radar,92,19,26,99,236,0,3,7,21,31,92,22,33,120,267,0,90,90,357
01/09/2021,OKC,OK,ASW,CE,Combined TRACON& Tower with Radar,74,21,8,2,105,0,7,12,8,27,74,28,20,10,132,0,6,6,138
01/10/2021,OKC,OK,ASW,CE,Combined TRACON& Tower with Radar,88,15,10,8,121,0,1,1,0,2,88,16,11,8,123,0,0,0,123
01/11/2021,OKC,OK,ASW,CE,Combined TRACON& Tower with Radar,89,16,19,57,181,0,2,9,26,37,89,18,28,83,218,0,0,0,218
01/12/2021,OKC,OK,ASW,CE,Combined TRACON& Tower with Radar,93,16,35,90,234,0,3,13,47,63,93,19,48,137,297,0,114,114,411
01/13/2021,OKC,OK,ASW,CE,Combined TRACON& Tower with Radar,89,17,26,69,201,0,8,15,15,38,89,25,41,84,239,2,56,58,297
01/14/2021,OKC,OK,ASW,CE,Combined TRACON& Tower with Radar,100,16,15,70,201,0,10,6,11,27,100,26,21,81,228,0,34,34,262
01/15/2021,OKC,OK,ASW,CE,Combined TRACON& Tower with Radar,95,19,21,27,162,0,4,0,4,8,95,23,21,31,170,0,0,0,170
01/16/2021,OKC,OK,ASW,CE,Combined TRACON& Tower with Radar,73,15,13,5,106,0,9,7,2,18,73,24,20,7,124,0,0,0,124
01/17/2021,OKC,OK,ASW,CE,Combined TRACON& Tower with Radar,90,6,9,19,124,0,10,16,7,33,90,16,25,26,157,10,0,10,167
01/18/2021,OKC,OK,ASW,CE,Combined TRACON& Tower with Radar,82,11,11,2,106,0,5,9,3,17,82,16,20,5,123,0,0,0,123
01/19/2021,OKC,OK,ASW,CE,Combined TRACON& Tower with Radar,85,14,19,96,214,0,2,12,32,46,85,16,31,128,260,0,128,128,388
01/20/2021,OKC,OK,ASW,CE,Combined TRACON& Tower with Radar,86,14,9,157,266,0,8,3,12,23,86,22,12,169,289,0,8,8,297
01/21/2021,OKC,OK,ASW,CE,Combined TRACON& Tower with Radar,96,17,29,95,237,0,1,4,19,24,96,18,33,114,261,0,0,0,261
01/22/2021,OKC,OK,ASW,CE,Combined TRACON& Tower with Radar,104,23,25,110,262,0,4,13,17,34,104,27,38,127,296,0,14,14,310
01/23/2021,OKC,OK,ASW,CE,Combined TRACON& Tower with Radar,71,11,5,52,139,0,0,2,1,3,71,11,7,53,142,0,0,0,142
01/24/2021,OKC,OK,ASW,CE,Combined TRACON& Tower with Radar,86,17,10,60,173,0,0,0,0,0,86,17,10,60,173,0,0,0,173
01/25/2021,OKC,OK,ASW,CE,Combined TRACON& Tower with Radar,89,13,32,25,159,0,4,3,10,17,89,17,35,35,176,0,0,0,176
01/26/2021,OKC,OK,ASW,CE,Combined TRACON& Tower with Radar,89,13,19,126,247,0,4,1,9,14,89,17,20,135,261,0,22,22,283
01/27/2021,OKC,OK,ASW,CE,Combined TRACON& Tower with Radar,86,15,28,153,282,0,2,8,15,25,86,17,36,168,307,0,98,98,405
01/28/2021,OKC,OK,ASW,CE,Combined TRACON& Tower with Radar,102,23,19,73,217,0,6,22,22,50,102,29,41,95,267,8,132,140,407
01/29/2021,OKC,OK,ASW,CE,Combined TRACON& Tower with Radar,94,20,22,91,227,0,10,6,20,36,94,30,28,111,263,0,136,136,399
01/30/2021,OKC,OK,ASW,CE,Combined TRACON& Tower with Radar,80,14,5,12,111,0,4,7,0,11,80,18,12,12,122,0,0,0,122
01/31/2021,OKC,OK,ASW,CE,Combined TRACON& Tower with Radar,88,16,12,16,132,0,7,10,2,19,88,23,22,18,151,0,0,0,151
02/01/2021,OKC,OK,ASW,CE,Combined TRACON& Tower with Radar,90,19,14,74,197,1,9,25,19,54,91,28,39,93,251,0,52,52,303
02/02/2021,OKC,OK,ASW,CE,Combined TRACON& Tower with Radar,89,23,37,58,207,0,20,6,27,53,89,43,43,85,260,0,68,68,328
02/03/2021,OKC,OK,ASW,CE,Combined TRACON& Tower with Radar,88,17,33,54,192,0,11,4,22,37,88,28,37,76,229,2,86,88,317
02/04/2021,OKC,OK,ASW,CE,Combined TRACON& Tower with Radar,101,20,17,73,211,0,3,5,30,38,101,23,22,103,249,0,48,48,297
02/05/2021,OKC,OK,ASW,CE,Combined TRACON& Tower with Radar,97,24,35,111,267,0,7,19,26,52,97,31,54,137,319,6,74,80,399
02/06/2021,OKC,OK,ASW,CE,Combined TRACON& Tower with Radar,72,20,5,55,152,0,0,0,0,0,72,20,5,55,152,0,0,0,152
02/07/2021,OKC,OK,ASW,CE,Combined TRACON& Tower with Radar,87,7,7,7,108,0,1,0,0,1,87,8,7,7,109,0,0,0,109
02/08/2021,OKC,OK,ASW,CE,Combined TRACON& Tower with Radar,94,16,16,2,128,0,0,0,0,0,94,16,16,2,128,0,0,0,128
02/09/2021,OKC,OK,ASW,CE,Combined TRACON& Tower with Radar,89,15,19,6,129,0,0,0,0,0,89,15,19,6,129,0,0,0,129
02/10/2021,OKC,OK,ASW,CE,Combined TRACON& Tower with Radar,87,29,22,0,138,0,0,0,0,0,87,29,22,0,138,0,0,0,138
02/11/2021,OKC,OK,ASW,CE,Combined TRACON& Tower with Radar,103,19,24,13,159,0,0,0,0,0,103,19,24,13,159,0,0,0,159
02/12/2021,OKC,OK,ASW,CE,Combined TRACON& Tower with Radar,102,19,21,0,142,0,0,0,0,0,102,19,21,0,142,0,0,0,142
02/13/2021,OKC,OK,ASW,CE,Combined TRACON& Tower with Radar,74,14,16,0,104,0,4,2,0,6,74,18,18,0,110,0,0,0,110
02/14/2021,OKC,OK,ASW,CE,Combined TRACON& Tower with Radar,14,10,3,0,27,0,0,0,0,0,14,10,3,0,27,0,0,0,27
02/15/2021,OKC,OK,ASW,CE,Combined TRACON& Tower with Radar,51,13,4,0,68,0,5,1,2,8,51,18,5,2,76,0,0,0,76
02/16/2021,OKC,OK,ASW,CE,Combined TRACON& Tower with Radar,40,14,8,2,64,0,0,4,1,5,40,14,12,3,69,0,0,0,69
02/17/2021,OKC,OK,ASW,CE,Combined TRACON& Tower with Radar,44,15,3,10,72,0,3,5,0,8,44,18,8,10,80,0,0,0,80
02/18/2021,OKC,OK,ASW,CE,Combined TRACON& Tower with Radar,82,20,10,14,126,0,6,4,3,13,82,26,14,17,139,0,0,0,139
02/19/2021,OKC,OK,ASW,CE,Combined TRACON& Tower with Radar,91,25,20,78,214,0,2,4,40,46,91,27,24,118,260,0,12,12,272
02/20/2021,OKC,OK,ASW,CE,Combined TRACON& Tower with Radar,74,18,22,28,142,1,1,15,13,30,75,19,37,41,172,0,0,0,172
02/21/2021,OKC,OK,ASW,CE,Combined TRACON& Tower with Radar,92,14,10,16,132,0,9,12,6,27,92,23,22,22,159,0,30,30,189
02/22/2021,OKC,OK,ASW,CE,Combined TRACON& Tower with Radar,99,21,17,120,257,0,9,22,46,77,99,30,39,166,334,0,78,78,412
02/23/2021,OKC,OK,ASW,CE,Combined TRACON& Tower with Radar,98,24,30,156,308,0,8,38,86,132,98,32,68,242,440,0,100,100,540
02/24/2021,OKC,OK,ASW,CE,Combined TRACON& Tower with Radar,92,28,24,109,253,0,7,16,37,60,92,35,40,146,313,0,6,6,319
02/25/2021,OKC,OK,ASW,CE,Combined TRACON& Tower with Radar,98,16,36,132,282,0,3,20,44,67,98,19,56,176,349,0,90,90,439
02/26/2021,OKC,OK,ASW,CE,Combined TRACON& Tower with Radar,102,30,37,84,253,0,7,3,22,32,102,37,40,106,285,0,0,0,285
02/27/2021,OKC,OK,ASW,CE,Combined TRACON& Tower with Radar,84,12,17,7,120,0,0,0,0,0,84,12,17,7,120,0,0,0,120
02/28/2021,OKC,OK,ASW,CE,Combined TRACON& Tower with Radar,112,11,25,21,169,0,2,22,0,24,112,13,47,21,193,8,26,34,227
03/01/2021,OKC,OK,ASW,CE,Combined TRACON& Tower with Radar,93,25,19,140,277,0,4,15,34,53,93,29,34,174,330,0,128,128,458
03/02/2021,OKC,OK,ASW,CE,Combined TRACON& Tower with Radar,96,17,28,92,233,0,4,13,36,53,96,21,41,128,286,0,51,51,337
03/03/2021,OKC,OK,ASW,CE,Combined TRACON& Tower with Radar,93,29,27,55,204,0,13,26,43,82,93,42,53,98,286,0,138,138,424
03/04/2021,OKC,OK,ASW,CE,Combined TRACON& Tower with Radar,103,21,24,69,217,0,4,14,27,45,103,25,38,96,262,0,82,82,344
03/05/2021,OKC,OK,ASW,CE,Combined TRACON& Tower with Radar,104,19,29,51,203,0,0,10,9,19,104,19,39,60,222,12,22,34,256
03/06/2021,OKC,OK,ASW,CE,Combined TRACON& Tower with Radar,83,15,14,51,163,0,5,21,5,31,83,20,35,56,194,0,40,40,234
03/07/2021,OKC,OK,ASW,CE,Combined TRACON& Tower with Radar,103,5,22,20,150,0,4,17,2,23,103,9,39,22,173,0,0,0,173
03/08/2021,OKC,OK,ASW,CE,Combined TRACON& Tower with Radar,106,14,20,152,292,0,2,15,42,59,106,16,35,194,351,0,58,58,409
03/09/2021,OKC,OK,ASW,CE,Combined TRACON& Tower with Radar,99,19,29,98,245,2,4,4,30,40,101,23,33,128,285,0,0,0,285
03/10/2021,OKC,OK,ASW,CE,Combined TRACON& Tower with Radar,100,24,29,101,254,0,8,4,38,50,100,32,33,139,304,4,0,4,308
03/11/2021,OKC,OK,ASW,CE,Combined TRACON& Tower with Radar,111,22,48,103,284,0,0,4,23,27,111,22,52,126,311,0,0,0,311
03/12/2021,OKC,OK,ASW,CE,Combined TRACON& Tower with Radar,107,14,39,16,176,0,0,0,2,2,107,14,39,18,178,0,0,0,178
03/13/2021,OKC,OK,ASW,CE,Combined TRACON& Tower with Radar,86,20,18,0,124,0,1,2,0,3,86,21,20,0,127,0,0,0,127
03/14/2021,OKC,OK,ASW,CE,Combined TRACON& Tower with Radar,99,13,24,28,164,0,5,14,6,25,99,18,38,34,189,0,54,54,243
03/15/2021,OKC,OK,ASW,CE,Combined TRACON& Tower with Radar,100,18,12,58,188,0,6,15,39,60,100,24,27,97,248,0,0,0,248
03/16/2021,OKC,OK,ASW,CE,Combined TRACON& Tower with Radar,111,26,27,104,268,0,5,23,29,57,111,31,50,133,325,0,92,92,417
03/17/2021,OKC,OK,ASW,CE,Combined TRACON& Tower with Radar,103,16,9,16,144,0,0,0,1,1,103,16,9,17,145,0,0,0,145
03/18/2021,OKC,OK,ASW,CE,Combined TRACON& Tower with Radar,111,13,28,108,260,0,0,10,23,33,111,13,38,131,293,4,26,30,323
03/19/2021,OKC,OK,ASW,CE,Combined TRACON& Tower with Radar,114,18,28,97,257,0,3,20,24,47,114,21,48,121,304,0,30,30,334
03/20/2021,OKC,OK,ASW,CE,Combined TRACON& Tower with Radar,91,16,16,31,154,0,2,32,1,35,91,18,48,32,189,0,0,0,189
03/21/2021,OKC,OK,ASW,CE,Combined TRACON& Tower with Radar,105,15,27,22,169,0,4,14,4,22,105,19,41,26,191,8,0,8,199
03/22/2021,OKC,OK,ASW,CE,Combined TRACON& Tower with Radar,99,18,23,25,165,0,0,0,2,2,99,18,23,27,167,0,0,0,167
03/23/2021,OKC,OK,ASW,CE,Combined TRACON& Tower with Radar,111,15,21,106,253,0,5,12,24,41,111,20,33,130,294,0,0,0,294
03/24/2021,OKC,OK,ASW,CE,Combined TRACON& Tower with Radar,115,18,34,172,339,0,5,18,20,43,115,23,52,192,382,0,74,74,456
03/25/2021,OKC,OK,ASW,CE,Combined TRACON& Tower with Radar,112,26,36,116,290,0,8,27,51,86,112,34,63,167,376,0,10,10,386
03/26/2021,OKC,OK,ASW,CE,Combined TRACON& Tower with Radar,118,11,29,123,281,0,8,24,35,67,118,19,53,158,348,0,90,90,438
03/27/2021,OKC,OK,ASW,CE,Combined TRACON& Tower with Radar,83,18,18,167,286,0,0,21,5,26,83,18,39,172,312,0,104,104,416
03/28/2021,OKC,OK,ASW,CE,Combined TRACON& Tower with Radar,104,24,24,25,177,0,5,19,3,27,104,29,43,28,204,0,0,0,204
03/29/2021,OKC,OK,ASW,CE,Combined TRACON& Tower with Radar,101,20,19,74,214,0,12,12,29,53,101,32,31,103,267,0,0,0,267
03/30/2021,OKC,OK,ASW,CE,Combined TRACON& Tower with Radar,110,25,53,85,273,0,8,12,36,56,110,33,65,121,329,0,40,40,369
03/31/2021,OKC,OK,ASW,CE,Combined TRACON& Tower with Radar,104,14,25,110,253,0,2,17,30,49,104,16,42,140,302,0,8,8,310
04/01/2021,OKC,OK,ASW,CE,Combined TRACON& Tower with Radar,115,26,26,99,266,1,0,20,29,50,116,26,46,128,316,0,34,34,350
04/02/2021,OKC,OK,ASW,CE,Combined TRACON& Tower with Radar,114,18,18,76,226,0,5,17,17,39,114,23,35,93,265,0,24,24,289
04/03/2021,OKC,OK,ASW,CE,Combined TRACON& Tower with Radar,83,11,5,8,107,0,3,19,1,23,83,14,24,9,130,0,0,0,130
04/04/2021,OKC,OK,ASW,CE,Combined TRACON& Tower with Radar,105,9,12,27,153,0,12,7,3,22,105,21,19,30,175,0,0,0,175
04/05/2021,OKC,OK,ASW,CE,Combined TRACON& Tower with Radar,113,26,24,157,320,0,5,10,23,38,113,31,34,180,358,0,88,88,446
04/06/2021,OKC,OK,ASW,CE,Combined TRACON& Tower with Radar,117,19,32,149,317,0,6,5,19,30,117,25,37,168,347,4,44,48,395
04/07/2021,OKC,OK,ASW,CE,Combined TRACON& Tower with Radar,113,19,34,102,268,0,7,9,27,43,113,26,43,129,311,4,14,18,329
04/08/2021,OKC,OK,ASW,CE,Combined TRACON& Tower with Radar,113,22,24,167,326,0,6,20,24,50,113,28,44,191,376,0,67,67,443
04/09/2021,OKC,OK,ASW,CE,Combined TRACON& Tower with Radar,118,25,48,67,258,0,13,9,4,26,118,38,57,71,284,0,0,0,284
04/10/2021,OKC,OK,ASW,CE,Combined TRACON& Tower with Radar,92,17,16,9,134,0,8,11,3,22,92,25,27,12,156,0,0,0,156
04/11/2021,OKC,OK,ASW,CE,Combined TRACON& Tower with Radar,107,17,14,49,187,0,2,16,9,27,107,19,30,58,214,0,0,0,214
04/12/2021,OKC,OK,ASW,CE,Combined TRACON& Tower with Radar,107,24,15,193,339,0,2,17,31,50,107,26,32,224,389,0,94,94,483
04/13/2021,OKC,OK,ASW,CE,Combined TRACON& Tower with Radar,96,23,25,35,179,0,3,15,9,27,96,26,40,44,206,0,20,20,226
04/14/2021,OKC,OK,ASW,CE,Combined TRACON& Tower with Radar,100,26,32,93,251,0,2,25,9,36,100,28,57,102,287,0,10,10,297
04/15/2021,OKC,OK,ASW,CE,Combined TRACON& Tower with Radar,108,26,39,29,202,0,2,14,10,26,108,28,53,39,228,0,0,0,228
04/16/2021,OKC,OK,ASW,CE,Combined TRACON& Tower with Radar,125,11,26,38,200,0,0,0,0,0,125,11,26,38,200,0,0,0,200
04/17/2021,OKC,OK,ASW,CE,Combined TRACON& Tower with Radar,96,11,21,56,184,0,1,17,3,21,96,12,38,59,205,0,0,0,205
04/18/2021,OKC,OK,ASW,CE,Combined TRACON& Tower with Radar,99,14,25,6,144,0,3,24,8,35,99,17,49,14,179,0,0,0,179
04/19/2021,OKC,OK,ASW,CE,Combined TRACON& Tower with Radar,107,15,29,114,265,0,10,29,43,82,107,25,58,157,347,0,38,38,385
04/20/2021,OKC,OK,ASW,CE,Combined TRACON& Tower with Radar,99,17,29,119,264,0,8,11,16,35,99,25,40,135,299,0,0,0,299
04/21/2021,OKC,OK,ASW,CE,Combined TRACON& Tower with Radar,97,15,37,97,246,0,11,34,23,68,97,26,71,120,314,0,48,48,362
04/22/2021,OKC,OK,ASW,CE,Combined TRACON& Tower with Radar,109,22,35,148,314,0,3,11,19,33,109,25,46,167,347,0,0,0,347
04/23/2021,OKC,OK,ASW,CE,Combined TRACON& Tower with Radar,129,14,27,25,195,0,1,2,3,6,129,15,29,28,201,0,0,0,201
04/24/2021,OKC,OK,ASW,CE,Combined TRACON& Tower with Radar,94,11,31,4,140,0,7,30,0,37,94,18,61,4,177,0,0,0,177
04/25/2021,OKC,OK,ASW,CE,Combined TRACON& Tower with Radar,99,13,17,37,166,0,6,13,13,32,99,19,30,50,198,0,0,0,198
04/26/2021,OKC,OK,ASW,CE,Combined TRACON& Tower with Radar,106,17,21,134,278,0,4,3,23,30,106,21,24,157,308,0,26,26,334
04/27/2021,OKC,OK,ASW,CE,Combined TRACON& Tower with Radar,97,24,43,73,237,0,5,0,17,22,97,29,43,90,259,0,0,0,259
04/28/2021,OKC,OK,ASW,CE,Combined TRACON& Tower with Radar,98,13,25,28,164,0,0,0,0,0,98,13,25,28,164,0,0,0,164
04/29/2021,OKC,OK,ASW,CE,Combined TRACON& Tower with Radar,107,32,41,170,350,0,10,19,15,44,107,42,60,185,394,20,16,36,430
04/30/2021,OKC,OK,ASW,CE,Combined TRACON& Tower with Radar,109,44,27,162,342,0,15,35,25,75,109,59,62,187,417,10,170,180,597
05/01/2021,OKC,OK,ASW,CE,Combined TRACON& Tower with Radar,94,26,52,38,210,0,7,9,11,27,94,33,61,49,237,0,0,0,237
05/02/2021,OKC,OK,ASW,CE,Combined TRACON& Tower with Radar,102,27,44,35,208,0,13,10,4,27,102,40,54,39,235,0,22,22,257
05/03/2021,OKC,OK,ASW,CE,Combined TRACON& Tower with Radar,126,16,28,40,210,0,6,6,10,22,126,22,34,50,232,0,0,0,232
05/04/2021,OKC,OK,ASW,CE,Combined TRACON& Tower with Radar,108,24,39,71,242,0,8,18,39,65,108,32,57,110,307,4,14,18,325
05/05/2021,OKC,OK,ASW,CE,Combined TRACON& Tower with Radar,105,20,34,129,288,0,3,33,45,81,105,23,67,174,369,0,46,46,415
05/06/2021,OKC,OK,ASW,CE,Combined TRACON& Tower with Radar,114,18,29,82,243,0,5,17,29,51,114,23,46,111,294,0,44,44,338
05/07/2021,OKC,OK,ASW,CE,Combined TRACON& Tower with Radar,114,14,20,71,219,0,2,27,41,70,114,16,47,112,289,0,66,66,355
05/08/2021,OKC,OK,ASW,CE,Combined TRACON& Tower with Radar,107,16,10,27,160,0,2,5,5,12,107,18,15,32,172,0,0,0,172
05/09/2021,OKC,OK,ASW,CE,Combined TRACON& Tower with Radar,113,14,8,20,155,0,9,6,4,19,113,23,14,24,174,0,0,0,174
05/10/2021,OKC,OK,ASW,CE,Combined TRACON& Tower with Radar,144,12,48,139,343,0,2,14,18,34,144,14,62,157,377,0,30,30,407
05/11/2021,OKC,OK,ASW,CE,Combined TRACON& Tower with Radar,142,40,38,11,231,0,0,2,4,6,142,40,40,15,237,0,0,0,237
05/12/2021,OKC,OK,ASW,CE,Combined TRACON& Tower with Radar,114,33,34,82,263,0,6,9,17,32,114,39,43,99,295,0,24,24,319
05/13/2021,OKC,OK,ASW,CE,Combined TRACON& Tower with Radar,119,30,24,80,253,0,9,25,35,69,119,39,49,115,322,0,56,56,378
05/14/2021,OKC,OK,ASW,CE,Combined TRACON& Tower with Radar,119,15,32,88,254,0,13,19,19,51,119,28,51,107,305,0,46,46,351
05/15/2021,OKC,OK,ASW,CE,Combined TRACON& Tower with Radar,106,12,36,15,169,0,3,16,1,20,106,15,52,16,189,0,14,14,203
05/16/2021,OKC,OK,ASW,CE,Combined TRACON& Tower with Radar,120,10,14,5,149,0,1,5,1,7,120,11,19,6,156,0,0,0,156
05/17/2021,OKC,OK,ASW,CE,Combined TRACON& Tower with Radar,112,17,35,62,226,0,3,9,11,23,112,20,44,73,249,0,0,0,249
05/18/2021,OKC,OK,ASW,CE,Combined TRACON& Tower with Radar,126,16,23,86,251,0,1,5,16,22,126,17,28,102,273,0,36,36,309
05/19/2021,OKC,OK,ASW,CE,Combined TRACON& Tower with Radar,108,23,39,138,308,0,8,6,22,36,108,31,45,160,344,0,0,0,344
05/20/2021,OKC,OK,ASW,CE,Combined TRACON& Tower with Radar,118,32,29,201,380,0,3,5,26,34,118,35,34,227,414,0,66,66,480
05/21/2021,OKC,OK,ASW,CE,Combined TRACON& Tower with Radar,117,16,23,60,216,0,4,7,5,16,117,20,30,65,232,0,0,0,232
05/22/2021,OKC,OK,ASW,CE,Combined TRACON& Tower with Radar,105,9,15,9,138,0,0,0,0,0,105,9,15,9,138,0,0,0,138
05/23/2021,OKC,OK,ASW,CE,Combined TRACON& Tower with Radar,109,9,17,15,150,0,5,2,1,8,109,14,19,16,158,0,0,0,158
05/24/2021,OKC,OK,ASW,CE,Combined TRACON& Tower with Radar,136,8,38,49,231,0,0,2,6,8,136,8,40,55,239,0,0,0,239
05/25/2021,OKC,OK,ASW,CE,Combined TRACON& Tower with Radar,116,13,26,33,188,0,0,6,24,30,116,13,32,57,218,0,0,0,218
05/26/2021,OKC,OK,ASW,CE,Combined TRACON& Tower with Radar,112,19,34,30,195,0,4,6,11,21,112,23,40,41,216,0,0,0,216
05/27/2021,OKC,OK,ASW,CE,Combined TRACON& Tower with Radar,116,19,34,15,184,0,1,6,4,11,116,20,40,19,195,0,0,0,195
05/28/2021,OKC,OK,ASW,CE,Combined TRACON& Tower with Radar,118,14,40,16,188,0,3,18,23,44,118,17,58,39,232,0,0,0,232
05/29/2021,OKC,OK,ASW,CE,Combined TRACON& Tower with Radar,100,12,18,1,131,0,1,22,0,23,100,13,40,1,154,0,0,0,154
05/30/2021,OKC,OK,ASW,CE,Combined TRACON& Tower with Radar,107,7,12,1,127,0,8,11,1,20,107,15,23,2,147,0,0,0,147
05/31/2021,OKC,OK,ASW,CE,Combined TRACON& Tower with Radar,99,6,9,12,126,0,0,0,0,0,99,6,9,12,126,0,0,0,126
06/01/2021,OKC,OK,ASW,CE,Combined TRACON& Tower with Radar,116,15,32,82,245,0,1,9,48,58,116,16,41,130,303,0,0,0,303
06/02/2021,OKC,OK,ASW,CE,Combined TRACON& Tower with Radar,115,18,37,109,279,0,4,16,41,61,115,22,53,150,340,0,66,66,406
06/03/2021,OKC,OK,ASW,CE,Combined TRACON& Tower with Radar,114,41,30,130,315,0,3,26,46,75,114,44,56,176,390,0,48,48,438
06/04/2021,OKC,OK,ASW,CE,Combined TRACON& Tower with Radar,122,28,37,151,338,0,12,27,26,65,122,40,64,177,403,0,0,0,403
06/05/2021,OKC,OK,ASW,CE,Combined TRACON& Tower with Radar,119,31,20,29,199,0,0,6,7,13,119,31,26,36,212,0,0,0,212
06/06/2021,OKC,OK,ASW,CE,Combined TRACON& Tower with Radar,126,16,30,4,176,0,0,4,4,8,126,16,34,8,184,0,0,0,184
06/07/2021,OKC,OK,ASW,CE,Combined TRACON& Tower with Radar,141,26,46,131,344,0,4,6,15,25,141,30,52,146,369,0,0,0,369
06/08/2021,OKC,OK,ASW,CE,Combined TRACON& Tower with Radar,120,25,32,77,254,0,4,14,17,35,120,29,46,94,289,0,0,0,289
06/09/2021,OKC,OK,ASW,CE,Combined TRACON& Tower with Radar,133,23,37,85,278,0,5,18,30,53,133,28,55,115,331,0,0,0,331
06/10/2021,OKC,OK,ASW,CE,Combined TRACON& Tower with Radar,118,16,25,87,246,0,9,17,14,40,118,25,42,101,286,0,0,0,286
06/11/2021,OKC,OK,ASW,CE,Combined TRACON& Tower with Radar,123,23,27,131,304,0,5,7,26,38,123,28,34,157,342,0,22,22,364
06/12/2021,OKC,OK,ASW,CE,Combined TRACON& Tower with Radar,123,16,19,39,197,0,9,18,5,32,123,25,37,44,229,0,0,0,229
06/13/2021,OKC,OK,ASW,CE,Combined TRACON& Tower with Radar,121,16,8,7,152,0,0,9,2,11,121,16,17,9,163,0,0,0,163
06/14/2021,OKC,OK,ASW,CE,Combined TRACON& Tower with Radar,142,23,35,150,350,0,16,24,26,66,142,39,59,176,416,0,68,68,484
06/15/2021,OKC,OK,ASW,CE,Combined TRACON& Tower with Radar,113,19,23,89,244,0,11,25,24,60,113,30,48,113,304,8,168,176,480
06/16/2021,OKC,OK,ASW,CE,Combined TRACON& Tower with Radar,111,21,35,104,271,0,9,17,51,77,111,30,52,155,348,0,44,44,392
06/17/2021,OKC,OK,ASW,CE,Combined TRACON& Tower with Radar,129,31,32,87,279,0,10,16,23,49,129,41,48,110,328,0,0,0,328
06/18/2021,OKC,OK,ASW,CE,Combined TRACON& Tower with Radar,114,17,18,12,161,0,9,12,7,28,114,26,30,19,189,0,0,0,189
06/19/2021,OKC,OK,ASW,CE,Combined TRACON& Tower with Radar,115,29,23,3,170,0,9,29,3,41,115,38,52,6,211,0,0,0,211
06/20/2021,OKC,OK,ASW,CE,Combined TRACON& Tower with Radar,125,28,17,5,175,0,5,12,0,17,125,33,29,5,192,0,0,0,192
06/21/2021,OKC,OK,ASW,CE,Combined TRACON& Tower with Radar,125,18,29,39,211,0,3,18,21,42,125,21,47,60,253,28,30,58,311
06/22/2021,OKC,OK,ASW,CE,Combined TRACON& Tower with Radar,120,25,29,90,264,0,11,29,37,77,120,36,58,127,341,50,20,70,411
06/23/2021,OKC,OK,ASW,CE,Combined TRACON& Tower with Radar,120,31,37,57,245,0,6,18,19,43,120,37,55,76,288,0,0,0,288
06/24/2021,OKC,OK,ASW,CE,Combined TRACON& Tower with Radar,119,41,29,73,262,0,4,30,21,55,119,45,59,94,317,18,12,30,347
06/25/2021,OKC,OK,ASW,CE,Combined TRACON& Tower with Radar,119,32,26,72,249,0,5,19,19,43,119,37,45,91,292,1,64,65,357
06/26/2021,OKC,OK,ASW,CE,Combined TRACON& Tower with Radar,114,32,14,1,161,0,2,1,2,5,114,34,15,3,166,0,0,0,166
06/27/2021,OKC,OK,ASW,CE,Combined TRACON& Tower with Radar,126,19,18,52,215,0,0,6,0,6,126,19,24,52,221,0,0,0,221
06/28/2021,OKC,OK,ASW,CE,Combined TRACON& Tower with Radar,142,16,16,65,239,0,0,0,10,10,142,16,16,75,249,0,18,18,267
06/29/2021,OKC,OK,ASW,CE,Combined TRACON& Tower with Radar,121,21,27,42,211,0,0,3,3,6,121,21,30,45,217,0,38,38,255
06/30/2021,OKC,OK,ASW,CE,Combined TRACON& Tower with Radar,115,39,15,147,316,0,7,17,29,53,115,46,32,176,369,2,66,68,437
07/01/2021,OKC,OK,ASW,CE,Combined TRACON& Tower with Radar,150,24,31,40,245,0,0,8,14,22,150,24,39,54,267,0,14,14,281
07/02/2021,OKC,OK,ASW,CE,Combined TRACON& Tower with Radar,123,35,24,8,190,0,0,10,1,11,123,35,34,9,201,0,0,0,201
07/03/2021,OKC,OK,ASW,CE,Combined TRACON& Tower with Radar,117,19,10,5,151,0,2,12,2,16,117,21,22,7,167,0,0,0,167
07/04/2021,OKC,OK,ASW,CE,Combined TRACON& Tower with Radar,119,17,9,0,145,0,1,23,0,24,119,18,32,0,169,0,0,0,169
07/05/2021,OKC,OK,ASW,CE,Combined TRACON& Tower with Radar,111,24,11,0,146,0,0,15,2,17,111,24,26,2,163,0,0,0,163
07/06/2021,OKC,OK,ASW,CE,Combined TRACON& Tower with Radar,139,20,21,104,284,0,0,26,19,45,139,20,47,123,329,0,6,6,335
07/07/2021,OKC,OK,ASW,CE,Combined TRACON& Tower with Radar,125,44,31,100,300,0,7,33,38,78,125,51,64,138,378,0,20,20,398
07/08/2021,OKC,OK,ASW,CE,Combined TRACON& Tower with Radar,126,37,37,109,309,0,2,42,33,77,126,39,79,142,386,26,60,86,472
07/09/2021,OKC,OK,ASW,CE,Combined TRACON& Tower with Radar,126,30,28,204,388,0,1,33,37,71,126,31,61,241,459,4,94,98,557
07/10/2021,OKC,OK,ASW,CE,Combined TRACON& Tower with Radar,120,12,20,21,173,0,2,19,5,26,120,14,39,26,199,4,0,4,203
07/11/2021,OKC,OK,ASW,CE,Combined TRACON& Tower with Radar,131,25,26,50,232,0,0,24,4,28,131,25,50,54,260,0,8,8,268
07/12/2021,OKC,OK,ASW,CE,Combined TRACON& Tower with Radar,120,25,32,99,276,0,0,34,22,56,120,25,66,121,332,0,56,56,388
07/13/2021,OKC,OK,ASW,CE,Combined TRACON& Tower with Radar,125,35,33,65,258,0,2,22,25,49,125,37,55,90,307,0,46,46,353
07/14/2021,OKC,OK,ASW,CE,Combined TRACON& Tower with Radar,127,26,34,120,307,0,11,29,22,62,127,37,63,142,369,0,2,2,371
07/15/2021,OKC,OK,ASW,CE,Combined TRACON& Tower with Radar,134,32,37,129,332,0,3,19,27,49,134,35,56,156,381,0,22,22,403
07/16/2021,OKC,OK,ASW,CE,Combined TRACON& Tower with Radar,129,24,17,85,255,0,1,19,10,30,129,25,36,95,285,0,16,16,301
07/17/2021,OKC,OK,ASW,CE,Combined TRACON& Tower with Radar,115,17,20,4,156,0,1,20,3,24,115,18,40,7,180,0,8,8,188
07/18/2021,OKC,OK,ASW,CE,Combined TRACON& Tower with Radar,131,15,22,12,180,0,0,19,1,20,131,15,41,13,200,0,0,0,200
07/19/2021,OKC,OK,ASW,CE,Combined TRACON& Tower with Radar,140,28,29,126,323,0,0,23,48,71,140,28,52,174,394,26,0,26,420
07/20/2021,OKC,OK,ASW,CE,Combined TRACON& Tower with Radar,129,33,50,116,328,0,8,38,39,85,129,41,88,155,413,0,44,44,457
07/21/2021,OKC,OK,ASW,CE,Combined TRACON& Tower with Radar,121,30,42,143,336,0,3,38,42,83,121,33,80,185,419,0,62,62,481
07/22/2021,OKC,OK,ASW,CE,Combined TRACON& Tower with Radar,137,35,40,87,299,0,1,28,33,62,137,36,68,120,361,14,24,38,399
07/23/2021,OKC,OK,ASW,CE,Combined TRACON& Tower with Radar,127,18,18,71,234,0,4,30,18,52,127,22,48,89,286,0,42,42,328
07/24/2021,OKC,OK,ASW,CE,Combined TRACON& Tower with Radar,115,19,14,12,160,0,1,35,6,42,115,20,49,18,202,0,0,0,202
07/25/2021,OKC,OK,ASW,CE,Combined TRACON& Tower with Radar,141,18,13,2,174,0,0,20,0,20,141,18,33,2,194,0,0,0,194
07/26/2021,OKC,OK,ASW,CE,Combined TRACON& Tower with Radar,120,22,26,38,206,0,4,9,30,43,120,26,35,68,249,12,18,30,279
07/27/2021,OKC,OK,ASW,CE,Combined TRACON& Tower with Radar,136,40,27,101,304,0,7,16,23,46,136,47,43,124,350,0,90,90,440
07/28/2021,OKC,OK,ASW,CE,Combined TRACON& Tower with Radar,129,21,24,106,280,0,1,24,23,48,129,22,48,129,328,0,22,22,350
07/29/2021,OKC,OK,ASW,CE,Combined TRACON& Tower with Radar,138,30,26,97,291,0,2,31,26,59,138,32,57,123,350,0,38,38,388
07/30/2021,OKC,OK,ASW,CE,Combined TRACON& Tower with Radar,124,19,30,107,280,0,6,31,29,66,124,25,61,136,346,0,32,32,378
07/31/2021,OKC,OK,ASW,CE,Combined TRACON& Tower with Radar,121,25,20,24,190,0,1,10,4,15,121,26,30,28,205,0,0,0,205
08/01/2021,OKC,OK,ASW,CE,Combined TRACON& Tower with Radar,188,22,12,8,230,0,2,18,0,20,188,24,30,8,250,0,0,0,250
08/02/2021,OKC,OK,ASW,CE,Combined TRACON& Tower with Radar,121,24,19,92,256,0,0,38,27,65,121,24,57,119,321,16,52,68,389
08/03/2021,OKC,OK,ASW,CE,Combined TRACON& Tower with Radar,130,27,28,109,294,0,6,40,38,84,130,33,68,147,378,0,10,10,388
08/04/2021,OKC,OK,ASW,CE,Combined TRACON& Tower with Radar,135,16,34,90,275,0,4,26,32,62,135,20,60,122,337,0,46,46,383
08/05/2021,OKC,OK,ASW,CE,Combined TRACON& Tower with Radar,152,24,22,84,282,0,3,16,15,34,152,27,38,99,316,0,10,10,326
08/06/2021,OKC,OK,ASW,CE,Combined TRACON& Tower with Radar,128,18,24,140,310,0,7,33,23,63,128,25,57,163,373,0,36,36,409
08/07/2021,OKC,OK,ASW,CE,Combined TRACON& Tower with Radar,125,20,19,24,188,0,0,29,10,39,125,20,48,34,227,0,38,38,265
08/08/2021,OKC,OK,ASW,CE,Combined TRACON& Tower with Radar,137,18,15,7,177,0,4,12,0,16,137,22,27,7,193,0,8,8,201
08/09/2021,OKC,OK,ASW,CE,Combined TRACON& Tower with Radar,130,18,21,75,244,1,0,23,31,55,131,18,44,106,299,16,70,86,385
08/10/2021,OKC,OK,ASW,CE,Combined TRACON& Tower with Radar,128,19,39,79,265,0,2,25,33,60,128,21,64,112,325,0,26,26,351
08/11/2021,OKC,OK,ASW,CE,Combined TRACON& Tower with Radar,131,38,15,83,267,0,6,27,22,55,131,44,42,105,322,0,32,32,354
08/12/2021,OKC,OK,ASW,CE,Combined TRACON& Tower with Radar,135,35,17,79,266,0,1,28,29,58,135,36,45,108,324,12,26,38,362
08/13/2021,OKC,OK,ASW,CE,Combined TRACON& Tower with Radar,126,23,21,41,211,0,0,9,25,34,126,23,30,66,245,28,6,34,279
08/14/2021,OKC,OK,ASW,CE,Combined TRACON& Tower with Radar,125,9,11,14,159,0,0,20,4,24,125,9,31,18,183,8,0,8,191
08/15/2021,OKC,OK,ASW,CE,Combined TRACON& Tower with Radar,129,21,22,24,196,0,0,23,2,25,129,21,45,26,221,0,24,24,245
08/16/2021,OKC,OK,ASW,CE,Combined TRACON& Tower with Radar,130,22,20,65,237,0,3,35,21,59,130,25,55,86,296,24,40,64,360
08/17/2021,OKC,OK,ASW,CE,Combined TRACON& Tower with Radar,112,14,18,43,187,0,0,14,17,31,112,14,32,60,218,8,16,24,242
08/18/2021,OKC,OK,ASW,CE,Combined TRACON& Tower with Radar,124,29,19,108,280,0,0,8,11,19,124,29,27,119,299,0,28,28,327
08/19/2021,OKC,OK,ASW,CE,Combined TRACON& Tower with Radar,141,24,17,37,219,0,0,2,9,11,141,24,19,46,230,0,0,0,230
08/20/2021,OKC,OK,ASW,CE,Combined TRACON& Tower with Radar,129,19,29,139,316,0,6,19,33,58,129,25,48,172,374,0,90,90,464
08/21/2021,OKC,OK,ASW,CE,Combined TRACON& Tower with Radar,117,14,19,13,163,0,4,15,5,24,117,18,34,18,187,0,0,0,187
08/22/2021,OKC,OK,ASW,CE,Combined TRACON& Tower with Radar,137,14,13,10,174,0,0,17,0,17,137,14,30,10,191,0,0,0,191
08/23/2021,OKC,OK,ASW,CE,Combined TRACON& Tower with Radar,130,24,25,94,273,0,4,16,26,46,130,28,41,120,319,0,22,22,341
08/24/2021,OKC,OK,ASW,CE,Combined TRACON& Tower with Radar,122,30,24,109,285,0,2,19,30,51,122,32,43,139,336,0,42,42,378
08/25/2021,OKC,OK,ASW,CE,Combined TRACON& Tower with Radar,122,18,25,111,276,0,1,33,39,73,122,19,58,150,349,0,20,20,369
08/26/2021,OKC,OK,ASW,CE,Combined TRACON& Tower with Radar,146,19,21,67,253,0,4,28,31,63,146,23,49,98,316,14,56,70,386
08/27/2021,OKC,OK,ASW,CE,Combined TRACON& Tower with Radar,135,11,20,105,271,0,0,26,27,53,135,11,46,132,324,22,56,78,402
08/28/2021,OKC,OK,ASW,CE,Combined TRACON& Tower with Radar,118,14,6,40,178,0,0,18,7,25,118,14,24,47,203,0,0,0,203
08/29/2021,OKC,OK,ASW,CE,Combined TRACON& Tower with Radar,134,17,23,32,206,0,1,15,9,25,134,18,38,41,231,0,18,18,249
08/30/2021,OKC,OK,ASW,CE,Combined TRACON& Tower with Radar,126,11,24,87,248,0,2,23,27,52,126,13,47,114,300,8,24,32,332
08/31/2021,OKC,OK,ASW,CE,Combined TRACON& Tower with Radar,129,24,21,95,269,0,1,43,23,67,129,25,64,118,336,0,60,60,396
09/01/2021,OKC,OK,ASW,CE,Combined TRACON& Tower with Radar,121,23,31,119,294,0,1,32,50,83,121,24,63,169,377,0,102,102,479
09/02/2021,OKC,OK,ASW,CE,Combined TRACON& Tower with Radar,139,22,25,73,259,0,0,26,12,38,139,22,51,85,297,0,8,8,305
09/03/2021,OKC,OK,ASW,CE,Combined TRACON& Tower with Radar,133,12,27,18,190,0,0,21,11,32,133,12,48,29,222,0,0,0,222
09/04/2021,OKC,OK,ASW,CE,Combined TRACON& Tower with Radar,118,10,6,0,134,0,0,8,1,9,118,10,14,1,143,0,0,0,143
09/05/2021,OKC,OK,ASW,CE,Combined TRACON& Tower with Radar,119,14,4,0,137,0,0,8,2,10,119,14,12,2,147,0,0,0,147
09/06/2021,OKC,OK,ASW,CE,Combined TRACON& Tower with Radar,114,10,17,0,141,0,0,17,2,19,114,10,34,2,160,0,0,0,160
09/07/2021,OKC,OK,ASW,CE,Combined TRACON& Tower with Radar,117,22,23,165,327,0,1,10,34,45,117,23,33,199,372,0,228,228,600
09/08/2021,OKC,OK,ASW,CE,Combined TRACON& Tower with Radar,128,18,28,107,281,0,1,20,26,47,128,19,48,133,328,0,0,0,328
09/09/2021,OKC,OK,ASW,CE,Combined TRACON& Tower with Radar,136,34,31,85,286,0,7,21,23,51,136,41,52,108,337,0,14,14,351
09/10/2021,OKC,OK,ASW,CE,Combined TRACON& Tower with Radar,128,31,27,71,257,1,0,12,12,25,129,31,39,83,282,0,0,0,282
09/11/2021,OKC,OK,ASW,CE,Combined TRACON& Tower with Radar,115,25,13,24,177,0,3,22,10,35,115,28,35,34,212,0,20,20,232
09/12/2021,OKC,OK,ASW,CE,Combined TRACON& Tower with Radar,143,21,18,5,187,0,0,14,1,15,143,21,32,6,202,0,0,0,202
09/13/2021,OKC,OK,ASW,CE,Combined TRACON& Tower with Radar,125,20,15,92,252,0,3,18,29,50,125,23,33,121,302,0,24,24,326
09/14/2021,OKC,OK,ASW,CE,Combined TRACON& Tower with Radar,117,22,26,134,299,0,0,32,22,54,117,22,58,156,353,0,84,84,437
09/15/2021,OKC,OK,ASW,CE,Combined TRACON& Tower with Radar,124,26,27,75,252,0,5,24,35,64,124,31,51,110,316,0,20,20,336
09/16/2021,OKC,OK,ASW,CE,Combined TRACON& Tower with Radar,138,30,32,85,285,0,4,33,23,60,138,34,65,108,345,6,72,78,423
09/17/2021,OKC,OK,ASW,CE,Combined TRACON& Tower with Radar,141,25,32,117,315,0,6,25,28,59,141,31,57,145,374,6,54,60,434
09/18/2021,OKC,OK,ASW,CE,Combined TRACON& Tower with Radar,119,24,21,36,200,0,0,16,5,21,119,24,37,41,221,0,0,0,221
09/19/2021,OKC,OK,ASW,CE,Combined TRACON& Tower with Radar,144,27,34,13,218,0,0,22,8,30,144,27,56,21,248,0,0,0,248
09/20/2021,OKC,OK,ASW,CE,Combined TRACON& Tower with Radar,137,16,13,95,261,0,1,20,44,65,137,17,33,139,326,6,62,68,394
09/21/2021,OKC,OK,ASW,CE,Combined TRACON& Tower with Radar,118,35,18,113,284,0,0,23,31,54,118,35,41,144,338,20,52,72,410
09/22/2021,OKC,OK,ASW,CE,Combined TRACON& Tower with Radar,122,20,16,105,263,0,7,20,44,71,122,27,36,149,334,12,74,86,420
09/23/2021,OKC,OK,ASW,CE,Combined TRACON& Tower with Radar,148,34,37,37,256,0,0,13,28,41,148,34,50,65,297,0,22,22,319
09/24/2021,OKC,OK,ASW,CE,Combined TRACON& Tower with Radar,133,38,26,41,238,0,11,26,16,53,133,49,52,57,291,0,46,46,337
09/25/2021,OKC,OK,ASW,CE,Combined TRACON& Tower with Radar,114,18,37,3,172,0,6,29,4,39,114,24,66,7,211,8,6,14,225
09/26/2021,OKC,OK,ASW,CE,Combined TRACON& Tower with Radar,141,15,43,13,212,0,1,22,6,29,141,16,65,19,241,0,0,0,241
09/27/2021,OKC,OK,ASW,CE,Combined TRACON& Tower with Radar,128,17,37,114,296,0,1,28,27,56,128,18,65,141,352,0,0,0,352
09/28/2021,OKC,OK,ASW,CE,Combined TRACON& Tower with Radar,123,33,21,93,270,0,1,10,30,41,123,34,31,123,311,0,0,0,311
09/29/2021,OKC,OK,ASW,CE,Combined TRACON& Tower with Radar,119,32,25,123,299,0,11,16,15,42,119,43,41,138,341,0,142,142,483
09/30/2021,OKC,OK,ASW,CE,Combined TRACON& Tower with Radar,136,17,15,8,176,0,1,7,0,8,136,18,22,8,184,0,0,0,184
10/01/2021,OKC,OK,ASW,CE,Combined TRACON& Tower with Radar,136,22,28,103,289,0,0,11,0,11,136,22,39,103,300,0,0,0,300
10/02/2021,OKC,OK,ASW,CE,Combined TRACON& Tower with Radar,117,11,12,31,171,0,1,10,2,13,117,12,22,33,184,8,8,16,200
10/03/2021,OKC,OK,ASW,CE,Combined TRACON& Tower with Radar,145,10,23,3,181,0,0,12,0,12,145,10,35,3,193,0,0,0,193
10/04/2021,OKC,OK,ASW,CE,Combined TRACON& Tower with Radar,127,26,32,139,324,0,0,30,21,51,127,26,62,160,375,0,20,20,395
10/05/2021,OKC,OK,ASW,CE,Combined TRACON& Tower with Radar,121,28,42,117,308,0,7,20,25,52,121,35,62,142,360,30,56,86,446
10/06/2021,OKC,OK,ASW,CE,Combined TRACON& Tower with Radar,134,35,50,167,386,0,6,25,40,71,134,41,75,207,457,8,40,48,505
10/07/2021,OKC,OK,ASW,CE,Combined TRACON& Tower with Radar,139,36,33,102,310,0,6,20,23,49,139,42,53,125,359,0,20,20,379
10/08/2021,OKC,OK,ASW,CE,Combined TRACON& Tower with Radar,134,27,23,104,288,0,0,24,6,30,134,27,47,110,318,0,10,10,328
10/09/2021,OKC,OK,ASW,CE,Combined TRACON& Tower with Radar,105,19,9,22,155,0,4,13,15,32,105,23,22,37,187,0,0,0,187
10/10/2021,OKC,OK,ASW,CE,Combined TRACON& Tower with Radar,121,15,24,0,160,0,1,8,0,9,121,16,32,0,169,0,0,0,169
10/11/2021,OKC,OK,ASW,CE,Combined TRACON& Tower with Radar,124,15,25,2,166,0,2,25,0,27,124,17,50,2,193,0,0,0,193
10/12/2021,OKC,OK,ASW,CE,Combined TRACON& Tower with Radar,120,23,34,34,211,0,1,15,7,23,120,24,49,41,234,0,0,0,234
10/13/2021,OKC,OK,ASW,CE,Combined TRACON& Tower with Radar,135,35,38,76,284,0,0,8,16,24,135,35,46,92,308,0,10,10,318
10/14/2021,OKC,OK,ASW,CE,Combined TRACON& Tower with Radar,138,39,37,62,276,0,5,4,6,15,138,44,41,68,291,0,0,0,291
10/15/2021,OKC,OK,ASW,CE,Combined TRACON& Tower with Radar,132,18,37,36,223,0,3,33,19,55,132,21,70,55,278,0,0,0,278
10/16/2021,OKC,OK,ASW,CE,Combined TRACON& Tower with Radar,111,17,11,15,154,0,0,24,5,29,111,17,35,20,183,0,0,0,183
10/17/2021,OKC,OK,ASW,CE,Combined TRACON& Tower with Radar,143,18,33,24,218,0,0,27,7,34,143,18,60,31,252,0,0,0,252
10/18/2021,OKC,OK,ASW,CE,Combined TRACON& Tower with Radar,126,26,27,57,236,0,5,16,26,47,126,31,43,83,283,0,26,26,309
10/19/2021,OKC,OK,ASW,CE,Combined TRACON& Tower with Radar,125,32,28,79,264,0,2,29,24,55,125,34,57,103,319,14,0,14,333
10/20/2021,OKC,OK,ASW,CE,Combined TRACON& Tower with Radar,120,27,40,59,246,0,3,24,21,48,120,30,64,80,294,6,22,28,322
10/21/2021,OKC,OK,ASW,CE,Combined TRACON& Tower with Radar,127,24,30,95,276,0,11,25,25,61,127,35,55,120,337,0,48,48,385
10/22/2021,OKC,OK,ASW,CE,Combined TRACON& Tower with Radar,121,19,35,61,236,0,0,25,16,41,121,19,60,77,277,8,0,8,285
10/23/2021,OKC,OK,ASW,CE,Combined TRACON& Tower with Radar,109,19,8,7,143,0,4,23,0,27,109,23,31,7,170,0,0,0,170
10/24/2021,OKC,OK,ASW,CE,Combined TRACON& Tower with Radar,164,17,21,39,241,0,0,9,0,9,164,17,30,39,250,0,4,4,254
10/25/2021,OKC,OK,ASW,CE,Combined TRACON& Tower with Radar,131,21,24,95,271,0,5,22,36,63,131,26,46,131,334,0,2,2,336
10/26/2021,OKC,OK,ASW,CE,Combined TRACON& Tower with Radar,127,20,46,39,232,0,1,17,15,33,127,21,63,54,265,0,0,0,265
10/27/2021,OKC,OK,ASW,CE,Combined TRACON& Tower with Radar,127,27,36,61,251,0,0,3,6,9,127,27,39,67,260,0,20,20,280
10/28/2021,OKC,OK,ASW,CE,Combined TRACON& Tower with Radar,134,30,26,39,229,0,1,3,9,13,134,31,29,48,242,0,0,0,242
10/29/2021,OKC,OK,ASW,CE,Combined TRACON& Tower with Radar,138,27,11,52,228,0,6,15,17,38,138,33,26,69,266,0,0,0,266
10/30/2021,OKC,OK,ASW,CE,Combined TRACON& Tower with Radar,104,20,8,2,134,0,0,17,1,18,104,20,25,3,152,0,4,4,156
10/31/2021,OKC,OK,ASW,CE,Combined TRACON& Tower with Radar,132,15,15,11,173,0,2,29,2,33,132,17,44,13,206,0,0,0,206
11/01/2021,OKC,OK,ASW,CE,Combined TRACON& Tower with Radar,124,12,42,132,310,0,3,25,20,48,124,15,67,152,358,0,38,38,396
11/02/2021,OKC,OK,ASW,CE,Combined TRACON& Tower with Radar,125,26,40,72,263,0,0,2,3,5,125,26,42,75,268,0,0,0,268
11/03/2021,OKC,OK,ASW,CE,Combined TRACON& Tower with Radar,122,14,36,41,213,0,0,1,3,4,122,14,37,44,217,0,0,0,217
11/04/2021,OKC,OK,ASW,CE,Combined TRACON& Tower with Radar,148,15,70,98,331,0,1,20,16,37,148,16,90,114,368,0,0,0,368
11/05/2021,OKC,OK,ASW,CE,Combined TRACON& Tower with Radar,138,31,46,80,295,0,2,42,17,61,138,33,88,97,356,10,50,60,416
11/06/2021,OKC,OK,ASW,CE,Combined TRACON& Tower with Radar,110,12,19,24,165,0,2,42,9,53,110,14,61,33,218,0,14,14,232
11/07/2021,OKC,OK,ASW,CE,Combined TRACON& Tower with Radar,138,17,33,25,213,0,1,37,9,47,138,18,70,34,260,0,0,0,260
11/08/2021,OKC,OK,ASW,CE,Combined TRACON& Tower with Radar,129,21,34,61,245,0,4,30,38,72,129,25,64,99,317,0,22,22,339
11/09/2021,OKC,OK,ASW,CE,Combined TRACON& Tower with Radar,116,32,38,54,240,0,1,15,26,42,116,33,53,80,282,0,0,0,282
11/10/2021,OKC,OK,ASW,CE,Combined TRACON& Tower with Radar,134,20,49,50,253,0,0,3,6,9,134,20,52,56,262,0,2,2,264
11/11/2021,OKC,OK,ASW,CE,Combined TRACON& Tower with Radar,150,32,32,10,224,0,7,38,0,45,150,39,70,10,269,0,22,22,291
11/12/2021,OKC,OK,ASW,CE,Combined TRACON& Tower with Radar,134,30,31,122,317,0,2,16,7,25,134,32,47,129,342,0,44,44,386
11/13/2021,OKC,OK,ASW,CE,Combined TRACON& Tower with Radar,109,15,27,18,169,0,0,35,5,40,109,15,62,23,209,0,14,14,223
11/14/2021,OKC,OK,ASW,CE,Combined TRACON& Tower with Radar,137,19,19,30,205,0,0,23,4,27,137,19,42,34,232,0,22,22,254
11/15/2021,OKC,OK,ASW,CE,Combined TRACON& Tower with Radar,129,20,28,66,243,0,1,28,30,59,129,21,56,96,302,12,62,74,376
11/16/2021,OKC,OK,ASW,CE,Combined TRACON& Tower with Radar,125,34,30,40,229,0,1,22,31,54,125,35,52,71,283,0,0,0,283
11/17/2021,OKC,OK,ASW,CE,Combined TRACON& Tower with Radar,124,29,39,135,327,0,1,22,22,45,124,30,61,157,372,0,4,4,376
11/18/2021,OKC,OK,ASW,CE,Combined TRACON& Tower with Radar,152,36,38,108,334,0,2,38,21,61,152,38,76,129,395,0,0,0,395
11/19/2021,OKC,OK,ASW,CE,Combined TRACON& Tower with Radar,136,25,36,96,293,0,7,26,25,58,136,32,62,121,351,0,26,26,377
11/20/2021,OKC,OK,ASW,CE,Combined TRACON& Tower with Radar,109,26,17,25,177,0,4,23,6,33,109,30,40,31,210,0,32,32,242
11/21/2021,OKC,OK,ASW,CE,Combined TRACON& Tower with Radar,126,13,12,34,185,0,0,11,4,15,126,13,23,38,200,0,10,10,210
11/22/2021,OKC,OK,ASW,CE,Combined TRACON& Tower with Radar,129,23,21,99,272,0,3,25,21,49,129,26,46,120,321,0,0,0,321
11/23/2021,OKC,OK,ASW,CE,Combined TRACON& Tower with Radar,145,27,34,58,264,0,4,10,20,34,145,31,44,78,298,0,0,0,298
11/24/2021,OKC,OK,ASW,CE,Combined TRACON& Tower with Radar,155,23,17,55,250,0,0,14,10,24,155,23,31,65,274,0,6,6,280
11/25/2021,OKC,OK,ASW,CE,Combined TRACON& Tower with Radar,80,15,3,0,98,0,0,11,0,11,80,15,14,0,109,0,0,0,109
11/26/2021,OKC,OK,ASW,CE,Combined TRACON& Tower with Radar,115,11,16,0,142,0,0,22,4,26,115,11,38,4,168,0,0,0,168
11/27/2021,OKC,OK,ASW,CE,Combined TRACON& Tower with Radar,119,25,23,0,167,0,0,13,2,15,119,25,36,2,182,0,0,0,182
11/28/2021,OKC,OK,ASW,CE,Combined TRACON& Tower with Radar,139,19,29,0,187,0,1,25,2,28,139,20,54,2,215,0,0,0,215
11/29/2021,OKC,OK,ASW,CE,Combined TRACON& Tower with Radar,139,27,36,72,274,0,0,13,30,43,139,27,49,102,317,0,74,74,391
11/30/2021,OKC,OK,ASW,CE,Combined TRACON& Tower with Radar,137,19,35,85,276,0,2,40,33,75,137,21,75,118,351,0,0,0,351
12/01/2021,OKC,OK,ASW,CE,Combined TRACON& Tower with Radar,132,41,27,107,307,0,3,20,30,53,132,44,47,137,360,0,66,66,426
12/02/2021,OKC,OK,ASW,CE,Combined TRACON& Tower with Radar,143,25,20,83,271,0,3,36,26,65,143,28,56,109,336,0,44,44,380
12/03/2021,OKC,OK,ASW,CE,Combined TRACON& Tower with Radar,140,29,35,56,260,0,2,24,13,39,140,31,59,69,299,0,0,0,299
12/04/2021,OKC,OK,ASW,CE,Combined TRACON& Tower with Radar,104,27,29,36,196,0,2,14,1,17,104,29,43,37,213,0,0,0,213
12/05/2021,OKC,OK,ASW,CE,Combined TRACON& Tower with Radar,126,33,21,18,198,0,0,17,15,32,126,33,38,33,230,0,10,10,240
12/06/2021,OKC,OK,ASW,CE,Combined TRACON& Tower with Radar,124,28,27,93,272,0,1,15,29,45,124,29,42,122,317,0,0,0,317
12/07/2021,OKC,OK,ASW,CE,Combined TRACON& Tower with Radar,128,26,35,89,278,0,1,13,24,38,128,27,48,113,316,0,68,68,384
12/08/2021,OKC,OK,ASW,CE,Combined TRACON& Tower with Radar,121,21,25,105,272,0,0,19,54,73,121,21,44,159,345,0,12,12,357
12/09/2021,OKC,OK,ASW,CE,Combined TRACON& Tower with Radar,129,37,27,103,296,0,2,35,31,68,129,39,62,134,364,0,34,34,398
12/10/2021,OKC,OK,ASW,CE,Combined TRACON& Tower with Radar,123,23,15,18,179,0,2,9,13,24,123,25,24,31,203,0,10,10,213
12/11/2021,OKC,OK,ASW,CE,Combined TRACON& Tower with Radar,97,22,18,11,148,0,4,35,0,39,97,26,53,11,187,0,0,0,187
12/12/2021,OKC,OK,ASW,CE,Combined TRACON& Tower with Radar,120,23,14,21,178,0,1,17,5,23,120,24,31,26,201,0,0,0,201
12/13/2021,OKC,OK,ASW,CE,Combined TRACON& Tower with Radar,117,33,26,64,240,0,4,28,36,68,117,37,54,100,308,0,20,20,328
12/14/2021,OKC,OK,ASW,CE,Combined TRACON& Tower with Radar,115,24,34,26,199,0,2,14,25,41,115,26,48,51,240,0,0,0,240
12/15/2021,OKC,OK,ASW,CE,Combined TRACON& Tower with Radar,116,25,44,18,203,0,0,1,9,10,116,25,45,27,213,0,0,0,213
12/16/2021,OKC,OK,ASW,CE,Combined TRACON& Tower with Radar,116,44,54,101,315,0,2,52,25,79,116,46,106,126,394,4,28,32,426
12/17/2021,OKC,OK,ASW,CE,Combined TRACON& Tower with Radar,128,43,26,111,308,0,2,24,12,38,128,45,50,123,346,0,14,14,360
12/18/2021,OKC,OK,ASW,CE,Combined TRACON& Tower with Radar,107,28,25,15,175,0,0,40,12,52,107,28,65,27,227,0,0,0,227
12/19/2021,OKC,OK,ASW,CE,Combined TRACON& Tower with Radar,131,20,14,20,185,0,0,22,1,23,131,20,36,21,208,0,0,0,208
12/20/2021,OKC,OK,ASW,CE,Combined TRACON& Tower with Radar,125,18,24,76,243,0,2,28,13,43,125,20,52,89,286,0,6,6,292
12/21/2021,OKC,OK,ASW,CE,Combined TRACON& Tower with Radar,139,19,18,93,269,0,1,41,14,56,139,20,59,107,325,0,24,24,349
12/22/2021,OKC,OK,ASW,CE,Combined TRACON& Tower with Radar,131,19,17,60,227,0,8,49,9,66,131,27,66,69,293,0,0,0,293
12/23/2021,OKC,OK,ASW,CE,Combined TRACON& Tower with Radar,126,15,23,0,164,0,0,25,2,27,126,15,48,2,191,0,0,0,191
12/24/2021,OKC,OK,ASW,CE,Combined TRACON& Tower with Radar,105,9,5,0,119,0,0,1,2,3,105,9,6,2,122,0,0,0,122
12/25/2021,OKC,OK,ASW,CE,Combined TRACON& Tower with Radar,91,12,5,0,108,0,0,10,2,12,91,12,15,2,120,0,0,0,120
12/26/2021,OKC,OK,ASW,CE,Combined TRACON& Tower with Radar,114,18,11,0,143,0,2,14,0,16,114,20,25,0,159,0,0,0,159
12/27/2021,OKC,OK,ASW,CE,Combined TRACON& Tower with Radar,118,23,15,7,163,0,0,27,15,42,118,23,42,22,205,0,0,0,205
12/28/2021,OKC,OK,ASW,CE,Combined TRACON& Tower with Radar,132,23,20,3,178,0,0,39,14,53,132,23,59,17,231,0,0,0,231
12/29/2021,OKC,OK,ASW,CE,Combined TRACON& Tower with Radar,139,22,27,6,194,0,2,23,8,33,139,24,50,14,227,0,8,8,235
12/30/2021,OKC,OK,ASW,CE,Combined TRACON& Tower with Radar,141,26,25,0,192,0,0,23,0,23,141,26,48,0,215,0,0,0,215
12/31/2021,OKC,OK,ASW,CE,Combined TRACON& Tower with Radar,99,20,9,2,130,0,0,8,0,8,99,20,17,2,138,0,0,0,138
01/01/2022,OKC,OK,ASW,CE,Combined TRACON& Tower with Radar,86,13,5,0,104,0,0,2,0,2,86,13,7,0,106,0,0,0,106
01/02/2022,OKC,OK,ASW,CE,Combined TRACON& Tower with Radar,113,20,17,0,150,0,0,9,0,9,113,20,26,0,159,0,0,0,159
01/03/2022,OKC,OK,ASW,CE,Combined TRACON& Tower with Radar,109,16,19,0,144,0,0,18,4,22,109,16,37,4,166,0,0,0,166
01/04/2022,OKC,OK,ASW,CE,Combined TRACON& Tower with Radar,101,26,20,24,171,0,1,18,15,34,101,27,38,39,205,18,26,44,249
01/05/2022,OKC,OK,ASW,CE,Combined TRACON& Tower with Radar,105,22,24,63,214,0,6,18,19,43,105,28,42,82,257,0,0,0,257
01/06/2022,OKC,OK,ASW,CE,Combined TRACON& Tower with Radar,130,19,27,124,300,0,4,9,16,29,130,23,36,140,329,0,194,194,523
01/07/2022,OKC,OK,ASW,CE,Combined TRACON& Tower with Radar,110,23,31,94,258,0,1,8,19,28,110,24,39,113,286,0,24,24,310
01/08/2022,OKC,OK,ASW,CE,Combined TRACON& Tower with Radar,99,9,7,12,127,0,0,0,0,0,99,9,7,12,127,0,0,0,127
01/09/2022,OKC,OK,ASW,CE,Combined TRACON& Tower with Radar,116,17,19,50,202,0,2,18,10,30,116,19,37,60,232,0,28,28,260
01/10/2022,OKC,OK,ASW,CE,Combined TRACON& Tower with Radar,116,22,20,77,235,0,4,16,24,44,116,26,36,101,279,0,38,38,317
01/11/2022,OKC,OK,ASW,CE,Combined TRACON& Tower with Radar,101,31,21,106,259,0,2,24,26,52,101,33,45,132,311,0,50,50,361
01/12/2022,OKC,OK,ASW,CE,Combined TRACON& Tower with Radar,112,35,22,81,250,0,7,20,33,60,112,42,42,114,310,18,0,18,328
01/13/2022,OKC,OK,ASW,CE,Combined TRACON& Tower with Radar,118,27,22,62,229,0,2,16,25,43,118,29,38,87,272,0,0,0,272
01/14/2022,OKC,OK,ASW,CE,Combined TRACON& Tower with Radar,116,30,27,77,250,0,1,24,11,36,116,31,51,88,286,0,58,58,344
01/15/2022,OKC,OK,ASW,CE,Combined TRACON& Tower with Radar,89,17,6,3,115,0,0,0,1,1,89,17,6,4,116,0,0,0,116
01/16/2022,OKC,OK,ASW,CE,Combined TRACON& Tower with Radar,99,25,13,2,139,0,0,15,0,15,99,25,28,2,154,0,0,0,154
01/17/2022,OKC,OK,ASW,CE,Combined TRACON& Tower with Radar,107,26,18,3,154,0,10,20,2,32,107,36,38,5,186,0,0,0,186
01/18/2022,OKC,OK,ASW,CE,Combined TRACON& Tower with Radar,104,23,17,54,198,0,7,30,26,63,104,30,47,80,261,0,10,10,271
01/19/2022,OKC,OK,ASW,CE,Combined TRACON& Tower with Radar,107,22,20,40,189,0,2,7,19,28,107,24,27,59,217,0,0,0,217
01/20/2022,OKC,OK,ASW,CE,Combined TRACON& Tower with Radar,115,18,26,85,244,0,0,15,27,42,115,18,41,112,286,0,0,0,286
01/21/2022,OKC,OK,ASW,CE,Combined TRACON& Tower with Radar,119,16,21,102,258,0,0,25,14,39,119,16,46,116,297,0,18,18,315
01/22/2022,OKC,OK,ASW,CE,Combined TRACON& Tower with Radar,96,17,8,25,146,0,1,21,3,25,96,18,29,28,171,0,0,0,171
01/23/2022,OKC,OK,ASW,CE,Combined TRACON& Tower with Radar,113,21,10,10,154,0,2,13,2,17,113,23,23,12,171,0,0,0,171
01/24/2022,OKC,OK,ASW,CE,Combined TRACON& Tower with Radar,109,25,31,104,269,0,3,28,18,49,109,28,59,122,318,0,92,92,410
01/25/2022,OKC,OK,ASW,CE,Combined TRACON& Tower with Radar,102,34,24,130,290,0,3,25,16,44,102,37,49,146,334,0,118,118,452
01/26/2022,OKC,OK,ASW,CE,Combined TRACON& Tower with Radar,104,21,38,48,211,0,0,21,6,27,104,21,59,54,238,0,56,56,294
01/27/2022,OKC,OK,ASW,CE,Combined TRACON& Tower with Radar,120,24,20,68,232,0,2,11,18,31,120,26,31,86,263,0,32,32,295
01/28/2022,OKC,OK,ASW,CE,Combined TRACON& Tower with Radar,118,26,24,109,277,0,7,38,23,68,118,33,62,132,345,6,50,56,401
01/29/2022,OKC,OK,ASW,CE,Combined TRACON& Tower with Radar,90,12,7,54,163,0,0,25,5,30,90,12,32,59,193,0,0,0,193
01/30/2022,OKC,OK,ASW,CE,Combined TRACON& Tower with Radar,106,29,17,10,162,0,0,21,4,25,106,29,38,14,187,0,0,0,187
01/31/2022,OKC,OK,ASW,CE,Combined TRACON& Tower with Radar,106,17,26,93,242,0,1,20,26,47,106,18,46,119,289,0,8,8,297
02/01/2022,OKC,OK,ASW,CE,Combined TRACON& Tower with Radar,100,43,29,88,260,0,0,3,8,11,100,43,32,96,271,0,16,16,287
02/02/2022,OKC,OK,ASW,CE,Combined TRACON& Tower with Radar,62,13,11,0,86,0,0,0,0,0,62,13,11,0,86,0,0,0,86
02/03/2022,OKC,OK,ASW,CE,Combined TRACON& Tower with Radar,44,12,9,0,65,0,0,0,0,0,44,12,9,0,65,0,0,0,65
02/04/2022,OKC,OK,ASW,CE,Combined TRACON& Tower with Radar,93,17,35,11,156,0,0,19,2,21,93,17,54,13,177,0,0,0,177
02/05/2022,OKC,OK,ASW,CE,Combined TRACON& Tower with Radar,85,15,8,35,143,0,1,9,11,21,85,16,17,46,164,0,20,20,184
02/06/2022,OKC,OK,ASW,CE,Combined TRACON& Tower with Radar,114,19,26,2,161,0,0,17,1,18,114,19,43,3,179,0,0,0,179
02/07/2022,OKC,OK,ASW,CE,Combined TRACON& Tower with Radar,113,22,34,77,246,0,0,13,31,44,113,22,47,108,290,0,18,18,308
02/08/2022,OKC,OK,ASW,CE,Combined TRACON& Tower with Radar,107,25,20,83,235,0,0,25,30,55,107,25,45,113,290,0,54,54,344
02/09/2022,OKC,OK,ASW,CE,Combined TRACON& Tower with Radar,111,15,33,58,217,0,2,29,30,61,111,17,62,88,278,0,62,62,340
02/10/2022,OKC,OK,ASW,CE,Combined TRACON& Tower with Radar,116,35,25,35,211,0,0,24,27,51,116,35,49,62,262,14,50,64,326
02/11/2022,OKC,OK,ASW,CE,Combined TRACON& Tower with Radar,111,21,36,88,256,0,0,22,31,53,111,21,58,119,309,12,44,56,365
02/12/2022,OKC,OK,ASW,CE,Combined TRACON& Tower with Radar,94,19,14,51,178,0,2,24,4,30,94,21,38,55,208,12,18,30,238
02/13/2022,OKC,OK,ASW,CE,Combined TRACON& Tower with Radar,104,12,15,44,175,0,4,9,10,23,104,16,24,54,198,0,62,62,260
02/14/2022,OKC,OK,ASW,CE,Combined TRACON& Tower with Radar,112,25,13,46,196,0,2,21,37,60,112,27,34,83,256,0,24,24,280
02/15/2022,OKC,OK,ASW,CE,Combined TRACON& Tower with Radar,112,24,25,67,228,0,1,23,26,50,112,25,48,93,278,0,32,32,310
02/16/2022,OKC,OK,ASW,CE,Combined TRACON& Tower with Radar,107,20,23,88,238,0,0,1,20,21,107,20,24,108,259,0,0,0,259
02/17/2022,OKC,OK,ASW,CE,Combined TRACON& Tower with Radar,119,32,21,6,178,0,0,8,7,15,119,32,29,13,193,0,0,0,193
02/18/2022,OKC,OK,ASW,CE,Combined TRACON& Tower with Radar,125,29,26,33,213,0,0,24,22,46,125,29,50,55,259,0,24,24,283
02/19/2022,OKC,OK,ASW,CE,Combined TRACON& Tower with Radar,100,15,15,6,136,0,0,14,0,14,100,15,29,6,150,0,0,0,150
02/20/2022,OKC,OK,ASW,CE,Combined TRACON& Tower with Radar,113,16,9,6,144,0,0,8,0,8,113,16,17,6,152,0,0,0,152
02/21/2022,OKC,OK,ASW,CE,Combined TRACON& Tower with Radar,101,21,17,1,140,0,0,10,0,10,101,21,27,1,150,0,0,0,150
02/22/2022,OKC,OK,ASW,CE,Combined TRACON& Tower with Radar,106,41,44,64,255,0,6,22,28,56,106,47,66,92,311,6,20,26,337
02/23/2022,OKC,OK,ASW,CE,Combined TRACON& Tower with Radar,43,13,15,0,71,0,0,2,0,2,43,13,17,0,73,0,0,0,73
02/24/2022,OKC,OK,ASW,CE,Combined TRACON& Tower with Radar,83,18,21,0,122,0,0,0,2,2,83,18,21,2,124,0,0,0,124
02/25/2022,OKC,OK,ASW,CE,Combined TRACON& Tower with Radar,120,40,24,19,203,0,0,4,12,16,120,40,28,31,219,0,8,8,227
02/26/2022,OKC,OK,ASW,CE,Combined TRACON& Tower with Radar,96,15,20,2,133,0,0,11,0,11,96,15,31,2,144,0,0,0,144
02/27/2022,OKC,OK,ASW,CE,Combined TRACON& Tower with Radar,118,15,28,13,174,0,4,30,6,40,118,19,58,19,214,14,14,28,242
02/28/2022,OKC,OK,ASW,CE,Combined TRACON& Tower with Radar,116,25,21,81,243,0,5,32,27,64,116,30,53,108,307,0,62,62,369
03/01/2022,OKC,OK,ASW,CE,Combined TRACON& Tower with Radar,114,30,32,117,293,0,3,31,36,70,114,33,63,153,363,0,28,28,391
03/02/2022,OKC,OK,ASW,CE,Combined TRACON& Tower with Radar,107,26,39,108,280,0,4,31,26,61,107,30,70,134,341,0,32,32,373
03/03/2022,OKC,OK,ASW,CE,Combined TRACON& Tower with Radar,120,26,43,73,262,0,6,29,33,68,120,32,72,106,330,8,24,32,362
03/04/2022,OKC,OK,ASW,CE,Combined TRACON& Tower with Radar,121,28,31,118,298,0,2,42,14,58,121,30,73,132,356,0,0,0,356
03/05/2022,OKC,OK,ASW,CE,Combined TRACON& Tower with Radar,101,37,19,66,223,0,0,20,6,26,101,37,39,72,249,0,2,2,251
03/06/2022,OKC,OK,ASW,CE,Combined TRACON& Tower with Radar,110,22,23,27,182,0,0,3,0,3,110,22,26,27,185,0,0,0,185
03/07/2022,OKC,OK,ASW,CE,Combined TRACON& Tower with Radar,105,31,30,59,225,0,6,24,29,59,105,37,54,88,284,0,48,48,332
03/08/2022,OKC,OK,ASW,CE,Combined TRACON& Tower with Radar,105,37,21,131,294,0,3,27,25,55,105,40,48,156,349,22,42,64,413
03/09/2022,OKC,OK,ASW,CE,Combined TRACON& Tower with Radar,115,34,30,110,289,0,1,22,17,40,115,35,52,127,329,0,68,68,397
03/10/2022,OKC,OK,ASW,CE,Combined TRACON& Tower with Radar,122,37,34,101,294,0,0,16,11,27,122,37,50,112,321,0,146,146,467
03/11/2022,OKC,OK,ASW,CE,Combined TRACON& Tower with Radar,120,19,32,5,176,0,0,4,0,4,120,19,36,5,180,0,0,0,180
03/12/2022,OKC,OK,ASW,CE,Combined TRACON& Tower with Radar,100,26,15,16,157,0,3,24,6,33,100,29,39,22,190,0,0,0,190
03/13/2022,OKC,OK,ASW,CE,Combined TRACON& Tower with Radar,115,23,22,14,174,0,0,19,2,21,115,23,41,16,195,0,0,0,195
03/14/2022,OKC,OK,ASW,CE,Combined TRACON& Tower with Radar,153,20,16,118,307,0,1,18,18,37,153,21,34,136,344,0,0,0,344
03/15/2022,OKC,OK,ASW,CE,Combined TRACON& Tower with Radar,113,20,12,95,240,0,3,25,23,51,113,23,37,118,291,0,34,34,325
03/16/2022,OKC,OK,ASW,CE,Combined TRACON& Tower with Radar,117,30,32,53,232,0,0,18,26,44,117,30,50,79,276,0,2,2,278
03/17/2022,OKC,OK,ASW,CE,Combined TRACON& Tower with Radar,120,25,15,59,219,0,0,15,20,35,120,25,30,79,254,0,30,30,284
03/18/2022,OKC,OK,ASW,CE,Combined TRACON& Tower with Radar,125,16,23,91,255,0,2,8,4,14,125,18,31,95,269,0,0,0,269
03/19/2022,OKC,OK,ASW,CE,Combined TRACON& Tower with Radar,93,27,19,34,173,0,0,36,11,47,93,27,55,45,220,0,0,0,220
03/20/2022,OKC,OK,ASW,CE,Combined TRACON& Tower with Radar,119,28,17,23,187,0,4,27,8,39,119,32,44,31,226,0,6,6,232
03/21/2022,OKC,OK,ASW,CE,Combined TRACON& Tower with Radar,108,26,15,2,151,0,0,7,6,13,108,26,22,8,164,0,0,0,164
03/22/2022,OKC,OK,ASW,CE,Combined TRACON& Tower with Radar,113,41,27,48,229,0,1,2,7,10,113,42,29,55,239,0,0,0,239
03/23/2022,OKC,OK,ASW,CE,Combined TRACON& Tower with Radar,119,41,32,149,341,0,3,17,37,57,119,44,49,186,398,0,0,0,398
03/24/2022,OKC,OK,ASW,CE,Combined TRACON& Tower with Radar,121,44,37,107,309,0,2,44,26,72,121,46,81,133,381,0,0,0,381
03/25/2022,OKC,OK,ASW,CE,Combined TRACON& Tower with Radar,124,24,23,79,250,0,1,17,18,36,124,25,40,97,286,0,36,36,322
03/26/2022,OKC,OK,ASW,CE,Combined TRACON& Tower with Radar,100,15,15,10,140,0,2,27,5,34,100,17,42,15,174,0,0,0,174
03/27/2022,OKC,OK,ASW,CE,Combined TRACON& Tower with Radar,118,21,28,26,193,0,0,17,7,24,118,21,45,33,217,0,10,10,227
03/28/2022,OKC,OK,ASW,CE,Combined TRACON& Tower with Radar,113,17,34,104,268,0,4,30,19,53,113,21,64,123,321,0,134,134,455
03/29/2022,OKC,OK,ASW,CE,Combined TRACON& Tower with Radar,119,25,19,53,216,0,6,20,12,38,119,31,39,65,254,0,0,0,254
03/30/2022,OKC,OK,ASW,CE,Combined TRACON& Tower with Radar,115,33,34,78,260,0,0,5,30,35,115,33,39,108,295,0,0,0,295
03/31/2022,OKC,OK,ASW,CE,Combined TRACON& Tower with Radar,119,33,28,77,257,0,4,26,23,53,119,37,54,100,310,8,0,8,318
04/01/2022,OKC,OK,ASW,CE,Combined TRACON& Tower with Radar,123,31,29,80,263,0,1,15,14,30,123,32,44,94,293,0,0,0,293
04/02/2022,OKC,OK,ASW,CE,Combined TRACON& Tower with Radar,94,16,15,49,174,0,5,36,10,51,94,21,51,59,225,0,4,4,229
04/03/2022,OKC,OK,ASW,CE,Combined TRACON& Tower with Radar,118,23,19,43,203,0,1,23,6,30,118,24,42,49,233,0,0,0,233
04/04/2022,OKC,OK,ASW,CE,Combined TRACON& Tower with Radar,109,18,11,8,146,0,0,1,0,1,109,18,12,8,147,0,0,0,147
04/05/2022,OKC,OK,ASW,CE,Combined TRACON& Tower with Radar,120,23,36,29,208,0,3,16,15,34,120,26,52,44,242,36,4,40,282
04/06/2022,OKC,OK,ASW,CE,Combined TRACON& Tower with Radar,122,39,34,107,302,0,2,16,37,55,122,41,50,144,357,0,0,0,357
04/07/2022,OKC,OK,ASW,CE,Combined TRACON& Tower with Radar,121,30,11,61,223,0,1,7,18,26,121,31,18,79,249,0,54,54,303
04/08/2022,OKC,OK,ASW,CE,Combined TRACON& Tower with Radar,120,30,31,76,257,0,1,11,9,21,120,31,42,85,278,0,4,4,282
04/09/2022,OKC,OK,ASW,CE,Combined TRACON& Tower with Radar,98,22,13,11,144,0,0,19,5,24,98,22,32,16,168,0,0,0,168
04/10/2022,OKC,OK,ASW,CE,Combined TRACON& Tower with Radar,116,22,21,53,212,0,0,10,5,15,116,22,31,58,227,0,0,0,227
04/11/2022,OKC,OK,ASW,CE,Combined TRACON& Tower with Radar,113,21,36,88,258,0,2,12,21,35,113,23,48,109,293,0,12,12,305
04/12/2022,OKC,OK,ASW,CE,Combined TRACON& Tower with Radar,137,29,25,86,277,0,2,8,18,28,137,31,33,104,305,8,40,48,353
04/13/2022,OKC,OK,ASW,CE,Combined TRACON& Tower with Radar,126,40,9,108,283,0,2,18,30,50,126,42,27,138,333,0,32,32,365
04/14/2022,OKC,OK,ASW,CE,Combined TRACON& Tower with Radar,130,25,35,106,296,0,0,23,25,48,130,25,58,131,344,0,58,58,402
04/15/2022,OKC,OK,ASW,CE,Combined TRACON& Tower with Radar,119,24,30,75,248,0,0,20,14,34,119,24,50,89,282,0,0,0,282
04/16/2022,OKC,OK,ASW,CE,Combined TRACON& Tower with Radar,94,26,10,0,130,0,0,10,2,12,94,26,20,2,142,0,0,0,142
04/17/2022,OKC,OK,ASW,CE,Combined TRACON& Tower with Radar,111,16,16,0,143,0,0,22,0,22,111,16,38,0,165,0,0,0,165
04/18/2022,OKC,OK,ASW,CE,Combined TRACON& Tower with Radar,111,23,49,99,282,0,9,23,19,51,111,32,72,118,333,30,24,54,387
04/19/2022,OKC,OK,ASW,CE,Combined TRACON& Tower with Radar,118,36,24,83,261,0,0,19,26,45,118,36,43,109,306,0,0,0,306
04/20/2022,OKC,OK,ASW,CE,Combined TRACON& Tower with Radar,115,30,39,118,302,0,0,18,29,47,115,30,57,147,349,0,44,44,393
04/21/2022,OKC,OK,ASW,CE,Combined TRACON& Tower with Radar,118,33,45,160,356,0,0,11,18,29,118,33,56,178,385,0,0,0,385
04/22/2022,OKC,OK,ASW,CE,Combined TRACON& Tower with Radar,115,21,25,87,248,0,2,5,4,11,115,23,30,91,259,0,100,100,359
04/23/2022,OKC,OK,ASW,CE,Combined TRACON& Tower with Radar,92,18,5,5,120,0,0,5,0,5,92,18,10,5,125,0,0,0,125
04/24/2022,OKC,OK,ASW,CE,Combined TRACON& Tower with Radar,107,25,21,6,159,0,0,4,0,4,107,25,25,6,163,0,0,0,163
04/25/2022,OKC,OK,ASW,CE,Combined TRACON& Tower with Radar,110,21,26,57,214,0,3,39,29,71,110,24,65,86,285,0,0,0,285
04/26/2022,OKC,OK,ASW,CE,Combined TRACON& Tower with Radar,114,41,28,94,277,0,0,29,29,58,114,41,57,123,335,0,26,26,361
04/27/2022,OKC,OK,ASW,CE,Combined TRACON& Tower with Radar,113,39,21,158,331,0,3,15,31,49,113,42,36,189,380,0,80,80,460
04/28/2022,OKC,OK,ASW,CE,Combined TRACON& Tower with Radar,124,31,27,65,247,0,2,10,18,30,124,33,37,83,277,0,14,14,291
04/29/2022,OKC,OK,ASW,CE,Combined TRACON& Tower with Radar,116,27,16,83,242,0,4,5,9,18,116,31,21,92,260,0,32,32,292
04/30/2022,OKC,OK,ASW,CE,Combined TRACON& Tower with Radar,99,14,11,2,126,1,2,18,1,22,100,16,29,3,148,0,0,0,148
05/01/2022,OKC,OK,ASW,CE,Combined TRACON& Tower with Radar,112,20,12,2,146,0,5,18,4,27,112,25,30,6,173,0,0,0,173
05/02/2022,OKC,OK,ASW,CE,Combined TRACON& Tower with Radar,118,28,21,24,191,1,0,5,5,11,119,28,26,29,202,0,0,0,202
05/03/2022,OKC,OK,ASW,CE,Combined TRACON& Tower with Radar,120,31,35,88,274,0,1,16,22,39,120,32,51,110,313,8,76,84,397
05/04/2022,OKC,OK,ASW,CE,Combined TRACON& Tower with Radar,111,18,12,2,143,0,0,0,0,0,111,18,12,2,143,0,0,0,143
05/05/2022,OKC,OK,ASW,CE,Combined TRACON& Tower with Radar,124,31,44,29,228,0,0,2,11,13,124,31,46,40,241,0,32,32,273
05/06/2022,OKC,OK,ASW,CE,Combined TRACON& Tower with Radar,123,33,29,107,292,0,7,24,29,60,123,40,53,136,352,6,20,26,378
05/07/2022,OKC,OK,ASW,CE,Combined TRACON& Tower with Radar,98,21,16,5,140,0,2,30,3,35,98,23,46,8,175,0,0,0,175
05/08/2022,OKC,OK,ASW,CE,Combined TRACON& Tower with Radar,105,31,19,4,159,0,1,11,0,12,105,32,30,4,171,0,0,0,171
05/09/2022,OKC,OK,ASW,CE,Combined TRACON& Tower with Radar,122,24,35,63,244,0,3,24,40,67,122,27,59,103,311,0,98,98,409
05/10/2022,OKC,OK,ASW,CE,Combined TRACON& Tower with Radar,121,32,32,45,230,0,4,19,30,53,121,36,51,75,283,0,40,40,323
05/11/2022,OKC,OK,ASW,CE,Combined TRACON& Tower with Radar,115,29,36,70,250,0,0,23,33,56,115,29,59,103,306,0,54,54,360
05/12/2022,OKC,OK,ASW,CE,Combined TRACON& Tower with Radar,138,38,24,64,264,0,7,30,22,59,138,45,54,86,323,0,0,0,323
05/13/2022,OKC,OK,ASW,CE,Combined TRACON& Tower with Radar,124,34,32,63,253,0,4,25,4,33,124,38,57,67,286,0,4,4,290
05/14/2022,OKC,OK,ASW,CE,Combined TRACON& Tower with Radar,97,24,12,24,157,0,0,25,10,35,97,24,37,34,192,0,8,8,200
05/15/2022,OKC,OK,ASW,CE,Combined TRACON& Tower with Radar,113,27,23,26,189,0,1,22,3,26,113,28,45,29,215,0,8,8,223
05/16/2022,OKC,OK,ASW,CE,Combined TRACON& Tower with Radar,125,29,32,75,261,0,3,29,57,89,125,32,61,132,350,0,0,0,350
05/17/2022,OKC,OK,ASW,CE,Combined TRACON& Tower with Radar,123,26,32,159,340,0,1,17,32,50,123,27,49,191,390,12,86,98,488
05/18/2022,OKC,OK,ASW,CE,Combined TRACON& Tower with Radar,120,32,28,55,235,0,1,25,14,40,120,33,53,69,275,0,16,16,291
05/19/2022,OKC,OK,ASW,CE,Combined TRACON& Tower with Radar,125,37,31,66,259,0,3,28,27,58,125,40,59,93,317,0,12,12,329
05/20/2022,OKC,OK,ASW,CE,Combined TRACON& Tower with Radar,123,25,28,41,217,0,0,24,15,39,123,25,52,56,256,0,0,0,256
05/21/2022,OKC,OK,ASW,CE,Combined TRACON& Tower with Radar,97,21,13,0,131,0,0,8,0,8,97,21,21,0,139,0,0,0,139
05/22/2022,OKC,OK,ASW,CE,Combined TRACON& Tower with Radar,114,27,22,5,168,0,3,12,0,15,114,30,34,5,183,0,0,0,183
05/23/2022,OKC,OK,ASW,CE,Combined TRACON& Tower with Radar,116,12,16,6,150,0,0,4,0,4,116,12,20,6,154,0,0,0,154
05/24/2022,OKC,OK,ASW,CE,Combined TRACON& Tower with Radar,129,13,8,8,158,0,0,0,0,0,129,13,8,8,158,0,0,0,158
05/25/2022,OKC,OK,ASW,CE,Combined TRACON& Tower with Radar,123,22,21,28,194,0,0,0,12,12,123,22,21,40,206,0,6,6,212
05/26/2022,OKC,OK,ASW,CE,Combined TRACON& Tower with Radar,123,35,31,103,292,0,4,27,26,57,123,39,58,129,349,0,130,130,479
05/27/2022,OKC,OK,ASW,CE,Combined TRACON& Tower with Radar,118,25,28,4,175,0,1,22,9,32,118,26,50,13,207,0,0,0,207
05/28/2022,OKC,OK,ASW,CE,Combined TRACON& Tower with Radar,100,20,15,1,136,0,2,11,0,13,100,22,26,1,149,0,0,0,149
05/29/2022,OKC,OK,ASW,CE,Combined TRACON& Tower with Radar,112,18,11,0,141,0,0,14,3,17,112,18,25,3,158,0,0,0,158
05/30/2022,OKC,OK,ASW,CE,Combined TRACON& Tower with Radar,118,13,16,0,147,0,0,8,2,10,118,13,24,2,157,0,0,0,157
05/31/2022,OKC,OK,ASW,CE,Combined TRACON& Tower with Radar,118,23,15,66,222,0,1,16,13,30,118,24,31,79,252,0,18,18,270
06/01/2022,OKC,OK,ASW,CE,Combined TRACON& Tower with Radar,127,25,10,9,171,0,0,1,9,10,127,25,11,18,181,2,6,8,189
06/02/2022,OKC,OK,ASW,CE,Combined TRACON& Tower with Radar,134,29,36,83,282,0,1,19,19,39,134,30,55,102,321,0,16,16,337
06/03/2022,OKC,OK,ASW,CE,Combined TRACON& Tower with Radar,124,31,26,75,256,0,0,21,15,36,124,31,47,90,292,0,0,0,292
06/04/2022,OKC,OK,ASW,CE,Combined TRACON& Tower with Radar,101,32,12,14,159,0,0,17,9,26,101,32,29,23,185,0,0,0,185
06/05/2022,OKC,OK,ASW,CE,Combined TRACON& Tower with Radar,116,26,29,54,225,0,5,12,6,23,116,31,41,60,248,0,58,58,306
06/06/2022,OKC,OK,ASW,CE,Combined TRACON& Tower with Radar,116,32,29,106,283,0,2,37,30,69,116,34,66,136,352,0,76,76,428
06/07/2022,OKC,OK,ASW,CE,Combined TRACON& Tower with Radar,130,46,27,64,267,0,0,26,19,45,130,46,53,83,312,0,0,0,312
06/08/2022,OKC,OK,ASW,CE,Combined TRACON& Tower with Radar,124,42,29,39,234,0,0,11,15,26,124,42,40,54,260,0,0,0,260
06/09/2022,OKC,OK,ASW,CE,Combined TRACON& Tower with Radar,125,36,48,117,326,0,4,40,27,71,125,40,88,144,397,0,18,18,415
06/10/2022,OKC,OK,ASW,CE,Combined TRACON& Tower with Radar,127,36,36,209,408,0,0,17,30,47,127,36,53,239,455,0,46,46,501
06/11/2022,OKC,OK,ASW,CE,Combined TRACON& Tower with Radar,103,29,13,56,201,0,2,27,14,43,103,31,40,70,244,0,0,0,244
06/12/2022,OKC,OK,ASW,CE,Combined TRACON& Tower with Radar,119,33,18,35,205,0,2,15,8,25,119,35,33,43,230,0,0,0,230
06/13/2022,OKC,OK,ASW,CE,Combined TRACON& Tower with Radar,122,32,26,93,273,0,8,31,24,63,122,40,57,117,336,8,36,44,380
06/14/2022,OKC,OK,ASW,CE,Combined TRACON& Tower with Radar,120,57,20,111,308,0,0,25,25,50,120,57,45,136,358,0,36,36,394
06/15/2022,OKC,OK,ASW,CE,Combined TRACON& Tower with Radar,123,37,33,132,325,0,4,26,27,57,123,41,59,159,382,0,14,14,396
06/16/2022,OKC,OK,ASW,CE,Combined TRACON& Tower with Radar,124,38,22,138,322,0,2,25,21,48,124,40,47,159,370,0,50,50,420
06/17/2022,OKC,OK,ASW,CE,Combined TRACON& Tower with Radar,126,34,27,84,271,0,0,31,10,41,126,34,58,94,312,6,0,6,318
06/18/2022,OKC,OK,ASW,CE,Combined TRACON& Tower with Radar,105,35,21,7,168,0,0,25,0,25,105,35,46,7,193,0,0,0,193
06/19/2022,OKC,OK,ASW,CE,Combined TRACON& Tower with Radar,113,30,18,2,163,0,0,14,0,14,113,30,32,2,177,0,0,0,177
06/20/2022,OKC,OK,ASW,CE,Combined TRACON& Tower with Radar,118,36,30,2,186,0,3,27,3,33,118,39,57,5,219,0,0,0,219
06/21/2022,OKC,OK,ASW,CE,Combined TRACON& Tower with Radar,122,46,25,75,268,0,2,26,35,63,122,48,51,110,331,16,10,26,357
06/22/2022,OKC,OK,ASW,CE,Combined TRACON& Tower with Radar,121,44,32,119,316,0,6,23,31,60,121,50,55,150,376,0,22,22,398
06/23/2022,OKC,OK,ASW,CE,Combined TRACON& Tower with Radar,127,48,30,118,323,0,2,22,20,44,127,50,52,138,367,0,50,50,417
06/24/2022,OKC,OK,ASW,CE,Combined TRACON& Tower with Radar,113,38,40,124,315,0,2,19,20,41,113,40,59,144,356,0,34,34,390
06/25/2022,OKC,OK,ASW,CE,Combined TRACON& Tower with Radar,104,29,19,48,200,0,0,16,8,24,104,29,35,56,224,0,18,18,242
06/26/2022,OKC,OK,ASW,CE,Combined TRACON& Tower with Radar,112,35,20,79,246,0,0,11,3,14,112,35,31,82,260,0,4,4,264
06/27/2022,OKC,OK,ASW,CE,Combined TRACON& Tower with Radar,115,42,21,140,318,0,2,30,23,55,115,44,51,163,373,0,18,18,391
06/28/2022,OKC,OK,ASW,CE,Combined TRACON& Tower with Radar,115,37,27,93,272,0,2,24,33,59,115,39,51,126,331,0,24,24,355
06/29/2022,OKC,OK,ASW,CE,Combined TRACON& Tower with Radar,120,40,19,79,258,0,5,15,31,51,120,45,34,110,309,0,20,20,329
06/30/2022,OKC,OK,ASW,CE,Combined TRACON& Tower with Radar,117,46,56,78,297,0,2,20,28,50,117,48,76,106,347,0,66,66,413
07/01/2022,OKC,OK,ASW,CE,Combined TRACON& Tower with Radar,120,26,23,5,174,0,2,14,10,26,120,28,37,15,200,0,0,0,200
07/02/2022,OKC,OK,ASW,CE,Combined TRACON& Tower with Radar,109,25,6,0,140,0,0,17,2,19,109,25,23,2,159,0,0,0,159
07/03/2022,OKC,OK,ASW,CE,Combined TRACON& Tower with Radar,106,27,12,1,146,0,1,10,1,12,106,28,22,2,158,0,0,0,158
07/04/2022,OKC,OK,ASW,CE,Combined TRACON& Tower with Radar,105,23,4,0,132,0,0,21,1,22,105,23,25,1,154,0,0,0,154
07/05/2022,OKC,OK,ASW,CE,Combined TRACON& Tower with Radar,108,49,11,152,320,0,0,15,12,27,108,49,26,164,347,10,148,158,505
07/06/2022,OKC,OK,ASW,CE,Combined TRACON& Tower with Radar,112,41,19,98,270,0,6,20,30,56,112,47,39,128,326,0,8,8,334
07/07/2022,OKC,OK,ASW,CE,Combined TRACON& Tower with Radar,120,36,17,81,254,0,3,29,27,59,120,39,46,108,313,0,16,16,329
07/08/2022,OKC,OK,ASW,CE,Combined TRACON& Tower with Radar,115,39,11,43,208,0,6,20,22,48,115,45,31,65,256,0,30,30,286
07/09/2022,OKC,OK,ASW,CE,Combined TRACON& Tower with Radar,106,29,10,30,175,0,3,48,6,57,106,32,58,36,232,0,0,0,232
07/10/2022,OKC,OK,ASW,CE,Combined TRACON& Tower with Radar,109,31,17,23,180,0,0,21,2,23,109,31,38,25,203,2,0,2,205
07/11/2022,OKC,OK,ASW,CE,Combined TRACON& Tower with Radar,124,37,26,121,308,0,0,25,14,39,124,37,51,135,347,2,28,30,377
07/12/2022,OKC,OK,ASW,CE,Combined TRACON& Tower with Radar,130,37,24,86,277,0,0,19,24,43,130,37,43,110,320,16,68,84,404
07/13/2022,OKC,OK,ASW,CE,Combined TRACON& Tower with Radar,115,31,36,85,267,0,3,34,30,67,115,34,70,115,334,0,68,68,402
07/14/2022,OKC,OK,ASW,CE,Combined TRACON& Tower with Radar,125,38,37,87,287,0,4,30,16,50,125,42,67,103,337,0,4,4,341
07/15/2022,OKC,OK,ASW,CE,Combined TRACON& Tower with Radar,120,26,20,63,229,0,7,24,12,43,120,33,44,75,272,0,10,10,282
07/16/2022,OKC,OK,ASW,CE,Combined TRACON& Tower with Radar,108,37,8,40,193,0,1,10,6,17,108,38,18,46,210,0,0,0,210
07/17/2022,OKC,OK,ASW,CE,Combined TRACON& Tower with Radar,112,29,14,43,198,0,0,7,45,52,112,29,21,88,250,0,24,24,274
07/18/2022,OKC,OK,ASW,CE,Combined TRACON& Tower with Radar,113,41,20,50,224,0,0,25,21,46,113,41,45,71,270,0,14,14,284
07/19/2022,OKC,OK,ASW,CE,Combined TRACON& Tower with Radar,118,51,12,79,260,0,1,10,13,24,118,52,22,92,284,0,20,20,304
07/20/2022,OKC,OK,ASW,CE,Combined TRACON& Tower with Radar,127,34,32,51,244,0,8,24,21,53,127,42,56,72,297,0,0,0,297
07/21/2022,OKC,OK,ASW,CE,Combined TRACON& Tower with Radar,117,60,27,83,287,0,0,14,20,34,117,60,41,103,321,0,30,30,351
07/22/2022,OKC,OK,ASW,CE,Combined TRACON& Tower with Radar,127,35,15,61,238,0,6,10,21,37,127,41,25,82,275,0,6,6,281
07/23/2022,OKC,OK,ASW,CE,Combined TRACON& Tower with Radar,104,30,9,3,146,0,5,29,3,37,104,35,38,6,183,0,0,0,183
07/24/2022,OKC,OK,ASW,CE,Combined TRACON& Tower with Radar,105,30,17,15,167,0,3,11,3,17,105,33,28,18,184,0,0,0,184
07/25/2022,OKC,OK,ASW,CE,Combined TRACON& Tower with Radar,123,40,7,70,240,0,6,23,23,52,123,46,30,93,292,0,0,0,292
07/26/2022,OKC,OK,ASW,CE,Combined TRACON& Tower with Radar,109,37,11,24,181,0,4,19,23,46,109,41,30,47,227,0,0,0,227
07/27/2022,OKC,OK,ASW,CE,Combined TRACON& Tower with Radar,123,40,20,40,223,0,0,12,13,25,123,40,32,53,248,0,0,0,248
07/28/2022,OKC,OK,ASW,CE,Combined TRACON& Tower with Radar,126,37,18,31,212,0,1,15,9,25,126,38,33,40,237,0,0,0,237
07/29/2022,OKC,OK,ASW,CE,Combined TRACON& Tower with Radar,132,37,15,46,230,0,1,4,14,19,132,38,19,60,249,0,8,8,257
07/30/2022,OKC,OK,ASW,CE,Combined TRACON& Tower with Radar,107,42,6,2,157,0,0,6,2,8,107,42,12,4,165,0,0,0,165
07/31/2022,OKC,OK,ASW,CE,Combined TRACON& Tower with Radar,112,29,20,14,175,0,0,14,2,16,112,29,34,16,191,0,24,24,215
08/01/2022,OKC,OK,ASW,CE,Combined TRACON& Tower with Radar,119,32,18,27,196,0,0,24,22,46,119,32,42,49,242,0,0,0,242
08/02/2022,OKC,OK,ASW,CE,Combined TRACON& Tower with Radar,113,43,21,43,220,0,3,18,19,40,113,46,39,62,260,0,18,18,278
08/03/2022,OKC,OK,ASW,CE,Combined TRACON& Tower with Radar,119,37,18,73,247,0,0,30,19,49,119,37,48,92,296,0,24,24,320
08/04/2022,OKC,OK,ASW,CE,Combined TRACON& Tower with Radar,118,37,17,51,223,0,7,18,17,42,118,44,35,68,265,0,0,0,265
08/05/2022,OKC,OK,ASW,CE,Combined TRACON& Tower with Radar,114,43,15,55,227,0,1,17,10,28,114,44,32,65,255,16,4,20,275
08/06/2022,OKC,OK,ASW,CE,Combined TRACON& Tower with Radar,103,38,14,40,195,0,2,20,5,27,103,40,34,45,222,0,0,0,222
08/07/2022,OKC,OK,ASW,CE,Combined TRACON& Tower with Radar,110,34,22,24,190,0,2,13,1,16,110,36,35,25,206,0,0,0,206
08/08/2022,OKC,OK,ASW,CE,Combined TRACON& Tower with Radar,116,31,29,43,219,0,1,15,22,38,116,32,44,65,257,0,0,0,257
08/09/2022,OKC,OK,ASW,CE,Combined TRACON& Tower with Radar,126,33,25,80,264,0,2,11,16,29,126,35,36,96,293,16,0,16,309
08/10/2022,OKC,OK,ASW,CE,Combined TRACON& Tower with Radar,144,36,28,107,315,0,1,20,13,34,144,37,48,120,349,0,2,2,351
08/11/2022,OKC,OK,ASW,CE,Combined TRACON& Tower with Radar,126,43,32,94,295,0,3,20,11,34,126,46,52,105,329,0,0,0,329
08/12/2022,OKC,OK,ASW,CE,Combined TRACON& Tower with Radar,121,47,13,117,298,0,1,27,7,35,121,48,40,124,333,8,22,30,363
08/13/2022,OKC,OK,ASW,CE,Combined TRACON& Tower with Radar,105,44,14,27,190,0,3,31,6,40,105,47,45,33,230,16,0,16,246
08/14/2022,OKC,OK,ASW,CE,Combined TRACON& Tower with Radar,111,32,11,26,180,0,0,18,0,18,111,32,29,26,198,0,0,0,198
08/15/2022,OKC,OK,ASW,CE,Combined TRACON& Tower with Radar,111,45,25,104,285,0,3,15,22,40,111,48,40,126,325,0,20,20,345
08/16/2022,OKC,OK,ASW,CE,Combined TRACON& Tower with Radar,118,56,8,103,285,0,3,13,21,37,118,59,21,124,322,0,52,52,374
08/17/2022,OKC,OK,ASW,CE,Combined TRACON& Tower with Radar,138,34,40,138,350,0,0,6,14,20,138,34,46,152,370,0,0,0,370
08/18/2022,OKC,OK,ASW,CE,Combined TRACON& Tower with Radar,125,50,44,189,408,0,4,19,18,41,125,54,63,207,449,0,38,38,487
08/19/2022,OKC,OK,ASW,CE,Combined TRACON& Tower with Radar,120,29,23,173,345,0,0,18,28,46,120,29,41,201,391,0,16,16,407
08/20/2022,OKC,OK,ASW,CE,Combined TRACON& Tower with Radar,100,24,15,33,172,0,0,15,11,26,100,24,30,44,198,0,0,0,198
08/21/2022,OKC,OK,ASW,CE,Combined TRACON& Tower with Radar,127,25,19,5,176,0,0,5,0,5,127,25,24,5,181,0,0,0,181
08/22/2022,OKC,OK,ASW,CE,Combined TRACON& Tower with Radar,135,35,28,86,284,0,5,22,14,41,135,40,50,100,325,0,0,0,325
08/23/2022,OKC,OK,ASW,CE,Combined TRACON& Tower with Radar,109,42,20,134,305,0,2,16,31,49,109,44,36,165,354,0,2,2,356
08/24/2022,OKC,OK,ASW,CE,Combined TRACON& Tower with Radar,117,59,39,88,303,0,0,25,22,47,117,59,64,110,350,0,8,8,358
08/25/2022,OKC,OK,ASW,CE,Combined TRACON& Tower with Radar,118,46,44,64,272,0,3,21,24,48,118,49,65,88,320,0,0,0,320
08/26/2022,OKC,OK,ASW,CE,Combined TRACON& Tower with Radar,111,29,27,104,271,0,3,20,8,31,111,32,47,112,302,4,14,18,320
08/27/2022,OKC,OK,ASW,CE,Combined TRACON& Tower with Radar,101,27,11,78,217,0,0,30,4,34,101,27,41,82,251,0,0,0,251
08/28/2022,OKC,OK,ASW,CE,Combined TRACON& Tower with Radar,106,22,21,26,175,0,0,15,2,17,106,22,36,28,192,0,0,0,192
08/29/2022,OKC,OK,ASW,CE,Combined TRACON& Tower with Radar,113,25,18,10,166,0,0,17,15,32,113,25,35,25,198,0,0,0,198
08/30/2022,OKC,OK,ASW,CE,Combined TRACON& Tower with Radar,129,84,25,53,291,0,0,27,19,46,129,84,52,72,337,0,62,62,399
08/31/2022,OKC,OK,ASW,CE,Combined TRACON& Tower with Radar,115,37,19,67,238,0,2,21,35,58,115,39,40,102,296,0,0,0,296
09/01/2022,OKC,OK,ASW,CE,Combined TRACON& Tower with Radar,125,33,20,25,203,0,0,4,6,10,125,33,24,31,213,0,0,0,213
09/02/2022,OKC,OK,ASW,CE,Combined TRACON& Tower with Radar,119,28,15,16,178,0,0,3,9,12,119,28,18,25,190,0,4,4,194
09/03/2022,OKC,OK,ASW,CE,Combined TRACON& Tower with Radar,121,27,9,0,157,0,0,14,2,16,121,27,23,2,173,0,0,0,173
09/04/2022,OKC,OK,ASW,CE,Combined TRACON& Tower with Radar,117,32,8,2,159,0,0,26,8,34,117,32,34,10,193,0,0,0,193
09/05/2022,OKC,OK,ASW,CE,Combined TRACON& Tower with Radar,105,33,9,1,148,0,10,27,0,37,105,43,36,1,185,0,0,0,185
09/06/2022,OKC,OK,ASW,CE,Combined TRACON& Tower with Radar,121,37,34,71,263,0,6,27,30,63,121,43,61,101,326,0,18,18,344
09/07/2022,OKC,OK,ASW,CE,Combined TRACON& Tower with Radar,124,38,19,72,253,0,5,27,24,56,124,43,46,96,309,0,16,16,325
09/08/2022,OKC,OK,ASW,CE,Combined TRACON& Tower with Radar,127,44,16,69,256,0,7,28,30,65,127,51,44,99,321,24,0,24,345
09/09/2022,OKC,OK,ASW,CE,Combined TRACON& Tower with Radar,132,28,20,129,309,0,4,13,15,32,132,32,33,144,341,0,32,32,373
09/10/2022,OKC,OK,ASW,CE,Combined TRACON& Tower with Radar,100,24,10,29,163,0,0,19,6,25,100,24,29,35,188,0,20,20,208
09/11/2022,OKC,OK,ASW,CE,Combined TRACON& Tower with Radar,121,34,28,20,203,0,2,28,2,32,121,36,56,22,235,0,34,34,269
09/12/2022,OKC,OK,ASW,CE,Combined TRACON& Tower with Radar,121,46,30,53,250,0,0,39,34,73,121,46,69,87,323,0,4,4,327
09/13/2022,OKC,OK,ASW,CE,Combined TRACON& Tower with Radar,118,44,30,42,234,0,5,29,25,59,118,49,59,67,293,0,0,0,293
09/14/2022,OKC,OK,ASW,CE,Combined TRACON& Tower with Radar,122,38,28,76,264,0,5,40,27,72,122,43,68,103,336,0,0,0,336
09/15/2022,OKC,OK,ASW,CE,Combined TRACON& Tower with Radar,138,36,33,36,243,0,2,32,18,52,138,38,65,54,295,0,0,0,295
09/16/2022,OKC,OK,ASW,CE,Combined TRACON& Tower with Radar,134,24,31,66,255,0,2,28,19,49,134,26,59,85,304,0,38,38,342
09/17/2022,OKC,OK,ASW,CE,Combined TRACON& Tower with Radar,100,21,17,3,141,0,0,15,0,15,100,21,32,3,156,0,0,0,156
09/18/2022,OKC,OK,ASW,CE,Combined TRACON& Tower with Radar,122,29,14,22,187,0,0,17,0,17,122,29,31,22,204,0,0,0,204
09/19/2022,OKC,OK,ASW,CE,Combined TRACON& Tower with Radar,123,39,18,71,251,0,0,49,20,69,123,39,67,91,320,0,0,0,320
09/20/2022,OKC,OK,ASW,CE,Combined TRACON& Tower with Radar,122,41,37,29,229,0,1,17,16,34,122,42,54,45,263,0,4,4,267
09/21/2022,OKC,OK,ASW,CE,Combined TRACON& Tower with Radar,122,39,36,58,255,0,2,26,20,48,122,41,62,78,303,0,20,20,323
09/22/2022,OKC,OK,ASW,CE,Combined TRACON& Tower with Radar,126,57,35,116,334,0,8,34,23,65,126,65,69,139,399,0,26,26,425
09/23/2022,OKC,OK,ASW,CE,Combined TRACON& Tower with Radar,126,36,33,86,281,0,0,24,10,34,126,36,57,96,315,0,12,12,327
09/24/2022,OKC,OK,ASW,CE,Combined TRACON& Tower with Radar,117,45,18,30,210,0,1,20,4,25,117,46,38,34,235,0,34,34,269
09/25/2022,OKC,OK,ASW,CE,Combined TRACON& Tower with Radar,139,29,25,22,215,0,1,17,5,23,139,30,42,27,238,0,0,0,238
09/26/2022,OKC,OK,ASW,CE,Combined TRACON& Tower with Radar,122,32,26,69,249,0,1,29,16,46,122,33,55,85,295,36,0,36,331
09/27/2022,OKC,OK,ASW,CE,Combined TRACON& Tower with Radar,138,44,28,69,279,0,2,32,31,65,138,46,60,100,344,0,74,74,418
09/28/2022,OKC,OK,ASW,CE,Combined TRACON& Tower with Radar,133,43,24,63,263,0,0,31,23,54,133,43,55,86,317,0,0,0,317
09/29/2022,OKC,OK,ASW,CE,Combined TRACON& Tower with Radar,143,30,24,61,258,0,3,20,23,46,143,33,44,84,304,0,26,26,330
09/30/2022,OKC,OK,ASW,CE,Combined TRACON& Tower with Radar,130,34,38,60,262,0,3,25,10,38,130,37,63,70,300,0,0,0,300
10/01/2022,OKC,OK,ASW,CE,Combined TRACON& Tower with Radar,101,28,17,10,156,0,3,28,9,40,101,31,45,19,196,0,0,0,196
10/02/2022,OKC,OK,ASW,CE,Combined TRACON& Tower with Radar,125,23,22,13,183,0,1,13,2,16,125,24,35,15,199,6,0,6,205
10/03/2022,OKC,OK,ASW,CE,Combined TRACON& Tower with Radar,126,25,25,54,230,0,3,23,23,49,126,28,48,77,279,0,14,14,293
10/04/2022,OKC,OK,ASW,CE,Combined TRACON& Tower with Radar,124,24,29,69,246,0,2,31,16,49,124,26,60,85,295,8,0,8,303
10/05/2022,OKC,OK,ASW,CE,Combined TRACON& Tower with Radar,126,30,23,82,261,0,0,28,22,50,126,30,51,104,311,0,70,70,381
10/06/2022,OKC,OK,ASW,CE,Combined TRACON& Tower with Radar,138,41,23,51,253,0,3,22,28,53,138,44,45,79,306,0,26,26,332
10/07/2022,OKC,OK,ASW,CE,Combined TRACON& Tower with Radar,134,33,31,21,219,0,1,12,10,23,134,34,43,31,242,0,0,0,242
10/08/2022,OKC,OK,ASW,CE,Combined TRACON& Tower with Radar,100,25,19,5,149,0,3,18,5,26,100,28,37,10,175,0,0,0,175
10/09/2022,OKC,OK,ASW,CE,Combined TRACON& Tower with Radar,124,22,16,4,166,0,2,10,0,12,124,24,26,4,178,24,0,24,202
10/10/2022,OKC,OK,ASW,CE,Combined TRACON& Tower with Radar,121,28,33,0,182,0,0,12,0,12,121,28,45,0,194,0,0,0,194
10/11/2022,OKC,OK,ASW,CE,Combined TRACON& Tower with Radar,123,33,29,46,231,0,1,8,18,27,123,34,37,64,258,0,0,0,258
10/12/2022,OKC,OK,ASW,CE,Combined TRACON& Tower with Radar,126,33,33,64,256,0,2,27,37,66,126,35,60,101,322,0,20,20,342
10/13/2022,OKC,OK,ASW,CE,Combined TRACON& Tower with Radar,130,39,38,55,262,0,5,23,18,46,130,44,61,73,308,0,12,12,320
10/14/2022,OKC,OK,ASW,CE,Combined TRACON& Tower with Radar,129,25,32,57,243,0,0,35,8,43,129,25,67,65,286,0,16,16,302
10/15/2022,OKC,OK,ASW,CE,Combined TRACON& Tower with Radar,97,28,19,9,153,0,1,18,0,19,97,29,37,9,172,0,0,0,172
10/16/2022,OKC,OK,ASW,CE,Combined TRACON& Tower with Radar,125,30,27,9,191,0,0,8,1,9,125,30,35,10,200,0,0,0,200
10/17/2022,OKC,OK,ASW,CE,Combined TRACON& Tower with Radar,120,23,29,86,258,0,5,32,24,61,120,28,61,110,319,0,14,14,333
10/18/2022,OKC,OK,ASW,CE,Combined TRACON& Tower with Radar,125,32,43,121,321,0,1,24,28,53,125,33,67,149,374,0,6,6,380
10/19/2022,OKC,OK,ASW,CE,Combined TRACON& Tower with Radar,131,30,30,96,287,0,1,29,27,57,131,31,59,123,344,0,0,0,344
10/20/2022,OKC,OK,ASW,CE,Combined TRACON& Tower with Radar,133,30,33,62,258,0,0,29,25,54,133,30,62,87,312,0,2,2,314
10/21/2022,OKC,OK,ASW,CE,Combined TRACON& Tower with Radar,131,25,23,37,216,0,3,25,3,31,131,28,48,40,247,0,10,10,257
10/22/2022,OKC,OK,ASW,CE,Combined TRACON& Tower with Radar,107,19,5,16,147,0,1,14,2,17,107,20,19,18,164,0,12,12,176
10/23/2022,OKC,OK,ASW,CE,Combined TRACON& Tower with Radar,127,22,13,16,178,0,0,13,5,18,127,22,26,21,196,0,0,0,196
10/24/2022,OKC,OK,ASW,CE,Combined TRACON& Tower with Radar,150,30,17,51,248,0,1,7,1,9,150,31,24,52,257,0,0,0,257
10/25/2022,OKC,OK,ASW,CE,Combined TRACON& Tower with Radar,123,32,28,61,244,0,2,14,19,35,123,34,42,80,279,0,4,4,283
10/26/2022,OKC,OK,ASW,CE,Combined TRACON& Tower with Radar,125,40,39,44,248,0,3,31,19,53,125,43,70,63,301,0,0,0,301
10/27/2022,OKC,OK,ASW,CE,Combined TRACON& Tower with Radar,133,24,27,44,228,0,2,19,19,40,133,26,46,63,268,0,0,0,268
10/28/2022,OKC,OK,ASW,CE,Combined TRACON& Tower with Radar,142,24,29,73,268,0,0,5,15,20,142,24,34,88,288,0,4,4,292
10/29/2022,OKC,OK,ASW,CE,Combined TRACON& Tower with Radar,102,14,28,3,147,0,0,14,1,15,102,14,42,4,162,0,0,0,162
10/30/2022,OKC,OK,ASW,CE,Combined TRACON& Tower with Radar,117,29,19,13,178,0,0,23,3,26,117,29,42,16,204,0,0,0,204
10/31/2022,OKC,OK,ASW,CE,Combined TRACON& Tower with Radar,113,28,21,43,205,0,1,14,25,40,113,29,35,68,245,0,6,6,251
11/01/2022,OKC,OK,ASW,CE,Combined TRACON& Tower with Radar,122,27,23,93,265,0,3,19,36,58,122,30,42,129,323,0,58,58,381
11/02/2022,OKC,OK,ASW,CE,Combined TRACON& Tower with Radar,126,29,27,70,252,0,0,6,10,16,126,29,33,80,268,0,0,0,268
11/03/2022,OKC,OK,ASW,CE,Combined TRACON& Tower with Radar,122,36,58,29,245,0,0,8,8,16,122,36,66,37,261,0,0,0,261
11/04/2022,OKC,OK,ASW,CE,Combined TRACON& Tower with Radar,134,25,14,11,184,0,0,1,1,2,134,25,15,12,186,12,0,12,198
11/05/2022,OKC,OK,ASW,CE,Combined TRACON& Tower with Radar,101,26,22,13,162,0,2,33,8,43,101,28,55,21,205,0,0,0,205
11/06/2022,OKC,OK,ASW,CE,Combined TRACON& Tower with Radar,112,31,36,19,198,0,1,23,2,26,112,32,59,21,224,0,0,0,224
11/07/2022,OKC,OK,ASW,CE,Combined TRACON& Tower with Radar,121,24,60,45,250,0,0,3,20,23,121,24,63,65,273,0,0,0,273
11/08/2022,OKC,OK,ASW,CE,Combined TRACON& Tower with Radar,120,25,37,57,239,0,0,6,11,17,120,25,43,68,256,0,0,0,256
11/09/2022,OKC,OK,ASW,CE,Combined TRACON& Tower with Radar,122,21,32,84,259,0,0,8,27,35,122,21,40,111,294,0,14,14,308
11/10/2022,OKC,OK,ASW,CE,Combined TRACON& Tower with Radar,122,27,31,80,260,0,0,0,0,0,122,27,31,80,260,0,0,0,260
11/11/2022,OKC,OK,ASW,CE,Combined TRACON& Tower with Radar,143,20,31,2,196,0,0,12,0,12,143,20,43,2,208,0,0,0,208
11/12/2022,OKC,OK,ASW,CE,Combined TRACON& Tower with Radar,102,28,21,2,153,0,0,21,0,21,102,28,42,2,174,0,0,0,174
11/13/2022,OKC,OK,ASW,CE,Combined TRACON& Tower with Radar,106,22,20,0,148,0,2,14,4,20,106,24,34,4,168,0,0,0,168
11/14/2022,OKC,OK,ASW,CE,Combined TRACON& Tower with Radar,122,29,23,5,179,0,2,11,9,22,122,31,34,14,201,0,6,6,207
11/15/2022,OKC,OK,ASW,CE,Combined TRACON& Tower with Radar,114,31,32,30,207,0,4,18,31,53,114,35,50,61,260,0,0,0,260
11/16/2022,OKC,OK,ASW,CE,Combined TRACON& Tower with Radar,124,30,30,55,239,0,5,24,33,62,124,35,54,88,301,8,66,74,375
11/17/2022,OKC,OK,ASW,CE,Combined TRACON& Tower with Radar,127,33,39,95,294,0,2,37,14,53,127,35,76,109,347,0,0,0,347
11/18/2022,OKC,OK,ASW,CE,Combined TRACON& Tower with Radar,122,36,24,43,225,0,1,17,8,26,122,37,41,51,251,0,26,26,277
11/19/2022,OKC,OK,ASW,CE,Combined TRACON& Tower with Radar,102,17,16,22,157,0,1,22,3,26,102,18,38,25,183,0,26,26,209
11/20/2022,OKC,OK,ASW,CE,Combined TRACON& Tower with Radar,119,18,18,1,156,0,0,23,1,24,119,18,41,2,180,0,0,0,180
11/21/2022,OKC,OK,ASW,CE,Combined TRACON& Tower with Radar,120,25,20,60,225,0,3,18,19,40,120,28,38,79,265,6,4,10,275
11/22/2022,OKC,OK,ASW,CE,Combined TRACON& Tower with Radar,133,21,20,47,221,0,2,16,17,35,133,23,36,64,256,0,8,8,264
11/23/2022,OKC,OK,ASW,CE,Combined TRACON& Tower with Radar,131,19,12,24,186,0,0,1,2,3,131,19,13,26,189,0,0,0,189
11/24/2022,OKC,OK,ASW,CE,Combined TRACON& Tower with Radar,85,9,2,0,96,0,0,0,0,0,85,9,2,0,96,0,0,0,96
11/25/2022,OKC,OK,ASW,CE,Combined TRACON& Tower with Radar,114,30,10,0,154,0,0,17,0,17,114,30,27,0,171,0,0,0,171
11/26/2022,OKC,OK,ASW,CE,Combined TRACON& Tower with Radar,100,12,17,0,129,0,0,0,0,0,100,12,17,0,129,0,0,0,129
11/27/2022,OKC,OK,ASW,CE,Combined TRACON& Tower with Radar,116,29,20,0,165,0,1,16,2,19,116,30,36,2,184,0,0,0,184
11/28/2022,OKC,OK,ASW,CE,Combined TRACON& Tower with Radar,132,32,23,47,234,0,3,15,20,38,132,35,38,67,272,0,26,26,298
11/29/2022,OKC,OK,ASW,CE,Combined TRACON& Tower with Radar,129,28,33,78,268,0,0,9,29,38,129,28,42,107,306,0,0,0,306
11/30/2022,OKC,OK,ASW,CE,Combined TRACON& Tower with Radar,127,27,26,36,216,0,1,28,39,68,127,28,54,75,284,0,0,0,284
12/01/2022,OKC,OK,ASW,CE,Combined TRACON& Tower with Radar,124,34,34,33,225,0,5,14,17,36,124,39,48,50,261,0,0,0,261
12/02/2022,OKC,OK,ASW,CE,Combined TRACON& Tower with Radar,132,21,19,46,218,0,0,6,4,10,132,21,25,50,228,0,0,0,228
12/03/2022,OKC,OK,ASW,CE,Combined TRACON& Tower with Radar,105,19,12,1,137,0,1,16,0,17,105,20,28,1,154,0,0,0,154
12/04/2022,OKC,OK,ASW,CE,Combined TRACON& Tower with Radar,121,20,15,19,175,0,0,9,1,10,121,20,24,20,185,0,0,0,185
12/05/2022,OKC,OK,ASW,CE,Combined TRACON& Tower with Radar,123,26,34,123,306,0,5,13,42,60,123,31,47,165,366,0,24,24,390
12/06/2022,OKC,OK,ASW,CE,Combined TRACON& Tower with Radar,123,25,39,78,265,0,0,1,2,3,123,25,40,80,268,0,0,0,268
12/07/2022,OKC,OK,ASW,CE,Combined TRACON& Tower with Radar,125,31,32,72,260,0,0,1,0,1,125,31,33,72,261,0,0,0,261
12/08/2022,OKC,OK,ASW,CE,Combined TRACON& Tower with Radar,134,36,33,44,247,0,0,0,10,10,134,36,33,54,257,0,0,0,257
12/09/2022,OKC,OK,ASW,CE,Combined TRACON& Tower with Radar,145,28,17,89,279,0,6,17,32,55,145,34,34,121,334,0,0,0,334
12/10/2022,OKC,OK,ASW,CE,Combined TRACON& Tower with Radar,103,26,15,2,146,0,0,0,1,1,103,26,15,3,147,0,0,0,147
12/11/2022,OKC,OK,ASW,CE,Combined TRACON& Tower with Radar,121,27,15,7,170,0,0,0,0,0,121,27,15,7,170,0,0,0,170
12/12/2022,OKC,OK,ASW,CE,Combined TRACON& Tower with Radar,125,23,23,21,192,0,0,0,4,4,125,23,23,25,196,0,0,0,196
12/13/2022,OKC,OK,ASW,CE,Combined TRACON& Tower with Radar,122,44,29,62,257,0,5,28,33,66,122,49,57,95,323,0,32,32,355
12/14/2022,OKC,OK,ASW,CE,Combined TRACON& Tower with Radar,134,30,40,82,286,0,2,22,24,48,134,32,62,106,334,0,14,14,348
12/15/2022,OKC,OK,ASW,CE,Combined TRACON& Tower with Radar,120,25,27,74,246,0,2,45,27,74,120,27,72,101,320,0,20,20,340
12/16/2022,OKC,OK,ASW,CE,Combined TRACON& Tower with Radar,137,35,19,38,229,0,0,24,20,44,137,35,43,58,273,10,18,28,301
12/17/2022,OKC,OK,ASW,CE,Combined TRACON& Tower with Radar,105,27,18,23,173,0,0,28,3,31,105,27,46,26,204,0,0,0,204
12/18/2022,OKC,OK,ASW,CE,Combined TRACON& Tower with Radar,122,17,10,0,149,0,2,15,0,17,122,19,25,0,166,0,0,0,166
12/19/2022,OKC,OK,ASW,CE,Combined TRACON& Tower with Radar,122,26,28,80,256,0,1,18,18,37,122,27,46,98,293,0,98,98,391
12/20/2022,OKC,OK,ASW,CE,Combined TRACON& Tower with Radar,120,27,14,54,215,0,0,4,4,8,120,27,18,58,223,30,0,30,253
12/21/2022,OKC,OK,ASW,CE,Combined TRACON& Tower with Radar,136,34,16,28,214,0,0,6,5,11,136,34,22,33,225,0,0,0,225
12/22/2022,OKC,OK,ASW,CE,Combined TRACON& Tower with Radar,109,21,11,0,141,0,0,1,0,1,109,21,12,0,142,0,0,0,142
12/23/2022,OKC,OK,ASW,CE,Combined TRACON& Tower with Radar,102,36,10,0,148,0,1,11,3,15,102,37,21,3,163,0,0,0,163
12/24/2022,OKC,OK,ASW,CE,Combined TRACON& Tower with Radar,88,16,2,0,106,0,2,9,5,16,88,18,11,5,122,0,0,0,122
12/25/2022,OKC,OK,ASW,CE,Combined TRACON& Tower with Radar,71,12,4,0,87,0,0,5,4,9,71,12,9,4,96,0,0,0,96
12/26/2022,OKC,OK,ASW,CE,Combined TRACON& Tower with Radar,80,28,10,0,118,0,2,12,5,19,80,30,22,5,137,0,0,0,137
12/27/2022,OKC,OK,ASW,CE,Combined TRACON& Tower with Radar,102,21,18,11,152,0,0,17,7,24,102,21,35,18,176,0,16,16,192
12/28/2022,OKC,OK,ASW,CE,Combined TRACON& Tower with Radar,104,25,14,16,159,0,0,16,5,21,104,25,30,21,180,0,0,0,180
12/29/2022,OKC,OK,ASW,CE,Combined TRACON& Tower with Radar,104,19,10,14,147,0,3,18,18,39,104,22,28,32,186,0,0,0,186
12/30/2022,OKC,OK,ASW,CE,Combined TRACON& Tower with Radar,127,28,14,4,173,0,1,19,6,26,127,29,33,10,199,0,0,0,199
12/31/2022,OKC,OK,ASW,CE,Combined TRACON& Tower with Radar,91,15,8,0,114,0,1,12,2,15,91,16,20,2,129,4,0,4,133
01/01/2023,OKC,OK,ASW,CE,Combined TRACON& Tower with Radar,99,16,9,2,126,0,1,8,2,11,99,17,17,4,137,0,0,0,137
01/02/2023,OKC,OK,ASW,CE,Combined TRACON& Tower with Radar,109,11,11,0,131,0,0,4,0,4,109,11,15,0,135,0,0,0,135
01/03/2023,OKC,OK,ASW,CE,Combined TRACON& Tower with Radar,133,19,35,55,242,0,1,24,15,40,133,20,59,70,282,0,24,24,306
01/04/2023,OKC,OK,ASW,CE,Combined TRACON& Tower with Radar,117,20,21,75,233,0,3,20,35,58,117,23,41,110,291,0,82,82,373
01/05/2023,OKC,OK,ASW,CE,Combined TRACON& Tower with Radar,118,30,22,114,284,0,1,19,33,53,118,31,41,147,337,0,36,36,373
01/06/2023,OKC,OK,ASW,CE,Combined TRACON& Tower with Radar,120,29,29,76,254,0,0,16,22,38,120,29,45,98,292,0,62,62,354
01/07/2023,OKC,OK,ASW,CE,Combined TRACON& Tower with Radar,89,30,19,33,171,0,2,32,10,44,89,32,51,43,215,0,28,28,243
01/08/2023,OKC,OK,ASW,CE,Combined TRACON& Tower with Radar,106,18,12,40,176,0,1,19,5,25,106,19,31,45,201,0,46,46,247
01/09/2023,OKC,OK,ASW,CE,Combined TRACON& Tower with Radar,124,24,16,64,228,0,2,28,30,60,124,26,44,94,288,0,38,38,326
01/10/2023,OKC,OK,ASW,CE,Combined TRACON& Tower with Radar,124,33,14,52,223,0,8,12,17,37,124,41,26,69,260,0,0,0,260
01/11/2023,OKC,OK,ASW,CE,Combined TRACON& Tower with Radar,121,26,19,106,272,0,4,17,25,46,121,30,36,131,318,6,76,82,400
01/12/2023,OKC,OK,ASW,CE,Combined TRACON& Tower with Radar,127,33,20,130,310,0,5,13,20,38,127,38,33,150,348,0,38,38,386
01/13/2023,OKC,OK,ASW,CE,Combined TRACON& Tower with Radar,133,34,21,81,269,0,0,20,17,37,133,34,41,98,306,0,130,130,436
01/14/2023,OKC,OK,ASW,CE,Combined TRACON& Tower with Radar,94,13,22,1,130,0,2,16,0,18,94,15,38,1,148,0,0,0,148
01/15/2023,OKC,OK,ASW,CE,Combined TRACON& Tower with Radar,103,11,2,5,121,0,1,12,0,13,103,12,14,5,134,0,0,0,134
01/16/2023,OKC,OK,ASW,CE,Combined TRACON& Tower with Radar,119,23,12,1,155,0,2,16,0,18,119,25,28,1,173,0,0,0,173
01/17/2023,OKC,OK,ASW,CE,Combined TRACON& Tower with Radar,117,31,22,96,266,0,4,14,28,46,117,35,36,124,312,0,16,16,328
01/18/2023,OKC,OK,ASW,CE,Combined TRACON& Tower with Radar,125,26,19,105,275,0,1,12,19,32,125,27,31,124,307,0,20,20,327
01/19/2023,OKC,OK,ASW,CE,Combined TRACON& Tower with Radar,133,32,16,78,259,0,6,18,29,53,133,38,34,107,312,0,20,20,332
01/20/2023,OKC,OK,ASW,CE,Combined TRACON& Tower with Radar,132,28,23,65,248,0,1,40,20,61,132,29,63,85,309,26,34,60,369
01/21/2023,OKC,OK,ASW,CE,Combined TRACON& Tower with Radar,93,17,4,5,119,0,0,12,1,13,93,17,16,6,132,0,0,0,132
01/22/2023,OKC,OK,ASW,CE,Combined TRACON& Tower with Radar,114,17,11,33,175,0,4,3,0,7,114,21,14,33,182,0,0,0,182
01/23/2023,OKC,OK,ASW,CE,Combined TRACON& Tower with Radar,122,28,32,89,271,0,10,20,30,60,122,38,52,119,331,0,40,40,371
01/24/2023,OKC,OK,ASW,CE,Combined TRACON& Tower with Radar,114,21,18,0,153,0,0,0,0,0,114,21,18,0,153,0,0,0,153
01/25/2023,OKC,OK,ASW,CE,Combined TRACON& Tower with Radar,129,21,22,74,246,0,0,6,23,29,129,21,28,97,275,6,12,18,293
01/26/2023,OKC,OK,ASW,CE,Combined TRACON& Tower with Radar,126,30,46,48,250,0,6,41,36,83,126,36,87,84,333,0,8,8,341
01/27/2023,OKC,OK,ASW,CE,Combined TRACON& Tower with Radar,153,31,27,61,272,0,0,25,30,55,153,31,52,91,327,4,28,32,359
01/28/2023,OKC,OK,ASW,CE,Combined TRACON& Tower with Radar,109,11,16,9,145,0,4,12,2,18,109,15,28,11,163,0,8,8,171
01/29/2023,OKC,OK,ASW,CE,Combined TRACON& Tower with Radar,110,22,13,4,149,0,0,0,0,0,110,22,13,4,149,0,0,0,149
01/30/2023,OKC,OK,ASW,CE,Combined TRACON& Tower with Radar,117,13,16,0,146,0,0,1,0,1,117,13,17,0,147,0,0,0,147
01/31/2023,OKC,OK,ASW,CE,Combined TRACON& Tower with Radar,125,28,19,8,180,0,0,2,1,3,125,28,21,9,183,0,0,0,183
02/01/2023,OKC,OK,ASW,CE,Combined TRACON& Tower with Radar,99,20,20,15,154,0,2,12,36,50,99,22,32,51,204,6,36,42,246
02/02/2023,OKC,OK,ASW,CE,Combined TRACON& Tower with Radar,120,40,37,51,248,0,4,9,21,34,120,44,46,72,282,0,0,0,282
02/03/2023,OKC,OK,ASW,CE,Combined TRACON& Tower with Radar,128,19,32,86,265,0,2,23,39,64,128,21,55,125,329,20,44,64,393
02/04/2023,OKC,OK,ASW,CE,Combined TRACON& Tower with Radar,92,12,5,20,129,0,3,2,13,18,92,15,7,33,147,0,0,0,147
02/05/2023,OKC,OK,ASW,CE,Combined TRACON& Tower with Radar,115,16,12,27,170,0,0,14,3,17,115,16,26,30,187,0,0,0,187
02/06/2023,OKC,OK,ASW,CE,Combined TRACON& Tower with Radar,117,17,26,69,229,0,8,31,37,76,117,25,57,106,305,0,18,18,323
02/07/2023,OKC,OK,ASW,CE,Combined TRACON& Tower with Radar,116,18,19,46,199,0,0,0,13,13,116,18,19,59,212,0,18,18,230
02/08/2023,OKC,OK,ASW,CE,Combined TRACON& Tower with Radar,111,21,26,51,209,0,1,0,0,1,111,22,26,51,210,0,0,0,210
02/09/2023,OKC,OK,ASW,CE,Combined TRACON& Tower with Radar,126,35,37,75,273,0,2,19,47,68,126,37,56,122,341,0,0,0,341
02/10/2023,OKC,OK,ASW,CE,Combined TRACON& Tower with Radar,118,38,35,82,273,0,4,31,28,63,118,42,66,110,336,10,34,44,380
02/11/2023,OKC,OK,ASW,CE,Combined TRACON& Tower with Radar,106,23,19,16,164,0,0,32,2,34,106,23,51,18,198,26,0,26,224
02/12/2023,OKC,OK,ASW,CE,Combined TRACON& Tower with Radar,108,15,14,13,150,0,1,7,1,9,108,16,21,14,159,0,0,0,159
02/13/2023,OKC,OK,ASW,CE,Combined TRACON& Tower with Radar,123,28,18,88,257,0,2,16,40,58,123,30,34,128,315,0,18,18,333
02/14/2023,OKC,OK,ASW,CE,Combined TRACON& Tower with Radar,121,17,14,25,177,0,0,4,6,10,121,17,18,31,187,0,0,0,187
02/15/2023,OKC,OK,ASW,CE,Combined TRACON& Tower with Radar,125,31,22,119,297,0,0,17,49,66,125,31,39,168,363,0,94,94,457
02/16/2023,OKC,OK,ASW,CE,Combined TRACON& Tower with Radar,131,31,28,108,298,0,1,13,38,52,131,32,41,146,350,0,0,0,350
02/17/2023,OKC,OK,ASW,CE,Combined TRACON& Tower with Radar,129,26,30,58,243,0,1,22,12,35,129,27,52,70,278,0,0,0,278
02/18/2023,OKC,OK,ASW,CE,Combined TRACON& Tower with Radar,108,20,6,2,136,0,2,20,2,24,108,22,26,4,160,0,0,0,160
02/19/2023,OKC,OK,ASW,CE,Combined TRACON& Tower with Radar,113,21,12,4,150,0,2,19,0,21,113,23,31,4,171,0,0,0,171
02/20/2023,OKC,OK,ASW,CE,Combined TRACON& Tower with Radar,121,18,29,54,222,0,4,27,0,31,121,22,56,54,253,0,0,0,253
02/21/2023,OKC,OK,ASW,CE,Combined TRACON& Tower with Radar,126,33,29,65,253,0,1,20,34,55,126,34,49,99,308,0,0,0,308
02/22/2023,OKC,OK,ASW,CE,Combined TRACON& Tower with Radar,121,34,26,26,207,0,0,10,26,36,121,34,36,52,243,0,10,10,253
02/23/2023,OKC,OK,ASW,CE,Combined TRACON& Tower with Radar,139,23,28,103,293,0,9,30,35,74,139,32,58,138,367,0,0,0,367
02/24/2023,OKC,OK,ASW,CE,Combined TRACON& Tower with Radar,132,15,13,68,228,0,0,2,3,5,132,15,15,71,233,0,0,0,233
02/25/2023,OKC,OK,ASW,CE,Combined TRACON& Tower with Radar,111,10,23,3,147,0,0,0,0,0,111,10,23,3,147,0,0,0,147
02/26/2023,OKC,OK,ASW,CE,Combined TRACON& Tower with Radar,109,14,13,0,136,0,0,0,0,0,109,14,13,0,136,0,0,0,136
02/27/2023,OKC,OK,ASW,CE,Combined TRACON& Tower with Radar,124,30,27,85,266,0,0,27,32,59,124,30,54,117,325,22,12,34,359
02/28/2023,OKC,OK,ASW,CE,Combined TRACON& Tower with Radar,135,33,44,62,274,0,5,19,17,41,135,38,63,79,315,0,0,0,315
03/01/2023,OKC,OK,ASW,CE,Combined TRACON& Tower with Radar,120,36,27,101,284,0,6,24,39,69,120,42,51,140,353,18,118,136,489
03/02/2023,OKC,OK,ASW,CE,Combined TRACON& Tower with Radar,131,34,41,37,243,0,0,1,8,9,131,34,42,45,252,0,0,0,252
03/03/2023,OKC,OK,ASW,CE,Combined TRACON& Tower with Radar,130,17,28,67,242,0,0,12,21,33,130,17,40,88,275,0,0,0,275
03/04/2023,OKC,OK,ASW,CE,Combined TRACON& Tower with Radar,102,24,22,9,157,0,9,23,6,38,102,33,45,15,195,0,0,0,195
03/05/2023,OKC,OK,ASW,CE,Combined TRACON& Tower with Radar,122,11,25,21,179,0,3,18,5,26,122,14,43,26,205,0,10,10,215
03/06/2023,OKC,OK,ASW,CE,Combined TRACON& Tower with Radar,130,13,34,39,216,0,1,28,36,65,130,14,62,75,281,0,28,28,309
03/07/2023,OKC,OK,ASW,CE,Combined TRACON& Tower with Radar,127,21,29,35,212,0,2,10,18,30,127,23,39,53,242,0,10,10,252
03/08/2023,OKC,OK,ASW,CE,Combined TRACON& Tower with Radar,128,27,23,79,257,0,0,6,16,22,128,27,29,95,279,0,0,0,279
03/09/2023,OKC,OK,ASW,CE,Combined TRACON& Tower with Radar,161,37,31,72,301,0,2,0,6,8,161,39,31,78,309,0,0,0,309
03/10/2023,OKC,OK,ASW,CE,Combined TRACON& Tower with Radar,141,26,35,49,251,0,2,29,15,46,141,28,64,64,297,0,20,20,317
03/11/2023,OKC,OK,ASW,CE,Combined TRACON& Tower with Radar,105,14,28,23,170,0,0,9,0,9,105,14,37,23,179,0,0,0,179
03/12/2023,OKC,OK,ASW,CE,Combined TRACON& Tower with Radar,129,21,28,24,202,0,0,12,5,17,129,21,40,29,219,0,0,0,219
03/13/2023,OKC,OK,ASW,CE,Combined TRACON& Tower with Radar,133,9,21,44,207,0,0,13,34,47,133,9,34,78,254,0,18,18,272
03/14/2023,OKC,OK,ASW,CE,Combined TRACON& Tower with Radar,134,13,23,34,204,0,4,19,20,43,134,17,42,54,247,32,6,38,285
03/15/2023,OKC,OK,ASW,CE,Combined TRACON& Tower with Radar,135,19,8,66,228,0,2,8,31,41,135,21,16,97,269,0,40,40,309
03/16/2023,OKC,OK,ASW,CE,Combined TRACON& Tower with Radar,187,16,7,13,223,0,0,2,4,6,187,16,9,17,229,0,6,6,235
03/17/2023,OKC,OK,ASW,CE,Combined TRACON& Tower with Radar,140,20,11,34,205,0,3,11,16,30,140,23,22,50,235,0,0,0,235
03/18/2023,OKC,OK,ASW,CE,Combined TRACON& Tower with Radar,103,21,8,1,133,0,0,12,5,17,103,21,20,6,150,0,0,0,150
03/19/2023,OKC,OK,ASW,CE,Combined TRACON& Tower with Radar,130,24,25,7,186,0,2,23,8,33,130,26,48,15,219,0,10,10,229
03/20/2023,OKC,OK,ASW,CE,Combined TRACON& Tower with Radar,133,27,8,48,216,0,2,17,25,44,133,29,25,73,260,0,32,32,292
03/21/2023,OKC,OK,ASW,CE,Combined TRACON& Tower with Radar,135,23,26,48,232,0,2,0,13,15,135,25,26,61,247,0,0,0,247
03/22/2023,OKC,OK,ASW,CE,Combined TRACON& Tower with Radar,133,32,40,92,297,0,10,17,27,54,133,42,57,119,351,0,0,0,351
03/23/2023,OKC,OK,ASW,CE,Combined TRACON& Tower with Radar,140,19,21,16,196,0,0,5,3,8,140,19,26,19,204,0,0,0,204
03/24/2023,OKC,OK,ASW,CE,Combined TRACON& Tower with Radar,154,13,20,39,226,0,0,3,4,7,154,13,23,43,233,0,0,0,233
03/25/2023,OKC,OK,ASW,CE,Combined TRACON& Tower with Radar,105,18,13,28,164,0,4,27,7,38,105,22,40,35,202,0,0,0,202
03/26/2023,OKC,OK,ASW,CE,Combined TRACON& Tower with Radar,122,22,12,18,174,0,5,18,5,28,122,27,30,23,202,0,0,0,202
03/27/2023,OKC,OK,ASW,CE,Combined TRACON& Tower with Radar,133,24,29,28,214,0,6,33,18,57,133,30,62,46,271,38,0,38,309
03/28/2023,OKC,OK,ASW,CE,Combined TRACON& Tower with Radar,139,24,32,70,265,0,4,20,11,35,139,28,52,81,300,0,0,0,300
03/29/2023,OKC,OK,ASW,CE,Combined TRACON& Tower with Radar,128,29,25,48,230,0,4,33,37,74,128,33,58,85,304,24,10,34,338
03/30/2023,OKC,OK,ASW,CE,Combined TRACON& Tower with Radar,140,27,28,83,278,0,2,7,10,19,140,29,35,93,297,0,0,0,297
03/31/2023,OKC,OK,ASW,CE,Combined TRACON& Tower with Radar,135,15,16,2,168,0,0,8,3,11,135,15,24,5,179,0,0,0,179
04/01/2023,OKC,OK,ASW,CE,Combined TRACON& Tower with Radar,102,20,12,21,155,0,2,29,22,53,102,22,41,43,208,0,0,0,208
04/02/2023,OKC,OK,ASW,CE,Combined TRACON& Tower with Radar,133,14,6,43,196,0,3,10,4,17,133,17,16,47,213,0,10,10,223
04/03/2023,OKC,OK,ASW,CE,Combined TRACON& Tower with Radar,131,29,29,134,323,0,7,17,35,59,131,36,46,169,382,0,50,50,432
04/04/2023,OKC,OK,ASW,CE,Combined TRACON& Tower with Radar,137,21,23,55,236,0,5,11,16,32,137,26,34,71,268,0,60,60,328
04/05/2023,OKC,OK,ASW,CE,Combined TRACON& Tower with Radar,135,29,21,89,274,0,8,15,21,44,135,37,36,110,318,12,80,92,410
04/06/2023,OKC,OK,ASW,CE,Combined TRACON& Tower with Radar,139,24,47,89,299,0,9,16,20,45,139,33,63,109,344,0,18,18,362
04/07/2023,OKC,OK,ASW,CE,Combined TRACON& Tower with Radar,141,20,17,69,247,0,5,17,12,34,141,25,34,81,281,0,0,0,281
04/08/2023,OKC,OK,ASW,CE,Combined TRACON& Tower with Radar,104,6,8,17,135,0,7,21,4,32,104,13,29,21,167,0,0,0,167
04/09/2023,OKC,OK,ASW,CE,Combined TRACON& Tower with Radar,125,14,9,6,154,0,1,5,1,7,125,15,14,7,161,0,0,0,161
04/10/2023,OKC,OK,ASW,CE,Combined TRACON& Tower with Radar,134,15,32,67,248,0,4,9,23,36,134,19,41,90,284,8,46,54,338
04/11/2023,OKC,OK,ASW,CE,Combined TRACON& Tower with Radar,140,20,30,48,238,0,2,19,28,49,140,22,49,76,287,0,46,46,333
04/12/2023,OKC,OK,ASW,CE,Combined TRACON& Tower with Radar,138,18,41,58,255,0,8,13,27,48,138,26,54,85,303,0,0,0,303
04/13/2023,OKC,OK,ASW,CE,Combined TRACON& Tower with Radar,141,23,33,31,228,0,7,22,31,60,141,30,55,62,288,6,12,18,306
04/14/2023,OKC,OK,ASW,CE,Combined TRACON& Tower with Radar,135,33,22,51,241,0,4,12,14,30,135,37,34,65,271,28,24,52,323
04/15/2023,OKC,OK,ASW,CE,Combined TRACON& Tower with Radar,116,16,17,9,158,0,1,30,0,31,116,17,47,9,189,0,0,0,189
04/16/2023,OKC,OK,ASW,CE,Combined TRACON& Tower with Radar,129,24,21,17,191,0,1,16,7,24,129,25,37,24,215,0,0,0,215
04/17/2023,OKC,OK,ASW,CE,Combined TRACON& Tower with Radar,135,16,30,70,251,0,0,21,24,45,135,16,51,94,296,10,12,22,318
04/18/2023,OKC,OK,ASW,CE,Combined TRACON& Tower with Radar,133,22,29,116,300,0,0,14,16,30,133,22,43,132,330,0,62,62,392
04/19/2023,OKC,OK,ASW,CE,Combined TRACON& Tower with Radar,125,29,25,25,204,0,2,3,9,14,125,31,28,34,218,0,0,0,218
04/20/2023,OKC,OK,ASW,CE,Combined TRACON& Tower with Radar,180,34,38,64,316,0,8,22,24,54,180,42,60,88,370,22,20,42,412
04/21/2023,OKC,OK,ASW,CE,Combined TRACON& Tower with Radar,149,31,24,52,256,0,6,21,5,32,149,37,45,57,288,10,2,12,300
04/22/2023,OKC,OK,ASW,CE,Combined TRACON& Tower with Radar,118,19,19,4,160,0,1,14,5,20,118,20,33,9,180,0,0,0,180
04/23/2023,OKC,OK,ASW,CE,Combined TRACON& Tower with Radar,128,18,14,18,178,0,0,9,0,9,128,18,23,18,187,4,0,4,191
04/24/2023,OKC,OK,ASW,CE,Combined TRACON& Tower with Radar,134,18,37,62,251,0,4,9,16,29,134,22,46,78,280,30,24,54,334
04/25/2023,OKC,OK,ASW,CE,Combined TRACON& Tower with Radar,134,19,29,12,194,0,0,0,6,6,134,19,29,18,200,0,0,0,200
04/26/2023,OKC,OK,ASW,CE,Combined TRACON& Tower with Radar,132,21,11,30,194,0,0,0,0,0,132,21,11,30,194,0,0,0,194
04/27/2023,OKC,OK,ASW,CE,Combined TRACON& Tower with Radar,141,22,43,86,292,0,2,4,4,10,141,24,47,90,302,0,20,20,322
04/28/2023,OKC,OK,ASW,CE,Combined TRACON& Tower with Radar,140,17,41,29,227,0,1,5,7,13,140,18,46,36,240,0,16,16,256
04/29/2023,OKC,OK,ASW,CE,Combined TRACON& Tower with Radar,154,12,20,1,187,0,7,30,4,41,154,19,50,5,228,26,4,30,258
04/30/2023,OKC,OK,ASW,CE,Combined TRACON& Tower with Radar,143,16,23,6,188,0,0,23,3,26,143,16,46,9,214,0,0,0,214
05/01/2023,OKC,OK,ASW,CE,Combined TRACON& Tower with Radar,163,18,24,41,246,0,9,13,26,48,163,27,37,67,294,16,94,110,404
05/02/2023,OKC,OK,ASW,CE,Combined TRACON& Tower with Radar,128,26,21,52,227,0,9,21,29,59,128,35,42,81,286,0,0,0,286
05/03/2023,OKC,OK,ASW,CE,Combined TRACON& Tower with Radar,131,27,32,32,222,0,3,20,18,41,131,30,52,50,263,0,18,18,281
05/04/2023,OKC,OK,ASW,CE,Combined TRACON& Tower with Radar,147,22,15,6,190,0,0,3,8,11,147,22,18,14,201,0,0,0,201
05/05/2023,OKC,OK,ASW,CE,Combined TRACON& Tower with Radar,149,15,19,37,220,0,2,13,19,34,149,17,32,56,254,0,0,0,254
05/06/2023,OKC,OK,ASW,CE,Combined TRACON& Tower with Radar,136,15,16,28,195,0,1,19,7,27,136,16,35,35,222,0,0,0,222
05/07/2023,OKC,OK,ASW,CE,Combined TRACON& Tower with Radar,135,30,13,0,178,0,0,17,3,20,135,30,30,3,198,0,0,0,198
05/08/2023,OKC,OK,ASW,CE,Combined TRACON& Tower with Radar,136,17,27,83,263,0,2,25,30,57,136,19,52,113,320,0,0,0,320
05/09/2023,OKC,OK,ASW,CE,Combined TRACON& Tower with Radar,135,32,27,64,258,0,3,14,16,33,135,35,41,80,291,32,8,40,331
05/10/2023,OKC,OK,ASW,CE,Combined TRACON& Tower with Radar,135,30,30,33,228,0,2,13,19,34,135,32,43,52,262,0,16,16,278
05/11/2023,OKC,OK,ASW,CE,Combined TRACON& Tower with Radar,150,27,19,13,209,0,1,6,1,8,150,28,25,14,217,0,0,0,217
05/12/2023,OKC,OK,ASW,CE,Combined TRACON& Tower with Radar,141,31,34,57,263,0,3,6,6,15,141,34,40,63,278,0,12,12,290
05/13/2023,OKC,OK,ASW,CE,Combined TRACON& Tower with Radar,124,12,12,22,170,0,0,2,0,2,124,12,14,22,172,0,20,20,192
05/14/2023,OKC,OK,ASW,CE,Combined TRACON& Tower with Radar,128,11,11,12,162,0,0,2,0,2,128,11,13,12,164,0,0,0,164
05/15/2023,OKC,OK,ASW,CE,Combined TRACON& Tower with Radar,137,20,23,67,247,0,0,0,9,9,137,20,23,76,256,0,12,12,268
05/16/2023,OKC,OK,ASW,CE,Combined TRACON& Tower with Radar,138,26,31,109,304,0,2,16,28,46,138,28,47,137,350,0,114,114,464
05/17/2023,OKC,OK,ASW,CE,Combined TRACON& Tower with Radar,134,21,23,112,290,0,7,29,38,74,134,28,52,150,364,0,6,6,370
05/18/2023,OKC,OK,ASW,CE,Combined TRACON& Tower with Radar,134,35,36,76,281,0,2,16,26,44,134,37,52,102,325,8,26,34,359
05/19/2023,OKC,OK,ASW,CE,Combined TRACON& Tower with Radar,156,22,22,45,245,0,0,4,10,14,156,22,26,55,259,0,4,4,263
05/20/2023,OKC,OK,ASW,CE,Combined TRACON& Tower with Radar,128,11,14,6,159,0,3,26,4,33,128,14,40,10,192,0,10,10,202
05/21/2023,OKC,OK,ASW,CE,Combined TRACON& Tower with Radar,132,19,13,13,177,0,0,19,1,20,132,19,32,14,197,0,0,0,197
05/22/2023,OKC,OK,ASW,CE,Combined TRACON& Tower with Radar,133,23,22,97,275,0,2,23,20,45,133,25,45,117,320,0,62,62,382
05/23/2023,OKC,OK,ASW,CE,Combined TRACON& Tower with Radar,133,22,21,35,211,0,1,9,11,21,133,23,30,46,232,24,6,30,262
05/24/2023,OKC,OK,ASW,CE,Combined TRACON& Tower with Radar,135,27,32,57,251,0,7,16,26,49,135,34,48,83,300,38,6,44,344
05/25/2023,OKC,OK,ASW,CE,Combined TRACON& Tower with Radar,141,25,31,37,234,0,2,14,15,31,141,27,45,52,265,0,0,0,265
05/26/2023,OKC,OK,ASW,CE,Combined TRACON& Tower with Radar,134,23,21,0,178,0,0,26,0,26,134,23,47,0,204,10,0,10,214
05/27/2023,OKC,OK,ASW,CE,Combined TRACON& Tower with Radar,122,13,15,1,151,0,1,10,0,11,122,14,25,1,162,0,0,0,162
05/28/2023,OKC,OK,ASW,CE,Combined TRACON& Tower with Radar,127,18,6,0,151,0,2,6,0,8,127,20,12,0,159,0,0,0,159
05/29/2023,OKC,OK,ASW,CE,Combined TRACON& Tower with Radar,127,20,9,0,156,0,2,8,0,10,127,22,17,0,166,0,0,0,166
05/30/2023,OKC,OK,ASW,CE,Combined TRACON& Tower with Radar,142,22,25,77,266,0,1,22,22,45,142,23,47,99,311,12,0,12,323
05/31/2023,OKC,OK,ASW,CE,Combined TRACON& Tower with Radar,136,23,40,58,257,0,3,32,34,69,136,26,72,92,326,28,44,72,398
06/01/2023,OKC,OK,ASW,CE,Combined TRACON& Tower with Radar,141,26,28,45,240,0,0,17,19,36,141,26,45,64,276,0,0,0,276
06/02/2023,OKC,OK,ASW,CE,Combined TRACON& Tower with Radar,134,25,21,37,217,0,5,11,32,48,134,30,32,69,265,0,22,22,287
06/03/2023,OKC,OK,ASW,CE,Combined TRACON& Tower with Radar,143,35,29,0,207,0,0,8,0,8,143,35,37,0,215,0,0,0,215
06/04/2023,OKC,OK,ASW,CE,Combined TRACON& Tower with Radar,142,21,21,14,198,0,0,7,1,8,142,21,28,15,206,0,0,0,206
06/05/2023,OKC,OK,ASW,CE,Combined TRACON& Tower with Radar,141,35,32,47,255,1,8,11,41,61,142,43,43,88,316,0,0,0,316
06/06/2023,OKC,OK,ASW,CE,Combined TRACON& Tower with Radar,153,29,24,62,268,0,2,18,31,51,153,31,42,93,319,4,28,32,351
06/07/2023,OKC,OK,ASW,CE,Combined TRACON& Tower with Radar,145,35,21,49,250,0,6,26,35,67,145,41,47,84,317,10,14,24,341
06/08/2023,OKC,OK,ASW,CE,Combined TRACON& Tower with Radar,145,38,29,92,304,0,1,11,34,46,145,39,40,126,350,0,0,0,350
06/09/2023,OKC,OK,ASW,CE,Combined TRACON& Tower with Radar,155,17,24,88,284,0,9,25,18,52,155,26,49,106,336,0,4,4,340
06/10/2023,OKC,OK,ASW,CE,Combined TRACON& Tower with Radar,128,17,9,1,155,0,2,13,3,18,128,19,22,4,173,0,0,0,173
06/11/2023,OKC,OK,ASW,CE,Combined TRACON& Tower with Radar,180,21,29,18,248,0,6,26,8,40,180,27,55,26,288,0,0,0,288
06/12/2023,OKC,OK,ASW,CE,Combined TRACON& Tower with Radar,143,19,30,14,206,1,0,0,3,4,144,19,30,17,210,0,0,0,210
06/13/2023,OKC,OK,ASW,CE,Combined TRACON& Tower with Radar,147,25,39,56,267,0,3,6,21,30,147,28,45,77,297,0,0,0,297
06/14/2023,OKC,OK,ASW,CE,Combined TRACON& Tower with Radar,137,27,32,52,248,0,6,19,26,51,137,33,51,78,299,0,0,0,299
06/15/2023,OKC,OK,ASW,CE,Combined TRACON& Tower with Radar,144,25,20,14,203,0,6,21,15,42,144,31,41,29,245,0,0,0,245
06/16/2023,OKC,OK,ASW,CE,Combined TRACON& Tower with Radar,142,29,32,44,247,0,5,19,8,32,142,34,51,52,279,0,0,0,279
06/17/2023,OKC,OK,ASW,CE,Combined TRACON& Tower with Radar,127,15,18,0,160,0,1,24,2,27,127,16,42,2,187,0,0,0,187
06/18/2023,OKC,OK,ASW,CE,Combined TRACON& Tower with Radar,146,28,12,3,189,0,3,6,3,12,146,31,18,6,201,0,0,0,201
06/19/2023,OKC,OK,ASW,CE,Combined TRACON& Tower with Radar,132,24,39,11,206,0,2,29,0,31,132,26,68,11,237,0,0,0,237
06/20/2023,OKC,OK,ASW,CE,Combined TRACON& Tower with Radar,143,21,36,24,224,0,6,20,24,50,143,27,56,48,274,0,0,0,274
06/21/2023,OKC,OK,ASW,CE,Combined TRACON& Tower with Radar,158,22,38,51,269,0,1,14,17,32,158,23,52,68,301,0,0,0,301
06/22/2023,OKC,OK,ASW,CE,Combined TRACON& Tower with Radar,147,29,33,87,296,0,1,21,20,42,147,30,54,107,338,0,0,0,338
06/23/2023,OKC,OK,ASW,CE,Combined TRACON& Tower with Radar,146,36,15,25,222,0,4,24,14,42,146,40,39,39,264,0,0,0,264
06/24/2023,OKC,OK,ASW,CE,Combined TRACON& Tower with Radar,126,17,26,2,171,0,2,18,2,22,126,19,44,4,193,10,0,10,203
06/25/2023,OKC,OK,ASW,CE,Combined TRACON& Tower with Radar,131,21,15,17,184,0,3,10,8,21,131,24,25,25,205,0,0,0,205
06/26/2023,OKC,OK,ASW,CE,Combined TRACON& Tower with Radar,139,14,18,62,233,0,0,19,15,34,139,14,37,77,267,0,12,12,279
06/27/2023,OKC,OK,ASW,CE,Combined TRACON& Tower with Radar,138,28,29,58,253,0,2,15,24,41,138,30,44,82,294,6,8,14,308
06/28/2023,OKC,OK,ASW,CE,Combined TRACON& Tower with Radar,135,37,33,68,273,0,1,33,23,57,135,38,66,91,330,0,0,0,330
06/29/2023,OKC,OK,ASW,CE,Combined TRACON& Tower with Radar,140,36,26,118,320,0,1,17,25,43,140,37,43,143,363,6,26,32,395
06/30/2023,OKC,OK,ASW,CE,Combined TRACON& Tower with Radar,132,29,22,21,204,0,2,21,11,34,132,31,43,32,238,0,0,0,238
07/01/2023,OKC,OK,ASW,CE,Combined TRACON& Tower with Radar,132,15,6,5,158,0,0,12,2,14,132,15,18,7,172,0,0,0,172
07/02/2023,OKC,OK,ASW,CE,Combined TRACON& Tower with Radar,138,10,9,1,158,0,3,30,4,37,138,13,39,5,195,0,0,0,195
07/03/2023,OKC,OK,ASW,CE,Combined TRACON& Tower with Radar,122,15,5,2,144,0,0,19,5,24,122,15,24,7,168,0,0,0,168
07/04/2023,OKC,OK,ASW,CE,Combined TRACON& Tower with Radar,103,13,5,1,122,0,0,15,2,17,103,13,20,3,139,0,0,0,139
07/05/2023,OKC,OK,ASW,CE,Combined TRACON& Tower with Radar,129,22,12,62,225,0,0,15,8,23,129,22,27,70,248,8,24,32,280
07/06/2023,OKC,OK,ASW,CE,Combined TRACON& Tower with Radar,163,23,27,35,248,0,1,20,13,34,163,24,47,48,282,0,0,0,282
07/07/2023,OKC,OK,ASW,CE,Combined TRACON& Tower with Radar,133,17,19,48,217,0,2,9,3,14,133,19,28,51,231,0,34,34,265
07/08/2023,OKC,OK,ASW,CE,Combined TRACON& Tower with Radar,138,26,7,17,188,0,4,21,8,33,138,30,28,25,221,0,0,0,221
07/09/2023,OKC,OK,ASW,CE,Combined TRACON& Tower with Radar,143,32,16,20,211,0,2,9,0,11,143,34,25,20,222,0,0,0,222
07/10/2023,OKC,OK,ASW,CE,Combined TRACON& Tower with Radar,136,25,20,49,230,0,5,10,17,32,136,30,30,66,262,0,0,0,262
07/11/2023,OKC,OK,ASW,CE,Combined TRACON& Tower with Radar,140,25,21,82,268,0,5,13,27,45,140,30,34,109,313,0,22,22,335
07/12/2023,OKC,OK,ASW,CE,Combined TRACON& Tower with Radar,136,32,39,70,277,0,3,23,25,51,136,35,62,95,328,34,2,36,364
07/13/2023,OKC,OK,ASW,CE,Combined TRACON& Tower with Radar,149,41,35,87,312,0,0,11,34,45,149,41,46,121,357,0,0,0,357
07/14/2023,OKC,OK,ASW,CE,Combined TRACON& Tower with Radar,150,19,25,65,259,0,1,7,19,27,150,20,32,84,286,0,26,26,312
07/15/2023,OKC,OK,ASW,CE,Combined TRACON& Tower with Radar,131,15,7,4,157,0,3,11,2,16,131,18,18,6,173,20,0,20,193
07/16/2023,OKC,OK,ASW,CE,Combined TRACON& Tower with Radar,136,16,9,6,167,0,1,13,0,14,136,17,22,6,181,0,0,0,181
07/17/2023,OKC,OK,ASW,CE,Combined TRACON& Tower with Radar,146,17,17,105,285,0,8,32,19,59,146,25,49,124,344,0,18,18,362
07/18/2023,OKC,OK,ASW,CE,Combined TRACON& Tower with Radar,138,26,29,91,284,0,2,23,29,54,138,28,52,120,338,0,0,0,338
07/19/2023,OKC,OK,ASW,CE,Combined TRACON& Tower with Radar,141,26,11,69,247,0,5,24,32,61,141,31,35,101,308,0,0,0,308
07/20/2023,OKC,OK,ASW,CE,Combined TRACON& Tower with Radar,144,44,34,34,256,0,4,25,22,51,144,48,59,56,307,0,0,0,307
07/21/2023,OKC,OK,ASW,CE,Combined TRACON& Tower with Radar,148,24,37,36,245,0,2,13,22,37,148,26,50,58,282,0,4,4,286
07/22/2023,OKC,OK,ASW,CE,Combined TRACON& Tower with Radar,130,22,22,6,180,0,4,12,4,20,130,26,34,10,200,0,0,0,200
07/23/2023,OKC,OK,ASW,CE,Combined TRACON& Tower with Radar,134,24,26,6,190,0,0,14,4,18,134,24,40,10,208,0,0,0,208
07/24/2023,OKC,OK,ASW,CE,Combined TRACON& Tower with Radar,135,24,20,27,206,0,2,24,19,45,135,26,44,46,251,0,0,0,251
07/25/2023,OKC,OK,ASW,CE,Combined TRACON& Tower with Radar,149,43,18,27,237,0,2,14,22,38,149,45,32,49,275,10,8,18,293
07/26/2023,OKC,OK,ASW,CE,Combined TRACON& Tower with Radar,163,24,27,10,224,0,5,17,20,42,163,29,44,30,266,0,0,0,266
07/27/2023,OKC,OK,ASW,CE,Combined TRACON& Tower with Radar,165,27,21,70,283,0,6,27,30,63,165,33,48,100,346,12,36,48,394
07/28/2023,OKC,OK,ASW,CE,Combined TRACON& Tower with Radar,139,18,20,38,215,0,0,20,9,29,139,18,40,47,244,0,8,8,252
07/29/2023,OKC,OK,ASW,CE,Combined TRACON& Tower with Radar,131,11,16,2,160,0,0,18,4,22,131,11,34,6,182,0,0,0,182
07/30/2023,OKC,OK,ASW,CE,Combined TRACON& Tower with Radar,141,20,19,10,190,0,2,16,0,18,141,22,35,10,208,0,0,0,208
07/31/2023,OKC,OK,ASW,CE,Combined TRACON& Tower with Radar,141,21,13,31,206,0,0,23,19,42,141,21,36,50,248,0,0,0,248
08/01/2023,OKC,OK,ASW,CE,Combined TRACON& Tower with Radar,142,23,12,25,202,0,8,14,20,42,142,31,26,45,244,0,0,0,244
08/02/2023,OKC,OK,ASW,CE,Combined TRACON& Tower with Radar,135,20,19,63,237,0,4,17,23,44,135,24,36,86,281,4,12,16,297
08/03/2023,OKC,OK,ASW,CE,Combined TRACON& Tower with Radar,143,24,22,29,218,0,3,7,26,36,143,27,29,55,254,0,8,8,262
08/04/2023,OKC,OK,ASW,CE,Combined TRACON& Tower with Radar,147,30,15,38,230,0,3,18,15,36,147,33,33,53,266,0,0,0,266
08/05/2023,OKC,OK,ASW,CE,Combined TRACON& Tower with Radar,137,20,4,11,172,0,0,7,6,13,137,20,11,17,185,0,8,8,193
08/06/2023,OKC,OK,ASW,CE,Combined TRACON& Tower with Radar,132,12,27,11,182,0,0,15,7,22,132,12,42,18,204,0,0,0,204
08/07/2023,OKC,OK,ASW,CE,Combined TRACON& Tower with Radar,141,24,13,16,194,0,4,14,29,47,141,28,27,45,241,18,4,22,263
08/08/2023,OKC,OK,ASW,CE,Combined TRACON& Tower with Radar,149,23,26,72,270,0,4,15,30,49,149,27,41,102,319,0,4,4,323
08/09/2023,OKC,OK,ASW,CE,Combined TRACON& Tower with Radar,149,24,35,53,261,0,6,15,20,41,149,30,50,73,302,0,0,0,302
08/10/2023,OKC,OK,ASW,CE,Combined TRACON& Tower with Radar,144,22,24,53,243,0,0,20,28,48,144,22,44,81,291,24,10,34,325
08/11/2023,OKC,OK,ASW,CE,Combined TRACON& Tower with Radar,139,24,21,19,203,0,0,22,12,34,139,24,43,31,237,0,0,0,237
08/12/2023,OKC,OK,ASW,CE,Combined TRACON& Tower with Radar,130,15,9,0,154,0,0,2,0,2,130,15,11,0,156,0,0,0,156
08/13/2023,OKC,OK,ASW,CE,Combined TRACON& Tower with Radar,138,23,12,8,181,0,1,9,2,12,138,24,21,10,193,0,6,6,199
08/14/2023,OKC,OK,ASW,CE,Combined TRACON& Tower with Radar,136,21,22,19,198,0,4,12,17,33,136,25,34,36,231,0,0,0,231
08/15/2023,OKC,OK,ASW,CE,Combined TRACON& Tower with Radar,148,32,23,44,247,0,2,20,31,53,148,34,43,75,300,0,0,0,300
08/16/2023,OKC,OK,ASW,CE,Combined TRACON& Tower with Radar,146,22,26,72,266,0,2,17,37,56,146,24,43,109,322,0,10,10,332
08/17/2023,OKC,OK,ASW,CE,Combined TRACON& Tower with Radar,147,38,29,34,248,0,4,12,27,43,147,42,41,61,291,0,0,0,291
08/18/2023,OKC,OK,ASW,CE,Combined TRACON& Tower with Radar,142,18,27,35,222,0,2,28,14,44,142,20,55,49,266,0,0,0,266
08/19/2023,OKC,OK,ASW,CE,Combined TRACON& Tower with Radar,126,15,10,22,173,0,4,21,8,33,126,19,31,30,206,34,0,34,240
08/20/2023,OKC,OK,ASW,CE,Combined TRACON& Tower with Radar,138,14,12,15,179,0,2,23,9,34,138,16,35,24,213,0,0,0,213
08/21/2023,OKC,OK,ASW,CE,Combined TRACON& Tower with Radar,143,23,40,49,255,0,1,18,16,35,143,24,58,65,290,0,0,0,290
08/22/2023,OKC,OK,ASW,CE,Combined TRACON& Tower with Radar,147,19,29,72,267,0,1,24,16,41,147,20,53,88,308,0,0,0,308
08/23/2023,OKC,OK,ASW,CE,Combined TRACON& Tower with Radar,143,21,27,43,234,0,5,9,20,34,143,26,36,63,268,0,0,0,268
08/24/2023,OKC,OK,ASW,CE,Combined TRACON& Tower with Radar,148,22,30,36,236,0,5,17,21,43,148,27,47,57,279,0,0,0,279
08/25/2023,OKC,OK,ASW,CE,Combined TRACON& Tower with Radar,142,20,12,57,231,0,2,30,16,48,142,22,42,73,279,0,0,0,279
08/26/2023,OKC,OK,ASW,CE,Combined TRACON& Tower with Radar,126,13,12,14,165,0,2,13,5,20,126,15,25,19,185,0,14,14,199
08/27/2023,OKC,OK,ASW,CE,Combined TRACON& Tower with Radar,163,12,16,8,199,0,1,7,0,8,163,13,23,8,207,0,0,0,207
08/28/2023,OKC,OK,ASW,CE,Combined TRACON& Tower with Radar,138,34,19,92,283,0,2,18,22,42,138,36,37,114,325,0,8,8,333
08/29/2023,OKC,OK,ASW,CE,Combined TRACON& Tower with Radar,144,24,21,59,248,0,2,10,24,36,144,26,31,83,284,0,12,12,296
08/30/2023,OKC,OK,ASW,CE,Combined TRACON& Tower with Radar,150,33,35,49,267,0,5,30,29,64,150,38,65,78,331,2,4,6,337
08/31/2023,OKC,OK,ASW,CE,Combined TRACON& Tower with Radar,152,20,33,52,257,0,6,32,33,71,152,26,65,85,328,0,4,4,332
