01/01/2020,OLM,WA,ANM,WE,Federal Contract Tower,0,0,5,0,5,0,0,16,0,16,0,0,21,0,21,24,0,24,45
01/02/2020,OLM,WA,ANM,WE,Federal Contract Tower,0,0,5,0,5,0,2,27,0,29,0,2,32,0,34,64,0,64,98
01/03/2020,OLM,WA,ANM,WE,Federal Contract Tower,0,0,18,0,18,0,2,86,0,88,0,2,104,0,106,126,0,126,232
01/04/2020,OLM,WA,ANM,WE,Federal Contract Tower,0,0,12,0,12,0,2,24,0,26,0,2,36,0,38,98,0,98,136
01/05/2020,OLM,WA,ANM,WE,Federal Contract Tower,0,3,1,0,4,0,2,4,0,6,0,5,5,0,10,0,0,0,10
01/06/2020,OLM,WA,ANM,WE,Federal Contract Tower,0,1,7,0,8,0,0,0,0,0,0,1,7,0,8,0,0,0,8
01/07/2020,OLM,WA,ANM,WE,Federal Contract Tower,0,2,6,8,16,0,0,11,1,12,0,2,17,9,28,42,2,44,72
01/08/2020,OLM,WA,ANM,WE,Federal Contract Tower,0,0,16,4,20,0,1,63,1,65,0,1,79,5,85,104,30,134,219
01/09/2020,OLM,WA,ANM,WE,Federal Contract Tower,0,3,4,0,7,0,0,2,0,2,0,3,6,0,9,0,0,0,9
01/10/2020,OLM,WA,ANM,WE,Federal Contract Tower,0,0,2,0,2,0,0,5,0,5,0,0,7,0,7,4,0,4,11
01/11/2020,OLM,WA,ANM,WE,Federal Contract Tower,0,0,0,0,0,0,3,8,0,11,0,3,8,0,11,14,0,14,25
01/12/2020,OLM,WA,ANM,WE,Federal Contract Tower,0,0,3,0,3,0,2,0,0,2,0,2,3,0,5,4,0,4,9
01/13/2020,OLM,WA,ANM,WE,Federal Contract Tower,0,0,1,0,1,0,0,30,7,37,0,0,31,7,38,142,26,168,206
01/14/2020,OLM,WA,ANM,WE,Federal Contract Tower,0,0,9,2,11,0,5,54,9,68,0,5,63,11,79,164,22,186,265
01/15/2020,OLM,WA,ANM,WE,Federal Contract Tower,0,0,5,0,5,0,0,41,0,41,0,0,46,0,46,54,0,54,100
01/16/2020,OLM,WA,ANM,WE,Federal Contract Tower,0,0,17,4,21,0,4,65,0,69,0,4,82,4,90,54,16,70,160
01/17/2020,OLM,WA,ANM,WE,Federal Contract Tower,0,0,4,0,4,0,1,14,0,15,0,1,18,0,19,20,0,20,39
01/18/2020,OLM,WA,ANM,WE,Federal Contract Tower,0,0,6,0,6,0,0,17,0,17,0,0,23,0,23,10,4,14,37
01/19/2020,OLM,WA,ANM,WE,Federal Contract Tower,0,4,22,0,26,0,3,12,0,15,0,7,34,0,41,12,0,12,53
01/20/2020,OLM,WA,ANM,WE,Federal Contract Tower,0,2,15,0,17,0,4,110,2,116,0,6,125,2,133,144,0,144,277
01/21/2020,OLM,WA,ANM,WE,Federal Contract Tower,0,0,8,4,12,0,4,14,0,18,0,4,22,4,30,4,0,4,34
01/22/2020,OLM,WA,ANM,WE,Federal Contract Tower,0,1,2,4,7,0,1,9,0,10,0,2,11,4,17,36,0,36,53
01/23/2020,OLM,WA,ANM,WE,Federal Contract Tower,0,0,19,2,21,0,2,5,0,7,0,2,24,2,28,8,32,40,68
01/24/2020,OLM,WA,ANM,WE,Federal Contract Tower,0,0,27,0,27,0,0,20,0,20,0,0,47,0,47,20,14,34,81
01/25/2020,OLM,WA,ANM,WE,Federal Contract Tower,0,0,31,0,31,0,1,37,0,38,0,1,68,0,69,130,0,130,199
01/26/2020,OLM,WA,ANM,WE,Federal Contract Tower,0,0,8,0,8,0,4,67,0,71,0,4,75,0,79,154,0,154,233
01/27/2020,OLM,WA,ANM,WE,Federal Contract Tower,0,1,6,0,7,0,1,49,0,50,0,2,55,0,57,110,0,110,167
01/28/2020,OLM,WA,ANM,WE,Federal Contract Tower,0,2,28,0,30,0,1,34,0,35,0,3,62,0,65,162,8,170,235
01/29/2020,OLM,WA,ANM,WE,Federal Contract Tower,0,1,10,0,11,0,2,2,2,6,0,3,12,2,17,6,6,12,29
01/30/2020,OLM,WA,ANM,WE,Federal Contract Tower,0,1,29,0,30,0,0,70,2,72,0,1,99,2,102,94,24,118,220
01/31/2020,OLM,WA,ANM,WE,Federal Contract Tower,0,4,18,0,22,0,2,10,0,12,0,6,28,0,34,6,0,6,40
02/01/2020,OLM,WA,ANM,WE,Federal Contract Tower,0,0,6,0,6,0,0,30,0,30,0,0,36,0,36,132,0,132,168
02/02/2020,OLM,WA,ANM,WE,Federal Contract Tower,0,0,9,0,9,0,0,52,0,52,0,0,61,0,61,82,0,82,143
02/03/2020,OLM,WA,ANM,WE,Federal Contract Tower,0,0,20,2,22,0,0,70,0,70,0,0,90,2,92,128,20,148,240
02/04/2020,OLM,WA,ANM,WE,Federal Contract Tower,0,2,8,0,10,0,3,17,2,22,0,5,25,2,32,54,0,54,86
02/05/2020,OLM,WA,ANM,WE,Federal Contract Tower,0,1,14,8,23,0,0,0,0,0,0,1,14,8,23,0,0,0,23
02/06/2020,OLM,WA,ANM,WE,Federal Contract Tower,0,2,9,0,11,0,1,0,0,1,0,3,9,0,12,0,0,0,12
02/07/2020,OLM,WA,ANM,WE,Federal Contract Tower,0,0,7,10,17,0,2,6,0,8,0,2,13,10,25,4,0,4,29
02/08/2020,OLM,WA,ANM,WE,Federal Contract Tower,0,0,2,0,2,0,3,38,5,46,0,3,40,5,48,134,0,134,182
02/09/2020,OLM,WA,ANM,WE,Federal Contract Tower,0,2,9,2,13,0,2,99,4,105,0,4,108,6,118,88,0,88,206
02/10/2020,OLM,WA,ANM,WE,Federal Contract Tower,0,2,21,0,23,0,0,102,2,104,0,2,123,2,127,92,2,94,221
02/11/2020,OLM,WA,ANM,WE,Federal Contract Tower,0,1,37,2,40,0,1,63,7,71,0,2,100,9,111,132,66,198,309
02/12/2020,OLM,WA,ANM,WE,Federal Contract Tower,0,1,28,4,33,0,1,48,1,50,0,2,76,5,83,82,20,102,185
02/13/2020,OLM,WA,ANM,WE,Federal Contract Tower,0,0,22,0,22,0,1,14,0,15,0,1,36,0,37,26,0,26,63
02/14/2020,OLM,WA,ANM,WE,Federal Contract Tower,0,0,30,0,30,0,2,71,0,73,0,2,101,0,103,120,0,120,223
02/15/2020,OLM,WA,ANM,WE,Federal Contract Tower,0,0,4,0,4,0,1,9,0,10,0,1,13,0,14,0,0,0,14
02/16/2020,OLM,WA,ANM,WE,Federal Contract Tower,0,2,12,0,14,0,2,28,0,30,0,4,40,0,44,84,0,84,128
02/17/2020,OLM,WA,ANM,WE,Federal Contract Tower,0,5,23,2,30,0,12,95,0,107,0,17,118,2,137,186,0,186,323
02/18/2020,OLM,WA,ANM,WE,Federal Contract Tower,0,0,21,0,21,0,2,79,2,83,0,2,100,2,104,142,6,148,252
02/19/2020,OLM,WA,ANM,WE,Federal Contract Tower,0,2,15,4,21,0,0,93,0,93,0,2,108,4,114,126,10,136,250
02/20/2020,OLM,WA,ANM,WE,Federal Contract Tower,0,1,49,4,54,0,2,107,0,109,0,3,156,4,163,224,4,228,391
02/21/2020,OLM,WA,ANM,WE,Federal Contract Tower,0,0,40,1,41,0,0,91,0,91,0,0,131,1,132,214,0,214,346
02/22/2020,OLM,WA,ANM,WE,Federal Contract Tower,0,0,13,0,13,0,1,32,0,33,0,1,45,0,46,60,0,60,106
02/23/2020,OLM,WA,ANM,WE,Federal Contract Tower,0,0,1,0,1,0,2,2,0,4,0,2,3,0,5,2,0,2,7
02/24/2020,OLM,WA,ANM,WE,Federal Contract Tower,0,0,19,4,23,0,0,57,4,61,0,0,76,8,84,96,2,98,182
02/25/2020,OLM,WA,ANM,WE,Federal Contract Tower,0,2,40,0,42,0,1,87,2,90,0,3,127,2,132,150,18,168,300
02/26/2020,OLM,WA,ANM,WE,Federal Contract Tower,0,0,17,0,17,0,4,43,2,49,0,4,60,2,66,108,14,122,188
02/27/2020,OLM,WA,ANM,WE,Federal Contract Tower,0,2,35,0,37,0,0,120,0,120,0,2,155,0,157,68,14,82,239
02/28/2020,OLM,WA,ANM,WE,Federal Contract Tower,0,1,22,4,27,0,2,11,0,13,0,3,33,4,40,50,0,50,90
02/29/2020,OLM,WA,ANM,WE,Federal Contract Tower,0,0,8,0,8,0,0,34,0,34,0,0,42,0,42,64,0,64,106
03/01/2020,OLM,WA,ANM,WE,Federal Contract Tower,0,1,20,0,21,0,0,54,6,60,0,1,74,6,81,10,0,10,91
03/02/2020,OLM,WA,ANM,WE,Federal Contract Tower,0,0,2,4,6,0,0,5,0,5,0,0,7,4,11,40,0,40,51
03/03/2020,OLM,WA,ANM,WE,Federal Contract Tower,0,1,26,0,27,0,0,18,4,22,0,1,44,4,49,58,6,64,113
03/04/2020,OLM,WA,ANM,WE,Federal Contract Tower,0,0,31,0,31,0,4,119,0,123,0,4,150,0,154,52,0,52,206
03/05/2020,OLM,WA,ANM,WE,Federal Contract Tower,0,0,21,2,23,0,1,57,2,60,0,1,78,4,83,108,0,108,191
03/06/2020,OLM,WA,ANM,WE,Federal Contract Tower,0,2,5,0,7,0,0,34,0,34,0,2,39,0,41,136,0,136,177
03/07/2020,OLM,WA,ANM,WE,Federal Contract Tower,0,0,0,0,0,0,0,7,0,7,0,0,7,0,7,6,0,6,13
03/08/2020,OLM,WA,ANM,WE,Federal Contract Tower,0,0,20,0,20,0,0,44,0,44,0,0,64,0,64,122,0,122,186
03/09/2020,OLM,WA,ANM,WE,Federal Contract Tower,0,0,34,2,36,0,2,99,0,101,0,2,133,2,137,174,0,174,311
03/10/2020,OLM,WA,ANM,WE,Federal Contract Tower,0,0,30,2,32,0,0,111,3,114,0,0,141,5,146,134,0,134,280
03/11/2020,OLM,WA,ANM,WE,Federal Contract Tower,0,0,51,0,51,0,0,109,0,109,0,0,160,0,160,140,2,142,302
03/12/2020,OLM,WA,ANM,WE,Federal Contract Tower,0,0,27,4,31,0,2,99,0,101,0,2,126,4,132,126,0,126,258
03/13/2020,OLM,WA,ANM,WE,Federal Contract Tower,0,1,3,0,4,0,0,0,0,0,0,1,3,0,4,0,0,0,4
03/14/2020,OLM,WA,ANM,WE,Federal Contract Tower,0,0,5,0,5,0,2,20,0,22,0,2,25,0,27,28,0,28,55
03/15/2020,OLM,WA,ANM,WE,Federal Contract Tower,0,0,12,0,12,0,0,55,4,59,0,0,67,4,71,42,0,42,113
03/16/2020,OLM,WA,ANM,WE,Federal Contract Tower,0,0,20,0,20,0,1,92,0,93,0,1,112,0,113,194,0,194,307
03/17/2020,OLM,WA,ANM,WE,Federal Contract Tower,0,2,35,4,41,0,2,135,5,142,0,4,170,9,183,160,24,184,367
03/18/2020,OLM,WA,ANM,WE,Federal Contract Tower,0,0,29,0,29,0,0,99,2,101,0,0,128,2,130,148,8,156,286
03/19/2020,OLM,WA,ANM,WE,Federal Contract Tower,0,1,32,2,35,0,0,101,0,101,0,1,133,2,136,124,0,124,260
03/20/2020,OLM,WA,ANM,WE,Federal Contract Tower,0,0,23,0,23,0,0,124,0,124,0,0,147,0,147,192,0,192,339
03/21/2020,OLM,WA,ANM,WE,Federal Contract Tower,0,0,10,0,10,0,2,62,0,64,0,2,72,0,74,54,0,54,128
03/22/2020,OLM,WA,ANM,WE,Federal Contract Tower,0,2,12,2,16,0,0,52,0,52,0,2,64,2,68,72,0,72,140
03/23/2020,OLM,WA,ANM,WE,Federal Contract Tower,0,0,2,0,2,0,0,9,0,9,0,0,11,0,11,64,0,64,75
03/24/2020,OLM,WA,ANM,WE,Federal Contract Tower,0,0,7,0,7,0,2,26,0,28,0,2,33,0,35,22,0,22,57
03/25/2020,OLM,WA,ANM,WE,Federal Contract Tower,0,3,2,0,5,0,2,45,0,47,0,5,47,0,52,74,0,74,126
03/26/2020,OLM,WA,ANM,WE,Federal Contract Tower,0,0,2,0,2,0,2,45,0,47,0,2,47,0,49,102,0,102,151
03/27/2020,OLM,WA,ANM,WE,Federal Contract Tower,0,1,5,0,6,0,0,9,0,9,0,1,14,0,15,6,0,6,21
03/28/2020,OLM,WA,ANM,WE,Federal Contract Tower,0,1,9,0,10,0,1,7,0,8,0,2,16,0,18,20,0,20,38
03/29/2020,OLM,WA,ANM,WE,Federal Contract Tower,0,0,9,0,9,0,0,13,0,13,0,0,22,0,22,0,0,0,22
03/30/2020,OLM,WA,ANM,WE,Federal Contract Tower,0,0,2,0,2,0,0,4,0,4,0,0,6,0,6,28,0,28,34
03/31/2020,OLM,WA,ANM,WE,Federal Contract Tower,0,0,12,0,12,0,0,25,0,25,0,0,37,0,37,70,0,70,107
04/01/2020,OLM,WA,ANM,WE,Federal Contract Tower,0,0,7,0,7,0,2,62,0,64,0,2,69,0,71,84,0,84,155
04/02/2020,OLM,WA,ANM,WE,Federal Contract Tower,0,0,7,2,9,0,2,53,0,55,0,2,60,2,64,120,8,128,192
04/03/2020,OLM,WA,ANM,WE,Federal Contract Tower,0,0,0,0,0,0,0,37,0,37,0,0,37,0,37,0,0,0,37
04/04/2020,OLM,WA,ANM,WE,Federal Contract Tower,0,0,8,0,8,0,0,68,1,69,0,0,76,1,77,28,0,28,105
04/05/2020,OLM,WA,ANM,WE,Federal Contract Tower,0,0,9,0,9,0,1,46,0,47,0,1,55,0,56,68,0,68,124
04/06/2020,OLM,WA,ANM,WE,Federal Contract Tower,0,0,1,0,1,0,1,68,0,69,0,1,69,0,70,104,0,104,174
04/07/2020,OLM,WA,ANM,WE,Federal Contract Tower,0,2,5,0,7,0,0,46,0,46,0,2,51,0,53,134,0,134,187
04/08/2020,OLM,WA,ANM,WE,Federal Contract Tower,0,2,1,0,3,0,0,95,0,95,0,2,96,0,98,96,0,96,194
04/09/2020,OLM,WA,ANM,WE,Federal Contract Tower,0,0,4,2,6,0,2,100,0,102,0,2,104,2,108,118,2,120,228
04/10/2020,OLM,WA,ANM,WE,Federal Contract Tower,0,0,13,2,15,0,2,53,0,55,0,2,66,2,70,28,0,28,98
04/11/2020,OLM,WA,ANM,WE,Federal Contract Tower,0,0,11,0,11,0,0,54,0,54,0,0,65,0,65,18,0,18,83
04/12/2020,OLM,WA,ANM,WE,Federal Contract Tower,0,0,10,0,10,0,0,62,0,62,0,0,72,0,72,22,0,22,94
04/13/2020,OLM,WA,ANM,WE,Federal Contract Tower,0,0,7,0,7,0,2,58,0,60,0,2,65,0,67,130,0,130,197
04/14/2020,OLM,WA,ANM,WE,Federal Contract Tower,0,0,11,0,11,0,1,71,2,74,0,1,82,2,85,106,4,110,195
04/15/2020,OLM,WA,ANM,WE,Federal Contract Tower,0,2,9,0,11,0,2,44,0,46,0,4,53,0,57,94,0,94,151
04/16/2020,OLM,WA,ANM,WE,Federal Contract Tower,0,2,1,2,5,0,1,107,0,108,0,3,108,2,113,146,0,146,259
04/17/2020,OLM,WA,ANM,WE,Federal Contract Tower,0,0,16,0,16,0,0,96,0,96,0,0,112,0,112,188,0,188,300
04/18/2020,OLM,WA,ANM,WE,Federal Contract Tower,0,0,17,0,17,0,2,29,0,31,0,2,46,0,48,46,0,46,94
04/19/2020,OLM,WA,ANM,WE,Federal Contract Tower,0,0,17,0,17,0,8,58,0,66,0,8,75,0,83,26,0,26,109
04/20/2020,OLM,WA,ANM,WE,Federal Contract Tower,0,0,11,0,11,0,0,81,0,81,0,0,92,0,92,168,0,168,260
04/21/2020,OLM,WA,ANM,WE,Federal Contract Tower,0,0,11,2,13,0,0,45,0,45,0,0,56,2,58,74,0,74,132
04/22/2020,OLM,WA,ANM,WE,Federal Contract Tower,0,2,12,0,14,0,0,0,0,0,0,2,12,0,14,0,0,0,14
04/23/2020,OLM,WA,ANM,WE,Federal Contract Tower,0,0,12,0,12,0,0,34,2,36,0,0,46,2,48,68,0,68,116
04/24/2020,OLM,WA,ANM,WE,Federal Contract Tower,0,0,17,0,17,0,2,76,0,78,0,2,93,0,95,154,0,154,249
04/25/2020,OLM,WA,ANM,WE,Federal Contract Tower,0,1,17,0,18,0,1,22,0,23,0,2,39,0,41,8,0,8,49
04/26/2020,OLM,WA,ANM,WE,Federal Contract Tower,0,0,10,0,10,0,0,62,0,62,0,0,72,0,72,90,0,90,162
04/27/2020,OLM,WA,ANM,WE,Federal Contract Tower,0,0,12,0,12,0,0,32,0,32,0,0,44,0,44,98,0,98,142
04/28/2020,OLM,WA,ANM,WE,Federal Contract Tower,0,1,12,0,13,0,2,73,0,75,0,3,85,0,88,100,0,100,188
04/29/2020,OLM,WA,ANM,WE,Federal Contract Tower,0,0,19,2,21,0,2,48,0,50,0,2,67,2,71,48,4,52,123
04/30/2020,OLM,WA,ANM,WE,Federal Contract Tower,0,0,9,2,11,0,0,36,0,36,0,0,45,2,47,54,0,54,101
05/01/2020,OLM,WA,ANM,WE,Federal Contract Tower,0,0,21,2,23,0,2,112,1,115,0,2,133,3,138,78,0,78,216
05/02/2020,OLM,WA,ANM,WE,Federal Contract Tower,0,0,2,0,2,0,0,2,0,2,0,0,4,0,4,6,0,6,10
05/03/2020,OLM,WA,ANM,WE,Federal Contract Tower,0,0,13,0,13,0,2,28,0,30,0,2,41,0,43,14,0,14,57
05/04/2020,OLM,WA,ANM,WE,Federal Contract Tower,0,0,11,0,11,0,1,59,0,60,0,1,70,0,71,64,2,66,137
05/05/2020,OLM,WA,ANM,WE,Federal Contract Tower,0,0,7,0,7,0,4,108,0,112,0,4,115,0,119,88,0,88,207
05/06/2020,OLM,WA,ANM,WE,Federal Contract Tower,0,1,18,2,21,0,2,48,0,50,0,3,66,2,71,54,0,54,125
05/07/2020,OLM,WA,ANM,WE,Federal Contract Tower,0,0,12,2,14,0,3,106,0,109,0,3,118,2,123,66,0,66,189
05/08/2020,OLM,WA,ANM,WE,Federal Contract Tower,0,0,13,0,13,0,3,119,0,122,0,3,132,0,135,176,0,176,311
05/09/2020,OLM,WA,ANM,WE,Federal Contract Tower,0,1,8,0,9,0,2,50,0,52,0,3,58,0,61,24,0,24,85
05/10/2020,OLM,WA,ANM,WE,Federal Contract Tower,0,1,2,0,3,0,4,99,0,103,0,5,101,0,106,128,0,128,234
05/11/2020,OLM,WA,ANM,WE,Federal Contract Tower,0,0,6,2,8,0,0,47,0,47,0,0,53,2,55,114,0,114,169
05/12/2020,OLM,WA,ANM,WE,Federal Contract Tower,0,0,2,2,4,0,0,29,2,31,0,0,31,4,35,56,0,56,91
05/13/2020,OLM,WA,ANM,WE,Federal Contract Tower,0,0,16,4,20,0,1,58,0,59,0,1,74,4,79,98,10,108,187
05/14/2020,OLM,WA,ANM,WE,Federal Contract Tower,0,3,14,4,21,0,1,71,0,72,0,4,85,4,93,74,0,74,167
05/15/2020,OLM,WA,ANM,WE,Federal Contract Tower,0,0,15,2,17,0,4,119,0,123,0,4,134,2,140,110,0,110,250
05/16/2020,OLM,WA,ANM,WE,Federal Contract Tower,0,0,12,0,12,0,0,15,0,15,0,0,27,0,27,88,0,88,115
05/17/2020,OLM,WA,ANM,WE,Federal Contract Tower,0,1,14,0,15,0,0,54,0,54,0,1,68,0,69,130,0,130,199
05/18/2020,OLM,WA,ANM,WE,Federal Contract Tower,0,0,12,4,16,0,0,97,0,97,0,0,109,4,113,66,0,66,179
05/19/2020,OLM,WA,ANM,WE,Federal Contract Tower,0,0,18,6,24,0,2,53,2,57,0,2,71,8,81,64,4,68,149
05/20/2020,OLM,WA,ANM,WE,Federal Contract Tower,0,0,20,4,24,0,0,59,0,59,0,0,79,4,83,132,0,132,215
05/21/2020,OLM,WA,ANM,WE,Federal Contract Tower,0,0,9,0,9,0,0,30,2,32,0,0,39,2,41,64,0,64,105
05/22/2020,OLM,WA,ANM,WE,Federal Contract Tower,0,0,26,0,26,0,3,64,0,67,0,3,90,0,93,16,0,16,109
05/23/2020,OLM,WA,ANM,WE,Federal Contract Tower,0,0,18,0,18,0,3,62,0,65,0,3,80,0,83,94,0,94,177
05/24/2020,OLM,WA,ANM,WE,Federal Contract Tower,0,0,19,0,19,0,4,72,0,76,0,4,91,0,95,106,0,106,201
05/25/2020,OLM,WA,ANM,WE,Federal Contract Tower,0,2,28,0,30,0,0,7,0,7,0,2,35,0,37,26,0,26,63
05/26/2020,OLM,WA,ANM,WE,Federal Contract Tower,0,0,32,2,34,0,0,64,0,64,0,0,96,2,98,102,0,102,200
05/27/2020,OLM,WA,ANM,WE,Federal Contract Tower,0,0,34,0,34,0,1,103,0,104,0,1,137,0,138,126,2,128,266
05/28/2020,OLM,WA,ANM,WE,Federal Contract Tower,0,0,37,6,43,0,1,104,0,105,0,1,141,6,148,82,0,82,230
05/29/2020,OLM,WA,ANM,WE,Federal Contract Tower,0,0,21,0,21,0,1,73,0,74,0,1,94,0,95,92,0,92,187
05/30/2020,OLM,WA,ANM,WE,Federal Contract Tower,0,1,12,0,13,0,1,14,0,15,0,2,26,0,28,104,0,104,132
05/31/2020,OLM,WA,ANM,WE,Federal Contract Tower,0,0,17,0,17,0,2,52,0,54,0,2,69,0,71,42,0,42,113
06/01/2020,OLM,WA,ANM,WE,Federal Contract Tower,0,3,25,4,32,0,0,89,0,89,0,3,114,4,121,164,0,164,285
06/02/2020,OLM,WA,ANM,WE,Federal Contract Tower,0,0,26,4,30,0,2,105,0,107,0,2,131,4,137,216,0,216,353
06/03/2020,OLM,WA,ANM,WE,Federal Contract Tower,0,5,31,0,36,0,1,93,0,94,0,6,124,0,130,186,0,186,316
06/04/2020,OLM,WA,ANM,WE,Federal Contract Tower,0,0,31,1,32,0,0,127,1,128,0,0,158,2,160,162,6,168,328
06/05/2020,OLM,WA,ANM,WE,Federal Contract Tower,0,0,31,4,35,0,1,142,0,143,0,1,173,4,178,108,4,112,290
06/06/2020,OLM,WA,ANM,WE,Federal Contract Tower,0,3,0,0,3,0,0,7,0,7,0,3,7,0,10,72,0,72,82
06/07/2020,OLM,WA,ANM,WE,Federal Contract Tower,0,0,14,0,14,0,1,30,0,31,0,1,44,0,45,114,0,114,159
06/08/2020,OLM,WA,ANM,WE,Federal Contract Tower,0,1,19,3,23,0,0,49,3,52,0,1,68,6,75,176,6,182,257
06/09/2020,OLM,WA,ANM,WE,Federal Contract Tower,0,2,9,2,13,0,1,6,0,7,0,3,15,2,20,0,0,0,20
06/10/2020,OLM,WA,ANM,WE,Federal Contract Tower,0,2,34,4,40,0,0,53,0,53,0,2,87,4,93,120,0,120,213
06/11/2020,OLM,WA,ANM,WE,Federal Contract Tower,0,3,22,0,25,0,1,77,0,78,0,4,99,0,103,234,0,234,337
06/12/2020,OLM,WA,ANM,WE,Federal Contract Tower,0,0,18,1,19,0,1,18,1,20,0,1,36,2,39,38,0,38,77
06/13/2020,OLM,WA,ANM,WE,Federal Contract Tower,0,0,23,1,24,0,2,53,0,55,0,2,76,1,79,152,0,152,231
06/14/2020,OLM,WA,ANM,WE,Federal Contract Tower,0,0,14,0,14,0,2,95,0,97,0,2,109,0,111,122,0,122,233
06/15/2020,OLM,WA,ANM,WE,Federal Contract Tower,0,4,19,0,23,0,4,17,0,21,0,8,36,0,44,80,0,80,124
06/16/2020,OLM,WA,ANM,WE,Federal Contract Tower,0,0,31,2,33,0,0,89,1,90,0,0,120,3,123,352,0,352,475
06/17/2020,OLM,WA,ANM,WE,Federal Contract Tower,0,0,30,4,34,0,2,126,0,128,0,2,156,4,162,212,6,218,380
06/18/2020,OLM,WA,ANM,WE,Federal Contract Tower,0,2,32,2,36,0,3,135,1,139,0,5,167,3,175,206,0,206,381
06/19/2020,OLM,WA,ANM,WE,Federal Contract Tower,0,1,30,0,31,0,3,117,0,120,0,4,147,0,151,188,0,188,339
06/20/2020,OLM,WA,ANM,WE,Federal Contract Tower,0,4,14,0,18,0,0,18,0,18,0,4,32,0,36,46,0,46,82
06/21/2020,OLM,WA,ANM,WE,Federal Contract Tower,0,2,12,0,14,0,2,61,0,63,0,4,73,0,77,86,0,86,163
06/22/2020,OLM,WA,ANM,WE,Federal Contract Tower,0,2,33,3,38,0,1,105,0,106,0,3,138,3,144,210,0,210,354
06/23/2020,OLM,WA,ANM,WE,Federal Contract Tower,0,0,19,4,23,0,3,101,0,104,0,3,120,4,127,150,0,150,277
06/24/2020,OLM,WA,ANM,WE,Federal Contract Tower,0,1,30,2,33,0,3,79,0,82,0,4,109,2,115,78,0,78,193
06/25/2020,OLM,WA,ANM,WE,Federal Contract Tower,0,0,22,0,22,0,0,97,0,97,0,0,119,0,119,140,0,140,259
06/26/2020,OLM,WA,ANM,WE,Federal Contract Tower,0,0,12,0,12,0,0,105,2,107,0,0,117,2,119,74,0,74,193
06/27/2020,OLM,WA,ANM,WE,Federal Contract Tower,0,0,20,0,20,0,1,45,0,46,0,1,65,0,66,134,0,134,200
06/28/2020,OLM,WA,ANM,WE,Federal Contract Tower,0,2,19,0,21,0,0,86,0,86,0,2,105,0,107,138,0,138,245
06/29/2020,OLM,WA,ANM,WE,Federal Contract Tower,0,0,20,0,20,0,0,77,0,77,0,0,97,0,97,140,0,140,237
06/30/2020,OLM,WA,ANM,WE,Federal Contract Tower,0,2,29,0,31,0,2,32,0,34,0,4,61,0,65,102,0,102,167
07/01/2020,OLM,WA,ANM,WE,Federal Contract Tower,0,0,22,0,22,0,2,23,0,25,0,2,45,0,47,32,0,32,79
07/02/2020,OLM,WA,ANM,WE,Federal Contract Tower,0,0,23,0,23,0,2,68,0,70,0,2,91,0,93,186,8,194,287
07/03/2020,OLM,WA,ANM,WE,Federal Contract Tower,0,2,18,0,20,0,2,91,0,93,0,4,109,0,113,130,0,130,243
07/04/2020,OLM,WA,ANM,WE,Federal Contract Tower,0,2,18,0,20,0,0,37,0,37,0,2,55,0,57,62,0,62,119
07/05/2020,OLM,WA,ANM,WE,Federal Contract Tower,0,0,15,0,15,0,4,75,0,79,0,4,90,0,94,106,0,106,200
07/06/2020,OLM,WA,ANM,WE,Federal Contract Tower,0,0,29,0,29,0,0,92,0,92,0,0,121,0,121,214,0,214,335
07/07/2020,OLM,WA,ANM,WE,Federal Contract Tower,0,1,38,0,39,0,2,19,0,21,0,3,57,0,60,120,0,120,180
07/08/2020,OLM,WA,ANM,WE,Federal Contract Tower,0,0,20,0,20,0,4,89,0,93,0,4,109,0,113,240,14,254,367
07/09/2020,OLM,WA,ANM,WE,Federal Contract Tower,0,0,33,0,33,0,2,29,0,31,0,2,62,0,64,88,2,90,154
07/10/2020,OLM,WA,ANM,WE,Federal Contract Tower,0,0,38,0,38,0,0,126,0,126,0,0,164,0,164,150,0,150,314
07/11/2020,OLM,WA,ANM,WE,Federal Contract Tower,0,0,10,0,10,0,4,94,0,98,0,4,104,0,108,178,12,190,298
07/12/2020,OLM,WA,ANM,WE,Federal Contract Tower,0,0,8,0,8,0,2,76,0,78,0,2,84,0,86,72,0,72,158
07/13/2020,OLM,WA,ANM,WE,Federal Contract Tower,0,0,10,0,10,0,2,89,0,91,0,2,99,0,101,240,0,240,341
07/14/2020,OLM,WA,ANM,WE,Federal Contract Tower,0,0,25,0,25,0,6,123,0,129,0,6,148,0,154,238,0,238,392
07/15/2020,OLM,WA,ANM,WE,Federal Contract Tower,0,0,25,2,27,0,2,114,4,120,0,2,139,6,147,188,0,188,335
07/16/2020,OLM,WA,ANM,WE,Federal Contract Tower,0,2,25,0,27,0,2,66,0,68,0,4,91,0,95,140,0,140,235
07/17/2020,OLM,WA,ANM,WE,Federal Contract Tower,0,1,14,0,15,0,2,67,0,69,0,3,81,0,84,86,0,86,170
07/18/2020,OLM,WA,ANM,WE,Federal Contract Tower,0,2,17,0,19,0,6,103,0,109,0,8,120,0,128,180,0,180,308
07/19/2020,OLM,WA,ANM,WE,Federal Contract Tower,0,2,19,0,21,0,2,94,0,96,0,4,113,0,117,116,0,116,233
07/20/2020,OLM,WA,ANM,WE,Federal Contract Tower,0,0,37,2,39,0,2,94,2,98,0,2,131,4,137,248,10,258,395
07/21/2020,OLM,WA,ANM,WE,Federal Contract Tower,0,1,42,6,49,0,3,99,0,102,0,4,141,6,151,162,0,162,313
07/22/2020,OLM,WA,ANM,WE,Federal Contract Tower,0,0,30,2,32,0,1,51,0,52,0,1,81,2,84,154,0,154,238
07/23/2020,OLM,WA,ANM,WE,Federal Contract Tower,0,3,58,8,69,0,5,75,0,80,0,8,133,8,149,234,0,234,383
07/24/2020,OLM,WA,ANM,WE,Federal Contract Tower,0,2,33,6,41,0,4,84,0,88,0,6,117,6,129,144,16,160,289
07/25/2020,OLM,WA,ANM,WE,Federal Contract Tower,0,0,20,0,20,0,2,145,0,147,0,2,165,0,167,110,0,110,277
07/26/2020,OLM,WA,ANM,WE,Federal Contract Tower,0,1,15,0,16,0,5,86,0,91,0,6,101,0,107,86,0,86,193
07/27/2020,OLM,WA,ANM,WE,Federal Contract Tower,0,0,10,2,12,0,5,97,0,102,0,5,107,2,114,104,2,106,220
07/28/2020,OLM,WA,ANM,WE,Federal Contract Tower,0,3,24,4,31,0,13,83,2,98,0,16,107,6,129,164,14,178,307
07/29/2020,OLM,WA,ANM,WE,Federal Contract Tower,0,1,30,5,36,0,1,95,0,96,0,2,125,5,132,102,22,124,256
07/30/2020,OLM,WA,ANM,WE,Federal Contract Tower,0,1,13,2,16,0,3,112,0,115,0,4,125,2,131,126,2,128,259
07/31/2020,OLM,WA,ANM,WE,Federal Contract Tower,0,4,22,0,26,0,0,92,0,92,0,4,114,0,118,176,0,176,294
08/01/2020,OLM,WA,ANM,WE,Federal Contract Tower,0,1,27,0,28,0,2,76,0,78,0,3,103,0,106,114,0,114,220
08/02/2020,OLM,WA,ANM,WE,Federal Contract Tower,0,0,8,0,8,0,2,79,0,81,0,2,87,0,89,120,0,120,209
08/03/2020,OLM,WA,ANM,WE,Federal Contract Tower,0,0,21,0,21,0,2,40,7,49,0,2,61,7,70,198,6,204,274
08/04/2020,OLM,WA,ANM,WE,Federal Contract Tower,0,0,21,0,21,0,3,93,0,96,0,3,114,0,117,148,2,150,267
08/05/2020,OLM,WA,ANM,WE,Federal Contract Tower,0,0,39,2,41,0,2,108,2,112,0,2,147,4,153,188,0,188,341
08/06/2020,OLM,WA,ANM,WE,Federal Contract Tower,0,0,23,8,31,0,3,38,0,41,0,3,61,8,72,82,4,86,158
08/07/2020,OLM,WA,ANM,WE,Federal Contract Tower,0,0,39,0,39,0,0,0,0,0,0,0,39,0,39,208,2,210,249
08/08/2020,OLM,WA,ANM,WE,Federal Contract Tower,0,0,16,0,16,0,2,78,3,83,0,2,94,3,99,232,0,232,331
08/09/2020,OLM,WA,ANM,WE,Federal Contract Tower,0,2,19,0,21,0,3,98,0,101,0,5,117,0,122,102,0,102,224
08/10/2020,OLM,WA,ANM,WE,Federal Contract Tower,0,0,8,8,16,0,1,87,0,88,0,1,95,8,104,132,2,134,238
08/11/2020,OLM,WA,ANM,WE,Federal Contract Tower,0,0,29,10,39,0,2,65,0,67,0,2,94,10,106,162,0,162,268
08/12/2020,OLM,WA,ANM,WE,Federal Contract Tower,0,0,18,4,22,0,1,91,0,92,0,1,109,4,114,163,0,163,277
08/13/2020,OLM,WA,ANM,WE,Federal Contract Tower,0,4,39,8,51,0,6,105,0,111,0,10,144,8,162,100,0,100,262
08/14/2020,OLM,WA,ANM,WE,Federal Contract Tower,0,0,18,6,24,0,2,88,0,90,0,2,106,6,114,90,0,90,204
08/15/2020,OLM,WA,ANM,WE,Federal Contract Tower,0,1,21,0,22,0,6,101,2,109,0,7,122,2,131,188,0,188,319
08/16/2020,OLM,WA,ANM,WE,Federal Contract Tower,0,0,12,0,12,0,8,90,0,98,0,8,102,0,110,122,0,122,232
08/17/2020,OLM,WA,ANM,WE,Federal Contract Tower,0,0,37,0,37,0,2,102,0,104,0,2,139,0,141,136,0,136,277
08/18/2020,OLM,WA,ANM,WE,Federal Contract Tower,0,0,31,4,35,0,3,60,4,67,0,3,91,8,102,148,4,152,254
08/19/2020,OLM,WA,ANM,WE,Federal Contract Tower,0,1,24,4,29,0,1,82,1,84,0,2,106,5,113,162,0,162,275
08/20/2020,OLM,WA,ANM,WE,Federal Contract Tower,0,0,17,4,21,0,2,58,4,64,0,2,75,8,85,204,0,204,289
08/21/2020,OLM,WA,ANM,WE,Federal Contract Tower,0,1,32,4,37,0,1,26,0,27,0,2,58,4,64,24,0,24,88
08/22/2020,OLM,WA,ANM,WE,Federal Contract Tower,0,2,20,0,22,0,2,54,0,56,0,4,74,0,78,60,0,60,138
08/23/2020,OLM,WA,ANM,WE,Federal Contract Tower,0,5,14,0,19,0,6,94,0,100,0,11,108,0,119,200,0,200,319
08/24/2020,OLM,WA,ANM,WE,Federal Contract Tower,0,0,27,0,27,0,4,92,0,96,0,4,119,0,123,156,0,156,279
08/25/2020,OLM,WA,ANM,WE,Federal Contract Tower,0,5,26,2,33,0,2,72,6,80,0,7,98,8,113,188,0,188,301
08/26/2020,OLM,WA,ANM,WE,Federal Contract Tower,0,0,16,0,16,0,2,77,0,79,0,2,93,0,95,142,0,142,237
08/27/2020,OLM,WA,ANM,WE,Federal Contract Tower,0,3,33,8,44,0,0,91,0,91,0,3,124,8,135,170,2,172,307
08/28/2020,OLM,WA,ANM,WE,Federal Contract Tower,0,0,21,0,21,0,2,82,0,84,0,2,103,0,105,122,0,122,227
08/29/2020,OLM,WA,ANM,WE,Federal Contract Tower,0,1,17,0,18,0,4,49,0,53,0,5,66,0,71,92,0,92,163
08/30/2020,OLM,WA,ANM,WE,Federal Contract Tower,0,1,28,0,29,0,5,89,0,94,0,6,117,0,123,180,0,180,303
08/31/2020,OLM,WA,ANM,WE,Federal Contract Tower,0,0,27,0,27,0,3,52,1,56,0,3,79,1,83,168,0,168,251
09/01/2020,OLM,WA,ANM,WE,Federal Contract Tower,0,1,19,2,22,0,2,115,0,117,0,3,134,2,139,166,0,166,305
09/02/2020,OLM,WA,ANM,WE,Federal Contract Tower,0,2,31,6,39,0,6,84,1,91,0,8,115,7,130,132,8,140,270
09/03/2020,OLM,WA,ANM,WE,Federal Contract Tower,0,2,23,4,29,0,2,114,0,116,0,4,137,4,145,134,0,134,279
09/04/2020,OLM,WA,ANM,WE,Federal Contract Tower,0,0,27,0,27,0,2,113,0,115,0,2,140,0,142,122,0,122,264
09/05/2020,OLM,WA,ANM,WE,Federal Contract Tower,0,0,15,0,15,0,2,63,0,65,0,2,78,0,80,106,0,106,186
09/06/2020,OLM,WA,ANM,WE,Federal Contract Tower,0,2,16,0,18,0,6,95,2,103,0,8,111,2,121,48,0,48,169
09/07/2020,OLM,WA,ANM,WE,Federal Contract Tower,0,0,10,0,10,0,1,43,0,44,0,1,53,0,54,2,0,2,56
09/08/2020,OLM,WA,ANM,WE,Federal Contract Tower,0,0,6,0,6,0,8,86,2,96,0,8,92,2,102,56,0,56,158
09/09/2020,OLM,WA,ANM,WE,Federal Contract Tower,0,0,25,2,27,0,2,87,3,92,0,2,112,5,119,136,0,136,255
09/10/2020,OLM,WA,ANM,WE,Federal Contract Tower,0,1,16,0,17,0,0,70,3,73,0,1,86,3,90,168,2,170,260
09/11/2020,OLM,WA,ANM,WE,Federal Contract Tower,0,2,20,2,24,0,0,4,0,4,0,2,24,2,28,0,0,0,28
09/12/2020,OLM,WA,ANM,WE,Federal Contract Tower,0,3,11,0,14,0,0,1,0,1,0,3,12,0,15,0,0,0,15
09/13/2020,OLM,WA,ANM,WE,Federal Contract Tower,0,2,7,0,9,0,0,0,0,0,0,2,7,0,9,0,0,0,9
09/14/2020,OLM,WA,ANM,WE,Federal Contract Tower,0,0,7,0,7,0,0,0,0,0,0,0,7,0,7,0,0,0,7
09/15/2020,OLM,WA,ANM,WE,Federal Contract Tower,0,1,14,2,17,0,0,0,0,0,0,1,14,2,17,0,0,0,17
09/16/2020,OLM,WA,ANM,WE,Federal Contract Tower,0,0,7,0,7,0,0,1,0,1,0,0,8,0,8,0,0,0,8
09/17/2020,OLM,WA,ANM,WE,Federal Contract Tower,0,1,11,0,12,0,0,0,0,0,0,1,11,0,12,0,0,0,12
09/18/2020,OLM,WA,ANM,WE,Federal Contract Tower,0,5,5,0,10,0,1,15,0,16,0,6,20,0,26,18,0,18,44
09/19/2020,OLM,WA,ANM,WE,Federal Contract Tower,0,3,16,0,19,0,0,72,0,72,0,3,88,0,91,142,0,142,233
09/20/2020,OLM,WA,ANM,WE,Federal Contract Tower,0,1,24,0,25,0,2,74,4,80,0,3,98,4,105,120,0,120,225
09/21/2020,OLM,WA,ANM,WE,Federal Contract Tower,0,0,11,0,11,0,6,117,2,125,0,6,128,2,136,128,0,128,264
09/22/2020,OLM,WA,ANM,WE,Federal Contract Tower,0,0,42,2,44,0,4,89,0,93,0,4,131,2,137,204,12,216,353
09/23/2020,OLM,WA,ANM,WE,Federal Contract Tower,0,0,5,0,5,0,0,1,0,1,0,0,6,0,6,14,0,14,20
09/24/2020,OLM,WA,ANM,WE,Federal Contract Tower,0,1,5,6,12,0,0,18,0,18,0,1,23,6,30,46,0,46,76
09/25/2020,OLM,WA,ANM,WE,Federal Contract Tower,0,0,15,0,15,0,2,3,0,5,0,2,18,0,20,0,0,0,20
09/26/2020,OLM,WA,ANM,WE,Federal Contract Tower,0,0,30,2,32,0,2,20,0,22,0,2,50,2,54,48,0,48,102
09/27/2020,OLM,WA,ANM,WE,Federal Contract Tower,0,1,23,0,24,0,1,60,2,63,0,2,83,2,87,68,0,68,155
09/28/2020,OLM,WA,ANM,WE,Federal Contract Tower,0,0,24,2,26,0,7,116,4,127,0,7,140,6,153,146,6,152,305
09/29/2020,OLM,WA,ANM,WE,Federal Contract Tower,0,1,29,2,32,0,2,87,4,93,0,3,116,6,125,178,0,178,303
09/30/2020,OLM,WA,ANM,WE,Federal Contract Tower,0,1,29,0,30,0,2,89,2,93,0,3,118,2,123,194,0,194,317
10/01/2020,OLM,WA,ANM,WE,Federal Contract Tower,0,0,28,4,32,0,1,33,0,34,0,1,61,4,66,76,0,76,142
10/02/2020,OLM,WA,ANM,WE,Federal Contract Tower,0,1,19,0,20,0,2,43,0,45,0,3,62,0,65,58,0,58,123
10/03/2020,OLM,WA,ANM,WE,Federal Contract Tower,0,0,5,0,5,0,0,9,0,9,0,0,14,0,14,50,0,50,64
10/04/2020,OLM,WA,ANM,WE,Federal Contract Tower,0,4,23,0,27,0,4,14,0,18,0,8,37,0,45,44,0,44,89
10/05/2020,OLM,WA,ANM,WE,Federal Contract Tower,0,2,15,2,19,0,0,0,0,0,0,2,15,2,19,176,2,178,197
10/06/2020,OLM,WA,ANM,WE,Federal Contract Tower,0,1,39,4,44,0,5,74,0,79,0,6,113,4,123,132,2,134,257
10/07/2020,OLM,WA,ANM,WE,Federal Contract Tower,0,0,29,2,31,0,2,42,4,48,0,2,71,6,79,134,10,144,223
10/08/2020,OLM,WA,ANM,WE,Federal Contract Tower,0,2,19,8,29,0,1,72,4,77,0,3,91,12,106,236,0,236,342
10/09/2020,OLM,WA,ANM,WE,Federal Contract Tower,0,0,23,0,23,0,2,60,0,62,0,2,83,0,85,86,0,86,171
10/10/2020,OLM,WA,ANM,WE,Federal Contract Tower,0,2,0,0,2,0,0,23,0,23,0,2,23,0,25,78,2,80,105
10/11/2020,OLM,WA,ANM,WE,Federal Contract Tower,0,0,6,0,6,0,2,0,0,2,0,2,6,0,8,8,0,8,16
10/12/2020,OLM,WA,ANM,WE,Federal Contract Tower,0,0,24,0,24,0,1,63,6,70,0,1,87,6,94,133,0,133,227
10/13/2020,OLM,WA,ANM,WE,Federal Contract Tower,0,0,5,2,7,0,1,0,0,1,0,1,5,2,8,0,0,0,8
10/14/2020,OLM,WA,ANM,WE,Federal Contract Tower,0,0,29,2,31,0,3,86,1,90,0,3,115,3,121,118,0,118,239
10/15/2020,OLM,WA,ANM,WE,Federal Contract Tower,0,0,29,6,35,0,2,97,0,99,0,2,126,6,134,146,0,146,280
10/16/2020,OLM,WA,ANM,WE,Federal Contract Tower,0,0,14,7,21,0,0,4,1,5,0,0,18,8,26,4,0,4,30
10/17/2020,OLM,WA,ANM,WE,Federal Contract Tower,0,1,27,0,28,0,2,55,2,59,0,3,82,2,87,110,2,112,199
10/18/2020,OLM,WA,ANM,WE,Federal Contract Tower,0,2,18,4,24,0,0,3,0,3,0,2,21,4,27,0,0,0,27
10/19/2020,OLM,WA,ANM,WE,Federal Contract Tower,0,2,22,0,24,0,0,44,0,44,0,2,66,0,68,92,0,92,160
10/20/2020,OLM,WA,ANM,WE,Federal Contract Tower,0,0,51,8,59,0,2,80,0,82,0,2,131,8,141,110,0,110,251
10/21/2020,OLM,WA,ANM,WE,Federal Contract Tower,0,3,24,8,35,0,2,77,0,79,0,5,101,8,114,74,0,74,188
10/22/2020,OLM,WA,ANM,WE,Federal Contract Tower,0,6,43,2,51,0,2,57,0,59,0,8,100,2,110,50,0,50,160
10/23/2020,OLM,WA,ANM,WE,Federal Contract Tower,0,0,11,0,11,0,0,11,0,11,0,0,22,0,22,64,0,64,86
10/24/2020,OLM,WA,ANM,WE,Federal Contract Tower,0,0,30,0,30,0,2,95,0,97,0,2,125,0,127,102,0,102,229
10/25/2020,OLM,WA,ANM,WE,Federal Contract Tower,0,1,22,0,23,0,2,103,2,107,0,3,125,2,130,124,0,124,254
10/26/2020,OLM,WA,ANM,WE,Federal Contract Tower,0,0,35,0,35,0,2,92,0,94,0,2,127,0,129,112,0,112,241
10/27/2020,OLM,WA,ANM,WE,Federal Contract Tower,0,0,63,0,63,0,2,82,0,84,0,2,145,0,147,132,2,134,281
10/28/2020,OLM,WA,ANM,WE,Federal Contract Tower,0,0,24,4,28,0,5,95,1,101,0,5,119,5,129,118,16,134,263
10/29/2020,OLM,WA,ANM,WE,Federal Contract Tower,0,2,24,0,26,0,1,80,0,81,0,3,104,0,107,148,2,150,257
10/30/2020,OLM,WA,ANM,WE,Federal Contract Tower,0,0,16,2,18,0,0,50,0,50,0,0,66,2,68,62,0,62,130
10/31/2020,OLM,WA,ANM,WE,Federal Contract Tower,0,0,19,0,19,0,0,67,0,67,0,0,86,0,86,108,0,108,194
11/01/2020,OLM,WA,ANM,WE,Federal Contract Tower,0,0,18,0,18,0,4,90,0,94,0,4,108,0,112,166,0,166,278
11/02/2020,OLM,WA,ANM,WE,Federal Contract Tower,0,0,24,1,25,0,2,104,2,108,0,2,128,3,133,78,0,78,211
11/03/2020,OLM,WA,ANM,WE,Federal Contract Tower,0,2,9,14,25,0,0,3,0,3,0,2,12,14,28,4,0,4,32
11/04/2020,OLM,WA,ANM,WE,Federal Contract Tower,0,1,10,4,15,0,2,15,0,17,0,3,25,4,32,74,0,74,106
11/05/2020,OLM,WA,ANM,WE,Federal Contract Tower,0,1,14,6,21,0,2,15,0,17,0,3,29,6,38,106,0,106,144
11/06/2020,OLM,WA,ANM,WE,Federal Contract Tower,0,0,66,0,66,0,3,73,0,76,0,3,139,0,142,98,0,98,240
11/07/2020,OLM,WA,ANM,WE,Federal Contract Tower,0,2,8,2,12,0,1,30,0,31,0,3,38,2,43,62,0,62,105
11/08/2020,OLM,WA,ANM,WE,Federal Contract Tower,0,0,14,2,16,0,4,82,2,88,0,4,96,4,104,88,14,102,206
11/09/2020,OLM,WA,ANM,WE,Federal Contract Tower,0,0,17,0,17,0,2,77,1,80,0,2,94,1,97,148,0,148,245
11/10/2020,OLM,WA,ANM,WE,Federal Contract Tower,0,0,22,0,22,0,0,24,0,24,0,0,46,0,46,172,0,172,218
11/11/2020,OLM,WA,ANM,WE,Federal Contract Tower,0,2,38,0,40,0,1,75,0,76,0,3,113,0,116,84,0,84,200
11/12/2020,OLM,WA,ANM,WE,Federal Contract Tower,0,2,32,0,34,0,5,35,0,40,0,7,67,0,74,106,0,106,180
11/13/2020,OLM,WA,ANM,WE,Federal Contract Tower,0,0,3,0,3,0,0,10,0,10,0,0,13,0,13,0,0,0,13
11/14/2020,OLM,WA,ANM,WE,Federal Contract Tower,0,0,7,0,7,0,0,32,0,32,0,0,39,0,39,148,0,148,187
11/15/2020,OLM,WA,ANM,WE,Federal Contract Tower,0,2,20,0,22,0,1,22,0,23,0,3,42,0,45,70,0,70,115
11/16/2020,OLM,WA,ANM,WE,Federal Contract Tower,0,1,15,2,18,0,0,0,0,0,0,1,15,2,18,0,0,0,18
11/17/2020,OLM,WA,ANM,WE,Federal Contract Tower,0,0,4,0,4,0,0,11,0,11,0,0,15,0,15,24,0,24,39
11/18/2020,OLM,WA,ANM,WE,Federal Contract Tower,0,0,11,0,11,0,1,8,2,11,0,1,19,2,22,76,0,76,98
11/19/2020,OLM,WA,ANM,WE,Federal Contract Tower,0,1,37,0,38,0,2,39,2,43,0,3,76,2,81,128,10,138,219
11/20/2020,OLM,WA,ANM,WE,Federal Contract Tower,0,0,39,0,39,0,0,94,4,98,0,0,133,4,137,130,0,130,267
11/21/2020,OLM,WA,ANM,WE,Federal Contract Tower,0,1,40,0,41,0,2,112,0,114,0,3,152,0,155,234,0,234,389
11/22/2020,OLM,WA,ANM,WE,Federal Contract Tower,0,4,21,0,25,0,0,35,0,35,0,4,56,0,60,102,0,102,162
11/23/2020,OLM,WA,ANM,WE,Federal Contract Tower,0,5,22,4,31,0,4,53,0,57,0,9,75,4,88,128,4,132,220
11/24/2020,OLM,WA,ANM,WE,Federal Contract Tower,0,0,14,2,16,0,0,2,2,4,0,0,16,4,20,10,10,20,40
11/25/2020,OLM,WA,ANM,WE,Federal Contract Tower,0,0,28,0,28,0,2,33,0,35,0,2,61,0,63,118,2,120,183
11/26/2020,OLM,WA,ANM,WE,Federal Contract Tower,0,0,0,0,0,0,0,10,0,10,0,0,10,0,10,14,0,14,24
11/27/2020,OLM,WA,ANM,WE,Federal Contract Tower,0,4,26,0,30,0,3,87,0,90,0,7,113,0,120,140,0,140,260
11/28/2020,OLM,WA,ANM,WE,Federal Contract Tower,0,1,21,0,22,0,0,31,0,31,0,1,52,0,53,152,0,152,205
11/29/2020,OLM,WA,ANM,WE,Federal Contract Tower,0,0,11,0,11,0,0,0,0,0,0,0,11,0,11,0,0,0,11
11/30/2020,OLM,WA,ANM,WE,Federal Contract Tower,0,4,11,2,17,0,1,23,0,24,0,5,34,2,41,76,0,76,117
12/01/2020,OLM,WA,ANM,WE,Federal Contract Tower,0,1,25,2,28,0,3,57,9,69,0,4,82,11,97,76,8,84,181
12/02/2020,OLM,WA,ANM,WE,Federal Contract Tower,0,2,42,2,46,0,3,133,0,136,0,5,175,2,182,100,8,108,290
12/03/2020,OLM,WA,ANM,WE,Federal Contract Tower,0,0,50,2,52,0,1,88,1,90,0,1,138,3,142,124,0,124,266
12/04/2020,OLM,WA,ANM,WE,Federal Contract Tower,0,0,29,0,29,0,2,104,0,106,0,2,133,0,135,120,6,126,261
12/05/2020,OLM,WA,ANM,WE,Federal Contract Tower,0,2,26,0,28,0,1,107,0,108,0,3,133,0,136,182,0,182,318
12/06/2020,OLM,WA,ANM,WE,Federal Contract Tower,0,0,8,0,8,0,0,15,0,15,0,0,23,0,23,66,0,66,89
12/07/2020,OLM,WA,ANM,WE,Federal Contract Tower,0,0,32,4,36,0,1,69,0,70,0,1,101,4,106,122,4,126,232
12/08/2020,OLM,WA,ANM,WE,Federal Contract Tower,0,2,10,0,12,0,0,0,0,0,0,2,10,0,12,16,0,16,28
12/09/2020,OLM,WA,ANM,WE,Federal Contract Tower,0,0,16,0,16,0,2,63,0,65,0,2,79,0,81,122,0,122,203
12/10/2020,OLM,WA,ANM,WE,Federal Contract Tower,0,0,19,0,19,0,1,23,0,24,0,1,42,0,43,68,8,76,119
12/11/2020,OLM,WA,ANM,WE,Federal Contract Tower,0,3,3,0,6,0,4,29,0,33,0,7,32,0,39,88,12,100,139
12/12/2020,OLM,WA,ANM,WE,Federal Contract Tower,0,0,14,0,14,0,3,71,0,74,0,3,85,0,88,184,0,184,272
12/13/2020,OLM,WA,ANM,WE,Federal Contract Tower,0,0,6,0,6,0,2,2,0,4,0,2,8,0,10,22,0,22,32
12/14/2020,OLM,WA,ANM,WE,Federal Contract Tower,0,0,24,0,24,0,2,49,2,53,0,2,73,2,77,142,0,142,219
12/15/2020,OLM,WA,ANM,WE,Federal Contract Tower,0,0,2,0,2,0,0,18,2,20,0,0,20,2,22,76,10,86,108
12/16/2020,OLM,WA,ANM,WE,Federal Contract Tower,0,1,18,0,19,0,3,28,0,31,0,4,46,0,50,72,0,72,122
12/17/2020,OLM,WA,ANM,WE,Federal Contract Tower,0,1,20,0,21,0,3,48,0,51,0,4,68,0,72,106,6,112,184
12/18/2020,OLM,WA,ANM,WE,Federal Contract Tower,0,0,5,0,5,0,0,14,0,14,0,0,19,0,19,28,0,28,47
12/19/2020,OLM,WA,ANM,WE,Federal Contract Tower,0,0,6,0,6,0,0,15,0,15,0,0,21,0,21,52,0,52,73
12/20/2020,OLM,WA,ANM,WE,Federal Contract Tower,0,2,19,0,21,0,4,29,0,33,0,6,48,0,54,72,0,72,126
12/21/2020,OLM,WA,ANM,WE,Federal Contract Tower,0,2,0,0,2,0,0,0,0,0,0,2,0,0,2,0,0,0,2
12/22/2020,OLM,WA,ANM,WE,Federal Contract Tower,0,1,13,2,16,0,3,104,10,117,0,4,117,12,133,338,0,338,471
12/23/2020,OLM,WA,ANM,WE,Federal Contract Tower,0,2,21,2,25,0,4,71,0,75,0,6,92,2,100,106,0,106,206
12/24/2020,OLM,WA,ANM,WE,Federal Contract Tower,0,0,12,0,12,0,1,54,0,55,0,1,66,0,67,62,0,62,129
12/25/2020,OLM,WA,ANM,WE,Federal Contract Tower,0,0,1,0,1,0,0,0,0,0,0,0,1,0,1,0,0,0,1
12/26/2020,OLM,WA,ANM,WE,Federal Contract Tower,0,1,6,0,7,0,6,29,0,35,0,7,35,0,42,26,0,26,68
12/27/2020,OLM,WA,ANM,WE,Federal Contract Tower,0,1,13,2,16,0,0,21,0,21,0,1,34,2,37,14,0,14,51
12/28/2020,OLM,WA,ANM,WE,Federal Contract Tower,0,1,21,1,23,0,1,21,2,24,0,2,42,3,47,60,2,62,109
12/29/2020,OLM,WA,ANM,WE,Federal Contract Tower,0,0,27,2,29,0,3,64,4,71,0,3,91,6,100,158,4,162,262
12/30/2020,OLM,WA,ANM,WE,Federal Contract Tower,0,0,4,0,4,0,0,0,0,0,0,0,4,0,4,0,0,0,4
12/31/2020,OLM,WA,ANM,WE,Federal Contract Tower,0,0,16,0,16,0,0,16,0,16,0,0,32,0,32,94,0,94,126
01/01/2021,OLM,WA,ANM,WE,Federal Contract Tower,0,0,4,0,4,0,1,7,0,8,0,1,11,0,12,2,0,2,14
01/02/2021,OLM,WA,ANM,WE,Federal Contract Tower,0,0,0,0,0,0,2,0,0,2,0,2,0,0,2,0,0,0,2
01/03/2021,OLM,WA,ANM,WE,Federal Contract Tower,0,5,4,0,9,0,3,4,0,7,0,8,8,0,16,0,0,0,16
01/04/2021,OLM,WA,ANM,WE,Federal Contract Tower,0,0,8,0,8,0,0,12,2,14,0,0,20,2,22,48,10,58,80
01/05/2021,OLM,WA,ANM,WE,Federal Contract Tower,0,0,1,0,1,0,4,29,6,39,0,4,30,6,40,110,32,142,182
01/06/2021,OLM,WA,ANM,WE,Federal Contract Tower,0,0,28,4,32,0,2,40,2,44,0,2,68,6,76,70,0,70,146
01/07/2021,OLM,WA,ANM,WE,Federal Contract Tower,0,0,34,2,36,0,0,17,0,17,0,0,51,2,53,4,0,4,57
01/08/2021,OLM,WA,ANM,WE,Federal Contract Tower,0,0,19,0,19,0,1,60,0,61,0,1,79,0,80,118,0,118,198
01/09/2021,OLM,WA,ANM,WE,Federal Contract Tower,0,0,13,0,13,0,0,41,0,41,0,0,54,0,54,92,0,92,146
01/10/2021,OLM,WA,ANM,WE,Federal Contract Tower,0,1,24,0,25,0,0,68,6,74,0,1,92,6,99,154,0,154,253
01/11/2021,OLM,WA,ANM,WE,Federal Contract Tower,0,2,1,0,3,0,0,11,0,11,0,2,12,0,14,22,0,22,36
01/12/2021,OLM,WA,ANM,WE,Federal Contract Tower,0,7,14,0,21,0,2,8,0,10,0,9,22,0,31,24,0,24,55
01/13/2021,OLM,WA,ANM,WE,Federal Contract Tower,0,3,32,2,37,0,4,91,0,95,0,7,123,2,132,192,20,212,344
01/14/2021,OLM,WA,ANM,WE,Federal Contract Tower,0,4,41,0,45,0,1,106,0,107,0,5,147,0,152,136,0,136,288
01/15/2021,OLM,WA,ANM,WE,Federal Contract Tower,0,4,22,0,26,0,3,30,0,33,0,7,52,0,59,112,0,112,171
01/16/2021,OLM,WA,ANM,WE,Federal Contract Tower,0,0,12,0,12,0,1,20,0,21,0,1,32,0,33,52,0,52,85
01/17/2021,OLM,WA,ANM,WE,Federal Contract Tower,0,0,16,0,16,0,0,26,0,26,0,0,42,0,42,80,0,80,122
01/18/2021,OLM,WA,ANM,WE,Federal Contract Tower,0,0,27,0,27,0,0,67,0,67,0,0,94,0,94,142,0,142,236
01/19/2021,OLM,WA,ANM,WE,Federal Contract Tower,0,0,57,2,59,0,0,79,0,79,0,0,136,2,138,164,0,164,302
01/20/2021,OLM,WA,ANM,WE,Federal Contract Tower,0,1,22,0,23,0,2,29,0,31,0,3,51,0,54,98,0,98,152
01/21/2021,OLM,WA,ANM,WE,Federal Contract Tower,0,0,7,0,7,0,3,7,0,10,0,3,14,0,17,78,0,78,95
01/22/2021,OLM,WA,ANM,WE,Federal Contract Tower,0,0,45,0,45,0,0,85,0,85,0,0,130,0,130,136,0,136,266
01/23/2021,OLM,WA,ANM,WE,Federal Contract Tower,0,0,35,0,35,0,2,122,0,124,0,2,157,0,159,98,0,98,257
01/24/2021,OLM,WA,ANM,WE,Federal Contract Tower,0,0,3,0,3,0,0,2,0,2,0,0,5,0,5,4,0,4,9
01/25/2021,OLM,WA,ANM,WE,Federal Contract Tower,0,4,4,0,8,0,6,28,0,34,0,10,32,0,42,132,0,132,174
01/26/2021,OLM,WA,ANM,WE,Federal Contract Tower,0,0,33,2,35,0,7,67,0,74,0,7,100,2,109,164,26,190,299
01/27/2021,OLM,WA,ANM,WE,Federal Contract Tower,0,0,4,0,4,0,1,29,0,30,0,1,33,0,34,100,0,100,134
01/28/2021,OLM,WA,ANM,WE,Federal Contract Tower,0,0,20,4,24,0,8,58,4,70,0,8,78,8,94,86,10,96,190
01/29/2021,OLM,WA,ANM,WE,Federal Contract Tower,0,0,15,0,15,0,8,39,0,47,0,8,54,0,62,92,0,92,154
01/30/2021,OLM,WA,ANM,WE,Federal Contract Tower,0,0,10,0,10,0,2,30,0,32,0,2,40,0,42,52,0,52,94
01/31/2021,OLM,WA,ANM,WE,Federal Contract Tower,0,0,4,0,4,0,0,1,0,1,0,0,5,0,5,12,0,12,17
02/01/2021,OLM,WA,ANM,WE,Federal Contract Tower,0,3,22,0,25,0,2,7,0,9,0,5,29,0,34,70,0,70,104
02/02/2021,OLM,WA,ANM,WE,Federal Contract Tower,0,0,2,3,5,0,4,12,2,18,0,4,14,5,23,28,0,28,51
02/03/2021,OLM,WA,ANM,WE,Federal Contract Tower,0,0,11,0,11,0,6,54,2,62,0,6,65,2,73,172,2,174,247
02/04/2021,OLM,WA,ANM,WE,Federal Contract Tower,0,0,7,10,17,0,1,15,1,17,0,1,22,11,34,40,10,50,84
02/05/2021,OLM,WA,ANM,WE,Federal Contract Tower,0,1,35,2,38,0,8,92,0,100,0,9,127,2,138,132,2,134,272
02/06/2021,OLM,WA,ANM,WE,Federal Contract Tower,0,1,11,0,12,0,3,0,0,3,0,4,11,0,15,0,0,0,15
02/07/2021,OLM,WA,ANM,WE,Federal Contract Tower,0,0,6,0,6,0,3,37,0,40,0,3,43,0,46,42,0,42,88
02/08/2021,OLM,WA,ANM,WE,Federal Contract Tower,0,0,42,0,42,0,0,69,0,69,0,0,111,0,111,128,4,132,243
02/09/2021,OLM,WA,ANM,WE,Federal Contract Tower,0,2,18,0,20,0,0,90,0,90,0,2,108,0,110,176,0,176,286
02/10/2021,OLM,WA,ANM,WE,Federal Contract Tower,0,0,51,0,51,0,0,66,13,79,0,0,117,13,130,144,12,156,286
02/11/2021,OLM,WA,ANM,WE,Federal Contract Tower,0,0,4,0,4,0,0,1,0,1,0,0,5,0,5,0,0,0,5
02/12/2021,OLM,WA,ANM,WE,Federal Contract Tower,0,0,2,0,2,0,0,0,0,0,0,0,2,0,2,0,0,0,2
02/13/2021,OLM,WA,ANM,WE,Federal Contract Tower,0,0,0,0,0,0,0,0,0,0,0,0,0,0,0,0,0,0,0
02/14/2021,OLM,WA,ANM,WE,Federal Contract Tower,0,0,1,0,1,0,0,0,0,0,0,0,1,0,1,0,0,0,1
02/15/2021,OLM,WA,ANM,WE,Federal Contract Tower,0,1,3,0,4,0,0,0,0,0,0,1,3,0,4,0,0,0,4
02/16/2021,OLM,WA,ANM,WE,Federal Contract Tower,0,0,22,4,26,0,3,48,2,53,0,3,70,6,79,108,0,108,187
02/17/2021,OLM,WA,ANM,WE,Federal Contract Tower,0,0,36,6,42,0,2,84,0,86,0,2,120,6,128,157,0,157,285
02/18/2021,OLM,WA,ANM,WE,Federal Contract Tower,0,3,16,2,21,0,0,9,0,9,0,3,25,2,30,26,0,26,56
02/19/2021,OLM,WA,ANM,WE,Federal Contract Tower,0,1,38,0,39,0,3,47,0,50,0,4,85,0,89,128,0,128,217
02/20/2021,OLM,WA,ANM,WE,Federal Contract Tower,0,0,23,0,23,0,1,68,0,69,0,1,91,0,92,170,0,170,262
02/21/2021,OLM,WA,ANM,WE,Federal Contract Tower,0,3,1,0,4,0,0,6,0,6,0,3,7,0,10,4,0,4,14
02/22/2021,OLM,WA,ANM,WE,Federal Contract Tower,0,0,1,0,1,0,1,1,0,2,0,1,2,0,3,0,0,0,3
02/23/2021,OLM,WA,ANM,WE,Federal Contract Tower,0,3,7,2,12,0,1,36,4,41,0,4,43,6,53,30,2,32,85
02/24/2021,OLM,WA,ANM,WE,Federal Contract Tower,0,0,44,0,44,0,1,95,0,96,0,1,139,0,140,238,0,238,378
02/25/2021,OLM,WA,ANM,WE,Federal Contract Tower,0,0,9,0,9,0,0,9,0,9,0,0,18,0,18,0,0,0,18
02/26/2021,OLM,WA,ANM,WE,Federal Contract Tower,0,0,18,0,18,0,0,25,0,25,0,0,43,0,43,36,0,36,79
02/27/2021,OLM,WA,ANM,WE,Federal Contract Tower,0,0,53,0,53,0,2,104,0,106,0,2,157,0,159,162,0,162,321
02/28/2021,OLM,WA,ANM,WE,Federal Contract Tower,0,0,19,0,19,0,0,26,0,26,0,0,45,0,45,104,0,104,149
03/01/2021,OLM,WA,ANM,WE,Federal Contract Tower,0,0,41,0,41,0,1,95,0,96,0,1,136,0,137,194,0,194,331
03/02/2021,OLM,WA,ANM,WE,Federal Contract Tower,0,2,31,2,35,0,4,78,2,84,0,6,109,4,119,226,6,232,351
03/03/2021,OLM,WA,ANM,WE,Federal Contract Tower,0,1,47,0,48,0,1,119,0,120,0,2,166,0,168,204,0,204,372
03/04/2021,OLM,WA,ANM,WE,Federal Contract Tower,0,1,24,0,25,0,0,37,0,37,0,1,61,0,62,134,0,134,196
03/05/2021,OLM,WA,ANM,WE,Federal Contract Tower,0,0,11,0,11,0,5,14,0,19,0,5,25,0,30,88,0,88,118
03/06/2021,OLM,WA,ANM,WE,Federal Contract Tower,0,0,18,0,18,0,0,26,0,26,0,0,44,0,44,76,0,76,120
03/07/2021,OLM,WA,ANM,WE,Federal Contract Tower,0,0,4,0,4,0,2,3,0,5,0,2,7,0,9,0,0,0,9
03/08/2021,OLM,WA,ANM,WE,Federal Contract Tower,0,0,31,2,33,0,0,71,4,75,0,0,102,6,108,128,10,138,246
03/10/2021,OLM,WA,ANM,WE,Federal Contract Tower,0,0,23,2,25,0,1,91,0,92,0,1,114,2,117,144,0,144,261
03/11/2021,OLM,WA,ANM,WE,Federal Contract Tower,0,0,56,0,56,0,0,137,0,137,0,0,193,0,193,90,0,90,283
03/12/2021,OLM,WA,ANM,WE,Federal Contract Tower,0,0,37,0,37,0,0,114,0,114,0,0,151,0,151,144,2,146,297
03/13/2021,OLM,WA,ANM,WE,Federal Contract Tower,0,0,25,0,25,0,0,90,0,90,0,0,115,0,115,78,0,78,193
03/14/2021,OLM,WA,ANM,WE,Federal Contract Tower,0,0,17,0,17,0,0,39,0,39,0,0,56,0,56,87,0,87,143
03/15/2021,OLM,WA,ANM,WE,Federal Contract Tower,0,0,14,6,20,0,0,0,0,0,0,0,14,6,20,130,12,142,162
03/16/2021,OLM,WA,ANM,WE,Federal Contract Tower,0,0,43,0,43,0,0,122,0,122,0,0,165,0,165,138,0,138,303
03/17/2021,OLM,WA,ANM,WE,Federal Contract Tower,0,0,35,10,45,0,1,116,0,117,0,1,151,10,162,220,0,220,382
03/18/2021,OLM,WA,ANM,WE,Federal Contract Tower,0,2,22,0,24,0,0,23,0,23,0,2,45,0,47,40,0,40,87
03/19/2021,OLM,WA,ANM,WE,Federal Contract Tower,0,0,12,0,12,0,4,20,0,24,0,4,32,0,36,56,4,60,96
03/20/2021,OLM,WA,ANM,WE,Federal Contract Tower,0,3,13,0,16,0,6,19,0,25,0,9,32,0,41,44,0,44,85
03/21/2021,OLM,WA,ANM,WE,Federal Contract Tower,0,0,4,0,4,0,2,22,0,24,0,2,26,0,28,114,0,114,142
03/22/2021,OLM,WA,ANM,WE,Federal Contract Tower,0,0,18,10,28,0,0,55,4,59,0,0,73,14,87,94,0,94,181
03/23/2021,OLM,WA,ANM,WE,Federal Contract Tower,0,1,37,0,38,0,1,86,1,88,0,2,123,1,126,155,0,155,281
03/24/2021,OLM,WA,ANM,WE,Federal Contract Tower,0,0,6,6,12,0,2,1,0,3,0,2,7,6,15,0,0,0,15
03/25/2021,OLM,WA,ANM,WE,Federal Contract Tower,0,2,30,8,40,0,1,44,0,45,0,3,74,8,85,130,0,130,215
03/26/2021,OLM,WA,ANM,WE,Federal Contract Tower,0,0,34,0,34,0,2,84,2,88,0,2,118,2,122,156,0,156,278
03/27/2021,OLM,WA,ANM,WE,Federal Contract Tower,0,0,33,0,33,0,2,95,0,97,0,2,128,0,130,148,0,148,278
03/28/2021,OLM,WA,ANM,WE,Federal Contract Tower,0,0,2,0,2,0,0,2,0,2,0,0,4,0,4,2,0,2,6
03/29/2021,OLM,WA,ANM,WE,Federal Contract Tower,0,0,32,2,34,0,8,65,2,75,0,8,97,4,109,128,6,134,243
03/30/2021,OLM,WA,ANM,WE,Federal Contract Tower,0,2,31,8,41,0,2,84,6,92,0,4,115,14,133,132,4,136,269
03/31/2021,OLM,WA,ANM,WE,Federal Contract Tower,0,0,29,0,29,0,0,142,0,142,0,0,171,0,171,212,0,212,383
04/01/2021,OLM,WA,ANM,WE,Federal Contract Tower,0,1,31,1,33,0,0,109,0,109,0,1,140,1,142,136,0,136,278
04/02/2021,OLM,WA,ANM,WE,Federal Contract Tower,0,0,33,0,33,0,1,95,0,96,0,1,128,0,129,160,0,160,289
04/03/2021,OLM,WA,ANM,WE,Federal Contract Tower,0,0,35,0,35,0,1,117,0,118,0,1,152,0,153,104,0,104,257
04/04/2021,OLM,WA,ANM,WE,Federal Contract Tower,0,0,9,0,9,0,6,16,0,22,0,6,25,0,31,30,0,30,61
04/05/2021,OLM,WA,ANM,WE,Federal Contract Tower,0,3,14,0,17,0,2,99,1,102,0,5,113,1,119,176,0,176,295
04/06/2021,OLM,WA,ANM,WE,Federal Contract Tower,0,1,27,6,34,0,2,96,0,98,0,3,123,6,132,148,0,148,280
04/07/2021,OLM,WA,ANM,WE,Federal Contract Tower,0,0,14,0,14,0,3,19,0,22,0,3,33,0,36,14,0,14,50
04/08/2021,OLM,WA,ANM,WE,Federal Contract Tower,0,3,21,2,26,0,0,86,0,86,0,3,107,2,112,90,0,90,202
04/09/2021,OLM,WA,ANM,WE,Federal Contract Tower,0,0,24,0,24,0,1,55,0,56,0,1,79,0,80,194,0,194,274
04/10/2021,OLM,WA,ANM,WE,Federal Contract Tower,0,0,16,0,16,0,5,86,0,91,0,5,102,0,107,138,0,138,245
04/11/2021,OLM,WA,ANM,WE,Federal Contract Tower,0,0,23,3,26,0,4,105,6,115,0,4,128,9,141,142,0,142,283
04/12/2021,OLM,WA,ANM,WE,Federal Contract Tower,0,0,20,0,20,0,2,112,5,119,0,2,132,5,139,162,10,172,311
04/13/2021,OLM,WA,ANM,WE,Federal Contract Tower,0,0,20,4,24,0,3,63,2,68,0,3,83,6,92,40,10,50,142
04/14/2021,OLM,WA,ANM,WE,Federal Contract Tower,0,0,22,0,22,0,1,122,4,127,0,1,144,4,149,315,4,319,468
04/15/2021,OLM,WA,ANM,WE,Federal Contract Tower,0,0,35,2,37,0,3,119,1,123,0,3,154,3,160,164,2,166,326
04/16/2021,OLM,WA,ANM,WE,Federal Contract Tower,0,3,27,0,30,0,2,128,0,130,0,5,155,0,160,206,0,206,366
04/17/2021,OLM,WA,ANM,WE,Federal Contract Tower,0,0,30,0,30,0,1,134,0,135,0,1,164,0,165,244,0,244,409
04/18/2021,OLM,WA,ANM,WE,Federal Contract Tower,0,0,26,1,27,0,2,111,4,117,0,2,137,5,144,50,0,50,194
04/19/2021,OLM,WA,ANM,WE,Federal Contract Tower,0,0,38,2,40,0,2,96,0,98,0,2,134,2,138,102,0,102,240
04/20/2021,OLM,WA,ANM,WE,Federal Contract Tower,0,1,28,0,29,0,2,95,0,97,0,3,123,0,126,178,0,178,304
04/21/2021,OLM,WA,ANM,WE,Federal Contract Tower,0,0,48,0,48,0,2,125,0,127,0,2,173,0,175,148,2,150,325
04/22/2021,OLM,WA,ANM,WE,Federal Contract Tower,0,1,31,2,34,0,1,47,0,48,0,2,78,2,82,242,2,244,326
04/23/2021,OLM,WA,ANM,WE,Federal Contract Tower,0,2,20,0,22,0,0,72,0,72,0,2,92,0,94,120,0,120,214
04/24/2021,OLM,WA,ANM,WE,Federal Contract Tower,0,0,14,1,15,0,0,11,0,11,0,0,25,1,26,22,0,22,48
04/25/2021,OLM,WA,ANM,WE,Federal Contract Tower,0,2,7,0,9,0,4,23,6,33,0,6,30,6,42,106,0,106,148
04/26/2021,OLM,WA,ANM,WE,Federal Contract Tower,0,0,20,0,20,0,1,81,2,84,0,1,101,2,104,200,0,200,304
04/27/2021,OLM,WA,ANM,WE,Federal Contract Tower,0,0,53,0,53,0,3,82,3,88,0,3,135,3,141,98,0,98,239
04/28/2021,OLM,WA,ANM,WE,Federal Contract Tower,0,0,14,0,14,0,0,77,4,81,0,0,91,4,95,165,0,165,260
04/29/2021,OLM,WA,ANM,WE,Federal Contract Tower,0,0,21,0,21,0,2,119,2,123,0,2,140,2,144,124,0,124,268
04/30/2021,OLM,WA,ANM,WE,Federal Contract Tower,0,1,19,0,20,0,2,15,0,17,0,3,34,0,37,12,0,12,49
05/01/2021,OLM,WA,ANM,WE,Federal Contract Tower,0,0,30,2,32,0,1,72,0,73,0,1,102,2,105,86,0,86,191
05/02/2021,OLM,WA,ANM,WE,Federal Contract Tower,0,0,22,0,22,0,4,81,4,89,0,4,103,4,111,116,0,116,227
05/03/2021,OLM,WA,ANM,WE,Federal Contract Tower,0,1,26,2,29,0,0,30,0,30,0,1,56,2,59,102,0,102,161
05/04/2021,OLM,WA,ANM,WE,Federal Contract Tower,0,0,32,2,34,0,2,65,0,67,0,2,97,2,101,116,0,116,217
05/05/2021,OLM,WA,ANM,WE,Federal Contract Tower,0,1,17,0,18,0,2,96,1,99,0,3,113,1,117,125,0,125,242
05/06/2021,OLM,WA,ANM,WE,Federal Contract Tower,0,3,14,2,19,0,0,36,0,36,0,3,50,2,55,64,0,64,119
05/07/2021,OLM,WA,ANM,WE,Federal Contract Tower,0,1,22,0,23,0,2,50,0,52,0,3,72,0,75,50,0,50,125
05/08/2021,OLM,WA,ANM,WE,Federal Contract Tower,0,3,17,0,20,0,4,54,0,58,0,7,71,0,78,48,0,48,126
05/09/2021,OLM,WA,ANM,WE,Federal Contract Tower,0,2,11,1,14,0,0,33,1,34,0,2,44,2,48,84,0,84,132
05/10/2021,OLM,WA,ANM,WE,Federal Contract Tower,0,1,16,0,17,0,4,70,1,75,0,5,86,1,92,124,0,124,216
05/11/2021,OLM,WA,ANM,WE,Federal Contract Tower,0,0,31,2,33,0,4,91,1,96,0,4,122,3,129,152,0,152,281
05/12/2021,OLM,WA,ANM,WE,Federal Contract Tower,0,1,19,0,20,0,2,89,2,93,0,3,108,2,113,150,0,150,263
05/13/2021,OLM,WA,ANM,WE,Federal Contract Tower,0,1,18,2,21,0,5,85,0,90,0,6,103,2,111,158,0,158,269
05/14/2021,OLM,WA,ANM,WE,Federal Contract Tower,0,0,26,2,28,0,1,109,0,110,0,1,135,2,138,170,0,170,308
05/15/2021,OLM,WA,ANM,WE,Federal Contract Tower,0,0,14,0,14,0,1,125,0,126,0,1,139,0,140,178,0,178,318
05/16/2021,OLM,WA,ANM,WE,Federal Contract Tower,0,2,22,0,24,0,4,98,2,104,0,6,120,2,128,174,0,174,302
05/17/2021,OLM,WA,ANM,WE,Federal Contract Tower,0,0,16,0,16,0,2,38,7,47,0,2,54,7,63,96,0,96,159
05/18/2021,OLM,WA,ANM,WE,Federal Contract Tower,0,3,23,4,30,0,3,49,5,57,0,6,72,9,87,158,0,158,245
05/19/2021,OLM,WA,ANM,WE,Federal Contract Tower,0,5,8,0,13,0,0,76,0,76,0,5,84,0,89,59,0,59,148
05/20/2021,OLM,WA,ANM,WE,Federal Contract Tower,0,0,22,0,22,0,2,77,1,80,0,2,99,1,102,130,0,130,232
05/21/2021,OLM,WA,ANM,WE,Federal Contract Tower,0,1,30,2,33,0,0,62,0,62,0,1,92,2,95,136,2,138,233
05/22/2021,OLM,WA,ANM,WE,Federal Contract Tower,0,1,43,0,44,0,1,57,0,58,0,2,100,0,102,142,0,142,244
05/23/2021,OLM,WA,ANM,WE,Federal Contract Tower,0,0,14,0,14,0,4,19,0,23,0,4,33,0,37,68,0,68,105
05/24/2021,OLM,WA,ANM,WE,Federal Contract Tower,0,1,14,6,21,0,1,4,0,5,0,2,18,6,26,30,0,30,56
05/25/2021,OLM,WA,ANM,WE,Federal Contract Tower,0,2,15,9,26,0,2,63,3,68,0,4,78,12,94,130,0,130,224
05/26/2021,OLM,WA,ANM,WE,Federal Contract Tower,0,0,31,0,31,0,0,127,0,127,0,0,158,0,158,183,0,183,341
05/27/2021,OLM,WA,ANM,WE,Federal Contract Tower,0,0,4,2,6,0,0,4,0,4,0,0,8,2,10,6,0,6,16
05/28/2021,OLM,WA,ANM,WE,Federal Contract Tower,0,0,33,0,33,0,0,92,0,92,0,0,125,0,125,124,0,124,249
05/29/2021,OLM,WA,ANM,WE,Federal Contract Tower,0,2,17,0,19,0,1,132,0,133,0,3,149,0,152,94,0,94,246
05/30/2021,OLM,WA,ANM,WE,Federal Contract Tower,0,0,17,0,17,0,8,92,0,100,0,8,109,0,117,134,0,134,251
05/31/2021,OLM,WA,ANM,WE,Federal Contract Tower,0,0,36,0,36,0,2,67,0,69,0,2,103,0,105,176,0,176,281
06/01/2021,OLM,WA,ANM,WE,Federal Contract Tower,0,0,25,0,25,0,3,96,2,101,0,3,121,2,126,112,0,112,238
06/02/2021,OLM,WA,ANM,WE,Federal Contract Tower,0,0,26,0,26,0,6,150,3,159,0,6,176,3,185,264,0,264,449
06/03/2021,OLM,WA,ANM,WE,Federal Contract Tower,0,0,17,2,19,0,1,102,0,103,0,1,119,2,122,168,2,170,292
06/04/2021,OLM,WA,ANM,WE,Federal Contract Tower,0,5,2,0,7,0,3,95,0,98,0,8,97,0,105,178,0,178,283
06/05/2021,OLM,WA,ANM,WE,Federal Contract Tower,0,0,8,0,8,0,3,17,0,20,0,3,25,0,28,100,0,100,128
06/06/2021,OLM,WA,ANM,WE,Federal Contract Tower,0,5,7,3,15,0,4,19,2,25,0,9,26,5,40,60,0,60,100
06/07/2021,OLM,WA,ANM,WE,Federal Contract Tower,0,0,16,6,22,0,3,47,0,50,0,3,63,6,72,226,0,226,298
06/08/2021,OLM,WA,ANM,WE,Federal Contract Tower,0,0,23,0,23,0,4,67,0,71,0,4,90,0,94,154,0,154,248
06/09/2021,OLM,WA,ANM,WE,Federal Contract Tower,0,0,19,0,19,0,2,86,0,88,0,2,105,0,107,151,0,151,258
06/10/2021,OLM,WA,ANM,WE,Federal Contract Tower,0,0,19,0,19,0,4,70,0,74,0,4,89,0,93,114,0,114,207
06/11/2021,OLM,WA,ANM,WE,Federal Contract Tower,0,3,19,0,22,0,0,35,0,35,0,3,54,0,57,104,0,104,161
06/12/2021,OLM,WA,ANM,WE,Federal Contract Tower,0,6,31,0,37,0,2,115,0,117,0,8,146,0,154,224,0,224,378
06/13/2021,OLM,WA,ANM,WE,Federal Contract Tower,0,2,25,0,27,0,0,0,0,0,0,2,25,0,27,20,0,20,47
06/14/2021,OLM,WA,ANM,WE,Federal Contract Tower,0,0,20,0,20,0,3,29,0,32,0,3,49,0,52,66,0,66,118
06/15/2021,OLM,WA,ANM,WE,Federal Contract Tower,0,2,14,4,20,0,4,45,0,49,0,6,59,4,69,102,0,102,171
06/16/2021,OLM,WA,ANM,WE,Federal Contract Tower,0,1,38,2,41,0,0,82,2,84,0,1,120,4,125,273,0,273,398
06/17/2021,OLM,WA,ANM,WE,Federal Contract Tower,0,1,54,4,59,0,2,125,0,127,0,3,179,4,186,234,0,234,420
06/18/2021,OLM,WA,ANM,WE,Federal Contract Tower,0,0,38,0,38,0,0,123,0,123,0,0,161,0,161,258,0,258,419
06/19/2021,OLM,WA,ANM,WE,Federal Contract Tower,0,0,23,0,23,0,1,125,0,126,0,1,148,0,149,270,0,270,419
06/20/2021,OLM,WA,ANM,WE,Federal Contract Tower,0,0,16,0,16,0,5,88,0,93,0,5,104,0,109,96,0,96,205
06/21/2021,OLM,WA,ANM,WE,Federal Contract Tower,0,4,23,6,33,0,1,75,1,77,0,5,98,7,110,96,0,96,206
06/22/2021,OLM,WA,ANM,WE,Federal Contract Tower,0,6,34,2,42,0,12,61,2,75,0,18,95,4,117,240,0,240,357
06/23/2021,OLM,WA,ANM,WE,Federal Contract Tower,0,3,38,2,43,0,2,97,0,99,0,5,135,2,142,251,0,251,393
06/24/2021,OLM,WA,ANM,WE,Federal Contract Tower,0,0,26,6,32,0,2,117,0,119,0,2,143,6,151,158,0,158,309
06/25/2021,OLM,WA,ANM,WE,Federal Contract Tower,0,3,11,0,14,0,2,123,1,126,0,5,134,1,140,158,0,158,298
06/26/2021,OLM,WA,ANM,WE,Federal Contract Tower,0,0,7,0,7,0,4,99,0,103,0,4,106,0,110,180,0,180,290
06/27/2021,OLM,WA,ANM,WE,Federal Contract Tower,0,0,11,0,11,0,4,33,0,37,0,4,44,0,48,24,0,24,72
06/28/2021,OLM,WA,ANM,WE,Federal Contract Tower,0,1,14,2,17,0,7,26,0,33,0,8,40,2,50,46,0,46,96
06/29/2021,OLM,WA,ANM,WE,Federal Contract Tower,0,3,11,5,19,0,4,78,2,84,0,7,89,7,103,198,0,198,301
06/30/2021,OLM,WA,ANM,WE,Federal Contract Tower,0,0,38,0,38,0,3,95,0,98,0,3,133,0,136,240,0,240,376
07/01/2021,OLM,WA,ANM,WE,Federal Contract Tower,0,5,21,0,26,0,1,81,0,82,0,6,102,0,108,228,0,228,336
07/02/2021,OLM,WA,ANM,WE,Federal Contract Tower,0,1,32,0,33,0,3,95,0,98,0,4,127,0,131,134,2,136,267
07/03/2021,OLM,WA,ANM,WE,Federal Contract Tower,0,3,23,0,26,0,2,89,0,91,0,5,112,0,117,114,0,114,231
07/04/2021,OLM,WA,ANM,WE,Federal Contract Tower,0,7,7,0,14,0,4,36,0,40,0,11,43,0,54,54,0,54,108
07/05/2021,OLM,WA,ANM,WE,Federal Contract Tower,0,5,29,0,34,0,3,61,0,64,0,8,90,0,98,100,0,100,198
07/06/2021,OLM,WA,ANM,WE,Federal Contract Tower,0,1,24,0,25,0,2,44,2,48,0,3,68,2,73,124,0,124,197
07/07/2021,OLM,WA,ANM,WE,Federal Contract Tower,0,1,33,0,34,0,4,61,0,65,0,5,94,0,99,166,0,166,265
07/08/2021,OLM,WA,ANM,WE,Federal Contract Tower,0,0,33,4,37,0,3,111,0,114,0,3,144,4,151,150,0,150,301
07/09/2021,OLM,WA,ANM,WE,Federal Contract Tower,0,1,14,0,15,0,2,107,0,109,0,3,121,0,124,180,0,180,304
07/10/2021,OLM,WA,ANM,WE,Federal Contract Tower,0,3,24,0,27,0,3,79,0,82,0,6,103,0,109,56,0,56,165
07/11/2021,OLM,WA,ANM,WE,Federal Contract Tower,0,9,12,0,21,0,3,74,0,77,0,12,86,0,98,158,0,158,256
07/12/2021,OLM,WA,ANM,WE,Federal Contract Tower,0,6,31,0,37,0,3,104,0,107,0,9,135,0,144,140,0,140,284
07/13/2021,OLM,WA,ANM,WE,Federal Contract Tower,0,4,29,4,37,0,1,85,1,87,0,5,114,5,124,132,0,132,256
07/14/2021,OLM,WA,ANM,WE,Federal Contract Tower,0,1,34,1,36,0,0,99,0,99,0,1,133,1,135,160,2,162,297
07/15/2021,OLM,WA,ANM,WE,Federal Contract Tower,0,0,41,2,43,0,0,93,0,93,0,0,134,2,136,178,10,188,324
07/16/2021,OLM,WA,ANM,WE,Federal Contract Tower,0,2,37,0,39,0,4,86,0,90,0,6,123,0,129,180,0,180,309
07/17/2021,OLM,WA,ANM,WE,Federal Contract Tower,0,0,28,0,28,0,2,85,0,87,0,2,113,0,115,72,0,72,187
07/18/2021,OLM,WA,ANM,WE,Federal Contract Tower,0,1,13,0,14,0,2,105,0,107,0,3,118,0,121,44,0,44,165
07/19/2021,OLM,WA,ANM,WE,Federal Contract Tower,0,0,34,0,34,0,2,149,0,151,0,2,183,0,185,157,0,157,342
07/20/2021,OLM,WA,ANM,WE,Federal Contract Tower,0,1,33,0,34,0,2,105,0,107,0,3,138,0,141,88,0,88,229
07/21/2021,OLM,WA,ANM,WE,Federal Contract Tower,0,1,22,2,25,0,3,107,0,110,0,4,129,2,135,170,2,172,307
07/22/2021,OLM,WA,ANM,WE,Federal Contract Tower,0,0,26,2,28,0,3,104,4,111,0,3,130,6,139,80,4,84,223
07/23/2021,OLM,WA,ANM,WE,Federal Contract Tower,0,2,16,0,18,0,2,129,0,131,0,4,145,0,149,118,0,118,267
07/24/2021,OLM,WA,ANM,WE,Federal Contract Tower,0,2,25,0,27,0,4,88,0,92,0,6,113,0,119,136,0,136,255
07/25/2021,OLM,WA,ANM,WE,Federal Contract Tower,0,1,25,0,26,0,3,108,0,111,0,4,133,0,137,96,0,96,233
07/26/2021,OLM,WA,ANM,WE,Federal Contract Tower,0,0,23,0,23,0,5,113,0,118,0,5,136,0,141,196,2,198,339
07/27/2021,OLM,WA,ANM,WE,Federal Contract Tower,0,6,28,1,35,0,12,106,0,118,0,18,134,1,153,158,0,158,311
07/28/2021,OLM,WA,ANM,WE,Federal Contract Tower,0,2,31,2,35,0,1,105,0,106,0,3,136,2,141,152,0,152,293
07/29/2021,OLM,WA,ANM,WE,Federal Contract Tower,0,3,38,2,43,0,6,84,0,90,0,9,122,2,133,144,2,146,279
07/30/2021,OLM,WA,ANM,WE,Federal Contract Tower,0,3,30,0,33,0,8,100,0,108,0,11,130,0,141,106,2,108,249
07/31/2021,OLM,WA,ANM,WE,Federal Contract Tower,0,0,22,0,22,0,6,79,0,85,0,6,101,0,107,116,0,116,223
08/01/2021,OLM,WA,ANM,WE,Federal Contract Tower,0,1,20,0,21,0,8,79,4,91,0,9,99,4,112,162,0,162,274
08/02/2021,OLM,WA,ANM,WE,Federal Contract Tower,0,1,20,0,21,0,7,67,1,75,0,8,87,1,96,128,0,128,224
08/03/2021,OLM,WA,ANM,WE,Federal Contract Tower,0,4,35,2,41,0,7,109,1,117,0,11,144,3,158,148,0,148,306
08/04/2021,OLM,WA,ANM,WE,Federal Contract Tower,0,2,32,0,34,0,9,80,0,89,0,11,112,0,123,218,0,218,341
08/05/2021,OLM,WA,ANM,WE,Federal Contract Tower,0,4,30,0,34,0,2,87,0,89,0,6,117,0,123,140,0,140,263
08/06/2021,OLM,WA,ANM,WE,Federal Contract Tower,0,1,26,0,27,0,3,43,0,46,0,4,69,0,73,100,0,100,173
08/07/2021,OLM,WA,ANM,WE,Federal Contract Tower,0,7,22,0,29,0,1,34,0,35,0,8,56,0,64,94,0,94,158
08/08/2021,OLM,WA,ANM,WE,Federal Contract Tower,0,4,13,0,17,0,2,81,0,83,0,6,94,0,100,160,0,160,260
08/09/2021,OLM,WA,ANM,WE,Federal Contract Tower,0,4,12,2,18,0,0,82,3,85,0,4,94,5,103,286,0,286,389
08/10/2021,OLM,WA,ANM,WE,Federal Contract Tower,0,0,32,4,36,0,2,104,0,106,0,2,136,4,142,158,0,158,300
08/11/2021,OLM,WA,ANM,WE,Federal Contract Tower,0,5,25,0,30,0,15,110,0,125,0,20,135,0,155,118,0,118,273
08/12/2021,OLM,WA,ANM,WE,Federal Contract Tower,0,1,19,2,22,0,9,105,0,114,0,10,124,2,136,50,0,50,186
08/13/2021,OLM,WA,ANM,WE,Federal Contract Tower,0,0,23,1,24,0,4,76,1,81,0,4,99,2,105,130,0,130,235
08/14/2021,OLM,WA,ANM,WE,Federal Contract Tower,0,0,27,0,27,0,4,63,0,67,0,4,90,0,94,84,0,84,178
08/15/2021,OLM,WA,ANM,WE,Federal Contract Tower,0,1,23,0,24,0,4,63,0,67,0,5,86,0,91,124,0,124,215
08/16/2021,OLM,WA,ANM,WE,Federal Contract Tower,0,3,30,0,33,0,0,39,0,39,0,3,69,0,72,68,0,68,140
08/17/2021,OLM,WA,ANM,WE,Federal Contract Tower,0,1,24,4,29,0,4,54,0,58,0,5,78,4,87,174,0,174,261
08/18/2021,OLM,WA,ANM,WE,Federal Contract Tower,0,3,36,0,39,0,6,92,2,100,0,9,128,2,139,246,0,246,385
08/19/2021,OLM,WA,ANM,WE,Federal Contract Tower,0,9,36,2,47,0,9,78,4,91,0,18,114,6,138,114,0,114,252
08/20/2021,OLM,WA,ANM,WE,Federal Contract Tower,0,0,44,0,44,0,3,25,0,28,0,3,69,0,72,54,0,54,126
08/21/2021,OLM,WA,ANM,WE,Federal Contract Tower,0,3,22,0,25,0,6,75,0,81,0,9,97,0,106,194,0,194,300
08/22/2021,OLM,WA,ANM,WE,Federal Contract Tower,0,6,16,0,22,0,4,59,0,63,0,10,75,0,85,90,0,90,175
08/23/2021,OLM,WA,ANM,WE,Federal Contract Tower,0,1,28,2,31,0,7,66,0,73,0,8,94,2,104,266,0,266,370
08/24/2021,OLM,WA,ANM,WE,Federal Contract Tower,0,4,23,10,37,0,5,64,0,69,0,9,87,10,106,220,0,220,326
08/25/2021,OLM,WA,ANM,WE,Federal Contract Tower,0,8,38,4,50,0,4,80,2,86,0,12,118,6,136,150,0,150,286
08/26/2021,OLM,WA,ANM,WE,Federal Contract Tower,0,1,24,0,25,0,1,41,0,42,0,2,65,0,67,102,0,102,169
08/27/2021,OLM,WA,ANM,WE,Federal Contract Tower,0,2,23,0,25,0,3,61,0,64,0,5,84,0,89,112,0,112,201
08/28/2021,OLM,WA,ANM,WE,Federal Contract Tower,0,2,18,0,20,0,9,113,0,122,0,11,131,0,142,188,0,188,330
08/29/2021,OLM,WA,ANM,WE,Federal Contract Tower,0,0,16,0,16,0,2,107,2,111,0,2,123,2,127,130,0,130,257
08/30/2021,OLM,WA,ANM,WE,Federal Contract Tower,0,1,31,2,34,0,3,54,0,57,0,4,85,2,91,48,6,54,145
08/31/2021,OLM,WA,ANM,WE,Federal Contract Tower,0,4,33,3,40,0,2,102,0,104,0,6,135,3,144,58,0,58,202
09/01/2021,OLM,WA,ANM,WE,Federal Contract Tower,0,0,33,0,33,0,7,108,4,119,0,7,141,4,152,212,0,212,364
09/02/2021,OLM,WA,ANM,WE,Federal Contract Tower,0,0,26,2,28,0,4,119,0,123,0,4,145,2,151,144,2,146,297
09/03/2021,OLM,WA,ANM,WE,Federal Contract Tower,0,0,29,0,29,0,7,105,0,112,0,7,134,0,141,120,0,120,261
09/04/2021,OLM,WA,ANM,WE,Federal Contract Tower,0,0,8,0,8,0,4,66,2,72,0,4,74,2,80,182,0,182,262
09/05/2021,OLM,WA,ANM,WE,Federal Contract Tower,0,1,15,0,16,0,8,64,2,74,0,9,79,2,90,174,0,174,264
09/06/2021,OLM,WA,ANM,WE,Federal Contract Tower,0,1,23,0,24,0,1,81,0,82,0,2,104,0,106,102,0,102,208
09/07/2021,OLM,WA,ANM,WE,Federal Contract Tower,0,9,15,0,24,0,3,100,0,103,0,12,115,0,127,132,0,132,259
09/08/2021,OLM,WA,ANM,WE,Federal Contract Tower,0,2,19,5,26,0,2,66,0,68,0,4,85,5,94,126,10,136,230
09/09/2021,OLM,WA,ANM,WE,Federal Contract Tower,0,0,8,4,12,0,4,106,3,113,0,4,114,7,125,154,0,154,279
09/10/2021,OLM,WA,ANM,WE,Federal Contract Tower,0,1,22,1,24,0,4,43,2,49,0,5,65,3,73,92,4,96,169
09/11/2021,OLM,WA,ANM,WE,Federal Contract Tower,0,3,25,0,28,0,6,54,0,60,0,9,79,0,88,114,0,114,202
09/12/2021,OLM,WA,ANM,WE,Federal Contract Tower,0,1,23,0,24,0,4,68,2,74,0,5,91,2,98,62,0,62,160
09/13/2021,OLM,WA,ANM,WE,Federal Contract Tower,0,0,19,2,21,0,2,94,0,96,0,2,113,2,117,212,0,212,329
09/14/2021,OLM,WA,ANM,WE,Federal Contract Tower,0,5,30,0,35,0,2,65,2,69,0,7,95,2,104,206,0,206,310
09/15/2021,OLM,WA,ANM,WE,Federal Contract Tower,0,2,30,2,34,0,4,75,0,79,0,6,105,2,113,200,0,200,313
09/16/2021,OLM,WA,ANM,WE,Federal Contract Tower,0,2,20,0,22,0,6,106,0,112,0,8,126,0,134,94,18,112,246
09/17/2021,OLM,WA,ANM,WE,Federal Contract Tower,0,5,12,0,17,0,4,11,0,15,0,9,23,0,32,64,0,64,96
09/18/2021,OLM,WA,ANM,WE,Federal Contract Tower,0,0,1,0,1,0,1,9,0,10,0,1,10,0,11,22,0,22,33
09/19/2021,OLM,WA,ANM,WE,Federal Contract Tower,0,0,12,0,12,0,0,8,0,8,0,0,20,0,20,18,0,18,38
09/20/2021,OLM,WA,ANM,WE,Federal Contract Tower,0,0,30,2,32,0,3,90,0,93,0,3,120,2,125,186,8,194,319
09/21/2021,OLM,WA,ANM,WE,Federal Contract Tower,0,2,32,2,36,0,3,89,4,96,0,5,121,6,132,108,0,108,240
09/22/2021,OLM,WA,ANM,WE,Federal Contract Tower,0,0,30,2,32,0,1,38,0,39,0,1,68,2,71,94,0,94,165
09/23/2021,OLM,WA,ANM,WE,Federal Contract Tower,0,2,30,0,32,0,0,60,0,60,0,2,90,0,92,82,8,90,182
09/24/2021,OLM,WA,ANM,WE,Federal Contract Tower,0,0,19,1,20,0,6,94,0,100,0,6,113,1,120,114,0,114,234
09/25/2021,OLM,WA,ANM,WE,Federal Contract Tower,0,0,20,0,20,0,3,105,3,111,0,3,125,3,131,172,0,172,303
09/26/2021,OLM,WA,ANM,WE,Federal Contract Tower,0,0,34,0,34,0,0,10,0,10,0,0,44,0,44,62,0,62,106
09/27/2021,OLM,WA,ANM,WE,Federal Contract Tower,0,0,16,0,16,0,1,17,0,18,0,1,33,0,34,22,0,22,56
09/28/2021,OLM,WA,ANM,WE,Federal Contract Tower,0,3,25,0,28,0,0,16,0,16,0,3,41,0,44,86,0,86,130
09/29/2021,OLM,WA,ANM,WE,Federal Contract Tower,0,4,31,2,37,0,0,56,0,56,0,4,87,2,93,104,0,104,197
09/30/2021,OLM,WA,ANM,WE,Federal Contract Tower,0,1,15,0,16,0,0,20,0,20,0,1,35,0,36,36,0,36,72
10/01/2021,OLM,WA,ANM,WE,Federal Contract Tower,0,0,34,2,36,0,0,58,0,58,0,0,92,2,94,88,0,88,182
10/02/2021,OLM,WA,ANM,WE,Federal Contract Tower,0,0,20,0,20,0,0,81,0,81,0,0,101,0,101,114,0,114,215
10/03/2021,OLM,WA,ANM,WE,Federal Contract Tower,0,3,23,0,26,0,1,26,0,27,0,4,49,0,53,88,0,88,141
10/04/2021,OLM,WA,ANM,WE,Federal Contract Tower,0,2,22,0,24,0,2,74,4,80,0,4,96,4,104,140,0,140,244
10/05/2021,OLM,WA,ANM,WE,Federal Contract Tower,0,1,22,0,23,0,4,25,0,29,0,5,47,0,52,78,0,78,130
10/06/2021,OLM,WA,ANM,WE,Federal Contract Tower,0,0,25,5,30,0,2,46,0,48,0,2,71,5,78,110,0,110,188
10/07/2021,OLM,WA,ANM,WE,Federal Contract Tower,0,1,33,6,40,0,4,100,0,104,0,5,133,6,144,140,0,140,284
10/08/2021,OLM,WA,ANM,WE,Federal Contract Tower,0,3,34,0,37,0,4,103,1,108,0,7,137,1,145,146,0,146,291
10/09/2021,OLM,WA,ANM,WE,Federal Contract Tower,0,2,28,0,30,0,2,75,0,77,0,4,103,0,107,128,0,128,235
10/10/2021,OLM,WA,ANM,WE,Federal Contract Tower,0,3,22,0,25,0,0,30,0,30,0,3,52,0,55,102,0,102,157
10/11/2021,OLM,WA,ANM,WE,Federal Contract Tower,0,2,38,0,40,0,5,82,0,87,0,7,120,0,127,188,0,188,315
10/12/2021,OLM,WA,ANM,WE,Federal Contract Tower,0,4,37,4,45,0,3,49,0,52,0,7,86,4,97,72,0,72,169
10/13/2021,OLM,WA,ANM,WE,Federal Contract Tower,0,1,29,6,36,0,3,54,0,57,0,4,83,6,93,154,4,158,251
10/14/2021,OLM,WA,ANM,WE,Federal Contract Tower,0,5,18,2,25,0,2,28,0,30,0,7,46,2,55,104,0,104,159
10/15/2021,OLM,WA,ANM,WE,Federal Contract Tower,0,2,32,0,34,0,3,68,0,71,0,5,100,0,105,74,0,74,179
10/16/2021,OLM,WA,ANM,WE,Federal Contract Tower,0,2,11,0,13,0,3,60,2,65,0,5,71,2,78,150,0,150,228
10/17/2021,OLM,WA,ANM,WE,Federal Contract Tower,0,4,12,0,16,0,3,10,0,13,0,7,22,0,29,84,0,84,113
10/18/2021,OLM,WA,ANM,WE,Federal Contract Tower,0,3,36,0,39,0,3,31,0,34,0,6,67,0,73,52,0,52,125
10/19/2021,OLM,WA,ANM,WE,Federal Contract Tower,0,0,29,0,29,0,0,74,0,74,0,0,103,0,103,154,0,154,257
10/20/2021,OLM,WA,ANM,WE,Federal Contract Tower,0,4,11,2,17,0,1,16,0,17,0,5,27,2,34,28,10,38,72
10/21/2021,OLM,WA,ANM,WE,Federal Contract Tower,0,0,25,0,25,0,2,67,0,69,0,2,92,0,94,146,0,146,240
10/22/2021,OLM,WA,ANM,WE,Federal Contract Tower,0,0,24,0,24,0,1,29,0,30,0,1,53,0,54,102,0,102,156
10/23/2021,OLM,WA,ANM,WE,Federal Contract Tower,0,0,26,0,26,0,4,10,0,14,0,4,36,0,40,66,0,66,106
10/24/2021,OLM,WA,ANM,WE,Federal Contract Tower,0,2,4,0,6,0,4,7,0,11,0,6,11,0,17,4,0,4,21
10/25/2021,OLM,WA,ANM,WE,Federal Contract Tower,0,2,5,4,11,0,2,3,1,6,0,4,8,5,17,2,0,2,19
10/26/2021,OLM,WA,ANM,WE,Federal Contract Tower,0,0,11,2,13,0,2,13,0,15,0,2,24,2,28,22,0,22,50
10/27/2021,OLM,WA,ANM,WE,Federal Contract Tower,0,0,41,4,45,0,2,70,0,72,0,2,111,4,117,120,0,120,237
10/28/2021,OLM,WA,ANM,WE,Federal Contract Tower,0,3,9,6,18,0,0,0,0,0,0,3,9,6,18,0,0,0,18
10/29/2021,OLM,WA,ANM,WE,Federal Contract Tower,0,1,19,0,20,0,5,94,0,99,0,6,113,0,119,142,0,142,261
10/30/2021,OLM,WA,ANM,WE,Federal Contract Tower,0,0,28,0,28,0,2,113,0,115,0,2,141,0,143,170,0,170,313
10/31/2021,OLM,WA,ANM,WE,Federal Contract Tower,0,1,26,0,27,0,4,159,0,163,0,5,185,0,190,110,0,110,300
11/01/2021,OLM,WA,ANM,WE,Federal Contract Tower,0,1,43,2,46,0,0,59,2,61,0,1,102,4,107,170,4,174,281
11/02/2021,OLM,WA,ANM,WE,Federal Contract Tower,0,1,21,2,24,0,2,52,0,54,0,3,73,2,78,90,0,90,168
11/03/2021,OLM,WA,ANM,WE,Federal Contract Tower,0,0,24,11,35,0,0,23,0,23,0,0,47,11,58,88,0,88,146
11/04/2021,OLM,WA,ANM,WE,Federal Contract Tower,0,2,16,8,26,0,6,11,0,17,0,8,27,8,43,28,0,28,71
11/05/2021,OLM,WA,ANM,WE,Federal Contract Tower,0,0,32,0,32,0,4,78,0,82,0,4,110,0,114,166,2,168,282
11/06/2021,OLM,WA,ANM,WE,Federal Contract Tower,0,0,4,0,4,0,0,16,2,18,0,0,20,2,22,50,0,50,72
11/07/2021,OLM,WA,ANM,WE,Federal Contract Tower,0,3,0,0,3,0,0,5,0,5,0,3,5,0,8,78,0,78,86
11/08/2021,OLM,WA,ANM,WE,Federal Contract Tower,0,0,34,0,34,0,3,109,0,112,0,3,143,0,146,276,6,282,428
11/09/2021,OLM,WA,ANM,WE,Federal Contract Tower,0,1,8,0,9,0,0,0,0,0,0,1,8,0,9,16,0,16,25
11/10/2021,OLM,WA,ANM,WE,Federal Contract Tower,0,6,35,1,42,0,9,96,2,107,0,15,131,3,149,194,0,194,343
11/11/2021,OLM,WA,ANM,WE,Federal Contract Tower,0,2,20,0,22,0,0,2,0,2,0,2,22,0,24,0,0,0,24
11/12/2021,OLM,WA,ANM,WE,Federal Contract Tower,0,2,20,2,24,0,3,19,0,22,0,5,39,2,46,58,0,58,104
11/13/2021,OLM,WA,ANM,WE,Federal Contract Tower,0,2,22,0,24,0,0,13,0,13,0,2,35,0,37,0,0,0,37
11/14/2021,OLM,WA,ANM,WE,Federal Contract Tower,0,2,6,0,8,0,0,1,0,1,0,2,7,0,9,0,0,0,9
11/15/2021,OLM,WA,ANM,WE,Federal Contract Tower,0,5,3,0,8,0,3,0,0,3,0,8,3,0,11,6,2,8,19
11/16/2021,OLM,WA,ANM,WE,Federal Contract Tower,0,0,35,0,35,0,6,109,0,115,0,6,144,0,150,196,0,196,346
11/17/2021,OLM,WA,ANM,WE,Federal Contract Tower,0,0,36,0,36,0,1,112,0,113,0,1,148,0,149,134,2,136,285
11/18/2021,OLM,WA,ANM,WE,Federal Contract Tower,0,3,26,2,31,0,1,49,0,50,0,4,75,2,81,40,0,40,121
11/19/2021,OLM,WA,ANM,WE,Federal Contract Tower,0,2,8,0,10,0,2,23,0,25,0,4,31,0,35,46,2,48,83
11/20/2021,OLM,WA,ANM,WE,Federal Contract Tower,0,1,22,0,23,0,1,43,0,44,0,2,65,0,67,74,0,74,141
11/21/2021,OLM,WA,ANM,WE,Federal Contract Tower,0,1,33,0,34,0,3,41,0,44,0,4,74,0,78,70,0,70,148
11/22/2021,OLM,WA,ANM,WE,Federal Contract Tower,0,1,24,10,35,0,2,34,0,36,0,3,58,10,71,132,0,132,203
11/23/2021,OLM,WA,ANM,WE,Federal Contract Tower,0,0,20,9,29,0,0,43,6,49,0,0,63,15,78,38,6,44,122
11/24/2021,OLM,WA,ANM,WE,Federal Contract Tower,0,1,43,0,44,0,3,88,0,91,0,4,131,0,135,132,4,136,271
11/25/2021,OLM,WA,ANM,WE,Federal Contract Tower,0,0,0,0,0,0,2,2,0,4,0,2,2,0,4,6,0,6,10
11/26/2021,OLM,WA,ANM,WE,Federal Contract Tower,0,2,21,0,23,0,1,10,0,11,0,3,31,0,34,8,0,8,42
11/27/2021,OLM,WA,ANM,WE,Federal Contract Tower,0,2,13,0,15,0,1,12,0,13,0,3,25,0,28,18,0,18,46
11/28/2021,OLM,WA,ANM,WE,Federal Contract Tower,0,4,8,0,12,0,0,9,0,9,0,4,17,0,21,42,0,42,63
11/29/2021,OLM,WA,ANM,WE,Federal Contract Tower,0,1,32,0,33,0,0,46,0,46,0,1,78,0,79,116,0,116,195
11/30/2021,OLM,WA,ANM,WE,Federal Contract Tower,0,5,18,2,25,0,0,0,0,0,0,5,18,2,25,10,0,10,35
12/01/2021,OLM,WA,ANM,WE,Federal Contract Tower,0,2,44,7,53,0,0,62,1,63,0,2,106,8,116,140,0,140,256
12/02/2021,OLM,WA,ANM,WE,Federal Contract Tower,0,0,26,2,28,0,0,96,0,96,0,0,122,2,124,136,4,140,264
12/03/2021,OLM,WA,ANM,WE,Federal Contract Tower,0,0,36,1,37,0,5,65,1,71,0,5,101,2,108,82,8,90,198
12/04/2021,OLM,WA,ANM,WE,Federal Contract Tower,0,1,7,0,8,0,0,4,0,4,0,1,11,0,12,0,0,0,12
12/05/2021,OLM,WA,ANM,WE,Federal Contract Tower,0,2,28,0,30,0,2,34,0,36,0,4,62,0,66,86,0,86,152
12/06/2021,OLM,WA,ANM,WE,Federal Contract Tower,0,6,9,0,15,0,0,1,0,1,0,6,10,0,16,0,0,0,16
12/07/2021,OLM,WA,ANM,WE,Federal Contract Tower,0,2,8,1,11,0,0,5,0,5,0,2,13,1,16,28,0,28,44
12/08/2021,OLM,WA,ANM,WE,Federal Contract Tower,0,0,32,0,32,0,2,68,6,76,0,2,100,6,108,140,20,160,268
12/09/2021,OLM,WA,ANM,WE,Federal Contract Tower,0,0,6,2,8,0,3,26,0,29,0,3,32,2,37,78,2,80,117
12/10/2021,OLM,WA,ANM,WE,Federal Contract Tower,0,4,14,0,18,0,1,31,0,32,0,5,45,0,50,70,0,70,120
12/11/2021,OLM,WA,ANM,WE,Federal Contract Tower,0,2,5,0,7,0,0,4,0,4,0,2,9,0,11,0,0,0,11
12/12/2021,OLM,WA,ANM,WE,Federal Contract Tower,0,0,10,0,10,0,0,7,0,7,0,0,17,0,17,4,0,4,21
12/13/2021,OLM,WA,ANM,WE,Federal Contract Tower,0,0,12,2,14,0,0,10,2,12,0,0,22,4,26,46,10,56,82
12/14/2021,OLM,WA,ANM,WE,Federal Contract Tower,0,0,7,0,7,0,0,46,5,51,0,0,53,5,58,98,16,114,172
12/15/2021,OLM,WA,ANM,WE,Federal Contract Tower,0,3,5,0,8,0,2,30,2,34,0,5,35,2,42,112,25,137,179
12/16/2021,OLM,WA,ANM,WE,Federal Contract Tower,0,0,17,1,18,0,6,61,0,67,0,6,78,1,85,100,14,114,199
12/17/2021,OLM,WA,ANM,WE,Federal Contract Tower,0,1,15,0,16,0,3,59,0,62,0,4,74,0,78,88,0,88,166
12/18/2021,OLM,WA,ANM,WE,Federal Contract Tower,0,0,2,0,2,0,0,0,0,0,0,0,2,0,2,0,0,0,2
12/19/2021,OLM,WA,ANM,WE,Federal Contract Tower,0,0,6,0,6,0,0,37,0,37,0,0,43,0,43,126,0,126,169
12/20/2021,OLM,WA,ANM,WE,Federal Contract Tower,0,4,2,0,6,0,0,0,0,0,0,4,2,0,6,0,0,0,6
12/21/2021,OLM,WA,ANM,WE,Federal Contract Tower,0,1,4,0,5,0,0,0,0,0,0,1,4,0,5,0,0,0,5
12/22/2021,OLM,WA,ANM,WE,Federal Contract Tower,0,1,10,0,11,0,4,21,0,25,0,5,31,0,36,30,0,30,66
12/23/2021,OLM,WA,ANM,WE,Federal Contract Tower,0,3,1,0,4,0,1,35,0,36,0,4,36,0,40,28,0,28,68
12/24/2021,OLM,WA,ANM,WE,Federal Contract Tower,0,1,1,0,2,0,0,0,0,0,0,1,1,0,2,0,0,0,2
12/25/2021,OLM,WA,ANM,WE,Federal Contract Tower,0,0,0,0,0,0,0,0,0,0,0,0,0,0,0,0,0,0,0
12/26/2021,OLM,WA,ANM,WE,Federal Contract Tower,0,3,1,0,4,0,0,0,0,0,0,3,1,0,4,0,0,0,4
12/27/2021,OLM,WA,ANM,WE,Federal Contract Tower,0,0,0,0,0,0,2,2,0,4,0,2,2,0,4,0,0,0,4
12/28/2021,OLM,WA,ANM,WE,Federal Contract Tower,0,0,0,0,0,0,0,0,0,0,0,0,0,0,0,0,0,0,0
12/29/2021,OLM,WA,ANM,WE,Federal Contract Tower,0,0,5,0,5,0,4,21,2,27,0,4,26,2,32,12,2,14,46
12/30/2021,OLM,WA,ANM,WE,Federal Contract Tower,0,0,1,0,1,0,0,7,0,7,0,0,8,0,8,20,0,20,28
12/31/2021,OLM,WA,ANM,WE,Federal Contract Tower,0,0,6,0,6,0,0,29,0,29,0,0,35,0,35,2,0,2,37
01/01/2022,OLM,WA,ANM,WE,Federal Contract Tower,0,0,3,0,3,0,5,16,0,21,0,5,19,0,24,14,0,14,38
01/02/2022,OLM,WA,ANM,WE,Federal Contract Tower,0,3,0,0,3,0,0,8,0,8,0,3,8,0,11,10,0,10,21
01/03/2022,OLM,WA,ANM,WE,Federal Contract Tower,0,0,0,0,0,0,1,5,0,6,0,1,5,0,6,38,0,38,44
01/04/2022,OLM,WA,ANM,WE,Federal Contract Tower,0,2,1,0,3,0,0,16,2,18,0,2,17,2,21,38,0,38,59
01/05/2022,OLM,WA,ANM,WE,Federal Contract Tower,0,0,3,0,3,0,0,0,0,0,0,0,3,0,3,6,0,6,9
01/06/2022,OLM,WA,ANM,WE,Federal Contract Tower,0,5,9,2,16,0,0,1,0,1,0,5,10,2,17,0,0,0,17
01/07/2022,OLM,WA,ANM,WE,Federal Contract Tower,0,3,0,0,3,0,3,17,0,20,0,6,17,0,23,6,4,10,33
01/08/2022,OLM,WA,ANM,WE,Federal Contract Tower,0,1,22,0,23,0,2,79,0,81,0,3,101,0,104,102,8,110,214
01/09/2022,OLM,WA,ANM,WE,Federal Contract Tower,0,0,18,0,18,0,4,89,1,94,0,4,107,1,112,98,2,100,212
01/10/2022,OLM,WA,ANM,WE,Federal Contract Tower,0,1,17,0,18,0,4,38,2,44,0,5,55,2,62,130,10,140,202
01/11/2022,OLM,WA,ANM,WE,Federal Contract Tower,0,1,12,6,19,0,0,13,2,15,0,1,25,8,34,18,0,18,52
01/12/2022,OLM,WA,ANM,WE,Federal Contract Tower,0,1,28,2,31,0,1,84,0,85,0,2,112,2,116,96,0,96,212
01/13/2022,OLM,WA,ANM,WE,Federal Contract Tower,0,0,59,2,61,0,3,41,0,44,0,3,100,2,105,10,0,10,115
01/14/2022,OLM,WA,ANM,WE,Federal Contract Tower,0,0,24,0,24,0,0,59,0,59,0,0,83,0,83,86,0,86,169
01/15/2022,OLM,WA,ANM,WE,Federal Contract Tower,0,2,14,0,16,0,0,5,0,5,0,2,19,0,21,2,0,2,23
01/16/2022,OLM,WA,ANM,WE,Federal Contract Tower,0,0,4,0,4,0,0,0,0,0,0,0,4,0,4,0,0,0,4
01/17/2022,OLM,WA,ANM,WE,Federal Contract Tower,0,0,26,0,26,0,4,75,0,79,0,4,101,0,105,120,0,120,225
01/18/2022,OLM,WA,ANM,WE,Federal Contract Tower,0,2,24,0,26,0,0,67,0,67,0,2,91,0,93,124,0,124,217
01/19/2022,OLM,WA,ANM,WE,Federal Contract Tower,0,0,41,0,41,0,3,28,0,31,0,3,69,0,72,50,0,50,122
01/20/2022,OLM,WA,ANM,WE,Federal Contract Tower,0,2,17,1,20,0,3,28,2,33,0,5,45,3,53,14,0,14,67
01/21/2022,OLM,WA,ANM,WE,Federal Contract Tower,0,2,27,0,29,0,1,43,2,46,0,3,70,2,75,96,0,96,171
01/22/2022,OLM,WA,ANM,WE,Federal Contract Tower,0,2,22,0,24,0,1,51,0,52,0,3,73,0,76,74,0,74,150
01/23/2022,OLM,WA,ANM,WE,Federal Contract Tower,0,0,7,0,7,0,0,0,0,0,0,0,7,0,7,18,0,18,25
01/24/2022,OLM,WA,ANM,WE,Federal Contract Tower,0,2,1,0,3,0,0,2,0,2,0,2,3,0,5,0,0,0,5
01/25/2022,OLM,WA,ANM,WE,Federal Contract Tower,0,7,17,2,26,0,0,4,0,4,0,7,21,2,30,6,0,6,36
01/26/2022,OLM,WA,ANM,WE,Federal Contract Tower,0,1,14,0,15,0,3,37,0,40,0,4,51,0,55,82,0,82,137
01/27/2022,OLM,WA,ANM,WE,Federal Contract Tower,0,5,31,4,40,0,0,63,0,63,0,5,94,4,103,74,0,74,177
01/28/2022,OLM,WA,ANM,WE,Federal Contract Tower,0,1,60,8,69,0,5,85,0,90,0,6,145,8,159,62,0,62,221
01/29/2022,OLM,WA,ANM,WE,Federal Contract Tower,0,0,29,0,29,0,3,100,0,103,0,3,129,0,132,178,0,178,310
01/30/2022,OLM,WA,ANM,WE,Federal Contract Tower,0,0,7,0,7,0,0,10,0,10,0,0,17,0,17,34,0,34,51
01/31/2022,OLM,WA,ANM,WE,Federal Contract Tower,0,0,6,0,6,0,1,40,2,43,0,1,46,2,49,62,14,76,125
02/01/2022,OLM,WA,ANM,WE,Federal Contract Tower,0,0,20,0,20,0,6,55,0,61,0,6,75,0,81,130,0,130,211
02/02/2022,OLM,WA,ANM,WE,Federal Contract Tower,0,2,15,0,17,0,0,3,0,3,0,2,18,0,20,12,0,12,32
02/03/2022,OLM,WA,ANM,WE,Federal Contract Tower,0,0,19,0,19,0,1,20,3,24,0,1,39,3,43,90,2,92,135
02/04/2022,OLM,WA,ANM,WE,Federal Contract Tower,0,2,11,0,13,0,0,12,0,12,0,2,23,0,25,28,0,28,53
02/05/2022,OLM,WA,ANM,WE,Federal Contract Tower,0,1,13,0,14,0,2,37,0,39,0,3,50,0,53,104,0,104,157
02/06/2022,OLM,WA,ANM,WE,Federal Contract Tower,0,0,17,0,17,0,1,12,0,13,0,1,29,0,30,18,0,18,48
02/07/2022,OLM,WA,ANM,WE,Federal Contract Tower,0,1,10,2,13,0,2,32,0,34,0,3,42,2,47,124,0,124,171
02/08/2022,OLM,WA,ANM,WE,Federal Contract Tower,0,2,13,6,21,0,1,40,0,41,0,3,53,6,62,62,0,62,124
02/09/2022,OLM,WA,ANM,WE,Federal Contract Tower,0,0,17,0,17,0,0,84,0,84,0,0,101,0,101,102,2,104,205
02/10/2022,OLM,WA,ANM,WE,Federal Contract Tower,0,3,21,2,26,0,0,2,0,2,0,3,23,2,28,30,0,30,58
02/11/2022,OLM,WA,ANM,WE,Federal Contract Tower,0,0,38,2,40,0,1,80,0,81,0,1,118,2,121,72,0,72,193
02/12/2022,OLM,WA,ANM,WE,Federal Contract Tower,0,1,26,0,27,0,1,106,0,107,0,2,132,0,134,158,0,158,292
02/13/2022,OLM,WA,ANM,WE,Federal Contract Tower,0,1,28,0,29,0,0,89,2,91,0,1,117,2,120,110,0,110,230
02/14/2022,OLM,WA,ANM,WE,Federal Contract Tower,0,1,8,0,9,0,5,27,4,36,0,6,35,4,45,78,0,78,123
02/15/2022,OLM,WA,ANM,WE,Federal Contract Tower,0,17,12,6,35,0,4,60,0,64,0,21,72,6,99,134,4,138,237
02/16/2022,OLM,WA,ANM,WE,Federal Contract Tower,0,2,38,2,42,0,3,73,2,78,0,5,111,4,120,160,0,160,280
02/17/2022,OLM,WA,ANM,WE,Federal Contract Tower,0,1,13,0,14,0,1,22,0,23,0,2,35,0,37,72,0,72,109
02/18/2022,OLM,WA,ANM,WE,Federal Contract Tower,0,2,48,0,50,0,2,64,0,66,0,4,112,0,116,34,0,34,150
02/19/2022,OLM,WA,ANM,WE,Federal Contract Tower,0,0,9,0,9,0,2,25,0,27,0,2,34,0,36,12,0,12,48
02/20/2022,OLM,WA,ANM,WE,Federal Contract Tower,0,0,17,0,17,0,6,40,0,46,0,6,57,0,63,176,0,176,239
02/21/2022,OLM,WA,ANM,WE,Federal Contract Tower,0,0,2,0,2,0,2,30,0,32,0,2,32,0,34,106,0,106,140
02/22/2022,OLM,WA,ANM,WE,Federal Contract Tower,0,6,22,4,32,0,2,29,2,33,0,8,51,6,65,114,0,114,179
02/23/2022,OLM,WA,ANM,WE,Federal Contract Tower,0,2,20,0,22,0,1,115,0,116,0,3,135,0,138,124,4,128,266
02/24/2022,OLM,WA,ANM,WE,Federal Contract Tower,0,1,18,2,21,0,2,84,1,87,0,3,102,3,108,166,34,200,308
02/25/2022,OLM,WA,ANM,WE,Federal Contract Tower,0,0,35,0,35,0,1,106,0,107,0,1,141,0,142,158,0,158,300
02/26/2022,OLM,WA,ANM,WE,Federal Contract Tower,0,9,5,0,14,0,5,27,0,32,0,14,32,0,46,114,0,114,160
02/27/2022,OLM,WA,ANM,WE,Federal Contract Tower,0,2,10,0,12,0,1,2,0,3,0,3,12,0,15,42,0,42,57
02/28/2022,OLM,WA,ANM,WE,Federal Contract Tower,0,1,4,4,9,0,1,0,0,1,0,2,4,4,10,1,0,1,11
03/01/2022,OLM,WA,ANM,WE,Federal Contract Tower,0,1,16,4,21,0,2,26,2,30,0,3,42,6,51,80,0,80,131
03/02/2022,OLM,WA,ANM,WE,Federal Contract Tower,0,1,19,2,22,0,1,22,0,23,0,2,41,2,45,76,0,76,121
03/03/2022,OLM,WA,ANM,WE,Federal Contract Tower,0,0,10,1,11,0,0,44,1,45,0,0,54,2,56,114,0,114,170
03/04/2022,OLM,WA,ANM,WE,Federal Contract Tower,0,1,24,0,25,0,2,61,0,63,0,3,85,0,88,86,0,86,174
03/05/2022,OLM,WA,ANM,WE,Federal Contract Tower,0,0,31,0,31,0,0,96,0,96,0,0,127,0,127,122,0,122,249
03/06/2022,OLM,WA,ANM,WE,Federal Contract Tower,0,1,39,0,40,0,1,84,2,87,0,2,123,2,127,74,0,74,201
03/07/2022,OLM,WA,ANM,WE,Federal Contract Tower,0,0,21,4,25,0,2,64,0,66,0,2,85,4,91,140,2,142,233
03/08/2022,OLM,WA,ANM,WE,Federal Contract Tower,0,0,17,0,17,0,0,17,0,17,0,0,34,0,34,20,4,24,58
03/09/2022,OLM,WA,ANM,WE,Federal Contract Tower,0,0,30,2,32,0,2,83,0,85,0,2,113,2,117,78,0,78,195
03/10/2022,OLM,WA,ANM,WE,Federal Contract Tower,0,0,33,1,34,0,0,128,3,131,0,0,161,4,165,84,6,90,255
03/11/2022,OLM,WA,ANM,WE,Federal Contract Tower,0,0,55,0,55,0,0,75,0,75,0,0,130,0,130,70,0,70,200
03/12/2022,OLM,WA,ANM,WE,Federal Contract Tower,0,0,23,0,23,0,3,49,0,52,0,3,72,0,75,85,0,85,160
03/13/2022,OLM,WA,ANM,WE,Federal Contract Tower,0,1,7,0,8,0,4,17,0,21,0,5,24,0,29,10,0,10,39
03/14/2022,OLM,WA,ANM,WE,Federal Contract Tower,0,0,7,0,7,0,1,15,0,16,0,1,22,0,23,72,0,72,95
03/15/2022,OLM,WA,ANM,WE,Federal Contract Tower,0,2,2,2,6,0,3,25,2,30,0,5,27,4,36,44,0,44,80
03/16/2022,OLM,WA,ANM,WE,Federal Contract Tower,0,0,39,0,39,0,0,76,2,78,0,0,115,2,117,250,0,250,367
03/17/2022,OLM,WA,ANM,WE,Federal Contract Tower,0,0,35,2,37,0,3,63,0,66,0,3,98,2,103,104,6,110,213
03/18/2022,OLM,WA,ANM,WE,Federal Contract Tower,0,0,25,0,25,0,4,43,0,47,0,4,68,0,72,136,2,138,210
03/19/2022,OLM,WA,ANM,WE,Federal Contract Tower,0,0,12,2,14,0,1,21,0,22,0,1,33,2,36,60,0,60,96
03/20/2022,OLM,WA,ANM,WE,Federal Contract Tower,0,0,12,0,12,0,2,31,0,33,0,2,43,0,45,190,0,190,235
03/21/2022,OLM,WA,ANM,WE,Federal Contract Tower,0,0,15,0,15,0,0,10,0,10,0,0,25,0,25,58,0,58,83
03/22/2022,OLM,WA,ANM,WE,Federal Contract Tower,0,0,24,0,24,0,0,77,0,77,0,0,101,0,101,208,0,208,309
03/23/2022,OLM,WA,ANM,WE,Federal Contract Tower,0,1,21,0,22,0,2,13,0,15,0,3,34,0,37,92,0,92,129
03/24/2022,OLM,WA,ANM,WE,Federal Contract Tower,0,1,35,2,38,0,1,101,0,102,0,2,136,2,140,50,2,52,192
03/25/2022,OLM,WA,ANM,WE,Federal Contract Tower,0,0,50,0,50,0,1,78,2,81,0,1,128,2,131,170,0,170,301
03/26/2022,OLM,WA,ANM,WE,Federal Contract Tower,0,0,19,0,19,0,2,44,0,46,0,2,63,0,65,198,0,198,263
03/27/2022,OLM,WA,ANM,WE,Federal Contract Tower,0,0,19,0,19,0,4,72,0,76,0,4,91,0,95,142,0,142,237
03/28/2022,OLM,WA,ANM,WE,Federal Contract Tower,0,0,35,0,35,0,2,49,0,51,0,2,84,0,86,114,0,114,200
03/29/2022,OLM,WA,ANM,WE,Federal Contract Tower,0,1,31,0,32,0,6,49,0,55,0,7,80,0,87,100,0,100,187
03/30/2022,OLM,WA,ANM,WE,Federal Contract Tower,0,0,7,1,8,0,4,44,1,49,0,4,51,2,57,70,0,70,127
03/31/2022,OLM,WA,ANM,WE,Federal Contract Tower,0,0,23,4,27,0,5,100,0,105,0,5,123,4,132,136,4,140,272
04/01/2022,OLM,WA,ANM,WE,Federal Contract Tower,0,0,20,0,20,0,2,59,0,61,0,2,79,0,81,70,0,70,151
04/02/2022,OLM,WA,ANM,WE,Federal Contract Tower,0,0,20,0,20,0,3,55,1,59,0,3,75,1,79,114,0,114,193
04/03/2022,OLM,WA,ANM,WE,Federal Contract Tower,0,0,5,0,5,0,0,17,0,17,0,0,22,0,22,20,0,20,42
04/04/2022,OLM,WA,ANM,WE,Federal Contract Tower,0,2,1,2,5,0,0,0,0,0,0,2,1,2,5,0,0,0,5
04/05/2022,OLM,WA,ANM,WE,Federal Contract Tower,0,2,17,0,19,0,1,31,2,34,0,3,48,2,53,86,0,86,139
04/06/2022,OLM,WA,ANM,WE,Federal Contract Tower,0,1,46,0,47,0,0,124,2,126,0,1,170,2,173,194,0,194,367
04/07/2022,OLM,WA,ANM,WE,Federal Contract Tower,0,0,40,3,43,0,2,123,0,125,0,2,163,3,168,220,0,220,388
04/08/2022,OLM,WA,ANM,WE,Federal Contract Tower,0,0,5,0,5,0,4,18,0,22,0,4,23,0,27,4,0,4,31
04/09/2022,OLM,WA,ANM,WE,Federal Contract Tower,0,2,4,0,6,0,0,16,0,16,0,2,20,0,22,22,0,22,44
04/10/2022,OLM,WA,ANM,WE,Federal Contract Tower,0,0,9,0,9,0,2,24,0,26,0,2,33,0,35,70,0,70,105
04/11/2022,OLM,WA,ANM,WE,Federal Contract Tower,0,0,9,0,9,0,0,22,0,22,0,0,31,0,31,80,0,80,111
04/12/2022,OLM,WA,ANM,WE,Federal Contract Tower,0,0,3,2,5,0,0,7,0,7,0,0,10,2,12,14,0,14,26
04/13/2022,OLM,WA,ANM,WE,Federal Contract Tower,0,1,2,0,3,0,1,5,0,6,0,2,7,0,9,8,0,8,17
04/14/2022,OLM,WA,ANM,WE,Federal Contract Tower,0,0,18,4,22,0,0,64,0,64,0,0,82,4,86,124,0,124,210
04/15/2022,OLM,WA,ANM,WE,Federal Contract Tower,0,3,20,0,23,0,3,51,2,56,0,6,71,2,79,96,0,96,175
04/16/2022,OLM,WA,ANM,WE,Federal Contract Tower,0,0,5,0,5,0,3,25,0,28,0,3,30,0,33,40,0,40,73
04/17/2022,OLM,WA,ANM,WE,Federal Contract Tower,0,0,22,0,22,0,5,103,0,108,0,5,125,0,130,140,0,140,270
04/18/2022,OLM,WA,ANM,WE,Federal Contract Tower,0,0,5,0,5,0,0,12,0,12,0,0,17,0,17,52,0,52,69
04/19/2022,OLM,WA,ANM,WE,Federal Contract Tower,0,5,26,6,37,0,0,67,2,69,0,5,93,8,106,136,14,150,256
04/20/2022,OLM,WA,ANM,WE,Federal Contract Tower,0,2,23,0,25,0,2,48,0,50,0,4,71,0,75,150,0,150,225
04/21/2022,OLM,WA,ANM,WE,Federal Contract Tower,0,4,10,0,14,0,2,30,0,32,0,6,40,0,46,40,18,58,104
04/22/2022,OLM,WA,ANM,WE,Federal Contract Tower,0,3,12,0,15,0,0,53,2,55,0,3,65,2,70,98,0,98,168
04/23/2022,OLM,WA,ANM,WE,Federal Contract Tower,0,1,35,0,36,0,2,116,2,120,0,3,151,2,156,200,0,200,356
04/24/2022,OLM,WA,ANM,WE,Federal Contract Tower,0,6,23,0,29,0,5,95,4,104,0,11,118,4,133,140,0,140,273
04/25/2022,OLM,WA,ANM,WE,Federal Contract Tower,0,2,46,0,48,0,3,51,0,54,0,5,97,0,102,106,4,110,212
04/26/2022,OLM,WA,ANM,WE,Federal Contract Tower,0,0,5,0,5,0,4,39,0,43,0,4,44,0,48,94,0,94,142
04/27/2022,OLM,WA,ANM,WE,Federal Contract Tower,0,4,34,0,38,0,4,63,0,67,0,8,97,0,105,122,0,122,227
04/28/2022,OLM,WA,ANM,WE,Federal Contract Tower,0,3,32,0,35,0,0,81,0,81,0,3,113,0,116,180,0,180,296
04/29/2022,OLM,WA,ANM,WE,Federal Contract Tower,0,0,27,0,27,0,5,104,0,109,0,5,131,0,136,90,0,90,226
04/30/2022,OLM,WA,ANM,WE,Federal Contract Tower,0,1,29,0,30,0,1,42,0,43,0,2,71,0,73,200,0,200,273
05/01/2022,OLM,WA,ANM,WE,Federal Contract Tower,0,3,22,2,27,0,2,76,2,80,0,5,98,4,107,152,0,152,259
05/02/2022,OLM,WA,ANM,WE,Federal Contract Tower,0,1,25,4,30,0,2,71,0,73,0,3,96,4,103,180,0,180,283
05/03/2022,OLM,WA,ANM,WE,Federal Contract Tower,0,2,41,0,43,0,3,49,0,52,0,5,90,0,95,113,0,113,208
05/04/2022,OLM,WA,ANM,WE,Federal Contract Tower,0,2,22,2,26,0,2,108,0,110,0,4,130,2,136,130,2,132,268
05/05/2022,OLM,WA,ANM,WE,Federal Contract Tower,0,4,10,4,18,0,0,6,0,6,0,4,16,4,24,18,0,18,42
05/06/2022,OLM,WA,ANM,WE,Federal Contract Tower,0,0,7,0,7,0,0,9,0,9,0,0,16,0,16,18,0,18,34
05/07/2022,OLM,WA,ANM,WE,Federal Contract Tower,0,0,14,0,14,0,2,12,0,14,0,2,26,0,28,28,0,28,56
05/08/2022,OLM,WA,ANM,WE,Federal Contract Tower,0,0,5,0,5,0,2,18,0,20,0,2,23,0,25,102,0,102,127
05/09/2022,OLM,WA,ANM,WE,Federal Contract Tower,0,0,11,0,11,0,2,38,0,40,0,2,49,0,51,82,0,82,133
05/10/2022,OLM,WA,ANM,WE,Federal Contract Tower,0,0,27,6,33,0,9,74,0,83,0,9,101,6,116,156,0,156,272
05/11/2022,OLM,WA,ANM,WE,Federal Contract Tower,0,0,36,4,40,0,9,92,0,101,0,9,128,4,141,122,0,122,263
05/12/2022,OLM,WA,ANM,WE,Federal Contract Tower,0,1,9,0,10,0,3,5,2,10,0,4,14,2,20,16,0,16,36
05/13/2022,OLM,WA,ANM,WE,Federal Contract Tower,0,0,29,2,31,0,3,88,0,91,0,3,117,2,122,124,2,126,248
05/14/2022,OLM,WA,ANM,WE,Federal Contract Tower,0,1,17,0,18,0,4,9,0,13,0,5,26,0,31,28,0,28,59
05/15/2022,OLM,WA,ANM,WE,Federal Contract Tower,0,0,9,0,9,0,2,2,0,4,0,2,11,0,13,10,0,10,23
05/16/2022,OLM,WA,ANM,WE,Federal Contract Tower,0,1,12,4,17,0,1,66,0,67,0,2,78,4,84,122,0,122,206
05/17/2022,OLM,WA,ANM,WE,Federal Contract Tower,0,0,33,0,33,0,2,98,0,100,0,2,131,0,133,174,0,174,307
05/18/2022,OLM,WA,ANM,WE,Federal Contract Tower,0,2,4,2,8,0,0,7,0,7,0,2,11,2,15,10,2,12,27
05/19/2022,OLM,WA,ANM,WE,Federal Contract Tower,0,5,27,6,38,0,2,61,0,63,0,7,88,6,101,130,0,130,231
05/20/2022,OLM,WA,ANM,WE,Federal Contract Tower,0,0,5,0,5,0,1,104,0,105,0,1,109,0,110,112,2,114,224
05/21/2022,OLM,WA,ANM,WE,Federal Contract Tower,0,3,15,0,18,0,1,104,0,105,0,4,119,0,123,110,2,112,235
05/22/2022,OLM,WA,ANM,WE,Federal Contract Tower,0,5,18,0,23,0,4,103,0,107,0,9,121,0,130,196,0,196,326
05/23/2022,OLM,WA,ANM,WE,Federal Contract Tower,0,0,35,0,35,0,9,125,0,134,0,9,160,0,169,112,0,112,281
05/24/2022,OLM,WA,ANM,WE,Federal Contract Tower,0,2,35,2,39,0,4,78,0,82,0,6,113,2,121,164,0,164,285
05/25/2022,OLM,WA,ANM,WE,Federal Contract Tower,0,1,53,2,56,0,2,86,0,88,0,3,139,2,144,162,0,162,306
05/26/2022,OLM,WA,ANM,WE,Federal Contract Tower,0,1,23,9,33,0,1,62,1,64,0,2,85,10,97,136,0,136,233
05/27/2022,OLM,WA,ANM,WE,Federal Contract Tower,0,0,14,0,14,0,4,41,0,45,0,4,55,0,59,58,0,58,117
05/28/2022,OLM,WA,ANM,WE,Federal Contract Tower,0,0,23,0,23,0,2,11,0,13,0,2,34,0,36,12,0,12,48
05/29/2022,OLM,WA,ANM,WE,Federal Contract Tower,0,0,10,0,10,0,2,20,0,22,0,2,30,0,32,14,0,14,46
05/30/2022,OLM,WA,ANM,WE,Federal Contract Tower,0,1,21,0,22,0,4,56,0,60,0,5,77,0,82,156,0,156,238
05/31/2022,OLM,WA,ANM,WE,Federal Contract Tower,0,0,13,2,15,0,4,104,2,110,0,4,117,4,125,126,0,126,251
06/01/2022,OLM,WA,ANM,WE,Federal Contract Tower,0,1,24,0,25,0,0,77,0,77,0,1,101,0,102,148,0,148,250
06/02/2022,OLM,WA,ANM,WE,Federal Contract Tower,0,2,18,7,27,0,0,75,1,76,0,2,93,8,103,112,2,114,217
06/03/2022,OLM,WA,ANM,WE,Federal Contract Tower,0,2,18,0,20,0,2,31,0,33,0,4,49,0,53,68,0,68,121
06/04/2022,OLM,WA,ANM,WE,Federal Contract Tower,0,0,28,0,28,0,2,32,0,34,0,2,60,0,62,66,0,66,128
06/05/2022,OLM,WA,ANM,WE,Federal Contract Tower,0,0,5,0,5,0,2,10,0,12,0,2,15,0,17,84,0,84,101
06/06/2022,OLM,WA,ANM,WE,Federal Contract Tower,0,1,31,0,32,0,0,77,0,77,0,1,108,0,109,120,0,120,229
06/07/2022,OLM,WA,ANM,WE,Federal Contract Tower,0,2,15,0,17,0,2,96,0,98,0,4,111,0,115,176,0,176,291
06/08/2022,OLM,WA,ANM,WE,Federal Contract Tower,0,1,19,0,20,0,1,60,1,62,0,2,79,1,82,152,0,152,234
06/09/2022,OLM,WA,ANM,WE,Federal Contract Tower,0,2,28,0,30,0,0,30,0,30,0,2,58,0,60,30,0,30,90
06/10/2022,OLM,WA,ANM,WE,Federal Contract Tower,0,3,10,2,15,0,1,11,0,12,0,4,21,2,27,20,0,20,47
06/11/2022,OLM,WA,ANM,WE,Federal Contract Tower,0,0,21,0,21,0,2,49,3,54,0,2,70,3,75,0,130,130,205
06/12/2022,OLM,WA,ANM,WE,Federal Contract Tower,0,2,15,0,17,0,4,31,0,35,0,6,46,0,52,72,0,72,124
06/13/2022,OLM,WA,ANM,WE,Federal Contract Tower,0,2,4,2,8,0,2,46,0,48,0,4,50,2,56,68,0,68,124
06/14/2022,OLM,WA,ANM,WE,Federal Contract Tower,0,2,21,2,25,0,0,90,0,90,0,2,111,2,115,216,0,216,331
06/15/2022,OLM,WA,ANM,WE,Federal Contract Tower,0,3,34,0,37,0,0,71,4,75,0,3,105,4,112,136,0,136,248
06/16/2022,OLM,WA,ANM,WE,Federal Contract Tower,0,2,18,0,20,0,4,69,2,75,0,6,87,2,95,120,0,120,215
06/17/2022,OLM,WA,ANM,WE,Federal Contract Tower,0,2,12,0,14,0,2,31,0,33,0,4,43,0,47,36,2,38,85
06/18/2022,OLM,WA,ANM,WE,Federal Contract Tower,0,1,3,1,5,0,4,50,0,54,0,5,53,1,59,160,0,160,219
06/19/2022,OLM,WA,ANM,WE,Federal Contract Tower,0,0,4,0,4,0,2,66,0,68,0,2,70,0,72,246,0,246,318
06/20/2022,OLM,WA,ANM,WE,Federal Contract Tower,0,2,30,1,33,0,3,77,2,82,0,5,107,3,115,194,0,194,309
06/21/2022,OLM,WA,ANM,WE,Federal Contract Tower,0,0,23,4,27,0,2,86,0,88,0,2,109,4,115,172,0,172,287
06/22/2022,OLM,WA,ANM,WE,Federal Contract Tower,0,4,32,3,39,0,2,61,0,63,0,6,93,3,102,152,0,152,254
06/23/2022,OLM,WA,ANM,WE,Federal Contract Tower,0,3,18,1,22,0,2,123,0,125,0,5,141,1,147,180,0,180,327
06/24/2022,OLM,WA,ANM,WE,Federal Contract Tower,0,0,20,5,25,0,3,102,2,107,0,3,122,7,132,74,2,76,208
06/25/2022,OLM,WA,ANM,WE,Federal Contract Tower,0,2,14,0,16,0,6,106,0,112,0,8,120,0,128,110,0,110,238
06/26/2022,OLM,WA,ANM,WE,Federal Contract Tower,0,0,11,0,11,0,0,68,6,74,0,0,79,6,85,96,0,96,181
06/27/2022,OLM,WA,ANM,WE,Federal Contract Tower,0,2,10,0,12,0,2,117,0,119,0,4,127,0,131,208,0,208,339
06/28/2022,OLM,WA,ANM,WE,Federal Contract Tower,0,0,16,2,18,0,0,20,0,20,0,0,36,2,38,46,4,50,88
06/29/2022,OLM,WA,ANM,WE,Federal Contract Tower,0,2,25,0,27,0,1,67,3,71,0,3,92,3,98,178,0,178,276
06/30/2022,OLM,WA,ANM,WE,Federal Contract Tower,0,0,20,0,20,0,0,105,0,105,0,0,125,0,125,92,0,92,217
07/01/2022,OLM,WA,ANM,WE,Federal Contract Tower,0,0,38,0,38,0,1,96,0,97,0,1,134,0,135,70,2,72,207
07/02/2022,OLM,WA,ANM,WE,Federal Contract Tower,0,2,34,0,36,0,3,28,0,31,0,5,62,0,67,110,0,110,177
07/03/2022,OLM,WA,ANM,WE,Federal Contract Tower,0,3,6,0,9,0,3,24,0,27,0,6,30,0,36,42,0,42,78
07/04/2022,OLM,WA,ANM,WE,Federal Contract Tower,0,0,8,0,8,0,6,39,0,45,0,6,47,0,53,76,0,76,129
07/05/2022,OLM,WA,ANM,WE,Federal Contract Tower,0,0,14,0,14,0,5,72,0,77,0,5,86,0,91,162,0,162,253
07/06/2022,OLM,WA,ANM,WE,Federal Contract Tower,0,0,9,5,14,0,0,64,1,65,0,0,73,6,79,102,6,108,187
07/07/2022,OLM,WA,ANM,WE,Federal Contract Tower,0,2,27,4,33,0,2,106,2,110,0,4,133,6,143,246,0,246,389
07/08/2022,OLM,WA,ANM,WE,Federal Contract Tower,0,3,33,0,36,0,2,83,0,85,0,5,116,0,121,112,0,112,233
07/09/2022,OLM,WA,ANM,WE,Federal Contract Tower,0,1,21,0,22,0,2,100,0,102,0,3,121,0,124,66,0,66,190
07/10/2022,OLM,WA,ANM,WE,Federal Contract Tower,0,2,10,0,12,0,2,82,4,88,0,4,92,4,100,148,0,148,248
07/11/2022,OLM,WA,ANM,WE,Federal Contract Tower,0,0,9,4,13,0,2,99,0,101,0,2,108,4,114,180,0,180,294
07/12/2022,OLM,WA,ANM,WE,Federal Contract Tower,0,0,23,4,27,0,2,63,0,65,0,2,86,4,92,136,0,136,228
07/13/2022,OLM,WA,ANM,WE,Federal Contract Tower,0,4,23,0,27,0,2,82,0,84,0,6,105,0,111,164,4,168,279
07/14/2022,OLM,WA,ANM,WE,Federal Contract Tower,0,4,18,4,26,0,4,85,0,89,0,8,103,4,115,70,0,70,185
07/15/2022,OLM,WA,ANM,WE,Federal Contract Tower,0,0,28,0,28,0,3,53,0,56,0,3,81,0,84,66,0,66,150
07/16/2022,OLM,WA,ANM,WE,Federal Contract Tower,0,0,20,0,20,0,5,80,0,85,0,5,100,0,105,194,0,194,299
07/17/2022,OLM,WA,ANM,WE,Federal Contract Tower,0,0,21,0,21,0,4,75,2,81,0,4,96,2,102,166,0,166,268
07/18/2022,OLM,WA,ANM,WE,Federal Contract Tower,0,0,33,0,33,0,2,72,0,74,0,2,105,0,107,288,2,290,397
07/19/2022,OLM,WA,ANM,WE,Federal Contract Tower,0,0,24,0,24,0,4,97,0,101,0,4,121,0,125,146,2,148,273
07/20/2022,OLM,WA,ANM,WE,Federal Contract Tower,0,3,12,2,17,0,1,88,1,90,0,4,100,3,107,198,0,198,305
07/21/2022,OLM,WA,ANM,WE,Federal Contract Tower,0,5,20,0,25,0,5,79,4,88,0,10,99,4,113,144,0,144,257
07/22/2022,OLM,WA,ANM,WE,Federal Contract Tower,0,0,22,2,24,0,3,73,3,79,0,3,95,5,103,64,0,64,167
07/23/2022,OLM,WA,ANM,WE,Federal Contract Tower,0,0,23,2,25,0,1,51,0,52,0,1,74,2,77,110,0,110,187
07/24/2022,OLM,WA,ANM,WE,Federal Contract Tower,0,2,17,0,19,0,4,71,0,75,0,6,88,0,94,128,0,128,222
07/25/2022,OLM,WA,ANM,WE,Federal Contract Tower,0,0,11,2,13,0,1,71,2,74,0,1,82,4,87,120,0,120,207
07/26/2022,OLM,WA,ANM,WE,Federal Contract Tower,0,4,19,0,23,0,6,75,2,83,0,10,94,2,106,210,2,212,318
07/27/2022,OLM,WA,ANM,WE,Federal Contract Tower,0,1,28,0,29,0,6,96,0,102,0,7,124,0,131,214,0,214,345
07/28/2022,OLM,WA,ANM,WE,Federal Contract Tower,0,3,33,1,37,0,4,90,3,97,0,7,123,4,134,134,2,136,270
07/29/2022,OLM,WA,ANM,WE,Federal Contract Tower,0,2,18,0,20,0,4,69,2,75,0,6,87,2,95,78,2,80,175
07/30/2022,OLM,WA,ANM,WE,Federal Contract Tower,0,2,17,0,19,0,7,81,0,88,0,9,98,0,107,188,0,188,295
07/31/2022,OLM,WA,ANM,WE,Federal Contract Tower,0,5,17,1,23,0,4,71,1,76,0,9,88,2,99,142,0,142,241
08/01/2022,OLM,WA,ANM,WE,Federal Contract Tower,0,1,30,4,35,0,5,70,0,75,0,6,100,4,110,132,0,132,242
08/02/2022,OLM,WA,ANM,WE,Federal Contract Tower,0,1,26,0,27,0,7,90,0,97,0,8,116,0,124,128,0,128,252
08/03/2022,OLM,WA,ANM,WE,Federal Contract Tower,0,5,28,0,33,0,4,72,0,76,0,9,100,0,109,126,0,126,235
08/04/2022,OLM,WA,ANM,WE,Federal Contract Tower,0,4,35,0,39,0,4,72,1,77,0,8,107,1,116,192,4,196,312
08/05/2022,OLM,WA,ANM,WE,Federal Contract Tower,0,0,27,2,29,0,2,88,2,92,0,2,115,4,121,82,6,88,209
08/06/2022,OLM,WA,ANM,WE,Federal Contract Tower,0,0,15,0,15,0,3,92,0,95,0,3,107,0,110,82,0,82,192
08/07/2022,OLM,WA,ANM,WE,Federal Contract Tower,0,0,9,0,9,0,6,80,0,86,0,6,89,0,95,108,0,108,203
08/08/2022,OLM,WA,ANM,WE,Federal Contract Tower,0,9,14,4,27,0,6,83,4,93,0,15,97,8,120,136,6,142,262
08/09/2022,OLM,WA,ANM,WE,Federal Contract Tower,0,2,23,0,25,0,4,72,0,76,0,6,95,0,101,242,0,242,343
08/10/2022,OLM,WA,ANM,WE,Federal Contract Tower,0,3,16,0,19,0,2,43,0,45,0,5,59,0,64,192,0,192,256
08/11/2022,OLM,WA,ANM,WE,Federal Contract Tower,0,0,38,8,46,0,2,108,0,110,0,2,146,8,156,120,0,120,276
08/12/2022,OLM,WA,ANM,WE,Federal Contract Tower,0,0,18,0,18,0,4,71,0,75,0,4,89,0,93,94,2,96,189
08/13/2022,OLM,WA,ANM,WE,Federal Contract Tower,0,0,29,0,29,0,3,49,6,58,0,3,78,6,87,122,0,122,209
08/14/2022,OLM,WA,ANM,WE,Federal Contract Tower,0,0,19,0,19,0,6,84,0,90,0,6,103,0,109,158,0,158,267
08/15/2022,OLM,WA,ANM,WE,Federal Contract Tower,0,0,18,0,18,0,2,96,5,103,0,2,114,5,121,92,0,92,213
08/16/2022,OLM,WA,ANM,WE,Federal Contract Tower,0,0,27,0,27,0,2,95,3,100,0,2,122,3,127,190,0,190,317
08/17/2022,OLM,WA,ANM,WE,Federal Contract Tower,0,0,22,2,24,0,2,72,0,74,0,2,94,2,98,80,2,82,180
08/18/2022,OLM,WA,ANM,WE,Federal Contract Tower,0,2,21,2,25,0,2,75,0,77,0,4,96,2,102,114,0,114,216
08/19/2022,OLM,WA,ANM,WE,Federal Contract Tower,0,0,37,0,37,0,2,77,0,79,0,2,114,0,116,126,0,126,242
08/20/2022,OLM,WA,ANM,WE,Federal Contract Tower,0,0,22,0,22,0,2,69,1,72,0,2,91,1,94,132,0,132,226
08/21/2022,OLM,WA,ANM,WE,Federal Contract Tower,0,1,17,0,18,0,2,56,0,58,0,3,73,0,76,86,0,86,162
08/22/2022,OLM,WA,ANM,WE,Federal Contract Tower,0,0,18,0,18,0,2,89,2,93,0,2,107,2,111,168,6,174,285
08/23/2022,OLM,WA,ANM,WE,Federal Contract Tower,0,0,44,0,44,0,3,74,4,81,0,3,118,4,125,182,0,182,307
08/24/2022,OLM,WA,ANM,WE,Federal Contract Tower,0,2,35,0,37,0,3,106,2,111,0,5,141,2,148,152,2,154,302
08/25/2022,OLM,WA,ANM,WE,Federal Contract Tower,0,0,46,2,48,0,1,97,1,99,0,1,143,3,147,106,0,106,253
08/26/2022,OLM,WA,ANM,WE,Federal Contract Tower,0,0,11,2,13,0,4,33,0,37,0,4,44,2,50,56,2,58,108
08/27/2022,OLM,WA,ANM,WE,Federal Contract Tower,0,0,27,0,27,0,3,40,0,43,0,3,67,0,70,34,0,34,104
08/28/2022,OLM,WA,ANM,WE,Federal Contract Tower,0,3,12,0,15,0,2,94,0,96,0,5,106,0,111,136,0,136,247
08/29/2022,OLM,WA,ANM,WE,Federal Contract Tower,0,3,32,4,39,0,4,111,4,119,0,7,143,8,158,196,0,196,354
08/30/2022,OLM,WA,ANM,WE,Federal Contract Tower,0,0,34,4,38,0,4,106,2,112,0,4,140,6,150,276,6,282,432
08/31/2022,OLM,WA,ANM,WE,Federal Contract Tower,0,2,40,4,46,0,4,74,0,78,0,6,114,4,124,212,0,212,336
09/01/2022,OLM,WA,ANM,WE,Federal Contract Tower,0,0,39,0,39,0,1,50,0,51,0,1,89,0,90,172,6,178,268
09/02/2022,OLM,WA,ANM,WE,Federal Contract Tower,0,0,23,0,23,0,4,69,0,73,0,4,92,0,96,122,0,122,218
09/03/2022,OLM,WA,ANM,WE,Federal Contract Tower,0,1,20,0,21,0,3,48,0,51,0,4,68,0,72,94,0,94,166
09/04/2022,OLM,WA,ANM,WE,Federal Contract Tower,0,1,22,0,23,0,6,32,0,38,0,7,54,0,61,46,0,46,107
09/05/2022,OLM,WA,ANM,WE,Federal Contract Tower,0,0,22,0,22,0,5,42,0,47,0,5,64,0,69,86,0,86,155
09/06/2022,OLM,WA,ANM,WE,Federal Contract Tower,0,2,22,0,24,0,2,85,0,87,0,4,107,0,111,126,0,126,237
09/07/2022,OLM,WA,ANM,WE,Federal Contract Tower,0,0,23,2,25,0,3,107,2,112,0,3,130,4,137,110,14,124,261
09/08/2022,OLM,WA,ANM,WE,Federal Contract Tower,0,0,28,0,28,0,3,119,0,122,0,3,147,0,150,88,10,98,248
09/09/2022,OLM,WA,ANM,WE,Federal Contract Tower,0,0,16,0,16,0,5,63,1,69,0,5,79,1,85,50,2,52,137
09/10/2022,OLM,WA,ANM,WE,Federal Contract Tower,0,0,12,2,14,0,3,63,0,66,0,3,75,2,80,134,0,134,214
09/11/2022,OLM,WA,ANM,WE,Federal Contract Tower,0,2,17,2,21,0,2,51,0,53,0,4,68,2,74,190,0,190,264
09/12/2022,OLM,WA,ANM,WE,Federal Contract Tower,0,4,39,5,48,0,2,63,2,67,0,6,102,7,115,224,0,224,339
09/13/2022,OLM,WA,ANM,WE,Federal Contract Tower,0,0,22,4,26,0,3,75,2,80,0,3,97,6,106,156,0,156,262
09/14/2022,OLM,WA,ANM,WE,Federal Contract Tower,0,0,19,0,19,0,3,79,0,82,0,3,98,0,101,208,2,210,311
09/15/2022,OLM,WA,ANM,WE,Federal Contract Tower,0,0,32,0,32,0,1,77,3,81,0,1,109,3,113,176,2,178,291
09/16/2022,OLM,WA,ANM,WE,Federal Contract Tower,0,0,19,0,19,0,4,54,0,58,0,4,73,0,77,72,0,72,149
09/17/2022,OLM,WA,ANM,WE,Federal Contract Tower,0,0,13,0,13,0,2,88,0,90,0,2,101,0,103,162,0,162,265
09/18/2022,OLM,WA,ANM,WE,Federal Contract Tower,0,0,27,0,27,0,4,76,2,82,0,4,103,2,109,150,0,150,259
09/19/2022,OLM,WA,ANM,WE,Federal Contract Tower,0,4,27,2,33,0,0,89,4,93,0,4,116,6,126,128,20,148,274
09/20/2022,OLM,WA,ANM,WE,Federal Contract Tower,0,2,33,0,35,0,2,92,0,94,0,4,125,0,129,110,2,112,241
09/21/2022,OLM,WA,ANM,WE,Federal Contract Tower,0,0,43,0,43,0,5,104,0,109,0,5,147,0,152,120,0,120,272
09/22/2022,OLM,WA,ANM,WE,Federal Contract Tower,0,3,46,2,51,0,3,85,0,88,0,6,131,2,139,92,2,94,233
09/23/2022,OLM,WA,ANM,WE,Federal Contract Tower,0,1,26,0,27,0,2,87,0,89,0,3,113,0,116,192,0,192,308
09/24/2022,OLM,WA,ANM,WE,Federal Contract Tower,0,2,36,0,38,0,2,77,0,79,0,4,113,0,117,124,0,124,241
09/25/2022,OLM,WA,ANM,WE,Federal Contract Tower,0,1,21,0,22,0,2,85,2,89,0,3,106,2,111,144,0,144,255
09/26/2022,OLM,WA,ANM,WE,Federal Contract Tower,0,1,26,4,31,0,3,73,2,78,0,4,99,6,109,198,0,198,307
09/27/2022,OLM,WA,ANM,WE,Federal Contract Tower,0,2,14,4,20,0,2,75,2,79,0,4,89,6,99,114,16,130,229
09/28/2022,OLM,WA,ANM,WE,Federal Contract Tower,0,2,20,0,22,0,2,41,0,43,0,4,61,0,65,116,14,130,195
09/29/2022,OLM,WA,ANM,WE,Federal Contract Tower,0,0,23,3,26,0,2,53,4,59,0,2,76,7,85,104,4,108,193
09/30/2022,OLM,WA,ANM,WE,Federal Contract Tower,0,1,20,0,21,0,3,61,0,64,0,4,81,0,85,90,2,92,177
10/01/2022,OLM,WA,ANM,WE,Federal Contract Tower,0,0,21,0,21,0,1,75,0,76,0,1,96,0,97,82,0,82,179
10/02/2022,OLM,WA,ANM,WE,Federal Contract Tower,0,0,37,0,37,0,7,86,2,95,0,7,123,2,132,108,0,108,240
10/03/2022,OLM,WA,ANM,WE,Federal Contract Tower,0,0,30,0,30,0,2,61,2,65,0,2,91,2,95,142,6,148,243
10/05/2022,OLM,WA,ANM,WE,Federal Contract Tower,0,0,19,2,21,0,0,24,2,26,0,0,43,4,47,110,2,112,159
10/06/2022,OLM,WA,ANM,WE,Federal Contract Tower,0,5,20,0,25,0,2,56,0,58,0,7,76,0,83,112,0,112,195
10/07/2022,OLM,WA,ANM,WE,Federal Contract Tower,0,0,19,0,19,0,1,80,0,81,0,1,99,0,100,92,0,92,192
10/08/2022,OLM,WA,ANM,WE,Federal Contract Tower,0,0,13,0,13,0,3,61,0,64,0,3,74,0,77,160,0,160,237
10/09/2022,OLM,WA,ANM,WE,Federal Contract Tower,0,0,15,0,15,0,2,61,0,63,0,2,76,0,78,134,0,134,212
10/10/2022,OLM,WA,ANM,WE,Federal Contract Tower,0,2,28,0,30,0,2,63,2,67,0,4,91,2,97,178,0,178,275
10/11/2022,OLM,WA,ANM,WE,Federal Contract Tower,0,0,23,8,31,0,2,87,8,97,0,2,110,16,128,228,10,238,366
10/12/2022,OLM,WA,ANM,WE,Federal Contract Tower,0,2,29,2,33,0,1,97,1,99,0,3,126,3,132,162,0,162,294
10/13/2022,OLM,WA,ANM,WE,Federal Contract Tower,0,0,29,3,32,0,1,84,2,87,0,1,113,5,119,178,12,190,309
10/14/2022,OLM,WA,ANM,WE,Federal Contract Tower,0,0,17,0,17,0,3,92,0,95,0,3,109,0,112,190,2,192,304
10/15/2022,OLM,WA,ANM,WE,Federal Contract Tower,0,2,28,0,30,0,1,46,0,47,0,3,74,0,77,134,0,134,211
10/16/2022,OLM,WA,ANM,WE,Federal Contract Tower,0,1,20,0,21,0,2,73,0,75,0,3,93,0,96,168,0,168,264
10/17/2022,OLM,WA,ANM,WE,Federal Contract Tower,0,0,22,6,28,0,2,89,12,103,0,2,111,18,131,222,44,266,397
10/18/2022,OLM,WA,ANM,WE,Federal Contract Tower,0,14,28,2,44,0,1,69,0,70,0,15,97,2,114,120,4,124,238
10/19/2022,OLM,WA,ANM,WE,Federal Contract Tower,0,1,24,5,30,0,2,38,0,40,0,3,62,5,70,78,0,78,148
10/20/2022,OLM,WA,ANM,WE,Federal Contract Tower,0,2,28,0,30,0,1,10,0,11,0,3,38,0,41,2,0,2,43
10/21/2022,OLM,WA,ANM,WE,Federal Contract Tower,0,3,23,0,26,0,3,21,0,24,0,6,44,0,50,4,0,4,54
10/22/2022,OLM,WA,ANM,WE,Federal Contract Tower,0,1,13,0,14,0,0,39,0,39,0,1,52,0,53,174,0,174,227
10/23/2022,OLM,WA,ANM,WE,Federal Contract Tower,0,0,16,0,16,0,0,65,0,65,0,0,81,0,81,112,8,120,201
10/24/2022,OLM,WA,ANM,WE,Federal Contract Tower,0,1,5,0,6,0,1,20,6,27,0,2,25,6,33,52,8,60,93
10/25/2022,OLM,WA,ANM,WE,Federal Contract Tower,0,3,8,4,15,0,1,11,0,12,0,4,19,4,27,22,0,22,49
10/26/2022,OLM,WA,ANM,WE,Federal Contract Tower,0,2,29,12,43,0,4,69,6,79,0,6,98,18,122,162,0,162,284
10/27/2022,OLM,WA,ANM,WE,Federal Contract Tower,0,1,9,2,12,0,4,39,8,51,0,5,48,10,63,72,0,72,135
10/28/2022,OLM,WA,ANM,WE,Federal Contract Tower,0,1,22,0,23,0,3,43,2,48,0,4,65,2,71,172,0,172,243
10/29/2022,OLM,WA,ANM,WE,Federal Contract Tower,0,2,23,0,25,0,0,53,2,55,0,2,76,2,80,88,0,88,168
10/30/2022,OLM,WA,ANM,WE,Federal Contract Tower,0,0,14,0,14,0,0,0,0,0,0,0,14,0,14,0,0,0,14
10/31/2022,OLM,WA,ANM,WE,Federal Contract Tower,0,0,15,2,17,0,2,31,0,33,0,2,46,2,50,152,0,152,202
11/01/2022,OLM,WA,ANM,WE,Federal Contract Tower,0,2,10,0,12,0,1,29,2,32,0,3,39,2,44,70,0,70,114
11/02/2022,OLM,WA,ANM,WE,Federal Contract Tower,0,4,28,0,32,0,2,24,2,28,0,6,52,2,60,72,6,78,138
11/03/2022,OLM,WA,ANM,WE,Federal Contract Tower,0,4,0,8,12,0,0,29,0,29,0,4,29,8,41,46,2,48,89
11/04/2022,OLM,WA,ANM,WE,Federal Contract Tower,0,0,3,0,3,0,0,1,0,1,0,0,4,0,4,0,0,0,4
11/05/2022,OLM,WA,ANM,WE,Federal Contract Tower,0,0,3,0,3,0,4,26,2,32,0,4,29,2,35,22,0,22,57
11/06/2022,OLM,WA,ANM,WE,Federal Contract Tower,0,0,13,0,13,0,2,13,0,15,0,2,26,0,28,74,0,74,102
11/07/2022,OLM,WA,ANM,WE,Federal Contract Tower,0,2,2,0,4,0,0,36,4,40,0,2,38,4,44,48,10,58,102
11/08/2022,OLM,WA,ANM,WE,Federal Contract Tower,0,1,10,2,13,0,3,47,0,50,0,4,57,2,63,112,0,112,175
11/09/2022,OLM,WA,ANM,WE,Federal Contract Tower,0,1,50,2,53,0,3,92,0,95,0,4,142,2,148,188,22,210,358
11/10/2022,OLM,WA,ANM,WE,Federal Contract Tower,0,0,47,2,49,0,0,75,0,75,0,0,122,2,124,184,2,186,310
11/11/2022,OLM,WA,ANM,WE,Federal Contract Tower,0,0,17,0,17,0,4,64,0,68,0,4,81,0,85,56,0,56,141
11/12/2022,OLM,WA,ANM,WE,Federal Contract Tower,0,1,30,0,31,0,1,86,0,87,0,2,116,0,118,102,0,102,220
11/13/2022,OLM,WA,ANM,WE,Federal Contract Tower,0,0,8,0,8,0,2,29,0,31,0,2,37,0,39,68,0,68,107
11/14/2022,OLM,WA,ANM,WE,Federal Contract Tower,0,0,18,0,18,0,2,68,0,70,0,2,86,0,88,118,0,118,206
11/15/2022,OLM,WA,ANM,WE,Federal Contract Tower,0,2,28,7,37,0,1,49,0,50,0,3,77,7,87,114,10,124,211
11/16/2022,OLM,WA,ANM,WE,Federal Contract Tower,0,0,22,2,24,0,1,38,0,39,0,1,60,2,63,76,0,76,139
11/17/2022,OLM,WA,ANM,WE,Federal Contract Tower,0,2,16,2,20,0,1,89,2,92,0,3,105,4,112,102,8,110,222
11/18/2022,OLM,WA,ANM,WE,Federal Contract Tower,0,0,35,2,37,0,4,86,0,90,0,4,121,2,127,130,0,130,257
11/19/2022,OLM,WA,ANM,WE,Federal Contract Tower,0,0,22,0,22,0,1,90,4,95,0,1,112,4,117,240,0,240,357
11/20/2022,OLM,WA,ANM,WE,Federal Contract Tower,0,0,26,1,27,0,2,78,1,81,0,2,104,2,108,160,0,160,268
11/21/2022,OLM,WA,ANM,WE,Federal Contract Tower,0,1,32,2,35,0,2,57,4,63,0,3,89,6,98,70,0,70,168
11/22/2022,OLM,WA,ANM,WE,Federal Contract Tower,0,1,12,4,17,0,0,0,2,2,0,1,12,6,19,4,6,10,29
11/23/2022,OLM,WA,ANM,WE,Federal Contract Tower,0,0,25,0,25,0,2,50,2,54,0,2,75,2,79,126,6,132,211
11/24/2022,OLM,WA,ANM,WE,Federal Contract Tower,0,0,4,0,4,0,2,19,0,21,0,2,23,0,25,18,0,18,43
11/25/2022,OLM,WA,ANM,WE,Federal Contract Tower,0,1,3,0,4,0,0,6,0,6,0,1,9,0,10,26,0,26,36
11/26/2022,OLM,WA,ANM,WE,Federal Contract Tower,0,1,10,0,11,0,0,8,0,8,0,1,18,0,19,16,0,16,35
11/27/2022,OLM,WA,ANM,WE,Federal Contract Tower,0,4,5,0,9,0,2,15,2,19,0,6,20,2,28,76,0,76,104
11/28/2022,OLM,WA,ANM,WE,Federal Contract Tower,0,0,8,0,8,0,0,40,4,44,0,0,48,4,52,112,0,112,164
11/29/2022,OLM,WA,ANM,WE,Federal Contract Tower,0,0,0,0,0,0,0,0,0,0,0,0,0,0,0,0,0,0,0
11/30/2022,OLM,WA,ANM,WE,Federal Contract Tower,0,0,3,0,3,0,2,23,7,32,0,2,26,7,35,84,18,102,137
12/01/2022,OLM,WA,ANM,WE,Federal Contract Tower,0,0,3,0,3,0,0,29,5,34,0,0,32,5,37,66,8,74,111
12/02/2022,OLM,WA,ANM,WE,Federal Contract Tower,0,0,8,0,8,0,0,33,0,33,0,0,41,0,41,64,6,70,111
12/03/2022,OLM,WA,ANM,WE,Federal Contract Tower,0,0,23,0,23,0,5,53,1,59,0,5,76,1,82,74,0,74,156
12/04/2022,OLM,WA,ANM,WE,Federal Contract Tower,0,2,4,0,6,0,0,2,0,2,0,2,6,0,8,36,0,36,44
12/05/2022,OLM,WA,ANM,WE,Federal Contract Tower,0,0,14,4,18,0,0,0,0,0,0,0,14,4,18,6,0,6,24
12/06/2022,OLM,WA,ANM,WE,Federal Contract Tower,0,3,16,8,27,0,1,11,0,12,0,4,27,8,39,6,0,6,45
12/07/2022,OLM,WA,ANM,WE,Federal Contract Tower,0,0,29,2,31,0,4,46,4,54,0,4,75,6,85,162,28,190,275
12/08/2022,OLM,WA,ANM,WE,Federal Contract Tower,0,1,7,4,12,0,1,24,0,25,0,2,31,4,37,66,14,80,117
12/09/2022,OLM,WA,ANM,WE,Federal Contract Tower,0,0,8,0,8,0,0,22,4,26,0,0,30,4,34,54,10,64,98
12/10/2022,OLM,WA,ANM,WE,Federal Contract Tower,0,0,6,0,6,0,0,24,1,25,0,0,30,1,31,44,0,44,75
12/11/2022,OLM,WA,ANM,WE,Federal Contract Tower,0,0,7,0,7,0,0,8,0,8,0,0,15,0,15,40,0,40,55
12/12/2022,OLM,WA,ANM,WE,Federal Contract Tower,0,2,5,6,13,0,2,28,0,30,0,4,33,6,43,86,0,86,129
12/13/2022,OLM,WA,ANM,WE,Federal Contract Tower,0,6,13,12,31,0,0,67,0,67,0,6,80,12,98,196,20,216,314
12/14/2022,OLM,WA,ANM,WE,Federal Contract Tower,0,2,26,0,28,0,2,44,0,46,0,4,70,0,74,72,0,72,146
12/15/2022,OLM,WA,ANM,WE,Federal Contract Tower,0,0,19,0,19,0,3,82,1,86,0,3,101,1,105,130,4,134,239
12/16/2022,OLM,WA,ANM,WE,Federal Contract Tower,0,0,29,0,29,0,8,65,0,73,0,8,94,0,102,128,0,128,230
12/17/2022,OLM,WA,ANM,WE,Federal Contract Tower,0,0,3,0,3,0,0,2,0,2,0,0,5,0,5,44,0,44,49
12/18/2022,OLM,WA,ANM,WE,Federal Contract Tower,0,2,6,0,8,0,2,10,2,14,0,4,16,2,22,46,0,46,68
12/19/2022,OLM,WA,ANM,WE,Federal Contract Tower,0,0,6,0,6,0,0,24,0,24,0,0,30,0,30,72,0,72,102
12/20/2022,OLM,WA,ANM,WE,Federal Contract Tower,0,2,2,0,4,0,0,2,0,2,0,2,4,0,6,12,0,12,18
12/21/2022,OLM,WA,ANM,WE,Federal Contract Tower,0,1,9,2,12,0,4,30,0,34,0,5,39,2,46,138,0,138,184
12/22/2022,OLM,WA,ANM,WE,Federal Contract Tower,0,0,28,2,30,0,2,52,0,54,0,2,80,2,84,126,14,140,224
12/23/2022,OLM,WA,ANM,WE,Federal Contract Tower,0,2,0,0,2,0,0,0,0,0,0,2,0,0,2,0,0,0,2
12/24/2022,OLM,WA,ANM,WE,Federal Contract Tower,0,0,0,0,0,0,0,0,0,0,0,0,0,0,0,0,0,0,0
12/25/2022,OLM,WA,ANM,WE,Federal Contract Tower,0,0,2,0,2,0,0,0,0,0,0,0,2,0,2,0,0,0,2
12/26/2022,OLM,WA,ANM,WE,Federal Contract Tower,0,1,9,0,10,0,0,22,0,22,0,1,31,0,32,138,0,138,170
12/27/2022,OLM,WA,ANM,WE,Federal Contract Tower,0,1,2,0,3,0,0,0,0,0,0,1,2,0,3,0,0,0,3
12/28/2022,OLM,WA,ANM,WE,Federal Contract Tower,0,2,9,0,11,0,0,40,0,40,0,2,49,0,51,118,0,118,169
12/29/2022,OLM,WA,ANM,WE,Federal Contract Tower,0,1,15,0,16,0,0,16,0,16,0,1,31,0,32,8,0,8,40
12/30/2022,OLM,WA,ANM,WE,Federal Contract Tower,0,0,4,0,4,0,0,13,0,13,0,0,17,0,17,24,0,24,41
12/31/2022,OLM,WA,ANM,WE,Federal Contract Tower,0,2,12,0,14,0,0,44,0,44,0,2,56,0,58,168,0,168,226
01/01/2023,OLM,WA,ANM,WE,Federal Contract Tower,0,0,10,0,10,0,4,20,0,24,0,4,30,0,34,26,0,26,60
01/02/2023,OLM,WA,ANM,WE,Federal Contract Tower,0,2,20,0,22,0,0,0,0,0,0,2,20,0,22,0,0,0,22
01/03/2023,OLM,WA,ANM,WE,Federal Contract Tower,0,0,48,0,48,0,0,52,2,54,0,0,100,2,102,134,0,134,236
01/04/2023,OLM,WA,ANM,WE,Federal Contract Tower,0,3,26,4,33,0,4,54,0,58,0,7,80,4,91,116,0,116,207
01/05/2023,OLM,WA,ANM,WE,Federal Contract Tower,0,0,17,10,27,0,2,31,3,36,0,2,48,13,63,26,44,70,133
01/06/2023,OLM,WA,ANM,WE,Federal Contract Tower,0,0,24,2,26,0,1,56,1,58,0,1,80,3,84,58,4,62,146
01/07/2023,OLM,WA,ANM,WE,Federal Contract Tower,0,0,9,0,9,0,0,0,0,0,0,0,9,0,9,0,0,0,9
01/08/2023,OLM,WA,ANM,WE,Federal Contract Tower,0,0,4,0,4,0,0,3,0,3,0,0,7,0,7,10,0,10,17
01/09/2023,OLM,WA,ANM,WE,Federal Contract Tower,0,2,4,10,16,0,0,9,0,9,0,2,13,10,25,18,8,26,51
01/10/2023,OLM,WA,ANM,WE,Federal Contract Tower,0,2,49,7,58,0,2,74,2,78,0,4,123,9,136,158,24,182,318
01/11/2023,OLM,WA,ANM,WE,Federal Contract Tower,0,0,32,2,34,0,3,53,2,58,0,3,85,4,92,98,34,132,224
01/12/2023,OLM,WA,ANM,WE,Federal Contract Tower,0,1,11,2,14,0,0,10,0,10,0,1,21,2,24,20,0,20,44
01/13/2023,OLM,WA,ANM,WE,Federal Contract Tower,0,2,4,0,6,0,4,20,0,24,0,6,24,0,30,16,0,16,46
01/14/2023,OLM,WA,ANM,WE,Federal Contract Tower,0,0,40,0,40,0,2,74,0,76,0,2,114,0,116,170,0,170,286
01/15/2023,OLM,WA,ANM,WE,Federal Contract Tower,0,3,4,0,7,0,0,5,0,5,0,3,9,0,12,30,0,30,42
01/16/2023,OLM,WA,ANM,WE,Federal Contract Tower,0,0,20,0,20,0,3,71,0,74,0,3,91,0,94,150,0,150,244
01/17/2023,OLM,WA,ANM,WE,Federal Contract Tower,0,4,22,4,30,0,0,13,4,17,0,4,35,8,47,18,10,28,75
01/18/2023,OLM,WA,ANM,WE,Federal Contract Tower,0,0,8,4,12,0,2,23,8,33,0,2,31,12,45,14,36,50,95
01/19/2023,OLM,WA,ANM,WE,Federal Contract Tower,0,2,10,2,14,0,0,21,0,21,0,2,31,2,35,44,18,62,97
01/20/2023,OLM,WA,ANM,WE,Federal Contract Tower,0,0,12,0,12,0,1,17,0,18,0,1,29,0,30,20,2,22,52
01/21/2023,OLM,WA,ANM,WE,Federal Contract Tower,0,0,1,1,2,0,0,1,0,1,0,0,2,1,3,6,0,6,9
01/22/2023,OLM,WA,ANM,WE,Federal Contract Tower,0,0,7,0,7,0,3,32,0,35,0,3,39,0,42,92,0,92,134
01/23/2023,OLM,WA,ANM,WE,Federal Contract Tower,0,1,28,0,29,0,2,60,0,62,0,3,88,0,91,64,0,64,155
01/24/2023,OLM,WA,ANM,WE,Federal Contract Tower,0,8,15,8,31,0,0,20,0,20,0,8,35,8,51,106,0,106,157
01/25/2023,OLM,WA,ANM,WE,Federal Contract Tower,0,2,19,4,25,0,0,35,0,35,0,2,54,4,60,80,36,116,176
01/26/2023,OLM,WA,ANM,WE,Federal Contract Tower,0,2,47,0,49,0,2,32,1,35,0,4,79,1,84,88,0,88,172
01/27/2023,OLM,WA,ANM,WE,Federal Contract Tower,0,0,18,2,20,0,2,30,0,32,0,2,48,2,52,42,2,44,96
01/28/2023,OLM,WA,ANM,WE,Federal Contract Tower,0,0,15,4,19,0,3,38,0,41,0,3,53,4,60,56,0,56,116
01/29/2023,OLM,WA,ANM,WE,Federal Contract Tower,0,0,20,0,20,0,2,75,1,78,0,2,95,1,98,80,4,84,182
01/30/2023,OLM,WA,ANM,WE,Federal Contract Tower,0,0,55,6,61,0,4,79,0,83,0,4,134,6,144,124,2,126,270
01/31/2023,OLM,WA,ANM,WE,Federal Contract Tower,0,0,20,4,24,0,1,57,0,58,0,1,77,4,82,52,0,52,134
02/02/2023,OLM,WA,ANM,WE,Federal Contract Tower,0,0,35,4,39,0,6,76,0,82,0,6,111,4,121,108,0,108,229
02/03/2023,OLM,WA,ANM,WE,Federal Contract Tower,0,0,1,2,3,0,3,3,0,6,0,3,4,2,9,14,0,14,23
02/04/2023,OLM,WA,ANM,WE,Federal Contract Tower,0,2,23,0,25,0,1,32,0,33,0,3,55,0,58,74,2,76,134
02/05/2023,OLM,WA,ANM,WE,Federal Contract Tower,0,1,8,0,9,0,0,9,0,9,0,1,17,0,18,30,0,30,48
02/06/2023,OLM,WA,ANM,WE,Federal Contract Tower,0,3,7,0,10,0,2,8,0,10,0,5,15,0,20,18,0,18,38
02/07/2023,OLM,WA,ANM,WE,Federal Contract Tower,0,1,1,0,2,0,0,6,0,6,0,1,7,0,8,0,18,18,26
02/08/2023,OLM,WA,ANM,WE,Federal Contract Tower,0,4,28,0,32,0,4,85,6,95,0,8,113,6,127,124,2,126,253
02/09/2023,OLM,WA,ANM,WE,Federal Contract Tower,0,3,17,4,24,0,2,88,0,90,0,5,105,4,114,206,10,216,330
02/10/2023,OLM,WA,ANM,WE,Federal Contract Tower,0,0,19,0,19,0,0,37,2,39,0,0,56,2,58,46,0,46,104
02/11/2023,OLM,WA,ANM,WE,Federal Contract Tower,0,1,39,0,40,0,0,56,1,57,0,1,95,1,97,74,0,74,171
02/12/2023,OLM,WA,ANM,WE,Federal Contract Tower,0,0,22,0,22,0,3,44,1,48,0,3,66,1,70,34,0,34,104
02/13/2023,OLM,WA,ANM,WE,Federal Contract Tower,0,0,2,0,2,0,4,10,0,14,0,4,12,0,16,4,12,16,32
02/14/2023,OLM,WA,ANM,WE,Federal Contract Tower,0,0,19,4,23,0,3,66,0,69,0,3,85,4,92,62,0,62,154
02/15/2023,OLM,WA,ANM,WE,Federal Contract Tower,0,4,37,18,59,0,2,100,0,102,0,6,137,18,161,92,0,92,253
02/16/2023,OLM,WA,ANM,WE,Federal Contract Tower,0,1,26,7,34,0,1,95,2,98,0,2,121,9,132,160,14,174,306
02/17/2023,OLM,WA,ANM,WE,Federal Contract Tower,0,2,13,0,15,0,2,38,1,41,0,4,51,1,56,102,0,102,158
02/18/2023,OLM,WA,ANM,WE,Federal Contract Tower,0,6,1,0,7,0,0,7,0,7,0,6,8,0,14,2,0,2,16
02/19/2023,OLM,WA,ANM,WE,Federal Contract Tower,0,0,10,0,10,0,2,10,0,12,0,2,20,0,22,22,0,22,44
02/20/2023,OLM,WA,ANM,WE,Federal Contract Tower,0,0,1,0,1,0,1,3,1,5,0,1,4,1,6,0,8,8,14
02/21/2023,OLM,WA,ANM,WE,Federal Contract Tower,0,2,5,4,11,0,7,21,0,28,0,9,26,4,39,30,12,42,81
02/22/2023,OLM,WA,ANM,WE,Federal Contract Tower,0,3,4,0,7,0,0,10,0,10,0,3,14,0,17,16,0,16,33
02/23/2023,OLM,WA,ANM,WE,Federal Contract Tower,0,2,21,3,26,0,2,69,3,74,0,4,90,6,100,110,14,124,224
02/24/2023,OLM,WA,ANM,WE,Federal Contract Tower,0,0,47,0,47,0,2,83,0,85,0,2,130,0,132,84,2,86,218
02/25/2023,OLM,WA,ANM,WE,Federal Contract Tower,0,0,32,0,32,0,0,64,1,65,0,0,96,1,97,126,0,126,223
02/26/2023,OLM,WA,ANM,WE,Federal Contract Tower,0,0,2,0,2,0,2,18,0,20,0,2,20,0,22,14,0,14,36
02/27/2023,OLM,WA,ANM,WE,Federal Contract Tower,0,0,1,4,5,0,4,19,3,26,0,4,20,7,31,26,46,72,103
02/28/2023,OLM,WA,ANM,WE,Federal Contract Tower,0,2,4,2,8,0,1,33,2,36,0,3,37,4,44,218,20,238,282
03/01/2023,OLM,WA,ANM,WE,Federal Contract Tower,0,1,27,4,32,0,2,45,0,47,0,3,72,4,79,188,4,192,271
03/02/2023,OLM,WA,ANM,WE,Federal Contract Tower,0,3,1,0,4,0,0,9,2,11,0,3,10,2,15,74,0,74,89
03/03/2023,OLM,WA,ANM,WE,Federal Contract Tower,0,0,8,0,8,0,4,8,0,12,0,4,16,0,20,32,0,32,52
03/04/2023,OLM,WA,ANM,WE,Federal Contract Tower,0,0,2,0,2,0,1,8,0,9,0,1,10,0,11,38,0,38,49
03/05/2023,OLM,WA,ANM,WE,Federal Contract Tower,0,0,23,0,23,0,4,64,2,70,0,4,87,2,93,80,0,80,173
03/06/2023,OLM,WA,ANM,WE,Federal Contract Tower,0,4,17,9,30,0,5,51,0,56,0,9,68,9,86,136,0,136,222
03/07/2023,OLM,WA,ANM,WE,Federal Contract Tower,0,0,8,6,14,0,2,53,2,57,0,2,61,8,71,85,2,87,158
03/08/2023,OLM,WA,ANM,WE,Federal Contract Tower,0,0,20,2,22,0,0,33,0,33,0,0,53,2,55,44,2,46,101
03/09/2023,OLM,WA,ANM,WE,Federal Contract Tower,0,0,16,0,16,0,0,34,0,34,0,0,50,0,50,66,0,66,116
03/10/2023,OLM,WA,ANM,WE,Federal Contract Tower,0,1,17,0,18,0,0,44,3,47,0,1,61,3,65,78,0,78,143
03/11/2023,OLM,WA,ANM,WE,Federal Contract Tower,0,0,33,0,33,0,0,48,0,48,0,0,81,0,81,72,0,72,153
03/12/2023,OLM,WA,ANM,WE,Federal Contract Tower,0,0,5,0,5,0,0,7,0,7,0,0,12,0,12,0,0,0,12
03/13/2023,OLM,WA,ANM,WE,Federal Contract Tower,0,2,5,0,7,0,2,16,0,18,0,4,21,0,25,26,0,26,51
03/14/2023,OLM,WA,ANM,WE,Federal Contract Tower,0,1,43,6,50,0,3,73,0,76,0,4,116,6,126,128,0,128,254
03/15/2023,OLM,WA,ANM,WE,Federal Contract Tower,0,4,30,4,38,0,5,53,0,58,0,9,83,4,96,146,0,146,242
03/16/2023,OLM,WA,ANM,WE,Federal Contract Tower,0,2,27,8,37,0,7,91,2,100,0,9,118,10,137,150,12,162,299
03/17/2023,OLM,WA,ANM,WE,Federal Contract Tower,0,1,41,4,46,0,4,100,2,106,0,5,141,6,152,128,0,128,280
03/18/2023,OLM,WA,ANM,WE,Federal Contract Tower,0,5,22,0,27,0,4,72,0,76,0,9,94,0,103,118,0,118,221
03/19/2023,OLM,WA,ANM,WE,Federal Contract Tower,0,1,20,0,21,0,2,57,0,59,0,3,77,0,80,144,0,144,224
03/20/2023,OLM,WA,ANM,WE,Federal Contract Tower,0,2,9,2,13,0,2,44,0,46,0,4,53,2,59,30,0,30,89
03/21/2023,OLM,WA,ANM,WE,Federal Contract Tower,0,2,15,0,17,0,2,72,0,74,0,4,87,0,91,70,0,70,161
03/22/2023,OLM,WA,ANM,WE,Federal Contract Tower,0,3,22,0,25,0,0,60,0,60,0,3,82,0,85,218,0,218,303
03/23/2023,OLM,WA,ANM,WE,Federal Contract Tower,0,2,5,0,7,0,1,19,0,20,0,3,24,0,27,84,0,84,111
03/24/2023,OLM,WA,ANM,WE,Federal Contract Tower,0,1,11,0,12,0,0,5,0,5,0,1,16,0,17,4,6,10,27
03/25/2023,OLM,WA,ANM,WE,Federal Contract Tower,0,1,21,0,22,0,0,25,0,25,0,1,46,0,47,92,0,92,139
03/26/2023,OLM,WA,ANM,WE,Federal Contract Tower,0,0,13,0,13,0,0,22,0,22,0,0,35,0,35,90,0,90,125
03/27/2023,OLM,WA,ANM,WE,Federal Contract Tower,0,3,28,0,31,0,1,56,2,59,0,4,84,2,90,104,0,104,194
03/28/2023,OLM,WA,ANM,WE,Federal Contract Tower,0,5,11,3,19,0,4,67,0,71,0,9,78,3,90,106,4,110,200
03/29/2023,OLM,WA,ANM,WE,Federal Contract Tower,0,6,33,0,39,0,1,106,0,107,0,7,139,0,146,94,0,94,240
03/30/2023,OLM,WA,ANM,WE,Federal Contract Tower,0,1,25,0,26,0,2,47,0,49,0,3,72,0,75,72,12,84,159
03/31/2023,OLM,WA,ANM,WE,Federal Contract Tower,0,0,0,0,0,0,2,10,0,12,0,2,10,0,12,4,6,10,22
04/01/2023,OLM,WA,ANM,WE,Federal Contract Tower,0,0,0,0,0,0,1,12,0,13,0,1,12,0,13,24,0,24,37
04/02/2023,OLM,WA,ANM,WE,Federal Contract Tower,0,0,3,0,3,0,4,10,0,14,0,4,13,0,17,10,0,10,27
04/03/2023,OLM,WA,ANM,WE,Federal Contract Tower,0,0,9,0,9,0,0,28,0,28,0,0,37,0,37,24,0,24,61
04/04/2023,OLM,WA,ANM,WE,Federal Contract Tower,0,2,29,2,33,0,3,61,4,68,0,5,90,6,101,220,2,222,323
04/05/2023,OLM,WA,ANM,WE,Federal Contract Tower,0,2,56,4,62,0,2,55,0,57,0,4,111,4,119,146,0,146,265
04/06/2023,OLM,WA,ANM,WE,Federal Contract Tower,0,0,11,0,11,0,0,11,0,11,0,0,22,0,22,20,0,20,42
04/07/2023,OLM,WA,ANM,WE,Federal Contract Tower,0,1,25,0,26,0,4,19,0,23,0,5,44,0,49,32,0,32,81
04/08/2023,OLM,WA,ANM,WE,Federal Contract Tower,0,3,16,0,19,0,2,17,0,19,0,5,33,0,38,26,0,26,64
04/09/2023,OLM,WA,ANM,WE,Federal Contract Tower,0,1,4,0,5,0,0,6,0,6,0,1,10,0,11,32,0,32,43
04/10/2023,OLM,WA,ANM,WE,Federal Contract Tower,0,2,12,0,14,0,1,12,0,13,0,3,24,0,27,44,0,44,71
04/11/2023,OLM,WA,ANM,WE,Federal Contract Tower,0,2,9,4,15,0,0,34,0,34,0,2,43,4,49,58,0,58,107
04/12/2023,OLM,WA,ANM,WE,Federal Contract Tower,0,4,31,3,38,0,2,76,0,78,0,6,107,3,116,58,2,60,176
04/13/2023,OLM,WA,ANM,WE,Federal Contract Tower,0,0,18,4,22,0,1,61,0,62,0,1,79,4,84,120,0,120,204
04/14/2023,OLM,WA,ANM,WE,Federal Contract Tower,0,2,30,0,32,0,2,87,0,89,0,4,117,0,121,100,4,104,225
04/15/2023,OLM,WA,ANM,WE,Federal Contract Tower,0,1,32,0,33,0,2,60,1,63,0,3,92,1,96,136,0,136,232
04/16/2023,OLM,WA,ANM,WE,Federal Contract Tower,0,0,3,0,3,0,3,14,0,17,0,3,17,0,20,48,0,48,68
04/17/2023,OLM,WA,ANM,WE,Federal Contract Tower,0,0,13,0,13,0,2,18,0,20,0,2,31,0,33,22,0,22,55
04/18/2023,OLM,WA,ANM,WE,Federal Contract Tower,0,1,1,0,2,0,0,20,0,20,0,1,21,0,22,16,0,16,38
04/19/2023,OLM,WA,ANM,WE,Federal Contract Tower,0,2,10,0,12,0,2,43,0,45,0,4,53,0,57,20,2,22,79
04/20/2023,OLM,WA,ANM,WE,Federal Contract Tower,0,0,10,0,10,0,0,23,0,23,0,0,33,0,33,70,0,70,103
04/21/2023,OLM,WA,ANM,WE,Federal Contract Tower,0,2,31,0,33,0,0,82,2,84,0,2,113,2,117,184,0,184,301
04/22/2023,OLM,WA,ANM,WE,Federal Contract Tower,0,0,22,0,22,0,0,25,0,25,0,0,47,0,47,44,0,44,91
04/23/2023,OLM,WA,ANM,WE,Federal Contract Tower,0,0,26,1,27,0,0,35,0,35,0,0,61,1,62,48,0,48,110
04/24/2023,OLM,WA,ANM,WE,Federal Contract Tower,0,2,14,2,18,0,2,60,1,63,0,4,74,3,81,139,0,139,220
04/25/2023,OLM,WA,ANM,WE,Federal Contract Tower,0,0,34,4,38,0,1,65,0,66,0,1,99,4,104,198,0,198,302
04/26/2023,OLM,WA,ANM,WE,Federal Contract Tower,0,0,34,0,34,0,1,115,0,116,0,1,149,0,150,174,0,174,324
04/27/2023,OLM,WA,ANM,WE,Federal Contract Tower,0,9,49,2,60,0,5,123,2,130,0,14,172,4,190,184,16,200,390
04/28/2023,OLM,WA,ANM,WE,Federal Contract Tower,0,1,28,0,29,0,0,95,3,98,0,1,123,3,127,192,0,192,319
04/29/2023,OLM,WA,ANM,WE,Federal Contract Tower,0,4,16,0,20,0,0,92,0,92,0,4,108,0,112,118,0,118,230
04/30/2023,OLM,WA,ANM,WE,Federal Contract Tower,0,2,10,0,12,0,0,41,0,41,0,2,51,0,53,84,6,90,143
05/01/2023,OLM,WA,ANM,WE,Federal Contract Tower,0,3,17,0,20,0,3,53,0,56,0,6,70,0,76,276,0,276,352
05/02/2023,OLM,WA,ANM,WE,Federal Contract Tower,0,5,35,0,40,0,1,84,0,85,0,6,119,0,125,200,0,200,325
05/03/2023,OLM,WA,ANM,WE,Federal Contract Tower,0,2,26,0,28,0,3,91,0,94,0,5,117,0,122,158,0,158,280
05/04/2023,OLM,WA,ANM,WE,Federal Contract Tower,0,0,11,0,11,0,2,9,0,11,0,2,20,0,22,8,0,8,30
05/05/2023,OLM,WA,ANM,WE,Federal Contract Tower,0,1,17,2,20,0,2,11,0,13,0,3,28,2,33,12,0,12,45
05/06/2023,OLM,WA,ANM,WE,Federal Contract Tower,0,0,14,0,14,0,1,48,0,49,0,1,62,0,63,170,0,170,233
05/07/2023,OLM,WA,ANM,WE,Federal Contract Tower,0,2,26,0,28,0,4,46,0,50,0,6,72,0,78,54,0,54,132
05/08/2023,OLM,WA,ANM,WE,Federal Contract Tower,0,2,12,0,14,0,5,78,0,83,0,7,90,0,97,158,0,158,255
05/09/2023,OLM,WA,ANM,WE,Federal Contract Tower,0,2,40,0,42,0,2,93,0,95,0,4,133,0,137,256,0,256,393
05/10/2023,OLM,WA,ANM,WE,Federal Contract Tower,0,4,33,8,45,0,3,126,0,129,0,7,159,8,174,266,0,266,440
05/11/2023,OLM,WA,ANM,WE,Federal Contract Tower,0,2,36,6,44,0,2,127,2,131,0,4,163,8,175,226,0,226,401
05/12/2023,OLM,WA,ANM,WE,Federal Contract Tower,0,0,17,0,17,0,4,81,0,85,0,4,98,0,102,184,0,184,286
05/13/2023,OLM,WA,ANM,WE,Federal Contract Tower,0,2,28,0,30,0,0,87,0,87,0,2,115,0,117,76,0,76,193
05/14/2023,OLM,WA,ANM,WE,Federal Contract Tower,0,0,10,0,10,0,6,42,0,48,0,6,52,0,58,36,0,36,94
05/15/2023,OLM,WA,ANM,WE,Federal Contract Tower,0,0,19,2,21,0,4,61,0,65,0,4,80,2,86,154,0,154,240
05/16/2023,OLM,WA,ANM,WE,Federal Contract Tower,0,1,25,2,28,0,0,70,0,70,0,1,95,2,98,158,0,158,256
05/17/2023,OLM,WA,ANM,WE,Federal Contract Tower,0,2,22,0,24,0,2,77,0,79,0,4,99,0,103,168,0,168,271
05/18/2023,OLM,WA,ANM,WE,Federal Contract Tower,0,8,13,2,23,0,1,79,0,80,0,9,92,2,103,228,0,228,331
05/19/2023,OLM,WA,ANM,WE,Federal Contract Tower,0,2,23,2,27,0,2,69,0,71,0,4,92,2,98,148,0,148,246
05/20/2023,OLM,WA,ANM,WE,Federal Contract Tower,0,1,16,0,17,0,0,75,0,75,0,1,91,0,92,180,0,180,272
05/21/2023,OLM,WA,ANM,WE,Federal Contract Tower,0,0,15,1,16,0,2,34,0,36,0,2,49,1,52,110,0,110,162
05/22/2023,OLM,WA,ANM,WE,Federal Contract Tower,0,0,13,0,13,0,4,46,0,50,0,4,59,0,63,82,0,82,145
05/23/2023,OLM,WA,ANM,WE,Federal Contract Tower,0,0,32,2,34,0,2,95,0,97,0,2,127,2,131,196,0,196,327
05/25/2023,OLM,WA,ANM,WE,Federal Contract Tower,0,2,17,0,19,0,2,142,0,144,0,4,159,0,163,192,1,193,356
05/26/2023,OLM,WA,ANM,WE,Federal Contract Tower,0,4,24,0,28,0,2,93,0,95,0,6,117,0,123,116,0,116,239
05/27/2023,OLM,WA,ANM,WE,Federal Contract Tower,0,0,30,0,30,0,2,67,0,69,0,2,97,0,99,112,0,112,211
05/28/2023,OLM,WA,ANM,WE,Federal Contract Tower,0,0,18,0,18,0,1,42,0,43,0,1,60,0,61,106,0,106,167
05/29/2023,OLM,WA,ANM,WE,Federal Contract Tower,0,2,25,0,27,0,3,23,1,27,0,5,48,1,54,54,0,54,108
05/30/2023,OLM,WA,ANM,WE,Federal Contract Tower,0,2,31,0,33,0,1,86,0,87,0,3,117,0,120,128,0,128,248
05/31/2023,OLM,WA,ANM,WE,Federal Contract Tower,0,3,25,3,31,0,0,76,0,76,0,3,101,3,107,134,0,134,241
06/01/2023,OLM,WA,ANM,WE,Federal Contract Tower,0,3,28,0,31,0,2,103,1,106,0,5,131,1,137,144,0,144,281
06/02/2023,OLM,WA,ANM,WE,Federal Contract Tower,0,0,28,0,28,0,0,94,0,94,0,0,122,0,122,150,0,150,272
06/03/2023,OLM,WA,ANM,WE,Federal Contract Tower,0,0,17,0,17,0,7,65,0,72,0,7,82,0,89,80,0,80,169
06/04/2023,OLM,WA,ANM,WE,Federal Contract Tower,0,2,12,0,14,0,1,57,0,58,0,3,69,0,72,92,0,92,164
06/05/2023,OLM,WA,ANM,WE,Federal Contract Tower,0,0,13,0,13,0,2,75,0,77,0,2,88,0,90,82,0,82,172
06/06/2023,OLM,WA,ANM,WE,Federal Contract Tower,0,0,25,4,29,0,2,90,1,93,0,2,115,5,122,96,0,96,218
06/07/2023,OLM,WA,ANM,WE,Federal Contract Tower,0,0,47,0,47,0,3,102,0,105,0,3,149,0,152,108,0,108,260
06/08/2023,OLM,WA,ANM,WE,Federal Contract Tower,0,4,46,5,55,0,4,85,0,89,0,8,131,5,144,158,0,158,302
06/09/2023,OLM,WA,ANM,WE,Federal Contract Tower,0,3,38,0,41,0,0,7,0,7,0,3,45,0,48,56,0,56,104
06/10/2023,OLM,WA,ANM,WE,Federal Contract Tower,0,0,36,0,36,0,1,12,0,13,0,1,48,0,49,72,0,72,121
06/11/2023,OLM,WA,ANM,WE,Federal Contract Tower,0,3,34,0,37,0,3,41,0,44,0,6,75,0,81,144,0,144,225
06/12/2023,OLM,WA,ANM,WE,Federal Contract Tower,0,1,46,0,47,0,2,94,0,96,0,3,140,0,143,158,0,158,301
06/13/2023,OLM,WA,ANM,WE,Federal Contract Tower,0,4,6,5,15,0,4,20,0,24,0,8,26,5,39,32,10,42,81
06/14/2023,OLM,WA,ANM,WE,Federal Contract Tower,0,9,28,2,39,0,2,84,1,87,0,11,112,3,126,152,8,160,286
06/15/2023,OLM,WA,ANM,WE,Federal Contract Tower,0,4,24,4,32,0,2,110,0,112,0,6,134,4,144,234,0,234,378
06/16/2023,OLM,WA,ANM,WE,Federal Contract Tower,0,1,17,0,18,0,1,52,0,53,0,2,69,0,71,88,0,88,159
06/17/2023,OLM,WA,ANM,WE,Federal Contract Tower,0,1,3,0,4,0,1,75,0,76,0,2,78,0,80,8,0,8,88
06/18/2023,OLM,WA,ANM,WE,Federal Contract Tower,0,0,3,0,3,0,2,24,0,26,0,2,27,0,29,6,0,6,35
06/19/2023,OLM,WA,ANM,WE,Federal Contract Tower,0,2,26,0,28,0,1,63,0,64,0,3,89,0,92,168,0,168,260
06/20/2023,OLM,WA,ANM,WE,Federal Contract Tower,0,8,38,1,47,0,4,43,3,50,0,12,81,4,97,196,2,198,295
06/21/2023,OLM,WA,ANM,WE,Federal Contract Tower,0,4,42,2,48,0,3,93,0,96,0,7,135,2,144,150,4,154,298
06/22/2023,OLM,WA,ANM,WE,Federal Contract Tower,0,2,19,2,23,0,1,76,0,77,0,3,95,2,100,208,2,210,310
06/23/2023,OLM,WA,ANM,WE,Federal Contract Tower,0,0,25,0,25,0,6,117,0,123,0,6,142,0,148,114,0,114,262
06/24/2023,OLM,WA,ANM,WE,Federal Contract Tower,0,3,4,0,7,0,2,52,0,54,0,5,56,0,61,112,0,112,173
06/25/2023,OLM,WA,ANM,WE,Federal Contract Tower,0,0,29,0,29,0,3,87,0,90,0,3,116,0,119,116,0,116,235
06/26/2023,OLM,WA,ANM,WE,Federal Contract Tower,0,0,17,0,17,0,5,50,0,55,0,5,67,0,72,122,0,122,194
06/27/2023,OLM,WA,ANM,WE,Federal Contract Tower,0,2,26,0,28,0,7,49,0,56,0,9,75,0,84,171,0,171,255
06/28/2023,OLM,WA,ANM,WE,Federal Contract Tower,0,2,23,0,25,0,9,61,0,70,0,11,84,0,95,188,0,188,283
06/29/2023,OLM,WA,ANM,WE,Federal Contract Tower,0,3,45,2,50,0,11,90,0,101,0,14,135,2,151,160,16,176,327
06/30/2023,OLM,WA,ANM,WE,Federal Contract Tower,0,0,32,0,32,0,8,55,0,63,0,8,87,0,95,134,0,134,229
07/01/2023,OLM,WA,ANM,WE,Federal Contract Tower,0,2,29,0,31,0,0,73,0,73,0,2,102,0,104,100,0,100,204
07/02/2023,OLM,WA,ANM,WE,Federal Contract Tower,0,1,33,0,34,0,0,66,0,66,0,1,99,0,100,52,0,52,152
07/03/2023,OLM,WA,ANM,WE,Federal Contract Tower,0,1,16,1,18,0,5,65,0,70,0,6,81,1,88,120,0,120,208
07/04/2023,OLM,WA,ANM,WE,Federal Contract Tower,0,2,6,0,8,0,3,9,0,12,0,5,15,0,20,31,0,31,51
07/05/2023,OLM,WA,ANM,WE,Federal Contract Tower,0,2,33,2,37,0,4,71,0,75,0,6,104,2,112,56,0,56,168
07/06/2023,OLM,WA,ANM,WE,Federal Contract Tower,0,1,36,0,37,0,8,101,0,109,0,9,137,0,146,154,0,154,300
07/07/2023,OLM,WA,ANM,WE,Federal Contract Tower,0,0,30,2,32,0,0,50,2,52,0,0,80,4,84,98,22,120,204
07/08/2023,OLM,WA,ANM,WE,Federal Contract Tower,0,4,21,4,29,0,1,78,1,80,0,5,99,5,109,140,0,140,249
07/09/2023,OLM,WA,ANM,WE,Federal Contract Tower,0,3,16,2,21,0,1,95,0,96,0,4,111,2,117,118,0,118,235
07/10/2023,OLM,WA,ANM,WE,Federal Contract Tower,0,2,27,4,33,0,1,43,0,44,0,3,70,4,77,138,0,138,215
07/11/2023,OLM,WA,ANM,WE,Federal Contract Tower,0,4,58,0,62,0,2,92,2,96,0,6,150,2,158,136,0,136,294
07/12/2023,OLM,WA,ANM,WE,Federal Contract Tower,0,5,46,1,52,0,2,64,0,66,0,7,110,1,118,94,0,94,212
07/13/2023,OLM,WA,ANM,WE,Federal Contract Tower,0,0,46,0,46,0,2,90,2,94,0,2,136,2,140,178,0,178,318
07/14/2023,OLM,WA,ANM,WE,Federal Contract Tower,0,4,36,0,40,0,2,112,0,114,0,6,148,0,154,116,4,120,274
07/15/2023,OLM,WA,ANM,WE,Federal Contract Tower,0,3,20,0,23,0,2,60,0,62,0,5,80,0,85,106,0,106,191
07/16/2023,OLM,WA,ANM,WE,Federal Contract Tower,0,0,31,0,31,0,6,68,0,74,0,6,99,0,105,88,0,88,193
07/17/2023,OLM,WA,ANM,WE,Federal Contract Tower,0,1,17,2,20,0,2,49,1,52,0,3,66,3,72,30,0,30,102
07/18/2023,OLM,WA,ANM,WE,Federal Contract Tower,0,2,46,0,48,0,2,104,0,106,0,4,150,0,154,112,0,112,266
07/19/2023,OLM,WA,ANM,WE,Federal Contract Tower,0,2,35,2,39,0,3,84,0,87,0,5,119,2,126,62,0,62,188
07/20/2023,OLM,WA,ANM,WE,Federal Contract Tower,0,0,37,0,37,0,1,86,0,87,0,1,123,0,124,94,2,96,220
07/21/2023,OLM,WA,ANM,WE,Federal Contract Tower,0,0,28,1,29,0,0,71,1,72,0,0,99,2,101,116,0,116,217
07/22/2023,OLM,WA,ANM,WE,Federal Contract Tower,0,0,12,0,12,0,7,122,0,129,0,7,134,0,141,160,0,160,301
07/23/2023,OLM,WA,ANM,WE,Federal Contract Tower,0,1,13,0,14,0,3,102,0,105,0,4,115,0,119,172,0,172,291
07/24/2023,OLM,WA,ANM,WE,Federal Contract Tower,0,1,27,0,28,0,0,41,0,41,0,1,68,0,69,44,8,52,121
07/25/2023,OLM,WA,ANM,WE,Federal Contract Tower,0,1,33,2,36,0,0,87,2,89,0,1,120,4,125,184,2,186,311
07/26/2023,OLM,WA,ANM,WE,Federal Contract Tower,0,1,26,0,27,0,1,112,0,113,0,2,138,0,140,156,0,156,296
07/27/2023,OLM,WA,ANM,WE,Federal Contract Tower,0,1,30,0,31,0,1,116,0,117,0,2,146,0,148,140,2,142,290
07/28/2023,OLM,WA,ANM,WE,Federal Contract Tower,0,1,51,6,58,0,2,73,2,77,0,3,124,8,135,96,10,106,241
07/29/2023,OLM,WA,ANM,WE,Federal Contract Tower,0,0,21,0,21,0,4,65,2,71,0,4,86,2,92,64,0,64,156
07/30/2023,OLM,WA,ANM,WE,Federal Contract Tower,0,0,23,0,23,0,0,51,0,51,0,0,74,0,74,102,0,102,176
07/31/2023,OLM,WA,ANM,WE,Federal Contract Tower,0,5,32,0,37,0,1,109,0,110,0,6,141,0,147,156,0,156,303
08/01/2023,OLM,WA,ANM,WE,Federal Contract Tower,0,2,20,2,24,0,1,107,0,108,0,3,127,2,132,140,2,142,274
08/02/2023,OLM,WA,ANM,WE,Federal Contract Tower,0,0,36,1,37,0,2,114,0,116,0,2,150,1,153,78,0,78,231
08/03/2023,OLM,WA,ANM,WE,Federal Contract Tower,0,4,40,1,45,0,0,103,0,103,0,4,143,1,148,160,0,160,308
08/04/2023,OLM,WA,ANM,WE,Federal Contract Tower,0,4,38,3,45,0,3,90,0,93,0,7,128,3,138,130,0,130,268
08/05/2023,OLM,WA,ANM,WE,Federal Contract Tower,0,0,12,0,12,0,4,67,6,77,0,4,79,6,89,196,0,196,285
08/06/2023,OLM,WA,ANM,WE,Federal Contract Tower,0,0,15,0,15,0,2,48,1,51,0,2,63,1,66,90,4,94,160
08/07/2023,OLM,WA,ANM,WE,Federal Contract Tower,0,1,39,0,40,0,1,76,0,77,0,2,115,0,117,64,2,66,183
08/08/2023,OLM,WA,ANM,WE,Federal Contract Tower,0,3,29,1,33,0,2,64,2,68,0,5,93,3,101,106,0,106,207
08/09/2023,OLM,WA,ANM,WE,Federal Contract Tower,0,0,33,2,35,0,0,67,0,67,0,0,100,2,102,34,0,34,136
08/10/2023,OLM,WA,ANM,WE,Federal Contract Tower,0,5,32,7,44,0,4,61,0,65,0,9,93,7,109,138,0,138,247
08/12/2023,OLM,WA,ANM,WE,Federal Contract Tower,0,0,30,1,31,0,2,82,0,84,0,2,112,1,115,68,0,68,183
08/13/2023,OLM,WA,ANM,WE,Federal Contract Tower,0,0,17,1,18,0,1,83,0,84,0,1,100,1,102,64,0,64,166
08/14/2023,OLM,WA,ANM,WE,Federal Contract Tower,0,1,29,2,32,0,4,59,2,65,0,5,88,4,97,38,0,38,135
08/15/2023,OLM,WA,ANM,WE,Federal Contract Tower,0,4,25,2,31,0,5,89,1,95,0,9,114,3,126,80,0,80,206
08/16/2023,OLM,WA,ANM,WE,Federal Contract Tower,0,1,38,4,43,0,2,66,0,68,0,3,104,4,111,136,0,136,247
08/17/2023,OLM,WA,ANM,WE,Federal Contract Tower,0,6,48,8,62,0,2,101,2,105,0,8,149,10,167,118,0,118,285
08/18/2023,OLM,WA,ANM,WE,Federal Contract Tower,0,0,23,0,23,0,1,74,1,76,0,1,97,1,99,80,2,82,181
08/19/2023,OLM,WA,ANM,WE,Federal Contract Tower,0,0,7,0,7,0,3,89,0,92,0,3,96,0,99,118,0,118,217
08/20/2023,OLM,WA,ANM,WE,Federal Contract Tower,0,0,21,0,21,0,1,60,0,61,0,1,81,0,82,88,0,88,170
08/21/2023,OLM,WA,ANM,WE,Federal Contract Tower,0,3,39,0,42,0,0,78,0,78,0,3,117,0,120,110,0,110,230
08/22/2023,OLM,WA,ANM,WE,Federal Contract Tower,0,2,26,4,32,0,1,66,1,68,0,3,92,5,100,118,2,120,220
08/23/2023,OLM,WA,ANM,WE,Federal Contract Tower,0,5,44,2,51,0,0,88,0,88,0,5,132,2,139,166,0,166,305
08/24/2023,OLM,WA,ANM,WE,Federal Contract Tower,0,6,32,4,42,0,4,78,0,82,0,10,110,4,124,168,0,168,292
08/25/2023,OLM,WA,ANM,WE,Federal Contract Tower,0,4,28,0,32,0,1,80,1,82,0,5,108,1,114,122,0,122,236
08/26/2023,OLM,WA,ANM,WE,Federal Contract Tower,0,0,10,0,10,0,7,123,7,137,0,7,133,7,147,186,0,186,333
08/27/2023,OLM,WA,ANM,WE,Federal Contract Tower,0,0,37,0,37,0,7,95,3,105,0,7,132,3,142,113,8,121,263
08/28/2023,OLM,WA,ANM,WE,Federal Contract Tower,0,1,17,0,18,0,1,58,1,60,0,2,75,1,78,46,10,56,134
08/29/2023,OLM,WA,ANM,WE,Federal Contract Tower,0,0,25,0,25,0,0,59,0,59,0,0,84,0,84,80,2,82,166
08/30/2023,OLM,WA,ANM,WE,Federal Contract Tower,0,2,44,0,46,0,3,72,0,75,0,5,116,0,121,54,0,54,175
08/31/2023,OLM,WA,ANM,WE,Federal Contract Tower,0,8,26,2,36,0,0,7,0,7,0,8,33,2,43,0,0,0,43
01/01/2020,OLM,WA,ANM,WE,Federal Contract Tower,0,0,5,0,5,0,0,16,0,16,0,0,21,0,21,24,0,24,45
01/02/2020,OLM,WA,ANM,WE,Federal Contract Tower,0,0,5,0,5,0,2,27,0,29,0,2,32,0,34,64,0,64,98
01/03/2020,OLM,WA,ANM,WE,Federal Contract Tower,0,0,18,0,18,0,2,86,0,88,0,2,104,0,106,126,0,126,232
01/04/2020,OLM,WA,ANM,WE,Federal Contract Tower,0,0,12,0,12,0,2,24,0,26,0,2,36,0,38,98,0,98,136
01/05/2020,OLM,WA,ANM,WE,Federal Contract Tower,0,3,1,0,4,0,2,4,0,6,0,5,5,0,10,0,0,0,10
01/06/2020,OLM,WA,ANM,WE,Federal Contract Tower,0,1,7,0,8,0,0,0,0,0,0,1,7,0,8,0,0,0,8
01/07/2020,OLM,WA,ANM,WE,Federal Contract Tower,0,2,6,8,16,0,0,11,1,12,0,2,17,9,28,42,2,44,72
01/08/2020,OLM,WA,ANM,WE,Federal Contract Tower,0,0,16,4,20,0,1,63,1,65,0,1,79,5,85,104,30,134,219
01/09/2020,OLM,WA,ANM,WE,Federal Contract Tower,0,3,4,0,7,0,0,2,0,2,0,3,6,0,9,0,0,0,9
01/10/2020,OLM,WA,ANM,WE,Federal Contract Tower,0,0,2,0,2,0,0,5,0,5,0,0,7,0,7,4,0,4,11
01/11/2020,OLM,WA,ANM,WE,Federal Contract Tower,0,0,0,0,0,0,3,8,0,11,0,3,8,0,11,14,0,14,25
01/12/2020,OLM,WA,ANM,WE,Federal Contract Tower,0,0,3,0,3,0,2,0,0,2,0,2,3,0,5,4,0,4,9
01/13/2020,OLM,WA,ANM,WE,Federal Contract Tower,0,0,1,0,1,0,0,30,7,37,0,0,31,7,38,142,26,168,206
01/14/2020,OLM,WA,ANM,WE,Federal Contract Tower,0,0,9,2,11,0,5,54,9,68,0,5,63,11,79,164,22,186,265
01/15/2020,OLM,WA,ANM,WE,Federal Contract Tower,0,0,5,0,5,0,0,41,0,41,0,0,46,0,46,54,0,54,100
01/16/2020,OLM,WA,ANM,WE,Federal Contract Tower,0,0,17,4,21,0,4,65,0,69,0,4,82,4,90,54,16,70,160
01/17/2020,OLM,WA,ANM,WE,Federal Contract Tower,0,0,4,0,4,0,1,14,0,15,0,1,18,0,19,20,0,20,39
01/18/2020,OLM,WA,ANM,WE,Federal Contract Tower,0,0,6,0,6,0,0,17,0,17,0,0,23,0,23,10,4,14,37
01/19/2020,OLM,WA,ANM,WE,Federal Contract Tower,0,4,22,0,26,0,3,12,0,15,0,7,34,0,41,12,0,12,53
01/20/2020,OLM,WA,ANM,WE,Federal Contract Tower,0,2,15,0,17,0,4,110,2,116,0,6,125,2,133,144,0,144,277
01/21/2020,OLM,WA,ANM,WE,Federal Contract Tower,0,0,8,4,12,0,4,14,0,18,0,4,22,4,30,4,0,4,34
01/22/2020,OLM,WA,ANM,WE,Federal Contract Tower,0,1,2,4,7,0,1,9,0,10,0,2,11,4,17,36,0,36,53
01/23/2020,OLM,WA,ANM,WE,Federal Contract Tower,0,0,19,2,21,0,2,5,0,7,0,2,24,2,28,8,32,40,68
01/24/2020,OLM,WA,ANM,WE,Federal Contract Tower,0,0,27,0,27,0,0,20,0,20,0,0,47,0,47,20,14,34,81
01/25/2020,OLM,WA,ANM,WE,Federal Contract Tower,0,0,31,0,31,0,1,37,0,38,0,1,68,0,69,130,0,130,199
01/26/2020,OLM,WA,ANM,WE,Federal Contract Tower,0,0,8,0,8,0,4,67,0,71,0,4,75,0,79,154,0,154,233
01/27/2020,OLM,WA,ANM,WE,Federal Contract Tower,0,1,6,0,7,0,1,49,0,50,0,2,55,0,57,110,0,110,167
01/28/2020,OLM,WA,ANM,WE,Federal Contract Tower,0,2,28,0,30,0,1,34,0,35,0,3,62,0,65,162,8,170,235
01/29/2020,OLM,WA,ANM,WE,Federal Contract Tower,0,1,10,0,11,0,2,2,2,6,0,3,12,2,17,6,6,12,29
01/30/2020,OLM,WA,ANM,WE,Federal Contract Tower,0,1,29,0,30,0,0,70,2,72,0,1,99,2,102,94,24,118,220
01/31/2020,OLM,WA,ANM,WE,Federal Contract Tower,0,4,18,0,22,0,2,10,0,12,0,6,28,0,34,6,0,6,40
02/01/2020,OLM,WA,ANM,WE,Federal Contract Tower,0,0,6,0,6,0,0,30,0,30,0,0,36,0,36,132,0,132,168
02/02/2020,OLM,WA,ANM,WE,Federal Contract Tower,0,0,9,0,9,0,0,52,0,52,0,0,61,0,61,82,0,82,143
02/03/2020,OLM,WA,ANM,WE,Federal Contract Tower,0,0,20,2,22,0,0,70,0,70,0,0,90,2,92,128,20,148,240
02/04/2020,OLM,WA,ANM,WE,Federal Contract Tower,0,2,8,0,10,0,3,17,2,22,0,5,25,2,32,54,0,54,86
02/05/2020,OLM,WA,ANM,WE,Federal Contract Tower,0,1,14,8,23,0,0,0,0,0,0,1,14,8,23,0,0,0,23
02/06/2020,OLM,WA,ANM,WE,Federal Contract Tower,0,2,9,0,11,0,1,0,0,1,0,3,9,0,12,0,0,0,12
02/07/2020,OLM,WA,ANM,WE,Federal Contract Tower,0,0,7,10,17,0,2,6,0,8,0,2,13,10,25,4,0,4,29
02/08/2020,OLM,WA,ANM,WE,Federal Contract Tower,0,0,2,0,2,0,3,38,5,46,0,3,40,5,48,134,0,134,182
02/09/2020,OLM,WA,ANM,WE,Federal Contract Tower,0,2,9,2,13,0,2,99,4,105,0,4,108,6,118,88,0,88,206
02/10/2020,OLM,WA,ANM,WE,Federal Contract Tower,0,2,21,0,23,0,0,102,2,104,0,2,123,2,127,92,2,94,221
02/11/2020,OLM,WA,ANM,WE,Federal Contract Tower,0,1,37,2,40,0,1,63,7,71,0,2,100,9,111,132,66,198,309
02/12/2020,OLM,WA,ANM,WE,Federal Contract Tower,0,1,28,4,33,0,1,48,1,50,0,2,76,5,83,82,20,102,185
02/13/2020,OLM,WA,ANM,WE,Federal Contract Tower,0,0,22,0,22,0,1,14,0,15,0,1,36,0,37,26,0,26,63
02/14/2020,OLM,WA,ANM,WE,Federal Contract Tower,0,0,30,0,30,0,2,71,0,73,0,2,101,0,103,120,0,120,223
02/15/2020,OLM,WA,ANM,WE,Federal Contract Tower,0,0,4,0,4,0,1,9,0,10,0,1,13,0,14,0,0,0,14
02/16/2020,OLM,WA,ANM,WE,Federal Contract Tower,0,2,12,0,14,0,2,28,0,30,0,4,40,0,44,84,0,84,128
02/17/2020,OLM,WA,ANM,WE,Federal Contract Tower,0,5,23,2,30,0,12,95,0,107,0,17,118,2,137,186,0,186,323
02/18/2020,OLM,WA,ANM,WE,Federal Contract Tower,0,0,21,0,21,0,2,79,2,83,0,2,100,2,104,142,6,148,252
02/19/2020,OLM,WA,ANM,WE,Federal Contract Tower,0,2,15,4,21,0,0,93,0,93,0,2,108,4,114,126,10,136,250
02/20/2020,OLM,WA,ANM,WE,Federal Contract Tower,0,1,49,4,54,0,2,107,0,109,0,3,156,4,163,224,4,228,391
02/21/2020,OLM,WA,ANM,WE,Federal Contract Tower,0,0,40,1,41,0,0,91,0,91,0,0,131,1,132,214,0,214,346
02/22/2020,OLM,WA,ANM,WE,Federal Contract Tower,0,0,13,0,13,0,1,32,0,33,0,1,45,0,46,60,0,60,106
02/23/2020,OLM,WA,ANM,WE,Federal Contract Tower,0,0,1,0,1,0,2,2,0,4,0,2,3,0,5,2,0,2,7
02/24/2020,OLM,WA,ANM,WE,Federal Contract Tower,0,0,19,4,23,0,0,57,4,61,0,0,76,8,84,96,2,98,182
02/25/2020,OLM,WA,ANM,WE,Federal Contract Tower,0,2,40,0,42,0,1,87,2,90,0,3,127,2,132,150,18,168,300
02/26/2020,OLM,WA,ANM,WE,Federal Contract Tower,0,0,17,0,17,0,4,43,2,49,0,4,60,2,66,108,14,122,188
02/27/2020,OLM,WA,ANM,WE,Federal Contract Tower,0,2,35,0,37,0,0,120,0,120,0,2,155,0,157,68,14,82,239
02/28/2020,OLM,WA,ANM,WE,Federal Contract Tower,0,1,22,4,27,0,2,11,0,13,0,3,33,4,40,50,0,50,90
02/29/2020,OLM,WA,ANM,WE,Federal Contract Tower,0,0,8,0,8,0,0,34,0,34,0,0,42,0,42,64,0,64,106
03/01/2020,OLM,WA,ANM,WE,Federal Contract Tower,0,1,20,0,21,0,0,54,6,60,0,1,74,6,81,10,0,10,91
03/02/2020,OLM,WA,ANM,WE,Federal Contract Tower,0,0,2,4,6,0,0,5,0,5,0,0,7,4,11,40,0,40,51
03/03/2020,OLM,WA,ANM,WE,Federal Contract Tower,0,1,26,0,27,0,0,18,4,22,0,1,44,4,49,58,6,64,113
03/04/2020,OLM,WA,ANM,WE,Federal Contract Tower,0,0,31,0,31,0,4,119,0,123,0,4,150,0,154,52,0,52,206
03/05/2020,OLM,WA,ANM,WE,Federal Contract Tower,0,0,21,2,23,0,1,57,2,60,0,1,78,4,83,108,0,108,191
03/06/2020,OLM,WA,ANM,WE,Federal Contract Tower,0,2,5,0,7,0,0,34,0,34,0,2,39,0,41,136,0,136,177
03/07/2020,OLM,WA,ANM,WE,Federal Contract Tower,0,0,0,0,0,0,0,7,0,7,0,0,7,0,7,6,0,6,13
03/08/2020,OLM,WA,ANM,WE,Federal Contract Tower,0,0,20,0,20,0,0,44,0,44,0,0,64,0,64,122,0,122,186
03/09/2020,OLM,WA,ANM,WE,Federal Contract Tower,0,0,34,2,36,0,2,99,0,101,0,2,133,2,137,174,0,174,311
03/10/2020,OLM,WA,ANM,WE,Federal Contract Tower,0,0,30,2,32,0,0,111,3,114,0,0,141,5,146,134,0,134,280
03/11/2020,OLM,WA,ANM,WE,Federal Contract Tower,0,0,51,0,51,0,0,109,0,109,0,0,160,0,160,140,2,142,302
03/12/2020,OLM,WA,ANM,WE,Federal Contract Tower,0,0,27,4,31,0,2,99,0,101,0,2,126,4,132,126,0,126,258
03/13/2020,OLM,WA,ANM,WE,Federal Contract Tower,0,1,3,0,4,0,0,0,0,0,0,1,3,0,4,0,0,0,4
03/14/2020,OLM,WA,ANM,WE,Federal Contract Tower,0,0,5,0,5,0,2,20,0,22,0,2,25,0,27,28,0,28,55
03/15/2020,OLM,WA,ANM,WE,Federal Contract Tower,0,0,12,0,12,0,0,55,4,59,0,0,67,4,71,42,0,42,113
03/16/2020,OLM,WA,ANM,WE,Federal Contract Tower,0,0,20,0,20,0,1,92,0,93,0,1,112,0,113,194,0,194,307
03/17/2020,OLM,WA,ANM,WE,Federal Contract Tower,0,2,35,4,41,0,2,135,5,142,0,4,170,9,183,160,24,184,367
03/18/2020,OLM,WA,ANM,WE,Federal Contract Tower,0,0,29,0,29,0,0,99,2,101,0,0,128,2,130,148,8,156,286
03/19/2020,OLM,WA,ANM,WE,Federal Contract Tower,0,1,32,2,35,0,0,101,0,101,0,1,133,2,136,124,0,124,260
03/20/2020,OLM,WA,ANM,WE,Federal Contract Tower,0,0,23,0,23,0,0,124,0,124,0,0,147,0,147,192,0,192,339
03/21/2020,OLM,WA,ANM,WE,Federal Contract Tower,0,0,10,0,10,0,2,62,0,64,0,2,72,0,74,54,0,54,128
03/22/2020,OLM,WA,ANM,WE,Federal Contract Tower,0,2,12,2,16,0,0,52,0,52,0,2,64,2,68,72,0,72,140
03/23/2020,OLM,WA,ANM,WE,Federal Contract Tower,0,0,2,0,2,0,0,9,0,9,0,0,11,0,11,64,0,64,75
03/24/2020,OLM,WA,ANM,WE,Federal Contract Tower,0,0,7,0,7,0,2,26,0,28,0,2,33,0,35,22,0,22,57
03/25/2020,OLM,WA,ANM,WE,Federal Contract Tower,0,3,2,0,5,0,2,45,0,47,0,5,47,0,52,74,0,74,126
03/26/2020,OLM,WA,ANM,WE,Federal Contract Tower,0,0,2,0,2,0,2,45,0,47,0,2,47,0,49,102,0,102,151
03/27/2020,OLM,WA,ANM,WE,Federal Contract Tower,0,1,5,0,6,0,0,9,0,9,0,1,14,0,15,6,0,6,21
03/28/2020,OLM,WA,ANM,WE,Federal Contract Tower,0,1,9,0,10,0,1,7,0,8,0,2,16,0,18,20,0,20,38
03/29/2020,OLM,WA,ANM,WE,Federal Contract Tower,0,0,9,0,9,0,0,13,0,13,0,0,22,0,22,0,0,0,22
03/30/2020,OLM,WA,ANM,WE,Federal Contract Tower,0,0,2,0,2,0,0,4,0,4,0,0,6,0,6,28,0,28,34
03/31/2020,OLM,WA,ANM,WE,Federal Contract Tower,0,0,12,0,12,0,0,25,0,25,0,0,37,0,37,70,0,70,107
04/01/2020,OLM,WA,ANM,WE,Federal Contract Tower,0,0,7,0,7,0,2,62,0,64,0,2,69,0,71,84,0,84,155
04/02/2020,OLM,WA,ANM,WE,Federal Contract Tower,0,0,7,2,9,0,2,53,0,55,0,2,60,2,64,120,8,128,192
04/03/2020,OLM,WA,ANM,WE,Federal Contract Tower,0,0,0,0,0,0,0,37,0,37,0,0,37,0,37,0,0,0,37
04/04/2020,OLM,WA,ANM,WE,Federal Contract Tower,0,0,8,0,8,0,0,68,1,69,0,0,76,1,77,28,0,28,105
04/05/2020,OLM,WA,ANM,WE,Federal Contract Tower,0,0,9,0,9,0,1,46,0,47,0,1,55,0,56,68,0,68,124
04/06/2020,OLM,WA,ANM,WE,Federal Contract Tower,0,0,1,0,1,0,1,68,0,69,0,1,69,0,70,104,0,104,174
04/07/2020,OLM,WA,ANM,WE,Federal Contract Tower,0,2,5,0,7,0,0,46,0,46,0,2,51,0,53,134,0,134,187
04/08/2020,OLM,WA,ANM,WE,Federal Contract Tower,0,2,1,0,3,0,0,95,0,95,0,2,96,0,98,96,0,96,194
04/09/2020,OLM,WA,ANM,WE,Federal Contract Tower,0,0,4,2,6,0,2,100,0,102,0,2,104,2,108,118,2,120,228
04/10/2020,OLM,WA,ANM,WE,Federal Contract Tower,0,0,13,2,15,0,2,53,0,55,0,2,66,2,70,28,0,28,98
04/11/2020,OLM,WA,ANM,WE,Federal Contract Tower,0,0,11,0,11,0,0,54,0,54,0,0,65,0,65,18,0,18,83
04/12/2020,OLM,WA,ANM,WE,Federal Contract Tower,0,0,10,0,10,0,0,62,0,62,0,0,72,0,72,22,0,22,94
04/13/2020,OLM,WA,ANM,WE,Federal Contract Tower,0,0,7,0,7,0,2,58,0,60,0,2,65,0,67,130,0,130,197
04/14/2020,OLM,WA,ANM,WE,Federal Contract Tower,0,0,11,0,11,0,1,71,2,74,0,1,82,2,85,106,4,110,195
04/15/2020,OLM,WA,ANM,WE,Federal Contract Tower,0,2,9,0,11,0,2,44,0,46,0,4,53,0,57,94,0,94,151
04/16/2020,OLM,WA,ANM,WE,Federal Contract Tower,0,2,1,2,5,0,1,107,0,108,0,3,108,2,113,146,0,146,259
04/17/2020,OLM,WA,ANM,WE,Federal Contract Tower,0,0,16,0,16,0,0,96,0,96,0,0,112,0,112,188,0,188,300
04/18/2020,OLM,WA,ANM,WE,Federal Contract Tower,0,0,17,0,17,0,2,29,0,31,0,2,46,0,48,46,0,46,94
04/19/2020,OLM,WA,ANM,WE,Federal Contract Tower,0,0,17,0,17,0,8,58,0,66,0,8,75,0,83,26,0,26,109
04/20/2020,OLM,WA,ANM,WE,Federal Contract Tower,0,0,11,0,11,0,0,81,0,81,0,0,92,0,92,168,0,168,260
04/21/2020,OLM,WA,ANM,WE,Federal Contract Tower,0,0,11,2,13,0,0,45,0,45,0,0,56,2,58,74,0,74,132
04/22/2020,OLM,WA,ANM,WE,Federal Contract Tower,0,2,12,0,14,0,0,0,0,0,0,2,12,0,14,0,0,0,14
04/23/2020,OLM,WA,ANM,WE,Federal Contract Tower,0,0,12,0,12,0,0,34,2,36,0,0,46,2,48,68,0,68,116
04/24/2020,OLM,WA,ANM,WE,Federal Contract Tower,0,0,17,0,17,0,2,76,0,78,0,2,93,0,95,154,0,154,249
04/25/2020,OLM,WA,ANM,WE,Federal Contract Tower,0,1,17,0,18,0,1,22,0,23,0,2,39,0,41,8,0,8,49
04/26/2020,OLM,WA,ANM,WE,Federal Contract Tower,0,0,10,0,10,0,0,62,0,62,0,0,72,0,72,90,0,90,162
04/27/2020,OLM,WA,ANM,WE,Federal Contract Tower,0,0,12,0,12,0,0,32,0,32,0,0,44,0,44,98,0,98,142
04/28/2020,OLM,WA,ANM,WE,Federal Contract Tower,0,1,12,0,13,0,2,73,0,75,0,3,85,0,88,100,0,100,188
04/29/2020,OLM,WA,ANM,WE,Federal Contract Tower,0,0,19,2,21,0,2,48,0,50,0,2,67,2,71,48,4,52,123
04/30/2020,OLM,WA,ANM,WE,Federal Contract Tower,0,0,9,2,11,0,0,36,0,36,0,0,45,2,47,54,0,54,101
05/01/2020,OLM,WA,ANM,WE,Federal Contract Tower,0,0,21,2,23,0,2,112,1,115,0,2,133,3,138,78,0,78,216
05/02/2020,OLM,WA,ANM,WE,Federal Contract Tower,0,0,2,0,2,0,0,2,0,2,0,0,4,0,4,6,0,6,10
05/03/2020,OLM,WA,ANM,WE,Federal Contract Tower,0,0,13,0,13,0,2,28,0,30,0,2,41,0,43,14,0,14,57
05/04/2020,OLM,WA,ANM,WE,Federal Contract Tower,0,0,11,0,11,0,1,59,0,60,0,1,70,0,71,64,2,66,137
05/05/2020,OLM,WA,ANM,WE,Federal Contract Tower,0,0,7,0,7,0,4,108,0,112,0,4,115,0,119,88,0,88,207
05/06/2020,OLM,WA,ANM,WE,Federal Contract Tower,0,1,18,2,21,0,2,48,0,50,0,3,66,2,71,54,0,54,125
05/07/2020,OLM,WA,ANM,WE,Federal Contract Tower,0,0,12,2,14,0,3,106,0,109,0,3,118,2,123,66,0,66,189
05/08/2020,OLM,WA,ANM,WE,Federal Contract Tower,0,0,13,0,13,0,3,119,0,122,0,3,132,0,135,176,0,176,311
05/09/2020,OLM,WA,ANM,WE,Federal Contract Tower,0,1,8,0,9,0,2,50,0,52,0,3,58,0,61,24,0,24,85
05/10/2020,OLM,WA,ANM,WE,Federal Contract Tower,0,1,2,0,3,0,4,99,0,103,0,5,101,0,106,128,0,128,234
05/11/2020,OLM,WA,ANM,WE,Federal Contract Tower,0,0,6,2,8,0,0,47,0,47,0,0,53,2,55,114,0,114,169
05/12/2020,OLM,WA,ANM,WE,Federal Contract Tower,0,0,2,2,4,0,0,29,2,31,0,0,31,4,35,56,0,56,91
05/13/2020,OLM,WA,ANM,WE,Federal Contract Tower,0,0,16,4,20,0,1,58,0,59,0,1,74,4,79,98,10,108,187
05/14/2020,OLM,WA,ANM,WE,Federal Contract Tower,0,3,14,4,21,0,1,71,0,72,0,4,85,4,93,74,0,74,167
05/15/2020,OLM,WA,ANM,WE,Federal Contract Tower,0,0,15,2,17,0,4,119,0,123,0,4,134,2,140,110,0,110,250
05/16/2020,OLM,WA,ANM,WE,Federal Contract Tower,0,0,12,0,12,0,0,15,0,15,0,0,27,0,27,88,0,88,115
05/17/2020,OLM,WA,ANM,WE,Federal Contract Tower,0,1,14,0,15,0,0,54,0,54,0,1,68,0,69,130,0,130,199
05/18/2020,OLM,WA,ANM,WE,Federal Contract Tower,0,0,12,4,16,0,0,97,0,97,0,0,109,4,113,66,0,66,179
05/19/2020,OLM,WA,ANM,WE,Federal Contract Tower,0,0,18,6,24,0,2,53,2,57,0,2,71,8,81,64,4,68,149
05/20/2020,OLM,WA,ANM,WE,Federal Contract Tower,0,0,20,4,24,0,0,59,0,59,0,0,79,4,83,132,0,132,215
05/21/2020,OLM,WA,ANM,WE,Federal Contract Tower,0,0,9,0,9,0,0,30,2,32,0,0,39,2,41,64,0,64,105
05/22/2020,OLM,WA,ANM,WE,Federal Contract Tower,0,0,26,0,26,0,3,64,0,67,0,3,90,0,93,16,0,16,109
05/23/2020,OLM,WA,ANM,WE,Federal Contract Tower,0,0,18,0,18,0,3,62,0,65,0,3,80,0,83,94,0,94,177
05/24/2020,OLM,WA,ANM,WE,Federal Contract Tower,0,0,19,0,19,0,4,72,0,76,0,4,91,0,95,106,0,106,201
05/25/2020,OLM,WA,ANM,WE,Federal Contract Tower,0,2,28,0,30,0,0,7,0,7,0,2,35,0,37,26,0,26,63
05/26/2020,OLM,WA,ANM,WE,Federal Contract Tower,0,0,32,2,34,0,0,64,0,64,0,0,96,2,98,102,0,102,200
05/27/2020,OLM,WA,ANM,WE,Federal Contract Tower,0,0,34,0,34,0,1,103,0,104,0,1,137,0,138,126,2,128,266
05/28/2020,OLM,WA,ANM,WE,Federal Contract Tower,0,0,37,6,43,0,1,104,0,105,0,1,141,6,148,82,0,82,230
05/29/2020,OLM,WA,ANM,WE,Federal Contract Tower,0,0,21,0,21,0,1,73,0,74,0,1,94,0,95,92,0,92,187
05/30/2020,OLM,WA,ANM,WE,Federal Contract Tower,0,1,12,0,13,0,1,14,0,15,0,2,26,0,28,104,0,104,132
05/31/2020,OLM,WA,ANM,WE,Federal Contract Tower,0,0,17,0,17,0,2,52,0,54,0,2,69,0,71,42,0,42,113
06/01/2020,OLM,WA,ANM,WE,Federal Contract Tower,0,3,25,4,32,0,0,89,0,89,0,3,114,4,121,164,0,164,285
06/02/2020,OLM,WA,ANM,WE,Federal Contract Tower,0,0,26,4,30,0,2,105,0,107,0,2,131,4,137,216,0,216,353
06/03/2020,OLM,WA,ANM,WE,Federal Contract Tower,0,5,31,0,36,0,1,93,0,94,0,6,124,0,130,186,0,186,316
06/04/2020,OLM,WA,ANM,WE,Federal Contract Tower,0,0,31,1,32,0,0,127,1,128,0,0,158,2,160,162,6,168,328
06/05/2020,OLM,WA,ANM,WE,Federal Contract Tower,0,0,31,4,35,0,1,142,0,143,0,1,173,4,178,108,4,112,290
06/06/2020,OLM,WA,ANM,WE,Federal Contract Tower,0,3,0,0,3,0,0,7,0,7,0,3,7,0,10,72,0,72,82
06/07/2020,OLM,WA,ANM,WE,Federal Contract Tower,0,0,14,0,14,0,1,30,0,31,0,1,44,0,45,114,0,114,159
06/08/2020,OLM,WA,ANM,WE,Federal Contract Tower,0,1,19,3,23,0,0,49,3,52,0,1,68,6,75,176,6,182,257
06/09/2020,OLM,WA,ANM,WE,Federal Contract Tower,0,2,9,2,13,0,1,6,0,7,0,3,15,2,20,0,0,0,20
06/10/2020,OLM,WA,ANM,WE,Federal Contract Tower,0,2,34,4,40,0,0,53,0,53,0,2,87,4,93,120,0,120,213
06/11/2020,OLM,WA,ANM,WE,Federal Contract Tower,0,3,22,0,25,0,1,77,0,78,0,4,99,0,103,234,0,234,337
06/12/2020,OLM,WA,ANM,WE,Federal Contract Tower,0,0,18,1,19,0,1,18,1,20,0,1,36,2,39,38,0,38,77
06/13/2020,OLM,WA,ANM,WE,Federal Contract Tower,0,0,23,1,24,0,2,53,0,55,0,2,76,1,79,152,0,152,231
06/14/2020,OLM,WA,ANM,WE,Federal Contract Tower,0,0,14,0,14,0,2,95,0,97,0,2,109,0,111,122,0,122,233
06/15/2020,OLM,WA,ANM,WE,Federal Contract Tower,0,4,19,0,23,0,4,17,0,21,0,8,36,0,44,80,0,80,124
06/16/2020,OLM,WA,ANM,WE,Federal Contract Tower,0,0,31,2,33,0,0,89,1,90,0,0,120,3,123,352,0,352,475
06/17/2020,OLM,WA,ANM,WE,Federal Contract Tower,0,0,30,4,34,0,2,126,0,128,0,2,156,4,162,212,6,218,380
06/18/2020,OLM,WA,ANM,WE,Federal Contract Tower,0,2,32,2,36,0,3,135,1,139,0,5,167,3,175,206,0,206,381
06/19/2020,OLM,WA,ANM,WE,Federal Contract Tower,0,1,30,0,31,0,3,117,0,120,0,4,147,0,151,188,0,188,339
06/20/2020,OLM,WA,ANM,WE,Federal Contract Tower,0,4,14,0,18,0,0,18,0,18,0,4,32,0,36,46,0,46,82
06/21/2020,OLM,WA,ANM,WE,Federal Contract Tower,0,2,12,0,14,0,2,61,0,63,0,4,73,0,77,86,0,86,163
06/22/2020,OLM,WA,ANM,WE,Federal Contract Tower,0,2,33,3,38,0,1,105,0,106,0,3,138,3,144,210,0,210,354
06/23/2020,OLM,WA,ANM,WE,Federal Contract Tower,0,0,19,4,23,0,3,101,0,104,0,3,120,4,127,150,0,150,277
06/24/2020,OLM,WA,ANM,WE,Federal Contract Tower,0,1,30,2,33,0,3,79,0,82,0,4,109,2,115,78,0,78,193
06/25/2020,OLM,WA,ANM,WE,Federal Contract Tower,0,0,22,0,22,0,0,97,0,97,0,0,119,0,119,140,0,140,259
06/26/2020,OLM,WA,ANM,WE,Federal Contract Tower,0,0,12,0,12,0,0,105,2,107,0,0,117,2,119,74,0,74,193
06/27/2020,OLM,WA,ANM,WE,Federal Contract Tower,0,0,20,0,20,0,1,45,0,46,0,1,65,0,66,134,0,134,200
06/28/2020,OLM,WA,ANM,WE,Federal Contract Tower,0,2,19,0,21,0,0,86,0,86,0,2,105,0,107,138,0,138,245
06/29/2020,OLM,WA,ANM,WE,Federal Contract Tower,0,0,20,0,20,0,0,77,0,77,0,0,97,0,97,140,0,140,237
06/30/2020,OLM,WA,ANM,WE,Federal Contract Tower,0,2,29,0,31,0,2,32,0,34,0,4,61,0,65,102,0,102,167
07/01/2020,OLM,WA,ANM,WE,Federal Contract Tower,0,0,22,0,22,0,2,23,0,25,0,2,45,0,47,32,0,32,79
07/02/2020,OLM,WA,ANM,WE,Federal Contract Tower,0,0,23,0,23,0,2,68,0,70,0,2,91,0,93,186,8,194,287
07/03/2020,OLM,WA,ANM,WE,Federal Contract Tower,0,2,18,0,20,0,2,91,0,93,0,4,109,0,113,130,0,130,243
07/04/2020,OLM,WA,ANM,WE,Federal Contract Tower,0,2,18,0,20,0,0,37,0,37,0,2,55,0,57,62,0,62,119
07/05/2020,OLM,WA,ANM,WE,Federal Contract Tower,0,0,15,0,15,0,4,75,0,79,0,4,90,0,94,106,0,106,200
07/06/2020,OLM,WA,ANM,WE,Federal Contract Tower,0,0,29,0,29,0,0,92,0,92,0,0,121,0,121,214,0,214,335
07/07/2020,OLM,WA,ANM,WE,Federal Contract Tower,0,1,38,0,39,0,2,19,0,21,0,3,57,0,60,120,0,120,180
07/08/2020,OLM,WA,ANM,WE,Federal Contract Tower,0,0,20,0,20,0,4,89,0,93,0,4,109,0,113,240,14,254,367
07/09/2020,OLM,WA,ANM,WE,Federal Contract Tower,0,0,33,0,33,0,2,29,0,31,0,2,62,0,64,88,2,90,154
07/10/2020,OLM,WA,ANM,WE,Federal Contract Tower,0,0,38,0,38,0,0,126,0,126,0,0,164,0,164,150,0,150,314
07/11/2020,OLM,WA,ANM,WE,Federal Contract Tower,0,0,10,0,10,0,4,94,0,98,0,4,104,0,108,178,12,190,298
07/12/2020,OLM,WA,ANM,WE,Federal Contract Tower,0,0,8,0,8,0,2,76,0,78,0,2,84,0,86,72,0,72,158
07/13/2020,OLM,WA,ANM,WE,Federal Contract Tower,0,0,10,0,10,0,2,89,0,91,0,2,99,0,101,240,0,240,341
07/14/2020,OLM,WA,ANM,WE,Federal Contract Tower,0,0,25,0,25,0,6,123,0,129,0,6,148,0,154,238,0,238,392
07/15/2020,OLM,WA,ANM,WE,Federal Contract Tower,0,0,25,2,27,0,2,114,4,120,0,2,139,6,147,188,0,188,335
07/16/2020,OLM,WA,ANM,WE,Federal Contract Tower,0,2,25,0,27,0,2,66,0,68,0,4,91,0,95,140,0,140,235
07/17/2020,OLM,WA,ANM,WE,Federal Contract Tower,0,1,14,0,15,0,2,67,0,69,0,3,81,0,84,86,0,86,170
07/18/2020,OLM,WA,ANM,WE,Federal Contract Tower,0,2,17,0,19,0,6,103,0,109,0,8,120,0,128,180,0,180,308
07/19/2020,OLM,WA,ANM,WE,Federal Contract Tower,0,2,19,0,21,0,2,94,0,96,0,4,113,0,117,116,0,116,233
07/20/2020,OLM,WA,ANM,WE,Federal Contract Tower,0,0,37,2,39,0,2,94,2,98,0,2,131,4,137,248,10,258,395
07/21/2020,OLM,WA,ANM,WE,Federal Contract Tower,0,1,42,6,49,0,3,99,0,102,0,4,141,6,151,162,0,162,313
07/22/2020,OLM,WA,ANM,WE,Federal Contract Tower,0,0,30,2,32,0,1,51,0,52,0,1,81,2,84,154,0,154,238
07/23/2020,OLM,WA,ANM,WE,Federal Contract Tower,0,3,58,8,69,0,5,75,0,80,0,8,133,8,149,234,0,234,383
07/24/2020,OLM,WA,ANM,WE,Federal Contract Tower,0,2,33,6,41,0,4,84,0,88,0,6,117,6,129,144,16,160,289
07/25/2020,OLM,WA,ANM,WE,Federal Contract Tower,0,0,20,0,20,0,2,145,0,147,0,2,165,0,167,110,0,110,277
07/26/2020,OLM,WA,ANM,WE,Federal Contract Tower,0,1,15,0,16,0,5,86,0,91,0,6,101,0,107,86,0,86,193
07/27/2020,OLM,WA,ANM,WE,Federal Contract Tower,0,0,10,2,12,0,5,97,0,102,0,5,107,2,114,104,2,106,220
07/28/2020,OLM,WA,ANM,WE,Federal Contract Tower,0,3,24,4,31,0,13,83,2,98,0,16,107,6,129,164,14,178,307
07/29/2020,OLM,WA,ANM,WE,Federal Contract Tower,0,1,30,5,36,0,1,95,0,96,0,2,125,5,132,102,22,124,256
07/30/2020,OLM,WA,ANM,WE,Federal Contract Tower,0,1,13,2,16,0,3,112,0,115,0,4,125,2,131,126,2,128,259
07/31/2020,OLM,WA,ANM,WE,Federal Contract Tower,0,4,22,0,26,0,0,92,0,92,0,4,114,0,118,176,0,176,294
08/01/2020,OLM,WA,ANM,WE,Federal Contract Tower,0,1,27,0,28,0,2,76,0,78,0,3,103,0,106,114,0,114,220
08/02/2020,OLM,WA,ANM,WE,Federal Contract Tower,0,0,8,0,8,0,2,79,0,81,0,2,87,0,89,120,0,120,209
08/03/2020,OLM,WA,ANM,WE,Federal Contract Tower,0,0,21,0,21,0,2,40,7,49,0,2,61,7,70,198,6,204,274
08/04/2020,OLM,WA,ANM,WE,Federal Contract Tower,0,0,21,0,21,0,3,93,0,96,0,3,114,0,117,148,2,150,267
08/05/2020,OLM,WA,ANM,WE,Federal Contract Tower,0,0,39,2,41,0,2,108,2,112,0,2,147,4,153,188,0,188,341
08/06/2020,OLM,WA,ANM,WE,Federal Contract Tower,0,0,23,8,31,0,3,38,0,41,0,3,61,8,72,82,4,86,158
08/07/2020,OLM,WA,ANM,WE,Federal Contract Tower,0,0,39,0,39,0,0,0,0,0,0,0,39,0,39,208,2,210,249
08/08/2020,OLM,WA,ANM,WE,Federal Contract Tower,0,0,16,0,16,0,2,78,3,83,0,2,94,3,99,232,0,232,331
08/09/2020,OLM,WA,ANM,WE,Federal Contract Tower,0,2,19,0,21,0,3,98,0,101,0,5,117,0,122,102,0,102,224
08/10/2020,OLM,WA,ANM,WE,Federal Contract Tower,0,0,8,8,16,0,1,87,0,88,0,1,95,8,104,132,2,134,238
08/11/2020,OLM,WA,ANM,WE,Federal Contract Tower,0,0,29,10,39,0,2,65,0,67,0,2,94,10,106,162,0,162,268
08/12/2020,OLM,WA,ANM,WE,Federal Contract Tower,0,0,18,4,22,0,1,91,0,92,0,1,109,4,114,163,0,163,277
08/13/2020,OLM,WA,ANM,WE,Federal Contract Tower,0,4,39,8,51,0,6,105,0,111,0,10,144,8,162,100,0,100,262
08/14/2020,OLM,WA,ANM,WE,Federal Contract Tower,0,0,18,6,24,0,2,88,0,90,0,2,106,6,114,90,0,90,204
08/15/2020,OLM,WA,ANM,WE,Federal Contract Tower,0,1,21,0,22,0,6,101,2,109,0,7,122,2,131,188,0,188,319
08/16/2020,OLM,WA,ANM,WE,Federal Contract Tower,0,0,12,0,12,0,8,90,0,98,0,8,102,0,110,122,0,122,232
08/17/2020,OLM,WA,ANM,WE,Federal Contract Tower,0,0,37,0,37,0,2,102,0,104,0,2,139,0,141,136,0,136,277
08/18/2020,OLM,WA,ANM,WE,Federal Contract Tower,0,0,31,4,35,0,3,60,4,67,0,3,91,8,102,148,4,152,254
08/19/2020,OLM,WA,ANM,WE,Federal Contract Tower,0,1,24,4,29,0,1,82,1,84,0,2,106,5,113,162,0,162,275
08/20/2020,OLM,WA,ANM,WE,Federal Contract Tower,0,0,17,4,21,0,2,58,4,64,0,2,75,8,85,204,0,204,289
08/21/2020,OLM,WA,ANM,WE,Federal Contract Tower,0,1,32,4,37,0,1,26,0,27,0,2,58,4,64,24,0,24,88
08/22/2020,OLM,WA,ANM,WE,Federal Contract Tower,0,2,20,0,22,0,2,54,0,56,0,4,74,0,78,60,0,60,138
08/23/2020,OLM,WA,ANM,WE,Federal Contract Tower,0,5,14,0,19,0,6,94,0,100,0,11,108,0,119,200,0,200,319
08/24/2020,OLM,WA,ANM,WE,Federal Contract Tower,0,0,27,0,27,0,4,92,0,96,0,4,119,0,123,156,0,156,279
08/25/2020,OLM,WA,ANM,WE,Federal Contract Tower,0,5,26,2,33,0,2,72,6,80,0,7,98,8,113,188,0,188,301
08/26/2020,OLM,WA,ANM,WE,Federal Contract Tower,0,0,16,0,16,0,2,77,0,79,0,2,93,0,95,142,0,142,237
08/27/2020,OLM,WA,ANM,WE,Federal Contract Tower,0,3,33,8,44,0,0,91,0,91,0,3,124,8,135,170,2,172,307
08/28/2020,OLM,WA,ANM,WE,Federal Contract Tower,0,0,21,0,21,0,2,82,0,84,0,2,103,0,105,122,0,122,227
08/29/2020,OLM,WA,ANM,WE,Federal Contract Tower,0,1,17,0,18,0,4,49,0,53,0,5,66,0,71,92,0,92,163
08/30/2020,OLM,WA,ANM,WE,Federal Contract Tower,0,1,28,0,29,0,5,89,0,94,0,6,117,0,123,180,0,180,303
08/31/2020,OLM,WA,ANM,WE,Federal Contract Tower,0,0,27,0,27,0,3,52,1,56,0,3,79,1,83,168,0,168,251
09/01/2020,OLM,WA,ANM,WE,Federal Contract Tower,0,1,19,2,22,0,2,115,0,117,0,3,134,2,139,166,0,166,305
09/02/2020,OLM,WA,ANM,WE,Federal Contract Tower,0,2,31,6,39,0,6,84,1,91,0,8,115,7,130,132,8,140,270
09/03/2020,OLM,WA,ANM,WE,Federal Contract Tower,0,2,23,4,29,0,2,114,0,116,0,4,137,4,145,134,0,134,279
09/04/2020,OLM,WA,ANM,WE,Federal Contract Tower,0,0,27,0,27,0,2,113,0,115,0,2,140,0,142,122,0,122,264
09/05/2020,OLM,WA,ANM,WE,Federal Contract Tower,0,0,15,0,15,0,2,63,0,65,0,2,78,0,80,106,0,106,186
09/06/2020,OLM,WA,ANM,WE,Federal Contract Tower,0,2,16,0,18,0,6,95,2,103,0,8,111,2,121,48,0,48,169
09/07/2020,OLM,WA,ANM,WE,Federal Contract Tower,0,0,10,0,10,0,1,43,0,44,0,1,53,0,54,2,0,2,56
09/08/2020,OLM,WA,ANM,WE,Federal Contract Tower,0,0,6,0,6,0,8,86,2,96,0,8,92,2,102,56,0,56,158
09/09/2020,OLM,WA,ANM,WE,Federal Contract Tower,0,0,25,2,27,0,2,87,3,92,0,2,112,5,119,136,0,136,255
09/10/2020,OLM,WA,ANM,WE,Federal Contract Tower,0,1,16,0,17,0,0,70,3,73,0,1,86,3,90,168,2,170,260
09/11/2020,OLM,WA,ANM,WE,Federal Contract Tower,0,2,20,2,24,0,0,4,0,4,0,2,24,2,28,0,0,0,28
09/12/2020,OLM,WA,ANM,WE,Federal Contract Tower,0,3,11,0,14,0,0,1,0,1,0,3,12,0,15,0,0,0,15
09/13/2020,OLM,WA,ANM,WE,Federal Contract Tower,0,2,7,0,9,0,0,0,0,0,0,2,7,0,9,0,0,0,9
09/14/2020,OLM,WA,ANM,WE,Federal Contract Tower,0,0,7,0,7,0,0,0,0,0,0,0,7,0,7,0,0,0,7
09/15/2020,OLM,WA,ANM,WE,Federal Contract Tower,0,1,14,2,17,0,0,0,0,0,0,1,14,2,17,0,0,0,17
09/16/2020,OLM,WA,ANM,WE,Federal Contract Tower,0,0,7,0,7,0,0,1,0,1,0,0,8,0,8,0,0,0,8
09/17/2020,OLM,WA,ANM,WE,Federal Contract Tower,0,1,11,0,12,0,0,0,0,0,0,1,11,0,12,0,0,0,12
09/18/2020,OLM,WA,ANM,WE,Federal Contract Tower,0,5,5,0,10,0,1,15,0,16,0,6,20,0,26,18,0,18,44
09/19/2020,OLM,WA,ANM,WE,Federal Contract Tower,0,3,16,0,19,0,0,72,0,72,0,3,88,0,91,142,0,142,233
09/20/2020,OLM,WA,ANM,WE,Federal Contract Tower,0,1,24,0,25,0,2,74,4,80,0,3,98,4,105,120,0,120,225
09/21/2020,OLM,WA,ANM,WE,Federal Contract Tower,0,0,11,0,11,0,6,117,2,125,0,6,128,2,136,128,0,128,264
09/22/2020,OLM,WA,ANM,WE,Federal Contract Tower,0,0,42,2,44,0,4,89,0,93,0,4,131,2,137,204,12,216,353
09/23/2020,OLM,WA,ANM,WE,Federal Contract Tower,0,0,5,0,5,0,0,1,0,1,0,0,6,0,6,14,0,14,20
09/24/2020,OLM,WA,ANM,WE,Federal Contract Tower,0,1,5,6,12,0,0,18,0,18,0,1,23,6,30,46,0,46,76
09/25/2020,OLM,WA,ANM,WE,Federal Contract Tower,0,0,15,0,15,0,2,3,0,5,0,2,18,0,20,0,0,0,20
09/26/2020,OLM,WA,ANM,WE,Federal Contract Tower,0,0,30,2,32,0,2,20,0,22,0,2,50,2,54,48,0,48,102
09/27/2020,OLM,WA,ANM,WE,Federal Contract Tower,0,1,23,0,24,0,1,60,2,63,0,2,83,2,87,68,0,68,155
09/28/2020,OLM,WA,ANM,WE,Federal Contract Tower,0,0,24,2,26,0,7,116,4,127,0,7,140,6,153,146,6,152,305
09/29/2020,OLM,WA,ANM,WE,Federal Contract Tower,0,1,29,2,32,0,2,87,4,93,0,3,116,6,125,178,0,178,303
09/30/2020,OLM,WA,ANM,WE,Federal Contract Tower,0,1,29,0,30,0,2,89,2,93,0,3,118,2,123,194,0,194,317
10/01/2020,OLM,WA,ANM,WE,Federal Contract Tower,0,0,28,4,32,0,1,33,0,34,0,1,61,4,66,76,0,76,142
10/02/2020,OLM,WA,ANM,WE,Federal Contract Tower,0,1,19,0,20,0,2,43,0,45,0,3,62,0,65,58,0,58,123
10/03/2020,OLM,WA,ANM,WE,Federal Contract Tower,0,0,5,0,5,0,0,9,0,9,0,0,14,0,14,50,0,50,64
10/04/2020,OLM,WA,ANM,WE,Federal Contract Tower,0,4,23,0,27,0,4,14,0,18,0,8,37,0,45,44,0,44,89
10/05/2020,OLM,WA,ANM,WE,Federal Contract Tower,0,2,15,2,19,0,0,0,0,0,0,2,15,2,19,176,2,178,197
10/06/2020,OLM,WA,ANM,WE,Federal Contract Tower,0,1,39,4,44,0,5,74,0,79,0,6,113,4,123,132,2,134,257
10/07/2020,OLM,WA,ANM,WE,Federal Contract Tower,0,0,29,2,31,0,2,42,4,48,0,2,71,6,79,134,10,144,223
10/08/2020,OLM,WA,ANM,WE,Federal Contract Tower,0,2,19,8,29,0,1,72,4,77,0,3,91,12,106,236,0,236,342
10/09/2020,OLM,WA,ANM,WE,Federal Contract Tower,0,0,23,0,23,0,2,60,0,62,0,2,83,0,85,86,0,86,171
10/10/2020,OLM,WA,ANM,WE,Federal Contract Tower,0,2,0,0,2,0,0,23,0,23,0,2,23,0,25,78,2,80,105
10/11/2020,OLM,WA,ANM,WE,Federal Contract Tower,0,0,6,0,6,0,2,0,0,2,0,2,6,0,8,8,0,8,16
10/12/2020,OLM,WA,ANM,WE,Federal Contract Tower,0,0,24,0,24,0,1,63,6,70,0,1,87,6,94,133,0,133,227
10/13/2020,OLM,WA,ANM,WE,Federal Contract Tower,0,0,5,2,7,0,1,0,0,1,0,1,5,2,8,0,0,0,8
10/14/2020,OLM,WA,ANM,WE,Federal Contract Tower,0,0,29,2,31,0,3,86,1,90,0,3,115,3,121,118,0,118,239
10/15/2020,OLM,WA,ANM,WE,Federal Contract Tower,0,0,29,6,35,0,2,97,0,99,0,2,126,6,134,146,0,146,280
10/16/2020,OLM,WA,ANM,WE,Federal Contract Tower,0,0,14,7,21,0,0,4,1,5,0,0,18,8,26,4,0,4,30
10/17/2020,OLM,WA,ANM,WE,Federal Contract Tower,0,1,27,0,28,0,2,55,2,59,0,3,82,2,87,110,2,112,199
10/18/2020,OLM,WA,ANM,WE,Federal Contract Tower,0,2,18,4,24,0,0,3,0,3,0,2,21,4,27,0,0,0,27
10/19/2020,OLM,WA,ANM,WE,Federal Contract Tower,0,2,22,0,24,0,0,44,0,44,0,2,66,0,68,92,0,92,160
10/20/2020,OLM,WA,ANM,WE,Federal Contract Tower,0,0,51,8,59,0,2,80,0,82,0,2,131,8,141,110,0,110,251
10/21/2020,OLM,WA,ANM,WE,Federal Contract Tower,0,3,24,8,35,0,2,77,0,79,0,5,101,8,114,74,0,74,188
10/22/2020,OLM,WA,ANM,WE,Federal Contract Tower,0,6,43,2,51,0,2,57,0,59,0,8,100,2,110,50,0,50,160
10/23/2020,OLM,WA,ANM,WE,Federal Contract Tower,0,0,11,0,11,0,0,11,0,11,0,0,22,0,22,64,0,64,86
10/24/2020,OLM,WA,ANM,WE,Federal Contract Tower,0,0,30,0,30,0,2,95,0,97,0,2,125,0,127,102,0,102,229
10/25/2020,OLM,WA,ANM,WE,Federal Contract Tower,0,1,22,0,23,0,2,103,2,107,0,3,125,2,130,124,0,124,254
10/26/2020,OLM,WA,ANM,WE,Federal Contract Tower,0,0,35,0,35,0,2,92,0,94,0,2,127,0,129,112,0,112,241
10/27/2020,OLM,WA,ANM,WE,Federal Contract Tower,0,0,63,0,63,0,2,82,0,84,0,2,145,0,147,132,2,134,281
10/28/2020,OLM,WA,ANM,WE,Federal Contract Tower,0,0,24,4,28,0,5,95,1,101,0,5,119,5,129,118,16,134,263
10/29/2020,OLM,WA,ANM,WE,Federal Contract Tower,0,2,24,0,26,0,1,80,0,81,0,3,104,0,107,148,2,150,257
10/30/2020,OLM,WA,ANM,WE,Federal Contract Tower,0,0,16,2,18,0,0,50,0,50,0,0,66,2,68,62,0,62,130
10/31/2020,OLM,WA,ANM,WE,Federal Contract Tower,0,0,19,0,19,0,0,67,0,67,0,0,86,0,86,108,0,108,194
11/01/2020,OLM,WA,ANM,WE,Federal Contract Tower,0,0,18,0,18,0,4,90,0,94,0,4,108,0,112,166,0,166,278
11/02/2020,OLM,WA,ANM,WE,Federal Contract Tower,0,0,24,1,25,0,2,104,2,108,0,2,128,3,133,78,0,78,211
11/03/2020,OLM,WA,ANM,WE,Federal Contract Tower,0,2,9,14,25,0,0,3,0,3,0,2,12,14,28,4,0,4,32
11/04/2020,OLM,WA,ANM,WE,Federal Contract Tower,0,1,10,4,15,0,2,15,0,17,0,3,25,4,32,74,0,74,106
11/05/2020,OLM,WA,ANM,WE,Federal Contract Tower,0,1,14,6,21,0,2,15,0,17,0,3,29,6,38,106,0,106,144
11/06/2020,OLM,WA,ANM,WE,Federal Contract Tower,0,0,66,0,66,0,3,73,0,76,0,3,139,0,142,98,0,98,240
11/07/2020,OLM,WA,ANM,WE,Federal Contract Tower,0,2,8,2,12,0,1,30,0,31,0,3,38,2,43,62,0,62,105
11/08/2020,OLM,WA,ANM,WE,Federal Contract Tower,0,0,14,2,16,0,4,82,2,88,0,4,96,4,104,88,14,102,206
11/09/2020,OLM,WA,ANM,WE,Federal Contract Tower,0,0,17,0,17,0,2,77,1,80,0,2,94,1,97,148,0,148,245
11/10/2020,OLM,WA,ANM,WE,Federal Contract Tower,0,0,22,0,22,0,0,24,0,24,0,0,46,0,46,172,0,172,218
11/11/2020,OLM,WA,ANM,WE,Federal Contract Tower,0,2,38,0,40,0,1,75,0,76,0,3,113,0,116,84,0,84,200
11/12/2020,OLM,WA,ANM,WE,Federal Contract Tower,0,2,32,0,34,0,5,35,0,40,0,7,67,0,74,106,0,106,180
11/13/2020,OLM,WA,ANM,WE,Federal Contract Tower,0,0,3,0,3,0,0,10,0,10,0,0,13,0,13,0,0,0,13
11/14/2020,OLM,WA,ANM,WE,Federal Contract Tower,0,0,7,0,7,0,0,32,0,32,0,0,39,0,39,148,0,148,187
11/15/2020,OLM,WA,ANM,WE,Federal Contract Tower,0,2,20,0,22,0,1,22,0,23,0,3,42,0,45,70,0,70,115
11/16/2020,OLM,WA,ANM,WE,Federal Contract Tower,0,1,15,2,18,0,0,0,0,0,0,1,15,2,18,0,0,0,18
11/17/2020,OLM,WA,ANM,WE,Federal Contract Tower,0,0,4,0,4,0,0,11,0,11,0,0,15,0,15,24,0,24,39
11/18/2020,OLM,WA,ANM,WE,Federal Contract Tower,0,0,11,0,11,0,1,8,2,11,0,1,19,2,22,76,0,76,98
11/19/2020,OLM,WA,ANM,WE,Federal Contract Tower,0,1,37,0,38,0,2,39,2,43,0,3,76,2,81,128,10,138,219
11/20/2020,OLM,WA,ANM,WE,Federal Contract Tower,0,0,39,0,39,0,0,94,4,98,0,0,133,4,137,130,0,130,267
11/21/2020,OLM,WA,ANM,WE,Federal Contract Tower,0,1,40,0,41,0,2,112,0,114,0,3,152,0,155,234,0,234,389
11/22/2020,OLM,WA,ANM,WE,Federal Contract Tower,0,4,21,0,25,0,0,35,0,35,0,4,56,0,60,102,0,102,162
11/23/2020,OLM,WA,ANM,WE,Federal Contract Tower,0,5,22,4,31,0,4,53,0,57,0,9,75,4,88,128,4,132,220
11/24/2020,OLM,WA,ANM,WE,Federal Contract Tower,0,0,14,2,16,0,0,2,2,4,0,0,16,4,20,10,10,20,40
11/25/2020,OLM,WA,ANM,WE,Federal Contract Tower,0,0,28,0,28,0,2,33,0,35,0,2,61,0,63,118,2,120,183
11/26/2020,OLM,WA,ANM,WE,Federal Contract Tower,0,0,0,0,0,0,0,10,0,10,0,0,10,0,10,14,0,14,24
11/27/2020,OLM,WA,ANM,WE,Federal Contract Tower,0,4,26,0,30,0,3,87,0,90,0,7,113,0,120,140,0,140,260
11/28/2020,OLM,WA,ANM,WE,Federal Contract Tower,0,1,21,0,22,0,0,31,0,31,0,1,52,0,53,152,0,152,205
11/29/2020,OLM,WA,ANM,WE,Federal Contract Tower,0,0,11,0,11,0,0,0,0,0,0,0,11,0,11,0,0,0,11
11/30/2020,OLM,WA,ANM,WE,Federal Contract Tower,0,4,11,2,17,0,1,23,0,24,0,5,34,2,41,76,0,76,117
12/01/2020,OLM,WA,ANM,WE,Federal Contract Tower,0,1,25,2,28,0,3,57,9,69,0,4,82,11,97,76,8,84,181
12/02/2020,OLM,WA,ANM,WE,Federal Contract Tower,0,2,42,2,46,0,3,133,0,136,0,5,175,2,182,100,8,108,290
12/03/2020,OLM,WA,ANM,WE,Federal Contract Tower,0,0,50,2,52,0,1,88,1,90,0,1,138,3,142,124,0,124,266
12/04/2020,OLM,WA,ANM,WE,Federal Contract Tower,0,0,29,0,29,0,2,104,0,106,0,2,133,0,135,120,6,126,261
12/05/2020,OLM,WA,ANM,WE,Federal Contract Tower,0,2,26,0,28,0,1,107,0,108,0,3,133,0,136,182,0,182,318
12/06/2020,OLM,WA,ANM,WE,Federal Contract Tower,0,0,8,0,8,0,0,15,0,15,0,0,23,0,23,66,0,66,89
12/07/2020,OLM,WA,ANM,WE,Federal Contract Tower,0,0,32,4,36,0,1,69,0,70,0,1,101,4,106,122,4,126,232
12/08/2020,OLM,WA,ANM,WE,Federal Contract Tower,0,2,10,0,12,0,0,0,0,0,0,2,10,0,12,16,0,16,28
12/09/2020,OLM,WA,ANM,WE,Federal Contract Tower,0,0,16,0,16,0,2,63,0,65,0,2,79,0,81,122,0,122,203
12/10/2020,OLM,WA,ANM,WE,Federal Contract Tower,0,0,19,0,19,0,1,23,0,24,0,1,42,0,43,68,8,76,119
12/11/2020,OLM,WA,ANM,WE,Federal Contract Tower,0,3,3,0,6,0,4,29,0,33,0,7,32,0,39,88,12,100,139
12/12/2020,OLM,WA,ANM,WE,Federal Contract Tower,0,0,14,0,14,0,3,71,0,74,0,3,85,0,88,184,0,184,272
12/13/2020,OLM,WA,ANM,WE,Federal Contract Tower,0,0,6,0,6,0,2,2,0,4,0,2,8,0,10,22,0,22,32
12/14/2020,OLM,WA,ANM,WE,Federal Contract Tower,0,0,24,0,24,0,2,49,2,53,0,2,73,2,77,142,0,142,219
12/15/2020,OLM,WA,ANM,WE,Federal Contract Tower,0,0,2,0,2,0,0,18,2,20,0,0,20,2,22,76,10,86,108
12/16/2020,OLM,WA,ANM,WE,Federal Contract Tower,0,1,18,0,19,0,3,28,0,31,0,4,46,0,50,72,0,72,122
12/17/2020,OLM,WA,ANM,WE,Federal Contract Tower,0,1,20,0,21,0,3,48,0,51,0,4,68,0,72,106,6,112,184
12/18/2020,OLM,WA,ANM,WE,Federal Contract Tower,0,0,5,0,5,0,0,14,0,14,0,0,19,0,19,28,0,28,47
12/19/2020,OLM,WA,ANM,WE,Federal Contract Tower,0,0,6,0,6,0,0,15,0,15,0,0,21,0,21,52,0,52,73
12/20/2020,OLM,WA,ANM,WE,Federal Contract Tower,0,2,19,0,21,0,4,29,0,33,0,6,48,0,54,72,0,72,126
12/21/2020,OLM,WA,ANM,WE,Federal Contract Tower,0,2,0,0,2,0,0,0,0,0,0,2,0,0,2,0,0,0,2
12/22/2020,OLM,WA,ANM,WE,Federal Contract Tower,0,1,13,2,16,0,3,104,10,117,0,4,117,12,133,338,0,338,471
12/23/2020,OLM,WA,ANM,WE,Federal Contract Tower,0,2,21,2,25,0,4,71,0,75,0,6,92,2,100,106,0,106,206
12/24/2020,OLM,WA,ANM,WE,Federal Contract Tower,0,0,12,0,12,0,1,54,0,55,0,1,66,0,67,62,0,62,129
12/25/2020,OLM,WA,ANM,WE,Federal Contract Tower,0,0,1,0,1,0,0,0,0,0,0,0,1,0,1,0,0,0,1
12/26/2020,OLM,WA,ANM,WE,Federal Contract Tower,0,1,6,0,7,0,6,29,0,35,0,7,35,0,42,26,0,26,68
12/27/2020,OLM,WA,ANM,WE,Federal Contract Tower,0,1,13,2,16,0,0,21,0,21,0,1,34,2,37,14,0,14,51
12/28/2020,OLM,WA,ANM,WE,Federal Contract Tower,0,1,21,1,23,0,1,21,2,24,0,2,42,3,47,60,2,62,109
12/29/2020,OLM,WA,ANM,WE,Federal Contract Tower,0,0,27,2,29,0,3,64,4,71,0,3,91,6,100,158,4,162,262
12/30/2020,OLM,WA,ANM,WE,Federal Contract Tower,0,0,4,0,4,0,0,0,0,0,0,0,4,0,4,0,0,0,4
12/31/2020,OLM,WA,ANM,WE,Federal Contract Tower,0,0,16,0,16,0,0,16,0,16,0,0,32,0,32,94,0,94,126
01/01/2021,OLM,WA,ANM,WE,Federal Contract Tower,0,0,4,0,4,0,1,7,0,8,0,1,11,0,12,2,0,2,14
01/02/2021,OLM,WA,ANM,WE,Federal Contract Tower,0,0,0,0,0,0,2,0,0,2,0,2,0,0,2,0,0,0,2
01/03/2021,OLM,WA,ANM,WE,Federal Contract Tower,0,5,4,0,9,0,3,4,0,7,0,8,8,0,16,0,0,0,16
01/04/2021,OLM,WA,ANM,WE,Federal Contract Tower,0,0,8,0,8,0,0,12,2,14,0,0,20,2,22,48,10,58,80
01/05/2021,OLM,WA,ANM,WE,Federal Contract Tower,0,0,1,0,1,0,4,29,6,39,0,4,30,6,40,110,32,142,182
01/06/2021,OLM,WA,ANM,WE,Federal Contract Tower,0,0,28,4,32,0,2,40,2,44,0,2,68,6,76,70,0,70,146
01/07/2021,OLM,WA,ANM,WE,Federal Contract Tower,0,0,34,2,36,0,0,17,0,17,0,0,51,2,53,4,0,4,57
01/08/2021,OLM,WA,ANM,WE,Federal Contract Tower,0,0,19,0,19,0,1,60,0,61,0,1,79,0,80,118,0,118,198
01/09/2021,OLM,WA,ANM,WE,Federal Contract Tower,0,0,13,0,13,0,0,41,0,41,0,0,54,0,54,92,0,92,146
01/10/2021,OLM,WA,ANM,WE,Federal Contract Tower,0,1,24,0,25,0,0,68,6,74,0,1,92,6,99,154,0,154,253
01/11/2021,OLM,WA,ANM,WE,Federal Contract Tower,0,2,1,0,3,0,0,11,0,11,0,2,12,0,14,22,0,22,36
01/12/2021,OLM,WA,ANM,WE,Federal Contract Tower,0,7,14,0,21,0,2,8,0,10,0,9,22,0,31,24,0,24,55
01/13/2021,OLM,WA,ANM,WE,Federal Contract Tower,0,3,32,2,37,0,4,91,0,95,0,7,123,2,132,192,20,212,344
01/14/2021,OLM,WA,ANM,WE,Federal Contract Tower,0,4,41,0,45,0,1,106,0,107,0,5,147,0,152,136,0,136,288
01/15/2021,OLM,WA,ANM,WE,Federal Contract Tower,0,4,22,0,26,0,3,30,0,33,0,7,52,0,59,112,0,112,171
01/16/2021,OLM,WA,ANM,WE,Federal Contract Tower,0,0,12,0,12,0,1,20,0,21,0,1,32,0,33,52,0,52,85
01/17/2021,OLM,WA,ANM,WE,Federal Contract Tower,0,0,16,0,16,0,0,26,0,26,0,0,42,0,42,80,0,80,122
01/18/2021,OLM,WA,ANM,WE,Federal Contract Tower,0,0,27,0,27,0,0,67,0,67,0,0,94,0,94,142,0,142,236
01/19/2021,OLM,WA,ANM,WE,Federal Contract Tower,0,0,57,2,59,0,0,79,0,79,0,0,136,2,138,164,0,164,302
01/20/2021,OLM,WA,ANM,WE,Federal Contract Tower,0,1,22,0,23,0,2,29,0,31,0,3,51,0,54,98,0,98,152
01/21/2021,OLM,WA,ANM,WE,Federal Contract Tower,0,0,7,0,7,0,3,7,0,10,0,3,14,0,17,78,0,78,95
01/22/2021,OLM,WA,ANM,WE,Federal Contract Tower,0,0,45,0,45,0,0,85,0,85,0,0,130,0,130,136,0,136,266
01/23/2021,OLM,WA,ANM,WE,Federal Contract Tower,0,0,35,0,35,0,2,122,0,124,0,2,157,0,159,98,0,98,257
01/24/2021,OLM,WA,ANM,WE,Federal Contract Tower,0,0,3,0,3,0,0,2,0,2,0,0,5,0,5,4,0,4,9
01/25/2021,OLM,WA,ANM,WE,Federal Contract Tower,0,4,4,0,8,0,6,28,0,34,0,10,32,0,42,132,0,132,174
01/26/2021,OLM,WA,ANM,WE,Federal Contract Tower,0,0,33,2,35,0,7,67,0,74,0,7,100,2,109,164,26,190,299
01/27/2021,OLM,WA,ANM,WE,Federal Contract Tower,0,0,4,0,4,0,1,29,0,30,0,1,33,0,34,100,0,100,134
01/28/2021,OLM,WA,ANM,WE,Federal Contract Tower,0,0,20,4,24,0,8,58,4,70,0,8,78,8,94,86,10,96,190
01/29/2021,OLM,WA,ANM,WE,Federal Contract Tower,0,0,15,0,15,0,8,39,0,47,0,8,54,0,62,92,0,92,154
01/30/2021,OLM,WA,ANM,WE,Federal Contract Tower,0,0,10,0,10,0,2,30,0,32,0,2,40,0,42,52,0,52,94
01/31/2021,OLM,WA,ANM,WE,Federal Contract Tower,0,0,4,0,4,0,0,1,0,1,0,0,5,0,5,12,0,12,17
02/01/2021,OLM,WA,ANM,WE,Federal Contract Tower,0,3,22,0,25,0,2,7,0,9,0,5,29,0,34,70,0,70,104
02/02/2021,OLM,WA,ANM,WE,Federal Contract Tower,0,0,2,3,5,0,4,12,2,18,0,4,14,5,23,28,0,28,51
02/03/2021,OLM,WA,ANM,WE,Federal Contract Tower,0,0,11,0,11,0,6,54,2,62,0,6,65,2,73,172,2,174,247
02/04/2021,OLM,WA,ANM,WE,Federal Contract Tower,0,0,7,10,17,0,1,15,1,17,0,1,22,11,34,40,10,50,84
02/05/2021,OLM,WA,ANM,WE,Federal Contract Tower,0,1,35,2,38,0,8,92,0,100,0,9,127,2,138,132,2,134,272
02/06/2021,OLM,WA,ANM,WE,Federal Contract Tower,0,1,11,0,12,0,3,0,0,3,0,4,11,0,15,0,0,0,15
02/07/2021,OLM,WA,ANM,WE,Federal Contract Tower,0,0,6,0,6,0,3,37,0,40,0,3,43,0,46,42,0,42,88
02/08/2021,OLM,WA,ANM,WE,Federal Contract Tower,0,0,42,0,42,0,0,69,0,69,0,0,111,0,111,128,4,132,243
02/09/2021,OLM,WA,ANM,WE,Federal Contract Tower,0,2,18,0,20,0,0,90,0,90,0,2,108,0,110,176,0,176,286
02/10/2021,OLM,WA,ANM,WE,Federal Contract Tower,0,0,51,0,51,0,0,66,13,79,0,0,117,13,130,144,12,156,286
02/11/2021,OLM,WA,ANM,WE,Federal Contract Tower,0,0,4,0,4,0,0,1,0,1,0,0,5,0,5,0,0,0,5
02/12/2021,OLM,WA,ANM,WE,Federal Contract Tower,0,0,2,0,2,0,0,0,0,0,0,0,2,0,2,0,0,0,2
02/13/2021,OLM,WA,ANM,WE,Federal Contract Tower,0,0,0,0,0,0,0,0,0,0,0,0,0,0,0,0,0,0,0
02/14/2021,OLM,WA,ANM,WE,Federal Contract Tower,0,0,1,0,1,0,0,0,0,0,0,0,1,0,1,0,0,0,1
02/15/2021,OLM,WA,ANM,WE,Federal Contract Tower,0,1,3,0,4,0,0,0,0,0,0,1,3,0,4,0,0,0,4
02/16/2021,OLM,WA,ANM,WE,Federal Contract Tower,0,0,22,4,26,0,3,48,2,53,0,3,70,6,79,108,0,108,187
02/17/2021,OLM,WA,ANM,WE,Federal Contract Tower,0,0,36,6,42,0,2,84,0,86,0,2,120,6,128,157,0,157,285
02/18/2021,OLM,WA,ANM,WE,Federal Contract Tower,0,3,16,2,21,0,0,9,0,9,0,3,25,2,30,26,0,26,56
02/19/2021,OLM,WA,ANM,WE,Federal Contract Tower,0,1,38,0,39,0,3,47,0,50,0,4,85,0,89,128,0,128,217
02/20/2021,OLM,WA,ANM,WE,Federal Contract Tower,0,0,23,0,23,0,1,68,0,69,0,1,91,0,92,170,0,170,262
02/21/2021,OLM,WA,ANM,WE,Federal Contract Tower,0,3,1,0,4,0,0,6,0,6,0,3,7,0,10,4,0,4,14
02/22/2021,OLM,WA,ANM,WE,Federal Contract Tower,0,0,1,0,1,0,1,1,0,2,0,1,2,0,3,0,0,0,3
02/23/2021,OLM,WA,ANM,WE,Federal Contract Tower,0,3,7,2,12,0,1,36,4,41,0,4,43,6,53,30,2,32,85
02/24/2021,OLM,WA,ANM,WE,Federal Contract Tower,0,0,44,0,44,0,1,95,0,96,0,1,139,0,140,238,0,238,378
02/25/2021,OLM,WA,ANM,WE,Federal Contract Tower,0,0,9,0,9,0,0,9,0,9,0,0,18,0,18,0,0,0,18
02/26/2021,OLM,WA,ANM,WE,Federal Contract Tower,0,0,18,0,18,0,0,25,0,25,0,0,43,0,43,36,0,36,79
02/27/2021,OLM,WA,ANM,WE,Federal Contract Tower,0,0,53,0,53,0,2,104,0,106,0,2,157,0,159,162,0,162,321
02/28/2021,OLM,WA,ANM,WE,Federal Contract Tower,0,0,19,0,19,0,0,26,0,26,0,0,45,0,45,104,0,104,149
03/01/2021,OLM,WA,ANM,WE,Federal Contract Tower,0,0,41,0,41,0,1,95,0,96,0,1,136,0,137,194,0,194,331
03/02/2021,OLM,WA,ANM,WE,Federal Contract Tower,0,2,31,2,35,0,4,78,2,84,0,6,109,4,119,226,6,232,351
03/03/2021,OLM,WA,ANM,WE,Federal Contract Tower,0,1,47,0,48,0,1,119,0,120,0,2,166,0,168,204,0,204,372
03/04/2021,OLM,WA,ANM,WE,Federal Contract Tower,0,1,24,0,25,0,0,37,0,37,0,1,61,0,62,134,0,134,196
03/05/2021,OLM,WA,ANM,WE,Federal Contract Tower,0,0,11,0,11,0,5,14,0,19,0,5,25,0,30,88,0,88,118
03/06/2021,OLM,WA,ANM,WE,Federal Contract Tower,0,0,18,0,18,0,0,26,0,26,0,0,44,0,44,76,0,76,120
03/07/2021,OLM,WA,ANM,WE,Federal Contract Tower,0,0,4,0,4,0,2,3,0,5,0,2,7,0,9,0,0,0,9
03/08/2021,OLM,WA,ANM,WE,Federal Contract Tower,0,0,31,2,33,0,0,71,4,75,0,0,102,6,108,128,10,138,246
03/10/2021,OLM,WA,ANM,WE,Federal Contract Tower,0,0,23,2,25,0,1,91,0,92,0,1,114,2,117,144,0,144,261
03/11/2021,OLM,WA,ANM,WE,Federal Contract Tower,0,0,56,0,56,0,0,137,0,137,0,0,193,0,193,90,0,90,283
03/12/2021,OLM,WA,ANM,WE,Federal Contract Tower,0,0,37,0,37,0,0,114,0,114,0,0,151,0,151,144,2,146,297
03/13/2021,OLM,WA,ANM,WE,Federal Contract Tower,0,0,25,0,25,0,0,90,0,90,0,0,115,0,115,78,0,78,193
03/14/2021,OLM,WA,ANM,WE,Federal Contract Tower,0,0,17,0,17,0,0,39,0,39,0,0,56,0,56,87,0,87,143
03/15/2021,OLM,WA,ANM,WE,Federal Contract Tower,0,0,14,6,20,0,0,0,0,0,0,0,14,6,20,130,12,142,162
03/16/2021,OLM,WA,ANM,WE,Federal Contract Tower,0,0,43,0,43,0,0,122,0,122,0,0,165,0,165,138,0,138,303
03/17/2021,OLM,WA,ANM,WE,Federal Contract Tower,0,0,35,10,45,0,1,116,0,117,0,1,151,10,162,220,0,220,382
03/18/2021,OLM,WA,ANM,WE,Federal Contract Tower,0,2,22,0,24,0,0,23,0,23,0,2,45,0,47,40,0,40,87
03/19/2021,OLM,WA,ANM,WE,Federal Contract Tower,0,0,12,0,12,0,4,20,0,24,0,4,32,0,36,56,4,60,96
03/20/2021,OLM,WA,ANM,WE,Federal Contract Tower,0,3,13,0,16,0,6,19,0,25,0,9,32,0,41,44,0,44,85
03/21/2021,OLM,WA,ANM,WE,Federal Contract Tower,0,0,4,0,4,0,2,22,0,24,0,2,26,0,28,114,0,114,142
03/22/2021,OLM,WA,ANM,WE,Federal Contract Tower,0,0,18,10,28,0,0,55,4,59,0,0,73,14,87,94,0,94,181
03/23/2021,OLM,WA,ANM,WE,Federal Contract Tower,0,1,37,0,38,0,1,86,1,88,0,2,123,1,126,155,0,155,281
03/24/2021,OLM,WA,ANM,WE,Federal Contract Tower,0,0,6,6,12,0,2,1,0,3,0,2,7,6,15,0,0,0,15
03/25/2021,OLM,WA,ANM,WE,Federal Contract Tower,0,2,30,8,40,0,1,44,0,45,0,3,74,8,85,130,0,130,215
03/26/2021,OLM,WA,ANM,WE,Federal Contract Tower,0,0,34,0,34,0,2,84,2,88,0,2,118,2,122,156,0,156,278
03/27/2021,OLM,WA,ANM,WE,Federal Contract Tower,0,0,33,0,33,0,2,95,0,97,0,2,128,0,130,148,0,148,278
03/28/2021,OLM,WA,ANM,WE,Federal Contract Tower,0,0,2,0,2,0,0,2,0,2,0,0,4,0,4,2,0,2,6
03/29/2021,OLM,WA,ANM,WE,Federal Contract Tower,0,0,32,2,34,0,8,65,2,75,0,8,97,4,109,128,6,134,243
03/30/2021,OLM,WA,ANM,WE,Federal Contract Tower,0,2,31,8,41,0,2,84,6,92,0,4,115,14,133,132,4,136,269
03/31/2021,OLM,WA,ANM,WE,Federal Contract Tower,0,0,29,0,29,0,0,142,0,142,0,0,171,0,171,212,0,212,383
04/01/2021,OLM,WA,ANM,WE,Federal Contract Tower,0,1,31,1,33,0,0,109,0,109,0,1,140,1,142,136,0,136,278
04/02/2021,OLM,WA,ANM,WE,Federal Contract Tower,0,0,33,0,33,0,1,95,0,96,0,1,128,0,129,160,0,160,289
04/03/2021,OLM,WA,ANM,WE,Federal Contract Tower,0,0,35,0,35,0,1,117,0,118,0,1,152,0,153,104,0,104,257
04/04/2021,OLM,WA,ANM,WE,Federal Contract Tower,0,0,9,0,9,0,6,16,0,22,0,6,25,0,31,30,0,30,61
04/05/2021,OLM,WA,ANM,WE,Federal Contract Tower,0,3,14,0,17,0,2,99,1,102,0,5,113,1,119,176,0,176,295
04/06/2021,OLM,WA,ANM,WE,Federal Contract Tower,0,1,27,6,34,0,2,96,0,98,0,3,123,6,132,148,0,148,280
04/07/2021,OLM,WA,ANM,WE,Federal Contract Tower,0,0,14,0,14,0,3,19,0,22,0,3,33,0,36,14,0,14,50
04/08/2021,OLM,WA,ANM,WE,Federal Contract Tower,0,3,21,2,26,0,0,86,0,86,0,3,107,2,112,90,0,90,202
04/09/2021,OLM,WA,ANM,WE,Federal Contract Tower,0,0,24,0,24,0,1,55,0,56,0,1,79,0,80,194,0,194,274
04/10/2021,OLM,WA,ANM,WE,Federal Contract Tower,0,0,16,0,16,0,5,86,0,91,0,5,102,0,107,138,0,138,245
04/11/2021,OLM,WA,ANM,WE,Federal Contract Tower,0,0,23,3,26,0,4,105,6,115,0,4,128,9,141,142,0,142,283
04/12/2021,OLM,WA,ANM,WE,Federal Contract Tower,0,0,20,0,20,0,2,112,5,119,0,2,132,5,139,162,10,172,311
04/13/2021,OLM,WA,ANM,WE,Federal Contract Tower,0,0,20,4,24,0,3,63,2,68,0,3,83,6,92,40,10,50,142
04/14/2021,OLM,WA,ANM,WE,Federal Contract Tower,0,0,22,0,22,0,1,122,4,127,0,1,144,4,149,315,4,319,468
04/15/2021,OLM,WA,ANM,WE,Federal Contract Tower,0,0,35,2,37,0,3,119,1,123,0,3,154,3,160,164,2,166,326
04/16/2021,OLM,WA,ANM,WE,Federal Contract Tower,0,3,27,0,30,0,2,128,0,130,0,5,155,0,160,206,0,206,366
04/17/2021,OLM,WA,ANM,WE,Federal Contract Tower,0,0,30,0,30,0,1,134,0,135,0,1,164,0,165,244,0,244,409
04/18/2021,OLM,WA,ANM,WE,Federal Contract Tower,0,0,26,1,27,0,2,111,4,117,0,2,137,5,144,50,0,50,194
04/19/2021,OLM,WA,ANM,WE,Federal Contract Tower,0,0,38,2,40,0,2,96,0,98,0,2,134,2,138,102,0,102,240
04/20/2021,OLM,WA,ANM,WE,Federal Contract Tower,0,1,28,0,29,0,2,95,0,97,0,3,123,0,126,178,0,178,304
04/21/2021,OLM,WA,ANM,WE,Federal Contract Tower,0,0,48,0,48,0,2,125,0,127,0,2,173,0,175,148,2,150,325
04/22/2021,OLM,WA,ANM,WE,Federal Contract Tower,0,1,31,2,34,0,1,47,0,48,0,2,78,2,82,242,2,244,326
04/23/2021,OLM,WA,ANM,WE,Federal Contract Tower,0,2,20,0,22,0,0,72,0,72,0,2,92,0,94,120,0,120,214
04/24/2021,OLM,WA,ANM,WE,Federal Contract Tower,0,0,14,1,15,0,0,11,0,11,0,0,25,1,26,22,0,22,48
04/25/2021,OLM,WA,ANM,WE,Federal Contract Tower,0,2,7,0,9,0,4,23,6,33,0,6,30,6,42,106,0,106,148
04/26/2021,OLM,WA,ANM,WE,Federal Contract Tower,0,0,20,0,20,0,1,81,2,84,0,1,101,2,104,200,0,200,304
04/27/2021,OLM,WA,ANM,WE,Federal Contract Tower,0,0,53,0,53,0,3,82,3,88,0,3,135,3,141,98,0,98,239
04/28/2021,OLM,WA,ANM,WE,Federal Contract Tower,0,0,14,0,14,0,0,77,4,81,0,0,91,4,95,165,0,165,260
04/29/2021,OLM,WA,ANM,WE,Federal Contract Tower,0,0,21,0,21,0,2,119,2,123,0,2,140,2,144,124,0,124,268
04/30/2021,OLM,WA,ANM,WE,Federal Contract Tower,0,1,19,0,20,0,2,15,0,17,0,3,34,0,37,12,0,12,49
05/01/2021,OLM,WA,ANM,WE,Federal Contract Tower,0,0,30,2,32,0,1,72,0,73,0,1,102,2,105,86,0,86,191
05/02/2021,OLM,WA,ANM,WE,Federal Contract Tower,0,0,22,0,22,0,4,81,4,89,0,4,103,4,111,116,0,116,227
05/03/2021,OLM,WA,ANM,WE,Federal Contract Tower,0,1,26,2,29,0,0,30,0,30,0,1,56,2,59,102,0,102,161
05/04/2021,OLM,WA,ANM,WE,Federal Contract Tower,0,0,32,2,34,0,2,65,0,67,0,2,97,2,101,116,0,116,217
05/05/2021,OLM,WA,ANM,WE,Federal Contract Tower,0,1,17,0,18,0,2,96,1,99,0,3,113,1,117,125,0,125,242
05/06/2021,OLM,WA,ANM,WE,Federal Contract Tower,0,3,14,2,19,0,0,36,0,36,0,3,50,2,55,64,0,64,119
05/07/2021,OLM,WA,ANM,WE,Federal Contract Tower,0,1,22,0,23,0,2,50,0,52,0,3,72,0,75,50,0,50,125
05/08/2021,OLM,WA,ANM,WE,Federal Contract Tower,0,3,17,0,20,0,4,54,0,58,0,7,71,0,78,48,0,48,126
05/09/2021,OLM,WA,ANM,WE,Federal Contract Tower,0,2,11,1,14,0,0,33,1,34,0,2,44,2,48,84,0,84,132
05/10/2021,OLM,WA,ANM,WE,Federal Contract Tower,0,1,16,0,17,0,4,70,1,75,0,5,86,1,92,124,0,124,216
05/11/2021,OLM,WA,ANM,WE,Federal Contract Tower,0,0,31,2,33,0,4,91,1,96,0,4,122,3,129,152,0,152,281
05/12/2021,OLM,WA,ANM,WE,Federal Contract Tower,0,1,19,0,20,0,2,89,2,93,0,3,108,2,113,150,0,150,263
05/13/2021,OLM,WA,ANM,WE,Federal Contract Tower,0,1,18,2,21,0,5,85,0,90,0,6,103,2,111,158,0,158,269
05/14/2021,OLM,WA,ANM,WE,Federal Contract Tower,0,0,26,2,28,0,1,109,0,110,0,1,135,2,138,170,0,170,308
05/15/2021,OLM,WA,ANM,WE,Federal Contract Tower,0,0,14,0,14,0,1,125,0,126,0,1,139,0,140,178,0,178,318
05/16/2021,OLM,WA,ANM,WE,Federal Contract Tower,0,2,22,0,24,0,4,98,2,104,0,6,120,2,128,174,0,174,302
05/17/2021,OLM,WA,ANM,WE,Federal Contract Tower,0,0,16,0,16,0,2,38,7,47,0,2,54,7,63,96,0,96,159
05/18/2021,OLM,WA,ANM,WE,Federal Contract Tower,0,3,23,4,30,0,3,49,5,57,0,6,72,9,87,158,0,158,245
05/19/2021,OLM,WA,ANM,WE,Federal Contract Tower,0,5,8,0,13,0,0,76,0,76,0,5,84,0,89,59,0,59,148
05/20/2021,OLM,WA,ANM,WE,Federal Contract Tower,0,0,22,0,22,0,2,77,1,80,0,2,99,1,102,130,0,130,232
05/21/2021,OLM,WA,ANM,WE,Federal Contract Tower,0,1,30,2,33,0,0,62,0,62,0,1,92,2,95,136,2,138,233
05/22/2021,OLM,WA,ANM,WE,Federal Contract Tower,0,1,43,0,44,0,1,57,0,58,0,2,100,0,102,142,0,142,244
05/23/2021,OLM,WA,ANM,WE,Federal Contract Tower,0,0,14,0,14,0,4,19,0,23,0,4,33,0,37,68,0,68,105
05/24/2021,OLM,WA,ANM,WE,Federal Contract Tower,0,1,14,6,21,0,1,4,0,5,0,2,18,6,26,30,0,30,56
05/25/2021,OLM,WA,ANM,WE,Federal Contract Tower,0,2,15,9,26,0,2,63,3,68,0,4,78,12,94,130,0,130,224
05/26/2021,OLM,WA,ANM,WE,Federal Contract Tower,0,0,31,0,31,0,0,127,0,127,0,0,158,0,158,183,0,183,341
05/27/2021,OLM,WA,ANM,WE,Federal Contract Tower,0,0,4,2,6,0,0,4,0,4,0,0,8,2,10,6,0,6,16
05/28/2021,OLM,WA,ANM,WE,Federal Contract Tower,0,0,33,0,33,0,0,92,0,92,0,0,125,0,125,124,0,124,249
05/29/2021,OLM,WA,ANM,WE,Federal Contract Tower,0,2,17,0,19,0,1,132,0,133,0,3,149,0,152,94,0,94,246
05/30/2021,OLM,WA,ANM,WE,Federal Contract Tower,0,0,17,0,17,0,8,92,0,100,0,8,109,0,117,134,0,134,251
05/31/2021,OLM,WA,ANM,WE,Federal Contract Tower,0,0,36,0,36,0,2,67,0,69,0,2,103,0,105,176,0,176,281
06/01/2021,OLM,WA,ANM,WE,Federal Contract Tower,0,0,25,0,25,0,3,96,2,101,0,3,121,2,126,112,0,112,238
06/02/2021,OLM,WA,ANM,WE,Federal Contract Tower,0,0,26,0,26,0,6,150,3,159,0,6,176,3,185,264,0,264,449
06/03/2021,OLM,WA,ANM,WE,Federal Contract Tower,0,0,17,2,19,0,1,102,0,103,0,1,119,2,122,168,2,170,292
06/04/2021,OLM,WA,ANM,WE,Federal Contract Tower,0,5,2,0,7,0,3,95,0,98,0,8,97,0,105,178,0,178,283
06/05/2021,OLM,WA,ANM,WE,Federal Contract Tower,0,0,8,0,8,0,3,17,0,20,0,3,25,0,28,100,0,100,128
06/06/2021,OLM,WA,ANM,WE,Federal Contract Tower,0,5,7,3,15,0,4,19,2,25,0,9,26,5,40,60,0,60,100
06/07/2021,OLM,WA,ANM,WE,Federal Contract Tower,0,0,16,6,22,0,3,47,0,50,0,3,63,6,72,226,0,226,298
06/08/2021,OLM,WA,ANM,WE,Federal Contract Tower,0,0,23,0,23,0,4,67,0,71,0,4,90,0,94,154,0,154,248
06/09/2021,OLM,WA,ANM,WE,Federal Contract Tower,0,0,19,0,19,0,2,86,0,88,0,2,105,0,107,151,0,151,258
06/10/2021,OLM,WA,ANM,WE,Federal Contract Tower,0,0,19,0,19,0,4,70,0,74,0,4,89,0,93,114,0,114,207
06/11/2021,OLM,WA,ANM,WE,Federal Contract Tower,0,3,19,0,22,0,0,35,0,35,0,3,54,0,57,104,0,104,161
06/12/2021,OLM,WA,ANM,WE,Federal Contract Tower,0,6,31,0,37,0,2,115,0,117,0,8,146,0,154,224,0,224,378
06/13/2021,OLM,WA,ANM,WE,Federal Contract Tower,0,2,25,0,27,0,0,0,0,0,0,2,25,0,27,20,0,20,47
06/14/2021,OLM,WA,ANM,WE,Federal Contract Tower,0,0,20,0,20,0,3,29,0,32,0,3,49,0,52,66,0,66,118
06/15/2021,OLM,WA,ANM,WE,Federal Contract Tower,0,2,14,4,20,0,4,45,0,49,0,6,59,4,69,102,0,102,171
06/16/2021,OLM,WA,ANM,WE,Federal Contract Tower,0,1,38,2,41,0,0,82,2,84,0,1,120,4,125,273,0,273,398
06/17/2021,OLM,WA,ANM,WE,Federal Contract Tower,0,1,54,4,59,0,2,125,0,127,0,3,179,4,186,234,0,234,420
06/18/2021,OLM,WA,ANM,WE,Federal Contract Tower,0,0,38,0,38,0,0,123,0,123,0,0,161,0,161,258,0,258,419
06/19/2021,OLM,WA,ANM,WE,Federal Contract Tower,0,0,23,0,23,0,1,125,0,126,0,1,148,0,149,270,0,270,419
06/20/2021,OLM,WA,ANM,WE,Federal Contract Tower,0,0,16,0,16,0,5,88,0,93,0,5,104,0,109,96,0,96,205
06/21/2021,OLM,WA,ANM,WE,Federal Contract Tower,0,4,23,6,33,0,1,75,1,77,0,5,98,7,110,96,0,96,206
06/22/2021,OLM,WA,ANM,WE,Federal Contract Tower,0,6,34,2,42,0,12,61,2,75,0,18,95,4,117,240,0,240,357
06/23/2021,OLM,WA,ANM,WE,Federal Contract Tower,0,3,38,2,43,0,2,97,0,99,0,5,135,2,142,251,0,251,393
06/24/2021,OLM,WA,ANM,WE,Federal Contract Tower,0,0,26,6,32,0,2,117,0,119,0,2,143,6,151,158,0,158,309
06/25/2021,OLM,WA,ANM,WE,Federal Contract Tower,0,3,11,0,14,0,2,123,1,126,0,5,134,1,140,158,0,158,298
06/26/2021,OLM,WA,ANM,WE,Federal Contract Tower,0,0,7,0,7,0,4,99,0,103,0,4,106,0,110,180,0,180,290
06/27/2021,OLM,WA,ANM,WE,Federal Contract Tower,0,0,11,0,11,0,4,33,0,37,0,4,44,0,48,24,0,24,72
06/28/2021,OLM,WA,ANM,WE,Federal Contract Tower,0,1,14,2,17,0,7,26,0,33,0,8,40,2,50,46,0,46,96
06/29/2021,OLM,WA,ANM,WE,Federal Contract Tower,0,3,11,5,19,0,4,78,2,84,0,7,89,7,103,198,0,198,301
06/30/2021,OLM,WA,ANM,WE,Federal Contract Tower,0,0,38,0,38,0,3,95,0,98,0,3,133,0,136,240,0,240,376
07/01/2021,OLM,WA,ANM,WE,Federal Contract Tower,0,5,21,0,26,0,1,81,0,82,0,6,102,0,108,228,0,228,336
07/02/2021,OLM,WA,ANM,WE,Federal Contract Tower,0,1,32,0,33,0,3,95,0,98,0,4,127,0,131,134,2,136,267
07/03/2021,OLM,WA,ANM,WE,Federal Contract Tower,0,3,23,0,26,0,2,89,0,91,0,5,112,0,117,114,0,114,231
07/04/2021,OLM,WA,ANM,WE,Federal Contract Tower,0,7,7,0,14,0,4,36,0,40,0,11,43,0,54,54,0,54,108
07/05/2021,OLM,WA,ANM,WE,Federal Contract Tower,0,5,29,0,34,0,3,61,0,64,0,8,90,0,98,100,0,100,198
07/06/2021,OLM,WA,ANM,WE,Federal Contract Tower,0,1,24,0,25,0,2,44,2,48,0,3,68,2,73,124,0,124,197
07/07/2021,OLM,WA,ANM,WE,Federal Contract Tower,0,1,33,0,34,0,4,61,0,65,0,5,94,0,99,166,0,166,265
07/08/2021,OLM,WA,ANM,WE,Federal Contract Tower,0,0,33,4,37,0,3,111,0,114,0,3,144,4,151,150,0,150,301
07/09/2021,OLM,WA,ANM,WE,Federal Contract Tower,0,1,14,0,15,0,2,107,0,109,0,3,121,0,124,180,0,180,304
07/10/2021,OLM,WA,ANM,WE,Federal Contract Tower,0,3,24,0,27,0,3,79,0,82,0,6,103,0,109,56,0,56,165
07/11/2021,OLM,WA,ANM,WE,Federal Contract Tower,0,9,12,0,21,0,3,74,0,77,0,12,86,0,98,158,0,158,256
07/12/2021,OLM,WA,ANM,WE,Federal Contract Tower,0,6,31,0,37,0,3,104,0,107,0,9,135,0,144,140,0,140,284
07/13/2021,OLM,WA,ANM,WE,Federal Contract Tower,0,4,29,4,37,0,1,85,1,87,0,5,114,5,124,132,0,132,256
07/14/2021,OLM,WA,ANM,WE,Federal Contract Tower,0,1,34,1,36,0,0,99,0,99,0,1,133,1,135,160,2,162,297
07/15/2021,OLM,WA,ANM,WE,Federal Contract Tower,0,0,41,2,43,0,0,93,0,93,0,0,134,2,136,178,10,188,324
07/16/2021,OLM,WA,ANM,WE,Federal Contract Tower,0,2,37,0,39,0,4,86,0,90,0,6,123,0,129,180,0,180,309
07/17/2021,OLM,WA,ANM,WE,Federal Contract Tower,0,0,28,0,28,0,2,85,0,87,0,2,113,0,115,72,0,72,187
07/18/2021,OLM,WA,ANM,WE,Federal Contract Tower,0,1,13,0,14,0,2,105,0,107,0,3,118,0,121,44,0,44,165
07/19/2021,OLM,WA,ANM,WE,Federal Contract Tower,0,0,34,0,34,0,2,149,0,151,0,2,183,0,185,157,0,157,342
07/20/2021,OLM,WA,ANM,WE,Federal Contract Tower,0,1,33,0,34,0,2,105,0,107,0,3,138,0,141,88,0,88,229
07/21/2021,OLM,WA,ANM,WE,Federal Contract Tower,0,1,22,2,25,0,3,107,0,110,0,4,129,2,135,170,2,172,307
07/22/2021,OLM,WA,ANM,WE,Federal Contract Tower,0,0,26,2,28,0,3,104,4,111,0,3,130,6,139,80,4,84,223
07/23/2021,OLM,WA,ANM,WE,Federal Contract Tower,0,2,16,0,18,0,2,129,0,131,0,4,145,0,149,118,0,118,267
07/24/2021,OLM,WA,ANM,WE,Federal Contract Tower,0,2,25,0,27,0,4,88,0,92,0,6,113,0,119,136,0,136,255
07/25/2021,OLM,WA,ANM,WE,Federal Contract Tower,0,1,25,0,26,0,3,108,0,111,0,4,133,0,137,96,0,96,233
07/26/2021,OLM,WA,ANM,WE,Federal Contract Tower,0,0,23,0,23,0,5,113,0,118,0,5,136,0,141,196,2,198,339
07/27/2021,OLM,WA,ANM,WE,Federal Contract Tower,0,6,28,1,35,0,12,106,0,118,0,18,134,1,153,158,0,158,311
07/28/2021,OLM,WA,ANM,WE,Federal Contract Tower,0,2,31,2,35,0,1,105,0,106,0,3,136,2,141,152,0,152,293
07/29/2021,OLM,WA,ANM,WE,Federal Contract Tower,0,3,38,2,43,0,6,84,0,90,0,9,122,2,133,144,2,146,279
07/30/2021,OLM,WA,ANM,WE,Federal Contract Tower,0,3,30,0,33,0,8,100,0,108,0,11,130,0,141,106,2,108,249
07/31/2021,OLM,WA,ANM,WE,Federal Contract Tower,0,0,22,0,22,0,6,79,0,85,0,6,101,0,107,116,0,116,223
08/01/2021,OLM,WA,ANM,WE,Federal Contract Tower,0,1,20,0,21,0,8,79,4,91,0,9,99,4,112,162,0,162,274
08/02/2021,OLM,WA,ANM,WE,Federal Contract Tower,0,1,20,0,21,0,7,67,1,75,0,8,87,1,96,128,0,128,224
08/03/2021,OLM,WA,ANM,WE,Federal Contract Tower,0,4,35,2,41,0,7,109,1,117,0,11,144,3,158,148,0,148,306
08/04/2021,OLM,WA,ANM,WE,Federal Contract Tower,0,2,32,0,34,0,9,80,0,89,0,11,112,0,123,218,0,218,341
08/05/2021,OLM,WA,ANM,WE,Federal Contract Tower,0,4,30,0,34,0,2,87,0,89,0,6,117,0,123,140,0,140,263
08/06/2021,OLM,WA,ANM,WE,Federal Contract Tower,0,1,26,0,27,0,3,43,0,46,0,4,69,0,73,100,0,100,173
08/07/2021,OLM,WA,ANM,WE,Federal Contract Tower,0,7,22,0,29,0,1,34,0,35,0,8,56,0,64,94,0,94,158
08/08/2021,OLM,WA,ANM,WE,Federal Contract Tower,0,4,13,0,17,0,2,81,0,83,0,6,94,0,100,160,0,160,260
08/09/2021,OLM,WA,ANM,WE,Federal Contract Tower,0,4,12,2,18,0,0,82,3,85,0,4,94,5,103,286,0,286,389
08/10/2021,OLM,WA,ANM,WE,Federal Contract Tower,0,0,32,4,36,0,2,104,0,106,0,2,136,4,142,158,0,158,300
08/11/2021,OLM,WA,ANM,WE,Federal Contract Tower,0,5,25,0,30,0,15,110,0,125,0,20,135,0,155,118,0,118,273
08/12/2021,OLM,WA,ANM,WE,Federal Contract Tower,0,1,19,2,22,0,9,105,0,114,0,10,124,2,136,50,0,50,186
08/13/2021,OLM,WA,ANM,WE,Federal Contract Tower,0,0,23,1,24,0,4,76,1,81,0,4,99,2,105,130,0,130,235
08/14/2021,OLM,WA,ANM,WE,Federal Contract Tower,0,0,27,0,27,0,4,63,0,67,0,4,90,0,94,84,0,84,178
08/15/2021,OLM,WA,ANM,WE,Federal Contract Tower,0,1,23,0,24,0,4,63,0,67,0,5,86,0,91,124,0,124,215
08/16/2021,OLM,WA,ANM,WE,Federal Contract Tower,0,3,30,0,33,0,0,39,0,39,0,3,69,0,72,68,0,68,140
08/17/2021,OLM,WA,ANM,WE,Federal Contract Tower,0,1,24,4,29,0,4,54,0,58,0,5,78,4,87,174,0,174,261
08/18/2021,OLM,WA,ANM,WE,Federal Contract Tower,0,3,36,0,39,0,6,92,2,100,0,9,128,2,139,246,0,246,385
08/19/2021,OLM,WA,ANM,WE,Federal Contract Tower,0,9,36,2,47,0,9,78,4,91,0,18,114,6,138,114,0,114,252
08/20/2021,OLM,WA,ANM,WE,Federal Contract Tower,0,0,44,0,44,0,3,25,0,28,0,3,69,0,72,54,0,54,126
08/21/2021,OLM,WA,ANM,WE,Federal Contract Tower,0,3,22,0,25,0,6,75,0,81,0,9,97,0,106,194,0,194,300
08/22/2021,OLM,WA,ANM,WE,Federal Contract Tower,0,6,16,0,22,0,4,59,0,63,0,10,75,0,85,90,0,90,175
08/23/2021,OLM,WA,ANM,WE,Federal Contract Tower,0,1,28,2,31,0,7,66,0,73,0,8,94,2,104,266,0,266,370
08/24/2021,OLM,WA,ANM,WE,Federal Contract Tower,0,4,23,10,37,0,5,64,0,69,0,9,87,10,106,220,0,220,326
08/25/2021,OLM,WA,ANM,WE,Federal Contract Tower,0,8,38,4,50,0,4,80,2,86,0,12,118,6,136,150,0,150,286
08/26/2021,OLM,WA,ANM,WE,Federal Contract Tower,0,1,24,0,25,0,1,41,0,42,0,2,65,0,67,102,0,102,169
08/27/2021,OLM,WA,ANM,WE,Federal Contract Tower,0,2,23,0,25,0,3,61,0,64,0,5,84,0,89,112,0,112,201
08/28/2021,OLM,WA,ANM,WE,Federal Contract Tower,0,2,18,0,20,0,9,113,0,122,0,11,131,0,142,188,0,188,330
08/29/2021,OLM,WA,ANM,WE,Federal Contract Tower,0,0,16,0,16,0,2,107,2,111,0,2,123,2,127,130,0,130,257
08/30/2021,OLM,WA,ANM,WE,Federal Contract Tower,0,1,31,2,34,0,3,54,0,57,0,4,85,2,91,48,6,54,145
08/31/2021,OLM,WA,ANM,WE,Federal Contract Tower,0,4,33,3,40,0,2,102,0,104,0,6,135,3,144,58,0,58,202
09/01/2021,OLM,WA,ANM,WE,Federal Contract Tower,0,0,33,0,33,0,7,108,4,119,0,7,141,4,152,212,0,212,364
09/02/2021,OLM,WA,ANM,WE,Federal Contract Tower,0,0,26,2,28,0,4,119,0,123,0,4,145,2,151,144,2,146,297
09/03/2021,OLM,WA,ANM,WE,Federal Contract Tower,0,0,29,0,29,0,7,105,0,112,0,7,134,0,141,120,0,120,261
09/04/2021,OLM,WA,ANM,WE,Federal Contract Tower,0,0,8,0,8,0,4,66,2,72,0,4,74,2,80,182,0,182,262
09/05/2021,OLM,WA,ANM,WE,Federal Contract Tower,0,1,15,0,16,0,8,64,2,74,0,9,79,2,90,174,0,174,264
09/06/2021,OLM,WA,ANM,WE,Federal Contract Tower,0,1,23,0,24,0,1,81,0,82,0,2,104,0,106,102,0,102,208
09/07/2021,OLM,WA,ANM,WE,Federal Contract Tower,0,9,15,0,24,0,3,100,0,103,0,12,115,0,127,132,0,132,259
09/08/2021,OLM,WA,ANM,WE,Federal Contract Tower,0,2,19,5,26,0,2,66,0,68,0,4,85,5,94,126,10,136,230
09/09/2021,OLM,WA,ANM,WE,Federal Contract Tower,0,0,8,4,12,0,4,106,3,113,0,4,114,7,125,154,0,154,279
09/10/2021,OLM,WA,ANM,WE,Federal Contract Tower,0,1,22,1,24,0,4,43,2,49,0,5,65,3,73,92,4,96,169
09/11/2021,OLM,WA,ANM,WE,Federal Contract Tower,0,3,25,0,28,0,6,54,0,60,0,9,79,0,88,114,0,114,202
09/12/2021,OLM,WA,ANM,WE,Federal Contract Tower,0,1,23,0,24,0,4,68,2,74,0,5,91,2,98,62,0,62,160
09/13/2021,OLM,WA,ANM,WE,Federal Contract Tower,0,0,19,2,21,0,2,94,0,96,0,2,113,2,117,212,0,212,329
09/14/2021,OLM,WA,ANM,WE,Federal Contract Tower,0,5,30,0,35,0,2,65,2,69,0,7,95,2,104,206,0,206,310
09/15/2021,OLM,WA,ANM,WE,Federal Contract Tower,0,2,30,2,34,0,4,75,0,79,0,6,105,2,113,200,0,200,313
09/16/2021,OLM,WA,ANM,WE,Federal Contract Tower,0,2,20,0,22,0,6,106,0,112,0,8,126,0,134,94,18,112,246
09/17/2021,OLM,WA,ANM,WE,Federal Contract Tower,0,5,12,0,17,0,4,11,0,15,0,9,23,0,32,64,0,64,96
09/18/2021,OLM,WA,ANM,WE,Federal Contract Tower,0,0,1,0,1,0,1,9,0,10,0,1,10,0,11,22,0,22,33
09/19/2021,OLM,WA,ANM,WE,Federal Contract Tower,0,0,12,0,12,0,0,8,0,8,0,0,20,0,20,18,0,18,38
09/20/2021,OLM,WA,ANM,WE,Federal Contract Tower,0,0,30,2,32,0,3,90,0,93,0,3,120,2,125,186,8,194,319
09/21/2021,OLM,WA,ANM,WE,Federal Contract Tower,0,2,32,2,36,0,3,89,4,96,0,5,121,6,132,108,0,108,240
09/22/2021,OLM,WA,ANM,WE,Federal Contract Tower,0,0,30,2,32,0,1,38,0,39,0,1,68,2,71,94,0,94,165
09/23/2021,OLM,WA,ANM,WE,Federal Contract Tower,0,2,30,0,32,0,0,60,0,60,0,2,90,0,92,82,8,90,182
09/24/2021,OLM,WA,ANM,WE,Federal Contract Tower,0,0,19,1,20,0,6,94,0,100,0,6,113,1,120,114,0,114,234
09/25/2021,OLM,WA,ANM,WE,Federal Contract Tower,0,0,20,0,20,0,3,105,3,111,0,3,125,3,131,172,0,172,303
09/26/2021,OLM,WA,ANM,WE,Federal Contract Tower,0,0,34,0,34,0,0,10,0,10,0,0,44,0,44,62,0,62,106
09/27/2021,OLM,WA,ANM,WE,Federal Contract Tower,0,0,16,0,16,0,1,17,0,18,0,1,33,0,34,22,0,22,56
09/28/2021,OLM,WA,ANM,WE,Federal Contract Tower,0,3,25,0,28,0,0,16,0,16,0,3,41,0,44,86,0,86,130
09/29/2021,OLM,WA,ANM,WE,Federal Contract Tower,0,4,31,2,37,0,0,56,0,56,0,4,87,2,93,104,0,104,197
09/30/2021,OLM,WA,ANM,WE,Federal Contract Tower,0,1,15,0,16,0,0,20,0,20,0,1,35,0,36,36,0,36,72
10/01/2021,OLM,WA,ANM,WE,Federal Contract Tower,0,0,34,2,36,0,0,58,0,58,0,0,92,2,94,88,0,88,182
10/02/2021,OLM,WA,ANM,WE,Federal Contract Tower,0,0,20,0,20,0,0,81,0,81,0,0,101,0,101,114,0,114,215
10/03/2021,OLM,WA,ANM,WE,Federal Contract Tower,0,3,23,0,26,0,1,26,0,27,0,4,49,0,53,88,0,88,141
10/04/2021,OLM,WA,ANM,WE,Federal Contract Tower,0,2,22,0,24,0,2,74,4,80,0,4,96,4,104,140,0,140,244
10/05/2021,OLM,WA,ANM,WE,Federal Contract Tower,0,1,22,0,23,0,4,25,0,29,0,5,47,0,52,78,0,78,130
10/06/2021,OLM,WA,ANM,WE,Federal Contract Tower,0,0,25,5,30,0,2,46,0,48,0,2,71,5,78,110,0,110,188
10/07/2021,OLM,WA,ANM,WE,Federal Contract Tower,0,1,33,6,40,0,4,100,0,104,0,5,133,6,144,140,0,140,284
10/08/2021,OLM,WA,ANM,WE,Federal Contract Tower,0,3,34,0,37,0,4,103,1,108,0,7,137,1,145,146,0,146,291
10/09/2021,OLM,WA,ANM,WE,Federal Contract Tower,0,2,28,0,30,0,2,75,0,77,0,4,103,0,107,128,0,128,235
10/10/2021,OLM,WA,ANM,WE,Federal Contract Tower,0,3,22,0,25,0,0,30,0,30,0,3,52,0,55,102,0,102,157
10/11/2021,OLM,WA,ANM,WE,Federal Contract Tower,0,2,38,0,40,0,5,82,0,87,0,7,120,0,127,188,0,188,315
10/12/2021,OLM,WA,ANM,WE,Federal Contract Tower,0,4,37,4,45,0,3,49,0,52,0,7,86,4,97,72,0,72,169
10/13/2021,OLM,WA,ANM,WE,Federal Contract Tower,0,1,29,6,36,0,3,54,0,57,0,4,83,6,93,154,4,158,251
10/14/2021,OLM,WA,ANM,WE,Federal Contract Tower,0,5,18,2,25,0,2,28,0,30,0,7,46,2,55,104,0,104,159
10/15/2021,OLM,WA,ANM,WE,Federal Contract Tower,0,2,32,0,34,0,3,68,0,71,0,5,100,0,105,74,0,74,179
10/16/2021,OLM,WA,ANM,WE,Federal Contract Tower,0,2,11,0,13,0,3,60,2,65,0,5,71,2,78,150,0,150,228
10/17/2021,OLM,WA,ANM,WE,Federal Contract Tower,0,4,12,0,16,0,3,10,0,13,0,7,22,0,29,84,0,84,113
10/18/2021,OLM,WA,ANM,WE,Federal Contract Tower,0,3,36,0,39,0,3,31,0,34,0,6,67,0,73,52,0,52,125
10/19/2021,OLM,WA,ANM,WE,Federal Contract Tower,0,0,29,0,29,0,0,74,0,74,0,0,103,0,103,154,0,154,257
10/20/2021,OLM,WA,ANM,WE,Federal Contract Tower,0,4,11,2,17,0,1,16,0,17,0,5,27,2,34,28,10,38,72
10/21/2021,OLM,WA,ANM,WE,Federal Contract Tower,0,0,25,0,25,0,2,67,0,69,0,2,92,0,94,146,0,146,240
10/22/2021,OLM,WA,ANM,WE,Federal Contract Tower,0,0,24,0,24,0,1,29,0,30,0,1,53,0,54,102,0,102,156
10/23/2021,OLM,WA,ANM,WE,Federal Contract Tower,0,0,26,0,26,0,4,10,0,14,0,4,36,0,40,66,0,66,106
10/24/2021,OLM,WA,ANM,WE,Federal Contract Tower,0,2,4,0,6,0,4,7,0,11,0,6,11,0,17,4,0,4,21
10/25/2021,OLM,WA,ANM,WE,Federal Contract Tower,0,2,5,4,11,0,2,3,1,6,0,4,8,5,17,2,0,2,19
10/26/2021,OLM,WA,ANM,WE,Federal Contract Tower,0,0,11,2,13,0,2,13,0,15,0,2,24,2,28,22,0,22,50
10/27/2021,OLM,WA,ANM,WE,Federal Contract Tower,0,0,41,4,45,0,2,70,0,72,0,2,111,4,117,120,0,120,237
10/28/2021,OLM,WA,ANM,WE,Federal Contract Tower,0,3,9,6,18,0,0,0,0,0,0,3,9,6,18,0,0,0,18
10/29/2021,OLM,WA,ANM,WE,Federal Contract Tower,0,1,19,0,20,0,5,94,0,99,0,6,113,0,119,142,0,142,261
10/30/2021,OLM,WA,ANM,WE,Federal Contract Tower,0,0,28,0,28,0,2,113,0,115,0,2,141,0,143,170,0,170,313
10/31/2021,OLM,WA,ANM,WE,Federal Contract Tower,0,1,26,0,27,0,4,159,0,163,0,5,185,0,190,110,0,110,300
11/01/2021,OLM,WA,ANM,WE,Federal Contract Tower,0,1,43,2,46,0,0,59,2,61,0,1,102,4,107,170,4,174,281
11/02/2021,OLM,WA,ANM,WE,Federal Contract Tower,0,1,21,2,24,0,2,52,0,54,0,3,73,2,78,90,0,90,168
11/03/2021,OLM,WA,ANM,WE,Federal Contract Tower,0,0,24,11,35,0,0,23,0,23,0,0,47,11,58,88,0,88,146
11/04/2021,OLM,WA,ANM,WE,Federal Contract Tower,0,2,16,8,26,0,6,11,0,17,0,8,27,8,43,28,0,28,71
11/05/2021,OLM,WA,ANM,WE,Federal Contract Tower,0,0,32,0,32,0,4,78,0,82,0,4,110,0,114,166,2,168,282
11/06/2021,OLM,WA,ANM,WE,Federal Contract Tower,0,0,4,0,4,0,0,16,2,18,0,0,20,2,22,50,0,50,72
11/07/2021,OLM,WA,ANM,WE,Federal Contract Tower,0,3,0,0,3,0,0,5,0,5,0,3,5,0,8,78,0,78,86
11/08/2021,OLM,WA,ANM,WE,Federal Contract Tower,0,0,34,0,34,0,3,109,0,112,0,3,143,0,146,276,6,282,428
11/09/2021,OLM,WA,ANM,WE,Federal Contract Tower,0,1,8,0,9,0,0,0,0,0,0,1,8,0,9,16,0,16,25
11/10/2021,OLM,WA,ANM,WE,Federal Contract Tower,0,6,35,1,42,0,9,96,2,107,0,15,131,3,149,194,0,194,343
11/11/2021,OLM,WA,ANM,WE,Federal Contract Tower,0,2,20,0,22,0,0,2,0,2,0,2,22,0,24,0,0,0,24
11/12/2021,OLM,WA,ANM,WE,Federal Contract Tower,0,2,20,2,24,0,3,19,0,22,0,5,39,2,46,58,0,58,104
11/13/2021,OLM,WA,ANM,WE,Federal Contract Tower,0,2,22,0,24,0,0,13,0,13,0,2,35,0,37,0,0,0,37
11/14/2021,OLM,WA,ANM,WE,Federal Contract Tower,0,2,6,0,8,0,0,1,0,1,0,2,7,0,9,0,0,0,9
11/15/2021,OLM,WA,ANM,WE,Federal Contract Tower,0,5,3,0,8,0,3,0,0,3,0,8,3,0,11,6,2,8,19
11/16/2021,OLM,WA,ANM,WE,Federal Contract Tower,0,0,35,0,35,0,6,109,0,115,0,6,144,0,150,196,0,196,346
11/17/2021,OLM,WA,ANM,WE,Federal Contract Tower,0,0,36,0,36,0,1,112,0,113,0,1,148,0,149,134,2,136,285
11/18/2021,OLM,WA,ANM,WE,Federal Contract Tower,0,3,26,2,31,0,1,49,0,50,0,4,75,2,81,40,0,40,121
11/19/2021,OLM,WA,ANM,WE,Federal Contract Tower,0,2,8,0,10,0,2,23,0,25,0,4,31,0,35,46,2,48,83
11/20/2021,OLM,WA,ANM,WE,Federal Contract Tower,0,1,22,0,23,0,1,43,0,44,0,2,65,0,67,74,0,74,141
11/21/2021,OLM,WA,ANM,WE,Federal Contract Tower,0,1,33,0,34,0,3,41,0,44,0,4,74,0,78,70,0,70,148
11/22/2021,OLM,WA,ANM,WE,Federal Contract Tower,0,1,24,10,35,0,2,34,0,36,0,3,58,10,71,132,0,132,203
11/23/2021,OLM,WA,ANM,WE,Federal Contract Tower,0,0,20,9,29,0,0,43,6,49,0,0,63,15,78,38,6,44,122
11/24/2021,OLM,WA,ANM,WE,Federal Contract Tower,0,1,43,0,44,0,3,88,0,91,0,4,131,0,135,132,4,136,271
11/25/2021,OLM,WA,ANM,WE,Federal Contract Tower,0,0,0,0,0,0,2,2,0,4,0,2,2,0,4,6,0,6,10
11/26/2021,OLM,WA,ANM,WE,Federal Contract Tower,0,2,21,0,23,0,1,10,0,11,0,3,31,0,34,8,0,8,42
11/27/2021,OLM,WA,ANM,WE,Federal Contract Tower,0,2,13,0,15,0,1,12,0,13,0,3,25,0,28,18,0,18,46
11/28/2021,OLM,WA,ANM,WE,Federal Contract Tower,0,4,8,0,12,0,0,9,0,9,0,4,17,0,21,42,0,42,63
11/29/2021,OLM,WA,ANM,WE,Federal Contract Tower,0,1,32,0,33,0,0,46,0,46,0,1,78,0,79,116,0,116,195
11/30/2021,OLM,WA,ANM,WE,Federal Contract Tower,0,5,18,2,25,0,0,0,0,0,0,5,18,2,25,10,0,10,35
12/01/2021,OLM,WA,ANM,WE,Federal Contract Tower,0,2,44,7,53,0,0,62,1,63,0,2,106,8,116,140,0,140,256
12/02/2021,OLM,WA,ANM,WE,Federal Contract Tower,0,0,26,2,28,0,0,96,0,96,0,0,122,2,124,136,4,140,264
12/03/2021,OLM,WA,ANM,WE,Federal Contract Tower,0,0,36,1,37,0,5,65,1,71,0,5,101,2,108,82,8,90,198
12/04/2021,OLM,WA,ANM,WE,Federal Contract Tower,0,1,7,0,8,0,0,4,0,4,0,1,11,0,12,0,0,0,12
12/05/2021,OLM,WA,ANM,WE,Federal Contract Tower,0,2,28,0,30,0,2,34,0,36,0,4,62,0,66,86,0,86,152
12/06/2021,OLM,WA,ANM,WE,Federal Contract Tower,0,6,9,0,15,0,0,1,0,1,0,6,10,0,16,0,0,0,16
12/07/2021,OLM,WA,ANM,WE,Federal Contract Tower,0,2,8,1,11,0,0,5,0,5,0,2,13,1,16,28,0,28,44
12/08/2021,OLM,WA,ANM,WE,Federal Contract Tower,0,0,32,0,32,0,2,68,6,76,0,2,100,6,108,140,20,160,268
12/09/2021,OLM,WA,ANM,WE,Federal Contract Tower,0,0,6,2,8,0,3,26,0,29,0,3,32,2,37,78,2,80,117
12/10/2021,OLM,WA,ANM,WE,Federal Contract Tower,0,4,14,0,18,0,1,31,0,32,0,5,45,0,50,70,0,70,120
12/11/2021,OLM,WA,ANM,WE,Federal Contract Tower,0,2,5,0,7,0,0,4,0,4,0,2,9,0,11,0,0,0,11
12/12/2021,OLM,WA,ANM,WE,Federal Contract Tower,0,0,10,0,10,0,0,7,0,7,0,0,17,0,17,4,0,4,21
12/13/2021,OLM,WA,ANM,WE,Federal Contract Tower,0,0,12,2,14,0,0,10,2,12,0,0,22,4,26,46,10,56,82
12/14/2021,OLM,WA,ANM,WE,Federal Contract Tower,0,0,7,0,7,0,0,46,5,51,0,0,53,5,58,98,16,114,172
12/15/2021,OLM,WA,ANM,WE,Federal Contract Tower,0,3,5,0,8,0,2,30,2,34,0,5,35,2,42,112,25,137,179
12/16/2021,OLM,WA,ANM,WE,Federal Contract Tower,0,0,17,1,18,0,6,61,0,67,0,6,78,1,85,100,14,114,199
12/17/2021,OLM,WA,ANM,WE,Federal Contract Tower,0,1,15,0,16,0,3,59,0,62,0,4,74,0,78,88,0,88,166
12/18/2021,OLM,WA,ANM,WE,Federal Contract Tower,0,0,2,0,2,0,0,0,0,0,0,0,2,0,2,0,0,0,2
12/19/2021,OLM,WA,ANM,WE,Federal Contract Tower,0,0,6,0,6,0,0,37,0,37,0,0,43,0,43,126,0,126,169
12/20/2021,OLM,WA,ANM,WE,Federal Contract Tower,0,4,2,0,6,0,0,0,0,0,0,4,2,0,6,0,0,0,6
12/21/2021,OLM,WA,ANM,WE,Federal Contract Tower,0,1,4,0,5,0,0,0,0,0,0,1,4,0,5,0,0,0,5
12/22/2021,OLM,WA,ANM,WE,Federal Contract Tower,0,1,10,0,11,0,4,21,0,25,0,5,31,0,36,30,0,30,66
12/23/2021,OLM,WA,ANM,WE,Federal Contract Tower,0,3,1,0,4,0,1,35,0,36,0,4,36,0,40,28,0,28,68
12/24/2021,OLM,WA,ANM,WE,Federal Contract Tower,0,1,1,0,2,0,0,0,0,0,0,1,1,0,2,0,0,0,2
12/25/2021,OLM,WA,ANM,WE,Federal Contract Tower,0,0,0,0,0,0,0,0,0,0,0,0,0,0,0,0,0,0,0
12/26/2021,OLM,WA,ANM,WE,Federal Contract Tower,0,3,1,0,4,0,0,0,0,0,0,3,1,0,4,0,0,0,4
12/27/2021,OLM,WA,ANM,WE,Federal Contract Tower,0,0,0,0,0,0,2,2,0,4,0,2,2,0,4,0,0,0,4
12/28/2021,OLM,WA,ANM,WE,Federal Contract Tower,0,0,0,0,0,0,0,0,0,0,0,0,0,0,0,0,0,0,0
12/29/2021,OLM,WA,ANM,WE,Federal Contract Tower,0,0,5,0,5,0,4,21,2,27,0,4,26,2,32,12,2,14,46
12/30/2021,OLM,WA,ANM,WE,Federal Contract Tower,0,0,1,0,1,0,0,7,0,7,0,0,8,0,8,20,0,20,28
12/31/2021,OLM,WA,ANM,WE,Federal Contract Tower,0,0,6,0,6,0,0,29,0,29,0,0,35,0,35,2,0,2,37
01/01/2022,OLM,WA,ANM,WE,Federal Contract Tower,0,0,3,0,3,0,5,16,0,21,0,5,19,0,24,14,0,14,38
01/02/2022,OLM,WA,ANM,WE,Federal Contract Tower,0,3,0,0,3,0,0,8,0,8,0,3,8,0,11,10,0,10,21
01/03/2022,OLM,WA,ANM,WE,Federal Contract Tower,0,0,0,0,0,0,1,5,0,6,0,1,5,0,6,38,0,38,44
01/04/2022,OLM,WA,ANM,WE,Federal Contract Tower,0,2,1,0,3,0,0,16,2,18,0,2,17,2,21,38,0,38,59
01/05/2022,OLM,WA,ANM,WE,Federal Contract Tower,0,0,3,0,3,0,0,0,0,0,0,0,3,0,3,6,0,6,9
01/06/2022,OLM,WA,ANM,WE,Federal Contract Tower,0,5,9,2,16,0,0,1,0,1,0,5,10,2,17,0,0,0,17
01/07/2022,OLM,WA,ANM,WE,Federal Contract Tower,0,3,0,0,3,0,3,17,0,20,0,6,17,0,23,6,4,10,33
01/08/2022,OLM,WA,ANM,WE,Federal Contract Tower,0,1,22,0,23,0,2,79,0,81,0,3,101,0,104,102,8,110,214
01/09/2022,OLM,WA,ANM,WE,Federal Contract Tower,0,0,18,0,18,0,4,89,1,94,0,4,107,1,112,98,2,100,212
01/10/2022,OLM,WA,ANM,WE,Federal Contract Tower,0,1,17,0,18,0,4,38,2,44,0,5,55,2,62,130,10,140,202
01/11/2022,OLM,WA,ANM,WE,Federal Contract Tower,0,1,12,6,19,0,0,13,2,15,0,1,25,8,34,18,0,18,52
01/12/2022,OLM,WA,ANM,WE,Federal Contract Tower,0,1,28,2,31,0,1,84,0,85,0,2,112,2,116,96,0,96,212
01/13/2022,OLM,WA,ANM,WE,Federal Contract Tower,0,0,59,2,61,0,3,41,0,44,0,3,100,2,105,10,0,10,115
01/14/2022,OLM,WA,ANM,WE,Federal Contract Tower,0,0,24,0,24,0,0,59,0,59,0,0,83,0,83,86,0,86,169
01/15/2022,OLM,WA,ANM,WE,Federal Contract Tower,0,2,14,0,16,0,0,5,0,5,0,2,19,0,21,2,0,2,23
01/16/2022,OLM,WA,ANM,WE,Federal Contract Tower,0,0,4,0,4,0,0,0,0,0,0,0,4,0,4,0,0,0,4
01/17/2022,OLM,WA,ANM,WE,Federal Contract Tower,0,0,26,0,26,0,4,75,0,79,0,4,101,0,105,120,0,120,225
01/18/2022,OLM,WA,ANM,WE,Federal Contract Tower,0,2,24,0,26,0,0,67,0,67,0,2,91,0,93,124,0,124,217
01/19/2022,OLM,WA,ANM,WE,Federal Contract Tower,0,0,41,0,41,0,3,28,0,31,0,3,69,0,72,50,0,50,122
01/20/2022,OLM,WA,ANM,WE,Federal Contract Tower,0,2,17,1,20,0,3,28,2,33,0,5,45,3,53,14,0,14,67
01/21/2022,OLM,WA,ANM,WE,Federal Contract Tower,0,2,27,0,29,0,1,43,2,46,0,3,70,2,75,96,0,96,171
01/22/2022,OLM,WA,ANM,WE,Federal Contract Tower,0,2,22,0,24,0,1,51,0,52,0,3,73,0,76,74,0,74,150
01/23/2022,OLM,WA,ANM,WE,Federal Contract Tower,0,0,7,0,7,0,0,0,0,0,0,0,7,0,7,18,0,18,25
01/24/2022,OLM,WA,ANM,WE,Federal Contract Tower,0,2,1,0,3,0,0,2,0,2,0,2,3,0,5,0,0,0,5
01/25/2022,OLM,WA,ANM,WE,Federal Contract Tower,0,7,17,2,26,0,0,4,0,4,0,7,21,2,30,6,0,6,36
01/26/2022,OLM,WA,ANM,WE,Federal Contract Tower,0,1,14,0,15,0,3,37,0,40,0,4,51,0,55,82,0,82,137
01/27/2022,OLM,WA,ANM,WE,Federal Contract Tower,0,5,31,4,40,0,0,63,0,63,0,5,94,4,103,74,0,74,177
01/28/2022,OLM,WA,ANM,WE,Federal Contract Tower,0,1,60,8,69,0,5,85,0,90,0,6,145,8,159,62,0,62,221
01/29/2022,OLM,WA,ANM,WE,Federal Contract Tower,0,0,29,0,29,0,3,100,0,103,0,3,129,0,132,178,0,178,310
01/30/2022,OLM,WA,ANM,WE,Federal Contract Tower,0,0,7,0,7,0,0,10,0,10,0,0,17,0,17,34,0,34,51
01/31/2022,OLM,WA,ANM,WE,Federal Contract Tower,0,0,6,0,6,0,1,40,2,43,0,1,46,2,49,62,14,76,125
02/01/2022,OLM,WA,ANM,WE,Federal Contract Tower,0,0,20,0,20,0,6,55,0,61,0,6,75,0,81,130,0,130,211
02/02/2022,OLM,WA,ANM,WE,Federal Contract Tower,0,2,15,0,17,0,0,3,0,3,0,2,18,0,20,12,0,12,32
02/03/2022,OLM,WA,ANM,WE,Federal Contract Tower,0,0,19,0,19,0,1,20,3,24,0,1,39,3,43,90,2,92,135
02/04/2022,OLM,WA,ANM,WE,Federal Contract Tower,0,2,11,0,13,0,0,12,0,12,0,2,23,0,25,28,0,28,53
02/05/2022,OLM,WA,ANM,WE,Federal Contract Tower,0,1,13,0,14,0,2,37,0,39,0,3,50,0,53,104,0,104,157
02/06/2022,OLM,WA,ANM,WE,Federal Contract Tower,0,0,17,0,17,0,1,12,0,13,0,1,29,0,30,18,0,18,48
02/07/2022,OLM,WA,ANM,WE,Federal Contract Tower,0,1,10,2,13,0,2,32,0,34,0,3,42,2,47,124,0,124,171
02/08/2022,OLM,WA,ANM,WE,Federal Contract Tower,0,2,13,6,21,0,1,40,0,41,0,3,53,6,62,62,0,62,124
02/09/2022,OLM,WA,ANM,WE,Federal Contract Tower,0,0,17,0,17,0,0,84,0,84,0,0,101,0,101,102,2,104,205
02/10/2022,OLM,WA,ANM,WE,Federal Contract Tower,0,3,21,2,26,0,0,2,0,2,0,3,23,2,28,30,0,30,58
02/11/2022,OLM,WA,ANM,WE,Federal Contract Tower,0,0,38,2,40,0,1,80,0,81,0,1,118,2,121,72,0,72,193
02/12/2022,OLM,WA,ANM,WE,Federal Contract Tower,0,1,26,0,27,0,1,106,0,107,0,2,132,0,134,158,0,158,292
02/13/2022,OLM,WA,ANM,WE,Federal Contract Tower,0,1,28,0,29,0,0,89,2,91,0,1,117,2,120,110,0,110,230
02/14/2022,OLM,WA,ANM,WE,Federal Contract Tower,0,1,8,0,9,0,5,27,4,36,0,6,35,4,45,78,0,78,123
02/15/2022,OLM,WA,ANM,WE,Federal Contract Tower,0,17,12,6,35,0,4,60,0,64,0,21,72,6,99,134,4,138,237
02/16/2022,OLM,WA,ANM,WE,Federal Contract Tower,0,2,38,2,42,0,3,73,2,78,0,5,111,4,120,160,0,160,280
02/17/2022,OLM,WA,ANM,WE,Federal Contract Tower,0,1,13,0,14,0,1,22,0,23,0,2,35,0,37,72,0,72,109
02/18/2022,OLM,WA,ANM,WE,Federal Contract Tower,0,2,48,0,50,0,2,64,0,66,0,4,112,0,116,34,0,34,150
02/19/2022,OLM,WA,ANM,WE,Federal Contract Tower,0,0,9,0,9,0,2,25,0,27,0,2,34,0,36,12,0,12,48
02/20/2022,OLM,WA,ANM,WE,Federal Contract Tower,0,0,17,0,17,0,6,40,0,46,0,6,57,0,63,176,0,176,239
02/21/2022,OLM,WA,ANM,WE,Federal Contract Tower,0,0,2,0,2,0,2,30,0,32,0,2,32,0,34,106,0,106,140
02/22/2022,OLM,WA,ANM,WE,Federal Contract Tower,0,6,22,4,32,0,2,29,2,33,0,8,51,6,65,114,0,114,179
02/23/2022,OLM,WA,ANM,WE,Federal Contract Tower,0,2,20,0,22,0,1,115,0,116,0,3,135,0,138,124,4,128,266
02/24/2022,OLM,WA,ANM,WE,Federal Contract Tower,0,1,18,2,21,0,2,84,1,87,0,3,102,3,108,166,34,200,308
02/25/2022,OLM,WA,ANM,WE,Federal Contract Tower,0,0,35,0,35,0,1,106,0,107,0,1,141,0,142,158,0,158,300
02/26/2022,OLM,WA,ANM,WE,Federal Contract Tower,0,9,5,0,14,0,5,27,0,32,0,14,32,0,46,114,0,114,160
02/27/2022,OLM,WA,ANM,WE,Federal Contract Tower,0,2,10,0,12,0,1,2,0,3,0,3,12,0,15,42,0,42,57
02/28/2022,OLM,WA,ANM,WE,Federal Contract Tower,0,1,4,4,9,0,1,0,0,1,0,2,4,4,10,1,0,1,11
03/01/2022,OLM,WA,ANM,WE,Federal Contract Tower,0,1,16,4,21,0,2,26,2,30,0,3,42,6,51,80,0,80,131
03/02/2022,OLM,WA,ANM,WE,Federal Contract Tower,0,1,19,2,22,0,1,22,0,23,0,2,41,2,45,76,0,76,121
03/03/2022,OLM,WA,ANM,WE,Federal Contract Tower,0,0,10,1,11,0,0,44,1,45,0,0,54,2,56,114,0,114,170
03/04/2022,OLM,WA,ANM,WE,Federal Contract Tower,0,1,24,0,25,0,2,61,0,63,0,3,85,0,88,86,0,86,174
03/05/2022,OLM,WA,ANM,WE,Federal Contract Tower,0,0,31,0,31,0,0,96,0,96,0,0,127,0,127,122,0,122,249
03/06/2022,OLM,WA,ANM,WE,Federal Contract Tower,0,1,39,0,40,0,1,84,2,87,0,2,123,2,127,74,0,74,201
03/07/2022,OLM,WA,ANM,WE,Federal Contract Tower,0,0,21,4,25,0,2,64,0,66,0,2,85,4,91,140,2,142,233
03/08/2022,OLM,WA,ANM,WE,Federal Contract Tower,0,0,17,0,17,0,0,17,0,17,0,0,34,0,34,20,4,24,58
03/09/2022,OLM,WA,ANM,WE,Federal Contract Tower,0,0,30,2,32,0,2,83,0,85,0,2,113,2,117,78,0,78,195
03/10/2022,OLM,WA,ANM,WE,Federal Contract Tower,0,0,33,1,34,0,0,128,3,131,0,0,161,4,165,84,6,90,255
03/11/2022,OLM,WA,ANM,WE,Federal Contract Tower,0,0,55,0,55,0,0,75,0,75,0,0,130,0,130,70,0,70,200
03/12/2022,OLM,WA,ANM,WE,Federal Contract Tower,0,0,23,0,23,0,3,49,0,52,0,3,72,0,75,85,0,85,160
03/13/2022,OLM,WA,ANM,WE,Federal Contract Tower,0,1,7,0,8,0,4,17,0,21,0,5,24,0,29,10,0,10,39
03/14/2022,OLM,WA,ANM,WE,Federal Contract Tower,0,0,7,0,7,0,1,15,0,16,0,1,22,0,23,72,0,72,95
03/15/2022,OLM,WA,ANM,WE,Federal Contract Tower,0,2,2,2,6,0,3,25,2,30,0,5,27,4,36,44,0,44,80
03/16/2022,OLM,WA,ANM,WE,Federal Contract Tower,0,0,39,0,39,0,0,76,2,78,0,0,115,2,117,250,0,250,367
03/17/2022,OLM,WA,ANM,WE,Federal Contract Tower,0,0,35,2,37,0,3,63,0,66,0,3,98,2,103,104,6,110,213
03/18/2022,OLM,WA,ANM,WE,Federal Contract Tower,0,0,25,0,25,0,4,43,0,47,0,4,68,0,72,136,2,138,210
03/19/2022,OLM,WA,ANM,WE,Federal Contract Tower,0,0,12,2,14,0,1,21,0,22,0,1,33,2,36,60,0,60,96
03/20/2022,OLM,WA,ANM,WE,Federal Contract Tower,0,0,12,0,12,0,2,31,0,33,0,2,43,0,45,190,0,190,235
03/21/2022,OLM,WA,ANM,WE,Federal Contract Tower,0,0,15,0,15,0,0,10,0,10,0,0,25,0,25,58,0,58,83
03/22/2022,OLM,WA,ANM,WE,Federal Contract Tower,0,0,24,0,24,0,0,77,0,77,0,0,101,0,101,208,0,208,309
03/23/2022,OLM,WA,ANM,WE,Federal Contract Tower,0,1,21,0,22,0,2,13,0,15,0,3,34,0,37,92,0,92,129
03/24/2022,OLM,WA,ANM,WE,Federal Contract Tower,0,1,35,2,38,0,1,101,0,102,0,2,136,2,140,50,2,52,192
03/25/2022,OLM,WA,ANM,WE,Federal Contract Tower,0,0,50,0,50,0,1,78,2,81,0,1,128,2,131,170,0,170,301
03/26/2022,OLM,WA,ANM,WE,Federal Contract Tower,0,0,19,0,19,0,2,44,0,46,0,2,63,0,65,198,0,198,263
03/27/2022,OLM,WA,ANM,WE,Federal Contract Tower,0,0,19,0,19,0,4,72,0,76,0,4,91,0,95,142,0,142,237
03/28/2022,OLM,WA,ANM,WE,Federal Contract Tower,0,0,35,0,35,0,2,49,0,51,0,2,84,0,86,114,0,114,200
03/29/2022,OLM,WA,ANM,WE,Federal Contract Tower,0,1,31,0,32,0,6,49,0,55,0,7,80,0,87,100,0,100,187
03/30/2022,OLM,WA,ANM,WE,Federal Contract Tower,0,0,7,1,8,0,4,44,1,49,0,4,51,2,57,70,0,70,127
03/31/2022,OLM,WA,ANM,WE,Federal Contract Tower,0,0,23,4,27,0,5,100,0,105,0,5,123,4,132,136,4,140,272
04/01/2022,OLM,WA,ANM,WE,Federal Contract Tower,0,0,20,0,20,0,2,59,0,61,0,2,79,0,81,70,0,70,151
04/02/2022,OLM,WA,ANM,WE,Federal Contract Tower,0,0,20,0,20,0,3,55,1,59,0,3,75,1,79,114,0,114,193
04/03/2022,OLM,WA,ANM,WE,Federal Contract Tower,0,0,5,0,5,0,0,17,0,17,0,0,22,0,22,20,0,20,42
04/04/2022,OLM,WA,ANM,WE,Federal Contract Tower,0,2,1,2,5,0,0,0,0,0,0,2,1,2,5,0,0,0,5
04/05/2022,OLM,WA,ANM,WE,Federal Contract Tower,0,2,17,0,19,0,1,31,2,34,0,3,48,2,53,86,0,86,139
04/06/2022,OLM,WA,ANM,WE,Federal Contract Tower,0,1,46,0,47,0,0,124,2,126,0,1,170,2,173,194,0,194,367
04/07/2022,OLM,WA,ANM,WE,Federal Contract Tower,0,0,40,3,43,0,2,123,0,125,0,2,163,3,168,220,0,220,388
04/08/2022,OLM,WA,ANM,WE,Federal Contract Tower,0,0,5,0,5,0,4,18,0,22,0,4,23,0,27,4,0,4,31
04/09/2022,OLM,WA,ANM,WE,Federal Contract Tower,0,2,4,0,6,0,0,16,0,16,0,2,20,0,22,22,0,22,44
04/10/2022,OLM,WA,ANM,WE,Federal Contract Tower,0,0,9,0,9,0,2,24,0,26,0,2,33,0,35,70,0,70,105
04/11/2022,OLM,WA,ANM,WE,Federal Contract Tower,0,0,9,0,9,0,0,22,0,22,0,0,31,0,31,80,0,80,111
04/12/2022,OLM,WA,ANM,WE,Federal Contract Tower,0,0,3,2,5,0,0,7,0,7,0,0,10,2,12,14,0,14,26
04/13/2022,OLM,WA,ANM,WE,Federal Contract Tower,0,1,2,0,3,0,1,5,0,6,0,2,7,0,9,8,0,8,17
04/14/2022,OLM,WA,ANM,WE,Federal Contract Tower,0,0,18,4,22,0,0,64,0,64,0,0,82,4,86,124,0,124,210
04/15/2022,OLM,WA,ANM,WE,Federal Contract Tower,0,3,20,0,23,0,3,51,2,56,0,6,71,2,79,96,0,96,175
04/16/2022,OLM,WA,ANM,WE,Federal Contract Tower,0,0,5,0,5,0,3,25,0,28,0,3,30,0,33,40,0,40,73
04/17/2022,OLM,WA,ANM,WE,Federal Contract Tower,0,0,22,0,22,0,5,103,0,108,0,5,125,0,130,140,0,140,270
04/18/2022,OLM,WA,ANM,WE,Federal Contract Tower,0,0,5,0,5,0,0,12,0,12,0,0,17,0,17,52,0,52,69
04/19/2022,OLM,WA,ANM,WE,Federal Contract Tower,0,5,26,6,37,0,0,67,2,69,0,5,93,8,106,136,14,150,256
04/20/2022,OLM,WA,ANM,WE,Federal Contract Tower,0,2,23,0,25,0,2,48,0,50,0,4,71,0,75,150,0,150,225
04/21/2022,OLM,WA,ANM,WE,Federal Contract Tower,0,4,10,0,14,0,2,30,0,32,0,6,40,0,46,40,18,58,104
04/22/2022,OLM,WA,ANM,WE,Federal Contract Tower,0,3,12,0,15,0,0,53,2,55,0,3,65,2,70,98,0,98,168
04/23/2022,OLM,WA,ANM,WE,Federal Contract Tower,0,1,35,0,36,0,2,116,2,120,0,3,151,2,156,200,0,200,356
04/24/2022,OLM,WA,ANM,WE,Federal Contract Tower,0,6,23,0,29,0,5,95,4,104,0,11,118,4,133,140,0,140,273
04/25/2022,OLM,WA,ANM,WE,Federal Contract Tower,0,2,46,0,48,0,3,51,0,54,0,5,97,0,102,106,4,110,212
04/26/2022,OLM,WA,ANM,WE,Federal Contract Tower,0,0,5,0,5,0,4,39,0,43,0,4,44,0,48,94,0,94,142
04/27/2022,OLM,WA,ANM,WE,Federal Contract Tower,0,4,34,0,38,0,4,63,0,67,0,8,97,0,105,122,0,122,227
04/28/2022,OLM,WA,ANM,WE,Federal Contract Tower,0,3,32,0,35,0,0,81,0,81,0,3,113,0,116,180,0,180,296
04/29/2022,OLM,WA,ANM,WE,Federal Contract Tower,0,0,27,0,27,0,5,104,0,109,0,5,131,0,136,90,0,90,226
04/30/2022,OLM,WA,ANM,WE,Federal Contract Tower,0,1,29,0,30,0,1,42,0,43,0,2,71,0,73,200,0,200,273
05/01/2022,OLM,WA,ANM,WE,Federal Contract Tower,0,3,22,2,27,0,2,76,2,80,0,5,98,4,107,152,0,152,259
05/02/2022,OLM,WA,ANM,WE,Federal Contract Tower,0,1,25,4,30,0,2,71,0,73,0,3,96,4,103,180,0,180,283
05/03/2022,OLM,WA,ANM,WE,Federal Contract Tower,0,2,41,0,43,0,3,49,0,52,0,5,90,0,95,113,0,113,208
05/04/2022,OLM,WA,ANM,WE,Federal Contract Tower,0,2,22,2,26,0,2,108,0,110,0,4,130,2,136,130,2,132,268
05/05/2022,OLM,WA,ANM,WE,Federal Contract Tower,0,4,10,4,18,0,0,6,0,6,0,4,16,4,24,18,0,18,42
05/06/2022,OLM,WA,ANM,WE,Federal Contract Tower,0,0,7,0,7,0,0,9,0,9,0,0,16,0,16,18,0,18,34
05/07/2022,OLM,WA,ANM,WE,Federal Contract Tower,0,0,14,0,14,0,2,12,0,14,0,2,26,0,28,28,0,28,56
05/08/2022,OLM,WA,ANM,WE,Federal Contract Tower,0,0,5,0,5,0,2,18,0,20,0,2,23,0,25,102,0,102,127
05/09/2022,OLM,WA,ANM,WE,Federal Contract Tower,0,0,11,0,11,0,2,38,0,40,0,2,49,0,51,82,0,82,133
05/10/2022,OLM,WA,ANM,WE,Federal Contract Tower,0,0,27,6,33,0,9,74,0,83,0,9,101,6,116,156,0,156,272
05/11/2022,OLM,WA,ANM,WE,Federal Contract Tower,0,0,36,4,40,0,9,92,0,101,0,9,128,4,141,122,0,122,263
05/12/2022,OLM,WA,ANM,WE,Federal Contract Tower,0,1,9,0,10,0,3,5,2,10,0,4,14,2,20,16,0,16,36
05/13/2022,OLM,WA,ANM,WE,Federal Contract Tower,0,0,29,2,31,0,3,88,0,91,0,3,117,2,122,124,2,126,248
05/14/2022,OLM,WA,ANM,WE,Federal Contract Tower,0,1,17,0,18,0,4,9,0,13,0,5,26,0,31,28,0,28,59
05/15/2022,OLM,WA,ANM,WE,Federal Contract Tower,0,0,9,0,9,0,2,2,0,4,0,2,11,0,13,10,0,10,23
05/16/2022,OLM,WA,ANM,WE,Federal Contract Tower,0,1,12,4,17,0,1,66,0,67,0,2,78,4,84,122,0,122,206
05/17/2022,OLM,WA,ANM,WE,Federal Contract Tower,0,0,33,0,33,0,2,98,0,100,0,2,131,0,133,174,0,174,307
05/18/2022,OLM,WA,ANM,WE,Federal Contract Tower,0,2,4,2,8,0,0,7,0,7,0,2,11,2,15,10,2,12,27
05/19/2022,OLM,WA,ANM,WE,Federal Contract Tower,0,5,27,6,38,0,2,61,0,63,0,7,88,6,101,130,0,130,231
05/20/2022,OLM,WA,ANM,WE,Federal Contract Tower,0,0,5,0,5,0,1,104,0,105,0,1,109,0,110,112,2,114,224
05/21/2022,OLM,WA,ANM,WE,Federal Contract Tower,0,3,15,0,18,0,1,104,0,105,0,4,119,0,123,110,2,112,235
05/22/2022,OLM,WA,ANM,WE,Federal Contract Tower,0,5,18,0,23,0,4,103,0,107,0,9,121,0,130,196,0,196,326
05/23/2022,OLM,WA,ANM,WE,Federal Contract Tower,0,0,35,0,35,0,9,125,0,134,0,9,160,0,169,112,0,112,281
05/24/2022,OLM,WA,ANM,WE,Federal Contract Tower,0,2,35,2,39,0,4,78,0,82,0,6,113,2,121,164,0,164,285
05/25/2022,OLM,WA,ANM,WE,Federal Contract Tower,0,1,53,2,56,0,2,86,0,88,0,3,139,2,144,162,0,162,306
05/26/2022,OLM,WA,ANM,WE,Federal Contract Tower,0,1,23,9,33,0,1,62,1,64,0,2,85,10,97,136,0,136,233
05/27/2022,OLM,WA,ANM,WE,Federal Contract Tower,0,0,14,0,14,0,4,41,0,45,0,4,55,0,59,58,0,58,117
05/28/2022,OLM,WA,ANM,WE,Federal Contract Tower,0,0,23,0,23,0,2,11,0,13,0,2,34,0,36,12,0,12,48
05/29/2022,OLM,WA,ANM,WE,Federal Contract Tower,0,0,10,0,10,0,2,20,0,22,0,2,30,0,32,14,0,14,46
05/30/2022,OLM,WA,ANM,WE,Federal Contract Tower,0,1,21,0,22,0,4,56,0,60,0,5,77,0,82,156,0,156,238
05/31/2022,OLM,WA,ANM,WE,Federal Contract Tower,0,0,13,2,15,0,4,104,2,110,0,4,117,4,125,126,0,126,251
06/01/2022,OLM,WA,ANM,WE,Federal Contract Tower,0,1,24,0,25,0,0,77,0,77,0,1,101,0,102,148,0,148,250
06/02/2022,OLM,WA,ANM,WE,Federal Contract Tower,0,2,18,7,27,0,0,75,1,76,0,2,93,8,103,112,2,114,217
06/03/2022,OLM,WA,ANM,WE,Federal Contract Tower,0,2,18,0,20,0,2,31,0,33,0,4,49,0,53,68,0,68,121
06/04/2022,OLM,WA,ANM,WE,Federal Contract Tower,0,0,28,0,28,0,2,32,0,34,0,2,60,0,62,66,0,66,128
06/05/2022,OLM,WA,ANM,WE,Federal Contract Tower,0,0,5,0,5,0,2,10,0,12,0,2,15,0,17,84,0,84,101
06/06/2022,OLM,WA,ANM,WE,Federal Contract Tower,0,1,31,0,32,0,0,77,0,77,0,1,108,0,109,120,0,120,229
06/07/2022,OLM,WA,ANM,WE,Federal Contract Tower,0,2,15,0,17,0,2,96,0,98,0,4,111,0,115,176,0,176,291
06/08/2022,OLM,WA,ANM,WE,Federal Contract Tower,0,1,19,0,20,0,1,60,1,62,0,2,79,1,82,152,0,152,234
06/09/2022,OLM,WA,ANM,WE,Federal Contract Tower,0,2,28,0,30,0,0,30,0,30,0,2,58,0,60,30,0,30,90
06/10/2022,OLM,WA,ANM,WE,Federal Contract Tower,0,3,10,2,15,0,1,11,0,12,0,4,21,2,27,20,0,20,47
06/11/2022,OLM,WA,ANM,WE,Federal Contract Tower,0,0,21,0,21,0,2,49,3,54,0,2,70,3,75,0,130,130,205
06/12/2022,OLM,WA,ANM,WE,Federal Contract Tower,0,2,15,0,17,0,4,31,0,35,0,6,46,0,52,72,0,72,124
06/13/2022,OLM,WA,ANM,WE,Federal Contract Tower,0,2,4,2,8,0,2,46,0,48,0,4,50,2,56,68,0,68,124
06/14/2022,OLM,WA,ANM,WE,Federal Contract Tower,0,2,21,2,25,0,0,90,0,90,0,2,111,2,115,216,0,216,331
06/15/2022,OLM,WA,ANM,WE,Federal Contract Tower,0,3,34,0,37,0,0,71,4,75,0,3,105,4,112,136,0,136,248
06/16/2022,OLM,WA,ANM,WE,Federal Contract Tower,0,2,18,0,20,0,4,69,2,75,0,6,87,2,95,120,0,120,215
06/17/2022,OLM,WA,ANM,WE,Federal Contract Tower,0,2,12,0,14,0,2,31,0,33,0,4,43,0,47,36,2,38,85
06/18/2022,OLM,WA,ANM,WE,Federal Contract Tower,0,1,3,1,5,0,4,50,0,54,0,5,53,1,59,160,0,160,219
06/19/2022,OLM,WA,ANM,WE,Federal Contract Tower,0,0,4,0,4,0,2,66,0,68,0,2,70,0,72,246,0,246,318
06/20/2022,OLM,WA,ANM,WE,Federal Contract Tower,0,2,30,1,33,0,3,77,2,82,0,5,107,3,115,194,0,194,309
06/21/2022,OLM,WA,ANM,WE,Federal Contract Tower,0,0,23,4,27,0,2,86,0,88,0,2,109,4,115,172,0,172,287
06/22/2022,OLM,WA,ANM,WE,Federal Contract Tower,0,4,32,3,39,0,2,61,0,63,0,6,93,3,102,152,0,152,254
06/23/2022,OLM,WA,ANM,WE,Federal Contract Tower,0,3,18,1,22,0,2,123,0,125,0,5,141,1,147,180,0,180,327
06/24/2022,OLM,WA,ANM,WE,Federal Contract Tower,0,0,20,5,25,0,3,102,2,107,0,3,122,7,132,74,2,76,208
06/25/2022,OLM,WA,ANM,WE,Federal Contract Tower,0,2,14,0,16,0,6,106,0,112,0,8,120,0,128,110,0,110,238
06/26/2022,OLM,WA,ANM,WE,Federal Contract Tower,0,0,11,0,11,0,0,68,6,74,0,0,79,6,85,96,0,96,181
06/27/2022,OLM,WA,ANM,WE,Federal Contract Tower,0,2,10,0,12,0,2,117,0,119,0,4,127,0,131,208,0,208,339
06/28/2022,OLM,WA,ANM,WE,Federal Contract Tower,0,0,16,2,18,0,0,20,0,20,0,0,36,2,38,46,4,50,88
06/29/2022,OLM,WA,ANM,WE,Federal Contract Tower,0,2,25,0,27,0,1,67,3,71,0,3,92,3,98,178,0,178,276
06/30/2022,OLM,WA,ANM,WE,Federal Contract Tower,0,0,20,0,20,0,0,105,0,105,0,0,125,0,125,92,0,92,217
07/01/2022,OLM,WA,ANM,WE,Federal Contract Tower,0,0,38,0,38,0,1,96,0,97,0,1,134,0,135,70,2,72,207
07/02/2022,OLM,WA,ANM,WE,Federal Contract Tower,0,2,34,0,36,0,3,28,0,31,0,5,62,0,67,110,0,110,177
07/03/2022,OLM,WA,ANM,WE,Federal Contract Tower,0,3,6,0,9,0,3,24,0,27,0,6,30,0,36,42,0,42,78
07/04/2022,OLM,WA,ANM,WE,Federal Contract Tower,0,0,8,0,8,0,6,39,0,45,0,6,47,0,53,76,0,76,129
07/05/2022,OLM,WA,ANM,WE,Federal Contract Tower,0,0,14,0,14,0,5,72,0,77,0,5,86,0,91,162,0,162,253
07/06/2022,OLM,WA,ANM,WE,Federal Contract Tower,0,0,9,5,14,0,0,64,1,65,0,0,73,6,79,102,6,108,187
07/07/2022,OLM,WA,ANM,WE,Federal Contract Tower,0,2,27,4,33,0,2,106,2,110,0,4,133,6,143,246,0,246,389
07/08/2022,OLM,WA,ANM,WE,Federal Contract Tower,0,3,33,0,36,0,2,83,0,85,0,5,116,0,121,112,0,112,233
07/09/2022,OLM,WA,ANM,WE,Federal Contract Tower,0,1,21,0,22,0,2,100,0,102,0,3,121,0,124,66,0,66,190
07/10/2022,OLM,WA,ANM,WE,Federal Contract Tower,0,2,10,0,12,0,2,82,4,88,0,4,92,4,100,148,0,148,248
07/11/2022,OLM,WA,ANM,WE,Federal Contract Tower,0,0,9,4,13,0,2,99,0,101,0,2,108,4,114,180,0,180,294
07/12/2022,OLM,WA,ANM,WE,Federal Contract Tower,0,0,23,4,27,0,2,63,0,65,0,2,86,4,92,136,0,136,228
07/13/2022,OLM,WA,ANM,WE,Federal Contract Tower,0,4,23,0,27,0,2,82,0,84,0,6,105,0,111,164,4,168,279
07/14/2022,OLM,WA,ANM,WE,Federal Contract Tower,0,4,18,4,26,0,4,85,0,89,0,8,103,4,115,70,0,70,185
07/15/2022,OLM,WA,ANM,WE,Federal Contract Tower,0,0,28,0,28,0,3,53,0,56,0,3,81,0,84,66,0,66,150
07/16/2022,OLM,WA,ANM,WE,Federal Contract Tower,0,0,20,0,20,0,5,80,0,85,0,5,100,0,105,194,0,194,299
07/17/2022,OLM,WA,ANM,WE,Federal Contract Tower,0,0,21,0,21,0,4,75,2,81,0,4,96,2,102,166,0,166,268
07/18/2022,OLM,WA,ANM,WE,Federal Contract Tower,0,0,33,0,33,0,2,72,0,74,0,2,105,0,107,288,2,290,397
07/19/2022,OLM,WA,ANM,WE,Federal Contract Tower,0,0,24,0,24,0,4,97,0,101,0,4,121,0,125,146,2,148,273
07/20/2022,OLM,WA,ANM,WE,Federal Contract Tower,0,3,12,2,17,0,1,88,1,90,0,4,100,3,107,198,0,198,305
07/21/2022,OLM,WA,ANM,WE,Federal Contract Tower,0,5,20,0,25,0,5,79,4,88,0,10,99,4,113,144,0,144,257
07/22/2022,OLM,WA,ANM,WE,Federal Contract Tower,0,0,22,2,24,0,3,73,3,79,0,3,95,5,103,64,0,64,167
07/23/2022,OLM,WA,ANM,WE,Federal Contract Tower,0,0,23,2,25,0,1,51,0,52,0,1,74,2,77,110,0,110,187
07/24/2022,OLM,WA,ANM,WE,Federal Contract Tower,0,2,17,0,19,0,4,71,0,75,0,6,88,0,94,128,0,128,222
07/25/2022,OLM,WA,ANM,WE,Federal Contract Tower,0,0,11,2,13,0,1,71,2,74,0,1,82,4,87,120,0,120,207
07/26/2022,OLM,WA,ANM,WE,Federal Contract Tower,0,4,19,0,23,0,6,75,2,83,0,10,94,2,106,210,2,212,318
07/27/2022,OLM,WA,ANM,WE,Federal Contract Tower,0,1,28,0,29,0,6,96,0,102,0,7,124,0,131,214,0,214,345
07/28/2022,OLM,WA,ANM,WE,Federal Contract Tower,0,3,33,1,37,0,4,90,3,97,0,7,123,4,134,134,2,136,270
07/29/2022,OLM,WA,ANM,WE,Federal Contract Tower,0,2,18,0,20,0,4,69,2,75,0,6,87,2,95,78,2,80,175
07/30/2022,OLM,WA,ANM,WE,Federal Contract Tower,0,2,17,0,19,0,7,81,0,88,0,9,98,0,107,188,0,188,295
07/31/2022,OLM,WA,ANM,WE,Federal Contract Tower,0,5,17,1,23,0,4,71,1,76,0,9,88,2,99,142,0,142,241
08/01/2022,OLM,WA,ANM,WE,Federal Contract Tower,0,1,30,4,35,0,5,70,0,75,0,6,100,4,110,132,0,132,242
08/02/2022,OLM,WA,ANM,WE,Federal Contract Tower,0,1,26,0,27,0,7,90,0,97,0,8,116,0,124,128,0,128,252
08/03/2022,OLM,WA,ANM,WE,Federal Contract Tower,0,5,28,0,33,0,4,72,0,76,0,9,100,0,109,126,0,126,235
08/04/2022,OLM,WA,ANM,WE,Federal Contract Tower,0,4,35,0,39,0,4,72,1,77,0,8,107,1,116,192,4,196,312
08/05/2022,OLM,WA,ANM,WE,Federal Contract Tower,0,0,27,2,29,0,2,88,2,92,0,2,115,4,121,82,6,88,209
08/06/2022,OLM,WA,ANM,WE,Federal Contract Tower,0,0,15,0,15,0,3,92,0,95,0,3,107,0,110,82,0,82,192
08/07/2022,OLM,WA,ANM,WE,Federal Contract Tower,0,0,9,0,9,0,6,80,0,86,0,6,89,0,95,108,0,108,203
08/08/2022,OLM,WA,ANM,WE,Federal Contract Tower,0,9,14,4,27,0,6,83,4,93,0,15,97,8,120,136,6,142,262
08/09/2022,OLM,WA,ANM,WE,Federal Contract Tower,0,2,23,0,25,0,4,72,0,76,0,6,95,0,101,242,0,242,343
08/10/2022,OLM,WA,ANM,WE,Federal Contract Tower,0,3,16,0,19,0,2,43,0,45,0,5,59,0,64,192,0,192,256
08/11/2022,OLM,WA,ANM,WE,Federal Contract Tower,0,0,38,8,46,0,2,108,0,110,0,2,146,8,156,120,0,120,276
08/12/2022,OLM,WA,ANM,WE,Federal Contract Tower,0,0,18,0,18,0,4,71,0,75,0,4,89,0,93,94,2,96,189
08/13/2022,OLM,WA,ANM,WE,Federal Contract Tower,0,0,29,0,29,0,3,49,6,58,0,3,78,6,87,122,0,122,209
08/14/2022,OLM,WA,ANM,WE,Federal Contract Tower,0,0,19,0,19,0,6,84,0,90,0,6,103,0,109,158,0,158,267
08/15/2022,OLM,WA,ANM,WE,Federal Contract Tower,0,0,18,0,18,0,2,96,5,103,0,2,114,5,121,92,0,92,213
08/16/2022,OLM,WA,ANM,WE,Federal Contract Tower,0,0,27,0,27,0,2,95,3,100,0,2,122,3,127,190,0,190,317
08/17/2022,OLM,WA,ANM,WE,Federal Contract Tower,0,0,22,2,24,0,2,72,0,74,0,2,94,2,98,80,2,82,180
08/18/2022,OLM,WA,ANM,WE,Federal Contract Tower,0,2,21,2,25,0,2,75,0,77,0,4,96,2,102,114,0,114,216
08/19/2022,OLM,WA,ANM,WE,Federal Contract Tower,0,0,37,0,37,0,2,77,0,79,0,2,114,0,116,126,0,126,242
08/20/2022,OLM,WA,ANM,WE,Federal Contract Tower,0,0,22,0,22,0,2,69,1,72,0,2,91,1,94,132,0,132,226
08/21/2022,OLM,WA,ANM,WE,Federal Contract Tower,0,1,17,0,18,0,2,56,0,58,0,3,73,0,76,86,0,86,162
08/22/2022,OLM,WA,ANM,WE,Federal Contract Tower,0,0,18,0,18,0,2,89,2,93,0,2,107,2,111,168,6,174,285
08/23/2022,OLM,WA,ANM,WE,Federal Contract Tower,0,0,44,0,44,0,3,74,4,81,0,3,118,4,125,182,0,182,307
08/24/2022,OLM,WA,ANM,WE,Federal Contract Tower,0,2,35,0,37,0,3,106,2,111,0,5,141,2,148,152,2,154,302
08/25/2022,OLM,WA,ANM,WE,Federal Contract Tower,0,0,46,2,48,0,1,97,1,99,0,1,143,3,147,106,0,106,253
08/26/2022,OLM,WA,ANM,WE,Federal Contract Tower,0,0,11,2,13,0,4,33,0,37,0,4,44,2,50,56,2,58,108
08/27/2022,OLM,WA,ANM,WE,Federal Contract Tower,0,0,27,0,27,0,3,40,0,43,0,3,67,0,70,34,0,34,104
08/28/2022,OLM,WA,ANM,WE,Federal Contract Tower,0,3,12,0,15,0,2,94,0,96,0,5,106,0,111,136,0,136,247
08/29/2022,OLM,WA,ANM,WE,Federal Contract Tower,0,3,32,4,39,0,4,111,4,119,0,7,143,8,158,196,0,196,354
08/30/2022,OLM,WA,ANM,WE,Federal Contract Tower,0,0,34,4,38,0,4,106,2,112,0,4,140,6,150,276,6,282,432
08/31/2022,OLM,WA,ANM,WE,Federal Contract Tower,0,2,40,4,46,0,4,74,0,78,0,6,114,4,124,212,0,212,336
09/01/2022,OLM,WA,ANM,WE,Federal Contract Tower,0,0,39,0,39,0,1,50,0,51,0,1,89,0,90,172,6,178,268
09/02/2022,OLM,WA,ANM,WE,Federal Contract Tower,0,0,23,0,23,0,4,69,0,73,0,4,92,0,96,122,0,122,218
09/03/2022,OLM,WA,ANM,WE,Federal Contract Tower,0,1,20,0,21,0,3,48,0,51,0,4,68,0,72,94,0,94,166
09/04/2022,OLM,WA,ANM,WE,Federal Contract Tower,0,1,22,0,23,0,6,32,0,38,0,7,54,0,61,46,0,46,107
09/05/2022,OLM,WA,ANM,WE,Federal Contract Tower,0,0,22,0,22,0,5,42,0,47,0,5,64,0,69,86,0,86,155
09/06/2022,OLM,WA,ANM,WE,Federal Contract Tower,0,2,22,0,24,0,2,85,0,87,0,4,107,0,111,126,0,126,237
09/07/2022,OLM,WA,ANM,WE,Federal Contract Tower,0,0,23,2,25,0,3,107,2,112,0,3,130,4,137,110,14,124,261
09/08/2022,OLM,WA,ANM,WE,Federal Contract Tower,0,0,28,0,28,0,3,119,0,122,0,3,147,0,150,88,10,98,248
09/09/2022,OLM,WA,ANM,WE,Federal Contract Tower,0,0,16,0,16,0,5,63,1,69,0,5,79,1,85,50,2,52,137
09/10/2022,OLM,WA,ANM,WE,Federal Contract Tower,0,0,12,2,14,0,3,63,0,66,0,3,75,2,80,134,0,134,214
09/11/2022,OLM,WA,ANM,WE,Federal Contract Tower,0,2,17,2,21,0,2,51,0,53,0,4,68,2,74,190,0,190,264
09/12/2022,OLM,WA,ANM,WE,Federal Contract Tower,0,4,39,5,48,0,2,63,2,67,0,6,102,7,115,224,0,224,339
09/13/2022,OLM,WA,ANM,WE,Federal Contract Tower,0,0,22,4,26,0,3,75,2,80,0,3,97,6,106,156,0,156,262
09/14/2022,OLM,WA,ANM,WE,Federal Contract Tower,0,0,19,0,19,0,3,79,0,82,0,3,98,0,101,208,2,210,311
09/15/2022,OLM,WA,ANM,WE,Federal Contract Tower,0,0,32,0,32,0,1,77,3,81,0,1,109,3,113,176,2,178,291
09/16/2022,OLM,WA,ANM,WE,Federal Contract Tower,0,0,19,0,19,0,4,54,0,58,0,4,73,0,77,72,0,72,149
09/17/2022,OLM,WA,ANM,WE,Federal Contract Tower,0,0,13,0,13,0,2,88,0,90,0,2,101,0,103,162,0,162,265
09/18/2022,OLM,WA,ANM,WE,Federal Contract Tower,0,0,27,0,27,0,4,76,2,82,0,4,103,2,109,150,0,150,259
09/19/2022,OLM,WA,ANM,WE,Federal Contract Tower,0,4,27,2,33,0,0,89,4,93,0,4,116,6,126,128,20,148,274
09/20/2022,OLM,WA,ANM,WE,Federal Contract Tower,0,2,33,0,35,0,2,92,0,94,0,4,125,0,129,110,2,112,241
09/21/2022,OLM,WA,ANM,WE,Federal Contract Tower,0,0,43,0,43,0,5,104,0,109,0,5,147,0,152,120,0,120,272
09/22/2022,OLM,WA,ANM,WE,Federal Contract Tower,0,3,46,2,51,0,3,85,0,88,0,6,131,2,139,92,2,94,233
09/23/2022,OLM,WA,ANM,WE,Federal Contract Tower,0,1,26,0,27,0,2,87,0,89,0,3,113,0,116,192,0,192,308
09/24/2022,OLM,WA,ANM,WE,Federal Contract Tower,0,2,36,0,38,0,2,77,0,79,0,4,113,0,117,124,0,124,241
09/25/2022,OLM,WA,ANM,WE,Federal Contract Tower,0,1,21,0,22,0,2,85,2,89,0,3,106,2,111,144,0,144,255
09/26/2022,OLM,WA,ANM,WE,Federal Contract Tower,0,1,26,4,31,0,3,73,2,78,0,4,99,6,109,198,0,198,307
09/27/2022,OLM,WA,ANM,WE,Federal Contract Tower,0,2,14,4,20,0,2,75,2,79,0,4,89,6,99,114,16,130,229
09/28/2022,OLM,WA,ANM,WE,Federal Contract Tower,0,2,20,0,22,0,2,41,0,43,0,4,61,0,65,116,14,130,195
09/29/2022,OLM,WA,ANM,WE,Federal Contract Tower,0,0,23,3,26,0,2,53,4,59,0,2,76,7,85,104,4,108,193
09/30/2022,OLM,WA,ANM,WE,Federal Contract Tower,0,1,20,0,21,0,3,61,0,64,0,4,81,0,85,90,2,92,177
10/01/2022,OLM,WA,ANM,WE,Federal Contract Tower,0,0,21,0,21,0,1,75,0,76,0,1,96,0,97,82,0,82,179
10/02/2022,OLM,WA,ANM,WE,Federal Contract Tower,0,0,37,0,37,0,7,86,2,95,0,7,123,2,132,108,0,108,240
10/03/2022,OLM,WA,ANM,WE,Federal Contract Tower,0,0,30,0,30,0,2,61,2,65,0,2,91,2,95,142,6,148,243
10/05/2022,OLM,WA,ANM,WE,Federal Contract Tower,0,0,19,2,21,0,0,24,2,26,0,0,43,4,47,110,2,112,159
10/06/2022,OLM,WA,ANM,WE,Federal Contract Tower,0,5,20,0,25,0,2,56,0,58,0,7,76,0,83,112,0,112,195
10/07/2022,OLM,WA,ANM,WE,Federal Contract Tower,0,0,19,0,19,0,1,80,0,81,0,1,99,0,100,92,0,92,192
10/08/2022,OLM,WA,ANM,WE,Federal Contract Tower,0,0,13,0,13,0,3,61,0,64,0,3,74,0,77,160,0,160,237
10/09/2022,OLM,WA,ANM,WE,Federal Contract Tower,0,0,15,0,15,0,2,61,0,63,0,2,76,0,78,134,0,134,212
10/10/2022,OLM,WA,ANM,WE,Federal Contract Tower,0,2,28,0,30,0,2,63,2,67,0,4,91,2,97,178,0,178,275
10/11/2022,OLM,WA,ANM,WE,Federal Contract Tower,0,0,23,8,31,0,2,87,8,97,0,2,110,16,128,228,10,238,366
10/12/2022,OLM,WA,ANM,WE,Federal Contract Tower,0,2,29,2,33,0,1,97,1,99,0,3,126,3,132,162,0,162,294
10/13/2022,OLM,WA,ANM,WE,Federal Contract Tower,0,0,29,3,32,0,1,84,2,87,0,1,113,5,119,178,12,190,309
10/14/2022,OLM,WA,ANM,WE,Federal Contract Tower,0,0,17,0,17,0,3,92,0,95,0,3,109,0,112,190,2,192,304
10/15/2022,OLM,WA,ANM,WE,Federal Contract Tower,0,2,28,0,30,0,1,46,0,47,0,3,74,0,77,134,0,134,211
10/16/2022,OLM,WA,ANM,WE,Federal Contract Tower,0,1,20,0,21,0,2,73,0,75,0,3,93,0,96,168,0,168,264
10/17/2022,OLM,WA,ANM,WE,Federal Contract Tower,0,0,22,6,28,0,2,89,12,103,0,2,111,18,131,222,44,266,397
10/18/2022,OLM,WA,ANM,WE,Federal Contract Tower,0,14,28,2,44,0,1,69,0,70,0,15,97,2,114,120,4,124,238
10/19/2022,OLM,WA,ANM,WE,Federal Contract Tower,0,1,24,5,30,0,2,38,0,40,0,3,62,5,70,78,0,78,148
10/20/2022,OLM,WA,ANM,WE,Federal Contract Tower,0,2,28,0,30,0,1,10,0,11,0,3,38,0,41,2,0,2,43
10/21/2022,OLM,WA,ANM,WE,Federal Contract Tower,0,3,23,0,26,0,3,21,0,24,0,6,44,0,50,4,0,4,54
10/22/2022,OLM,WA,ANM,WE,Federal Contract Tower,0,1,13,0,14,0,0,39,0,39,0,1,52,0,53,174,0,174,227
10/23/2022,OLM,WA,ANM,WE,Federal Contract Tower,0,0,16,0,16,0,0,65,0,65,0,0,81,0,81,112,8,120,201
10/24/2022,OLM,WA,ANM,WE,Federal Contract Tower,0,1,5,0,6,0,1,20,6,27,0,2,25,6,33,52,8,60,93
10/25/2022,OLM,WA,ANM,WE,Federal Contract Tower,0,3,8,4,15,0,1,11,0,12,0,4,19,4,27,22,0,22,49
10/26/2022,OLM,WA,ANM,WE,Federal Contract Tower,0,2,29,12,43,0,4,69,6,79,0,6,98,18,122,162,0,162,284
10/27/2022,OLM,WA,ANM,WE,Federal Contract Tower,0,1,9,2,12,0,4,39,8,51,0,5,48,10,63,72,0,72,135
10/28/2022,OLM,WA,ANM,WE,Federal Contract Tower,0,1,22,0,23,0,3,43,2,48,0,4,65,2,71,172,0,172,243
10/29/2022,OLM,WA,ANM,WE,Federal Contract Tower,0,2,23,0,25,0,0,53,2,55,0,2,76,2,80,88,0,88,168
10/30/2022,OLM,WA,ANM,WE,Federal Contract Tower,0,0,14,0,14,0,0,0,0,0,0,0,14,0,14,0,0,0,14
10/31/2022,OLM,WA,ANM,WE,Federal Contract Tower,0,0,15,2,17,0,2,31,0,33,0,2,46,2,50,152,0,152,202
11/01/2022,OLM,WA,ANM,WE,Federal Contract Tower,0,2,10,0,12,0,1,29,2,32,0,3,39,2,44,70,0,70,114
11/02/2022,OLM,WA,ANM,WE,Federal Contract Tower,0,4,28,0,32,0,2,24,2,28,0,6,52,2,60,72,6,78,138
11/03/2022,OLM,WA,ANM,WE,Federal Contract Tower,0,4,0,8,12,0,0,29,0,29,0,4,29,8,41,46,2,48,89
11/04/2022,OLM,WA,ANM,WE,Federal Contract Tower,0,0,3,0,3,0,0,1,0,1,0,0,4,0,4,0,0,0,4
11/05/2022,OLM,WA,ANM,WE,Federal Contract Tower,0,0,3,0,3,0,4,26,2,32,0,4,29,2,35,22,0,22,57
11/06/2022,OLM,WA,ANM,WE,Federal Contract Tower,0,0,13,0,13,0,2,13,0,15,0,2,26,0,28,74,0,74,102
11/07/2022,OLM,WA,ANM,WE,Federal Contract Tower,0,2,2,0,4,0,0,36,4,40,0,2,38,4,44,48,10,58,102
11/08/2022,OLM,WA,ANM,WE,Federal Contract Tower,0,1,10,2,13,0,3,47,0,50,0,4,57,2,63,112,0,112,175
11/09/2022,OLM,WA,ANM,WE,Federal Contract Tower,0,1,50,2,53,0,3,92,0,95,0,4,142,2,148,188,22,210,358
11/10/2022,OLM,WA,ANM,WE,Federal Contract Tower,0,0,47,2,49,0,0,75,0,75,0,0,122,2,124,184,2,186,310
11/11/2022,OLM,WA,ANM,WE,Federal Contract Tower,0,0,17,0,17,0,4,64,0,68,0,4,81,0,85,56,0,56,141
11/12/2022,OLM,WA,ANM,WE,Federal Contract Tower,0,1,30,0,31,0,1,86,0,87,0,2,116,0,118,102,0,102,220
11/13/2022,OLM,WA,ANM,WE,Federal Contract Tower,0,0,8,0,8,0,2,29,0,31,0,2,37,0,39,68,0,68,107
11/14/2022,OLM,WA,ANM,WE,Federal Contract Tower,0,0,18,0,18,0,2,68,0,70,0,2,86,0,88,118,0,118,206
11/15/2022,OLM,WA,ANM,WE,Federal Contract Tower,0,2,28,7,37,0,1,49,0,50,0,3,77,7,87,114,10,124,211
11/16/2022,OLM,WA,ANM,WE,Federal Contract Tower,0,0,22,2,24,0,1,38,0,39,0,1,60,2,63,76,0,76,139
11/17/2022,OLM,WA,ANM,WE,Federal Contract Tower,0,2,16,2,20,0,1,89,2,92,0,3,105,4,112,102,8,110,222
11/18/2022,OLM,WA,ANM,WE,Federal Contract Tower,0,0,35,2,37,0,4,86,0,90,0,4,121,2,127,130,0,130,257
11/19/2022,OLM,WA,ANM,WE,Federal Contract Tower,0,0,22,0,22,0,1,90,4,95,0,1,112,4,117,240,0,240,357
11/20/2022,OLM,WA,ANM,WE,Federal Contract Tower,0,0,26,1,27,0,2,78,1,81,0,2,104,2,108,160,0,160,268
11/21/2022,OLM,WA,ANM,WE,Federal Contract Tower,0,1,32,2,35,0,2,57,4,63,0,3,89,6,98,70,0,70,168
11/22/2022,OLM,WA,ANM,WE,Federal Contract Tower,0,1,12,4,17,0,0,0,2,2,0,1,12,6,19,4,6,10,29
11/23/2022,OLM,WA,ANM,WE,Federal Contract Tower,0,0,25,0,25,0,2,50,2,54,0,2,75,2,79,126,6,132,211
11/24/2022,OLM,WA,ANM,WE,Federal Contract Tower,0,0,4,0,4,0,2,19,0,21,0,2,23,0,25,18,0,18,43
11/25/2022,OLM,WA,ANM,WE,Federal Contract Tower,0,1,3,0,4,0,0,6,0,6,0,1,9,0,10,26,0,26,36
11/26/2022,OLM,WA,ANM,WE,Federal Contract Tower,0,1,10,0,11,0,0,8,0,8,0,1,18,0,19,16,0,16,35
11/27/2022,OLM,WA,ANM,WE,Federal Contract Tower,0,4,5,0,9,0,2,15,2,19,0,6,20,2,28,76,0,76,104
11/28/2022,OLM,WA,ANM,WE,Federal Contract Tower,0,0,8,0,8,0,0,40,4,44,0,0,48,4,52,112,0,112,164
11/29/2022,OLM,WA,ANM,WE,Federal Contract Tower,0,0,0,0,0,0,0,0,0,0,0,0,0,0,0,0,0,0,0
11/30/2022,OLM,WA,ANM,WE,Federal Contract Tower,0,0,3,0,3,0,2,23,7,32,0,2,26,7,35,84,18,102,137
12/01/2022,OLM,WA,ANM,WE,Federal Contract Tower,0,0,3,0,3,0,0,29,5,34,0,0,32,5,37,66,8,74,111
12/02/2022,OLM,WA,ANM,WE,Federal Contract Tower,0,0,8,0,8,0,0,33,0,33,0,0,41,0,41,64,6,70,111
12/03/2022,OLM,WA,ANM,WE,Federal Contract Tower,0,0,23,0,23,0,5,53,1,59,0,5,76,1,82,74,0,74,156
12/04/2022,OLM,WA,ANM,WE,Federal Contract Tower,0,2,4,0,6,0,0,2,0,2,0,2,6,0,8,36,0,36,44
12/05/2022,OLM,WA,ANM,WE,Federal Contract Tower,0,0,14,4,18,0,0,0,0,0,0,0,14,4,18,6,0,6,24
12/06/2022,OLM,WA,ANM,WE,Federal Contract Tower,0,3,16,8,27,0,1,11,0,12,0,4,27,8,39,6,0,6,45
12/07/2022,OLM,WA,ANM,WE,Federal Contract Tower,0,0,29,2,31,0,4,46,4,54,0,4,75,6,85,162,28,190,275
12/08/2022,OLM,WA,ANM,WE,Federal Contract Tower,0,1,7,4,12,0,1,24,0,25,0,2,31,4,37,66,14,80,117
12/09/2022,OLM,WA,ANM,WE,Federal Contract Tower,0,0,8,0,8,0,0,22,4,26,0,0,30,4,34,54,10,64,98
12/10/2022,OLM,WA,ANM,WE,Federal Contract Tower,0,0,6,0,6,0,0,24,1,25,0,0,30,1,31,44,0,44,75
12/11/2022,OLM,WA,ANM,WE,Federal Contract Tower,0,0,7,0,7,0,0,8,0,8,0,0,15,0,15,40,0,40,55
12/12/2022,OLM,WA,ANM,WE,Federal Contract Tower,0,2,5,6,13,0,2,28,0,30,0,4,33,6,43,86,0,86,129
12/13/2022,OLM,WA,ANM,WE,Federal Contract Tower,0,6,13,12,31,0,0,67,0,67,0,6,80,12,98,196,20,216,314
12/14/2022,OLM,WA,ANM,WE,Federal Contract Tower,0,2,26,0,28,0,2,44,0,46,0,4,70,0,74,72,0,72,146
12/15/2022,OLM,WA,ANM,WE,Federal Contract Tower,0,0,19,0,19,0,3,82,1,86,0,3,101,1,105,130,4,134,239
12/16/2022,OLM,WA,ANM,WE,Federal Contract Tower,0,0,29,0,29,0,8,65,0,73,0,8,94,0,102,128,0,128,230
12/17/2022,OLM,WA,ANM,WE,Federal Contract Tower,0,0,3,0,3,0,0,2,0,2,0,0,5,0,5,44,0,44,49
12/18/2022,OLM,WA,ANM,WE,Federal Contract Tower,0,2,6,0,8,0,2,10,2,14,0,4,16,2,22,46,0,46,68
12/19/2022,OLM,WA,ANM,WE,Federal Contract Tower,0,0,6,0,6,0,0,24,0,24,0,0,30,0,30,72,0,72,102
12/20/2022,OLM,WA,ANM,WE,Federal Contract Tower,0,2,2,0,4,0,0,2,0,2,0,2,4,0,6,12,0,12,18
12/21/2022,OLM,WA,ANM,WE,Federal Contract Tower,0,1,9,2,12,0,4,30,0,34,0,5,39,2,46,138,0,138,184
12/22/2022,OLM,WA,ANM,WE,Federal Contract Tower,0,0,28,2,30,0,2,52,0,54,0,2,80,2,84,126,14,140,224
12/23/2022,OLM,WA,ANM,WE,Federal Contract Tower,0,2,0,0,2,0,0,0,0,0,0,2,0,0,2,0,0,0,2
12/24/2022,OLM,WA,ANM,WE,Federal Contract Tower,0,0,0,0,0,0,0,0,0,0,0,0,0,0,0,0,0,0,0
12/25/2022,OLM,WA,ANM,WE,Federal Contract Tower,0,0,2,0,2,0,0,0,0,0,0,0,2,0,2,0,0,0,2
12/26/2022,OLM,WA,ANM,WE,Federal Contract Tower,0,1,9,0,10,0,0,22,0,22,0,1,31,0,32,138,0,138,170
12/27/2022,OLM,WA,ANM,WE,Federal Contract Tower,0,1,2,0,3,0,0,0,0,0,0,1,2,0,3,0,0,0,3
12/28/2022,OLM,WA,ANM,WE,Federal Contract Tower,0,2,9,0,11,0,0,40,0,40,0,2,49,0,51,118,0,118,169
12/29/2022,OLM,WA,ANM,WE,Federal Contract Tower,0,1,15,0,16,0,0,16,0,16,0,1,31,0,32,8,0,8,40
12/30/2022,OLM,WA,ANM,WE,Federal Contract Tower,0,0,4,0,4,0,0,13,0,13,0,0,17,0,17,24,0,24,41
12/31/2022,OLM,WA,ANM,WE,Federal Contract Tower,0,2,12,0,14,0,0,44,0,44,0,2,56,0,58,168,0,168,226
01/01/2023,OLM,WA,ANM,WE,Federal Contract Tower,0,0,10,0,10,0,4,20,0,24,0,4,30,0,34,26,0,26,60
01/02/2023,OLM,WA,ANM,WE,Federal Contract Tower,0,2,20,0,22,0,0,0,0,0,0,2,20,0,22,0,0,0,22
01/03/2023,OLM,WA,ANM,WE,Federal Contract Tower,0,0,48,0,48,0,0,52,2,54,0,0,100,2,102,134,0,134,236
01/04/2023,OLM,WA,ANM,WE,Federal Contract Tower,0,3,26,4,33,0,4,54,0,58,0,7,80,4,91,116,0,116,207
01/05/2023,OLM,WA,ANM,WE,Federal Contract Tower,0,0,17,10,27,0,2,31,3,36,0,2,48,13,63,26,44,70,133
01/06/2023,OLM,WA,ANM,WE,Federal Contract Tower,0,0,24,2,26,0,1,56,1,58,0,1,80,3,84,58,4,62,146
01/07/2023,OLM,WA,ANM,WE,Federal Contract Tower,0,0,9,0,9,0,0,0,0,0,0,0,9,0,9,0,0,0,9
01/08/2023,OLM,WA,ANM,WE,Federal Contract Tower,0,0,4,0,4,0,0,3,0,3,0,0,7,0,7,10,0,10,17
01/09/2023,OLM,WA,ANM,WE,Federal Contract Tower,0,2,4,10,16,0,0,9,0,9,0,2,13,10,25,18,8,26,51
01/10/2023,OLM,WA,ANM,WE,Federal Contract Tower,0,2,49,7,58,0,2,74,2,78,0,4,123,9,136,158,24,182,318
01/11/2023,OLM,WA,ANM,WE,Federal Contract Tower,0,0,32,2,34,0,3,53,2,58,0,3,85,4,92,98,34,132,224
01/12/2023,OLM,WA,ANM,WE,Federal Contract Tower,0,1,11,2,14,0,0,10,0,10,0,1,21,2,24,20,0,20,44
01/13/2023,OLM,WA,ANM,WE,Federal Contract Tower,0,2,4,0,6,0,4,20,0,24,0,6,24,0,30,16,0,16,46
01/14/2023,OLM,WA,ANM,WE,Federal Contract Tower,0,0,40,0,40,0,2,74,0,76,0,2,114,0,116,170,0,170,286
01/15/2023,OLM,WA,ANM,WE,Federal Contract Tower,0,3,4,0,7,0,0,5,0,5,0,3,9,0,12,30,0,30,42
01/16/2023,OLM,WA,ANM,WE,Federal Contract Tower,0,0,20,0,20,0,3,71,0,74,0,3,91,0,94,150,0,150,244
01/17/2023,OLM,WA,ANM,WE,Federal Contract Tower,0,4,22,4,30,0,0,13,4,17,0,4,35,8,47,18,10,28,75
01/18/2023,OLM,WA,ANM,WE,Federal Contract Tower,0,0,8,4,12,0,2,23,8,33,0,2,31,12,45,14,36,50,95
01/19/2023,OLM,WA,ANM,WE,Federal Contract Tower,0,2,10,2,14,0,0,21,0,21,0,2,31,2,35,44,18,62,97
01/20/2023,OLM,WA,ANM,WE,Federal Contract Tower,0,0,12,0,12,0,1,17,0,18,0,1,29,0,30,20,2,22,52
01/21/2023,OLM,WA,ANM,WE,Federal Contract Tower,0,0,1,1,2,0,0,1,0,1,0,0,2,1,3,6,0,6,9
01/22/2023,OLM,WA,ANM,WE,Federal Contract Tower,0,0,7,0,7,0,3,32,0,35,0,3,39,0,42,92,0,92,134
01/23/2023,OLM,WA,ANM,WE,Federal Contract Tower,0,1,28,0,29,0,2,60,0,62,0,3,88,0,91,64,0,64,155
01/24/2023,OLM,WA,ANM,WE,Federal Contract Tower,0,8,15,8,31,0,0,20,0,20,0,8,35,8,51,106,0,106,157
01/25/2023,OLM,WA,ANM,WE,Federal Contract Tower,0,2,19,4,25,0,0,35,0,35,0,2,54,4,60,80,36,116,176
01/26/2023,OLM,WA,ANM,WE,Federal Contract Tower,0,2,47,0,49,0,2,32,1,35,0,4,79,1,84,88,0,88,172
01/27/2023,OLM,WA,ANM,WE,Federal Contract Tower,0,0,18,2,20,0,2,30,0,32,0,2,48,2,52,42,2,44,96
01/28/2023,OLM,WA,ANM,WE,Federal Contract Tower,0,0,15,4,19,0,3,38,0,41,0,3,53,4,60,56,0,56,116
01/29/2023,OLM,WA,ANM,WE,Federal Contract Tower,0,0,20,0,20,0,2,75,1,78,0,2,95,1,98,80,4,84,182
01/30/2023,OLM,WA,ANM,WE,Federal Contract Tower,0,0,55,6,61,0,4,79,0,83,0,4,134,6,144,124,2,126,270
01/31/2023,OLM,WA,ANM,WE,Federal Contract Tower,0,0,20,4,24,0,1,57,0,58,0,1,77,4,82,52,0,52,134
02/02/2023,OLM,WA,ANM,WE,Federal Contract Tower,0,0,35,4,39,0,6,76,0,82,0,6,111,4,121,108,0,108,229
02/03/2023,OLM,WA,ANM,WE,Federal Contract Tower,0,0,1,2,3,0,3,3,0,6,0,3,4,2,9,14,0,14,23
02/04/2023,OLM,WA,ANM,WE,Federal Contract Tower,0,2,23,0,25,0,1,32,0,33,0,3,55,0,58,74,2,76,134
02/05/2023,OLM,WA,ANM,WE,Federal Contract Tower,0,1,8,0,9,0,0,9,0,9,0,1,17,0,18,30,0,30,48
02/06/2023,OLM,WA,ANM,WE,Federal Contract Tower,0,3,7,0,10,0,2,8,0,10,0,5,15,0,20,18,0,18,38
02/07/2023,OLM,WA,ANM,WE,Federal Contract Tower,0,1,1,0,2,0,0,6,0,6,0,1,7,0,8,0,18,18,26
02/08/2023,OLM,WA,ANM,WE,Federal Contract Tower,0,4,28,0,32,0,4,85,6,95,0,8,113,6,127,124,2,126,253
02/09/2023,OLM,WA,ANM,WE,Federal Contract Tower,0,3,17,4,24,0,2,88,0,90,0,5,105,4,114,206,10,216,330
02/10/2023,OLM,WA,ANM,WE,Federal Contract Tower,0,0,19,0,19,0,0,37,2,39,0,0,56,2,58,46,0,46,104
02/11/2023,OLM,WA,ANM,WE,Federal Contract Tower,0,1,39,0,40,0,0,56,1,57,0,1,95,1,97,74,0,74,171
02/12/2023,OLM,WA,ANM,WE,Federal Contract Tower,0,0,22,0,22,0,3,44,1,48,0,3,66,1,70,34,0,34,104
02/13/2023,OLM,WA,ANM,WE,Federal Contract Tower,0,0,2,0,2,0,4,10,0,14,0,4,12,0,16,4,12,16,32
02/14/2023,OLM,WA,ANM,WE,Federal Contract Tower,0,0,19,4,23,0,3,66,0,69,0,3,85,4,92,62,0,62,154
02/15/2023,OLM,WA,ANM,WE,Federal Contract Tower,0,4,37,18,59,0,2,100,0,102,0,6,137,18,161,92,0,92,253
02/16/2023,OLM,WA,ANM,WE,Federal Contract Tower,0,1,26,7,34,0,1,95,2,98,0,2,121,9,132,160,14,174,306
02/17/2023,OLM,WA,ANM,WE,Federal Contract Tower,0,2,13,0,15,0,2,38,1,41,0,4,51,1,56,102,0,102,158
02/18/2023,OLM,WA,ANM,WE,Federal Contract Tower,0,6,1,0,7,0,0,7,0,7,0,6,8,0,14,2,0,2,16
02/19/2023,OLM,WA,ANM,WE,Federal Contract Tower,0,0,10,0,10,0,2,10,0,12,0,2,20,0,22,22,0,22,44
02/20/2023,OLM,WA,ANM,WE,Federal Contract Tower,0,0,1,0,1,0,1,3,1,5,0,1,4,1,6,0,8,8,14
02/21/2023,OLM,WA,ANM,WE,Federal Contract Tower,0,2,5,4,11,0,7,21,0,28,0,9,26,4,39,30,12,42,81
02/22/2023,OLM,WA,ANM,WE,Federal Contract Tower,0,3,4,0,7,0,0,10,0,10,0,3,14,0,17,16,0,16,33
02/23/2023,OLM,WA,ANM,WE,Federal Contract Tower,0,2,21,3,26,0,2,69,3,74,0,4,90,6,100,110,14,124,224
02/24/2023,OLM,WA,ANM,WE,Federal Contract Tower,0,0,47,0,47,0,2,83,0,85,0,2,130,0,132,84,2,86,218
02/25/2023,OLM,WA,ANM,WE,Federal Contract Tower,0,0,32,0,32,0,0,64,1,65,0,0,96,1,97,126,0,126,223
02/26/2023,OLM,WA,ANM,WE,Federal Contract Tower,0,0,2,0,2,0,2,18,0,20,0,2,20,0,22,14,0,14,36
02/27/2023,OLM,WA,ANM,WE,Federal Contract Tower,0,0,1,4,5,0,4,19,3,26,0,4,20,7,31,26,46,72,103
02/28/2023,OLM,WA,ANM,WE,Federal Contract Tower,0,2,4,2,8,0,1,33,2,36,0,3,37,4,44,218,20,238,282
03/01/2023,OLM,WA,ANM,WE,Federal Contract Tower,0,1,27,4,32,0,2,45,0,47,0,3,72,4,79,188,4,192,271
03/02/2023,OLM,WA,ANM,WE,Federal Contract Tower,0,3,1,0,4,0,0,9,2,11,0,3,10,2,15,74,0,74,89
03/03/2023,OLM,WA,ANM,WE,Federal Contract Tower,0,0,8,0,8,0,4,8,0,12,0,4,16,0,20,32,0,32,52
03/04/2023,OLM,WA,ANM,WE,Federal Contract Tower,0,0,2,0,2,0,1,8,0,9,0,1,10,0,11,38,0,38,49
03/05/2023,OLM,WA,ANM,WE,Federal Contract Tower,0,0,23,0,23,0,4,64,2,70,0,4,87,2,93,80,0,80,173
03/06/2023,OLM,WA,ANM,WE,Federal Contract Tower,0,4,17,9,30,0,5,51,0,56,0,9,68,9,86,136,0,136,222
03/07/2023,OLM,WA,ANM,WE,Federal Contract Tower,0,0,8,6,14,0,2,53,2,57,0,2,61,8,71,85,2,87,158
03/08/2023,OLM,WA,ANM,WE,Federal Contract Tower,0,0,20,2,22,0,0,33,0,33,0,0,53,2,55,44,2,46,101
03/09/2023,OLM,WA,ANM,WE,Federal Contract Tower,0,0,16,0,16,0,0,34,0,34,0,0,50,0,50,66,0,66,116
03/10/2023,OLM,WA,ANM,WE,Federal Contract Tower,0,1,17,0,18,0,0,44,3,47,0,1,61,3,65,78,0,78,143
03/11/2023,OLM,WA,ANM,WE,Federal Contract Tower,0,0,33,0,33,0,0,48,0,48,0,0,81,0,81,72,0,72,153
03/12/2023,OLM,WA,ANM,WE,Federal Contract Tower,0,0,5,0,5,0,0,7,0,7,0,0,12,0,12,0,0,0,12
03/13/2023,OLM,WA,ANM,WE,Federal Contract Tower,0,2,5,0,7,0,2,16,0,18,0,4,21,0,25,26,0,26,51
03/14/2023,OLM,WA,ANM,WE,Federal Contract Tower,0,1,43,6,50,0,3,73,0,76,0,4,116,6,126,128,0,128,254
03/15/2023,OLM,WA,ANM,WE,Federal Contract Tower,0,4,30,4,38,0,5,53,0,58,0,9,83,4,96,146,0,146,242
03/16/2023,OLM,WA,ANM,WE,Federal Contract Tower,0,2,27,8,37,0,7,91,2,100,0,9,118,10,137,150,12,162,299
03/17/2023,OLM,WA,ANM,WE,Federal Contract Tower,0,1,41,4,46,0,4,100,2,106,0,5,141,6,152,128,0,128,280
03/18/2023,OLM,WA,ANM,WE,Federal Contract Tower,0,5,22,0,27,0,4,72,0,76,0,9,94,0,103,118,0,118,221
03/19/2023,OLM,WA,ANM,WE,Federal Contract Tower,0,1,20,0,21,0,2,57,0,59,0,3,77,0,80,144,0,144,224
03/20/2023,OLM,WA,ANM,WE,Federal Contract Tower,0,2,9,2,13,0,2,44,0,46,0,4,53,2,59,30,0,30,89
03/21/2023,OLM,WA,ANM,WE,Federal Contract Tower,0,2,15,0,17,0,2,72,0,74,0,4,87,0,91,70,0,70,161
03/22/2023,OLM,WA,ANM,WE,Federal Contract Tower,0,3,22,0,25,0,0,60,0,60,0,3,82,0,85,218,0,218,303
03/23/2023,OLM,WA,ANM,WE,Federal Contract Tower,0,2,5,0,7,0,1,19,0,20,0,3,24,0,27,84,0,84,111
03/24/2023,OLM,WA,ANM,WE,Federal Contract Tower,0,1,11,0,12,0,0,5,0,5,0,1,16,0,17,4,6,10,27
03/25/2023,OLM,WA,ANM,WE,Federal Contract Tower,0,1,21,0,22,0,0,25,0,25,0,1,46,0,47,92,0,92,139
03/26/2023,OLM,WA,ANM,WE,Federal Contract Tower,0,0,13,0,13,0,0,22,0,22,0,0,35,0,35,90,0,90,125
03/27/2023,OLM,WA,ANM,WE,Federal Contract Tower,0,3,28,0,31,0,1,56,2,59,0,4,84,2,90,104,0,104,194
03/28/2023,OLM,WA,ANM,WE,Federal Contract Tower,0,5,11,3,19,0,4,67,0,71,0,9,78,3,90,106,4,110,200
03/29/2023,OLM,WA,ANM,WE,Federal Contract Tower,0,6,33,0,39,0,1,106,0,107,0,7,139,0,146,94,0,94,240
03/30/2023,OLM,WA,ANM,WE,Federal Contract Tower,0,1,25,0,26,0,2,47,0,49,0,3,72,0,75,72,12,84,159
03/31/2023,OLM,WA,ANM,WE,Federal Contract Tower,0,0,0,0,0,0,2,10,0,12,0,2,10,0,12,4,6,10,22
04/01/2023,OLM,WA,ANM,WE,Federal Contract Tower,0,0,0,0,0,0,1,12,0,13,0,1,12,0,13,24,0,24,37
04/02/2023,OLM,WA,ANM,WE,Federal Contract Tower,0,0,3,0,3,0,4,10,0,14,0,4,13,0,17,10,0,10,27
04/03/2023,OLM,WA,ANM,WE,Federal Contract Tower,0,0,9,0,9,0,0,28,0,28,0,0,37,0,37,24,0,24,61
04/04/2023,OLM,WA,ANM,WE,Federal Contract Tower,0,2,29,2,33,0,3,61,4,68,0,5,90,6,101,220,2,222,323
04/05/2023,OLM,WA,ANM,WE,Federal Contract Tower,0,2,56,4,62,0,2,55,0,57,0,4,111,4,119,146,0,146,265
04/06/2023,OLM,WA,ANM,WE,Federal Contract Tower,0,0,11,0,11,0,0,11,0,11,0,0,22,0,22,20,0,20,42
04/07/2023,OLM,WA,ANM,WE,Federal Contract Tower,0,1,25,0,26,0,4,19,0,23,0,5,44,0,49,32,0,32,81
04/08/2023,OLM,WA,ANM,WE,Federal Contract Tower,0,3,16,0,19,0,2,17,0,19,0,5,33,0,38,26,0,26,64
04/09/2023,OLM,WA,ANM,WE,Federal Contract Tower,0,1,4,0,5,0,0,6,0,6,0,1,10,0,11,32,0,32,43
04/10/2023,OLM,WA,ANM,WE,Federal Contract Tower,0,2,12,0,14,0,1,12,0,13,0,3,24,0,27,44,0,44,71
04/11/2023,OLM,WA,ANM,WE,Federal Contract Tower,0,2,9,4,15,0,0,34,0,34,0,2,43,4,49,58,0,58,107
04/12/2023,OLM,WA,ANM,WE,Federal Contract Tower,0,4,31,3,38,0,2,76,0,78,0,6,107,3,116,58,2,60,176
04/13/2023,OLM,WA,ANM,WE,Federal Contract Tower,0,0,18,4,22,0,1,61,0,62,0,1,79,4,84,120,0,120,204
04/14/2023,OLM,WA,ANM,WE,Federal Contract Tower,0,2,30,0,32,0,2,87,0,89,0,4,117,0,121,100,4,104,225
04/15/2023,OLM,WA,ANM,WE,Federal Contract Tower,0,1,32,0,33,0,2,60,1,63,0,3,92,1,96,136,0,136,232
04/16/2023,OLM,WA,ANM,WE,Federal Contract Tower,0,0,3,0,3,0,3,14,0,17,0,3,17,0,20,48,0,48,68
04/17/2023,OLM,WA,ANM,WE,Federal Contract Tower,0,0,13,0,13,0,2,18,0,20,0,2,31,0,33,22,0,22,55
04/18/2023,OLM,WA,ANM,WE,Federal Contract Tower,0,1,1,0,2,0,0,20,0,20,0,1,21,0,22,16,0,16,38
04/19/2023,OLM,WA,ANM,WE,Federal Contract Tower,0,2,10,0,12,0,2,43,0,45,0,4,53,0,57,20,2,22,79
04/20/2023,OLM,WA,ANM,WE,Federal Contract Tower,0,0,10,0,10,0,0,23,0,23,0,0,33,0,33,70,0,70,103
04/21/2023,OLM,WA,ANM,WE,Federal Contract Tower,0,2,31,0,33,0,0,82,2,84,0,2,113,2,117,184,0,184,301
04/22/2023,OLM,WA,ANM,WE,Federal Contract Tower,0,0,22,0,22,0,0,25,0,25,0,0,47,0,47,44,0,44,91
04/23/2023,OLM,WA,ANM,WE,Federal Contract Tower,0,0,26,1,27,0,0,35,0,35,0,0,61,1,62,48,0,48,110
04/24/2023,OLM,WA,ANM,WE,Federal Contract Tower,0,2,14,2,18,0,2,60,1,63,0,4,74,3,81,139,0,139,220
04/25/2023,OLM,WA,ANM,WE,Federal Contract Tower,0,0,34,4,38,0,1,65,0,66,0,1,99,4,104,198,0,198,302
04/26/2023,OLM,WA,ANM,WE,Federal Contract Tower,0,0,34,0,34,0,1,115,0,116,0,1,149,0,150,174,0,174,324
04/27/2023,OLM,WA,ANM,WE,Federal Contract Tower,0,9,49,2,60,0,5,123,2,130,0,14,172,4,190,184,16,200,390
04/28/2023,OLM,WA,ANM,WE,Federal Contract Tower,0,1,28,0,29,0,0,95,3,98,0,1,123,3,127,192,0,192,319
04/29/2023,OLM,WA,ANM,WE,Federal Contract Tower,0,4,16,0,20,0,0,92,0,92,0,4,108,0,112,118,0,118,230
04/30/2023,OLM,WA,ANM,WE,Federal Contract Tower,0,2,10,0,12,0,0,41,0,41,0,2,51,0,53,84,6,90,143
05/01/2023,OLM,WA,ANM,WE,Federal Contract Tower,0,3,17,0,20,0,3,53,0,56,0,6,70,0,76,276,0,276,352
05/02/2023,OLM,WA,ANM,WE,Federal Contract Tower,0,5,35,0,40,0,1,84,0,85,0,6,119,0,125,200,0,200,325
05/03/2023,OLM,WA,ANM,WE,Federal Contract Tower,0,2,26,0,28,0,3,91,0,94,0,5,117,0,122,158,0,158,280
05/04/2023,OLM,WA,ANM,WE,Federal Contract Tower,0,0,11,0,11,0,2,9,0,11,0,2,20,0,22,8,0,8,30
05/05/2023,OLM,WA,ANM,WE,Federal Contract Tower,0,1,17,2,20,0,2,11,0,13,0,3,28,2,33,12,0,12,45
05/06/2023,OLM,WA,ANM,WE,Federal Contract Tower,0,0,14,0,14,0,1,48,0,49,0,1,62,0,63,170,0,170,233
05/07/2023,OLM,WA,ANM,WE,Federal Contract Tower,0,2,26,0,28,0,4,46,0,50,0,6,72,0,78,54,0,54,132
05/08/2023,OLM,WA,ANM,WE,Federal Contract Tower,0,2,12,0,14,0,5,78,0,83,0,7,90,0,97,158,0,158,255
05/09/2023,OLM,WA,ANM,WE,Federal Contract Tower,0,2,40,0,42,0,2,93,0,95,0,4,133,0,137,256,0,256,393
05/10/2023,OLM,WA,ANM,WE,Federal Contract Tower,0,4,33,8,45,0,3,126,0,129,0,7,159,8,174,266,0,266,440
05/11/2023,OLM,WA,ANM,WE,Federal Contract Tower,0,2,36,6,44,0,2,127,2,131,0,4,163,8,175,226,0,226,401
05/12/2023,OLM,WA,ANM,WE,Federal Contract Tower,0,0,17,0,17,0,4,81,0,85,0,4,98,0,102,184,0,184,286
05/13/2023,OLM,WA,ANM,WE,Federal Contract Tower,0,2,28,0,30,0,0,87,0,87,0,2,115,0,117,76,0,76,193
05/14/2023,OLM,WA,ANM,WE,Federal Contract Tower,0,0,10,0,10,0,6,42,0,48,0,6,52,0,58,36,0,36,94
05/15/2023,OLM,WA,ANM,WE,Federal Contract Tower,0,0,19,2,21,0,4,61,0,65,0,4,80,2,86,154,0,154,240
05/16/2023,OLM,WA,ANM,WE,Federal Contract Tower,0,1,25,2,28,0,0,70,0,70,0,1,95,2,98,158,0,158,256
05/17/2023,OLM,WA,ANM,WE,Federal Contract Tower,0,2,22,0,24,0,2,77,0,79,0,4,99,0,103,168,0,168,271
05/18/2023,OLM,WA,ANM,WE,Federal Contract Tower,0,8,13,2,23,0,1,79,0,80,0,9,92,2,103,228,0,228,331
05/19/2023,OLM,WA,ANM,WE,Federal Contract Tower,0,2,23,2,27,0,2,69,0,71,0,4,92,2,98,148,0,148,246
05/20/2023,OLM,WA,ANM,WE,Federal Contract Tower,0,1,16,0,17,0,0,75,0,75,0,1,91,0,92,180,0,180,272
05/21/2023,OLM,WA,ANM,WE,Federal Contract Tower,0,0,15,1,16,0,2,34,0,36,0,2,49,1,52,110,0,110,162
05/22/2023,OLM,WA,ANM,WE,Federal Contract Tower,0,0,13,0,13,0,4,46,0,50,0,4,59,0,63,82,0,82,145
05/23/2023,OLM,WA,ANM,WE,Federal Contract Tower,0,0,32,2,34,0,2,95,0,97,0,2,127,2,131,196,0,196,327
05/25/2023,OLM,WA,ANM,WE,Federal Contract Tower,0,2,17,0,19,0,2,142,0,144,0,4,159,0,163,192,1,193,356
05/26/2023,OLM,WA,ANM,WE,Federal Contract Tower,0,4,24,0,28,0,2,93,0,95,0,6,117,0,123,116,0,116,239
05/27/2023,OLM,WA,ANM,WE,Federal Contract Tower,0,0,30,0,30,0,2,67,0,69,0,2,97,0,99,112,0,112,211
05/28/2023,OLM,WA,ANM,WE,Federal Contract Tower,0,0,18,0,18,0,1,42,0,43,0,1,60,0,61,106,0,106,167
05/29/2023,OLM,WA,ANM,WE,Federal Contract Tower,0,2,25,0,27,0,3,23,1,27,0,5,48,1,54,54,0,54,108
05/30/2023,OLM,WA,ANM,WE,Federal Contract Tower,0,2,31,0,33,0,1,86,0,87,0,3,117,0,120,128,0,128,248
05/31/2023,OLM,WA,ANM,WE,Federal Contract Tower,0,3,25,3,31,0,0,76,0,76,0,3,101,3,107,134,0,134,241
06/01/2023,OLM,WA,ANM,WE,Federal Contract Tower,0,3,28,0,31,0,2,103,1,106,0,5,131,1,137,144,0,144,281
06/02/2023,OLM,WA,ANM,WE,Federal Contract Tower,0,0,28,0,28,0,0,94,0,94,0,0,122,0,122,150,0,150,272
06/03/2023,OLM,WA,ANM,WE,Federal Contract Tower,0,0,17,0,17,0,7,65,0,72,0,7,82,0,89,80,0,80,169
06/04/2023,OLM,WA,ANM,WE,Federal Contract Tower,0,2,12,0,14,0,1,57,0,58,0,3,69,0,72,92,0,92,164
06/05/2023,OLM,WA,ANM,WE,Federal Contract Tower,0,0,13,0,13,0,2,75,0,77,0,2,88,0,90,82,0,82,172
06/06/2023,OLM,WA,ANM,WE,Federal Contract Tower,0,0,25,4,29,0,2,90,1,93,0,2,115,5,122,96,0,96,218
06/07/2023,OLM,WA,ANM,WE,Federal Contract Tower,0,0,47,0,47,0,3,102,0,105,0,3,149,0,152,108,0,108,260
06/08/2023,OLM,WA,ANM,WE,Federal Contract Tower,0,4,46,5,55,0,4,85,0,89,0,8,131,5,144,158,0,158,302
06/09/2023,OLM,WA,ANM,WE,Federal Contract Tower,0,3,38,0,41,0,0,7,0,7,0,3,45,0,48,56,0,56,104
06/10/2023,OLM,WA,ANM,WE,Federal Contract Tower,0,0,36,0,36,0,1,12,0,13,0,1,48,0,49,72,0,72,121
06/11/2023,OLM,WA,ANM,WE,Federal Contract Tower,0,3,34,0,37,0,3,41,0,44,0,6,75,0,81,144,0,144,225
06/12/2023,OLM,WA,ANM,WE,Federal Contract Tower,0,1,46,0,47,0,2,94,0,96,0,3,140,0,143,158,0,158,301
06/13/2023,OLM,WA,ANM,WE,Federal Contract Tower,0,4,6,5,15,0,4,20,0,24,0,8,26,5,39,32,10,42,81
06/14/2023,OLM,WA,ANM,WE,Federal Contract Tower,0,9,28,2,39,0,2,84,1,87,0,11,112,3,126,152,8,160,286
06/15/2023,OLM,WA,ANM,WE,Federal Contract Tower,0,4,24,4,32,0,2,110,0,112,0,6,134,4,144,234,0,234,378
06/16/2023,OLM,WA,ANM,WE,Federal Contract Tower,0,1,17,0,18,0,1,52,0,53,0,2,69,0,71,88,0,88,159
06/17/2023,OLM,WA,ANM,WE,Federal Contract Tower,0,1,3,0,4,0,1,75,0,76,0,2,78,0,80,8,0,8,88
06/18/2023,OLM,WA,ANM,WE,Federal Contract Tower,0,0,3,0,3,0,2,24,0,26,0,2,27,0,29,6,0,6,35
06/19/2023,OLM,WA,ANM,WE,Federal Contract Tower,0,2,26,0,28,0,1,63,0,64,0,3,89,0,92,168,0,168,260
06/20/2023,OLM,WA,ANM,WE,Federal Contract Tower,0,8,38,1,47,0,4,43,3,50,0,12,81,4,97,196,2,198,295
06/21/2023,OLM,WA,ANM,WE,Federal Contract Tower,0,4,42,2,48,0,3,93,0,96,0,7,135,2,144,150,4,154,298
06/22/2023,OLM,WA,ANM,WE,Federal Contract Tower,0,2,19,2,23,0,1,76,0,77,0,3,95,2,100,208,2,210,310
06/23/2023,OLM,WA,ANM,WE,Federal Contract Tower,0,0,25,0,25,0,6,117,0,123,0,6,142,0,148,114,0,114,262
06/24/2023,OLM,WA,ANM,WE,Federal Contract Tower,0,3,4,0,7,0,2,52,0,54,0,5,56,0,61,112,0,112,173
06/25/2023,OLM,WA,ANM,WE,Federal Contract Tower,0,0,29,0,29,0,3,87,0,90,0,3,116,0,119,116,0,116,235
06/26/2023,OLM,WA,ANM,WE,Federal Contract Tower,0,0,17,0,17,0,5,50,0,55,0,5,67,0,72,122,0,122,194
06/27/2023,OLM,WA,ANM,WE,Federal Contract Tower,0,2,26,0,28,0,7,49,0,56,0,9,75,0,84,171,0,171,255
06/28/2023,OLM,WA,ANM,WE,Federal Contract Tower,0,2,23,0,25,0,9,61,0,70,0,11,84,0,95,188,0,188,283
06/29/2023,OLM,WA,ANM,WE,Federal Contract Tower,0,3,45,2,50,0,11,90,0,101,0,14,135,2,151,160,16,176,327
06/30/2023,OLM,WA,ANM,WE,Federal Contract Tower,0,0,32,0,32,0,8,55,0,63,0,8,87,0,95,134,0,134,229
07/01/2023,OLM,WA,ANM,WE,Federal Contract Tower,0,2,29,0,31,0,0,73,0,73,0,2,102,0,104,100,0,100,204
07/02/2023,OLM,WA,ANM,WE,Federal Contract Tower,0,1,33,0,34,0,0,66,0,66,0,1,99,0,100,52,0,52,152
07/03/2023,OLM,WA,ANM,WE,Federal Contract Tower,0,1,16,1,18,0,5,65,0,70,0,6,81,1,88,120,0,120,208
07/04/2023,OLM,WA,ANM,WE,Federal Contract Tower,0,2,6,0,8,0,3,9,0,12,0,5,15,0,20,31,0,31,51
07/05/2023,OLM,WA,ANM,WE,Federal Contract Tower,0,2,33,2,37,0,4,71,0,75,0,6,104,2,112,56,0,56,168
07/06/2023,OLM,WA,ANM,WE,Federal Contract Tower,0,1,36,0,37,0,8,101,0,109,0,9,137,0,146,154,0,154,300
07/07/2023,OLM,WA,ANM,WE,Federal Contract Tower,0,0,30,2,32,0,0,50,2,52,0,0,80,4,84,98,22,120,204
07/08/2023,OLM,WA,ANM,WE,Federal Contract Tower,0,4,21,4,29,0,1,78,1,80,0,5,99,5,109,140,0,140,249
07/09/2023,OLM,WA,ANM,WE,Federal Contract Tower,0,3,16,2,21,0,1,95,0,96,0,4,111,2,117,118,0,118,235
07/10/2023,OLM,WA,ANM,WE,Federal Contract Tower,0,2,27,4,33,0,1,43,0,44,0,3,70,4,77,138,0,138,215
07/11/2023,OLM,WA,ANM,WE,Federal Contract Tower,0,4,58,0,62,0,2,92,2,96,0,6,150,2,158,136,0,136,294
07/12/2023,OLM,WA,ANM,WE,Federal Contract Tower,0,5,46,1,52,0,2,64,0,66,0,7,110,1,118,94,0,94,212
07/13/2023,OLM,WA,ANM,WE,Federal Contract Tower,0,0,46,0,46,0,2,90,2,94,0,2,136,2,140,178,0,178,318
07/14/2023,OLM,WA,ANM,WE,Federal Contract Tower,0,4,36,0,40,0,2,112,0,114,0,6,148,0,154,116,4,120,274
07/15/2023,OLM,WA,ANM,WE,Federal Contract Tower,0,3,20,0,23,0,2,60,0,62,0,5,80,0,85,106,0,106,191
07/16/2023,OLM,WA,ANM,WE,Federal Contract Tower,0,0,31,0,31,0,6,68,0,74,0,6,99,0,105,88,0,88,193
07/17/2023,OLM,WA,ANM,WE,Federal Contract Tower,0,1,17,2,20,0,2,49,1,52,0,3,66,3,72,30,0,30,102
07/18/2023,OLM,WA,ANM,WE,Federal Contract Tower,0,2,46,0,48,0,2,104,0,106,0,4,150,0,154,112,0,112,266
07/19/2023,OLM,WA,ANM,WE,Federal Contract Tower,0,2,35,2,39,0,3,84,0,87,0,5,119,2,126,62,0,62,188
07/20/2023,OLM,WA,ANM,WE,Federal Contract Tower,0,0,37,0,37,0,1,86,0,87,0,1,123,0,124,94,2,96,220
07/21/2023,OLM,WA,ANM,WE,Federal Contract Tower,0,0,28,1,29,0,0,71,1,72,0,0,99,2,101,116,0,116,217
07/22/2023,OLM,WA,ANM,WE,Federal Contract Tower,0,0,12,0,12,0,7,122,0,129,0,7,134,0,141,160,0,160,301
07/23/2023,OLM,WA,ANM,WE,Federal Contract Tower,0,1,13,0,14,0,3,102,0,105,0,4,115,0,119,172,0,172,291
07/24/2023,OLM,WA,ANM,WE,Federal Contract Tower,0,1,27,0,28,0,0,41,0,41,0,1,68,0,69,44,8,52,121
07/25/2023,OLM,WA,ANM,WE,Federal Contract Tower,0,1,33,2,36,0,0,87,2,89,0,1,120,4,125,184,2,186,311
07/26/2023,OLM,WA,ANM,WE,Federal Contract Tower,0,1,26,0,27,0,1,112,0,113,0,2,138,0,140,156,0,156,296
07/27/2023,OLM,WA,ANM,WE,Federal Contract Tower,0,1,30,0,31,0,1,116,0,117,0,2,146,0,148,140,2,142,290
07/28/2023,OLM,WA,ANM,WE,Federal Contract Tower,0,1,51,6,58,0,2,73,2,77,0,3,124,8,135,96,10,106,241
07/29/2023,OLM,WA,ANM,WE,Federal Contract Tower,0,0,21,0,21,0,4,65,2,71,0,4,86,2,92,64,0,64,156
07/30/2023,OLM,WA,ANM,WE,Federal Contract Tower,0,0,23,0,23,0,0,51,0,51,0,0,74,0,74,102,0,102,176
07/31/2023,OLM,WA,ANM,WE,Federal Contract Tower,0,5,32,0,37,0,1,109,0,110,0,6,141,0,147,156,0,156,303
08/01/2023,OLM,WA,ANM,WE,Federal Contract Tower,0,2,20,2,24,0,1,107,0,108,0,3,127,2,132,140,2,142,274
08/02/2023,OLM,WA,ANM,WE,Federal Contract Tower,0,0,36,1,37,0,2,114,0,116,0,2,150,1,153,78,0,78,231
08/03/2023,OLM,WA,ANM,WE,Federal Contract Tower,0,4,40,1,45,0,0,103,0,103,0,4,143,1,148,160,0,160,308
08/04/2023,OLM,WA,ANM,WE,Federal Contract Tower,0,4,38,3,45,0,3,90,0,93,0,7,128,3,138,130,0,130,268
08/05/2023,OLM,WA,ANM,WE,Federal Contract Tower,0,0,12,0,12,0,4,67,6,77,0,4,79,6,89,196,0,196,285
08/06/2023,OLM,WA,ANM,WE,Federal Contract Tower,0,0,15,0,15,0,2,48,1,51,0,2,63,1,66,90,4,94,160
08/07/2023,OLM,WA,ANM,WE,Federal Contract Tower,0,1,39,0,40,0,1,76,0,77,0,2,115,0,117,64,2,66,183
08/08/2023,OLM,WA,ANM,WE,Federal Contract Tower,0,3,29,1,33,0,2,64,2,68,0,5,93,3,101,106,0,106,207
08/09/2023,OLM,WA,ANM,WE,Federal Contract Tower,0,0,33,2,35,0,0,67,0,67,0,0,100,2,102,34,0,34,136
08/10/2023,OLM,WA,ANM,WE,Federal Contract Tower,0,5,32,7,44,0,4,61,0,65,0,9,93,7,109,138,0,138,247
08/12/2023,OLM,WA,ANM,WE,Federal Contract Tower,0,0,30,1,31,0,2,82,0,84,0,2,112,1,115,68,0,68,183
08/13/2023,OLM,WA,ANM,WE,Federal Contract Tower,0,0,17,1,18,0,1,83,0,84,0,1,100,1,102,64,0,64,166
08/14/2023,OLM,WA,ANM,WE,Federal Contract Tower,0,1,29,2,32,0,4,59,2,65,0,5,88,4,97,38,0,38,135
08/15/2023,OLM,WA,ANM,WE,Federal Contract Tower,0,4,25,2,31,0,5,89,1,95,0,9,114,3,126,80,0,80,206
08/16/2023,OLM,WA,ANM,WE,Federal Contract Tower,0,1,38,4,43,0,2,66,0,68,0,3,104,4,111,136,0,136,247
08/17/2023,OLM,WA,ANM,WE,Federal Contract Tower,0,6,48,8,62,0,2,101,2,105,0,8,149,10,167,118,0,118,285
08/18/2023,OLM,WA,ANM,WE,Federal Contract Tower,0,0,23,0,23,0,1,74,1,76,0,1,97,1,99,80,2,82,181
08/19/2023,OLM,WA,ANM,WE,Federal Contract Tower,0,0,7,0,7,0,3,89,0,92,0,3,96,0,99,118,0,118,217
08/20/2023,OLM,WA,ANM,WE,Federal Contract Tower,0,0,21,0,21,0,1,60,0,61,0,1,81,0,82,88,0,88,170
08/21/2023,OLM,WA,ANM,WE,Federal Contract Tower,0,3,39,0,42,0,0,78,0,78,0,3,117,0,120,110,0,110,230
08/22/2023,OLM,WA,ANM,WE,Federal Contract Tower,0,2,26,4,32,0,1,66,1,68,0,3,92,5,100,118,2,120,220
08/23/2023,OLM,WA,ANM,WE,Federal Contract Tower,0,5,44,2,51,0,0,88,0,88,0,5,132,2,139,166,0,166,305
08/24/2023,OLM,WA,ANM,WE,Federal Contract Tower,0,6,32,4,42,0,4,78,0,82,0,10,110,4,124,168,0,168,292
08/25/2023,OLM,WA,ANM,WE,Federal Contract Tower,0,4,28,0,32,0,1,80,1,82,0,5,108,1,114,122,0,122,236
08/26/2023,OLM,WA,ANM,WE,Federal Contract Tower,0,0,10,0,10,0,7,123,7,137,0,7,133,7,147,186,0,186,333
08/27/2023,OLM,WA,ANM,WE,Federal Contract Tower,0,0,37,0,37,0,7,95,3,105,0,7,132,3,142,113,8,121,263
08/28/2023,OLM,WA,ANM,WE,Federal Contract Tower,0,1,17,0,18,0,1,58,1,60,0,2,75,1,78,46,10,56,134
08/29/2023,OLM,WA,ANM,WE,Federal Contract Tower,0,0,25,0,25,0,0,59,0,59,0,0,84,0,84,80,2,82,166
08/30/2023,OLM,WA,ANM,WE,Federal Contract Tower,0,2,44,0,46,0,3,72,0,75,0,5,116,0,121,54,0,54,175
08/31/2023,OLM,WA,ANM,WE,Federal Contract Tower,0,8,26,2,36,0,0,7,0,7,0,8,33,2,43,0,0,0,43
