01/01/2020,OLV,MS,ASO,CE,Federal Contract Tower,0,6,12,0,18,0,6,42,0,48,0,12,54,0,66,44,0,44,110
01/02/2020,OLV,MS,ASO,CE,Federal Contract Tower,0,3,8,0,11,0,0,0,0,0,0,3,8,0,11,0,0,0,11
01/03/2020,OLV,MS,ASO,CE,Federal Contract Tower,0,7,12,0,19,0,0,0,0,0,0,7,12,0,19,0,0,0,19
01/04/2020,OLV,MS,ASO,CE,Federal Contract Tower,0,12,6,0,18,0,5,43,2,50,0,17,49,2,68,42,0,42,110
01/05/2020,OLV,MS,ASO,CE,Federal Contract Tower,0,5,7,1,13,0,0,67,9,76,0,5,74,10,89,70,0,70,159
01/06/2020,OLV,MS,ASO,CE,Federal Contract Tower,0,9,31,1,41,0,8,123,0,131,0,17,154,1,172,146,0,146,318
01/07/2020,OLV,MS,ASO,CE,Federal Contract Tower,0,10,24,2,36,0,9,81,2,92,0,19,105,4,128,66,6,72,200
01/08/2020,OLV,MS,ASO,CE,Federal Contract Tower,0,14,27,0,41,0,3,129,0,132,0,17,156,0,173,146,0,146,319
01/09/2020,OLV,MS,ASO,CE,Federal Contract Tower,0,2,2,0,4,0,1,13,0,14,0,3,15,0,18,2,0,2,20
01/10/2020,OLV,MS,ASO,CE,Federal Contract Tower,0,9,0,0,9,0,0,4,0,4,0,9,4,0,13,0,0,0,13
01/11/2020,OLV,MS,ASO,CE,Federal Contract Tower,0,2,0,0,2,0,0,0,0,0,0,2,0,0,2,0,0,0,2
01/12/2020,OLV,MS,ASO,CE,Federal Contract Tower,0,12,1,0,13,0,2,20,0,22,0,14,21,0,35,44,0,44,79
01/13/2020,OLV,MS,ASO,CE,Federal Contract Tower,0,9,16,0,25,0,2,50,0,52,0,11,66,0,77,132,0,132,209
01/14/2020,OLV,MS,ASO,CE,Federal Contract Tower,0,15,24,0,39,0,0,45,0,45,0,15,69,0,84,50,0,50,134
01/15/2020,OLV,MS,ASO,CE,Federal Contract Tower,0,15,6,0,21,0,0,0,0,0,0,15,6,0,21,0,0,0,21
01/16/2020,OLV,MS,ASO,CE,Federal Contract Tower,0,14,14,0,28,0,3,69,0,72,0,17,83,0,100,110,0,110,210
01/17/2020,OLV,MS,ASO,CE,Federal Contract Tower,0,3,13,0,16,0,4,0,0,4,0,7,13,0,20,182,4,186,206
01/18/2020,OLV,MS,ASO,CE,Federal Contract Tower,0,3,7,4,14,0,2,9,1,12,0,5,16,5,26,8,0,8,34
01/19/2020,OLV,MS,ASO,CE,Federal Contract Tower,0,11,9,0,20,0,4,53,2,59,0,15,62,2,79,42,4,46,125
01/20/2020,OLV,MS,ASO,CE,Federal Contract Tower,0,8,18,2,28,0,3,101,0,104,0,11,119,2,132,150,0,150,282
01/21/2020,OLV,MS,ASO,CE,Federal Contract Tower,0,10,27,0,37,0,10,80,0,90,0,20,107,0,127,146,0,146,273
01/22/2020,OLV,MS,ASO,CE,Federal Contract Tower,0,13,11,0,24,0,0,105,0,105,0,13,116,0,129,152,0,152,281
01/23/2020,OLV,MS,ASO,CE,Federal Contract Tower,0,6,6,0,12,0,0,0,0,0,0,6,6,0,12,0,0,0,12
01/24/2020,OLV,MS,ASO,CE,Federal Contract Tower,0,10,4,0,14,0,3,13,0,16,0,13,17,0,30,16,0,16,46
01/25/2020,OLV,MS,ASO,CE,Federal Contract Tower,0,2,20,2,24,0,6,91,7,104,0,8,111,9,128,270,14,284,412
01/26/2020,OLV,MS,ASO,CE,Federal Contract Tower,0,8,10,0,18,0,0,23,0,23,0,8,33,0,41,102,0,102,143
01/27/2020,OLV,MS,ASO,CE,Federal Contract Tower,0,9,21,1,31,0,6,110,3,119,0,15,131,4,150,194,0,194,344
01/28/2020,OLV,MS,ASO,CE,Federal Contract Tower,0,25,38,0,63,0,6,110,0,116,0,31,148,0,179,128,0,128,307
01/29/2020,OLV,MS,ASO,CE,Federal Contract Tower,0,15,27,0,42,0,0,48,0,48,0,15,75,0,90,100,0,100,190
01/30/2020,OLV,MS,ASO,CE,Federal Contract Tower,0,18,5,0,23,0,0,4,0,4,0,18,9,0,27,4,0,4,31
01/31/2020,OLV,MS,ASO,CE,Federal Contract Tower,0,6,13,0,19,0,0,0,0,0,0,6,13,0,19,0,0,0,19
02/01/2020,OLV,MS,ASO,ES,Federal Contract Tower,0,6,22,1,29,0,4,76,1,81,0,10,98,2,110,82,0,82,192
02/02/2020,OLV,MS,ASO,ES,Federal Contract Tower,0,4,16,0,20,0,1,52,1,54,0,5,68,1,74,32,14,46,120
02/03/2020,OLV,MS,ASO,ES,Federal Contract Tower,0,10,10,0,20,0,2,27,0,29,0,12,37,0,49,34,0,34,83
02/04/2020,OLV,MS,ASO,ES,Federal Contract Tower,0,7,7,0,14,0,0,0,0,0,0,7,7,0,14,0,0,0,14
02/05/2020,OLV,MS,ASO,ES,Federal Contract Tower,0,8,0,0,8,0,0,0,0,0,0,8,0,0,8,0,0,0,8
02/06/2020,OLV,MS,ASO,ES,Federal Contract Tower,0,16,0,0,16,0,0,0,0,0,0,16,0,0,16,0,0,0,16
02/07/2020,OLV,MS,ASO,ES,Federal Contract Tower,0,11,14,0,25,0,3,133,0,136,0,14,147,0,161,174,0,174,335
02/08/2020,OLV,MS,ASO,ES,Federal Contract Tower,0,10,14,1,25,0,0,132,3,135,0,10,146,4,160,204,12,216,376
02/09/2020,OLV,MS,ASO,ES,Federal Contract Tower,0,12,8,1,21,0,2,37,0,39,0,14,45,1,60,0,0,0,60
02/10/2020,OLV,MS,ASO,ES,Federal Contract Tower,0,10,1,0,11,0,0,0,0,0,0,10,1,0,11,0,0,0,11
02/11/2020,OLV,MS,ASO,ES,Federal Contract Tower,0,12,23,0,35,0,0,31,0,31,0,12,54,0,66,54,0,54,120
02/12/2020,OLV,MS,ASO,ES,Federal Contract Tower,0,5,2,0,7,0,0,0,0,0,0,5,2,0,7,0,0,0,7
02/13/2020,OLV,MS,ASO,ES,Federal Contract Tower,0,10,21,3,34,0,7,74,0,81,0,17,95,3,115,148,0,148,263
02/14/2020,OLV,MS,ASO,ES,Federal Contract Tower,0,8,23,0,31,0,6,131,0,137,0,14,154,0,168,114,0,114,282
02/15/2020,OLV,MS,ASO,ES,Federal Contract Tower,0,4,14,0,18,0,7,106,0,113,0,11,120,0,131,116,0,116,247
02/16/2020,OLV,MS,ASO,ES,Federal Contract Tower,0,1,14,3,18,0,0,59,2,61,0,1,73,5,79,80,4,84,163
02/17/2020,OLV,MS,ASO,ES,Federal Contract Tower,0,7,48,1,56,0,0,6,0,6,0,7,54,1,62,4,0,4,66
02/18/2020,OLV,MS,ASO,ES,Federal Contract Tower,0,7,2,0,9,0,0,0,0,0,0,7,2,0,9,0,0,0,9
02/19/2020,OLV,MS,ASO,ES,Federal Contract Tower,0,7,20,0,27,0,5,85,0,90,0,12,105,0,117,142,0,142,259
02/20/2020,OLV,MS,ASO,ES,Federal Contract Tower,0,10,3,0,13,0,0,30,0,30,0,10,33,0,43,62,0,62,105
02/21/2020,OLV,MS,ASO,ES,Federal Contract Tower,0,17,25,0,42,0,2,128,0,130,0,19,153,0,172,176,0,176,348
02/22/2020,OLV,MS,ASO,ES,Federal Contract Tower,0,11,21,1,33,0,3,147,1,151,0,14,168,2,184,96,0,96,280
02/23/2020,OLV,MS,ASO,ES,Federal Contract Tower,0,7,21,0,28,0,0,49,4,53,0,7,70,4,81,46,2,48,129
02/24/2020,OLV,MS,ASO,ES,Federal Contract Tower,0,6,9,0,15,0,0,0,0,0,0,6,9,0,15,0,0,0,15
02/25/2020,OLV,MS,ASO,ES,Federal Contract Tower,0,11,37,0,48,0,6,55,14,75,0,17,92,14,123,134,0,134,257
02/26/2020,OLV,MS,ASO,ES,Federal Contract Tower,0,8,11,0,19,0,2,45,14,61,0,10,56,14,80,2,0,2,82
02/27/2020,OLV,MS,ASO,ES,Federal Contract Tower,0,15,24,0,39,0,1,122,0,123,0,16,146,0,162,138,0,138,300
02/28/2020,OLV,MS,ASO,ES,Federal Contract Tower,0,4,17,1,22,0,2,104,1,107,0,6,121,2,129,92,0,92,221
02/29/2020,OLV,MS,ASO,ES,Federal Contract Tower,0,3,19,0,22,0,3,122,0,125,0,6,141,0,147,188,0,188,335
03/01/2020,OLV,MS,ASO,ES,Federal Contract Tower,0,11,8,0,19,0,1,41,0,42,0,12,49,0,61,38,0,38,99
03/02/2020,OLV,MS,ASO,ES,Federal Contract Tower,0,6,18,0,24,0,2,19,0,21,0,8,37,0,45,12,0,12,57
03/03/2020,OLV,MS,ASO,ES,Federal Contract Tower,0,6,18,0,24,0,10,95,0,105,0,16,113,0,129,82,0,82,211
03/04/2020,OLV,MS,ASO,ES,Federal Contract Tower,0,10,25,0,35,0,4,75,0,79,0,14,100,0,114,148,0,148,262
03/05/2020,OLV,MS,ASO,ES,Federal Contract Tower,0,15,19,0,34,0,0,90,0,90,0,15,109,0,124,140,0,140,264
03/06/2020,OLV,MS,ASO,ES,Federal Contract Tower,0,9,6,0,15,0,2,59,0,61,0,11,65,0,76,74,0,74,150
03/08/2020,OLV,MS,ASO,ES,Federal Contract Tower,0,6,3,0,9,0,4,56,4,64,0,10,59,4,73,90,6,96,169
03/09/2020,OLV,MS,ASO,ES,Federal Contract Tower,0,9,7,0,16,0,0,16,0,16,0,9,23,0,32,14,0,14,46
03/10/2020,OLV,MS,ASO,ES,Federal Contract Tower,0,4,15,0,19,0,0,49,0,49,0,4,64,0,68,90,0,90,158
03/11/2020,OLV,MS,ASO,ES,Federal Contract Tower,0,6,6,0,12,0,0,11,0,11,0,6,17,0,23,2,0,2,25
03/12/2020,OLV,MS,ASO,ES,Federal Contract Tower,0,14,17,0,31,0,6,29,0,35,0,20,46,0,66,50,0,50,116
03/13/2020,OLV,MS,ASO,ES,Federal Contract Tower,0,11,12,0,23,0,0,44,0,44,0,11,56,0,67,74,0,74,141
03/14/2020,OLV,MS,ASO,ES,Federal Contract Tower,0,8,7,0,15,0,0,0,0,0,0,8,7,0,15,0,0,0,15
03/15/2020,OLV,MS,ASO,ES,Federal Contract Tower,0,4,21,0,25,0,1,2,0,3,0,5,23,0,28,18,0,18,46
03/16/2020,OLV,MS,ASO,ES,Federal Contract Tower,0,10,3,0,13,0,0,0,0,0,0,10,3,0,13,0,0,0,13
03/17/2020,OLV,MS,ASO,ES,Federal Contract Tower,0,14,15,0,29,0,0,34,0,34,0,14,49,0,63,104,0,104,167
03/18/2020,OLV,MS,ASO,ES,Federal Contract Tower,0,4,5,0,9,0,0,14,0,14,0,4,19,0,23,36,0,36,59
03/19/2020,OLV,MS,ASO,ES,Federal Contract Tower,0,4,2,0,6,0,5,20,4,29,0,9,22,4,35,24,6,30,65
03/20/2020,OLV,MS,ASO,ES,Federal Contract Tower,0,4,3,0,7,0,0,8,0,8,0,4,11,0,15,30,0,30,45
03/21/2020,OLV,MS,ASO,ES,Federal Contract Tower,0,6,12,0,18,0,7,74,3,84,0,13,86,3,102,174,0,174,276
03/22/2020,OLV,MS,ASO,ES,Federal Contract Tower,0,2,2,0,4,0,0,13,0,13,0,2,15,0,17,30,0,30,47
03/23/2020,OLV,MS,ASO,ES,Federal Contract Tower,0,7,14,0,21,0,3,59,0,62,0,10,73,0,83,102,0,102,185
03/24/2020,OLV,MS,ASO,ES,Federal Contract Tower,0,4,0,0,4,0,4,0,0,4,0,8,0,0,8,0,0,0,8
03/25/2020,OLV,MS,ASO,ES,Federal Contract Tower,0,2,7,0,9,0,0,26,0,26,0,2,33,0,35,46,0,46,81
03/26/2020,OLV,MS,ASO,ES,Federal Contract Tower,0,7,21,0,28,0,5,64,4,73,0,12,85,4,101,82,4,86,187
03/27/2020,OLV,MS,ASO,ES,Federal Contract Tower,0,2,6,0,8,0,0,53,0,53,0,2,59,0,61,80,0,80,141
03/28/2020,OLV,MS,ASO,ES,Federal Contract Tower,0,0,10,0,10,0,0,11,0,11,0,0,21,0,21,36,0,36,57
03/29/2020,OLV,MS,ASO,ES,Federal Contract Tower,0,0,11,0,11,0,1,78,4,83,0,1,89,4,94,144,10,154,248
03/30/2020,OLV,MS,ASO,ES,Federal Contract Tower,0,5,7,0,12,0,0,47,0,47,0,5,54,0,59,102,0,102,161
03/31/2020,OLV,MS,ASO,ES,Federal Contract Tower,0,2,3,0,5,0,0,10,0,10,0,2,13,0,15,12,0,12,27
04/01/2020,OLV,MS,ASO,ES,Federal Contract Tower,0,6,10,0,16,0,2,84,0,86,0,8,94,0,102,68,0,68,170
04/02/2020,OLV,MS,ASO,ES,Federal Contract Tower,0,3,1,0,4,0,7,63,0,70,0,10,64,0,74,64,0,64,138
04/03/2020,OLV,MS,ASO,ES,Federal Contract Tower,0,0,5,0,5,0,0,49,0,49,0,0,54,0,54,46,0,46,100
04/04/2020,OLV,MS,ASO,ES,Federal Contract Tower,0,0,4,0,4,0,0,40,0,40,0,0,44,0,44,48,0,48,92
04/05/2020,OLV,MS,ASO,ES,Federal Contract Tower,0,0,6,0,6,0,1,60,0,61,0,1,66,0,67,66,0,66,133
04/06/2020,OLV,MS,ASO,ES,Federal Contract Tower,0,0,7,0,7,0,0,36,0,36,0,0,43,0,43,46,0,46,89
04/07/2020,OLV,MS,ASO,ES,Federal Contract Tower,0,0,3,0,3,0,0,7,0,7,0,0,10,0,10,16,0,16,26
04/08/2020,OLV,MS,ASO,ES,Federal Contract Tower,0,0,12,0,12,0,0,30,0,30,0,0,42,0,42,36,0,36,78
04/09/2020,OLV,MS,ASO,ES,Federal Contract Tower,0,0,4,4,8,0,3,61,0,64,0,3,65,4,72,92,0,92,164
04/10/2020,OLV,MS,ASO,ES,Federal Contract Tower,0,0,11,0,11,0,2,85,0,87,0,2,96,0,98,88,0,88,186
04/11/2020,OLV,MS,ASO,ES,Federal Contract Tower,0,2,7,0,9,0,2,68,0,70,0,4,75,0,79,112,0,112,191
04/12/2020,OLV,MS,ASO,ES,Federal Contract Tower,0,1,0,0,1,0,0,0,0,0,0,1,0,0,1,0,0,0,1
04/13/2020,OLV,MS,ASO,ES,Federal Contract Tower,0,0,7,3,10,0,0,32,0,32,0,0,39,3,42,98,0,98,140
04/14/2020,OLV,MS,ASO,ES,Federal Contract Tower,0,0,4,0,4,0,0,43,0,43,0,0,47,0,47,76,0,76,123
04/15/2020,OLV,MS,ASO,ES,Federal Contract Tower,0,7,5,0,12,0,5,70,0,75,0,12,75,0,87,106,0,106,193
04/16/2020,OLV,MS,ASO,ES,Federal Contract Tower,0,3,3,0,6,0,8,68,0,76,0,11,71,0,82,102,0,102,184
04/17/2020,OLV,MS,ASO,ES,Federal Contract Tower,0,2,4,0,6,0,4,36,0,40,0,6,40,0,46,44,0,44,90
04/18/2020,OLV,MS,ASO,ES,Federal Contract Tower,0,3,9,0,12,0,6,72,0,78,0,9,81,0,90,104,0,104,194
04/19/2020,OLV,MS,ASO,ES,Federal Contract Tower,0,0,1,0,1,0,0,0,0,0,0,0,1,0,1,0,0,0,1
04/20/2020,OLV,MS,ASO,ES,Federal Contract Tower,0,4,27,0,31,0,1,98,0,99,0,5,125,0,130,152,0,152,282
04/21/2020,OLV,MS,ASO,ES,Federal Contract Tower,0,0,10,0,10,0,2,61,0,63,0,2,71,0,73,86,0,86,159
04/22/2020,OLV,MS,ASO,ES,Federal Contract Tower,0,5,10,0,15,0,4,28,0,32,0,9,38,0,47,58,0,58,105
04/23/2020,OLV,MS,ASO,ES,Federal Contract Tower,0,3,3,0,6,0,0,6,0,6,0,3,9,0,12,6,0,6,18
04/24/2020,OLV,MS,ASO,ES,Federal Contract Tower,0,2,17,0,19,0,0,84,0,84,0,2,101,0,103,142,0,142,245
04/25/2020,OLV,MS,ASO,ES,Federal Contract Tower,0,1,2,0,3,0,0,0,0,0,0,1,2,0,3,0,0,0,3
04/26/2020,OLV,MS,ASO,ES,Federal Contract Tower,0,2,7,0,9,0,0,55,2,57,0,2,62,2,66,78,0,78,144
04/27/2020,OLV,MS,ASO,ES,Federal Contract Tower,0,1,19,0,20,0,0,117,0,117,0,1,136,0,137,226,0,226,363
04/28/2020,OLV,MS,ASO,ES,Federal Contract Tower,0,20,11,2,33,0,2,44,0,46,0,22,55,2,79,72,0,72,151
04/29/2020,OLV,MS,ASO,ES,Federal Contract Tower,0,2,2,0,4,0,0,2,0,2,0,2,4,0,6,0,0,0,6
04/30/2020,OLV,MS,ASO,ES,Federal Contract Tower,0,14,8,0,22,0,1,64,0,65,0,15,72,0,87,54,0,54,141
05/01/2020,OLV,MS,ASO,ES,Federal Contract Tower,0,8,14,0,22,0,6,126,0,132,0,14,140,0,154,152,0,152,306
05/02/2020,OLV,MS,ASO,ES,Federal Contract Tower,0,3,12,0,15,0,6,76,2,84,0,9,88,2,99,56,0,56,155
05/03/2020,OLV,MS,ASO,ES,Federal Contract Tower,0,2,9,0,11,0,0,17,0,17,0,2,26,0,28,38,0,38,66
05/04/2020,OLV,MS,ASO,ES,Federal Contract Tower,0,3,12,0,15,0,4,81,0,85,0,7,93,0,100,150,0,150,250
05/05/2020,OLV,MS,ASO,ES,Federal Contract Tower,0,6,16,0,22,0,0,47,0,47,0,6,63,0,69,104,0,104,173
05/06/2020,OLV,MS,ASO,ES,Federal Contract Tower,0,8,13,0,21,0,9,65,0,74,0,17,78,0,95,174,0,174,269
05/07/2020,OLV,MS,ASO,ES,Federal Contract Tower,0,10,13,0,23,0,6,150,0,156,0,16,163,0,179,186,0,186,365
05/08/2020,OLV,MS,ASO,ES,Federal Contract Tower,0,4,2,0,6,0,0,5,0,5,0,4,7,0,11,6,0,6,17
05/09/2020,OLV,MS,ASO,ES,Federal Contract Tower,0,1,14,0,15,0,6,114,0,120,0,7,128,0,135,76,0,76,211
05/10/2020,OLV,MS,ASO,ES,Federal Contract Tower,0,3,5,0,8,0,6,62,0,68,0,9,67,0,76,58,0,58,134
05/11/2020,OLV,MS,ASO,ES,Federal Contract Tower,0,4,7,0,11,0,8,110,0,118,0,12,117,0,129,134,0,134,263
05/12/2020,OLV,MS,ASO,ES,Federal Contract Tower,0,5,8,0,13,0,2,33,0,35,0,7,41,0,48,82,0,82,130
05/13/2020,OLV,MS,ASO,ES,Federal Contract Tower,0,13,14,0,27,0,6,108,0,114,0,19,122,0,141,138,0,138,279
05/14/2020,OLV,MS,ASO,ES,Federal Contract Tower,0,2,7,0,9,0,2,100,0,102,0,4,107,0,111,118,0,118,229
05/15/2020,OLV,MS,ASO,ES,Federal Contract Tower,0,2,10,0,12,0,2,31,0,33,0,4,41,0,45,136,0,136,181
05/16/2020,OLV,MS,ASO,ES,Federal Contract Tower,0,3,1,0,4,0,2,32,0,34,0,5,33,0,38,32,0,32,70
05/17/2020,OLV,MS,ASO,ES,Federal Contract Tower,0,7,1,0,8,0,0,4,0,4,0,7,5,0,12,8,0,8,20
05/18/2020,OLV,MS,ASO,ES,Federal Contract Tower,0,5,24,4,33,0,0,96,0,96,0,5,120,4,129,172,0,172,301
05/19/2020,OLV,MS,ASO,ES,Federal Contract Tower,0,7,30,0,37,0,6,87,0,93,0,13,117,0,130,198,0,198,328
05/20/2020,OLV,MS,ASO,ES,Federal Contract Tower,0,8,13,0,21,0,6,78,2,86,0,14,91,2,107,106,8,114,221
05/21/2020,OLV,MS,ASO,ES,Federal Contract Tower,0,14,18,0,32,0,1,107,0,108,0,15,125,0,140,122,0,122,262
05/22/2020,OLV,MS,ASO,ES,Federal Contract Tower,0,7,18,0,25,0,0,37,0,37,0,7,55,0,62,40,0,40,102
05/23/2020,OLV,MS,ASO,ES,Federal Contract Tower,0,0,11,0,11,0,6,66,0,72,0,6,77,0,83,68,0,68,151
05/24/2020,OLV,MS,ASO,ES,Federal Contract Tower,0,2,13,0,15,0,8,60,0,68,0,10,73,0,83,108,0,108,191
05/25/2020,OLV,MS,ASO,ES,Federal Contract Tower,0,9,10,0,19,0,1,99,0,100,0,10,109,0,119,96,0,96,215
05/26/2020,OLV,MS,ASO,ES,Federal Contract Tower,0,11,16,0,27,0,2,48,0,50,0,13,64,0,77,16,0,16,93
05/27/2020,OLV,MS,ASO,ES,Federal Contract Tower,0,14,4,0,18,0,0,54,0,54,0,14,58,0,72,82,0,82,154
05/28/2020,OLV,MS,ASO,ES,Federal Contract Tower,0,14,17,0,31,0,2,56,0,58,0,16,73,0,89,94,0,94,183
05/29/2020,OLV,MS,ASO,ES,Federal Contract Tower,0,6,18,0,24,0,1,55,0,56,0,7,73,0,80,96,0,96,176
05/30/2020,OLV,MS,ASO,ES,Federal Contract Tower,0,4,8,0,12,0,4,104,0,108,0,8,112,0,120,114,0,114,234
05/31/2020,OLV,MS,ASO,ES,Federal Contract Tower,0,4,6,0,10,0,2,73,0,75,0,6,79,0,85,46,0,46,131
06/01/2020,OLV,MS,ASO,ES,Federal Contract Tower,0,11,40,0,51,0,4,133,0,137,0,15,173,0,188,190,0,190,378
06/02/2020,OLV,MS,ASO,ES,Federal Contract Tower,0,6,30,0,36,0,0,127,0,127,0,6,157,0,163,122,0,122,285
06/03/2020,OLV,MS,ASO,ES,Federal Contract Tower,0,9,21,0,30,0,8,80,0,88,0,17,101,0,118,124,0,124,242
06/04/2020,OLV,MS,ASO,ES,Federal Contract Tower,0,8,9,0,17,0,2,27,0,29,0,10,36,0,46,74,0,74,120
06/05/2020,OLV,MS,ASO,ES,Federal Contract Tower,0,8,12,0,20,0,1,70,0,71,0,9,82,0,91,60,0,60,151
06/06/2020,OLV,MS,ASO,ES,Federal Contract Tower,0,8,22,0,30,0,2,100,0,102,0,10,122,0,132,166,0,166,298
06/07/2020,OLV,MS,ASO,ES,Federal Contract Tower,0,7,20,0,27,0,0,80,0,80,0,7,100,0,107,228,0,228,335
06/08/2020,OLV,MS,ASO,ES,Federal Contract Tower,0,5,0,0,5,0,0,11,0,11,0,5,11,0,16,10,0,10,26
06/09/2020,OLV,MS,ASO,ES,Federal Contract Tower,0,9,8,0,17,0,0,16,0,16,0,9,24,0,33,0,0,0,33
06/10/2020,OLV,MS,ASO,ES,Federal Contract Tower,0,12,5,0,17,0,2,8,0,10,0,14,13,0,27,8,0,8,35
06/11/2020,OLV,MS,ASO,ES,Federal Contract Tower,0,11,11,0,22,0,2,150,2,154,0,13,161,2,176,206,10,216,392
06/12/2020,OLV,MS,ASO,ES,Federal Contract Tower,0,6,7,0,13,0,0,108,0,108,0,6,115,0,121,172,0,172,293
06/13/2020,OLV,MS,ASO,ES,Federal Contract Tower,0,2,24,0,26,0,0,113,0,113,0,2,137,0,139,126,0,126,265
06/14/2020,OLV,MS,ASO,ES,Federal Contract Tower,0,11,19,0,30,0,9,74,0,83,0,20,93,0,113,106,0,106,219
06/15/2020,OLV,MS,ASO,ES,Federal Contract Tower,0,1,10,0,11,0,12,83,0,95,0,13,93,0,106,186,0,186,292
06/16/2020,OLV,MS,ASO,ES,Federal Contract Tower,0,7,29,0,36,0,2,121,0,123,0,9,150,0,159,124,0,124,283
06/17/2020,OLV,MS,ASO,ES,Federal Contract Tower,0,17,28,0,45,0,2,111,4,117,0,19,139,4,162,164,0,164,326
06/18/2020,OLV,MS,ASO,ES,Federal Contract Tower,0,5,13,0,18,0,2,117,0,119,0,7,130,0,137,186,0,186,323
06/19/2020,OLV,MS,ASO,ES,Federal Contract Tower,0,5,9,0,14,0,0,122,0,122,0,5,131,0,136,136,0,136,272
06/20/2020,OLV,MS,ASO,ES,Federal Contract Tower,0,10,3,0,13,0,3,60,0,63,0,13,63,0,76,76,0,76,152
06/21/2020,OLV,MS,ASO,ES,Federal Contract Tower,0,7,20,0,27,0,0,34,0,34,0,7,54,0,61,32,0,32,93
06/22/2020,OLV,MS,ASO,ES,Federal Contract Tower,0,8,4,0,12,0,0,15,0,15,0,8,19,0,27,28,0,28,55
06/23/2020,OLV,MS,ASO,ES,Federal Contract Tower,0,0,5,0,5,0,0,44,0,44,0,0,49,0,49,128,0,128,177
06/24/2020,OLV,MS,ASO,ES,Federal Contract Tower,0,14,17,0,31,0,1,48,0,49,0,15,65,0,80,122,0,122,202
06/25/2020,OLV,MS,ASO,ES,Federal Contract Tower,0,10,18,0,28,0,3,134,0,137,0,13,152,0,165,248,0,248,413
06/26/2020,OLV,MS,ASO,ES,Federal Contract Tower,0,14,16,0,30,0,4,23,0,27,0,18,39,0,57,56,0,56,113
06/27/2020,OLV,MS,ASO,ES,Federal Contract Tower,0,2,17,0,19,0,0,34,0,34,0,2,51,0,53,30,0,30,83
06/28/2020,OLV,MS,ASO,ES,Federal Contract Tower,0,4,16,0,20,0,7,60,0,67,0,11,76,0,87,100,0,100,187
06/29/2020,OLV,MS,ASO,ES,Federal Contract Tower,0,2,19,0,21,0,0,111,0,111,0,2,130,0,132,248,0,248,380
06/30/2020,OLV,MS,ASO,ES,Federal Contract Tower,0,13,13,0,26,0,3,81,2,86,0,16,94,2,112,124,0,124,236
07/01/2020,OLV,MS,ASO,ES,Federal Contract Tower,0,8,8,0,16,0,2,19,0,21,0,10,27,0,37,44,0,44,81
07/02/2020,OLV,MS,ASO,ES,Federal Contract Tower,0,9,15,0,24,0,0,88,0,88,0,9,103,0,112,124,0,124,236
07/03/2020,OLV,MS,ASO,ES,Federal Contract Tower,0,1,10,0,11,0,0,66,0,66,0,1,76,0,77,116,0,116,193
07/04/2020,OLV,MS,ASO,ES,Federal Contract Tower,0,4,1,0,5,0,2,44,0,46,0,6,45,0,51,58,0,58,109
07/05/2020,OLV,MS,ASO,ES,Federal Contract Tower,0,2,13,0,15,0,0,37,0,37,0,2,50,0,52,84,0,84,136
07/06/2020,OLV,MS,ASO,ES,Federal Contract Tower,0,4,18,0,22,0,2,111,0,113,0,6,129,0,135,186,0,186,321
07/07/2020,OLV,MS,ASO,ES,Federal Contract Tower,0,6,20,0,26,0,3,93,0,96,0,9,113,0,122,140,0,140,262
07/08/2020,OLV,MS,ASO,ES,Federal Contract Tower,0,10,30,0,40,0,3,79,0,82,0,13,109,0,122,162,0,162,284
07/09/2020,OLV,MS,ASO,ES,Federal Contract Tower,0,12,19,0,31,0,0,39,0,39,0,12,58,0,70,74,0,74,144
07/10/2020,OLV,MS,ASO,ES,Federal Contract Tower,0,4,18,0,22,0,0,94,0,94,0,4,112,0,116,126,0,126,242
07/11/2020,OLV,MS,ASO,ES,Federal Contract Tower,0,7,16,0,23,0,4,72,0,76,0,11,88,0,99,176,0,176,275
07/12/2020,OLV,MS,ASO,ES,Federal Contract Tower,0,3,3,0,6,0,2,41,0,43,0,5,44,0,49,78,0,78,127
07/13/2020,OLV,MS,ASO,ES,Federal Contract Tower,0,7,12,0,19,0,0,81,0,81,0,7,93,0,100,180,0,180,280
07/14/2020,OLV,MS,ASO,ES,Federal Contract Tower,0,15,16,0,31,0,2,93,0,95,0,17,109,0,126,204,0,204,330
07/15/2020,OLV,MS,ASO,ES,Federal Contract Tower,0,8,13,0,21,0,1,95,11,107,0,9,108,11,128,164,0,164,292
07/16/2020,OLV,MS,ASO,ES,Federal Contract Tower,0,3,11,0,14,0,4,90,0,94,0,7,101,0,108,142,0,142,250
07/17/2020,OLV,MS,ASO,ES,Federal Contract Tower,0,11,8,0,19,0,2,131,0,133,0,13,139,0,152,204,0,204,356
07/18/2020,OLV,MS,ASO,ES,Federal Contract Tower,0,6,10,0,16,0,7,78,0,85,0,13,88,0,101,104,0,104,205
07/19/2020,OLV,MS,ASO,ES,Federal Contract Tower,0,5,4,0,9,0,0,43,0,43,0,5,47,0,52,44,0,44,96
07/20/2020,OLV,MS,ASO,ES,Federal Contract Tower,0,8,13,0,21,0,4,86,0,90,0,12,99,0,111,158,0,158,269
07/21/2020,OLV,MS,ASO,ES,Federal Contract Tower,0,11,12,0,23,0,6,51,0,57,0,17,63,0,80,80,0,80,160
07/22/2020,OLV,MS,ASO,ES,Federal Contract Tower,0,12,11,0,23,0,1,55,0,56,0,13,66,0,79,194,0,194,273
07/23/2020,OLV,MS,ASO,ES,Federal Contract Tower,0,7,10,0,17,0,2,67,0,69,0,9,77,0,86,170,0,170,256
07/24/2020,OLV,MS,ASO,ES,Federal Contract Tower,0,5,14,0,19,0,0,127,0,127,0,5,141,0,146,270,0,270,416
07/25/2020,OLV,MS,ASO,ES,Federal Contract Tower,0,0,6,0,6,0,1,101,0,102,0,1,107,0,108,90,0,90,198
07/26/2020,OLV,MS,ASO,ES,Federal Contract Tower,0,7,9,0,16,0,1,72,0,73,0,8,81,0,89,100,0,100,189
07/27/2020,OLV,MS,ASO,ES,Federal Contract Tower,0,19,6,0,25,0,0,106,0,106,0,19,112,0,131,180,0,180,311
07/28/2020,OLV,MS,ASO,ES,Federal Contract Tower,0,14,10,0,24,0,0,85,0,85,0,14,95,0,109,184,0,184,293
07/29/2020,OLV,MS,ASO,ES,Federal Contract Tower,0,7,14,0,21,0,0,58,0,58,0,7,72,0,79,66,0,66,145
07/30/2020,OLV,MS,ASO,ES,Federal Contract Tower,0,3,9,0,12,0,2,10,0,12,0,5,19,0,24,48,0,48,72
07/31/2020,OLV,MS,ASO,ES,Federal Contract Tower,0,9,7,0,16,0,1,20,0,21,0,10,27,0,37,42,0,42,79
08/01/2020,OLV,MS,ASO,ES,Federal Contract Tower,0,3,17,2,22,0,4,13,0,17,0,7,30,2,39,14,0,14,53
08/02/2020,OLV,MS,ASO,ES,Federal Contract Tower,0,26,4,0,30,0,11,44,0,55,0,37,48,0,85,62,0,62,147
08/03/2020,OLV,MS,ASO,ES,Federal Contract Tower,0,5,7,0,12,0,2,81,2,85,0,7,88,2,97,88,0,88,185
08/04/2020,OLV,MS,ASO,ES,Federal Contract Tower,0,5,26,0,31,0,4,75,0,79,0,9,101,0,110,84,0,84,194
08/05/2020,OLV,MS,ASO,ES,Federal Contract Tower,0,11,20,0,31,0,7,106,0,113,0,18,126,0,144,104,0,104,248
08/06/2020,OLV,MS,ASO,ES,Federal Contract Tower,0,20,22,0,42,0,4,124,0,128,0,24,146,0,170,118,0,118,288
08/07/2020,OLV,MS,ASO,ES,Federal Contract Tower,0,8,16,0,24,0,2,120,0,122,0,10,136,0,146,128,0,128,274
08/08/2020,OLV,MS,ASO,ES,Federal Contract Tower,0,9,12,0,21,0,3,69,0,72,0,12,81,0,93,62,0,62,155
08/09/2020,OLV,MS,ASO,ES,Federal Contract Tower,0,5,11,0,16,0,4,65,0,69,0,9,76,0,85,50,0,50,135
08/10/2020,OLV,MS,ASO,ES,Federal Contract Tower,0,11,6,0,17,0,6,112,0,118,0,17,118,0,135,130,0,130,265
08/11/2020,OLV,MS,ASO,ES,Federal Contract Tower,0,9,17,0,26,0,1,65,0,66,0,10,82,0,92,108,0,108,200
08/12/2020,OLV,MS,ASO,ES,Federal Contract Tower,0,13,12,0,25,0,0,61,0,61,0,13,73,0,86,92,0,92,178
08/13/2020,OLV,MS,ASO,ES,Federal Contract Tower,0,11,11,0,22,0,0,44,0,44,0,11,55,0,66,50,0,50,116
08/14/2020,OLV,MS,ASO,ES,Federal Contract Tower,0,6,10,0,16,0,0,22,0,22,0,6,32,0,38,24,0,24,62
08/15/2020,OLV,MS,ASO,ES,Federal Contract Tower,0,8,18,0,26,0,0,102,0,102,0,8,120,0,128,178,0,178,306
08/16/2020,OLV,MS,ASO,ES,Federal Contract Tower,0,8,14,0,22,0,5,54,0,59,0,13,68,0,81,98,0,98,179
08/17/2020,OLV,MS,ASO,ES,Federal Contract Tower,0,3,20,0,23,0,0,105,0,105,0,3,125,0,128,120,0,120,248
08/18/2020,OLV,MS,ASO,ES,Federal Contract Tower,0,10,16,0,26,0,4,71,0,75,0,14,87,0,101,118,0,118,219
08/19/2020,OLV,MS,ASO,ES,Federal Contract Tower,0,3,40,0,43,0,0,49,0,49,0,3,89,0,92,122,0,122,214
08/20/2020,OLV,MS,ASO,ES,Federal Contract Tower,0,5,29,0,34,0,0,98,0,98,0,5,127,0,132,160,0,160,292
08/21/2020,OLV,MS,ASO,ES,Federal Contract Tower,0,6,10,0,16,0,1,42,0,43,0,7,52,0,59,58,0,58,117
08/22/2020,OLV,MS,ASO,ES,Federal Contract Tower,0,5,7,0,12,0,4,96,0,100,0,9,103,0,112,124,0,124,236
08/23/2020,OLV,MS,ASO,ES,Federal Contract Tower,0,3,21,0,24,0,4,90,0,94,0,7,111,0,118,132,0,132,250
08/24/2020,OLV,MS,ASO,ES,Federal Contract Tower,0,5,18,0,23,0,0,78,0,78,0,5,96,0,101,166,0,166,267
08/25/2020,OLV,MS,ASO,ES,Federal Contract Tower,0,12,15,0,27,0,2,85,0,87,0,14,100,0,114,122,0,122,236
08/26/2020,OLV,MS,ASO,ES,Federal Contract Tower,0,14,38,2,54,0,2,41,0,43,0,16,79,2,97,48,0,48,145
08/27/2020,OLV,MS,ASO,ES,Federal Contract Tower,0,7,13,0,20,0,0,29,0,29,0,7,42,0,49,84,0,84,133
08/28/2020,OLV,MS,ASO,ES,Federal Contract Tower,0,0,0,0,0,0,0,0,0,0,0,0,0,0,0,0,0,0,0
08/29/2020,OLV,MS,ASO,ES,Federal Contract Tower,0,1,19,0,20,0,2,28,0,30,0,3,47,0,50,66,0,66,116
08/30/2020,OLV,MS,ASO,ES,Federal Contract Tower,0,2,17,0,19,0,0,40,0,40,0,2,57,0,59,58,0,58,117
08/31/2020,OLV,MS,ASO,ES,Federal Contract Tower,0,3,23,0,26,0,0,57,0,57,0,3,80,0,83,102,0,102,185
09/01/2020,OLV,MS,ASO,ES,Federal Contract Tower,0,10,24,0,34,0,7,57,0,64,0,17,81,0,98,90,0,90,188
09/02/2020,OLV,MS,ASO,ES,Federal Contract Tower,0,12,17,0,29,0,0,18,0,18,0,12,35,0,47,88,0,88,135
09/03/2020,OLV,MS,ASO,ES,Federal Contract Tower,0,12,20,0,32,0,4,55,0,59,0,16,75,0,91,118,0,118,209
09/04/2020,OLV,MS,ASO,ES,Federal Contract Tower,0,15,39,0,54,0,2,60,0,62,0,17,99,0,116,84,0,84,200
09/05/2020,OLV,MS,ASO,ES,Federal Contract Tower,0,4,4,0,8,0,0,75,1,76,0,4,79,1,84,104,0,104,188
09/06/2020,OLV,MS,ASO,ES,Federal Contract Tower,0,4,7,0,11,0,1,70,0,71,0,5,77,0,82,56,0,56,138
09/07/2020,OLV,MS,ASO,ES,Federal Contract Tower,0,7,22,0,29,0,0,80,0,80,0,7,102,0,109,86,0,86,195
09/08/2020,OLV,MS,ASO,ES,Federal Contract Tower,0,10,18,0,28,0,0,94,0,94,0,10,112,0,122,138,0,138,260
09/09/2020,OLV,MS,ASO,ES,Federal Contract Tower,0,4,12,0,16,0,1,106,0,107,0,5,118,0,123,182,0,182,305
09/10/2020,OLV,MS,ASO,ES,Federal Contract Tower,0,13,12,0,25,0,2,101,0,103,0,15,113,0,128,120,0,120,248
09/11/2020,OLV,MS,ASO,ES,Federal Contract Tower,0,7,9,0,16,0,131,0,0,131,0,138,9,0,147,188,0,188,335
09/12/2020,OLV,MS,ASO,ES,Federal Contract Tower,0,5,9,0,14,0,0,26,0,26,0,5,35,0,40,36,0,36,76
09/13/2020,OLV,MS,ASO,ES,Federal Contract Tower,0,2,7,0,9,0,0,33,0,33,0,2,40,0,42,70,0,70,112
09/14/2020,OLV,MS,ASO,ES,Federal Contract Tower,0,6,19,0,25,0,2,31,0,33,0,8,50,0,58,76,0,76,134
09/15/2020,OLV,MS,ASO,ES,Federal Contract Tower,0,15,31,0,46,0,2,100,0,102,0,17,131,0,148,180,0,180,328
09/16/2020,OLV,MS,ASO,ES,Federal Contract Tower,0,13,27,0,40,0,5,105,0,110,0,18,132,0,150,130,0,130,280
09/17/2020,OLV,MS,ASO,ES,Federal Contract Tower,0,3,18,0,21,0,1,70,0,71,0,4,88,0,92,132,0,132,224
09/18/2020,OLV,MS,ASO,ES,Federal Contract Tower,0,12,24,0,36,0,1,77,0,78,0,13,101,0,114,128,0,128,242
09/19/2020,OLV,MS,ASO,ES,Federal Contract Tower,0,4,18,0,22,0,3,101,0,104,0,7,119,0,126,170,0,170,296
09/20/2020,OLV,MS,ASO,ES,Federal Contract Tower,0,11,10,0,21,0,6,92,0,98,0,17,102,0,119,152,0,152,271
09/21/2020,OLV,MS,ASO,ES,Federal Contract Tower,0,13,18,0,31,0,6,107,0,113,0,19,125,0,144,146,0,146,290
09/22/2020,OLV,MS,ASO,ES,Federal Contract Tower,0,14,16,0,30,0,4,90,0,94,0,18,106,0,124,106,0,106,230
09/23/2020,OLV,MS,ASO,ES,Federal Contract Tower,0,12,9,0,21,0,0,3,0,3,0,12,12,0,24,6,0,6,30
09/24/2020,OLV,MS,ASO,ES,Federal Contract Tower,0,14,12,0,26,0,0,1,0,1,0,14,13,0,27,0,0,0,27
09/25/2020,OLV,MS,ASO,ES,Federal Contract Tower,0,12,28,2,42,0,2,36,0,38,0,14,64,2,80,76,0,76,156
09/26/2020,OLV,MS,ASO,ES,Federal Contract Tower,0,4,13,0,17,0,0,46,0,46,0,4,59,0,63,58,0,58,121
09/27/2020,OLV,MS,ASO,ES,Federal Contract Tower,0,11,15,0,26,0,0,95,0,95,0,11,110,0,121,180,0,180,301
09/28/2020,OLV,MS,ASO,ES,Federal Contract Tower,0,12,16,0,28,0,3,42,0,45,0,15,58,0,73,70,0,70,143
09/29/2020,OLV,MS,ASO,ES,Federal Contract Tower,0,3,22,0,25,0,4,164,0,168,0,7,186,0,193,138,0,138,331
09/30/2020,OLV,MS,ASO,ES,Federal Contract Tower,0,11,22,0,33,0,4,119,0,123,0,15,141,0,156,218,0,218,374
10/01/2020,OLV,MS,ASO,ES,Federal Contract Tower,0,12,33,0,45,0,9,112,0,121,0,21,145,0,166,136,0,136,302
10/02/2020,OLV,MS,ASO,ES,Federal Contract Tower,0,10,35,0,45,0,7,117,2,126,0,17,152,2,171,158,2,160,331
10/03/2020,OLV,MS,ASO,ES,Federal Contract Tower,0,8,14,0,22,0,1,92,2,95,0,9,106,2,117,70,4,74,191
10/04/2020,OLV,MS,ASO,ES,Federal Contract Tower,0,10,25,0,35,0,0,98,0,98,0,10,123,0,133,154,0,154,287
10/05/2020,OLV,MS,ASO,ES,Federal Contract Tower,0,9,28,0,37,0,0,127,2,129,0,9,155,2,166,182,4,186,352
10/06/2020,OLV,MS,ASO,ES,Federal Contract Tower,0,9,26,1,36,0,4,119,3,126,0,13,145,4,162,206,12,218,380
10/07/2020,OLV,MS,ASO,ES,Federal Contract Tower,0,15,40,3,58,0,1,137,0,138,0,16,177,3,196,240,0,240,436
10/08/2020,OLV,MS,ASO,ES,Federal Contract Tower,0,11,19,0,30,0,2,84,0,86,0,13,103,0,116,80,0,80,196
10/09/2020,OLV,MS,ASO,ES,Federal Contract Tower,0,5,15,0,20,0,0,64,0,64,0,5,79,0,84,72,0,72,156
10/10/2020,OLV,MS,ASO,ES,Federal Contract Tower,0,1,2,0,3,0,0,0,0,0,0,1,2,0,3,0,0,0,3
10/11/2020,OLV,MS,ASO,ES,Federal Contract Tower,0,20,14,0,34,0,2,9,0,11,0,22,23,0,45,16,0,16,61
10/12/2020,OLV,MS,ASO,ES,Federal Contract Tower,0,8,32,1,41,0,3,55,0,58,0,11,87,1,99,80,0,80,179
10/13/2020,OLV,MS,ASO,ES,Federal Contract Tower,0,11,24,1,36,0,0,116,1,117,0,11,140,2,153,130,0,130,283
10/14/2020,OLV,MS,ASO,ES,Federal Contract Tower,0,12,21,0,33,0,4,99,0,103,0,16,120,0,136,104,0,104,240
10/15/2020,OLV,MS,ASO,ES,Federal Contract Tower,0,6,32,0,38,0,0,64,0,64,0,6,96,0,102,134,0,134,236
10/16/2020,OLV,MS,ASO,ES,Federal Contract Tower,0,11,23,0,34,0,2,115,0,117,0,13,138,0,151,167,0,167,318
10/17/2020,OLV,MS,ASO,ES,Federal Contract Tower,0,4,17,0,21,0,3,73,2,78,0,7,90,2,99,56,0,56,155
10/18/2020,OLV,MS,ASO,ES,Federal Contract Tower,0,6,17,0,23,0,1,68,0,69,0,7,85,0,92,56,0,56,148
10/19/2020,OLV,MS,ASO,ES,Federal Contract Tower,0,1,0,0,1,0,1,2,0,3,0,2,2,0,4,30,0,30,34
10/20/2020,OLV,MS,ASO,ES,Federal Contract Tower,0,0,0,0,0,0,2,0,0,2,0,2,0,0,2,0,0,0,2
10/21/2020,OLV,MS,ASO,ES,Federal Contract Tower,0,0,0,0,0,0,6,0,0,6,0,6,0,0,6,10,0,10,16
10/22/2020,OLV,MS,ASO,ES,Federal Contract Tower,0,0,0,0,0,0,10,0,0,10,0,10,0,0,10,0,0,0,10
10/23/2020,OLV,MS,ASO,ES,Federal Contract Tower,0,0,0,0,0,0,2,0,0,2,0,2,0,0,2,20,0,20,22
10/24/2020,OLV,MS,ASO,ES,Federal Contract Tower,0,0,0,0,0,0,0,0,0,0,0,0,0,0,0,0,0,0,0
10/25/2020,OLV,MS,ASO,ES,Federal Contract Tower,0,1,0,0,1,0,0,0,0,0,0,1,0,0,1,0,0,0,1
10/26/2020,OLV,MS,ASO,ES,Federal Contract Tower,0,0,0,0,0,0,0,0,0,0,0,0,0,0,0,0,0,0,0
10/27/2020,OLV,MS,ASO,ES,Federal Contract Tower,0,0,0,0,0,0,0,5,0,5,0,0,5,0,5,0,0,0,5
10/28/2020,OLV,MS,ASO,ES,Federal Contract Tower,0,0,0,0,0,0,0,0,0,0,0,0,0,0,0,0,0,0,0
10/29/2020,OLV,MS,ASO,ES,Federal Contract Tower,0,0,0,0,0,0,0,0,0,0,0,0,0,0,0,0,0,0,0
10/30/2020,OLV,MS,ASO,ES,Federal Contract Tower,0,0,0,0,0,0,0,1,0,1,0,0,1,0,1,0,0,0,1
10/31/2020,OLV,MS,ASO,ES,Federal Contract Tower,0,0,0,0,0,0,0,1,0,1,0,0,1,0,1,0,0,0,1
11/01/2020,OLV,MS,ASO,ES,Federal Contract Tower,0,0,0,0,0,0,2,3,0,5,0,2,3,0,5,0,0,0,5
11/02/2020,OLV,MS,ASO,ES,Federal Contract Tower,0,7,18,0,25,0,6,76,0,82,0,13,94,0,107,148,0,148,255
11/03/2020,OLV,MS,ASO,ES,Federal Contract Tower,0,9,18,0,27,0,3,100,0,103,0,12,118,0,130,166,0,166,296
11/04/2020,OLV,MS,ASO,ES,Federal Contract Tower,0,7,19,0,26,0,11,115,0,126,0,18,134,0,152,252,0,252,404
11/05/2020,OLV,MS,ASO,ES,Federal Contract Tower,0,14,15,0,29,0,2,80,0,82,0,16,95,0,111,236,0,236,347
11/06/2020,OLV,MS,ASO,ES,Federal Contract Tower,0,1,21,4,26,0,7,124,0,131,0,8,145,4,157,292,0,292,449
11/07/2020,OLV,MS,ASO,ES,Federal Contract Tower,0,7,21,0,28,0,2,82,0,84,0,9,103,0,112,152,0,152,264
11/08/2020,OLV,MS,ASO,ES,Federal Contract Tower,0,6,14,0,20,0,0,85,0,85,0,6,99,0,105,122,0,122,227
11/09/2020,OLV,MS,ASO,ES,Federal Contract Tower,0,2,23,0,25,0,2,35,0,37,0,4,58,0,62,128,0,128,190
11/10/2020,OLV,MS,ASO,ES,Federal Contract Tower,0,12,18,0,30,0,0,40,0,40,0,12,58,0,70,166,0,166,236
11/11/2020,OLV,MS,ASO,ES,Federal Contract Tower,0,3,17,0,20,0,11,119,0,130,0,14,136,0,150,184,0,184,334
11/12/2020,OLV,MS,ASO,ES,Federal Contract Tower,0,11,33,0,44,0,9,106,2,117,0,20,139,2,161,150,10,160,321
11/13/2020,OLV,MS,ASO,ES,Federal Contract Tower,0,8,25,0,33,0,6,142,0,148,0,14,167,0,181,300,0,300,481
11/14/2020,OLV,MS,ASO,ES,Federal Contract Tower,0,11,2,0,13,0,2,76,0,78,0,13,78,0,91,108,0,108,199
11/15/2020,OLV,MS,ASO,ES,Federal Contract Tower,0,6,3,0,9,0,7,8,0,15,0,13,11,0,24,0,0,0,24
11/16/2020,OLV,MS,ASO,ES,Federal Contract Tower,0,5,11,0,16,0,3,134,0,137,0,8,145,0,153,280,0,280,433
11/17/2020,OLV,MS,ASO,ES,Federal Contract Tower,0,21,27,0,48,0,5,105,0,110,0,26,132,0,158,244,0,244,402
11/18/2020,OLV,MS,ASO,ES,Federal Contract Tower,0,3,19,0,22,0,1,119,0,120,0,4,138,0,142,240,0,240,382
11/19/2020,OLV,MS,ASO,ES,Federal Contract Tower,0,18,24,0,42,0,8,79,0,87,0,26,103,0,129,98,0,98,227
11/20/2020,OLV,MS,ASO,ES,Federal Contract Tower,0,8,57,0,65,0,8,103,0,111,0,16,160,0,176,116,0,116,292
11/21/2020,OLV,MS,ASO,ES,Federal Contract Tower,0,11,20,0,31,0,3,83,2,88,0,14,103,2,119,290,4,294,413
11/22/2020,OLV,MS,ASO,ES,Federal Contract Tower,0,4,12,0,16,0,0,3,0,3,0,4,15,0,19,0,0,0,19
11/23/2020,OLV,MS,ASO,ES,Federal Contract Tower,0,10,21,0,31,0,2,112,2,116,0,12,133,2,147,150,6,156,303
11/24/2020,OLV,MS,ASO,ES,Federal Contract Tower,0,10,23,0,33,0,6,107,0,113,0,16,130,0,146,180,0,180,326
11/25/2020,OLV,MS,ASO,ES,Federal Contract Tower,0,3,3,0,6,0,2,17,0,19,0,5,20,0,25,34,0,34,59
11/26/2020,OLV,MS,ASO,ES,Federal Contract Tower,0,1,3,0,4,0,2,48,0,50,0,3,51,0,54,108,0,108,162
11/27/2020,OLV,MS,ASO,ES,Federal Contract Tower,0,11,24,0,35,0,0,62,0,62,0,11,86,0,97,128,0,128,225
11/28/2020,OLV,MS,ASO,ES,Federal Contract Tower,0,5,12,0,17,0,0,90,0,90,0,5,102,0,107,138,0,138,245
11/29/2020,OLV,MS,ASO,ES,Federal Contract Tower,0,9,4,0,13,0,0,7,0,7,0,9,11,0,20,16,0,16,36
11/30/2020,OLV,MS,ASO,ES,Federal Contract Tower,0,7,4,0,11,0,5,11,0,16,0,12,15,0,27,4,0,4,31
12/01/2020,OLV,MS,ASO,ES,Federal Contract Tower,0,11,39,0,50,0,1,125,2,128,0,12,164,2,178,168,0,168,346
12/02/2020,OLV,MS,ASO,ES,Federal Contract Tower,0,8,43,1,52,0,0,94,2,96,0,8,137,3,148,204,10,214,362
12/03/2020,OLV,MS,ASO,ES,Federal Contract Tower,0,3,6,0,9,0,0,0,0,0,0,3,6,0,9,0,0,0,9
12/04/2020,OLV,MS,ASO,ES,Federal Contract Tower,0,7,10,0,17,0,0,51,0,51,0,7,61,0,68,92,0,92,160
12/05/2020,OLV,MS,ASO,ES,Federal Contract Tower,0,6,27,2,35,0,6,137,6,149,0,12,164,8,184,136,14,150,334
12/06/2020,OLV,MS,ASO,ES,Federal Contract Tower,0,9,23,0,32,0,3,85,0,88,0,12,108,0,120,112,0,112,232
12/07/2020,OLV,MS,ASO,ES,Federal Contract Tower,0,5,20,0,25,0,2,101,0,103,0,7,121,0,128,210,0,210,338
12/08/2020,OLV,MS,ASO,ES,Federal Contract Tower,0,9,29,0,38,0,10,130,2,142,0,19,159,2,180,244,12,256,436
12/09/2020,OLV,MS,ASO,ES,Federal Contract Tower,0,11,22,0,33,0,15,120,2,137,0,26,142,2,170,190,0,190,360
12/10/2020,OLV,MS,ASO,ES,Federal Contract Tower,0,9,30,0,39,0,5,128,2,135,0,14,158,2,174,184,0,184,358
12/11/2020,OLV,MS,ASO,ES,Federal Contract Tower,0,11,32,0,43,0,0,96,0,96,0,11,128,0,139,188,0,188,327
12/12/2020,OLV,MS,ASO,ES,Federal Contract Tower,0,7,10,0,17,0,2,52,0,54,0,9,62,0,71,54,0,54,125
12/13/2020,OLV,MS,ASO,ES,Federal Contract Tower,0,7,8,0,15,0,1,56,0,57,0,8,64,0,72,104,0,104,176
12/14/2020,OLV,MS,ASO,ES,Federal Contract Tower,0,3,12,1,16,0,6,69,2,77,0,9,81,3,93,136,4,140,233
12/15/2020,OLV,MS,ASO,ES,Federal Contract Tower,0,4,7,0,11,0,0,20,2,22,0,4,27,2,33,70,0,70,103
12/16/2020,OLV,MS,ASO,ES,Federal Contract Tower,0,10,0,0,10,0,2,14,0,16,0,12,14,0,26,90,0,90,116
12/17/2020,OLV,MS,ASO,ES,Federal Contract Tower,0,8,40,0,48,0,5,124,2,131,0,13,164,2,179,150,0,150,329
12/18/2020,OLV,MS,ASO,ES,Federal Contract Tower,0,13,24,4,41,0,4,100,2,106,0,17,124,6,147,78,2,80,227
12/19/2020,OLV,MS,ASO,ES,Federal Contract Tower,0,6,3,0,9,0,0,2,0,2,0,6,5,0,11,4,0,4,15
12/20/2020,OLV,MS,ASO,ES,Federal Contract Tower,0,8,8,0,16,0,0,0,0,0,0,8,8,0,16,0,0,0,16
12/21/2020,OLV,MS,ASO,ES,Federal Contract Tower,0,7,17,1,25,0,6,63,1,70,0,13,80,2,95,64,0,64,159
12/22/2020,OLV,MS,ASO,ES,Federal Contract Tower,0,10,21,0,31,0,3,132,0,135,0,13,153,0,166,186,0,186,352
12/23/2020,OLV,MS,ASO,ES,Federal Contract Tower,0,14,2,0,16,0,0,3,0,3,0,14,5,0,19,2,0,2,21
12/24/2020,OLV,MS,ASO,ES,Federal Contract Tower,0,3,2,0,5,0,0,7,0,7,0,3,9,0,12,4,0,4,16
12/25/2020,OLV,MS,ASO,ES,Federal Contract Tower,0,2,6,0,8,0,2,3,0,5,0,4,9,0,13,0,0,0,13
12/26/2020,OLV,MS,ASO,ES,Federal Contract Tower,0,11,18,0,29,0,4,59,4,67,0,15,77,4,96,54,8,62,158
12/27/2020,OLV,MS,ASO,ES,Federal Contract Tower,0,9,9,0,18,0,2,27,2,31,0,11,36,2,49,22,4,26,75
12/28/2020,OLV,MS,ASO,ES,Federal Contract Tower,0,5,16,0,21,0,4,71,0,75,0,9,87,0,96,118,0,118,214
12/29/2020,OLV,MS,ASO,ES,Federal Contract Tower,0,11,31,0,42,1,3,63,0,67,1,14,94,0,109,190,0,190,299
12/30/2020,OLV,MS,ASO,ES,Federal Contract Tower,0,5,5,0,10,0,0,1,0,1,0,5,6,0,11,2,0,2,13
12/31/2020,OLV,MS,ASO,ES,Federal Contract Tower,0,1,0,0,1,0,0,0,0,0,0,1,0,0,1,0,0,0,1
01/01/2021,OLV,MS,ASO,ES,Federal Contract Tower,0,6,3,0,9,0,0,3,0,3,0,6,6,0,12,18,0,18,30
01/02/2021,OLV,MS,ASO,ES,Federal Contract Tower,0,11,11,0,22,0,0,0,0,0,0,11,11,0,22,0,0,0,22
01/03/2021,OLV,MS,ASO,ES,Federal Contract Tower,0,14,27,0,41,0,0,78,0,78,0,14,105,0,119,72,0,72,191
01/04/2021,OLV,MS,ASO,ES,Federal Contract Tower,0,3,23,0,26,0,1,99,0,100,0,4,122,0,126,134,0,134,260
01/05/2021,OLV,MS,ASO,ES,Federal Contract Tower,0,11,27,0,38,0,2,109,0,111,0,13,136,0,149,118,0,118,267
01/06/2021,OLV,MS,ASO,ES,Federal Contract Tower,0,7,26,0,33,0,3,82,0,85,0,10,108,0,118,108,0,108,226
01/07/2021,OLV,MS,ASO,ES,Federal Contract Tower,0,11,2,0,13,0,0,0,0,0,0,11,2,0,13,0,0,0,13
01/08/2021,OLV,MS,ASO,ES,Federal Contract Tower,0,10,4,0,14,0,0,4,0,4,0,10,8,0,18,6,0,6,24
01/09/2021,OLV,MS,ASO,ES,Federal Contract Tower,0,10,4,0,14,0,5,33,0,38,0,15,37,0,52,54,0,54,106
01/10/2021,OLV,MS,ASO,ES,Federal Contract Tower,0,6,8,0,14,0,0,25,0,25,0,6,33,0,39,156,0,156,195
01/11/2021,OLV,MS,ASO,ES,Federal Contract Tower,0,4,6,0,10,0,0,0,0,0,0,4,6,0,10,0,0,0,10
01/12/2021,OLV,MS,ASO,ES,Federal Contract Tower,0,10,12,0,22,0,0,80,2,82,0,10,92,2,104,116,12,128,232
01/13/2021,OLV,MS,ASO,ES,Federal Contract Tower,0,10,16,0,26,0,2,83,2,87,0,12,99,2,113,92,6,98,211
01/15/2021,OLV,MS,ASO,ES,Federal Contract Tower,0,3,10,0,13,0,0,21,0,21,0,3,31,0,34,2,0,2,36
01/16/2021,OLV,MS,ASO,ES,Federal Contract Tower,0,6,12,0,18,0,2,59,0,61,0,8,71,0,79,62,0,62,141
01/17/2021,OLV,MS,ASO,ES,Federal Contract Tower,0,4,23,0,27,0,3,50,0,53,0,7,73,0,80,16,0,16,96
01/18/2021,OLV,MS,ASO,ES,Federal Contract Tower,0,20,23,0,43,0,0,108,0,108,0,20,131,0,151,130,0,130,281
01/19/2021,OLV,MS,ASO,ES,Federal Contract Tower,0,8,14,0,22,0,4,94,0,98,0,12,108,0,120,118,0,118,238
01/20/2021,OLV,MS,ASO,ES,Federal Contract Tower,0,8,22,0,30,0,11,109,0,120,0,19,131,0,150,170,0,170,320
01/21/2021,OLV,MS,ASO,ES,Federal Contract Tower,0,5,18,0,23,0,5,10,0,15,0,10,28,0,38,20,0,20,58
01/22/2021,OLV,MS,ASO,ES,Federal Contract Tower,0,14,30,0,44,0,0,58,0,58,0,14,88,0,102,90,0,90,192
01/23/2021,OLV,MS,ASO,ES,Federal Contract Tower,0,6,24,0,30,0,0,89,7,96,0,6,113,7,126,102,4,106,232
01/24/2021,OLV,MS,ASO,ES,Federal Contract Tower,0,4,9,0,13,0,0,2,0,2,0,4,11,0,15,0,0,0,15
01/25/2021,OLV,MS,ASO,ES,Federal Contract Tower,0,6,2,0,8,0,4,0,0,4,0,10,2,0,12,0,0,0,12
01/26/2021,OLV,MS,ASO,ES,Federal Contract Tower,0,17,23,0,40,0,3,101,0,104,0,20,124,0,144,138,0,138,282
01/27/2021,OLV,MS,ASO,ES,Federal Contract Tower,0,9,3,0,12,0,0,5,0,5,0,9,8,0,17,28,0,28,45
01/28/2021,OLV,MS,ASO,ES,Federal Contract Tower,0,14,19,0,33,0,3,104,2,109,0,17,123,2,142,132,6,138,280
01/29/2021,OLV,MS,ASO,ES,Federal Contract Tower,0,10,30,0,40,0,2,161,8,171,0,12,191,8,211,258,4,262,473
01/30/2021,OLV,MS,ASO,ES,Federal Contract Tower,0,7,5,0,12,0,1,12,0,13,0,8,17,0,25,20,0,20,45
01/31/2021,OLV,MS,ASO,ES,Federal Contract Tower,0,9,1,0,10,0,4,2,0,6,0,13,3,0,16,2,0,2,18
02/01/2021,OLV,MS,ASO,ES,Federal Contract Tower,0,5,20,0,25,0,0,21,0,21,0,5,41,0,46,104,0,104,150
02/02/2021,OLV,MS,ASO,ES,Federal Contract Tower,0,9,20,0,29,0,0,120,0,120,0,9,140,0,149,248,0,248,397
02/03/2021,OLV,MS,ASO,ES,Federal Contract Tower,0,4,24,1,29,0,7,126,4,137,0,11,150,5,166,200,2,202,368
02/04/2021,OLV,MS,ASO,ES,Federal Contract Tower,0,8,2,0,10,0,0,2,0,2,0,8,4,0,12,0,0,0,12
02/05/2021,OLV,MS,ASO,ES,Federal Contract Tower,0,11,13,0,24,0,4,117,0,121,0,15,130,0,145,149,0,149,294
02/07/2021,OLV,MS,ASO,ES,Federal Contract Tower,0,7,3,0,10,0,0,30,0,30,0,7,33,0,40,6,0,6,46
02/08/2021,OLV,MS,ASO,ES,Federal Contract Tower,0,1,24,0,25,0,3,103,0,106,0,4,127,0,131,192,0,192,323
02/09/2021,OLV,MS,ASO,ES,Federal Contract Tower,0,12,4,0,16,0,0,9,0,9,0,12,13,0,25,70,0,70,95
02/10/2021,OLV,MS,ASO,ES,Federal Contract Tower,0,10,0,0,10,0,0,0,0,0,0,10,0,0,10,0,0,0,10
02/11/2021,OLV,MS,ASO,ES,Federal Contract Tower,0,0,1,0,1,0,0,0,0,0,0,0,1,0,1,0,0,0,1
02/12/2021,OLV,MS,ASO,ES,Federal Contract Tower,0,10,0,0,10,0,0,3,0,3,0,10,3,0,13,0,0,0,13
02/13/2021,OLV,MS,ASO,ES,Federal Contract Tower,0,2,1,0,3,0,0,0,0,0,0,2,1,0,3,0,0,0,3
02/14/2021,OLV,MS,ASO,ES,Federal Contract Tower,0,1,1,0,2,0,0,0,0,0,0,1,1,0,2,0,0,0,2
02/15/2021,OLV,MS,ASO,ES,Federal Contract Tower,0,0,0,0,0,0,0,0,0,0,0,0,0,0,0,0,0,0,0
02/16/2021,OLV,MS,ASO,ES,Federal Contract Tower,0,0,0,0,0,0,4,0,0,4,0,4,0,0,4,0,0,0,4
02/17/2021,OLV,MS,ASO,ES,Federal Contract Tower,0,0,0,0,0,0,0,0,0,0,0,0,0,0,0,0,0,0,0
02/18/2021,OLV,MS,ASO,ES,Federal Contract Tower,0,0,0,0,0,0,0,0,0,0,0,0,0,0,0,0,0,0,0
02/19/2021,OLV,MS,ASO,ES,Federal Contract Tower,0,0,0,0,0,0,2,0,0,2,0,2,0,0,2,0,0,0,2
02/20/2021,OLV,MS,ASO,ES,Federal Contract Tower,0,0,0,0,0,0,0,0,2,2,0,0,0,2,2,0,0,0,2
02/21/2021,OLV,MS,ASO,ES,Federal Contract Tower,0,2,0,0,2,0,2,6,0,8,0,4,6,0,10,0,0,0,10
02/22/2021,OLV,MS,ASO,ES,Federal Contract Tower,0,11,21,0,32,0,1,98,0,99,0,12,119,0,131,189,0,189,320
02/23/2021,OLV,MS,ASO,ES,Federal Contract Tower,0,6,23,1,30,0,0,111,0,111,0,6,134,1,141,162,0,162,303
02/24/2021,OLV,MS,ASO,ES,Federal Contract Tower,0,5,11,0,16,0,0,60,0,60,0,5,71,0,76,98,0,98,174
02/25/2021,OLV,MS,ASO,ES,Federal Contract Tower,0,10,25,0,35,0,3,105,3,111,0,13,130,3,146,100,0,100,246
02/26/2021,OLV,MS,ASO,ES,Federal Contract Tower,0,9,3,0,12,0,0,0,0,0,0,9,3,0,12,0,0,0,12
02/27/2021,OLV,MS,ASO,ES,Federal Contract Tower,0,4,5,0,9,0,0,0,0,0,0,4,5,0,9,0,0,0,9
02/28/2021,OLV,MS,ASO,ES,Federal Contract Tower,0,1,5,0,6,0,0,0,0,0,0,1,5,0,6,0,0,0,6
03/01/2021,OLV,MS,ASO,ES,Federal Contract Tower,0,13,19,0,32,0,6,84,0,90,0,19,103,0,122,58,0,58,180
03/02/2021,OLV,MS,ASO,ES,Federal Contract Tower,0,13,7,0,20,0,3,61,0,64,0,16,68,0,84,120,0,120,204
03/03/2021,OLV,MS,ASO,ES,Federal Contract Tower,0,10,29,3,42,0,3,114,4,121,0,13,143,7,163,222,8,230,393
03/04/2021,OLV,MS,ASO,ES,Federal Contract Tower,0,9,27,0,36,0,16,133,0,149,0,25,160,0,185,232,0,232,417
03/06/2021,OLV,MS,ASO,ES,Federal Contract Tower,0,8,26,0,34,0,2,133,4,139,0,10,159,4,173,114,0,114,287
03/07/2021,OLV,MS,ASO,ES,Federal Contract Tower,0,7,5,0,12,0,1,128,0,129,0,8,133,0,141,144,0,144,285
03/08/2021,OLV,MS,ASO,ES,Federal Contract Tower,0,14,16,0,30,0,5,121,0,126,0,19,137,0,156,120,0,120,276
03/09/2021,OLV,MS,ASO,ES,Federal Contract Tower,0,9,19,0,28,0,0,63,0,63,0,9,82,0,91,80,0,80,171
03/10/2021,OLV,MS,ASO,ES,Federal Contract Tower,0,7,10,0,17,0,4,15,0,19,0,11,25,0,36,0,0,0,36
03/11/2021,OLV,MS,ASO,ES,Federal Contract Tower,0,13,13,0,26,0,0,18,0,18,0,13,31,0,44,36,0,36,80
03/12/2021,OLV,MS,ASO,ES,Federal Contract Tower,0,9,9,0,18,0,0,63,0,63,0,9,72,0,81,66,0,66,147
03/13/2021,OLV,MS,ASO,ES,Federal Contract Tower,0,8,26,0,34,0,0,21,0,21,0,8,47,0,55,6,0,6,61
03/14/2021,OLV,MS,ASO,ES,Federal Contract Tower,0,12,10,0,22,0,0,96,0,96,0,12,106,0,118,52,0,52,170
03/15/2021,OLV,MS,ASO,ES,Federal Contract Tower,0,4,12,0,16,0,0,80,0,80,0,4,92,0,96,78,0,78,174
03/16/2021,OLV,MS,ASO,ES,Federal Contract Tower,0,7,23,0,30,0,3,101,0,104,0,10,124,0,134,184,0,184,318
03/17/2021,OLV,MS,ASO,ES,Federal Contract Tower,0,5,0,0,5,0,0,0,0,0,0,5,0,0,5,0,0,0,5
03/18/2021,OLV,MS,ASO,ES,Federal Contract Tower,0,9,0,0,9,2,2,2,0,6,2,11,2,0,15,0,0,0,15
03/19/2021,OLV,MS,ASO,ES,Federal Contract Tower,0,13,9,1,23,0,2,24,1,27,0,15,33,2,50,64,2,66,116
03/20/2021,OLV,MS,ASO,ES,Federal Contract Tower,0,7,29,0,36,0,12,104,0,116,0,19,133,0,152,214,0,214,366
03/21/2021,OLV,MS,ASO,ES,Federal Contract Tower,0,10,25,0,35,0,2,113,0,115,0,12,138,0,150,74,0,74,224
03/22/2021,OLV,MS,ASO,ES,Federal Contract Tower,0,13,30,0,43,0,1,102,1,104,0,14,132,1,147,136,0,136,283
03/23/2021,OLV,MS,ASO,ES,Federal Contract Tower,0,13,7,0,20,0,0,3,0,3,0,13,10,0,23,0,0,0,23
03/24/2021,OLV,MS,ASO,ES,Federal Contract Tower,0,15,49,0,64,0,20,82,0,102,0,35,131,0,166,154,0,154,320
03/25/2021,OLV,MS,ASO,ES,Federal Contract Tower,0,7,4,0,11,0,0,1,0,1,0,7,5,0,12,0,0,0,12
03/26/2021,OLV,MS,ASO,ES,Federal Contract Tower,0,10,35,2,47,0,6,138,4,148,0,16,173,6,195,236,10,246,441
03/27/2021,OLV,MS,ASO,ES,Federal Contract Tower,0,3,11,0,14,0,0,6,0,6,0,3,17,0,20,10,0,10,30
03/28/2021,OLV,MS,ASO,ES,Federal Contract Tower,0,5,15,1,21,0,0,35,3,38,0,5,50,4,59,10,10,20,79
03/29/2021,OLV,MS,ASO,ES,Federal Contract Tower,0,10,24,0,34,0,4,107,0,111,0,14,131,0,145,168,0,168,313
03/30/2021,OLV,MS,ASO,ES,Federal Contract Tower,0,6,15,0,21,0,1,38,0,39,0,7,53,0,60,90,0,90,150
03/31/2021,OLV,MS,ASO,ES,Federal Contract Tower,0,16,7,0,23,0,0,13,2,15,0,16,20,2,38,8,10,18,56
04/01/2021,OLV,MS,ASO,ES,Federal Contract Tower,0,13,32,0,45,0,0,74,0,74,0,13,106,0,119,76,0,76,195
04/02/2021,OLV,MS,ASO,ES,Federal Contract Tower,0,9,44,2,55,0,0,121,9,130,0,9,165,11,185,188,0,188,373
04/03/2021,OLV,MS,ASO,ES,Federal Contract Tower,0,7,16,2,25,0,2,109,0,111,0,9,125,2,136,128,0,128,264
04/04/2021,OLV,MS,ASO,ES,Federal Contract Tower,0,9,4,0,13,0,2,74,0,76,0,11,78,0,89,40,0,40,129
04/06/2021,OLV,MS,ASO,ES,Federal Contract Tower,0,14,41,0,55,0,10,98,0,108,0,24,139,0,163,106,0,106,269
04/07/2021,OLV,MS,ASO,ES,Federal Contract Tower,0,7,11,0,18,0,4,9,0,13,0,11,20,0,31,0,0,0,31
04/08/2021,OLV,MS,ASO,ES,Federal Contract Tower,0,6,14,0,20,0,5,22,0,27,0,11,36,0,47,38,0,38,85
04/09/2021,OLV,MS,ASO,ES,Federal Contract Tower,0,15,33,0,48,0,2,70,0,72,0,17,103,0,120,84,0,84,204
04/10/2021,OLV,MS,ASO,ES,Federal Contract Tower,0,2,8,0,10,0,0,5,0,5,0,2,13,0,15,12,0,12,27
04/11/2021,OLV,MS,ASO,ES,Federal Contract Tower,0,5,16,0,21,0,2,52,1,55,0,7,68,1,76,88,0,88,164
04/12/2021,OLV,MS,ASO,ES,Federal Contract Tower,0,11,22,0,33,0,17,129,1,147,0,28,151,1,180,120,0,120,300
04/13/2021,OLV,MS,ASO,ES,Federal Contract Tower,0,17,33,0,50,0,6,79,0,85,0,23,112,0,135,160,0,160,295
04/14/2021,OLV,MS,ASO,ES,Federal Contract Tower,0,9,17,0,26,0,2,30,0,32,0,11,47,0,58,102,0,102,160
04/15/2021,OLV,MS,ASO,ES,Federal Contract Tower,0,8,23,0,31,0,2,98,0,100,0,10,121,0,131,170,0,170,301
04/16/2021,OLV,MS,ASO,ES,Federal Contract Tower,0,24,18,0,42,0,0,109,8,117,0,24,127,8,159,146,0,146,305
04/17/2021,OLV,MS,ASO,ES,Federal Contract Tower,0,13,20,0,33,0,0,66,2,68,0,13,86,2,101,164,0,164,265
04/18/2021,OLV,MS,ASO,ES,Federal Contract Tower,0,12,16,0,28,0,0,74,2,76,0,12,90,2,104,84,0,84,188
04/19/2021,OLV,MS,ASO,ES,Federal Contract Tower,0,16,20,0,36,0,5,95,1,101,0,21,115,1,137,150,0,150,287
04/20/2021,OLV,MS,ASO,ES,Federal Contract Tower,0,27,19,0,46,0,5,65,2,72,0,32,84,2,118,128,0,128,246
04/21/2021,OLV,MS,ASO,ES,Federal Contract Tower,0,8,23,0,31,0,4,83,6,93,0,12,106,6,124,136,0,136,260
04/22/2021,OLV,MS,ASO,ES,Federal Contract Tower,0,15,36,0,51,0,10,84,4,98,0,25,120,4,149,172,6,178,327
04/23/2021,OLV,MS,ASO,ES,Federal Contract Tower,0,21,59,0,80,0,0,74,0,74,0,21,133,0,154,68,0,68,222
04/24/2021,OLV,MS,ASO,ES,Federal Contract Tower,0,12,22,0,34,0,0,0,0,0,0,12,22,0,34,0,0,0,34
04/25/2021,OLV,MS,ASO,ES,Federal Contract Tower,0,18,56,0,74,0,5,95,2,102,0,23,151,2,176,30,0,30,206
04/26/2021,OLV,MS,ASO,ES,Federal Contract Tower,0,13,16,0,29,0,6,112,0,118,0,19,128,0,147,148,0,148,295
04/27/2021,OLV,MS,ASO,ES,Federal Contract Tower,0,26,27,0,53,0,4,61,0,65,0,30,88,0,118,54,0,54,172
04/28/2021,OLV,MS,ASO,ES,Federal Contract Tower,0,23,21,0,44,0,0,21,0,21,0,23,42,0,65,50,0,50,115
04/29/2021,OLV,MS,ASO,ES,Federal Contract Tower,0,16,6,0,22,0,6,2,0,8,0,22,8,0,30,6,0,6,36
04/30/2021,OLV,MS,ASO,ES,Federal Contract Tower,0,17,17,0,34,0,6,118,0,124,0,23,135,0,158,108,0,108,266
05/01/2021,OLV,MS,ASO,ES,Federal Contract Tower,0,7,28,0,35,0,0,142,2,144,0,7,170,2,179,210,0,210,389
05/02/2021,OLV,MS,ASO,ES,Federal Contract Tower,0,14,11,0,25,0,0,7,0,7,0,14,18,0,32,0,0,0,32
05/03/2021,OLV,MS,ASO,ES,Federal Contract Tower,0,15,16,0,31,0,5,13,0,18,0,20,29,0,49,22,0,22,71
05/04/2021,OLV,MS,ASO,ES,Federal Contract Tower,0,5,5,0,10,0,0,5,0,5,0,5,10,0,15,10,0,10,25
05/05/2021,OLV,MS,ASO,ES,Federal Contract Tower,0,7,30,0,37,0,0,124,0,124,0,7,154,0,161,154,0,154,315
05/06/2021,OLV,MS,ASO,ES,Federal Contract Tower,0,16,32,0,48,0,2,89,1,92,0,18,121,1,140,158,0,158,298
05/07/2021,OLV,MS,ASO,ES,Federal Contract Tower,0,12,27,0,39,0,4,142,2,148,0,16,169,2,187,96,0,96,283
05/08/2021,OLV,MS,ASO,ES,Federal Contract Tower,0,5,19,1,25,0,2,50,3,55,0,7,69,4,80,48,6,54,134
05/09/2021,OLV,MS,ASO,ES,Federal Contract Tower,0,5,2,0,7,0,0,0,0,0,0,5,2,0,7,0,0,0,7
05/10/2021,OLV,MS,ASO,ES,Federal Contract Tower,0,16,23,0,39,0,1,64,0,65,0,17,87,0,104,94,0,94,198
05/11/2021,OLV,MS,ASO,ES,Federal Contract Tower,0,9,18,0,27,0,0,87,0,87,0,9,105,0,114,74,0,74,188
05/12/2021,OLV,MS,ASO,ES,Federal Contract Tower,0,19,35,0,54,0,4,84,0,88,0,23,119,0,142,60,0,60,202
05/13/2021,OLV,MS,ASO,ES,Federal Contract Tower,0,13,20,0,33,0,2,113,0,115,0,15,133,0,148,100,0,100,248
05/14/2021,OLV,MS,ASO,ES,Federal Contract Tower,0,14,35,1,50,0,0,157,2,159,0,14,192,3,209,140,0,140,349
05/15/2021,OLV,MS,ASO,ES,Federal Contract Tower,0,1,19,0,20,0,4,90,0,94,0,5,109,0,114,116,0,116,230
05/16/2021,OLV,MS,ASO,ES,Federal Contract Tower,0,9,11,0,20,0,0,66,0,66,0,9,77,0,86,100,0,100,186
05/17/2021,OLV,MS,ASO,ES,Federal Contract Tower,0,16,13,0,29,0,2,49,0,51,0,18,62,0,80,82,0,82,162
05/18/2021,OLV,MS,ASO,ES,Federal Contract Tower,0,8,15,0,23,0,4,22,0,26,0,12,37,0,49,32,0,32,81
05/19/2021,OLV,MS,ASO,ES,Federal Contract Tower,0,12,11,0,23,0,2,50,16,68,0,14,61,16,91,28,0,28,119
05/20/2021,OLV,MS,ASO,ES,Federal Contract Tower,0,18,27,0,45,0,6,39,11,56,0,24,66,11,101,26,0,26,127
05/21/2021,OLV,MS,ASO,ES,Federal Contract Tower,0,11,22,0,33,2,9,58,2,71,2,20,80,2,104,54,4,58,162
05/22/2021,OLV,MS,ASO,ES,Federal Contract Tower,0,2,25,1,28,0,3,95,2,100,0,5,120,3,128,134,0,134,262
05/23/2021,OLV,MS,ASO,ES,Federal Contract Tower,0,8,20,0,28,0,4,108,0,112,0,12,128,0,140,126,0,126,266
05/24/2021,OLV,MS,ASO,ES,Federal Contract Tower,0,10,23,0,33,0,9,115,6,130,0,19,138,6,163,176,0,176,339
05/25/2021,OLV,MS,ASO,ES,Federal Contract Tower,0,9,17,0,26,0,2,88,0,90,0,11,105,0,116,66,0,66,182
05/26/2021,OLV,MS,ASO,ES,Federal Contract Tower,0,9,13,0,22,0,0,17,0,17,0,9,30,0,39,84,0,84,123
05/27/2021,OLV,MS,ASO,ES,Federal Contract Tower,0,18,35,0,53,0,8,90,0,98,0,26,125,0,151,140,0,140,291
05/28/2021,OLV,MS,ASO,ES,Federal Contract Tower,0,11,7,0,18,0,8,12,0,20,0,19,19,0,38,2,0,2,40
05/29/2021,OLV,MS,ASO,ES,Federal Contract Tower,0,2,8,0,10,0,0,45,0,45,0,2,53,0,55,138,0,138,193
05/30/2021,OLV,MS,ASO,ES,Federal Contract Tower,0,5,18,0,23,0,4,68,0,72,0,9,86,0,95,64,0,64,159
05/31/2021,OLV,MS,ASO,ES,Federal Contract Tower,0,8,18,0,26,0,2,131,0,133,0,10,149,0,159,86,0,86,245
06/01/2021,OLV,MS,ASO,ES,Federal Contract Tower,0,28,18,0,46,0,1,91,2,94,0,29,109,2,140,188,0,188,328
06/02/2021,OLV,MS,ASO,ES,Federal Contract Tower,0,8,17,2,27,0,0,10,0,10,0,8,27,2,37,14,0,14,51
06/03/2021,OLV,MS,ASO,ES,Federal Contract Tower,0,9,27,0,36,0,8,55,2,65,0,17,82,2,101,108,4,112,213
06/04/2021,OLV,MS,ASO,ES,Federal Contract Tower,0,13,27,0,40,0,0,103,0,103,0,13,130,0,143,170,0,170,313
06/05/2021,OLV,MS,ASO,ES,Federal Contract Tower,0,7,16,0,23,0,2,57,0,59,0,9,73,0,82,120,0,120,202
06/06/2021,OLV,MS,ASO,ES,Federal Contract Tower,0,9,13,0,22,0,4,1,0,5,0,13,14,0,27,0,0,0,27
06/07/2021,OLV,MS,ASO,ES,Federal Contract Tower,0,15,5,0,20,0,1,12,0,13,0,16,17,0,33,14,0,14,47
06/08/2021,OLV,MS,ASO,ES,Federal Contract Tower,0,32,2,0,34,0,1,0,0,1,0,33,2,0,35,0,0,0,35
06/09/2021,OLV,MS,ASO,ES,Federal Contract Tower,0,16,23,0,39,0,0,8,0,8,0,16,31,0,47,38,0,38,85
06/10/2021,OLV,MS,ASO,ES,Federal Contract Tower,0,11,19,0,30,0,2,6,0,8,0,13,25,0,38,20,0,20,58
06/11/2021,OLV,MS,ASO,ES,Federal Contract Tower,0,8,13,3,24,0,1,24,3,28,0,9,37,6,52,32,0,32,84
06/12/2021,OLV,MS,ASO,ES,Federal Contract Tower,0,8,14,0,22,0,10,83,0,93,0,18,97,0,115,136,0,136,251
06/13/2021,OLV,MS,ASO,ES,Federal Contract Tower,0,4,16,1,21,0,4,81,2,87,0,8,97,3,108,72,16,88,196
06/14/2021,OLV,MS,ASO,ES,Federal Contract Tower,0,10,30,1,41,0,4,159,5,168,0,14,189,6,209,258,10,268,477
06/15/2021,OLV,MS,ASO,ES,Federal Contract Tower,0,22,34,1,57,0,8,140,3,151,0,30,174,4,208,196,0,196,404
06/16/2021,OLV,MS,ASO,ES,Federal Contract Tower,0,12,22,0,34,0,6,115,0,121,0,18,137,0,155,232,0,232,387
06/17/2021,OLV,MS,ASO,ES,Federal Contract Tower,0,14,16,0,30,0,4,129,2,135,0,18,145,2,165,278,0,278,443
06/18/2021,OLV,MS,ASO,ES,Federal Contract Tower,0,12,30,1,43,0,0,100,0,100,0,12,130,1,143,186,0,186,329
06/19/2021,OLV,MS,ASO,ES,Federal Contract Tower,0,6,18,0,24,0,0,61,2,63,0,6,79,2,87,110,10,120,207
06/20/2021,OLV,MS,ASO,ES,Federal Contract Tower,0,3,20,0,23,0,8,63,0,71,0,11,83,0,94,60,0,60,154
06/21/2021,OLV,MS,ASO,ES,Federal Contract Tower,0,14,9,0,23,0,4,13,0,17,0,18,22,0,40,2,0,2,42
06/22/2021,OLV,MS,ASO,ES,Federal Contract Tower,0,17,34,0,51,0,12,114,0,126,0,29,148,0,177,182,0,182,359
06/24/2021,OLV,MS,ASO,ES,Federal Contract Tower,0,15,29,0,44,0,6,93,0,99,0,21,122,0,143,184,0,184,327
06/25/2021,OLV,MS,ASO,ES,Federal Contract Tower,0,14,23,0,37,0,14,22,2,38,0,28,45,2,75,62,0,62,137
06/26/2021,OLV,MS,ASO,ES,Federal Contract Tower,0,9,4,0,13,0,0,17,0,17,0,9,21,0,30,46,0,46,76
06/27/2021,OLV,MS,ASO,ES,Federal Contract Tower,0,10,21,0,31,0,3,65,2,70,0,13,86,2,101,84,10,94,195
06/28/2021,OLV,MS,ASO,ES,Federal Contract Tower,0,15,17,1,33,0,4,132,1,137,0,19,149,2,170,148,0,148,318
06/29/2021,OLV,MS,ASO,ES,Federal Contract Tower,0,21,16,0,37,0,3,114,0,117,0,24,130,0,154,196,0,196,350
06/30/2021,OLV,MS,ASO,ES,Federal Contract Tower,0,15,12,0,27,0,4,53,0,57,0,19,65,0,84,62,0,62,146
07/01/2021,OLV,MS,ASO,ES,Federal Contract Tower,0,15,16,0,31,0,0,78,0,78,0,15,94,0,109,72,0,72,181
07/02/2021,OLV,MS,ASO,ES,Federal Contract Tower,0,9,24,0,33,0,2,58,0,60,0,11,82,0,93,112,0,112,205
07/03/2021,OLV,MS,ASO,ES,Federal Contract Tower,0,5,9,0,14,0,8,80,4,92,0,13,89,4,106,122,6,128,234
07/04/2021,OLV,MS,ASO,ES,Federal Contract Tower,0,3,7,1,11,0,0,22,3,25,0,3,29,4,36,72,6,78,114
07/05/2021,OLV,MS,ASO,ES,Federal Contract Tower,0,12,13,0,25,0,6,108,0,114,0,18,121,0,139,192,0,192,331
07/06/2021,OLV,MS,ASO,ES,Federal Contract Tower,0,12,17,0,29,0,4,103,2,109,0,16,120,2,138,198,0,198,336
07/07/2021,OLV,MS,ASO,ES,Federal Contract Tower,0,7,19,0,26,0,2,60,0,62,0,9,79,0,88,148,0,148,236
07/08/2021,OLV,MS,ASO,ES,Federal Contract Tower,0,10,23,3,36,0,3,94,1,98,0,13,117,4,134,210,4,214,348
07/09/2021,OLV,MS,ASO,ES,Federal Contract Tower,0,14,10,0,24,0,3,16,0,19,0,17,26,0,43,22,0,22,65
07/10/2021,OLV,MS,ASO,ES,Federal Contract Tower,0,5,14,0,19,0,0,20,0,20,0,5,34,0,39,26,0,26,65
07/11/2021,OLV,MS,ASO,ES,Federal Contract Tower,0,9,12,0,21,0,0,12,0,12,0,9,24,0,33,14,0,14,47
07/12/2021,OLV,MS,ASO,ES,Federal Contract Tower,0,14,19,0,33,0,1,27,2,30,0,15,46,2,63,24,0,24,87
07/13/2021,OLV,MS,ASO,ES,Federal Contract Tower,0,13,19,0,32,0,0,74,0,74,0,13,93,0,106,170,0,170,276
07/14/2021,OLV,MS,ASO,ES,Federal Contract Tower,0,12,21,0,33,0,3,160,0,163,0,15,181,0,196,278,0,278,474
07/15/2021,OLV,MS,ASO,ES,Federal Contract Tower,0,13,15,0,28,0,18,152,0,170,0,31,167,0,198,146,0,146,344
07/16/2021,OLV,MS,ASO,ES,Federal Contract Tower,0,11,13,0,24,0,8,52,0,60,0,19,65,0,84,166,0,166,250
07/18/2021,OLV,MS,ASO,ES,Federal Contract Tower,0,5,5,0,10,0,2,11,0,13,0,7,16,0,23,42,0,42,65
07/19/2021,OLV,MS,ASO,ES,Federal Contract Tower,0,8,11,0,19,0,0,29,0,29,0,8,40,0,48,154,0,154,202
07/20/2021,OLV,MS,ASO,ES,Federal Contract Tower,0,15,18,0,33,0,5,99,2,106,0,20,117,2,139,200,0,200,339
07/21/2021,OLV,MS,ASO,ES,Federal Contract Tower,0,6,17,0,23,0,2,165,2,169,0,8,182,2,192,386,0,386,578
07/22/2021,OLV,MS,ASO,ES,Federal Contract Tower,0,8,18,0,26,0,6,107,0,113,0,14,125,0,139,268,0,268,407
07/23/2021,OLV,MS,ASO,ES,Federal Contract Tower,0,9,14,0,23,0,4,111,0,115,0,13,125,0,138,300,0,300,438
07/24/2021,OLV,MS,ASO,ES,Federal Contract Tower,0,10,22,0,32,0,2,129,1,132,0,12,151,1,164,154,8,162,326
07/25/2021,OLV,MS,ASO,ES,Federal Contract Tower,0,6,14,0,20,0,2,64,0,66,0,8,78,0,86,88,0,88,174
07/26/2021,OLV,MS,ASO,ES,Federal Contract Tower,0,4,15,0,19,0,4,108,0,112,0,8,123,0,131,138,0,138,269
07/28/2021,OLV,MS,ASO,ES,Federal Contract Tower,0,8,8,0,16,0,5,106,0,111,0,13,114,0,127,130,0,130,257
07/29/2021,OLV,MS,ASO,ES,Federal Contract Tower,0,13,28,0,41,0,0,144,2,146,0,13,172,2,187,188,0,188,375
07/30/2021,OLV,MS,ASO,ES,Federal Contract Tower,0,9,21,2,32,0,6,123,0,129,0,15,144,2,161,256,4,260,421
07/31/2021,OLV,MS,ASO,ES,Federal Contract Tower,0,6,15,0,21,0,0,59,2,61,0,6,74,2,82,56,0,56,138
08/01/2021,OLV,MS,ASO,ES,Federal Contract Tower,0,10,26,0,36,0,0,49,0,49,0,10,75,0,85,102,0,102,187
08/02/2021,OLV,MS,ASO,ES,Federal Contract Tower,0,23,9,0,32,0,2,106,0,108,0,25,115,0,140,70,0,70,210
08/03/2021,OLV,MS,ASO,ES,Federal Contract Tower,0,16,7,0,23,0,5,113,0,118,0,21,120,0,141,192,0,192,333
08/04/2021,OLV,MS,ASO,ES,Federal Contract Tower,0,11,11,0,22,0,4,151,4,159,0,15,162,4,181,200,0,200,381
08/05/2021,OLV,MS,ASO,ES,Federal Contract Tower,0,10,26,1,37,0,1,134,1,136,0,11,160,2,173,220,0,220,393
08/06/2021,OLV,MS,ASO,ES,Federal Contract Tower,0,10,26,0,36,0,9,115,0,124,0,19,141,0,160,232,0,232,392
08/07/2021,OLV,MS,ASO,ES,Federal Contract Tower,0,4,21,0,25,0,2,92,0,94,0,6,113,0,119,134,0,134,253
08/08/2021,OLV,MS,ASO,ES,Federal Contract Tower,0,50,12,0,62,0,2,55,2,59,0,52,67,2,121,40,0,40,161
08/09/2021,OLV,MS,ASO,ES,Federal Contract Tower,0,11,10,0,21,0,5,100,0,105,0,16,110,0,126,124,0,124,250
08/10/2021,OLV,MS,ASO,ES,Federal Contract Tower,0,10,11,0,21,0,4,117,1,122,0,14,128,1,143,112,0,112,255
08/11/2021,OLV,MS,ASO,ES,Federal Contract Tower,0,12,12,0,24,0,18,114,0,132,0,30,126,0,156,198,0,198,354
08/12/2021,OLV,MS,ASO,ES,Federal Contract Tower,0,6,6,0,12,0,4,117,0,121,0,10,123,0,133,210,0,210,343
08/13/2021,OLV,MS,ASO,ES,Federal Contract Tower,0,11,10,0,21,0,0,58,0,58,0,11,68,0,79,68,0,68,147
08/14/2021,OLV,MS,ASO,ES,Federal Contract Tower,0,14,16,1,31,0,5,57,4,66,0,19,73,5,97,194,4,198,295
08/15/2021,OLV,MS,ASO,ES,Federal Contract Tower,0,13,11,1,25,0,2,48,2,52,0,15,59,3,77,52,0,52,129
08/16/2021,OLV,MS,ASO,ES,Federal Contract Tower,0,10,12,0,22,0,5,106,0,111,0,15,118,0,133,202,0,202,335
08/17/2021,OLV,MS,ASO,ES,Federal Contract Tower,0,5,21,0,26,0,4,155,0,159,0,9,176,0,185,182,0,182,367
08/18/2021,OLV,MS,ASO,ES,Federal Contract Tower,0,3,6,0,9,0,0,15,0,15,0,3,21,0,24,58,0,58,82
08/19/2021,OLV,MS,ASO,ES,Federal Contract Tower,0,12,9,0,21,0,4,53,0,57,0,16,62,0,78,138,0,138,216
08/20/2021,OLV,MS,ASO,ES,Federal Contract Tower,0,9,20,0,29,0,4,31,0,35,0,13,51,0,64,94,0,94,158
08/21/2021,OLV,MS,ASO,ES,Federal Contract Tower,0,11,14,0,25,0,5,33,0,38,0,16,47,0,63,84,0,84,147
08/22/2021,OLV,MS,ASO,ES,Federal Contract Tower,0,20,23,0,43,0,2,109,4,115,0,22,132,4,158,120,0,120,278
08/23/2021,OLV,MS,ASO,ES,Federal Contract Tower,0,2,21,0,23,0,12,144,0,156,0,14,165,0,179,108,0,108,287
08/24/2021,OLV,MS,ASO,ES,Federal Contract Tower,0,28,23,0,51,0,5,127,2,134,0,33,150,2,185,128,0,128,313
08/25/2021,OLV,MS,ASO,ES,Federal Contract Tower,0,11,32,0,43,0,1,103,1,105,0,12,135,1,148,112,6,118,266
08/26/2021,OLV,MS,ASO,ES,Federal Contract Tower,0,15,25,0,40,0,7,102,2,111,0,22,127,2,151,136,2,138,289
08/27/2021,OLV,MS,ASO,ES,Federal Contract Tower,0,7,37,0,44,0,0,88,2,90,0,7,125,2,134,100,0,100,234
08/28/2021,OLV,MS,ASO,ES,Federal Contract Tower,0,7,18,2,27,0,7,70,3,80,0,14,88,5,107,66,12,78,185
08/29/2021,OLV,MS,ASO,ES,Federal Contract Tower,0,11,12,0,23,0,5,24,0,29,0,16,36,0,52,26,0,26,78
08/30/2021,OLV,MS,ASO,ES,Federal Contract Tower,0,2,1,0,3,0,0,0,0,0,0,2,1,0,3,0,0,0,3
08/31/2021,OLV,MS,ASO,ES,Federal Contract Tower,0,5,2,1,8,0,2,12,0,14,0,7,14,1,22,14,0,14,36
09/01/2021,OLV,MS,ASO,ES,Federal Contract Tower,0,7,18,0,25,0,9,84,0,93,0,16,102,0,118,178,0,178,296
09/02/2021,OLV,MS,ASO,ES,Federal Contract Tower,0,12,13,0,25,0,6,100,1,107,0,18,113,1,132,160,0,160,292
09/03/2021,OLV,MS,ASO,ES,Federal Contract Tower,0,6,23,0,29,0,8,97,0,105,0,14,120,0,134,146,0,146,280
09/04/2021,OLV,MS,ASO,ES,Federal Contract Tower,0,9,8,0,17,0,0,65,2,67,0,9,73,2,84,70,0,70,154
09/05/2021,OLV,MS,ASO,ES,Federal Contract Tower,0,1,2,0,3,0,0,10,0,10,0,1,12,0,13,12,0,12,25
09/06/2021,OLV,MS,ASO,ES,Federal Contract Tower,0,10,31,0,41,0,4,69,0,73,0,14,100,0,114,116,0,116,230
09/07/2021,OLV,MS,ASO,ES,Federal Contract Tower,0,10,13,0,23,0,2,98,0,100,0,12,111,0,123,214,0,214,337
09/08/2021,OLV,MS,ASO,ES,Federal Contract Tower,0,11,20,0,31,0,0,104,0,104,0,11,124,0,135,138,0,138,273
09/09/2021,OLV,MS,ASO,ES,Federal Contract Tower,0,8,24,0,32,0,7,98,0,105,0,15,122,0,137,224,0,224,361
09/10/2021,OLV,MS,ASO,ES,Federal Contract Tower,0,14,24,0,38,0,6,83,2,91,0,20,107,2,129,128,4,132,261
09/11/2021,OLV,MS,ASO,ES,Federal Contract Tower,0,10,23,1,34,0,6,63,1,70,0,16,86,2,104,68,0,68,172
09/12/2021,OLV,MS,ASO,ES,Federal Contract Tower,0,11,13,0,24,0,0,58,0,58,0,11,71,0,82,70,0,70,152
09/13/2021,OLV,MS,ASO,ES,Federal Contract Tower,0,9,30,0,39,0,0,89,0,89,0,9,119,0,128,198,0,198,326
09/14/2021,OLV,MS,ASO,ES,Federal Contract Tower,0,16,19,0,35,0,10,76,0,86,0,26,95,0,121,128,0,128,249
09/15/2021,OLV,MS,ASO,ES,Federal Contract Tower,0,17,20,0,37,0,0,49,0,49,0,17,69,0,86,204,0,204,290
09/16/2021,OLV,MS,ASO,ES,Federal Contract Tower,0,15,13,2,30,0,1,45,0,46,0,16,58,2,76,122,0,122,198
09/17/2021,OLV,MS,ASO,ES,Federal Contract Tower,0,13,15,0,28,0,0,4,0,4,0,13,19,0,32,0,0,0,32
09/18/2021,OLV,MS,ASO,ES,Federal Contract Tower,0,10,2,0,12,0,0,4,0,4,0,10,6,0,16,12,0,12,28
09/19/2021,OLV,MS,ASO,ES,Federal Contract Tower,0,13,11,0,24,0,4,14,0,18,0,17,25,0,42,12,0,12,54
09/20/2021,OLV,MS,ASO,ES,Federal Contract Tower,0,6,17,0,23,0,4,18,0,22,0,10,35,0,45,8,0,8,53
09/21/2021,OLV,MS,ASO,ES,Federal Contract Tower,0,9,9,0,18,0,1,20,0,21,0,10,29,0,39,44,0,44,83
09/22/2021,OLV,MS,ASO,ES,Federal Contract Tower,0,12,21,0,33,0,6,85,3,94,0,18,106,3,127,118,0,118,245
09/23/2021,OLV,MS,ASO,ES,Federal Contract Tower,0,11,24,0,35,0,23,156,2,181,0,34,180,2,216,234,0,234,450
09/24/2021,OLV,MS,ASO,ES,Federal Contract Tower,0,8,20,0,28,0,10,112,2,124,0,18,132,2,152,148,4,152,304
09/25/2021,OLV,MS,ASO,ES,Federal Contract Tower,0,5,19,2,26,0,2,101,2,105,0,7,120,4,131,70,0,70,201
09/26/2021,OLV,MS,ASO,ES,Federal Contract Tower,0,12,15,3,30,0,2,80,6,88,0,14,95,9,118,78,20,98,216
09/27/2021,OLV,MS,ASO,ES,Federal Contract Tower,0,10,19,0,29,0,6,115,0,121,0,16,134,0,150,152,0,152,302
09/28/2021,OLV,MS,ASO,ES,Federal Contract Tower,0,27,13,0,40,0,0,114,0,114,0,27,127,0,154,198,0,198,352
09/29/2021,OLV,MS,ASO,ES,Federal Contract Tower,0,18,20,0,38,0,7,61,0,68,0,25,81,0,106,134,0,134,240
09/30/2021,OLV,MS,ASO,ES,Federal Contract Tower,0,19,12,0,31,0,0,4,0,4,0,19,16,0,35,28,0,28,63
10/01/2021,OLV,MS,ASO,ES,Federal Contract Tower,0,18,15,0,33,0,0,80,0,80,0,18,95,0,113,146,0,146,259
10/02/2021,OLV,MS,ASO,ES,Federal Contract Tower,0,11,8,0,19,0,0,14,0,14,0,11,22,0,33,16,0,16,49
10/03/2021,OLV,MS,ASO,ES,Federal Contract Tower,0,8,7,0,15,0,0,56,0,56,0,8,63,0,71,108,2,110,181
10/04/2021,OLV,MS,ASO,ES,Federal Contract Tower,0,14,27,0,41,0,11,106,1,118,0,25,133,1,159,202,0,202,361
10/05/2021,OLV,MS,ASO,ES,Federal Contract Tower,0,15,14,0,29,0,0,61,0,61,0,15,75,0,90,64,0,64,154
10/06/2021,OLV,MS,ASO,ES,Federal Contract Tower,0,12,20,0,32,0,0,42,0,42,0,12,62,0,74,104,0,104,178
10/07/2021,OLV,MS,ASO,ES,Federal Contract Tower,0,14,20,1,35,0,1,94,1,96,0,15,114,2,131,220,0,220,351
10/08/2021,OLV,MS,ASO,ES,Federal Contract Tower,0,16,30,0,46,0,7,108,0,115,0,23,138,0,161,110,0,110,271
10/09/2021,OLV,MS,ASO,ES,Federal Contract Tower,0,24,25,0,49,0,0,53,3,56,0,24,78,3,105,126,22,148,253
10/10/2021,OLV,MS,ASO,ES,Federal Contract Tower,0,19,22,0,41,0,3,41,0,44,0,22,63,0,85,34,0,34,119
10/11/2021,OLV,MS,ASO,ES,Federal Contract Tower,0,13,12,0,25,0,4,8,0,12,0,17,20,0,37,4,0,4,41
10/12/2021,OLV,MS,ASO,ES,Federal Contract Tower,0,25,37,0,62,0,0,83,2,85,0,25,120,2,147,70,0,70,217
10/13/2021,OLV,MS,ASO,ES,Federal Contract Tower,0,21,21,0,42,0,3,58,1,62,0,24,79,1,104,92,0,92,196
10/14/2021,OLV,MS,ASO,ES,Federal Contract Tower,0,16,28,0,44,0,4,98,0,102,0,20,126,0,146,168,0,168,314
10/15/2021,OLV,MS,ASO,ES,Federal Contract Tower,0,6,24,0,30,0,4,4,0,8,0,10,28,0,38,34,0,34,72
10/16/2021,OLV,MS,ASO,ES,Federal Contract Tower,0,10,29,0,39,0,5,61,2,68,0,15,90,2,107,102,0,102,209
10/17/2021,OLV,MS,ASO,ES,Federal Contract Tower,0,9,26,0,35,0,0,101,0,101,0,9,127,0,136,118,0,118,254
10/18/2021,OLV,MS,ASO,ES,Federal Contract Tower,0,8,27,0,35,0,2,131,2,135,0,10,158,2,170,96,0,96,266
10/19/2021,OLV,MS,ASO,ES,Federal Contract Tower,0,15,25,0,40,0,9,137,0,146,0,24,162,0,186,154,0,154,340
10/20/2021,OLV,MS,ASO,ES,Federal Contract Tower,0,14,34,0,48,0,2,116,0,118,0,16,150,0,166,162,0,162,328
10/21/2021,OLV,MS,ASO,ES,Federal Contract Tower,0,9,18,0,27,0,6,36,0,42,0,15,54,0,69,104,0,104,173
10/22/2021,OLV,MS,ASO,ES,Federal Contract Tower,0,10,29,0,39,0,6,63,0,69,0,16,92,0,108,100,0,100,208
10/23/2021,OLV,MS,ASO,ES,Federal Contract Tower,0,9,14,2,25,0,4,54,2,60,0,13,68,4,85,94,0,94,179
10/24/2021,OLV,MS,ASO,ES,Federal Contract Tower,0,16,18,0,34,0,2,24,0,26,0,18,42,0,60,56,0,56,116
10/25/2021,OLV,MS,ASO,ES,Federal Contract Tower,0,11,14,0,25,0,1,42,0,43,0,12,56,0,68,82,0,82,150
10/26/2021,OLV,MS,ASO,ES,Federal Contract Tower,0,10,36,1,47,0,6,112,2,120,0,16,148,3,167,126,0,126,293
10/27/2021,OLV,MS,ASO,ES,Federal Contract Tower,0,8,13,0,21,0,8,42,0,50,0,16,55,0,71,84,0,84,155
10/28/2021,OLV,MS,ASO,ES,Federal Contract Tower,0,3,10,4,17,0,0,0,0,0,0,3,10,4,17,0,0,0,17
10/29/2021,OLV,MS,ASO,ES,Federal Contract Tower,0,8,17,0,25,0,0,0,0,0,0,8,17,0,25,0,0,0,25
10/30/2021,OLV,MS,ASO,ES,Federal Contract Tower,0,6,13,0,19,0,5,4,0,9,0,11,17,0,28,78,0,78,106
10/31/2021,OLV,MS,ASO,ES,Federal Contract Tower,0,12,15,0,27,0,0,43,1,44,0,12,58,1,71,70,0,70,141
11/01/2021,OLV,MS,ASO,ES,Federal Contract Tower,0,5,23,1,29,0,11,118,2,131,0,16,141,3,160,164,10,174,334
11/02/2021,OLV,MS,ASO,ES,Federal Contract Tower,0,11,28,0,39,0,0,75,0,75,0,11,103,0,114,160,0,160,274
11/03/2021,OLV,MS,ASO,ES,Federal Contract Tower,0,12,14,0,26,0,4,56,0,60,0,16,70,0,86,90,0,90,176
11/04/2021,OLV,MS,ASO,ES,Federal Contract Tower,0,12,39,0,51,0,5,85,0,90,0,17,124,0,141,112,0,112,253
11/05/2021,OLV,MS,ASO,ES,Federal Contract Tower,0,12,20,0,32,0,12,107,0,119,0,24,127,0,151,110,0,110,261
11/06/2021,OLV,MS,ASO,ES,Federal Contract Tower,0,13,20,0,33,0,0,91,4,95,0,13,111,4,128,182,0,182,310
11/07/2021,OLV,MS,ASO,ES,Federal Contract Tower,0,9,11,0,20,0,2,77,1,80,0,11,88,1,100,142,10,152,252
11/08/2021,OLV,MS,ASO,ES,Federal Contract Tower,0,14,14,0,28,0,3,83,1,87,0,17,97,1,115,164,0,164,279
11/09/2021,OLV,MS,ASO,ES,Federal Contract Tower,0,11,27,0,38,0,0,105,0,105,0,11,132,0,143,168,0,168,311
11/10/2021,OLV,MS,ASO,ES,Federal Contract Tower,0,15,12,0,27,0,3,93,0,96,0,18,105,0,123,182,0,182,305
11/11/2021,OLV,MS,ASO,ES,Federal Contract Tower,0,18,8,0,26,0,0,17,1,18,0,18,25,1,44,24,0,24,68
11/12/2021,OLV,MS,ASO,ES,Federal Contract Tower,0,21,29,0,50,0,0,65,0,65,0,21,94,0,115,126,0,126,241
11/13/2021,OLV,MS,ASO,ES,Federal Contract Tower,0,17,20,0,37,0,12,65,2,79,0,29,85,2,116,68,0,68,184
11/14/2021,OLV,MS,ASO,ES,Federal Contract Tower,0,24,22,0,46,0,9,58,1,68,0,33,80,1,114,14,0,14,128
11/15/2021,OLV,MS,ASO,ES,Federal Contract Tower,0,12,30,1,43,0,8,122,3,133,0,20,152,4,176,118,8,126,302
11/16/2021,OLV,MS,ASO,ES,Federal Contract Tower,0,16,20,0,36,0,0,40,0,40,0,16,60,0,76,90,0,90,166
11/17/2021,OLV,MS,ASO,ES,Federal Contract Tower,0,16,14,0,30,0,9,14,0,23,0,25,28,0,53,12,0,12,65
11/18/2021,OLV,MS,ASO,ES,Federal Contract Tower,0,11,26,0,37,0,5,55,0,60,0,16,81,0,97,40,0,40,137
11/19/2021,OLV,MS,ASO,ES,Federal Contract Tower,0,10,36,0,46,0,6,92,0,98,0,16,128,0,144,114,0,114,258
11/20/2021,OLV,MS,ASO,ES,Federal Contract Tower,0,18,19,0,37,0,0,85,0,85,0,18,104,0,122,121,0,121,243
11/21/2021,OLV,MS,ASO,ES,Federal Contract Tower,0,16,3,0,19,0,0,2,0,2,0,16,5,0,21,10,0,10,31
11/22/2021,OLV,MS,ASO,ES,Federal Contract Tower,0,16,26,0,42,0,5,97,0,102,0,21,123,0,144,112,0,112,256
11/23/2021,OLV,MS,ASO,ES,Federal Contract Tower,0,15,24,0,39,0,2,104,0,106,0,17,128,0,145,184,0,184,329
11/24/2021,OLV,MS,ASO,ES,Federal Contract Tower,0,18,20,0,38,0,0,58,0,58,0,18,78,0,96,88,0,88,184
11/25/2021,OLV,MS,ASO,ES,Federal Contract Tower,0,3,1,0,4,0,0,0,0,0,0,3,1,0,4,0,0,0,4
11/26/2021,OLV,MS,ASO,ES,Federal Contract Tower,0,6,13,0,19,0,4,82,0,86,0,10,95,0,105,106,0,106,211
11/27/2021,OLV,MS,ASO,ES,Federal Contract Tower,0,21,19,0,40,0,0,51,0,51,0,21,70,0,91,26,0,26,117
11/28/2021,OLV,MS,ASO,ES,Federal Contract Tower,0,20,20,0,40,0,2,74,0,76,0,22,94,0,116,108,0,108,224
11/29/2021,OLV,MS,ASO,ES,Federal Contract Tower,0,5,30,0,35,0,0,79,0,79,0,5,109,0,114,184,0,184,298
11/30/2021,OLV,MS,ASO,ES,Federal Contract Tower,0,16,27,1,44,0,16,118,4,138,0,32,145,5,182,140,20,160,342
12/01/2021,OLV,MS,ASO,ES,Federal Contract Tower,0,14,19,0,33,0,7,50,0,57,0,21,69,0,90,62,0,62,152
12/02/2021,OLV,MS,ASO,ES,Federal Contract Tower,0,16,26,0,42,0,10,106,0,116,0,26,132,0,158,152,0,152,310
12/03/2021,OLV,MS,ASO,ES,Federal Contract Tower,0,6,20,0,26,0,0,81,0,81,0,6,101,0,107,244,0,244,351
12/04/2021,OLV,MS,ASO,ES,Federal Contract Tower,0,1,2,0,3,0,0,2,0,2,0,1,4,0,5,0,0,0,5
12/05/2021,OLV,MS,ASO,ES,Federal Contract Tower,0,7,5,0,12,0,0,2,0,2,0,7,7,0,14,20,0,20,34
12/06/2021,OLV,MS,ASO,ES,Federal Contract Tower,0,19,8,0,27,0,0,58,0,58,0,19,66,0,85,36,0,36,121
12/07/2021,OLV,MS,ASO,ES,Federal Contract Tower,0,7,29,0,36,0,1,92,0,93,0,8,121,0,129,124,0,124,253
12/08/2021,OLV,MS,ASO,ES,Federal Contract Tower,0,18,31,0,49,0,2,154,2,158,0,20,185,2,207,134,0,134,341
12/09/2021,OLV,MS,ASO,ES,Federal Contract Tower,0,22,20,0,42,0,0,25,14,39,0,22,45,14,81,36,0,36,117
12/10/2021,OLV,MS,ASO,ES,Federal Contract Tower,0,17,10,0,27,0,0,2,0,2,0,17,12,0,29,30,0,30,59
12/11/2021,OLV,MS,ASO,ES,Federal Contract Tower,0,4,6,0,10,0,8,12,0,20,0,12,18,0,30,6,0,6,36
12/12/2021,OLV,MS,ASO,ES,Federal Contract Tower,0,10,13,0,23,0,8,88,0,96,0,18,101,0,119,72,0,72,191
12/13/2021,OLV,MS,ASO,ES,Federal Contract Tower,0,13,26,0,39,0,6,142,0,148,0,19,168,0,187,108,0,108,295
12/14/2021,OLV,MS,ASO,ES,Federal Contract Tower,0,11,30,0,41,0,1,93,4,98,0,12,123,4,139,134,0,134,273
12/15/2021,OLV,MS,ASO,ES,Federal Contract Tower,0,37,27,0,64,0,2,9,0,11,0,39,36,0,75,76,0,76,151
12/16/2021,OLV,MS,ASO,ES,Federal Contract Tower,0,19,4,0,23,0,0,1,0,1,0,19,5,0,24,12,0,12,36
12/17/2021,OLV,MS,ASO,ES,Federal Contract Tower,0,13,8,0,21,0,0,15,1,16,0,13,23,1,37,86,0,86,123
12/18/2021,OLV,MS,ASO,ES,Federal Contract Tower,0,10,1,0,11,0,0,4,0,4,0,10,5,0,15,0,0,0,15
12/19/2021,OLV,MS,ASO,ES,Federal Contract Tower,0,8,13,0,21,0,2,27,0,29,0,10,40,0,50,62,0,62,112
12/20/2021,OLV,MS,ASO,ES,Federal Contract Tower,0,9,24,1,34,0,4,134,3,141,0,13,158,4,175,220,0,220,395
12/21/2021,OLV,MS,ASO,ES,Federal Contract Tower,0,13,32,1,46,0,12,132,2,146,0,25,164,3,192,144,4,148,340
12/22/2021,OLV,MS,ASO,ES,Federal Contract Tower,0,9,30,0,39,0,2,100,2,104,0,11,130,2,143,218,4,222,365
12/23/2021,OLV,MS,ASO,ES,Federal Contract Tower,0,14,22,0,36,0,1,77,1,79,0,15,99,1,115,52,6,58,173
12/24/2021,OLV,MS,ASO,ES,Federal Contract Tower,0,7,3,0,10,0,2,0,0,2,0,9,3,0,12,0,0,0,12
12/25/2021,OLV,MS,ASO,ES,Federal Contract Tower,0,2,1,0,3,0,0,0,0,0,0,2,1,0,3,0,0,0,3
12/26/2021,OLV,MS,ASO,ES,Federal Contract Tower,0,17,13,0,30,0,0,4,0,4,0,17,17,0,34,0,0,0,34
12/27/2021,OLV,MS,ASO,ES,Federal Contract Tower,0,16,8,0,24,0,5,11,0,16,0,21,19,0,40,0,0,0,40
12/28/2021,OLV,MS,ASO,ES,Federal Contract Tower,0,11,9,0,20,0,6,19,0,25,0,17,28,0,45,20,0,20,65
12/29/2021,OLV,MS,ASO,ES,Federal Contract Tower,0,10,10,0,20,0,0,2,0,2,0,10,12,0,22,0,0,0,22
12/30/2021,OLV,MS,ASO,ES,Federal Contract Tower,0,14,14,0,28,0,8,47,2,57,0,22,61,2,85,128,0,128,213
12/31/2021,OLV,MS,ASO,ES,Federal Contract Tower,0,4,19,0,23,0,0,5,0,5,0,4,24,0,28,6,0,6,34
01/01/2022,OLV,MS,ASO,ES,Federal Contract Tower,0,5,0,0,5,0,0,0,0,0,0,5,0,0,5,0,0,0,5
01/02/2022,OLV,MS,ASO,ES,Federal Contract Tower,0,13,0,0,13,0,0,0,0,0,0,13,0,0,13,0,0,0,13
01/03/2022,OLV,MS,ASO,ES,Federal Contract Tower,0,6,16,0,22,0,3,59,3,65,0,9,75,3,87,88,0,88,175
01/04/2022,OLV,MS,ASO,ES,Federal Contract Tower,0,16,17,0,33,0,2,79,6,87,0,18,96,6,120,92,0,92,212
01/05/2022,OLV,MS,ASO,ES,Federal Contract Tower,0,14,29,0,43,0,1,104,6,111,0,15,133,6,154,210,0,210,364
01/06/2022,OLV,MS,ASO,ES,Federal Contract Tower,0,3,0,0,3,0,0,0,0,0,0,3,0,0,3,0,0,0,3
01/07/2022,OLV,MS,ASO,ES,Federal Contract Tower,0,17,7,0,24,0,4,44,0,48,0,21,51,0,72,154,0,154,226
01/08/2022,OLV,MS,ASO,ES,Federal Contract Tower,0,6,3,0,9,0,0,25,0,25,0,6,28,0,34,66,0,66,100
01/09/2022,OLV,MS,ASO,ES,Federal Contract Tower,0,9,1,0,10,0,0,0,0,0,0,9,1,0,10,0,0,0,10
01/10/2022,OLV,MS,ASO,ES,Federal Contract Tower,0,8,18,0,26,0,1,117,0,118,0,9,135,0,144,232,0,232,376
01/11/2022,OLV,MS,ASO,ES,Federal Contract Tower,0,15,24,0,39,0,17,119,0,136,0,32,143,0,175,150,0,150,325
01/12/2022,OLV,MS,ASO,ES,Federal Contract Tower,0,13,24,0,37,0,0,90,0,90,0,13,114,0,127,150,0,150,277
01/13/2022,OLV,MS,ASO,ES,Federal Contract Tower,0,15,21,0,36,0,0,104,22,126,0,15,125,22,162,194,0,194,356
01/14/2022,OLV,MS,ASO,ES,Federal Contract Tower,0,6,29,0,35,0,4,69,0,73,0,10,98,0,108,142,0,142,250
01/15/2022,OLV,MS,ASO,ES,Federal Contract Tower,0,4,2,0,6,0,0,0,0,0,0,4,2,0,6,0,0,0,6
01/16/2022,OLV,MS,ASO,ES,Federal Contract Tower,0,0,1,0,1,0,0,3,0,3,0,0,4,0,4,0,0,0,4
01/17/2022,OLV,MS,ASO,ES,Federal Contract Tower,0,12,17,0,29,0,2,57,0,59,0,14,74,0,88,78,0,78,166
01/18/2022,OLV,MS,ASO,ES,Federal Contract Tower,0,14,33,0,47,0,8,81,0,89,0,22,114,0,136,58,0,58,194
01/19/2022,OLV,MS,ASO,ES,Federal Contract Tower,0,13,1,0,14,0,1,0,0,1,0,14,1,0,15,0,0,0,15
01/20/2022,OLV,MS,ASO,ES,Federal Contract Tower,0,11,6,0,17,0,2,15,0,17,0,13,21,0,34,46,0,46,80
01/21/2022,OLV,MS,ASO,ES,Federal Contract Tower,0,6,18,0,24,0,0,89,0,89,0,6,107,0,113,172,0,172,285
01/22/2022,OLV,MS,ASO,ES,Federal Contract Tower,0,8,13,0,21,0,6,65,2,73,0,14,78,2,94,168,0,168,262
01/23/2022,OLV,MS,ASO,ES,Federal Contract Tower,0,6,14,0,20,0,8,70,0,78,0,14,84,0,98,92,0,92,190
01/24/2022,OLV,MS,ASO,ES,Federal Contract Tower,0,14,36,0,50,0,2,79,0,81,0,16,115,0,131,146,0,146,277
01/25/2022,OLV,MS,ASO,ES,Federal Contract Tower,0,16,57,1,74,0,6,76,1,83,0,22,133,2,157,70,0,70,227
01/26/2022,OLV,MS,ASO,ES,Federal Contract Tower,0,15,25,0,40,0,2,74,2,78,0,17,99,2,118,144,4,148,266
01/27/2022,OLV,MS,ASO,ES,Federal Contract Tower,0,22,18,4,44,0,4,90,0,94,0,26,108,4,138,156,0,156,294
01/28/2022,OLV,MS,ASO,ES,Federal Contract Tower,0,13,18,0,31,0,8,45,0,53,0,21,63,0,84,32,0,32,116
01/29/2022,OLV,MS,ASO,ES,Federal Contract Tower,0,9,17,0,26,0,1,91,2,94,0,10,108,2,120,92,0,92,212
01/30/2022,OLV,MS,ASO,ES,Federal Contract Tower,0,14,21,0,35,0,0,92,1,93,0,14,113,1,128,184,0,184,312
01/31/2022,OLV,MS,ASO,ES,Federal Contract Tower,0,7,42,1,50,0,1,149,3,153,0,8,191,4,203,176,0,176,379
02/01/2022,OLV,MS,ASO,ES,Federal Contract Tower,0,26,22,0,48,0,2,68,0,70,0,28,90,0,118,134,0,134,252
02/02/2022,OLV,MS,ASO,ES,Federal Contract Tower,0,8,0,0,8,0,0,0,0,0,0,8,0,0,8,0,0,0,8
02/03/2022,OLV,MS,ASO,ES,Federal Contract Tower,0,2,0,0,2,0,0,0,0,0,0,2,0,0,2,0,0,0,2
02/04/2022,OLV,MS,ASO,ES,Federal Contract Tower,0,2,4,0,6,0,2,0,0,2,0,4,4,0,8,0,0,0,8
02/05/2022,OLV,MS,ASO,ES,Federal Contract Tower,0,14,8,0,22,0,0,87,0,87,0,14,95,0,109,98,0,98,207
02/06/2022,OLV,MS,ASO,ES,Federal Contract Tower,0,16,12,1,29,0,6,83,3,92,0,22,95,4,121,154,8,162,283
02/07/2022,OLV,MS,ASO,ES,Federal Contract Tower,0,4,18,0,22,0,6,113,0,119,0,10,131,0,141,192,0,192,333
02/08/2022,OLV,MS,ASO,ES,Federal Contract Tower,0,14,37,0,51,0,2,104,0,106,0,16,141,0,157,126,0,126,283
02/09/2022,OLV,MS,ASO,ES,Federal Contract Tower,0,19,40,0,59,0,6,119,2,127,0,25,159,2,186,130,6,136,322
02/10/2022,OLV,MS,ASO,ES,Federal Contract Tower,0,8,38,0,46,0,2,129,0,131,0,10,167,0,177,238,0,238,415
02/11/2022,OLV,MS,ASO,ES,Federal Contract Tower,0,6,19,0,25,0,4,36,0,40,0,10,55,0,65,32,0,32,97
02/12/2022,OLV,MS,ASO,ES,Federal Contract Tower,0,2,5,0,7,0,0,24,0,24,0,2,29,0,31,42,0,42,73
02/13/2022,OLV,MS,ASO,ES,Federal Contract Tower,0,7,13,0,20,0,0,72,0,72,0,7,85,0,92,116,0,116,208
02/14/2022,OLV,MS,ASO,ES,Federal Contract Tower,0,12,27,0,39,0,1,108,0,109,0,13,135,0,148,202,0,202,350
02/15/2022,OLV,MS,ASO,ES,Federal Contract Tower,0,14,30,0,44,0,0,80,0,80,0,14,110,0,124,56,0,56,180
02/16/2022,OLV,MS,ASO,ES,Federal Contract Tower,0,19,8,0,27,0,6,4,0,10,0,25,12,0,37,22,0,22,59
02/17/2022,OLV,MS,ASO,ES,Federal Contract Tower,0,10,0,0,10,0,0,0,0,0,0,10,0,0,10,0,0,0,10
02/18/2022,OLV,MS,ASO,ES,Federal Contract Tower,0,26,32,0,58,0,6,119,4,129,0,32,151,4,187,266,0,266,453
02/19/2022,OLV,MS,ASO,ES,Federal Contract Tower,0,8,30,0,38,0,15,119,3,137,0,23,149,3,175,124,2,126,301
02/20/2022,OLV,MS,ASO,ES,Federal Contract Tower,0,13,12,1,26,0,7,46,0,53,0,20,58,1,79,38,0,38,117
02/21/2022,OLV,MS,ASO,ES,Federal Contract Tower,0,16,0,0,16,0,0,2,0,2,0,16,2,0,18,0,0,0,18
02/22/2022,OLV,MS,ASO,ES,Federal Contract Tower,0,7,0,0,7,0,0,1,0,1,0,7,1,0,8,0,0,0,8
02/23/2022,OLV,MS,ASO,ES,Federal Contract Tower,0,11,7,0,18,0,0,23,0,23,0,11,30,0,41,86,0,86,127
02/24/2022,OLV,MS,ASO,ES,Federal Contract Tower,0,13,0,0,13,0,0,0,0,0,0,13,0,0,13,0,0,0,13
02/25/2022,OLV,MS,ASO,ES,Federal Contract Tower,0,11,4,1,16,0,0,24,2,26,0,11,28,3,42,94,0,94,136
02/26/2022,OLV,MS,ASO,ES,Federal Contract Tower,0,3,12,0,15,0,0,14,0,14,0,3,26,0,29,24,0,24,53
02/27/2022,OLV,MS,ASO,ES,Federal Contract Tower,0,14,20,0,34,0,0,79,0,79,0,14,99,0,113,72,0,72,185
02/28/2022,OLV,MS,ASO,ES,Federal Contract Tower,0,6,29,0,35,0,1,147,3,151,0,7,176,3,186,84,0,84,270
03/01/2022,OLV,MS,ASO,ES,Federal Contract Tower,0,12,26,0,38,0,7,133,2,142,0,19,159,2,180,106,4,110,290
03/02/2022,OLV,MS,ASO,ES,Federal Contract Tower,0,10,33,0,43,0,1,133,2,136,0,11,166,2,179,126,0,126,305
03/03/2022,OLV,MS,ASO,ES,Federal Contract Tower,0,11,30,0,41,0,2,126,0,128,0,13,156,0,169,202,0,202,371
03/04/2022,OLV,MS,ASO,ES,Federal Contract Tower,0,21,25,0,46,0,0,113,2,115,0,21,138,2,161,228,0,228,389
03/05/2022,OLV,MS,ASO,ES,Federal Contract Tower,0,16,7,0,23,0,7,13,0,20,0,23,20,0,43,8,0,8,51
03/06/2022,OLV,MS,ASO,ES,Federal Contract Tower,0,9,6,0,15,0,2,3,0,5,0,11,9,0,20,54,0,54,74
03/07/2022,OLV,MS,ASO,ES,Federal Contract Tower,0,12,15,0,27,0,0,7,0,7,0,12,22,0,34,2,0,2,36
03/08/2022,OLV,MS,ASO,ES,Federal Contract Tower,0,16,26,0,42,0,0,55,0,55,0,16,81,0,97,68,0,68,165
03/09/2022,OLV,MS,ASO,ES,Federal Contract Tower,0,21,26,0,47,0,5,117,0,122,0,26,143,0,169,194,0,194,363
03/10/2022,OLV,MS,ASO,ES,Federal Contract Tower,0,18,26,0,44,0,4,131,0,135,0,22,157,0,179,200,0,200,379
03/11/2022,OLV,MS,ASO,ES,Federal Contract Tower,0,17,20,0,37,0,0,53,0,53,0,17,73,0,90,30,0,30,120
03/12/2022,OLV,MS,ASO,ES,Federal Contract Tower,0,10,4,0,14,0,2,17,1,20,0,12,21,1,34,66,0,66,100
03/13/2022,OLV,MS,ASO,ES,Federal Contract Tower,0,19,19,2,40,0,0,33,2,35,0,19,52,4,75,6,0,6,81
03/14/2022,OLV,MS,ASO,ES,Federal Contract Tower,0,26,24,0,50,0,2,68,2,72,0,28,92,2,122,96,6,102,224
03/15/2022,OLV,MS,ASO,ES,Federal Contract Tower,0,13,12,0,25,0,0,16,0,16,0,13,28,0,41,30,0,30,71
03/16/2022,OLV,MS,ASO,ES,Federal Contract Tower,0,13,35,2,50,0,2,72,1,75,0,15,107,3,125,180,0,180,305
03/17/2022,OLV,MS,ASO,ES,Federal Contract Tower,0,11,17,0,28,0,3,91,0,94,0,14,108,0,122,200,0,200,322
03/18/2022,OLV,MS,ASO,ES,Federal Contract Tower,0,24,11,0,35,0,3,2,0,5,0,27,13,0,40,18,0,18,58
03/19/2022,OLV,MS,ASO,ES,Federal Contract Tower,0,16,18,0,34,0,10,29,0,39,0,26,47,0,73,28,0,28,101
03/20/2022,OLV,MS,ASO,ES,Federal Contract Tower,0,14,16,0,30,0,8,86,2,96,0,22,102,2,126,78,0,78,204
03/21/2022,OLV,MS,ASO,ES,Federal Contract Tower,0,18,19,0,37,0,5,56,0,61,0,23,75,0,98,58,0,58,156
03/22/2022,OLV,MS,ASO,ES,Federal Contract Tower,0,6,0,0,6,0,0,0,0,0,0,6,0,0,6,0,0,0,6
03/23/2022,OLV,MS,ASO,ES,Federal Contract Tower,0,13,9,0,22,0,0,10,0,10,0,13,19,0,32,54,0,54,86
03/24/2022,OLV,MS,ASO,ES,Federal Contract Tower,0,17,23,0,40,0,6,67,0,73,0,23,90,0,113,52,0,52,165
03/25/2022,OLV,MS,ASO,ES,Federal Contract Tower,0,12,23,2,37,0,0,119,0,119,0,12,142,2,156,166,0,166,322
03/26/2022,OLV,MS,ASO,ES,Federal Contract Tower,0,14,15,0,29,0,3,65,1,69,0,17,80,1,98,58,0,58,156
03/27/2022,OLV,MS,ASO,ES,Federal Contract Tower,0,9,11,1,21,0,2,85,1,88,0,11,96,2,109,90,2,92,201
03/28/2022,OLV,MS,ASO,ES,Federal Contract Tower,0,15,31,0,46,0,0,144,2,146,0,15,175,2,192,202,6,208,400
03/29/2022,OLV,MS,ASO,ES,Federal Contract Tower,0,19,21,0,40,0,0,60,0,60,0,19,81,0,100,146,0,146,246
03/30/2022,OLV,MS,ASO,ES,Federal Contract Tower,0,7,0,0,7,0,0,0,0,0,0,7,0,0,7,0,0,0,7
03/31/2022,OLV,MS,ASO,ES,Federal Contract Tower,0,15,13,0,28,0,2,67,0,69,0,17,80,0,97,50,0,50,147
04/01/2022,OLV,MS,ASO,ES,Federal Contract Tower,0,17,39,0,56,0,0,140,0,140,0,17,179,0,196,272,0,272,468
04/02/2022,OLV,MS,ASO,ES,Federal Contract Tower,0,5,13,0,18,0,0,75,0,75,0,5,88,0,93,184,0,184,277
04/03/2022,OLV,MS,ASO,ES,Federal Contract Tower,0,19,16,0,35,0,1,64,6,71,0,20,80,6,106,108,4,112,218
04/04/2022,OLV,MS,ASO,ES,Federal Contract Tower,0,18,33,0,51,0,6,127,0,133,0,24,160,0,184,224,0,224,408
04/05/2022,OLV,MS,ASO,ES,Federal Contract Tower,0,17,25,0,42,0,0,54,0,54,0,17,79,0,96,194,0,194,290
04/06/2022,OLV,MS,ASO,ES,Federal Contract Tower,0,20,18,0,38,0,0,59,0,59,0,20,77,0,97,252,0,252,349
04/07/2022,OLV,MS,ASO,ES,Federal Contract Tower,0,6,16,0,22,0,2,34,0,36,0,8,50,0,58,62,0,62,120
04/08/2022,OLV,MS,ASO,ES,Federal Contract Tower,0,15,4,0,19,0,0,7,0,7,0,15,11,0,26,0,0,0,26
04/09/2022,OLV,MS,ASO,ES,Federal Contract Tower,0,10,18,2,30,0,0,47,0,47,0,10,65,2,77,20,0,20,97
04/10/2022,OLV,MS,ASO,ES,Federal Contract Tower,0,13,9,0,22,0,0,23,0,23,0,13,32,0,45,0,0,0,45
04/11/2022,OLV,MS,ASO,ES,Federal Contract Tower,0,10,6,0,16,0,4,23,0,27,0,14,29,0,43,30,0,30,73
04/12/2022,OLV,MS,ASO,ES,Federal Contract Tower,0,22,13,0,35,0,0,34,0,34,0,22,47,0,69,4,0,4,73
04/13/2022,OLV,MS,ASO,ES,Federal Contract Tower,0,4,2,0,6,0,0,0,0,0,0,4,2,0,6,0,0,0,6
04/14/2022,OLV,MS,ASO,ES,Federal Contract Tower,0,21,42,0,63,0,5,167,2,174,0,26,209,2,237,290,0,290,527
04/15/2022,OLV,MS,ASO,ES,Federal Contract Tower,0,13,19,0,32,0,4,70,2,76,0,17,89,2,108,152,2,154,262
04/16/2022,OLV,MS,ASO,ES,Federal Contract Tower,0,5,3,0,8,0,0,0,0,0,0,5,3,0,8,0,0,0,8
04/17/2022,OLV,MS,ASO,ES,Federal Contract Tower,0,7,3,0,10,0,0,0,0,0,0,7,3,0,10,0,0,0,10
04/18/2022,OLV,MS,ASO,ES,Federal Contract Tower,0,25,47,0,72,0,1,50,3,54,0,26,97,3,126,140,4,144,270
04/19/2022,OLV,MS,ASO,ES,Federal Contract Tower,0,9,49,0,58,0,2,192,1,195,0,11,241,1,253,312,0,312,565
04/20/2022,OLV,MS,ASO,ES,Federal Contract Tower,0,11,8,0,19,0,1,20,0,21,0,12,28,0,40,82,0,82,122
04/21/2022,OLV,MS,ASO,ES,Federal Contract Tower,0,9,24,0,33,0,5,58,2,65,0,14,82,2,98,188,0,188,286
04/22/2022,OLV,MS,ASO,ES,Federal Contract Tower,0,13,27,0,40,0,5,154,0,159,0,18,181,0,199,304,0,304,503
04/23/2022,OLV,MS,ASO,ES,Federal Contract Tower,0,2,7,0,9,0,1,25,0,26,0,3,32,0,35,36,0,36,71
04/24/2022,OLV,MS,ASO,ES,Federal Contract Tower,0,11,15,0,26,0,2,48,6,56,0,13,63,6,82,64,20,84,166
04/25/2022,OLV,MS,ASO,ES,Federal Contract Tower,0,12,5,2,19,0,2,33,0,35,0,14,38,2,54,20,0,20,74
04/26/2022,OLV,MS,ASO,ES,Federal Contract Tower,0,10,44,0,54,0,1,131,2,134,0,11,175,2,188,184,0,184,372
04/27/2022,OLV,MS,ASO,ES,Federal Contract Tower,0,13,29,0,42,0,1,145,2,148,0,14,174,2,190,194,0,194,384
04/28/2022,OLV,MS,ASO,ES,Federal Contract Tower,0,12,34,1,47,0,2,153,1,156,0,14,187,2,203,328,0,328,531
04/29/2022,OLV,MS,ASO,ES,Federal Contract Tower,0,23,27,0,50,0,0,78,0,78,0,23,105,0,128,224,0,224,352
04/30/2022,OLV,MS,ASO,ES,Federal Contract Tower,0,5,10,0,15,0,9,14,0,23,0,14,24,0,38,34,0,34,72
05/01/2022,OLV,MS,ASO,ES,Federal Contract Tower,0,12,18,0,30,0,0,100,2,102,0,12,118,2,132,124,0,124,256
05/02/2022,OLV,MS,ASO,ES,Federal Contract Tower,0,6,21,0,27,0,8,92,0,100,0,14,113,0,127,220,0,220,347
05/03/2022,OLV,MS,ASO,ES,Federal Contract Tower,0,4,3,0,7,0,8,15,6,29,0,12,18,6,36,12,0,12,48
05/04/2022,OLV,MS,ASO,ES,Federal Contract Tower,0,15,38,0,53,0,3,99,0,102,0,18,137,0,155,206,0,206,361
05/05/2022,OLV,MS,ASO,ES,Federal Contract Tower,0,9,12,0,21,0,3,54,0,57,0,12,66,0,78,120,0,120,198
05/06/2022,OLV,MS,ASO,ES,Federal Contract Tower,0,10,10,0,20,0,3,3,0,6,0,13,13,0,26,24,0,24,50
05/07/2022,OLV,MS,ASO,ES,Federal Contract Tower,0,7,13,1,21,0,2,70,1,73,0,9,83,2,94,148,0,148,242
05/08/2022,OLV,MS,ASO,ES,Federal Contract Tower,0,6,18,0,24,0,3,66,1,70,0,9,84,1,94,98,6,104,198
05/09/2022,OLV,MS,ASO,ES,Federal Contract Tower,0,20,25,0,45,0,7,50,0,57,0,27,75,0,102,32,0,32,134
05/10/2022,OLV,MS,ASO,ES,Federal Contract Tower,0,20,36,0,56,0,4,102,0,106,0,24,138,0,162,268,0,268,430
05/11/2022,OLV,MS,ASO,ES,Federal Contract Tower,0,6,52,0,58,0,2,147,3,152,0,8,199,3,210,168,0,168,378
05/12/2022,OLV,MS,ASO,ES,Federal Contract Tower,0,16,37,0,53,0,7,133,2,142,0,23,170,2,195,240,0,240,435
05/13/2022,OLV,MS,ASO,ES,Federal Contract Tower,0,13,24,0,37,2,29,0,0,31,2,42,24,0,68,58,0,58,126
05/14/2022,OLV,MS,ASO,ES,Federal Contract Tower,0,2,23,0,25,0,3,78,2,83,0,5,101,2,108,164,2,166,274
05/15/2022,OLV,MS,ASO,ES,Federal Contract Tower,0,8,14,2,24,0,54,91,5,150,0,62,105,7,174,146,2,148,322
05/16/2022,OLV,MS,ASO,ES,Federal Contract Tower,0,7,32,1,40,0,7,119,1,127,0,14,151,2,167,134,0,134,301
05/17/2022,OLV,MS,ASO,ES,Federal Contract Tower,0,21,43,0,64,0,1,184,0,185,0,22,227,0,249,168,0,168,417
05/18/2022,OLV,MS,ASO,ES,Federal Contract Tower,0,26,13,0,39,0,6,60,0,66,0,32,73,0,105,122,0,122,227
05/19/2022,OLV,MS,ASO,ES,Federal Contract Tower,0,15,32,0,47,0,8,53,0,61,0,23,85,0,108,82,0,82,190
05/20/2022,OLV,MS,ASO,ES,Federal Contract Tower,0,9,46,0,55,0,0,30,1,31,0,9,76,1,86,10,0,10,96
05/21/2022,OLV,MS,ASO,ES,Federal Contract Tower,0,7,31,0,38,0,0,37,5,42,0,7,68,5,80,156,2,158,238
05/22/2022,OLV,MS,ASO,ES,Federal Contract Tower,0,5,61,0,66,0,0,9,0,9,0,5,70,0,75,24,0,24,99
05/23/2022,OLV,MS,ASO,ES,Federal Contract Tower,0,9,7,0,16,0,0,58,4,62,0,9,65,4,78,294,0,294,372
05/24/2022,OLV,MS,ASO,ES,Federal Contract Tower,0,13,11,0,24,0,0,12,2,14,0,13,23,2,38,46,0,46,84
05/25/2022,OLV,MS,ASO,ES,Federal Contract Tower,0,11,5,0,16,0,0,5,0,5,0,11,10,0,21,84,0,84,105
05/26/2022,OLV,MS,ASO,ES,Federal Contract Tower,0,18,7,0,25,0,0,35,2,37,0,18,42,2,62,74,0,74,136
05/27/2022,OLV,MS,ASO,ES,Federal Contract Tower,0,16,26,0,42,0,0,89,5,94,0,16,115,5,136,132,0,132,268
05/28/2022,OLV,MS,ASO,ES,Federal Contract Tower,0,5,26,0,31,0,0,111,1,112,0,5,137,1,143,238,16,254,397
05/29/2022,OLV,MS,ASO,ES,Federal Contract Tower,0,12,12,0,24,0,0,69,0,69,0,12,81,0,93,110,0,110,203
05/30/2022,OLV,MS,ASO,ES,Federal Contract Tower,0,4,36,0,40,0,2,125,3,130,0,6,161,3,170,194,8,202,372
05/31/2022,OLV,MS,ASO,ES,Federal Contract Tower,0,10,38,0,48,0,3,146,0,149,0,13,184,0,197,208,0,208,405
06/01/2022,OLV,MS,ASO,ES,Federal Contract Tower,0,14,20,0,34,0,6,84,0,90,0,20,104,0,124,212,0,212,336
06/02/2022,OLV,MS,ASO,ES,Federal Contract Tower,0,13,14,3,30,0,0,38,3,41,0,13,52,6,71,144,6,150,221
06/03/2022,OLV,MS,ASO,ES,Federal Contract Tower,0,14,25,0,39,0,2,159,0,161,0,16,184,0,200,282,0,282,482
06/04/2022,OLV,MS,ASO,ES,Federal Contract Tower,0,9,25,0,34,0,1,136,1,138,0,10,161,1,172,182,0,182,354
06/05/2022,OLV,MS,ASO,ES,Federal Contract Tower,0,15,12,1,28,0,5,131,5,141,0,20,143,6,169,236,4,240,409
06/06/2022,OLV,MS,ASO,ES,Federal Contract Tower,0,20,12,0,32,0,1,40,2,43,0,21,52,2,75,96,0,96,171
06/07/2022,OLV,MS,ASO,ES,Federal Contract Tower,0,6,17,0,23,0,4,87,0,91,0,10,104,0,114,72,0,72,186
06/08/2022,OLV,MS,ASO,ES,Federal Contract Tower,0,14,3,0,17,0,0,30,0,30,0,14,33,0,47,52,0,52,99
06/09/2022,OLV,MS,ASO,ES,Federal Contract Tower,0,13,35,0,48,0,0,156,0,156,0,13,191,0,204,276,0,276,480
06/10/2022,OLV,MS,ASO,ES,Federal Contract Tower,0,15,20,1,36,0,0,135,0,135,0,15,155,1,171,186,0,186,357
06/11/2022,OLV,MS,ASO,ES,Federal Contract Tower,0,14,29,0,43,0,2,81,0,83,0,16,110,0,126,196,0,196,322
06/12/2022,OLV,MS,ASO,ES,Federal Contract Tower,0,14,16,2,32,0,2,83,0,85,0,16,99,2,117,166,0,166,283
06/13/2022,OLV,MS,ASO,ES,Federal Contract Tower,0,12,15,1,28,0,3,150,2,155,0,15,165,3,183,92,0,92,275
06/14/2022,OLV,MS,ASO,ES,Federal Contract Tower,0,10,27,0,37,0,12,118,0,130,0,22,145,0,167,118,0,118,285
06/15/2022,OLV,MS,ASO,ES,Federal Contract Tower,0,11,35,0,46,0,0,184,0,184,0,11,219,0,230,138,0,138,368
06/16/2022,OLV,MS,ASO,ES,Federal Contract Tower,0,16,21,0,37,0,1,145,0,146,0,17,166,0,183,138,0,138,321
06/17/2022,OLV,MS,ASO,ES,Federal Contract Tower,0,19,30,0,49,0,0,108,0,108,0,19,138,0,157,184,0,184,341
06/18/2022,OLV,MS,ASO,ES,Federal Contract Tower,0,15,18,1,34,0,2,63,0,65,0,17,81,1,99,120,0,120,219
06/19/2022,OLV,MS,ASO,ES,Federal Contract Tower,0,19,21,0,40,0,9,61,1,71,0,28,82,1,111,82,0,82,193
06/20/2022,OLV,MS,ASO,ES,Federal Contract Tower,0,14,15,0,29,0,8,174,0,182,0,22,189,0,211,134,0,134,345
06/21/2022,OLV,MS,ASO,ES,Federal Contract Tower,0,17,31,0,48,0,5,178,0,183,0,22,209,0,231,198,0,198,429
06/22/2022,OLV,MS,ASO,ES,Federal Contract Tower,0,19,30,0,49,0,5,121,0,126,0,24,151,0,175,170,0,170,345
06/23/2022,OLV,MS,ASO,ES,Federal Contract Tower,0,14,37,0,51,0,1,135,0,136,0,15,172,0,187,156,0,156,343
06/24/2022,OLV,MS,ASO,ES,Federal Contract Tower,0,21,29,0,50,0,9,135,4,148,0,30,164,4,198,173,0,173,371
06/25/2022,OLV,MS,ASO,ES,Federal Contract Tower,0,19,11,1,31,0,1,85,3,89,0,20,96,4,120,116,0,116,236
06/26/2022,OLV,MS,ASO,ES,Federal Contract Tower,0,11,7,0,18,0,2,33,0,35,0,13,40,0,53,42,0,42,95
06/27/2022,OLV,MS,ASO,ES,Federal Contract Tower,0,24,24,0,48,0,0,109,2,111,0,24,133,2,159,120,0,120,279
06/28/2022,OLV,MS,ASO,ES,Federal Contract Tower,0,6,28,0,34,0,0,158,2,160,0,6,186,2,194,250,14,264,458
06/29/2022,OLV,MS,ASO,ES,Federal Contract Tower,0,7,25,0,32,0,6,131,0,137,0,13,156,0,169,168,0,168,337
06/30/2022,OLV,MS,ASO,ES,Federal Contract Tower,0,9,14,0,23,0,3,129,2,134,0,12,143,2,157,216,6,222,379
07/01/2022,OLV,MS,ASO,ES,Federal Contract Tower,0,19,21,0,40,0,1,77,0,78,0,20,98,0,118,134,0,134,252
07/02/2022,OLV,MS,ASO,ES,Federal Contract Tower,0,4,11,0,15,0,2,80,0,82,0,6,91,0,97,110,0,110,207
07/03/2022,OLV,MS,ASO,ES,Federal Contract Tower,0,5,8,0,13,0,4,51,1,56,0,9,59,1,69,166,0,166,235
07/04/2022,OLV,MS,ASO,ES,Federal Contract Tower,0,3,10,2,15,0,1,48,2,51,0,4,58,4,66,234,0,234,300
07/05/2022,OLV,MS,ASO,ES,Federal Contract Tower,0,11,26,0,37,0,2,107,0,109,0,13,133,0,146,204,0,204,350
07/06/2022,OLV,MS,ASO,ES,Federal Contract Tower,0,20,17,0,37,0,6,96,0,102,0,26,113,0,139,190,0,190,329
07/07/2022,OLV,MS,ASO,ES,Federal Contract Tower,0,10,19,0,29,0,0,109,2,111,0,10,128,2,140,126,14,140,280
07/08/2022,OLV,MS,ASO,ES,Federal Contract Tower,0,8,37,0,45,0,3,108,3,114,0,11,145,3,159,176,0,176,335
07/09/2022,OLV,MS,ASO,ES,Federal Contract Tower,0,11,29,0,40,0,1,60,0,61,0,12,89,0,101,181,8,189,290
07/10/2022,OLV,MS,ASO,ES,Federal Contract Tower,0,16,18,0,34,0,4,33,0,37,0,20,51,0,71,46,0,46,117
07/11/2022,OLV,MS,ASO,ES,Federal Contract Tower,0,18,32,0,50,0,3,188,0,191,0,21,220,0,241,208,0,208,449
07/12/2022,OLV,MS,ASO,ES,Federal Contract Tower,0,14,37,0,51,0,6,166,2,174,0,20,203,2,225,208,2,210,435
07/13/2022,OLV,MS,ASO,ES,Federal Contract Tower,0,12,15,0,27,0,0,84,0,84,0,12,99,0,111,149,0,149,260
07/14/2022,OLV,MS,ASO,ES,Federal Contract Tower,0,10,33,0,43,0,2,122,0,124,0,12,155,0,167,160,0,160,327
07/15/2022,OLV,MS,ASO,ES,Federal Contract Tower,0,11,32,0,43,0,2,106,1,109,0,13,138,1,152,226,6,232,384
07/16/2022,OLV,MS,ASO,ES,Federal Contract Tower,0,12,15,7,34,0,0,117,3,120,0,12,132,10,154,258,0,258,412
07/17/2022,OLV,MS,ASO,ES,Federal Contract Tower,0,15,21,0,36,0,6,117,0,123,0,21,138,0,159,216,0,216,375
07/18/2022,OLV,MS,ASO,ES,Federal Contract Tower,0,14,15,0,29,0,52,0,0,52,0,66,15,0,81,120,0,120,201
07/19/2022,OLV,MS,ASO,ES,Federal Contract Tower,0,12,21,0,33,0,2,75,0,77,0,14,96,0,110,206,0,206,316
07/20/2022,OLV,MS,ASO,ES,Federal Contract Tower,0,14,9,1,24,0,1,70,1,72,0,15,79,2,96,122,0,122,218
07/21/2022,OLV,MS,ASO,ES,Federal Contract Tower,0,19,22,0,41,0,10,155,0,165,0,29,177,0,206,358,0,358,564
07/22/2022,OLV,MS,ASO,ES,Federal Contract Tower,0,16,28,0,44,0,0,116,0,116,0,16,144,0,160,344,0,344,504
07/23/2022,OLV,MS,ASO,ES,Federal Contract Tower,0,8,18,0,26,0,0,102,0,102,0,8,120,0,128,246,0,246,374
07/24/2022,OLV,MS,ASO,ES,Federal Contract Tower,0,11,7,0,18,0,6,52,0,58,0,17,59,0,76,42,0,42,118
07/25/2022,OLV,MS,ASO,ES,Federal Contract Tower,0,13,31,0,44,0,3,100,2,105,0,16,131,2,149,212,0,212,361
07/26/2022,OLV,MS,ASO,ES,Federal Contract Tower,0,11,32,0,43,0,3,96,2,101,0,14,128,2,144,78,20,98,242
07/27/2022,OLV,MS,ASO,ES,Federal Contract Tower,0,11,16,0,27,0,5,55,0,60,0,16,71,0,87,104,0,104,191
07/28/2022,OLV,MS,ASO,ES,Federal Contract Tower,0,11,7,0,18,0,17,27,0,44,0,28,34,0,62,102,0,102,164
07/29/2022,OLV,MS,ASO,ES,Federal Contract Tower,0,15,13,0,28,0,0,9,0,9,0,15,22,0,37,64,0,64,101
07/30/2022,OLV,MS,ASO,ES,Federal Contract Tower,0,6,9,0,15,0,0,21,1,22,0,6,30,1,37,152,0,152,189
07/31/2022,OLV,MS,ASO,ES,Federal Contract Tower,0,9,10,0,19,0,0,2,0,2,0,9,12,0,21,10,0,10,31
08/01/2022,OLV,MS,ASO,ES,Federal Contract Tower,0,4,25,0,29,0,4,48,0,52,0,8,73,0,81,148,2,150,231
08/02/2022,OLV,MS,ASO,ES,Federal Contract Tower,0,7,28,0,35,0,2,136,0,138,0,9,164,0,173,284,0,284,457
08/03/2022,OLV,MS,ASO,ES,Federal Contract Tower,0,13,31,0,44,0,0,66,0,66,0,13,97,0,110,156,0,156,266
08/04/2022,OLV,MS,ASO,ES,Federal Contract Tower,0,13,16,2,31,0,2,61,0,63,0,15,77,2,94,170,0,170,264
08/05/2022,OLV,MS,ASO,ES,Federal Contract Tower,0,17,22,0,39,0,0,62,0,62,0,17,84,0,101,88,0,88,189
08/06/2022,OLV,MS,ASO,ES,Federal Contract Tower,0,7,28,0,35,0,6,123,0,129,0,13,151,0,164,226,0,226,390
08/07/2022,OLV,MS,ASO,ES,Federal Contract Tower,0,15,16,0,31,0,10,115,0,125,0,25,131,0,156,142,0,142,298
08/08/2022,OLV,MS,ASO,ES,Federal Contract Tower,0,21,27,0,48,0,4,108,15,127,0,25,135,15,175,232,0,232,407
08/09/2022,OLV,MS,ASO,ES,Federal Contract Tower,0,11,16,0,27,0,6,65,0,71,0,17,81,0,98,92,0,92,190
08/10/2022,OLV,MS,ASO,ES,Federal Contract Tower,0,12,27,0,39,0,3,70,0,73,0,15,97,0,112,116,0,116,228
08/11/2022,OLV,MS,ASO,ES,Federal Contract Tower,0,13,22,0,35,0,0,42,0,42,0,13,64,0,77,146,0,146,223
08/12/2022,OLV,MS,ASO,ES,Federal Contract Tower,0,20,52,0,72,0,16,217,0,233,0,36,269,0,305,157,0,157,462
08/13/2022,OLV,MS,ASO,ES,Federal Contract Tower,0,10,21,0,31,0,11,203,0,214,0,21,224,0,245,218,0,218,463
08/14/2022,OLV,MS,ASO,ES,Federal Contract Tower,0,36,24,0,60,0,5,98,0,103,0,41,122,0,163,112,0,112,275
08/15/2022,OLV,MS,ASO,ES,Federal Contract Tower,0,5,33,0,38,0,4,146,0,150,0,9,179,0,188,196,0,196,384
08/16/2022,OLV,MS,ASO,ES,Federal Contract Tower,0,9,21,0,30,0,3,155,0,158,0,12,176,0,188,288,0,288,476
08/17/2022,OLV,MS,ASO,ES,Federal Contract Tower,0,9,13,0,22,0,0,23,0,23,0,9,36,0,45,48,0,48,93
08/18/2022,OLV,MS,ASO,ES,Federal Contract Tower,0,21,45,0,66,0,3,179,0,182,0,24,224,0,248,132,0,132,380
08/19/2022,OLV,MS,ASO,ES,Federal Contract Tower,0,0,0,0,0,0,2,4,0,6,0,2,4,0,6,0,0,0,6
08/20/2022,OLV,MS,ASO,ES,Federal Contract Tower,0,0,0,0,0,0,2,0,0,2,0,2,0,0,2,0,0,0,2
08/21/2022,OLV,MS,ASO,ES,Federal Contract Tower,0,0,0,0,0,0,0,0,0,0,0,0,0,0,0,0,0,0,0
08/22/2022,OLV,MS,ASO,ES,Federal Contract Tower,0,0,0,0,0,0,0,0,0,0,0,0,0,0,0,0,0,0,0
08/23/2022,OLV,MS,ASO,ES,Federal Contract Tower,0,2,0,0,2,0,5,0,0,5,0,7,0,0,7,0,0,0,7
08/24/2022,OLV,MS,ASO,ES,Federal Contract Tower,0,0,0,0,0,0,2,3,1,6,0,2,3,1,6,0,0,0,6
08/25/2022,OLV,MS,ASO,ES,Federal Contract Tower,0,0,0,0,0,0,6,0,1,7,0,6,0,1,7,0,0,0,7
08/26/2022,OLV,MS,ASO,ES,Federal Contract Tower,0,0,1,0,1,0,8,3,0,11,0,8,4,0,12,0,0,0,12
08/27/2022,OLV,MS,ASO,ES,Federal Contract Tower,0,0,0,0,0,0,6,6,0,12,0,6,6,0,12,0,0,0,12
08/28/2022,OLV,MS,ASO,ES,Federal Contract Tower,0,4,0,0,4,0,0,0,0,0,0,4,0,0,4,0,0,0,4
08/29/2022,OLV,MS,ASO,ES,Federal Contract Tower,0,0,0,0,0,0,3,4,0,7,0,3,4,0,7,0,0,0,7
08/30/2022,OLV,MS,ASO,ES,Federal Contract Tower,0,0,0,0,0,0,0,0,0,0,0,0,0,0,0,0,0,0,0
08/31/2022,OLV,MS,ASO,ES,Federal Contract Tower,0,2,0,0,2,0,0,3,0,3,0,2,3,0,5,0,0,0,5
09/01/2022,OLV,MS,ASO,ES,Federal Contract Tower,0,0,0,0,0,0,5,2,0,7,0,5,2,0,7,0,0,0,7
09/02/2022,OLV,MS,ASO,ES,Federal Contract Tower,0,4,0,0,4,0,0,11,0,11,0,4,11,0,15,0,0,0,15
09/03/2022,OLV,MS,ASO,ES,Federal Contract Tower,0,6,11,0,17,0,0,49,0,49,0,6,60,0,66,92,0,92,158
09/04/2022,OLV,MS,ASO,ES,Federal Contract Tower,0,4,4,0,8,0,0,40,0,40,0,4,44,0,48,34,0,34,82
09/05/2022,OLV,MS,ASO,ES,Federal Contract Tower,0,7,13,0,20,0,2,69,0,71,0,9,82,0,91,84,0,84,175
09/06/2022,OLV,MS,ASO,ES,Federal Contract Tower,0,7,35,0,42,0,2,96,0,98,0,9,131,0,140,120,0,120,260
09/07/2022,OLV,MS,ASO,ES,Federal Contract Tower,0,12,28,0,40,0,2,85,0,87,0,14,113,0,127,186,0,186,313
09/08/2022,OLV,MS,ASO,ES,Federal Contract Tower,0,13,29,0,42,0,0,119,5,124,0,13,148,5,166,162,0,162,328
09/09/2022,OLV,MS,ASO,ES,Federal Contract Tower,0,13,15,3,31,0,2,93,3,98,0,15,108,6,129,120,14,134,263
09/10/2022,OLV,MS,ASO,ES,Federal Contract Tower,0,3,4,0,7,0,0,2,1,3,0,3,6,1,10,2,0,2,12
09/11/2022,OLV,MS,ASO,ES,Federal Contract Tower,0,9,14,1,24,0,1,27,0,28,0,10,41,1,52,34,0,34,86
09/12/2022,OLV,MS,ASO,ES,Federal Contract Tower,0,11,26,0,37,0,11,203,2,216,0,22,229,2,253,162,34,196,449
09/13/2022,OLV,MS,ASO,ES,Federal Contract Tower,0,14,39,0,53,0,7,164,4,175,0,21,203,4,228,204,16,220,448
09/14/2022,OLV,MS,ASO,ES,Federal Contract Tower,0,11,44,2,57,0,4,125,0,129,0,15,169,2,186,134,0,134,320
09/15/2022,OLV,MS,ASO,ES,Federal Contract Tower,0,17,27,0,44,0,1,101,2,104,0,18,128,2,148,158,6,164,312
09/16/2022,OLV,MS,ASO,ES,Federal Contract Tower,0,13,26,2,41,0,3,116,2,121,0,16,142,4,162,226,2,228,390
09/17/2022,OLV,MS,ASO,ES,Federal Contract Tower,0,10,19,1,30,0,6,98,2,106,0,16,117,3,136,130,0,130,266
09/18/2022,OLV,MS,ASO,ES,Federal Contract Tower,0,12,20,0,32,0,4,73,3,80,0,16,93,3,112,52,8,60,172
09/19/2022,OLV,MS,ASO,ES,Federal Contract Tower,0,5,20,4,29,0,5,131,5,141,0,10,151,9,170,108,0,108,278
09/20/2022,OLV,MS,ASO,ES,Federal Contract Tower,0,12,37,4,53,0,10,119,13,142,0,22,156,17,195,120,0,120,315
09/21/2022,OLV,MS,ASO,ES,Federal Contract Tower,0,16,29,0,45,0,5,137,4,146,0,21,166,4,191,136,0,136,327
09/22/2022,OLV,MS,ASO,ES,Federal Contract Tower,0,9,36,0,45,0,11,90,0,101,0,20,126,0,146,138,0,138,284
09/23/2022,OLV,MS,ASO,ES,Federal Contract Tower,0,20,33,0,53,0,1,147,4,152,0,21,180,4,205,296,0,296,501
09/24/2022,OLV,MS,ASO,ES,Federal Contract Tower,0,6,24,1,31,0,5,67,11,83,0,11,91,12,114,139,24,163,277
09/25/2022,OLV,MS,ASO,ES,Federal Contract Tower,0,15,12,3,30,0,7,64,6,77,0,22,76,9,107,134,20,154,261
09/26/2022,OLV,MS,ASO,ES,Federal Contract Tower,0,19,28,0,47,0,10,112,3,125,0,29,140,3,172,180,0,180,352
09/27/2022,OLV,MS,ASO,ES,Federal Contract Tower,0,9,33,0,42,0,8,155,0,163,0,17,188,0,205,126,0,126,331
09/28/2022,OLV,MS,ASO,ES,Federal Contract Tower,0,14,26,0,40,0,0,91,0,91,0,14,117,0,131,120,0,120,251
09/29/2022,OLV,MS,ASO,ES,Federal Contract Tower,0,14,20,0,34,0,4,77,0,81,0,18,97,0,115,122,0,122,237
09/30/2022,OLV,MS,ASO,ES,Federal Contract Tower,0,14,37,0,51,0,1,121,0,122,0,15,158,0,173,146,0,146,319
10/01/2022,OLV,MS,ASO,ES,Federal Contract Tower,0,11,11,0,22,0,5,92,0,97,0,16,103,0,119,114,0,114,233
10/02/2022,OLV,MS,ASO,ES,Federal Contract Tower,0,17,23,0,40,0,0,75,0,75,0,17,98,0,115,126,0,126,241
10/03/2022,OLV,MS,ASO,ES,Federal Contract Tower,0,14,20,0,34,0,8,145,0,153,0,22,165,0,187,218,0,218,405
10/04/2022,OLV,MS,ASO,ES,Federal Contract Tower,0,19,20,0,39,0,13,164,0,177,0,32,184,0,216,152,0,152,368
10/05/2022,OLV,MS,ASO,ES,Federal Contract Tower,0,11,30,0,41,0,4,191,0,195,0,15,221,0,236,232,0,232,468
10/06/2022,OLV,MS,ASO,ES,Federal Contract Tower,0,15,40,0,55,0,4,136,0,140,0,19,176,0,195,210,0,210,405
10/07/2022,OLV,MS,ASO,ES,Federal Contract Tower,0,6,27,1,34,0,9,171,7,187,0,15,198,8,221,282,0,282,503
10/08/2022,OLV,MS,ASO,ES,Federal Contract Tower,0,0,0,0,0,0,0,3,0,3,0,0,3,0,3,0,0,0,3
10/09/2022,OLV,MS,ASO,ES,Federal Contract Tower,0,5,5,0,10,0,4,15,0,19,0,9,20,0,29,0,0,0,29
10/10/2022,OLV,MS,ASO,ES,Federal Contract Tower,0,14,26,0,40,0,0,171,0,171,0,14,197,0,211,174,0,174,385
10/11/2022,OLV,MS,ASO,ES,Federal Contract Tower,0,13,27,0,40,0,1,116,0,117,0,14,143,0,157,166,0,166,323
10/12/2022,OLV,MS,ASO,ES,Federal Contract Tower,0,14,13,0,27,0,1,29,0,30,0,15,42,0,57,24,0,24,81
10/13/2022,OLV,MS,ASO,ES,Federal Contract Tower,0,23,35,0,58,0,1,142,0,143,0,24,177,0,201,160,0,160,361
10/14/2022,OLV,MS,ASO,ES,Federal Contract Tower,0,25,35,0,60,0,19,86,1,106,0,44,121,1,166,82,0,82,248
10/15/2022,OLV,MS,ASO,ES,Federal Contract Tower,0,8,19,0,27,0,4,51,0,55,0,12,70,0,82,44,0,44,126
10/16/2022,OLV,MS,ASO,ES,Federal Contract Tower,0,17,9,0,26,0,12,47,0,59,0,29,56,0,85,106,0,106,191
10/17/2022,OLV,MS,ASO,ES,Federal Contract Tower,0,22,12,0,34,0,0,98,0,98,0,22,110,0,132,104,0,104,236
10/18/2022,OLV,MS,ASO,ES,Federal Contract Tower,0,24,25,0,49,0,5,124,0,129,0,29,149,0,178,138,0,138,316
10/19/2022,OLV,MS,ASO,ES,Federal Contract Tower,0,13,38,1,52,0,4,124,1,129,0,17,162,2,181,208,0,208,389
10/20/2022,OLV,MS,ASO,ES,Federal Contract Tower,0,17,27,0,44,0,2,132,0,134,0,19,159,0,178,180,0,180,358
10/21/2022,OLV,MS,ASO,ES,Federal Contract Tower,0,23,24,0,47,0,0,98,0,98,0,23,122,0,145,144,0,144,289
10/22/2022,OLV,MS,ASO,ES,Federal Contract Tower,0,15,17,0,32,0,8,54,1,63,0,23,71,1,95,56,0,56,151
10/23/2022,OLV,MS,ASO,ES,Federal Contract Tower,0,19,12,0,31,0,6,54,0,60,0,25,66,0,91,72,0,72,163
10/24/2022,OLV,MS,ASO,ES,Federal Contract Tower,0,16,27,0,43,0,7,101,0,108,0,23,128,0,151,136,0,136,287
10/25/2022,OLV,MS,ASO,ES,Federal Contract Tower,0,6,3,0,9,0,0,0,0,0,0,6,3,0,9,0,0,0,9
10/26/2022,OLV,MS,ASO,ES,Federal Contract Tower,0,21,30,0,51,0,5,160,1,166,0,26,190,1,217,220,0,220,437
10/27/2022,OLV,MS,ASO,ES,Federal Contract Tower,0,17,23,0,40,0,4,107,0,111,0,21,130,0,151,280,0,280,431
10/28/2022,OLV,MS,ASO,ES,Federal Contract Tower,0,16,20,0,36,0,0,130,0,130,0,16,150,0,166,204,0,204,370
10/29/2022,OLV,MS,ASO,ES,Federal Contract Tower,0,6,9,0,15,0,0,15,0,15,0,6,24,0,30,28,0,28,58
10/30/2022,OLV,MS,ASO,ES,Federal Contract Tower,0,19,12,0,31,0,4,28,0,32,0,23,40,0,63,146,0,146,209
10/31/2022,OLV,MS,ASO,ES,Federal Contract Tower,0,15,28,0,43,0,2,35,0,37,0,17,63,0,80,174,0,174,254
11/01/2022,OLV,MS,ASO,ES,Federal Contract Tower,0,6,38,0,44,0,0,150,0,150,0,6,188,0,194,258,0,258,452
11/02/2022,OLV,MS,ASO,ES,Federal Contract Tower,0,9,40,0,49,0,5,121,0,126,0,14,161,0,175,244,0,244,419
11/03/2022,OLV,MS,ASO,ES,Federal Contract Tower,0,19,28,2,49,0,2,148,2,152,0,21,176,4,201,280,0,280,481
11/04/2022,OLV,MS,ASO,ES,Federal Contract Tower,0,11,22,1,34,0,4,69,3,76,0,15,91,4,110,90,0,90,200
11/05/2022,OLV,MS,ASO,ES,Federal Contract Tower,0,7,12,0,19,0,2,26,0,28,0,9,38,0,47,30,0,30,77
11/06/2022,OLV,MS,ASO,ES,Federal Contract Tower,0,17,30,2,49,0,2,61,1,64,0,19,91,3,113,92,2,94,207
11/07/2022,OLV,MS,ASO,ES,Federal Contract Tower,0,16,0,0,16,0,0,0,0,0,0,16,0,0,16,0,0,0,16
11/08/2022,OLV,MS,ASO,ES,Federal Contract Tower,0,15,34,0,49,0,0,176,0,176,0,15,210,0,225,174,0,174,399
11/09/2022,OLV,MS,ASO,ES,Federal Contract Tower,0,25,34,0,59,0,6,144,0,150,0,31,178,0,209,198,0,198,407
11/10/2022,OLV,MS,ASO,ES,Federal Contract Tower,0,21,30,2,53,0,8,150,2,160,0,29,180,4,213,220,2,222,435
11/11/2022,OLV,MS,ASO,ES,Federal Contract Tower,0,23,40,0,63,0,6,127,2,135,0,29,167,2,198,310,0,310,508
11/12/2022,OLV,MS,ASO,ES,Federal Contract Tower,0,18,3,0,21,0,4,18,1,23,0,22,21,1,44,58,0,58,102
11/13/2022,OLV,MS,ASO,ES,Federal Contract Tower,0,21,14,0,35,0,11,55,1,67,0,32,69,1,102,94,0,94,196
11/14/2022,OLV,MS,ASO,ES,Federal Contract Tower,0,4,24,0,28,0,2,144,0,146,0,6,168,0,174,310,0,310,484
11/15/2022,OLV,MS,ASO,ES,Federal Contract Tower,0,11,8,0,19,0,0,51,0,51,0,11,59,0,70,88,0,88,158
11/16/2022,OLV,MS,ASO,ES,Federal Contract Tower,0,21,33,0,54,0,6,122,0,128,0,27,155,0,182,242,0,242,424
11/17/2022,OLV,MS,ASO,ES,Federal Contract Tower,0,7,34,0,41,0,6,135,0,141,0,13,169,0,182,194,0,194,376
11/18/2022,OLV,MS,ASO,ES,Federal Contract Tower,0,16,25,0,41,0,5,134,0,139,0,21,159,0,180,348,0,348,528
11/19/2022,OLV,MS,ASO,ES,Federal Contract Tower,0,16,25,1,42,0,2,62,0,64,0,18,87,1,106,142,0,142,248
11/20/2022,OLV,MS,ASO,ES,Federal Contract Tower,0,8,22,0,30,0,3,68,0,71,0,11,90,0,101,204,0,204,305
11/21/2022,OLV,MS,ASO,ES,Federal Contract Tower,0,12,26,0,38,0,4,148,0,152,0,16,174,0,190,168,0,168,358
11/22/2022,OLV,MS,ASO,ES,Federal Contract Tower,0,14,33,0,47,0,5,147,0,152,0,19,180,0,199,214,0,214,413
11/23/2022,OLV,MS,ASO,ES,Federal Contract Tower,0,17,17,0,34,0,15,139,0,154,0,32,156,0,188,168,10,178,366
11/24/2022,OLV,MS,ASO,ES,Federal Contract Tower,0,4,0,0,4,0,6,3,0,9,0,10,3,0,13,6,0,6,19
11/25/2022,OLV,MS,ASO,ES,Federal Contract Tower,0,12,11,0,23,0,9,36,0,45,0,21,47,0,68,126,0,126,194
11/26/2022,OLV,MS,ASO,ES,Federal Contract Tower,0,8,6,0,14,0,0,10,0,10,0,8,16,0,24,22,0,22,46
11/27/2022,OLV,MS,ASO,ES,Federal Contract Tower,0,15,10,0,25,0,2,1,0,3,0,17,11,0,28,0,0,0,28
11/28/2022,OLV,MS,ASO,ES,Federal Contract Tower,0,12,32,0,44,0,19,145,1,165,0,31,177,1,209,188,0,188,397
11/29/2022,OLV,MS,ASO,ES,Federal Contract Tower,0,2,1,0,3,0,0,5,0,5,0,2,6,0,8,10,0,10,18
11/30/2022,OLV,MS,ASO,ES,Federal Contract Tower,0,14,25,2,41,0,6,135,4,145,0,20,160,6,186,288,28,316,502
12/01/2022,OLV,MS,ASO,ES,Federal Contract Tower,0,11,20,0,31,0,1,130,0,131,0,12,150,0,162,272,0,272,434
12/02/2022,OLV,MS,ASO,ES,Federal Contract Tower,0,12,18,0,30,0,6,58,0,64,0,18,76,0,94,112,0,112,206
12/03/2022,OLV,MS,ASO,ES,Federal Contract Tower,0,13,8,0,21,0,2,36,0,38,0,15,44,0,59,128,0,128,187
12/04/2022,OLV,MS,ASO,ES,Federal Contract Tower,0,9,13,0,22,0,0,46,0,46,0,9,59,0,68,96,0,96,164
12/05/2022,OLV,MS,ASO,ES,Federal Contract Tower,0,11,2,0,13,0,0,0,0,0,0,11,2,0,13,0,0,0,13
12/06/2022,OLV,MS,ASO,ES,Federal Contract Tower,0,21,13,3,37,0,0,23,0,23,0,21,36,3,60,24,0,24,84
12/07/2022,OLV,MS,ASO,ES,Federal Contract Tower,0,14,1,0,15,0,0,0,0,0,0,14,1,0,15,0,0,0,15
12/08/2022,OLV,MS,ASO,ES,Federal Contract Tower,0,9,3,0,12,0,0,0,0,0,0,9,3,0,12,0,0,0,12
12/09/2022,OLV,MS,ASO,ES,Federal Contract Tower,0,12,7,0,19,0,0,2,0,2,0,12,9,0,21,2,0,2,23
12/10/2022,OLV,MS,ASO,ES,Federal Contract Tower,0,2,0,0,2,0,0,0,0,0,0,2,0,0,2,0,0,0,2
12/11/2022,OLV,MS,ASO,ES,Federal Contract Tower,0,10,14,0,24,0,0,0,0,0,0,10,14,0,24,0,0,0,24
12/12/2022,OLV,MS,ASO,ES,Federal Contract Tower,0,11,29,0,40,0,0,5,0,5,0,11,34,0,45,54,0,54,99
12/13/2022,OLV,MS,ASO,ES,Federal Contract Tower,0,7,8,0,15,0,0,2,0,2,0,7,10,0,17,18,0,18,35
12/14/2022,OLV,MS,ASO,ES,Federal Contract Tower,0,11,2,0,13,0,0,0,0,0,0,11,2,0,13,0,0,0,13
12/15/2022,OLV,MS,ASO,ES,Federal Contract Tower,0,7,28,1,36,0,6,146,3,155,0,13,174,4,191,154,0,154,345
12/16/2022,OLV,MS,ASO,ES,Federal Contract Tower,0,20,17,0,37,0,8,124,0,132,0,28,141,0,169,212,0,212,381
12/17/2022,OLV,MS,ASO,ES,Federal Contract Tower,0,3,16,0,19,0,4,74,0,78,0,7,90,0,97,78,0,78,175
12/18/2022,OLV,MS,ASO,ES,Federal Contract Tower,0,11,17,1,29,0,8,98,1,107,0,19,115,2,136,198,0,198,334
12/19/2022,OLV,MS,ASO,ES,Federal Contract Tower,0,7,36,0,43,0,9,169,0,178,0,16,205,0,221,340,0,340,561
12/20/2022,OLV,MS,ASO,ES,Federal Contract Tower,0,10,26,0,36,0,6,242,1,249,0,16,268,1,285,316,0,316,601
12/21/2022,OLV,MS,ASO,ES,Federal Contract Tower,0,15,26,0,41,0,5,154,0,159,0,20,180,0,200,314,0,314,514
12/22/2022,OLV,MS,ASO,ES,Federal Contract Tower,0,6,3,0,9,0,0,0,0,0,0,6,3,0,9,0,0,0,9
12/23/2022,OLV,MS,ASO,ES,Federal Contract Tower,0,4,2,0,6,0,0,1,0,1,0,4,3,0,7,0,0,0,7
12/24/2022,OLV,MS,ASO,ES,Federal Contract Tower,0,5,1,0,6,0,4,0,0,4,0,9,1,0,10,0,0,0,10
12/25/2022,OLV,MS,ASO,ES,Federal Contract Tower,0,4,4,0,8,0,0,7,0,7,0,4,11,0,15,2,0,2,17
12/26/2022,OLV,MS,ASO,ES,Federal Contract Tower,0,6,0,0,6,0,0,0,0,0,0,6,0,0,6,0,0,0,6
12/27/2022,OLV,MS,ASO,ES,Federal Contract Tower,0,16,14,3,33,0,1,112,0,113,0,17,126,3,146,110,0,110,256
12/28/2022,OLV,MS,ASO,ES,Federal Contract Tower,0,11,13,0,24,0,1,78,6,85,0,12,91,6,109,216,12,228,337
12/29/2022,OLV,MS,ASO,ES,Federal Contract Tower,0,4,13,0,17,0,0,8,0,8,0,4,21,0,25,6,0,6,31
12/30/2022,OLV,MS,ASO,ES,Federal Contract Tower,0,7,5,6,18,0,0,0,0,0,0,7,5,6,18,0,0,0,18
12/31/2022,OLV,MS,ASO,ES,Federal Contract Tower,0,11,4,1,16,0,0,20,0,20,0,11,24,1,36,62,0,62,98
01/01/2023,OLV,MS,ASO,ES,Federal Contract Tower,0,1,8,0,9,0,5,69,0,74,0,6,77,0,83,68,0,68,151
01/02/2023,OLV,MS,ASO,ES,Federal Contract Tower,0,9,2,0,11,0,0,0,0,0,0,9,2,0,11,0,0,0,11
01/03/2023,OLV,MS,ASO,ES,Federal Contract Tower,0,6,9,0,15,0,2,40,0,42,0,8,49,0,57,50,0,50,107
01/04/2023,OLV,MS,ASO,ES,Federal Contract Tower,0,4,26,0,30,0,4,160,0,164,0,8,186,0,194,224,0,224,418
01/05/2023,OLV,MS,ASO,ES,Federal Contract Tower,0,14,18,0,32,0,3,144,0,147,0,17,162,0,179,144,0,144,323
01/06/2023,OLV,MS,ASO,ES,Federal Contract Tower,0,7,25,0,32,0,4,191,0,195,0,11,216,0,227,280,0,280,507
01/07/2023,OLV,MS,ASO,ES,Federal Contract Tower,0,3,10,0,13,0,0,16,0,16,0,3,26,0,29,40,0,40,69
01/08/2023,OLV,MS,ASO,ES,Federal Contract Tower,0,5,12,0,17,0,3,47,0,50,0,8,59,0,67,130,0,130,197
01/09/2023,OLV,MS,ASO,ES,Federal Contract Tower,0,12,28,0,40,0,2,212,0,214,0,14,240,0,254,258,0,258,512
01/10/2023,OLV,MS,ASO,ES,Federal Contract Tower,0,8,30,0,38,0,1,172,0,173,0,9,202,0,211,370,0,370,581
01/11/2023,OLV,MS,ASO,ES,Federal Contract Tower,0,22,18,0,40,0,0,92,0,92,0,22,110,0,132,98,0,98,230
01/12/2023,OLV,MS,ASO,ES,Federal Contract Tower,0,12,6,0,18,0,1,7,0,8,0,13,13,0,26,10,0,10,36
01/13/2023,OLV,MS,ASO,ES,Federal Contract Tower,0,12,23,0,35,0,1,87,0,88,0,13,110,0,123,232,0,232,355
01/14/2023,OLV,MS,ASO,ES,Federal Contract Tower,0,3,27,0,30,0,3,139,2,144,0,6,166,2,174,136,0,136,310
01/15/2023,OLV,MS,ASO,ES,Federal Contract Tower,0,14,32,0,46,0,0,125,1,126,0,14,157,1,172,228,0,228,400
01/16/2023,OLV,MS,ASO,ES,Federal Contract Tower,0,4,6,0,10,0,0,29,0,29,0,4,35,0,39,52,0,52,91
01/17/2023,OLV,MS,ASO,ES,Federal Contract Tower,0,17,17,0,34,0,0,0,0,0,0,17,17,0,34,136,0,136,170
01/18/2023,OLV,MS,ASO,ES,Federal Contract Tower,0,4,2,0,6,0,0,0,0,0,0,4,2,0,6,0,0,0,6
01/19/2023,OLV,MS,ASO,ES,Federal Contract Tower,0,13,12,0,25,0,3,51,0,54,0,16,63,0,79,20,0,20,99
01/20/2023,OLV,MS,ASO,ES,Federal Contract Tower,0,11,37,0,48,0,2,206,1,209,0,13,243,1,257,300,0,300,557
01/21/2023,OLV,MS,ASO,ES,Federal Contract Tower,0,1,28,1,30,0,7,127,4,138,0,8,155,5,168,196,0,196,364
01/22/2023,OLV,MS,ASO,ES,Federal Contract Tower,0,5,6,0,11,0,3,17,0,20,0,8,23,0,31,64,0,64,95
01/23/2023,OLV,MS,ASO,ES,Federal Contract Tower,0,4,26,0,30,0,0,164,2,166,0,4,190,2,196,348,0,348,544
01/24/2023,OLV,MS,ASO,ES,Federal Contract Tower,0,5,16,0,21,0,0,99,0,99,0,5,115,0,120,164,0,164,284
01/25/2023,OLV,MS,ASO,ES,Federal Contract Tower,0,5,4,0,9,0,2,2,0,4,0,7,6,0,13,0,0,0,13
01/26/2023,OLV,MS,ASO,ES,Federal Contract Tower,0,24,18,0,42,0,6,71,2,79,0,30,89,2,121,112,0,112,233
01/27/2023,OLV,MS,ASO,ES,Federal Contract Tower,0,7,14,1,22,0,6,72,5,83,0,13,86,6,105,94,8,102,207
01/28/2023,OLV,MS,ASO,ES,Federal Contract Tower,0,8,17,0,25,0,4,97,11,112,0,12,114,11,137,208,0,208,345
01/29/2023,OLV,MS,ASO,ES,Federal Contract Tower,0,13,9,0,22,0,0,0,0,0,0,13,9,0,22,0,0,0,22
01/30/2023,OLV,MS,ASO,ES,Federal Contract Tower,0,10,0,0,10,0,0,0,0,0,0,10,0,0,10,0,0,0,10
01/31/2023,OLV,MS,ASO,ES,Federal Contract Tower,0,1,0,0,1,0,0,0,0,0,0,1,0,0,1,0,0,0,1
02/01/2023,OLV,MS,ASO,ES,Federal Contract Tower,0,0,0,0,0,0,0,0,0,0,0,0,0,0,0,0,0,0,0
02/02/2023,OLV,MS,ASO,ES,Federal Contract Tower,0,4,1,0,5,0,0,0,0,0,0,4,1,0,5,0,0,0,5
02/03/2023,OLV,MS,ASO,ES,Federal Contract Tower,0,15,19,0,34,0,2,72,1,75,0,17,91,1,109,186,0,186,295
02/04/2023,OLV,MS,ASO,ES,Federal Contract Tower,0,5,16,0,21,0,1,143,1,145,0,6,159,1,166,174,0,174,340
02/05/2023,OLV,MS,ASO,ES,Federal Contract Tower,0,5,27,0,32,0,1,69,0,70,0,6,96,0,102,140,0,140,242
02/06/2023,OLV,MS,ASO,ES,Federal Contract Tower,0,9,32,0,41,0,7,179,0,186,0,16,211,0,227,296,0,296,523
02/07/2023,OLV,MS,ASO,ES,Federal Contract Tower,0,7,33,0,40,0,2,151,0,153,0,9,184,0,193,262,0,262,455
02/08/2023,OLV,MS,ASO,ES,Federal Contract Tower,0,11,3,0,14,0,0,6,0,6,0,11,9,0,20,82,0,82,102
02/09/2023,OLV,MS,ASO,ES,Federal Contract Tower,0,7,25,0,32,0,1,48,6,55,0,8,73,6,87,70,0,70,157
02/10/2023,OLV,MS,ASO,ES,Federal Contract Tower,0,10,28,0,38,0,1,128,2,131,0,11,156,2,169,276,0,276,445
02/11/2023,OLV,MS,ASO,ES,Federal Contract Tower,0,7,25,0,32,0,3,56,0,59,0,10,81,0,91,214,0,214,305
02/12/2023,OLV,MS,ASO,ES,Federal Contract Tower,0,12,24,0,36,0,7,94,4,105,0,19,118,4,141,280,0,280,421
02/13/2023,OLV,MS,ASO,ES,Federal Contract Tower,0,8,25,0,33,0,8,127,0,135,0,16,152,0,168,180,0,180,348
02/14/2023,OLV,MS,ASO,ES,Federal Contract Tower,0,7,11,0,18,0,4,43,0,47,0,11,54,0,65,64,0,64,129
02/15/2023,OLV,MS,ASO,ES,Federal Contract Tower,0,8,17,0,25,0,0,35,0,35,0,8,52,0,60,110,0,110,170
02/16/2023,OLV,MS,ASO,ES,Federal Contract Tower,0,11,8,0,19,0,0,2,0,2,0,11,10,0,21,44,0,44,65
02/17/2023,OLV,MS,ASO,ES,Federal Contract Tower,0,17,21,0,38,0,6,140,0,146,0,23,161,0,184,222,0,222,406
02/18/2023,OLV,MS,ASO,ES,Federal Contract Tower,0,13,21,0,34,0,2,171,2,175,0,15,192,2,209,268,6,274,483
02/19/2023,OLV,MS,ASO,ES,Federal Contract Tower,0,5,14,1,20,0,1,70,0,71,0,6,84,1,91,148,0,148,239
02/20/2023,OLV,MS,ASO,ES,Federal Contract Tower,0,19,18,0,37,0,6,53,0,59,0,25,71,0,96,52,0,52,148
02/21/2023,OLV,MS,ASO,ES,Federal Contract Tower,0,12,20,2,34,0,7,158,0,165,0,19,178,2,199,160,0,160,359
02/22/2023,OLV,MS,ASO,ES,Federal Contract Tower,0,13,0,0,13,0,6,0,0,6,0,19,0,0,19,0,0,0,19
02/23/2023,OLV,MS,ASO,ES,Federal Contract Tower,0,15,29,1,45,0,7,97,0,104,0,22,126,1,149,132,0,132,281
02/24/2023,OLV,MS,ASO,ES,Federal Contract Tower,0,5,2,2,9,0,0,0,0,0,0,5,2,2,9,28,0,28,37
02/25/2023,OLV,MS,ASO,ES,Federal Contract Tower,0,3,4,4,11,0,0,0,0,0,0,3,4,4,11,0,0,0,11
02/26/2023,OLV,MS,ASO,ES,Federal Contract Tower,0,10,11,0,21,0,0,30,0,30,0,10,41,0,51,66,0,66,117
02/27/2023,OLV,MS,ASO,ES,Federal Contract Tower,0,7,6,0,13,0,1,9,0,10,0,8,15,0,23,12,0,12,35
02/28/2023,OLV,MS,ASO,ES,Federal Contract Tower,0,16,27,1,44,0,4,260,4,268,0,20,287,5,312,318,4,322,634
03/01/2023,OLV,MS,ASO,ES,Federal Contract Tower,0,8,12,2,22,0,0,48,0,48,0,8,60,2,70,74,0,74,144
03/02/2023,OLV,MS,ASO,ES,Federal Contract Tower,0,9,9,0,18,0,0,36,0,36,0,9,45,0,54,44,0,44,98
03/03/2023,OLV,MS,ASO,ES,Federal Contract Tower,0,5,4,0,9,0,0,0,0,0,0,5,4,0,9,0,0,0,9
03/04/2023,OLV,MS,ASO,ES,Federal Contract Tower,0,9,43,1,53,0,0,242,0,242,0,9,285,1,295,258,0,258,553
03/05/2023,OLV,MS,ASO,ES,Federal Contract Tower,0,11,34,1,46,0,5,204,4,213,0,16,238,5,259,290,0,290,549
03/06/2023,OLV,MS,ASO,ES,Federal Contract Tower,0,14,34,1,49,0,8,167,0,175,0,22,201,1,224,202,0,202,426
03/07/2023,OLV,MS,ASO,ES,Federal Contract Tower,0,18,18,1,37,0,3,179,1,183,0,21,197,2,220,118,0,118,338
03/08/2023,OLV,MS,ASO,ES,Federal Contract Tower,0,10,14,0,24,0,0,25,0,25,0,10,39,0,49,30,0,30,79
03/09/2023,OLV,MS,ASO,ES,Federal Contract Tower,0,13,7,0,20,0,0,86,0,86,0,13,93,0,106,22,0,22,128
03/10/2023,OLV,MS,ASO,ES,Federal Contract Tower,0,28,43,1,72,0,5,137,0,142,0,33,180,1,214,238,0,238,452
03/11/2023,OLV,MS,ASO,ES,Federal Contract Tower,0,16,20,0,36,0,23,92,0,115,0,39,112,0,151,94,0,94,245
03/12/2023,OLV,MS,ASO,ES,Federal Contract Tower,0,7,6,1,14,0,2,15,0,17,0,9,21,1,31,34,0,34,65
03/13/2023,OLV,MS,ASO,ES,Federal Contract Tower,0,5,44,0,49,0,6,164,2,172,0,11,208,2,221,190,8,198,419
03/14/2023,OLV,MS,ASO,ES,Federal Contract Tower,0,19,24,0,43,0,0,292,4,296,0,19,316,4,339,250,12,262,601
03/15/2023,OLV,MS,ASO,ES,Federal Contract Tower,0,11,39,0,50,0,10,222,2,234,0,21,261,2,284,270,0,270,554
03/16/2023,OLV,MS,ASO,ES,Federal Contract Tower,0,13,22,0,35,0,0,83,0,83,0,13,105,0,118,54,0,54,172
03/17/2023,OLV,MS,ASO,ES,Federal Contract Tower,0,10,10,0,20,0,1,51,0,52,0,11,61,0,72,70,0,70,142
03/18/2023,OLV,MS,ASO,ES,Federal Contract Tower,0,11,17,1,29,0,0,77,0,77,0,11,94,1,106,24,0,24,130
03/19/2023,OLV,MS,ASO,ES,Federal Contract Tower,0,12,22,0,34,0,0,91,2,93,0,12,113,2,127,162,0,162,289
03/20/2023,OLV,MS,ASO,ES,Federal Contract Tower,0,4,41,0,45,0,13,177,0,190,0,17,218,0,235,244,0,244,479
03/21/2023,OLV,MS,ASO,ES,Federal Contract Tower,0,15,13,0,28,0,5,68,0,73,0,20,81,0,101,178,0,178,279
03/22/2023,OLV,MS,ASO,ES,Federal Contract Tower,0,10,16,0,26,0,0,94,0,94,0,10,110,0,120,188,0,188,308
03/23/2023,OLV,MS,ASO,ES,Federal Contract Tower,0,6,14,0,20,0,0,15,0,15,0,6,29,0,35,40,0,40,75
03/24/2023,OLV,MS,ASO,ES,Federal Contract Tower,0,8,4,0,12,0,0,0,0,0,0,8,4,0,12,0,0,0,12
03/25/2023,OLV,MS,ASO,ES,Federal Contract Tower,0,15,23,0,38,0,8,108,2,118,0,23,131,2,156,172,6,178,334
03/26/2023,OLV,MS,ASO,ES,Federal Contract Tower,0,10,28,3,41,0,4,189,2,195,0,14,217,5,236,212,0,212,448
03/27/2023,OLV,MS,ASO,ES,Federal Contract Tower,0,12,20,0,32,0,3,183,3,189,0,15,203,3,221,198,6,204,425
03/28/2023,OLV,MS,ASO,ES,Federal Contract Tower,0,19,21,0,40,0,6,114,0,120,0,25,135,0,160,132,0,132,292
03/29/2023,OLV,MS,ASO,ES,Federal Contract Tower,0,27,29,1,57,0,7,215,1,223,0,34,244,2,280,274,20,294,574
03/30/2023,OLV,MS,ASO,ES,Federal Contract Tower,0,16,30,1,47,0,0,177,0,177,0,16,207,1,224,240,0,240,464
03/31/2023,OLV,MS,ASO,ES,Federal Contract Tower,0,9,4,0,13,0,0,1,0,1,0,9,5,0,14,0,0,0,14
04/01/2023,OLV,MS,ASO,ES,Federal Contract Tower,0,12,5,0,17,0,2,23,0,25,0,14,28,0,42,10,0,10,52
04/02/2023,OLV,MS,ASO,ES,Federal Contract Tower,0,12,11,0,23,0,4,128,0,132,0,16,139,0,155,238,0,238,393
04/03/2023,OLV,MS,ASO,ES,Federal Contract Tower,0,13,30,0,43,0,0,66,0,66,0,13,96,0,109,106,0,106,215
04/04/2023,OLV,MS,ASO,ES,Federal Contract Tower,0,8,20,0,28,0,0,53,0,53,0,8,73,0,81,62,0,62,143
04/05/2023,OLV,MS,ASO,ES,Federal Contract Tower,0,10,3,0,13,0,5,0,0,5,0,15,3,0,18,0,0,0,18
04/06/2023,OLV,MS,ASO,ES,Federal Contract Tower,0,13,9,0,22,0,0,1,0,1,0,13,10,0,23,0,0,0,23
04/07/2023,OLV,MS,ASO,ES,Federal Contract Tower,0,11,30,0,41,0,0,116,0,116,0,11,146,0,157,180,0,180,337
04/08/2023,OLV,MS,ASO,ES,Federal Contract Tower,0,11,25,0,36,0,0,88,0,88,0,11,113,0,124,364,0,364,488
04/09/2023,OLV,MS,ASO,ES,Federal Contract Tower,0,6,16,0,22,0,0,77,0,77,0,6,93,0,99,60,0,60,159
04/10/2023,OLV,MS,ASO,ES,Federal Contract Tower,0,16,25,0,41,0,4,192,0,196,0,20,217,0,237,210,0,210,447
04/11/2023,OLV,MS,ASO,ES,Federal Contract Tower,0,14,30,0,44,0,6,243,4,253,0,20,273,4,297,326,0,326,623
04/12/2023,OLV,MS,ASO,ES,Federal Contract Tower,0,14,31,0,45,0,5,294,6,305,0,19,325,6,350,316,0,316,666
04/13/2023,OLV,MS,ASO,ES,Federal Contract Tower,0,20,9,0,29,0,5,110,0,115,0,25,119,0,144,138,0,138,282
04/14/2023,OLV,MS,ASO,ES,Federal Contract Tower,0,14,35,0,49,0,0,133,1,134,0,14,168,1,183,214,0,214,397
04/15/2023,OLV,MS,ASO,ES,Federal Contract Tower,0,14,18,0,32,0,6,114,3,123,0,20,132,3,155,146,0,146,301
04/16/2023,OLV,MS,ASO,ES,Federal Contract Tower,0,8,15,0,23,0,4,13,0,17,0,12,28,0,40,2,0,2,42
04/17/2023,OLV,MS,ASO,ES,Federal Contract Tower,0,9,18,0,27,0,4,84,0,88,0,13,102,0,115,54,0,54,169
04/18/2023,OLV,MS,ASO,ES,Federal Contract Tower,0,10,27,0,37,0,5,211,0,216,0,15,238,0,253,203,0,203,456
04/19/2023,OLV,MS,ASO,ES,Federal Contract Tower,0,16,36,0,52,0,2,154,0,156,0,18,190,0,208,244,0,244,452
04/20/2023,OLV,MS,ASO,ES,Federal Contract Tower,0,16,31,0,47,0,0,105,3,108,0,16,136,3,155,208,0,208,363
04/21/2023,OLV,MS,ASO,ES,Federal Contract Tower,0,8,5,0,13,0,0,2,0,2,0,8,7,0,15,4,0,4,19
04/22/2023,OLV,MS,ASO,ES,Federal Contract Tower,0,4,34,0,38,0,2,145,1,148,0,6,179,1,186,164,0,164,350
04/23/2023,OLV,MS,ASO,ES,Federal Contract Tower,0,4,19,0,23,0,0,147,0,147,0,4,166,0,170,152,0,152,322
04/24/2023,OLV,MS,ASO,ES,Federal Contract Tower,0,13,20,1,34,0,2,187,1,190,0,15,207,2,224,326,0,326,550
04/25/2023,OLV,MS,ASO,ES,Federal Contract Tower,0,14,32,0,46,0,2,136,0,138,0,16,168,0,184,236,0,236,420
04/26/2023,OLV,MS,ASO,ES,Federal Contract Tower,0,13,34,0,47,0,0,99,0,99,0,13,133,0,146,194,0,194,340
04/27/2023,OLV,MS,ASO,ES,Federal Contract Tower,0,9,12,0,21,0,0,6,0,6,0,9,18,0,27,16,0,16,43
04/28/2023,OLV,MS,ASO,ES,Federal Contract Tower,0,11,25,2,38,0,4,69,2,75,0,15,94,4,113,292,0,292,405
04/29/2023,OLV,MS,ASO,ES,Federal Contract Tower,0,9,20,0,29,0,0,20,0,20,0,9,40,0,49,62,0,62,111
04/30/2023,OLV,MS,ASO,ES,Federal Contract Tower,0,18,11,0,29,0,9,44,2,55,0,27,55,2,84,80,0,80,164
05/01/2023,OLV,MS,ASO,ES,Federal Contract Tower,0,17,11,0,28,0,2,38,0,40,0,19,49,0,68,16,0,16,84
05/02/2023,OLV,MS,ASO,ES,Federal Contract Tower,0,16,8,0,24,0,1,54,0,55,0,17,62,0,79,32,0,32,111
05/03/2023,OLV,MS,ASO,ES,Federal Contract Tower,0,11,45,0,56,0,3,190,0,193,0,14,235,0,249,298,0,298,547
05/04/2023,OLV,MS,ASO,ES,Federal Contract Tower,0,7,48,0,55,0,1,228,0,229,0,8,276,0,284,256,0,256,540
05/05/2023,OLV,MS,ASO,ES,Federal Contract Tower,0,7,42,0,49,0,0,59,0,59,0,7,101,0,108,146,0,146,254
05/06/2023,OLV,MS,ASO,ES,Federal Contract Tower,0,12,17,1,30,0,2,40,0,42,0,14,57,1,72,120,0,120,192
05/07/2023,OLV,MS,ASO,ES,Federal Contract Tower,0,13,14,0,27,0,0,56,0,56,0,13,70,0,83,112,0,112,195
05/08/2023,OLV,MS,ASO,ES,Federal Contract Tower,0,17,20,0,37,0,2,59,0,61,0,19,79,0,98,60,0,60,158
05/09/2023,OLV,MS,ASO,ES,Federal Contract Tower,0,12,25,0,37,0,4,202,1,207,0,16,227,1,244,290,0,290,534
05/10/2023,OLV,MS,ASO,ES,Federal Contract Tower,0,8,13,0,21,0,0,105,1,106,0,8,118,1,127,164,0,164,291
05/11/2023,OLV,MS,ASO,ES,Federal Contract Tower,0,16,33,0,49,0,1,116,8,125,0,17,149,8,174,104,0,104,278
05/12/2023,OLV,MS,ASO,ES,Federal Contract Tower,0,20,12,0,32,0,0,37,0,37,0,20,49,0,69,60,0,60,129
05/13/2023,OLV,MS,ASO,ES,Federal Contract Tower,0,14,25,1,40,0,2,97,0,99,0,16,122,1,139,192,0,192,331
05/14/2023,OLV,MS,ASO,ES,Federal Contract Tower,0,17,11,0,28,0,0,112,2,114,0,17,123,2,142,78,0,78,220
05/15/2023,OLV,MS,ASO,ES,Federal Contract Tower,0,18,33,0,51,0,2,195,0,197,0,20,228,0,248,158,0,158,406
05/16/2023,OLV,MS,ASO,ES,Federal Contract Tower,0,14,19,0,33,0,4,109,2,115,0,18,128,2,148,104,0,104,252
05/17/2023,OLV,MS,ASO,ES,Federal Contract Tower,0,21,38,2,61,0,7,168,2,177,0,28,206,4,238,276,0,276,514
05/18/2023,OLV,MS,ASO,ES,Federal Contract Tower,0,11,32,1,44,0,4,209,3,216,0,15,241,4,260,284,0,284,544
05/19/2023,OLV,MS,ASO,ES,Federal Contract Tower,0,9,27,0,36,0,6,22,0,28,0,15,49,0,64,48,0,48,112
05/20/2023,OLV,MS,ASO,ES,Federal Contract Tower,0,7,17,0,24,0,3,14,0,17,0,10,31,0,41,28,0,28,69
05/21/2023,OLV,MS,ASO,ES,Federal Contract Tower,0,13,21,0,34,0,5,122,2,129,0,18,143,2,163,210,12,222,385
05/22/2023,OLV,MS,ASO,ES,Federal Contract Tower,0,19,33,0,52,0,7,163,1,171,0,26,196,1,223,226,0,226,449
05/23/2023,OLV,MS,ASO,ES,Federal Contract Tower,0,12,26,0,38,0,4,102,1,107,0,16,128,1,145,262,0,262,407
05/24/2023,OLV,MS,ASO,ES,Federal Contract Tower,0,11,27,0,38,0,0,167,0,167,0,11,194,0,205,222,0,222,427
05/25/2023,OLV,MS,ASO,ES,Federal Contract Tower,0,12,20,0,32,0,4,95,2,101,0,16,115,2,133,94,0,94,227
05/26/2023,OLV,MS,ASO,ES,Federal Contract Tower,0,20,28,2,50,0,1,172,1,174,0,21,200,3,224,224,0,224,448
05/27/2023,OLV,MS,ASO,ES,Federal Contract Tower,0,1,11,0,12,0,0,50,0,50,0,1,61,0,62,34,0,34,96
05/28/2023,OLV,MS,ASO,ES,Federal Contract Tower,0,7,12,1,20,0,10,96,0,106,0,17,108,1,126,114,0,114,240
05/29/2023,OLV,MS,ASO,ES,Federal Contract Tower,0,12,8,0,20,0,2,195,4,201,0,14,203,4,221,172,0,172,393
05/30/2023,OLV,MS,ASO,ES,Federal Contract Tower,0,5,38,0,43,0,2,194,0,196,0,7,232,0,239,196,0,196,435
05/31/2023,OLV,MS,ASO,ES,Federal Contract Tower,0,20,28,1,49,0,2,150,1,153,0,22,178,2,202,192,0,192,394
06/01/2023,OLV,MS,ASO,ES,Federal Contract Tower,0,17,16,0,33,0,7,145,2,154,0,24,161,2,187,144,0,144,331
06/02/2023,OLV,MS,ASO,ES,Federal Contract Tower,0,14,24,0,38,0,2,140,6,148,0,16,164,6,186,338,6,344,530
06/03/2023,OLV,MS,ASO,ES,Federal Contract Tower,0,5,20,0,25,0,5,100,0,105,0,10,120,0,130,148,0,148,278
06/04/2023,OLV,MS,ASO,ES,Federal Contract Tower,0,9,23,0,32,0,2,115,0,117,0,11,138,0,149,148,0,148,297
06/05/2023,OLV,MS,ASO,ES,Federal Contract Tower,0,10,12,2,24,0,2,93,0,95,0,12,105,2,119,146,0,146,265
06/06/2023,OLV,MS,ASO,ES,Federal Contract Tower,0,11,22,1,34,0,0,139,1,140,0,11,161,2,174,210,0,210,384
06/07/2023,OLV,MS,ASO,ES,Federal Contract Tower,0,20,28,0,48,0,1,171,0,172,0,21,199,0,220,232,0,232,452
06/08/2023,OLV,MS,ASO,ES,Federal Contract Tower,0,10,28,0,38,0,0,115,0,115,0,10,143,0,153,234,0,234,387
06/09/2023,OLV,MS,ASO,ES,Federal Contract Tower,0,19,60,0,79,0,0,179,0,179,0,19,239,0,258,334,0,334,592
06/10/2023,OLV,MS,ASO,ES,Federal Contract Tower,0,9,20,1,30,0,2,57,0,59,0,11,77,1,89,174,0,174,263
06/11/2023,OLV,MS,ASO,ES,Federal Contract Tower,0,21,17,0,38,0,5,53,0,58,0,26,70,0,96,88,0,88,184
06/12/2023,OLV,MS,ASO,ES,Federal Contract Tower,0,9,43,0,52,0,2,116,0,118,0,11,159,0,170,238,0,238,408
06/13/2023,OLV,MS,ASO,ES,Federal Contract Tower,0,17,35,0,52,0,1,177,0,178,0,18,212,0,230,148,0,148,378
06/14/2023,OLV,MS,ASO,ES,Federal Contract Tower,0,15,12,0,27,0,1,158,0,159,0,16,170,0,186,92,0,92,278
06/15/2023,OLV,MS,ASO,ES,Federal Contract Tower,0,19,23,0,42,0,3,80,0,83,0,22,103,0,125,78,0,78,203
06/16/2023,OLV,MS,ASO,ES,Federal Contract Tower,0,7,14,1,22,0,2,136,1,139,0,9,150,2,161,84,8,92,253
06/17/2023,OLV,MS,ASO,ES,Federal Contract Tower,0,6,25,0,31,0,4,148,0,152,0,10,173,0,183,214,8,222,405
06/18/2023,OLV,MS,ASO,ES,Federal Contract Tower,0,5,9,0,14,0,1,8,0,9,0,6,17,0,23,22,0,22,45
06/19/2023,OLV,MS,ASO,ES,Federal Contract Tower,0,12,31,0,43,0,3,122,0,125,0,15,153,0,168,198,0,198,366
06/20/2023,OLV,MS,ASO,ES,Federal Contract Tower,0,10,37,2,49,0,10,175,0,185,0,20,212,2,234,188,0,188,422
06/21/2023,OLV,MS,ASO,ES,Federal Contract Tower,0,16,24,0,40,0,3,58,0,61,0,19,82,0,101,168,0,168,269
06/22/2023,OLV,MS,ASO,ES,Federal Contract Tower,0,12,39,0,51,0,0,102,3,105,0,12,141,3,156,246,0,246,402
06/23/2023,OLV,MS,ASO,ES,Federal Contract Tower,0,14,35,0,49,0,4,131,0,135,0,18,166,0,184,136,0,136,320
06/24/2023,OLV,MS,ASO,ES,Federal Contract Tower,0,5,16,1,22,0,0,115,0,115,0,5,131,1,137,194,0,194,331
06/25/2023,OLV,MS,ASO,ES,Federal Contract Tower,0,13,17,0,30,0,0,48,0,48,0,13,65,0,78,118,0,118,196
06/26/2023,OLV,MS,ASO,ES,Federal Contract Tower,0,5,15,0,20,0,3,161,0,164,0,8,176,0,184,334,0,334,518
06/27/2023,OLV,MS,ASO,ES,Federal Contract Tower,0,13,24,2,39,0,1,196,2,199,0,14,220,4,238,314,2,316,554
06/28/2023,OLV,MS,ASO,ES,Federal Contract Tower,0,15,28,0,43,0,8,152,5,165,0,23,180,5,208,202,8,210,418
06/29/2023,OLV,MS,ASO,ES,Federal Contract Tower,0,13,39,0,52,0,5,103,0,108,0,18,142,0,160,146,0,146,306
06/30/2023,OLV,MS,ASO,ES,Federal Contract Tower,0,17,23,0,40,0,10,116,4,130,0,27,139,4,170,144,4,148,318
07/01/2023,OLV,MS,ASO,ES,Federal Contract Tower,0,11,13,1,25,0,2,74,4,80,0,13,87,5,105,58,0,58,163
07/02/2023,OLV,MS,ASO,ES,Federal Contract Tower,0,8,15,0,23,0,2,36,2,40,0,10,51,2,63,66,0,66,129
07/03/2023,OLV,MS,ASO,ES,Federal Contract Tower,0,9,12,0,21,0,2,71,2,75,0,11,83,2,96,154,0,154,250
07/04/2023,OLV,MS,ASO,ES,Federal Contract Tower,0,4,17,0,21,0,0,96,0,96,0,4,113,0,117,104,0,104,221
07/05/2023,OLV,MS,ASO,ES,Federal Contract Tower,0,11,19,0,30,0,0,80,1,81,0,11,99,1,111,94,0,94,205
07/06/2023,OLV,MS,ASO,ES,Federal Contract Tower,0,15,35,0,50,0,34,53,0,87,0,49,88,0,137,180,0,180,317
07/07/2023,OLV,MS,ASO,ES,Federal Contract Tower,0,10,34,1,45,0,3,49,0,52,0,13,83,1,97,126,0,126,223
07/08/2023,OLV,MS,ASO,ES,Federal Contract Tower,0,8,10,0,18,0,0,57,0,57,0,8,67,0,75,90,0,90,165
07/09/2023,OLV,MS,ASO,ES,Federal Contract Tower,0,9,14,0,23,0,0,0,0,0,0,9,14,0,23,0,0,0,23
07/10/2023,OLV,MS,ASO,ES,Federal Contract Tower,0,16,42,0,58,0,5,208,0,213,0,21,250,0,271,152,0,152,423
07/11/2023,OLV,MS,ASO,ES,Federal Contract Tower,0,7,36,0,43,0,2,263,0,265,0,9,299,0,308,280,0,280,588
07/12/2023,OLV,MS,ASO,ES,Federal Contract Tower,0,14,18,0,32,0,2,176,0,178,0,16,194,0,210,260,0,260,470
07/13/2023,OLV,MS,ASO,ES,Federal Contract Tower,0,8,30,0,38,0,0,130,0,130,0,8,160,0,168,220,0,220,388
07/14/2023,OLV,MS,ASO,ES,Federal Contract Tower,0,13,19,0,32,0,0,128,0,128,0,13,147,0,160,280,0,280,440
07/15/2023,OLV,MS,ASO,ES,Federal Contract Tower,0,6,27,0,33,0,0,50,0,50,0,6,77,0,83,110,0,110,193
07/16/2023,OLV,MS,ASO,ES,Federal Contract Tower,0,19,23,0,42,0,2,152,1,155,0,21,175,1,197,214,0,214,411
07/17/2023,OLV,MS,ASO,ES,Federal Contract Tower,0,16,27,0,43,0,5,165,1,171,0,21,192,1,214,332,0,332,546
07/18/2023,OLV,MS,ASO,ES,Federal Contract Tower,0,16,35,0,51,0,8,135,0,143,0,24,170,0,194,240,0,240,434
07/19/2023,OLV,MS,ASO,ES,Federal Contract Tower,0,13,16,0,29,0,0,90,0,90,0,13,106,0,119,154,0,154,273
07/20/2023,OLV,MS,ASO,ES,Federal Contract Tower,0,5,34,1,40,0,4,145,1,150,0,9,179,2,190,232,0,232,422
07/21/2023,OLV,MS,ASO,ES,Federal Contract Tower,0,13,11,0,24,0,0,52,0,52,0,13,63,0,76,56,0,56,132
07/22/2023,OLV,MS,ASO,ES,Federal Contract Tower,0,7,36,0,43,0,4,187,0,191,0,11,223,0,234,270,0,270,504
07/23/2023,OLV,MS,ASO,ES,Federal Contract Tower,0,7,16,0,23,0,2,113,0,115,0,9,129,0,138,136,0,136,274
07/24/2023,OLV,MS,ASO,ES,Federal Contract Tower,0,13,24,0,37,0,7,186,0,193,0,20,210,0,230,358,0,358,588
07/25/2023,OLV,MS,ASO,ES,Federal Contract Tower,0,27,29,0,56,0,8,179,0,187,0,35,208,0,243,236,0,236,479
07/26/2023,OLV,MS,ASO,ES,Federal Contract Tower,0,12,22,0,34,0,2,168,4,174,0,14,190,4,208,216,0,216,424
07/27/2023,OLV,MS,ASO,ES,Federal Contract Tower,0,14,21,0,35,0,1,143,0,144,0,15,164,0,179,178,0,178,357
07/28/2023,OLV,MS,ASO,ES,Federal Contract Tower,0,10,24,0,34,0,10,151,1,162,0,20,175,1,196,293,0,293,489
07/29/2023,OLV,MS,ASO,ES,Federal Contract Tower,0,11,23,0,34,0,11,132,0,143,0,22,155,0,177,188,0,188,365
07/30/2023,OLV,MS,ASO,ES,Federal Contract Tower,0,12,17,0,29,0,0,134,0,134,0,12,151,0,163,128,0,128,291
07/31/2023,OLV,MS,ASO,ES,Federal Contract Tower,0,11,25,0,36,0,8,187,0,195,0,19,212,0,231,240,0,240,471
08/01/2023,OLV,MS,ASO,ES,Federal Contract Tower,0,7,36,0,43,0,3,185,1,189,0,10,221,1,232,278,0,278,510
08/02/2023,OLV,MS,ASO,ES,Federal Contract Tower,0,17,25,0,42,0,0,139,0,139,0,17,164,0,181,288,0,288,469
08/03/2023,OLV,MS,ASO,ES,Federal Contract Tower,0,14,23,0,37,0,3,117,0,120,0,17,140,0,157,262,0,262,419
08/04/2023,OLV,MS,ASO,ES,Federal Contract Tower,0,8,9,0,17,0,6,66,0,72,0,14,75,0,89,168,0,168,257
08/05/2023,OLV,MS,ASO,ES,Federal Contract Tower,0,8,11,0,19,0,5,109,1,115,0,13,120,1,134,214,0,214,348
08/06/2023,OLV,MS,ASO,ES,Federal Contract Tower,0,10,19,1,30,0,1,65,1,67,0,11,84,2,97,122,0,122,219
08/07/2023,OLV,MS,ASO,ES,Federal Contract Tower,0,12,15,0,27,0,1,47,1,49,0,13,62,1,76,108,4,112,188
08/08/2023,OLV,MS,ASO,ES,Federal Contract Tower,0,13,19,0,32,0,8,95,0,103,0,21,114,0,135,170,0,170,305
08/09/2023,OLV,MS,ASO,ES,Federal Contract Tower,0,10,12,0,22,0,0,55,0,55,0,10,67,0,77,64,0,64,141
08/10/2023,OLV,MS,ASO,ES,Federal Contract Tower,0,14,16,0,30,0,0,13,0,13,0,14,29,0,43,2,0,2,45
08/11/2023,OLV,MS,ASO,ES,Federal Contract Tower,0,11,30,0,41,0,6,87,0,93,0,17,117,0,134,108,0,108,242
08/12/2023,OLV,MS,ASO,ES,Federal Contract Tower,0,3,22,0,25,6,10,64,0,80,6,13,86,0,105,96,0,96,201
08/13/2023,OLV,MS,ASO,ES,Federal Contract Tower,0,40,13,0,53,0,10,99,0,109,0,50,112,0,162,86,0,86,248
08/14/2023,OLV,MS,ASO,ES,Federal Contract Tower,0,14,26,0,40,0,4,114,2,120,0,18,140,2,160,188,0,188,348
08/15/2023,OLV,MS,ASO,ES,Federal Contract Tower,0,15,33,3,51,0,6,152,0,158,0,21,185,3,209,294,0,294,503
08/16/2023,OLV,MS,ASO,ES,Federal Contract Tower,0,15,42,0,57,0,4,205,3,212,0,19,247,3,269,302,2,304,573
08/17/2023,OLV,MS,ASO,ES,Federal Contract Tower,0,20,37,0,57,0,11,183,0,194,0,31,220,0,251,256,0,256,507
08/18/2023,OLV,MS,ASO,ES,Federal Contract Tower,0,17,44,0,61,0,2,136,0,138,0,19,180,0,199,324,0,324,523
08/19/2023,OLV,MS,ASO,ES,Federal Contract Tower,0,2,15,0,17,0,0,150,3,153,0,2,165,3,170,290,0,290,460
08/20/2023,OLV,MS,ASO,ES,Federal Contract Tower,0,7,22,0,29,0,13,62,1,76,0,20,84,1,105,80,0,80,185
08/21/2023,OLV,MS,ASO,ES,Federal Contract Tower,0,15,22,0,37,0,2,163,0,165,0,17,185,0,202,198,0,198,400
08/22/2023,OLV,MS,ASO,ES,Federal Contract Tower,0,23,30,0,53,0,16,168,0,184,0,39,198,0,237,210,0,210,447
08/23/2023,OLV,MS,ASO,ES,Federal Contract Tower,0,7,22,0,29,0,4,99,0,103,0,11,121,0,132,200,0,200,332
08/24/2023,OLV,MS,ASO,ES,Federal Contract Tower,0,7,29,0,36,0,8,89,2,99,0,15,118,2,135,176,0,176,311
08/25/2023,OLV,MS,ASO,ES,Federal Contract Tower,0,11,20,0,31,0,0,0,0,0,0,11,20,0,31,210,0,210,241
08/26/2023,OLV,MS,ASO,ES,Federal Contract Tower,0,9,26,1,36,0,2,102,1,105,0,11,128,2,141,158,0,158,299
08/27/2023,OLV,MS,ASO,ES,Federal Contract Tower,0,10,31,0,41,0,5,24,0,29,0,15,55,0,70,88,0,88,158
08/28/2023,OLV,MS,ASO,ES,Federal Contract Tower,0,7,16,0,23,0,7,31,0,38,0,14,47,0,61,68,0,68,129
08/29/2023,OLV,MS,ASO,ES,Federal Contract Tower,0,15,35,0,50,0,3,166,1,170,0,18,201,1,220,246,0,246,466
08/30/2023,OLV,MS,ASO,ES,Federal Contract Tower,0,3,32,0,35,0,4,137,1,142,0,7,169,1,177,222,0,222,399
08/31/2023,OLV,MS,ASO,ES,Federal Contract Tower,0,14,34,0,48,0,3,183,2,188,0,17,217,2,236,260,0,260,496
01/01/2020,OLV,MS,ASO,CE,Federal Contract Tower,0,6,12,0,18,0,6,42,0,48,0,12,54,0,66,44,0,44,110
01/02/2020,OLV,MS,ASO,CE,Federal Contract Tower,0,3,8,0,11,0,0,0,0,0,0,3,8,0,11,0,0,0,11
01/03/2020,OLV,MS,ASO,CE,Federal Contract Tower,0,7,12,0,19,0,0,0,0,0,0,7,12,0,19,0,0,0,19
01/04/2020,OLV,MS,ASO,CE,Federal Contract Tower,0,12,6,0,18,0,5,43,2,50,0,17,49,2,68,42,0,42,110
01/05/2020,OLV,MS,ASO,CE,Federal Contract Tower,0,5,7,1,13,0,0,67,9,76,0,5,74,10,89,70,0,70,159
01/06/2020,OLV,MS,ASO,CE,Federal Contract Tower,0,9,31,1,41,0,8,123,0,131,0,17,154,1,172,146,0,146,318
01/07/2020,OLV,MS,ASO,CE,Federal Contract Tower,0,10,24,2,36,0,9,81,2,92,0,19,105,4,128,66,6,72,200
01/08/2020,OLV,MS,ASO,CE,Federal Contract Tower,0,14,27,0,41,0,3,129,0,132,0,17,156,0,173,146,0,146,319
01/09/2020,OLV,MS,ASO,CE,Federal Contract Tower,0,2,2,0,4,0,1,13,0,14,0,3,15,0,18,2,0,2,20
01/10/2020,OLV,MS,ASO,CE,Federal Contract Tower,0,9,0,0,9,0,0,4,0,4,0,9,4,0,13,0,0,0,13
01/11/2020,OLV,MS,ASO,CE,Federal Contract Tower,0,2,0,0,2,0,0,0,0,0,0,2,0,0,2,0,0,0,2
01/12/2020,OLV,MS,ASO,CE,Federal Contract Tower,0,12,1,0,13,0,2,20,0,22,0,14,21,0,35,44,0,44,79
01/13/2020,OLV,MS,ASO,CE,Federal Contract Tower,0,9,16,0,25,0,2,50,0,52,0,11,66,0,77,132,0,132,209
01/14/2020,OLV,MS,ASO,CE,Federal Contract Tower,0,15,24,0,39,0,0,45,0,45,0,15,69,0,84,50,0,50,134
01/15/2020,OLV,MS,ASO,CE,Federal Contract Tower,0,15,6,0,21,0,0,0,0,0,0,15,6,0,21,0,0,0,21
01/16/2020,OLV,MS,ASO,CE,Federal Contract Tower,0,14,14,0,28,0,3,69,0,72,0,17,83,0,100,110,0,110,210
01/17/2020,OLV,MS,ASO,CE,Federal Contract Tower,0,3,13,0,16,0,4,0,0,4,0,7,13,0,20,182,4,186,206
01/18/2020,OLV,MS,ASO,CE,Federal Contract Tower,0,3,7,4,14,0,2,9,1,12,0,5,16,5,26,8,0,8,34
01/19/2020,OLV,MS,ASO,CE,Federal Contract Tower,0,11,9,0,20,0,4,53,2,59,0,15,62,2,79,42,4,46,125
01/20/2020,OLV,MS,ASO,CE,Federal Contract Tower,0,8,18,2,28,0,3,101,0,104,0,11,119,2,132,150,0,150,282
01/21/2020,OLV,MS,ASO,CE,Federal Contract Tower,0,10,27,0,37,0,10,80,0,90,0,20,107,0,127,146,0,146,273
01/22/2020,OLV,MS,ASO,CE,Federal Contract Tower,0,13,11,0,24,0,0,105,0,105,0,13,116,0,129,152,0,152,281
01/23/2020,OLV,MS,ASO,CE,Federal Contract Tower,0,6,6,0,12,0,0,0,0,0,0,6,6,0,12,0,0,0,12
01/24/2020,OLV,MS,ASO,CE,Federal Contract Tower,0,10,4,0,14,0,3,13,0,16,0,13,17,0,30,16,0,16,46
01/25/2020,OLV,MS,ASO,CE,Federal Contract Tower,0,2,20,2,24,0,6,91,7,104,0,8,111,9,128,270,14,284,412
01/26/2020,OLV,MS,ASO,CE,Federal Contract Tower,0,8,10,0,18,0,0,23,0,23,0,8,33,0,41,102,0,102,143
01/27/2020,OLV,MS,ASO,CE,Federal Contract Tower,0,9,21,1,31,0,6,110,3,119,0,15,131,4,150,194,0,194,344
01/28/2020,OLV,MS,ASO,CE,Federal Contract Tower,0,25,38,0,63,0,6,110,0,116,0,31,148,0,179,128,0,128,307
01/29/2020,OLV,MS,ASO,CE,Federal Contract Tower,0,15,27,0,42,0,0,48,0,48,0,15,75,0,90,100,0,100,190
01/30/2020,OLV,MS,ASO,CE,Federal Contract Tower,0,18,5,0,23,0,0,4,0,4,0,18,9,0,27,4,0,4,31
01/31/2020,OLV,MS,ASO,CE,Federal Contract Tower,0,6,13,0,19,0,0,0,0,0,0,6,13,0,19,0,0,0,19
02/01/2020,OLV,MS,ASO,ES,Federal Contract Tower,0,6,22,1,29,0,4,76,1,81,0,10,98,2,110,82,0,82,192
02/02/2020,OLV,MS,ASO,ES,Federal Contract Tower,0,4,16,0,20,0,1,52,1,54,0,5,68,1,74,32,14,46,120
02/03/2020,OLV,MS,ASO,ES,Federal Contract Tower,0,10,10,0,20,0,2,27,0,29,0,12,37,0,49,34,0,34,83
02/04/2020,OLV,MS,ASO,ES,Federal Contract Tower,0,7,7,0,14,0,0,0,0,0,0,7,7,0,14,0,0,0,14
02/05/2020,OLV,MS,ASO,ES,Federal Contract Tower,0,8,0,0,8,0,0,0,0,0,0,8,0,0,8,0,0,0,8
02/06/2020,OLV,MS,ASO,ES,Federal Contract Tower,0,16,0,0,16,0,0,0,0,0,0,16,0,0,16,0,0,0,16
02/07/2020,OLV,MS,ASO,ES,Federal Contract Tower,0,11,14,0,25,0,3,133,0,136,0,14,147,0,161,174,0,174,335
02/08/2020,OLV,MS,ASO,ES,Federal Contract Tower,0,10,14,1,25,0,0,132,3,135,0,10,146,4,160,204,12,216,376
02/09/2020,OLV,MS,ASO,ES,Federal Contract Tower,0,12,8,1,21,0,2,37,0,39,0,14,45,1,60,0,0,0,60
02/10/2020,OLV,MS,ASO,ES,Federal Contract Tower,0,10,1,0,11,0,0,0,0,0,0,10,1,0,11,0,0,0,11
02/11/2020,OLV,MS,ASO,ES,Federal Contract Tower,0,12,23,0,35,0,0,31,0,31,0,12,54,0,66,54,0,54,120
02/12/2020,OLV,MS,ASO,ES,Federal Contract Tower,0,5,2,0,7,0,0,0,0,0,0,5,2,0,7,0,0,0,7
02/13/2020,OLV,MS,ASO,ES,Federal Contract Tower,0,10,21,3,34,0,7,74,0,81,0,17,95,3,115,148,0,148,263
02/14/2020,OLV,MS,ASO,ES,Federal Contract Tower,0,8,23,0,31,0,6,131,0,137,0,14,154,0,168,114,0,114,282
02/15/2020,OLV,MS,ASO,ES,Federal Contract Tower,0,4,14,0,18,0,7,106,0,113,0,11,120,0,131,116,0,116,247
02/16/2020,OLV,MS,ASO,ES,Federal Contract Tower,0,1,14,3,18,0,0,59,2,61,0,1,73,5,79,80,4,84,163
02/17/2020,OLV,MS,ASO,ES,Federal Contract Tower,0,7,48,1,56,0,0,6,0,6,0,7,54,1,62,4,0,4,66
02/18/2020,OLV,MS,ASO,ES,Federal Contract Tower,0,7,2,0,9,0,0,0,0,0,0,7,2,0,9,0,0,0,9
02/19/2020,OLV,MS,ASO,ES,Federal Contract Tower,0,7,20,0,27,0,5,85,0,90,0,12,105,0,117,142,0,142,259
02/20/2020,OLV,MS,ASO,ES,Federal Contract Tower,0,10,3,0,13,0,0,30,0,30,0,10,33,0,43,62,0,62,105
02/21/2020,OLV,MS,ASO,ES,Federal Contract Tower,0,17,25,0,42,0,2,128,0,130,0,19,153,0,172,176,0,176,348
02/22/2020,OLV,MS,ASO,ES,Federal Contract Tower,0,11,21,1,33,0,3,147,1,151,0,14,168,2,184,96,0,96,280
02/23/2020,OLV,MS,ASO,ES,Federal Contract Tower,0,7,21,0,28,0,0,49,4,53,0,7,70,4,81,46,2,48,129
02/24/2020,OLV,MS,ASO,ES,Federal Contract Tower,0,6,9,0,15,0,0,0,0,0,0,6,9,0,15,0,0,0,15
02/25/2020,OLV,MS,ASO,ES,Federal Contract Tower,0,11,37,0,48,0,6,55,14,75,0,17,92,14,123,134,0,134,257
02/26/2020,OLV,MS,ASO,ES,Federal Contract Tower,0,8,11,0,19,0,2,45,14,61,0,10,56,14,80,2,0,2,82
02/27/2020,OLV,MS,ASO,ES,Federal Contract Tower,0,15,24,0,39,0,1,122,0,123,0,16,146,0,162,138,0,138,300
02/28/2020,OLV,MS,ASO,ES,Federal Contract Tower,0,4,17,1,22,0,2,104,1,107,0,6,121,2,129,92,0,92,221
02/29/2020,OLV,MS,ASO,ES,Federal Contract Tower,0,3,19,0,22,0,3,122,0,125,0,6,141,0,147,188,0,188,335
03/01/2020,OLV,MS,ASO,ES,Federal Contract Tower,0,11,8,0,19,0,1,41,0,42,0,12,49,0,61,38,0,38,99
03/02/2020,OLV,MS,ASO,ES,Federal Contract Tower,0,6,18,0,24,0,2,19,0,21,0,8,37,0,45,12,0,12,57
03/03/2020,OLV,MS,ASO,ES,Federal Contract Tower,0,6,18,0,24,0,10,95,0,105,0,16,113,0,129,82,0,82,211
03/04/2020,OLV,MS,ASO,ES,Federal Contract Tower,0,10,25,0,35,0,4,75,0,79,0,14,100,0,114,148,0,148,262
03/05/2020,OLV,MS,ASO,ES,Federal Contract Tower,0,15,19,0,34,0,0,90,0,90,0,15,109,0,124,140,0,140,264
03/06/2020,OLV,MS,ASO,ES,Federal Contract Tower,0,9,6,0,15,0,2,59,0,61,0,11,65,0,76,74,0,74,150
03/08/2020,OLV,MS,ASO,ES,Federal Contract Tower,0,6,3,0,9,0,4,56,4,64,0,10,59,4,73,90,6,96,169
03/09/2020,OLV,MS,ASO,ES,Federal Contract Tower,0,9,7,0,16,0,0,16,0,16,0,9,23,0,32,14,0,14,46
03/10/2020,OLV,MS,ASO,ES,Federal Contract Tower,0,4,15,0,19,0,0,49,0,49,0,4,64,0,68,90,0,90,158
03/11/2020,OLV,MS,ASO,ES,Federal Contract Tower,0,6,6,0,12,0,0,11,0,11,0,6,17,0,23,2,0,2,25
03/12/2020,OLV,MS,ASO,ES,Federal Contract Tower,0,14,17,0,31,0,6,29,0,35,0,20,46,0,66,50,0,50,116
03/13/2020,OLV,MS,ASO,ES,Federal Contract Tower,0,11,12,0,23,0,0,44,0,44,0,11,56,0,67,74,0,74,141
03/14/2020,OLV,MS,ASO,ES,Federal Contract Tower,0,8,7,0,15,0,0,0,0,0,0,8,7,0,15,0,0,0,15
03/15/2020,OLV,MS,ASO,ES,Federal Contract Tower,0,4,21,0,25,0,1,2,0,3,0,5,23,0,28,18,0,18,46
03/16/2020,OLV,MS,ASO,ES,Federal Contract Tower,0,10,3,0,13,0,0,0,0,0,0,10,3,0,13,0,0,0,13
03/17/2020,OLV,MS,ASO,ES,Federal Contract Tower,0,14,15,0,29,0,0,34,0,34,0,14,49,0,63,104,0,104,167
03/18/2020,OLV,MS,ASO,ES,Federal Contract Tower,0,4,5,0,9,0,0,14,0,14,0,4,19,0,23,36,0,36,59
03/19/2020,OLV,MS,ASO,ES,Federal Contract Tower,0,4,2,0,6,0,5,20,4,29,0,9,22,4,35,24,6,30,65
03/20/2020,OLV,MS,ASO,ES,Federal Contract Tower,0,4,3,0,7,0,0,8,0,8,0,4,11,0,15,30,0,30,45
03/21/2020,OLV,MS,ASO,ES,Federal Contract Tower,0,6,12,0,18,0,7,74,3,84,0,13,86,3,102,174,0,174,276
03/22/2020,OLV,MS,ASO,ES,Federal Contract Tower,0,2,2,0,4,0,0,13,0,13,0,2,15,0,17,30,0,30,47
03/23/2020,OLV,MS,ASO,ES,Federal Contract Tower,0,7,14,0,21,0,3,59,0,62,0,10,73,0,83,102,0,102,185
03/24/2020,OLV,MS,ASO,ES,Federal Contract Tower,0,4,0,0,4,0,4,0,0,4,0,8,0,0,8,0,0,0,8
03/25/2020,OLV,MS,ASO,ES,Federal Contract Tower,0,2,7,0,9,0,0,26,0,26,0,2,33,0,35,46,0,46,81
03/26/2020,OLV,MS,ASO,ES,Federal Contract Tower,0,7,21,0,28,0,5,64,4,73,0,12,85,4,101,82,4,86,187
03/27/2020,OLV,MS,ASO,ES,Federal Contract Tower,0,2,6,0,8,0,0,53,0,53,0,2,59,0,61,80,0,80,141
03/28/2020,OLV,MS,ASO,ES,Federal Contract Tower,0,0,10,0,10,0,0,11,0,11,0,0,21,0,21,36,0,36,57
03/29/2020,OLV,MS,ASO,ES,Federal Contract Tower,0,0,11,0,11,0,1,78,4,83,0,1,89,4,94,144,10,154,248
03/30/2020,OLV,MS,ASO,ES,Federal Contract Tower,0,5,7,0,12,0,0,47,0,47,0,5,54,0,59,102,0,102,161
03/31/2020,OLV,MS,ASO,ES,Federal Contract Tower,0,2,3,0,5,0,0,10,0,10,0,2,13,0,15,12,0,12,27
04/01/2020,OLV,MS,ASO,ES,Federal Contract Tower,0,6,10,0,16,0,2,84,0,86,0,8,94,0,102,68,0,68,170
04/02/2020,OLV,MS,ASO,ES,Federal Contract Tower,0,3,1,0,4,0,7,63,0,70,0,10,64,0,74,64,0,64,138
04/03/2020,OLV,MS,ASO,ES,Federal Contract Tower,0,0,5,0,5,0,0,49,0,49,0,0,54,0,54,46,0,46,100
04/04/2020,OLV,MS,ASO,ES,Federal Contract Tower,0,0,4,0,4,0,0,40,0,40,0,0,44,0,44,48,0,48,92
04/05/2020,OLV,MS,ASO,ES,Federal Contract Tower,0,0,6,0,6,0,1,60,0,61,0,1,66,0,67,66,0,66,133
04/06/2020,OLV,MS,ASO,ES,Federal Contract Tower,0,0,7,0,7,0,0,36,0,36,0,0,43,0,43,46,0,46,89
04/07/2020,OLV,MS,ASO,ES,Federal Contract Tower,0,0,3,0,3,0,0,7,0,7,0,0,10,0,10,16,0,16,26
04/08/2020,OLV,MS,ASO,ES,Federal Contract Tower,0,0,12,0,12,0,0,30,0,30,0,0,42,0,42,36,0,36,78
04/09/2020,OLV,MS,ASO,ES,Federal Contract Tower,0,0,4,4,8,0,3,61,0,64,0,3,65,4,72,92,0,92,164
04/10/2020,OLV,MS,ASO,ES,Federal Contract Tower,0,0,11,0,11,0,2,85,0,87,0,2,96,0,98,88,0,88,186
04/11/2020,OLV,MS,ASO,ES,Federal Contract Tower,0,2,7,0,9,0,2,68,0,70,0,4,75,0,79,112,0,112,191
04/12/2020,OLV,MS,ASO,ES,Federal Contract Tower,0,1,0,0,1,0,0,0,0,0,0,1,0,0,1,0,0,0,1
04/13/2020,OLV,MS,ASO,ES,Federal Contract Tower,0,0,7,3,10,0,0,32,0,32,0,0,39,3,42,98,0,98,140
04/14/2020,OLV,MS,ASO,ES,Federal Contract Tower,0,0,4,0,4,0,0,43,0,43,0,0,47,0,47,76,0,76,123
04/15/2020,OLV,MS,ASO,ES,Federal Contract Tower,0,7,5,0,12,0,5,70,0,75,0,12,75,0,87,106,0,106,193
04/16/2020,OLV,MS,ASO,ES,Federal Contract Tower,0,3,3,0,6,0,8,68,0,76,0,11,71,0,82,102,0,102,184
04/17/2020,OLV,MS,ASO,ES,Federal Contract Tower,0,2,4,0,6,0,4,36,0,40,0,6,40,0,46,44,0,44,90
04/18/2020,OLV,MS,ASO,ES,Federal Contract Tower,0,3,9,0,12,0,6,72,0,78,0,9,81,0,90,104,0,104,194
04/19/2020,OLV,MS,ASO,ES,Federal Contract Tower,0,0,1,0,1,0,0,0,0,0,0,0,1,0,1,0,0,0,1
04/20/2020,OLV,MS,ASO,ES,Federal Contract Tower,0,4,27,0,31,0,1,98,0,99,0,5,125,0,130,152,0,152,282
04/21/2020,OLV,MS,ASO,ES,Federal Contract Tower,0,0,10,0,10,0,2,61,0,63,0,2,71,0,73,86,0,86,159
04/22/2020,OLV,MS,ASO,ES,Federal Contract Tower,0,5,10,0,15,0,4,28,0,32,0,9,38,0,47,58,0,58,105
04/23/2020,OLV,MS,ASO,ES,Federal Contract Tower,0,3,3,0,6,0,0,6,0,6,0,3,9,0,12,6,0,6,18
04/24/2020,OLV,MS,ASO,ES,Federal Contract Tower,0,2,17,0,19,0,0,84,0,84,0,2,101,0,103,142,0,142,245
04/25/2020,OLV,MS,ASO,ES,Federal Contract Tower,0,1,2,0,3,0,0,0,0,0,0,1,2,0,3,0,0,0,3
04/26/2020,OLV,MS,ASO,ES,Federal Contract Tower,0,2,7,0,9,0,0,55,2,57,0,2,62,2,66,78,0,78,144
04/27/2020,OLV,MS,ASO,ES,Federal Contract Tower,0,1,19,0,20,0,0,117,0,117,0,1,136,0,137,226,0,226,363
04/28/2020,OLV,MS,ASO,ES,Federal Contract Tower,0,20,11,2,33,0,2,44,0,46,0,22,55,2,79,72,0,72,151
04/29/2020,OLV,MS,ASO,ES,Federal Contract Tower,0,2,2,0,4,0,0,2,0,2,0,2,4,0,6,0,0,0,6
04/30/2020,OLV,MS,ASO,ES,Federal Contract Tower,0,14,8,0,22,0,1,64,0,65,0,15,72,0,87,54,0,54,141
05/01/2020,OLV,MS,ASO,ES,Federal Contract Tower,0,8,14,0,22,0,6,126,0,132,0,14,140,0,154,152,0,152,306
05/02/2020,OLV,MS,ASO,ES,Federal Contract Tower,0,3,12,0,15,0,6,76,2,84,0,9,88,2,99,56,0,56,155
05/03/2020,OLV,MS,ASO,ES,Federal Contract Tower,0,2,9,0,11,0,0,17,0,17,0,2,26,0,28,38,0,38,66
05/04/2020,OLV,MS,ASO,ES,Federal Contract Tower,0,3,12,0,15,0,4,81,0,85,0,7,93,0,100,150,0,150,250
05/05/2020,OLV,MS,ASO,ES,Federal Contract Tower,0,6,16,0,22,0,0,47,0,47,0,6,63,0,69,104,0,104,173
05/06/2020,OLV,MS,ASO,ES,Federal Contract Tower,0,8,13,0,21,0,9,65,0,74,0,17,78,0,95,174,0,174,269
05/07/2020,OLV,MS,ASO,ES,Federal Contract Tower,0,10,13,0,23,0,6,150,0,156,0,16,163,0,179,186,0,186,365
05/08/2020,OLV,MS,ASO,ES,Federal Contract Tower,0,4,2,0,6,0,0,5,0,5,0,4,7,0,11,6,0,6,17
05/09/2020,OLV,MS,ASO,ES,Federal Contract Tower,0,1,14,0,15,0,6,114,0,120,0,7,128,0,135,76,0,76,211
05/10/2020,OLV,MS,ASO,ES,Federal Contract Tower,0,3,5,0,8,0,6,62,0,68,0,9,67,0,76,58,0,58,134
05/11/2020,OLV,MS,ASO,ES,Federal Contract Tower,0,4,7,0,11,0,8,110,0,118,0,12,117,0,129,134,0,134,263
05/12/2020,OLV,MS,ASO,ES,Federal Contract Tower,0,5,8,0,13,0,2,33,0,35,0,7,41,0,48,82,0,82,130
05/13/2020,OLV,MS,ASO,ES,Federal Contract Tower,0,13,14,0,27,0,6,108,0,114,0,19,122,0,141,138,0,138,279
05/14/2020,OLV,MS,ASO,ES,Federal Contract Tower,0,2,7,0,9,0,2,100,0,102,0,4,107,0,111,118,0,118,229
05/15/2020,OLV,MS,ASO,ES,Federal Contract Tower,0,2,10,0,12,0,2,31,0,33,0,4,41,0,45,136,0,136,181
05/16/2020,OLV,MS,ASO,ES,Federal Contract Tower,0,3,1,0,4,0,2,32,0,34,0,5,33,0,38,32,0,32,70
05/17/2020,OLV,MS,ASO,ES,Federal Contract Tower,0,7,1,0,8,0,0,4,0,4,0,7,5,0,12,8,0,8,20
05/18/2020,OLV,MS,ASO,ES,Federal Contract Tower,0,5,24,4,33,0,0,96,0,96,0,5,120,4,129,172,0,172,301
05/19/2020,OLV,MS,ASO,ES,Federal Contract Tower,0,7,30,0,37,0,6,87,0,93,0,13,117,0,130,198,0,198,328
05/20/2020,OLV,MS,ASO,ES,Federal Contract Tower,0,8,13,0,21,0,6,78,2,86,0,14,91,2,107,106,8,114,221
05/21/2020,OLV,MS,ASO,ES,Federal Contract Tower,0,14,18,0,32,0,1,107,0,108,0,15,125,0,140,122,0,122,262
05/22/2020,OLV,MS,ASO,ES,Federal Contract Tower,0,7,18,0,25,0,0,37,0,37,0,7,55,0,62,40,0,40,102
05/23/2020,OLV,MS,ASO,ES,Federal Contract Tower,0,0,11,0,11,0,6,66,0,72,0,6,77,0,83,68,0,68,151
05/24/2020,OLV,MS,ASO,ES,Federal Contract Tower,0,2,13,0,15,0,8,60,0,68,0,10,73,0,83,108,0,108,191
05/25/2020,OLV,MS,ASO,ES,Federal Contract Tower,0,9,10,0,19,0,1,99,0,100,0,10,109,0,119,96,0,96,215
05/26/2020,OLV,MS,ASO,ES,Federal Contract Tower,0,11,16,0,27,0,2,48,0,50,0,13,64,0,77,16,0,16,93
05/27/2020,OLV,MS,ASO,ES,Federal Contract Tower,0,14,4,0,18,0,0,54,0,54,0,14,58,0,72,82,0,82,154
05/28/2020,OLV,MS,ASO,ES,Federal Contract Tower,0,14,17,0,31,0,2,56,0,58,0,16,73,0,89,94,0,94,183
05/29/2020,OLV,MS,ASO,ES,Federal Contract Tower,0,6,18,0,24,0,1,55,0,56,0,7,73,0,80,96,0,96,176
05/30/2020,OLV,MS,ASO,ES,Federal Contract Tower,0,4,8,0,12,0,4,104,0,108,0,8,112,0,120,114,0,114,234
05/31/2020,OLV,MS,ASO,ES,Federal Contract Tower,0,4,6,0,10,0,2,73,0,75,0,6,79,0,85,46,0,46,131
06/01/2020,OLV,MS,ASO,ES,Federal Contract Tower,0,11,40,0,51,0,4,133,0,137,0,15,173,0,188,190,0,190,378
06/02/2020,OLV,MS,ASO,ES,Federal Contract Tower,0,6,30,0,36,0,0,127,0,127,0,6,157,0,163,122,0,122,285
06/03/2020,OLV,MS,ASO,ES,Federal Contract Tower,0,9,21,0,30,0,8,80,0,88,0,17,101,0,118,124,0,124,242
06/04/2020,OLV,MS,ASO,ES,Federal Contract Tower,0,8,9,0,17,0,2,27,0,29,0,10,36,0,46,74,0,74,120
06/05/2020,OLV,MS,ASO,ES,Federal Contract Tower,0,8,12,0,20,0,1,70,0,71,0,9,82,0,91,60,0,60,151
06/06/2020,OLV,MS,ASO,ES,Federal Contract Tower,0,8,22,0,30,0,2,100,0,102,0,10,122,0,132,166,0,166,298
06/07/2020,OLV,MS,ASO,ES,Federal Contract Tower,0,7,20,0,27,0,0,80,0,80,0,7,100,0,107,228,0,228,335
06/08/2020,OLV,MS,ASO,ES,Federal Contract Tower,0,5,0,0,5,0,0,11,0,11,0,5,11,0,16,10,0,10,26
06/09/2020,OLV,MS,ASO,ES,Federal Contract Tower,0,9,8,0,17,0,0,16,0,16,0,9,24,0,33,0,0,0,33
06/10/2020,OLV,MS,ASO,ES,Federal Contract Tower,0,12,5,0,17,0,2,8,0,10,0,14,13,0,27,8,0,8,35
06/11/2020,OLV,MS,ASO,ES,Federal Contract Tower,0,11,11,0,22,0,2,150,2,154,0,13,161,2,176,206,10,216,392
06/12/2020,OLV,MS,ASO,ES,Federal Contract Tower,0,6,7,0,13,0,0,108,0,108,0,6,115,0,121,172,0,172,293
06/13/2020,OLV,MS,ASO,ES,Federal Contract Tower,0,2,24,0,26,0,0,113,0,113,0,2,137,0,139,126,0,126,265
06/14/2020,OLV,MS,ASO,ES,Federal Contract Tower,0,11,19,0,30,0,9,74,0,83,0,20,93,0,113,106,0,106,219
06/15/2020,OLV,MS,ASO,ES,Federal Contract Tower,0,1,10,0,11,0,12,83,0,95,0,13,93,0,106,186,0,186,292
06/16/2020,OLV,MS,ASO,ES,Federal Contract Tower,0,7,29,0,36,0,2,121,0,123,0,9,150,0,159,124,0,124,283
06/17/2020,OLV,MS,ASO,ES,Federal Contract Tower,0,17,28,0,45,0,2,111,4,117,0,19,139,4,162,164,0,164,326
06/18/2020,OLV,MS,ASO,ES,Federal Contract Tower,0,5,13,0,18,0,2,117,0,119,0,7,130,0,137,186,0,186,323
06/19/2020,OLV,MS,ASO,ES,Federal Contract Tower,0,5,9,0,14,0,0,122,0,122,0,5,131,0,136,136,0,136,272
06/20/2020,OLV,MS,ASO,ES,Federal Contract Tower,0,10,3,0,13,0,3,60,0,63,0,13,63,0,76,76,0,76,152
06/21/2020,OLV,MS,ASO,ES,Federal Contract Tower,0,7,20,0,27,0,0,34,0,34,0,7,54,0,61,32,0,32,93
06/22/2020,OLV,MS,ASO,ES,Federal Contract Tower,0,8,4,0,12,0,0,15,0,15,0,8,19,0,27,28,0,28,55
06/23/2020,OLV,MS,ASO,ES,Federal Contract Tower,0,0,5,0,5,0,0,44,0,44,0,0,49,0,49,128,0,128,177
06/24/2020,OLV,MS,ASO,ES,Federal Contract Tower,0,14,17,0,31,0,1,48,0,49,0,15,65,0,80,122,0,122,202
06/25/2020,OLV,MS,ASO,ES,Federal Contract Tower,0,10,18,0,28,0,3,134,0,137,0,13,152,0,165,248,0,248,413
06/26/2020,OLV,MS,ASO,ES,Federal Contract Tower,0,14,16,0,30,0,4,23,0,27,0,18,39,0,57,56,0,56,113
06/27/2020,OLV,MS,ASO,ES,Federal Contract Tower,0,2,17,0,19,0,0,34,0,34,0,2,51,0,53,30,0,30,83
06/28/2020,OLV,MS,ASO,ES,Federal Contract Tower,0,4,16,0,20,0,7,60,0,67,0,11,76,0,87,100,0,100,187
06/29/2020,OLV,MS,ASO,ES,Federal Contract Tower,0,2,19,0,21,0,0,111,0,111,0,2,130,0,132,248,0,248,380
06/30/2020,OLV,MS,ASO,ES,Federal Contract Tower,0,13,13,0,26,0,3,81,2,86,0,16,94,2,112,124,0,124,236
07/01/2020,OLV,MS,ASO,ES,Federal Contract Tower,0,8,8,0,16,0,2,19,0,21,0,10,27,0,37,44,0,44,81
07/02/2020,OLV,MS,ASO,ES,Federal Contract Tower,0,9,15,0,24,0,0,88,0,88,0,9,103,0,112,124,0,124,236
07/03/2020,OLV,MS,ASO,ES,Federal Contract Tower,0,1,10,0,11,0,0,66,0,66,0,1,76,0,77,116,0,116,193
07/04/2020,OLV,MS,ASO,ES,Federal Contract Tower,0,4,1,0,5,0,2,44,0,46,0,6,45,0,51,58,0,58,109
07/05/2020,OLV,MS,ASO,ES,Federal Contract Tower,0,2,13,0,15,0,0,37,0,37,0,2,50,0,52,84,0,84,136
07/06/2020,OLV,MS,ASO,ES,Federal Contract Tower,0,4,18,0,22,0,2,111,0,113,0,6,129,0,135,186,0,186,321
07/07/2020,OLV,MS,ASO,ES,Federal Contract Tower,0,6,20,0,26,0,3,93,0,96,0,9,113,0,122,140,0,140,262
07/08/2020,OLV,MS,ASO,ES,Federal Contract Tower,0,10,30,0,40,0,3,79,0,82,0,13,109,0,122,162,0,162,284
07/09/2020,OLV,MS,ASO,ES,Federal Contract Tower,0,12,19,0,31,0,0,39,0,39,0,12,58,0,70,74,0,74,144
07/10/2020,OLV,MS,ASO,ES,Federal Contract Tower,0,4,18,0,22,0,0,94,0,94,0,4,112,0,116,126,0,126,242
07/11/2020,OLV,MS,ASO,ES,Federal Contract Tower,0,7,16,0,23,0,4,72,0,76,0,11,88,0,99,176,0,176,275
07/12/2020,OLV,MS,ASO,ES,Federal Contract Tower,0,3,3,0,6,0,2,41,0,43,0,5,44,0,49,78,0,78,127
07/13/2020,OLV,MS,ASO,ES,Federal Contract Tower,0,7,12,0,19,0,0,81,0,81,0,7,93,0,100,180,0,180,280
07/14/2020,OLV,MS,ASO,ES,Federal Contract Tower,0,15,16,0,31,0,2,93,0,95,0,17,109,0,126,204,0,204,330
07/15/2020,OLV,MS,ASO,ES,Federal Contract Tower,0,8,13,0,21,0,1,95,11,107,0,9,108,11,128,164,0,164,292
07/16/2020,OLV,MS,ASO,ES,Federal Contract Tower,0,3,11,0,14,0,4,90,0,94,0,7,101,0,108,142,0,142,250
07/17/2020,OLV,MS,ASO,ES,Federal Contract Tower,0,11,8,0,19,0,2,131,0,133,0,13,139,0,152,204,0,204,356
07/18/2020,OLV,MS,ASO,ES,Federal Contract Tower,0,6,10,0,16,0,7,78,0,85,0,13,88,0,101,104,0,104,205
07/19/2020,OLV,MS,ASO,ES,Federal Contract Tower,0,5,4,0,9,0,0,43,0,43,0,5,47,0,52,44,0,44,96
07/20/2020,OLV,MS,ASO,ES,Federal Contract Tower,0,8,13,0,21,0,4,86,0,90,0,12,99,0,111,158,0,158,269
07/21/2020,OLV,MS,ASO,ES,Federal Contract Tower,0,11,12,0,23,0,6,51,0,57,0,17,63,0,80,80,0,80,160
07/22/2020,OLV,MS,ASO,ES,Federal Contract Tower,0,12,11,0,23,0,1,55,0,56,0,13,66,0,79,194,0,194,273
07/23/2020,OLV,MS,ASO,ES,Federal Contract Tower,0,7,10,0,17,0,2,67,0,69,0,9,77,0,86,170,0,170,256
07/24/2020,OLV,MS,ASO,ES,Federal Contract Tower,0,5,14,0,19,0,0,127,0,127,0,5,141,0,146,270,0,270,416
07/25/2020,OLV,MS,ASO,ES,Federal Contract Tower,0,0,6,0,6,0,1,101,0,102,0,1,107,0,108,90,0,90,198
07/26/2020,OLV,MS,ASO,ES,Federal Contract Tower,0,7,9,0,16,0,1,72,0,73,0,8,81,0,89,100,0,100,189
07/27/2020,OLV,MS,ASO,ES,Federal Contract Tower,0,19,6,0,25,0,0,106,0,106,0,19,112,0,131,180,0,180,311
07/28/2020,OLV,MS,ASO,ES,Federal Contract Tower,0,14,10,0,24,0,0,85,0,85,0,14,95,0,109,184,0,184,293
07/29/2020,OLV,MS,ASO,ES,Federal Contract Tower,0,7,14,0,21,0,0,58,0,58,0,7,72,0,79,66,0,66,145
07/30/2020,OLV,MS,ASO,ES,Federal Contract Tower,0,3,9,0,12,0,2,10,0,12,0,5,19,0,24,48,0,48,72
07/31/2020,OLV,MS,ASO,ES,Federal Contract Tower,0,9,7,0,16,0,1,20,0,21,0,10,27,0,37,42,0,42,79
08/01/2020,OLV,MS,ASO,ES,Federal Contract Tower,0,3,17,2,22,0,4,13,0,17,0,7,30,2,39,14,0,14,53
08/02/2020,OLV,MS,ASO,ES,Federal Contract Tower,0,26,4,0,30,0,11,44,0,55,0,37,48,0,85,62,0,62,147
08/03/2020,OLV,MS,ASO,ES,Federal Contract Tower,0,5,7,0,12,0,2,81,2,85,0,7,88,2,97,88,0,88,185
08/04/2020,OLV,MS,ASO,ES,Federal Contract Tower,0,5,26,0,31,0,4,75,0,79,0,9,101,0,110,84,0,84,194
08/05/2020,OLV,MS,ASO,ES,Federal Contract Tower,0,11,20,0,31,0,7,106,0,113,0,18,126,0,144,104,0,104,248
08/06/2020,OLV,MS,ASO,ES,Federal Contract Tower,0,20,22,0,42,0,4,124,0,128,0,24,146,0,170,118,0,118,288
08/07/2020,OLV,MS,ASO,ES,Federal Contract Tower,0,8,16,0,24,0,2,120,0,122,0,10,136,0,146,128,0,128,274
08/08/2020,OLV,MS,ASO,ES,Federal Contract Tower,0,9,12,0,21,0,3,69,0,72,0,12,81,0,93,62,0,62,155
08/09/2020,OLV,MS,ASO,ES,Federal Contract Tower,0,5,11,0,16,0,4,65,0,69,0,9,76,0,85,50,0,50,135
08/10/2020,OLV,MS,ASO,ES,Federal Contract Tower,0,11,6,0,17,0,6,112,0,118,0,17,118,0,135,130,0,130,265
08/11/2020,OLV,MS,ASO,ES,Federal Contract Tower,0,9,17,0,26,0,1,65,0,66,0,10,82,0,92,108,0,108,200
08/12/2020,OLV,MS,ASO,ES,Federal Contract Tower,0,13,12,0,25,0,0,61,0,61,0,13,73,0,86,92,0,92,178
08/13/2020,OLV,MS,ASO,ES,Federal Contract Tower,0,11,11,0,22,0,0,44,0,44,0,11,55,0,66,50,0,50,116
08/14/2020,OLV,MS,ASO,ES,Federal Contract Tower,0,6,10,0,16,0,0,22,0,22,0,6,32,0,38,24,0,24,62
08/15/2020,OLV,MS,ASO,ES,Federal Contract Tower,0,8,18,0,26,0,0,102,0,102,0,8,120,0,128,178,0,178,306
08/16/2020,OLV,MS,ASO,ES,Federal Contract Tower,0,8,14,0,22,0,5,54,0,59,0,13,68,0,81,98,0,98,179
08/17/2020,OLV,MS,ASO,ES,Federal Contract Tower,0,3,20,0,23,0,0,105,0,105,0,3,125,0,128,120,0,120,248
08/18/2020,OLV,MS,ASO,ES,Federal Contract Tower,0,10,16,0,26,0,4,71,0,75,0,14,87,0,101,118,0,118,219
08/19/2020,OLV,MS,ASO,ES,Federal Contract Tower,0,3,40,0,43,0,0,49,0,49,0,3,89,0,92,122,0,122,214
08/20/2020,OLV,MS,ASO,ES,Federal Contract Tower,0,5,29,0,34,0,0,98,0,98,0,5,127,0,132,160,0,160,292
08/21/2020,OLV,MS,ASO,ES,Federal Contract Tower,0,6,10,0,16,0,1,42,0,43,0,7,52,0,59,58,0,58,117
08/22/2020,OLV,MS,ASO,ES,Federal Contract Tower,0,5,7,0,12,0,4,96,0,100,0,9,103,0,112,124,0,124,236
08/23/2020,OLV,MS,ASO,ES,Federal Contract Tower,0,3,21,0,24,0,4,90,0,94,0,7,111,0,118,132,0,132,250
08/24/2020,OLV,MS,ASO,ES,Federal Contract Tower,0,5,18,0,23,0,0,78,0,78,0,5,96,0,101,166,0,166,267
08/25/2020,OLV,MS,ASO,ES,Federal Contract Tower,0,12,15,0,27,0,2,85,0,87,0,14,100,0,114,122,0,122,236
08/26/2020,OLV,MS,ASO,ES,Federal Contract Tower,0,14,38,2,54,0,2,41,0,43,0,16,79,2,97,48,0,48,145
08/27/2020,OLV,MS,ASO,ES,Federal Contract Tower,0,7,13,0,20,0,0,29,0,29,0,7,42,0,49,84,0,84,133
08/28/2020,OLV,MS,ASO,ES,Federal Contract Tower,0,0,0,0,0,0,0,0,0,0,0,0,0,0,0,0,0,0,0
08/29/2020,OLV,MS,ASO,ES,Federal Contract Tower,0,1,19,0,20,0,2,28,0,30,0,3,47,0,50,66,0,66,116
08/30/2020,OLV,MS,ASO,ES,Federal Contract Tower,0,2,17,0,19,0,0,40,0,40,0,2,57,0,59,58,0,58,117
08/31/2020,OLV,MS,ASO,ES,Federal Contract Tower,0,3,23,0,26,0,0,57,0,57,0,3,80,0,83,102,0,102,185
09/01/2020,OLV,MS,ASO,ES,Federal Contract Tower,0,10,24,0,34,0,7,57,0,64,0,17,81,0,98,90,0,90,188
09/02/2020,OLV,MS,ASO,ES,Federal Contract Tower,0,12,17,0,29,0,0,18,0,18,0,12,35,0,47,88,0,88,135
09/03/2020,OLV,MS,ASO,ES,Federal Contract Tower,0,12,20,0,32,0,4,55,0,59,0,16,75,0,91,118,0,118,209
09/04/2020,OLV,MS,ASO,ES,Federal Contract Tower,0,15,39,0,54,0,2,60,0,62,0,17,99,0,116,84,0,84,200
09/05/2020,OLV,MS,ASO,ES,Federal Contract Tower,0,4,4,0,8,0,0,75,1,76,0,4,79,1,84,104,0,104,188
09/06/2020,OLV,MS,ASO,ES,Federal Contract Tower,0,4,7,0,11,0,1,70,0,71,0,5,77,0,82,56,0,56,138
09/07/2020,OLV,MS,ASO,ES,Federal Contract Tower,0,7,22,0,29,0,0,80,0,80,0,7,102,0,109,86,0,86,195
09/08/2020,OLV,MS,ASO,ES,Federal Contract Tower,0,10,18,0,28,0,0,94,0,94,0,10,112,0,122,138,0,138,260
09/09/2020,OLV,MS,ASO,ES,Federal Contract Tower,0,4,12,0,16,0,1,106,0,107,0,5,118,0,123,182,0,182,305
09/10/2020,OLV,MS,ASO,ES,Federal Contract Tower,0,13,12,0,25,0,2,101,0,103,0,15,113,0,128,120,0,120,248
09/11/2020,OLV,MS,ASO,ES,Federal Contract Tower,0,7,9,0,16,0,131,0,0,131,0,138,9,0,147,188,0,188,335
09/12/2020,OLV,MS,ASO,ES,Federal Contract Tower,0,5,9,0,14,0,0,26,0,26,0,5,35,0,40,36,0,36,76
09/13/2020,OLV,MS,ASO,ES,Federal Contract Tower,0,2,7,0,9,0,0,33,0,33,0,2,40,0,42,70,0,70,112
09/14/2020,OLV,MS,ASO,ES,Federal Contract Tower,0,6,19,0,25,0,2,31,0,33,0,8,50,0,58,76,0,76,134
09/15/2020,OLV,MS,ASO,ES,Federal Contract Tower,0,15,31,0,46,0,2,100,0,102,0,17,131,0,148,180,0,180,328
09/16/2020,OLV,MS,ASO,ES,Federal Contract Tower,0,13,27,0,40,0,5,105,0,110,0,18,132,0,150,130,0,130,280
09/17/2020,OLV,MS,ASO,ES,Federal Contract Tower,0,3,18,0,21,0,1,70,0,71,0,4,88,0,92,132,0,132,224
09/18/2020,OLV,MS,ASO,ES,Federal Contract Tower,0,12,24,0,36,0,1,77,0,78,0,13,101,0,114,128,0,128,242
09/19/2020,OLV,MS,ASO,ES,Federal Contract Tower,0,4,18,0,22,0,3,101,0,104,0,7,119,0,126,170,0,170,296
09/20/2020,OLV,MS,ASO,ES,Federal Contract Tower,0,11,10,0,21,0,6,92,0,98,0,17,102,0,119,152,0,152,271
09/21/2020,OLV,MS,ASO,ES,Federal Contract Tower,0,13,18,0,31,0,6,107,0,113,0,19,125,0,144,146,0,146,290
09/22/2020,OLV,MS,ASO,ES,Federal Contract Tower,0,14,16,0,30,0,4,90,0,94,0,18,106,0,124,106,0,106,230
09/23/2020,OLV,MS,ASO,ES,Federal Contract Tower,0,12,9,0,21,0,0,3,0,3,0,12,12,0,24,6,0,6,30
09/24/2020,OLV,MS,ASO,ES,Federal Contract Tower,0,14,12,0,26,0,0,1,0,1,0,14,13,0,27,0,0,0,27
09/25/2020,OLV,MS,ASO,ES,Federal Contract Tower,0,12,28,2,42,0,2,36,0,38,0,14,64,2,80,76,0,76,156
09/26/2020,OLV,MS,ASO,ES,Federal Contract Tower,0,4,13,0,17,0,0,46,0,46,0,4,59,0,63,58,0,58,121
09/27/2020,OLV,MS,ASO,ES,Federal Contract Tower,0,11,15,0,26,0,0,95,0,95,0,11,110,0,121,180,0,180,301
09/28/2020,OLV,MS,ASO,ES,Federal Contract Tower,0,12,16,0,28,0,3,42,0,45,0,15,58,0,73,70,0,70,143
09/29/2020,OLV,MS,ASO,ES,Federal Contract Tower,0,3,22,0,25,0,4,164,0,168,0,7,186,0,193,138,0,138,331
09/30/2020,OLV,MS,ASO,ES,Federal Contract Tower,0,11,22,0,33,0,4,119,0,123,0,15,141,0,156,218,0,218,374
10/01/2020,OLV,MS,ASO,ES,Federal Contract Tower,0,12,33,0,45,0,9,112,0,121,0,21,145,0,166,136,0,136,302
10/02/2020,OLV,MS,ASO,ES,Federal Contract Tower,0,10,35,0,45,0,7,117,2,126,0,17,152,2,171,158,2,160,331
10/03/2020,OLV,MS,ASO,ES,Federal Contract Tower,0,8,14,0,22,0,1,92,2,95,0,9,106,2,117,70,4,74,191
10/04/2020,OLV,MS,ASO,ES,Federal Contract Tower,0,10,25,0,35,0,0,98,0,98,0,10,123,0,133,154,0,154,287
10/05/2020,OLV,MS,ASO,ES,Federal Contract Tower,0,9,28,0,37,0,0,127,2,129,0,9,155,2,166,182,4,186,352
10/06/2020,OLV,MS,ASO,ES,Federal Contract Tower,0,9,26,1,36,0,4,119,3,126,0,13,145,4,162,206,12,218,380
10/07/2020,OLV,MS,ASO,ES,Federal Contract Tower,0,15,40,3,58,0,1,137,0,138,0,16,177,3,196,240,0,240,436
10/08/2020,OLV,MS,ASO,ES,Federal Contract Tower,0,11,19,0,30,0,2,84,0,86,0,13,103,0,116,80,0,80,196
10/09/2020,OLV,MS,ASO,ES,Federal Contract Tower,0,5,15,0,20,0,0,64,0,64,0,5,79,0,84,72,0,72,156
10/10/2020,OLV,MS,ASO,ES,Federal Contract Tower,0,1,2,0,3,0,0,0,0,0,0,1,2,0,3,0,0,0,3
10/11/2020,OLV,MS,ASO,ES,Federal Contract Tower,0,20,14,0,34,0,2,9,0,11,0,22,23,0,45,16,0,16,61
10/12/2020,OLV,MS,ASO,ES,Federal Contract Tower,0,8,32,1,41,0,3,55,0,58,0,11,87,1,99,80,0,80,179
10/13/2020,OLV,MS,ASO,ES,Federal Contract Tower,0,11,24,1,36,0,0,116,1,117,0,11,140,2,153,130,0,130,283
10/14/2020,OLV,MS,ASO,ES,Federal Contract Tower,0,12,21,0,33,0,4,99,0,103,0,16,120,0,136,104,0,104,240
10/15/2020,OLV,MS,ASO,ES,Federal Contract Tower,0,6,32,0,38,0,0,64,0,64,0,6,96,0,102,134,0,134,236
10/16/2020,OLV,MS,ASO,ES,Federal Contract Tower,0,11,23,0,34,0,2,115,0,117,0,13,138,0,151,167,0,167,318
10/17/2020,OLV,MS,ASO,ES,Federal Contract Tower,0,4,17,0,21,0,3,73,2,78,0,7,90,2,99,56,0,56,155
10/18/2020,OLV,MS,ASO,ES,Federal Contract Tower,0,6,17,0,23,0,1,68,0,69,0,7,85,0,92,56,0,56,148
10/19/2020,OLV,MS,ASO,ES,Federal Contract Tower,0,1,0,0,1,0,1,2,0,3,0,2,2,0,4,30,0,30,34
10/20/2020,OLV,MS,ASO,ES,Federal Contract Tower,0,0,0,0,0,0,2,0,0,2,0,2,0,0,2,0,0,0,2
10/21/2020,OLV,MS,ASO,ES,Federal Contract Tower,0,0,0,0,0,0,6,0,0,6,0,6,0,0,6,10,0,10,16
10/22/2020,OLV,MS,ASO,ES,Federal Contract Tower,0,0,0,0,0,0,10,0,0,10,0,10,0,0,10,0,0,0,10
10/23/2020,OLV,MS,ASO,ES,Federal Contract Tower,0,0,0,0,0,0,2,0,0,2,0,2,0,0,2,20,0,20,22
10/24/2020,OLV,MS,ASO,ES,Federal Contract Tower,0,0,0,0,0,0,0,0,0,0,0,0,0,0,0,0,0,0,0
10/25/2020,OLV,MS,ASO,ES,Federal Contract Tower,0,1,0,0,1,0,0,0,0,0,0,1,0,0,1,0,0,0,1
10/26/2020,OLV,MS,ASO,ES,Federal Contract Tower,0,0,0,0,0,0,0,0,0,0,0,0,0,0,0,0,0,0,0
10/27/2020,OLV,MS,ASO,ES,Federal Contract Tower,0,0,0,0,0,0,0,5,0,5,0,0,5,0,5,0,0,0,5
10/28/2020,OLV,MS,ASO,ES,Federal Contract Tower,0,0,0,0,0,0,0,0,0,0,0,0,0,0,0,0,0,0,0
10/29/2020,OLV,MS,ASO,ES,Federal Contract Tower,0,0,0,0,0,0,0,0,0,0,0,0,0,0,0,0,0,0,0
10/30/2020,OLV,MS,ASO,ES,Federal Contract Tower,0,0,0,0,0,0,0,1,0,1,0,0,1,0,1,0,0,0,1
10/31/2020,OLV,MS,ASO,ES,Federal Contract Tower,0,0,0,0,0,0,0,1,0,1,0,0,1,0,1,0,0,0,1
11/01/2020,OLV,MS,ASO,ES,Federal Contract Tower,0,0,0,0,0,0,2,3,0,5,0,2,3,0,5,0,0,0,5
11/02/2020,OLV,MS,ASO,ES,Federal Contract Tower,0,7,18,0,25,0,6,76,0,82,0,13,94,0,107,148,0,148,255
11/03/2020,OLV,MS,ASO,ES,Federal Contract Tower,0,9,18,0,27,0,3,100,0,103,0,12,118,0,130,166,0,166,296
11/04/2020,OLV,MS,ASO,ES,Federal Contract Tower,0,7,19,0,26,0,11,115,0,126,0,18,134,0,152,252,0,252,404
11/05/2020,OLV,MS,ASO,ES,Federal Contract Tower,0,14,15,0,29,0,2,80,0,82,0,16,95,0,111,236,0,236,347
11/06/2020,OLV,MS,ASO,ES,Federal Contract Tower,0,1,21,4,26,0,7,124,0,131,0,8,145,4,157,292,0,292,449
11/07/2020,OLV,MS,ASO,ES,Federal Contract Tower,0,7,21,0,28,0,2,82,0,84,0,9,103,0,112,152,0,152,264
11/08/2020,OLV,MS,ASO,ES,Federal Contract Tower,0,6,14,0,20,0,0,85,0,85,0,6,99,0,105,122,0,122,227
11/09/2020,OLV,MS,ASO,ES,Federal Contract Tower,0,2,23,0,25,0,2,35,0,37,0,4,58,0,62,128,0,128,190
11/10/2020,OLV,MS,ASO,ES,Federal Contract Tower,0,12,18,0,30,0,0,40,0,40,0,12,58,0,70,166,0,166,236
11/11/2020,OLV,MS,ASO,ES,Federal Contract Tower,0,3,17,0,20,0,11,119,0,130,0,14,136,0,150,184,0,184,334
11/12/2020,OLV,MS,ASO,ES,Federal Contract Tower,0,11,33,0,44,0,9,106,2,117,0,20,139,2,161,150,10,160,321
11/13/2020,OLV,MS,ASO,ES,Federal Contract Tower,0,8,25,0,33,0,6,142,0,148,0,14,167,0,181,300,0,300,481
11/14/2020,OLV,MS,ASO,ES,Federal Contract Tower,0,11,2,0,13,0,2,76,0,78,0,13,78,0,91,108,0,108,199
11/15/2020,OLV,MS,ASO,ES,Federal Contract Tower,0,6,3,0,9,0,7,8,0,15,0,13,11,0,24,0,0,0,24
11/16/2020,OLV,MS,ASO,ES,Federal Contract Tower,0,5,11,0,16,0,3,134,0,137,0,8,145,0,153,280,0,280,433
11/17/2020,OLV,MS,ASO,ES,Federal Contract Tower,0,21,27,0,48,0,5,105,0,110,0,26,132,0,158,244,0,244,402
11/18/2020,OLV,MS,ASO,ES,Federal Contract Tower,0,3,19,0,22,0,1,119,0,120,0,4,138,0,142,240,0,240,382
11/19/2020,OLV,MS,ASO,ES,Federal Contract Tower,0,18,24,0,42,0,8,79,0,87,0,26,103,0,129,98,0,98,227
11/20/2020,OLV,MS,ASO,ES,Federal Contract Tower,0,8,57,0,65,0,8,103,0,111,0,16,160,0,176,116,0,116,292
11/21/2020,OLV,MS,ASO,ES,Federal Contract Tower,0,11,20,0,31,0,3,83,2,88,0,14,103,2,119,290,4,294,413
11/22/2020,OLV,MS,ASO,ES,Federal Contract Tower,0,4,12,0,16,0,0,3,0,3,0,4,15,0,19,0,0,0,19
11/23/2020,OLV,MS,ASO,ES,Federal Contract Tower,0,10,21,0,31,0,2,112,2,116,0,12,133,2,147,150,6,156,303
11/24/2020,OLV,MS,ASO,ES,Federal Contract Tower,0,10,23,0,33,0,6,107,0,113,0,16,130,0,146,180,0,180,326
11/25/2020,OLV,MS,ASO,ES,Federal Contract Tower,0,3,3,0,6,0,2,17,0,19,0,5,20,0,25,34,0,34,59
11/26/2020,OLV,MS,ASO,ES,Federal Contract Tower,0,1,3,0,4,0,2,48,0,50,0,3,51,0,54,108,0,108,162
11/27/2020,OLV,MS,ASO,ES,Federal Contract Tower,0,11,24,0,35,0,0,62,0,62,0,11,86,0,97,128,0,128,225
11/28/2020,OLV,MS,ASO,ES,Federal Contract Tower,0,5,12,0,17,0,0,90,0,90,0,5,102,0,107,138,0,138,245
11/29/2020,OLV,MS,ASO,ES,Federal Contract Tower,0,9,4,0,13,0,0,7,0,7,0,9,11,0,20,16,0,16,36
11/30/2020,OLV,MS,ASO,ES,Federal Contract Tower,0,7,4,0,11,0,5,11,0,16,0,12,15,0,27,4,0,4,31
12/01/2020,OLV,MS,ASO,ES,Federal Contract Tower,0,11,39,0,50,0,1,125,2,128,0,12,164,2,178,168,0,168,346
12/02/2020,OLV,MS,ASO,ES,Federal Contract Tower,0,8,43,1,52,0,0,94,2,96,0,8,137,3,148,204,10,214,362
12/03/2020,OLV,MS,ASO,ES,Federal Contract Tower,0,3,6,0,9,0,0,0,0,0,0,3,6,0,9,0,0,0,9
12/04/2020,OLV,MS,ASO,ES,Federal Contract Tower,0,7,10,0,17,0,0,51,0,51,0,7,61,0,68,92,0,92,160
12/05/2020,OLV,MS,ASO,ES,Federal Contract Tower,0,6,27,2,35,0,6,137,6,149,0,12,164,8,184,136,14,150,334
12/06/2020,OLV,MS,ASO,ES,Federal Contract Tower,0,9,23,0,32,0,3,85,0,88,0,12,108,0,120,112,0,112,232
12/07/2020,OLV,MS,ASO,ES,Federal Contract Tower,0,5,20,0,25,0,2,101,0,103,0,7,121,0,128,210,0,210,338
12/08/2020,OLV,MS,ASO,ES,Federal Contract Tower,0,9,29,0,38,0,10,130,2,142,0,19,159,2,180,244,12,256,436
12/09/2020,OLV,MS,ASO,ES,Federal Contract Tower,0,11,22,0,33,0,15,120,2,137,0,26,142,2,170,190,0,190,360
12/10/2020,OLV,MS,ASO,ES,Federal Contract Tower,0,9,30,0,39,0,5,128,2,135,0,14,158,2,174,184,0,184,358
12/11/2020,OLV,MS,ASO,ES,Federal Contract Tower,0,11,32,0,43,0,0,96,0,96,0,11,128,0,139,188,0,188,327
12/12/2020,OLV,MS,ASO,ES,Federal Contract Tower,0,7,10,0,17,0,2,52,0,54,0,9,62,0,71,54,0,54,125
12/13/2020,OLV,MS,ASO,ES,Federal Contract Tower,0,7,8,0,15,0,1,56,0,57,0,8,64,0,72,104,0,104,176
12/14/2020,OLV,MS,ASO,ES,Federal Contract Tower,0,3,12,1,16,0,6,69,2,77,0,9,81,3,93,136,4,140,233
12/15/2020,OLV,MS,ASO,ES,Federal Contract Tower,0,4,7,0,11,0,0,20,2,22,0,4,27,2,33,70,0,70,103
12/16/2020,OLV,MS,ASO,ES,Federal Contract Tower,0,10,0,0,10,0,2,14,0,16,0,12,14,0,26,90,0,90,116
12/17/2020,OLV,MS,ASO,ES,Federal Contract Tower,0,8,40,0,48,0,5,124,2,131,0,13,164,2,179,150,0,150,329
12/18/2020,OLV,MS,ASO,ES,Federal Contract Tower,0,13,24,4,41,0,4,100,2,106,0,17,124,6,147,78,2,80,227
12/19/2020,OLV,MS,ASO,ES,Federal Contract Tower,0,6,3,0,9,0,0,2,0,2,0,6,5,0,11,4,0,4,15
12/20/2020,OLV,MS,ASO,ES,Federal Contract Tower,0,8,8,0,16,0,0,0,0,0,0,8,8,0,16,0,0,0,16
12/21/2020,OLV,MS,ASO,ES,Federal Contract Tower,0,7,17,1,25,0,6,63,1,70,0,13,80,2,95,64,0,64,159
12/22/2020,OLV,MS,ASO,ES,Federal Contract Tower,0,10,21,0,31,0,3,132,0,135,0,13,153,0,166,186,0,186,352
12/23/2020,OLV,MS,ASO,ES,Federal Contract Tower,0,14,2,0,16,0,0,3,0,3,0,14,5,0,19,2,0,2,21
12/24/2020,OLV,MS,ASO,ES,Federal Contract Tower,0,3,2,0,5,0,0,7,0,7,0,3,9,0,12,4,0,4,16
12/25/2020,OLV,MS,ASO,ES,Federal Contract Tower,0,2,6,0,8,0,2,3,0,5,0,4,9,0,13,0,0,0,13
12/26/2020,OLV,MS,ASO,ES,Federal Contract Tower,0,11,18,0,29,0,4,59,4,67,0,15,77,4,96,54,8,62,158
12/27/2020,OLV,MS,ASO,ES,Federal Contract Tower,0,9,9,0,18,0,2,27,2,31,0,11,36,2,49,22,4,26,75
12/28/2020,OLV,MS,ASO,ES,Federal Contract Tower,0,5,16,0,21,0,4,71,0,75,0,9,87,0,96,118,0,118,214
12/29/2020,OLV,MS,ASO,ES,Federal Contract Tower,0,11,31,0,42,1,3,63,0,67,1,14,94,0,109,190,0,190,299
12/30/2020,OLV,MS,ASO,ES,Federal Contract Tower,0,5,5,0,10,0,0,1,0,1,0,5,6,0,11,2,0,2,13
12/31/2020,OLV,MS,ASO,ES,Federal Contract Tower,0,1,0,0,1,0,0,0,0,0,0,1,0,0,1,0,0,0,1
01/01/2021,OLV,MS,ASO,ES,Federal Contract Tower,0,6,3,0,9,0,0,3,0,3,0,6,6,0,12,18,0,18,30
01/02/2021,OLV,MS,ASO,ES,Federal Contract Tower,0,11,11,0,22,0,0,0,0,0,0,11,11,0,22,0,0,0,22
01/03/2021,OLV,MS,ASO,ES,Federal Contract Tower,0,14,27,0,41,0,0,78,0,78,0,14,105,0,119,72,0,72,191
01/04/2021,OLV,MS,ASO,ES,Federal Contract Tower,0,3,23,0,26,0,1,99,0,100,0,4,122,0,126,134,0,134,260
01/05/2021,OLV,MS,ASO,ES,Federal Contract Tower,0,11,27,0,38,0,2,109,0,111,0,13,136,0,149,118,0,118,267
01/06/2021,OLV,MS,ASO,ES,Federal Contract Tower,0,7,26,0,33,0,3,82,0,85,0,10,108,0,118,108,0,108,226
01/07/2021,OLV,MS,ASO,ES,Federal Contract Tower,0,11,2,0,13,0,0,0,0,0,0,11,2,0,13,0,0,0,13
01/08/2021,OLV,MS,ASO,ES,Federal Contract Tower,0,10,4,0,14,0,0,4,0,4,0,10,8,0,18,6,0,6,24
01/09/2021,OLV,MS,ASO,ES,Federal Contract Tower,0,10,4,0,14,0,5,33,0,38,0,15,37,0,52,54,0,54,106
01/10/2021,OLV,MS,ASO,ES,Federal Contract Tower,0,6,8,0,14,0,0,25,0,25,0,6,33,0,39,156,0,156,195
01/11/2021,OLV,MS,ASO,ES,Federal Contract Tower,0,4,6,0,10,0,0,0,0,0,0,4,6,0,10,0,0,0,10
01/12/2021,OLV,MS,ASO,ES,Federal Contract Tower,0,10,12,0,22,0,0,80,2,82,0,10,92,2,104,116,12,128,232
01/13/2021,OLV,MS,ASO,ES,Federal Contract Tower,0,10,16,0,26,0,2,83,2,87,0,12,99,2,113,92,6,98,211
01/15/2021,OLV,MS,ASO,ES,Federal Contract Tower,0,3,10,0,13,0,0,21,0,21,0,3,31,0,34,2,0,2,36
01/16/2021,OLV,MS,ASO,ES,Federal Contract Tower,0,6,12,0,18,0,2,59,0,61,0,8,71,0,79,62,0,62,141
01/17/2021,OLV,MS,ASO,ES,Federal Contract Tower,0,4,23,0,27,0,3,50,0,53,0,7,73,0,80,16,0,16,96
01/18/2021,OLV,MS,ASO,ES,Federal Contract Tower,0,20,23,0,43,0,0,108,0,108,0,20,131,0,151,130,0,130,281
01/19/2021,OLV,MS,ASO,ES,Federal Contract Tower,0,8,14,0,22,0,4,94,0,98,0,12,108,0,120,118,0,118,238
01/20/2021,OLV,MS,ASO,ES,Federal Contract Tower,0,8,22,0,30,0,11,109,0,120,0,19,131,0,150,170,0,170,320
01/21/2021,OLV,MS,ASO,ES,Federal Contract Tower,0,5,18,0,23,0,5,10,0,15,0,10,28,0,38,20,0,20,58
01/22/2021,OLV,MS,ASO,ES,Federal Contract Tower,0,14,30,0,44,0,0,58,0,58,0,14,88,0,102,90,0,90,192
01/23/2021,OLV,MS,ASO,ES,Federal Contract Tower,0,6,24,0,30,0,0,89,7,96,0,6,113,7,126,102,4,106,232
01/24/2021,OLV,MS,ASO,ES,Federal Contract Tower,0,4,9,0,13,0,0,2,0,2,0,4,11,0,15,0,0,0,15
01/25/2021,OLV,MS,ASO,ES,Federal Contract Tower,0,6,2,0,8,0,4,0,0,4,0,10,2,0,12,0,0,0,12
01/26/2021,OLV,MS,ASO,ES,Federal Contract Tower,0,17,23,0,40,0,3,101,0,104,0,20,124,0,144,138,0,138,282
01/27/2021,OLV,MS,ASO,ES,Federal Contract Tower,0,9,3,0,12,0,0,5,0,5,0,9,8,0,17,28,0,28,45
01/28/2021,OLV,MS,ASO,ES,Federal Contract Tower,0,14,19,0,33,0,3,104,2,109,0,17,123,2,142,132,6,138,280
01/29/2021,OLV,MS,ASO,ES,Federal Contract Tower,0,10,30,0,40,0,2,161,8,171,0,12,191,8,211,258,4,262,473
01/30/2021,OLV,MS,ASO,ES,Federal Contract Tower,0,7,5,0,12,0,1,12,0,13,0,8,17,0,25,20,0,20,45
01/31/2021,OLV,MS,ASO,ES,Federal Contract Tower,0,9,1,0,10,0,4,2,0,6,0,13,3,0,16,2,0,2,18
02/01/2021,OLV,MS,ASO,ES,Federal Contract Tower,0,5,20,0,25,0,0,21,0,21,0,5,41,0,46,104,0,104,150
02/02/2021,OLV,MS,ASO,ES,Federal Contract Tower,0,9,20,0,29,0,0,120,0,120,0,9,140,0,149,248,0,248,397
02/03/2021,OLV,MS,ASO,ES,Federal Contract Tower,0,4,24,1,29,0,7,126,4,137,0,11,150,5,166,200,2,202,368
02/04/2021,OLV,MS,ASO,ES,Federal Contract Tower,0,8,2,0,10,0,0,2,0,2,0,8,4,0,12,0,0,0,12
02/05/2021,OLV,MS,ASO,ES,Federal Contract Tower,0,11,13,0,24,0,4,117,0,121,0,15,130,0,145,149,0,149,294
02/07/2021,OLV,MS,ASO,ES,Federal Contract Tower,0,7,3,0,10,0,0,30,0,30,0,7,33,0,40,6,0,6,46
02/08/2021,OLV,MS,ASO,ES,Federal Contract Tower,0,1,24,0,25,0,3,103,0,106,0,4,127,0,131,192,0,192,323
02/09/2021,OLV,MS,ASO,ES,Federal Contract Tower,0,12,4,0,16,0,0,9,0,9,0,12,13,0,25,70,0,70,95
02/10/2021,OLV,MS,ASO,ES,Federal Contract Tower,0,10,0,0,10,0,0,0,0,0,0,10,0,0,10,0,0,0,10
02/11/2021,OLV,MS,ASO,ES,Federal Contract Tower,0,0,1,0,1,0,0,0,0,0,0,0,1,0,1,0,0,0,1
02/12/2021,OLV,MS,ASO,ES,Federal Contract Tower,0,10,0,0,10,0,0,3,0,3,0,10,3,0,13,0,0,0,13
02/13/2021,OLV,MS,ASO,ES,Federal Contract Tower,0,2,1,0,3,0,0,0,0,0,0,2,1,0,3,0,0,0,3
02/14/2021,OLV,MS,ASO,ES,Federal Contract Tower,0,1,1,0,2,0,0,0,0,0,0,1,1,0,2,0,0,0,2
02/15/2021,OLV,MS,ASO,ES,Federal Contract Tower,0,0,0,0,0,0,0,0,0,0,0,0,0,0,0,0,0,0,0
02/16/2021,OLV,MS,ASO,ES,Federal Contract Tower,0,0,0,0,0,0,4,0,0,4,0,4,0,0,4,0,0,0,4
02/17/2021,OLV,MS,ASO,ES,Federal Contract Tower,0,0,0,0,0,0,0,0,0,0,0,0,0,0,0,0,0,0,0
02/18/2021,OLV,MS,ASO,ES,Federal Contract Tower,0,0,0,0,0,0,0,0,0,0,0,0,0,0,0,0,0,0,0
02/19/2021,OLV,MS,ASO,ES,Federal Contract Tower,0,0,0,0,0,0,2,0,0,2,0,2,0,0,2,0,0,0,2
02/20/2021,OLV,MS,ASO,ES,Federal Contract Tower,0,0,0,0,0,0,0,0,2,2,0,0,0,2,2,0,0,0,2
02/21/2021,OLV,MS,ASO,ES,Federal Contract Tower,0,2,0,0,2,0,2,6,0,8,0,4,6,0,10,0,0,0,10
02/22/2021,OLV,MS,ASO,ES,Federal Contract Tower,0,11,21,0,32,0,1,98,0,99,0,12,119,0,131,189,0,189,320
02/23/2021,OLV,MS,ASO,ES,Federal Contract Tower,0,6,23,1,30,0,0,111,0,111,0,6,134,1,141,162,0,162,303
02/24/2021,OLV,MS,ASO,ES,Federal Contract Tower,0,5,11,0,16,0,0,60,0,60,0,5,71,0,76,98,0,98,174
02/25/2021,OLV,MS,ASO,ES,Federal Contract Tower,0,10,25,0,35,0,3,105,3,111,0,13,130,3,146,100,0,100,246
02/26/2021,OLV,MS,ASO,ES,Federal Contract Tower,0,9,3,0,12,0,0,0,0,0,0,9,3,0,12,0,0,0,12
02/27/2021,OLV,MS,ASO,ES,Federal Contract Tower,0,4,5,0,9,0,0,0,0,0,0,4,5,0,9,0,0,0,9
02/28/2021,OLV,MS,ASO,ES,Federal Contract Tower,0,1,5,0,6,0,0,0,0,0,0,1,5,0,6,0,0,0,6
03/01/2021,OLV,MS,ASO,ES,Federal Contract Tower,0,13,19,0,32,0,6,84,0,90,0,19,103,0,122,58,0,58,180
03/02/2021,OLV,MS,ASO,ES,Federal Contract Tower,0,13,7,0,20,0,3,61,0,64,0,16,68,0,84,120,0,120,204
03/03/2021,OLV,MS,ASO,ES,Federal Contract Tower,0,10,29,3,42,0,3,114,4,121,0,13,143,7,163,222,8,230,393
03/04/2021,OLV,MS,ASO,ES,Federal Contract Tower,0,9,27,0,36,0,16,133,0,149,0,25,160,0,185,232,0,232,417
03/06/2021,OLV,MS,ASO,ES,Federal Contract Tower,0,8,26,0,34,0,2,133,4,139,0,10,159,4,173,114,0,114,287
03/07/2021,OLV,MS,ASO,ES,Federal Contract Tower,0,7,5,0,12,0,1,128,0,129,0,8,133,0,141,144,0,144,285
03/08/2021,OLV,MS,ASO,ES,Federal Contract Tower,0,14,16,0,30,0,5,121,0,126,0,19,137,0,156,120,0,120,276
03/09/2021,OLV,MS,ASO,ES,Federal Contract Tower,0,9,19,0,28,0,0,63,0,63,0,9,82,0,91,80,0,80,171
03/10/2021,OLV,MS,ASO,ES,Federal Contract Tower,0,7,10,0,17,0,4,15,0,19,0,11,25,0,36,0,0,0,36
03/11/2021,OLV,MS,ASO,ES,Federal Contract Tower,0,13,13,0,26,0,0,18,0,18,0,13,31,0,44,36,0,36,80
03/12/2021,OLV,MS,ASO,ES,Federal Contract Tower,0,9,9,0,18,0,0,63,0,63,0,9,72,0,81,66,0,66,147
03/13/2021,OLV,MS,ASO,ES,Federal Contract Tower,0,8,26,0,34,0,0,21,0,21,0,8,47,0,55,6,0,6,61
03/14/2021,OLV,MS,ASO,ES,Federal Contract Tower,0,12,10,0,22,0,0,96,0,96,0,12,106,0,118,52,0,52,170
03/15/2021,OLV,MS,ASO,ES,Federal Contract Tower,0,4,12,0,16,0,0,80,0,80,0,4,92,0,96,78,0,78,174
03/16/2021,OLV,MS,ASO,ES,Federal Contract Tower,0,7,23,0,30,0,3,101,0,104,0,10,124,0,134,184,0,184,318
03/17/2021,OLV,MS,ASO,ES,Federal Contract Tower,0,5,0,0,5,0,0,0,0,0,0,5,0,0,5,0,0,0,5
03/18/2021,OLV,MS,ASO,ES,Federal Contract Tower,0,9,0,0,9,2,2,2,0,6,2,11,2,0,15,0,0,0,15
03/19/2021,OLV,MS,ASO,ES,Federal Contract Tower,0,13,9,1,23,0,2,24,1,27,0,15,33,2,50,64,2,66,116
03/20/2021,OLV,MS,ASO,ES,Federal Contract Tower,0,7,29,0,36,0,12,104,0,116,0,19,133,0,152,214,0,214,366
03/21/2021,OLV,MS,ASO,ES,Federal Contract Tower,0,10,25,0,35,0,2,113,0,115,0,12,138,0,150,74,0,74,224
03/22/2021,OLV,MS,ASO,ES,Federal Contract Tower,0,13,30,0,43,0,1,102,1,104,0,14,132,1,147,136,0,136,283
03/23/2021,OLV,MS,ASO,ES,Federal Contract Tower,0,13,7,0,20,0,0,3,0,3,0,13,10,0,23,0,0,0,23
03/24/2021,OLV,MS,ASO,ES,Federal Contract Tower,0,15,49,0,64,0,20,82,0,102,0,35,131,0,166,154,0,154,320
03/25/2021,OLV,MS,ASO,ES,Federal Contract Tower,0,7,4,0,11,0,0,1,0,1,0,7,5,0,12,0,0,0,12
03/26/2021,OLV,MS,ASO,ES,Federal Contract Tower,0,10,35,2,47,0,6,138,4,148,0,16,173,6,195,236,10,246,441
03/27/2021,OLV,MS,ASO,ES,Federal Contract Tower,0,3,11,0,14,0,0,6,0,6,0,3,17,0,20,10,0,10,30
03/28/2021,OLV,MS,ASO,ES,Federal Contract Tower,0,5,15,1,21,0,0,35,3,38,0,5,50,4,59,10,10,20,79
03/29/2021,OLV,MS,ASO,ES,Federal Contract Tower,0,10,24,0,34,0,4,107,0,111,0,14,131,0,145,168,0,168,313
03/30/2021,OLV,MS,ASO,ES,Federal Contract Tower,0,6,15,0,21,0,1,38,0,39,0,7,53,0,60,90,0,90,150
03/31/2021,OLV,MS,ASO,ES,Federal Contract Tower,0,16,7,0,23,0,0,13,2,15,0,16,20,2,38,8,10,18,56
04/01/2021,OLV,MS,ASO,ES,Federal Contract Tower,0,13,32,0,45,0,0,74,0,74,0,13,106,0,119,76,0,76,195
04/02/2021,OLV,MS,ASO,ES,Federal Contract Tower,0,9,44,2,55,0,0,121,9,130,0,9,165,11,185,188,0,188,373
04/03/2021,OLV,MS,ASO,ES,Federal Contract Tower,0,7,16,2,25,0,2,109,0,111,0,9,125,2,136,128,0,128,264
04/04/2021,OLV,MS,ASO,ES,Federal Contract Tower,0,9,4,0,13,0,2,74,0,76,0,11,78,0,89,40,0,40,129
04/06/2021,OLV,MS,ASO,ES,Federal Contract Tower,0,14,41,0,55,0,10,98,0,108,0,24,139,0,163,106,0,106,269
04/07/2021,OLV,MS,ASO,ES,Federal Contract Tower,0,7,11,0,18,0,4,9,0,13,0,11,20,0,31,0,0,0,31
04/08/2021,OLV,MS,ASO,ES,Federal Contract Tower,0,6,14,0,20,0,5,22,0,27,0,11,36,0,47,38,0,38,85
04/09/2021,OLV,MS,ASO,ES,Federal Contract Tower,0,15,33,0,48,0,2,70,0,72,0,17,103,0,120,84,0,84,204
04/10/2021,OLV,MS,ASO,ES,Federal Contract Tower,0,2,8,0,10,0,0,5,0,5,0,2,13,0,15,12,0,12,27
04/11/2021,OLV,MS,ASO,ES,Federal Contract Tower,0,5,16,0,21,0,2,52,1,55,0,7,68,1,76,88,0,88,164
04/12/2021,OLV,MS,ASO,ES,Federal Contract Tower,0,11,22,0,33,0,17,129,1,147,0,28,151,1,180,120,0,120,300
04/13/2021,OLV,MS,ASO,ES,Federal Contract Tower,0,17,33,0,50,0,6,79,0,85,0,23,112,0,135,160,0,160,295
04/14/2021,OLV,MS,ASO,ES,Federal Contract Tower,0,9,17,0,26,0,2,30,0,32,0,11,47,0,58,102,0,102,160
04/15/2021,OLV,MS,ASO,ES,Federal Contract Tower,0,8,23,0,31,0,2,98,0,100,0,10,121,0,131,170,0,170,301
04/16/2021,OLV,MS,ASO,ES,Federal Contract Tower,0,24,18,0,42,0,0,109,8,117,0,24,127,8,159,146,0,146,305
04/17/2021,OLV,MS,ASO,ES,Federal Contract Tower,0,13,20,0,33,0,0,66,2,68,0,13,86,2,101,164,0,164,265
04/18/2021,OLV,MS,ASO,ES,Federal Contract Tower,0,12,16,0,28,0,0,74,2,76,0,12,90,2,104,84,0,84,188
04/19/2021,OLV,MS,ASO,ES,Federal Contract Tower,0,16,20,0,36,0,5,95,1,101,0,21,115,1,137,150,0,150,287
04/20/2021,OLV,MS,ASO,ES,Federal Contract Tower,0,27,19,0,46,0,5,65,2,72,0,32,84,2,118,128,0,128,246
04/21/2021,OLV,MS,ASO,ES,Federal Contract Tower,0,8,23,0,31,0,4,83,6,93,0,12,106,6,124,136,0,136,260
04/22/2021,OLV,MS,ASO,ES,Federal Contract Tower,0,15,36,0,51,0,10,84,4,98,0,25,120,4,149,172,6,178,327
04/23/2021,OLV,MS,ASO,ES,Federal Contract Tower,0,21,59,0,80,0,0,74,0,74,0,21,133,0,154,68,0,68,222
04/24/2021,OLV,MS,ASO,ES,Federal Contract Tower,0,12,22,0,34,0,0,0,0,0,0,12,22,0,34,0,0,0,34
04/25/2021,OLV,MS,ASO,ES,Federal Contract Tower,0,18,56,0,74,0,5,95,2,102,0,23,151,2,176,30,0,30,206
04/26/2021,OLV,MS,ASO,ES,Federal Contract Tower,0,13,16,0,29,0,6,112,0,118,0,19,128,0,147,148,0,148,295
04/27/2021,OLV,MS,ASO,ES,Federal Contract Tower,0,26,27,0,53,0,4,61,0,65,0,30,88,0,118,54,0,54,172
04/28/2021,OLV,MS,ASO,ES,Federal Contract Tower,0,23,21,0,44,0,0,21,0,21,0,23,42,0,65,50,0,50,115
04/29/2021,OLV,MS,ASO,ES,Federal Contract Tower,0,16,6,0,22,0,6,2,0,8,0,22,8,0,30,6,0,6,36
04/30/2021,OLV,MS,ASO,ES,Federal Contract Tower,0,17,17,0,34,0,6,118,0,124,0,23,135,0,158,108,0,108,266
05/01/2021,OLV,MS,ASO,ES,Federal Contract Tower,0,7,28,0,35,0,0,142,2,144,0,7,170,2,179,210,0,210,389
05/02/2021,OLV,MS,ASO,ES,Federal Contract Tower,0,14,11,0,25,0,0,7,0,7,0,14,18,0,32,0,0,0,32
05/03/2021,OLV,MS,ASO,ES,Federal Contract Tower,0,15,16,0,31,0,5,13,0,18,0,20,29,0,49,22,0,22,71
05/04/2021,OLV,MS,ASO,ES,Federal Contract Tower,0,5,5,0,10,0,0,5,0,5,0,5,10,0,15,10,0,10,25
05/05/2021,OLV,MS,ASO,ES,Federal Contract Tower,0,7,30,0,37,0,0,124,0,124,0,7,154,0,161,154,0,154,315
05/06/2021,OLV,MS,ASO,ES,Federal Contract Tower,0,16,32,0,48,0,2,89,1,92,0,18,121,1,140,158,0,158,298
05/07/2021,OLV,MS,ASO,ES,Federal Contract Tower,0,12,27,0,39,0,4,142,2,148,0,16,169,2,187,96,0,96,283
05/08/2021,OLV,MS,ASO,ES,Federal Contract Tower,0,5,19,1,25,0,2,50,3,55,0,7,69,4,80,48,6,54,134
05/09/2021,OLV,MS,ASO,ES,Federal Contract Tower,0,5,2,0,7,0,0,0,0,0,0,5,2,0,7,0,0,0,7
05/10/2021,OLV,MS,ASO,ES,Federal Contract Tower,0,16,23,0,39,0,1,64,0,65,0,17,87,0,104,94,0,94,198
05/11/2021,OLV,MS,ASO,ES,Federal Contract Tower,0,9,18,0,27,0,0,87,0,87,0,9,105,0,114,74,0,74,188
05/12/2021,OLV,MS,ASO,ES,Federal Contract Tower,0,19,35,0,54,0,4,84,0,88,0,23,119,0,142,60,0,60,202
05/13/2021,OLV,MS,ASO,ES,Federal Contract Tower,0,13,20,0,33,0,2,113,0,115,0,15,133,0,148,100,0,100,248
05/14/2021,OLV,MS,ASO,ES,Federal Contract Tower,0,14,35,1,50,0,0,157,2,159,0,14,192,3,209,140,0,140,349
05/15/2021,OLV,MS,ASO,ES,Federal Contract Tower,0,1,19,0,20,0,4,90,0,94,0,5,109,0,114,116,0,116,230
05/16/2021,OLV,MS,ASO,ES,Federal Contract Tower,0,9,11,0,20,0,0,66,0,66,0,9,77,0,86,100,0,100,186
05/17/2021,OLV,MS,ASO,ES,Federal Contract Tower,0,16,13,0,29,0,2,49,0,51,0,18,62,0,80,82,0,82,162
05/18/2021,OLV,MS,ASO,ES,Federal Contract Tower,0,8,15,0,23,0,4,22,0,26,0,12,37,0,49,32,0,32,81
05/19/2021,OLV,MS,ASO,ES,Federal Contract Tower,0,12,11,0,23,0,2,50,16,68,0,14,61,16,91,28,0,28,119
05/20/2021,OLV,MS,ASO,ES,Federal Contract Tower,0,18,27,0,45,0,6,39,11,56,0,24,66,11,101,26,0,26,127
05/21/2021,OLV,MS,ASO,ES,Federal Contract Tower,0,11,22,0,33,2,9,58,2,71,2,20,80,2,104,54,4,58,162
05/22/2021,OLV,MS,ASO,ES,Federal Contract Tower,0,2,25,1,28,0,3,95,2,100,0,5,120,3,128,134,0,134,262
05/23/2021,OLV,MS,ASO,ES,Federal Contract Tower,0,8,20,0,28,0,4,108,0,112,0,12,128,0,140,126,0,126,266
05/24/2021,OLV,MS,ASO,ES,Federal Contract Tower,0,10,23,0,33,0,9,115,6,130,0,19,138,6,163,176,0,176,339
05/25/2021,OLV,MS,ASO,ES,Federal Contract Tower,0,9,17,0,26,0,2,88,0,90,0,11,105,0,116,66,0,66,182
05/26/2021,OLV,MS,ASO,ES,Federal Contract Tower,0,9,13,0,22,0,0,17,0,17,0,9,30,0,39,84,0,84,123
05/27/2021,OLV,MS,ASO,ES,Federal Contract Tower,0,18,35,0,53,0,8,90,0,98,0,26,125,0,151,140,0,140,291
05/28/2021,OLV,MS,ASO,ES,Federal Contract Tower,0,11,7,0,18,0,8,12,0,20,0,19,19,0,38,2,0,2,40
05/29/2021,OLV,MS,ASO,ES,Federal Contract Tower,0,2,8,0,10,0,0,45,0,45,0,2,53,0,55,138,0,138,193
05/30/2021,OLV,MS,ASO,ES,Federal Contract Tower,0,5,18,0,23,0,4,68,0,72,0,9,86,0,95,64,0,64,159
05/31/2021,OLV,MS,ASO,ES,Federal Contract Tower,0,8,18,0,26,0,2,131,0,133,0,10,149,0,159,86,0,86,245
06/01/2021,OLV,MS,ASO,ES,Federal Contract Tower,0,28,18,0,46,0,1,91,2,94,0,29,109,2,140,188,0,188,328
06/02/2021,OLV,MS,ASO,ES,Federal Contract Tower,0,8,17,2,27,0,0,10,0,10,0,8,27,2,37,14,0,14,51
06/03/2021,OLV,MS,ASO,ES,Federal Contract Tower,0,9,27,0,36,0,8,55,2,65,0,17,82,2,101,108,4,112,213
06/04/2021,OLV,MS,ASO,ES,Federal Contract Tower,0,13,27,0,40,0,0,103,0,103,0,13,130,0,143,170,0,170,313
06/05/2021,OLV,MS,ASO,ES,Federal Contract Tower,0,7,16,0,23,0,2,57,0,59,0,9,73,0,82,120,0,120,202
06/06/2021,OLV,MS,ASO,ES,Federal Contract Tower,0,9,13,0,22,0,4,1,0,5,0,13,14,0,27,0,0,0,27
06/07/2021,OLV,MS,ASO,ES,Federal Contract Tower,0,15,5,0,20,0,1,12,0,13,0,16,17,0,33,14,0,14,47
06/08/2021,OLV,MS,ASO,ES,Federal Contract Tower,0,32,2,0,34,0,1,0,0,1,0,33,2,0,35,0,0,0,35
06/09/2021,OLV,MS,ASO,ES,Federal Contract Tower,0,16,23,0,39,0,0,8,0,8,0,16,31,0,47,38,0,38,85
06/10/2021,OLV,MS,ASO,ES,Federal Contract Tower,0,11,19,0,30,0,2,6,0,8,0,13,25,0,38,20,0,20,58
06/11/2021,OLV,MS,ASO,ES,Federal Contract Tower,0,8,13,3,24,0,1,24,3,28,0,9,37,6,52,32,0,32,84
06/12/2021,OLV,MS,ASO,ES,Federal Contract Tower,0,8,14,0,22,0,10,83,0,93,0,18,97,0,115,136,0,136,251
06/13/2021,OLV,MS,ASO,ES,Federal Contract Tower,0,4,16,1,21,0,4,81,2,87,0,8,97,3,108,72,16,88,196
06/14/2021,OLV,MS,ASO,ES,Federal Contract Tower,0,10,30,1,41,0,4,159,5,168,0,14,189,6,209,258,10,268,477
06/15/2021,OLV,MS,ASO,ES,Federal Contract Tower,0,22,34,1,57,0,8,140,3,151,0,30,174,4,208,196,0,196,404
06/16/2021,OLV,MS,ASO,ES,Federal Contract Tower,0,12,22,0,34,0,6,115,0,121,0,18,137,0,155,232,0,232,387
06/17/2021,OLV,MS,ASO,ES,Federal Contract Tower,0,14,16,0,30,0,4,129,2,135,0,18,145,2,165,278,0,278,443
06/18/2021,OLV,MS,ASO,ES,Federal Contract Tower,0,12,30,1,43,0,0,100,0,100,0,12,130,1,143,186,0,186,329
06/19/2021,OLV,MS,ASO,ES,Federal Contract Tower,0,6,18,0,24,0,0,61,2,63,0,6,79,2,87,110,10,120,207
06/20/2021,OLV,MS,ASO,ES,Federal Contract Tower,0,3,20,0,23,0,8,63,0,71,0,11,83,0,94,60,0,60,154
06/21/2021,OLV,MS,ASO,ES,Federal Contract Tower,0,14,9,0,23,0,4,13,0,17,0,18,22,0,40,2,0,2,42
06/22/2021,OLV,MS,ASO,ES,Federal Contract Tower,0,17,34,0,51,0,12,114,0,126,0,29,148,0,177,182,0,182,359
06/24/2021,OLV,MS,ASO,ES,Federal Contract Tower,0,15,29,0,44,0,6,93,0,99,0,21,122,0,143,184,0,184,327
06/25/2021,OLV,MS,ASO,ES,Federal Contract Tower,0,14,23,0,37,0,14,22,2,38,0,28,45,2,75,62,0,62,137
06/26/2021,OLV,MS,ASO,ES,Federal Contract Tower,0,9,4,0,13,0,0,17,0,17,0,9,21,0,30,46,0,46,76
06/27/2021,OLV,MS,ASO,ES,Federal Contract Tower,0,10,21,0,31,0,3,65,2,70,0,13,86,2,101,84,10,94,195
06/28/2021,OLV,MS,ASO,ES,Federal Contract Tower,0,15,17,1,33,0,4,132,1,137,0,19,149,2,170,148,0,148,318
06/29/2021,OLV,MS,ASO,ES,Federal Contract Tower,0,21,16,0,37,0,3,114,0,117,0,24,130,0,154,196,0,196,350
06/30/2021,OLV,MS,ASO,ES,Federal Contract Tower,0,15,12,0,27,0,4,53,0,57,0,19,65,0,84,62,0,62,146
07/01/2021,OLV,MS,ASO,ES,Federal Contract Tower,0,15,16,0,31,0,0,78,0,78,0,15,94,0,109,72,0,72,181
07/02/2021,OLV,MS,ASO,ES,Federal Contract Tower,0,9,24,0,33,0,2,58,0,60,0,11,82,0,93,112,0,112,205
07/03/2021,OLV,MS,ASO,ES,Federal Contract Tower,0,5,9,0,14,0,8,80,4,92,0,13,89,4,106,122,6,128,234
07/04/2021,OLV,MS,ASO,ES,Federal Contract Tower,0,3,7,1,11,0,0,22,3,25,0,3,29,4,36,72,6,78,114
07/05/2021,OLV,MS,ASO,ES,Federal Contract Tower,0,12,13,0,25,0,6,108,0,114,0,18,121,0,139,192,0,192,331
07/06/2021,OLV,MS,ASO,ES,Federal Contract Tower,0,12,17,0,29,0,4,103,2,109,0,16,120,2,138,198,0,198,336
07/07/2021,OLV,MS,ASO,ES,Federal Contract Tower,0,7,19,0,26,0,2,60,0,62,0,9,79,0,88,148,0,148,236
07/08/2021,OLV,MS,ASO,ES,Federal Contract Tower,0,10,23,3,36,0,3,94,1,98,0,13,117,4,134,210,4,214,348
07/09/2021,OLV,MS,ASO,ES,Federal Contract Tower,0,14,10,0,24,0,3,16,0,19,0,17,26,0,43,22,0,22,65
07/10/2021,OLV,MS,ASO,ES,Federal Contract Tower,0,5,14,0,19,0,0,20,0,20,0,5,34,0,39,26,0,26,65
07/11/2021,OLV,MS,ASO,ES,Federal Contract Tower,0,9,12,0,21,0,0,12,0,12,0,9,24,0,33,14,0,14,47
07/12/2021,OLV,MS,ASO,ES,Federal Contract Tower,0,14,19,0,33,0,1,27,2,30,0,15,46,2,63,24,0,24,87
07/13/2021,OLV,MS,ASO,ES,Federal Contract Tower,0,13,19,0,32,0,0,74,0,74,0,13,93,0,106,170,0,170,276
07/14/2021,OLV,MS,ASO,ES,Federal Contract Tower,0,12,21,0,33,0,3,160,0,163,0,15,181,0,196,278,0,278,474
07/15/2021,OLV,MS,ASO,ES,Federal Contract Tower,0,13,15,0,28,0,18,152,0,170,0,31,167,0,198,146,0,146,344
07/16/2021,OLV,MS,ASO,ES,Federal Contract Tower,0,11,13,0,24,0,8,52,0,60,0,19,65,0,84,166,0,166,250
07/18/2021,OLV,MS,ASO,ES,Federal Contract Tower,0,5,5,0,10,0,2,11,0,13,0,7,16,0,23,42,0,42,65
07/19/2021,OLV,MS,ASO,ES,Federal Contract Tower,0,8,11,0,19,0,0,29,0,29,0,8,40,0,48,154,0,154,202
07/20/2021,OLV,MS,ASO,ES,Federal Contract Tower,0,15,18,0,33,0,5,99,2,106,0,20,117,2,139,200,0,200,339
07/21/2021,OLV,MS,ASO,ES,Federal Contract Tower,0,6,17,0,23,0,2,165,2,169,0,8,182,2,192,386,0,386,578
07/22/2021,OLV,MS,ASO,ES,Federal Contract Tower,0,8,18,0,26,0,6,107,0,113,0,14,125,0,139,268,0,268,407
07/23/2021,OLV,MS,ASO,ES,Federal Contract Tower,0,9,14,0,23,0,4,111,0,115,0,13,125,0,138,300,0,300,438
07/24/2021,OLV,MS,ASO,ES,Federal Contract Tower,0,10,22,0,32,0,2,129,1,132,0,12,151,1,164,154,8,162,326
07/25/2021,OLV,MS,ASO,ES,Federal Contract Tower,0,6,14,0,20,0,2,64,0,66,0,8,78,0,86,88,0,88,174
07/26/2021,OLV,MS,ASO,ES,Federal Contract Tower,0,4,15,0,19,0,4,108,0,112,0,8,123,0,131,138,0,138,269
07/28/2021,OLV,MS,ASO,ES,Federal Contract Tower,0,8,8,0,16,0,5,106,0,111,0,13,114,0,127,130,0,130,257
07/29/2021,OLV,MS,ASO,ES,Federal Contract Tower,0,13,28,0,41,0,0,144,2,146,0,13,172,2,187,188,0,188,375
07/30/2021,OLV,MS,ASO,ES,Federal Contract Tower,0,9,21,2,32,0,6,123,0,129,0,15,144,2,161,256,4,260,421
07/31/2021,OLV,MS,ASO,ES,Federal Contract Tower,0,6,15,0,21,0,0,59,2,61,0,6,74,2,82,56,0,56,138
08/01/2021,OLV,MS,ASO,ES,Federal Contract Tower,0,10,26,0,36,0,0,49,0,49,0,10,75,0,85,102,0,102,187
08/02/2021,OLV,MS,ASO,ES,Federal Contract Tower,0,23,9,0,32,0,2,106,0,108,0,25,115,0,140,70,0,70,210
08/03/2021,OLV,MS,ASO,ES,Federal Contract Tower,0,16,7,0,23,0,5,113,0,118,0,21,120,0,141,192,0,192,333
08/04/2021,OLV,MS,ASO,ES,Federal Contract Tower,0,11,11,0,22,0,4,151,4,159,0,15,162,4,181,200,0,200,381
08/05/2021,OLV,MS,ASO,ES,Federal Contract Tower,0,10,26,1,37,0,1,134,1,136,0,11,160,2,173,220,0,220,393
08/06/2021,OLV,MS,ASO,ES,Federal Contract Tower,0,10,26,0,36,0,9,115,0,124,0,19,141,0,160,232,0,232,392
08/07/2021,OLV,MS,ASO,ES,Federal Contract Tower,0,4,21,0,25,0,2,92,0,94,0,6,113,0,119,134,0,134,253
08/08/2021,OLV,MS,ASO,ES,Federal Contract Tower,0,50,12,0,62,0,2,55,2,59,0,52,67,2,121,40,0,40,161
08/09/2021,OLV,MS,ASO,ES,Federal Contract Tower,0,11,10,0,21,0,5,100,0,105,0,16,110,0,126,124,0,124,250
08/10/2021,OLV,MS,ASO,ES,Federal Contract Tower,0,10,11,0,21,0,4,117,1,122,0,14,128,1,143,112,0,112,255
08/11/2021,OLV,MS,ASO,ES,Federal Contract Tower,0,12,12,0,24,0,18,114,0,132,0,30,126,0,156,198,0,198,354
08/12/2021,OLV,MS,ASO,ES,Federal Contract Tower,0,6,6,0,12,0,4,117,0,121,0,10,123,0,133,210,0,210,343
08/13/2021,OLV,MS,ASO,ES,Federal Contract Tower,0,11,10,0,21,0,0,58,0,58,0,11,68,0,79,68,0,68,147
08/14/2021,OLV,MS,ASO,ES,Federal Contract Tower,0,14,16,1,31,0,5,57,4,66,0,19,73,5,97,194,4,198,295
08/15/2021,OLV,MS,ASO,ES,Federal Contract Tower,0,13,11,1,25,0,2,48,2,52,0,15,59,3,77,52,0,52,129
08/16/2021,OLV,MS,ASO,ES,Federal Contract Tower,0,10,12,0,22,0,5,106,0,111,0,15,118,0,133,202,0,202,335
08/17/2021,OLV,MS,ASO,ES,Federal Contract Tower,0,5,21,0,26,0,4,155,0,159,0,9,176,0,185,182,0,182,367
08/18/2021,OLV,MS,ASO,ES,Federal Contract Tower,0,3,6,0,9,0,0,15,0,15,0,3,21,0,24,58,0,58,82
08/19/2021,OLV,MS,ASO,ES,Federal Contract Tower,0,12,9,0,21,0,4,53,0,57,0,16,62,0,78,138,0,138,216
08/20/2021,OLV,MS,ASO,ES,Federal Contract Tower,0,9,20,0,29,0,4,31,0,35,0,13,51,0,64,94,0,94,158
08/21/2021,OLV,MS,ASO,ES,Federal Contract Tower,0,11,14,0,25,0,5,33,0,38,0,16,47,0,63,84,0,84,147
08/22/2021,OLV,MS,ASO,ES,Federal Contract Tower,0,20,23,0,43,0,2,109,4,115,0,22,132,4,158,120,0,120,278
08/23/2021,OLV,MS,ASO,ES,Federal Contract Tower,0,2,21,0,23,0,12,144,0,156,0,14,165,0,179,108,0,108,287
08/24/2021,OLV,MS,ASO,ES,Federal Contract Tower,0,28,23,0,51,0,5,127,2,134,0,33,150,2,185,128,0,128,313
08/25/2021,OLV,MS,ASO,ES,Federal Contract Tower,0,11,32,0,43,0,1,103,1,105,0,12,135,1,148,112,6,118,266
08/26/2021,OLV,MS,ASO,ES,Federal Contract Tower,0,15,25,0,40,0,7,102,2,111,0,22,127,2,151,136,2,138,289
08/27/2021,OLV,MS,ASO,ES,Federal Contract Tower,0,7,37,0,44,0,0,88,2,90,0,7,125,2,134,100,0,100,234
08/28/2021,OLV,MS,ASO,ES,Federal Contract Tower,0,7,18,2,27,0,7,70,3,80,0,14,88,5,107,66,12,78,185
08/29/2021,OLV,MS,ASO,ES,Federal Contract Tower,0,11,12,0,23,0,5,24,0,29,0,16,36,0,52,26,0,26,78
08/30/2021,OLV,MS,ASO,ES,Federal Contract Tower,0,2,1,0,3,0,0,0,0,0,0,2,1,0,3,0,0,0,3
08/31/2021,OLV,MS,ASO,ES,Federal Contract Tower,0,5,2,1,8,0,2,12,0,14,0,7,14,1,22,14,0,14,36
09/01/2021,OLV,MS,ASO,ES,Federal Contract Tower,0,7,18,0,25,0,9,84,0,93,0,16,102,0,118,178,0,178,296
09/02/2021,OLV,MS,ASO,ES,Federal Contract Tower,0,12,13,0,25,0,6,100,1,107,0,18,113,1,132,160,0,160,292
09/03/2021,OLV,MS,ASO,ES,Federal Contract Tower,0,6,23,0,29,0,8,97,0,105,0,14,120,0,134,146,0,146,280
09/04/2021,OLV,MS,ASO,ES,Federal Contract Tower,0,9,8,0,17,0,0,65,2,67,0,9,73,2,84,70,0,70,154
09/05/2021,OLV,MS,ASO,ES,Federal Contract Tower,0,1,2,0,3,0,0,10,0,10,0,1,12,0,13,12,0,12,25
09/06/2021,OLV,MS,ASO,ES,Federal Contract Tower,0,10,31,0,41,0,4,69,0,73,0,14,100,0,114,116,0,116,230
09/07/2021,OLV,MS,ASO,ES,Federal Contract Tower,0,10,13,0,23,0,2,98,0,100,0,12,111,0,123,214,0,214,337
09/08/2021,OLV,MS,ASO,ES,Federal Contract Tower,0,11,20,0,31,0,0,104,0,104,0,11,124,0,135,138,0,138,273
09/09/2021,OLV,MS,ASO,ES,Federal Contract Tower,0,8,24,0,32,0,7,98,0,105,0,15,122,0,137,224,0,224,361
09/10/2021,OLV,MS,ASO,ES,Federal Contract Tower,0,14,24,0,38,0,6,83,2,91,0,20,107,2,129,128,4,132,261
09/11/2021,OLV,MS,ASO,ES,Federal Contract Tower,0,10,23,1,34,0,6,63,1,70,0,16,86,2,104,68,0,68,172
09/12/2021,OLV,MS,ASO,ES,Federal Contract Tower,0,11,13,0,24,0,0,58,0,58,0,11,71,0,82,70,0,70,152
09/13/2021,OLV,MS,ASO,ES,Federal Contract Tower,0,9,30,0,39,0,0,89,0,89,0,9,119,0,128,198,0,198,326
09/14/2021,OLV,MS,ASO,ES,Federal Contract Tower,0,16,19,0,35,0,10,76,0,86,0,26,95,0,121,128,0,128,249
09/15/2021,OLV,MS,ASO,ES,Federal Contract Tower,0,17,20,0,37,0,0,49,0,49,0,17,69,0,86,204,0,204,290
09/16/2021,OLV,MS,ASO,ES,Federal Contract Tower,0,15,13,2,30,0,1,45,0,46,0,16,58,2,76,122,0,122,198
09/17/2021,OLV,MS,ASO,ES,Federal Contract Tower,0,13,15,0,28,0,0,4,0,4,0,13,19,0,32,0,0,0,32
09/18/2021,OLV,MS,ASO,ES,Federal Contract Tower,0,10,2,0,12,0,0,4,0,4,0,10,6,0,16,12,0,12,28
09/19/2021,OLV,MS,ASO,ES,Federal Contract Tower,0,13,11,0,24,0,4,14,0,18,0,17,25,0,42,12,0,12,54
09/20/2021,OLV,MS,ASO,ES,Federal Contract Tower,0,6,17,0,23,0,4,18,0,22,0,10,35,0,45,8,0,8,53
09/21/2021,OLV,MS,ASO,ES,Federal Contract Tower,0,9,9,0,18,0,1,20,0,21,0,10,29,0,39,44,0,44,83
09/22/2021,OLV,MS,ASO,ES,Federal Contract Tower,0,12,21,0,33,0,6,85,3,94,0,18,106,3,127,118,0,118,245
09/23/2021,OLV,MS,ASO,ES,Federal Contract Tower,0,11,24,0,35,0,23,156,2,181,0,34,180,2,216,234,0,234,450
09/24/2021,OLV,MS,ASO,ES,Federal Contract Tower,0,8,20,0,28,0,10,112,2,124,0,18,132,2,152,148,4,152,304
09/25/2021,OLV,MS,ASO,ES,Federal Contract Tower,0,5,19,2,26,0,2,101,2,105,0,7,120,4,131,70,0,70,201
09/26/2021,OLV,MS,ASO,ES,Federal Contract Tower,0,12,15,3,30,0,2,80,6,88,0,14,95,9,118,78,20,98,216
09/27/2021,OLV,MS,ASO,ES,Federal Contract Tower,0,10,19,0,29,0,6,115,0,121,0,16,134,0,150,152,0,152,302
09/28/2021,OLV,MS,ASO,ES,Federal Contract Tower,0,27,13,0,40,0,0,114,0,114,0,27,127,0,154,198,0,198,352
09/29/2021,OLV,MS,ASO,ES,Federal Contract Tower,0,18,20,0,38,0,7,61,0,68,0,25,81,0,106,134,0,134,240
09/30/2021,OLV,MS,ASO,ES,Federal Contract Tower,0,19,12,0,31,0,0,4,0,4,0,19,16,0,35,28,0,28,63
10/01/2021,OLV,MS,ASO,ES,Federal Contract Tower,0,18,15,0,33,0,0,80,0,80,0,18,95,0,113,146,0,146,259
10/02/2021,OLV,MS,ASO,ES,Federal Contract Tower,0,11,8,0,19,0,0,14,0,14,0,11,22,0,33,16,0,16,49
10/03/2021,OLV,MS,ASO,ES,Federal Contract Tower,0,8,7,0,15,0,0,56,0,56,0,8,63,0,71,108,2,110,181
10/04/2021,OLV,MS,ASO,ES,Federal Contract Tower,0,14,27,0,41,0,11,106,1,118,0,25,133,1,159,202,0,202,361
10/05/2021,OLV,MS,ASO,ES,Federal Contract Tower,0,15,14,0,29,0,0,61,0,61,0,15,75,0,90,64,0,64,154
10/06/2021,OLV,MS,ASO,ES,Federal Contract Tower,0,12,20,0,32,0,0,42,0,42,0,12,62,0,74,104,0,104,178
10/07/2021,OLV,MS,ASO,ES,Federal Contract Tower,0,14,20,1,35,0,1,94,1,96,0,15,114,2,131,220,0,220,351
10/08/2021,OLV,MS,ASO,ES,Federal Contract Tower,0,16,30,0,46,0,7,108,0,115,0,23,138,0,161,110,0,110,271
10/09/2021,OLV,MS,ASO,ES,Federal Contract Tower,0,24,25,0,49,0,0,53,3,56,0,24,78,3,105,126,22,148,253
10/10/2021,OLV,MS,ASO,ES,Federal Contract Tower,0,19,22,0,41,0,3,41,0,44,0,22,63,0,85,34,0,34,119
10/11/2021,OLV,MS,ASO,ES,Federal Contract Tower,0,13,12,0,25,0,4,8,0,12,0,17,20,0,37,4,0,4,41
10/12/2021,OLV,MS,ASO,ES,Federal Contract Tower,0,25,37,0,62,0,0,83,2,85,0,25,120,2,147,70,0,70,217
10/13/2021,OLV,MS,ASO,ES,Federal Contract Tower,0,21,21,0,42,0,3,58,1,62,0,24,79,1,104,92,0,92,196
10/14/2021,OLV,MS,ASO,ES,Federal Contract Tower,0,16,28,0,44,0,4,98,0,102,0,20,126,0,146,168,0,168,314
10/15/2021,OLV,MS,ASO,ES,Federal Contract Tower,0,6,24,0,30,0,4,4,0,8,0,10,28,0,38,34,0,34,72
10/16/2021,OLV,MS,ASO,ES,Federal Contract Tower,0,10,29,0,39,0,5,61,2,68,0,15,90,2,107,102,0,102,209
10/17/2021,OLV,MS,ASO,ES,Federal Contract Tower,0,9,26,0,35,0,0,101,0,101,0,9,127,0,136,118,0,118,254
10/18/2021,OLV,MS,ASO,ES,Federal Contract Tower,0,8,27,0,35,0,2,131,2,135,0,10,158,2,170,96,0,96,266
10/19/2021,OLV,MS,ASO,ES,Federal Contract Tower,0,15,25,0,40,0,9,137,0,146,0,24,162,0,186,154,0,154,340
10/20/2021,OLV,MS,ASO,ES,Federal Contract Tower,0,14,34,0,48,0,2,116,0,118,0,16,150,0,166,162,0,162,328
10/21/2021,OLV,MS,ASO,ES,Federal Contract Tower,0,9,18,0,27,0,6,36,0,42,0,15,54,0,69,104,0,104,173
10/22/2021,OLV,MS,ASO,ES,Federal Contract Tower,0,10,29,0,39,0,6,63,0,69,0,16,92,0,108,100,0,100,208
10/23/2021,OLV,MS,ASO,ES,Federal Contract Tower,0,9,14,2,25,0,4,54,2,60,0,13,68,4,85,94,0,94,179
10/24/2021,OLV,MS,ASO,ES,Federal Contract Tower,0,16,18,0,34,0,2,24,0,26,0,18,42,0,60,56,0,56,116
10/25/2021,OLV,MS,ASO,ES,Federal Contract Tower,0,11,14,0,25,0,1,42,0,43,0,12,56,0,68,82,0,82,150
10/26/2021,OLV,MS,ASO,ES,Federal Contract Tower,0,10,36,1,47,0,6,112,2,120,0,16,148,3,167,126,0,126,293
10/27/2021,OLV,MS,ASO,ES,Federal Contract Tower,0,8,13,0,21,0,8,42,0,50,0,16,55,0,71,84,0,84,155
10/28/2021,OLV,MS,ASO,ES,Federal Contract Tower,0,3,10,4,17,0,0,0,0,0,0,3,10,4,17,0,0,0,17
10/29/2021,OLV,MS,ASO,ES,Federal Contract Tower,0,8,17,0,25,0,0,0,0,0,0,8,17,0,25,0,0,0,25
10/30/2021,OLV,MS,ASO,ES,Federal Contract Tower,0,6,13,0,19,0,5,4,0,9,0,11,17,0,28,78,0,78,106
10/31/2021,OLV,MS,ASO,ES,Federal Contract Tower,0,12,15,0,27,0,0,43,1,44,0,12,58,1,71,70,0,70,141
11/01/2021,OLV,MS,ASO,ES,Federal Contract Tower,0,5,23,1,29,0,11,118,2,131,0,16,141,3,160,164,10,174,334
11/02/2021,OLV,MS,ASO,ES,Federal Contract Tower,0,11,28,0,39,0,0,75,0,75,0,11,103,0,114,160,0,160,274
11/03/2021,OLV,MS,ASO,ES,Federal Contract Tower,0,12,14,0,26,0,4,56,0,60,0,16,70,0,86,90,0,90,176
11/04/2021,OLV,MS,ASO,ES,Federal Contract Tower,0,12,39,0,51,0,5,85,0,90,0,17,124,0,141,112,0,112,253
11/05/2021,OLV,MS,ASO,ES,Federal Contract Tower,0,12,20,0,32,0,12,107,0,119,0,24,127,0,151,110,0,110,261
11/06/2021,OLV,MS,ASO,ES,Federal Contract Tower,0,13,20,0,33,0,0,91,4,95,0,13,111,4,128,182,0,182,310
11/07/2021,OLV,MS,ASO,ES,Federal Contract Tower,0,9,11,0,20,0,2,77,1,80,0,11,88,1,100,142,10,152,252
11/08/2021,OLV,MS,ASO,ES,Federal Contract Tower,0,14,14,0,28,0,3,83,1,87,0,17,97,1,115,164,0,164,279
11/09/2021,OLV,MS,ASO,ES,Federal Contract Tower,0,11,27,0,38,0,0,105,0,105,0,11,132,0,143,168,0,168,311
11/10/2021,OLV,MS,ASO,ES,Federal Contract Tower,0,15,12,0,27,0,3,93,0,96,0,18,105,0,123,182,0,182,305
11/11/2021,OLV,MS,ASO,ES,Federal Contract Tower,0,18,8,0,26,0,0,17,1,18,0,18,25,1,44,24,0,24,68
11/12/2021,OLV,MS,ASO,ES,Federal Contract Tower,0,21,29,0,50,0,0,65,0,65,0,21,94,0,115,126,0,126,241
11/13/2021,OLV,MS,ASO,ES,Federal Contract Tower,0,17,20,0,37,0,12,65,2,79,0,29,85,2,116,68,0,68,184
11/14/2021,OLV,MS,ASO,ES,Federal Contract Tower,0,24,22,0,46,0,9,58,1,68,0,33,80,1,114,14,0,14,128
11/15/2021,OLV,MS,ASO,ES,Federal Contract Tower,0,12,30,1,43,0,8,122,3,133,0,20,152,4,176,118,8,126,302
11/16/2021,OLV,MS,ASO,ES,Federal Contract Tower,0,16,20,0,36,0,0,40,0,40,0,16,60,0,76,90,0,90,166
11/17/2021,OLV,MS,ASO,ES,Federal Contract Tower,0,16,14,0,30,0,9,14,0,23,0,25,28,0,53,12,0,12,65
11/18/2021,OLV,MS,ASO,ES,Federal Contract Tower,0,11,26,0,37,0,5,55,0,60,0,16,81,0,97,40,0,40,137
11/19/2021,OLV,MS,ASO,ES,Federal Contract Tower,0,10,36,0,46,0,6,92,0,98,0,16,128,0,144,114,0,114,258
11/20/2021,OLV,MS,ASO,ES,Federal Contract Tower,0,18,19,0,37,0,0,85,0,85,0,18,104,0,122,121,0,121,243
11/21/2021,OLV,MS,ASO,ES,Federal Contract Tower,0,16,3,0,19,0,0,2,0,2,0,16,5,0,21,10,0,10,31
11/22/2021,OLV,MS,ASO,ES,Federal Contract Tower,0,16,26,0,42,0,5,97,0,102,0,21,123,0,144,112,0,112,256
11/23/2021,OLV,MS,ASO,ES,Federal Contract Tower,0,15,24,0,39,0,2,104,0,106,0,17,128,0,145,184,0,184,329
11/24/2021,OLV,MS,ASO,ES,Federal Contract Tower,0,18,20,0,38,0,0,58,0,58,0,18,78,0,96,88,0,88,184
11/25/2021,OLV,MS,ASO,ES,Federal Contract Tower,0,3,1,0,4,0,0,0,0,0,0,3,1,0,4,0,0,0,4
11/26/2021,OLV,MS,ASO,ES,Federal Contract Tower,0,6,13,0,19,0,4,82,0,86,0,10,95,0,105,106,0,106,211
11/27/2021,OLV,MS,ASO,ES,Federal Contract Tower,0,21,19,0,40,0,0,51,0,51,0,21,70,0,91,26,0,26,117
11/28/2021,OLV,MS,ASO,ES,Federal Contract Tower,0,20,20,0,40,0,2,74,0,76,0,22,94,0,116,108,0,108,224
11/29/2021,OLV,MS,ASO,ES,Federal Contract Tower,0,5,30,0,35,0,0,79,0,79,0,5,109,0,114,184,0,184,298
11/30/2021,OLV,MS,ASO,ES,Federal Contract Tower,0,16,27,1,44,0,16,118,4,138,0,32,145,5,182,140,20,160,342
12/01/2021,OLV,MS,ASO,ES,Federal Contract Tower,0,14,19,0,33,0,7,50,0,57,0,21,69,0,90,62,0,62,152
12/02/2021,OLV,MS,ASO,ES,Federal Contract Tower,0,16,26,0,42,0,10,106,0,116,0,26,132,0,158,152,0,152,310
12/03/2021,OLV,MS,ASO,ES,Federal Contract Tower,0,6,20,0,26,0,0,81,0,81,0,6,101,0,107,244,0,244,351
12/04/2021,OLV,MS,ASO,ES,Federal Contract Tower,0,1,2,0,3,0,0,2,0,2,0,1,4,0,5,0,0,0,5
12/05/2021,OLV,MS,ASO,ES,Federal Contract Tower,0,7,5,0,12,0,0,2,0,2,0,7,7,0,14,20,0,20,34
12/06/2021,OLV,MS,ASO,ES,Federal Contract Tower,0,19,8,0,27,0,0,58,0,58,0,19,66,0,85,36,0,36,121
12/07/2021,OLV,MS,ASO,ES,Federal Contract Tower,0,7,29,0,36,0,1,92,0,93,0,8,121,0,129,124,0,124,253
12/08/2021,OLV,MS,ASO,ES,Federal Contract Tower,0,18,31,0,49,0,2,154,2,158,0,20,185,2,207,134,0,134,341
12/09/2021,OLV,MS,ASO,ES,Federal Contract Tower,0,22,20,0,42,0,0,25,14,39,0,22,45,14,81,36,0,36,117
12/10/2021,OLV,MS,ASO,ES,Federal Contract Tower,0,17,10,0,27,0,0,2,0,2,0,17,12,0,29,30,0,30,59
12/11/2021,OLV,MS,ASO,ES,Federal Contract Tower,0,4,6,0,10,0,8,12,0,20,0,12,18,0,30,6,0,6,36
12/12/2021,OLV,MS,ASO,ES,Federal Contract Tower,0,10,13,0,23,0,8,88,0,96,0,18,101,0,119,72,0,72,191
12/13/2021,OLV,MS,ASO,ES,Federal Contract Tower,0,13,26,0,39,0,6,142,0,148,0,19,168,0,187,108,0,108,295
12/14/2021,OLV,MS,ASO,ES,Federal Contract Tower,0,11,30,0,41,0,1,93,4,98,0,12,123,4,139,134,0,134,273
12/15/2021,OLV,MS,ASO,ES,Federal Contract Tower,0,37,27,0,64,0,2,9,0,11,0,39,36,0,75,76,0,76,151
12/16/2021,OLV,MS,ASO,ES,Federal Contract Tower,0,19,4,0,23,0,0,1,0,1,0,19,5,0,24,12,0,12,36
12/17/2021,OLV,MS,ASO,ES,Federal Contract Tower,0,13,8,0,21,0,0,15,1,16,0,13,23,1,37,86,0,86,123
12/18/2021,OLV,MS,ASO,ES,Federal Contract Tower,0,10,1,0,11,0,0,4,0,4,0,10,5,0,15,0,0,0,15
12/19/2021,OLV,MS,ASO,ES,Federal Contract Tower,0,8,13,0,21,0,2,27,0,29,0,10,40,0,50,62,0,62,112
12/20/2021,OLV,MS,ASO,ES,Federal Contract Tower,0,9,24,1,34,0,4,134,3,141,0,13,158,4,175,220,0,220,395
12/21/2021,OLV,MS,ASO,ES,Federal Contract Tower,0,13,32,1,46,0,12,132,2,146,0,25,164,3,192,144,4,148,340
12/22/2021,OLV,MS,ASO,ES,Federal Contract Tower,0,9,30,0,39,0,2,100,2,104,0,11,130,2,143,218,4,222,365
12/23/2021,OLV,MS,ASO,ES,Federal Contract Tower,0,14,22,0,36,0,1,77,1,79,0,15,99,1,115,52,6,58,173
12/24/2021,OLV,MS,ASO,ES,Federal Contract Tower,0,7,3,0,10,0,2,0,0,2,0,9,3,0,12,0,0,0,12
12/25/2021,OLV,MS,ASO,ES,Federal Contract Tower,0,2,1,0,3,0,0,0,0,0,0,2,1,0,3,0,0,0,3
12/26/2021,OLV,MS,ASO,ES,Federal Contract Tower,0,17,13,0,30,0,0,4,0,4,0,17,17,0,34,0,0,0,34
12/27/2021,OLV,MS,ASO,ES,Federal Contract Tower,0,16,8,0,24,0,5,11,0,16,0,21,19,0,40,0,0,0,40
12/28/2021,OLV,MS,ASO,ES,Federal Contract Tower,0,11,9,0,20,0,6,19,0,25,0,17,28,0,45,20,0,20,65
12/29/2021,OLV,MS,ASO,ES,Federal Contract Tower,0,10,10,0,20,0,0,2,0,2,0,10,12,0,22,0,0,0,22
12/30/2021,OLV,MS,ASO,ES,Federal Contract Tower,0,14,14,0,28,0,8,47,2,57,0,22,61,2,85,128,0,128,213
12/31/2021,OLV,MS,ASO,ES,Federal Contract Tower,0,4,19,0,23,0,0,5,0,5,0,4,24,0,28,6,0,6,34
01/01/2022,OLV,MS,ASO,ES,Federal Contract Tower,0,5,0,0,5,0,0,0,0,0,0,5,0,0,5,0,0,0,5
01/02/2022,OLV,MS,ASO,ES,Federal Contract Tower,0,13,0,0,13,0,0,0,0,0,0,13,0,0,13,0,0,0,13
01/03/2022,OLV,MS,ASO,ES,Federal Contract Tower,0,6,16,0,22,0,3,59,3,65,0,9,75,3,87,88,0,88,175
01/04/2022,OLV,MS,ASO,ES,Federal Contract Tower,0,16,17,0,33,0,2,79,6,87,0,18,96,6,120,92,0,92,212
01/05/2022,OLV,MS,ASO,ES,Federal Contract Tower,0,14,29,0,43,0,1,104,6,111,0,15,133,6,154,210,0,210,364
01/06/2022,OLV,MS,ASO,ES,Federal Contract Tower,0,3,0,0,3,0,0,0,0,0,0,3,0,0,3,0,0,0,3
01/07/2022,OLV,MS,ASO,ES,Federal Contract Tower,0,17,7,0,24,0,4,44,0,48,0,21,51,0,72,154,0,154,226
01/08/2022,OLV,MS,ASO,ES,Federal Contract Tower,0,6,3,0,9,0,0,25,0,25,0,6,28,0,34,66,0,66,100
01/09/2022,OLV,MS,ASO,ES,Federal Contract Tower,0,9,1,0,10,0,0,0,0,0,0,9,1,0,10,0,0,0,10
01/10/2022,OLV,MS,ASO,ES,Federal Contract Tower,0,8,18,0,26,0,1,117,0,118,0,9,135,0,144,232,0,232,376
01/11/2022,OLV,MS,ASO,ES,Federal Contract Tower,0,15,24,0,39,0,17,119,0,136,0,32,143,0,175,150,0,150,325
01/12/2022,OLV,MS,ASO,ES,Federal Contract Tower,0,13,24,0,37,0,0,90,0,90,0,13,114,0,127,150,0,150,277
01/13/2022,OLV,MS,ASO,ES,Federal Contract Tower,0,15,21,0,36,0,0,104,22,126,0,15,125,22,162,194,0,194,356
01/14/2022,OLV,MS,ASO,ES,Federal Contract Tower,0,6,29,0,35,0,4,69,0,73,0,10,98,0,108,142,0,142,250
01/15/2022,OLV,MS,ASO,ES,Federal Contract Tower,0,4,2,0,6,0,0,0,0,0,0,4,2,0,6,0,0,0,6
01/16/2022,OLV,MS,ASO,ES,Federal Contract Tower,0,0,1,0,1,0,0,3,0,3,0,0,4,0,4,0,0,0,4
01/17/2022,OLV,MS,ASO,ES,Federal Contract Tower,0,12,17,0,29,0,2,57,0,59,0,14,74,0,88,78,0,78,166
01/18/2022,OLV,MS,ASO,ES,Federal Contract Tower,0,14,33,0,47,0,8,81,0,89,0,22,114,0,136,58,0,58,194
01/19/2022,OLV,MS,ASO,ES,Federal Contract Tower,0,13,1,0,14,0,1,0,0,1,0,14,1,0,15,0,0,0,15
01/20/2022,OLV,MS,ASO,ES,Federal Contract Tower,0,11,6,0,17,0,2,15,0,17,0,13,21,0,34,46,0,46,80
01/21/2022,OLV,MS,ASO,ES,Federal Contract Tower,0,6,18,0,24,0,0,89,0,89,0,6,107,0,113,172,0,172,285
01/22/2022,OLV,MS,ASO,ES,Federal Contract Tower,0,8,13,0,21,0,6,65,2,73,0,14,78,2,94,168,0,168,262
01/23/2022,OLV,MS,ASO,ES,Federal Contract Tower,0,6,14,0,20,0,8,70,0,78,0,14,84,0,98,92,0,92,190
01/24/2022,OLV,MS,ASO,ES,Federal Contract Tower,0,14,36,0,50,0,2,79,0,81,0,16,115,0,131,146,0,146,277
01/25/2022,OLV,MS,ASO,ES,Federal Contract Tower,0,16,57,1,74,0,6,76,1,83,0,22,133,2,157,70,0,70,227
01/26/2022,OLV,MS,ASO,ES,Federal Contract Tower,0,15,25,0,40,0,2,74,2,78,0,17,99,2,118,144,4,148,266
01/27/2022,OLV,MS,ASO,ES,Federal Contract Tower,0,22,18,4,44,0,4,90,0,94,0,26,108,4,138,156,0,156,294
01/28/2022,OLV,MS,ASO,ES,Federal Contract Tower,0,13,18,0,31,0,8,45,0,53,0,21,63,0,84,32,0,32,116
01/29/2022,OLV,MS,ASO,ES,Federal Contract Tower,0,9,17,0,26,0,1,91,2,94,0,10,108,2,120,92,0,92,212
01/30/2022,OLV,MS,ASO,ES,Federal Contract Tower,0,14,21,0,35,0,0,92,1,93,0,14,113,1,128,184,0,184,312
01/31/2022,OLV,MS,ASO,ES,Federal Contract Tower,0,7,42,1,50,0,1,149,3,153,0,8,191,4,203,176,0,176,379
02/01/2022,OLV,MS,ASO,ES,Federal Contract Tower,0,26,22,0,48,0,2,68,0,70,0,28,90,0,118,134,0,134,252
02/02/2022,OLV,MS,ASO,ES,Federal Contract Tower,0,8,0,0,8,0,0,0,0,0,0,8,0,0,8,0,0,0,8
02/03/2022,OLV,MS,ASO,ES,Federal Contract Tower,0,2,0,0,2,0,0,0,0,0,0,2,0,0,2,0,0,0,2
02/04/2022,OLV,MS,ASO,ES,Federal Contract Tower,0,2,4,0,6,0,2,0,0,2,0,4,4,0,8,0,0,0,8
02/05/2022,OLV,MS,ASO,ES,Federal Contract Tower,0,14,8,0,22,0,0,87,0,87,0,14,95,0,109,98,0,98,207
02/06/2022,OLV,MS,ASO,ES,Federal Contract Tower,0,16,12,1,29,0,6,83,3,92,0,22,95,4,121,154,8,162,283
02/07/2022,OLV,MS,ASO,ES,Federal Contract Tower,0,4,18,0,22,0,6,113,0,119,0,10,131,0,141,192,0,192,333
02/08/2022,OLV,MS,ASO,ES,Federal Contract Tower,0,14,37,0,51,0,2,104,0,106,0,16,141,0,157,126,0,126,283
02/09/2022,OLV,MS,ASO,ES,Federal Contract Tower,0,19,40,0,59,0,6,119,2,127,0,25,159,2,186,130,6,136,322
02/10/2022,OLV,MS,ASO,ES,Federal Contract Tower,0,8,38,0,46,0,2,129,0,131,0,10,167,0,177,238,0,238,415
02/11/2022,OLV,MS,ASO,ES,Federal Contract Tower,0,6,19,0,25,0,4,36,0,40,0,10,55,0,65,32,0,32,97
02/12/2022,OLV,MS,ASO,ES,Federal Contract Tower,0,2,5,0,7,0,0,24,0,24,0,2,29,0,31,42,0,42,73
02/13/2022,OLV,MS,ASO,ES,Federal Contract Tower,0,7,13,0,20,0,0,72,0,72,0,7,85,0,92,116,0,116,208
02/14/2022,OLV,MS,ASO,ES,Federal Contract Tower,0,12,27,0,39,0,1,108,0,109,0,13,135,0,148,202,0,202,350
02/15/2022,OLV,MS,ASO,ES,Federal Contract Tower,0,14,30,0,44,0,0,80,0,80,0,14,110,0,124,56,0,56,180
02/16/2022,OLV,MS,ASO,ES,Federal Contract Tower,0,19,8,0,27,0,6,4,0,10,0,25,12,0,37,22,0,22,59
02/17/2022,OLV,MS,ASO,ES,Federal Contract Tower,0,10,0,0,10,0,0,0,0,0,0,10,0,0,10,0,0,0,10
02/18/2022,OLV,MS,ASO,ES,Federal Contract Tower,0,26,32,0,58,0,6,119,4,129,0,32,151,4,187,266,0,266,453
02/19/2022,OLV,MS,ASO,ES,Federal Contract Tower,0,8,30,0,38,0,15,119,3,137,0,23,149,3,175,124,2,126,301
02/20/2022,OLV,MS,ASO,ES,Federal Contract Tower,0,13,12,1,26,0,7,46,0,53,0,20,58,1,79,38,0,38,117
02/21/2022,OLV,MS,ASO,ES,Federal Contract Tower,0,16,0,0,16,0,0,2,0,2,0,16,2,0,18,0,0,0,18
02/22/2022,OLV,MS,ASO,ES,Federal Contract Tower,0,7,0,0,7,0,0,1,0,1,0,7,1,0,8,0,0,0,8
02/23/2022,OLV,MS,ASO,ES,Federal Contract Tower,0,11,7,0,18,0,0,23,0,23,0,11,30,0,41,86,0,86,127
02/24/2022,OLV,MS,ASO,ES,Federal Contract Tower,0,13,0,0,13,0,0,0,0,0,0,13,0,0,13,0,0,0,13
02/25/2022,OLV,MS,ASO,ES,Federal Contract Tower,0,11,4,1,16,0,0,24,2,26,0,11,28,3,42,94,0,94,136
02/26/2022,OLV,MS,ASO,ES,Federal Contract Tower,0,3,12,0,15,0,0,14,0,14,0,3,26,0,29,24,0,24,53
02/27/2022,OLV,MS,ASO,ES,Federal Contract Tower,0,14,20,0,34,0,0,79,0,79,0,14,99,0,113,72,0,72,185
02/28/2022,OLV,MS,ASO,ES,Federal Contract Tower,0,6,29,0,35,0,1,147,3,151,0,7,176,3,186,84,0,84,270
03/01/2022,OLV,MS,ASO,ES,Federal Contract Tower,0,12,26,0,38,0,7,133,2,142,0,19,159,2,180,106,4,110,290
03/02/2022,OLV,MS,ASO,ES,Federal Contract Tower,0,10,33,0,43,0,1,133,2,136,0,11,166,2,179,126,0,126,305
03/03/2022,OLV,MS,ASO,ES,Federal Contract Tower,0,11,30,0,41,0,2,126,0,128,0,13,156,0,169,202,0,202,371
03/04/2022,OLV,MS,ASO,ES,Federal Contract Tower,0,21,25,0,46,0,0,113,2,115,0,21,138,2,161,228,0,228,389
03/05/2022,OLV,MS,ASO,ES,Federal Contract Tower,0,16,7,0,23,0,7,13,0,20,0,23,20,0,43,8,0,8,51
03/06/2022,OLV,MS,ASO,ES,Federal Contract Tower,0,9,6,0,15,0,2,3,0,5,0,11,9,0,20,54,0,54,74
03/07/2022,OLV,MS,ASO,ES,Federal Contract Tower,0,12,15,0,27,0,0,7,0,7,0,12,22,0,34,2,0,2,36
03/08/2022,OLV,MS,ASO,ES,Federal Contract Tower,0,16,26,0,42,0,0,55,0,55,0,16,81,0,97,68,0,68,165
03/09/2022,OLV,MS,ASO,ES,Federal Contract Tower,0,21,26,0,47,0,5,117,0,122,0,26,143,0,169,194,0,194,363
03/10/2022,OLV,MS,ASO,ES,Federal Contract Tower,0,18,26,0,44,0,4,131,0,135,0,22,157,0,179,200,0,200,379
03/11/2022,OLV,MS,ASO,ES,Federal Contract Tower,0,17,20,0,37,0,0,53,0,53,0,17,73,0,90,30,0,30,120
03/12/2022,OLV,MS,ASO,ES,Federal Contract Tower,0,10,4,0,14,0,2,17,1,20,0,12,21,1,34,66,0,66,100
03/13/2022,OLV,MS,ASO,ES,Federal Contract Tower,0,19,19,2,40,0,0,33,2,35,0,19,52,4,75,6,0,6,81
03/14/2022,OLV,MS,ASO,ES,Federal Contract Tower,0,26,24,0,50,0,2,68,2,72,0,28,92,2,122,96,6,102,224
03/15/2022,OLV,MS,ASO,ES,Federal Contract Tower,0,13,12,0,25,0,0,16,0,16,0,13,28,0,41,30,0,30,71
03/16/2022,OLV,MS,ASO,ES,Federal Contract Tower,0,13,35,2,50,0,2,72,1,75,0,15,107,3,125,180,0,180,305
03/17/2022,OLV,MS,ASO,ES,Federal Contract Tower,0,11,17,0,28,0,3,91,0,94,0,14,108,0,122,200,0,200,322
03/18/2022,OLV,MS,ASO,ES,Federal Contract Tower,0,24,11,0,35,0,3,2,0,5,0,27,13,0,40,18,0,18,58
03/19/2022,OLV,MS,ASO,ES,Federal Contract Tower,0,16,18,0,34,0,10,29,0,39,0,26,47,0,73,28,0,28,101
03/20/2022,OLV,MS,ASO,ES,Federal Contract Tower,0,14,16,0,30,0,8,86,2,96,0,22,102,2,126,78,0,78,204
03/21/2022,OLV,MS,ASO,ES,Federal Contract Tower,0,18,19,0,37,0,5,56,0,61,0,23,75,0,98,58,0,58,156
03/22/2022,OLV,MS,ASO,ES,Federal Contract Tower,0,6,0,0,6,0,0,0,0,0,0,6,0,0,6,0,0,0,6
03/23/2022,OLV,MS,ASO,ES,Federal Contract Tower,0,13,9,0,22,0,0,10,0,10,0,13,19,0,32,54,0,54,86
03/24/2022,OLV,MS,ASO,ES,Federal Contract Tower,0,17,23,0,40,0,6,67,0,73,0,23,90,0,113,52,0,52,165
03/25/2022,OLV,MS,ASO,ES,Federal Contract Tower,0,12,23,2,37,0,0,119,0,119,0,12,142,2,156,166,0,166,322
03/26/2022,OLV,MS,ASO,ES,Federal Contract Tower,0,14,15,0,29,0,3,65,1,69,0,17,80,1,98,58,0,58,156
03/27/2022,OLV,MS,ASO,ES,Federal Contract Tower,0,9,11,1,21,0,2,85,1,88,0,11,96,2,109,90,2,92,201
03/28/2022,OLV,MS,ASO,ES,Federal Contract Tower,0,15,31,0,46,0,0,144,2,146,0,15,175,2,192,202,6,208,400
03/29/2022,OLV,MS,ASO,ES,Federal Contract Tower,0,19,21,0,40,0,0,60,0,60,0,19,81,0,100,146,0,146,246
03/30/2022,OLV,MS,ASO,ES,Federal Contract Tower,0,7,0,0,7,0,0,0,0,0,0,7,0,0,7,0,0,0,7
03/31/2022,OLV,MS,ASO,ES,Federal Contract Tower,0,15,13,0,28,0,2,67,0,69,0,17,80,0,97,50,0,50,147
04/01/2022,OLV,MS,ASO,ES,Federal Contract Tower,0,17,39,0,56,0,0,140,0,140,0,17,179,0,196,272,0,272,468
04/02/2022,OLV,MS,ASO,ES,Federal Contract Tower,0,5,13,0,18,0,0,75,0,75,0,5,88,0,93,184,0,184,277
04/03/2022,OLV,MS,ASO,ES,Federal Contract Tower,0,19,16,0,35,0,1,64,6,71,0,20,80,6,106,108,4,112,218
04/04/2022,OLV,MS,ASO,ES,Federal Contract Tower,0,18,33,0,51,0,6,127,0,133,0,24,160,0,184,224,0,224,408
04/05/2022,OLV,MS,ASO,ES,Federal Contract Tower,0,17,25,0,42,0,0,54,0,54,0,17,79,0,96,194,0,194,290
04/06/2022,OLV,MS,ASO,ES,Federal Contract Tower,0,20,18,0,38,0,0,59,0,59,0,20,77,0,97,252,0,252,349
04/07/2022,OLV,MS,ASO,ES,Federal Contract Tower,0,6,16,0,22,0,2,34,0,36,0,8,50,0,58,62,0,62,120
04/08/2022,OLV,MS,ASO,ES,Federal Contract Tower,0,15,4,0,19,0,0,7,0,7,0,15,11,0,26,0,0,0,26
04/09/2022,OLV,MS,ASO,ES,Federal Contract Tower,0,10,18,2,30,0,0,47,0,47,0,10,65,2,77,20,0,20,97
04/10/2022,OLV,MS,ASO,ES,Federal Contract Tower,0,13,9,0,22,0,0,23,0,23,0,13,32,0,45,0,0,0,45
04/11/2022,OLV,MS,ASO,ES,Federal Contract Tower,0,10,6,0,16,0,4,23,0,27,0,14,29,0,43,30,0,30,73
04/12/2022,OLV,MS,ASO,ES,Federal Contract Tower,0,22,13,0,35,0,0,34,0,34,0,22,47,0,69,4,0,4,73
04/13/2022,OLV,MS,ASO,ES,Federal Contract Tower,0,4,2,0,6,0,0,0,0,0,0,4,2,0,6,0,0,0,6
04/14/2022,OLV,MS,ASO,ES,Federal Contract Tower,0,21,42,0,63,0,5,167,2,174,0,26,209,2,237,290,0,290,527
04/15/2022,OLV,MS,ASO,ES,Federal Contract Tower,0,13,19,0,32,0,4,70,2,76,0,17,89,2,108,152,2,154,262
04/16/2022,OLV,MS,ASO,ES,Federal Contract Tower,0,5,3,0,8,0,0,0,0,0,0,5,3,0,8,0,0,0,8
04/17/2022,OLV,MS,ASO,ES,Federal Contract Tower,0,7,3,0,10,0,0,0,0,0,0,7,3,0,10,0,0,0,10
04/18/2022,OLV,MS,ASO,ES,Federal Contract Tower,0,25,47,0,72,0,1,50,3,54,0,26,97,3,126,140,4,144,270
04/19/2022,OLV,MS,ASO,ES,Federal Contract Tower,0,9,49,0,58,0,2,192,1,195,0,11,241,1,253,312,0,312,565
04/20/2022,OLV,MS,ASO,ES,Federal Contract Tower,0,11,8,0,19,0,1,20,0,21,0,12,28,0,40,82,0,82,122
04/21/2022,OLV,MS,ASO,ES,Federal Contract Tower,0,9,24,0,33,0,5,58,2,65,0,14,82,2,98,188,0,188,286
04/22/2022,OLV,MS,ASO,ES,Federal Contract Tower,0,13,27,0,40,0,5,154,0,159,0,18,181,0,199,304,0,304,503
04/23/2022,OLV,MS,ASO,ES,Federal Contract Tower,0,2,7,0,9,0,1,25,0,26,0,3,32,0,35,36,0,36,71
04/24/2022,OLV,MS,ASO,ES,Federal Contract Tower,0,11,15,0,26,0,2,48,6,56,0,13,63,6,82,64,20,84,166
04/25/2022,OLV,MS,ASO,ES,Federal Contract Tower,0,12,5,2,19,0,2,33,0,35,0,14,38,2,54,20,0,20,74
04/26/2022,OLV,MS,ASO,ES,Federal Contract Tower,0,10,44,0,54,0,1,131,2,134,0,11,175,2,188,184,0,184,372
04/27/2022,OLV,MS,ASO,ES,Federal Contract Tower,0,13,29,0,42,0,1,145,2,148,0,14,174,2,190,194,0,194,384
04/28/2022,OLV,MS,ASO,ES,Federal Contract Tower,0,12,34,1,47,0,2,153,1,156,0,14,187,2,203,328,0,328,531
04/29/2022,OLV,MS,ASO,ES,Federal Contract Tower,0,23,27,0,50,0,0,78,0,78,0,23,105,0,128,224,0,224,352
04/30/2022,OLV,MS,ASO,ES,Federal Contract Tower,0,5,10,0,15,0,9,14,0,23,0,14,24,0,38,34,0,34,72
05/01/2022,OLV,MS,ASO,ES,Federal Contract Tower,0,12,18,0,30,0,0,100,2,102,0,12,118,2,132,124,0,124,256
05/02/2022,OLV,MS,ASO,ES,Federal Contract Tower,0,6,21,0,27,0,8,92,0,100,0,14,113,0,127,220,0,220,347
05/03/2022,OLV,MS,ASO,ES,Federal Contract Tower,0,4,3,0,7,0,8,15,6,29,0,12,18,6,36,12,0,12,48
05/04/2022,OLV,MS,ASO,ES,Federal Contract Tower,0,15,38,0,53,0,3,99,0,102,0,18,137,0,155,206,0,206,361
05/05/2022,OLV,MS,ASO,ES,Federal Contract Tower,0,9,12,0,21,0,3,54,0,57,0,12,66,0,78,120,0,120,198
05/06/2022,OLV,MS,ASO,ES,Federal Contract Tower,0,10,10,0,20,0,3,3,0,6,0,13,13,0,26,24,0,24,50
05/07/2022,OLV,MS,ASO,ES,Federal Contract Tower,0,7,13,1,21,0,2,70,1,73,0,9,83,2,94,148,0,148,242
05/08/2022,OLV,MS,ASO,ES,Federal Contract Tower,0,6,18,0,24,0,3,66,1,70,0,9,84,1,94,98,6,104,198
05/09/2022,OLV,MS,ASO,ES,Federal Contract Tower,0,20,25,0,45,0,7,50,0,57,0,27,75,0,102,32,0,32,134
05/10/2022,OLV,MS,ASO,ES,Federal Contract Tower,0,20,36,0,56,0,4,102,0,106,0,24,138,0,162,268,0,268,430
05/11/2022,OLV,MS,ASO,ES,Federal Contract Tower,0,6,52,0,58,0,2,147,3,152,0,8,199,3,210,168,0,168,378
05/12/2022,OLV,MS,ASO,ES,Federal Contract Tower,0,16,37,0,53,0,7,133,2,142,0,23,170,2,195,240,0,240,435
05/13/2022,OLV,MS,ASO,ES,Federal Contract Tower,0,13,24,0,37,2,29,0,0,31,2,42,24,0,68,58,0,58,126
05/14/2022,OLV,MS,ASO,ES,Federal Contract Tower,0,2,23,0,25,0,3,78,2,83,0,5,101,2,108,164,2,166,274
05/15/2022,OLV,MS,ASO,ES,Federal Contract Tower,0,8,14,2,24,0,54,91,5,150,0,62,105,7,174,146,2,148,322
05/16/2022,OLV,MS,ASO,ES,Federal Contract Tower,0,7,32,1,40,0,7,119,1,127,0,14,151,2,167,134,0,134,301
05/17/2022,OLV,MS,ASO,ES,Federal Contract Tower,0,21,43,0,64,0,1,184,0,185,0,22,227,0,249,168,0,168,417
05/18/2022,OLV,MS,ASO,ES,Federal Contract Tower,0,26,13,0,39,0,6,60,0,66,0,32,73,0,105,122,0,122,227
05/19/2022,OLV,MS,ASO,ES,Federal Contract Tower,0,15,32,0,47,0,8,53,0,61,0,23,85,0,108,82,0,82,190
05/20/2022,OLV,MS,ASO,ES,Federal Contract Tower,0,9,46,0,55,0,0,30,1,31,0,9,76,1,86,10,0,10,96
05/21/2022,OLV,MS,ASO,ES,Federal Contract Tower,0,7,31,0,38,0,0,37,5,42,0,7,68,5,80,156,2,158,238
05/22/2022,OLV,MS,ASO,ES,Federal Contract Tower,0,5,61,0,66,0,0,9,0,9,0,5,70,0,75,24,0,24,99
05/23/2022,OLV,MS,ASO,ES,Federal Contract Tower,0,9,7,0,16,0,0,58,4,62,0,9,65,4,78,294,0,294,372
05/24/2022,OLV,MS,ASO,ES,Federal Contract Tower,0,13,11,0,24,0,0,12,2,14,0,13,23,2,38,46,0,46,84
05/25/2022,OLV,MS,ASO,ES,Federal Contract Tower,0,11,5,0,16,0,0,5,0,5,0,11,10,0,21,84,0,84,105
05/26/2022,OLV,MS,ASO,ES,Federal Contract Tower,0,18,7,0,25,0,0,35,2,37,0,18,42,2,62,74,0,74,136
05/27/2022,OLV,MS,ASO,ES,Federal Contract Tower,0,16,26,0,42,0,0,89,5,94,0,16,115,5,136,132,0,132,268
05/28/2022,OLV,MS,ASO,ES,Federal Contract Tower,0,5,26,0,31,0,0,111,1,112,0,5,137,1,143,238,16,254,397
05/29/2022,OLV,MS,ASO,ES,Federal Contract Tower,0,12,12,0,24,0,0,69,0,69,0,12,81,0,93,110,0,110,203
05/30/2022,OLV,MS,ASO,ES,Federal Contract Tower,0,4,36,0,40,0,2,125,3,130,0,6,161,3,170,194,8,202,372
05/31/2022,OLV,MS,ASO,ES,Federal Contract Tower,0,10,38,0,48,0,3,146,0,149,0,13,184,0,197,208,0,208,405
06/01/2022,OLV,MS,ASO,ES,Federal Contract Tower,0,14,20,0,34,0,6,84,0,90,0,20,104,0,124,212,0,212,336
06/02/2022,OLV,MS,ASO,ES,Federal Contract Tower,0,13,14,3,30,0,0,38,3,41,0,13,52,6,71,144,6,150,221
06/03/2022,OLV,MS,ASO,ES,Federal Contract Tower,0,14,25,0,39,0,2,159,0,161,0,16,184,0,200,282,0,282,482
06/04/2022,OLV,MS,ASO,ES,Federal Contract Tower,0,9,25,0,34,0,1,136,1,138,0,10,161,1,172,182,0,182,354
06/05/2022,OLV,MS,ASO,ES,Federal Contract Tower,0,15,12,1,28,0,5,131,5,141,0,20,143,6,169,236,4,240,409
06/06/2022,OLV,MS,ASO,ES,Federal Contract Tower,0,20,12,0,32,0,1,40,2,43,0,21,52,2,75,96,0,96,171
06/07/2022,OLV,MS,ASO,ES,Federal Contract Tower,0,6,17,0,23,0,4,87,0,91,0,10,104,0,114,72,0,72,186
06/08/2022,OLV,MS,ASO,ES,Federal Contract Tower,0,14,3,0,17,0,0,30,0,30,0,14,33,0,47,52,0,52,99
06/09/2022,OLV,MS,ASO,ES,Federal Contract Tower,0,13,35,0,48,0,0,156,0,156,0,13,191,0,204,276,0,276,480
06/10/2022,OLV,MS,ASO,ES,Federal Contract Tower,0,15,20,1,36,0,0,135,0,135,0,15,155,1,171,186,0,186,357
06/11/2022,OLV,MS,ASO,ES,Federal Contract Tower,0,14,29,0,43,0,2,81,0,83,0,16,110,0,126,196,0,196,322
06/12/2022,OLV,MS,ASO,ES,Federal Contract Tower,0,14,16,2,32,0,2,83,0,85,0,16,99,2,117,166,0,166,283
06/13/2022,OLV,MS,ASO,ES,Federal Contract Tower,0,12,15,1,28,0,3,150,2,155,0,15,165,3,183,92,0,92,275
06/14/2022,OLV,MS,ASO,ES,Federal Contract Tower,0,10,27,0,37,0,12,118,0,130,0,22,145,0,167,118,0,118,285
06/15/2022,OLV,MS,ASO,ES,Federal Contract Tower,0,11,35,0,46,0,0,184,0,184,0,11,219,0,230,138,0,138,368
06/16/2022,OLV,MS,ASO,ES,Federal Contract Tower,0,16,21,0,37,0,1,145,0,146,0,17,166,0,183,138,0,138,321
06/17/2022,OLV,MS,ASO,ES,Federal Contract Tower,0,19,30,0,49,0,0,108,0,108,0,19,138,0,157,184,0,184,341
06/18/2022,OLV,MS,ASO,ES,Federal Contract Tower,0,15,18,1,34,0,2,63,0,65,0,17,81,1,99,120,0,120,219
06/19/2022,OLV,MS,ASO,ES,Federal Contract Tower,0,19,21,0,40,0,9,61,1,71,0,28,82,1,111,82,0,82,193
06/20/2022,OLV,MS,ASO,ES,Federal Contract Tower,0,14,15,0,29,0,8,174,0,182,0,22,189,0,211,134,0,134,345
06/21/2022,OLV,MS,ASO,ES,Federal Contract Tower,0,17,31,0,48,0,5,178,0,183,0,22,209,0,231,198,0,198,429
06/22/2022,OLV,MS,ASO,ES,Federal Contract Tower,0,19,30,0,49,0,5,121,0,126,0,24,151,0,175,170,0,170,345
06/23/2022,OLV,MS,ASO,ES,Federal Contract Tower,0,14,37,0,51,0,1,135,0,136,0,15,172,0,187,156,0,156,343
06/24/2022,OLV,MS,ASO,ES,Federal Contract Tower,0,21,29,0,50,0,9,135,4,148,0,30,164,4,198,173,0,173,371
06/25/2022,OLV,MS,ASO,ES,Federal Contract Tower,0,19,11,1,31,0,1,85,3,89,0,20,96,4,120,116,0,116,236
06/26/2022,OLV,MS,ASO,ES,Federal Contract Tower,0,11,7,0,18,0,2,33,0,35,0,13,40,0,53,42,0,42,95
06/27/2022,OLV,MS,ASO,ES,Federal Contract Tower,0,24,24,0,48,0,0,109,2,111,0,24,133,2,159,120,0,120,279
06/28/2022,OLV,MS,ASO,ES,Federal Contract Tower,0,6,28,0,34,0,0,158,2,160,0,6,186,2,194,250,14,264,458
06/29/2022,OLV,MS,ASO,ES,Federal Contract Tower,0,7,25,0,32,0,6,131,0,137,0,13,156,0,169,168,0,168,337
06/30/2022,OLV,MS,ASO,ES,Federal Contract Tower,0,9,14,0,23,0,3,129,2,134,0,12,143,2,157,216,6,222,379
07/01/2022,OLV,MS,ASO,ES,Federal Contract Tower,0,19,21,0,40,0,1,77,0,78,0,20,98,0,118,134,0,134,252
07/02/2022,OLV,MS,ASO,ES,Federal Contract Tower,0,4,11,0,15,0,2,80,0,82,0,6,91,0,97,110,0,110,207
07/03/2022,OLV,MS,ASO,ES,Federal Contract Tower,0,5,8,0,13,0,4,51,1,56,0,9,59,1,69,166,0,166,235
07/04/2022,OLV,MS,ASO,ES,Federal Contract Tower,0,3,10,2,15,0,1,48,2,51,0,4,58,4,66,234,0,234,300
07/05/2022,OLV,MS,ASO,ES,Federal Contract Tower,0,11,26,0,37,0,2,107,0,109,0,13,133,0,146,204,0,204,350
07/06/2022,OLV,MS,ASO,ES,Federal Contract Tower,0,20,17,0,37,0,6,96,0,102,0,26,113,0,139,190,0,190,329
07/07/2022,OLV,MS,ASO,ES,Federal Contract Tower,0,10,19,0,29,0,0,109,2,111,0,10,128,2,140,126,14,140,280
07/08/2022,OLV,MS,ASO,ES,Federal Contract Tower,0,8,37,0,45,0,3,108,3,114,0,11,145,3,159,176,0,176,335
07/09/2022,OLV,MS,ASO,ES,Federal Contract Tower,0,11,29,0,40,0,1,60,0,61,0,12,89,0,101,181,8,189,290
07/10/2022,OLV,MS,ASO,ES,Federal Contract Tower,0,16,18,0,34,0,4,33,0,37,0,20,51,0,71,46,0,46,117
07/11/2022,OLV,MS,ASO,ES,Federal Contract Tower,0,18,32,0,50,0,3,188,0,191,0,21,220,0,241,208,0,208,449
07/12/2022,OLV,MS,ASO,ES,Federal Contract Tower,0,14,37,0,51,0,6,166,2,174,0,20,203,2,225,208,2,210,435
07/13/2022,OLV,MS,ASO,ES,Federal Contract Tower,0,12,15,0,27,0,0,84,0,84,0,12,99,0,111,149,0,149,260
07/14/2022,OLV,MS,ASO,ES,Federal Contract Tower,0,10,33,0,43,0,2,122,0,124,0,12,155,0,167,160,0,160,327
07/15/2022,OLV,MS,ASO,ES,Federal Contract Tower,0,11,32,0,43,0,2,106,1,109,0,13,138,1,152,226,6,232,384
07/16/2022,OLV,MS,ASO,ES,Federal Contract Tower,0,12,15,7,34,0,0,117,3,120,0,12,132,10,154,258,0,258,412
07/17/2022,OLV,MS,ASO,ES,Federal Contract Tower,0,15,21,0,36,0,6,117,0,123,0,21,138,0,159,216,0,216,375
07/18/2022,OLV,MS,ASO,ES,Federal Contract Tower,0,14,15,0,29,0,52,0,0,52,0,66,15,0,81,120,0,120,201
07/19/2022,OLV,MS,ASO,ES,Federal Contract Tower,0,12,21,0,33,0,2,75,0,77,0,14,96,0,110,206,0,206,316
07/20/2022,OLV,MS,ASO,ES,Federal Contract Tower,0,14,9,1,24,0,1,70,1,72,0,15,79,2,96,122,0,122,218
07/21/2022,OLV,MS,ASO,ES,Federal Contract Tower,0,19,22,0,41,0,10,155,0,165,0,29,177,0,206,358,0,358,564
07/22/2022,OLV,MS,ASO,ES,Federal Contract Tower,0,16,28,0,44,0,0,116,0,116,0,16,144,0,160,344,0,344,504
07/23/2022,OLV,MS,ASO,ES,Federal Contract Tower,0,8,18,0,26,0,0,102,0,102,0,8,120,0,128,246,0,246,374
07/24/2022,OLV,MS,ASO,ES,Federal Contract Tower,0,11,7,0,18,0,6,52,0,58,0,17,59,0,76,42,0,42,118
07/25/2022,OLV,MS,ASO,ES,Federal Contract Tower,0,13,31,0,44,0,3,100,2,105,0,16,131,2,149,212,0,212,361
07/26/2022,OLV,MS,ASO,ES,Federal Contract Tower,0,11,32,0,43,0,3,96,2,101,0,14,128,2,144,78,20,98,242
07/27/2022,OLV,MS,ASO,ES,Federal Contract Tower,0,11,16,0,27,0,5,55,0,60,0,16,71,0,87,104,0,104,191
07/28/2022,OLV,MS,ASO,ES,Federal Contract Tower,0,11,7,0,18,0,17,27,0,44,0,28,34,0,62,102,0,102,164
07/29/2022,OLV,MS,ASO,ES,Federal Contract Tower,0,15,13,0,28,0,0,9,0,9,0,15,22,0,37,64,0,64,101
07/30/2022,OLV,MS,ASO,ES,Federal Contract Tower,0,6,9,0,15,0,0,21,1,22,0,6,30,1,37,152,0,152,189
07/31/2022,OLV,MS,ASO,ES,Federal Contract Tower,0,9,10,0,19,0,0,2,0,2,0,9,12,0,21,10,0,10,31
08/01/2022,OLV,MS,ASO,ES,Federal Contract Tower,0,4,25,0,29,0,4,48,0,52,0,8,73,0,81,148,2,150,231
08/02/2022,OLV,MS,ASO,ES,Federal Contract Tower,0,7,28,0,35,0,2,136,0,138,0,9,164,0,173,284,0,284,457
08/03/2022,OLV,MS,ASO,ES,Federal Contract Tower,0,13,31,0,44,0,0,66,0,66,0,13,97,0,110,156,0,156,266
08/04/2022,OLV,MS,ASO,ES,Federal Contract Tower,0,13,16,2,31,0,2,61,0,63,0,15,77,2,94,170,0,170,264
08/05/2022,OLV,MS,ASO,ES,Federal Contract Tower,0,17,22,0,39,0,0,62,0,62,0,17,84,0,101,88,0,88,189
08/06/2022,OLV,MS,ASO,ES,Federal Contract Tower,0,7,28,0,35,0,6,123,0,129,0,13,151,0,164,226,0,226,390
08/07/2022,OLV,MS,ASO,ES,Federal Contract Tower,0,15,16,0,31,0,10,115,0,125,0,25,131,0,156,142,0,142,298
08/08/2022,OLV,MS,ASO,ES,Federal Contract Tower,0,21,27,0,48,0,4,108,15,127,0,25,135,15,175,232,0,232,407
08/09/2022,OLV,MS,ASO,ES,Federal Contract Tower,0,11,16,0,27,0,6,65,0,71,0,17,81,0,98,92,0,92,190
08/10/2022,OLV,MS,ASO,ES,Federal Contract Tower,0,12,27,0,39,0,3,70,0,73,0,15,97,0,112,116,0,116,228
08/11/2022,OLV,MS,ASO,ES,Federal Contract Tower,0,13,22,0,35,0,0,42,0,42,0,13,64,0,77,146,0,146,223
08/12/2022,OLV,MS,ASO,ES,Federal Contract Tower,0,20,52,0,72,0,16,217,0,233,0,36,269,0,305,157,0,157,462
08/13/2022,OLV,MS,ASO,ES,Federal Contract Tower,0,10,21,0,31,0,11,203,0,214,0,21,224,0,245,218,0,218,463
08/14/2022,OLV,MS,ASO,ES,Federal Contract Tower,0,36,24,0,60,0,5,98,0,103,0,41,122,0,163,112,0,112,275
08/15/2022,OLV,MS,ASO,ES,Federal Contract Tower,0,5,33,0,38,0,4,146,0,150,0,9,179,0,188,196,0,196,384
08/16/2022,OLV,MS,ASO,ES,Federal Contract Tower,0,9,21,0,30,0,3,155,0,158,0,12,176,0,188,288,0,288,476
08/17/2022,OLV,MS,ASO,ES,Federal Contract Tower,0,9,13,0,22,0,0,23,0,23,0,9,36,0,45,48,0,48,93
08/18/2022,OLV,MS,ASO,ES,Federal Contract Tower,0,21,45,0,66,0,3,179,0,182,0,24,224,0,248,132,0,132,380
08/19/2022,OLV,MS,ASO,ES,Federal Contract Tower,0,0,0,0,0,0,2,4,0,6,0,2,4,0,6,0,0,0,6
08/20/2022,OLV,MS,ASO,ES,Federal Contract Tower,0,0,0,0,0,0,2,0,0,2,0,2,0,0,2,0,0,0,2
08/21/2022,OLV,MS,ASO,ES,Federal Contract Tower,0,0,0,0,0,0,0,0,0,0,0,0,0,0,0,0,0,0,0
08/22/2022,OLV,MS,ASO,ES,Federal Contract Tower,0,0,0,0,0,0,0,0,0,0,0,0,0,0,0,0,0,0,0
08/23/2022,OLV,MS,ASO,ES,Federal Contract Tower,0,2,0,0,2,0,5,0,0,5,0,7,0,0,7,0,0,0,7
08/24/2022,OLV,MS,ASO,ES,Federal Contract Tower,0,0,0,0,0,0,2,3,1,6,0,2,3,1,6,0,0,0,6
08/25/2022,OLV,MS,ASO,ES,Federal Contract Tower,0,0,0,0,0,0,6,0,1,7,0,6,0,1,7,0,0,0,7
08/26/2022,OLV,MS,ASO,ES,Federal Contract Tower,0,0,1,0,1,0,8,3,0,11,0,8,4,0,12,0,0,0,12
08/27/2022,OLV,MS,ASO,ES,Federal Contract Tower,0,0,0,0,0,0,6,6,0,12,0,6,6,0,12,0,0,0,12
08/28/2022,OLV,MS,ASO,ES,Federal Contract Tower,0,4,0,0,4,0,0,0,0,0,0,4,0,0,4,0,0,0,4
08/29/2022,OLV,MS,ASO,ES,Federal Contract Tower,0,0,0,0,0,0,3,4,0,7,0,3,4,0,7,0,0,0,7
08/30/2022,OLV,MS,ASO,ES,Federal Contract Tower,0,0,0,0,0,0,0,0,0,0,0,0,0,0,0,0,0,0,0
08/31/2022,OLV,MS,ASO,ES,Federal Contract Tower,0,2,0,0,2,0,0,3,0,3,0,2,3,0,5,0,0,0,5
09/01/2022,OLV,MS,ASO,ES,Federal Contract Tower,0,0,0,0,0,0,5,2,0,7,0,5,2,0,7,0,0,0,7
09/02/2022,OLV,MS,ASO,ES,Federal Contract Tower,0,4,0,0,4,0,0,11,0,11,0,4,11,0,15,0,0,0,15
09/03/2022,OLV,MS,ASO,ES,Federal Contract Tower,0,6,11,0,17,0,0,49,0,49,0,6,60,0,66,92,0,92,158
09/04/2022,OLV,MS,ASO,ES,Federal Contract Tower,0,4,4,0,8,0,0,40,0,40,0,4,44,0,48,34,0,34,82
09/05/2022,OLV,MS,ASO,ES,Federal Contract Tower,0,7,13,0,20,0,2,69,0,71,0,9,82,0,91,84,0,84,175
09/06/2022,OLV,MS,ASO,ES,Federal Contract Tower,0,7,35,0,42,0,2,96,0,98,0,9,131,0,140,120,0,120,260
09/07/2022,OLV,MS,ASO,ES,Federal Contract Tower,0,12,28,0,40,0,2,85,0,87,0,14,113,0,127,186,0,186,313
09/08/2022,OLV,MS,ASO,ES,Federal Contract Tower,0,13,29,0,42,0,0,119,5,124,0,13,148,5,166,162,0,162,328
09/09/2022,OLV,MS,ASO,ES,Federal Contract Tower,0,13,15,3,31,0,2,93,3,98,0,15,108,6,129,120,14,134,263
09/10/2022,OLV,MS,ASO,ES,Federal Contract Tower,0,3,4,0,7,0,0,2,1,3,0,3,6,1,10,2,0,2,12
09/11/2022,OLV,MS,ASO,ES,Federal Contract Tower,0,9,14,1,24,0,1,27,0,28,0,10,41,1,52,34,0,34,86
09/12/2022,OLV,MS,ASO,ES,Federal Contract Tower,0,11,26,0,37,0,11,203,2,216,0,22,229,2,253,162,34,196,449
09/13/2022,OLV,MS,ASO,ES,Federal Contract Tower,0,14,39,0,53,0,7,164,4,175,0,21,203,4,228,204,16,220,448
09/14/2022,OLV,MS,ASO,ES,Federal Contract Tower,0,11,44,2,57,0,4,125,0,129,0,15,169,2,186,134,0,134,320
09/15/2022,OLV,MS,ASO,ES,Federal Contract Tower,0,17,27,0,44,0,1,101,2,104,0,18,128,2,148,158,6,164,312
09/16/2022,OLV,MS,ASO,ES,Federal Contract Tower,0,13,26,2,41,0,3,116,2,121,0,16,142,4,162,226,2,228,390
09/17/2022,OLV,MS,ASO,ES,Federal Contract Tower,0,10,19,1,30,0,6,98,2,106,0,16,117,3,136,130,0,130,266
09/18/2022,OLV,MS,ASO,ES,Federal Contract Tower,0,12,20,0,32,0,4,73,3,80,0,16,93,3,112,52,8,60,172
09/19/2022,OLV,MS,ASO,ES,Federal Contract Tower,0,5,20,4,29,0,5,131,5,141,0,10,151,9,170,108,0,108,278
09/20/2022,OLV,MS,ASO,ES,Federal Contract Tower,0,12,37,4,53,0,10,119,13,142,0,22,156,17,195,120,0,120,315
09/21/2022,OLV,MS,ASO,ES,Federal Contract Tower,0,16,29,0,45,0,5,137,4,146,0,21,166,4,191,136,0,136,327
09/22/2022,OLV,MS,ASO,ES,Federal Contract Tower,0,9,36,0,45,0,11,90,0,101,0,20,126,0,146,138,0,138,284
09/23/2022,OLV,MS,ASO,ES,Federal Contract Tower,0,20,33,0,53,0,1,147,4,152,0,21,180,4,205,296,0,296,501
09/24/2022,OLV,MS,ASO,ES,Federal Contract Tower,0,6,24,1,31,0,5,67,11,83,0,11,91,12,114,139,24,163,277
09/25/2022,OLV,MS,ASO,ES,Federal Contract Tower,0,15,12,3,30,0,7,64,6,77,0,22,76,9,107,134,20,154,261
09/26/2022,OLV,MS,ASO,ES,Federal Contract Tower,0,19,28,0,47,0,10,112,3,125,0,29,140,3,172,180,0,180,352
09/27/2022,OLV,MS,ASO,ES,Federal Contract Tower,0,9,33,0,42,0,8,155,0,163,0,17,188,0,205,126,0,126,331
09/28/2022,OLV,MS,ASO,ES,Federal Contract Tower,0,14,26,0,40,0,0,91,0,91,0,14,117,0,131,120,0,120,251
09/29/2022,OLV,MS,ASO,ES,Federal Contract Tower,0,14,20,0,34,0,4,77,0,81,0,18,97,0,115,122,0,122,237
09/30/2022,OLV,MS,ASO,ES,Federal Contract Tower,0,14,37,0,51,0,1,121,0,122,0,15,158,0,173,146,0,146,319
10/01/2022,OLV,MS,ASO,ES,Federal Contract Tower,0,11,11,0,22,0,5,92,0,97,0,16,103,0,119,114,0,114,233
10/02/2022,OLV,MS,ASO,ES,Federal Contract Tower,0,17,23,0,40,0,0,75,0,75,0,17,98,0,115,126,0,126,241
10/03/2022,OLV,MS,ASO,ES,Federal Contract Tower,0,14,20,0,34,0,8,145,0,153,0,22,165,0,187,218,0,218,405
10/04/2022,OLV,MS,ASO,ES,Federal Contract Tower,0,19,20,0,39,0,13,164,0,177,0,32,184,0,216,152,0,152,368
10/05/2022,OLV,MS,ASO,ES,Federal Contract Tower,0,11,30,0,41,0,4,191,0,195,0,15,221,0,236,232,0,232,468
10/06/2022,OLV,MS,ASO,ES,Federal Contract Tower,0,15,40,0,55,0,4,136,0,140,0,19,176,0,195,210,0,210,405
10/07/2022,OLV,MS,ASO,ES,Federal Contract Tower,0,6,27,1,34,0,9,171,7,187,0,15,198,8,221,282,0,282,503
10/08/2022,OLV,MS,ASO,ES,Federal Contract Tower,0,0,0,0,0,0,0,3,0,3,0,0,3,0,3,0,0,0,3
10/09/2022,OLV,MS,ASO,ES,Federal Contract Tower,0,5,5,0,10,0,4,15,0,19,0,9,20,0,29,0,0,0,29
10/10/2022,OLV,MS,ASO,ES,Federal Contract Tower,0,14,26,0,40,0,0,171,0,171,0,14,197,0,211,174,0,174,385
10/11/2022,OLV,MS,ASO,ES,Federal Contract Tower,0,13,27,0,40,0,1,116,0,117,0,14,143,0,157,166,0,166,323
10/12/2022,OLV,MS,ASO,ES,Federal Contract Tower,0,14,13,0,27,0,1,29,0,30,0,15,42,0,57,24,0,24,81
10/13/2022,OLV,MS,ASO,ES,Federal Contract Tower,0,23,35,0,58,0,1,142,0,143,0,24,177,0,201,160,0,160,361
10/14/2022,OLV,MS,ASO,ES,Federal Contract Tower,0,25,35,0,60,0,19,86,1,106,0,44,121,1,166,82,0,82,248
10/15/2022,OLV,MS,ASO,ES,Federal Contract Tower,0,8,19,0,27,0,4,51,0,55,0,12,70,0,82,44,0,44,126
10/16/2022,OLV,MS,ASO,ES,Federal Contract Tower,0,17,9,0,26,0,12,47,0,59,0,29,56,0,85,106,0,106,191
10/17/2022,OLV,MS,ASO,ES,Federal Contract Tower,0,22,12,0,34,0,0,98,0,98,0,22,110,0,132,104,0,104,236
10/18/2022,OLV,MS,ASO,ES,Federal Contract Tower,0,24,25,0,49,0,5,124,0,129,0,29,149,0,178,138,0,138,316
10/19/2022,OLV,MS,ASO,ES,Federal Contract Tower,0,13,38,1,52,0,4,124,1,129,0,17,162,2,181,208,0,208,389
10/20/2022,OLV,MS,ASO,ES,Federal Contract Tower,0,17,27,0,44,0,2,132,0,134,0,19,159,0,178,180,0,180,358
10/21/2022,OLV,MS,ASO,ES,Federal Contract Tower,0,23,24,0,47,0,0,98,0,98,0,23,122,0,145,144,0,144,289
10/22/2022,OLV,MS,ASO,ES,Federal Contract Tower,0,15,17,0,32,0,8,54,1,63,0,23,71,1,95,56,0,56,151
10/23/2022,OLV,MS,ASO,ES,Federal Contract Tower,0,19,12,0,31,0,6,54,0,60,0,25,66,0,91,72,0,72,163
10/24/2022,OLV,MS,ASO,ES,Federal Contract Tower,0,16,27,0,43,0,7,101,0,108,0,23,128,0,151,136,0,136,287
10/25/2022,OLV,MS,ASO,ES,Federal Contract Tower,0,6,3,0,9,0,0,0,0,0,0,6,3,0,9,0,0,0,9
10/26/2022,OLV,MS,ASO,ES,Federal Contract Tower,0,21,30,0,51,0,5,160,1,166,0,26,190,1,217,220,0,220,437
10/27/2022,OLV,MS,ASO,ES,Federal Contract Tower,0,17,23,0,40,0,4,107,0,111,0,21,130,0,151,280,0,280,431
10/28/2022,OLV,MS,ASO,ES,Federal Contract Tower,0,16,20,0,36,0,0,130,0,130,0,16,150,0,166,204,0,204,370
10/29/2022,OLV,MS,ASO,ES,Federal Contract Tower,0,6,9,0,15,0,0,15,0,15,0,6,24,0,30,28,0,28,58
10/30/2022,OLV,MS,ASO,ES,Federal Contract Tower,0,19,12,0,31,0,4,28,0,32,0,23,40,0,63,146,0,146,209
10/31/2022,OLV,MS,ASO,ES,Federal Contract Tower,0,15,28,0,43,0,2,35,0,37,0,17,63,0,80,174,0,174,254
11/01/2022,OLV,MS,ASO,ES,Federal Contract Tower,0,6,38,0,44,0,0,150,0,150,0,6,188,0,194,258,0,258,452
11/02/2022,OLV,MS,ASO,ES,Federal Contract Tower,0,9,40,0,49,0,5,121,0,126,0,14,161,0,175,244,0,244,419
11/03/2022,OLV,MS,ASO,ES,Federal Contract Tower,0,19,28,2,49,0,2,148,2,152,0,21,176,4,201,280,0,280,481
11/04/2022,OLV,MS,ASO,ES,Federal Contract Tower,0,11,22,1,34,0,4,69,3,76,0,15,91,4,110,90,0,90,200
11/05/2022,OLV,MS,ASO,ES,Federal Contract Tower,0,7,12,0,19,0,2,26,0,28,0,9,38,0,47,30,0,30,77
11/06/2022,OLV,MS,ASO,ES,Federal Contract Tower,0,17,30,2,49,0,2,61,1,64,0,19,91,3,113,92,2,94,207
11/07/2022,OLV,MS,ASO,ES,Federal Contract Tower,0,16,0,0,16,0,0,0,0,0,0,16,0,0,16,0,0,0,16
11/08/2022,OLV,MS,ASO,ES,Federal Contract Tower,0,15,34,0,49,0,0,176,0,176,0,15,210,0,225,174,0,174,399
11/09/2022,OLV,MS,ASO,ES,Federal Contract Tower,0,25,34,0,59,0,6,144,0,150,0,31,178,0,209,198,0,198,407
11/10/2022,OLV,MS,ASO,ES,Federal Contract Tower,0,21,30,2,53,0,8,150,2,160,0,29,180,4,213,220,2,222,435
11/11/2022,OLV,MS,ASO,ES,Federal Contract Tower,0,23,40,0,63,0,6,127,2,135,0,29,167,2,198,310,0,310,508
11/12/2022,OLV,MS,ASO,ES,Federal Contract Tower,0,18,3,0,21,0,4,18,1,23,0,22,21,1,44,58,0,58,102
11/13/2022,OLV,MS,ASO,ES,Federal Contract Tower,0,21,14,0,35,0,11,55,1,67,0,32,69,1,102,94,0,94,196
11/14/2022,OLV,MS,ASO,ES,Federal Contract Tower,0,4,24,0,28,0,2,144,0,146,0,6,168,0,174,310,0,310,484
11/15/2022,OLV,MS,ASO,ES,Federal Contract Tower,0,11,8,0,19,0,0,51,0,51,0,11,59,0,70,88,0,88,158
11/16/2022,OLV,MS,ASO,ES,Federal Contract Tower,0,21,33,0,54,0,6,122,0,128,0,27,155,0,182,242,0,242,424
11/17/2022,OLV,MS,ASO,ES,Federal Contract Tower,0,7,34,0,41,0,6,135,0,141,0,13,169,0,182,194,0,194,376
11/18/2022,OLV,MS,ASO,ES,Federal Contract Tower,0,16,25,0,41,0,5,134,0,139,0,21,159,0,180,348,0,348,528
11/19/2022,OLV,MS,ASO,ES,Federal Contract Tower,0,16,25,1,42,0,2,62,0,64,0,18,87,1,106,142,0,142,248
11/20/2022,OLV,MS,ASO,ES,Federal Contract Tower,0,8,22,0,30,0,3,68,0,71,0,11,90,0,101,204,0,204,305
11/21/2022,OLV,MS,ASO,ES,Federal Contract Tower,0,12,26,0,38,0,4,148,0,152,0,16,174,0,190,168,0,168,358
11/22/2022,OLV,MS,ASO,ES,Federal Contract Tower,0,14,33,0,47,0,5,147,0,152,0,19,180,0,199,214,0,214,413
11/23/2022,OLV,MS,ASO,ES,Federal Contract Tower,0,17,17,0,34,0,15,139,0,154,0,32,156,0,188,168,10,178,366
11/24/2022,OLV,MS,ASO,ES,Federal Contract Tower,0,4,0,0,4,0,6,3,0,9,0,10,3,0,13,6,0,6,19
11/25/2022,OLV,MS,ASO,ES,Federal Contract Tower,0,12,11,0,23,0,9,36,0,45,0,21,47,0,68,126,0,126,194
11/26/2022,OLV,MS,ASO,ES,Federal Contract Tower,0,8,6,0,14,0,0,10,0,10,0,8,16,0,24,22,0,22,46
11/27/2022,OLV,MS,ASO,ES,Federal Contract Tower,0,15,10,0,25,0,2,1,0,3,0,17,11,0,28,0,0,0,28
11/28/2022,OLV,MS,ASO,ES,Federal Contract Tower,0,12,32,0,44,0,19,145,1,165,0,31,177,1,209,188,0,188,397
11/29/2022,OLV,MS,ASO,ES,Federal Contract Tower,0,2,1,0,3,0,0,5,0,5,0,2,6,0,8,10,0,10,18
11/30/2022,OLV,MS,ASO,ES,Federal Contract Tower,0,14,25,2,41,0,6,135,4,145,0,20,160,6,186,288,28,316,502
12/01/2022,OLV,MS,ASO,ES,Federal Contract Tower,0,11,20,0,31,0,1,130,0,131,0,12,150,0,162,272,0,272,434
12/02/2022,OLV,MS,ASO,ES,Federal Contract Tower,0,12,18,0,30,0,6,58,0,64,0,18,76,0,94,112,0,112,206
12/03/2022,OLV,MS,ASO,ES,Federal Contract Tower,0,13,8,0,21,0,2,36,0,38,0,15,44,0,59,128,0,128,187
12/04/2022,OLV,MS,ASO,ES,Federal Contract Tower,0,9,13,0,22,0,0,46,0,46,0,9,59,0,68,96,0,96,164
12/05/2022,OLV,MS,ASO,ES,Federal Contract Tower,0,11,2,0,13,0,0,0,0,0,0,11,2,0,13,0,0,0,13
12/06/2022,OLV,MS,ASO,ES,Federal Contract Tower,0,21,13,3,37,0,0,23,0,23,0,21,36,3,60,24,0,24,84
12/07/2022,OLV,MS,ASO,ES,Federal Contract Tower,0,14,1,0,15,0,0,0,0,0,0,14,1,0,15,0,0,0,15
12/08/2022,OLV,MS,ASO,ES,Federal Contract Tower,0,9,3,0,12,0,0,0,0,0,0,9,3,0,12,0,0,0,12
12/09/2022,OLV,MS,ASO,ES,Federal Contract Tower,0,12,7,0,19,0,0,2,0,2,0,12,9,0,21,2,0,2,23
12/10/2022,OLV,MS,ASO,ES,Federal Contract Tower,0,2,0,0,2,0,0,0,0,0,0,2,0,0,2,0,0,0,2
12/11/2022,OLV,MS,ASO,ES,Federal Contract Tower,0,10,14,0,24,0,0,0,0,0,0,10,14,0,24,0,0,0,24
12/12/2022,OLV,MS,ASO,ES,Federal Contract Tower,0,11,29,0,40,0,0,5,0,5,0,11,34,0,45,54,0,54,99
12/13/2022,OLV,MS,ASO,ES,Federal Contract Tower,0,7,8,0,15,0,0,2,0,2,0,7,10,0,17,18,0,18,35
12/14/2022,OLV,MS,ASO,ES,Federal Contract Tower,0,11,2,0,13,0,0,0,0,0,0,11,2,0,13,0,0,0,13
12/15/2022,OLV,MS,ASO,ES,Federal Contract Tower,0,7,28,1,36,0,6,146,3,155,0,13,174,4,191,154,0,154,345
12/16/2022,OLV,MS,ASO,ES,Federal Contract Tower,0,20,17,0,37,0,8,124,0,132,0,28,141,0,169,212,0,212,381
12/17/2022,OLV,MS,ASO,ES,Federal Contract Tower,0,3,16,0,19,0,4,74,0,78,0,7,90,0,97,78,0,78,175
12/18/2022,OLV,MS,ASO,ES,Federal Contract Tower,0,11,17,1,29,0,8,98,1,107,0,19,115,2,136,198,0,198,334
12/19/2022,OLV,MS,ASO,ES,Federal Contract Tower,0,7,36,0,43,0,9,169,0,178,0,16,205,0,221,340,0,340,561
12/20/2022,OLV,MS,ASO,ES,Federal Contract Tower,0,10,26,0,36,0,6,242,1,249,0,16,268,1,285,316,0,316,601
12/21/2022,OLV,MS,ASO,ES,Federal Contract Tower,0,15,26,0,41,0,5,154,0,159,0,20,180,0,200,314,0,314,514
12/22/2022,OLV,MS,ASO,ES,Federal Contract Tower,0,6,3,0,9,0,0,0,0,0,0,6,3,0,9,0,0,0,9
12/23/2022,OLV,MS,ASO,ES,Federal Contract Tower,0,4,2,0,6,0,0,1,0,1,0,4,3,0,7,0,0,0,7
12/24/2022,OLV,MS,ASO,ES,Federal Contract Tower,0,5,1,0,6,0,4,0,0,4,0,9,1,0,10,0,0,0,10
12/25/2022,OLV,MS,ASO,ES,Federal Contract Tower,0,4,4,0,8,0,0,7,0,7,0,4,11,0,15,2,0,2,17
12/26/2022,OLV,MS,ASO,ES,Federal Contract Tower,0,6,0,0,6,0,0,0,0,0,0,6,0,0,6,0,0,0,6
12/27/2022,OLV,MS,ASO,ES,Federal Contract Tower,0,16,14,3,33,0,1,112,0,113,0,17,126,3,146,110,0,110,256
12/28/2022,OLV,MS,ASO,ES,Federal Contract Tower,0,11,13,0,24,0,1,78,6,85,0,12,91,6,109,216,12,228,337
12/29/2022,OLV,MS,ASO,ES,Federal Contract Tower,0,4,13,0,17,0,0,8,0,8,0,4,21,0,25,6,0,6,31
12/30/2022,OLV,MS,ASO,ES,Federal Contract Tower,0,7,5,6,18,0,0,0,0,0,0,7,5,6,18,0,0,0,18
12/31/2022,OLV,MS,ASO,ES,Federal Contract Tower,0,11,4,1,16,0,0,20,0,20,0,11,24,1,36,62,0,62,98
01/01/2023,OLV,MS,ASO,ES,Federal Contract Tower,0,1,8,0,9,0,5,69,0,74,0,6,77,0,83,68,0,68,151
01/02/2023,OLV,MS,ASO,ES,Federal Contract Tower,0,9,2,0,11,0,0,0,0,0,0,9,2,0,11,0,0,0,11
01/03/2023,OLV,MS,ASO,ES,Federal Contract Tower,0,6,9,0,15,0,2,40,0,42,0,8,49,0,57,50,0,50,107
01/04/2023,OLV,MS,ASO,ES,Federal Contract Tower,0,4,26,0,30,0,4,160,0,164,0,8,186,0,194,224,0,224,418
01/05/2023,OLV,MS,ASO,ES,Federal Contract Tower,0,14,18,0,32,0,3,144,0,147,0,17,162,0,179,144,0,144,323
01/06/2023,OLV,MS,ASO,ES,Federal Contract Tower,0,7,25,0,32,0,4,191,0,195,0,11,216,0,227,280,0,280,507
01/07/2023,OLV,MS,ASO,ES,Federal Contract Tower,0,3,10,0,13,0,0,16,0,16,0,3,26,0,29,40,0,40,69
01/08/2023,OLV,MS,ASO,ES,Federal Contract Tower,0,5,12,0,17,0,3,47,0,50,0,8,59,0,67,130,0,130,197
01/09/2023,OLV,MS,ASO,ES,Federal Contract Tower,0,12,28,0,40,0,2,212,0,214,0,14,240,0,254,258,0,258,512
01/10/2023,OLV,MS,ASO,ES,Federal Contract Tower,0,8,30,0,38,0,1,172,0,173,0,9,202,0,211,370,0,370,581
01/11/2023,OLV,MS,ASO,ES,Federal Contract Tower,0,22,18,0,40,0,0,92,0,92,0,22,110,0,132,98,0,98,230
01/12/2023,OLV,MS,ASO,ES,Federal Contract Tower,0,12,6,0,18,0,1,7,0,8,0,13,13,0,26,10,0,10,36
01/13/2023,OLV,MS,ASO,ES,Federal Contract Tower,0,12,23,0,35,0,1,87,0,88,0,13,110,0,123,232,0,232,355
01/14/2023,OLV,MS,ASO,ES,Federal Contract Tower,0,3,27,0,30,0,3,139,2,144,0,6,166,2,174,136,0,136,310
01/15/2023,OLV,MS,ASO,ES,Federal Contract Tower,0,14,32,0,46,0,0,125,1,126,0,14,157,1,172,228,0,228,400
01/16/2023,OLV,MS,ASO,ES,Federal Contract Tower,0,4,6,0,10,0,0,29,0,29,0,4,35,0,39,52,0,52,91
01/17/2023,OLV,MS,ASO,ES,Federal Contract Tower,0,17,17,0,34,0,0,0,0,0,0,17,17,0,34,136,0,136,170
01/18/2023,OLV,MS,ASO,ES,Federal Contract Tower,0,4,2,0,6,0,0,0,0,0,0,4,2,0,6,0,0,0,6
01/19/2023,OLV,MS,ASO,ES,Federal Contract Tower,0,13,12,0,25,0,3,51,0,54,0,16,63,0,79,20,0,20,99
01/20/2023,OLV,MS,ASO,ES,Federal Contract Tower,0,11,37,0,48,0,2,206,1,209,0,13,243,1,257,300,0,300,557
01/21/2023,OLV,MS,ASO,ES,Federal Contract Tower,0,1,28,1,30,0,7,127,4,138,0,8,155,5,168,196,0,196,364
01/22/2023,OLV,MS,ASO,ES,Federal Contract Tower,0,5,6,0,11,0,3,17,0,20,0,8,23,0,31,64,0,64,95
01/23/2023,OLV,MS,ASO,ES,Federal Contract Tower,0,4,26,0,30,0,0,164,2,166,0,4,190,2,196,348,0,348,544
01/24/2023,OLV,MS,ASO,ES,Federal Contract Tower,0,5,16,0,21,0,0,99,0,99,0,5,115,0,120,164,0,164,284
01/25/2023,OLV,MS,ASO,ES,Federal Contract Tower,0,5,4,0,9,0,2,2,0,4,0,7,6,0,13,0,0,0,13
01/26/2023,OLV,MS,ASO,ES,Federal Contract Tower,0,24,18,0,42,0,6,71,2,79,0,30,89,2,121,112,0,112,233
01/27/2023,OLV,MS,ASO,ES,Federal Contract Tower,0,7,14,1,22,0,6,72,5,83,0,13,86,6,105,94,8,102,207
01/28/2023,OLV,MS,ASO,ES,Federal Contract Tower,0,8,17,0,25,0,4,97,11,112,0,12,114,11,137,208,0,208,345
01/29/2023,OLV,MS,ASO,ES,Federal Contract Tower,0,13,9,0,22,0,0,0,0,0,0,13,9,0,22,0,0,0,22
01/30/2023,OLV,MS,ASO,ES,Federal Contract Tower,0,10,0,0,10,0,0,0,0,0,0,10,0,0,10,0,0,0,10
01/31/2023,OLV,MS,ASO,ES,Federal Contract Tower,0,1,0,0,1,0,0,0,0,0,0,1,0,0,1,0,0,0,1
02/01/2023,OLV,MS,ASO,ES,Federal Contract Tower,0,0,0,0,0,0,0,0,0,0,0,0,0,0,0,0,0,0,0
02/02/2023,OLV,MS,ASO,ES,Federal Contract Tower,0,4,1,0,5,0,0,0,0,0,0,4,1,0,5,0,0,0,5
02/03/2023,OLV,MS,ASO,ES,Federal Contract Tower,0,15,19,0,34,0,2,72,1,75,0,17,91,1,109,186,0,186,295
02/04/2023,OLV,MS,ASO,ES,Federal Contract Tower,0,5,16,0,21,0,1,143,1,145,0,6,159,1,166,174,0,174,340
02/05/2023,OLV,MS,ASO,ES,Federal Contract Tower,0,5,27,0,32,0,1,69,0,70,0,6,96,0,102,140,0,140,242
02/06/2023,OLV,MS,ASO,ES,Federal Contract Tower,0,9,32,0,41,0,7,179,0,186,0,16,211,0,227,296,0,296,523
02/07/2023,OLV,MS,ASO,ES,Federal Contract Tower,0,7,33,0,40,0,2,151,0,153,0,9,184,0,193,262,0,262,455
02/08/2023,OLV,MS,ASO,ES,Federal Contract Tower,0,11,3,0,14,0,0,6,0,6,0,11,9,0,20,82,0,82,102
02/09/2023,OLV,MS,ASO,ES,Federal Contract Tower,0,7,25,0,32,0,1,48,6,55,0,8,73,6,87,70,0,70,157
02/10/2023,OLV,MS,ASO,ES,Federal Contract Tower,0,10,28,0,38,0,1,128,2,131,0,11,156,2,169,276,0,276,445
02/11/2023,OLV,MS,ASO,ES,Federal Contract Tower,0,7,25,0,32,0,3,56,0,59,0,10,81,0,91,214,0,214,305
02/12/2023,OLV,MS,ASO,ES,Federal Contract Tower,0,12,24,0,36,0,7,94,4,105,0,19,118,4,141,280,0,280,421
02/13/2023,OLV,MS,ASO,ES,Federal Contract Tower,0,8,25,0,33,0,8,127,0,135,0,16,152,0,168,180,0,180,348
02/14/2023,OLV,MS,ASO,ES,Federal Contract Tower,0,7,11,0,18,0,4,43,0,47,0,11,54,0,65,64,0,64,129
02/15/2023,OLV,MS,ASO,ES,Federal Contract Tower,0,8,17,0,25,0,0,35,0,35,0,8,52,0,60,110,0,110,170
02/16/2023,OLV,MS,ASO,ES,Federal Contract Tower,0,11,8,0,19,0,0,2,0,2,0,11,10,0,21,44,0,44,65
02/17/2023,OLV,MS,ASO,ES,Federal Contract Tower,0,17,21,0,38,0,6,140,0,146,0,23,161,0,184,222,0,222,406
02/18/2023,OLV,MS,ASO,ES,Federal Contract Tower,0,13,21,0,34,0,2,171,2,175,0,15,192,2,209,268,6,274,483
02/19/2023,OLV,MS,ASO,ES,Federal Contract Tower,0,5,14,1,20,0,1,70,0,71,0,6,84,1,91,148,0,148,239
02/20/2023,OLV,MS,ASO,ES,Federal Contract Tower,0,19,18,0,37,0,6,53,0,59,0,25,71,0,96,52,0,52,148
02/21/2023,OLV,MS,ASO,ES,Federal Contract Tower,0,12,20,2,34,0,7,158,0,165,0,19,178,2,199,160,0,160,359
02/22/2023,OLV,MS,ASO,ES,Federal Contract Tower,0,13,0,0,13,0,6,0,0,6,0,19,0,0,19,0,0,0,19
02/23/2023,OLV,MS,ASO,ES,Federal Contract Tower,0,15,29,1,45,0,7,97,0,104,0,22,126,1,149,132,0,132,281
02/24/2023,OLV,MS,ASO,ES,Federal Contract Tower,0,5,2,2,9,0,0,0,0,0,0,5,2,2,9,28,0,28,37
02/25/2023,OLV,MS,ASO,ES,Federal Contract Tower,0,3,4,4,11,0,0,0,0,0,0,3,4,4,11,0,0,0,11
02/26/2023,OLV,MS,ASO,ES,Federal Contract Tower,0,10,11,0,21,0,0,30,0,30,0,10,41,0,51,66,0,66,117
02/27/2023,OLV,MS,ASO,ES,Federal Contract Tower,0,7,6,0,13,0,1,9,0,10,0,8,15,0,23,12,0,12,35
02/28/2023,OLV,MS,ASO,ES,Federal Contract Tower,0,16,27,1,44,0,4,260,4,268,0,20,287,5,312,318,4,322,634
03/01/2023,OLV,MS,ASO,ES,Federal Contract Tower,0,8,12,2,22,0,0,48,0,48,0,8,60,2,70,74,0,74,144
03/02/2023,OLV,MS,ASO,ES,Federal Contract Tower,0,9,9,0,18,0,0,36,0,36,0,9,45,0,54,44,0,44,98
03/03/2023,OLV,MS,ASO,ES,Federal Contract Tower,0,5,4,0,9,0,0,0,0,0,0,5,4,0,9,0,0,0,9
03/04/2023,OLV,MS,ASO,ES,Federal Contract Tower,0,9,43,1,53,0,0,242,0,242,0,9,285,1,295,258,0,258,553
03/05/2023,OLV,MS,ASO,ES,Federal Contract Tower,0,11,34,1,46,0,5,204,4,213,0,16,238,5,259,290,0,290,549
03/06/2023,OLV,MS,ASO,ES,Federal Contract Tower,0,14,34,1,49,0,8,167,0,175,0,22,201,1,224,202,0,202,426
03/07/2023,OLV,MS,ASO,ES,Federal Contract Tower,0,18,18,1,37,0,3,179,1,183,0,21,197,2,220,118,0,118,338
03/08/2023,OLV,MS,ASO,ES,Federal Contract Tower,0,10,14,0,24,0,0,25,0,25,0,10,39,0,49,30,0,30,79
03/09/2023,OLV,MS,ASO,ES,Federal Contract Tower,0,13,7,0,20,0,0,86,0,86,0,13,93,0,106,22,0,22,128
03/10/2023,OLV,MS,ASO,ES,Federal Contract Tower,0,28,43,1,72,0,5,137,0,142,0,33,180,1,214,238,0,238,452
03/11/2023,OLV,MS,ASO,ES,Federal Contract Tower,0,16,20,0,36,0,23,92,0,115,0,39,112,0,151,94,0,94,245
03/12/2023,OLV,MS,ASO,ES,Federal Contract Tower,0,7,6,1,14,0,2,15,0,17,0,9,21,1,31,34,0,34,65
03/13/2023,OLV,MS,ASO,ES,Federal Contract Tower,0,5,44,0,49,0,6,164,2,172,0,11,208,2,221,190,8,198,419
03/14/2023,OLV,MS,ASO,ES,Federal Contract Tower,0,19,24,0,43,0,0,292,4,296,0,19,316,4,339,250,12,262,601
03/15/2023,OLV,MS,ASO,ES,Federal Contract Tower,0,11,39,0,50,0,10,222,2,234,0,21,261,2,284,270,0,270,554
03/16/2023,OLV,MS,ASO,ES,Federal Contract Tower,0,13,22,0,35,0,0,83,0,83,0,13,105,0,118,54,0,54,172
03/17/2023,OLV,MS,ASO,ES,Federal Contract Tower,0,10,10,0,20,0,1,51,0,52,0,11,61,0,72,70,0,70,142
03/18/2023,OLV,MS,ASO,ES,Federal Contract Tower,0,11,17,1,29,0,0,77,0,77,0,11,94,1,106,24,0,24,130
03/19/2023,OLV,MS,ASO,ES,Federal Contract Tower,0,12,22,0,34,0,0,91,2,93,0,12,113,2,127,162,0,162,289
03/20/2023,OLV,MS,ASO,ES,Federal Contract Tower,0,4,41,0,45,0,13,177,0,190,0,17,218,0,235,244,0,244,479
03/21/2023,OLV,MS,ASO,ES,Federal Contract Tower,0,15,13,0,28,0,5,68,0,73,0,20,81,0,101,178,0,178,279
03/22/2023,OLV,MS,ASO,ES,Federal Contract Tower,0,10,16,0,26,0,0,94,0,94,0,10,110,0,120,188,0,188,308
03/23/2023,OLV,MS,ASO,ES,Federal Contract Tower,0,6,14,0,20,0,0,15,0,15,0,6,29,0,35,40,0,40,75
03/24/2023,OLV,MS,ASO,ES,Federal Contract Tower,0,8,4,0,12,0,0,0,0,0,0,8,4,0,12,0,0,0,12
03/25/2023,OLV,MS,ASO,ES,Federal Contract Tower,0,15,23,0,38,0,8,108,2,118,0,23,131,2,156,172,6,178,334
03/26/2023,OLV,MS,ASO,ES,Federal Contract Tower,0,10,28,3,41,0,4,189,2,195,0,14,217,5,236,212,0,212,448
03/27/2023,OLV,MS,ASO,ES,Federal Contract Tower,0,12,20,0,32,0,3,183,3,189,0,15,203,3,221,198,6,204,425
03/28/2023,OLV,MS,ASO,ES,Federal Contract Tower,0,19,21,0,40,0,6,114,0,120,0,25,135,0,160,132,0,132,292
03/29/2023,OLV,MS,ASO,ES,Federal Contract Tower,0,27,29,1,57,0,7,215,1,223,0,34,244,2,280,274,20,294,574
03/30/2023,OLV,MS,ASO,ES,Federal Contract Tower,0,16,30,1,47,0,0,177,0,177,0,16,207,1,224,240,0,240,464
03/31/2023,OLV,MS,ASO,ES,Federal Contract Tower,0,9,4,0,13,0,0,1,0,1,0,9,5,0,14,0,0,0,14
04/01/2023,OLV,MS,ASO,ES,Federal Contract Tower,0,12,5,0,17,0,2,23,0,25,0,14,28,0,42,10,0,10,52
04/02/2023,OLV,MS,ASO,ES,Federal Contract Tower,0,12,11,0,23,0,4,128,0,132,0,16,139,0,155,238,0,238,393
04/03/2023,OLV,MS,ASO,ES,Federal Contract Tower,0,13,30,0,43,0,0,66,0,66,0,13,96,0,109,106,0,106,215
04/04/2023,OLV,MS,ASO,ES,Federal Contract Tower,0,8,20,0,28,0,0,53,0,53,0,8,73,0,81,62,0,62,143
04/05/2023,OLV,MS,ASO,ES,Federal Contract Tower,0,10,3,0,13,0,5,0,0,5,0,15,3,0,18,0,0,0,18
04/06/2023,OLV,MS,ASO,ES,Federal Contract Tower,0,13,9,0,22,0,0,1,0,1,0,13,10,0,23,0,0,0,23
04/07/2023,OLV,MS,ASO,ES,Federal Contract Tower,0,11,30,0,41,0,0,116,0,116,0,11,146,0,157,180,0,180,337
04/08/2023,OLV,MS,ASO,ES,Federal Contract Tower,0,11,25,0,36,0,0,88,0,88,0,11,113,0,124,364,0,364,488
04/09/2023,OLV,MS,ASO,ES,Federal Contract Tower,0,6,16,0,22,0,0,77,0,77,0,6,93,0,99,60,0,60,159
04/10/2023,OLV,MS,ASO,ES,Federal Contract Tower,0,16,25,0,41,0,4,192,0,196,0,20,217,0,237,210,0,210,447
04/11/2023,OLV,MS,ASO,ES,Federal Contract Tower,0,14,30,0,44,0,6,243,4,253,0,20,273,4,297,326,0,326,623
04/12/2023,OLV,MS,ASO,ES,Federal Contract Tower,0,14,31,0,45,0,5,294,6,305,0,19,325,6,350,316,0,316,666
04/13/2023,OLV,MS,ASO,ES,Federal Contract Tower,0,20,9,0,29,0,5,110,0,115,0,25,119,0,144,138,0,138,282
04/14/2023,OLV,MS,ASO,ES,Federal Contract Tower,0,14,35,0,49,0,0,133,1,134,0,14,168,1,183,214,0,214,397
04/15/2023,OLV,MS,ASO,ES,Federal Contract Tower,0,14,18,0,32,0,6,114,3,123,0,20,132,3,155,146,0,146,301
04/16/2023,OLV,MS,ASO,ES,Federal Contract Tower,0,8,15,0,23,0,4,13,0,17,0,12,28,0,40,2,0,2,42
04/17/2023,OLV,MS,ASO,ES,Federal Contract Tower,0,9,18,0,27,0,4,84,0,88,0,13,102,0,115,54,0,54,169
04/18/2023,OLV,MS,ASO,ES,Federal Contract Tower,0,10,27,0,37,0,5,211,0,216,0,15,238,0,253,203,0,203,456
04/19/2023,OLV,MS,ASO,ES,Federal Contract Tower,0,16,36,0,52,0,2,154,0,156,0,18,190,0,208,244,0,244,452
04/20/2023,OLV,MS,ASO,ES,Federal Contract Tower,0,16,31,0,47,0,0,105,3,108,0,16,136,3,155,208,0,208,363
04/21/2023,OLV,MS,ASO,ES,Federal Contract Tower,0,8,5,0,13,0,0,2,0,2,0,8,7,0,15,4,0,4,19
04/22/2023,OLV,MS,ASO,ES,Federal Contract Tower,0,4,34,0,38,0,2,145,1,148,0,6,179,1,186,164,0,164,350
04/23/2023,OLV,MS,ASO,ES,Federal Contract Tower,0,4,19,0,23,0,0,147,0,147,0,4,166,0,170,152,0,152,322
04/24/2023,OLV,MS,ASO,ES,Federal Contract Tower,0,13,20,1,34,0,2,187,1,190,0,15,207,2,224,326,0,326,550
04/25/2023,OLV,MS,ASO,ES,Federal Contract Tower,0,14,32,0,46,0,2,136,0,138,0,16,168,0,184,236,0,236,420
04/26/2023,OLV,MS,ASO,ES,Federal Contract Tower,0,13,34,0,47,0,0,99,0,99,0,13,133,0,146,194,0,194,340
04/27/2023,OLV,MS,ASO,ES,Federal Contract Tower,0,9,12,0,21,0,0,6,0,6,0,9,18,0,27,16,0,16,43
04/28/2023,OLV,MS,ASO,ES,Federal Contract Tower,0,11,25,2,38,0,4,69,2,75,0,15,94,4,113,292,0,292,405
04/29/2023,OLV,MS,ASO,ES,Federal Contract Tower,0,9,20,0,29,0,0,20,0,20,0,9,40,0,49,62,0,62,111
04/30/2023,OLV,MS,ASO,ES,Federal Contract Tower,0,18,11,0,29,0,9,44,2,55,0,27,55,2,84,80,0,80,164
05/01/2023,OLV,MS,ASO,ES,Federal Contract Tower,0,17,11,0,28,0,2,38,0,40,0,19,49,0,68,16,0,16,84
05/02/2023,OLV,MS,ASO,ES,Federal Contract Tower,0,16,8,0,24,0,1,54,0,55,0,17,62,0,79,32,0,32,111
05/03/2023,OLV,MS,ASO,ES,Federal Contract Tower,0,11,45,0,56,0,3,190,0,193,0,14,235,0,249,298,0,298,547
05/04/2023,OLV,MS,ASO,ES,Federal Contract Tower,0,7,48,0,55,0,1,228,0,229,0,8,276,0,284,256,0,256,540
05/05/2023,OLV,MS,ASO,ES,Federal Contract Tower,0,7,42,0,49,0,0,59,0,59,0,7,101,0,108,146,0,146,254
05/06/2023,OLV,MS,ASO,ES,Federal Contract Tower,0,12,17,1,30,0,2,40,0,42,0,14,57,1,72,120,0,120,192
05/07/2023,OLV,MS,ASO,ES,Federal Contract Tower,0,13,14,0,27,0,0,56,0,56,0,13,70,0,83,112,0,112,195
05/08/2023,OLV,MS,ASO,ES,Federal Contract Tower,0,17,20,0,37,0,2,59,0,61,0,19,79,0,98,60,0,60,158
05/09/2023,OLV,MS,ASO,ES,Federal Contract Tower,0,12,25,0,37,0,4,202,1,207,0,16,227,1,244,290,0,290,534
05/10/2023,OLV,MS,ASO,ES,Federal Contract Tower,0,8,13,0,21,0,0,105,1,106,0,8,118,1,127,164,0,164,291
05/11/2023,OLV,MS,ASO,ES,Federal Contract Tower,0,16,33,0,49,0,1,116,8,125,0,17,149,8,174,104,0,104,278
05/12/2023,OLV,MS,ASO,ES,Federal Contract Tower,0,20,12,0,32,0,0,37,0,37,0,20,49,0,69,60,0,60,129
05/13/2023,OLV,MS,ASO,ES,Federal Contract Tower,0,14,25,1,40,0,2,97,0,99,0,16,122,1,139,192,0,192,331
05/14/2023,OLV,MS,ASO,ES,Federal Contract Tower,0,17,11,0,28,0,0,112,2,114,0,17,123,2,142,78,0,78,220
05/15/2023,OLV,MS,ASO,ES,Federal Contract Tower,0,18,33,0,51,0,2,195,0,197,0,20,228,0,248,158,0,158,406
05/16/2023,OLV,MS,ASO,ES,Federal Contract Tower,0,14,19,0,33,0,4,109,2,115,0,18,128,2,148,104,0,104,252
05/17/2023,OLV,MS,ASO,ES,Federal Contract Tower,0,21,38,2,61,0,7,168,2,177,0,28,206,4,238,276,0,276,514
05/18/2023,OLV,MS,ASO,ES,Federal Contract Tower,0,11,32,1,44,0,4,209,3,216,0,15,241,4,260,284,0,284,544
05/19/2023,OLV,MS,ASO,ES,Federal Contract Tower,0,9,27,0,36,0,6,22,0,28,0,15,49,0,64,48,0,48,112
05/20/2023,OLV,MS,ASO,ES,Federal Contract Tower,0,7,17,0,24,0,3,14,0,17,0,10,31,0,41,28,0,28,69
05/21/2023,OLV,MS,ASO,ES,Federal Contract Tower,0,13,21,0,34,0,5,122,2,129,0,18,143,2,163,210,12,222,385
05/22/2023,OLV,MS,ASO,ES,Federal Contract Tower,0,19,33,0,52,0,7,163,1,171,0,26,196,1,223,226,0,226,449
05/23/2023,OLV,MS,ASO,ES,Federal Contract Tower,0,12,26,0,38,0,4,102,1,107,0,16,128,1,145,262,0,262,407
05/24/2023,OLV,MS,ASO,ES,Federal Contract Tower,0,11,27,0,38,0,0,167,0,167,0,11,194,0,205,222,0,222,427
05/25/2023,OLV,MS,ASO,ES,Federal Contract Tower,0,12,20,0,32,0,4,95,2,101,0,16,115,2,133,94,0,94,227
05/26/2023,OLV,MS,ASO,ES,Federal Contract Tower,0,20,28,2,50,0,1,172,1,174,0,21,200,3,224,224,0,224,448
05/27/2023,OLV,MS,ASO,ES,Federal Contract Tower,0,1,11,0,12,0,0,50,0,50,0,1,61,0,62,34,0,34,96
05/28/2023,OLV,MS,ASO,ES,Federal Contract Tower,0,7,12,1,20,0,10,96,0,106,0,17,108,1,126,114,0,114,240
05/29/2023,OLV,MS,ASO,ES,Federal Contract Tower,0,12,8,0,20,0,2,195,4,201,0,14,203,4,221,172,0,172,393
05/30/2023,OLV,MS,ASO,ES,Federal Contract Tower,0,5,38,0,43,0,2,194,0,196,0,7,232,0,239,196,0,196,435
05/31/2023,OLV,MS,ASO,ES,Federal Contract Tower,0,20,28,1,49,0,2,150,1,153,0,22,178,2,202,192,0,192,394
06/01/2023,OLV,MS,ASO,ES,Federal Contract Tower,0,17,16,0,33,0,7,145,2,154,0,24,161,2,187,144,0,144,331
06/02/2023,OLV,MS,ASO,ES,Federal Contract Tower,0,14,24,0,38,0,2,140,6,148,0,16,164,6,186,338,6,344,530
06/03/2023,OLV,MS,ASO,ES,Federal Contract Tower,0,5,20,0,25,0,5,100,0,105,0,10,120,0,130,148,0,148,278
06/04/2023,OLV,MS,ASO,ES,Federal Contract Tower,0,9,23,0,32,0,2,115,0,117,0,11,138,0,149,148,0,148,297
06/05/2023,OLV,MS,ASO,ES,Federal Contract Tower,0,10,12,2,24,0,2,93,0,95,0,12,105,2,119,146,0,146,265
06/06/2023,OLV,MS,ASO,ES,Federal Contract Tower,0,11,22,1,34,0,0,139,1,140,0,11,161,2,174,210,0,210,384
06/07/2023,OLV,MS,ASO,ES,Federal Contract Tower,0,20,28,0,48,0,1,171,0,172,0,21,199,0,220,232,0,232,452
06/08/2023,OLV,MS,ASO,ES,Federal Contract Tower,0,10,28,0,38,0,0,115,0,115,0,10,143,0,153,234,0,234,387
06/09/2023,OLV,MS,ASO,ES,Federal Contract Tower,0,19,60,0,79,0,0,179,0,179,0,19,239,0,258,334,0,334,592
06/10/2023,OLV,MS,ASO,ES,Federal Contract Tower,0,9,20,1,30,0,2,57,0,59,0,11,77,1,89,174,0,174,263
06/11/2023,OLV,MS,ASO,ES,Federal Contract Tower,0,21,17,0,38,0,5,53,0,58,0,26,70,0,96,88,0,88,184
06/12/2023,OLV,MS,ASO,ES,Federal Contract Tower,0,9,43,0,52,0,2,116,0,118,0,11,159,0,170,238,0,238,408
06/13/2023,OLV,MS,ASO,ES,Federal Contract Tower,0,17,35,0,52,0,1,177,0,178,0,18,212,0,230,148,0,148,378
06/14/2023,OLV,MS,ASO,ES,Federal Contract Tower,0,15,12,0,27,0,1,158,0,159,0,16,170,0,186,92,0,92,278
06/15/2023,OLV,MS,ASO,ES,Federal Contract Tower,0,19,23,0,42,0,3,80,0,83,0,22,103,0,125,78,0,78,203
06/16/2023,OLV,MS,ASO,ES,Federal Contract Tower,0,7,14,1,22,0,2,136,1,139,0,9,150,2,161,84,8,92,253
06/17/2023,OLV,MS,ASO,ES,Federal Contract Tower,0,6,25,0,31,0,4,148,0,152,0,10,173,0,183,214,8,222,405
06/18/2023,OLV,MS,ASO,ES,Federal Contract Tower,0,5,9,0,14,0,1,8,0,9,0,6,17,0,23,22,0,22,45
06/19/2023,OLV,MS,ASO,ES,Federal Contract Tower,0,12,31,0,43,0,3,122,0,125,0,15,153,0,168,198,0,198,366
06/20/2023,OLV,MS,ASO,ES,Federal Contract Tower,0,10,37,2,49,0,10,175,0,185,0,20,212,2,234,188,0,188,422
06/21/2023,OLV,MS,ASO,ES,Federal Contract Tower,0,16,24,0,40,0,3,58,0,61,0,19,82,0,101,168,0,168,269
06/22/2023,OLV,MS,ASO,ES,Federal Contract Tower,0,12,39,0,51,0,0,102,3,105,0,12,141,3,156,246,0,246,402
06/23/2023,OLV,MS,ASO,ES,Federal Contract Tower,0,14,35,0,49,0,4,131,0,135,0,18,166,0,184,136,0,136,320
06/24/2023,OLV,MS,ASO,ES,Federal Contract Tower,0,5,16,1,22,0,0,115,0,115,0,5,131,1,137,194,0,194,331
06/25/2023,OLV,MS,ASO,ES,Federal Contract Tower,0,13,17,0,30,0,0,48,0,48,0,13,65,0,78,118,0,118,196
06/26/2023,OLV,MS,ASO,ES,Federal Contract Tower,0,5,15,0,20,0,3,161,0,164,0,8,176,0,184,334,0,334,518
06/27/2023,OLV,MS,ASO,ES,Federal Contract Tower,0,13,24,2,39,0,1,196,2,199,0,14,220,4,238,314,2,316,554
06/28/2023,OLV,MS,ASO,ES,Federal Contract Tower,0,15,28,0,43,0,8,152,5,165,0,23,180,5,208,202,8,210,418
06/29/2023,OLV,MS,ASO,ES,Federal Contract Tower,0,13,39,0,52,0,5,103,0,108,0,18,142,0,160,146,0,146,306
06/30/2023,OLV,MS,ASO,ES,Federal Contract Tower,0,17,23,0,40,0,10,116,4,130,0,27,139,4,170,144,4,148,318
07/01/2023,OLV,MS,ASO,ES,Federal Contract Tower,0,11,13,1,25,0,2,74,4,80,0,13,87,5,105,58,0,58,163
07/02/2023,OLV,MS,ASO,ES,Federal Contract Tower,0,8,15,0,23,0,2,36,2,40,0,10,51,2,63,66,0,66,129
07/03/2023,OLV,MS,ASO,ES,Federal Contract Tower,0,9,12,0,21,0,2,71,2,75,0,11,83,2,96,154,0,154,250
07/04/2023,OLV,MS,ASO,ES,Federal Contract Tower,0,4,17,0,21,0,0,96,0,96,0,4,113,0,117,104,0,104,221
07/05/2023,OLV,MS,ASO,ES,Federal Contract Tower,0,11,19,0,30,0,0,80,1,81,0,11,99,1,111,94,0,94,205
07/06/2023,OLV,MS,ASO,ES,Federal Contract Tower,0,15,35,0,50,0,34,53,0,87,0,49,88,0,137,180,0,180,317
07/07/2023,OLV,MS,ASO,ES,Federal Contract Tower,0,10,34,1,45,0,3,49,0,52,0,13,83,1,97,126,0,126,223
07/08/2023,OLV,MS,ASO,ES,Federal Contract Tower,0,8,10,0,18,0,0,57,0,57,0,8,67,0,75,90,0,90,165
07/09/2023,OLV,MS,ASO,ES,Federal Contract Tower,0,9,14,0,23,0,0,0,0,0,0,9,14,0,23,0,0,0,23
07/10/2023,OLV,MS,ASO,ES,Federal Contract Tower,0,16,42,0,58,0,5,208,0,213,0,21,250,0,271,152,0,152,423
07/11/2023,OLV,MS,ASO,ES,Federal Contract Tower,0,7,36,0,43,0,2,263,0,265,0,9,299,0,308,280,0,280,588
07/12/2023,OLV,MS,ASO,ES,Federal Contract Tower,0,14,18,0,32,0,2,176,0,178,0,16,194,0,210,260,0,260,470
07/13/2023,OLV,MS,ASO,ES,Federal Contract Tower,0,8,30,0,38,0,0,130,0,130,0,8,160,0,168,220,0,220,388
07/14/2023,OLV,MS,ASO,ES,Federal Contract Tower,0,13,19,0,32,0,0,128,0,128,0,13,147,0,160,280,0,280,440
07/15/2023,OLV,MS,ASO,ES,Federal Contract Tower,0,6,27,0,33,0,0,50,0,50,0,6,77,0,83,110,0,110,193
07/16/2023,OLV,MS,ASO,ES,Federal Contract Tower,0,19,23,0,42,0,2,152,1,155,0,21,175,1,197,214,0,214,411
07/17/2023,OLV,MS,ASO,ES,Federal Contract Tower,0,16,27,0,43,0,5,165,1,171,0,21,192,1,214,332,0,332,546
07/18/2023,OLV,MS,ASO,ES,Federal Contract Tower,0,16,35,0,51,0,8,135,0,143,0,24,170,0,194,240,0,240,434
07/19/2023,OLV,MS,ASO,ES,Federal Contract Tower,0,13,16,0,29,0,0,90,0,90,0,13,106,0,119,154,0,154,273
07/20/2023,OLV,MS,ASO,ES,Federal Contract Tower,0,5,34,1,40,0,4,145,1,150,0,9,179,2,190,232,0,232,422
07/21/2023,OLV,MS,ASO,ES,Federal Contract Tower,0,13,11,0,24,0,0,52,0,52,0,13,63,0,76,56,0,56,132
07/22/2023,OLV,MS,ASO,ES,Federal Contract Tower,0,7,36,0,43,0,4,187,0,191,0,11,223,0,234,270,0,270,504
07/23/2023,OLV,MS,ASO,ES,Federal Contract Tower,0,7,16,0,23,0,2,113,0,115,0,9,129,0,138,136,0,136,274
07/24/2023,OLV,MS,ASO,ES,Federal Contract Tower,0,13,24,0,37,0,7,186,0,193,0,20,210,0,230,358,0,358,588
07/25/2023,OLV,MS,ASO,ES,Federal Contract Tower,0,27,29,0,56,0,8,179,0,187,0,35,208,0,243,236,0,236,479
07/26/2023,OLV,MS,ASO,ES,Federal Contract Tower,0,12,22,0,34,0,2,168,4,174,0,14,190,4,208,216,0,216,424
07/27/2023,OLV,MS,ASO,ES,Federal Contract Tower,0,14,21,0,35,0,1,143,0,144,0,15,164,0,179,178,0,178,357
07/28/2023,OLV,MS,ASO,ES,Federal Contract Tower,0,10,24,0,34,0,10,151,1,162,0,20,175,1,196,293,0,293,489
07/29/2023,OLV,MS,ASO,ES,Federal Contract Tower,0,11,23,0,34,0,11,132,0,143,0,22,155,0,177,188,0,188,365
07/30/2023,OLV,MS,ASO,ES,Federal Contract Tower,0,12,17,0,29,0,0,134,0,134,0,12,151,0,163,128,0,128,291
07/31/2023,OLV,MS,ASO,ES,Federal Contract Tower,0,11,25,0,36,0,8,187,0,195,0,19,212,0,231,240,0,240,471
08/01/2023,OLV,MS,ASO,ES,Federal Contract Tower,0,7,36,0,43,0,3,185,1,189,0,10,221,1,232,278,0,278,510
08/02/2023,OLV,MS,ASO,ES,Federal Contract Tower,0,17,25,0,42,0,0,139,0,139,0,17,164,0,181,288,0,288,469
08/03/2023,OLV,MS,ASO,ES,Federal Contract Tower,0,14,23,0,37,0,3,117,0,120,0,17,140,0,157,262,0,262,419
08/04/2023,OLV,MS,ASO,ES,Federal Contract Tower,0,8,9,0,17,0,6,66,0,72,0,14,75,0,89,168,0,168,257
08/05/2023,OLV,MS,ASO,ES,Federal Contract Tower,0,8,11,0,19,0,5,109,1,115,0,13,120,1,134,214,0,214,348
08/06/2023,OLV,MS,ASO,ES,Federal Contract Tower,0,10,19,1,30,0,1,65,1,67,0,11,84,2,97,122,0,122,219
08/07/2023,OLV,MS,ASO,ES,Federal Contract Tower,0,12,15,0,27,0,1,47,1,49,0,13,62,1,76,108,4,112,188
08/08/2023,OLV,MS,ASO,ES,Federal Contract Tower,0,13,19,0,32,0,8,95,0,103,0,21,114,0,135,170,0,170,305
08/09/2023,OLV,MS,ASO,ES,Federal Contract Tower,0,10,12,0,22,0,0,55,0,55,0,10,67,0,77,64,0,64,141
08/10/2023,OLV,MS,ASO,ES,Federal Contract Tower,0,14,16,0,30,0,0,13,0,13,0,14,29,0,43,2,0,2,45
08/11/2023,OLV,MS,ASO,ES,Federal Contract Tower,0,11,30,0,41,0,6,87,0,93,0,17,117,0,134,108,0,108,242
08/12/2023,OLV,MS,ASO,ES,Federal Contract Tower,0,3,22,0,25,6,10,64,0,80,6,13,86,0,105,96,0,96,201
08/13/2023,OLV,MS,ASO,ES,Federal Contract Tower,0,40,13,0,53,0,10,99,0,109,0,50,112,0,162,86,0,86,248
08/14/2023,OLV,MS,ASO,ES,Federal Contract Tower,0,14,26,0,40,0,4,114,2,120,0,18,140,2,160,188,0,188,348
08/15/2023,OLV,MS,ASO,ES,Federal Contract Tower,0,15,33,3,51,0,6,152,0,158,0,21,185,3,209,294,0,294,503
08/16/2023,OLV,MS,ASO,ES,Federal Contract Tower,0,15,42,0,57,0,4,205,3,212,0,19,247,3,269,302,2,304,573
08/17/2023,OLV,MS,ASO,ES,Federal Contract Tower,0,20,37,0,57,0,11,183,0,194,0,31,220,0,251,256,0,256,507
08/18/2023,OLV,MS,ASO,ES,Federal Contract Tower,0,17,44,0,61,0,2,136,0,138,0,19,180,0,199,324,0,324,523
08/19/2023,OLV,MS,ASO,ES,Federal Contract Tower,0,2,15,0,17,0,0,150,3,153,0,2,165,3,170,290,0,290,460
08/20/2023,OLV,MS,ASO,ES,Federal Contract Tower,0,7,22,0,29,0,13,62,1,76,0,20,84,1,105,80,0,80,185
08/21/2023,OLV,MS,ASO,ES,Federal Contract Tower,0,15,22,0,37,0,2,163,0,165,0,17,185,0,202,198,0,198,400
08/22/2023,OLV,MS,ASO,ES,Federal Contract Tower,0,23,30,0,53,0,16,168,0,184,0,39,198,0,237,210,0,210,447
08/23/2023,OLV,MS,ASO,ES,Federal Contract Tower,0,7,22,0,29,0,4,99,0,103,0,11,121,0,132,200,0,200,332
08/24/2023,OLV,MS,ASO,ES,Federal Contract Tower,0,7,29,0,36,0,8,89,2,99,0,15,118,2,135,176,0,176,311
08/25/2023,OLV,MS,ASO,ES,Federal Contract Tower,0,11,20,0,31,0,0,0,0,0,0,11,20,0,31,210,0,210,241
08/26/2023,OLV,MS,ASO,ES,Federal Contract Tower,0,9,26,1,36,0,2,102,1,105,0,11,128,2,141,158,0,158,299
08/27/2023,OLV,MS,ASO,ES,Federal Contract Tower,0,10,31,0,41,0,5,24,0,29,0,15,55,0,70,88,0,88,158
08/28/2023,OLV,MS,ASO,ES,Federal Contract Tower,0,7,16,0,23,0,7,31,0,38,0,14,47,0,61,68,0,68,129
08/29/2023,OLV,MS,ASO,ES,Federal Contract Tower,0,15,35,0,50,0,3,166,1,170,0,18,201,1,220,246,0,246,466
08/30/2023,OLV,MS,ASO,ES,Federal Contract Tower,0,3,32,0,35,0,4,137,1,142,0,7,169,1,177,222,0,222,399
08/31/2023,OLV,MS,ASO,ES,Federal Contract Tower,0,14,34,0,48,0,3,183,2,188,0,17,217,2,236,260,0,260,496
