01/01/2020,ONT,CA,AWP,WE,Towers with Radar,133,11,6,0,150,0,0,10,0,10,133,11,16,0,160,25,0,25,185
01/02/2020,ONT,CA,AWP,WE,Towers with Radar,224,44,8,0,276,0,2,11,0,13,224,46,19,0,289,0,0,0,289
01/03/2020,ONT,CA,AWP,WE,Towers with Radar,220,41,4,0,265,0,2,13,0,15,220,43,17,0,280,0,0,0,280
01/04/2020,ONT,CA,AWP,WE,Towers with Radar,161,27,3,0,191,0,3,8,0,11,161,30,11,0,202,16,0,16,218
01/05/2020,ONT,CA,AWP,WE,Towers with Radar,183,10,9,0,202,2,0,6,0,8,185,10,15,0,210,0,0,0,210
01/06/2020,ONT,CA,AWP,WE,Towers with Radar,191,35,4,0,230,0,0,7,1,8,191,35,11,1,238,14,0,14,252
01/07/2020,ONT,CA,AWP,WE,Towers with Radar,249,41,7,4,301,0,4,11,1,16,249,45,18,5,317,10,0,10,327
01/08/2020,ONT,CA,AWP,WE,Towers with Radar,243,50,12,0,305,0,3,16,0,19,243,53,28,0,324,8,0,8,332
01/09/2020,ONT,CA,AWP,WE,Towers with Radar,251,45,8,0,304,0,1,1,0,2,251,46,9,0,306,8,0,8,314
01/10/2020,ONT,CA,AWP,WE,Towers with Radar,203,43,10,0,256,0,8,23,0,31,203,51,33,0,287,4,0,4,291
01/11/2020,ONT,CA,AWP,WE,Towers with Radar,123,24,8,0,155,0,4,11,1,16,123,28,19,1,171,6,0,6,177
01/12/2020,ONT,CA,AWP,WE,Towers with Radar,173,9,2,0,184,0,0,13,0,13,173,9,15,0,197,50,0,50,247
01/13/2020,ONT,CA,AWP,WE,Towers with Radar,183,32,9,2,226,0,0,13,0,13,183,32,22,2,239,28,0,28,267
01/14/2020,ONT,CA,AWP,WE,Towers with Radar,243,46,5,0,294,0,2,10,0,12,243,48,15,0,306,20,0,20,326
01/15/2020,ONT,CA,AWP,WE,Towers with Radar,252,50,9,0,311,0,5,16,0,21,252,55,25,0,332,40,0,40,372
01/16/2020,ONT,CA,AWP,WE,Towers with Radar,238,40,11,0,289,0,1,7,0,8,238,41,18,0,297,10,0,10,307
01/17/2020,ONT,CA,AWP,WE,Towers with Radar,203,44,10,2,259,0,3,11,1,15,203,47,21,3,274,5,0,5,279
01/18/2020,ONT,CA,AWP,WE,Towers with Radar,125,31,12,2,170,0,3,17,0,20,125,34,29,2,190,34,0,34,224
01/19/2020,ONT,CA,AWP,WE,Towers with Radar,162,12,5,0,179,0,0,8,0,8,162,12,13,0,187,14,0,14,201
01/20/2020,ONT,CA,AWP,WE,Towers with Radar,194,33,9,0,236,0,0,24,0,24,194,33,33,0,260,50,0,50,310
01/21/2020,ONT,CA,AWP,WE,Towers with Radar,235,42,17,2,296,0,2,5,2,9,235,44,22,4,305,0,0,0,305
01/22/2020,ONT,CA,AWP,WE,Towers with Radar,241,44,16,0,301,0,2,11,0,13,241,46,27,0,314,25,0,25,339
01/23/2020,ONT,CA,AWP,WE,Towers with Radar,244,50,25,0,319,0,2,23,1,26,244,52,48,1,345,10,0,10,355
01/24/2020,ONT,CA,AWP,WE,Towers with Radar,206,45,13,2,266,0,4,17,0,21,206,49,30,2,287,0,0,0,287
01/25/2020,ONT,CA,AWP,WE,Towers with Radar,124,36,5,0,165,0,8,19,1,28,124,44,24,1,193,58,0,58,251
01/26/2020,ONT,CA,AWP,WE,Towers with Radar,171,13,14,1,199,0,0,1,0,1,171,13,15,1,200,0,0,0,200
01/27/2020,ONT,CA,AWP,WE,Towers with Radar,190,32,15,0,237,0,1,14,0,15,190,33,29,0,252,11,0,11,263
01/28/2020,ONT,CA,AWP,WE,Towers with Radar,242,47,16,0,305,0,3,22,0,25,242,50,38,0,330,30,0,30,360
01/29/2020,ONT,CA,AWP,WE,Towers with Radar,271,44,11,0,326,0,3,8,0,11,271,47,19,0,337,0,0,0,337
01/30/2020,ONT,CA,AWP,WE,Towers with Radar,272,51,11,0,334,0,3,14,0,17,272,54,25,0,351,12,0,12,363
01/31/2020,ONT,CA,AWP,WE,Towers with Radar,219,41,10,1,271,0,3,12,0,15,219,44,22,1,286,26,0,26,312
02/01/2020,ONT,CA,AWP,WE,Towers with Radar,131,29,10,0,170,0,5,12,0,17,131,34,22,0,187,20,0,20,207
02/02/2020,ONT,CA,AWP,WE,Towers with Radar,165,13,3,0,181,0,0,6,0,6,165,13,9,0,187,23,0,23,210
02/03/2020,ONT,CA,AWP,WE,Towers with Radar,197,39,9,1,246,0,1,3,0,4,197,40,12,1,250,0,0,0,250
02/04/2020,ONT,CA,AWP,WE,Towers with Radar,234,39,15,1,289,0,3,8,0,11,234,42,23,1,300,10,0,10,310
02/05/2020,ONT,CA,AWP,WE,Towers with Radar,240,43,15,2,300,0,3,20,0,23,240,46,35,2,323,24,0,24,347
02/06/2020,ONT,CA,AWP,WE,Towers with Radar,261,44,10,2,317,0,6,15,0,21,261,50,25,2,338,0,0,0,338
02/07/2020,ONT,CA,AWP,WE,Towers with Radar,207,46,15,0,268,0,6,10,0,16,207,52,25,0,284,33,0,33,317
02/08/2020,ONT,CA,AWP,WE,Towers with Radar,141,33,4,0,178,0,2,10,0,12,141,35,14,0,190,21,0,21,211
02/09/2020,ONT,CA,AWP,WE,Towers with Radar,163,15,10,0,188,0,1,2,0,3,163,16,12,0,191,0,0,0,191
02/10/2020,ONT,CA,AWP,WE,Towers with Radar,193,34,14,0,241,0,0,2,0,2,193,34,16,0,243,0,0,0,243
02/11/2020,ONT,CA,AWP,WE,Towers with Radar,208,34,11,0,253,0,5,7,0,12,208,39,18,0,265,2,0,2,267
02/12/2020,ONT,CA,AWP,WE,Towers with Radar,247,49,12,0,308,0,5,16,2,23,247,54,28,2,331,42,0,42,373
02/13/2020,ONT,CA,AWP,WE,Towers with Radar,254,37,10,0,301,0,6,17,0,23,254,43,27,0,324,14,0,14,338
02/14/2020,ONT,CA,AWP,WE,Towers with Radar,213,42,9,2,266,0,5,22,1,28,213,47,31,3,294,16,0,16,310
02/15/2020,ONT,CA,AWP,WE,Towers with Radar,140,26,4,0,170,0,0,20,0,20,140,26,24,0,190,32,0,32,222
02/16/2020,ONT,CA,AWP,WE,Towers with Radar,171,10,2,0,183,0,0,15,0,15,171,10,17,0,198,30,0,30,228
02/17/2020,ONT,CA,AWP,WE,Towers with Radar,203,31,11,1,246,0,1,19,0,20,203,32,30,1,266,54,0,54,320
02/18/2020,ONT,CA,AWP,WE,Towers with Radar,257,45,6,5,313,0,2,14,3,19,257,47,20,8,332,16,0,16,348
02/19/2020,ONT,CA,AWP,WE,Towers with Radar,254,39,8,1,302,0,3,16,0,19,254,42,24,1,321,26,0,26,347
02/20/2020,ONT,CA,AWP,WE,Towers with Radar,253,41,20,0,314,0,7,18,1,26,253,48,38,1,340,28,0,28,368
02/21/2020,ONT,CA,AWP,WE,Towers with Radar,203,39,11,1,254,0,4,5,1,10,203,43,16,2,264,0,0,0,264
02/22/2020,ONT,CA,AWP,WE,Towers with Radar,137,22,4,0,163,0,1,5,0,6,137,23,9,0,169,0,0,0,169
02/23/2020,ONT,CA,AWP,WE,Towers with Radar,169,11,14,0,194,0,2,7,0,9,169,13,21,0,203,64,0,64,267
02/24/2020,ONT,CA,AWP,WE,Towers with Radar,194,27,16,1,238,0,2,11,0,13,194,29,27,1,251,18,0,18,269
02/25/2020,ONT,CA,AWP,WE,Towers with Radar,252,37,8,2,299,0,4,10,0,14,252,41,18,2,313,0,0,0,313
02/26/2020,ONT,CA,AWP,WE,Towers with Radar,260,43,7,0,310,0,4,16,0,20,260,47,23,0,330,21,0,21,351
02/27/2020,ONT,CA,AWP,WE,Towers with Radar,251,41,21,0,313,0,3,23,1,27,251,44,44,1,340,48,0,48,388
02/28/2020,ONT,CA,AWP,WE,Towers with Radar,207,47,18,2,274,0,2,14,0,16,207,49,32,2,290,34,0,34,324
02/29/2020,ONT,CA,AWP,WE,Towers with Radar,134,35,14,0,183,0,4,13,1,18,134,39,27,1,201,28,0,28,229
03/01/2020,ONT,CA,AWP,WE,Towers with Radar,169,13,38,0,220,0,0,8,2,10,169,13,46,2,230,22,0,22,252
03/02/2020,ONT,CA,AWP,WE,Towers with Radar,201,27,5,0,233,0,1,6,0,7,201,28,11,0,240,0,0,0,240
03/03/2020,ONT,CA,AWP,WE,Towers with Radar,250,38,14,0,302,0,5,13,1,19,250,43,27,1,321,6,0,6,327
03/04/2020,ONT,CA,AWP,WE,Towers with Radar,244,40,14,0,298,1,5,18,0,24,245,45,32,0,322,60,0,60,382
03/05/2020,ONT,CA,AWP,WE,Towers with Radar,252,39,16,0,307,0,2,23,0,25,252,41,39,0,332,54,0,54,386
03/06/2020,ONT,CA,AWP,WE,Towers with Radar,206,46,11,0,263,0,4,21,0,25,206,50,32,0,288,44,0,44,332
03/07/2020,ONT,CA,AWP,WE,Towers with Radar,139,27,2,0,168,0,3,0,0,3,139,30,2,0,171,0,0,0,171
03/08/2020,ONT,CA,AWP,WE,Towers with Radar,163,11,7,0,181,0,0,8,1,9,163,11,15,1,190,14,0,14,204
03/09/2020,ONT,CA,AWP,WE,Towers with Radar,189,30,7,2,228,0,2,6,0,8,189,32,13,2,236,22,0,22,258
03/10/2020,ONT,CA,AWP,WE,Towers with Radar,248,48,12,2,310,0,0,6,0,6,248,48,18,2,316,44,0,44,360
03/11/2020,ONT,CA,AWP,WE,Towers with Radar,240,44,15,2,301,0,0,14,2,16,240,44,29,4,317,6,0,6,323
03/12/2020,ONT,CA,AWP,WE,Towers with Radar,248,42,14,0,304,0,2,0,0,2,248,44,14,0,306,0,0,0,306
03/13/2020,ONT,CA,AWP,WE,Towers with Radar,203,48,8,2,261,0,0,4,0,4,203,48,12,2,265,0,0,0,265
03/14/2020,ONT,CA,AWP,WE,Towers with Radar,134,35,10,0,179,0,1,7,0,8,134,36,17,0,187,26,0,26,213
03/15/2020,ONT,CA,AWP,WE,Towers with Radar,166,13,3,0,182,0,0,10,0,10,166,13,13,0,192,82,0,82,274
03/16/2020,ONT,CA,AWP,WE,Towers with Radar,186,28,3,0,217,0,0,11,0,11,186,28,14,0,228,84,0,84,312
03/17/2020,ONT,CA,AWP,WE,Towers with Radar,236,39,4,2,281,0,2,21,0,23,236,41,25,2,304,54,0,54,358
03/18/2020,ONT,CA,AWP,WE,Towers with Radar,236,41,3,0,280,0,3,6,0,9,236,44,9,0,289,0,0,0,289
03/19/2020,ONT,CA,AWP,WE,Towers with Radar,224,45,5,2,276,0,0,26,0,26,224,45,31,2,302,0,0,0,302
03/20/2020,ONT,CA,AWP,WE,Towers with Radar,190,45,6,2,243,0,1,7,0,8,190,46,13,2,251,0,0,0,251
03/21/2020,ONT,CA,AWP,WE,Towers with Radar,134,26,1,0,161,0,3,8,0,11,134,29,9,0,172,52,0,52,224
03/22/2020,ONT,CA,AWP,WE,Towers with Radar,135,8,3,0,146,0,0,3,0,3,135,8,6,0,149,6,0,6,155
03/23/2020,ONT,CA,AWP,WE,Towers with Radar,152,25,7,0,184,0,0,2,0,2,152,25,9,0,186,16,0,16,202
03/24/2020,ONT,CA,AWP,WE,Towers with Radar,206,30,3,0,239,0,5,1,0,6,206,35,4,0,245,0,0,0,245
03/25/2020,ONT,CA,AWP,WE,Towers with Radar,188,39,2,2,231,0,4,6,0,10,188,43,8,2,241,0,0,0,241
03/26/2020,ONT,CA,AWP,WE,Towers with Radar,196,36,2,0,234,0,4,12,0,16,196,40,14,0,250,3,0,3,253
03/27/2020,ONT,CA,AWP,WE,Towers with Radar,136,34,1,0,171,0,4,9,1,14,136,38,10,1,185,2,0,2,187
03/28/2020,ONT,CA,AWP,WE,Towers with Radar,87,18,0,0,105,0,4,6,1,11,87,22,6,1,116,0,0,0,116
03/29/2020,ONT,CA,AWP,WE,Towers with Radar,108,5,1,0,114,0,1,4,1,6,108,6,5,1,120,0,0,0,120
03/30/2020,ONT,CA,AWP,WE,Towers with Radar,130,22,1,2,155,0,4,1,0,5,130,26,2,2,160,0,0,0,160
03/31/2020,ONT,CA,AWP,WE,Towers with Radar,165,39,3,4,211,0,6,15,0,21,165,45,18,4,232,12,0,12,244
04/01/2020,ONT,CA,AWP,WE,Towers with Radar,174,35,5,0,214,0,4,11,0,15,174,39,16,0,229,55,0,55,284
04/02/2020,ONT,CA,AWP,WE,Towers with Radar,169,33,2,0,204,0,1,3,0,4,169,34,5,0,208,0,0,0,208
04/03/2020,ONT,CA,AWP,WE,Towers with Radar,123,32,1,2,158,0,5,13,0,18,123,37,14,2,176,2,0,2,178
04/04/2020,ONT,CA,AWP,WE,Towers with Radar,93,16,2,0,111,0,2,7,0,9,93,18,9,0,120,40,0,40,160
04/05/2020,ONT,CA,AWP,WE,Towers with Radar,96,3,2,0,101,0,0,5,0,5,96,3,7,0,106,0,0,0,106
04/06/2020,ONT,CA,AWP,WE,Towers with Radar,110,24,7,0,141,0,0,0,0,0,110,24,7,0,141,0,0,0,141
04/07/2020,ONT,CA,AWP,WE,Towers with Radar,158,32,10,0,200,0,1,2,0,3,158,33,12,0,203,0,0,0,203
04/08/2020,ONT,CA,AWP,WE,Towers with Radar,164,33,4,0,201,0,2,4,0,6,164,35,8,0,207,0,0,0,207
04/09/2020,ONT,CA,AWP,WE,Towers with Radar,159,32,3,0,194,0,0,0,0,0,159,32,3,0,194,0,0,0,194
04/10/2020,ONT,CA,AWP,WE,Towers with Radar,126,34,2,0,162,0,0,6,0,6,126,34,8,0,168,8,0,8,176
04/11/2020,ONT,CA,AWP,WE,Towers with Radar,83,20,2,0,105,0,1,25,0,26,83,21,27,0,131,18,0,18,149
04/12/2020,ONT,CA,AWP,WE,Towers with Radar,92,1,2,0,95,0,0,3,0,3,92,1,5,0,98,0,0,0,98
04/13/2020,ONT,CA,AWP,WE,Towers with Radar,110,23,5,0,138,0,0,20,1,21,110,23,25,1,159,18,0,18,177
04/14/2020,ONT,CA,AWP,WE,Towers with Radar,151,28,5,0,184,0,4,12,0,16,151,32,17,0,200,5,0,5,205
04/15/2020,ONT,CA,AWP,WE,Towers with Radar,149,31,2,0,182,0,1,11,0,12,149,32,13,0,194,4,0,4,198
04/16/2020,ONT,CA,AWP,WE,Towers with Radar,143,33,0,0,176,0,5,10,1,16,143,38,10,1,192,30,0,30,222
04/17/2020,ONT,CA,AWP,WE,Towers with Radar,116,32,7,0,155,0,2,8,0,10,116,34,15,0,165,2,0,2,167
04/18/2020,ONT,CA,AWP,WE,Towers with Radar,82,15,0,2,99,0,0,3,0,3,82,15,3,2,102,0,0,0,102
04/19/2020,ONT,CA,AWP,WE,Towers with Radar,91,1,2,0,94,0,0,6,0,6,91,1,8,0,100,2,0,2,102
04/20/2020,ONT,CA,AWP,WE,Towers with Radar,106,22,2,0,130,0,3,7,0,10,106,25,9,0,140,0,0,0,140
04/21/2020,ONT,CA,AWP,WE,Towers with Radar,158,28,1,0,187,0,2,9,0,11,158,30,10,0,198,0,0,0,198
04/22/2020,ONT,CA,AWP,WE,Towers with Radar,154,29,3,2,188,0,3,16,3,22,154,32,19,5,210,10,0,10,220
04/23/2020,ONT,CA,AWP,WE,Towers with Radar,149,27,3,0,179,0,7,8,1,16,149,34,11,1,195,48,0,48,243
04/24/2020,ONT,CA,AWP,WE,Towers with Radar,116,36,4,2,158,0,3,3,2,8,116,39,7,4,166,10,0,10,176
04/25/2020,ONT,CA,AWP,WE,Towers with Radar,78,14,2,0,94,0,4,5,0,9,78,18,7,0,103,8,0,8,111
04/26/2020,ONT,CA,AWP,WE,Towers with Radar,96,2,4,0,102,0,0,8,0,8,96,2,12,0,110,2,0,2,112
04/27/2020,ONT,CA,AWP,WE,Towers with Radar,105,22,4,0,131,0,4,9,0,13,105,26,13,0,144,19,0,19,163
04/28/2020,ONT,CA,AWP,WE,Towers with Radar,163,29,11,2,205,0,3,21,0,24,163,32,32,2,229,14,0,14,243
04/29/2020,ONT,CA,AWP,WE,Towers with Radar,160,33,7,2,202,0,3,13,3,19,160,36,20,5,221,18,10,28,249
04/30/2020,ONT,CA,AWP,WE,Towers with Radar,157,28,7,0,192,0,3,5,0,8,157,31,12,0,200,0,0,0,200
05/01/2020,ONT,CA,AWP,WE,Towers with Radar,113,28,10,0,151,0,3,12,4,19,113,31,22,4,170,8,0,8,178
05/02/2020,ONT,CA,AWP,WE,Towers with Radar,87,13,4,0,104,0,4,9,0,13,87,17,13,0,117,14,0,14,131
05/03/2020,ONT,CA,AWP,WE,Towers with Radar,92,0,0,0,92,0,3,11,0,14,92,3,11,0,106,10,0,10,116
05/04/2020,ONT,CA,AWP,WE,Towers with Radar,104,23,10,0,137,0,4,14,0,18,104,27,24,0,155,2,0,2,157
05/05/2020,ONT,CA,AWP,WE,Towers with Radar,167,32,4,0,203,0,4,11,1,16,167,36,15,1,219,16,0,16,235
05/06/2020,ONT,CA,AWP,WE,Towers with Radar,164,39,3,0,206,0,4,10,4,18,164,43,13,4,224,2,0,2,226
05/07/2020,ONT,CA,AWP,WE,Towers with Radar,161,35,3,0,199,0,10,15,0,25,161,45,18,0,224,15,0,15,239
05/08/2020,ONT,CA,AWP,WE,Towers with Radar,129,34,6,0,169,0,5,18,0,23,129,39,24,0,192,27,0,27,219
05/09/2020,ONT,CA,AWP,WE,Towers with Radar,85,16,6,0,107,0,5,11,0,16,85,21,17,0,123,30,0,30,153
05/10/2020,ONT,CA,AWP,WE,Towers with Radar,93,2,2,0,97,0,0,4,0,4,93,2,6,0,101,6,0,6,107
05/11/2020,ONT,CA,AWP,WE,Towers with Radar,108,26,8,0,142,0,5,9,0,14,108,31,17,0,156,0,0,0,156
05/12/2020,ONT,CA,AWP,WE,Towers with Radar,159,32,6,0,197,0,1,5,0,6,159,33,11,0,203,14,0,14,217
05/13/2020,ONT,CA,AWP,WE,Towers with Radar,157,35,5,0,197,0,3,16,0,19,157,38,21,0,216,0,0,0,216
05/14/2020,ONT,CA,AWP,WE,Towers with Radar,157,35,4,0,196,0,5,13,1,19,157,40,17,1,215,22,0,22,237
05/15/2020,ONT,CA,AWP,WE,Towers with Radar,122,34,4,1,161,0,3,25,0,28,122,37,29,1,189,30,0,30,219
05/16/2020,ONT,CA,AWP,WE,Towers with Radar,90,14,7,0,111,0,3,17,2,22,90,17,24,2,133,12,0,12,145
05/17/2020,ONT,CA,AWP,WE,Towers with Radar,92,4,6,0,102,0,0,9,0,9,92,4,15,0,111,0,0,0,111
05/18/2020,ONT,CA,AWP,WE,Towers with Radar,109,24,5,0,138,0,0,11,0,11,109,24,16,0,149,6,0,6,155
05/19/2020,ONT,CA,AWP,WE,Towers with Radar,164,33,11,0,208,0,2,6,2,10,164,35,17,2,218,14,12,26,244
05/20/2020,ONT,CA,AWP,WE,Towers with Radar,162,35,5,2,204,0,2,28,0,30,162,37,33,2,234,26,0,26,260
05/21/2020,ONT,CA,AWP,WE,Towers with Radar,158,33,14,0,205,0,5,26,0,31,158,38,40,0,236,142,0,142,378
05/22/2020,ONT,CA,AWP,WE,Towers with Radar,124,30,11,0,165,0,5,10,0,15,124,35,21,0,180,8,0,8,188
05/23/2020,ONT,CA,AWP,WE,Towers with Radar,87,18,7,0,112,0,1,8,0,9,87,19,15,0,121,0,0,0,121
05/24/2020,ONT,CA,AWP,WE,Towers with Radar,88,2,2,0,92,0,0,10,0,10,88,2,12,0,102,19,0,19,121
05/25/2020,ONT,CA,AWP,WE,Towers with Radar,76,4,2,0,82,0,2,3,0,5,76,6,5,0,87,0,0,0,87
05/26/2020,ONT,CA,AWP,WE,Towers with Radar,114,22,7,0,143,0,3,19,4,26,114,25,26,4,169,88,0,88,257
05/27/2020,ONT,CA,AWP,WE,Towers with Radar,168,32,10,0,210,0,4,11,0,15,168,36,21,0,225,20,0,20,245
05/28/2020,ONT,CA,AWP,WE,Towers with Radar,170,30,5,0,205,0,6,33,0,39,170,36,38,0,244,28,0,28,272
05/29/2020,ONT,CA,AWP,WE,Towers with Radar,127,35,13,0,175,0,1,12,0,13,127,36,25,0,188,38,0,38,226
05/30/2020,ONT,CA,AWP,WE,Towers with Radar,88,16,3,0,107,0,2,15,1,18,88,18,18,1,125,28,0,28,153
05/31/2020,ONT,CA,AWP,WE,Towers with Radar,88,2,1,0,91,0,0,9,0,9,88,2,10,0,100,10,0,10,110
06/01/2020,ONT,CA,AWP,WE,Towers with Radar,107,21,4,0,132,0,3,19,0,22,107,24,23,0,154,6,0,6,160
06/02/2020,ONT,CA,AWP,WE,Towers with Radar,163,35,9,2,209,0,6,8,0,14,163,41,17,2,223,4,0,4,227
06/03/2020,ONT,CA,AWP,WE,Towers with Radar,169,32,7,0,208,0,7,15,0,22,169,39,22,0,230,52,0,52,282
06/04/2020,ONT,CA,AWP,WE,Towers with Radar,159,31,5,0,195,0,7,9,0,16,159,38,14,0,211,18,0,18,229
06/05/2020,ONT,CA,AWP,WE,Towers with Radar,117,34,10,0,161,0,0,11,0,11,117,34,21,0,172,0,0,0,172
06/06/2020,ONT,CA,AWP,WE,Towers with Radar,101,20,7,0,128,0,3,10,0,13,101,23,17,0,141,21,0,21,162
06/07/2020,ONT,CA,AWP,WE,Towers with Radar,126,6,9,0,141,0,0,9,0,9,126,6,18,0,150,0,0,0,150
06/08/2020,ONT,CA,AWP,WE,Towers with Radar,146,23,3,0,172,0,4,4,0,8,146,27,7,0,180,10,0,10,190
06/09/2020,ONT,CA,AWP,WE,Towers with Radar,188,32,9,0,229,0,5,21,0,26,188,37,30,0,255,25,0,25,280
06/10/2020,ONT,CA,AWP,WE,Towers with Radar,190,35,26,0,251,0,4,19,2,25,190,39,45,2,276,27,0,27,303
06/11/2020,ONT,CA,AWP,WE,Towers with Radar,188,33,9,0,230,0,8,17,0,25,188,41,26,0,255,7,0,7,262
06/12/2020,ONT,CA,AWP,WE,Towers with Radar,159,32,2,0,193,0,5,12,1,18,159,37,14,1,211,16,0,16,227
06/13/2020,ONT,CA,AWP,WE,Towers with Radar,117,17,4,0,138,0,4,5,1,10,117,21,9,1,148,4,0,4,152
06/14/2020,ONT,CA,AWP,WE,Towers with Radar,124,10,10,0,144,0,0,9,0,9,124,10,19,0,153,32,0,32,185
06/15/2020,ONT,CA,AWP,WE,Towers with Radar,142,20,14,0,176,0,4,10,1,15,142,24,24,1,191,4,0,4,195
06/16/2020,ONT,CA,AWP,WE,Towers with Radar,192,30,13,1,236,0,4,16,1,21,192,34,29,2,257,0,0,0,257
06/17/2020,ONT,CA,AWP,WE,Towers with Radar,193,33,12,0,238,0,3,24,0,27,193,36,36,0,265,72,0,72,337
06/18/2020,ONT,CA,AWP,WE,Towers with Radar,201,36,12,2,251,0,3,13,0,16,201,39,25,2,267,5,0,5,272
06/19/2020,ONT,CA,AWP,WE,Towers with Radar,155,33,18,0,206,0,3,17,0,20,155,36,35,0,226,74,0,74,300
06/20/2020,ONT,CA,AWP,WE,Towers with Radar,122,19,12,0,153,0,0,15,0,15,122,19,27,0,168,90,0,90,258
06/21/2020,ONT,CA,AWP,WE,Towers with Radar,127,10,11,0,148,0,0,4,0,4,127,10,15,0,152,8,0,8,160
06/22/2020,ONT,CA,AWP,WE,Towers with Radar,141,25,7,0,173,0,2,7,0,9,141,27,14,0,182,0,0,0,182
06/23/2020,ONT,CA,AWP,WE,Towers with Radar,198,34,12,0,244,0,5,10,0,15,198,39,22,0,259,18,0,18,277
06/24/2020,ONT,CA,AWP,WE,Towers with Radar,194,40,7,0,241,0,3,16,0,19,194,43,23,0,260,28,0,28,288
06/25/2020,ONT,CA,AWP,WE,Towers with Radar,205,35,10,4,254,0,4,5,0,9,205,39,15,4,263,8,0,8,271
06/26/2020,ONT,CA,AWP,WE,Towers with Radar,165,35,8,0,208,0,4,10,1,15,165,39,18,1,223,34,0,34,257
06/27/2020,ONT,CA,AWP,WE,Towers with Radar,126,18,4,0,148,0,2,17,0,19,126,20,21,0,167,6,0,6,173
06/28/2020,ONT,CA,AWP,WE,Towers with Radar,125,11,4,0,140,0,0,4,0,4,125,11,8,0,144,0,0,0,144
06/29/2020,ONT,CA,AWP,WE,Towers with Radar,138,23,7,0,168,0,2,5,0,7,138,25,12,0,175,0,0,0,175
06/30/2020,ONT,CA,AWP,WE,Towers with Radar,199,34,11,0,244,0,5,9,0,14,199,39,20,0,258,29,0,29,287
07/01/2020,ONT,CA,AWP,WE,Towers with Radar,199,27,11,0,237,0,4,9,1,14,199,31,20,1,251,14,0,14,265
07/02/2020,ONT,CA,AWP,WE,Towers with Radar,196,38,12,0,246,0,4,25,0,29,196,42,37,0,275,5,0,5,280
07/03/2020,ONT,CA,AWP,WE,Towers with Radar,150,23,14,0,187,0,6,19,0,25,150,29,33,0,212,32,0,32,244
07/04/2020,ONT,CA,AWP,WE,Towers with Radar,70,4,3,0,77,0,0,6,0,6,70,4,9,0,83,12,0,12,95
07/05/2020,ONT,CA,AWP,WE,Towers with Radar,110,7,7,0,124,0,1,10,0,11,110,8,17,0,135,10,0,10,145
07/06/2020,ONT,CA,AWP,WE,Towers with Radar,149,22,16,0,187,0,2,18,0,20,149,24,34,0,207,45,0,45,252
07/07/2020,ONT,CA,AWP,WE,Towers with Radar,207,33,5,0,245,0,6,23,2,31,207,39,28,2,276,54,0,54,330
07/08/2020,ONT,CA,AWP,WE,Towers with Radar,211,29,5,0,245,0,5,17,0,22,211,34,22,0,267,15,0,15,282
07/09/2020,ONT,CA,AWP,WE,Towers with Radar,200,33,16,0,249,0,5,22,0,27,200,38,38,0,276,35,0,35,311
07/10/2020,ONT,CA,AWP,WE,Towers with Radar,168,32,11,0,211,0,6,9,2,17,168,38,20,2,228,6,0,6,234
07/11/2020,ONT,CA,AWP,WE,Towers with Radar,131,12,7,0,150,0,3,14,0,17,131,15,21,0,167,16,0,16,183
07/12/2020,ONT,CA,AWP,WE,Towers with Radar,136,6,7,0,149,0,0,7,1,8,136,6,14,1,157,8,0,8,165
07/13/2020,ONT,CA,AWP,WE,Towers with Radar,153,22,4,0,179,0,4,10,0,14,153,26,14,0,193,8,0,8,201
07/14/2020,ONT,CA,AWP,WE,Towers with Radar,208,32,3,2,245,0,7,20,4,31,208,39,23,6,276,14,0,14,290
07/15/2020,ONT,CA,AWP,WE,Towers with Radar,214,35,7,0,256,0,4,18,1,23,214,39,25,1,279,43,0,43,322
07/16/2020,ONT,CA,AWP,WE,Towers with Radar,211,33,8,0,252,0,6,15,0,21,211,39,23,0,273,32,0,32,305
07/17/2020,ONT,CA,AWP,WE,Towers with Radar,167,32,12,2,213,0,7,27,0,34,167,39,39,2,247,28,0,28,275
07/18/2020,ONT,CA,AWP,WE,Towers with Radar,135,16,3,0,154,0,5,11,1,17,135,21,14,1,171,10,0,10,181
07/19/2020,ONT,CA,AWP,WE,Towers with Radar,133,3,1,0,137,0,0,14,0,14,133,3,15,0,151,36,0,36,187
07/20/2020,ONT,CA,AWP,WE,Towers with Radar,144,20,7,0,171,0,3,24,0,27,144,23,31,0,198,33,0,33,231
07/21/2020,ONT,CA,AWP,WE,Towers with Radar,216,34,3,0,253,0,6,15,0,21,216,40,18,0,274,10,0,10,284
07/22/2020,ONT,CA,AWP,WE,Towers with Radar,205,27,7,0,239,0,6,22,0,28,205,33,29,0,267,58,0,58,325
07/23/2020,ONT,CA,AWP,WE,Towers with Radar,208,34,10,2,254,0,3,26,0,29,208,37,36,2,283,18,0,18,301
07/24/2020,ONT,CA,AWP,WE,Towers with Radar,165,37,1,0,203,0,3,18,1,22,165,40,19,1,225,22,0,22,247
07/25/2020,ONT,CA,AWP,WE,Towers with Radar,138,13,3,0,154,0,3,14,0,17,138,16,17,0,171,38,0,38,209
07/26/2020,ONT,CA,AWP,WE,Towers with Radar,135,6,8,0,149,0,3,15,0,18,135,9,23,0,167,50,0,50,217
07/27/2020,ONT,CA,AWP,WE,Towers with Radar,156,22,10,4,192,0,4,20,0,24,156,26,30,4,216,2,0,2,218
07/28/2020,ONT,CA,AWP,WE,Towers with Radar,208,30,10,0,248,0,5,23,0,28,208,35,33,0,276,18,0,18,294
07/29/2020,ONT,CA,AWP,WE,Towers with Radar,203,29,4,0,236,0,5,16,1,22,203,34,20,1,258,28,0,28,286
07/30/2020,ONT,CA,AWP,WE,Towers with Radar,205,29,3,0,237,0,6,12,0,18,205,35,15,0,255,0,0,0,255
07/31/2020,ONT,CA,AWP,WE,Towers with Radar,167,34,11,0,212,0,7,8,0,15,167,41,19,0,227,18,0,18,245
08/01/2020,ONT,CA,AWP,WE,Towers with Radar,123,16,4,0,143,0,2,10,0,12,123,18,14,0,155,12,0,12,167
08/02/2020,ONT,CA,AWP,WE,Towers with Radar,133,2,8,0,143,0,1,20,0,21,133,3,28,0,164,0,0,0,164
08/03/2020,ONT,CA,AWP,WE,Towers with Radar,144,22,6,0,172,0,5,16,1,22,144,27,22,1,194,18,0,18,212
08/04/2020,ONT,CA,AWP,WE,Towers with Radar,199,34,6,0,239,0,4,26,0,30,199,38,32,0,269,18,0,18,287
08/05/2020,ONT,CA,AWP,WE,Towers with Radar,199,39,11,0,249,0,5,29,0,34,199,44,40,0,283,56,0,56,339
08/06/2020,ONT,CA,AWP,WE,Towers with Radar,202,39,6,0,247,0,4,13,2,19,202,43,19,2,266,30,0,30,296
08/07/2020,ONT,CA,AWP,WE,Towers with Radar,167,35,12,0,214,0,6,13,0,19,167,41,25,0,233,8,0,8,241
08/08/2020,ONT,CA,AWP,WE,Towers with Radar,129,21,5,0,155,0,4,16,0,20,129,25,21,0,175,26,0,26,201
08/09/2020,ONT,CA,AWP,WE,Towers with Radar,140,14,5,2,161,0,0,10,0,10,140,14,15,2,171,40,0,40,211
08/10/2020,ONT,CA,AWP,WE,Towers with Radar,148,33,12,0,193,0,5,14,0,19,148,38,26,0,212,26,0,26,238
08/11/2020,ONT,CA,AWP,WE,Towers with Radar,200,36,7,2,245,0,5,26,0,31,200,41,33,2,276,46,0,46,322
08/12/2020,ONT,CA,AWP,WE,Towers with Radar,201,34,12,0,247,0,5,28,1,34,201,39,40,1,281,86,0,86,367
08/13/2020,ONT,CA,AWP,WE,Towers with Radar,206,44,8,0,258,0,6,25,0,31,206,50,33,0,289,54,0,54,343
08/14/2020,ONT,CA,AWP,WE,Towers with Radar,160,44,7,0,211,0,4,16,0,20,160,48,23,0,231,22,0,22,253
08/15/2020,ONT,CA,AWP,WE,Towers with Radar,131,16,8,0,155,0,4,7,0,11,131,20,15,0,166,35,0,35,201
08/16/2020,ONT,CA,AWP,WE,Towers with Radar,134,9,12,2,157,0,0,12,0,12,134,9,24,2,169,30,0,30,199
08/17/2020,ONT,CA,AWP,WE,Towers with Radar,143,29,10,0,182,0,17,11,0,28,143,46,21,0,210,80,0,80,290
08/18/2020,ONT,CA,AWP,WE,Towers with Radar,200,42,3,0,245,0,5,12,0,17,200,47,15,0,262,44,0,44,306
08/19/2020,ONT,CA,AWP,WE,Towers with Radar,202,42,8,2,254,0,5,18,1,24,202,47,26,3,278,75,0,75,353
08/20/2020,ONT,CA,AWP,WE,Towers with Radar,204,40,11,0,255,0,6,24,2,32,204,46,35,2,287,60,0,60,347
08/21/2020,ONT,CA,AWP,WE,Towers with Radar,163,36,6,0,205,0,4,25,0,29,163,40,31,0,234,76,0,76,310
08/22/2020,ONT,CA,AWP,WE,Towers with Radar,129,20,6,0,155,0,3,12,0,15,129,23,18,0,170,18,0,18,188
08/23/2020,ONT,CA,AWP,WE,Towers with Radar,137,9,10,0,156,0,2,7,0,9,137,11,17,0,165,50,0,50,215
08/24/2020,ONT,CA,AWP,WE,Towers with Radar,150,34,8,0,192,0,9,24,1,34,150,43,32,1,226,62,0,62,288
08/25/2020,ONT,CA,AWP,WE,Towers with Radar,201,35,5,0,241,0,5,8,0,13,201,40,13,0,254,0,0,0,254
08/26/2020,ONT,CA,AWP,WE,Towers with Radar,200,41,7,2,250,0,5,17,0,22,200,46,24,2,272,70,0,70,342
08/27/2020,ONT,CA,AWP,WE,Towers with Radar,203,37,8,0,248,0,5,22,0,27,203,42,30,0,275,13,0,13,288
08/28/2020,ONT,CA,AWP,WE,Towers with Radar,167,43,8,0,218,0,5,10,0,15,167,48,18,0,233,30,0,30,263
08/29/2020,ONT,CA,AWP,WE,Towers with Radar,134,19,10,0,163,0,3,9,0,12,134,22,19,0,175,32,0,32,207
08/30/2020,ONT,CA,AWP,WE,Towers with Radar,140,6,7,0,153,0,2,10,0,12,140,8,17,0,165,18,0,18,183
08/31/2020,ONT,CA,AWP,WE,Towers with Radar,150,21,10,0,181,0,4,8,2,14,150,25,18,2,195,20,0,20,215
09/01/2020,ONT,CA,AWP,WE,Towers with Radar,202,37,4,0,243,0,2,12,0,14,202,39,16,0,257,36,0,36,293
09/02/2020,ONT,CA,AWP,WE,Towers with Radar,211,38,14,0,263,0,2,15,0,17,211,40,29,0,280,30,0,30,310
09/03/2020,ONT,CA,AWP,WE,Towers with Radar,208,32,17,2,259,0,3,15,0,18,208,35,32,2,277,20,0,20,297
09/04/2020,ONT,CA,AWP,WE,Towers with Radar,174,34,9,0,217,0,3,18,0,21,174,37,27,0,238,34,0,34,272
09/05/2020,ONT,CA,AWP,WE,Towers with Radar,128,16,8,0,152,0,4,3,0,7,128,20,11,0,159,6,0,6,165
09/06/2020,ONT,CA,AWP,WE,Towers with Radar,128,3,2,0,133,0,0,5,0,5,128,3,7,0,138,6,0,6,144
09/07/2020,ONT,CA,AWP,WE,Towers with Radar,118,6,5,0,129,0,0,9,0,9,118,6,14,0,138,18,0,18,156
09/08/2020,ONT,CA,AWP,WE,Towers with Radar,151,29,14,0,194,0,0,11,0,11,151,29,25,0,205,54,0,54,259
09/09/2020,ONT,CA,AWP,WE,Towers with Radar,223,30,8,0,261,0,2,14,1,17,223,32,22,1,278,30,0,30,308
09/10/2020,ONT,CA,AWP,WE,Towers with Radar,212,34,6,0,252,0,2,20,0,22,212,36,26,0,274,36,0,36,310
09/11/2020,ONT,CA,AWP,WE,Towers with Radar,161,35,9,0,205,0,5,4,0,9,161,40,13,0,214,14,0,14,228
09/12/2020,ONT,CA,AWP,WE,Towers with Radar,130,16,7,0,153,0,2,2,0,4,130,18,9,0,157,0,0,0,157
09/13/2020,ONT,CA,AWP,WE,Towers with Radar,129,3,5,0,137,0,0,9,0,9,129,3,14,0,146,40,0,40,186
09/14/2020,ONT,CA,AWP,WE,Towers with Radar,135,23,9,0,167,0,2,3,0,5,135,25,12,0,172,16,0,16,188
09/15/2020,ONT,CA,AWP,WE,Towers with Radar,211,34,11,1,257,0,2,11,0,13,211,36,22,1,270,32,0,32,302
09/16/2020,ONT,CA,AWP,WE,Towers with Radar,212,33,8,0,253,0,2,15,0,17,212,35,23,0,270,21,0,21,291
09/17/2020,ONT,CA,AWP,WE,Towers with Radar,212,32,6,0,250,0,4,19,1,24,212,36,25,1,274,54,0,54,328
09/18/2020,ONT,CA,AWP,WE,Towers with Radar,165,33,10,0,208,0,6,37,3,46,165,39,47,3,254,80,0,80,334
09/19/2020,ONT,CA,AWP,WE,Towers with Radar,130,13,8,0,151,0,7,15,0,22,130,20,23,0,173,32,0,32,205
09/20/2020,ONT,CA,AWP,WE,Towers with Radar,133,1,7,0,141,0,0,10,0,10,133,1,17,0,151,26,0,26,177
09/21/2020,ONT,CA,AWP,WE,Towers with Radar,135,21,6,0,162,0,3,27,2,32,135,24,33,2,194,71,0,71,265
09/22/2020,ONT,CA,AWP,WE,Towers with Radar,213,32,5,0,250,0,6,17,0,23,213,38,22,0,273,40,0,40,313
09/23/2020,ONT,CA,AWP,WE,Towers with Radar,212,34,9,0,255,0,5,26,1,32,212,39,35,1,287,84,0,84,371
09/24/2020,ONT,CA,AWP,WE,Towers with Radar,214,38,9,0,261,0,7,28,0,35,214,45,37,0,296,54,0,54,350
09/25/2020,ONT,CA,AWP,WE,Towers with Radar,158,30,8,0,196,0,5,22,1,28,158,35,30,1,224,92,0,92,316
09/26/2020,ONT,CA,AWP,WE,Towers with Radar,130,17,9,4,160,0,7,11,0,18,130,24,20,4,178,24,0,24,202
09/27/2020,ONT,CA,AWP,WE,Towers with Radar,129,1,7,0,137,0,0,17,0,17,129,1,24,0,154,54,0,54,208
09/28/2020,ONT,CA,AWP,WE,Towers with Radar,140,23,7,0,170,0,3,24,0,27,140,26,31,0,197,34,0,34,231
09/29/2020,ONT,CA,AWP,WE,Towers with Radar,211,32,7,0,250,0,3,25,0,28,211,35,32,0,278,16,0,16,294
09/30/2020,ONT,CA,AWP,WE,Towers with Radar,219,31,17,0,267,0,2,15,0,17,219,33,32,0,284,50,0,50,334
10/01/2020,ONT,CA,AWP,WE,Towers with Radar,215,30,7,0,252,0,3,22,1,26,215,33,29,1,278,44,0,44,322
10/02/2020,ONT,CA,AWP,WE,Towers with Radar,174,30,12,0,216,0,7,18,0,25,174,37,30,0,241,42,0,42,283
10/03/2020,ONT,CA,AWP,WE,Towers with Radar,135,14,4,0,153,0,3,9,1,13,135,17,13,1,166,46,0,46,212
10/04/2020,ONT,CA,AWP,WE,Towers with Radar,136,2,2,0,140,0,2,11,0,13,136,4,13,0,153,40,0,40,193
10/05/2020,ONT,CA,AWP,WE,Towers with Radar,149,19,7,0,175,0,2,15,0,17,149,21,22,0,192,58,0,58,250
10/06/2020,ONT,CA,AWP,WE,Towers with Radar,216,32,9,2,259,0,2,25,0,27,216,34,34,2,286,94,0,94,380
10/07/2020,ONT,CA,AWP,WE,Towers with Radar,220,33,12,0,265,0,1,13,0,14,220,34,25,0,279,42,0,42,321
10/08/2020,ONT,CA,AWP,WE,Towers with Radar,219,37,5,0,261,0,2,16,0,18,219,39,21,0,279,34,0,34,313
10/09/2020,ONT,CA,AWP,WE,Towers with Radar,178,36,7,0,221,0,2,14,1,17,178,38,21,1,238,16,12,28,266
10/10/2020,ONT,CA,AWP,WE,Towers with Radar,139,19,6,0,164,0,0,13,0,13,139,19,19,0,177,17,0,17,194
10/11/2020,ONT,CA,AWP,WE,Towers with Radar,146,4,3,0,153,0,0,11,0,11,146,4,14,0,164,0,0,0,164
10/12/2020,ONT,CA,AWP,WE,Towers with Radar,155,26,9,0,190,0,1,18,0,19,155,27,27,0,209,58,0,58,267
10/13/2020,ONT,CA,AWP,WE,Towers with Radar,219,31,7,0,257,0,3,21,0,24,219,34,28,0,281,74,0,74,355
10/14/2020,ONT,CA,AWP,WE,Towers with Radar,236,33,8,0,277,0,5,27,0,32,236,38,35,0,309,32,0,32,341
10/15/2020,ONT,CA,AWP,WE,Towers with Radar,228,32,11,0,271,0,5,26,0,31,228,37,37,0,302,46,0,46,348
10/16/2020,ONT,CA,AWP,WE,Towers with Radar,184,31,13,0,228,0,5,17,0,22,184,36,30,0,250,14,0,14,264
10/17/2020,ONT,CA,AWP,WE,Towers with Radar,150,18,6,0,174,0,4,20,0,24,150,22,26,0,198,42,0,42,240
10/18/2020,ONT,CA,AWP,WE,Towers with Radar,141,4,7,0,152,0,2,8,0,10,141,6,15,0,162,20,0,20,182
10/19/2020,ONT,CA,AWP,WE,Towers with Radar,149,23,7,2,181,0,2,24,0,26,149,25,31,2,207,26,0,26,233
10/20/2020,ONT,CA,AWP,WE,Towers with Radar,225,39,15,0,279,0,2,4,0,6,225,41,19,0,285,6,0,6,291
10/21/2020,ONT,CA,AWP,WE,Towers with Radar,232,30,25,0,287,0,3,16,0,19,232,33,41,0,306,32,0,32,338
10/22/2020,ONT,CA,AWP,WE,Towers with Radar,224,36,15,2,277,0,2,10,0,12,224,38,25,2,289,6,0,6,295
10/23/2020,ONT,CA,AWP,WE,Towers with Radar,169,39,15,0,223,0,4,7,0,11,169,43,22,0,234,12,0,12,246
10/24/2020,ONT,CA,AWP,WE,Towers with Radar,139,19,4,0,162,0,1,22,0,23,139,20,26,0,185,68,0,68,253
10/25/2020,ONT,CA,AWP,WE,Towers with Radar,140,1,11,0,152,0,3,12,0,15,140,4,23,0,167,14,0,14,181
10/26/2020,ONT,CA,AWP,WE,Towers with Radar,136,20,8,1,165,0,2,3,0,5,136,22,11,1,170,0,0,0,170
10/27/2020,ONT,CA,AWP,WE,Towers with Radar,227,31,8,1,267,0,5,12,0,17,227,36,20,1,284,2,0,2,286
10/28/2020,ONT,CA,AWP,WE,Towers with Radar,224,38,14,0,276,0,4,18,3,25,224,42,32,3,301,16,0,16,317
10/29/2020,ONT,CA,AWP,WE,Towers with Radar,216,36,12,0,264,0,4,20,2,26,216,40,32,2,290,46,0,46,336
10/30/2020,ONT,CA,AWP,WE,Towers with Radar,175,31,11,0,217,0,4,12,0,16,175,35,23,0,233,54,0,54,287
10/31/2020,ONT,CA,AWP,WE,Towers with Radar,129,20,5,0,154,0,10,8,0,18,129,30,13,0,172,0,0,0,172
11/01/2020,ONT,CA,AWP,WE,Towers with Radar,145,2,4,0,151,0,0,13,0,13,145,2,17,0,164,28,0,28,192
11/02/2020,ONT,CA,AWP,WE,Towers with Radar,160,29,13,0,202,0,1,20,1,22,160,30,33,1,224,6,0,6,230
11/03/2020,ONT,CA,AWP,WE,Towers with Radar,223,38,12,2,275,0,0,21,0,21,223,38,33,2,296,14,0,14,310
11/04/2020,ONT,CA,AWP,WE,Towers with Radar,221,39,14,0,274,0,1,25,0,26,221,40,39,0,300,18,0,18,318
11/05/2020,ONT,CA,AWP,WE,Towers with Radar,236,39,10,0,285,0,2,25,1,28,236,41,35,1,313,32,0,32,345
11/06/2020,ONT,CA,AWP,WE,Towers with Radar,179,33,7,2,221,0,2,22,0,24,179,35,29,2,245,16,0,16,261
11/07/2020,ONT,CA,AWP,WE,Towers with Radar,126,18,11,0,155,0,1,1,1,3,126,19,12,1,158,0,0,0,158
11/08/2020,ONT,CA,AWP,WE,Towers with Radar,149,3,5,0,157,0,0,5,0,5,149,3,10,0,162,8,0,8,170
11/09/2020,ONT,CA,AWP,WE,Towers with Radar,162,21,9,2,194,0,1,14,0,15,162,22,23,2,209,6,0,6,215
11/10/2020,ONT,CA,AWP,WE,Towers with Radar,225,37,11,0,273,0,2,12,0,14,225,39,23,0,287,46,0,46,333
11/11/2020,ONT,CA,AWP,WE,Towers with Radar,230,34,13,0,277,0,1,28,0,29,230,35,41,0,306,146,0,146,452
11/12/2020,ONT,CA,AWP,WE,Towers with Radar,236,34,17,2,289,0,3,9,2,14,236,37,26,4,303,0,0,0,303
11/13/2020,ONT,CA,AWP,WE,Towers with Radar,189,32,6,0,227,0,4,11,1,16,189,36,17,1,243,28,0,28,271
11/14/2020,ONT,CA,AWP,WE,Towers with Radar,132,20,5,0,157,0,2,21,0,23,132,22,26,0,180,26,0,26,206
11/15/2020,ONT,CA,AWP,WE,Towers with Radar,154,2,5,0,161,0,0,8,0,8,154,2,13,0,169,0,0,0,169
11/16/2020,ONT,CA,AWP,WE,Towers with Radar,159,25,12,1,197,0,0,12,1,13,159,25,24,2,210,38,0,38,248
11/17/2020,ONT,CA,AWP,WE,Towers with Radar,224,36,10,0,270,0,1,27,0,28,224,37,37,0,298,114,0,114,412
11/18/2020,ONT,CA,AWP,WE,Towers with Radar,227,34,12,0,273,0,1,10,3,14,227,35,22,3,287,26,0,26,313
11/19/2020,ONT,CA,AWP,WE,Towers with Radar,241,48,15,2,306,0,11,10,0,21,241,59,25,2,327,24,0,24,351
11/20/2020,ONT,CA,AWP,WE,Towers with Radar,198,40,16,0,254,0,3,15,1,19,198,43,31,1,273,24,0,24,297
11/21/2020,ONT,CA,AWP,WE,Towers with Radar,150,21,6,0,177,0,4,10,0,14,150,25,16,0,191,28,0,28,219
11/22/2020,ONT,CA,AWP,WE,Towers with Radar,160,3,7,0,170,0,0,2,0,2,160,3,9,0,172,0,0,0,172
11/23/2020,ONT,CA,AWP,WE,Towers with Radar,191,24,10,0,225,0,2,18,0,20,191,26,28,0,245,8,0,8,253
11/24/2020,ONT,CA,AWP,WE,Towers with Radar,278,36,9,0,323,0,1,26,0,27,278,37,35,0,350,62,0,62,412
11/25/2020,ONT,CA,AWP,WE,Towers with Radar,282,36,13,0,331,0,1,14,1,16,282,37,27,1,347,32,0,32,379
11/26/2020,ONT,CA,AWP,WE,Towers with Radar,120,5,7,0,132,0,0,3,0,3,120,5,10,0,135,4,0,4,139
11/27/2020,ONT,CA,AWP,WE,Towers with Radar,145,39,3,0,187,0,3,9,0,12,145,42,12,0,199,12,0,12,211
11/28/2020,ONT,CA,AWP,WE,Towers with Radar,166,15,8,0,189,0,2,9,0,11,166,17,17,0,200,14,0,14,214
11/29/2020,ONT,CA,AWP,WE,Towers with Radar,169,9,10,0,188,0,0,16,0,16,169,9,26,0,204,14,0,14,218
11/30/2020,ONT,CA,AWP,WE,Towers with Radar,213,28,3,0,244,0,0,11,0,11,213,28,14,0,255,60,0,60,315
12/01/2020,ONT,CA,AWP,WE,Towers with Radar,298,41,1,0,340,0,3,12,0,15,298,44,13,0,355,22,0,22,377
12/02/2020,ONT,CA,AWP,WE,Towers with Radar,275,37,10,0,322,0,2,30,2,34,275,39,40,2,356,0,0,0,356
12/03/2020,ONT,CA,AWP,WE,Towers with Radar,274,40,6,0,320,0,4,14,0,18,274,44,20,0,338,16,0,16,354
12/04/2020,ONT,CA,AWP,WE,Towers with Radar,216,34,4,0,254,0,4,9,0,13,216,38,13,0,267,32,0,32,299
12/05/2020,ONT,CA,AWP,WE,Towers with Radar,144,15,8,0,167,0,4,9,0,13,144,19,17,0,180,32,0,32,212
12/06/2020,ONT,CA,AWP,WE,Towers with Radar,152,2,3,0,157,0,0,5,0,5,152,2,8,0,162,6,0,6,168
12/07/2020,ONT,CA,AWP,WE,Towers with Radar,188,31,9,0,228,0,1,7,0,8,188,32,16,0,236,6,0,6,242
12/08/2020,ONT,CA,AWP,WE,Towers with Radar,263,44,4,0,311,0,6,4,0,10,263,50,8,0,321,14,0,14,335
12/09/2020,ONT,CA,AWP,WE,Towers with Radar,276,37,10,0,323,0,5,6,2,13,276,42,16,2,336,14,0,14,350
12/10/2020,ONT,CA,AWP,WE,Towers with Radar,277,39,10,0,326,0,4,17,0,21,277,43,27,0,347,14,0,14,361
12/11/2020,ONT,CA,AWP,WE,Towers with Radar,199,36,12,0,247,0,2,14,0,16,199,38,26,0,263,52,0,52,315
12/12/2020,ONT,CA,AWP,WE,Towers with Radar,142,15,8,0,165,0,1,3,1,5,142,16,11,1,170,8,0,8,178
12/13/2020,ONT,CA,AWP,WE,Towers with Radar,157,1,3,0,161,0,0,16,0,16,157,1,19,0,177,22,0,22,199
12/14/2020,ONT,CA,AWP,WE,Towers with Radar,183,28,8,0,219,0,3,11,0,14,183,31,19,0,233,24,0,24,257
12/15/2020,ONT,CA,AWP,WE,Towers with Radar,287,41,6,0,334,0,5,8,1,14,287,46,14,1,348,0,0,0,348
12/16/2020,ONT,CA,AWP,WE,Towers with Radar,287,37,3,0,327,0,1,9,2,12,287,38,12,2,339,8,0,8,347
12/17/2020,ONT,CA,AWP,WE,Towers with Radar,295,44,5,0,344,0,0,10,1,11,295,44,15,1,355,14,0,14,369
12/18/2020,ONT,CA,AWP,WE,Towers with Radar,300,41,5,0,346,0,1,2,0,3,300,42,7,0,349,0,0,0,349
12/19/2020,ONT,CA,AWP,WE,Towers with Radar,283,21,5,0,309,0,2,19,0,21,283,23,24,0,330,36,0,36,366
12/20/2020,ONT,CA,AWP,WE,Towers with Radar,239,6,9,0,254,0,0,12,0,12,239,6,21,0,266,12,0,12,278
12/21/2020,ONT,CA,AWP,WE,Towers with Radar,259,33,4,0,296,0,2,7,0,9,259,35,11,0,305,34,0,34,339
12/22/2020,ONT,CA,AWP,WE,Towers with Radar,316,42,12,0,370,0,3,9,0,12,316,45,21,0,382,0,0,0,382
12/23/2020,ONT,CA,AWP,WE,Towers with Radar,330,41,9,0,380,0,3,11,0,14,330,44,20,0,394,0,0,0,394
12/24/2020,ONT,CA,AWP,WE,Towers with Radar,187,38,3,0,228,0,0,2,0,2,187,38,5,0,230,0,0,0,230
12/25/2020,ONT,CA,AWP,WE,Towers with Radar,63,2,1,0,66,0,2,10,0,12,63,4,11,0,78,12,0,12,90
12/26/2020,ONT,CA,AWP,WE,Towers with Radar,123,26,5,0,154,0,3,11,0,14,123,29,16,0,168,0,0,0,168
12/27/2020,ONT,CA,AWP,WE,Towers with Radar,159,11,13,0,183,0,0,4,0,4,159,11,17,0,187,0,0,0,187
12/28/2020,ONT,CA,AWP,WE,Towers with Radar,180,27,6,0,213,0,0,3,0,3,180,27,9,0,216,0,0,0,216
12/29/2020,ONT,CA,AWP,WE,Towers with Radar,279,45,8,0,332,0,2,14,0,16,279,47,22,0,348,70,0,70,418
12/30/2020,ONT,CA,AWP,WE,Towers with Radar,275,40,7,0,322,0,4,23,2,29,275,44,30,2,351,58,0,58,409
12/31/2020,ONT,CA,AWP,WE,Towers with Radar,194,36,3,0,233,0,4,1,0,5,194,40,4,0,238,2,0,2,240
01/01/2021,ONT,CA,AWP,WE,Towers with Radar,79,8,4,0,91,0,1,9,0,10,79,9,13,0,101,18,0,18,119
01/02/2021,ONT,CA,AWP,WE,Towers with Radar,129,27,3,0,159,0,4,17,0,21,129,31,20,0,180,46,0,46,226
01/03/2021,ONT,CA,AWP,WE,Towers with Radar,164,9,13,0,186,0,0,18,0,18,164,9,31,0,204,22,0,22,226
01/04/2021,ONT,CA,AWP,WE,Towers with Radar,180,35,7,0,222,0,1,16,0,17,180,36,23,0,239,6,0,6,245
01/05/2021,ONT,CA,AWP,WE,Towers with Radar,229,39,3,0,271,0,6,10,0,16,229,45,13,0,287,26,0,26,313
01/06/2021,ONT,CA,AWP,WE,Towers with Radar,238,39,9,0,286,0,4,10,0,14,238,43,19,0,300,56,0,56,356
01/07/2021,ONT,CA,AWP,WE,Towers with Radar,228,38,6,0,272,0,4,4,1,9,228,42,10,1,281,34,0,34,315
01/08/2021,ONT,CA,AWP,WE,Towers with Radar,178,39,10,0,227,0,3,16,0,19,178,42,26,0,246,26,0,26,272
01/09/2021,ONT,CA,AWP,WE,Towers with Radar,132,25,4,0,161,0,4,4,0,8,132,29,8,0,169,26,0,26,195
01/10/2021,ONT,CA,AWP,WE,Towers with Radar,129,8,7,2,146,0,0,8,0,8,129,8,15,2,154,6,0,6,160
01/11/2021,ONT,CA,AWP,WE,Towers with Radar,136,28,7,0,171,0,0,11,0,11,136,28,18,0,182,20,0,20,202
01/12/2021,ONT,CA,AWP,WE,Towers with Radar,217,38,11,0,266,0,1,16,0,17,217,39,27,0,283,24,0,24,307
01/13/2021,ONT,CA,AWP,WE,Towers with Radar,213,29,6,0,248,3,11,20,0,34,216,40,26,0,282,28,0,28,310
01/14/2021,ONT,CA,AWP,WE,Towers with Radar,220,40,7,0,267,0,1,5,1,7,220,41,12,1,274,26,0,26,300
01/15/2021,ONT,CA,AWP,WE,Towers with Radar,177,40,9,0,226,0,3,12,1,16,177,43,21,1,242,20,0,20,262
01/16/2021,ONT,CA,AWP,WE,Towers with Radar,123,26,3,0,152,0,0,11,0,11,123,26,14,0,163,7,0,7,170
01/17/2021,ONT,CA,AWP,WE,Towers with Radar,120,7,1,0,128,0,8,13,0,21,120,15,14,0,149,4,0,4,153
01/18/2021,ONT,CA,AWP,WE,Towers with Radar,142,30,6,0,178,0,0,11,1,12,142,30,17,1,190,4,0,4,194
01/19/2021,ONT,CA,AWP,WE,Towers with Radar,212,33,2,0,247,0,2,4,0,6,212,35,6,0,253,0,0,0,253
01/20/2021,ONT,CA,AWP,WE,Towers with Radar,224,43,5,0,272,0,2,5,0,7,224,45,10,0,279,2,0,2,281
01/21/2021,ONT,CA,AWP,WE,Towers with Radar,214,42,19,0,275,0,3,13,3,19,214,45,32,3,294,36,0,36,330
01/22/2021,ONT,CA,AWP,WE,Towers with Radar,169,41,3,0,213,0,2,14,0,16,169,43,17,0,229,18,0,18,247
01/23/2021,ONT,CA,AWP,WE,Towers with Radar,122,23,1,0,146,0,0,0,0,0,122,23,1,0,146,0,0,0,146
01/24/2021,ONT,CA,AWP,WE,Towers with Radar,126,14,12,0,152,0,0,7,0,7,126,14,19,0,159,13,0,13,172
01/25/2021,ONT,CA,AWP,WE,Towers with Radar,141,28,3,0,172,0,0,2,0,2,141,28,5,0,174,0,0,0,174
01/26/2021,ONT,CA,AWP,WE,Towers with Radar,214,40,10,0,264,0,6,10,1,17,214,46,20,1,281,26,0,26,307
01/27/2021,ONT,CA,AWP,WE,Towers with Radar,212,34,3,0,249,0,2,15,0,17,212,36,18,0,266,22,0,22,288
01/28/2021,ONT,CA,AWP,WE,Towers with Radar,218,37,4,0,259,0,3,9,2,14,218,40,13,2,273,2,0,2,275
01/29/2021,ONT,CA,AWP,WE,Towers with Radar,170,46,2,0,218,0,2,2,0,4,170,48,4,0,222,0,0,0,222
01/30/2021,ONT,CA,AWP,WE,Towers with Radar,123,19,3,0,145,0,3,23,0,26,123,22,26,0,171,115,0,115,286
01/31/2021,ONT,CA,AWP,WE,Towers with Radar,130,7,2,0,139,0,1,15,0,16,130,8,17,0,155,32,0,32,187
02/01/2021,ONT,CA,AWP,WE,Towers with Radar,140,26,8,0,174,0,0,8,0,8,140,26,16,0,182,40,0,40,222
02/02/2021,ONT,CA,AWP,WE,Towers with Radar,208,40,7,0,255,0,5,13,1,19,208,45,20,1,274,2,0,2,276
02/03/2021,ONT,CA,AWP,WE,Towers with Radar,215,40,14,0,269,0,3,22,0,25,215,43,36,0,294,34,0,34,328
02/04/2021,ONT,CA,AWP,WE,Towers with Radar,220,40,9,0,269,0,1,16,0,17,220,41,25,0,286,14,0,14,300
02/05/2021,ONT,CA,AWP,WE,Towers with Radar,167,43,7,0,217,0,4,48,1,53,167,47,55,1,270,102,0,102,372
02/06/2021,ONT,CA,AWP,WE,Towers with Radar,121,21,9,0,151,0,5,19,1,25,121,26,28,1,176,40,0,40,216
02/07/2021,ONT,CA,AWP,WE,Towers with Radar,134,8,8,0,150,0,0,10,0,10,134,8,18,0,160,36,0,36,196
02/08/2021,ONT,CA,AWP,WE,Towers with Radar,136,29,5,0,170,0,0,8,0,8,136,29,13,0,178,8,0,8,186
02/09/2021,ONT,CA,AWP,WE,Towers with Radar,219,42,9,0,270,0,1,2,0,3,219,43,11,0,273,0,0,0,273
02/10/2021,ONT,CA,AWP,WE,Towers with Radar,214,40,17,0,271,0,4,18,0,22,214,44,35,0,293,34,0,34,327
02/11/2021,ONT,CA,AWP,WE,Towers with Radar,204,39,16,0,259,0,3,25,0,28,204,42,41,0,287,46,0,46,333
02/12/2021,ONT,CA,AWP,WE,Towers with Radar,175,42,9,0,226,0,3,8,0,11,175,45,17,0,237,8,0,8,245
02/13/2021,ONT,CA,AWP,WE,Towers with Radar,122,28,6,0,156,0,0,19,0,19,122,28,25,0,175,52,0,52,227
02/14/2021,ONT,CA,AWP,WE,Towers with Radar,120,8,5,0,133,0,0,18,0,18,120,8,23,0,151,24,0,24,175
02/15/2021,ONT,CA,AWP,WE,Towers with Radar,124,32,8,0,164,0,0,15,0,15,124,32,23,0,179,44,0,44,223
02/16/2021,ONT,CA,AWP,WE,Towers with Radar,162,36,6,0,204,0,3,8,0,11,162,39,14,0,215,30,0,30,245
02/17/2021,ONT,CA,AWP,WE,Towers with Radar,191,37,9,0,237,0,2,16,3,21,191,39,25,3,258,32,0,32,290
02/18/2021,ONT,CA,AWP,WE,Towers with Radar,198,39,7,0,244,1,4,14,0,19,199,43,21,0,263,4,0,4,267
02/19/2021,ONT,CA,AWP,WE,Towers with Radar,171,38,2,0,211,0,3,19,0,22,171,41,21,0,233,10,0,10,243
02/20/2021,ONT,CA,AWP,WE,Towers with Radar,119,22,5,0,146,0,5,11,0,16,119,27,16,0,162,44,0,44,206
02/21/2021,ONT,CA,AWP,WE,Towers with Radar,136,13,9,2,160,0,2,12,0,14,136,15,21,2,174,0,0,0,174
02/22/2021,ONT,CA,AWP,WE,Towers with Radar,141,35,13,0,189,0,1,14,0,15,141,36,27,0,204,16,0,16,220
02/23/2021,ONT,CA,AWP,WE,Towers with Radar,207,44,7,0,258,0,3,13,0,16,207,47,20,0,274,14,0,14,288
02/24/2021,ONT,CA,AWP,WE,Towers with Radar,211,41,16,0,268,0,2,16,0,18,211,43,32,0,286,34,0,34,320
02/25/2021,ONT,CA,AWP,WE,Towers with Radar,218,41,3,2,264,0,4,10,0,14,218,45,13,2,278,0,0,0,278
02/26/2021,ONT,CA,AWP,WE,Towers with Radar,170,40,12,2,224,0,5,15,1,21,170,45,27,3,245,36,0,36,281
02/27/2021,ONT,CA,AWP,WE,Towers with Radar,119,22,8,0,149,0,8,25,0,33,119,30,33,0,182,106,0,106,288
02/28/2021,ONT,CA,AWP,WE,Towers with Radar,135,12,5,2,154,0,4,12,0,16,135,16,17,2,170,10,0,10,180
03/01/2021,ONT,CA,AWP,WE,Towers with Radar,143,35,8,0,186,0,4,11,0,15,143,39,19,0,201,14,0,14,215
03/02/2021,ONT,CA,AWP,WE,Towers with Radar,213,35,6,4,258,0,8,15,0,23,213,43,21,4,281,34,0,34,315
03/03/2021,ONT,CA,AWP,WE,Towers with Radar,213,43,15,0,271,0,4,4,1,9,213,47,19,1,280,2,0,2,282
03/04/2021,ONT,CA,AWP,WE,Towers with Radar,225,38,6,0,269,0,7,12,0,19,225,45,18,0,288,34,0,34,322
03/05/2021,ONT,CA,AWP,WE,Towers with Radar,176,35,3,0,214,0,5,11,2,18,176,40,14,2,232,42,0,42,274
03/06/2021,ONT,CA,AWP,WE,Towers with Radar,129,19,1,0,149,0,9,11,0,20,129,28,12,0,169,6,0,6,175
03/07/2021,ONT,CA,AWP,WE,Towers with Radar,153,4,3,0,160,0,2,9,0,11,153,6,12,0,171,28,0,28,199
03/08/2021,ONT,CA,AWP,WE,Towers with Radar,162,30,18,0,210,0,0,4,0,4,162,30,22,0,214,14,0,14,228
03/09/2021,ONT,CA,AWP,WE,Towers with Radar,225,39,8,0,272,0,3,11,0,14,225,42,19,0,286,22,0,22,308
03/10/2021,ONT,CA,AWP,WE,Towers with Radar,226,46,11,0,283,0,2,2,2,6,226,48,13,2,289,0,0,0,289
03/11/2021,ONT,CA,AWP,WE,Towers with Radar,247,39,15,0,301,0,2,5,1,8,247,41,20,1,309,18,0,18,327
03/12/2021,ONT,CA,AWP,WE,Towers with Radar,191,35,5,0,231,0,3,13,2,18,191,38,18,2,249,44,0,44,293
03/13/2021,ONT,CA,AWP,WE,Towers with Radar,139,20,0,0,159,0,3,11,0,14,139,23,11,0,173,30,0,30,203
03/14/2021,ONT,CA,AWP,WE,Towers with Radar,144,5,14,0,163,0,2,6,0,8,144,7,20,0,171,42,0,42,213
03/15/2021,ONT,CA,AWP,WE,Towers with Radar,162,26,17,0,205,0,0,9,0,9,162,26,26,0,214,38,0,38,252
03/16/2021,ONT,CA,AWP,WE,Towers with Radar,234,49,12,0,295,0,6,22,1,29,234,55,34,1,324,6,0,6,330
03/17/2021,ONT,CA,AWP,WE,Towers with Radar,230,42,14,0,286,0,7,17,0,24,230,49,31,0,310,32,0,32,342
03/18/2021,ONT,CA,AWP,WE,Towers with Radar,235,45,15,0,295,0,6,20,1,27,235,51,35,1,322,2,0,2,324
03/19/2021,ONT,CA,AWP,WE,Towers with Radar,192,40,10,2,244,0,5,18,0,23,192,45,28,2,267,18,0,18,285
03/20/2021,ONT,CA,AWP,WE,Towers with Radar,133,18,5,0,156,0,1,5,0,6,133,19,10,0,162,10,0,10,172
03/21/2021,ONT,CA,AWP,WE,Towers with Radar,156,4,11,0,171,0,2,4,0,6,156,6,15,0,177,0,0,0,177
03/22/2021,ONT,CA,AWP,WE,Towers with Radar,160,25,4,0,189,0,3,14,0,17,160,28,18,0,206,20,0,20,226
03/23/2021,ONT,CA,AWP,WE,Towers with Radar,242,40,13,0,295,0,4,12,2,18,242,44,25,2,313,24,0,24,337
03/24/2021,ONT,CA,AWP,WE,Towers with Radar,241,32,11,0,284,0,3,9,0,12,241,35,20,0,296,10,0,10,306
03/25/2021,ONT,CA,AWP,WE,Towers with Radar,242,38,19,4,303,0,2,3,0,5,242,40,22,4,308,12,0,12,320
03/26/2021,ONT,CA,AWP,WE,Towers with Radar,187,43,10,0,240,0,9,10,0,19,187,52,20,0,259,8,0,8,267
03/27/2021,ONT,CA,AWP,WE,Towers with Radar,135,17,5,0,157,0,7,13,0,20,135,24,18,0,177,38,0,38,215
03/28/2021,ONT,CA,AWP,WE,Towers with Radar,154,3,6,0,163,0,0,13,0,13,154,3,19,0,176,10,0,10,186
03/29/2021,ONT,CA,AWP,WE,Towers with Radar,162,28,15,0,205,0,2,11,0,13,162,30,26,0,218,6,0,6,224
03/30/2021,ONT,CA,AWP,WE,Towers with Radar,229,34,8,2,273,0,2,14,0,16,229,36,22,2,289,22,0,22,311
03/31/2021,ONT,CA,AWP,WE,Towers with Radar,242,39,12,0,293,0,4,8,2,14,242,43,20,2,307,0,0,0,307
04/01/2021,ONT,CA,AWP,WE,Towers with Radar,235,40,2,0,277,0,2,4,0,6,235,42,6,0,283,2,0,2,285
04/02/2021,ONT,CA,AWP,WE,Towers with Radar,185,40,3,0,228,0,3,15,0,18,185,43,18,0,246,30,0,30,276
04/03/2021,ONT,CA,AWP,WE,Towers with Radar,130,25,2,0,157,0,2,7,0,9,130,27,9,0,166,86,0,86,252
04/04/2021,ONT,CA,AWP,WE,Towers with Radar,147,9,1,0,157,0,0,5,0,5,147,9,6,0,162,0,0,0,162
04/05/2021,ONT,CA,AWP,WE,Towers with Radar,158,29,8,2,197,0,1,19,0,20,158,30,27,2,217,8,0,8,225
04/06/2021,ONT,CA,AWP,WE,Towers with Radar,227,35,12,0,274,0,3,19,0,22,227,38,31,0,296,78,0,78,374
04/07/2021,ONT,CA,AWP,WE,Towers with Radar,233,36,8,0,277,0,4,11,0,15,233,40,19,0,292,20,0,20,312
04/08/2021,ONT,CA,AWP,WE,Towers with Radar,235,47,13,2,297,0,6,19,0,25,235,53,32,2,322,42,0,42,364
04/09/2021,ONT,CA,AWP,WE,Towers with Radar,183,38,6,0,227,0,3,9,1,13,183,41,15,1,240,43,0,43,283
04/10/2021,ONT,CA,AWP,WE,Towers with Radar,133,19,9,0,161,0,3,11,0,14,133,22,20,0,175,12,0,12,187
04/11/2021,ONT,CA,AWP,WE,Towers with Radar,155,11,7,0,173,0,3,5,0,8,155,14,12,0,181,66,0,66,247
04/12/2021,ONT,CA,AWP,WE,Towers with Radar,156,29,12,0,197,0,1,6,1,8,156,30,18,1,205,0,0,0,205
04/13/2021,ONT,CA,AWP,WE,Towers with Radar,216,38,6,0,260,0,0,12,0,12,216,38,18,0,272,16,0,16,288
04/14/2021,ONT,CA,AWP,WE,Towers with Radar,220,36,25,0,281,0,2,12,0,14,220,38,37,0,295,20,0,20,315
04/15/2021,ONT,CA,AWP,WE,Towers with Radar,226,40,12,1,279,0,3,13,1,17,226,43,25,2,296,0,0,0,296
04/16/2021,ONT,CA,AWP,WE,Towers with Radar,179,42,8,0,229,0,5,15,0,20,179,47,23,0,249,0,0,0,249
04/17/2021,ONT,CA,AWP,WE,Towers with Radar,133,25,7,0,165,0,0,7,0,7,133,25,14,0,172,36,0,36,208
04/18/2021,ONT,CA,AWP,WE,Towers with Radar,144,7,6,0,157,0,0,4,0,4,144,7,10,0,161,0,0,0,161
04/19/2021,ONT,CA,AWP,WE,Towers with Radar,151,27,7,0,185,0,2,14,0,16,151,29,21,0,201,6,0,6,207
04/20/2021,ONT,CA,AWP,WE,Towers with Radar,216,37,12,2,267,0,3,16,0,19,216,40,28,2,286,10,0,10,296
04/21/2021,ONT,CA,AWP,WE,Towers with Radar,219,41,23,0,283,0,0,1,1,2,219,41,24,1,285,8,0,8,293
04/22/2021,ONT,CA,AWP,WE,Towers with Radar,225,48,9,0,282,0,0,11,1,12,225,48,20,1,294,16,0,16,310
04/23/2021,ONT,CA,AWP,WE,Towers with Radar,170,43,10,0,223,0,1,13,0,14,170,44,23,0,237,44,0,44,281
04/24/2021,ONT,CA,AWP,WE,Towers with Radar,129,29,12,0,170,0,0,8,0,8,129,29,20,0,178,42,0,42,220
04/25/2021,ONT,CA,AWP,WE,Towers with Radar,140,6,8,0,154,0,0,8,0,8,140,6,16,0,162,20,0,20,182
04/26/2021,ONT,CA,AWP,WE,Towers with Radar,148,28,7,0,183,0,0,15,0,15,148,28,22,0,198,0,0,0,198
04/27/2021,ONT,CA,AWP,WE,Towers with Radar,213,39,16,0,268,0,2,11,2,15,213,41,27,2,283,0,0,0,283
04/28/2021,ONT,CA,AWP,WE,Towers with Radar,226,39,14,0,279,0,5,8,0,13,226,44,22,0,292,22,0,22,314
04/29/2021,ONT,CA,AWP,WE,Towers with Radar,226,50,11,0,287,0,23,10,0,33,226,73,21,0,320,34,0,34,354
04/30/2021,ONT,CA,AWP,WE,Towers with Radar,176,37,11,2,226,0,6,7,2,15,176,43,18,4,241,6,0,6,247
05/01/2021,ONT,CA,AWP,WE,Towers with Radar,131,24,3,1,159,0,6,7,2,15,131,30,10,3,174,32,0,32,206
05/02/2021,ONT,CA,AWP,WE,Towers with Radar,138,10,13,0,161,0,0,15,0,15,138,10,28,0,176,12,0,12,188
05/03/2021,ONT,CA,AWP,WE,Towers with Radar,164,27,11,0,202,0,3,12,0,15,164,30,23,0,217,48,0,48,265
05/04/2021,ONT,CA,AWP,WE,Towers with Radar,217,42,9,0,268,0,2,22,0,24,217,44,31,0,292,44,0,44,336
05/05/2021,ONT,CA,AWP,WE,Towers with Radar,231,42,11,0,284,0,2,15,0,17,231,44,26,0,301,18,0,18,319
05/06/2021,ONT,CA,AWP,WE,Towers with Radar,236,44,14,0,294,0,3,11,0,14,236,47,25,0,308,22,0,22,330
05/07/2021,ONT,CA,AWP,WE,Towers with Radar,184,41,11,0,236,0,6,5,0,11,184,47,16,0,247,34,0,34,281
05/08/2021,ONT,CA,AWP,WE,Towers with Radar,140,24,6,0,170,0,4,7,0,11,140,28,13,0,181,0,0,0,181
05/09/2021,ONT,CA,AWP,WE,Towers with Radar,153,11,7,0,171,0,0,3,0,3,153,11,10,0,174,12,0,12,186
05/10/2021,ONT,CA,AWP,WE,Towers with Radar,161,28,4,0,193,0,3,7,0,10,161,31,11,0,203,24,0,24,227
05/11/2021,ONT,CA,AWP,WE,Towers with Radar,225,39,10,0,274,0,9,7,0,16,225,48,17,0,290,40,0,40,330
05/12/2021,ONT,CA,AWP,WE,Towers with Radar,238,45,10,0,293,0,2,10,0,12,238,47,20,0,305,18,0,18,323
05/13/2021,ONT,CA,AWP,WE,Towers with Radar,244,39,16,0,299,0,2,9,0,11,244,41,25,0,310,0,0,0,310
05/14/2021,ONT,CA,AWP,WE,Towers with Radar,182,40,9,0,231,0,1,11,0,12,182,41,20,0,243,24,0,24,267
05/15/2021,ONT,CA,AWP,WE,Towers with Radar,136,27,7,2,172,0,3,15,0,18,136,30,22,2,190,74,0,74,264
05/16/2021,ONT,CA,AWP,WE,Towers with Radar,154,9,6,1,170,0,0,5,1,6,154,9,11,2,176,0,0,0,176
05/17/2021,ONT,CA,AWP,WE,Towers with Radar,167,27,10,0,204,0,0,14,1,15,167,27,24,1,219,14,0,14,233
05/18/2021,ONT,CA,AWP,WE,Towers with Radar,225,35,18,0,278,0,2,27,0,29,225,37,45,0,307,22,0,22,329
05/19/2021,ONT,CA,AWP,WE,Towers with Radar,232,46,19,0,297,0,2,11,3,16,232,48,30,3,313,0,0,0,313
05/20/2021,ONT,CA,AWP,WE,Towers with Radar,239,37,20,0,296,1,1,8,0,10,240,38,28,0,306,2,0,2,308
05/21/2021,ONT,CA,AWP,WE,Towers with Radar,192,38,17,0,247,0,4,4,0,8,192,42,21,0,255,4,0,4,259
05/22/2021,ONT,CA,AWP,WE,Towers with Radar,136,25,7,0,168,0,3,15,0,18,136,28,22,0,186,56,0,56,242
05/23/2021,ONT,CA,AWP,WE,Towers with Radar,150,10,6,0,166,0,3,16,0,19,150,13,22,0,185,48,0,48,233
05/24/2021,ONT,CA,AWP,WE,Towers with Radar,174,29,11,0,214,0,1,6,0,7,174,30,17,0,221,16,0,16,237
05/25/2021,ONT,CA,AWP,WE,Towers with Radar,228,37,13,0,278,0,8,13,0,21,228,45,26,0,299,8,0,8,307
05/26/2021,ONT,CA,AWP,WE,Towers with Radar,226,44,13,0,283,0,6,11,0,17,226,50,24,0,300,22,0,22,322
05/27/2021,ONT,CA,AWP,WE,Towers with Radar,245,37,14,0,296,0,9,21,0,30,245,46,35,0,326,58,0,58,384
05/28/2021,ONT,CA,AWP,WE,Towers with Radar,185,41,7,0,233,0,5,14,0,19,185,46,21,0,252,44,0,44,296
05/29/2021,ONT,CA,AWP,WE,Towers with Radar,128,28,2,0,158,0,4,14,0,18,128,32,16,0,176,0,0,0,176
05/30/2021,ONT,CA,AWP,WE,Towers with Radar,150,6,5,0,161,0,3,6,0,9,150,9,11,0,170,0,0,0,170
05/31/2021,ONT,CA,AWP,WE,Towers with Radar,139,8,9,0,156,0,2,15,0,17,139,10,24,0,173,44,0,44,217
06/01/2021,ONT,CA,AWP,WE,Towers with Radar,168,25,11,0,204,0,3,21,1,25,168,28,32,1,229,36,0,36,265
06/02/2021,ONT,CA,AWP,WE,Towers with Radar,247,40,7,0,294,0,1,13,0,14,247,41,20,0,308,26,0,26,334
06/03/2021,ONT,CA,AWP,WE,Towers with Radar,244,42,13,0,299,1,6,15,1,23,245,48,28,1,322,26,0,26,348
06/04/2021,ONT,CA,AWP,WE,Towers with Radar,188,45,10,1,244,0,4,14,0,18,188,49,24,1,262,40,0,40,302
06/05/2021,ONT,CA,AWP,WE,Towers with Radar,138,20,8,0,166,0,3,21,0,24,138,23,29,0,190,56,0,56,246
06/06/2021,ONT,CA,AWP,WE,Towers with Radar,139,6,6,0,151,0,0,7,0,7,139,6,13,0,158,4,0,4,162
06/07/2021,ONT,CA,AWP,WE,Towers with Radar,172,25,8,0,205,0,1,18,0,19,172,26,26,0,224,18,0,18,242
06/08/2021,ONT,CA,AWP,WE,Towers with Radar,253,36,15,0,304,0,5,11,0,16,253,41,26,0,320,24,0,24,344
06/09/2021,ONT,CA,AWP,WE,Towers with Radar,250,40,7,0,297,0,3,15,0,18,250,43,22,0,315,18,0,18,333
06/10/2021,ONT,CA,AWP,WE,Towers with Radar,255,42,9,2,308,0,3,25,0,28,255,45,34,2,336,56,0,56,392
06/11/2021,ONT,CA,AWP,WE,Towers with Radar,201,42,11,0,254,0,3,16,3,22,201,45,27,3,276,96,0,96,372
06/12/2021,ONT,CA,AWP,WE,Towers with Radar,137,19,4,0,160,0,5,7,1,13,137,24,11,1,173,8,0,8,181
06/13/2021,ONT,CA,AWP,WE,Towers with Radar,148,6,0,0,154,0,0,16,0,16,148,6,16,0,170,60,0,60,230
06/14/2021,ONT,CA,AWP,WE,Towers with Radar,181,31,17,0,229,0,1,18,0,19,181,32,35,0,248,135,0,135,383
06/15/2021,ONT,CA,AWP,WE,Towers with Radar,247,43,8,2,300,0,5,23,0,28,247,48,31,2,328,62,0,62,390
06/16/2021,ONT,CA,AWP,WE,Towers with Radar,242,43,11,0,296,0,3,7,0,10,242,46,18,0,306,10,0,10,316
06/17/2021,ONT,CA,AWP,WE,Towers with Radar,255,41,15,0,311,0,3,29,0,32,255,44,44,0,343,62,0,62,405
06/18/2021,ONT,CA,AWP,WE,Towers with Radar,209,40,10,0,259,0,9,12,0,21,209,49,22,0,280,40,0,40,320
06/19/2021,ONT,CA,AWP,WE,Towers with Radar,141,20,6,0,167,0,4,28,2,34,141,24,34,2,201,84,0,84,285
06/20/2021,ONT,CA,AWP,WE,Towers with Radar,154,10,8,0,172,0,0,9,0,9,154,10,17,0,181,14,0,14,195
06/21/2021,ONT,CA,AWP,WE,Towers with Radar,184,31,9,0,224,0,1,15,0,16,184,32,24,0,240,22,0,22,262
06/22/2021,ONT,CA,AWP,WE,Towers with Radar,252,44,15,0,311,1,2,6,0,9,253,46,21,0,320,12,0,12,332
06/23/2021,ONT,CA,AWP,WE,Towers with Radar,244,42,16,2,304,0,4,26,0,30,244,46,42,2,334,82,0,82,416
06/24/2021,ONT,CA,AWP,WE,Towers with Radar,258,44,11,0,313,0,2,20,2,24,258,46,31,2,337,46,0,46,383
06/25/2021,ONT,CA,AWP,WE,Towers with Radar,204,41,19,0,264,0,5,12,0,17,204,46,31,0,281,78,0,78,359
06/26/2021,ONT,CA,AWP,WE,Towers with Radar,138,22,2,0,162,0,5,16,0,21,138,27,18,0,183,8,0,8,191
06/27/2021,ONT,CA,AWP,WE,Towers with Radar,147,8,14,0,169,0,0,8,0,8,147,8,22,0,177,50,0,50,227
06/28/2021,ONT,CA,AWP,WE,Towers with Radar,185,26,14,0,225,0,5,18,0,23,185,31,32,0,248,22,0,22,270
06/29/2021,ONT,CA,AWP,WE,Towers with Radar,248,34,15,0,297,0,5,27,1,33,248,39,42,1,330,58,0,58,388
06/30/2021,ONT,CA,AWP,WE,Towers with Radar,250,40,16,0,306,0,5,24,0,29,250,45,40,0,335,94,0,94,429
07/01/2021,ONT,CA,AWP,WE,Towers with Radar,257,37,13,0,307,0,3,18,0,21,257,40,31,0,328,66,0,66,394
07/02/2021,ONT,CA,AWP,WE,Towers with Radar,195,39,9,0,243,0,4,15,0,19,195,43,24,0,262,40,0,40,302
07/03/2021,ONT,CA,AWP,WE,Towers with Radar,134,25,7,0,166,0,3,15,0,18,134,28,22,0,184,36,0,36,220
07/04/2021,ONT,CA,AWP,WE,Towers with Radar,121,6,4,0,131,0,0,12,0,12,121,6,16,0,143,0,0,0,143
07/05/2021,ONT,CA,AWP,WE,Towers with Radar,144,19,15,0,178,0,0,12,0,12,144,19,27,0,190,46,0,46,236
07/06/2021,ONT,CA,AWP,WE,Towers with Radar,183,28,4,0,215,0,4,21,0,25,183,32,25,0,240,46,0,46,286
07/07/2021,ONT,CA,AWP,WE,Towers with Radar,260,43,9,0,312,0,4,21,1,26,260,47,30,1,338,46,0,46,384
07/08/2021,ONT,CA,AWP,WE,Towers with Radar,258,37,15,0,310,0,4,23,0,27,258,41,38,0,337,32,0,32,369
07/09/2021,ONT,CA,AWP,WE,Towers with Radar,209,37,16,0,262,0,7,27,0,34,209,44,43,0,296,88,0,88,384
07/10/2021,ONT,CA,AWP,WE,Towers with Radar,148,22,12,0,182,0,11,12,0,23,148,33,24,0,205,44,0,44,249
07/11/2021,ONT,CA,AWP,WE,Towers with Radar,148,4,10,0,162,0,0,5,0,5,148,4,15,0,167,14,0,14,181
07/12/2021,ONT,CA,AWP,WE,Towers with Radar,182,23,8,0,213,0,2,20,0,22,182,25,28,0,235,42,0,42,277
07/13/2021,ONT,CA,AWP,WE,Towers with Radar,250,35,16,0,301,0,6,17,0,23,250,41,33,0,324,50,0,50,374
07/14/2021,ONT,CA,AWP,WE,Towers with Radar,248,42,6,0,296,0,3,12,0,15,248,45,18,0,311,34,0,34,345
07/15/2021,ONT,CA,AWP,WE,Towers with Radar,271,39,16,0,326,0,4,29,0,33,271,43,45,0,359,38,0,38,397
07/16/2021,ONT,CA,AWP,WE,Towers with Radar,211,43,6,0,260,0,3,25,0,28,211,46,31,0,288,14,0,14,302
07/17/2021,ONT,CA,AWP,WE,Towers with Radar,150,30,4,0,184,0,4,7,0,11,150,34,11,0,195,32,0,32,227
07/18/2021,ONT,CA,AWP,WE,Towers with Radar,155,12,2,0,169,0,0,13,0,13,155,12,15,0,182,20,0,20,202
07/19/2021,ONT,CA,AWP,WE,Towers with Radar,181,24,9,0,214,0,3,12,0,15,181,27,21,0,229,40,0,40,269
07/20/2021,ONT,CA,AWP,WE,Towers with Radar,250,35,10,0,295,0,5,25,0,30,250,40,35,0,325,10,0,10,335
07/21/2021,ONT,CA,AWP,WE,Towers with Radar,251,34,9,0,294,0,5,20,1,26,251,39,29,1,320,24,0,24,344
07/22/2021,ONT,CA,AWP,WE,Towers with Radar,255,34,13,0,302,0,3,14,1,18,255,37,27,1,320,12,0,12,332
07/23/2021,ONT,CA,AWP,WE,Towers with Radar,209,35,10,0,254,0,4,28,0,32,209,39,38,0,286,56,0,56,342
07/24/2021,ONT,CA,AWP,WE,Towers with Radar,151,22,7,0,180,0,2,15,0,17,151,24,22,0,197,26,0,26,223
07/25/2021,ONT,CA,AWP,WE,Towers with Radar,153,4,4,0,161,0,0,10,0,10,153,4,14,0,171,0,0,0,171
07/26/2021,ONT,CA,AWP,WE,Towers with Radar,181,27,8,0,216,0,2,6,0,8,181,29,14,0,224,6,0,6,230
07/27/2021,ONT,CA,AWP,WE,Towers with Radar,248,36,6,0,290,1,4,23,0,28,249,40,29,0,318,4,0,4,322
07/28/2021,ONT,CA,AWP,WE,Towers with Radar,256,43,13,0,312,0,3,13,1,17,256,46,26,1,329,2,0,2,331
07/29/2021,ONT,CA,AWP,WE,Towers with Radar,266,35,13,2,316,0,3,22,0,25,266,38,35,2,341,20,0,20,361
07/30/2021,ONT,CA,AWP,WE,Towers with Radar,208,41,10,2,261,0,5,31,0,36,208,46,41,2,297,48,0,48,345
07/31/2021,ONT,CA,AWP,WE,Towers with Radar,161,18,6,0,185,0,3,12,0,15,161,21,18,0,200,18,0,18,218
08/01/2021,ONT,CA,AWP,WE,Towers with Radar,140,13,10,0,163,0,1,13,0,14,140,14,23,0,177,6,0,6,183
08/02/2021,ONT,CA,AWP,WE,Towers with Radar,184,28,13,0,225,0,3,16,0,19,184,31,29,0,244,14,0,14,258
08/03/2021,ONT,CA,AWP,WE,Towers with Radar,251,37,8,0,296,0,2,22,0,24,251,39,30,0,320,72,0,72,392
08/04/2021,ONT,CA,AWP,WE,Towers with Radar,262,34,10,0,306,0,2,21,0,23,262,36,31,0,329,42,0,42,371
08/05/2021,ONT,CA,AWP,WE,Towers with Radar,265,37,18,0,320,0,3,12,0,15,265,40,30,0,335,16,0,16,351
08/06/2021,ONT,CA,AWP,WE,Towers with Radar,211,36,17,0,264,0,4,17,1,22,211,40,34,1,286,16,0,16,302
08/07/2021,ONT,CA,AWP,WE,Towers with Radar,153,19,9,0,181,0,2,14,0,16,153,21,23,0,197,0,0,0,197
08/08/2021,ONT,CA,AWP,WE,Towers with Radar,154,4,6,0,164,0,3,11,0,14,154,7,17,0,178,0,0,0,178
08/09/2021,ONT,CA,AWP,WE,Towers with Radar,195,28,7,2,232,0,4,17,0,21,195,32,24,2,253,17,0,17,270
08/10/2021,ONT,CA,AWP,WE,Towers with Radar,260,33,12,0,305,0,4,15,0,19,260,37,27,0,324,36,0,36,360
08/11/2021,ONT,CA,AWP,WE,Towers with Radar,263,33,6,0,302,0,3,14,0,17,263,36,20,0,319,4,0,4,323
08/12/2021,ONT,CA,AWP,WE,Towers with Radar,264,35,12,0,311,0,6,19,1,26,264,41,31,1,337,14,0,14,351
08/13/2021,ONT,CA,AWP,WE,Towers with Radar,213,38,15,2,268,0,5,17,1,23,213,43,32,3,291,36,0,36,327
08/14/2021,ONT,CA,AWP,WE,Towers with Radar,139,27,3,0,169,0,3,19,0,22,139,30,22,0,191,8,0,8,199
08/15/2021,ONT,CA,AWP,WE,Towers with Radar,149,10,6,0,165,0,2,13,0,15,149,12,19,0,180,42,0,42,222
08/16/2021,ONT,CA,AWP,WE,Towers with Radar,186,33,10,0,229,0,1,18,0,19,186,34,28,0,248,28,0,28,276
08/17/2021,ONT,CA,AWP,WE,Towers with Radar,252,42,9,0,303,0,4,15,0,19,252,46,24,0,322,10,0,10,332
08/18/2021,ONT,CA,AWP,WE,Towers with Radar,264,43,11,2,320,0,3,9,0,12,264,46,20,2,332,6,0,6,338
08/19/2021,ONT,CA,AWP,WE,Towers with Radar,263,32,13,0,308,0,3,18,0,21,263,35,31,0,329,4,0,4,333
08/20/2021,ONT,CA,AWP,WE,Towers with Radar,221,41,11,0,273,0,2,8,0,10,221,43,19,0,283,18,0,18,301
08/21/2021,ONT,CA,AWP,WE,Towers with Radar,149,25,2,1,177,0,0,5,0,5,149,25,7,1,182,8,0,8,190
08/22/2021,ONT,CA,AWP,WE,Towers with Radar,153,7,13,0,173,0,0,9,0,9,153,7,22,0,182,0,0,0,182
08/23/2021,ONT,CA,AWP,WE,Towers with Radar,184,31,8,0,223,0,3,9,1,13,184,34,17,1,236,12,0,12,248
08/24/2021,ONT,CA,AWP,WE,Towers with Radar,252,40,5,0,297,0,4,12,0,16,252,44,17,0,313,2,0,2,315
08/25/2021,ONT,CA,AWP,WE,Towers with Radar,252,36,11,0,299,0,4,13,0,17,252,40,24,0,316,43,0,43,359
08/26/2021,ONT,CA,AWP,WE,Towers with Radar,260,40,15,2,317,0,4,13,0,17,260,44,28,2,334,6,0,6,340
08/27/2021,ONT,CA,AWP,WE,Towers with Radar,213,39,5,2,259,0,5,16,0,21,213,44,21,2,280,18,0,18,298
08/28/2021,ONT,CA,AWP,WE,Towers with Radar,148,22,8,0,178,0,6,9,0,15,148,28,17,0,193,0,0,0,193
08/29/2021,ONT,CA,AWP,WE,Towers with Radar,143,7,4,0,154,0,0,11,0,11,143,7,15,0,165,32,0,32,197
08/30/2021,ONT,CA,AWP,WE,Towers with Radar,185,31,2,1,219,1,2,10,0,13,186,33,12,1,232,6,0,6,238
08/31/2021,ONT,CA,AWP,WE,Towers with Radar,251,38,10,0,299,0,4,7,0,11,251,42,17,0,310,12,0,12,322
09/01/2021,ONT,CA,AWP,WE,Towers with Radar,258,50,16,0,324,0,2,13,1,16,258,52,29,1,340,46,0,46,386
09/02/2021,ONT,CA,AWP,WE,Towers with Radar,264,38,11,0,313,0,4,12,0,16,264,42,23,0,329,34,0,34,363
09/03/2021,ONT,CA,AWP,WE,Towers with Radar,222,46,13,0,281,0,6,6,0,12,222,52,19,0,293,4,0,4,297
09/04/2021,ONT,CA,AWP,WE,Towers with Radar,141,20,7,0,168,0,4,18,0,22,141,24,25,0,190,10,0,10,200
09/05/2021,ONT,CA,AWP,WE,Towers with Radar,139,5,3,0,147,0,2,11,0,13,139,7,14,0,160,10,0,10,170
09/06/2021,ONT,CA,AWP,WE,Towers with Radar,156,11,7,0,174,0,1,3,0,4,156,12,10,0,178,6,0,6,184
09/07/2021,ONT,CA,AWP,WE,Towers with Radar,172,28,12,0,212,1,4,14,0,19,173,32,26,0,231,6,0,6,237
09/08/2021,ONT,CA,AWP,WE,Towers with Radar,248,43,11,0,302,0,3,9,0,12,248,46,20,0,314,2,0,2,316
09/09/2021,ONT,CA,AWP,WE,Towers with Radar,276,47,11,0,334,0,3,40,0,43,276,50,51,0,377,18,0,18,395
09/10/2021,ONT,CA,AWP,WE,Towers with Radar,231,44,9,0,284,0,1,20,0,21,231,45,29,0,305,8,0,8,313
09/11/2021,ONT,CA,AWP,WE,Towers with Radar,157,36,4,0,197,0,2,12,0,14,157,38,16,0,211,0,0,0,211
09/12/2021,ONT,CA,AWP,WE,Towers with Radar,171,17,12,0,200,0,2,11,0,13,171,19,23,0,213,20,0,20,233
09/13/2021,ONT,CA,AWP,WE,Towers with Radar,187,32,13,0,232,0,0,15,0,15,187,32,28,0,247,4,0,4,251
09/14/2021,ONT,CA,AWP,WE,Towers with Radar,239,39,13,0,291,0,2,18,1,21,239,41,31,1,312,6,0,6,318
09/15/2021,ONT,CA,AWP,WE,Towers with Radar,253,39,10,0,302,0,5,28,1,34,253,44,38,1,336,14,0,14,350
09/16/2021,ONT,CA,AWP,WE,Towers with Radar,276,41,9,2,328,0,4,17,1,22,276,45,26,3,350,18,0,18,368
09/17/2021,ONT,CA,AWP,WE,Towers with Radar,225,43,13,0,281,0,2,8,0,10,225,45,21,0,291,2,0,2,293
09/18/2021,ONT,CA,AWP,WE,Towers with Radar,164,26,4,0,194,0,4,16,0,20,164,30,20,0,214,28,0,28,242
09/19/2021,ONT,CA,AWP,WE,Towers with Radar,176,12,9,0,197,0,0,8,0,8,176,12,17,0,205,22,0,22,227
09/20/2021,ONT,CA,AWP,WE,Towers with Radar,193,19,7,0,219,0,7,10,0,17,193,26,17,0,236,22,0,22,258
09/21/2021,ONT,CA,AWP,WE,Towers with Radar,243,47,7,0,297,0,4,16,0,20,243,51,23,0,317,8,0,8,325
09/22/2021,ONT,CA,AWP,WE,Towers with Radar,256,47,13,0,316,0,5,9,0,14,256,52,22,0,330,0,0,0,330
09/23/2021,ONT,CA,AWP,WE,Towers with Radar,272,48,14,0,334,0,2,19,0,21,272,50,33,0,355,16,0,16,371
09/24/2021,ONT,CA,AWP,WE,Towers with Radar,232,56,24,0,312,0,4,16,0,20,232,60,40,0,332,36,0,36,368
09/25/2021,ONT,CA,AWP,WE,Towers with Radar,157,27,4,0,188,0,5,15,0,20,157,32,19,0,208,20,0,20,228
09/26/2021,ONT,CA,AWP,WE,Towers with Radar,170,10,18,0,198,0,1,6,0,7,170,11,24,0,205,0,0,0,205
09/27/2021,ONT,CA,AWP,WE,Towers with Radar,194,34,13,2,243,0,1,9,0,10,194,35,22,2,253,14,0,14,267
09/28/2021,ONT,CA,AWP,WE,Towers with Radar,234,49,13,0,296,0,0,3,0,3,234,49,16,0,299,0,0,0,299
09/29/2021,ONT,CA,AWP,WE,Towers with Radar,252,48,8,0,308,0,1,20,0,21,252,49,28,0,329,10,0,10,339
09/30/2021,ONT,CA,AWP,WE,Towers with Radar,273,49,17,0,339,0,5,12,0,17,273,54,29,0,356,8,0,8,364
10/01/2021,ONT,CA,AWP,WE,Towers with Radar,219,48,16,0,283,0,7,11,1,19,219,55,27,1,302,10,0,10,312
10/02/2021,ONT,CA,AWP,WE,Towers with Radar,172,30,5,0,207,0,5,11,0,16,172,35,16,0,223,0,0,0,223
10/03/2021,ONT,CA,AWP,WE,Towers with Radar,180,7,5,0,192,0,2,16,0,18,180,9,21,0,210,0,0,0,210
10/04/2021,ONT,CA,AWP,WE,Towers with Radar,213,33,7,0,253,0,0,16,0,16,213,33,23,0,269,42,0,42,311
10/05/2021,ONT,CA,AWP,WE,Towers with Radar,254,43,12,0,309,0,4,17,1,22,254,47,29,1,331,62,0,62,393
10/06/2021,ONT,CA,AWP,WE,Towers with Radar,251,57,12,0,320,0,2,7,1,10,251,59,19,1,330,30,0,30,360
10/07/2021,ONT,CA,AWP,WE,Towers with Radar,270,44,18,0,332,0,0,11,0,11,270,44,29,0,343,0,0,0,343
10/08/2021,ONT,CA,AWP,WE,Towers with Radar,211,45,14,0,270,0,0,10,0,10,211,45,24,0,280,16,0,16,296
10/09/2021,ONT,CA,AWP,WE,Towers with Radar,146,31,8,0,185,0,1,18,0,19,146,32,26,0,204,44,0,44,248
10/10/2021,ONT,CA,AWP,WE,Towers with Radar,142,11,14,0,167,0,0,18,0,18,142,11,32,0,185,28,0,28,213
10/11/2021,ONT,CA,AWP,WE,Towers with Radar,203,32,13,0,248,0,0,16,0,16,203,32,29,0,264,0,0,0,264
10/12/2021,ONT,CA,AWP,WE,Towers with Radar,244,42,14,0,300,1,3,13,0,17,245,45,27,0,317,6,0,6,323
10/13/2021,ONT,CA,AWP,WE,Towers with Radar,250,46,12,2,310,0,3,29,0,32,250,49,41,2,342,4,0,4,346
10/14/2021,ONT,CA,AWP,WE,Towers with Radar,265,45,13,0,323,0,4,9,0,13,265,49,22,0,336,16,0,16,352
10/15/2021,ONT,CA,AWP,WE,Towers with Radar,222,46,14,0,282,0,4,11,0,15,222,50,25,0,297,4,0,4,301
10/16/2021,ONT,CA,AWP,WE,Towers with Radar,158,33,7,0,198,0,2,13,0,15,158,35,20,0,213,0,0,0,213
10/17/2021,ONT,CA,AWP,WE,Towers with Radar,166,6,8,0,180,0,0,12,0,12,166,6,20,0,192,12,0,12,204
10/18/2021,ONT,CA,AWP,WE,Towers with Radar,197,33,9,0,239,0,1,7,0,8,197,34,16,0,247,0,0,0,247
10/19/2021,ONT,CA,AWP,WE,Towers with Radar,250,49,10,0,309,0,5,6,0,11,250,54,16,0,320,0,0,0,320
10/20/2021,ONT,CA,AWP,WE,Towers with Radar,255,41,13,1,310,0,3,30,1,34,255,44,43,2,344,8,0,8,352
10/21/2021,ONT,CA,AWP,WE,Towers with Radar,265,41,12,2,320,0,4,13,0,17,265,45,25,2,337,24,0,24,361
10/22/2021,ONT,CA,AWP,WE,Towers with Radar,212,36,14,0,262,1,3,10,0,14,213,39,24,0,276,10,0,10,286
10/23/2021,ONT,CA,AWP,WE,Towers with Radar,166,33,7,0,206,0,0,5,0,5,166,33,12,0,211,8,0,8,219
10/24/2021,ONT,CA,AWP,WE,Towers with Radar,161,10,7,0,178,0,0,2,0,2,161,10,9,0,180,30,0,30,210
10/25/2021,ONT,CA,AWP,WE,Towers with Radar,200,33,7,0,240,0,2,1,0,3,200,35,8,0,243,0,0,0,243
10/26/2021,ONT,CA,AWP,WE,Towers with Radar,262,42,9,2,315,0,4,20,2,26,262,46,29,4,341,55,0,55,396
10/27/2021,ONT,CA,AWP,WE,Towers with Radar,258,45,12,0,315,0,5,23,1,29,258,50,35,1,344,20,0,20,364
10/28/2021,ONT,CA,AWP,WE,Towers with Radar,265,39,11,0,315,0,3,30,0,33,265,42,41,0,348,70,0,70,418
10/29/2021,ONT,CA,AWP,WE,Towers with Radar,223,38,9,0,270,0,6,11,0,17,223,44,20,0,287,6,0,6,293
10/30/2021,ONT,CA,AWP,WE,Towers with Radar,148,27,15,0,190,0,3,13,0,16,148,30,28,0,206,20,0,20,226
10/31/2021,ONT,CA,AWP,WE,Towers with Radar,151,9,6,0,166,0,0,6,0,6,151,9,12,0,172,24,0,24,196
11/01/2021,ONT,CA,AWP,WE,Towers with Radar,185,28,9,0,222,0,0,6,0,6,185,28,15,0,228,0,0,0,228
11/02/2021,ONT,CA,AWP,WE,Towers with Radar,260,45,10,0,315,0,2,19,0,21,260,47,29,0,336,8,0,8,344
11/03/2021,ONT,CA,AWP,WE,Towers with Radar,276,44,16,2,338,0,4,17,1,22,276,48,33,3,360,6,0,6,366
11/04/2021,ONT,CA,AWP,WE,Towers with Radar,279,57,17,0,353,0,2,12,0,14,279,59,29,0,367,32,0,32,399
11/05/2021,ONT,CA,AWP,WE,Towers with Radar,230,52,15,0,297,0,1,19,0,20,230,53,34,0,317,66,0,66,383
11/06/2021,ONT,CA,AWP,WE,Towers with Radar,174,29,11,0,214,0,1,8,0,9,174,30,19,0,223,14,0,14,237
11/07/2021,ONT,CA,AWP,WE,Towers with Radar,179,12,7,0,198,0,0,7,0,7,179,12,14,0,205,52,0,52,257
11/08/2021,ONT,CA,AWP,WE,Towers with Radar,179,39,13,2,233,0,0,18,1,19,179,39,31,3,252,56,0,56,308
11/09/2021,ONT,CA,AWP,WE,Towers with Radar,243,48,14,0,305,0,1,18,0,19,243,49,32,0,324,6,0,6,330
11/10/2021,ONT,CA,AWP,WE,Towers with Radar,243,43,21,2,309,0,2,22,0,24,243,45,43,2,333,38,0,38,371
11/11/2021,ONT,CA,AWP,WE,Towers with Radar,263,47,14,0,324,0,2,14,1,17,263,49,28,1,341,12,0,12,353
11/12/2021,ONT,CA,AWP,WE,Towers with Radar,211,43,10,0,264,0,1,6,0,7,211,44,16,0,271,20,0,20,291
11/13/2021,ONT,CA,AWP,WE,Towers with Radar,165,22,6,0,193,0,7,13,2,22,165,29,19,2,215,24,0,24,239
11/14/2021,ONT,CA,AWP,WE,Towers with Radar,170,13,11,0,194,0,2,8,0,10,170,15,19,0,204,16,0,16,220
11/15/2021,ONT,CA,AWP,WE,Towers with Radar,199,28,22,0,249,0,0,16,0,16,199,28,38,0,265,13,0,13,278
11/16/2021,ONT,CA,AWP,WE,Towers with Radar,255,33,15,4,307,0,2,25,1,28,255,35,40,5,335,8,0,8,343
11/17/2021,ONT,CA,AWP,WE,Towers with Radar,255,43,16,0,314,0,0,22,0,22,255,43,38,0,336,10,0,10,346
11/18/2021,ONT,CA,AWP,WE,Towers with Radar,262,46,20,0,328,0,1,21,1,23,262,47,41,1,351,56,0,56,407
11/19/2021,ONT,CA,AWP,WE,Towers with Radar,214,40,17,0,271,0,4,3,1,8,214,44,20,1,279,0,0,0,279
11/20/2021,ONT,CA,AWP,WE,Towers with Radar,160,26,14,0,200,0,3,7,0,10,160,29,21,0,210,34,0,34,244
11/21/2021,ONT,CA,AWP,WE,Towers with Radar,173,14,10,0,197,0,0,6,0,6,173,14,16,0,203,0,0,0,203
11/22/2021,ONT,CA,AWP,WE,Towers with Radar,205,31,18,0,254,0,1,17,0,18,205,32,35,0,272,14,0,14,286
11/23/2021,ONT,CA,AWP,WE,Towers with Radar,302,45,23,0,370,0,6,23,0,29,302,51,46,0,399,2,0,2,401
11/24/2021,ONT,CA,AWP,WE,Towers with Radar,314,45,14,0,373,0,3,9,0,12,314,48,23,0,385,0,0,0,385
11/25/2021,ONT,CA,AWP,WE,Towers with Radar,151,15,4,0,170,0,0,1,0,1,151,15,5,0,171,0,0,0,171
11/26/2021,ONT,CA,AWP,WE,Towers with Radar,177,48,7,0,232,0,1,19,1,21,177,49,26,1,253,12,0,12,265
11/27/2021,ONT,CA,AWP,WE,Towers with Radar,171,20,16,0,207,0,2,14,0,16,171,22,30,0,223,2,0,2,225
11/28/2021,ONT,CA,AWP,WE,Towers with Radar,187,14,9,0,210,0,2,10,0,12,187,16,19,0,222,38,0,38,260
11/29/2021,ONT,CA,AWP,WE,Towers with Radar,245,26,12,2,285,0,2,12,0,14,245,28,24,2,299,0,0,0,299
11/30/2021,ONT,CA,AWP,WE,Towers with Radar,342,49,11,0,402,0,5,15,0,20,342,54,26,0,422,10,0,10,432
12/01/2021,ONT,CA,AWP,WE,Towers with Radar,342,41,15,0,398,0,1,27,0,28,342,42,42,0,426,96,0,96,522
12/02/2021,ONT,CA,AWP,WE,Towers with Radar,329,42,19,0,390,0,3,23,0,26,329,45,42,0,416,102,0,102,518
12/03/2021,ONT,CA,AWP,WE,Towers with Radar,253,42,17,2,314,0,3,3,0,6,253,45,20,2,320,0,0,0,320
12/04/2021,ONT,CA,AWP,WE,Towers with Radar,173,25,9,0,207,0,0,1,0,1,173,25,10,0,208,0,0,0,208
12/05/2021,ONT,CA,AWP,WE,Towers with Radar,190,10,6,0,206,0,0,1,0,1,190,10,7,0,207,2,0,2,209
12/06/2021,ONT,CA,AWP,WE,Towers with Radar,220,32,9,2,263,0,0,9,0,9,220,32,18,2,272,9,0,9,281
12/07/2021,ONT,CA,AWP,WE,Towers with Radar,308,51,16,0,375,0,0,9,0,9,308,51,25,0,384,16,0,16,400
12/08/2021,ONT,CA,AWP,WE,Towers with Radar,304,55,11,0,370,0,0,17,0,17,304,55,28,0,387,26,0,26,413
12/09/2021,ONT,CA,AWP,WE,Towers with Radar,313,50,9,0,372,0,1,0,0,1,313,51,9,0,373,0,0,0,373
12/10/2021,ONT,CA,AWP,WE,Towers with Radar,235,46,7,0,288,0,2,11,1,14,235,48,18,1,302,4,0,4,306
12/11/2021,ONT,CA,AWP,WE,Towers with Radar,183,20,11,0,214,0,3,11,0,14,183,23,22,0,228,12,0,12,240
12/12/2021,ONT,CA,AWP,WE,Towers with Radar,191,16,10,0,217,0,0,13,0,13,191,16,23,0,230,26,0,26,256
12/13/2021,ONT,CA,AWP,WE,Towers with Radar,213,31,16,0,260,0,0,14,0,14,213,31,30,0,274,2,0,2,276
12/14/2021,ONT,CA,AWP,WE,Towers with Radar,321,40,14,0,375,0,0,1,0,1,321,40,15,0,376,0,0,0,376
12/15/2021,ONT,CA,AWP,WE,Towers with Radar,310,41,15,0,366,0,0,19,0,19,310,41,34,0,385,22,0,22,407
12/16/2021,ONT,CA,AWP,WE,Towers with Radar,318,39,9,0,366,0,2,16,0,18,318,41,25,0,384,26,0,26,410
12/17/2021,ONT,CA,AWP,WE,Towers with Radar,340,44,13,0,397,0,2,10,0,12,340,46,23,0,409,5,0,5,414
12/18/2021,ONT,CA,AWP,WE,Towers with Radar,280,26,14,0,320,0,7,14,0,21,280,33,28,0,341,20,0,20,361
12/19/2021,ONT,CA,AWP,WE,Towers with Radar,239,10,8,0,257,0,0,18,0,18,239,10,26,0,275,8,0,8,283
12/20/2021,ONT,CA,AWP,WE,Towers with Radar,273,30,10,2,315,0,0,25,0,25,273,30,35,2,340,20,0,20,360
12/21/2021,ONT,CA,AWP,WE,Towers with Radar,331,54,8,0,393,0,3,14,0,17,331,57,22,0,410,2,0,2,412
12/22/2021,ONT,CA,AWP,WE,Towers with Radar,322,41,6,0,369,0,0,12,2,14,322,41,18,2,383,0,0,0,383
12/23/2021,ONT,CA,AWP,WE,Towers with Radar,321,43,13,0,377,0,0,2,0,2,321,43,15,0,379,0,0,0,379
12/24/2021,ONT,CA,AWP,WE,Towers with Radar,217,33,6,0,256,0,0,7,0,7,217,33,13,0,263,4,0,4,267
12/25/2021,ONT,CA,AWP,WE,Towers with Radar,89,8,2,0,99,0,0,0,0,0,89,8,2,0,99,0,0,0,99
12/26/2021,ONT,CA,AWP,WE,Towers with Radar,121,8,10,0,139,0,0,9,0,9,121,8,19,0,148,10,0,10,158
12/27/2021,ONT,CA,AWP,WE,Towers with Radar,167,31,8,0,206,0,0,5,0,5,167,31,13,0,211,2,0,2,213
12/28/2021,ONT,CA,AWP,WE,Towers with Radar,272,40,8,0,320,0,1,12,1,14,272,41,20,1,334,0,0,0,334
12/29/2021,ONT,CA,AWP,WE,Towers with Radar,281,42,3,0,326,1,0,7,0,8,282,42,10,0,334,0,0,0,334
12/30/2021,ONT,CA,AWP,WE,Towers with Radar,283,50,13,0,346,0,0,8,0,8,283,50,21,0,354,16,0,16,370
12/31/2021,ONT,CA,AWP,WE,Towers with Radar,182,31,5,0,218,0,1,11,0,12,182,32,16,0,230,26,0,26,256
01/01/2022,ONT,CA,AWP,WE,Towers with Radar,90,9,4,0,103,0,0,7,0,7,90,9,11,0,110,18,0,18,128
01/02/2022,ONT,CA,AWP,WE,Towers with Radar,142,5,16,0,163,0,0,7,0,7,142,5,23,0,170,18,0,18,188
01/03/2022,ONT,CA,AWP,WE,Towers with Radar,159,25,9,0,193,0,1,24,0,25,159,26,33,0,218,23,0,23,241
01/04/2022,ONT,CA,AWP,WE,Towers with Radar,233,40,9,0,282,0,3,10,0,13,233,43,19,0,295,14,0,14,309
01/05/2022,ONT,CA,AWP,WE,Towers with Radar,230,42,8,0,280,0,2,8,1,11,230,44,16,1,291,58,0,58,349
01/06/2022,ONT,CA,AWP,WE,Towers with Radar,230,44,7,0,281,0,1,19,0,20,230,45,26,0,301,6,0,6,307
01/07/2022,ONT,CA,AWP,WE,Towers with Radar,181,38,5,0,224,0,2,13,0,15,181,40,18,0,239,28,0,28,267
01/08/2022,ONT,CA,AWP,WE,Towers with Radar,149,24,3,0,176,0,1,8,0,9,149,25,11,0,185,6,0,6,191
01/09/2022,ONT,CA,AWP,WE,Towers with Radar,148,12,10,0,170,0,0,11,0,11,148,12,21,0,181,8,0,8,189
01/10/2022,ONT,CA,AWP,WE,Towers with Radar,169,27,12,0,208,0,1,16,0,17,169,28,28,0,225,6,0,6,231
01/11/2022,ONT,CA,AWP,WE,Towers with Radar,232,41,13,1,287,1,2,16,1,20,233,43,29,2,307,0,0,0,307
01/12/2022,ONT,CA,AWP,WE,Towers with Radar,230,36,10,0,276,0,3,22,1,26,230,39,32,1,302,2,0,2,304
01/13/2022,ONT,CA,AWP,WE,Towers with Radar,228,45,18,0,291,0,2,16,1,19,228,47,34,1,310,0,0,0,310
01/14/2022,ONT,CA,AWP,WE,Towers with Radar,189,35,9,0,233,0,1,18,0,19,189,36,27,0,252,2,0,2,254
01/15/2022,ONT,CA,AWP,WE,Towers with Radar,132,20,4,0,156,0,2,20,1,23,132,22,24,1,179,32,0,32,211
01/16/2022,ONT,CA,AWP,WE,Towers with Radar,130,9,8,0,147,0,0,11,3,14,130,9,19,3,161,40,0,40,201
01/17/2022,ONT,CA,AWP,WE,Towers with Radar,176,28,4,0,208,1,2,11,0,14,177,30,15,0,222,22,0,22,244
01/18/2022,ONT,CA,AWP,WE,Towers with Radar,222,42,12,0,276,0,0,5,0,5,222,42,17,0,281,2,0,2,283
01/19/2022,ONT,CA,AWP,WE,Towers with Radar,235,46,4,0,285,0,1,11,0,12,235,47,15,0,297,8,0,8,305
01/20/2022,ONT,CA,AWP,WE,Towers with Radar,254,40,10,0,304,0,1,20,1,22,254,41,30,1,326,48,0,48,374
01/21/2022,ONT,CA,AWP,WE,Towers with Radar,197,39,7,0,243,0,2,11,0,13,197,41,18,0,256,6,0,6,262
01/22/2022,ONT,CA,AWP,WE,Towers with Radar,152,19,4,0,175,0,2,7,0,9,152,21,11,0,184,4,0,4,188
01/23/2022,ONT,CA,AWP,WE,Towers with Radar,159,14,2,0,175,0,1,7,0,8,159,15,9,0,183,12,0,12,195
01/24/2022,ONT,CA,AWP,WE,Towers with Radar,175,31,10,0,216,0,1,24,0,25,175,32,34,0,241,6,0,6,247
01/25/2022,ONT,CA,AWP,WE,Towers with Radar,243,48,11,0,302,1,1,19,0,21,244,49,30,0,323,0,0,0,323
01/26/2022,ONT,CA,AWP,WE,Towers with Radar,233,41,6,0,280,0,4,19,2,25,233,45,25,2,305,0,0,0,305
01/27/2022,ONT,CA,AWP,WE,Towers with Radar,249,47,4,0,300,0,6,14,2,22,249,53,18,2,322,22,0,22,344
01/28/2022,ONT,CA,AWP,WE,Towers with Radar,189,37,13,0,239,0,1,10,0,11,189,38,23,0,250,8,0,8,258
01/29/2022,ONT,CA,AWP,WE,Towers with Radar,135,29,5,0,169,0,3,17,0,20,135,32,22,0,189,51,0,51,240
01/30/2022,ONT,CA,AWP,WE,Towers with Radar,160,13,6,0,179,0,0,15,0,15,160,13,21,0,194,24,0,24,218
01/31/2022,ONT,CA,AWP,WE,Towers with Radar,173,29,17,0,219,0,0,17,0,17,173,29,34,0,236,24,0,24,260
02/01/2022,ONT,CA,AWP,WE,Towers with Radar,233,43,7,0,283,0,0,17,0,17,233,43,24,0,300,0,0,0,300
02/02/2022,ONT,CA,AWP,WE,Towers with Radar,246,40,8,0,294,0,1,7,0,8,246,41,15,0,302,0,0,0,302
02/03/2022,ONT,CA,AWP,WE,Towers with Radar,218,41,9,0,268,0,0,18,0,18,218,41,27,0,286,2,0,2,288
02/04/2022,ONT,CA,AWP,WE,Towers with Radar,182,44,9,2,237,0,1,19,0,20,182,45,28,2,257,0,0,0,257
02/05/2022,ONT,CA,AWP,WE,Towers with Radar,137,26,2,0,165,0,0,12,0,12,137,26,14,0,177,18,0,18,195
02/06/2022,ONT,CA,AWP,WE,Towers with Radar,172,17,8,0,197,0,0,8,0,8,172,17,16,0,205,0,0,0,205
02/07/2022,ONT,CA,AWP,WE,Towers with Radar,170,26,6,1,203,0,0,11,1,12,170,26,17,2,215,12,0,12,227
02/08/2022,ONT,CA,AWP,WE,Towers with Radar,248,48,15,2,313,0,1,11,0,12,248,49,26,2,325,18,0,18,343
02/09/2022,ONT,CA,AWP,WE,Towers with Radar,243,43,8,0,294,0,2,12,0,14,243,45,20,0,308,0,0,0,308
02/10/2022,ONT,CA,AWP,WE,Towers with Radar,279,42,4,0,325,1,1,12,0,14,280,43,16,0,339,18,0,18,357
02/11/2022,ONT,CA,AWP,WE,Towers with Radar,206,47,17,1,271,0,2,17,1,20,206,49,34,2,291,46,0,46,337
02/12/2022,ONT,CA,AWP,WE,Towers with Radar,142,21,15,0,178,0,4,7,0,11,142,25,22,0,189,4,0,4,193
02/13/2022,ONT,CA,AWP,WE,Towers with Radar,154,18,1,0,173,0,1,20,0,21,154,19,21,0,194,8,0,8,202
02/14/2022,ONT,CA,AWP,WE,Towers with Radar,182,42,14,0,238,0,2,20,3,25,182,44,34,3,263,22,0,22,285
02/15/2022,ONT,CA,AWP,WE,Towers with Radar,238,41,12,3,294,0,3,6,0,9,238,44,18,3,303,0,0,0,303
02/16/2022,ONT,CA,AWP,WE,Towers with Radar,230,40,14,3,287,0,2,18,0,20,230,42,32,3,307,0,0,0,307
02/17/2022,ONT,CA,AWP,WE,Towers with Radar,270,38,13,2,323,0,2,9,1,12,270,40,22,3,335,0,0,0,335
02/18/2022,ONT,CA,AWP,WE,Towers with Radar,195,41,17,0,253,0,2,19,6,27,195,43,36,6,280,44,0,44,324
02/19/2022,ONT,CA,AWP,WE,Towers with Radar,142,25,3,0,170,0,4,14,0,18,142,29,17,0,188,66,0,66,254
02/20/2022,ONT,CA,AWP,WE,Towers with Radar,154,9,10,0,173,0,0,14,0,14,154,9,24,0,187,10,0,10,197
02/21/2022,ONT,CA,AWP,WE,Towers with Radar,186,34,9,0,229,0,0,6,0,6,186,34,15,0,235,6,0,6,241
02/22/2022,ONT,CA,AWP,WE,Towers with Radar,230,44,5,0,279,0,0,21,0,21,230,44,26,0,300,102,0,102,402
02/23/2022,ONT,CA,AWP,WE,Towers with Radar,233,37,22,0,292,0,3,16,0,19,233,40,38,0,311,82,0,82,393
02/24/2022,ONT,CA,AWP,WE,Towers with Radar,241,44,21,0,306,0,1,24,0,25,241,45,45,0,331,70,0,70,401
02/25/2022,ONT,CA,AWP,WE,Towers with Radar,193,52,31,0,276,0,2,9,1,12,193,54,40,1,288,0,0,0,288
02/26/2022,ONT,CA,AWP,WE,Towers with Radar,145,30,22,0,197,0,3,14,0,17,145,33,36,0,214,0,0,0,214
02/27/2022,ONT,CA,AWP,WE,Towers with Radar,162,15,32,0,209,0,0,10,2,12,162,15,42,2,221,10,0,10,231
02/28/2022,ONT,CA,AWP,WE,Towers with Radar,179,25,7,0,211,0,1,8,0,9,179,26,15,0,220,6,0,6,226
03/01/2022,ONT,CA,AWP,WE,Towers with Radar,232,42,3,0,277,0,1,8,0,9,232,43,11,0,286,4,0,4,290
03/02/2022,ONT,CA,AWP,WE,Towers with Radar,237,39,25,0,301,0,1,24,0,25,237,40,49,0,326,24,0,24,350
03/03/2022,ONT,CA,AWP,WE,Towers with Radar,252,39,21,0,312,0,1,14,0,15,252,40,35,0,327,20,0,20,347
03/04/2022,ONT,CA,AWP,WE,Towers with Radar,186,40,15,0,241,0,1,8,1,10,186,41,23,1,251,4,0,4,255
03/05/2022,ONT,CA,AWP,WE,Towers with Radar,132,29,8,0,169,0,0,14,0,14,132,29,22,0,183,30,0,30,213
03/06/2022,ONT,CA,AWP,WE,Towers with Radar,156,12,12,0,180,0,0,19,0,19,156,12,31,0,199,22,0,22,221
03/07/2022,ONT,CA,AWP,WE,Towers with Radar,170,31,8,0,209,0,1,4,0,5,170,32,12,0,214,0,0,0,214
03/08/2022,ONT,CA,AWP,WE,Towers with Radar,222,44,10,0,276,0,2,17,1,20,222,46,27,1,296,8,0,8,304
03/09/2022,ONT,CA,AWP,WE,Towers with Radar,222,44,14,0,280,0,1,22,1,24,222,45,36,1,304,24,0,24,328
03/10/2022,ONT,CA,AWP,WE,Towers with Radar,245,40,9,0,294,0,1,20,2,23,245,41,29,2,317,38,0,38,355
03/11/2022,ONT,CA,AWP,WE,Towers with Radar,200,40,21,0,261,0,2,10,1,13,200,42,31,1,274,0,0,0,274
03/12/2022,ONT,CA,AWP,WE,Towers with Radar,140,28,9,0,177,0,6,27,0,33,140,34,36,0,210,40,0,40,250
03/13/2022,ONT,CA,AWP,WE,Towers with Radar,146,13,7,0,166,0,0,6,0,6,146,13,13,0,172,6,0,6,178
03/14/2022,ONT,CA,AWP,WE,Towers with Radar,168,31,2,0,201,0,1,22,0,23,168,32,24,0,224,34,0,34,258
03/15/2022,ONT,CA,AWP,WE,Towers with Radar,246,42,9,2,299,0,5,19,0,24,246,47,28,2,323,2,0,2,325
03/16/2022,ONT,CA,AWP,WE,Towers with Radar,244,46,8,0,298,0,2,17,2,21,244,48,25,2,319,12,0,12,331
03/17/2022,ONT,CA,AWP,WE,Towers with Radar,241,48,13,0,302,0,1,25,0,26,241,49,38,0,328,24,0,24,352
03/18/2022,ONT,CA,AWP,WE,Towers with Radar,194,41,13,0,248,0,2,17,0,19,194,43,30,0,267,32,0,32,299
03/19/2022,ONT,CA,AWP,WE,Towers with Radar,145,21,2,0,168,0,5,13,2,20,145,26,15,2,188,16,0,16,204
03/20/2022,ONT,CA,AWP,WE,Towers with Radar,167,15,10,0,192,0,0,15,0,15,167,15,25,0,207,20,0,20,227
03/21/2022,ONT,CA,AWP,WE,Towers with Radar,163,27,9,0,199,0,1,20,4,25,163,28,29,4,224,36,0,36,260
03/22/2022,ONT,CA,AWP,WE,Towers with Radar,247,42,23,0,312,0,1,15,0,16,247,43,38,0,328,2,0,2,330
03/23/2022,ONT,CA,AWP,WE,Towers with Radar,250,45,12,0,307,0,2,19,0,21,250,47,31,0,328,20,0,20,348
03/24/2022,ONT,CA,AWP,WE,Towers with Radar,252,43,7,0,302,0,3,27,0,30,252,46,34,0,332,64,0,64,396
03/25/2022,ONT,CA,AWP,WE,Towers with Radar,197,40,10,0,247,0,3,15,3,21,197,43,25,3,268,14,0,14,282
03/26/2022,ONT,CA,AWP,WE,Towers with Radar,140,21,9,0,170,0,3,21,0,24,140,24,30,0,194,28,0,28,222
03/27/2022,ONT,CA,AWP,WE,Towers with Radar,160,11,7,0,178,0,0,7,0,7,160,11,14,0,185,0,0,0,185
03/28/2022,ONT,CA,AWP,WE,Towers with Radar,169,31,13,0,213,0,0,4,0,4,169,31,17,0,217,0,0,0,217
03/29/2022,ONT,CA,AWP,WE,Towers with Radar,243,48,5,0,296,0,2,6,0,8,243,50,11,0,304,0,0,0,304
03/30/2022,ONT,CA,AWP,WE,Towers with Radar,242,42,3,0,287,0,1,19,0,20,242,43,22,0,307,56,0,56,363
03/31/2022,ONT,CA,AWP,WE,Towers with Radar,242,45,13,0,300,0,0,13,0,13,242,45,26,0,313,38,0,38,351
04/01/2022,ONT,CA,AWP,WE,Towers with Radar,194,42,19,0,255,0,1,13,0,14,194,43,32,0,269,24,0,24,293
04/02/2022,ONT,CA,AWP,WE,Towers with Radar,133,30,3,0,166,0,3,6,0,9,133,33,9,0,175,12,0,12,187
04/03/2022,ONT,CA,AWP,WE,Towers with Radar,167,14,5,0,186,0,1,15,0,16,167,15,20,0,202,24,0,24,226
04/04/2022,ONT,CA,AWP,WE,Towers with Radar,188,32,20,0,240,0,3,19,3,25,188,35,39,3,265,40,0,40,305
04/05/2022,ONT,CA,AWP,WE,Towers with Radar,246,45,10,0,301,0,1,29,0,30,246,46,39,0,331,8,0,8,339
04/06/2022,ONT,CA,AWP,WE,Towers with Radar,252,41,15,2,310,0,1,18,2,21,252,42,33,4,331,50,0,50,381
04/07/2022,ONT,CA,AWP,WE,Towers with Radar,264,40,12,2,318,0,0,15,0,15,264,40,27,2,333,0,0,0,333
04/08/2022,ONT,CA,AWP,WE,Towers with Radar,215,38,10,6,269,0,2,13,1,16,215,40,23,7,285,52,0,52,337
04/09/2022,ONT,CA,AWP,WE,Towers with Radar,150,28,5,0,183,0,4,22,0,26,150,32,27,0,209,60,0,60,269
04/10/2022,ONT,CA,AWP,WE,Towers with Radar,166,9,9,0,184,0,0,16,0,16,166,9,25,0,200,26,0,26,226
04/11/2022,ONT,CA,AWP,WE,Towers with Radar,193,31,7,3,234,0,1,16,5,22,193,32,23,8,256,46,0,46,302
04/12/2022,ONT,CA,AWP,WE,Towers with Radar,255,37,10,0,302,0,2,37,5,44,255,39,47,5,346,40,0,40,386
04/13/2022,ONT,CA,AWP,WE,Towers with Radar,247,54,7,0,308,0,1,19,7,27,247,55,26,7,335,60,0,60,395
04/14/2022,ONT,CA,AWP,WE,Towers with Radar,264,39,10,0,313,0,1,15,0,16,264,40,25,0,329,42,0,42,371
04/15/2022,ONT,CA,AWP,WE,Towers with Radar,208,42,2,2,254,0,3,17,1,21,208,45,19,3,275,16,0,16,291
04/16/2022,ONT,CA,AWP,WE,Towers with Radar,143,31,8,0,182,0,0,13,0,13,143,31,21,0,195,29,0,29,224
04/17/2022,ONT,CA,AWP,WE,Towers with Radar,162,8,3,0,173,0,0,14,0,14,162,8,17,0,187,24,0,24,211
04/18/2022,ONT,CA,AWP,WE,Towers with Radar,188,28,6,1,223,0,1,13,0,14,188,29,19,1,237,34,0,34,271
04/19/2022,ONT,CA,AWP,WE,Towers with Radar,251,36,9,2,298,0,1,18,0,19,251,37,27,2,317,26,0,26,343
04/20/2022,ONT,CA,AWP,WE,Towers with Radar,252,46,27,2,327,0,0,15,0,15,252,46,42,2,342,0,0,0,342
04/21/2022,ONT,CA,AWP,WE,Towers with Radar,261,42,25,0,328,0,1,25,6,32,261,43,50,6,360,48,0,48,408
04/22/2022,ONT,CA,AWP,WE,Towers with Radar,211,45,11,1,268,0,0,8,0,8,211,45,19,1,276,18,0,18,294
04/23/2022,ONT,CA,AWP,WE,Towers with Radar,144,30,4,0,178,0,2,21,0,23,144,32,25,0,201,56,0,56,257
04/24/2022,ONT,CA,AWP,WE,Towers with Radar,166,9,10,0,185,0,0,10,0,10,166,9,20,0,195,0,0,0,195
04/25/2022,ONT,CA,AWP,WE,Towers with Radar,197,26,5,0,228,0,1,21,6,28,197,27,26,6,256,41,0,41,297
04/26/2022,ONT,CA,AWP,WE,Towers with Radar,244,44,12,0,300,0,3,22,6,31,244,47,34,6,331,47,0,47,378
04/27/2022,ONT,CA,AWP,WE,Towers with Radar,254,45,14,0,313,0,1,21,1,23,254,46,35,1,336,46,0,46,382
04/28/2022,ONT,CA,AWP,WE,Towers with Radar,272,43,25,0,340,0,0,17,3,20,272,43,42,3,360,56,0,56,416
04/29/2022,ONT,CA,AWP,WE,Towers with Radar,215,42,14,0,271,0,3,25,7,35,215,45,39,7,306,102,0,102,408
04/30/2022,ONT,CA,AWP,WE,Towers with Radar,149,30,3,0,182,0,3,20,1,24,149,33,23,1,206,45,0,45,251
05/01/2022,ONT,CA,AWP,WE,Towers with Radar,175,11,2,0,188,0,0,15,0,15,175,11,17,0,203,6,0,6,209
05/02/2022,ONT,CA,AWP,WE,Towers with Radar,191,27,15,0,233,0,3,15,0,18,191,30,30,0,251,20,0,20,271
05/03/2022,ONT,CA,AWP,WE,Towers with Radar,258,43,13,0,314,0,0,13,0,13,258,43,26,0,327,0,0,0,327
05/04/2022,ONT,CA,AWP,WE,Towers with Radar,260,44,11,0,315,0,2,14,4,20,260,46,25,4,335,16,0,16,351
05/05/2022,ONT,CA,AWP,WE,Towers with Radar,262,43,4,0,309,0,1,20,0,21,262,44,24,0,330,0,0,0,330
05/06/2022,ONT,CA,AWP,WE,Towers with Radar,212,42,11,2,267,0,5,36,1,42,212,47,47,3,309,42,0,42,351
05/07/2022,ONT,CA,AWP,WE,Towers with Radar,154,22,6,0,182,0,3,24,0,27,154,25,30,0,209,52,0,52,261
05/08/2022,ONT,CA,AWP,WE,Towers with Radar,171,2,5,0,178,0,0,1,0,1,171,2,6,0,179,0,0,0,179
05/09/2022,ONT,CA,AWP,WE,Towers with Radar,201,32,7,0,240,0,1,18,0,19,201,33,25,0,259,42,0,42,301
05/10/2022,ONT,CA,AWP,WE,Towers with Radar,268,40,8,0,316,0,2,19,3,24,268,42,27,3,340,42,0,42,382
05/11/2022,ONT,CA,AWP,WE,Towers with Radar,263,49,12,0,324,0,2,17,0,19,263,51,29,0,343,8,0,8,351
05/12/2022,ONT,CA,AWP,WE,Towers with Radar,273,36,16,0,325,0,5,26,3,34,273,41,42,3,359,28,0,28,387
05/13/2022,ONT,CA,AWP,WE,Towers with Radar,216,46,18,0,280,0,2,19,1,22,216,48,37,1,302,8,0,8,310
05/14/2022,ONT,CA,AWP,WE,Towers with Radar,152,27,10,0,189,0,2,14,0,16,152,29,24,0,205,18,0,18,223
05/15/2022,ONT,CA,AWP,WE,Towers with Radar,178,12,14,1,205,0,2,12,0,14,178,14,26,1,219,26,0,26,245
05/16/2022,ONT,CA,AWP,WE,Towers with Radar,192,33,10,0,235,0,2,12,5,19,192,35,22,5,254,22,0,22,276
05/17/2022,ONT,CA,AWP,WE,Towers with Radar,264,40,13,0,317,0,2,26,0,28,264,42,39,0,345,29,0,29,374
05/18/2022,ONT,CA,AWP,WE,Towers with Radar,265,42,14,0,321,0,2,24,0,26,265,44,38,0,347,40,0,40,387
05/19/2022,ONT,CA,AWP,WE,Towers with Radar,276,35,11,0,322,0,3,8,4,15,276,38,19,4,337,14,0,14,351
05/20/2022,ONT,CA,AWP,WE,Towers with Radar,211,52,12,1,276,0,0,7,8,15,211,52,19,9,291,86,0,86,377
05/21/2022,ONT,CA,AWP,WE,Towers with Radar,155,23,7,0,185,0,3,15,2,20,155,26,22,2,205,48,2,50,255
05/22/2022,ONT,CA,AWP,WE,Towers with Radar,177,9,8,0,194,0,0,19,0,19,177,9,27,0,213,14,0,14,227
05/23/2022,ONT,CA,AWP,WE,Towers with Radar,192,28,3,0,223,0,3,11,0,14,192,31,14,0,237,2,0,2,239
05/24/2022,ONT,CA,AWP,WE,Towers with Radar,257,38,8,0,303,0,3,11,0,14,257,41,19,0,317,8,0,8,325
05/25/2022,ONT,CA,AWP,WE,Towers with Radar,266,44,20,2,332,0,7,19,2,28,266,51,39,4,360,20,0,20,380
05/26/2022,ONT,CA,AWP,WE,Towers with Radar,279,52,10,0,341,0,2,23,0,25,279,54,33,0,366,52,0,52,418
05/27/2022,ONT,CA,AWP,WE,Towers with Radar,218,41,6,0,265,0,2,10,0,12,218,43,16,0,277,0,0,0,277
05/28/2022,ONT,CA,AWP,WE,Towers with Radar,148,21,9,0,178,0,0,12,0,12,148,21,21,0,190,12,0,12,202
05/29/2022,ONT,CA,AWP,WE,Towers with Radar,155,4,2,0,161,0,0,11,0,11,155,4,13,0,172,20,0,20,192
05/30/2022,ONT,CA,AWP,WE,Towers with Radar,164,13,6,1,184,0,0,1,1,2,164,13,7,2,186,0,0,0,186
05/31/2022,ONT,CA,AWP,WE,Towers with Radar,193,27,12,0,232,0,2,23,0,25,193,29,35,0,257,16,0,16,273
06/01/2022,ONT,CA,AWP,WE,Towers with Radar,269,45,7,0,321,0,3,18,0,21,269,48,25,0,342,6,0,6,348
06/02/2022,ONT,CA,AWP,WE,Towers with Radar,264,41,6,0,311,0,2,17,0,19,264,43,23,0,330,24,0,24,354
06/03/2022,ONT,CA,AWP,WE,Towers with Radar,206,44,14,0,264,0,1,10,0,11,206,45,24,0,275,24,0,24,299
06/04/2022,ONT,CA,AWP,WE,Towers with Radar,150,22,5,1,178,0,2,14,1,17,150,24,19,2,195,58,0,58,253
06/05/2022,ONT,CA,AWP,WE,Towers with Radar,175,8,4,0,187,1,0,10,1,12,176,8,14,1,199,0,0,0,199
06/06/2022,ONT,CA,AWP,WE,Towers with Radar,191,28,5,0,224,0,2,29,2,33,191,30,34,2,257,45,0,45,302
06/07/2022,ONT,CA,AWP,WE,Towers with Radar,269,40,10,0,319,0,3,29,0,32,269,43,39,0,351,52,0,52,403
06/08/2022,ONT,CA,AWP,WE,Towers with Radar,274,44,11,1,330,0,2,20,1,23,274,46,31,2,353,36,0,36,389
06/09/2022,ONT,CA,AWP,WE,Towers with Radar,272,42,14,0,328,0,3,18,0,21,272,45,32,0,349,32,0,32,381
06/10/2022,ONT,CA,AWP,WE,Towers with Radar,219,51,23,0,293,0,2,10,0,12,219,53,33,0,305,18,0,18,323
06/11/2022,ONT,CA,AWP,WE,Towers with Radar,160,22,14,0,196,0,3,20,0,23,160,25,34,0,219,14,0,14,233
06/12/2022,ONT,CA,AWP,WE,Towers with Radar,179,9,13,0,201,0,0,15,0,15,179,9,28,0,216,14,0,14,230
06/13/2022,ONT,CA,AWP,WE,Towers with Radar,201,38,7,0,246,0,1,16,4,21,201,39,23,4,267,62,0,62,329
06/14/2022,ONT,CA,AWP,WE,Towers with Radar,273,39,13,0,325,0,1,21,0,22,273,40,34,0,347,24,0,24,371
06/15/2022,ONT,CA,AWP,WE,Towers with Radar,276,37,9,0,322,0,1,20,2,23,276,38,29,2,345,52,0,52,397
06/16/2022,ONT,CA,AWP,WE,Towers with Radar,262,49,3,0,314,0,3,16,4,23,262,52,19,4,337,40,0,40,377
06/17/2022,ONT,CA,AWP,WE,Towers with Radar,217,49,11,0,277,0,0,11,0,11,217,49,22,0,288,2,0,2,290
06/18/2022,ONT,CA,AWP,WE,Towers with Radar,166,21,7,0,194,0,3,16,0,19,166,24,23,0,213,36,0,36,249
06/19/2022,ONT,CA,AWP,WE,Towers with Radar,177,5,7,1,190,0,0,7,0,7,177,5,14,1,197,6,0,6,203
06/20/2022,ONT,CA,AWP,WE,Towers with Radar,202,26,8,0,236,0,2,26,0,28,202,28,34,0,264,34,0,34,298
06/21/2022,ONT,CA,AWP,WE,Towers with Radar,268,41,11,0,320,0,4,22,0,26,268,45,33,0,346,18,0,18,364
06/22/2022,ONT,CA,AWP,WE,Towers with Radar,271,40,24,0,335,0,1,25,0,26,271,41,49,0,361,16,0,16,377
06/23/2022,ONT,CA,AWP,WE,Towers with Radar,275,43,17,0,335,0,2,30,0,32,275,45,47,0,367,14,0,14,381
06/24/2022,ONT,CA,AWP,WE,Towers with Radar,217,45,10,0,272,0,1,22,5,28,217,46,32,5,300,52,0,52,352
06/25/2022,ONT,CA,AWP,WE,Towers with Radar,161,19,6,0,186,0,4,21,1,26,161,23,27,1,212,30,0,30,242
06/26/2022,ONT,CA,AWP,WE,Towers with Radar,177,10,11,0,198,0,0,5,0,5,177,10,16,0,203,0,0,0,203
06/27/2022,ONT,CA,AWP,WE,Towers with Radar,188,34,7,0,229,0,3,16,0,19,188,37,23,0,248,19,0,19,267
06/28/2022,ONT,CA,AWP,WE,Towers with Radar,277,39,5,0,321,0,3,7,0,10,277,42,12,0,331,0,0,0,331
06/29/2022,ONT,CA,AWP,WE,Towers with Radar,267,44,11,0,322,0,1,19,0,20,267,45,30,0,342,30,0,30,372
06/30/2022,ONT,CA,AWP,WE,Towers with Radar,267,39,13,1,320,0,2,25,2,29,267,41,38,3,349,50,0,50,399
07/01/2022,ONT,CA,AWP,WE,Towers with Radar,216,43,5,0,264,0,2,17,0,19,216,45,22,0,283,30,0,30,313
07/02/2022,ONT,CA,AWP,WE,Towers with Radar,156,21,8,0,185,0,3,7,1,11,156,24,15,1,196,2,0,2,198
07/03/2022,ONT,CA,AWP,WE,Towers with Radar,159,5,4,1,169,0,0,20,1,21,159,5,24,2,190,18,0,18,208
07/04/2022,ONT,CA,AWP,WE,Towers with Radar,132,13,4,0,149,0,0,26,0,26,132,13,30,0,175,120,0,120,295
07/05/2022,ONT,CA,AWP,WE,Towers with Radar,184,28,12,0,224,0,0,24,1,25,184,28,36,1,249,94,0,94,343
07/06/2022,ONT,CA,AWP,WE,Towers with Radar,262,50,6,0,318,0,2,23,2,27,262,52,29,2,345,78,0,78,423
07/07/2022,ONT,CA,AWP,WE,Towers with Radar,267,38,10,0,315,0,6,22,0,28,267,44,32,0,343,32,0,32,375
07/08/2022,ONT,CA,AWP,WE,Towers with Radar,212,50,11,1,274,0,3,21,1,25,212,53,32,2,299,12,0,12,311
07/09/2022,ONT,CA,AWP,WE,Towers with Radar,162,23,7,0,192,0,1,16,0,17,162,24,23,0,209,53,0,53,262
07/10/2022,ONT,CA,AWP,WE,Towers with Radar,171,5,5,0,181,0,0,9,0,9,171,5,14,0,190,16,0,16,206
07/11/2022,ONT,CA,AWP,WE,Towers with Radar,192,29,8,0,229,0,2,19,0,21,192,31,27,0,250,14,0,14,264
07/12/2022,ONT,CA,AWP,WE,Towers with Radar,268,42,5,0,315,0,4,14,0,18,268,46,19,0,333,0,0,0,333
07/13/2022,ONT,CA,AWP,WE,Towers with Radar,270,42,7,0,319,0,4,14,0,18,270,46,21,0,337,20,0,20,357
07/14/2022,ONT,CA,AWP,WE,Towers with Radar,270,41,12,0,323,0,5,15,3,23,270,46,27,3,346,40,0,40,386
07/15/2022,ONT,CA,AWP,WE,Towers with Radar,216,41,2,0,259,0,3,13,0,16,216,44,15,0,275,24,0,24,299
07/16/2022,ONT,CA,AWP,WE,Towers with Radar,165,19,2,0,186,0,2,13,1,16,165,21,15,1,202,4,0,4,206
07/17/2022,ONT,CA,AWP,WE,Towers with Radar,174,7,6,0,187,0,0,12,0,12,174,7,18,0,199,12,0,12,211
07/18/2022,ONT,CA,AWP,WE,Towers with Radar,184,28,6,0,218,0,2,31,0,33,184,30,37,0,251,26,0,26,277
07/19/2022,ONT,CA,AWP,WE,Towers with Radar,275,34,10,0,319,0,5,22,0,27,275,39,32,0,346,34,0,34,380
07/20/2022,ONT,CA,AWP,WE,Towers with Radar,260,39,3,2,304,0,3,32,1,36,260,42,35,3,340,58,0,58,398
07/21/2022,ONT,CA,AWP,WE,Towers with Radar,275,57,5,0,337,0,2,12,0,14,275,59,17,0,351,12,0,12,363
07/22/2022,ONT,CA,AWP,WE,Towers with Radar,214,41,5,0,260,0,3,15,1,19,214,44,20,1,279,20,0,20,299
07/23/2022,ONT,CA,AWP,WE,Towers with Radar,156,19,9,0,184,0,1,18,2,21,156,20,27,2,205,2,0,2,207
07/24/2022,ONT,CA,AWP,WE,Towers with Radar,167,9,6,0,182,0,1,7,0,8,167,10,13,0,190,0,0,0,190
07/25/2022,ONT,CA,AWP,WE,Towers with Radar,199,30,10,0,239,0,4,25,0,29,199,34,35,0,268,22,0,22,290
07/26/2022,ONT,CA,AWP,WE,Towers with Radar,300,45,4,0,349,0,10,38,2,50,300,55,42,2,399,80,0,80,479
07/27/2022,ONT,CA,AWP,WE,Towers with Radar,265,46,14,0,325,0,5,9,1,15,265,51,23,1,340,28,0,28,368
07/28/2022,ONT,CA,AWP,WE,Towers with Radar,277,36,10,0,323,0,4,16,2,22,277,40,26,2,345,18,0,18,363
07/29/2022,ONT,CA,AWP,WE,Towers with Radar,227,48,4,0,279,0,7,17,0,24,227,55,21,0,303,26,0,26,329
07/30/2022,ONT,CA,AWP,WE,Towers with Radar,169,20,9,0,198,1,2,10,0,13,170,22,19,0,211,16,0,16,227
07/31/2022,ONT,CA,AWP,WE,Towers with Radar,167,13,10,0,190,0,1,18,0,19,167,14,28,0,209,36,0,36,245
08/01/2022,ONT,CA,AWP,WE,Towers with Radar,190,31,2,0,223,0,3,16,0,19,190,34,18,0,242,2,0,2,244
08/02/2022,ONT,CA,AWP,WE,Towers with Radar,273,44,17,0,334,0,2,37,1,40,273,46,54,1,374,28,0,28,402
08/03/2022,ONT,CA,AWP,WE,Towers with Radar,268,43,11,0,322,0,3,15,0,18,268,46,26,0,340,0,0,0,340
08/04/2022,ONT,CA,AWP,WE,Towers with Radar,261,42,12,0,315,0,1,18,3,22,261,43,30,3,337,16,0,16,353
08/05/2022,ONT,CA,AWP,WE,Towers with Radar,208,45,8,0,261,0,2,16,1,19,208,47,24,1,280,24,0,24,304
08/06/2022,ONT,CA,AWP,WE,Towers with Radar,156,20,7,0,183,0,5,11,1,17,156,25,18,1,200,4,0,4,204
08/07/2022,ONT,CA,AWP,WE,Towers with Radar,169,9,10,0,188,0,2,15,0,17,169,11,25,0,205,30,0,30,235
08/08/2022,ONT,CA,AWP,WE,Towers with Radar,190,30,8,0,228,0,1,19,1,21,190,31,27,1,249,40,0,40,289
08/09/2022,ONT,CA,AWP,WE,Towers with Radar,274,38,17,0,329,0,3,18,0,21,274,41,35,0,350,20,0,20,370
08/10/2022,ONT,CA,AWP,WE,Towers with Radar,266,43,15,0,324,0,2,18,1,21,266,45,33,1,345,4,0,4,349
08/11/2022,ONT,CA,AWP,WE,Towers with Radar,282,42,10,0,334,0,4,24,0,28,282,46,34,0,362,48,0,48,410
08/12/2022,ONT,CA,AWP,WE,Towers with Radar,225,45,10,0,280,0,3,12,0,15,225,48,22,0,295,8,0,8,303
08/13/2022,ONT,CA,AWP,WE,Towers with Radar,157,22,2,0,181,0,2,10,0,12,157,24,12,0,193,16,0,16,209
08/14/2022,ONT,CA,AWP,WE,Towers with Radar,168,9,8,0,185,0,0,5,0,5,168,9,13,0,190,0,0,0,190
08/15/2022,ONT,CA,AWP,WE,Towers with Radar,183,27,9,1,220,0,2,18,2,22,183,29,27,3,242,22,0,22,264
08/16/2022,ONT,CA,AWP,WE,Towers with Radar,272,44,14,0,330,0,1,27,0,28,272,45,41,0,358,36,0,36,394
08/17/2022,ONT,CA,AWP,WE,Towers with Radar,265,45,13,0,323,0,4,17,0,21,265,49,30,0,344,16,0,16,360
08/18/2022,ONT,CA,AWP,WE,Towers with Radar,265,44,6,0,315,0,3,11,2,16,265,47,17,2,331,16,0,16,347
08/19/2022,ONT,CA,AWP,WE,Towers with Radar,209,46,10,0,265,0,2,16,1,19,209,48,26,1,284,16,0,16,300
08/20/2022,ONT,CA,AWP,WE,Towers with Radar,164,26,12,0,202,0,3,11,1,15,164,29,23,1,217,24,0,24,241
08/21/2022,ONT,CA,AWP,WE,Towers with Radar,165,15,8,0,188,0,0,26,0,26,165,15,34,0,214,26,0,26,240
08/22/2022,ONT,CA,AWP,WE,Towers with Radar,185,35,12,2,234,0,2,16,5,23,185,37,28,7,257,36,0,36,293
08/23/2022,ONT,CA,AWP,WE,Towers with Radar,262,44,15,0,321,0,2,16,2,20,262,46,31,2,341,2,0,2,343
08/24/2022,ONT,CA,AWP,WE,Towers with Radar,264,39,8,1,312,0,7,9,2,18,264,46,17,3,330,24,0,24,354
08/25/2022,ONT,CA,AWP,WE,Towers with Radar,267,54,9,0,330,0,4,15,0,19,267,58,24,0,349,16,0,16,365
08/26/2022,ONT,CA,AWP,WE,Towers with Radar,214,47,9,0,270,0,4,21,0,25,214,51,30,0,295,54,0,54,349
08/27/2022,ONT,CA,AWP,WE,Towers with Radar,160,26,9,0,195,0,3,12,1,16,160,29,21,1,211,14,0,14,225
08/28/2022,ONT,CA,AWP,WE,Towers with Radar,167,11,7,0,185,0,0,17,0,17,167,11,24,0,202,34,0,34,236
08/29/2022,ONT,CA,AWP,WE,Towers with Radar,189,29,7,1,226,0,3,20,0,23,189,32,27,1,249,24,0,24,273
08/30/2022,ONT,CA,AWP,WE,Towers with Radar,267,41,3,1,312,0,5,24,1,30,267,46,27,2,342,59,0,59,401
08/31/2022,ONT,CA,AWP,WE,Towers with Radar,262,39,6,0,307,0,4,26,1,31,262,43,32,1,338,30,0,30,368
09/01/2022,ONT,CA,AWP,WE,Towers with Radar,273,43,6,0,322,0,4,21,0,25,273,47,27,0,347,12,0,12,359
09/02/2022,ONT,CA,AWP,WE,Towers with Radar,208,41,5,2,256,0,3,17,0,20,208,44,22,2,276,38,0,38,314
09/03/2022,ONT,CA,AWP,WE,Towers with Radar,161,26,4,0,191,0,5,7,0,12,161,31,11,0,203,28,0,28,231
09/04/2022,ONT,CA,AWP,WE,Towers with Radar,144,5,2,0,151,0,1,8,0,9,144,6,10,0,160,0,0,0,160
09/05/2022,ONT,CA,AWP,WE,Towers with Radar,150,11,6,0,167,0,0,17,0,17,150,11,23,0,184,30,0,30,214
09/06/2022,ONT,CA,AWP,WE,Towers with Radar,196,29,4,0,229,0,4,11,0,15,196,33,15,0,244,6,0,6,250
09/07/2022,ONT,CA,AWP,WE,Towers with Radar,261,39,15,0,315,0,4,34,0,38,261,43,49,0,353,54,0,54,407
09/08/2022,ONT,CA,AWP,WE,Towers with Radar,276,43,4,0,323,0,2,16,2,20,276,45,20,2,343,0,0,0,343
09/09/2022,ONT,CA,AWP,WE,Towers with Radar,218,42,10,0,270,0,3,7,4,14,218,45,17,4,284,12,0,12,296
09/10/2022,ONT,CA,AWP,WE,Towers with Radar,165,27,3,0,195,0,2,3,0,5,165,29,6,0,200,0,0,0,200
09/11/2022,ONT,CA,AWP,WE,Towers with Radar,177,7,8,0,192,0,0,2,0,2,177,7,10,0,194,0,0,0,194
09/12/2022,ONT,CA,AWP,WE,Towers with Radar,201,35,14,0,250,0,2,19,1,22,201,37,33,1,272,32,0,32,304
09/13/2022,ONT,CA,AWP,WE,Towers with Radar,265,37,13,0,315,0,4,11,4,19,265,41,24,4,334,27,0,27,361
09/14/2022,ONT,CA,AWP,WE,Towers with Radar,259,42,5,0,306,0,2,17,0,19,259,44,22,0,325,34,0,34,359
09/15/2022,ONT,CA,AWP,WE,Towers with Radar,273,44,18,0,335,0,5,14,2,21,273,49,32,2,356,16,0,16,372
09/16/2022,ONT,CA,AWP,WE,Towers with Radar,221,37,11,0,269,0,2,17,0,19,221,39,28,0,288,36,0,36,324
09/17/2022,ONT,CA,AWP,WE,Towers with Radar,163,27,7,0,197,0,0,20,1,21,163,27,27,1,218,5,0,5,223
09/18/2022,ONT,CA,AWP,WE,Towers with Radar,162,4,14,0,180,0,2,17,0,19,162,6,31,0,199,0,0,0,199
09/19/2022,ONT,CA,AWP,WE,Towers with Radar,192,27,5,0,224,0,7,17,3,27,192,34,22,3,251,10,0,10,261
09/20/2022,ONT,CA,AWP,WE,Towers with Radar,267,42,15,0,324,0,10,20,0,30,267,52,35,0,354,8,0,8,362
09/21/2022,ONT,CA,AWP,WE,Towers with Radar,267,46,12,0,325,0,7,25,0,32,267,53,37,0,357,44,0,44,401
09/22/2022,ONT,CA,AWP,WE,Towers with Radar,277,41,9,0,327,0,5,17,0,22,277,46,26,0,349,14,0,14,363
09/23/2022,ONT,CA,AWP,WE,Towers with Radar,216,44,6,0,266,0,4,11,11,26,216,48,17,11,292,12,0,12,304
09/24/2022,ONT,CA,AWP,WE,Towers with Radar,167,22,3,0,192,0,4,7,0,11,167,26,10,0,203,0,0,0,203
09/25/2022,ONT,CA,AWP,WE,Towers with Radar,166,5,5,0,176,0,2,5,0,7,166,7,10,0,183,6,0,6,189
09/26/2022,ONT,CA,AWP,WE,Towers with Radar,197,30,8,0,235,0,5,23,0,28,197,35,31,0,263,20,0,20,283
09/27/2022,ONT,CA,AWP,WE,Towers with Radar,269,39,10,0,318,0,6,21,1,28,269,45,31,1,346,54,0,54,400
09/28/2022,ONT,CA,AWP,WE,Towers with Radar,273,38,12,0,323,0,2,14,0,16,273,40,26,0,339,12,0,12,351
09/29/2022,ONT,CA,AWP,WE,Towers with Radar,274,41,12,0,327,0,4,19,3,26,274,45,31,3,353,34,0,34,387
09/30/2022,ONT,CA,AWP,WE,Towers with Radar,217,46,18,1,282,0,1,12,3,16,217,47,30,4,298,10,0,10,308
10/01/2022,ONT,CA,AWP,WE,Towers with Radar,169,29,5,0,203,0,0,16,0,16,169,29,21,0,219,24,0,24,243
10/02/2022,ONT,CA,AWP,WE,Towers with Radar,161,6,10,0,177,0,0,17,0,17,161,6,27,0,194,30,0,30,224
10/03/2022,ONT,CA,AWP,WE,Towers with Radar,205,28,5,0,238,0,2,19,0,21,205,30,24,0,259,36,0,36,295
10/04/2022,ONT,CA,AWP,WE,Towers with Radar,259,36,10,0,305,0,2,14,3,19,259,38,24,3,324,8,0,8,332
10/05/2022,ONT,CA,AWP,WE,Towers with Radar,262,42,4,1,309,0,3,10,0,13,262,45,14,1,322,2,0,2,324
10/06/2022,ONT,CA,AWP,WE,Towers with Radar,273,40,22,4,339,0,1,15,2,18,273,41,37,6,357,36,0,36,393
10/07/2022,ONT,CA,AWP,WE,Towers with Radar,216,46,11,0,273,0,2,13,2,17,216,48,24,2,290,30,0,30,320
10/08/2022,ONT,CA,AWP,WE,Towers with Radar,163,26,4,0,193,0,3,21,0,24,163,29,25,0,217,2,0,2,219
10/09/2022,ONT,CA,AWP,WE,Towers with Radar,170,8,3,0,181,0,0,5,0,5,170,8,8,0,186,8,0,8,194
10/10/2022,ONT,CA,AWP,WE,Towers with Radar,194,32,10,0,236,0,2,7,0,9,194,34,17,0,245,40,0,40,285
10/11/2022,ONT,CA,AWP,WE,Towers with Radar,257,48,8,0,313,0,1,8,0,9,257,49,16,0,322,0,0,0,322
10/12/2022,ONT,CA,AWP,WE,Towers with Radar,272,49,14,2,337,0,1,10,1,12,272,50,24,3,349,6,0,6,355
10/13/2022,ONT,CA,AWP,WE,Towers with Radar,269,44,20,2,335,0,5,7,0,12,269,49,27,2,347,22,0,22,369
10/14/2022,ONT,CA,AWP,WE,Towers with Radar,219,51,8,0,278,0,0,0,0,0,219,51,8,0,278,0,0,0,278
10/15/2022,ONT,CA,AWP,WE,Towers with Radar,162,31,4,0,197,0,0,0,0,0,162,31,4,0,197,0,0,0,197
10/16/2022,ONT,CA,AWP,WE,Towers with Radar,166,6,10,0,182,0,0,8,0,8,166,6,18,0,190,6,0,6,196
10/17/2022,ONT,CA,AWP,WE,Towers with Radar,190,25,5,0,220,0,2,20,9,31,190,27,25,9,251,46,0,46,297
10/18/2022,ONT,CA,AWP,WE,Towers with Radar,261,42,11,2,316,0,3,14,0,17,261,45,25,2,333,4,0,4,337
10/19/2022,ONT,CA,AWP,WE,Towers with Radar,267,42,11,0,320,0,6,11,0,17,267,48,22,0,337,14,0,14,351
10/20/2022,ONT,CA,AWP,WE,Towers with Radar,269,36,15,0,320,0,4,16,0,20,269,40,31,0,340,18,0,18,358
10/21/2022,ONT,CA,AWP,WE,Towers with Radar,211,45,13,0,269,0,7,25,0,32,211,52,38,0,301,24,0,24,325
10/22/2022,ONT,CA,AWP,WE,Towers with Radar,168,31,4,0,203,0,0,5,0,5,168,31,9,0,208,0,0,0,208
10/23/2022,ONT,CA,AWP,WE,Towers with Radar,168,5,8,1,182,0,2,16,0,18,168,7,24,1,200,36,0,36,236
10/24/2022,ONT,CA,AWP,WE,Towers with Radar,190,24,9,1,224,0,2,31,3,36,190,26,40,4,260,60,0,60,320
10/25/2022,ONT,CA,AWP,WE,Towers with Radar,261,41,16,0,318,0,3,17,0,20,261,44,33,0,338,0,0,0,338
10/26/2022,ONT,CA,AWP,WE,Towers with Radar,261,51,11,2,325,0,4,21,0,25,261,55,32,2,350,24,0,24,374
10/27/2022,ONT,CA,AWP,WE,Towers with Radar,259,42,12,2,315,0,1,16,0,17,259,43,28,2,332,2,0,2,334
10/28/2022,ONT,CA,AWP,WE,Towers with Radar,213,42,9,0,264,0,3,14,2,19,213,45,23,2,283,6,0,6,289
10/29/2022,ONT,CA,AWP,WE,Towers with Radar,162,19,8,0,189,0,5,11,0,16,162,24,19,0,205,14,0,14,219
10/30/2022,ONT,CA,AWP,WE,Towers with Radar,170,6,2,0,178,0,0,14,0,14,170,6,16,0,192,2,0,2,194
10/31/2022,ONT,CA,AWP,WE,Towers with Radar,187,27,2,0,216,0,3,28,3,34,187,30,30,3,250,34,0,34,284
11/01/2022,ONT,CA,AWP,WE,Towers with Radar,269,36,15,0,320,0,4,12,6,22,269,40,27,6,342,42,0,42,384
11/02/2022,ONT,CA,AWP,WE,Towers with Radar,267,43,9,0,319,0,1,7,4,12,267,44,16,4,331,36,0,36,367
11/03/2022,ONT,CA,AWP,WE,Towers with Radar,275,39,12,0,326,0,3,13,10,26,275,42,25,10,352,68,0,68,420
11/04/2022,ONT,CA,AWP,WE,Towers with Radar,217,36,9,0,262,0,4,19,3,26,217,40,28,3,288,22,0,22,310
11/05/2022,ONT,CA,AWP,WE,Towers with Radar,168,18,5,0,191,0,7,13,7,27,168,25,18,7,218,118,0,118,336
11/06/2022,ONT,CA,AWP,WE,Towers with Radar,176,12,4,0,192,0,2,15,2,19,176,14,19,2,211,8,0,8,219
11/07/2022,ONT,CA,AWP,WE,Towers with Radar,189,38,3,0,230,0,1,1,2,4,189,39,4,2,234,0,0,0,234
11/08/2022,ONT,CA,AWP,WE,Towers with Radar,282,35,6,0,323,0,0,3,2,5,282,35,9,2,328,0,0,0,328
11/09/2022,ONT,CA,AWP,WE,Towers with Radar,263,38,7,0,308,0,3,12,2,17,263,41,19,2,325,34,0,34,359
11/10/2022,ONT,CA,AWP,WE,Towers with Radar,270,36,16,0,322,0,6,25,10,41,270,42,41,10,363,144,0,144,507
11/11/2022,ONT,CA,AWP,WE,Towers with Radar,211,39,9,0,259,0,4,32,0,36,211,43,41,0,295,32,0,32,327
11/12/2022,ONT,CA,AWP,WE,Towers with Radar,165,26,2,0,193,0,3,24,8,35,165,29,26,8,228,46,0,46,274
11/13/2022,ONT,CA,AWP,WE,Towers with Radar,175,9,12,0,196,0,0,12,0,12,175,9,24,0,208,2,0,2,210
11/14/2022,ONT,CA,AWP,WE,Towers with Radar,194,28,9,0,231,0,4,20,2,26,194,32,29,2,257,24,0,24,281
11/15/2022,ONT,CA,AWP,WE,Towers with Radar,262,40,12,0,314,0,1,17,0,18,262,41,29,0,332,16,0,16,348
11/16/2022,ONT,CA,AWP,WE,Towers with Radar,277,40,3,0,320,0,1,4,0,5,277,41,7,0,325,0,0,0,325
11/17/2022,ONT,CA,AWP,WE,Towers with Radar,275,40,6,0,321,0,5,28,2,35,275,45,34,2,356,64,0,64,420
11/18/2022,ONT,CA,AWP,WE,Towers with Radar,225,44,12,0,281,0,6,38,2,46,225,50,50,2,327,34,0,34,361
11/19/2022,ONT,CA,AWP,WE,Towers with Radar,177,21,5,0,203,0,0,15,2,17,177,21,20,2,220,16,0,16,236
11/20/2022,ONT,CA,AWP,WE,Towers with Radar,184,6,4,0,194,0,1,13,0,14,184,7,17,0,208,22,0,22,230
11/21/2022,ONT,CA,AWP,WE,Towers with Radar,212,26,7,0,245,0,4,28,3,35,212,30,35,3,280,98,0,98,378
11/22/2022,ONT,CA,AWP,WE,Towers with Radar,306,37,12,0,355,0,4,23,0,27,306,41,35,0,382,14,0,14,396
11/23/2022,ONT,CA,AWP,WE,Towers with Radar,305,40,6,0,351,0,2,15,0,17,305,42,21,0,368,0,0,0,368
11/24/2022,ONT,CA,AWP,WE,Towers with Radar,129,5,3,0,137,0,0,2,0,2,129,5,5,0,139,0,0,0,139
11/25/2022,ONT,CA,AWP,WE,Towers with Radar,173,38,4,0,215,0,4,17,0,21,173,42,21,0,236,46,0,46,282
11/26/2022,ONT,CA,AWP,WE,Towers with Radar,176,22,11,0,209,0,5,17,1,23,176,27,28,1,232,12,0,12,244
11/27/2022,ONT,CA,AWP,WE,Towers with Radar,179,7,7,0,193,0,5,10,2,17,179,12,17,2,210,10,0,10,220
11/28/2022,ONT,CA,AWP,WE,Towers with Radar,220,34,11,0,265,0,2,10,11,23,220,36,21,11,288,40,0,40,328
11/29/2022,ONT,CA,AWP,WE,Towers with Radar,315,42,5,0,362,0,1,15,2,18,315,43,20,2,380,12,0,12,392
11/30/2022,ONT,CA,AWP,WE,Towers with Radar,295,40,4,0,339,0,3,16,2,21,295,43,20,2,360,20,0,20,380
12/01/2022,ONT,CA,AWP,WE,Towers with Radar,307,40,14,0,361,0,0,15,4,19,307,40,29,4,380,24,0,24,404
12/02/2022,ONT,CA,AWP,WE,Towers with Radar,227,44,6,2,279,0,0,11,2,13,227,44,17,4,292,18,0,18,310
12/03/2022,ONT,CA,AWP,WE,Towers with Radar,177,18,5,0,200,0,1,19,1,21,177,19,24,1,221,10,0,10,231
12/04/2022,ONT,CA,AWP,WE,Towers with Radar,193,8,7,0,208,0,0,5,1,6,193,8,12,1,214,0,0,0,214
12/05/2022,ONT,CA,AWP,WE,Towers with Radar,215,27,18,1,261,0,0,14,10,24,215,27,32,11,285,90,0,90,375
12/06/2022,ONT,CA,AWP,WE,Towers with Radar,300,43,9,0,352,0,0,22,5,27,300,43,31,5,379,26,0,26,405
12/07/2022,ONT,CA,AWP,WE,Towers with Radar,306,44,7,0,357,0,0,37,0,37,306,44,44,0,394,26,0,26,420
12/08/2022,ONT,CA,AWP,WE,Towers with Radar,299,39,10,0,348,0,0,27,4,31,299,39,37,4,379,14,0,14,393
12/09/2022,ONT,CA,AWP,WE,Towers with Radar,232,39,4,1,276,0,5,21,1,27,232,44,25,2,303,50,0,50,353
12/10/2022,ONT,CA,AWP,WE,Towers with Radar,176,15,11,0,202,0,0,8,4,12,176,15,19,4,214,36,0,36,250
12/11/2022,ONT,CA,AWP,WE,Towers with Radar,199,2,5,0,206,0,0,2,0,2,199,2,7,0,208,0,0,0,208
12/12/2022,ONT,CA,AWP,WE,Towers with Radar,224,39,0,0,263,0,0,0,0,0,224,39,0,0,263,0,0,0,263
12/13/2022,ONT,CA,AWP,WE,Towers with Radar,310,36,8,0,354,0,1,20,6,27,310,37,28,6,381,52,0,52,433
12/14/2022,ONT,CA,AWP,WE,Towers with Radar,312,44,4,0,360,0,1,15,3,19,312,45,19,3,379,10,0,10,389
12/15/2022,ONT,CA,AWP,WE,Towers with Radar,317,42,8,0,367,0,3,14,5,22,317,45,22,5,389,38,0,38,427
12/16/2022,ONT,CA,AWP,WE,Towers with Radar,323,37,8,0,368,0,2,20,2,24,323,39,28,2,392,16,0,16,408
12/17/2022,ONT,CA,AWP,WE,Towers with Radar,282,19,6,0,307,0,3,10,0,13,282,22,16,0,320,30,0,30,350
12/18/2022,ONT,CA,AWP,WE,Towers with Radar,239,2,13,0,254,0,0,18,0,18,239,2,31,0,272,17,0,17,289
12/19/2022,ONT,CA,AWP,WE,Towers with Radar,289,25,10,0,324,0,1,21,0,22,289,26,31,0,346,36,0,36,382
12/20/2022,ONT,CA,AWP,WE,Towers with Radar,326,46,4,0,376,0,0,29,0,29,326,46,33,0,405,24,0,24,429
12/21/2022,ONT,CA,AWP,WE,Towers with Radar,318,46,7,0,371,0,0,16,1,17,318,46,23,1,388,22,0,22,410
12/22/2022,ONT,CA,AWP,WE,Towers with Radar,309,40,9,0,358,0,2,7,0,9,309,42,16,0,367,10,0,10,377
12/23/2022,ONT,CA,AWP,WE,Towers with Radar,199,37,11,0,247,0,1,12,1,14,199,38,23,1,261,12,0,12,273
12/24/2022,ONT,CA,AWP,WE,Towers with Radar,124,16,1,0,141,0,3,10,1,14,124,19,11,1,155,2,0,2,157
12/25/2022,ONT,CA,AWP,WE,Towers with Radar,76,3,3,0,82,0,0,3,0,3,76,3,6,0,85,2,0,2,87
12/26/2022,ONT,CA,AWP,WE,Towers with Radar,105,12,3,0,120,0,0,7,1,8,105,12,10,1,128,0,0,0,128
12/27/2022,ONT,CA,AWP,WE,Towers with Radar,152,33,14,0,199,0,0,13,0,13,152,33,27,0,212,16,0,16,228
12/28/2022,ONT,CA,AWP,WE,Towers with Radar,257,55,5,0,317,0,0,2,0,2,257,55,7,0,319,0,0,0,319
12/29/2022,ONT,CA,AWP,WE,Towers with Radar,254,44,7,0,305,0,0,12,0,12,254,44,19,0,317,12,0,12,329
12/30/2022,ONT,CA,AWP,WE,Towers with Radar,221,41,8,0,270,0,0,1,0,1,221,41,9,0,271,0,0,0,271
12/31/2022,ONT,CA,AWP,WE,Towers with Radar,148,18,9,0,175,0,0,0,0,0,148,18,9,0,175,0,0,0,175
01/01/2023,ONT,CA,AWP,WE,Towers with Radar,150,3,6,0,159,0,0,2,0,2,150,3,8,0,161,0,0,0,161
01/02/2023,ONT,CA,AWP,WE,Towers with Radar,173,9,16,0,198,0,0,8,0,8,173,9,24,0,206,10,0,10,216
01/03/2023,ONT,CA,AWP,WE,Towers with Radar,210,26,2,0,238,0,0,4,0,4,210,26,6,0,242,0,0,0,242
01/04/2023,ONT,CA,AWP,WE,Towers with Radar,249,44,9,0,302,0,0,2,0,2,249,44,11,0,304,0,0,0,304
01/05/2023,ONT,CA,AWP,WE,Towers with Radar,263,41,5,0,309,0,0,0,0,0,263,41,5,0,309,0,0,0,309
01/06/2023,ONT,CA,AWP,WE,Towers with Radar,205,30,6,0,241,0,3,12,0,15,205,33,18,0,256,42,0,42,298
01/07/2023,ONT,CA,AWP,WE,Towers with Radar,160,15,10,0,185,0,5,9,0,14,160,20,19,0,199,34,0,34,233
01/08/2023,ONT,CA,AWP,WE,Towers with Radar,152,7,10,0,169,0,0,12,1,13,152,7,22,1,182,12,0,12,194
01/09/2023,ONT,CA,AWP,WE,Towers with Radar,210,24,8,0,242,0,0,1,0,1,210,24,9,0,243,0,0,0,243
01/10/2023,ONT,CA,AWP,WE,Towers with Radar,261,35,7,0,303,0,0,1,0,1,261,35,8,0,304,0,0,0,304
01/11/2023,ONT,CA,AWP,WE,Towers with Radar,236,41,10,0,287,0,1,24,0,25,236,42,34,0,312,10,0,10,322
01/12/2023,ONT,CA,AWP,WE,Towers with Radar,259,38,19,2,318,0,1,35,0,36,259,39,54,2,354,58,0,58,412
01/13/2023,ONT,CA,AWP,WE,Towers with Radar,200,35,11,0,246,0,3,11,2,16,200,38,22,2,262,5,0,5,267
01/14/2023,ONT,CA,AWP,WE,Towers with Radar,147,23,3,0,173,0,0,1,0,1,147,23,4,0,174,0,0,0,174
01/15/2023,ONT,CA,AWP,WE,Towers with Radar,146,1,1,0,148,0,0,0,0,0,146,1,1,0,148,0,0,0,148
01/16/2023,ONT,CA,AWP,WE,Towers with Radar,193,28,5,0,226,0,0,4,0,4,193,28,9,0,230,2,0,2,232
01/17/2023,ONT,CA,AWP,WE,Towers with Radar,250,40,9,0,299,0,0,24,5,29,250,40,33,5,328,40,0,40,368
01/18/2023,ONT,CA,AWP,WE,Towers with Radar,237,38,14,0,289,0,3,24,4,31,237,41,38,4,320,24,0,24,344
01/19/2023,ONT,CA,AWP,WE,Towers with Radar,252,33,7,0,292,0,2,18,6,26,252,35,25,6,318,18,0,18,336
01/20/2023,ONT,CA,AWP,WE,Towers with Radar,206,35,4,0,245,0,3,5,2,10,206,38,9,2,255,0,0,0,255
01/21/2023,ONT,CA,AWP,WE,Towers with Radar,152,14,4,0,170,0,4,18,3,25,152,18,22,3,195,18,0,18,213
01/22/2023,ONT,CA,AWP,WE,Towers with Radar,154,0,3,0,157,0,0,16,0,16,154,0,19,0,173,42,0,42,215
01/23/2023,ONT,CA,AWP,WE,Towers with Radar,185,23,2,0,210,0,0,6,0,6,185,23,8,0,216,15,0,15,231
01/24/2023,ONT,CA,AWP,WE,Towers with Radar,255,35,7,0,297,0,1,15,2,18,255,36,22,2,315,10,0,10,325
01/25/2023,ONT,CA,AWP,WE,Towers with Radar,248,36,3,0,287,0,1,12,0,13,248,37,15,0,300,2,0,2,302
01/26/2023,ONT,CA,AWP,WE,Towers with Radar,223,27,14,0,264,0,2,6,0,8,223,29,20,0,272,0,0,0,272
01/27/2023,ONT,CA,AWP,WE,Towers with Radar,203,40,5,0,248,0,1,29,1,31,203,41,34,1,279,10,0,10,289
01/28/2023,ONT,CA,AWP,WE,Towers with Radar,144,21,8,0,173,0,2,6,0,8,144,23,14,0,181,56,0,56,237
01/29/2023,ONT,CA,AWP,WE,Towers with Radar,151,3,0,0,154,0,0,3,0,3,151,3,3,0,157,0,0,0,157
01/30/2023,ONT,CA,AWP,WE,Towers with Radar,183,25,7,0,215,0,0,18,5,23,183,25,25,5,238,84,0,84,322
01/31/2023,ONT,CA,AWP,WE,Towers with Radar,227,32,13,0,272,0,1,11,0,12,227,33,24,0,284,0,0,0,284
02/01/2023,ONT,CA,AWP,WE,Towers with Radar,211,39,6,0,256,0,1,15,1,17,211,40,21,1,273,48,0,48,321
02/02/2023,ONT,CA,AWP,WE,Towers with Radar,237,32,4,0,273,0,2,27,6,35,237,34,31,6,308,138,0,138,446
02/03/2023,ONT,CA,AWP,WE,Towers with Radar,196,36,8,0,240,0,3,27,4,34,196,39,35,4,274,32,0,32,306
02/04/2023,ONT,CA,AWP,WE,Towers with Radar,141,16,6,0,163,0,4,25,6,35,141,20,31,6,198,114,0,114,312
02/05/2023,ONT,CA,AWP,WE,Towers with Radar,152,5,6,0,163,0,0,9,2,11,152,5,15,2,174,42,0,42,216
02/06/2023,ONT,CA,AWP,WE,Towers with Radar,192,25,9,0,226,0,1,12,0,13,192,26,21,0,239,26,0,26,265
02/07/2023,ONT,CA,AWP,WE,Towers with Radar,245,33,15,0,293,0,1,24,1,26,245,34,39,1,319,76,0,76,395
02/08/2023,ONT,CA,AWP,WE,Towers with Radar,241,35,22,0,298,0,1,28,4,33,241,36,50,4,331,36,0,36,367
02/09/2023,ONT,CA,AWP,WE,Towers with Radar,249,36,5,0,290,0,1,15,0,16,249,37,20,0,306,20,0,20,326
02/10/2023,ONT,CA,AWP,WE,Towers with Radar,192,44,7,0,243,0,2,20,0,22,192,46,27,0,265,4,0,4,269
02/11/2023,ONT,CA,AWP,WE,Towers with Radar,139,20,4,0,163,0,1,14,1,16,139,21,18,1,179,28,0,28,207
02/12/2023,ONT,CA,AWP,WE,Towers with Radar,149,10,5,0,164,0,2,5,0,7,149,12,10,0,171,0,0,0,171
02/13/2023,ONT,CA,AWP,WE,Towers with Radar,177,35,10,0,222,0,1,5,5,11,177,36,15,5,233,12,0,12,245
02/14/2023,ONT,CA,AWP,WE,Towers with Radar,259,40,14,2,315,0,0,8,0,8,259,40,22,2,323,0,0,0,323
02/15/2023,ONT,CA,AWP,WE,Towers with Radar,243,38,6,0,287,0,4,15,2,21,243,42,21,2,308,22,0,22,330
02/16/2023,ONT,CA,AWP,WE,Towers with Radar,251,39,9,2,301,1,3,17,7,28,252,42,26,9,329,46,0,46,375
02/17/2023,ONT,CA,AWP,WE,Towers with Radar,202,42,11,0,255,0,2,17,3,22,202,44,28,3,277,28,0,28,305
02/18/2023,ONT,CA,AWP,WE,Towers with Radar,141,22,8,0,171,0,3,19,2,24,141,25,27,2,195,26,0,26,221
02/19/2023,ONT,CA,AWP,WE,Towers with Radar,150,8,7,0,165,0,2,17,0,19,150,10,24,0,184,8,0,8,192
02/20/2023,ONT,CA,AWP,WE,Towers with Radar,185,29,12,0,226,0,0,23,0,23,185,29,35,0,249,32,0,32,281
02/21/2023,ONT,CA,AWP,WE,Towers with Radar,241,35,10,1,287,0,1,23,2,26,241,36,33,3,313,26,0,26,339
02/22/2023,ONT,CA,AWP,WE,Towers with Radar,234,40,16,4,294,0,1,5,0,6,234,41,21,4,300,0,0,0,300
02/23/2023,ONT,CA,AWP,WE,Towers with Radar,239,34,15,4,292,0,0,1,0,1,239,34,16,4,293,0,0,0,293
02/24/2023,ONT,CA,AWP,WE,Towers with Radar,216,53,19,0,288,0,0,0,0,0,216,53,19,0,288,0,0,0,288
02/25/2023,ONT,CA,AWP,WE,Towers with Radar,174,27,6,0,207,0,0,0,1,1,174,27,6,1,208,0,0,0,208
02/26/2023,ONT,CA,AWP,WE,Towers with Radar,155,21,23,1,200,0,0,1,2,3,155,21,24,3,203,8,0,8,211
02/27/2023,ONT,CA,AWP,WE,Towers with Radar,183,29,10,1,223,0,0,2,0,2,183,29,12,1,225,0,0,0,225
02/28/2023,ONT,CA,AWP,WE,Towers with Radar,235,43,12,0,290,0,0,12,2,14,235,43,24,2,304,22,0,22,326
03/01/2023,ONT,CA,AWP,WE,Towers with Radar,253,40,11,0,304,0,1,4,2,7,253,41,15,2,311,12,0,12,323
03/02/2023,ONT,CA,AWP,WE,Towers with Radar,250,39,12,0,301,0,4,16,4,24,250,43,28,4,325,22,0,22,347
03/03/2023,ONT,CA,AWP,WE,Towers with Radar,199,42,23,0,264,0,2,20,6,28,199,44,43,6,292,32,0,32,324
03/04/2023,ONT,CA,AWP,WE,Towers with Radar,148,27,7,0,182,0,0,11,5,16,148,27,18,5,198,82,0,82,280
03/05/2023,ONT,CA,AWP,WE,Towers with Radar,151,6,11,0,168,0,0,3,0,3,151,6,14,0,171,0,0,0,171
03/06/2023,ONT,CA,AWP,WE,Towers with Radar,180,30,5,0,215,0,0,9,0,9,180,30,14,0,224,4,0,4,228
03/07/2023,ONT,CA,AWP,WE,Towers with Radar,239,42,2,0,283,0,1,34,4,39,239,43,36,4,322,16,0,16,338
03/08/2023,ONT,CA,AWP,WE,Towers with Radar,241,35,6,0,282,0,1,34,7,42,241,36,40,7,324,114,0,114,438
03/09/2023,ONT,CA,AWP,WE,Towers with Radar,254,36,6,1,297,0,1,21,11,33,254,37,27,12,330,22,0,22,352
03/10/2023,ONT,CA,AWP,WE,Towers with Radar,206,40,5,0,251,0,0,1,0,1,206,40,6,0,252,0,0,0,252
03/11/2023,ONT,CA,AWP,WE,Towers with Radar,152,20,2,0,174,0,0,0,0,0,152,20,2,0,174,0,0,0,174
03/12/2023,ONT,CA,AWP,WE,Towers with Radar,142,4,5,0,151,0,0,8,0,8,142,4,13,0,159,6,0,6,165
03/13/2023,ONT,CA,AWP,WE,Towers with Radar,189,23,3,0,215,0,3,14,4,21,189,26,17,4,236,52,0,52,288
03/14/2023,ONT,CA,AWP,WE,Towers with Radar,256,64,11,0,331,0,0,2,0,2,256,64,13,0,333,0,0,0,333
03/15/2023,ONT,CA,AWP,WE,Towers with Radar,252,52,15,0,319,0,0,0,0,0,252,52,15,0,319,0,0,0,319
03/16/2023,ONT,CA,AWP,WE,Towers with Radar,251,40,10,0,301,0,0,9,2,11,251,40,19,2,312,20,0,20,332
03/17/2023,ONT,CA,AWP,WE,Towers with Radar,208,44,4,0,256,0,0,10,9,19,208,44,14,9,275,58,0,58,333
03/18/2023,ONT,CA,AWP,WE,Towers with Radar,148,21,7,0,176,0,5,12,0,17,148,26,19,0,193,6,0,6,199
03/19/2023,ONT,CA,AWP,WE,Towers with Radar,156,4,2,0,162,0,0,6,0,6,156,4,8,0,168,14,0,14,182
03/20/2023,ONT,CA,AWP,WE,Towers with Radar,185,23,5,1,214,0,0,5,0,5,185,23,10,1,219,0,0,0,219
03/21/2023,ONT,CA,AWP,WE,Towers with Radar,256,41,13,0,310,0,0,2,0,2,256,41,15,0,312,0,0,0,312
03/22/2023,ONT,CA,AWP,WE,Towers with Radar,250,40,6,0,296,0,0,1,0,1,250,40,7,0,297,0,0,0,297
03/23/2023,ONT,CA,AWP,WE,Towers with Radar,245,38,11,1,295,0,0,11,9,20,245,38,22,10,315,30,0,30,345
03/24/2023,ONT,CA,AWP,WE,Towers with Radar,206,43,12,0,261,0,4,20,2,26,206,47,32,2,287,26,0,26,313
03/25/2023,ONT,CA,AWP,WE,Towers with Radar,148,25,2,0,175,0,1,25,3,29,148,26,27,3,204,50,0,50,254
03/26/2023,ONT,CA,AWP,WE,Towers with Radar,152,12,9,0,173,0,2,12,1,15,152,14,21,1,188,28,0,28,216
03/27/2023,ONT,CA,AWP,WE,Towers with Radar,182,27,7,0,216,0,2,23,1,26,182,29,30,1,242,28,0,28,270
03/28/2023,ONT,CA,AWP,WE,Towers with Radar,244,41,13,0,298,0,3,19,2,24,244,44,32,2,322,8,0,8,330
03/29/2023,ONT,CA,AWP,WE,Towers with Radar,254,44,9,0,307,0,0,7,1,8,254,44,16,1,315,10,0,10,325
03/30/2023,ONT,CA,AWP,WE,Towers with Radar,252,41,6,0,299,0,0,10,0,10,252,41,16,0,309,0,0,0,309
03/31/2023,ONT,CA,AWP,WE,Towers with Radar,207,41,5,0,253,0,2,16,2,20,207,43,21,2,273,42,0,42,315
04/01/2023,ONT,CA,AWP,WE,Towers with Radar,143,22,5,0,170,0,2,8,0,10,143,24,13,0,180,4,0,4,184
04/02/2023,ONT,CA,AWP,WE,Towers with Radar,141,7,4,0,152,0,2,10,0,12,141,9,14,0,164,4,0,4,168
04/03/2023,ONT,CA,AWP,WE,Towers with Radar,194,31,14,0,239,0,1,6,0,7,194,32,20,0,246,0,0,0,246
04/04/2023,ONT,CA,AWP,WE,Towers with Radar,257,46,6,0,309,0,6,22,10,38,257,52,28,10,347,56,0,56,403
04/05/2023,ONT,CA,AWP,WE,Towers with Radar,250,41,13,0,304,0,2,14,0,16,250,43,27,0,320,8,0,8,328
04/06/2023,ONT,CA,AWP,WE,Towers with Radar,261,45,7,0,313,0,0,5,0,5,261,45,12,0,318,0,0,0,318
04/07/2023,ONT,CA,AWP,WE,Towers with Radar,208,37,1,0,246,0,2,21,1,24,208,39,22,1,270,8,0,8,278
04/08/2023,ONT,CA,AWP,WE,Towers with Radar,157,23,3,0,183,0,2,18,0,20,157,25,21,0,203,33,0,33,236
04/09/2023,ONT,CA,AWP,WE,Towers with Radar,158,6,3,0,167,0,0,4,0,4,158,6,7,0,171,6,0,6,177
04/10/2023,ONT,CA,AWP,WE,Towers with Radar,207,33,8,0,248,0,2,15,0,17,207,35,23,0,265,28,0,28,293
04/11/2023,ONT,CA,AWP,WE,Towers with Radar,257,39,6,0,302,0,1,14,0,15,257,40,20,0,317,2,0,2,319
04/12/2023,ONT,CA,AWP,WE,Towers with Radar,254,40,11,0,305,0,0,4,0,4,254,40,15,0,309,0,0,0,309
04/13/2023,ONT,CA,AWP,WE,Towers with Radar,252,44,19,0,315,0,0,3,0,3,252,44,22,0,318,0,0,0,318
04/14/2023,ONT,CA,AWP,WE,Towers with Radar,204,39,13,2,258,0,0,18,0,18,204,39,31,2,276,34,0,34,310
04/15/2023,ONT,CA,AWP,WE,Towers with Radar,161,19,6,0,186,0,1,27,0,28,161,20,33,0,214,20,0,20,234
04/16/2023,ONT,CA,AWP,WE,Towers with Radar,156,9,4,0,169,0,0,10,0,10,156,9,14,0,179,6,0,6,185
04/17/2023,ONT,CA,AWP,WE,Towers with Radar,188,31,11,0,230,0,2,4,2,8,188,33,15,2,238,6,0,6,244
04/18/2023,ONT,CA,AWP,WE,Towers with Radar,259,43,18,0,320,0,0,11,0,11,259,43,29,0,331,6,0,6,337
04/19/2023,ONT,CA,AWP,WE,Towers with Radar,250,45,8,0,303,0,3,25,2,30,250,48,33,2,333,18,0,18,351
04/20/2023,ONT,CA,AWP,WE,Towers with Radar,249,47,7,2,305,0,1,32,0,33,249,48,39,2,338,8,0,8,346
04/21/2023,ONT,CA,AWP,WE,Towers with Radar,215,56,8,2,281,0,4,17,1,22,215,60,25,3,303,8,0,8,311
04/22/2023,ONT,CA,AWP,WE,Towers with Radar,164,20,7,0,191,0,1,21,3,25,164,21,28,3,216,18,0,18,234
04/23/2023,ONT,CA,AWP,WE,Towers with Radar,149,11,10,1,171,0,0,10,0,10,149,11,20,1,181,0,0,0,181
04/24/2023,ONT,CA,AWP,WE,Towers with Radar,201,29,4,0,234,0,3,15,2,20,201,32,19,2,254,40,0,40,294
04/25/2023,ONT,CA,AWP,WE,Towers with Radar,242,46,13,0,301,0,0,13,0,13,242,46,26,0,314,0,0,0,314
04/26/2023,ONT,CA,AWP,WE,Towers with Radar,250,44,15,0,309,0,1,16,0,17,250,45,31,0,326,8,0,8,334
04/27/2023,ONT,CA,AWP,WE,Towers with Radar,257,49,13,0,319,0,1,35,0,36,257,50,48,0,355,18,0,18,373
04/28/2023,ONT,CA,AWP,WE,Towers with Radar,211,44,8,2,265,0,2,18,1,21,211,46,26,3,286,8,0,8,294
04/29/2023,ONT,CA,AWP,WE,Towers with Radar,169,24,6,0,199,0,0,12,2,14,169,24,18,2,213,8,0,8,221
04/30/2023,ONT,CA,AWP,WE,Towers with Radar,152,13,6,2,173,0,0,8,0,8,152,13,14,2,181,2,0,2,183
05/01/2023,ONT,CA,AWP,WE,Towers with Radar,191,25,8,0,224,0,0,12,0,12,191,25,20,0,236,32,0,32,268
05/02/2023,ONT,CA,AWP,WE,Towers with Radar,254,41,9,1,305,0,0,15,3,18,254,41,24,4,323,6,0,6,329
05/03/2023,ONT,CA,AWP,WE,Towers with Radar,250,45,14,2,311,0,1,16,7,24,250,46,30,9,335,28,0,28,363
05/04/2023,ONT,CA,AWP,WE,Towers with Radar,248,40,6,1,295,0,0,3,0,3,248,40,9,1,298,0,0,0,298
05/05/2023,ONT,CA,AWP,WE,Towers with Radar,205,42,5,0,252,0,0,14,0,14,205,42,19,0,266,22,0,22,288
05/06/2023,ONT,CA,AWP,WE,Towers with Radar,158,24,5,0,187,0,4,10,1,15,158,28,15,1,202,8,0,8,210
05/07/2023,ONT,CA,AWP,WE,Towers with Radar,146,7,3,0,156,0,0,7,0,7,146,7,10,0,163,0,0,0,163
05/08/2023,ONT,CA,AWP,WE,Towers with Radar,198,23,6,0,227,0,2,28,0,30,198,25,34,0,257,60,0,60,317
05/09/2023,ONT,CA,AWP,WE,Towers with Radar,256,41,15,0,312,0,0,15,0,15,256,41,30,0,327,14,0,14,341
05/10/2023,ONT,CA,AWP,WE,Towers with Radar,251,45,7,0,303,0,0,4,7,11,251,45,11,7,314,22,0,22,336
05/11/2023,ONT,CA,AWP,WE,Towers with Radar,260,37,11,2,310,0,0,15,0,15,260,37,26,2,325,22,0,22,347
05/12/2023,ONT,CA,AWP,WE,Towers with Radar,207,47,12,0,266,0,3,20,0,23,207,50,32,0,289,36,0,36,325
05/13/2023,ONT,CA,AWP,WE,Towers with Radar,182,23,5,0,210,0,6,13,1,20,182,29,18,1,230,16,0,16,246
05/14/2023,ONT,CA,AWP,WE,Towers with Radar,153,12,7,0,172,0,2,11,0,13,153,14,18,0,185,0,0,0,185
05/15/2023,ONT,CA,AWP,WE,Towers with Radar,190,27,3,0,220,0,3,25,1,29,190,30,28,1,249,40,0,40,289
05/16/2023,ONT,CA,AWP,WE,Towers with Radar,261,37,3,0,301,0,3,20,2,25,261,40,23,2,326,26,0,26,352
05/17/2023,ONT,CA,AWP,WE,Towers with Radar,257,43,8,0,308,0,3,26,2,31,257,46,34,2,339,72,0,72,411
05/18/2023,ONT,CA,AWP,WE,Towers with Radar,272,44,12,1,329,0,5,26,2,33,272,49,38,3,362,54,0,54,416
05/19/2023,ONT,CA,AWP,WE,Towers with Radar,207,39,11,0,257,0,4,14,4,22,207,43,25,4,279,42,0,42,321
05/20/2023,ONT,CA,AWP,WE,Towers with Radar,169,20,6,0,195,0,2,6,0,8,169,22,12,0,203,8,0,8,211
05/21/2023,ONT,CA,AWP,WE,Towers with Radar,153,0,12,0,165,0,2,7,0,9,153,2,19,0,174,28,0,28,202
05/22/2023,ONT,CA,AWP,WE,Towers with Radar,193,28,16,0,237,0,1,15,0,16,193,29,31,0,253,30,0,30,283
05/23/2023,ONT,CA,AWP,WE,Towers with Radar,257,41,13,0,311,0,0,2,0,2,257,41,15,0,313,0,0,0,313
05/24/2023,ONT,CA,AWP,WE,Towers with Radar,257,38,21,0,316,0,1,4,0,5,257,39,25,0,321,0,0,0,321
05/25/2023,ONT,CA,AWP,WE,Towers with Radar,256,45,10,0,311,0,2,18,7,27,256,47,28,7,338,30,0,30,368
05/26/2023,ONT,CA,AWP,WE,Towers with Radar,214,40,7,0,261,0,2,7,2,11,214,42,14,2,272,46,0,46,318
05/27/2023,ONT,CA,AWP,WE,Towers with Radar,161,18,4,0,183,0,3,7,0,10,161,21,11,0,193,0,0,0,193
05/28/2023,ONT,CA,AWP,WE,Towers with Radar,140,3,3,0,146,0,0,3,0,3,140,3,6,0,149,0,0,0,149
05/29/2023,ONT,CA,AWP,WE,Towers with Radar,164,12,8,0,184,0,0,9,0,9,164,12,17,0,193,0,0,0,193
05/30/2023,ONT,CA,AWP,WE,Towers with Radar,195,31,15,0,241,0,2,12,0,14,195,33,27,0,255,8,0,8,263
05/31/2023,ONT,CA,AWP,WE,Towers with Radar,255,43,11,0,309,0,0,9,0,9,255,43,20,0,318,0,0,0,318
06/01/2023,ONT,CA,AWP,WE,Towers with Radar,262,42,14,0,318,0,2,4,0,6,262,44,18,0,324,18,0,18,342
06/02/2023,ONT,CA,AWP,WE,Towers with Radar,211,34,10,0,255,0,1,8,3,12,211,35,18,3,267,40,0,40,307
06/03/2023,ONT,CA,AWP,WE,Towers with Radar,171,16,5,0,192,0,6,11,0,17,171,22,16,0,209,14,0,14,223
06/04/2023,ONT,CA,AWP,WE,Towers with Radar,173,5,2,0,180,0,2,12,0,14,173,7,14,0,194,0,0,0,194
06/05/2023,ONT,CA,AWP,WE,Towers with Radar,188,30,12,3,233,0,0,11,0,11,188,30,23,3,244,14,0,14,258
06/06/2023,ONT,CA,AWP,WE,Towers with Radar,249,44,9,4,306,0,1,20,0,21,249,45,29,4,327,10,0,10,337
06/07/2023,ONT,CA,AWP,WE,Towers with Radar,255,48,17,3,323,0,1,17,5,23,255,49,34,8,346,16,0,16,362
06/08/2023,ONT,CA,AWP,WE,Towers with Radar,254,44,9,0,307,0,1,16,0,17,254,45,25,0,324,34,0,34,358
06/09/2023,ONT,CA,AWP,WE,Towers with Radar,214,37,17,0,268,0,2,13,0,15,214,39,30,0,283,16,0,16,299
06/10/2023,ONT,CA,AWP,WE,Towers with Radar,165,19,6,0,190,0,0,2,1,3,165,19,8,1,193,0,0,0,193
06/11/2023,ONT,CA,AWP,WE,Towers with Radar,155,5,11,0,171,0,0,2,0,2,155,5,13,0,173,6,0,6,179
06/12/2023,ONT,CA,AWP,WE,Towers with Radar,187,32,3,0,222,0,2,8,0,10,187,34,11,0,232,4,0,4,236
06/13/2023,ONT,CA,AWP,WE,Towers with Radar,251,44,18,0,313,0,0,11,0,11,251,44,29,0,324,20,0,20,344
06/14/2023,ONT,CA,AWP,WE,Towers with Radar,254,40,8,2,304,0,2,6,0,8,254,42,14,2,312,0,0,0,312
06/15/2023,ONT,CA,AWP,WE,Towers with Radar,255,41,20,0,316,0,1,10,0,11,255,42,30,0,327,18,0,18,345
06/16/2023,ONT,CA,AWP,WE,Towers with Radar,213,42,9,2,266,0,1,17,0,18,213,43,26,2,284,26,0,26,310
06/17/2023,ONT,CA,AWP,WE,Towers with Radar,163,18,3,0,184,0,2,14,0,16,163,20,17,0,200,8,0,8,208
06/18/2023,ONT,CA,AWP,WE,Towers with Radar,152,6,5,0,163,0,0,8,0,8,152,6,13,0,171,10,0,10,181
06/19/2023,ONT,CA,AWP,WE,Towers with Radar,191,28,7,2,228,0,2,17,0,19,191,30,24,2,247,8,0,8,255
06/20/2023,ONT,CA,AWP,WE,Towers with Radar,244,38,13,2,297,0,2,21,0,23,244,40,34,2,320,50,0,50,370
06/21/2023,ONT,CA,AWP,WE,Towers with Radar,261,40,11,0,312,0,2,44,2,48,261,42,55,2,360,65,0,65,425
06/22/2023,ONT,CA,AWP,WE,Towers with Radar,255,42,2,0,299,0,5,23,0,28,255,47,25,0,327,20,0,20,347
06/23/2023,ONT,CA,AWP,WE,Towers with Radar,215,45,3,0,263,0,3,19,1,23,215,48,22,1,286,18,0,18,304
06/24/2023,ONT,CA,AWP,WE,Towers with Radar,163,19,5,0,187,0,2,8,4,14,163,21,13,4,201,8,0,8,209
06/25/2023,ONT,CA,AWP,WE,Towers with Radar,148,8,6,0,162,0,0,12,0,12,148,8,18,0,174,20,0,20,194
06/26/2023,ONT,CA,AWP,WE,Towers with Radar,197,27,8,0,232,0,1,13,2,16,197,28,21,2,248,16,0,16,264
06/27/2023,ONT,CA,AWP,WE,Towers with Radar,252,38,8,0,298,0,4,52,2,58,252,42,60,2,356,10,0,10,366
06/28/2023,ONT,CA,AWP,WE,Towers with Radar,265,42,21,0,328,0,1,15,0,16,265,43,36,0,344,4,0,4,348
06/29/2023,ONT,CA,AWP,WE,Towers with Radar,259,38,16,4,317,0,3,22,0,25,259,41,38,4,342,2,0,2,344
06/30/2023,ONT,CA,AWP,WE,Towers with Radar,219,31,7,0,257,0,5,16,0,21,219,36,23,0,278,20,0,20,298
07/01/2023,ONT,CA,AWP,WE,Towers with Radar,173,19,5,0,197,0,7,11,0,18,173,26,16,0,215,8,0,8,223
07/02/2023,ONT,CA,AWP,WE,Towers with Radar,157,5,4,0,166,0,0,9,0,9,157,5,13,0,175,22,0,22,197
07/03/2023,ONT,CA,AWP,WE,Towers with Radar,184,27,4,0,215,0,2,13,0,15,184,29,17,0,230,8,0,8,238
07/04/2023,ONT,CA,AWP,WE,Towers with Radar,159,4,5,0,168,0,0,11,0,11,159,4,16,0,179,0,0,0,179
07/05/2023,ONT,CA,AWP,WE,Towers with Radar,232,40,6,1,279,0,1,25,1,27,232,41,31,2,306,6,0,6,312
07/06/2023,ONT,CA,AWP,WE,Towers with Radar,267,41,2,2,312,0,2,17,1,20,267,43,19,3,332,18,0,18,350
07/07/2023,ONT,CA,AWP,WE,Towers with Radar,234,35,6,0,275,0,3,16,1,20,234,38,22,1,295,2,0,2,297
07/08/2023,ONT,CA,AWP,WE,Towers with Radar,169,19,5,2,195,0,0,9,1,10,169,19,14,3,205,24,0,24,229
07/09/2023,ONT,CA,AWP,WE,Towers with Radar,153,1,9,0,163,0,0,10,0,10,153,1,19,0,173,24,0,24,197
07/10/2023,ONT,CA,AWP,WE,Towers with Radar,197,26,7,0,230,0,2,21,0,23,197,28,28,0,253,24,0,24,277
07/11/2023,ONT,CA,AWP,WE,Towers with Radar,273,36,4,0,313,0,4,25,0,29,273,40,29,0,342,12,0,12,354
07/12/2023,ONT,CA,AWP,WE,Towers with Radar,265,39,11,0,315,0,3,18,2,23,265,42,29,2,338,16,0,16,354
07/13/2023,ONT,CA,AWP,WE,Towers with Radar,264,46,8,0,318,0,2,12,0,14,264,48,20,0,332,2,0,2,334
07/14/2023,ONT,CA,AWP,WE,Towers with Radar,234,36,6,0,276,0,5,16,8,29,234,41,22,8,305,28,0,28,333
07/15/2023,ONT,CA,AWP,WE,Towers with Radar,172,18,5,0,195,0,3,13,0,16,172,21,18,0,211,52,0,52,263
07/16/2023,ONT,CA,AWP,WE,Towers with Radar,158,3,9,0,170,0,0,13,0,13,158,3,22,0,183,2,0,2,185
07/17/2023,ONT,CA,AWP,WE,Towers with Radar,194,26,3,1,224,0,1,11,0,12,194,27,14,1,236,10,0,10,246
07/18/2023,ONT,CA,AWP,WE,Towers with Radar,255,46,6,1,308,0,1,15,2,18,255,47,21,3,326,26,0,26,352
07/19/2023,ONT,CA,AWP,WE,Towers with Radar,252,35,6,1,294,0,2,23,0,25,252,37,29,1,319,0,0,0,319
07/20/2023,ONT,CA,AWP,WE,Towers with Radar,254,52,17,0,323,0,4,13,2,19,254,56,30,2,342,22,0,22,364
07/21/2023,ONT,CA,AWP,WE,Towers with Radar,222,37,11,1,271,0,5,10,1,16,222,42,21,2,287,12,0,12,299
07/22/2023,ONT,CA,AWP,WE,Towers with Radar,168,19,6,0,193,0,4,10,0,14,168,23,16,0,207,30,0,30,237
07/23/2023,ONT,CA,AWP,WE,Towers with Radar,158,4,6,2,170,0,0,8,0,8,158,4,14,2,178,14,0,14,192
07/24/2023,ONT,CA,AWP,WE,Towers with Radar,196,36,5,0,237,0,1,15,3,19,196,37,20,3,256,26,0,26,282
07/25/2023,ONT,CA,AWP,WE,Towers with Radar,253,46,3,0,302,0,3,16,2,21,253,49,19,2,323,38,0,38,361
07/26/2023,ONT,CA,AWP,WE,Towers with Radar,240,42,8,0,290,0,2,17,2,21,240,44,25,2,311,0,0,0,311
07/27/2023,ONT,CA,AWP,WE,Towers with Radar,258,43,7,0,308,0,4,17,1,22,258,47,24,1,330,8,0,8,338
07/28/2023,ONT,CA,AWP,WE,Towers with Radar,224,34,3,0,261,0,4,29,1,34,224,38,32,1,295,41,0,41,336
07/29/2023,ONT,CA,AWP,WE,Towers with Radar,170,19,5,0,194,0,2,12,0,14,170,21,17,0,208,14,0,14,222
07/30/2023,ONT,CA,AWP,WE,Towers with Radar,154,6,4,0,164,0,0,12,0,12,154,6,16,0,176,24,0,24,200
07/31/2023,ONT,CA,AWP,WE,Towers with Radar,195,27,3,0,225,0,2,9,0,11,195,29,12,0,236,10,0,10,246
08/01/2023,ONT,CA,AWP,WE,Towers with Radar,251,36,6,0,293,0,2,18,0,20,251,38,24,0,313,20,0,20,333
08/02/2023,ONT,CA,AWP,WE,Towers with Radar,248,40,6,0,294,0,2,25,0,27,248,42,31,0,321,6,0,6,327
08/03/2023,ONT,CA,AWP,WE,Towers with Radar,251,39,7,0,297,0,2,23,0,25,251,41,30,0,322,16,0,16,338
08/04/2023,ONT,CA,AWP,WE,Towers with Radar,222,34,3,2,261,0,3,13,0,16,222,37,16,2,277,26,0,26,303
08/05/2023,ONT,CA,AWP,WE,Towers with Radar,169,21,4,0,194,0,2,15,0,17,169,23,19,0,211,30,0,30,241
08/06/2023,ONT,CA,AWP,WE,Towers with Radar,154,3,7,0,164,0,0,12,1,13,154,3,19,1,177,30,0,30,207
08/07/2023,ONT,CA,AWP,WE,Towers with Radar,189,30,3,0,222,0,2,21,0,23,189,32,24,0,245,22,0,22,267
08/08/2023,ONT,CA,AWP,WE,Towers with Radar,249,42,2,0,293,0,2,19,1,22,249,44,21,1,315,0,0,0,315
08/09/2023,ONT,CA,AWP,WE,Towers with Radar,251,44,11,0,306,0,2,37,2,41,251,46,48,2,347,48,0,48,395
08/10/2023,ONT,CA,AWP,WE,Towers with Radar,255,43,10,0,308,0,0,2,0,2,255,43,12,0,310,0,0,0,310
08/11/2023,ONT,CA,AWP,WE,Towers with Radar,227,43,10,0,280,0,1,16,0,17,227,44,26,0,297,10,0,10,307
08/12/2023,ONT,CA,AWP,WE,Towers with Radar,164,16,3,0,183,0,3,17,0,20,164,19,20,0,203,24,0,24,227
08/13/2023,ONT,CA,AWP,WE,Towers with Radar,160,11,4,1,176,0,0,11,0,11,160,11,15,1,187,18,0,18,205
08/14/2023,ONT,CA,AWP,WE,Towers with Radar,195,35,6,1,237,0,0,33,3,36,195,35,39,4,273,30,0,30,303
08/15/2023,ONT,CA,AWP,WE,Towers with Radar,255,43,3,0,301,0,2,32,0,34,255,45,35,0,335,0,0,0,335
08/16/2023,ONT,CA,AWP,WE,Towers with Radar,256,41,6,0,303,0,3,19,0,22,256,44,25,0,325,4,0,4,329
08/17/2023,ONT,CA,AWP,WE,Towers with Radar,258,45,13,0,316,0,3,29,2,34,258,48,42,2,350,6,0,6,356
08/18/2023,ONT,CA,AWP,WE,Towers with Radar,224,40,14,0,278,0,6,17,3,26,224,46,31,3,304,8,0,8,312
08/19/2023,ONT,CA,AWP,WE,Towers with Radar,171,14,10,0,195,0,3,5,2,10,171,17,15,2,205,2,0,2,207
08/20/2023,ONT,CA,AWP,WE,Towers with Radar,127,9,4,0,140,0,0,0,0,0,127,9,4,0,140,0,0,0,140
08/21/2023,ONT,CA,AWP,WE,Towers with Radar,161,31,6,0,198,0,0,14,3,17,161,31,20,3,215,2,0,2,217
08/22/2023,ONT,CA,AWP,WE,Towers with Radar,252,52,13,0,317,0,2,35,0,37,252,54,48,0,354,24,0,24,378
08/23/2023,ONT,CA,AWP,WE,Towers with Radar,257,40,12,0,309,0,2,24,0,26,257,42,36,0,335,10,0,10,345
08/24/2023,ONT,CA,AWP,WE,Towers with Radar,253,45,14,0,312,0,4,18,1,23,253,49,32,1,335,6,0,6,341
08/25/2023,ONT,CA,AWP,WE,Towers with Radar,223,37,13,0,273,0,6,26,1,33,223,43,39,1,306,6,0,6,312
08/26/2023,ONT,CA,AWP,WE,Towers with Radar,173,18,2,0,193,0,9,21,0,30,173,27,23,0,223,54,0,54,277
08/27/2023,ONT,CA,AWP,WE,Towers with Radar,181,9,5,0,195,0,0,11,0,11,181,9,16,0,206,8,0,8,214
08/28/2023,ONT,CA,AWP,WE,Towers with Radar,204,29,5,2,240,0,2,18,2,22,204,31,23,4,262,6,0,6,268
08/29/2023,ONT,CA,AWP,WE,Towers with Radar,258,42,13,2,315,0,3,26,3,32,258,45,39,5,347,22,0,22,369
08/30/2023,ONT,CA,AWP,WE,Towers with Radar,276,42,10,2,330,0,3,19,0,22,276,45,29,2,352,18,0,18,370
08/31/2023,ONT,CA,AWP,WE,Towers with Radar,268,40,5,0,313,0,5,15,1,21,268,45,20,1,334,2,0,2,336
01/01/2020,ONT,CA,AWP,WE,Towers with Radar,133,11,6,0,150,0,0,10,0,10,133,11,16,0,160,25,0,25,185
01/02/2020,ONT,CA,AWP,WE,Towers with Radar,224,44,8,0,276,0,2,11,0,13,224,46,19,0,289,0,0,0,289
01/03/2020,ONT,CA,AWP,WE,Towers with Radar,220,41,4,0,265,0,2,13,0,15,220,43,17,0,280,0,0,0,280
01/04/2020,ONT,CA,AWP,WE,Towers with Radar,161,27,3,0,191,0,3,8,0,11,161,30,11,0,202,16,0,16,218
01/05/2020,ONT,CA,AWP,WE,Towers with Radar,183,10,9,0,202,2,0,6,0,8,185,10,15,0,210,0,0,0,210
01/06/2020,ONT,CA,AWP,WE,Towers with Radar,191,35,4,0,230,0,0,7,1,8,191,35,11,1,238,14,0,14,252
01/07/2020,ONT,CA,AWP,WE,Towers with Radar,249,41,7,4,301,0,4,11,1,16,249,45,18,5,317,10,0,10,327
01/08/2020,ONT,CA,AWP,WE,Towers with Radar,243,50,12,0,305,0,3,16,0,19,243,53,28,0,324,8,0,8,332
01/09/2020,ONT,CA,AWP,WE,Towers with Radar,251,45,8,0,304,0,1,1,0,2,251,46,9,0,306,8,0,8,314
01/10/2020,ONT,CA,AWP,WE,Towers with Radar,203,43,10,0,256,0,8,23,0,31,203,51,33,0,287,4,0,4,291
01/11/2020,ONT,CA,AWP,WE,Towers with Radar,123,24,8,0,155,0,4,11,1,16,123,28,19,1,171,6,0,6,177
01/12/2020,ONT,CA,AWP,WE,Towers with Radar,173,9,2,0,184,0,0,13,0,13,173,9,15,0,197,50,0,50,247
01/13/2020,ONT,CA,AWP,WE,Towers with Radar,183,32,9,2,226,0,0,13,0,13,183,32,22,2,239,28,0,28,267
01/14/2020,ONT,CA,AWP,WE,Towers with Radar,243,46,5,0,294,0,2,10,0,12,243,48,15,0,306,20,0,20,326
01/15/2020,ONT,CA,AWP,WE,Towers with Radar,252,50,9,0,311,0,5,16,0,21,252,55,25,0,332,40,0,40,372
01/16/2020,ONT,CA,AWP,WE,Towers with Radar,238,40,11,0,289,0,1,7,0,8,238,41,18,0,297,10,0,10,307
01/17/2020,ONT,CA,AWP,WE,Towers with Radar,203,44,10,2,259,0,3,11,1,15,203,47,21,3,274,5,0,5,279
01/18/2020,ONT,CA,AWP,WE,Towers with Radar,125,31,12,2,170,0,3,17,0,20,125,34,29,2,190,34,0,34,224
01/19/2020,ONT,CA,AWP,WE,Towers with Radar,162,12,5,0,179,0,0,8,0,8,162,12,13,0,187,14,0,14,201
01/20/2020,ONT,CA,AWP,WE,Towers with Radar,194,33,9,0,236,0,0,24,0,24,194,33,33,0,260,50,0,50,310
01/21/2020,ONT,CA,AWP,WE,Towers with Radar,235,42,17,2,296,0,2,5,2,9,235,44,22,4,305,0,0,0,305
01/22/2020,ONT,CA,AWP,WE,Towers with Radar,241,44,16,0,301,0,2,11,0,13,241,46,27,0,314,25,0,25,339
01/23/2020,ONT,CA,AWP,WE,Towers with Radar,244,50,25,0,319,0,2,23,1,26,244,52,48,1,345,10,0,10,355
01/24/2020,ONT,CA,AWP,WE,Towers with Radar,206,45,13,2,266,0,4,17,0,21,206,49,30,2,287,0,0,0,287
01/25/2020,ONT,CA,AWP,WE,Towers with Radar,124,36,5,0,165,0,8,19,1,28,124,44,24,1,193,58,0,58,251
01/26/2020,ONT,CA,AWP,WE,Towers with Radar,171,13,14,1,199,0,0,1,0,1,171,13,15,1,200,0,0,0,200
01/27/2020,ONT,CA,AWP,WE,Towers with Radar,190,32,15,0,237,0,1,14,0,15,190,33,29,0,252,11,0,11,263
01/28/2020,ONT,CA,AWP,WE,Towers with Radar,242,47,16,0,305,0,3,22,0,25,242,50,38,0,330,30,0,30,360
01/29/2020,ONT,CA,AWP,WE,Towers with Radar,271,44,11,0,326,0,3,8,0,11,271,47,19,0,337,0,0,0,337
01/30/2020,ONT,CA,AWP,WE,Towers with Radar,272,51,11,0,334,0,3,14,0,17,272,54,25,0,351,12,0,12,363
01/31/2020,ONT,CA,AWP,WE,Towers with Radar,219,41,10,1,271,0,3,12,0,15,219,44,22,1,286,26,0,26,312
02/01/2020,ONT,CA,AWP,WE,Towers with Radar,131,29,10,0,170,0,5,12,0,17,131,34,22,0,187,20,0,20,207
02/02/2020,ONT,CA,AWP,WE,Towers with Radar,165,13,3,0,181,0,0,6,0,6,165,13,9,0,187,23,0,23,210
02/03/2020,ONT,CA,AWP,WE,Towers with Radar,197,39,9,1,246,0,1,3,0,4,197,40,12,1,250,0,0,0,250
02/04/2020,ONT,CA,AWP,WE,Towers with Radar,234,39,15,1,289,0,3,8,0,11,234,42,23,1,300,10,0,10,310
02/05/2020,ONT,CA,AWP,WE,Towers with Radar,240,43,15,2,300,0,3,20,0,23,240,46,35,2,323,24,0,24,347
02/06/2020,ONT,CA,AWP,WE,Towers with Radar,261,44,10,2,317,0,6,15,0,21,261,50,25,2,338,0,0,0,338
02/07/2020,ONT,CA,AWP,WE,Towers with Radar,207,46,15,0,268,0,6,10,0,16,207,52,25,0,284,33,0,33,317
02/08/2020,ONT,CA,AWP,WE,Towers with Radar,141,33,4,0,178,0,2,10,0,12,141,35,14,0,190,21,0,21,211
02/09/2020,ONT,CA,AWP,WE,Towers with Radar,163,15,10,0,188,0,1,2,0,3,163,16,12,0,191,0,0,0,191
02/10/2020,ONT,CA,AWP,WE,Towers with Radar,193,34,14,0,241,0,0,2,0,2,193,34,16,0,243,0,0,0,243
02/11/2020,ONT,CA,AWP,WE,Towers with Radar,208,34,11,0,253,0,5,7,0,12,208,39,18,0,265,2,0,2,267
02/12/2020,ONT,CA,AWP,WE,Towers with Radar,247,49,12,0,308,0,5,16,2,23,247,54,28,2,331,42,0,42,373
02/13/2020,ONT,CA,AWP,WE,Towers with Radar,254,37,10,0,301,0,6,17,0,23,254,43,27,0,324,14,0,14,338
02/14/2020,ONT,CA,AWP,WE,Towers with Radar,213,42,9,2,266,0,5,22,1,28,213,47,31,3,294,16,0,16,310
02/15/2020,ONT,CA,AWP,WE,Towers with Radar,140,26,4,0,170,0,0,20,0,20,140,26,24,0,190,32,0,32,222
02/16/2020,ONT,CA,AWP,WE,Towers with Radar,171,10,2,0,183,0,0,15,0,15,171,10,17,0,198,30,0,30,228
02/17/2020,ONT,CA,AWP,WE,Towers with Radar,203,31,11,1,246,0,1,19,0,20,203,32,30,1,266,54,0,54,320
02/18/2020,ONT,CA,AWP,WE,Towers with Radar,257,45,6,5,313,0,2,14,3,19,257,47,20,8,332,16,0,16,348
02/19/2020,ONT,CA,AWP,WE,Towers with Radar,254,39,8,1,302,0,3,16,0,19,254,42,24,1,321,26,0,26,347
02/20/2020,ONT,CA,AWP,WE,Towers with Radar,253,41,20,0,314,0,7,18,1,26,253,48,38,1,340,28,0,28,368
02/21/2020,ONT,CA,AWP,WE,Towers with Radar,203,39,11,1,254,0,4,5,1,10,203,43,16,2,264,0,0,0,264
02/22/2020,ONT,CA,AWP,WE,Towers with Radar,137,22,4,0,163,0,1,5,0,6,137,23,9,0,169,0,0,0,169
02/23/2020,ONT,CA,AWP,WE,Towers with Radar,169,11,14,0,194,0,2,7,0,9,169,13,21,0,203,64,0,64,267
02/24/2020,ONT,CA,AWP,WE,Towers with Radar,194,27,16,1,238,0,2,11,0,13,194,29,27,1,251,18,0,18,269
02/25/2020,ONT,CA,AWP,WE,Towers with Radar,252,37,8,2,299,0,4,10,0,14,252,41,18,2,313,0,0,0,313
02/26/2020,ONT,CA,AWP,WE,Towers with Radar,260,43,7,0,310,0,4,16,0,20,260,47,23,0,330,21,0,21,351
02/27/2020,ONT,CA,AWP,WE,Towers with Radar,251,41,21,0,313,0,3,23,1,27,251,44,44,1,340,48,0,48,388
02/28/2020,ONT,CA,AWP,WE,Towers with Radar,207,47,18,2,274,0,2,14,0,16,207,49,32,2,290,34,0,34,324
02/29/2020,ONT,CA,AWP,WE,Towers with Radar,134,35,14,0,183,0,4,13,1,18,134,39,27,1,201,28,0,28,229
03/01/2020,ONT,CA,AWP,WE,Towers with Radar,169,13,38,0,220,0,0,8,2,10,169,13,46,2,230,22,0,22,252
03/02/2020,ONT,CA,AWP,WE,Towers with Radar,201,27,5,0,233,0,1,6,0,7,201,28,11,0,240,0,0,0,240
03/03/2020,ONT,CA,AWP,WE,Towers with Radar,250,38,14,0,302,0,5,13,1,19,250,43,27,1,321,6,0,6,327
03/04/2020,ONT,CA,AWP,WE,Towers with Radar,244,40,14,0,298,1,5,18,0,24,245,45,32,0,322,60,0,60,382
03/05/2020,ONT,CA,AWP,WE,Towers with Radar,252,39,16,0,307,0,2,23,0,25,252,41,39,0,332,54,0,54,386
03/06/2020,ONT,CA,AWP,WE,Towers with Radar,206,46,11,0,263,0,4,21,0,25,206,50,32,0,288,44,0,44,332
03/07/2020,ONT,CA,AWP,WE,Towers with Radar,139,27,2,0,168,0,3,0,0,3,139,30,2,0,171,0,0,0,171
03/08/2020,ONT,CA,AWP,WE,Towers with Radar,163,11,7,0,181,0,0,8,1,9,163,11,15,1,190,14,0,14,204
03/09/2020,ONT,CA,AWP,WE,Towers with Radar,189,30,7,2,228,0,2,6,0,8,189,32,13,2,236,22,0,22,258
03/10/2020,ONT,CA,AWP,WE,Towers with Radar,248,48,12,2,310,0,0,6,0,6,248,48,18,2,316,44,0,44,360
03/11/2020,ONT,CA,AWP,WE,Towers with Radar,240,44,15,2,301,0,0,14,2,16,240,44,29,4,317,6,0,6,323
03/12/2020,ONT,CA,AWP,WE,Towers with Radar,248,42,14,0,304,0,2,0,0,2,248,44,14,0,306,0,0,0,306
03/13/2020,ONT,CA,AWP,WE,Towers with Radar,203,48,8,2,261,0,0,4,0,4,203,48,12,2,265,0,0,0,265
03/14/2020,ONT,CA,AWP,WE,Towers with Radar,134,35,10,0,179,0,1,7,0,8,134,36,17,0,187,26,0,26,213
03/15/2020,ONT,CA,AWP,WE,Towers with Radar,166,13,3,0,182,0,0,10,0,10,166,13,13,0,192,82,0,82,274
03/16/2020,ONT,CA,AWP,WE,Towers with Radar,186,28,3,0,217,0,0,11,0,11,186,28,14,0,228,84,0,84,312
03/17/2020,ONT,CA,AWP,WE,Towers with Radar,236,39,4,2,281,0,2,21,0,23,236,41,25,2,304,54,0,54,358
03/18/2020,ONT,CA,AWP,WE,Towers with Radar,236,41,3,0,280,0,3,6,0,9,236,44,9,0,289,0,0,0,289
03/19/2020,ONT,CA,AWP,WE,Towers with Radar,224,45,5,2,276,0,0,26,0,26,224,45,31,2,302,0,0,0,302
03/20/2020,ONT,CA,AWP,WE,Towers with Radar,190,45,6,2,243,0,1,7,0,8,190,46,13,2,251,0,0,0,251
03/21/2020,ONT,CA,AWP,WE,Towers with Radar,134,26,1,0,161,0,3,8,0,11,134,29,9,0,172,52,0,52,224
03/22/2020,ONT,CA,AWP,WE,Towers with Radar,135,8,3,0,146,0,0,3,0,3,135,8,6,0,149,6,0,6,155
03/23/2020,ONT,CA,AWP,WE,Towers with Radar,152,25,7,0,184,0,0,2,0,2,152,25,9,0,186,16,0,16,202
03/24/2020,ONT,CA,AWP,WE,Towers with Radar,206,30,3,0,239,0,5,1,0,6,206,35,4,0,245,0,0,0,245
03/25/2020,ONT,CA,AWP,WE,Towers with Radar,188,39,2,2,231,0,4,6,0,10,188,43,8,2,241,0,0,0,241
03/26/2020,ONT,CA,AWP,WE,Towers with Radar,196,36,2,0,234,0,4,12,0,16,196,40,14,0,250,3,0,3,253
03/27/2020,ONT,CA,AWP,WE,Towers with Radar,136,34,1,0,171,0,4,9,1,14,136,38,10,1,185,2,0,2,187
03/28/2020,ONT,CA,AWP,WE,Towers with Radar,87,18,0,0,105,0,4,6,1,11,87,22,6,1,116,0,0,0,116
03/29/2020,ONT,CA,AWP,WE,Towers with Radar,108,5,1,0,114,0,1,4,1,6,108,6,5,1,120,0,0,0,120
03/30/2020,ONT,CA,AWP,WE,Towers with Radar,130,22,1,2,155,0,4,1,0,5,130,26,2,2,160,0,0,0,160
03/31/2020,ONT,CA,AWP,WE,Towers with Radar,165,39,3,4,211,0,6,15,0,21,165,45,18,4,232,12,0,12,244
04/01/2020,ONT,CA,AWP,WE,Towers with Radar,174,35,5,0,214,0,4,11,0,15,174,39,16,0,229,55,0,55,284
04/02/2020,ONT,CA,AWP,WE,Towers with Radar,169,33,2,0,204,0,1,3,0,4,169,34,5,0,208,0,0,0,208
04/03/2020,ONT,CA,AWP,WE,Towers with Radar,123,32,1,2,158,0,5,13,0,18,123,37,14,2,176,2,0,2,178
04/04/2020,ONT,CA,AWP,WE,Towers with Radar,93,16,2,0,111,0,2,7,0,9,93,18,9,0,120,40,0,40,160
04/05/2020,ONT,CA,AWP,WE,Towers with Radar,96,3,2,0,101,0,0,5,0,5,96,3,7,0,106,0,0,0,106
04/06/2020,ONT,CA,AWP,WE,Towers with Radar,110,24,7,0,141,0,0,0,0,0,110,24,7,0,141,0,0,0,141
04/07/2020,ONT,CA,AWP,WE,Towers with Radar,158,32,10,0,200,0,1,2,0,3,158,33,12,0,203,0,0,0,203
04/08/2020,ONT,CA,AWP,WE,Towers with Radar,164,33,4,0,201,0,2,4,0,6,164,35,8,0,207,0,0,0,207
04/09/2020,ONT,CA,AWP,WE,Towers with Radar,159,32,3,0,194,0,0,0,0,0,159,32,3,0,194,0,0,0,194
04/10/2020,ONT,CA,AWP,WE,Towers with Radar,126,34,2,0,162,0,0,6,0,6,126,34,8,0,168,8,0,8,176
04/11/2020,ONT,CA,AWP,WE,Towers with Radar,83,20,2,0,105,0,1,25,0,26,83,21,27,0,131,18,0,18,149
04/12/2020,ONT,CA,AWP,WE,Towers with Radar,92,1,2,0,95,0,0,3,0,3,92,1,5,0,98,0,0,0,98
04/13/2020,ONT,CA,AWP,WE,Towers with Radar,110,23,5,0,138,0,0,20,1,21,110,23,25,1,159,18,0,18,177
04/14/2020,ONT,CA,AWP,WE,Towers with Radar,151,28,5,0,184,0,4,12,0,16,151,32,17,0,200,5,0,5,205
04/15/2020,ONT,CA,AWP,WE,Towers with Radar,149,31,2,0,182,0,1,11,0,12,149,32,13,0,194,4,0,4,198
04/16/2020,ONT,CA,AWP,WE,Towers with Radar,143,33,0,0,176,0,5,10,1,16,143,38,10,1,192,30,0,30,222
04/17/2020,ONT,CA,AWP,WE,Towers with Radar,116,32,7,0,155,0,2,8,0,10,116,34,15,0,165,2,0,2,167
04/18/2020,ONT,CA,AWP,WE,Towers with Radar,82,15,0,2,99,0,0,3,0,3,82,15,3,2,102,0,0,0,102
04/19/2020,ONT,CA,AWP,WE,Towers with Radar,91,1,2,0,94,0,0,6,0,6,91,1,8,0,100,2,0,2,102
04/20/2020,ONT,CA,AWP,WE,Towers with Radar,106,22,2,0,130,0,3,7,0,10,106,25,9,0,140,0,0,0,140
04/21/2020,ONT,CA,AWP,WE,Towers with Radar,158,28,1,0,187,0,2,9,0,11,158,30,10,0,198,0,0,0,198
04/22/2020,ONT,CA,AWP,WE,Towers with Radar,154,29,3,2,188,0,3,16,3,22,154,32,19,5,210,10,0,10,220
04/23/2020,ONT,CA,AWP,WE,Towers with Radar,149,27,3,0,179,0,7,8,1,16,149,34,11,1,195,48,0,48,243
04/24/2020,ONT,CA,AWP,WE,Towers with Radar,116,36,4,2,158,0,3,3,2,8,116,39,7,4,166,10,0,10,176
04/25/2020,ONT,CA,AWP,WE,Towers with Radar,78,14,2,0,94,0,4,5,0,9,78,18,7,0,103,8,0,8,111
04/26/2020,ONT,CA,AWP,WE,Towers with Radar,96,2,4,0,102,0,0,8,0,8,96,2,12,0,110,2,0,2,112
04/27/2020,ONT,CA,AWP,WE,Towers with Radar,105,22,4,0,131,0,4,9,0,13,105,26,13,0,144,19,0,19,163
04/28/2020,ONT,CA,AWP,WE,Towers with Radar,163,29,11,2,205,0,3,21,0,24,163,32,32,2,229,14,0,14,243
04/29/2020,ONT,CA,AWP,WE,Towers with Radar,160,33,7,2,202,0,3,13,3,19,160,36,20,5,221,18,10,28,249
04/30/2020,ONT,CA,AWP,WE,Towers with Radar,157,28,7,0,192,0,3,5,0,8,157,31,12,0,200,0,0,0,200
05/01/2020,ONT,CA,AWP,WE,Towers with Radar,113,28,10,0,151,0,3,12,4,19,113,31,22,4,170,8,0,8,178
05/02/2020,ONT,CA,AWP,WE,Towers with Radar,87,13,4,0,104,0,4,9,0,13,87,17,13,0,117,14,0,14,131
05/03/2020,ONT,CA,AWP,WE,Towers with Radar,92,0,0,0,92,0,3,11,0,14,92,3,11,0,106,10,0,10,116
05/04/2020,ONT,CA,AWP,WE,Towers with Radar,104,23,10,0,137,0,4,14,0,18,104,27,24,0,155,2,0,2,157
05/05/2020,ONT,CA,AWP,WE,Towers with Radar,167,32,4,0,203,0,4,11,1,16,167,36,15,1,219,16,0,16,235
05/06/2020,ONT,CA,AWP,WE,Towers with Radar,164,39,3,0,206,0,4,10,4,18,164,43,13,4,224,2,0,2,226
05/07/2020,ONT,CA,AWP,WE,Towers with Radar,161,35,3,0,199,0,10,15,0,25,161,45,18,0,224,15,0,15,239
05/08/2020,ONT,CA,AWP,WE,Towers with Radar,129,34,6,0,169,0,5,18,0,23,129,39,24,0,192,27,0,27,219
05/09/2020,ONT,CA,AWP,WE,Towers with Radar,85,16,6,0,107,0,5,11,0,16,85,21,17,0,123,30,0,30,153
05/10/2020,ONT,CA,AWP,WE,Towers with Radar,93,2,2,0,97,0,0,4,0,4,93,2,6,0,101,6,0,6,107
05/11/2020,ONT,CA,AWP,WE,Towers with Radar,108,26,8,0,142,0,5,9,0,14,108,31,17,0,156,0,0,0,156
05/12/2020,ONT,CA,AWP,WE,Towers with Radar,159,32,6,0,197,0,1,5,0,6,159,33,11,0,203,14,0,14,217
05/13/2020,ONT,CA,AWP,WE,Towers with Radar,157,35,5,0,197,0,3,16,0,19,157,38,21,0,216,0,0,0,216
05/14/2020,ONT,CA,AWP,WE,Towers with Radar,157,35,4,0,196,0,5,13,1,19,157,40,17,1,215,22,0,22,237
05/15/2020,ONT,CA,AWP,WE,Towers with Radar,122,34,4,1,161,0,3,25,0,28,122,37,29,1,189,30,0,30,219
05/16/2020,ONT,CA,AWP,WE,Towers with Radar,90,14,7,0,111,0,3,17,2,22,90,17,24,2,133,12,0,12,145
05/17/2020,ONT,CA,AWP,WE,Towers with Radar,92,4,6,0,102,0,0,9,0,9,92,4,15,0,111,0,0,0,111
05/18/2020,ONT,CA,AWP,WE,Towers with Radar,109,24,5,0,138,0,0,11,0,11,109,24,16,0,149,6,0,6,155
05/19/2020,ONT,CA,AWP,WE,Towers with Radar,164,33,11,0,208,0,2,6,2,10,164,35,17,2,218,14,12,26,244
05/20/2020,ONT,CA,AWP,WE,Towers with Radar,162,35,5,2,204,0,2,28,0,30,162,37,33,2,234,26,0,26,260
05/21/2020,ONT,CA,AWP,WE,Towers with Radar,158,33,14,0,205,0,5,26,0,31,158,38,40,0,236,142,0,142,378
05/22/2020,ONT,CA,AWP,WE,Towers with Radar,124,30,11,0,165,0,5,10,0,15,124,35,21,0,180,8,0,8,188
05/23/2020,ONT,CA,AWP,WE,Towers with Radar,87,18,7,0,112,0,1,8,0,9,87,19,15,0,121,0,0,0,121
05/24/2020,ONT,CA,AWP,WE,Towers with Radar,88,2,2,0,92,0,0,10,0,10,88,2,12,0,102,19,0,19,121
05/25/2020,ONT,CA,AWP,WE,Towers with Radar,76,4,2,0,82,0,2,3,0,5,76,6,5,0,87,0,0,0,87
05/26/2020,ONT,CA,AWP,WE,Towers with Radar,114,22,7,0,143,0,3,19,4,26,114,25,26,4,169,88,0,88,257
05/27/2020,ONT,CA,AWP,WE,Towers with Radar,168,32,10,0,210,0,4,11,0,15,168,36,21,0,225,20,0,20,245
05/28/2020,ONT,CA,AWP,WE,Towers with Radar,170,30,5,0,205,0,6,33,0,39,170,36,38,0,244,28,0,28,272
05/29/2020,ONT,CA,AWP,WE,Towers with Radar,127,35,13,0,175,0,1,12,0,13,127,36,25,0,188,38,0,38,226
05/30/2020,ONT,CA,AWP,WE,Towers with Radar,88,16,3,0,107,0,2,15,1,18,88,18,18,1,125,28,0,28,153
05/31/2020,ONT,CA,AWP,WE,Towers with Radar,88,2,1,0,91,0,0,9,0,9,88,2,10,0,100,10,0,10,110
06/01/2020,ONT,CA,AWP,WE,Towers with Radar,107,21,4,0,132,0,3,19,0,22,107,24,23,0,154,6,0,6,160
06/02/2020,ONT,CA,AWP,WE,Towers with Radar,163,35,9,2,209,0,6,8,0,14,163,41,17,2,223,4,0,4,227
06/03/2020,ONT,CA,AWP,WE,Towers with Radar,169,32,7,0,208,0,7,15,0,22,169,39,22,0,230,52,0,52,282
06/04/2020,ONT,CA,AWP,WE,Towers with Radar,159,31,5,0,195,0,7,9,0,16,159,38,14,0,211,18,0,18,229
06/05/2020,ONT,CA,AWP,WE,Towers with Radar,117,34,10,0,161,0,0,11,0,11,117,34,21,0,172,0,0,0,172
06/06/2020,ONT,CA,AWP,WE,Towers with Radar,101,20,7,0,128,0,3,10,0,13,101,23,17,0,141,21,0,21,162
06/07/2020,ONT,CA,AWP,WE,Towers with Radar,126,6,9,0,141,0,0,9,0,9,126,6,18,0,150,0,0,0,150
06/08/2020,ONT,CA,AWP,WE,Towers with Radar,146,23,3,0,172,0,4,4,0,8,146,27,7,0,180,10,0,10,190
06/09/2020,ONT,CA,AWP,WE,Towers with Radar,188,32,9,0,229,0,5,21,0,26,188,37,30,0,255,25,0,25,280
06/10/2020,ONT,CA,AWP,WE,Towers with Radar,190,35,26,0,251,0,4,19,2,25,190,39,45,2,276,27,0,27,303
06/11/2020,ONT,CA,AWP,WE,Towers with Radar,188,33,9,0,230,0,8,17,0,25,188,41,26,0,255,7,0,7,262
06/12/2020,ONT,CA,AWP,WE,Towers with Radar,159,32,2,0,193,0,5,12,1,18,159,37,14,1,211,16,0,16,227
06/13/2020,ONT,CA,AWP,WE,Towers with Radar,117,17,4,0,138,0,4,5,1,10,117,21,9,1,148,4,0,4,152
06/14/2020,ONT,CA,AWP,WE,Towers with Radar,124,10,10,0,144,0,0,9,0,9,124,10,19,0,153,32,0,32,185
06/15/2020,ONT,CA,AWP,WE,Towers with Radar,142,20,14,0,176,0,4,10,1,15,142,24,24,1,191,4,0,4,195
06/16/2020,ONT,CA,AWP,WE,Towers with Radar,192,30,13,1,236,0,4,16,1,21,192,34,29,2,257,0,0,0,257
06/17/2020,ONT,CA,AWP,WE,Towers with Radar,193,33,12,0,238,0,3,24,0,27,193,36,36,0,265,72,0,72,337
06/18/2020,ONT,CA,AWP,WE,Towers with Radar,201,36,12,2,251,0,3,13,0,16,201,39,25,2,267,5,0,5,272
06/19/2020,ONT,CA,AWP,WE,Towers with Radar,155,33,18,0,206,0,3,17,0,20,155,36,35,0,226,74,0,74,300
06/20/2020,ONT,CA,AWP,WE,Towers with Radar,122,19,12,0,153,0,0,15,0,15,122,19,27,0,168,90,0,90,258
06/21/2020,ONT,CA,AWP,WE,Towers with Radar,127,10,11,0,148,0,0,4,0,4,127,10,15,0,152,8,0,8,160
06/22/2020,ONT,CA,AWP,WE,Towers with Radar,141,25,7,0,173,0,2,7,0,9,141,27,14,0,182,0,0,0,182
06/23/2020,ONT,CA,AWP,WE,Towers with Radar,198,34,12,0,244,0,5,10,0,15,198,39,22,0,259,18,0,18,277
06/24/2020,ONT,CA,AWP,WE,Towers with Radar,194,40,7,0,241,0,3,16,0,19,194,43,23,0,260,28,0,28,288
06/25/2020,ONT,CA,AWP,WE,Towers with Radar,205,35,10,4,254,0,4,5,0,9,205,39,15,4,263,8,0,8,271
06/26/2020,ONT,CA,AWP,WE,Towers with Radar,165,35,8,0,208,0,4,10,1,15,165,39,18,1,223,34,0,34,257
06/27/2020,ONT,CA,AWP,WE,Towers with Radar,126,18,4,0,148,0,2,17,0,19,126,20,21,0,167,6,0,6,173
06/28/2020,ONT,CA,AWP,WE,Towers with Radar,125,11,4,0,140,0,0,4,0,4,125,11,8,0,144,0,0,0,144
06/29/2020,ONT,CA,AWP,WE,Towers with Radar,138,23,7,0,168,0,2,5,0,7,138,25,12,0,175,0,0,0,175
06/30/2020,ONT,CA,AWP,WE,Towers with Radar,199,34,11,0,244,0,5,9,0,14,199,39,20,0,258,29,0,29,287
07/01/2020,ONT,CA,AWP,WE,Towers with Radar,199,27,11,0,237,0,4,9,1,14,199,31,20,1,251,14,0,14,265
07/02/2020,ONT,CA,AWP,WE,Towers with Radar,196,38,12,0,246,0,4,25,0,29,196,42,37,0,275,5,0,5,280
07/03/2020,ONT,CA,AWP,WE,Towers with Radar,150,23,14,0,187,0,6,19,0,25,150,29,33,0,212,32,0,32,244
07/04/2020,ONT,CA,AWP,WE,Towers with Radar,70,4,3,0,77,0,0,6,0,6,70,4,9,0,83,12,0,12,95
07/05/2020,ONT,CA,AWP,WE,Towers with Radar,110,7,7,0,124,0,1,10,0,11,110,8,17,0,135,10,0,10,145
07/06/2020,ONT,CA,AWP,WE,Towers with Radar,149,22,16,0,187,0,2,18,0,20,149,24,34,0,207,45,0,45,252
07/07/2020,ONT,CA,AWP,WE,Towers with Radar,207,33,5,0,245,0,6,23,2,31,207,39,28,2,276,54,0,54,330
07/08/2020,ONT,CA,AWP,WE,Towers with Radar,211,29,5,0,245,0,5,17,0,22,211,34,22,0,267,15,0,15,282
07/09/2020,ONT,CA,AWP,WE,Towers with Radar,200,33,16,0,249,0,5,22,0,27,200,38,38,0,276,35,0,35,311
07/10/2020,ONT,CA,AWP,WE,Towers with Radar,168,32,11,0,211,0,6,9,2,17,168,38,20,2,228,6,0,6,234
07/11/2020,ONT,CA,AWP,WE,Towers with Radar,131,12,7,0,150,0,3,14,0,17,131,15,21,0,167,16,0,16,183
07/12/2020,ONT,CA,AWP,WE,Towers with Radar,136,6,7,0,149,0,0,7,1,8,136,6,14,1,157,8,0,8,165
07/13/2020,ONT,CA,AWP,WE,Towers with Radar,153,22,4,0,179,0,4,10,0,14,153,26,14,0,193,8,0,8,201
07/14/2020,ONT,CA,AWP,WE,Towers with Radar,208,32,3,2,245,0,7,20,4,31,208,39,23,6,276,14,0,14,290
07/15/2020,ONT,CA,AWP,WE,Towers with Radar,214,35,7,0,256,0,4,18,1,23,214,39,25,1,279,43,0,43,322
07/16/2020,ONT,CA,AWP,WE,Towers with Radar,211,33,8,0,252,0,6,15,0,21,211,39,23,0,273,32,0,32,305
07/17/2020,ONT,CA,AWP,WE,Towers with Radar,167,32,12,2,213,0,7,27,0,34,167,39,39,2,247,28,0,28,275
07/18/2020,ONT,CA,AWP,WE,Towers with Radar,135,16,3,0,154,0,5,11,1,17,135,21,14,1,171,10,0,10,181
07/19/2020,ONT,CA,AWP,WE,Towers with Radar,133,3,1,0,137,0,0,14,0,14,133,3,15,0,151,36,0,36,187
07/20/2020,ONT,CA,AWP,WE,Towers with Radar,144,20,7,0,171,0,3,24,0,27,144,23,31,0,198,33,0,33,231
07/21/2020,ONT,CA,AWP,WE,Towers with Radar,216,34,3,0,253,0,6,15,0,21,216,40,18,0,274,10,0,10,284
07/22/2020,ONT,CA,AWP,WE,Towers with Radar,205,27,7,0,239,0,6,22,0,28,205,33,29,0,267,58,0,58,325
07/23/2020,ONT,CA,AWP,WE,Towers with Radar,208,34,10,2,254,0,3,26,0,29,208,37,36,2,283,18,0,18,301
07/24/2020,ONT,CA,AWP,WE,Towers with Radar,165,37,1,0,203,0,3,18,1,22,165,40,19,1,225,22,0,22,247
07/25/2020,ONT,CA,AWP,WE,Towers with Radar,138,13,3,0,154,0,3,14,0,17,138,16,17,0,171,38,0,38,209
07/26/2020,ONT,CA,AWP,WE,Towers with Radar,135,6,8,0,149,0,3,15,0,18,135,9,23,0,167,50,0,50,217
07/27/2020,ONT,CA,AWP,WE,Towers with Radar,156,22,10,4,192,0,4,20,0,24,156,26,30,4,216,2,0,2,218
07/28/2020,ONT,CA,AWP,WE,Towers with Radar,208,30,10,0,248,0,5,23,0,28,208,35,33,0,276,18,0,18,294
07/29/2020,ONT,CA,AWP,WE,Towers with Radar,203,29,4,0,236,0,5,16,1,22,203,34,20,1,258,28,0,28,286
07/30/2020,ONT,CA,AWP,WE,Towers with Radar,205,29,3,0,237,0,6,12,0,18,205,35,15,0,255,0,0,0,255
07/31/2020,ONT,CA,AWP,WE,Towers with Radar,167,34,11,0,212,0,7,8,0,15,167,41,19,0,227,18,0,18,245
08/01/2020,ONT,CA,AWP,WE,Towers with Radar,123,16,4,0,143,0,2,10,0,12,123,18,14,0,155,12,0,12,167
08/02/2020,ONT,CA,AWP,WE,Towers with Radar,133,2,8,0,143,0,1,20,0,21,133,3,28,0,164,0,0,0,164
08/03/2020,ONT,CA,AWP,WE,Towers with Radar,144,22,6,0,172,0,5,16,1,22,144,27,22,1,194,18,0,18,212
08/04/2020,ONT,CA,AWP,WE,Towers with Radar,199,34,6,0,239,0,4,26,0,30,199,38,32,0,269,18,0,18,287
08/05/2020,ONT,CA,AWP,WE,Towers with Radar,199,39,11,0,249,0,5,29,0,34,199,44,40,0,283,56,0,56,339
08/06/2020,ONT,CA,AWP,WE,Towers with Radar,202,39,6,0,247,0,4,13,2,19,202,43,19,2,266,30,0,30,296
08/07/2020,ONT,CA,AWP,WE,Towers with Radar,167,35,12,0,214,0,6,13,0,19,167,41,25,0,233,8,0,8,241
08/08/2020,ONT,CA,AWP,WE,Towers with Radar,129,21,5,0,155,0,4,16,0,20,129,25,21,0,175,26,0,26,201
08/09/2020,ONT,CA,AWP,WE,Towers with Radar,140,14,5,2,161,0,0,10,0,10,140,14,15,2,171,40,0,40,211
08/10/2020,ONT,CA,AWP,WE,Towers with Radar,148,33,12,0,193,0,5,14,0,19,148,38,26,0,212,26,0,26,238
08/11/2020,ONT,CA,AWP,WE,Towers with Radar,200,36,7,2,245,0,5,26,0,31,200,41,33,2,276,46,0,46,322
08/12/2020,ONT,CA,AWP,WE,Towers with Radar,201,34,12,0,247,0,5,28,1,34,201,39,40,1,281,86,0,86,367
08/13/2020,ONT,CA,AWP,WE,Towers with Radar,206,44,8,0,258,0,6,25,0,31,206,50,33,0,289,54,0,54,343
08/14/2020,ONT,CA,AWP,WE,Towers with Radar,160,44,7,0,211,0,4,16,0,20,160,48,23,0,231,22,0,22,253
08/15/2020,ONT,CA,AWP,WE,Towers with Radar,131,16,8,0,155,0,4,7,0,11,131,20,15,0,166,35,0,35,201
08/16/2020,ONT,CA,AWP,WE,Towers with Radar,134,9,12,2,157,0,0,12,0,12,134,9,24,2,169,30,0,30,199
08/17/2020,ONT,CA,AWP,WE,Towers with Radar,143,29,10,0,182,0,17,11,0,28,143,46,21,0,210,80,0,80,290
08/18/2020,ONT,CA,AWP,WE,Towers with Radar,200,42,3,0,245,0,5,12,0,17,200,47,15,0,262,44,0,44,306
08/19/2020,ONT,CA,AWP,WE,Towers with Radar,202,42,8,2,254,0,5,18,1,24,202,47,26,3,278,75,0,75,353
08/20/2020,ONT,CA,AWP,WE,Towers with Radar,204,40,11,0,255,0,6,24,2,32,204,46,35,2,287,60,0,60,347
08/21/2020,ONT,CA,AWP,WE,Towers with Radar,163,36,6,0,205,0,4,25,0,29,163,40,31,0,234,76,0,76,310
08/22/2020,ONT,CA,AWP,WE,Towers with Radar,129,20,6,0,155,0,3,12,0,15,129,23,18,0,170,18,0,18,188
08/23/2020,ONT,CA,AWP,WE,Towers with Radar,137,9,10,0,156,0,2,7,0,9,137,11,17,0,165,50,0,50,215
08/24/2020,ONT,CA,AWP,WE,Towers with Radar,150,34,8,0,192,0,9,24,1,34,150,43,32,1,226,62,0,62,288
08/25/2020,ONT,CA,AWP,WE,Towers with Radar,201,35,5,0,241,0,5,8,0,13,201,40,13,0,254,0,0,0,254
08/26/2020,ONT,CA,AWP,WE,Towers with Radar,200,41,7,2,250,0,5,17,0,22,200,46,24,2,272,70,0,70,342
08/27/2020,ONT,CA,AWP,WE,Towers with Radar,203,37,8,0,248,0,5,22,0,27,203,42,30,0,275,13,0,13,288
08/28/2020,ONT,CA,AWP,WE,Towers with Radar,167,43,8,0,218,0,5,10,0,15,167,48,18,0,233,30,0,30,263
08/29/2020,ONT,CA,AWP,WE,Towers with Radar,134,19,10,0,163,0,3,9,0,12,134,22,19,0,175,32,0,32,207
08/30/2020,ONT,CA,AWP,WE,Towers with Radar,140,6,7,0,153,0,2,10,0,12,140,8,17,0,165,18,0,18,183
08/31/2020,ONT,CA,AWP,WE,Towers with Radar,150,21,10,0,181,0,4,8,2,14,150,25,18,2,195,20,0,20,215
09/01/2020,ONT,CA,AWP,WE,Towers with Radar,202,37,4,0,243,0,2,12,0,14,202,39,16,0,257,36,0,36,293
09/02/2020,ONT,CA,AWP,WE,Towers with Radar,211,38,14,0,263,0,2,15,0,17,211,40,29,0,280,30,0,30,310
09/03/2020,ONT,CA,AWP,WE,Towers with Radar,208,32,17,2,259,0,3,15,0,18,208,35,32,2,277,20,0,20,297
09/04/2020,ONT,CA,AWP,WE,Towers with Radar,174,34,9,0,217,0,3,18,0,21,174,37,27,0,238,34,0,34,272
09/05/2020,ONT,CA,AWP,WE,Towers with Radar,128,16,8,0,152,0,4,3,0,7,128,20,11,0,159,6,0,6,165
09/06/2020,ONT,CA,AWP,WE,Towers with Radar,128,3,2,0,133,0,0,5,0,5,128,3,7,0,138,6,0,6,144
09/07/2020,ONT,CA,AWP,WE,Towers with Radar,118,6,5,0,129,0,0,9,0,9,118,6,14,0,138,18,0,18,156
09/08/2020,ONT,CA,AWP,WE,Towers with Radar,151,29,14,0,194,0,0,11,0,11,151,29,25,0,205,54,0,54,259
09/09/2020,ONT,CA,AWP,WE,Towers with Radar,223,30,8,0,261,0,2,14,1,17,223,32,22,1,278,30,0,30,308
09/10/2020,ONT,CA,AWP,WE,Towers with Radar,212,34,6,0,252,0,2,20,0,22,212,36,26,0,274,36,0,36,310
09/11/2020,ONT,CA,AWP,WE,Towers with Radar,161,35,9,0,205,0,5,4,0,9,161,40,13,0,214,14,0,14,228
09/12/2020,ONT,CA,AWP,WE,Towers with Radar,130,16,7,0,153,0,2,2,0,4,130,18,9,0,157,0,0,0,157
09/13/2020,ONT,CA,AWP,WE,Towers with Radar,129,3,5,0,137,0,0,9,0,9,129,3,14,0,146,40,0,40,186
09/14/2020,ONT,CA,AWP,WE,Towers with Radar,135,23,9,0,167,0,2,3,0,5,135,25,12,0,172,16,0,16,188
09/15/2020,ONT,CA,AWP,WE,Towers with Radar,211,34,11,1,257,0,2,11,0,13,211,36,22,1,270,32,0,32,302
09/16/2020,ONT,CA,AWP,WE,Towers with Radar,212,33,8,0,253,0,2,15,0,17,212,35,23,0,270,21,0,21,291
09/17/2020,ONT,CA,AWP,WE,Towers with Radar,212,32,6,0,250,0,4,19,1,24,212,36,25,1,274,54,0,54,328
09/18/2020,ONT,CA,AWP,WE,Towers with Radar,165,33,10,0,208,0,6,37,3,46,165,39,47,3,254,80,0,80,334
09/19/2020,ONT,CA,AWP,WE,Towers with Radar,130,13,8,0,151,0,7,15,0,22,130,20,23,0,173,32,0,32,205
09/20/2020,ONT,CA,AWP,WE,Towers with Radar,133,1,7,0,141,0,0,10,0,10,133,1,17,0,151,26,0,26,177
09/21/2020,ONT,CA,AWP,WE,Towers with Radar,135,21,6,0,162,0,3,27,2,32,135,24,33,2,194,71,0,71,265
09/22/2020,ONT,CA,AWP,WE,Towers with Radar,213,32,5,0,250,0,6,17,0,23,213,38,22,0,273,40,0,40,313
09/23/2020,ONT,CA,AWP,WE,Towers with Radar,212,34,9,0,255,0,5,26,1,32,212,39,35,1,287,84,0,84,371
09/24/2020,ONT,CA,AWP,WE,Towers with Radar,214,38,9,0,261,0,7,28,0,35,214,45,37,0,296,54,0,54,350
09/25/2020,ONT,CA,AWP,WE,Towers with Radar,158,30,8,0,196,0,5,22,1,28,158,35,30,1,224,92,0,92,316
09/26/2020,ONT,CA,AWP,WE,Towers with Radar,130,17,9,4,160,0,7,11,0,18,130,24,20,4,178,24,0,24,202
09/27/2020,ONT,CA,AWP,WE,Towers with Radar,129,1,7,0,137,0,0,17,0,17,129,1,24,0,154,54,0,54,208
09/28/2020,ONT,CA,AWP,WE,Towers with Radar,140,23,7,0,170,0,3,24,0,27,140,26,31,0,197,34,0,34,231
09/29/2020,ONT,CA,AWP,WE,Towers with Radar,211,32,7,0,250,0,3,25,0,28,211,35,32,0,278,16,0,16,294
09/30/2020,ONT,CA,AWP,WE,Towers with Radar,219,31,17,0,267,0,2,15,0,17,219,33,32,0,284,50,0,50,334
10/01/2020,ONT,CA,AWP,WE,Towers with Radar,215,30,7,0,252,0,3,22,1,26,215,33,29,1,278,44,0,44,322
10/02/2020,ONT,CA,AWP,WE,Towers with Radar,174,30,12,0,216,0,7,18,0,25,174,37,30,0,241,42,0,42,283
10/03/2020,ONT,CA,AWP,WE,Towers with Radar,135,14,4,0,153,0,3,9,1,13,135,17,13,1,166,46,0,46,212
10/04/2020,ONT,CA,AWP,WE,Towers with Radar,136,2,2,0,140,0,2,11,0,13,136,4,13,0,153,40,0,40,193
10/05/2020,ONT,CA,AWP,WE,Towers with Radar,149,19,7,0,175,0,2,15,0,17,149,21,22,0,192,58,0,58,250
10/06/2020,ONT,CA,AWP,WE,Towers with Radar,216,32,9,2,259,0,2,25,0,27,216,34,34,2,286,94,0,94,380
10/07/2020,ONT,CA,AWP,WE,Towers with Radar,220,33,12,0,265,0,1,13,0,14,220,34,25,0,279,42,0,42,321
10/08/2020,ONT,CA,AWP,WE,Towers with Radar,219,37,5,0,261,0,2,16,0,18,219,39,21,0,279,34,0,34,313
10/09/2020,ONT,CA,AWP,WE,Towers with Radar,178,36,7,0,221,0,2,14,1,17,178,38,21,1,238,16,12,28,266
10/10/2020,ONT,CA,AWP,WE,Towers with Radar,139,19,6,0,164,0,0,13,0,13,139,19,19,0,177,17,0,17,194
10/11/2020,ONT,CA,AWP,WE,Towers with Radar,146,4,3,0,153,0,0,11,0,11,146,4,14,0,164,0,0,0,164
10/12/2020,ONT,CA,AWP,WE,Towers with Radar,155,26,9,0,190,0,1,18,0,19,155,27,27,0,209,58,0,58,267
10/13/2020,ONT,CA,AWP,WE,Towers with Radar,219,31,7,0,257,0,3,21,0,24,219,34,28,0,281,74,0,74,355
10/14/2020,ONT,CA,AWP,WE,Towers with Radar,236,33,8,0,277,0,5,27,0,32,236,38,35,0,309,32,0,32,341
10/15/2020,ONT,CA,AWP,WE,Towers with Radar,228,32,11,0,271,0,5,26,0,31,228,37,37,0,302,46,0,46,348
10/16/2020,ONT,CA,AWP,WE,Towers with Radar,184,31,13,0,228,0,5,17,0,22,184,36,30,0,250,14,0,14,264
10/17/2020,ONT,CA,AWP,WE,Towers with Radar,150,18,6,0,174,0,4,20,0,24,150,22,26,0,198,42,0,42,240
10/18/2020,ONT,CA,AWP,WE,Towers with Radar,141,4,7,0,152,0,2,8,0,10,141,6,15,0,162,20,0,20,182
10/19/2020,ONT,CA,AWP,WE,Towers with Radar,149,23,7,2,181,0,2,24,0,26,149,25,31,2,207,26,0,26,233
10/20/2020,ONT,CA,AWP,WE,Towers with Radar,225,39,15,0,279,0,2,4,0,6,225,41,19,0,285,6,0,6,291
10/21/2020,ONT,CA,AWP,WE,Towers with Radar,232,30,25,0,287,0,3,16,0,19,232,33,41,0,306,32,0,32,338
10/22/2020,ONT,CA,AWP,WE,Towers with Radar,224,36,15,2,277,0,2,10,0,12,224,38,25,2,289,6,0,6,295
10/23/2020,ONT,CA,AWP,WE,Towers with Radar,169,39,15,0,223,0,4,7,0,11,169,43,22,0,234,12,0,12,246
10/24/2020,ONT,CA,AWP,WE,Towers with Radar,139,19,4,0,162,0,1,22,0,23,139,20,26,0,185,68,0,68,253
10/25/2020,ONT,CA,AWP,WE,Towers with Radar,140,1,11,0,152,0,3,12,0,15,140,4,23,0,167,14,0,14,181
10/26/2020,ONT,CA,AWP,WE,Towers with Radar,136,20,8,1,165,0,2,3,0,5,136,22,11,1,170,0,0,0,170
10/27/2020,ONT,CA,AWP,WE,Towers with Radar,227,31,8,1,267,0,5,12,0,17,227,36,20,1,284,2,0,2,286
10/28/2020,ONT,CA,AWP,WE,Towers with Radar,224,38,14,0,276,0,4,18,3,25,224,42,32,3,301,16,0,16,317
10/29/2020,ONT,CA,AWP,WE,Towers with Radar,216,36,12,0,264,0,4,20,2,26,216,40,32,2,290,46,0,46,336
10/30/2020,ONT,CA,AWP,WE,Towers with Radar,175,31,11,0,217,0,4,12,0,16,175,35,23,0,233,54,0,54,287
10/31/2020,ONT,CA,AWP,WE,Towers with Radar,129,20,5,0,154,0,10,8,0,18,129,30,13,0,172,0,0,0,172
11/01/2020,ONT,CA,AWP,WE,Towers with Radar,145,2,4,0,151,0,0,13,0,13,145,2,17,0,164,28,0,28,192
11/02/2020,ONT,CA,AWP,WE,Towers with Radar,160,29,13,0,202,0,1,20,1,22,160,30,33,1,224,6,0,6,230
11/03/2020,ONT,CA,AWP,WE,Towers with Radar,223,38,12,2,275,0,0,21,0,21,223,38,33,2,296,14,0,14,310
11/04/2020,ONT,CA,AWP,WE,Towers with Radar,221,39,14,0,274,0,1,25,0,26,221,40,39,0,300,18,0,18,318
11/05/2020,ONT,CA,AWP,WE,Towers with Radar,236,39,10,0,285,0,2,25,1,28,236,41,35,1,313,32,0,32,345
11/06/2020,ONT,CA,AWP,WE,Towers with Radar,179,33,7,2,221,0,2,22,0,24,179,35,29,2,245,16,0,16,261
11/07/2020,ONT,CA,AWP,WE,Towers with Radar,126,18,11,0,155,0,1,1,1,3,126,19,12,1,158,0,0,0,158
11/08/2020,ONT,CA,AWP,WE,Towers with Radar,149,3,5,0,157,0,0,5,0,5,149,3,10,0,162,8,0,8,170
11/09/2020,ONT,CA,AWP,WE,Towers with Radar,162,21,9,2,194,0,1,14,0,15,162,22,23,2,209,6,0,6,215
11/10/2020,ONT,CA,AWP,WE,Towers with Radar,225,37,11,0,273,0,2,12,0,14,225,39,23,0,287,46,0,46,333
11/11/2020,ONT,CA,AWP,WE,Towers with Radar,230,34,13,0,277,0,1,28,0,29,230,35,41,0,306,146,0,146,452
11/12/2020,ONT,CA,AWP,WE,Towers with Radar,236,34,17,2,289,0,3,9,2,14,236,37,26,4,303,0,0,0,303
11/13/2020,ONT,CA,AWP,WE,Towers with Radar,189,32,6,0,227,0,4,11,1,16,189,36,17,1,243,28,0,28,271
11/14/2020,ONT,CA,AWP,WE,Towers with Radar,132,20,5,0,157,0,2,21,0,23,132,22,26,0,180,26,0,26,206
11/15/2020,ONT,CA,AWP,WE,Towers with Radar,154,2,5,0,161,0,0,8,0,8,154,2,13,0,169,0,0,0,169
11/16/2020,ONT,CA,AWP,WE,Towers with Radar,159,25,12,1,197,0,0,12,1,13,159,25,24,2,210,38,0,38,248
11/17/2020,ONT,CA,AWP,WE,Towers with Radar,224,36,10,0,270,0,1,27,0,28,224,37,37,0,298,114,0,114,412
11/18/2020,ONT,CA,AWP,WE,Towers with Radar,227,34,12,0,273,0,1,10,3,14,227,35,22,3,287,26,0,26,313
11/19/2020,ONT,CA,AWP,WE,Towers with Radar,241,48,15,2,306,0,11,10,0,21,241,59,25,2,327,24,0,24,351
11/20/2020,ONT,CA,AWP,WE,Towers with Radar,198,40,16,0,254,0,3,15,1,19,198,43,31,1,273,24,0,24,297
11/21/2020,ONT,CA,AWP,WE,Towers with Radar,150,21,6,0,177,0,4,10,0,14,150,25,16,0,191,28,0,28,219
11/22/2020,ONT,CA,AWP,WE,Towers with Radar,160,3,7,0,170,0,0,2,0,2,160,3,9,0,172,0,0,0,172
11/23/2020,ONT,CA,AWP,WE,Towers with Radar,191,24,10,0,225,0,2,18,0,20,191,26,28,0,245,8,0,8,253
11/24/2020,ONT,CA,AWP,WE,Towers with Radar,278,36,9,0,323,0,1,26,0,27,278,37,35,0,350,62,0,62,412
11/25/2020,ONT,CA,AWP,WE,Towers with Radar,282,36,13,0,331,0,1,14,1,16,282,37,27,1,347,32,0,32,379
11/26/2020,ONT,CA,AWP,WE,Towers with Radar,120,5,7,0,132,0,0,3,0,3,120,5,10,0,135,4,0,4,139
11/27/2020,ONT,CA,AWP,WE,Towers with Radar,145,39,3,0,187,0,3,9,0,12,145,42,12,0,199,12,0,12,211
11/28/2020,ONT,CA,AWP,WE,Towers with Radar,166,15,8,0,189,0,2,9,0,11,166,17,17,0,200,14,0,14,214
11/29/2020,ONT,CA,AWP,WE,Towers with Radar,169,9,10,0,188,0,0,16,0,16,169,9,26,0,204,14,0,14,218
11/30/2020,ONT,CA,AWP,WE,Towers with Radar,213,28,3,0,244,0,0,11,0,11,213,28,14,0,255,60,0,60,315
12/01/2020,ONT,CA,AWP,WE,Towers with Radar,298,41,1,0,340,0,3,12,0,15,298,44,13,0,355,22,0,22,377
12/02/2020,ONT,CA,AWP,WE,Towers with Radar,275,37,10,0,322,0,2,30,2,34,275,39,40,2,356,0,0,0,356
12/03/2020,ONT,CA,AWP,WE,Towers with Radar,274,40,6,0,320,0,4,14,0,18,274,44,20,0,338,16,0,16,354
12/04/2020,ONT,CA,AWP,WE,Towers with Radar,216,34,4,0,254,0,4,9,0,13,216,38,13,0,267,32,0,32,299
12/05/2020,ONT,CA,AWP,WE,Towers with Radar,144,15,8,0,167,0,4,9,0,13,144,19,17,0,180,32,0,32,212
12/06/2020,ONT,CA,AWP,WE,Towers with Radar,152,2,3,0,157,0,0,5,0,5,152,2,8,0,162,6,0,6,168
12/07/2020,ONT,CA,AWP,WE,Towers with Radar,188,31,9,0,228,0,1,7,0,8,188,32,16,0,236,6,0,6,242
12/08/2020,ONT,CA,AWP,WE,Towers with Radar,263,44,4,0,311,0,6,4,0,10,263,50,8,0,321,14,0,14,335
12/09/2020,ONT,CA,AWP,WE,Towers with Radar,276,37,10,0,323,0,5,6,2,13,276,42,16,2,336,14,0,14,350
12/10/2020,ONT,CA,AWP,WE,Towers with Radar,277,39,10,0,326,0,4,17,0,21,277,43,27,0,347,14,0,14,361
12/11/2020,ONT,CA,AWP,WE,Towers with Radar,199,36,12,0,247,0,2,14,0,16,199,38,26,0,263,52,0,52,315
12/12/2020,ONT,CA,AWP,WE,Towers with Radar,142,15,8,0,165,0,1,3,1,5,142,16,11,1,170,8,0,8,178
12/13/2020,ONT,CA,AWP,WE,Towers with Radar,157,1,3,0,161,0,0,16,0,16,157,1,19,0,177,22,0,22,199
12/14/2020,ONT,CA,AWP,WE,Towers with Radar,183,28,8,0,219,0,3,11,0,14,183,31,19,0,233,24,0,24,257
12/15/2020,ONT,CA,AWP,WE,Towers with Radar,287,41,6,0,334,0,5,8,1,14,287,46,14,1,348,0,0,0,348
12/16/2020,ONT,CA,AWP,WE,Towers with Radar,287,37,3,0,327,0,1,9,2,12,287,38,12,2,339,8,0,8,347
12/17/2020,ONT,CA,AWP,WE,Towers with Radar,295,44,5,0,344,0,0,10,1,11,295,44,15,1,355,14,0,14,369
12/18/2020,ONT,CA,AWP,WE,Towers with Radar,300,41,5,0,346,0,1,2,0,3,300,42,7,0,349,0,0,0,349
12/19/2020,ONT,CA,AWP,WE,Towers with Radar,283,21,5,0,309,0,2,19,0,21,283,23,24,0,330,36,0,36,366
12/20/2020,ONT,CA,AWP,WE,Towers with Radar,239,6,9,0,254,0,0,12,0,12,239,6,21,0,266,12,0,12,278
12/21/2020,ONT,CA,AWP,WE,Towers with Radar,259,33,4,0,296,0,2,7,0,9,259,35,11,0,305,34,0,34,339
12/22/2020,ONT,CA,AWP,WE,Towers with Radar,316,42,12,0,370,0,3,9,0,12,316,45,21,0,382,0,0,0,382
12/23/2020,ONT,CA,AWP,WE,Towers with Radar,330,41,9,0,380,0,3,11,0,14,330,44,20,0,394,0,0,0,394
12/24/2020,ONT,CA,AWP,WE,Towers with Radar,187,38,3,0,228,0,0,2,0,2,187,38,5,0,230,0,0,0,230
12/25/2020,ONT,CA,AWP,WE,Towers with Radar,63,2,1,0,66,0,2,10,0,12,63,4,11,0,78,12,0,12,90
12/26/2020,ONT,CA,AWP,WE,Towers with Radar,123,26,5,0,154,0,3,11,0,14,123,29,16,0,168,0,0,0,168
12/27/2020,ONT,CA,AWP,WE,Towers with Radar,159,11,13,0,183,0,0,4,0,4,159,11,17,0,187,0,0,0,187
12/28/2020,ONT,CA,AWP,WE,Towers with Radar,180,27,6,0,213,0,0,3,0,3,180,27,9,0,216,0,0,0,216
12/29/2020,ONT,CA,AWP,WE,Towers with Radar,279,45,8,0,332,0,2,14,0,16,279,47,22,0,348,70,0,70,418
12/30/2020,ONT,CA,AWP,WE,Towers with Radar,275,40,7,0,322,0,4,23,2,29,275,44,30,2,351,58,0,58,409
12/31/2020,ONT,CA,AWP,WE,Towers with Radar,194,36,3,0,233,0,4,1,0,5,194,40,4,0,238,2,0,2,240
01/01/2021,ONT,CA,AWP,WE,Towers with Radar,79,8,4,0,91,0,1,9,0,10,79,9,13,0,101,18,0,18,119
01/02/2021,ONT,CA,AWP,WE,Towers with Radar,129,27,3,0,159,0,4,17,0,21,129,31,20,0,180,46,0,46,226
01/03/2021,ONT,CA,AWP,WE,Towers with Radar,164,9,13,0,186,0,0,18,0,18,164,9,31,0,204,22,0,22,226
01/04/2021,ONT,CA,AWP,WE,Towers with Radar,180,35,7,0,222,0,1,16,0,17,180,36,23,0,239,6,0,6,245
01/05/2021,ONT,CA,AWP,WE,Towers with Radar,229,39,3,0,271,0,6,10,0,16,229,45,13,0,287,26,0,26,313
01/06/2021,ONT,CA,AWP,WE,Towers with Radar,238,39,9,0,286,0,4,10,0,14,238,43,19,0,300,56,0,56,356
01/07/2021,ONT,CA,AWP,WE,Towers with Radar,228,38,6,0,272,0,4,4,1,9,228,42,10,1,281,34,0,34,315
01/08/2021,ONT,CA,AWP,WE,Towers with Radar,178,39,10,0,227,0,3,16,0,19,178,42,26,0,246,26,0,26,272
01/09/2021,ONT,CA,AWP,WE,Towers with Radar,132,25,4,0,161,0,4,4,0,8,132,29,8,0,169,26,0,26,195
01/10/2021,ONT,CA,AWP,WE,Towers with Radar,129,8,7,2,146,0,0,8,0,8,129,8,15,2,154,6,0,6,160
01/11/2021,ONT,CA,AWP,WE,Towers with Radar,136,28,7,0,171,0,0,11,0,11,136,28,18,0,182,20,0,20,202
01/12/2021,ONT,CA,AWP,WE,Towers with Radar,217,38,11,0,266,0,1,16,0,17,217,39,27,0,283,24,0,24,307
01/13/2021,ONT,CA,AWP,WE,Towers with Radar,213,29,6,0,248,3,11,20,0,34,216,40,26,0,282,28,0,28,310
01/14/2021,ONT,CA,AWP,WE,Towers with Radar,220,40,7,0,267,0,1,5,1,7,220,41,12,1,274,26,0,26,300
01/15/2021,ONT,CA,AWP,WE,Towers with Radar,177,40,9,0,226,0,3,12,1,16,177,43,21,1,242,20,0,20,262
01/16/2021,ONT,CA,AWP,WE,Towers with Radar,123,26,3,0,152,0,0,11,0,11,123,26,14,0,163,7,0,7,170
01/17/2021,ONT,CA,AWP,WE,Towers with Radar,120,7,1,0,128,0,8,13,0,21,120,15,14,0,149,4,0,4,153
01/18/2021,ONT,CA,AWP,WE,Towers with Radar,142,30,6,0,178,0,0,11,1,12,142,30,17,1,190,4,0,4,194
01/19/2021,ONT,CA,AWP,WE,Towers with Radar,212,33,2,0,247,0,2,4,0,6,212,35,6,0,253,0,0,0,253
01/20/2021,ONT,CA,AWP,WE,Towers with Radar,224,43,5,0,272,0,2,5,0,7,224,45,10,0,279,2,0,2,281
01/21/2021,ONT,CA,AWP,WE,Towers with Radar,214,42,19,0,275,0,3,13,3,19,214,45,32,3,294,36,0,36,330
01/22/2021,ONT,CA,AWP,WE,Towers with Radar,169,41,3,0,213,0,2,14,0,16,169,43,17,0,229,18,0,18,247
01/23/2021,ONT,CA,AWP,WE,Towers with Radar,122,23,1,0,146,0,0,0,0,0,122,23,1,0,146,0,0,0,146
01/24/2021,ONT,CA,AWP,WE,Towers with Radar,126,14,12,0,152,0,0,7,0,7,126,14,19,0,159,13,0,13,172
01/25/2021,ONT,CA,AWP,WE,Towers with Radar,141,28,3,0,172,0,0,2,0,2,141,28,5,0,174,0,0,0,174
01/26/2021,ONT,CA,AWP,WE,Towers with Radar,214,40,10,0,264,0,6,10,1,17,214,46,20,1,281,26,0,26,307
01/27/2021,ONT,CA,AWP,WE,Towers with Radar,212,34,3,0,249,0,2,15,0,17,212,36,18,0,266,22,0,22,288
01/28/2021,ONT,CA,AWP,WE,Towers with Radar,218,37,4,0,259,0,3,9,2,14,218,40,13,2,273,2,0,2,275
01/29/2021,ONT,CA,AWP,WE,Towers with Radar,170,46,2,0,218,0,2,2,0,4,170,48,4,0,222,0,0,0,222
01/30/2021,ONT,CA,AWP,WE,Towers with Radar,123,19,3,0,145,0,3,23,0,26,123,22,26,0,171,115,0,115,286
01/31/2021,ONT,CA,AWP,WE,Towers with Radar,130,7,2,0,139,0,1,15,0,16,130,8,17,0,155,32,0,32,187
02/01/2021,ONT,CA,AWP,WE,Towers with Radar,140,26,8,0,174,0,0,8,0,8,140,26,16,0,182,40,0,40,222
02/02/2021,ONT,CA,AWP,WE,Towers with Radar,208,40,7,0,255,0,5,13,1,19,208,45,20,1,274,2,0,2,276
02/03/2021,ONT,CA,AWP,WE,Towers with Radar,215,40,14,0,269,0,3,22,0,25,215,43,36,0,294,34,0,34,328
02/04/2021,ONT,CA,AWP,WE,Towers with Radar,220,40,9,0,269,0,1,16,0,17,220,41,25,0,286,14,0,14,300
02/05/2021,ONT,CA,AWP,WE,Towers with Radar,167,43,7,0,217,0,4,48,1,53,167,47,55,1,270,102,0,102,372
02/06/2021,ONT,CA,AWP,WE,Towers with Radar,121,21,9,0,151,0,5,19,1,25,121,26,28,1,176,40,0,40,216
02/07/2021,ONT,CA,AWP,WE,Towers with Radar,134,8,8,0,150,0,0,10,0,10,134,8,18,0,160,36,0,36,196
02/08/2021,ONT,CA,AWP,WE,Towers with Radar,136,29,5,0,170,0,0,8,0,8,136,29,13,0,178,8,0,8,186
02/09/2021,ONT,CA,AWP,WE,Towers with Radar,219,42,9,0,270,0,1,2,0,3,219,43,11,0,273,0,0,0,273
02/10/2021,ONT,CA,AWP,WE,Towers with Radar,214,40,17,0,271,0,4,18,0,22,214,44,35,0,293,34,0,34,327
02/11/2021,ONT,CA,AWP,WE,Towers with Radar,204,39,16,0,259,0,3,25,0,28,204,42,41,0,287,46,0,46,333
02/12/2021,ONT,CA,AWP,WE,Towers with Radar,175,42,9,0,226,0,3,8,0,11,175,45,17,0,237,8,0,8,245
02/13/2021,ONT,CA,AWP,WE,Towers with Radar,122,28,6,0,156,0,0,19,0,19,122,28,25,0,175,52,0,52,227
02/14/2021,ONT,CA,AWP,WE,Towers with Radar,120,8,5,0,133,0,0,18,0,18,120,8,23,0,151,24,0,24,175
02/15/2021,ONT,CA,AWP,WE,Towers with Radar,124,32,8,0,164,0,0,15,0,15,124,32,23,0,179,44,0,44,223
02/16/2021,ONT,CA,AWP,WE,Towers with Radar,162,36,6,0,204,0,3,8,0,11,162,39,14,0,215,30,0,30,245
02/17/2021,ONT,CA,AWP,WE,Towers with Radar,191,37,9,0,237,0,2,16,3,21,191,39,25,3,258,32,0,32,290
02/18/2021,ONT,CA,AWP,WE,Towers with Radar,198,39,7,0,244,1,4,14,0,19,199,43,21,0,263,4,0,4,267
02/19/2021,ONT,CA,AWP,WE,Towers with Radar,171,38,2,0,211,0,3,19,0,22,171,41,21,0,233,10,0,10,243
02/20/2021,ONT,CA,AWP,WE,Towers with Radar,119,22,5,0,146,0,5,11,0,16,119,27,16,0,162,44,0,44,206
02/21/2021,ONT,CA,AWP,WE,Towers with Radar,136,13,9,2,160,0,2,12,0,14,136,15,21,2,174,0,0,0,174
02/22/2021,ONT,CA,AWP,WE,Towers with Radar,141,35,13,0,189,0,1,14,0,15,141,36,27,0,204,16,0,16,220
02/23/2021,ONT,CA,AWP,WE,Towers with Radar,207,44,7,0,258,0,3,13,0,16,207,47,20,0,274,14,0,14,288
02/24/2021,ONT,CA,AWP,WE,Towers with Radar,211,41,16,0,268,0,2,16,0,18,211,43,32,0,286,34,0,34,320
02/25/2021,ONT,CA,AWP,WE,Towers with Radar,218,41,3,2,264,0,4,10,0,14,218,45,13,2,278,0,0,0,278
02/26/2021,ONT,CA,AWP,WE,Towers with Radar,170,40,12,2,224,0,5,15,1,21,170,45,27,3,245,36,0,36,281
02/27/2021,ONT,CA,AWP,WE,Towers with Radar,119,22,8,0,149,0,8,25,0,33,119,30,33,0,182,106,0,106,288
02/28/2021,ONT,CA,AWP,WE,Towers with Radar,135,12,5,2,154,0,4,12,0,16,135,16,17,2,170,10,0,10,180
03/01/2021,ONT,CA,AWP,WE,Towers with Radar,143,35,8,0,186,0,4,11,0,15,143,39,19,0,201,14,0,14,215
03/02/2021,ONT,CA,AWP,WE,Towers with Radar,213,35,6,4,258,0,8,15,0,23,213,43,21,4,281,34,0,34,315
03/03/2021,ONT,CA,AWP,WE,Towers with Radar,213,43,15,0,271,0,4,4,1,9,213,47,19,1,280,2,0,2,282
03/04/2021,ONT,CA,AWP,WE,Towers with Radar,225,38,6,0,269,0,7,12,0,19,225,45,18,0,288,34,0,34,322
03/05/2021,ONT,CA,AWP,WE,Towers with Radar,176,35,3,0,214,0,5,11,2,18,176,40,14,2,232,42,0,42,274
03/06/2021,ONT,CA,AWP,WE,Towers with Radar,129,19,1,0,149,0,9,11,0,20,129,28,12,0,169,6,0,6,175
03/07/2021,ONT,CA,AWP,WE,Towers with Radar,153,4,3,0,160,0,2,9,0,11,153,6,12,0,171,28,0,28,199
03/08/2021,ONT,CA,AWP,WE,Towers with Radar,162,30,18,0,210,0,0,4,0,4,162,30,22,0,214,14,0,14,228
03/09/2021,ONT,CA,AWP,WE,Towers with Radar,225,39,8,0,272,0,3,11,0,14,225,42,19,0,286,22,0,22,308
03/10/2021,ONT,CA,AWP,WE,Towers with Radar,226,46,11,0,283,0,2,2,2,6,226,48,13,2,289,0,0,0,289
03/11/2021,ONT,CA,AWP,WE,Towers with Radar,247,39,15,0,301,0,2,5,1,8,247,41,20,1,309,18,0,18,327
03/12/2021,ONT,CA,AWP,WE,Towers with Radar,191,35,5,0,231,0,3,13,2,18,191,38,18,2,249,44,0,44,293
03/13/2021,ONT,CA,AWP,WE,Towers with Radar,139,20,0,0,159,0,3,11,0,14,139,23,11,0,173,30,0,30,203
03/14/2021,ONT,CA,AWP,WE,Towers with Radar,144,5,14,0,163,0,2,6,0,8,144,7,20,0,171,42,0,42,213
03/15/2021,ONT,CA,AWP,WE,Towers with Radar,162,26,17,0,205,0,0,9,0,9,162,26,26,0,214,38,0,38,252
03/16/2021,ONT,CA,AWP,WE,Towers with Radar,234,49,12,0,295,0,6,22,1,29,234,55,34,1,324,6,0,6,330
03/17/2021,ONT,CA,AWP,WE,Towers with Radar,230,42,14,0,286,0,7,17,0,24,230,49,31,0,310,32,0,32,342
03/18/2021,ONT,CA,AWP,WE,Towers with Radar,235,45,15,0,295,0,6,20,1,27,235,51,35,1,322,2,0,2,324
03/19/2021,ONT,CA,AWP,WE,Towers with Radar,192,40,10,2,244,0,5,18,0,23,192,45,28,2,267,18,0,18,285
03/20/2021,ONT,CA,AWP,WE,Towers with Radar,133,18,5,0,156,0,1,5,0,6,133,19,10,0,162,10,0,10,172
03/21/2021,ONT,CA,AWP,WE,Towers with Radar,156,4,11,0,171,0,2,4,0,6,156,6,15,0,177,0,0,0,177
03/22/2021,ONT,CA,AWP,WE,Towers with Radar,160,25,4,0,189,0,3,14,0,17,160,28,18,0,206,20,0,20,226
03/23/2021,ONT,CA,AWP,WE,Towers with Radar,242,40,13,0,295,0,4,12,2,18,242,44,25,2,313,24,0,24,337
03/24/2021,ONT,CA,AWP,WE,Towers with Radar,241,32,11,0,284,0,3,9,0,12,241,35,20,0,296,10,0,10,306
03/25/2021,ONT,CA,AWP,WE,Towers with Radar,242,38,19,4,303,0,2,3,0,5,242,40,22,4,308,12,0,12,320
03/26/2021,ONT,CA,AWP,WE,Towers with Radar,187,43,10,0,240,0,9,10,0,19,187,52,20,0,259,8,0,8,267
03/27/2021,ONT,CA,AWP,WE,Towers with Radar,135,17,5,0,157,0,7,13,0,20,135,24,18,0,177,38,0,38,215
03/28/2021,ONT,CA,AWP,WE,Towers with Radar,154,3,6,0,163,0,0,13,0,13,154,3,19,0,176,10,0,10,186
03/29/2021,ONT,CA,AWP,WE,Towers with Radar,162,28,15,0,205,0,2,11,0,13,162,30,26,0,218,6,0,6,224
03/30/2021,ONT,CA,AWP,WE,Towers with Radar,229,34,8,2,273,0,2,14,0,16,229,36,22,2,289,22,0,22,311
03/31/2021,ONT,CA,AWP,WE,Towers with Radar,242,39,12,0,293,0,4,8,2,14,242,43,20,2,307,0,0,0,307
04/01/2021,ONT,CA,AWP,WE,Towers with Radar,235,40,2,0,277,0,2,4,0,6,235,42,6,0,283,2,0,2,285
04/02/2021,ONT,CA,AWP,WE,Towers with Radar,185,40,3,0,228,0,3,15,0,18,185,43,18,0,246,30,0,30,276
04/03/2021,ONT,CA,AWP,WE,Towers with Radar,130,25,2,0,157,0,2,7,0,9,130,27,9,0,166,86,0,86,252
04/04/2021,ONT,CA,AWP,WE,Towers with Radar,147,9,1,0,157,0,0,5,0,5,147,9,6,0,162,0,0,0,162
04/05/2021,ONT,CA,AWP,WE,Towers with Radar,158,29,8,2,197,0,1,19,0,20,158,30,27,2,217,8,0,8,225
04/06/2021,ONT,CA,AWP,WE,Towers with Radar,227,35,12,0,274,0,3,19,0,22,227,38,31,0,296,78,0,78,374
04/07/2021,ONT,CA,AWP,WE,Towers with Radar,233,36,8,0,277,0,4,11,0,15,233,40,19,0,292,20,0,20,312
04/08/2021,ONT,CA,AWP,WE,Towers with Radar,235,47,13,2,297,0,6,19,0,25,235,53,32,2,322,42,0,42,364
04/09/2021,ONT,CA,AWP,WE,Towers with Radar,183,38,6,0,227,0,3,9,1,13,183,41,15,1,240,43,0,43,283
04/10/2021,ONT,CA,AWP,WE,Towers with Radar,133,19,9,0,161,0,3,11,0,14,133,22,20,0,175,12,0,12,187
04/11/2021,ONT,CA,AWP,WE,Towers with Radar,155,11,7,0,173,0,3,5,0,8,155,14,12,0,181,66,0,66,247
04/12/2021,ONT,CA,AWP,WE,Towers with Radar,156,29,12,0,197,0,1,6,1,8,156,30,18,1,205,0,0,0,205
04/13/2021,ONT,CA,AWP,WE,Towers with Radar,216,38,6,0,260,0,0,12,0,12,216,38,18,0,272,16,0,16,288
04/14/2021,ONT,CA,AWP,WE,Towers with Radar,220,36,25,0,281,0,2,12,0,14,220,38,37,0,295,20,0,20,315
04/15/2021,ONT,CA,AWP,WE,Towers with Radar,226,40,12,1,279,0,3,13,1,17,226,43,25,2,296,0,0,0,296
04/16/2021,ONT,CA,AWP,WE,Towers with Radar,179,42,8,0,229,0,5,15,0,20,179,47,23,0,249,0,0,0,249
04/17/2021,ONT,CA,AWP,WE,Towers with Radar,133,25,7,0,165,0,0,7,0,7,133,25,14,0,172,36,0,36,208
04/18/2021,ONT,CA,AWP,WE,Towers with Radar,144,7,6,0,157,0,0,4,0,4,144,7,10,0,161,0,0,0,161
04/19/2021,ONT,CA,AWP,WE,Towers with Radar,151,27,7,0,185,0,2,14,0,16,151,29,21,0,201,6,0,6,207
04/20/2021,ONT,CA,AWP,WE,Towers with Radar,216,37,12,2,267,0,3,16,0,19,216,40,28,2,286,10,0,10,296
04/21/2021,ONT,CA,AWP,WE,Towers with Radar,219,41,23,0,283,0,0,1,1,2,219,41,24,1,285,8,0,8,293
04/22/2021,ONT,CA,AWP,WE,Towers with Radar,225,48,9,0,282,0,0,11,1,12,225,48,20,1,294,16,0,16,310
04/23/2021,ONT,CA,AWP,WE,Towers with Radar,170,43,10,0,223,0,1,13,0,14,170,44,23,0,237,44,0,44,281
04/24/2021,ONT,CA,AWP,WE,Towers with Radar,129,29,12,0,170,0,0,8,0,8,129,29,20,0,178,42,0,42,220
04/25/2021,ONT,CA,AWP,WE,Towers with Radar,140,6,8,0,154,0,0,8,0,8,140,6,16,0,162,20,0,20,182
04/26/2021,ONT,CA,AWP,WE,Towers with Radar,148,28,7,0,183,0,0,15,0,15,148,28,22,0,198,0,0,0,198
04/27/2021,ONT,CA,AWP,WE,Towers with Radar,213,39,16,0,268,0,2,11,2,15,213,41,27,2,283,0,0,0,283
04/28/2021,ONT,CA,AWP,WE,Towers with Radar,226,39,14,0,279,0,5,8,0,13,226,44,22,0,292,22,0,22,314
04/29/2021,ONT,CA,AWP,WE,Towers with Radar,226,50,11,0,287,0,23,10,0,33,226,73,21,0,320,34,0,34,354
04/30/2021,ONT,CA,AWP,WE,Towers with Radar,176,37,11,2,226,0,6,7,2,15,176,43,18,4,241,6,0,6,247
05/01/2021,ONT,CA,AWP,WE,Towers with Radar,131,24,3,1,159,0,6,7,2,15,131,30,10,3,174,32,0,32,206
05/02/2021,ONT,CA,AWP,WE,Towers with Radar,138,10,13,0,161,0,0,15,0,15,138,10,28,0,176,12,0,12,188
05/03/2021,ONT,CA,AWP,WE,Towers with Radar,164,27,11,0,202,0,3,12,0,15,164,30,23,0,217,48,0,48,265
05/04/2021,ONT,CA,AWP,WE,Towers with Radar,217,42,9,0,268,0,2,22,0,24,217,44,31,0,292,44,0,44,336
05/05/2021,ONT,CA,AWP,WE,Towers with Radar,231,42,11,0,284,0,2,15,0,17,231,44,26,0,301,18,0,18,319
05/06/2021,ONT,CA,AWP,WE,Towers with Radar,236,44,14,0,294,0,3,11,0,14,236,47,25,0,308,22,0,22,330
05/07/2021,ONT,CA,AWP,WE,Towers with Radar,184,41,11,0,236,0,6,5,0,11,184,47,16,0,247,34,0,34,281
05/08/2021,ONT,CA,AWP,WE,Towers with Radar,140,24,6,0,170,0,4,7,0,11,140,28,13,0,181,0,0,0,181
05/09/2021,ONT,CA,AWP,WE,Towers with Radar,153,11,7,0,171,0,0,3,0,3,153,11,10,0,174,12,0,12,186
05/10/2021,ONT,CA,AWP,WE,Towers with Radar,161,28,4,0,193,0,3,7,0,10,161,31,11,0,203,24,0,24,227
05/11/2021,ONT,CA,AWP,WE,Towers with Radar,225,39,10,0,274,0,9,7,0,16,225,48,17,0,290,40,0,40,330
05/12/2021,ONT,CA,AWP,WE,Towers with Radar,238,45,10,0,293,0,2,10,0,12,238,47,20,0,305,18,0,18,323
05/13/2021,ONT,CA,AWP,WE,Towers with Radar,244,39,16,0,299,0,2,9,0,11,244,41,25,0,310,0,0,0,310
05/14/2021,ONT,CA,AWP,WE,Towers with Radar,182,40,9,0,231,0,1,11,0,12,182,41,20,0,243,24,0,24,267
05/15/2021,ONT,CA,AWP,WE,Towers with Radar,136,27,7,2,172,0,3,15,0,18,136,30,22,2,190,74,0,74,264
05/16/2021,ONT,CA,AWP,WE,Towers with Radar,154,9,6,1,170,0,0,5,1,6,154,9,11,2,176,0,0,0,176
05/17/2021,ONT,CA,AWP,WE,Towers with Radar,167,27,10,0,204,0,0,14,1,15,167,27,24,1,219,14,0,14,233
05/18/2021,ONT,CA,AWP,WE,Towers with Radar,225,35,18,0,278,0,2,27,0,29,225,37,45,0,307,22,0,22,329
05/19/2021,ONT,CA,AWP,WE,Towers with Radar,232,46,19,0,297,0,2,11,3,16,232,48,30,3,313,0,0,0,313
05/20/2021,ONT,CA,AWP,WE,Towers with Radar,239,37,20,0,296,1,1,8,0,10,240,38,28,0,306,2,0,2,308
05/21/2021,ONT,CA,AWP,WE,Towers with Radar,192,38,17,0,247,0,4,4,0,8,192,42,21,0,255,4,0,4,259
05/22/2021,ONT,CA,AWP,WE,Towers with Radar,136,25,7,0,168,0,3,15,0,18,136,28,22,0,186,56,0,56,242
05/23/2021,ONT,CA,AWP,WE,Towers with Radar,150,10,6,0,166,0,3,16,0,19,150,13,22,0,185,48,0,48,233
05/24/2021,ONT,CA,AWP,WE,Towers with Radar,174,29,11,0,214,0,1,6,0,7,174,30,17,0,221,16,0,16,237
05/25/2021,ONT,CA,AWP,WE,Towers with Radar,228,37,13,0,278,0,8,13,0,21,228,45,26,0,299,8,0,8,307
05/26/2021,ONT,CA,AWP,WE,Towers with Radar,226,44,13,0,283,0,6,11,0,17,226,50,24,0,300,22,0,22,322
05/27/2021,ONT,CA,AWP,WE,Towers with Radar,245,37,14,0,296,0,9,21,0,30,245,46,35,0,326,58,0,58,384
05/28/2021,ONT,CA,AWP,WE,Towers with Radar,185,41,7,0,233,0,5,14,0,19,185,46,21,0,252,44,0,44,296
05/29/2021,ONT,CA,AWP,WE,Towers with Radar,128,28,2,0,158,0,4,14,0,18,128,32,16,0,176,0,0,0,176
05/30/2021,ONT,CA,AWP,WE,Towers with Radar,150,6,5,0,161,0,3,6,0,9,150,9,11,0,170,0,0,0,170
05/31/2021,ONT,CA,AWP,WE,Towers with Radar,139,8,9,0,156,0,2,15,0,17,139,10,24,0,173,44,0,44,217
06/01/2021,ONT,CA,AWP,WE,Towers with Radar,168,25,11,0,204,0,3,21,1,25,168,28,32,1,229,36,0,36,265
06/02/2021,ONT,CA,AWP,WE,Towers with Radar,247,40,7,0,294,0,1,13,0,14,247,41,20,0,308,26,0,26,334
06/03/2021,ONT,CA,AWP,WE,Towers with Radar,244,42,13,0,299,1,6,15,1,23,245,48,28,1,322,26,0,26,348
06/04/2021,ONT,CA,AWP,WE,Towers with Radar,188,45,10,1,244,0,4,14,0,18,188,49,24,1,262,40,0,40,302
06/05/2021,ONT,CA,AWP,WE,Towers with Radar,138,20,8,0,166,0,3,21,0,24,138,23,29,0,190,56,0,56,246
06/06/2021,ONT,CA,AWP,WE,Towers with Radar,139,6,6,0,151,0,0,7,0,7,139,6,13,0,158,4,0,4,162
06/07/2021,ONT,CA,AWP,WE,Towers with Radar,172,25,8,0,205,0,1,18,0,19,172,26,26,0,224,18,0,18,242
06/08/2021,ONT,CA,AWP,WE,Towers with Radar,253,36,15,0,304,0,5,11,0,16,253,41,26,0,320,24,0,24,344
06/09/2021,ONT,CA,AWP,WE,Towers with Radar,250,40,7,0,297,0,3,15,0,18,250,43,22,0,315,18,0,18,333
06/10/2021,ONT,CA,AWP,WE,Towers with Radar,255,42,9,2,308,0,3,25,0,28,255,45,34,2,336,56,0,56,392
06/11/2021,ONT,CA,AWP,WE,Towers with Radar,201,42,11,0,254,0,3,16,3,22,201,45,27,3,276,96,0,96,372
06/12/2021,ONT,CA,AWP,WE,Towers with Radar,137,19,4,0,160,0,5,7,1,13,137,24,11,1,173,8,0,8,181
06/13/2021,ONT,CA,AWP,WE,Towers with Radar,148,6,0,0,154,0,0,16,0,16,148,6,16,0,170,60,0,60,230
06/14/2021,ONT,CA,AWP,WE,Towers with Radar,181,31,17,0,229,0,1,18,0,19,181,32,35,0,248,135,0,135,383
06/15/2021,ONT,CA,AWP,WE,Towers with Radar,247,43,8,2,300,0,5,23,0,28,247,48,31,2,328,62,0,62,390
06/16/2021,ONT,CA,AWP,WE,Towers with Radar,242,43,11,0,296,0,3,7,0,10,242,46,18,0,306,10,0,10,316
06/17/2021,ONT,CA,AWP,WE,Towers with Radar,255,41,15,0,311,0,3,29,0,32,255,44,44,0,343,62,0,62,405
06/18/2021,ONT,CA,AWP,WE,Towers with Radar,209,40,10,0,259,0,9,12,0,21,209,49,22,0,280,40,0,40,320
06/19/2021,ONT,CA,AWP,WE,Towers with Radar,141,20,6,0,167,0,4,28,2,34,141,24,34,2,201,84,0,84,285
06/20/2021,ONT,CA,AWP,WE,Towers with Radar,154,10,8,0,172,0,0,9,0,9,154,10,17,0,181,14,0,14,195
06/21/2021,ONT,CA,AWP,WE,Towers with Radar,184,31,9,0,224,0,1,15,0,16,184,32,24,0,240,22,0,22,262
06/22/2021,ONT,CA,AWP,WE,Towers with Radar,252,44,15,0,311,1,2,6,0,9,253,46,21,0,320,12,0,12,332
06/23/2021,ONT,CA,AWP,WE,Towers with Radar,244,42,16,2,304,0,4,26,0,30,244,46,42,2,334,82,0,82,416
06/24/2021,ONT,CA,AWP,WE,Towers with Radar,258,44,11,0,313,0,2,20,2,24,258,46,31,2,337,46,0,46,383
06/25/2021,ONT,CA,AWP,WE,Towers with Radar,204,41,19,0,264,0,5,12,0,17,204,46,31,0,281,78,0,78,359
06/26/2021,ONT,CA,AWP,WE,Towers with Radar,138,22,2,0,162,0,5,16,0,21,138,27,18,0,183,8,0,8,191
06/27/2021,ONT,CA,AWP,WE,Towers with Radar,147,8,14,0,169,0,0,8,0,8,147,8,22,0,177,50,0,50,227
06/28/2021,ONT,CA,AWP,WE,Towers with Radar,185,26,14,0,225,0,5,18,0,23,185,31,32,0,248,22,0,22,270
06/29/2021,ONT,CA,AWP,WE,Towers with Radar,248,34,15,0,297,0,5,27,1,33,248,39,42,1,330,58,0,58,388
06/30/2021,ONT,CA,AWP,WE,Towers with Radar,250,40,16,0,306,0,5,24,0,29,250,45,40,0,335,94,0,94,429
07/01/2021,ONT,CA,AWP,WE,Towers with Radar,257,37,13,0,307,0,3,18,0,21,257,40,31,0,328,66,0,66,394
07/02/2021,ONT,CA,AWP,WE,Towers with Radar,195,39,9,0,243,0,4,15,0,19,195,43,24,0,262,40,0,40,302
07/03/2021,ONT,CA,AWP,WE,Towers with Radar,134,25,7,0,166,0,3,15,0,18,134,28,22,0,184,36,0,36,220
07/04/2021,ONT,CA,AWP,WE,Towers with Radar,121,6,4,0,131,0,0,12,0,12,121,6,16,0,143,0,0,0,143
07/05/2021,ONT,CA,AWP,WE,Towers with Radar,144,19,15,0,178,0,0,12,0,12,144,19,27,0,190,46,0,46,236
07/06/2021,ONT,CA,AWP,WE,Towers with Radar,183,28,4,0,215,0,4,21,0,25,183,32,25,0,240,46,0,46,286
07/07/2021,ONT,CA,AWP,WE,Towers with Radar,260,43,9,0,312,0,4,21,1,26,260,47,30,1,338,46,0,46,384
07/08/2021,ONT,CA,AWP,WE,Towers with Radar,258,37,15,0,310,0,4,23,0,27,258,41,38,0,337,32,0,32,369
07/09/2021,ONT,CA,AWP,WE,Towers with Radar,209,37,16,0,262,0,7,27,0,34,209,44,43,0,296,88,0,88,384
07/10/2021,ONT,CA,AWP,WE,Towers with Radar,148,22,12,0,182,0,11,12,0,23,148,33,24,0,205,44,0,44,249
07/11/2021,ONT,CA,AWP,WE,Towers with Radar,148,4,10,0,162,0,0,5,0,5,148,4,15,0,167,14,0,14,181
07/12/2021,ONT,CA,AWP,WE,Towers with Radar,182,23,8,0,213,0,2,20,0,22,182,25,28,0,235,42,0,42,277
07/13/2021,ONT,CA,AWP,WE,Towers with Radar,250,35,16,0,301,0,6,17,0,23,250,41,33,0,324,50,0,50,374
07/14/2021,ONT,CA,AWP,WE,Towers with Radar,248,42,6,0,296,0,3,12,0,15,248,45,18,0,311,34,0,34,345
07/15/2021,ONT,CA,AWP,WE,Towers with Radar,271,39,16,0,326,0,4,29,0,33,271,43,45,0,359,38,0,38,397
07/16/2021,ONT,CA,AWP,WE,Towers with Radar,211,43,6,0,260,0,3,25,0,28,211,46,31,0,288,14,0,14,302
07/17/2021,ONT,CA,AWP,WE,Towers with Radar,150,30,4,0,184,0,4,7,0,11,150,34,11,0,195,32,0,32,227
07/18/2021,ONT,CA,AWP,WE,Towers with Radar,155,12,2,0,169,0,0,13,0,13,155,12,15,0,182,20,0,20,202
07/19/2021,ONT,CA,AWP,WE,Towers with Radar,181,24,9,0,214,0,3,12,0,15,181,27,21,0,229,40,0,40,269
07/20/2021,ONT,CA,AWP,WE,Towers with Radar,250,35,10,0,295,0,5,25,0,30,250,40,35,0,325,10,0,10,335
07/21/2021,ONT,CA,AWP,WE,Towers with Radar,251,34,9,0,294,0,5,20,1,26,251,39,29,1,320,24,0,24,344
07/22/2021,ONT,CA,AWP,WE,Towers with Radar,255,34,13,0,302,0,3,14,1,18,255,37,27,1,320,12,0,12,332
07/23/2021,ONT,CA,AWP,WE,Towers with Radar,209,35,10,0,254,0,4,28,0,32,209,39,38,0,286,56,0,56,342
07/24/2021,ONT,CA,AWP,WE,Towers with Radar,151,22,7,0,180,0,2,15,0,17,151,24,22,0,197,26,0,26,223
07/25/2021,ONT,CA,AWP,WE,Towers with Radar,153,4,4,0,161,0,0,10,0,10,153,4,14,0,171,0,0,0,171
07/26/2021,ONT,CA,AWP,WE,Towers with Radar,181,27,8,0,216,0,2,6,0,8,181,29,14,0,224,6,0,6,230
07/27/2021,ONT,CA,AWP,WE,Towers with Radar,248,36,6,0,290,1,4,23,0,28,249,40,29,0,318,4,0,4,322
07/28/2021,ONT,CA,AWP,WE,Towers with Radar,256,43,13,0,312,0,3,13,1,17,256,46,26,1,329,2,0,2,331
07/29/2021,ONT,CA,AWP,WE,Towers with Radar,266,35,13,2,316,0,3,22,0,25,266,38,35,2,341,20,0,20,361
07/30/2021,ONT,CA,AWP,WE,Towers with Radar,208,41,10,2,261,0,5,31,0,36,208,46,41,2,297,48,0,48,345
07/31/2021,ONT,CA,AWP,WE,Towers with Radar,161,18,6,0,185,0,3,12,0,15,161,21,18,0,200,18,0,18,218
08/01/2021,ONT,CA,AWP,WE,Towers with Radar,140,13,10,0,163,0,1,13,0,14,140,14,23,0,177,6,0,6,183
08/02/2021,ONT,CA,AWP,WE,Towers with Radar,184,28,13,0,225,0,3,16,0,19,184,31,29,0,244,14,0,14,258
08/03/2021,ONT,CA,AWP,WE,Towers with Radar,251,37,8,0,296,0,2,22,0,24,251,39,30,0,320,72,0,72,392
08/04/2021,ONT,CA,AWP,WE,Towers with Radar,262,34,10,0,306,0,2,21,0,23,262,36,31,0,329,42,0,42,371
08/05/2021,ONT,CA,AWP,WE,Towers with Radar,265,37,18,0,320,0,3,12,0,15,265,40,30,0,335,16,0,16,351
08/06/2021,ONT,CA,AWP,WE,Towers with Radar,211,36,17,0,264,0,4,17,1,22,211,40,34,1,286,16,0,16,302
08/07/2021,ONT,CA,AWP,WE,Towers with Radar,153,19,9,0,181,0,2,14,0,16,153,21,23,0,197,0,0,0,197
08/08/2021,ONT,CA,AWP,WE,Towers with Radar,154,4,6,0,164,0,3,11,0,14,154,7,17,0,178,0,0,0,178
08/09/2021,ONT,CA,AWP,WE,Towers with Radar,195,28,7,2,232,0,4,17,0,21,195,32,24,2,253,17,0,17,270
08/10/2021,ONT,CA,AWP,WE,Towers with Radar,260,33,12,0,305,0,4,15,0,19,260,37,27,0,324,36,0,36,360
08/11/2021,ONT,CA,AWP,WE,Towers with Radar,263,33,6,0,302,0,3,14,0,17,263,36,20,0,319,4,0,4,323
08/12/2021,ONT,CA,AWP,WE,Towers with Radar,264,35,12,0,311,0,6,19,1,26,264,41,31,1,337,14,0,14,351
08/13/2021,ONT,CA,AWP,WE,Towers with Radar,213,38,15,2,268,0,5,17,1,23,213,43,32,3,291,36,0,36,327
08/14/2021,ONT,CA,AWP,WE,Towers with Radar,139,27,3,0,169,0,3,19,0,22,139,30,22,0,191,8,0,8,199
08/15/2021,ONT,CA,AWP,WE,Towers with Radar,149,10,6,0,165,0,2,13,0,15,149,12,19,0,180,42,0,42,222
08/16/2021,ONT,CA,AWP,WE,Towers with Radar,186,33,10,0,229,0,1,18,0,19,186,34,28,0,248,28,0,28,276
08/17/2021,ONT,CA,AWP,WE,Towers with Radar,252,42,9,0,303,0,4,15,0,19,252,46,24,0,322,10,0,10,332
08/18/2021,ONT,CA,AWP,WE,Towers with Radar,264,43,11,2,320,0,3,9,0,12,264,46,20,2,332,6,0,6,338
08/19/2021,ONT,CA,AWP,WE,Towers with Radar,263,32,13,0,308,0,3,18,0,21,263,35,31,0,329,4,0,4,333
08/20/2021,ONT,CA,AWP,WE,Towers with Radar,221,41,11,0,273,0,2,8,0,10,221,43,19,0,283,18,0,18,301
08/21/2021,ONT,CA,AWP,WE,Towers with Radar,149,25,2,1,177,0,0,5,0,5,149,25,7,1,182,8,0,8,190
08/22/2021,ONT,CA,AWP,WE,Towers with Radar,153,7,13,0,173,0,0,9,0,9,153,7,22,0,182,0,0,0,182
08/23/2021,ONT,CA,AWP,WE,Towers with Radar,184,31,8,0,223,0,3,9,1,13,184,34,17,1,236,12,0,12,248
08/24/2021,ONT,CA,AWP,WE,Towers with Radar,252,40,5,0,297,0,4,12,0,16,252,44,17,0,313,2,0,2,315
08/25/2021,ONT,CA,AWP,WE,Towers with Radar,252,36,11,0,299,0,4,13,0,17,252,40,24,0,316,43,0,43,359
08/26/2021,ONT,CA,AWP,WE,Towers with Radar,260,40,15,2,317,0,4,13,0,17,260,44,28,2,334,6,0,6,340
08/27/2021,ONT,CA,AWP,WE,Towers with Radar,213,39,5,2,259,0,5,16,0,21,213,44,21,2,280,18,0,18,298
08/28/2021,ONT,CA,AWP,WE,Towers with Radar,148,22,8,0,178,0,6,9,0,15,148,28,17,0,193,0,0,0,193
08/29/2021,ONT,CA,AWP,WE,Towers with Radar,143,7,4,0,154,0,0,11,0,11,143,7,15,0,165,32,0,32,197
08/30/2021,ONT,CA,AWP,WE,Towers with Radar,185,31,2,1,219,1,2,10,0,13,186,33,12,1,232,6,0,6,238
08/31/2021,ONT,CA,AWP,WE,Towers with Radar,251,38,10,0,299,0,4,7,0,11,251,42,17,0,310,12,0,12,322
09/01/2021,ONT,CA,AWP,WE,Towers with Radar,258,50,16,0,324,0,2,13,1,16,258,52,29,1,340,46,0,46,386
09/02/2021,ONT,CA,AWP,WE,Towers with Radar,264,38,11,0,313,0,4,12,0,16,264,42,23,0,329,34,0,34,363
09/03/2021,ONT,CA,AWP,WE,Towers with Radar,222,46,13,0,281,0,6,6,0,12,222,52,19,0,293,4,0,4,297
09/04/2021,ONT,CA,AWP,WE,Towers with Radar,141,20,7,0,168,0,4,18,0,22,141,24,25,0,190,10,0,10,200
09/05/2021,ONT,CA,AWP,WE,Towers with Radar,139,5,3,0,147,0,2,11,0,13,139,7,14,0,160,10,0,10,170
09/06/2021,ONT,CA,AWP,WE,Towers with Radar,156,11,7,0,174,0,1,3,0,4,156,12,10,0,178,6,0,6,184
09/07/2021,ONT,CA,AWP,WE,Towers with Radar,172,28,12,0,212,1,4,14,0,19,173,32,26,0,231,6,0,6,237
09/08/2021,ONT,CA,AWP,WE,Towers with Radar,248,43,11,0,302,0,3,9,0,12,248,46,20,0,314,2,0,2,316
09/09/2021,ONT,CA,AWP,WE,Towers with Radar,276,47,11,0,334,0,3,40,0,43,276,50,51,0,377,18,0,18,395
09/10/2021,ONT,CA,AWP,WE,Towers with Radar,231,44,9,0,284,0,1,20,0,21,231,45,29,0,305,8,0,8,313
09/11/2021,ONT,CA,AWP,WE,Towers with Radar,157,36,4,0,197,0,2,12,0,14,157,38,16,0,211,0,0,0,211
09/12/2021,ONT,CA,AWP,WE,Towers with Radar,171,17,12,0,200,0,2,11,0,13,171,19,23,0,213,20,0,20,233
09/13/2021,ONT,CA,AWP,WE,Towers with Radar,187,32,13,0,232,0,0,15,0,15,187,32,28,0,247,4,0,4,251
09/14/2021,ONT,CA,AWP,WE,Towers with Radar,239,39,13,0,291,0,2,18,1,21,239,41,31,1,312,6,0,6,318
09/15/2021,ONT,CA,AWP,WE,Towers with Radar,253,39,10,0,302,0,5,28,1,34,253,44,38,1,336,14,0,14,350
09/16/2021,ONT,CA,AWP,WE,Towers with Radar,276,41,9,2,328,0,4,17,1,22,276,45,26,3,350,18,0,18,368
09/17/2021,ONT,CA,AWP,WE,Towers with Radar,225,43,13,0,281,0,2,8,0,10,225,45,21,0,291,2,0,2,293
09/18/2021,ONT,CA,AWP,WE,Towers with Radar,164,26,4,0,194,0,4,16,0,20,164,30,20,0,214,28,0,28,242
09/19/2021,ONT,CA,AWP,WE,Towers with Radar,176,12,9,0,197,0,0,8,0,8,176,12,17,0,205,22,0,22,227
09/20/2021,ONT,CA,AWP,WE,Towers with Radar,193,19,7,0,219,0,7,10,0,17,193,26,17,0,236,22,0,22,258
09/21/2021,ONT,CA,AWP,WE,Towers with Radar,243,47,7,0,297,0,4,16,0,20,243,51,23,0,317,8,0,8,325
09/22/2021,ONT,CA,AWP,WE,Towers with Radar,256,47,13,0,316,0,5,9,0,14,256,52,22,0,330,0,0,0,330
09/23/2021,ONT,CA,AWP,WE,Towers with Radar,272,48,14,0,334,0,2,19,0,21,272,50,33,0,355,16,0,16,371
09/24/2021,ONT,CA,AWP,WE,Towers with Radar,232,56,24,0,312,0,4,16,0,20,232,60,40,0,332,36,0,36,368
09/25/2021,ONT,CA,AWP,WE,Towers with Radar,157,27,4,0,188,0,5,15,0,20,157,32,19,0,208,20,0,20,228
09/26/2021,ONT,CA,AWP,WE,Towers with Radar,170,10,18,0,198,0,1,6,0,7,170,11,24,0,205,0,0,0,205
09/27/2021,ONT,CA,AWP,WE,Towers with Radar,194,34,13,2,243,0,1,9,0,10,194,35,22,2,253,14,0,14,267
09/28/2021,ONT,CA,AWP,WE,Towers with Radar,234,49,13,0,296,0,0,3,0,3,234,49,16,0,299,0,0,0,299
09/29/2021,ONT,CA,AWP,WE,Towers with Radar,252,48,8,0,308,0,1,20,0,21,252,49,28,0,329,10,0,10,339
09/30/2021,ONT,CA,AWP,WE,Towers with Radar,273,49,17,0,339,0,5,12,0,17,273,54,29,0,356,8,0,8,364
10/01/2021,ONT,CA,AWP,WE,Towers with Radar,219,48,16,0,283,0,7,11,1,19,219,55,27,1,302,10,0,10,312
10/02/2021,ONT,CA,AWP,WE,Towers with Radar,172,30,5,0,207,0,5,11,0,16,172,35,16,0,223,0,0,0,223
10/03/2021,ONT,CA,AWP,WE,Towers with Radar,180,7,5,0,192,0,2,16,0,18,180,9,21,0,210,0,0,0,210
10/04/2021,ONT,CA,AWP,WE,Towers with Radar,213,33,7,0,253,0,0,16,0,16,213,33,23,0,269,42,0,42,311
10/05/2021,ONT,CA,AWP,WE,Towers with Radar,254,43,12,0,309,0,4,17,1,22,254,47,29,1,331,62,0,62,393
10/06/2021,ONT,CA,AWP,WE,Towers with Radar,251,57,12,0,320,0,2,7,1,10,251,59,19,1,330,30,0,30,360
10/07/2021,ONT,CA,AWP,WE,Towers with Radar,270,44,18,0,332,0,0,11,0,11,270,44,29,0,343,0,0,0,343
10/08/2021,ONT,CA,AWP,WE,Towers with Radar,211,45,14,0,270,0,0,10,0,10,211,45,24,0,280,16,0,16,296
10/09/2021,ONT,CA,AWP,WE,Towers with Radar,146,31,8,0,185,0,1,18,0,19,146,32,26,0,204,44,0,44,248
10/10/2021,ONT,CA,AWP,WE,Towers with Radar,142,11,14,0,167,0,0,18,0,18,142,11,32,0,185,28,0,28,213
10/11/2021,ONT,CA,AWP,WE,Towers with Radar,203,32,13,0,248,0,0,16,0,16,203,32,29,0,264,0,0,0,264
10/12/2021,ONT,CA,AWP,WE,Towers with Radar,244,42,14,0,300,1,3,13,0,17,245,45,27,0,317,6,0,6,323
10/13/2021,ONT,CA,AWP,WE,Towers with Radar,250,46,12,2,310,0,3,29,0,32,250,49,41,2,342,4,0,4,346
10/14/2021,ONT,CA,AWP,WE,Towers with Radar,265,45,13,0,323,0,4,9,0,13,265,49,22,0,336,16,0,16,352
10/15/2021,ONT,CA,AWP,WE,Towers with Radar,222,46,14,0,282,0,4,11,0,15,222,50,25,0,297,4,0,4,301
10/16/2021,ONT,CA,AWP,WE,Towers with Radar,158,33,7,0,198,0,2,13,0,15,158,35,20,0,213,0,0,0,213
10/17/2021,ONT,CA,AWP,WE,Towers with Radar,166,6,8,0,180,0,0,12,0,12,166,6,20,0,192,12,0,12,204
10/18/2021,ONT,CA,AWP,WE,Towers with Radar,197,33,9,0,239,0,1,7,0,8,197,34,16,0,247,0,0,0,247
10/19/2021,ONT,CA,AWP,WE,Towers with Radar,250,49,10,0,309,0,5,6,0,11,250,54,16,0,320,0,0,0,320
10/20/2021,ONT,CA,AWP,WE,Towers with Radar,255,41,13,1,310,0,3,30,1,34,255,44,43,2,344,8,0,8,352
10/21/2021,ONT,CA,AWP,WE,Towers with Radar,265,41,12,2,320,0,4,13,0,17,265,45,25,2,337,24,0,24,361
10/22/2021,ONT,CA,AWP,WE,Towers with Radar,212,36,14,0,262,1,3,10,0,14,213,39,24,0,276,10,0,10,286
10/23/2021,ONT,CA,AWP,WE,Towers with Radar,166,33,7,0,206,0,0,5,0,5,166,33,12,0,211,8,0,8,219
10/24/2021,ONT,CA,AWP,WE,Towers with Radar,161,10,7,0,178,0,0,2,0,2,161,10,9,0,180,30,0,30,210
10/25/2021,ONT,CA,AWP,WE,Towers with Radar,200,33,7,0,240,0,2,1,0,3,200,35,8,0,243,0,0,0,243
10/26/2021,ONT,CA,AWP,WE,Towers with Radar,262,42,9,2,315,0,4,20,2,26,262,46,29,4,341,55,0,55,396
10/27/2021,ONT,CA,AWP,WE,Towers with Radar,258,45,12,0,315,0,5,23,1,29,258,50,35,1,344,20,0,20,364
10/28/2021,ONT,CA,AWP,WE,Towers with Radar,265,39,11,0,315,0,3,30,0,33,265,42,41,0,348,70,0,70,418
10/29/2021,ONT,CA,AWP,WE,Towers with Radar,223,38,9,0,270,0,6,11,0,17,223,44,20,0,287,6,0,6,293
10/30/2021,ONT,CA,AWP,WE,Towers with Radar,148,27,15,0,190,0,3,13,0,16,148,30,28,0,206,20,0,20,226
10/31/2021,ONT,CA,AWP,WE,Towers with Radar,151,9,6,0,166,0,0,6,0,6,151,9,12,0,172,24,0,24,196
11/01/2021,ONT,CA,AWP,WE,Towers with Radar,185,28,9,0,222,0,0,6,0,6,185,28,15,0,228,0,0,0,228
11/02/2021,ONT,CA,AWP,WE,Towers with Radar,260,45,10,0,315,0,2,19,0,21,260,47,29,0,336,8,0,8,344
11/03/2021,ONT,CA,AWP,WE,Towers with Radar,276,44,16,2,338,0,4,17,1,22,276,48,33,3,360,6,0,6,366
11/04/2021,ONT,CA,AWP,WE,Towers with Radar,279,57,17,0,353,0,2,12,0,14,279,59,29,0,367,32,0,32,399
11/05/2021,ONT,CA,AWP,WE,Towers with Radar,230,52,15,0,297,0,1,19,0,20,230,53,34,0,317,66,0,66,383
11/06/2021,ONT,CA,AWP,WE,Towers with Radar,174,29,11,0,214,0,1,8,0,9,174,30,19,0,223,14,0,14,237
11/07/2021,ONT,CA,AWP,WE,Towers with Radar,179,12,7,0,198,0,0,7,0,7,179,12,14,0,205,52,0,52,257
11/08/2021,ONT,CA,AWP,WE,Towers with Radar,179,39,13,2,233,0,0,18,1,19,179,39,31,3,252,56,0,56,308
11/09/2021,ONT,CA,AWP,WE,Towers with Radar,243,48,14,0,305,0,1,18,0,19,243,49,32,0,324,6,0,6,330
11/10/2021,ONT,CA,AWP,WE,Towers with Radar,243,43,21,2,309,0,2,22,0,24,243,45,43,2,333,38,0,38,371
11/11/2021,ONT,CA,AWP,WE,Towers with Radar,263,47,14,0,324,0,2,14,1,17,263,49,28,1,341,12,0,12,353
11/12/2021,ONT,CA,AWP,WE,Towers with Radar,211,43,10,0,264,0,1,6,0,7,211,44,16,0,271,20,0,20,291
11/13/2021,ONT,CA,AWP,WE,Towers with Radar,165,22,6,0,193,0,7,13,2,22,165,29,19,2,215,24,0,24,239
11/14/2021,ONT,CA,AWP,WE,Towers with Radar,170,13,11,0,194,0,2,8,0,10,170,15,19,0,204,16,0,16,220
11/15/2021,ONT,CA,AWP,WE,Towers with Radar,199,28,22,0,249,0,0,16,0,16,199,28,38,0,265,13,0,13,278
11/16/2021,ONT,CA,AWP,WE,Towers with Radar,255,33,15,4,307,0,2,25,1,28,255,35,40,5,335,8,0,8,343
11/17/2021,ONT,CA,AWP,WE,Towers with Radar,255,43,16,0,314,0,0,22,0,22,255,43,38,0,336,10,0,10,346
11/18/2021,ONT,CA,AWP,WE,Towers with Radar,262,46,20,0,328,0,1,21,1,23,262,47,41,1,351,56,0,56,407
11/19/2021,ONT,CA,AWP,WE,Towers with Radar,214,40,17,0,271,0,4,3,1,8,214,44,20,1,279,0,0,0,279
11/20/2021,ONT,CA,AWP,WE,Towers with Radar,160,26,14,0,200,0,3,7,0,10,160,29,21,0,210,34,0,34,244
11/21/2021,ONT,CA,AWP,WE,Towers with Radar,173,14,10,0,197,0,0,6,0,6,173,14,16,0,203,0,0,0,203
11/22/2021,ONT,CA,AWP,WE,Towers with Radar,205,31,18,0,254,0,1,17,0,18,205,32,35,0,272,14,0,14,286
11/23/2021,ONT,CA,AWP,WE,Towers with Radar,302,45,23,0,370,0,6,23,0,29,302,51,46,0,399,2,0,2,401
11/24/2021,ONT,CA,AWP,WE,Towers with Radar,314,45,14,0,373,0,3,9,0,12,314,48,23,0,385,0,0,0,385
11/25/2021,ONT,CA,AWP,WE,Towers with Radar,151,15,4,0,170,0,0,1,0,1,151,15,5,0,171,0,0,0,171
11/26/2021,ONT,CA,AWP,WE,Towers with Radar,177,48,7,0,232,0,1,19,1,21,177,49,26,1,253,12,0,12,265
11/27/2021,ONT,CA,AWP,WE,Towers with Radar,171,20,16,0,207,0,2,14,0,16,171,22,30,0,223,2,0,2,225
11/28/2021,ONT,CA,AWP,WE,Towers with Radar,187,14,9,0,210,0,2,10,0,12,187,16,19,0,222,38,0,38,260
11/29/2021,ONT,CA,AWP,WE,Towers with Radar,245,26,12,2,285,0,2,12,0,14,245,28,24,2,299,0,0,0,299
11/30/2021,ONT,CA,AWP,WE,Towers with Radar,342,49,11,0,402,0,5,15,0,20,342,54,26,0,422,10,0,10,432
12/01/2021,ONT,CA,AWP,WE,Towers with Radar,342,41,15,0,398,0,1,27,0,28,342,42,42,0,426,96,0,96,522
12/02/2021,ONT,CA,AWP,WE,Towers with Radar,329,42,19,0,390,0,3,23,0,26,329,45,42,0,416,102,0,102,518
12/03/2021,ONT,CA,AWP,WE,Towers with Radar,253,42,17,2,314,0,3,3,0,6,253,45,20,2,320,0,0,0,320
12/04/2021,ONT,CA,AWP,WE,Towers with Radar,173,25,9,0,207,0,0,1,0,1,173,25,10,0,208,0,0,0,208
12/05/2021,ONT,CA,AWP,WE,Towers with Radar,190,10,6,0,206,0,0,1,0,1,190,10,7,0,207,2,0,2,209
12/06/2021,ONT,CA,AWP,WE,Towers with Radar,220,32,9,2,263,0,0,9,0,9,220,32,18,2,272,9,0,9,281
12/07/2021,ONT,CA,AWP,WE,Towers with Radar,308,51,16,0,375,0,0,9,0,9,308,51,25,0,384,16,0,16,400
12/08/2021,ONT,CA,AWP,WE,Towers with Radar,304,55,11,0,370,0,0,17,0,17,304,55,28,0,387,26,0,26,413
12/09/2021,ONT,CA,AWP,WE,Towers with Radar,313,50,9,0,372,0,1,0,0,1,313,51,9,0,373,0,0,0,373
12/10/2021,ONT,CA,AWP,WE,Towers with Radar,235,46,7,0,288,0,2,11,1,14,235,48,18,1,302,4,0,4,306
12/11/2021,ONT,CA,AWP,WE,Towers with Radar,183,20,11,0,214,0,3,11,0,14,183,23,22,0,228,12,0,12,240
12/12/2021,ONT,CA,AWP,WE,Towers with Radar,191,16,10,0,217,0,0,13,0,13,191,16,23,0,230,26,0,26,256
12/13/2021,ONT,CA,AWP,WE,Towers with Radar,213,31,16,0,260,0,0,14,0,14,213,31,30,0,274,2,0,2,276
12/14/2021,ONT,CA,AWP,WE,Towers with Radar,321,40,14,0,375,0,0,1,0,1,321,40,15,0,376,0,0,0,376
12/15/2021,ONT,CA,AWP,WE,Towers with Radar,310,41,15,0,366,0,0,19,0,19,310,41,34,0,385,22,0,22,407
12/16/2021,ONT,CA,AWP,WE,Towers with Radar,318,39,9,0,366,0,2,16,0,18,318,41,25,0,384,26,0,26,410
12/17/2021,ONT,CA,AWP,WE,Towers with Radar,340,44,13,0,397,0,2,10,0,12,340,46,23,0,409,5,0,5,414
12/18/2021,ONT,CA,AWP,WE,Towers with Radar,280,26,14,0,320,0,7,14,0,21,280,33,28,0,341,20,0,20,361
12/19/2021,ONT,CA,AWP,WE,Towers with Radar,239,10,8,0,257,0,0,18,0,18,239,10,26,0,275,8,0,8,283
12/20/2021,ONT,CA,AWP,WE,Towers with Radar,273,30,10,2,315,0,0,25,0,25,273,30,35,2,340,20,0,20,360
12/21/2021,ONT,CA,AWP,WE,Towers with Radar,331,54,8,0,393,0,3,14,0,17,331,57,22,0,410,2,0,2,412
12/22/2021,ONT,CA,AWP,WE,Towers with Radar,322,41,6,0,369,0,0,12,2,14,322,41,18,2,383,0,0,0,383
12/23/2021,ONT,CA,AWP,WE,Towers with Radar,321,43,13,0,377,0,0,2,0,2,321,43,15,0,379,0,0,0,379
12/24/2021,ONT,CA,AWP,WE,Towers with Radar,217,33,6,0,256,0,0,7,0,7,217,33,13,0,263,4,0,4,267
12/25/2021,ONT,CA,AWP,WE,Towers with Radar,89,8,2,0,99,0,0,0,0,0,89,8,2,0,99,0,0,0,99
12/26/2021,ONT,CA,AWP,WE,Towers with Radar,121,8,10,0,139,0,0,9,0,9,121,8,19,0,148,10,0,10,158
12/27/2021,ONT,CA,AWP,WE,Towers with Radar,167,31,8,0,206,0,0,5,0,5,167,31,13,0,211,2,0,2,213
12/28/2021,ONT,CA,AWP,WE,Towers with Radar,272,40,8,0,320,0,1,12,1,14,272,41,20,1,334,0,0,0,334
12/29/2021,ONT,CA,AWP,WE,Towers with Radar,281,42,3,0,326,1,0,7,0,8,282,42,10,0,334,0,0,0,334
12/30/2021,ONT,CA,AWP,WE,Towers with Radar,283,50,13,0,346,0,0,8,0,8,283,50,21,0,354,16,0,16,370
12/31/2021,ONT,CA,AWP,WE,Towers with Radar,182,31,5,0,218,0,1,11,0,12,182,32,16,0,230,26,0,26,256
01/01/2022,ONT,CA,AWP,WE,Towers with Radar,90,9,4,0,103,0,0,7,0,7,90,9,11,0,110,18,0,18,128
01/02/2022,ONT,CA,AWP,WE,Towers with Radar,142,5,16,0,163,0,0,7,0,7,142,5,23,0,170,18,0,18,188
01/03/2022,ONT,CA,AWP,WE,Towers with Radar,159,25,9,0,193,0,1,24,0,25,159,26,33,0,218,23,0,23,241
01/04/2022,ONT,CA,AWP,WE,Towers with Radar,233,40,9,0,282,0,3,10,0,13,233,43,19,0,295,14,0,14,309
01/05/2022,ONT,CA,AWP,WE,Towers with Radar,230,42,8,0,280,0,2,8,1,11,230,44,16,1,291,58,0,58,349
01/06/2022,ONT,CA,AWP,WE,Towers with Radar,230,44,7,0,281,0,1,19,0,20,230,45,26,0,301,6,0,6,307
01/07/2022,ONT,CA,AWP,WE,Towers with Radar,181,38,5,0,224,0,2,13,0,15,181,40,18,0,239,28,0,28,267
01/08/2022,ONT,CA,AWP,WE,Towers with Radar,149,24,3,0,176,0,1,8,0,9,149,25,11,0,185,6,0,6,191
01/09/2022,ONT,CA,AWP,WE,Towers with Radar,148,12,10,0,170,0,0,11,0,11,148,12,21,0,181,8,0,8,189
01/10/2022,ONT,CA,AWP,WE,Towers with Radar,169,27,12,0,208,0,1,16,0,17,169,28,28,0,225,6,0,6,231
01/11/2022,ONT,CA,AWP,WE,Towers with Radar,232,41,13,1,287,1,2,16,1,20,233,43,29,2,307,0,0,0,307
01/12/2022,ONT,CA,AWP,WE,Towers with Radar,230,36,10,0,276,0,3,22,1,26,230,39,32,1,302,2,0,2,304
01/13/2022,ONT,CA,AWP,WE,Towers with Radar,228,45,18,0,291,0,2,16,1,19,228,47,34,1,310,0,0,0,310
01/14/2022,ONT,CA,AWP,WE,Towers with Radar,189,35,9,0,233,0,1,18,0,19,189,36,27,0,252,2,0,2,254
01/15/2022,ONT,CA,AWP,WE,Towers with Radar,132,20,4,0,156,0,2,20,1,23,132,22,24,1,179,32,0,32,211
01/16/2022,ONT,CA,AWP,WE,Towers with Radar,130,9,8,0,147,0,0,11,3,14,130,9,19,3,161,40,0,40,201
01/17/2022,ONT,CA,AWP,WE,Towers with Radar,176,28,4,0,208,1,2,11,0,14,177,30,15,0,222,22,0,22,244
01/18/2022,ONT,CA,AWP,WE,Towers with Radar,222,42,12,0,276,0,0,5,0,5,222,42,17,0,281,2,0,2,283
01/19/2022,ONT,CA,AWP,WE,Towers with Radar,235,46,4,0,285,0,1,11,0,12,235,47,15,0,297,8,0,8,305
01/20/2022,ONT,CA,AWP,WE,Towers with Radar,254,40,10,0,304,0,1,20,1,22,254,41,30,1,326,48,0,48,374
01/21/2022,ONT,CA,AWP,WE,Towers with Radar,197,39,7,0,243,0,2,11,0,13,197,41,18,0,256,6,0,6,262
01/22/2022,ONT,CA,AWP,WE,Towers with Radar,152,19,4,0,175,0,2,7,0,9,152,21,11,0,184,4,0,4,188
01/23/2022,ONT,CA,AWP,WE,Towers with Radar,159,14,2,0,175,0,1,7,0,8,159,15,9,0,183,12,0,12,195
01/24/2022,ONT,CA,AWP,WE,Towers with Radar,175,31,10,0,216,0,1,24,0,25,175,32,34,0,241,6,0,6,247
01/25/2022,ONT,CA,AWP,WE,Towers with Radar,243,48,11,0,302,1,1,19,0,21,244,49,30,0,323,0,0,0,323
01/26/2022,ONT,CA,AWP,WE,Towers with Radar,233,41,6,0,280,0,4,19,2,25,233,45,25,2,305,0,0,0,305
01/27/2022,ONT,CA,AWP,WE,Towers with Radar,249,47,4,0,300,0,6,14,2,22,249,53,18,2,322,22,0,22,344
01/28/2022,ONT,CA,AWP,WE,Towers with Radar,189,37,13,0,239,0,1,10,0,11,189,38,23,0,250,8,0,8,258
01/29/2022,ONT,CA,AWP,WE,Towers with Radar,135,29,5,0,169,0,3,17,0,20,135,32,22,0,189,51,0,51,240
01/30/2022,ONT,CA,AWP,WE,Towers with Radar,160,13,6,0,179,0,0,15,0,15,160,13,21,0,194,24,0,24,218
01/31/2022,ONT,CA,AWP,WE,Towers with Radar,173,29,17,0,219,0,0,17,0,17,173,29,34,0,236,24,0,24,260
02/01/2022,ONT,CA,AWP,WE,Towers with Radar,233,43,7,0,283,0,0,17,0,17,233,43,24,0,300,0,0,0,300
02/02/2022,ONT,CA,AWP,WE,Towers with Radar,246,40,8,0,294,0,1,7,0,8,246,41,15,0,302,0,0,0,302
02/03/2022,ONT,CA,AWP,WE,Towers with Radar,218,41,9,0,268,0,0,18,0,18,218,41,27,0,286,2,0,2,288
02/04/2022,ONT,CA,AWP,WE,Towers with Radar,182,44,9,2,237,0,1,19,0,20,182,45,28,2,257,0,0,0,257
02/05/2022,ONT,CA,AWP,WE,Towers with Radar,137,26,2,0,165,0,0,12,0,12,137,26,14,0,177,18,0,18,195
02/06/2022,ONT,CA,AWP,WE,Towers with Radar,172,17,8,0,197,0,0,8,0,8,172,17,16,0,205,0,0,0,205
02/07/2022,ONT,CA,AWP,WE,Towers with Radar,170,26,6,1,203,0,0,11,1,12,170,26,17,2,215,12,0,12,227
02/08/2022,ONT,CA,AWP,WE,Towers with Radar,248,48,15,2,313,0,1,11,0,12,248,49,26,2,325,18,0,18,343
02/09/2022,ONT,CA,AWP,WE,Towers with Radar,243,43,8,0,294,0,2,12,0,14,243,45,20,0,308,0,0,0,308
02/10/2022,ONT,CA,AWP,WE,Towers with Radar,279,42,4,0,325,1,1,12,0,14,280,43,16,0,339,18,0,18,357
02/11/2022,ONT,CA,AWP,WE,Towers with Radar,206,47,17,1,271,0,2,17,1,20,206,49,34,2,291,46,0,46,337
02/12/2022,ONT,CA,AWP,WE,Towers with Radar,142,21,15,0,178,0,4,7,0,11,142,25,22,0,189,4,0,4,193
02/13/2022,ONT,CA,AWP,WE,Towers with Radar,154,18,1,0,173,0,1,20,0,21,154,19,21,0,194,8,0,8,202
02/14/2022,ONT,CA,AWP,WE,Towers with Radar,182,42,14,0,238,0,2,20,3,25,182,44,34,3,263,22,0,22,285
02/15/2022,ONT,CA,AWP,WE,Towers with Radar,238,41,12,3,294,0,3,6,0,9,238,44,18,3,303,0,0,0,303
02/16/2022,ONT,CA,AWP,WE,Towers with Radar,230,40,14,3,287,0,2,18,0,20,230,42,32,3,307,0,0,0,307
02/17/2022,ONT,CA,AWP,WE,Towers with Radar,270,38,13,2,323,0,2,9,1,12,270,40,22,3,335,0,0,0,335
02/18/2022,ONT,CA,AWP,WE,Towers with Radar,195,41,17,0,253,0,2,19,6,27,195,43,36,6,280,44,0,44,324
02/19/2022,ONT,CA,AWP,WE,Towers with Radar,142,25,3,0,170,0,4,14,0,18,142,29,17,0,188,66,0,66,254
02/20/2022,ONT,CA,AWP,WE,Towers with Radar,154,9,10,0,173,0,0,14,0,14,154,9,24,0,187,10,0,10,197
02/21/2022,ONT,CA,AWP,WE,Towers with Radar,186,34,9,0,229,0,0,6,0,6,186,34,15,0,235,6,0,6,241
02/22/2022,ONT,CA,AWP,WE,Towers with Radar,230,44,5,0,279,0,0,21,0,21,230,44,26,0,300,102,0,102,402
02/23/2022,ONT,CA,AWP,WE,Towers with Radar,233,37,22,0,292,0,3,16,0,19,233,40,38,0,311,82,0,82,393
02/24/2022,ONT,CA,AWP,WE,Towers with Radar,241,44,21,0,306,0,1,24,0,25,241,45,45,0,331,70,0,70,401
02/25/2022,ONT,CA,AWP,WE,Towers with Radar,193,52,31,0,276,0,2,9,1,12,193,54,40,1,288,0,0,0,288
02/26/2022,ONT,CA,AWP,WE,Towers with Radar,145,30,22,0,197,0,3,14,0,17,145,33,36,0,214,0,0,0,214
02/27/2022,ONT,CA,AWP,WE,Towers with Radar,162,15,32,0,209,0,0,10,2,12,162,15,42,2,221,10,0,10,231
02/28/2022,ONT,CA,AWP,WE,Towers with Radar,179,25,7,0,211,0,1,8,0,9,179,26,15,0,220,6,0,6,226
03/01/2022,ONT,CA,AWP,WE,Towers with Radar,232,42,3,0,277,0,1,8,0,9,232,43,11,0,286,4,0,4,290
03/02/2022,ONT,CA,AWP,WE,Towers with Radar,237,39,25,0,301,0,1,24,0,25,237,40,49,0,326,24,0,24,350
03/03/2022,ONT,CA,AWP,WE,Towers with Radar,252,39,21,0,312,0,1,14,0,15,252,40,35,0,327,20,0,20,347
03/04/2022,ONT,CA,AWP,WE,Towers with Radar,186,40,15,0,241,0,1,8,1,10,186,41,23,1,251,4,0,4,255
03/05/2022,ONT,CA,AWP,WE,Towers with Radar,132,29,8,0,169,0,0,14,0,14,132,29,22,0,183,30,0,30,213
03/06/2022,ONT,CA,AWP,WE,Towers with Radar,156,12,12,0,180,0,0,19,0,19,156,12,31,0,199,22,0,22,221
03/07/2022,ONT,CA,AWP,WE,Towers with Radar,170,31,8,0,209,0,1,4,0,5,170,32,12,0,214,0,0,0,214
03/08/2022,ONT,CA,AWP,WE,Towers with Radar,222,44,10,0,276,0,2,17,1,20,222,46,27,1,296,8,0,8,304
03/09/2022,ONT,CA,AWP,WE,Towers with Radar,222,44,14,0,280,0,1,22,1,24,222,45,36,1,304,24,0,24,328
03/10/2022,ONT,CA,AWP,WE,Towers with Radar,245,40,9,0,294,0,1,20,2,23,245,41,29,2,317,38,0,38,355
03/11/2022,ONT,CA,AWP,WE,Towers with Radar,200,40,21,0,261,0,2,10,1,13,200,42,31,1,274,0,0,0,274
03/12/2022,ONT,CA,AWP,WE,Towers with Radar,140,28,9,0,177,0,6,27,0,33,140,34,36,0,210,40,0,40,250
03/13/2022,ONT,CA,AWP,WE,Towers with Radar,146,13,7,0,166,0,0,6,0,6,146,13,13,0,172,6,0,6,178
03/14/2022,ONT,CA,AWP,WE,Towers with Radar,168,31,2,0,201,0,1,22,0,23,168,32,24,0,224,34,0,34,258
03/15/2022,ONT,CA,AWP,WE,Towers with Radar,246,42,9,2,299,0,5,19,0,24,246,47,28,2,323,2,0,2,325
03/16/2022,ONT,CA,AWP,WE,Towers with Radar,244,46,8,0,298,0,2,17,2,21,244,48,25,2,319,12,0,12,331
03/17/2022,ONT,CA,AWP,WE,Towers with Radar,241,48,13,0,302,0,1,25,0,26,241,49,38,0,328,24,0,24,352
03/18/2022,ONT,CA,AWP,WE,Towers with Radar,194,41,13,0,248,0,2,17,0,19,194,43,30,0,267,32,0,32,299
03/19/2022,ONT,CA,AWP,WE,Towers with Radar,145,21,2,0,168,0,5,13,2,20,145,26,15,2,188,16,0,16,204
03/20/2022,ONT,CA,AWP,WE,Towers with Radar,167,15,10,0,192,0,0,15,0,15,167,15,25,0,207,20,0,20,227
03/21/2022,ONT,CA,AWP,WE,Towers with Radar,163,27,9,0,199,0,1,20,4,25,163,28,29,4,224,36,0,36,260
03/22/2022,ONT,CA,AWP,WE,Towers with Radar,247,42,23,0,312,0,1,15,0,16,247,43,38,0,328,2,0,2,330
03/23/2022,ONT,CA,AWP,WE,Towers with Radar,250,45,12,0,307,0,2,19,0,21,250,47,31,0,328,20,0,20,348
03/24/2022,ONT,CA,AWP,WE,Towers with Radar,252,43,7,0,302,0,3,27,0,30,252,46,34,0,332,64,0,64,396
03/25/2022,ONT,CA,AWP,WE,Towers with Radar,197,40,10,0,247,0,3,15,3,21,197,43,25,3,268,14,0,14,282
03/26/2022,ONT,CA,AWP,WE,Towers with Radar,140,21,9,0,170,0,3,21,0,24,140,24,30,0,194,28,0,28,222
03/27/2022,ONT,CA,AWP,WE,Towers with Radar,160,11,7,0,178,0,0,7,0,7,160,11,14,0,185,0,0,0,185
03/28/2022,ONT,CA,AWP,WE,Towers with Radar,169,31,13,0,213,0,0,4,0,4,169,31,17,0,217,0,0,0,217
03/29/2022,ONT,CA,AWP,WE,Towers with Radar,243,48,5,0,296,0,2,6,0,8,243,50,11,0,304,0,0,0,304
03/30/2022,ONT,CA,AWP,WE,Towers with Radar,242,42,3,0,287,0,1,19,0,20,242,43,22,0,307,56,0,56,363
03/31/2022,ONT,CA,AWP,WE,Towers with Radar,242,45,13,0,300,0,0,13,0,13,242,45,26,0,313,38,0,38,351
04/01/2022,ONT,CA,AWP,WE,Towers with Radar,194,42,19,0,255,0,1,13,0,14,194,43,32,0,269,24,0,24,293
04/02/2022,ONT,CA,AWP,WE,Towers with Radar,133,30,3,0,166,0,3,6,0,9,133,33,9,0,175,12,0,12,187
04/03/2022,ONT,CA,AWP,WE,Towers with Radar,167,14,5,0,186,0,1,15,0,16,167,15,20,0,202,24,0,24,226
04/04/2022,ONT,CA,AWP,WE,Towers with Radar,188,32,20,0,240,0,3,19,3,25,188,35,39,3,265,40,0,40,305
04/05/2022,ONT,CA,AWP,WE,Towers with Radar,246,45,10,0,301,0,1,29,0,30,246,46,39,0,331,8,0,8,339
04/06/2022,ONT,CA,AWP,WE,Towers with Radar,252,41,15,2,310,0,1,18,2,21,252,42,33,4,331,50,0,50,381
04/07/2022,ONT,CA,AWP,WE,Towers with Radar,264,40,12,2,318,0,0,15,0,15,264,40,27,2,333,0,0,0,333
04/08/2022,ONT,CA,AWP,WE,Towers with Radar,215,38,10,6,269,0,2,13,1,16,215,40,23,7,285,52,0,52,337
04/09/2022,ONT,CA,AWP,WE,Towers with Radar,150,28,5,0,183,0,4,22,0,26,150,32,27,0,209,60,0,60,269
04/10/2022,ONT,CA,AWP,WE,Towers with Radar,166,9,9,0,184,0,0,16,0,16,166,9,25,0,200,26,0,26,226
04/11/2022,ONT,CA,AWP,WE,Towers with Radar,193,31,7,3,234,0,1,16,5,22,193,32,23,8,256,46,0,46,302
04/12/2022,ONT,CA,AWP,WE,Towers with Radar,255,37,10,0,302,0,2,37,5,44,255,39,47,5,346,40,0,40,386
04/13/2022,ONT,CA,AWP,WE,Towers with Radar,247,54,7,0,308,0,1,19,7,27,247,55,26,7,335,60,0,60,395
04/14/2022,ONT,CA,AWP,WE,Towers with Radar,264,39,10,0,313,0,1,15,0,16,264,40,25,0,329,42,0,42,371
04/15/2022,ONT,CA,AWP,WE,Towers with Radar,208,42,2,2,254,0,3,17,1,21,208,45,19,3,275,16,0,16,291
04/16/2022,ONT,CA,AWP,WE,Towers with Radar,143,31,8,0,182,0,0,13,0,13,143,31,21,0,195,29,0,29,224
04/17/2022,ONT,CA,AWP,WE,Towers with Radar,162,8,3,0,173,0,0,14,0,14,162,8,17,0,187,24,0,24,211
04/18/2022,ONT,CA,AWP,WE,Towers with Radar,188,28,6,1,223,0,1,13,0,14,188,29,19,1,237,34,0,34,271
04/19/2022,ONT,CA,AWP,WE,Towers with Radar,251,36,9,2,298,0,1,18,0,19,251,37,27,2,317,26,0,26,343
04/20/2022,ONT,CA,AWP,WE,Towers with Radar,252,46,27,2,327,0,0,15,0,15,252,46,42,2,342,0,0,0,342
04/21/2022,ONT,CA,AWP,WE,Towers with Radar,261,42,25,0,328,0,1,25,6,32,261,43,50,6,360,48,0,48,408
04/22/2022,ONT,CA,AWP,WE,Towers with Radar,211,45,11,1,268,0,0,8,0,8,211,45,19,1,276,18,0,18,294
04/23/2022,ONT,CA,AWP,WE,Towers with Radar,144,30,4,0,178,0,2,21,0,23,144,32,25,0,201,56,0,56,257
04/24/2022,ONT,CA,AWP,WE,Towers with Radar,166,9,10,0,185,0,0,10,0,10,166,9,20,0,195,0,0,0,195
04/25/2022,ONT,CA,AWP,WE,Towers with Radar,197,26,5,0,228,0,1,21,6,28,197,27,26,6,256,41,0,41,297
04/26/2022,ONT,CA,AWP,WE,Towers with Radar,244,44,12,0,300,0,3,22,6,31,244,47,34,6,331,47,0,47,378
04/27/2022,ONT,CA,AWP,WE,Towers with Radar,254,45,14,0,313,0,1,21,1,23,254,46,35,1,336,46,0,46,382
04/28/2022,ONT,CA,AWP,WE,Towers with Radar,272,43,25,0,340,0,0,17,3,20,272,43,42,3,360,56,0,56,416
04/29/2022,ONT,CA,AWP,WE,Towers with Radar,215,42,14,0,271,0,3,25,7,35,215,45,39,7,306,102,0,102,408
04/30/2022,ONT,CA,AWP,WE,Towers with Radar,149,30,3,0,182,0,3,20,1,24,149,33,23,1,206,45,0,45,251
05/01/2022,ONT,CA,AWP,WE,Towers with Radar,175,11,2,0,188,0,0,15,0,15,175,11,17,0,203,6,0,6,209
05/02/2022,ONT,CA,AWP,WE,Towers with Radar,191,27,15,0,233,0,3,15,0,18,191,30,30,0,251,20,0,20,271
05/03/2022,ONT,CA,AWP,WE,Towers with Radar,258,43,13,0,314,0,0,13,0,13,258,43,26,0,327,0,0,0,327
05/04/2022,ONT,CA,AWP,WE,Towers with Radar,260,44,11,0,315,0,2,14,4,20,260,46,25,4,335,16,0,16,351
05/05/2022,ONT,CA,AWP,WE,Towers with Radar,262,43,4,0,309,0,1,20,0,21,262,44,24,0,330,0,0,0,330
05/06/2022,ONT,CA,AWP,WE,Towers with Radar,212,42,11,2,267,0,5,36,1,42,212,47,47,3,309,42,0,42,351
05/07/2022,ONT,CA,AWP,WE,Towers with Radar,154,22,6,0,182,0,3,24,0,27,154,25,30,0,209,52,0,52,261
05/08/2022,ONT,CA,AWP,WE,Towers with Radar,171,2,5,0,178,0,0,1,0,1,171,2,6,0,179,0,0,0,179
05/09/2022,ONT,CA,AWP,WE,Towers with Radar,201,32,7,0,240,0,1,18,0,19,201,33,25,0,259,42,0,42,301
05/10/2022,ONT,CA,AWP,WE,Towers with Radar,268,40,8,0,316,0,2,19,3,24,268,42,27,3,340,42,0,42,382
05/11/2022,ONT,CA,AWP,WE,Towers with Radar,263,49,12,0,324,0,2,17,0,19,263,51,29,0,343,8,0,8,351
05/12/2022,ONT,CA,AWP,WE,Towers with Radar,273,36,16,0,325,0,5,26,3,34,273,41,42,3,359,28,0,28,387
05/13/2022,ONT,CA,AWP,WE,Towers with Radar,216,46,18,0,280,0,2,19,1,22,216,48,37,1,302,8,0,8,310
05/14/2022,ONT,CA,AWP,WE,Towers with Radar,152,27,10,0,189,0,2,14,0,16,152,29,24,0,205,18,0,18,223
05/15/2022,ONT,CA,AWP,WE,Towers with Radar,178,12,14,1,205,0,2,12,0,14,178,14,26,1,219,26,0,26,245
05/16/2022,ONT,CA,AWP,WE,Towers with Radar,192,33,10,0,235,0,2,12,5,19,192,35,22,5,254,22,0,22,276
05/17/2022,ONT,CA,AWP,WE,Towers with Radar,264,40,13,0,317,0,2,26,0,28,264,42,39,0,345,29,0,29,374
05/18/2022,ONT,CA,AWP,WE,Towers with Radar,265,42,14,0,321,0,2,24,0,26,265,44,38,0,347,40,0,40,387
05/19/2022,ONT,CA,AWP,WE,Towers with Radar,276,35,11,0,322,0,3,8,4,15,276,38,19,4,337,14,0,14,351
05/20/2022,ONT,CA,AWP,WE,Towers with Radar,211,52,12,1,276,0,0,7,8,15,211,52,19,9,291,86,0,86,377
05/21/2022,ONT,CA,AWP,WE,Towers with Radar,155,23,7,0,185,0,3,15,2,20,155,26,22,2,205,48,2,50,255
05/22/2022,ONT,CA,AWP,WE,Towers with Radar,177,9,8,0,194,0,0,19,0,19,177,9,27,0,213,14,0,14,227
05/23/2022,ONT,CA,AWP,WE,Towers with Radar,192,28,3,0,223,0,3,11,0,14,192,31,14,0,237,2,0,2,239
05/24/2022,ONT,CA,AWP,WE,Towers with Radar,257,38,8,0,303,0,3,11,0,14,257,41,19,0,317,8,0,8,325
05/25/2022,ONT,CA,AWP,WE,Towers with Radar,266,44,20,2,332,0,7,19,2,28,266,51,39,4,360,20,0,20,380
05/26/2022,ONT,CA,AWP,WE,Towers with Radar,279,52,10,0,341,0,2,23,0,25,279,54,33,0,366,52,0,52,418
05/27/2022,ONT,CA,AWP,WE,Towers with Radar,218,41,6,0,265,0,2,10,0,12,218,43,16,0,277,0,0,0,277
05/28/2022,ONT,CA,AWP,WE,Towers with Radar,148,21,9,0,178,0,0,12,0,12,148,21,21,0,190,12,0,12,202
05/29/2022,ONT,CA,AWP,WE,Towers with Radar,155,4,2,0,161,0,0,11,0,11,155,4,13,0,172,20,0,20,192
05/30/2022,ONT,CA,AWP,WE,Towers with Radar,164,13,6,1,184,0,0,1,1,2,164,13,7,2,186,0,0,0,186
05/31/2022,ONT,CA,AWP,WE,Towers with Radar,193,27,12,0,232,0,2,23,0,25,193,29,35,0,257,16,0,16,273
06/01/2022,ONT,CA,AWP,WE,Towers with Radar,269,45,7,0,321,0,3,18,0,21,269,48,25,0,342,6,0,6,348
06/02/2022,ONT,CA,AWP,WE,Towers with Radar,264,41,6,0,311,0,2,17,0,19,264,43,23,0,330,24,0,24,354
06/03/2022,ONT,CA,AWP,WE,Towers with Radar,206,44,14,0,264,0,1,10,0,11,206,45,24,0,275,24,0,24,299
06/04/2022,ONT,CA,AWP,WE,Towers with Radar,150,22,5,1,178,0,2,14,1,17,150,24,19,2,195,58,0,58,253
06/05/2022,ONT,CA,AWP,WE,Towers with Radar,175,8,4,0,187,1,0,10,1,12,176,8,14,1,199,0,0,0,199
06/06/2022,ONT,CA,AWP,WE,Towers with Radar,191,28,5,0,224,0,2,29,2,33,191,30,34,2,257,45,0,45,302
06/07/2022,ONT,CA,AWP,WE,Towers with Radar,269,40,10,0,319,0,3,29,0,32,269,43,39,0,351,52,0,52,403
06/08/2022,ONT,CA,AWP,WE,Towers with Radar,274,44,11,1,330,0,2,20,1,23,274,46,31,2,353,36,0,36,389
06/09/2022,ONT,CA,AWP,WE,Towers with Radar,272,42,14,0,328,0,3,18,0,21,272,45,32,0,349,32,0,32,381
06/10/2022,ONT,CA,AWP,WE,Towers with Radar,219,51,23,0,293,0,2,10,0,12,219,53,33,0,305,18,0,18,323
06/11/2022,ONT,CA,AWP,WE,Towers with Radar,160,22,14,0,196,0,3,20,0,23,160,25,34,0,219,14,0,14,233
06/12/2022,ONT,CA,AWP,WE,Towers with Radar,179,9,13,0,201,0,0,15,0,15,179,9,28,0,216,14,0,14,230
06/13/2022,ONT,CA,AWP,WE,Towers with Radar,201,38,7,0,246,0,1,16,4,21,201,39,23,4,267,62,0,62,329
06/14/2022,ONT,CA,AWP,WE,Towers with Radar,273,39,13,0,325,0,1,21,0,22,273,40,34,0,347,24,0,24,371
06/15/2022,ONT,CA,AWP,WE,Towers with Radar,276,37,9,0,322,0,1,20,2,23,276,38,29,2,345,52,0,52,397
06/16/2022,ONT,CA,AWP,WE,Towers with Radar,262,49,3,0,314,0,3,16,4,23,262,52,19,4,337,40,0,40,377
06/17/2022,ONT,CA,AWP,WE,Towers with Radar,217,49,11,0,277,0,0,11,0,11,217,49,22,0,288,2,0,2,290
06/18/2022,ONT,CA,AWP,WE,Towers with Radar,166,21,7,0,194,0,3,16,0,19,166,24,23,0,213,36,0,36,249
06/19/2022,ONT,CA,AWP,WE,Towers with Radar,177,5,7,1,190,0,0,7,0,7,177,5,14,1,197,6,0,6,203
06/20/2022,ONT,CA,AWP,WE,Towers with Radar,202,26,8,0,236,0,2,26,0,28,202,28,34,0,264,34,0,34,298
06/21/2022,ONT,CA,AWP,WE,Towers with Radar,268,41,11,0,320,0,4,22,0,26,268,45,33,0,346,18,0,18,364
06/22/2022,ONT,CA,AWP,WE,Towers with Radar,271,40,24,0,335,0,1,25,0,26,271,41,49,0,361,16,0,16,377
06/23/2022,ONT,CA,AWP,WE,Towers with Radar,275,43,17,0,335,0,2,30,0,32,275,45,47,0,367,14,0,14,381
06/24/2022,ONT,CA,AWP,WE,Towers with Radar,217,45,10,0,272,0,1,22,5,28,217,46,32,5,300,52,0,52,352
06/25/2022,ONT,CA,AWP,WE,Towers with Radar,161,19,6,0,186,0,4,21,1,26,161,23,27,1,212,30,0,30,242
06/26/2022,ONT,CA,AWP,WE,Towers with Radar,177,10,11,0,198,0,0,5,0,5,177,10,16,0,203,0,0,0,203
06/27/2022,ONT,CA,AWP,WE,Towers with Radar,188,34,7,0,229,0,3,16,0,19,188,37,23,0,248,19,0,19,267
06/28/2022,ONT,CA,AWP,WE,Towers with Radar,277,39,5,0,321,0,3,7,0,10,277,42,12,0,331,0,0,0,331
06/29/2022,ONT,CA,AWP,WE,Towers with Radar,267,44,11,0,322,0,1,19,0,20,267,45,30,0,342,30,0,30,372
06/30/2022,ONT,CA,AWP,WE,Towers with Radar,267,39,13,1,320,0,2,25,2,29,267,41,38,3,349,50,0,50,399
07/01/2022,ONT,CA,AWP,WE,Towers with Radar,216,43,5,0,264,0,2,17,0,19,216,45,22,0,283,30,0,30,313
07/02/2022,ONT,CA,AWP,WE,Towers with Radar,156,21,8,0,185,0,3,7,1,11,156,24,15,1,196,2,0,2,198
07/03/2022,ONT,CA,AWP,WE,Towers with Radar,159,5,4,1,169,0,0,20,1,21,159,5,24,2,190,18,0,18,208
07/04/2022,ONT,CA,AWP,WE,Towers with Radar,132,13,4,0,149,0,0,26,0,26,132,13,30,0,175,120,0,120,295
07/05/2022,ONT,CA,AWP,WE,Towers with Radar,184,28,12,0,224,0,0,24,1,25,184,28,36,1,249,94,0,94,343
07/06/2022,ONT,CA,AWP,WE,Towers with Radar,262,50,6,0,318,0,2,23,2,27,262,52,29,2,345,78,0,78,423
07/07/2022,ONT,CA,AWP,WE,Towers with Radar,267,38,10,0,315,0,6,22,0,28,267,44,32,0,343,32,0,32,375
07/08/2022,ONT,CA,AWP,WE,Towers with Radar,212,50,11,1,274,0,3,21,1,25,212,53,32,2,299,12,0,12,311
07/09/2022,ONT,CA,AWP,WE,Towers with Radar,162,23,7,0,192,0,1,16,0,17,162,24,23,0,209,53,0,53,262
07/10/2022,ONT,CA,AWP,WE,Towers with Radar,171,5,5,0,181,0,0,9,0,9,171,5,14,0,190,16,0,16,206
07/11/2022,ONT,CA,AWP,WE,Towers with Radar,192,29,8,0,229,0,2,19,0,21,192,31,27,0,250,14,0,14,264
07/12/2022,ONT,CA,AWP,WE,Towers with Radar,268,42,5,0,315,0,4,14,0,18,268,46,19,0,333,0,0,0,333
07/13/2022,ONT,CA,AWP,WE,Towers with Radar,270,42,7,0,319,0,4,14,0,18,270,46,21,0,337,20,0,20,357
07/14/2022,ONT,CA,AWP,WE,Towers with Radar,270,41,12,0,323,0,5,15,3,23,270,46,27,3,346,40,0,40,386
07/15/2022,ONT,CA,AWP,WE,Towers with Radar,216,41,2,0,259,0,3,13,0,16,216,44,15,0,275,24,0,24,299
07/16/2022,ONT,CA,AWP,WE,Towers with Radar,165,19,2,0,186,0,2,13,1,16,165,21,15,1,202,4,0,4,206
07/17/2022,ONT,CA,AWP,WE,Towers with Radar,174,7,6,0,187,0,0,12,0,12,174,7,18,0,199,12,0,12,211
07/18/2022,ONT,CA,AWP,WE,Towers with Radar,184,28,6,0,218,0,2,31,0,33,184,30,37,0,251,26,0,26,277
07/19/2022,ONT,CA,AWP,WE,Towers with Radar,275,34,10,0,319,0,5,22,0,27,275,39,32,0,346,34,0,34,380
07/20/2022,ONT,CA,AWP,WE,Towers with Radar,260,39,3,2,304,0,3,32,1,36,260,42,35,3,340,58,0,58,398
07/21/2022,ONT,CA,AWP,WE,Towers with Radar,275,57,5,0,337,0,2,12,0,14,275,59,17,0,351,12,0,12,363
07/22/2022,ONT,CA,AWP,WE,Towers with Radar,214,41,5,0,260,0,3,15,1,19,214,44,20,1,279,20,0,20,299
07/23/2022,ONT,CA,AWP,WE,Towers with Radar,156,19,9,0,184,0,1,18,2,21,156,20,27,2,205,2,0,2,207
07/24/2022,ONT,CA,AWP,WE,Towers with Radar,167,9,6,0,182,0,1,7,0,8,167,10,13,0,190,0,0,0,190
07/25/2022,ONT,CA,AWP,WE,Towers with Radar,199,30,10,0,239,0,4,25,0,29,199,34,35,0,268,22,0,22,290
07/26/2022,ONT,CA,AWP,WE,Towers with Radar,300,45,4,0,349,0,10,38,2,50,300,55,42,2,399,80,0,80,479
07/27/2022,ONT,CA,AWP,WE,Towers with Radar,265,46,14,0,325,0,5,9,1,15,265,51,23,1,340,28,0,28,368
07/28/2022,ONT,CA,AWP,WE,Towers with Radar,277,36,10,0,323,0,4,16,2,22,277,40,26,2,345,18,0,18,363
07/29/2022,ONT,CA,AWP,WE,Towers with Radar,227,48,4,0,279,0,7,17,0,24,227,55,21,0,303,26,0,26,329
07/30/2022,ONT,CA,AWP,WE,Towers with Radar,169,20,9,0,198,1,2,10,0,13,170,22,19,0,211,16,0,16,227
07/31/2022,ONT,CA,AWP,WE,Towers with Radar,167,13,10,0,190,0,1,18,0,19,167,14,28,0,209,36,0,36,245
08/01/2022,ONT,CA,AWP,WE,Towers with Radar,190,31,2,0,223,0,3,16,0,19,190,34,18,0,242,2,0,2,244
08/02/2022,ONT,CA,AWP,WE,Towers with Radar,273,44,17,0,334,0,2,37,1,40,273,46,54,1,374,28,0,28,402
08/03/2022,ONT,CA,AWP,WE,Towers with Radar,268,43,11,0,322,0,3,15,0,18,268,46,26,0,340,0,0,0,340
08/04/2022,ONT,CA,AWP,WE,Towers with Radar,261,42,12,0,315,0,1,18,3,22,261,43,30,3,337,16,0,16,353
08/05/2022,ONT,CA,AWP,WE,Towers with Radar,208,45,8,0,261,0,2,16,1,19,208,47,24,1,280,24,0,24,304
08/06/2022,ONT,CA,AWP,WE,Towers with Radar,156,20,7,0,183,0,5,11,1,17,156,25,18,1,200,4,0,4,204
08/07/2022,ONT,CA,AWP,WE,Towers with Radar,169,9,10,0,188,0,2,15,0,17,169,11,25,0,205,30,0,30,235
08/08/2022,ONT,CA,AWP,WE,Towers with Radar,190,30,8,0,228,0,1,19,1,21,190,31,27,1,249,40,0,40,289
08/09/2022,ONT,CA,AWP,WE,Towers with Radar,274,38,17,0,329,0,3,18,0,21,274,41,35,0,350,20,0,20,370
08/10/2022,ONT,CA,AWP,WE,Towers with Radar,266,43,15,0,324,0,2,18,1,21,266,45,33,1,345,4,0,4,349
08/11/2022,ONT,CA,AWP,WE,Towers with Radar,282,42,10,0,334,0,4,24,0,28,282,46,34,0,362,48,0,48,410
08/12/2022,ONT,CA,AWP,WE,Towers with Radar,225,45,10,0,280,0,3,12,0,15,225,48,22,0,295,8,0,8,303
08/13/2022,ONT,CA,AWP,WE,Towers with Radar,157,22,2,0,181,0,2,10,0,12,157,24,12,0,193,16,0,16,209
08/14/2022,ONT,CA,AWP,WE,Towers with Radar,168,9,8,0,185,0,0,5,0,5,168,9,13,0,190,0,0,0,190
08/15/2022,ONT,CA,AWP,WE,Towers with Radar,183,27,9,1,220,0,2,18,2,22,183,29,27,3,242,22,0,22,264
08/16/2022,ONT,CA,AWP,WE,Towers with Radar,272,44,14,0,330,0,1,27,0,28,272,45,41,0,358,36,0,36,394
08/17/2022,ONT,CA,AWP,WE,Towers with Radar,265,45,13,0,323,0,4,17,0,21,265,49,30,0,344,16,0,16,360
08/18/2022,ONT,CA,AWP,WE,Towers with Radar,265,44,6,0,315,0,3,11,2,16,265,47,17,2,331,16,0,16,347
08/19/2022,ONT,CA,AWP,WE,Towers with Radar,209,46,10,0,265,0,2,16,1,19,209,48,26,1,284,16,0,16,300
08/20/2022,ONT,CA,AWP,WE,Towers with Radar,164,26,12,0,202,0,3,11,1,15,164,29,23,1,217,24,0,24,241
08/21/2022,ONT,CA,AWP,WE,Towers with Radar,165,15,8,0,188,0,0,26,0,26,165,15,34,0,214,26,0,26,240
08/22/2022,ONT,CA,AWP,WE,Towers with Radar,185,35,12,2,234,0,2,16,5,23,185,37,28,7,257,36,0,36,293
08/23/2022,ONT,CA,AWP,WE,Towers with Radar,262,44,15,0,321,0,2,16,2,20,262,46,31,2,341,2,0,2,343
08/24/2022,ONT,CA,AWP,WE,Towers with Radar,264,39,8,1,312,0,7,9,2,18,264,46,17,3,330,24,0,24,354
08/25/2022,ONT,CA,AWP,WE,Towers with Radar,267,54,9,0,330,0,4,15,0,19,267,58,24,0,349,16,0,16,365
08/26/2022,ONT,CA,AWP,WE,Towers with Radar,214,47,9,0,270,0,4,21,0,25,214,51,30,0,295,54,0,54,349
08/27/2022,ONT,CA,AWP,WE,Towers with Radar,160,26,9,0,195,0,3,12,1,16,160,29,21,1,211,14,0,14,225
08/28/2022,ONT,CA,AWP,WE,Towers with Radar,167,11,7,0,185,0,0,17,0,17,167,11,24,0,202,34,0,34,236
08/29/2022,ONT,CA,AWP,WE,Towers with Radar,189,29,7,1,226,0,3,20,0,23,189,32,27,1,249,24,0,24,273
08/30/2022,ONT,CA,AWP,WE,Towers with Radar,267,41,3,1,312,0,5,24,1,30,267,46,27,2,342,59,0,59,401
08/31/2022,ONT,CA,AWP,WE,Towers with Radar,262,39,6,0,307,0,4,26,1,31,262,43,32,1,338,30,0,30,368
09/01/2022,ONT,CA,AWP,WE,Towers with Radar,273,43,6,0,322,0,4,21,0,25,273,47,27,0,347,12,0,12,359
09/02/2022,ONT,CA,AWP,WE,Towers with Radar,208,41,5,2,256,0,3,17,0,20,208,44,22,2,276,38,0,38,314
09/03/2022,ONT,CA,AWP,WE,Towers with Radar,161,26,4,0,191,0,5,7,0,12,161,31,11,0,203,28,0,28,231
09/04/2022,ONT,CA,AWP,WE,Towers with Radar,144,5,2,0,151,0,1,8,0,9,144,6,10,0,160,0,0,0,160
09/05/2022,ONT,CA,AWP,WE,Towers with Radar,150,11,6,0,167,0,0,17,0,17,150,11,23,0,184,30,0,30,214
09/06/2022,ONT,CA,AWP,WE,Towers with Radar,196,29,4,0,229,0,4,11,0,15,196,33,15,0,244,6,0,6,250
09/07/2022,ONT,CA,AWP,WE,Towers with Radar,261,39,15,0,315,0,4,34,0,38,261,43,49,0,353,54,0,54,407
09/08/2022,ONT,CA,AWP,WE,Towers with Radar,276,43,4,0,323,0,2,16,2,20,276,45,20,2,343,0,0,0,343
09/09/2022,ONT,CA,AWP,WE,Towers with Radar,218,42,10,0,270,0,3,7,4,14,218,45,17,4,284,12,0,12,296
09/10/2022,ONT,CA,AWP,WE,Towers with Radar,165,27,3,0,195,0,2,3,0,5,165,29,6,0,200,0,0,0,200
09/11/2022,ONT,CA,AWP,WE,Towers with Radar,177,7,8,0,192,0,0,2,0,2,177,7,10,0,194,0,0,0,194
09/12/2022,ONT,CA,AWP,WE,Towers with Radar,201,35,14,0,250,0,2,19,1,22,201,37,33,1,272,32,0,32,304
09/13/2022,ONT,CA,AWP,WE,Towers with Radar,265,37,13,0,315,0,4,11,4,19,265,41,24,4,334,27,0,27,361
09/14/2022,ONT,CA,AWP,WE,Towers with Radar,259,42,5,0,306,0,2,17,0,19,259,44,22,0,325,34,0,34,359
09/15/2022,ONT,CA,AWP,WE,Towers with Radar,273,44,18,0,335,0,5,14,2,21,273,49,32,2,356,16,0,16,372
09/16/2022,ONT,CA,AWP,WE,Towers with Radar,221,37,11,0,269,0,2,17,0,19,221,39,28,0,288,36,0,36,324
09/17/2022,ONT,CA,AWP,WE,Towers with Radar,163,27,7,0,197,0,0,20,1,21,163,27,27,1,218,5,0,5,223
09/18/2022,ONT,CA,AWP,WE,Towers with Radar,162,4,14,0,180,0,2,17,0,19,162,6,31,0,199,0,0,0,199
09/19/2022,ONT,CA,AWP,WE,Towers with Radar,192,27,5,0,224,0,7,17,3,27,192,34,22,3,251,10,0,10,261
09/20/2022,ONT,CA,AWP,WE,Towers with Radar,267,42,15,0,324,0,10,20,0,30,267,52,35,0,354,8,0,8,362
09/21/2022,ONT,CA,AWP,WE,Towers with Radar,267,46,12,0,325,0,7,25,0,32,267,53,37,0,357,44,0,44,401
09/22/2022,ONT,CA,AWP,WE,Towers with Radar,277,41,9,0,327,0,5,17,0,22,277,46,26,0,349,14,0,14,363
09/23/2022,ONT,CA,AWP,WE,Towers with Radar,216,44,6,0,266,0,4,11,11,26,216,48,17,11,292,12,0,12,304
09/24/2022,ONT,CA,AWP,WE,Towers with Radar,167,22,3,0,192,0,4,7,0,11,167,26,10,0,203,0,0,0,203
09/25/2022,ONT,CA,AWP,WE,Towers with Radar,166,5,5,0,176,0,2,5,0,7,166,7,10,0,183,6,0,6,189
09/26/2022,ONT,CA,AWP,WE,Towers with Radar,197,30,8,0,235,0,5,23,0,28,197,35,31,0,263,20,0,20,283
09/27/2022,ONT,CA,AWP,WE,Towers with Radar,269,39,10,0,318,0,6,21,1,28,269,45,31,1,346,54,0,54,400
09/28/2022,ONT,CA,AWP,WE,Towers with Radar,273,38,12,0,323,0,2,14,0,16,273,40,26,0,339,12,0,12,351
09/29/2022,ONT,CA,AWP,WE,Towers with Radar,274,41,12,0,327,0,4,19,3,26,274,45,31,3,353,34,0,34,387
09/30/2022,ONT,CA,AWP,WE,Towers with Radar,217,46,18,1,282,0,1,12,3,16,217,47,30,4,298,10,0,10,308
10/01/2022,ONT,CA,AWP,WE,Towers with Radar,169,29,5,0,203,0,0,16,0,16,169,29,21,0,219,24,0,24,243
10/02/2022,ONT,CA,AWP,WE,Towers with Radar,161,6,10,0,177,0,0,17,0,17,161,6,27,0,194,30,0,30,224
10/03/2022,ONT,CA,AWP,WE,Towers with Radar,205,28,5,0,238,0,2,19,0,21,205,30,24,0,259,36,0,36,295
10/04/2022,ONT,CA,AWP,WE,Towers with Radar,259,36,10,0,305,0,2,14,3,19,259,38,24,3,324,8,0,8,332
10/05/2022,ONT,CA,AWP,WE,Towers with Radar,262,42,4,1,309,0,3,10,0,13,262,45,14,1,322,2,0,2,324
10/06/2022,ONT,CA,AWP,WE,Towers with Radar,273,40,22,4,339,0,1,15,2,18,273,41,37,6,357,36,0,36,393
10/07/2022,ONT,CA,AWP,WE,Towers with Radar,216,46,11,0,273,0,2,13,2,17,216,48,24,2,290,30,0,30,320
10/08/2022,ONT,CA,AWP,WE,Towers with Radar,163,26,4,0,193,0,3,21,0,24,163,29,25,0,217,2,0,2,219
10/09/2022,ONT,CA,AWP,WE,Towers with Radar,170,8,3,0,181,0,0,5,0,5,170,8,8,0,186,8,0,8,194
10/10/2022,ONT,CA,AWP,WE,Towers with Radar,194,32,10,0,236,0,2,7,0,9,194,34,17,0,245,40,0,40,285
10/11/2022,ONT,CA,AWP,WE,Towers with Radar,257,48,8,0,313,0,1,8,0,9,257,49,16,0,322,0,0,0,322
10/12/2022,ONT,CA,AWP,WE,Towers with Radar,272,49,14,2,337,0,1,10,1,12,272,50,24,3,349,6,0,6,355
10/13/2022,ONT,CA,AWP,WE,Towers with Radar,269,44,20,2,335,0,5,7,0,12,269,49,27,2,347,22,0,22,369
10/14/2022,ONT,CA,AWP,WE,Towers with Radar,219,51,8,0,278,0,0,0,0,0,219,51,8,0,278,0,0,0,278
10/15/2022,ONT,CA,AWP,WE,Towers with Radar,162,31,4,0,197,0,0,0,0,0,162,31,4,0,197,0,0,0,197
10/16/2022,ONT,CA,AWP,WE,Towers with Radar,166,6,10,0,182,0,0,8,0,8,166,6,18,0,190,6,0,6,196
10/17/2022,ONT,CA,AWP,WE,Towers with Radar,190,25,5,0,220,0,2,20,9,31,190,27,25,9,251,46,0,46,297
10/18/2022,ONT,CA,AWP,WE,Towers with Radar,261,42,11,2,316,0,3,14,0,17,261,45,25,2,333,4,0,4,337
10/19/2022,ONT,CA,AWP,WE,Towers with Radar,267,42,11,0,320,0,6,11,0,17,267,48,22,0,337,14,0,14,351
10/20/2022,ONT,CA,AWP,WE,Towers with Radar,269,36,15,0,320,0,4,16,0,20,269,40,31,0,340,18,0,18,358
10/21/2022,ONT,CA,AWP,WE,Towers with Radar,211,45,13,0,269,0,7,25,0,32,211,52,38,0,301,24,0,24,325
10/22/2022,ONT,CA,AWP,WE,Towers with Radar,168,31,4,0,203,0,0,5,0,5,168,31,9,0,208,0,0,0,208
10/23/2022,ONT,CA,AWP,WE,Towers with Radar,168,5,8,1,182,0,2,16,0,18,168,7,24,1,200,36,0,36,236
10/24/2022,ONT,CA,AWP,WE,Towers with Radar,190,24,9,1,224,0,2,31,3,36,190,26,40,4,260,60,0,60,320
10/25/2022,ONT,CA,AWP,WE,Towers with Radar,261,41,16,0,318,0,3,17,0,20,261,44,33,0,338,0,0,0,338
10/26/2022,ONT,CA,AWP,WE,Towers with Radar,261,51,11,2,325,0,4,21,0,25,261,55,32,2,350,24,0,24,374
10/27/2022,ONT,CA,AWP,WE,Towers with Radar,259,42,12,2,315,0,1,16,0,17,259,43,28,2,332,2,0,2,334
10/28/2022,ONT,CA,AWP,WE,Towers with Radar,213,42,9,0,264,0,3,14,2,19,213,45,23,2,283,6,0,6,289
10/29/2022,ONT,CA,AWP,WE,Towers with Radar,162,19,8,0,189,0,5,11,0,16,162,24,19,0,205,14,0,14,219
10/30/2022,ONT,CA,AWP,WE,Towers with Radar,170,6,2,0,178,0,0,14,0,14,170,6,16,0,192,2,0,2,194
10/31/2022,ONT,CA,AWP,WE,Towers with Radar,187,27,2,0,216,0,3,28,3,34,187,30,30,3,250,34,0,34,284
11/01/2022,ONT,CA,AWP,WE,Towers with Radar,269,36,15,0,320,0,4,12,6,22,269,40,27,6,342,42,0,42,384
11/02/2022,ONT,CA,AWP,WE,Towers with Radar,267,43,9,0,319,0,1,7,4,12,267,44,16,4,331,36,0,36,367
11/03/2022,ONT,CA,AWP,WE,Towers with Radar,275,39,12,0,326,0,3,13,10,26,275,42,25,10,352,68,0,68,420
11/04/2022,ONT,CA,AWP,WE,Towers with Radar,217,36,9,0,262,0,4,19,3,26,217,40,28,3,288,22,0,22,310
11/05/2022,ONT,CA,AWP,WE,Towers with Radar,168,18,5,0,191,0,7,13,7,27,168,25,18,7,218,118,0,118,336
11/06/2022,ONT,CA,AWP,WE,Towers with Radar,176,12,4,0,192,0,2,15,2,19,176,14,19,2,211,8,0,8,219
11/07/2022,ONT,CA,AWP,WE,Towers with Radar,189,38,3,0,230,0,1,1,2,4,189,39,4,2,234,0,0,0,234
11/08/2022,ONT,CA,AWP,WE,Towers with Radar,282,35,6,0,323,0,0,3,2,5,282,35,9,2,328,0,0,0,328
11/09/2022,ONT,CA,AWP,WE,Towers with Radar,263,38,7,0,308,0,3,12,2,17,263,41,19,2,325,34,0,34,359
11/10/2022,ONT,CA,AWP,WE,Towers with Radar,270,36,16,0,322,0,6,25,10,41,270,42,41,10,363,144,0,144,507
11/11/2022,ONT,CA,AWP,WE,Towers with Radar,211,39,9,0,259,0,4,32,0,36,211,43,41,0,295,32,0,32,327
11/12/2022,ONT,CA,AWP,WE,Towers with Radar,165,26,2,0,193,0,3,24,8,35,165,29,26,8,228,46,0,46,274
11/13/2022,ONT,CA,AWP,WE,Towers with Radar,175,9,12,0,196,0,0,12,0,12,175,9,24,0,208,2,0,2,210
11/14/2022,ONT,CA,AWP,WE,Towers with Radar,194,28,9,0,231,0,4,20,2,26,194,32,29,2,257,24,0,24,281
11/15/2022,ONT,CA,AWP,WE,Towers with Radar,262,40,12,0,314,0,1,17,0,18,262,41,29,0,332,16,0,16,348
11/16/2022,ONT,CA,AWP,WE,Towers with Radar,277,40,3,0,320,0,1,4,0,5,277,41,7,0,325,0,0,0,325
11/17/2022,ONT,CA,AWP,WE,Towers with Radar,275,40,6,0,321,0,5,28,2,35,275,45,34,2,356,64,0,64,420
11/18/2022,ONT,CA,AWP,WE,Towers with Radar,225,44,12,0,281,0,6,38,2,46,225,50,50,2,327,34,0,34,361
11/19/2022,ONT,CA,AWP,WE,Towers with Radar,177,21,5,0,203,0,0,15,2,17,177,21,20,2,220,16,0,16,236
11/20/2022,ONT,CA,AWP,WE,Towers with Radar,184,6,4,0,194,0,1,13,0,14,184,7,17,0,208,22,0,22,230
11/21/2022,ONT,CA,AWP,WE,Towers with Radar,212,26,7,0,245,0,4,28,3,35,212,30,35,3,280,98,0,98,378
11/22/2022,ONT,CA,AWP,WE,Towers with Radar,306,37,12,0,355,0,4,23,0,27,306,41,35,0,382,14,0,14,396
11/23/2022,ONT,CA,AWP,WE,Towers with Radar,305,40,6,0,351,0,2,15,0,17,305,42,21,0,368,0,0,0,368
11/24/2022,ONT,CA,AWP,WE,Towers with Radar,129,5,3,0,137,0,0,2,0,2,129,5,5,0,139,0,0,0,139
11/25/2022,ONT,CA,AWP,WE,Towers with Radar,173,38,4,0,215,0,4,17,0,21,173,42,21,0,236,46,0,46,282
11/26/2022,ONT,CA,AWP,WE,Towers with Radar,176,22,11,0,209,0,5,17,1,23,176,27,28,1,232,12,0,12,244
11/27/2022,ONT,CA,AWP,WE,Towers with Radar,179,7,7,0,193,0,5,10,2,17,179,12,17,2,210,10,0,10,220
11/28/2022,ONT,CA,AWP,WE,Towers with Radar,220,34,11,0,265,0,2,10,11,23,220,36,21,11,288,40,0,40,328
11/29/2022,ONT,CA,AWP,WE,Towers with Radar,315,42,5,0,362,0,1,15,2,18,315,43,20,2,380,12,0,12,392
11/30/2022,ONT,CA,AWP,WE,Towers with Radar,295,40,4,0,339,0,3,16,2,21,295,43,20,2,360,20,0,20,380
12/01/2022,ONT,CA,AWP,WE,Towers with Radar,307,40,14,0,361,0,0,15,4,19,307,40,29,4,380,24,0,24,404
12/02/2022,ONT,CA,AWP,WE,Towers with Radar,227,44,6,2,279,0,0,11,2,13,227,44,17,4,292,18,0,18,310
12/03/2022,ONT,CA,AWP,WE,Towers with Radar,177,18,5,0,200,0,1,19,1,21,177,19,24,1,221,10,0,10,231
12/04/2022,ONT,CA,AWP,WE,Towers with Radar,193,8,7,0,208,0,0,5,1,6,193,8,12,1,214,0,0,0,214
12/05/2022,ONT,CA,AWP,WE,Towers with Radar,215,27,18,1,261,0,0,14,10,24,215,27,32,11,285,90,0,90,375
12/06/2022,ONT,CA,AWP,WE,Towers with Radar,300,43,9,0,352,0,0,22,5,27,300,43,31,5,379,26,0,26,405
12/07/2022,ONT,CA,AWP,WE,Towers with Radar,306,44,7,0,357,0,0,37,0,37,306,44,44,0,394,26,0,26,420
12/08/2022,ONT,CA,AWP,WE,Towers with Radar,299,39,10,0,348,0,0,27,4,31,299,39,37,4,379,14,0,14,393
12/09/2022,ONT,CA,AWP,WE,Towers with Radar,232,39,4,1,276,0,5,21,1,27,232,44,25,2,303,50,0,50,353
12/10/2022,ONT,CA,AWP,WE,Towers with Radar,176,15,11,0,202,0,0,8,4,12,176,15,19,4,214,36,0,36,250
12/11/2022,ONT,CA,AWP,WE,Towers with Radar,199,2,5,0,206,0,0,2,0,2,199,2,7,0,208,0,0,0,208
12/12/2022,ONT,CA,AWP,WE,Towers with Radar,224,39,0,0,263,0,0,0,0,0,224,39,0,0,263,0,0,0,263
12/13/2022,ONT,CA,AWP,WE,Towers with Radar,310,36,8,0,354,0,1,20,6,27,310,37,28,6,381,52,0,52,433
12/14/2022,ONT,CA,AWP,WE,Towers with Radar,312,44,4,0,360,0,1,15,3,19,312,45,19,3,379,10,0,10,389
12/15/2022,ONT,CA,AWP,WE,Towers with Radar,317,42,8,0,367,0,3,14,5,22,317,45,22,5,389,38,0,38,427
12/16/2022,ONT,CA,AWP,WE,Towers with Radar,323,37,8,0,368,0,2,20,2,24,323,39,28,2,392,16,0,16,408
12/17/2022,ONT,CA,AWP,WE,Towers with Radar,282,19,6,0,307,0,3,10,0,13,282,22,16,0,320,30,0,30,350
12/18/2022,ONT,CA,AWP,WE,Towers with Radar,239,2,13,0,254,0,0,18,0,18,239,2,31,0,272,17,0,17,289
12/19/2022,ONT,CA,AWP,WE,Towers with Radar,289,25,10,0,324,0,1,21,0,22,289,26,31,0,346,36,0,36,382
12/20/2022,ONT,CA,AWP,WE,Towers with Radar,326,46,4,0,376,0,0,29,0,29,326,46,33,0,405,24,0,24,429
12/21/2022,ONT,CA,AWP,WE,Towers with Radar,318,46,7,0,371,0,0,16,1,17,318,46,23,1,388,22,0,22,410
12/22/2022,ONT,CA,AWP,WE,Towers with Radar,309,40,9,0,358,0,2,7,0,9,309,42,16,0,367,10,0,10,377
12/23/2022,ONT,CA,AWP,WE,Towers with Radar,199,37,11,0,247,0,1,12,1,14,199,38,23,1,261,12,0,12,273
12/24/2022,ONT,CA,AWP,WE,Towers with Radar,124,16,1,0,141,0,3,10,1,14,124,19,11,1,155,2,0,2,157
12/25/2022,ONT,CA,AWP,WE,Towers with Radar,76,3,3,0,82,0,0,3,0,3,76,3,6,0,85,2,0,2,87
12/26/2022,ONT,CA,AWP,WE,Towers with Radar,105,12,3,0,120,0,0,7,1,8,105,12,10,1,128,0,0,0,128
12/27/2022,ONT,CA,AWP,WE,Towers with Radar,152,33,14,0,199,0,0,13,0,13,152,33,27,0,212,16,0,16,228
12/28/2022,ONT,CA,AWP,WE,Towers with Radar,257,55,5,0,317,0,0,2,0,2,257,55,7,0,319,0,0,0,319
12/29/2022,ONT,CA,AWP,WE,Towers with Radar,254,44,7,0,305,0,0,12,0,12,254,44,19,0,317,12,0,12,329
12/30/2022,ONT,CA,AWP,WE,Towers with Radar,221,41,8,0,270,0,0,1,0,1,221,41,9,0,271,0,0,0,271
12/31/2022,ONT,CA,AWP,WE,Towers with Radar,148,18,9,0,175,0,0,0,0,0,148,18,9,0,175,0,0,0,175
01/01/2023,ONT,CA,AWP,WE,Towers with Radar,150,3,6,0,159,0,0,2,0,2,150,3,8,0,161,0,0,0,161
01/02/2023,ONT,CA,AWP,WE,Towers with Radar,173,9,16,0,198,0,0,8,0,8,173,9,24,0,206,10,0,10,216
01/03/2023,ONT,CA,AWP,WE,Towers with Radar,210,26,2,0,238,0,0,4,0,4,210,26,6,0,242,0,0,0,242
01/04/2023,ONT,CA,AWP,WE,Towers with Radar,249,44,9,0,302,0,0,2,0,2,249,44,11,0,304,0,0,0,304
01/05/2023,ONT,CA,AWP,WE,Towers with Radar,263,41,5,0,309,0,0,0,0,0,263,41,5,0,309,0,0,0,309
01/06/2023,ONT,CA,AWP,WE,Towers with Radar,205,30,6,0,241,0,3,12,0,15,205,33,18,0,256,42,0,42,298
01/07/2023,ONT,CA,AWP,WE,Towers with Radar,160,15,10,0,185,0,5,9,0,14,160,20,19,0,199,34,0,34,233
01/08/2023,ONT,CA,AWP,WE,Towers with Radar,152,7,10,0,169,0,0,12,1,13,152,7,22,1,182,12,0,12,194
01/09/2023,ONT,CA,AWP,WE,Towers with Radar,210,24,8,0,242,0,0,1,0,1,210,24,9,0,243,0,0,0,243
01/10/2023,ONT,CA,AWP,WE,Towers with Radar,261,35,7,0,303,0,0,1,0,1,261,35,8,0,304,0,0,0,304
01/11/2023,ONT,CA,AWP,WE,Towers with Radar,236,41,10,0,287,0,1,24,0,25,236,42,34,0,312,10,0,10,322
01/12/2023,ONT,CA,AWP,WE,Towers with Radar,259,38,19,2,318,0,1,35,0,36,259,39,54,2,354,58,0,58,412
01/13/2023,ONT,CA,AWP,WE,Towers with Radar,200,35,11,0,246,0,3,11,2,16,200,38,22,2,262,5,0,5,267
01/14/2023,ONT,CA,AWP,WE,Towers with Radar,147,23,3,0,173,0,0,1,0,1,147,23,4,0,174,0,0,0,174
01/15/2023,ONT,CA,AWP,WE,Towers with Radar,146,1,1,0,148,0,0,0,0,0,146,1,1,0,148,0,0,0,148
01/16/2023,ONT,CA,AWP,WE,Towers with Radar,193,28,5,0,226,0,0,4,0,4,193,28,9,0,230,2,0,2,232
01/17/2023,ONT,CA,AWP,WE,Towers with Radar,250,40,9,0,299,0,0,24,5,29,250,40,33,5,328,40,0,40,368
01/18/2023,ONT,CA,AWP,WE,Towers with Radar,237,38,14,0,289,0,3,24,4,31,237,41,38,4,320,24,0,24,344
01/19/2023,ONT,CA,AWP,WE,Towers with Radar,252,33,7,0,292,0,2,18,6,26,252,35,25,6,318,18,0,18,336
01/20/2023,ONT,CA,AWP,WE,Towers with Radar,206,35,4,0,245,0,3,5,2,10,206,38,9,2,255,0,0,0,255
01/21/2023,ONT,CA,AWP,WE,Towers with Radar,152,14,4,0,170,0,4,18,3,25,152,18,22,3,195,18,0,18,213
01/22/2023,ONT,CA,AWP,WE,Towers with Radar,154,0,3,0,157,0,0,16,0,16,154,0,19,0,173,42,0,42,215
01/23/2023,ONT,CA,AWP,WE,Towers with Radar,185,23,2,0,210,0,0,6,0,6,185,23,8,0,216,15,0,15,231
01/24/2023,ONT,CA,AWP,WE,Towers with Radar,255,35,7,0,297,0,1,15,2,18,255,36,22,2,315,10,0,10,325
01/25/2023,ONT,CA,AWP,WE,Towers with Radar,248,36,3,0,287,0,1,12,0,13,248,37,15,0,300,2,0,2,302
01/26/2023,ONT,CA,AWP,WE,Towers with Radar,223,27,14,0,264,0,2,6,0,8,223,29,20,0,272,0,0,0,272
01/27/2023,ONT,CA,AWP,WE,Towers with Radar,203,40,5,0,248,0,1,29,1,31,203,41,34,1,279,10,0,10,289
01/28/2023,ONT,CA,AWP,WE,Towers with Radar,144,21,8,0,173,0,2,6,0,8,144,23,14,0,181,56,0,56,237
01/29/2023,ONT,CA,AWP,WE,Towers with Radar,151,3,0,0,154,0,0,3,0,3,151,3,3,0,157,0,0,0,157
01/30/2023,ONT,CA,AWP,WE,Towers with Radar,183,25,7,0,215,0,0,18,5,23,183,25,25,5,238,84,0,84,322
01/31/2023,ONT,CA,AWP,WE,Towers with Radar,227,32,13,0,272,0,1,11,0,12,227,33,24,0,284,0,0,0,284
02/01/2023,ONT,CA,AWP,WE,Towers with Radar,211,39,6,0,256,0,1,15,1,17,211,40,21,1,273,48,0,48,321
02/02/2023,ONT,CA,AWP,WE,Towers with Radar,237,32,4,0,273,0,2,27,6,35,237,34,31,6,308,138,0,138,446
02/03/2023,ONT,CA,AWP,WE,Towers with Radar,196,36,8,0,240,0,3,27,4,34,196,39,35,4,274,32,0,32,306
02/04/2023,ONT,CA,AWP,WE,Towers with Radar,141,16,6,0,163,0,4,25,6,35,141,20,31,6,198,114,0,114,312
02/05/2023,ONT,CA,AWP,WE,Towers with Radar,152,5,6,0,163,0,0,9,2,11,152,5,15,2,174,42,0,42,216
02/06/2023,ONT,CA,AWP,WE,Towers with Radar,192,25,9,0,226,0,1,12,0,13,192,26,21,0,239,26,0,26,265
02/07/2023,ONT,CA,AWP,WE,Towers with Radar,245,33,15,0,293,0,1,24,1,26,245,34,39,1,319,76,0,76,395
02/08/2023,ONT,CA,AWP,WE,Towers with Radar,241,35,22,0,298,0,1,28,4,33,241,36,50,4,331,36,0,36,367
02/09/2023,ONT,CA,AWP,WE,Towers with Radar,249,36,5,0,290,0,1,15,0,16,249,37,20,0,306,20,0,20,326
02/10/2023,ONT,CA,AWP,WE,Towers with Radar,192,44,7,0,243,0,2,20,0,22,192,46,27,0,265,4,0,4,269
02/11/2023,ONT,CA,AWP,WE,Towers with Radar,139,20,4,0,163,0,1,14,1,16,139,21,18,1,179,28,0,28,207
02/12/2023,ONT,CA,AWP,WE,Towers with Radar,149,10,5,0,164,0,2,5,0,7,149,12,10,0,171,0,0,0,171
02/13/2023,ONT,CA,AWP,WE,Towers with Radar,177,35,10,0,222,0,1,5,5,11,177,36,15,5,233,12,0,12,245
02/14/2023,ONT,CA,AWP,WE,Towers with Radar,259,40,14,2,315,0,0,8,0,8,259,40,22,2,323,0,0,0,323
02/15/2023,ONT,CA,AWP,WE,Towers with Radar,243,38,6,0,287,0,4,15,2,21,243,42,21,2,308,22,0,22,330
02/16/2023,ONT,CA,AWP,WE,Towers with Radar,251,39,9,2,301,1,3,17,7,28,252,42,26,9,329,46,0,46,375
02/17/2023,ONT,CA,AWP,WE,Towers with Radar,202,42,11,0,255,0,2,17,3,22,202,44,28,3,277,28,0,28,305
02/18/2023,ONT,CA,AWP,WE,Towers with Radar,141,22,8,0,171,0,3,19,2,24,141,25,27,2,195,26,0,26,221
02/19/2023,ONT,CA,AWP,WE,Towers with Radar,150,8,7,0,165,0,2,17,0,19,150,10,24,0,184,8,0,8,192
02/20/2023,ONT,CA,AWP,WE,Towers with Radar,185,29,12,0,226,0,0,23,0,23,185,29,35,0,249,32,0,32,281
02/21/2023,ONT,CA,AWP,WE,Towers with Radar,241,35,10,1,287,0,1,23,2,26,241,36,33,3,313,26,0,26,339
02/22/2023,ONT,CA,AWP,WE,Towers with Radar,234,40,16,4,294,0,1,5,0,6,234,41,21,4,300,0,0,0,300
02/23/2023,ONT,CA,AWP,WE,Towers with Radar,239,34,15,4,292,0,0,1,0,1,239,34,16,4,293,0,0,0,293
02/24/2023,ONT,CA,AWP,WE,Towers with Radar,216,53,19,0,288,0,0,0,0,0,216,53,19,0,288,0,0,0,288
02/25/2023,ONT,CA,AWP,WE,Towers with Radar,174,27,6,0,207,0,0,0,1,1,174,27,6,1,208,0,0,0,208
02/26/2023,ONT,CA,AWP,WE,Towers with Radar,155,21,23,1,200,0,0,1,2,3,155,21,24,3,203,8,0,8,211
02/27/2023,ONT,CA,AWP,WE,Towers with Radar,183,29,10,1,223,0,0,2,0,2,183,29,12,1,225,0,0,0,225
02/28/2023,ONT,CA,AWP,WE,Towers with Radar,235,43,12,0,290,0,0,12,2,14,235,43,24,2,304,22,0,22,326
03/01/2023,ONT,CA,AWP,WE,Towers with Radar,253,40,11,0,304,0,1,4,2,7,253,41,15,2,311,12,0,12,323
03/02/2023,ONT,CA,AWP,WE,Towers with Radar,250,39,12,0,301,0,4,16,4,24,250,43,28,4,325,22,0,22,347
03/03/2023,ONT,CA,AWP,WE,Towers with Radar,199,42,23,0,264,0,2,20,6,28,199,44,43,6,292,32,0,32,324
03/04/2023,ONT,CA,AWP,WE,Towers with Radar,148,27,7,0,182,0,0,11,5,16,148,27,18,5,198,82,0,82,280
03/05/2023,ONT,CA,AWP,WE,Towers with Radar,151,6,11,0,168,0,0,3,0,3,151,6,14,0,171,0,0,0,171
03/06/2023,ONT,CA,AWP,WE,Towers with Radar,180,30,5,0,215,0,0,9,0,9,180,30,14,0,224,4,0,4,228
03/07/2023,ONT,CA,AWP,WE,Towers with Radar,239,42,2,0,283,0,1,34,4,39,239,43,36,4,322,16,0,16,338
03/08/2023,ONT,CA,AWP,WE,Towers with Radar,241,35,6,0,282,0,1,34,7,42,241,36,40,7,324,114,0,114,438
03/09/2023,ONT,CA,AWP,WE,Towers with Radar,254,36,6,1,297,0,1,21,11,33,254,37,27,12,330,22,0,22,352
03/10/2023,ONT,CA,AWP,WE,Towers with Radar,206,40,5,0,251,0,0,1,0,1,206,40,6,0,252,0,0,0,252
03/11/2023,ONT,CA,AWP,WE,Towers with Radar,152,20,2,0,174,0,0,0,0,0,152,20,2,0,174,0,0,0,174
03/12/2023,ONT,CA,AWP,WE,Towers with Radar,142,4,5,0,151,0,0,8,0,8,142,4,13,0,159,6,0,6,165
03/13/2023,ONT,CA,AWP,WE,Towers with Radar,189,23,3,0,215,0,3,14,4,21,189,26,17,4,236,52,0,52,288
03/14/2023,ONT,CA,AWP,WE,Towers with Radar,256,64,11,0,331,0,0,2,0,2,256,64,13,0,333,0,0,0,333
03/15/2023,ONT,CA,AWP,WE,Towers with Radar,252,52,15,0,319,0,0,0,0,0,252,52,15,0,319,0,0,0,319
03/16/2023,ONT,CA,AWP,WE,Towers with Radar,251,40,10,0,301,0,0,9,2,11,251,40,19,2,312,20,0,20,332
03/17/2023,ONT,CA,AWP,WE,Towers with Radar,208,44,4,0,256,0,0,10,9,19,208,44,14,9,275,58,0,58,333
03/18/2023,ONT,CA,AWP,WE,Towers with Radar,148,21,7,0,176,0,5,12,0,17,148,26,19,0,193,6,0,6,199
03/19/2023,ONT,CA,AWP,WE,Towers with Radar,156,4,2,0,162,0,0,6,0,6,156,4,8,0,168,14,0,14,182
03/20/2023,ONT,CA,AWP,WE,Towers with Radar,185,23,5,1,214,0,0,5,0,5,185,23,10,1,219,0,0,0,219
03/21/2023,ONT,CA,AWP,WE,Towers with Radar,256,41,13,0,310,0,0,2,0,2,256,41,15,0,312,0,0,0,312
03/22/2023,ONT,CA,AWP,WE,Towers with Radar,250,40,6,0,296,0,0,1,0,1,250,40,7,0,297,0,0,0,297
03/23/2023,ONT,CA,AWP,WE,Towers with Radar,245,38,11,1,295,0,0,11,9,20,245,38,22,10,315,30,0,30,345
03/24/2023,ONT,CA,AWP,WE,Towers with Radar,206,43,12,0,261,0,4,20,2,26,206,47,32,2,287,26,0,26,313
03/25/2023,ONT,CA,AWP,WE,Towers with Radar,148,25,2,0,175,0,1,25,3,29,148,26,27,3,204,50,0,50,254
03/26/2023,ONT,CA,AWP,WE,Towers with Radar,152,12,9,0,173,0,2,12,1,15,152,14,21,1,188,28,0,28,216
03/27/2023,ONT,CA,AWP,WE,Towers with Radar,182,27,7,0,216,0,2,23,1,26,182,29,30,1,242,28,0,28,270
03/28/2023,ONT,CA,AWP,WE,Towers with Radar,244,41,13,0,298,0,3,19,2,24,244,44,32,2,322,8,0,8,330
03/29/2023,ONT,CA,AWP,WE,Towers with Radar,254,44,9,0,307,0,0,7,1,8,254,44,16,1,315,10,0,10,325
03/30/2023,ONT,CA,AWP,WE,Towers with Radar,252,41,6,0,299,0,0,10,0,10,252,41,16,0,309,0,0,0,309
03/31/2023,ONT,CA,AWP,WE,Towers with Radar,207,41,5,0,253,0,2,16,2,20,207,43,21,2,273,42,0,42,315
04/01/2023,ONT,CA,AWP,WE,Towers with Radar,143,22,5,0,170,0,2,8,0,10,143,24,13,0,180,4,0,4,184
04/02/2023,ONT,CA,AWP,WE,Towers with Radar,141,7,4,0,152,0,2,10,0,12,141,9,14,0,164,4,0,4,168
04/03/2023,ONT,CA,AWP,WE,Towers with Radar,194,31,14,0,239,0,1,6,0,7,194,32,20,0,246,0,0,0,246
04/04/2023,ONT,CA,AWP,WE,Towers with Radar,257,46,6,0,309,0,6,22,10,38,257,52,28,10,347,56,0,56,403
04/05/2023,ONT,CA,AWP,WE,Towers with Radar,250,41,13,0,304,0,2,14,0,16,250,43,27,0,320,8,0,8,328
04/06/2023,ONT,CA,AWP,WE,Towers with Radar,261,45,7,0,313,0,0,5,0,5,261,45,12,0,318,0,0,0,318
04/07/2023,ONT,CA,AWP,WE,Towers with Radar,208,37,1,0,246,0,2,21,1,24,208,39,22,1,270,8,0,8,278
04/08/2023,ONT,CA,AWP,WE,Towers with Radar,157,23,3,0,183,0,2,18,0,20,157,25,21,0,203,33,0,33,236
04/09/2023,ONT,CA,AWP,WE,Towers with Radar,158,6,3,0,167,0,0,4,0,4,158,6,7,0,171,6,0,6,177
04/10/2023,ONT,CA,AWP,WE,Towers with Radar,207,33,8,0,248,0,2,15,0,17,207,35,23,0,265,28,0,28,293
04/11/2023,ONT,CA,AWP,WE,Towers with Radar,257,39,6,0,302,0,1,14,0,15,257,40,20,0,317,2,0,2,319
04/12/2023,ONT,CA,AWP,WE,Towers with Radar,254,40,11,0,305,0,0,4,0,4,254,40,15,0,309,0,0,0,309
04/13/2023,ONT,CA,AWP,WE,Towers with Radar,252,44,19,0,315,0,0,3,0,3,252,44,22,0,318,0,0,0,318
04/14/2023,ONT,CA,AWP,WE,Towers with Radar,204,39,13,2,258,0,0,18,0,18,204,39,31,2,276,34,0,34,310
04/15/2023,ONT,CA,AWP,WE,Towers with Radar,161,19,6,0,186,0,1,27,0,28,161,20,33,0,214,20,0,20,234
04/16/2023,ONT,CA,AWP,WE,Towers with Radar,156,9,4,0,169,0,0,10,0,10,156,9,14,0,179,6,0,6,185
04/17/2023,ONT,CA,AWP,WE,Towers with Radar,188,31,11,0,230,0,2,4,2,8,188,33,15,2,238,6,0,6,244
04/18/2023,ONT,CA,AWP,WE,Towers with Radar,259,43,18,0,320,0,0,11,0,11,259,43,29,0,331,6,0,6,337
04/19/2023,ONT,CA,AWP,WE,Towers with Radar,250,45,8,0,303,0,3,25,2,30,250,48,33,2,333,18,0,18,351
04/20/2023,ONT,CA,AWP,WE,Towers with Radar,249,47,7,2,305,0,1,32,0,33,249,48,39,2,338,8,0,8,346
04/21/2023,ONT,CA,AWP,WE,Towers with Radar,215,56,8,2,281,0,4,17,1,22,215,60,25,3,303,8,0,8,311
04/22/2023,ONT,CA,AWP,WE,Towers with Radar,164,20,7,0,191,0,1,21,3,25,164,21,28,3,216,18,0,18,234
04/23/2023,ONT,CA,AWP,WE,Towers with Radar,149,11,10,1,171,0,0,10,0,10,149,11,20,1,181,0,0,0,181
04/24/2023,ONT,CA,AWP,WE,Towers with Radar,201,29,4,0,234,0,3,15,2,20,201,32,19,2,254,40,0,40,294
04/25/2023,ONT,CA,AWP,WE,Towers with Radar,242,46,13,0,301,0,0,13,0,13,242,46,26,0,314,0,0,0,314
04/26/2023,ONT,CA,AWP,WE,Towers with Radar,250,44,15,0,309,0,1,16,0,17,250,45,31,0,326,8,0,8,334
04/27/2023,ONT,CA,AWP,WE,Towers with Radar,257,49,13,0,319,0,1,35,0,36,257,50,48,0,355,18,0,18,373
04/28/2023,ONT,CA,AWP,WE,Towers with Radar,211,44,8,2,265,0,2,18,1,21,211,46,26,3,286,8,0,8,294
04/29/2023,ONT,CA,AWP,WE,Towers with Radar,169,24,6,0,199,0,0,12,2,14,169,24,18,2,213,8,0,8,221
04/30/2023,ONT,CA,AWP,WE,Towers with Radar,152,13,6,2,173,0,0,8,0,8,152,13,14,2,181,2,0,2,183
05/01/2023,ONT,CA,AWP,WE,Towers with Radar,191,25,8,0,224,0,0,12,0,12,191,25,20,0,236,32,0,32,268
05/02/2023,ONT,CA,AWP,WE,Towers with Radar,254,41,9,1,305,0,0,15,3,18,254,41,24,4,323,6,0,6,329
05/03/2023,ONT,CA,AWP,WE,Towers with Radar,250,45,14,2,311,0,1,16,7,24,250,46,30,9,335,28,0,28,363
05/04/2023,ONT,CA,AWP,WE,Towers with Radar,248,40,6,1,295,0,0,3,0,3,248,40,9,1,298,0,0,0,298
05/05/2023,ONT,CA,AWP,WE,Towers with Radar,205,42,5,0,252,0,0,14,0,14,205,42,19,0,266,22,0,22,288
05/06/2023,ONT,CA,AWP,WE,Towers with Radar,158,24,5,0,187,0,4,10,1,15,158,28,15,1,202,8,0,8,210
05/07/2023,ONT,CA,AWP,WE,Towers with Radar,146,7,3,0,156,0,0,7,0,7,146,7,10,0,163,0,0,0,163
05/08/2023,ONT,CA,AWP,WE,Towers with Radar,198,23,6,0,227,0,2,28,0,30,198,25,34,0,257,60,0,60,317
05/09/2023,ONT,CA,AWP,WE,Towers with Radar,256,41,15,0,312,0,0,15,0,15,256,41,30,0,327,14,0,14,341
05/10/2023,ONT,CA,AWP,WE,Towers with Radar,251,45,7,0,303,0,0,4,7,11,251,45,11,7,314,22,0,22,336
05/11/2023,ONT,CA,AWP,WE,Towers with Radar,260,37,11,2,310,0,0,15,0,15,260,37,26,2,325,22,0,22,347
05/12/2023,ONT,CA,AWP,WE,Towers with Radar,207,47,12,0,266,0,3,20,0,23,207,50,32,0,289,36,0,36,325
05/13/2023,ONT,CA,AWP,WE,Towers with Radar,182,23,5,0,210,0,6,13,1,20,182,29,18,1,230,16,0,16,246
05/14/2023,ONT,CA,AWP,WE,Towers with Radar,153,12,7,0,172,0,2,11,0,13,153,14,18,0,185,0,0,0,185
05/15/2023,ONT,CA,AWP,WE,Towers with Radar,190,27,3,0,220,0,3,25,1,29,190,30,28,1,249,40,0,40,289
05/16/2023,ONT,CA,AWP,WE,Towers with Radar,261,37,3,0,301,0,3,20,2,25,261,40,23,2,326,26,0,26,352
05/17/2023,ONT,CA,AWP,WE,Towers with Radar,257,43,8,0,308,0,3,26,2,31,257,46,34,2,339,72,0,72,411
05/18/2023,ONT,CA,AWP,WE,Towers with Radar,272,44,12,1,329,0,5,26,2,33,272,49,38,3,362,54,0,54,416
05/19/2023,ONT,CA,AWP,WE,Towers with Radar,207,39,11,0,257,0,4,14,4,22,207,43,25,4,279,42,0,42,321
05/20/2023,ONT,CA,AWP,WE,Towers with Radar,169,20,6,0,195,0,2,6,0,8,169,22,12,0,203,8,0,8,211
05/21/2023,ONT,CA,AWP,WE,Towers with Radar,153,0,12,0,165,0,2,7,0,9,153,2,19,0,174,28,0,28,202
05/22/2023,ONT,CA,AWP,WE,Towers with Radar,193,28,16,0,237,0,1,15,0,16,193,29,31,0,253,30,0,30,283
05/23/2023,ONT,CA,AWP,WE,Towers with Radar,257,41,13,0,311,0,0,2,0,2,257,41,15,0,313,0,0,0,313
05/24/2023,ONT,CA,AWP,WE,Towers with Radar,257,38,21,0,316,0,1,4,0,5,257,39,25,0,321,0,0,0,321
05/25/2023,ONT,CA,AWP,WE,Towers with Radar,256,45,10,0,311,0,2,18,7,27,256,47,28,7,338,30,0,30,368
05/26/2023,ONT,CA,AWP,WE,Towers with Radar,214,40,7,0,261,0,2,7,2,11,214,42,14,2,272,46,0,46,318
05/27/2023,ONT,CA,AWP,WE,Towers with Radar,161,18,4,0,183,0,3,7,0,10,161,21,11,0,193,0,0,0,193
05/28/2023,ONT,CA,AWP,WE,Towers with Radar,140,3,3,0,146,0,0,3,0,3,140,3,6,0,149,0,0,0,149
05/29/2023,ONT,CA,AWP,WE,Towers with Radar,164,12,8,0,184,0,0,9,0,9,164,12,17,0,193,0,0,0,193
05/30/2023,ONT,CA,AWP,WE,Towers with Radar,195,31,15,0,241,0,2,12,0,14,195,33,27,0,255,8,0,8,263
05/31/2023,ONT,CA,AWP,WE,Towers with Radar,255,43,11,0,309,0,0,9,0,9,255,43,20,0,318,0,0,0,318
06/01/2023,ONT,CA,AWP,WE,Towers with Radar,262,42,14,0,318,0,2,4,0,6,262,44,18,0,324,18,0,18,342
06/02/2023,ONT,CA,AWP,WE,Towers with Radar,211,34,10,0,255,0,1,8,3,12,211,35,18,3,267,40,0,40,307
06/03/2023,ONT,CA,AWP,WE,Towers with Radar,171,16,5,0,192,0,6,11,0,17,171,22,16,0,209,14,0,14,223
06/04/2023,ONT,CA,AWP,WE,Towers with Radar,173,5,2,0,180,0,2,12,0,14,173,7,14,0,194,0,0,0,194
06/05/2023,ONT,CA,AWP,WE,Towers with Radar,188,30,12,3,233,0,0,11,0,11,188,30,23,3,244,14,0,14,258
06/06/2023,ONT,CA,AWP,WE,Towers with Radar,249,44,9,4,306,0,1,20,0,21,249,45,29,4,327,10,0,10,337
06/07/2023,ONT,CA,AWP,WE,Towers with Radar,255,48,17,3,323,0,1,17,5,23,255,49,34,8,346,16,0,16,362
06/08/2023,ONT,CA,AWP,WE,Towers with Radar,254,44,9,0,307,0,1,16,0,17,254,45,25,0,324,34,0,34,358
06/09/2023,ONT,CA,AWP,WE,Towers with Radar,214,37,17,0,268,0,2,13,0,15,214,39,30,0,283,16,0,16,299
06/10/2023,ONT,CA,AWP,WE,Towers with Radar,165,19,6,0,190,0,0,2,1,3,165,19,8,1,193,0,0,0,193
06/11/2023,ONT,CA,AWP,WE,Towers with Radar,155,5,11,0,171,0,0,2,0,2,155,5,13,0,173,6,0,6,179
06/12/2023,ONT,CA,AWP,WE,Towers with Radar,187,32,3,0,222,0,2,8,0,10,187,34,11,0,232,4,0,4,236
06/13/2023,ONT,CA,AWP,WE,Towers with Radar,251,44,18,0,313,0,0,11,0,11,251,44,29,0,324,20,0,20,344
06/14/2023,ONT,CA,AWP,WE,Towers with Radar,254,40,8,2,304,0,2,6,0,8,254,42,14,2,312,0,0,0,312
06/15/2023,ONT,CA,AWP,WE,Towers with Radar,255,41,20,0,316,0,1,10,0,11,255,42,30,0,327,18,0,18,345
06/16/2023,ONT,CA,AWP,WE,Towers with Radar,213,42,9,2,266,0,1,17,0,18,213,43,26,2,284,26,0,26,310
06/17/2023,ONT,CA,AWP,WE,Towers with Radar,163,18,3,0,184,0,2,14,0,16,163,20,17,0,200,8,0,8,208
06/18/2023,ONT,CA,AWP,WE,Towers with Radar,152,6,5,0,163,0,0,8,0,8,152,6,13,0,171,10,0,10,181
06/19/2023,ONT,CA,AWP,WE,Towers with Radar,191,28,7,2,228,0,2,17,0,19,191,30,24,2,247,8,0,8,255
06/20/2023,ONT,CA,AWP,WE,Towers with Radar,244,38,13,2,297,0,2,21,0,23,244,40,34,2,320,50,0,50,370
06/21/2023,ONT,CA,AWP,WE,Towers with Radar,261,40,11,0,312,0,2,44,2,48,261,42,55,2,360,65,0,65,425
06/22/2023,ONT,CA,AWP,WE,Towers with Radar,255,42,2,0,299,0,5,23,0,28,255,47,25,0,327,20,0,20,347
06/23/2023,ONT,CA,AWP,WE,Towers with Radar,215,45,3,0,263,0,3,19,1,23,215,48,22,1,286,18,0,18,304
06/24/2023,ONT,CA,AWP,WE,Towers with Radar,163,19,5,0,187,0,2,8,4,14,163,21,13,4,201,8,0,8,209
06/25/2023,ONT,CA,AWP,WE,Towers with Radar,148,8,6,0,162,0,0,12,0,12,148,8,18,0,174,20,0,20,194
06/26/2023,ONT,CA,AWP,WE,Towers with Radar,197,27,8,0,232,0,1,13,2,16,197,28,21,2,248,16,0,16,264
06/27/2023,ONT,CA,AWP,WE,Towers with Radar,252,38,8,0,298,0,4,52,2,58,252,42,60,2,356,10,0,10,366
06/28/2023,ONT,CA,AWP,WE,Towers with Radar,265,42,21,0,328,0,1,15,0,16,265,43,36,0,344,4,0,4,348
06/29/2023,ONT,CA,AWP,WE,Towers with Radar,259,38,16,4,317,0,3,22,0,25,259,41,38,4,342,2,0,2,344
06/30/2023,ONT,CA,AWP,WE,Towers with Radar,219,31,7,0,257,0,5,16,0,21,219,36,23,0,278,20,0,20,298
07/01/2023,ONT,CA,AWP,WE,Towers with Radar,173,19,5,0,197,0,7,11,0,18,173,26,16,0,215,8,0,8,223
07/02/2023,ONT,CA,AWP,WE,Towers with Radar,157,5,4,0,166,0,0,9,0,9,157,5,13,0,175,22,0,22,197
07/03/2023,ONT,CA,AWP,WE,Towers with Radar,184,27,4,0,215,0,2,13,0,15,184,29,17,0,230,8,0,8,238
07/04/2023,ONT,CA,AWP,WE,Towers with Radar,159,4,5,0,168,0,0,11,0,11,159,4,16,0,179,0,0,0,179
07/05/2023,ONT,CA,AWP,WE,Towers with Radar,232,40,6,1,279,0,1,25,1,27,232,41,31,2,306,6,0,6,312
07/06/2023,ONT,CA,AWP,WE,Towers with Radar,267,41,2,2,312,0,2,17,1,20,267,43,19,3,332,18,0,18,350
07/07/2023,ONT,CA,AWP,WE,Towers with Radar,234,35,6,0,275,0,3,16,1,20,234,38,22,1,295,2,0,2,297
07/08/2023,ONT,CA,AWP,WE,Towers with Radar,169,19,5,2,195,0,0,9,1,10,169,19,14,3,205,24,0,24,229
07/09/2023,ONT,CA,AWP,WE,Towers with Radar,153,1,9,0,163,0,0,10,0,10,153,1,19,0,173,24,0,24,197
07/10/2023,ONT,CA,AWP,WE,Towers with Radar,197,26,7,0,230,0,2,21,0,23,197,28,28,0,253,24,0,24,277
07/11/2023,ONT,CA,AWP,WE,Towers with Radar,273,36,4,0,313,0,4,25,0,29,273,40,29,0,342,12,0,12,354
07/12/2023,ONT,CA,AWP,WE,Towers with Radar,265,39,11,0,315,0,3,18,2,23,265,42,29,2,338,16,0,16,354
07/13/2023,ONT,CA,AWP,WE,Towers with Radar,264,46,8,0,318,0,2,12,0,14,264,48,20,0,332,2,0,2,334
07/14/2023,ONT,CA,AWP,WE,Towers with Radar,234,36,6,0,276,0,5,16,8,29,234,41,22,8,305,28,0,28,333
07/15/2023,ONT,CA,AWP,WE,Towers with Radar,172,18,5,0,195,0,3,13,0,16,172,21,18,0,211,52,0,52,263
07/16/2023,ONT,CA,AWP,WE,Towers with Radar,158,3,9,0,170,0,0,13,0,13,158,3,22,0,183,2,0,2,185
07/17/2023,ONT,CA,AWP,WE,Towers with Radar,194,26,3,1,224,0,1,11,0,12,194,27,14,1,236,10,0,10,246
07/18/2023,ONT,CA,AWP,WE,Towers with Radar,255,46,6,1,308,0,1,15,2,18,255,47,21,3,326,26,0,26,352
07/19/2023,ONT,CA,AWP,WE,Towers with Radar,252,35,6,1,294,0,2,23,0,25,252,37,29,1,319,0,0,0,319
07/20/2023,ONT,CA,AWP,WE,Towers with Radar,254,52,17,0,323,0,4,13,2,19,254,56,30,2,342,22,0,22,364
07/21/2023,ONT,CA,AWP,WE,Towers with Radar,222,37,11,1,271,0,5,10,1,16,222,42,21,2,287,12,0,12,299
07/22/2023,ONT,CA,AWP,WE,Towers with Radar,168,19,6,0,193,0,4,10,0,14,168,23,16,0,207,30,0,30,237
07/23/2023,ONT,CA,AWP,WE,Towers with Radar,158,4,6,2,170,0,0,8,0,8,158,4,14,2,178,14,0,14,192
07/24/2023,ONT,CA,AWP,WE,Towers with Radar,196,36,5,0,237,0,1,15,3,19,196,37,20,3,256,26,0,26,282
07/25/2023,ONT,CA,AWP,WE,Towers with Radar,253,46,3,0,302,0,3,16,2,21,253,49,19,2,323,38,0,38,361
07/26/2023,ONT,CA,AWP,WE,Towers with Radar,240,42,8,0,290,0,2,17,2,21,240,44,25,2,311,0,0,0,311
07/27/2023,ONT,CA,AWP,WE,Towers with Radar,258,43,7,0,308,0,4,17,1,22,258,47,24,1,330,8,0,8,338
07/28/2023,ONT,CA,AWP,WE,Towers with Radar,224,34,3,0,261,0,4,29,1,34,224,38,32,1,295,41,0,41,336
07/29/2023,ONT,CA,AWP,WE,Towers with Radar,170,19,5,0,194,0,2,12,0,14,170,21,17,0,208,14,0,14,222
07/30/2023,ONT,CA,AWP,WE,Towers with Radar,154,6,4,0,164,0,0,12,0,12,154,6,16,0,176,24,0,24,200
07/31/2023,ONT,CA,AWP,WE,Towers with Radar,195,27,3,0,225,0,2,9,0,11,195,29,12,0,236,10,0,10,246
08/01/2023,ONT,CA,AWP,WE,Towers with Radar,251,36,6,0,293,0,2,18,0,20,251,38,24,0,313,20,0,20,333
08/02/2023,ONT,CA,AWP,WE,Towers with Radar,248,40,6,0,294,0,2,25,0,27,248,42,31,0,321,6,0,6,327
08/03/2023,ONT,CA,AWP,WE,Towers with Radar,251,39,7,0,297,0,2,23,0,25,251,41,30,0,322,16,0,16,338
08/04/2023,ONT,CA,AWP,WE,Towers with Radar,222,34,3,2,261,0,3,13,0,16,222,37,16,2,277,26,0,26,303
08/05/2023,ONT,CA,AWP,WE,Towers with Radar,169,21,4,0,194,0,2,15,0,17,169,23,19,0,211,30,0,30,241
08/06/2023,ONT,CA,AWP,WE,Towers with Radar,154,3,7,0,164,0,0,12,1,13,154,3,19,1,177,30,0,30,207
08/07/2023,ONT,CA,AWP,WE,Towers with Radar,189,30,3,0,222,0,2,21,0,23,189,32,24,0,245,22,0,22,267
08/08/2023,ONT,CA,AWP,WE,Towers with Radar,249,42,2,0,293,0,2,19,1,22,249,44,21,1,315,0,0,0,315
08/09/2023,ONT,CA,AWP,WE,Towers with Radar,251,44,11,0,306,0,2,37,2,41,251,46,48,2,347,48,0,48,395
08/10/2023,ONT,CA,AWP,WE,Towers with Radar,255,43,10,0,308,0,0,2,0,2,255,43,12,0,310,0,0,0,310
08/11/2023,ONT,CA,AWP,WE,Towers with Radar,227,43,10,0,280,0,1,16,0,17,227,44,26,0,297,10,0,10,307
08/12/2023,ONT,CA,AWP,WE,Towers with Radar,164,16,3,0,183,0,3,17,0,20,164,19,20,0,203,24,0,24,227
08/13/2023,ONT,CA,AWP,WE,Towers with Radar,160,11,4,1,176,0,0,11,0,11,160,11,15,1,187,18,0,18,205
08/14/2023,ONT,CA,AWP,WE,Towers with Radar,195,35,6,1,237,0,0,33,3,36,195,35,39,4,273,30,0,30,303
08/15/2023,ONT,CA,AWP,WE,Towers with Radar,255,43,3,0,301,0,2,32,0,34,255,45,35,0,335,0,0,0,335
08/16/2023,ONT,CA,AWP,WE,Towers with Radar,256,41,6,0,303,0,3,19,0,22,256,44,25,0,325,4,0,4,329
08/17/2023,ONT,CA,AWP,WE,Towers with Radar,258,45,13,0,316,0,3,29,2,34,258,48,42,2,350,6,0,6,356
08/18/2023,ONT,CA,AWP,WE,Towers with Radar,224,40,14,0,278,0,6,17,3,26,224,46,31,3,304,8,0,8,312
08/19/2023,ONT,CA,AWP,WE,Towers with Radar,171,14,10,0,195,0,3,5,2,10,171,17,15,2,205,2,0,2,207
08/20/2023,ONT,CA,AWP,WE,Towers with Radar,127,9,4,0,140,0,0,0,0,0,127,9,4,0,140,0,0,0,140
08/21/2023,ONT,CA,AWP,WE,Towers with Radar,161,31,6,0,198,0,0,14,3,17,161,31,20,3,215,2,0,2,217
08/22/2023,ONT,CA,AWP,WE,Towers with Radar,252,52,13,0,317,0,2,35,0,37,252,54,48,0,354,24,0,24,378
08/23/2023,ONT,CA,AWP,WE,Towers with Radar,257,40,12,0,309,0,2,24,0,26,257,42,36,0,335,10,0,10,345
08/24/2023,ONT,CA,AWP,WE,Towers with Radar,253,45,14,0,312,0,4,18,1,23,253,49,32,1,335,6,0,6,341
08/25/2023,ONT,CA,AWP,WE,Towers with Radar,223,37,13,0,273,0,6,26,1,33,223,43,39,1,306,6,0,6,312
08/26/2023,ONT,CA,AWP,WE,Towers with Radar,173,18,2,0,193,0,9,21,0,30,173,27,23,0,223,54,0,54,277
08/27/2023,ONT,CA,AWP,WE,Towers with Radar,181,9,5,0,195,0,0,11,0,11,181,9,16,0,206,8,0,8,214
08/28/2023,ONT,CA,AWP,WE,Towers with Radar,204,29,5,2,240,0,2,18,2,22,204,31,23,4,262,6,0,6,268
08/29/2023,ONT,CA,AWP,WE,Towers with Radar,258,42,13,2,315,0,3,26,3,32,258,45,39,5,347,22,0,22,369
08/30/2023,ONT,CA,AWP,WE,Towers with Radar,276,42,10,2,330,0,3,19,0,22,276,45,29,2,352,18,0,18,370
08/31/2023,ONT,CA,AWP,WE,Towers with Radar,268,40,5,0,313,0,5,15,1,21,268,45,20,1,334,2,0,2,336
