01/01/2020,OPF,FL,ASO,ES,Federal Contract Tower,0,80,111,0,191,0,1,79,4,84,0,81,190,4,275,57,0,57,332
01/02/2020,OPF,FL,ASO,ES,Federal Contract Tower,0,62,144,2,208,0,4,113,9,126,0,66,257,11,334,211,0,211,545
01/03/2020,OPF,FL,ASO,ES,Federal Contract Tower,1,58,151,3,213,0,3,92,5,100,1,61,243,8,313,73,21,94,407
01/04/2020,OPF,FL,ASO,ES,Federal Contract Tower,0,73,172,0,245,0,4,100,2,106,0,77,272,2,351,71,16,87,438
01/05/2020,OPF,FL,ASO,ES,Federal Contract Tower,0,78,199,6,283,0,4,120,2,126,0,82,319,8,409,77,0,77,486
01/06/2020,OPF,FL,ASO,ES,Federal Contract Tower,0,43,156,0,199,0,4,147,4,155,0,47,303,4,354,108,0,108,462
01/07/2020,OPF,FL,ASO,ES,Federal Contract Tower,1,35,129,0,165,0,5,140,7,152,1,40,269,7,317,135,0,135,452
01/08/2020,OPF,FL,ASO,ES,Federal Contract Tower,0,32,143,5,180,0,5,147,6,158,0,37,290,11,338,151,40,191,529
01/09/2020,OPF,FL,ASO,ES,Federal Contract Tower,0,41,97,8,146,0,6,86,12,104,0,47,183,20,250,45,20,65,315
01/10/2020,OPF,FL,ASO,ES,Federal Contract Tower,0,53,127,11,191,0,2,39,12,53,0,55,166,23,244,59,0,59,303
01/11/2020,OPF,FL,ASO,ES,Federal Contract Tower,0,25,84,2,111,0,2,68,7,77,0,27,152,9,188,30,0,30,218
01/12/2020,OPF,FL,ASO,ES,Federal Contract Tower,1,45,113,8,167,0,4,79,8,91,1,49,192,16,258,51,0,51,309
01/13/2020,OPF,FL,ASO,ES,Federal Contract Tower,0,36,129,5,170,0,3,136,18,157,0,39,265,23,327,170,11,181,508
01/14/2020,OPF,FL,ASO,ES,Federal Contract Tower,1,37,118,0,156,0,6,139,18,163,1,43,257,18,319,249,6,255,574
01/15/2020,OPF,FL,ASO,ES,Federal Contract Tower,0,35,110,4,149,0,7,118,15,140,0,42,228,19,289,178,0,178,467
01/16/2020,OPF,FL,ASO,ES,Federal Contract Tower,0,52,130,1,183,0,2,168,11,181,0,54,298,12,364,161,0,161,525
01/17/2020,OPF,FL,ASO,ES,Federal Contract Tower,1,56,131,6,194,0,2,108,11,121,1,58,239,17,315,26,20,46,361
01/18/2020,OPF,FL,ASO,ES,Federal Contract Tower,0,39,77,0,116,0,3,119,6,128,0,42,196,6,244,68,0,68,312
01/19/2020,OPF,FL,ASO,ES,Federal Contract Tower,0,24,119,5,148,0,1,123,5,129,0,25,242,10,277,207,0,207,484
01/20/2020,OPF,FL,ASO,ES,Federal Contract Tower,1,72,165,6,244,0,3,114,1,118,1,75,279,7,362,186,0,186,548
01/21/2020,OPF,FL,ASO,ES,Federal Contract Tower,0,45,140,3,188,0,5,148,13,166,0,50,288,16,354,67,4,71,425
01/22/2020,OPF,FL,ASO,ES,Federal Contract Tower,0,46,145,9,200,0,10,96,12,118,0,56,241,21,318,77,0,77,395
01/23/2020,OPF,FL,ASO,ES,Federal Contract Tower,0,55,106,1,162,0,8,83,3,94,0,63,189,4,256,163,0,163,419
01/24/2020,OPF,FL,ASO,ES,Federal Contract Tower,0,52,128,3,183,0,5,150,11,166,0,57,278,14,349,254,0,254,603
01/25/2020,OPF,FL,ASO,ES,Federal Contract Tower,0,26,65,1,92,0,3,139,11,153,0,29,204,12,245,42,0,42,287
01/26/2020,OPF,FL,ASO,ES,Federal Contract Tower,0,35,104,0,139,0,0,95,7,102,0,35,199,7,241,60,0,60,301
01/27/2020,OPF,FL,ASO,ES,Federal Contract Tower,0,48,103,2,153,0,5,142,16,163,0,53,245,18,316,153,0,153,469
01/28/2020,OPF,FL,ASO,ES,Federal Contract Tower,0,45,101,3,149,0,8,138,10,156,0,53,239,13,305,136,0,136,441
01/29/2020,OPF,FL,ASO,ES,Federal Contract Tower,0,32,80,3,115,0,2,111,12,125,0,34,191,15,240,92,0,92,332
01/30/2020,OPF,FL,ASO,ES,Federal Contract Tower,1,82,129,2,214,0,11,80,15,106,1,93,209,17,320,4,0,4,324
01/31/2020,OPF,FL,ASO,ES,Federal Contract Tower,1,96,151,3,251,0,4,52,9,65,1,100,203,12,316,0,0,0,316
02/01/2020,OPF,FL,ASO,ES,Federal Contract Tower,0,57,81,0,138,0,2,41,5,48,0,59,122,5,186,8,2,10,196
02/02/2020,OPF,FL,ASO,ES,Federal Contract Tower,0,49,65,0,114,0,23,50,4,77,0,72,115,4,191,0,0,0,191
02/03/2020,OPF,FL,ASO,ES,Federal Contract Tower,1,169,263,0,433,0,1,53,15,69,1,170,316,15,502,5,0,5,507
02/04/2020,OPF,FL,ASO,ES,Federal Contract Tower,0,56,157,4,217,0,4,172,23,199,0,60,329,27,416,43,0,43,459
02/05/2020,OPF,FL,ASO,ES,Federal Contract Tower,0,52,150,6,208,0,2,191,20,213,0,54,341,26,421,162,18,180,601
02/06/2020,OPF,FL,ASO,ES,Federal Contract Tower,0,42,107,5,154,0,7,85,16,108,0,49,192,21,262,11,7,18,280
02/07/2020,OPF,FL,ASO,ES,Federal Contract Tower,0,41,149,2,192,0,0,95,4,99,0,41,244,6,291,177,0,177,468
02/08/2020,OPF,FL,ASO,ES,Federal Contract Tower,2,26,114,4,146,0,4,157,5,166,2,30,271,9,312,163,0,163,475
02/09/2020,OPF,FL,ASO,ES,Federal Contract Tower,0,48,106,1,155,0,3,90,14,107,0,51,196,15,262,23,0,23,285
02/10/2020,OPF,FL,ASO,ES,Federal Contract Tower,0,49,167,0,216,0,3,148,16,167,0,52,315,16,383,159,13,172,555
02/11/2020,OPF,FL,ASO,ES,Federal Contract Tower,0,41,148,1,190,0,3,179,17,199,0,44,327,18,389,198,0,198,587
02/12/2020,OPF,FL,ASO,ES,Federal Contract Tower,0,56,203,1,260,0,3,139,16,158,0,59,342,17,418,182,0,182,600
02/13/2020,OPF,FL,ASO,ES,Federal Contract Tower,0,82,201,1,284,0,7,163,21,191,0,89,364,22,475,92,2,94,569
02/14/2020,OPF,FL,ASO,ES,Federal Contract Tower,0,85,221,5,311,0,9,132,11,152,0,94,353,16,463,248,28,276,739
02/15/2020,OPF,FL,ASO,ES,Federal Contract Tower,0,37,138,7,182,0,3,37,2,42,0,40,175,9,224,34,0,34,258
02/16/2020,OPF,FL,ASO,ES,Federal Contract Tower,0,44,184,0,228,0,4,114,7,125,0,48,298,7,353,120,0,120,473
02/17/2020,OPF,FL,ASO,ES,Federal Contract Tower,0,87,214,1,302,0,3,141,11,155,0,90,355,12,457,125,0,125,582
02/18/2020,OPF,FL,ASO,ES,Federal Contract Tower,0,65,148,6,219,0,7,152,19,178,0,72,300,25,397,156,19,175,572
02/19/2020,OPF,FL,ASO,ES,Federal Contract Tower,0,43,151,3,197,0,11,169,20,200,0,54,320,23,397,228,0,228,625
02/20/2020,OPF,FL,ASO,ES,Federal Contract Tower,0,62,141,5,208,0,12,142,20,174,0,74,283,25,382,229,2,231,613
02/21/2020,OPF,FL,ASO,ES,Federal Contract Tower,1,49,150,8,208,0,3,49,21,73,1,52,199,29,281,51,0,51,332
02/22/2020,OPF,FL,ASO,ES,Federal Contract Tower,0,35,104,4,143,0,3,73,8,84,0,38,177,12,227,12,0,12,239
02/23/2020,OPF,FL,ASO,ES,Federal Contract Tower,0,66,152,5,223,0,7,119,9,135,0,73,271,14,358,91,0,91,449
02/24/2020,OPF,FL,ASO,ES,Federal Contract Tower,1,45,155,1,202,0,5,148,10,163,1,50,303,11,365,124,0,124,489
02/25/2020,OPF,FL,ASO,ES,Federal Contract Tower,0,33,128,1,162,0,4,123,25,152,0,37,251,26,314,81,23,104,418
02/26/2020,OPF,FL,ASO,ES,Federal Contract Tower,0,55,138,1,194,0,2,100,21,123,0,57,238,22,317,137,59,196,513
02/27/2020,OPF,FL,ASO,ES,Federal Contract Tower,1,64,129,5,199,0,8,121,19,148,1,72,250,24,347,109,31,140,487
02/28/2020,OPF,FL,ASO,ES,Federal Contract Tower,0,54,151,5,210,0,6,146,9,161,0,60,297,14,371,211,28,239,610
02/29/2020,OPF,FL,ASO,ES,Federal Contract Tower,0,24,129,4,157,0,3,111,4,118,0,27,240,8,275,107,0,107,382
03/01/2020,OPF,FL,ASO,ES,Federal Contract Tower,1,64,140,1,206,0,8,121,14,143,1,72,261,15,349,126,0,126,475
03/02/2020,OPF,FL,ASO,ES,Federal Contract Tower,0,37,134,6,177,0,8,127,14,149,0,45,261,20,326,95,12,107,433
03/03/2020,OPF,FL,ASO,ES,Federal Contract Tower,2,41,109,3,155,0,4,151,27,182,2,45,260,30,337,169,0,169,506
03/04/2020,OPF,FL,ASO,ES,Federal Contract Tower,0,43,145,3,191,0,4,124,10,138,0,47,269,13,329,189,10,199,528
03/05/2020,OPF,FL,ASO,ES,Federal Contract Tower,1,64,140,7,212,0,3,132,17,152,1,67,272,24,364,183,31,214,578
03/06/2020,OPF,FL,ASO,ES,Federal Contract Tower,0,52,160,6,218,0,4,104,6,114,0,56,264,12,332,139,0,139,471
03/07/2020,OPF,FL,ASO,ES,Federal Contract Tower,0,29,114,0,143,0,2,108,2,112,0,31,222,2,255,31,0,31,286
03/08/2020,OPF,FL,ASO,ES,Federal Contract Tower,0,59,121,0,180,0,5,57,9,71,0,64,178,9,251,6,3,9,260
03/09/2020,OPF,FL,ASO,ES,Federal Contract Tower,0,41,136,6,183,0,8,54,14,76,0,49,190,20,259,62,10,72,331
03/10/2020,OPF,FL,ASO,ES,Federal Contract Tower,0,58,142,5,205,0,5,158,10,173,0,63,300,15,378,71,0,71,449
03/11/2020,OPF,FL,ASO,ES,Federal Contract Tower,1,53,115,0,169,0,2,143,13,158,1,55,258,13,327,154,16,170,497
03/12/2020,OPF,FL,ASO,ES,Federal Contract Tower,2,65,187,2,256,0,6,167,9,182,2,71,354,11,438,244,0,244,682
03/13/2020,OPF,FL,ASO,ES,Federal Contract Tower,1,82,170,5,258,0,4,148,16,168,1,86,318,21,426,209,23,232,658
03/14/2020,OPF,FL,ASO,ES,Federal Contract Tower,1,49,124,0,174,0,1,111,6,118,1,50,235,6,292,115,0,115,407
03/15/2020,OPF,FL,ASO,ES,Federal Contract Tower,0,62,130,2,194,0,6,102,7,115,0,68,232,9,309,177,0,177,486
03/16/2020,OPF,FL,ASO,ES,Federal Contract Tower,0,65,153,4,222,0,4,100,7,111,0,69,253,11,333,155,0,155,488
03/17/2020,OPF,FL,ASO,ES,Federal Contract Tower,0,53,158,2,213,0,7,145,3,155,0,60,303,5,368,169,0,169,537
03/18/2020,OPF,FL,ASO,ES,Federal Contract Tower,0,71,100,5,176,0,3,127,9,139,0,74,227,14,315,193,0,193,508
03/19/2020,OPF,FL,ASO,ES,Federal Contract Tower,0,39,122,4,165,0,7,123,7,137,0,46,245,11,302,109,0,109,411
03/20/2020,OPF,FL,ASO,ES,Federal Contract Tower,0,33,120,4,157,0,3,118,7,128,0,36,238,11,285,158,0,158,443
03/21/2020,OPF,FL,ASO,ES,Federal Contract Tower,0,21,89,1,111,0,3,82,6,91,0,24,171,7,202,99,5,104,306
03/22/2020,OPF,FL,ASO,ES,Federal Contract Tower,0,33,75,3,111,0,1,72,8,81,0,34,147,11,192,52,11,63,255
03/23/2020,OPF,FL,ASO,ES,Federal Contract Tower,0,22,57,4,83,0,2,63,9,74,0,24,120,13,157,143,0,143,300
03/24/2020,OPF,FL,ASO,ES,Federal Contract Tower,0,31,45,3,79,0,3,83,13,99,0,34,128,16,178,106,8,114,292
03/25/2020,OPF,FL,ASO,ES,Federal Contract Tower,0,20,50,2,72,0,1,69,8,78,0,21,119,10,150,96,0,96,246
03/26/2020,OPF,FL,ASO,ES,Federal Contract Tower,0,16,42,2,60,0,3,80,15,98,0,19,122,17,158,103,34,137,295
03/27/2020,OPF,FL,ASO,ES,Federal Contract Tower,0,22,41,3,66,0,2,67,12,81,0,24,108,15,147,133,27,160,307
03/28/2020,OPF,FL,ASO,ES,Federal Contract Tower,0,14,24,2,40,0,0,45,13,58,0,14,69,15,98,11,0,11,109
03/29/2020,OPF,FL,ASO,ES,Federal Contract Tower,0,9,23,1,33,0,0,29,7,36,0,9,52,8,69,6,0,6,75
03/30/2020,OPF,FL,ASO,ES,Federal Contract Tower,1,8,54,0,63,0,2,78,7,87,1,10,132,7,150,57,2,59,209
03/31/2020,OPF,FL,ASO,ES,Federal Contract Tower,0,22,52,0,74,0,2,55,9,66,0,24,107,9,140,76,0,76,216
04/01/2020,OPF,FL,ASO,ES,Federal Contract Tower,0,18,35,3,56,0,0,30,9,39,0,18,65,12,95,60,41,101,196
04/02/2020,OPF,FL,ASO,ES,Federal Contract Tower,0,18,36,7,61,0,1,88,15,104,0,19,124,22,165,58,31,89,254
04/03/2020,OPF,FL,ASO,ES,Federal Contract Tower,0,6,49,9,64,0,2,55,8,65,0,8,104,17,129,58,45,103,232
04/04/2020,OPF,FL,ASO,ES,Federal Contract Tower,0,12,15,5,32,0,4,39,18,61,0,16,54,23,93,57,0,57,150
04/05/2020,OPF,FL,ASO,ES,Federal Contract Tower,0,8,18,5,31,0,1,35,9,45,0,9,53,14,76,28,13,41,117
04/06/2020,OPF,FL,ASO,ES,Federal Contract Tower,0,14,52,2,68,0,4,50,10,64,0,18,102,12,132,71,0,71,203
04/07/2020,OPF,FL,ASO,ES,Federal Contract Tower,0,21,39,2,62,0,4,58,13,75,0,25,97,15,137,101,0,101,238
04/08/2020,OPF,FL,ASO,ES,Federal Contract Tower,0,18,50,8,76,0,1,76,16,93,0,19,126,24,169,122,0,122,291
04/09/2020,OPF,FL,ASO,ES,Federal Contract Tower,0,16,48,1,65,0,7,49,12,68,0,23,97,13,133,63,0,63,196
04/10/2020,OPF,FL,ASO,ES,Federal Contract Tower,0,9,46,0,55,0,0,62,12,74,0,9,108,12,129,100,32,132,261
04/11/2020,OPF,FL,ASO,ES,Federal Contract Tower,0,4,21,0,25,0,2,44,5,51,0,6,65,5,76,103,0,103,179
04/12/2020,OPF,FL,ASO,ES,Federal Contract Tower,0,5,8,7,20,0,3,15,12,30,0,8,23,19,50,0,14,14,64
04/13/2020,OPF,FL,ASO,ES,Federal Contract Tower,0,5,24,1,30,0,2,38,11,51,0,7,62,12,81,31,4,35,116
04/14/2020,OPF,FL,ASO,ES,Federal Contract Tower,0,28,33,9,70,0,5,54,20,79,0,33,87,29,149,37,37,74,223
04/15/2020,OPF,FL,ASO,ES,Federal Contract Tower,2,11,45,5,63,0,3,91,8,102,2,14,136,13,165,115,7,122,287
04/16/2020,OPF,FL,ASO,ES,Federal Contract Tower,0,12,23,4,39,0,2,62,17,81,0,14,85,21,120,73,20,93,213
04/17/2020,OPF,FL,ASO,ES,Federal Contract Tower,0,12,30,8,50,0,1,32,9,42,0,13,62,17,92,13,10,23,115
04/18/2020,OPF,FL,ASO,ES,Federal Contract Tower,0,8,21,3,32,0,0,49,13,62,0,8,70,16,94,77,34,111,205
04/19/2020,OPF,FL,ASO,ES,Federal Contract Tower,0,13,37,2,52,0,1,48,12,61,0,14,85,14,113,68,19,87,200
04/20/2020,OPF,FL,ASO,ES,Federal Contract Tower,0,15,26,2,43,0,4,49,8,61,0,19,75,10,104,37,0,37,141
04/21/2020,OPF,FL,ASO,ES,Federal Contract Tower,0,7,56,2,65,0,3,67,9,79,0,10,123,11,144,143,0,143,287
04/22/2020,OPF,FL,ASO,ES,Federal Contract Tower,0,20,65,3,88,0,1,104,13,118,0,21,169,16,206,113,0,113,319
04/23/2020,OPF,FL,ASO,ES,Federal Contract Tower,0,12,64,0,76,0,5,91,14,110,0,17,155,14,186,75,5,80,266
04/24/2020,OPF,FL,ASO,ES,Federal Contract Tower,0,12,41,5,58,0,0,57,9,66,0,12,98,14,124,4,17,21,145
04/25/2020,OPF,FL,ASO,ES,Federal Contract Tower,0,7,48,0,55,0,4,31,11,46,0,11,79,11,101,52,10,62,163
04/26/2020,OPF,FL,ASO,ES,Federal Contract Tower,0,19,39,2,60,0,6,35,12,53,0,25,74,14,113,64,8,72,185
04/27/2020,OPF,FL,ASO,ES,Federal Contract Tower,0,22,65,3,90,0,2,109,12,123,0,24,174,15,213,119,7,126,339
04/28/2020,OPF,FL,ASO,ES,Federal Contract Tower,0,23,64,2,89,0,5,83,19,107,0,28,147,21,196,82,0,82,278
04/29/2020,OPF,FL,ASO,ES,Federal Contract Tower,0,22,69,1,92,0,8,99,10,117,0,30,168,11,209,139,6,145,354
04/30/2020,OPF,FL,ASO,ES,Federal Contract Tower,1,33,44,3,81,0,0,43,12,55,1,33,87,15,136,200,17,217,353
05/01/2020,OPF,FL,ASO,ES,Federal Contract Tower,1,18,80,1,100,0,0,106,9,115,1,18,186,10,215,180,19,199,414
05/02/2020,OPF,FL,ASO,ES,Federal Contract Tower,0,14,37,2,53,0,1,83,0,84,0,15,120,2,137,94,0,94,231
05/03/2020,OPF,FL,ASO,ES,Federal Contract Tower,0,19,33,0,52,0,2,57,0,59,0,21,90,0,111,38,0,38,149
05/04/2020,OPF,FL,ASO,ES,Federal Contract Tower,0,20,54,0,74,0,3,98,5,106,0,23,152,5,180,179,0,179,359
05/05/2020,OPF,FL,ASO,ES,Federal Contract Tower,0,21,70,0,91,0,6,94,11,111,0,27,164,11,202,217,0,217,419
05/06/2020,OPF,FL,ASO,ES,Federal Contract Tower,1,26,66,3,96,0,7,80,7,94,1,33,146,10,190,146,18,164,354
05/07/2020,OPF,FL,ASO,ES,Federal Contract Tower,0,17,75,1,93,0,1,81,11,93,0,18,156,12,186,205,8,213,399
05/08/2020,OPF,FL,ASO,ES,Federal Contract Tower,0,15,50,8,73,0,0,81,17,98,0,15,131,25,171,182,33,215,386
05/09/2020,OPF,FL,ASO,ES,Federal Contract Tower,0,22,52,3,77,0,0,88,10,98,0,22,140,13,175,132,0,132,307
05/10/2020,OPF,FL,ASO,ES,Federal Contract Tower,1,15,17,2,35,0,0,12,5,17,1,15,29,7,52,0,8,8,60
05/11/2020,OPF,FL,ASO,ES,Federal Contract Tower,0,30,71,3,104,0,0,83,11,94,0,30,154,14,198,155,20,175,373
05/12/2020,OPF,FL,ASO,ES,Federal Contract Tower,0,31,58,3,92,0,4,82,7,93,0,35,140,10,185,124,15,139,324
05/13/2020,OPF,FL,ASO,ES,Federal Contract Tower,0,26,59,8,93,0,2,68,5,75,0,28,127,13,168,49,1,50,218
05/14/2020,OPF,FL,ASO,ES,Federal Contract Tower,0,23,31,0,54,0,2,33,10,45,0,25,64,10,99,96,1,97,196
05/15/2020,OPF,FL,ASO,ES,Federal Contract Tower,0,32,52,0,84,0,0,4,4,8,0,32,56,4,92,0,0,0,92
05/16/2020,OPF,FL,ASO,ES,Federal Contract Tower,1,31,77,3,112,0,0,78,8,86,1,31,155,11,198,54,5,59,257
05/17/2020,OPF,FL,ASO,ES,Federal Contract Tower,0,19,64,8,91,0,0,68,6,74,0,19,132,14,165,66,0,66,231
05/18/2020,OPF,FL,ASO,ES,Federal Contract Tower,0,23,74,5,102,0,1,73,6,80,0,24,147,11,182,159,0,159,341
05/19/2020,OPF,FL,ASO,ES,Federal Contract Tower,0,29,50,1,80,0,4,66,4,74,0,33,116,5,154,118,9,127,281
05/20/2020,OPF,FL,ASO,ES,Federal Contract Tower,0,32,102,4,138,0,1,98,8,107,0,33,200,12,245,186,26,212,457
05/21/2020,OPF,FL,ASO,ES,Federal Contract Tower,0,32,112,1,145,0,6,86,16,108,0,38,198,17,253,75,2,77,330
05/22/2020,OPF,FL,ASO,ES,Federal Contract Tower,0,36,138,2,176,0,4,162,9,175,0,40,300,11,351,175,0,175,526
05/23/2020,OPF,FL,ASO,ES,Federal Contract Tower,0,25,68,2,95,0,0,94,13,107,0,25,162,15,202,128,25,153,355
05/24/2020,OPF,FL,ASO,ES,Federal Contract Tower,0,20,30,0,50,0,0,9,2,11,0,20,39,2,61,5,4,9,70
05/25/2020,OPF,FL,ASO,ES,Federal Contract Tower,0,32,49,5,86,0,0,2,3,5,0,32,51,8,91,4,10,14,105
05/26/2020,OPF,FL,ASO,ES,Federal Contract Tower,0,33,73,3,109,0,4,55,5,64,0,37,128,8,173,67,3,70,243
05/27/2020,OPF,FL,ASO,ES,Federal Contract Tower,0,34,91,7,132,0,3,82,6,91,0,37,173,13,223,196,21,217,440
05/28/2020,OPF,FL,ASO,ES,Federal Contract Tower,0,36,138,4,178,0,6,166,9,181,0,42,304,13,359,305,0,305,664
05/29/2020,OPF,FL,ASO,ES,Federal Contract Tower,0,29,112,1,142,0,0,126,7,133,0,29,238,8,275,216,27,243,518
05/30/2020,OPF,FL,ASO,ES,Federal Contract Tower,0,27,69,3,99,0,1,116,13,130,0,28,185,16,229,119,0,119,348
05/31/2020,OPF,FL,ASO,ES,Federal Contract Tower,1,24,64,5,94,0,2,73,10,85,1,26,137,15,179,95,0,95,274
06/01/2020,OPF,FL,ASO,ES,Federal Contract Tower,0,29,104,4,137,0,11,107,5,123,0,40,211,9,260,218,17,235,495
06/02/2020,OPF,FL,ASO,ES,Federal Contract Tower,0,31,100,0,131,0,2,84,13,99,0,33,184,13,230,280,14,294,524
06/03/2020,OPF,FL,ASO,ES,Federal Contract Tower,0,36,75,2,113,0,0,46,10,56,0,36,121,12,169,179,14,193,362
06/04/2020,OPF,FL,ASO,ES,Federal Contract Tower,0,38,109,2,149,0,0,63,11,74,0,38,172,13,223,77,29,106,329
06/05/2020,OPF,FL,ASO,ES,Federal Contract Tower,0,36,92,2,130,0,0,60,6,66,0,36,152,8,196,150,16,166,362
06/06/2020,OPF,FL,ASO,ES,Federal Contract Tower,0,38,103,1,142,0,1,60,7,68,0,39,163,8,210,73,0,73,283
06/07/2020,OPF,FL,ASO,ES,Federal Contract Tower,0,30,100,7,137,0,0,53,6,59,0,30,153,13,196,87,17,104,300
06/08/2020,OPF,FL,ASO,ES,Federal Contract Tower,0,42,96,2,140,0,8,102,7,117,0,50,198,9,257,75,2,77,334
06/09/2020,OPF,FL,ASO,ES,Federal Contract Tower,0,49,116,2,167,0,4,140,8,152,0,53,256,10,319,67,14,81,400
06/10/2020,OPF,FL,ASO,ES,Federal Contract Tower,0,32,110,2,144,0,8,121,16,145,0,40,231,18,289,42,4,46,335
06/11/2020,OPF,FL,ASO,ES,Federal Contract Tower,0,44,88,2,134,0,2,126,10,138,0,46,214,12,272,63,0,63,335
06/12/2020,OPF,FL,ASO,ES,Federal Contract Tower,0,43,119,6,168,0,5,132,10,147,0,48,251,16,315,53,0,53,368
06/13/2020,OPF,FL,ASO,ES,Federal Contract Tower,0,18,64,1,83,0,9,104,6,119,0,27,168,7,202,198,1,199,401
06/14/2020,OPF,FL,ASO,ES,Federal Contract Tower,0,39,86,0,125,0,2,52,3,57,0,41,138,3,182,44,18,62,244
06/15/2020,OPF,FL,ASO,ES,Federal Contract Tower,0,24,101,3,128,0,3,94,10,107,0,27,195,13,235,176,34,210,445
06/16/2020,OPF,FL,ASO,ES,Federal Contract Tower,0,31,99,8,138,0,6,134,19,159,0,37,233,27,297,233,9,242,539
06/17/2020,OPF,FL,ASO,ES,Federal Contract Tower,1,45,102,4,152,0,3,86,10,99,1,48,188,14,251,91,8,99,350
06/18/2020,OPF,FL,ASO,ES,Federal Contract Tower,0,36,98,1,135,0,2,66,15,83,0,38,164,16,218,103,15,118,336
06/19/2020,OPF,FL,ASO,ES,Federal Contract Tower,0,44,90,3,137,0,2,74,7,83,0,46,164,10,220,130,0,130,350
06/20/2020,OPF,FL,ASO,ES,Federal Contract Tower,3,21,80,4,108,0,4,105,3,112,3,25,185,7,220,101,0,101,321
06/21/2020,OPF,FL,ASO,ES,Federal Contract Tower,0,34,94,0,128,0,1,88,9,98,0,35,182,9,226,53,0,53,279
06/22/2020,OPF,FL,ASO,ES,Federal Contract Tower,0,50,110,0,160,0,5,129,5,139,0,55,239,5,299,173,14,187,486
06/23/2020,OPF,FL,ASO,ES,Federal Contract Tower,1,46,115,3,165,0,7,121,6,134,1,53,236,9,299,233,16,249,548
06/24/2020,OPF,FL,ASO,ES,Federal Contract Tower,0,53,134,3,190,0,4,135,10,149,0,57,269,13,339,105,12,117,456
06/25/2020,OPF,FL,ASO,ES,Federal Contract Tower,0,34,141,1,176,0,9,129,15,153,0,43,270,16,329,138,4,142,471
06/26/2020,OPF,FL,ASO,ES,Federal Contract Tower,0,26,119,1,146,0,2,111,12,125,0,28,230,13,271,118,0,118,389
06/27/2020,OPF,FL,ASO,ES,Federal Contract Tower,0,30,88,3,121,0,2,113,6,121,0,32,201,9,242,97,16,113,355
06/28/2020,OPF,FL,ASO,ES,Federal Contract Tower,0,41,105,3,149,0,1,95,4,100,0,42,200,7,249,74,2,76,325
06/29/2020,OPF,FL,ASO,ES,Federal Contract Tower,0,50,115,1,166,0,8,125,11,144,0,58,240,12,310,244,0,244,554
06/30/2020,OPF,FL,ASO,ES,Federal Contract Tower,0,40,111,3,154,0,2,131,16,149,0,42,242,19,303,130,0,130,433
07/01/2020,OPF,FL,ASO,ES,Federal Contract Tower,0,43,130,10,183,0,6,111,7,124,0,49,241,17,307,229,14,243,550
07/02/2020,OPF,FL,ASO,ES,Federal Contract Tower,0,43,118,4,165,0,7,138,10,155,0,50,256,14,320,49,0,49,369
07/03/2020,OPF,FL,ASO,ES,Federal Contract Tower,0,25,119,2,146,0,6,135,18,159,0,31,254,20,305,59,0,59,364
07/04/2020,OPF,FL,ASO,ES,Federal Contract Tower,0,17,47,11,75,0,3,62,8,73,0,20,109,19,148,52,0,52,200
07/05/2020,OPF,FL,ASO,ES,Federal Contract Tower,0,26,73,4,103,0,2,42,6,50,0,28,115,10,153,20,18,38,191
07/06/2020,OPF,FL,ASO,ES,Federal Contract Tower,0,31,113,6,150,0,0,71,9,80,0,31,184,15,230,55,13,68,298
07/07/2020,OPF,FL,ASO,ES,Federal Contract Tower,0,33,104,9,146,0,3,97,13,113,0,36,201,22,259,211,21,232,491
07/08/2020,OPF,FL,ASO,ES,Federal Contract Tower,0,37,99,4,140,0,6,120,12,138,0,43,219,16,278,122,14,136,414
07/09/2020,OPF,FL,ASO,ES,Federal Contract Tower,0,41,117,6,164,0,1,162,11,174,0,42,279,17,338,145,2,147,485
07/10/2020,OPF,FL,ASO,ES,Federal Contract Tower,1,26,67,2,96,0,0,53,8,61,1,26,120,10,157,84,5,89,246
07/11/2020,OPF,FL,ASO,ES,Federal Contract Tower,0,13,75,4,92,0,1,77,4,82,0,14,152,8,174,99,0,99,273
07/12/2020,OPF,FL,ASO,ES,Federal Contract Tower,0,28,114,2,144,0,2,82,9,93,0,30,196,11,237,39,13,52,289
07/13/2020,OPF,FL,ASO,ES,Federal Contract Tower,0,32,118,2,152,0,2,112,19,133,0,34,230,21,285,214,31,245,530
07/14/2020,OPF,FL,ASO,ES,Federal Contract Tower,0,28,90,24,142,0,5,122,14,141,0,33,212,38,283,198,14,212,495
07/15/2020,OPF,FL,ASO,ES,Federal Contract Tower,0,37,99,2,138,0,2,90,13,105,0,39,189,15,243,180,6,186,429
07/16/2020,OPF,FL,ASO,ES,Federal Contract Tower,0,45,94,13,152,0,6,121,17,144,0,51,215,30,296,174,8,182,478
07/17/2020,OPF,FL,ASO,ES,Federal Contract Tower,0,30,68,3,101,0,2,52,17,71,0,32,120,20,172,75,31,106,278
07/18/2020,OPF,FL,ASO,ES,Federal Contract Tower,1,28,60,1,90,0,0,28,3,31,1,28,88,4,121,33,0,33,154
07/19/2020,OPF,FL,ASO,ES,Federal Contract Tower,0,32,71,4,107,0,2,79,5,86,0,34,150,9,193,51,4,55,248
07/20/2020,OPF,FL,ASO,ES,Federal Contract Tower,0,30,93,1,124,0,2,106,6,114,0,32,199,7,238,172,0,172,410
07/21/2020,OPF,FL,ASO,ES,Federal Contract Tower,0,39,79,3,121,0,5,110,20,135,0,44,189,23,256,116,0,116,372
07/22/2020,OPF,FL,ASO,ES,Federal Contract Tower,1,26,61,8,96,0,1,62,8,71,1,27,123,16,167,53,0,53,220
07/23/2020,OPF,FL,ASO,ES,Federal Contract Tower,1,44,70,1,116,0,1,70,10,81,1,45,140,11,197,191,4,195,392
07/24/2020,OPF,FL,ASO,ES,Federal Contract Tower,0,25,92,4,121,0,2,115,7,124,0,27,207,11,245,31,6,37,282
07/25/2020,OPF,FL,ASO,ES,Federal Contract Tower,0,14,47,0,61,0,0,77,7,84,0,14,124,7,145,151,0,151,296
07/26/2020,OPF,FL,ASO,ES,Federal Contract Tower,0,21,104,0,125,0,1,109,4,114,0,22,213,4,239,22,4,26,265
07/27/2020,OPF,FL,ASO,ES,Federal Contract Tower,0,23,101,1,125,0,5,121,9,135,0,28,222,10,260,154,15,169,429
07/28/2020,OPF,FL,ASO,ES,Federal Contract Tower,0,27,92,3,122,0,6,105,5,116,0,33,197,8,238,79,0,79,317
07/29/2020,OPF,FL,ASO,ES,Federal Contract Tower,0,25,116,1,142,0,2,123,12,137,0,27,239,13,279,173,6,179,458
07/30/2020,OPF,FL,ASO,ES,Federal Contract Tower,0,39,116,2,157,0,3,126,15,144,0,42,242,17,301,143,0,143,444
07/31/2020,OPF,FL,ASO,ES,Federal Contract Tower,0,36,132,3,171,0,1,118,8,127,0,37,250,11,298,207,21,228,526
08/01/2020,OPF,FL,ASO,ES,Federal Contract Tower,0,11,22,0,33,0,0,3,1,4,0,11,25,1,37,0,0,0,37
08/02/2020,OPF,FL,ASO,ES,Federal Contract Tower,0,8,36,6,50,0,0,9,2,11,0,8,45,8,61,0,0,0,61
08/03/2020,OPF,FL,ASO,ES,Federal Contract Tower,0,22,105,2,129,0,2,53,11,66,0,24,158,13,195,82,0,82,277
08/04/2020,OPF,FL,ASO,ES,Federal Contract Tower,0,23,90,3,116,0,4,96,4,104,0,27,186,7,220,112,0,112,332
08/05/2020,OPF,FL,ASO,ES,Federal Contract Tower,0,13,101,7,121,0,1,75,12,88,0,14,176,19,209,201,9,210,419
08/06/2020,OPF,FL,ASO,ES,Federal Contract Tower,0,35,109,4,148,0,3,132,11,146,0,38,241,15,294,173,5,178,472
08/07/2020,OPF,FL,ASO,ES,Federal Contract Tower,0,17,98,5,120,0,1,150,12,163,0,18,248,17,283,137,33,170,453
08/08/2020,OPF,FL,ASO,ES,Federal Contract Tower,0,28,57,0,85,0,1,74,6,81,0,29,131,6,166,136,2,138,304
08/09/2020,OPF,FL,ASO,ES,Federal Contract Tower,0,24,115,0,139,0,2,120,2,124,0,26,235,2,263,46,0,46,309
08/10/2020,OPF,FL,ASO,ES,Federal Contract Tower,0,38,126,5,169,0,4,122,10,136,0,42,248,15,305,190,8,198,503
08/11/2020,OPF,FL,ASO,ES,Federal Contract Tower,0,26,110,3,139,0,2,124,16,142,0,28,234,19,281,182,2,184,465
08/12/2020,OPF,FL,ASO,ES,Federal Contract Tower,0,26,94,5,125,0,3,86,5,94,0,29,180,10,219,139,6,145,364
08/13/2020,OPF,FL,ASO,ES,Federal Contract Tower,0,41,136,2,179,0,1,151,6,158,0,42,287,8,337,168,0,168,505
08/14/2020,OPF,FL,ASO,ES,Federal Contract Tower,0,27,92,8,127,0,1,109,10,120,0,28,201,18,247,157,18,175,422
08/15/2020,OPF,FL,ASO,ES,Federal Contract Tower,0,29,84,2,115,0,2,78,5,85,0,31,162,7,200,126,0,126,326
08/16/2020,OPF,FL,ASO,ES,Federal Contract Tower,0,25,98,0,123,0,4,60,2,66,0,29,158,2,189,63,0,63,252
08/17/2020,OPF,FL,ASO,ES,Federal Contract Tower,0,36,108,6,150,0,3,98,10,111,0,39,206,16,261,122,33,155,416
08/18/2020,OPF,FL,ASO,ES,Federal Contract Tower,0,29,108,3,140,0,3,109,1,113,0,32,217,4,253,113,0,113,366
08/19/2020,OPF,FL,ASO,ES,Federal Contract Tower,0,27,102,1,130,0,4,71,5,80,0,31,173,6,210,150,0,150,360
08/20/2020,OPF,FL,ASO,ES,Federal Contract Tower,0,33,119,5,157,0,0,96,15,111,0,33,215,20,268,88,2,90,358
08/21/2020,OPF,FL,ASO,ES,Federal Contract Tower,0,37,91,3,131,0,1,115,19,135,0,38,206,22,266,191,16,207,473
08/22/2020,OPF,FL,ASO,ES,Federal Contract Tower,0,13,79,1,93,0,4,96,11,111,0,17,175,12,204,84,1,85,289
08/23/2020,OPF,FL,ASO,ES,Federal Contract Tower,0,29,89,3,121,0,1,57,8,66,0,30,146,11,187,58,24,82,269
08/24/2020,OPF,FL,ASO,ES,Federal Contract Tower,0,32,56,6,94,0,1,41,6,48,0,33,97,12,142,15,31,46,188
08/25/2020,OPF,FL,ASO,ES,Federal Contract Tower,0,32,122,3,157,0,1,104,15,120,0,33,226,18,277,129,0,129,406
08/26/2020,OPF,FL,ASO,ES,Federal Contract Tower,0,28,115,4,147,0,1,114,18,133,0,29,229,22,280,164,19,183,463
08/27/2020,OPF,FL,ASO,ES,Federal Contract Tower,0,28,108,13,149,0,2,130,9,141,0,30,238,22,290,161,4,165,455
08/28/2020,OPF,FL,ASO,ES,Federal Contract Tower,0,29,104,7,140,0,0,135,10,145,0,29,239,17,285,192,17,209,494
08/29/2020,OPF,FL,ASO,ES,Federal Contract Tower,0,14,65,9,88,0,0,98,5,103,0,14,163,14,191,136,7,143,334
08/30/2020,OPF,FL,ASO,ES,Federal Contract Tower,0,22,88,1,111,0,4,51,5,60,0,26,139,6,171,13,0,13,184
08/31/2020,OPF,FL,ASO,ES,Federal Contract Tower,0,28,107,11,146,0,0,75,14,89,0,28,182,25,235,143,22,165,400
09/01/2020,OPF,FL,ASO,ES,Federal Contract Tower,0,25,103,8,136,0,4,151,17,172,0,29,254,25,308,179,1,180,488
09/02/2020,OPF,FL,ASO,ES,Federal Contract Tower,0,29,128,10,167,0,4,151,18,173,0,33,279,28,340,109,31,140,480
09/03/2020,OPF,FL,ASO,ES,Federal Contract Tower,0,40,134,4,178,0,3,133,15,151,0,43,267,19,329,112,9,121,450
09/04/2020,OPF,FL,ASO,ES,Federal Contract Tower,0,39,132,3,174,0,2,131,14,147,0,41,263,17,321,199,0,199,520
09/05/2020,OPF,FL,ASO,ES,Federal Contract Tower,0,18,71,4,93,0,2,84,8,94,0,20,155,12,187,123,0,123,310
09/06/2020,OPF,FL,ASO,ES,Federal Contract Tower,0,22,46,2,70,0,1,51,9,61,0,23,97,11,131,8,0,8,139
09/07/2020,OPF,FL,ASO,ES,Federal Contract Tower,0,34,112,8,154,0,6,65,9,80,0,40,177,17,234,72,19,91,325
09/08/2020,OPF,FL,ASO,ES,Federal Contract Tower,0,30,104,3,137,0,3,60,16,79,0,33,164,19,216,99,7,106,322
09/09/2020,OPF,FL,ASO,ES,Federal Contract Tower,0,29,115,9,153,0,2,75,8,85,0,31,190,17,238,128,8,136,374
09/10/2020,OPF,FL,ASO,ES,Federal Contract Tower,0,33,92,9,134,0,1,86,12,99,0,34,178,21,233,213,0,213,446
09/11/2020,OPF,FL,ASO,ES,Federal Contract Tower,0,32,118,5,155,0,4,121,11,136,0,36,239,16,291,163,0,163,454
09/12/2020,OPF,FL,ASO,ES,Federal Contract Tower,0,20,40,3,63,0,0,3,2,5,0,20,43,5,68,0,0,0,68
09/13/2020,OPF,FL,ASO,ES,Federal Contract Tower,0,24,87,5,116,0,0,43,3,46,0,24,130,8,162,15,0,15,177
09/14/2020,OPF,FL,ASO,ES,Federal Contract Tower,0,31,123,3,157,0,4,124,9,137,0,35,247,12,294,175,10,185,479
09/15/2020,OPF,FL,ASO,ES,Federal Contract Tower,0,34,122,7,163,0,1,172,9,182,0,35,294,16,345,285,0,285,630
09/16/2020,OPF,FL,ASO,ES,Federal Contract Tower,0,36,151,3,190,0,5,137,10,152,0,41,288,13,342,120,19,139,481
09/17/2020,OPF,FL,ASO,ES,Federal Contract Tower,0,33,144,3,180,0,5,169,12,186,0,38,313,15,366,210,2,212,578
09/18/2020,OPF,FL,ASO,ES,Federal Contract Tower,0,36,136,5,177,0,0,134,13,147,0,36,270,18,324,202,0,202,526
09/19/2020,OPF,FL,ASO,ES,Federal Contract Tower,0,26,69,6,101,0,0,96,9,105,0,26,165,15,206,183,6,189,395
09/20/2020,OPF,FL,ASO,ES,Federal Contract Tower,2,20,86,4,112,0,2,53,9,64,2,22,139,13,176,40,18,58,234
09/21/2020,OPF,FL,ASO,ES,Federal Contract Tower,0,65,69,6,140,0,0,4,1,5,0,65,73,7,145,0,7,7,152
09/22/2020,OPF,FL,ASO,ES,Federal Contract Tower,0,21,113,9,143,0,3,102,6,111,0,24,215,15,254,97,0,97,351
09/23/2020,OPF,FL,ASO,ES,Federal Contract Tower,0,38,100,4,142,0,1,112,14,127,0,39,212,18,269,181,0,181,450
09/24/2020,OPF,FL,ASO,ES,Federal Contract Tower,0,37,98,9,144,0,0,45,9,54,0,37,143,18,198,60,15,75,273
09/25/2020,OPF,FL,ASO,ES,Federal Contract Tower,0,37,82,4,123,0,4,65,8,77,0,41,147,12,200,131,0,131,331
09/26/2020,OPF,FL,ASO,ES,Federal Contract Tower,0,29,72,5,106,0,1,80,6,87,0,30,152,11,193,77,0,77,270
09/27/2020,OPF,FL,ASO,ES,Federal Contract Tower,0,27,110,1,138,0,0,74,7,81,0,27,184,8,219,81,5,86,305
09/28/2020,OPF,FL,ASO,ES,Federal Contract Tower,0,28,70,5,103,0,2,81,8,91,0,30,151,13,194,108,1,109,303
09/29/2020,OPF,FL,ASO,ES,Federal Contract Tower,0,41,118,3,162,0,5,110,15,130,0,46,228,18,292,204,5,209,501
09/30/2020,OPF,FL,ASO,ES,Federal Contract Tower,0,33,121,2,156,0,5,101,13,119,0,38,222,15,275,169,21,190,465
10/01/2020,OPF,FL,ASO,ES,Federal Contract Tower,0,43,120,3,166,0,4,58,19,81,0,47,178,22,247,130,13,143,390
10/02/2020,OPF,FL,ASO,ES,Federal Contract Tower,0,41,101,6,148,0,0,69,8,77,0,41,170,14,225,93,6,99,324
10/03/2020,OPF,FL,ASO,ES,Federal Contract Tower,0,24,67,4,95,1,3,24,7,35,1,27,91,11,130,56,0,56,186
10/04/2020,OPF,FL,ASO,ES,Federal Contract Tower,0,40,106,0,146,0,8,61,7,76,0,48,167,7,222,47,0,47,269
10/05/2020,OPF,FL,ASO,ES,Federal Contract Tower,0,36,112,8,156,0,1,113,21,135,0,37,225,29,291,97,26,123,414
10/06/2020,OPF,FL,ASO,ES,Federal Contract Tower,0,32,100,4,136,0,7,99,8,114,0,39,199,12,250,119,0,119,369
10/07/2020,OPF,FL,ASO,ES,Federal Contract Tower,0,23,123,3,149,0,6,167,12,185,0,29,290,15,334,131,37,168,502
10/08/2020,OPF,FL,ASO,ES,Federal Contract Tower,0,33,137,7,177,0,4,131,12,147,0,37,268,19,324,165,3,168,492
10/09/2020,OPF,FL,ASO,ES,Federal Contract Tower,0,44,117,4,165,0,2,127,3,132,0,46,244,7,297,179,0,179,476
10/10/2020,OPF,FL,ASO,ES,Federal Contract Tower,1,26,60,1,88,0,1,94,7,102,1,27,154,8,190,139,0,139,329
10/11/2020,OPF,FL,ASO,ES,Federal Contract Tower,0,41,91,2,134,0,1,55,8,64,0,42,146,10,198,65,0,65,263
10/12/2020,OPF,FL,ASO,ES,Federal Contract Tower,0,41,116,3,160,0,10,88,4,102,0,51,204,7,262,123,0,123,385
10/13/2020,OPF,FL,ASO,ES,Federal Contract Tower,0,39,124,6,169,0,4,123,18,145,0,43,247,24,314,253,16,269,583
10/14/2020,OPF,FL,ASO,ES,Federal Contract Tower,0,62,142,1,205,0,4,142,17,163,0,66,284,18,368,202,15,217,585
10/15/2020,OPF,FL,ASO,ES,Federal Contract Tower,0,42,81,4,127,0,3,72,5,80,0,45,153,9,207,110,5,115,322
10/16/2020,OPF,FL,ASO,ES,Federal Contract Tower,0,29,60,2,91,0,1,13,0,14,0,30,73,2,105,2,0,2,107
10/17/2020,OPF,FL,ASO,ES,Federal Contract Tower,0,34,98,1,133,0,3,95,8,106,0,37,193,9,239,160,0,160,399
10/18/2020,OPF,FL,ASO,ES,Federal Contract Tower,0,41,134,1,176,0,1,62,7,70,0,42,196,8,246,52,0,52,298
10/19/2020,OPF,FL,ASO,ES,Federal Contract Tower,0,42,88,3,133,0,2,46,9,57,0,44,134,12,190,160,29,189,379
10/20/2020,OPF,FL,ASO,ES,Federal Contract Tower,0,41,108,7,156,0,4,62,5,71,0,45,170,12,227,92,14,106,333
10/21/2020,OPF,FL,ASO,ES,Federal Contract Tower,0,40,79,18,137,0,0,5,1,6,0,40,84,19,143,19,9,28,171
10/22/2020,OPF,FL,ASO,ES,Federal Contract Tower,0,52,126,7,185,0,2,82,15,99,0,54,208,22,284,148,7,155,439
10/23/2020,OPF,FL,ASO,ES,Federal Contract Tower,0,43,108,2,153,0,1,118,10,129,0,44,226,12,282,227,0,227,509
10/24/2020,OPF,FL,ASO,ES,Federal Contract Tower,0,25,87,0,112,0,0,82,12,94,0,25,169,12,206,123,0,123,329
10/25/2020,OPF,FL,ASO,ES,Federal Contract Tower,0,29,117,1,147,0,0,28,8,36,0,29,145,9,183,16,0,16,199
10/26/2020,OPF,FL,ASO,ES,Federal Contract Tower,0,39,143,8,190,0,1,90,7,98,0,40,233,15,288,224,21,245,533
10/27/2020,OPF,FL,ASO,ES,Federal Contract Tower,0,44,126,5,175,0,5,145,9,159,0,49,271,14,334,195,17,212,546
10/28/2020,OPF,FL,ASO,ES,Federal Contract Tower,0,42,139,6,187,0,2,116,15,133,0,44,255,21,320,230,0,230,550
10/29/2020,OPF,FL,ASO,ES,Federal Contract Tower,0,36,96,0,132,0,1,61,17,79,0,37,157,17,211,83,0,83,294
10/30/2020,OPF,FL,ASO,ES,Federal Contract Tower,0,43,102,7,152,0,1,107,12,120,0,44,209,19,272,151,12,163,435
10/31/2020,OPF,FL,ASO,ES,Federal Contract Tower,0,28,84,2,114,0,1,58,3,62,0,29,142,5,176,104,1,105,281
11/01/2020,OPF,FL,ASO,ES,Federal Contract Tower,0,61,143,2,206,0,7,60,4,71,0,68,203,6,277,49,0,49,326
11/02/2020,OPF,FL,ASO,ES,Federal Contract Tower,0,41,95,2,138,0,2,16,7,25,0,43,111,9,163,12,0,12,175
11/03/2020,OPF,FL,ASO,ES,Federal Contract Tower,0,39,103,4,146,0,2,47,8,57,0,41,150,12,203,44,0,44,247
11/04/2020,OPF,FL,ASO,ES,Federal Contract Tower,0,43,90,2,135,0,0,51,3,54,0,43,141,5,189,95,0,95,284
11/05/2020,OPF,FL,ASO,ES,Federal Contract Tower,0,34,89,6,129,0,0,35,10,45,0,34,124,16,174,78,0,78,252
11/06/2020,OPF,FL,ASO,ES,Federal Contract Tower,0,22,99,11,132,0,2,63,8,73,0,24,162,19,205,149,8,157,362
11/07/2020,OPF,FL,ASO,ES,Federal Contract Tower,0,32,83,1,116,0,1,16,2,19,0,33,99,3,135,62,0,62,197
11/08/2020,OPF,FL,ASO,ES,Federal Contract Tower,0,20,47,0,67,0,0,1,0,1,0,20,48,0,68,0,0,0,68
11/09/2020,OPF,FL,ASO,ES,Federal Contract Tower,0,18,50,2,70,0,4,17,6,27,0,22,67,8,97,2,0,2,99
11/10/2020,OPF,FL,ASO,ES,Federal Contract Tower,1,46,73,4,124,0,1,45,8,54,1,47,118,12,178,12,0,12,190
11/11/2020,OPF,FL,ASO,ES,Federal Contract Tower,0,34,91,1,126,0,2,41,5,48,0,36,132,6,174,37,1,38,212
11/12/2020,OPF,FL,ASO,ES,Federal Contract Tower,0,48,113,7,168,0,1,48,10,59,0,49,161,17,227,38,7,45,272
11/13/2020,OPF,FL,ASO,ES,Federal Contract Tower,0,57,110,6,173,0,2,87,11,100,0,59,197,17,273,66,17,83,356
11/14/2020,OPF,FL,ASO,ES,Federal Contract Tower,0,25,93,0,118,0,2,103,7,112,0,27,196,7,230,133,0,133,363
11/15/2020,OPF,FL,ASO,ES,Federal Contract Tower,0,42,146,2,190,0,1,67,14,82,0,43,213,16,272,175,33,208,480
11/16/2020,OPF,FL,ASO,ES,Federal Contract Tower,0,51,140,12,203,0,9,119,14,142,0,60,259,26,345,140,24,164,509
11/17/2020,OPF,FL,ASO,ES,Federal Contract Tower,0,46,140,4,190,0,2,130,7,139,0,48,270,11,329,101,0,101,430
11/18/2020,OPF,FL,ASO,ES,Federal Contract Tower,0,53,115,3,171,0,1,78,18,97,0,54,193,21,268,61,0,61,329
11/19/2020,OPF,FL,ASO,ES,Federal Contract Tower,0,53,140,4,197,0,3,57,15,75,0,56,197,19,272,33,0,33,305
11/20/2020,OPF,FL,ASO,ES,Federal Contract Tower,0,59,147,3,209,0,2,59,11,72,0,61,206,14,281,76,12,88,369
11/21/2020,OPF,FL,ASO,ES,Federal Contract Tower,0,63,127,3,193,0,1,91,11,103,0,64,218,14,296,75,0,75,371
11/22/2020,OPF,FL,ASO,ES,Federal Contract Tower,0,64,152,5,221,0,1,51,6,58,0,65,203,11,279,89,26,115,394
11/23/2020,OPF,FL,ASO,ES,Federal Contract Tower,0,53,140,3,196,0,5,112,14,131,0,58,252,17,327,133,8,141,468
11/24/2020,OPF,FL,ASO,ES,Federal Contract Tower,0,79,169,4,252,0,4,145,14,163,0,83,314,18,415,227,5,232,647
11/25/2020,OPF,FL,ASO,ES,Federal Contract Tower,0,61,148,3,212,0,2,105,4,111,0,63,253,7,323,152,0,152,475
11/26/2020,OPF,FL,ASO,ES,Federal Contract Tower,0,26,50,0,76,0,2,76,1,79,0,28,126,1,155,82,0,82,237
11/27/2020,OPF,FL,ASO,ES,Federal Contract Tower,0,44,100,1,145,0,4,121,5,130,0,48,221,6,275,166,42,208,483
11/28/2020,OPF,FL,ASO,ES,Federal Contract Tower,0,39,101,0,140,0,1,99,3,103,0,40,200,3,243,154,0,154,397
11/29/2020,OPF,FL,ASO,ES,Federal Contract Tower,0,84,193,1,278,0,2,72,2,76,0,86,265,3,354,33,0,33,387
11/30/2020,OPF,FL,ASO,ES,Federal Contract Tower,0,79,114,2,195,0,1,79,9,89,0,80,193,11,284,86,33,119,403
12/01/2020,OPF,FL,ASO,ES,Federal Contract Tower,0,64,115,2,181,0,3,106,17,126,0,67,221,19,307,90,2,92,399
12/02/2020,OPF,FL,ASO,ES,Federal Contract Tower,0,60,135,5,200,0,0,114,16,130,0,60,249,21,330,102,22,124,454
12/03/2020,OPF,FL,ASO,ES,Federal Contract Tower,1,66,151,6,224,0,0,132,16,148,1,66,283,22,372,129,10,139,511
12/04/2020,OPF,FL,ASO,ES,Federal Contract Tower,0,70,120,3,193,0,2,127,14,143,0,72,247,17,336,137,15,152,488
12/05/2020,OPF,FL,ASO,ES,Federal Contract Tower,0,45,92,13,150,0,4,92,6,102,0,49,184,19,252,107,19,126,378
12/06/2020,OPF,FL,ASO,ES,Federal Contract Tower,0,66,124,2,192,0,0,71,7,78,0,66,195,9,270,154,10,164,434
12/07/2020,OPF,FL,ASO,ES,Federal Contract Tower,0,59,118,10,187,0,4,57,8,69,0,63,175,18,256,93,5,98,354
12/08/2020,OPF,FL,ASO,ES,Federal Contract Tower,0,57,138,7,202,0,2,118,19,139,0,59,256,26,341,191,13,204,545
12/09/2020,OPF,FL,ASO,ES,Federal Contract Tower,0,64,147,3,214,0,3,83,11,97,0,67,230,14,311,94,6,100,411
12/10/2020,OPF,FL,ASO,ES,Federal Contract Tower,0,79,144,4,227,0,6,131,18,155,0,85,275,22,382,168,4,172,554
12/11/2020,OPF,FL,ASO,ES,Federal Contract Tower,0,61,133,7,201,0,3,104,16,123,0,64,237,23,324,86,0,86,410
12/12/2020,OPF,FL,ASO,ES,Federal Contract Tower,0,68,92,1,161,0,0,87,8,95,0,68,179,9,256,83,9,92,348
12/13/2020,OPF,FL,ASO,ES,Federal Contract Tower,0,68,143,3,214,0,2,72,7,81,0,70,215,10,295,78,2,80,375
12/14/2020,OPF,FL,ASO,ES,Federal Contract Tower,0,54,144,3,201,0,3,101,12,116,0,57,245,15,317,121,9,130,447
12/15/2020,OPF,FL,ASO,ES,Federal Contract Tower,0,69,150,3,222,0,6,110,11,127,0,75,260,14,349,209,4,213,562
12/16/2020,OPF,FL,ASO,ES,Federal Contract Tower,0,61,142,1,204,0,1,114,0,115,0,62,256,1,319,146,0,146,465
12/17/2020,OPF,FL,ASO,ES,Federal Contract Tower,0,84,158,3,245,0,13,83,9,105,0,97,241,12,350,134,0,134,484
12/18/2020,OPF,FL,ASO,ES,Federal Contract Tower,0,94,173,3,270,0,1,91,12,104,0,95,264,15,374,70,0,70,444
12/19/2020,OPF,FL,ASO,ES,Federal Contract Tower,0,91,149,0,240,0,8,119,16,143,0,99,268,16,383,49,0,49,432
12/20/2020,OPF,FL,ASO,ES,Federal Contract Tower,0,94,173,1,268,0,2,61,6,69,0,96,234,7,337,26,43,69,406
12/21/2020,OPF,FL,ASO,ES,Federal Contract Tower,0,69,146,0,215,0,4,98,4,106,0,73,244,4,321,100,0,100,421
12/22/2020,OPF,FL,ASO,ES,Federal Contract Tower,0,84,158,0,242,0,5,115,9,129,0,89,273,9,371,45,0,45,416
12/23/2020,OPF,FL,ASO,ES,Federal Contract Tower,0,83,172,1,256,0,4,89,6,99,0,87,261,7,355,124,0,124,479
12/24/2020,OPF,FL,ASO,ES,Federal Contract Tower,0,62,92,3,157,0,0,54,2,56,0,62,146,5,213,20,0,20,233
12/25/2020,OPF,FL,ASO,ES,Federal Contract Tower,0,48,77,0,125,0,3,24,0,27,0,51,101,0,152,33,0,33,185
12/26/2020,OPF,FL,ASO,ES,Federal Contract Tower,0,91,183,0,274,0,5,95,7,107,0,96,278,7,381,13,0,13,394
12/27/2020,OPF,FL,ASO,ES,Federal Contract Tower,0,83,192,0,275,0,7,103,8,118,0,90,295,8,393,7,0,7,400
12/28/2020,OPF,FL,ASO,ES,Federal Contract Tower,0,74,212,0,286,0,4,85,8,97,0,78,297,8,383,106,0,106,489
12/29/2020,OPF,FL,ASO,ES,Federal Contract Tower,0,80,144,2,226,0,18,115,6,139,0,98,259,8,365,114,6,120,485
12/30/2020,OPF,FL,ASO,ES,Federal Contract Tower,0,89,149,1,239,0,5,50,5,60,0,94,199,6,299,62,0,62,361
12/31/2020,OPF,FL,ASO,ES,Federal Contract Tower,0,48,93,0,141,0,4,58,8,70,0,52,151,8,211,19,0,19,230
01/01/2021,OPF,FL,ASO,ES,Federal Contract Tower,0,75,102,0,177,0,0,53,6,59,0,75,155,6,236,4,0,4,240
01/02/2021,OPF,FL,ASO,ES,Federal Contract Tower,0,86,218,1,305,0,2,66,7,75,0,88,284,8,380,4,2,6,386
01/03/2021,OPF,FL,ASO,ES,Federal Contract Tower,0,116,222,0,338,0,0,79,8,87,0,116,301,8,425,8,0,8,433
01/04/2021,OPF,FL,ASO,ES,Federal Contract Tower,1,106,165,1,273,0,0,72,7,79,1,106,237,8,352,80,18,98,450
01/05/2021,OPF,FL,ASO,ES,Federal Contract Tower,1,76,155,2,234,0,4,101,11,116,1,80,256,13,350,97,0,97,447
01/06/2021,OPF,FL,ASO,ES,Federal Contract Tower,0,75,139,5,219,0,3,111,13,127,0,78,250,18,346,72,7,79,425
01/07/2021,OPF,FL,ASO,ES,Federal Contract Tower,0,53,154,2,209,0,5,107,11,123,0,58,261,13,332,91,2,93,425
01/08/2021,OPF,FL,ASO,ES,Federal Contract Tower,0,58,151,2,211,0,2,106,5,113,0,60,257,7,324,66,0,66,390
01/09/2021,OPF,FL,ASO,ES,Federal Contract Tower,0,55,134,2,191,0,2,113,5,120,0,57,247,7,311,61,0,61,372
01/10/2021,OPF,FL,ASO,ES,Federal Contract Tower,0,86,188,1,275,0,5,87,11,103,0,91,275,12,378,6,0,6,384
01/11/2021,OPF,FL,ASO,ES,Federal Contract Tower,0,77,192,4,273,0,7,74,14,95,0,84,266,18,368,149,33,182,550
01/12/2021,OPF,FL,ASO,ES,Federal Contract Tower,0,68,187,4,259,0,2,76,17,95,0,70,263,21,354,67,0,67,421
01/13/2021,OPF,FL,ASO,ES,Federal Contract Tower,0,65,129,2,196,0,0,84,14,98,0,65,213,16,294,211,40,251,545
01/14/2021,OPF,FL,ASO,ES,Federal Contract Tower,0,75,144,3,222,0,0,74,5,79,0,75,218,8,301,159,0,159,460
01/15/2021,OPF,FL,ASO,ES,Federal Contract Tower,0,88,166,4,258,0,1,86,6,93,0,89,252,10,351,144,13,157,508
01/16/2021,OPF,FL,ASO,ES,Federal Contract Tower,0,44,109,0,153,0,2,96,4,102,0,46,205,4,255,61,0,61,316
01/17/2021,OPF,FL,ASO,ES,Federal Contract Tower,0,64,128,0,192,0,0,49,4,53,0,64,177,4,245,78,0,78,323
01/18/2021,OPF,FL,ASO,ES,Federal Contract Tower,0,73,139,0,212,0,4,111,7,122,0,77,250,7,334,87,0,87,421
01/19/2021,OPF,FL,ASO,ES,Federal Contract Tower,0,56,148,7,211,0,6,147,16,169,0,62,295,23,380,121,5,126,506
01/20/2021,OPF,FL,ASO,ES,Federal Contract Tower,0,55,136,4,195,0,1,110,13,124,0,56,246,17,319,109,45,154,473
01/21/2021,OPF,FL,ASO,ES,Federal Contract Tower,0,69,163,4,236,0,0,113,11,124,0,69,276,15,360,87,2,89,449
01/22/2021,OPF,FL,ASO,ES,Federal Contract Tower,0,63,153,3,219,0,1,133,11,145,0,64,286,14,364,135,0,135,499
01/23/2021,OPF,FL,ASO,ES,Federal Contract Tower,0,48,103,0,151,0,6,89,7,102,0,54,192,7,253,145,0,145,398
01/24/2021,OPF,FL,ASO,ES,Federal Contract Tower,0,70,146,2,218,0,2,77,10,89,0,72,223,12,307,15,4,19,326
01/25/2021,OPF,FL,ASO,ES,Federal Contract Tower,0,85,139,5,229,0,5,93,13,111,0,90,232,18,340,99,16,115,455
01/26/2021,OPF,FL,ASO,ES,Federal Contract Tower,0,46,151,1,198,0,6,123,21,150,0,52,274,22,348,134,24,158,506
01/27/2021,OPF,FL,ASO,ES,Federal Contract Tower,0,74,130,1,205,0,3,118,13,134,0,77,248,14,339,159,12,171,510
01/28/2021,OPF,FL,ASO,ES,Federal Contract Tower,0,82,164,5,251,0,1,87,14,102,0,83,251,19,353,37,0,37,390
01/29/2021,OPF,FL,ASO,ES,Federal Contract Tower,0,61,139,7,207,0,1,121,11,133,0,62,260,18,340,95,0,95,435
01/30/2021,OPF,FL,ASO,ES,Federal Contract Tower,0,44,127,3,174,0,8,106,6,120,0,52,233,9,294,66,0,66,360
01/31/2021,OPF,FL,ASO,ES,Federal Contract Tower,0,91,160,0,251,0,2,41,6,49,0,93,201,6,300,24,0,24,324
02/01/2021,OPF,FL,ASO,ES,Federal Contract Tower,1,44,102,10,157,0,5,43,10,58,1,49,145,20,215,18,0,18,233
02/02/2021,OPF,FL,ASO,ES,Federal Contract Tower,0,71,126,3,200,0,5,72,11,88,0,76,198,14,288,58,12,70,358
02/03/2021,OPF,FL,ASO,ES,Federal Contract Tower,0,98,178,8,284,0,3,126,14,143,0,101,304,22,427,166,1,167,594
02/04/2021,OPF,FL,ASO,ES,Federal Contract Tower,0,71,151,0,222,0,7,126,16,149,0,78,277,16,371,120,0,120,491
02/05/2021,OPF,FL,ASO,ES,Federal Contract Tower,0,65,157,3,225,0,4,126,19,149,0,69,283,22,374,81,54,135,509
02/06/2021,OPF,FL,ASO,ES,Federal Contract Tower,0,41,117,2,160,0,1,74,3,78,0,42,191,5,238,12,0,12,250
02/07/2021,OPF,FL,ASO,ES,Federal Contract Tower,0,57,123,1,181,0,0,55,8,63,0,57,178,9,244,20,0,20,264
02/08/2021,OPF,FL,ASO,ES,Federal Contract Tower,0,84,156,3,243,0,2,73,10,85,0,86,229,13,328,59,0,59,387
02/09/2021,OPF,FL,ASO,ES,Federal Contract Tower,0,76,147,2,225,0,4,143,14,161,0,80,290,16,386,163,10,173,559
02/10/2021,OPF,FL,ASO,ES,Federal Contract Tower,0,98,161,2,261,0,3,144,19,166,0,101,305,21,427,140,0,140,567
02/11/2021,OPF,FL,ASO,ES,Federal Contract Tower,0,109,191,2,302,0,2,142,18,162,0,111,333,20,464,44,0,44,508
02/12/2021,OPF,FL,ASO,ES,Federal Contract Tower,0,104,195,1,300,0,1,107,12,120,0,105,302,13,420,67,7,74,494
02/13/2021,OPF,FL,ASO,ES,Federal Contract Tower,0,81,146,0,227,0,1,57,9,67,0,82,203,9,294,25,4,29,323
02/14/2021,OPF,FL,ASO,ES,Federal Contract Tower,0,73,159,1,233,0,4,70,5,79,0,77,229,6,312,2,13,15,327
02/15/2021,OPF,FL,ASO,ES,Federal Contract Tower,0,88,201,9,298,0,6,94,4,104,0,94,295,13,402,6,0,6,408
02/16/2021,OPF,FL,ASO,ES,Federal Contract Tower,1,80,134,6,221,0,2,33,12,47,1,82,167,18,268,29,25,54,322
02/17/2021,OPF,FL,ASO,ES,Federal Contract Tower,1,71,188,7,267,0,1,84,13,98,1,72,272,20,365,156,26,182,547
02/18/2021,OPF,FL,ASO,ES,Federal Contract Tower,0,58,169,2,229,0,3,123,13,139,0,61,292,15,368,57,19,76,444
02/19/2021,OPF,FL,ASO,ES,Federal Contract Tower,0,62,173,1,236,0,1,78,5,84,0,63,251,6,320,73,34,107,427
02/20/2021,OPF,FL,ASO,ES,Federal Contract Tower,1,71,141,1,214,0,6,101,3,110,1,77,242,4,324,54,0,54,378
02/21/2021,OPF,FL,ASO,ES,Federal Contract Tower,0,74,186,1,261,0,3,79,6,88,0,77,265,7,349,45,0,45,394
02/22/2021,OPF,FL,ASO,ES,Federal Contract Tower,0,62,172,1,235,0,4,90,18,112,0,66,262,19,347,121,20,141,488
02/23/2021,OPF,FL,ASO,ES,Federal Contract Tower,0,80,125,2,207,0,3,91,16,110,0,83,216,18,317,158,13,171,488
02/24/2021,OPF,FL,ASO,ES,Federal Contract Tower,0,63,156,3,222,0,3,110,16,129,0,66,266,19,351,248,18,266,617
02/25/2021,OPF,FL,ASO,ES,Federal Contract Tower,0,68,195,2,265,0,1,177,17,195,0,69,372,19,460,213,7,220,680
02/26/2021,OPF,FL,ASO,ES,Federal Contract Tower,0,63,185,3,251,0,1,140,13,154,0,64,325,16,405,162,2,164,569
02/27/2021,OPF,FL,ASO,ES,Federal Contract Tower,0,41,126,2,169,0,3,85,7,95,0,44,211,9,264,115,6,121,385
02/28/2021,OPF,FL,ASO,ES,Federal Contract Tower,1,102,215,1,319,0,4,59,7,70,1,106,274,8,389,28,0,28,417
03/01/2021,OPF,FL,ASO,ES,Federal Contract Tower,0,82,185,1,268,0,4,114,15,133,0,86,299,16,401,161,0,161,562
03/02/2021,OPF,FL,ASO,ES,Federal Contract Tower,0,77,166,1,244,0,3,139,9,151,0,80,305,10,395,205,0,205,600
03/03/2021,OPF,FL,ASO,ES,Federal Contract Tower,0,72,176,1,249,0,0,96,9,105,0,72,272,10,354,99,0,99,453
03/04/2021,OPF,FL,ASO,ES,Federal Contract Tower,0,78,184,5,267,0,7,126,17,150,0,85,310,22,417,204,4,208,625
03/05/2021,OPF,FL,ASO,ES,Federal Contract Tower,0,92,178,4,274,0,4,127,10,141,0,96,305,14,415,158,4,162,577
03/06/2021,OPF,FL,ASO,ES,Federal Contract Tower,1,64,116,1,182,1,1,65,11,78,2,65,181,12,260,96,0,96,356
03/07/2021,OPF,FL,ASO,ES,Federal Contract Tower,0,96,157,2,255,0,5,66,3,74,0,101,223,5,329,4,10,14,343
03/08/2021,OPF,FL,ASO,ES,Federal Contract Tower,0,80,158,3,241,0,3,71,11,85,0,83,229,14,326,57,0,57,383
03/09/2021,OPF,FL,ASO,ES,Federal Contract Tower,0,73,123,4,200,0,1,87,15,103,0,74,210,19,303,61,16,77,380
03/10/2021,OPF,FL,ASO,ES,Federal Contract Tower,0,84,139,4,227,0,4,66,12,82,0,88,205,16,309,53,0,53,362
03/11/2021,OPF,FL,ASO,ES,Federal Contract Tower,1,81,201,0,283,0,2,143,13,158,1,83,344,13,441,100,2,102,543
03/12/2021,OPF,FL,ASO,ES,Federal Contract Tower,0,90,192,6,288,0,2,108,12,122,0,92,300,18,410,101,0,101,511
03/13/2021,OPF,FL,ASO,ES,Federal Contract Tower,0,68,149,2,219,0,3,132,6,141,0,71,281,8,360,86,0,86,446
03/14/2021,OPF,FL,ASO,ES,Federal Contract Tower,0,79,203,3,285,0,0,91,10,101,0,79,294,13,386,95,0,95,481
03/15/2021,OPF,FL,ASO,ES,Federal Contract Tower,0,82,179,4,265,0,5,119,18,142,0,87,298,22,407,86,9,95,502
03/16/2021,OPF,FL,ASO,ES,Federal Contract Tower,0,72,167,4,243,0,3,135,13,151,0,75,302,17,394,159,11,170,564
03/17/2021,OPF,FL,ASO,ES,Federal Contract Tower,0,83,169,3,255,0,10,130,10,150,0,93,299,13,405,117,2,119,524
03/18/2021,OPF,FL,ASO,ES,Federal Contract Tower,0,83,175,5,263,0,1,109,17,127,0,84,284,22,390,90,0,90,480
03/19/2021,OPF,FL,ASO,ES,Federal Contract Tower,0,109,193,4,306,0,2,141,4,147,0,111,334,8,453,125,18,143,596
03/20/2021,OPF,FL,ASO,ES,Federal Contract Tower,0,82,161,1,244,0,10,108,8,126,0,92,269,9,370,88,0,88,458
03/21/2021,OPF,FL,ASO,ES,Federal Contract Tower,0,86,198,0,284,0,0,60,4,64,0,86,258,4,348,89,0,89,437
03/22/2021,OPF,FL,ASO,ES,Federal Contract Tower,1,66,141,4,212,0,0,122,20,142,1,66,263,24,354,216,0,216,570
03/23/2021,OPF,FL,ASO,ES,Federal Contract Tower,0,78,152,5,235,0,4,132,15,151,0,82,284,20,386,189,1,190,576
03/24/2021,OPF,FL,ASO,ES,Federal Contract Tower,0,110,186,9,305,0,2,136,15,153,0,112,322,24,458,113,0,113,571
03/25/2021,OPF,FL,ASO,ES,Federal Contract Tower,0,136,211,3,350,0,2,125,18,145,0,138,336,21,495,115,9,124,619
03/26/2021,OPF,FL,ASO,ES,Federal Contract Tower,0,128,222,4,354,0,1,128,9,138,0,129,350,13,492,131,0,131,623
03/27/2021,OPF,FL,ASO,ES,Federal Contract Tower,0,108,206,1,315,0,6,92,7,105,0,114,298,8,420,92,0,92,512
03/28/2021,OPF,FL,ASO,ES,Federal Contract Tower,0,84,206,2,292,0,7,78,6,91,0,91,284,8,383,58,6,64,447
03/29/2021,OPF,FL,ASO,ES,Federal Contract Tower,0,82,165,6,253,0,3,109,16,128,0,85,274,22,381,162,0,162,543
03/30/2021,OPF,FL,ASO,ES,Federal Contract Tower,0,96,165,5,266,0,7,145,10,162,0,103,310,15,428,177,9,186,614
03/31/2021,OPF,FL,ASO,ES,Federal Contract Tower,1,78,177,1,257,0,4,120,13,137,1,82,297,14,394,147,0,147,541
04/01/2021,OPF,FL,ASO,ES,Federal Contract Tower,0,77,179,4,260,0,7,87,11,105,0,84,266,15,365,106,0,106,471
04/02/2021,OPF,FL,ASO,ES,Federal Contract Tower,0,60,140,2,202,0,1,84,7,92,0,61,224,9,294,48,0,48,342
04/03/2021,OPF,FL,ASO,ES,Federal Contract Tower,0,84,158,0,242,0,2,46,5,53,0,86,204,5,295,27,0,27,322
04/04/2021,OPF,FL,ASO,ES,Federal Contract Tower,0,92,184,0,276,0,4,53,7,64,0,96,237,7,340,32,0,32,372
04/05/2021,OPF,FL,ASO,ES,Federal Contract Tower,0,145,199,6,350,0,5,105,11,121,0,150,304,17,471,48,16,64,535
04/06/2021,OPF,FL,ASO,ES,Federal Contract Tower,0,73,185,1,259,0,3,119,12,134,0,76,304,13,393,175,0,175,568
04/07/2021,OPF,FL,ASO,ES,Federal Contract Tower,0,79,170,2,251,0,5,143,9,157,0,84,313,11,408,191,0,191,599
04/08/2021,OPF,FL,ASO,ES,Federal Contract Tower,0,80,196,1,277,0,8,126,31,165,0,88,322,32,442,130,0,130,572
04/09/2021,OPF,FL,ASO,ES,Federal Contract Tower,0,99,144,2,245,0,5,128,6,139,0,104,272,8,384,100,0,100,484
04/10/2021,OPF,FL,ASO,ES,Federal Contract Tower,0,82,126,1,209,0,0,105,4,109,0,82,231,5,318,74,0,74,392
04/11/2021,OPF,FL,ASO,ES,Federal Contract Tower,0,57,172,1,230,0,3,35,14,52,0,60,207,15,282,0,0,0,282
04/12/2021,OPF,FL,ASO,ES,Federal Contract Tower,3,127,200,6,336,0,5,81,11,97,3,132,281,17,433,50,4,54,487
04/13/2021,OPF,FL,ASO,ES,Federal Contract Tower,0,80,158,8,246,0,9,141,15,165,0,89,299,23,411,188,2,190,601
04/14/2021,OPF,FL,ASO,ES,Federal Contract Tower,64,165,0,0,229,0,5,146,10,161,64,170,146,10,390,177,2,179,569
04/15/2021,OPF,FL,ASO,ES,Federal Contract Tower,0,83,184,1,268,0,2,123,16,141,0,85,307,17,409,84,2,86,495
04/16/2021,OPF,FL,ASO,ES,Federal Contract Tower,0,84,172,4,260,0,4,142,11,157,0,88,314,15,417,223,0,223,640
04/17/2021,OPF,FL,ASO,ES,Federal Contract Tower,0,73,133,2,208,0,4,105,5,114,0,77,238,7,322,106,0,106,428
04/18/2021,OPF,FL,ASO,ES,Federal Contract Tower,0,85,185,3,273,0,4,85,9,98,0,89,270,12,371,107,22,129,500
04/19/2021,OPF,FL,ASO,ES,Federal Contract Tower,0,75,152,1,228,0,5,67,15,87,0,80,219,16,315,99,0,99,414
04/20/2021,OPF,FL,ASO,ES,Federal Contract Tower,0,80,117,1,198,0,3,60,17,80,0,83,177,18,278,78,54,132,410
04/21/2021,OPF,FL,ASO,ES,Federal Contract Tower,0,72,139,2,213,0,2,85,9,96,0,74,224,11,309,164,8,172,481
04/22/2021,OPF,FL,ASO,ES,Federal Contract Tower,0,82,155,0,237,0,7,139,18,164,0,89,294,18,401,231,12,243,644
04/23/2021,OPF,FL,ASO,ES,Federal Contract Tower,0,67,173,2,242,0,1,124,12,137,0,68,297,14,379,234,0,234,613
04/24/2021,OPF,FL,ASO,ES,Federal Contract Tower,0,57,106,5,168,0,2,115,6,123,0,59,221,11,291,53,1,54,345
04/25/2021,OPF,FL,ASO,ES,Federal Contract Tower,0,90,164,1,255,0,7,63,3,73,0,97,227,4,328,98,0,98,426
04/26/2021,OPF,FL,ASO,ES,Federal Contract Tower,0,68,162,4,234,0,12,126,11,149,0,80,288,15,383,199,18,217,600
04/27/2021,OPF,FL,ASO,ES,Federal Contract Tower,0,77,137,4,218,0,4,132,14,150,0,81,269,18,368,163,12,175,543
04/28/2021,OPF,FL,ASO,ES,Federal Contract Tower,0,81,156,6,243,0,3,154,9,166,0,84,310,15,409,157,26,183,592
04/29/2021,OPF,FL,ASO,ES,Federal Contract Tower,0,83,179,2,264,0,9,135,8,152,0,92,314,10,416,173,0,173,589
04/30/2021,OPF,FL,ASO,ES,Federal Contract Tower,0,82,137,2,221,0,4,102,12,118,0,86,239,14,339,153,0,153,492
05/01/2021,OPF,FL,ASO,ES,Federal Contract Tower,0,66,117,0,183,0,17,118,12,147,0,83,235,12,330,75,0,75,405
05/02/2021,OPF,FL,ASO,ES,Federal Contract Tower,0,89,166,1,256,0,3,81,8,92,0,92,247,9,348,101,0,101,449
05/03/2021,OPF,FL,ASO,ES,Federal Contract Tower,0,67,144,3,214,0,2,94,13,109,0,69,238,16,323,49,13,62,385
05/04/2021,OPF,FL,ASO,ES,Federal Contract Tower,0,61,155,6,222,0,2,122,6,130,0,63,277,12,352,204,0,204,556
05/05/2021,OPF,FL,ASO,ES,Federal Contract Tower,0,73,152,2,227,0,4,103,7,114,0,77,255,9,341,173,0,173,514
05/06/2021,OPF,FL,ASO,ES,Federal Contract Tower,0,66,146,1,213,0,0,91,5,96,0,66,237,6,309,241,0,241,550
05/07/2021,OPF,FL,ASO,ES,Federal Contract Tower,1,77,158,8,244,0,5,89,9,103,1,82,247,17,347,91,0,91,438
05/08/2021,OPF,FL,ASO,ES,Federal Contract Tower,0,61,121,1,183,0,6,104,12,122,0,67,225,13,305,85,2,87,392
05/09/2021,OPF,FL,ASO,ES,Federal Contract Tower,0,61,129,11,201,0,4,54,14,72,0,65,183,25,273,48,2,50,323
05/10/2021,OPF,FL,ASO,ES,Federal Contract Tower,0,64,133,3,200,0,1,100,16,117,0,65,233,19,317,247,11,258,575
05/11/2021,OPF,FL,ASO,ES,Federal Contract Tower,0,70,123,2,195,0,6,104,12,122,0,76,227,14,317,211,39,250,567
05/12/2021,OPF,FL,ASO,ES,Federal Contract Tower,0,67,119,4,190,0,3,121,14,138,0,70,240,18,328,209,28,237,565
05/13/2021,OPF,FL,ASO,ES,Federal Contract Tower,0,83,165,3,251,0,2,86,3,91,0,85,251,6,342,215,7,222,564
05/14/2021,OPF,FL,ASO,ES,Federal Contract Tower,0,78,153,7,238,0,2,90,10,102,0,80,243,17,340,163,0,163,503
05/15/2021,OPF,FL,ASO,ES,Federal Contract Tower,1,52,117,0,170,0,3,93,10,106,1,55,210,10,276,80,0,80,356
05/16/2021,OPF,FL,ASO,ES,Federal Contract Tower,0,59,143,1,203,0,8,84,6,98,0,67,227,7,301,86,0,86,387
05/17/2021,OPF,FL,ASO,ES,Federal Contract Tower,0,44,128,3,175,0,7,91,11,109,0,51,219,14,284,128,19,147,431
05/18/2021,OPF,FL,ASO,ES,Federal Contract Tower,0,57,123,2,182,0,3,83,16,102,0,60,206,18,284,162,2,164,448
05/19/2021,OPF,FL,ASO,ES,Federal Contract Tower,0,45,127,0,172,0,8,69,4,81,0,53,196,4,253,101,0,101,354
05/20/2021,OPF,FL,ASO,ES,Federal Contract Tower,0,71,147,0,218,0,6,72,12,90,0,77,219,12,308,50,0,50,358
05/21/2021,OPF,FL,ASO,ES,Federal Contract Tower,0,57,141,1,199,0,2,94,13,109,0,59,235,14,308,54,8,62,370
05/22/2021,OPF,FL,ASO,ES,Federal Contract Tower,0,45,90,1,136,0,3,71,6,80,0,48,161,7,216,67,0,67,283
05/23/2021,OPF,FL,ASO,ES,Federal Contract Tower,0,62,165,0,227,0,2,90,7,99,0,64,255,7,326,68,0,68,394
05/24/2021,OPF,FL,ASO,ES,Federal Contract Tower,1,56,130,4,191,0,1,109,6,116,1,57,239,10,307,216,19,235,542
05/25/2021,OPF,FL,ASO,ES,Federal Contract Tower,0,74,124,8,206,0,2,127,9,138,0,76,251,17,344,249,6,255,599
05/26/2021,OPF,FL,ASO,ES,Federal Contract Tower,0,89,139,2,230,0,8,140,10,158,0,97,279,12,388,226,3,229,617
05/27/2021,OPF,FL,ASO,ES,Federal Contract Tower,0,81,169,16,266,0,13,112,19,144,0,94,281,35,410,247,12,259,669
05/28/2021,OPF,FL,ASO,ES,Federal Contract Tower,0,68,174,1,243,0,4,141,28,173,0,72,315,29,416,68,5,73,489
05/29/2021,OPF,FL,ASO,ES,Federal Contract Tower,0,46,126,1,173,0,2,78,34,114,0,48,204,35,287,60,4,64,351
05/30/2021,OPF,FL,ASO,ES,Federal Contract Tower,0,30,90,5,125,0,3,69,35,107,0,33,159,40,232,23,7,30,262
05/31/2021,OPF,FL,ASO,ES,Federal Contract Tower,1,89,174,4,268,0,6,117,15,138,1,95,291,19,406,139,0,139,545
06/01/2021,OPF,FL,ASO,ES,Federal Contract Tower,0,61,120,8,189,0,1,95,11,107,0,62,215,19,296,123,32,155,451
06/02/2021,OPF,FL,ASO,ES,Federal Contract Tower,0,75,142,5,222,0,1,83,7,91,0,76,225,12,313,122,11,133,446
06/03/2021,OPF,FL,ASO,ES,Federal Contract Tower,0,61,148,1,210,0,3,48,10,61,0,64,196,11,271,94,0,94,365
06/04/2021,OPF,FL,ASO,ES,Federal Contract Tower,2,60,172,2,236,0,2,118,7,127,2,62,290,9,363,182,14,196,559
06/05/2021,OPF,FL,ASO,ES,Federal Contract Tower,0,53,128,1,182,0,2,89,5,96,0,55,217,6,278,153,0,153,431
06/06/2021,OPF,FL,ASO,ES,Federal Contract Tower,0,70,147,0,217,0,3,74,7,84,0,73,221,7,301,103,0,103,404
06/07/2021,OPF,FL,ASO,ES,Federal Contract Tower,1,95,164,3,263,0,1,98,7,106,1,96,262,10,369,139,3,142,511
06/08/2021,OPF,FL,ASO,ES,Federal Contract Tower,0,60,143,6,209,0,2,144,8,154,0,62,287,14,363,191,8,199,562
06/09/2021,OPF,FL,ASO,ES,Federal Contract Tower,0,58,150,4,212,0,1,130,8,139,0,59,280,12,351,172,12,184,535
06/10/2021,OPF,FL,ASO,ES,Federal Contract Tower,0,73,158,5,236,0,5,142,13,160,0,78,300,18,396,202,0,202,598
06/11/2021,OPF,FL,ASO,ES,Federal Contract Tower,0,60,145,2,207,0,2,129,25,156,0,62,274,27,363,201,0,201,564
06/12/2021,OPF,FL,ASO,ES,Federal Contract Tower,0,46,103,1,150,0,1,124,8,133,0,47,227,9,283,117,0,117,400
06/13/2021,OPF,FL,ASO,ES,Federal Contract Tower,0,58,142,0,200,0,0,62,2,64,0,58,204,2,264,47,15,62,326
06/14/2021,OPF,FL,ASO,ES,Federal Contract Tower,0,57,131,6,194,0,1,48,3,52,0,58,179,9,246,109,25,134,380
06/15/2021,OPF,FL,ASO,ES,Federal Contract Tower,0,47,120,2,169,0,2,72,7,81,0,49,192,9,250,85,0,85,335
06/16/2021,OPF,FL,ASO,ES,Federal Contract Tower,0,61,131,3,195,0,4,61,2,67,0,65,192,5,262,236,0,236,498
06/17/2021,OPF,FL,ASO,ES,Federal Contract Tower,0,63,167,0,230,0,5,104,18,127,0,68,271,18,357,342,0,342,699
06/18/2021,OPF,FL,ASO,ES,Federal Contract Tower,0,59,167,5,231,0,2,112,11,125,0,61,279,16,356,254,0,254,610
06/19/2021,OPF,FL,ASO,ES,Federal Contract Tower,0,36,120,2,158,0,6,122,6,134,0,42,242,8,292,285,0,285,577
06/20/2021,OPF,FL,ASO,ES,Federal Contract Tower,0,42,122,0,164,0,4,68,5,77,0,46,190,5,241,27,0,27,268
06/21/2021,OPF,FL,ASO,ES,Federal Contract Tower,0,53,146,1,200,0,2,117,11,130,0,55,263,12,330,270,10,280,610
06/22/2021,OPF,FL,ASO,ES,Federal Contract Tower,0,40,122,3,165,0,2,119,5,126,0,42,241,8,291,155,2,157,448
06/23/2021,OPF,FL,ASO,ES,Federal Contract Tower,0,44,126,3,173,0,3,95,9,107,0,47,221,12,280,337,10,347,627
06/24/2021,OPF,FL,ASO,ES,Federal Contract Tower,0,50,142,0,192,0,7,66,9,82,0,57,208,9,274,228,6,234,508
06/25/2021,OPF,FL,ASO,ES,Federal Contract Tower,0,62,143,3,208,0,6,65,5,76,0,68,208,8,284,118,3,121,405
06/26/2021,OPF,FL,ASO,ES,Federal Contract Tower,0,35,101,1,137,0,3,80,3,86,0,38,181,4,223,232,0,232,455
06/27/2021,OPF,FL,ASO,ES,Federal Contract Tower,0,64,168,5,237,0,9,76,5,90,0,73,244,10,327,47,8,55,382
06/28/2021,OPF,FL,ASO,ES,Federal Contract Tower,1,57,118,8,184,0,2,72,12,86,1,59,190,20,270,170,0,170,440
06/29/2021,OPF,FL,ASO,ES,Federal Contract Tower,0,38,89,0,127,0,1,54,8,63,0,39,143,8,190,126,1,127,317
06/30/2021,OPF,FL,ASO,ES,Federal Contract Tower,0,51,119,2,172,0,2,62,1,65,0,53,181,3,237,85,29,114,351
07/01/2021,OPF,FL,ASO,ES,Federal Contract Tower,0,16,49,0,65,0,5,34,9,48,0,21,83,9,113,8,0,8,121
07/02/2021,OPF,FL,ASO,ES,Federal Contract Tower,0,52,150,0,202,0,2,110,2,114,0,54,260,2,316,189,0,189,505
07/03/2021,OPF,FL,ASO,ES,Federal Contract Tower,0,30,113,0,143,0,6,73,6,85,0,36,186,6,228,88,0,88,316
07/04/2021,OPF,FL,ASO,ES,Federal Contract Tower,0,27,95,0,122,0,1,45,7,53,0,28,140,7,175,23,0,23,198
07/05/2021,OPF,FL,ASO,ES,Federal Contract Tower,0,39,137,3,179,0,1,50,3,54,0,40,187,6,233,69,23,92,325
07/06/2021,OPF,FL,ASO,ES,Federal Contract Tower,0,34,81,3,118,0,2,19,7,28,0,36,100,10,146,77,14,91,237
07/07/2021,OPF,FL,ASO,ES,Federal Contract Tower,0,34,94,0,128,0,2,108,8,118,0,36,202,8,246,274,0,274,520
07/08/2021,OPF,FL,ASO,ES,Federal Contract Tower,0,53,117,1,171,0,3,99,11,113,0,56,216,12,284,197,19,216,500
07/09/2021,OPF,FL,ASO,ES,Federal Contract Tower,0,36,130,0,166,0,1,114,7,122,0,37,244,7,288,152,0,152,440
07/10/2021,OPF,FL,ASO,ES,Federal Contract Tower,0,34,96,5,135,0,1,109,11,121,0,35,205,16,256,137,12,149,405
07/11/2021,OPF,FL,ASO,ES,Federal Contract Tower,0,33,122,4,159,0,4,89,7,100,0,37,211,11,259,135,9,144,403
07/12/2021,OPF,FL,ASO,ES,Federal Contract Tower,0,41,103,2,146,1,65,6,0,72,1,106,109,2,218,82,33,115,333
07/13/2021,OPF,FL,ASO,ES,Federal Contract Tower,0,48,92,4,144,0,3,79,8,90,0,51,171,12,234,154,12,166,400
07/14/2021,OPF,FL,ASO,ES,Federal Contract Tower,0,35,143,6,184,0,9,156,15,180,0,44,299,21,364,242,18,260,624
07/15/2021,OPF,FL,ASO,ES,Federal Contract Tower,0,59,137,1,197,0,2,143,12,157,0,61,280,13,354,164,0,164,518
07/16/2021,OPF,FL,ASO,ES,Federal Contract Tower,0,41,153,5,199,0,3,96,10,109,0,44,249,15,308,186,0,186,494
07/17/2021,OPF,FL,ASO,ES,Federal Contract Tower,0,34,109,1,144,0,7,91,7,105,0,41,200,8,249,74,0,74,323
07/18/2021,OPF,FL,ASO,ES,Federal Contract Tower,0,35,122,2,159,0,9,94,7,110,0,44,216,9,269,9,0,9,278
07/19/2021,OPF,FL,ASO,ES,Federal Contract Tower,0,45,118,2,165,0,8,131,19,158,0,53,249,21,323,154,13,167,490
07/20/2021,OPF,FL,ASO,ES,Federal Contract Tower,0,41,90,6,137,0,3,79,15,97,0,44,169,21,234,132,4,136,370
07/21/2021,OPF,FL,ASO,ES,Federal Contract Tower,0,42,103,2,147,0,6,115,17,138,0,48,218,19,285,63,0,63,348
07/22/2021,OPF,FL,ASO,ES,Federal Contract Tower,0,61,157,2,220,0,3,124,11,138,0,64,281,13,358,302,12,314,672
07/23/2021,OPF,FL,ASO,ES,Federal Contract Tower,0,70,130,5,205,0,3,80,5,88,0,73,210,10,293,221,0,221,514
07/24/2021,OPF,FL,ASO,ES,Federal Contract Tower,0,21,101,4,126,0,5,72,5,82,0,26,173,9,208,162,0,162,370
07/25/2021,OPF,FL,ASO,ES,Federal Contract Tower,0,45,139,3,187,0,8,75,4,87,0,53,214,7,274,79,0,79,353
07/26/2021,OPF,FL,ASO,ES,Federal Contract Tower,0,45,113,3,161,0,5,97,11,113,0,50,210,14,274,222,16,238,512
07/27/2021,OPF,FL,ASO,ES,Federal Contract Tower,0,41,107,4,152,0,3,115,7,125,0,44,222,11,277,212,3,215,492
07/28/2021,OPF,FL,ASO,ES,Federal Contract Tower,0,40,114,3,157,0,0,76,10,86,0,40,190,13,243,110,0,110,353
07/29/2021,OPF,FL,ASO,ES,Federal Contract Tower,0,51,131,0,182,0,3,118,18,139,0,54,249,18,321,86,0,86,407
07/30/2021,OPF,FL,ASO,ES,Federal Contract Tower,0,46,114,2,162,0,8,128,10,146,0,54,242,12,308,103,0,103,411
07/31/2021,OPF,FL,ASO,ES,Federal Contract Tower,0,35,115,0,150,0,3,104,6,113,0,38,219,6,263,158,0,158,421
08/01/2021,OPF,FL,ASO,ES,Federal Contract Tower,0,47,111,1,159,0,7,66,5,78,0,54,177,6,237,48,6,54,291
08/02/2021,OPF,FL,ASO,ES,Federal Contract Tower,0,34,122,0,156,0,6,79,10,95,0,40,201,10,251,56,0,56,307
08/03/2021,OPF,FL,ASO,ES,Federal Contract Tower,0,40,103,1,144,0,2,68,5,75,0,42,171,6,219,71,0,71,290
08/04/2021,OPF,FL,ASO,ES,Federal Contract Tower,0,39,131,1,171,0,1,110,9,120,0,40,241,10,291,90,0,90,381
08/05/2021,OPF,FL,ASO,ES,Federal Contract Tower,0,46,146,3,195,0,0,128,15,143,0,46,274,18,338,133,0,133,471
08/06/2021,OPF,FL,ASO,ES,Federal Contract Tower,0,35,148,4,187,0,4,119,10,133,0,39,267,14,320,142,24,166,486
08/07/2021,OPF,FL,ASO,ES,Federal Contract Tower,0,31,78,1,110,0,2,77,11,90,0,33,155,12,200,77,0,77,277
08/08/2021,OPF,FL,ASO,ES,Federal Contract Tower,0,39,141,1,181,0,8,89,9,106,0,47,230,10,287,70,0,70,357
08/09/2021,OPF,FL,ASO,ES,Federal Contract Tower,0,54,132,5,191,0,3,110,12,125,0,57,242,17,316,171,13,184,500
08/10/2021,OPF,FL,ASO,ES,Federal Contract Tower,0,51,149,4,204,0,5,119,7,131,0,56,268,11,335,105,0,105,440
08/11/2021,OPF,FL,ASO,ES,Federal Contract Tower,0,40,140,1,181,0,4,104,11,119,0,44,244,12,300,177,4,181,481
08/12/2021,OPF,FL,ASO,ES,Federal Contract Tower,0,47,90,1,138,0,3,87,8,98,0,50,177,9,236,103,0,103,339
08/13/2021,OPF,FL,ASO,ES,Federal Contract Tower,0,37,82,2,121,0,4,83,11,98,0,41,165,13,219,106,0,106,325
08/14/2021,OPF,FL,ASO,ES,Federal Contract Tower,0,26,60,0,86,0,0,19,5,24,0,26,79,5,110,25,0,25,135
08/15/2021,OPF,FL,ASO,ES,Federal Contract Tower,0,43,95,1,139,0,4,35,0,39,0,47,130,1,178,36,0,36,214
08/16/2021,OPF,FL,ASO,ES,Federal Contract Tower,0,62,130,0,192,0,4,89,2,95,0,66,219,2,287,131,0,131,418
08/17/2021,OPF,FL,ASO,ES,Federal Contract Tower,0,38,139,3,180,0,7,96,8,111,0,45,235,11,291,61,0,61,352
08/18/2021,OPF,FL,ASO,ES,Federal Contract Tower,0,44,128,1,173,0,4,106,6,116,0,48,234,7,289,132,0,132,421
08/19/2021,OPF,FL,ASO,ES,Federal Contract Tower,0,56,121,5,182,0,0,120,19,139,0,56,241,24,321,74,0,74,395
08/20/2021,OPF,FL,ASO,ES,Federal Contract Tower,0,49,162,6,217,0,2,146,7,155,0,51,308,13,372,172,0,172,544
08/21/2021,OPF,FL,ASO,ES,Federal Contract Tower,0,31,104,0,135,0,7,77,7,91,0,38,181,7,226,63,0,63,289
08/22/2021,OPF,FL,ASO,ES,Federal Contract Tower,0,31,118,5,154,0,10,48,5,63,0,41,166,10,217,71,20,91,308
08/23/2021,OPF,FL,ASO,ES,Federal Contract Tower,0,37,144,3,184,0,1,63,4,68,0,38,207,7,252,111,6,117,369
08/24/2021,OPF,FL,ASO,ES,Federal Contract Tower,0,49,131,2,182,0,10,117,9,136,0,59,248,11,318,118,0,118,436
08/25/2021,OPF,FL,ASO,ES,Federal Contract Tower,0,33,105,1,139,0,4,63,9,76,0,37,168,10,215,35,0,35,250
08/26/2021,OPF,FL,ASO,ES,Federal Contract Tower,0,48,143,3,194,0,3,102,9,114,0,51,245,12,308,200,8,208,516
08/27/2021,OPF,FL,ASO,ES,Federal Contract Tower,0,34,134,1,169,0,2,116,6,124,0,36,250,7,293,163,0,163,456
08/28/2021,OPF,FL,ASO,ES,Federal Contract Tower,0,32,97,1,130,0,5,101,5,111,0,37,198,6,241,126,5,131,372
08/29/2021,OPF,FL,ASO,ES,Federal Contract Tower,0,40,133,2,175,0,8,87,6,101,0,48,220,8,276,164,0,164,440
08/30/2021,OPF,FL,ASO,ES,Federal Contract Tower,0,46,90,0,136,0,6,90,5,101,0,52,180,5,237,63,0,63,300
08/31/2021,OPF,FL,ASO,ES,Federal Contract Tower,1,48,130,3,182,0,5,84,4,93,1,53,214,7,275,128,6,134,409
09/01/2021,OPF,FL,ASO,ES,Federal Contract Tower,0,45,120,0,165,0,2,110,5,117,0,47,230,5,282,107,0,107,389
09/02/2021,OPF,FL,ASO,ES,Federal Contract Tower,2,56,139,0,197,0,1,61,8,70,2,57,200,8,267,124,0,124,391
09/03/2021,OPF,FL,ASO,ES,Federal Contract Tower,0,57,141,1,199,0,0,79,5,84,0,57,220,6,283,64,0,64,347
09/04/2021,OPF,FL,ASO,ES,Federal Contract Tower,0,32,99,0,131,0,6,86,6,98,0,38,185,6,229,124,0,124,353
09/05/2021,OPF,FL,ASO,ES,Federal Contract Tower,0,26,74,0,100,0,3,55,3,61,0,29,129,3,161,63,21,84,245
09/06/2021,OPF,FL,ASO,ES,Federal Contract Tower,0,49,133,1,183,0,2,102,9,113,0,51,235,10,296,109,0,109,405
09/07/2021,OPF,FL,ASO,ES,Federal Contract Tower,0,62,131,0,193,0,3,108,9,120,0,65,239,9,313,196,5,201,514
09/08/2021,OPF,FL,ASO,ES,Federal Contract Tower,2,35,121,8,166,0,3,102,3,108,2,38,223,11,274,106,6,112,386
09/09/2021,OPF,FL,ASO,ES,Federal Contract Tower,0,42,113,1,156,0,2,97,8,107,0,44,210,9,263,100,0,100,363
09/10/2021,OPF,FL,ASO,ES,Federal Contract Tower,0,52,124,2,178,0,0,102,3,105,0,52,226,5,283,86,0,86,369
09/11/2021,OPF,FL,ASO,ES,Federal Contract Tower,0,36,79,1,116,0,0,105,4,109,0,36,184,5,225,174,0,174,399
09/12/2021,OPF,FL,ASO,ES,Federal Contract Tower,0,34,121,0,155,0,0,71,3,74,0,34,192,3,229,104,0,104,333
09/13/2021,OPF,FL,ASO,ES,Federal Contract Tower,0,38,95,1,134,0,3,37,9,49,0,41,132,10,183,35,4,39,222
09/14/2021,OPF,FL,ASO,ES,Federal Contract Tower,0,55,130,0,185,0,7,149,17,173,0,62,279,17,358,136,0,136,494
09/15/2021,OPF,FL,ASO,ES,Federal Contract Tower,1,36,132,0,169,0,4,101,9,114,1,40,233,9,283,127,0,127,410
09/16/2021,OPF,FL,ASO,ES,Federal Contract Tower,0,42,141,3,186,0,2,94,13,109,0,44,235,16,295,133,2,135,430
09/17/2021,OPF,FL,ASO,ES,Federal Contract Tower,0,54,108,0,162,0,0,89,2,91,0,54,197,2,253,122,0,122,375
09/18/2021,OPF,FL,ASO,ES,Federal Contract Tower,2,37,93,2,134,0,2,91,13,106,2,39,184,15,240,88,0,88,328
09/19/2021,OPF,FL,ASO,ES,Federal Contract Tower,0,56,139,3,198,0,5,58,12,75,0,61,197,15,273,82,20,102,375
09/20/2021,OPF,FL,ASO,ES,Federal Contract Tower,0,53,94,5,152,0,4,89,11,104,0,57,183,16,256,142,3,145,401
09/21/2021,OPF,FL,ASO,ES,Federal Contract Tower,0,34,98,3,135,0,6,86,11,103,0,40,184,14,238,122,0,122,360
09/22/2021,OPF,FL,ASO,ES,Federal Contract Tower,0,53,90,2,145,0,0,60,9,69,0,53,150,11,214,84,0,84,298
09/23/2021,OPF,FL,ASO,ES,Federal Contract Tower,1,56,133,2,192,0,5,103,7,115,1,61,236,9,307,119,0,119,426
09/24/2021,OPF,FL,ASO,ES,Federal Contract Tower,1,60,144,8,213,0,4,89,5,98,1,64,233,13,311,120,8,128,439
09/25/2021,OPF,FL,ASO,ES,Federal Contract Tower,0,36,85,0,121,0,1,63,6,70,0,37,148,6,191,101,0,101,292
09/26/2021,OPF,FL,ASO,ES,Federal Contract Tower,1,37,123,1,162,0,2,73,6,81,1,39,196,7,243,70,0,70,313
09/27/2021,OPF,FL,ASO,ES,Federal Contract Tower,2,36,124,2,164,0,3,110,13,126,2,39,234,15,290,204,5,209,499
09/28/2021,OPF,FL,ASO,ES,Federal Contract Tower,1,46,123,2,172,0,4,125,14,143,1,50,248,16,315,286,4,290,605
09/29/2021,OPF,FL,ASO,ES,Federal Contract Tower,0,42,137,2,181,0,5,113,12,130,0,47,250,14,311,227,30,257,568
09/30/2021,OPF,FL,ASO,ES,Federal Contract Tower,0,48,142,2,192,0,2,128,10,140,0,50,270,12,332,143,2,145,477
10/01/2021,OPF,FL,ASO,ES,Federal Contract Tower,0,57,118,0,175,0,2,96,8,106,0,59,214,8,281,130,5,135,416
10/02/2021,OPF,FL,ASO,ES,Federal Contract Tower,0,27,94,1,122,0,10,90,4,104,0,37,184,5,226,41,0,41,267
10/03/2021,OPF,FL,ASO,ES,Federal Contract Tower,0,44,115,2,161,0,5,83,6,94,0,49,198,8,255,44,10,54,309
10/04/2021,OPF,FL,ASO,ES,Federal Contract Tower,0,44,113,3,160,0,1,92,15,108,0,45,205,18,268,161,19,180,448
10/05/2021,OPF,FL,ASO,ES,Federal Contract Tower,0,45,141,0,186,0,5,142,14,161,0,50,283,14,347,188,0,188,535
10/06/2021,OPF,FL,ASO,ES,Federal Contract Tower,0,50,139,0,189,0,10,130,7,147,0,60,269,7,336,147,14,161,497
10/07/2021,OPF,FL,ASO,ES,Federal Contract Tower,0,60,130,1,191,0,3,105,12,120,0,63,235,13,311,212,0,212,523
10/08/2021,OPF,FL,ASO,ES,Federal Contract Tower,1,76,148,0,225,0,7,94,4,105,1,83,242,4,330,228,12,240,570
10/09/2021,OPF,FL,ASO,ES,Federal Contract Tower,3,19,106,4,132,0,7,59,4,70,3,26,165,8,202,85,0,85,287
10/10/2021,OPF,FL,ASO,ES,Federal Contract Tower,0,48,124,0,172,0,2,87,5,94,0,50,211,5,266,76,4,80,346
10/11/2021,OPF,FL,ASO,ES,Federal Contract Tower,0,55,149,1,205,0,7,104,7,118,0,62,253,8,323,131,0,131,454
10/12/2021,OPF,FL,ASO,ES,Federal Contract Tower,0,56,156,3,215,0,2,128,13,143,0,58,284,16,358,160,0,160,518
10/13/2021,OPF,FL,ASO,ES,Federal Contract Tower,0,48,147,3,198,0,4,122,5,131,0,52,269,8,329,181,6,187,516
10/14/2021,OPF,FL,ASO,ES,Federal Contract Tower,0,76,151,1,228,0,4,126,16,146,0,80,277,17,374,269,13,282,656
10/15/2021,OPF,FL,ASO,ES,Federal Contract Tower,0,52,139,1,192,0,5,121,11,137,0,57,260,12,329,155,16,171,500
10/16/2021,OPF,FL,ASO,ES,Federal Contract Tower,0,30,94,1,125,0,6,76,3,85,0,36,170,4,210,116,0,116,326
10/17/2021,OPF,FL,ASO,ES,Federal Contract Tower,0,79,159,0,238,0,10,68,3,81,0,89,227,3,319,62,0,62,381
10/18/2021,OPF,FL,ASO,ES,Federal Contract Tower,0,60,132,1,193,0,7,130,13,150,0,67,262,14,343,123,19,142,485
10/19/2021,OPF,FL,ASO,ES,Federal Contract Tower,0,43,141,2,186,0,4,114,22,140,0,47,255,24,326,178,12,190,516
10/20/2021,OPF,FL,ASO,ES,Federal Contract Tower,1,55,176,1,233,0,0,125,14,139,1,55,301,15,372,187,0,187,559
10/21/2021,OPF,FL,ASO,ES,Federal Contract Tower,0,45,176,4,225,0,5,115,17,137,0,50,291,21,362,209,39,248,610
10/22/2021,OPF,FL,ASO,ES,Federal Contract Tower,0,47,128,10,185,0,3,62,14,79,0,50,190,24,264,17,0,17,281
10/23/2021,OPF,FL,ASO,ES,Federal Contract Tower,1,25,92,0,118,0,6,57,17,80,1,31,149,17,198,110,2,112,310
10/24/2021,OPF,FL,ASO,ES,Federal Contract Tower,0,65,143,0,208,0,0,60,7,67,0,65,203,7,275,100,10,110,385
10/25/2021,OPF,FL,ASO,ES,Federal Contract Tower,0,60,150,3,213,0,5,71,16,92,0,65,221,19,305,144,30,174,479
10/26/2021,OPF,FL,ASO,ES,Federal Contract Tower,0,53,157,3,213,0,7,90,11,108,0,60,247,14,321,111,13,124,445
10/27/2021,OPF,FL,ASO,ES,Federal Contract Tower,1,45,180,0,226,0,9,114,9,132,1,54,294,9,358,167,5,172,530
10/28/2021,OPF,FL,ASO,ES,Federal Contract Tower,0,60,174,1,235,0,0,99,4,103,0,60,273,5,338,134,29,163,501
10/29/2021,OPF,FL,ASO,ES,Federal Contract Tower,0,60,164,4,228,0,5,87,10,102,0,65,251,14,330,98,0,98,428
10/30/2021,OPF,FL,ASO,ES,Federal Contract Tower,1,50,121,2,174,0,8,82,7,97,1,58,203,9,271,45,0,45,316
10/31/2021,OPF,FL,ASO,ES,Federal Contract Tower,0,59,127,8,194,0,1,82,7,90,0,60,209,15,284,30,32,62,346
11/01/2021,OPF,FL,ASO,ES,Federal Contract Tower,0,51,179,4,234,0,3,139,11,153,0,54,318,15,387,160,16,176,563
11/02/2021,OPF,FL,ASO,ES,Federal Contract Tower,0,52,138,0,190,0,2,62,13,77,0,54,200,13,267,90,0,90,357
11/03/2021,OPF,FL,ASO,ES,Federal Contract Tower,0,60,162,2,224,0,3,117,5,125,0,63,279,7,349,192,25,217,566
11/04/2021,OPF,FL,ASO,ES,Federal Contract Tower,0,64,163,1,228,0,2,116,6,124,0,66,279,7,352,200,0,200,552
11/05/2021,OPF,FL,ASO,ES,Federal Contract Tower,0,49,139,5,193,0,0,16,4,20,0,49,155,9,213,10,29,39,252
11/06/2021,OPF,FL,ASO,ES,Federal Contract Tower,1,43,103,4,151,0,3,40,7,50,1,46,143,11,201,21,0,21,222
11/07/2021,OPF,FL,ASO,ES,Federal Contract Tower,0,79,153,0,232,0,2,96,11,109,0,81,249,11,341,58,3,61,402
11/08/2021,OPF,FL,ASO,ES,Federal Contract Tower,0,74,159,0,233,0,3,112,14,129,0,77,271,14,362,108,7,115,477
11/09/2021,OPF,FL,ASO,ES,Federal Contract Tower,0,71,137,3,211,0,13,100,12,125,0,84,237,15,336,149,0,149,485
11/10/2021,OPF,FL,ASO,ES,Federal Contract Tower,0,80,196,3,279,0,3,126,18,147,0,83,322,21,426,153,14,167,593
11/11/2021,OPF,FL,ASO,ES,Federal Contract Tower,3,55,175,17,250,0,5,121,12,138,3,60,296,29,388,185,0,185,573
11/12/2021,OPF,FL,ASO,ES,Federal Contract Tower,1,71,168,3,243,0,3,85,14,102,1,74,253,17,345,162,0,162,507
11/13/2021,OPF,FL,ASO,ES,Federal Contract Tower,0,42,134,0,176,0,0,111,10,121,0,42,245,10,297,149,0,149,446
11/14/2021,OPF,FL,ASO,ES,Federal Contract Tower,0,76,182,0,258,0,6,104,5,115,0,82,286,5,373,105,0,105,478
11/15/2021,OPF,FL,ASO,ES,Federal Contract Tower,0,64,174,0,238,0,3,115,24,142,0,67,289,24,380,164,0,164,544
11/16/2021,OPF,FL,ASO,ES,Federal Contract Tower,0,67,153,2,222,0,8,163,7,178,0,75,316,9,400,224,0,224,624
11/17/2021,OPF,FL,ASO,ES,Federal Contract Tower,0,64,186,1,251,0,0,120,9,129,0,64,306,10,380,159,7,166,546
11/18/2021,OPF,FL,ASO,ES,Federal Contract Tower,0,70,162,1,233,0,0,61,8,69,0,70,223,9,302,97,28,125,427
11/19/2021,OPF,FL,ASO,ES,Federal Contract Tower,0,85,224,5,314,0,3,63,4,70,0,88,287,9,384,39,16,55,439
11/20/2021,OPF,FL,ASO,ES,Federal Contract Tower,0,76,152,2,230,0,3,33,5,41,0,79,185,7,271,38,0,38,309
11/21/2021,OPF,FL,ASO,ES,Federal Contract Tower,1,70,199,0,270,0,4,59,10,73,1,74,258,10,343,133,8,141,484
11/22/2021,OPF,FL,ASO,ES,Federal Contract Tower,1,65,199,3,268,0,13,65,13,91,1,78,264,16,359,62,0,62,421
11/23/2021,OPF,FL,ASO,ES,Federal Contract Tower,2,95,193,4,294,0,2,121,13,136,2,97,314,17,430,83,0,83,513
11/24/2021,OPF,FL,ASO,ES,Federal Contract Tower,0,102,177,5,284,0,6,138,4,148,0,108,315,9,432,127,12,139,571
11/25/2021,OPF,FL,ASO,ES,Federal Contract Tower,0,31,92,0,123,0,2,68,3,73,0,33,160,3,196,141,0,141,337
11/26/2021,OPF,FL,ASO,ES,Federal Contract Tower,0,42,118,1,161,0,3,110,4,117,0,45,228,5,278,194,0,194,472
11/27/2021,OPF,FL,ASO,ES,Federal Contract Tower,2,68,162,1,233,0,3,109,13,125,2,71,271,14,358,168,4,172,530
11/28/2021,OPF,FL,ASO,ES,Federal Contract Tower,0,128,254,0,382,0,2,100,10,112,0,130,354,10,494,46,10,56,550
11/29/2021,OPF,FL,ASO,ES,Federal Contract Tower,0,127,238,4,369,0,0,100,11,111,0,127,338,15,480,65,27,92,572
11/30/2021,OPF,FL,ASO,ES,Federal Contract Tower,0,111,210,2,323,0,3,120,10,133,0,114,330,12,456,120,2,122,578
12/01/2021,OPF,FL,ASO,ES,Federal Contract Tower,1,117,203,1,322,0,4,129,7,140,1,121,332,8,462,106,0,106,568
12/02/2021,OPF,FL,ASO,ES,Federal Contract Tower,1,114,211,1,327,0,7,126,11,144,1,121,337,12,471,72,0,72,543
12/03/2021,OPF,FL,ASO,ES,Federal Contract Tower,0,112,197,1,310,0,5,155,6,166,0,117,352,7,476,140,8,148,624
12/04/2021,OPF,FL,ASO,ES,Federal Contract Tower,1,73,174,0,248,0,7,108,8,123,1,80,282,8,371,28,4,32,403
12/05/2021,OPF,FL,ASO,ES,Federal Contract Tower,0,115,190,0,305,0,10,95,11,116,0,125,285,11,421,10,10,20,441
12/06/2021,OPF,FL,ASO,ES,Federal Contract Tower,0,95,157,5,257,0,2,67,5,74,0,97,224,10,331,68,0,68,399
12/07/2021,OPF,FL,ASO,ES,Federal Contract Tower,0,81,172,4,257,0,2,145,9,156,0,83,317,13,413,196,12,208,621
12/08/2021,OPF,FL,ASO,ES,Federal Contract Tower,0,80,207,6,293,0,6,137,7,150,0,86,344,13,443,117,2,119,562
12/09/2021,OPF,FL,ASO,ES,Federal Contract Tower,0,66,180,5,251,0,3,162,9,174,0,69,342,14,425,165,0,165,590
12/10/2021,OPF,FL,ASO,ES,Federal Contract Tower,0,61,153,3,217,0,5,141,7,153,0,66,294,10,370,158,0,158,528
12/11/2021,OPF,FL,ASO,ES,Federal Contract Tower,0,55,113,0,168,0,4,116,6,126,0,59,229,6,294,151,4,155,449
12/12/2021,OPF,FL,ASO,ES,Federal Contract Tower,1,79,158,0,238,0,4,111,5,120,1,83,269,5,358,58,0,58,416
12/13/2021,OPF,FL,ASO,ES,Federal Contract Tower,0,53,181,2,236,0,6,140,13,159,0,59,321,15,395,104,23,127,522
12/14/2021,OPF,FL,ASO,ES,Federal Contract Tower,0,65,175,4,244,0,9,161,13,183,0,74,336,17,427,220,0,220,647
12/15/2021,OPF,FL,ASO,ES,Federal Contract Tower,0,93,149,3,245,0,6,109,9,124,0,99,258,12,369,53,0,53,422
12/16/2021,OPF,FL,ASO,ES,Federal Contract Tower,0,102,164,8,274,0,9,151,10,170,0,111,315,18,444,95,0,95,539
12/17/2021,OPF,FL,ASO,ES,Federal Contract Tower,0,93,213,1,307,0,4,125,6,135,0,97,338,7,442,124,0,124,566
12/18/2021,OPF,FL,ASO,ES,Federal Contract Tower,0,82,194,2,278,0,1,100,8,109,0,83,294,10,387,117,0,117,504
12/19/2021,OPF,FL,ASO,ES,Federal Contract Tower,0,74,144,4,222,0,4,67,4,75,0,78,211,8,297,68,8,76,373
12/20/2021,OPF,FL,ASO,ES,Federal Contract Tower,0,70,162,4,236,0,5,85,12,102,0,75,247,16,338,168,0,168,506
12/21/2021,OPF,FL,ASO,ES,Federal Contract Tower,0,66,129,0,195,0,0,43,3,46,0,66,172,3,241,42,0,42,283
12/22/2021,OPF,FL,ASO,ES,Federal Contract Tower,1,96,182,2,281,0,1,134,8,143,1,97,316,10,424,160,0,160,584
12/23/2021,OPF,FL,ASO,ES,Federal Contract Tower,1,77,149,0,227,0,4,118,5,127,1,81,267,5,354,123,1,124,478
12/24/2021,OPF,FL,ASO,ES,Federal Contract Tower,0,60,77,0,137,0,1,63,6,70,0,61,140,6,207,38,2,40,247
12/25/2021,OPF,FL,ASO,ES,Federal Contract Tower,0,44,68,0,112,0,0,40,2,42,0,44,108,2,154,13,0,13,167
12/26/2021,OPF,FL,ASO,ES,Federal Contract Tower,0,107,203,0,310,0,3,92,5,100,0,110,295,5,410,34,0,34,444
12/27/2021,OPF,FL,ASO,ES,Federal Contract Tower,0,116,195,0,311,0,7,102,5,114,0,123,297,5,425,77,0,77,502
12/28/2021,OPF,FL,ASO,ES,Federal Contract Tower,0,102,166,0,268,0,2,89,11,102,0,104,255,11,370,109,0,109,479
12/29/2021,OPF,FL,ASO,ES,Federal Contract Tower,0,93,172,0,265,0,1,109,6,116,0,94,281,6,381,78,6,84,465
12/30/2021,OPF,FL,ASO,ES,Federal Contract Tower,0,95,194,0,289,0,8,91,6,105,0,103,285,6,394,72,0,72,466
12/31/2021,OPF,FL,ASO,ES,Federal Contract Tower,0,52,114,0,166,0,1,55,8,64,0,53,169,8,230,24,0,24,254
01/01/2022,OPF,FL,ASO,ES,Federal Contract Tower,0,106,127,0,233,0,2,73,4,79,0,108,200,4,312,6,0,6,318
01/02/2022,OPF,FL,ASO,ES,Federal Contract Tower,0,121,246,0,367,0,1,66,7,74,0,122,312,7,441,12,0,12,453
01/03/2022,OPF,FL,ASO,ES,Federal Contract Tower,0,114,178,0,292,0,2,82,6,90,0,116,260,6,382,77,0,77,459
01/04/2022,OPF,FL,ASO,ES,Federal Contract Tower,0,97,170,2,269,0,4,106,5,115,0,101,276,7,384,129,0,129,513
01/05/2022,OPF,FL,ASO,ES,Federal Contract Tower,2,88,133,2,225,0,7,100,8,115,2,95,233,10,340,155,5,160,500
01/06/2022,OPF,FL,ASO,ES,Federal Contract Tower,1,70,165,1,237,0,4,110,14,128,1,74,275,15,365,157,8,165,530
01/07/2022,OPF,FL,ASO,ES,Federal Contract Tower,1,58,121,0,180,0,6,99,11,116,1,64,220,11,296,134,0,134,430
01/08/2022,OPF,FL,ASO,ES,Federal Contract Tower,0,89,126,1,216,0,6,74,9,89,0,95,200,10,305,16,0,16,321
01/09/2022,OPF,FL,ASO,ES,Federal Contract Tower,0,99,166,1,266,0,7,31,4,42,0,106,197,5,308,0,0,0,308
01/10/2022,OPF,FL,ASO,ES,Federal Contract Tower,0,83,161,8,252,0,2,85,9,96,0,85,246,17,348,146,2,148,496
01/11/2022,OPF,FL,ASO,ES,Federal Contract Tower,0,68,118,1,187,0,4,98,15,117,0,72,216,16,304,70,22,92,396
01/12/2022,OPF,FL,ASO,ES,Federal Contract Tower,1,69,138,4,212,0,3,103,12,118,1,72,241,16,330,187,40,227,557
01/13/2022,OPF,FL,ASO,ES,Federal Contract Tower,1,81,150,3,235,0,6,104,11,121,1,87,254,14,356,143,0,143,499
01/14/2022,OPF,FL,ASO,ES,Federal Contract Tower,0,109,165,1,275,0,39,68,7,114,0,148,233,8,389,26,0,26,415
01/15/2022,OPF,FL,ASO,ES,Federal Contract Tower,1,55,119,1,176,0,3,109,5,117,1,58,228,6,293,68,0,68,361
01/16/2022,OPF,FL,ASO,ES,Federal Contract Tower,0,42,139,4,185,0,0,24,9,33,0,42,163,13,218,0,16,16,234
01/17/2022,OPF,FL,ASO,ES,Federal Contract Tower,0,88,196,0,284,0,4,104,12,120,0,92,300,12,404,95,0,95,499
01/18/2022,OPF,FL,ASO,ES,Federal Contract Tower,2,78,126,2,208,0,3,148,14,165,2,81,274,16,373,133,0,133,506
01/19/2022,OPF,FL,ASO,ES,Federal Contract Tower,0,57,155,4,216,0,3,119,12,134,0,60,274,16,350,129,0,129,479
01/20/2022,OPF,FL,ASO,ES,Federal Contract Tower,0,78,197,2,277,0,3,104,6,113,0,81,301,8,390,70,16,86,476
01/21/2022,OPF,FL,ASO,ES,Federal Contract Tower,0,75,155,3,233,0,7,133,19,159,0,82,288,22,392,150,6,156,548
01/22/2022,OPF,FL,ASO,ES,Federal Contract Tower,0,52,103,2,157,0,0,62,5,67,0,52,165,7,224,126,8,134,358
01/23/2022,OPF,FL,ASO,ES,Federal Contract Tower,2,85,197,6,290,0,0,37,1,38,2,85,234,7,328,67,0,67,395
01/24/2022,OPF,FL,ASO,ES,Federal Contract Tower,0,66,170,2,238,0,8,124,3,135,0,74,294,5,373,105,26,131,504
01/25/2022,OPF,FL,ASO,ES,Federal Contract Tower,0,62,143,2,207,0,6,128,17,151,0,68,271,19,358,111,11,122,480
01/26/2022,OPF,FL,ASO,ES,Federal Contract Tower,1,66,147,0,214,0,2,97,10,109,1,68,244,10,323,134,4,138,461
01/27/2022,OPF,FL,ASO,ES,Federal Contract Tower,0,100,192,1,293,0,2,110,10,122,0,102,302,11,415,74,0,74,489
01/28/2022,OPF,FL,ASO,ES,Federal Contract Tower,0,108,149,3,260,0,2,46,6,54,0,110,195,9,314,58,0,58,372
01/29/2022,OPF,FL,ASO,ES,Federal Contract Tower,0,59,109,2,170,0,2,39,7,48,0,61,148,9,218,6,17,23,241
01/30/2022,OPF,FL,ASO,ES,Federal Contract Tower,0,75,171,0,246,0,6,125,7,138,0,81,296,7,384,48,0,48,432
01/31/2022,OPF,FL,ASO,ES,Federal Contract Tower,0,92,165,0,257,0,1,132,6,139,0,93,297,6,396,170,0,170,566
02/01/2022,OPF,FL,ASO,ES,Federal Contract Tower,0,68,169,2,239,0,6,103,16,125,0,74,272,18,364,142,3,145,509
02/02/2022,OPF,FL,ASO,ES,Federal Contract Tower,0,72,168,2,242,0,6,115,5,126,0,78,283,7,368,135,4,139,507
02/03/2022,OPF,FL,ASO,ES,Federal Contract Tower,0,80,171,2,253,0,9,131,25,165,0,89,302,27,418,92,18,110,528
02/04/2022,OPF,FL,ASO,ES,Federal Contract Tower,0,80,193,3,276,0,7,106,8,121,0,87,299,11,397,233,0,233,630
02/05/2022,OPF,FL,ASO,ES,Federal Contract Tower,1,43,134,2,180,0,2,107,4,113,1,45,241,6,293,178,20,198,491
02/06/2022,OPF,FL,ASO,ES,Federal Contract Tower,0,102,205,1,308,0,4,70,4,78,0,106,275,5,386,41,10,51,437
02/07/2022,OPF,FL,ASO,ES,Federal Contract Tower,0,82,189,2,273,0,5,105,13,123,0,87,294,15,396,115,0,115,511
02/08/2022,OPF,FL,ASO,ES,Federal Contract Tower,0,63,194,6,263,0,3,112,15,130,0,66,306,21,393,132,0,132,525
02/09/2022,OPF,FL,ASO,ES,Federal Contract Tower,2,102,159,18,281,0,3,25,6,34,2,105,184,24,315,36,0,36,351
02/10/2022,OPF,FL,ASO,ES,Federal Contract Tower,1,107,191,1,300,0,3,162,15,180,1,110,353,16,480,113,12,125,605
02/11/2022,OPF,FL,ASO,ES,Federal Contract Tower,0,105,188,1,294,0,3,119,26,148,0,108,307,27,442,65,10,75,517
02/12/2022,OPF,FL,ASO,ES,Federal Contract Tower,0,52,147,3,202,0,6,135,10,151,0,58,282,13,353,130,5,135,488
02/13/2022,OPF,FL,ASO,ES,Federal Contract Tower,0,69,160,2,231,0,1,32,4,37,0,70,192,6,268,89,6,95,363
02/14/2022,OPF,FL,ASO,ES,Federal Contract Tower,0,77,195,1,273,0,5,126,14,145,0,82,321,15,418,54,10,64,482
02/15/2022,OPF,FL,ASO,ES,Federal Contract Tower,0,68,191,4,263,0,1,99,15,115,0,69,290,19,378,49,0,49,427
02/16/2022,OPF,FL,ASO,ES,Federal Contract Tower,0,89,246,6,341,0,0,64,15,79,0,89,310,21,420,90,6,96,516
02/17/2022,OPF,FL,ASO,ES,Federal Contract Tower,0,108,264,1,373,0,2,90,15,107,0,110,354,16,480,114,21,135,615
02/18/2022,OPF,FL,ASO,ES,Federal Contract Tower,0,122,262,1,385,0,1,137,6,144,0,123,399,7,529,77,2,79,608
02/19/2022,OPF,FL,ASO,ES,Federal Contract Tower,0,100,192,4,296,0,9,54,3,66,0,109,246,7,362,75,0,75,437
02/20/2022,OPF,FL,ASO,ES,Federal Contract Tower,0,95,218,3,316,0,2,69,11,82,0,97,287,14,398,36,0,36,434
02/21/2022,OPF,FL,ASO,ES,Federal Contract Tower,1,132,210,2,345,0,4,151,6,161,1,136,361,8,506,72,12,84,590
02/22/2022,OPF,FL,ASO,ES,Federal Contract Tower,0,91,191,0,282,0,7,112,24,143,0,98,303,24,425,24,5,29,454
02/23/2022,OPF,FL,ASO,ES,Federal Contract Tower,0,105,173,1,279,0,2,158,16,176,0,107,331,17,455,4,5,9,464
02/24/2022,OPF,FL,ASO,ES,Federal Contract Tower,1,103,190,1,295,0,3,133,12,148,1,106,323,13,443,0,0,0,443
02/25/2022,OPF,FL,ASO,ES,Federal Contract Tower,1,96,165,0,262,0,1,147,12,160,1,97,312,12,422,0,2,2,424
02/26/2022,OPF,FL,ASO,ES,Federal Contract Tower,3,73,154,11,241,0,1,138,7,146,3,74,292,18,387,18,0,18,405
02/27/2022,OPF,FL,ASO,ES,Federal Contract Tower,0,107,212,0,319,0,7,91,6,104,0,114,303,6,423,10,0,10,433
02/28/2022,OPF,FL,ASO,ES,Federal Contract Tower,0,83,166,2,251,0,6,155,8,169,0,89,321,10,420,0,0,0,420
03/01/2022,OPF,FL,ASO,ES,Federal Contract Tower,0,70,164,5,239,0,3,112,11,126,0,73,276,16,365,2,0,2,367
03/02/2022,OPF,FL,ASO,ES,Federal Contract Tower,2,92,212,1,307,0,1,117,13,131,2,93,329,14,438,4,0,4,442
03/03/2022,OPF,FL,ASO,ES,Federal Contract Tower,0,93,199,2,294,0,2,166,13,181,0,95,365,15,475,25,0,25,500
03/04/2022,OPF,FL,ASO,ES,Federal Contract Tower,2,88,150,3,243,0,6,124,9,139,2,94,274,12,382,2,0,2,384
03/05/2022,OPF,FL,ASO,ES,Federal Contract Tower,0,78,131,5,214,0,2,47,4,53,0,80,178,9,267,4,0,4,271
03/06/2022,OPF,FL,ASO,ES,Federal Contract Tower,2,97,186,1,286,0,1,84,12,97,2,98,270,13,383,0,0,0,383
03/07/2022,OPF,FL,ASO,ES,Federal Contract Tower,0,70,165,8,243,0,3,107,12,122,0,73,272,20,365,15,10,25,390
03/08/2022,OPF,FL,ASO,ES,Federal Contract Tower,0,75,185,1,261,0,4,138,18,160,0,79,323,19,421,6,2,8,429
03/09/2022,OPF,FL,ASO,ES,Federal Contract Tower,1,75,136,1,213,0,14,134,14,162,1,89,270,15,375,17,2,19,394
03/10/2022,OPF,FL,ASO,ES,Federal Contract Tower,0,76,161,4,241,0,1,55,14,70,0,77,216,18,311,2,0,2,313
03/11/2022,OPF,FL,ASO,ES,Federal Contract Tower,0,100,176,4,280,0,2,131,14,147,0,102,307,18,427,27,0,27,454
03/12/2022,OPF,FL,ASO,ES,Federal Contract Tower,0,90,151,2,243,0,5,52,10,67,0,95,203,12,310,4,0,4,314
03/13/2022,OPF,FL,ASO,ES,Federal Contract Tower,0,106,215,0,321,0,5,90,10,105,0,111,305,10,426,16,0,16,442
03/14/2022,OPF,FL,ASO,ES,Federal Contract Tower,0,89,184,4,277,0,8,80,11,99,0,97,264,15,376,2,3,5,381
03/15/2022,OPF,FL,ASO,ES,Federal Contract Tower,1,91,139,5,236,0,3,29,10,42,1,94,168,15,278,0,0,0,278
03/16/2022,OPF,FL,ASO,ES,Federal Contract Tower,0,78,166,4,248,0,2,113,18,133,0,80,279,22,381,29,0,29,410
03/17/2022,OPF,FL,ASO,ES,Federal Contract Tower,0,79,190,1,270,0,6,87,24,117,0,85,277,25,387,4,0,4,391
03/18/2022,OPF,FL,ASO,ES,Federal Contract Tower,0,110,202,2,314,0,1,186,8,195,0,111,388,10,509,0,0,0,509
03/19/2022,OPF,FL,ASO,ES,Federal Contract Tower,0,86,176,0,262,0,2,136,7,145,0,88,312,7,407,18,0,18,425
03/20/2022,OPF,FL,ASO,ES,Federal Contract Tower,0,88,216,0,304,0,2,74,7,83,0,90,290,7,387,16,0,16,403
03/21/2022,OPF,FL,ASO,ES,Federal Contract Tower,0,72,149,2,223,0,5,98,10,113,0,77,247,12,336,2,0,2,338
03/22/2022,OPF,FL,ASO,ES,Federal Contract Tower,0,56,126,0,182,0,4,155,13,172,0,60,281,13,354,32,0,32,386
03/23/2022,OPF,FL,ASO,ES,Federal Contract Tower,0,82,138,2,222,0,5,133,10,148,0,87,271,12,370,17,0,17,387
03/24/2022,OPF,FL,ASO,ES,Federal Contract Tower,0,96,142,1,239,0,1,85,12,98,0,97,227,13,337,6,2,8,345
03/25/2022,OPF,FL,ASO,ES,Federal Contract Tower,0,76,170,2,248,0,3,141,12,156,0,79,311,14,404,15,0,15,419
03/26/2022,OPF,FL,ASO,ES,Federal Contract Tower,0,80,163,1,244,0,6,148,7,161,0,86,311,8,405,4,0,4,409
03/27/2022,OPF,FL,ASO,ES,Federal Contract Tower,0,106,208,1,315,0,6,90,8,104,0,112,298,9,419,16,0,16,435
03/28/2022,OPF,FL,ASO,ES,Federal Contract Tower,3,74,167,2,246,0,16,127,18,161,3,90,294,20,407,12,0,12,419
03/29/2022,OPF,FL,ASO,ES,Federal Contract Tower,0,61,177,0,238,0,6,172,13,191,0,67,349,13,429,12,0,12,441
03/30/2022,OPF,FL,ASO,ES,Federal Contract Tower,0,75,167,1,243,0,6,119,15,140,0,81,286,16,383,4,0,4,387
03/31/2022,OPF,FL,ASO,ES,Federal Contract Tower,0,78,199,0,277,0,6,88,10,104,0,84,287,10,381,34,0,34,415
04/01/2022,OPF,FL,ASO,ES,Federal Contract Tower,0,72,196,7,275,0,4,140,10,154,0,76,336,17,429,5,18,23,452
04/02/2022,OPF,FL,ASO,ES,Federal Contract Tower,0,67,120,1,188,0,6,89,9,104,0,73,209,10,292,6,0,6,298
04/03/2022,OPF,FL,ASO,ES,Federal Contract Tower,1,87,243,0,331,0,0,99,16,115,1,87,342,16,446,29,0,29,475
04/04/2022,OPF,FL,ASO,ES,Federal Contract Tower,0,66,154,2,222,0,3,86,6,95,0,69,240,8,317,49,0,49,366
04/05/2022,OPF,FL,ASO,ES,Federal Contract Tower,0,61,213,1,275,0,4,140,19,163,0,65,353,20,438,6,0,6,444
04/06/2022,OPF,FL,ASO,ES,Federal Contract Tower,0,60,220,2,282,0,3,156,9,168,0,63,376,11,450,12,2,14,464
04/07/2022,OPF,FL,ASO,ES,Federal Contract Tower,0,86,172,4,262,0,4,119,12,135,0,90,291,16,397,4,0,4,401
04/08/2022,OPF,FL,ASO,ES,Federal Contract Tower,0,89,206,0,295,0,5,158,14,177,0,94,364,14,472,4,0,4,476
04/09/2022,OPF,FL,ASO,ES,Federal Contract Tower,1,59,154,0,214,0,4,105,4,113,1,63,259,4,327,10,0,10,337
04/10/2022,OPF,FL,ASO,ES,Federal Contract Tower,2,66,206,0,274,0,2,86,10,98,2,68,292,10,372,0,0,0,372
04/11/2022,OPF,FL,ASO,ES,Federal Contract Tower,0,71,164,0,235,0,3,111,12,126,0,74,275,12,361,22,4,26,387
04/12/2022,OPF,FL,ASO,ES,Federal Contract Tower,0,51,165,5,221,0,2,149,15,166,0,53,314,20,387,4,0,4,391
04/13/2022,OPF,FL,ASO,ES,Federal Contract Tower,1,114,170,3,288,0,9,178,13,200,1,123,348,16,488,19,0,19,507
04/14/2022,OPF,FL,ASO,ES,Federal Contract Tower,0,130,204,2,336,0,3,138,16,157,0,133,342,18,493,46,0,46,539
04/15/2022,OPF,FL,ASO,ES,Federal Contract Tower,0,84,147,8,239,0,1,97,13,111,0,85,244,21,350,14,8,22,372
04/16/2022,OPF,FL,ASO,ES,Federal Contract Tower,0,67,121,1,189,0,8,95,8,111,0,75,216,9,300,8,0,8,308
04/17/2022,OPF,FL,ASO,ES,Federal Contract Tower,0,71,125,1,197,0,13,76,7,96,0,84,201,8,293,34,0,34,327
04/18/2022,OPF,FL,ASO,ES,Federal Contract Tower,0,81,198,3,282,0,3,115,12,130,0,84,313,15,412,12,0,12,424
04/19/2022,OPF,FL,ASO,ES,Federal Contract Tower,1,79,183,7,270,0,9,146,19,174,1,88,329,26,444,1,0,1,445
04/20/2022,OPF,FL,ASO,ES,Federal Contract Tower,0,92,170,1,263,0,2,157,20,179,0,94,327,21,442,14,0,14,456
04/21/2022,OPF,FL,ASO,ES,Federal Contract Tower,0,86,147,3,236,0,6,111,8,125,0,92,258,11,361,28,0,28,389
04/22/2022,OPF,FL,ASO,ES,Federal Contract Tower,0,83,155,5,243,0,3,100,13,116,0,86,255,18,359,2,0,2,361
04/23/2022,OPF,FL,ASO,ES,Federal Contract Tower,0,73,137,1,211,0,8,100,5,113,0,81,237,6,324,64,0,64,388
04/24/2022,OPF,FL,ASO,ES,Federal Contract Tower,0,99,223,1,323,0,2,88,8,98,0,101,311,9,421,32,14,46,467
04/25/2022,OPF,FL,ASO,ES,Federal Contract Tower,0,83,197,4,284,0,5,142,11,158,0,88,339,15,442,268,0,268,710
04/26/2022,OPF,FL,ASO,ES,Federal Contract Tower,0,58,190,2,250,0,5,154,15,174,0,63,344,17,424,194,0,194,618
04/27/2022,OPF,FL,ASO,ES,Federal Contract Tower,0,63,172,4,239,0,18,177,7,202,0,81,349,11,441,253,0,253,694
04/28/2022,OPF,FL,ASO,ES,Federal Contract Tower,1,73,171,1,246,0,8,99,8,115,1,81,270,9,361,185,0,185,546
04/29/2022,OPF,FL,ASO,ES,Federal Contract Tower,0,46,168,1,215,0,4,117,7,128,0,50,285,8,343,251,4,255,598
04/30/2022,OPF,FL,ASO,ES,Federal Contract Tower,0,39,125,0,164,0,1,68,4,73,0,40,193,4,237,111,0,111,348
05/01/2022,OPF,FL,ASO,ES,Federal Contract Tower,0,59,180,1,240,0,9,71,8,88,0,68,251,9,328,39,0,39,367
05/02/2022,OPF,FL,ASO,ES,Federal Contract Tower,0,40,164,0,204,0,5,111,22,138,0,45,275,22,342,199,0,199,541
05/03/2022,OPF,FL,ASO,ES,Federal Contract Tower,0,61,172,0,233,0,0,137,18,155,0,61,309,18,388,243,32,275,663
05/04/2022,OPF,FL,ASO,ES,Federal Contract Tower,0,86,205,0,291,0,7,112,12,131,0,93,317,12,422,85,0,85,507
05/05/2022,OPF,FL,ASO,ES,Federal Contract Tower,0,134,235,2,371,0,5,76,12,93,0,139,311,14,464,51,0,51,515
05/06/2022,OPF,FL,ASO,ES,Federal Contract Tower,0,111,180,0,291,0,3,92,9,104,0,114,272,9,395,4,0,4,399
05/07/2022,OPF,FL,ASO,ES,Federal Contract Tower,1,71,121,0,193,0,9,59,10,78,1,80,180,10,271,14,0,14,285
05/08/2022,OPF,FL,ASO,ES,Federal Contract Tower,0,153,214,3,370,0,4,67,11,82,0,157,281,14,452,0,0,0,452
05/09/2022,OPF,FL,ASO,ES,Federal Contract Tower,0,145,246,3,394,0,3,79,15,97,0,148,325,18,491,0,0,0,491
05/10/2022,OPF,FL,ASO,ES,Federal Contract Tower,0,61,175,5,241,0,5,129,14,148,0,66,304,19,389,4,0,4,393
05/11/2022,OPF,FL,ASO,ES,Federal Contract Tower,1,51,168,0,220,0,1,152,8,161,1,52,320,8,381,171,1,172,553
05/12/2022,OPF,FL,ASO,ES,Federal Contract Tower,1,59,150,24,234,0,1,110,9,120,1,60,260,33,354,182,0,182,536
05/13/2022,OPF,FL,ASO,ES,Federal Contract Tower,0,69,196,0,265,0,2,152,7,161,0,71,348,7,426,108,0,108,534
05/14/2022,OPF,FL,ASO,ES,Federal Contract Tower,1,40,93,1,135,0,7,294,8,309,1,47,387,9,444,4,0,4,448
05/15/2022,OPF,FL,ASO,ES,Federal Contract Tower,1,70,137,9,217,0,3,75,5,83,1,73,212,14,300,39,0,39,339
05/16/2022,OPF,FL,ASO,ES,Federal Contract Tower,0,67,151,1,219,0,3,112,4,119,0,70,263,5,338,66,0,66,404
05/17/2022,OPF,FL,ASO,ES,Federal Contract Tower,1,54,129,1,185,0,1,148,15,164,1,55,277,16,349,48,0,48,397
05/18/2022,OPF,FL,ASO,ES,Federal Contract Tower,0,53,163,1,217,0,5,146,14,165,0,58,309,15,382,259,0,259,641
05/19/2022,OPF,FL,ASO,ES,Federal Contract Tower,0,74,194,0,268,0,4,147,8,159,0,78,341,8,427,135,0,135,562
05/20/2022,OPF,FL,ASO,ES,Federal Contract Tower,0,53,137,1,191,0,5,105,11,121,0,58,242,12,312,62,0,62,374
05/21/2022,OPF,FL,ASO,ES,Federal Contract Tower,0,42,109,1,152,0,4,71,7,82,0,46,180,8,234,79,0,79,313
05/22/2022,OPF,FL,ASO,ES,Federal Contract Tower,0,51,146,1,198,0,2,82,6,90,0,53,228,7,288,22,0,22,310
05/23/2022,OPF,FL,ASO,ES,Federal Contract Tower,0,54,179,2,235,0,4,118,9,131,0,58,297,11,366,140,0,140,506
05/24/2022,OPF,FL,ASO,ES,Federal Contract Tower,0,56,177,2,235,0,3,144,20,167,0,59,321,22,402,122,0,122,524
05/25/2022,OPF,FL,ASO,ES,Federal Contract Tower,1,59,136,2,198,0,8,146,11,165,1,67,282,13,363,151,0,151,514
05/26/2022,OPF,FL,ASO,ES,Federal Contract Tower,0,59,177,11,247,0,10,140,19,169,0,69,317,30,416,156,0,156,572
05/27/2022,OPF,FL,ASO,ES,Federal Contract Tower,0,51,146,4,201,0,4,161,35,200,0,55,307,39,401,61,0,61,462
05/28/2022,OPF,FL,ASO,ES,Federal Contract Tower,0,28,73,1,102,0,0,76,36,112,0,28,149,37,214,80,0,80,294
05/29/2022,OPF,FL,ASO,ES,Federal Contract Tower,0,26,55,1,82,0,0,62,14,76,0,26,117,15,158,24,0,24,182
05/30/2022,OPF,FL,ASO,ES,Federal Contract Tower,0,63,173,8,244,0,2,111,13,126,0,65,284,21,370,63,10,73,443
05/31/2022,OPF,FL,ASO,ES,Federal Contract Tower,0,58,139,3,200,0,2,102,17,121,0,60,241,20,321,184,0,184,505
06/01/2022,OPF,FL,ASO,ES,Federal Contract Tower,0,46,129,4,179,0,1,98,11,110,0,47,227,15,289,110,0,110,399
06/02/2022,OPF,FL,ASO,ES,Federal Contract Tower,1,44,151,2,198,0,3,121,14,138,1,47,272,16,336,165,0,165,501
06/03/2022,OPF,FL,ASO,ES,Federal Contract Tower,0,48,90,5,143,0,0,6,1,7,0,48,96,6,150,9,0,9,159
06/04/2022,OPF,FL,ASO,ES,Federal Contract Tower,0,20,57,0,77,0,2,20,5,27,0,22,77,5,104,8,0,8,112
06/05/2022,OPF,FL,ASO,ES,Federal Contract Tower,1,60,157,0,218,0,2,82,10,94,1,62,239,10,312,58,0,58,370
06/06/2022,OPF,FL,ASO,ES,Federal Contract Tower,1,47,130,0,178,0,3,117,14,134,1,50,247,14,312,159,0,159,471
06/07/2022,OPF,FL,ASO,ES,Federal Contract Tower,0,47,92,4,143,0,3,96,15,114,0,50,188,19,257,202,22,224,481
06/08/2022,OPF,FL,ASO,ES,Federal Contract Tower,0,53,150,3,206,0,7,153,10,170,0,60,303,13,376,264,7,271,647
06/09/2022,OPF,FL,ASO,ES,Federal Contract Tower,0,42,127,1,170,0,2,103,15,120,0,44,230,16,290,113,0,113,403
06/10/2022,OPF,FL,ASO,ES,Federal Contract Tower,0,46,148,0,194,0,3,124,10,137,0,49,272,10,331,99,16,115,446
06/11/2022,OPF,FL,ASO,ES,Federal Contract Tower,2,37,109,0,148,0,0,105,10,115,2,37,214,10,263,60,6,66,329
06/12/2022,OPF,FL,ASO,ES,Federal Contract Tower,0,43,98,0,141,0,8,93,4,105,0,51,191,4,246,25,0,25,271
06/13/2022,OPF,FL,ASO,ES,Federal Contract Tower,0,51,144,1,196,0,11,133,6,150,0,62,277,7,346,166,4,170,516
06/14/2022,OPF,FL,ASO,ES,Federal Contract Tower,1,32,141,1,175,0,6,170,12,188,1,38,311,13,363,88,0,88,451
06/15/2022,OPF,FL,ASO,ES,Federal Contract Tower,0,46,174,0,220,0,4,162,10,176,0,50,336,10,396,234,2,236,632
06/16/2022,OPF,FL,ASO,ES,Federal Contract Tower,1,51,148,2,202,0,3,171,11,185,1,54,319,13,387,80,0,80,467
06/17/2022,OPF,FL,ASO,ES,Federal Contract Tower,0,48,148,0,196,0,4,154,10,168,0,52,302,10,364,103,0,103,467
06/18/2022,OPF,FL,ASO,ES,Federal Contract Tower,0,30,128,0,158,0,0,118,9,127,0,30,246,9,285,105,0,105,390
06/19/2022,OPF,FL,ASO,ES,Federal Contract Tower,0,25,110,1,136,0,4,67,9,80,0,29,177,10,216,2,0,2,218
06/20/2022,OPF,FL,ASO,ES,Federal Contract Tower,0,42,109,1,152,0,4,112,6,122,0,46,221,7,274,97,0,97,371
06/21/2022,OPF,FL,ASO,ES,Federal Contract Tower,0,44,120,2,166,0,4,130,6,140,0,48,250,8,306,189,0,189,495
06/22/2022,OPF,FL,ASO,ES,Federal Contract Tower,0,57,135,0,192,0,1,169,4,174,0,58,304,4,366,113,0,113,479
06/23/2022,OPF,FL,ASO,ES,Federal Contract Tower,0,44,176,1,221,0,0,142,17,159,0,44,318,18,380,110,0,110,490
06/24/2022,OPF,FL,ASO,ES,Federal Contract Tower,0,42,134,2,178,0,2,150,5,157,0,44,284,7,335,158,0,158,493
06/25/2022,OPF,FL,ASO,ES,Federal Contract Tower,2,29,108,1,140,0,6,114,7,127,2,35,222,8,267,48,0,48,315
06/26/2022,OPF,FL,ASO,ES,Federal Contract Tower,1,26,133,1,161,0,3,49,6,58,1,29,182,7,219,59,0,59,278
06/27/2022,OPF,FL,ASO,ES,Federal Contract Tower,1,38,113,1,153,0,5,85,6,96,1,43,198,7,249,179,0,179,428
06/28/2022,OPF,FL,ASO,ES,Federal Contract Tower,0,31,145,1,177,0,9,157,9,175,0,40,302,10,352,97,0,97,449
06/29/2022,OPF,FL,ASO,ES,Federal Contract Tower,0,45,105,4,154,0,0,100,8,108,0,45,205,12,262,30,0,30,292
06/30/2022,OPF,FL,ASO,ES,Federal Contract Tower,0,57,130,0,187,0,6,111,7,124,0,63,241,7,311,241,0,241,552
07/01/2022,OPF,FL,ASO,ES,Federal Contract Tower,1,43,162,0,206,0,7,164,8,179,1,50,326,8,385,215,7,222,607
07/02/2022,OPF,FL,ASO,ES,Federal Contract Tower,0,30,98,1,129,0,8,99,4,111,0,38,197,5,240,88,0,88,328
07/03/2022,OPF,FL,ASO,ES,Federal Contract Tower,1,23,101,2,127,0,4,78,5,87,1,27,179,7,214,63,0,63,277
07/04/2022,OPF,FL,ASO,ES,Federal Contract Tower,0,22,88,0,110,0,1,90,3,94,0,23,178,3,204,54,0,54,258
07/05/2022,OPF,FL,ASO,ES,Federal Contract Tower,0,61,108,1,170,0,3,124,6,133,0,64,232,7,303,173,1,174,477
07/06/2022,OPF,FL,ASO,ES,Federal Contract Tower,0,39,107,1,147,0,3,117,12,132,0,42,224,13,279,132,0,132,411
07/07/2022,OPF,FL,ASO,ES,Federal Contract Tower,0,26,135,0,161,0,3,130,7,140,0,29,265,7,301,224,0,224,525
07/08/2022,OPF,FL,ASO,ES,Federal Contract Tower,0,37,135,0,172,0,3,127,11,141,0,40,262,11,313,148,0,148,461
07/09/2022,OPF,FL,ASO,ES,Federal Contract Tower,0,28,91,1,120,0,11,77,5,93,0,39,168,6,213,88,0,88,301
07/10/2022,OPF,FL,ASO,ES,Federal Contract Tower,0,33,116,3,152,0,0,76,6,82,0,33,192,9,234,106,0,106,340
07/11/2022,OPF,FL,ASO,ES,Federal Contract Tower,1,27,94,3,125,0,6,94,10,110,1,33,188,13,235,144,2,146,381
07/12/2022,OPF,FL,ASO,ES,Federal Contract Tower,0,29,136,3,168,0,7,125,9,141,0,36,261,12,309,235,0,235,544
07/13/2022,OPF,FL,ASO,ES,Federal Contract Tower,0,37,118,2,157,0,2,125,7,134,0,39,243,9,291,23,0,23,314
07/14/2022,OPF,FL,ASO,ES,Federal Contract Tower,0,31,150,1,182,0,4,127,6,137,0,35,277,7,319,200,0,200,519
07/15/2022,OPF,FL,ASO,ES,Federal Contract Tower,0,37,95,1,133,0,4,92,8,104,0,41,187,9,237,100,5,105,342
07/16/2022,OPF,FL,ASO,ES,Federal Contract Tower,2,22,111,1,136,0,9,73,11,93,2,31,184,12,229,164,0,164,393
07/17/2022,OPF,FL,ASO,ES,Federal Contract Tower,0,35,129,2,166,0,0,55,4,59,0,35,184,6,225,59,0,59,284
07/18/2022,OPF,FL,ASO,ES,Federal Contract Tower,1,48,119,1,169,0,6,114,11,131,1,54,233,12,300,209,0,209,509
07/19/2022,OPF,FL,ASO,ES,Federal Contract Tower,0,34,158,2,194,0,1,136,8,145,0,35,294,10,339,155,0,155,494
07/20/2022,OPF,FL,ASO,ES,Federal Contract Tower,0,42,116,0,158,0,0,155,13,168,0,42,271,13,326,237,5,242,568
07/21/2022,OPF,FL,ASO,ES,Federal Contract Tower,0,35,134,1,170,0,4,142,12,158,0,39,276,13,328,277,2,279,607
07/22/2022,OPF,FL,ASO,ES,Federal Contract Tower,1,46,142,1,190,0,4,120,9,133,1,50,262,10,323,185,0,185,508
07/23/2022,OPF,FL,ASO,ES,Federal Contract Tower,0,24,111,0,135,0,6,106,10,122,0,30,217,10,257,176,0,176,433
07/24/2022,OPF,FL,ASO,ES,Federal Contract Tower,1,31,101,2,135,0,3,96,11,110,1,34,197,13,245,83,0,83,328
07/25/2022,OPF,FL,ASO,ES,Federal Contract Tower,0,44,130,4,178,0,3,109,12,124,0,47,239,16,302,128,0,128,430
07/26/2022,OPF,FL,ASO,ES,Federal Contract Tower,0,27,59,3,89,0,4,66,13,83,0,31,125,16,172,82,6,88,260
07/27/2022,OPF,FL,ASO,ES,Federal Contract Tower,0,34,166,2,202,0,2,143,14,159,0,36,309,16,361,136,0,136,497
07/28/2022,OPF,FL,ASO,ES,Federal Contract Tower,0,40,107,0,147,0,5,121,12,138,0,45,228,12,285,119,0,119,404
07/29/2022,OPF,FL,ASO,ES,Federal Contract Tower,0,40,123,0,163,0,3,154,12,169,0,43,277,12,332,76,0,76,408
07/30/2022,OPF,FL,ASO,ES,Federal Contract Tower,0,40,91,2,133,0,1,93,8,102,0,41,184,10,235,119,0,119,354
07/31/2022,OPF,FL,ASO,ES,Federal Contract Tower,0,30,133,4,167,0,0,89,9,98,0,30,222,13,265,90,0,90,355
08/01/2022,OPF,FL,ASO,ES,Federal Contract Tower,0,35,127,4,166,0,3,116,6,125,0,38,243,10,291,120,17,137,428
08/02/2022,OPF,FL,ASO,ES,Federal Contract Tower,1,28,97,3,129,0,1,127,19,147,1,29,224,22,276,173,2,175,451
08/03/2022,OPF,FL,ASO,ES,Federal Contract Tower,1,32,116,0,149,0,5,120,10,135,1,37,236,10,284,253,0,253,537
08/04/2022,OPF,FL,ASO,ES,Federal Contract Tower,2,37,108,0,147,0,3,124,9,136,2,40,232,9,283,98,4,102,385
08/05/2022,OPF,FL,ASO,ES,Federal Contract Tower,1,40,101,0,142,0,2,139,4,145,1,42,240,4,287,145,0,145,432
08/06/2022,OPF,FL,ASO,ES,Federal Contract Tower,0,32,92,0,124,0,1,79,9,89,0,33,171,9,213,76,6,82,295
08/07/2022,OPF,FL,ASO,ES,Federal Contract Tower,1,38,107,0,146,0,0,80,4,84,1,38,187,4,230,40,0,40,270
08/08/2022,OPF,FL,ASO,ES,Federal Contract Tower,0,41,117,1,159,0,3,100,12,115,0,44,217,13,274,186,0,186,460
08/09/2022,OPF,FL,ASO,ES,Federal Contract Tower,3,23,102,2,130,0,6,107,12,125,3,29,209,14,255,110,0,110,365
08/10/2022,OPF,FL,ASO,ES,Federal Contract Tower,0,30,115,0,145,0,6,125,9,140,0,36,240,9,285,254,0,254,539
08/11/2022,OPF,FL,ASO,ES,Federal Contract Tower,0,37,124,3,164,0,5,149,11,165,0,42,273,14,329,149,0,149,478
08/12/2022,OPF,FL,ASO,ES,Federal Contract Tower,0,62,121,0,183,0,5,129,6,140,0,67,250,6,323,168,0,168,491
08/13/2022,OPF,FL,ASO,ES,Federal Contract Tower,0,29,77,0,106,0,4,78,7,89,0,33,155,7,195,52,44,96,291
08/14/2022,OPF,FL,ASO,ES,Federal Contract Tower,0,43,121,1,165,0,3,67,11,81,0,46,188,12,246,59,16,75,321
08/15/2022,OPF,FL,ASO,ES,Federal Contract Tower,0,44,93,2,139,0,2,98,6,106,0,46,191,8,245,165,0,165,410
08/16/2022,OPF,FL,ASO,ES,Federal Contract Tower,0,49,96,3,148,0,3,113,8,124,0,52,209,11,272,167,0,167,439
08/17/2022,OPF,FL,ASO,ES,Federal Contract Tower,0,52,112,3,167,0,8,90,7,105,0,60,202,10,272,116,0,116,388
08/18/2022,OPF,FL,ASO,ES,Federal Contract Tower,3,53,115,1,172,0,7,115,13,135,3,60,230,14,307,122,0,122,429
08/19/2022,OPF,FL,ASO,ES,Federal Contract Tower,0,54,109,1,164,0,2,129,8,139,0,56,238,9,303,245,0,245,548
08/20/2022,OPF,FL,ASO,ES,Federal Contract Tower,3,31,103,0,137,0,5,110,6,121,3,36,213,6,258,81,8,89,347
08/21/2022,OPF,FL,ASO,ES,Federal Contract Tower,1,49,95,0,145,0,3,93,5,101,1,52,188,5,246,77,0,77,323
08/22/2022,OPF,FL,ASO,ES,Federal Contract Tower,1,48,119,0,168,0,4,110,17,131,1,52,229,17,299,120,0,120,419
08/23/2022,OPF,FL,ASO,ES,Federal Contract Tower,0,37,91,0,128,0,6,95,8,109,0,43,186,8,237,151,0,151,388
08/24/2022,OPF,FL,ASO,ES,Federal Contract Tower,0,50,136,1,187,0,3,139,9,151,0,53,275,10,338,211,5,216,554
08/25/2022,OPF,FL,ASO,ES,Federal Contract Tower,0,64,133,5,202,0,2,130,12,144,0,66,263,17,346,95,8,103,449
08/26/2022,OPF,FL,ASO,ES,Federal Contract Tower,0,41,105,1,147,0,4,110,8,122,0,45,215,9,269,155,8,163,432
08/27/2022,OPF,FL,ASO,ES,Federal Contract Tower,1,31,71,2,105,0,2,55,6,63,1,33,126,8,168,95,0,95,263
08/28/2022,OPF,FL,ASO,ES,Federal Contract Tower,0,40,93,1,134,0,4,55,7,66,0,44,148,8,200,30,0,30,230
08/29/2022,OPF,FL,ASO,ES,Federal Contract Tower,1,47,110,0,158,0,5,100,11,116,1,52,210,11,274,63,0,63,337
08/30/2022,OPF,FL,ASO,ES,Federal Contract Tower,2,37,92,2,133,0,9,104,9,122,2,46,196,11,255,105,0,105,360
08/31/2022,OPF,FL,ASO,ES,Federal Contract Tower,0,45,105,1,151,0,4,80,11,95,0,49,185,12,246,110,0,110,356
09/01/2022,OPF,FL,ASO,ES,Federal Contract Tower,0,52,111,1,164,0,2,114,9,125,0,54,225,10,289,211,2,213,502
09/02/2022,OPF,FL,ASO,ES,Federal Contract Tower,1,54,121,0,176,0,1,122,11,134,1,55,243,11,310,162,0,162,472
09/03/2022,OPF,FL,ASO,ES,Federal Contract Tower,0,40,50,0,90,0,0,60,5,65,0,40,110,5,155,80,8,88,243
09/04/2022,OPF,FL,ASO,ES,Federal Contract Tower,0,25,70,3,98,0,3,85,4,92,0,28,155,7,190,64,1,65,255
09/05/2022,OPF,FL,ASO,ES,Federal Contract Tower,0,66,140,0,206,0,4,125,4,133,0,70,265,4,339,36,0,36,375
09/06/2022,OPF,FL,ASO,ES,Federal Contract Tower,1,49,128,0,178,0,4,105,10,119,1,53,233,10,297,98,0,98,395
09/07/2022,OPF,FL,ASO,ES,Federal Contract Tower,0,47,124,2,173,0,7,136,11,154,0,54,260,13,327,131,2,133,460
09/08/2022,OPF,FL,ASO,ES,Federal Contract Tower,0,36,125,3,164,0,2,93,5,100,0,38,218,8,264,87,0,87,351
09/09/2022,OPF,FL,ASO,ES,Federal Contract Tower,0,47,107,3,157,0,2,94,11,107,0,49,201,14,264,137,0,137,401
09/10/2022,OPF,FL,ASO,ES,Federal Contract Tower,0,32,81,1,114,0,0,65,6,71,0,32,146,7,185,197,0,197,382
09/11/2022,OPF,FL,ASO,ES,Federal Contract Tower,0,60,106,0,166,0,2,78,12,92,0,62,184,12,258,126,10,136,394
09/12/2022,OPF,FL,ASO,ES,Federal Contract Tower,0,41,124,3,168,0,2,118,9,129,0,43,242,12,297,168,18,186,483
09/13/2022,OPF,FL,ASO,ES,Federal Contract Tower,1,47,98,3,149,0,3,81,10,94,1,50,179,13,243,196,26,222,465
09/14/2022,OPF,FL,ASO,ES,Federal Contract Tower,1,52,118,0,171,0,0,76,10,86,1,52,194,10,257,104,0,104,361
09/15/2022,OPF,FL,ASO,ES,Federal Contract Tower,0,43,113,13,169,0,2,96,9,107,0,45,209,22,276,134,0,134,410
09/16/2022,OPF,FL,ASO,ES,Federal Contract Tower,1,47,120,1,169,0,5,76,5,86,1,52,196,6,255,173,0,173,428
09/17/2022,OPF,FL,ASO,ES,Federal Contract Tower,0,32,87,1,120,0,1,57,6,64,0,33,144,7,184,131,0,131,315
09/18/2022,OPF,FL,ASO,ES,Federal Contract Tower,0,45,130,2,177,0,1,110,7,118,0,46,240,9,295,135,0,135,430
09/19/2022,OPF,FL,ASO,ES,Federal Contract Tower,1,49,123,3,176,0,5,99,9,113,1,54,222,12,289,137,8,145,434
09/20/2022,OPF,FL,ASO,ES,Federal Contract Tower,0,45,130,1,176,0,6,116,19,141,0,51,246,20,317,127,6,133,450
09/21/2022,OPF,FL,ASO,ES,Federal Contract Tower,0,35,123,1,159,0,3,101,21,125,0,38,224,22,284,147,5,152,436
09/22/2022,OPF,FL,ASO,ES,Federal Contract Tower,0,52,141,4,197,0,0,121,23,144,0,52,262,27,341,198,0,198,539
09/23/2022,OPF,FL,ASO,ES,Federal Contract Tower,1,56,146,4,207,0,2,125,6,133,1,58,271,10,340,173,25,198,538
09/24/2022,OPF,FL,ASO,ES,Federal Contract Tower,0,30,100,3,133,0,0,88,5,93,0,30,188,8,226,96,0,96,322
09/25/2022,OPF,FL,ASO,ES,Federal Contract Tower,0,43,132,3,178,0,9,83,14,106,0,52,215,17,284,56,4,60,344
09/26/2022,OPF,FL,ASO,ES,Federal Contract Tower,0,33,135,16,184,0,0,72,41,113,0,33,207,57,297,87,0,87,384
09/27/2022,OPF,FL,ASO,ES,Federal Contract Tower,0,18,53,12,83,0,0,1,6,7,0,18,54,18,90,0,0,0,90
09/28/2022,OPF,FL,ASO,ES,Federal Contract Tower,0,5,5,0,10,0,0,1,2,3,0,5,6,2,13,0,0,0,13
09/29/2022,OPF,FL,ASO,ES,Federal Contract Tower,0,28,70,3,101,0,3,44,29,76,0,31,114,32,177,15,0,15,192
09/30/2022,OPF,FL,ASO,ES,Federal Contract Tower,2,41,120,4,167,0,14,98,20,132,2,55,218,24,299,119,0,119,418
10/01/2022,OPF,FL,ASO,ES,Federal Contract Tower,1,39,94,2,136,0,6,82,8,96,1,45,176,10,232,87,0,87,319
10/02/2022,OPF,FL,ASO,ES,Federal Contract Tower,0,38,121,2,161,0,3,74,6,83,0,41,195,8,244,89,0,89,333
10/03/2022,OPF,FL,ASO,ES,Federal Contract Tower,0,50,147,2,199,0,1,151,3,155,0,51,298,5,354,147,0,147,501
10/04/2022,OPF,FL,ASO,ES,Federal Contract Tower,0,33,119,12,164,0,6,157,29,192,0,39,276,41,356,219,22,241,597
10/05/2022,OPF,FL,ASO,ES,Federal Contract Tower,0,46,132,3,181,0,2,112,6,120,0,48,244,9,301,177,0,177,478
10/06/2022,OPF,FL,ASO,ES,Federal Contract Tower,0,58,164,1,223,0,3,126,11,140,0,61,290,12,363,80,20,100,463
10/07/2022,OPF,FL,ASO,ES,Federal Contract Tower,0,81,177,3,261,0,11,117,4,132,0,92,294,7,393,137,0,137,530
10/08/2022,OPF,FL,ASO,ES,Federal Contract Tower,1,34,112,1,148,0,2,80,8,90,1,36,192,9,238,78,28,106,344
10/09/2022,OPF,FL,ASO,ES,Federal Contract Tower,0,51,120,2,173,0,1,31,3,35,0,52,151,5,208,6,0,6,214
10/10/2022,OPF,FL,ASO,ES,Federal Contract Tower,0,55,131,0,186,0,5,124,6,135,0,60,255,6,321,203,0,203,524
10/11/2022,OPF,FL,ASO,ES,Federal Contract Tower,0,70,142,3,215,0,4,103,13,120,0,74,245,16,335,218,16,234,569
10/12/2022,OPF,FL,ASO,ES,Federal Contract Tower,0,46,132,0,178,0,1,93,8,102,0,47,225,8,280,117,0,117,397
10/13/2022,OPF,FL,ASO,ES,Federal Contract Tower,1,56,131,2,190,0,1,78,10,89,1,57,209,12,279,80,3,83,362
10/14/2022,OPF,FL,ASO,ES,Federal Contract Tower,0,76,134,1,211,0,4,88,14,106,0,80,222,15,317,137,0,137,454
10/15/2022,OPF,FL,ASO,ES,Federal Contract Tower,0,52,91,0,143,0,0,64,10,74,0,52,155,10,217,114,0,114,331
10/16/2022,OPF,FL,ASO,ES,Federal Contract Tower,0,45,124,1,170,0,10,94,9,113,0,55,218,10,283,101,6,107,390
10/17/2022,OPF,FL,ASO,ES,Federal Contract Tower,1,60,158,2,221,0,3,100,16,119,1,63,258,18,340,235,14,249,589
10/18/2022,OPF,FL,ASO,ES,Federal Contract Tower,0,77,165,1,243,0,5,152,16,173,0,82,317,17,416,192,0,192,608
10/19/2022,OPF,FL,ASO,ES,Federal Contract Tower,0,50,145,3,198,0,2,84,11,97,0,52,229,14,295,90,16,106,401
10/20/2022,OPF,FL,ASO,ES,Federal Contract Tower,0,66,160,3,229,0,3,142,15,160,0,69,302,18,389,163,7,170,559
10/21/2022,OPF,FL,ASO,ES,Federal Contract Tower,1,63,171,2,237,0,0,116,9,125,1,63,287,11,362,128,12,140,502
10/22/2022,OPF,FL,ASO,ES,Federal Contract Tower,0,42,107,0,149,0,7,112,3,122,0,49,219,3,271,149,0,149,420
10/23/2022,OPF,FL,ASO,ES,Federal Contract Tower,0,67,148,0,215,0,6,96,4,106,0,73,244,4,321,89,0,89,410
10/24/2022,OPF,FL,ASO,ES,Federal Contract Tower,0,68,164,1,233,0,4,152,10,166,0,72,316,11,399,211,0,211,610
10/25/2022,OPF,FL,ASO,ES,Federal Contract Tower,0,56,155,5,216,0,8,215,20,243,0,64,370,25,459,156,4,160,619
10/26/2022,OPF,FL,ASO,ES,Federal Contract Tower,0,52,136,1,189,0,1,155,13,169,0,53,291,14,358,224,0,224,582
10/27/2022,OPF,FL,ASO,ES,Federal Contract Tower,0,51,146,0,197,0,2,154,13,169,0,53,300,13,366,288,0,288,654
10/28/2022,OPF,FL,ASO,ES,Federal Contract Tower,0,54,129,13,196,0,3,134,9,146,0,57,263,22,342,237,0,237,579
10/29/2022,OPF,FL,ASO,ES,Federal Contract Tower,0,39,96,0,135,0,8,105,7,120,0,47,201,7,255,151,0,151,406
10/30/2022,OPF,FL,ASO,ES,Federal Contract Tower,0,53,117,2,172,0,2,89,8,99,0,55,206,10,271,50,0,50,321
10/31/2022,OPF,FL,ASO,ES,Federal Contract Tower,0,61,138,0,199,0,3,81,10,94,0,64,219,10,293,136,22,158,451
11/01/2022,OPF,FL,ASO,ES,Federal Contract Tower,0,49,86,1,136,0,9,58,14,81,0,58,144,15,217,74,0,74,291
11/02/2022,OPF,FL,ASO,ES,Federal Contract Tower,0,70,156,4,230,0,2,122,9,133,0,72,278,13,363,227,0,227,590
11/03/2022,OPF,FL,ASO,ES,Federal Contract Tower,0,69,162,2,233,0,4,144,12,160,0,73,306,14,393,150,8,158,551
11/04/2022,OPF,FL,ASO,ES,Federal Contract Tower,1,52,130,1,184,0,3,114,9,126,1,55,244,10,310,181,0,181,491
11/05/2022,OPF,FL,ASO,ES,Federal Contract Tower,0,36,101,0,137,0,3,107,5,115,0,39,208,5,252,78,2,80,332
11/06/2022,OPF,FL,ASO,ES,Federal Contract Tower,1,82,170,0,253,0,8,44,8,60,1,90,214,8,313,57,0,57,370
11/07/2022,OPF,FL,ASO,ES,Federal Contract Tower,0,64,112,5,181,0,0,68,11,79,0,64,180,16,260,95,0,95,355
11/08/2022,OPF,FL,ASO,ES,Federal Contract Tower,1,59,116,2,178,0,0,54,4,58,1,59,170,6,236,28,0,28,264
11/09/2022,OPF,FL,ASO,ES,Federal Contract Tower,0,36,69,7,112,0,0,2,0,2,0,36,71,7,114,0,0,0,114
11/10/2022,OPF,FL,ASO,ES,Federal Contract Tower,0,43,77,2,122,0,1,32,12,45,0,44,109,14,167,12,0,12,179
11/11/2022,OPF,FL,ASO,ES,Federal Contract Tower,0,76,136,0,212,0,1,98,12,111,0,77,234,12,323,171,10,181,504
11/12/2022,OPF,FL,ASO,ES,Federal Contract Tower,1,47,113,1,162,0,32,70,8,110,1,79,183,9,272,136,0,136,408
11/13/2022,OPF,FL,ASO,ES,Federal Contract Tower,1,71,134,0,206,0,1,56,10,67,1,72,190,10,273,51,0,51,324
11/14/2022,OPF,FL,ASO,ES,Federal Contract Tower,0,50,160,0,210,0,3,98,25,126,0,53,258,25,336,176,1,177,513
11/15/2022,OPF,FL,ASO,ES,Federal Contract Tower,0,56,152,1,209,0,6,144,12,162,0,62,296,13,371,152,22,174,545
11/16/2022,OPF,FL,ASO,ES,Federal Contract Tower,0,56,175,4,235,0,2,117,15,134,0,58,292,19,369,226,0,226,595
11/17/2022,OPF,FL,ASO,ES,Federal Contract Tower,1,76,173,3,253,0,2,74,15,91,1,78,247,18,344,87,0,87,431
11/18/2022,OPF,FL,ASO,ES,Federal Contract Tower,0,76,160,3,239,0,4,138,12,154,0,80,298,15,393,111,24,135,528
11/19/2022,OPF,FL,ASO,ES,Federal Contract Tower,2,64,127,1,194,0,3,112,5,120,2,67,239,6,314,211,0,211,525
11/20/2022,OPF,FL,ASO,ES,Federal Contract Tower,0,80,126,4,210,0,1,2,0,3,0,81,128,4,213,0,0,0,213
11/21/2022,OPF,FL,ASO,ES,Federal Contract Tower,0,72,111,2,185,0,2,44,11,57,0,74,155,13,242,17,36,53,295
11/22/2022,OPF,FL,ASO,ES,Federal Contract Tower,1,90,174,0,265,0,7,110,15,132,1,97,284,15,397,235,4,239,636
11/23/2022,OPF,FL,ASO,ES,Federal Contract Tower,0,70,166,0,236,0,1,106,7,114,0,71,272,7,350,47,0,47,397
11/24/2022,OPF,FL,ASO,ES,Federal Contract Tower,0,28,45,0,73,0,2,46,0,48,0,30,91,0,121,42,0,42,163
11/25/2022,OPF,FL,ASO,ES,Federal Contract Tower,0,47,136,3,186,0,0,70,11,81,0,47,206,14,267,115,0,115,382
11/26/2022,OPF,FL,ASO,ES,Federal Contract Tower,0,85,134,2,221,0,3,125,7,135,0,88,259,9,356,52,0,52,408
11/27/2022,OPF,FL,ASO,ES,Federal Contract Tower,0,95,208,0,303,0,0,92,9,101,0,95,300,9,404,47,12,59,463
11/28/2022,OPF,FL,ASO,ES,Federal Contract Tower,0,135,194,4,333,0,0,145,12,157,0,135,339,16,490,76,0,76,566
11/29/2022,OPF,FL,ASO,ES,Federal Contract Tower,1,116,161,1,279,0,2,139,10,151,1,118,300,11,430,162,9,171,601
11/30/2022,OPF,FL,ASO,ES,Federal Contract Tower,1,92,167,4,264,0,3,112,18,133,1,95,279,22,397,234,4,238,635
12/01/2022,OPF,FL,ASO,ES,Federal Contract Tower,0,100,175,1,276,0,3,87,2,92,0,103,262,3,368,34,0,34,402
12/02/2022,OPF,FL,ASO,ES,Federal Contract Tower,3,85,145,5,238,0,5,104,17,126,3,90,249,22,364,64,0,64,428
12/03/2022,OPF,FL,ASO,ES,Federal Contract Tower,5,86,137,1,229,0,4,101,11,116,5,90,238,12,345,126,0,126,471
12/04/2022,OPF,FL,ASO,ES,Federal Contract Tower,1,132,171,2,306,0,1,77,13,91,1,133,248,15,397,30,0,30,427
12/05/2022,OPF,FL,ASO,ES,Federal Contract Tower,1,80,156,4,241,0,4,143,14,161,1,84,299,18,402,169,17,186,588
12/06/2022,OPF,FL,ASO,ES,Federal Contract Tower,0,54,152,1,207,0,1,178,12,191,0,55,330,13,398,33,0,33,431
12/07/2022,OPF,FL,ASO,ES,Federal Contract Tower,0,55,146,1,202,0,0,149,20,169,0,55,295,21,371,365,19,384,755
12/08/2022,OPF,FL,ASO,ES,Federal Contract Tower,0,64,144,2,210,0,2,128,18,148,0,66,272,20,358,330,6,336,694
12/09/2022,OPF,FL,ASO,ES,Federal Contract Tower,1,60,170,2,233,0,2,123,8,133,1,62,293,10,366,196,0,196,562
12/10/2022,OPF,FL,ASO,ES,Federal Contract Tower,1,38,115,0,154,0,6,119,9,134,1,44,234,9,288,175,10,185,473
12/11/2022,OPF,FL,ASO,ES,Federal Contract Tower,0,62,133,0,195,0,5,74,27,106,0,67,207,27,301,110,0,110,411
12/12/2022,OPF,FL,ASO,ES,Federal Contract Tower,0,63,138,7,208,0,5,111,5,121,0,68,249,12,329,136,19,155,484
12/13/2022,OPF,FL,ASO,ES,Federal Contract Tower,0,57,122,4,183,0,7,135,12,154,0,64,257,16,337,230,0,230,567
12/14/2022,OPF,FL,ASO,ES,Federal Contract Tower,0,63,148,3,214,0,1,147,12,160,0,64,295,15,374,225,2,227,601
12/15/2022,OPF,FL,ASO,ES,Federal Contract Tower,1,70,158,1,230,0,6,105,21,132,1,76,263,22,362,66,6,72,434
12/16/2022,OPF,FL,ASO,ES,Federal Contract Tower,0,87,170,0,257,0,7,60,5,72,0,94,230,5,329,95,0,95,424
12/17/2022,OPF,FL,ASO,ES,Federal Contract Tower,0,83,145,3,231,0,0,50,5,55,0,83,195,8,286,28,0,28,314
12/18/2022,OPF,FL,ASO,ES,Federal Contract Tower,0,77,156,2,235,0,4,54,6,64,0,81,210,8,299,29,0,29,328
12/19/2022,OPF,FL,ASO,ES,Federal Contract Tower,1,80,160,4,245,0,5,120,7,132,1,85,280,11,377,153,0,153,530
12/20/2022,OPF,FL,ASO,ES,Federal Contract Tower,1,79,143,0,223,0,2,118,3,123,1,81,261,3,346,164,0,164,510
12/21/2022,OPF,FL,ASO,ES,Federal Contract Tower,5,84,162,0,251,0,3,118,6,127,5,87,280,6,378,191,0,191,569
12/22/2022,OPF,FL,ASO,ES,Federal Contract Tower,0,91,167,0,258,0,5,101,11,117,0,96,268,11,375,136,0,136,511
12/23/2022,OPF,FL,ASO,ES,Federal Contract Tower,3,76,110,0,189,0,3,56,8,67,3,79,166,8,256,57,0,57,313
12/24/2022,OPF,FL,ASO,ES,Federal Contract Tower,2,50,70,1,123,0,2,47,4,53,2,52,117,5,176,34,0,34,210
12/25/2022,OPF,FL,ASO,ES,Federal Contract Tower,0,70,55,0,125,0,0,8,3,11,0,70,63,3,136,0,0,0,136
12/26/2022,OPF,FL,ASO,ES,Federal Contract Tower,0,84,219,0,303,0,0,40,5,45,0,84,259,5,348,66,0,66,414
12/27/2022,OPF,FL,ASO,ES,Federal Contract Tower,0,113,197,2,312,0,2,62,2,66,0,115,259,4,378,55,0,55,433
12/28/2022,OPF,FL,ASO,ES,Federal Contract Tower,1,101,179,2,283,0,4,124,4,132,1,105,303,6,415,115,18,133,548
12/29/2022,OPF,FL,ASO,ES,Federal Contract Tower,0,90,167,0,257,0,2,93,6,101,0,92,260,6,358,168,0,168,526
12/30/2022,OPF,FL,ASO,ES,Federal Contract Tower,0,95,169,0,264,0,3,95,13,111,0,98,264,13,375,98,0,98,473
12/31/2022,OPF,FL,ASO,ES,Federal Contract Tower,0,55,122,0,177,0,1,49,3,53,0,56,171,3,230,60,0,60,290
01/01/2023,OPF,FL,ASO,ES,Federal Contract Tower,0,98,115,0,213,0,0,48,4,52,0,98,163,4,265,0,0,0,265
01/02/2023,OPF,FL,ASO,ES,Federal Contract Tower,0,135,235,0,370,0,2,119,7,128,0,137,354,7,498,80,7,87,585
01/03/2023,OPF,FL,ASO,ES,Federal Contract Tower,0,110,188,0,298,0,3,120,5,128,0,113,308,5,426,16,0,16,442
01/04/2023,OPF,FL,ASO,ES,Federal Contract Tower,1,72,178,0,251,0,6,96,3,105,1,78,274,3,356,105,21,126,482
01/05/2023,OPF,FL,ASO,ES,Federal Contract Tower,0,76,178,0,254,0,6,166,7,179,0,82,344,7,433,161,0,161,594
01/06/2023,OPF,FL,ASO,ES,Federal Contract Tower,1,65,183,3,252,0,5,149,9,163,1,70,332,12,415,209,0,209,624
01/07/2023,OPF,FL,ASO,ES,Federal Contract Tower,1,85,143,1,230,0,12,78,8,98,1,97,221,9,328,185,0,185,513
01/08/2023,OPF,FL,ASO,ES,Federal Contract Tower,0,99,170,0,269,0,6,93,10,109,0,105,263,10,378,83,0,83,461
01/09/2023,OPF,FL,ASO,ES,Federal Contract Tower,1,77,180,0,258,0,2,137,10,149,1,79,317,10,407,170,0,170,577
01/10/2023,OPF,FL,ASO,ES,Federal Contract Tower,0,62,135,1,198,0,2,130,13,145,0,64,265,14,343,261,0,261,604
01/11/2023,OPF,FL,ASO,ES,Federal Contract Tower,0,75,140,2,217,0,3,141,16,160,0,78,281,18,377,195,37,232,609
01/12/2023,OPF,FL,ASO,ES,Federal Contract Tower,0,103,171,1,275,0,6,166,18,190,0,109,337,19,465,259,0,259,724
01/13/2023,OPF,FL,ASO,ES,Federal Contract Tower,0,84,171,0,255,0,3,96,11,110,0,87,267,11,365,23,0,23,388
01/14/2023,OPF,FL,ASO,ES,Federal Contract Tower,0,47,100,2,149,0,6,63,7,76,0,53,163,9,225,80,2,82,307
01/15/2023,OPF,FL,ASO,ES,Federal Contract Tower,0,65,150,0,215,0,0,100,14,114,0,65,250,14,329,63,0,63,392
01/16/2023,OPF,FL,ASO,ES,Federal Contract Tower,2,92,198,4,296,0,7,180,6,193,2,99,378,10,489,204,0,204,693
01/17/2023,OPF,FL,ASO,ES,Federal Contract Tower,0,62,137,1,200,0,1,126,26,153,0,63,263,27,353,244,0,244,597
01/18/2023,OPF,FL,ASO,ES,Federal Contract Tower,4,60,148,5,217,0,0,107,14,121,4,60,255,19,338,266,0,266,604
01/19/2023,OPF,FL,ASO,ES,Federal Contract Tower,2,65,177,2,246,0,2,130,17,149,2,67,307,19,395,228,0,228,623
01/20/2023,OPF,FL,ASO,ES,Federal Contract Tower,1,89,148,3,241,0,3,134,12,149,1,92,282,15,390,180,2,182,572
01/21/2023,OPF,FL,ASO,ES,Federal Contract Tower,0,55,132,2,189,0,4,109,8,121,0,59,241,10,310,109,19,128,438
01/22/2023,OPF,FL,ASO,ES,Federal Contract Tower,0,70,137,3,210,0,0,81,15,96,0,70,218,18,306,24,32,56,362
01/23/2023,OPF,FL,ASO,ES,Federal Contract Tower,1,74,157,6,238,0,8,108,18,134,1,82,265,24,372,108,15,123,495
01/24/2023,OPF,FL,ASO,ES,Federal Contract Tower,2,82,166,3,253,0,5,113,21,139,2,87,279,24,392,225,0,225,617
01/25/2023,OPF,FL,ASO,ES,Federal Contract Tower,2,107,148,1,258,0,0,123,13,136,2,107,271,14,394,126,13,139,533
01/26/2023,OPF,FL,ASO,ES,Federal Contract Tower,0,87,172,3,262,0,6,127,14,147,0,93,299,17,409,201,19,220,629
01/27/2023,OPF,FL,ASO,ES,Federal Contract Tower,2,68,192,5,267,0,2,122,16,140,2,70,314,21,407,177,0,177,584
01/28/2023,OPF,FL,ASO,ES,Federal Contract Tower,1,48,127,3,179,0,3,81,12,96,1,51,208,15,275,116,12,128,403
01/29/2023,OPF,FL,ASO,ES,Federal Contract Tower,0,114,173,7,294,0,1,76,8,85,0,115,249,15,379,47,0,47,426
01/30/2023,OPF,FL,ASO,ES,Federal Contract Tower,1,70,137,2,210,0,3,137,8,148,1,73,274,10,358,153,30,183,541
01/31/2023,OPF,FL,ASO,ES,Federal Contract Tower,0,72,139,4,215,0,4,128,16,148,0,76,267,20,363,187,29,216,579
02/01/2023,OPF,FL,ASO,ES,Federal Contract Tower,2,68,169,0,239,0,7,126,11,144,2,75,295,11,383,232,0,232,615
02/02/2023,OPF,FL,ASO,ES,Federal Contract Tower,2,84,157,4,247,0,2,131,14,147,2,86,288,18,394,141,23,164,558
02/03/2023,OPF,FL,ASO,ES,Federal Contract Tower,3,66,156,1,226,0,4,126,12,142,3,70,282,13,368,267,23,290,658
02/04/2023,OPF,FL,ASO,ES,Federal Contract Tower,1,59,94,1,155,0,0,17,4,21,1,59,111,5,176,10,20,30,206
02/05/2023,OPF,FL,ASO,ES,Federal Contract Tower,1,98,156,0,255,0,0,39,3,42,1,98,195,3,297,8,0,8,305
02/06/2023,OPF,FL,ASO,ES,Federal Contract Tower,0,81,143,2,226,0,2,102,21,125,0,83,245,23,351,240,5,245,596
02/07/2023,OPF,FL,ASO,ES,Federal Contract Tower,3,76,151,4,234,0,3,137,19,159,3,79,288,23,393,223,35,258,651
02/08/2023,OPF,FL,ASO,ES,Federal Contract Tower,1,89,176,0,266,0,2,119,19,140,1,91,295,19,406,161,0,161,567
02/09/2023,OPF,FL,ASO,ES,Federal Contract Tower,1,99,166,2,268,0,3,131,13,147,1,102,297,15,415,133,0,133,548
02/10/2023,OPF,FL,ASO,ES,Federal Contract Tower,1,91,178,1,271,0,2,121,14,137,1,93,299,15,408,131,0,131,539
02/11/2023,OPF,FL,ASO,ES,Federal Contract Tower,1,45,91,0,137,0,4,105,11,120,1,49,196,11,257,60,0,60,317
02/12/2023,OPF,FL,ASO,ES,Federal Contract Tower,0,74,112,2,188,0,3,44,18,65,0,77,156,20,253,41,8,49,302
02/13/2023,OPF,FL,ASO,ES,Federal Contract Tower,2,91,157,1,251,0,0,117,18,135,2,91,274,19,386,141,0,141,527
02/14/2023,OPF,FL,ASO,ES,Federal Contract Tower,3,63,135,1,202,0,5,127,11,143,3,68,262,12,345,183,0,183,528
02/15/2023,OPF,FL,ASO,ES,Federal Contract Tower,1,80,241,0,322,0,2,116,27,145,1,82,357,27,467,246,4,250,717
02/16/2023,OPF,FL,ASO,ES,Federal Contract Tower,0,85,218,2,305,0,4,126,10,140,0,89,344,12,445,178,0,178,623
02/17/2023,OPF,FL,ASO,ES,Federal Contract Tower,1,98,254,1,354,0,2,117,22,141,1,100,371,23,495,140,2,142,637
02/18/2023,OPF,FL,ASO,ES,Federal Contract Tower,0,72,195,7,274,0,6,88,16,110,0,78,283,23,384,59,24,83,467
02/19/2023,OPF,FL,ASO,ES,Federal Contract Tower,0,81,169,0,250,0,1,99,12,112,0,82,268,12,362,141,19,160,522
02/20/2023,OPF,FL,ASO,ES,Federal Contract Tower,0,121,199,1,321,0,6,119,15,140,0,127,318,16,461,185,0,185,646
02/21/2023,OPF,FL,ASO,ES,Federal Contract Tower,0,96,205,3,304,0,3,159,19,181,0,99,364,22,485,249,0,249,734
02/22/2023,OPF,FL,ASO,ES,Federal Contract Tower,2,78,180,2,262,0,4,132,14,150,2,82,312,16,412,251,22,273,685
02/23/2023,OPF,FL,ASO,ES,Federal Contract Tower,2,82,189,1,274,0,1,144,16,161,2,83,333,17,435,155,0,155,590
02/24/2023,OPF,FL,ASO,ES,Federal Contract Tower,2,67,185,0,254,0,3,169,25,197,2,70,354,25,451,266,2,268,719
02/25/2023,OPF,FL,ASO,ES,Federal Contract Tower,0,67,147,0,214,0,4,116,10,130,0,71,263,10,344,162,0,162,506
02/26/2023,OPF,FL,ASO,ES,Federal Contract Tower,3,94,222,0,319,0,1,86,17,104,3,95,308,17,423,56,0,56,479
02/27/2023,OPF,FL,ASO,ES,Federal Contract Tower,0,66,152,0,218,0,6,130,12,148,0,72,282,12,366,176,4,180,546
02/28/2023,OPF,FL,ASO,ES,Federal Contract Tower,0,84,154,0,238,0,0,160,14,174,0,84,314,14,412,272,18,290,702
03/01/2023,OPF,FL,ASO,ES,Federal Contract Tower,0,81,168,1,250,0,8,129,13,150,0,89,297,14,400,195,8,203,603
03/02/2023,OPF,FL,ASO,ES,Federal Contract Tower,0,79,153,2,234,0,2,139,13,154,0,81,292,15,388,123,40,163,551
03/03/2023,OPF,FL,ASO,ES,Federal Contract Tower,2,80,152,2,236,0,3,93,10,106,2,83,245,12,342,49,6,55,397
03/04/2023,OPF,FL,ASO,ES,Federal Contract Tower,1,72,134,0,207,0,3,109,24,136,1,75,243,24,343,91,0,91,434
03/05/2023,OPF,FL,ASO,ES,Federal Contract Tower,1,92,177,0,270,0,6,88,5,99,1,98,265,5,369,111,0,111,480
03/06/2023,OPF,FL,ASO,ES,Federal Contract Tower,0,80,173,1,254,0,7,131,12,150,0,87,304,13,404,243,4,247,651
03/07/2023,OPF,FL,ASO,ES,Federal Contract Tower,0,83,152,1,236,0,5,126,9,140,0,88,278,10,376,268,14,282,658
03/08/2023,OPF,FL,ASO,ES,Federal Contract Tower,0,78,178,5,261,0,6,161,9,176,0,84,339,14,437,174,0,174,611
03/09/2023,OPF,FL,ASO,ES,Federal Contract Tower,0,87,173,1,261,0,2,128,11,141,0,89,301,12,402,192,2,194,596
03/10/2023,OPF,FL,ASO,ES,Federal Contract Tower,0,83,191,4,278,0,2,151,11,164,0,85,342,15,442,189,2,191,633
03/11/2023,OPF,FL,ASO,ES,Federal Contract Tower,0,76,159,2,237,0,2,111,6,119,0,78,270,8,356,140,28,168,524
03/12/2023,OPF,FL,ASO,ES,Federal Contract Tower,0,82,184,2,268,0,3,102,6,111,0,85,286,8,379,134,0,134,513
03/13/2023,OPF,FL,ASO,ES,Federal Contract Tower,0,78,166,0,244,0,5,106,13,124,0,83,272,13,368,135,6,141,509
03/14/2023,OPF,FL,ASO,ES,Federal Contract Tower,0,79,156,1,236,0,2,89,12,103,0,81,245,13,339,230,4,234,573
03/15/2023,OPF,FL,ASO,ES,Federal Contract Tower,0,96,160,2,258,0,1,87,11,99,0,97,247,13,357,148,0,148,505
03/16/2023,OPF,FL,ASO,ES,Federal Contract Tower,0,94,191,2,287,0,4,157,24,185,0,98,348,26,472,120,0,120,592
03/17/2023,OPF,FL,ASO,ES,Federal Contract Tower,0,85,171,5,261,0,3,161,11,175,0,88,332,16,436,196,26,222,658
03/18/2023,OPF,FL,ASO,ES,Federal Contract Tower,0,78,164,0,242,0,7,120,11,138,0,85,284,11,380,42,0,42,422
03/19/2023,OPF,FL,ASO,ES,Federal Contract Tower,1,101,171,6,279,0,0,34,10,44,1,101,205,16,323,41,0,41,364
03/20/2023,OPF,FL,ASO,ES,Federal Contract Tower,0,59,166,0,225,0,9,105,14,128,0,68,271,14,353,174,6,180,533
03/21/2023,OPF,FL,ASO,ES,Federal Contract Tower,0,52,177,3,232,0,3,131,17,151,0,55,308,20,383,167,9,176,559
03/22/2023,OPF,FL,ASO,ES,Federal Contract Tower,1,84,173,2,260,0,9,151,7,167,1,93,324,9,427,292,0,292,719
03/23/2023,OPF,FL,ASO,ES,Federal Contract Tower,0,98,186,2,286,0,4,153,18,175,0,102,339,20,461,279,0,279,740
03/24/2023,OPF,FL,ASO,ES,Federal Contract Tower,1,102,189,0,292,0,4,153,12,169,1,106,342,12,461,253,0,253,714
03/25/2023,OPF,FL,ASO,ES,Federal Contract Tower,2,83,165,2,252,0,1,125,10,136,2,84,290,12,388,87,2,89,477
03/26/2023,OPF,FL,ASO,ES,Federal Contract Tower,0,114,183,1,298,0,5,108,20,133,0,119,291,21,431,66,0,66,497
03/27/2023,OPF,FL,ASO,ES,Federal Contract Tower,0,76,150,0,226,0,4,117,21,142,0,80,267,21,368,142,0,142,510
03/28/2023,OPF,FL,ASO,ES,Federal Contract Tower,0,76,157,0,233,0,7,146,18,171,0,83,303,18,404,182,7,189,593
03/29/2023,OPF,FL,ASO,ES,Federal Contract Tower,0,76,154,3,233,0,7,99,8,114,0,83,253,11,347,107,0,107,454
03/30/2023,OPF,FL,ASO,ES,Federal Contract Tower,0,81,179,4,264,0,9,97,19,125,0,90,276,23,389,180,0,180,569
03/31/2023,OPF,FL,ASO,ES,Federal Contract Tower,0,93,202,3,298,0,3,133,14,150,0,96,335,17,448,238,0,238,686
04/01/2023,OPF,FL,ASO,ES,Federal Contract Tower,0,86,134,0,220,0,3,92,11,106,0,89,226,11,326,97,15,112,438
04/02/2023,OPF,FL,ASO,ES,Federal Contract Tower,0,115,176,2,293,0,6,73,10,89,0,121,249,12,382,42,0,42,424
04/03/2023,OPF,FL,ASO,ES,Federal Contract Tower,0,70,170,0,240,0,12,136,15,163,0,82,306,15,403,160,8,168,571
04/04/2023,OPF,FL,ASO,ES,Federal Contract Tower,0,84,164,1,249,0,6,141,17,164,0,90,305,18,413,242,0,242,655
04/05/2023,OPF,FL,ASO,ES,Federal Contract Tower,0,98,171,6,275,0,8,110,30,148,0,106,281,36,423,200,13,213,636
04/06/2023,OPF,FL,ASO,ES,Federal Contract Tower,0,79,176,3,258,0,11,136,19,166,0,90,312,22,424,190,4,194,618
04/07/2023,OPF,FL,ASO,ES,Federal Contract Tower,2,71,149,0,222,0,3,150,12,165,2,74,299,12,387,250,3,253,640
04/08/2023,OPF,FL,ASO,ES,Federal Contract Tower,0,71,144,0,215,0,4,119,7,130,0,75,263,7,345,111,0,111,456
04/09/2023,OPF,FL,ASO,ES,Federal Contract Tower,0,69,168,0,237,0,4,60,8,72,0,73,228,8,309,98,7,105,414
04/10/2023,OPF,FL,ASO,ES,Federal Contract Tower,0,80,198,3,281,0,1,21,4,26,0,81,219,7,307,24,0,24,331
04/11/2023,OPF,FL,ASO,ES,Federal Contract Tower,0,72,106,2,180,0,1,27,7,35,0,73,133,9,215,13,0,13,228
04/12/2023,OPF,FL,ASO,ES,Federal Contract Tower,1,59,130,7,197,0,0,12,2,14,1,59,142,9,211,4,13,17,228
04/13/2023,OPF,FL,ASO,ES,Federal Contract Tower,0,97,157,2,256,0,3,100,7,110,0,100,257,9,366,101,0,101,467
04/14/2023,OPF,FL,ASO,ES,Federal Contract Tower,0,107,169,0,276,0,2,138,12,152,0,109,307,12,428,158,8,166,594
04/15/2023,OPF,FL,ASO,ES,Federal Contract Tower,2,57,110,4,173,0,5,272,3,280,2,62,382,7,453,51,0,51,504
04/16/2023,OPF,FL,ASO,ES,Federal Contract Tower,0,77,175,2,254,0,3,121,8,132,0,80,296,10,386,53,12,65,451
04/17/2023,OPF,FL,ASO,ES,Federal Contract Tower,1,71,165,1,238,0,2,97,13,112,1,73,262,14,350,110,22,132,482
04/18/2023,OPF,FL,ASO,ES,Federal Contract Tower,1,61,173,3,238,0,4,138,7,149,1,65,311,10,387,275,0,275,662
04/19/2023,OPF,FL,ASO,ES,Federal Contract Tower,1,57,181,8,247,0,5,143,11,159,1,62,324,19,406,278,0,278,684
04/20/2023,OPF,FL,ASO,ES,Federal Contract Tower,0,68,171,1,240,0,1,167,14,182,0,69,338,15,422,262,15,277,699
04/21/2023,OPF,FL,ASO,ES,Federal Contract Tower,0,49,149,1,199,0,5,127,7,139,0,54,276,8,338,188,11,199,537
04/22/2023,OPF,FL,ASO,ES,Federal Contract Tower,1,53,142,0,196,0,3,151,7,161,1,56,293,7,357,145,6,151,508
04/23/2023,OPF,FL,ASO,ES,Federal Contract Tower,0,68,146,6,220,0,8,94,6,108,0,76,240,12,328,83,0,83,411
04/24/2023,OPF,FL,ASO,ES,Federal Contract Tower,0,67,115,3,185,0,0,59,6,65,0,67,174,9,250,90,24,114,364
04/25/2023,OPF,FL,ASO,ES,Federal Contract Tower,0,56,145,0,201,0,7,132,17,156,0,63,277,17,357,229,14,243,600
04/26/2023,OPF,FL,ASO,ES,Federal Contract Tower,0,59,163,3,225,0,3,139,16,158,0,62,302,19,383,226,11,237,620
04/27/2023,OPF,FL,ASO,ES,Federal Contract Tower,0,59,169,2,230,0,6,175,17,198,0,65,344,19,428,230,6,236,664
04/28/2023,OPF,FL,ASO,ES,Federal Contract Tower,0,78,158,1,237,0,1,151,8,160,0,79,309,9,397,167,9,176,573
04/29/2023,OPF,FL,ASO,ES,Federal Contract Tower,0,73,140,2,215,0,4,118,6,128,0,77,258,8,343,97,0,97,440
04/30/2023,OPF,FL,ASO,ES,Federal Contract Tower,0,83,152,2,237,0,2,42,10,54,0,85,194,12,291,25,0,25,316
05/01/2023,OPF,FL,ASO,ES,Federal Contract Tower,2,82,170,1,255,0,3,126,15,144,2,85,296,16,399,268,36,304,703
05/02/2023,OPF,FL,ASO,ES,Federal Contract Tower,0,62,137,0,199,0,6,125,7,138,0,68,262,7,337,342,4,346,683
05/03/2023,OPF,FL,ASO,ES,Federal Contract Tower,0,59,181,1,241,0,1,124,5,130,0,60,305,6,371,261,4,265,636
05/04/2023,OPF,FL,ASO,ES,Federal Contract Tower,0,108,199,2,309,0,2,93,7,102,0,110,292,9,411,108,2,110,521
05/05/2023,OPF,FL,ASO,ES,Federal Contract Tower,0,111,162,4,277,0,1,88,15,104,0,112,250,19,381,2,0,2,383
05/06/2023,OPF,FL,ASO,ES,Federal Contract Tower,0,70,85,1,156,0,5,60,6,71,0,75,145,7,227,3,2,5,232
05/07/2023,OPF,FL,ASO,ES,Federal Contract Tower,0,196,199,1,396,0,1,72,5,78,0,197,271,6,474,0,0,0,474
05/08/2023,OPF,FL,ASO,ES,Federal Contract Tower,0,133,224,0,357,0,9,76,13,98,0,142,300,13,455,0,0,0,455
05/09/2023,OPF,FL,ASO,ES,Federal Contract Tower,0,60,161,0,221,0,3,131,13,147,0,63,292,13,368,189,3,192,560
05/10/2023,OPF,FL,ASO,ES,Federal Contract Tower,0,60,181,0,241,0,3,173,19,195,0,63,354,19,436,219,2,221,657
05/11/2023,OPF,FL,ASO,ES,Federal Contract Tower,0,56,153,3,212,0,11,107,8,126,0,67,260,11,338,347,2,349,687
05/12/2023,OPF,FL,ASO,ES,Federal Contract Tower,1,59,157,5,222,0,5,138,14,157,1,64,295,19,379,267,0,267,646
05/13/2023,OPF,FL,ASO,ES,Federal Contract Tower,0,49,84,0,133,0,6,109,7,122,0,55,193,7,255,185,0,185,440
05/14/2023,OPF,FL,ASO,ES,Federal Contract Tower,0,45,144,4,193,0,3,67,5,75,0,48,211,9,268,56,0,56,324
05/15/2023,OPF,FL,ASO,ES,Federal Contract Tower,2,55,153,1,211,0,1,123,5,129,2,56,276,6,340,207,6,213,553
05/16/2023,OPF,FL,ASO,ES,Federal Contract Tower,0,43,162,7,212,0,5,134,19,158,0,48,296,26,370,322,1,323,693
05/17/2023,OPF,FL,ASO,ES,Federal Contract Tower,0,45,154,4,203,0,1,103,17,121,0,46,257,21,324,211,7,218,542
05/18/2023,OPF,FL,ASO,ES,Federal Contract Tower,0,75,163,2,240,0,1,102,16,119,0,76,265,18,359,167,0,167,526
05/19/2023,OPF,FL,ASO,ES,Federal Contract Tower,1,46,144,2,193,0,2,103,10,115,1,48,247,12,308,117,26,143,451
05/20/2023,OPF,FL,ASO,ES,Federal Contract Tower,0,44,84,0,128,0,2,115,8,125,0,46,199,8,253,167,0,167,420
05/21/2023,OPF,FL,ASO,ES,Federal Contract Tower,0,61,143,0,204,0,7,85,10,102,0,68,228,10,306,65,0,65,371
05/22/2023,OPF,FL,ASO,ES,Federal Contract Tower,0,63,158,1,222,0,1,107,9,117,0,64,265,10,339,119,32,151,490
05/23/2023,OPF,FL,ASO,ES,Federal Contract Tower,0,46,153,0,199,0,4,109,11,124,0,50,262,11,323,142,12,154,477
05/24/2023,OPF,FL,ASO,ES,Federal Contract Tower,1,71,155,2,229,0,0,99,13,112,1,71,254,15,341,235,7,242,583
05/25/2023,OPF,FL,ASO,ES,Federal Contract Tower,1,48,147,11,207,0,2,111,14,127,1,50,258,25,334,165,2,167,501
05/26/2023,OPF,FL,ASO,ES,Federal Contract Tower,0,58,148,1,207,0,2,138,13,153,0,60,286,14,360,104,0,104,464
05/27/2023,OPF,FL,ASO,ES,Federal Contract Tower,0,31,69,2,102,0,1,114,37,152,0,32,183,39,254,157,45,202,456
05/28/2023,OPF,FL,ASO,ES,Federal Contract Tower,0,27,84,1,112,0,0,71,48,119,0,27,155,49,231,54,44,98,329
05/29/2023,OPF,FL,ASO,ES,Federal Contract Tower,0,74,157,3,234,0,8,163,11,182,0,82,320,14,416,149,1,150,566
05/30/2023,OPF,FL,ASO,ES,Federal Contract Tower,0,65,121,5,191,0,5,121,11,137,0,70,242,16,328,112,1,113,441
05/31/2023,OPF,FL,ASO,ES,Federal Contract Tower,0,52,128,1,181,0,0,117,14,131,0,52,245,15,312,109,0,109,421
06/01/2023,OPF,FL,ASO,ES,Federal Contract Tower,0,58,96,0,154,0,4,91,21,116,0,62,187,21,270,95,0,95,365
06/02/2023,OPF,FL,ASO,ES,Federal Contract Tower,0,67,108,0,175,0,1,109,10,120,0,68,217,10,295,75,10,85,380
06/03/2023,OPF,FL,ASO,ES,Federal Contract Tower,0,43,95,2,140,0,3,76,13,92,0,46,171,15,232,114,12,126,358
06/04/2023,OPF,FL,ASO,ES,Federal Contract Tower,0,44,109,2,155,0,2,61,8,71,0,46,170,10,226,77,0,77,303
06/05/2023,OPF,FL,ASO,ES,Federal Contract Tower,0,61,112,4,177,0,2,109,13,124,0,63,221,17,301,143,22,165,466
06/06/2023,OPF,FL,ASO,ES,Federal Contract Tower,0,42,130,3,175,0,2,84,16,102,0,44,214,19,277,108,0,108,385
06/07/2023,OPF,FL,ASO,ES,Federal Contract Tower,0,40,142,8,190,0,1,96,6,103,0,41,238,14,293,197,10,207,500
06/08/2023,OPF,FL,ASO,ES,Federal Contract Tower,0,52,137,2,191,0,7,91,15,113,0,59,228,17,304,168,0,168,472
06/09/2023,OPF,FL,ASO,ES,Federal Contract Tower,0,67,142,0,209,0,6,134,8,148,0,73,276,8,357,107,0,107,464
06/10/2023,OPF,FL,ASO,ES,Federal Contract Tower,0,57,113,0,170,0,6,101,5,112,0,63,214,5,282,108,11,119,401
06/11/2023,OPF,FL,ASO,ES,Federal Contract Tower,0,43,142,0,185,0,1,59,5,65,0,44,201,5,250,59,16,75,325
06/12/2023,OPF,FL,ASO,ES,Federal Contract Tower,0,46,112,0,158,0,2,62,2,66,0,48,174,2,224,100,34,134,358
06/13/2023,OPF,FL,ASO,ES,Federal Contract Tower,0,40,132,2,174,0,2,122,8,132,0,42,254,10,306,196,5,201,507
06/14/2023,OPF,FL,ASO,ES,Federal Contract Tower,0,54,138,1,193,0,3,104,14,121,0,57,242,15,314,228,19,247,561
06/15/2023,OPF,FL,ASO,ES,Federal Contract Tower,0,50,126,3,179,0,3,117,12,132,0,53,243,15,311,244,0,244,555
06/16/2023,OPF,FL,ASO,ES,Federal Contract Tower,0,47,135,0,182,0,3,165,15,183,0,50,300,15,365,159,1,160,525
06/17/2023,OPF,FL,ASO,ES,Federal Contract Tower,0,31,85,0,116,0,0,76,6,82,0,31,161,6,198,90,0,90,288
06/18/2023,OPF,FL,ASO,ES,Federal Contract Tower,0,36,83,0,119,0,6,22,7,35,0,42,105,7,154,84,0,84,238
06/19/2023,OPF,FL,ASO,ES,Federal Contract Tower,0,54,111,0,165,0,2,79,4,85,0,56,190,4,250,136,0,136,386
06/20/2023,OPF,FL,ASO,ES,Federal Contract Tower,0,38,126,0,164,0,1,114,9,124,0,39,240,9,288,132,23,155,443
06/21/2023,OPF,FL,ASO,ES,Federal Contract Tower,0,42,152,1,195,0,1,134,9,144,0,43,286,10,339,304,0,304,643
06/22/2023,OPF,FL,ASO,ES,Federal Contract Tower,1,61,190,0,252,0,7,140,14,161,1,68,330,14,413,158,0,158,571
06/23/2023,OPF,FL,ASO,ES,Federal Contract Tower,0,58,146,1,205,0,2,144,14,160,0,60,290,15,365,219,38,257,622
06/24/2023,OPF,FL,ASO,ES,Federal Contract Tower,0,43,100,3,146,0,0,84,10,94,0,43,184,13,240,115,0,115,355
06/25/2023,OPF,FL,ASO,ES,Federal Contract Tower,0,49,102,1,152,0,0,74,7,81,0,49,176,8,233,75,0,75,308
06/26/2023,OPF,FL,ASO,ES,Federal Contract Tower,0,41,114,0,155,0,1,96,11,108,0,42,210,11,263,165,0,165,428
06/27/2023,OPF,FL,ASO,ES,Federal Contract Tower,0,51,118,0,169,0,3,134,16,153,0,54,252,16,322,252,0,252,574
06/28/2023,OPF,FL,ASO,ES,Federal Contract Tower,0,50,115,0,165,0,4,144,13,161,0,54,259,13,326,312,0,312,638
06/29/2023,OPF,FL,ASO,ES,Federal Contract Tower,1,52,141,2,196,0,1,88,13,102,1,53,229,15,298,114,0,114,412
06/30/2023,OPF,FL,ASO,ES,Federal Contract Tower,1,51,152,2,206,0,2,114,11,127,1,53,266,13,333,96,0,96,429
07/01/2023,OPF,FL,ASO,ES,Federal Contract Tower,0,39,102,0,141,0,1,128,4,133,0,40,230,4,274,103,0,103,377
07/02/2023,OPF,FL,ASO,ES,Federal Contract Tower,0,25,90,0,115,0,1,76,2,79,0,26,166,2,194,106,0,106,300
07/03/2023,OPF,FL,ASO,ES,Federal Contract Tower,0,32,126,0,158,0,2,116,3,121,0,34,242,3,279,262,0,262,541
07/04/2023,OPF,FL,ASO,ES,Federal Contract Tower,0,25,81,0,106,0,2,90,7,99,0,27,171,7,205,67,0,67,272
07/05/2023,OPF,FL,ASO,ES,Federal Contract Tower,0,39,117,16,172,0,2,116,11,129,0,41,233,27,301,140,0,140,441
07/06/2023,OPF,FL,ASO,ES,Federal Contract Tower,0,48,141,1,190,0,1,113,10,124,0,49,254,11,314,181,12,193,507
07/07/2023,OPF,FL,ASO,ES,Federal Contract Tower,0,35,118,0,153,0,3,101,5,109,0,38,219,5,262,149,0,149,411
07/08/2023,OPF,FL,ASO,ES,Federal Contract Tower,0,34,124,3,161,0,1,63,5,69,0,35,187,8,230,104,0,104,334
07/09/2023,OPF,FL,ASO,ES,Federal Contract Tower,0,30,141,6,177,0,0,91,5,96,0,30,232,11,273,39,0,39,312
07/10/2023,OPF,FL,ASO,ES,Federal Contract Tower,0,52,153,1,206,0,1,106,5,112,0,53,259,6,318,89,0,89,407
07/11/2023,OPF,FL,ASO,ES,Federal Contract Tower,0,40,139,0,179,0,5,127,17,149,0,45,266,17,328,140,34,174,502
07/12/2023,OPF,FL,ASO,ES,Federal Contract Tower,0,44,131,1,176,0,2,149,13,164,0,46,280,14,340,91,49,140,480
07/13/2023,OPF,FL,ASO,ES,Federal Contract Tower,0,50,111,2,163,0,1,117,31,149,0,51,228,33,312,207,0,207,519
07/14/2023,OPF,FL,ASO,ES,Federal Contract Tower,0,29,136,1,166,0,32,68,10,110,0,61,204,11,276,125,0,125,401
07/15/2023,OPF,FL,ASO,ES,Federal Contract Tower,0,32,111,2,145,0,0,102,5,107,0,32,213,7,252,65,24,89,341
07/16/2023,OPF,FL,ASO,ES,Federal Contract Tower,0,39,124,0,163,0,0,72,8,80,0,39,196,8,243,74,0,74,317
07/17/2023,OPF,FL,ASO,ES,Federal Contract Tower,0,37,103,1,141,0,1,89,11,101,0,38,192,12,242,81,10,91,333
07/18/2023,OPF,FL,ASO,ES,Federal Contract Tower,1,58,115,0,174,0,3,138,15,156,1,61,253,15,330,94,0,94,424
07/19/2023,OPF,FL,ASO,ES,Federal Contract Tower,0,42,124,3,169,0,6,124,15,145,0,48,248,18,314,138,8,146,460
07/20/2023,OPF,FL,ASO,ES,Federal Contract Tower,1,56,173,1,231,0,2,138,13,153,1,58,311,14,384,216,0,216,600
07/21/2023,OPF,FL,ASO,ES,Federal Contract Tower,1,52,132,1,186,0,0,214,8,222,1,52,346,9,408,102,7,109,517
07/22/2023,OPF,FL,ASO,ES,Federal Contract Tower,0,40,107,0,147,0,3,112,12,127,0,43,219,12,274,73,0,73,347
07/23/2023,OPF,FL,ASO,ES,Federal Contract Tower,0,42,129,0,171,0,0,87,7,94,0,42,216,7,265,27,9,36,301
07/24/2023,OPF,FL,ASO,ES,Federal Contract Tower,2,59,131,0,192,0,1,123,11,135,2,60,254,11,327,119,0,119,446
07/25/2023,OPF,FL,ASO,ES,Federal Contract Tower,1,33,150,2,186,0,2,128,15,145,1,35,278,17,331,315,0,315,646
07/26/2023,OPF,FL,ASO,ES,Federal Contract Tower,1,51,121,3,176,0,0,97,10,107,1,51,218,13,283,198,0,198,481
07/27/2023,OPF,FL,ASO,ES,Federal Contract Tower,2,42,116,10,170,0,5,105,8,118,2,47,221,18,288,169,0,169,457
07/28/2023,OPF,FL,ASO,ES,Federal Contract Tower,0,42,95,0,137,0,2,86,6,94,0,44,181,6,231,190,4,194,425
07/29/2023,OPF,FL,ASO,ES,Federal Contract Tower,1,51,112,5,169,0,1,111,11,123,1,52,223,16,292,139,0,139,431
07/30/2023,OPF,FL,ASO,ES,Federal Contract Tower,0,34,127,0,161,0,1,65,9,75,0,35,192,9,236,51,0,51,287
07/31/2023,OPF,FL,ASO,ES,Federal Contract Tower,0,50,93,0,143,0,5,110,11,126,0,55,203,11,269,133,0,133,402
08/01/2023,OPF,FL,ASO,ES,Federal Contract Tower,0,36,126,0,162,0,4,123,11,138,0,40,249,11,300,200,0,200,500
08/02/2023,OPF,FL,ASO,ES,Federal Contract Tower,0,55,108,0,163,0,6,121,10,137,0,61,229,10,300,208,0,208,508
08/03/2023,OPF,FL,ASO,ES,Federal Contract Tower,0,38,128,2,168,0,1,124,8,133,0,39,252,10,301,150,0,150,451
08/04/2023,OPF,FL,ASO,ES,Federal Contract Tower,0,45,115,0,160,0,0,109,7,116,0,45,224,7,276,156,13,169,445
08/05/2023,OPF,FL,ASO,ES,Federal Contract Tower,0,21,77,0,98,0,0,94,8,102,0,21,171,8,200,119,8,127,327
08/06/2023,OPF,FL,ASO,ES,Federal Contract Tower,0,26,125,1,152,0,4,113,4,121,0,30,238,5,273,61,0,61,334
08/07/2023,OPF,FL,ASO,ES,Federal Contract Tower,0,35,125,2,162,0,2,111,10,123,0,37,236,12,285,184,0,184,469
08/08/2023,OPF,FL,ASO,ES,Federal Contract Tower,0,37,126,0,163,0,2,130,12,144,0,39,256,12,307,200,0,200,507
08/09/2023,OPF,FL,ASO,ES,Federal Contract Tower,1,43,96,1,141,0,4,104,10,118,1,47,200,11,259,139,16,155,414
08/10/2023,OPF,FL,ASO,ES,Federal Contract Tower,1,41,122,0,164,0,8,112,8,128,1,49,234,8,292,172,0,172,464
08/11/2023,OPF,FL,ASO,ES,Federal Contract Tower,1,51,121,0,173,0,0,148,20,168,1,51,269,20,341,137,0,137,478
08/12/2023,OPF,FL,ASO,ES,Federal Contract Tower,0,28,96,0,124,0,9,81,2,92,0,37,177,2,216,79,0,79,295
08/13/2023,OPF,FL,ASO,ES,Federal Contract Tower,1,44,119,1,165,0,2,69,11,82,1,46,188,12,247,73,6,79,326
08/14/2023,OPF,FL,ASO,ES,Federal Contract Tower,0,39,144,0,183,0,3,126,10,139,0,42,270,10,322,218,0,218,540
08/15/2023,OPF,FL,ASO,ES,Federal Contract Tower,0,37,95,2,134,0,1,92,6,99,0,38,187,8,233,198,0,198,431
08/16/2023,OPF,FL,ASO,ES,Federal Contract Tower,0,63,112,0,175,0,4,140,6,150,0,67,252,6,325,149,5,154,479
08/17/2023,OPF,FL,ASO,ES,Federal Contract Tower,0,54,132,0,186,0,0,115,12,127,0,54,247,12,313,149,2,151,464
08/18/2023,OPF,FL,ASO,ES,Federal Contract Tower,0,40,140,1,181,0,2,125,10,137,0,42,265,11,318,282,0,282,600
08/19/2023,OPF,FL,ASO,ES,Federal Contract Tower,1,32,81,0,114,0,0,82,12,94,1,32,163,12,208,48,0,48,256
08/20/2023,OPF,FL,ASO,ES,Federal Contract Tower,0,37,98,0,135,0,3,41,9,53,0,40,139,9,188,51,19,70,258
08/21/2023,OPF,FL,ASO,ES,Federal Contract Tower,0,47,104,0,151,0,1,93,20,114,0,48,197,20,265,241,2,243,508
08/22/2023,OPF,FL,ASO,ES,Federal Contract Tower,1,34,94,0,129,0,4,163,17,184,1,38,257,17,313,256,0,256,569
08/23/2023,OPF,FL,ASO,ES,Federal Contract Tower,0,35,143,5,183,0,2,156,11,169,0,37,299,16,352,122,16,138,490
08/24/2023,OPF,FL,ASO,ES,Federal Contract Tower,1,43,126,0,170,0,4,111,14,129,1,47,237,14,299,221,0,221,520
08/25/2023,OPF,FL,ASO,ES,Federal Contract Tower,0,40,164,0,204,0,1,152,12,165,0,41,316,12,369,98,26,124,493
08/26/2023,OPF,FL,ASO,ES,Federal Contract Tower,1,34,103,0,138,0,3,105,11,119,1,37,208,11,257,157,0,157,414
08/27/2023,OPF,FL,ASO,ES,Federal Contract Tower,0,37,90,0,127,0,1,69,3,73,0,38,159,3,200,116,0,116,316
08/28/2023,OPF,FL,ASO,ES,Federal Contract Tower,0,28,100,7,135,0,4,57,19,80,0,32,157,26,215,136,14,150,365
08/29/2023,OPF,FL,ASO,ES,Federal Contract Tower,0,30,91,1,122,0,2,75,10,87,0,32,166,11,209,52,0,52,261
08/30/2023,OPF,FL,ASO,ES,Federal Contract Tower,0,38,59,1,98,0,5,33,6,44,0,43,92,7,142,0,30,30,172
08/31/2023,OPF,FL,ASO,ES,Federal Contract Tower,0,65,132,3,200,0,1,96,16,113,0,66,228,19,313,124,3,127,440
01/01/2020,OPF,FL,ASO,ES,Federal Contract Tower,0,80,111,0,191,0,1,79,4,84,0,81,190,4,275,57,0,57,332
01/02/2020,OPF,FL,ASO,ES,Federal Contract Tower,0,62,144,2,208,0,4,113,9,126,0,66,257,11,334,211,0,211,545
01/03/2020,OPF,FL,ASO,ES,Federal Contract Tower,1,58,151,3,213,0,3,92,5,100,1,61,243,8,313,73,21,94,407
01/04/2020,OPF,FL,ASO,ES,Federal Contract Tower,0,73,172,0,245,0,4,100,2,106,0,77,272,2,351,71,16,87,438
01/05/2020,OPF,FL,ASO,ES,Federal Contract Tower,0,78,199,6,283,0,4,120,2,126,0,82,319,8,409,77,0,77,486
01/06/2020,OPF,FL,ASO,ES,Federal Contract Tower,0,43,156,0,199,0,4,147,4,155,0,47,303,4,354,108,0,108,462
01/07/2020,OPF,FL,ASO,ES,Federal Contract Tower,1,35,129,0,165,0,5,140,7,152,1,40,269,7,317,135,0,135,452
01/08/2020,OPF,FL,ASO,ES,Federal Contract Tower,0,32,143,5,180,0,5,147,6,158,0,37,290,11,338,151,40,191,529
01/09/2020,OPF,FL,ASO,ES,Federal Contract Tower,0,41,97,8,146,0,6,86,12,104,0,47,183,20,250,45,20,65,315
01/10/2020,OPF,FL,ASO,ES,Federal Contract Tower,0,53,127,11,191,0,2,39,12,53,0,55,166,23,244,59,0,59,303
01/11/2020,OPF,FL,ASO,ES,Federal Contract Tower,0,25,84,2,111,0,2,68,7,77,0,27,152,9,188,30,0,30,218
01/12/2020,OPF,FL,ASO,ES,Federal Contract Tower,1,45,113,8,167,0,4,79,8,91,1,49,192,16,258,51,0,51,309
01/13/2020,OPF,FL,ASO,ES,Federal Contract Tower,0,36,129,5,170,0,3,136,18,157,0,39,265,23,327,170,11,181,508
01/14/2020,OPF,FL,ASO,ES,Federal Contract Tower,1,37,118,0,156,0,6,139,18,163,1,43,257,18,319,249,6,255,574
01/15/2020,OPF,FL,ASO,ES,Federal Contract Tower,0,35,110,4,149,0,7,118,15,140,0,42,228,19,289,178,0,178,467
01/16/2020,OPF,FL,ASO,ES,Federal Contract Tower,0,52,130,1,183,0,2,168,11,181,0,54,298,12,364,161,0,161,525
01/17/2020,OPF,FL,ASO,ES,Federal Contract Tower,1,56,131,6,194,0,2,108,11,121,1,58,239,17,315,26,20,46,361
01/18/2020,OPF,FL,ASO,ES,Federal Contract Tower,0,39,77,0,116,0,3,119,6,128,0,42,196,6,244,68,0,68,312
01/19/2020,OPF,FL,ASO,ES,Federal Contract Tower,0,24,119,5,148,0,1,123,5,129,0,25,242,10,277,207,0,207,484
01/20/2020,OPF,FL,ASO,ES,Federal Contract Tower,1,72,165,6,244,0,3,114,1,118,1,75,279,7,362,186,0,186,548
01/21/2020,OPF,FL,ASO,ES,Federal Contract Tower,0,45,140,3,188,0,5,148,13,166,0,50,288,16,354,67,4,71,425
01/22/2020,OPF,FL,ASO,ES,Federal Contract Tower,0,46,145,9,200,0,10,96,12,118,0,56,241,21,318,77,0,77,395
01/23/2020,OPF,FL,ASO,ES,Federal Contract Tower,0,55,106,1,162,0,8,83,3,94,0,63,189,4,256,163,0,163,419
01/24/2020,OPF,FL,ASO,ES,Federal Contract Tower,0,52,128,3,183,0,5,150,11,166,0,57,278,14,349,254,0,254,603
01/25/2020,OPF,FL,ASO,ES,Federal Contract Tower,0,26,65,1,92,0,3,139,11,153,0,29,204,12,245,42,0,42,287
01/26/2020,OPF,FL,ASO,ES,Federal Contract Tower,0,35,104,0,139,0,0,95,7,102,0,35,199,7,241,60,0,60,301
01/27/2020,OPF,FL,ASO,ES,Federal Contract Tower,0,48,103,2,153,0,5,142,16,163,0,53,245,18,316,153,0,153,469
01/28/2020,OPF,FL,ASO,ES,Federal Contract Tower,0,45,101,3,149,0,8,138,10,156,0,53,239,13,305,136,0,136,441
01/29/2020,OPF,FL,ASO,ES,Federal Contract Tower,0,32,80,3,115,0,2,111,12,125,0,34,191,15,240,92,0,92,332
01/30/2020,OPF,FL,ASO,ES,Federal Contract Tower,1,82,129,2,214,0,11,80,15,106,1,93,209,17,320,4,0,4,324
01/31/2020,OPF,FL,ASO,ES,Federal Contract Tower,1,96,151,3,251,0,4,52,9,65,1,100,203,12,316,0,0,0,316
02/01/2020,OPF,FL,ASO,ES,Federal Contract Tower,0,57,81,0,138,0,2,41,5,48,0,59,122,5,186,8,2,10,196
02/02/2020,OPF,FL,ASO,ES,Federal Contract Tower,0,49,65,0,114,0,23,50,4,77,0,72,115,4,191,0,0,0,191
02/03/2020,OPF,FL,ASO,ES,Federal Contract Tower,1,169,263,0,433,0,1,53,15,69,1,170,316,15,502,5,0,5,507
02/04/2020,OPF,FL,ASO,ES,Federal Contract Tower,0,56,157,4,217,0,4,172,23,199,0,60,329,27,416,43,0,43,459
02/05/2020,OPF,FL,ASO,ES,Federal Contract Tower,0,52,150,6,208,0,2,191,20,213,0,54,341,26,421,162,18,180,601
02/06/2020,OPF,FL,ASO,ES,Federal Contract Tower,0,42,107,5,154,0,7,85,16,108,0,49,192,21,262,11,7,18,280
02/07/2020,OPF,FL,ASO,ES,Federal Contract Tower,0,41,149,2,192,0,0,95,4,99,0,41,244,6,291,177,0,177,468
02/08/2020,OPF,FL,ASO,ES,Federal Contract Tower,2,26,114,4,146,0,4,157,5,166,2,30,271,9,312,163,0,163,475
02/09/2020,OPF,FL,ASO,ES,Federal Contract Tower,0,48,106,1,155,0,3,90,14,107,0,51,196,15,262,23,0,23,285
02/10/2020,OPF,FL,ASO,ES,Federal Contract Tower,0,49,167,0,216,0,3,148,16,167,0,52,315,16,383,159,13,172,555
02/11/2020,OPF,FL,ASO,ES,Federal Contract Tower,0,41,148,1,190,0,3,179,17,199,0,44,327,18,389,198,0,198,587
02/12/2020,OPF,FL,ASO,ES,Federal Contract Tower,0,56,203,1,260,0,3,139,16,158,0,59,342,17,418,182,0,182,600
02/13/2020,OPF,FL,ASO,ES,Federal Contract Tower,0,82,201,1,284,0,7,163,21,191,0,89,364,22,475,92,2,94,569
02/14/2020,OPF,FL,ASO,ES,Federal Contract Tower,0,85,221,5,311,0,9,132,11,152,0,94,353,16,463,248,28,276,739
02/15/2020,OPF,FL,ASO,ES,Federal Contract Tower,0,37,138,7,182,0,3,37,2,42,0,40,175,9,224,34,0,34,258
02/16/2020,OPF,FL,ASO,ES,Federal Contract Tower,0,44,184,0,228,0,4,114,7,125,0,48,298,7,353,120,0,120,473
02/17/2020,OPF,FL,ASO,ES,Federal Contract Tower,0,87,214,1,302,0,3,141,11,155,0,90,355,12,457,125,0,125,582
02/18/2020,OPF,FL,ASO,ES,Federal Contract Tower,0,65,148,6,219,0,7,152,19,178,0,72,300,25,397,156,19,175,572
02/19/2020,OPF,FL,ASO,ES,Federal Contract Tower,0,43,151,3,197,0,11,169,20,200,0,54,320,23,397,228,0,228,625
02/20/2020,OPF,FL,ASO,ES,Federal Contract Tower,0,62,141,5,208,0,12,142,20,174,0,74,283,25,382,229,2,231,613
02/21/2020,OPF,FL,ASO,ES,Federal Contract Tower,1,49,150,8,208,0,3,49,21,73,1,52,199,29,281,51,0,51,332
02/22/2020,OPF,FL,ASO,ES,Federal Contract Tower,0,35,104,4,143,0,3,73,8,84,0,38,177,12,227,12,0,12,239
02/23/2020,OPF,FL,ASO,ES,Federal Contract Tower,0,66,152,5,223,0,7,119,9,135,0,73,271,14,358,91,0,91,449
02/24/2020,OPF,FL,ASO,ES,Federal Contract Tower,1,45,155,1,202,0,5,148,10,163,1,50,303,11,365,124,0,124,489
02/25/2020,OPF,FL,ASO,ES,Federal Contract Tower,0,33,128,1,162,0,4,123,25,152,0,37,251,26,314,81,23,104,418
02/26/2020,OPF,FL,ASO,ES,Federal Contract Tower,0,55,138,1,194,0,2,100,21,123,0,57,238,22,317,137,59,196,513
02/27/2020,OPF,FL,ASO,ES,Federal Contract Tower,1,64,129,5,199,0,8,121,19,148,1,72,250,24,347,109,31,140,487
02/28/2020,OPF,FL,ASO,ES,Federal Contract Tower,0,54,151,5,210,0,6,146,9,161,0,60,297,14,371,211,28,239,610
02/29/2020,OPF,FL,ASO,ES,Federal Contract Tower,0,24,129,4,157,0,3,111,4,118,0,27,240,8,275,107,0,107,382
03/01/2020,OPF,FL,ASO,ES,Federal Contract Tower,1,64,140,1,206,0,8,121,14,143,1,72,261,15,349,126,0,126,475
03/02/2020,OPF,FL,ASO,ES,Federal Contract Tower,0,37,134,6,177,0,8,127,14,149,0,45,261,20,326,95,12,107,433
03/03/2020,OPF,FL,ASO,ES,Federal Contract Tower,2,41,109,3,155,0,4,151,27,182,2,45,260,30,337,169,0,169,506
03/04/2020,OPF,FL,ASO,ES,Federal Contract Tower,0,43,145,3,191,0,4,124,10,138,0,47,269,13,329,189,10,199,528
03/05/2020,OPF,FL,ASO,ES,Federal Contract Tower,1,64,140,7,212,0,3,132,17,152,1,67,272,24,364,183,31,214,578
03/06/2020,OPF,FL,ASO,ES,Federal Contract Tower,0,52,160,6,218,0,4,104,6,114,0,56,264,12,332,139,0,139,471
03/07/2020,OPF,FL,ASO,ES,Federal Contract Tower,0,29,114,0,143,0,2,108,2,112,0,31,222,2,255,31,0,31,286
03/08/2020,OPF,FL,ASO,ES,Federal Contract Tower,0,59,121,0,180,0,5,57,9,71,0,64,178,9,251,6,3,9,260
03/09/2020,OPF,FL,ASO,ES,Federal Contract Tower,0,41,136,6,183,0,8,54,14,76,0,49,190,20,259,62,10,72,331
03/10/2020,OPF,FL,ASO,ES,Federal Contract Tower,0,58,142,5,205,0,5,158,10,173,0,63,300,15,378,71,0,71,449
03/11/2020,OPF,FL,ASO,ES,Federal Contract Tower,1,53,115,0,169,0,2,143,13,158,1,55,258,13,327,154,16,170,497
03/12/2020,OPF,FL,ASO,ES,Federal Contract Tower,2,65,187,2,256,0,6,167,9,182,2,71,354,11,438,244,0,244,682
03/13/2020,OPF,FL,ASO,ES,Federal Contract Tower,1,82,170,5,258,0,4,148,16,168,1,86,318,21,426,209,23,232,658
03/14/2020,OPF,FL,ASO,ES,Federal Contract Tower,1,49,124,0,174,0,1,111,6,118,1,50,235,6,292,115,0,115,407
03/15/2020,OPF,FL,ASO,ES,Federal Contract Tower,0,62,130,2,194,0,6,102,7,115,0,68,232,9,309,177,0,177,486
03/16/2020,OPF,FL,ASO,ES,Federal Contract Tower,0,65,153,4,222,0,4,100,7,111,0,69,253,11,333,155,0,155,488
03/17/2020,OPF,FL,ASO,ES,Federal Contract Tower,0,53,158,2,213,0,7,145,3,155,0,60,303,5,368,169,0,169,537
03/18/2020,OPF,FL,ASO,ES,Federal Contract Tower,0,71,100,5,176,0,3,127,9,139,0,74,227,14,315,193,0,193,508
03/19/2020,OPF,FL,ASO,ES,Federal Contract Tower,0,39,122,4,165,0,7,123,7,137,0,46,245,11,302,109,0,109,411
03/20/2020,OPF,FL,ASO,ES,Federal Contract Tower,0,33,120,4,157,0,3,118,7,128,0,36,238,11,285,158,0,158,443
03/21/2020,OPF,FL,ASO,ES,Federal Contract Tower,0,21,89,1,111,0,3,82,6,91,0,24,171,7,202,99,5,104,306
03/22/2020,OPF,FL,ASO,ES,Federal Contract Tower,0,33,75,3,111,0,1,72,8,81,0,34,147,11,192,52,11,63,255
03/23/2020,OPF,FL,ASO,ES,Federal Contract Tower,0,22,57,4,83,0,2,63,9,74,0,24,120,13,157,143,0,143,300
03/24/2020,OPF,FL,ASO,ES,Federal Contract Tower,0,31,45,3,79,0,3,83,13,99,0,34,128,16,178,106,8,114,292
03/25/2020,OPF,FL,ASO,ES,Federal Contract Tower,0,20,50,2,72,0,1,69,8,78,0,21,119,10,150,96,0,96,246
03/26/2020,OPF,FL,ASO,ES,Federal Contract Tower,0,16,42,2,60,0,3,80,15,98,0,19,122,17,158,103,34,137,295
03/27/2020,OPF,FL,ASO,ES,Federal Contract Tower,0,22,41,3,66,0,2,67,12,81,0,24,108,15,147,133,27,160,307
03/28/2020,OPF,FL,ASO,ES,Federal Contract Tower,0,14,24,2,40,0,0,45,13,58,0,14,69,15,98,11,0,11,109
03/29/2020,OPF,FL,ASO,ES,Federal Contract Tower,0,9,23,1,33,0,0,29,7,36,0,9,52,8,69,6,0,6,75
03/30/2020,OPF,FL,ASO,ES,Federal Contract Tower,1,8,54,0,63,0,2,78,7,87,1,10,132,7,150,57,2,59,209
03/31/2020,OPF,FL,ASO,ES,Federal Contract Tower,0,22,52,0,74,0,2,55,9,66,0,24,107,9,140,76,0,76,216
04/01/2020,OPF,FL,ASO,ES,Federal Contract Tower,0,18,35,3,56,0,0,30,9,39,0,18,65,12,95,60,41,101,196
04/02/2020,OPF,FL,ASO,ES,Federal Contract Tower,0,18,36,7,61,0,1,88,15,104,0,19,124,22,165,58,31,89,254
04/03/2020,OPF,FL,ASO,ES,Federal Contract Tower,0,6,49,9,64,0,2,55,8,65,0,8,104,17,129,58,45,103,232
04/04/2020,OPF,FL,ASO,ES,Federal Contract Tower,0,12,15,5,32,0,4,39,18,61,0,16,54,23,93,57,0,57,150
04/05/2020,OPF,FL,ASO,ES,Federal Contract Tower,0,8,18,5,31,0,1,35,9,45,0,9,53,14,76,28,13,41,117
04/06/2020,OPF,FL,ASO,ES,Federal Contract Tower,0,14,52,2,68,0,4,50,10,64,0,18,102,12,132,71,0,71,203
04/07/2020,OPF,FL,ASO,ES,Federal Contract Tower,0,21,39,2,62,0,4,58,13,75,0,25,97,15,137,101,0,101,238
04/08/2020,OPF,FL,ASO,ES,Federal Contract Tower,0,18,50,8,76,0,1,76,16,93,0,19,126,24,169,122,0,122,291
04/09/2020,OPF,FL,ASO,ES,Federal Contract Tower,0,16,48,1,65,0,7,49,12,68,0,23,97,13,133,63,0,63,196
04/10/2020,OPF,FL,ASO,ES,Federal Contract Tower,0,9,46,0,55,0,0,62,12,74,0,9,108,12,129,100,32,132,261
04/11/2020,OPF,FL,ASO,ES,Federal Contract Tower,0,4,21,0,25,0,2,44,5,51,0,6,65,5,76,103,0,103,179
04/12/2020,OPF,FL,ASO,ES,Federal Contract Tower,0,5,8,7,20,0,3,15,12,30,0,8,23,19,50,0,14,14,64
04/13/2020,OPF,FL,ASO,ES,Federal Contract Tower,0,5,24,1,30,0,2,38,11,51,0,7,62,12,81,31,4,35,116
04/14/2020,OPF,FL,ASO,ES,Federal Contract Tower,0,28,33,9,70,0,5,54,20,79,0,33,87,29,149,37,37,74,223
04/15/2020,OPF,FL,ASO,ES,Federal Contract Tower,2,11,45,5,63,0,3,91,8,102,2,14,136,13,165,115,7,122,287
04/16/2020,OPF,FL,ASO,ES,Federal Contract Tower,0,12,23,4,39,0,2,62,17,81,0,14,85,21,120,73,20,93,213
04/17/2020,OPF,FL,ASO,ES,Federal Contract Tower,0,12,30,8,50,0,1,32,9,42,0,13,62,17,92,13,10,23,115
04/18/2020,OPF,FL,ASO,ES,Federal Contract Tower,0,8,21,3,32,0,0,49,13,62,0,8,70,16,94,77,34,111,205
04/19/2020,OPF,FL,ASO,ES,Federal Contract Tower,0,13,37,2,52,0,1,48,12,61,0,14,85,14,113,68,19,87,200
04/20/2020,OPF,FL,ASO,ES,Federal Contract Tower,0,15,26,2,43,0,4,49,8,61,0,19,75,10,104,37,0,37,141
04/21/2020,OPF,FL,ASO,ES,Federal Contract Tower,0,7,56,2,65,0,3,67,9,79,0,10,123,11,144,143,0,143,287
04/22/2020,OPF,FL,ASO,ES,Federal Contract Tower,0,20,65,3,88,0,1,104,13,118,0,21,169,16,206,113,0,113,319
04/23/2020,OPF,FL,ASO,ES,Federal Contract Tower,0,12,64,0,76,0,5,91,14,110,0,17,155,14,186,75,5,80,266
04/24/2020,OPF,FL,ASO,ES,Federal Contract Tower,0,12,41,5,58,0,0,57,9,66,0,12,98,14,124,4,17,21,145
04/25/2020,OPF,FL,ASO,ES,Federal Contract Tower,0,7,48,0,55,0,4,31,11,46,0,11,79,11,101,52,10,62,163
04/26/2020,OPF,FL,ASO,ES,Federal Contract Tower,0,19,39,2,60,0,6,35,12,53,0,25,74,14,113,64,8,72,185
04/27/2020,OPF,FL,ASO,ES,Federal Contract Tower,0,22,65,3,90,0,2,109,12,123,0,24,174,15,213,119,7,126,339
04/28/2020,OPF,FL,ASO,ES,Federal Contract Tower,0,23,64,2,89,0,5,83,19,107,0,28,147,21,196,82,0,82,278
04/29/2020,OPF,FL,ASO,ES,Federal Contract Tower,0,22,69,1,92,0,8,99,10,117,0,30,168,11,209,139,6,145,354
04/30/2020,OPF,FL,ASO,ES,Federal Contract Tower,1,33,44,3,81,0,0,43,12,55,1,33,87,15,136,200,17,217,353
05/01/2020,OPF,FL,ASO,ES,Federal Contract Tower,1,18,80,1,100,0,0,106,9,115,1,18,186,10,215,180,19,199,414
05/02/2020,OPF,FL,ASO,ES,Federal Contract Tower,0,14,37,2,53,0,1,83,0,84,0,15,120,2,137,94,0,94,231
05/03/2020,OPF,FL,ASO,ES,Federal Contract Tower,0,19,33,0,52,0,2,57,0,59,0,21,90,0,111,38,0,38,149
05/04/2020,OPF,FL,ASO,ES,Federal Contract Tower,0,20,54,0,74,0,3,98,5,106,0,23,152,5,180,179,0,179,359
05/05/2020,OPF,FL,ASO,ES,Federal Contract Tower,0,21,70,0,91,0,6,94,11,111,0,27,164,11,202,217,0,217,419
05/06/2020,OPF,FL,ASO,ES,Federal Contract Tower,1,26,66,3,96,0,7,80,7,94,1,33,146,10,190,146,18,164,354
05/07/2020,OPF,FL,ASO,ES,Federal Contract Tower,0,17,75,1,93,0,1,81,11,93,0,18,156,12,186,205,8,213,399
05/08/2020,OPF,FL,ASO,ES,Federal Contract Tower,0,15,50,8,73,0,0,81,17,98,0,15,131,25,171,182,33,215,386
05/09/2020,OPF,FL,ASO,ES,Federal Contract Tower,0,22,52,3,77,0,0,88,10,98,0,22,140,13,175,132,0,132,307
05/10/2020,OPF,FL,ASO,ES,Federal Contract Tower,1,15,17,2,35,0,0,12,5,17,1,15,29,7,52,0,8,8,60
05/11/2020,OPF,FL,ASO,ES,Federal Contract Tower,0,30,71,3,104,0,0,83,11,94,0,30,154,14,198,155,20,175,373
05/12/2020,OPF,FL,ASO,ES,Federal Contract Tower,0,31,58,3,92,0,4,82,7,93,0,35,140,10,185,124,15,139,324
05/13/2020,OPF,FL,ASO,ES,Federal Contract Tower,0,26,59,8,93,0,2,68,5,75,0,28,127,13,168,49,1,50,218
05/14/2020,OPF,FL,ASO,ES,Federal Contract Tower,0,23,31,0,54,0,2,33,10,45,0,25,64,10,99,96,1,97,196
05/15/2020,OPF,FL,ASO,ES,Federal Contract Tower,0,32,52,0,84,0,0,4,4,8,0,32,56,4,92,0,0,0,92
05/16/2020,OPF,FL,ASO,ES,Federal Contract Tower,1,31,77,3,112,0,0,78,8,86,1,31,155,11,198,54,5,59,257
05/17/2020,OPF,FL,ASO,ES,Federal Contract Tower,0,19,64,8,91,0,0,68,6,74,0,19,132,14,165,66,0,66,231
05/18/2020,OPF,FL,ASO,ES,Federal Contract Tower,0,23,74,5,102,0,1,73,6,80,0,24,147,11,182,159,0,159,341
05/19/2020,OPF,FL,ASO,ES,Federal Contract Tower,0,29,50,1,80,0,4,66,4,74,0,33,116,5,154,118,9,127,281
05/20/2020,OPF,FL,ASO,ES,Federal Contract Tower,0,32,102,4,138,0,1,98,8,107,0,33,200,12,245,186,26,212,457
05/21/2020,OPF,FL,ASO,ES,Federal Contract Tower,0,32,112,1,145,0,6,86,16,108,0,38,198,17,253,75,2,77,330
05/22/2020,OPF,FL,ASO,ES,Federal Contract Tower,0,36,138,2,176,0,4,162,9,175,0,40,300,11,351,175,0,175,526
05/23/2020,OPF,FL,ASO,ES,Federal Contract Tower,0,25,68,2,95,0,0,94,13,107,0,25,162,15,202,128,25,153,355
05/24/2020,OPF,FL,ASO,ES,Federal Contract Tower,0,20,30,0,50,0,0,9,2,11,0,20,39,2,61,5,4,9,70
05/25/2020,OPF,FL,ASO,ES,Federal Contract Tower,0,32,49,5,86,0,0,2,3,5,0,32,51,8,91,4,10,14,105
05/26/2020,OPF,FL,ASO,ES,Federal Contract Tower,0,33,73,3,109,0,4,55,5,64,0,37,128,8,173,67,3,70,243
05/27/2020,OPF,FL,ASO,ES,Federal Contract Tower,0,34,91,7,132,0,3,82,6,91,0,37,173,13,223,196,21,217,440
05/28/2020,OPF,FL,ASO,ES,Federal Contract Tower,0,36,138,4,178,0,6,166,9,181,0,42,304,13,359,305,0,305,664
05/29/2020,OPF,FL,ASO,ES,Federal Contract Tower,0,29,112,1,142,0,0,126,7,133,0,29,238,8,275,216,27,243,518
05/30/2020,OPF,FL,ASO,ES,Federal Contract Tower,0,27,69,3,99,0,1,116,13,130,0,28,185,16,229,119,0,119,348
05/31/2020,OPF,FL,ASO,ES,Federal Contract Tower,1,24,64,5,94,0,2,73,10,85,1,26,137,15,179,95,0,95,274
06/01/2020,OPF,FL,ASO,ES,Federal Contract Tower,0,29,104,4,137,0,11,107,5,123,0,40,211,9,260,218,17,235,495
06/02/2020,OPF,FL,ASO,ES,Federal Contract Tower,0,31,100,0,131,0,2,84,13,99,0,33,184,13,230,280,14,294,524
06/03/2020,OPF,FL,ASO,ES,Federal Contract Tower,0,36,75,2,113,0,0,46,10,56,0,36,121,12,169,179,14,193,362
06/04/2020,OPF,FL,ASO,ES,Federal Contract Tower,0,38,109,2,149,0,0,63,11,74,0,38,172,13,223,77,29,106,329
06/05/2020,OPF,FL,ASO,ES,Federal Contract Tower,0,36,92,2,130,0,0,60,6,66,0,36,152,8,196,150,16,166,362
06/06/2020,OPF,FL,ASO,ES,Federal Contract Tower,0,38,103,1,142,0,1,60,7,68,0,39,163,8,210,73,0,73,283
06/07/2020,OPF,FL,ASO,ES,Federal Contract Tower,0,30,100,7,137,0,0,53,6,59,0,30,153,13,196,87,17,104,300
06/08/2020,OPF,FL,ASO,ES,Federal Contract Tower,0,42,96,2,140,0,8,102,7,117,0,50,198,9,257,75,2,77,334
06/09/2020,OPF,FL,ASO,ES,Federal Contract Tower,0,49,116,2,167,0,4,140,8,152,0,53,256,10,319,67,14,81,400
06/10/2020,OPF,FL,ASO,ES,Federal Contract Tower,0,32,110,2,144,0,8,121,16,145,0,40,231,18,289,42,4,46,335
06/11/2020,OPF,FL,ASO,ES,Federal Contract Tower,0,44,88,2,134,0,2,126,10,138,0,46,214,12,272,63,0,63,335
06/12/2020,OPF,FL,ASO,ES,Federal Contract Tower,0,43,119,6,168,0,5,132,10,147,0,48,251,16,315,53,0,53,368
06/13/2020,OPF,FL,ASO,ES,Federal Contract Tower,0,18,64,1,83,0,9,104,6,119,0,27,168,7,202,198,1,199,401
06/14/2020,OPF,FL,ASO,ES,Federal Contract Tower,0,39,86,0,125,0,2,52,3,57,0,41,138,3,182,44,18,62,244
06/15/2020,OPF,FL,ASO,ES,Federal Contract Tower,0,24,101,3,128,0,3,94,10,107,0,27,195,13,235,176,34,210,445
06/16/2020,OPF,FL,ASO,ES,Federal Contract Tower,0,31,99,8,138,0,6,134,19,159,0,37,233,27,297,233,9,242,539
06/17/2020,OPF,FL,ASO,ES,Federal Contract Tower,1,45,102,4,152,0,3,86,10,99,1,48,188,14,251,91,8,99,350
06/18/2020,OPF,FL,ASO,ES,Federal Contract Tower,0,36,98,1,135,0,2,66,15,83,0,38,164,16,218,103,15,118,336
06/19/2020,OPF,FL,ASO,ES,Federal Contract Tower,0,44,90,3,137,0,2,74,7,83,0,46,164,10,220,130,0,130,350
06/20/2020,OPF,FL,ASO,ES,Federal Contract Tower,3,21,80,4,108,0,4,105,3,112,3,25,185,7,220,101,0,101,321
06/21/2020,OPF,FL,ASO,ES,Federal Contract Tower,0,34,94,0,128,0,1,88,9,98,0,35,182,9,226,53,0,53,279
06/22/2020,OPF,FL,ASO,ES,Federal Contract Tower,0,50,110,0,160,0,5,129,5,139,0,55,239,5,299,173,14,187,486
06/23/2020,OPF,FL,ASO,ES,Federal Contract Tower,1,46,115,3,165,0,7,121,6,134,1,53,236,9,299,233,16,249,548
06/24/2020,OPF,FL,ASO,ES,Federal Contract Tower,0,53,134,3,190,0,4,135,10,149,0,57,269,13,339,105,12,117,456
06/25/2020,OPF,FL,ASO,ES,Federal Contract Tower,0,34,141,1,176,0,9,129,15,153,0,43,270,16,329,138,4,142,471
06/26/2020,OPF,FL,ASO,ES,Federal Contract Tower,0,26,119,1,146,0,2,111,12,125,0,28,230,13,271,118,0,118,389
06/27/2020,OPF,FL,ASO,ES,Federal Contract Tower,0,30,88,3,121,0,2,113,6,121,0,32,201,9,242,97,16,113,355
06/28/2020,OPF,FL,ASO,ES,Federal Contract Tower,0,41,105,3,149,0,1,95,4,100,0,42,200,7,249,74,2,76,325
06/29/2020,OPF,FL,ASO,ES,Federal Contract Tower,0,50,115,1,166,0,8,125,11,144,0,58,240,12,310,244,0,244,554
06/30/2020,OPF,FL,ASO,ES,Federal Contract Tower,0,40,111,3,154,0,2,131,16,149,0,42,242,19,303,130,0,130,433
07/01/2020,OPF,FL,ASO,ES,Federal Contract Tower,0,43,130,10,183,0,6,111,7,124,0,49,241,17,307,229,14,243,550
07/02/2020,OPF,FL,ASO,ES,Federal Contract Tower,0,43,118,4,165,0,7,138,10,155,0,50,256,14,320,49,0,49,369
07/03/2020,OPF,FL,ASO,ES,Federal Contract Tower,0,25,119,2,146,0,6,135,18,159,0,31,254,20,305,59,0,59,364
07/04/2020,OPF,FL,ASO,ES,Federal Contract Tower,0,17,47,11,75,0,3,62,8,73,0,20,109,19,148,52,0,52,200
07/05/2020,OPF,FL,ASO,ES,Federal Contract Tower,0,26,73,4,103,0,2,42,6,50,0,28,115,10,153,20,18,38,191
07/06/2020,OPF,FL,ASO,ES,Federal Contract Tower,0,31,113,6,150,0,0,71,9,80,0,31,184,15,230,55,13,68,298
07/07/2020,OPF,FL,ASO,ES,Federal Contract Tower,0,33,104,9,146,0,3,97,13,113,0,36,201,22,259,211,21,232,491
07/08/2020,OPF,FL,ASO,ES,Federal Contract Tower,0,37,99,4,140,0,6,120,12,138,0,43,219,16,278,122,14,136,414
07/09/2020,OPF,FL,ASO,ES,Federal Contract Tower,0,41,117,6,164,0,1,162,11,174,0,42,279,17,338,145,2,147,485
07/10/2020,OPF,FL,ASO,ES,Federal Contract Tower,1,26,67,2,96,0,0,53,8,61,1,26,120,10,157,84,5,89,246
07/11/2020,OPF,FL,ASO,ES,Federal Contract Tower,0,13,75,4,92,0,1,77,4,82,0,14,152,8,174,99,0,99,273
07/12/2020,OPF,FL,ASO,ES,Federal Contract Tower,0,28,114,2,144,0,2,82,9,93,0,30,196,11,237,39,13,52,289
07/13/2020,OPF,FL,ASO,ES,Federal Contract Tower,0,32,118,2,152,0,2,112,19,133,0,34,230,21,285,214,31,245,530
07/14/2020,OPF,FL,ASO,ES,Federal Contract Tower,0,28,90,24,142,0,5,122,14,141,0,33,212,38,283,198,14,212,495
07/15/2020,OPF,FL,ASO,ES,Federal Contract Tower,0,37,99,2,138,0,2,90,13,105,0,39,189,15,243,180,6,186,429
07/16/2020,OPF,FL,ASO,ES,Federal Contract Tower,0,45,94,13,152,0,6,121,17,144,0,51,215,30,296,174,8,182,478
07/17/2020,OPF,FL,ASO,ES,Federal Contract Tower,0,30,68,3,101,0,2,52,17,71,0,32,120,20,172,75,31,106,278
07/18/2020,OPF,FL,ASO,ES,Federal Contract Tower,1,28,60,1,90,0,0,28,3,31,1,28,88,4,121,33,0,33,154
07/19/2020,OPF,FL,ASO,ES,Federal Contract Tower,0,32,71,4,107,0,2,79,5,86,0,34,150,9,193,51,4,55,248
07/20/2020,OPF,FL,ASO,ES,Federal Contract Tower,0,30,93,1,124,0,2,106,6,114,0,32,199,7,238,172,0,172,410
07/21/2020,OPF,FL,ASO,ES,Federal Contract Tower,0,39,79,3,121,0,5,110,20,135,0,44,189,23,256,116,0,116,372
07/22/2020,OPF,FL,ASO,ES,Federal Contract Tower,1,26,61,8,96,0,1,62,8,71,1,27,123,16,167,53,0,53,220
07/23/2020,OPF,FL,ASO,ES,Federal Contract Tower,1,44,70,1,116,0,1,70,10,81,1,45,140,11,197,191,4,195,392
07/24/2020,OPF,FL,ASO,ES,Federal Contract Tower,0,25,92,4,121,0,2,115,7,124,0,27,207,11,245,31,6,37,282
07/25/2020,OPF,FL,ASO,ES,Federal Contract Tower,0,14,47,0,61,0,0,77,7,84,0,14,124,7,145,151,0,151,296
07/26/2020,OPF,FL,ASO,ES,Federal Contract Tower,0,21,104,0,125,0,1,109,4,114,0,22,213,4,239,22,4,26,265
07/27/2020,OPF,FL,ASO,ES,Federal Contract Tower,0,23,101,1,125,0,5,121,9,135,0,28,222,10,260,154,15,169,429
07/28/2020,OPF,FL,ASO,ES,Federal Contract Tower,0,27,92,3,122,0,6,105,5,116,0,33,197,8,238,79,0,79,317
07/29/2020,OPF,FL,ASO,ES,Federal Contract Tower,0,25,116,1,142,0,2,123,12,137,0,27,239,13,279,173,6,179,458
07/30/2020,OPF,FL,ASO,ES,Federal Contract Tower,0,39,116,2,157,0,3,126,15,144,0,42,242,17,301,143,0,143,444
07/31/2020,OPF,FL,ASO,ES,Federal Contract Tower,0,36,132,3,171,0,1,118,8,127,0,37,250,11,298,207,21,228,526
08/01/2020,OPF,FL,ASO,ES,Federal Contract Tower,0,11,22,0,33,0,0,3,1,4,0,11,25,1,37,0,0,0,37
08/02/2020,OPF,FL,ASO,ES,Federal Contract Tower,0,8,36,6,50,0,0,9,2,11,0,8,45,8,61,0,0,0,61
08/03/2020,OPF,FL,ASO,ES,Federal Contract Tower,0,22,105,2,129,0,2,53,11,66,0,24,158,13,195,82,0,82,277
08/04/2020,OPF,FL,ASO,ES,Federal Contract Tower,0,23,90,3,116,0,4,96,4,104,0,27,186,7,220,112,0,112,332
08/05/2020,OPF,FL,ASO,ES,Federal Contract Tower,0,13,101,7,121,0,1,75,12,88,0,14,176,19,209,201,9,210,419
08/06/2020,OPF,FL,ASO,ES,Federal Contract Tower,0,35,109,4,148,0,3,132,11,146,0,38,241,15,294,173,5,178,472
08/07/2020,OPF,FL,ASO,ES,Federal Contract Tower,0,17,98,5,120,0,1,150,12,163,0,18,248,17,283,137,33,170,453
08/08/2020,OPF,FL,ASO,ES,Federal Contract Tower,0,28,57,0,85,0,1,74,6,81,0,29,131,6,166,136,2,138,304
08/09/2020,OPF,FL,ASO,ES,Federal Contract Tower,0,24,115,0,139,0,2,120,2,124,0,26,235,2,263,46,0,46,309
08/10/2020,OPF,FL,ASO,ES,Federal Contract Tower,0,38,126,5,169,0,4,122,10,136,0,42,248,15,305,190,8,198,503
08/11/2020,OPF,FL,ASO,ES,Federal Contract Tower,0,26,110,3,139,0,2,124,16,142,0,28,234,19,281,182,2,184,465
08/12/2020,OPF,FL,ASO,ES,Federal Contract Tower,0,26,94,5,125,0,3,86,5,94,0,29,180,10,219,139,6,145,364
08/13/2020,OPF,FL,ASO,ES,Federal Contract Tower,0,41,136,2,179,0,1,151,6,158,0,42,287,8,337,168,0,168,505
08/14/2020,OPF,FL,ASO,ES,Federal Contract Tower,0,27,92,8,127,0,1,109,10,120,0,28,201,18,247,157,18,175,422
08/15/2020,OPF,FL,ASO,ES,Federal Contract Tower,0,29,84,2,115,0,2,78,5,85,0,31,162,7,200,126,0,126,326
08/16/2020,OPF,FL,ASO,ES,Federal Contract Tower,0,25,98,0,123,0,4,60,2,66,0,29,158,2,189,63,0,63,252
08/17/2020,OPF,FL,ASO,ES,Federal Contract Tower,0,36,108,6,150,0,3,98,10,111,0,39,206,16,261,122,33,155,416
08/18/2020,OPF,FL,ASO,ES,Federal Contract Tower,0,29,108,3,140,0,3,109,1,113,0,32,217,4,253,113,0,113,366
08/19/2020,OPF,FL,ASO,ES,Federal Contract Tower,0,27,102,1,130,0,4,71,5,80,0,31,173,6,210,150,0,150,360
08/20/2020,OPF,FL,ASO,ES,Federal Contract Tower,0,33,119,5,157,0,0,96,15,111,0,33,215,20,268,88,2,90,358
08/21/2020,OPF,FL,ASO,ES,Federal Contract Tower,0,37,91,3,131,0,1,115,19,135,0,38,206,22,266,191,16,207,473
08/22/2020,OPF,FL,ASO,ES,Federal Contract Tower,0,13,79,1,93,0,4,96,11,111,0,17,175,12,204,84,1,85,289
08/23/2020,OPF,FL,ASO,ES,Federal Contract Tower,0,29,89,3,121,0,1,57,8,66,0,30,146,11,187,58,24,82,269
08/24/2020,OPF,FL,ASO,ES,Federal Contract Tower,0,32,56,6,94,0,1,41,6,48,0,33,97,12,142,15,31,46,188
08/25/2020,OPF,FL,ASO,ES,Federal Contract Tower,0,32,122,3,157,0,1,104,15,120,0,33,226,18,277,129,0,129,406
08/26/2020,OPF,FL,ASO,ES,Federal Contract Tower,0,28,115,4,147,0,1,114,18,133,0,29,229,22,280,164,19,183,463
08/27/2020,OPF,FL,ASO,ES,Federal Contract Tower,0,28,108,13,149,0,2,130,9,141,0,30,238,22,290,161,4,165,455
08/28/2020,OPF,FL,ASO,ES,Federal Contract Tower,0,29,104,7,140,0,0,135,10,145,0,29,239,17,285,192,17,209,494
08/29/2020,OPF,FL,ASO,ES,Federal Contract Tower,0,14,65,9,88,0,0,98,5,103,0,14,163,14,191,136,7,143,334
08/30/2020,OPF,FL,ASO,ES,Federal Contract Tower,0,22,88,1,111,0,4,51,5,60,0,26,139,6,171,13,0,13,184
08/31/2020,OPF,FL,ASO,ES,Federal Contract Tower,0,28,107,11,146,0,0,75,14,89,0,28,182,25,235,143,22,165,400
09/01/2020,OPF,FL,ASO,ES,Federal Contract Tower,0,25,103,8,136,0,4,151,17,172,0,29,254,25,308,179,1,180,488
09/02/2020,OPF,FL,ASO,ES,Federal Contract Tower,0,29,128,10,167,0,4,151,18,173,0,33,279,28,340,109,31,140,480
09/03/2020,OPF,FL,ASO,ES,Federal Contract Tower,0,40,134,4,178,0,3,133,15,151,0,43,267,19,329,112,9,121,450
09/04/2020,OPF,FL,ASO,ES,Federal Contract Tower,0,39,132,3,174,0,2,131,14,147,0,41,263,17,321,199,0,199,520
09/05/2020,OPF,FL,ASO,ES,Federal Contract Tower,0,18,71,4,93,0,2,84,8,94,0,20,155,12,187,123,0,123,310
09/06/2020,OPF,FL,ASO,ES,Federal Contract Tower,0,22,46,2,70,0,1,51,9,61,0,23,97,11,131,8,0,8,139
09/07/2020,OPF,FL,ASO,ES,Federal Contract Tower,0,34,112,8,154,0,6,65,9,80,0,40,177,17,234,72,19,91,325
09/08/2020,OPF,FL,ASO,ES,Federal Contract Tower,0,30,104,3,137,0,3,60,16,79,0,33,164,19,216,99,7,106,322
09/09/2020,OPF,FL,ASO,ES,Federal Contract Tower,0,29,115,9,153,0,2,75,8,85,0,31,190,17,238,128,8,136,374
09/10/2020,OPF,FL,ASO,ES,Federal Contract Tower,0,33,92,9,134,0,1,86,12,99,0,34,178,21,233,213,0,213,446
09/11/2020,OPF,FL,ASO,ES,Federal Contract Tower,0,32,118,5,155,0,4,121,11,136,0,36,239,16,291,163,0,163,454
09/12/2020,OPF,FL,ASO,ES,Federal Contract Tower,0,20,40,3,63,0,0,3,2,5,0,20,43,5,68,0,0,0,68
09/13/2020,OPF,FL,ASO,ES,Federal Contract Tower,0,24,87,5,116,0,0,43,3,46,0,24,130,8,162,15,0,15,177
09/14/2020,OPF,FL,ASO,ES,Federal Contract Tower,0,31,123,3,157,0,4,124,9,137,0,35,247,12,294,175,10,185,479
09/15/2020,OPF,FL,ASO,ES,Federal Contract Tower,0,34,122,7,163,0,1,172,9,182,0,35,294,16,345,285,0,285,630
09/16/2020,OPF,FL,ASO,ES,Federal Contract Tower,0,36,151,3,190,0,5,137,10,152,0,41,288,13,342,120,19,139,481
09/17/2020,OPF,FL,ASO,ES,Federal Contract Tower,0,33,144,3,180,0,5,169,12,186,0,38,313,15,366,210,2,212,578
09/18/2020,OPF,FL,ASO,ES,Federal Contract Tower,0,36,136,5,177,0,0,134,13,147,0,36,270,18,324,202,0,202,526
09/19/2020,OPF,FL,ASO,ES,Federal Contract Tower,0,26,69,6,101,0,0,96,9,105,0,26,165,15,206,183,6,189,395
09/20/2020,OPF,FL,ASO,ES,Federal Contract Tower,2,20,86,4,112,0,2,53,9,64,2,22,139,13,176,40,18,58,234
09/21/2020,OPF,FL,ASO,ES,Federal Contract Tower,0,65,69,6,140,0,0,4,1,5,0,65,73,7,145,0,7,7,152
09/22/2020,OPF,FL,ASO,ES,Federal Contract Tower,0,21,113,9,143,0,3,102,6,111,0,24,215,15,254,97,0,97,351
09/23/2020,OPF,FL,ASO,ES,Federal Contract Tower,0,38,100,4,142,0,1,112,14,127,0,39,212,18,269,181,0,181,450
09/24/2020,OPF,FL,ASO,ES,Federal Contract Tower,0,37,98,9,144,0,0,45,9,54,0,37,143,18,198,60,15,75,273
09/25/2020,OPF,FL,ASO,ES,Federal Contract Tower,0,37,82,4,123,0,4,65,8,77,0,41,147,12,200,131,0,131,331
09/26/2020,OPF,FL,ASO,ES,Federal Contract Tower,0,29,72,5,106,0,1,80,6,87,0,30,152,11,193,77,0,77,270
09/27/2020,OPF,FL,ASO,ES,Federal Contract Tower,0,27,110,1,138,0,0,74,7,81,0,27,184,8,219,81,5,86,305
09/28/2020,OPF,FL,ASO,ES,Federal Contract Tower,0,28,70,5,103,0,2,81,8,91,0,30,151,13,194,108,1,109,303
09/29/2020,OPF,FL,ASO,ES,Federal Contract Tower,0,41,118,3,162,0,5,110,15,130,0,46,228,18,292,204,5,209,501
09/30/2020,OPF,FL,ASO,ES,Federal Contract Tower,0,33,121,2,156,0,5,101,13,119,0,38,222,15,275,169,21,190,465
10/01/2020,OPF,FL,ASO,ES,Federal Contract Tower,0,43,120,3,166,0,4,58,19,81,0,47,178,22,247,130,13,143,390
10/02/2020,OPF,FL,ASO,ES,Federal Contract Tower,0,41,101,6,148,0,0,69,8,77,0,41,170,14,225,93,6,99,324
10/03/2020,OPF,FL,ASO,ES,Federal Contract Tower,0,24,67,4,95,1,3,24,7,35,1,27,91,11,130,56,0,56,186
10/04/2020,OPF,FL,ASO,ES,Federal Contract Tower,0,40,106,0,146,0,8,61,7,76,0,48,167,7,222,47,0,47,269
10/05/2020,OPF,FL,ASO,ES,Federal Contract Tower,0,36,112,8,156,0,1,113,21,135,0,37,225,29,291,97,26,123,414
10/06/2020,OPF,FL,ASO,ES,Federal Contract Tower,0,32,100,4,136,0,7,99,8,114,0,39,199,12,250,119,0,119,369
10/07/2020,OPF,FL,ASO,ES,Federal Contract Tower,0,23,123,3,149,0,6,167,12,185,0,29,290,15,334,131,37,168,502
10/08/2020,OPF,FL,ASO,ES,Federal Contract Tower,0,33,137,7,177,0,4,131,12,147,0,37,268,19,324,165,3,168,492
10/09/2020,OPF,FL,ASO,ES,Federal Contract Tower,0,44,117,4,165,0,2,127,3,132,0,46,244,7,297,179,0,179,476
10/10/2020,OPF,FL,ASO,ES,Federal Contract Tower,1,26,60,1,88,0,1,94,7,102,1,27,154,8,190,139,0,139,329
10/11/2020,OPF,FL,ASO,ES,Federal Contract Tower,0,41,91,2,134,0,1,55,8,64,0,42,146,10,198,65,0,65,263
10/12/2020,OPF,FL,ASO,ES,Federal Contract Tower,0,41,116,3,160,0,10,88,4,102,0,51,204,7,262,123,0,123,385
10/13/2020,OPF,FL,ASO,ES,Federal Contract Tower,0,39,124,6,169,0,4,123,18,145,0,43,247,24,314,253,16,269,583
10/14/2020,OPF,FL,ASO,ES,Federal Contract Tower,0,62,142,1,205,0,4,142,17,163,0,66,284,18,368,202,15,217,585
10/15/2020,OPF,FL,ASO,ES,Federal Contract Tower,0,42,81,4,127,0,3,72,5,80,0,45,153,9,207,110,5,115,322
10/16/2020,OPF,FL,ASO,ES,Federal Contract Tower,0,29,60,2,91,0,1,13,0,14,0,30,73,2,105,2,0,2,107
10/17/2020,OPF,FL,ASO,ES,Federal Contract Tower,0,34,98,1,133,0,3,95,8,106,0,37,193,9,239,160,0,160,399
10/18/2020,OPF,FL,ASO,ES,Federal Contract Tower,0,41,134,1,176,0,1,62,7,70,0,42,196,8,246,52,0,52,298
10/19/2020,OPF,FL,ASO,ES,Federal Contract Tower,0,42,88,3,133,0,2,46,9,57,0,44,134,12,190,160,29,189,379
10/20/2020,OPF,FL,ASO,ES,Federal Contract Tower,0,41,108,7,156,0,4,62,5,71,0,45,170,12,227,92,14,106,333
10/21/2020,OPF,FL,ASO,ES,Federal Contract Tower,0,40,79,18,137,0,0,5,1,6,0,40,84,19,143,19,9,28,171
10/22/2020,OPF,FL,ASO,ES,Federal Contract Tower,0,52,126,7,185,0,2,82,15,99,0,54,208,22,284,148,7,155,439
10/23/2020,OPF,FL,ASO,ES,Federal Contract Tower,0,43,108,2,153,0,1,118,10,129,0,44,226,12,282,227,0,227,509
10/24/2020,OPF,FL,ASO,ES,Federal Contract Tower,0,25,87,0,112,0,0,82,12,94,0,25,169,12,206,123,0,123,329
10/25/2020,OPF,FL,ASO,ES,Federal Contract Tower,0,29,117,1,147,0,0,28,8,36,0,29,145,9,183,16,0,16,199
10/26/2020,OPF,FL,ASO,ES,Federal Contract Tower,0,39,143,8,190,0,1,90,7,98,0,40,233,15,288,224,21,245,533
10/27/2020,OPF,FL,ASO,ES,Federal Contract Tower,0,44,126,5,175,0,5,145,9,159,0,49,271,14,334,195,17,212,546
10/28/2020,OPF,FL,ASO,ES,Federal Contract Tower,0,42,139,6,187,0,2,116,15,133,0,44,255,21,320,230,0,230,550
10/29/2020,OPF,FL,ASO,ES,Federal Contract Tower,0,36,96,0,132,0,1,61,17,79,0,37,157,17,211,83,0,83,294
10/30/2020,OPF,FL,ASO,ES,Federal Contract Tower,0,43,102,7,152,0,1,107,12,120,0,44,209,19,272,151,12,163,435
10/31/2020,OPF,FL,ASO,ES,Federal Contract Tower,0,28,84,2,114,0,1,58,3,62,0,29,142,5,176,104,1,105,281
11/01/2020,OPF,FL,ASO,ES,Federal Contract Tower,0,61,143,2,206,0,7,60,4,71,0,68,203,6,277,49,0,49,326
11/02/2020,OPF,FL,ASO,ES,Federal Contract Tower,0,41,95,2,138,0,2,16,7,25,0,43,111,9,163,12,0,12,175
11/03/2020,OPF,FL,ASO,ES,Federal Contract Tower,0,39,103,4,146,0,2,47,8,57,0,41,150,12,203,44,0,44,247
11/04/2020,OPF,FL,ASO,ES,Federal Contract Tower,0,43,90,2,135,0,0,51,3,54,0,43,141,5,189,95,0,95,284
11/05/2020,OPF,FL,ASO,ES,Federal Contract Tower,0,34,89,6,129,0,0,35,10,45,0,34,124,16,174,78,0,78,252
11/06/2020,OPF,FL,ASO,ES,Federal Contract Tower,0,22,99,11,132,0,2,63,8,73,0,24,162,19,205,149,8,157,362
11/07/2020,OPF,FL,ASO,ES,Federal Contract Tower,0,32,83,1,116,0,1,16,2,19,0,33,99,3,135,62,0,62,197
11/08/2020,OPF,FL,ASO,ES,Federal Contract Tower,0,20,47,0,67,0,0,1,0,1,0,20,48,0,68,0,0,0,68
11/09/2020,OPF,FL,ASO,ES,Federal Contract Tower,0,18,50,2,70,0,4,17,6,27,0,22,67,8,97,2,0,2,99
11/10/2020,OPF,FL,ASO,ES,Federal Contract Tower,1,46,73,4,124,0,1,45,8,54,1,47,118,12,178,12,0,12,190
11/11/2020,OPF,FL,ASO,ES,Federal Contract Tower,0,34,91,1,126,0,2,41,5,48,0,36,132,6,174,37,1,38,212
11/12/2020,OPF,FL,ASO,ES,Federal Contract Tower,0,48,113,7,168,0,1,48,10,59,0,49,161,17,227,38,7,45,272
11/13/2020,OPF,FL,ASO,ES,Federal Contract Tower,0,57,110,6,173,0,2,87,11,100,0,59,197,17,273,66,17,83,356
11/14/2020,OPF,FL,ASO,ES,Federal Contract Tower,0,25,93,0,118,0,2,103,7,112,0,27,196,7,230,133,0,133,363
11/15/2020,OPF,FL,ASO,ES,Federal Contract Tower,0,42,146,2,190,0,1,67,14,82,0,43,213,16,272,175,33,208,480
11/16/2020,OPF,FL,ASO,ES,Federal Contract Tower,0,51,140,12,203,0,9,119,14,142,0,60,259,26,345,140,24,164,509
11/17/2020,OPF,FL,ASO,ES,Federal Contract Tower,0,46,140,4,190,0,2,130,7,139,0,48,270,11,329,101,0,101,430
11/18/2020,OPF,FL,ASO,ES,Federal Contract Tower,0,53,115,3,171,0,1,78,18,97,0,54,193,21,268,61,0,61,329
11/19/2020,OPF,FL,ASO,ES,Federal Contract Tower,0,53,140,4,197,0,3,57,15,75,0,56,197,19,272,33,0,33,305
11/20/2020,OPF,FL,ASO,ES,Federal Contract Tower,0,59,147,3,209,0,2,59,11,72,0,61,206,14,281,76,12,88,369
11/21/2020,OPF,FL,ASO,ES,Federal Contract Tower,0,63,127,3,193,0,1,91,11,103,0,64,218,14,296,75,0,75,371
11/22/2020,OPF,FL,ASO,ES,Federal Contract Tower,0,64,152,5,221,0,1,51,6,58,0,65,203,11,279,89,26,115,394
11/23/2020,OPF,FL,ASO,ES,Federal Contract Tower,0,53,140,3,196,0,5,112,14,131,0,58,252,17,327,133,8,141,468
11/24/2020,OPF,FL,ASO,ES,Federal Contract Tower,0,79,169,4,252,0,4,145,14,163,0,83,314,18,415,227,5,232,647
11/25/2020,OPF,FL,ASO,ES,Federal Contract Tower,0,61,148,3,212,0,2,105,4,111,0,63,253,7,323,152,0,152,475
11/26/2020,OPF,FL,ASO,ES,Federal Contract Tower,0,26,50,0,76,0,2,76,1,79,0,28,126,1,155,82,0,82,237
11/27/2020,OPF,FL,ASO,ES,Federal Contract Tower,0,44,100,1,145,0,4,121,5,130,0,48,221,6,275,166,42,208,483
11/28/2020,OPF,FL,ASO,ES,Federal Contract Tower,0,39,101,0,140,0,1,99,3,103,0,40,200,3,243,154,0,154,397
11/29/2020,OPF,FL,ASO,ES,Federal Contract Tower,0,84,193,1,278,0,2,72,2,76,0,86,265,3,354,33,0,33,387
11/30/2020,OPF,FL,ASO,ES,Federal Contract Tower,0,79,114,2,195,0,1,79,9,89,0,80,193,11,284,86,33,119,403
12/01/2020,OPF,FL,ASO,ES,Federal Contract Tower,0,64,115,2,181,0,3,106,17,126,0,67,221,19,307,90,2,92,399
12/02/2020,OPF,FL,ASO,ES,Federal Contract Tower,0,60,135,5,200,0,0,114,16,130,0,60,249,21,330,102,22,124,454
12/03/2020,OPF,FL,ASO,ES,Federal Contract Tower,1,66,151,6,224,0,0,132,16,148,1,66,283,22,372,129,10,139,511
12/04/2020,OPF,FL,ASO,ES,Federal Contract Tower,0,70,120,3,193,0,2,127,14,143,0,72,247,17,336,137,15,152,488
12/05/2020,OPF,FL,ASO,ES,Federal Contract Tower,0,45,92,13,150,0,4,92,6,102,0,49,184,19,252,107,19,126,378
12/06/2020,OPF,FL,ASO,ES,Federal Contract Tower,0,66,124,2,192,0,0,71,7,78,0,66,195,9,270,154,10,164,434
12/07/2020,OPF,FL,ASO,ES,Federal Contract Tower,0,59,118,10,187,0,4,57,8,69,0,63,175,18,256,93,5,98,354
12/08/2020,OPF,FL,ASO,ES,Federal Contract Tower,0,57,138,7,202,0,2,118,19,139,0,59,256,26,341,191,13,204,545
12/09/2020,OPF,FL,ASO,ES,Federal Contract Tower,0,64,147,3,214,0,3,83,11,97,0,67,230,14,311,94,6,100,411
12/10/2020,OPF,FL,ASO,ES,Federal Contract Tower,0,79,144,4,227,0,6,131,18,155,0,85,275,22,382,168,4,172,554
12/11/2020,OPF,FL,ASO,ES,Federal Contract Tower,0,61,133,7,201,0,3,104,16,123,0,64,237,23,324,86,0,86,410
12/12/2020,OPF,FL,ASO,ES,Federal Contract Tower,0,68,92,1,161,0,0,87,8,95,0,68,179,9,256,83,9,92,348
12/13/2020,OPF,FL,ASO,ES,Federal Contract Tower,0,68,143,3,214,0,2,72,7,81,0,70,215,10,295,78,2,80,375
12/14/2020,OPF,FL,ASO,ES,Federal Contract Tower,0,54,144,3,201,0,3,101,12,116,0,57,245,15,317,121,9,130,447
12/15/2020,OPF,FL,ASO,ES,Federal Contract Tower,0,69,150,3,222,0,6,110,11,127,0,75,260,14,349,209,4,213,562
12/16/2020,OPF,FL,ASO,ES,Federal Contract Tower,0,61,142,1,204,0,1,114,0,115,0,62,256,1,319,146,0,146,465
12/17/2020,OPF,FL,ASO,ES,Federal Contract Tower,0,84,158,3,245,0,13,83,9,105,0,97,241,12,350,134,0,134,484
12/18/2020,OPF,FL,ASO,ES,Federal Contract Tower,0,94,173,3,270,0,1,91,12,104,0,95,264,15,374,70,0,70,444
12/19/2020,OPF,FL,ASO,ES,Federal Contract Tower,0,91,149,0,240,0,8,119,16,143,0,99,268,16,383,49,0,49,432
12/20/2020,OPF,FL,ASO,ES,Federal Contract Tower,0,94,173,1,268,0,2,61,6,69,0,96,234,7,337,26,43,69,406
12/21/2020,OPF,FL,ASO,ES,Federal Contract Tower,0,69,146,0,215,0,4,98,4,106,0,73,244,4,321,100,0,100,421
12/22/2020,OPF,FL,ASO,ES,Federal Contract Tower,0,84,158,0,242,0,5,115,9,129,0,89,273,9,371,45,0,45,416
12/23/2020,OPF,FL,ASO,ES,Federal Contract Tower,0,83,172,1,256,0,4,89,6,99,0,87,261,7,355,124,0,124,479
12/24/2020,OPF,FL,ASO,ES,Federal Contract Tower,0,62,92,3,157,0,0,54,2,56,0,62,146,5,213,20,0,20,233
12/25/2020,OPF,FL,ASO,ES,Federal Contract Tower,0,48,77,0,125,0,3,24,0,27,0,51,101,0,152,33,0,33,185
12/26/2020,OPF,FL,ASO,ES,Federal Contract Tower,0,91,183,0,274,0,5,95,7,107,0,96,278,7,381,13,0,13,394
12/27/2020,OPF,FL,ASO,ES,Federal Contract Tower,0,83,192,0,275,0,7,103,8,118,0,90,295,8,393,7,0,7,400
12/28/2020,OPF,FL,ASO,ES,Federal Contract Tower,0,74,212,0,286,0,4,85,8,97,0,78,297,8,383,106,0,106,489
12/29/2020,OPF,FL,ASO,ES,Federal Contract Tower,0,80,144,2,226,0,18,115,6,139,0,98,259,8,365,114,6,120,485
12/30/2020,OPF,FL,ASO,ES,Federal Contract Tower,0,89,149,1,239,0,5,50,5,60,0,94,199,6,299,62,0,62,361
12/31/2020,OPF,FL,ASO,ES,Federal Contract Tower,0,48,93,0,141,0,4,58,8,70,0,52,151,8,211,19,0,19,230
01/01/2021,OPF,FL,ASO,ES,Federal Contract Tower,0,75,102,0,177,0,0,53,6,59,0,75,155,6,236,4,0,4,240
01/02/2021,OPF,FL,ASO,ES,Federal Contract Tower,0,86,218,1,305,0,2,66,7,75,0,88,284,8,380,4,2,6,386
01/03/2021,OPF,FL,ASO,ES,Federal Contract Tower,0,116,222,0,338,0,0,79,8,87,0,116,301,8,425,8,0,8,433
01/04/2021,OPF,FL,ASO,ES,Federal Contract Tower,1,106,165,1,273,0,0,72,7,79,1,106,237,8,352,80,18,98,450
01/05/2021,OPF,FL,ASO,ES,Federal Contract Tower,1,76,155,2,234,0,4,101,11,116,1,80,256,13,350,97,0,97,447
01/06/2021,OPF,FL,ASO,ES,Federal Contract Tower,0,75,139,5,219,0,3,111,13,127,0,78,250,18,346,72,7,79,425
01/07/2021,OPF,FL,ASO,ES,Federal Contract Tower,0,53,154,2,209,0,5,107,11,123,0,58,261,13,332,91,2,93,425
01/08/2021,OPF,FL,ASO,ES,Federal Contract Tower,0,58,151,2,211,0,2,106,5,113,0,60,257,7,324,66,0,66,390
01/09/2021,OPF,FL,ASO,ES,Federal Contract Tower,0,55,134,2,191,0,2,113,5,120,0,57,247,7,311,61,0,61,372
01/10/2021,OPF,FL,ASO,ES,Federal Contract Tower,0,86,188,1,275,0,5,87,11,103,0,91,275,12,378,6,0,6,384
01/11/2021,OPF,FL,ASO,ES,Federal Contract Tower,0,77,192,4,273,0,7,74,14,95,0,84,266,18,368,149,33,182,550
01/12/2021,OPF,FL,ASO,ES,Federal Contract Tower,0,68,187,4,259,0,2,76,17,95,0,70,263,21,354,67,0,67,421
01/13/2021,OPF,FL,ASO,ES,Federal Contract Tower,0,65,129,2,196,0,0,84,14,98,0,65,213,16,294,211,40,251,545
01/14/2021,OPF,FL,ASO,ES,Federal Contract Tower,0,75,144,3,222,0,0,74,5,79,0,75,218,8,301,159,0,159,460
01/15/2021,OPF,FL,ASO,ES,Federal Contract Tower,0,88,166,4,258,0,1,86,6,93,0,89,252,10,351,144,13,157,508
01/16/2021,OPF,FL,ASO,ES,Federal Contract Tower,0,44,109,0,153,0,2,96,4,102,0,46,205,4,255,61,0,61,316
01/17/2021,OPF,FL,ASO,ES,Federal Contract Tower,0,64,128,0,192,0,0,49,4,53,0,64,177,4,245,78,0,78,323
01/18/2021,OPF,FL,ASO,ES,Federal Contract Tower,0,73,139,0,212,0,4,111,7,122,0,77,250,7,334,87,0,87,421
01/19/2021,OPF,FL,ASO,ES,Federal Contract Tower,0,56,148,7,211,0,6,147,16,169,0,62,295,23,380,121,5,126,506
01/20/2021,OPF,FL,ASO,ES,Federal Contract Tower,0,55,136,4,195,0,1,110,13,124,0,56,246,17,319,109,45,154,473
01/21/2021,OPF,FL,ASO,ES,Federal Contract Tower,0,69,163,4,236,0,0,113,11,124,0,69,276,15,360,87,2,89,449
01/22/2021,OPF,FL,ASO,ES,Federal Contract Tower,0,63,153,3,219,0,1,133,11,145,0,64,286,14,364,135,0,135,499
01/23/2021,OPF,FL,ASO,ES,Federal Contract Tower,0,48,103,0,151,0,6,89,7,102,0,54,192,7,253,145,0,145,398
01/24/2021,OPF,FL,ASO,ES,Federal Contract Tower,0,70,146,2,218,0,2,77,10,89,0,72,223,12,307,15,4,19,326
01/25/2021,OPF,FL,ASO,ES,Federal Contract Tower,0,85,139,5,229,0,5,93,13,111,0,90,232,18,340,99,16,115,455
01/26/2021,OPF,FL,ASO,ES,Federal Contract Tower,0,46,151,1,198,0,6,123,21,150,0,52,274,22,348,134,24,158,506
01/27/2021,OPF,FL,ASO,ES,Federal Contract Tower,0,74,130,1,205,0,3,118,13,134,0,77,248,14,339,159,12,171,510
01/28/2021,OPF,FL,ASO,ES,Federal Contract Tower,0,82,164,5,251,0,1,87,14,102,0,83,251,19,353,37,0,37,390
01/29/2021,OPF,FL,ASO,ES,Federal Contract Tower,0,61,139,7,207,0,1,121,11,133,0,62,260,18,340,95,0,95,435
01/30/2021,OPF,FL,ASO,ES,Federal Contract Tower,0,44,127,3,174,0,8,106,6,120,0,52,233,9,294,66,0,66,360
01/31/2021,OPF,FL,ASO,ES,Federal Contract Tower,0,91,160,0,251,0,2,41,6,49,0,93,201,6,300,24,0,24,324
02/01/2021,OPF,FL,ASO,ES,Federal Contract Tower,1,44,102,10,157,0,5,43,10,58,1,49,145,20,215,18,0,18,233
02/02/2021,OPF,FL,ASO,ES,Federal Contract Tower,0,71,126,3,200,0,5,72,11,88,0,76,198,14,288,58,12,70,358
02/03/2021,OPF,FL,ASO,ES,Federal Contract Tower,0,98,178,8,284,0,3,126,14,143,0,101,304,22,427,166,1,167,594
02/04/2021,OPF,FL,ASO,ES,Federal Contract Tower,0,71,151,0,222,0,7,126,16,149,0,78,277,16,371,120,0,120,491
02/05/2021,OPF,FL,ASO,ES,Federal Contract Tower,0,65,157,3,225,0,4,126,19,149,0,69,283,22,374,81,54,135,509
02/06/2021,OPF,FL,ASO,ES,Federal Contract Tower,0,41,117,2,160,0,1,74,3,78,0,42,191,5,238,12,0,12,250
02/07/2021,OPF,FL,ASO,ES,Federal Contract Tower,0,57,123,1,181,0,0,55,8,63,0,57,178,9,244,20,0,20,264
02/08/2021,OPF,FL,ASO,ES,Federal Contract Tower,0,84,156,3,243,0,2,73,10,85,0,86,229,13,328,59,0,59,387
02/09/2021,OPF,FL,ASO,ES,Federal Contract Tower,0,76,147,2,225,0,4,143,14,161,0,80,290,16,386,163,10,173,559
02/10/2021,OPF,FL,ASO,ES,Federal Contract Tower,0,98,161,2,261,0,3,144,19,166,0,101,305,21,427,140,0,140,567
02/11/2021,OPF,FL,ASO,ES,Federal Contract Tower,0,109,191,2,302,0,2,142,18,162,0,111,333,20,464,44,0,44,508
02/12/2021,OPF,FL,ASO,ES,Federal Contract Tower,0,104,195,1,300,0,1,107,12,120,0,105,302,13,420,67,7,74,494
02/13/2021,OPF,FL,ASO,ES,Federal Contract Tower,0,81,146,0,227,0,1,57,9,67,0,82,203,9,294,25,4,29,323
02/14/2021,OPF,FL,ASO,ES,Federal Contract Tower,0,73,159,1,233,0,4,70,5,79,0,77,229,6,312,2,13,15,327
02/15/2021,OPF,FL,ASO,ES,Federal Contract Tower,0,88,201,9,298,0,6,94,4,104,0,94,295,13,402,6,0,6,408
02/16/2021,OPF,FL,ASO,ES,Federal Contract Tower,1,80,134,6,221,0,2,33,12,47,1,82,167,18,268,29,25,54,322
02/17/2021,OPF,FL,ASO,ES,Federal Contract Tower,1,71,188,7,267,0,1,84,13,98,1,72,272,20,365,156,26,182,547
02/18/2021,OPF,FL,ASO,ES,Federal Contract Tower,0,58,169,2,229,0,3,123,13,139,0,61,292,15,368,57,19,76,444
02/19/2021,OPF,FL,ASO,ES,Federal Contract Tower,0,62,173,1,236,0,1,78,5,84,0,63,251,6,320,73,34,107,427
02/20/2021,OPF,FL,ASO,ES,Federal Contract Tower,1,71,141,1,214,0,6,101,3,110,1,77,242,4,324,54,0,54,378
02/21/2021,OPF,FL,ASO,ES,Federal Contract Tower,0,74,186,1,261,0,3,79,6,88,0,77,265,7,349,45,0,45,394
02/22/2021,OPF,FL,ASO,ES,Federal Contract Tower,0,62,172,1,235,0,4,90,18,112,0,66,262,19,347,121,20,141,488
02/23/2021,OPF,FL,ASO,ES,Federal Contract Tower,0,80,125,2,207,0,3,91,16,110,0,83,216,18,317,158,13,171,488
02/24/2021,OPF,FL,ASO,ES,Federal Contract Tower,0,63,156,3,222,0,3,110,16,129,0,66,266,19,351,248,18,266,617
02/25/2021,OPF,FL,ASO,ES,Federal Contract Tower,0,68,195,2,265,0,1,177,17,195,0,69,372,19,460,213,7,220,680
02/26/2021,OPF,FL,ASO,ES,Federal Contract Tower,0,63,185,3,251,0,1,140,13,154,0,64,325,16,405,162,2,164,569
02/27/2021,OPF,FL,ASO,ES,Federal Contract Tower,0,41,126,2,169,0,3,85,7,95,0,44,211,9,264,115,6,121,385
02/28/2021,OPF,FL,ASO,ES,Federal Contract Tower,1,102,215,1,319,0,4,59,7,70,1,106,274,8,389,28,0,28,417
03/01/2021,OPF,FL,ASO,ES,Federal Contract Tower,0,82,185,1,268,0,4,114,15,133,0,86,299,16,401,161,0,161,562
03/02/2021,OPF,FL,ASO,ES,Federal Contract Tower,0,77,166,1,244,0,3,139,9,151,0,80,305,10,395,205,0,205,600
03/03/2021,OPF,FL,ASO,ES,Federal Contract Tower,0,72,176,1,249,0,0,96,9,105,0,72,272,10,354,99,0,99,453
03/04/2021,OPF,FL,ASO,ES,Federal Contract Tower,0,78,184,5,267,0,7,126,17,150,0,85,310,22,417,204,4,208,625
03/05/2021,OPF,FL,ASO,ES,Federal Contract Tower,0,92,178,4,274,0,4,127,10,141,0,96,305,14,415,158,4,162,577
03/06/2021,OPF,FL,ASO,ES,Federal Contract Tower,1,64,116,1,182,1,1,65,11,78,2,65,181,12,260,96,0,96,356
03/07/2021,OPF,FL,ASO,ES,Federal Contract Tower,0,96,157,2,255,0,5,66,3,74,0,101,223,5,329,4,10,14,343
03/08/2021,OPF,FL,ASO,ES,Federal Contract Tower,0,80,158,3,241,0,3,71,11,85,0,83,229,14,326,57,0,57,383
03/09/2021,OPF,FL,ASO,ES,Federal Contract Tower,0,73,123,4,200,0,1,87,15,103,0,74,210,19,303,61,16,77,380
03/10/2021,OPF,FL,ASO,ES,Federal Contract Tower,0,84,139,4,227,0,4,66,12,82,0,88,205,16,309,53,0,53,362
03/11/2021,OPF,FL,ASO,ES,Federal Contract Tower,1,81,201,0,283,0,2,143,13,158,1,83,344,13,441,100,2,102,543
03/12/2021,OPF,FL,ASO,ES,Federal Contract Tower,0,90,192,6,288,0,2,108,12,122,0,92,300,18,410,101,0,101,511
03/13/2021,OPF,FL,ASO,ES,Federal Contract Tower,0,68,149,2,219,0,3,132,6,141,0,71,281,8,360,86,0,86,446
03/14/2021,OPF,FL,ASO,ES,Federal Contract Tower,0,79,203,3,285,0,0,91,10,101,0,79,294,13,386,95,0,95,481
03/15/2021,OPF,FL,ASO,ES,Federal Contract Tower,0,82,179,4,265,0,5,119,18,142,0,87,298,22,407,86,9,95,502
03/16/2021,OPF,FL,ASO,ES,Federal Contract Tower,0,72,167,4,243,0,3,135,13,151,0,75,302,17,394,159,11,170,564
03/17/2021,OPF,FL,ASO,ES,Federal Contract Tower,0,83,169,3,255,0,10,130,10,150,0,93,299,13,405,117,2,119,524
03/18/2021,OPF,FL,ASO,ES,Federal Contract Tower,0,83,175,5,263,0,1,109,17,127,0,84,284,22,390,90,0,90,480
03/19/2021,OPF,FL,ASO,ES,Federal Contract Tower,0,109,193,4,306,0,2,141,4,147,0,111,334,8,453,125,18,143,596
03/20/2021,OPF,FL,ASO,ES,Federal Contract Tower,0,82,161,1,244,0,10,108,8,126,0,92,269,9,370,88,0,88,458
03/21/2021,OPF,FL,ASO,ES,Federal Contract Tower,0,86,198,0,284,0,0,60,4,64,0,86,258,4,348,89,0,89,437
03/22/2021,OPF,FL,ASO,ES,Federal Contract Tower,1,66,141,4,212,0,0,122,20,142,1,66,263,24,354,216,0,216,570
03/23/2021,OPF,FL,ASO,ES,Federal Contract Tower,0,78,152,5,235,0,4,132,15,151,0,82,284,20,386,189,1,190,576
03/24/2021,OPF,FL,ASO,ES,Federal Contract Tower,0,110,186,9,305,0,2,136,15,153,0,112,322,24,458,113,0,113,571
03/25/2021,OPF,FL,ASO,ES,Federal Contract Tower,0,136,211,3,350,0,2,125,18,145,0,138,336,21,495,115,9,124,619
03/26/2021,OPF,FL,ASO,ES,Federal Contract Tower,0,128,222,4,354,0,1,128,9,138,0,129,350,13,492,131,0,131,623
03/27/2021,OPF,FL,ASO,ES,Federal Contract Tower,0,108,206,1,315,0,6,92,7,105,0,114,298,8,420,92,0,92,512
03/28/2021,OPF,FL,ASO,ES,Federal Contract Tower,0,84,206,2,292,0,7,78,6,91,0,91,284,8,383,58,6,64,447
03/29/2021,OPF,FL,ASO,ES,Federal Contract Tower,0,82,165,6,253,0,3,109,16,128,0,85,274,22,381,162,0,162,543
03/30/2021,OPF,FL,ASO,ES,Federal Contract Tower,0,96,165,5,266,0,7,145,10,162,0,103,310,15,428,177,9,186,614
03/31/2021,OPF,FL,ASO,ES,Federal Contract Tower,1,78,177,1,257,0,4,120,13,137,1,82,297,14,394,147,0,147,541
04/01/2021,OPF,FL,ASO,ES,Federal Contract Tower,0,77,179,4,260,0,7,87,11,105,0,84,266,15,365,106,0,106,471
04/02/2021,OPF,FL,ASO,ES,Federal Contract Tower,0,60,140,2,202,0,1,84,7,92,0,61,224,9,294,48,0,48,342
04/03/2021,OPF,FL,ASO,ES,Federal Contract Tower,0,84,158,0,242,0,2,46,5,53,0,86,204,5,295,27,0,27,322
04/04/2021,OPF,FL,ASO,ES,Federal Contract Tower,0,92,184,0,276,0,4,53,7,64,0,96,237,7,340,32,0,32,372
04/05/2021,OPF,FL,ASO,ES,Federal Contract Tower,0,145,199,6,350,0,5,105,11,121,0,150,304,17,471,48,16,64,535
04/06/2021,OPF,FL,ASO,ES,Federal Contract Tower,0,73,185,1,259,0,3,119,12,134,0,76,304,13,393,175,0,175,568
04/07/2021,OPF,FL,ASO,ES,Federal Contract Tower,0,79,170,2,251,0,5,143,9,157,0,84,313,11,408,191,0,191,599
04/08/2021,OPF,FL,ASO,ES,Federal Contract Tower,0,80,196,1,277,0,8,126,31,165,0,88,322,32,442,130,0,130,572
04/09/2021,OPF,FL,ASO,ES,Federal Contract Tower,0,99,144,2,245,0,5,128,6,139,0,104,272,8,384,100,0,100,484
04/10/2021,OPF,FL,ASO,ES,Federal Contract Tower,0,82,126,1,209,0,0,105,4,109,0,82,231,5,318,74,0,74,392
04/11/2021,OPF,FL,ASO,ES,Federal Contract Tower,0,57,172,1,230,0,3,35,14,52,0,60,207,15,282,0,0,0,282
04/12/2021,OPF,FL,ASO,ES,Federal Contract Tower,3,127,200,6,336,0,5,81,11,97,3,132,281,17,433,50,4,54,487
04/13/2021,OPF,FL,ASO,ES,Federal Contract Tower,0,80,158,8,246,0,9,141,15,165,0,89,299,23,411,188,2,190,601
04/14/2021,OPF,FL,ASO,ES,Federal Contract Tower,64,165,0,0,229,0,5,146,10,161,64,170,146,10,390,177,2,179,569
04/15/2021,OPF,FL,ASO,ES,Federal Contract Tower,0,83,184,1,268,0,2,123,16,141,0,85,307,17,409,84,2,86,495
04/16/2021,OPF,FL,ASO,ES,Federal Contract Tower,0,84,172,4,260,0,4,142,11,157,0,88,314,15,417,223,0,223,640
04/17/2021,OPF,FL,ASO,ES,Federal Contract Tower,0,73,133,2,208,0,4,105,5,114,0,77,238,7,322,106,0,106,428
04/18/2021,OPF,FL,ASO,ES,Federal Contract Tower,0,85,185,3,273,0,4,85,9,98,0,89,270,12,371,107,22,129,500
04/19/2021,OPF,FL,ASO,ES,Federal Contract Tower,0,75,152,1,228,0,5,67,15,87,0,80,219,16,315,99,0,99,414
04/20/2021,OPF,FL,ASO,ES,Federal Contract Tower,0,80,117,1,198,0,3,60,17,80,0,83,177,18,278,78,54,132,410
04/21/2021,OPF,FL,ASO,ES,Federal Contract Tower,0,72,139,2,213,0,2,85,9,96,0,74,224,11,309,164,8,172,481
04/22/2021,OPF,FL,ASO,ES,Federal Contract Tower,0,82,155,0,237,0,7,139,18,164,0,89,294,18,401,231,12,243,644
04/23/2021,OPF,FL,ASO,ES,Federal Contract Tower,0,67,173,2,242,0,1,124,12,137,0,68,297,14,379,234,0,234,613
04/24/2021,OPF,FL,ASO,ES,Federal Contract Tower,0,57,106,5,168,0,2,115,6,123,0,59,221,11,291,53,1,54,345
04/25/2021,OPF,FL,ASO,ES,Federal Contract Tower,0,90,164,1,255,0,7,63,3,73,0,97,227,4,328,98,0,98,426
04/26/2021,OPF,FL,ASO,ES,Federal Contract Tower,0,68,162,4,234,0,12,126,11,149,0,80,288,15,383,199,18,217,600
04/27/2021,OPF,FL,ASO,ES,Federal Contract Tower,0,77,137,4,218,0,4,132,14,150,0,81,269,18,368,163,12,175,543
04/28/2021,OPF,FL,ASO,ES,Federal Contract Tower,0,81,156,6,243,0,3,154,9,166,0,84,310,15,409,157,26,183,592
04/29/2021,OPF,FL,ASO,ES,Federal Contract Tower,0,83,179,2,264,0,9,135,8,152,0,92,314,10,416,173,0,173,589
04/30/2021,OPF,FL,ASO,ES,Federal Contract Tower,0,82,137,2,221,0,4,102,12,118,0,86,239,14,339,153,0,153,492
05/01/2021,OPF,FL,ASO,ES,Federal Contract Tower,0,66,117,0,183,0,17,118,12,147,0,83,235,12,330,75,0,75,405
05/02/2021,OPF,FL,ASO,ES,Federal Contract Tower,0,89,166,1,256,0,3,81,8,92,0,92,247,9,348,101,0,101,449
05/03/2021,OPF,FL,ASO,ES,Federal Contract Tower,0,67,144,3,214,0,2,94,13,109,0,69,238,16,323,49,13,62,385
05/04/2021,OPF,FL,ASO,ES,Federal Contract Tower,0,61,155,6,222,0,2,122,6,130,0,63,277,12,352,204,0,204,556
05/05/2021,OPF,FL,ASO,ES,Federal Contract Tower,0,73,152,2,227,0,4,103,7,114,0,77,255,9,341,173,0,173,514
05/06/2021,OPF,FL,ASO,ES,Federal Contract Tower,0,66,146,1,213,0,0,91,5,96,0,66,237,6,309,241,0,241,550
05/07/2021,OPF,FL,ASO,ES,Federal Contract Tower,1,77,158,8,244,0,5,89,9,103,1,82,247,17,347,91,0,91,438
05/08/2021,OPF,FL,ASO,ES,Federal Contract Tower,0,61,121,1,183,0,6,104,12,122,0,67,225,13,305,85,2,87,392
05/09/2021,OPF,FL,ASO,ES,Federal Contract Tower,0,61,129,11,201,0,4,54,14,72,0,65,183,25,273,48,2,50,323
05/10/2021,OPF,FL,ASO,ES,Federal Contract Tower,0,64,133,3,200,0,1,100,16,117,0,65,233,19,317,247,11,258,575
05/11/2021,OPF,FL,ASO,ES,Federal Contract Tower,0,70,123,2,195,0,6,104,12,122,0,76,227,14,317,211,39,250,567
05/12/2021,OPF,FL,ASO,ES,Federal Contract Tower,0,67,119,4,190,0,3,121,14,138,0,70,240,18,328,209,28,237,565
05/13/2021,OPF,FL,ASO,ES,Federal Contract Tower,0,83,165,3,251,0,2,86,3,91,0,85,251,6,342,215,7,222,564
05/14/2021,OPF,FL,ASO,ES,Federal Contract Tower,0,78,153,7,238,0,2,90,10,102,0,80,243,17,340,163,0,163,503
05/15/2021,OPF,FL,ASO,ES,Federal Contract Tower,1,52,117,0,170,0,3,93,10,106,1,55,210,10,276,80,0,80,356
05/16/2021,OPF,FL,ASO,ES,Federal Contract Tower,0,59,143,1,203,0,8,84,6,98,0,67,227,7,301,86,0,86,387
05/17/2021,OPF,FL,ASO,ES,Federal Contract Tower,0,44,128,3,175,0,7,91,11,109,0,51,219,14,284,128,19,147,431
05/18/2021,OPF,FL,ASO,ES,Federal Contract Tower,0,57,123,2,182,0,3,83,16,102,0,60,206,18,284,162,2,164,448
05/19/2021,OPF,FL,ASO,ES,Federal Contract Tower,0,45,127,0,172,0,8,69,4,81,0,53,196,4,253,101,0,101,354
05/20/2021,OPF,FL,ASO,ES,Federal Contract Tower,0,71,147,0,218,0,6,72,12,90,0,77,219,12,308,50,0,50,358
05/21/2021,OPF,FL,ASO,ES,Federal Contract Tower,0,57,141,1,199,0,2,94,13,109,0,59,235,14,308,54,8,62,370
05/22/2021,OPF,FL,ASO,ES,Federal Contract Tower,0,45,90,1,136,0,3,71,6,80,0,48,161,7,216,67,0,67,283
05/23/2021,OPF,FL,ASO,ES,Federal Contract Tower,0,62,165,0,227,0,2,90,7,99,0,64,255,7,326,68,0,68,394
05/24/2021,OPF,FL,ASO,ES,Federal Contract Tower,1,56,130,4,191,0,1,109,6,116,1,57,239,10,307,216,19,235,542
05/25/2021,OPF,FL,ASO,ES,Federal Contract Tower,0,74,124,8,206,0,2,127,9,138,0,76,251,17,344,249,6,255,599
05/26/2021,OPF,FL,ASO,ES,Federal Contract Tower,0,89,139,2,230,0,8,140,10,158,0,97,279,12,388,226,3,229,617
05/27/2021,OPF,FL,ASO,ES,Federal Contract Tower,0,81,169,16,266,0,13,112,19,144,0,94,281,35,410,247,12,259,669
05/28/2021,OPF,FL,ASO,ES,Federal Contract Tower,0,68,174,1,243,0,4,141,28,173,0,72,315,29,416,68,5,73,489
05/29/2021,OPF,FL,ASO,ES,Federal Contract Tower,0,46,126,1,173,0,2,78,34,114,0,48,204,35,287,60,4,64,351
05/30/2021,OPF,FL,ASO,ES,Federal Contract Tower,0,30,90,5,125,0,3,69,35,107,0,33,159,40,232,23,7,30,262
05/31/2021,OPF,FL,ASO,ES,Federal Contract Tower,1,89,174,4,268,0,6,117,15,138,1,95,291,19,406,139,0,139,545
06/01/2021,OPF,FL,ASO,ES,Federal Contract Tower,0,61,120,8,189,0,1,95,11,107,0,62,215,19,296,123,32,155,451
06/02/2021,OPF,FL,ASO,ES,Federal Contract Tower,0,75,142,5,222,0,1,83,7,91,0,76,225,12,313,122,11,133,446
06/03/2021,OPF,FL,ASO,ES,Federal Contract Tower,0,61,148,1,210,0,3,48,10,61,0,64,196,11,271,94,0,94,365
06/04/2021,OPF,FL,ASO,ES,Federal Contract Tower,2,60,172,2,236,0,2,118,7,127,2,62,290,9,363,182,14,196,559
06/05/2021,OPF,FL,ASO,ES,Federal Contract Tower,0,53,128,1,182,0,2,89,5,96,0,55,217,6,278,153,0,153,431
06/06/2021,OPF,FL,ASO,ES,Federal Contract Tower,0,70,147,0,217,0,3,74,7,84,0,73,221,7,301,103,0,103,404
06/07/2021,OPF,FL,ASO,ES,Federal Contract Tower,1,95,164,3,263,0,1,98,7,106,1,96,262,10,369,139,3,142,511
06/08/2021,OPF,FL,ASO,ES,Federal Contract Tower,0,60,143,6,209,0,2,144,8,154,0,62,287,14,363,191,8,199,562
06/09/2021,OPF,FL,ASO,ES,Federal Contract Tower,0,58,150,4,212,0,1,130,8,139,0,59,280,12,351,172,12,184,535
06/10/2021,OPF,FL,ASO,ES,Federal Contract Tower,0,73,158,5,236,0,5,142,13,160,0,78,300,18,396,202,0,202,598
06/11/2021,OPF,FL,ASO,ES,Federal Contract Tower,0,60,145,2,207,0,2,129,25,156,0,62,274,27,363,201,0,201,564
06/12/2021,OPF,FL,ASO,ES,Federal Contract Tower,0,46,103,1,150,0,1,124,8,133,0,47,227,9,283,117,0,117,400
06/13/2021,OPF,FL,ASO,ES,Federal Contract Tower,0,58,142,0,200,0,0,62,2,64,0,58,204,2,264,47,15,62,326
06/14/2021,OPF,FL,ASO,ES,Federal Contract Tower,0,57,131,6,194,0,1,48,3,52,0,58,179,9,246,109,25,134,380
06/15/2021,OPF,FL,ASO,ES,Federal Contract Tower,0,47,120,2,169,0,2,72,7,81,0,49,192,9,250,85,0,85,335
06/16/2021,OPF,FL,ASO,ES,Federal Contract Tower,0,61,131,3,195,0,4,61,2,67,0,65,192,5,262,236,0,236,498
06/17/2021,OPF,FL,ASO,ES,Federal Contract Tower,0,63,167,0,230,0,5,104,18,127,0,68,271,18,357,342,0,342,699
06/18/2021,OPF,FL,ASO,ES,Federal Contract Tower,0,59,167,5,231,0,2,112,11,125,0,61,279,16,356,254,0,254,610
06/19/2021,OPF,FL,ASO,ES,Federal Contract Tower,0,36,120,2,158,0,6,122,6,134,0,42,242,8,292,285,0,285,577
06/20/2021,OPF,FL,ASO,ES,Federal Contract Tower,0,42,122,0,164,0,4,68,5,77,0,46,190,5,241,27,0,27,268
06/21/2021,OPF,FL,ASO,ES,Federal Contract Tower,0,53,146,1,200,0,2,117,11,130,0,55,263,12,330,270,10,280,610
06/22/2021,OPF,FL,ASO,ES,Federal Contract Tower,0,40,122,3,165,0,2,119,5,126,0,42,241,8,291,155,2,157,448
06/23/2021,OPF,FL,ASO,ES,Federal Contract Tower,0,44,126,3,173,0,3,95,9,107,0,47,221,12,280,337,10,347,627
06/24/2021,OPF,FL,ASO,ES,Federal Contract Tower,0,50,142,0,192,0,7,66,9,82,0,57,208,9,274,228,6,234,508
06/25/2021,OPF,FL,ASO,ES,Federal Contract Tower,0,62,143,3,208,0,6,65,5,76,0,68,208,8,284,118,3,121,405
06/26/2021,OPF,FL,ASO,ES,Federal Contract Tower,0,35,101,1,137,0,3,80,3,86,0,38,181,4,223,232,0,232,455
06/27/2021,OPF,FL,ASO,ES,Federal Contract Tower,0,64,168,5,237,0,9,76,5,90,0,73,244,10,327,47,8,55,382
06/28/2021,OPF,FL,ASO,ES,Federal Contract Tower,1,57,118,8,184,0,2,72,12,86,1,59,190,20,270,170,0,170,440
06/29/2021,OPF,FL,ASO,ES,Federal Contract Tower,0,38,89,0,127,0,1,54,8,63,0,39,143,8,190,126,1,127,317
06/30/2021,OPF,FL,ASO,ES,Federal Contract Tower,0,51,119,2,172,0,2,62,1,65,0,53,181,3,237,85,29,114,351
07/01/2021,OPF,FL,ASO,ES,Federal Contract Tower,0,16,49,0,65,0,5,34,9,48,0,21,83,9,113,8,0,8,121
07/02/2021,OPF,FL,ASO,ES,Federal Contract Tower,0,52,150,0,202,0,2,110,2,114,0,54,260,2,316,189,0,189,505
07/03/2021,OPF,FL,ASO,ES,Federal Contract Tower,0,30,113,0,143,0,6,73,6,85,0,36,186,6,228,88,0,88,316
07/04/2021,OPF,FL,ASO,ES,Federal Contract Tower,0,27,95,0,122,0,1,45,7,53,0,28,140,7,175,23,0,23,198
07/05/2021,OPF,FL,ASO,ES,Federal Contract Tower,0,39,137,3,179,0,1,50,3,54,0,40,187,6,233,69,23,92,325
07/06/2021,OPF,FL,ASO,ES,Federal Contract Tower,0,34,81,3,118,0,2,19,7,28,0,36,100,10,146,77,14,91,237
07/07/2021,OPF,FL,ASO,ES,Federal Contract Tower,0,34,94,0,128,0,2,108,8,118,0,36,202,8,246,274,0,274,520
07/08/2021,OPF,FL,ASO,ES,Federal Contract Tower,0,53,117,1,171,0,3,99,11,113,0,56,216,12,284,197,19,216,500
07/09/2021,OPF,FL,ASO,ES,Federal Contract Tower,0,36,130,0,166,0,1,114,7,122,0,37,244,7,288,152,0,152,440
07/10/2021,OPF,FL,ASO,ES,Federal Contract Tower,0,34,96,5,135,0,1,109,11,121,0,35,205,16,256,137,12,149,405
07/11/2021,OPF,FL,ASO,ES,Federal Contract Tower,0,33,122,4,159,0,4,89,7,100,0,37,211,11,259,135,9,144,403
07/12/2021,OPF,FL,ASO,ES,Federal Contract Tower,0,41,103,2,146,1,65,6,0,72,1,106,109,2,218,82,33,115,333
07/13/2021,OPF,FL,ASO,ES,Federal Contract Tower,0,48,92,4,144,0,3,79,8,90,0,51,171,12,234,154,12,166,400
07/14/2021,OPF,FL,ASO,ES,Federal Contract Tower,0,35,143,6,184,0,9,156,15,180,0,44,299,21,364,242,18,260,624
07/15/2021,OPF,FL,ASO,ES,Federal Contract Tower,0,59,137,1,197,0,2,143,12,157,0,61,280,13,354,164,0,164,518
07/16/2021,OPF,FL,ASO,ES,Federal Contract Tower,0,41,153,5,199,0,3,96,10,109,0,44,249,15,308,186,0,186,494
07/17/2021,OPF,FL,ASO,ES,Federal Contract Tower,0,34,109,1,144,0,7,91,7,105,0,41,200,8,249,74,0,74,323
07/18/2021,OPF,FL,ASO,ES,Federal Contract Tower,0,35,122,2,159,0,9,94,7,110,0,44,216,9,269,9,0,9,278
07/19/2021,OPF,FL,ASO,ES,Federal Contract Tower,0,45,118,2,165,0,8,131,19,158,0,53,249,21,323,154,13,167,490
07/20/2021,OPF,FL,ASO,ES,Federal Contract Tower,0,41,90,6,137,0,3,79,15,97,0,44,169,21,234,132,4,136,370
07/21/2021,OPF,FL,ASO,ES,Federal Contract Tower,0,42,103,2,147,0,6,115,17,138,0,48,218,19,285,63,0,63,348
07/22/2021,OPF,FL,ASO,ES,Federal Contract Tower,0,61,157,2,220,0,3,124,11,138,0,64,281,13,358,302,12,314,672
07/23/2021,OPF,FL,ASO,ES,Federal Contract Tower,0,70,130,5,205,0,3,80,5,88,0,73,210,10,293,221,0,221,514
07/24/2021,OPF,FL,ASO,ES,Federal Contract Tower,0,21,101,4,126,0,5,72,5,82,0,26,173,9,208,162,0,162,370
07/25/2021,OPF,FL,ASO,ES,Federal Contract Tower,0,45,139,3,187,0,8,75,4,87,0,53,214,7,274,79,0,79,353
07/26/2021,OPF,FL,ASO,ES,Federal Contract Tower,0,45,113,3,161,0,5,97,11,113,0,50,210,14,274,222,16,238,512
07/27/2021,OPF,FL,ASO,ES,Federal Contract Tower,0,41,107,4,152,0,3,115,7,125,0,44,222,11,277,212,3,215,492
07/28/2021,OPF,FL,ASO,ES,Federal Contract Tower,0,40,114,3,157,0,0,76,10,86,0,40,190,13,243,110,0,110,353
07/29/2021,OPF,FL,ASO,ES,Federal Contract Tower,0,51,131,0,182,0,3,118,18,139,0,54,249,18,321,86,0,86,407
07/30/2021,OPF,FL,ASO,ES,Federal Contract Tower,0,46,114,2,162,0,8,128,10,146,0,54,242,12,308,103,0,103,411
07/31/2021,OPF,FL,ASO,ES,Federal Contract Tower,0,35,115,0,150,0,3,104,6,113,0,38,219,6,263,158,0,158,421
08/01/2021,OPF,FL,ASO,ES,Federal Contract Tower,0,47,111,1,159,0,7,66,5,78,0,54,177,6,237,48,6,54,291
08/02/2021,OPF,FL,ASO,ES,Federal Contract Tower,0,34,122,0,156,0,6,79,10,95,0,40,201,10,251,56,0,56,307
08/03/2021,OPF,FL,ASO,ES,Federal Contract Tower,0,40,103,1,144,0,2,68,5,75,0,42,171,6,219,71,0,71,290
08/04/2021,OPF,FL,ASO,ES,Federal Contract Tower,0,39,131,1,171,0,1,110,9,120,0,40,241,10,291,90,0,90,381
08/05/2021,OPF,FL,ASO,ES,Federal Contract Tower,0,46,146,3,195,0,0,128,15,143,0,46,274,18,338,133,0,133,471
08/06/2021,OPF,FL,ASO,ES,Federal Contract Tower,0,35,148,4,187,0,4,119,10,133,0,39,267,14,320,142,24,166,486
08/07/2021,OPF,FL,ASO,ES,Federal Contract Tower,0,31,78,1,110,0,2,77,11,90,0,33,155,12,200,77,0,77,277
08/08/2021,OPF,FL,ASO,ES,Federal Contract Tower,0,39,141,1,181,0,8,89,9,106,0,47,230,10,287,70,0,70,357
08/09/2021,OPF,FL,ASO,ES,Federal Contract Tower,0,54,132,5,191,0,3,110,12,125,0,57,242,17,316,171,13,184,500
08/10/2021,OPF,FL,ASO,ES,Federal Contract Tower,0,51,149,4,204,0,5,119,7,131,0,56,268,11,335,105,0,105,440
08/11/2021,OPF,FL,ASO,ES,Federal Contract Tower,0,40,140,1,181,0,4,104,11,119,0,44,244,12,300,177,4,181,481
08/12/2021,OPF,FL,ASO,ES,Federal Contract Tower,0,47,90,1,138,0,3,87,8,98,0,50,177,9,236,103,0,103,339
08/13/2021,OPF,FL,ASO,ES,Federal Contract Tower,0,37,82,2,121,0,4,83,11,98,0,41,165,13,219,106,0,106,325
08/14/2021,OPF,FL,ASO,ES,Federal Contract Tower,0,26,60,0,86,0,0,19,5,24,0,26,79,5,110,25,0,25,135
08/15/2021,OPF,FL,ASO,ES,Federal Contract Tower,0,43,95,1,139,0,4,35,0,39,0,47,130,1,178,36,0,36,214
08/16/2021,OPF,FL,ASO,ES,Federal Contract Tower,0,62,130,0,192,0,4,89,2,95,0,66,219,2,287,131,0,131,418
08/17/2021,OPF,FL,ASO,ES,Federal Contract Tower,0,38,139,3,180,0,7,96,8,111,0,45,235,11,291,61,0,61,352
08/18/2021,OPF,FL,ASO,ES,Federal Contract Tower,0,44,128,1,173,0,4,106,6,116,0,48,234,7,289,132,0,132,421
08/19/2021,OPF,FL,ASO,ES,Federal Contract Tower,0,56,121,5,182,0,0,120,19,139,0,56,241,24,321,74,0,74,395
08/20/2021,OPF,FL,ASO,ES,Federal Contract Tower,0,49,162,6,217,0,2,146,7,155,0,51,308,13,372,172,0,172,544
08/21/2021,OPF,FL,ASO,ES,Federal Contract Tower,0,31,104,0,135,0,7,77,7,91,0,38,181,7,226,63,0,63,289
08/22/2021,OPF,FL,ASO,ES,Federal Contract Tower,0,31,118,5,154,0,10,48,5,63,0,41,166,10,217,71,20,91,308
08/23/2021,OPF,FL,ASO,ES,Federal Contract Tower,0,37,144,3,184,0,1,63,4,68,0,38,207,7,252,111,6,117,369
08/24/2021,OPF,FL,ASO,ES,Federal Contract Tower,0,49,131,2,182,0,10,117,9,136,0,59,248,11,318,118,0,118,436
08/25/2021,OPF,FL,ASO,ES,Federal Contract Tower,0,33,105,1,139,0,4,63,9,76,0,37,168,10,215,35,0,35,250
08/26/2021,OPF,FL,ASO,ES,Federal Contract Tower,0,48,143,3,194,0,3,102,9,114,0,51,245,12,308,200,8,208,516
08/27/2021,OPF,FL,ASO,ES,Federal Contract Tower,0,34,134,1,169,0,2,116,6,124,0,36,250,7,293,163,0,163,456
08/28/2021,OPF,FL,ASO,ES,Federal Contract Tower,0,32,97,1,130,0,5,101,5,111,0,37,198,6,241,126,5,131,372
08/29/2021,OPF,FL,ASO,ES,Federal Contract Tower,0,40,133,2,175,0,8,87,6,101,0,48,220,8,276,164,0,164,440
08/30/2021,OPF,FL,ASO,ES,Federal Contract Tower,0,46,90,0,136,0,6,90,5,101,0,52,180,5,237,63,0,63,300
08/31/2021,OPF,FL,ASO,ES,Federal Contract Tower,1,48,130,3,182,0,5,84,4,93,1,53,214,7,275,128,6,134,409
09/01/2021,OPF,FL,ASO,ES,Federal Contract Tower,0,45,120,0,165,0,2,110,5,117,0,47,230,5,282,107,0,107,389
09/02/2021,OPF,FL,ASO,ES,Federal Contract Tower,2,56,139,0,197,0,1,61,8,70,2,57,200,8,267,124,0,124,391
09/03/2021,OPF,FL,ASO,ES,Federal Contract Tower,0,57,141,1,199,0,0,79,5,84,0,57,220,6,283,64,0,64,347
09/04/2021,OPF,FL,ASO,ES,Federal Contract Tower,0,32,99,0,131,0,6,86,6,98,0,38,185,6,229,124,0,124,353
09/05/2021,OPF,FL,ASO,ES,Federal Contract Tower,0,26,74,0,100,0,3,55,3,61,0,29,129,3,161,63,21,84,245
09/06/2021,OPF,FL,ASO,ES,Federal Contract Tower,0,49,133,1,183,0,2,102,9,113,0,51,235,10,296,109,0,109,405
09/07/2021,OPF,FL,ASO,ES,Federal Contract Tower,0,62,131,0,193,0,3,108,9,120,0,65,239,9,313,196,5,201,514
09/08/2021,OPF,FL,ASO,ES,Federal Contract Tower,2,35,121,8,166,0,3,102,3,108,2,38,223,11,274,106,6,112,386
09/09/2021,OPF,FL,ASO,ES,Federal Contract Tower,0,42,113,1,156,0,2,97,8,107,0,44,210,9,263,100,0,100,363
09/10/2021,OPF,FL,ASO,ES,Federal Contract Tower,0,52,124,2,178,0,0,102,3,105,0,52,226,5,283,86,0,86,369
09/11/2021,OPF,FL,ASO,ES,Federal Contract Tower,0,36,79,1,116,0,0,105,4,109,0,36,184,5,225,174,0,174,399
09/12/2021,OPF,FL,ASO,ES,Federal Contract Tower,0,34,121,0,155,0,0,71,3,74,0,34,192,3,229,104,0,104,333
09/13/2021,OPF,FL,ASO,ES,Federal Contract Tower,0,38,95,1,134,0,3,37,9,49,0,41,132,10,183,35,4,39,222
09/14/2021,OPF,FL,ASO,ES,Federal Contract Tower,0,55,130,0,185,0,7,149,17,173,0,62,279,17,358,136,0,136,494
09/15/2021,OPF,FL,ASO,ES,Federal Contract Tower,1,36,132,0,169,0,4,101,9,114,1,40,233,9,283,127,0,127,410
09/16/2021,OPF,FL,ASO,ES,Federal Contract Tower,0,42,141,3,186,0,2,94,13,109,0,44,235,16,295,133,2,135,430
09/17/2021,OPF,FL,ASO,ES,Federal Contract Tower,0,54,108,0,162,0,0,89,2,91,0,54,197,2,253,122,0,122,375
09/18/2021,OPF,FL,ASO,ES,Federal Contract Tower,2,37,93,2,134,0,2,91,13,106,2,39,184,15,240,88,0,88,328
09/19/2021,OPF,FL,ASO,ES,Federal Contract Tower,0,56,139,3,198,0,5,58,12,75,0,61,197,15,273,82,20,102,375
09/20/2021,OPF,FL,ASO,ES,Federal Contract Tower,0,53,94,5,152,0,4,89,11,104,0,57,183,16,256,142,3,145,401
09/21/2021,OPF,FL,ASO,ES,Federal Contract Tower,0,34,98,3,135,0,6,86,11,103,0,40,184,14,238,122,0,122,360
09/22/2021,OPF,FL,ASO,ES,Federal Contract Tower,0,53,90,2,145,0,0,60,9,69,0,53,150,11,214,84,0,84,298
09/23/2021,OPF,FL,ASO,ES,Federal Contract Tower,1,56,133,2,192,0,5,103,7,115,1,61,236,9,307,119,0,119,426
09/24/2021,OPF,FL,ASO,ES,Federal Contract Tower,1,60,144,8,213,0,4,89,5,98,1,64,233,13,311,120,8,128,439
09/25/2021,OPF,FL,ASO,ES,Federal Contract Tower,0,36,85,0,121,0,1,63,6,70,0,37,148,6,191,101,0,101,292
09/26/2021,OPF,FL,ASO,ES,Federal Contract Tower,1,37,123,1,162,0,2,73,6,81,1,39,196,7,243,70,0,70,313
09/27/2021,OPF,FL,ASO,ES,Federal Contract Tower,2,36,124,2,164,0,3,110,13,126,2,39,234,15,290,204,5,209,499
09/28/2021,OPF,FL,ASO,ES,Federal Contract Tower,1,46,123,2,172,0,4,125,14,143,1,50,248,16,315,286,4,290,605
09/29/2021,OPF,FL,ASO,ES,Federal Contract Tower,0,42,137,2,181,0,5,113,12,130,0,47,250,14,311,227,30,257,568
09/30/2021,OPF,FL,ASO,ES,Federal Contract Tower,0,48,142,2,192,0,2,128,10,140,0,50,270,12,332,143,2,145,477
10/01/2021,OPF,FL,ASO,ES,Federal Contract Tower,0,57,118,0,175,0,2,96,8,106,0,59,214,8,281,130,5,135,416
10/02/2021,OPF,FL,ASO,ES,Federal Contract Tower,0,27,94,1,122,0,10,90,4,104,0,37,184,5,226,41,0,41,267
10/03/2021,OPF,FL,ASO,ES,Federal Contract Tower,0,44,115,2,161,0,5,83,6,94,0,49,198,8,255,44,10,54,309
10/04/2021,OPF,FL,ASO,ES,Federal Contract Tower,0,44,113,3,160,0,1,92,15,108,0,45,205,18,268,161,19,180,448
10/05/2021,OPF,FL,ASO,ES,Federal Contract Tower,0,45,141,0,186,0,5,142,14,161,0,50,283,14,347,188,0,188,535
10/06/2021,OPF,FL,ASO,ES,Federal Contract Tower,0,50,139,0,189,0,10,130,7,147,0,60,269,7,336,147,14,161,497
10/07/2021,OPF,FL,ASO,ES,Federal Contract Tower,0,60,130,1,191,0,3,105,12,120,0,63,235,13,311,212,0,212,523
10/08/2021,OPF,FL,ASO,ES,Federal Contract Tower,1,76,148,0,225,0,7,94,4,105,1,83,242,4,330,228,12,240,570
10/09/2021,OPF,FL,ASO,ES,Federal Contract Tower,3,19,106,4,132,0,7,59,4,70,3,26,165,8,202,85,0,85,287
10/10/2021,OPF,FL,ASO,ES,Federal Contract Tower,0,48,124,0,172,0,2,87,5,94,0,50,211,5,266,76,4,80,346
10/11/2021,OPF,FL,ASO,ES,Federal Contract Tower,0,55,149,1,205,0,7,104,7,118,0,62,253,8,323,131,0,131,454
10/12/2021,OPF,FL,ASO,ES,Federal Contract Tower,0,56,156,3,215,0,2,128,13,143,0,58,284,16,358,160,0,160,518
10/13/2021,OPF,FL,ASO,ES,Federal Contract Tower,0,48,147,3,198,0,4,122,5,131,0,52,269,8,329,181,6,187,516
10/14/2021,OPF,FL,ASO,ES,Federal Contract Tower,0,76,151,1,228,0,4,126,16,146,0,80,277,17,374,269,13,282,656
10/15/2021,OPF,FL,ASO,ES,Federal Contract Tower,0,52,139,1,192,0,5,121,11,137,0,57,260,12,329,155,16,171,500
10/16/2021,OPF,FL,ASO,ES,Federal Contract Tower,0,30,94,1,125,0,6,76,3,85,0,36,170,4,210,116,0,116,326
10/17/2021,OPF,FL,ASO,ES,Federal Contract Tower,0,79,159,0,238,0,10,68,3,81,0,89,227,3,319,62,0,62,381
10/18/2021,OPF,FL,ASO,ES,Federal Contract Tower,0,60,132,1,193,0,7,130,13,150,0,67,262,14,343,123,19,142,485
10/19/2021,OPF,FL,ASO,ES,Federal Contract Tower,0,43,141,2,186,0,4,114,22,140,0,47,255,24,326,178,12,190,516
10/20/2021,OPF,FL,ASO,ES,Federal Contract Tower,1,55,176,1,233,0,0,125,14,139,1,55,301,15,372,187,0,187,559
10/21/2021,OPF,FL,ASO,ES,Federal Contract Tower,0,45,176,4,225,0,5,115,17,137,0,50,291,21,362,209,39,248,610
10/22/2021,OPF,FL,ASO,ES,Federal Contract Tower,0,47,128,10,185,0,3,62,14,79,0,50,190,24,264,17,0,17,281
10/23/2021,OPF,FL,ASO,ES,Federal Contract Tower,1,25,92,0,118,0,6,57,17,80,1,31,149,17,198,110,2,112,310
10/24/2021,OPF,FL,ASO,ES,Federal Contract Tower,0,65,143,0,208,0,0,60,7,67,0,65,203,7,275,100,10,110,385
10/25/2021,OPF,FL,ASO,ES,Federal Contract Tower,0,60,150,3,213,0,5,71,16,92,0,65,221,19,305,144,30,174,479
10/26/2021,OPF,FL,ASO,ES,Federal Contract Tower,0,53,157,3,213,0,7,90,11,108,0,60,247,14,321,111,13,124,445
10/27/2021,OPF,FL,ASO,ES,Federal Contract Tower,1,45,180,0,226,0,9,114,9,132,1,54,294,9,358,167,5,172,530
10/28/2021,OPF,FL,ASO,ES,Federal Contract Tower,0,60,174,1,235,0,0,99,4,103,0,60,273,5,338,134,29,163,501
10/29/2021,OPF,FL,ASO,ES,Federal Contract Tower,0,60,164,4,228,0,5,87,10,102,0,65,251,14,330,98,0,98,428
10/30/2021,OPF,FL,ASO,ES,Federal Contract Tower,1,50,121,2,174,0,8,82,7,97,1,58,203,9,271,45,0,45,316
10/31/2021,OPF,FL,ASO,ES,Federal Contract Tower,0,59,127,8,194,0,1,82,7,90,0,60,209,15,284,30,32,62,346
11/01/2021,OPF,FL,ASO,ES,Federal Contract Tower,0,51,179,4,234,0,3,139,11,153,0,54,318,15,387,160,16,176,563
11/02/2021,OPF,FL,ASO,ES,Federal Contract Tower,0,52,138,0,190,0,2,62,13,77,0,54,200,13,267,90,0,90,357
11/03/2021,OPF,FL,ASO,ES,Federal Contract Tower,0,60,162,2,224,0,3,117,5,125,0,63,279,7,349,192,25,217,566
11/04/2021,OPF,FL,ASO,ES,Federal Contract Tower,0,64,163,1,228,0,2,116,6,124,0,66,279,7,352,200,0,200,552
11/05/2021,OPF,FL,ASO,ES,Federal Contract Tower,0,49,139,5,193,0,0,16,4,20,0,49,155,9,213,10,29,39,252
11/06/2021,OPF,FL,ASO,ES,Federal Contract Tower,1,43,103,4,151,0,3,40,7,50,1,46,143,11,201,21,0,21,222
11/07/2021,OPF,FL,ASO,ES,Federal Contract Tower,0,79,153,0,232,0,2,96,11,109,0,81,249,11,341,58,3,61,402
11/08/2021,OPF,FL,ASO,ES,Federal Contract Tower,0,74,159,0,233,0,3,112,14,129,0,77,271,14,362,108,7,115,477
11/09/2021,OPF,FL,ASO,ES,Federal Contract Tower,0,71,137,3,211,0,13,100,12,125,0,84,237,15,336,149,0,149,485
11/10/2021,OPF,FL,ASO,ES,Federal Contract Tower,0,80,196,3,279,0,3,126,18,147,0,83,322,21,426,153,14,167,593
11/11/2021,OPF,FL,ASO,ES,Federal Contract Tower,3,55,175,17,250,0,5,121,12,138,3,60,296,29,388,185,0,185,573
11/12/2021,OPF,FL,ASO,ES,Federal Contract Tower,1,71,168,3,243,0,3,85,14,102,1,74,253,17,345,162,0,162,507
11/13/2021,OPF,FL,ASO,ES,Federal Contract Tower,0,42,134,0,176,0,0,111,10,121,0,42,245,10,297,149,0,149,446
11/14/2021,OPF,FL,ASO,ES,Federal Contract Tower,0,76,182,0,258,0,6,104,5,115,0,82,286,5,373,105,0,105,478
11/15/2021,OPF,FL,ASO,ES,Federal Contract Tower,0,64,174,0,238,0,3,115,24,142,0,67,289,24,380,164,0,164,544
11/16/2021,OPF,FL,ASO,ES,Federal Contract Tower,0,67,153,2,222,0,8,163,7,178,0,75,316,9,400,224,0,224,624
11/17/2021,OPF,FL,ASO,ES,Federal Contract Tower,0,64,186,1,251,0,0,120,9,129,0,64,306,10,380,159,7,166,546
11/18/2021,OPF,FL,ASO,ES,Federal Contract Tower,0,70,162,1,233,0,0,61,8,69,0,70,223,9,302,97,28,125,427
11/19/2021,OPF,FL,ASO,ES,Federal Contract Tower,0,85,224,5,314,0,3,63,4,70,0,88,287,9,384,39,16,55,439
11/20/2021,OPF,FL,ASO,ES,Federal Contract Tower,0,76,152,2,230,0,3,33,5,41,0,79,185,7,271,38,0,38,309
11/21/2021,OPF,FL,ASO,ES,Federal Contract Tower,1,70,199,0,270,0,4,59,10,73,1,74,258,10,343,133,8,141,484
11/22/2021,OPF,FL,ASO,ES,Federal Contract Tower,1,65,199,3,268,0,13,65,13,91,1,78,264,16,359,62,0,62,421
11/23/2021,OPF,FL,ASO,ES,Federal Contract Tower,2,95,193,4,294,0,2,121,13,136,2,97,314,17,430,83,0,83,513
11/24/2021,OPF,FL,ASO,ES,Federal Contract Tower,0,102,177,5,284,0,6,138,4,148,0,108,315,9,432,127,12,139,571
11/25/2021,OPF,FL,ASO,ES,Federal Contract Tower,0,31,92,0,123,0,2,68,3,73,0,33,160,3,196,141,0,141,337
11/26/2021,OPF,FL,ASO,ES,Federal Contract Tower,0,42,118,1,161,0,3,110,4,117,0,45,228,5,278,194,0,194,472
11/27/2021,OPF,FL,ASO,ES,Federal Contract Tower,2,68,162,1,233,0,3,109,13,125,2,71,271,14,358,168,4,172,530
11/28/2021,OPF,FL,ASO,ES,Federal Contract Tower,0,128,254,0,382,0,2,100,10,112,0,130,354,10,494,46,10,56,550
11/29/2021,OPF,FL,ASO,ES,Federal Contract Tower,0,127,238,4,369,0,0,100,11,111,0,127,338,15,480,65,27,92,572
11/30/2021,OPF,FL,ASO,ES,Federal Contract Tower,0,111,210,2,323,0,3,120,10,133,0,114,330,12,456,120,2,122,578
12/01/2021,OPF,FL,ASO,ES,Federal Contract Tower,1,117,203,1,322,0,4,129,7,140,1,121,332,8,462,106,0,106,568
12/02/2021,OPF,FL,ASO,ES,Federal Contract Tower,1,114,211,1,327,0,7,126,11,144,1,121,337,12,471,72,0,72,543
12/03/2021,OPF,FL,ASO,ES,Federal Contract Tower,0,112,197,1,310,0,5,155,6,166,0,117,352,7,476,140,8,148,624
12/04/2021,OPF,FL,ASO,ES,Federal Contract Tower,1,73,174,0,248,0,7,108,8,123,1,80,282,8,371,28,4,32,403
12/05/2021,OPF,FL,ASO,ES,Federal Contract Tower,0,115,190,0,305,0,10,95,11,116,0,125,285,11,421,10,10,20,441
12/06/2021,OPF,FL,ASO,ES,Federal Contract Tower,0,95,157,5,257,0,2,67,5,74,0,97,224,10,331,68,0,68,399
12/07/2021,OPF,FL,ASO,ES,Federal Contract Tower,0,81,172,4,257,0,2,145,9,156,0,83,317,13,413,196,12,208,621
12/08/2021,OPF,FL,ASO,ES,Federal Contract Tower,0,80,207,6,293,0,6,137,7,150,0,86,344,13,443,117,2,119,562
12/09/2021,OPF,FL,ASO,ES,Federal Contract Tower,0,66,180,5,251,0,3,162,9,174,0,69,342,14,425,165,0,165,590
12/10/2021,OPF,FL,ASO,ES,Federal Contract Tower,0,61,153,3,217,0,5,141,7,153,0,66,294,10,370,158,0,158,528
12/11/2021,OPF,FL,ASO,ES,Federal Contract Tower,0,55,113,0,168,0,4,116,6,126,0,59,229,6,294,151,4,155,449
12/12/2021,OPF,FL,ASO,ES,Federal Contract Tower,1,79,158,0,238,0,4,111,5,120,1,83,269,5,358,58,0,58,416
12/13/2021,OPF,FL,ASO,ES,Federal Contract Tower,0,53,181,2,236,0,6,140,13,159,0,59,321,15,395,104,23,127,522
12/14/2021,OPF,FL,ASO,ES,Federal Contract Tower,0,65,175,4,244,0,9,161,13,183,0,74,336,17,427,220,0,220,647
12/15/2021,OPF,FL,ASO,ES,Federal Contract Tower,0,93,149,3,245,0,6,109,9,124,0,99,258,12,369,53,0,53,422
12/16/2021,OPF,FL,ASO,ES,Federal Contract Tower,0,102,164,8,274,0,9,151,10,170,0,111,315,18,444,95,0,95,539
12/17/2021,OPF,FL,ASO,ES,Federal Contract Tower,0,93,213,1,307,0,4,125,6,135,0,97,338,7,442,124,0,124,566
12/18/2021,OPF,FL,ASO,ES,Federal Contract Tower,0,82,194,2,278,0,1,100,8,109,0,83,294,10,387,117,0,117,504
12/19/2021,OPF,FL,ASO,ES,Federal Contract Tower,0,74,144,4,222,0,4,67,4,75,0,78,211,8,297,68,8,76,373
12/20/2021,OPF,FL,ASO,ES,Federal Contract Tower,0,70,162,4,236,0,5,85,12,102,0,75,247,16,338,168,0,168,506
12/21/2021,OPF,FL,ASO,ES,Federal Contract Tower,0,66,129,0,195,0,0,43,3,46,0,66,172,3,241,42,0,42,283
12/22/2021,OPF,FL,ASO,ES,Federal Contract Tower,1,96,182,2,281,0,1,134,8,143,1,97,316,10,424,160,0,160,584
12/23/2021,OPF,FL,ASO,ES,Federal Contract Tower,1,77,149,0,227,0,4,118,5,127,1,81,267,5,354,123,1,124,478
12/24/2021,OPF,FL,ASO,ES,Federal Contract Tower,0,60,77,0,137,0,1,63,6,70,0,61,140,6,207,38,2,40,247
12/25/2021,OPF,FL,ASO,ES,Federal Contract Tower,0,44,68,0,112,0,0,40,2,42,0,44,108,2,154,13,0,13,167
12/26/2021,OPF,FL,ASO,ES,Federal Contract Tower,0,107,203,0,310,0,3,92,5,100,0,110,295,5,410,34,0,34,444
12/27/2021,OPF,FL,ASO,ES,Federal Contract Tower,0,116,195,0,311,0,7,102,5,114,0,123,297,5,425,77,0,77,502
12/28/2021,OPF,FL,ASO,ES,Federal Contract Tower,0,102,166,0,268,0,2,89,11,102,0,104,255,11,370,109,0,109,479
12/29/2021,OPF,FL,ASO,ES,Federal Contract Tower,0,93,172,0,265,0,1,109,6,116,0,94,281,6,381,78,6,84,465
12/30/2021,OPF,FL,ASO,ES,Federal Contract Tower,0,95,194,0,289,0,8,91,6,105,0,103,285,6,394,72,0,72,466
12/31/2021,OPF,FL,ASO,ES,Federal Contract Tower,0,52,114,0,166,0,1,55,8,64,0,53,169,8,230,24,0,24,254
01/01/2022,OPF,FL,ASO,ES,Federal Contract Tower,0,106,127,0,233,0,2,73,4,79,0,108,200,4,312,6,0,6,318
01/02/2022,OPF,FL,ASO,ES,Federal Contract Tower,0,121,246,0,367,0,1,66,7,74,0,122,312,7,441,12,0,12,453
01/03/2022,OPF,FL,ASO,ES,Federal Contract Tower,0,114,178,0,292,0,2,82,6,90,0,116,260,6,382,77,0,77,459
01/04/2022,OPF,FL,ASO,ES,Federal Contract Tower,0,97,170,2,269,0,4,106,5,115,0,101,276,7,384,129,0,129,513
01/05/2022,OPF,FL,ASO,ES,Federal Contract Tower,2,88,133,2,225,0,7,100,8,115,2,95,233,10,340,155,5,160,500
01/06/2022,OPF,FL,ASO,ES,Federal Contract Tower,1,70,165,1,237,0,4,110,14,128,1,74,275,15,365,157,8,165,530
01/07/2022,OPF,FL,ASO,ES,Federal Contract Tower,1,58,121,0,180,0,6,99,11,116,1,64,220,11,296,134,0,134,430
01/08/2022,OPF,FL,ASO,ES,Federal Contract Tower,0,89,126,1,216,0,6,74,9,89,0,95,200,10,305,16,0,16,321
01/09/2022,OPF,FL,ASO,ES,Federal Contract Tower,0,99,166,1,266,0,7,31,4,42,0,106,197,5,308,0,0,0,308
01/10/2022,OPF,FL,ASO,ES,Federal Contract Tower,0,83,161,8,252,0,2,85,9,96,0,85,246,17,348,146,2,148,496
01/11/2022,OPF,FL,ASO,ES,Federal Contract Tower,0,68,118,1,187,0,4,98,15,117,0,72,216,16,304,70,22,92,396
01/12/2022,OPF,FL,ASO,ES,Federal Contract Tower,1,69,138,4,212,0,3,103,12,118,1,72,241,16,330,187,40,227,557
01/13/2022,OPF,FL,ASO,ES,Federal Contract Tower,1,81,150,3,235,0,6,104,11,121,1,87,254,14,356,143,0,143,499
01/14/2022,OPF,FL,ASO,ES,Federal Contract Tower,0,109,165,1,275,0,39,68,7,114,0,148,233,8,389,26,0,26,415
01/15/2022,OPF,FL,ASO,ES,Federal Contract Tower,1,55,119,1,176,0,3,109,5,117,1,58,228,6,293,68,0,68,361
01/16/2022,OPF,FL,ASO,ES,Federal Contract Tower,0,42,139,4,185,0,0,24,9,33,0,42,163,13,218,0,16,16,234
01/17/2022,OPF,FL,ASO,ES,Federal Contract Tower,0,88,196,0,284,0,4,104,12,120,0,92,300,12,404,95,0,95,499
01/18/2022,OPF,FL,ASO,ES,Federal Contract Tower,2,78,126,2,208,0,3,148,14,165,2,81,274,16,373,133,0,133,506
01/19/2022,OPF,FL,ASO,ES,Federal Contract Tower,0,57,155,4,216,0,3,119,12,134,0,60,274,16,350,129,0,129,479
01/20/2022,OPF,FL,ASO,ES,Federal Contract Tower,0,78,197,2,277,0,3,104,6,113,0,81,301,8,390,70,16,86,476
01/21/2022,OPF,FL,ASO,ES,Federal Contract Tower,0,75,155,3,233,0,7,133,19,159,0,82,288,22,392,150,6,156,548
01/22/2022,OPF,FL,ASO,ES,Federal Contract Tower,0,52,103,2,157,0,0,62,5,67,0,52,165,7,224,126,8,134,358
01/23/2022,OPF,FL,ASO,ES,Federal Contract Tower,2,85,197,6,290,0,0,37,1,38,2,85,234,7,328,67,0,67,395
01/24/2022,OPF,FL,ASO,ES,Federal Contract Tower,0,66,170,2,238,0,8,124,3,135,0,74,294,5,373,105,26,131,504
01/25/2022,OPF,FL,ASO,ES,Federal Contract Tower,0,62,143,2,207,0,6,128,17,151,0,68,271,19,358,111,11,122,480
01/26/2022,OPF,FL,ASO,ES,Federal Contract Tower,1,66,147,0,214,0,2,97,10,109,1,68,244,10,323,134,4,138,461
01/27/2022,OPF,FL,ASO,ES,Federal Contract Tower,0,100,192,1,293,0,2,110,10,122,0,102,302,11,415,74,0,74,489
01/28/2022,OPF,FL,ASO,ES,Federal Contract Tower,0,108,149,3,260,0,2,46,6,54,0,110,195,9,314,58,0,58,372
01/29/2022,OPF,FL,ASO,ES,Federal Contract Tower,0,59,109,2,170,0,2,39,7,48,0,61,148,9,218,6,17,23,241
01/30/2022,OPF,FL,ASO,ES,Federal Contract Tower,0,75,171,0,246,0,6,125,7,138,0,81,296,7,384,48,0,48,432
01/31/2022,OPF,FL,ASO,ES,Federal Contract Tower,0,92,165,0,257,0,1,132,6,139,0,93,297,6,396,170,0,170,566
02/01/2022,OPF,FL,ASO,ES,Federal Contract Tower,0,68,169,2,239,0,6,103,16,125,0,74,272,18,364,142,3,145,509
02/02/2022,OPF,FL,ASO,ES,Federal Contract Tower,0,72,168,2,242,0,6,115,5,126,0,78,283,7,368,135,4,139,507
02/03/2022,OPF,FL,ASO,ES,Federal Contract Tower,0,80,171,2,253,0,9,131,25,165,0,89,302,27,418,92,18,110,528
02/04/2022,OPF,FL,ASO,ES,Federal Contract Tower,0,80,193,3,276,0,7,106,8,121,0,87,299,11,397,233,0,233,630
02/05/2022,OPF,FL,ASO,ES,Federal Contract Tower,1,43,134,2,180,0,2,107,4,113,1,45,241,6,293,178,20,198,491
02/06/2022,OPF,FL,ASO,ES,Federal Contract Tower,0,102,205,1,308,0,4,70,4,78,0,106,275,5,386,41,10,51,437
02/07/2022,OPF,FL,ASO,ES,Federal Contract Tower,0,82,189,2,273,0,5,105,13,123,0,87,294,15,396,115,0,115,511
02/08/2022,OPF,FL,ASO,ES,Federal Contract Tower,0,63,194,6,263,0,3,112,15,130,0,66,306,21,393,132,0,132,525
02/09/2022,OPF,FL,ASO,ES,Federal Contract Tower,2,102,159,18,281,0,3,25,6,34,2,105,184,24,315,36,0,36,351
02/10/2022,OPF,FL,ASO,ES,Federal Contract Tower,1,107,191,1,300,0,3,162,15,180,1,110,353,16,480,113,12,125,605
02/11/2022,OPF,FL,ASO,ES,Federal Contract Tower,0,105,188,1,294,0,3,119,26,148,0,108,307,27,442,65,10,75,517
02/12/2022,OPF,FL,ASO,ES,Federal Contract Tower,0,52,147,3,202,0,6,135,10,151,0,58,282,13,353,130,5,135,488
02/13/2022,OPF,FL,ASO,ES,Federal Contract Tower,0,69,160,2,231,0,1,32,4,37,0,70,192,6,268,89,6,95,363
02/14/2022,OPF,FL,ASO,ES,Federal Contract Tower,0,77,195,1,273,0,5,126,14,145,0,82,321,15,418,54,10,64,482
02/15/2022,OPF,FL,ASO,ES,Federal Contract Tower,0,68,191,4,263,0,1,99,15,115,0,69,290,19,378,49,0,49,427
02/16/2022,OPF,FL,ASO,ES,Federal Contract Tower,0,89,246,6,341,0,0,64,15,79,0,89,310,21,420,90,6,96,516
02/17/2022,OPF,FL,ASO,ES,Federal Contract Tower,0,108,264,1,373,0,2,90,15,107,0,110,354,16,480,114,21,135,615
02/18/2022,OPF,FL,ASO,ES,Federal Contract Tower,0,122,262,1,385,0,1,137,6,144,0,123,399,7,529,77,2,79,608
02/19/2022,OPF,FL,ASO,ES,Federal Contract Tower,0,100,192,4,296,0,9,54,3,66,0,109,246,7,362,75,0,75,437
02/20/2022,OPF,FL,ASO,ES,Federal Contract Tower,0,95,218,3,316,0,2,69,11,82,0,97,287,14,398,36,0,36,434
02/21/2022,OPF,FL,ASO,ES,Federal Contract Tower,1,132,210,2,345,0,4,151,6,161,1,136,361,8,506,72,12,84,590
02/22/2022,OPF,FL,ASO,ES,Federal Contract Tower,0,91,191,0,282,0,7,112,24,143,0,98,303,24,425,24,5,29,454
02/23/2022,OPF,FL,ASO,ES,Federal Contract Tower,0,105,173,1,279,0,2,158,16,176,0,107,331,17,455,4,5,9,464
02/24/2022,OPF,FL,ASO,ES,Federal Contract Tower,1,103,190,1,295,0,3,133,12,148,1,106,323,13,443,0,0,0,443
02/25/2022,OPF,FL,ASO,ES,Federal Contract Tower,1,96,165,0,262,0,1,147,12,160,1,97,312,12,422,0,2,2,424
02/26/2022,OPF,FL,ASO,ES,Federal Contract Tower,3,73,154,11,241,0,1,138,7,146,3,74,292,18,387,18,0,18,405
02/27/2022,OPF,FL,ASO,ES,Federal Contract Tower,0,107,212,0,319,0,7,91,6,104,0,114,303,6,423,10,0,10,433
02/28/2022,OPF,FL,ASO,ES,Federal Contract Tower,0,83,166,2,251,0,6,155,8,169,0,89,321,10,420,0,0,0,420
03/01/2022,OPF,FL,ASO,ES,Federal Contract Tower,0,70,164,5,239,0,3,112,11,126,0,73,276,16,365,2,0,2,367
03/02/2022,OPF,FL,ASO,ES,Federal Contract Tower,2,92,212,1,307,0,1,117,13,131,2,93,329,14,438,4,0,4,442
03/03/2022,OPF,FL,ASO,ES,Federal Contract Tower,0,93,199,2,294,0,2,166,13,181,0,95,365,15,475,25,0,25,500
03/04/2022,OPF,FL,ASO,ES,Federal Contract Tower,2,88,150,3,243,0,6,124,9,139,2,94,274,12,382,2,0,2,384
03/05/2022,OPF,FL,ASO,ES,Federal Contract Tower,0,78,131,5,214,0,2,47,4,53,0,80,178,9,267,4,0,4,271
03/06/2022,OPF,FL,ASO,ES,Federal Contract Tower,2,97,186,1,286,0,1,84,12,97,2,98,270,13,383,0,0,0,383
03/07/2022,OPF,FL,ASO,ES,Federal Contract Tower,0,70,165,8,243,0,3,107,12,122,0,73,272,20,365,15,10,25,390
03/08/2022,OPF,FL,ASO,ES,Federal Contract Tower,0,75,185,1,261,0,4,138,18,160,0,79,323,19,421,6,2,8,429
03/09/2022,OPF,FL,ASO,ES,Federal Contract Tower,1,75,136,1,213,0,14,134,14,162,1,89,270,15,375,17,2,19,394
03/10/2022,OPF,FL,ASO,ES,Federal Contract Tower,0,76,161,4,241,0,1,55,14,70,0,77,216,18,311,2,0,2,313
03/11/2022,OPF,FL,ASO,ES,Federal Contract Tower,0,100,176,4,280,0,2,131,14,147,0,102,307,18,427,27,0,27,454
03/12/2022,OPF,FL,ASO,ES,Federal Contract Tower,0,90,151,2,243,0,5,52,10,67,0,95,203,12,310,4,0,4,314
03/13/2022,OPF,FL,ASO,ES,Federal Contract Tower,0,106,215,0,321,0,5,90,10,105,0,111,305,10,426,16,0,16,442
03/14/2022,OPF,FL,ASO,ES,Federal Contract Tower,0,89,184,4,277,0,8,80,11,99,0,97,264,15,376,2,3,5,381
03/15/2022,OPF,FL,ASO,ES,Federal Contract Tower,1,91,139,5,236,0,3,29,10,42,1,94,168,15,278,0,0,0,278
03/16/2022,OPF,FL,ASO,ES,Federal Contract Tower,0,78,166,4,248,0,2,113,18,133,0,80,279,22,381,29,0,29,410
03/17/2022,OPF,FL,ASO,ES,Federal Contract Tower,0,79,190,1,270,0,6,87,24,117,0,85,277,25,387,4,0,4,391
03/18/2022,OPF,FL,ASO,ES,Federal Contract Tower,0,110,202,2,314,0,1,186,8,195,0,111,388,10,509,0,0,0,509
03/19/2022,OPF,FL,ASO,ES,Federal Contract Tower,0,86,176,0,262,0,2,136,7,145,0,88,312,7,407,18,0,18,425
03/20/2022,OPF,FL,ASO,ES,Federal Contract Tower,0,88,216,0,304,0,2,74,7,83,0,90,290,7,387,16,0,16,403
03/21/2022,OPF,FL,ASO,ES,Federal Contract Tower,0,72,149,2,223,0,5,98,10,113,0,77,247,12,336,2,0,2,338
03/22/2022,OPF,FL,ASO,ES,Federal Contract Tower,0,56,126,0,182,0,4,155,13,172,0,60,281,13,354,32,0,32,386
03/23/2022,OPF,FL,ASO,ES,Federal Contract Tower,0,82,138,2,222,0,5,133,10,148,0,87,271,12,370,17,0,17,387
03/24/2022,OPF,FL,ASO,ES,Federal Contract Tower,0,96,142,1,239,0,1,85,12,98,0,97,227,13,337,6,2,8,345
03/25/2022,OPF,FL,ASO,ES,Federal Contract Tower,0,76,170,2,248,0,3,141,12,156,0,79,311,14,404,15,0,15,419
03/26/2022,OPF,FL,ASO,ES,Federal Contract Tower,0,80,163,1,244,0,6,148,7,161,0,86,311,8,405,4,0,4,409
03/27/2022,OPF,FL,ASO,ES,Federal Contract Tower,0,106,208,1,315,0,6,90,8,104,0,112,298,9,419,16,0,16,435
03/28/2022,OPF,FL,ASO,ES,Federal Contract Tower,3,74,167,2,246,0,16,127,18,161,3,90,294,20,407,12,0,12,419
03/29/2022,OPF,FL,ASO,ES,Federal Contract Tower,0,61,177,0,238,0,6,172,13,191,0,67,349,13,429,12,0,12,441
03/30/2022,OPF,FL,ASO,ES,Federal Contract Tower,0,75,167,1,243,0,6,119,15,140,0,81,286,16,383,4,0,4,387
03/31/2022,OPF,FL,ASO,ES,Federal Contract Tower,0,78,199,0,277,0,6,88,10,104,0,84,287,10,381,34,0,34,415
04/01/2022,OPF,FL,ASO,ES,Federal Contract Tower,0,72,196,7,275,0,4,140,10,154,0,76,336,17,429,5,18,23,452
04/02/2022,OPF,FL,ASO,ES,Federal Contract Tower,0,67,120,1,188,0,6,89,9,104,0,73,209,10,292,6,0,6,298
04/03/2022,OPF,FL,ASO,ES,Federal Contract Tower,1,87,243,0,331,0,0,99,16,115,1,87,342,16,446,29,0,29,475
04/04/2022,OPF,FL,ASO,ES,Federal Contract Tower,0,66,154,2,222,0,3,86,6,95,0,69,240,8,317,49,0,49,366
04/05/2022,OPF,FL,ASO,ES,Federal Contract Tower,0,61,213,1,275,0,4,140,19,163,0,65,353,20,438,6,0,6,444
04/06/2022,OPF,FL,ASO,ES,Federal Contract Tower,0,60,220,2,282,0,3,156,9,168,0,63,376,11,450,12,2,14,464
04/07/2022,OPF,FL,ASO,ES,Federal Contract Tower,0,86,172,4,262,0,4,119,12,135,0,90,291,16,397,4,0,4,401
04/08/2022,OPF,FL,ASO,ES,Federal Contract Tower,0,89,206,0,295,0,5,158,14,177,0,94,364,14,472,4,0,4,476
04/09/2022,OPF,FL,ASO,ES,Federal Contract Tower,1,59,154,0,214,0,4,105,4,113,1,63,259,4,327,10,0,10,337
04/10/2022,OPF,FL,ASO,ES,Federal Contract Tower,2,66,206,0,274,0,2,86,10,98,2,68,292,10,372,0,0,0,372
04/11/2022,OPF,FL,ASO,ES,Federal Contract Tower,0,71,164,0,235,0,3,111,12,126,0,74,275,12,361,22,4,26,387
04/12/2022,OPF,FL,ASO,ES,Federal Contract Tower,0,51,165,5,221,0,2,149,15,166,0,53,314,20,387,4,0,4,391
04/13/2022,OPF,FL,ASO,ES,Federal Contract Tower,1,114,170,3,288,0,9,178,13,200,1,123,348,16,488,19,0,19,507
04/14/2022,OPF,FL,ASO,ES,Federal Contract Tower,0,130,204,2,336,0,3,138,16,157,0,133,342,18,493,46,0,46,539
04/15/2022,OPF,FL,ASO,ES,Federal Contract Tower,0,84,147,8,239,0,1,97,13,111,0,85,244,21,350,14,8,22,372
04/16/2022,OPF,FL,ASO,ES,Federal Contract Tower,0,67,121,1,189,0,8,95,8,111,0,75,216,9,300,8,0,8,308
04/17/2022,OPF,FL,ASO,ES,Federal Contract Tower,0,71,125,1,197,0,13,76,7,96,0,84,201,8,293,34,0,34,327
04/18/2022,OPF,FL,ASO,ES,Federal Contract Tower,0,81,198,3,282,0,3,115,12,130,0,84,313,15,412,12,0,12,424
04/19/2022,OPF,FL,ASO,ES,Federal Contract Tower,1,79,183,7,270,0,9,146,19,174,1,88,329,26,444,1,0,1,445
04/20/2022,OPF,FL,ASO,ES,Federal Contract Tower,0,92,170,1,263,0,2,157,20,179,0,94,327,21,442,14,0,14,456
04/21/2022,OPF,FL,ASO,ES,Federal Contract Tower,0,86,147,3,236,0,6,111,8,125,0,92,258,11,361,28,0,28,389
04/22/2022,OPF,FL,ASO,ES,Federal Contract Tower,0,83,155,5,243,0,3,100,13,116,0,86,255,18,359,2,0,2,361
04/23/2022,OPF,FL,ASO,ES,Federal Contract Tower,0,73,137,1,211,0,8,100,5,113,0,81,237,6,324,64,0,64,388
04/24/2022,OPF,FL,ASO,ES,Federal Contract Tower,0,99,223,1,323,0,2,88,8,98,0,101,311,9,421,32,14,46,467
04/25/2022,OPF,FL,ASO,ES,Federal Contract Tower,0,83,197,4,284,0,5,142,11,158,0,88,339,15,442,268,0,268,710
04/26/2022,OPF,FL,ASO,ES,Federal Contract Tower,0,58,190,2,250,0,5,154,15,174,0,63,344,17,424,194,0,194,618
04/27/2022,OPF,FL,ASO,ES,Federal Contract Tower,0,63,172,4,239,0,18,177,7,202,0,81,349,11,441,253,0,253,694
04/28/2022,OPF,FL,ASO,ES,Federal Contract Tower,1,73,171,1,246,0,8,99,8,115,1,81,270,9,361,185,0,185,546
04/29/2022,OPF,FL,ASO,ES,Federal Contract Tower,0,46,168,1,215,0,4,117,7,128,0,50,285,8,343,251,4,255,598
04/30/2022,OPF,FL,ASO,ES,Federal Contract Tower,0,39,125,0,164,0,1,68,4,73,0,40,193,4,237,111,0,111,348
05/01/2022,OPF,FL,ASO,ES,Federal Contract Tower,0,59,180,1,240,0,9,71,8,88,0,68,251,9,328,39,0,39,367
05/02/2022,OPF,FL,ASO,ES,Federal Contract Tower,0,40,164,0,204,0,5,111,22,138,0,45,275,22,342,199,0,199,541
05/03/2022,OPF,FL,ASO,ES,Federal Contract Tower,0,61,172,0,233,0,0,137,18,155,0,61,309,18,388,243,32,275,663
05/04/2022,OPF,FL,ASO,ES,Federal Contract Tower,0,86,205,0,291,0,7,112,12,131,0,93,317,12,422,85,0,85,507
05/05/2022,OPF,FL,ASO,ES,Federal Contract Tower,0,134,235,2,371,0,5,76,12,93,0,139,311,14,464,51,0,51,515
05/06/2022,OPF,FL,ASO,ES,Federal Contract Tower,0,111,180,0,291,0,3,92,9,104,0,114,272,9,395,4,0,4,399
05/07/2022,OPF,FL,ASO,ES,Federal Contract Tower,1,71,121,0,193,0,9,59,10,78,1,80,180,10,271,14,0,14,285
05/08/2022,OPF,FL,ASO,ES,Federal Contract Tower,0,153,214,3,370,0,4,67,11,82,0,157,281,14,452,0,0,0,452
05/09/2022,OPF,FL,ASO,ES,Federal Contract Tower,0,145,246,3,394,0,3,79,15,97,0,148,325,18,491,0,0,0,491
05/10/2022,OPF,FL,ASO,ES,Federal Contract Tower,0,61,175,5,241,0,5,129,14,148,0,66,304,19,389,4,0,4,393
05/11/2022,OPF,FL,ASO,ES,Federal Contract Tower,1,51,168,0,220,0,1,152,8,161,1,52,320,8,381,171,1,172,553
05/12/2022,OPF,FL,ASO,ES,Federal Contract Tower,1,59,150,24,234,0,1,110,9,120,1,60,260,33,354,182,0,182,536
05/13/2022,OPF,FL,ASO,ES,Federal Contract Tower,0,69,196,0,265,0,2,152,7,161,0,71,348,7,426,108,0,108,534
05/14/2022,OPF,FL,ASO,ES,Federal Contract Tower,1,40,93,1,135,0,7,294,8,309,1,47,387,9,444,4,0,4,448
05/15/2022,OPF,FL,ASO,ES,Federal Contract Tower,1,70,137,9,217,0,3,75,5,83,1,73,212,14,300,39,0,39,339
05/16/2022,OPF,FL,ASO,ES,Federal Contract Tower,0,67,151,1,219,0,3,112,4,119,0,70,263,5,338,66,0,66,404
05/17/2022,OPF,FL,ASO,ES,Federal Contract Tower,1,54,129,1,185,0,1,148,15,164,1,55,277,16,349,48,0,48,397
05/18/2022,OPF,FL,ASO,ES,Federal Contract Tower,0,53,163,1,217,0,5,146,14,165,0,58,309,15,382,259,0,259,641
05/19/2022,OPF,FL,ASO,ES,Federal Contract Tower,0,74,194,0,268,0,4,147,8,159,0,78,341,8,427,135,0,135,562
05/20/2022,OPF,FL,ASO,ES,Federal Contract Tower,0,53,137,1,191,0,5,105,11,121,0,58,242,12,312,62,0,62,374
05/21/2022,OPF,FL,ASO,ES,Federal Contract Tower,0,42,109,1,152,0,4,71,7,82,0,46,180,8,234,79,0,79,313
05/22/2022,OPF,FL,ASO,ES,Federal Contract Tower,0,51,146,1,198,0,2,82,6,90,0,53,228,7,288,22,0,22,310
05/23/2022,OPF,FL,ASO,ES,Federal Contract Tower,0,54,179,2,235,0,4,118,9,131,0,58,297,11,366,140,0,140,506
05/24/2022,OPF,FL,ASO,ES,Federal Contract Tower,0,56,177,2,235,0,3,144,20,167,0,59,321,22,402,122,0,122,524
05/25/2022,OPF,FL,ASO,ES,Federal Contract Tower,1,59,136,2,198,0,8,146,11,165,1,67,282,13,363,151,0,151,514
05/26/2022,OPF,FL,ASO,ES,Federal Contract Tower,0,59,177,11,247,0,10,140,19,169,0,69,317,30,416,156,0,156,572
05/27/2022,OPF,FL,ASO,ES,Federal Contract Tower,0,51,146,4,201,0,4,161,35,200,0,55,307,39,401,61,0,61,462
05/28/2022,OPF,FL,ASO,ES,Federal Contract Tower,0,28,73,1,102,0,0,76,36,112,0,28,149,37,214,80,0,80,294
05/29/2022,OPF,FL,ASO,ES,Federal Contract Tower,0,26,55,1,82,0,0,62,14,76,0,26,117,15,158,24,0,24,182
05/30/2022,OPF,FL,ASO,ES,Federal Contract Tower,0,63,173,8,244,0,2,111,13,126,0,65,284,21,370,63,10,73,443
05/31/2022,OPF,FL,ASO,ES,Federal Contract Tower,0,58,139,3,200,0,2,102,17,121,0,60,241,20,321,184,0,184,505
06/01/2022,OPF,FL,ASO,ES,Federal Contract Tower,0,46,129,4,179,0,1,98,11,110,0,47,227,15,289,110,0,110,399
06/02/2022,OPF,FL,ASO,ES,Federal Contract Tower,1,44,151,2,198,0,3,121,14,138,1,47,272,16,336,165,0,165,501
06/03/2022,OPF,FL,ASO,ES,Federal Contract Tower,0,48,90,5,143,0,0,6,1,7,0,48,96,6,150,9,0,9,159
06/04/2022,OPF,FL,ASO,ES,Federal Contract Tower,0,20,57,0,77,0,2,20,5,27,0,22,77,5,104,8,0,8,112
06/05/2022,OPF,FL,ASO,ES,Federal Contract Tower,1,60,157,0,218,0,2,82,10,94,1,62,239,10,312,58,0,58,370
06/06/2022,OPF,FL,ASO,ES,Federal Contract Tower,1,47,130,0,178,0,3,117,14,134,1,50,247,14,312,159,0,159,471
06/07/2022,OPF,FL,ASO,ES,Federal Contract Tower,0,47,92,4,143,0,3,96,15,114,0,50,188,19,257,202,22,224,481
06/08/2022,OPF,FL,ASO,ES,Federal Contract Tower,0,53,150,3,206,0,7,153,10,170,0,60,303,13,376,264,7,271,647
06/09/2022,OPF,FL,ASO,ES,Federal Contract Tower,0,42,127,1,170,0,2,103,15,120,0,44,230,16,290,113,0,113,403
06/10/2022,OPF,FL,ASO,ES,Federal Contract Tower,0,46,148,0,194,0,3,124,10,137,0,49,272,10,331,99,16,115,446
06/11/2022,OPF,FL,ASO,ES,Federal Contract Tower,2,37,109,0,148,0,0,105,10,115,2,37,214,10,263,60,6,66,329
06/12/2022,OPF,FL,ASO,ES,Federal Contract Tower,0,43,98,0,141,0,8,93,4,105,0,51,191,4,246,25,0,25,271
06/13/2022,OPF,FL,ASO,ES,Federal Contract Tower,0,51,144,1,196,0,11,133,6,150,0,62,277,7,346,166,4,170,516
06/14/2022,OPF,FL,ASO,ES,Federal Contract Tower,1,32,141,1,175,0,6,170,12,188,1,38,311,13,363,88,0,88,451
06/15/2022,OPF,FL,ASO,ES,Federal Contract Tower,0,46,174,0,220,0,4,162,10,176,0,50,336,10,396,234,2,236,632
06/16/2022,OPF,FL,ASO,ES,Federal Contract Tower,1,51,148,2,202,0,3,171,11,185,1,54,319,13,387,80,0,80,467
06/17/2022,OPF,FL,ASO,ES,Federal Contract Tower,0,48,148,0,196,0,4,154,10,168,0,52,302,10,364,103,0,103,467
06/18/2022,OPF,FL,ASO,ES,Federal Contract Tower,0,30,128,0,158,0,0,118,9,127,0,30,246,9,285,105,0,105,390
06/19/2022,OPF,FL,ASO,ES,Federal Contract Tower,0,25,110,1,136,0,4,67,9,80,0,29,177,10,216,2,0,2,218
06/20/2022,OPF,FL,ASO,ES,Federal Contract Tower,0,42,109,1,152,0,4,112,6,122,0,46,221,7,274,97,0,97,371
06/21/2022,OPF,FL,ASO,ES,Federal Contract Tower,0,44,120,2,166,0,4,130,6,140,0,48,250,8,306,189,0,189,495
06/22/2022,OPF,FL,ASO,ES,Federal Contract Tower,0,57,135,0,192,0,1,169,4,174,0,58,304,4,366,113,0,113,479
06/23/2022,OPF,FL,ASO,ES,Federal Contract Tower,0,44,176,1,221,0,0,142,17,159,0,44,318,18,380,110,0,110,490
06/24/2022,OPF,FL,ASO,ES,Federal Contract Tower,0,42,134,2,178,0,2,150,5,157,0,44,284,7,335,158,0,158,493
06/25/2022,OPF,FL,ASO,ES,Federal Contract Tower,2,29,108,1,140,0,6,114,7,127,2,35,222,8,267,48,0,48,315
06/26/2022,OPF,FL,ASO,ES,Federal Contract Tower,1,26,133,1,161,0,3,49,6,58,1,29,182,7,219,59,0,59,278
06/27/2022,OPF,FL,ASO,ES,Federal Contract Tower,1,38,113,1,153,0,5,85,6,96,1,43,198,7,249,179,0,179,428
06/28/2022,OPF,FL,ASO,ES,Federal Contract Tower,0,31,145,1,177,0,9,157,9,175,0,40,302,10,352,97,0,97,449
06/29/2022,OPF,FL,ASO,ES,Federal Contract Tower,0,45,105,4,154,0,0,100,8,108,0,45,205,12,262,30,0,30,292
06/30/2022,OPF,FL,ASO,ES,Federal Contract Tower,0,57,130,0,187,0,6,111,7,124,0,63,241,7,311,241,0,241,552
07/01/2022,OPF,FL,ASO,ES,Federal Contract Tower,1,43,162,0,206,0,7,164,8,179,1,50,326,8,385,215,7,222,607
07/02/2022,OPF,FL,ASO,ES,Federal Contract Tower,0,30,98,1,129,0,8,99,4,111,0,38,197,5,240,88,0,88,328
07/03/2022,OPF,FL,ASO,ES,Federal Contract Tower,1,23,101,2,127,0,4,78,5,87,1,27,179,7,214,63,0,63,277
07/04/2022,OPF,FL,ASO,ES,Federal Contract Tower,0,22,88,0,110,0,1,90,3,94,0,23,178,3,204,54,0,54,258
07/05/2022,OPF,FL,ASO,ES,Federal Contract Tower,0,61,108,1,170,0,3,124,6,133,0,64,232,7,303,173,1,174,477
07/06/2022,OPF,FL,ASO,ES,Federal Contract Tower,0,39,107,1,147,0,3,117,12,132,0,42,224,13,279,132,0,132,411
07/07/2022,OPF,FL,ASO,ES,Federal Contract Tower,0,26,135,0,161,0,3,130,7,140,0,29,265,7,301,224,0,224,525
07/08/2022,OPF,FL,ASO,ES,Federal Contract Tower,0,37,135,0,172,0,3,127,11,141,0,40,262,11,313,148,0,148,461
07/09/2022,OPF,FL,ASO,ES,Federal Contract Tower,0,28,91,1,120,0,11,77,5,93,0,39,168,6,213,88,0,88,301
07/10/2022,OPF,FL,ASO,ES,Federal Contract Tower,0,33,116,3,152,0,0,76,6,82,0,33,192,9,234,106,0,106,340
07/11/2022,OPF,FL,ASO,ES,Federal Contract Tower,1,27,94,3,125,0,6,94,10,110,1,33,188,13,235,144,2,146,381
07/12/2022,OPF,FL,ASO,ES,Federal Contract Tower,0,29,136,3,168,0,7,125,9,141,0,36,261,12,309,235,0,235,544
07/13/2022,OPF,FL,ASO,ES,Federal Contract Tower,0,37,118,2,157,0,2,125,7,134,0,39,243,9,291,23,0,23,314
07/14/2022,OPF,FL,ASO,ES,Federal Contract Tower,0,31,150,1,182,0,4,127,6,137,0,35,277,7,319,200,0,200,519
07/15/2022,OPF,FL,ASO,ES,Federal Contract Tower,0,37,95,1,133,0,4,92,8,104,0,41,187,9,237,100,5,105,342
07/16/2022,OPF,FL,ASO,ES,Federal Contract Tower,2,22,111,1,136,0,9,73,11,93,2,31,184,12,229,164,0,164,393
07/17/2022,OPF,FL,ASO,ES,Federal Contract Tower,0,35,129,2,166,0,0,55,4,59,0,35,184,6,225,59,0,59,284
07/18/2022,OPF,FL,ASO,ES,Federal Contract Tower,1,48,119,1,169,0,6,114,11,131,1,54,233,12,300,209,0,209,509
07/19/2022,OPF,FL,ASO,ES,Federal Contract Tower,0,34,158,2,194,0,1,136,8,145,0,35,294,10,339,155,0,155,494
07/20/2022,OPF,FL,ASO,ES,Federal Contract Tower,0,42,116,0,158,0,0,155,13,168,0,42,271,13,326,237,5,242,568
07/21/2022,OPF,FL,ASO,ES,Federal Contract Tower,0,35,134,1,170,0,4,142,12,158,0,39,276,13,328,277,2,279,607
07/22/2022,OPF,FL,ASO,ES,Federal Contract Tower,1,46,142,1,190,0,4,120,9,133,1,50,262,10,323,185,0,185,508
07/23/2022,OPF,FL,ASO,ES,Federal Contract Tower,0,24,111,0,135,0,6,106,10,122,0,30,217,10,257,176,0,176,433
07/24/2022,OPF,FL,ASO,ES,Federal Contract Tower,1,31,101,2,135,0,3,96,11,110,1,34,197,13,245,83,0,83,328
07/25/2022,OPF,FL,ASO,ES,Federal Contract Tower,0,44,130,4,178,0,3,109,12,124,0,47,239,16,302,128,0,128,430
07/26/2022,OPF,FL,ASO,ES,Federal Contract Tower,0,27,59,3,89,0,4,66,13,83,0,31,125,16,172,82,6,88,260
07/27/2022,OPF,FL,ASO,ES,Federal Contract Tower,0,34,166,2,202,0,2,143,14,159,0,36,309,16,361,136,0,136,497
07/28/2022,OPF,FL,ASO,ES,Federal Contract Tower,0,40,107,0,147,0,5,121,12,138,0,45,228,12,285,119,0,119,404
07/29/2022,OPF,FL,ASO,ES,Federal Contract Tower,0,40,123,0,163,0,3,154,12,169,0,43,277,12,332,76,0,76,408
07/30/2022,OPF,FL,ASO,ES,Federal Contract Tower,0,40,91,2,133,0,1,93,8,102,0,41,184,10,235,119,0,119,354
07/31/2022,OPF,FL,ASO,ES,Federal Contract Tower,0,30,133,4,167,0,0,89,9,98,0,30,222,13,265,90,0,90,355
08/01/2022,OPF,FL,ASO,ES,Federal Contract Tower,0,35,127,4,166,0,3,116,6,125,0,38,243,10,291,120,17,137,428
08/02/2022,OPF,FL,ASO,ES,Federal Contract Tower,1,28,97,3,129,0,1,127,19,147,1,29,224,22,276,173,2,175,451
08/03/2022,OPF,FL,ASO,ES,Federal Contract Tower,1,32,116,0,149,0,5,120,10,135,1,37,236,10,284,253,0,253,537
08/04/2022,OPF,FL,ASO,ES,Federal Contract Tower,2,37,108,0,147,0,3,124,9,136,2,40,232,9,283,98,4,102,385
08/05/2022,OPF,FL,ASO,ES,Federal Contract Tower,1,40,101,0,142,0,2,139,4,145,1,42,240,4,287,145,0,145,432
08/06/2022,OPF,FL,ASO,ES,Federal Contract Tower,0,32,92,0,124,0,1,79,9,89,0,33,171,9,213,76,6,82,295
08/07/2022,OPF,FL,ASO,ES,Federal Contract Tower,1,38,107,0,146,0,0,80,4,84,1,38,187,4,230,40,0,40,270
08/08/2022,OPF,FL,ASO,ES,Federal Contract Tower,0,41,117,1,159,0,3,100,12,115,0,44,217,13,274,186,0,186,460
08/09/2022,OPF,FL,ASO,ES,Federal Contract Tower,3,23,102,2,130,0,6,107,12,125,3,29,209,14,255,110,0,110,365
08/10/2022,OPF,FL,ASO,ES,Federal Contract Tower,0,30,115,0,145,0,6,125,9,140,0,36,240,9,285,254,0,254,539
08/11/2022,OPF,FL,ASO,ES,Federal Contract Tower,0,37,124,3,164,0,5,149,11,165,0,42,273,14,329,149,0,149,478
08/12/2022,OPF,FL,ASO,ES,Federal Contract Tower,0,62,121,0,183,0,5,129,6,140,0,67,250,6,323,168,0,168,491
08/13/2022,OPF,FL,ASO,ES,Federal Contract Tower,0,29,77,0,106,0,4,78,7,89,0,33,155,7,195,52,44,96,291
08/14/2022,OPF,FL,ASO,ES,Federal Contract Tower,0,43,121,1,165,0,3,67,11,81,0,46,188,12,246,59,16,75,321
08/15/2022,OPF,FL,ASO,ES,Federal Contract Tower,0,44,93,2,139,0,2,98,6,106,0,46,191,8,245,165,0,165,410
08/16/2022,OPF,FL,ASO,ES,Federal Contract Tower,0,49,96,3,148,0,3,113,8,124,0,52,209,11,272,167,0,167,439
08/17/2022,OPF,FL,ASO,ES,Federal Contract Tower,0,52,112,3,167,0,8,90,7,105,0,60,202,10,272,116,0,116,388
08/18/2022,OPF,FL,ASO,ES,Federal Contract Tower,3,53,115,1,172,0,7,115,13,135,3,60,230,14,307,122,0,122,429
08/19/2022,OPF,FL,ASO,ES,Federal Contract Tower,0,54,109,1,164,0,2,129,8,139,0,56,238,9,303,245,0,245,548
08/20/2022,OPF,FL,ASO,ES,Federal Contract Tower,3,31,103,0,137,0,5,110,6,121,3,36,213,6,258,81,8,89,347
08/21/2022,OPF,FL,ASO,ES,Federal Contract Tower,1,49,95,0,145,0,3,93,5,101,1,52,188,5,246,77,0,77,323
08/22/2022,OPF,FL,ASO,ES,Federal Contract Tower,1,48,119,0,168,0,4,110,17,131,1,52,229,17,299,120,0,120,419
08/23/2022,OPF,FL,ASO,ES,Federal Contract Tower,0,37,91,0,128,0,6,95,8,109,0,43,186,8,237,151,0,151,388
08/24/2022,OPF,FL,ASO,ES,Federal Contract Tower,0,50,136,1,187,0,3,139,9,151,0,53,275,10,338,211,5,216,554
08/25/2022,OPF,FL,ASO,ES,Federal Contract Tower,0,64,133,5,202,0,2,130,12,144,0,66,263,17,346,95,8,103,449
08/26/2022,OPF,FL,ASO,ES,Federal Contract Tower,0,41,105,1,147,0,4,110,8,122,0,45,215,9,269,155,8,163,432
08/27/2022,OPF,FL,ASO,ES,Federal Contract Tower,1,31,71,2,105,0,2,55,6,63,1,33,126,8,168,95,0,95,263
08/28/2022,OPF,FL,ASO,ES,Federal Contract Tower,0,40,93,1,134,0,4,55,7,66,0,44,148,8,200,30,0,30,230
08/29/2022,OPF,FL,ASO,ES,Federal Contract Tower,1,47,110,0,158,0,5,100,11,116,1,52,210,11,274,63,0,63,337
08/30/2022,OPF,FL,ASO,ES,Federal Contract Tower,2,37,92,2,133,0,9,104,9,122,2,46,196,11,255,105,0,105,360
08/31/2022,OPF,FL,ASO,ES,Federal Contract Tower,0,45,105,1,151,0,4,80,11,95,0,49,185,12,246,110,0,110,356
09/01/2022,OPF,FL,ASO,ES,Federal Contract Tower,0,52,111,1,164,0,2,114,9,125,0,54,225,10,289,211,2,213,502
09/02/2022,OPF,FL,ASO,ES,Federal Contract Tower,1,54,121,0,176,0,1,122,11,134,1,55,243,11,310,162,0,162,472
09/03/2022,OPF,FL,ASO,ES,Federal Contract Tower,0,40,50,0,90,0,0,60,5,65,0,40,110,5,155,80,8,88,243
09/04/2022,OPF,FL,ASO,ES,Federal Contract Tower,0,25,70,3,98,0,3,85,4,92,0,28,155,7,190,64,1,65,255
09/05/2022,OPF,FL,ASO,ES,Federal Contract Tower,0,66,140,0,206,0,4,125,4,133,0,70,265,4,339,36,0,36,375
09/06/2022,OPF,FL,ASO,ES,Federal Contract Tower,1,49,128,0,178,0,4,105,10,119,1,53,233,10,297,98,0,98,395
09/07/2022,OPF,FL,ASO,ES,Federal Contract Tower,0,47,124,2,173,0,7,136,11,154,0,54,260,13,327,131,2,133,460
09/08/2022,OPF,FL,ASO,ES,Federal Contract Tower,0,36,125,3,164,0,2,93,5,100,0,38,218,8,264,87,0,87,351
09/09/2022,OPF,FL,ASO,ES,Federal Contract Tower,0,47,107,3,157,0,2,94,11,107,0,49,201,14,264,137,0,137,401
09/10/2022,OPF,FL,ASO,ES,Federal Contract Tower,0,32,81,1,114,0,0,65,6,71,0,32,146,7,185,197,0,197,382
09/11/2022,OPF,FL,ASO,ES,Federal Contract Tower,0,60,106,0,166,0,2,78,12,92,0,62,184,12,258,126,10,136,394
09/12/2022,OPF,FL,ASO,ES,Federal Contract Tower,0,41,124,3,168,0,2,118,9,129,0,43,242,12,297,168,18,186,483
09/13/2022,OPF,FL,ASO,ES,Federal Contract Tower,1,47,98,3,149,0,3,81,10,94,1,50,179,13,243,196,26,222,465
09/14/2022,OPF,FL,ASO,ES,Federal Contract Tower,1,52,118,0,171,0,0,76,10,86,1,52,194,10,257,104,0,104,361
09/15/2022,OPF,FL,ASO,ES,Federal Contract Tower,0,43,113,13,169,0,2,96,9,107,0,45,209,22,276,134,0,134,410
09/16/2022,OPF,FL,ASO,ES,Federal Contract Tower,1,47,120,1,169,0,5,76,5,86,1,52,196,6,255,173,0,173,428
09/17/2022,OPF,FL,ASO,ES,Federal Contract Tower,0,32,87,1,120,0,1,57,6,64,0,33,144,7,184,131,0,131,315
09/18/2022,OPF,FL,ASO,ES,Federal Contract Tower,0,45,130,2,177,0,1,110,7,118,0,46,240,9,295,135,0,135,430
09/19/2022,OPF,FL,ASO,ES,Federal Contract Tower,1,49,123,3,176,0,5,99,9,113,1,54,222,12,289,137,8,145,434
09/20/2022,OPF,FL,ASO,ES,Federal Contract Tower,0,45,130,1,176,0,6,116,19,141,0,51,246,20,317,127,6,133,450
09/21/2022,OPF,FL,ASO,ES,Federal Contract Tower,0,35,123,1,159,0,3,101,21,125,0,38,224,22,284,147,5,152,436
09/22/2022,OPF,FL,ASO,ES,Federal Contract Tower,0,52,141,4,197,0,0,121,23,144,0,52,262,27,341,198,0,198,539
09/23/2022,OPF,FL,ASO,ES,Federal Contract Tower,1,56,146,4,207,0,2,125,6,133,1,58,271,10,340,173,25,198,538
09/24/2022,OPF,FL,ASO,ES,Federal Contract Tower,0,30,100,3,133,0,0,88,5,93,0,30,188,8,226,96,0,96,322
09/25/2022,OPF,FL,ASO,ES,Federal Contract Tower,0,43,132,3,178,0,9,83,14,106,0,52,215,17,284,56,4,60,344
09/26/2022,OPF,FL,ASO,ES,Federal Contract Tower,0,33,135,16,184,0,0,72,41,113,0,33,207,57,297,87,0,87,384
09/27/2022,OPF,FL,ASO,ES,Federal Contract Tower,0,18,53,12,83,0,0,1,6,7,0,18,54,18,90,0,0,0,90
09/28/2022,OPF,FL,ASO,ES,Federal Contract Tower,0,5,5,0,10,0,0,1,2,3,0,5,6,2,13,0,0,0,13
09/29/2022,OPF,FL,ASO,ES,Federal Contract Tower,0,28,70,3,101,0,3,44,29,76,0,31,114,32,177,15,0,15,192
09/30/2022,OPF,FL,ASO,ES,Federal Contract Tower,2,41,120,4,167,0,14,98,20,132,2,55,218,24,299,119,0,119,418
10/01/2022,OPF,FL,ASO,ES,Federal Contract Tower,1,39,94,2,136,0,6,82,8,96,1,45,176,10,232,87,0,87,319
10/02/2022,OPF,FL,ASO,ES,Federal Contract Tower,0,38,121,2,161,0,3,74,6,83,0,41,195,8,244,89,0,89,333
10/03/2022,OPF,FL,ASO,ES,Federal Contract Tower,0,50,147,2,199,0,1,151,3,155,0,51,298,5,354,147,0,147,501
10/04/2022,OPF,FL,ASO,ES,Federal Contract Tower,0,33,119,12,164,0,6,157,29,192,0,39,276,41,356,219,22,241,597
10/05/2022,OPF,FL,ASO,ES,Federal Contract Tower,0,46,132,3,181,0,2,112,6,120,0,48,244,9,301,177,0,177,478
10/06/2022,OPF,FL,ASO,ES,Federal Contract Tower,0,58,164,1,223,0,3,126,11,140,0,61,290,12,363,80,20,100,463
10/07/2022,OPF,FL,ASO,ES,Federal Contract Tower,0,81,177,3,261,0,11,117,4,132,0,92,294,7,393,137,0,137,530
10/08/2022,OPF,FL,ASO,ES,Federal Contract Tower,1,34,112,1,148,0,2,80,8,90,1,36,192,9,238,78,28,106,344
10/09/2022,OPF,FL,ASO,ES,Federal Contract Tower,0,51,120,2,173,0,1,31,3,35,0,52,151,5,208,6,0,6,214
10/10/2022,OPF,FL,ASO,ES,Federal Contract Tower,0,55,131,0,186,0,5,124,6,135,0,60,255,6,321,203,0,203,524
10/11/2022,OPF,FL,ASO,ES,Federal Contract Tower,0,70,142,3,215,0,4,103,13,120,0,74,245,16,335,218,16,234,569
10/12/2022,OPF,FL,ASO,ES,Federal Contract Tower,0,46,132,0,178,0,1,93,8,102,0,47,225,8,280,117,0,117,397
10/13/2022,OPF,FL,ASO,ES,Federal Contract Tower,1,56,131,2,190,0,1,78,10,89,1,57,209,12,279,80,3,83,362
10/14/2022,OPF,FL,ASO,ES,Federal Contract Tower,0,76,134,1,211,0,4,88,14,106,0,80,222,15,317,137,0,137,454
10/15/2022,OPF,FL,ASO,ES,Federal Contract Tower,0,52,91,0,143,0,0,64,10,74,0,52,155,10,217,114,0,114,331
10/16/2022,OPF,FL,ASO,ES,Federal Contract Tower,0,45,124,1,170,0,10,94,9,113,0,55,218,10,283,101,6,107,390
10/17/2022,OPF,FL,ASO,ES,Federal Contract Tower,1,60,158,2,221,0,3,100,16,119,1,63,258,18,340,235,14,249,589
10/18/2022,OPF,FL,ASO,ES,Federal Contract Tower,0,77,165,1,243,0,5,152,16,173,0,82,317,17,416,192,0,192,608
10/19/2022,OPF,FL,ASO,ES,Federal Contract Tower,0,50,145,3,198,0,2,84,11,97,0,52,229,14,295,90,16,106,401
10/20/2022,OPF,FL,ASO,ES,Federal Contract Tower,0,66,160,3,229,0,3,142,15,160,0,69,302,18,389,163,7,170,559
10/21/2022,OPF,FL,ASO,ES,Federal Contract Tower,1,63,171,2,237,0,0,116,9,125,1,63,287,11,362,128,12,140,502
10/22/2022,OPF,FL,ASO,ES,Federal Contract Tower,0,42,107,0,149,0,7,112,3,122,0,49,219,3,271,149,0,149,420
10/23/2022,OPF,FL,ASO,ES,Federal Contract Tower,0,67,148,0,215,0,6,96,4,106,0,73,244,4,321,89,0,89,410
10/24/2022,OPF,FL,ASO,ES,Federal Contract Tower,0,68,164,1,233,0,4,152,10,166,0,72,316,11,399,211,0,211,610
10/25/2022,OPF,FL,ASO,ES,Federal Contract Tower,0,56,155,5,216,0,8,215,20,243,0,64,370,25,459,156,4,160,619
10/26/2022,OPF,FL,ASO,ES,Federal Contract Tower,0,52,136,1,189,0,1,155,13,169,0,53,291,14,358,224,0,224,582
10/27/2022,OPF,FL,ASO,ES,Federal Contract Tower,0,51,146,0,197,0,2,154,13,169,0,53,300,13,366,288,0,288,654
10/28/2022,OPF,FL,ASO,ES,Federal Contract Tower,0,54,129,13,196,0,3,134,9,146,0,57,263,22,342,237,0,237,579
10/29/2022,OPF,FL,ASO,ES,Federal Contract Tower,0,39,96,0,135,0,8,105,7,120,0,47,201,7,255,151,0,151,406
10/30/2022,OPF,FL,ASO,ES,Federal Contract Tower,0,53,117,2,172,0,2,89,8,99,0,55,206,10,271,50,0,50,321
10/31/2022,OPF,FL,ASO,ES,Federal Contract Tower,0,61,138,0,199,0,3,81,10,94,0,64,219,10,293,136,22,158,451
11/01/2022,OPF,FL,ASO,ES,Federal Contract Tower,0,49,86,1,136,0,9,58,14,81,0,58,144,15,217,74,0,74,291
11/02/2022,OPF,FL,ASO,ES,Federal Contract Tower,0,70,156,4,230,0,2,122,9,133,0,72,278,13,363,227,0,227,590
11/03/2022,OPF,FL,ASO,ES,Federal Contract Tower,0,69,162,2,233,0,4,144,12,160,0,73,306,14,393,150,8,158,551
11/04/2022,OPF,FL,ASO,ES,Federal Contract Tower,1,52,130,1,184,0,3,114,9,126,1,55,244,10,310,181,0,181,491
11/05/2022,OPF,FL,ASO,ES,Federal Contract Tower,0,36,101,0,137,0,3,107,5,115,0,39,208,5,252,78,2,80,332
11/06/2022,OPF,FL,ASO,ES,Federal Contract Tower,1,82,170,0,253,0,8,44,8,60,1,90,214,8,313,57,0,57,370
11/07/2022,OPF,FL,ASO,ES,Federal Contract Tower,0,64,112,5,181,0,0,68,11,79,0,64,180,16,260,95,0,95,355
11/08/2022,OPF,FL,ASO,ES,Federal Contract Tower,1,59,116,2,178,0,0,54,4,58,1,59,170,6,236,28,0,28,264
11/09/2022,OPF,FL,ASO,ES,Federal Contract Tower,0,36,69,7,112,0,0,2,0,2,0,36,71,7,114,0,0,0,114
11/10/2022,OPF,FL,ASO,ES,Federal Contract Tower,0,43,77,2,122,0,1,32,12,45,0,44,109,14,167,12,0,12,179
11/11/2022,OPF,FL,ASO,ES,Federal Contract Tower,0,76,136,0,212,0,1,98,12,111,0,77,234,12,323,171,10,181,504
11/12/2022,OPF,FL,ASO,ES,Federal Contract Tower,1,47,113,1,162,0,32,70,8,110,1,79,183,9,272,136,0,136,408
11/13/2022,OPF,FL,ASO,ES,Federal Contract Tower,1,71,134,0,206,0,1,56,10,67,1,72,190,10,273,51,0,51,324
11/14/2022,OPF,FL,ASO,ES,Federal Contract Tower,0,50,160,0,210,0,3,98,25,126,0,53,258,25,336,176,1,177,513
11/15/2022,OPF,FL,ASO,ES,Federal Contract Tower,0,56,152,1,209,0,6,144,12,162,0,62,296,13,371,152,22,174,545
11/16/2022,OPF,FL,ASO,ES,Federal Contract Tower,0,56,175,4,235,0,2,117,15,134,0,58,292,19,369,226,0,226,595
11/17/2022,OPF,FL,ASO,ES,Federal Contract Tower,1,76,173,3,253,0,2,74,15,91,1,78,247,18,344,87,0,87,431
11/18/2022,OPF,FL,ASO,ES,Federal Contract Tower,0,76,160,3,239,0,4,138,12,154,0,80,298,15,393,111,24,135,528
11/19/2022,OPF,FL,ASO,ES,Federal Contract Tower,2,64,127,1,194,0,3,112,5,120,2,67,239,6,314,211,0,211,525
11/20/2022,OPF,FL,ASO,ES,Federal Contract Tower,0,80,126,4,210,0,1,2,0,3,0,81,128,4,213,0,0,0,213
11/21/2022,OPF,FL,ASO,ES,Federal Contract Tower,0,72,111,2,185,0,2,44,11,57,0,74,155,13,242,17,36,53,295
11/22/2022,OPF,FL,ASO,ES,Federal Contract Tower,1,90,174,0,265,0,7,110,15,132,1,97,284,15,397,235,4,239,636
11/23/2022,OPF,FL,ASO,ES,Federal Contract Tower,0,70,166,0,236,0,1,106,7,114,0,71,272,7,350,47,0,47,397
11/24/2022,OPF,FL,ASO,ES,Federal Contract Tower,0,28,45,0,73,0,2,46,0,48,0,30,91,0,121,42,0,42,163
11/25/2022,OPF,FL,ASO,ES,Federal Contract Tower,0,47,136,3,186,0,0,70,11,81,0,47,206,14,267,115,0,115,382
11/26/2022,OPF,FL,ASO,ES,Federal Contract Tower,0,85,134,2,221,0,3,125,7,135,0,88,259,9,356,52,0,52,408
11/27/2022,OPF,FL,ASO,ES,Federal Contract Tower,0,95,208,0,303,0,0,92,9,101,0,95,300,9,404,47,12,59,463
11/28/2022,OPF,FL,ASO,ES,Federal Contract Tower,0,135,194,4,333,0,0,145,12,157,0,135,339,16,490,76,0,76,566
11/29/2022,OPF,FL,ASO,ES,Federal Contract Tower,1,116,161,1,279,0,2,139,10,151,1,118,300,11,430,162,9,171,601
11/30/2022,OPF,FL,ASO,ES,Federal Contract Tower,1,92,167,4,264,0,3,112,18,133,1,95,279,22,397,234,4,238,635
12/01/2022,OPF,FL,ASO,ES,Federal Contract Tower,0,100,175,1,276,0,3,87,2,92,0,103,262,3,368,34,0,34,402
12/02/2022,OPF,FL,ASO,ES,Federal Contract Tower,3,85,145,5,238,0,5,104,17,126,3,90,249,22,364,64,0,64,428
12/03/2022,OPF,FL,ASO,ES,Federal Contract Tower,5,86,137,1,229,0,4,101,11,116,5,90,238,12,345,126,0,126,471
12/04/2022,OPF,FL,ASO,ES,Federal Contract Tower,1,132,171,2,306,0,1,77,13,91,1,133,248,15,397,30,0,30,427
12/05/2022,OPF,FL,ASO,ES,Federal Contract Tower,1,80,156,4,241,0,4,143,14,161,1,84,299,18,402,169,17,186,588
12/06/2022,OPF,FL,ASO,ES,Federal Contract Tower,0,54,152,1,207,0,1,178,12,191,0,55,330,13,398,33,0,33,431
12/07/2022,OPF,FL,ASO,ES,Federal Contract Tower,0,55,146,1,202,0,0,149,20,169,0,55,295,21,371,365,19,384,755
12/08/2022,OPF,FL,ASO,ES,Federal Contract Tower,0,64,144,2,210,0,2,128,18,148,0,66,272,20,358,330,6,336,694
12/09/2022,OPF,FL,ASO,ES,Federal Contract Tower,1,60,170,2,233,0,2,123,8,133,1,62,293,10,366,196,0,196,562
12/10/2022,OPF,FL,ASO,ES,Federal Contract Tower,1,38,115,0,154,0,6,119,9,134,1,44,234,9,288,175,10,185,473
12/11/2022,OPF,FL,ASO,ES,Federal Contract Tower,0,62,133,0,195,0,5,74,27,106,0,67,207,27,301,110,0,110,411
12/12/2022,OPF,FL,ASO,ES,Federal Contract Tower,0,63,138,7,208,0,5,111,5,121,0,68,249,12,329,136,19,155,484
12/13/2022,OPF,FL,ASO,ES,Federal Contract Tower,0,57,122,4,183,0,7,135,12,154,0,64,257,16,337,230,0,230,567
12/14/2022,OPF,FL,ASO,ES,Federal Contract Tower,0,63,148,3,214,0,1,147,12,160,0,64,295,15,374,225,2,227,601
12/15/2022,OPF,FL,ASO,ES,Federal Contract Tower,1,70,158,1,230,0,6,105,21,132,1,76,263,22,362,66,6,72,434
12/16/2022,OPF,FL,ASO,ES,Federal Contract Tower,0,87,170,0,257,0,7,60,5,72,0,94,230,5,329,95,0,95,424
12/17/2022,OPF,FL,ASO,ES,Federal Contract Tower,0,83,145,3,231,0,0,50,5,55,0,83,195,8,286,28,0,28,314
12/18/2022,OPF,FL,ASO,ES,Federal Contract Tower,0,77,156,2,235,0,4,54,6,64,0,81,210,8,299,29,0,29,328
12/19/2022,OPF,FL,ASO,ES,Federal Contract Tower,1,80,160,4,245,0,5,120,7,132,1,85,280,11,377,153,0,153,530
12/20/2022,OPF,FL,ASO,ES,Federal Contract Tower,1,79,143,0,223,0,2,118,3,123,1,81,261,3,346,164,0,164,510
12/21/2022,OPF,FL,ASO,ES,Federal Contract Tower,5,84,162,0,251,0,3,118,6,127,5,87,280,6,378,191,0,191,569
12/22/2022,OPF,FL,ASO,ES,Federal Contract Tower,0,91,167,0,258,0,5,101,11,117,0,96,268,11,375,136,0,136,511
12/23/2022,OPF,FL,ASO,ES,Federal Contract Tower,3,76,110,0,189,0,3,56,8,67,3,79,166,8,256,57,0,57,313
12/24/2022,OPF,FL,ASO,ES,Federal Contract Tower,2,50,70,1,123,0,2,47,4,53,2,52,117,5,176,34,0,34,210
12/25/2022,OPF,FL,ASO,ES,Federal Contract Tower,0,70,55,0,125,0,0,8,3,11,0,70,63,3,136,0,0,0,136
12/26/2022,OPF,FL,ASO,ES,Federal Contract Tower,0,84,219,0,303,0,0,40,5,45,0,84,259,5,348,66,0,66,414
12/27/2022,OPF,FL,ASO,ES,Federal Contract Tower,0,113,197,2,312,0,2,62,2,66,0,115,259,4,378,55,0,55,433
12/28/2022,OPF,FL,ASO,ES,Federal Contract Tower,1,101,179,2,283,0,4,124,4,132,1,105,303,6,415,115,18,133,548
12/29/2022,OPF,FL,ASO,ES,Federal Contract Tower,0,90,167,0,257,0,2,93,6,101,0,92,260,6,358,168,0,168,526
12/30/2022,OPF,FL,ASO,ES,Federal Contract Tower,0,95,169,0,264,0,3,95,13,111,0,98,264,13,375,98,0,98,473
12/31/2022,OPF,FL,ASO,ES,Federal Contract Tower,0,55,122,0,177,0,1,49,3,53,0,56,171,3,230,60,0,60,290
01/01/2023,OPF,FL,ASO,ES,Federal Contract Tower,0,98,115,0,213,0,0,48,4,52,0,98,163,4,265,0,0,0,265
01/02/2023,OPF,FL,ASO,ES,Federal Contract Tower,0,135,235,0,370,0,2,119,7,128,0,137,354,7,498,80,7,87,585
01/03/2023,OPF,FL,ASO,ES,Federal Contract Tower,0,110,188,0,298,0,3,120,5,128,0,113,308,5,426,16,0,16,442
01/04/2023,OPF,FL,ASO,ES,Federal Contract Tower,1,72,178,0,251,0,6,96,3,105,1,78,274,3,356,105,21,126,482
01/05/2023,OPF,FL,ASO,ES,Federal Contract Tower,0,76,178,0,254,0,6,166,7,179,0,82,344,7,433,161,0,161,594
01/06/2023,OPF,FL,ASO,ES,Federal Contract Tower,1,65,183,3,252,0,5,149,9,163,1,70,332,12,415,209,0,209,624
01/07/2023,OPF,FL,ASO,ES,Federal Contract Tower,1,85,143,1,230,0,12,78,8,98,1,97,221,9,328,185,0,185,513
01/08/2023,OPF,FL,ASO,ES,Federal Contract Tower,0,99,170,0,269,0,6,93,10,109,0,105,263,10,378,83,0,83,461
01/09/2023,OPF,FL,ASO,ES,Federal Contract Tower,1,77,180,0,258,0,2,137,10,149,1,79,317,10,407,170,0,170,577
01/10/2023,OPF,FL,ASO,ES,Federal Contract Tower,0,62,135,1,198,0,2,130,13,145,0,64,265,14,343,261,0,261,604
01/11/2023,OPF,FL,ASO,ES,Federal Contract Tower,0,75,140,2,217,0,3,141,16,160,0,78,281,18,377,195,37,232,609
01/12/2023,OPF,FL,ASO,ES,Federal Contract Tower,0,103,171,1,275,0,6,166,18,190,0,109,337,19,465,259,0,259,724
01/13/2023,OPF,FL,ASO,ES,Federal Contract Tower,0,84,171,0,255,0,3,96,11,110,0,87,267,11,365,23,0,23,388
01/14/2023,OPF,FL,ASO,ES,Federal Contract Tower,0,47,100,2,149,0,6,63,7,76,0,53,163,9,225,80,2,82,307
01/15/2023,OPF,FL,ASO,ES,Federal Contract Tower,0,65,150,0,215,0,0,100,14,114,0,65,250,14,329,63,0,63,392
01/16/2023,OPF,FL,ASO,ES,Federal Contract Tower,2,92,198,4,296,0,7,180,6,193,2,99,378,10,489,204,0,204,693
01/17/2023,OPF,FL,ASO,ES,Federal Contract Tower,0,62,137,1,200,0,1,126,26,153,0,63,263,27,353,244,0,244,597
01/18/2023,OPF,FL,ASO,ES,Federal Contract Tower,4,60,148,5,217,0,0,107,14,121,4,60,255,19,338,266,0,266,604
01/19/2023,OPF,FL,ASO,ES,Federal Contract Tower,2,65,177,2,246,0,2,130,17,149,2,67,307,19,395,228,0,228,623
01/20/2023,OPF,FL,ASO,ES,Federal Contract Tower,1,89,148,3,241,0,3,134,12,149,1,92,282,15,390,180,2,182,572
01/21/2023,OPF,FL,ASO,ES,Federal Contract Tower,0,55,132,2,189,0,4,109,8,121,0,59,241,10,310,109,19,128,438
01/22/2023,OPF,FL,ASO,ES,Federal Contract Tower,0,70,137,3,210,0,0,81,15,96,0,70,218,18,306,24,32,56,362
01/23/2023,OPF,FL,ASO,ES,Federal Contract Tower,1,74,157,6,238,0,8,108,18,134,1,82,265,24,372,108,15,123,495
01/24/2023,OPF,FL,ASO,ES,Federal Contract Tower,2,82,166,3,253,0,5,113,21,139,2,87,279,24,392,225,0,225,617
01/25/2023,OPF,FL,ASO,ES,Federal Contract Tower,2,107,148,1,258,0,0,123,13,136,2,107,271,14,394,126,13,139,533
01/26/2023,OPF,FL,ASO,ES,Federal Contract Tower,0,87,172,3,262,0,6,127,14,147,0,93,299,17,409,201,19,220,629
01/27/2023,OPF,FL,ASO,ES,Federal Contract Tower,2,68,192,5,267,0,2,122,16,140,2,70,314,21,407,177,0,177,584
01/28/2023,OPF,FL,ASO,ES,Federal Contract Tower,1,48,127,3,179,0,3,81,12,96,1,51,208,15,275,116,12,128,403
01/29/2023,OPF,FL,ASO,ES,Federal Contract Tower,0,114,173,7,294,0,1,76,8,85,0,115,249,15,379,47,0,47,426
01/30/2023,OPF,FL,ASO,ES,Federal Contract Tower,1,70,137,2,210,0,3,137,8,148,1,73,274,10,358,153,30,183,541
01/31/2023,OPF,FL,ASO,ES,Federal Contract Tower,0,72,139,4,215,0,4,128,16,148,0,76,267,20,363,187,29,216,579
02/01/2023,OPF,FL,ASO,ES,Federal Contract Tower,2,68,169,0,239,0,7,126,11,144,2,75,295,11,383,232,0,232,615
02/02/2023,OPF,FL,ASO,ES,Federal Contract Tower,2,84,157,4,247,0,2,131,14,147,2,86,288,18,394,141,23,164,558
02/03/2023,OPF,FL,ASO,ES,Federal Contract Tower,3,66,156,1,226,0,4,126,12,142,3,70,282,13,368,267,23,290,658
02/04/2023,OPF,FL,ASO,ES,Federal Contract Tower,1,59,94,1,155,0,0,17,4,21,1,59,111,5,176,10,20,30,206
02/05/2023,OPF,FL,ASO,ES,Federal Contract Tower,1,98,156,0,255,0,0,39,3,42,1,98,195,3,297,8,0,8,305
02/06/2023,OPF,FL,ASO,ES,Federal Contract Tower,0,81,143,2,226,0,2,102,21,125,0,83,245,23,351,240,5,245,596
02/07/2023,OPF,FL,ASO,ES,Federal Contract Tower,3,76,151,4,234,0,3,137,19,159,3,79,288,23,393,223,35,258,651
02/08/2023,OPF,FL,ASO,ES,Federal Contract Tower,1,89,176,0,266,0,2,119,19,140,1,91,295,19,406,161,0,161,567
02/09/2023,OPF,FL,ASO,ES,Federal Contract Tower,1,99,166,2,268,0,3,131,13,147,1,102,297,15,415,133,0,133,548
02/10/2023,OPF,FL,ASO,ES,Federal Contract Tower,1,91,178,1,271,0,2,121,14,137,1,93,299,15,408,131,0,131,539
02/11/2023,OPF,FL,ASO,ES,Federal Contract Tower,1,45,91,0,137,0,4,105,11,120,1,49,196,11,257,60,0,60,317
02/12/2023,OPF,FL,ASO,ES,Federal Contract Tower,0,74,112,2,188,0,3,44,18,65,0,77,156,20,253,41,8,49,302
02/13/2023,OPF,FL,ASO,ES,Federal Contract Tower,2,91,157,1,251,0,0,117,18,135,2,91,274,19,386,141,0,141,527
02/14/2023,OPF,FL,ASO,ES,Federal Contract Tower,3,63,135,1,202,0,5,127,11,143,3,68,262,12,345,183,0,183,528
02/15/2023,OPF,FL,ASO,ES,Federal Contract Tower,1,80,241,0,322,0,2,116,27,145,1,82,357,27,467,246,4,250,717
02/16/2023,OPF,FL,ASO,ES,Federal Contract Tower,0,85,218,2,305,0,4,126,10,140,0,89,344,12,445,178,0,178,623
02/17/2023,OPF,FL,ASO,ES,Federal Contract Tower,1,98,254,1,354,0,2,117,22,141,1,100,371,23,495,140,2,142,637
02/18/2023,OPF,FL,ASO,ES,Federal Contract Tower,0,72,195,7,274,0,6,88,16,110,0,78,283,23,384,59,24,83,467
02/19/2023,OPF,FL,ASO,ES,Federal Contract Tower,0,81,169,0,250,0,1,99,12,112,0,82,268,12,362,141,19,160,522
02/20/2023,OPF,FL,ASO,ES,Federal Contract Tower,0,121,199,1,321,0,6,119,15,140,0,127,318,16,461,185,0,185,646
02/21/2023,OPF,FL,ASO,ES,Federal Contract Tower,0,96,205,3,304,0,3,159,19,181,0,99,364,22,485,249,0,249,734
02/22/2023,OPF,FL,ASO,ES,Federal Contract Tower,2,78,180,2,262,0,4,132,14,150,2,82,312,16,412,251,22,273,685
02/23/2023,OPF,FL,ASO,ES,Federal Contract Tower,2,82,189,1,274,0,1,144,16,161,2,83,333,17,435,155,0,155,590
02/24/2023,OPF,FL,ASO,ES,Federal Contract Tower,2,67,185,0,254,0,3,169,25,197,2,70,354,25,451,266,2,268,719
02/25/2023,OPF,FL,ASO,ES,Federal Contract Tower,0,67,147,0,214,0,4,116,10,130,0,71,263,10,344,162,0,162,506
02/26/2023,OPF,FL,ASO,ES,Federal Contract Tower,3,94,222,0,319,0,1,86,17,104,3,95,308,17,423,56,0,56,479
02/27/2023,OPF,FL,ASO,ES,Federal Contract Tower,0,66,152,0,218,0,6,130,12,148,0,72,282,12,366,176,4,180,546
02/28/2023,OPF,FL,ASO,ES,Federal Contract Tower,0,84,154,0,238,0,0,160,14,174,0,84,314,14,412,272,18,290,702
03/01/2023,OPF,FL,ASO,ES,Federal Contract Tower,0,81,168,1,250,0,8,129,13,150,0,89,297,14,400,195,8,203,603
03/02/2023,OPF,FL,ASO,ES,Federal Contract Tower,0,79,153,2,234,0,2,139,13,154,0,81,292,15,388,123,40,163,551
03/03/2023,OPF,FL,ASO,ES,Federal Contract Tower,2,80,152,2,236,0,3,93,10,106,2,83,245,12,342,49,6,55,397
03/04/2023,OPF,FL,ASO,ES,Federal Contract Tower,1,72,134,0,207,0,3,109,24,136,1,75,243,24,343,91,0,91,434
03/05/2023,OPF,FL,ASO,ES,Federal Contract Tower,1,92,177,0,270,0,6,88,5,99,1,98,265,5,369,111,0,111,480
03/06/2023,OPF,FL,ASO,ES,Federal Contract Tower,0,80,173,1,254,0,7,131,12,150,0,87,304,13,404,243,4,247,651
03/07/2023,OPF,FL,ASO,ES,Federal Contract Tower,0,83,152,1,236,0,5,126,9,140,0,88,278,10,376,268,14,282,658
03/08/2023,OPF,FL,ASO,ES,Federal Contract Tower,0,78,178,5,261,0,6,161,9,176,0,84,339,14,437,174,0,174,611
03/09/2023,OPF,FL,ASO,ES,Federal Contract Tower,0,87,173,1,261,0,2,128,11,141,0,89,301,12,402,192,2,194,596
03/10/2023,OPF,FL,ASO,ES,Federal Contract Tower,0,83,191,4,278,0,2,151,11,164,0,85,342,15,442,189,2,191,633
03/11/2023,OPF,FL,ASO,ES,Federal Contract Tower,0,76,159,2,237,0,2,111,6,119,0,78,270,8,356,140,28,168,524
03/12/2023,OPF,FL,ASO,ES,Federal Contract Tower,0,82,184,2,268,0,3,102,6,111,0,85,286,8,379,134,0,134,513
03/13/2023,OPF,FL,ASO,ES,Federal Contract Tower,0,78,166,0,244,0,5,106,13,124,0,83,272,13,368,135,6,141,509
03/14/2023,OPF,FL,ASO,ES,Federal Contract Tower,0,79,156,1,236,0,2,89,12,103,0,81,245,13,339,230,4,234,573
03/15/2023,OPF,FL,ASO,ES,Federal Contract Tower,0,96,160,2,258,0,1,87,11,99,0,97,247,13,357,148,0,148,505
03/16/2023,OPF,FL,ASO,ES,Federal Contract Tower,0,94,191,2,287,0,4,157,24,185,0,98,348,26,472,120,0,120,592
03/17/2023,OPF,FL,ASO,ES,Federal Contract Tower,0,85,171,5,261,0,3,161,11,175,0,88,332,16,436,196,26,222,658
03/18/2023,OPF,FL,ASO,ES,Federal Contract Tower,0,78,164,0,242,0,7,120,11,138,0,85,284,11,380,42,0,42,422
03/19/2023,OPF,FL,ASO,ES,Federal Contract Tower,1,101,171,6,279,0,0,34,10,44,1,101,205,16,323,41,0,41,364
03/20/2023,OPF,FL,ASO,ES,Federal Contract Tower,0,59,166,0,225,0,9,105,14,128,0,68,271,14,353,174,6,180,533
03/21/2023,OPF,FL,ASO,ES,Federal Contract Tower,0,52,177,3,232,0,3,131,17,151,0,55,308,20,383,167,9,176,559
03/22/2023,OPF,FL,ASO,ES,Federal Contract Tower,1,84,173,2,260,0,9,151,7,167,1,93,324,9,427,292,0,292,719
03/23/2023,OPF,FL,ASO,ES,Federal Contract Tower,0,98,186,2,286,0,4,153,18,175,0,102,339,20,461,279,0,279,740
03/24/2023,OPF,FL,ASO,ES,Federal Contract Tower,1,102,189,0,292,0,4,153,12,169,1,106,342,12,461,253,0,253,714
03/25/2023,OPF,FL,ASO,ES,Federal Contract Tower,2,83,165,2,252,0,1,125,10,136,2,84,290,12,388,87,2,89,477
03/26/2023,OPF,FL,ASO,ES,Federal Contract Tower,0,114,183,1,298,0,5,108,20,133,0,119,291,21,431,66,0,66,497
03/27/2023,OPF,FL,ASO,ES,Federal Contract Tower,0,76,150,0,226,0,4,117,21,142,0,80,267,21,368,142,0,142,510
03/28/2023,OPF,FL,ASO,ES,Federal Contract Tower,0,76,157,0,233,0,7,146,18,171,0,83,303,18,404,182,7,189,593
03/29/2023,OPF,FL,ASO,ES,Federal Contract Tower,0,76,154,3,233,0,7,99,8,114,0,83,253,11,347,107,0,107,454
03/30/2023,OPF,FL,ASO,ES,Federal Contract Tower,0,81,179,4,264,0,9,97,19,125,0,90,276,23,389,180,0,180,569
03/31/2023,OPF,FL,ASO,ES,Federal Contract Tower,0,93,202,3,298,0,3,133,14,150,0,96,335,17,448,238,0,238,686
04/01/2023,OPF,FL,ASO,ES,Federal Contract Tower,0,86,134,0,220,0,3,92,11,106,0,89,226,11,326,97,15,112,438
04/02/2023,OPF,FL,ASO,ES,Federal Contract Tower,0,115,176,2,293,0,6,73,10,89,0,121,249,12,382,42,0,42,424
04/03/2023,OPF,FL,ASO,ES,Federal Contract Tower,0,70,170,0,240,0,12,136,15,163,0,82,306,15,403,160,8,168,571
04/04/2023,OPF,FL,ASO,ES,Federal Contract Tower,0,84,164,1,249,0,6,141,17,164,0,90,305,18,413,242,0,242,655
04/05/2023,OPF,FL,ASO,ES,Federal Contract Tower,0,98,171,6,275,0,8,110,30,148,0,106,281,36,423,200,13,213,636
04/06/2023,OPF,FL,ASO,ES,Federal Contract Tower,0,79,176,3,258,0,11,136,19,166,0,90,312,22,424,190,4,194,618
04/07/2023,OPF,FL,ASO,ES,Federal Contract Tower,2,71,149,0,222,0,3,150,12,165,2,74,299,12,387,250,3,253,640
04/08/2023,OPF,FL,ASO,ES,Federal Contract Tower,0,71,144,0,215,0,4,119,7,130,0,75,263,7,345,111,0,111,456
04/09/2023,OPF,FL,ASO,ES,Federal Contract Tower,0,69,168,0,237,0,4,60,8,72,0,73,228,8,309,98,7,105,414
04/10/2023,OPF,FL,ASO,ES,Federal Contract Tower,0,80,198,3,281,0,1,21,4,26,0,81,219,7,307,24,0,24,331
04/11/2023,OPF,FL,ASO,ES,Federal Contract Tower,0,72,106,2,180,0,1,27,7,35,0,73,133,9,215,13,0,13,228
04/12/2023,OPF,FL,ASO,ES,Federal Contract Tower,1,59,130,7,197,0,0,12,2,14,1,59,142,9,211,4,13,17,228
04/13/2023,OPF,FL,ASO,ES,Federal Contract Tower,0,97,157,2,256,0,3,100,7,110,0,100,257,9,366,101,0,101,467
04/14/2023,OPF,FL,ASO,ES,Federal Contract Tower,0,107,169,0,276,0,2,138,12,152,0,109,307,12,428,158,8,166,594
04/15/2023,OPF,FL,ASO,ES,Federal Contract Tower,2,57,110,4,173,0,5,272,3,280,2,62,382,7,453,51,0,51,504
04/16/2023,OPF,FL,ASO,ES,Federal Contract Tower,0,77,175,2,254,0,3,121,8,132,0,80,296,10,386,53,12,65,451
04/17/2023,OPF,FL,ASO,ES,Federal Contract Tower,1,71,165,1,238,0,2,97,13,112,1,73,262,14,350,110,22,132,482
04/18/2023,OPF,FL,ASO,ES,Federal Contract Tower,1,61,173,3,238,0,4,138,7,149,1,65,311,10,387,275,0,275,662
04/19/2023,OPF,FL,ASO,ES,Federal Contract Tower,1,57,181,8,247,0,5,143,11,159,1,62,324,19,406,278,0,278,684
04/20/2023,OPF,FL,ASO,ES,Federal Contract Tower,0,68,171,1,240,0,1,167,14,182,0,69,338,15,422,262,15,277,699
04/21/2023,OPF,FL,ASO,ES,Federal Contract Tower,0,49,149,1,199,0,5,127,7,139,0,54,276,8,338,188,11,199,537
04/22/2023,OPF,FL,ASO,ES,Federal Contract Tower,1,53,142,0,196,0,3,151,7,161,1,56,293,7,357,145,6,151,508
04/23/2023,OPF,FL,ASO,ES,Federal Contract Tower,0,68,146,6,220,0,8,94,6,108,0,76,240,12,328,83,0,83,411
04/24/2023,OPF,FL,ASO,ES,Federal Contract Tower,0,67,115,3,185,0,0,59,6,65,0,67,174,9,250,90,24,114,364
04/25/2023,OPF,FL,ASO,ES,Federal Contract Tower,0,56,145,0,201,0,7,132,17,156,0,63,277,17,357,229,14,243,600
04/26/2023,OPF,FL,ASO,ES,Federal Contract Tower,0,59,163,3,225,0,3,139,16,158,0,62,302,19,383,226,11,237,620
04/27/2023,OPF,FL,ASO,ES,Federal Contract Tower,0,59,169,2,230,0,6,175,17,198,0,65,344,19,428,230,6,236,664
04/28/2023,OPF,FL,ASO,ES,Federal Contract Tower,0,78,158,1,237,0,1,151,8,160,0,79,309,9,397,167,9,176,573
04/29/2023,OPF,FL,ASO,ES,Federal Contract Tower,0,73,140,2,215,0,4,118,6,128,0,77,258,8,343,97,0,97,440
04/30/2023,OPF,FL,ASO,ES,Federal Contract Tower,0,83,152,2,237,0,2,42,10,54,0,85,194,12,291,25,0,25,316
05/01/2023,OPF,FL,ASO,ES,Federal Contract Tower,2,82,170,1,255,0,3,126,15,144,2,85,296,16,399,268,36,304,703
05/02/2023,OPF,FL,ASO,ES,Federal Contract Tower,0,62,137,0,199,0,6,125,7,138,0,68,262,7,337,342,4,346,683
05/03/2023,OPF,FL,ASO,ES,Federal Contract Tower,0,59,181,1,241,0,1,124,5,130,0,60,305,6,371,261,4,265,636
05/04/2023,OPF,FL,ASO,ES,Federal Contract Tower,0,108,199,2,309,0,2,93,7,102,0,110,292,9,411,108,2,110,521
05/05/2023,OPF,FL,ASO,ES,Federal Contract Tower,0,111,162,4,277,0,1,88,15,104,0,112,250,19,381,2,0,2,383
05/06/2023,OPF,FL,ASO,ES,Federal Contract Tower,0,70,85,1,156,0,5,60,6,71,0,75,145,7,227,3,2,5,232
05/07/2023,OPF,FL,ASO,ES,Federal Contract Tower,0,196,199,1,396,0,1,72,5,78,0,197,271,6,474,0,0,0,474
05/08/2023,OPF,FL,ASO,ES,Federal Contract Tower,0,133,224,0,357,0,9,76,13,98,0,142,300,13,455,0,0,0,455
05/09/2023,OPF,FL,ASO,ES,Federal Contract Tower,0,60,161,0,221,0,3,131,13,147,0,63,292,13,368,189,3,192,560
05/10/2023,OPF,FL,ASO,ES,Federal Contract Tower,0,60,181,0,241,0,3,173,19,195,0,63,354,19,436,219,2,221,657
05/11/2023,OPF,FL,ASO,ES,Federal Contract Tower,0,56,153,3,212,0,11,107,8,126,0,67,260,11,338,347,2,349,687
05/12/2023,OPF,FL,ASO,ES,Federal Contract Tower,1,59,157,5,222,0,5,138,14,157,1,64,295,19,379,267,0,267,646
05/13/2023,OPF,FL,ASO,ES,Federal Contract Tower,0,49,84,0,133,0,6,109,7,122,0,55,193,7,255,185,0,185,440
05/14/2023,OPF,FL,ASO,ES,Federal Contract Tower,0,45,144,4,193,0,3,67,5,75,0,48,211,9,268,56,0,56,324
05/15/2023,OPF,FL,ASO,ES,Federal Contract Tower,2,55,153,1,211,0,1,123,5,129,2,56,276,6,340,207,6,213,553
05/16/2023,OPF,FL,ASO,ES,Federal Contract Tower,0,43,162,7,212,0,5,134,19,158,0,48,296,26,370,322,1,323,693
05/17/2023,OPF,FL,ASO,ES,Federal Contract Tower,0,45,154,4,203,0,1,103,17,121,0,46,257,21,324,211,7,218,542
05/18/2023,OPF,FL,ASO,ES,Federal Contract Tower,0,75,163,2,240,0,1,102,16,119,0,76,265,18,359,167,0,167,526
05/19/2023,OPF,FL,ASO,ES,Federal Contract Tower,1,46,144,2,193,0,2,103,10,115,1,48,247,12,308,117,26,143,451
05/20/2023,OPF,FL,ASO,ES,Federal Contract Tower,0,44,84,0,128,0,2,115,8,125,0,46,199,8,253,167,0,167,420
05/21/2023,OPF,FL,ASO,ES,Federal Contract Tower,0,61,143,0,204,0,7,85,10,102,0,68,228,10,306,65,0,65,371
05/22/2023,OPF,FL,ASO,ES,Federal Contract Tower,0,63,158,1,222,0,1,107,9,117,0,64,265,10,339,119,32,151,490
05/23/2023,OPF,FL,ASO,ES,Federal Contract Tower,0,46,153,0,199,0,4,109,11,124,0,50,262,11,323,142,12,154,477
05/24/2023,OPF,FL,ASO,ES,Federal Contract Tower,1,71,155,2,229,0,0,99,13,112,1,71,254,15,341,235,7,242,583
05/25/2023,OPF,FL,ASO,ES,Federal Contract Tower,1,48,147,11,207,0,2,111,14,127,1,50,258,25,334,165,2,167,501
05/26/2023,OPF,FL,ASO,ES,Federal Contract Tower,0,58,148,1,207,0,2,138,13,153,0,60,286,14,360,104,0,104,464
05/27/2023,OPF,FL,ASO,ES,Federal Contract Tower,0,31,69,2,102,0,1,114,37,152,0,32,183,39,254,157,45,202,456
05/28/2023,OPF,FL,ASO,ES,Federal Contract Tower,0,27,84,1,112,0,0,71,48,119,0,27,155,49,231,54,44,98,329
05/29/2023,OPF,FL,ASO,ES,Federal Contract Tower,0,74,157,3,234,0,8,163,11,182,0,82,320,14,416,149,1,150,566
05/30/2023,OPF,FL,ASO,ES,Federal Contract Tower,0,65,121,5,191,0,5,121,11,137,0,70,242,16,328,112,1,113,441
05/31/2023,OPF,FL,ASO,ES,Federal Contract Tower,0,52,128,1,181,0,0,117,14,131,0,52,245,15,312,109,0,109,421
06/01/2023,OPF,FL,ASO,ES,Federal Contract Tower,0,58,96,0,154,0,4,91,21,116,0,62,187,21,270,95,0,95,365
06/02/2023,OPF,FL,ASO,ES,Federal Contract Tower,0,67,108,0,175,0,1,109,10,120,0,68,217,10,295,75,10,85,380
06/03/2023,OPF,FL,ASO,ES,Federal Contract Tower,0,43,95,2,140,0,3,76,13,92,0,46,171,15,232,114,12,126,358
06/04/2023,OPF,FL,ASO,ES,Federal Contract Tower,0,44,109,2,155,0,2,61,8,71,0,46,170,10,226,77,0,77,303
06/05/2023,OPF,FL,ASO,ES,Federal Contract Tower,0,61,112,4,177,0,2,109,13,124,0,63,221,17,301,143,22,165,466
06/06/2023,OPF,FL,ASO,ES,Federal Contract Tower,0,42,130,3,175,0,2,84,16,102,0,44,214,19,277,108,0,108,385
06/07/2023,OPF,FL,ASO,ES,Federal Contract Tower,0,40,142,8,190,0,1,96,6,103,0,41,238,14,293,197,10,207,500
06/08/2023,OPF,FL,ASO,ES,Federal Contract Tower,0,52,137,2,191,0,7,91,15,113,0,59,228,17,304,168,0,168,472
06/09/2023,OPF,FL,ASO,ES,Federal Contract Tower,0,67,142,0,209,0,6,134,8,148,0,73,276,8,357,107,0,107,464
06/10/2023,OPF,FL,ASO,ES,Federal Contract Tower,0,57,113,0,170,0,6,101,5,112,0,63,214,5,282,108,11,119,401
06/11/2023,OPF,FL,ASO,ES,Federal Contract Tower,0,43,142,0,185,0,1,59,5,65,0,44,201,5,250,59,16,75,325
06/12/2023,OPF,FL,ASO,ES,Federal Contract Tower,0,46,112,0,158,0,2,62,2,66,0,48,174,2,224,100,34,134,358
06/13/2023,OPF,FL,ASO,ES,Federal Contract Tower,0,40,132,2,174,0,2,122,8,132,0,42,254,10,306,196,5,201,507
06/14/2023,OPF,FL,ASO,ES,Federal Contract Tower,0,54,138,1,193,0,3,104,14,121,0,57,242,15,314,228,19,247,561
06/15/2023,OPF,FL,ASO,ES,Federal Contract Tower,0,50,126,3,179,0,3,117,12,132,0,53,243,15,311,244,0,244,555
06/16/2023,OPF,FL,ASO,ES,Federal Contract Tower,0,47,135,0,182,0,3,165,15,183,0,50,300,15,365,159,1,160,525
06/17/2023,OPF,FL,ASO,ES,Federal Contract Tower,0,31,85,0,116,0,0,76,6,82,0,31,161,6,198,90,0,90,288
06/18/2023,OPF,FL,ASO,ES,Federal Contract Tower,0,36,83,0,119,0,6,22,7,35,0,42,105,7,154,84,0,84,238
06/19/2023,OPF,FL,ASO,ES,Federal Contract Tower,0,54,111,0,165,0,2,79,4,85,0,56,190,4,250,136,0,136,386
06/20/2023,OPF,FL,ASO,ES,Federal Contract Tower,0,38,126,0,164,0,1,114,9,124,0,39,240,9,288,132,23,155,443
06/21/2023,OPF,FL,ASO,ES,Federal Contract Tower,0,42,152,1,195,0,1,134,9,144,0,43,286,10,339,304,0,304,643
06/22/2023,OPF,FL,ASO,ES,Federal Contract Tower,1,61,190,0,252,0,7,140,14,161,1,68,330,14,413,158,0,158,571
06/23/2023,OPF,FL,ASO,ES,Federal Contract Tower,0,58,146,1,205,0,2,144,14,160,0,60,290,15,365,219,38,257,622
06/24/2023,OPF,FL,ASO,ES,Federal Contract Tower,0,43,100,3,146,0,0,84,10,94,0,43,184,13,240,115,0,115,355
06/25/2023,OPF,FL,ASO,ES,Federal Contract Tower,0,49,102,1,152,0,0,74,7,81,0,49,176,8,233,75,0,75,308
06/26/2023,OPF,FL,ASO,ES,Federal Contract Tower,0,41,114,0,155,0,1,96,11,108,0,42,210,11,263,165,0,165,428
06/27/2023,OPF,FL,ASO,ES,Federal Contract Tower,0,51,118,0,169,0,3,134,16,153,0,54,252,16,322,252,0,252,574
06/28/2023,OPF,FL,ASO,ES,Federal Contract Tower,0,50,115,0,165,0,4,144,13,161,0,54,259,13,326,312,0,312,638
06/29/2023,OPF,FL,ASO,ES,Federal Contract Tower,1,52,141,2,196,0,1,88,13,102,1,53,229,15,298,114,0,114,412
06/30/2023,OPF,FL,ASO,ES,Federal Contract Tower,1,51,152,2,206,0,2,114,11,127,1,53,266,13,333,96,0,96,429
07/01/2023,OPF,FL,ASO,ES,Federal Contract Tower,0,39,102,0,141,0,1,128,4,133,0,40,230,4,274,103,0,103,377
07/02/2023,OPF,FL,ASO,ES,Federal Contract Tower,0,25,90,0,115,0,1,76,2,79,0,26,166,2,194,106,0,106,300
07/03/2023,OPF,FL,ASO,ES,Federal Contract Tower,0,32,126,0,158,0,2,116,3,121,0,34,242,3,279,262,0,262,541
07/04/2023,OPF,FL,ASO,ES,Federal Contract Tower,0,25,81,0,106,0,2,90,7,99,0,27,171,7,205,67,0,67,272
07/05/2023,OPF,FL,ASO,ES,Federal Contract Tower,0,39,117,16,172,0,2,116,11,129,0,41,233,27,301,140,0,140,441
07/06/2023,OPF,FL,ASO,ES,Federal Contract Tower,0,48,141,1,190,0,1,113,10,124,0,49,254,11,314,181,12,193,507
07/07/2023,OPF,FL,ASO,ES,Federal Contract Tower,0,35,118,0,153,0,3,101,5,109,0,38,219,5,262,149,0,149,411
07/08/2023,OPF,FL,ASO,ES,Federal Contract Tower,0,34,124,3,161,0,1,63,5,69,0,35,187,8,230,104,0,104,334
07/09/2023,OPF,FL,ASO,ES,Federal Contract Tower,0,30,141,6,177,0,0,91,5,96,0,30,232,11,273,39,0,39,312
07/10/2023,OPF,FL,ASO,ES,Federal Contract Tower,0,52,153,1,206,0,1,106,5,112,0,53,259,6,318,89,0,89,407
07/11/2023,OPF,FL,ASO,ES,Federal Contract Tower,0,40,139,0,179,0,5,127,17,149,0,45,266,17,328,140,34,174,502
07/12/2023,OPF,FL,ASO,ES,Federal Contract Tower,0,44,131,1,176,0,2,149,13,164,0,46,280,14,340,91,49,140,480
07/13/2023,OPF,FL,ASO,ES,Federal Contract Tower,0,50,111,2,163,0,1,117,31,149,0,51,228,33,312,207,0,207,519
07/14/2023,OPF,FL,ASO,ES,Federal Contract Tower,0,29,136,1,166,0,32,68,10,110,0,61,204,11,276,125,0,125,401
07/15/2023,OPF,FL,ASO,ES,Federal Contract Tower,0,32,111,2,145,0,0,102,5,107,0,32,213,7,252,65,24,89,341
07/16/2023,OPF,FL,ASO,ES,Federal Contract Tower,0,39,124,0,163,0,0,72,8,80,0,39,196,8,243,74,0,74,317
07/17/2023,OPF,FL,ASO,ES,Federal Contract Tower,0,37,103,1,141,0,1,89,11,101,0,38,192,12,242,81,10,91,333
07/18/2023,OPF,FL,ASO,ES,Federal Contract Tower,1,58,115,0,174,0,3,138,15,156,1,61,253,15,330,94,0,94,424
07/19/2023,OPF,FL,ASO,ES,Federal Contract Tower,0,42,124,3,169,0,6,124,15,145,0,48,248,18,314,138,8,146,460
07/20/2023,OPF,FL,ASO,ES,Federal Contract Tower,1,56,173,1,231,0,2,138,13,153,1,58,311,14,384,216,0,216,600
07/21/2023,OPF,FL,ASO,ES,Federal Contract Tower,1,52,132,1,186,0,0,214,8,222,1,52,346,9,408,102,7,109,517
07/22/2023,OPF,FL,ASO,ES,Federal Contract Tower,0,40,107,0,147,0,3,112,12,127,0,43,219,12,274,73,0,73,347
07/23/2023,OPF,FL,ASO,ES,Federal Contract Tower,0,42,129,0,171,0,0,87,7,94,0,42,216,7,265,27,9,36,301
07/24/2023,OPF,FL,ASO,ES,Federal Contract Tower,2,59,131,0,192,0,1,123,11,135,2,60,254,11,327,119,0,119,446
07/25/2023,OPF,FL,ASO,ES,Federal Contract Tower,1,33,150,2,186,0,2,128,15,145,1,35,278,17,331,315,0,315,646
07/26/2023,OPF,FL,ASO,ES,Federal Contract Tower,1,51,121,3,176,0,0,97,10,107,1,51,218,13,283,198,0,198,481
07/27/2023,OPF,FL,ASO,ES,Federal Contract Tower,2,42,116,10,170,0,5,105,8,118,2,47,221,18,288,169,0,169,457
07/28/2023,OPF,FL,ASO,ES,Federal Contract Tower,0,42,95,0,137,0,2,86,6,94,0,44,181,6,231,190,4,194,425
07/29/2023,OPF,FL,ASO,ES,Federal Contract Tower,1,51,112,5,169,0,1,111,11,123,1,52,223,16,292,139,0,139,431
07/30/2023,OPF,FL,ASO,ES,Federal Contract Tower,0,34,127,0,161,0,1,65,9,75,0,35,192,9,236,51,0,51,287
07/31/2023,OPF,FL,ASO,ES,Federal Contract Tower,0,50,93,0,143,0,5,110,11,126,0,55,203,11,269,133,0,133,402
08/01/2023,OPF,FL,ASO,ES,Federal Contract Tower,0,36,126,0,162,0,4,123,11,138,0,40,249,11,300,200,0,200,500
08/02/2023,OPF,FL,ASO,ES,Federal Contract Tower,0,55,108,0,163,0,6,121,10,137,0,61,229,10,300,208,0,208,508
08/03/2023,OPF,FL,ASO,ES,Federal Contract Tower,0,38,128,2,168,0,1,124,8,133,0,39,252,10,301,150,0,150,451
08/04/2023,OPF,FL,ASO,ES,Federal Contract Tower,0,45,115,0,160,0,0,109,7,116,0,45,224,7,276,156,13,169,445
08/05/2023,OPF,FL,ASO,ES,Federal Contract Tower,0,21,77,0,98,0,0,94,8,102,0,21,171,8,200,119,8,127,327
08/06/2023,OPF,FL,ASO,ES,Federal Contract Tower,0,26,125,1,152,0,4,113,4,121,0,30,238,5,273,61,0,61,334
08/07/2023,OPF,FL,ASO,ES,Federal Contract Tower,0,35,125,2,162,0,2,111,10,123,0,37,236,12,285,184,0,184,469
08/08/2023,OPF,FL,ASO,ES,Federal Contract Tower,0,37,126,0,163,0,2,130,12,144,0,39,256,12,307,200,0,200,507
08/09/2023,OPF,FL,ASO,ES,Federal Contract Tower,1,43,96,1,141,0,4,104,10,118,1,47,200,11,259,139,16,155,414
08/10/2023,OPF,FL,ASO,ES,Federal Contract Tower,1,41,122,0,164,0,8,112,8,128,1,49,234,8,292,172,0,172,464
08/11/2023,OPF,FL,ASO,ES,Federal Contract Tower,1,51,121,0,173,0,0,148,20,168,1,51,269,20,341,137,0,137,478
08/12/2023,OPF,FL,ASO,ES,Federal Contract Tower,0,28,96,0,124,0,9,81,2,92,0,37,177,2,216,79,0,79,295
08/13/2023,OPF,FL,ASO,ES,Federal Contract Tower,1,44,119,1,165,0,2,69,11,82,1,46,188,12,247,73,6,79,326
08/14/2023,OPF,FL,ASO,ES,Federal Contract Tower,0,39,144,0,183,0,3,126,10,139,0,42,270,10,322,218,0,218,540
08/15/2023,OPF,FL,ASO,ES,Federal Contract Tower,0,37,95,2,134,0,1,92,6,99,0,38,187,8,233,198,0,198,431
08/16/2023,OPF,FL,ASO,ES,Federal Contract Tower,0,63,112,0,175,0,4,140,6,150,0,67,252,6,325,149,5,154,479
08/17/2023,OPF,FL,ASO,ES,Federal Contract Tower,0,54,132,0,186,0,0,115,12,127,0,54,247,12,313,149,2,151,464
08/18/2023,OPF,FL,ASO,ES,Federal Contract Tower,0,40,140,1,181,0,2,125,10,137,0,42,265,11,318,282,0,282,600
08/19/2023,OPF,FL,ASO,ES,Federal Contract Tower,1,32,81,0,114,0,0,82,12,94,1,32,163,12,208,48,0,48,256
08/20/2023,OPF,FL,ASO,ES,Federal Contract Tower,0,37,98,0,135,0,3,41,9,53,0,40,139,9,188,51,19,70,258
08/21/2023,OPF,FL,ASO,ES,Federal Contract Tower,0,47,104,0,151,0,1,93,20,114,0,48,197,20,265,241,2,243,508
08/22/2023,OPF,FL,ASO,ES,Federal Contract Tower,1,34,94,0,129,0,4,163,17,184,1,38,257,17,313,256,0,256,569
08/23/2023,OPF,FL,ASO,ES,Federal Contract Tower,0,35,143,5,183,0,2,156,11,169,0,37,299,16,352,122,16,138,490
08/24/2023,OPF,FL,ASO,ES,Federal Contract Tower,1,43,126,0,170,0,4,111,14,129,1,47,237,14,299,221,0,221,520
08/25/2023,OPF,FL,ASO,ES,Federal Contract Tower,0,40,164,0,204,0,1,152,12,165,0,41,316,12,369,98,26,124,493
08/26/2023,OPF,FL,ASO,ES,Federal Contract Tower,1,34,103,0,138,0,3,105,11,119,1,37,208,11,257,157,0,157,414
08/27/2023,OPF,FL,ASO,ES,Federal Contract Tower,0,37,90,0,127,0,1,69,3,73,0,38,159,3,200,116,0,116,316
08/28/2023,OPF,FL,ASO,ES,Federal Contract Tower,0,28,100,7,135,0,4,57,19,80,0,32,157,26,215,136,14,150,365
08/29/2023,OPF,FL,ASO,ES,Federal Contract Tower,0,30,91,1,122,0,2,75,10,87,0,32,166,11,209,52,0,52,261
08/30/2023,OPF,FL,ASO,ES,Federal Contract Tower,0,38,59,1,98,0,5,33,6,44,0,43,92,7,142,0,30,30,172
08/31/2023,OPF,FL,ASO,ES,Federal Contract Tower,0,65,132,3,200,0,1,96,16,113,0,66,228,19,313,124,3,127,440
