01/01/2020,ORH,MA,ANE,EN,Federal Contract Tower,7,5,6,0,18,0,0,12,0,12,7,5,18,0,30,6,0,6,36
01/02/2020,ORH,MA,ANE,EN,Federal Contract Tower,10,2,2,0,14,0,1,54,0,55,10,3,56,0,69,106,0,106,175
01/03/2020,ORH,MA,ANE,EN,Federal Contract Tower,11,9,1,1,22,0,0,12,0,12,11,9,13,1,34,12,0,12,46
01/04/2020,ORH,MA,ANE,EN,Federal Contract Tower,5,2,0,0,7,0,0,0,0,0,5,2,0,0,7,0,0,0,7
01/05/2020,ORH,MA,ANE,EN,Federal Contract Tower,10,0,1,0,11,0,0,3,1,4,10,0,4,1,15,0,0,0,15
01/06/2020,ORH,MA,ANE,EN,Federal Contract Tower,9,2,4,0,15,0,0,3,0,3,9,2,7,0,18,0,6,6,24
01/07/2020,ORH,MA,ANE,EN,Federal Contract Tower,10,0,5,0,15,0,0,17,0,17,10,0,22,0,32,64,0,64,96
01/08/2020,ORH,MA,ANE,EN,Federal Contract Tower,9,5,1,0,15,0,0,6,0,6,9,5,7,0,21,6,0,6,27
01/09/2020,ORH,MA,ANE,EN,Federal Contract Tower,10,1,2,0,13,0,1,34,2,37,10,2,36,2,50,30,0,30,80
01/10/2020,ORH,MA,ANE,EN,Federal Contract Tower,9,2,3,0,14,0,2,12,0,14,9,4,15,0,28,2,0,2,30
01/11/2020,ORH,MA,ANE,EN,Federal Contract Tower,7,3,0,0,10,0,0,0,0,0,7,3,0,0,10,0,0,0,10
01/12/2020,ORH,MA,ANE,EN,Federal Contract Tower,8,2,1,0,11,0,0,0,0,0,8,2,1,0,11,0,0,0,11
01/13/2020,ORH,MA,ANE,EN,Federal Contract Tower,8,1,3,0,12,0,0,1,0,1,8,1,4,0,13,0,0,0,13
01/14/2020,ORH,MA,ANE,EN,Federal Contract Tower,10,9,13,0,32,0,0,16,0,16,10,9,29,0,48,38,0,38,86
01/15/2020,ORH,MA,ANE,EN,Federal Contract Tower,9,5,7,4,25,0,2,39,6,47,9,7,46,10,72,42,4,46,118
01/16/2020,ORH,MA,ANE,EN,Federal Contract Tower,10,4,0,0,14,0,0,0,2,2,10,4,0,2,16,0,6,6,22
01/17/2020,ORH,MA,ANE,EN,Federal Contract Tower,10,4,0,0,14,0,0,3,0,3,10,4,3,0,17,0,0,0,17
01/18/2020,ORH,MA,ANE,EN,Federal Contract Tower,7,2,1,0,10,0,2,11,0,13,7,4,12,0,23,22,0,22,45
01/19/2020,ORH,MA,ANE,EN,Federal Contract Tower,9,0,5,0,14,0,0,5,0,5,9,0,10,0,19,0,0,0,19
01/20/2020,ORH,MA,ANE,EN,Federal Contract Tower,10,3,2,0,15,0,0,22,0,22,10,3,24,0,37,8,0,8,45
01/21/2020,ORH,MA,ANE,EN,Federal Contract Tower,9,2,5,0,16,0,2,36,0,38,9,4,41,0,54,8,0,8,62
01/22/2020,ORH,MA,ANE,EN,Federal Contract Tower,9,5,5,0,19,0,0,49,6,55,9,5,54,6,74,52,2,54,128
01/23/2020,ORH,MA,ANE,EN,Federal Contract Tower,10,5,4,0,19,0,2,31,2,35,10,7,35,2,54,44,0,44,98
01/24/2020,ORH,MA,ANE,EN,Federal Contract Tower,9,3,6,0,18,0,2,16,0,18,9,5,22,0,36,14,0,14,50
01/25/2020,ORH,MA,ANE,EN,Federal Contract Tower,6,6,4,0,16,0,0,0,0,0,6,6,4,0,16,0,0,0,16
01/26/2020,ORH,MA,ANE,EN,Federal Contract Tower,8,1,12,0,21,0,0,37,0,37,8,1,49,0,58,24,0,24,82
01/27/2020,ORH,MA,ANE,EN,Federal Contract Tower,9,5,3,0,17,0,4,10,0,14,9,9,13,0,31,12,0,12,43
01/28/2020,ORH,MA,ANE,EN,Federal Contract Tower,8,6,3,2,19,0,2,5,2,9,8,8,8,4,28,2,10,12,40
01/29/2020,ORH,MA,ANE,EN,Federal Contract Tower,10,3,5,4,22,0,0,50,0,50,10,3,55,4,72,48,0,48,120
01/30/2020,ORH,MA,ANE,EN,Federal Contract Tower,10,2,10,3,25,0,4,46,2,52,10,6,56,5,77,36,8,44,121
01/31/2020,ORH,MA,ANE,EN,Federal Contract Tower,8,2,3,0,13,0,2,27,0,29,8,4,30,0,42,30,0,30,72
02/01/2020,ORH,MA,ANE,EN,Federal Contract Tower,9,3,0,0,12,0,0,0,0,0,9,3,0,0,12,0,0,0,12
02/02/2020,ORH,MA,ANE,EN,Federal Contract Tower,6,1,7,0,14,0,2,18,0,20,6,3,25,0,34,50,0,50,84
02/03/2020,ORH,MA,ANE,EN,Federal Contract Tower,9,0,9,0,18,0,0,8,0,8,9,0,17,0,26,26,0,26,52
02/04/2020,ORH,MA,ANE,EN,Federal Contract Tower,11,4,4,2,21,0,0,7,0,7,11,4,11,2,28,42,0,42,70
02/05/2020,ORH,MA,ANE,EN,Federal Contract Tower,10,4,13,1,28,0,0,12,1,13,10,4,25,2,41,38,0,38,79
02/06/2020,ORH,MA,ANE,EN,Federal Contract Tower,7,2,1,0,10,0,0,0,0,0,7,2,1,0,10,0,0,0,10
02/07/2020,ORH,MA,ANE,EN,Federal Contract Tower,9,0,1,0,10,0,0,0,0,0,9,0,1,0,10,0,0,0,10
02/08/2020,ORH,MA,ANE,EN,Federal Contract Tower,7,2,0,0,9,0,0,13,6,19,7,2,13,6,28,14,0,14,42
02/09/2020,ORH,MA,ANE,EN,Federal Contract Tower,9,0,5,4,18,0,0,15,0,15,9,0,20,4,33,16,0,16,49
02/10/2020,ORH,MA,ANE,EN,Federal Contract Tower,10,0,3,0,13,0,0,0,0,0,10,0,3,0,13,0,0,0,13
02/11/2020,ORH,MA,ANE,EN,Federal Contract Tower,7,2,0,0,9,0,0,0,0,0,7,2,0,0,9,0,0,0,9
02/12/2020,ORH,MA,ANE,EN,Federal Contract Tower,10,5,6,2,23,0,1,22,0,23,10,6,28,2,46,28,0,28,74
02/13/2020,ORH,MA,ANE,EN,Federal Contract Tower,11,4,3,0,18,0,0,0,0,0,11,4,3,0,18,0,0,0,18
02/14/2020,ORH,MA,ANE,EN,Federal Contract Tower,8,4,1,0,13,0,0,20,0,20,8,4,21,0,33,0,0,0,33
02/15/2020,ORH,MA,ANE,EN,Federal Contract Tower,8,2,2,0,12,0,0,64,0,64,8,2,66,0,76,28,0,28,104
02/16/2020,ORH,MA,ANE,EN,Federal Contract Tower,7,0,3,0,10,0,0,41,0,41,7,0,44,0,51,46,0,46,97
02/17/2020,ORH,MA,ANE,EN,Federal Contract Tower,9,2,7,0,18,0,0,18,0,18,9,2,25,0,36,16,0,16,52
02/18/2020,ORH,MA,ANE,EN,Federal Contract Tower,8,6,0,0,14,0,0,0,0,0,8,6,0,0,14,0,0,0,14
02/19/2020,ORH,MA,ANE,EN,Federal Contract Tower,10,8,10,0,28,0,1,11,0,12,10,9,21,0,40,16,0,16,56
02/20/2020,ORH,MA,ANE,EN,Federal Contract Tower,9,11,2,0,22,0,0,15,0,15,9,11,17,0,37,28,0,28,65
02/21/2020,ORH,MA,ANE,EN,Federal Contract Tower,11,4,4,4,23,0,1,37,2,40,11,5,41,6,63,18,0,18,81
02/22/2020,ORH,MA,ANE,EN,Federal Contract Tower,9,2,8,0,19,0,4,22,0,26,9,6,30,0,45,40,0,40,85
02/23/2020,ORH,MA,ANE,EN,Federal Contract Tower,8,4,6,0,18,0,0,66,0,66,8,4,72,0,84,86,0,86,170
02/24/2020,ORH,MA,ANE,EN,Federal Contract Tower,10,14,3,0,27,0,0,26,0,26,10,14,29,0,53,52,0,52,105
02/25/2020,ORH,MA,ANE,EN,Federal Contract Tower,10,3,4,2,19,0,2,6,2,10,10,5,10,4,29,2,0,2,31
02/26/2020,ORH,MA,ANE,EN,Federal Contract Tower,9,2,3,0,14,0,0,3,0,3,9,2,6,0,17,18,0,18,35
02/27/2020,ORH,MA,ANE,EN,Federal Contract Tower,9,0,2,0,11,0,0,0,0,0,9,0,2,0,11,0,0,0,11
02/28/2020,ORH,MA,ANE,EN,Federal Contract Tower,9,3,7,0,19,0,0,13,0,13,9,3,20,0,32,20,0,20,52
02/29/2020,ORH,MA,ANE,EN,Federal Contract Tower,8,2,1,0,11,0,4,11,0,15,8,6,12,0,26,12,0,12,38
03/01/2020,ORH,MA,ANE,EN,Federal Contract Tower,11,2,3,0,16,0,0,27,0,27,11,2,30,0,43,30,0,30,73
03/02/2020,ORH,MA,ANE,EN,Federal Contract Tower,9,6,0,2,17,0,0,9,0,9,9,6,9,2,26,46,0,46,72
03/03/2020,ORH,MA,ANE,EN,Federal Contract Tower,8,1,7,2,18,0,0,21,4,25,8,1,28,6,43,44,4,48,91
03/04/2020,ORH,MA,ANE,EN,Federal Contract Tower,11,8,4,0,23,0,0,10,0,10,11,8,14,0,33,0,0,0,33
03/05/2020,ORH,MA,ANE,EN,Federal Contract Tower,9,3,8,0,20,0,0,24,3,27,9,3,32,3,47,52,2,54,101
03/06/2020,ORH,MA,ANE,EN,Federal Contract Tower,9,2,6,0,17,0,2,33,0,35,9,4,39,0,52,22,0,22,74
03/07/2020,ORH,MA,ANE,EN,Federal Contract Tower,7,3,0,2,12,0,0,4,4,8,7,3,4,6,20,0,6,6,26
03/08/2020,ORH,MA,ANE,EN,Federal Contract Tower,11,3,7,0,21,0,4,33,0,37,11,7,40,0,58,30,0,30,88
03/09/2020,ORH,MA,ANE,EN,Federal Contract Tower,10,2,6,0,18,0,0,15,0,15,10,2,21,0,33,8,0,8,41
03/10/2020,ORH,MA,ANE,EN,Federal Contract Tower,10,13,12,0,35,0,8,4,4,16,10,21,16,4,51,22,10,32,83
03/11/2020,ORH,MA,ANE,EN,Federal Contract Tower,10,3,3,0,16,0,0,33,4,37,10,3,36,4,53,58,2,60,113
03/12/2020,ORH,MA,ANE,EN,Federal Contract Tower,6,1,6,0,13,0,0,26,0,26,6,1,32,0,39,26,0,26,65
03/13/2020,ORH,MA,ANE,EN,Federal Contract Tower,11,7,1,0,19,0,0,0,0,0,11,7,1,0,19,0,0,0,19
03/14/2020,ORH,MA,ANE,EN,Federal Contract Tower,8,3,4,0,15,0,2,23,0,25,8,5,27,0,40,6,0,6,46
03/15/2020,ORH,MA,ANE,EN,Federal Contract Tower,7,3,5,0,15,0,0,35,0,35,7,3,40,0,50,28,0,28,78
03/16/2020,ORH,MA,ANE,EN,Federal Contract Tower,10,0,12,0,22,0,0,24,0,24,10,0,36,0,46,2,0,2,48
03/17/2020,ORH,MA,ANE,EN,Federal Contract Tower,8,3,0,0,11,0,0,0,0,0,8,3,0,0,11,0,0,0,11
03/18/2020,ORH,MA,ANE,EN,Federal Contract Tower,8,4,0,0,12,0,1,54,0,55,8,5,54,0,67,68,0,68,135
03/19/2020,ORH,MA,ANE,EN,Federal Contract Tower,9,5,3,0,17,0,0,0,0,0,9,5,3,0,17,0,0,0,17
03/20/2020,ORH,MA,ANE,EN,Federal Contract Tower,4,4,5,0,13,0,0,0,0,0,4,4,5,0,13,2,0,2,15
03/21/2020,ORH,MA,ANE,EN,Federal Contract Tower,9,0,2,0,11,0,2,43,0,45,9,2,45,0,56,38,0,38,94
03/22/2020,ORH,MA,ANE,EN,Federal Contract Tower,9,3,4,0,16,0,0,29,0,29,9,3,33,0,45,96,0,96,141
03/23/2020,ORH,MA,ANE,EN,Federal Contract Tower,2,4,0,0,6,0,0,1,0,1,2,4,1,0,7,0,0,0,7
03/24/2020,ORH,MA,ANE,EN,Federal Contract Tower,11,0,12,0,23,0,2,1,0,3,11,2,13,0,26,0,0,0,26
03/25/2020,ORH,MA,ANE,EN,Federal Contract Tower,1,0,6,0,7,0,2,0,0,2,1,2,6,0,9,0,0,0,9
03/26/2020,ORH,MA,ANE,EN,Federal Contract Tower,2,2,2,0,6,0,0,16,0,16,2,2,18,0,22,30,0,30,52
03/27/2020,ORH,MA,ANE,EN,Federal Contract Tower,5,0,0,0,5,0,0,18,2,20,5,0,18,2,25,8,0,8,33
03/28/2020,ORH,MA,ANE,EN,Federal Contract Tower,0,2,4,0,6,0,0,36,0,36,0,2,40,0,42,0,0,0,42
03/29/2020,ORH,MA,ANE,EN,Federal Contract Tower,2,1,9,0,12,0,0,0,0,0,2,1,9,0,12,0,0,0,12
03/30/2020,ORH,MA,ANE,EN,Federal Contract Tower,5,2,0,0,7,0,0,0,0,0,5,2,0,0,7,0,0,0,7
03/31/2020,ORH,MA,ANE,EN,Federal Contract Tower,5,4,0,0,9,0,0,11,0,11,5,4,11,0,20,0,0,0,20
04/01/2020,ORH,MA,ANE,EN,Federal Contract Tower,1,2,2,0,5,0,0,16,0,16,1,2,18,0,21,0,0,0,21
04/02/2020,ORH,MA,ANE,EN,Federal Contract Tower,3,4,0,0,7,0,2,1,0,3,3,6,1,0,10,0,0,0,10
04/03/2020,ORH,MA,ANE,EN,Federal Contract Tower,5,1,0,0,6,0,0,0,0,0,5,1,0,0,6,0,0,0,6
04/04/2020,ORH,MA,ANE,EN,Federal Contract Tower,0,2,9,0,11,0,0,14,0,14,0,2,23,0,25,6,0,6,31
04/05/2020,ORH,MA,ANE,EN,Federal Contract Tower,6,0,3,0,9,0,0,7,0,7,6,0,10,0,16,0,0,0,16
04/06/2020,ORH,MA,ANE,EN,Federal Contract Tower,2,2,12,0,16,0,0,10,0,10,2,2,22,0,26,8,0,8,34
04/07/2020,ORH,MA,ANE,EN,Federal Contract Tower,5,0,5,0,10,0,2,14,0,16,5,2,19,0,26,4,2,6,32
04/08/2020,ORH,MA,ANE,EN,Federal Contract Tower,3,2,7,0,12,0,0,5,0,5,3,2,12,0,17,0,0,0,17
04/09/2020,ORH,MA,ANE,EN,Federal Contract Tower,3,0,0,0,3,0,1,0,0,1,3,1,0,0,4,0,0,0,4
04/10/2020,ORH,MA,ANE,EN,Federal Contract Tower,5,3,2,0,10,0,2,4,0,6,5,5,6,0,16,0,0,0,16
04/11/2020,ORH,MA,ANE,EN,Federal Contract Tower,3,2,0,0,5,0,0,4,0,4,3,2,4,0,9,0,0,0,9
04/12/2020,ORH,MA,ANE,EN,Federal Contract Tower,6,0,4,0,10,0,0,19,1,20,6,0,23,1,30,26,2,28,58
04/13/2020,ORH,MA,ANE,EN,Federal Contract Tower,4,0,0,0,4,0,0,0,0,0,4,0,0,0,4,0,0,0,4
04/14/2020,ORH,MA,ANE,EN,Federal Contract Tower,6,7,4,1,18,0,0,17,1,18,6,7,21,2,36,4,2,6,42
04/15/2020,ORH,MA,ANE,EN,Federal Contract Tower,4,5,4,2,15,0,0,5,0,5,4,5,9,2,20,10,0,10,30
04/16/2020,ORH,MA,ANE,EN,Federal Contract Tower,0,0,0,0,0,0,2,9,0,11,0,2,9,0,11,4,0,4,15
04/17/2020,ORH,MA,ANE,EN,Federal Contract Tower,0,0,0,0,0,0,2,10,0,12,0,2,10,0,12,6,0,6,18
04/18/2020,ORH,MA,ANE,EN,Federal Contract Tower,0,2,2,0,4,0,0,0,0,0,0,2,2,0,4,0,0,0,4
04/19/2020,ORH,MA,ANE,EN,Federal Contract Tower,2,0,1,0,3,0,0,14,0,14,2,0,15,0,17,22,0,22,39
04/20/2020,ORH,MA,ANE,EN,Federal Contract Tower,2,2,4,0,8,0,0,24,0,24,2,2,28,0,32,22,0,22,54
04/21/2020,ORH,MA,ANE,EN,Federal Contract Tower,0,2,1,0,3,0,0,0,0,0,0,2,1,0,3,0,0,0,3
04/22/2020,ORH,MA,ANE,EN,Federal Contract Tower,4,4,7,0,15,0,0,5,0,5,4,4,12,0,20,0,0,0,20
04/23/2020,ORH,MA,ANE,EN,Federal Contract Tower,4,2,1,0,7,0,0,27,0,27,4,2,28,0,34,17,0,17,51
04/24/2020,ORH,MA,ANE,EN,Federal Contract Tower,5,2,11,0,18,0,2,2,0,4,5,4,13,0,22,0,0,0,22
04/25/2020,ORH,MA,ANE,EN,Federal Contract Tower,0,3,4,0,7,0,6,51,0,57,0,9,55,0,64,16,0,16,80
04/26/2020,ORH,MA,ANE,EN,Federal Contract Tower,4,0,0,0,4,0,0,6,0,6,4,0,6,0,10,2,0,2,12
04/27/2020,ORH,MA,ANE,EN,Federal Contract Tower,4,0,0,0,4,0,0,0,0,0,4,0,0,0,4,0,0,0,4
04/28/2020,ORH,MA,ANE,EN,Federal Contract Tower,5,2,9,0,16,0,0,30,0,30,5,2,39,0,46,8,0,8,54
04/29/2020,ORH,MA,ANE,EN,Federal Contract Tower,5,8,8,0,21,0,0,34,0,34,5,8,42,0,55,0,0,0,55
04/30/2020,ORH,MA,ANE,EN,Federal Contract Tower,4,2,7,2,15,0,0,2,0,2,4,2,9,2,17,0,0,0,17
05/01/2020,ORH,MA,ANE,EN,Federal Contract Tower,4,1,4,0,9,0,0,0,0,0,4,1,4,0,9,0,0,0,9
05/02/2020,ORH,MA,ANE,EN,Federal Contract Tower,0,4,1,0,5,0,0,9,0,9,0,4,10,0,14,6,0,6,20
05/03/2020,ORH,MA,ANE,EN,Federal Contract Tower,5,2,2,0,9,0,1,17,0,18,5,3,19,0,27,12,0,12,39
05/04/2020,ORH,MA,ANE,EN,Federal Contract Tower,5,2,3,0,10,0,2,18,0,20,5,4,21,0,30,0,0,0,30
05/05/2020,ORH,MA,ANE,EN,Federal Contract Tower,3,5,7,0,15,0,12,18,0,30,3,17,25,0,45,16,0,16,61
05/06/2020,ORH,MA,ANE,EN,Federal Contract Tower,4,3,5,0,12,0,0,42,2,44,4,3,47,2,56,34,0,34,90
05/07/2020,ORH,MA,ANE,EN,Federal Contract Tower,5,2,3,4,14,0,2,34,2,38,5,4,37,6,52,20,0,20,72
05/08/2020,ORH,MA,ANE,EN,Federal Contract Tower,2,12,3,0,17,0,1,10,0,11,2,13,13,0,28,26,0,26,54
05/09/2020,ORH,MA,ANE,EN,Federal Contract Tower,0,4,0,0,4,0,0,0,0,0,0,4,0,0,4,0,0,0,4
05/10/2020,ORH,MA,ANE,EN,Federal Contract Tower,5,2,0,0,7,0,0,4,0,4,5,2,4,0,11,0,0,0,11
05/11/2020,ORH,MA,ANE,EN,Federal Contract Tower,2,3,4,0,9,0,0,3,0,3,2,3,7,0,12,0,0,0,12
05/12/2020,ORH,MA,ANE,EN,Federal Contract Tower,3,5,3,6,17,0,0,22,0,22,3,5,25,6,39,16,0,16,55
05/13/2020,ORH,MA,ANE,EN,Federal Contract Tower,3,4,0,0,7,0,1,17,2,20,3,5,17,2,27,6,12,18,45
05/14/2020,ORH,MA,ANE,EN,Federal Contract Tower,5,0,1,0,6,0,10,34,2,46,5,10,35,2,52,10,20,30,82
05/15/2020,ORH,MA,ANE,EN,Federal Contract Tower,2,2,8,0,12,0,0,10,0,10,2,2,18,0,22,2,0,2,24
05/16/2020,ORH,MA,ANE,EN,Federal Contract Tower,0,2,1,0,3,0,2,34,0,36,0,4,35,0,39,20,0,20,59
05/17/2020,ORH,MA,ANE,EN,Federal Contract Tower,4,3,6,0,13,0,0,38,0,38,4,3,44,0,51,14,0,14,65
05/18/2020,ORH,MA,ANE,EN,Federal Contract Tower,4,0,2,0,6,0,0,10,0,10,4,0,12,0,16,2,0,2,18
05/19/2020,ORH,MA,ANE,EN,Federal Contract Tower,3,3,1,0,7,0,4,10,0,14,3,7,11,0,21,0,0,0,21
05/20/2020,ORH,MA,ANE,EN,Federal Contract Tower,4,4,4,4,16,0,2,16,2,20,4,6,20,6,36,12,0,12,48
05/21/2020,ORH,MA,ANE,EN,Federal Contract Tower,3,0,6,0,9,0,2,29,4,35,3,2,35,4,44,28,22,50,94
05/22/2020,ORH,MA,ANE,EN,Federal Contract Tower,4,1,1,0,6,0,2,13,0,15,4,3,14,0,21,52,0,52,73
05/23/2020,ORH,MA,ANE,EN,Federal Contract Tower,0,6,0,0,6,0,0,13,0,13,0,6,13,0,19,0,0,0,19
05/24/2020,ORH,MA,ANE,EN,Federal Contract Tower,6,5,9,0,20,0,0,40,0,40,6,5,49,0,60,32,0,32,92
05/25/2020,ORH,MA,ANE,EN,Federal Contract Tower,3,0,27,0,30,0,0,2,0,2,3,0,29,0,32,20,0,20,52
05/26/2020,ORH,MA,ANE,EN,Federal Contract Tower,3,0,8,0,11,0,0,20,0,20,3,0,28,0,31,4,0,4,35
05/27/2020,ORH,MA,ANE,EN,Federal Contract Tower,4,2,8,0,14,0,2,22,0,24,4,4,30,0,38,2,0,2,40
05/28/2020,ORH,MA,ANE,EN,Federal Contract Tower,3,5,5,0,13,0,0,1,0,1,3,5,6,0,14,0,0,0,14
05/29/2020,ORH,MA,ANE,EN,Federal Contract Tower,6,5,13,0,24,0,0,3,0,3,6,5,16,0,27,0,0,0,27
05/30/2020,ORH,MA,ANE,EN,Federal Contract Tower,0,4,2,0,6,0,0,30,0,30,0,4,32,0,36,8,0,8,44
05/31/2020,ORH,MA,ANE,EN,Federal Contract Tower,7,2,5,0,14,0,0,24,1,25,7,2,29,1,39,18,4,22,61
06/01/2020,ORH,MA,ANE,EN,Federal Contract Tower,3,0,2,0,5,0,0,15,0,15,3,0,17,0,20,4,0,4,24
06/02/2020,ORH,MA,ANE,EN,Federal Contract Tower,3,3,1,0,7,0,2,30,0,32,3,5,31,0,39,38,0,38,77
06/03/2020,ORH,MA,ANE,EN,Federal Contract Tower,4,1,0,0,5,0,10,6,4,20,4,11,6,4,25,6,0,6,31
06/04/2020,ORH,MA,ANE,EN,Federal Contract Tower,3,4,1,4,12,0,0,20,0,20,3,4,21,4,32,22,0,22,54
06/05/2020,ORH,MA,ANE,EN,Federal Contract Tower,4,2,11,0,17,0,0,3,0,3,4,2,14,0,20,0,0,0,20
06/06/2020,ORH,MA,ANE,EN,Federal Contract Tower,0,4,1,0,5,0,0,16,0,16,0,4,17,0,21,0,0,0,21
06/07/2020,ORH,MA,ANE,EN,Federal Contract Tower,5,7,7,0,19,0,0,17,1,18,5,7,24,1,37,20,2,22,59
06/08/2020,ORH,MA,ANE,EN,Federal Contract Tower,1,0,3,0,4,0,0,31,2,33,1,0,34,2,37,18,16,34,71
06/09/2020,ORH,MA,ANE,EN,Federal Contract Tower,3,0,9,0,12,0,2,36,4,42,3,2,45,4,54,8,22,30,84
06/10/2020,ORH,MA,ANE,EN,Federal Contract Tower,4,1,5,0,10,0,0,34,0,34,4,1,39,0,44,18,0,18,62
06/11/2020,ORH,MA,ANE,EN,Federal Contract Tower,4,3,3,0,10,0,0,0,0,0,4,3,3,0,10,0,0,0,10
06/12/2020,ORH,MA,ANE,EN,Federal Contract Tower,4,0,2,0,6,0,0,35,0,35,4,0,37,0,41,16,0,16,57
06/13/2020,ORH,MA,ANE,EN,Federal Contract Tower,0,4,4,0,8,0,1,51,0,52,0,5,55,0,60,24,0,24,84
06/14/2020,ORH,MA,ANE,EN,Federal Contract Tower,2,2,6,0,10,0,0,33,0,33,2,2,39,0,43,16,0,16,59
06/15/2020,ORH,MA,ANE,EN,Federal Contract Tower,2,2,12,0,16,0,0,31,0,31,2,2,43,0,47,10,10,20,67
06/16/2020,ORH,MA,ANE,EN,Federal Contract Tower,0,6,7,2,15,0,0,41,2,43,0,6,48,4,58,6,2,8,66
06/17/2020,ORH,MA,ANE,EN,Federal Contract Tower,2,4,0,2,8,0,0,37,0,37,2,4,37,2,45,24,0,24,69
06/18/2020,ORH,MA,ANE,EN,Federal Contract Tower,2,0,7,0,9,0,0,32,0,32,2,0,39,0,41,28,2,30,71
06/19/2020,ORH,MA,ANE,EN,Federal Contract Tower,2,1,7,2,12,0,0,21,2,23,2,1,28,4,35,14,4,18,53
06/20/2020,ORH,MA,ANE,EN,Federal Contract Tower,2,5,2,0,9,0,0,22,0,22,2,5,24,0,31,24,0,24,55
06/21/2020,ORH,MA,ANE,EN,Federal Contract Tower,2,2,0,0,4,0,0,22,0,22,2,2,22,0,26,38,0,38,64
06/22/2020,ORH,MA,ANE,EN,Federal Contract Tower,2,2,5,2,11,0,0,8,0,8,2,2,13,2,19,10,0,10,29
06/23/2020,ORH,MA,ANE,EN,Federal Contract Tower,2,0,26,0,28,0,0,14,2,16,2,0,40,2,44,22,8,30,74
06/24/2020,ORH,MA,ANE,EN,Federal Contract Tower,2,0,2,2,6,0,0,9,0,9,2,0,11,2,15,34,0,34,49
06/25/2020,ORH,MA,ANE,EN,Federal Contract Tower,2,1,4,1,8,0,0,20,0,20,2,1,24,1,28,6,2,8,36
06/26/2020,ORH,MA,ANE,EN,Federal Contract Tower,2,6,2,0,10,0,0,29,0,29,2,6,31,0,39,16,0,16,55
06/27/2020,ORH,MA,ANE,EN,Federal Contract Tower,2,8,12,0,22,0,0,21,0,21,2,8,33,0,43,8,0,8,51
06/28/2020,ORH,MA,ANE,EN,Federal Contract Tower,2,4,9,0,15,0,0,27,0,27,2,4,36,0,42,38,0,38,80
06/29/2020,ORH,MA,ANE,EN,Federal Contract Tower,2,4,6,0,12,0,0,0,0,0,2,4,6,0,12,0,0,0,12
06/30/2020,ORH,MA,ANE,EN,Federal Contract Tower,3,0,2,0,5,0,0,15,0,15,3,0,17,0,20,4,0,4,24
07/01/2020,ORH,MA,ANE,EN,Federal Contract Tower,2,2,5,0,9,0,2,2,0,4,2,4,7,0,13,0,0,0,13
07/02/2020,ORH,MA,ANE,EN,Federal Contract Tower,2,0,4,0,6,0,2,25,0,27,2,2,29,0,33,16,0,16,49
07/03/2020,ORH,MA,ANE,EN,Federal Contract Tower,2,2,11,0,15,0,0,2,0,2,2,2,13,0,17,2,0,2,19
07/04/2020,ORH,MA,ANE,EN,Federal Contract Tower,2,3,3,0,8,0,0,14,0,14,2,3,17,0,22,16,0,16,38
07/05/2020,ORH,MA,ANE,EN,Federal Contract Tower,2,3,3,0,8,0,0,17,0,17,2,3,20,0,25,24,0,24,49
07/06/2020,ORH,MA,ANE,EN,Federal Contract Tower,2,4,8,2,16,0,0,20,0,20,2,4,28,2,36,0,0,0,36
07/07/2020,ORH,MA,ANE,EN,Federal Contract Tower,2,0,10,4,16,0,1,20,0,21,2,1,30,4,37,42,0,42,79
07/08/2020,ORH,MA,ANE,EN,Federal Contract Tower,2,3,1,4,10,0,0,1,0,1,2,3,2,4,11,0,0,0,11
07/09/2020,ORH,MA,ANE,EN,Federal Contract Tower,2,0,6,0,8,0,0,28,2,30,2,0,34,2,38,54,6,60,98
07/10/2020,ORH,MA,ANE,EN,Federal Contract Tower,2,1,5,1,9,0,0,4,0,4,2,1,9,1,13,2,2,4,17
07/11/2020,ORH,MA,ANE,EN,Federal Contract Tower,2,2,2,0,6,0,0,4,0,4,2,2,6,0,10,8,0,8,18
07/12/2020,ORH,MA,ANE,EN,Federal Contract Tower,0,4,6,0,10,0,0,28,0,28,0,4,34,0,38,32,0,32,70
07/13/2020,ORH,MA,ANE,EN,Federal Contract Tower,2,7,8,0,17,0,0,2,0,2,2,7,10,0,19,4,0,4,23
07/14/2020,ORH,MA,ANE,EN,Federal Contract Tower,0,6,3,0,9,0,0,14,0,14,0,6,17,0,23,18,0,18,41
07/15/2020,ORH,MA,ANE,EN,Federal Contract Tower,2,0,19,0,21,0,0,17,2,19,2,0,36,2,40,20,0,20,60
07/16/2020,ORH,MA,ANE,EN,Federal Contract Tower,2,3,7,0,12,0,0,33,0,33,2,3,40,0,45,28,0,28,73
07/17/2020,ORH,MA,ANE,EN,Federal Contract Tower,2,1,16,0,19,0,0,0,0,0,2,1,16,0,19,0,0,0,19
07/18/2020,ORH,MA,ANE,EN,Federal Contract Tower,2,3,3,0,8,0,0,48,2,50,2,3,51,2,58,28,4,32,90
07/19/2020,ORH,MA,ANE,EN,Federal Contract Tower,2,3,4,0,9,0,0,22,0,22,2,3,26,0,31,4,0,4,35
07/20/2020,ORH,MA,ANE,EN,Federal Contract Tower,2,0,3,0,5,0,0,14,0,14,2,0,17,0,19,2,0,2,21
07/21/2020,ORH,MA,ANE,EN,Federal Contract Tower,2,0,4,0,6,0,0,52,0,52,2,0,56,0,58,74,0,74,132
07/22/2020,ORH,MA,ANE,EN,Federal Contract Tower,2,2,2,0,6,0,0,17,0,17,2,2,19,0,23,12,0,12,35
07/23/2020,ORH,MA,ANE,EN,Federal Contract Tower,2,4,6,0,12,0,0,21,1,22,2,4,27,1,34,6,2,8,42
07/24/2020,ORH,MA,ANE,EN,Federal Contract Tower,2,0,9,0,11,0,0,44,0,44,2,0,53,0,55,24,0,24,79
07/25/2020,ORH,MA,ANE,EN,Federal Contract Tower,3,6,6,0,15,0,0,50,2,52,3,6,56,2,67,44,2,46,113
07/26/2020,ORH,MA,ANE,EN,Federal Contract Tower,2,2,3,0,7,0,0,36,0,36,2,2,39,0,43,18,0,18,61
07/27/2020,ORH,MA,ANE,EN,Federal Contract Tower,2,0,4,0,6,0,0,13,0,13,2,0,17,0,19,26,0,26,45
07/28/2020,ORH,MA,ANE,EN,Federal Contract Tower,2,0,6,0,8,0,0,4,0,4,2,0,10,0,12,14,0,14,26
07/29/2020,ORH,MA,ANE,EN,Federal Contract Tower,2,0,9,2,13,0,0,22,0,22,2,0,31,2,35,40,0,40,75
07/30/2020,ORH,MA,ANE,EN,Federal Contract Tower,2,0,11,0,13,0,0,27,0,27,2,0,38,0,40,22,0,22,62
07/31/2020,ORH,MA,ANE,EN,Federal Contract Tower,2,3,6,0,11,0,0,34,2,36,2,3,40,2,47,28,0,28,75
08/01/2020,ORH,MA,ANE,EN,Federal Contract Tower,2,6,2,0,10,0,0,50,1,51,2,6,52,1,61,21,2,23,84
08/02/2020,ORH,MA,ANE,EN,Federal Contract Tower,2,2,6,0,10,0,0,7,0,7,2,2,13,0,17,12,0,12,29
08/03/2020,ORH,MA,ANE,EN,Federal Contract Tower,2,0,5,0,7,0,0,28,0,28,2,0,33,0,35,12,6,18,53
08/04/2020,ORH,MA,ANE,EN,Federal Contract Tower,2,1,3,0,6,0,0,1,0,1,2,1,4,0,7,0,0,0,7
08/05/2020,ORH,MA,ANE,EN,Federal Contract Tower,2,3,4,2,11,0,0,35,4,39,2,3,39,6,50,34,0,34,84
08/06/2020,ORH,MA,ANE,EN,Federal Contract Tower,2,3,7,0,12,0,0,31,4,35,2,3,38,4,47,30,0,30,77
08/07/2020,ORH,MA,ANE,EN,Federal Contract Tower,2,1,2,0,5,0,0,29,0,29,2,1,31,0,34,0,0,0,34
08/08/2020,ORH,MA,ANE,EN,Federal Contract Tower,2,3,5,0,10,0,0,24,0,24,2,3,29,0,34,32,0,32,66
08/09/2020,ORH,MA,ANE,EN,Federal Contract Tower,2,5,7,0,14,0,0,31,0,31,2,5,38,0,45,40,0,40,85
08/10/2020,ORH,MA,ANE,EN,Federal Contract Tower,2,0,0,0,2,0,0,16,0,16,2,0,16,0,18,18,0,18,36
08/11/2020,ORH,MA,ANE,EN,Federal Contract Tower,2,0,3,0,5,0,0,11,0,11,2,0,14,0,16,0,0,0,16
08/12/2020,ORH,MA,ANE,EN,Federal Contract Tower,2,3,4,0,9,0,0,9,2,11,2,3,13,2,20,18,0,18,38
08/13/2020,ORH,MA,ANE,EN,Federal Contract Tower,2,1,2,3,8,0,0,31,2,33,2,1,33,5,41,24,2,26,67
08/14/2020,ORH,MA,ANE,EN,Federal Contract Tower,2,2,0,0,4,0,0,39,0,39,2,2,39,0,43,44,0,44,87
08/15/2020,ORH,MA,ANE,EN,Federal Contract Tower,2,4,10,0,16,0,0,5,0,5,2,4,15,0,21,8,0,8,29
08/16/2020,ORH,MA,ANE,EN,Federal Contract Tower,2,2,43,0,47,0,0,1,0,1,2,2,44,0,48,0,0,0,48
08/17/2020,ORH,MA,ANE,EN,Federal Contract Tower,2,5,6,4,17,0,0,15,0,15,2,5,21,4,32,20,0,20,52
08/18/2020,ORH,MA,ANE,EN,Federal Contract Tower,2,0,6,4,12,0,2,50,0,52,2,2,56,4,64,20,0,20,84
08/19/2020,ORH,MA,ANE,EN,Federal Contract Tower,2,4,3,4,13,0,0,34,0,34,2,4,37,4,47,8,0,8,55
08/20/2020,ORH,MA,ANE,EN,Federal Contract Tower,2,1,4,0,7,0,3,27,0,30,2,4,31,0,37,22,0,22,59
08/21/2020,ORH,MA,ANE,EN,Federal Contract Tower,2,1,5,0,8,0,2,38,0,40,2,3,43,0,48,36,0,36,84
08/22/2020,ORH,MA,ANE,EN,Federal Contract Tower,2,2,2,0,6,0,0,37,0,37,2,2,39,0,43,18,0,18,61
08/23/2020,ORH,MA,ANE,EN,Federal Contract Tower,2,3,7,0,12,0,0,31,0,31,2,3,38,0,43,54,0,54,97
08/24/2020,ORH,MA,ANE,EN,Federal Contract Tower,2,2,5,2,11,0,0,10,0,10,2,2,15,2,21,14,0,14,35
08/25/2020,ORH,MA,ANE,EN,Federal Contract Tower,2,4,6,0,12,0,4,12,0,16,2,8,18,0,28,20,0,20,48
08/26/2020,ORH,MA,ANE,EN,Federal Contract Tower,2,1,1,2,6,0,1,35,2,38,2,2,36,4,44,8,2,10,54
08/27/2020,ORH,MA,ANE,EN,Federal Contract Tower,2,5,3,0,10,0,3,1,0,4,2,8,4,0,14,0,0,0,14
08/28/2020,ORH,MA,ANE,EN,Federal Contract Tower,2,6,3,0,11,0,0,35,0,35,2,6,38,0,46,16,0,16,62
08/29/2020,ORH,MA,ANE,EN,Federal Contract Tower,0,2,4,0,6,0,0,0,0,0,0,2,4,0,6,0,0,0,6
08/30/2020,ORH,MA,ANE,EN,Federal Contract Tower,2,2,2,0,6,0,0,13,0,13,2,2,15,0,19,0,0,0,19
08/31/2020,ORH,MA,ANE,EN,Federal Contract Tower,2,3,9,0,14,0,0,18,0,18,2,3,27,0,32,12,0,12,44
09/01/2020,ORH,MA,ANE,EN,Federal Contract Tower,2,0,2,0,4,0,2,17,2,21,2,2,19,2,25,26,0,26,51
09/02/2020,ORH,MA,ANE,EN,Federal Contract Tower,0,0,2,0,2,0,0,0,0,0,0,0,2,0,2,0,0,0,2
09/03/2020,ORH,MA,ANE,EN,Federal Contract Tower,2,2,12,0,16,0,2,45,1,48,2,4,57,1,64,50,2,52,116
09/04/2020,ORH,MA,ANE,EN,Federal Contract Tower,2,2,1,0,5,0,2,32,0,34,2,4,33,0,39,28,0,28,67
09/05/2020,ORH,MA,ANE,EN,Federal Contract Tower,2,2,3,0,7,0,0,39,0,39,2,2,42,0,46,48,0,48,94
09/06/2020,ORH,MA,ANE,EN,Federal Contract Tower,2,2,4,0,8,0,0,38,0,38,2,2,42,0,46,42,0,42,88
09/07/2020,ORH,MA,ANE,EN,Federal Contract Tower,2,2,1,0,5,0,0,20,0,20,2,2,21,0,25,5,0,5,30
09/08/2020,ORH,MA,ANE,EN,Federal Contract Tower,2,2,7,0,11,0,4,15,0,19,2,6,22,0,30,6,0,6,36
09/09/2020,ORH,MA,ANE,EN,Federal Contract Tower,2,4,2,0,8,0,0,39,1,40,2,4,41,1,48,6,12,18,66
09/10/2020,ORH,MA,ANE,EN,Federal Contract Tower,2,3,9,0,14,0,0,0,0,0,2,3,9,0,14,0,0,0,14
09/11/2020,ORH,MA,ANE,EN,Federal Contract Tower,2,3,8,0,13,0,3,16,0,19,2,6,24,0,32,8,0,8,40
09/12/2020,ORH,MA,ANE,EN,Federal Contract Tower,2,8,1,0,11,0,0,55,0,55,2,8,56,0,66,32,0,32,98
09/13/2020,ORH,MA,ANE,EN,Federal Contract Tower,2,2,6,0,10,0,0,20,0,20,2,2,26,0,30,2,0,2,32
09/14/2020,ORH,MA,ANE,EN,Federal Contract Tower,2,0,3,0,5,0,0,4,0,4,2,0,7,0,9,0,0,0,9
09/15/2020,ORH,MA,ANE,EN,Federal Contract Tower,2,0,5,0,7,0,2,22,0,24,2,2,27,0,31,14,0,14,45
09/16/2020,ORH,MA,ANE,EN,Federal Contract Tower,2,2,7,0,11,0,0,14,2,16,2,2,21,2,27,0,0,0,27
09/17/2020,ORH,MA,ANE,EN,Federal Contract Tower,2,2,3,0,7,0,3,11,4,18,2,5,14,4,25,18,8,26,51
09/18/2020,ORH,MA,ANE,EN,Federal Contract Tower,2,0,2,0,4,0,2,13,0,15,2,2,15,0,19,6,0,6,25
09/19/2020,ORH,MA,ANE,EN,Federal Contract Tower,2,2,4,0,8,0,0,27,0,27,2,2,31,0,35,10,0,10,45
09/20/2020,ORH,MA,ANE,EN,Federal Contract Tower,2,2,2,0,6,0,0,28,0,28,2,2,30,0,34,2,0,2,36
09/21/2020,ORH,MA,ANE,EN,Federal Contract Tower,2,2,1,0,5,0,0,6,0,6,2,2,7,0,11,6,0,6,17
09/22/2020,ORH,MA,ANE,EN,Federal Contract Tower,2,8,0,0,10,0,2,6,0,8,2,10,6,0,18,18,0,18,36
09/23/2020,ORH,MA,ANE,EN,Federal Contract Tower,2,3,4,2,11,0,2,17,0,19,2,5,21,2,30,6,0,6,36
09/24/2020,ORH,MA,ANE,EN,Federal Contract Tower,2,3,8,0,13,0,1,27,0,28,2,4,35,0,41,22,0,22,63
09/25/2020,ORH,MA,ANE,EN,Federal Contract Tower,2,11,2,0,15,0,0,24,0,24,2,11,26,0,39,22,0,22,61
09/26/2020,ORH,MA,ANE,EN,Federal Contract Tower,2,5,4,0,11,0,1,32,0,33,2,6,36,0,44,34,0,34,78
09/27/2020,ORH,MA,ANE,EN,Federal Contract Tower,2,2,7,0,11,0,0,2,0,2,2,2,9,0,13,4,0,4,17
09/28/2020,ORH,MA,ANE,EN,Federal Contract Tower,2,2,2,0,6,0,0,6,0,6,2,2,8,0,12,8,0,8,20
09/29/2020,ORH,MA,ANE,EN,Federal Contract Tower,2,1,10,0,13,0,0,20,0,20,2,1,30,0,33,52,0,52,85
09/30/2020,ORH,MA,ANE,EN,Federal Contract Tower,2,3,7,0,12,0,2,11,2,15,2,5,18,2,27,0,0,0,27
10/01/2020,ORH,MA,ANE,EN,Federal Contract Tower,0,7,7,2,16,0,3,37,2,42,0,10,44,4,58,56,0,56,114
10/02/2020,ORH,MA,ANE,EN,Federal Contract Tower,0,0,5,0,5,0,1,14,0,15,0,1,19,0,20,6,0,6,26
10/03/2020,ORH,MA,ANE,EN,Federal Contract Tower,0,9,7,0,16,0,0,59,0,59,0,9,66,0,75,34,0,34,109
10/04/2020,ORH,MA,ANE,EN,Federal Contract Tower,0,4,7,0,11,0,0,40,0,40,0,4,47,0,51,16,0,16,67
10/05/2020,ORH,MA,ANE,EN,Federal Contract Tower,0,0,8,0,8,0,0,6,0,6,0,0,14,0,14,4,0,4,18
10/06/2020,ORH,MA,ANE,EN,Federal Contract Tower,0,1,7,6,14,0,2,16,2,20,0,3,23,8,34,2,0,2,36
10/07/2020,ORH,MA,ANE,EN,Federal Contract Tower,0,1,10,0,11,0,2,0,0,2,0,3,10,0,13,0,0,0,13
10/08/2020,ORH,MA,ANE,EN,Federal Contract Tower,0,7,7,0,14,0,2,13,5,20,0,9,20,5,34,6,8,14,48
10/09/2020,ORH,MA,ANE,EN,Federal Contract Tower,0,4,6,0,10,0,2,39,0,41,0,6,45,0,51,6,0,6,57
10/10/2020,ORH,MA,ANE,EN,Federal Contract Tower,0,3,2,0,5,0,0,12,0,12,0,3,14,0,17,8,0,8,25
10/11/2020,ORH,MA,ANE,EN,Federal Contract Tower,0,8,10,0,18,0,0,32,0,32,0,8,42,0,50,12,0,12,62
10/12/2020,ORH,MA,ANE,EN,Federal Contract Tower,0,3,3,0,6,0,1,5,0,6,0,4,8,0,12,0,0,0,12
10/13/2020,ORH,MA,ANE,EN,Federal Contract Tower,0,5,9,0,14,0,0,0,0,0,0,5,9,0,14,0,0,0,14
10/14/2020,ORH,MA,ANE,EN,Federal Contract Tower,0,2,13,0,15,0,1,39,2,42,0,3,52,2,57,38,0,38,95
10/15/2020,ORH,MA,ANE,EN,Federal Contract Tower,0,2,4,1,7,0,2,5,2,9,0,4,9,3,16,4,2,6,22
10/16/2020,ORH,MA,ANE,EN,Federal Contract Tower,0,5,14,0,19,0,0,0,0,0,0,5,14,0,19,0,0,0,19
10/17/2020,ORH,MA,ANE,EN,Federal Contract Tower,0,7,5,0,12,0,0,12,1,13,0,7,17,1,25,18,2,20,45
10/18/2020,ORH,MA,ANE,EN,Federal Contract Tower,0,4,4,0,8,0,0,60,2,62,0,4,64,2,70,36,12,48,118
10/19/2020,ORH,MA,ANE,EN,Federal Contract Tower,0,0,3,0,3,0,0,16,0,16,0,0,19,0,19,16,0,16,35
10/20/2020,ORH,MA,ANE,EN,Federal Contract Tower,0,0,14,4,18,0,0,2,0,2,0,0,16,4,20,2,0,2,22
10/21/2020,ORH,MA,ANE,EN,Federal Contract Tower,0,1,7,0,8,0,1,2,1,4,0,2,9,1,12,0,0,0,12
10/22/2020,ORH,MA,ANE,EN,Federal Contract Tower,0,1,10,2,13,0,2,34,0,36,0,3,44,2,49,14,0,14,63
10/23/2020,ORH,MA,ANE,EN,Federal Contract Tower,0,3,8,0,11,0,0,1,0,1,0,3,9,0,12,4,0,4,16
10/24/2020,ORH,MA,ANE,EN,Federal Contract Tower,0,5,7,0,12,0,0,1,0,1,0,5,8,0,13,0,0,0,13
10/25/2020,ORH,MA,ANE,EN,Federal Contract Tower,0,5,7,0,12,0,0,25,0,25,0,5,32,0,37,20,0,20,57
10/26/2020,ORH,MA,ANE,EN,Federal Contract Tower,0,0,11,0,11,0,0,0,0,0,0,0,11,0,11,0,0,0,11
10/27/2020,ORH,MA,ANE,EN,Federal Contract Tower,0,1,15,0,16,0,4,28,2,34,0,5,43,2,50,42,0,42,92
10/28/2020,ORH,MA,ANE,EN,Federal Contract Tower,0,0,4,0,4,0,0,0,0,0,0,0,4,0,4,0,0,0,4
10/29/2020,ORH,MA,ANE,EN,Federal Contract Tower,0,2,6,0,8,0,0,0,0,0,0,2,6,0,8,0,0,0,8
10/30/2020,ORH,MA,ANE,EN,Federal Contract Tower,0,2,1,0,3,0,0,0,0,0,0,2,1,0,3,0,0,0,3
10/31/2020,ORH,MA,ANE,EN,Federal Contract Tower,0,2,5,1,8,0,0,51,0,51,0,2,56,1,59,30,0,30,89
11/01/2020,ORH,MA,ANE,EN,Federal Contract Tower,0,10,1,0,11,0,0,6,0,6,0,10,7,0,17,0,0,0,17
11/02/2020,ORH,MA,ANE,EN,Federal Contract Tower,0,1,4,0,5,0,0,4,0,4,0,1,8,0,9,0,0,0,9
11/03/2020,ORH,MA,ANE,EN,Federal Contract Tower,0,1,5,0,6,0,0,4,0,4,0,1,9,0,10,0,0,0,10
11/04/2020,ORH,MA,ANE,EN,Federal Contract Tower,0,1,4,0,5,0,2,31,2,35,0,3,35,2,40,24,6,30,70
11/05/2020,ORH,MA,ANE,EN,Federal Contract Tower,0,9,6,0,15,0,3,17,1,21,0,12,23,1,36,24,0,24,60
11/06/2020,ORH,MA,ANE,EN,Federal Contract Tower,0,0,2,0,2,0,2,26,0,28,0,2,28,0,30,12,0,12,42
11/07/2020,ORH,MA,ANE,EN,Federal Contract Tower,0,4,3,0,7,0,0,64,0,64,0,4,67,0,71,34,0,34,105
11/08/2020,ORH,MA,ANE,EN,Federal Contract Tower,0,2,3,0,5,0,0,78,0,78,0,2,81,0,83,34,0,34,117
11/09/2020,ORH,MA,ANE,EN,Federal Contract Tower,0,1,5,0,6,0,0,38,0,38,0,1,43,0,44,44,0,44,88
11/10/2020,ORH,MA,ANE,EN,Federal Contract Tower,0,1,4,2,7,0,0,21,0,21,0,1,25,2,28,28,0,28,56
11/11/2020,ORH,MA,ANE,EN,Federal Contract Tower,0,2,10,0,12,0,0,2,0,2,0,2,12,0,14,0,0,0,14
11/12/2020,ORH,MA,ANE,EN,Federal Contract Tower,0,4,15,0,19,0,0,3,2,5,0,4,18,2,24,16,6,22,46
11/13/2020,ORH,MA,ANE,EN,Federal Contract Tower,0,3,6,0,9,0,0,0,0,0,0,3,6,0,9,4,0,4,13
11/14/2020,ORH,MA,ANE,EN,Federal Contract Tower,0,2,3,0,5,0,0,53,0,53,0,2,56,0,58,46,0,46,104
11/15/2020,ORH,MA,ANE,EN,Federal Contract Tower,0,2,4,0,6,0,0,15,0,15,0,2,19,0,21,4,0,4,25
11/16/2020,ORH,MA,ANE,EN,Federal Contract Tower,0,2,8,0,10,0,0,5,0,5,0,2,13,0,15,8,0,8,23
11/17/2020,ORH,MA,ANE,EN,Federal Contract Tower,0,3,16,0,19,0,2,33,0,35,0,5,49,0,54,42,0,42,96
11/18/2020,ORH,MA,ANE,EN,Federal Contract Tower,0,0,9,0,9,0,0,12,2,14,0,0,21,2,23,0,0,0,23
11/19/2020,ORH,MA,ANE,EN,Federal Contract Tower,0,4,7,0,11,0,2,13,8,23,0,6,20,8,34,0,10,10,44
11/20/2020,ORH,MA,ANE,EN,Federal Contract Tower,0,3,1,0,4,0,0,14,0,14,0,3,15,0,18,24,0,24,42
11/21/2020,ORH,MA,ANE,EN,Federal Contract Tower,0,8,7,2,17,0,0,51,1,52,0,8,58,3,69,48,4,52,121
11/22/2020,ORH,MA,ANE,EN,Federal Contract Tower,0,3,2,2,7,0,0,7,2,9,0,3,9,4,16,6,2,8,24
11/23/2020,ORH,MA,ANE,EN,Federal Contract Tower,0,0,4,0,4,0,0,0,0,0,0,0,4,0,4,0,0,0,4
11/24/2020,ORH,MA,ANE,EN,Federal Contract Tower,0,3,14,2,19,0,0,20,0,20,0,3,34,2,39,30,0,30,69
11/25/2020,ORH,MA,ANE,EN,Federal Contract Tower,0,1,3,1,5,0,0,15,0,15,0,1,18,1,20,28,2,30,50
11/26/2020,ORH,MA,ANE,EN,Federal Contract Tower,0,0,2,0,2,0,0,0,0,0,0,0,2,0,2,0,0,0,2
11/27/2020,ORH,MA,ANE,EN,Federal Contract Tower,0,5,4,0,9,0,1,27,0,28,0,6,31,0,37,46,0,46,83
11/28/2020,ORH,MA,ANE,EN,Federal Contract Tower,0,7,4,0,11,0,2,32,0,34,0,9,36,0,45,40,0,40,85
11/29/2020,ORH,MA,ANE,EN,Federal Contract Tower,0,11,14,0,25,0,1,38,0,39,0,12,52,0,64,52,0,52,116
11/30/2020,ORH,MA,ANE,EN,Federal Contract Tower,0,3,3,0,6,0,0,2,0,2,0,3,5,0,8,0,0,0,8
12/01/2020,ORH,MA,ANE,EN,Federal Contract Tower,0,3,6,0,9,0,0,1,2,3,0,3,7,2,12,2,0,2,14
12/02/2020,ORH,MA,ANE,EN,Federal Contract Tower,0,1,13,2,16,0,0,5,0,5,0,1,18,2,21,6,0,6,27
12/03/2020,ORH,MA,ANE,EN,Federal Contract Tower,0,0,5,0,5,0,0,20,0,20,0,0,25,0,25,28,0,28,53
12/04/2020,ORH,MA,ANE,EN,Federal Contract Tower,0,4,0,0,4,0,0,10,0,10,0,4,10,0,14,2,0,2,16
12/05/2020,ORH,MA,ANE,EN,Federal Contract Tower,0,0,0,0,0,0,0,0,0,0,0,0,0,0,0,0,0,0,0
12/06/2020,ORH,MA,ANE,EN,Federal Contract Tower,0,4,1,0,5,0,0,2,0,2,0,4,3,0,7,6,0,6,13
12/07/2020,ORH,MA,ANE,EN,Federal Contract Tower,0,0,10,0,10,0,0,22,0,22,0,0,32,0,32,10,0,10,42
12/08/2020,ORH,MA,ANE,EN,Federal Contract Tower,0,1,3,0,4,0,0,4,2,6,0,1,7,2,10,10,0,10,20
12/09/2020,ORH,MA,ANE,EN,Federal Contract Tower,0,1,3,0,4,0,0,4,2,6,0,1,7,2,10,10,0,10,20
12/10/2020,ORH,MA,ANE,EN,Federal Contract Tower,0,1,8,2,11,0,0,13,0,13,0,1,21,2,24,10,2,12,36
12/11/2020,ORH,MA,ANE,EN,Federal Contract Tower,0,0,5,0,5,0,0,29,0,29,0,0,34,0,34,40,0,40,74
12/12/2020,ORH,MA,ANE,EN,Federal Contract Tower,0,2,0,0,2,0,0,0,0,0,0,2,0,0,2,0,0,0,2
12/13/2020,ORH,MA,ANE,EN,Federal Contract Tower,0,4,15,0,19,0,0,16,0,16,0,4,31,0,35,28,0,28,63
12/14/2020,ORH,MA,ANE,EN,Federal Contract Tower,0,0,4,0,4,0,0,0,0,0,0,0,4,0,4,0,0,0,4
12/15/2020,ORH,MA,ANE,EN,Federal Contract Tower,0,0,9,2,11,0,0,16,0,16,0,0,25,2,27,12,14,26,53
12/16/2020,ORH,MA,ANE,EN,Federal Contract Tower,0,0,12,0,12,0,0,16,0,16,0,0,28,0,28,28,0,28,56
12/17/2020,ORH,MA,ANE,EN,Federal Contract Tower,0,2,3,0,5,0,0,0,0,0,0,2,3,0,5,0,0,0,5
12/18/2020,ORH,MA,ANE,EN,Federal Contract Tower,0,8,1,2,11,0,0,4,0,4,0,8,5,2,15,10,0,10,25
12/19/2020,ORH,MA,ANE,EN,Federal Contract Tower,0,6,5,0,11,0,0,24,0,24,0,6,29,0,35,8,0,8,43
12/20/2020,ORH,MA,ANE,EN,Federal Contract Tower,0,2,1,0,3,0,0,13,0,13,0,2,14,0,16,0,0,0,16
12/21/2020,ORH,MA,ANE,EN,Federal Contract Tower,0,4,1,0,5,0,0,0,0,0,0,4,1,0,5,0,0,0,5
12/22/2020,ORH,MA,ANE,EN,Federal Contract Tower,0,5,7,0,12,0,1,20,5,26,0,6,27,5,38,2,4,6,44
12/23/2020,ORH,MA,ANE,EN,Federal Contract Tower,0,1,12,2,15,0,2,35,2,39,0,3,47,4,54,30,2,32,86
12/24/2020,ORH,MA,ANE,EN,Federal Contract Tower,0,2,0,0,2,0,0,8,0,8,0,2,8,0,10,10,0,10,20
12/25/2020,ORH,MA,ANE,EN,Federal Contract Tower,0,0,0,0,0,0,0,0,0,0,0,0,0,0,0,0,0,0,0
12/26/2020,ORH,MA,ANE,EN,Federal Contract Tower,0,5,2,0,7,0,0,18,0,18,0,5,20,0,25,20,0,20,45
12/27/2020,ORH,MA,ANE,EN,Federal Contract Tower,0,6,8,0,14,0,0,39,0,39,0,6,47,0,53,12,0,12,65
12/28/2020,ORH,MA,ANE,EN,Federal Contract Tower,0,1,4,0,5,0,0,4,2,6,0,1,8,2,11,0,0,0,11
12/29/2020,ORH,MA,ANE,EN,Federal Contract Tower,0,5,5,0,10,0,0,4,0,4,0,5,9,0,14,2,0,2,16
12/30/2020,ORH,MA,ANE,EN,Federal Contract Tower,0,3,6,0,9,0,0,30,0,30,0,3,36,0,39,16,0,16,55
12/31/2020,ORH,MA,ANE,EN,Federal Contract Tower,0,6,3,0,9,0,0,7,0,7,0,6,10,0,16,1,0,1,17
01/01/2021,ORH,MA,ANE,EN,Federal Contract Tower,0,1,2,0,3,0,0,46,0,46,0,1,48,0,49,40,0,40,89
01/02/2021,ORH,MA,ANE,EN,Federal Contract Tower,0,5,6,0,11,0,0,3,0,3,0,5,9,0,14,0,0,0,14
01/03/2021,ORH,MA,ANE,EN,Federal Contract Tower,0,4,11,0,15,0,0,3,0,3,0,4,14,0,18,6,0,6,24
01/04/2021,ORH,MA,ANE,EN,Federal Contract Tower,0,3,6,0,9,0,1,3,0,4,0,4,9,0,13,0,0,0,13
01/05/2021,ORH,MA,ANE,EN,Federal Contract Tower,0,2,3,0,5,0,0,2,2,4,0,2,5,2,9,4,0,4,13
01/06/2021,ORH,MA,ANE,EN,Federal Contract Tower,0,4,5,0,9,0,0,13,1,14,0,4,18,1,23,26,0,26,49
01/07/2021,ORH,MA,ANE,EN,Federal Contract Tower,0,0,5,0,5,0,2,27,8,37,0,2,32,8,42,20,24,44,86
01/08/2021,ORH,MA,ANE,EN,Federal Contract Tower,0,4,5,0,9,0,0,31,0,31,0,4,36,0,40,26,0,26,66
01/09/2021,ORH,MA,ANE,EN,Federal Contract Tower,0,5,6,0,11,0,0,43,0,43,0,5,49,0,54,18,0,18,72
01/10/2021,ORH,MA,ANE,EN,Federal Contract Tower,0,6,5,0,11,0,0,48,0,48,0,6,53,0,59,16,0,16,75
01/11/2021,ORH,MA,ANE,EN,Federal Contract Tower,0,2,2,0,4,0,0,22,0,22,0,2,24,0,26,10,0,10,36
01/12/2021,ORH,MA,ANE,EN,Federal Contract Tower,0,2,5,2,9,0,0,21,2,23,0,2,26,4,32,20,0,20,52
01/13/2021,ORH,MA,ANE,EN,Federal Contract Tower,0,5,5,0,10,0,0,20,0,20,0,5,25,0,30,30,0,30,60
01/14/2021,ORH,MA,ANE,EN,Federal Contract Tower,0,1,8,0,9,0,0,1,0,1,0,1,9,0,10,4,0,4,14
01/15/2021,ORH,MA,ANE,EN,Federal Contract Tower,0,2,12,0,14,0,0,5,0,5,0,2,17,0,19,0,0,0,19
01/16/2021,ORH,MA,ANE,EN,Federal Contract Tower,0,2,1,0,3,0,0,0,0,0,0,2,1,0,3,0,0,0,3
01/17/2021,ORH,MA,ANE,EN,Federal Contract Tower,0,2,0,0,2,0,0,4,0,4,0,2,4,0,6,0,0,0,6
01/19/2021,ORH,MA,ANE,EN,Federal Contract Tower,0,2,10,0,12,0,0,14,0,14,0,2,24,0,26,12,0,12,38
01/20/2021,ORH,MA,ANE,EN,Federal Contract Tower,0,2,11,0,13,0,0,5,0,5,0,2,16,0,18,12,0,12,30
01/21/2021,ORH,MA,ANE,EN,Federal Contract Tower,0,3,3,1,7,0,0,10,10,20,0,3,13,11,27,12,2,14,41
01/22/2021,ORH,MA,ANE,EN,Federal Contract Tower,0,2,0,0,2,0,0,41,0,41,0,2,41,0,43,50,0,50,93
01/23/2021,ORH,MA,ANE,EN,Federal Contract Tower,0,4,1,0,5,0,0,6,0,6,0,4,7,0,11,6,0,6,17
01/24/2021,ORH,MA,ANE,EN,Federal Contract Tower,0,5,0,0,5,0,0,5,0,5,0,5,5,0,10,2,0,2,12
01/25/2021,ORH,MA,ANE,EN,Federal Contract Tower,0,1,8,0,9,0,0,28,0,28,0,1,36,0,37,10,0,10,47
01/26/2021,ORH,MA,ANE,EN,Federal Contract Tower,0,3,8,0,11,0,0,25,2,27,0,3,33,2,38,36,0,36,74
01/27/2021,ORH,MA,ANE,EN,Federal Contract Tower,0,0,1,0,1,0,0,0,0,0,0,0,1,0,1,0,0,0,1
01/28/2021,ORH,MA,ANE,EN,Federal Contract Tower,0,0,5,0,5,0,0,3,1,4,0,0,8,1,9,6,14,20,29
01/29/2021,ORH,MA,ANE,EN,Federal Contract Tower,0,5,9,0,14,0,0,9,0,9,0,5,18,0,23,0,0,0,23
01/30/2021,ORH,MA,ANE,EN,Federal Contract Tower,0,2,0,0,2,0,0,19,0,19,0,2,19,0,21,12,0,12,33
01/31/2021,ORH,MA,ANE,EN,Federal Contract Tower,0,4,7,0,11,0,0,69,0,69,0,4,76,0,80,26,0,26,106
02/01/2021,ORH,MA,ANE,EN,Federal Contract Tower,0,0,3,0,3,0,0,0,0,0,0,0,3,0,3,0,0,0,3
02/02/2021,ORH,MA,ANE,EN,Federal Contract Tower,0,0,2,0,2,0,0,0,0,0,0,0,2,0,2,0,0,0,2
02/03/2021,ORH,MA,ANE,EN,Federal Contract Tower,0,4,1,0,5,0,0,2,2,4,0,4,3,2,9,0,4,4,13
02/04/2021,ORH,MA,ANE,EN,Federal Contract Tower,0,1,3,0,4,0,2,26,2,30,0,3,29,2,34,16,2,18,52
02/05/2021,ORH,MA,ANE,EN,Federal Contract Tower,0,0,10,0,10,0,0,1,0,1,0,0,11,0,11,0,0,0,11
02/06/2021,ORH,MA,ANE,EN,Federal Contract Tower,0,2,0,0,2,0,0,3,0,3,0,2,3,0,5,0,0,0,5
02/07/2021,ORH,MA,ANE,EN,Federal Contract Tower,0,0,1,0,1,0,0,0,0,0,0,0,1,0,1,0,0,0,1
02/08/2021,ORH,MA,ANE,EN,Federal Contract Tower,0,4,4,0,8,0,0,9,0,9,0,4,13,0,17,32,0,32,49
02/09/2021,ORH,MA,ANE,EN,Federal Contract Tower,0,0,7,0,7,0,0,0,0,0,0,0,7,0,7,0,0,0,7
02/10/2021,ORH,MA,ANE,EN,Federal Contract Tower,0,0,7,7,14,0,0,9,2,11,0,0,16,9,25,16,16,32,57
02/11/2021,ORH,MA,ANE,EN,Federal Contract Tower,0,0,3,2,5,0,0,27,0,27,0,0,30,2,32,36,0,36,68
02/12/2021,ORH,MA,ANE,EN,Federal Contract Tower,0,1,0,0,1,0,0,29,0,29,0,1,29,0,30,30,0,30,60
02/13/2021,ORH,MA,ANE,EN,Federal Contract Tower,0,2,6,0,8,0,0,34,0,34,0,2,40,0,42,52,0,52,94
02/14/2021,ORH,MA,ANE,EN,Federal Contract Tower,0,8,3,0,11,0,0,12,0,12,0,8,15,0,23,14,0,14,37
02/15/2021,ORH,MA,ANE,EN,Federal Contract Tower,0,0,0,0,0,0,0,0,0,0,0,0,0,0,0,0,0,0,0
02/16/2021,ORH,MA,ANE,EN,Federal Contract Tower,0,0,0,0,0,0,0,0,0,0,0,0,0,0,0,0,0,0,0
02/17/2021,ORH,MA,ANE,EN,Federal Contract Tower,0,0,5,0,5,0,2,25,3,30,0,2,30,3,35,16,10,26,61
02/18/2021,ORH,MA,ANE,EN,Federal Contract Tower,0,2,4,0,6,0,0,3,0,3,0,2,7,0,9,6,0,6,15
02/19/2021,ORH,MA,ANE,EN,Federal Contract Tower,0,0,0,0,0,0,0,0,0,0,0,0,0,0,0,0,0,0,0
02/20/2021,ORH,MA,ANE,EN,Federal Contract Tower,0,5,0,0,5,0,0,13,0,13,0,5,13,0,18,28,0,28,46
02/21/2021,ORH,MA,ANE,EN,Federal Contract Tower,0,1,2,0,3,0,0,36,0,36,0,1,38,0,39,28,0,28,67
02/22/2021,ORH,MA,ANE,EN,Federal Contract Tower,0,2,1,0,3,0,0,0,0,0,0,2,1,0,3,0,0,0,3
02/23/2021,ORH,MA,ANE,EN,Federal Contract Tower,0,2,3,2,7,0,0,7,0,7,0,2,10,2,14,12,0,12,26
02/24/2021,ORH,MA,ANE,EN,Federal Contract Tower,0,4,5,0,9,0,3,20,0,23,0,7,25,0,32,2,0,2,34
02/25/2021,ORH,MA,ANE,EN,Federal Contract Tower,0,2,4,2,8,0,0,4,9,13,0,2,8,11,21,2,11,13,34
02/26/2021,ORH,MA,ANE,EN,Federal Contract Tower,0,1,5,0,6,0,1,70,2,73,0,2,75,2,79,76,0,76,155
02/27/2021,ORH,MA,ANE,EN,Federal Contract Tower,0,2,2,0,4,0,0,0,0,0,0,2,2,0,4,0,0,0,4
02/28/2021,ORH,MA,ANE,EN,Federal Contract Tower,0,5,15,0,20,0,1,33,0,34,0,6,48,0,54,36,0,36,90
03/01/2021,ORH,MA,ANE,EN,Federal Contract Tower,0,1,7,0,8,0,0,2,0,2,0,1,9,0,10,0,0,0,10
03/02/2021,ORH,MA,ANE,EN,Federal Contract Tower,0,4,0,0,4,0,0,1,0,1,0,4,1,0,5,0,0,0,5
03/03/2021,ORH,MA,ANE,EN,Federal Contract Tower,0,4,1,0,5,0,0,29,4,33,0,4,30,4,38,40,14,54,92
03/04/2021,ORH,MA,ANE,EN,Federal Contract Tower,0,2,5,0,7,0,5,5,2,12,0,7,10,2,19,24,4,28,47
03/05/2021,ORH,MA,ANE,EN,Federal Contract Tower,0,2,5,0,7,0,0,6,2,8,0,2,11,2,15,14,0,14,29
03/06/2021,ORH,MA,ANE,EN,Federal Contract Tower,0,2,2,0,4,0,0,37,0,37,0,2,39,0,41,48,0,48,89
03/07/2021,ORH,MA,ANE,EN,Federal Contract Tower,0,0,10,0,10,0,0,49,0,49,0,0,59,0,59,46,0,46,105
03/08/2021,ORH,MA,ANE,EN,Federal Contract Tower,0,1,12,0,13,0,3,16,0,19,0,4,28,0,32,22,0,22,54
03/09/2021,ORH,MA,ANE,EN,Federal Contract Tower,0,2,2,0,4,0,3,23,0,26,0,5,25,0,30,10,0,10,40
03/10/2021,ORH,MA,ANE,EN,Federal Contract Tower,0,1,1,0,2,0,0,29,4,33,0,1,30,4,35,46,0,46,81
03/11/2021,ORH,MA,ANE,EN,Federal Contract Tower,0,4,3,0,7,0,0,13,1,14,0,4,16,1,21,10,2,12,33
03/12/2021,ORH,MA,ANE,EN,Federal Contract Tower,0,5,4,0,9,0,0,4,0,4,0,5,8,0,13,0,0,0,13
03/13/2021,ORH,MA,ANE,EN,Federal Contract Tower,0,4,1,0,5,0,0,9,0,9,0,4,10,0,14,2,0,2,16
03/14/2021,ORH,MA,ANE,EN,Federal Contract Tower,0,1,1,0,2,0,0,2,0,2,0,1,3,0,4,0,0,0,4
03/15/2021,ORH,MA,ANE,EN,Federal Contract Tower,0,4,1,0,5,0,0,2,0,2,0,4,3,0,7,0,0,0,7
03/16/2021,ORH,MA,ANE,EN,Federal Contract Tower,0,3,9,0,12,0,0,18,0,18,0,3,27,0,30,36,0,36,66
03/17/2021,ORH,MA,ANE,EN,Federal Contract Tower,0,3,3,5,11,0,0,21,3,24,0,3,24,8,35,22,0,22,57
03/18/2021,ORH,MA,ANE,EN,Federal Contract Tower,0,1,19,0,20,0,0,0,0,0,0,1,19,0,20,4,0,4,24
03/19/2021,ORH,MA,ANE,EN,Federal Contract Tower,0,4,2,0,6,0,0,1,0,1,0,4,3,0,7,0,0,0,7
03/20/2021,ORH,MA,ANE,EN,Federal Contract Tower,0,4,5,0,9,0,0,81,0,81,0,4,86,0,90,64,0,64,154
03/21/2021,ORH,MA,ANE,EN,Federal Contract Tower,0,3,6,0,9,0,0,60,0,60,0,3,66,0,69,36,0,36,105
03/22/2021,ORH,MA,ANE,EN,Federal Contract Tower,0,4,7,0,11,0,0,37,0,37,0,4,44,0,48,16,0,16,64
03/23/2021,ORH,MA,ANE,EN,Federal Contract Tower,0,1,4,2,7,0,2,29,4,35,0,3,33,6,42,50,10,60,102
03/24/2021,ORH,MA,ANE,EN,Federal Contract Tower,0,3,5,1,9,0,0,18,2,20,0,3,23,3,29,36,16,52,81
03/25/2021,ORH,MA,ANE,EN,Federal Contract Tower,0,1,9,0,10,0,0,25,4,29,0,1,34,4,39,24,6,30,69
03/26/2021,ORH,MA,ANE,EN,Federal Contract Tower,0,2,0,0,2,0,0,0,0,0,0,2,0,0,2,0,0,0,2
03/27/2021,ORH,MA,ANE,EN,Federal Contract Tower,0,6,1,0,7,0,0,73,0,73,0,6,74,0,80,104,0,104,184
03/28/2021,ORH,MA,ANE,EN,Federal Contract Tower,0,1,2,0,3,0,0,0,0,0,0,1,2,0,3,4,0,4,7
03/29/2021,ORH,MA,ANE,EN,Federal Contract Tower,0,0,0,0,0,0,0,0,0,0,0,0,0,0,0,0,0,0,0
03/30/2021,ORH,MA,ANE,EN,Federal Contract Tower,0,2,18,2,22,0,0,22,2,24,0,2,40,4,46,26,8,34,80
03/31/2021,ORH,MA,ANE,EN,Federal Contract Tower,0,4,2,2,8,0,0,2,2,4,0,4,4,4,12,0,0,0,12
04/01/2021,ORH,MA,ANE,EN,Federal Contract Tower,0,4,8,0,12,0,0,0,1,1,0,4,8,1,13,0,6,6,19
04/02/2021,ORH,MA,ANE,EN,Federal Contract Tower,0,3,6,0,9,0,0,23,4,27,0,3,29,4,36,18,0,18,54
04/03/2021,ORH,MA,ANE,EN,Federal Contract Tower,0,2,4,0,6,0,0,63,0,63,0,2,67,0,69,72,0,72,141
04/04/2021,ORH,MA,ANE,EN,Federal Contract Tower,0,0,4,0,4,0,0,26,0,26,0,0,30,0,30,8,0,8,38
04/05/2021,ORH,MA,ANE,EN,Federal Contract Tower,0,1,6,0,7,0,0,6,0,6,0,1,12,0,13,0,0,0,13
04/06/2021,ORH,MA,ANE,EN,Federal Contract Tower,0,4,2,2,8,0,0,28,0,28,0,4,30,2,36,10,0,10,46
04/07/2021,ORH,MA,ANE,EN,Federal Contract Tower,0,1,8,0,9,0,0,12,1,13,0,1,20,1,22,18,2,20,42
04/08/2021,ORH,MA,ANE,EN,Federal Contract Tower,0,1,7,4,12,0,0,28,18,46,0,1,35,22,58,20,24,44,102
04/09/2021,ORH,MA,ANE,EN,Federal Contract Tower,0,2,6,0,8,0,0,30,0,30,0,2,36,0,38,14,0,14,52
04/10/2021,ORH,MA,ANE,EN,Federal Contract Tower,0,4,10,0,14,0,0,30,1,31,0,4,40,1,45,20,2,22,67
04/11/2021,ORH,MA,ANE,EN,Federal Contract Tower,0,3,4,2,9,0,0,0,0,0,0,3,4,2,9,0,0,0,9
04/12/2021,ORH,MA,ANE,EN,Federal Contract Tower,0,4,13,0,17,0,0,2,0,2,0,4,15,0,19,0,0,0,19
04/13/2021,ORH,MA,ANE,EN,Federal Contract Tower,0,4,9,0,13,0,1,14,0,15,0,5,23,0,28,20,0,20,48
04/14/2021,ORH,MA,ANE,EN,Federal Contract Tower,0,9,12,0,21,0,0,20,0,20,0,9,32,0,41,50,8,58,99
04/15/2021,ORH,MA,ANE,EN,Federal Contract Tower,0,6,5,0,11,0,0,0,0,0,0,6,5,0,11,2,0,2,13
04/16/2021,ORH,MA,ANE,EN,Federal Contract Tower,0,1,4,0,5,0,0,0,0,0,0,1,4,0,5,0,0,0,5
04/17/2021,ORH,MA,ANE,EN,Federal Contract Tower,0,4,4,0,8,0,0,7,0,7,0,4,11,0,15,4,0,4,19
04/18/2021,ORH,MA,ANE,EN,Federal Contract Tower,0,2,16,0,18,0,4,28,2,34,0,6,44,2,52,36,0,36,88
04/19/2021,ORH,MA,ANE,EN,Federal Contract Tower,0,3,7,0,10,0,2,33,0,35,0,5,40,0,45,28,0,28,73
04/20/2021,ORH,MA,ANE,EN,Federal Contract Tower,0,3,11,2,16,0,0,10,0,10,0,3,21,2,26,14,0,14,40
04/21/2021,ORH,MA,ANE,EN,Federal Contract Tower,0,2,5,0,7,0,0,0,0,0,0,2,5,0,7,0,0,0,7
04/22/2021,ORH,MA,ANE,EN,Federal Contract Tower,2,5,0,2,9,0,0,2,0,2,2,5,2,2,11,0,0,0,11
04/23/2021,ORH,MA,ANE,EN,Federal Contract Tower,0,2,1,0,3,0,0,3,0,3,0,2,4,0,6,0,0,0,6
04/24/2021,ORH,MA,ANE,EN,Federal Contract Tower,0,4,6,0,10,0,0,49,0,49,0,4,55,0,59,50,0,50,109
04/25/2021,ORH,MA,ANE,EN,Federal Contract Tower,0,2,18,0,20,0,0,0,0,0,0,2,18,0,20,2,0,2,22
04/26/2021,ORH,MA,ANE,EN,Federal Contract Tower,0,0,5,0,5,0,7,6,4,17,0,7,11,4,22,0,2,2,24
04/27/2021,ORH,MA,ANE,EN,Federal Contract Tower,0,2,1,4,7,0,4,30,1,35,0,6,31,5,42,30,4,34,76
04/28/2021,ORH,MA,ANE,EN,Federal Contract Tower,0,1,4,0,5,0,0,20,2,22,0,1,24,2,27,32,0,32,59
04/29/2021,ORH,MA,ANE,EN,Federal Contract Tower,0,5,3,0,8,0,0,0,0,0,0,5,3,0,8,0,0,0,8
04/30/2021,ORH,MA,ANE,EN,Federal Contract Tower,0,4,5,0,9,0,0,5,0,5,0,4,10,0,14,0,2,2,16
05/01/2021,ORH,MA,ANE,EN,Federal Contract Tower,0,10,5,0,15,0,0,23,0,23,0,10,28,0,38,22,0,22,60
05/02/2021,ORH,MA,ANE,EN,Federal Contract Tower,0,2,5,0,7,0,0,31,2,33,0,2,36,2,40,8,2,10,50
05/03/2021,ORH,MA,ANE,EN,Federal Contract Tower,0,2,5,0,7,0,0,18,0,18,0,2,23,0,25,36,0,36,61
05/04/2021,ORH,MA,ANE,EN,Federal Contract Tower,0,1,24,0,25,0,0,0,0,0,0,1,24,0,25,0,0,0,25
05/05/2021,ORH,MA,ANE,EN,Federal Contract Tower,0,0,6,0,6,0,0,0,0,0,0,0,6,0,6,0,0,0,6
05/06/2021,ORH,MA,ANE,EN,Federal Contract Tower,0,3,2,1,6,0,0,15,9,24,0,3,17,10,30,36,0,36,66
05/07/2021,ORH,MA,ANE,EN,Federal Contract Tower,0,0,7,0,7,0,0,31,0,31,0,0,38,0,38,54,0,54,92
05/08/2021,ORH,MA,ANE,EN,Federal Contract Tower,0,6,7,0,13,0,0,79,0,79,0,6,86,0,92,56,0,56,148
05/09/2021,ORH,MA,ANE,EN,Federal Contract Tower,0,0,4,0,4,0,0,20,0,20,0,0,24,0,24,14,0,14,38
05/10/2021,ORH,MA,ANE,EN,Federal Contract Tower,0,2,14,0,16,0,0,6,0,6,0,2,20,0,22,0,0,0,22
05/11/2021,ORH,MA,ANE,EN,Federal Contract Tower,0,5,10,2,17,0,4,12,2,18,0,9,22,4,35,22,0,22,57
05/12/2021,ORH,MA,ANE,EN,Federal Contract Tower,0,3,8,2,13,0,0,25,6,31,0,3,33,8,44,32,4,36,80
05/13/2021,ORH,MA,ANE,EN,Federal Contract Tower,0,2,6,4,12,0,0,28,3,31,0,2,34,7,43,24,8,32,75
05/14/2021,ORH,MA,ANE,EN,Federal Contract Tower,0,2,5,0,7,0,0,34,2,36,0,2,39,2,43,14,0,14,57
05/15/2021,ORH,MA,ANE,EN,Federal Contract Tower,0,4,5,0,9,0,0,70,2,72,0,4,75,2,81,64,0,64,145
05/16/2021,ORH,MA,ANE,EN,Federal Contract Tower,0,2,4,0,6,0,22,2,0,24,0,24,6,0,30,12,6,18,48
05/17/2021,ORH,MA,ANE,EN,Federal Contract Tower,0,7,6,0,13,0,4,16,0,20,0,11,22,0,33,20,0,20,53
05/18/2021,ORH,MA,ANE,EN,Federal Contract Tower,0,3,9,0,12,0,2,17,4,23,0,5,26,4,35,22,0,22,57
05/19/2021,ORH,MA,ANE,EN,Federal Contract Tower,0,1,5,3,9,0,2,26,3,31,0,3,31,6,40,34,4,38,78
05/20/2021,ORH,MA,ANE,EN,Federal Contract Tower,0,2,12,4,18,0,0,20,0,20,0,2,32,4,38,36,0,36,74
05/21/2021,ORH,MA,ANE,EN,Federal Contract Tower,0,6,2,0,8,0,3,36,0,39,0,9,38,0,47,32,0,32,79
05/22/2021,ORH,MA,ANE,EN,Federal Contract Tower,0,5,4,0,9,0,0,30,2,32,0,5,34,2,41,14,6,20,61
05/23/2021,ORH,MA,ANE,EN,Federal Contract Tower,0,4,7,0,11,0,2,34,0,36,0,6,41,0,47,28,0,28,75
05/24/2021,ORH,MA,ANE,EN,Federal Contract Tower,0,2,6,0,8,0,0,10,0,10,0,2,16,0,18,0,0,0,18
05/25/2021,ORH,MA,ANE,EN,Federal Contract Tower,0,0,11,0,11,0,0,9,6,15,0,0,20,6,26,0,0,0,26
05/26/2021,ORH,MA,ANE,EN,Federal Contract Tower,0,0,7,0,7,0,0,8,1,9,0,0,15,1,16,12,2,14,30
05/27/2021,ORH,MA,ANE,EN,Federal Contract Tower,0,2,6,0,8,0,0,24,2,26,0,2,30,2,34,24,0,24,58
05/28/2021,ORH,MA,ANE,EN,Federal Contract Tower,0,2,12,0,14,0,0,29,0,29,0,2,41,0,43,50,0,50,93
05/29/2021,ORH,MA,ANE,EN,Federal Contract Tower,0,2,2,0,4,0,0,0,0,0,0,2,2,0,4,0,0,0,4
05/30/2021,ORH,MA,ANE,EN,Federal Contract Tower,0,2,4,0,6,0,0,0,0,0,0,2,4,0,6,0,0,0,6
05/31/2021,ORH,MA,ANE,EN,Federal Contract Tower,0,0,17,0,17,0,0,3,0,3,0,0,20,0,20,0,0,0,20
06/01/2021,ORH,MA,ANE,EN,Federal Contract Tower,0,4,10,2,16,0,0,25,0,25,0,4,35,2,41,56,0,56,97
06/02/2021,ORH,MA,ANE,EN,Federal Contract Tower,0,0,16,6,22,0,2,28,0,30,0,2,44,6,52,56,0,56,108
06/03/2021,ORH,MA,ANE,EN,Federal Contract Tower,0,4,9,0,13,0,0,0,0,0,0,4,9,0,13,2,0,2,15
06/04/2021,ORH,MA,ANE,EN,Federal Contract Tower,0,2,10,0,12,0,0,1,0,1,0,2,11,0,13,0,0,0,13
06/05/2021,ORH,MA,ANE,EN,Federal Contract Tower,0,5,6,0,11,0,1,30,0,31,0,6,36,0,42,60,0,60,102
06/06/2021,ORH,MA,ANE,EN,Federal Contract Tower,0,0,15,0,15,0,2,29,0,31,0,2,44,0,46,36,0,36,82
06/07/2021,ORH,MA,ANE,EN,Federal Contract Tower,0,0,17,0,17,0,0,23,0,23,0,0,40,0,40,32,0,32,72
06/08/2021,ORH,MA,ANE,EN,Federal Contract Tower,0,2,8,4,14,0,2,2,0,4,0,4,10,4,18,2,4,6,24
06/09/2021,ORH,MA,ANE,EN,Federal Contract Tower,0,4,21,0,25,0,1,20,0,21,0,5,41,0,46,68,0,68,114
06/10/2021,ORH,MA,ANE,EN,Federal Contract Tower,0,2,11,0,13,0,2,99,0,101,0,4,110,0,114,94,0,94,208
06/11/2021,ORH,MA,ANE,EN,Federal Contract Tower,0,4,3,0,7,0,0,39,1,40,0,4,42,1,47,66,2,68,115
06/12/2021,ORH,MA,ANE,EN,Federal Contract Tower,0,3,12,0,15,0,0,21,0,21,0,3,33,0,36,4,0,4,40
06/13/2021,ORH,MA,ANE,EN,Federal Contract Tower,0,2,10,0,12,0,0,56,0,56,0,2,66,0,68,42,0,42,110
06/14/2021,ORH,MA,ANE,EN,Federal Contract Tower,0,0,13,0,13,0,0,0,0,0,0,0,13,0,13,0,0,0,13
06/15/2021,ORH,MA,ANE,EN,Federal Contract Tower,0,2,15,0,17,0,0,0,0,0,0,2,15,0,17,2,0,2,19
06/16/2021,ORH,MA,ANE,EN,Federal Contract Tower,0,0,10,8,18,0,0,43,2,45,0,0,53,10,63,80,8,88,151
06/17/2021,ORH,MA,ANE,EN,Federal Contract Tower,0,7,10,4,21,0,2,53,3,58,0,9,63,7,79,68,0,68,147
06/18/2021,ORH,MA,ANE,EN,Federal Contract Tower,0,3,5,0,8,0,0,34,0,34,0,3,39,0,42,34,0,34,76
06/19/2021,ORH,MA,ANE,EN,Federal Contract Tower,0,4,1,2,7,0,0,39,0,39,0,4,40,2,46,58,6,64,110
06/20/2021,ORH,MA,ANE,EN,Federal Contract Tower,0,0,5,2,7,0,0,50,1,51,0,0,55,3,58,62,6,68,126
06/21/2021,ORH,MA,ANE,EN,Federal Contract Tower,0,0,10,0,10,0,0,11,2,13,0,0,21,2,23,18,0,18,41
06/22/2021,ORH,MA,ANE,EN,Federal Contract Tower,0,1,7,0,8,0,0,7,2,9,0,1,14,2,17,2,0,2,19
06/23/2021,ORH,MA,ANE,EN,Federal Contract Tower,0,3,15,8,26,0,0,40,8,48,0,3,55,16,74,82,0,82,156
06/24/2021,ORH,MA,ANE,EN,Federal Contract Tower,0,2,12,0,14,0,0,31,0,31,0,2,43,0,45,50,0,50,95
06/25/2021,ORH,MA,ANE,EN,Federal Contract Tower,0,0,9,0,9,0,0,1,0,1,0,0,10,0,10,0,0,0,10
06/26/2021,ORH,MA,ANE,EN,Federal Contract Tower,0,4,7,0,11,0,0,6,0,6,0,4,13,0,17,6,0,6,23
06/27/2021,ORH,MA,ANE,EN,Federal Contract Tower,0,4,6,0,10,0,0,9,0,9,0,4,15,0,19,0,0,0,19
06/28/2021,ORH,MA,ANE,EN,Federal Contract Tower,0,0,13,0,13,0,0,28,0,28,0,0,41,0,41,32,0,32,73
06/29/2021,ORH,MA,ANE,EN,Federal Contract Tower,0,3,11,0,14,0,0,25,0,25,0,3,36,0,39,18,0,18,57
06/30/2021,ORH,MA,ANE,EN,Federal Contract Tower,0,4,2,0,6,0,0,24,0,24,0,4,26,0,30,46,0,46,76
07/01/2021,ORH,MA,ANE,EN,Federal Contract Tower,0,1,12,0,13,0,1,6,0,7,0,2,18,0,20,28,0,28,48
07/02/2021,ORH,MA,ANE,EN,Federal Contract Tower,0,3,4,0,7,0,0,0,0,0,0,3,4,0,7,0,0,0,7
07/03/2021,ORH,MA,ANE,EN,Federal Contract Tower,0,7,13,0,20,0,0,0,0,0,0,7,13,0,20,0,0,0,20
07/04/2021,ORH,MA,ANE,EN,Federal Contract Tower,0,3,4,0,7,0,0,4,0,4,0,3,8,0,11,2,0,2,13
07/05/2021,ORH,MA,ANE,EN,Federal Contract Tower,0,2,9,0,11,0,0,20,0,20,0,2,29,0,31,12,0,12,43
07/06/2021,ORH,MA,ANE,EN,Federal Contract Tower,0,0,4,0,4,0,0,14,0,14,0,0,18,0,18,6,0,6,24
07/07/2021,ORH,MA,ANE,EN,Federal Contract Tower,0,0,16,0,16,0,0,37,2,39,0,0,53,2,55,14,0,14,69
07/08/2021,ORH,MA,ANE,EN,Federal Contract Tower,0,0,2,12,14,0,0,1,0,1,0,0,3,12,15,2,0,2,17
07/09/2021,ORH,MA,ANE,EN,Federal Contract Tower,0,0,8,0,8,0,0,1,0,1,0,0,9,0,9,0,0,0,9
07/10/2021,ORH,MA,ANE,EN,Federal Contract Tower,0,2,11,0,13,0,0,23,0,23,0,2,34,0,36,16,0,16,52
07/11/2021,ORH,MA,ANE,EN,Federal Contract Tower,0,3,9,0,12,0,0,12,0,12,0,3,21,0,24,2,0,2,26
07/12/2021,ORH,MA,ANE,EN,Federal Contract Tower,0,5,4,0,9,0,0,0,0,0,0,5,4,0,9,0,0,0,9
07/13/2021,ORH,MA,ANE,EN,Federal Contract Tower,0,6,16,0,22,0,0,0,0,0,0,6,16,0,22,0,0,0,22
07/14/2021,ORH,MA,ANE,EN,Federal Contract Tower,0,1,3,6,10,0,3,0,0,3,0,4,3,6,13,0,0,0,13
07/15/2021,ORH,MA,ANE,EN,Federal Contract Tower,0,4,5,21,30,0,0,64,4,68,0,4,69,25,98,44,22,66,164
07/16/2021,ORH,MA,ANE,EN,Federal Contract Tower,0,1,7,0,8,0,0,23,0,23,0,1,30,0,31,6,0,6,37
07/17/2021,ORH,MA,ANE,EN,Federal Contract Tower,0,5,3,0,8,0,0,21,0,21,0,5,24,0,29,24,0,24,53
07/18/2021,ORH,MA,ANE,EN,Federal Contract Tower,0,0,2,0,2,0,0,0,0,0,0,0,2,0,2,0,0,0,2
07/19/2021,ORH,MA,ANE,EN,Federal Contract Tower,0,0,17,0,17,0,0,2,0,2,0,0,19,0,19,0,0,0,19
07/20/2021,ORH,MA,ANE,EN,Federal Contract Tower,0,7,13,0,20,0,1,25,2,28,0,8,38,2,48,0,0,0,48
07/21/2021,ORH,MA,ANE,EN,Federal Contract Tower,0,6,4,5,15,0,0,12,0,12,0,6,16,5,27,28,0,28,55
07/22/2021,ORH,MA,ANE,EN,Federal Contract Tower,0,8,6,0,14,0,0,47,2,49,0,8,53,2,63,44,22,66,129
07/23/2021,ORH,MA,ANE,EN,Federal Contract Tower,0,1,1,8,10,0,0,28,0,28,0,1,29,8,38,42,0,42,80
07/24/2021,ORH,MA,ANE,EN,Federal Contract Tower,0,5,0,0,5,0,0,50,0,50,0,5,50,0,55,60,0,60,115
07/25/2021,ORH,MA,ANE,EN,Federal Contract Tower,0,1,7,0,8,0,1,0,0,1,0,2,7,0,9,2,0,2,11
07/26/2021,ORH,MA,ANE,EN,Federal Contract Tower,0,3,16,0,19,0,0,35,0,35,0,3,51,0,54,24,0,24,78
07/27/2021,ORH,MA,ANE,EN,Federal Contract Tower,0,2,14,0,16,0,2,32,4,38,0,4,46,4,54,26,0,26,80
07/28/2021,ORH,MA,ANE,EN,Federal Contract Tower,0,0,8,0,8,0,0,3,0,3,0,0,11,0,11,0,0,0,11
07/29/2021,ORH,MA,ANE,EN,Federal Contract Tower,0,2,4,0,6,0,0,6,2,8,0,2,10,2,14,4,0,4,18
07/30/2021,ORH,MA,ANE,EN,Federal Contract Tower,0,4,3,0,7,0,0,15,0,15,0,4,18,0,22,18,0,18,40
07/31/2021,ORH,MA,ANE,EN,Federal Contract Tower,0,3,9,0,12,0,1,63,0,64,0,4,72,0,76,102,0,102,178
08/01/2021,ORH,MA,ANE,EN,Federal Contract Tower,0,1,10,0,11,0,0,40,0,40,0,1,50,0,51,12,0,12,63
08/02/2021,ORH,MA,ANE,EN,Federal Contract Tower,0,4,7,0,11,0,2,23,0,25,0,6,30,0,36,36,0,36,72
08/03/2021,ORH,MA,ANE,EN,Federal Contract Tower,0,4,25,6,35,0,0,31,2,33,0,4,56,8,68,24,0,24,92
08/04/2021,ORH,MA,ANE,EN,Federal Contract Tower,0,2,9,0,11,0,0,32,0,32,0,2,41,0,43,44,0,44,87
08/05/2021,ORH,MA,ANE,EN,Federal Contract Tower,0,2,6,0,8,0,0,0,0,0,0,2,6,0,8,2,0,2,10
08/06/2021,ORH,MA,ANE,EN,Federal Contract Tower,0,0,3,2,5,0,2,74,6,82,0,2,77,8,87,100,0,100,187
08/07/2021,ORH,MA,ANE,EN,Federal Contract Tower,0,1,0,0,1,0,1,64,0,65,0,2,64,0,66,62,0,62,128
08/08/2021,ORH,MA,ANE,EN,Federal Contract Tower,0,2,3,0,5,0,1,19,0,20,0,3,22,0,25,36,0,36,61
08/09/2021,ORH,MA,ANE,EN,Federal Contract Tower,0,5,11,0,16,0,0,0,0,0,0,5,11,0,16,0,0,0,16
08/10/2021,ORH,MA,ANE,EN,Federal Contract Tower,0,3,15,1,19,0,0,1,4,5,0,3,16,5,24,0,0,0,24
08/11/2021,ORH,MA,ANE,EN,Federal Contract Tower,0,1,3,0,4,0,0,25,1,26,0,1,28,1,30,64,10,74,104
08/12/2021,ORH,MA,ANE,EN,Federal Contract Tower,0,2,2,2,6,0,0,21,2,23,0,2,23,4,29,36,4,40,69
08/13/2021,ORH,MA,ANE,EN,Federal Contract Tower,0,3,5,0,8,0,0,49,0,49,0,3,54,0,57,12,0,12,69
08/14/2021,ORH,MA,ANE,EN,Federal Contract Tower,0,2,3,0,5,0,0,27,0,27,0,2,30,0,32,28,0,28,60
08/15/2021,ORH,MA,ANE,EN,Federal Contract Tower,0,5,3,0,8,0,0,40,0,40,0,5,43,0,48,58,0,58,106
08/16/2021,ORH,MA,ANE,EN,Federal Contract Tower,0,3,4,0,7,0,2,21,0,23,0,5,25,0,30,16,0,16,46
08/17/2021,ORH,MA,ANE,EN,Federal Contract Tower,0,4,19,0,23,0,2,14,2,18,0,6,33,2,41,8,4,12,53
08/18/2021,ORH,MA,ANE,EN,Federal Contract Tower,0,2,3,6,11,0,0,6,0,6,0,2,9,6,17,4,0,4,21
08/19/2021,ORH,MA,ANE,EN,Federal Contract Tower,0,3,4,3,10,0,0,0,0,0,0,3,4,3,10,4,2,6,16
08/20/2021,ORH,MA,ANE,EN,Federal Contract Tower,1,2,17,0,20,0,0,5,0,5,1,2,22,0,25,0,0,0,25
08/21/2021,ORH,MA,ANE,EN,Federal Contract Tower,2,3,3,0,8,0,2,15,0,17,2,5,18,0,25,24,0,24,49
08/22/2021,ORH,MA,ANE,EN,Federal Contract Tower,2,0,0,0,2,0,0,0,0,0,2,0,0,0,2,0,0,0,2
08/23/2021,ORH,MA,ANE,EN,Federal Contract Tower,2,4,4,0,10,0,0,0,0,0,2,4,4,0,10,0,0,0,10
08/24/2021,ORH,MA,ANE,EN,Federal Contract Tower,2,3,2,0,7,0,1,31,0,32,2,4,33,0,39,42,0,42,81
08/25/2021,ORH,MA,ANE,EN,Federal Contract Tower,1,1,2,0,4,0,0,28,0,28,1,1,30,0,32,34,0,34,66
08/26/2021,ORH,MA,ANE,EN,Federal Contract Tower,2,4,8,13,27,0,0,36,6,42,2,4,44,19,69,26,26,52,121
08/27/2021,ORH,MA,ANE,EN,Federal Contract Tower,1,2,2,0,5,0,0,43,0,43,1,2,45,0,48,38,0,38,86
08/28/2021,ORH,MA,ANE,EN,Federal Contract Tower,1,3,0,0,4,0,0,25,0,25,1,3,25,0,29,12,0,12,41
08/29/2021,ORH,MA,ANE,EN,Federal Contract Tower,2,5,9,0,16,0,0,5,0,5,2,5,14,0,21,4,0,4,25
08/30/2021,ORH,MA,ANE,EN,Federal Contract Tower,3,1,2,0,6,0,0,3,0,3,3,1,5,0,9,0,0,0,9
08/31/2021,ORH,MA,ANE,EN,Federal Contract Tower,2,5,4,6,17,0,0,49,6,55,2,5,53,12,72,40,0,40,112
09/01/2021,ORH,MA,ANE,EN,Federal Contract Tower,1,1,8,0,10,0,0,4,0,4,1,1,12,0,14,0,0,0,14
09/02/2021,ORH,MA,ANE,EN,Federal Contract Tower,1,2,1,0,4,0,0,4,0,4,1,2,5,0,8,10,0,10,18
09/03/2021,ORH,MA,ANE,EN,Federal Contract Tower,1,9,11,0,21,0,1,53,0,54,1,10,64,0,75,30,0,30,105
09/04/2021,ORH,MA,ANE,EN,Federal Contract Tower,2,7,4,0,13,0,1,45,0,46,2,8,49,0,59,36,0,36,95
09/05/2021,ORH,MA,ANE,EN,Federal Contract Tower,2,6,4,0,12,0,0,0,0,0,2,6,4,0,12,0,0,0,12
09/06/2021,ORH,MA,ANE,EN,Federal Contract Tower,1,6,8,2,17,0,0,48,0,48,1,6,56,2,65,18,0,18,83
09/07/2021,ORH,MA,ANE,EN,Federal Contract Tower,2,3,7,0,12,0,0,29,0,29,2,3,36,0,41,48,0,48,89
09/08/2021,ORH,MA,ANE,EN,Federal Contract Tower,2,4,7,2,15,0,0,10,0,10,2,4,17,2,25,14,0,14,39
09/09/2021,ORH,MA,ANE,EN,Federal Contract Tower,2,0,9,0,11,0,0,0,0,0,2,0,9,0,11,0,0,0,11
09/10/2021,ORH,MA,ANE,EN,Federal Contract Tower,2,3,12,0,17,0,3,44,0,47,2,6,56,0,64,48,0,48,112
09/11/2021,ORH,MA,ANE,EN,Federal Contract Tower,2,5,6,1,14,0,1,64,3,68,2,6,70,4,82,114,14,128,210
09/12/2021,ORH,MA,ANE,EN,Federal Contract Tower,1,10,4,0,15,0,3,35,0,38,1,13,39,0,53,20,0,20,73
09/13/2021,ORH,MA,ANE,EN,Federal Contract Tower,1,2,3,0,6,0,0,34,0,34,1,2,37,0,40,8,0,8,48
09/14/2021,ORH,MA,ANE,EN,Federal Contract Tower,2,0,2,4,8,0,0,39,2,41,2,0,41,6,49,50,8,58,107
09/15/2021,ORH,MA,ANE,EN,Federal Contract Tower,2,0,18,6,26,0,0,2,0,2,2,0,20,6,28,0,0,0,28
09/16/2021,ORH,MA,ANE,EN,Federal Contract Tower,2,2,18,10,32,0,0,0,0,0,2,2,18,10,32,6,0,6,38
09/17/2021,ORH,MA,ANE,EN,Federal Contract Tower,2,2,14,0,18,0,0,1,0,1,2,2,15,0,19,0,0,0,19
09/18/2021,ORH,MA,ANE,EN,Federal Contract Tower,2,2,12,0,16,0,2,15,0,17,2,4,27,0,33,56,0,56,89
09/19/2021,ORH,MA,ANE,EN,Federal Contract Tower,1,5,3,0,9,0,1,67,0,68,1,6,70,0,77,96,0,96,173
09/20/2021,ORH,MA,ANE,EN,Federal Contract Tower,2,2,7,0,11,0,4,62,0,66,2,6,69,0,77,80,0,80,157
09/21/2021,ORH,MA,ANE,EN,Federal Contract Tower,2,0,7,2,11,0,0,16,2,18,2,0,23,4,29,24,0,24,53
09/22/2021,ORH,MA,ANE,EN,Federal Contract Tower,2,0,16,0,18,0,0,0,0,0,2,0,16,0,18,0,0,0,18
09/23/2021,ORH,MA,ANE,EN,Federal Contract Tower,1,2,9,0,12,0,0,3,0,3,1,2,12,0,15,0,0,0,15
09/24/2021,ORH,MA,ANE,EN,Federal Contract Tower,0,5,9,0,14,0,0,0,0,0,0,5,9,0,14,0,0,0,14
09/25/2021,ORH,MA,ANE,EN,Federal Contract Tower,1,1,11,0,13,0,5,71,0,76,1,6,82,0,89,56,0,56,145
09/26/2021,ORH,MA,ANE,EN,Federal Contract Tower,2,1,16,0,19,0,5,29,0,34,2,6,45,0,53,22,0,22,75
09/27/2021,ORH,MA,ANE,EN,Federal Contract Tower,2,0,8,0,10,0,0,18,0,18,2,0,26,0,28,8,0,8,36
09/28/2021,ORH,MA,ANE,EN,Federal Contract Tower,1,0,3,0,4,0,0,5,0,5,1,0,8,0,9,0,0,0,9
09/29/2021,ORH,MA,ANE,EN,Federal Contract Tower,2,2,14,0,18,0,0,46,0,46,2,2,60,0,64,38,0,38,102
09/30/2021,ORH,MA,ANE,EN,Federal Contract Tower,2,2,5,6,15,0,0,33,0,33,2,2,38,6,48,28,0,28,76
10/01/2021,ORH,MA,ANE,EN,Federal Contract Tower,1,1,13,0,15,0,0,66,0,66,1,1,79,0,81,38,0,38,119
10/02/2021,ORH,MA,ANE,EN,Federal Contract Tower,2,4,7,0,13,0,0,33,0,33,2,4,40,0,46,28,0,28,74
10/03/2021,ORH,MA,ANE,EN,Federal Contract Tower,2,13,11,0,26,0,0,20,0,20,2,13,31,0,46,18,0,18,64
10/04/2021,ORH,MA,ANE,EN,Federal Contract Tower,2,5,7,0,14,0,0,0,0,0,2,5,7,0,14,0,0,0,14
10/05/2021,ORH,MA,ANE,EN,Federal Contract Tower,1,4,30,0,35,0,0,0,0,0,1,4,30,0,35,0,0,0,35
10/06/2021,ORH,MA,ANE,EN,Federal Contract Tower,2,3,8,1,14,0,0,35,1,36,2,3,43,2,50,34,0,34,84
10/07/2021,ORH,MA,ANE,EN,Federal Contract Tower,2,6,6,0,14,0,0,50,0,50,2,6,56,0,64,81,0,81,145
10/08/2021,ORH,MA,ANE,EN,Federal Contract Tower,2,6,10,0,18,0,0,51,1,52,2,6,61,1,70,34,2,36,106
10/09/2021,ORH,MA,ANE,EN,Federal Contract Tower,2,2,11,0,15,0,0,5,0,5,2,2,16,0,20,12,0,12,32
10/10/2021,ORH,MA,ANE,EN,Federal Contract Tower,1,14,12,0,27,0,0,0,0,0,1,14,12,0,27,0,0,0,27
10/11/2021,ORH,MA,ANE,EN,Federal Contract Tower,2,8,20,0,30,0,4,17,0,21,2,12,37,0,51,2,0,2,53
10/12/2021,ORH,MA,ANE,EN,Federal Contract Tower,2,2,5,0,9,0,0,27,0,27,2,2,32,0,36,9,0,9,45
10/13/2021,ORH,MA,ANE,EN,Federal Contract Tower,2,3,12,0,17,0,2,22,0,24,2,5,34,0,41,30,0,30,71
10/14/2021,ORH,MA,ANE,EN,Federal Contract Tower,2,4,12,0,18,0,0,38,12,50,2,4,50,12,68,14,30,44,112
10/15/2021,ORH,MA,ANE,EN,Federal Contract Tower,2,4,15,0,21,0,0,20,0,20,2,4,35,0,41,10,0,10,51
10/16/2021,ORH,MA,ANE,EN,Federal Contract Tower,2,4,11,0,17,0,0,2,0,2,2,4,13,0,19,0,0,0,19
10/17/2021,ORH,MA,ANE,EN,Federal Contract Tower,2,2,13,0,17,0,2,31,0,33,2,4,44,0,50,18,0,18,68
10/18/2021,ORH,MA,ANE,EN,Federal Contract Tower,2,1,8,0,11,0,0,14,0,14,2,1,22,0,25,16,0,16,41
10/19/2021,ORH,MA,ANE,EN,Federal Contract Tower,2,4,10,0,16,0,0,12,0,12,2,4,22,0,28,4,0,4,32
10/20/2021,ORH,MA,ANE,EN,Federal Contract Tower,3,1,14,0,18,0,2,41,0,43,3,3,55,0,61,48,0,48,109
10/21/2021,ORH,MA,ANE,EN,Federal Contract Tower,5,2,11,0,18,0,4,38,0,42,5,6,49,0,60,32,0,32,92
10/22/2021,ORH,MA,ANE,EN,Federal Contract Tower,6,8,20,0,34,0,0,50,0,50,6,8,70,0,84,56,0,56,140
10/23/2021,ORH,MA,ANE,EN,Federal Contract Tower,6,7,14,0,27,0,2,57,2,61,6,9,71,2,88,16,8,24,112
10/24/2021,ORH,MA,ANE,EN,Federal Contract Tower,6,7,10,0,23,0,2,44,0,46,6,9,54,0,69,46,0,46,115
10/25/2021,ORH,MA,ANE,EN,Federal Contract Tower,5,2,3,0,10,0,0,0,0,0,5,2,3,0,10,0,0,0,10
10/26/2021,ORH,MA,ANE,EN,Federal Contract Tower,6,1,2,0,9,0,0,0,0,0,6,1,2,0,9,0,0,0,9
10/27/2021,ORH,MA,ANE,EN,Federal Contract Tower,5,3,2,0,10,0,0,0,0,0,5,3,2,0,10,0,0,0,10
10/28/2021,ORH,MA,ANE,EN,Federal Contract Tower,6,4,15,2,27,0,0,9,2,11,6,4,24,4,38,6,0,6,44
10/29/2021,ORH,MA,ANE,EN,Federal Contract Tower,6,4,9,2,21,0,0,5,0,5,6,4,14,2,26,2,0,2,28
10/30/2021,ORH,MA,ANE,EN,Federal Contract Tower,6,2,3,0,11,0,0,0,0,0,6,2,3,0,11,0,0,0,11
10/31/2021,ORH,MA,ANE,EN,Federal Contract Tower,6,7,19,0,32,0,0,9,0,9,6,7,28,0,41,22,0,22,63
11/01/2021,ORH,MA,ANE,EN,Federal Contract Tower,8,2,10,0,20,0,0,17,0,17,8,2,27,0,37,4,0,4,41
11/02/2021,ORH,MA,ANE,EN,Federal Contract Tower,9,4,16,2,31,0,0,48,0,48,9,4,64,2,79,66,0,66,145
11/03/2021,ORH,MA,ANE,EN,Federal Contract Tower,7,5,16,0,28,0,0,37,0,37,7,5,53,0,65,44,0,44,109
11/04/2021,ORH,MA,ANE,EN,Federal Contract Tower,6,4,5,2,17,0,2,26,3,31,6,6,31,5,48,32,2,34,82
11/05/2021,ORH,MA,ANE,EN,Federal Contract Tower,5,6,9,2,22,0,0,37,0,37,5,6,46,2,59,46,0,46,105
11/06/2021,ORH,MA,ANE,EN,Federal Contract Tower,9,2,9,0,20,0,6,50,0,56,9,8,59,0,76,64,0,64,140
11/07/2021,ORH,MA,ANE,EN,Federal Contract Tower,10,3,11,0,24,0,1,53,0,54,10,4,64,0,78,64,0,64,142
11/08/2021,ORH,MA,ANE,EN,Federal Contract Tower,8,3,7,0,18,0,0,13,0,13,8,3,20,0,31,40,0,40,71
11/09/2021,ORH,MA,ANE,EN,Federal Contract Tower,7,8,12,2,29,0,0,33,0,33,7,8,45,2,62,0,0,0,62
11/10/2021,ORH,MA,ANE,EN,Federal Contract Tower,5,8,7,0,20,0,11,20,0,31,5,19,27,0,51,6,0,6,57
11/11/2021,ORH,MA,ANE,EN,Federal Contract Tower,6,8,10,0,24,0,0,55,0,55,6,8,65,0,79,64,0,64,143
11/12/2021,ORH,MA,ANE,EN,Federal Contract Tower,7,3,14,0,24,0,0,0,0,0,7,3,14,0,24,0,0,0,24
11/13/2021,ORH,MA,ANE,EN,Federal Contract Tower,7,4,1,0,12,0,0,24,0,24,7,4,25,0,36,40,0,40,76
11/14/2021,ORH,MA,ANE,EN,Federal Contract Tower,10,4,4,0,18,0,2,43,0,45,10,6,47,0,63,24,0,24,87
11/15/2021,ORH,MA,ANE,EN,Federal Contract Tower,11,2,6,0,19,0,0,10,0,10,11,2,16,0,29,6,0,6,35
11/16/2021,ORH,MA,ANE,EN,Federal Contract Tower,10,5,18,7,40,4,1,8,4,17,14,6,26,11,57,17,6,23,80
11/17/2021,ORH,MA,ANE,EN,Federal Contract Tower,4,6,18,2,30,0,4,28,0,32,4,10,46,2,62,50,0,50,112
11/18/2021,ORH,MA,ANE,EN,Federal Contract Tower,6,6,29,0,41,0,0,10,0,10,6,6,39,0,51,32,0,32,83
11/19/2021,ORH,MA,ANE,EN,Federal Contract Tower,3,6,17,0,26,0,0,5,2,7,3,6,22,2,33,10,28,38,71
11/20/2021,ORH,MA,ANE,EN,Federal Contract Tower,5,5,1,0,11,0,0,51,2,53,5,5,52,2,64,63,0,63,127
11/21/2021,ORH,MA,ANE,EN,Federal Contract Tower,10,4,4,0,18,0,0,31,0,31,10,4,35,0,49,32,0,32,81
11/22/2021,ORH,MA,ANE,EN,Federal Contract Tower,6,6,5,1,18,0,0,6,0,6,6,6,11,1,24,6,6,12,36
11/23/2021,ORH,MA,ANE,EN,Federal Contract Tower,5,16,13,2,36,0,0,17,0,17,5,16,30,2,53,40,0,40,93
11/24/2021,ORH,MA,ANE,EN,Federal Contract Tower,7,6,14,0,27,0,0,29,0,29,7,6,43,0,56,0,0,0,56
11/25/2021,ORH,MA,ANE,EN,Federal Contract Tower,4,2,2,0,8,0,1,6,0,7,4,3,8,0,15,26,0,26,41
11/26/2021,ORH,MA,ANE,EN,Federal Contract Tower,6,6,3,0,15,0,0,1,0,1,6,6,4,0,16,0,0,0,16
11/27/2021,ORH,MA,ANE,EN,Federal Contract Tower,4,6,7,0,17,0,0,1,0,1,4,6,8,0,18,2,0,2,20
11/28/2021,ORH,MA,ANE,EN,Federal Contract Tower,10,6,11,0,27,0,0,54,0,54,10,6,65,0,81,24,0,24,105
11/29/2021,ORH,MA,ANE,EN,Federal Contract Tower,7,5,4,0,16,0,0,12,0,12,7,5,16,0,28,22,0,22,50
11/30/2021,ORH,MA,ANE,EN,Federal Contract Tower,10,5,23,0,38,0,0,16,0,16,10,5,39,0,54,34,0,34,88
12/01/2021,ORH,MA,ANE,EN,Federal Contract Tower,5,9,17,1,32,0,0,14,2,16,5,9,31,3,48,22,30,52,100
12/03/2021,ORH,MA,ANE,EN,Federal Contract Tower,11,2,7,0,20,0,0,4,0,4,11,2,11,0,24,8,0,8,32
12/04/2021,ORH,MA,ANE,EN,Federal Contract Tower,8,0,7,0,15,0,4,46,0,50,8,4,53,0,65,56,0,56,121
12/05/2021,ORH,MA,ANE,EN,Federal Contract Tower,7,4,16,0,27,0,0,34,0,34,7,4,50,0,61,36,0,36,97
12/06/2021,ORH,MA,ANE,EN,Federal Contract Tower,10,2,4,0,16,0,0,0,0,0,10,2,4,0,16,0,0,0,16
12/07/2021,ORH,MA,ANE,EN,Federal Contract Tower,4,13,23,3,43,0,0,15,2,17,4,13,38,5,60,38,0,38,98
12/08/2021,ORH,MA,ANE,EN,Federal Contract Tower,4,8,8,6,26,0,0,4,0,4,4,8,12,6,30,24,16,40,70
12/09/2021,ORH,MA,ANE,EN,Federal Contract Tower,8,6,9,6,29,0,2,11,0,13,8,8,20,6,42,30,0,30,72
12/10/2021,ORH,MA,ANE,EN,Federal Contract Tower,7,5,12,0,24,0,0,21,0,21,7,5,33,0,45,42,0,42,87
12/11/2021,ORH,MA,ANE,EN,Federal Contract Tower,6,4,2,0,12,0,0,0,0,0,6,4,2,0,12,0,0,0,12
12/12/2021,ORH,MA,ANE,EN,Federal Contract Tower,8,6,17,0,31,0,0,26,0,26,8,6,43,0,57,6,4,10,67
12/13/2021,ORH,MA,ANE,EN,Federal Contract Tower,10,5,6,6,27,0,0,16,2,18,10,5,22,8,45,14,0,14,59
12/14/2021,ORH,MA,ANE,EN,Federal Contract Tower,7,7,18,2,34,0,2,24,0,26,7,9,42,2,60,40,0,40,100
12/15/2021,ORH,MA,ANE,EN,Federal Contract Tower,4,9,6,2,21,0,0,18,8,26,4,9,24,10,47,62,0,62,109
12/16/2021,ORH,MA,ANE,EN,Federal Contract Tower,6,9,8,0,23,0,2,15,3,20,6,11,23,3,43,38,8,46,89
12/17/2021,ORH,MA,ANE,EN,Federal Contract Tower,7,3,10,0,20,0,0,5,1,6,7,3,15,1,26,4,2,6,32
12/18/2021,ORH,MA,ANE,EN,Federal Contract Tower,5,6,2,0,13,0,0,2,0,2,5,6,4,0,15,4,0,4,19
12/19/2021,ORH,MA,ANE,EN,Federal Contract Tower,7,11,8,0,26,0,0,0,0,0,7,11,8,0,26,0,0,0,26
12/20/2021,ORH,MA,ANE,EN,Federal Contract Tower,9,3,9,0,21,0,0,25,0,25,9,3,34,0,46,18,0,18,64
12/21/2021,ORH,MA,ANE,EN,Federal Contract Tower,4,11,21,5,41,0,0,17,2,19,4,11,38,7,60,48,0,48,108
12/22/2021,ORH,MA,ANE,EN,Federal Contract Tower,6,10,6,0,22,0,0,1,0,1,6,10,7,0,23,0,0,0,23
12/23/2021,ORH,MA,ANE,EN,Federal Contract Tower,2,5,4,0,11,0,0,11,0,11,2,5,15,0,22,12,0,12,34
12/24/2021,ORH,MA,ANE,EN,Federal Contract Tower,6,2,2,0,10,0,0,0,0,0,6,2,2,0,10,0,0,0,10
12/25/2021,ORH,MA,ANE,EN,Federal Contract Tower,5,4,0,0,9,0,0,0,0,0,5,4,0,0,9,0,0,0,9
12/26/2021,ORH,MA,ANE,EN,Federal Contract Tower,7,6,4,0,17,0,0,0,0,0,7,6,4,0,17,0,0,0,17
12/27/2021,ORH,MA,ANE,EN,Federal Contract Tower,5,4,17,0,26,0,0,12,0,12,5,4,29,0,38,22,0,22,60
12/28/2021,ORH,MA,ANE,EN,Federal Contract Tower,5,8,9,0,22,0,4,0,0,4,5,12,9,0,26,18,0,18,44
12/29/2021,ORH,MA,ANE,EN,Federal Contract Tower,6,7,0,0,13,0,0,0,0,0,6,7,0,0,13,0,0,0,13
12/30/2021,ORH,MA,ANE,EN,Federal Contract Tower,5,5,6,0,16,0,0,0,0,0,5,5,6,0,16,0,0,0,16
12/31/2021,ORH,MA,ANE,EN,Federal Contract Tower,2,2,4,0,8,0,0,0,0,0,2,2,4,0,8,0,0,0,8
01/01/2022,ORH,MA,ANE,EN,Federal Contract Tower,6,0,2,0,8,0,0,0,0,0,6,0,2,0,8,0,0,0,8
01/02/2022,ORH,MA,ANE,EN,Federal Contract Tower,6,4,9,0,19,0,0,0,0,0,6,4,9,0,19,0,0,0,19
01/03/2022,ORH,MA,ANE,EN,Federal Contract Tower,4,4,4,0,12,0,0,11,0,11,4,4,15,0,23,0,0,0,23
01/04/2022,ORH,MA,ANE,EN,Federal Contract Tower,3,5,6,2,16,0,1,21,0,22,3,6,27,2,38,60,4,64,102
01/05/2022,ORH,MA,ANE,EN,Federal Contract Tower,6,6,2,0,14,0,0,0,0,0,6,6,2,0,14,0,0,0,14
01/06/2022,ORH,MA,ANE,EN,Federal Contract Tower,5,5,4,0,14,0,0,20,0,20,5,5,24,0,34,6,0,6,40
01/07/2022,ORH,MA,ANE,EN,Federal Contract Tower,3,3,3,0,9,0,0,0,0,0,3,3,3,0,9,0,0,0,9
01/08/2022,ORH,MA,ANE,EN,Federal Contract Tower,8,2,9,3,22,0,1,30,0,31,8,3,39,3,53,34,0,34,87
01/09/2022,ORH,MA,ANE,EN,Federal Contract Tower,7,6,2,0,15,0,0,0,0,0,7,6,2,0,15,0,0,0,15
01/10/2022,ORH,MA,ANE,EN,Federal Contract Tower,5,7,4,0,16,0,0,4,0,4,5,7,8,0,20,0,0,0,20
01/11/2022,ORH,MA,ANE,EN,Federal Contract Tower,7,7,2,3,19,0,0,11,4,15,7,7,13,7,34,12,4,16,50
01/12/2022,ORH,MA,ANE,EN,Federal Contract Tower,6,8,5,0,19,0,0,3,2,5,6,8,8,2,24,0,0,0,24
01/13/2022,ORH,MA,ANE,EN,Federal Contract Tower,5,5,6,10,26,0,2,63,4,69,5,7,69,14,95,40,12,52,147
01/14/2022,ORH,MA,ANE,EN,Federal Contract Tower,7,12,1,0,20,0,0,6,0,6,7,12,7,0,26,0,0,0,26
01/15/2022,ORH,MA,ANE,EN,Federal Contract Tower,8,5,2,0,15,0,0,4,0,4,8,5,6,0,19,0,0,0,19
01/16/2022,ORH,MA,ANE,EN,Federal Contract Tower,5,8,25,0,38,0,0,39,0,39,5,8,64,0,77,26,0,26,103
01/17/2022,ORH,MA,ANE,EN,Federal Contract Tower,7,1,0,0,8,0,0,0,0,0,7,1,0,0,8,0,0,0,8
01/18/2022,ORH,MA,ANE,EN,Federal Contract Tower,6,14,0,6,26,0,1,0,0,1,6,15,0,6,27,0,0,0,27
01/19/2022,ORH,MA,ANE,EN,Federal Contract Tower,6,8,0,0,14,0,0,6,2,8,6,8,6,2,22,0,0,0,22
01/20/2022,ORH,MA,ANE,EN,Federal Contract Tower,6,4,3,0,13,0,2,8,6,16,6,6,11,6,29,0,2,2,31
01/21/2022,ORH,MA,ANE,EN,Federal Contract Tower,5,4,3,0,12,0,0,21,0,21,5,4,24,0,33,22,4,26,59
01/22/2022,ORH,MA,ANE,EN,Federal Contract Tower,3,2,6,0,11,0,1,24,0,25,3,3,30,0,36,48,0,48,84
01/23/2022,ORH,MA,ANE,EN,Federal Contract Tower,5,5,11,0,21,0,0,21,0,21,5,5,32,0,42,34,0,34,76
01/24/2022,ORH,MA,ANE,EN,Federal Contract Tower,9,2,6,0,17,0,0,18,0,18,9,2,24,0,35,30,0,30,65
01/25/2022,ORH,MA,ANE,EN,Federal Contract Tower,6,7,2,1,16,0,0,2,0,2,6,7,4,1,18,10,0,10,28
01/26/2022,ORH,MA,ANE,EN,Federal Contract Tower,5,6,12,7,30,0,0,25,4,29,5,6,37,11,59,24,10,34,93
01/27/2022,ORH,MA,ANE,EN,Federal Contract Tower,7,6,4,0,17,0,0,41,2,43,7,6,45,2,60,30,2,32,92
01/28/2022,ORH,MA,ANE,EN,Federal Contract Tower,4,7,0,0,11,0,0,10,0,10,4,7,10,0,21,12,0,12,33
01/29/2022,ORH,MA,ANE,EN,Federal Contract Tower,0,2,0,0,2,0,0,0,0,0,0,2,0,0,2,0,0,0,2
01/30/2022,ORH,MA,ANE,EN,Federal Contract Tower,0,5,4,0,9,0,2,2,2,6,0,7,6,2,15,4,4,8,23
01/31/2022,ORH,MA,ANE,EN,Federal Contract Tower,3,3,3,0,9,0,0,3,0,3,3,3,6,0,12,12,0,12,24
02/01/2022,ORH,MA,ANE,EN,Federal Contract Tower,7,6,7,0,20,0,0,8,0,8,7,6,15,0,28,6,0,6,34
02/02/2022,ORH,MA,ANE,EN,Federal Contract Tower,5,8,5,6,24,0,0,0,0,0,5,8,5,6,24,0,0,0,24
02/03/2022,ORH,MA,ANE,EN,Federal Contract Tower,2,2,2,0,6,0,0,0,0,0,2,2,2,0,6,0,0,0,6
02/04/2022,ORH,MA,ANE,EN,Federal Contract Tower,0,0,1,0,1,0,0,0,0,0,0,0,1,0,1,0,0,0,1
02/05/2022,ORH,MA,ANE,EN,Federal Contract Tower,2,2,7,0,11,0,0,2,0,2,2,2,9,0,13,0,0,0,13
02/06/2022,ORH,MA,ANE,EN,Federal Contract Tower,8,2,5,0,15,0,0,26,0,26,8,2,31,0,41,10,0,10,51
02/07/2022,ORH,MA,ANE,EN,Federal Contract Tower,7,2,0,0,9,0,0,0,0,0,7,2,0,0,9,0,0,0,9
02/08/2022,ORH,MA,ANE,EN,Federal Contract Tower,4,7,0,0,11,0,0,2,0,2,4,7,2,0,13,0,0,0,13
02/09/2022,ORH,MA,ANE,EN,Federal Contract Tower,6,8,12,0,26,0,0,45,2,47,6,8,57,2,73,38,16,54,127
02/10/2022,ORH,MA,ANE,EN,Federal Contract Tower,6,4,4,0,14,0,2,14,4,20,6,6,18,4,34,14,18,32,66
02/11/2022,ORH,MA,ANE,EN,Federal Contract Tower,7,6,8,3,24,0,0,32,1,33,7,6,40,4,57,28,0,28,85
02/12/2022,ORH,MA,ANE,EN,Federal Contract Tower,8,2,3,0,13,0,2,19,0,21,8,4,22,0,34,22,0,22,56
02/13/2022,ORH,MA,ANE,EN,Federal Contract Tower,5,8,2,0,15,0,0,0,0,0,5,8,2,0,15,0,0,0,15
02/14/2022,ORH,MA,ANE,EN,Federal Contract Tower,7,1,10,4,22,0,0,7,0,7,7,1,17,4,29,4,0,4,33
02/15/2022,ORH,MA,ANE,EN,Federal Contract Tower,6,14,23,2,45,0,0,31,0,31,6,14,54,2,76,42,4,46,122
02/16/2022,ORH,MA,ANE,EN,Federal Contract Tower,5,6,3,0,14,0,2,7,2,11,5,8,10,2,25,16,0,16,41
02/17/2022,ORH,MA,ANE,EN,Federal Contract Tower,6,9,3,0,18,0,0,8,0,8,6,9,11,0,26,0,0,0,26
02/18/2022,ORH,MA,ANE,EN,Federal Contract Tower,4,4,2,0,10,0,4,3,0,7,4,8,5,0,17,6,0,6,23
02/19/2022,ORH,MA,ANE,EN,Federal Contract Tower,7,8,1,0,16,0,2,6,0,8,7,10,7,0,24,6,0,6,30
02/20/2022,ORH,MA,ANE,EN,Federal Contract Tower,4,3,9,0,16,0,2,28,0,30,4,5,37,0,46,54,0,54,100
02/21/2022,ORH,MA,ANE,EN,Federal Contract Tower,9,3,18,0,30,0,1,28,0,29,9,4,46,0,59,52,0,52,111
02/22/2022,ORH,MA,ANE,EN,Federal Contract Tower,4,2,5,0,11,0,2,2,0,4,4,4,7,0,15,0,0,0,15
02/23/2022,ORH,MA,ANE,EN,Federal Contract Tower,5,10,1,0,16,0,0,8,2,10,5,10,9,2,26,0,0,0,26
02/24/2022,ORH,MA,ANE,EN,Federal Contract Tower,5,7,5,3,20,0,3,32,5,40,5,10,37,8,60,58,2,60,120
02/25/2022,ORH,MA,ANE,EN,Federal Contract Tower,1,2,0,0,3,0,0,0,0,0,1,2,0,0,3,0,0,0,3
02/26/2022,ORH,MA,ANE,EN,Federal Contract Tower,6,3,7,0,16,0,4,24,0,28,6,7,31,0,44,6,0,6,50
02/27/2022,ORH,MA,ANE,EN,Federal Contract Tower,4,6,8,0,18,0,1,9,0,10,4,7,17,0,28,0,0,0,28
02/28/2022,ORH,MA,ANE,EN,Federal Contract Tower,4,6,4,0,14,0,0,12,0,12,4,6,16,0,26,28,0,28,54
03/01/2022,ORH,MA,ANE,EN,Federal Contract Tower,7,9,4,0,20,0,0,10,0,10,7,9,14,0,30,18,0,18,48
03/02/2022,ORH,MA,ANE,EN,Federal Contract Tower,7,2,0,0,9,0,0,28,2,30,7,2,28,2,39,42,0,42,81
03/03/2022,ORH,MA,ANE,EN,Federal Contract Tower,4,5,3,0,12,0,3,1,2,6,4,8,4,2,18,2,0,2,20
03/04/2022,ORH,MA,ANE,EN,Federal Contract Tower,5,4,6,0,15,0,1,30,0,31,5,5,36,0,46,18,0,18,64
03/05/2022,ORH,MA,ANE,EN,Federal Contract Tower,5,6,8,0,19,0,4,67,0,71,5,10,75,0,90,32,0,32,122
03/06/2022,ORH,MA,ANE,EN,Federal Contract Tower,4,5,1,0,10,0,2,2,0,4,4,7,3,0,14,0,0,0,14
03/07/2022,ORH,MA,ANE,EN,Federal Contract Tower,5,5,5,0,15,0,1,3,0,4,5,6,8,0,19,6,0,6,25
03/08/2022,ORH,MA,ANE,EN,Federal Contract Tower,6,8,2,0,16,0,2,12,0,14,6,10,14,0,30,0,0,0,30
03/09/2022,ORH,MA,ANE,EN,Federal Contract Tower,4,4,3,0,11,0,2,4,0,6,4,6,7,0,17,14,0,14,31
03/10/2022,ORH,MA,ANE,EN,Federal Contract Tower,3,8,3,0,14,0,0,35,4,39,3,8,38,4,53,20,0,20,73
03/11/2022,ORH,MA,ANE,EN,Federal Contract Tower,6,4,4,0,14,0,3,34,4,41,6,7,38,4,55,30,0,30,85
03/12/2022,ORH,MA,ANE,EN,Federal Contract Tower,2,9,2,0,13,0,0,0,0,0,2,9,2,0,13,0,0,0,13
03/13/2022,ORH,MA,ANE,EN,Federal Contract Tower,6,5,3,0,14,0,0,7,0,7,6,5,10,0,21,0,0,0,21
03/14/2022,ORH,MA,ANE,EN,Federal Contract Tower,3,6,5,0,14,0,2,25,0,27,3,8,30,0,41,22,0,22,63
03/15/2022,ORH,MA,ANE,EN,Federal Contract Tower,4,6,2,0,12,0,0,19,0,19,4,6,21,0,31,26,0,26,57
03/16/2022,ORH,MA,ANE,EN,Federal Contract Tower,5,9,1,0,15,0,0,14,1,15,5,9,15,1,30,20,14,34,64
03/17/2022,ORH,MA,ANE,EN,Federal Contract Tower,4,8,7,0,19,0,1,0,0,1,4,9,7,0,20,0,0,0,20
03/18/2022,ORH,MA,ANE,EN,Federal Contract Tower,3,12,5,0,20,0,6,59,2,67,3,18,64,2,87,82,16,98,185
03/19/2022,ORH,MA,ANE,EN,Federal Contract Tower,2,0,4,0,6,0,0,0,0,0,2,0,4,0,6,0,0,0,6
03/20/2022,ORH,MA,ANE,EN,Federal Contract Tower,7,5,15,0,27,0,0,23,0,23,7,5,38,0,50,18,0,18,68
03/21/2022,ORH,MA,ANE,EN,Federal Contract Tower,5,6,4,0,15,0,0,19,0,19,5,6,23,0,34,2,0,2,36
03/22/2022,ORH,MA,ANE,EN,Federal Contract Tower,3,10,1,0,14,0,0,10,0,10,3,10,11,0,24,0,0,0,24
03/23/2022,ORH,MA,ANE,EN,Federal Contract Tower,8,8,10,0,26,0,1,37,6,44,8,9,47,6,70,58,4,62,132
03/24/2022,ORH,MA,ANE,EN,Federal Contract Tower,5,5,0,0,10,0,0,0,0,0,5,5,0,0,10,0,0,0,10
03/25/2022,ORH,MA,ANE,EN,Federal Contract Tower,4,6,4,0,14,0,0,21,0,21,4,6,25,0,35,26,0,26,61
03/26/2022,ORH,MA,ANE,EN,Federal Contract Tower,5,9,8,0,22,0,0,36,0,36,5,9,44,0,58,14,0,14,72
03/27/2022,ORH,MA,ANE,EN,Federal Contract Tower,4,11,3,0,18,0,0,9,0,9,4,11,12,0,27,2,0,2,29
03/28/2022,ORH,MA,ANE,EN,Federal Contract Tower,0,0,0,0,0,0,0,0,0,0,0,0,0,0,0,0,0,0,0
03/29/2022,ORH,MA,ANE,EN,Federal Contract Tower,5,6,13,0,24,0,0,11,0,11,5,6,24,0,35,18,6,24,59
03/30/2022,ORH,MA,ANE,EN,Federal Contract Tower,5,9,7,4,25,0,2,39,4,45,5,11,46,8,70,62,0,62,132
03/31/2022,ORH,MA,ANE,EN,Federal Contract Tower,4,7,5,0,16,0,0,0,0,0,4,7,5,0,16,0,0,0,16
04/01/2022,ORH,MA,ANE,EN,Federal Contract Tower,6,3,3,1,13,0,0,1,0,1,6,3,4,1,14,0,0,0,14
04/02/2022,ORH,MA,ANE,EN,Federal Contract Tower,5,7,4,0,16,0,0,15,0,15,5,7,19,0,31,16,0,16,47
04/03/2022,ORH,MA,ANE,EN,Federal Contract Tower,1,6,10,0,17,0,8,18,0,26,1,14,28,0,43,56,0,56,99
04/04/2022,ORH,MA,ANE,EN,Federal Contract Tower,7,5,4,4,20,0,0,10,0,10,7,5,14,4,30,16,30,46,76
04/05/2022,ORH,MA,ANE,EN,Federal Contract Tower,6,6,19,2,33,0,0,41,0,41,6,6,60,2,74,58,0,58,132
04/06/2022,ORH,MA,ANE,EN,Federal Contract Tower,4,12,13,8,37,0,0,0,0,0,4,12,13,8,37,0,0,0,37
04/07/2022,ORH,MA,ANE,EN,Federal Contract Tower,3,9,7,0,19,0,0,0,2,2,3,9,7,2,21,0,0,0,21
04/08/2022,ORH,MA,ANE,EN,Federal Contract Tower,3,9,7,0,19,0,4,11,0,15,3,13,18,0,34,4,0,4,38
04/09/2022,ORH,MA,ANE,EN,Federal Contract Tower,6,8,3,0,17,0,0,8,0,8,6,8,11,0,25,8,0,8,33
04/10/2022,ORH,MA,ANE,EN,Federal Contract Tower,6,2,13,2,23,0,0,15,0,15,6,2,28,2,38,6,0,6,44
04/11/2022,ORH,MA,ANE,EN,Federal Contract Tower,10,1,18,0,29,0,0,35,0,35,10,1,53,0,64,24,0,24,88
04/12/2022,ORH,MA,ANE,EN,Federal Contract Tower,9,6,12,0,27,0,0,39,4,43,9,6,51,4,70,16,0,16,86
04/13/2022,ORH,MA,ANE,EN,Federal Contract Tower,7,11,8,1,27,0,2,41,1,44,7,13,49,2,71,38,2,40,111
04/14/2022,ORH,MA,ANE,EN,Federal Contract Tower,4,11,10,0,25,0,0,0,0,0,4,11,10,0,25,0,0,0,25
04/15/2022,ORH,MA,ANE,EN,Federal Contract Tower,3,12,8,0,23,0,0,28,0,28,3,12,36,0,51,6,0,6,57
04/16/2022,ORH,MA,ANE,EN,Federal Contract Tower,8,4,3,0,15,0,2,5,0,7,8,6,8,0,22,4,0,4,26
04/17/2022,ORH,MA,ANE,EN,Federal Contract Tower,3,6,5,0,14,0,0,3,0,3,3,6,8,0,17,0,0,0,17
04/18/2022,ORH,MA,ANE,EN,Federal Contract Tower,2,9,14,0,25,0,0,16,0,16,2,9,30,0,41,6,0,6,47
04/19/2022,ORH,MA,ANE,EN,Federal Contract Tower,5,12,6,0,23,0,0,0,0,0,5,12,6,0,23,0,0,0,23
04/20/2022,ORH,MA,ANE,EN,Federal Contract Tower,3,11,1,2,17,0,1,9,6,16,3,12,10,8,33,6,8,14,47
04/21/2022,ORH,MA,ANE,EN,Federal Contract Tower,6,12,3,0,21,0,2,24,0,26,6,14,27,0,47,22,0,22,69
04/22/2022,ORH,MA,ANE,EN,Federal Contract Tower,5,6,2,0,13,0,0,22,0,22,5,6,24,0,35,8,0,8,43
04/23/2022,ORH,MA,ANE,EN,Federal Contract Tower,4,14,1,1,20,0,4,52,5,61,4,18,53,6,81,20,18,38,119
04/24/2022,ORH,MA,ANE,EN,Federal Contract Tower,5,10,7,0,22,0,0,21,0,21,5,10,28,0,43,30,0,30,73
04/25/2022,ORH,MA,ANE,EN,Federal Contract Tower,3,6,25,0,34,0,5,42,2,49,3,11,67,2,83,32,0,32,115
04/26/2022,ORH,MA,ANE,EN,Federal Contract Tower,6,7,16,2,31,0,0,1,0,1,6,7,17,2,32,0,0,0,32
04/27/2022,ORH,MA,ANE,EN,Federal Contract Tower,6,12,3,0,21,0,0,6,6,12,6,12,9,6,33,24,6,30,63
04/28/2022,ORH,MA,ANE,EN,Federal Contract Tower,10,4,5,5,24,0,0,2,4,6,10,4,7,9,30,0,2,2,32
04/29/2022,ORH,MA,ANE,EN,Federal Contract Tower,6,8,10,0,24,0,0,5,0,5,6,8,15,0,29,8,0,8,37
04/30/2022,ORH,MA,ANE,EN,Federal Contract Tower,6,15,19,0,40,0,0,81,0,81,6,15,100,0,121,38,0,38,159
05/01/2022,ORH,MA,ANE,EN,Federal Contract Tower,7,9,2,0,18,0,0,41,0,41,7,9,43,0,59,44,0,44,103
05/02/2022,ORH,MA,ANE,EN,Federal Contract Tower,6,6,9,0,21,0,0,5,0,5,6,6,14,0,26,48,0,48,74
05/03/2022,ORH,MA,ANE,EN,Federal Contract Tower,6,11,17,2,36,0,0,0,0,0,6,11,17,2,36,0,0,0,36
05/04/2022,ORH,MA,ANE,EN,Federal Contract Tower,6,9,6,6,27,0,0,0,0,0,6,9,6,6,27,10,0,10,37
05/05/2022,ORH,MA,ANE,EN,Federal Contract Tower,5,15,4,0,24,0,1,63,0,64,5,16,67,0,88,66,0,66,154
05/06/2022,ORH,MA,ANE,EN,Federal Contract Tower,6,9,4,0,19,0,0,39,0,39,6,9,43,0,58,24,0,24,82
05/07/2022,ORH,MA,ANE,EN,Federal Contract Tower,4,18,4,0,26,0,0,8,0,8,4,18,12,0,34,0,0,0,34
05/08/2022,ORH,MA,ANE,EN,Federal Contract Tower,6,13,5,0,24,0,0,4,0,4,6,13,9,0,28,0,0,0,28
05/09/2022,ORH,MA,ANE,EN,Federal Contract Tower,7,2,8,0,17,0,0,3,0,3,7,2,11,0,20,0,0,0,20
05/10/2022,ORH,MA,ANE,EN,Federal Contract Tower,8,6,9,2,25,0,1,14,4,19,8,7,23,6,44,12,14,26,70
05/11/2022,ORH,MA,ANE,EN,Federal Contract Tower,10,5,9,0,24,0,1,14,4,19,10,6,23,4,43,18,0,18,61
05/12/2022,ORH,MA,ANE,EN,Federal Contract Tower,5,9,18,0,32,0,1,22,0,23,5,10,40,0,55,24,0,24,79
05/13/2022,ORH,MA,ANE,EN,Federal Contract Tower,5,7,11,0,23,0,0,28,0,28,5,7,39,0,51,16,0,16,67
05/14/2022,ORH,MA,ANE,EN,Federal Contract Tower,7,4,10,0,21,0,0,38,0,38,7,4,48,0,59,20,0,20,79
05/15/2022,ORH,MA,ANE,EN,Federal Contract Tower,6,6,15,0,27,0,1,4,0,5,6,7,19,0,32,6,0,6,38
05/16/2022,ORH,MA,ANE,EN,Federal Contract Tower,11,0,5,0,16,0,2,19,2,23,11,2,24,2,39,16,0,16,55
05/17/2022,ORH,MA,ANE,EN,Federal Contract Tower,3,5,5,0,13,0,0,11,0,11,3,5,16,0,24,0,0,0,24
05/18/2022,ORH,MA,ANE,EN,Federal Contract Tower,7,4,3,0,14,0,2,27,6,35,7,6,30,6,49,58,10,68,117
05/19/2022,ORH,MA,ANE,EN,Federal Contract Tower,5,7,6,0,18,0,1,2,0,3,5,8,8,0,21,2,0,2,23
05/20/2022,ORH,MA,ANE,EN,Federal Contract Tower,4,7,5,0,16,0,0,33,0,33,4,7,38,0,49,16,0,16,65
05/21/2022,ORH,MA,ANE,EN,Federal Contract Tower,7,2,14,0,23,0,2,26,0,28,7,4,40,0,51,8,0,8,59
05/22/2022,ORH,MA,ANE,EN,Federal Contract Tower,6,3,3,0,12,0,0,22,0,22,6,3,25,0,34,6,0,6,40
05/23/2022,ORH,MA,ANE,EN,Federal Contract Tower,8,4,6,0,18,0,0,23,0,23,8,4,29,0,41,24,0,24,65
05/24/2022,ORH,MA,ANE,EN,Federal Contract Tower,8,6,4,0,18,0,0,27,0,27,8,6,31,0,45,54,0,54,99
05/25/2022,ORH,MA,ANE,EN,Federal Contract Tower,7,5,10,0,22,0,2,38,8,48,7,7,48,8,70,44,18,62,132
05/26/2022,ORH,MA,ANE,EN,Federal Contract Tower,7,7,11,0,25,0,3,26,0,29,7,10,37,0,54,22,0,22,76
05/27/2022,ORH,MA,ANE,EN,Federal Contract Tower,5,5,7,0,17,0,0,2,0,2,5,5,9,0,19,4,0,4,23
05/28/2022,ORH,MA,ANE,EN,Federal Contract Tower,6,5,38,0,49,0,0,0,0,0,6,5,38,0,49,8,0,8,57
05/29/2022,ORH,MA,ANE,EN,Federal Contract Tower,10,2,6,0,18,0,1,47,0,48,10,3,53,0,66,68,0,68,134
05/30/2022,ORH,MA,ANE,EN,Federal Contract Tower,4,7,5,0,16,0,0,23,0,23,4,7,28,0,39,14,0,14,53
05/31/2022,ORH,MA,ANE,EN,Federal Contract Tower,7,4,3,0,14,0,0,25,1,26,7,4,28,1,40,38,12,50,90
06/01/2022,ORH,MA,ANE,EN,Federal Contract Tower,10,6,5,0,21,0,0,18,0,18,10,6,23,0,39,2,0,2,41
06/02/2022,ORH,MA,ANE,EN,Federal Contract Tower,6,8,14,0,28,0,0,5,0,5,6,8,19,0,33,18,0,18,51
06/03/2022,ORH,MA,ANE,EN,Federal Contract Tower,5,8,9,0,22,0,0,0,0,0,5,8,9,0,22,2,0,2,24
06/04/2022,ORH,MA,ANE,EN,Federal Contract Tower,3,3,11,0,17,0,0,39,0,39,3,3,50,0,56,14,0,14,70
06/05/2022,ORH,MA,ANE,EN,Federal Contract Tower,9,1,3,0,13,0,0,73,0,73,9,1,76,0,86,28,0,28,114
06/06/2022,ORH,MA,ANE,EN,Federal Contract Tower,11,2,2,0,15,0,0,38,1,39,11,2,40,1,54,42,4,46,100
06/07/2022,ORH,MA,ANE,EN,Federal Contract Tower,5,8,1,0,14,0,2,36,2,40,5,10,37,2,54,16,0,16,70
06/08/2022,ORH,MA,ANE,EN,Federal Contract Tower,9,5,3,2,19,0,0,21,0,21,9,5,24,2,40,18,0,18,58
06/09/2022,ORH,MA,ANE,EN,Federal Contract Tower,5,8,11,2,26,0,1,11,0,12,5,9,22,2,38,0,0,0,38
06/10/2022,ORH,MA,ANE,EN,Federal Contract Tower,5,7,10,0,22,0,2,19,0,21,5,9,29,0,43,2,0,2,45
06/11/2022,ORH,MA,ANE,EN,Federal Contract Tower,6,4,9,0,19,0,0,61,2,63,6,4,70,2,82,38,2,40,122
06/12/2022,ORH,MA,ANE,EN,Federal Contract Tower,5,4,8,0,17,0,2,22,0,24,5,6,30,0,41,6,0,6,47
06/13/2022,ORH,MA,ANE,EN,Federal Contract Tower,11,1,11,0,23,0,0,21,1,22,11,1,32,1,45,4,0,4,49
06/14/2022,ORH,MA,ANE,EN,Federal Contract Tower,7,9,8,0,24,0,0,35,10,45,7,9,43,10,69,50,0,50,119
06/15/2022,ORH,MA,ANE,EN,Federal Contract Tower,7,1,4,0,12,0,1,37,2,40,7,2,41,2,52,4,18,22,74
06/16/2022,ORH,MA,ANE,EN,Federal Contract Tower,4,2,8,0,14,0,0,14,2,16,4,2,22,2,30,0,22,22,52
06/17/2022,ORH,MA,ANE,EN,Federal Contract Tower,6,3,6,0,15,0,0,5,0,5,6,3,11,0,20,0,0,0,20
06/18/2022,ORH,MA,ANE,EN,Federal Contract Tower,6,6,6,0,18,0,0,20,0,20,6,6,26,0,38,2,0,2,40
06/19/2022,ORH,MA,ANE,EN,Federal Contract Tower,9,2,5,0,16,0,0,16,0,16,9,2,21,0,32,12,0,12,44
06/20/2022,ORH,MA,ANE,EN,Federal Contract Tower,9,2,10,0,21,0,0,32,0,32,9,2,42,0,53,40,0,40,93
06/21/2022,ORH,MA,ANE,EN,Federal Contract Tower,5,4,5,0,14,0,1,34,0,35,5,5,39,0,49,36,0,36,85
06/22/2022,ORH,MA,ANE,EN,Federal Contract Tower,7,1,11,4,23,0,0,8,0,8,7,1,19,4,31,4,0,4,35
06/23/2022,ORH,MA,ANE,EN,Federal Contract Tower,7,9,11,0,27,0,0,17,8,25,7,9,28,8,52,6,0,6,58
06/24/2022,ORH,MA,ANE,EN,Federal Contract Tower,5,11,8,2,26,0,0,27,4,31,5,11,35,6,57,42,4,46,103
06/25/2022,ORH,MA,ANE,EN,Federal Contract Tower,6,2,7,0,15,0,2,53,0,55,6,4,60,0,70,52,0,52,122
06/26/2022,ORH,MA,ANE,EN,Federal Contract Tower,7,6,4,0,17,0,0,44,0,44,7,6,48,0,61,14,0,14,75
06/27/2022,ORH,MA,ANE,EN,Federal Contract Tower,10,3,13,0,26,0,0,1,0,1,10,3,14,0,27,0,0,0,27
06/28/2022,ORH,MA,ANE,EN,Federal Contract Tower,6,9,10,4,29,0,0,37,0,37,6,9,47,4,66,50,0,50,116
06/29/2022,ORH,MA,ANE,EN,Federal Contract Tower,7,5,9,0,21,0,0,32,4,36,7,5,41,4,57,42,18,60,117
06/30/2022,ORH,MA,ANE,EN,Federal Contract Tower,5,5,10,0,20,0,4,52,0,56,5,9,62,0,76,26,0,26,102
07/01/2022,ORH,MA,ANE,EN,Federal Contract Tower,5,4,6,0,15,0,0,17,0,17,5,4,23,0,32,10,0,10,42
07/02/2022,ORH,MA,ANE,EN,Federal Contract Tower,3,3,5,0,11,0,0,0,0,0,3,3,5,0,11,10,0,10,21
07/03/2022,ORH,MA,ANE,EN,Federal Contract Tower,6,4,6,0,16,0,0,26,0,26,6,4,32,0,42,4,0,4,46
07/04/2022,ORH,MA,ANE,EN,Federal Contract Tower,9,3,6,0,18,0,3,20,0,23,9,6,26,0,41,6,0,6,47
07/05/2022,ORH,MA,ANE,EN,Federal Contract Tower,6,7,7,0,20,0,0,9,0,9,6,7,16,0,29,0,0,0,29
07/06/2022,ORH,MA,ANE,EN,Federal Contract Tower,6,7,7,2,22,0,21,2,0,23,6,28,9,2,45,0,0,0,45
07/07/2022,ORH,MA,ANE,EN,Federal Contract Tower,8,7,12,0,27,0,6,37,2,45,8,13,49,2,72,38,0,38,110
07/08/2022,ORH,MA,ANE,EN,Federal Contract Tower,5,13,5,0,23,0,2,32,0,34,5,15,37,0,57,32,0,32,89
07/09/2022,ORH,MA,ANE,EN,Federal Contract Tower,6,4,2,0,12,0,0,63,0,63,6,4,65,0,75,32,0,32,107
07/10/2022,ORH,MA,ANE,EN,Federal Contract Tower,8,4,9,0,21,0,1,47,0,48,8,5,56,0,69,38,0,38,107
07/11/2022,ORH,MA,ANE,EN,Federal Contract Tower,13,4,2,0,19,0,0,16,0,16,13,4,18,0,35,18,0,18,53
07/12/2022,ORH,MA,ANE,EN,Federal Contract Tower,6,7,3,4,20,0,0,2,2,4,6,7,5,6,24,4,0,4,28
07/13/2022,ORH,MA,ANE,EN,Federal Contract Tower,5,10,11,0,26,0,1,34,0,35,5,11,45,0,61,66,0,66,127
07/14/2022,ORH,MA,ANE,EN,Federal Contract Tower,6,7,9,0,22,0,0,7,4,11,6,7,16,4,33,4,0,4,37
07/15/2022,ORH,MA,ANE,EN,Federal Contract Tower,6,4,5,0,15,0,0,63,0,63,6,4,68,0,78,32,0,32,110
07/16/2022,ORH,MA,ANE,EN,Federal Contract Tower,7,4,3,0,14,0,0,51,0,51,7,4,54,0,65,8,0,8,73
07/17/2022,ORH,MA,ANE,EN,Federal Contract Tower,8,6,10,0,24,0,0,23,0,23,8,6,33,0,47,4,0,4,51
07/18/2022,ORH,MA,ANE,EN,Federal Contract Tower,7,2,3,0,12,0,0,0,0,0,7,2,3,0,12,0,0,0,12
07/19/2022,ORH,MA,ANE,EN,Federal Contract Tower,5,5,0,2,12,0,7,4,0,11,5,12,4,2,23,30,64,94,117
07/20/2022,ORH,MA,ANE,EN,Federal Contract Tower,6,5,12,0,23,0,0,23,2,25,6,5,35,2,48,14,6,20,68
07/21/2022,ORH,MA,ANE,EN,Federal Contract Tower,5,5,6,0,16,0,0,18,0,18,5,5,24,0,34,2,0,2,36
07/22/2022,ORH,MA,ANE,EN,Federal Contract Tower,5,7,2,0,14,0,0,40,0,40,5,7,42,0,54,12,0,12,66
07/23/2022,ORH,MA,ANE,EN,Federal Contract Tower,5,6,4,0,15,0,0,30,0,30,5,6,34,0,45,14,0,14,59
07/24/2022,ORH,MA,ANE,EN,Federal Contract Tower,9,4,7,0,20,0,0,17,0,17,9,4,24,0,37,8,0,8,45
07/25/2022,ORH,MA,ANE,EN,Federal Contract Tower,7,5,5,0,17,0,0,1,0,1,7,5,6,0,18,0,0,0,18
07/26/2022,ORH,MA,ANE,EN,Federal Contract Tower,5,7,4,2,18,0,0,25,2,27,5,7,29,4,45,40,0,40,85
07/27/2022,ORH,MA,ANE,EN,Federal Contract Tower,6,5,3,0,14,0,1,33,0,34,6,6,36,0,48,32,0,32,80
07/28/2022,ORH,MA,ANE,EN,Federal Contract Tower,6,5,6,2,19,0,2,3,0,5,6,7,9,2,24,4,0,4,28
07/29/2022,ORH,MA,ANE,EN,Federal Contract Tower,6,8,3,0,17,0,0,38,0,38,6,8,41,0,55,30,0,30,85
07/30/2022,ORH,MA,ANE,EN,Federal Contract Tower,8,2,13,0,23,0,0,23,0,23,8,2,36,0,46,18,0,18,64
07/31/2022,ORH,MA,ANE,EN,Federal Contract Tower,8,5,8,0,21,0,1,41,0,42,8,6,49,0,63,30,0,30,93
08/01/2022,ORH,MA,ANE,EN,Federal Contract Tower,11,0,20,0,31,0,5,11,0,16,11,5,31,0,47,14,0,14,61
08/02/2022,ORH,MA,ANE,EN,Federal Contract Tower,6,4,6,0,16,0,0,12,2,14,6,4,18,2,30,50,0,50,80
08/03/2022,ORH,MA,ANE,EN,Federal Contract Tower,6,10,15,0,31,0,3,28,0,31,6,13,43,0,62,74,0,74,136
08/04/2022,ORH,MA,ANE,EN,Federal Contract Tower,5,4,15,0,24,0,3,28,0,31,5,7,43,0,55,20,0,20,75
08/05/2022,ORH,MA,ANE,EN,Federal Contract Tower,6,2,7,0,15,0,2,23,0,25,6,4,30,0,40,14,0,14,54
08/06/2022,ORH,MA,ANE,EN,Federal Contract Tower,6,2,1,0,9,0,0,36,0,36,6,2,37,0,45,8,0,8,53
08/07/2022,ORH,MA,ANE,EN,Federal Contract Tower,8,0,7,0,15,0,2,23,0,25,8,2,30,0,40,12,0,12,52
08/08/2022,ORH,MA,ANE,EN,Federal Contract Tower,9,5,6,0,20,0,4,22,0,26,9,9,28,0,46,28,0,28,74
08/09/2022,ORH,MA,ANE,EN,Federal Contract Tower,5,10,2,0,17,0,0,5,2,7,5,10,7,2,24,0,0,0,24
08/10/2022,ORH,MA,ANE,EN,Federal Contract Tower,7,9,5,2,23,0,2,9,4,15,7,11,14,6,38,4,12,16,54
08/11/2022,ORH,MA,ANE,EN,Federal Contract Tower,5,7,5,0,17,0,2,43,0,45,5,9,48,0,62,50,0,50,112
08/12/2022,ORH,MA,ANE,EN,Federal Contract Tower,5,7,9,0,21,0,0,41,0,41,5,7,50,0,62,38,0,38,100
08/13/2022,ORH,MA,ANE,EN,Federal Contract Tower,5,7,11,0,23,0,0,37,0,37,5,7,48,0,60,24,0,24,84
08/14/2022,ORH,MA,ANE,EN,Federal Contract Tower,6,4,5,0,15,0,0,37,0,37,6,4,42,0,52,8,0,8,60
08/15/2022,ORH,MA,ANE,EN,Federal Contract Tower,12,3,7,0,22,0,2,43,0,45,12,5,50,0,67,40,0,40,107
08/16/2022,ORH,MA,ANE,EN,Federal Contract Tower,6,7,4,2,19,0,0,18,0,18,6,7,22,2,37,12,0,12,49
08/17/2022,ORH,MA,ANE,EN,Federal Contract Tower,5,7,4,0,16,0,2,11,4,17,5,9,15,4,33,20,2,22,55
08/18/2022,ORH,MA,ANE,EN,Federal Contract Tower,7,15,7,0,29,0,1,19,4,24,7,16,26,4,53,24,0,24,77
08/19/2022,ORH,MA,ANE,EN,Federal Contract Tower,5,8,8,0,21,0,2,42,0,44,5,10,50,0,65,16,0,16,81
08/20/2022,ORH,MA,ANE,EN,Federal Contract Tower,6,4,9,0,19,0,0,47,0,47,6,4,56,0,66,34,0,34,100
08/21/2022,ORH,MA,ANE,EN,Federal Contract Tower,8,11,7,0,26,0,4,38,0,42,8,15,45,0,68,8,0,8,76
08/22/2022,ORH,MA,ANE,EN,Federal Contract Tower,7,1,2,0,10,0,0,0,0,0,7,1,2,0,10,0,0,0,10
08/23/2022,ORH,MA,ANE,EN,Federal Contract Tower,8,7,3,0,18,0,0,0,0,0,8,7,3,0,18,0,0,0,18
08/24/2022,ORH,MA,ANE,EN,Federal Contract Tower,10,5,12,0,27,0,2,22,4,28,10,7,34,4,55,64,0,64,119
08/25/2022,ORH,MA,ANE,EN,Federal Contract Tower,6,12,10,0,28,1,5,20,0,26,7,17,30,0,54,14,0,14,68
08/26/2022,ORH,MA,ANE,EN,Federal Contract Tower,6,5,2,0,13,0,0,9,0,9,6,5,11,0,22,18,0,18,40
08/27/2022,ORH,MA,ANE,EN,Federal Contract Tower,8,1,12,0,21,0,3,33,0,36,8,4,45,0,57,14,0,14,71
08/28/2022,ORH,MA,ANE,EN,Federal Contract Tower,8,7,22,0,37,0,0,19,0,19,8,7,41,0,56,2,0,2,58
08/29/2022,ORH,MA,ANE,EN,Federal Contract Tower,10,3,8,0,21,0,2,11,0,13,10,5,19,0,34,20,0,20,54
08/30/2022,ORH,MA,ANE,EN,Federal Contract Tower,6,22,5,0,33,0,0,13,1,14,6,22,18,1,47,12,0,12,59
08/31/2022,ORH,MA,ANE,EN,Federal Contract Tower,9,8,7,0,24,0,0,13,2,15,9,8,20,2,39,2,0,2,41
09/01/2022,ORH,MA,ANE,EN,Federal Contract Tower,5,8,3,0,16,0,0,12,4,16,5,8,15,4,32,18,0,18,50
09/02/2022,ORH,MA,ANE,EN,Federal Contract Tower,6,5,4,0,15,0,0,29,0,29,6,5,33,0,44,50,0,50,94
09/03/2022,ORH,MA,ANE,EN,Federal Contract Tower,6,6,7,0,19,0,2,44,0,46,6,8,51,0,65,48,0,48,113
09/04/2022,ORH,MA,ANE,EN,Federal Contract Tower,6,26,6,0,38,0,0,17,0,17,6,26,23,0,55,58,0,58,113
09/05/2022,ORH,MA,ANE,EN,Federal Contract Tower,8,0,15,0,23,0,0,0,0,0,8,0,15,0,23,0,0,0,23
09/06/2022,ORH,MA,ANE,EN,Federal Contract Tower,5,8,8,0,21,0,0,0,0,0,5,8,8,0,21,0,0,0,21
09/07/2022,ORH,MA,ANE,EN,Federal Contract Tower,4,7,15,0,26,0,2,4,2,8,4,9,19,2,34,0,10,10,44
09/08/2022,ORH,MA,ANE,EN,Federal Contract Tower,8,8,9,0,25,0,4,22,0,26,8,12,31,0,51,54,0,54,105
09/09/2022,ORH,MA,ANE,EN,Federal Contract Tower,5,10,11,0,26,0,4,35,0,39,5,14,46,0,65,54,0,54,119
09/10/2022,ORH,MA,ANE,EN,Federal Contract Tower,10,6,12,0,28,0,0,44,4,48,10,6,56,4,76,20,4,24,100
09/11/2022,ORH,MA,ANE,EN,Federal Contract Tower,9,12,12,0,33,0,0,41,0,41,9,12,53,0,74,24,0,24,98
09/12/2022,ORH,MA,ANE,EN,Federal Contract Tower,9,5,9,0,23,0,0,5,0,5,9,5,14,0,28,0,0,0,28
09/13/2022,ORH,MA,ANE,EN,Federal Contract Tower,6,10,10,0,26,0,0,1,0,1,6,10,11,0,27,0,0,0,27
09/14/2022,ORH,MA,ANE,EN,Federal Contract Tower,6,13,11,0,30,0,0,8,6,14,6,13,19,6,44,6,0,6,50
09/15/2022,ORH,MA,ANE,EN,Federal Contract Tower,5,9,8,0,22,0,3,21,6,30,5,12,29,6,52,6,16,22,74
09/16/2022,ORH,MA,ANE,EN,Federal Contract Tower,6,4,8,0,18,0,0,36,0,36,6,4,44,0,54,64,0,64,118
09/17/2022,ORH,MA,ANE,EN,Federal Contract Tower,7,6,6,0,19,0,1,28,0,29,7,7,34,0,48,14,2,16,64
09/18/2022,ORH,MA,ANE,EN,Federal Contract Tower,7,9,7,0,23,0,6,31,0,37,7,15,38,0,60,10,0,10,70
09/19/2022,ORH,MA,ANE,EN,Federal Contract Tower,10,2,11,0,23,0,0,0,0,0,10,2,11,0,23,0,0,0,23
09/20/2022,ORH,MA,ANE,EN,Federal Contract Tower,4,9,22,2,37,0,0,1,0,1,4,9,23,2,38,0,0,0,38
09/21/2022,ORH,MA,ANE,EN,Federal Contract Tower,6,10,17,1,34,0,1,9,0,10,6,11,26,1,44,0,34,34,78
09/22/2022,ORH,MA,ANE,EN,Federal Contract Tower,5,8,7,0,20,0,0,2,0,2,5,8,9,0,22,0,0,0,22
09/23/2022,ORH,MA,ANE,EN,Federal Contract Tower,5,8,9,0,22,0,1,7,0,8,5,9,16,0,30,8,0,8,38
09/24/2022,ORH,MA,ANE,EN,Federal Contract Tower,5,10,4,0,19,0,0,10,0,10,5,10,14,0,29,0,0,0,29
09/25/2022,ORH,MA,ANE,EN,Federal Contract Tower,5,10,8,0,23,0,1,37,0,38,5,11,45,0,61,8,0,8,69
09/26/2022,ORH,MA,ANE,EN,Federal Contract Tower,8,3,17,2,30,0,0,8,0,8,8,3,25,2,38,0,0,0,38
09/27/2022,ORH,MA,ANE,EN,Federal Contract Tower,7,15,5,0,27,0,2,13,0,15,7,17,18,0,42,42,0,42,84
09/28/2022,ORH,MA,ANE,EN,Federal Contract Tower,3,7,4,0,14,0,0,24,0,24,3,7,28,0,38,40,0,40,78
09/29/2022,ORH,MA,ANE,EN,Federal Contract Tower,7,5,7,0,19,0,2,27,2,31,7,7,34,2,50,0,2,2,52
09/30/2022,ORH,MA,ANE,EN,Federal Contract Tower,7,7,10,0,24,0,0,34,2,36,7,7,44,2,60,64,0,64,124
10/01/2022,ORH,MA,ANE,EN,Federal Contract Tower,5,2,11,0,18,0,0,9,0,9,5,2,20,0,27,0,0,0,27
10/02/2022,ORH,MA,ANE,EN,Federal Contract Tower,8,4,2,0,14,0,0,0,0,0,8,4,2,0,14,0,0,0,14
10/03/2022,ORH,MA,ANE,EN,Federal Contract Tower,8,4,6,1,19,0,0,6,0,6,8,4,12,1,25,4,0,4,29
10/04/2022,ORH,MA,ANE,EN,Federal Contract Tower,12,6,5,0,23,0,8,2,0,10,12,14,7,0,33,2,0,2,35
10/05/2022,ORH,MA,ANE,EN,Federal Contract Tower,5,8,6,0,19,0,0,0,0,0,5,8,6,0,19,0,0,0,19
10/06/2022,ORH,MA,ANE,EN,Federal Contract Tower,8,10,12,1,31,0,0,49,0,49,8,10,61,1,80,56,0,56,136
10/07/2022,ORH,MA,ANE,EN,Federal Contract Tower,7,14,8,0,29,0,1,41,0,42,7,15,49,0,71,14,0,14,85
10/08/2022,ORH,MA,ANE,EN,Federal Contract Tower,6,10,5,0,21,0,1,51,0,52,6,11,56,0,73,52,0,52,125
10/09/2022,ORH,MA,ANE,EN,Federal Contract Tower,8,8,1,0,17,0,4,17,0,21,8,12,18,0,38,30,0,30,68
10/10/2022,ORH,MA,ANE,EN,Federal Contract Tower,10,9,18,0,37,0,0,17,0,17,10,9,35,0,54,14,0,14,68
10/11/2022,ORH,MA,ANE,EN,Federal Contract Tower,8,7,8,2,25,0,2,47,1,50,8,9,55,3,75,50,4,54,129
10/12/2022,ORH,MA,ANE,EN,Federal Contract Tower,5,5,8,0,18,0,0,42,2,44,5,5,50,2,62,6,0,6,68
10/13/2022,ORH,MA,ANE,EN,Federal Contract Tower,8,4,9,0,21,0,0,2,0,2,8,4,11,0,23,1,0,1,24
10/14/2022,ORH,MA,ANE,EN,Federal Contract Tower,5,16,11,0,32,0,2,2,0,4,5,18,13,0,36,6,0,6,42
10/15/2022,ORH,MA,ANE,EN,Federal Contract Tower,6,5,1,0,12,0,3,40,0,43,6,8,41,0,55,26,0,26,81
10/16/2022,ORH,MA,ANE,EN,Federal Contract Tower,9,7,12,0,28,0,1,30,0,31,9,8,42,0,59,22,0,22,81
10/17/2022,ORH,MA,ANE,EN,Federal Contract Tower,7,2,10,0,19,0,0,6,0,6,7,2,16,0,25,8,0,8,33
10/18/2022,ORH,MA,ANE,EN,Federal Contract Tower,10,3,8,0,21,0,0,3,0,3,10,3,11,0,24,22,2,24,48
10/19/2022,ORH,MA,ANE,EN,Federal Contract Tower,7,9,6,0,22,0,2,38,7,47,7,11,44,7,69,16,14,30,99
10/20/2022,ORH,MA,ANE,EN,Federal Contract Tower,6,17,2,0,25,0,1,10,0,11,6,18,12,0,36,4,0,4,40
10/21/2022,ORH,MA,ANE,EN,Federal Contract Tower,6,9,3,0,18,0,0,41,0,41,6,9,44,0,59,38,0,38,97
10/22/2022,ORH,MA,ANE,EN,Federal Contract Tower,8,12,8,0,28,0,0,57,0,57,8,12,65,0,85,60,0,60,145
10/23/2022,ORH,MA,ANE,EN,Federal Contract Tower,6,12,3,0,21,0,0,16,0,16,6,12,19,0,37,22,0,22,59
10/24/2022,ORH,MA,ANE,EN,Federal Contract Tower,10,4,1,0,15,0,0,0,0,0,10,4,1,0,15,0,0,0,15
10/26/2022,ORH,MA,ANE,EN,Federal Contract Tower,4,2,3,0,9,0,0,0,0,0,4,2,3,0,9,0,0,0,9
10/27/2022,ORH,MA,ANE,EN,Federal Contract Tower,7,9,8,0,24,0,0,27,0,27,7,9,35,0,51,14,0,14,65
10/28/2022,ORH,MA,ANE,EN,Federal Contract Tower,7,10,12,0,29,0,2,42,0,44,7,12,54,0,73,12,0,12,85
10/29/2022,ORH,MA,ANE,EN,Federal Contract Tower,6,8,5,0,19,0,3,38,0,41,6,11,43,0,60,32,0,32,92
10/30/2022,ORH,MA,ANE,EN,Federal Contract Tower,6,12,12,0,30,0,0,41,0,41,6,12,53,0,71,46,0,46,117
10/31/2022,ORH,MA,ANE,EN,Federal Contract Tower,9,2,8,0,19,0,0,8,0,8,9,2,16,0,27,0,0,0,27
11/01/2022,ORH,MA,ANE,EN,Federal Contract Tower,7,5,6,4,22,0,0,1,0,1,7,5,7,4,23,0,0,0,23
11/02/2022,ORH,MA,ANE,EN,Federal Contract Tower,7,12,9,0,28,0,0,54,0,54,7,12,63,0,82,0,0,0,82
11/03/2022,ORH,MA,ANE,EN,Federal Contract Tower,7,4,4,3,18,0,6,46,3,55,7,10,50,6,73,62,20,82,155
11/04/2022,ORH,MA,ANE,EN,Federal Contract Tower,9,7,5,2,23,0,4,11,2,17,9,11,16,4,40,6,2,8,48
11/05/2022,ORH,MA,ANE,EN,Federal Contract Tower,4,9,11,0,24,0,0,3,2,5,4,9,14,2,29,0,0,0,29
11/06/2022,ORH,MA,ANE,EN,Federal Contract Tower,9,11,3,0,23,0,0,18,0,18,9,11,21,0,41,12,0,12,53
11/07/2022,ORH,MA,ANE,EN,Federal Contract Tower,8,1,7,0,16,0,0,3,0,3,8,1,10,0,19,0,0,0,19
11/08/2022,ORH,MA,ANE,EN,Federal Contract Tower,7,4,6,0,17,0,0,16,0,16,7,4,22,0,33,28,0,28,61
11/09/2022,ORH,MA,ANE,EN,Federal Contract Tower,8,8,26,0,42,0,0,46,2,48,8,8,72,2,90,28,6,34,124
11/10/2022,ORH,MA,ANE,EN,Federal Contract Tower,7,7,6,0,20,0,0,21,0,21,7,7,27,0,41,4,0,4,45
11/11/2022,ORH,MA,ANE,EN,Federal Contract Tower,5,9,4,0,18,0,6,0,0,6,5,15,4,0,24,0,0,0,24
11/12/2022,ORH,MA,ANE,EN,Federal Contract Tower,6,13,1,0,20,0,0,2,0,2,6,13,3,0,22,0,0,0,22
11/13/2022,ORH,MA,ANE,EN,Federal Contract Tower,6,11,8,4,29,0,1,0,0,1,6,12,8,4,30,0,0,0,30
11/14/2022,ORH,MA,ANE,EN,Federal Contract Tower,11,10,18,2,41,0,1,32,0,33,11,11,50,2,74,18,0,18,92
11/15/2022,ORH,MA,ANE,EN,Federal Contract Tower,7,7,17,0,31,0,6,32,2,40,7,13,49,2,71,28,0,28,99
11/16/2022,ORH,MA,ANE,EN,Federal Contract Tower,9,17,3,0,29,0,0,1,0,1,9,17,4,0,30,0,0,0,30
11/17/2022,ORH,MA,ANE,EN,Federal Contract Tower,6,8,8,0,22,0,1,3,2,6,6,9,11,2,28,0,0,0,28
11/18/2022,ORH,MA,ANE,EN,Federal Contract Tower,5,7,8,0,20,0,0,30,1,31,5,7,38,1,51,28,0,28,79
11/19/2022,ORH,MA,ANE,EN,Federal Contract Tower,7,8,6,0,21,0,0,38,0,38,7,8,44,0,59,68,0,68,127
11/20/2022,ORH,MA,ANE,EN,Federal Contract Tower,7,11,1,0,19,0,0,4,0,4,7,11,5,0,23,0,0,0,23
11/21/2022,ORH,MA,ANE,EN,Federal Contract Tower,8,15,2,0,25,0,0,28,0,28,8,15,30,0,53,10,0,10,63
11/22/2022,ORH,MA,ANE,EN,Federal Contract Tower,8,14,4,2,28,0,1,39,2,42,8,15,43,4,70,30,0,30,100
11/23/2022,ORH,MA,ANE,EN,Federal Contract Tower,10,6,12,0,28,0,0,41,0,41,10,6,53,0,69,58,0,58,127
11/24/2022,ORH,MA,ANE,EN,Federal Contract Tower,3,4,7,0,14,0,1,15,0,16,3,5,22,0,30,2,0,2,32
11/25/2022,ORH,MA,ANE,EN,Federal Contract Tower,5,6,4,0,15,0,1,0,0,1,5,7,4,0,16,4,0,4,20
11/26/2022,ORH,MA,ANE,EN,Federal Contract Tower,6,13,6,0,25,0,1,24,0,25,6,14,30,0,50,42,0,42,92
11/27/2022,ORH,MA,ANE,EN,Federal Contract Tower,6,16,10,0,32,0,0,10,0,10,6,16,20,0,42,34,0,34,76
11/28/2022,ORH,MA,ANE,EN,Federal Contract Tower,9,10,6,0,25,0,4,0,0,4,9,14,6,0,29,10,0,10,39
11/29/2022,ORH,MA,ANE,EN,Federal Contract Tower,7,6,8,0,21,0,0,28,2,30,7,6,36,2,51,40,0,40,91
11/30/2022,ORH,MA,ANE,EN,Federal Contract Tower,8,3,6,0,17,0,1,0,0,1,8,4,6,0,18,0,0,0,18
12/01/2022,ORH,MA,ANE,EN,Federal Contract Tower,6,13,7,0,26,0,2,5,4,11,6,15,12,4,37,4,6,10,47
12/02/2022,ORH,MA,ANE,EN,Federal Contract Tower,5,9,12,0,26,0,0,34,0,34,5,9,46,0,60,32,0,32,92
12/03/2022,ORH,MA,ANE,EN,Federal Contract Tower,6,11,0,0,17,0,0,1,0,1,6,11,1,0,18,0,0,0,18
12/04/2022,ORH,MA,ANE,EN,Federal Contract Tower,5,12,3,0,20,0,2,42,0,44,5,14,45,0,64,16,0,16,80
12/05/2022,ORH,MA,ANE,EN,Federal Contract Tower,10,1,6,0,17,0,0,10,0,10,10,1,16,0,27,4,0,4,31
12/06/2022,ORH,MA,ANE,EN,Federal Contract Tower,6,9,2,0,17,0,2,6,0,8,6,11,8,0,25,0,0,0,25
12/07/2022,ORH,MA,ANE,EN,Federal Contract Tower,4,7,2,0,13,0,0,0,0,0,4,7,2,0,13,0,0,0,13
12/08/2022,ORH,MA,ANE,EN,Federal Contract Tower,6,3,13,0,22,0,1,18,0,19,6,4,31,0,41,6,0,6,47
12/09/2022,ORH,MA,ANE,EN,Federal Contract Tower,5,11,9,4,29,0,0,31,0,31,5,11,40,4,60,44,0,44,104
12/10/2022,ORH,MA,ANE,EN,Federal Contract Tower,6,9,1,0,16,0,1,5,0,6,6,10,6,0,22,34,0,34,56
12/11/2022,ORH,MA,ANE,EN,Federal Contract Tower,5,8,3,0,16,0,0,0,0,0,5,8,3,0,16,0,0,0,16
12/12/2022,ORH,MA,ANE,EN,Federal Contract Tower,11,4,2,0,17,0,0,14,0,14,11,4,16,0,31,12,0,12,43
12/13/2022,ORH,MA,ANE,EN,Federal Contract Tower,7,7,9,2,25,0,1,12,0,13,7,8,21,2,38,4,0,4,42
12/14/2022,ORH,MA,ANE,EN,Federal Contract Tower,10,4,5,0,19,0,0,1,8,9,10,4,6,8,28,0,24,24,52
12/15/2022,ORH,MA,ANE,EN,Federal Contract Tower,5,7,3,0,15,0,0,0,0,0,5,7,3,0,15,0,0,0,15
12/16/2022,ORH,MA,ANE,EN,Federal Contract Tower,6,7,4,0,17,0,0,0,0,0,6,7,4,0,17,0,0,0,17
12/17/2022,ORH,MA,ANE,EN,Federal Contract Tower,7,7,2,0,16,0,0,1,0,1,7,7,3,0,17,0,0,0,17
12/18/2022,ORH,MA,ANE,EN,Federal Contract Tower,8,4,5,0,17,0,0,35,0,35,8,4,40,0,52,32,0,32,84
12/19/2022,ORH,MA,ANE,EN,Federal Contract Tower,7,4,8,2,21,0,16,6,0,22,7,20,14,2,43,6,14,20,63
12/20/2022,ORH,MA,ANE,EN,Federal Contract Tower,9,11,11,8,39,0,2,32,1,35,9,13,43,9,74,48,4,52,126
12/21/2022,ORH,MA,ANE,EN,Federal Contract Tower,7,2,28,0,37,0,1,47,0,48,7,3,75,0,85,70,0,70,155
12/22/2022,ORH,MA,ANE,EN,Federal Contract Tower,6,7,5,0,18,0,1,5,0,6,6,8,10,0,24,6,0,6,30
12/23/2022,ORH,MA,ANE,EN,Federal Contract Tower,5,4,0,0,9,0,0,0,0,0,5,4,0,0,9,0,0,0,9
12/24/2022,ORH,MA,ANE,EN,Federal Contract Tower,5,2,0,0,7,0,0,0,0,0,5,2,0,0,7,0,0,0,7
12/25/2022,ORH,MA,ANE,EN,Federal Contract Tower,8,2,1,0,11,0,0,4,0,4,8,2,5,0,15,4,0,4,19
12/26/2022,ORH,MA,ANE,EN,Federal Contract Tower,7,10,9,0,26,0,0,23,0,23,7,10,32,0,49,12,4,16,65
12/27/2022,ORH,MA,ANE,EN,Federal Contract Tower,8,5,9,0,22,0,0,23,0,23,8,5,32,0,45,22,0,22,67
12/28/2022,ORH,MA,ANE,EN,Federal Contract Tower,7,3,5,0,15,0,1,13,2,16,7,4,18,2,31,2,12,14,45
12/29/2022,ORH,MA,ANE,EN,Federal Contract Tower,5,4,9,0,18,0,2,37,0,39,5,6,46,0,57,26,0,26,83
12/30/2022,ORH,MA,ANE,EN,Federal Contract Tower,5,6,5,0,16,0,2,36,0,38,5,8,41,0,54,15,0,15,69
12/31/2022,ORH,MA,ANE,EN,Federal Contract Tower,4,7,9,0,20,0,0,0,0,0,4,7,9,0,20,0,0,0,20
01/01/2023,ORH,MA,ANE,EN,Federal Contract Tower,8,1,1,0,10,0,2,7,0,9,8,3,8,0,19,0,2,2,21
01/02/2023,ORH,MA,ANE,EN,Federal Contract Tower,5,13,13,0,31,0,3,31,0,34,5,16,44,0,65,10,0,10,75
01/03/2023,ORH,MA,ANE,EN,Federal Contract Tower,7,4,3,2,16,0,0,0,0,0,7,4,3,2,16,0,0,0,16
01/04/2023,ORH,MA,ANE,EN,Federal Contract Tower,6,3,0,0,9,0,0,0,0,0,6,3,0,0,9,0,0,0,9
01/05/2023,ORH,MA,ANE,EN,Federal Contract Tower,7,3,3,4,17,0,0,0,0,0,7,3,3,4,17,0,0,0,17
01/06/2023,ORH,MA,ANE,EN,Federal Contract Tower,5,6,2,0,13,0,0,0,0,0,5,6,2,0,13,0,0,0,13
01/07/2023,ORH,MA,ANE,EN,Federal Contract Tower,5,4,13,0,22,0,19,40,0,59,5,23,53,0,81,16,0,16,97
01/08/2023,ORH,MA,ANE,EN,Federal Contract Tower,9,9,8,0,26,0,0,49,0,49,9,9,57,0,75,32,0,32,107
01/09/2023,ORH,MA,ANE,EN,Federal Contract Tower,10,2,8,0,20,0,29,0,0,29,10,31,8,0,49,30,0,30,79
01/10/2023,ORH,MA,ANE,EN,Federal Contract Tower,8,6,18,0,32,0,0,11,0,11,8,6,29,0,43,14,0,14,57
01/11/2023,ORH,MA,ANE,EN,Federal Contract Tower,9,7,6,0,22,0,0,28,0,28,9,7,34,0,50,36,0,36,86
01/12/2023,ORH,MA,ANE,EN,Federal Contract Tower,5,5,3,2,15,0,0,0,0,0,5,5,3,2,15,0,0,0,15
01/13/2023,ORH,MA,ANE,EN,Federal Contract Tower,7,7,3,0,17,0,0,0,0,0,7,7,3,0,17,0,0,0,17
01/14/2023,ORH,MA,ANE,EN,Federal Contract Tower,7,7,0,0,14,0,0,0,0,0,7,7,0,0,14,0,0,0,14
01/15/2023,ORH,MA,ANE,EN,Federal Contract Tower,8,4,0,0,12,0,0,3,0,3,8,4,3,0,15,0,0,0,15
01/16/2023,ORH,MA,ANE,EN,Federal Contract Tower,10,7,5,0,22,0,0,3,0,3,10,7,8,0,25,0,0,0,25
01/17/2023,ORH,MA,ANE,EN,Federal Contract Tower,6,10,4,0,20,0,1,48,0,49,6,11,52,0,69,60,0,60,129
01/19/2023,ORH,MA,ANE,EN,Federal Contract Tower,5,5,6,0,16,0,0,22,0,22,5,5,28,0,38,10,0,10,48
01/20/2023,ORH,MA,ANE,EN,Federal Contract Tower,3,6,1,0,10,0,0,0,0,0,3,6,1,0,10,0,0,0,10
01/21/2023,ORH,MA,ANE,EN,Federal Contract Tower,6,4,2,0,12,0,2,3,0,5,6,6,5,0,17,26,0,26,43
01/22/2023,ORH,MA,ANE,EN,Federal Contract Tower,7,8,4,0,19,0,1,0,0,1,7,9,4,0,20,0,0,0,20
01/23/2023,ORH,MA,ANE,EN,Federal Contract Tower,9,4,2,0,15,0,0,0,0,0,9,4,2,0,15,0,0,0,15
01/24/2023,ORH,MA,ANE,EN,Federal Contract Tower,9,2,3,0,14,0,6,4,0,10,9,8,7,0,24,12,10,22,46
01/25/2023,ORH,MA,ANE,EN,Federal Contract Tower,7,5,4,0,16,0,0,10,0,10,7,5,14,0,26,20,0,20,46
01/26/2023,ORH,MA,ANE,EN,Federal Contract Tower,8,8,3,0,19,0,0,0,0,0,8,8,3,0,19,0,0,0,19
01/27/2023,ORH,MA,ANE,EN,Federal Contract Tower,6,15,8,0,29,0,12,38,0,50,6,27,46,0,79,42,0,42,121
01/28/2023,ORH,MA,ANE,EN,Federal Contract Tower,6,12,2,0,20,0,0,59,0,59,6,12,61,0,79,48,0,48,127
01/29/2023,ORH,MA,ANE,EN,Federal Contract Tower,10,11,2,0,23,0,1,23,0,24,10,12,25,0,47,16,0,16,63
01/30/2023,ORH,MA,ANE,EN,Federal Contract Tower,8,4,8,0,20,0,1,36,1,38,8,5,44,1,58,62,2,64,122
01/31/2023,ORH,MA,ANE,EN,Federal Contract Tower,9,5,3,0,17,0,0,10,0,10,9,5,13,0,27,22,0,22,49
02/01/2023,ORH,MA,ANE,EN,Federal Contract Tower,4,8,13,2,27,0,0,45,0,45,4,8,58,2,72,30,0,30,102
02/02/2023,ORH,MA,ANE,EN,Federal Contract Tower,7,6,7,0,20,0,0,21,0,21,7,6,28,0,41,6,0,6,47
02/03/2023,ORH,MA,ANE,EN,Federal Contract Tower,4,10,5,0,19,0,1,2,0,3,4,11,7,0,22,0,0,0,22
02/04/2023,ORH,MA,ANE,EN,Federal Contract Tower,6,9,3,0,18,0,1,3,0,4,6,10,6,0,22,0,0,0,22
02/05/2023,ORH,MA,ANE,EN,Federal Contract Tower,10,5,2,0,17,0,3,16,2,21,10,8,18,2,38,6,4,10,48
02/06/2023,ORH,MA,ANE,EN,Federal Contract Tower,11,3,2,0,16,0,0,22,0,22,11,3,24,0,38,16,0,16,54
02/07/2023,ORH,MA,ANE,EN,Federal Contract Tower,6,5,4,6,21,0,0,22,0,22,6,5,26,6,43,6,0,6,49
02/08/2023,ORH,MA,ANE,EN,Federal Contract Tower,9,3,8,0,20,0,0,28,0,28,9,3,36,0,48,12,0,12,60
02/09/2023,ORH,MA,ANE,EN,Federal Contract Tower,6,9,3,0,18,0,1,23,0,24,6,10,26,0,42,14,0,14,56
02/10/2023,ORH,MA,ANE,EN,Federal Contract Tower,5,7,3,0,15,0,3,5,0,8,5,10,8,0,23,0,0,0,23
02/11/2023,ORH,MA,ANE,EN,Federal Contract Tower,6,8,17,0,31,0,3,45,0,48,6,11,62,0,79,8,0,8,87
02/12/2023,ORH,MA,ANE,EN,Federal Contract Tower,6,10,1,0,17,0,0,51,0,51,6,10,52,0,68,24,0,24,92
02/13/2023,ORH,MA,ANE,EN,Federal Contract Tower,9,4,6,0,19,0,0,3,0,3,9,4,9,0,22,0,0,0,22
02/14/2023,ORH,MA,ANE,EN,Federal Contract Tower,6,6,8,2,22,0,0,19,0,19,6,6,27,2,41,18,0,18,59
02/15/2023,ORH,MA,ANE,EN,Federal Contract Tower,5,6,1,0,12,0,0,5,2,7,5,6,6,2,19,0,0,0,19
02/16/2023,ORH,MA,ANE,EN,Federal Contract Tower,5,17,7,0,29,0,3,20,6,29,5,20,27,6,58,0,6,6,64
02/17/2023,ORH,MA,ANE,EN,Federal Contract Tower,5,10,3,0,18,0,0,0,0,0,5,10,3,0,18,0,0,0,18
02/18/2023,ORH,MA,ANE,EN,Federal Contract Tower,9,8,9,0,26,0,0,47,0,47,9,8,56,0,73,42,0,42,115
02/19/2023,ORH,MA,ANE,EN,Federal Contract Tower,5,9,0,0,14,0,0,58,0,58,5,9,58,0,72,26,0,26,98
02/20/2023,ORH,MA,ANE,EN,Federal Contract Tower,11,0,9,0,20,0,2,20,0,22,11,2,29,0,42,22,0,22,64
02/21/2023,ORH,MA,ANE,EN,Federal Contract Tower,7,5,0,0,12,0,0,0,0,0,7,5,0,0,12,0,0,0,12
02/23/2023,ORH,MA,ANE,EN,Federal Contract Tower,4,2,1,0,7,0,0,0,0,0,4,2,1,0,7,0,0,0,7
02/24/2023,ORH,MA,ANE,EN,Federal Contract Tower,7,4,5,0,16,0,0,10,0,10,7,4,15,0,26,0,0,0,26
02/25/2023,ORH,MA,ANE,EN,Federal Contract Tower,5,8,2,0,15,0,0,11,0,11,5,8,13,0,26,0,0,0,26
02/26/2023,ORH,MA,ANE,EN,Federal Contract Tower,8,9,7,2,26,0,0,0,0,0,8,9,7,2,26,0,0,0,26
02/27/2023,ORH,MA,ANE,EN,Federal Contract Tower,8,3,8,0,19,0,2,22,0,24,8,5,30,0,43,18,0,18,61
02/28/2023,ORH,MA,ANE,EN,Federal Contract Tower,5,2,1,0,8,0,0,0,0,0,5,2,1,0,8,0,0,0,8
03/01/2023,ORH,MA,ANE,EN,Federal Contract Tower,10,5,7,7,29,1,1,5,0,7,11,6,12,7,36,0,0,0,36
03/02/2023,ORH,MA,ANE,EN,Federal Contract Tower,8,10,3,0,21,0,0,0,0,0,8,10,3,0,21,0,0,0,21
03/03/2023,ORH,MA,ANE,EN,Federal Contract Tower,11,3,5,0,19,0,0,33,1,34,11,3,38,1,53,8,0,8,61
03/04/2023,ORH,MA,ANE,EN,Federal Contract Tower,4,2,0,0,6,0,0,0,0,0,4,2,0,0,6,0,0,0,6
03/05/2023,ORH,MA,ANE,EN,Federal Contract Tower,9,5,2,1,17,0,0,14,1,15,9,5,16,2,32,22,0,22,54
03/06/2023,ORH,MA,ANE,EN,Federal Contract Tower,10,1,2,0,13,0,0,12,0,12,10,1,14,0,25,0,0,0,25
03/07/2023,ORH,MA,ANE,EN,Federal Contract Tower,7,6,3,0,16,0,3,7,0,10,7,9,10,0,26,0,0,0,26
03/08/2023,ORH,MA,ANE,EN,Federal Contract Tower,10,5,6,0,21,0,0,12,2,14,10,5,18,2,35,16,0,16,51
03/09/2023,ORH,MA,ANE,EN,Federal Contract Tower,7,6,7,0,20,0,1,17,2,20,7,7,24,2,40,10,0,10,50
03/10/2023,ORH,MA,ANE,EN,Federal Contract Tower,7,10,4,0,21,0,0,52,0,52,7,10,56,0,73,30,0,30,103
03/11/2023,ORH,MA,ANE,EN,Federal Contract Tower,7,7,0,0,14,0,0,2,0,2,7,7,2,0,16,0,0,0,16
03/12/2023,ORH,MA,ANE,EN,Federal Contract Tower,8,8,7,0,23,0,0,45,0,45,8,8,52,0,68,28,0,28,96
03/13/2023,ORH,MA,ANE,EN,Federal Contract Tower,11,7,1,0,19,0,0,1,0,1,11,7,2,0,20,0,0,0,20
03/14/2023,ORH,MA,ANE,EN,Federal Contract Tower,0,0,0,0,0,0,0,0,0,0,0,0,0,0,0,0,0,0,0
03/15/2023,ORH,MA,ANE,EN,Federal Contract Tower,5,6,0,0,11,0,0,0,0,0,5,6,0,0,11,0,0,0,11
03/16/2023,ORH,MA,ANE,EN,Federal Contract Tower,8,11,8,0,27,0,3,22,2,27,8,14,30,2,54,24,6,30,84
03/17/2023,ORH,MA,ANE,EN,Federal Contract Tower,10,2,6,0,18,0,0,43,0,43,10,2,49,0,61,12,0,12,73
03/18/2023,ORH,MA,ANE,EN,Federal Contract Tower,7,5,2,0,14,0,2,43,0,45,7,7,45,0,59,30,0,30,89
03/19/2023,ORH,MA,ANE,EN,Federal Contract Tower,7,9,10,0,26,0,0,0,0,0,7,9,10,0,26,0,0,0,26
03/20/2023,ORH,MA,ANE,EN,Federal Contract Tower,11,5,19,0,35,0,1,25,0,26,11,6,44,0,61,44,0,44,105
03/21/2023,ORH,MA,ANE,EN,Federal Contract Tower,8,9,10,2,29,0,2,28,0,30,8,11,38,2,59,12,0,12,71
03/22/2023,ORH,MA,ANE,EN,Federal Contract Tower,8,4,7,2,21,0,2,37,2,41,8,6,44,4,62,34,0,34,96
03/23/2023,ORH,MA,ANE,EN,Federal Contract Tower,8,7,2,2,19,0,0,2,0,2,8,7,4,2,21,0,0,0,21
03/24/2023,ORH,MA,ANE,EN,Federal Contract Tower,10,6,4,2,22,0,6,16,2,24,10,12,20,4,46,18,20,38,84
03/25/2023,ORH,MA,ANE,EN,Federal Contract Tower,7,14,7,0,28,0,0,6,0,6,7,14,13,0,34,4,0,4,38
03/26/2023,ORH,MA,ANE,EN,Federal Contract Tower,10,11,4,0,25,0,1,14,0,15,10,12,18,0,40,6,0,6,46
03/27/2023,ORH,MA,ANE,EN,Federal Contract Tower,11,1,13,0,25,0,0,50,0,50,11,1,63,0,75,28,0,28,103
03/28/2023,ORH,MA,ANE,EN,Federal Contract Tower,8,2,6,0,16,0,2,7,0,9,8,4,13,0,25,0,0,0,25
03/29/2023,ORH,MA,ANE,EN,Federal Contract Tower,8,4,13,2,27,0,2,64,0,66,8,6,77,2,93,14,0,14,107
03/30/2023,ORH,MA,ANE,EN,Federal Contract Tower,8,4,5,0,17,0,4,14,0,18,8,8,19,0,35,8,0,8,43
03/31/2023,ORH,MA,ANE,EN,Federal Contract Tower,9,1,10,0,20,0,0,15,2,17,9,1,25,2,37,2,0,2,39
04/01/2023,ORH,MA,ANE,EN,Federal Contract Tower,7,18,0,0,25,0,0,0,0,0,7,18,0,0,25,0,0,0,25
04/02/2023,ORH,MA,ANE,EN,Federal Contract Tower,9,8,2,0,19,0,0,13,0,13,9,8,15,0,32,10,0,10,42
04/03/2023,ORH,MA,ANE,EN,Federal Contract Tower,9,5,0,0,14,0,0,11,0,11,9,5,11,0,25,2,0,2,27
04/04/2023,ORH,MA,ANE,EN,Federal Contract Tower,7,6,11,0,24,0,0,20,0,20,7,6,31,0,44,28,0,28,72
04/05/2023,ORH,MA,ANE,EN,Federal Contract Tower,8,10,11,2,31,0,0,3,0,3,8,10,14,2,34,0,0,0,34
04/06/2023,ORH,MA,ANE,EN,Federal Contract Tower,7,5,10,0,22,0,1,6,0,7,7,6,16,0,29,8,0,8,37
04/07/2023,ORH,MA,ANE,EN,Federal Contract Tower,11,4,3,0,18,0,0,4,4,8,11,4,7,4,26,2,0,2,28
04/08/2023,ORH,MA,ANE,EN,Federal Contract Tower,7,3,13,0,23,0,6,42,0,48,7,9,55,0,71,24,0,24,95
04/09/2023,ORH,MA,ANE,EN,Federal Contract Tower,10,8,0,0,18,0,0,26,0,26,10,8,26,0,44,10,8,18,62
04/10/2023,ORH,MA,ANE,EN,Federal Contract Tower,10,13,15,0,38,0,3,27,2,32,10,16,42,2,70,30,0,30,100
04/11/2023,ORH,MA,ANE,EN,Federal Contract Tower,10,1,7,0,18,0,3,13,0,16,10,4,20,0,34,18,0,18,52
04/12/2023,ORH,MA,ANE,EN,Federal Contract Tower,10,6,2,0,18,0,0,5,0,5,10,6,7,0,23,0,0,0,23
04/13/2023,ORH,MA,ANE,EN,Federal Contract Tower,8,1,12,0,21,0,4,18,0,22,8,5,30,0,43,38,6,44,87
04/14/2023,ORH,MA,ANE,EN,Federal Contract Tower,9,2,18,0,29,0,0,25,0,25,9,2,43,0,54,4,12,16,70
04/15/2023,ORH,MA,ANE,EN,Federal Contract Tower,7,8,7,0,22,0,1,23,0,24,7,9,30,0,46,24,0,24,70
04/16/2023,ORH,MA,ANE,EN,Federal Contract Tower,10,7,10,0,27,0,0,0,0,0,10,7,10,0,27,0,0,0,27
04/17/2023,ORH,MA,ANE,EN,Federal Contract Tower,3,0,2,0,5,0,0,0,0,0,3,0,2,0,5,0,0,0,5
04/18/2023,ORH,MA,ANE,EN,Federal Contract Tower,11,9,1,0,21,6,27,0,0,33,17,36,1,0,54,32,0,32,86
04/19/2023,ORH,MA,ANE,EN,Federal Contract Tower,6,12,29,12,59,0,2,24,0,26,6,14,53,12,85,0,0,0,85
04/20/2023,ORH,MA,ANE,EN,Federal Contract Tower,10,9,15,0,34,0,2,35,0,37,10,11,50,0,71,62,0,62,133
04/21/2023,ORH,MA,ANE,EN,Federal Contract Tower,9,2,9,0,20,0,0,43,0,43,9,2,52,0,63,6,0,6,69
04/22/2023,ORH,MA,ANE,EN,Federal Contract Tower,7,11,24,0,42,0,0,0,0,0,7,11,24,0,42,0,0,0,42
04/23/2023,ORH,MA,ANE,EN,Federal Contract Tower,9,7,2,0,18,0,0,0,0,0,9,7,2,0,18,0,0,0,18
04/24/2023,ORH,MA,ANE,EN,Federal Contract Tower,9,0,7,0,16,0,0,6,2,8,9,0,13,2,24,6,0,6,30
04/25/2023,ORH,MA,ANE,EN,Federal Contract Tower,15,6,7,0,28,0,0,20,6,26,15,6,27,6,54,6,0,6,60
04/26/2023,ORH,MA,ANE,EN,Federal Contract Tower,10,1,6,0,17,0,0,9,0,9,10,1,15,0,26,18,0,18,44
04/27/2023,ORH,MA,ANE,EN,Federal Contract Tower,10,4,12,0,26,0,0,2,0,2,10,4,14,0,28,32,0,32,60
04/28/2023,ORH,MA,ANE,EN,Federal Contract Tower,10,2,15,0,27,0,2,35,0,37,10,4,50,0,64,57,0,57,121
04/29/2023,ORH,MA,ANE,EN,Federal Contract Tower,6,9,7,0,22,0,0,1,0,1,6,9,8,0,23,0,0,0,23
04/30/2023,ORH,MA,ANE,EN,Federal Contract Tower,6,0,1,0,7,0,0,0,0,0,6,0,1,0,7,0,0,0,7
05/01/2023,ORH,MA,ANE,EN,Federal Contract Tower,9,3,1,0,13,0,4,10,0,14,9,7,11,0,27,6,0,6,33
05/02/2023,ORH,MA,ANE,EN,Federal Contract Tower,9,8,3,0,20,0,0,1,0,1,9,8,4,0,21,0,0,0,21
05/03/2023,ORH,MA,ANE,EN,Federal Contract Tower,12,4,10,0,26,0,0,3,0,3,12,4,13,0,29,0,0,0,29
05/04/2023,ORH,MA,ANE,EN,Federal Contract Tower,8,2,11,0,21,0,0,4,0,4,8,2,15,0,25,0,0,0,25
05/05/2023,ORH,MA,ANE,EN,Federal Contract Tower,10,2,12,0,24,0,0,21,0,21,10,2,33,0,45,20,0,20,65
05/06/2023,ORH,MA,ANE,EN,Federal Contract Tower,7,3,31,0,41,0,2,50,0,52,7,5,81,0,93,72,0,72,165
05/07/2023,ORH,MA,ANE,EN,Federal Contract Tower,8,0,30,2,40,0,1,23,0,24,8,1,53,2,64,0,0,0,64
05/08/2023,ORH,MA,ANE,EN,Federal Contract Tower,10,3,1,0,14,0,3,32,0,35,10,6,33,0,49,18,0,18,67
05/09/2023,ORH,MA,ANE,EN,Federal Contract Tower,10,7,3,0,20,0,4,38,0,42,10,11,41,0,62,82,0,82,144
05/10/2023,ORH,MA,ANE,EN,Federal Contract Tower,12,10,14,2,38,0,0,37,0,37,12,10,51,2,75,70,0,70,145
05/11/2023,ORH,MA,ANE,EN,Federal Contract Tower,10,3,14,0,27,0,2,49,0,51,10,5,63,0,78,92,0,92,170
05/12/2023,ORH,MA,ANE,EN,Federal Contract Tower,10,2,19,0,31,0,1,11,0,12,10,3,30,0,43,4,0,4,47
05/13/2023,ORH,MA,ANE,EN,Federal Contract Tower,8,2,15,0,25,0,2,16,0,18,8,4,31,0,43,46,0,46,89
05/14/2023,ORH,MA,ANE,EN,Federal Contract Tower,9,20,9,0,38,0,1,17,0,18,9,21,26,0,56,28,0,28,84
05/15/2023,ORH,MA,ANE,EN,Federal Contract Tower,10,12,21,0,43,0,1,18,0,19,10,13,39,0,62,26,0,26,88
05/16/2023,ORH,MA,ANE,EN,Federal Contract Tower,10,6,6,0,22,0,0,22,1,23,10,6,28,1,45,10,10,20,65
05/17/2023,ORH,MA,ANE,EN,Federal Contract Tower,9,2,6,0,17,0,0,12,0,12,9,2,18,0,29,6,0,6,35
05/18/2023,ORH,MA,ANE,EN,Federal Contract Tower,11,11,23,0,45,0,16,60,0,76,11,27,83,0,121,52,0,52,173
05/19/2023,ORH,MA,ANE,EN,Federal Contract Tower,10,12,10,0,32,0,0,20,0,20,10,12,30,0,52,6,0,6,58
05/20/2023,ORH,MA,ANE,EN,Federal Contract Tower,7,12,17,0,36,0,0,0,0,0,7,12,17,0,36,0,0,0,36
05/21/2023,ORH,MA,ANE,EN,Federal Contract Tower,10,13,16,0,39,0,1,33,0,34,10,14,49,0,73,0,0,0,73
05/22/2023,ORH,MA,ANE,EN,Federal Contract Tower,11,3,9,0,23,0,0,20,0,20,11,3,29,0,43,0,0,0,43
05/23/2023,ORH,MA,ANE,EN,Federal Contract Tower,10,9,4,0,23,0,0,40,0,40,10,9,44,0,63,24,0,24,87
05/24/2023,ORH,MA,ANE,EN,Federal Contract Tower,8,11,4,0,23,0,11,38,5,54,8,22,42,5,77,46,0,46,123
05/25/2023,ORH,MA,ANE,EN,Federal Contract Tower,9,5,7,2,23,0,3,27,0,30,9,8,34,2,53,66,0,66,119
05/26/2023,ORH,MA,ANE,EN,Federal Contract Tower,11,4,12,0,27,0,0,27,0,27,11,4,39,0,54,23,0,23,77
05/27/2023,ORH,MA,ANE,EN,Federal Contract Tower,7,8,9,0,24,0,4,37,0,41,7,12,46,0,65,23,0,23,88
05/28/2023,ORH,MA,ANE,EN,Federal Contract Tower,9,7,5,0,21,0,0,34,0,34,9,7,39,0,55,28,0,28,83
05/29/2023,ORH,MA,ANE,EN,Federal Contract Tower,9,8,11,0,28,0,0,19,0,19,9,8,30,0,47,18,0,18,65
05/30/2023,ORH,MA,ANE,EN,Federal Contract Tower,11,2,1,4,18,0,2,44,5,51,11,4,45,9,69,6,6,12,81
05/31/2023,ORH,MA,ANE,EN,Federal Contract Tower,9,1,14,0,24,0,8,40,0,48,9,9,54,0,72,54,0,54,126
06/01/2023,ORH,MA,ANE,EN,Federal Contract Tower,8,2,18,0,28,0,3,51,0,54,8,5,69,0,82,36,0,36,118
06/02/2023,ORH,MA,ANE,EN,Federal Contract Tower,10,9,9,0,28,0,8,17,0,25,10,17,26,0,53,10,0,10,63
06/03/2023,ORH,MA,ANE,EN,Federal Contract Tower,12,3,21,2,38,0,0,0,0,0,12,3,21,2,38,0,0,0,38
06/04/2023,ORH,MA,ANE,EN,Federal Contract Tower,9,4,6,0,19,0,0,0,0,0,9,4,6,0,19,0,0,0,19
06/05/2023,ORH,MA,ANE,EN,Federal Contract Tower,11,5,8,1,25,0,0,10,1,11,11,5,18,2,36,0,18,18,54
06/06/2023,ORH,MA,ANE,EN,Federal Contract Tower,9,10,12,0,31,0,2,0,0,2,9,12,12,0,33,14,0,14,47
06/07/2023,ORH,MA,ANE,EN,Federal Contract Tower,11,11,19,0,41,0,0,22,2,24,11,11,41,2,65,66,20,86,151
06/08/2023,ORH,MA,ANE,EN,Federal Contract Tower,10,3,4,0,17,0,0,8,0,8,10,3,12,0,25,34,0,34,59
06/09/2023,ORH,MA,ANE,EN,Federal Contract Tower,10,2,8,0,20,0,0,10,0,10,10,2,18,0,30,20,0,20,50
06/10/2023,ORH,MA,ANE,EN,Federal Contract Tower,8,7,20,0,35,0,0,14,0,14,8,7,34,0,49,65,0,65,114
06/11/2023,ORH,MA,ANE,EN,Federal Contract Tower,8,6,15,0,29,0,0,57,2,59,8,6,72,2,88,28,2,30,118
06/12/2023,ORH,MA,ANE,EN,Federal Contract Tower,10,4,3,0,17,0,13,19,0,32,10,17,22,0,49,26,0,26,75
06/13/2023,ORH,MA,ANE,EN,Federal Contract Tower,12,5,1,2,20,0,0,1,0,1,12,5,2,2,21,24,4,28,49
06/14/2023,ORH,MA,ANE,EN,Federal Contract Tower,9,4,19,0,32,0,3,16,0,19,9,7,35,0,51,24,2,26,77
06/15/2023,ORH,MA,ANE,EN,Federal Contract Tower,6,3,12,0,21,0,2,16,0,18,6,5,28,0,39,28,0,28,67
06/16/2023,ORH,MA,ANE,EN,Federal Contract Tower,8,1,6,0,15,0,2,13,0,15,8,3,19,0,30,8,0,8,38
06/17/2023,ORH,MA,ANE,EN,Federal Contract Tower,4,4,8,0,16,0,0,0,0,0,4,4,8,0,16,0,0,0,16
06/18/2023,ORH,MA,ANE,EN,Federal Contract Tower,8,3,15,0,26,0,0,9,0,9,8,3,24,0,35,22,0,22,57
06/19/2023,ORH,MA,ANE,EN,Federal Contract Tower,7,3,5,0,15,0,2,23,0,25,7,5,28,0,40,40,0,40,80
06/20/2023,ORH,MA,ANE,EN,Federal Contract Tower,8,2,9,0,19,0,5,14,0,19,8,7,23,0,38,52,0,52,90
06/21/2023,ORH,MA,ANE,EN,Federal Contract Tower,8,4,31,6,49,0,2,25,2,29,8,6,56,8,78,46,0,46,124
06/22/2023,ORH,MA,ANE,EN,Federal Contract Tower,8,3,20,0,31,0,0,26,0,26,8,3,46,0,57,84,0,84,141
06/23/2023,ORH,MA,ANE,EN,Federal Contract Tower,9,7,11,0,27,0,0,5,0,5,9,7,16,0,32,18,0,18,50
06/24/2023,ORH,MA,ANE,EN,Federal Contract Tower,5,7,6,0,18,0,0,0,0,0,5,7,6,0,18,0,0,0,18
06/25/2023,ORH,MA,ANE,EN,Federal Contract Tower,6,6,13,0,25,0,0,8,0,8,6,6,21,0,33,12,0,12,45
06/26/2023,ORH,MA,ANE,EN,Federal Contract Tower,8,6,12,0,26,0,0,3,0,3,8,6,15,0,29,8,0,8,37
06/27/2023,ORH,MA,ANE,EN,Federal Contract Tower,6,9,7,2,24,0,0,3,0,3,6,9,10,2,27,12,0,12,39
06/28/2023,ORH,MA,ANE,EN,Federal Contract Tower,8,6,7,0,21,0,0,0,0,0,8,6,7,0,21,0,0,0,21
06/29/2023,ORH,MA,ANE,EN,Federal Contract Tower,6,11,14,0,31,0,0,21,0,21,6,11,35,0,52,50,0,50,102
06/30/2023,ORH,MA,ANE,EN,Federal Contract Tower,9,2,13,0,24,0,0,18,0,18,9,2,31,0,42,66,0,66,108
07/01/2023,ORH,MA,ANE,EN,Federal Contract Tower,6,8,5,0,19,0,0,7,0,7,6,8,12,0,26,12,0,12,38
07/02/2023,ORH,MA,ANE,EN,Federal Contract Tower,8,7,4,0,19,0,0,0,0,0,8,7,4,0,19,0,0,0,19
07/03/2023,ORH,MA,ANE,EN,Federal Contract Tower,8,2,7,0,17,0,0,3,0,3,8,2,10,0,20,14,0,14,34
07/04/2023,ORH,MA,ANE,EN,Federal Contract Tower,8,2,1,0,11,0,0,0,0,0,8,2,1,0,11,0,0,0,11
07/05/2023,ORH,MA,ANE,EN,Federal Contract Tower,8,2,14,2,26,0,0,18,0,18,8,2,32,2,44,50,0,50,94
07/06/2023,ORH,MA,ANE,EN,Federal Contract Tower,8,1,12,2,23,0,6,24,2,32,8,7,36,4,55,28,0,28,83
07/07/2023,ORH,MA,ANE,EN,Federal Contract Tower,8,1,10,2,21,0,14,37,10,61,8,15,47,12,82,40,10,50,132
07/08/2023,ORH,MA,ANE,EN,Federal Contract Tower,7,5,7,0,19,0,0,6,0,6,7,5,13,0,25,6,0,6,31
07/09/2023,ORH,MA,ANE,EN,Federal Contract Tower,8,9,10,0,27,0,0,1,0,1,8,9,11,0,28,0,0,0,28
07/10/2023,ORH,MA,ANE,EN,Federal Contract Tower,8,7,11,0,26,0,0,1,0,1,8,7,12,0,27,0,0,0,27
07/11/2023,ORH,MA,ANE,EN,Federal Contract Tower,9,6,13,0,28,0,0,23,0,23,9,6,36,0,51,52,0,52,103
07/12/2023,ORH,MA,ANE,EN,Federal Contract Tower,8,1,17,0,26,0,1,25,0,26,8,2,42,0,52,64,0,64,116
07/17/2023,ORH,MA,ANE,EN,Federal Contract Tower,8,3,12,0,23,0,0,9,0,9,8,3,21,0,32,20,0,20,52
07/18/2023,ORH,MA,ANE,EN,Federal Contract Tower,7,4,9,0,20,0,0,4,4,8,7,4,13,4,28,0,0,0,28
07/19/2023,ORH,MA,ANE,EN,Federal Contract Tower,8,0,14,0,22,0,0,35,6,41,8,0,49,6,63,52,0,52,115
07/20/2023,ORH,MA,ANE,EN,Federal Contract Tower,9,19,15,1,44,0,3,41,1,45,9,22,56,2,89,24,4,28,117
07/21/2023,ORH,MA,ANE,EN,Federal Contract Tower,7,5,8,4,24,0,1,6,0,7,7,6,14,4,31,0,0,0,31
07/22/2023,ORH,MA,ANE,EN,Federal Contract Tower,4,2,9,0,15,0,10,28,6,44,4,12,37,6,59,36,12,48,107
07/23/2023,ORH,MA,ANE,EN,Federal Contract Tower,8,3,10,0,21,0,0,37,0,37,8,3,47,0,58,72,0,72,130
07/24/2023,ORH,MA,ANE,EN,Federal Contract Tower,8,7,2,0,17,0,0,31,0,31,8,7,33,0,48,64,0,64,112
07/25/2023,ORH,MA,ANE,EN,Federal Contract Tower,7,1,8,0,16,0,0,1,0,1,7,1,9,0,17,18,0,18,35
07/26/2023,ORH,MA,ANE,EN,Federal Contract Tower,9,3,19,0,31,0,0,37,0,37,9,3,56,0,68,58,0,58,126
07/27/2023,ORH,MA,ANE,EN,Federal Contract Tower,8,3,6,0,17,0,0,2,0,2,8,3,8,0,19,0,0,0,19
07/28/2023,ORH,MA,ANE,EN,Federal Contract Tower,8,3,17,0,28,0,0,26,0,26,8,3,43,0,54,18,0,18,72
07/29/2023,ORH,MA,ANE,EN,Federal Contract Tower,4,9,2,0,15,0,0,9,0,9,4,9,11,0,24,12,0,12,36
07/30/2023,ORH,MA,ANE,EN,Federal Contract Tower,8,5,9,0,22,0,0,23,0,23,8,5,32,0,45,34,0,34,79
07/31/2023,ORH,MA,ANE,EN,Federal Contract Tower,5,1,4,0,10,0,0,45,0,45,5,1,49,0,55,28,0,28,83
08/01/2023,ORH,MA,ANE,EN,Federal Contract Tower,8,4,16,0,28,0,0,23,0,23,8,4,39,0,51,44,6,50,101
08/02/2023,ORH,MA,ANE,EN,Federal Contract Tower,8,13,15,1,37,0,5,50,0,55,8,18,65,1,92,92,0,92,184
08/03/2023,ORH,MA,ANE,EN,Federal Contract Tower,8,4,3,0,15,0,1,36,0,37,8,5,39,0,52,68,0,68,120
08/04/2023,ORH,MA,ANE,EN,Federal Contract Tower,6,0,4,0,10,0,0,1,0,1,6,0,5,0,11,16,0,16,27
08/05/2023,ORH,MA,ANE,EN,Federal Contract Tower,6,2,3,0,11,0,0,22,0,22,6,2,25,0,33,22,0,22,55
08/06/2023,ORH,MA,ANE,EN,Federal Contract Tower,8,3,18,0,29,0,1,58,8,67,8,4,76,8,96,70,0,70,166
08/07/2023,ORH,MA,ANE,EN,Federal Contract Tower,6,5,1,0,12,0,0,2,0,2,6,5,3,0,14,2,0,2,16
08/08/2023,ORH,MA,ANE,EN,Federal Contract Tower,8,2,4,0,14,0,0,0,0,0,8,2,4,0,14,0,0,0,14
08/09/2023,ORH,MA,ANE,EN,Federal Contract Tower,8,6,13,0,27,0,18,10,0,28,8,24,23,0,55,30,0,30,85
08/10/2023,ORH,MA,ANE,EN,Federal Contract Tower,8,9,11,4,32,0,4,13,0,17,8,13,24,4,49,26,0,26,75
08/11/2023,ORH,MA,ANE,EN,Federal Contract Tower,6,6,3,0,15,0,4,18,0,22,6,10,21,0,37,25,0,25,62
08/12/2023,ORH,MA,ANE,EN,Federal Contract Tower,6,4,8,0,18,0,0,30,0,30,6,4,38,0,48,28,0,28,76
08/13/2023,ORH,MA,ANE,EN,Federal Contract Tower,10,5,10,0,25,0,0,18,0,18,10,5,28,0,43,38,0,38,81
08/14/2023,ORH,MA,ANE,EN,Federal Contract Tower,8,1,1,0,10,0,1,28,0,29,8,2,29,0,39,62,0,62,101
08/15/2023,ORH,MA,ANE,EN,Federal Contract Tower,8,3,7,0,18,0,0,0,0,0,8,3,7,0,18,0,0,0,18
08/18/2023,ORH,MA,ANE,EN,Federal Contract Tower,6,3,4,0,13,0,1,9,0,10,6,4,13,0,23,12,0,12,35
08/19/2023,ORH,MA,ANE,EN,Federal Contract Tower,6,4,2,0,12,0,0,28,0,28,6,4,30,0,40,32,0,32,72
08/20/2023,ORH,MA,ANE,EN,Federal Contract Tower,10,8,8,0,26,0,0,39,0,39,10,8,47,0,65,44,0,44,109
08/21/2023,ORH,MA,ANE,EN,Federal Contract Tower,8,1,4,0,13,0,0,17,0,17,8,1,21,0,30,38,0,38,68
08/22/2023,ORH,MA,ANE,EN,Federal Contract Tower,8,0,12,0,20,0,3,29,0,32,8,3,41,0,52,42,0,42,94
08/23/2023,ORH,MA,ANE,EN,Federal Contract Tower,8,2,13,0,23,0,12,33,0,45,8,14,46,0,68,76,0,76,144
08/24/2023,ORH,MA,ANE,EN,Federal Contract Tower,8,2,4,2,16,0,6,25,0,31,8,8,29,2,47,50,0,50,97
08/25/2023,ORH,MA,ANE,EN,Federal Contract Tower,6,2,1,0,9,0,0,0,0,0,6,2,1,0,9,0,0,0,9
08/26/2023,ORH,MA,ANE,EN,Federal Contract Tower,6,4,5,0,15,0,7,19,0,26,6,11,24,0,41,84,0,84,125
08/27/2023,ORH,MA,ANE,EN,Federal Contract Tower,8,3,3,1,15,0,0,11,1,12,8,3,14,2,27,30,0,30,57
08/28/2023,ORH,MA,ANE,EN,Federal Contract Tower,8,1,17,0,26,0,0,11,0,11,8,1,28,0,37,28,0,28,65
08/29/2023,ORH,MA,ANE,EN,Federal Contract Tower,10,1,11,0,22,0,0,2,0,2,10,1,13,0,24,18,0,18,42
08/30/2023,ORH,MA,ANE,EN,Federal Contract Tower,8,2,2,0,12,0,8,10,2,20,8,10,12,2,32,0,0,0,32
08/31/2023,ORH,MA,ANE,EN,Federal Contract Tower,8,1,3,0,12,0,6,29,2,37,8,7,32,2,49,20,0,20,69
01/01/2020,ORH,MA,ANE,EN,Federal Contract Tower,7,5,6,0,18,0,0,12,0,12,7,5,18,0,30,6,0,6,36
01/02/2020,ORH,MA,ANE,EN,Federal Contract Tower,10,2,2,0,14,0,1,54,0,55,10,3,56,0,69,106,0,106,175
01/03/2020,ORH,MA,ANE,EN,Federal Contract Tower,11,9,1,1,22,0,0,12,0,12,11,9,13,1,34,12,0,12,46
01/04/2020,ORH,MA,ANE,EN,Federal Contract Tower,5,2,0,0,7,0,0,0,0,0,5,2,0,0,7,0,0,0,7
01/05/2020,ORH,MA,ANE,EN,Federal Contract Tower,10,0,1,0,11,0,0,3,1,4,10,0,4,1,15,0,0,0,15
01/06/2020,ORH,MA,ANE,EN,Federal Contract Tower,9,2,4,0,15,0,0,3,0,3,9,2,7,0,18,0,6,6,24
01/07/2020,ORH,MA,ANE,EN,Federal Contract Tower,10,0,5,0,15,0,0,17,0,17,10,0,22,0,32,64,0,64,96
01/08/2020,ORH,MA,ANE,EN,Federal Contract Tower,9,5,1,0,15,0,0,6,0,6,9,5,7,0,21,6,0,6,27
01/09/2020,ORH,MA,ANE,EN,Federal Contract Tower,10,1,2,0,13,0,1,34,2,37,10,2,36,2,50,30,0,30,80
01/10/2020,ORH,MA,ANE,EN,Federal Contract Tower,9,2,3,0,14,0,2,12,0,14,9,4,15,0,28,2,0,2,30
01/11/2020,ORH,MA,ANE,EN,Federal Contract Tower,7,3,0,0,10,0,0,0,0,0,7,3,0,0,10,0,0,0,10
01/12/2020,ORH,MA,ANE,EN,Federal Contract Tower,8,2,1,0,11,0,0,0,0,0,8,2,1,0,11,0,0,0,11
01/13/2020,ORH,MA,ANE,EN,Federal Contract Tower,8,1,3,0,12,0,0,1,0,1,8,1,4,0,13,0,0,0,13
01/14/2020,ORH,MA,ANE,EN,Federal Contract Tower,10,9,13,0,32,0,0,16,0,16,10,9,29,0,48,38,0,38,86
01/15/2020,ORH,MA,ANE,EN,Federal Contract Tower,9,5,7,4,25,0,2,39,6,47,9,7,46,10,72,42,4,46,118
01/16/2020,ORH,MA,ANE,EN,Federal Contract Tower,10,4,0,0,14,0,0,0,2,2,10,4,0,2,16,0,6,6,22
01/17/2020,ORH,MA,ANE,EN,Federal Contract Tower,10,4,0,0,14,0,0,3,0,3,10,4,3,0,17,0,0,0,17
01/18/2020,ORH,MA,ANE,EN,Federal Contract Tower,7,2,1,0,10,0,2,11,0,13,7,4,12,0,23,22,0,22,45
01/19/2020,ORH,MA,ANE,EN,Federal Contract Tower,9,0,5,0,14,0,0,5,0,5,9,0,10,0,19,0,0,0,19
01/20/2020,ORH,MA,ANE,EN,Federal Contract Tower,10,3,2,0,15,0,0,22,0,22,10,3,24,0,37,8,0,8,45
01/21/2020,ORH,MA,ANE,EN,Federal Contract Tower,9,2,5,0,16,0,2,36,0,38,9,4,41,0,54,8,0,8,62
01/22/2020,ORH,MA,ANE,EN,Federal Contract Tower,9,5,5,0,19,0,0,49,6,55,9,5,54,6,74,52,2,54,128
01/23/2020,ORH,MA,ANE,EN,Federal Contract Tower,10,5,4,0,19,0,2,31,2,35,10,7,35,2,54,44,0,44,98
01/24/2020,ORH,MA,ANE,EN,Federal Contract Tower,9,3,6,0,18,0,2,16,0,18,9,5,22,0,36,14,0,14,50
01/25/2020,ORH,MA,ANE,EN,Federal Contract Tower,6,6,4,0,16,0,0,0,0,0,6,6,4,0,16,0,0,0,16
01/26/2020,ORH,MA,ANE,EN,Federal Contract Tower,8,1,12,0,21,0,0,37,0,37,8,1,49,0,58,24,0,24,82
01/27/2020,ORH,MA,ANE,EN,Federal Contract Tower,9,5,3,0,17,0,4,10,0,14,9,9,13,0,31,12,0,12,43
01/28/2020,ORH,MA,ANE,EN,Federal Contract Tower,8,6,3,2,19,0,2,5,2,9,8,8,8,4,28,2,10,12,40
01/29/2020,ORH,MA,ANE,EN,Federal Contract Tower,10,3,5,4,22,0,0,50,0,50,10,3,55,4,72,48,0,48,120
01/30/2020,ORH,MA,ANE,EN,Federal Contract Tower,10,2,10,3,25,0,4,46,2,52,10,6,56,5,77,36,8,44,121
01/31/2020,ORH,MA,ANE,EN,Federal Contract Tower,8,2,3,0,13,0,2,27,0,29,8,4,30,0,42,30,0,30,72
02/01/2020,ORH,MA,ANE,EN,Federal Contract Tower,9,3,0,0,12,0,0,0,0,0,9,3,0,0,12,0,0,0,12
02/02/2020,ORH,MA,ANE,EN,Federal Contract Tower,6,1,7,0,14,0,2,18,0,20,6,3,25,0,34,50,0,50,84
02/03/2020,ORH,MA,ANE,EN,Federal Contract Tower,9,0,9,0,18,0,0,8,0,8,9,0,17,0,26,26,0,26,52
02/04/2020,ORH,MA,ANE,EN,Federal Contract Tower,11,4,4,2,21,0,0,7,0,7,11,4,11,2,28,42,0,42,70
02/05/2020,ORH,MA,ANE,EN,Federal Contract Tower,10,4,13,1,28,0,0,12,1,13,10,4,25,2,41,38,0,38,79
02/06/2020,ORH,MA,ANE,EN,Federal Contract Tower,7,2,1,0,10,0,0,0,0,0,7,2,1,0,10,0,0,0,10
02/07/2020,ORH,MA,ANE,EN,Federal Contract Tower,9,0,1,0,10,0,0,0,0,0,9,0,1,0,10,0,0,0,10
02/08/2020,ORH,MA,ANE,EN,Federal Contract Tower,7,2,0,0,9,0,0,13,6,19,7,2,13,6,28,14,0,14,42
02/09/2020,ORH,MA,ANE,EN,Federal Contract Tower,9,0,5,4,18,0,0,15,0,15,9,0,20,4,33,16,0,16,49
02/10/2020,ORH,MA,ANE,EN,Federal Contract Tower,10,0,3,0,13,0,0,0,0,0,10,0,3,0,13,0,0,0,13
02/11/2020,ORH,MA,ANE,EN,Federal Contract Tower,7,2,0,0,9,0,0,0,0,0,7,2,0,0,9,0,0,0,9
02/12/2020,ORH,MA,ANE,EN,Federal Contract Tower,10,5,6,2,23,0,1,22,0,23,10,6,28,2,46,28,0,28,74
02/13/2020,ORH,MA,ANE,EN,Federal Contract Tower,11,4,3,0,18,0,0,0,0,0,11,4,3,0,18,0,0,0,18
02/14/2020,ORH,MA,ANE,EN,Federal Contract Tower,8,4,1,0,13,0,0,20,0,20,8,4,21,0,33,0,0,0,33
02/15/2020,ORH,MA,ANE,EN,Federal Contract Tower,8,2,2,0,12,0,0,64,0,64,8,2,66,0,76,28,0,28,104
02/16/2020,ORH,MA,ANE,EN,Federal Contract Tower,7,0,3,0,10,0,0,41,0,41,7,0,44,0,51,46,0,46,97
02/17/2020,ORH,MA,ANE,EN,Federal Contract Tower,9,2,7,0,18,0,0,18,0,18,9,2,25,0,36,16,0,16,52
02/18/2020,ORH,MA,ANE,EN,Federal Contract Tower,8,6,0,0,14,0,0,0,0,0,8,6,0,0,14,0,0,0,14
02/19/2020,ORH,MA,ANE,EN,Federal Contract Tower,10,8,10,0,28,0,1,11,0,12,10,9,21,0,40,16,0,16,56
02/20/2020,ORH,MA,ANE,EN,Federal Contract Tower,9,11,2,0,22,0,0,15,0,15,9,11,17,0,37,28,0,28,65
02/21/2020,ORH,MA,ANE,EN,Federal Contract Tower,11,4,4,4,23,0,1,37,2,40,11,5,41,6,63,18,0,18,81
02/22/2020,ORH,MA,ANE,EN,Federal Contract Tower,9,2,8,0,19,0,4,22,0,26,9,6,30,0,45,40,0,40,85
02/23/2020,ORH,MA,ANE,EN,Federal Contract Tower,8,4,6,0,18,0,0,66,0,66,8,4,72,0,84,86,0,86,170
02/24/2020,ORH,MA,ANE,EN,Federal Contract Tower,10,14,3,0,27,0,0,26,0,26,10,14,29,0,53,52,0,52,105
02/25/2020,ORH,MA,ANE,EN,Federal Contract Tower,10,3,4,2,19,0,2,6,2,10,10,5,10,4,29,2,0,2,31
02/26/2020,ORH,MA,ANE,EN,Federal Contract Tower,9,2,3,0,14,0,0,3,0,3,9,2,6,0,17,18,0,18,35
02/27/2020,ORH,MA,ANE,EN,Federal Contract Tower,9,0,2,0,11,0,0,0,0,0,9,0,2,0,11,0,0,0,11
02/28/2020,ORH,MA,ANE,EN,Federal Contract Tower,9,3,7,0,19,0,0,13,0,13,9,3,20,0,32,20,0,20,52
02/29/2020,ORH,MA,ANE,EN,Federal Contract Tower,8,2,1,0,11,0,4,11,0,15,8,6,12,0,26,12,0,12,38
03/01/2020,ORH,MA,ANE,EN,Federal Contract Tower,11,2,3,0,16,0,0,27,0,27,11,2,30,0,43,30,0,30,73
03/02/2020,ORH,MA,ANE,EN,Federal Contract Tower,9,6,0,2,17,0,0,9,0,9,9,6,9,2,26,46,0,46,72
03/03/2020,ORH,MA,ANE,EN,Federal Contract Tower,8,1,7,2,18,0,0,21,4,25,8,1,28,6,43,44,4,48,91
03/04/2020,ORH,MA,ANE,EN,Federal Contract Tower,11,8,4,0,23,0,0,10,0,10,11,8,14,0,33,0,0,0,33
03/05/2020,ORH,MA,ANE,EN,Federal Contract Tower,9,3,8,0,20,0,0,24,3,27,9,3,32,3,47,52,2,54,101
03/06/2020,ORH,MA,ANE,EN,Federal Contract Tower,9,2,6,0,17,0,2,33,0,35,9,4,39,0,52,22,0,22,74
03/07/2020,ORH,MA,ANE,EN,Federal Contract Tower,7,3,0,2,12,0,0,4,4,8,7,3,4,6,20,0,6,6,26
03/08/2020,ORH,MA,ANE,EN,Federal Contract Tower,11,3,7,0,21,0,4,33,0,37,11,7,40,0,58,30,0,30,88
03/09/2020,ORH,MA,ANE,EN,Federal Contract Tower,10,2,6,0,18,0,0,15,0,15,10,2,21,0,33,8,0,8,41
03/10/2020,ORH,MA,ANE,EN,Federal Contract Tower,10,13,12,0,35,0,8,4,4,16,10,21,16,4,51,22,10,32,83
03/11/2020,ORH,MA,ANE,EN,Federal Contract Tower,10,3,3,0,16,0,0,33,4,37,10,3,36,4,53,58,2,60,113
03/12/2020,ORH,MA,ANE,EN,Federal Contract Tower,6,1,6,0,13,0,0,26,0,26,6,1,32,0,39,26,0,26,65
03/13/2020,ORH,MA,ANE,EN,Federal Contract Tower,11,7,1,0,19,0,0,0,0,0,11,7,1,0,19,0,0,0,19
03/14/2020,ORH,MA,ANE,EN,Federal Contract Tower,8,3,4,0,15,0,2,23,0,25,8,5,27,0,40,6,0,6,46
03/15/2020,ORH,MA,ANE,EN,Federal Contract Tower,7,3,5,0,15,0,0,35,0,35,7,3,40,0,50,28,0,28,78
03/16/2020,ORH,MA,ANE,EN,Federal Contract Tower,10,0,12,0,22,0,0,24,0,24,10,0,36,0,46,2,0,2,48
03/17/2020,ORH,MA,ANE,EN,Federal Contract Tower,8,3,0,0,11,0,0,0,0,0,8,3,0,0,11,0,0,0,11
03/18/2020,ORH,MA,ANE,EN,Federal Contract Tower,8,4,0,0,12,0,1,54,0,55,8,5,54,0,67,68,0,68,135
03/19/2020,ORH,MA,ANE,EN,Federal Contract Tower,9,5,3,0,17,0,0,0,0,0,9,5,3,0,17,0,0,0,17
03/20/2020,ORH,MA,ANE,EN,Federal Contract Tower,4,4,5,0,13,0,0,0,0,0,4,4,5,0,13,2,0,2,15
03/21/2020,ORH,MA,ANE,EN,Federal Contract Tower,9,0,2,0,11,0,2,43,0,45,9,2,45,0,56,38,0,38,94
03/22/2020,ORH,MA,ANE,EN,Federal Contract Tower,9,3,4,0,16,0,0,29,0,29,9,3,33,0,45,96,0,96,141
03/23/2020,ORH,MA,ANE,EN,Federal Contract Tower,2,4,0,0,6,0,0,1,0,1,2,4,1,0,7,0,0,0,7
03/24/2020,ORH,MA,ANE,EN,Federal Contract Tower,11,0,12,0,23,0,2,1,0,3,11,2,13,0,26,0,0,0,26
03/25/2020,ORH,MA,ANE,EN,Federal Contract Tower,1,0,6,0,7,0,2,0,0,2,1,2,6,0,9,0,0,0,9
03/26/2020,ORH,MA,ANE,EN,Federal Contract Tower,2,2,2,0,6,0,0,16,0,16,2,2,18,0,22,30,0,30,52
03/27/2020,ORH,MA,ANE,EN,Federal Contract Tower,5,0,0,0,5,0,0,18,2,20,5,0,18,2,25,8,0,8,33
03/28/2020,ORH,MA,ANE,EN,Federal Contract Tower,0,2,4,0,6,0,0,36,0,36,0,2,40,0,42,0,0,0,42
03/29/2020,ORH,MA,ANE,EN,Federal Contract Tower,2,1,9,0,12,0,0,0,0,0,2,1,9,0,12,0,0,0,12
03/30/2020,ORH,MA,ANE,EN,Federal Contract Tower,5,2,0,0,7,0,0,0,0,0,5,2,0,0,7,0,0,0,7
03/31/2020,ORH,MA,ANE,EN,Federal Contract Tower,5,4,0,0,9,0,0,11,0,11,5,4,11,0,20,0,0,0,20
04/01/2020,ORH,MA,ANE,EN,Federal Contract Tower,1,2,2,0,5,0,0,16,0,16,1,2,18,0,21,0,0,0,21
04/02/2020,ORH,MA,ANE,EN,Federal Contract Tower,3,4,0,0,7,0,2,1,0,3,3,6,1,0,10,0,0,0,10
04/03/2020,ORH,MA,ANE,EN,Federal Contract Tower,5,1,0,0,6,0,0,0,0,0,5,1,0,0,6,0,0,0,6
04/04/2020,ORH,MA,ANE,EN,Federal Contract Tower,0,2,9,0,11,0,0,14,0,14,0,2,23,0,25,6,0,6,31
04/05/2020,ORH,MA,ANE,EN,Federal Contract Tower,6,0,3,0,9,0,0,7,0,7,6,0,10,0,16,0,0,0,16
04/06/2020,ORH,MA,ANE,EN,Federal Contract Tower,2,2,12,0,16,0,0,10,0,10,2,2,22,0,26,8,0,8,34
04/07/2020,ORH,MA,ANE,EN,Federal Contract Tower,5,0,5,0,10,0,2,14,0,16,5,2,19,0,26,4,2,6,32
04/08/2020,ORH,MA,ANE,EN,Federal Contract Tower,3,2,7,0,12,0,0,5,0,5,3,2,12,0,17,0,0,0,17
04/09/2020,ORH,MA,ANE,EN,Federal Contract Tower,3,0,0,0,3,0,1,0,0,1,3,1,0,0,4,0,0,0,4
04/10/2020,ORH,MA,ANE,EN,Federal Contract Tower,5,3,2,0,10,0,2,4,0,6,5,5,6,0,16,0,0,0,16
04/11/2020,ORH,MA,ANE,EN,Federal Contract Tower,3,2,0,0,5,0,0,4,0,4,3,2,4,0,9,0,0,0,9
04/12/2020,ORH,MA,ANE,EN,Federal Contract Tower,6,0,4,0,10,0,0,19,1,20,6,0,23,1,30,26,2,28,58
04/13/2020,ORH,MA,ANE,EN,Federal Contract Tower,4,0,0,0,4,0,0,0,0,0,4,0,0,0,4,0,0,0,4
04/14/2020,ORH,MA,ANE,EN,Federal Contract Tower,6,7,4,1,18,0,0,17,1,18,6,7,21,2,36,4,2,6,42
04/15/2020,ORH,MA,ANE,EN,Federal Contract Tower,4,5,4,2,15,0,0,5,0,5,4,5,9,2,20,10,0,10,30
04/16/2020,ORH,MA,ANE,EN,Federal Contract Tower,0,0,0,0,0,0,2,9,0,11,0,2,9,0,11,4,0,4,15
04/17/2020,ORH,MA,ANE,EN,Federal Contract Tower,0,0,0,0,0,0,2,10,0,12,0,2,10,0,12,6,0,6,18
04/18/2020,ORH,MA,ANE,EN,Federal Contract Tower,0,2,2,0,4,0,0,0,0,0,0,2,2,0,4,0,0,0,4
04/19/2020,ORH,MA,ANE,EN,Federal Contract Tower,2,0,1,0,3,0,0,14,0,14,2,0,15,0,17,22,0,22,39
04/20/2020,ORH,MA,ANE,EN,Federal Contract Tower,2,2,4,0,8,0,0,24,0,24,2,2,28,0,32,22,0,22,54
04/21/2020,ORH,MA,ANE,EN,Federal Contract Tower,0,2,1,0,3,0,0,0,0,0,0,2,1,0,3,0,0,0,3
04/22/2020,ORH,MA,ANE,EN,Federal Contract Tower,4,4,7,0,15,0,0,5,0,5,4,4,12,0,20,0,0,0,20
04/23/2020,ORH,MA,ANE,EN,Federal Contract Tower,4,2,1,0,7,0,0,27,0,27,4,2,28,0,34,17,0,17,51
04/24/2020,ORH,MA,ANE,EN,Federal Contract Tower,5,2,11,0,18,0,2,2,0,4,5,4,13,0,22,0,0,0,22
04/25/2020,ORH,MA,ANE,EN,Federal Contract Tower,0,3,4,0,7,0,6,51,0,57,0,9,55,0,64,16,0,16,80
04/26/2020,ORH,MA,ANE,EN,Federal Contract Tower,4,0,0,0,4,0,0,6,0,6,4,0,6,0,10,2,0,2,12
04/27/2020,ORH,MA,ANE,EN,Federal Contract Tower,4,0,0,0,4,0,0,0,0,0,4,0,0,0,4,0,0,0,4
04/28/2020,ORH,MA,ANE,EN,Federal Contract Tower,5,2,9,0,16,0,0,30,0,30,5,2,39,0,46,8,0,8,54
04/29/2020,ORH,MA,ANE,EN,Federal Contract Tower,5,8,8,0,21,0,0,34,0,34,5,8,42,0,55,0,0,0,55
04/30/2020,ORH,MA,ANE,EN,Federal Contract Tower,4,2,7,2,15,0,0,2,0,2,4,2,9,2,17,0,0,0,17
05/01/2020,ORH,MA,ANE,EN,Federal Contract Tower,4,1,4,0,9,0,0,0,0,0,4,1,4,0,9,0,0,0,9
05/02/2020,ORH,MA,ANE,EN,Federal Contract Tower,0,4,1,0,5,0,0,9,0,9,0,4,10,0,14,6,0,6,20
05/03/2020,ORH,MA,ANE,EN,Federal Contract Tower,5,2,2,0,9,0,1,17,0,18,5,3,19,0,27,12,0,12,39
05/04/2020,ORH,MA,ANE,EN,Federal Contract Tower,5,2,3,0,10,0,2,18,0,20,5,4,21,0,30,0,0,0,30
05/05/2020,ORH,MA,ANE,EN,Federal Contract Tower,3,5,7,0,15,0,12,18,0,30,3,17,25,0,45,16,0,16,61
05/06/2020,ORH,MA,ANE,EN,Federal Contract Tower,4,3,5,0,12,0,0,42,2,44,4,3,47,2,56,34,0,34,90
05/07/2020,ORH,MA,ANE,EN,Federal Contract Tower,5,2,3,4,14,0,2,34,2,38,5,4,37,6,52,20,0,20,72
05/08/2020,ORH,MA,ANE,EN,Federal Contract Tower,2,12,3,0,17,0,1,10,0,11,2,13,13,0,28,26,0,26,54
05/09/2020,ORH,MA,ANE,EN,Federal Contract Tower,0,4,0,0,4,0,0,0,0,0,0,4,0,0,4,0,0,0,4
05/10/2020,ORH,MA,ANE,EN,Federal Contract Tower,5,2,0,0,7,0,0,4,0,4,5,2,4,0,11,0,0,0,11
05/11/2020,ORH,MA,ANE,EN,Federal Contract Tower,2,3,4,0,9,0,0,3,0,3,2,3,7,0,12,0,0,0,12
05/12/2020,ORH,MA,ANE,EN,Federal Contract Tower,3,5,3,6,17,0,0,22,0,22,3,5,25,6,39,16,0,16,55
05/13/2020,ORH,MA,ANE,EN,Federal Contract Tower,3,4,0,0,7,0,1,17,2,20,3,5,17,2,27,6,12,18,45
05/14/2020,ORH,MA,ANE,EN,Federal Contract Tower,5,0,1,0,6,0,10,34,2,46,5,10,35,2,52,10,20,30,82
05/15/2020,ORH,MA,ANE,EN,Federal Contract Tower,2,2,8,0,12,0,0,10,0,10,2,2,18,0,22,2,0,2,24
05/16/2020,ORH,MA,ANE,EN,Federal Contract Tower,0,2,1,0,3,0,2,34,0,36,0,4,35,0,39,20,0,20,59
05/17/2020,ORH,MA,ANE,EN,Federal Contract Tower,4,3,6,0,13,0,0,38,0,38,4,3,44,0,51,14,0,14,65
05/18/2020,ORH,MA,ANE,EN,Federal Contract Tower,4,0,2,0,6,0,0,10,0,10,4,0,12,0,16,2,0,2,18
05/19/2020,ORH,MA,ANE,EN,Federal Contract Tower,3,3,1,0,7,0,4,10,0,14,3,7,11,0,21,0,0,0,21
05/20/2020,ORH,MA,ANE,EN,Federal Contract Tower,4,4,4,4,16,0,2,16,2,20,4,6,20,6,36,12,0,12,48
05/21/2020,ORH,MA,ANE,EN,Federal Contract Tower,3,0,6,0,9,0,2,29,4,35,3,2,35,4,44,28,22,50,94
05/22/2020,ORH,MA,ANE,EN,Federal Contract Tower,4,1,1,0,6,0,2,13,0,15,4,3,14,0,21,52,0,52,73
05/23/2020,ORH,MA,ANE,EN,Federal Contract Tower,0,6,0,0,6,0,0,13,0,13,0,6,13,0,19,0,0,0,19
05/24/2020,ORH,MA,ANE,EN,Federal Contract Tower,6,5,9,0,20,0,0,40,0,40,6,5,49,0,60,32,0,32,92
05/25/2020,ORH,MA,ANE,EN,Federal Contract Tower,3,0,27,0,30,0,0,2,0,2,3,0,29,0,32,20,0,20,52
05/26/2020,ORH,MA,ANE,EN,Federal Contract Tower,3,0,8,0,11,0,0,20,0,20,3,0,28,0,31,4,0,4,35
05/27/2020,ORH,MA,ANE,EN,Federal Contract Tower,4,2,8,0,14,0,2,22,0,24,4,4,30,0,38,2,0,2,40
05/28/2020,ORH,MA,ANE,EN,Federal Contract Tower,3,5,5,0,13,0,0,1,0,1,3,5,6,0,14,0,0,0,14
05/29/2020,ORH,MA,ANE,EN,Federal Contract Tower,6,5,13,0,24,0,0,3,0,3,6,5,16,0,27,0,0,0,27
05/30/2020,ORH,MA,ANE,EN,Federal Contract Tower,0,4,2,0,6,0,0,30,0,30,0,4,32,0,36,8,0,8,44
05/31/2020,ORH,MA,ANE,EN,Federal Contract Tower,7,2,5,0,14,0,0,24,1,25,7,2,29,1,39,18,4,22,61
06/01/2020,ORH,MA,ANE,EN,Federal Contract Tower,3,0,2,0,5,0,0,15,0,15,3,0,17,0,20,4,0,4,24
06/02/2020,ORH,MA,ANE,EN,Federal Contract Tower,3,3,1,0,7,0,2,30,0,32,3,5,31,0,39,38,0,38,77
06/03/2020,ORH,MA,ANE,EN,Federal Contract Tower,4,1,0,0,5,0,10,6,4,20,4,11,6,4,25,6,0,6,31
06/04/2020,ORH,MA,ANE,EN,Federal Contract Tower,3,4,1,4,12,0,0,20,0,20,3,4,21,4,32,22,0,22,54
06/05/2020,ORH,MA,ANE,EN,Federal Contract Tower,4,2,11,0,17,0,0,3,0,3,4,2,14,0,20,0,0,0,20
06/06/2020,ORH,MA,ANE,EN,Federal Contract Tower,0,4,1,0,5,0,0,16,0,16,0,4,17,0,21,0,0,0,21
06/07/2020,ORH,MA,ANE,EN,Federal Contract Tower,5,7,7,0,19,0,0,17,1,18,5,7,24,1,37,20,2,22,59
06/08/2020,ORH,MA,ANE,EN,Federal Contract Tower,1,0,3,0,4,0,0,31,2,33,1,0,34,2,37,18,16,34,71
06/09/2020,ORH,MA,ANE,EN,Federal Contract Tower,3,0,9,0,12,0,2,36,4,42,3,2,45,4,54,8,22,30,84
06/10/2020,ORH,MA,ANE,EN,Federal Contract Tower,4,1,5,0,10,0,0,34,0,34,4,1,39,0,44,18,0,18,62
06/11/2020,ORH,MA,ANE,EN,Federal Contract Tower,4,3,3,0,10,0,0,0,0,0,4,3,3,0,10,0,0,0,10
06/12/2020,ORH,MA,ANE,EN,Federal Contract Tower,4,0,2,0,6,0,0,35,0,35,4,0,37,0,41,16,0,16,57
06/13/2020,ORH,MA,ANE,EN,Federal Contract Tower,0,4,4,0,8,0,1,51,0,52,0,5,55,0,60,24,0,24,84
06/14/2020,ORH,MA,ANE,EN,Federal Contract Tower,2,2,6,0,10,0,0,33,0,33,2,2,39,0,43,16,0,16,59
06/15/2020,ORH,MA,ANE,EN,Federal Contract Tower,2,2,12,0,16,0,0,31,0,31,2,2,43,0,47,10,10,20,67
06/16/2020,ORH,MA,ANE,EN,Federal Contract Tower,0,6,7,2,15,0,0,41,2,43,0,6,48,4,58,6,2,8,66
06/17/2020,ORH,MA,ANE,EN,Federal Contract Tower,2,4,0,2,8,0,0,37,0,37,2,4,37,2,45,24,0,24,69
06/18/2020,ORH,MA,ANE,EN,Federal Contract Tower,2,0,7,0,9,0,0,32,0,32,2,0,39,0,41,28,2,30,71
06/19/2020,ORH,MA,ANE,EN,Federal Contract Tower,2,1,7,2,12,0,0,21,2,23,2,1,28,4,35,14,4,18,53
06/20/2020,ORH,MA,ANE,EN,Federal Contract Tower,2,5,2,0,9,0,0,22,0,22,2,5,24,0,31,24,0,24,55
06/21/2020,ORH,MA,ANE,EN,Federal Contract Tower,2,2,0,0,4,0,0,22,0,22,2,2,22,0,26,38,0,38,64
06/22/2020,ORH,MA,ANE,EN,Federal Contract Tower,2,2,5,2,11,0,0,8,0,8,2,2,13,2,19,10,0,10,29
06/23/2020,ORH,MA,ANE,EN,Federal Contract Tower,2,0,26,0,28,0,0,14,2,16,2,0,40,2,44,22,8,30,74
06/24/2020,ORH,MA,ANE,EN,Federal Contract Tower,2,0,2,2,6,0,0,9,0,9,2,0,11,2,15,34,0,34,49
06/25/2020,ORH,MA,ANE,EN,Federal Contract Tower,2,1,4,1,8,0,0,20,0,20,2,1,24,1,28,6,2,8,36
06/26/2020,ORH,MA,ANE,EN,Federal Contract Tower,2,6,2,0,10,0,0,29,0,29,2,6,31,0,39,16,0,16,55
06/27/2020,ORH,MA,ANE,EN,Federal Contract Tower,2,8,12,0,22,0,0,21,0,21,2,8,33,0,43,8,0,8,51
06/28/2020,ORH,MA,ANE,EN,Federal Contract Tower,2,4,9,0,15,0,0,27,0,27,2,4,36,0,42,38,0,38,80
06/29/2020,ORH,MA,ANE,EN,Federal Contract Tower,2,4,6,0,12,0,0,0,0,0,2,4,6,0,12,0,0,0,12
06/30/2020,ORH,MA,ANE,EN,Federal Contract Tower,3,0,2,0,5,0,0,15,0,15,3,0,17,0,20,4,0,4,24
07/01/2020,ORH,MA,ANE,EN,Federal Contract Tower,2,2,5,0,9,0,2,2,0,4,2,4,7,0,13,0,0,0,13
07/02/2020,ORH,MA,ANE,EN,Federal Contract Tower,2,0,4,0,6,0,2,25,0,27,2,2,29,0,33,16,0,16,49
07/03/2020,ORH,MA,ANE,EN,Federal Contract Tower,2,2,11,0,15,0,0,2,0,2,2,2,13,0,17,2,0,2,19
07/04/2020,ORH,MA,ANE,EN,Federal Contract Tower,2,3,3,0,8,0,0,14,0,14,2,3,17,0,22,16,0,16,38
07/05/2020,ORH,MA,ANE,EN,Federal Contract Tower,2,3,3,0,8,0,0,17,0,17,2,3,20,0,25,24,0,24,49
07/06/2020,ORH,MA,ANE,EN,Federal Contract Tower,2,4,8,2,16,0,0,20,0,20,2,4,28,2,36,0,0,0,36
07/07/2020,ORH,MA,ANE,EN,Federal Contract Tower,2,0,10,4,16,0,1,20,0,21,2,1,30,4,37,42,0,42,79
07/08/2020,ORH,MA,ANE,EN,Federal Contract Tower,2,3,1,4,10,0,0,1,0,1,2,3,2,4,11,0,0,0,11
07/09/2020,ORH,MA,ANE,EN,Federal Contract Tower,2,0,6,0,8,0,0,28,2,30,2,0,34,2,38,54,6,60,98
07/10/2020,ORH,MA,ANE,EN,Federal Contract Tower,2,1,5,1,9,0,0,4,0,4,2,1,9,1,13,2,2,4,17
07/11/2020,ORH,MA,ANE,EN,Federal Contract Tower,2,2,2,0,6,0,0,4,0,4,2,2,6,0,10,8,0,8,18
07/12/2020,ORH,MA,ANE,EN,Federal Contract Tower,0,4,6,0,10,0,0,28,0,28,0,4,34,0,38,32,0,32,70
07/13/2020,ORH,MA,ANE,EN,Federal Contract Tower,2,7,8,0,17,0,0,2,0,2,2,7,10,0,19,4,0,4,23
07/14/2020,ORH,MA,ANE,EN,Federal Contract Tower,0,6,3,0,9,0,0,14,0,14,0,6,17,0,23,18,0,18,41
07/15/2020,ORH,MA,ANE,EN,Federal Contract Tower,2,0,19,0,21,0,0,17,2,19,2,0,36,2,40,20,0,20,60
07/16/2020,ORH,MA,ANE,EN,Federal Contract Tower,2,3,7,0,12,0,0,33,0,33,2,3,40,0,45,28,0,28,73
07/17/2020,ORH,MA,ANE,EN,Federal Contract Tower,2,1,16,0,19,0,0,0,0,0,2,1,16,0,19,0,0,0,19
07/18/2020,ORH,MA,ANE,EN,Federal Contract Tower,2,3,3,0,8,0,0,48,2,50,2,3,51,2,58,28,4,32,90
07/19/2020,ORH,MA,ANE,EN,Federal Contract Tower,2,3,4,0,9,0,0,22,0,22,2,3,26,0,31,4,0,4,35
07/20/2020,ORH,MA,ANE,EN,Federal Contract Tower,2,0,3,0,5,0,0,14,0,14,2,0,17,0,19,2,0,2,21
07/21/2020,ORH,MA,ANE,EN,Federal Contract Tower,2,0,4,0,6,0,0,52,0,52,2,0,56,0,58,74,0,74,132
07/22/2020,ORH,MA,ANE,EN,Federal Contract Tower,2,2,2,0,6,0,0,17,0,17,2,2,19,0,23,12,0,12,35
07/23/2020,ORH,MA,ANE,EN,Federal Contract Tower,2,4,6,0,12,0,0,21,1,22,2,4,27,1,34,6,2,8,42
07/24/2020,ORH,MA,ANE,EN,Federal Contract Tower,2,0,9,0,11,0,0,44,0,44,2,0,53,0,55,24,0,24,79
07/25/2020,ORH,MA,ANE,EN,Federal Contract Tower,3,6,6,0,15,0,0,50,2,52,3,6,56,2,67,44,2,46,113
07/26/2020,ORH,MA,ANE,EN,Federal Contract Tower,2,2,3,0,7,0,0,36,0,36,2,2,39,0,43,18,0,18,61
07/27/2020,ORH,MA,ANE,EN,Federal Contract Tower,2,0,4,0,6,0,0,13,0,13,2,0,17,0,19,26,0,26,45
07/28/2020,ORH,MA,ANE,EN,Federal Contract Tower,2,0,6,0,8,0,0,4,0,4,2,0,10,0,12,14,0,14,26
07/29/2020,ORH,MA,ANE,EN,Federal Contract Tower,2,0,9,2,13,0,0,22,0,22,2,0,31,2,35,40,0,40,75
07/30/2020,ORH,MA,ANE,EN,Federal Contract Tower,2,0,11,0,13,0,0,27,0,27,2,0,38,0,40,22,0,22,62
07/31/2020,ORH,MA,ANE,EN,Federal Contract Tower,2,3,6,0,11,0,0,34,2,36,2,3,40,2,47,28,0,28,75
08/01/2020,ORH,MA,ANE,EN,Federal Contract Tower,2,6,2,0,10,0,0,50,1,51,2,6,52,1,61,21,2,23,84
08/02/2020,ORH,MA,ANE,EN,Federal Contract Tower,2,2,6,0,10,0,0,7,0,7,2,2,13,0,17,12,0,12,29
08/03/2020,ORH,MA,ANE,EN,Federal Contract Tower,2,0,5,0,7,0,0,28,0,28,2,0,33,0,35,12,6,18,53
08/04/2020,ORH,MA,ANE,EN,Federal Contract Tower,2,1,3,0,6,0,0,1,0,1,2,1,4,0,7,0,0,0,7
08/05/2020,ORH,MA,ANE,EN,Federal Contract Tower,2,3,4,2,11,0,0,35,4,39,2,3,39,6,50,34,0,34,84
08/06/2020,ORH,MA,ANE,EN,Federal Contract Tower,2,3,7,0,12,0,0,31,4,35,2,3,38,4,47,30,0,30,77
08/07/2020,ORH,MA,ANE,EN,Federal Contract Tower,2,1,2,0,5,0,0,29,0,29,2,1,31,0,34,0,0,0,34
08/08/2020,ORH,MA,ANE,EN,Federal Contract Tower,2,3,5,0,10,0,0,24,0,24,2,3,29,0,34,32,0,32,66
08/09/2020,ORH,MA,ANE,EN,Federal Contract Tower,2,5,7,0,14,0,0,31,0,31,2,5,38,0,45,40,0,40,85
08/10/2020,ORH,MA,ANE,EN,Federal Contract Tower,2,0,0,0,2,0,0,16,0,16,2,0,16,0,18,18,0,18,36
08/11/2020,ORH,MA,ANE,EN,Federal Contract Tower,2,0,3,0,5,0,0,11,0,11,2,0,14,0,16,0,0,0,16
08/12/2020,ORH,MA,ANE,EN,Federal Contract Tower,2,3,4,0,9,0,0,9,2,11,2,3,13,2,20,18,0,18,38
08/13/2020,ORH,MA,ANE,EN,Federal Contract Tower,2,1,2,3,8,0,0,31,2,33,2,1,33,5,41,24,2,26,67
08/14/2020,ORH,MA,ANE,EN,Federal Contract Tower,2,2,0,0,4,0,0,39,0,39,2,2,39,0,43,44,0,44,87
08/15/2020,ORH,MA,ANE,EN,Federal Contract Tower,2,4,10,0,16,0,0,5,0,5,2,4,15,0,21,8,0,8,29
08/16/2020,ORH,MA,ANE,EN,Federal Contract Tower,2,2,43,0,47,0,0,1,0,1,2,2,44,0,48,0,0,0,48
08/17/2020,ORH,MA,ANE,EN,Federal Contract Tower,2,5,6,4,17,0,0,15,0,15,2,5,21,4,32,20,0,20,52
08/18/2020,ORH,MA,ANE,EN,Federal Contract Tower,2,0,6,4,12,0,2,50,0,52,2,2,56,4,64,20,0,20,84
08/19/2020,ORH,MA,ANE,EN,Federal Contract Tower,2,4,3,4,13,0,0,34,0,34,2,4,37,4,47,8,0,8,55
08/20/2020,ORH,MA,ANE,EN,Federal Contract Tower,2,1,4,0,7,0,3,27,0,30,2,4,31,0,37,22,0,22,59
08/21/2020,ORH,MA,ANE,EN,Federal Contract Tower,2,1,5,0,8,0,2,38,0,40,2,3,43,0,48,36,0,36,84
08/22/2020,ORH,MA,ANE,EN,Federal Contract Tower,2,2,2,0,6,0,0,37,0,37,2,2,39,0,43,18,0,18,61
08/23/2020,ORH,MA,ANE,EN,Federal Contract Tower,2,3,7,0,12,0,0,31,0,31,2,3,38,0,43,54,0,54,97
08/24/2020,ORH,MA,ANE,EN,Federal Contract Tower,2,2,5,2,11,0,0,10,0,10,2,2,15,2,21,14,0,14,35
08/25/2020,ORH,MA,ANE,EN,Federal Contract Tower,2,4,6,0,12,0,4,12,0,16,2,8,18,0,28,20,0,20,48
08/26/2020,ORH,MA,ANE,EN,Federal Contract Tower,2,1,1,2,6,0,1,35,2,38,2,2,36,4,44,8,2,10,54
08/27/2020,ORH,MA,ANE,EN,Federal Contract Tower,2,5,3,0,10,0,3,1,0,4,2,8,4,0,14,0,0,0,14
08/28/2020,ORH,MA,ANE,EN,Federal Contract Tower,2,6,3,0,11,0,0,35,0,35,2,6,38,0,46,16,0,16,62
08/29/2020,ORH,MA,ANE,EN,Federal Contract Tower,0,2,4,0,6,0,0,0,0,0,0,2,4,0,6,0,0,0,6
08/30/2020,ORH,MA,ANE,EN,Federal Contract Tower,2,2,2,0,6,0,0,13,0,13,2,2,15,0,19,0,0,0,19
08/31/2020,ORH,MA,ANE,EN,Federal Contract Tower,2,3,9,0,14,0,0,18,0,18,2,3,27,0,32,12,0,12,44
09/01/2020,ORH,MA,ANE,EN,Federal Contract Tower,2,0,2,0,4,0,2,17,2,21,2,2,19,2,25,26,0,26,51
09/02/2020,ORH,MA,ANE,EN,Federal Contract Tower,0,0,2,0,2,0,0,0,0,0,0,0,2,0,2,0,0,0,2
09/03/2020,ORH,MA,ANE,EN,Federal Contract Tower,2,2,12,0,16,0,2,45,1,48,2,4,57,1,64,50,2,52,116
09/04/2020,ORH,MA,ANE,EN,Federal Contract Tower,2,2,1,0,5,0,2,32,0,34,2,4,33,0,39,28,0,28,67
09/05/2020,ORH,MA,ANE,EN,Federal Contract Tower,2,2,3,0,7,0,0,39,0,39,2,2,42,0,46,48,0,48,94
09/06/2020,ORH,MA,ANE,EN,Federal Contract Tower,2,2,4,0,8,0,0,38,0,38,2,2,42,0,46,42,0,42,88
09/07/2020,ORH,MA,ANE,EN,Federal Contract Tower,2,2,1,0,5,0,0,20,0,20,2,2,21,0,25,5,0,5,30
09/08/2020,ORH,MA,ANE,EN,Federal Contract Tower,2,2,7,0,11,0,4,15,0,19,2,6,22,0,30,6,0,6,36
09/09/2020,ORH,MA,ANE,EN,Federal Contract Tower,2,4,2,0,8,0,0,39,1,40,2,4,41,1,48,6,12,18,66
09/10/2020,ORH,MA,ANE,EN,Federal Contract Tower,2,3,9,0,14,0,0,0,0,0,2,3,9,0,14,0,0,0,14
09/11/2020,ORH,MA,ANE,EN,Federal Contract Tower,2,3,8,0,13,0,3,16,0,19,2,6,24,0,32,8,0,8,40
09/12/2020,ORH,MA,ANE,EN,Federal Contract Tower,2,8,1,0,11,0,0,55,0,55,2,8,56,0,66,32,0,32,98
09/13/2020,ORH,MA,ANE,EN,Federal Contract Tower,2,2,6,0,10,0,0,20,0,20,2,2,26,0,30,2,0,2,32
09/14/2020,ORH,MA,ANE,EN,Federal Contract Tower,2,0,3,0,5,0,0,4,0,4,2,0,7,0,9,0,0,0,9
09/15/2020,ORH,MA,ANE,EN,Federal Contract Tower,2,0,5,0,7,0,2,22,0,24,2,2,27,0,31,14,0,14,45
09/16/2020,ORH,MA,ANE,EN,Federal Contract Tower,2,2,7,0,11,0,0,14,2,16,2,2,21,2,27,0,0,0,27
09/17/2020,ORH,MA,ANE,EN,Federal Contract Tower,2,2,3,0,7,0,3,11,4,18,2,5,14,4,25,18,8,26,51
09/18/2020,ORH,MA,ANE,EN,Federal Contract Tower,2,0,2,0,4,0,2,13,0,15,2,2,15,0,19,6,0,6,25
09/19/2020,ORH,MA,ANE,EN,Federal Contract Tower,2,2,4,0,8,0,0,27,0,27,2,2,31,0,35,10,0,10,45
09/20/2020,ORH,MA,ANE,EN,Federal Contract Tower,2,2,2,0,6,0,0,28,0,28,2,2,30,0,34,2,0,2,36
09/21/2020,ORH,MA,ANE,EN,Federal Contract Tower,2,2,1,0,5,0,0,6,0,6,2,2,7,0,11,6,0,6,17
09/22/2020,ORH,MA,ANE,EN,Federal Contract Tower,2,8,0,0,10,0,2,6,0,8,2,10,6,0,18,18,0,18,36
09/23/2020,ORH,MA,ANE,EN,Federal Contract Tower,2,3,4,2,11,0,2,17,0,19,2,5,21,2,30,6,0,6,36
09/24/2020,ORH,MA,ANE,EN,Federal Contract Tower,2,3,8,0,13,0,1,27,0,28,2,4,35,0,41,22,0,22,63
09/25/2020,ORH,MA,ANE,EN,Federal Contract Tower,2,11,2,0,15,0,0,24,0,24,2,11,26,0,39,22,0,22,61
09/26/2020,ORH,MA,ANE,EN,Federal Contract Tower,2,5,4,0,11,0,1,32,0,33,2,6,36,0,44,34,0,34,78
09/27/2020,ORH,MA,ANE,EN,Federal Contract Tower,2,2,7,0,11,0,0,2,0,2,2,2,9,0,13,4,0,4,17
09/28/2020,ORH,MA,ANE,EN,Federal Contract Tower,2,2,2,0,6,0,0,6,0,6,2,2,8,0,12,8,0,8,20
09/29/2020,ORH,MA,ANE,EN,Federal Contract Tower,2,1,10,0,13,0,0,20,0,20,2,1,30,0,33,52,0,52,85
09/30/2020,ORH,MA,ANE,EN,Federal Contract Tower,2,3,7,0,12,0,2,11,2,15,2,5,18,2,27,0,0,0,27
10/01/2020,ORH,MA,ANE,EN,Federal Contract Tower,0,7,7,2,16,0,3,37,2,42,0,10,44,4,58,56,0,56,114
10/02/2020,ORH,MA,ANE,EN,Federal Contract Tower,0,0,5,0,5,0,1,14,0,15,0,1,19,0,20,6,0,6,26
10/03/2020,ORH,MA,ANE,EN,Federal Contract Tower,0,9,7,0,16,0,0,59,0,59,0,9,66,0,75,34,0,34,109
10/04/2020,ORH,MA,ANE,EN,Federal Contract Tower,0,4,7,0,11,0,0,40,0,40,0,4,47,0,51,16,0,16,67
10/05/2020,ORH,MA,ANE,EN,Federal Contract Tower,0,0,8,0,8,0,0,6,0,6,0,0,14,0,14,4,0,4,18
10/06/2020,ORH,MA,ANE,EN,Federal Contract Tower,0,1,7,6,14,0,2,16,2,20,0,3,23,8,34,2,0,2,36
10/07/2020,ORH,MA,ANE,EN,Federal Contract Tower,0,1,10,0,11,0,2,0,0,2,0,3,10,0,13,0,0,0,13
10/08/2020,ORH,MA,ANE,EN,Federal Contract Tower,0,7,7,0,14,0,2,13,5,20,0,9,20,5,34,6,8,14,48
10/09/2020,ORH,MA,ANE,EN,Federal Contract Tower,0,4,6,0,10,0,2,39,0,41,0,6,45,0,51,6,0,6,57
10/10/2020,ORH,MA,ANE,EN,Federal Contract Tower,0,3,2,0,5,0,0,12,0,12,0,3,14,0,17,8,0,8,25
10/11/2020,ORH,MA,ANE,EN,Federal Contract Tower,0,8,10,0,18,0,0,32,0,32,0,8,42,0,50,12,0,12,62
10/12/2020,ORH,MA,ANE,EN,Federal Contract Tower,0,3,3,0,6,0,1,5,0,6,0,4,8,0,12,0,0,0,12
10/13/2020,ORH,MA,ANE,EN,Federal Contract Tower,0,5,9,0,14,0,0,0,0,0,0,5,9,0,14,0,0,0,14
10/14/2020,ORH,MA,ANE,EN,Federal Contract Tower,0,2,13,0,15,0,1,39,2,42,0,3,52,2,57,38,0,38,95
10/15/2020,ORH,MA,ANE,EN,Federal Contract Tower,0,2,4,1,7,0,2,5,2,9,0,4,9,3,16,4,2,6,22
10/16/2020,ORH,MA,ANE,EN,Federal Contract Tower,0,5,14,0,19,0,0,0,0,0,0,5,14,0,19,0,0,0,19
10/17/2020,ORH,MA,ANE,EN,Federal Contract Tower,0,7,5,0,12,0,0,12,1,13,0,7,17,1,25,18,2,20,45
10/18/2020,ORH,MA,ANE,EN,Federal Contract Tower,0,4,4,0,8,0,0,60,2,62,0,4,64,2,70,36,12,48,118
10/19/2020,ORH,MA,ANE,EN,Federal Contract Tower,0,0,3,0,3,0,0,16,0,16,0,0,19,0,19,16,0,16,35
10/20/2020,ORH,MA,ANE,EN,Federal Contract Tower,0,0,14,4,18,0,0,2,0,2,0,0,16,4,20,2,0,2,22
10/21/2020,ORH,MA,ANE,EN,Federal Contract Tower,0,1,7,0,8,0,1,2,1,4,0,2,9,1,12,0,0,0,12
10/22/2020,ORH,MA,ANE,EN,Federal Contract Tower,0,1,10,2,13,0,2,34,0,36,0,3,44,2,49,14,0,14,63
10/23/2020,ORH,MA,ANE,EN,Federal Contract Tower,0,3,8,0,11,0,0,1,0,1,0,3,9,0,12,4,0,4,16
10/24/2020,ORH,MA,ANE,EN,Federal Contract Tower,0,5,7,0,12,0,0,1,0,1,0,5,8,0,13,0,0,0,13
10/25/2020,ORH,MA,ANE,EN,Federal Contract Tower,0,5,7,0,12,0,0,25,0,25,0,5,32,0,37,20,0,20,57
10/26/2020,ORH,MA,ANE,EN,Federal Contract Tower,0,0,11,0,11,0,0,0,0,0,0,0,11,0,11,0,0,0,11
10/27/2020,ORH,MA,ANE,EN,Federal Contract Tower,0,1,15,0,16,0,4,28,2,34,0,5,43,2,50,42,0,42,92
10/28/2020,ORH,MA,ANE,EN,Federal Contract Tower,0,0,4,0,4,0,0,0,0,0,0,0,4,0,4,0,0,0,4
10/29/2020,ORH,MA,ANE,EN,Federal Contract Tower,0,2,6,0,8,0,0,0,0,0,0,2,6,0,8,0,0,0,8
10/30/2020,ORH,MA,ANE,EN,Federal Contract Tower,0,2,1,0,3,0,0,0,0,0,0,2,1,0,3,0,0,0,3
10/31/2020,ORH,MA,ANE,EN,Federal Contract Tower,0,2,5,1,8,0,0,51,0,51,0,2,56,1,59,30,0,30,89
11/01/2020,ORH,MA,ANE,EN,Federal Contract Tower,0,10,1,0,11,0,0,6,0,6,0,10,7,0,17,0,0,0,17
11/02/2020,ORH,MA,ANE,EN,Federal Contract Tower,0,1,4,0,5,0,0,4,0,4,0,1,8,0,9,0,0,0,9
11/03/2020,ORH,MA,ANE,EN,Federal Contract Tower,0,1,5,0,6,0,0,4,0,4,0,1,9,0,10,0,0,0,10
11/04/2020,ORH,MA,ANE,EN,Federal Contract Tower,0,1,4,0,5,0,2,31,2,35,0,3,35,2,40,24,6,30,70
11/05/2020,ORH,MA,ANE,EN,Federal Contract Tower,0,9,6,0,15,0,3,17,1,21,0,12,23,1,36,24,0,24,60
11/06/2020,ORH,MA,ANE,EN,Federal Contract Tower,0,0,2,0,2,0,2,26,0,28,0,2,28,0,30,12,0,12,42
11/07/2020,ORH,MA,ANE,EN,Federal Contract Tower,0,4,3,0,7,0,0,64,0,64,0,4,67,0,71,34,0,34,105
11/08/2020,ORH,MA,ANE,EN,Federal Contract Tower,0,2,3,0,5,0,0,78,0,78,0,2,81,0,83,34,0,34,117
11/09/2020,ORH,MA,ANE,EN,Federal Contract Tower,0,1,5,0,6,0,0,38,0,38,0,1,43,0,44,44,0,44,88
11/10/2020,ORH,MA,ANE,EN,Federal Contract Tower,0,1,4,2,7,0,0,21,0,21,0,1,25,2,28,28,0,28,56
11/11/2020,ORH,MA,ANE,EN,Federal Contract Tower,0,2,10,0,12,0,0,2,0,2,0,2,12,0,14,0,0,0,14
11/12/2020,ORH,MA,ANE,EN,Federal Contract Tower,0,4,15,0,19,0,0,3,2,5,0,4,18,2,24,16,6,22,46
11/13/2020,ORH,MA,ANE,EN,Federal Contract Tower,0,3,6,0,9,0,0,0,0,0,0,3,6,0,9,4,0,4,13
11/14/2020,ORH,MA,ANE,EN,Federal Contract Tower,0,2,3,0,5,0,0,53,0,53,0,2,56,0,58,46,0,46,104
11/15/2020,ORH,MA,ANE,EN,Federal Contract Tower,0,2,4,0,6,0,0,15,0,15,0,2,19,0,21,4,0,4,25
11/16/2020,ORH,MA,ANE,EN,Federal Contract Tower,0,2,8,0,10,0,0,5,0,5,0,2,13,0,15,8,0,8,23
11/17/2020,ORH,MA,ANE,EN,Federal Contract Tower,0,3,16,0,19,0,2,33,0,35,0,5,49,0,54,42,0,42,96
11/18/2020,ORH,MA,ANE,EN,Federal Contract Tower,0,0,9,0,9,0,0,12,2,14,0,0,21,2,23,0,0,0,23
11/19/2020,ORH,MA,ANE,EN,Federal Contract Tower,0,4,7,0,11,0,2,13,8,23,0,6,20,8,34,0,10,10,44
11/20/2020,ORH,MA,ANE,EN,Federal Contract Tower,0,3,1,0,4,0,0,14,0,14,0,3,15,0,18,24,0,24,42
11/21/2020,ORH,MA,ANE,EN,Federal Contract Tower,0,8,7,2,17,0,0,51,1,52,0,8,58,3,69,48,4,52,121
11/22/2020,ORH,MA,ANE,EN,Federal Contract Tower,0,3,2,2,7,0,0,7,2,9,0,3,9,4,16,6,2,8,24
11/23/2020,ORH,MA,ANE,EN,Federal Contract Tower,0,0,4,0,4,0,0,0,0,0,0,0,4,0,4,0,0,0,4
11/24/2020,ORH,MA,ANE,EN,Federal Contract Tower,0,3,14,2,19,0,0,20,0,20,0,3,34,2,39,30,0,30,69
11/25/2020,ORH,MA,ANE,EN,Federal Contract Tower,0,1,3,1,5,0,0,15,0,15,0,1,18,1,20,28,2,30,50
11/26/2020,ORH,MA,ANE,EN,Federal Contract Tower,0,0,2,0,2,0,0,0,0,0,0,0,2,0,2,0,0,0,2
11/27/2020,ORH,MA,ANE,EN,Federal Contract Tower,0,5,4,0,9,0,1,27,0,28,0,6,31,0,37,46,0,46,83
11/28/2020,ORH,MA,ANE,EN,Federal Contract Tower,0,7,4,0,11,0,2,32,0,34,0,9,36,0,45,40,0,40,85
11/29/2020,ORH,MA,ANE,EN,Federal Contract Tower,0,11,14,0,25,0,1,38,0,39,0,12,52,0,64,52,0,52,116
11/30/2020,ORH,MA,ANE,EN,Federal Contract Tower,0,3,3,0,6,0,0,2,0,2,0,3,5,0,8,0,0,0,8
12/01/2020,ORH,MA,ANE,EN,Federal Contract Tower,0,3,6,0,9,0,0,1,2,3,0,3,7,2,12,2,0,2,14
12/02/2020,ORH,MA,ANE,EN,Federal Contract Tower,0,1,13,2,16,0,0,5,0,5,0,1,18,2,21,6,0,6,27
12/03/2020,ORH,MA,ANE,EN,Federal Contract Tower,0,0,5,0,5,0,0,20,0,20,0,0,25,0,25,28,0,28,53
12/04/2020,ORH,MA,ANE,EN,Federal Contract Tower,0,4,0,0,4,0,0,10,0,10,0,4,10,0,14,2,0,2,16
12/05/2020,ORH,MA,ANE,EN,Federal Contract Tower,0,0,0,0,0,0,0,0,0,0,0,0,0,0,0,0,0,0,0
12/06/2020,ORH,MA,ANE,EN,Federal Contract Tower,0,4,1,0,5,0,0,2,0,2,0,4,3,0,7,6,0,6,13
12/07/2020,ORH,MA,ANE,EN,Federal Contract Tower,0,0,10,0,10,0,0,22,0,22,0,0,32,0,32,10,0,10,42
12/08/2020,ORH,MA,ANE,EN,Federal Contract Tower,0,1,3,0,4,0,0,4,2,6,0,1,7,2,10,10,0,10,20
12/09/2020,ORH,MA,ANE,EN,Federal Contract Tower,0,1,3,0,4,0,0,4,2,6,0,1,7,2,10,10,0,10,20
12/10/2020,ORH,MA,ANE,EN,Federal Contract Tower,0,1,8,2,11,0,0,13,0,13,0,1,21,2,24,10,2,12,36
12/11/2020,ORH,MA,ANE,EN,Federal Contract Tower,0,0,5,0,5,0,0,29,0,29,0,0,34,0,34,40,0,40,74
12/12/2020,ORH,MA,ANE,EN,Federal Contract Tower,0,2,0,0,2,0,0,0,0,0,0,2,0,0,2,0,0,0,2
12/13/2020,ORH,MA,ANE,EN,Federal Contract Tower,0,4,15,0,19,0,0,16,0,16,0,4,31,0,35,28,0,28,63
12/14/2020,ORH,MA,ANE,EN,Federal Contract Tower,0,0,4,0,4,0,0,0,0,0,0,0,4,0,4,0,0,0,4
12/15/2020,ORH,MA,ANE,EN,Federal Contract Tower,0,0,9,2,11,0,0,16,0,16,0,0,25,2,27,12,14,26,53
12/16/2020,ORH,MA,ANE,EN,Federal Contract Tower,0,0,12,0,12,0,0,16,0,16,0,0,28,0,28,28,0,28,56
12/17/2020,ORH,MA,ANE,EN,Federal Contract Tower,0,2,3,0,5,0,0,0,0,0,0,2,3,0,5,0,0,0,5
12/18/2020,ORH,MA,ANE,EN,Federal Contract Tower,0,8,1,2,11,0,0,4,0,4,0,8,5,2,15,10,0,10,25
12/19/2020,ORH,MA,ANE,EN,Federal Contract Tower,0,6,5,0,11,0,0,24,0,24,0,6,29,0,35,8,0,8,43
12/20/2020,ORH,MA,ANE,EN,Federal Contract Tower,0,2,1,0,3,0,0,13,0,13,0,2,14,0,16,0,0,0,16
12/21/2020,ORH,MA,ANE,EN,Federal Contract Tower,0,4,1,0,5,0,0,0,0,0,0,4,1,0,5,0,0,0,5
12/22/2020,ORH,MA,ANE,EN,Federal Contract Tower,0,5,7,0,12,0,1,20,5,26,0,6,27,5,38,2,4,6,44
12/23/2020,ORH,MA,ANE,EN,Federal Contract Tower,0,1,12,2,15,0,2,35,2,39,0,3,47,4,54,30,2,32,86
12/24/2020,ORH,MA,ANE,EN,Federal Contract Tower,0,2,0,0,2,0,0,8,0,8,0,2,8,0,10,10,0,10,20
12/25/2020,ORH,MA,ANE,EN,Federal Contract Tower,0,0,0,0,0,0,0,0,0,0,0,0,0,0,0,0,0,0,0
12/26/2020,ORH,MA,ANE,EN,Federal Contract Tower,0,5,2,0,7,0,0,18,0,18,0,5,20,0,25,20,0,20,45
12/27/2020,ORH,MA,ANE,EN,Federal Contract Tower,0,6,8,0,14,0,0,39,0,39,0,6,47,0,53,12,0,12,65
12/28/2020,ORH,MA,ANE,EN,Federal Contract Tower,0,1,4,0,5,0,0,4,2,6,0,1,8,2,11,0,0,0,11
12/29/2020,ORH,MA,ANE,EN,Federal Contract Tower,0,5,5,0,10,0,0,4,0,4,0,5,9,0,14,2,0,2,16
12/30/2020,ORH,MA,ANE,EN,Federal Contract Tower,0,3,6,0,9,0,0,30,0,30,0,3,36,0,39,16,0,16,55
12/31/2020,ORH,MA,ANE,EN,Federal Contract Tower,0,6,3,0,9,0,0,7,0,7,0,6,10,0,16,1,0,1,17
01/01/2021,ORH,MA,ANE,EN,Federal Contract Tower,0,1,2,0,3,0,0,46,0,46,0,1,48,0,49,40,0,40,89
01/02/2021,ORH,MA,ANE,EN,Federal Contract Tower,0,5,6,0,11,0,0,3,0,3,0,5,9,0,14,0,0,0,14
01/03/2021,ORH,MA,ANE,EN,Federal Contract Tower,0,4,11,0,15,0,0,3,0,3,0,4,14,0,18,6,0,6,24
01/04/2021,ORH,MA,ANE,EN,Federal Contract Tower,0,3,6,0,9,0,1,3,0,4,0,4,9,0,13,0,0,0,13
01/05/2021,ORH,MA,ANE,EN,Federal Contract Tower,0,2,3,0,5,0,0,2,2,4,0,2,5,2,9,4,0,4,13
01/06/2021,ORH,MA,ANE,EN,Federal Contract Tower,0,4,5,0,9,0,0,13,1,14,0,4,18,1,23,26,0,26,49
01/07/2021,ORH,MA,ANE,EN,Federal Contract Tower,0,0,5,0,5,0,2,27,8,37,0,2,32,8,42,20,24,44,86
01/08/2021,ORH,MA,ANE,EN,Federal Contract Tower,0,4,5,0,9,0,0,31,0,31,0,4,36,0,40,26,0,26,66
01/09/2021,ORH,MA,ANE,EN,Federal Contract Tower,0,5,6,0,11,0,0,43,0,43,0,5,49,0,54,18,0,18,72
01/10/2021,ORH,MA,ANE,EN,Federal Contract Tower,0,6,5,0,11,0,0,48,0,48,0,6,53,0,59,16,0,16,75
01/11/2021,ORH,MA,ANE,EN,Federal Contract Tower,0,2,2,0,4,0,0,22,0,22,0,2,24,0,26,10,0,10,36
01/12/2021,ORH,MA,ANE,EN,Federal Contract Tower,0,2,5,2,9,0,0,21,2,23,0,2,26,4,32,20,0,20,52
01/13/2021,ORH,MA,ANE,EN,Federal Contract Tower,0,5,5,0,10,0,0,20,0,20,0,5,25,0,30,30,0,30,60
01/14/2021,ORH,MA,ANE,EN,Federal Contract Tower,0,1,8,0,9,0,0,1,0,1,0,1,9,0,10,4,0,4,14
01/15/2021,ORH,MA,ANE,EN,Federal Contract Tower,0,2,12,0,14,0,0,5,0,5,0,2,17,0,19,0,0,0,19
01/16/2021,ORH,MA,ANE,EN,Federal Contract Tower,0,2,1,0,3,0,0,0,0,0,0,2,1,0,3,0,0,0,3
01/17/2021,ORH,MA,ANE,EN,Federal Contract Tower,0,2,0,0,2,0,0,4,0,4,0,2,4,0,6,0,0,0,6
01/19/2021,ORH,MA,ANE,EN,Federal Contract Tower,0,2,10,0,12,0,0,14,0,14,0,2,24,0,26,12,0,12,38
01/20/2021,ORH,MA,ANE,EN,Federal Contract Tower,0,2,11,0,13,0,0,5,0,5,0,2,16,0,18,12,0,12,30
01/21/2021,ORH,MA,ANE,EN,Federal Contract Tower,0,3,3,1,7,0,0,10,10,20,0,3,13,11,27,12,2,14,41
01/22/2021,ORH,MA,ANE,EN,Federal Contract Tower,0,2,0,0,2,0,0,41,0,41,0,2,41,0,43,50,0,50,93
01/23/2021,ORH,MA,ANE,EN,Federal Contract Tower,0,4,1,0,5,0,0,6,0,6,0,4,7,0,11,6,0,6,17
01/24/2021,ORH,MA,ANE,EN,Federal Contract Tower,0,5,0,0,5,0,0,5,0,5,0,5,5,0,10,2,0,2,12
01/25/2021,ORH,MA,ANE,EN,Federal Contract Tower,0,1,8,0,9,0,0,28,0,28,0,1,36,0,37,10,0,10,47
01/26/2021,ORH,MA,ANE,EN,Federal Contract Tower,0,3,8,0,11,0,0,25,2,27,0,3,33,2,38,36,0,36,74
01/27/2021,ORH,MA,ANE,EN,Federal Contract Tower,0,0,1,0,1,0,0,0,0,0,0,0,1,0,1,0,0,0,1
01/28/2021,ORH,MA,ANE,EN,Federal Contract Tower,0,0,5,0,5,0,0,3,1,4,0,0,8,1,9,6,14,20,29
01/29/2021,ORH,MA,ANE,EN,Federal Contract Tower,0,5,9,0,14,0,0,9,0,9,0,5,18,0,23,0,0,0,23
01/30/2021,ORH,MA,ANE,EN,Federal Contract Tower,0,2,0,0,2,0,0,19,0,19,0,2,19,0,21,12,0,12,33
01/31/2021,ORH,MA,ANE,EN,Federal Contract Tower,0,4,7,0,11,0,0,69,0,69,0,4,76,0,80,26,0,26,106
02/01/2021,ORH,MA,ANE,EN,Federal Contract Tower,0,0,3,0,3,0,0,0,0,0,0,0,3,0,3,0,0,0,3
02/02/2021,ORH,MA,ANE,EN,Federal Contract Tower,0,0,2,0,2,0,0,0,0,0,0,0,2,0,2,0,0,0,2
02/03/2021,ORH,MA,ANE,EN,Federal Contract Tower,0,4,1,0,5,0,0,2,2,4,0,4,3,2,9,0,4,4,13
02/04/2021,ORH,MA,ANE,EN,Federal Contract Tower,0,1,3,0,4,0,2,26,2,30,0,3,29,2,34,16,2,18,52
02/05/2021,ORH,MA,ANE,EN,Federal Contract Tower,0,0,10,0,10,0,0,1,0,1,0,0,11,0,11,0,0,0,11
02/06/2021,ORH,MA,ANE,EN,Federal Contract Tower,0,2,0,0,2,0,0,3,0,3,0,2,3,0,5,0,0,0,5
02/07/2021,ORH,MA,ANE,EN,Federal Contract Tower,0,0,1,0,1,0,0,0,0,0,0,0,1,0,1,0,0,0,1
02/08/2021,ORH,MA,ANE,EN,Federal Contract Tower,0,4,4,0,8,0,0,9,0,9,0,4,13,0,17,32,0,32,49
02/09/2021,ORH,MA,ANE,EN,Federal Contract Tower,0,0,7,0,7,0,0,0,0,0,0,0,7,0,7,0,0,0,7
02/10/2021,ORH,MA,ANE,EN,Federal Contract Tower,0,0,7,7,14,0,0,9,2,11,0,0,16,9,25,16,16,32,57
02/11/2021,ORH,MA,ANE,EN,Federal Contract Tower,0,0,3,2,5,0,0,27,0,27,0,0,30,2,32,36,0,36,68
02/12/2021,ORH,MA,ANE,EN,Federal Contract Tower,0,1,0,0,1,0,0,29,0,29,0,1,29,0,30,30,0,30,60
02/13/2021,ORH,MA,ANE,EN,Federal Contract Tower,0,2,6,0,8,0,0,34,0,34,0,2,40,0,42,52,0,52,94
02/14/2021,ORH,MA,ANE,EN,Federal Contract Tower,0,8,3,0,11,0,0,12,0,12,0,8,15,0,23,14,0,14,37
02/15/2021,ORH,MA,ANE,EN,Federal Contract Tower,0,0,0,0,0,0,0,0,0,0,0,0,0,0,0,0,0,0,0
02/16/2021,ORH,MA,ANE,EN,Federal Contract Tower,0,0,0,0,0,0,0,0,0,0,0,0,0,0,0,0,0,0,0
02/17/2021,ORH,MA,ANE,EN,Federal Contract Tower,0,0,5,0,5,0,2,25,3,30,0,2,30,3,35,16,10,26,61
02/18/2021,ORH,MA,ANE,EN,Federal Contract Tower,0,2,4,0,6,0,0,3,0,3,0,2,7,0,9,6,0,6,15
02/19/2021,ORH,MA,ANE,EN,Federal Contract Tower,0,0,0,0,0,0,0,0,0,0,0,0,0,0,0,0,0,0,0
02/20/2021,ORH,MA,ANE,EN,Federal Contract Tower,0,5,0,0,5,0,0,13,0,13,0,5,13,0,18,28,0,28,46
02/21/2021,ORH,MA,ANE,EN,Federal Contract Tower,0,1,2,0,3,0,0,36,0,36,0,1,38,0,39,28,0,28,67
02/22/2021,ORH,MA,ANE,EN,Federal Contract Tower,0,2,1,0,3,0,0,0,0,0,0,2,1,0,3,0,0,0,3
02/23/2021,ORH,MA,ANE,EN,Federal Contract Tower,0,2,3,2,7,0,0,7,0,7,0,2,10,2,14,12,0,12,26
02/24/2021,ORH,MA,ANE,EN,Federal Contract Tower,0,4,5,0,9,0,3,20,0,23,0,7,25,0,32,2,0,2,34
02/25/2021,ORH,MA,ANE,EN,Federal Contract Tower,0,2,4,2,8,0,0,4,9,13,0,2,8,11,21,2,11,13,34
02/26/2021,ORH,MA,ANE,EN,Federal Contract Tower,0,1,5,0,6,0,1,70,2,73,0,2,75,2,79,76,0,76,155
02/27/2021,ORH,MA,ANE,EN,Federal Contract Tower,0,2,2,0,4,0,0,0,0,0,0,2,2,0,4,0,0,0,4
02/28/2021,ORH,MA,ANE,EN,Federal Contract Tower,0,5,15,0,20,0,1,33,0,34,0,6,48,0,54,36,0,36,90
03/01/2021,ORH,MA,ANE,EN,Federal Contract Tower,0,1,7,0,8,0,0,2,0,2,0,1,9,0,10,0,0,0,10
03/02/2021,ORH,MA,ANE,EN,Federal Contract Tower,0,4,0,0,4,0,0,1,0,1,0,4,1,0,5,0,0,0,5
03/03/2021,ORH,MA,ANE,EN,Federal Contract Tower,0,4,1,0,5,0,0,29,4,33,0,4,30,4,38,40,14,54,92
03/04/2021,ORH,MA,ANE,EN,Federal Contract Tower,0,2,5,0,7,0,5,5,2,12,0,7,10,2,19,24,4,28,47
03/05/2021,ORH,MA,ANE,EN,Federal Contract Tower,0,2,5,0,7,0,0,6,2,8,0,2,11,2,15,14,0,14,29
03/06/2021,ORH,MA,ANE,EN,Federal Contract Tower,0,2,2,0,4,0,0,37,0,37,0,2,39,0,41,48,0,48,89
03/07/2021,ORH,MA,ANE,EN,Federal Contract Tower,0,0,10,0,10,0,0,49,0,49,0,0,59,0,59,46,0,46,105
03/08/2021,ORH,MA,ANE,EN,Federal Contract Tower,0,1,12,0,13,0,3,16,0,19,0,4,28,0,32,22,0,22,54
03/09/2021,ORH,MA,ANE,EN,Federal Contract Tower,0,2,2,0,4,0,3,23,0,26,0,5,25,0,30,10,0,10,40
03/10/2021,ORH,MA,ANE,EN,Federal Contract Tower,0,1,1,0,2,0,0,29,4,33,0,1,30,4,35,46,0,46,81
03/11/2021,ORH,MA,ANE,EN,Federal Contract Tower,0,4,3,0,7,0,0,13,1,14,0,4,16,1,21,10,2,12,33
03/12/2021,ORH,MA,ANE,EN,Federal Contract Tower,0,5,4,0,9,0,0,4,0,4,0,5,8,0,13,0,0,0,13
03/13/2021,ORH,MA,ANE,EN,Federal Contract Tower,0,4,1,0,5,0,0,9,0,9,0,4,10,0,14,2,0,2,16
03/14/2021,ORH,MA,ANE,EN,Federal Contract Tower,0,1,1,0,2,0,0,2,0,2,0,1,3,0,4,0,0,0,4
03/15/2021,ORH,MA,ANE,EN,Federal Contract Tower,0,4,1,0,5,0,0,2,0,2,0,4,3,0,7,0,0,0,7
03/16/2021,ORH,MA,ANE,EN,Federal Contract Tower,0,3,9,0,12,0,0,18,0,18,0,3,27,0,30,36,0,36,66
03/17/2021,ORH,MA,ANE,EN,Federal Contract Tower,0,3,3,5,11,0,0,21,3,24,0,3,24,8,35,22,0,22,57
03/18/2021,ORH,MA,ANE,EN,Federal Contract Tower,0,1,19,0,20,0,0,0,0,0,0,1,19,0,20,4,0,4,24
03/19/2021,ORH,MA,ANE,EN,Federal Contract Tower,0,4,2,0,6,0,0,1,0,1,0,4,3,0,7,0,0,0,7
03/20/2021,ORH,MA,ANE,EN,Federal Contract Tower,0,4,5,0,9,0,0,81,0,81,0,4,86,0,90,64,0,64,154
03/21/2021,ORH,MA,ANE,EN,Federal Contract Tower,0,3,6,0,9,0,0,60,0,60,0,3,66,0,69,36,0,36,105
03/22/2021,ORH,MA,ANE,EN,Federal Contract Tower,0,4,7,0,11,0,0,37,0,37,0,4,44,0,48,16,0,16,64
03/23/2021,ORH,MA,ANE,EN,Federal Contract Tower,0,1,4,2,7,0,2,29,4,35,0,3,33,6,42,50,10,60,102
03/24/2021,ORH,MA,ANE,EN,Federal Contract Tower,0,3,5,1,9,0,0,18,2,20,0,3,23,3,29,36,16,52,81
03/25/2021,ORH,MA,ANE,EN,Federal Contract Tower,0,1,9,0,10,0,0,25,4,29,0,1,34,4,39,24,6,30,69
03/26/2021,ORH,MA,ANE,EN,Federal Contract Tower,0,2,0,0,2,0,0,0,0,0,0,2,0,0,2,0,0,0,2
03/27/2021,ORH,MA,ANE,EN,Federal Contract Tower,0,6,1,0,7,0,0,73,0,73,0,6,74,0,80,104,0,104,184
03/28/2021,ORH,MA,ANE,EN,Federal Contract Tower,0,1,2,0,3,0,0,0,0,0,0,1,2,0,3,4,0,4,7
03/29/2021,ORH,MA,ANE,EN,Federal Contract Tower,0,0,0,0,0,0,0,0,0,0,0,0,0,0,0,0,0,0,0
03/30/2021,ORH,MA,ANE,EN,Federal Contract Tower,0,2,18,2,22,0,0,22,2,24,0,2,40,4,46,26,8,34,80
03/31/2021,ORH,MA,ANE,EN,Federal Contract Tower,0,4,2,2,8,0,0,2,2,4,0,4,4,4,12,0,0,0,12
04/01/2021,ORH,MA,ANE,EN,Federal Contract Tower,0,4,8,0,12,0,0,0,1,1,0,4,8,1,13,0,6,6,19
04/02/2021,ORH,MA,ANE,EN,Federal Contract Tower,0,3,6,0,9,0,0,23,4,27,0,3,29,4,36,18,0,18,54
04/03/2021,ORH,MA,ANE,EN,Federal Contract Tower,0,2,4,0,6,0,0,63,0,63,0,2,67,0,69,72,0,72,141
04/04/2021,ORH,MA,ANE,EN,Federal Contract Tower,0,0,4,0,4,0,0,26,0,26,0,0,30,0,30,8,0,8,38
04/05/2021,ORH,MA,ANE,EN,Federal Contract Tower,0,1,6,0,7,0,0,6,0,6,0,1,12,0,13,0,0,0,13
04/06/2021,ORH,MA,ANE,EN,Federal Contract Tower,0,4,2,2,8,0,0,28,0,28,0,4,30,2,36,10,0,10,46
04/07/2021,ORH,MA,ANE,EN,Federal Contract Tower,0,1,8,0,9,0,0,12,1,13,0,1,20,1,22,18,2,20,42
04/08/2021,ORH,MA,ANE,EN,Federal Contract Tower,0,1,7,4,12,0,0,28,18,46,0,1,35,22,58,20,24,44,102
04/09/2021,ORH,MA,ANE,EN,Federal Contract Tower,0,2,6,0,8,0,0,30,0,30,0,2,36,0,38,14,0,14,52
04/10/2021,ORH,MA,ANE,EN,Federal Contract Tower,0,4,10,0,14,0,0,30,1,31,0,4,40,1,45,20,2,22,67
04/11/2021,ORH,MA,ANE,EN,Federal Contract Tower,0,3,4,2,9,0,0,0,0,0,0,3,4,2,9,0,0,0,9
04/12/2021,ORH,MA,ANE,EN,Federal Contract Tower,0,4,13,0,17,0,0,2,0,2,0,4,15,0,19,0,0,0,19
04/13/2021,ORH,MA,ANE,EN,Federal Contract Tower,0,4,9,0,13,0,1,14,0,15,0,5,23,0,28,20,0,20,48
04/14/2021,ORH,MA,ANE,EN,Federal Contract Tower,0,9,12,0,21,0,0,20,0,20,0,9,32,0,41,50,8,58,99
04/15/2021,ORH,MA,ANE,EN,Federal Contract Tower,0,6,5,0,11,0,0,0,0,0,0,6,5,0,11,2,0,2,13
04/16/2021,ORH,MA,ANE,EN,Federal Contract Tower,0,1,4,0,5,0,0,0,0,0,0,1,4,0,5,0,0,0,5
04/17/2021,ORH,MA,ANE,EN,Federal Contract Tower,0,4,4,0,8,0,0,7,0,7,0,4,11,0,15,4,0,4,19
04/18/2021,ORH,MA,ANE,EN,Federal Contract Tower,0,2,16,0,18,0,4,28,2,34,0,6,44,2,52,36,0,36,88
04/19/2021,ORH,MA,ANE,EN,Federal Contract Tower,0,3,7,0,10,0,2,33,0,35,0,5,40,0,45,28,0,28,73
04/20/2021,ORH,MA,ANE,EN,Federal Contract Tower,0,3,11,2,16,0,0,10,0,10,0,3,21,2,26,14,0,14,40
04/21/2021,ORH,MA,ANE,EN,Federal Contract Tower,0,2,5,0,7,0,0,0,0,0,0,2,5,0,7,0,0,0,7
04/22/2021,ORH,MA,ANE,EN,Federal Contract Tower,2,5,0,2,9,0,0,2,0,2,2,5,2,2,11,0,0,0,11
04/23/2021,ORH,MA,ANE,EN,Federal Contract Tower,0,2,1,0,3,0,0,3,0,3,0,2,4,0,6,0,0,0,6
04/24/2021,ORH,MA,ANE,EN,Federal Contract Tower,0,4,6,0,10,0,0,49,0,49,0,4,55,0,59,50,0,50,109
04/25/2021,ORH,MA,ANE,EN,Federal Contract Tower,0,2,18,0,20,0,0,0,0,0,0,2,18,0,20,2,0,2,22
04/26/2021,ORH,MA,ANE,EN,Federal Contract Tower,0,0,5,0,5,0,7,6,4,17,0,7,11,4,22,0,2,2,24
04/27/2021,ORH,MA,ANE,EN,Federal Contract Tower,0,2,1,4,7,0,4,30,1,35,0,6,31,5,42,30,4,34,76
04/28/2021,ORH,MA,ANE,EN,Federal Contract Tower,0,1,4,0,5,0,0,20,2,22,0,1,24,2,27,32,0,32,59
04/29/2021,ORH,MA,ANE,EN,Federal Contract Tower,0,5,3,0,8,0,0,0,0,0,0,5,3,0,8,0,0,0,8
04/30/2021,ORH,MA,ANE,EN,Federal Contract Tower,0,4,5,0,9,0,0,5,0,5,0,4,10,0,14,0,2,2,16
05/01/2021,ORH,MA,ANE,EN,Federal Contract Tower,0,10,5,0,15,0,0,23,0,23,0,10,28,0,38,22,0,22,60
05/02/2021,ORH,MA,ANE,EN,Federal Contract Tower,0,2,5,0,7,0,0,31,2,33,0,2,36,2,40,8,2,10,50
05/03/2021,ORH,MA,ANE,EN,Federal Contract Tower,0,2,5,0,7,0,0,18,0,18,0,2,23,0,25,36,0,36,61
05/04/2021,ORH,MA,ANE,EN,Federal Contract Tower,0,1,24,0,25,0,0,0,0,0,0,1,24,0,25,0,0,0,25
05/05/2021,ORH,MA,ANE,EN,Federal Contract Tower,0,0,6,0,6,0,0,0,0,0,0,0,6,0,6,0,0,0,6
05/06/2021,ORH,MA,ANE,EN,Federal Contract Tower,0,3,2,1,6,0,0,15,9,24,0,3,17,10,30,36,0,36,66
05/07/2021,ORH,MA,ANE,EN,Federal Contract Tower,0,0,7,0,7,0,0,31,0,31,0,0,38,0,38,54,0,54,92
05/08/2021,ORH,MA,ANE,EN,Federal Contract Tower,0,6,7,0,13,0,0,79,0,79,0,6,86,0,92,56,0,56,148
05/09/2021,ORH,MA,ANE,EN,Federal Contract Tower,0,0,4,0,4,0,0,20,0,20,0,0,24,0,24,14,0,14,38
05/10/2021,ORH,MA,ANE,EN,Federal Contract Tower,0,2,14,0,16,0,0,6,0,6,0,2,20,0,22,0,0,0,22
05/11/2021,ORH,MA,ANE,EN,Federal Contract Tower,0,5,10,2,17,0,4,12,2,18,0,9,22,4,35,22,0,22,57
05/12/2021,ORH,MA,ANE,EN,Federal Contract Tower,0,3,8,2,13,0,0,25,6,31,0,3,33,8,44,32,4,36,80
05/13/2021,ORH,MA,ANE,EN,Federal Contract Tower,0,2,6,4,12,0,0,28,3,31,0,2,34,7,43,24,8,32,75
05/14/2021,ORH,MA,ANE,EN,Federal Contract Tower,0,2,5,0,7,0,0,34,2,36,0,2,39,2,43,14,0,14,57
05/15/2021,ORH,MA,ANE,EN,Federal Contract Tower,0,4,5,0,9,0,0,70,2,72,0,4,75,2,81,64,0,64,145
05/16/2021,ORH,MA,ANE,EN,Federal Contract Tower,0,2,4,0,6,0,22,2,0,24,0,24,6,0,30,12,6,18,48
05/17/2021,ORH,MA,ANE,EN,Federal Contract Tower,0,7,6,0,13,0,4,16,0,20,0,11,22,0,33,20,0,20,53
05/18/2021,ORH,MA,ANE,EN,Federal Contract Tower,0,3,9,0,12,0,2,17,4,23,0,5,26,4,35,22,0,22,57
05/19/2021,ORH,MA,ANE,EN,Federal Contract Tower,0,1,5,3,9,0,2,26,3,31,0,3,31,6,40,34,4,38,78
05/20/2021,ORH,MA,ANE,EN,Federal Contract Tower,0,2,12,4,18,0,0,20,0,20,0,2,32,4,38,36,0,36,74
05/21/2021,ORH,MA,ANE,EN,Federal Contract Tower,0,6,2,0,8,0,3,36,0,39,0,9,38,0,47,32,0,32,79
05/22/2021,ORH,MA,ANE,EN,Federal Contract Tower,0,5,4,0,9,0,0,30,2,32,0,5,34,2,41,14,6,20,61
05/23/2021,ORH,MA,ANE,EN,Federal Contract Tower,0,4,7,0,11,0,2,34,0,36,0,6,41,0,47,28,0,28,75
05/24/2021,ORH,MA,ANE,EN,Federal Contract Tower,0,2,6,0,8,0,0,10,0,10,0,2,16,0,18,0,0,0,18
05/25/2021,ORH,MA,ANE,EN,Federal Contract Tower,0,0,11,0,11,0,0,9,6,15,0,0,20,6,26,0,0,0,26
05/26/2021,ORH,MA,ANE,EN,Federal Contract Tower,0,0,7,0,7,0,0,8,1,9,0,0,15,1,16,12,2,14,30
05/27/2021,ORH,MA,ANE,EN,Federal Contract Tower,0,2,6,0,8,0,0,24,2,26,0,2,30,2,34,24,0,24,58
05/28/2021,ORH,MA,ANE,EN,Federal Contract Tower,0,2,12,0,14,0,0,29,0,29,0,2,41,0,43,50,0,50,93
05/29/2021,ORH,MA,ANE,EN,Federal Contract Tower,0,2,2,0,4,0,0,0,0,0,0,2,2,0,4,0,0,0,4
05/30/2021,ORH,MA,ANE,EN,Federal Contract Tower,0,2,4,0,6,0,0,0,0,0,0,2,4,0,6,0,0,0,6
05/31/2021,ORH,MA,ANE,EN,Federal Contract Tower,0,0,17,0,17,0,0,3,0,3,0,0,20,0,20,0,0,0,20
06/01/2021,ORH,MA,ANE,EN,Federal Contract Tower,0,4,10,2,16,0,0,25,0,25,0,4,35,2,41,56,0,56,97
06/02/2021,ORH,MA,ANE,EN,Federal Contract Tower,0,0,16,6,22,0,2,28,0,30,0,2,44,6,52,56,0,56,108
06/03/2021,ORH,MA,ANE,EN,Federal Contract Tower,0,4,9,0,13,0,0,0,0,0,0,4,9,0,13,2,0,2,15
06/04/2021,ORH,MA,ANE,EN,Federal Contract Tower,0,2,10,0,12,0,0,1,0,1,0,2,11,0,13,0,0,0,13
06/05/2021,ORH,MA,ANE,EN,Federal Contract Tower,0,5,6,0,11,0,1,30,0,31,0,6,36,0,42,60,0,60,102
06/06/2021,ORH,MA,ANE,EN,Federal Contract Tower,0,0,15,0,15,0,2,29,0,31,0,2,44,0,46,36,0,36,82
06/07/2021,ORH,MA,ANE,EN,Federal Contract Tower,0,0,17,0,17,0,0,23,0,23,0,0,40,0,40,32,0,32,72
06/08/2021,ORH,MA,ANE,EN,Federal Contract Tower,0,2,8,4,14,0,2,2,0,4,0,4,10,4,18,2,4,6,24
06/09/2021,ORH,MA,ANE,EN,Federal Contract Tower,0,4,21,0,25,0,1,20,0,21,0,5,41,0,46,68,0,68,114
06/10/2021,ORH,MA,ANE,EN,Federal Contract Tower,0,2,11,0,13,0,2,99,0,101,0,4,110,0,114,94,0,94,208
06/11/2021,ORH,MA,ANE,EN,Federal Contract Tower,0,4,3,0,7,0,0,39,1,40,0,4,42,1,47,66,2,68,115
06/12/2021,ORH,MA,ANE,EN,Federal Contract Tower,0,3,12,0,15,0,0,21,0,21,0,3,33,0,36,4,0,4,40
06/13/2021,ORH,MA,ANE,EN,Federal Contract Tower,0,2,10,0,12,0,0,56,0,56,0,2,66,0,68,42,0,42,110
06/14/2021,ORH,MA,ANE,EN,Federal Contract Tower,0,0,13,0,13,0,0,0,0,0,0,0,13,0,13,0,0,0,13
06/15/2021,ORH,MA,ANE,EN,Federal Contract Tower,0,2,15,0,17,0,0,0,0,0,0,2,15,0,17,2,0,2,19
06/16/2021,ORH,MA,ANE,EN,Federal Contract Tower,0,0,10,8,18,0,0,43,2,45,0,0,53,10,63,80,8,88,151
06/17/2021,ORH,MA,ANE,EN,Federal Contract Tower,0,7,10,4,21,0,2,53,3,58,0,9,63,7,79,68,0,68,147
06/18/2021,ORH,MA,ANE,EN,Federal Contract Tower,0,3,5,0,8,0,0,34,0,34,0,3,39,0,42,34,0,34,76
06/19/2021,ORH,MA,ANE,EN,Federal Contract Tower,0,4,1,2,7,0,0,39,0,39,0,4,40,2,46,58,6,64,110
06/20/2021,ORH,MA,ANE,EN,Federal Contract Tower,0,0,5,2,7,0,0,50,1,51,0,0,55,3,58,62,6,68,126
06/21/2021,ORH,MA,ANE,EN,Federal Contract Tower,0,0,10,0,10,0,0,11,2,13,0,0,21,2,23,18,0,18,41
06/22/2021,ORH,MA,ANE,EN,Federal Contract Tower,0,1,7,0,8,0,0,7,2,9,0,1,14,2,17,2,0,2,19
06/23/2021,ORH,MA,ANE,EN,Federal Contract Tower,0,3,15,8,26,0,0,40,8,48,0,3,55,16,74,82,0,82,156
06/24/2021,ORH,MA,ANE,EN,Federal Contract Tower,0,2,12,0,14,0,0,31,0,31,0,2,43,0,45,50,0,50,95
06/25/2021,ORH,MA,ANE,EN,Federal Contract Tower,0,0,9,0,9,0,0,1,0,1,0,0,10,0,10,0,0,0,10
06/26/2021,ORH,MA,ANE,EN,Federal Contract Tower,0,4,7,0,11,0,0,6,0,6,0,4,13,0,17,6,0,6,23
06/27/2021,ORH,MA,ANE,EN,Federal Contract Tower,0,4,6,0,10,0,0,9,0,9,0,4,15,0,19,0,0,0,19
06/28/2021,ORH,MA,ANE,EN,Federal Contract Tower,0,0,13,0,13,0,0,28,0,28,0,0,41,0,41,32,0,32,73
06/29/2021,ORH,MA,ANE,EN,Federal Contract Tower,0,3,11,0,14,0,0,25,0,25,0,3,36,0,39,18,0,18,57
06/30/2021,ORH,MA,ANE,EN,Federal Contract Tower,0,4,2,0,6,0,0,24,0,24,0,4,26,0,30,46,0,46,76
07/01/2021,ORH,MA,ANE,EN,Federal Contract Tower,0,1,12,0,13,0,1,6,0,7,0,2,18,0,20,28,0,28,48
07/02/2021,ORH,MA,ANE,EN,Federal Contract Tower,0,3,4,0,7,0,0,0,0,0,0,3,4,0,7,0,0,0,7
07/03/2021,ORH,MA,ANE,EN,Federal Contract Tower,0,7,13,0,20,0,0,0,0,0,0,7,13,0,20,0,0,0,20
07/04/2021,ORH,MA,ANE,EN,Federal Contract Tower,0,3,4,0,7,0,0,4,0,4,0,3,8,0,11,2,0,2,13
07/05/2021,ORH,MA,ANE,EN,Federal Contract Tower,0,2,9,0,11,0,0,20,0,20,0,2,29,0,31,12,0,12,43
07/06/2021,ORH,MA,ANE,EN,Federal Contract Tower,0,0,4,0,4,0,0,14,0,14,0,0,18,0,18,6,0,6,24
07/07/2021,ORH,MA,ANE,EN,Federal Contract Tower,0,0,16,0,16,0,0,37,2,39,0,0,53,2,55,14,0,14,69
07/08/2021,ORH,MA,ANE,EN,Federal Contract Tower,0,0,2,12,14,0,0,1,0,1,0,0,3,12,15,2,0,2,17
07/09/2021,ORH,MA,ANE,EN,Federal Contract Tower,0,0,8,0,8,0,0,1,0,1,0,0,9,0,9,0,0,0,9
07/10/2021,ORH,MA,ANE,EN,Federal Contract Tower,0,2,11,0,13,0,0,23,0,23,0,2,34,0,36,16,0,16,52
07/11/2021,ORH,MA,ANE,EN,Federal Contract Tower,0,3,9,0,12,0,0,12,0,12,0,3,21,0,24,2,0,2,26
07/12/2021,ORH,MA,ANE,EN,Federal Contract Tower,0,5,4,0,9,0,0,0,0,0,0,5,4,0,9,0,0,0,9
07/13/2021,ORH,MA,ANE,EN,Federal Contract Tower,0,6,16,0,22,0,0,0,0,0,0,6,16,0,22,0,0,0,22
07/14/2021,ORH,MA,ANE,EN,Federal Contract Tower,0,1,3,6,10,0,3,0,0,3,0,4,3,6,13,0,0,0,13
07/15/2021,ORH,MA,ANE,EN,Federal Contract Tower,0,4,5,21,30,0,0,64,4,68,0,4,69,25,98,44,22,66,164
07/16/2021,ORH,MA,ANE,EN,Federal Contract Tower,0,1,7,0,8,0,0,23,0,23,0,1,30,0,31,6,0,6,37
07/17/2021,ORH,MA,ANE,EN,Federal Contract Tower,0,5,3,0,8,0,0,21,0,21,0,5,24,0,29,24,0,24,53
07/18/2021,ORH,MA,ANE,EN,Federal Contract Tower,0,0,2,0,2,0,0,0,0,0,0,0,2,0,2,0,0,0,2
07/19/2021,ORH,MA,ANE,EN,Federal Contract Tower,0,0,17,0,17,0,0,2,0,2,0,0,19,0,19,0,0,0,19
07/20/2021,ORH,MA,ANE,EN,Federal Contract Tower,0,7,13,0,20,0,1,25,2,28,0,8,38,2,48,0,0,0,48
07/21/2021,ORH,MA,ANE,EN,Federal Contract Tower,0,6,4,5,15,0,0,12,0,12,0,6,16,5,27,28,0,28,55
07/22/2021,ORH,MA,ANE,EN,Federal Contract Tower,0,8,6,0,14,0,0,47,2,49,0,8,53,2,63,44,22,66,129
07/23/2021,ORH,MA,ANE,EN,Federal Contract Tower,0,1,1,8,10,0,0,28,0,28,0,1,29,8,38,42,0,42,80
07/24/2021,ORH,MA,ANE,EN,Federal Contract Tower,0,5,0,0,5,0,0,50,0,50,0,5,50,0,55,60,0,60,115
07/25/2021,ORH,MA,ANE,EN,Federal Contract Tower,0,1,7,0,8,0,1,0,0,1,0,2,7,0,9,2,0,2,11
07/26/2021,ORH,MA,ANE,EN,Federal Contract Tower,0,3,16,0,19,0,0,35,0,35,0,3,51,0,54,24,0,24,78
07/27/2021,ORH,MA,ANE,EN,Federal Contract Tower,0,2,14,0,16,0,2,32,4,38,0,4,46,4,54,26,0,26,80
07/28/2021,ORH,MA,ANE,EN,Federal Contract Tower,0,0,8,0,8,0,0,3,0,3,0,0,11,0,11,0,0,0,11
07/29/2021,ORH,MA,ANE,EN,Federal Contract Tower,0,2,4,0,6,0,0,6,2,8,0,2,10,2,14,4,0,4,18
07/30/2021,ORH,MA,ANE,EN,Federal Contract Tower,0,4,3,0,7,0,0,15,0,15,0,4,18,0,22,18,0,18,40
07/31/2021,ORH,MA,ANE,EN,Federal Contract Tower,0,3,9,0,12,0,1,63,0,64,0,4,72,0,76,102,0,102,178
08/01/2021,ORH,MA,ANE,EN,Federal Contract Tower,0,1,10,0,11,0,0,40,0,40,0,1,50,0,51,12,0,12,63
08/02/2021,ORH,MA,ANE,EN,Federal Contract Tower,0,4,7,0,11,0,2,23,0,25,0,6,30,0,36,36,0,36,72
08/03/2021,ORH,MA,ANE,EN,Federal Contract Tower,0,4,25,6,35,0,0,31,2,33,0,4,56,8,68,24,0,24,92
08/04/2021,ORH,MA,ANE,EN,Federal Contract Tower,0,2,9,0,11,0,0,32,0,32,0,2,41,0,43,44,0,44,87
08/05/2021,ORH,MA,ANE,EN,Federal Contract Tower,0,2,6,0,8,0,0,0,0,0,0,2,6,0,8,2,0,2,10
08/06/2021,ORH,MA,ANE,EN,Federal Contract Tower,0,0,3,2,5,0,2,74,6,82,0,2,77,8,87,100,0,100,187
08/07/2021,ORH,MA,ANE,EN,Federal Contract Tower,0,1,0,0,1,0,1,64,0,65,0,2,64,0,66,62,0,62,128
08/08/2021,ORH,MA,ANE,EN,Federal Contract Tower,0,2,3,0,5,0,1,19,0,20,0,3,22,0,25,36,0,36,61
08/09/2021,ORH,MA,ANE,EN,Federal Contract Tower,0,5,11,0,16,0,0,0,0,0,0,5,11,0,16,0,0,0,16
08/10/2021,ORH,MA,ANE,EN,Federal Contract Tower,0,3,15,1,19,0,0,1,4,5,0,3,16,5,24,0,0,0,24
08/11/2021,ORH,MA,ANE,EN,Federal Contract Tower,0,1,3,0,4,0,0,25,1,26,0,1,28,1,30,64,10,74,104
08/12/2021,ORH,MA,ANE,EN,Federal Contract Tower,0,2,2,2,6,0,0,21,2,23,0,2,23,4,29,36,4,40,69
08/13/2021,ORH,MA,ANE,EN,Federal Contract Tower,0,3,5,0,8,0,0,49,0,49,0,3,54,0,57,12,0,12,69
08/14/2021,ORH,MA,ANE,EN,Federal Contract Tower,0,2,3,0,5,0,0,27,0,27,0,2,30,0,32,28,0,28,60
08/15/2021,ORH,MA,ANE,EN,Federal Contract Tower,0,5,3,0,8,0,0,40,0,40,0,5,43,0,48,58,0,58,106
08/16/2021,ORH,MA,ANE,EN,Federal Contract Tower,0,3,4,0,7,0,2,21,0,23,0,5,25,0,30,16,0,16,46
08/17/2021,ORH,MA,ANE,EN,Federal Contract Tower,0,4,19,0,23,0,2,14,2,18,0,6,33,2,41,8,4,12,53
08/18/2021,ORH,MA,ANE,EN,Federal Contract Tower,0,2,3,6,11,0,0,6,0,6,0,2,9,6,17,4,0,4,21
08/19/2021,ORH,MA,ANE,EN,Federal Contract Tower,0,3,4,3,10,0,0,0,0,0,0,3,4,3,10,4,2,6,16
08/20/2021,ORH,MA,ANE,EN,Federal Contract Tower,1,2,17,0,20,0,0,5,0,5,1,2,22,0,25,0,0,0,25
08/21/2021,ORH,MA,ANE,EN,Federal Contract Tower,2,3,3,0,8,0,2,15,0,17,2,5,18,0,25,24,0,24,49
08/22/2021,ORH,MA,ANE,EN,Federal Contract Tower,2,0,0,0,2,0,0,0,0,0,2,0,0,0,2,0,0,0,2
08/23/2021,ORH,MA,ANE,EN,Federal Contract Tower,2,4,4,0,10,0,0,0,0,0,2,4,4,0,10,0,0,0,10
08/24/2021,ORH,MA,ANE,EN,Federal Contract Tower,2,3,2,0,7,0,1,31,0,32,2,4,33,0,39,42,0,42,81
08/25/2021,ORH,MA,ANE,EN,Federal Contract Tower,1,1,2,0,4,0,0,28,0,28,1,1,30,0,32,34,0,34,66
08/26/2021,ORH,MA,ANE,EN,Federal Contract Tower,2,4,8,13,27,0,0,36,6,42,2,4,44,19,69,26,26,52,121
08/27/2021,ORH,MA,ANE,EN,Federal Contract Tower,1,2,2,0,5,0,0,43,0,43,1,2,45,0,48,38,0,38,86
08/28/2021,ORH,MA,ANE,EN,Federal Contract Tower,1,3,0,0,4,0,0,25,0,25,1,3,25,0,29,12,0,12,41
08/29/2021,ORH,MA,ANE,EN,Federal Contract Tower,2,5,9,0,16,0,0,5,0,5,2,5,14,0,21,4,0,4,25
08/30/2021,ORH,MA,ANE,EN,Federal Contract Tower,3,1,2,0,6,0,0,3,0,3,3,1,5,0,9,0,0,0,9
08/31/2021,ORH,MA,ANE,EN,Federal Contract Tower,2,5,4,6,17,0,0,49,6,55,2,5,53,12,72,40,0,40,112
09/01/2021,ORH,MA,ANE,EN,Federal Contract Tower,1,1,8,0,10,0,0,4,0,4,1,1,12,0,14,0,0,0,14
09/02/2021,ORH,MA,ANE,EN,Federal Contract Tower,1,2,1,0,4,0,0,4,0,4,1,2,5,0,8,10,0,10,18
09/03/2021,ORH,MA,ANE,EN,Federal Contract Tower,1,9,11,0,21,0,1,53,0,54,1,10,64,0,75,30,0,30,105
09/04/2021,ORH,MA,ANE,EN,Federal Contract Tower,2,7,4,0,13,0,1,45,0,46,2,8,49,0,59,36,0,36,95
09/05/2021,ORH,MA,ANE,EN,Federal Contract Tower,2,6,4,0,12,0,0,0,0,0,2,6,4,0,12,0,0,0,12
09/06/2021,ORH,MA,ANE,EN,Federal Contract Tower,1,6,8,2,17,0,0,48,0,48,1,6,56,2,65,18,0,18,83
09/07/2021,ORH,MA,ANE,EN,Federal Contract Tower,2,3,7,0,12,0,0,29,0,29,2,3,36,0,41,48,0,48,89
09/08/2021,ORH,MA,ANE,EN,Federal Contract Tower,2,4,7,2,15,0,0,10,0,10,2,4,17,2,25,14,0,14,39
09/09/2021,ORH,MA,ANE,EN,Federal Contract Tower,2,0,9,0,11,0,0,0,0,0,2,0,9,0,11,0,0,0,11
09/10/2021,ORH,MA,ANE,EN,Federal Contract Tower,2,3,12,0,17,0,3,44,0,47,2,6,56,0,64,48,0,48,112
09/11/2021,ORH,MA,ANE,EN,Federal Contract Tower,2,5,6,1,14,0,1,64,3,68,2,6,70,4,82,114,14,128,210
09/12/2021,ORH,MA,ANE,EN,Federal Contract Tower,1,10,4,0,15,0,3,35,0,38,1,13,39,0,53,20,0,20,73
09/13/2021,ORH,MA,ANE,EN,Federal Contract Tower,1,2,3,0,6,0,0,34,0,34,1,2,37,0,40,8,0,8,48
09/14/2021,ORH,MA,ANE,EN,Federal Contract Tower,2,0,2,4,8,0,0,39,2,41,2,0,41,6,49,50,8,58,107
09/15/2021,ORH,MA,ANE,EN,Federal Contract Tower,2,0,18,6,26,0,0,2,0,2,2,0,20,6,28,0,0,0,28
09/16/2021,ORH,MA,ANE,EN,Federal Contract Tower,2,2,18,10,32,0,0,0,0,0,2,2,18,10,32,6,0,6,38
09/17/2021,ORH,MA,ANE,EN,Federal Contract Tower,2,2,14,0,18,0,0,1,0,1,2,2,15,0,19,0,0,0,19
09/18/2021,ORH,MA,ANE,EN,Federal Contract Tower,2,2,12,0,16,0,2,15,0,17,2,4,27,0,33,56,0,56,89
09/19/2021,ORH,MA,ANE,EN,Federal Contract Tower,1,5,3,0,9,0,1,67,0,68,1,6,70,0,77,96,0,96,173
09/20/2021,ORH,MA,ANE,EN,Federal Contract Tower,2,2,7,0,11,0,4,62,0,66,2,6,69,0,77,80,0,80,157
09/21/2021,ORH,MA,ANE,EN,Federal Contract Tower,2,0,7,2,11,0,0,16,2,18,2,0,23,4,29,24,0,24,53
09/22/2021,ORH,MA,ANE,EN,Federal Contract Tower,2,0,16,0,18,0,0,0,0,0,2,0,16,0,18,0,0,0,18
09/23/2021,ORH,MA,ANE,EN,Federal Contract Tower,1,2,9,0,12,0,0,3,0,3,1,2,12,0,15,0,0,0,15
09/24/2021,ORH,MA,ANE,EN,Federal Contract Tower,0,5,9,0,14,0,0,0,0,0,0,5,9,0,14,0,0,0,14
09/25/2021,ORH,MA,ANE,EN,Federal Contract Tower,1,1,11,0,13,0,5,71,0,76,1,6,82,0,89,56,0,56,145
09/26/2021,ORH,MA,ANE,EN,Federal Contract Tower,2,1,16,0,19,0,5,29,0,34,2,6,45,0,53,22,0,22,75
09/27/2021,ORH,MA,ANE,EN,Federal Contract Tower,2,0,8,0,10,0,0,18,0,18,2,0,26,0,28,8,0,8,36
09/28/2021,ORH,MA,ANE,EN,Federal Contract Tower,1,0,3,0,4,0,0,5,0,5,1,0,8,0,9,0,0,0,9
09/29/2021,ORH,MA,ANE,EN,Federal Contract Tower,2,2,14,0,18,0,0,46,0,46,2,2,60,0,64,38,0,38,102
09/30/2021,ORH,MA,ANE,EN,Federal Contract Tower,2,2,5,6,15,0,0,33,0,33,2,2,38,6,48,28,0,28,76
10/01/2021,ORH,MA,ANE,EN,Federal Contract Tower,1,1,13,0,15,0,0,66,0,66,1,1,79,0,81,38,0,38,119
10/02/2021,ORH,MA,ANE,EN,Federal Contract Tower,2,4,7,0,13,0,0,33,0,33,2,4,40,0,46,28,0,28,74
10/03/2021,ORH,MA,ANE,EN,Federal Contract Tower,2,13,11,0,26,0,0,20,0,20,2,13,31,0,46,18,0,18,64
10/04/2021,ORH,MA,ANE,EN,Federal Contract Tower,2,5,7,0,14,0,0,0,0,0,2,5,7,0,14,0,0,0,14
10/05/2021,ORH,MA,ANE,EN,Federal Contract Tower,1,4,30,0,35,0,0,0,0,0,1,4,30,0,35,0,0,0,35
10/06/2021,ORH,MA,ANE,EN,Federal Contract Tower,2,3,8,1,14,0,0,35,1,36,2,3,43,2,50,34,0,34,84
10/07/2021,ORH,MA,ANE,EN,Federal Contract Tower,2,6,6,0,14,0,0,50,0,50,2,6,56,0,64,81,0,81,145
10/08/2021,ORH,MA,ANE,EN,Federal Contract Tower,2,6,10,0,18,0,0,51,1,52,2,6,61,1,70,34,2,36,106
10/09/2021,ORH,MA,ANE,EN,Federal Contract Tower,2,2,11,0,15,0,0,5,0,5,2,2,16,0,20,12,0,12,32
10/10/2021,ORH,MA,ANE,EN,Federal Contract Tower,1,14,12,0,27,0,0,0,0,0,1,14,12,0,27,0,0,0,27
10/11/2021,ORH,MA,ANE,EN,Federal Contract Tower,2,8,20,0,30,0,4,17,0,21,2,12,37,0,51,2,0,2,53
10/12/2021,ORH,MA,ANE,EN,Federal Contract Tower,2,2,5,0,9,0,0,27,0,27,2,2,32,0,36,9,0,9,45
10/13/2021,ORH,MA,ANE,EN,Federal Contract Tower,2,3,12,0,17,0,2,22,0,24,2,5,34,0,41,30,0,30,71
10/14/2021,ORH,MA,ANE,EN,Federal Contract Tower,2,4,12,0,18,0,0,38,12,50,2,4,50,12,68,14,30,44,112
10/15/2021,ORH,MA,ANE,EN,Federal Contract Tower,2,4,15,0,21,0,0,20,0,20,2,4,35,0,41,10,0,10,51
10/16/2021,ORH,MA,ANE,EN,Federal Contract Tower,2,4,11,0,17,0,0,2,0,2,2,4,13,0,19,0,0,0,19
10/17/2021,ORH,MA,ANE,EN,Federal Contract Tower,2,2,13,0,17,0,2,31,0,33,2,4,44,0,50,18,0,18,68
10/18/2021,ORH,MA,ANE,EN,Federal Contract Tower,2,1,8,0,11,0,0,14,0,14,2,1,22,0,25,16,0,16,41
10/19/2021,ORH,MA,ANE,EN,Federal Contract Tower,2,4,10,0,16,0,0,12,0,12,2,4,22,0,28,4,0,4,32
10/20/2021,ORH,MA,ANE,EN,Federal Contract Tower,3,1,14,0,18,0,2,41,0,43,3,3,55,0,61,48,0,48,109
10/21/2021,ORH,MA,ANE,EN,Federal Contract Tower,5,2,11,0,18,0,4,38,0,42,5,6,49,0,60,32,0,32,92
10/22/2021,ORH,MA,ANE,EN,Federal Contract Tower,6,8,20,0,34,0,0,50,0,50,6,8,70,0,84,56,0,56,140
10/23/2021,ORH,MA,ANE,EN,Federal Contract Tower,6,7,14,0,27,0,2,57,2,61,6,9,71,2,88,16,8,24,112
10/24/2021,ORH,MA,ANE,EN,Federal Contract Tower,6,7,10,0,23,0,2,44,0,46,6,9,54,0,69,46,0,46,115
10/25/2021,ORH,MA,ANE,EN,Federal Contract Tower,5,2,3,0,10,0,0,0,0,0,5,2,3,0,10,0,0,0,10
10/26/2021,ORH,MA,ANE,EN,Federal Contract Tower,6,1,2,0,9,0,0,0,0,0,6,1,2,0,9,0,0,0,9
10/27/2021,ORH,MA,ANE,EN,Federal Contract Tower,5,3,2,0,10,0,0,0,0,0,5,3,2,0,10,0,0,0,10
10/28/2021,ORH,MA,ANE,EN,Federal Contract Tower,6,4,15,2,27,0,0,9,2,11,6,4,24,4,38,6,0,6,44
10/29/2021,ORH,MA,ANE,EN,Federal Contract Tower,6,4,9,2,21,0,0,5,0,5,6,4,14,2,26,2,0,2,28
10/30/2021,ORH,MA,ANE,EN,Federal Contract Tower,6,2,3,0,11,0,0,0,0,0,6,2,3,0,11,0,0,0,11
10/31/2021,ORH,MA,ANE,EN,Federal Contract Tower,6,7,19,0,32,0,0,9,0,9,6,7,28,0,41,22,0,22,63
11/01/2021,ORH,MA,ANE,EN,Federal Contract Tower,8,2,10,0,20,0,0,17,0,17,8,2,27,0,37,4,0,4,41
11/02/2021,ORH,MA,ANE,EN,Federal Contract Tower,9,4,16,2,31,0,0,48,0,48,9,4,64,2,79,66,0,66,145
11/03/2021,ORH,MA,ANE,EN,Federal Contract Tower,7,5,16,0,28,0,0,37,0,37,7,5,53,0,65,44,0,44,109
11/04/2021,ORH,MA,ANE,EN,Federal Contract Tower,6,4,5,2,17,0,2,26,3,31,6,6,31,5,48,32,2,34,82
11/05/2021,ORH,MA,ANE,EN,Federal Contract Tower,5,6,9,2,22,0,0,37,0,37,5,6,46,2,59,46,0,46,105
11/06/2021,ORH,MA,ANE,EN,Federal Contract Tower,9,2,9,0,20,0,6,50,0,56,9,8,59,0,76,64,0,64,140
11/07/2021,ORH,MA,ANE,EN,Federal Contract Tower,10,3,11,0,24,0,1,53,0,54,10,4,64,0,78,64,0,64,142
11/08/2021,ORH,MA,ANE,EN,Federal Contract Tower,8,3,7,0,18,0,0,13,0,13,8,3,20,0,31,40,0,40,71
11/09/2021,ORH,MA,ANE,EN,Federal Contract Tower,7,8,12,2,29,0,0,33,0,33,7,8,45,2,62,0,0,0,62
11/10/2021,ORH,MA,ANE,EN,Federal Contract Tower,5,8,7,0,20,0,11,20,0,31,5,19,27,0,51,6,0,6,57
11/11/2021,ORH,MA,ANE,EN,Federal Contract Tower,6,8,10,0,24,0,0,55,0,55,6,8,65,0,79,64,0,64,143
11/12/2021,ORH,MA,ANE,EN,Federal Contract Tower,7,3,14,0,24,0,0,0,0,0,7,3,14,0,24,0,0,0,24
11/13/2021,ORH,MA,ANE,EN,Federal Contract Tower,7,4,1,0,12,0,0,24,0,24,7,4,25,0,36,40,0,40,76
11/14/2021,ORH,MA,ANE,EN,Federal Contract Tower,10,4,4,0,18,0,2,43,0,45,10,6,47,0,63,24,0,24,87
11/15/2021,ORH,MA,ANE,EN,Federal Contract Tower,11,2,6,0,19,0,0,10,0,10,11,2,16,0,29,6,0,6,35
11/16/2021,ORH,MA,ANE,EN,Federal Contract Tower,10,5,18,7,40,4,1,8,4,17,14,6,26,11,57,17,6,23,80
11/17/2021,ORH,MA,ANE,EN,Federal Contract Tower,4,6,18,2,30,0,4,28,0,32,4,10,46,2,62,50,0,50,112
11/18/2021,ORH,MA,ANE,EN,Federal Contract Tower,6,6,29,0,41,0,0,10,0,10,6,6,39,0,51,32,0,32,83
11/19/2021,ORH,MA,ANE,EN,Federal Contract Tower,3,6,17,0,26,0,0,5,2,7,3,6,22,2,33,10,28,38,71
11/20/2021,ORH,MA,ANE,EN,Federal Contract Tower,5,5,1,0,11,0,0,51,2,53,5,5,52,2,64,63,0,63,127
11/21/2021,ORH,MA,ANE,EN,Federal Contract Tower,10,4,4,0,18,0,0,31,0,31,10,4,35,0,49,32,0,32,81
11/22/2021,ORH,MA,ANE,EN,Federal Contract Tower,6,6,5,1,18,0,0,6,0,6,6,6,11,1,24,6,6,12,36
11/23/2021,ORH,MA,ANE,EN,Federal Contract Tower,5,16,13,2,36,0,0,17,0,17,5,16,30,2,53,40,0,40,93
11/24/2021,ORH,MA,ANE,EN,Federal Contract Tower,7,6,14,0,27,0,0,29,0,29,7,6,43,0,56,0,0,0,56
11/25/2021,ORH,MA,ANE,EN,Federal Contract Tower,4,2,2,0,8,0,1,6,0,7,4,3,8,0,15,26,0,26,41
11/26/2021,ORH,MA,ANE,EN,Federal Contract Tower,6,6,3,0,15,0,0,1,0,1,6,6,4,0,16,0,0,0,16
11/27/2021,ORH,MA,ANE,EN,Federal Contract Tower,4,6,7,0,17,0,0,1,0,1,4,6,8,0,18,2,0,2,20
11/28/2021,ORH,MA,ANE,EN,Federal Contract Tower,10,6,11,0,27,0,0,54,0,54,10,6,65,0,81,24,0,24,105
11/29/2021,ORH,MA,ANE,EN,Federal Contract Tower,7,5,4,0,16,0,0,12,0,12,7,5,16,0,28,22,0,22,50
11/30/2021,ORH,MA,ANE,EN,Federal Contract Tower,10,5,23,0,38,0,0,16,0,16,10,5,39,0,54,34,0,34,88
12/01/2021,ORH,MA,ANE,EN,Federal Contract Tower,5,9,17,1,32,0,0,14,2,16,5,9,31,3,48,22,30,52,100
12/03/2021,ORH,MA,ANE,EN,Federal Contract Tower,11,2,7,0,20,0,0,4,0,4,11,2,11,0,24,8,0,8,32
12/04/2021,ORH,MA,ANE,EN,Federal Contract Tower,8,0,7,0,15,0,4,46,0,50,8,4,53,0,65,56,0,56,121
12/05/2021,ORH,MA,ANE,EN,Federal Contract Tower,7,4,16,0,27,0,0,34,0,34,7,4,50,0,61,36,0,36,97
12/06/2021,ORH,MA,ANE,EN,Federal Contract Tower,10,2,4,0,16,0,0,0,0,0,10,2,4,0,16,0,0,0,16
12/07/2021,ORH,MA,ANE,EN,Federal Contract Tower,4,13,23,3,43,0,0,15,2,17,4,13,38,5,60,38,0,38,98
12/08/2021,ORH,MA,ANE,EN,Federal Contract Tower,4,8,8,6,26,0,0,4,0,4,4,8,12,6,30,24,16,40,70
12/09/2021,ORH,MA,ANE,EN,Federal Contract Tower,8,6,9,6,29,0,2,11,0,13,8,8,20,6,42,30,0,30,72
12/10/2021,ORH,MA,ANE,EN,Federal Contract Tower,7,5,12,0,24,0,0,21,0,21,7,5,33,0,45,42,0,42,87
12/11/2021,ORH,MA,ANE,EN,Federal Contract Tower,6,4,2,0,12,0,0,0,0,0,6,4,2,0,12,0,0,0,12
12/12/2021,ORH,MA,ANE,EN,Federal Contract Tower,8,6,17,0,31,0,0,26,0,26,8,6,43,0,57,6,4,10,67
12/13/2021,ORH,MA,ANE,EN,Federal Contract Tower,10,5,6,6,27,0,0,16,2,18,10,5,22,8,45,14,0,14,59
12/14/2021,ORH,MA,ANE,EN,Federal Contract Tower,7,7,18,2,34,0,2,24,0,26,7,9,42,2,60,40,0,40,100
12/15/2021,ORH,MA,ANE,EN,Federal Contract Tower,4,9,6,2,21,0,0,18,8,26,4,9,24,10,47,62,0,62,109
12/16/2021,ORH,MA,ANE,EN,Federal Contract Tower,6,9,8,0,23,0,2,15,3,20,6,11,23,3,43,38,8,46,89
12/17/2021,ORH,MA,ANE,EN,Federal Contract Tower,7,3,10,0,20,0,0,5,1,6,7,3,15,1,26,4,2,6,32
12/18/2021,ORH,MA,ANE,EN,Federal Contract Tower,5,6,2,0,13,0,0,2,0,2,5,6,4,0,15,4,0,4,19
12/19/2021,ORH,MA,ANE,EN,Federal Contract Tower,7,11,8,0,26,0,0,0,0,0,7,11,8,0,26,0,0,0,26
12/20/2021,ORH,MA,ANE,EN,Federal Contract Tower,9,3,9,0,21,0,0,25,0,25,9,3,34,0,46,18,0,18,64
12/21/2021,ORH,MA,ANE,EN,Federal Contract Tower,4,11,21,5,41,0,0,17,2,19,4,11,38,7,60,48,0,48,108
12/22/2021,ORH,MA,ANE,EN,Federal Contract Tower,6,10,6,0,22,0,0,1,0,1,6,10,7,0,23,0,0,0,23
12/23/2021,ORH,MA,ANE,EN,Federal Contract Tower,2,5,4,0,11,0,0,11,0,11,2,5,15,0,22,12,0,12,34
12/24/2021,ORH,MA,ANE,EN,Federal Contract Tower,6,2,2,0,10,0,0,0,0,0,6,2,2,0,10,0,0,0,10
12/25/2021,ORH,MA,ANE,EN,Federal Contract Tower,5,4,0,0,9,0,0,0,0,0,5,4,0,0,9,0,0,0,9
12/26/2021,ORH,MA,ANE,EN,Federal Contract Tower,7,6,4,0,17,0,0,0,0,0,7,6,4,0,17,0,0,0,17
12/27/2021,ORH,MA,ANE,EN,Federal Contract Tower,5,4,17,0,26,0,0,12,0,12,5,4,29,0,38,22,0,22,60
12/28/2021,ORH,MA,ANE,EN,Federal Contract Tower,5,8,9,0,22,0,4,0,0,4,5,12,9,0,26,18,0,18,44
12/29/2021,ORH,MA,ANE,EN,Federal Contract Tower,6,7,0,0,13,0,0,0,0,0,6,7,0,0,13,0,0,0,13
12/30/2021,ORH,MA,ANE,EN,Federal Contract Tower,5,5,6,0,16,0,0,0,0,0,5,5,6,0,16,0,0,0,16
12/31/2021,ORH,MA,ANE,EN,Federal Contract Tower,2,2,4,0,8,0,0,0,0,0,2,2,4,0,8,0,0,0,8
01/01/2022,ORH,MA,ANE,EN,Federal Contract Tower,6,0,2,0,8,0,0,0,0,0,6,0,2,0,8,0,0,0,8
01/02/2022,ORH,MA,ANE,EN,Federal Contract Tower,6,4,9,0,19,0,0,0,0,0,6,4,9,0,19,0,0,0,19
01/03/2022,ORH,MA,ANE,EN,Federal Contract Tower,4,4,4,0,12,0,0,11,0,11,4,4,15,0,23,0,0,0,23
01/04/2022,ORH,MA,ANE,EN,Federal Contract Tower,3,5,6,2,16,0,1,21,0,22,3,6,27,2,38,60,4,64,102
01/05/2022,ORH,MA,ANE,EN,Federal Contract Tower,6,6,2,0,14,0,0,0,0,0,6,6,2,0,14,0,0,0,14
01/06/2022,ORH,MA,ANE,EN,Federal Contract Tower,5,5,4,0,14,0,0,20,0,20,5,5,24,0,34,6,0,6,40
01/07/2022,ORH,MA,ANE,EN,Federal Contract Tower,3,3,3,0,9,0,0,0,0,0,3,3,3,0,9,0,0,0,9
01/08/2022,ORH,MA,ANE,EN,Federal Contract Tower,8,2,9,3,22,0,1,30,0,31,8,3,39,3,53,34,0,34,87
01/09/2022,ORH,MA,ANE,EN,Federal Contract Tower,7,6,2,0,15,0,0,0,0,0,7,6,2,0,15,0,0,0,15
01/10/2022,ORH,MA,ANE,EN,Federal Contract Tower,5,7,4,0,16,0,0,4,0,4,5,7,8,0,20,0,0,0,20
01/11/2022,ORH,MA,ANE,EN,Federal Contract Tower,7,7,2,3,19,0,0,11,4,15,7,7,13,7,34,12,4,16,50
01/12/2022,ORH,MA,ANE,EN,Federal Contract Tower,6,8,5,0,19,0,0,3,2,5,6,8,8,2,24,0,0,0,24
01/13/2022,ORH,MA,ANE,EN,Federal Contract Tower,5,5,6,10,26,0,2,63,4,69,5,7,69,14,95,40,12,52,147
01/14/2022,ORH,MA,ANE,EN,Federal Contract Tower,7,12,1,0,20,0,0,6,0,6,7,12,7,0,26,0,0,0,26
01/15/2022,ORH,MA,ANE,EN,Federal Contract Tower,8,5,2,0,15,0,0,4,0,4,8,5,6,0,19,0,0,0,19
01/16/2022,ORH,MA,ANE,EN,Federal Contract Tower,5,8,25,0,38,0,0,39,0,39,5,8,64,0,77,26,0,26,103
01/17/2022,ORH,MA,ANE,EN,Federal Contract Tower,7,1,0,0,8,0,0,0,0,0,7,1,0,0,8,0,0,0,8
01/18/2022,ORH,MA,ANE,EN,Federal Contract Tower,6,14,0,6,26,0,1,0,0,1,6,15,0,6,27,0,0,0,27
01/19/2022,ORH,MA,ANE,EN,Federal Contract Tower,6,8,0,0,14,0,0,6,2,8,6,8,6,2,22,0,0,0,22
01/20/2022,ORH,MA,ANE,EN,Federal Contract Tower,6,4,3,0,13,0,2,8,6,16,6,6,11,6,29,0,2,2,31
01/21/2022,ORH,MA,ANE,EN,Federal Contract Tower,5,4,3,0,12,0,0,21,0,21,5,4,24,0,33,22,4,26,59
01/22/2022,ORH,MA,ANE,EN,Federal Contract Tower,3,2,6,0,11,0,1,24,0,25,3,3,30,0,36,48,0,48,84
01/23/2022,ORH,MA,ANE,EN,Federal Contract Tower,5,5,11,0,21,0,0,21,0,21,5,5,32,0,42,34,0,34,76
01/24/2022,ORH,MA,ANE,EN,Federal Contract Tower,9,2,6,0,17,0,0,18,0,18,9,2,24,0,35,30,0,30,65
01/25/2022,ORH,MA,ANE,EN,Federal Contract Tower,6,7,2,1,16,0,0,2,0,2,6,7,4,1,18,10,0,10,28
01/26/2022,ORH,MA,ANE,EN,Federal Contract Tower,5,6,12,7,30,0,0,25,4,29,5,6,37,11,59,24,10,34,93
01/27/2022,ORH,MA,ANE,EN,Federal Contract Tower,7,6,4,0,17,0,0,41,2,43,7,6,45,2,60,30,2,32,92
01/28/2022,ORH,MA,ANE,EN,Federal Contract Tower,4,7,0,0,11,0,0,10,0,10,4,7,10,0,21,12,0,12,33
01/29/2022,ORH,MA,ANE,EN,Federal Contract Tower,0,2,0,0,2,0,0,0,0,0,0,2,0,0,2,0,0,0,2
01/30/2022,ORH,MA,ANE,EN,Federal Contract Tower,0,5,4,0,9,0,2,2,2,6,0,7,6,2,15,4,4,8,23
01/31/2022,ORH,MA,ANE,EN,Federal Contract Tower,3,3,3,0,9,0,0,3,0,3,3,3,6,0,12,12,0,12,24
02/01/2022,ORH,MA,ANE,EN,Federal Contract Tower,7,6,7,0,20,0,0,8,0,8,7,6,15,0,28,6,0,6,34
02/02/2022,ORH,MA,ANE,EN,Federal Contract Tower,5,8,5,6,24,0,0,0,0,0,5,8,5,6,24,0,0,0,24
02/03/2022,ORH,MA,ANE,EN,Federal Contract Tower,2,2,2,0,6,0,0,0,0,0,2,2,2,0,6,0,0,0,6
02/04/2022,ORH,MA,ANE,EN,Federal Contract Tower,0,0,1,0,1,0,0,0,0,0,0,0,1,0,1,0,0,0,1
02/05/2022,ORH,MA,ANE,EN,Federal Contract Tower,2,2,7,0,11,0,0,2,0,2,2,2,9,0,13,0,0,0,13
02/06/2022,ORH,MA,ANE,EN,Federal Contract Tower,8,2,5,0,15,0,0,26,0,26,8,2,31,0,41,10,0,10,51
02/07/2022,ORH,MA,ANE,EN,Federal Contract Tower,7,2,0,0,9,0,0,0,0,0,7,2,0,0,9,0,0,0,9
02/08/2022,ORH,MA,ANE,EN,Federal Contract Tower,4,7,0,0,11,0,0,2,0,2,4,7,2,0,13,0,0,0,13
02/09/2022,ORH,MA,ANE,EN,Federal Contract Tower,6,8,12,0,26,0,0,45,2,47,6,8,57,2,73,38,16,54,127
02/10/2022,ORH,MA,ANE,EN,Federal Contract Tower,6,4,4,0,14,0,2,14,4,20,6,6,18,4,34,14,18,32,66
02/11/2022,ORH,MA,ANE,EN,Federal Contract Tower,7,6,8,3,24,0,0,32,1,33,7,6,40,4,57,28,0,28,85
02/12/2022,ORH,MA,ANE,EN,Federal Contract Tower,8,2,3,0,13,0,2,19,0,21,8,4,22,0,34,22,0,22,56
02/13/2022,ORH,MA,ANE,EN,Federal Contract Tower,5,8,2,0,15,0,0,0,0,0,5,8,2,0,15,0,0,0,15
02/14/2022,ORH,MA,ANE,EN,Federal Contract Tower,7,1,10,4,22,0,0,7,0,7,7,1,17,4,29,4,0,4,33
02/15/2022,ORH,MA,ANE,EN,Federal Contract Tower,6,14,23,2,45,0,0,31,0,31,6,14,54,2,76,42,4,46,122
02/16/2022,ORH,MA,ANE,EN,Federal Contract Tower,5,6,3,0,14,0,2,7,2,11,5,8,10,2,25,16,0,16,41
02/17/2022,ORH,MA,ANE,EN,Federal Contract Tower,6,9,3,0,18,0,0,8,0,8,6,9,11,0,26,0,0,0,26
02/18/2022,ORH,MA,ANE,EN,Federal Contract Tower,4,4,2,0,10,0,4,3,0,7,4,8,5,0,17,6,0,6,23
02/19/2022,ORH,MA,ANE,EN,Federal Contract Tower,7,8,1,0,16,0,2,6,0,8,7,10,7,0,24,6,0,6,30
02/20/2022,ORH,MA,ANE,EN,Federal Contract Tower,4,3,9,0,16,0,2,28,0,30,4,5,37,0,46,54,0,54,100
02/21/2022,ORH,MA,ANE,EN,Federal Contract Tower,9,3,18,0,30,0,1,28,0,29,9,4,46,0,59,52,0,52,111
02/22/2022,ORH,MA,ANE,EN,Federal Contract Tower,4,2,5,0,11,0,2,2,0,4,4,4,7,0,15,0,0,0,15
02/23/2022,ORH,MA,ANE,EN,Federal Contract Tower,5,10,1,0,16,0,0,8,2,10,5,10,9,2,26,0,0,0,26
02/24/2022,ORH,MA,ANE,EN,Federal Contract Tower,5,7,5,3,20,0,3,32,5,40,5,10,37,8,60,58,2,60,120
02/25/2022,ORH,MA,ANE,EN,Federal Contract Tower,1,2,0,0,3,0,0,0,0,0,1,2,0,0,3,0,0,0,3
02/26/2022,ORH,MA,ANE,EN,Federal Contract Tower,6,3,7,0,16,0,4,24,0,28,6,7,31,0,44,6,0,6,50
02/27/2022,ORH,MA,ANE,EN,Federal Contract Tower,4,6,8,0,18,0,1,9,0,10,4,7,17,0,28,0,0,0,28
02/28/2022,ORH,MA,ANE,EN,Federal Contract Tower,4,6,4,0,14,0,0,12,0,12,4,6,16,0,26,28,0,28,54
03/01/2022,ORH,MA,ANE,EN,Federal Contract Tower,7,9,4,0,20,0,0,10,0,10,7,9,14,0,30,18,0,18,48
03/02/2022,ORH,MA,ANE,EN,Federal Contract Tower,7,2,0,0,9,0,0,28,2,30,7,2,28,2,39,42,0,42,81
03/03/2022,ORH,MA,ANE,EN,Federal Contract Tower,4,5,3,0,12,0,3,1,2,6,4,8,4,2,18,2,0,2,20
03/04/2022,ORH,MA,ANE,EN,Federal Contract Tower,5,4,6,0,15,0,1,30,0,31,5,5,36,0,46,18,0,18,64
03/05/2022,ORH,MA,ANE,EN,Federal Contract Tower,5,6,8,0,19,0,4,67,0,71,5,10,75,0,90,32,0,32,122
03/06/2022,ORH,MA,ANE,EN,Federal Contract Tower,4,5,1,0,10,0,2,2,0,4,4,7,3,0,14,0,0,0,14
03/07/2022,ORH,MA,ANE,EN,Federal Contract Tower,5,5,5,0,15,0,1,3,0,4,5,6,8,0,19,6,0,6,25
03/08/2022,ORH,MA,ANE,EN,Federal Contract Tower,6,8,2,0,16,0,2,12,0,14,6,10,14,0,30,0,0,0,30
03/09/2022,ORH,MA,ANE,EN,Federal Contract Tower,4,4,3,0,11,0,2,4,0,6,4,6,7,0,17,14,0,14,31
03/10/2022,ORH,MA,ANE,EN,Federal Contract Tower,3,8,3,0,14,0,0,35,4,39,3,8,38,4,53,20,0,20,73
03/11/2022,ORH,MA,ANE,EN,Federal Contract Tower,6,4,4,0,14,0,3,34,4,41,6,7,38,4,55,30,0,30,85
03/12/2022,ORH,MA,ANE,EN,Federal Contract Tower,2,9,2,0,13,0,0,0,0,0,2,9,2,0,13,0,0,0,13
03/13/2022,ORH,MA,ANE,EN,Federal Contract Tower,6,5,3,0,14,0,0,7,0,7,6,5,10,0,21,0,0,0,21
03/14/2022,ORH,MA,ANE,EN,Federal Contract Tower,3,6,5,0,14,0,2,25,0,27,3,8,30,0,41,22,0,22,63
03/15/2022,ORH,MA,ANE,EN,Federal Contract Tower,4,6,2,0,12,0,0,19,0,19,4,6,21,0,31,26,0,26,57
03/16/2022,ORH,MA,ANE,EN,Federal Contract Tower,5,9,1,0,15,0,0,14,1,15,5,9,15,1,30,20,14,34,64
03/17/2022,ORH,MA,ANE,EN,Federal Contract Tower,4,8,7,0,19,0,1,0,0,1,4,9,7,0,20,0,0,0,20
03/18/2022,ORH,MA,ANE,EN,Federal Contract Tower,3,12,5,0,20,0,6,59,2,67,3,18,64,2,87,82,16,98,185
03/19/2022,ORH,MA,ANE,EN,Federal Contract Tower,2,0,4,0,6,0,0,0,0,0,2,0,4,0,6,0,0,0,6
03/20/2022,ORH,MA,ANE,EN,Federal Contract Tower,7,5,15,0,27,0,0,23,0,23,7,5,38,0,50,18,0,18,68
03/21/2022,ORH,MA,ANE,EN,Federal Contract Tower,5,6,4,0,15,0,0,19,0,19,5,6,23,0,34,2,0,2,36
03/22/2022,ORH,MA,ANE,EN,Federal Contract Tower,3,10,1,0,14,0,0,10,0,10,3,10,11,0,24,0,0,0,24
03/23/2022,ORH,MA,ANE,EN,Federal Contract Tower,8,8,10,0,26,0,1,37,6,44,8,9,47,6,70,58,4,62,132
03/24/2022,ORH,MA,ANE,EN,Federal Contract Tower,5,5,0,0,10,0,0,0,0,0,5,5,0,0,10,0,0,0,10
03/25/2022,ORH,MA,ANE,EN,Federal Contract Tower,4,6,4,0,14,0,0,21,0,21,4,6,25,0,35,26,0,26,61
03/26/2022,ORH,MA,ANE,EN,Federal Contract Tower,5,9,8,0,22,0,0,36,0,36,5,9,44,0,58,14,0,14,72
03/27/2022,ORH,MA,ANE,EN,Federal Contract Tower,4,11,3,0,18,0,0,9,0,9,4,11,12,0,27,2,0,2,29
03/28/2022,ORH,MA,ANE,EN,Federal Contract Tower,0,0,0,0,0,0,0,0,0,0,0,0,0,0,0,0,0,0,0
03/29/2022,ORH,MA,ANE,EN,Federal Contract Tower,5,6,13,0,24,0,0,11,0,11,5,6,24,0,35,18,6,24,59
03/30/2022,ORH,MA,ANE,EN,Federal Contract Tower,5,9,7,4,25,0,2,39,4,45,5,11,46,8,70,62,0,62,132
03/31/2022,ORH,MA,ANE,EN,Federal Contract Tower,4,7,5,0,16,0,0,0,0,0,4,7,5,0,16,0,0,0,16
04/01/2022,ORH,MA,ANE,EN,Federal Contract Tower,6,3,3,1,13,0,0,1,0,1,6,3,4,1,14,0,0,0,14
04/02/2022,ORH,MA,ANE,EN,Federal Contract Tower,5,7,4,0,16,0,0,15,0,15,5,7,19,0,31,16,0,16,47
04/03/2022,ORH,MA,ANE,EN,Federal Contract Tower,1,6,10,0,17,0,8,18,0,26,1,14,28,0,43,56,0,56,99
04/04/2022,ORH,MA,ANE,EN,Federal Contract Tower,7,5,4,4,20,0,0,10,0,10,7,5,14,4,30,16,30,46,76
04/05/2022,ORH,MA,ANE,EN,Federal Contract Tower,6,6,19,2,33,0,0,41,0,41,6,6,60,2,74,58,0,58,132
04/06/2022,ORH,MA,ANE,EN,Federal Contract Tower,4,12,13,8,37,0,0,0,0,0,4,12,13,8,37,0,0,0,37
04/07/2022,ORH,MA,ANE,EN,Federal Contract Tower,3,9,7,0,19,0,0,0,2,2,3,9,7,2,21,0,0,0,21
04/08/2022,ORH,MA,ANE,EN,Federal Contract Tower,3,9,7,0,19,0,4,11,0,15,3,13,18,0,34,4,0,4,38
04/09/2022,ORH,MA,ANE,EN,Federal Contract Tower,6,8,3,0,17,0,0,8,0,8,6,8,11,0,25,8,0,8,33
04/10/2022,ORH,MA,ANE,EN,Federal Contract Tower,6,2,13,2,23,0,0,15,0,15,6,2,28,2,38,6,0,6,44
04/11/2022,ORH,MA,ANE,EN,Federal Contract Tower,10,1,18,0,29,0,0,35,0,35,10,1,53,0,64,24,0,24,88
04/12/2022,ORH,MA,ANE,EN,Federal Contract Tower,9,6,12,0,27,0,0,39,4,43,9,6,51,4,70,16,0,16,86
04/13/2022,ORH,MA,ANE,EN,Federal Contract Tower,7,11,8,1,27,0,2,41,1,44,7,13,49,2,71,38,2,40,111
04/14/2022,ORH,MA,ANE,EN,Federal Contract Tower,4,11,10,0,25,0,0,0,0,0,4,11,10,0,25,0,0,0,25
04/15/2022,ORH,MA,ANE,EN,Federal Contract Tower,3,12,8,0,23,0,0,28,0,28,3,12,36,0,51,6,0,6,57
04/16/2022,ORH,MA,ANE,EN,Federal Contract Tower,8,4,3,0,15,0,2,5,0,7,8,6,8,0,22,4,0,4,26
04/17/2022,ORH,MA,ANE,EN,Federal Contract Tower,3,6,5,0,14,0,0,3,0,3,3,6,8,0,17,0,0,0,17
04/18/2022,ORH,MA,ANE,EN,Federal Contract Tower,2,9,14,0,25,0,0,16,0,16,2,9,30,0,41,6,0,6,47
04/19/2022,ORH,MA,ANE,EN,Federal Contract Tower,5,12,6,0,23,0,0,0,0,0,5,12,6,0,23,0,0,0,23
04/20/2022,ORH,MA,ANE,EN,Federal Contract Tower,3,11,1,2,17,0,1,9,6,16,3,12,10,8,33,6,8,14,47
04/21/2022,ORH,MA,ANE,EN,Federal Contract Tower,6,12,3,0,21,0,2,24,0,26,6,14,27,0,47,22,0,22,69
04/22/2022,ORH,MA,ANE,EN,Federal Contract Tower,5,6,2,0,13,0,0,22,0,22,5,6,24,0,35,8,0,8,43
04/23/2022,ORH,MA,ANE,EN,Federal Contract Tower,4,14,1,1,20,0,4,52,5,61,4,18,53,6,81,20,18,38,119
04/24/2022,ORH,MA,ANE,EN,Federal Contract Tower,5,10,7,0,22,0,0,21,0,21,5,10,28,0,43,30,0,30,73
04/25/2022,ORH,MA,ANE,EN,Federal Contract Tower,3,6,25,0,34,0,5,42,2,49,3,11,67,2,83,32,0,32,115
04/26/2022,ORH,MA,ANE,EN,Federal Contract Tower,6,7,16,2,31,0,0,1,0,1,6,7,17,2,32,0,0,0,32
04/27/2022,ORH,MA,ANE,EN,Federal Contract Tower,6,12,3,0,21,0,0,6,6,12,6,12,9,6,33,24,6,30,63
04/28/2022,ORH,MA,ANE,EN,Federal Contract Tower,10,4,5,5,24,0,0,2,4,6,10,4,7,9,30,0,2,2,32
04/29/2022,ORH,MA,ANE,EN,Federal Contract Tower,6,8,10,0,24,0,0,5,0,5,6,8,15,0,29,8,0,8,37
04/30/2022,ORH,MA,ANE,EN,Federal Contract Tower,6,15,19,0,40,0,0,81,0,81,6,15,100,0,121,38,0,38,159
05/01/2022,ORH,MA,ANE,EN,Federal Contract Tower,7,9,2,0,18,0,0,41,0,41,7,9,43,0,59,44,0,44,103
05/02/2022,ORH,MA,ANE,EN,Federal Contract Tower,6,6,9,0,21,0,0,5,0,5,6,6,14,0,26,48,0,48,74
05/03/2022,ORH,MA,ANE,EN,Federal Contract Tower,6,11,17,2,36,0,0,0,0,0,6,11,17,2,36,0,0,0,36
05/04/2022,ORH,MA,ANE,EN,Federal Contract Tower,6,9,6,6,27,0,0,0,0,0,6,9,6,6,27,10,0,10,37
05/05/2022,ORH,MA,ANE,EN,Federal Contract Tower,5,15,4,0,24,0,1,63,0,64,5,16,67,0,88,66,0,66,154
05/06/2022,ORH,MA,ANE,EN,Federal Contract Tower,6,9,4,0,19,0,0,39,0,39,6,9,43,0,58,24,0,24,82
05/07/2022,ORH,MA,ANE,EN,Federal Contract Tower,4,18,4,0,26,0,0,8,0,8,4,18,12,0,34,0,0,0,34
05/08/2022,ORH,MA,ANE,EN,Federal Contract Tower,6,13,5,0,24,0,0,4,0,4,6,13,9,0,28,0,0,0,28
05/09/2022,ORH,MA,ANE,EN,Federal Contract Tower,7,2,8,0,17,0,0,3,0,3,7,2,11,0,20,0,0,0,20
05/10/2022,ORH,MA,ANE,EN,Federal Contract Tower,8,6,9,2,25,0,1,14,4,19,8,7,23,6,44,12,14,26,70
05/11/2022,ORH,MA,ANE,EN,Federal Contract Tower,10,5,9,0,24,0,1,14,4,19,10,6,23,4,43,18,0,18,61
05/12/2022,ORH,MA,ANE,EN,Federal Contract Tower,5,9,18,0,32,0,1,22,0,23,5,10,40,0,55,24,0,24,79
05/13/2022,ORH,MA,ANE,EN,Federal Contract Tower,5,7,11,0,23,0,0,28,0,28,5,7,39,0,51,16,0,16,67
05/14/2022,ORH,MA,ANE,EN,Federal Contract Tower,7,4,10,0,21,0,0,38,0,38,7,4,48,0,59,20,0,20,79
05/15/2022,ORH,MA,ANE,EN,Federal Contract Tower,6,6,15,0,27,0,1,4,0,5,6,7,19,0,32,6,0,6,38
05/16/2022,ORH,MA,ANE,EN,Federal Contract Tower,11,0,5,0,16,0,2,19,2,23,11,2,24,2,39,16,0,16,55
05/17/2022,ORH,MA,ANE,EN,Federal Contract Tower,3,5,5,0,13,0,0,11,0,11,3,5,16,0,24,0,0,0,24
05/18/2022,ORH,MA,ANE,EN,Federal Contract Tower,7,4,3,0,14,0,2,27,6,35,7,6,30,6,49,58,10,68,117
05/19/2022,ORH,MA,ANE,EN,Federal Contract Tower,5,7,6,0,18,0,1,2,0,3,5,8,8,0,21,2,0,2,23
05/20/2022,ORH,MA,ANE,EN,Federal Contract Tower,4,7,5,0,16,0,0,33,0,33,4,7,38,0,49,16,0,16,65
05/21/2022,ORH,MA,ANE,EN,Federal Contract Tower,7,2,14,0,23,0,2,26,0,28,7,4,40,0,51,8,0,8,59
05/22/2022,ORH,MA,ANE,EN,Federal Contract Tower,6,3,3,0,12,0,0,22,0,22,6,3,25,0,34,6,0,6,40
05/23/2022,ORH,MA,ANE,EN,Federal Contract Tower,8,4,6,0,18,0,0,23,0,23,8,4,29,0,41,24,0,24,65
05/24/2022,ORH,MA,ANE,EN,Federal Contract Tower,8,6,4,0,18,0,0,27,0,27,8,6,31,0,45,54,0,54,99
05/25/2022,ORH,MA,ANE,EN,Federal Contract Tower,7,5,10,0,22,0,2,38,8,48,7,7,48,8,70,44,18,62,132
05/26/2022,ORH,MA,ANE,EN,Federal Contract Tower,7,7,11,0,25,0,3,26,0,29,7,10,37,0,54,22,0,22,76
05/27/2022,ORH,MA,ANE,EN,Federal Contract Tower,5,5,7,0,17,0,0,2,0,2,5,5,9,0,19,4,0,4,23
05/28/2022,ORH,MA,ANE,EN,Federal Contract Tower,6,5,38,0,49,0,0,0,0,0,6,5,38,0,49,8,0,8,57
05/29/2022,ORH,MA,ANE,EN,Federal Contract Tower,10,2,6,0,18,0,1,47,0,48,10,3,53,0,66,68,0,68,134
05/30/2022,ORH,MA,ANE,EN,Federal Contract Tower,4,7,5,0,16,0,0,23,0,23,4,7,28,0,39,14,0,14,53
05/31/2022,ORH,MA,ANE,EN,Federal Contract Tower,7,4,3,0,14,0,0,25,1,26,7,4,28,1,40,38,12,50,90
06/01/2022,ORH,MA,ANE,EN,Federal Contract Tower,10,6,5,0,21,0,0,18,0,18,10,6,23,0,39,2,0,2,41
06/02/2022,ORH,MA,ANE,EN,Federal Contract Tower,6,8,14,0,28,0,0,5,0,5,6,8,19,0,33,18,0,18,51
06/03/2022,ORH,MA,ANE,EN,Federal Contract Tower,5,8,9,0,22,0,0,0,0,0,5,8,9,0,22,2,0,2,24
06/04/2022,ORH,MA,ANE,EN,Federal Contract Tower,3,3,11,0,17,0,0,39,0,39,3,3,50,0,56,14,0,14,70
06/05/2022,ORH,MA,ANE,EN,Federal Contract Tower,9,1,3,0,13,0,0,73,0,73,9,1,76,0,86,28,0,28,114
06/06/2022,ORH,MA,ANE,EN,Federal Contract Tower,11,2,2,0,15,0,0,38,1,39,11,2,40,1,54,42,4,46,100
06/07/2022,ORH,MA,ANE,EN,Federal Contract Tower,5,8,1,0,14,0,2,36,2,40,5,10,37,2,54,16,0,16,70
06/08/2022,ORH,MA,ANE,EN,Federal Contract Tower,9,5,3,2,19,0,0,21,0,21,9,5,24,2,40,18,0,18,58
06/09/2022,ORH,MA,ANE,EN,Federal Contract Tower,5,8,11,2,26,0,1,11,0,12,5,9,22,2,38,0,0,0,38
06/10/2022,ORH,MA,ANE,EN,Federal Contract Tower,5,7,10,0,22,0,2,19,0,21,5,9,29,0,43,2,0,2,45
06/11/2022,ORH,MA,ANE,EN,Federal Contract Tower,6,4,9,0,19,0,0,61,2,63,6,4,70,2,82,38,2,40,122
06/12/2022,ORH,MA,ANE,EN,Federal Contract Tower,5,4,8,0,17,0,2,22,0,24,5,6,30,0,41,6,0,6,47
06/13/2022,ORH,MA,ANE,EN,Federal Contract Tower,11,1,11,0,23,0,0,21,1,22,11,1,32,1,45,4,0,4,49
06/14/2022,ORH,MA,ANE,EN,Federal Contract Tower,7,9,8,0,24,0,0,35,10,45,7,9,43,10,69,50,0,50,119
06/15/2022,ORH,MA,ANE,EN,Federal Contract Tower,7,1,4,0,12,0,1,37,2,40,7,2,41,2,52,4,18,22,74
06/16/2022,ORH,MA,ANE,EN,Federal Contract Tower,4,2,8,0,14,0,0,14,2,16,4,2,22,2,30,0,22,22,52
06/17/2022,ORH,MA,ANE,EN,Federal Contract Tower,6,3,6,0,15,0,0,5,0,5,6,3,11,0,20,0,0,0,20
06/18/2022,ORH,MA,ANE,EN,Federal Contract Tower,6,6,6,0,18,0,0,20,0,20,6,6,26,0,38,2,0,2,40
06/19/2022,ORH,MA,ANE,EN,Federal Contract Tower,9,2,5,0,16,0,0,16,0,16,9,2,21,0,32,12,0,12,44
06/20/2022,ORH,MA,ANE,EN,Federal Contract Tower,9,2,10,0,21,0,0,32,0,32,9,2,42,0,53,40,0,40,93
06/21/2022,ORH,MA,ANE,EN,Federal Contract Tower,5,4,5,0,14,0,1,34,0,35,5,5,39,0,49,36,0,36,85
06/22/2022,ORH,MA,ANE,EN,Federal Contract Tower,7,1,11,4,23,0,0,8,0,8,7,1,19,4,31,4,0,4,35
06/23/2022,ORH,MA,ANE,EN,Federal Contract Tower,7,9,11,0,27,0,0,17,8,25,7,9,28,8,52,6,0,6,58
06/24/2022,ORH,MA,ANE,EN,Federal Contract Tower,5,11,8,2,26,0,0,27,4,31,5,11,35,6,57,42,4,46,103
06/25/2022,ORH,MA,ANE,EN,Federal Contract Tower,6,2,7,0,15,0,2,53,0,55,6,4,60,0,70,52,0,52,122
06/26/2022,ORH,MA,ANE,EN,Federal Contract Tower,7,6,4,0,17,0,0,44,0,44,7,6,48,0,61,14,0,14,75
06/27/2022,ORH,MA,ANE,EN,Federal Contract Tower,10,3,13,0,26,0,0,1,0,1,10,3,14,0,27,0,0,0,27
06/28/2022,ORH,MA,ANE,EN,Federal Contract Tower,6,9,10,4,29,0,0,37,0,37,6,9,47,4,66,50,0,50,116
06/29/2022,ORH,MA,ANE,EN,Federal Contract Tower,7,5,9,0,21,0,0,32,4,36,7,5,41,4,57,42,18,60,117
06/30/2022,ORH,MA,ANE,EN,Federal Contract Tower,5,5,10,0,20,0,4,52,0,56,5,9,62,0,76,26,0,26,102
07/01/2022,ORH,MA,ANE,EN,Federal Contract Tower,5,4,6,0,15,0,0,17,0,17,5,4,23,0,32,10,0,10,42
07/02/2022,ORH,MA,ANE,EN,Federal Contract Tower,3,3,5,0,11,0,0,0,0,0,3,3,5,0,11,10,0,10,21
07/03/2022,ORH,MA,ANE,EN,Federal Contract Tower,6,4,6,0,16,0,0,26,0,26,6,4,32,0,42,4,0,4,46
07/04/2022,ORH,MA,ANE,EN,Federal Contract Tower,9,3,6,0,18,0,3,20,0,23,9,6,26,0,41,6,0,6,47
07/05/2022,ORH,MA,ANE,EN,Federal Contract Tower,6,7,7,0,20,0,0,9,0,9,6,7,16,0,29,0,0,0,29
07/06/2022,ORH,MA,ANE,EN,Federal Contract Tower,6,7,7,2,22,0,21,2,0,23,6,28,9,2,45,0,0,0,45
07/07/2022,ORH,MA,ANE,EN,Federal Contract Tower,8,7,12,0,27,0,6,37,2,45,8,13,49,2,72,38,0,38,110
07/08/2022,ORH,MA,ANE,EN,Federal Contract Tower,5,13,5,0,23,0,2,32,0,34,5,15,37,0,57,32,0,32,89
07/09/2022,ORH,MA,ANE,EN,Federal Contract Tower,6,4,2,0,12,0,0,63,0,63,6,4,65,0,75,32,0,32,107
07/10/2022,ORH,MA,ANE,EN,Federal Contract Tower,8,4,9,0,21,0,1,47,0,48,8,5,56,0,69,38,0,38,107
07/11/2022,ORH,MA,ANE,EN,Federal Contract Tower,13,4,2,0,19,0,0,16,0,16,13,4,18,0,35,18,0,18,53
07/12/2022,ORH,MA,ANE,EN,Federal Contract Tower,6,7,3,4,20,0,0,2,2,4,6,7,5,6,24,4,0,4,28
07/13/2022,ORH,MA,ANE,EN,Federal Contract Tower,5,10,11,0,26,0,1,34,0,35,5,11,45,0,61,66,0,66,127
07/14/2022,ORH,MA,ANE,EN,Federal Contract Tower,6,7,9,0,22,0,0,7,4,11,6,7,16,4,33,4,0,4,37
07/15/2022,ORH,MA,ANE,EN,Federal Contract Tower,6,4,5,0,15,0,0,63,0,63,6,4,68,0,78,32,0,32,110
07/16/2022,ORH,MA,ANE,EN,Federal Contract Tower,7,4,3,0,14,0,0,51,0,51,7,4,54,0,65,8,0,8,73
07/17/2022,ORH,MA,ANE,EN,Federal Contract Tower,8,6,10,0,24,0,0,23,0,23,8,6,33,0,47,4,0,4,51
07/18/2022,ORH,MA,ANE,EN,Federal Contract Tower,7,2,3,0,12,0,0,0,0,0,7,2,3,0,12,0,0,0,12
07/19/2022,ORH,MA,ANE,EN,Federal Contract Tower,5,5,0,2,12,0,7,4,0,11,5,12,4,2,23,30,64,94,117
07/20/2022,ORH,MA,ANE,EN,Federal Contract Tower,6,5,12,0,23,0,0,23,2,25,6,5,35,2,48,14,6,20,68
07/21/2022,ORH,MA,ANE,EN,Federal Contract Tower,5,5,6,0,16,0,0,18,0,18,5,5,24,0,34,2,0,2,36
07/22/2022,ORH,MA,ANE,EN,Federal Contract Tower,5,7,2,0,14,0,0,40,0,40,5,7,42,0,54,12,0,12,66
07/23/2022,ORH,MA,ANE,EN,Federal Contract Tower,5,6,4,0,15,0,0,30,0,30,5,6,34,0,45,14,0,14,59
07/24/2022,ORH,MA,ANE,EN,Federal Contract Tower,9,4,7,0,20,0,0,17,0,17,9,4,24,0,37,8,0,8,45
07/25/2022,ORH,MA,ANE,EN,Federal Contract Tower,7,5,5,0,17,0,0,1,0,1,7,5,6,0,18,0,0,0,18
07/26/2022,ORH,MA,ANE,EN,Federal Contract Tower,5,7,4,2,18,0,0,25,2,27,5,7,29,4,45,40,0,40,85
07/27/2022,ORH,MA,ANE,EN,Federal Contract Tower,6,5,3,0,14,0,1,33,0,34,6,6,36,0,48,32,0,32,80
07/28/2022,ORH,MA,ANE,EN,Federal Contract Tower,6,5,6,2,19,0,2,3,0,5,6,7,9,2,24,4,0,4,28
07/29/2022,ORH,MA,ANE,EN,Federal Contract Tower,6,8,3,0,17,0,0,38,0,38,6,8,41,0,55,30,0,30,85
07/30/2022,ORH,MA,ANE,EN,Federal Contract Tower,8,2,13,0,23,0,0,23,0,23,8,2,36,0,46,18,0,18,64
07/31/2022,ORH,MA,ANE,EN,Federal Contract Tower,8,5,8,0,21,0,1,41,0,42,8,6,49,0,63,30,0,30,93
08/01/2022,ORH,MA,ANE,EN,Federal Contract Tower,11,0,20,0,31,0,5,11,0,16,11,5,31,0,47,14,0,14,61
08/02/2022,ORH,MA,ANE,EN,Federal Contract Tower,6,4,6,0,16,0,0,12,2,14,6,4,18,2,30,50,0,50,80
08/03/2022,ORH,MA,ANE,EN,Federal Contract Tower,6,10,15,0,31,0,3,28,0,31,6,13,43,0,62,74,0,74,136
08/04/2022,ORH,MA,ANE,EN,Federal Contract Tower,5,4,15,0,24,0,3,28,0,31,5,7,43,0,55,20,0,20,75
08/05/2022,ORH,MA,ANE,EN,Federal Contract Tower,6,2,7,0,15,0,2,23,0,25,6,4,30,0,40,14,0,14,54
08/06/2022,ORH,MA,ANE,EN,Federal Contract Tower,6,2,1,0,9,0,0,36,0,36,6,2,37,0,45,8,0,8,53
08/07/2022,ORH,MA,ANE,EN,Federal Contract Tower,8,0,7,0,15,0,2,23,0,25,8,2,30,0,40,12,0,12,52
08/08/2022,ORH,MA,ANE,EN,Federal Contract Tower,9,5,6,0,20,0,4,22,0,26,9,9,28,0,46,28,0,28,74
08/09/2022,ORH,MA,ANE,EN,Federal Contract Tower,5,10,2,0,17,0,0,5,2,7,5,10,7,2,24,0,0,0,24
08/10/2022,ORH,MA,ANE,EN,Federal Contract Tower,7,9,5,2,23,0,2,9,4,15,7,11,14,6,38,4,12,16,54
08/11/2022,ORH,MA,ANE,EN,Federal Contract Tower,5,7,5,0,17,0,2,43,0,45,5,9,48,0,62,50,0,50,112
08/12/2022,ORH,MA,ANE,EN,Federal Contract Tower,5,7,9,0,21,0,0,41,0,41,5,7,50,0,62,38,0,38,100
08/13/2022,ORH,MA,ANE,EN,Federal Contract Tower,5,7,11,0,23,0,0,37,0,37,5,7,48,0,60,24,0,24,84
08/14/2022,ORH,MA,ANE,EN,Federal Contract Tower,6,4,5,0,15,0,0,37,0,37,6,4,42,0,52,8,0,8,60
08/15/2022,ORH,MA,ANE,EN,Federal Contract Tower,12,3,7,0,22,0,2,43,0,45,12,5,50,0,67,40,0,40,107
08/16/2022,ORH,MA,ANE,EN,Federal Contract Tower,6,7,4,2,19,0,0,18,0,18,6,7,22,2,37,12,0,12,49
08/17/2022,ORH,MA,ANE,EN,Federal Contract Tower,5,7,4,0,16,0,2,11,4,17,5,9,15,4,33,20,2,22,55
08/18/2022,ORH,MA,ANE,EN,Federal Contract Tower,7,15,7,0,29,0,1,19,4,24,7,16,26,4,53,24,0,24,77
08/19/2022,ORH,MA,ANE,EN,Federal Contract Tower,5,8,8,0,21,0,2,42,0,44,5,10,50,0,65,16,0,16,81
08/20/2022,ORH,MA,ANE,EN,Federal Contract Tower,6,4,9,0,19,0,0,47,0,47,6,4,56,0,66,34,0,34,100
08/21/2022,ORH,MA,ANE,EN,Federal Contract Tower,8,11,7,0,26,0,4,38,0,42,8,15,45,0,68,8,0,8,76
08/22/2022,ORH,MA,ANE,EN,Federal Contract Tower,7,1,2,0,10,0,0,0,0,0,7,1,2,0,10,0,0,0,10
08/23/2022,ORH,MA,ANE,EN,Federal Contract Tower,8,7,3,0,18,0,0,0,0,0,8,7,3,0,18,0,0,0,18
08/24/2022,ORH,MA,ANE,EN,Federal Contract Tower,10,5,12,0,27,0,2,22,4,28,10,7,34,4,55,64,0,64,119
08/25/2022,ORH,MA,ANE,EN,Federal Contract Tower,6,12,10,0,28,1,5,20,0,26,7,17,30,0,54,14,0,14,68
08/26/2022,ORH,MA,ANE,EN,Federal Contract Tower,6,5,2,0,13,0,0,9,0,9,6,5,11,0,22,18,0,18,40
08/27/2022,ORH,MA,ANE,EN,Federal Contract Tower,8,1,12,0,21,0,3,33,0,36,8,4,45,0,57,14,0,14,71
08/28/2022,ORH,MA,ANE,EN,Federal Contract Tower,8,7,22,0,37,0,0,19,0,19,8,7,41,0,56,2,0,2,58
08/29/2022,ORH,MA,ANE,EN,Federal Contract Tower,10,3,8,0,21,0,2,11,0,13,10,5,19,0,34,20,0,20,54
08/30/2022,ORH,MA,ANE,EN,Federal Contract Tower,6,22,5,0,33,0,0,13,1,14,6,22,18,1,47,12,0,12,59
08/31/2022,ORH,MA,ANE,EN,Federal Contract Tower,9,8,7,0,24,0,0,13,2,15,9,8,20,2,39,2,0,2,41
09/01/2022,ORH,MA,ANE,EN,Federal Contract Tower,5,8,3,0,16,0,0,12,4,16,5,8,15,4,32,18,0,18,50
09/02/2022,ORH,MA,ANE,EN,Federal Contract Tower,6,5,4,0,15,0,0,29,0,29,6,5,33,0,44,50,0,50,94
09/03/2022,ORH,MA,ANE,EN,Federal Contract Tower,6,6,7,0,19,0,2,44,0,46,6,8,51,0,65,48,0,48,113
09/04/2022,ORH,MA,ANE,EN,Federal Contract Tower,6,26,6,0,38,0,0,17,0,17,6,26,23,0,55,58,0,58,113
09/05/2022,ORH,MA,ANE,EN,Federal Contract Tower,8,0,15,0,23,0,0,0,0,0,8,0,15,0,23,0,0,0,23
09/06/2022,ORH,MA,ANE,EN,Federal Contract Tower,5,8,8,0,21,0,0,0,0,0,5,8,8,0,21,0,0,0,21
09/07/2022,ORH,MA,ANE,EN,Federal Contract Tower,4,7,15,0,26,0,2,4,2,8,4,9,19,2,34,0,10,10,44
09/08/2022,ORH,MA,ANE,EN,Federal Contract Tower,8,8,9,0,25,0,4,22,0,26,8,12,31,0,51,54,0,54,105
09/09/2022,ORH,MA,ANE,EN,Federal Contract Tower,5,10,11,0,26,0,4,35,0,39,5,14,46,0,65,54,0,54,119
09/10/2022,ORH,MA,ANE,EN,Federal Contract Tower,10,6,12,0,28,0,0,44,4,48,10,6,56,4,76,20,4,24,100
09/11/2022,ORH,MA,ANE,EN,Federal Contract Tower,9,12,12,0,33,0,0,41,0,41,9,12,53,0,74,24,0,24,98
09/12/2022,ORH,MA,ANE,EN,Federal Contract Tower,9,5,9,0,23,0,0,5,0,5,9,5,14,0,28,0,0,0,28
09/13/2022,ORH,MA,ANE,EN,Federal Contract Tower,6,10,10,0,26,0,0,1,0,1,6,10,11,0,27,0,0,0,27
09/14/2022,ORH,MA,ANE,EN,Federal Contract Tower,6,13,11,0,30,0,0,8,6,14,6,13,19,6,44,6,0,6,50
09/15/2022,ORH,MA,ANE,EN,Federal Contract Tower,5,9,8,0,22,0,3,21,6,30,5,12,29,6,52,6,16,22,74
09/16/2022,ORH,MA,ANE,EN,Federal Contract Tower,6,4,8,0,18,0,0,36,0,36,6,4,44,0,54,64,0,64,118
09/17/2022,ORH,MA,ANE,EN,Federal Contract Tower,7,6,6,0,19,0,1,28,0,29,7,7,34,0,48,14,2,16,64
09/18/2022,ORH,MA,ANE,EN,Federal Contract Tower,7,9,7,0,23,0,6,31,0,37,7,15,38,0,60,10,0,10,70
09/19/2022,ORH,MA,ANE,EN,Federal Contract Tower,10,2,11,0,23,0,0,0,0,0,10,2,11,0,23,0,0,0,23
09/20/2022,ORH,MA,ANE,EN,Federal Contract Tower,4,9,22,2,37,0,0,1,0,1,4,9,23,2,38,0,0,0,38
09/21/2022,ORH,MA,ANE,EN,Federal Contract Tower,6,10,17,1,34,0,1,9,0,10,6,11,26,1,44,0,34,34,78
09/22/2022,ORH,MA,ANE,EN,Federal Contract Tower,5,8,7,0,20,0,0,2,0,2,5,8,9,0,22,0,0,0,22
09/23/2022,ORH,MA,ANE,EN,Federal Contract Tower,5,8,9,0,22,0,1,7,0,8,5,9,16,0,30,8,0,8,38
09/24/2022,ORH,MA,ANE,EN,Federal Contract Tower,5,10,4,0,19,0,0,10,0,10,5,10,14,0,29,0,0,0,29
09/25/2022,ORH,MA,ANE,EN,Federal Contract Tower,5,10,8,0,23,0,1,37,0,38,5,11,45,0,61,8,0,8,69
09/26/2022,ORH,MA,ANE,EN,Federal Contract Tower,8,3,17,2,30,0,0,8,0,8,8,3,25,2,38,0,0,0,38
09/27/2022,ORH,MA,ANE,EN,Federal Contract Tower,7,15,5,0,27,0,2,13,0,15,7,17,18,0,42,42,0,42,84
09/28/2022,ORH,MA,ANE,EN,Federal Contract Tower,3,7,4,0,14,0,0,24,0,24,3,7,28,0,38,40,0,40,78
09/29/2022,ORH,MA,ANE,EN,Federal Contract Tower,7,5,7,0,19,0,2,27,2,31,7,7,34,2,50,0,2,2,52
09/30/2022,ORH,MA,ANE,EN,Federal Contract Tower,7,7,10,0,24,0,0,34,2,36,7,7,44,2,60,64,0,64,124
10/01/2022,ORH,MA,ANE,EN,Federal Contract Tower,5,2,11,0,18,0,0,9,0,9,5,2,20,0,27,0,0,0,27
10/02/2022,ORH,MA,ANE,EN,Federal Contract Tower,8,4,2,0,14,0,0,0,0,0,8,4,2,0,14,0,0,0,14
10/03/2022,ORH,MA,ANE,EN,Federal Contract Tower,8,4,6,1,19,0,0,6,0,6,8,4,12,1,25,4,0,4,29
10/04/2022,ORH,MA,ANE,EN,Federal Contract Tower,12,6,5,0,23,0,8,2,0,10,12,14,7,0,33,2,0,2,35
10/05/2022,ORH,MA,ANE,EN,Federal Contract Tower,5,8,6,0,19,0,0,0,0,0,5,8,6,0,19,0,0,0,19
10/06/2022,ORH,MA,ANE,EN,Federal Contract Tower,8,10,12,1,31,0,0,49,0,49,8,10,61,1,80,56,0,56,136
10/07/2022,ORH,MA,ANE,EN,Federal Contract Tower,7,14,8,0,29,0,1,41,0,42,7,15,49,0,71,14,0,14,85
10/08/2022,ORH,MA,ANE,EN,Federal Contract Tower,6,10,5,0,21,0,1,51,0,52,6,11,56,0,73,52,0,52,125
10/09/2022,ORH,MA,ANE,EN,Federal Contract Tower,8,8,1,0,17,0,4,17,0,21,8,12,18,0,38,30,0,30,68
10/10/2022,ORH,MA,ANE,EN,Federal Contract Tower,10,9,18,0,37,0,0,17,0,17,10,9,35,0,54,14,0,14,68
10/11/2022,ORH,MA,ANE,EN,Federal Contract Tower,8,7,8,2,25,0,2,47,1,50,8,9,55,3,75,50,4,54,129
10/12/2022,ORH,MA,ANE,EN,Federal Contract Tower,5,5,8,0,18,0,0,42,2,44,5,5,50,2,62,6,0,6,68
10/13/2022,ORH,MA,ANE,EN,Federal Contract Tower,8,4,9,0,21,0,0,2,0,2,8,4,11,0,23,1,0,1,24
10/14/2022,ORH,MA,ANE,EN,Federal Contract Tower,5,16,11,0,32,0,2,2,0,4,5,18,13,0,36,6,0,6,42
10/15/2022,ORH,MA,ANE,EN,Federal Contract Tower,6,5,1,0,12,0,3,40,0,43,6,8,41,0,55,26,0,26,81
10/16/2022,ORH,MA,ANE,EN,Federal Contract Tower,9,7,12,0,28,0,1,30,0,31,9,8,42,0,59,22,0,22,81
10/17/2022,ORH,MA,ANE,EN,Federal Contract Tower,7,2,10,0,19,0,0,6,0,6,7,2,16,0,25,8,0,8,33
10/18/2022,ORH,MA,ANE,EN,Federal Contract Tower,10,3,8,0,21,0,0,3,0,3,10,3,11,0,24,22,2,24,48
10/19/2022,ORH,MA,ANE,EN,Federal Contract Tower,7,9,6,0,22,0,2,38,7,47,7,11,44,7,69,16,14,30,99
10/20/2022,ORH,MA,ANE,EN,Federal Contract Tower,6,17,2,0,25,0,1,10,0,11,6,18,12,0,36,4,0,4,40
10/21/2022,ORH,MA,ANE,EN,Federal Contract Tower,6,9,3,0,18,0,0,41,0,41,6,9,44,0,59,38,0,38,97
10/22/2022,ORH,MA,ANE,EN,Federal Contract Tower,8,12,8,0,28,0,0,57,0,57,8,12,65,0,85,60,0,60,145
10/23/2022,ORH,MA,ANE,EN,Federal Contract Tower,6,12,3,0,21,0,0,16,0,16,6,12,19,0,37,22,0,22,59
10/24/2022,ORH,MA,ANE,EN,Federal Contract Tower,10,4,1,0,15,0,0,0,0,0,10,4,1,0,15,0,0,0,15
10/26/2022,ORH,MA,ANE,EN,Federal Contract Tower,4,2,3,0,9,0,0,0,0,0,4,2,3,0,9,0,0,0,9
10/27/2022,ORH,MA,ANE,EN,Federal Contract Tower,7,9,8,0,24,0,0,27,0,27,7,9,35,0,51,14,0,14,65
10/28/2022,ORH,MA,ANE,EN,Federal Contract Tower,7,10,12,0,29,0,2,42,0,44,7,12,54,0,73,12,0,12,85
10/29/2022,ORH,MA,ANE,EN,Federal Contract Tower,6,8,5,0,19,0,3,38,0,41,6,11,43,0,60,32,0,32,92
10/30/2022,ORH,MA,ANE,EN,Federal Contract Tower,6,12,12,0,30,0,0,41,0,41,6,12,53,0,71,46,0,46,117
10/31/2022,ORH,MA,ANE,EN,Federal Contract Tower,9,2,8,0,19,0,0,8,0,8,9,2,16,0,27,0,0,0,27
11/01/2022,ORH,MA,ANE,EN,Federal Contract Tower,7,5,6,4,22,0,0,1,0,1,7,5,7,4,23,0,0,0,23
11/02/2022,ORH,MA,ANE,EN,Federal Contract Tower,7,12,9,0,28,0,0,54,0,54,7,12,63,0,82,0,0,0,82
11/03/2022,ORH,MA,ANE,EN,Federal Contract Tower,7,4,4,3,18,0,6,46,3,55,7,10,50,6,73,62,20,82,155
11/04/2022,ORH,MA,ANE,EN,Federal Contract Tower,9,7,5,2,23,0,4,11,2,17,9,11,16,4,40,6,2,8,48
11/05/2022,ORH,MA,ANE,EN,Federal Contract Tower,4,9,11,0,24,0,0,3,2,5,4,9,14,2,29,0,0,0,29
11/06/2022,ORH,MA,ANE,EN,Federal Contract Tower,9,11,3,0,23,0,0,18,0,18,9,11,21,0,41,12,0,12,53
11/07/2022,ORH,MA,ANE,EN,Federal Contract Tower,8,1,7,0,16,0,0,3,0,3,8,1,10,0,19,0,0,0,19
11/08/2022,ORH,MA,ANE,EN,Federal Contract Tower,7,4,6,0,17,0,0,16,0,16,7,4,22,0,33,28,0,28,61
11/09/2022,ORH,MA,ANE,EN,Federal Contract Tower,8,8,26,0,42,0,0,46,2,48,8,8,72,2,90,28,6,34,124
11/10/2022,ORH,MA,ANE,EN,Federal Contract Tower,7,7,6,0,20,0,0,21,0,21,7,7,27,0,41,4,0,4,45
11/11/2022,ORH,MA,ANE,EN,Federal Contract Tower,5,9,4,0,18,0,6,0,0,6,5,15,4,0,24,0,0,0,24
11/12/2022,ORH,MA,ANE,EN,Federal Contract Tower,6,13,1,0,20,0,0,2,0,2,6,13,3,0,22,0,0,0,22
11/13/2022,ORH,MA,ANE,EN,Federal Contract Tower,6,11,8,4,29,0,1,0,0,1,6,12,8,4,30,0,0,0,30
11/14/2022,ORH,MA,ANE,EN,Federal Contract Tower,11,10,18,2,41,0,1,32,0,33,11,11,50,2,74,18,0,18,92
11/15/2022,ORH,MA,ANE,EN,Federal Contract Tower,7,7,17,0,31,0,6,32,2,40,7,13,49,2,71,28,0,28,99
11/16/2022,ORH,MA,ANE,EN,Federal Contract Tower,9,17,3,0,29,0,0,1,0,1,9,17,4,0,30,0,0,0,30
11/17/2022,ORH,MA,ANE,EN,Federal Contract Tower,6,8,8,0,22,0,1,3,2,6,6,9,11,2,28,0,0,0,28
11/18/2022,ORH,MA,ANE,EN,Federal Contract Tower,5,7,8,0,20,0,0,30,1,31,5,7,38,1,51,28,0,28,79
11/19/2022,ORH,MA,ANE,EN,Federal Contract Tower,7,8,6,0,21,0,0,38,0,38,7,8,44,0,59,68,0,68,127
11/20/2022,ORH,MA,ANE,EN,Federal Contract Tower,7,11,1,0,19,0,0,4,0,4,7,11,5,0,23,0,0,0,23
11/21/2022,ORH,MA,ANE,EN,Federal Contract Tower,8,15,2,0,25,0,0,28,0,28,8,15,30,0,53,10,0,10,63
11/22/2022,ORH,MA,ANE,EN,Federal Contract Tower,8,14,4,2,28,0,1,39,2,42,8,15,43,4,70,30,0,30,100
11/23/2022,ORH,MA,ANE,EN,Federal Contract Tower,10,6,12,0,28,0,0,41,0,41,10,6,53,0,69,58,0,58,127
11/24/2022,ORH,MA,ANE,EN,Federal Contract Tower,3,4,7,0,14,0,1,15,0,16,3,5,22,0,30,2,0,2,32
11/25/2022,ORH,MA,ANE,EN,Federal Contract Tower,5,6,4,0,15,0,1,0,0,1,5,7,4,0,16,4,0,4,20
11/26/2022,ORH,MA,ANE,EN,Federal Contract Tower,6,13,6,0,25,0,1,24,0,25,6,14,30,0,50,42,0,42,92
11/27/2022,ORH,MA,ANE,EN,Federal Contract Tower,6,16,10,0,32,0,0,10,0,10,6,16,20,0,42,34,0,34,76
11/28/2022,ORH,MA,ANE,EN,Federal Contract Tower,9,10,6,0,25,0,4,0,0,4,9,14,6,0,29,10,0,10,39
11/29/2022,ORH,MA,ANE,EN,Federal Contract Tower,7,6,8,0,21,0,0,28,2,30,7,6,36,2,51,40,0,40,91
11/30/2022,ORH,MA,ANE,EN,Federal Contract Tower,8,3,6,0,17,0,1,0,0,1,8,4,6,0,18,0,0,0,18
12/01/2022,ORH,MA,ANE,EN,Federal Contract Tower,6,13,7,0,26,0,2,5,4,11,6,15,12,4,37,4,6,10,47
12/02/2022,ORH,MA,ANE,EN,Federal Contract Tower,5,9,12,0,26,0,0,34,0,34,5,9,46,0,60,32,0,32,92
12/03/2022,ORH,MA,ANE,EN,Federal Contract Tower,6,11,0,0,17,0,0,1,0,1,6,11,1,0,18,0,0,0,18
12/04/2022,ORH,MA,ANE,EN,Federal Contract Tower,5,12,3,0,20,0,2,42,0,44,5,14,45,0,64,16,0,16,80
12/05/2022,ORH,MA,ANE,EN,Federal Contract Tower,10,1,6,0,17,0,0,10,0,10,10,1,16,0,27,4,0,4,31
12/06/2022,ORH,MA,ANE,EN,Federal Contract Tower,6,9,2,0,17,0,2,6,0,8,6,11,8,0,25,0,0,0,25
12/07/2022,ORH,MA,ANE,EN,Federal Contract Tower,4,7,2,0,13,0,0,0,0,0,4,7,2,0,13,0,0,0,13
12/08/2022,ORH,MA,ANE,EN,Federal Contract Tower,6,3,13,0,22,0,1,18,0,19,6,4,31,0,41,6,0,6,47
12/09/2022,ORH,MA,ANE,EN,Federal Contract Tower,5,11,9,4,29,0,0,31,0,31,5,11,40,4,60,44,0,44,104
12/10/2022,ORH,MA,ANE,EN,Federal Contract Tower,6,9,1,0,16,0,1,5,0,6,6,10,6,0,22,34,0,34,56
12/11/2022,ORH,MA,ANE,EN,Federal Contract Tower,5,8,3,0,16,0,0,0,0,0,5,8,3,0,16,0,0,0,16
12/12/2022,ORH,MA,ANE,EN,Federal Contract Tower,11,4,2,0,17,0,0,14,0,14,11,4,16,0,31,12,0,12,43
12/13/2022,ORH,MA,ANE,EN,Federal Contract Tower,7,7,9,2,25,0,1,12,0,13,7,8,21,2,38,4,0,4,42
12/14/2022,ORH,MA,ANE,EN,Federal Contract Tower,10,4,5,0,19,0,0,1,8,9,10,4,6,8,28,0,24,24,52
12/15/2022,ORH,MA,ANE,EN,Federal Contract Tower,5,7,3,0,15,0,0,0,0,0,5,7,3,0,15,0,0,0,15
12/16/2022,ORH,MA,ANE,EN,Federal Contract Tower,6,7,4,0,17,0,0,0,0,0,6,7,4,0,17,0,0,0,17
12/17/2022,ORH,MA,ANE,EN,Federal Contract Tower,7,7,2,0,16,0,0,1,0,1,7,7,3,0,17,0,0,0,17
12/18/2022,ORH,MA,ANE,EN,Federal Contract Tower,8,4,5,0,17,0,0,35,0,35,8,4,40,0,52,32,0,32,84
12/19/2022,ORH,MA,ANE,EN,Federal Contract Tower,7,4,8,2,21,0,16,6,0,22,7,20,14,2,43,6,14,20,63
12/20/2022,ORH,MA,ANE,EN,Federal Contract Tower,9,11,11,8,39,0,2,32,1,35,9,13,43,9,74,48,4,52,126
12/21/2022,ORH,MA,ANE,EN,Federal Contract Tower,7,2,28,0,37,0,1,47,0,48,7,3,75,0,85,70,0,70,155
12/22/2022,ORH,MA,ANE,EN,Federal Contract Tower,6,7,5,0,18,0,1,5,0,6,6,8,10,0,24,6,0,6,30
12/23/2022,ORH,MA,ANE,EN,Federal Contract Tower,5,4,0,0,9,0,0,0,0,0,5,4,0,0,9,0,0,0,9
12/24/2022,ORH,MA,ANE,EN,Federal Contract Tower,5,2,0,0,7,0,0,0,0,0,5,2,0,0,7,0,0,0,7
12/25/2022,ORH,MA,ANE,EN,Federal Contract Tower,8,2,1,0,11,0,0,4,0,4,8,2,5,0,15,4,0,4,19
12/26/2022,ORH,MA,ANE,EN,Federal Contract Tower,7,10,9,0,26,0,0,23,0,23,7,10,32,0,49,12,4,16,65
12/27/2022,ORH,MA,ANE,EN,Federal Contract Tower,8,5,9,0,22,0,0,23,0,23,8,5,32,0,45,22,0,22,67
12/28/2022,ORH,MA,ANE,EN,Federal Contract Tower,7,3,5,0,15,0,1,13,2,16,7,4,18,2,31,2,12,14,45
12/29/2022,ORH,MA,ANE,EN,Federal Contract Tower,5,4,9,0,18,0,2,37,0,39,5,6,46,0,57,26,0,26,83
12/30/2022,ORH,MA,ANE,EN,Federal Contract Tower,5,6,5,0,16,0,2,36,0,38,5,8,41,0,54,15,0,15,69
12/31/2022,ORH,MA,ANE,EN,Federal Contract Tower,4,7,9,0,20,0,0,0,0,0,4,7,9,0,20,0,0,0,20
01/01/2023,ORH,MA,ANE,EN,Federal Contract Tower,8,1,1,0,10,0,2,7,0,9,8,3,8,0,19,0,2,2,21
01/02/2023,ORH,MA,ANE,EN,Federal Contract Tower,5,13,13,0,31,0,3,31,0,34,5,16,44,0,65,10,0,10,75
01/03/2023,ORH,MA,ANE,EN,Federal Contract Tower,7,4,3,2,16,0,0,0,0,0,7,4,3,2,16,0,0,0,16
01/04/2023,ORH,MA,ANE,EN,Federal Contract Tower,6,3,0,0,9,0,0,0,0,0,6,3,0,0,9,0,0,0,9
01/05/2023,ORH,MA,ANE,EN,Federal Contract Tower,7,3,3,4,17,0,0,0,0,0,7,3,3,4,17,0,0,0,17
01/06/2023,ORH,MA,ANE,EN,Federal Contract Tower,5,6,2,0,13,0,0,0,0,0,5,6,2,0,13,0,0,0,13
01/07/2023,ORH,MA,ANE,EN,Federal Contract Tower,5,4,13,0,22,0,19,40,0,59,5,23,53,0,81,16,0,16,97
01/08/2023,ORH,MA,ANE,EN,Federal Contract Tower,9,9,8,0,26,0,0,49,0,49,9,9,57,0,75,32,0,32,107
01/09/2023,ORH,MA,ANE,EN,Federal Contract Tower,10,2,8,0,20,0,29,0,0,29,10,31,8,0,49,30,0,30,79
01/10/2023,ORH,MA,ANE,EN,Federal Contract Tower,8,6,18,0,32,0,0,11,0,11,8,6,29,0,43,14,0,14,57
01/11/2023,ORH,MA,ANE,EN,Federal Contract Tower,9,7,6,0,22,0,0,28,0,28,9,7,34,0,50,36,0,36,86
01/12/2023,ORH,MA,ANE,EN,Federal Contract Tower,5,5,3,2,15,0,0,0,0,0,5,5,3,2,15,0,0,0,15
01/13/2023,ORH,MA,ANE,EN,Federal Contract Tower,7,7,3,0,17,0,0,0,0,0,7,7,3,0,17,0,0,0,17
01/14/2023,ORH,MA,ANE,EN,Federal Contract Tower,7,7,0,0,14,0,0,0,0,0,7,7,0,0,14,0,0,0,14
01/15/2023,ORH,MA,ANE,EN,Federal Contract Tower,8,4,0,0,12,0,0,3,0,3,8,4,3,0,15,0,0,0,15
01/16/2023,ORH,MA,ANE,EN,Federal Contract Tower,10,7,5,0,22,0,0,3,0,3,10,7,8,0,25,0,0,0,25
01/17/2023,ORH,MA,ANE,EN,Federal Contract Tower,6,10,4,0,20,0,1,48,0,49,6,11,52,0,69,60,0,60,129
01/19/2023,ORH,MA,ANE,EN,Federal Contract Tower,5,5,6,0,16,0,0,22,0,22,5,5,28,0,38,10,0,10,48
01/20/2023,ORH,MA,ANE,EN,Federal Contract Tower,3,6,1,0,10,0,0,0,0,0,3,6,1,0,10,0,0,0,10
01/21/2023,ORH,MA,ANE,EN,Federal Contract Tower,6,4,2,0,12,0,2,3,0,5,6,6,5,0,17,26,0,26,43
01/22/2023,ORH,MA,ANE,EN,Federal Contract Tower,7,8,4,0,19,0,1,0,0,1,7,9,4,0,20,0,0,0,20
01/23/2023,ORH,MA,ANE,EN,Federal Contract Tower,9,4,2,0,15,0,0,0,0,0,9,4,2,0,15,0,0,0,15
01/24/2023,ORH,MA,ANE,EN,Federal Contract Tower,9,2,3,0,14,0,6,4,0,10,9,8,7,0,24,12,10,22,46
01/25/2023,ORH,MA,ANE,EN,Federal Contract Tower,7,5,4,0,16,0,0,10,0,10,7,5,14,0,26,20,0,20,46
01/26/2023,ORH,MA,ANE,EN,Federal Contract Tower,8,8,3,0,19,0,0,0,0,0,8,8,3,0,19,0,0,0,19
01/27/2023,ORH,MA,ANE,EN,Federal Contract Tower,6,15,8,0,29,0,12,38,0,50,6,27,46,0,79,42,0,42,121
01/28/2023,ORH,MA,ANE,EN,Federal Contract Tower,6,12,2,0,20,0,0,59,0,59,6,12,61,0,79,48,0,48,127
01/29/2023,ORH,MA,ANE,EN,Federal Contract Tower,10,11,2,0,23,0,1,23,0,24,10,12,25,0,47,16,0,16,63
01/30/2023,ORH,MA,ANE,EN,Federal Contract Tower,8,4,8,0,20,0,1,36,1,38,8,5,44,1,58,62,2,64,122
01/31/2023,ORH,MA,ANE,EN,Federal Contract Tower,9,5,3,0,17,0,0,10,0,10,9,5,13,0,27,22,0,22,49
02/01/2023,ORH,MA,ANE,EN,Federal Contract Tower,4,8,13,2,27,0,0,45,0,45,4,8,58,2,72,30,0,30,102
02/02/2023,ORH,MA,ANE,EN,Federal Contract Tower,7,6,7,0,20,0,0,21,0,21,7,6,28,0,41,6,0,6,47
02/03/2023,ORH,MA,ANE,EN,Federal Contract Tower,4,10,5,0,19,0,1,2,0,3,4,11,7,0,22,0,0,0,22
02/04/2023,ORH,MA,ANE,EN,Federal Contract Tower,6,9,3,0,18,0,1,3,0,4,6,10,6,0,22,0,0,0,22
02/05/2023,ORH,MA,ANE,EN,Federal Contract Tower,10,5,2,0,17,0,3,16,2,21,10,8,18,2,38,6,4,10,48
02/06/2023,ORH,MA,ANE,EN,Federal Contract Tower,11,3,2,0,16,0,0,22,0,22,11,3,24,0,38,16,0,16,54
02/07/2023,ORH,MA,ANE,EN,Federal Contract Tower,6,5,4,6,21,0,0,22,0,22,6,5,26,6,43,6,0,6,49
02/08/2023,ORH,MA,ANE,EN,Federal Contract Tower,9,3,8,0,20,0,0,28,0,28,9,3,36,0,48,12,0,12,60
02/09/2023,ORH,MA,ANE,EN,Federal Contract Tower,6,9,3,0,18,0,1,23,0,24,6,10,26,0,42,14,0,14,56
02/10/2023,ORH,MA,ANE,EN,Federal Contract Tower,5,7,3,0,15,0,3,5,0,8,5,10,8,0,23,0,0,0,23
02/11/2023,ORH,MA,ANE,EN,Federal Contract Tower,6,8,17,0,31,0,3,45,0,48,6,11,62,0,79,8,0,8,87
02/12/2023,ORH,MA,ANE,EN,Federal Contract Tower,6,10,1,0,17,0,0,51,0,51,6,10,52,0,68,24,0,24,92
02/13/2023,ORH,MA,ANE,EN,Federal Contract Tower,9,4,6,0,19,0,0,3,0,3,9,4,9,0,22,0,0,0,22
02/14/2023,ORH,MA,ANE,EN,Federal Contract Tower,6,6,8,2,22,0,0,19,0,19,6,6,27,2,41,18,0,18,59
02/15/2023,ORH,MA,ANE,EN,Federal Contract Tower,5,6,1,0,12,0,0,5,2,7,5,6,6,2,19,0,0,0,19
02/16/2023,ORH,MA,ANE,EN,Federal Contract Tower,5,17,7,0,29,0,3,20,6,29,5,20,27,6,58,0,6,6,64
02/17/2023,ORH,MA,ANE,EN,Federal Contract Tower,5,10,3,0,18,0,0,0,0,0,5,10,3,0,18,0,0,0,18
02/18/2023,ORH,MA,ANE,EN,Federal Contract Tower,9,8,9,0,26,0,0,47,0,47,9,8,56,0,73,42,0,42,115
02/19/2023,ORH,MA,ANE,EN,Federal Contract Tower,5,9,0,0,14,0,0,58,0,58,5,9,58,0,72,26,0,26,98
02/20/2023,ORH,MA,ANE,EN,Federal Contract Tower,11,0,9,0,20,0,2,20,0,22,11,2,29,0,42,22,0,22,64
02/21/2023,ORH,MA,ANE,EN,Federal Contract Tower,7,5,0,0,12,0,0,0,0,0,7,5,0,0,12,0,0,0,12
02/23/2023,ORH,MA,ANE,EN,Federal Contract Tower,4,2,1,0,7,0,0,0,0,0,4,2,1,0,7,0,0,0,7
02/24/2023,ORH,MA,ANE,EN,Federal Contract Tower,7,4,5,0,16,0,0,10,0,10,7,4,15,0,26,0,0,0,26
02/25/2023,ORH,MA,ANE,EN,Federal Contract Tower,5,8,2,0,15,0,0,11,0,11,5,8,13,0,26,0,0,0,26
02/26/2023,ORH,MA,ANE,EN,Federal Contract Tower,8,9,7,2,26,0,0,0,0,0,8,9,7,2,26,0,0,0,26
02/27/2023,ORH,MA,ANE,EN,Federal Contract Tower,8,3,8,0,19,0,2,22,0,24,8,5,30,0,43,18,0,18,61
02/28/2023,ORH,MA,ANE,EN,Federal Contract Tower,5,2,1,0,8,0,0,0,0,0,5,2,1,0,8,0,0,0,8
03/01/2023,ORH,MA,ANE,EN,Federal Contract Tower,10,5,7,7,29,1,1,5,0,7,11,6,12,7,36,0,0,0,36
03/02/2023,ORH,MA,ANE,EN,Federal Contract Tower,8,10,3,0,21,0,0,0,0,0,8,10,3,0,21,0,0,0,21
03/03/2023,ORH,MA,ANE,EN,Federal Contract Tower,11,3,5,0,19,0,0,33,1,34,11,3,38,1,53,8,0,8,61
03/04/2023,ORH,MA,ANE,EN,Federal Contract Tower,4,2,0,0,6,0,0,0,0,0,4,2,0,0,6,0,0,0,6
03/05/2023,ORH,MA,ANE,EN,Federal Contract Tower,9,5,2,1,17,0,0,14,1,15,9,5,16,2,32,22,0,22,54
03/06/2023,ORH,MA,ANE,EN,Federal Contract Tower,10,1,2,0,13,0,0,12,0,12,10,1,14,0,25,0,0,0,25
03/07/2023,ORH,MA,ANE,EN,Federal Contract Tower,7,6,3,0,16,0,3,7,0,10,7,9,10,0,26,0,0,0,26
03/08/2023,ORH,MA,ANE,EN,Federal Contract Tower,10,5,6,0,21,0,0,12,2,14,10,5,18,2,35,16,0,16,51
03/09/2023,ORH,MA,ANE,EN,Federal Contract Tower,7,6,7,0,20,0,1,17,2,20,7,7,24,2,40,10,0,10,50
03/10/2023,ORH,MA,ANE,EN,Federal Contract Tower,7,10,4,0,21,0,0,52,0,52,7,10,56,0,73,30,0,30,103
03/11/2023,ORH,MA,ANE,EN,Federal Contract Tower,7,7,0,0,14,0,0,2,0,2,7,7,2,0,16,0,0,0,16
03/12/2023,ORH,MA,ANE,EN,Federal Contract Tower,8,8,7,0,23,0,0,45,0,45,8,8,52,0,68,28,0,28,96
03/13/2023,ORH,MA,ANE,EN,Federal Contract Tower,11,7,1,0,19,0,0,1,0,1,11,7,2,0,20,0,0,0,20
03/14/2023,ORH,MA,ANE,EN,Federal Contract Tower,0,0,0,0,0,0,0,0,0,0,0,0,0,0,0,0,0,0,0
03/15/2023,ORH,MA,ANE,EN,Federal Contract Tower,5,6,0,0,11,0,0,0,0,0,5,6,0,0,11,0,0,0,11
03/16/2023,ORH,MA,ANE,EN,Federal Contract Tower,8,11,8,0,27,0,3,22,2,27,8,14,30,2,54,24,6,30,84
03/17/2023,ORH,MA,ANE,EN,Federal Contract Tower,10,2,6,0,18,0,0,43,0,43,10,2,49,0,61,12,0,12,73
03/18/2023,ORH,MA,ANE,EN,Federal Contract Tower,7,5,2,0,14,0,2,43,0,45,7,7,45,0,59,30,0,30,89
03/19/2023,ORH,MA,ANE,EN,Federal Contract Tower,7,9,10,0,26,0,0,0,0,0,7,9,10,0,26,0,0,0,26
03/20/2023,ORH,MA,ANE,EN,Federal Contract Tower,11,5,19,0,35,0,1,25,0,26,11,6,44,0,61,44,0,44,105
03/21/2023,ORH,MA,ANE,EN,Federal Contract Tower,8,9,10,2,29,0,2,28,0,30,8,11,38,2,59,12,0,12,71
03/22/2023,ORH,MA,ANE,EN,Federal Contract Tower,8,4,7,2,21,0,2,37,2,41,8,6,44,4,62,34,0,34,96
03/23/2023,ORH,MA,ANE,EN,Federal Contract Tower,8,7,2,2,19,0,0,2,0,2,8,7,4,2,21,0,0,0,21
03/24/2023,ORH,MA,ANE,EN,Federal Contract Tower,10,6,4,2,22,0,6,16,2,24,10,12,20,4,46,18,20,38,84
03/25/2023,ORH,MA,ANE,EN,Federal Contract Tower,7,14,7,0,28,0,0,6,0,6,7,14,13,0,34,4,0,4,38
03/26/2023,ORH,MA,ANE,EN,Federal Contract Tower,10,11,4,0,25,0,1,14,0,15,10,12,18,0,40,6,0,6,46
03/27/2023,ORH,MA,ANE,EN,Federal Contract Tower,11,1,13,0,25,0,0,50,0,50,11,1,63,0,75,28,0,28,103
03/28/2023,ORH,MA,ANE,EN,Federal Contract Tower,8,2,6,0,16,0,2,7,0,9,8,4,13,0,25,0,0,0,25
03/29/2023,ORH,MA,ANE,EN,Federal Contract Tower,8,4,13,2,27,0,2,64,0,66,8,6,77,2,93,14,0,14,107
03/30/2023,ORH,MA,ANE,EN,Federal Contract Tower,8,4,5,0,17,0,4,14,0,18,8,8,19,0,35,8,0,8,43
03/31/2023,ORH,MA,ANE,EN,Federal Contract Tower,9,1,10,0,20,0,0,15,2,17,9,1,25,2,37,2,0,2,39
04/01/2023,ORH,MA,ANE,EN,Federal Contract Tower,7,18,0,0,25,0,0,0,0,0,7,18,0,0,25,0,0,0,25
04/02/2023,ORH,MA,ANE,EN,Federal Contract Tower,9,8,2,0,19,0,0,13,0,13,9,8,15,0,32,10,0,10,42
04/03/2023,ORH,MA,ANE,EN,Federal Contract Tower,9,5,0,0,14,0,0,11,0,11,9,5,11,0,25,2,0,2,27
04/04/2023,ORH,MA,ANE,EN,Federal Contract Tower,7,6,11,0,24,0,0,20,0,20,7,6,31,0,44,28,0,28,72
04/05/2023,ORH,MA,ANE,EN,Federal Contract Tower,8,10,11,2,31,0,0,3,0,3,8,10,14,2,34,0,0,0,34
04/06/2023,ORH,MA,ANE,EN,Federal Contract Tower,7,5,10,0,22,0,1,6,0,7,7,6,16,0,29,8,0,8,37
04/07/2023,ORH,MA,ANE,EN,Federal Contract Tower,11,4,3,0,18,0,0,4,4,8,11,4,7,4,26,2,0,2,28
04/08/2023,ORH,MA,ANE,EN,Federal Contract Tower,7,3,13,0,23,0,6,42,0,48,7,9,55,0,71,24,0,24,95
04/09/2023,ORH,MA,ANE,EN,Federal Contract Tower,10,8,0,0,18,0,0,26,0,26,10,8,26,0,44,10,8,18,62
04/10/2023,ORH,MA,ANE,EN,Federal Contract Tower,10,13,15,0,38,0,3,27,2,32,10,16,42,2,70,30,0,30,100
04/11/2023,ORH,MA,ANE,EN,Federal Contract Tower,10,1,7,0,18,0,3,13,0,16,10,4,20,0,34,18,0,18,52
04/12/2023,ORH,MA,ANE,EN,Federal Contract Tower,10,6,2,0,18,0,0,5,0,5,10,6,7,0,23,0,0,0,23
04/13/2023,ORH,MA,ANE,EN,Federal Contract Tower,8,1,12,0,21,0,4,18,0,22,8,5,30,0,43,38,6,44,87
04/14/2023,ORH,MA,ANE,EN,Federal Contract Tower,9,2,18,0,29,0,0,25,0,25,9,2,43,0,54,4,12,16,70
04/15/2023,ORH,MA,ANE,EN,Federal Contract Tower,7,8,7,0,22,0,1,23,0,24,7,9,30,0,46,24,0,24,70
04/16/2023,ORH,MA,ANE,EN,Federal Contract Tower,10,7,10,0,27,0,0,0,0,0,10,7,10,0,27,0,0,0,27
04/17/2023,ORH,MA,ANE,EN,Federal Contract Tower,3,0,2,0,5,0,0,0,0,0,3,0,2,0,5,0,0,0,5
04/18/2023,ORH,MA,ANE,EN,Federal Contract Tower,11,9,1,0,21,6,27,0,0,33,17,36,1,0,54,32,0,32,86
04/19/2023,ORH,MA,ANE,EN,Federal Contract Tower,6,12,29,12,59,0,2,24,0,26,6,14,53,12,85,0,0,0,85
04/20/2023,ORH,MA,ANE,EN,Federal Contract Tower,10,9,15,0,34,0,2,35,0,37,10,11,50,0,71,62,0,62,133
04/21/2023,ORH,MA,ANE,EN,Federal Contract Tower,9,2,9,0,20,0,0,43,0,43,9,2,52,0,63,6,0,6,69
04/22/2023,ORH,MA,ANE,EN,Federal Contract Tower,7,11,24,0,42,0,0,0,0,0,7,11,24,0,42,0,0,0,42
04/23/2023,ORH,MA,ANE,EN,Federal Contract Tower,9,7,2,0,18,0,0,0,0,0,9,7,2,0,18,0,0,0,18
04/24/2023,ORH,MA,ANE,EN,Federal Contract Tower,9,0,7,0,16,0,0,6,2,8,9,0,13,2,24,6,0,6,30
04/25/2023,ORH,MA,ANE,EN,Federal Contract Tower,15,6,7,0,28,0,0,20,6,26,15,6,27,6,54,6,0,6,60
04/26/2023,ORH,MA,ANE,EN,Federal Contract Tower,10,1,6,0,17,0,0,9,0,9,10,1,15,0,26,18,0,18,44
04/27/2023,ORH,MA,ANE,EN,Federal Contract Tower,10,4,12,0,26,0,0,2,0,2,10,4,14,0,28,32,0,32,60
04/28/2023,ORH,MA,ANE,EN,Federal Contract Tower,10,2,15,0,27,0,2,35,0,37,10,4,50,0,64,57,0,57,121
04/29/2023,ORH,MA,ANE,EN,Federal Contract Tower,6,9,7,0,22,0,0,1,0,1,6,9,8,0,23,0,0,0,23
04/30/2023,ORH,MA,ANE,EN,Federal Contract Tower,6,0,1,0,7,0,0,0,0,0,6,0,1,0,7,0,0,0,7
05/01/2023,ORH,MA,ANE,EN,Federal Contract Tower,9,3,1,0,13,0,4,10,0,14,9,7,11,0,27,6,0,6,33
05/02/2023,ORH,MA,ANE,EN,Federal Contract Tower,9,8,3,0,20,0,0,1,0,1,9,8,4,0,21,0,0,0,21
05/03/2023,ORH,MA,ANE,EN,Federal Contract Tower,12,4,10,0,26,0,0,3,0,3,12,4,13,0,29,0,0,0,29
05/04/2023,ORH,MA,ANE,EN,Federal Contract Tower,8,2,11,0,21,0,0,4,0,4,8,2,15,0,25,0,0,0,25
05/05/2023,ORH,MA,ANE,EN,Federal Contract Tower,10,2,12,0,24,0,0,21,0,21,10,2,33,0,45,20,0,20,65
05/06/2023,ORH,MA,ANE,EN,Federal Contract Tower,7,3,31,0,41,0,2,50,0,52,7,5,81,0,93,72,0,72,165
05/07/2023,ORH,MA,ANE,EN,Federal Contract Tower,8,0,30,2,40,0,1,23,0,24,8,1,53,2,64,0,0,0,64
05/08/2023,ORH,MA,ANE,EN,Federal Contract Tower,10,3,1,0,14,0,3,32,0,35,10,6,33,0,49,18,0,18,67
05/09/2023,ORH,MA,ANE,EN,Federal Contract Tower,10,7,3,0,20,0,4,38,0,42,10,11,41,0,62,82,0,82,144
05/10/2023,ORH,MA,ANE,EN,Federal Contract Tower,12,10,14,2,38,0,0,37,0,37,12,10,51,2,75,70,0,70,145
05/11/2023,ORH,MA,ANE,EN,Federal Contract Tower,10,3,14,0,27,0,2,49,0,51,10,5,63,0,78,92,0,92,170
05/12/2023,ORH,MA,ANE,EN,Federal Contract Tower,10,2,19,0,31,0,1,11,0,12,10,3,30,0,43,4,0,4,47
05/13/2023,ORH,MA,ANE,EN,Federal Contract Tower,8,2,15,0,25,0,2,16,0,18,8,4,31,0,43,46,0,46,89
05/14/2023,ORH,MA,ANE,EN,Federal Contract Tower,9,20,9,0,38,0,1,17,0,18,9,21,26,0,56,28,0,28,84
05/15/2023,ORH,MA,ANE,EN,Federal Contract Tower,10,12,21,0,43,0,1,18,0,19,10,13,39,0,62,26,0,26,88
05/16/2023,ORH,MA,ANE,EN,Federal Contract Tower,10,6,6,0,22,0,0,22,1,23,10,6,28,1,45,10,10,20,65
05/17/2023,ORH,MA,ANE,EN,Federal Contract Tower,9,2,6,0,17,0,0,12,0,12,9,2,18,0,29,6,0,6,35
05/18/2023,ORH,MA,ANE,EN,Federal Contract Tower,11,11,23,0,45,0,16,60,0,76,11,27,83,0,121,52,0,52,173
05/19/2023,ORH,MA,ANE,EN,Federal Contract Tower,10,12,10,0,32,0,0,20,0,20,10,12,30,0,52,6,0,6,58
05/20/2023,ORH,MA,ANE,EN,Federal Contract Tower,7,12,17,0,36,0,0,0,0,0,7,12,17,0,36,0,0,0,36
05/21/2023,ORH,MA,ANE,EN,Federal Contract Tower,10,13,16,0,39,0,1,33,0,34,10,14,49,0,73,0,0,0,73
05/22/2023,ORH,MA,ANE,EN,Federal Contract Tower,11,3,9,0,23,0,0,20,0,20,11,3,29,0,43,0,0,0,43
05/23/2023,ORH,MA,ANE,EN,Federal Contract Tower,10,9,4,0,23,0,0,40,0,40,10,9,44,0,63,24,0,24,87
05/24/2023,ORH,MA,ANE,EN,Federal Contract Tower,8,11,4,0,23,0,11,38,5,54,8,22,42,5,77,46,0,46,123
05/25/2023,ORH,MA,ANE,EN,Federal Contract Tower,9,5,7,2,23,0,3,27,0,30,9,8,34,2,53,66,0,66,119
05/26/2023,ORH,MA,ANE,EN,Federal Contract Tower,11,4,12,0,27,0,0,27,0,27,11,4,39,0,54,23,0,23,77
05/27/2023,ORH,MA,ANE,EN,Federal Contract Tower,7,8,9,0,24,0,4,37,0,41,7,12,46,0,65,23,0,23,88
05/28/2023,ORH,MA,ANE,EN,Federal Contract Tower,9,7,5,0,21,0,0,34,0,34,9,7,39,0,55,28,0,28,83
05/29/2023,ORH,MA,ANE,EN,Federal Contract Tower,9,8,11,0,28,0,0,19,0,19,9,8,30,0,47,18,0,18,65
05/30/2023,ORH,MA,ANE,EN,Federal Contract Tower,11,2,1,4,18,0,2,44,5,51,11,4,45,9,69,6,6,12,81
05/31/2023,ORH,MA,ANE,EN,Federal Contract Tower,9,1,14,0,24,0,8,40,0,48,9,9,54,0,72,54,0,54,126
06/01/2023,ORH,MA,ANE,EN,Federal Contract Tower,8,2,18,0,28,0,3,51,0,54,8,5,69,0,82,36,0,36,118
06/02/2023,ORH,MA,ANE,EN,Federal Contract Tower,10,9,9,0,28,0,8,17,0,25,10,17,26,0,53,10,0,10,63
06/03/2023,ORH,MA,ANE,EN,Federal Contract Tower,12,3,21,2,38,0,0,0,0,0,12,3,21,2,38,0,0,0,38
06/04/2023,ORH,MA,ANE,EN,Federal Contract Tower,9,4,6,0,19,0,0,0,0,0,9,4,6,0,19,0,0,0,19
06/05/2023,ORH,MA,ANE,EN,Federal Contract Tower,11,5,8,1,25,0,0,10,1,11,11,5,18,2,36,0,18,18,54
06/06/2023,ORH,MA,ANE,EN,Federal Contract Tower,9,10,12,0,31,0,2,0,0,2,9,12,12,0,33,14,0,14,47
06/07/2023,ORH,MA,ANE,EN,Federal Contract Tower,11,11,19,0,41,0,0,22,2,24,11,11,41,2,65,66,20,86,151
06/08/2023,ORH,MA,ANE,EN,Federal Contract Tower,10,3,4,0,17,0,0,8,0,8,10,3,12,0,25,34,0,34,59
06/09/2023,ORH,MA,ANE,EN,Federal Contract Tower,10,2,8,0,20,0,0,10,0,10,10,2,18,0,30,20,0,20,50
06/10/2023,ORH,MA,ANE,EN,Federal Contract Tower,8,7,20,0,35,0,0,14,0,14,8,7,34,0,49,65,0,65,114
06/11/2023,ORH,MA,ANE,EN,Federal Contract Tower,8,6,15,0,29,0,0,57,2,59,8,6,72,2,88,28,2,30,118
06/12/2023,ORH,MA,ANE,EN,Federal Contract Tower,10,4,3,0,17,0,13,19,0,32,10,17,22,0,49,26,0,26,75
06/13/2023,ORH,MA,ANE,EN,Federal Contract Tower,12,5,1,2,20,0,0,1,0,1,12,5,2,2,21,24,4,28,49
06/14/2023,ORH,MA,ANE,EN,Federal Contract Tower,9,4,19,0,32,0,3,16,0,19,9,7,35,0,51,24,2,26,77
06/15/2023,ORH,MA,ANE,EN,Federal Contract Tower,6,3,12,0,21,0,2,16,0,18,6,5,28,0,39,28,0,28,67
06/16/2023,ORH,MA,ANE,EN,Federal Contract Tower,8,1,6,0,15,0,2,13,0,15,8,3,19,0,30,8,0,8,38
06/17/2023,ORH,MA,ANE,EN,Federal Contract Tower,4,4,8,0,16,0,0,0,0,0,4,4,8,0,16,0,0,0,16
06/18/2023,ORH,MA,ANE,EN,Federal Contract Tower,8,3,15,0,26,0,0,9,0,9,8,3,24,0,35,22,0,22,57
06/19/2023,ORH,MA,ANE,EN,Federal Contract Tower,7,3,5,0,15,0,2,23,0,25,7,5,28,0,40,40,0,40,80
06/20/2023,ORH,MA,ANE,EN,Federal Contract Tower,8,2,9,0,19,0,5,14,0,19,8,7,23,0,38,52,0,52,90
06/21/2023,ORH,MA,ANE,EN,Federal Contract Tower,8,4,31,6,49,0,2,25,2,29,8,6,56,8,78,46,0,46,124
06/22/2023,ORH,MA,ANE,EN,Federal Contract Tower,8,3,20,0,31,0,0,26,0,26,8,3,46,0,57,84,0,84,141
06/23/2023,ORH,MA,ANE,EN,Federal Contract Tower,9,7,11,0,27,0,0,5,0,5,9,7,16,0,32,18,0,18,50
06/24/2023,ORH,MA,ANE,EN,Federal Contract Tower,5,7,6,0,18,0,0,0,0,0,5,7,6,0,18,0,0,0,18
06/25/2023,ORH,MA,ANE,EN,Federal Contract Tower,6,6,13,0,25,0,0,8,0,8,6,6,21,0,33,12,0,12,45
06/26/2023,ORH,MA,ANE,EN,Federal Contract Tower,8,6,12,0,26,0,0,3,0,3,8,6,15,0,29,8,0,8,37
06/27/2023,ORH,MA,ANE,EN,Federal Contract Tower,6,9,7,2,24,0,0,3,0,3,6,9,10,2,27,12,0,12,39
06/28/2023,ORH,MA,ANE,EN,Federal Contract Tower,8,6,7,0,21,0,0,0,0,0,8,6,7,0,21,0,0,0,21
06/29/2023,ORH,MA,ANE,EN,Federal Contract Tower,6,11,14,0,31,0,0,21,0,21,6,11,35,0,52,50,0,50,102
06/30/2023,ORH,MA,ANE,EN,Federal Contract Tower,9,2,13,0,24,0,0,18,0,18,9,2,31,0,42,66,0,66,108
07/01/2023,ORH,MA,ANE,EN,Federal Contract Tower,6,8,5,0,19,0,0,7,0,7,6,8,12,0,26,12,0,12,38
07/02/2023,ORH,MA,ANE,EN,Federal Contract Tower,8,7,4,0,19,0,0,0,0,0,8,7,4,0,19,0,0,0,19
07/03/2023,ORH,MA,ANE,EN,Federal Contract Tower,8,2,7,0,17,0,0,3,0,3,8,2,10,0,20,14,0,14,34
07/04/2023,ORH,MA,ANE,EN,Federal Contract Tower,8,2,1,0,11,0,0,0,0,0,8,2,1,0,11,0,0,0,11
07/05/2023,ORH,MA,ANE,EN,Federal Contract Tower,8,2,14,2,26,0,0,18,0,18,8,2,32,2,44,50,0,50,94
07/06/2023,ORH,MA,ANE,EN,Federal Contract Tower,8,1,12,2,23,0,6,24,2,32,8,7,36,4,55,28,0,28,83
07/07/2023,ORH,MA,ANE,EN,Federal Contract Tower,8,1,10,2,21,0,14,37,10,61,8,15,47,12,82,40,10,50,132
07/08/2023,ORH,MA,ANE,EN,Federal Contract Tower,7,5,7,0,19,0,0,6,0,6,7,5,13,0,25,6,0,6,31
07/09/2023,ORH,MA,ANE,EN,Federal Contract Tower,8,9,10,0,27,0,0,1,0,1,8,9,11,0,28,0,0,0,28
07/10/2023,ORH,MA,ANE,EN,Federal Contract Tower,8,7,11,0,26,0,0,1,0,1,8,7,12,0,27,0,0,0,27
07/11/2023,ORH,MA,ANE,EN,Federal Contract Tower,9,6,13,0,28,0,0,23,0,23,9,6,36,0,51,52,0,52,103
07/12/2023,ORH,MA,ANE,EN,Federal Contract Tower,8,1,17,0,26,0,1,25,0,26,8,2,42,0,52,64,0,64,116
07/17/2023,ORH,MA,ANE,EN,Federal Contract Tower,8,3,12,0,23,0,0,9,0,9,8,3,21,0,32,20,0,20,52
07/18/2023,ORH,MA,ANE,EN,Federal Contract Tower,7,4,9,0,20,0,0,4,4,8,7,4,13,4,28,0,0,0,28
07/19/2023,ORH,MA,ANE,EN,Federal Contract Tower,8,0,14,0,22,0,0,35,6,41,8,0,49,6,63,52,0,52,115
07/20/2023,ORH,MA,ANE,EN,Federal Contract Tower,9,19,15,1,44,0,3,41,1,45,9,22,56,2,89,24,4,28,117
07/21/2023,ORH,MA,ANE,EN,Federal Contract Tower,7,5,8,4,24,0,1,6,0,7,7,6,14,4,31,0,0,0,31
07/22/2023,ORH,MA,ANE,EN,Federal Contract Tower,4,2,9,0,15,0,10,28,6,44,4,12,37,6,59,36,12,48,107
07/23/2023,ORH,MA,ANE,EN,Federal Contract Tower,8,3,10,0,21,0,0,37,0,37,8,3,47,0,58,72,0,72,130
07/24/2023,ORH,MA,ANE,EN,Federal Contract Tower,8,7,2,0,17,0,0,31,0,31,8,7,33,0,48,64,0,64,112
07/25/2023,ORH,MA,ANE,EN,Federal Contract Tower,7,1,8,0,16,0,0,1,0,1,7,1,9,0,17,18,0,18,35
07/26/2023,ORH,MA,ANE,EN,Federal Contract Tower,9,3,19,0,31,0,0,37,0,37,9,3,56,0,68,58,0,58,126
07/27/2023,ORH,MA,ANE,EN,Federal Contract Tower,8,3,6,0,17,0,0,2,0,2,8,3,8,0,19,0,0,0,19
07/28/2023,ORH,MA,ANE,EN,Federal Contract Tower,8,3,17,0,28,0,0,26,0,26,8,3,43,0,54,18,0,18,72
07/29/2023,ORH,MA,ANE,EN,Federal Contract Tower,4,9,2,0,15,0,0,9,0,9,4,9,11,0,24,12,0,12,36
07/30/2023,ORH,MA,ANE,EN,Federal Contract Tower,8,5,9,0,22,0,0,23,0,23,8,5,32,0,45,34,0,34,79
07/31/2023,ORH,MA,ANE,EN,Federal Contract Tower,5,1,4,0,10,0,0,45,0,45,5,1,49,0,55,28,0,28,83
08/01/2023,ORH,MA,ANE,EN,Federal Contract Tower,8,4,16,0,28,0,0,23,0,23,8,4,39,0,51,44,6,50,101
08/02/2023,ORH,MA,ANE,EN,Federal Contract Tower,8,13,15,1,37,0,5,50,0,55,8,18,65,1,92,92,0,92,184
08/03/2023,ORH,MA,ANE,EN,Federal Contract Tower,8,4,3,0,15,0,1,36,0,37,8,5,39,0,52,68,0,68,120
08/04/2023,ORH,MA,ANE,EN,Federal Contract Tower,6,0,4,0,10,0,0,1,0,1,6,0,5,0,11,16,0,16,27
08/05/2023,ORH,MA,ANE,EN,Federal Contract Tower,6,2,3,0,11,0,0,22,0,22,6,2,25,0,33,22,0,22,55
08/06/2023,ORH,MA,ANE,EN,Federal Contract Tower,8,3,18,0,29,0,1,58,8,67,8,4,76,8,96,70,0,70,166
08/07/2023,ORH,MA,ANE,EN,Federal Contract Tower,6,5,1,0,12,0,0,2,0,2,6,5,3,0,14,2,0,2,16
08/08/2023,ORH,MA,ANE,EN,Federal Contract Tower,8,2,4,0,14,0,0,0,0,0,8,2,4,0,14,0,0,0,14
08/09/2023,ORH,MA,ANE,EN,Federal Contract Tower,8,6,13,0,27,0,18,10,0,28,8,24,23,0,55,30,0,30,85
08/10/2023,ORH,MA,ANE,EN,Federal Contract Tower,8,9,11,4,32,0,4,13,0,17,8,13,24,4,49,26,0,26,75
08/11/2023,ORH,MA,ANE,EN,Federal Contract Tower,6,6,3,0,15,0,4,18,0,22,6,10,21,0,37,25,0,25,62
08/12/2023,ORH,MA,ANE,EN,Federal Contract Tower,6,4,8,0,18,0,0,30,0,30,6,4,38,0,48,28,0,28,76
08/13/2023,ORH,MA,ANE,EN,Federal Contract Tower,10,5,10,0,25,0,0,18,0,18,10,5,28,0,43,38,0,38,81
08/14/2023,ORH,MA,ANE,EN,Federal Contract Tower,8,1,1,0,10,0,1,28,0,29,8,2,29,0,39,62,0,62,101
08/15/2023,ORH,MA,ANE,EN,Federal Contract Tower,8,3,7,0,18,0,0,0,0,0,8,3,7,0,18,0,0,0,18
08/18/2023,ORH,MA,ANE,EN,Federal Contract Tower,6,3,4,0,13,0,1,9,0,10,6,4,13,0,23,12,0,12,35
08/19/2023,ORH,MA,ANE,EN,Federal Contract Tower,6,4,2,0,12,0,0,28,0,28,6,4,30,0,40,32,0,32,72
08/20/2023,ORH,MA,ANE,EN,Federal Contract Tower,10,8,8,0,26,0,0,39,0,39,10,8,47,0,65,44,0,44,109
08/21/2023,ORH,MA,ANE,EN,Federal Contract Tower,8,1,4,0,13,0,0,17,0,17,8,1,21,0,30,38,0,38,68
08/22/2023,ORH,MA,ANE,EN,Federal Contract Tower,8,0,12,0,20,0,3,29,0,32,8,3,41,0,52,42,0,42,94
08/23/2023,ORH,MA,ANE,EN,Federal Contract Tower,8,2,13,0,23,0,12,33,0,45,8,14,46,0,68,76,0,76,144
08/24/2023,ORH,MA,ANE,EN,Federal Contract Tower,8,2,4,2,16,0,6,25,0,31,8,8,29,2,47,50,0,50,97
08/25/2023,ORH,MA,ANE,EN,Federal Contract Tower,6,2,1,0,9,0,0,0,0,0,6,2,1,0,9,0,0,0,9
08/26/2023,ORH,MA,ANE,EN,Federal Contract Tower,6,4,5,0,15,0,7,19,0,26,6,11,24,0,41,84,0,84,125
08/27/2023,ORH,MA,ANE,EN,Federal Contract Tower,8,3,3,1,15,0,0,11,1,12,8,3,14,2,27,30,0,30,57
08/28/2023,ORH,MA,ANE,EN,Federal Contract Tower,8,1,17,0,26,0,0,11,0,11,8,1,28,0,37,28,0,28,65
08/29/2023,ORH,MA,ANE,EN,Federal Contract Tower,10,1,11,0,22,0,0,2,0,2,10,1,13,0,24,18,0,18,42
08/30/2023,ORH,MA,ANE,EN,Federal Contract Tower,8,2,2,0,12,0,8,10,2,20,8,10,12,2,32,0,0,0,32
08/31/2023,ORH,MA,ANE,EN,Federal Contract Tower,8,1,3,0,12,0,6,29,2,37,8,7,32,2,49,20,0,20,69
