01/01/2020,ORL,FL,ASO,ES,Towers with Radar,0,15,57,0,72,0,4,58,1,63,0,19,115,1,135,55,0,55,190
01/02/2020,ORL,FL,ASO,ES,Towers with Radar,0,17,66,0,83,0,5,132,1,138,0,22,198,1,221,248,0,248,469
01/03/2020,ORL,FL,ASO,ES,Towers with Radar,0,12,48,0,60,0,0,71,0,71,0,12,119,0,131,106,0,106,237
01/04/2020,ORL,FL,ASO,ES,Towers with Radar,0,11,36,0,47,0,3,13,0,16,0,14,49,0,63,9,0,9,72
01/05/2020,ORL,FL,ASO,ES,Towers with Radar,0,19,82,0,101,0,3,148,0,151,0,22,230,0,252,174,0,174,426
01/06/2020,ORL,FL,ASO,ES,Towers with Radar,0,22,64,0,86,0,13,120,0,133,0,35,184,0,219,353,0,353,572
01/07/2020,ORL,FL,ASO,ES,Towers with Radar,0,21,66,0,87,0,5,151,0,156,0,26,217,0,243,218,0,218,461
01/08/2020,ORL,FL,ASO,ES,Towers with Radar,0,25,83,0,108,0,6,146,0,152,0,31,229,0,260,190,0,190,450
01/09/2020,ORL,FL,ASO,ES,Towers with Radar,0,17,90,1,108,0,6,135,1,142,0,23,225,2,250,164,0,164,414
01/10/2020,ORL,FL,ASO,ES,Towers with Radar,0,9,75,0,84,0,4,139,0,143,0,13,214,0,227,155,0,155,382
01/11/2020,ORL,FL,ASO,ES,Towers with Radar,0,8,42,0,50,0,3,59,0,62,0,11,101,0,112,109,0,109,221
01/12/2020,ORL,FL,ASO,ES,Towers with Radar,0,14,61,0,75,0,0,66,0,66,0,14,127,0,141,108,0,108,249
01/13/2020,ORL,FL,ASO,ES,Towers with Radar,0,14,61,0,75,0,8,145,0,153,0,22,206,0,228,172,0,172,400
01/14/2020,ORL,FL,ASO,ES,Towers with Radar,0,21,72,0,93,0,4,80,2,86,0,25,152,2,179,217,0,217,396
01/15/2020,ORL,FL,ASO,ES,Towers with Radar,0,17,88,0,105,0,10,98,0,108,0,27,186,0,213,248,0,248,461
01/16/2020,ORL,FL,ASO,ES,Towers with Radar,0,25,79,0,104,0,8,142,0,150,0,33,221,0,254,263,0,263,517
01/17/2020,ORL,FL,ASO,ES,Towers with Radar,0,20,83,0,103,0,5,111,0,116,0,25,194,0,219,230,0,230,449
01/18/2020,ORL,FL,ASO,ES,Towers with Radar,0,11,41,0,52,0,5,139,0,144,0,16,180,0,196,178,0,178,374
01/19/2020,ORL,FL,ASO,ES,Towers with Radar,0,17,60,0,77,0,0,73,0,73,0,17,133,0,150,142,0,142,292
01/20/2020,ORL,FL,ASO,ES,Towers with Radar,0,32,75,0,107,0,5,147,1,153,0,37,222,1,260,173,0,173,433
01/21/2020,ORL,FL,ASO,ES,Towers with Radar,0,34,74,0,108,0,6,87,2,95,0,40,161,2,203,20,0,20,223
01/22/2020,ORL,FL,ASO,ES,Towers with Radar,0,22,77,1,100,0,2,47,2,51,0,24,124,3,151,36,0,36,187
01/23/2020,ORL,FL,ASO,ES,Towers with Radar,0,27,112,2,141,0,1,50,1,52,0,28,162,3,193,53,0,53,246
01/24/2020,ORL,FL,ASO,ES,Towers with Radar,0,13,94,2,109,0,3,108,2,113,0,16,202,4,222,163,0,163,385
01/25/2020,ORL,FL,ASO,ES,Towers with Radar,0,15,52,0,67,0,10,150,1,161,0,25,202,1,228,222,0,222,450
01/26/2020,ORL,FL,ASO,ES,Towers with Radar,0,20,68,3,91,0,3,108,3,114,0,23,176,6,205,163,0,163,368
01/27/2020,ORL,FL,ASO,ES,Towers with Radar,0,17,51,3,71,0,3,107,0,110,0,20,158,3,181,300,0,300,481
01/28/2020,ORL,FL,ASO,ES,Towers with Radar,0,29,48,0,77,0,3,122,0,125,0,32,170,0,202,238,0,238,440
01/29/2020,ORL,FL,ASO,ES,Towers with Radar,0,23,74,0,97,0,6,114,0,120,0,29,188,0,217,370,0,370,587
01/30/2020,ORL,FL,ASO,ES,Towers with Radar,0,13,100,0,113,0,0,45,0,45,0,13,145,0,158,124,0,124,282
01/31/2020,ORL,FL,ASO,ES,Towers with Radar,0,19,76,0,95,0,2,119,0,121,0,21,195,0,216,319,0,319,535
02/01/2020,ORL,FL,ASO,ES,Towers with Radar,0,12,49,0,61,0,0,14,0,14,0,12,63,0,75,0,0,0,75
02/02/2020,ORL,FL,ASO,ES,Towers with Radar,0,12,60,0,72,0,4,119,0,123,0,16,179,0,195,124,0,124,319
02/03/2020,ORL,FL,ASO,ES,Towers with Radar,0,18,57,1,76,0,4,149,2,155,0,22,206,3,231,269,0,269,500
02/04/2020,ORL,FL,ASO,ES,Towers with Radar,0,34,72,0,106,0,10,158,0,168,0,44,230,0,274,277,0,277,551
02/05/2020,ORL,FL,ASO,ES,Towers with Radar,0,19,77,0,96,0,10,147,1,158,0,29,224,1,254,285,0,285,539
02/06/2020,ORL,FL,ASO,ES,Towers with Radar,0,15,59,0,74,0,1,25,0,26,0,16,84,0,100,4,0,4,104
02/07/2020,ORL,FL,ASO,ES,Towers with Radar,0,13,61,0,74,0,5,75,0,80,0,18,136,0,154,45,0,45,199
02/08/2020,ORL,FL,ASO,ES,Towers with Radar,0,5,39,0,44,0,7,182,0,189,0,12,221,0,233,129,0,129,362
02/09/2020,ORL,FL,ASO,ES,Towers with Radar,0,12,43,0,55,0,4,80,0,84,0,16,123,0,139,36,0,36,175
02/10/2020,ORL,FL,ASO,ES,Towers with Radar,0,20,45,0,65,0,4,147,2,153,0,24,192,2,218,90,0,90,308
02/11/2020,ORL,FL,ASO,ES,Towers with Radar,0,28,66,0,94,0,8,139,2,149,0,36,205,2,243,176,0,176,419
02/12/2020,ORL,FL,ASO,ES,Towers with Radar,0,17,83,0,100,0,6,164,0,170,0,23,247,0,270,205,0,205,475
02/13/2020,ORL,FL,ASO,ES,Towers with Radar,0,13,81,0,94,0,11,62,0,73,0,24,143,0,167,148,0,148,315
02/14/2020,ORL,FL,ASO,ES,Towers with Radar,0,13,113,0,126,0,1,26,0,27,0,14,139,0,153,63,0,63,216
02/15/2020,ORL,FL,ASO,ES,Towers with Radar,0,19,53,0,72,0,8,122,0,130,0,27,175,0,202,183,0,183,385
02/16/2020,ORL,FL,ASO,ES,Towers with Radar,0,11,66,0,77,0,3,101,0,104,0,14,167,0,181,217,0,217,398
02/17/2020,ORL,FL,ASO,ES,Towers with Radar,0,19,83,0,102,0,4,114,0,118,0,23,197,0,220,290,0,290,510
02/18/2020,ORL,FL,ASO,ES,Towers with Radar,0,19,69,0,88,0,10,167,1,178,0,29,236,1,266,168,0,168,434
02/19/2020,ORL,FL,ASO,ES,Towers with Radar,0,20,88,0,108,0,5,124,0,129,0,25,212,0,237,230,0,230,467
02/20/2020,ORL,FL,ASO,ES,Towers with Radar,0,11,78,0,89,0,3,90,0,93,0,14,168,0,182,142,0,142,324
02/21/2020,ORL,FL,ASO,ES,Towers with Radar,0,13,47,2,62,0,0,17,0,17,0,13,64,2,79,48,0,48,127
02/22/2020,ORL,FL,ASO,ES,Towers with Radar,0,12,47,0,59,0,4,118,0,122,0,16,165,0,181,55,0,55,236
02/23/2020,ORL,FL,ASO,ES,Towers with Radar,0,18,53,1,72,0,1,136,1,138,0,19,189,2,210,171,0,171,381
02/24/2020,ORL,FL,ASO,ES,Towers with Radar,0,35,60,0,95,0,2,123,0,125,0,37,183,0,220,205,0,205,425
02/25/2020,ORL,FL,ASO,ES,Towers with Radar,0,26,56,0,82,0,2,113,1,116,0,28,169,1,198,188,0,188,386
02/26/2020,ORL,FL,ASO,ES,Towers with Radar,0,20,50,0,70,0,2,49,0,51,0,22,99,0,121,83,0,83,204
02/27/2020,ORL,FL,ASO,ES,Towers with Radar,0,20,93,0,113,0,13,159,0,172,0,33,252,0,285,174,0,174,459
02/28/2020,ORL,FL,ASO,ES,Towers with Radar,0,15,69,1,85,0,4,163,1,168,0,19,232,2,253,198,0,198,451
02/29/2020,ORL,FL,ASO,ES,Towers with Radar,0,11,43,0,54,0,1,135,0,136,0,12,178,0,190,121,0,121,311
03/01/2020,ORL,FL,ASO,ES,Towers with Radar,0,26,56,0,82,0,5,134,0,139,0,31,190,0,221,210,0,210,431
03/02/2020,ORL,FL,ASO,ES,Towers with Radar,0,27,51,0,78,0,3,125,1,129,0,30,176,1,207,134,0,134,341
03/03/2020,ORL,FL,ASO,ES,Towers with Radar,0,35,56,0,91,0,8,128,0,136,0,43,184,0,227,227,0,227,454
03/04/2020,ORL,FL,ASO,ES,Towers with Radar,0,28,56,0,84,0,2,119,0,121,0,30,175,0,205,238,0,238,443
03/05/2020,ORL,FL,ASO,ES,Towers with Radar,0,18,79,0,97,0,1,77,0,78,0,19,156,0,175,29,0,29,204
03/06/2020,ORL,FL,ASO,ES,Towers with Radar,0,21,81,0,102,0,6,100,2,108,0,27,181,2,210,222,0,222,432
03/07/2020,ORL,FL,ASO,ES,Towers with Radar,0,11,46,0,57,0,2,97,0,99,0,13,143,0,156,115,0,115,271
03/08/2020,ORL,FL,ASO,ES,Towers with Radar,1,14,75,0,90,0,2,66,0,68,1,16,141,0,158,163,0,163,321
03/09/2020,ORL,FL,ASO,ES,Towers with Radar,0,17,54,0,71,0,1,51,1,53,0,18,105,1,124,51,0,51,175
03/10/2020,ORL,FL,ASO,ES,Towers with Radar,0,13,53,0,66,0,2,134,0,136,0,15,187,0,202,179,0,179,381
03/11/2020,ORL,FL,ASO,ES,Towers with Radar,0,15,82,0,97,0,3,136,1,140,0,18,218,1,237,238,0,238,475
03/12/2020,ORL,FL,ASO,ES,Towers with Radar,0,13,70,0,83,0,1,122,1,124,0,14,192,1,207,219,0,219,426
03/13/2020,ORL,FL,ASO,ES,Towers with Radar,0,22,76,0,98,0,1,138,0,139,0,23,214,0,237,271,0,271,508
03/14/2020,ORL,FL,ASO,ES,Towers with Radar,0,18,31,0,49,0,4,138,0,142,0,22,169,0,191,258,0,258,449
03/15/2020,ORL,FL,ASO,ES,Towers with Radar,0,20,49,0,69,0,1,112,0,113,0,21,161,0,182,220,0,220,402
03/16/2020,ORL,FL,ASO,ES,Towers with Radar,0,24,60,0,84,0,4,104,0,108,0,28,164,0,192,207,0,207,399
03/17/2020,ORL,FL,ASO,ES,Towers with Radar,0,12,42,0,54,0,1,119,0,120,0,13,161,0,174,201,0,201,375
03/18/2020,ORL,FL,ASO,ES,Towers with Radar,0,14,45,0,59,0,0,108,2,110,0,14,153,2,169,196,0,196,365
03/19/2020,ORL,FL,ASO,ES,Towers with Radar,0,7,34,0,41,0,3,102,0,105,0,10,136,0,146,164,0,164,310
03/20/2020,ORL,FL,ASO,ES,Towers with Radar,0,3,34,0,37,0,4,111,0,115,0,7,145,0,152,153,0,153,305
03/21/2020,ORL,FL,ASO,ES,Towers with Radar,0,5,27,0,32,0,3,101,0,104,0,8,128,0,136,293,0,293,429
03/22/2020,ORL,FL,ASO,ES,Towers with Radar,0,7,26,0,33,0,2,91,1,94,0,9,117,1,127,234,0,234,361
03/23/2020,ORL,FL,ASO,ES,Towers with Radar,0,3,24,0,27,0,1,80,0,81,0,4,104,0,108,204,0,204,312
03/24/2020,ORL,FL,ASO,ES,Towers with Radar,0,6,16,0,22,0,2,108,0,110,0,8,124,0,132,273,0,273,405
03/25/2020,ORL,FL,ASO,ES,Towers with Radar,0,5,26,0,31,0,3,73,0,76,0,8,99,0,107,96,0,96,203
03/26/2020,ORL,FL,ASO,ES,Towers with Radar,0,13,45,0,58,0,1,71,0,72,0,14,116,0,130,298,0,298,428
03/27/2020,ORL,FL,ASO,ES,Towers with Radar,0,5,24,0,29,0,0,60,0,60,0,5,84,0,89,185,0,185,274
03/28/2020,ORL,FL,ASO,ES,Towers with Radar,0,2,15,0,17,0,1,78,0,79,0,3,93,0,96,241,0,241,337
03/29/2020,ORL,FL,ASO,ES,Towers with Radar,0,10,24,0,34,0,0,80,0,80,0,10,104,0,114,175,0,175,289
03/30/2020,ORL,FL,ASO,ES,Towers with Radar,0,15,28,0,43,0,2,77,0,79,0,17,105,0,122,211,0,211,333
03/31/2020,ORL,FL,ASO,ES,Towers with Radar,0,6,17,0,23,0,0,50,2,52,0,6,67,2,75,72,0,72,147
04/01/2020,ORL,FL,ASO,ES,Towers with Radar,0,8,19,0,27,0,0,79,0,79,0,8,98,0,106,240,0,240,346
04/02/2020,ORL,FL,ASO,ES,Towers with Radar,0,9,34,0,43,0,4,118,0,122,0,13,152,0,165,241,0,241,406
04/03/2020,ORL,FL,ASO,ES,Towers with Radar,0,6,23,0,29,0,6,54,0,60,0,12,77,0,89,47,0,47,136
04/04/2020,ORL,FL,ASO,ES,Towers with Radar,0,2,9,0,11,0,3,54,0,57,0,5,63,0,68,58,0,58,126
04/05/2020,ORL,FL,ASO,ES,Towers with Radar,0,14,21,0,35,0,0,20,0,20,0,14,41,0,55,80,0,80,135
04/06/2020,ORL,FL,ASO,ES,Towers with Radar,0,7,27,0,34,0,7,51,0,58,0,14,78,0,92,138,0,138,230
04/07/2020,ORL,FL,ASO,ES,Towers with Radar,0,12,13,1,26,0,3,67,1,71,0,15,80,2,97,116,0,116,213
04/08/2020,ORL,FL,ASO,ES,Towers with Radar,0,9,28,0,37,0,2,73,0,75,0,11,101,0,112,56,0,56,168
04/09/2020,ORL,FL,ASO,ES,Towers with Radar,0,4,28,0,32,0,2,45,3,50,0,6,73,3,82,39,0,39,121
04/10/2020,ORL,FL,ASO,ES,Towers with Radar,0,2,23,2,27,0,1,48,2,51,0,3,71,4,78,19,0,19,97
04/11/2020,ORL,FL,ASO,ES,Towers with Radar,0,0,18,0,18,0,4,100,0,104,0,4,118,0,122,162,0,162,284
04/12/2020,ORL,FL,ASO,ES,Towers with Radar,0,10,11,0,21,0,3,23,0,26,0,13,34,0,47,54,0,54,101
04/13/2020,ORL,FL,ASO,ES,Towers with Radar,0,7,19,0,26,0,0,23,0,23,0,7,42,0,49,16,0,16,65
04/14/2020,ORL,FL,ASO,ES,Towers with Radar,0,8,21,0,29,0,11,48,0,59,0,19,69,0,88,159,0,159,247
04/15/2020,ORL,FL,ASO,ES,Towers with Radar,0,15,30,0,45,0,3,18,0,21,0,18,48,0,66,57,0,57,123
04/16/2020,ORL,FL,ASO,ES,Towers with Radar,0,6,39,0,45,0,0,6,1,7,0,6,45,1,52,14,0,14,66
04/17/2020,ORL,FL,ASO,ES,Towers with Radar,0,11,41,0,52,0,3,39,0,42,0,14,80,0,94,103,0,103,197
04/18/2020,ORL,FL,ASO,ES,Towers with Radar,0,9,20,0,29,0,1,14,0,15,0,10,34,0,44,41,0,41,85
04/19/2020,ORL,FL,ASO,ES,Towers with Radar,0,28,32,0,60,0,13,79,0,92,0,41,111,0,152,190,0,190,342
04/20/2020,ORL,FL,ASO,ES,Towers with Radar,0,10,14,0,24,0,0,32,0,32,0,10,46,0,56,88,0,88,144
04/21/2020,ORL,FL,ASO,ES,Towers with Radar,0,19,33,0,52,0,2,124,2,128,0,21,157,2,180,181,0,181,361
04/22/2020,ORL,FL,ASO,ES,Towers with Radar,0,11,48,0,59,0,3,94,0,97,0,14,142,0,156,177,0,177,333
04/23/2020,ORL,FL,ASO,ES,Towers with Radar,0,4,27,0,31,0,0,72,0,72,0,4,99,0,103,77,0,77,180
04/24/2020,ORL,FL,ASO,ES,Towers with Radar,0,6,19,0,25,0,0,4,0,4,0,6,23,0,29,0,0,0,29
04/25/2020,ORL,FL,ASO,ES,Towers with Radar,0,7,19,0,26,0,3,58,0,61,0,10,77,0,87,92,0,92,179
04/26/2020,ORL,FL,ASO,ES,Towers with Radar,0,10,17,0,27,0,2,60,0,62,0,12,77,0,89,223,0,223,312
04/27/2020,ORL,FL,ASO,ES,Towers with Radar,0,14,32,0,46,0,1,108,3,112,0,15,140,3,158,133,0,133,291
04/28/2020,ORL,FL,ASO,ES,Towers with Radar,0,6,27,0,33,0,0,81,0,81,0,6,108,0,114,78,0,78,192
04/29/2020,ORL,FL,ASO,ES,Towers with Radar,0,6,37,0,43,0,1,81,0,82,0,7,118,0,125,83,0,83,208
04/30/2020,ORL,FL,ASO,ES,Towers with Radar,0,5,21,0,26,0,0,35,0,35,0,5,56,0,61,0,0,0,61
05/01/2020,ORL,FL,ASO,ES,Towers with Radar,0,6,30,0,36,0,0,111,0,111,0,6,141,0,147,197,0,197,344
05/02/2020,ORL,FL,ASO,ES,Towers with Radar,0,11,29,0,40,0,2,74,0,76,0,13,103,0,116,170,0,170,286
05/03/2020,ORL,FL,ASO,ES,Towers with Radar,0,8,32,0,40,0,1,58,0,59,0,9,90,0,99,121,0,121,220
05/04/2020,ORL,FL,ASO,ES,Towers with Radar,0,10,31,0,41,0,3,88,0,91,0,13,119,0,132,166,0,166,298
05/05/2020,ORL,FL,ASO,ES,Towers with Radar,0,7,30,0,37,0,1,89,0,90,0,8,119,0,127,188,0,188,315
05/06/2020,ORL,FL,ASO,ES,Towers with Radar,0,15,53,0,68,0,6,105,0,111,0,21,158,0,179,174,0,174,353
05/07/2020,ORL,FL,ASO,ES,Towers with Radar,0,16,38,0,54,0,0,92,2,94,0,16,130,2,148,125,0,125,273
05/08/2020,ORL,FL,ASO,ES,Towers with Radar,0,15,27,0,42,0,1,122,0,123,0,16,149,0,165,223,0,223,388
05/09/2020,ORL,FL,ASO,ES,Towers with Radar,0,4,28,0,32,0,1,77,1,79,0,5,105,1,111,236,0,236,347
05/10/2020,ORL,FL,ASO,ES,Towers with Radar,0,16,25,0,41,0,1,17,0,18,0,17,42,0,59,102,0,102,161
05/11/2020,ORL,FL,ASO,ES,Towers with Radar,0,16,38,0,54,0,1,85,0,86,0,17,123,0,140,116,0,116,256
05/12/2020,ORL,FL,ASO,ES,Towers with Radar,0,17,36,2,55,0,2,132,0,134,0,19,168,2,189,272,0,272,461
05/13/2020,ORL,FL,ASO,ES,Towers with Radar,0,18,35,2,55,0,2,80,2,84,0,20,115,4,139,138,0,138,277
05/14/2020,ORL,FL,ASO,ES,Towers with Radar,0,19,45,0,64,0,1,88,0,89,0,20,133,0,153,139,0,139,292
05/15/2020,ORL,FL,ASO,ES,Towers with Radar,0,15,32,2,49,0,0,86,0,86,0,15,118,2,135,125,0,125,260
05/16/2020,ORL,FL,ASO,ES,Towers with Radar,0,10,26,0,36,0,0,24,0,24,0,10,50,0,60,16,0,16,76
05/17/2020,ORL,FL,ASO,ES,Towers with Radar,0,16,41,0,57,0,2,43,0,45,0,18,84,0,102,211,0,211,313
05/18/2020,ORL,FL,ASO,ES,Towers with Radar,0,18,40,0,58,0,1,50,0,51,0,19,90,0,109,105,0,105,214
05/19/2020,ORL,FL,ASO,ES,Towers with Radar,0,9,41,0,50,0,0,86,0,86,0,9,127,0,136,173,0,173,309
05/20/2020,ORL,FL,ASO,ES,Towers with Radar,0,8,45,0,53,0,3,135,1,139,0,11,180,1,192,186,0,186,378
05/21/2020,ORL,FL,ASO,ES,Towers with Radar,0,17,61,0,78,0,2,111,0,113,0,19,172,0,191,329,0,329,520
05/22/2020,ORL,FL,ASO,ES,Towers with Radar,0,12,46,0,58,0,1,107,1,109,0,13,153,1,167,208,0,208,375
05/23/2020,ORL,FL,ASO,ES,Towers with Radar,0,4,35,0,39,0,2,90,0,92,0,6,125,0,131,227,0,227,358
05/24/2020,ORL,FL,ASO,ES,Towers with Radar,0,3,22,0,25,0,0,71,0,71,0,3,93,0,96,216,0,216,312
05/25/2020,ORL,FL,ASO,ES,Towers with Radar,0,12,22,0,34,0,0,0,0,0,0,12,22,0,34,0,0,0,34
05/26/2020,ORL,FL,ASO,ES,Towers with Radar,0,12,44,0,56,0,1,33,0,34,0,13,77,0,90,124,0,124,214
05/27/2020,ORL,FL,ASO,ES,Towers with Radar,0,5,43,0,48,0,0,20,0,20,0,5,63,0,68,93,0,93,161
05/28/2020,ORL,FL,ASO,ES,Towers with Radar,0,10,47,0,57,0,0,42,0,42,0,10,89,0,99,165,0,165,264
05/29/2020,ORL,FL,ASO,ES,Towers with Radar,0,6,58,0,64,0,1,135,0,136,0,7,193,0,200,237,0,237,437
05/30/2020,ORL,FL,ASO,ES,Towers with Radar,0,8,31,0,39,0,0,62,0,62,0,8,93,0,101,138,0,138,239
05/31/2020,ORL,FL,ASO,ES,Towers with Radar,0,9,34,0,43,0,3,124,0,127,0,12,158,0,170,220,0,220,390
06/01/2020,ORL,FL,ASO,ES,Towers with Radar,0,23,44,0,67,0,0,99,0,99,0,23,143,0,166,224,0,224,390
06/02/2020,ORL,FL,ASO,ES,Towers with Radar,0,15,50,0,65,0,2,65,0,67,0,17,115,0,132,141,0,141,273
06/03/2020,ORL,FL,ASO,ES,Towers with Radar,0,5,53,0,58,0,1,102,0,103,0,6,155,0,161,299,0,299,460
06/04/2020,ORL,FL,ASO,ES,Towers with Radar,0,8,50,0,58,0,0,18,0,18,0,8,68,0,76,30,0,30,106
06/05/2020,ORL,FL,ASO,ES,Towers with Radar,0,6,44,0,50,0,1,122,0,123,0,7,166,0,173,298,0,298,471
06/06/2020,ORL,FL,ASO,ES,Towers with Radar,0,7,29,0,36,0,0,17,0,17,0,7,46,0,53,140,0,140,193
06/07/2020,ORL,FL,ASO,ES,Towers with Radar,0,9,32,0,41,0,0,40,0,40,0,9,72,0,81,123,0,123,204
06/08/2020,ORL,FL,ASO,ES,Towers with Radar,0,7,35,0,42,0,0,42,1,43,0,7,77,1,85,123,0,123,208
06/09/2020,ORL,FL,ASO,ES,Towers with Radar,0,7,45,0,52,0,2,139,0,141,0,9,184,0,193,277,0,277,470
06/10/2020,ORL,FL,ASO,ES,Towers with Radar,0,14,45,0,59,0,5,114,0,119,0,19,159,0,178,246,0,246,424
06/11/2020,ORL,FL,ASO,ES,Towers with Radar,0,5,31,0,36,0,0,106,0,106,0,5,137,0,142,206,0,206,348
06/12/2020,ORL,FL,ASO,ES,Towers with Radar,0,25,65,0,90,0,3,129,1,133,0,28,194,1,223,227,0,227,450
06/13/2020,ORL,FL,ASO,ES,Towers with Radar,0,14,41,0,55,0,1,109,0,110,0,15,150,0,165,242,0,242,407
06/14/2020,ORL,FL,ASO,ES,Towers with Radar,0,5,33,0,38,0,0,99,0,99,0,5,132,0,137,171,0,171,308
06/15/2020,ORL,FL,ASO,ES,Towers with Radar,0,24,43,0,67,0,0,97,2,99,0,24,140,2,166,195,0,195,361
06/16/2020,ORL,FL,ASO,ES,Towers with Radar,0,23,49,0,72,0,7,156,0,163,0,30,205,0,235,197,0,197,432
06/17/2020,ORL,FL,ASO,ES,Towers with Radar,0,21,54,4,79,0,0,142,0,142,0,21,196,4,221,178,0,178,399
06/18/2020,ORL,FL,ASO,ES,Towers with Radar,0,12,46,0,58,0,2,104,0,106,0,14,150,0,164,185,0,185,349
06/19/2020,ORL,FL,ASO,ES,Towers with Radar,0,11,48,0,59,0,0,76,0,76,0,11,124,0,135,62,0,62,197
06/20/2020,ORL,FL,ASO,ES,Towers with Radar,0,6,54,0,60,0,2,85,0,87,0,8,139,0,147,145,0,145,292
06/21/2020,ORL,FL,ASO,ES,Towers with Radar,0,7,24,0,31,0,3,95,0,98,0,10,119,0,129,128,0,128,257
06/22/2020,ORL,FL,ASO,ES,Towers with Radar,0,9,50,0,59,0,0,117,2,119,0,9,167,2,178,147,2,149,327
06/23/2020,ORL,FL,ASO,ES,Towers with Radar,0,30,52,0,82,0,0,105,0,105,0,30,157,0,187,165,0,165,352
06/24/2020,ORL,FL,ASO,ES,Towers with Radar,0,20,47,0,67,0,0,108,2,110,0,20,155,2,177,174,0,174,351
06/25/2020,ORL,FL,ASO,ES,Towers with Radar,0,13,45,0,58,0,0,128,0,128,0,13,173,0,186,242,0,242,428
06/26/2020,ORL,FL,ASO,ES,Towers with Radar,0,7,63,0,70,0,1,124,0,125,0,8,187,0,195,174,0,174,369
06/27/2020,ORL,FL,ASO,ES,Towers with Radar,0,9,45,0,54,0,0,141,0,141,0,9,186,0,195,189,0,189,384
06/28/2020,ORL,FL,ASO,ES,Towers with Radar,0,15,21,0,36,0,2,97,0,99,0,17,118,0,135,256,0,256,391
06/29/2020,ORL,FL,ASO,ES,Towers with Radar,0,15,47,0,62,0,8,108,0,116,0,23,155,0,178,205,0,205,383
06/30/2020,ORL,FL,ASO,ES,Towers with Radar,0,19,44,0,63,0,2,105,0,107,0,21,149,0,170,227,0,227,397
07/01/2020,ORL,FL,ASO,ES,Towers with Radar,0,8,38,0,46,0,1,94,0,95,0,9,132,0,141,133,0,133,274
07/02/2020,ORL,FL,ASO,ES,Towers with Radar,0,8,68,0,76,0,1,107,0,108,0,9,175,0,184,249,0,249,433
07/03/2020,ORL,FL,ASO,ES,Towers with Radar,0,7,39,0,46,0,0,89,0,89,0,7,128,0,135,146,0,146,281
07/04/2020,ORL,FL,ASO,ES,Towers with Radar,0,4,19,0,23,0,0,59,0,59,0,4,78,0,82,183,0,183,265
07/05/2020,ORL,FL,ASO,ES,Towers with Radar,0,5,30,0,35,0,1,46,0,47,0,6,76,0,82,191,0,191,273
07/06/2020,ORL,FL,ASO,ES,Towers with Radar,0,17,60,0,77,0,2,82,1,85,0,19,142,1,162,157,0,157,319
07/07/2020,ORL,FL,ASO,ES,Towers with Radar,0,10,42,0,52,0,4,113,0,117,0,14,155,0,169,258,0,258,427
07/08/2020,ORL,FL,ASO,ES,Towers with Radar,0,8,39,0,47,0,0,76,0,76,0,8,115,0,123,232,0,232,355
07/09/2020,ORL,FL,ASO,ES,Towers with Radar,0,11,47,0,58,0,3,114,0,117,0,14,161,0,175,226,0,226,401
07/10/2020,ORL,FL,ASO,ES,Towers with Radar,0,20,43,0,63,0,4,100,0,104,0,24,143,0,167,114,0,114,281
07/11/2020,ORL,FL,ASO,ES,Towers with Radar,0,7,38,0,45,0,0,64,0,64,0,7,102,0,109,238,0,238,347
07/12/2020,ORL,FL,ASO,ES,Towers with Radar,0,12,34,0,46,0,0,87,0,87,0,12,121,0,133,191,0,191,324
07/13/2020,ORL,FL,ASO,ES,Towers with Radar,0,11,33,0,44,0,2,107,0,109,0,13,140,0,153,237,0,237,390
07/14/2020,ORL,FL,ASO,ES,Towers with Radar,0,10,40,0,50,0,2,83,0,85,0,12,123,0,135,280,0,280,415
07/15/2020,ORL,FL,ASO,ES,Towers with Radar,0,8,48,0,56,0,2,88,0,90,0,10,136,0,146,132,0,132,278
07/16/2020,ORL,FL,ASO,ES,Towers with Radar,0,18,60,0,78,0,0,107,0,107,0,18,167,0,185,217,0,217,402
07/17/2020,ORL,FL,ASO,ES,Towers with Radar,0,21,37,0,58,0,0,135,0,135,0,21,172,0,193,180,0,180,373
07/18/2020,ORL,FL,ASO,ES,Towers with Radar,0,7,34,0,41,0,0,88,0,88,0,7,122,0,129,192,0,192,321
07/19/2020,ORL,FL,ASO,ES,Towers with Radar,0,8,49,0,57,0,0,105,0,105,0,8,154,0,162,204,0,204,366
07/20/2020,ORL,FL,ASO,ES,Towers with Radar,0,10,31,0,41,0,1,84,0,85,0,11,115,0,126,139,0,139,265
07/21/2020,ORL,FL,ASO,ES,Towers with Radar,0,14,40,0,54,0,0,104,0,104,0,14,144,0,158,198,0,198,356
07/22/2020,ORL,FL,ASO,ES,Towers with Radar,0,11,33,0,44,0,0,77,0,77,0,11,110,0,121,163,0,163,284
07/23/2020,ORL,FL,ASO,ES,Towers with Radar,0,12,50,0,62,0,0,41,0,41,0,12,91,0,103,249,0,249,352
07/24/2020,ORL,FL,ASO,ES,Towers with Radar,0,13,32,0,45,0,1,144,0,145,0,14,176,0,190,216,0,216,406
07/25/2020,ORL,FL,ASO,ES,Towers with Radar,0,9,25,0,34,0,0,83,0,83,0,9,108,0,117,229,0,229,346
07/26/2020,ORL,FL,ASO,ES,Towers with Radar,0,7,33,0,40,0,0,58,0,58,0,7,91,0,98,228,0,228,326
07/27/2020,ORL,FL,ASO,ES,Towers with Radar,0,13,33,0,46,0,2,89,0,91,0,15,122,0,137,165,0,165,302
07/28/2020,ORL,FL,ASO,ES,Towers with Radar,0,18,35,0,53,0,5,104,0,109,0,23,139,0,162,234,0,234,396
07/29/2020,ORL,FL,ASO,ES,Towers with Radar,0,20,52,0,72,0,2,121,0,123,0,22,173,0,195,193,0,193,388
07/30/2020,ORL,FL,ASO,ES,Towers with Radar,0,6,56,0,62,0,0,138,0,138,0,6,194,0,200,278,0,278,478
07/31/2020,ORL,FL,ASO,ES,Towers with Radar,0,12,40,0,52,0,1,171,0,172,0,13,211,0,224,220,0,220,444
08/01/2020,ORL,FL,ASO,ES,Towers with Radar,0,5,37,0,42,0,0,89,0,89,0,5,126,0,131,160,0,160,291
08/02/2020,ORL,FL,ASO,ES,Towers with Radar,0,6,18,0,24,0,0,9,0,9,0,6,27,0,33,13,0,13,46
08/03/2020,ORL,FL,ASO,ES,Towers with Radar,0,25,31,0,56,0,1,69,0,70,0,26,100,0,126,232,0,232,358
08/04/2020,ORL,FL,ASO,ES,Towers with Radar,0,11,49,0,60,0,0,97,0,97,0,11,146,0,157,325,0,325,482
08/05/2020,ORL,FL,ASO,ES,Towers with Radar,0,10,44,0,54,0,6,87,1,94,0,16,131,1,148,326,0,326,474
08/06/2020,ORL,FL,ASO,ES,Towers with Radar,0,12,25,0,37,0,1,113,0,114,0,13,138,0,151,288,0,288,439
08/07/2020,ORL,FL,ASO,ES,Towers with Radar,0,5,45,0,50,0,0,105,0,105,0,5,150,0,155,220,0,220,375
08/08/2020,ORL,FL,ASO,ES,Towers with Radar,0,14,29,0,43,0,1,102,0,103,0,15,131,0,146,218,0,218,364
08/09/2020,ORL,FL,ASO,ES,Towers with Radar,0,12,43,0,55,0,1,106,0,107,0,13,149,0,162,148,0,148,310
08/10/2020,ORL,FL,ASO,ES,Towers with Radar,0,9,47,0,56,0,1,102,0,103,0,10,149,0,159,223,0,223,382
08/11/2020,ORL,FL,ASO,ES,Towers with Radar,0,21,37,0,58,0,0,113,0,113,0,21,150,0,171,137,0,137,308
08/12/2020,ORL,FL,ASO,ES,Towers with Radar,0,10,42,0,52,0,0,103,0,103,0,10,145,0,155,166,0,166,321
08/13/2020,ORL,FL,ASO,ES,Towers with Radar,0,8,47,0,55,0,0,94,0,94,0,8,141,0,149,166,0,166,315
08/14/2020,ORL,FL,ASO,ES,Towers with Radar,0,9,51,0,60,0,1,113,0,114,0,10,164,0,174,282,0,282,456
08/15/2020,ORL,FL,ASO,ES,Towers with Radar,0,6,33,0,39,0,2,89,0,91,0,8,122,0,130,197,0,197,327
08/16/2020,ORL,FL,ASO,ES,Towers with Radar,0,9,36,0,45,0,3,71,0,74,0,12,107,0,119,149,0,149,268
08/17/2020,ORL,FL,ASO,ES,Towers with Radar,0,15,50,0,65,0,0,79,0,79,0,15,129,0,144,179,0,179,323
08/18/2020,ORL,FL,ASO,ES,Towers with Radar,0,24,45,0,69,0,0,94,0,94,0,24,139,0,163,178,0,178,341
08/19/2020,ORL,FL,ASO,ES,Towers with Radar,0,8,43,2,53,0,2,121,0,123,0,10,164,2,176,198,0,198,374
08/20/2020,ORL,FL,ASO,ES,Towers with Radar,0,6,46,0,52,0,0,110,0,110,0,6,156,0,162,189,0,189,351
08/21/2020,ORL,FL,ASO,ES,Towers with Radar,1,12,60,0,73,0,0,89,0,89,1,12,149,0,162,160,0,160,322
08/22/2020,ORL,FL,ASO,ES,Towers with Radar,0,8,36,0,44,0,0,74,0,74,0,8,110,0,118,230,0,230,348
08/23/2020,ORL,FL,ASO,ES,Towers with Radar,0,10,54,0,64,0,0,74,1,75,0,10,128,1,139,123,0,123,262
08/24/2020,ORL,FL,ASO,ES,Towers with Radar,0,7,30,0,37,0,2,45,0,47,0,9,75,0,84,23,0,23,107
08/25/2020,ORL,FL,ASO,ES,Towers with Radar,0,12,37,0,49,0,0,86,0,86,0,12,123,0,135,277,0,277,412
08/26/2020,ORL,FL,ASO,ES,Towers with Radar,0,19,44,0,63,0,2,139,0,141,0,21,183,0,204,242,0,242,446
08/27/2020,ORL,FL,ASO,ES,Towers with Radar,0,16,50,0,66,0,1,79,0,80,0,17,129,0,146,130,0,130,276
08/28/2020,ORL,FL,ASO,ES,Towers with Radar,0,14,50,0,64,0,4,125,0,129,0,18,175,0,193,222,0,222,415
08/29/2020,ORL,FL,ASO,ES,Towers with Radar,0,7,32,0,39,0,0,93,0,93,0,7,125,0,132,187,0,187,319
08/30/2020,ORL,FL,ASO,ES,Towers with Radar,0,12,30,0,42,0,2,53,0,55,0,14,83,0,97,139,0,139,236
08/31/2020,ORL,FL,ASO,ES,Towers with Radar,0,12,39,0,51,0,0,60,0,60,0,12,99,0,111,167,0,167,278
09/01/2020,ORL,FL,ASO,ES,Towers with Radar,0,15,46,0,61,0,3,66,0,69,0,18,112,0,130,319,0,319,449
09/02/2020,ORL,FL,ASO,ES,Towers with Radar,0,28,37,0,65,0,3,106,0,109,0,31,143,0,174,170,0,170,344
09/03/2020,ORL,FL,ASO,ES,Towers with Radar,0,12,56,0,68,0,3,116,0,119,0,15,172,0,187,180,0,180,367
09/04/2020,ORL,FL,ASO,ES,Towers with Radar,0,14,64,0,78,0,0,130,0,130,0,14,194,0,208,147,0,147,355
09/05/2020,ORL,FL,ASO,ES,Towers with Radar,0,4,30,0,34,0,0,124,0,124,0,4,154,0,158,218,0,218,376
09/06/2020,ORL,FL,ASO,ES,Towers with Radar,0,4,20,0,24,0,1,67,0,68,0,5,87,0,92,190,0,190,282
09/07/2020,ORL,FL,ASO,ES,Towers with Radar,0,13,59,0,72,0,2,85,0,87,0,15,144,0,159,171,0,171,330
09/08/2020,ORL,FL,ASO,ES,Towers with Radar,0,19,56,0,75,0,7,90,0,97,0,26,146,0,172,145,0,145,317
09/09/2020,ORL,FL,ASO,ES,Towers with Radar,0,12,65,0,77,0,0,85,0,85,0,12,150,0,162,148,0,148,310
09/10/2020,ORL,FL,ASO,ES,Towers with Radar,0,9,70,0,79,0,3,94,0,97,0,12,164,0,176,130,0,130,306
09/11/2020,ORL,FL,ASO,ES,Towers with Radar,0,14,55,0,69,0,0,69,0,69,0,14,124,0,138,205,0,205,343
09/12/2020,ORL,FL,ASO,ES,Towers with Radar,0,8,40,0,48,0,1,40,0,41,0,9,80,0,89,145,0,145,234
09/13/2020,ORL,FL,ASO,ES,Towers with Radar,0,21,41,0,62,0,1,55,0,56,0,22,96,0,118,146,0,146,264
09/14/2020,ORL,FL,ASO,ES,Towers with Radar,0,4,64,0,68,0,0,58,0,58,0,4,122,0,126,125,0,125,251
09/15/2020,ORL,FL,ASO,ES,Towers with Radar,0,3,39,0,42,0,2,85,0,87,0,5,124,0,129,224,0,224,353
09/16/2020,ORL,FL,ASO,ES,Towers with Radar,0,17,61,0,78,0,1,146,0,147,0,18,207,0,225,177,0,177,402
09/17/2020,ORL,FL,ASO,ES,Towers with Radar,0,14,63,0,77,0,0,62,0,62,0,14,125,0,139,133,0,133,272
09/18/2020,ORL,FL,ASO,ES,Towers with Radar,0,15,82,0,97,0,0,79,0,79,0,15,161,0,176,211,0,211,387
09/19/2020,ORL,FL,ASO,ES,Towers with Radar,0,8,49,0,57,0,0,107,0,107,0,8,156,0,164,203,0,203,367
09/20/2020,ORL,FL,ASO,ES,Towers with Radar,0,16,45,0,61,0,1,3,0,4,0,17,48,0,65,0,0,0,65
09/21/2020,ORL,FL,ASO,ES,Towers with Radar,0,14,53,0,67,0,1,69,4,74,0,15,122,4,141,98,0,98,239
09/22/2020,ORL,FL,ASO,ES,Towers with Radar,0,22,52,0,74,0,4,96,0,100,0,26,148,0,174,200,0,200,374
09/23/2020,ORL,FL,ASO,ES,Towers with Radar,0,18,69,0,87,0,3,127,0,130,0,21,196,0,217,202,0,202,419
09/24/2020,ORL,FL,ASO,ES,Towers with Radar,0,11,77,2,90,0,2,102,0,104,0,13,179,2,194,127,0,127,321
09/25/2020,ORL,FL,ASO,ES,Towers with Radar,0,13,63,0,76,0,0,95,0,95,0,13,158,0,171,234,0,234,405
09/26/2020,ORL,FL,ASO,ES,Towers with Radar,0,6,41,0,47,0,1,108,0,109,0,7,149,0,156,203,0,203,359
09/27/2020,ORL,FL,ASO,ES,Towers with Radar,0,17,50,0,67,0,0,95,0,95,0,17,145,0,162,183,0,183,345
09/28/2020,ORL,FL,ASO,ES,Towers with Radar,0,10,56,0,66,0,0,78,0,78,0,10,134,0,144,170,0,170,314
09/29/2020,ORL,FL,ASO,ES,Towers with Radar,0,13,61,2,76,0,0,41,0,41,0,13,102,2,117,117,0,117,234
09/30/2020,ORL,FL,ASO,ES,Towers with Radar,0,19,76,0,95,0,1,147,0,148,0,20,223,0,243,258,0,258,501
10/01/2020,ORL,FL,ASO,ES,Towers with Radar,0,20,57,0,77,0,2,127,0,129,0,22,184,0,206,282,0,282,488
10/02/2020,ORL,FL,ASO,ES,Towers with Radar,0,10,64,0,74,0,1,113,0,114,0,11,177,0,188,207,0,207,395
10/03/2020,ORL,FL,ASO,ES,Towers with Radar,0,11,56,0,67,0,4,87,0,91,0,15,143,0,158,229,0,229,387
10/04/2020,ORL,FL,ASO,ES,Towers with Radar,0,25,66,0,91,0,0,6,0,6,0,25,72,0,97,0,0,0,97
10/05/2020,ORL,FL,ASO,ES,Towers with Radar,0,26,73,0,99,0,12,47,0,59,0,38,120,0,158,178,0,178,336
10/06/2020,ORL,FL,ASO,ES,Towers with Radar,0,18,64,0,82,0,5,107,0,112,0,23,171,0,194,366,0,366,560
10/07/2020,ORL,FL,ASO,ES,Towers with Radar,0,26,63,0,89,0,2,87,0,89,0,28,150,0,178,246,0,246,424
10/08/2020,ORL,FL,ASO,ES,Towers with Radar,0,20,67,0,87,0,6,121,1,128,0,26,188,1,215,228,0,228,443
10/09/2020,ORL,FL,ASO,ES,Towers with Radar,0,18,37,0,55,0,2,91,0,93,0,20,128,0,148,134,0,134,282
10/10/2020,ORL,FL,ASO,ES,Towers with Radar,0,12,41,0,53,0,0,101,1,102,0,12,142,1,155,145,0,145,300
10/11/2020,ORL,FL,ASO,ES,Towers with Radar,0,7,63,0,70,0,1,55,0,56,0,8,118,0,126,123,0,123,249
10/12/2020,ORL,FL,ASO,ES,Towers with Radar,0,19,85,0,104,0,0,79,0,79,0,19,164,0,183,129,0,129,312
10/13/2020,ORL,FL,ASO,ES,Towers with Radar,0,21,73,0,94,0,1,82,0,83,0,22,155,0,177,153,0,153,330
10/14/2020,ORL,FL,ASO,ES,Towers with Radar,0,24,79,0,103,0,4,135,0,139,0,28,214,0,242,251,0,251,493
10/15/2020,ORL,FL,ASO,ES,Towers with Radar,0,12,61,0,73,0,3,109,0,112,0,15,170,0,185,225,0,225,410
10/16/2020,ORL,FL,ASO,ES,Towers with Radar,0,9,79,2,90,0,1,121,0,122,0,10,200,2,212,230,0,230,442
10/17/2020,ORL,FL,ASO,ES,Towers with Radar,0,9,46,0,55,0,0,104,0,104,0,9,150,0,159,155,0,155,314
10/18/2020,ORL,FL,ASO,ES,Towers with Radar,0,15,56,0,71,0,0,74,0,74,0,15,130,0,145,213,0,213,358
10/19/2020,ORL,FL,ASO,ES,Towers with Radar,0,11,48,0,59,0,1,57,0,58,0,12,105,0,117,222,0,222,339
10/20/2020,ORL,FL,ASO,ES,Towers with Radar,0,11,53,0,64,0,3,98,0,101,0,14,151,0,165,208,0,208,373
10/21/2020,ORL,FL,ASO,ES,Towers with Radar,0,10,86,0,96,0,2,73,0,75,0,12,159,0,171,163,0,163,334
10/22/2020,ORL,FL,ASO,ES,Towers with Radar,0,13,86,0,99,0,2,92,0,94,0,15,178,0,193,199,0,199,392
10/23/2020,ORL,FL,ASO,ES,Towers with Radar,0,21,68,0,89,0,0,82,2,84,0,21,150,2,173,269,0,269,442
10/24/2020,ORL,FL,ASO,ES,Towers with Radar,0,12,39,0,51,0,1,111,0,112,0,13,150,0,163,224,0,224,387
10/25/2020,ORL,FL,ASO,ES,Towers with Radar,0,18,47,0,65,0,0,92,0,92,0,18,139,0,157,231,0,231,388
10/26/2020,ORL,FL,ASO,ES,Towers with Radar,0,25,54,0,79,0,1,84,0,85,0,26,138,0,164,301,0,301,465
10/27/2020,ORL,FL,ASO,ES,Towers with Radar,0,21,75,0,96,0,1,94,0,95,0,22,169,0,191,224,0,224,415
10/28/2020,ORL,FL,ASO,ES,Towers with Radar,0,12,76,0,88,0,0,139,0,139,0,12,215,0,227,186,0,186,413
10/29/2020,ORL,FL,ASO,ES,Towers with Radar,0,16,85,0,101,0,3,69,0,72,0,19,154,0,173,134,0,134,307
10/30/2020,ORL,FL,ASO,ES,Towers with Radar,0,12,62,0,74,0,0,158,0,158,0,12,220,0,232,261,0,261,493
10/31/2020,ORL,FL,ASO,ES,Towers with Radar,0,7,45,0,52,0,0,104,0,104,0,7,149,0,156,178,0,178,334
11/01/2020,ORL,FL,ASO,ES,Towers with Radar,0,15,62,0,77,0,0,51,0,51,0,15,113,0,128,204,0,204,332
11/02/2020,ORL,FL,ASO,ES,Towers with Radar,0,16,54,0,70,0,2,71,0,73,0,18,125,0,143,110,0,110,253
11/03/2020,ORL,FL,ASO,ES,Towers with Radar,0,13,56,4,73,0,1,120,0,121,0,14,176,4,194,349,0,349,543
11/04/2020,ORL,FL,ASO,ES,Towers with Radar,0,15,75,0,90,0,5,130,0,135,0,20,205,0,225,262,0,262,487
11/05/2020,ORL,FL,ASO,ES,Towers with Radar,0,17,87,0,104,0,8,119,0,127,0,25,206,0,231,260,0,260,491
11/06/2020,ORL,FL,ASO,ES,Towers with Radar,0,19,73,0,92,0,2,131,0,133,0,21,204,0,225,245,0,245,470
11/07/2020,ORL,FL,ASO,ES,Towers with Radar,0,8,40,0,48,0,1,68,1,70,0,9,108,1,118,91,0,91,209
11/08/2020,ORL,FL,ASO,ES,Towers with Radar,0,20,62,0,82,0,1,36,0,37,0,21,98,0,119,149,0,149,268
11/09/2020,ORL,FL,ASO,ES,Towers with Radar,0,23,23,0,46,0,0,6,0,6,0,23,29,0,52,0,0,0,52
11/10/2020,ORL,FL,ASO,ES,Towers with Radar,0,21,40,0,61,0,0,32,0,32,0,21,72,0,93,196,0,196,289
11/11/2020,ORL,FL,ASO,ES,Towers with Radar,0,26,46,0,72,0,1,24,0,25,0,27,70,0,97,213,0,213,310
11/12/2020,ORL,FL,ASO,ES,Towers with Radar,0,7,34,1,42,0,0,17,0,17,0,7,51,1,59,27,0,27,86
11/13/2020,ORL,FL,ASO,ES,Towers with Radar,0,15,106,0,121,0,0,46,0,46,0,15,152,0,167,186,0,186,353
11/14/2020,ORL,FL,ASO,ES,Towers with Radar,0,7,63,0,70,0,0,133,0,133,0,7,196,0,203,279,0,279,482
11/15/2020,ORL,FL,ASO,ES,Towers with Radar,0,20,54,1,75,0,0,108,0,108,0,20,162,1,183,256,0,256,439
11/16/2020,ORL,FL,ASO,ES,Towers with Radar,0,18,73,0,91,0,0,113,0,113,0,18,186,0,204,270,0,270,474
11/17/2020,ORL,FL,ASO,ES,Towers with Radar,0,16,67,0,83,0,1,177,0,178,0,17,244,0,261,204,0,204,465
11/18/2020,ORL,FL,ASO,ES,Towers with Radar,0,14,83,2,99,0,0,106,0,106,0,14,189,2,205,127,0,127,332
11/19/2020,ORL,FL,ASO,ES,Towers with Radar,0,17,78,1,96,0,0,131,0,131,0,17,209,1,227,183,0,183,410
11/20/2020,ORL,FL,ASO,ES,Towers with Radar,0,14,90,2,106,0,1,148,0,149,0,15,238,2,255,162,0,162,417
11/21/2020,ORL,FL,ASO,ES,Towers with Radar,0,12,51,0,63,0,0,88,0,88,0,12,139,0,151,190,0,190,341
11/22/2020,ORL,FL,ASO,ES,Towers with Radar,0,12,60,0,72,0,0,16,0,16,0,12,76,0,88,18,0,18,106
11/23/2020,ORL,FL,ASO,ES,Towers with Radar,0,17,93,0,110,0,3,142,0,145,0,20,235,0,255,138,0,138,393
11/24/2020,ORL,FL,ASO,ES,Towers with Radar,0,18,81,0,99,0,0,173,0,173,0,18,254,0,272,231,0,231,503
11/25/2020,ORL,FL,ASO,ES,Towers with Radar,0,16,75,0,91,0,2,156,0,158,0,18,231,0,249,147,0,147,396
11/26/2020,ORL,FL,ASO,ES,Towers with Radar,0,4,14,0,18,0,1,47,0,48,0,5,61,0,66,41,0,41,107
11/27/2020,ORL,FL,ASO,ES,Towers with Radar,0,10,60,0,70,0,0,112,1,113,0,10,172,1,183,177,0,177,360
11/28/2020,ORL,FL,ASO,ES,Towers with Radar,0,12,68,0,80,0,1,126,0,127,0,13,194,0,207,182,0,182,389
11/29/2020,ORL,FL,ASO,ES,Towers with Radar,0,21,104,0,125,0,1,95,0,96,0,22,199,0,221,163,0,163,384
11/30/2020,ORL,FL,ASO,ES,Towers with Radar,0,28,49,0,77,0,1,48,0,49,0,29,97,0,126,222,0,222,348
12/01/2020,ORL,FL,ASO,ES,Towers with Radar,0,26,60,0,86,0,3,130,0,133,0,29,190,0,219,232,0,232,451
12/02/2020,ORL,FL,ASO,ES,Towers with Radar,0,19,77,0,96,0,8,153,0,161,0,27,230,0,257,260,0,260,517
12/03/2020,ORL,FL,ASO,ES,Towers with Radar,0,17,76,0,93,0,1,157,0,158,0,18,233,0,251,224,0,224,475
12/04/2020,ORL,FL,ASO,ES,Towers with Radar,0,19,66,0,85,0,2,136,1,139,0,21,202,1,224,249,0,249,473
12/05/2020,ORL,FL,ASO,ES,Towers with Radar,0,11,58,0,69,0,0,85,1,86,0,11,143,1,155,188,0,188,343
12/06/2020,ORL,FL,ASO,ES,Towers with Radar,0,13,46,0,59,0,0,124,2,126,0,13,170,2,185,289,0,289,474
12/07/2020,ORL,FL,ASO,ES,Towers with Radar,0,9,56,0,65,0,0,48,0,48,0,9,104,0,113,83,0,83,196
12/08/2020,ORL,FL,ASO,ES,Towers with Radar,0,35,61,0,96,0,5,140,1,146,0,40,201,1,242,246,0,246,488
12/09/2020,ORL,FL,ASO,ES,Towers with Radar,0,24,69,0,93,0,4,152,0,156,0,28,221,0,249,258,0,258,507
12/10/2020,ORL,FL,ASO,ES,Towers with Radar,0,26,87,0,113,0,1,134,0,135,0,27,221,0,248,239,0,239,487
12/11/2020,ORL,FL,ASO,ES,Towers with Radar,0,13,81,0,94,0,3,154,0,157,0,16,235,0,251,287,0,287,538
12/12/2020,ORL,FL,ASO,ES,Towers with Radar,0,13,53,0,66,0,0,79,0,79,0,13,132,0,145,245,0,245,390
12/13/2020,ORL,FL,ASO,ES,Towers with Radar,0,13,61,0,74,0,1,89,0,90,0,14,150,0,164,149,0,149,313
12/14/2020,ORL,FL,ASO,ES,Towers with Radar,0,14,60,0,74,0,1,80,2,83,0,15,140,2,157,310,0,310,467
12/15/2020,ORL,FL,ASO,ES,Towers with Radar,0,18,65,0,83,0,2,114,0,116,0,20,179,0,199,284,0,284,483
12/16/2020,ORL,FL,ASO,ES,Towers with Radar,0,17,61,0,78,0,0,61,0,61,0,17,122,0,139,177,0,177,316
12/17/2020,ORL,FL,ASO,ES,Towers with Radar,0,21,113,0,134,0,2,73,0,75,0,23,186,0,209,59,0,59,268
12/18/2020,ORL,FL,ASO,ES,Towers with Radar,0,16,71,0,87,0,0,162,0,162,0,16,233,0,249,254,0,254,503
12/19/2020,ORL,FL,ASO,ES,Towers with Radar,0,12,77,0,89,0,0,117,0,117,0,12,194,0,206,156,0,156,362
12/20/2020,ORL,FL,ASO,ES,Towers with Radar,0,11,52,0,63,0,0,85,0,85,0,11,137,0,148,197,0,197,345
12/21/2020,ORL,FL,ASO,ES,Towers with Radar,0,15,71,0,86,0,0,118,0,118,0,15,189,0,204,155,0,155,359
12/22/2020,ORL,FL,ASO,ES,Towers with Radar,0,19,64,0,83,0,0,164,0,164,0,19,228,0,247,165,0,165,412
12/23/2020,ORL,FL,ASO,ES,Towers with Radar,0,26,60,0,86,0,0,119,0,119,0,26,179,0,205,219,0,219,424
12/24/2020,ORL,FL,ASO,ES,Towers with Radar,0,8,24,0,32,0,3,40,0,43,0,11,64,0,75,43,0,43,118
12/25/2020,ORL,FL,ASO,ES,Towers with Radar,0,8,8,0,16,0,0,31,0,31,0,8,39,0,47,13,0,13,60
12/26/2020,ORL,FL,ASO,ES,Towers with Radar,0,12,58,0,70,0,0,122,0,122,0,12,180,0,192,153,0,153,345
12/27/2020,ORL,FL,ASO,ES,Towers with Radar,0,18,62,0,80,0,0,81,0,81,0,18,143,0,161,62,0,62,223
12/28/2020,ORL,FL,ASO,ES,Towers with Radar,0,22,79,0,101,0,4,133,0,137,0,26,212,0,238,103,0,103,341
12/29/2020,ORL,FL,ASO,ES,Towers with Radar,0,23,58,0,81,0,1,150,0,151,0,24,208,0,232,88,0,88,320
12/30/2020,ORL,FL,ASO,ES,Towers with Radar,0,18,48,0,66,0,1,131,0,132,0,19,179,0,198,150,0,150,348
12/31/2020,ORL,FL,ASO,ES,Towers with Radar,0,20,44,0,64,0,1,101,0,102,0,21,145,0,166,84,0,84,250
01/01/2021,ORL,FL,ASO,ES,Towers with Radar,0,18,27,0,45,0,0,41,0,41,0,18,68,0,86,8,0,8,94
01/02/2021,ORL,FL,ASO,ES,Towers with Radar,0,24,45,0,69,0,0,39,0,39,0,24,84,0,108,63,0,63,171
01/03/2021,ORL,FL,ASO,ES,Towers with Radar,0,20,70,0,90,0,0,21,0,21,0,20,91,0,111,26,0,26,137
01/04/2021,ORL,FL,ASO,ES,Towers with Radar,0,6,49,0,55,0,0,107,0,107,0,6,156,0,162,180,0,180,342
01/05/2021,ORL,FL,ASO,ES,Towers with Radar,0,6,50,0,56,0,2,118,0,120,0,8,168,0,176,237,0,237,413
01/06/2021,ORL,FL,ASO,ES,Towers with Radar,0,23,56,0,79,0,2,121,0,123,0,25,177,0,202,380,0,380,582
01/07/2021,ORL,FL,ASO,ES,Towers with Radar,0,17,67,0,84,0,2,106,0,108,0,19,173,0,192,167,0,167,359
01/08/2021,ORL,FL,ASO,ES,Towers with Radar,0,8,45,0,53,0,0,80,0,80,0,8,125,0,133,92,0,92,225
01/09/2021,ORL,FL,ASO,ES,Towers with Radar,0,7,46,0,53,0,0,107,0,107,0,7,153,0,160,199,0,199,359
01/10/2021,ORL,FL,ASO,ES,Towers with Radar,0,11,50,1,62,0,1,111,0,112,0,12,161,1,174,244,0,244,418
01/11/2021,ORL,FL,ASO,ES,Towers with Radar,0,11,45,0,56,0,1,90,0,91,0,12,135,0,147,266,0,266,413
01/12/2021,ORL,FL,ASO,ES,Towers with Radar,0,11,66,0,77,0,0,63,0,63,0,11,129,0,140,177,0,177,317
01/13/2021,ORL,FL,ASO,ES,Towers with Radar,0,13,76,0,89,0,5,75,0,80,0,18,151,0,169,248,0,248,417
01/14/2021,ORL,FL,ASO,ES,Towers with Radar,0,21,84,0,105,0,2,131,0,133,0,23,215,0,238,237,0,237,475
01/15/2021,ORL,FL,ASO,ES,Towers with Radar,0,10,74,1,85,0,2,153,0,155,0,12,227,1,240,195,0,195,435
01/16/2021,ORL,FL,ASO,ES,Towers with Radar,0,4,43,0,47,0,0,133,0,133,0,4,176,0,180,128,0,128,308
01/17/2021,ORL,FL,ASO,ES,Towers with Radar,0,14,46,0,60,0,0,143,0,143,0,14,189,0,203,259,0,259,462
01/18/2021,ORL,FL,ASO,ES,Towers with Radar,0,27,59,0,86,0,2,164,0,166,0,29,223,0,252,231,0,231,483
01/19/2021,ORL,FL,ASO,ES,Towers with Radar,0,15,56,0,71,0,1,153,0,154,0,16,209,0,225,289,0,289,514
01/20/2021,ORL,FL,ASO,ES,Towers with Radar,0,20,65,0,85,0,4,144,0,148,0,24,209,0,233,213,0,213,446
01/21/2021,ORL,FL,ASO,ES,Towers with Radar,0,12,58,0,70,0,0,141,1,142,0,12,199,1,212,219,0,219,431
01/22/2021,ORL,FL,ASO,ES,Towers with Radar,0,7,67,0,74,0,2,143,0,145,0,9,210,0,219,297,0,297,516
01/23/2021,ORL,FL,ASO,ES,Towers with Radar,0,6,61,0,67,0,0,3,0,3,0,6,64,0,70,0,0,0,70
01/24/2021,ORL,FL,ASO,ES,Towers with Radar,0,9,52,1,62,0,0,97,0,97,0,9,149,1,159,269,0,269,428
01/25/2021,ORL,FL,ASO,ES,Towers with Radar,0,14,61,1,76,0,0,80,0,80,0,14,141,1,156,146,0,146,302
01/26/2021,ORL,FL,ASO,ES,Towers with Radar,0,4,57,0,61,0,1,70,0,71,0,5,127,0,132,162,0,162,294
01/27/2021,ORL,FL,ASO,ES,Towers with Radar,0,18,75,0,93,0,0,90,0,90,0,18,165,0,183,107,0,107,290
01/28/2021,ORL,FL,ASO,ES,Towers with Radar,0,12,65,0,77,0,5,100,0,105,0,17,165,0,182,136,0,136,318
01/29/2021,ORL,FL,ASO,ES,Towers with Radar,0,16,83,0,99,0,0,171,0,171,0,16,254,0,270,190,0,190,460
01/30/2021,ORL,FL,ASO,ES,Towers with Radar,0,9,52,0,61,0,4,152,0,156,0,13,204,0,217,256,0,256,473
01/31/2021,ORL,FL,ASO,ES,Towers with Radar,0,15,61,0,76,0,1,110,0,111,0,16,171,0,187,118,0,118,305
02/01/2021,ORL,FL,ASO,ES,Towers with Radar,0,19,36,0,55,0,0,34,0,34,0,19,70,0,89,144,0,144,233
02/02/2021,ORL,FL,ASO,ES,Towers with Radar,0,10,29,1,40,0,1,71,0,72,0,11,100,1,112,96,0,96,208
02/03/2021,ORL,FL,ASO,ES,Towers with Radar,0,24,76,0,100,0,5,159,0,164,0,29,235,0,264,217,0,217,481
02/04/2021,ORL,FL,ASO,ES,Towers with Radar,0,15,69,0,84,0,0,171,0,171,0,15,240,0,255,254,0,254,509
02/05/2021,ORL,FL,ASO,ES,Towers with Radar,0,14,72,0,86,0,1,136,1,138,0,15,208,1,224,145,0,145,369
02/06/2021,ORL,FL,ASO,ES,Towers with Radar,1,11,52,0,64,0,0,19,0,19,1,11,71,0,83,223,0,223,306
02/07/2021,ORL,FL,ASO,ES,Towers with Radar,0,17,56,0,73,0,0,34,0,34,0,17,90,0,107,158,0,158,265
02/08/2021,ORL,FL,ASO,ES,Towers with Radar,0,23,85,0,108,0,4,38,0,42,0,27,123,0,150,162,0,162,312
02/09/2021,ORL,FL,ASO,ES,Towers with Radar,0,17,85,0,102,0,0,103,0,103,0,17,188,0,205,224,0,224,429
02/10/2021,ORL,FL,ASO,ES,Towers with Radar,0,22,75,0,97,0,1,134,0,135,0,23,209,0,232,189,0,189,421
02/11/2021,ORL,FL,ASO,ES,Towers with Radar,0,23,92,0,115,0,3,170,0,173,0,26,262,0,288,194,0,194,482
02/12/2021,ORL,FL,ASO,ES,Towers with Radar,0,22,68,0,90,0,0,111,0,111,0,22,179,0,201,231,0,231,432
02/13/2021,ORL,FL,ASO,ES,Towers with Radar,0,13,33,0,46,0,1,33,0,34,0,14,66,0,80,108,0,108,188
02/14/2021,ORL,FL,ASO,ES,Towers with Radar,0,21,51,0,72,0,1,36,0,37,0,22,87,0,109,88,0,88,197
02/15/2021,ORL,FL,ASO,ES,Towers with Radar,0,16,65,0,81,0,0,44,0,44,0,16,109,0,125,30,0,30,155
02/16/2021,ORL,FL,ASO,ES,Towers with Radar,0,13,69,0,82,0,2,92,0,94,0,15,161,0,176,162,0,162,338
02/17/2021,ORL,FL,ASO,ES,Towers with Radar,0,31,103,0,134,0,0,72,0,72,0,31,175,0,206,277,0,277,483
02/18/2021,ORL,FL,ASO,ES,Towers with Radar,0,14,65,0,79,0,4,133,0,137,0,18,198,0,216,104,0,104,320
02/19/2021,ORL,FL,ASO,ES,Towers with Radar,0,10,74,0,84,0,0,7,0,7,0,10,81,0,91,65,0,65,156
02/20/2021,ORL,FL,ASO,ES,Towers with Radar,0,10,79,0,89,0,0,156,0,156,0,10,235,0,245,241,0,241,486
02/21/2021,ORL,FL,ASO,ES,Towers with Radar,0,18,56,0,74,0,0,97,0,97,0,18,153,0,171,85,0,85,256
02/22/2021,ORL,FL,ASO,ES,Towers with Radar,0,15,66,0,81,0,2,115,0,117,0,17,181,0,198,200,0,200,398
02/23/2021,ORL,FL,ASO,ES,Towers with Radar,0,21,71,0,92,0,0,136,0,136,0,21,207,0,228,197,0,197,425
02/24/2021,ORL,FL,ASO,ES,Towers with Radar,0,15,80,0,95,0,2,172,0,174,0,17,252,0,269,205,0,205,474
02/25/2021,ORL,FL,ASO,ES,Towers with Radar,0,21,53,0,74,0,4,188,0,192,0,25,241,0,266,199,0,199,465
02/26/2021,ORL,FL,ASO,ES,Towers with Radar,0,9,85,0,94,0,2,191,0,193,0,11,276,0,287,182,0,182,469
02/27/2021,ORL,FL,ASO,ES,Towers with Radar,0,17,50,0,67,0,1,142,0,143,0,18,192,0,210,139,0,139,349
02/28/2021,ORL,FL,ASO,ES,Towers with Radar,0,17,71,0,88,0,0,131,0,131,0,17,202,0,219,157,0,157,376
03/01/2021,ORL,FL,ASO,ES,Towers with Radar,0,27,70,0,97,0,1,107,0,108,0,28,177,0,205,227,0,227,432
03/02/2021,ORL,FL,ASO,ES,Towers with Radar,0,19,87,0,106,0,0,83,0,83,0,19,170,0,189,254,0,254,443
03/03/2021,ORL,FL,ASO,ES,Towers with Radar,0,19,96,1,116,0,1,88,0,89,0,20,184,1,205,104,0,104,309
03/04/2021,ORL,FL,ASO,ES,Towers with Radar,0,16,85,1,102,0,3,142,1,146,0,19,227,2,248,213,0,213,461
03/05/2021,ORL,FL,ASO,ES,Towers with Radar,0,17,66,0,83,0,0,178,0,178,0,17,244,0,261,259,0,259,520
03/06/2021,ORL,FL,ASO,ES,Towers with Radar,0,6,37,0,43,0,1,51,0,52,0,7,88,0,95,191,0,191,286
03/07/2021,ORL,FL,ASO,ES,Towers with Radar,0,30,63,0,93,0,1,91,0,92,0,31,154,0,185,70,0,70,255
03/08/2021,ORL,FL,ASO,ES,Towers with Radar,0,22,73,1,96,0,3,99,1,103,0,25,172,2,199,302,0,302,501
03/09/2021,ORL,FL,ASO,ES,Towers with Radar,0,16,76,0,92,0,0,188,0,188,0,16,264,0,280,200,0,200,480
03/10/2021,ORL,FL,ASO,ES,Towers with Radar,0,27,87,0,114,0,0,146,0,146,0,27,233,0,260,238,0,238,498
03/11/2021,ORL,FL,ASO,ES,Towers with Radar,0,12,112,0,124,0,0,184,2,186,0,12,296,2,310,284,0,284,594
03/12/2021,ORL,FL,ASO,ES,Towers with Radar,0,23,76,0,99,0,5,168,0,173,0,28,244,0,272,282,0,282,554
03/13/2021,ORL,FL,ASO,ES,Towers with Radar,0,12,66,0,78,0,2,148,0,150,0,14,214,0,228,261,0,261,489
03/14/2021,ORL,FL,ASO,ES,Towers with Radar,0,22,83,0,105,0,1,146,0,147,0,23,229,0,252,277,0,277,529
03/15/2021,ORL,FL,ASO,ES,Towers with Radar,0,15,82,0,97,0,1,157,0,158,0,16,239,0,255,213,0,213,468
03/16/2021,ORL,FL,ASO,ES,Towers with Radar,0,5,75,2,82,0,4,108,0,112,0,9,183,2,194,173,0,173,367
03/17/2021,ORL,FL,ASO,ES,Towers with Radar,0,16,78,0,94,0,0,133,0,133,0,16,211,0,227,87,0,87,314
03/18/2021,ORL,FL,ASO,ES,Towers with Radar,0,14,74,0,88,0,0,37,0,37,0,14,111,0,125,91,0,91,216
03/19/2021,ORL,FL,ASO,ES,Towers with Radar,0,17,81,0,98,0,0,169,0,169,0,17,250,0,267,181,0,181,448
03/20/2021,ORL,FL,ASO,ES,Towers with Radar,0,13,69,0,82,0,0,33,0,33,0,13,102,0,115,77,0,77,192
03/21/2021,ORL,FL,ASO,ES,Towers with Radar,0,26,101,0,127,0,0,4,0,4,0,26,105,0,131,16,0,16,147
03/22/2021,ORL,FL,ASO,ES,Towers with Radar,0,16,101,0,117,0,0,20,0,20,0,16,121,0,137,123,0,123,260
03/23/2021,ORL,FL,ASO,ES,Towers with Radar,0,9,85,0,94,0,1,162,0,163,0,10,247,0,257,347,0,347,604
03/24/2021,ORL,FL,ASO,ES,Towers with Radar,0,29,87,0,116,0,2,188,0,190,0,31,275,0,306,221,0,221,527
03/25/2021,ORL,FL,ASO,ES,Towers with Radar,0,21,88,0,109,0,2,119,0,121,0,23,207,0,230,142,0,142,372
03/26/2021,ORL,FL,ASO,ES,Towers with Radar,0,16,105,0,121,0,3,117,0,120,0,19,222,0,241,167,0,167,408
03/27/2021,ORL,FL,ASO,ES,Towers with Radar,0,21,58,0,79,0,0,140,0,140,0,21,198,0,219,242,0,242,461
03/28/2021,ORL,FL,ASO,ES,Towers with Radar,0,19,63,0,82,0,0,67,0,67,0,19,130,0,149,139,0,139,288
03/29/2021,ORL,FL,ASO,ES,Towers with Radar,0,13,71,0,84,0,2,85,0,87,0,15,156,0,171,262,0,262,433
03/30/2021,ORL,FL,ASO,ES,Towers with Radar,0,15,60,0,75,0,1,110,0,111,0,16,170,0,186,225,0,225,411
03/31/2021,ORL,FL,ASO,ES,Towers with Radar,0,17,81,0,98,0,0,119,0,119,0,17,200,0,217,258,0,258,475
04/01/2021,ORL,FL,ASO,ES,Towers with Radar,0,23,95,0,118,0,4,67,0,71,0,27,162,0,189,149,0,149,338
04/02/2021,ORL,FL,ASO,ES,Towers with Radar,0,26,59,0,85,0,2,81,0,83,0,28,140,0,168,100,0,100,268
04/03/2021,ORL,FL,ASO,ES,Towers with Radar,0,16,53,0,69,0,1,114,1,116,0,17,167,1,185,140,0,140,325
04/04/2021,ORL,FL,ASO,ES,Towers with Radar,0,9,48,0,57,0,0,96,0,96,0,9,144,0,153,228,0,228,381
04/05/2021,ORL,FL,ASO,ES,Towers with Radar,0,32,76,0,108,0,0,151,0,151,0,32,227,0,259,339,0,339,598
04/06/2021,ORL,FL,ASO,ES,Towers with Radar,1,11,75,0,87,0,1,124,0,125,1,12,199,0,212,275,0,275,487
04/07/2021,ORL,FL,ASO,ES,Towers with Radar,0,16,109,0,125,0,1,165,0,166,0,17,274,0,291,332,0,332,623
04/08/2021,ORL,FL,ASO,ES,Towers with Radar,0,24,80,0,104,0,1,151,0,152,0,25,231,0,256,212,0,212,468
04/09/2021,ORL,FL,ASO,ES,Towers with Radar,0,13,52,0,65,0,3,145,0,148,0,16,197,0,213,285,0,285,498
04/10/2021,ORL,FL,ASO,ES,Towers with Radar,0,14,45,0,59,0,0,81,0,81,0,14,126,0,140,44,0,44,184
04/11/2021,ORL,FL,ASO,ES,Towers with Radar,0,12,44,0,56,0,0,16,0,16,0,12,60,0,72,59,0,59,131
04/12/2021,ORL,FL,ASO,ES,Towers with Radar,0,22,76,0,98,0,1,115,0,116,0,23,191,0,214,242,0,242,456
04/13/2021,ORL,FL,ASO,ES,Towers with Radar,0,14,54,0,68,0,0,182,0,182,0,14,236,0,250,276,0,276,526
04/14/2021,ORL,FL,ASO,ES,Towers with Radar,0,20,60,0,80,0,1,128,0,129,0,21,188,0,209,299,0,299,508
04/15/2021,ORL,FL,ASO,ES,Towers with Radar,0,30,79,0,109,0,0,130,0,130,0,30,209,0,239,212,0,212,451
04/16/2021,ORL,FL,ASO,ES,Towers with Radar,0,20,82,0,102,0,0,88,0,88,0,20,170,0,190,226,0,226,416
04/17/2021,ORL,FL,ASO,ES,Towers with Radar,0,9,49,0,58,0,0,56,0,56,0,9,105,0,114,106,0,106,220
04/18/2021,ORL,FL,ASO,ES,Towers with Radar,0,10,84,0,94,0,2,16,0,18,0,12,100,0,112,44,0,44,156
04/19/2021,ORL,FL,ASO,ES,Towers with Radar,0,17,72,0,89,0,0,20,0,20,0,17,92,0,109,55,0,55,164
04/20/2021,ORL,FL,ASO,ES,Towers with Radar,0,22,90,0,112,0,0,7,0,7,0,22,97,0,119,4,0,4,123
04/21/2021,ORL,FL,ASO,ES,Towers with Radar,0,12,116,0,128,0,0,162,2,164,0,12,278,2,292,194,0,194,486
04/22/2021,ORL,FL,ASO,ES,Towers with Radar,0,13,92,0,105,0,1,205,1,207,0,14,297,1,312,291,0,291,603
04/23/2021,ORL,FL,ASO,ES,Towers with Radar,0,13,89,0,102,0,1,154,0,155,0,14,243,0,257,226,0,226,483
04/24/2021,ORL,FL,ASO,ES,Towers with Radar,0,15,36,0,51,0,0,89,0,89,0,15,125,0,140,51,0,51,191
04/25/2021,ORL,FL,ASO,ES,Towers with Radar,0,19,70,0,89,0,0,62,0,62,0,19,132,0,151,107,0,107,258
04/26/2021,ORL,FL,ASO,ES,Towers with Radar,0,21,92,0,113,0,6,163,0,169,0,27,255,0,282,263,0,263,545
04/27/2021,ORL,FL,ASO,ES,Towers with Radar,0,28,74,0,102,0,0,174,0,174,0,28,248,0,276,314,0,314,590
04/28/2021,ORL,FL,ASO,ES,Towers with Radar,0,34,85,0,119,0,2,200,0,202,0,36,285,0,321,225,0,225,546
04/29/2021,ORL,FL,ASO,ES,Towers with Radar,0,20,98,2,120,0,0,155,0,155,0,20,253,2,275,189,0,189,464
04/30/2021,ORL,FL,ASO,ES,Towers with Radar,0,28,65,0,93,0,3,125,0,128,0,31,190,0,221,257,0,257,478
05/01/2021,ORL,FL,ASO,ES,Towers with Radar,0,11,52,0,63,0,0,123,0,123,0,11,175,0,186,164,0,164,350
05/02/2021,ORL,FL,ASO,ES,Towers with Radar,0,32,75,0,107,0,0,83,0,83,0,32,158,0,190,135,0,135,325
05/03/2021,ORL,FL,ASO,ES,Towers with Radar,0,12,86,0,98,0,6,122,0,128,0,18,208,0,226,246,0,246,472
05/04/2021,ORL,FL,ASO,ES,Towers with Radar,0,15,82,2,99,0,0,146,2,148,0,15,228,4,247,253,0,253,500
05/05/2021,ORL,FL,ASO,ES,Towers with Radar,0,21,67,2,90,0,0,115,0,115,0,21,182,2,205,246,0,246,451
05/06/2021,ORL,FL,ASO,ES,Towers with Radar,0,23,102,0,125,0,1,95,0,96,0,24,197,0,221,146,0,146,367
05/07/2021,ORL,FL,ASO,ES,Towers with Radar,0,14,87,0,101,0,0,176,0,176,0,14,263,0,277,251,0,251,528
05/08/2021,ORL,FL,ASO,ES,Towers with Radar,0,22,45,0,67,0,0,126,0,126,0,22,171,0,193,220,0,220,413
05/09/2021,ORL,FL,ASO,ES,Towers with Radar,0,15,58,0,73,0,0,87,2,89,0,15,145,2,162,40,0,40,202
05/10/2021,ORL,FL,ASO,ES,Towers with Radar,0,17,86,0,103,0,0,130,0,130,0,17,216,0,233,284,0,284,517
05/11/2021,ORL,FL,ASO,ES,Towers with Radar,0,15,77,0,92,0,0,104,0,104,0,15,181,0,196,239,0,239,435
05/12/2021,ORL,FL,ASO,ES,Towers with Radar,0,22,97,0,119,0,0,115,0,115,0,22,212,0,234,161,0,161,395
05/13/2021,ORL,FL,ASO,ES,Towers with Radar,0,13,113,0,126,0,0,28,0,28,0,13,141,0,154,120,0,120,274
05/14/2021,ORL,FL,ASO,ES,Towers with Radar,0,19,79,0,98,0,1,159,0,160,0,20,238,0,258,153,0,153,411
05/15/2021,ORL,FL,ASO,ES,Towers with Radar,0,19,52,0,71,0,0,141,0,141,0,19,193,0,212,209,0,209,421
05/16/2021,ORL,FL,ASO,ES,Towers with Radar,0,20,64,0,84,0,6,108,0,114,0,26,172,0,198,175,0,175,373
05/17/2021,ORL,FL,ASO,ES,Towers with Radar,0,25,69,0,94,0,1,115,0,116,0,26,184,0,210,161,0,161,371
05/18/2021,ORL,FL,ASO,ES,Towers with Radar,0,37,83,0,120,0,0,131,0,131,0,37,214,0,251,217,0,217,468
05/19/2021,ORL,FL,ASO,ES,Towers with Radar,0,15,62,0,77,0,0,95,0,95,0,15,157,0,172,144,0,144,316
05/20/2021,ORL,FL,ASO,ES,Towers with Radar,0,14,82,0,96,0,1,79,0,80,0,15,161,0,176,170,0,170,346
05/21/2021,ORL,FL,ASO,ES,Towers with Radar,0,18,88,0,106,0,1,112,0,113,0,19,200,0,219,207,0,207,426
05/22/2021,ORL,FL,ASO,ES,Towers with Radar,0,17,37,0,54,0,0,129,0,129,0,17,166,0,183,207,0,207,390
05/23/2021,ORL,FL,ASO,ES,Towers with Radar,0,23,72,0,95,0,2,123,1,126,0,25,195,1,221,191,0,191,412
05/24/2021,ORL,FL,ASO,ES,Towers with Radar,0,16,60,0,76,0,3,148,1,152,0,19,208,1,228,254,0,254,482
05/25/2021,ORL,FL,ASO,ES,Towers with Radar,0,26,71,0,97,0,0,159,0,159,0,26,230,0,256,271,0,271,527
05/26/2021,ORL,FL,ASO,ES,Towers with Radar,0,29,79,0,108,0,1,166,0,167,0,30,245,0,275,249,0,249,524
05/27/2021,ORL,FL,ASO,ES,Towers with Radar,0,25,86,0,111,0,0,181,0,181,0,25,267,0,292,241,0,241,533
05/28/2021,ORL,FL,ASO,ES,Towers with Radar,0,17,91,0,108,0,2,147,0,149,0,19,238,0,257,278,0,278,535
05/29/2021,ORL,FL,ASO,ES,Towers with Radar,0,14,39,0,53,0,0,107,0,107,0,14,146,0,160,209,0,209,369
05/30/2021,ORL,FL,ASO,ES,Towers with Radar,0,19,39,0,58,0,0,58,0,58,0,19,97,0,116,167,0,167,283
05/31/2021,ORL,FL,ASO,ES,Towers with Radar,0,16,68,0,84,0,0,95,0,95,0,16,163,0,179,157,0,157,336
06/01/2021,ORL,FL,ASO,ES,Towers with Radar,0,23,81,0,104,0,0,116,0,116,0,23,197,0,220,261,0,261,481
06/02/2021,ORL,FL,ASO,ES,Towers with Radar,0,18,81,0,99,0,5,114,0,119,0,23,195,0,218,256,0,256,474
06/03/2021,ORL,FL,ASO,ES,Towers with Radar,0,27,75,0,102,0,0,61,0,61,0,27,136,0,163,101,0,101,264
06/04/2021,ORL,FL,ASO,ES,Towers with Radar,0,28,84,0,112,0,1,57,0,58,0,29,141,0,170,204,0,204,374
06/05/2021,ORL,FL,ASO,ES,Towers with Radar,0,15,51,0,66,0,0,89,0,89,0,15,140,0,155,238,0,238,393
06/06/2021,ORL,FL,ASO,ES,Towers with Radar,0,19,70,0,89,0,0,102,0,102,0,19,172,0,191,181,0,181,372
06/07/2021,ORL,FL,ASO,ES,Towers with Radar,0,11,39,0,50,0,0,98,0,98,0,11,137,0,148,178,0,178,326
06/08/2021,ORL,FL,ASO,ES,Towers with Radar,0,25,61,1,87,0,2,164,0,166,0,27,225,1,253,158,0,158,411
06/09/2021,ORL,FL,ASO,ES,Towers with Radar,0,22,94,0,116,0,1,161,0,162,0,23,255,0,278,259,0,259,537
06/10/2021,ORL,FL,ASO,ES,Towers with Radar,0,6,82,0,88,0,0,178,0,178,0,6,260,0,266,241,0,241,507
06/11/2021,ORL,FL,ASO,ES,Towers with Radar,0,18,69,0,87,0,0,125,0,125,0,18,194,0,212,246,0,246,458
06/12/2021,ORL,FL,ASO,ES,Towers with Radar,0,28,43,0,71,0,0,114,0,114,0,28,157,0,185,184,0,184,369
06/13/2021,ORL,FL,ASO,ES,Towers with Radar,0,12,66,0,78,0,1,47,0,48,0,13,113,0,126,141,0,141,267
06/14/2021,ORL,FL,ASO,ES,Towers with Radar,0,28,69,0,97,0,1,74,0,75,0,29,143,0,172,163,0,163,335
06/15/2021,ORL,FL,ASO,ES,Towers with Radar,0,14,53,0,67,0,0,59,0,59,0,14,112,0,126,58,0,58,184
06/16/2021,ORL,FL,ASO,ES,Towers with Radar,0,12,67,0,79,0,4,99,0,103,0,16,166,0,182,219,0,219,401
06/17/2021,ORL,FL,ASO,ES,Towers with Radar,0,26,78,0,104,0,2,139,0,141,0,28,217,0,245,216,0,216,461
06/18/2021,ORL,FL,ASO,ES,Towers with Radar,0,17,76,4,97,0,1,148,0,149,0,18,224,4,246,169,0,169,415
06/19/2021,ORL,FL,ASO,ES,Towers with Radar,0,7,62,0,69,0,1,125,0,126,0,8,187,0,195,164,0,164,359
06/20/2021,ORL,FL,ASO,ES,Towers with Radar,0,15,44,0,59,0,0,73,0,73,0,15,117,0,132,158,0,158,290
06/21/2021,ORL,FL,ASO,ES,Towers with Radar,0,14,66,0,80,0,0,109,0,109,0,14,175,0,189,161,0,161,350
06/22/2021,ORL,FL,ASO,ES,Towers with Radar,0,22,75,0,97,0,1,77,0,78,0,23,152,0,175,199,0,199,374
06/23/2021,ORL,FL,ASO,ES,Towers with Radar,0,18,73,0,91,0,0,107,0,107,0,18,180,0,198,296,0,296,494
06/24/2021,ORL,FL,ASO,ES,Towers with Radar,0,31,97,0,128,0,0,68,0,68,0,31,165,0,196,215,0,215,411
06/25/2021,ORL,FL,ASO,ES,Towers with Radar,0,21,88,0,109,0,0,63,0,63,0,21,151,0,172,278,0,278,450
06/26/2021,ORL,FL,ASO,ES,Towers with Radar,0,14,55,0,69,0,0,69,0,69,0,14,124,0,138,134,0,134,272
06/27/2021,ORL,FL,ASO,ES,Towers with Radar,0,19,68,0,87,0,0,138,0,138,0,19,206,0,225,269,0,269,494
06/28/2021,ORL,FL,ASO,ES,Towers with Radar,0,21,61,0,82,0,3,173,0,176,0,24,234,0,258,385,0,385,643
06/29/2021,ORL,FL,ASO,ES,Towers with Radar,0,14,59,0,73,0,1,74,0,75,0,15,133,0,148,210,0,210,358
06/30/2021,ORL,FL,ASO,ES,Towers with Radar,0,27,64,0,91,0,0,73,0,73,0,27,137,0,164,220,0,220,384
07/01/2021,ORL,FL,ASO,ES,Towers with Radar,0,18,70,0,88,0,0,52,0,52,0,18,122,0,140,208,0,208,348
07/02/2021,ORL,FL,ASO,ES,Towers with Radar,0,15,89,0,104,0,0,50,0,50,0,15,139,0,154,160,0,160,314
07/03/2021,ORL,FL,ASO,ES,Towers with Radar,0,5,44,0,49,0,0,11,0,11,0,5,55,0,60,62,0,62,122
07/04/2021,ORL,FL,ASO,ES,Towers with Radar,0,11,36,0,47,0,0,24,0,24,0,11,60,0,71,98,0,98,169
07/05/2021,ORL,FL,ASO,ES,Towers with Radar,0,18,58,0,76,0,0,106,0,106,0,18,164,0,182,218,0,218,400
07/06/2021,ORL,FL,ASO,ES,Towers with Radar,0,21,38,0,59,0,1,30,0,31,0,22,68,0,90,204,0,204,294
07/07/2021,ORL,FL,ASO,ES,Towers with Radar,0,15,22,0,37,0,0,11,0,11,0,15,33,0,48,47,0,47,95
07/08/2021,ORL,FL,ASO,ES,Towers with Radar,0,18,70,0,88,0,0,57,0,57,0,18,127,0,145,183,0,183,328
07/09/2021,ORL,FL,ASO,ES,Towers with Radar,0,21,88,2,111,0,2,170,0,172,0,23,258,2,283,94,0,94,377
07/10/2021,ORL,FL,ASO,ES,Towers with Radar,0,10,64,0,74,0,0,121,0,121,0,10,185,0,195,259,0,259,454
07/11/2021,ORL,FL,ASO,ES,Towers with Radar,0,21,48,0,69,0,0,105,0,105,0,21,153,0,174,234,0,234,408
07/12/2021,ORL,FL,ASO,ES,Towers with Radar,1,26,55,0,82,0,0,99,0,99,1,26,154,0,181,89,0,89,270
07/13/2021,ORL,FL,ASO,ES,Towers with Radar,0,20,63,0,83,0,0,143,0,143,0,20,206,0,226,198,0,198,424
07/14/2021,ORL,FL,ASO,ES,Towers with Radar,0,22,87,0,109,0,0,93,0,93,0,22,180,0,202,192,0,192,394
07/15/2021,ORL,FL,ASO,ES,Towers with Radar,0,25,96,0,121,0,5,142,0,147,0,30,238,0,268,282,0,282,550
07/16/2021,ORL,FL,ASO,ES,Towers with Radar,0,17,70,0,87,0,2,170,0,172,0,19,240,0,259,220,0,220,479
07/17/2021,ORL,FL,ASO,ES,Towers with Radar,0,20,59,0,79,0,0,98,0,98,0,20,157,0,177,196,0,196,373
07/18/2021,ORL,FL,ASO,ES,Towers with Radar,0,14,54,0,68,0,0,104,0,104,0,14,158,0,172,107,0,107,279
07/19/2021,ORL,FL,ASO,ES,Towers with Radar,0,15,76,0,91,0,0,76,0,76,0,15,152,0,167,128,0,128,295
07/20/2021,ORL,FL,ASO,ES,Towers with Radar,0,11,64,0,75,0,0,121,0,121,0,11,185,0,196,312,0,312,508
07/21/2021,ORL,FL,ASO,ES,Towers with Radar,0,16,83,0,99,0,0,131,0,131,0,16,214,0,230,439,0,439,669
07/22/2021,ORL,FL,ASO,ES,Towers with Radar,0,23,72,0,95,0,0,118,0,118,0,23,190,0,213,389,0,389,602
07/23/2021,ORL,FL,ASO,ES,Towers with Radar,0,14,62,0,76,0,0,87,0,87,0,14,149,0,163,137,0,137,300
07/24/2021,ORL,FL,ASO,ES,Towers with Radar,0,18,62,0,80,0,2,58,0,60,0,20,120,0,140,90,0,90,230
07/25/2021,ORL,FL,ASO,ES,Towers with Radar,0,11,58,1,70,0,2,101,0,103,0,13,159,1,173,158,0,158,331
07/26/2021,ORL,FL,ASO,ES,Towers with Radar,0,19,67,0,86,0,3,96,0,99,0,22,163,0,185,208,0,208,393
07/27/2021,ORL,FL,ASO,ES,Towers with Radar,0,9,47,0,56,0,0,88,0,88,0,9,135,0,144,206,0,206,350
07/28/2021,ORL,FL,ASO,ES,Towers with Radar,0,21,58,2,81,0,0,104,0,104,0,21,162,2,185,256,0,256,441
07/29/2021,ORL,FL,ASO,ES,Towers with Radar,0,18,84,2,104,0,0,115,0,115,0,18,199,2,219,179,0,179,398
07/30/2021,ORL,FL,ASO,ES,Towers with Radar,0,15,70,0,85,0,0,118,0,118,0,15,188,0,203,166,0,166,369
07/31/2021,ORL,FL,ASO,ES,Towers with Radar,0,18,52,0,70,0,2,107,0,109,0,20,159,0,179,184,0,184,363
08/01/2021,ORL,FL,ASO,ES,Towers with Radar,0,14,44,0,58,0,0,80,0,80,0,14,124,0,138,221,0,221,359
08/02/2021,ORL,FL,ASO,ES,Towers with Radar,0,28,44,0,72,0,0,93,0,93,0,28,137,0,165,177,0,177,342
08/03/2021,ORL,FL,ASO,ES,Towers with Radar,0,23,61,0,84,0,0,65,0,65,0,23,126,0,149,166,0,166,315
08/04/2021,ORL,FL,ASO,ES,Towers with Radar,0,26,76,0,102,0,0,31,0,31,0,26,107,0,133,75,0,75,208
08/05/2021,ORL,FL,ASO,ES,Towers with Radar,0,22,60,0,82,0,0,117,1,118,0,22,177,1,200,201,0,201,401
08/06/2021,ORL,FL,ASO,ES,Towers with Radar,0,14,59,0,73,0,0,97,0,97,0,14,156,0,170,136,0,136,306
08/07/2021,ORL,FL,ASO,ES,Towers with Radar,0,6,42,0,48,0,0,95,0,95,0,6,137,0,143,147,0,147,290
08/08/2021,ORL,FL,ASO,ES,Towers with Radar,0,25,59,0,84,0,0,88,0,88,0,25,147,0,172,147,0,147,319
08/09/2021,ORL,FL,ASO,ES,Towers with Radar,0,25,59,0,84,0,2,108,0,110,0,27,167,0,194,116,0,116,310
08/10/2021,ORL,FL,ASO,ES,Towers with Radar,0,20,51,0,71,0,0,118,0,118,0,20,169,0,189,246,0,246,435
08/11/2021,ORL,FL,ASO,ES,Towers with Radar,0,22,31,0,53,0,1,122,0,123,0,23,153,0,176,275,0,275,451
08/12/2021,ORL,FL,ASO,ES,Towers with Radar,0,9,60,0,69,0,0,122,0,122,0,9,182,0,191,218,0,218,409
08/13/2021,ORL,FL,ASO,ES,Towers with Radar,0,23,37,0,60,0,2,107,0,109,0,25,144,0,169,161,0,161,330
08/14/2021,ORL,FL,ASO,ES,Towers with Radar,0,14,40,0,54,0,3,72,0,75,0,17,112,0,129,192,0,192,321
08/15/2021,ORL,FL,ASO,ES,Towers with Radar,0,13,45,0,58,0,0,100,0,100,0,13,145,0,158,208,0,208,366
08/16/2021,ORL,FL,ASO,ES,Towers with Radar,0,15,52,0,67,0,0,73,0,73,0,15,125,0,140,232,0,232,372
08/17/2021,ORL,FL,ASO,ES,Towers with Radar,0,14,71,0,85,0,0,123,0,123,0,14,194,0,208,171,0,171,379
08/18/2021,ORL,FL,ASO,ES,Towers with Radar,0,21,74,0,95,0,0,174,0,174,0,21,248,0,269,246,0,246,515
08/19/2021,ORL,FL,ASO,ES,Towers with Radar,0,21,74,0,95,0,0,155,0,155,0,21,229,0,250,203,0,203,453
08/20/2021,ORL,FL,ASO,ES,Towers with Radar,0,17,63,0,80,0,1,150,0,151,0,18,213,0,231,182,0,182,413
08/21/2021,ORL,FL,ASO,ES,Towers with Radar,0,9,47,0,56,0,0,116,0,116,0,9,163,0,172,218,0,218,390
08/22/2021,ORL,FL,ASO,ES,Towers with Radar,0,18,60,0,78,0,0,82,0,82,0,18,142,0,160,136,0,136,296
08/23/2021,ORL,FL,ASO,ES,Towers with Radar,0,12,55,0,67,0,0,103,0,103,0,12,158,0,170,192,0,192,362
08/24/2021,ORL,FL,ASO,ES,Towers with Radar,0,20,71,0,91,0,1,105,1,107,0,21,176,1,198,161,0,161,359
08/25/2021,ORL,FL,ASO,ES,Towers with Radar,0,14,99,0,113,0,0,114,1,115,0,14,213,1,228,234,0,234,462
08/26/2021,ORL,FL,ASO,ES,Towers with Radar,0,20,96,0,116,0,0,97,0,97,0,20,193,0,213,250,0,250,463
08/27/2021,ORL,FL,ASO,ES,Towers with Radar,0,12,80,0,92,0,0,42,0,42,0,12,122,0,134,125,0,125,259
08/28/2021,ORL,FL,ASO,ES,Towers with Radar,0,12,38,0,50,0,1,121,0,122,0,13,159,0,172,234,0,234,406
08/29/2021,ORL,FL,ASO,ES,Towers with Radar,0,12,65,0,77,0,0,109,0,109,0,12,174,0,186,194,0,194,380
08/30/2021,ORL,FL,ASO,ES,Towers with Radar,0,27,77,0,104,0,4,124,0,128,0,31,201,0,232,227,0,227,459
08/31/2021,ORL,FL,ASO,ES,Towers with Radar,0,12,72,0,84,0,1,126,0,127,0,13,198,0,211,277,0,277,488
09/01/2021,ORL,FL,ASO,ES,Towers with Radar,0,19,60,0,79,0,0,65,0,65,0,19,125,0,144,170,0,170,314
09/02/2021,ORL,FL,ASO,ES,Towers with Radar,0,21,79,0,100,0,0,122,0,122,0,21,201,0,222,121,0,121,343
09/03/2021,ORL,FL,ASO,ES,Towers with Radar,0,23,95,0,118,0,0,118,0,118,0,23,213,0,236,209,0,209,445
09/04/2021,ORL,FL,ASO,ES,Towers with Radar,0,23,58,0,81,0,3,139,0,142,0,26,197,0,223,163,0,163,386
09/05/2021,ORL,FL,ASO,ES,Towers with Radar,0,13,39,0,52,0,0,83,0,83,0,13,122,0,135,162,0,162,297
09/06/2021,ORL,FL,ASO,ES,Towers with Radar,0,20,60,0,80,0,1,122,0,123,0,21,182,0,203,256,0,256,459
09/07/2021,ORL,FL,ASO,ES,Towers with Radar,0,26,52,1,79,0,1,103,1,105,0,27,155,2,184,255,0,255,439
09/08/2021,ORL,FL,ASO,ES,Towers with Radar,0,14,64,1,79,0,0,90,0,90,0,14,154,1,169,192,0,192,361
09/09/2021,ORL,FL,ASO,ES,Towers with Radar,0,20,62,0,82,0,0,68,0,68,0,20,130,0,150,157,0,157,307
09/10/2021,ORL,FL,ASO,ES,Towers with Radar,0,15,77,0,92,0,0,125,0,125,0,15,202,0,217,134,0,134,351
09/11/2021,ORL,FL,ASO,ES,Towers with Radar,0,23,31,0,54,0,1,104,0,105,0,24,135,0,159,100,0,100,259
09/12/2021,ORL,FL,ASO,ES,Towers with Radar,0,35,65,0,100,0,0,87,0,87,0,35,152,0,187,108,0,108,295
09/13/2021,ORL,FL,ASO,ES,Towers with Radar,0,26,80,2,108,0,1,102,0,103,0,27,182,2,211,199,0,199,410
09/14/2021,ORL,FL,ASO,ES,Towers with Radar,0,15,70,0,85,0,3,107,0,110,0,18,177,0,195,264,0,264,459
09/15/2021,ORL,FL,ASO,ES,Towers with Radar,0,20,82,2,104,0,2,128,0,130,0,22,210,2,234,267,0,267,501
09/16/2021,ORL,FL,ASO,ES,Towers with Radar,0,15,52,0,67,0,0,119,0,119,0,15,171,0,186,136,0,136,322
09/17/2021,ORL,FL,ASO,ES,Towers with Radar,0,22,74,0,96,0,1,35,0,36,0,23,109,0,132,109,0,109,241
09/18/2021,ORL,FL,ASO,ES,Towers with Radar,0,14,44,0,58,0,1,79,0,80,0,15,123,0,138,147,0,147,285
09/19/2021,ORL,FL,ASO,ES,Towers with Radar,0,15,84,0,99,0,0,84,0,84,0,15,168,0,183,202,0,202,385
09/20/2021,ORL,FL,ASO,ES,Towers with Radar,0,22,67,0,89,0,0,100,0,100,0,22,167,0,189,201,0,201,390
09/21/2021,ORL,FL,ASO,ES,Towers with Radar,0,16,74,0,90,0,1,116,0,117,0,17,190,0,207,215,0,215,422
09/22/2021,ORL,FL,ASO,ES,Towers with Radar,0,10,85,0,95,0,2,77,0,79,0,12,162,0,174,214,0,214,388
09/23/2021,ORL,FL,ASO,ES,Towers with Radar,0,22,86,0,108,0,1,119,0,120,0,23,205,0,228,139,0,139,367
09/24/2021,ORL,FL,ASO,ES,Towers with Radar,0,8,88,0,96,0,0,158,0,158,0,8,246,0,254,291,0,291,545
09/25/2021,ORL,FL,ASO,ES,Towers with Radar,0,20,49,0,69,0,0,151,0,151,0,20,200,0,220,272,0,272,492
09/26/2021,ORL,FL,ASO,ES,Towers with Radar,0,18,78,0,96,0,2,138,0,140,0,20,216,0,236,254,0,254,490
09/27/2021,ORL,FL,ASO,ES,Towers with Radar,0,15,84,0,99,0,0,142,0,142,0,15,226,0,241,149,0,149,390
09/28/2021,ORL,FL,ASO,ES,Towers with Radar,0,13,64,0,77,0,1,179,0,180,0,14,243,0,257,213,0,213,470
09/29/2021,ORL,FL,ASO,ES,Towers with Radar,0,12,75,0,87,0,5,163,0,168,0,17,238,0,255,290,0,290,545
09/30/2021,ORL,FL,ASO,ES,Towers with Radar,1,17,96,0,114,0,0,168,0,168,1,17,264,0,282,199,0,199,481
10/01/2021,ORL,FL,ASO,ES,Towers with Radar,0,10,110,0,120,0,1,169,0,170,0,11,279,0,290,267,0,267,557
10/02/2021,ORL,FL,ASO,ES,Towers with Radar,0,11,54,0,65,0,0,199,0,199,0,11,253,0,264,197,0,197,461
10/03/2021,ORL,FL,ASO,ES,Towers with Radar,0,27,87,0,114,0,7,111,0,118,0,34,198,0,232,220,0,220,452
10/04/2021,ORL,FL,ASO,ES,Towers with Radar,0,14,59,0,73,0,1,129,0,130,0,15,188,0,203,211,0,211,414
10/05/2021,ORL,FL,ASO,ES,Towers with Radar,0,15,84,0,99,0,0,118,0,118,0,15,202,0,217,263,0,263,480
10/06/2021,ORL,FL,ASO,ES,Towers with Radar,0,38,81,0,119,0,0,141,0,141,0,38,222,0,260,278,0,278,538
10/07/2021,ORL,FL,ASO,ES,Towers with Radar,0,32,95,0,127,0,2,129,0,131,0,34,224,0,258,242,0,242,500
10/08/2021,ORL,FL,ASO,ES,Towers with Radar,0,22,86,0,108,0,1,73,1,75,0,23,159,1,183,173,0,173,356
10/09/2021,ORL,FL,ASO,ES,Towers with Radar,0,19,59,0,78,0,0,112,0,112,0,19,171,0,190,148,0,148,338
10/10/2021,ORL,FL,ASO,ES,Towers with Radar,0,13,75,0,88,0,0,120,0,120,0,13,195,0,208,181,0,181,389
10/11/2021,ORL,FL,ASO,ES,Towers with Radar,0,27,101,0,128,0,0,102,0,102,0,27,203,0,230,154,0,154,384
10/12/2021,ORL,FL,ASO,ES,Towers with Radar,2,34,74,0,110,0,1,145,0,146,2,35,219,0,256,219,0,219,475
10/13/2021,ORL,FL,ASO,ES,Towers with Radar,0,28,85,0,113,0,1,143,0,144,0,29,228,0,257,266,0,266,523
10/14/2021,ORL,FL,ASO,ES,Towers with Radar,0,34,88,0,122,0,2,119,1,122,0,36,207,1,244,167,0,167,411
10/15/2021,ORL,FL,ASO,ES,Towers with Radar,0,20,78,0,98,0,1,134,0,135,0,21,212,0,233,165,0,165,398
10/16/2021,ORL,FL,ASO,ES,Towers with Radar,0,19,69,0,88,0,0,130,0,130,0,19,199,0,218,194,0,194,412
10/17/2021,ORL,FL,ASO,ES,Towers with Radar,0,30,79,0,109,0,1,111,0,112,0,31,190,0,221,147,0,147,368
10/18/2021,ORL,FL,ASO,ES,Towers with Radar,0,22,94,0,116,0,0,124,0,124,0,22,218,0,240,142,0,142,382
10/19/2021,ORL,FL,ASO,ES,Towers with Radar,0,25,89,0,114,0,0,149,0,149,0,25,238,0,263,255,0,255,518
10/20/2021,ORL,FL,ASO,ES,Towers with Radar,0,28,115,0,143,0,1,142,0,143,0,29,257,0,286,331,0,331,617
10/21/2021,ORL,FL,ASO,ES,Towers with Radar,0,33,86,0,119,0,1,122,0,123,0,34,208,0,242,266,0,266,508
10/22/2021,ORL,FL,ASO,ES,Towers with Radar,0,35,61,0,96,0,2,150,0,152,0,37,211,0,248,236,0,236,484
10/23/2021,ORL,FL,ASO,ES,Towers with Radar,0,22,47,0,69,0,2,132,1,135,0,24,179,1,204,259,0,259,463
10/24/2021,ORL,FL,ASO,ES,Towers with Radar,0,30,67,0,97,0,0,68,0,68,0,30,135,0,165,154,0,154,319
10/25/2021,ORL,FL,ASO,ES,Towers with Radar,0,23,62,0,85,0,1,54,0,55,0,24,116,0,140,171,0,171,311
10/26/2021,ORL,FL,ASO,ES,Towers with Radar,0,16,82,0,98,0,0,85,1,86,0,16,167,1,184,185,0,185,369
10/27/2021,ORL,FL,ASO,ES,Towers with Radar,0,29,69,0,98,0,0,123,0,123,0,29,192,0,221,305,0,305,526
10/28/2021,ORL,FL,ASO,ES,Towers with Radar,0,16,59,0,75,0,1,26,0,27,0,17,85,0,102,123,0,123,225
10/29/2021,ORL,FL,ASO,ES,Towers with Radar,0,17,98,0,115,0,1,108,0,109,0,18,206,0,224,144,0,144,368
10/30/2021,ORL,FL,ASO,ES,Towers with Radar,0,11,63,0,74,0,1,109,0,110,0,12,172,0,184,198,0,198,382
10/31/2021,ORL,FL,ASO,ES,Towers with Radar,0,17,76,0,93,0,0,152,0,152,0,17,228,0,245,199,0,199,444
11/01/2021,ORL,FL,ASO,ES,Towers with Radar,0,32,76,1,109,0,1,128,0,129,0,33,204,1,238,223,0,223,461
11/02/2021,ORL,FL,ASO,ES,Towers with Radar,0,27,94,0,121,0,0,155,0,155,0,27,249,0,276,281,0,281,557
11/03/2021,ORL,FL,ASO,ES,Towers with Radar,0,35,101,0,136,0,1,140,0,141,0,36,241,0,277,323,0,323,600
11/04/2021,ORL,FL,ASO,ES,Towers with Radar,0,31,93,3,127,0,0,102,0,102,0,31,195,3,229,283,0,283,512
11/05/2021,ORL,FL,ASO,ES,Towers with Radar,0,27,63,0,90,0,0,0,0,0,0,27,63,0,90,0,0,0,90
11/06/2021,ORL,FL,ASO,ES,Towers with Radar,0,18,66,0,84,0,0,7,0,7,0,18,73,0,91,20,0,20,111
11/07/2021,ORL,FL,ASO,ES,Towers with Radar,0,25,104,0,129,0,0,117,0,117,0,25,221,0,246,200,0,200,446
11/08/2021,ORL,FL,ASO,ES,Towers with Radar,0,26,71,0,97,0,2,140,0,142,0,28,211,0,239,211,0,211,450
11/09/2021,ORL,FL,ASO,ES,Towers with Radar,0,13,72,0,85,0,4,133,0,137,0,17,205,0,222,314,0,314,536
11/10/2021,ORL,FL,ASO,ES,Towers with Radar,0,28,115,0,143,0,0,76,0,76,0,28,191,0,219,116,0,116,335
11/11/2021,ORL,FL,ASO,ES,Towers with Radar,0,31,88,0,119,0,0,109,0,109,0,31,197,0,228,277,0,277,505
11/12/2021,ORL,FL,ASO,ES,Towers with Radar,0,25,112,0,137,0,2,122,0,124,0,27,234,0,261,322,0,322,583
11/13/2021,ORL,FL,ASO,ES,Towers with Radar,0,24,79,0,103,0,1,76,0,77,0,25,155,0,180,266,0,266,446
11/14/2021,ORL,FL,ASO,ES,Towers with Radar,0,27,105,0,132,0,3,172,0,175,0,30,277,0,307,213,0,213,520
11/15/2021,ORL,FL,ASO,ES,Towers with Radar,0,22,94,0,116,0,0,130,0,130,0,22,224,0,246,257,0,257,503
11/16/2021,ORL,FL,ASO,ES,Towers with Radar,0,23,118,0,141,0,0,188,0,188,0,23,306,0,329,130,0,130,459
11/17/2021,ORL,FL,ASO,ES,Towers with Radar,0,18,93,0,111,0,1,188,0,189,0,19,281,0,300,192,0,192,492
11/18/2021,ORL,FL,ASO,ES,Towers with Radar,0,36,113,0,149,0,0,71,0,71,0,36,184,0,220,242,0,242,462
11/19/2021,ORL,FL,ASO,ES,Towers with Radar,0,23,109,3,135,0,0,89,0,89,0,23,198,3,224,155,0,155,379
11/20/2021,ORL,FL,ASO,ES,Towers with Radar,0,17,91,6,114,0,0,29,0,29,0,17,120,6,143,27,0,27,170
11/21/2021,ORL,FL,ASO,ES,Towers with Radar,0,16,101,2,119,0,1,102,0,103,0,17,203,2,222,213,0,213,435
11/22/2021,ORL,FL,ASO,ES,Towers with Radar,0,18,88,0,106,0,1,40,0,41,0,19,128,0,147,134,0,134,281
11/23/2021,ORL,FL,ASO,ES,Towers with Radar,0,14,102,3,119,0,3,149,0,152,0,17,251,3,271,109,0,109,380
11/24/2021,ORL,FL,ASO,ES,Towers with Radar,0,31,87,0,118,0,4,141,0,145,0,35,228,0,263,256,0,256,519
11/25/2021,ORL,FL,ASO,ES,Towers with Radar,0,7,28,0,35,0,1,62,0,63,0,8,90,0,98,75,0,75,173
11/26/2021,ORL,FL,ASO,ES,Towers with Radar,0,14,60,0,74,0,4,103,0,107,0,18,163,0,181,256,0,256,437
11/27/2021,ORL,FL,ASO,ES,Towers with Radar,0,30,75,0,105,0,0,101,0,101,0,30,176,0,206,221,0,221,427
11/28/2021,ORL,FL,ASO,ES,Towers with Radar,0,23,97,0,120,0,1,122,0,123,0,24,219,0,243,166,0,166,409
11/29/2021,ORL,FL,ASO,ES,Towers with Radar,0,17,94,0,111,0,1,121,0,122,0,18,215,0,233,244,0,244,477
11/30/2021,ORL,FL,ASO,ES,Towers with Radar,0,37,74,0,111,0,3,162,0,165,0,40,236,0,276,271,0,271,547
12/01/2021,ORL,FL,ASO,ES,Towers with Radar,0,22,97,0,119,0,0,135,0,135,0,22,232,0,254,253,0,253,507
12/02/2021,ORL,FL,ASO,ES,Towers with Radar,0,18,110,0,128,0,0,136,0,136,0,18,246,0,264,223,0,223,487
12/03/2021,ORL,FL,ASO,ES,Towers with Radar,0,26,95,0,121,0,1,134,0,135,0,27,229,0,256,244,0,244,500
12/04/2021,ORL,FL,ASO,ES,Towers with Radar,0,22,76,0,98,0,0,159,0,159,0,22,235,0,257,234,0,234,491
12/05/2021,ORL,FL,ASO,ES,Towers with Radar,0,25,78,1,104,0,0,170,0,170,0,25,248,1,274,256,0,256,530
12/06/2021,ORL,FL,ASO,ES,Towers with Radar,0,24,88,0,112,0,0,94,0,94,0,24,182,0,206,231,0,231,437
12/07/2021,ORL,FL,ASO,ES,Towers with Radar,0,16,98,0,114,0,0,85,0,85,0,16,183,0,199,219,0,219,418
12/08/2021,ORL,FL,ASO,ES,Towers with Radar,0,37,72,0,109,0,2,93,0,95,0,39,165,0,204,187,0,187,391
12/09/2021,ORL,FL,ASO,ES,Towers with Radar,0,35,143,0,178,0,4,69,0,73,0,39,212,0,251,189,0,189,440
12/10/2021,ORL,FL,ASO,ES,Towers with Radar,0,31,81,1,113,0,1,138,0,139,0,32,219,1,252,266,0,266,518
12/11/2021,ORL,FL,ASO,ES,Towers with Radar,0,14,67,0,81,0,0,132,0,132,0,14,199,0,213,195,0,195,408
12/12/2021,ORL,FL,ASO,ES,Towers with Radar,0,21,79,0,100,0,0,69,0,69,0,21,148,0,169,152,0,152,321
12/13/2021,ORL,FL,ASO,ES,Towers with Radar,0,36,90,0,126,0,0,149,0,149,0,36,239,0,275,199,0,199,474
12/14/2021,ORL,FL,ASO,ES,Towers with Radar,0,33,94,0,127,0,4,72,0,76,0,37,166,0,203,176,0,176,379
12/15/2021,ORL,FL,ASO,ES,Towers with Radar,0,20,101,0,121,0,1,73,0,74,0,21,174,0,195,314,0,314,509
12/16/2021,ORL,FL,ASO,ES,Towers with Radar,0,24,111,0,135,0,0,170,0,170,0,24,281,0,305,338,0,338,643
12/17/2021,ORL,FL,ASO,ES,Towers with Radar,0,24,104,0,128,0,2,159,0,161,0,26,263,0,289,227,0,227,516
12/18/2021,ORL,FL,ASO,ES,Towers with Radar,0,13,57,0,70,0,0,136,0,136,0,13,193,0,206,232,0,232,438
12/19/2021,ORL,FL,ASO,ES,Towers with Radar,0,21,82,0,103,0,0,64,0,64,0,21,146,0,167,211,0,211,378
12/20/2021,ORL,FL,ASO,ES,Towers with Radar,0,31,86,0,117,0,0,16,0,16,0,31,102,0,133,85,0,85,218
12/21/2021,ORL,FL,ASO,ES,Towers with Radar,0,15,59,0,74,0,0,0,0,0,0,15,59,0,74,0,0,0,74
12/22/2021,ORL,FL,ASO,ES,Towers with Radar,0,16,72,0,88,0,1,93,0,94,0,17,165,0,182,191,0,191,373
12/23/2021,ORL,FL,ASO,ES,Towers with Radar,0,19,75,0,94,0,0,188,1,189,0,19,263,1,283,267,0,267,550
12/24/2021,ORL,FL,ASO,ES,Towers with Radar,0,8,14,0,22,0,0,83,0,83,0,8,97,0,105,151,0,151,256
12/25/2021,ORL,FL,ASO,ES,Towers with Radar,0,9,16,0,25,0,1,27,0,28,0,10,43,0,53,16,0,16,69
12/26/2021,ORL,FL,ASO,ES,Towers with Radar,0,28,77,0,105,0,0,97,0,97,0,28,174,0,202,112,0,112,314
12/27/2021,ORL,FL,ASO,ES,Towers with Radar,0,29,58,0,87,0,0,154,0,154,0,29,212,0,241,224,0,224,465
12/28/2021,ORL,FL,ASO,ES,Towers with Radar,0,24,61,0,85,0,1,115,0,116,0,25,176,0,201,239,0,239,440
12/29/2021,ORL,FL,ASO,ES,Towers with Radar,0,34,78,0,112,0,4,155,0,159,0,38,233,0,271,20,0,20,291
12/30/2021,ORL,FL,ASO,ES,Towers with Radar,0,32,102,0,134,0,0,61,0,61,0,32,163,0,195,87,0,87,282
12/31/2021,ORL,FL,ASO,ES,Towers with Radar,0,25,55,0,80,0,0,63,0,63,0,25,118,0,143,116,0,116,259
01/01/2022,ORL,FL,ASO,ES,Towers with Radar,0,14,63,0,77,0,0,51,0,51,0,14,114,0,128,65,0,65,193
01/02/2022,ORL,FL,ASO,ES,Towers with Radar,0,21,88,0,109,0,1,71,0,72,0,22,159,0,181,141,0,141,322
01/03/2022,ORL,FL,ASO,ES,Towers with Radar,0,16,65,0,81,0,1,89,0,90,0,17,154,0,171,91,0,91,262
01/04/2022,ORL,FL,ASO,ES,Towers with Radar,0,28,67,0,95,0,1,122,0,123,0,29,189,0,218,272,0,272,490
01/05/2022,ORL,FL,ASO,ES,Towers with Radar,0,29,77,0,106,0,0,120,0,120,0,29,197,0,226,259,0,259,485
01/06/2022,ORL,FL,ASO,ES,Towers with Radar,0,26,65,0,91,0,3,150,0,153,0,29,215,0,244,286,0,286,530
01/07/2022,ORL,FL,ASO,ES,Towers with Radar,0,14,77,0,91,0,0,131,0,131,0,14,208,0,222,244,0,244,466
01/08/2022,ORL,FL,ASO,ES,Towers with Radar,0,15,54,0,69,0,1,132,0,133,0,16,186,0,202,171,0,171,373
01/09/2022,ORL,FL,ASO,ES,Towers with Radar,0,14,61,0,75,0,0,102,0,102,0,14,163,0,177,172,0,172,349
01/10/2022,ORL,FL,ASO,ES,Towers with Radar,0,17,55,0,72,0,0,69,0,69,0,17,124,0,141,249,0,249,390
01/11/2022,ORL,FL,ASO,ES,Towers with Radar,0,26,52,0,78,0,1,143,0,144,0,27,195,0,222,157,0,157,379
01/12/2022,ORL,FL,ASO,ES,Towers with Radar,0,24,59,2,85,0,0,155,0,155,0,24,214,2,240,195,0,195,435
01/13/2022,ORL,FL,ASO,ES,Towers with Radar,0,19,84,0,103,0,0,129,0,129,0,19,213,0,232,203,0,203,435
01/14/2022,ORL,FL,ASO,ES,Towers with Radar,0,13,100,0,113,0,2,181,0,183,0,15,281,0,296,117,0,117,413
01/15/2022,ORL,FL,ASO,ES,Towers with Radar,0,21,60,0,81,0,1,171,0,172,0,22,231,0,253,238,0,238,491
01/16/2022,ORL,FL,ASO,ES,Towers with Radar,0,10,48,0,58,0,0,16,0,16,0,10,64,0,74,6,0,6,80
01/17/2022,ORL,FL,ASO,ES,Towers with Radar,0,23,76,0,99,0,0,73,0,73,0,23,149,0,172,54,0,54,226
01/18/2022,ORL,FL,ASO,ES,Towers with Radar,0,37,85,0,122,0,4,147,1,152,0,41,232,1,274,239,0,239,513
01/19/2022,ORL,FL,ASO,ES,Towers with Radar,0,31,98,0,129,0,5,169,0,174,0,36,267,0,303,179,0,179,482
01/20/2022,ORL,FL,ASO,ES,Towers with Radar,0,32,102,0,134,0,2,137,0,139,0,34,239,0,273,212,0,212,485
01/21/2022,ORL,FL,ASO,ES,Towers with Radar,0,15,85,0,100,0,0,123,0,123,0,15,208,0,223,259,0,259,482
01/22/2022,ORL,FL,ASO,ES,Towers with Radar,0,12,50,0,62,0,0,0,0,0,0,12,50,0,62,0,0,0,62
01/23/2022,ORL,FL,ASO,ES,Towers with Radar,0,25,96,0,121,0,1,46,0,47,0,26,142,0,168,56,0,56,224
01/24/2022,ORL,FL,ASO,ES,Towers with Radar,0,20,64,0,84,0,2,190,0,192,0,22,254,0,276,285,0,285,561
01/25/2022,ORL,FL,ASO,ES,Towers with Radar,0,31,57,0,88,0,1,69,0,70,0,32,126,0,158,224,0,224,382
01/26/2022,ORL,FL,ASO,ES,Towers with Radar,0,18,121,0,139,0,1,5,0,6,0,19,126,0,145,0,0,0,145
01/27/2022,ORL,FL,ASO,ES,Towers with Radar,0,41,146,0,187,0,1,26,0,27,0,42,172,0,214,29,0,29,243
01/28/2022,ORL,FL,ASO,ES,Towers with Radar,0,30,108,0,138,0,3,81,0,84,0,33,189,0,222,48,0,48,270
01/29/2022,ORL,FL,ASO,ES,Towers with Radar,0,9,37,0,46,0,0,119,0,119,0,9,156,0,165,65,0,65,230
01/30/2022,ORL,FL,ASO,ES,Towers with Radar,0,21,81,0,102,0,3,176,1,180,0,24,257,1,282,223,0,223,505
01/31/2022,ORL,FL,ASO,ES,Towers with Radar,0,33,81,0,114,0,1,208,0,209,0,34,289,0,323,200,0,200,523
02/01/2022,ORL,FL,ASO,ES,Towers with Radar,0,20,79,2,101,0,4,220,0,224,0,24,299,2,325,285,0,285,610
02/02/2022,ORL,FL,ASO,ES,Towers with Radar,0,24,70,0,94,0,0,227,0,227,0,24,297,0,321,189,0,189,510
02/03/2022,ORL,FL,ASO,ES,Towers with Radar,0,19,82,0,101,0,2,205,1,208,0,21,287,1,309,176,0,176,485
02/04/2022,ORL,FL,ASO,ES,Towers with Radar,0,26,67,0,93,0,0,242,0,242,0,26,309,0,335,168,0,168,503
02/05/2022,ORL,FL,ASO,ES,Towers with Radar,0,14,70,0,84,0,0,31,0,31,0,14,101,0,115,119,0,119,234
02/06/2022,ORL,FL,ASO,ES,Towers with Radar,0,34,94,1,129,0,0,3,0,3,0,34,97,1,132,11,0,11,143
02/07/2022,ORL,FL,ASO,ES,Towers with Radar,0,28,99,0,127,0,1,85,0,86,0,29,184,0,213,117,0,117,330
02/08/2022,ORL,FL,ASO,ES,Towers with Radar,0,24,115,0,139,0,0,16,0,16,0,24,131,0,155,70,0,70,225
02/09/2022,ORL,FL,ASO,ES,Towers with Radar,0,32,126,0,158,0,0,205,0,205,0,32,331,0,363,332,0,332,695
02/10/2022,ORL,FL,ASO,ES,Towers with Radar,0,39,116,0,155,0,0,255,0,255,0,39,371,0,410,167,0,167,577
02/11/2022,ORL,FL,ASO,ES,Towers with Radar,0,31,122,0,153,0,1,253,0,254,0,32,375,0,407,192,0,192,599
02/12/2022,ORL,FL,ASO,ES,Towers with Radar,0,23,66,0,89,0,2,186,0,188,0,25,252,0,277,288,0,288,565
02/13/2022,ORL,FL,ASO,ES,Towers with Radar,0,17,75,0,92,0,2,82,0,84,0,19,157,0,176,88,0,88,264
02/14/2022,ORL,FL,ASO,ES,Towers with Radar,0,24,96,0,120,0,4,181,0,185,0,28,277,0,305,130,0,130,435
02/15/2022,ORL,FL,ASO,ES,Towers with Radar,0,16,82,0,98,0,1,198,0,199,0,17,280,0,297,257,0,257,554
02/16/2022,ORL,FL,ASO,ES,Towers with Radar,0,12,111,0,123,0,3,173,0,176,0,15,284,0,299,167,0,167,466
02/17/2022,ORL,FL,ASO,ES,Towers with Radar,0,19,124,0,143,0,0,161,0,161,0,19,285,0,304,217,0,217,521
02/18/2022,ORL,FL,ASO,ES,Towers with Radar,0,23,122,0,145,0,0,125,0,125,0,23,247,0,270,195,0,195,465
02/19/2022,ORL,FL,ASO,ES,Towers with Radar,0,17,86,0,103,0,0,120,0,120,0,17,206,0,223,154,0,154,377
02/20/2022,ORL,FL,ASO,ES,Towers with Radar,0,22,104,0,126,0,1,211,0,212,0,23,315,0,338,161,0,161,499
02/21/2022,ORL,FL,ASO,ES,Towers with Radar,0,21,132,0,153,0,1,183,0,184,0,22,315,0,337,236,0,236,573
02/22/2022,ORL,FL,ASO,ES,Towers with Radar,0,28,90,0,118,0,2,201,0,203,0,30,291,0,321,240,0,240,561
02/23/2022,ORL,FL,ASO,ES,Towers with Radar,1,30,102,0,133,0,4,146,0,150,1,34,248,0,283,320,0,320,603
02/24/2022,ORL,FL,ASO,ES,Towers with Radar,1,35,107,0,143,0,0,180,0,180,1,35,287,0,323,186,0,186,509
02/25/2022,ORL,FL,ASO,ES,Towers with Radar,0,19,92,0,111,0,0,198,0,198,0,19,290,0,309,240,0,240,549
02/26/2022,ORL,FL,ASO,ES,Towers with Radar,0,12,73,0,85,0,0,213,0,213,0,12,286,0,298,281,0,281,579
02/27/2022,ORL,FL,ASO,ES,Towers with Radar,0,25,106,0,131,0,1,179,0,180,0,26,285,0,311,212,0,212,523
02/28/2022,ORL,FL,ASO,ES,Towers with Radar,0,34,112,0,146,0,0,77,0,77,0,34,189,0,223,174,0,174,397
03/01/2022,ORL,FL,ASO,ES,Towers with Radar,0,47,99,0,146,0,1,106,0,107,0,48,205,0,253,160,0,160,413
03/02/2022,ORL,FL,ASO,ES,Towers with Radar,0,35,86,1,122,0,3,255,0,258,0,38,341,1,380,325,0,325,705
03/03/2022,ORL,FL,ASO,ES,Towers with Radar,0,36,86,0,122,0,2,230,0,232,0,38,316,0,354,404,0,404,758
03/04/2022,ORL,FL,ASO,ES,Towers with Radar,0,23,91,1,115,0,2,199,0,201,0,25,290,1,316,326,0,326,642
03/05/2022,ORL,FL,ASO,ES,Towers with Radar,0,20,58,0,78,0,0,169,0,169,0,20,227,0,247,197,0,197,444
03/06/2022,ORL,FL,ASO,ES,Towers with Radar,0,32,85,0,117,0,0,152,0,152,0,32,237,0,269,102,0,102,371
03/07/2022,ORL,FL,ASO,ES,Towers with Radar,0,30,67,0,97,0,3,134,0,137,0,33,201,0,234,171,0,171,405
03/08/2022,ORL,FL,ASO,ES,Towers with Radar,1,30,71,0,102,0,0,84,0,84,1,30,155,0,186,232,0,232,418
03/09/2022,ORL,FL,ASO,ES,Towers with Radar,0,19,85,0,104,0,3,65,0,68,0,22,150,0,172,267,0,267,439
03/10/2022,ORL,FL,ASO,ES,Towers with Radar,0,17,100,0,117,0,2,32,0,34,0,19,132,0,151,71,0,71,222
03/11/2022,ORL,FL,ASO,ES,Towers with Radar,0,30,91,0,121,0,3,165,0,168,0,33,256,0,289,244,0,244,533
03/12/2022,ORL,FL,ASO,ES,Towers with Radar,0,18,52,0,70,0,1,15,0,16,0,19,67,0,86,9,0,9,95
03/13/2022,ORL,FL,ASO,ES,Towers with Radar,0,30,93,0,123,0,0,211,0,211,0,30,304,0,334,136,0,136,470
03/14/2022,ORL,FL,ASO,ES,Towers with Radar,0,30,113,0,143,0,2,198,0,200,0,32,311,0,343,232,0,232,575
03/15/2022,ORL,FL,ASO,ES,Towers with Radar,0,13,73,0,86,0,1,150,0,151,0,14,223,0,237,217,0,217,454
03/16/2022,ORL,FL,ASO,ES,Towers with Radar,0,22,83,0,105,0,1,75,0,76,0,23,158,0,181,166,0,166,347
03/17/2022,ORL,FL,ASO,ES,Towers with Radar,0,36,123,0,159,0,5,201,0,206,0,41,324,0,365,181,0,181,546
03/18/2022,ORL,FL,ASO,ES,Towers with Radar,0,25,111,0,136,0,4,224,0,228,0,29,335,0,364,187,0,187,551
03/19/2022,ORL,FL,ASO,ES,Towers with Radar,0,18,66,0,84,0,2,190,0,192,0,20,256,0,276,231,0,231,507
03/20/2022,ORL,FL,ASO,ES,Towers with Radar,0,24,95,0,119,0,2,167,0,169,0,26,262,0,288,207,0,207,495
03/21/2022,ORL,FL,ASO,ES,Towers with Radar,0,21,81,0,102,0,4,239,0,243,0,25,320,0,345,261,0,261,606
03/22/2022,ORL,FL,ASO,ES,Towers with Radar,0,21,92,0,113,0,5,205,0,210,0,26,297,0,323,240,0,240,563
03/23/2022,ORL,FL,ASO,ES,Towers with Radar,0,16,76,0,92,0,2,99,0,101,0,18,175,0,193,133,0,133,326
03/24/2022,ORL,FL,ASO,ES,Towers with Radar,0,19,68,0,87,0,0,14,0,14,0,19,82,0,101,43,0,43,144
03/25/2022,ORL,FL,ASO,ES,Towers with Radar,0,33,106,0,139,0,4,265,0,269,0,37,371,0,408,214,0,214,622
03/26/2022,ORL,FL,ASO,ES,Towers with Radar,0,16,68,0,84,0,2,197,0,199,0,18,265,0,283,154,0,154,437
03/27/2022,ORL,FL,ASO,ES,Towers with Radar,0,24,104,0,128,0,3,188,0,191,0,27,292,0,319,167,0,167,486
03/28/2022,ORL,FL,ASO,ES,Towers with Radar,0,19,68,0,87,0,4,209,0,213,0,23,277,0,300,234,0,234,534
03/29/2022,ORL,FL,ASO,ES,Towers with Radar,0,30,93,0,123,0,0,251,0,251,0,30,344,0,374,351,0,351,725
03/30/2022,ORL,FL,ASO,ES,Towers with Radar,0,23,69,0,92,0,6,166,0,172,0,29,235,0,264,111,0,111,375
03/31/2022,ORL,FL,ASO,ES,Towers with Radar,0,24,66,0,90,0,3,75,0,78,0,27,141,0,168,45,0,45,213
04/01/2022,ORL,FL,ASO,ES,Towers with Radar,0,22,86,0,108,0,3,87,0,90,0,25,173,0,198,232,0,232,430
04/02/2022,ORL,FL,ASO,ES,Towers with Radar,0,13,48,0,61,0,0,10,0,10,0,13,58,0,71,137,0,137,208
04/03/2022,ORL,FL,ASO,ES,Towers with Radar,0,40,124,0,164,0,3,124,0,127,0,43,248,0,291,173,0,173,464
04/04/2022,ORL,FL,ASO,ES,Towers with Radar,0,28,86,0,114,0,6,220,0,226,0,34,306,0,340,203,0,203,543
04/05/2022,ORL,FL,ASO,ES,Towers with Radar,0,18,99,0,117,0,5,111,0,116,0,23,210,0,233,155,0,155,388
04/06/2022,ORL,FL,ASO,ES,Towers with Radar,0,24,117,0,141,0,2,119,0,121,0,26,236,0,262,205,0,205,467
04/07/2022,ORL,FL,ASO,ES,Towers with Radar,0,33,65,0,98,0,0,61,1,62,0,33,126,1,160,107,0,107,267
04/08/2022,ORL,FL,ASO,ES,Towers with Radar,0,32,107,0,139,0,2,215,0,217,0,34,322,0,356,181,0,181,537
04/09/2022,ORL,FL,ASO,ES,Towers with Radar,0,17,77,0,94,0,1,153,1,155,0,18,230,1,249,122,0,122,371
04/10/2022,ORL,FL,ASO,ES,Towers with Radar,0,30,82,0,112,0,5,218,0,223,0,35,300,0,335,179,0,179,514
04/11/2022,ORL,FL,ASO,ES,Towers with Radar,0,21,76,0,97,0,4,175,0,179,0,25,251,0,276,96,0,96,372
04/12/2022,ORL,FL,ASO,ES,Towers with Radar,0,30,79,0,109,0,4,248,0,252,0,34,327,0,361,184,0,184,545
04/13/2022,ORL,FL,ASO,ES,Towers with Radar,0,22,118,0,140,0,5,223,0,228,0,27,341,0,368,171,0,171,539
04/14/2022,ORL,FL,ASO,ES,Towers with Radar,0,24,120,0,144,0,4,173,0,177,0,28,293,0,321,270,0,270,591
04/15/2022,ORL,FL,ASO,ES,Towers with Radar,0,24,104,0,128,0,2,136,0,138,0,26,240,0,266,143,0,143,409
04/16/2022,ORL,FL,ASO,ES,Towers with Radar,0,22,69,0,91,0,6,168,0,174,0,28,237,0,265,325,0,325,590
04/17/2022,ORL,FL,ASO,ES,Towers with Radar,0,14,49,0,63,0,2,79,0,81,0,16,128,0,144,210,0,210,354
04/18/2022,ORL,FL,ASO,ES,Towers with Radar,0,28,100,0,128,0,4,150,0,154,0,32,250,0,282,304,0,304,586
04/19/2022,ORL,FL,ASO,ES,Towers with Radar,0,20,82,0,102,0,3,206,0,209,0,23,288,0,311,253,0,253,564
04/20/2022,ORL,FL,ASO,ES,Towers with Radar,0,23,94,0,117,0,7,186,0,193,0,30,280,0,310,240,0,240,550
04/21/2022,ORL,FL,ASO,ES,Towers with Radar,0,18,86,0,104,0,9,200,0,209,0,27,286,0,313,185,0,185,498
04/22/2022,ORL,FL,ASO,ES,Towers with Radar,0,25,84,0,109,0,4,206,0,210,0,29,290,0,319,352,0,352,671
04/23/2022,ORL,FL,ASO,ES,Towers with Radar,0,16,60,0,76,0,2,192,0,194,0,18,252,0,270,352,0,352,622
04/24/2022,ORL,FL,ASO,ES,Towers with Radar,0,26,79,0,105,0,7,175,0,182,0,33,254,0,287,246,0,246,533
04/25/2022,ORL,FL,ASO,ES,Towers with Radar,0,27,62,1,90,0,6,198,0,204,0,33,260,1,294,168,0,168,462
04/26/2022,ORL,FL,ASO,ES,Towers with Radar,0,28,98,0,126,0,3,217,0,220,0,31,315,0,346,308,0,308,654
04/27/2022,ORL,FL,ASO,ES,Towers with Radar,0,40,94,0,134,0,4,212,0,216,0,44,306,0,350,234,0,234,584
04/28/2022,ORL,FL,ASO,ES,Towers with Radar,0,22,98,2,122,0,2,138,0,140,0,24,236,2,262,162,0,162,424
04/29/2022,ORL,FL,ASO,ES,Towers with Radar,0,17,85,0,102,0,3,189,0,192,0,20,274,0,294,265,0,265,559
04/30/2022,ORL,FL,ASO,ES,Towers with Radar,0,19,42,0,61,0,4,192,0,196,0,23,234,0,257,261,0,261,518
05/01/2022,ORL,FL,ASO,ES,Towers with Radar,0,19,83,0,102,0,3,142,0,145,0,22,225,0,247,198,0,198,445
05/02/2022,ORL,FL,ASO,ES,Towers with Radar,0,21,59,0,80,0,4,187,0,191,0,25,246,0,271,224,0,224,495
05/03/2022,ORL,FL,ASO,ES,Towers with Radar,0,25,95,0,120,0,9,163,0,172,0,34,258,0,292,349,0,349,641
05/04/2022,ORL,FL,ASO,ES,Towers with Radar,0,26,93,0,119,0,4,232,1,237,0,30,325,1,356,318,0,318,674
05/05/2022,ORL,FL,ASO,ES,Towers with Radar,0,28,105,0,133,0,7,213,0,220,0,35,318,0,353,265,0,265,618
05/06/2022,ORL,FL,ASO,ES,Towers with Radar,0,30,84,0,114,0,6,220,0,226,0,36,304,0,340,229,0,229,569
05/07/2022,ORL,FL,ASO,ES,Towers with Radar,0,24,48,0,72,0,0,123,0,123,0,24,171,0,195,170,0,170,365
05/08/2022,ORL,FL,ASO,ES,Towers with Radar,0,25,77,0,102,0,2,146,0,148,0,27,223,0,250,157,0,157,407
05/09/2022,ORL,FL,ASO,ES,Towers with Radar,0,31,87,0,118,0,9,178,0,187,0,40,265,0,305,210,0,210,515
05/10/2022,ORL,FL,ASO,ES,Towers with Radar,0,17,92,0,109,0,7,159,0,166,0,24,251,0,275,279,0,279,554
05/11/2022,ORL,FL,ASO,ES,Towers with Radar,0,16,89,0,105,0,9,153,0,162,0,25,242,0,267,148,0,148,415
05/12/2022,ORL,FL,ASO,ES,Towers with Radar,0,12,108,0,120,0,8,187,0,195,0,20,295,0,315,243,0,243,558
05/13/2022,ORL,FL,ASO,ES,Towers with Radar,0,21,83,0,104,0,6,171,0,177,0,27,254,0,281,290,0,290,571
05/14/2022,ORL,FL,ASO,ES,Towers with Radar,0,11,57,0,68,0,6,213,0,219,0,17,270,0,287,262,0,262,549
05/15/2022,ORL,FL,ASO,ES,Towers with Radar,0,16,72,0,88,0,2,97,0,99,0,18,169,0,187,131,0,131,318
05/16/2022,ORL,FL,ASO,ES,Towers with Radar,0,23,88,0,111,0,7,200,0,207,0,30,288,0,318,263,0,263,581
05/17/2022,ORL,FL,ASO,ES,Towers with Radar,0,25,96,0,121,0,1,110,0,111,0,26,206,0,232,330,0,330,562
05/18/2022,ORL,FL,ASO,ES,Towers with Radar,0,15,93,0,108,0,4,56,0,60,0,19,149,0,168,260,0,260,428
05/19/2022,ORL,FL,ASO,ES,Towers with Radar,0,11,84,0,95,0,5,42,0,47,0,16,126,0,142,283,0,283,425
05/20/2022,ORL,FL,ASO,ES,Towers with Radar,0,20,69,0,89,0,0,21,0,21,0,20,90,0,110,145,0,145,255
05/21/2022,ORL,FL,ASO,ES,Towers with Radar,0,11,44,0,55,0,1,11,0,12,0,12,55,0,67,164,0,164,231
05/22/2022,ORL,FL,ASO,ES,Towers with Radar,0,15,76,0,91,0,1,21,0,22,0,16,97,0,113,203,0,203,316
05/23/2022,ORL,FL,ASO,ES,Towers with Radar,0,29,75,0,104,0,1,52,0,53,0,30,127,0,157,223,0,223,380
05/24/2022,ORL,FL,ASO,ES,Towers with Radar,0,28,82,0,110,0,5,40,1,46,0,33,122,1,156,288,0,288,444
05/25/2022,ORL,FL,ASO,ES,Towers with Radar,0,31,74,0,105,0,3,41,0,44,0,34,115,0,149,240,0,240,389
05/26/2022,ORL,FL,ASO,ES,Towers with Radar,0,21,92,0,113,0,1,37,0,38,0,22,129,0,151,296,0,296,447
05/27/2022,ORL,FL,ASO,ES,Towers with Radar,0,23,89,0,112,0,1,37,0,38,0,24,126,0,150,180,0,180,330
05/28/2022,ORL,FL,ASO,ES,Towers with Radar,0,13,55,0,68,0,1,24,0,25,0,14,79,0,93,218,0,218,311
05/29/2022,ORL,FL,ASO,ES,Towers with Radar,0,15,41,0,56,0,2,21,0,23,0,17,62,0,79,189,0,189,268
05/30/2022,ORL,FL,ASO,ES,Towers with Radar,0,18,66,0,84,0,1,28,0,29,0,19,94,0,113,236,0,236,349
05/31/2022,ORL,FL,ASO,ES,Towers with Radar,0,24,88,1,113,0,0,45,0,45,0,24,133,1,158,305,0,305,463
06/01/2022,ORL,FL,ASO,ES,Towers with Radar,0,28,69,0,97,0,3,32,0,35,0,31,101,0,132,226,0,226,358
06/02/2022,ORL,FL,ASO,ES,Towers with Radar,0,26,99,3,128,0,2,43,2,47,0,28,142,5,175,244,0,244,419
06/03/2022,ORL,FL,ASO,ES,Towers with Radar,0,16,93,3,112,0,0,24,0,24,0,16,117,3,136,115,0,115,251
06/04/2022,ORL,FL,ASO,ES,Towers with Radar,0,21,78,203,302,0,0,0,1,1,0,21,78,204,303,0,0,0,303
06/05/2022,ORL,FL,ASO,ES,Towers with Radar,0,18,71,0,89,0,2,22,2,26,0,20,93,2,115,240,0,240,355
06/06/2022,ORL,FL,ASO,ES,Towers with Radar,0,17,54,0,71,0,2,21,0,23,0,19,75,0,94,215,0,215,309
06/07/2022,ORL,FL,ASO,ES,Towers with Radar,0,26,67,0,93,0,2,31,0,33,0,28,98,0,126,334,0,334,460
06/08/2022,ORL,FL,ASO,ES,Towers with Radar,0,16,75,0,91,0,1,41,1,43,0,17,116,1,134,329,0,329,463
06/09/2022,ORL,FL,ASO,ES,Towers with Radar,0,24,85,0,109,0,1,37,0,38,0,25,122,0,147,282,0,282,429
06/10/2022,ORL,FL,ASO,ES,Towers with Radar,0,13,58,1,72,0,0,22,0,22,0,13,80,1,94,155,0,155,249
06/11/2022,ORL,FL,ASO,ES,Towers with Radar,0,13,58,39,110,0,0,15,1,16,0,13,73,40,126,123,0,123,249
06/12/2022,ORL,FL,ASO,ES,Towers with Radar,0,29,70,154,253,0,1,24,0,25,0,30,94,154,278,4,0,4,282
06/13/2022,ORL,FL,ASO,ES,Towers with Radar,0,21,68,0,89,0,2,39,0,41,0,23,107,0,130,263,0,263,393
06/14/2022,ORL,FL,ASO,ES,Towers with Radar,0,16,80,0,96,0,6,63,0,69,0,22,143,0,165,254,0,254,419
06/15/2022,ORL,FL,ASO,ES,Towers with Radar,0,19,71,0,90,0,3,24,0,27,0,22,95,0,117,245,0,245,362
06/16/2022,ORL,FL,ASO,ES,Towers with Radar,0,17,76,0,93,0,3,38,0,41,0,20,114,0,134,340,0,340,474
06/17/2022,ORL,FL,ASO,ES,Towers with Radar,0,26,79,0,105,0,2,35,0,37,0,28,114,0,142,261,0,261,403
06/18/2022,ORL,FL,ASO,ES,Towers with Radar,0,10,49,0,59,0,2,10,0,12,0,12,59,0,71,187,0,187,258
06/19/2022,ORL,FL,ASO,ES,Towers with Radar,1,16,81,0,98,0,1,14,0,15,1,17,95,0,113,169,0,169,282
06/20/2022,ORL,FL,ASO,ES,Towers with Radar,0,17,95,0,112,0,0,44,0,44,0,17,139,0,156,270,0,270,426
06/21/2022,ORL,FL,ASO,ES,Towers with Radar,0,29,106,0,135,0,4,46,0,50,0,33,152,0,185,359,0,359,544
06/22/2022,ORL,FL,ASO,ES,Towers with Radar,0,33,77,0,110,0,2,33,0,35,0,35,110,0,145,384,0,384,529
06/23/2022,ORL,FL,ASO,ES,Towers with Radar,0,19,93,0,112,0,2,18,0,20,0,21,111,0,132,185,0,185,317
06/24/2022,ORL,FL,ASO,ES,Towers with Radar,0,12,73,0,85,0,0,21,0,21,0,12,94,0,106,260,0,260,366
06/25/2022,ORL,FL,ASO,ES,Towers with Radar,0,10,40,0,50,0,1,10,0,11,0,11,50,0,61,136,0,136,197
06/26/2022,ORL,FL,ASO,ES,Towers with Radar,0,12,92,0,104,0,0,17,0,17,0,12,109,0,121,229,0,229,350
06/27/2022,ORL,FL,ASO,ES,Towers with Radar,0,16,92,0,108,0,3,38,0,41,0,19,130,0,149,180,0,180,329
06/28/2022,ORL,FL,ASO,ES,Towers with Radar,0,15,78,0,93,0,5,50,0,55,0,20,128,0,148,167,0,167,315
06/29/2022,ORL,FL,ASO,ES,Towers with Radar,0,18,83,0,101,0,2,43,0,45,0,20,126,0,146,297,0,297,443
06/30/2022,ORL,FL,ASO,ES,Towers with Radar,0,12,80,0,92,0,1,33,0,34,0,13,113,0,126,203,0,203,329
07/01/2022,ORL,FL,ASO,ES,Towers with Radar,0,21,72,1,94,0,3,34,1,38,0,24,106,2,132,187,0,187,319
07/02/2022,ORL,FL,ASO,ES,Towers with Radar,1,3,45,0,49,0,0,19,0,19,1,3,64,0,68,175,0,175,243
07/03/2022,ORL,FL,ASO,ES,Towers with Radar,0,11,34,0,45,0,0,25,0,25,0,11,59,0,70,170,0,170,240
07/04/2022,ORL,FL,ASO,ES,Towers with Radar,0,7,46,0,53,0,1,16,0,17,0,8,62,0,70,137,0,137,207
07/05/2022,ORL,FL,ASO,ES,Towers with Radar,0,20,72,0,92,0,4,43,0,47,0,24,115,0,139,335,0,335,474
07/06/2022,ORL,FL,ASO,ES,Towers with Radar,0,14,66,0,80,0,1,32,0,33,0,15,98,0,113,373,0,373,486
07/07/2022,ORL,FL,ASO,ES,Towers with Radar,0,19,60,0,79,0,1,35,0,36,0,20,95,0,115,288,0,288,403
07/08/2022,ORL,FL,ASO,ES,Towers with Radar,0,14,57,0,71,0,1,35,0,36,0,15,92,0,107,308,0,308,415
07/09/2022,ORL,FL,ASO,ES,Towers with Radar,1,14,28,0,43,0,0,14,0,14,1,14,42,0,57,179,0,179,236
07/10/2022,ORL,FL,ASO,ES,Towers with Radar,0,18,52,0,70,0,0,22,0,22,0,18,74,0,92,173,0,173,265
07/11/2022,ORL,FL,ASO,ES,Towers with Radar,0,24,54,0,78,0,5,46,0,51,0,29,100,0,129,222,0,222,351
07/12/2022,ORL,FL,ASO,ES,Towers with Radar,0,22,85,0,107,0,4,48,0,52,0,26,133,0,159,388,0,388,547
07/13/2022,ORL,FL,ASO,ES,Towers with Radar,0,13,60,0,73,0,1,50,1,52,0,14,110,1,125,230,0,230,355
07/14/2022,ORL,FL,ASO,ES,Towers with Radar,0,16,87,0,103,0,1,49,0,50,0,17,136,0,153,247,0,247,400
07/15/2022,ORL,FL,ASO,ES,Towers with Radar,0,13,80,0,93,0,3,29,0,32,0,16,109,0,125,353,0,353,478
07/16/2022,ORL,FL,ASO,ES,Towers with Radar,0,11,48,0,59,0,0,22,0,22,0,11,70,0,81,158,0,158,239
07/17/2022,ORL,FL,ASO,ES,Towers with Radar,0,12,63,0,75,0,4,22,0,26,0,16,85,0,101,133,0,133,234
07/18/2022,ORL,FL,ASO,ES,Towers with Radar,0,15,76,0,91,0,5,31,0,36,0,20,107,0,127,240,0,240,367
07/19/2022,ORL,FL,ASO,ES,Towers with Radar,0,17,68,0,85,0,1,36,0,37,0,18,104,0,122,308,0,308,430
07/20/2022,ORL,FL,ASO,ES,Towers with Radar,0,18,74,0,92,0,1,29,0,30,0,19,103,0,122,164,0,164,286
07/21/2022,ORL,FL,ASO,ES,Towers with Radar,0,21,98,0,119,0,0,48,0,48,0,21,146,0,167,258,0,258,425
07/22/2022,ORL,FL,ASO,ES,Towers with Radar,0,23,84,0,107,0,2,34,0,36,0,25,118,0,143,217,0,217,360
07/23/2022,ORL,FL,ASO,ES,Towers with Radar,1,15,69,0,85,0,1,30,0,31,1,16,99,0,116,268,0,268,384
07/24/2022,ORL,FL,ASO,ES,Towers with Radar,0,24,69,0,93,0,1,40,0,41,0,25,109,0,134,136,0,136,270
07/25/2022,ORL,FL,ASO,ES,Towers with Radar,1,15,49,0,65,0,1,48,0,49,1,16,97,0,114,159,0,159,273
07/26/2022,ORL,FL,ASO,ES,Towers with Radar,0,19,45,0,64,0,1,38,0,39,0,20,83,0,103,296,0,296,399
07/27/2022,ORL,FL,ASO,ES,Towers with Radar,1,28,52,0,81,0,1,40,0,41,1,29,92,0,122,306,0,306,428
07/28/2022,ORL,FL,ASO,ES,Towers with Radar,0,14,78,0,92,0,1,61,0,62,0,15,139,0,154,199,0,199,353
07/29/2022,ORL,FL,ASO,ES,Towers with Radar,0,14,89,0,103,0,0,45,0,45,0,14,134,0,148,282,0,282,430
07/30/2022,ORL,FL,ASO,ES,Towers with Radar,0,8,60,0,68,0,2,39,0,41,0,10,99,0,109,199,0,199,308
07/31/2022,ORL,FL,ASO,ES,Towers with Radar,0,18,45,0,63,0,0,38,0,38,0,18,83,0,101,263,0,263,364
08/01/2022,ORL,FL,ASO,ES,Towers with Radar,0,23,72,0,95,0,2,43,0,45,0,25,115,0,140,278,0,278,418
08/02/2022,ORL,FL,ASO,ES,Towers with Radar,0,25,67,0,92,0,1,47,0,48,0,26,114,0,140,268,0,268,408
08/03/2022,ORL,FL,ASO,ES,Towers with Radar,0,26,70,0,96,0,2,50,0,52,0,28,120,0,148,284,0,284,432
08/04/2022,ORL,FL,ASO,ES,Towers with Radar,0,21,80,0,101,0,3,45,0,48,0,24,125,0,149,315,0,315,464
08/05/2022,ORL,FL,ASO,ES,Towers with Radar,0,14,61,0,75,0,0,32,0,32,0,14,93,0,107,244,0,244,351
08/06/2022,ORL,FL,ASO,ES,Towers with Radar,0,14,45,0,59,0,2,33,0,35,0,16,78,0,94,248,0,248,342
08/07/2022,ORL,FL,ASO,ES,Towers with Radar,0,18,64,0,82,0,0,21,0,21,0,18,85,0,103,172,0,172,275
08/08/2022,ORL,FL,ASO,ES,Towers with Radar,1,21,69,0,91,0,2,32,0,34,1,23,101,0,125,135,0,135,260
08/09/2022,ORL,FL,ASO,ES,Towers with Radar,0,22,54,0,76,0,2,24,0,26,0,24,78,0,102,264,0,264,366
08/10/2022,ORL,FL,ASO,ES,Towers with Radar,0,18,92,0,110,0,0,53,0,53,0,18,145,0,163,269,0,269,432
08/11/2022,ORL,FL,ASO,ES,Towers with Radar,0,16,69,0,85,0,1,28,0,29,0,17,97,0,114,281,0,281,395
08/12/2022,ORL,FL,ASO,ES,Towers with Radar,0,13,69,0,82,0,3,26,0,29,0,16,95,0,111,261,0,261,372
08/13/2022,ORL,FL,ASO,ES,Towers with Radar,0,6,40,0,46,0,0,21,0,21,0,6,61,0,67,185,0,185,252
08/14/2022,ORL,FL,ASO,ES,Towers with Radar,0,12,65,0,77,0,1,10,0,11,0,13,75,0,88,235,0,235,323
08/15/2022,ORL,FL,ASO,ES,Towers with Radar,0,14,80,0,94,0,4,40,0,44,0,18,120,0,138,344,0,344,482
08/16/2022,ORL,FL,ASO,ES,Towers with Radar,0,37,64,0,101,0,1,36,0,37,0,38,100,0,138,377,0,377,515
08/17/2022,ORL,FL,ASO,ES,Towers with Radar,0,25,85,0,110,0,1,25,0,26,0,26,110,0,136,304,0,304,440
08/18/2022,ORL,FL,ASO,ES,Towers with Radar,0,23,76,0,99,0,0,40,0,40,0,23,116,0,139,320,0,320,459
08/19/2022,ORL,FL,ASO,ES,Towers with Radar,0,17,72,1,90,0,3,32,0,35,0,20,104,1,125,141,0,141,266
08/20/2022,ORL,FL,ASO,ES,Towers with Radar,0,15,44,0,59,0,1,14,0,15,0,16,58,0,74,329,0,329,403
08/21/2022,ORL,FL,ASO,ES,Towers with Radar,0,20,62,1,83,0,1,25,0,26,0,21,87,1,109,265,0,265,374
08/22/2022,ORL,FL,ASO,ES,Towers with Radar,1,17,69,3,90,0,4,39,0,43,1,21,108,3,133,241,0,241,374
08/23/2022,ORL,FL,ASO,ES,Towers with Radar,0,33,65,1,99,0,2,34,0,36,0,35,99,1,135,183,0,183,318
08/24/2022,ORL,FL,ASO,ES,Towers with Radar,0,21,69,0,90,0,2,31,0,33,0,23,100,0,123,333,0,333,456
08/25/2022,ORL,FL,ASO,ES,Towers with Radar,0,19,78,0,97,0,2,42,0,44,0,21,120,0,141,195,0,195,336
08/26/2022,ORL,FL,ASO,ES,Towers with Radar,0,11,63,0,74,0,7,29,0,36,0,18,92,0,110,269,0,269,379
08/27/2022,ORL,FL,ASO,ES,Towers with Radar,0,9,33,0,42,0,1,21,0,22,0,10,54,0,64,139,0,139,203
08/28/2022,ORL,FL,ASO,ES,Towers with Radar,0,22,67,0,89,0,1,10,0,11,0,23,77,0,100,188,0,188,288
08/29/2022,ORL,FL,ASO,ES,Towers with Radar,0,19,68,2,89,0,1,36,0,37,0,20,104,2,126,146,0,146,272
08/30/2022,ORL,FL,ASO,ES,Towers with Radar,0,27,58,0,85,0,1,44,0,45,0,28,102,0,130,184,0,184,314
08/31/2022,ORL,FL,ASO,ES,Towers with Radar,0,20,75,0,95,0,0,52,0,52,0,20,127,0,147,147,0,147,294
09/01/2022,ORL,FL,ASO,ES,Towers with Radar,0,14,72,0,86,0,0,46,0,46,0,14,118,0,132,140,0,140,272
09/02/2022,ORL,FL,ASO,ES,Towers with Radar,0,26,67,0,93,0,3,40,0,43,0,29,107,0,136,149,0,149,285
09/03/2022,ORL,FL,ASO,ES,Towers with Radar,0,10,44,0,54,0,0,27,0,27,0,10,71,0,81,270,0,270,351
09/04/2022,ORL,FL,ASO,ES,Towers with Radar,0,19,41,0,60,0,1,27,0,28,0,20,68,0,88,152,0,152,240
09/05/2022,ORL,FL,ASO,ES,Towers with Radar,0,28,69,0,97,0,2,26,0,28,0,30,95,0,125,308,0,308,433
09/06/2022,ORL,FL,ASO,ES,Towers with Radar,0,22,67,0,89,0,1,60,0,61,0,23,127,0,150,297,0,297,447
09/07/2022,ORL,FL,ASO,ES,Towers with Radar,0,27,56,0,83,0,2,46,0,48,0,29,102,0,131,298,0,298,429
09/08/2022,ORL,FL,ASO,ES,Towers with Radar,0,17,52,0,69,0,4,27,0,31,0,21,79,0,100,219,0,219,319
09/09/2022,ORL,FL,ASO,ES,Towers with Radar,0,17,69,0,86,0,3,43,0,46,0,20,112,0,132,250,0,250,382
09/10/2022,ORL,FL,ASO,ES,Towers with Radar,0,15,36,0,51,0,0,25,0,25,0,15,61,0,76,222,0,222,298
09/11/2022,ORL,FL,ASO,ES,Towers with Radar,0,17,44,0,61,0,0,30,0,30,0,17,74,0,91,230,0,230,321
09/12/2022,ORL,FL,ASO,ES,Towers with Radar,0,27,58,0,85,0,4,24,0,28,0,31,82,0,113,161,0,161,274
09/13/2022,ORL,FL,ASO,ES,Towers with Radar,0,26,68,0,94,0,4,50,0,54,0,30,118,0,148,272,0,272,420
09/14/2022,ORL,FL,ASO,ES,Towers with Radar,0,15,86,0,101,0,0,29,0,29,0,15,115,0,130,183,0,183,313
09/15/2022,ORL,FL,ASO,ES,Towers with Radar,0,29,56,0,85,0,4,38,0,42,0,33,94,0,127,197,0,197,324
09/16/2022,ORL,FL,ASO,ES,Towers with Radar,0,35,89,0,124,0,0,26,0,26,0,35,115,0,150,114,0,114,264
09/17/2022,ORL,FL,ASO,ES,Towers with Radar,0,14,41,0,55,0,0,18,0,18,0,14,59,0,73,169,0,169,242
09/18/2022,ORL,FL,ASO,ES,Towers with Radar,0,27,87,0,114,0,2,20,0,22,0,29,107,0,136,246,0,246,382
09/19/2022,ORL,FL,ASO,ES,Towers with Radar,0,19,67,0,86,0,3,28,0,31,0,22,95,0,117,246,0,246,363
09/20/2022,ORL,FL,ASO,ES,Towers with Radar,0,31,72,0,103,0,2,31,0,33,0,33,103,0,136,261,0,261,397
09/21/2022,ORL,FL,ASO,ES,Towers with Radar,0,26,97,0,123,0,1,49,0,50,0,27,146,0,173,242,0,242,415
09/22/2022,ORL,FL,ASO,ES,Towers with Radar,0,41,70,0,111,0,1,38,0,39,0,42,108,0,150,280,0,280,430
09/23/2022,ORL,FL,ASO,ES,Towers with Radar,0,18,77,0,95,0,2,49,0,51,0,20,126,0,146,188,0,188,334
09/24/2022,ORL,FL,ASO,ES,Towers with Radar,0,21,51,0,72,0,4,43,0,47,0,25,94,0,119,232,0,232,351
09/25/2022,ORL,FL,ASO,ES,Towers with Radar,0,16,69,0,85,0,1,26,0,27,0,17,95,0,112,242,0,242,354
09/26/2022,ORL,FL,ASO,ES,Towers with Radar,0,24,49,0,73,0,2,37,0,39,0,26,86,0,112,208,0,208,320
09/27/2022,ORL,FL,ASO,ES,Towers with Radar,0,36,63,0,99,0,0,20,1,21,0,36,83,1,120,121,0,121,241
09/28/2022,ORL,FL,ASO,ES,Towers with Radar,0,1,2,0,3,0,0,0,0,0,0,1,2,0,3,0,0,0,3
09/29/2022,ORL,FL,ASO,ES,Towers with Radar,0,0,0,0,0,0,0,3,0,3,0,0,3,0,3,0,0,0,3
09/30/2022,ORL,FL,ASO,ES,Towers with Radar,0,9,29,0,38,0,2,46,0,48,0,11,75,0,86,6,0,6,92
10/01/2022,ORL,FL,ASO,ES,Towers with Radar,0,14,43,0,57,0,8,138,1,147,0,22,181,1,204,245,0,245,449
10/02/2022,ORL,FL,ASO,ES,Towers with Radar,0,18,51,0,69,0,8,148,0,156,0,26,199,0,225,114,0,114,339
10/03/2022,ORL,FL,ASO,ES,Towers with Radar,0,17,42,0,59,0,6,185,0,191,0,23,227,0,250,193,0,193,443
10/04/2022,ORL,FL,ASO,ES,Towers with Radar,0,20,63,0,83,0,6,209,0,215,0,26,272,0,298,279,0,279,577
10/05/2022,ORL,FL,ASO,ES,Towers with Radar,0,20,70,0,90,0,9,186,0,195,0,29,256,0,285,292,0,292,577
10/06/2022,ORL,FL,ASO,ES,Towers with Radar,1,44,57,0,102,0,8,216,0,224,1,52,273,0,326,254,0,254,580
10/07/2022,ORL,FL,ASO,ES,Towers with Radar,0,16,75,0,91,0,6,222,0,228,0,22,297,0,319,269,0,269,588
10/08/2022,ORL,FL,ASO,ES,Towers with Radar,0,10,52,0,62,0,4,246,0,250,0,14,298,0,312,202,0,202,514
10/09/2022,ORL,FL,ASO,ES,Towers with Radar,0,24,69,0,93,0,9,159,0,168,0,33,228,0,261,183,0,183,444
10/10/2022,ORL,FL,ASO,ES,Towers with Radar,0,29,85,0,114,0,9,196,0,205,0,38,281,0,319,259,0,259,578
10/11/2022,ORL,FL,ASO,ES,Towers with Radar,0,22,64,0,86,0,8,232,0,240,0,30,296,0,326,351,0,351,677
10/12/2022,ORL,FL,ASO,ES,Towers with Radar,1,34,71,0,106,0,5,170,0,175,1,39,241,0,281,231,0,231,512
10/13/2022,ORL,FL,ASO,ES,Towers with Radar,0,29,75,0,104,0,6,159,0,165,0,35,234,0,269,318,0,318,587
10/14/2022,ORL,FL,ASO,ES,Towers with Radar,0,17,89,0,106,0,6,253,1,260,0,23,342,1,366,196,0,196,562
10/15/2022,ORL,FL,ASO,ES,Towers with Radar,0,17,71,0,88,0,4,189,0,193,0,21,260,0,281,190,0,190,471
10/16/2022,ORL,FL,ASO,ES,Towers with Radar,1,38,114,0,153,0,3,149,0,152,1,41,263,0,305,50,0,50,355
10/17/2022,ORL,FL,ASO,ES,Towers with Radar,0,35,125,1,161,0,2,136,0,138,0,37,261,1,299,46,0,46,345
10/18/2022,ORL,FL,ASO,ES,Towers with Radar,0,54,164,0,218,0,3,189,0,192,0,57,353,0,410,34,0,34,444
10/19/2022,ORL,FL,ASO,ES,Towers with Radar,0,49,188,1,238,0,6,143,0,149,0,55,331,1,387,34,0,34,421
10/20/2022,ORL,FL,ASO,ES,Towers with Radar,0,64,207,0,271,0,5,175,0,180,0,69,382,0,451,38,0,38,489
10/21/2022,ORL,FL,ASO,ES,Towers with Radar,1,26,105,0,132,0,10,205,0,215,1,36,310,0,347,182,0,182,529
10/22/2022,ORL,FL,ASO,ES,Towers with Radar,0,13,64,0,77,0,4,217,0,221,0,17,281,0,298,159,0,159,457
10/23/2022,ORL,FL,ASO,ES,Towers with Radar,0,33,79,1,113,0,7,177,0,184,0,40,256,1,297,226,0,226,523
10/24/2022,ORL,FL,ASO,ES,Towers with Radar,0,28,94,0,122,0,8,170,0,178,0,36,264,0,300,246,0,246,546
10/25/2022,ORL,FL,ASO,ES,Towers with Radar,0,30,88,0,118,0,8,215,0,223,0,38,303,0,341,340,0,340,681
10/26/2022,ORL,FL,ASO,ES,Towers with Radar,0,30,99,1,130,0,6,241,0,247,0,36,340,1,377,385,0,385,762
10/27/2022,ORL,FL,ASO,ES,Towers with Radar,0,35,99,0,134,0,2,147,0,149,0,37,246,0,283,399,0,399,682
10/28/2022,ORL,FL,ASO,ES,Towers with Radar,0,25,93,0,118,0,2,123,0,125,0,27,216,0,243,370,0,370,613
10/29/2022,ORL,FL,ASO,ES,Towers with Radar,0,24,68,0,92,0,4,64,0,68,0,28,132,0,160,177,0,177,337
10/30/2022,ORL,FL,ASO,ES,Towers with Radar,0,30,72,1,103,0,4,109,0,113,0,34,181,1,216,165,0,165,381
10/31/2022,ORL,FL,ASO,ES,Towers with Radar,0,25,68,0,93,0,7,200,0,207,0,32,268,0,300,330,0,330,630
11/01/2022,ORL,FL,ASO,ES,Towers with Radar,0,31,84,0,115,0,5,158,0,163,0,36,242,0,278,223,0,223,501
11/02/2022,ORL,FL,ASO,ES,Towers with Radar,0,27,74,1,102,0,6,175,0,181,0,33,249,1,283,151,0,151,434
11/03/2022,ORL,FL,ASO,ES,Towers with Radar,0,26,98,0,124,0,7,211,0,218,0,33,309,0,342,238,0,238,580
11/04/2022,ORL,FL,ASO,ES,Towers with Radar,0,19,95,0,114,0,3,233,0,236,0,22,328,0,350,319,0,319,669
11/05/2022,ORL,FL,ASO,ES,Towers with Radar,0,15,58,0,73,0,2,154,0,156,0,17,212,0,229,231,0,231,460
11/06/2022,ORL,FL,ASO,ES,Towers with Radar,0,23,78,0,101,0,2,166,0,168,0,25,244,0,269,214,0,214,483
11/07/2022,ORL,FL,ASO,ES,Towers with Radar,0,28,68,0,96,0,5,135,0,140,0,33,203,0,236,133,0,133,369
11/08/2022,ORL,FL,ASO,ES,Towers with Radar,0,25,82,0,107,0,0,61,0,61,0,25,143,0,168,97,0,97,265
11/09/2022,ORL,FL,ASO,ES,Towers with Radar,0,10,26,0,36,0,0,1,0,1,0,10,27,0,37,0,0,0,37
11/10/2022,ORL,FL,ASO,ES,Towers with Radar,0,2,4,0,6,0,0,2,0,2,0,2,6,0,8,0,0,0,8
11/11/2022,ORL,FL,ASO,ES,Towers with Radar,0,39,77,0,116,0,7,97,0,104,0,46,174,0,220,112,0,112,332
11/12/2022,ORL,FL,ASO,ES,Towers with Radar,0,15,75,0,90,0,2,156,0,158,0,17,231,0,248,147,0,147,395
11/13/2022,ORL,FL,ASO,ES,Towers with Radar,0,27,108,0,135,0,2,90,1,93,0,29,198,1,228,129,0,129,357
11/14/2022,ORL,FL,ASO,ES,Towers with Radar,0,30,105,0,135,0,5,219,0,224,0,35,324,0,359,253,0,253,612
11/15/2022,ORL,FL,ASO,ES,Towers with Radar,0,14,69,0,83,0,14,228,0,242,0,28,297,0,325,305,0,305,630
11/16/2022,ORL,FL,ASO,ES,Towers with Radar,0,46,127,0,173,0,4,97,0,101,0,50,224,0,274,217,0,217,491
11/17/2022,ORL,FL,ASO,ES,Towers with Radar,0,34,109,0,143,0,0,226,0,226,0,34,335,0,369,271,0,271,640
11/18/2022,ORL,FL,ASO,ES,Towers with Radar,0,35,103,0,138,0,6,273,0,279,0,41,376,0,417,305,0,305,722
11/19/2022,ORL,FL,ASO,ES,Towers with Radar,0,17,80,0,97,0,4,210,0,214,0,21,290,0,311,173,0,173,484
11/20/2022,ORL,FL,ASO,ES,Towers with Radar,0,15,79,0,94,0,0,39,0,39,0,15,118,0,133,82,0,82,215
11/21/2022,ORL,FL,ASO,ES,Towers with Radar,0,28,78,0,106,0,3,174,0,177,0,31,252,0,283,295,0,295,578
11/22/2022,ORL,FL,ASO,ES,Towers with Radar,0,43,99,0,142,0,0,2,0,2,0,43,101,0,144,4,0,4,148
11/23/2022,ORL,FL,ASO,ES,Towers with Radar,0,29,111,0,140,0,2,30,0,32,0,31,141,0,172,48,0,48,220
11/24/2022,ORL,FL,ASO,ES,Towers with Radar,0,8,17,4,29,0,0,27,0,27,0,8,44,4,56,85,0,85,141
11/25/2022,ORL,FL,ASO,ES,Towers with Radar,0,13,61,0,74,0,5,97,0,102,0,18,158,0,176,171,0,171,347
11/26/2022,ORL,FL,ASO,ES,Towers with Radar,0,19,103,0,122,0,2,64,0,66,0,21,167,0,188,163,0,163,351
11/27/2022,ORL,FL,ASO,ES,Towers with Radar,1,28,145,0,174,0,0,93,0,93,1,28,238,0,267,73,0,73,340
11/28/2022,ORL,FL,ASO,ES,Towers with Radar,0,37,48,0,85,0,8,219,0,227,0,45,267,0,312,245,0,245,557
11/29/2022,ORL,FL,ASO,ES,Towers with Radar,0,18,76,2,96,0,11,232,0,243,0,29,308,2,339,317,0,317,656
11/30/2022,ORL,FL,ASO,ES,Towers with Radar,0,30,95,2,127,0,6,220,0,226,0,36,315,2,353,239,0,239,592
12/01/2022,ORL,FL,ASO,ES,Towers with Radar,0,39,92,0,131,0,11,194,0,205,0,50,286,0,336,191,0,191,527
12/02/2022,ORL,FL,ASO,ES,Towers with Radar,0,41,71,0,112,0,7,243,0,250,0,48,314,0,362,264,0,264,626
12/03/2022,ORL,FL,ASO,ES,Towers with Radar,0,24,65,0,89,0,8,219,0,227,0,32,284,0,316,263,0,263,579
12/04/2022,ORL,FL,ASO,ES,Towers with Radar,0,25,83,0,108,0,6,168,0,174,0,31,251,0,282,278,0,278,560
12/05/2022,ORL,FL,ASO,ES,Towers with Radar,0,25,91,0,116,0,7,149,0,156,0,32,240,0,272,290,0,290,562
12/06/2022,ORL,FL,ASO,ES,Towers with Radar,0,25,104,0,129,0,9,176,0,185,0,34,280,0,314,209,0,209,523
12/07/2022,ORL,FL,ASO,ES,Towers with Radar,0,28,76,0,104,0,6,190,0,196,0,34,266,0,300,210,0,210,510
12/08/2022,ORL,FL,ASO,ES,Towers with Radar,0,31,98,0,129,0,7,222,0,229,0,38,320,0,358,302,0,302,660
12/09/2022,ORL,FL,ASO,ES,Towers with Radar,0,23,90,0,113,0,11,207,0,218,0,34,297,0,331,209,0,209,540
12/10/2022,ORL,FL,ASO,ES,Towers with Radar,0,13,55,0,68,0,2,146,0,148,0,15,201,0,216,177,0,177,393
12/11/2022,ORL,FL,ASO,ES,Towers with Radar,0,34,91,0,125,0,0,38,0,38,0,34,129,0,163,248,0,248,411
12/12/2022,ORL,FL,ASO,ES,Towers with Radar,0,33,88,0,121,0,8,148,0,156,0,41,236,0,277,205,0,205,482
12/13/2022,ORL,FL,ASO,ES,Towers with Radar,0,37,104,0,141,0,4,76,0,80,0,41,180,0,221,84,0,84,305
12/14/2022,ORL,FL,ASO,ES,Towers with Radar,0,19,101,1,121,0,8,171,0,179,0,27,272,1,300,240,0,240,540
12/15/2022,ORL,FL,ASO,ES,Towers with Radar,0,27,65,0,92,0,0,29,0,29,0,27,94,0,121,42,0,42,163
12/16/2022,ORL,FL,ASO,ES,Towers with Radar,0,29,105,0,134,0,11,257,0,268,0,40,362,0,402,253,0,253,655
12/17/2022,ORL,FL,ASO,ES,Towers with Radar,0,21,95,0,116,0,7,193,0,200,0,28,288,0,316,184,0,184,500
12/18/2022,ORL,FL,ASO,ES,Towers with Radar,0,24,75,1,100,0,8,148,0,156,0,32,223,1,256,196,0,196,452
12/19/2022,ORL,FL,ASO,ES,Towers with Radar,0,33,74,0,107,0,9,217,0,226,0,42,291,0,333,271,0,271,604
12/20/2022,ORL,FL,ASO,ES,Towers with Radar,1,19,67,0,87,0,4,111,0,115,1,23,178,0,202,138,0,138,340
12/21/2022,ORL,FL,ASO,ES,Towers with Radar,0,32,104,0,136,0,0,1,0,1,0,32,105,0,137,0,0,0,137
12/22/2022,ORL,FL,ASO,ES,Towers with Radar,0,37,81,0,118,0,0,16,0,16,0,37,97,0,134,18,0,18,152
12/23/2022,ORL,FL,ASO,ES,Towers with Radar,0,19,57,0,76,0,1,123,0,124,0,20,180,0,200,127,0,127,327
12/24/2022,ORL,FL,ASO,ES,Towers with Radar,0,6,28,0,34,0,7,53,0,60,0,13,81,0,94,18,0,18,112
12/25/2022,ORL,FL,ASO,ES,Towers with Radar,0,22,12,0,34,0,8,23,0,31,0,30,35,0,65,18,0,18,83
12/26/2022,ORL,FL,ASO,ES,Towers with Radar,0,36,71,0,107,0,8,103,0,111,0,44,174,0,218,178,0,178,396
12/27/2022,ORL,FL,ASO,ES,Towers with Radar,0,32,88,0,120,0,10,180,0,190,0,42,268,0,310,168,0,168,478
12/28/2022,ORL,FL,ASO,ES,Towers with Radar,0,33,82,0,115,0,14,190,0,204,0,47,272,0,319,230,0,230,549
12/29/2022,ORL,FL,ASO,ES,Towers with Radar,0,53,62,0,115,0,4,173,0,177,0,57,235,0,292,124,0,124,416
12/30/2022,ORL,FL,ASO,ES,Towers with Radar,0,38,76,0,114,0,5,205,1,211,0,43,281,1,325,266,0,266,591
12/31/2022,ORL,FL,ASO,ES,Towers with Radar,0,24,47,0,71,0,0,30,0,30,0,24,77,0,101,22,0,22,123
01/01/2023,ORL,FL,ASO,ES,Towers with Radar,0,18,48,0,66,0,4,51,0,55,0,22,99,0,121,22,0,22,143
01/02/2023,ORL,FL,ASO,ES,Towers with Radar,0,25,91,0,116,0,4,142,3,149,0,29,233,3,265,118,4,122,387
01/03/2023,ORL,FL,ASO,ES,Towers with Radar,0,32,81,0,113,0,3,151,0,154,0,35,232,0,267,178,0,178,445
01/04/2023,ORL,FL,ASO,ES,Towers with Radar,0,19,94,0,113,0,3,96,0,99,0,22,190,0,212,98,0,98,310
01/05/2023,ORL,FL,ASO,ES,Towers with Radar,0,26,89,1,116,0,5,107,0,112,0,31,196,1,228,113,0,113,341
01/06/2023,ORL,FL,ASO,ES,Towers with Radar,0,13,91,0,104,0,9,241,0,250,0,22,332,0,354,173,0,173,527
01/07/2023,ORL,FL,ASO,ES,Towers with Radar,0,8,57,0,65,0,0,193,0,193,0,8,250,0,258,236,0,236,494
01/08/2023,ORL,FL,ASO,ES,Towers with Radar,0,20,78,0,98,0,2,201,0,203,0,22,279,0,301,187,0,187,488
01/09/2023,ORL,FL,ASO,ES,Towers with Radar,0,17,66,0,83,0,7,245,0,252,0,24,311,0,335,284,0,284,619
01/10/2023,ORL,FL,ASO,ES,Towers with Radar,0,25,52,0,77,0,8,184,0,192,0,33,236,0,269,254,0,254,523
01/11/2023,ORL,FL,ASO,ES,Towers with Radar,0,27,74,0,101,0,6,237,0,243,0,33,311,0,344,152,0,152,496
01/12/2023,ORL,FL,ASO,ES,Towers with Radar,0,26,90,0,116,0,0,223,0,223,0,26,313,0,339,258,0,258,597
01/13/2023,ORL,FL,ASO,ES,Towers with Radar,0,17,76,0,93,0,2,51,2,55,0,19,127,2,148,142,0,142,290
01/14/2023,ORL,FL,ASO,ES,Towers with Radar,0,8,46,0,54,0,4,137,0,141,0,12,183,0,195,99,0,99,294
01/15/2023,ORL,FL,ASO,ES,Towers with Radar,0,14,64,1,79,0,5,156,0,161,0,19,220,1,240,182,0,182,422
01/16/2023,ORL,FL,ASO,ES,Towers with Radar,0,25,72,0,97,0,7,202,1,210,0,32,274,1,307,346,0,346,653
01/17/2023,ORL,FL,ASO,ES,Towers with Radar,0,27,83,0,110,0,11,246,0,257,0,38,329,0,367,183,0,183,550
01/18/2023,ORL,FL,ASO,ES,Towers with Radar,0,24,86,0,110,0,14,241,0,255,0,38,327,0,365,382,0,382,747
01/19/2023,ORL,FL,ASO,ES,Towers with Radar,0,31,102,0,133,0,9,231,0,240,0,40,333,0,373,282,0,282,655
01/20/2023,ORL,FL,ASO,ES,Towers with Radar,0,22,81,0,103,0,13,174,0,187,0,35,255,0,290,204,0,204,494
01/21/2023,ORL,FL,ASO,ES,Towers with Radar,0,26,68,0,94,0,4,197,0,201,0,30,265,0,295,343,0,343,638
01/22/2023,ORL,FL,ASO,ES,Towers with Radar,0,29,85,0,114,0,1,112,0,113,0,30,197,0,227,104,0,104,331
01/23/2023,ORL,FL,ASO,ES,Towers with Radar,0,21,81,0,102,0,7,196,0,203,0,28,277,0,305,236,0,236,541
01/24/2023,ORL,FL,ASO,ES,Towers with Radar,0,48,78,0,126,0,10,227,0,237,0,58,305,0,363,303,0,303,666
01/25/2023,ORL,FL,ASO,ES,Towers with Radar,0,32,79,0,111,0,8,122,0,130,0,40,201,0,241,71,0,71,312
01/26/2023,ORL,FL,ASO,ES,Towers with Radar,0,35,115,0,150,0,13,164,0,177,0,48,279,0,327,189,0,189,516
01/27/2023,ORL,FL,ASO,ES,Towers with Radar,0,43,79,0,122,0,10,308,0,318,0,53,387,0,440,274,0,274,714
01/28/2023,ORL,FL,ASO,ES,Towers with Radar,0,26,80,0,106,0,6,176,0,182,0,32,256,0,288,146,0,146,434
01/29/2023,ORL,FL,ASO,ES,Towers with Radar,0,24,63,0,87,0,3,203,0,206,0,27,266,0,293,107,0,107,400
01/30/2023,ORL,FL,ASO,ES,Towers with Radar,0,25,61,0,86,0,12,159,0,171,0,37,220,0,257,211,0,211,468
01/31/2023,ORL,FL,ASO,ES,Towers with Radar,0,25,82,0,107,0,4,188,0,192,0,29,270,0,299,292,0,292,591
02/01/2023,ORL,FL,ASO,ES,Towers with Radar,0,36,69,0,105,0,8,191,0,199,0,44,260,0,304,320,0,320,624
02/02/2023,ORL,FL,ASO,ES,Towers with Radar,0,23,82,0,105,0,7,186,0,193,0,30,268,0,298,287,0,287,585
02/03/2023,ORL,FL,ASO,ES,Towers with Radar,0,25,96,0,121,0,0,27,0,27,0,25,123,0,148,80,0,80,228
02/04/2023,ORL,FL,ASO,ES,Towers with Radar,0,22,48,0,70,0,9,111,0,120,0,31,159,0,190,204,0,204,394
02/05/2023,ORL,FL,ASO,ES,Towers with Radar,0,43,81,0,124,0,4,50,0,54,0,47,131,0,178,137,0,137,315
02/06/2023,ORL,FL,ASO,ES,Towers with Radar,0,25,66,0,91,0,11,201,0,212,0,36,267,0,303,233,0,233,536
02/07/2023,ORL,FL,ASO,ES,Towers with Radar,0,15,77,0,92,0,11,215,0,226,0,26,292,0,318,220,0,220,538
02/08/2023,ORL,FL,ASO,ES,Towers with Radar,0,32,87,0,119,0,10,186,0,196,0,42,273,0,315,237,0,237,552
02/09/2023,ORL,FL,ASO,ES,Towers with Radar,0,34,104,0,138,0,7,151,0,158,0,41,255,0,296,232,0,232,528
02/10/2023,ORL,FL,ASO,ES,Towers with Radar,0,16,89,0,105,0,2,123,0,125,0,18,212,0,230,180,0,180,410
02/11/2023,ORL,FL,ASO,ES,Towers with Radar,0,18,43,0,61,0,1,77,0,78,0,19,120,0,139,101,0,101,240
02/12/2023,ORL,FL,ASO,ES,Towers with Radar,0,36,40,0,76,0,2,15,0,17,0,38,55,0,93,10,0,10,103
02/13/2023,ORL,FL,ASO,ES,Towers with Radar,1,32,69,2,104,0,12,184,0,196,1,44,253,2,300,280,0,280,580
02/14/2023,ORL,FL,ASO,ES,Towers with Radar,0,34,73,0,107,0,8,170,0,178,0,42,243,0,285,264,0,264,549
02/15/2023,ORL,FL,ASO,ES,Towers with Radar,0,27,93,0,120,0,4,189,0,193,0,31,282,0,313,286,0,286,599
02/16/2023,ORL,FL,ASO,ES,Towers with Radar,0,36,90,0,126,0,3,186,0,189,0,39,276,0,315,150,0,150,465
02/17/2023,ORL,FL,ASO,ES,Towers with Radar,0,32,70,0,102,0,12,188,0,200,0,44,258,0,302,257,0,257,559
02/18/2023,ORL,FL,ASO,ES,Towers with Radar,0,18,61,0,79,0,4,160,0,164,0,22,221,0,243,170,0,170,413
02/19/2023,ORL,FL,ASO,ES,Towers with Radar,0,31,62,0,93,0,4,147,0,151,0,35,209,0,244,256,0,256,500
02/20/2023,ORL,FL,ASO,ES,Towers with Radar,0,32,99,0,131,0,12,207,0,219,0,44,306,0,350,314,0,314,664
02/21/2023,ORL,FL,ASO,ES,Towers with Radar,0,23,103,0,126,0,8,134,0,142,0,31,237,0,268,177,0,177,445
02/22/2023,ORL,FL,ASO,ES,Towers with Radar,0,30,104,1,135,0,7,137,0,144,0,37,241,1,279,164,0,164,443
02/23/2023,ORL,FL,ASO,ES,Towers with Radar,0,53,103,0,156,0,6,148,0,154,0,59,251,0,310,127,0,127,437
02/24/2023,ORL,FL,ASO,ES,Towers with Radar,0,49,94,0,143,0,9,118,0,127,0,58,212,0,270,132,0,132,402
02/25/2023,ORL,FL,ASO,ES,Towers with Radar,0,20,57,0,77,0,10,182,0,192,0,30,239,0,269,270,0,270,539
02/26/2023,ORL,FL,ASO,ES,Towers with Radar,0,35,86,0,121,0,7,117,0,124,0,42,203,0,245,168,0,168,413
02/27/2023,ORL,FL,ASO,ES,Towers with Radar,0,32,95,0,127,0,10,134,0,144,0,42,229,0,271,128,0,128,399
02/28/2023,ORL,FL,ASO,ES,Towers with Radar,0,39,99,0,138,0,0,82,0,82,0,39,181,0,220,260,0,260,480
03/01/2023,ORL,FL,ASO,ES,Towers with Radar,0,34,72,0,106,0,10,181,0,191,0,44,253,0,297,178,0,178,475
03/02/2023,ORL,FL,ASO,ES,Towers with Radar,0,45,98,0,143,0,9,198,0,207,0,54,296,0,350,177,0,177,527
03/03/2023,ORL,FL,ASO,ES,Towers with Radar,0,28,48,0,76,0,4,103,0,107,0,32,151,0,183,91,0,91,274
03/04/2023,ORL,FL,ASO,ES,Towers with Radar,0,16,46,0,62,0,2,78,0,80,0,18,124,0,142,57,0,57,199
03/05/2023,ORL,FL,ASO,ES,Towers with Radar,0,36,65,0,101,0,4,138,0,142,0,40,203,0,243,206,0,206,449
03/06/2023,ORL,FL,ASO,ES,Towers with Radar,0,38,65,0,103,0,7,155,0,162,0,45,220,0,265,322,0,322,587
03/07/2023,ORL,FL,ASO,ES,Towers with Radar,0,38,74,0,112,0,7,170,0,177,0,45,244,0,289,289,0,289,578
03/08/2023,ORL,FL,ASO,ES,Towers with Radar,0,29,115,0,144,0,5,168,0,173,0,34,283,0,317,156,0,156,473
03/09/2023,ORL,FL,ASO,ES,Towers with Radar,0,37,78,0,115,0,11,201,0,212,0,48,279,0,327,281,0,281,608
03/10/2023,ORL,FL,ASO,ES,Towers with Radar,0,29,93,0,122,0,8,148,0,156,0,37,241,0,278,181,0,181,459
03/11/2023,ORL,FL,ASO,ES,Towers with Radar,1,28,80,0,109,0,3,173,0,176,1,31,253,0,285,153,0,153,438
03/12/2023,ORL,FL,ASO,ES,Towers with Radar,0,35,58,0,93,0,1,144,0,145,0,36,202,0,238,248,0,248,486
03/13/2023,ORL,FL,ASO,ES,Towers with Radar,0,32,54,0,86,0,2,38,0,40,0,34,92,0,126,88,0,88,214
03/14/2023,ORL,FL,ASO,ES,Towers with Radar,0,41,81,2,124,0,4,170,0,174,0,45,251,2,298,229,0,229,527
03/15/2023,ORL,FL,ASO,ES,Towers with Radar,0,35,88,0,123,0,3,201,0,204,0,38,289,0,327,259,0,259,586
03/16/2023,ORL,FL,ASO,ES,Towers with Radar,0,44,123,0,167,0,14,205,0,219,0,58,328,0,386,196,0,196,582
03/17/2023,ORL,FL,ASO,ES,Towers with Radar,0,36,78,0,114,0,11,171,0,182,0,47,249,0,296,254,0,254,550
03/18/2023,ORL,FL,ASO,ES,Towers with Radar,0,45,68,0,113,0,11,96,0,107,0,56,164,0,220,166,0,166,386
03/19/2023,ORL,FL,ASO,ES,Towers with Radar,0,42,78,0,120,0,5,96,0,101,0,47,174,0,221,226,0,226,447
03/20/2023,ORL,FL,ASO,ES,Towers with Radar,0,35,73,0,108,0,2,148,0,150,0,37,221,0,258,187,0,187,445
03/21/2023,ORL,FL,ASO,ES,Towers with Radar,0,34,77,2,113,0,9,167,0,176,0,43,244,2,289,320,0,320,609
03/22/2023,ORL,FL,ASO,ES,Towers with Radar,0,25,71,0,96,0,13,161,0,174,0,38,232,0,270,344,0,344,614
03/23/2023,ORL,FL,ASO,ES,Towers with Radar,0,34,104,0,138,0,10,131,0,141,0,44,235,0,279,309,0,309,588
03/24/2023,ORL,FL,ASO,ES,Towers with Radar,1,46,57,0,104,0,8,168,0,176,1,54,225,0,280,264,0,264,544
03/25/2023,ORL,FL,ASO,ES,Towers with Radar,0,30,52,0,82,0,5,91,0,96,0,35,143,0,178,187,0,187,365
03/26/2023,ORL,FL,ASO,ES,Towers with Radar,0,39,81,0,120,0,6,114,1,121,0,45,195,1,241,253,0,253,494
03/27/2023,ORL,FL,ASO,ES,Towers with Radar,0,45,69,0,114,0,6,155,0,161,0,51,224,0,275,260,0,260,535
03/28/2023,ORL,FL,ASO,ES,Towers with Radar,0,40,50,0,90,0,7,140,0,147,0,47,190,0,237,304,0,304,541
03/29/2023,ORL,FL,ASO,ES,Towers with Radar,0,40,100,0,140,0,8,137,0,145,0,48,237,0,285,349,0,349,634
03/30/2023,ORL,FL,ASO,ES,Towers with Radar,0,36,84,0,120,0,7,178,0,185,0,43,262,0,305,278,0,278,583
03/31/2023,ORL,FL,ASO,ES,Towers with Radar,0,33,87,0,120,0,3,175,0,178,0,36,262,0,298,242,0,242,540
04/01/2023,ORL,FL,ASO,ES,Towers with Radar,0,30,61,0,91,0,9,126,0,135,0,39,187,0,226,212,0,212,438
04/02/2023,ORL,FL,ASO,ES,Towers with Radar,0,40,97,0,137,0,6,112,0,118,0,46,209,0,255,131,0,131,386
04/03/2023,ORL,FL,ASO,ES,Towers with Radar,0,30,72,0,102,0,11,108,0,119,0,41,180,0,221,316,0,316,537
04/04/2023,ORL,FL,ASO,ES,Towers with Radar,1,39,67,0,107,0,8,184,0,192,1,47,251,0,299,377,0,377,676
04/05/2023,ORL,FL,ASO,ES,Towers with Radar,0,32,67,0,99,0,18,166,1,185,0,50,233,1,284,277,0,277,561
04/06/2023,ORL,FL,ASO,ES,Towers with Radar,0,29,100,0,129,0,15,149,0,164,0,44,249,0,293,266,0,266,559
04/07/2023,ORL,FL,ASO,ES,Towers with Radar,0,23,88,0,111,0,14,180,0,194,0,37,268,0,305,203,0,203,508
04/08/2023,ORL,FL,ASO,ES,Towers with Radar,0,16,55,0,71,0,2,110,0,112,0,18,165,0,183,145,0,145,328
04/09/2023,ORL,FL,ASO,ES,Towers with Radar,0,28,56,0,84,0,1,14,0,15,0,29,70,0,99,5,0,5,104
04/10/2023,ORL,FL,ASO,ES,Towers with Radar,0,29,82,4,115,0,0,64,0,64,0,29,146,4,179,103,0,103,282
04/11/2023,ORL,FL,ASO,ES,Towers with Radar,0,23,87,0,110,0,7,103,0,110,0,30,190,0,220,125,0,125,345
04/12/2023,ORL,FL,ASO,ES,Towers with Radar,0,38,63,0,101,0,0,66,0,66,0,38,129,0,167,164,0,164,331
04/13/2023,ORL,FL,ASO,ES,Towers with Radar,0,32,72,0,104,0,5,76,0,81,0,37,148,0,185,163,0,163,348
04/14/2023,ORL,FL,ASO,ES,Towers with Radar,0,24,90,0,114,0,9,175,0,184,0,33,265,0,298,291,0,291,589
04/15/2023,ORL,FL,ASO,ES,Towers with Radar,0,15,56,0,71,0,7,139,0,146,0,22,195,0,217,276,0,276,493
04/16/2023,ORL,FL,ASO,ES,Towers with Radar,0,34,70,0,104,0,7,107,0,114,0,41,177,0,218,132,0,132,350
04/17/2023,ORL,FL,ASO,ES,Towers with Radar,0,35,74,0,109,0,8,49,0,57,0,43,123,0,166,148,0,148,314
04/18/2023,ORL,FL,ASO,ES,Towers with Radar,0,44,71,0,115,0,7,224,0,231,0,51,295,0,346,349,0,349,695
04/19/2023,ORL,FL,ASO,ES,Towers with Radar,0,43,119,0,162,0,8,196,0,204,0,51,315,0,366,300,0,300,666
04/20/2023,ORL,FL,ASO,ES,Towers with Radar,0,38,88,2,128,0,10,181,0,191,0,48,269,2,319,260,0,260,579
04/21/2023,ORL,FL,ASO,ES,Towers with Radar,0,38,108,0,146,0,7,179,0,186,0,45,287,0,332,278,0,278,610
04/22/2023,ORL,FL,ASO,ES,Towers with Radar,0,23,46,0,69,0,8,120,0,128,0,31,166,0,197,303,0,303,500
04/23/2023,ORL,FL,ASO,ES,Towers with Radar,0,40,80,0,120,0,2,169,0,171,0,42,249,0,291,176,0,176,467
04/24/2023,ORL,FL,ASO,ES,Towers with Radar,0,14,48,0,62,0,2,96,0,98,0,16,144,0,160,168,0,168,328
04/25/2023,ORL,FL,ASO,ES,Towers with Radar,0,30,75,0,105,0,2,117,0,119,0,32,192,0,224,238,0,238,462
04/26/2023,ORL,FL,ASO,ES,Towers with Radar,0,37,71,0,108,0,4,134,0,138,0,41,205,0,246,285,0,285,531
04/27/2023,ORL,FL,ASO,ES,Towers with Radar,0,33,79,0,112,0,3,140,0,143,0,36,219,0,255,252,0,252,507
04/28/2023,ORL,FL,ASO,ES,Towers with Radar,0,36,59,0,95,0,9,169,0,178,0,45,228,0,273,307,0,307,580
04/29/2023,ORL,FL,ASO,ES,Towers with Radar,0,19,54,0,73,0,4,108,0,112,0,23,162,0,185,211,0,211,396
04/30/2023,ORL,FL,ASO,ES,Towers with Radar,0,25,45,0,70,0,2,10,0,12,0,27,55,0,82,13,0,13,95
05/01/2023,ORL,FL,ASO,ES,Towers with Radar,0,38,67,0,105,0,21,172,1,194,0,59,239,1,299,312,0,312,611
05/02/2023,ORL,FL,ASO,ES,Towers with Radar,0,41,70,0,111,0,4,200,0,204,0,45,270,0,315,188,0,188,503
05/03/2023,ORL,FL,ASO,ES,Towers with Radar,0,42,75,0,117,0,3,184,0,187,0,45,259,0,304,228,0,228,532
05/04/2023,ORL,FL,ASO,ES,Towers with Radar,0,38,93,0,131,0,7,231,0,238,0,45,324,0,369,274,0,274,643
05/05/2023,ORL,FL,ASO,ES,Towers with Radar,0,23,95,0,118,0,10,148,1,159,0,33,243,1,277,251,0,251,528
05/06/2023,ORL,FL,ASO,ES,Towers with Radar,0,17,54,0,71,0,3,91,0,94,0,20,145,0,165,172,0,172,337
05/07/2023,ORL,FL,ASO,ES,Towers with Radar,0,31,76,0,107,0,3,107,0,110,0,34,183,0,217,188,0,188,405
05/08/2023,ORL,FL,ASO,ES,Towers with Radar,1,40,59,0,100,0,6,179,0,185,1,46,238,0,285,317,0,317,602
05/09/2023,ORL,FL,ASO,ES,Towers with Radar,0,36,59,2,97,0,11,220,0,231,0,47,279,2,328,294,0,294,622
05/10/2023,ORL,FL,ASO,ES,Towers with Radar,0,49,70,0,119,0,3,168,0,171,0,52,238,0,290,299,0,299,589
05/11/2023,ORL,FL,ASO,ES,Towers with Radar,0,29,71,0,100,0,3,132,0,135,0,32,203,0,235,211,0,211,446
05/12/2023,ORL,FL,ASO,ES,Towers with Radar,0,26,60,0,86,0,6,156,0,162,0,32,216,0,248,317,0,317,565
05/13/2023,ORL,FL,ASO,ES,Towers with Radar,0,35,55,0,90,0,4,113,0,117,0,39,168,0,207,295,0,295,502
05/14/2023,ORL,FL,ASO,ES,Towers with Radar,0,39,59,0,98,0,9,109,0,118,0,48,168,0,216,295,0,295,511
05/15/2023,ORL,FL,ASO,ES,Towers with Radar,0,44,68,0,112,0,5,179,0,184,0,49,247,0,296,343,0,343,639
05/16/2023,ORL,FL,ASO,ES,Towers with Radar,0,42,63,2,107,0,4,193,0,197,0,46,256,2,304,334,0,334,638
05/17/2023,ORL,FL,ASO,ES,Towers with Radar,0,24,73,0,97,0,3,164,0,167,0,27,237,0,264,256,0,256,520
05/18/2023,ORL,FL,ASO,ES,Towers with Radar,0,29,84,0,113,0,4,177,0,181,0,33,261,0,294,300,0,300,594
05/19/2023,ORL,FL,ASO,ES,Towers with Radar,0,32,55,0,87,0,1,161,0,162,0,33,216,0,249,193,0,193,442
05/20/2023,ORL,FL,ASO,ES,Towers with Radar,0,28,51,0,79,0,0,93,0,93,0,28,144,0,172,182,0,182,354
05/21/2023,ORL,FL,ASO,ES,Towers with Radar,0,45,58,0,103,0,1,128,0,129,0,46,186,0,232,283,0,283,515
05/22/2023,ORL,FL,ASO,ES,Towers with Radar,0,41,72,0,113,0,3,107,0,110,0,44,179,0,223,219,0,219,442
05/23/2023,ORL,FL,ASO,ES,Towers with Radar,0,29,69,0,98,0,0,69,0,69,0,29,138,0,167,171,0,171,338
05/24/2023,ORL,FL,ASO,ES,Towers with Radar,0,24,92,0,116,0,1,59,0,60,0,25,151,0,176,157,0,157,333
05/25/2023,ORL,FL,ASO,ES,Towers with Radar,0,37,87,0,124,0,0,72,0,72,0,37,159,0,196,192,0,192,388
05/26/2023,ORL,FL,ASO,ES,Towers with Radar,0,41,89,0,130,0,3,82,0,85,0,44,171,0,215,140,0,140,355
05/27/2023,ORL,FL,ASO,ES,Towers with Radar,0,30,48,0,78,0,8,150,0,158,0,38,198,0,236,175,0,175,411
05/28/2023,ORL,FL,ASO,ES,Towers with Radar,0,20,33,0,53,0,7,135,0,142,0,27,168,0,195,315,0,315,510
05/29/2023,ORL,FL,ASO,ES,Towers with Radar,0,46,58,0,104,0,0,122,0,122,0,46,180,0,226,266,0,266,492
05/30/2023,ORL,FL,ASO,ES,Towers with Radar,0,44,105,0,149,0,6,197,0,203,0,50,302,0,352,291,0,291,643
05/31/2023,ORL,FL,ASO,ES,Towers with Radar,0,42,85,0,127,0,4,143,0,147,0,46,228,0,274,272,0,272,546
06/01/2023,ORL,FL,ASO,ES,Towers with Radar,0,23,52,0,75,0,6,121,0,127,0,29,173,0,202,330,0,330,532
06/02/2023,ORL,FL,ASO,ES,Towers with Radar,0,36,66,0,102,0,1,146,0,147,0,37,212,0,249,343,0,343,592
06/03/2023,ORL,FL,ASO,ES,Towers with Radar,0,19,43,0,62,0,0,28,0,28,0,19,71,0,90,248,0,248,338
06/04/2023,ORL,FL,ASO,ES,Towers with Radar,0,34,66,0,100,0,0,76,0,76,0,34,142,0,176,153,0,153,329
06/05/2023,ORL,FL,ASO,ES,Towers with Radar,0,34,64,0,98,0,6,126,0,132,0,40,190,0,230,449,0,449,679
06/06/2023,ORL,FL,ASO,ES,Towers with Radar,0,31,60,0,91,0,4,198,0,202,0,35,258,0,293,514,0,514,807
06/07/2023,ORL,FL,ASO,ES,Towers with Radar,0,27,85,0,112,0,1,118,0,119,0,28,203,0,231,374,0,374,605
06/08/2023,ORL,FL,ASO,ES,Towers with Radar,0,27,71,0,98,0,0,135,0,135,0,27,206,0,233,267,0,267,500
06/09/2023,ORL,FL,ASO,ES,Towers with Radar,0,32,66,0,98,0,1,157,0,158,0,33,223,0,256,142,0,142,398
06/10/2023,ORL,FL,ASO,ES,Towers with Radar,0,13,38,0,51,0,3,156,0,159,0,16,194,0,210,246,0,246,456
06/11/2023,ORL,FL,ASO,ES,Towers with Radar,0,32,57,0,89,0,6,123,0,129,0,38,180,0,218,229,0,229,447
06/12/2023,ORL,FL,ASO,ES,Towers with Radar,0,26,53,0,79,0,13,166,0,179,0,39,219,0,258,280,0,280,538
06/13/2023,ORL,FL,ASO,ES,Towers with Radar,0,24,72,0,96,0,10,200,0,210,0,34,272,0,306,294,0,294,600
06/14/2023,ORL,FL,ASO,ES,Towers with Radar,0,18,87,0,105,0,6,214,0,220,0,24,301,0,325,235,0,235,560
06/15/2023,ORL,FL,ASO,ES,Towers with Radar,0,43,89,0,132,0,6,151,1,158,0,49,240,1,290,193,0,193,483
06/16/2023,ORL,FL,ASO,ES,Towers with Radar,0,21,84,0,105,0,3,140,0,143,0,24,224,0,248,210,0,210,458
06/17/2023,ORL,FL,ASO,ES,Towers with Radar,0,14,37,0,51,0,2,35,0,37,0,16,72,0,88,73,0,73,161
06/18/2023,ORL,FL,ASO,ES,Towers with Radar,0,11,57,0,68,0,4,99,0,103,0,15,156,0,171,219,0,219,390
06/19/2023,ORL,FL,ASO,ES,Towers with Radar,0,22,68,0,90,0,7,204,0,211,0,29,272,0,301,297,0,297,598
06/20/2023,ORL,FL,ASO,ES,Towers with Radar,0,22,56,0,78,0,0,66,0,66,0,22,122,0,144,136,0,136,280
06/21/2023,ORL,FL,ASO,ES,Towers with Radar,0,16,51,2,69,0,4,46,0,50,0,20,97,2,119,116,0,116,235
06/22/2023,ORL,FL,ASO,ES,Towers with Radar,0,20,59,0,79,0,5,119,0,124,0,25,178,0,203,216,0,216,419
06/23/2023,ORL,FL,ASO,ES,Towers with Radar,0,25,65,0,90,0,2,105,0,107,0,27,170,0,197,157,0,157,354
06/24/2023,ORL,FL,ASO,ES,Towers with Radar,0,12,45,0,57,0,6,134,0,140,0,18,179,0,197,127,0,127,324
06/25/2023,ORL,FL,ASO,ES,Towers with Radar,0,35,50,0,85,0,7,131,0,138,0,42,181,0,223,318,0,318,541
06/26/2023,ORL,FL,ASO,ES,Towers with Radar,0,27,42,0,69,0,17,150,0,167,0,44,192,0,236,421,0,421,657
06/27/2023,ORL,FL,ASO,ES,Towers with Radar,0,35,60,0,95,0,4,179,0,183,0,39,239,0,278,349,0,349,627
06/28/2023,ORL,FL,ASO,ES,Towers with Radar,0,29,80,0,109,0,6,107,0,113,0,35,187,0,222,229,0,229,451
06/29/2023,ORL,FL,ASO,ES,Towers with Radar,0,25,80,0,105,0,8,180,0,188,0,33,260,0,293,335,0,335,628
06/30/2023,ORL,FL,ASO,ES,Towers with Radar,0,29,86,0,115,0,11,187,0,198,0,40,273,0,313,294,0,294,607
07/01/2023,ORL,FL,ASO,ES,Towers with Radar,0,22,47,0,69,0,8,125,0,133,0,30,172,0,202,285,0,285,487
07/02/2023,ORL,FL,ASO,ES,Towers with Radar,0,20,39,0,59,0,12,120,0,132,0,32,159,0,191,208,0,208,399
07/03/2023,ORL,FL,ASO,ES,Towers with Radar,0,14,33,0,47,0,2,125,0,127,0,16,158,0,174,346,0,346,520
07/04/2023,ORL,FL,ASO,ES,Towers with Radar,0,13,26,0,39,0,4,78,0,82,0,17,104,0,121,158,0,158,279
07/05/2023,ORL,FL,ASO,ES,Towers with Radar,0,28,55,0,83,0,4,123,0,127,0,32,178,0,210,229,0,229,439
07/06/2023,ORL,FL,ASO,ES,Towers with Radar,0,26,51,0,77,0,4,144,0,148,0,30,195,0,225,467,0,467,692
07/07/2023,ORL,FL,ASO,ES,Towers with Radar,0,18,41,0,59,0,2,134,0,136,0,20,175,0,195,326,0,326,521
07/08/2023,ORL,FL,ASO,ES,Towers with Radar,0,13,33,0,46,0,2,52,0,54,0,15,85,0,100,212,0,212,312
07/09/2023,ORL,FL,ASO,ES,Towers with Radar,0,24,55,0,79,0,2,143,0,145,0,26,198,0,224,318,0,318,542
07/10/2023,ORL,FL,ASO,ES,Towers with Radar,0,26,43,0,69,0,5,153,0,158,0,31,196,0,227,255,0,255,482
07/11/2023,ORL,FL,ASO,ES,Towers with Radar,0,19,53,0,72,0,3,115,0,118,0,22,168,0,190,219,0,219,409
07/12/2023,ORL,FL,ASO,ES,Towers with Radar,0,24,64,0,88,0,7,138,0,145,0,31,202,0,233,308,0,308,541
07/13/2023,ORL,FL,ASO,ES,Towers with Radar,0,26,54,0,80,0,2,180,0,182,0,28,234,0,262,382,0,382,644
07/14/2023,ORL,FL,ASO,ES,Towers with Radar,0,27,72,0,99,0,3,140,0,143,0,30,212,0,242,242,0,242,484
07/15/2023,ORL,FL,ASO,ES,Towers with Radar,0,26,41,0,67,0,4,144,0,148,0,30,185,0,215,167,0,167,382
07/16/2023,ORL,FL,ASO,ES,Towers with Radar,0,30,67,0,97,0,0,84,0,84,0,30,151,0,181,127,0,127,308
07/17/2023,ORL,FL,ASO,ES,Towers with Radar,0,29,53,0,82,0,4,127,0,131,0,33,180,0,213,184,0,184,397
07/18/2023,ORL,FL,ASO,ES,Towers with Radar,0,28,74,0,102,0,3,164,0,167,0,31,238,0,269,326,0,326,595
07/19/2023,ORL,FL,ASO,ES,Towers with Radar,0,29,59,1,89,0,6,203,0,209,0,35,262,1,298,303,0,303,601
07/20/2023,ORL,FL,ASO,ES,Towers with Radar,0,24,65,0,89,0,6,170,1,177,0,30,235,1,266,321,0,321,587
07/21/2023,ORL,FL,ASO,ES,Towers with Radar,0,44,62,0,106,0,10,221,0,231,0,54,283,0,337,316,0,316,653
07/22/2023,ORL,FL,ASO,ES,Towers with Radar,0,19,61,1,81,0,6,152,1,159,0,25,213,2,240,171,0,171,411
07/23/2023,ORL,FL,ASO,ES,Towers with Radar,0,20,45,0,65,0,3,107,0,110,0,23,152,0,175,241,0,241,416
07/24/2023,ORL,FL,ASO,ES,Towers with Radar,0,22,43,0,65,0,4,95,0,99,0,26,138,0,164,190,0,190,354
07/25/2023,ORL,FL,ASO,ES,Towers with Radar,0,28,60,0,88,0,7,150,0,157,0,35,210,0,245,392,0,392,637
07/26/2023,ORL,FL,ASO,ES,Towers with Radar,0,26,50,0,76,0,4,174,0,178,0,30,224,0,254,261,0,261,515
07/27/2023,ORL,FL,ASO,ES,Towers with Radar,0,20,83,0,103,0,2,134,0,136,0,22,217,0,239,333,0,333,572
07/28/2023,ORL,FL,ASO,ES,Towers with Radar,0,15,55,0,70,0,5,151,1,157,0,20,206,1,227,319,0,319,546
07/29/2023,ORL,FL,ASO,ES,Towers with Radar,0,20,49,0,69,0,0,118,0,118,0,20,167,0,187,220,0,220,407
07/30/2023,ORL,FL,ASO,ES,Towers with Radar,0,22,53,0,75,0,1,99,0,100,0,23,152,0,175,175,0,175,350
07/31/2023,ORL,FL,ASO,ES,Towers with Radar,0,23,51,0,74,0,2,120,0,122,0,25,171,0,196,224,0,224,420
08/01/2023,ORL,FL,ASO,ES,Towers with Radar,0,25,48,0,73,0,8,176,0,184,0,33,224,0,257,379,0,379,636
08/02/2023,ORL,FL,ASO,ES,Towers with Radar,0,21,72,0,93,0,6,152,0,158,0,27,224,0,251,314,0,314,565
08/03/2023,ORL,FL,ASO,ES,Towers with Radar,0,19,73,2,94,0,6,160,1,167,0,25,233,3,261,266,0,266,527
08/04/2023,ORL,FL,ASO,ES,Towers with Radar,0,19,76,0,95,0,7,167,0,174,0,26,243,0,269,212,0,212,481
08/05/2023,ORL,FL,ASO,ES,Towers with Radar,0,12,41,0,53,0,5,142,0,147,0,17,183,0,200,269,0,269,469
08/06/2023,ORL,FL,ASO,ES,Towers with Radar,0,26,63,0,89,0,3,105,0,108,0,29,168,0,197,280,0,280,477
08/07/2023,ORL,FL,ASO,ES,Towers with Radar,0,23,68,0,91,0,8,164,0,172,0,31,232,0,263,325,0,325,588
08/08/2023,ORL,FL,ASO,ES,Towers with Radar,0,31,63,0,94,0,7,148,0,155,0,38,211,0,249,282,0,282,531
08/09/2023,ORL,FL,ASO,ES,Towers with Radar,0,37,61,0,98,0,4,181,0,185,0,41,242,0,283,343,0,343,626
08/10/2023,ORL,FL,ASO,ES,Towers with Radar,0,29,50,0,79,0,3,152,0,155,0,32,202,0,234,296,0,296,530
08/11/2023,ORL,FL,ASO,ES,Towers with Radar,0,28,71,0,99,0,14,193,0,207,0,42,264,0,306,272,0,272,578
08/12/2023,ORL,FL,ASO,ES,Towers with Radar,0,23,31,0,54,0,9,132,0,141,0,32,163,0,195,221,0,221,416
08/13/2023,ORL,FL,ASO,ES,Towers with Radar,0,20,54,0,74,0,9,120,0,129,0,29,174,0,203,223,0,223,426
08/14/2023,ORL,FL,ASO,ES,Towers with Radar,0,26,63,0,89,0,0,133,0,133,0,26,196,0,222,226,0,226,448
08/15/2023,ORL,FL,ASO,ES,Towers with Radar,0,27,68,0,95,0,10,171,0,181,0,37,239,0,276,184,0,184,460
08/16/2023,ORL,FL,ASO,ES,Towers with Radar,0,29,60,0,89,0,0,131,0,131,0,29,191,0,220,268,0,268,488
08/17/2023,ORL,FL,ASO,ES,Towers with Radar,0,25,52,0,77,0,3,142,0,145,0,28,194,0,222,307,0,307,529
08/18/2023,ORL,FL,ASO,ES,Towers with Radar,0,19,62,0,81,0,8,173,0,181,0,27,235,0,262,315,0,315,577
08/19/2023,ORL,FL,ASO,ES,Towers with Radar,0,19,58,0,77,0,7,164,0,171,0,26,222,0,248,234,0,234,482
08/20/2023,ORL,FL,ASO,ES,Towers with Radar,0,17,66,0,83,0,4,59,0,63,0,21,125,0,146,116,0,116,262
08/21/2023,ORL,FL,ASO,ES,Towers with Radar,0,24,59,0,83,0,7,163,2,172,0,31,222,2,255,356,0,356,611
08/22/2023,ORL,FL,ASO,ES,Towers with Radar,0,30,64,0,94,0,7,189,0,196,0,37,253,0,290,292,0,292,582
08/23/2023,ORL,FL,ASO,ES,Towers with Radar,0,35,83,2,120,0,7,200,0,207,0,42,283,2,327,313,0,313,640
08/24/2023,ORL,FL,ASO,ES,Towers with Radar,0,33,54,0,87,0,4,145,0,149,0,37,199,0,236,375,0,375,611
08/25/2023,ORL,FL,ASO,ES,Towers with Radar,0,34,43,0,77,0,9,204,0,213,0,43,247,0,290,245,0,245,535
08/26/2023,ORL,FL,ASO,ES,Towers with Radar,0,29,43,0,72,0,5,147,0,152,0,34,190,0,224,231,0,231,455
08/27/2023,ORL,FL,ASO,ES,Towers with Radar,0,28,64,0,92,0,12,132,0,144,0,40,196,0,236,216,0,216,452
08/28/2023,ORL,FL,ASO,ES,Towers with Radar,0,23,77,0,100,0,2,112,0,114,0,25,189,0,214,229,0,229,443
08/29/2023,ORL,FL,ASO,ES,Towers with Radar,0,12,25,0,37,0,5,55,0,60,0,17,80,0,97,64,0,64,161
08/30/2023,ORL,FL,ASO,ES,Towers with Radar,0,2,4,0,6,0,0,0,0,0,0,2,4,0,6,0,0,0,6
08/31/2023,ORL,FL,ASO,ES,Towers with Radar,0,22,65,2,89,0,2,57,0,59,0,24,122,2,148,150,0,150,298
01/01/2020,ORL,FL,ASO,ES,Towers with Radar,0,15,57,0,72,0,4,58,1,63,0,19,115,1,135,55,0,55,190
01/02/2020,ORL,FL,ASO,ES,Towers with Radar,0,17,66,0,83,0,5,132,1,138,0,22,198,1,221,248,0,248,469
01/03/2020,ORL,FL,ASO,ES,Towers with Radar,0,12,48,0,60,0,0,71,0,71,0,12,119,0,131,106,0,106,237
01/04/2020,ORL,FL,ASO,ES,Towers with Radar,0,11,36,0,47,0,3,13,0,16,0,14,49,0,63,9,0,9,72
01/05/2020,ORL,FL,ASO,ES,Towers with Radar,0,19,82,0,101,0,3,148,0,151,0,22,230,0,252,174,0,174,426
01/06/2020,ORL,FL,ASO,ES,Towers with Radar,0,22,64,0,86,0,13,120,0,133,0,35,184,0,219,353,0,353,572
01/07/2020,ORL,FL,ASO,ES,Towers with Radar,0,21,66,0,87,0,5,151,0,156,0,26,217,0,243,218,0,218,461
01/08/2020,ORL,FL,ASO,ES,Towers with Radar,0,25,83,0,108,0,6,146,0,152,0,31,229,0,260,190,0,190,450
01/09/2020,ORL,FL,ASO,ES,Towers with Radar,0,17,90,1,108,0,6,135,1,142,0,23,225,2,250,164,0,164,414
01/10/2020,ORL,FL,ASO,ES,Towers with Radar,0,9,75,0,84,0,4,139,0,143,0,13,214,0,227,155,0,155,382
01/11/2020,ORL,FL,ASO,ES,Towers with Radar,0,8,42,0,50,0,3,59,0,62,0,11,101,0,112,109,0,109,221
01/12/2020,ORL,FL,ASO,ES,Towers with Radar,0,14,61,0,75,0,0,66,0,66,0,14,127,0,141,108,0,108,249
01/13/2020,ORL,FL,ASO,ES,Towers with Radar,0,14,61,0,75,0,8,145,0,153,0,22,206,0,228,172,0,172,400
01/14/2020,ORL,FL,ASO,ES,Towers with Radar,0,21,72,0,93,0,4,80,2,86,0,25,152,2,179,217,0,217,396
01/15/2020,ORL,FL,ASO,ES,Towers with Radar,0,17,88,0,105,0,10,98,0,108,0,27,186,0,213,248,0,248,461
01/16/2020,ORL,FL,ASO,ES,Towers with Radar,0,25,79,0,104,0,8,142,0,150,0,33,221,0,254,263,0,263,517
01/17/2020,ORL,FL,ASO,ES,Towers with Radar,0,20,83,0,103,0,5,111,0,116,0,25,194,0,219,230,0,230,449
01/18/2020,ORL,FL,ASO,ES,Towers with Radar,0,11,41,0,52,0,5,139,0,144,0,16,180,0,196,178,0,178,374
01/19/2020,ORL,FL,ASO,ES,Towers with Radar,0,17,60,0,77,0,0,73,0,73,0,17,133,0,150,142,0,142,292
01/20/2020,ORL,FL,ASO,ES,Towers with Radar,0,32,75,0,107,0,5,147,1,153,0,37,222,1,260,173,0,173,433
01/21/2020,ORL,FL,ASO,ES,Towers with Radar,0,34,74,0,108,0,6,87,2,95,0,40,161,2,203,20,0,20,223
01/22/2020,ORL,FL,ASO,ES,Towers with Radar,0,22,77,1,100,0,2,47,2,51,0,24,124,3,151,36,0,36,187
01/23/2020,ORL,FL,ASO,ES,Towers with Radar,0,27,112,2,141,0,1,50,1,52,0,28,162,3,193,53,0,53,246
01/24/2020,ORL,FL,ASO,ES,Towers with Radar,0,13,94,2,109,0,3,108,2,113,0,16,202,4,222,163,0,163,385
01/25/2020,ORL,FL,ASO,ES,Towers with Radar,0,15,52,0,67,0,10,150,1,161,0,25,202,1,228,222,0,222,450
01/26/2020,ORL,FL,ASO,ES,Towers with Radar,0,20,68,3,91,0,3,108,3,114,0,23,176,6,205,163,0,163,368
01/27/2020,ORL,FL,ASO,ES,Towers with Radar,0,17,51,3,71,0,3,107,0,110,0,20,158,3,181,300,0,300,481
01/28/2020,ORL,FL,ASO,ES,Towers with Radar,0,29,48,0,77,0,3,122,0,125,0,32,170,0,202,238,0,238,440
01/29/2020,ORL,FL,ASO,ES,Towers with Radar,0,23,74,0,97,0,6,114,0,120,0,29,188,0,217,370,0,370,587
01/30/2020,ORL,FL,ASO,ES,Towers with Radar,0,13,100,0,113,0,0,45,0,45,0,13,145,0,158,124,0,124,282
01/31/2020,ORL,FL,ASO,ES,Towers with Radar,0,19,76,0,95,0,2,119,0,121,0,21,195,0,216,319,0,319,535
02/01/2020,ORL,FL,ASO,ES,Towers with Radar,0,12,49,0,61,0,0,14,0,14,0,12,63,0,75,0,0,0,75
02/02/2020,ORL,FL,ASO,ES,Towers with Radar,0,12,60,0,72,0,4,119,0,123,0,16,179,0,195,124,0,124,319
02/03/2020,ORL,FL,ASO,ES,Towers with Radar,0,18,57,1,76,0,4,149,2,155,0,22,206,3,231,269,0,269,500
02/04/2020,ORL,FL,ASO,ES,Towers with Radar,0,34,72,0,106,0,10,158,0,168,0,44,230,0,274,277,0,277,551
02/05/2020,ORL,FL,ASO,ES,Towers with Radar,0,19,77,0,96,0,10,147,1,158,0,29,224,1,254,285,0,285,539
02/06/2020,ORL,FL,ASO,ES,Towers with Radar,0,15,59,0,74,0,1,25,0,26,0,16,84,0,100,4,0,4,104
02/07/2020,ORL,FL,ASO,ES,Towers with Radar,0,13,61,0,74,0,5,75,0,80,0,18,136,0,154,45,0,45,199
02/08/2020,ORL,FL,ASO,ES,Towers with Radar,0,5,39,0,44,0,7,182,0,189,0,12,221,0,233,129,0,129,362
02/09/2020,ORL,FL,ASO,ES,Towers with Radar,0,12,43,0,55,0,4,80,0,84,0,16,123,0,139,36,0,36,175
02/10/2020,ORL,FL,ASO,ES,Towers with Radar,0,20,45,0,65,0,4,147,2,153,0,24,192,2,218,90,0,90,308
02/11/2020,ORL,FL,ASO,ES,Towers with Radar,0,28,66,0,94,0,8,139,2,149,0,36,205,2,243,176,0,176,419
02/12/2020,ORL,FL,ASO,ES,Towers with Radar,0,17,83,0,100,0,6,164,0,170,0,23,247,0,270,205,0,205,475
02/13/2020,ORL,FL,ASO,ES,Towers with Radar,0,13,81,0,94,0,11,62,0,73,0,24,143,0,167,148,0,148,315
02/14/2020,ORL,FL,ASO,ES,Towers with Radar,0,13,113,0,126,0,1,26,0,27,0,14,139,0,153,63,0,63,216
02/15/2020,ORL,FL,ASO,ES,Towers with Radar,0,19,53,0,72,0,8,122,0,130,0,27,175,0,202,183,0,183,385
02/16/2020,ORL,FL,ASO,ES,Towers with Radar,0,11,66,0,77,0,3,101,0,104,0,14,167,0,181,217,0,217,398
02/17/2020,ORL,FL,ASO,ES,Towers with Radar,0,19,83,0,102,0,4,114,0,118,0,23,197,0,220,290,0,290,510
02/18/2020,ORL,FL,ASO,ES,Towers with Radar,0,19,69,0,88,0,10,167,1,178,0,29,236,1,266,168,0,168,434
02/19/2020,ORL,FL,ASO,ES,Towers with Radar,0,20,88,0,108,0,5,124,0,129,0,25,212,0,237,230,0,230,467
02/20/2020,ORL,FL,ASO,ES,Towers with Radar,0,11,78,0,89,0,3,90,0,93,0,14,168,0,182,142,0,142,324
02/21/2020,ORL,FL,ASO,ES,Towers with Radar,0,13,47,2,62,0,0,17,0,17,0,13,64,2,79,48,0,48,127
02/22/2020,ORL,FL,ASO,ES,Towers with Radar,0,12,47,0,59,0,4,118,0,122,0,16,165,0,181,55,0,55,236
02/23/2020,ORL,FL,ASO,ES,Towers with Radar,0,18,53,1,72,0,1,136,1,138,0,19,189,2,210,171,0,171,381
02/24/2020,ORL,FL,ASO,ES,Towers with Radar,0,35,60,0,95,0,2,123,0,125,0,37,183,0,220,205,0,205,425
02/25/2020,ORL,FL,ASO,ES,Towers with Radar,0,26,56,0,82,0,2,113,1,116,0,28,169,1,198,188,0,188,386
02/26/2020,ORL,FL,ASO,ES,Towers with Radar,0,20,50,0,70,0,2,49,0,51,0,22,99,0,121,83,0,83,204
02/27/2020,ORL,FL,ASO,ES,Towers with Radar,0,20,93,0,113,0,13,159,0,172,0,33,252,0,285,174,0,174,459
02/28/2020,ORL,FL,ASO,ES,Towers with Radar,0,15,69,1,85,0,4,163,1,168,0,19,232,2,253,198,0,198,451
02/29/2020,ORL,FL,ASO,ES,Towers with Radar,0,11,43,0,54,0,1,135,0,136,0,12,178,0,190,121,0,121,311
03/01/2020,ORL,FL,ASO,ES,Towers with Radar,0,26,56,0,82,0,5,134,0,139,0,31,190,0,221,210,0,210,431
03/02/2020,ORL,FL,ASO,ES,Towers with Radar,0,27,51,0,78,0,3,125,1,129,0,30,176,1,207,134,0,134,341
03/03/2020,ORL,FL,ASO,ES,Towers with Radar,0,35,56,0,91,0,8,128,0,136,0,43,184,0,227,227,0,227,454
03/04/2020,ORL,FL,ASO,ES,Towers with Radar,0,28,56,0,84,0,2,119,0,121,0,30,175,0,205,238,0,238,443
03/05/2020,ORL,FL,ASO,ES,Towers with Radar,0,18,79,0,97,0,1,77,0,78,0,19,156,0,175,29,0,29,204
03/06/2020,ORL,FL,ASO,ES,Towers with Radar,0,21,81,0,102,0,6,100,2,108,0,27,181,2,210,222,0,222,432
03/07/2020,ORL,FL,ASO,ES,Towers with Radar,0,11,46,0,57,0,2,97,0,99,0,13,143,0,156,115,0,115,271
03/08/2020,ORL,FL,ASO,ES,Towers with Radar,1,14,75,0,90,0,2,66,0,68,1,16,141,0,158,163,0,163,321
03/09/2020,ORL,FL,ASO,ES,Towers with Radar,0,17,54,0,71,0,1,51,1,53,0,18,105,1,124,51,0,51,175
03/10/2020,ORL,FL,ASO,ES,Towers with Radar,0,13,53,0,66,0,2,134,0,136,0,15,187,0,202,179,0,179,381
03/11/2020,ORL,FL,ASO,ES,Towers with Radar,0,15,82,0,97,0,3,136,1,140,0,18,218,1,237,238,0,238,475
03/12/2020,ORL,FL,ASO,ES,Towers with Radar,0,13,70,0,83,0,1,122,1,124,0,14,192,1,207,219,0,219,426
03/13/2020,ORL,FL,ASO,ES,Towers with Radar,0,22,76,0,98,0,1,138,0,139,0,23,214,0,237,271,0,271,508
03/14/2020,ORL,FL,ASO,ES,Towers with Radar,0,18,31,0,49,0,4,138,0,142,0,22,169,0,191,258,0,258,449
03/15/2020,ORL,FL,ASO,ES,Towers with Radar,0,20,49,0,69,0,1,112,0,113,0,21,161,0,182,220,0,220,402
03/16/2020,ORL,FL,ASO,ES,Towers with Radar,0,24,60,0,84,0,4,104,0,108,0,28,164,0,192,207,0,207,399
03/17/2020,ORL,FL,ASO,ES,Towers with Radar,0,12,42,0,54,0,1,119,0,120,0,13,161,0,174,201,0,201,375
03/18/2020,ORL,FL,ASO,ES,Towers with Radar,0,14,45,0,59,0,0,108,2,110,0,14,153,2,169,196,0,196,365
03/19/2020,ORL,FL,ASO,ES,Towers with Radar,0,7,34,0,41,0,3,102,0,105,0,10,136,0,146,164,0,164,310
03/20/2020,ORL,FL,ASO,ES,Towers with Radar,0,3,34,0,37,0,4,111,0,115,0,7,145,0,152,153,0,153,305
03/21/2020,ORL,FL,ASO,ES,Towers with Radar,0,5,27,0,32,0,3,101,0,104,0,8,128,0,136,293,0,293,429
03/22/2020,ORL,FL,ASO,ES,Towers with Radar,0,7,26,0,33,0,2,91,1,94,0,9,117,1,127,234,0,234,361
03/23/2020,ORL,FL,ASO,ES,Towers with Radar,0,3,24,0,27,0,1,80,0,81,0,4,104,0,108,204,0,204,312
03/24/2020,ORL,FL,ASO,ES,Towers with Radar,0,6,16,0,22,0,2,108,0,110,0,8,124,0,132,273,0,273,405
03/25/2020,ORL,FL,ASO,ES,Towers with Radar,0,5,26,0,31,0,3,73,0,76,0,8,99,0,107,96,0,96,203
03/26/2020,ORL,FL,ASO,ES,Towers with Radar,0,13,45,0,58,0,1,71,0,72,0,14,116,0,130,298,0,298,428
03/27/2020,ORL,FL,ASO,ES,Towers with Radar,0,5,24,0,29,0,0,60,0,60,0,5,84,0,89,185,0,185,274
03/28/2020,ORL,FL,ASO,ES,Towers with Radar,0,2,15,0,17,0,1,78,0,79,0,3,93,0,96,241,0,241,337
03/29/2020,ORL,FL,ASO,ES,Towers with Radar,0,10,24,0,34,0,0,80,0,80,0,10,104,0,114,175,0,175,289
03/30/2020,ORL,FL,ASO,ES,Towers with Radar,0,15,28,0,43,0,2,77,0,79,0,17,105,0,122,211,0,211,333
03/31/2020,ORL,FL,ASO,ES,Towers with Radar,0,6,17,0,23,0,0,50,2,52,0,6,67,2,75,72,0,72,147
04/01/2020,ORL,FL,ASO,ES,Towers with Radar,0,8,19,0,27,0,0,79,0,79,0,8,98,0,106,240,0,240,346
04/02/2020,ORL,FL,ASO,ES,Towers with Radar,0,9,34,0,43,0,4,118,0,122,0,13,152,0,165,241,0,241,406
04/03/2020,ORL,FL,ASO,ES,Towers with Radar,0,6,23,0,29,0,6,54,0,60,0,12,77,0,89,47,0,47,136
04/04/2020,ORL,FL,ASO,ES,Towers with Radar,0,2,9,0,11,0,3,54,0,57,0,5,63,0,68,58,0,58,126
04/05/2020,ORL,FL,ASO,ES,Towers with Radar,0,14,21,0,35,0,0,20,0,20,0,14,41,0,55,80,0,80,135
04/06/2020,ORL,FL,ASO,ES,Towers with Radar,0,7,27,0,34,0,7,51,0,58,0,14,78,0,92,138,0,138,230
04/07/2020,ORL,FL,ASO,ES,Towers with Radar,0,12,13,1,26,0,3,67,1,71,0,15,80,2,97,116,0,116,213
04/08/2020,ORL,FL,ASO,ES,Towers with Radar,0,9,28,0,37,0,2,73,0,75,0,11,101,0,112,56,0,56,168
04/09/2020,ORL,FL,ASO,ES,Towers with Radar,0,4,28,0,32,0,2,45,3,50,0,6,73,3,82,39,0,39,121
04/10/2020,ORL,FL,ASO,ES,Towers with Radar,0,2,23,2,27,0,1,48,2,51,0,3,71,4,78,19,0,19,97
04/11/2020,ORL,FL,ASO,ES,Towers with Radar,0,0,18,0,18,0,4,100,0,104,0,4,118,0,122,162,0,162,284
04/12/2020,ORL,FL,ASO,ES,Towers with Radar,0,10,11,0,21,0,3,23,0,26,0,13,34,0,47,54,0,54,101
04/13/2020,ORL,FL,ASO,ES,Towers with Radar,0,7,19,0,26,0,0,23,0,23,0,7,42,0,49,16,0,16,65
04/14/2020,ORL,FL,ASO,ES,Towers with Radar,0,8,21,0,29,0,11,48,0,59,0,19,69,0,88,159,0,159,247
04/15/2020,ORL,FL,ASO,ES,Towers with Radar,0,15,30,0,45,0,3,18,0,21,0,18,48,0,66,57,0,57,123
04/16/2020,ORL,FL,ASO,ES,Towers with Radar,0,6,39,0,45,0,0,6,1,7,0,6,45,1,52,14,0,14,66
04/17/2020,ORL,FL,ASO,ES,Towers with Radar,0,11,41,0,52,0,3,39,0,42,0,14,80,0,94,103,0,103,197
04/18/2020,ORL,FL,ASO,ES,Towers with Radar,0,9,20,0,29,0,1,14,0,15,0,10,34,0,44,41,0,41,85
04/19/2020,ORL,FL,ASO,ES,Towers with Radar,0,28,32,0,60,0,13,79,0,92,0,41,111,0,152,190,0,190,342
04/20/2020,ORL,FL,ASO,ES,Towers with Radar,0,10,14,0,24,0,0,32,0,32,0,10,46,0,56,88,0,88,144
04/21/2020,ORL,FL,ASO,ES,Towers with Radar,0,19,33,0,52,0,2,124,2,128,0,21,157,2,180,181,0,181,361
04/22/2020,ORL,FL,ASO,ES,Towers with Radar,0,11,48,0,59,0,3,94,0,97,0,14,142,0,156,177,0,177,333
04/23/2020,ORL,FL,ASO,ES,Towers with Radar,0,4,27,0,31,0,0,72,0,72,0,4,99,0,103,77,0,77,180
04/24/2020,ORL,FL,ASO,ES,Towers with Radar,0,6,19,0,25,0,0,4,0,4,0,6,23,0,29,0,0,0,29
04/25/2020,ORL,FL,ASO,ES,Towers with Radar,0,7,19,0,26,0,3,58,0,61,0,10,77,0,87,92,0,92,179
04/26/2020,ORL,FL,ASO,ES,Towers with Radar,0,10,17,0,27,0,2,60,0,62,0,12,77,0,89,223,0,223,312
04/27/2020,ORL,FL,ASO,ES,Towers with Radar,0,14,32,0,46,0,1,108,3,112,0,15,140,3,158,133,0,133,291
04/28/2020,ORL,FL,ASO,ES,Towers with Radar,0,6,27,0,33,0,0,81,0,81,0,6,108,0,114,78,0,78,192
04/29/2020,ORL,FL,ASO,ES,Towers with Radar,0,6,37,0,43,0,1,81,0,82,0,7,118,0,125,83,0,83,208
04/30/2020,ORL,FL,ASO,ES,Towers with Radar,0,5,21,0,26,0,0,35,0,35,0,5,56,0,61,0,0,0,61
05/01/2020,ORL,FL,ASO,ES,Towers with Radar,0,6,30,0,36,0,0,111,0,111,0,6,141,0,147,197,0,197,344
05/02/2020,ORL,FL,ASO,ES,Towers with Radar,0,11,29,0,40,0,2,74,0,76,0,13,103,0,116,170,0,170,286
05/03/2020,ORL,FL,ASO,ES,Towers with Radar,0,8,32,0,40,0,1,58,0,59,0,9,90,0,99,121,0,121,220
05/04/2020,ORL,FL,ASO,ES,Towers with Radar,0,10,31,0,41,0,3,88,0,91,0,13,119,0,132,166,0,166,298
05/05/2020,ORL,FL,ASO,ES,Towers with Radar,0,7,30,0,37,0,1,89,0,90,0,8,119,0,127,188,0,188,315
05/06/2020,ORL,FL,ASO,ES,Towers with Radar,0,15,53,0,68,0,6,105,0,111,0,21,158,0,179,174,0,174,353
05/07/2020,ORL,FL,ASO,ES,Towers with Radar,0,16,38,0,54,0,0,92,2,94,0,16,130,2,148,125,0,125,273
05/08/2020,ORL,FL,ASO,ES,Towers with Radar,0,15,27,0,42,0,1,122,0,123,0,16,149,0,165,223,0,223,388
05/09/2020,ORL,FL,ASO,ES,Towers with Radar,0,4,28,0,32,0,1,77,1,79,0,5,105,1,111,236,0,236,347
05/10/2020,ORL,FL,ASO,ES,Towers with Radar,0,16,25,0,41,0,1,17,0,18,0,17,42,0,59,102,0,102,161
05/11/2020,ORL,FL,ASO,ES,Towers with Radar,0,16,38,0,54,0,1,85,0,86,0,17,123,0,140,116,0,116,256
05/12/2020,ORL,FL,ASO,ES,Towers with Radar,0,17,36,2,55,0,2,132,0,134,0,19,168,2,189,272,0,272,461
05/13/2020,ORL,FL,ASO,ES,Towers with Radar,0,18,35,2,55,0,2,80,2,84,0,20,115,4,139,138,0,138,277
05/14/2020,ORL,FL,ASO,ES,Towers with Radar,0,19,45,0,64,0,1,88,0,89,0,20,133,0,153,139,0,139,292
05/15/2020,ORL,FL,ASO,ES,Towers with Radar,0,15,32,2,49,0,0,86,0,86,0,15,118,2,135,125,0,125,260
05/16/2020,ORL,FL,ASO,ES,Towers with Radar,0,10,26,0,36,0,0,24,0,24,0,10,50,0,60,16,0,16,76
05/17/2020,ORL,FL,ASO,ES,Towers with Radar,0,16,41,0,57,0,2,43,0,45,0,18,84,0,102,211,0,211,313
05/18/2020,ORL,FL,ASO,ES,Towers with Radar,0,18,40,0,58,0,1,50,0,51,0,19,90,0,109,105,0,105,214
05/19/2020,ORL,FL,ASO,ES,Towers with Radar,0,9,41,0,50,0,0,86,0,86,0,9,127,0,136,173,0,173,309
05/20/2020,ORL,FL,ASO,ES,Towers with Radar,0,8,45,0,53,0,3,135,1,139,0,11,180,1,192,186,0,186,378
05/21/2020,ORL,FL,ASO,ES,Towers with Radar,0,17,61,0,78,0,2,111,0,113,0,19,172,0,191,329,0,329,520
05/22/2020,ORL,FL,ASO,ES,Towers with Radar,0,12,46,0,58,0,1,107,1,109,0,13,153,1,167,208,0,208,375
05/23/2020,ORL,FL,ASO,ES,Towers with Radar,0,4,35,0,39,0,2,90,0,92,0,6,125,0,131,227,0,227,358
05/24/2020,ORL,FL,ASO,ES,Towers with Radar,0,3,22,0,25,0,0,71,0,71,0,3,93,0,96,216,0,216,312
05/25/2020,ORL,FL,ASO,ES,Towers with Radar,0,12,22,0,34,0,0,0,0,0,0,12,22,0,34,0,0,0,34
05/26/2020,ORL,FL,ASO,ES,Towers with Radar,0,12,44,0,56,0,1,33,0,34,0,13,77,0,90,124,0,124,214
05/27/2020,ORL,FL,ASO,ES,Towers with Radar,0,5,43,0,48,0,0,20,0,20,0,5,63,0,68,93,0,93,161
05/28/2020,ORL,FL,ASO,ES,Towers with Radar,0,10,47,0,57,0,0,42,0,42,0,10,89,0,99,165,0,165,264
05/29/2020,ORL,FL,ASO,ES,Towers with Radar,0,6,58,0,64,0,1,135,0,136,0,7,193,0,200,237,0,237,437
05/30/2020,ORL,FL,ASO,ES,Towers with Radar,0,8,31,0,39,0,0,62,0,62,0,8,93,0,101,138,0,138,239
05/31/2020,ORL,FL,ASO,ES,Towers with Radar,0,9,34,0,43,0,3,124,0,127,0,12,158,0,170,220,0,220,390
06/01/2020,ORL,FL,ASO,ES,Towers with Radar,0,23,44,0,67,0,0,99,0,99,0,23,143,0,166,224,0,224,390
06/02/2020,ORL,FL,ASO,ES,Towers with Radar,0,15,50,0,65,0,2,65,0,67,0,17,115,0,132,141,0,141,273
06/03/2020,ORL,FL,ASO,ES,Towers with Radar,0,5,53,0,58,0,1,102,0,103,0,6,155,0,161,299,0,299,460
06/04/2020,ORL,FL,ASO,ES,Towers with Radar,0,8,50,0,58,0,0,18,0,18,0,8,68,0,76,30,0,30,106
06/05/2020,ORL,FL,ASO,ES,Towers with Radar,0,6,44,0,50,0,1,122,0,123,0,7,166,0,173,298,0,298,471
06/06/2020,ORL,FL,ASO,ES,Towers with Radar,0,7,29,0,36,0,0,17,0,17,0,7,46,0,53,140,0,140,193
06/07/2020,ORL,FL,ASO,ES,Towers with Radar,0,9,32,0,41,0,0,40,0,40,0,9,72,0,81,123,0,123,204
06/08/2020,ORL,FL,ASO,ES,Towers with Radar,0,7,35,0,42,0,0,42,1,43,0,7,77,1,85,123,0,123,208
06/09/2020,ORL,FL,ASO,ES,Towers with Radar,0,7,45,0,52,0,2,139,0,141,0,9,184,0,193,277,0,277,470
06/10/2020,ORL,FL,ASO,ES,Towers with Radar,0,14,45,0,59,0,5,114,0,119,0,19,159,0,178,246,0,246,424
06/11/2020,ORL,FL,ASO,ES,Towers with Radar,0,5,31,0,36,0,0,106,0,106,0,5,137,0,142,206,0,206,348
06/12/2020,ORL,FL,ASO,ES,Towers with Radar,0,25,65,0,90,0,3,129,1,133,0,28,194,1,223,227,0,227,450
06/13/2020,ORL,FL,ASO,ES,Towers with Radar,0,14,41,0,55,0,1,109,0,110,0,15,150,0,165,242,0,242,407
06/14/2020,ORL,FL,ASO,ES,Towers with Radar,0,5,33,0,38,0,0,99,0,99,0,5,132,0,137,171,0,171,308
06/15/2020,ORL,FL,ASO,ES,Towers with Radar,0,24,43,0,67,0,0,97,2,99,0,24,140,2,166,195,0,195,361
06/16/2020,ORL,FL,ASO,ES,Towers with Radar,0,23,49,0,72,0,7,156,0,163,0,30,205,0,235,197,0,197,432
06/17/2020,ORL,FL,ASO,ES,Towers with Radar,0,21,54,4,79,0,0,142,0,142,0,21,196,4,221,178,0,178,399
06/18/2020,ORL,FL,ASO,ES,Towers with Radar,0,12,46,0,58,0,2,104,0,106,0,14,150,0,164,185,0,185,349
06/19/2020,ORL,FL,ASO,ES,Towers with Radar,0,11,48,0,59,0,0,76,0,76,0,11,124,0,135,62,0,62,197
06/20/2020,ORL,FL,ASO,ES,Towers with Radar,0,6,54,0,60,0,2,85,0,87,0,8,139,0,147,145,0,145,292
06/21/2020,ORL,FL,ASO,ES,Towers with Radar,0,7,24,0,31,0,3,95,0,98,0,10,119,0,129,128,0,128,257
06/22/2020,ORL,FL,ASO,ES,Towers with Radar,0,9,50,0,59,0,0,117,2,119,0,9,167,2,178,147,2,149,327
06/23/2020,ORL,FL,ASO,ES,Towers with Radar,0,30,52,0,82,0,0,105,0,105,0,30,157,0,187,165,0,165,352
06/24/2020,ORL,FL,ASO,ES,Towers with Radar,0,20,47,0,67,0,0,108,2,110,0,20,155,2,177,174,0,174,351
06/25/2020,ORL,FL,ASO,ES,Towers with Radar,0,13,45,0,58,0,0,128,0,128,0,13,173,0,186,242,0,242,428
06/26/2020,ORL,FL,ASO,ES,Towers with Radar,0,7,63,0,70,0,1,124,0,125,0,8,187,0,195,174,0,174,369
06/27/2020,ORL,FL,ASO,ES,Towers with Radar,0,9,45,0,54,0,0,141,0,141,0,9,186,0,195,189,0,189,384
06/28/2020,ORL,FL,ASO,ES,Towers with Radar,0,15,21,0,36,0,2,97,0,99,0,17,118,0,135,256,0,256,391
06/29/2020,ORL,FL,ASO,ES,Towers with Radar,0,15,47,0,62,0,8,108,0,116,0,23,155,0,178,205,0,205,383
06/30/2020,ORL,FL,ASO,ES,Towers with Radar,0,19,44,0,63,0,2,105,0,107,0,21,149,0,170,227,0,227,397
07/01/2020,ORL,FL,ASO,ES,Towers with Radar,0,8,38,0,46,0,1,94,0,95,0,9,132,0,141,133,0,133,274
07/02/2020,ORL,FL,ASO,ES,Towers with Radar,0,8,68,0,76,0,1,107,0,108,0,9,175,0,184,249,0,249,433
07/03/2020,ORL,FL,ASO,ES,Towers with Radar,0,7,39,0,46,0,0,89,0,89,0,7,128,0,135,146,0,146,281
07/04/2020,ORL,FL,ASO,ES,Towers with Radar,0,4,19,0,23,0,0,59,0,59,0,4,78,0,82,183,0,183,265
07/05/2020,ORL,FL,ASO,ES,Towers with Radar,0,5,30,0,35,0,1,46,0,47,0,6,76,0,82,191,0,191,273
07/06/2020,ORL,FL,ASO,ES,Towers with Radar,0,17,60,0,77,0,2,82,1,85,0,19,142,1,162,157,0,157,319
07/07/2020,ORL,FL,ASO,ES,Towers with Radar,0,10,42,0,52,0,4,113,0,117,0,14,155,0,169,258,0,258,427
07/08/2020,ORL,FL,ASO,ES,Towers with Radar,0,8,39,0,47,0,0,76,0,76,0,8,115,0,123,232,0,232,355
07/09/2020,ORL,FL,ASO,ES,Towers with Radar,0,11,47,0,58,0,3,114,0,117,0,14,161,0,175,226,0,226,401
07/10/2020,ORL,FL,ASO,ES,Towers with Radar,0,20,43,0,63,0,4,100,0,104,0,24,143,0,167,114,0,114,281
07/11/2020,ORL,FL,ASO,ES,Towers with Radar,0,7,38,0,45,0,0,64,0,64,0,7,102,0,109,238,0,238,347
07/12/2020,ORL,FL,ASO,ES,Towers with Radar,0,12,34,0,46,0,0,87,0,87,0,12,121,0,133,191,0,191,324
07/13/2020,ORL,FL,ASO,ES,Towers with Radar,0,11,33,0,44,0,2,107,0,109,0,13,140,0,153,237,0,237,390
07/14/2020,ORL,FL,ASO,ES,Towers with Radar,0,10,40,0,50,0,2,83,0,85,0,12,123,0,135,280,0,280,415
07/15/2020,ORL,FL,ASO,ES,Towers with Radar,0,8,48,0,56,0,2,88,0,90,0,10,136,0,146,132,0,132,278
07/16/2020,ORL,FL,ASO,ES,Towers with Radar,0,18,60,0,78,0,0,107,0,107,0,18,167,0,185,217,0,217,402
07/17/2020,ORL,FL,ASO,ES,Towers with Radar,0,21,37,0,58,0,0,135,0,135,0,21,172,0,193,180,0,180,373
07/18/2020,ORL,FL,ASO,ES,Towers with Radar,0,7,34,0,41,0,0,88,0,88,0,7,122,0,129,192,0,192,321
07/19/2020,ORL,FL,ASO,ES,Towers with Radar,0,8,49,0,57,0,0,105,0,105,0,8,154,0,162,204,0,204,366
07/20/2020,ORL,FL,ASO,ES,Towers with Radar,0,10,31,0,41,0,1,84,0,85,0,11,115,0,126,139,0,139,265
07/21/2020,ORL,FL,ASO,ES,Towers with Radar,0,14,40,0,54,0,0,104,0,104,0,14,144,0,158,198,0,198,356
07/22/2020,ORL,FL,ASO,ES,Towers with Radar,0,11,33,0,44,0,0,77,0,77,0,11,110,0,121,163,0,163,284
07/23/2020,ORL,FL,ASO,ES,Towers with Radar,0,12,50,0,62,0,0,41,0,41,0,12,91,0,103,249,0,249,352
07/24/2020,ORL,FL,ASO,ES,Towers with Radar,0,13,32,0,45,0,1,144,0,145,0,14,176,0,190,216,0,216,406
07/25/2020,ORL,FL,ASO,ES,Towers with Radar,0,9,25,0,34,0,0,83,0,83,0,9,108,0,117,229,0,229,346
07/26/2020,ORL,FL,ASO,ES,Towers with Radar,0,7,33,0,40,0,0,58,0,58,0,7,91,0,98,228,0,228,326
07/27/2020,ORL,FL,ASO,ES,Towers with Radar,0,13,33,0,46,0,2,89,0,91,0,15,122,0,137,165,0,165,302
07/28/2020,ORL,FL,ASO,ES,Towers with Radar,0,18,35,0,53,0,5,104,0,109,0,23,139,0,162,234,0,234,396
07/29/2020,ORL,FL,ASO,ES,Towers with Radar,0,20,52,0,72,0,2,121,0,123,0,22,173,0,195,193,0,193,388
07/30/2020,ORL,FL,ASO,ES,Towers with Radar,0,6,56,0,62,0,0,138,0,138,0,6,194,0,200,278,0,278,478
07/31/2020,ORL,FL,ASO,ES,Towers with Radar,0,12,40,0,52,0,1,171,0,172,0,13,211,0,224,220,0,220,444
08/01/2020,ORL,FL,ASO,ES,Towers with Radar,0,5,37,0,42,0,0,89,0,89,0,5,126,0,131,160,0,160,291
08/02/2020,ORL,FL,ASO,ES,Towers with Radar,0,6,18,0,24,0,0,9,0,9,0,6,27,0,33,13,0,13,46
08/03/2020,ORL,FL,ASO,ES,Towers with Radar,0,25,31,0,56,0,1,69,0,70,0,26,100,0,126,232,0,232,358
08/04/2020,ORL,FL,ASO,ES,Towers with Radar,0,11,49,0,60,0,0,97,0,97,0,11,146,0,157,325,0,325,482
08/05/2020,ORL,FL,ASO,ES,Towers with Radar,0,10,44,0,54,0,6,87,1,94,0,16,131,1,148,326,0,326,474
08/06/2020,ORL,FL,ASO,ES,Towers with Radar,0,12,25,0,37,0,1,113,0,114,0,13,138,0,151,288,0,288,439
08/07/2020,ORL,FL,ASO,ES,Towers with Radar,0,5,45,0,50,0,0,105,0,105,0,5,150,0,155,220,0,220,375
08/08/2020,ORL,FL,ASO,ES,Towers with Radar,0,14,29,0,43,0,1,102,0,103,0,15,131,0,146,218,0,218,364
08/09/2020,ORL,FL,ASO,ES,Towers with Radar,0,12,43,0,55,0,1,106,0,107,0,13,149,0,162,148,0,148,310
08/10/2020,ORL,FL,ASO,ES,Towers with Radar,0,9,47,0,56,0,1,102,0,103,0,10,149,0,159,223,0,223,382
08/11/2020,ORL,FL,ASO,ES,Towers with Radar,0,21,37,0,58,0,0,113,0,113,0,21,150,0,171,137,0,137,308
08/12/2020,ORL,FL,ASO,ES,Towers with Radar,0,10,42,0,52,0,0,103,0,103,0,10,145,0,155,166,0,166,321
08/13/2020,ORL,FL,ASO,ES,Towers with Radar,0,8,47,0,55,0,0,94,0,94,0,8,141,0,149,166,0,166,315
08/14/2020,ORL,FL,ASO,ES,Towers with Radar,0,9,51,0,60,0,1,113,0,114,0,10,164,0,174,282,0,282,456
08/15/2020,ORL,FL,ASO,ES,Towers with Radar,0,6,33,0,39,0,2,89,0,91,0,8,122,0,130,197,0,197,327
08/16/2020,ORL,FL,ASO,ES,Towers with Radar,0,9,36,0,45,0,3,71,0,74,0,12,107,0,119,149,0,149,268
08/17/2020,ORL,FL,ASO,ES,Towers with Radar,0,15,50,0,65,0,0,79,0,79,0,15,129,0,144,179,0,179,323
08/18/2020,ORL,FL,ASO,ES,Towers with Radar,0,24,45,0,69,0,0,94,0,94,0,24,139,0,163,178,0,178,341
08/19/2020,ORL,FL,ASO,ES,Towers with Radar,0,8,43,2,53,0,2,121,0,123,0,10,164,2,176,198,0,198,374
08/20/2020,ORL,FL,ASO,ES,Towers with Radar,0,6,46,0,52,0,0,110,0,110,0,6,156,0,162,189,0,189,351
08/21/2020,ORL,FL,ASO,ES,Towers with Radar,1,12,60,0,73,0,0,89,0,89,1,12,149,0,162,160,0,160,322
08/22/2020,ORL,FL,ASO,ES,Towers with Radar,0,8,36,0,44,0,0,74,0,74,0,8,110,0,118,230,0,230,348
08/23/2020,ORL,FL,ASO,ES,Towers with Radar,0,10,54,0,64,0,0,74,1,75,0,10,128,1,139,123,0,123,262
08/24/2020,ORL,FL,ASO,ES,Towers with Radar,0,7,30,0,37,0,2,45,0,47,0,9,75,0,84,23,0,23,107
08/25/2020,ORL,FL,ASO,ES,Towers with Radar,0,12,37,0,49,0,0,86,0,86,0,12,123,0,135,277,0,277,412
08/26/2020,ORL,FL,ASO,ES,Towers with Radar,0,19,44,0,63,0,2,139,0,141,0,21,183,0,204,242,0,242,446
08/27/2020,ORL,FL,ASO,ES,Towers with Radar,0,16,50,0,66,0,1,79,0,80,0,17,129,0,146,130,0,130,276
08/28/2020,ORL,FL,ASO,ES,Towers with Radar,0,14,50,0,64,0,4,125,0,129,0,18,175,0,193,222,0,222,415
08/29/2020,ORL,FL,ASO,ES,Towers with Radar,0,7,32,0,39,0,0,93,0,93,0,7,125,0,132,187,0,187,319
08/30/2020,ORL,FL,ASO,ES,Towers with Radar,0,12,30,0,42,0,2,53,0,55,0,14,83,0,97,139,0,139,236
08/31/2020,ORL,FL,ASO,ES,Towers with Radar,0,12,39,0,51,0,0,60,0,60,0,12,99,0,111,167,0,167,278
09/01/2020,ORL,FL,ASO,ES,Towers with Radar,0,15,46,0,61,0,3,66,0,69,0,18,112,0,130,319,0,319,449
09/02/2020,ORL,FL,ASO,ES,Towers with Radar,0,28,37,0,65,0,3,106,0,109,0,31,143,0,174,170,0,170,344
09/03/2020,ORL,FL,ASO,ES,Towers with Radar,0,12,56,0,68,0,3,116,0,119,0,15,172,0,187,180,0,180,367
09/04/2020,ORL,FL,ASO,ES,Towers with Radar,0,14,64,0,78,0,0,130,0,130,0,14,194,0,208,147,0,147,355
09/05/2020,ORL,FL,ASO,ES,Towers with Radar,0,4,30,0,34,0,0,124,0,124,0,4,154,0,158,218,0,218,376
09/06/2020,ORL,FL,ASO,ES,Towers with Radar,0,4,20,0,24,0,1,67,0,68,0,5,87,0,92,190,0,190,282
09/07/2020,ORL,FL,ASO,ES,Towers with Radar,0,13,59,0,72,0,2,85,0,87,0,15,144,0,159,171,0,171,330
09/08/2020,ORL,FL,ASO,ES,Towers with Radar,0,19,56,0,75,0,7,90,0,97,0,26,146,0,172,145,0,145,317
09/09/2020,ORL,FL,ASO,ES,Towers with Radar,0,12,65,0,77,0,0,85,0,85,0,12,150,0,162,148,0,148,310
09/10/2020,ORL,FL,ASO,ES,Towers with Radar,0,9,70,0,79,0,3,94,0,97,0,12,164,0,176,130,0,130,306
09/11/2020,ORL,FL,ASO,ES,Towers with Radar,0,14,55,0,69,0,0,69,0,69,0,14,124,0,138,205,0,205,343
09/12/2020,ORL,FL,ASO,ES,Towers with Radar,0,8,40,0,48,0,1,40,0,41,0,9,80,0,89,145,0,145,234
09/13/2020,ORL,FL,ASO,ES,Towers with Radar,0,21,41,0,62,0,1,55,0,56,0,22,96,0,118,146,0,146,264
09/14/2020,ORL,FL,ASO,ES,Towers with Radar,0,4,64,0,68,0,0,58,0,58,0,4,122,0,126,125,0,125,251
09/15/2020,ORL,FL,ASO,ES,Towers with Radar,0,3,39,0,42,0,2,85,0,87,0,5,124,0,129,224,0,224,353
09/16/2020,ORL,FL,ASO,ES,Towers with Radar,0,17,61,0,78,0,1,146,0,147,0,18,207,0,225,177,0,177,402
09/17/2020,ORL,FL,ASO,ES,Towers with Radar,0,14,63,0,77,0,0,62,0,62,0,14,125,0,139,133,0,133,272
09/18/2020,ORL,FL,ASO,ES,Towers with Radar,0,15,82,0,97,0,0,79,0,79,0,15,161,0,176,211,0,211,387
09/19/2020,ORL,FL,ASO,ES,Towers with Radar,0,8,49,0,57,0,0,107,0,107,0,8,156,0,164,203,0,203,367
09/20/2020,ORL,FL,ASO,ES,Towers with Radar,0,16,45,0,61,0,1,3,0,4,0,17,48,0,65,0,0,0,65
09/21/2020,ORL,FL,ASO,ES,Towers with Radar,0,14,53,0,67,0,1,69,4,74,0,15,122,4,141,98,0,98,239
09/22/2020,ORL,FL,ASO,ES,Towers with Radar,0,22,52,0,74,0,4,96,0,100,0,26,148,0,174,200,0,200,374
09/23/2020,ORL,FL,ASO,ES,Towers with Radar,0,18,69,0,87,0,3,127,0,130,0,21,196,0,217,202,0,202,419
09/24/2020,ORL,FL,ASO,ES,Towers with Radar,0,11,77,2,90,0,2,102,0,104,0,13,179,2,194,127,0,127,321
09/25/2020,ORL,FL,ASO,ES,Towers with Radar,0,13,63,0,76,0,0,95,0,95,0,13,158,0,171,234,0,234,405
09/26/2020,ORL,FL,ASO,ES,Towers with Radar,0,6,41,0,47,0,1,108,0,109,0,7,149,0,156,203,0,203,359
09/27/2020,ORL,FL,ASO,ES,Towers with Radar,0,17,50,0,67,0,0,95,0,95,0,17,145,0,162,183,0,183,345
09/28/2020,ORL,FL,ASO,ES,Towers with Radar,0,10,56,0,66,0,0,78,0,78,0,10,134,0,144,170,0,170,314
09/29/2020,ORL,FL,ASO,ES,Towers with Radar,0,13,61,2,76,0,0,41,0,41,0,13,102,2,117,117,0,117,234
09/30/2020,ORL,FL,ASO,ES,Towers with Radar,0,19,76,0,95,0,1,147,0,148,0,20,223,0,243,258,0,258,501
10/01/2020,ORL,FL,ASO,ES,Towers with Radar,0,20,57,0,77,0,2,127,0,129,0,22,184,0,206,282,0,282,488
10/02/2020,ORL,FL,ASO,ES,Towers with Radar,0,10,64,0,74,0,1,113,0,114,0,11,177,0,188,207,0,207,395
10/03/2020,ORL,FL,ASO,ES,Towers with Radar,0,11,56,0,67,0,4,87,0,91,0,15,143,0,158,229,0,229,387
10/04/2020,ORL,FL,ASO,ES,Towers with Radar,0,25,66,0,91,0,0,6,0,6,0,25,72,0,97,0,0,0,97
10/05/2020,ORL,FL,ASO,ES,Towers with Radar,0,26,73,0,99,0,12,47,0,59,0,38,120,0,158,178,0,178,336
10/06/2020,ORL,FL,ASO,ES,Towers with Radar,0,18,64,0,82,0,5,107,0,112,0,23,171,0,194,366,0,366,560
10/07/2020,ORL,FL,ASO,ES,Towers with Radar,0,26,63,0,89,0,2,87,0,89,0,28,150,0,178,246,0,246,424
10/08/2020,ORL,FL,ASO,ES,Towers with Radar,0,20,67,0,87,0,6,121,1,128,0,26,188,1,215,228,0,228,443
10/09/2020,ORL,FL,ASO,ES,Towers with Radar,0,18,37,0,55,0,2,91,0,93,0,20,128,0,148,134,0,134,282
10/10/2020,ORL,FL,ASO,ES,Towers with Radar,0,12,41,0,53,0,0,101,1,102,0,12,142,1,155,145,0,145,300
10/11/2020,ORL,FL,ASO,ES,Towers with Radar,0,7,63,0,70,0,1,55,0,56,0,8,118,0,126,123,0,123,249
10/12/2020,ORL,FL,ASO,ES,Towers with Radar,0,19,85,0,104,0,0,79,0,79,0,19,164,0,183,129,0,129,312
10/13/2020,ORL,FL,ASO,ES,Towers with Radar,0,21,73,0,94,0,1,82,0,83,0,22,155,0,177,153,0,153,330
10/14/2020,ORL,FL,ASO,ES,Towers with Radar,0,24,79,0,103,0,4,135,0,139,0,28,214,0,242,251,0,251,493
10/15/2020,ORL,FL,ASO,ES,Towers with Radar,0,12,61,0,73,0,3,109,0,112,0,15,170,0,185,225,0,225,410
10/16/2020,ORL,FL,ASO,ES,Towers with Radar,0,9,79,2,90,0,1,121,0,122,0,10,200,2,212,230,0,230,442
10/17/2020,ORL,FL,ASO,ES,Towers with Radar,0,9,46,0,55,0,0,104,0,104,0,9,150,0,159,155,0,155,314
10/18/2020,ORL,FL,ASO,ES,Towers with Radar,0,15,56,0,71,0,0,74,0,74,0,15,130,0,145,213,0,213,358
10/19/2020,ORL,FL,ASO,ES,Towers with Radar,0,11,48,0,59,0,1,57,0,58,0,12,105,0,117,222,0,222,339
10/20/2020,ORL,FL,ASO,ES,Towers with Radar,0,11,53,0,64,0,3,98,0,101,0,14,151,0,165,208,0,208,373
10/21/2020,ORL,FL,ASO,ES,Towers with Radar,0,10,86,0,96,0,2,73,0,75,0,12,159,0,171,163,0,163,334
10/22/2020,ORL,FL,ASO,ES,Towers with Radar,0,13,86,0,99,0,2,92,0,94,0,15,178,0,193,199,0,199,392
10/23/2020,ORL,FL,ASO,ES,Towers with Radar,0,21,68,0,89,0,0,82,2,84,0,21,150,2,173,269,0,269,442
10/24/2020,ORL,FL,ASO,ES,Towers with Radar,0,12,39,0,51,0,1,111,0,112,0,13,150,0,163,224,0,224,387
10/25/2020,ORL,FL,ASO,ES,Towers with Radar,0,18,47,0,65,0,0,92,0,92,0,18,139,0,157,231,0,231,388
10/26/2020,ORL,FL,ASO,ES,Towers with Radar,0,25,54,0,79,0,1,84,0,85,0,26,138,0,164,301,0,301,465
10/27/2020,ORL,FL,ASO,ES,Towers with Radar,0,21,75,0,96,0,1,94,0,95,0,22,169,0,191,224,0,224,415
10/28/2020,ORL,FL,ASO,ES,Towers with Radar,0,12,76,0,88,0,0,139,0,139,0,12,215,0,227,186,0,186,413
10/29/2020,ORL,FL,ASO,ES,Towers with Radar,0,16,85,0,101,0,3,69,0,72,0,19,154,0,173,134,0,134,307
10/30/2020,ORL,FL,ASO,ES,Towers with Radar,0,12,62,0,74,0,0,158,0,158,0,12,220,0,232,261,0,261,493
10/31/2020,ORL,FL,ASO,ES,Towers with Radar,0,7,45,0,52,0,0,104,0,104,0,7,149,0,156,178,0,178,334
11/01/2020,ORL,FL,ASO,ES,Towers with Radar,0,15,62,0,77,0,0,51,0,51,0,15,113,0,128,204,0,204,332
11/02/2020,ORL,FL,ASO,ES,Towers with Radar,0,16,54,0,70,0,2,71,0,73,0,18,125,0,143,110,0,110,253
11/03/2020,ORL,FL,ASO,ES,Towers with Radar,0,13,56,4,73,0,1,120,0,121,0,14,176,4,194,349,0,349,543
11/04/2020,ORL,FL,ASO,ES,Towers with Radar,0,15,75,0,90,0,5,130,0,135,0,20,205,0,225,262,0,262,487
11/05/2020,ORL,FL,ASO,ES,Towers with Radar,0,17,87,0,104,0,8,119,0,127,0,25,206,0,231,260,0,260,491
11/06/2020,ORL,FL,ASO,ES,Towers with Radar,0,19,73,0,92,0,2,131,0,133,0,21,204,0,225,245,0,245,470
11/07/2020,ORL,FL,ASO,ES,Towers with Radar,0,8,40,0,48,0,1,68,1,70,0,9,108,1,118,91,0,91,209
11/08/2020,ORL,FL,ASO,ES,Towers with Radar,0,20,62,0,82,0,1,36,0,37,0,21,98,0,119,149,0,149,268
11/09/2020,ORL,FL,ASO,ES,Towers with Radar,0,23,23,0,46,0,0,6,0,6,0,23,29,0,52,0,0,0,52
11/10/2020,ORL,FL,ASO,ES,Towers with Radar,0,21,40,0,61,0,0,32,0,32,0,21,72,0,93,196,0,196,289
11/11/2020,ORL,FL,ASO,ES,Towers with Radar,0,26,46,0,72,0,1,24,0,25,0,27,70,0,97,213,0,213,310
11/12/2020,ORL,FL,ASO,ES,Towers with Radar,0,7,34,1,42,0,0,17,0,17,0,7,51,1,59,27,0,27,86
11/13/2020,ORL,FL,ASO,ES,Towers with Radar,0,15,106,0,121,0,0,46,0,46,0,15,152,0,167,186,0,186,353
11/14/2020,ORL,FL,ASO,ES,Towers with Radar,0,7,63,0,70,0,0,133,0,133,0,7,196,0,203,279,0,279,482
11/15/2020,ORL,FL,ASO,ES,Towers with Radar,0,20,54,1,75,0,0,108,0,108,0,20,162,1,183,256,0,256,439
11/16/2020,ORL,FL,ASO,ES,Towers with Radar,0,18,73,0,91,0,0,113,0,113,0,18,186,0,204,270,0,270,474
11/17/2020,ORL,FL,ASO,ES,Towers with Radar,0,16,67,0,83,0,1,177,0,178,0,17,244,0,261,204,0,204,465
11/18/2020,ORL,FL,ASO,ES,Towers with Radar,0,14,83,2,99,0,0,106,0,106,0,14,189,2,205,127,0,127,332
11/19/2020,ORL,FL,ASO,ES,Towers with Radar,0,17,78,1,96,0,0,131,0,131,0,17,209,1,227,183,0,183,410
11/20/2020,ORL,FL,ASO,ES,Towers with Radar,0,14,90,2,106,0,1,148,0,149,0,15,238,2,255,162,0,162,417
11/21/2020,ORL,FL,ASO,ES,Towers with Radar,0,12,51,0,63,0,0,88,0,88,0,12,139,0,151,190,0,190,341
11/22/2020,ORL,FL,ASO,ES,Towers with Radar,0,12,60,0,72,0,0,16,0,16,0,12,76,0,88,18,0,18,106
11/23/2020,ORL,FL,ASO,ES,Towers with Radar,0,17,93,0,110,0,3,142,0,145,0,20,235,0,255,138,0,138,393
11/24/2020,ORL,FL,ASO,ES,Towers with Radar,0,18,81,0,99,0,0,173,0,173,0,18,254,0,272,231,0,231,503
11/25/2020,ORL,FL,ASO,ES,Towers with Radar,0,16,75,0,91,0,2,156,0,158,0,18,231,0,249,147,0,147,396
11/26/2020,ORL,FL,ASO,ES,Towers with Radar,0,4,14,0,18,0,1,47,0,48,0,5,61,0,66,41,0,41,107
11/27/2020,ORL,FL,ASO,ES,Towers with Radar,0,10,60,0,70,0,0,112,1,113,0,10,172,1,183,177,0,177,360
11/28/2020,ORL,FL,ASO,ES,Towers with Radar,0,12,68,0,80,0,1,126,0,127,0,13,194,0,207,182,0,182,389
11/29/2020,ORL,FL,ASO,ES,Towers with Radar,0,21,104,0,125,0,1,95,0,96,0,22,199,0,221,163,0,163,384
11/30/2020,ORL,FL,ASO,ES,Towers with Radar,0,28,49,0,77,0,1,48,0,49,0,29,97,0,126,222,0,222,348
12/01/2020,ORL,FL,ASO,ES,Towers with Radar,0,26,60,0,86,0,3,130,0,133,0,29,190,0,219,232,0,232,451
12/02/2020,ORL,FL,ASO,ES,Towers with Radar,0,19,77,0,96,0,8,153,0,161,0,27,230,0,257,260,0,260,517
12/03/2020,ORL,FL,ASO,ES,Towers with Radar,0,17,76,0,93,0,1,157,0,158,0,18,233,0,251,224,0,224,475
12/04/2020,ORL,FL,ASO,ES,Towers with Radar,0,19,66,0,85,0,2,136,1,139,0,21,202,1,224,249,0,249,473
12/05/2020,ORL,FL,ASO,ES,Towers with Radar,0,11,58,0,69,0,0,85,1,86,0,11,143,1,155,188,0,188,343
12/06/2020,ORL,FL,ASO,ES,Towers with Radar,0,13,46,0,59,0,0,124,2,126,0,13,170,2,185,289,0,289,474
12/07/2020,ORL,FL,ASO,ES,Towers with Radar,0,9,56,0,65,0,0,48,0,48,0,9,104,0,113,83,0,83,196
12/08/2020,ORL,FL,ASO,ES,Towers with Radar,0,35,61,0,96,0,5,140,1,146,0,40,201,1,242,246,0,246,488
12/09/2020,ORL,FL,ASO,ES,Towers with Radar,0,24,69,0,93,0,4,152,0,156,0,28,221,0,249,258,0,258,507
12/10/2020,ORL,FL,ASO,ES,Towers with Radar,0,26,87,0,113,0,1,134,0,135,0,27,221,0,248,239,0,239,487
12/11/2020,ORL,FL,ASO,ES,Towers with Radar,0,13,81,0,94,0,3,154,0,157,0,16,235,0,251,287,0,287,538
12/12/2020,ORL,FL,ASO,ES,Towers with Radar,0,13,53,0,66,0,0,79,0,79,0,13,132,0,145,245,0,245,390
12/13/2020,ORL,FL,ASO,ES,Towers with Radar,0,13,61,0,74,0,1,89,0,90,0,14,150,0,164,149,0,149,313
12/14/2020,ORL,FL,ASO,ES,Towers with Radar,0,14,60,0,74,0,1,80,2,83,0,15,140,2,157,310,0,310,467
12/15/2020,ORL,FL,ASO,ES,Towers with Radar,0,18,65,0,83,0,2,114,0,116,0,20,179,0,199,284,0,284,483
12/16/2020,ORL,FL,ASO,ES,Towers with Radar,0,17,61,0,78,0,0,61,0,61,0,17,122,0,139,177,0,177,316
12/17/2020,ORL,FL,ASO,ES,Towers with Radar,0,21,113,0,134,0,2,73,0,75,0,23,186,0,209,59,0,59,268
12/18/2020,ORL,FL,ASO,ES,Towers with Radar,0,16,71,0,87,0,0,162,0,162,0,16,233,0,249,254,0,254,503
12/19/2020,ORL,FL,ASO,ES,Towers with Radar,0,12,77,0,89,0,0,117,0,117,0,12,194,0,206,156,0,156,362
12/20/2020,ORL,FL,ASO,ES,Towers with Radar,0,11,52,0,63,0,0,85,0,85,0,11,137,0,148,197,0,197,345
12/21/2020,ORL,FL,ASO,ES,Towers with Radar,0,15,71,0,86,0,0,118,0,118,0,15,189,0,204,155,0,155,359
12/22/2020,ORL,FL,ASO,ES,Towers with Radar,0,19,64,0,83,0,0,164,0,164,0,19,228,0,247,165,0,165,412
12/23/2020,ORL,FL,ASO,ES,Towers with Radar,0,26,60,0,86,0,0,119,0,119,0,26,179,0,205,219,0,219,424
12/24/2020,ORL,FL,ASO,ES,Towers with Radar,0,8,24,0,32,0,3,40,0,43,0,11,64,0,75,43,0,43,118
12/25/2020,ORL,FL,ASO,ES,Towers with Radar,0,8,8,0,16,0,0,31,0,31,0,8,39,0,47,13,0,13,60
12/26/2020,ORL,FL,ASO,ES,Towers with Radar,0,12,58,0,70,0,0,122,0,122,0,12,180,0,192,153,0,153,345
12/27/2020,ORL,FL,ASO,ES,Towers with Radar,0,18,62,0,80,0,0,81,0,81,0,18,143,0,161,62,0,62,223
12/28/2020,ORL,FL,ASO,ES,Towers with Radar,0,22,79,0,101,0,4,133,0,137,0,26,212,0,238,103,0,103,341
12/29/2020,ORL,FL,ASO,ES,Towers with Radar,0,23,58,0,81,0,1,150,0,151,0,24,208,0,232,88,0,88,320
12/30/2020,ORL,FL,ASO,ES,Towers with Radar,0,18,48,0,66,0,1,131,0,132,0,19,179,0,198,150,0,150,348
12/31/2020,ORL,FL,ASO,ES,Towers with Radar,0,20,44,0,64,0,1,101,0,102,0,21,145,0,166,84,0,84,250
01/01/2021,ORL,FL,ASO,ES,Towers with Radar,0,18,27,0,45,0,0,41,0,41,0,18,68,0,86,8,0,8,94
01/02/2021,ORL,FL,ASO,ES,Towers with Radar,0,24,45,0,69,0,0,39,0,39,0,24,84,0,108,63,0,63,171
01/03/2021,ORL,FL,ASO,ES,Towers with Radar,0,20,70,0,90,0,0,21,0,21,0,20,91,0,111,26,0,26,137
01/04/2021,ORL,FL,ASO,ES,Towers with Radar,0,6,49,0,55,0,0,107,0,107,0,6,156,0,162,180,0,180,342
01/05/2021,ORL,FL,ASO,ES,Towers with Radar,0,6,50,0,56,0,2,118,0,120,0,8,168,0,176,237,0,237,413
01/06/2021,ORL,FL,ASO,ES,Towers with Radar,0,23,56,0,79,0,2,121,0,123,0,25,177,0,202,380,0,380,582
01/07/2021,ORL,FL,ASO,ES,Towers with Radar,0,17,67,0,84,0,2,106,0,108,0,19,173,0,192,167,0,167,359
01/08/2021,ORL,FL,ASO,ES,Towers with Radar,0,8,45,0,53,0,0,80,0,80,0,8,125,0,133,92,0,92,225
01/09/2021,ORL,FL,ASO,ES,Towers with Radar,0,7,46,0,53,0,0,107,0,107,0,7,153,0,160,199,0,199,359
01/10/2021,ORL,FL,ASO,ES,Towers with Radar,0,11,50,1,62,0,1,111,0,112,0,12,161,1,174,244,0,244,418
01/11/2021,ORL,FL,ASO,ES,Towers with Radar,0,11,45,0,56,0,1,90,0,91,0,12,135,0,147,266,0,266,413
01/12/2021,ORL,FL,ASO,ES,Towers with Radar,0,11,66,0,77,0,0,63,0,63,0,11,129,0,140,177,0,177,317
01/13/2021,ORL,FL,ASO,ES,Towers with Radar,0,13,76,0,89,0,5,75,0,80,0,18,151,0,169,248,0,248,417
01/14/2021,ORL,FL,ASO,ES,Towers with Radar,0,21,84,0,105,0,2,131,0,133,0,23,215,0,238,237,0,237,475
01/15/2021,ORL,FL,ASO,ES,Towers with Radar,0,10,74,1,85,0,2,153,0,155,0,12,227,1,240,195,0,195,435
01/16/2021,ORL,FL,ASO,ES,Towers with Radar,0,4,43,0,47,0,0,133,0,133,0,4,176,0,180,128,0,128,308
01/17/2021,ORL,FL,ASO,ES,Towers with Radar,0,14,46,0,60,0,0,143,0,143,0,14,189,0,203,259,0,259,462
01/18/2021,ORL,FL,ASO,ES,Towers with Radar,0,27,59,0,86,0,2,164,0,166,0,29,223,0,252,231,0,231,483
01/19/2021,ORL,FL,ASO,ES,Towers with Radar,0,15,56,0,71,0,1,153,0,154,0,16,209,0,225,289,0,289,514
01/20/2021,ORL,FL,ASO,ES,Towers with Radar,0,20,65,0,85,0,4,144,0,148,0,24,209,0,233,213,0,213,446
01/21/2021,ORL,FL,ASO,ES,Towers with Radar,0,12,58,0,70,0,0,141,1,142,0,12,199,1,212,219,0,219,431
01/22/2021,ORL,FL,ASO,ES,Towers with Radar,0,7,67,0,74,0,2,143,0,145,0,9,210,0,219,297,0,297,516
01/23/2021,ORL,FL,ASO,ES,Towers with Radar,0,6,61,0,67,0,0,3,0,3,0,6,64,0,70,0,0,0,70
01/24/2021,ORL,FL,ASO,ES,Towers with Radar,0,9,52,1,62,0,0,97,0,97,0,9,149,1,159,269,0,269,428
01/25/2021,ORL,FL,ASO,ES,Towers with Radar,0,14,61,1,76,0,0,80,0,80,0,14,141,1,156,146,0,146,302
01/26/2021,ORL,FL,ASO,ES,Towers with Radar,0,4,57,0,61,0,1,70,0,71,0,5,127,0,132,162,0,162,294
01/27/2021,ORL,FL,ASO,ES,Towers with Radar,0,18,75,0,93,0,0,90,0,90,0,18,165,0,183,107,0,107,290
01/28/2021,ORL,FL,ASO,ES,Towers with Radar,0,12,65,0,77,0,5,100,0,105,0,17,165,0,182,136,0,136,318
01/29/2021,ORL,FL,ASO,ES,Towers with Radar,0,16,83,0,99,0,0,171,0,171,0,16,254,0,270,190,0,190,460
01/30/2021,ORL,FL,ASO,ES,Towers with Radar,0,9,52,0,61,0,4,152,0,156,0,13,204,0,217,256,0,256,473
01/31/2021,ORL,FL,ASO,ES,Towers with Radar,0,15,61,0,76,0,1,110,0,111,0,16,171,0,187,118,0,118,305
02/01/2021,ORL,FL,ASO,ES,Towers with Radar,0,19,36,0,55,0,0,34,0,34,0,19,70,0,89,144,0,144,233
02/02/2021,ORL,FL,ASO,ES,Towers with Radar,0,10,29,1,40,0,1,71,0,72,0,11,100,1,112,96,0,96,208
02/03/2021,ORL,FL,ASO,ES,Towers with Radar,0,24,76,0,100,0,5,159,0,164,0,29,235,0,264,217,0,217,481
02/04/2021,ORL,FL,ASO,ES,Towers with Radar,0,15,69,0,84,0,0,171,0,171,0,15,240,0,255,254,0,254,509
02/05/2021,ORL,FL,ASO,ES,Towers with Radar,0,14,72,0,86,0,1,136,1,138,0,15,208,1,224,145,0,145,369
02/06/2021,ORL,FL,ASO,ES,Towers with Radar,1,11,52,0,64,0,0,19,0,19,1,11,71,0,83,223,0,223,306
02/07/2021,ORL,FL,ASO,ES,Towers with Radar,0,17,56,0,73,0,0,34,0,34,0,17,90,0,107,158,0,158,265
02/08/2021,ORL,FL,ASO,ES,Towers with Radar,0,23,85,0,108,0,4,38,0,42,0,27,123,0,150,162,0,162,312
02/09/2021,ORL,FL,ASO,ES,Towers with Radar,0,17,85,0,102,0,0,103,0,103,0,17,188,0,205,224,0,224,429
02/10/2021,ORL,FL,ASO,ES,Towers with Radar,0,22,75,0,97,0,1,134,0,135,0,23,209,0,232,189,0,189,421
02/11/2021,ORL,FL,ASO,ES,Towers with Radar,0,23,92,0,115,0,3,170,0,173,0,26,262,0,288,194,0,194,482
02/12/2021,ORL,FL,ASO,ES,Towers with Radar,0,22,68,0,90,0,0,111,0,111,0,22,179,0,201,231,0,231,432
02/13/2021,ORL,FL,ASO,ES,Towers with Radar,0,13,33,0,46,0,1,33,0,34,0,14,66,0,80,108,0,108,188
02/14/2021,ORL,FL,ASO,ES,Towers with Radar,0,21,51,0,72,0,1,36,0,37,0,22,87,0,109,88,0,88,197
02/15/2021,ORL,FL,ASO,ES,Towers with Radar,0,16,65,0,81,0,0,44,0,44,0,16,109,0,125,30,0,30,155
02/16/2021,ORL,FL,ASO,ES,Towers with Radar,0,13,69,0,82,0,2,92,0,94,0,15,161,0,176,162,0,162,338
02/17/2021,ORL,FL,ASO,ES,Towers with Radar,0,31,103,0,134,0,0,72,0,72,0,31,175,0,206,277,0,277,483
02/18/2021,ORL,FL,ASO,ES,Towers with Radar,0,14,65,0,79,0,4,133,0,137,0,18,198,0,216,104,0,104,320
02/19/2021,ORL,FL,ASO,ES,Towers with Radar,0,10,74,0,84,0,0,7,0,7,0,10,81,0,91,65,0,65,156
02/20/2021,ORL,FL,ASO,ES,Towers with Radar,0,10,79,0,89,0,0,156,0,156,0,10,235,0,245,241,0,241,486
02/21/2021,ORL,FL,ASO,ES,Towers with Radar,0,18,56,0,74,0,0,97,0,97,0,18,153,0,171,85,0,85,256
02/22/2021,ORL,FL,ASO,ES,Towers with Radar,0,15,66,0,81,0,2,115,0,117,0,17,181,0,198,200,0,200,398
02/23/2021,ORL,FL,ASO,ES,Towers with Radar,0,21,71,0,92,0,0,136,0,136,0,21,207,0,228,197,0,197,425
02/24/2021,ORL,FL,ASO,ES,Towers with Radar,0,15,80,0,95,0,2,172,0,174,0,17,252,0,269,205,0,205,474
02/25/2021,ORL,FL,ASO,ES,Towers with Radar,0,21,53,0,74,0,4,188,0,192,0,25,241,0,266,199,0,199,465
02/26/2021,ORL,FL,ASO,ES,Towers with Radar,0,9,85,0,94,0,2,191,0,193,0,11,276,0,287,182,0,182,469
02/27/2021,ORL,FL,ASO,ES,Towers with Radar,0,17,50,0,67,0,1,142,0,143,0,18,192,0,210,139,0,139,349
02/28/2021,ORL,FL,ASO,ES,Towers with Radar,0,17,71,0,88,0,0,131,0,131,0,17,202,0,219,157,0,157,376
03/01/2021,ORL,FL,ASO,ES,Towers with Radar,0,27,70,0,97,0,1,107,0,108,0,28,177,0,205,227,0,227,432
03/02/2021,ORL,FL,ASO,ES,Towers with Radar,0,19,87,0,106,0,0,83,0,83,0,19,170,0,189,254,0,254,443
03/03/2021,ORL,FL,ASO,ES,Towers with Radar,0,19,96,1,116,0,1,88,0,89,0,20,184,1,205,104,0,104,309
03/04/2021,ORL,FL,ASO,ES,Towers with Radar,0,16,85,1,102,0,3,142,1,146,0,19,227,2,248,213,0,213,461
03/05/2021,ORL,FL,ASO,ES,Towers with Radar,0,17,66,0,83,0,0,178,0,178,0,17,244,0,261,259,0,259,520
03/06/2021,ORL,FL,ASO,ES,Towers with Radar,0,6,37,0,43,0,1,51,0,52,0,7,88,0,95,191,0,191,286
03/07/2021,ORL,FL,ASO,ES,Towers with Radar,0,30,63,0,93,0,1,91,0,92,0,31,154,0,185,70,0,70,255
03/08/2021,ORL,FL,ASO,ES,Towers with Radar,0,22,73,1,96,0,3,99,1,103,0,25,172,2,199,302,0,302,501
03/09/2021,ORL,FL,ASO,ES,Towers with Radar,0,16,76,0,92,0,0,188,0,188,0,16,264,0,280,200,0,200,480
03/10/2021,ORL,FL,ASO,ES,Towers with Radar,0,27,87,0,114,0,0,146,0,146,0,27,233,0,260,238,0,238,498
03/11/2021,ORL,FL,ASO,ES,Towers with Radar,0,12,112,0,124,0,0,184,2,186,0,12,296,2,310,284,0,284,594
03/12/2021,ORL,FL,ASO,ES,Towers with Radar,0,23,76,0,99,0,5,168,0,173,0,28,244,0,272,282,0,282,554
03/13/2021,ORL,FL,ASO,ES,Towers with Radar,0,12,66,0,78,0,2,148,0,150,0,14,214,0,228,261,0,261,489
03/14/2021,ORL,FL,ASO,ES,Towers with Radar,0,22,83,0,105,0,1,146,0,147,0,23,229,0,252,277,0,277,529
03/15/2021,ORL,FL,ASO,ES,Towers with Radar,0,15,82,0,97,0,1,157,0,158,0,16,239,0,255,213,0,213,468
03/16/2021,ORL,FL,ASO,ES,Towers with Radar,0,5,75,2,82,0,4,108,0,112,0,9,183,2,194,173,0,173,367
03/17/2021,ORL,FL,ASO,ES,Towers with Radar,0,16,78,0,94,0,0,133,0,133,0,16,211,0,227,87,0,87,314
03/18/2021,ORL,FL,ASO,ES,Towers with Radar,0,14,74,0,88,0,0,37,0,37,0,14,111,0,125,91,0,91,216
03/19/2021,ORL,FL,ASO,ES,Towers with Radar,0,17,81,0,98,0,0,169,0,169,0,17,250,0,267,181,0,181,448
03/20/2021,ORL,FL,ASO,ES,Towers with Radar,0,13,69,0,82,0,0,33,0,33,0,13,102,0,115,77,0,77,192
03/21/2021,ORL,FL,ASO,ES,Towers with Radar,0,26,101,0,127,0,0,4,0,4,0,26,105,0,131,16,0,16,147
03/22/2021,ORL,FL,ASO,ES,Towers with Radar,0,16,101,0,117,0,0,20,0,20,0,16,121,0,137,123,0,123,260
03/23/2021,ORL,FL,ASO,ES,Towers with Radar,0,9,85,0,94,0,1,162,0,163,0,10,247,0,257,347,0,347,604
03/24/2021,ORL,FL,ASO,ES,Towers with Radar,0,29,87,0,116,0,2,188,0,190,0,31,275,0,306,221,0,221,527
03/25/2021,ORL,FL,ASO,ES,Towers with Radar,0,21,88,0,109,0,2,119,0,121,0,23,207,0,230,142,0,142,372
03/26/2021,ORL,FL,ASO,ES,Towers with Radar,0,16,105,0,121,0,3,117,0,120,0,19,222,0,241,167,0,167,408
03/27/2021,ORL,FL,ASO,ES,Towers with Radar,0,21,58,0,79,0,0,140,0,140,0,21,198,0,219,242,0,242,461
03/28/2021,ORL,FL,ASO,ES,Towers with Radar,0,19,63,0,82,0,0,67,0,67,0,19,130,0,149,139,0,139,288
03/29/2021,ORL,FL,ASO,ES,Towers with Radar,0,13,71,0,84,0,2,85,0,87,0,15,156,0,171,262,0,262,433
03/30/2021,ORL,FL,ASO,ES,Towers with Radar,0,15,60,0,75,0,1,110,0,111,0,16,170,0,186,225,0,225,411
03/31/2021,ORL,FL,ASO,ES,Towers with Radar,0,17,81,0,98,0,0,119,0,119,0,17,200,0,217,258,0,258,475
04/01/2021,ORL,FL,ASO,ES,Towers with Radar,0,23,95,0,118,0,4,67,0,71,0,27,162,0,189,149,0,149,338
04/02/2021,ORL,FL,ASO,ES,Towers with Radar,0,26,59,0,85,0,2,81,0,83,0,28,140,0,168,100,0,100,268
04/03/2021,ORL,FL,ASO,ES,Towers with Radar,0,16,53,0,69,0,1,114,1,116,0,17,167,1,185,140,0,140,325
04/04/2021,ORL,FL,ASO,ES,Towers with Radar,0,9,48,0,57,0,0,96,0,96,0,9,144,0,153,228,0,228,381
04/05/2021,ORL,FL,ASO,ES,Towers with Radar,0,32,76,0,108,0,0,151,0,151,0,32,227,0,259,339,0,339,598
04/06/2021,ORL,FL,ASO,ES,Towers with Radar,1,11,75,0,87,0,1,124,0,125,1,12,199,0,212,275,0,275,487
04/07/2021,ORL,FL,ASO,ES,Towers with Radar,0,16,109,0,125,0,1,165,0,166,0,17,274,0,291,332,0,332,623
04/08/2021,ORL,FL,ASO,ES,Towers with Radar,0,24,80,0,104,0,1,151,0,152,0,25,231,0,256,212,0,212,468
04/09/2021,ORL,FL,ASO,ES,Towers with Radar,0,13,52,0,65,0,3,145,0,148,0,16,197,0,213,285,0,285,498
04/10/2021,ORL,FL,ASO,ES,Towers with Radar,0,14,45,0,59,0,0,81,0,81,0,14,126,0,140,44,0,44,184
04/11/2021,ORL,FL,ASO,ES,Towers with Radar,0,12,44,0,56,0,0,16,0,16,0,12,60,0,72,59,0,59,131
04/12/2021,ORL,FL,ASO,ES,Towers with Radar,0,22,76,0,98,0,1,115,0,116,0,23,191,0,214,242,0,242,456
04/13/2021,ORL,FL,ASO,ES,Towers with Radar,0,14,54,0,68,0,0,182,0,182,0,14,236,0,250,276,0,276,526
04/14/2021,ORL,FL,ASO,ES,Towers with Radar,0,20,60,0,80,0,1,128,0,129,0,21,188,0,209,299,0,299,508
04/15/2021,ORL,FL,ASO,ES,Towers with Radar,0,30,79,0,109,0,0,130,0,130,0,30,209,0,239,212,0,212,451
04/16/2021,ORL,FL,ASO,ES,Towers with Radar,0,20,82,0,102,0,0,88,0,88,0,20,170,0,190,226,0,226,416
04/17/2021,ORL,FL,ASO,ES,Towers with Radar,0,9,49,0,58,0,0,56,0,56,0,9,105,0,114,106,0,106,220
04/18/2021,ORL,FL,ASO,ES,Towers with Radar,0,10,84,0,94,0,2,16,0,18,0,12,100,0,112,44,0,44,156
04/19/2021,ORL,FL,ASO,ES,Towers with Radar,0,17,72,0,89,0,0,20,0,20,0,17,92,0,109,55,0,55,164
04/20/2021,ORL,FL,ASO,ES,Towers with Radar,0,22,90,0,112,0,0,7,0,7,0,22,97,0,119,4,0,4,123
04/21/2021,ORL,FL,ASO,ES,Towers with Radar,0,12,116,0,128,0,0,162,2,164,0,12,278,2,292,194,0,194,486
04/22/2021,ORL,FL,ASO,ES,Towers with Radar,0,13,92,0,105,0,1,205,1,207,0,14,297,1,312,291,0,291,603
04/23/2021,ORL,FL,ASO,ES,Towers with Radar,0,13,89,0,102,0,1,154,0,155,0,14,243,0,257,226,0,226,483
04/24/2021,ORL,FL,ASO,ES,Towers with Radar,0,15,36,0,51,0,0,89,0,89,0,15,125,0,140,51,0,51,191
04/25/2021,ORL,FL,ASO,ES,Towers with Radar,0,19,70,0,89,0,0,62,0,62,0,19,132,0,151,107,0,107,258
04/26/2021,ORL,FL,ASO,ES,Towers with Radar,0,21,92,0,113,0,6,163,0,169,0,27,255,0,282,263,0,263,545
04/27/2021,ORL,FL,ASO,ES,Towers with Radar,0,28,74,0,102,0,0,174,0,174,0,28,248,0,276,314,0,314,590
04/28/2021,ORL,FL,ASO,ES,Towers with Radar,0,34,85,0,119,0,2,200,0,202,0,36,285,0,321,225,0,225,546
04/29/2021,ORL,FL,ASO,ES,Towers with Radar,0,20,98,2,120,0,0,155,0,155,0,20,253,2,275,189,0,189,464
04/30/2021,ORL,FL,ASO,ES,Towers with Radar,0,28,65,0,93,0,3,125,0,128,0,31,190,0,221,257,0,257,478
05/01/2021,ORL,FL,ASO,ES,Towers with Radar,0,11,52,0,63,0,0,123,0,123,0,11,175,0,186,164,0,164,350
05/02/2021,ORL,FL,ASO,ES,Towers with Radar,0,32,75,0,107,0,0,83,0,83,0,32,158,0,190,135,0,135,325
05/03/2021,ORL,FL,ASO,ES,Towers with Radar,0,12,86,0,98,0,6,122,0,128,0,18,208,0,226,246,0,246,472
05/04/2021,ORL,FL,ASO,ES,Towers with Radar,0,15,82,2,99,0,0,146,2,148,0,15,228,4,247,253,0,253,500
05/05/2021,ORL,FL,ASO,ES,Towers with Radar,0,21,67,2,90,0,0,115,0,115,0,21,182,2,205,246,0,246,451
05/06/2021,ORL,FL,ASO,ES,Towers with Radar,0,23,102,0,125,0,1,95,0,96,0,24,197,0,221,146,0,146,367
05/07/2021,ORL,FL,ASO,ES,Towers with Radar,0,14,87,0,101,0,0,176,0,176,0,14,263,0,277,251,0,251,528
05/08/2021,ORL,FL,ASO,ES,Towers with Radar,0,22,45,0,67,0,0,126,0,126,0,22,171,0,193,220,0,220,413
05/09/2021,ORL,FL,ASO,ES,Towers with Radar,0,15,58,0,73,0,0,87,2,89,0,15,145,2,162,40,0,40,202
05/10/2021,ORL,FL,ASO,ES,Towers with Radar,0,17,86,0,103,0,0,130,0,130,0,17,216,0,233,284,0,284,517
05/11/2021,ORL,FL,ASO,ES,Towers with Radar,0,15,77,0,92,0,0,104,0,104,0,15,181,0,196,239,0,239,435
05/12/2021,ORL,FL,ASO,ES,Towers with Radar,0,22,97,0,119,0,0,115,0,115,0,22,212,0,234,161,0,161,395
05/13/2021,ORL,FL,ASO,ES,Towers with Radar,0,13,113,0,126,0,0,28,0,28,0,13,141,0,154,120,0,120,274
05/14/2021,ORL,FL,ASO,ES,Towers with Radar,0,19,79,0,98,0,1,159,0,160,0,20,238,0,258,153,0,153,411
05/15/2021,ORL,FL,ASO,ES,Towers with Radar,0,19,52,0,71,0,0,141,0,141,0,19,193,0,212,209,0,209,421
05/16/2021,ORL,FL,ASO,ES,Towers with Radar,0,20,64,0,84,0,6,108,0,114,0,26,172,0,198,175,0,175,373
05/17/2021,ORL,FL,ASO,ES,Towers with Radar,0,25,69,0,94,0,1,115,0,116,0,26,184,0,210,161,0,161,371
05/18/2021,ORL,FL,ASO,ES,Towers with Radar,0,37,83,0,120,0,0,131,0,131,0,37,214,0,251,217,0,217,468
05/19/2021,ORL,FL,ASO,ES,Towers with Radar,0,15,62,0,77,0,0,95,0,95,0,15,157,0,172,144,0,144,316
05/20/2021,ORL,FL,ASO,ES,Towers with Radar,0,14,82,0,96,0,1,79,0,80,0,15,161,0,176,170,0,170,346
05/21/2021,ORL,FL,ASO,ES,Towers with Radar,0,18,88,0,106,0,1,112,0,113,0,19,200,0,219,207,0,207,426
05/22/2021,ORL,FL,ASO,ES,Towers with Radar,0,17,37,0,54,0,0,129,0,129,0,17,166,0,183,207,0,207,390
05/23/2021,ORL,FL,ASO,ES,Towers with Radar,0,23,72,0,95,0,2,123,1,126,0,25,195,1,221,191,0,191,412
05/24/2021,ORL,FL,ASO,ES,Towers with Radar,0,16,60,0,76,0,3,148,1,152,0,19,208,1,228,254,0,254,482
05/25/2021,ORL,FL,ASO,ES,Towers with Radar,0,26,71,0,97,0,0,159,0,159,0,26,230,0,256,271,0,271,527
05/26/2021,ORL,FL,ASO,ES,Towers with Radar,0,29,79,0,108,0,1,166,0,167,0,30,245,0,275,249,0,249,524
05/27/2021,ORL,FL,ASO,ES,Towers with Radar,0,25,86,0,111,0,0,181,0,181,0,25,267,0,292,241,0,241,533
05/28/2021,ORL,FL,ASO,ES,Towers with Radar,0,17,91,0,108,0,2,147,0,149,0,19,238,0,257,278,0,278,535
05/29/2021,ORL,FL,ASO,ES,Towers with Radar,0,14,39,0,53,0,0,107,0,107,0,14,146,0,160,209,0,209,369
05/30/2021,ORL,FL,ASO,ES,Towers with Radar,0,19,39,0,58,0,0,58,0,58,0,19,97,0,116,167,0,167,283
05/31/2021,ORL,FL,ASO,ES,Towers with Radar,0,16,68,0,84,0,0,95,0,95,0,16,163,0,179,157,0,157,336
06/01/2021,ORL,FL,ASO,ES,Towers with Radar,0,23,81,0,104,0,0,116,0,116,0,23,197,0,220,261,0,261,481
06/02/2021,ORL,FL,ASO,ES,Towers with Radar,0,18,81,0,99,0,5,114,0,119,0,23,195,0,218,256,0,256,474
06/03/2021,ORL,FL,ASO,ES,Towers with Radar,0,27,75,0,102,0,0,61,0,61,0,27,136,0,163,101,0,101,264
06/04/2021,ORL,FL,ASO,ES,Towers with Radar,0,28,84,0,112,0,1,57,0,58,0,29,141,0,170,204,0,204,374
06/05/2021,ORL,FL,ASO,ES,Towers with Radar,0,15,51,0,66,0,0,89,0,89,0,15,140,0,155,238,0,238,393
06/06/2021,ORL,FL,ASO,ES,Towers with Radar,0,19,70,0,89,0,0,102,0,102,0,19,172,0,191,181,0,181,372
06/07/2021,ORL,FL,ASO,ES,Towers with Radar,0,11,39,0,50,0,0,98,0,98,0,11,137,0,148,178,0,178,326
06/08/2021,ORL,FL,ASO,ES,Towers with Radar,0,25,61,1,87,0,2,164,0,166,0,27,225,1,253,158,0,158,411
06/09/2021,ORL,FL,ASO,ES,Towers with Radar,0,22,94,0,116,0,1,161,0,162,0,23,255,0,278,259,0,259,537
06/10/2021,ORL,FL,ASO,ES,Towers with Radar,0,6,82,0,88,0,0,178,0,178,0,6,260,0,266,241,0,241,507
06/11/2021,ORL,FL,ASO,ES,Towers with Radar,0,18,69,0,87,0,0,125,0,125,0,18,194,0,212,246,0,246,458
06/12/2021,ORL,FL,ASO,ES,Towers with Radar,0,28,43,0,71,0,0,114,0,114,0,28,157,0,185,184,0,184,369
06/13/2021,ORL,FL,ASO,ES,Towers with Radar,0,12,66,0,78,0,1,47,0,48,0,13,113,0,126,141,0,141,267
06/14/2021,ORL,FL,ASO,ES,Towers with Radar,0,28,69,0,97,0,1,74,0,75,0,29,143,0,172,163,0,163,335
06/15/2021,ORL,FL,ASO,ES,Towers with Radar,0,14,53,0,67,0,0,59,0,59,0,14,112,0,126,58,0,58,184
06/16/2021,ORL,FL,ASO,ES,Towers with Radar,0,12,67,0,79,0,4,99,0,103,0,16,166,0,182,219,0,219,401
06/17/2021,ORL,FL,ASO,ES,Towers with Radar,0,26,78,0,104,0,2,139,0,141,0,28,217,0,245,216,0,216,461
06/18/2021,ORL,FL,ASO,ES,Towers with Radar,0,17,76,4,97,0,1,148,0,149,0,18,224,4,246,169,0,169,415
06/19/2021,ORL,FL,ASO,ES,Towers with Radar,0,7,62,0,69,0,1,125,0,126,0,8,187,0,195,164,0,164,359
06/20/2021,ORL,FL,ASO,ES,Towers with Radar,0,15,44,0,59,0,0,73,0,73,0,15,117,0,132,158,0,158,290
06/21/2021,ORL,FL,ASO,ES,Towers with Radar,0,14,66,0,80,0,0,109,0,109,0,14,175,0,189,161,0,161,350
06/22/2021,ORL,FL,ASO,ES,Towers with Radar,0,22,75,0,97,0,1,77,0,78,0,23,152,0,175,199,0,199,374
06/23/2021,ORL,FL,ASO,ES,Towers with Radar,0,18,73,0,91,0,0,107,0,107,0,18,180,0,198,296,0,296,494
06/24/2021,ORL,FL,ASO,ES,Towers with Radar,0,31,97,0,128,0,0,68,0,68,0,31,165,0,196,215,0,215,411
06/25/2021,ORL,FL,ASO,ES,Towers with Radar,0,21,88,0,109,0,0,63,0,63,0,21,151,0,172,278,0,278,450
06/26/2021,ORL,FL,ASO,ES,Towers with Radar,0,14,55,0,69,0,0,69,0,69,0,14,124,0,138,134,0,134,272
06/27/2021,ORL,FL,ASO,ES,Towers with Radar,0,19,68,0,87,0,0,138,0,138,0,19,206,0,225,269,0,269,494
06/28/2021,ORL,FL,ASO,ES,Towers with Radar,0,21,61,0,82,0,3,173,0,176,0,24,234,0,258,385,0,385,643
06/29/2021,ORL,FL,ASO,ES,Towers with Radar,0,14,59,0,73,0,1,74,0,75,0,15,133,0,148,210,0,210,358
06/30/2021,ORL,FL,ASO,ES,Towers with Radar,0,27,64,0,91,0,0,73,0,73,0,27,137,0,164,220,0,220,384
07/01/2021,ORL,FL,ASO,ES,Towers with Radar,0,18,70,0,88,0,0,52,0,52,0,18,122,0,140,208,0,208,348
07/02/2021,ORL,FL,ASO,ES,Towers with Radar,0,15,89,0,104,0,0,50,0,50,0,15,139,0,154,160,0,160,314
07/03/2021,ORL,FL,ASO,ES,Towers with Radar,0,5,44,0,49,0,0,11,0,11,0,5,55,0,60,62,0,62,122
07/04/2021,ORL,FL,ASO,ES,Towers with Radar,0,11,36,0,47,0,0,24,0,24,0,11,60,0,71,98,0,98,169
07/05/2021,ORL,FL,ASO,ES,Towers with Radar,0,18,58,0,76,0,0,106,0,106,0,18,164,0,182,218,0,218,400
07/06/2021,ORL,FL,ASO,ES,Towers with Radar,0,21,38,0,59,0,1,30,0,31,0,22,68,0,90,204,0,204,294
07/07/2021,ORL,FL,ASO,ES,Towers with Radar,0,15,22,0,37,0,0,11,0,11,0,15,33,0,48,47,0,47,95
07/08/2021,ORL,FL,ASO,ES,Towers with Radar,0,18,70,0,88,0,0,57,0,57,0,18,127,0,145,183,0,183,328
07/09/2021,ORL,FL,ASO,ES,Towers with Radar,0,21,88,2,111,0,2,170,0,172,0,23,258,2,283,94,0,94,377
07/10/2021,ORL,FL,ASO,ES,Towers with Radar,0,10,64,0,74,0,0,121,0,121,0,10,185,0,195,259,0,259,454
07/11/2021,ORL,FL,ASO,ES,Towers with Radar,0,21,48,0,69,0,0,105,0,105,0,21,153,0,174,234,0,234,408
07/12/2021,ORL,FL,ASO,ES,Towers with Radar,1,26,55,0,82,0,0,99,0,99,1,26,154,0,181,89,0,89,270
07/13/2021,ORL,FL,ASO,ES,Towers with Radar,0,20,63,0,83,0,0,143,0,143,0,20,206,0,226,198,0,198,424
07/14/2021,ORL,FL,ASO,ES,Towers with Radar,0,22,87,0,109,0,0,93,0,93,0,22,180,0,202,192,0,192,394
07/15/2021,ORL,FL,ASO,ES,Towers with Radar,0,25,96,0,121,0,5,142,0,147,0,30,238,0,268,282,0,282,550
07/16/2021,ORL,FL,ASO,ES,Towers with Radar,0,17,70,0,87,0,2,170,0,172,0,19,240,0,259,220,0,220,479
07/17/2021,ORL,FL,ASO,ES,Towers with Radar,0,20,59,0,79,0,0,98,0,98,0,20,157,0,177,196,0,196,373
07/18/2021,ORL,FL,ASO,ES,Towers with Radar,0,14,54,0,68,0,0,104,0,104,0,14,158,0,172,107,0,107,279
07/19/2021,ORL,FL,ASO,ES,Towers with Radar,0,15,76,0,91,0,0,76,0,76,0,15,152,0,167,128,0,128,295
07/20/2021,ORL,FL,ASO,ES,Towers with Radar,0,11,64,0,75,0,0,121,0,121,0,11,185,0,196,312,0,312,508
07/21/2021,ORL,FL,ASO,ES,Towers with Radar,0,16,83,0,99,0,0,131,0,131,0,16,214,0,230,439,0,439,669
07/22/2021,ORL,FL,ASO,ES,Towers with Radar,0,23,72,0,95,0,0,118,0,118,0,23,190,0,213,389,0,389,602
07/23/2021,ORL,FL,ASO,ES,Towers with Radar,0,14,62,0,76,0,0,87,0,87,0,14,149,0,163,137,0,137,300
07/24/2021,ORL,FL,ASO,ES,Towers with Radar,0,18,62,0,80,0,2,58,0,60,0,20,120,0,140,90,0,90,230
07/25/2021,ORL,FL,ASO,ES,Towers with Radar,0,11,58,1,70,0,2,101,0,103,0,13,159,1,173,158,0,158,331
07/26/2021,ORL,FL,ASO,ES,Towers with Radar,0,19,67,0,86,0,3,96,0,99,0,22,163,0,185,208,0,208,393
07/27/2021,ORL,FL,ASO,ES,Towers with Radar,0,9,47,0,56,0,0,88,0,88,0,9,135,0,144,206,0,206,350
07/28/2021,ORL,FL,ASO,ES,Towers with Radar,0,21,58,2,81,0,0,104,0,104,0,21,162,2,185,256,0,256,441
07/29/2021,ORL,FL,ASO,ES,Towers with Radar,0,18,84,2,104,0,0,115,0,115,0,18,199,2,219,179,0,179,398
07/30/2021,ORL,FL,ASO,ES,Towers with Radar,0,15,70,0,85,0,0,118,0,118,0,15,188,0,203,166,0,166,369
07/31/2021,ORL,FL,ASO,ES,Towers with Radar,0,18,52,0,70,0,2,107,0,109,0,20,159,0,179,184,0,184,363
08/01/2021,ORL,FL,ASO,ES,Towers with Radar,0,14,44,0,58,0,0,80,0,80,0,14,124,0,138,221,0,221,359
08/02/2021,ORL,FL,ASO,ES,Towers with Radar,0,28,44,0,72,0,0,93,0,93,0,28,137,0,165,177,0,177,342
08/03/2021,ORL,FL,ASO,ES,Towers with Radar,0,23,61,0,84,0,0,65,0,65,0,23,126,0,149,166,0,166,315
08/04/2021,ORL,FL,ASO,ES,Towers with Radar,0,26,76,0,102,0,0,31,0,31,0,26,107,0,133,75,0,75,208
08/05/2021,ORL,FL,ASO,ES,Towers with Radar,0,22,60,0,82,0,0,117,1,118,0,22,177,1,200,201,0,201,401
08/06/2021,ORL,FL,ASO,ES,Towers with Radar,0,14,59,0,73,0,0,97,0,97,0,14,156,0,170,136,0,136,306
08/07/2021,ORL,FL,ASO,ES,Towers with Radar,0,6,42,0,48,0,0,95,0,95,0,6,137,0,143,147,0,147,290
08/08/2021,ORL,FL,ASO,ES,Towers with Radar,0,25,59,0,84,0,0,88,0,88,0,25,147,0,172,147,0,147,319
08/09/2021,ORL,FL,ASO,ES,Towers with Radar,0,25,59,0,84,0,2,108,0,110,0,27,167,0,194,116,0,116,310
08/10/2021,ORL,FL,ASO,ES,Towers with Radar,0,20,51,0,71,0,0,118,0,118,0,20,169,0,189,246,0,246,435
08/11/2021,ORL,FL,ASO,ES,Towers with Radar,0,22,31,0,53,0,1,122,0,123,0,23,153,0,176,275,0,275,451
08/12/2021,ORL,FL,ASO,ES,Towers with Radar,0,9,60,0,69,0,0,122,0,122,0,9,182,0,191,218,0,218,409
08/13/2021,ORL,FL,ASO,ES,Towers with Radar,0,23,37,0,60,0,2,107,0,109,0,25,144,0,169,161,0,161,330
08/14/2021,ORL,FL,ASO,ES,Towers with Radar,0,14,40,0,54,0,3,72,0,75,0,17,112,0,129,192,0,192,321
08/15/2021,ORL,FL,ASO,ES,Towers with Radar,0,13,45,0,58,0,0,100,0,100,0,13,145,0,158,208,0,208,366
08/16/2021,ORL,FL,ASO,ES,Towers with Radar,0,15,52,0,67,0,0,73,0,73,0,15,125,0,140,232,0,232,372
08/17/2021,ORL,FL,ASO,ES,Towers with Radar,0,14,71,0,85,0,0,123,0,123,0,14,194,0,208,171,0,171,379
08/18/2021,ORL,FL,ASO,ES,Towers with Radar,0,21,74,0,95,0,0,174,0,174,0,21,248,0,269,246,0,246,515
08/19/2021,ORL,FL,ASO,ES,Towers with Radar,0,21,74,0,95,0,0,155,0,155,0,21,229,0,250,203,0,203,453
08/20/2021,ORL,FL,ASO,ES,Towers with Radar,0,17,63,0,80,0,1,150,0,151,0,18,213,0,231,182,0,182,413
08/21/2021,ORL,FL,ASO,ES,Towers with Radar,0,9,47,0,56,0,0,116,0,116,0,9,163,0,172,218,0,218,390
08/22/2021,ORL,FL,ASO,ES,Towers with Radar,0,18,60,0,78,0,0,82,0,82,0,18,142,0,160,136,0,136,296
08/23/2021,ORL,FL,ASO,ES,Towers with Radar,0,12,55,0,67,0,0,103,0,103,0,12,158,0,170,192,0,192,362
08/24/2021,ORL,FL,ASO,ES,Towers with Radar,0,20,71,0,91,0,1,105,1,107,0,21,176,1,198,161,0,161,359
08/25/2021,ORL,FL,ASO,ES,Towers with Radar,0,14,99,0,113,0,0,114,1,115,0,14,213,1,228,234,0,234,462
08/26/2021,ORL,FL,ASO,ES,Towers with Radar,0,20,96,0,116,0,0,97,0,97,0,20,193,0,213,250,0,250,463
08/27/2021,ORL,FL,ASO,ES,Towers with Radar,0,12,80,0,92,0,0,42,0,42,0,12,122,0,134,125,0,125,259
08/28/2021,ORL,FL,ASO,ES,Towers with Radar,0,12,38,0,50,0,1,121,0,122,0,13,159,0,172,234,0,234,406
08/29/2021,ORL,FL,ASO,ES,Towers with Radar,0,12,65,0,77,0,0,109,0,109,0,12,174,0,186,194,0,194,380
08/30/2021,ORL,FL,ASO,ES,Towers with Radar,0,27,77,0,104,0,4,124,0,128,0,31,201,0,232,227,0,227,459
08/31/2021,ORL,FL,ASO,ES,Towers with Radar,0,12,72,0,84,0,1,126,0,127,0,13,198,0,211,277,0,277,488
09/01/2021,ORL,FL,ASO,ES,Towers with Radar,0,19,60,0,79,0,0,65,0,65,0,19,125,0,144,170,0,170,314
09/02/2021,ORL,FL,ASO,ES,Towers with Radar,0,21,79,0,100,0,0,122,0,122,0,21,201,0,222,121,0,121,343
09/03/2021,ORL,FL,ASO,ES,Towers with Radar,0,23,95,0,118,0,0,118,0,118,0,23,213,0,236,209,0,209,445
09/04/2021,ORL,FL,ASO,ES,Towers with Radar,0,23,58,0,81,0,3,139,0,142,0,26,197,0,223,163,0,163,386
09/05/2021,ORL,FL,ASO,ES,Towers with Radar,0,13,39,0,52,0,0,83,0,83,0,13,122,0,135,162,0,162,297
09/06/2021,ORL,FL,ASO,ES,Towers with Radar,0,20,60,0,80,0,1,122,0,123,0,21,182,0,203,256,0,256,459
09/07/2021,ORL,FL,ASO,ES,Towers with Radar,0,26,52,1,79,0,1,103,1,105,0,27,155,2,184,255,0,255,439
09/08/2021,ORL,FL,ASO,ES,Towers with Radar,0,14,64,1,79,0,0,90,0,90,0,14,154,1,169,192,0,192,361
09/09/2021,ORL,FL,ASO,ES,Towers with Radar,0,20,62,0,82,0,0,68,0,68,0,20,130,0,150,157,0,157,307
09/10/2021,ORL,FL,ASO,ES,Towers with Radar,0,15,77,0,92,0,0,125,0,125,0,15,202,0,217,134,0,134,351
09/11/2021,ORL,FL,ASO,ES,Towers with Radar,0,23,31,0,54,0,1,104,0,105,0,24,135,0,159,100,0,100,259
09/12/2021,ORL,FL,ASO,ES,Towers with Radar,0,35,65,0,100,0,0,87,0,87,0,35,152,0,187,108,0,108,295
09/13/2021,ORL,FL,ASO,ES,Towers with Radar,0,26,80,2,108,0,1,102,0,103,0,27,182,2,211,199,0,199,410
09/14/2021,ORL,FL,ASO,ES,Towers with Radar,0,15,70,0,85,0,3,107,0,110,0,18,177,0,195,264,0,264,459
09/15/2021,ORL,FL,ASO,ES,Towers with Radar,0,20,82,2,104,0,2,128,0,130,0,22,210,2,234,267,0,267,501
09/16/2021,ORL,FL,ASO,ES,Towers with Radar,0,15,52,0,67,0,0,119,0,119,0,15,171,0,186,136,0,136,322
09/17/2021,ORL,FL,ASO,ES,Towers with Radar,0,22,74,0,96,0,1,35,0,36,0,23,109,0,132,109,0,109,241
09/18/2021,ORL,FL,ASO,ES,Towers with Radar,0,14,44,0,58,0,1,79,0,80,0,15,123,0,138,147,0,147,285
09/19/2021,ORL,FL,ASO,ES,Towers with Radar,0,15,84,0,99,0,0,84,0,84,0,15,168,0,183,202,0,202,385
09/20/2021,ORL,FL,ASO,ES,Towers with Radar,0,22,67,0,89,0,0,100,0,100,0,22,167,0,189,201,0,201,390
09/21/2021,ORL,FL,ASO,ES,Towers with Radar,0,16,74,0,90,0,1,116,0,117,0,17,190,0,207,215,0,215,422
09/22/2021,ORL,FL,ASO,ES,Towers with Radar,0,10,85,0,95,0,2,77,0,79,0,12,162,0,174,214,0,214,388
09/23/2021,ORL,FL,ASO,ES,Towers with Radar,0,22,86,0,108,0,1,119,0,120,0,23,205,0,228,139,0,139,367
09/24/2021,ORL,FL,ASO,ES,Towers with Radar,0,8,88,0,96,0,0,158,0,158,0,8,246,0,254,291,0,291,545
09/25/2021,ORL,FL,ASO,ES,Towers with Radar,0,20,49,0,69,0,0,151,0,151,0,20,200,0,220,272,0,272,492
09/26/2021,ORL,FL,ASO,ES,Towers with Radar,0,18,78,0,96,0,2,138,0,140,0,20,216,0,236,254,0,254,490
09/27/2021,ORL,FL,ASO,ES,Towers with Radar,0,15,84,0,99,0,0,142,0,142,0,15,226,0,241,149,0,149,390
09/28/2021,ORL,FL,ASO,ES,Towers with Radar,0,13,64,0,77,0,1,179,0,180,0,14,243,0,257,213,0,213,470
09/29/2021,ORL,FL,ASO,ES,Towers with Radar,0,12,75,0,87,0,5,163,0,168,0,17,238,0,255,290,0,290,545
09/30/2021,ORL,FL,ASO,ES,Towers with Radar,1,17,96,0,114,0,0,168,0,168,1,17,264,0,282,199,0,199,481
10/01/2021,ORL,FL,ASO,ES,Towers with Radar,0,10,110,0,120,0,1,169,0,170,0,11,279,0,290,267,0,267,557
10/02/2021,ORL,FL,ASO,ES,Towers with Radar,0,11,54,0,65,0,0,199,0,199,0,11,253,0,264,197,0,197,461
10/03/2021,ORL,FL,ASO,ES,Towers with Radar,0,27,87,0,114,0,7,111,0,118,0,34,198,0,232,220,0,220,452
10/04/2021,ORL,FL,ASO,ES,Towers with Radar,0,14,59,0,73,0,1,129,0,130,0,15,188,0,203,211,0,211,414
10/05/2021,ORL,FL,ASO,ES,Towers with Radar,0,15,84,0,99,0,0,118,0,118,0,15,202,0,217,263,0,263,480
10/06/2021,ORL,FL,ASO,ES,Towers with Radar,0,38,81,0,119,0,0,141,0,141,0,38,222,0,260,278,0,278,538
10/07/2021,ORL,FL,ASO,ES,Towers with Radar,0,32,95,0,127,0,2,129,0,131,0,34,224,0,258,242,0,242,500
10/08/2021,ORL,FL,ASO,ES,Towers with Radar,0,22,86,0,108,0,1,73,1,75,0,23,159,1,183,173,0,173,356
10/09/2021,ORL,FL,ASO,ES,Towers with Radar,0,19,59,0,78,0,0,112,0,112,0,19,171,0,190,148,0,148,338
10/10/2021,ORL,FL,ASO,ES,Towers with Radar,0,13,75,0,88,0,0,120,0,120,0,13,195,0,208,181,0,181,389
10/11/2021,ORL,FL,ASO,ES,Towers with Radar,0,27,101,0,128,0,0,102,0,102,0,27,203,0,230,154,0,154,384
10/12/2021,ORL,FL,ASO,ES,Towers with Radar,2,34,74,0,110,0,1,145,0,146,2,35,219,0,256,219,0,219,475
10/13/2021,ORL,FL,ASO,ES,Towers with Radar,0,28,85,0,113,0,1,143,0,144,0,29,228,0,257,266,0,266,523
10/14/2021,ORL,FL,ASO,ES,Towers with Radar,0,34,88,0,122,0,2,119,1,122,0,36,207,1,244,167,0,167,411
10/15/2021,ORL,FL,ASO,ES,Towers with Radar,0,20,78,0,98,0,1,134,0,135,0,21,212,0,233,165,0,165,398
10/16/2021,ORL,FL,ASO,ES,Towers with Radar,0,19,69,0,88,0,0,130,0,130,0,19,199,0,218,194,0,194,412
10/17/2021,ORL,FL,ASO,ES,Towers with Radar,0,30,79,0,109,0,1,111,0,112,0,31,190,0,221,147,0,147,368
10/18/2021,ORL,FL,ASO,ES,Towers with Radar,0,22,94,0,116,0,0,124,0,124,0,22,218,0,240,142,0,142,382
10/19/2021,ORL,FL,ASO,ES,Towers with Radar,0,25,89,0,114,0,0,149,0,149,0,25,238,0,263,255,0,255,518
10/20/2021,ORL,FL,ASO,ES,Towers with Radar,0,28,115,0,143,0,1,142,0,143,0,29,257,0,286,331,0,331,617
10/21/2021,ORL,FL,ASO,ES,Towers with Radar,0,33,86,0,119,0,1,122,0,123,0,34,208,0,242,266,0,266,508
10/22/2021,ORL,FL,ASO,ES,Towers with Radar,0,35,61,0,96,0,2,150,0,152,0,37,211,0,248,236,0,236,484
10/23/2021,ORL,FL,ASO,ES,Towers with Radar,0,22,47,0,69,0,2,132,1,135,0,24,179,1,204,259,0,259,463
10/24/2021,ORL,FL,ASO,ES,Towers with Radar,0,30,67,0,97,0,0,68,0,68,0,30,135,0,165,154,0,154,319
10/25/2021,ORL,FL,ASO,ES,Towers with Radar,0,23,62,0,85,0,1,54,0,55,0,24,116,0,140,171,0,171,311
10/26/2021,ORL,FL,ASO,ES,Towers with Radar,0,16,82,0,98,0,0,85,1,86,0,16,167,1,184,185,0,185,369
10/27/2021,ORL,FL,ASO,ES,Towers with Radar,0,29,69,0,98,0,0,123,0,123,0,29,192,0,221,305,0,305,526
10/28/2021,ORL,FL,ASO,ES,Towers with Radar,0,16,59,0,75,0,1,26,0,27,0,17,85,0,102,123,0,123,225
10/29/2021,ORL,FL,ASO,ES,Towers with Radar,0,17,98,0,115,0,1,108,0,109,0,18,206,0,224,144,0,144,368
10/30/2021,ORL,FL,ASO,ES,Towers with Radar,0,11,63,0,74,0,1,109,0,110,0,12,172,0,184,198,0,198,382
10/31/2021,ORL,FL,ASO,ES,Towers with Radar,0,17,76,0,93,0,0,152,0,152,0,17,228,0,245,199,0,199,444
11/01/2021,ORL,FL,ASO,ES,Towers with Radar,0,32,76,1,109,0,1,128,0,129,0,33,204,1,238,223,0,223,461
11/02/2021,ORL,FL,ASO,ES,Towers with Radar,0,27,94,0,121,0,0,155,0,155,0,27,249,0,276,281,0,281,557
11/03/2021,ORL,FL,ASO,ES,Towers with Radar,0,35,101,0,136,0,1,140,0,141,0,36,241,0,277,323,0,323,600
11/04/2021,ORL,FL,ASO,ES,Towers with Radar,0,31,93,3,127,0,0,102,0,102,0,31,195,3,229,283,0,283,512
11/05/2021,ORL,FL,ASO,ES,Towers with Radar,0,27,63,0,90,0,0,0,0,0,0,27,63,0,90,0,0,0,90
11/06/2021,ORL,FL,ASO,ES,Towers with Radar,0,18,66,0,84,0,0,7,0,7,0,18,73,0,91,20,0,20,111
11/07/2021,ORL,FL,ASO,ES,Towers with Radar,0,25,104,0,129,0,0,117,0,117,0,25,221,0,246,200,0,200,446
11/08/2021,ORL,FL,ASO,ES,Towers with Radar,0,26,71,0,97,0,2,140,0,142,0,28,211,0,239,211,0,211,450
11/09/2021,ORL,FL,ASO,ES,Towers with Radar,0,13,72,0,85,0,4,133,0,137,0,17,205,0,222,314,0,314,536
11/10/2021,ORL,FL,ASO,ES,Towers with Radar,0,28,115,0,143,0,0,76,0,76,0,28,191,0,219,116,0,116,335
11/11/2021,ORL,FL,ASO,ES,Towers with Radar,0,31,88,0,119,0,0,109,0,109,0,31,197,0,228,277,0,277,505
11/12/2021,ORL,FL,ASO,ES,Towers with Radar,0,25,112,0,137,0,2,122,0,124,0,27,234,0,261,322,0,322,583
11/13/2021,ORL,FL,ASO,ES,Towers with Radar,0,24,79,0,103,0,1,76,0,77,0,25,155,0,180,266,0,266,446
11/14/2021,ORL,FL,ASO,ES,Towers with Radar,0,27,105,0,132,0,3,172,0,175,0,30,277,0,307,213,0,213,520
11/15/2021,ORL,FL,ASO,ES,Towers with Radar,0,22,94,0,116,0,0,130,0,130,0,22,224,0,246,257,0,257,503
11/16/2021,ORL,FL,ASO,ES,Towers with Radar,0,23,118,0,141,0,0,188,0,188,0,23,306,0,329,130,0,130,459
11/17/2021,ORL,FL,ASO,ES,Towers with Radar,0,18,93,0,111,0,1,188,0,189,0,19,281,0,300,192,0,192,492
11/18/2021,ORL,FL,ASO,ES,Towers with Radar,0,36,113,0,149,0,0,71,0,71,0,36,184,0,220,242,0,242,462
11/19/2021,ORL,FL,ASO,ES,Towers with Radar,0,23,109,3,135,0,0,89,0,89,0,23,198,3,224,155,0,155,379
11/20/2021,ORL,FL,ASO,ES,Towers with Radar,0,17,91,6,114,0,0,29,0,29,0,17,120,6,143,27,0,27,170
11/21/2021,ORL,FL,ASO,ES,Towers with Radar,0,16,101,2,119,0,1,102,0,103,0,17,203,2,222,213,0,213,435
11/22/2021,ORL,FL,ASO,ES,Towers with Radar,0,18,88,0,106,0,1,40,0,41,0,19,128,0,147,134,0,134,281
11/23/2021,ORL,FL,ASO,ES,Towers with Radar,0,14,102,3,119,0,3,149,0,152,0,17,251,3,271,109,0,109,380
11/24/2021,ORL,FL,ASO,ES,Towers with Radar,0,31,87,0,118,0,4,141,0,145,0,35,228,0,263,256,0,256,519
11/25/2021,ORL,FL,ASO,ES,Towers with Radar,0,7,28,0,35,0,1,62,0,63,0,8,90,0,98,75,0,75,173
11/26/2021,ORL,FL,ASO,ES,Towers with Radar,0,14,60,0,74,0,4,103,0,107,0,18,163,0,181,256,0,256,437
11/27/2021,ORL,FL,ASO,ES,Towers with Radar,0,30,75,0,105,0,0,101,0,101,0,30,176,0,206,221,0,221,427
11/28/2021,ORL,FL,ASO,ES,Towers with Radar,0,23,97,0,120,0,1,122,0,123,0,24,219,0,243,166,0,166,409
11/29/2021,ORL,FL,ASO,ES,Towers with Radar,0,17,94,0,111,0,1,121,0,122,0,18,215,0,233,244,0,244,477
11/30/2021,ORL,FL,ASO,ES,Towers with Radar,0,37,74,0,111,0,3,162,0,165,0,40,236,0,276,271,0,271,547
12/01/2021,ORL,FL,ASO,ES,Towers with Radar,0,22,97,0,119,0,0,135,0,135,0,22,232,0,254,253,0,253,507
12/02/2021,ORL,FL,ASO,ES,Towers with Radar,0,18,110,0,128,0,0,136,0,136,0,18,246,0,264,223,0,223,487
12/03/2021,ORL,FL,ASO,ES,Towers with Radar,0,26,95,0,121,0,1,134,0,135,0,27,229,0,256,244,0,244,500
12/04/2021,ORL,FL,ASO,ES,Towers with Radar,0,22,76,0,98,0,0,159,0,159,0,22,235,0,257,234,0,234,491
12/05/2021,ORL,FL,ASO,ES,Towers with Radar,0,25,78,1,104,0,0,170,0,170,0,25,248,1,274,256,0,256,530
12/06/2021,ORL,FL,ASO,ES,Towers with Radar,0,24,88,0,112,0,0,94,0,94,0,24,182,0,206,231,0,231,437
12/07/2021,ORL,FL,ASO,ES,Towers with Radar,0,16,98,0,114,0,0,85,0,85,0,16,183,0,199,219,0,219,418
12/08/2021,ORL,FL,ASO,ES,Towers with Radar,0,37,72,0,109,0,2,93,0,95,0,39,165,0,204,187,0,187,391
12/09/2021,ORL,FL,ASO,ES,Towers with Radar,0,35,143,0,178,0,4,69,0,73,0,39,212,0,251,189,0,189,440
12/10/2021,ORL,FL,ASO,ES,Towers with Radar,0,31,81,1,113,0,1,138,0,139,0,32,219,1,252,266,0,266,518
12/11/2021,ORL,FL,ASO,ES,Towers with Radar,0,14,67,0,81,0,0,132,0,132,0,14,199,0,213,195,0,195,408
12/12/2021,ORL,FL,ASO,ES,Towers with Radar,0,21,79,0,100,0,0,69,0,69,0,21,148,0,169,152,0,152,321
12/13/2021,ORL,FL,ASO,ES,Towers with Radar,0,36,90,0,126,0,0,149,0,149,0,36,239,0,275,199,0,199,474
12/14/2021,ORL,FL,ASO,ES,Towers with Radar,0,33,94,0,127,0,4,72,0,76,0,37,166,0,203,176,0,176,379
12/15/2021,ORL,FL,ASO,ES,Towers with Radar,0,20,101,0,121,0,1,73,0,74,0,21,174,0,195,314,0,314,509
12/16/2021,ORL,FL,ASO,ES,Towers with Radar,0,24,111,0,135,0,0,170,0,170,0,24,281,0,305,338,0,338,643
12/17/2021,ORL,FL,ASO,ES,Towers with Radar,0,24,104,0,128,0,2,159,0,161,0,26,263,0,289,227,0,227,516
12/18/2021,ORL,FL,ASO,ES,Towers with Radar,0,13,57,0,70,0,0,136,0,136,0,13,193,0,206,232,0,232,438
12/19/2021,ORL,FL,ASO,ES,Towers with Radar,0,21,82,0,103,0,0,64,0,64,0,21,146,0,167,211,0,211,378
12/20/2021,ORL,FL,ASO,ES,Towers with Radar,0,31,86,0,117,0,0,16,0,16,0,31,102,0,133,85,0,85,218
12/21/2021,ORL,FL,ASO,ES,Towers with Radar,0,15,59,0,74,0,0,0,0,0,0,15,59,0,74,0,0,0,74
12/22/2021,ORL,FL,ASO,ES,Towers with Radar,0,16,72,0,88,0,1,93,0,94,0,17,165,0,182,191,0,191,373
12/23/2021,ORL,FL,ASO,ES,Towers with Radar,0,19,75,0,94,0,0,188,1,189,0,19,263,1,283,267,0,267,550
12/24/2021,ORL,FL,ASO,ES,Towers with Radar,0,8,14,0,22,0,0,83,0,83,0,8,97,0,105,151,0,151,256
12/25/2021,ORL,FL,ASO,ES,Towers with Radar,0,9,16,0,25,0,1,27,0,28,0,10,43,0,53,16,0,16,69
12/26/2021,ORL,FL,ASO,ES,Towers with Radar,0,28,77,0,105,0,0,97,0,97,0,28,174,0,202,112,0,112,314
12/27/2021,ORL,FL,ASO,ES,Towers with Radar,0,29,58,0,87,0,0,154,0,154,0,29,212,0,241,224,0,224,465
12/28/2021,ORL,FL,ASO,ES,Towers with Radar,0,24,61,0,85,0,1,115,0,116,0,25,176,0,201,239,0,239,440
12/29/2021,ORL,FL,ASO,ES,Towers with Radar,0,34,78,0,112,0,4,155,0,159,0,38,233,0,271,20,0,20,291
12/30/2021,ORL,FL,ASO,ES,Towers with Radar,0,32,102,0,134,0,0,61,0,61,0,32,163,0,195,87,0,87,282
12/31/2021,ORL,FL,ASO,ES,Towers with Radar,0,25,55,0,80,0,0,63,0,63,0,25,118,0,143,116,0,116,259
01/01/2022,ORL,FL,ASO,ES,Towers with Radar,0,14,63,0,77,0,0,51,0,51,0,14,114,0,128,65,0,65,193
01/02/2022,ORL,FL,ASO,ES,Towers with Radar,0,21,88,0,109,0,1,71,0,72,0,22,159,0,181,141,0,141,322
01/03/2022,ORL,FL,ASO,ES,Towers with Radar,0,16,65,0,81,0,1,89,0,90,0,17,154,0,171,91,0,91,262
01/04/2022,ORL,FL,ASO,ES,Towers with Radar,0,28,67,0,95,0,1,122,0,123,0,29,189,0,218,272,0,272,490
01/05/2022,ORL,FL,ASO,ES,Towers with Radar,0,29,77,0,106,0,0,120,0,120,0,29,197,0,226,259,0,259,485
01/06/2022,ORL,FL,ASO,ES,Towers with Radar,0,26,65,0,91,0,3,150,0,153,0,29,215,0,244,286,0,286,530
01/07/2022,ORL,FL,ASO,ES,Towers with Radar,0,14,77,0,91,0,0,131,0,131,0,14,208,0,222,244,0,244,466
01/08/2022,ORL,FL,ASO,ES,Towers with Radar,0,15,54,0,69,0,1,132,0,133,0,16,186,0,202,171,0,171,373
01/09/2022,ORL,FL,ASO,ES,Towers with Radar,0,14,61,0,75,0,0,102,0,102,0,14,163,0,177,172,0,172,349
01/10/2022,ORL,FL,ASO,ES,Towers with Radar,0,17,55,0,72,0,0,69,0,69,0,17,124,0,141,249,0,249,390
01/11/2022,ORL,FL,ASO,ES,Towers with Radar,0,26,52,0,78,0,1,143,0,144,0,27,195,0,222,157,0,157,379
01/12/2022,ORL,FL,ASO,ES,Towers with Radar,0,24,59,2,85,0,0,155,0,155,0,24,214,2,240,195,0,195,435
01/13/2022,ORL,FL,ASO,ES,Towers with Radar,0,19,84,0,103,0,0,129,0,129,0,19,213,0,232,203,0,203,435
01/14/2022,ORL,FL,ASO,ES,Towers with Radar,0,13,100,0,113,0,2,181,0,183,0,15,281,0,296,117,0,117,413
01/15/2022,ORL,FL,ASO,ES,Towers with Radar,0,21,60,0,81,0,1,171,0,172,0,22,231,0,253,238,0,238,491
01/16/2022,ORL,FL,ASO,ES,Towers with Radar,0,10,48,0,58,0,0,16,0,16,0,10,64,0,74,6,0,6,80
01/17/2022,ORL,FL,ASO,ES,Towers with Radar,0,23,76,0,99,0,0,73,0,73,0,23,149,0,172,54,0,54,226
01/18/2022,ORL,FL,ASO,ES,Towers with Radar,0,37,85,0,122,0,4,147,1,152,0,41,232,1,274,239,0,239,513
01/19/2022,ORL,FL,ASO,ES,Towers with Radar,0,31,98,0,129,0,5,169,0,174,0,36,267,0,303,179,0,179,482
01/20/2022,ORL,FL,ASO,ES,Towers with Radar,0,32,102,0,134,0,2,137,0,139,0,34,239,0,273,212,0,212,485
01/21/2022,ORL,FL,ASO,ES,Towers with Radar,0,15,85,0,100,0,0,123,0,123,0,15,208,0,223,259,0,259,482
01/22/2022,ORL,FL,ASO,ES,Towers with Radar,0,12,50,0,62,0,0,0,0,0,0,12,50,0,62,0,0,0,62
01/23/2022,ORL,FL,ASO,ES,Towers with Radar,0,25,96,0,121,0,1,46,0,47,0,26,142,0,168,56,0,56,224
01/24/2022,ORL,FL,ASO,ES,Towers with Radar,0,20,64,0,84,0,2,190,0,192,0,22,254,0,276,285,0,285,561
01/25/2022,ORL,FL,ASO,ES,Towers with Radar,0,31,57,0,88,0,1,69,0,70,0,32,126,0,158,224,0,224,382
01/26/2022,ORL,FL,ASO,ES,Towers with Radar,0,18,121,0,139,0,1,5,0,6,0,19,126,0,145,0,0,0,145
01/27/2022,ORL,FL,ASO,ES,Towers with Radar,0,41,146,0,187,0,1,26,0,27,0,42,172,0,214,29,0,29,243
01/28/2022,ORL,FL,ASO,ES,Towers with Radar,0,30,108,0,138,0,3,81,0,84,0,33,189,0,222,48,0,48,270
01/29/2022,ORL,FL,ASO,ES,Towers with Radar,0,9,37,0,46,0,0,119,0,119,0,9,156,0,165,65,0,65,230
01/30/2022,ORL,FL,ASO,ES,Towers with Radar,0,21,81,0,102,0,3,176,1,180,0,24,257,1,282,223,0,223,505
01/31/2022,ORL,FL,ASO,ES,Towers with Radar,0,33,81,0,114,0,1,208,0,209,0,34,289,0,323,200,0,200,523
02/01/2022,ORL,FL,ASO,ES,Towers with Radar,0,20,79,2,101,0,4,220,0,224,0,24,299,2,325,285,0,285,610
02/02/2022,ORL,FL,ASO,ES,Towers with Radar,0,24,70,0,94,0,0,227,0,227,0,24,297,0,321,189,0,189,510
02/03/2022,ORL,FL,ASO,ES,Towers with Radar,0,19,82,0,101,0,2,205,1,208,0,21,287,1,309,176,0,176,485
02/04/2022,ORL,FL,ASO,ES,Towers with Radar,0,26,67,0,93,0,0,242,0,242,0,26,309,0,335,168,0,168,503
02/05/2022,ORL,FL,ASO,ES,Towers with Radar,0,14,70,0,84,0,0,31,0,31,0,14,101,0,115,119,0,119,234
02/06/2022,ORL,FL,ASO,ES,Towers with Radar,0,34,94,1,129,0,0,3,0,3,0,34,97,1,132,11,0,11,143
02/07/2022,ORL,FL,ASO,ES,Towers with Radar,0,28,99,0,127,0,1,85,0,86,0,29,184,0,213,117,0,117,330
02/08/2022,ORL,FL,ASO,ES,Towers with Radar,0,24,115,0,139,0,0,16,0,16,0,24,131,0,155,70,0,70,225
02/09/2022,ORL,FL,ASO,ES,Towers with Radar,0,32,126,0,158,0,0,205,0,205,0,32,331,0,363,332,0,332,695
02/10/2022,ORL,FL,ASO,ES,Towers with Radar,0,39,116,0,155,0,0,255,0,255,0,39,371,0,410,167,0,167,577
02/11/2022,ORL,FL,ASO,ES,Towers with Radar,0,31,122,0,153,0,1,253,0,254,0,32,375,0,407,192,0,192,599
02/12/2022,ORL,FL,ASO,ES,Towers with Radar,0,23,66,0,89,0,2,186,0,188,0,25,252,0,277,288,0,288,565
02/13/2022,ORL,FL,ASO,ES,Towers with Radar,0,17,75,0,92,0,2,82,0,84,0,19,157,0,176,88,0,88,264
02/14/2022,ORL,FL,ASO,ES,Towers with Radar,0,24,96,0,120,0,4,181,0,185,0,28,277,0,305,130,0,130,435
02/15/2022,ORL,FL,ASO,ES,Towers with Radar,0,16,82,0,98,0,1,198,0,199,0,17,280,0,297,257,0,257,554
02/16/2022,ORL,FL,ASO,ES,Towers with Radar,0,12,111,0,123,0,3,173,0,176,0,15,284,0,299,167,0,167,466
02/17/2022,ORL,FL,ASO,ES,Towers with Radar,0,19,124,0,143,0,0,161,0,161,0,19,285,0,304,217,0,217,521
02/18/2022,ORL,FL,ASO,ES,Towers with Radar,0,23,122,0,145,0,0,125,0,125,0,23,247,0,270,195,0,195,465
02/19/2022,ORL,FL,ASO,ES,Towers with Radar,0,17,86,0,103,0,0,120,0,120,0,17,206,0,223,154,0,154,377
02/20/2022,ORL,FL,ASO,ES,Towers with Radar,0,22,104,0,126,0,1,211,0,212,0,23,315,0,338,161,0,161,499
02/21/2022,ORL,FL,ASO,ES,Towers with Radar,0,21,132,0,153,0,1,183,0,184,0,22,315,0,337,236,0,236,573
02/22/2022,ORL,FL,ASO,ES,Towers with Radar,0,28,90,0,118,0,2,201,0,203,0,30,291,0,321,240,0,240,561
02/23/2022,ORL,FL,ASO,ES,Towers with Radar,1,30,102,0,133,0,4,146,0,150,1,34,248,0,283,320,0,320,603
02/24/2022,ORL,FL,ASO,ES,Towers with Radar,1,35,107,0,143,0,0,180,0,180,1,35,287,0,323,186,0,186,509
02/25/2022,ORL,FL,ASO,ES,Towers with Radar,0,19,92,0,111,0,0,198,0,198,0,19,290,0,309,240,0,240,549
02/26/2022,ORL,FL,ASO,ES,Towers with Radar,0,12,73,0,85,0,0,213,0,213,0,12,286,0,298,281,0,281,579
02/27/2022,ORL,FL,ASO,ES,Towers with Radar,0,25,106,0,131,0,1,179,0,180,0,26,285,0,311,212,0,212,523
02/28/2022,ORL,FL,ASO,ES,Towers with Radar,0,34,112,0,146,0,0,77,0,77,0,34,189,0,223,174,0,174,397
03/01/2022,ORL,FL,ASO,ES,Towers with Radar,0,47,99,0,146,0,1,106,0,107,0,48,205,0,253,160,0,160,413
03/02/2022,ORL,FL,ASO,ES,Towers with Radar,0,35,86,1,122,0,3,255,0,258,0,38,341,1,380,325,0,325,705
03/03/2022,ORL,FL,ASO,ES,Towers with Radar,0,36,86,0,122,0,2,230,0,232,0,38,316,0,354,404,0,404,758
03/04/2022,ORL,FL,ASO,ES,Towers with Radar,0,23,91,1,115,0,2,199,0,201,0,25,290,1,316,326,0,326,642
03/05/2022,ORL,FL,ASO,ES,Towers with Radar,0,20,58,0,78,0,0,169,0,169,0,20,227,0,247,197,0,197,444
03/06/2022,ORL,FL,ASO,ES,Towers with Radar,0,32,85,0,117,0,0,152,0,152,0,32,237,0,269,102,0,102,371
03/07/2022,ORL,FL,ASO,ES,Towers with Radar,0,30,67,0,97,0,3,134,0,137,0,33,201,0,234,171,0,171,405
03/08/2022,ORL,FL,ASO,ES,Towers with Radar,1,30,71,0,102,0,0,84,0,84,1,30,155,0,186,232,0,232,418
03/09/2022,ORL,FL,ASO,ES,Towers with Radar,0,19,85,0,104,0,3,65,0,68,0,22,150,0,172,267,0,267,439
03/10/2022,ORL,FL,ASO,ES,Towers with Radar,0,17,100,0,117,0,2,32,0,34,0,19,132,0,151,71,0,71,222
03/11/2022,ORL,FL,ASO,ES,Towers with Radar,0,30,91,0,121,0,3,165,0,168,0,33,256,0,289,244,0,244,533
03/12/2022,ORL,FL,ASO,ES,Towers with Radar,0,18,52,0,70,0,1,15,0,16,0,19,67,0,86,9,0,9,95
03/13/2022,ORL,FL,ASO,ES,Towers with Radar,0,30,93,0,123,0,0,211,0,211,0,30,304,0,334,136,0,136,470
03/14/2022,ORL,FL,ASO,ES,Towers with Radar,0,30,113,0,143,0,2,198,0,200,0,32,311,0,343,232,0,232,575
03/15/2022,ORL,FL,ASO,ES,Towers with Radar,0,13,73,0,86,0,1,150,0,151,0,14,223,0,237,217,0,217,454
03/16/2022,ORL,FL,ASO,ES,Towers with Radar,0,22,83,0,105,0,1,75,0,76,0,23,158,0,181,166,0,166,347
03/17/2022,ORL,FL,ASO,ES,Towers with Radar,0,36,123,0,159,0,5,201,0,206,0,41,324,0,365,181,0,181,546
03/18/2022,ORL,FL,ASO,ES,Towers with Radar,0,25,111,0,136,0,4,224,0,228,0,29,335,0,364,187,0,187,551
03/19/2022,ORL,FL,ASO,ES,Towers with Radar,0,18,66,0,84,0,2,190,0,192,0,20,256,0,276,231,0,231,507
03/20/2022,ORL,FL,ASO,ES,Towers with Radar,0,24,95,0,119,0,2,167,0,169,0,26,262,0,288,207,0,207,495
03/21/2022,ORL,FL,ASO,ES,Towers with Radar,0,21,81,0,102,0,4,239,0,243,0,25,320,0,345,261,0,261,606
03/22/2022,ORL,FL,ASO,ES,Towers with Radar,0,21,92,0,113,0,5,205,0,210,0,26,297,0,323,240,0,240,563
03/23/2022,ORL,FL,ASO,ES,Towers with Radar,0,16,76,0,92,0,2,99,0,101,0,18,175,0,193,133,0,133,326
03/24/2022,ORL,FL,ASO,ES,Towers with Radar,0,19,68,0,87,0,0,14,0,14,0,19,82,0,101,43,0,43,144
03/25/2022,ORL,FL,ASO,ES,Towers with Radar,0,33,106,0,139,0,4,265,0,269,0,37,371,0,408,214,0,214,622
03/26/2022,ORL,FL,ASO,ES,Towers with Radar,0,16,68,0,84,0,2,197,0,199,0,18,265,0,283,154,0,154,437
03/27/2022,ORL,FL,ASO,ES,Towers with Radar,0,24,104,0,128,0,3,188,0,191,0,27,292,0,319,167,0,167,486
03/28/2022,ORL,FL,ASO,ES,Towers with Radar,0,19,68,0,87,0,4,209,0,213,0,23,277,0,300,234,0,234,534
03/29/2022,ORL,FL,ASO,ES,Towers with Radar,0,30,93,0,123,0,0,251,0,251,0,30,344,0,374,351,0,351,725
03/30/2022,ORL,FL,ASO,ES,Towers with Radar,0,23,69,0,92,0,6,166,0,172,0,29,235,0,264,111,0,111,375
03/31/2022,ORL,FL,ASO,ES,Towers with Radar,0,24,66,0,90,0,3,75,0,78,0,27,141,0,168,45,0,45,213
04/01/2022,ORL,FL,ASO,ES,Towers with Radar,0,22,86,0,108,0,3,87,0,90,0,25,173,0,198,232,0,232,430
04/02/2022,ORL,FL,ASO,ES,Towers with Radar,0,13,48,0,61,0,0,10,0,10,0,13,58,0,71,137,0,137,208
04/03/2022,ORL,FL,ASO,ES,Towers with Radar,0,40,124,0,164,0,3,124,0,127,0,43,248,0,291,173,0,173,464
04/04/2022,ORL,FL,ASO,ES,Towers with Radar,0,28,86,0,114,0,6,220,0,226,0,34,306,0,340,203,0,203,543
04/05/2022,ORL,FL,ASO,ES,Towers with Radar,0,18,99,0,117,0,5,111,0,116,0,23,210,0,233,155,0,155,388
04/06/2022,ORL,FL,ASO,ES,Towers with Radar,0,24,117,0,141,0,2,119,0,121,0,26,236,0,262,205,0,205,467
04/07/2022,ORL,FL,ASO,ES,Towers with Radar,0,33,65,0,98,0,0,61,1,62,0,33,126,1,160,107,0,107,267
04/08/2022,ORL,FL,ASO,ES,Towers with Radar,0,32,107,0,139,0,2,215,0,217,0,34,322,0,356,181,0,181,537
04/09/2022,ORL,FL,ASO,ES,Towers with Radar,0,17,77,0,94,0,1,153,1,155,0,18,230,1,249,122,0,122,371
04/10/2022,ORL,FL,ASO,ES,Towers with Radar,0,30,82,0,112,0,5,218,0,223,0,35,300,0,335,179,0,179,514
04/11/2022,ORL,FL,ASO,ES,Towers with Radar,0,21,76,0,97,0,4,175,0,179,0,25,251,0,276,96,0,96,372
04/12/2022,ORL,FL,ASO,ES,Towers with Radar,0,30,79,0,109,0,4,248,0,252,0,34,327,0,361,184,0,184,545
04/13/2022,ORL,FL,ASO,ES,Towers with Radar,0,22,118,0,140,0,5,223,0,228,0,27,341,0,368,171,0,171,539
04/14/2022,ORL,FL,ASO,ES,Towers with Radar,0,24,120,0,144,0,4,173,0,177,0,28,293,0,321,270,0,270,591
04/15/2022,ORL,FL,ASO,ES,Towers with Radar,0,24,104,0,128,0,2,136,0,138,0,26,240,0,266,143,0,143,409
04/16/2022,ORL,FL,ASO,ES,Towers with Radar,0,22,69,0,91,0,6,168,0,174,0,28,237,0,265,325,0,325,590
04/17/2022,ORL,FL,ASO,ES,Towers with Radar,0,14,49,0,63,0,2,79,0,81,0,16,128,0,144,210,0,210,354
04/18/2022,ORL,FL,ASO,ES,Towers with Radar,0,28,100,0,128,0,4,150,0,154,0,32,250,0,282,304,0,304,586
04/19/2022,ORL,FL,ASO,ES,Towers with Radar,0,20,82,0,102,0,3,206,0,209,0,23,288,0,311,253,0,253,564
04/20/2022,ORL,FL,ASO,ES,Towers with Radar,0,23,94,0,117,0,7,186,0,193,0,30,280,0,310,240,0,240,550
04/21/2022,ORL,FL,ASO,ES,Towers with Radar,0,18,86,0,104,0,9,200,0,209,0,27,286,0,313,185,0,185,498
04/22/2022,ORL,FL,ASO,ES,Towers with Radar,0,25,84,0,109,0,4,206,0,210,0,29,290,0,319,352,0,352,671
04/23/2022,ORL,FL,ASO,ES,Towers with Radar,0,16,60,0,76,0,2,192,0,194,0,18,252,0,270,352,0,352,622
04/24/2022,ORL,FL,ASO,ES,Towers with Radar,0,26,79,0,105,0,7,175,0,182,0,33,254,0,287,246,0,246,533
04/25/2022,ORL,FL,ASO,ES,Towers with Radar,0,27,62,1,90,0,6,198,0,204,0,33,260,1,294,168,0,168,462
04/26/2022,ORL,FL,ASO,ES,Towers with Radar,0,28,98,0,126,0,3,217,0,220,0,31,315,0,346,308,0,308,654
04/27/2022,ORL,FL,ASO,ES,Towers with Radar,0,40,94,0,134,0,4,212,0,216,0,44,306,0,350,234,0,234,584
04/28/2022,ORL,FL,ASO,ES,Towers with Radar,0,22,98,2,122,0,2,138,0,140,0,24,236,2,262,162,0,162,424
04/29/2022,ORL,FL,ASO,ES,Towers with Radar,0,17,85,0,102,0,3,189,0,192,0,20,274,0,294,265,0,265,559
04/30/2022,ORL,FL,ASO,ES,Towers with Radar,0,19,42,0,61,0,4,192,0,196,0,23,234,0,257,261,0,261,518
05/01/2022,ORL,FL,ASO,ES,Towers with Radar,0,19,83,0,102,0,3,142,0,145,0,22,225,0,247,198,0,198,445
05/02/2022,ORL,FL,ASO,ES,Towers with Radar,0,21,59,0,80,0,4,187,0,191,0,25,246,0,271,224,0,224,495
05/03/2022,ORL,FL,ASO,ES,Towers with Radar,0,25,95,0,120,0,9,163,0,172,0,34,258,0,292,349,0,349,641
05/04/2022,ORL,FL,ASO,ES,Towers with Radar,0,26,93,0,119,0,4,232,1,237,0,30,325,1,356,318,0,318,674
05/05/2022,ORL,FL,ASO,ES,Towers with Radar,0,28,105,0,133,0,7,213,0,220,0,35,318,0,353,265,0,265,618
05/06/2022,ORL,FL,ASO,ES,Towers with Radar,0,30,84,0,114,0,6,220,0,226,0,36,304,0,340,229,0,229,569
05/07/2022,ORL,FL,ASO,ES,Towers with Radar,0,24,48,0,72,0,0,123,0,123,0,24,171,0,195,170,0,170,365
05/08/2022,ORL,FL,ASO,ES,Towers with Radar,0,25,77,0,102,0,2,146,0,148,0,27,223,0,250,157,0,157,407
05/09/2022,ORL,FL,ASO,ES,Towers with Radar,0,31,87,0,118,0,9,178,0,187,0,40,265,0,305,210,0,210,515
05/10/2022,ORL,FL,ASO,ES,Towers with Radar,0,17,92,0,109,0,7,159,0,166,0,24,251,0,275,279,0,279,554
05/11/2022,ORL,FL,ASO,ES,Towers with Radar,0,16,89,0,105,0,9,153,0,162,0,25,242,0,267,148,0,148,415
05/12/2022,ORL,FL,ASO,ES,Towers with Radar,0,12,108,0,120,0,8,187,0,195,0,20,295,0,315,243,0,243,558
05/13/2022,ORL,FL,ASO,ES,Towers with Radar,0,21,83,0,104,0,6,171,0,177,0,27,254,0,281,290,0,290,571
05/14/2022,ORL,FL,ASO,ES,Towers with Radar,0,11,57,0,68,0,6,213,0,219,0,17,270,0,287,262,0,262,549
05/15/2022,ORL,FL,ASO,ES,Towers with Radar,0,16,72,0,88,0,2,97,0,99,0,18,169,0,187,131,0,131,318
05/16/2022,ORL,FL,ASO,ES,Towers with Radar,0,23,88,0,111,0,7,200,0,207,0,30,288,0,318,263,0,263,581
05/17/2022,ORL,FL,ASO,ES,Towers with Radar,0,25,96,0,121,0,1,110,0,111,0,26,206,0,232,330,0,330,562
05/18/2022,ORL,FL,ASO,ES,Towers with Radar,0,15,93,0,108,0,4,56,0,60,0,19,149,0,168,260,0,260,428
05/19/2022,ORL,FL,ASO,ES,Towers with Radar,0,11,84,0,95,0,5,42,0,47,0,16,126,0,142,283,0,283,425
05/20/2022,ORL,FL,ASO,ES,Towers with Radar,0,20,69,0,89,0,0,21,0,21,0,20,90,0,110,145,0,145,255
05/21/2022,ORL,FL,ASO,ES,Towers with Radar,0,11,44,0,55,0,1,11,0,12,0,12,55,0,67,164,0,164,231
05/22/2022,ORL,FL,ASO,ES,Towers with Radar,0,15,76,0,91,0,1,21,0,22,0,16,97,0,113,203,0,203,316
05/23/2022,ORL,FL,ASO,ES,Towers with Radar,0,29,75,0,104,0,1,52,0,53,0,30,127,0,157,223,0,223,380
05/24/2022,ORL,FL,ASO,ES,Towers with Radar,0,28,82,0,110,0,5,40,1,46,0,33,122,1,156,288,0,288,444
05/25/2022,ORL,FL,ASO,ES,Towers with Radar,0,31,74,0,105,0,3,41,0,44,0,34,115,0,149,240,0,240,389
05/26/2022,ORL,FL,ASO,ES,Towers with Radar,0,21,92,0,113,0,1,37,0,38,0,22,129,0,151,296,0,296,447
05/27/2022,ORL,FL,ASO,ES,Towers with Radar,0,23,89,0,112,0,1,37,0,38,0,24,126,0,150,180,0,180,330
05/28/2022,ORL,FL,ASO,ES,Towers with Radar,0,13,55,0,68,0,1,24,0,25,0,14,79,0,93,218,0,218,311
05/29/2022,ORL,FL,ASO,ES,Towers with Radar,0,15,41,0,56,0,2,21,0,23,0,17,62,0,79,189,0,189,268
05/30/2022,ORL,FL,ASO,ES,Towers with Radar,0,18,66,0,84,0,1,28,0,29,0,19,94,0,113,236,0,236,349
05/31/2022,ORL,FL,ASO,ES,Towers with Radar,0,24,88,1,113,0,0,45,0,45,0,24,133,1,158,305,0,305,463
06/01/2022,ORL,FL,ASO,ES,Towers with Radar,0,28,69,0,97,0,3,32,0,35,0,31,101,0,132,226,0,226,358
06/02/2022,ORL,FL,ASO,ES,Towers with Radar,0,26,99,3,128,0,2,43,2,47,0,28,142,5,175,244,0,244,419
06/03/2022,ORL,FL,ASO,ES,Towers with Radar,0,16,93,3,112,0,0,24,0,24,0,16,117,3,136,115,0,115,251
06/04/2022,ORL,FL,ASO,ES,Towers with Radar,0,21,78,203,302,0,0,0,1,1,0,21,78,204,303,0,0,0,303
06/05/2022,ORL,FL,ASO,ES,Towers with Radar,0,18,71,0,89,0,2,22,2,26,0,20,93,2,115,240,0,240,355
06/06/2022,ORL,FL,ASO,ES,Towers with Radar,0,17,54,0,71,0,2,21,0,23,0,19,75,0,94,215,0,215,309
06/07/2022,ORL,FL,ASO,ES,Towers with Radar,0,26,67,0,93,0,2,31,0,33,0,28,98,0,126,334,0,334,460
06/08/2022,ORL,FL,ASO,ES,Towers with Radar,0,16,75,0,91,0,1,41,1,43,0,17,116,1,134,329,0,329,463
06/09/2022,ORL,FL,ASO,ES,Towers with Radar,0,24,85,0,109,0,1,37,0,38,0,25,122,0,147,282,0,282,429
06/10/2022,ORL,FL,ASO,ES,Towers with Radar,0,13,58,1,72,0,0,22,0,22,0,13,80,1,94,155,0,155,249
06/11/2022,ORL,FL,ASO,ES,Towers with Radar,0,13,58,39,110,0,0,15,1,16,0,13,73,40,126,123,0,123,249
06/12/2022,ORL,FL,ASO,ES,Towers with Radar,0,29,70,154,253,0,1,24,0,25,0,30,94,154,278,4,0,4,282
06/13/2022,ORL,FL,ASO,ES,Towers with Radar,0,21,68,0,89,0,2,39,0,41,0,23,107,0,130,263,0,263,393
06/14/2022,ORL,FL,ASO,ES,Towers with Radar,0,16,80,0,96,0,6,63,0,69,0,22,143,0,165,254,0,254,419
06/15/2022,ORL,FL,ASO,ES,Towers with Radar,0,19,71,0,90,0,3,24,0,27,0,22,95,0,117,245,0,245,362
06/16/2022,ORL,FL,ASO,ES,Towers with Radar,0,17,76,0,93,0,3,38,0,41,0,20,114,0,134,340,0,340,474
06/17/2022,ORL,FL,ASO,ES,Towers with Radar,0,26,79,0,105,0,2,35,0,37,0,28,114,0,142,261,0,261,403
06/18/2022,ORL,FL,ASO,ES,Towers with Radar,0,10,49,0,59,0,2,10,0,12,0,12,59,0,71,187,0,187,258
06/19/2022,ORL,FL,ASO,ES,Towers with Radar,1,16,81,0,98,0,1,14,0,15,1,17,95,0,113,169,0,169,282
06/20/2022,ORL,FL,ASO,ES,Towers with Radar,0,17,95,0,112,0,0,44,0,44,0,17,139,0,156,270,0,270,426
06/21/2022,ORL,FL,ASO,ES,Towers with Radar,0,29,106,0,135,0,4,46,0,50,0,33,152,0,185,359,0,359,544
06/22/2022,ORL,FL,ASO,ES,Towers with Radar,0,33,77,0,110,0,2,33,0,35,0,35,110,0,145,384,0,384,529
06/23/2022,ORL,FL,ASO,ES,Towers with Radar,0,19,93,0,112,0,2,18,0,20,0,21,111,0,132,185,0,185,317
06/24/2022,ORL,FL,ASO,ES,Towers with Radar,0,12,73,0,85,0,0,21,0,21,0,12,94,0,106,260,0,260,366
06/25/2022,ORL,FL,ASO,ES,Towers with Radar,0,10,40,0,50,0,1,10,0,11,0,11,50,0,61,136,0,136,197
06/26/2022,ORL,FL,ASO,ES,Towers with Radar,0,12,92,0,104,0,0,17,0,17,0,12,109,0,121,229,0,229,350
06/27/2022,ORL,FL,ASO,ES,Towers with Radar,0,16,92,0,108,0,3,38,0,41,0,19,130,0,149,180,0,180,329
06/28/2022,ORL,FL,ASO,ES,Towers with Radar,0,15,78,0,93,0,5,50,0,55,0,20,128,0,148,167,0,167,315
06/29/2022,ORL,FL,ASO,ES,Towers with Radar,0,18,83,0,101,0,2,43,0,45,0,20,126,0,146,297,0,297,443
06/30/2022,ORL,FL,ASO,ES,Towers with Radar,0,12,80,0,92,0,1,33,0,34,0,13,113,0,126,203,0,203,329
07/01/2022,ORL,FL,ASO,ES,Towers with Radar,0,21,72,1,94,0,3,34,1,38,0,24,106,2,132,187,0,187,319
07/02/2022,ORL,FL,ASO,ES,Towers with Radar,1,3,45,0,49,0,0,19,0,19,1,3,64,0,68,175,0,175,243
07/03/2022,ORL,FL,ASO,ES,Towers with Radar,0,11,34,0,45,0,0,25,0,25,0,11,59,0,70,170,0,170,240
07/04/2022,ORL,FL,ASO,ES,Towers with Radar,0,7,46,0,53,0,1,16,0,17,0,8,62,0,70,137,0,137,207
07/05/2022,ORL,FL,ASO,ES,Towers with Radar,0,20,72,0,92,0,4,43,0,47,0,24,115,0,139,335,0,335,474
07/06/2022,ORL,FL,ASO,ES,Towers with Radar,0,14,66,0,80,0,1,32,0,33,0,15,98,0,113,373,0,373,486
07/07/2022,ORL,FL,ASO,ES,Towers with Radar,0,19,60,0,79,0,1,35,0,36,0,20,95,0,115,288,0,288,403
07/08/2022,ORL,FL,ASO,ES,Towers with Radar,0,14,57,0,71,0,1,35,0,36,0,15,92,0,107,308,0,308,415
07/09/2022,ORL,FL,ASO,ES,Towers with Radar,1,14,28,0,43,0,0,14,0,14,1,14,42,0,57,179,0,179,236
07/10/2022,ORL,FL,ASO,ES,Towers with Radar,0,18,52,0,70,0,0,22,0,22,0,18,74,0,92,173,0,173,265
07/11/2022,ORL,FL,ASO,ES,Towers with Radar,0,24,54,0,78,0,5,46,0,51,0,29,100,0,129,222,0,222,351
07/12/2022,ORL,FL,ASO,ES,Towers with Radar,0,22,85,0,107,0,4,48,0,52,0,26,133,0,159,388,0,388,547
07/13/2022,ORL,FL,ASO,ES,Towers with Radar,0,13,60,0,73,0,1,50,1,52,0,14,110,1,125,230,0,230,355
07/14/2022,ORL,FL,ASO,ES,Towers with Radar,0,16,87,0,103,0,1,49,0,50,0,17,136,0,153,247,0,247,400
07/15/2022,ORL,FL,ASO,ES,Towers with Radar,0,13,80,0,93,0,3,29,0,32,0,16,109,0,125,353,0,353,478
07/16/2022,ORL,FL,ASO,ES,Towers with Radar,0,11,48,0,59,0,0,22,0,22,0,11,70,0,81,158,0,158,239
07/17/2022,ORL,FL,ASO,ES,Towers with Radar,0,12,63,0,75,0,4,22,0,26,0,16,85,0,101,133,0,133,234
07/18/2022,ORL,FL,ASO,ES,Towers with Radar,0,15,76,0,91,0,5,31,0,36,0,20,107,0,127,240,0,240,367
07/19/2022,ORL,FL,ASO,ES,Towers with Radar,0,17,68,0,85,0,1,36,0,37,0,18,104,0,122,308,0,308,430
07/20/2022,ORL,FL,ASO,ES,Towers with Radar,0,18,74,0,92,0,1,29,0,30,0,19,103,0,122,164,0,164,286
07/21/2022,ORL,FL,ASO,ES,Towers with Radar,0,21,98,0,119,0,0,48,0,48,0,21,146,0,167,258,0,258,425
07/22/2022,ORL,FL,ASO,ES,Towers with Radar,0,23,84,0,107,0,2,34,0,36,0,25,118,0,143,217,0,217,360
07/23/2022,ORL,FL,ASO,ES,Towers with Radar,1,15,69,0,85,0,1,30,0,31,1,16,99,0,116,268,0,268,384
07/24/2022,ORL,FL,ASO,ES,Towers with Radar,0,24,69,0,93,0,1,40,0,41,0,25,109,0,134,136,0,136,270
07/25/2022,ORL,FL,ASO,ES,Towers with Radar,1,15,49,0,65,0,1,48,0,49,1,16,97,0,114,159,0,159,273
07/26/2022,ORL,FL,ASO,ES,Towers with Radar,0,19,45,0,64,0,1,38,0,39,0,20,83,0,103,296,0,296,399
07/27/2022,ORL,FL,ASO,ES,Towers with Radar,1,28,52,0,81,0,1,40,0,41,1,29,92,0,122,306,0,306,428
07/28/2022,ORL,FL,ASO,ES,Towers with Radar,0,14,78,0,92,0,1,61,0,62,0,15,139,0,154,199,0,199,353
07/29/2022,ORL,FL,ASO,ES,Towers with Radar,0,14,89,0,103,0,0,45,0,45,0,14,134,0,148,282,0,282,430
07/30/2022,ORL,FL,ASO,ES,Towers with Radar,0,8,60,0,68,0,2,39,0,41,0,10,99,0,109,199,0,199,308
07/31/2022,ORL,FL,ASO,ES,Towers with Radar,0,18,45,0,63,0,0,38,0,38,0,18,83,0,101,263,0,263,364
08/01/2022,ORL,FL,ASO,ES,Towers with Radar,0,23,72,0,95,0,2,43,0,45,0,25,115,0,140,278,0,278,418
08/02/2022,ORL,FL,ASO,ES,Towers with Radar,0,25,67,0,92,0,1,47,0,48,0,26,114,0,140,268,0,268,408
08/03/2022,ORL,FL,ASO,ES,Towers with Radar,0,26,70,0,96,0,2,50,0,52,0,28,120,0,148,284,0,284,432
08/04/2022,ORL,FL,ASO,ES,Towers with Radar,0,21,80,0,101,0,3,45,0,48,0,24,125,0,149,315,0,315,464
08/05/2022,ORL,FL,ASO,ES,Towers with Radar,0,14,61,0,75,0,0,32,0,32,0,14,93,0,107,244,0,244,351
08/06/2022,ORL,FL,ASO,ES,Towers with Radar,0,14,45,0,59,0,2,33,0,35,0,16,78,0,94,248,0,248,342
08/07/2022,ORL,FL,ASO,ES,Towers with Radar,0,18,64,0,82,0,0,21,0,21,0,18,85,0,103,172,0,172,275
08/08/2022,ORL,FL,ASO,ES,Towers with Radar,1,21,69,0,91,0,2,32,0,34,1,23,101,0,125,135,0,135,260
08/09/2022,ORL,FL,ASO,ES,Towers with Radar,0,22,54,0,76,0,2,24,0,26,0,24,78,0,102,264,0,264,366
08/10/2022,ORL,FL,ASO,ES,Towers with Radar,0,18,92,0,110,0,0,53,0,53,0,18,145,0,163,269,0,269,432
08/11/2022,ORL,FL,ASO,ES,Towers with Radar,0,16,69,0,85,0,1,28,0,29,0,17,97,0,114,281,0,281,395
08/12/2022,ORL,FL,ASO,ES,Towers with Radar,0,13,69,0,82,0,3,26,0,29,0,16,95,0,111,261,0,261,372
08/13/2022,ORL,FL,ASO,ES,Towers with Radar,0,6,40,0,46,0,0,21,0,21,0,6,61,0,67,185,0,185,252
08/14/2022,ORL,FL,ASO,ES,Towers with Radar,0,12,65,0,77,0,1,10,0,11,0,13,75,0,88,235,0,235,323
08/15/2022,ORL,FL,ASO,ES,Towers with Radar,0,14,80,0,94,0,4,40,0,44,0,18,120,0,138,344,0,344,482
08/16/2022,ORL,FL,ASO,ES,Towers with Radar,0,37,64,0,101,0,1,36,0,37,0,38,100,0,138,377,0,377,515
08/17/2022,ORL,FL,ASO,ES,Towers with Radar,0,25,85,0,110,0,1,25,0,26,0,26,110,0,136,304,0,304,440
08/18/2022,ORL,FL,ASO,ES,Towers with Radar,0,23,76,0,99,0,0,40,0,40,0,23,116,0,139,320,0,320,459
08/19/2022,ORL,FL,ASO,ES,Towers with Radar,0,17,72,1,90,0,3,32,0,35,0,20,104,1,125,141,0,141,266
08/20/2022,ORL,FL,ASO,ES,Towers with Radar,0,15,44,0,59,0,1,14,0,15,0,16,58,0,74,329,0,329,403
08/21/2022,ORL,FL,ASO,ES,Towers with Radar,0,20,62,1,83,0,1,25,0,26,0,21,87,1,109,265,0,265,374
08/22/2022,ORL,FL,ASO,ES,Towers with Radar,1,17,69,3,90,0,4,39,0,43,1,21,108,3,133,241,0,241,374
08/23/2022,ORL,FL,ASO,ES,Towers with Radar,0,33,65,1,99,0,2,34,0,36,0,35,99,1,135,183,0,183,318
08/24/2022,ORL,FL,ASO,ES,Towers with Radar,0,21,69,0,90,0,2,31,0,33,0,23,100,0,123,333,0,333,456
08/25/2022,ORL,FL,ASO,ES,Towers with Radar,0,19,78,0,97,0,2,42,0,44,0,21,120,0,141,195,0,195,336
08/26/2022,ORL,FL,ASO,ES,Towers with Radar,0,11,63,0,74,0,7,29,0,36,0,18,92,0,110,269,0,269,379
08/27/2022,ORL,FL,ASO,ES,Towers with Radar,0,9,33,0,42,0,1,21,0,22,0,10,54,0,64,139,0,139,203
08/28/2022,ORL,FL,ASO,ES,Towers with Radar,0,22,67,0,89,0,1,10,0,11,0,23,77,0,100,188,0,188,288
08/29/2022,ORL,FL,ASO,ES,Towers with Radar,0,19,68,2,89,0,1,36,0,37,0,20,104,2,126,146,0,146,272
08/30/2022,ORL,FL,ASO,ES,Towers with Radar,0,27,58,0,85,0,1,44,0,45,0,28,102,0,130,184,0,184,314
08/31/2022,ORL,FL,ASO,ES,Towers with Radar,0,20,75,0,95,0,0,52,0,52,0,20,127,0,147,147,0,147,294
09/01/2022,ORL,FL,ASO,ES,Towers with Radar,0,14,72,0,86,0,0,46,0,46,0,14,118,0,132,140,0,140,272
09/02/2022,ORL,FL,ASO,ES,Towers with Radar,0,26,67,0,93,0,3,40,0,43,0,29,107,0,136,149,0,149,285
09/03/2022,ORL,FL,ASO,ES,Towers with Radar,0,10,44,0,54,0,0,27,0,27,0,10,71,0,81,270,0,270,351
09/04/2022,ORL,FL,ASO,ES,Towers with Radar,0,19,41,0,60,0,1,27,0,28,0,20,68,0,88,152,0,152,240
09/05/2022,ORL,FL,ASO,ES,Towers with Radar,0,28,69,0,97,0,2,26,0,28,0,30,95,0,125,308,0,308,433
09/06/2022,ORL,FL,ASO,ES,Towers with Radar,0,22,67,0,89,0,1,60,0,61,0,23,127,0,150,297,0,297,447
09/07/2022,ORL,FL,ASO,ES,Towers with Radar,0,27,56,0,83,0,2,46,0,48,0,29,102,0,131,298,0,298,429
09/08/2022,ORL,FL,ASO,ES,Towers with Radar,0,17,52,0,69,0,4,27,0,31,0,21,79,0,100,219,0,219,319
09/09/2022,ORL,FL,ASO,ES,Towers with Radar,0,17,69,0,86,0,3,43,0,46,0,20,112,0,132,250,0,250,382
09/10/2022,ORL,FL,ASO,ES,Towers with Radar,0,15,36,0,51,0,0,25,0,25,0,15,61,0,76,222,0,222,298
09/11/2022,ORL,FL,ASO,ES,Towers with Radar,0,17,44,0,61,0,0,30,0,30,0,17,74,0,91,230,0,230,321
09/12/2022,ORL,FL,ASO,ES,Towers with Radar,0,27,58,0,85,0,4,24,0,28,0,31,82,0,113,161,0,161,274
09/13/2022,ORL,FL,ASO,ES,Towers with Radar,0,26,68,0,94,0,4,50,0,54,0,30,118,0,148,272,0,272,420
09/14/2022,ORL,FL,ASO,ES,Towers with Radar,0,15,86,0,101,0,0,29,0,29,0,15,115,0,130,183,0,183,313
09/15/2022,ORL,FL,ASO,ES,Towers with Radar,0,29,56,0,85,0,4,38,0,42,0,33,94,0,127,197,0,197,324
09/16/2022,ORL,FL,ASO,ES,Towers with Radar,0,35,89,0,124,0,0,26,0,26,0,35,115,0,150,114,0,114,264
09/17/2022,ORL,FL,ASO,ES,Towers with Radar,0,14,41,0,55,0,0,18,0,18,0,14,59,0,73,169,0,169,242
09/18/2022,ORL,FL,ASO,ES,Towers with Radar,0,27,87,0,114,0,2,20,0,22,0,29,107,0,136,246,0,246,382
09/19/2022,ORL,FL,ASO,ES,Towers with Radar,0,19,67,0,86,0,3,28,0,31,0,22,95,0,117,246,0,246,363
09/20/2022,ORL,FL,ASO,ES,Towers with Radar,0,31,72,0,103,0,2,31,0,33,0,33,103,0,136,261,0,261,397
09/21/2022,ORL,FL,ASO,ES,Towers with Radar,0,26,97,0,123,0,1,49,0,50,0,27,146,0,173,242,0,242,415
09/22/2022,ORL,FL,ASO,ES,Towers with Radar,0,41,70,0,111,0,1,38,0,39,0,42,108,0,150,280,0,280,430
09/23/2022,ORL,FL,ASO,ES,Towers with Radar,0,18,77,0,95,0,2,49,0,51,0,20,126,0,146,188,0,188,334
09/24/2022,ORL,FL,ASO,ES,Towers with Radar,0,21,51,0,72,0,4,43,0,47,0,25,94,0,119,232,0,232,351
09/25/2022,ORL,FL,ASO,ES,Towers with Radar,0,16,69,0,85,0,1,26,0,27,0,17,95,0,112,242,0,242,354
09/26/2022,ORL,FL,ASO,ES,Towers with Radar,0,24,49,0,73,0,2,37,0,39,0,26,86,0,112,208,0,208,320
09/27/2022,ORL,FL,ASO,ES,Towers with Radar,0,36,63,0,99,0,0,20,1,21,0,36,83,1,120,121,0,121,241
09/28/2022,ORL,FL,ASO,ES,Towers with Radar,0,1,2,0,3,0,0,0,0,0,0,1,2,0,3,0,0,0,3
09/29/2022,ORL,FL,ASO,ES,Towers with Radar,0,0,0,0,0,0,0,3,0,3,0,0,3,0,3,0,0,0,3
09/30/2022,ORL,FL,ASO,ES,Towers with Radar,0,9,29,0,38,0,2,46,0,48,0,11,75,0,86,6,0,6,92
10/01/2022,ORL,FL,ASO,ES,Towers with Radar,0,14,43,0,57,0,8,138,1,147,0,22,181,1,204,245,0,245,449
10/02/2022,ORL,FL,ASO,ES,Towers with Radar,0,18,51,0,69,0,8,148,0,156,0,26,199,0,225,114,0,114,339
10/03/2022,ORL,FL,ASO,ES,Towers with Radar,0,17,42,0,59,0,6,185,0,191,0,23,227,0,250,193,0,193,443
10/04/2022,ORL,FL,ASO,ES,Towers with Radar,0,20,63,0,83,0,6,209,0,215,0,26,272,0,298,279,0,279,577
10/05/2022,ORL,FL,ASO,ES,Towers with Radar,0,20,70,0,90,0,9,186,0,195,0,29,256,0,285,292,0,292,577
10/06/2022,ORL,FL,ASO,ES,Towers with Radar,1,44,57,0,102,0,8,216,0,224,1,52,273,0,326,254,0,254,580
10/07/2022,ORL,FL,ASO,ES,Towers with Radar,0,16,75,0,91,0,6,222,0,228,0,22,297,0,319,269,0,269,588
10/08/2022,ORL,FL,ASO,ES,Towers with Radar,0,10,52,0,62,0,4,246,0,250,0,14,298,0,312,202,0,202,514
10/09/2022,ORL,FL,ASO,ES,Towers with Radar,0,24,69,0,93,0,9,159,0,168,0,33,228,0,261,183,0,183,444
10/10/2022,ORL,FL,ASO,ES,Towers with Radar,0,29,85,0,114,0,9,196,0,205,0,38,281,0,319,259,0,259,578
10/11/2022,ORL,FL,ASO,ES,Towers with Radar,0,22,64,0,86,0,8,232,0,240,0,30,296,0,326,351,0,351,677
10/12/2022,ORL,FL,ASO,ES,Towers with Radar,1,34,71,0,106,0,5,170,0,175,1,39,241,0,281,231,0,231,512
10/13/2022,ORL,FL,ASO,ES,Towers with Radar,0,29,75,0,104,0,6,159,0,165,0,35,234,0,269,318,0,318,587
10/14/2022,ORL,FL,ASO,ES,Towers with Radar,0,17,89,0,106,0,6,253,1,260,0,23,342,1,366,196,0,196,562
10/15/2022,ORL,FL,ASO,ES,Towers with Radar,0,17,71,0,88,0,4,189,0,193,0,21,260,0,281,190,0,190,471
10/16/2022,ORL,FL,ASO,ES,Towers with Radar,1,38,114,0,153,0,3,149,0,152,1,41,263,0,305,50,0,50,355
10/17/2022,ORL,FL,ASO,ES,Towers with Radar,0,35,125,1,161,0,2,136,0,138,0,37,261,1,299,46,0,46,345
10/18/2022,ORL,FL,ASO,ES,Towers with Radar,0,54,164,0,218,0,3,189,0,192,0,57,353,0,410,34,0,34,444
10/19/2022,ORL,FL,ASO,ES,Towers with Radar,0,49,188,1,238,0,6,143,0,149,0,55,331,1,387,34,0,34,421
10/20/2022,ORL,FL,ASO,ES,Towers with Radar,0,64,207,0,271,0,5,175,0,180,0,69,382,0,451,38,0,38,489
10/21/2022,ORL,FL,ASO,ES,Towers with Radar,1,26,105,0,132,0,10,205,0,215,1,36,310,0,347,182,0,182,529
10/22/2022,ORL,FL,ASO,ES,Towers with Radar,0,13,64,0,77,0,4,217,0,221,0,17,281,0,298,159,0,159,457
10/23/2022,ORL,FL,ASO,ES,Towers with Radar,0,33,79,1,113,0,7,177,0,184,0,40,256,1,297,226,0,226,523
10/24/2022,ORL,FL,ASO,ES,Towers with Radar,0,28,94,0,122,0,8,170,0,178,0,36,264,0,300,246,0,246,546
10/25/2022,ORL,FL,ASO,ES,Towers with Radar,0,30,88,0,118,0,8,215,0,223,0,38,303,0,341,340,0,340,681
10/26/2022,ORL,FL,ASO,ES,Towers with Radar,0,30,99,1,130,0,6,241,0,247,0,36,340,1,377,385,0,385,762
10/27/2022,ORL,FL,ASO,ES,Towers with Radar,0,35,99,0,134,0,2,147,0,149,0,37,246,0,283,399,0,399,682
10/28/2022,ORL,FL,ASO,ES,Towers with Radar,0,25,93,0,118,0,2,123,0,125,0,27,216,0,243,370,0,370,613
10/29/2022,ORL,FL,ASO,ES,Towers with Radar,0,24,68,0,92,0,4,64,0,68,0,28,132,0,160,177,0,177,337
10/30/2022,ORL,FL,ASO,ES,Towers with Radar,0,30,72,1,103,0,4,109,0,113,0,34,181,1,216,165,0,165,381
10/31/2022,ORL,FL,ASO,ES,Towers with Radar,0,25,68,0,93,0,7,200,0,207,0,32,268,0,300,330,0,330,630
11/01/2022,ORL,FL,ASO,ES,Towers with Radar,0,31,84,0,115,0,5,158,0,163,0,36,242,0,278,223,0,223,501
11/02/2022,ORL,FL,ASO,ES,Towers with Radar,0,27,74,1,102,0,6,175,0,181,0,33,249,1,283,151,0,151,434
11/03/2022,ORL,FL,ASO,ES,Towers with Radar,0,26,98,0,124,0,7,211,0,218,0,33,309,0,342,238,0,238,580
11/04/2022,ORL,FL,ASO,ES,Towers with Radar,0,19,95,0,114,0,3,233,0,236,0,22,328,0,350,319,0,319,669
11/05/2022,ORL,FL,ASO,ES,Towers with Radar,0,15,58,0,73,0,2,154,0,156,0,17,212,0,229,231,0,231,460
11/06/2022,ORL,FL,ASO,ES,Towers with Radar,0,23,78,0,101,0,2,166,0,168,0,25,244,0,269,214,0,214,483
11/07/2022,ORL,FL,ASO,ES,Towers with Radar,0,28,68,0,96,0,5,135,0,140,0,33,203,0,236,133,0,133,369
11/08/2022,ORL,FL,ASO,ES,Towers with Radar,0,25,82,0,107,0,0,61,0,61,0,25,143,0,168,97,0,97,265
11/09/2022,ORL,FL,ASO,ES,Towers with Radar,0,10,26,0,36,0,0,1,0,1,0,10,27,0,37,0,0,0,37
11/10/2022,ORL,FL,ASO,ES,Towers with Radar,0,2,4,0,6,0,0,2,0,2,0,2,6,0,8,0,0,0,8
11/11/2022,ORL,FL,ASO,ES,Towers with Radar,0,39,77,0,116,0,7,97,0,104,0,46,174,0,220,112,0,112,332
11/12/2022,ORL,FL,ASO,ES,Towers with Radar,0,15,75,0,90,0,2,156,0,158,0,17,231,0,248,147,0,147,395
11/13/2022,ORL,FL,ASO,ES,Towers with Radar,0,27,108,0,135,0,2,90,1,93,0,29,198,1,228,129,0,129,357
11/14/2022,ORL,FL,ASO,ES,Towers with Radar,0,30,105,0,135,0,5,219,0,224,0,35,324,0,359,253,0,253,612
11/15/2022,ORL,FL,ASO,ES,Towers with Radar,0,14,69,0,83,0,14,228,0,242,0,28,297,0,325,305,0,305,630
11/16/2022,ORL,FL,ASO,ES,Towers with Radar,0,46,127,0,173,0,4,97,0,101,0,50,224,0,274,217,0,217,491
11/17/2022,ORL,FL,ASO,ES,Towers with Radar,0,34,109,0,143,0,0,226,0,226,0,34,335,0,369,271,0,271,640
11/18/2022,ORL,FL,ASO,ES,Towers with Radar,0,35,103,0,138,0,6,273,0,279,0,41,376,0,417,305,0,305,722
11/19/2022,ORL,FL,ASO,ES,Towers with Radar,0,17,80,0,97,0,4,210,0,214,0,21,290,0,311,173,0,173,484
11/20/2022,ORL,FL,ASO,ES,Towers with Radar,0,15,79,0,94,0,0,39,0,39,0,15,118,0,133,82,0,82,215
11/21/2022,ORL,FL,ASO,ES,Towers with Radar,0,28,78,0,106,0,3,174,0,177,0,31,252,0,283,295,0,295,578
11/22/2022,ORL,FL,ASO,ES,Towers with Radar,0,43,99,0,142,0,0,2,0,2,0,43,101,0,144,4,0,4,148
11/23/2022,ORL,FL,ASO,ES,Towers with Radar,0,29,111,0,140,0,2,30,0,32,0,31,141,0,172,48,0,48,220
11/24/2022,ORL,FL,ASO,ES,Towers with Radar,0,8,17,4,29,0,0,27,0,27,0,8,44,4,56,85,0,85,141
11/25/2022,ORL,FL,ASO,ES,Towers with Radar,0,13,61,0,74,0,5,97,0,102,0,18,158,0,176,171,0,171,347
11/26/2022,ORL,FL,ASO,ES,Towers with Radar,0,19,103,0,122,0,2,64,0,66,0,21,167,0,188,163,0,163,351
11/27/2022,ORL,FL,ASO,ES,Towers with Radar,1,28,145,0,174,0,0,93,0,93,1,28,238,0,267,73,0,73,340
11/28/2022,ORL,FL,ASO,ES,Towers with Radar,0,37,48,0,85,0,8,219,0,227,0,45,267,0,312,245,0,245,557
11/29/2022,ORL,FL,ASO,ES,Towers with Radar,0,18,76,2,96,0,11,232,0,243,0,29,308,2,339,317,0,317,656
11/30/2022,ORL,FL,ASO,ES,Towers with Radar,0,30,95,2,127,0,6,220,0,226,0,36,315,2,353,239,0,239,592
12/01/2022,ORL,FL,ASO,ES,Towers with Radar,0,39,92,0,131,0,11,194,0,205,0,50,286,0,336,191,0,191,527
12/02/2022,ORL,FL,ASO,ES,Towers with Radar,0,41,71,0,112,0,7,243,0,250,0,48,314,0,362,264,0,264,626
12/03/2022,ORL,FL,ASO,ES,Towers with Radar,0,24,65,0,89,0,8,219,0,227,0,32,284,0,316,263,0,263,579
12/04/2022,ORL,FL,ASO,ES,Towers with Radar,0,25,83,0,108,0,6,168,0,174,0,31,251,0,282,278,0,278,560
12/05/2022,ORL,FL,ASO,ES,Towers with Radar,0,25,91,0,116,0,7,149,0,156,0,32,240,0,272,290,0,290,562
12/06/2022,ORL,FL,ASO,ES,Towers with Radar,0,25,104,0,129,0,9,176,0,185,0,34,280,0,314,209,0,209,523
12/07/2022,ORL,FL,ASO,ES,Towers with Radar,0,28,76,0,104,0,6,190,0,196,0,34,266,0,300,210,0,210,510
12/08/2022,ORL,FL,ASO,ES,Towers with Radar,0,31,98,0,129,0,7,222,0,229,0,38,320,0,358,302,0,302,660
12/09/2022,ORL,FL,ASO,ES,Towers with Radar,0,23,90,0,113,0,11,207,0,218,0,34,297,0,331,209,0,209,540
12/10/2022,ORL,FL,ASO,ES,Towers with Radar,0,13,55,0,68,0,2,146,0,148,0,15,201,0,216,177,0,177,393
12/11/2022,ORL,FL,ASO,ES,Towers with Radar,0,34,91,0,125,0,0,38,0,38,0,34,129,0,163,248,0,248,411
12/12/2022,ORL,FL,ASO,ES,Towers with Radar,0,33,88,0,121,0,8,148,0,156,0,41,236,0,277,205,0,205,482
12/13/2022,ORL,FL,ASO,ES,Towers with Radar,0,37,104,0,141,0,4,76,0,80,0,41,180,0,221,84,0,84,305
12/14/2022,ORL,FL,ASO,ES,Towers with Radar,0,19,101,1,121,0,8,171,0,179,0,27,272,1,300,240,0,240,540
12/15/2022,ORL,FL,ASO,ES,Towers with Radar,0,27,65,0,92,0,0,29,0,29,0,27,94,0,121,42,0,42,163
12/16/2022,ORL,FL,ASO,ES,Towers with Radar,0,29,105,0,134,0,11,257,0,268,0,40,362,0,402,253,0,253,655
12/17/2022,ORL,FL,ASO,ES,Towers with Radar,0,21,95,0,116,0,7,193,0,200,0,28,288,0,316,184,0,184,500
12/18/2022,ORL,FL,ASO,ES,Towers with Radar,0,24,75,1,100,0,8,148,0,156,0,32,223,1,256,196,0,196,452
12/19/2022,ORL,FL,ASO,ES,Towers with Radar,0,33,74,0,107,0,9,217,0,226,0,42,291,0,333,271,0,271,604
12/20/2022,ORL,FL,ASO,ES,Towers with Radar,1,19,67,0,87,0,4,111,0,115,1,23,178,0,202,138,0,138,340
12/21/2022,ORL,FL,ASO,ES,Towers with Radar,0,32,104,0,136,0,0,1,0,1,0,32,105,0,137,0,0,0,137
12/22/2022,ORL,FL,ASO,ES,Towers with Radar,0,37,81,0,118,0,0,16,0,16,0,37,97,0,134,18,0,18,152
12/23/2022,ORL,FL,ASO,ES,Towers with Radar,0,19,57,0,76,0,1,123,0,124,0,20,180,0,200,127,0,127,327
12/24/2022,ORL,FL,ASO,ES,Towers with Radar,0,6,28,0,34,0,7,53,0,60,0,13,81,0,94,18,0,18,112
12/25/2022,ORL,FL,ASO,ES,Towers with Radar,0,22,12,0,34,0,8,23,0,31,0,30,35,0,65,18,0,18,83
12/26/2022,ORL,FL,ASO,ES,Towers with Radar,0,36,71,0,107,0,8,103,0,111,0,44,174,0,218,178,0,178,396
12/27/2022,ORL,FL,ASO,ES,Towers with Radar,0,32,88,0,120,0,10,180,0,190,0,42,268,0,310,168,0,168,478
12/28/2022,ORL,FL,ASO,ES,Towers with Radar,0,33,82,0,115,0,14,190,0,204,0,47,272,0,319,230,0,230,549
12/29/2022,ORL,FL,ASO,ES,Towers with Radar,0,53,62,0,115,0,4,173,0,177,0,57,235,0,292,124,0,124,416
12/30/2022,ORL,FL,ASO,ES,Towers with Radar,0,38,76,0,114,0,5,205,1,211,0,43,281,1,325,266,0,266,591
12/31/2022,ORL,FL,ASO,ES,Towers with Radar,0,24,47,0,71,0,0,30,0,30,0,24,77,0,101,22,0,22,123
01/01/2023,ORL,FL,ASO,ES,Towers with Radar,0,18,48,0,66,0,4,51,0,55,0,22,99,0,121,22,0,22,143
01/02/2023,ORL,FL,ASO,ES,Towers with Radar,0,25,91,0,116,0,4,142,3,149,0,29,233,3,265,118,4,122,387
01/03/2023,ORL,FL,ASO,ES,Towers with Radar,0,32,81,0,113,0,3,151,0,154,0,35,232,0,267,178,0,178,445
01/04/2023,ORL,FL,ASO,ES,Towers with Radar,0,19,94,0,113,0,3,96,0,99,0,22,190,0,212,98,0,98,310
01/05/2023,ORL,FL,ASO,ES,Towers with Radar,0,26,89,1,116,0,5,107,0,112,0,31,196,1,228,113,0,113,341
01/06/2023,ORL,FL,ASO,ES,Towers with Radar,0,13,91,0,104,0,9,241,0,250,0,22,332,0,354,173,0,173,527
01/07/2023,ORL,FL,ASO,ES,Towers with Radar,0,8,57,0,65,0,0,193,0,193,0,8,250,0,258,236,0,236,494
01/08/2023,ORL,FL,ASO,ES,Towers with Radar,0,20,78,0,98,0,2,201,0,203,0,22,279,0,301,187,0,187,488
01/09/2023,ORL,FL,ASO,ES,Towers with Radar,0,17,66,0,83,0,7,245,0,252,0,24,311,0,335,284,0,284,619
01/10/2023,ORL,FL,ASO,ES,Towers with Radar,0,25,52,0,77,0,8,184,0,192,0,33,236,0,269,254,0,254,523
01/11/2023,ORL,FL,ASO,ES,Towers with Radar,0,27,74,0,101,0,6,237,0,243,0,33,311,0,344,152,0,152,496
01/12/2023,ORL,FL,ASO,ES,Towers with Radar,0,26,90,0,116,0,0,223,0,223,0,26,313,0,339,258,0,258,597
01/13/2023,ORL,FL,ASO,ES,Towers with Radar,0,17,76,0,93,0,2,51,2,55,0,19,127,2,148,142,0,142,290
01/14/2023,ORL,FL,ASO,ES,Towers with Radar,0,8,46,0,54,0,4,137,0,141,0,12,183,0,195,99,0,99,294
01/15/2023,ORL,FL,ASO,ES,Towers with Radar,0,14,64,1,79,0,5,156,0,161,0,19,220,1,240,182,0,182,422
01/16/2023,ORL,FL,ASO,ES,Towers with Radar,0,25,72,0,97,0,7,202,1,210,0,32,274,1,307,346,0,346,653
01/17/2023,ORL,FL,ASO,ES,Towers with Radar,0,27,83,0,110,0,11,246,0,257,0,38,329,0,367,183,0,183,550
01/18/2023,ORL,FL,ASO,ES,Towers with Radar,0,24,86,0,110,0,14,241,0,255,0,38,327,0,365,382,0,382,747
01/19/2023,ORL,FL,ASO,ES,Towers with Radar,0,31,102,0,133,0,9,231,0,240,0,40,333,0,373,282,0,282,655
01/20/2023,ORL,FL,ASO,ES,Towers with Radar,0,22,81,0,103,0,13,174,0,187,0,35,255,0,290,204,0,204,494
01/21/2023,ORL,FL,ASO,ES,Towers with Radar,0,26,68,0,94,0,4,197,0,201,0,30,265,0,295,343,0,343,638
01/22/2023,ORL,FL,ASO,ES,Towers with Radar,0,29,85,0,114,0,1,112,0,113,0,30,197,0,227,104,0,104,331
01/23/2023,ORL,FL,ASO,ES,Towers with Radar,0,21,81,0,102,0,7,196,0,203,0,28,277,0,305,236,0,236,541
01/24/2023,ORL,FL,ASO,ES,Towers with Radar,0,48,78,0,126,0,10,227,0,237,0,58,305,0,363,303,0,303,666
01/25/2023,ORL,FL,ASO,ES,Towers with Radar,0,32,79,0,111,0,8,122,0,130,0,40,201,0,241,71,0,71,312
01/26/2023,ORL,FL,ASO,ES,Towers with Radar,0,35,115,0,150,0,13,164,0,177,0,48,279,0,327,189,0,189,516
01/27/2023,ORL,FL,ASO,ES,Towers with Radar,0,43,79,0,122,0,10,308,0,318,0,53,387,0,440,274,0,274,714
01/28/2023,ORL,FL,ASO,ES,Towers with Radar,0,26,80,0,106,0,6,176,0,182,0,32,256,0,288,146,0,146,434
01/29/2023,ORL,FL,ASO,ES,Towers with Radar,0,24,63,0,87,0,3,203,0,206,0,27,266,0,293,107,0,107,400
01/30/2023,ORL,FL,ASO,ES,Towers with Radar,0,25,61,0,86,0,12,159,0,171,0,37,220,0,257,211,0,211,468
01/31/2023,ORL,FL,ASO,ES,Towers with Radar,0,25,82,0,107,0,4,188,0,192,0,29,270,0,299,292,0,292,591
02/01/2023,ORL,FL,ASO,ES,Towers with Radar,0,36,69,0,105,0,8,191,0,199,0,44,260,0,304,320,0,320,624
02/02/2023,ORL,FL,ASO,ES,Towers with Radar,0,23,82,0,105,0,7,186,0,193,0,30,268,0,298,287,0,287,585
02/03/2023,ORL,FL,ASO,ES,Towers with Radar,0,25,96,0,121,0,0,27,0,27,0,25,123,0,148,80,0,80,228
02/04/2023,ORL,FL,ASO,ES,Towers with Radar,0,22,48,0,70,0,9,111,0,120,0,31,159,0,190,204,0,204,394
02/05/2023,ORL,FL,ASO,ES,Towers with Radar,0,43,81,0,124,0,4,50,0,54,0,47,131,0,178,137,0,137,315
02/06/2023,ORL,FL,ASO,ES,Towers with Radar,0,25,66,0,91,0,11,201,0,212,0,36,267,0,303,233,0,233,536
02/07/2023,ORL,FL,ASO,ES,Towers with Radar,0,15,77,0,92,0,11,215,0,226,0,26,292,0,318,220,0,220,538
02/08/2023,ORL,FL,ASO,ES,Towers with Radar,0,32,87,0,119,0,10,186,0,196,0,42,273,0,315,237,0,237,552
02/09/2023,ORL,FL,ASO,ES,Towers with Radar,0,34,104,0,138,0,7,151,0,158,0,41,255,0,296,232,0,232,528
02/10/2023,ORL,FL,ASO,ES,Towers with Radar,0,16,89,0,105,0,2,123,0,125,0,18,212,0,230,180,0,180,410
02/11/2023,ORL,FL,ASO,ES,Towers with Radar,0,18,43,0,61,0,1,77,0,78,0,19,120,0,139,101,0,101,240
02/12/2023,ORL,FL,ASO,ES,Towers with Radar,0,36,40,0,76,0,2,15,0,17,0,38,55,0,93,10,0,10,103
02/13/2023,ORL,FL,ASO,ES,Towers with Radar,1,32,69,2,104,0,12,184,0,196,1,44,253,2,300,280,0,280,580
02/14/2023,ORL,FL,ASO,ES,Towers with Radar,0,34,73,0,107,0,8,170,0,178,0,42,243,0,285,264,0,264,549
02/15/2023,ORL,FL,ASO,ES,Towers with Radar,0,27,93,0,120,0,4,189,0,193,0,31,282,0,313,286,0,286,599
02/16/2023,ORL,FL,ASO,ES,Towers with Radar,0,36,90,0,126,0,3,186,0,189,0,39,276,0,315,150,0,150,465
02/17/2023,ORL,FL,ASO,ES,Towers with Radar,0,32,70,0,102,0,12,188,0,200,0,44,258,0,302,257,0,257,559
02/18/2023,ORL,FL,ASO,ES,Towers with Radar,0,18,61,0,79,0,4,160,0,164,0,22,221,0,243,170,0,170,413
02/19/2023,ORL,FL,ASO,ES,Towers with Radar,0,31,62,0,93,0,4,147,0,151,0,35,209,0,244,256,0,256,500
02/20/2023,ORL,FL,ASO,ES,Towers with Radar,0,32,99,0,131,0,12,207,0,219,0,44,306,0,350,314,0,314,664
02/21/2023,ORL,FL,ASO,ES,Towers with Radar,0,23,103,0,126,0,8,134,0,142,0,31,237,0,268,177,0,177,445
02/22/2023,ORL,FL,ASO,ES,Towers with Radar,0,30,104,1,135,0,7,137,0,144,0,37,241,1,279,164,0,164,443
02/23/2023,ORL,FL,ASO,ES,Towers with Radar,0,53,103,0,156,0,6,148,0,154,0,59,251,0,310,127,0,127,437
02/24/2023,ORL,FL,ASO,ES,Towers with Radar,0,49,94,0,143,0,9,118,0,127,0,58,212,0,270,132,0,132,402
02/25/2023,ORL,FL,ASO,ES,Towers with Radar,0,20,57,0,77,0,10,182,0,192,0,30,239,0,269,270,0,270,539
02/26/2023,ORL,FL,ASO,ES,Towers with Radar,0,35,86,0,121,0,7,117,0,124,0,42,203,0,245,168,0,168,413
02/27/2023,ORL,FL,ASO,ES,Towers with Radar,0,32,95,0,127,0,10,134,0,144,0,42,229,0,271,128,0,128,399
02/28/2023,ORL,FL,ASO,ES,Towers with Radar,0,39,99,0,138,0,0,82,0,82,0,39,181,0,220,260,0,260,480
03/01/2023,ORL,FL,ASO,ES,Towers with Radar,0,34,72,0,106,0,10,181,0,191,0,44,253,0,297,178,0,178,475
03/02/2023,ORL,FL,ASO,ES,Towers with Radar,0,45,98,0,143,0,9,198,0,207,0,54,296,0,350,177,0,177,527
03/03/2023,ORL,FL,ASO,ES,Towers with Radar,0,28,48,0,76,0,4,103,0,107,0,32,151,0,183,91,0,91,274
03/04/2023,ORL,FL,ASO,ES,Towers with Radar,0,16,46,0,62,0,2,78,0,80,0,18,124,0,142,57,0,57,199
03/05/2023,ORL,FL,ASO,ES,Towers with Radar,0,36,65,0,101,0,4,138,0,142,0,40,203,0,243,206,0,206,449
03/06/2023,ORL,FL,ASO,ES,Towers with Radar,0,38,65,0,103,0,7,155,0,162,0,45,220,0,265,322,0,322,587
03/07/2023,ORL,FL,ASO,ES,Towers with Radar,0,38,74,0,112,0,7,170,0,177,0,45,244,0,289,289,0,289,578
03/08/2023,ORL,FL,ASO,ES,Towers with Radar,0,29,115,0,144,0,5,168,0,173,0,34,283,0,317,156,0,156,473
03/09/2023,ORL,FL,ASO,ES,Towers with Radar,0,37,78,0,115,0,11,201,0,212,0,48,279,0,327,281,0,281,608
03/10/2023,ORL,FL,ASO,ES,Towers with Radar,0,29,93,0,122,0,8,148,0,156,0,37,241,0,278,181,0,181,459
03/11/2023,ORL,FL,ASO,ES,Towers with Radar,1,28,80,0,109,0,3,173,0,176,1,31,253,0,285,153,0,153,438
03/12/2023,ORL,FL,ASO,ES,Towers with Radar,0,35,58,0,93,0,1,144,0,145,0,36,202,0,238,248,0,248,486
03/13/2023,ORL,FL,ASO,ES,Towers with Radar,0,32,54,0,86,0,2,38,0,40,0,34,92,0,126,88,0,88,214
03/14/2023,ORL,FL,ASO,ES,Towers with Radar,0,41,81,2,124,0,4,170,0,174,0,45,251,2,298,229,0,229,527
03/15/2023,ORL,FL,ASO,ES,Towers with Radar,0,35,88,0,123,0,3,201,0,204,0,38,289,0,327,259,0,259,586
03/16/2023,ORL,FL,ASO,ES,Towers with Radar,0,44,123,0,167,0,14,205,0,219,0,58,328,0,386,196,0,196,582
03/17/2023,ORL,FL,ASO,ES,Towers with Radar,0,36,78,0,114,0,11,171,0,182,0,47,249,0,296,254,0,254,550
03/18/2023,ORL,FL,ASO,ES,Towers with Radar,0,45,68,0,113,0,11,96,0,107,0,56,164,0,220,166,0,166,386
03/19/2023,ORL,FL,ASO,ES,Towers with Radar,0,42,78,0,120,0,5,96,0,101,0,47,174,0,221,226,0,226,447
03/20/2023,ORL,FL,ASO,ES,Towers with Radar,0,35,73,0,108,0,2,148,0,150,0,37,221,0,258,187,0,187,445
03/21/2023,ORL,FL,ASO,ES,Towers with Radar,0,34,77,2,113,0,9,167,0,176,0,43,244,2,289,320,0,320,609
03/22/2023,ORL,FL,ASO,ES,Towers with Radar,0,25,71,0,96,0,13,161,0,174,0,38,232,0,270,344,0,344,614
03/23/2023,ORL,FL,ASO,ES,Towers with Radar,0,34,104,0,138,0,10,131,0,141,0,44,235,0,279,309,0,309,588
03/24/2023,ORL,FL,ASO,ES,Towers with Radar,1,46,57,0,104,0,8,168,0,176,1,54,225,0,280,264,0,264,544
03/25/2023,ORL,FL,ASO,ES,Towers with Radar,0,30,52,0,82,0,5,91,0,96,0,35,143,0,178,187,0,187,365
03/26/2023,ORL,FL,ASO,ES,Towers with Radar,0,39,81,0,120,0,6,114,1,121,0,45,195,1,241,253,0,253,494
03/27/2023,ORL,FL,ASO,ES,Towers with Radar,0,45,69,0,114,0,6,155,0,161,0,51,224,0,275,260,0,260,535
03/28/2023,ORL,FL,ASO,ES,Towers with Radar,0,40,50,0,90,0,7,140,0,147,0,47,190,0,237,304,0,304,541
03/29/2023,ORL,FL,ASO,ES,Towers with Radar,0,40,100,0,140,0,8,137,0,145,0,48,237,0,285,349,0,349,634
03/30/2023,ORL,FL,ASO,ES,Towers with Radar,0,36,84,0,120,0,7,178,0,185,0,43,262,0,305,278,0,278,583
03/31/2023,ORL,FL,ASO,ES,Towers with Radar,0,33,87,0,120,0,3,175,0,178,0,36,262,0,298,242,0,242,540
04/01/2023,ORL,FL,ASO,ES,Towers with Radar,0,30,61,0,91,0,9,126,0,135,0,39,187,0,226,212,0,212,438
04/02/2023,ORL,FL,ASO,ES,Towers with Radar,0,40,97,0,137,0,6,112,0,118,0,46,209,0,255,131,0,131,386
04/03/2023,ORL,FL,ASO,ES,Towers with Radar,0,30,72,0,102,0,11,108,0,119,0,41,180,0,221,316,0,316,537
04/04/2023,ORL,FL,ASO,ES,Towers with Radar,1,39,67,0,107,0,8,184,0,192,1,47,251,0,299,377,0,377,676
04/05/2023,ORL,FL,ASO,ES,Towers with Radar,0,32,67,0,99,0,18,166,1,185,0,50,233,1,284,277,0,277,561
04/06/2023,ORL,FL,ASO,ES,Towers with Radar,0,29,100,0,129,0,15,149,0,164,0,44,249,0,293,266,0,266,559
04/07/2023,ORL,FL,ASO,ES,Towers with Radar,0,23,88,0,111,0,14,180,0,194,0,37,268,0,305,203,0,203,508
04/08/2023,ORL,FL,ASO,ES,Towers with Radar,0,16,55,0,71,0,2,110,0,112,0,18,165,0,183,145,0,145,328
04/09/2023,ORL,FL,ASO,ES,Towers with Radar,0,28,56,0,84,0,1,14,0,15,0,29,70,0,99,5,0,5,104
04/10/2023,ORL,FL,ASO,ES,Towers with Radar,0,29,82,4,115,0,0,64,0,64,0,29,146,4,179,103,0,103,282
04/11/2023,ORL,FL,ASO,ES,Towers with Radar,0,23,87,0,110,0,7,103,0,110,0,30,190,0,220,125,0,125,345
04/12/2023,ORL,FL,ASO,ES,Towers with Radar,0,38,63,0,101,0,0,66,0,66,0,38,129,0,167,164,0,164,331
04/13/2023,ORL,FL,ASO,ES,Towers with Radar,0,32,72,0,104,0,5,76,0,81,0,37,148,0,185,163,0,163,348
04/14/2023,ORL,FL,ASO,ES,Towers with Radar,0,24,90,0,114,0,9,175,0,184,0,33,265,0,298,291,0,291,589
04/15/2023,ORL,FL,ASO,ES,Towers with Radar,0,15,56,0,71,0,7,139,0,146,0,22,195,0,217,276,0,276,493
04/16/2023,ORL,FL,ASO,ES,Towers with Radar,0,34,70,0,104,0,7,107,0,114,0,41,177,0,218,132,0,132,350
04/17/2023,ORL,FL,ASO,ES,Towers with Radar,0,35,74,0,109,0,8,49,0,57,0,43,123,0,166,148,0,148,314
04/18/2023,ORL,FL,ASO,ES,Towers with Radar,0,44,71,0,115,0,7,224,0,231,0,51,295,0,346,349,0,349,695
04/19/2023,ORL,FL,ASO,ES,Towers with Radar,0,43,119,0,162,0,8,196,0,204,0,51,315,0,366,300,0,300,666
04/20/2023,ORL,FL,ASO,ES,Towers with Radar,0,38,88,2,128,0,10,181,0,191,0,48,269,2,319,260,0,260,579
04/21/2023,ORL,FL,ASO,ES,Towers with Radar,0,38,108,0,146,0,7,179,0,186,0,45,287,0,332,278,0,278,610
04/22/2023,ORL,FL,ASO,ES,Towers with Radar,0,23,46,0,69,0,8,120,0,128,0,31,166,0,197,303,0,303,500
04/23/2023,ORL,FL,ASO,ES,Towers with Radar,0,40,80,0,120,0,2,169,0,171,0,42,249,0,291,176,0,176,467
04/24/2023,ORL,FL,ASO,ES,Towers with Radar,0,14,48,0,62,0,2,96,0,98,0,16,144,0,160,168,0,168,328
04/25/2023,ORL,FL,ASO,ES,Towers with Radar,0,30,75,0,105,0,2,117,0,119,0,32,192,0,224,238,0,238,462
04/26/2023,ORL,FL,ASO,ES,Towers with Radar,0,37,71,0,108,0,4,134,0,138,0,41,205,0,246,285,0,285,531
04/27/2023,ORL,FL,ASO,ES,Towers with Radar,0,33,79,0,112,0,3,140,0,143,0,36,219,0,255,252,0,252,507
04/28/2023,ORL,FL,ASO,ES,Towers with Radar,0,36,59,0,95,0,9,169,0,178,0,45,228,0,273,307,0,307,580
04/29/2023,ORL,FL,ASO,ES,Towers with Radar,0,19,54,0,73,0,4,108,0,112,0,23,162,0,185,211,0,211,396
04/30/2023,ORL,FL,ASO,ES,Towers with Radar,0,25,45,0,70,0,2,10,0,12,0,27,55,0,82,13,0,13,95
05/01/2023,ORL,FL,ASO,ES,Towers with Radar,0,38,67,0,105,0,21,172,1,194,0,59,239,1,299,312,0,312,611
05/02/2023,ORL,FL,ASO,ES,Towers with Radar,0,41,70,0,111,0,4,200,0,204,0,45,270,0,315,188,0,188,503
05/03/2023,ORL,FL,ASO,ES,Towers with Radar,0,42,75,0,117,0,3,184,0,187,0,45,259,0,304,228,0,228,532
05/04/2023,ORL,FL,ASO,ES,Towers with Radar,0,38,93,0,131,0,7,231,0,238,0,45,324,0,369,274,0,274,643
05/05/2023,ORL,FL,ASO,ES,Towers with Radar,0,23,95,0,118,0,10,148,1,159,0,33,243,1,277,251,0,251,528
05/06/2023,ORL,FL,ASO,ES,Towers with Radar,0,17,54,0,71,0,3,91,0,94,0,20,145,0,165,172,0,172,337
05/07/2023,ORL,FL,ASO,ES,Towers with Radar,0,31,76,0,107,0,3,107,0,110,0,34,183,0,217,188,0,188,405
05/08/2023,ORL,FL,ASO,ES,Towers with Radar,1,40,59,0,100,0,6,179,0,185,1,46,238,0,285,317,0,317,602
05/09/2023,ORL,FL,ASO,ES,Towers with Radar,0,36,59,2,97,0,11,220,0,231,0,47,279,2,328,294,0,294,622
05/10/2023,ORL,FL,ASO,ES,Towers with Radar,0,49,70,0,119,0,3,168,0,171,0,52,238,0,290,299,0,299,589
05/11/2023,ORL,FL,ASO,ES,Towers with Radar,0,29,71,0,100,0,3,132,0,135,0,32,203,0,235,211,0,211,446
05/12/2023,ORL,FL,ASO,ES,Towers with Radar,0,26,60,0,86,0,6,156,0,162,0,32,216,0,248,317,0,317,565
05/13/2023,ORL,FL,ASO,ES,Towers with Radar,0,35,55,0,90,0,4,113,0,117,0,39,168,0,207,295,0,295,502
05/14/2023,ORL,FL,ASO,ES,Towers with Radar,0,39,59,0,98,0,9,109,0,118,0,48,168,0,216,295,0,295,511
05/15/2023,ORL,FL,ASO,ES,Towers with Radar,0,44,68,0,112,0,5,179,0,184,0,49,247,0,296,343,0,343,639
05/16/2023,ORL,FL,ASO,ES,Towers with Radar,0,42,63,2,107,0,4,193,0,197,0,46,256,2,304,334,0,334,638
05/17/2023,ORL,FL,ASO,ES,Towers with Radar,0,24,73,0,97,0,3,164,0,167,0,27,237,0,264,256,0,256,520
05/18/2023,ORL,FL,ASO,ES,Towers with Radar,0,29,84,0,113,0,4,177,0,181,0,33,261,0,294,300,0,300,594
05/19/2023,ORL,FL,ASO,ES,Towers with Radar,0,32,55,0,87,0,1,161,0,162,0,33,216,0,249,193,0,193,442
05/20/2023,ORL,FL,ASO,ES,Towers with Radar,0,28,51,0,79,0,0,93,0,93,0,28,144,0,172,182,0,182,354
05/21/2023,ORL,FL,ASO,ES,Towers with Radar,0,45,58,0,103,0,1,128,0,129,0,46,186,0,232,283,0,283,515
05/22/2023,ORL,FL,ASO,ES,Towers with Radar,0,41,72,0,113,0,3,107,0,110,0,44,179,0,223,219,0,219,442
05/23/2023,ORL,FL,ASO,ES,Towers with Radar,0,29,69,0,98,0,0,69,0,69,0,29,138,0,167,171,0,171,338
05/24/2023,ORL,FL,ASO,ES,Towers with Radar,0,24,92,0,116,0,1,59,0,60,0,25,151,0,176,157,0,157,333
05/25/2023,ORL,FL,ASO,ES,Towers with Radar,0,37,87,0,124,0,0,72,0,72,0,37,159,0,196,192,0,192,388
05/26/2023,ORL,FL,ASO,ES,Towers with Radar,0,41,89,0,130,0,3,82,0,85,0,44,171,0,215,140,0,140,355
05/27/2023,ORL,FL,ASO,ES,Towers with Radar,0,30,48,0,78,0,8,150,0,158,0,38,198,0,236,175,0,175,411
05/28/2023,ORL,FL,ASO,ES,Towers with Radar,0,20,33,0,53,0,7,135,0,142,0,27,168,0,195,315,0,315,510
05/29/2023,ORL,FL,ASO,ES,Towers with Radar,0,46,58,0,104,0,0,122,0,122,0,46,180,0,226,266,0,266,492
05/30/2023,ORL,FL,ASO,ES,Towers with Radar,0,44,105,0,149,0,6,197,0,203,0,50,302,0,352,291,0,291,643
05/31/2023,ORL,FL,ASO,ES,Towers with Radar,0,42,85,0,127,0,4,143,0,147,0,46,228,0,274,272,0,272,546
06/01/2023,ORL,FL,ASO,ES,Towers with Radar,0,23,52,0,75,0,6,121,0,127,0,29,173,0,202,330,0,330,532
06/02/2023,ORL,FL,ASO,ES,Towers with Radar,0,36,66,0,102,0,1,146,0,147,0,37,212,0,249,343,0,343,592
06/03/2023,ORL,FL,ASO,ES,Towers with Radar,0,19,43,0,62,0,0,28,0,28,0,19,71,0,90,248,0,248,338
06/04/2023,ORL,FL,ASO,ES,Towers with Radar,0,34,66,0,100,0,0,76,0,76,0,34,142,0,176,153,0,153,329
06/05/2023,ORL,FL,ASO,ES,Towers with Radar,0,34,64,0,98,0,6,126,0,132,0,40,190,0,230,449,0,449,679
06/06/2023,ORL,FL,ASO,ES,Towers with Radar,0,31,60,0,91,0,4,198,0,202,0,35,258,0,293,514,0,514,807
06/07/2023,ORL,FL,ASO,ES,Towers with Radar,0,27,85,0,112,0,1,118,0,119,0,28,203,0,231,374,0,374,605
06/08/2023,ORL,FL,ASO,ES,Towers with Radar,0,27,71,0,98,0,0,135,0,135,0,27,206,0,233,267,0,267,500
06/09/2023,ORL,FL,ASO,ES,Towers with Radar,0,32,66,0,98,0,1,157,0,158,0,33,223,0,256,142,0,142,398
06/10/2023,ORL,FL,ASO,ES,Towers with Radar,0,13,38,0,51,0,3,156,0,159,0,16,194,0,210,246,0,246,456
06/11/2023,ORL,FL,ASO,ES,Towers with Radar,0,32,57,0,89,0,6,123,0,129,0,38,180,0,218,229,0,229,447
06/12/2023,ORL,FL,ASO,ES,Towers with Radar,0,26,53,0,79,0,13,166,0,179,0,39,219,0,258,280,0,280,538
06/13/2023,ORL,FL,ASO,ES,Towers with Radar,0,24,72,0,96,0,10,200,0,210,0,34,272,0,306,294,0,294,600
06/14/2023,ORL,FL,ASO,ES,Towers with Radar,0,18,87,0,105,0,6,214,0,220,0,24,301,0,325,235,0,235,560
06/15/2023,ORL,FL,ASO,ES,Towers with Radar,0,43,89,0,132,0,6,151,1,158,0,49,240,1,290,193,0,193,483
06/16/2023,ORL,FL,ASO,ES,Towers with Radar,0,21,84,0,105,0,3,140,0,143,0,24,224,0,248,210,0,210,458
06/17/2023,ORL,FL,ASO,ES,Towers with Radar,0,14,37,0,51,0,2,35,0,37,0,16,72,0,88,73,0,73,161
06/18/2023,ORL,FL,ASO,ES,Towers with Radar,0,11,57,0,68,0,4,99,0,103,0,15,156,0,171,219,0,219,390
06/19/2023,ORL,FL,ASO,ES,Towers with Radar,0,22,68,0,90,0,7,204,0,211,0,29,272,0,301,297,0,297,598
06/20/2023,ORL,FL,ASO,ES,Towers with Radar,0,22,56,0,78,0,0,66,0,66,0,22,122,0,144,136,0,136,280
06/21/2023,ORL,FL,ASO,ES,Towers with Radar,0,16,51,2,69,0,4,46,0,50,0,20,97,2,119,116,0,116,235
06/22/2023,ORL,FL,ASO,ES,Towers with Radar,0,20,59,0,79,0,5,119,0,124,0,25,178,0,203,216,0,216,419
06/23/2023,ORL,FL,ASO,ES,Towers with Radar,0,25,65,0,90,0,2,105,0,107,0,27,170,0,197,157,0,157,354
06/24/2023,ORL,FL,ASO,ES,Towers with Radar,0,12,45,0,57,0,6,134,0,140,0,18,179,0,197,127,0,127,324
06/25/2023,ORL,FL,ASO,ES,Towers with Radar,0,35,50,0,85,0,7,131,0,138,0,42,181,0,223,318,0,318,541
06/26/2023,ORL,FL,ASO,ES,Towers with Radar,0,27,42,0,69,0,17,150,0,167,0,44,192,0,236,421,0,421,657
06/27/2023,ORL,FL,ASO,ES,Towers with Radar,0,35,60,0,95,0,4,179,0,183,0,39,239,0,278,349,0,349,627
06/28/2023,ORL,FL,ASO,ES,Towers with Radar,0,29,80,0,109,0,6,107,0,113,0,35,187,0,222,229,0,229,451
06/29/2023,ORL,FL,ASO,ES,Towers with Radar,0,25,80,0,105,0,8,180,0,188,0,33,260,0,293,335,0,335,628
06/30/2023,ORL,FL,ASO,ES,Towers with Radar,0,29,86,0,115,0,11,187,0,198,0,40,273,0,313,294,0,294,607
07/01/2023,ORL,FL,ASO,ES,Towers with Radar,0,22,47,0,69,0,8,125,0,133,0,30,172,0,202,285,0,285,487
07/02/2023,ORL,FL,ASO,ES,Towers with Radar,0,20,39,0,59,0,12,120,0,132,0,32,159,0,191,208,0,208,399
07/03/2023,ORL,FL,ASO,ES,Towers with Radar,0,14,33,0,47,0,2,125,0,127,0,16,158,0,174,346,0,346,520
07/04/2023,ORL,FL,ASO,ES,Towers with Radar,0,13,26,0,39,0,4,78,0,82,0,17,104,0,121,158,0,158,279
07/05/2023,ORL,FL,ASO,ES,Towers with Radar,0,28,55,0,83,0,4,123,0,127,0,32,178,0,210,229,0,229,439
07/06/2023,ORL,FL,ASO,ES,Towers with Radar,0,26,51,0,77,0,4,144,0,148,0,30,195,0,225,467,0,467,692
07/07/2023,ORL,FL,ASO,ES,Towers with Radar,0,18,41,0,59,0,2,134,0,136,0,20,175,0,195,326,0,326,521
07/08/2023,ORL,FL,ASO,ES,Towers with Radar,0,13,33,0,46,0,2,52,0,54,0,15,85,0,100,212,0,212,312
07/09/2023,ORL,FL,ASO,ES,Towers with Radar,0,24,55,0,79,0,2,143,0,145,0,26,198,0,224,318,0,318,542
07/10/2023,ORL,FL,ASO,ES,Towers with Radar,0,26,43,0,69,0,5,153,0,158,0,31,196,0,227,255,0,255,482
07/11/2023,ORL,FL,ASO,ES,Towers with Radar,0,19,53,0,72,0,3,115,0,118,0,22,168,0,190,219,0,219,409
07/12/2023,ORL,FL,ASO,ES,Towers with Radar,0,24,64,0,88,0,7,138,0,145,0,31,202,0,233,308,0,308,541
07/13/2023,ORL,FL,ASO,ES,Towers with Radar,0,26,54,0,80,0,2,180,0,182,0,28,234,0,262,382,0,382,644
07/14/2023,ORL,FL,ASO,ES,Towers with Radar,0,27,72,0,99,0,3,140,0,143,0,30,212,0,242,242,0,242,484
07/15/2023,ORL,FL,ASO,ES,Towers with Radar,0,26,41,0,67,0,4,144,0,148,0,30,185,0,215,167,0,167,382
07/16/2023,ORL,FL,ASO,ES,Towers with Radar,0,30,67,0,97,0,0,84,0,84,0,30,151,0,181,127,0,127,308
07/17/2023,ORL,FL,ASO,ES,Towers with Radar,0,29,53,0,82,0,4,127,0,131,0,33,180,0,213,184,0,184,397
07/18/2023,ORL,FL,ASO,ES,Towers with Radar,0,28,74,0,102,0,3,164,0,167,0,31,238,0,269,326,0,326,595
07/19/2023,ORL,FL,ASO,ES,Towers with Radar,0,29,59,1,89,0,6,203,0,209,0,35,262,1,298,303,0,303,601
07/20/2023,ORL,FL,ASO,ES,Towers with Radar,0,24,65,0,89,0,6,170,1,177,0,30,235,1,266,321,0,321,587
07/21/2023,ORL,FL,ASO,ES,Towers with Radar,0,44,62,0,106,0,10,221,0,231,0,54,283,0,337,316,0,316,653
07/22/2023,ORL,FL,ASO,ES,Towers with Radar,0,19,61,1,81,0,6,152,1,159,0,25,213,2,240,171,0,171,411
07/23/2023,ORL,FL,ASO,ES,Towers with Radar,0,20,45,0,65,0,3,107,0,110,0,23,152,0,175,241,0,241,416
07/24/2023,ORL,FL,ASO,ES,Towers with Radar,0,22,43,0,65,0,4,95,0,99,0,26,138,0,164,190,0,190,354
07/25/2023,ORL,FL,ASO,ES,Towers with Radar,0,28,60,0,88,0,7,150,0,157,0,35,210,0,245,392,0,392,637
07/26/2023,ORL,FL,ASO,ES,Towers with Radar,0,26,50,0,76,0,4,174,0,178,0,30,224,0,254,261,0,261,515
07/27/2023,ORL,FL,ASO,ES,Towers with Radar,0,20,83,0,103,0,2,134,0,136,0,22,217,0,239,333,0,333,572
07/28/2023,ORL,FL,ASO,ES,Towers with Radar,0,15,55,0,70,0,5,151,1,157,0,20,206,1,227,319,0,319,546
07/29/2023,ORL,FL,ASO,ES,Towers with Radar,0,20,49,0,69,0,0,118,0,118,0,20,167,0,187,220,0,220,407
07/30/2023,ORL,FL,ASO,ES,Towers with Radar,0,22,53,0,75,0,1,99,0,100,0,23,152,0,175,175,0,175,350
07/31/2023,ORL,FL,ASO,ES,Towers with Radar,0,23,51,0,74,0,2,120,0,122,0,25,171,0,196,224,0,224,420
08/01/2023,ORL,FL,ASO,ES,Towers with Radar,0,25,48,0,73,0,8,176,0,184,0,33,224,0,257,379,0,379,636
08/02/2023,ORL,FL,ASO,ES,Towers with Radar,0,21,72,0,93,0,6,152,0,158,0,27,224,0,251,314,0,314,565
08/03/2023,ORL,FL,ASO,ES,Towers with Radar,0,19,73,2,94,0,6,160,1,167,0,25,233,3,261,266,0,266,527
08/04/2023,ORL,FL,ASO,ES,Towers with Radar,0,19,76,0,95,0,7,167,0,174,0,26,243,0,269,212,0,212,481
08/05/2023,ORL,FL,ASO,ES,Towers with Radar,0,12,41,0,53,0,5,142,0,147,0,17,183,0,200,269,0,269,469
08/06/2023,ORL,FL,ASO,ES,Towers with Radar,0,26,63,0,89,0,3,105,0,108,0,29,168,0,197,280,0,280,477
08/07/2023,ORL,FL,ASO,ES,Towers with Radar,0,23,68,0,91,0,8,164,0,172,0,31,232,0,263,325,0,325,588
08/08/2023,ORL,FL,ASO,ES,Towers with Radar,0,31,63,0,94,0,7,148,0,155,0,38,211,0,249,282,0,282,531
08/09/2023,ORL,FL,ASO,ES,Towers with Radar,0,37,61,0,98,0,4,181,0,185,0,41,242,0,283,343,0,343,626
08/10/2023,ORL,FL,ASO,ES,Towers with Radar,0,29,50,0,79,0,3,152,0,155,0,32,202,0,234,296,0,296,530
08/11/2023,ORL,FL,ASO,ES,Towers with Radar,0,28,71,0,99,0,14,193,0,207,0,42,264,0,306,272,0,272,578
08/12/2023,ORL,FL,ASO,ES,Towers with Radar,0,23,31,0,54,0,9,132,0,141,0,32,163,0,195,221,0,221,416
08/13/2023,ORL,FL,ASO,ES,Towers with Radar,0,20,54,0,74,0,9,120,0,129,0,29,174,0,203,223,0,223,426
08/14/2023,ORL,FL,ASO,ES,Towers with Radar,0,26,63,0,89,0,0,133,0,133,0,26,196,0,222,226,0,226,448
08/15/2023,ORL,FL,ASO,ES,Towers with Radar,0,27,68,0,95,0,10,171,0,181,0,37,239,0,276,184,0,184,460
08/16/2023,ORL,FL,ASO,ES,Towers with Radar,0,29,60,0,89,0,0,131,0,131,0,29,191,0,220,268,0,268,488
08/17/2023,ORL,FL,ASO,ES,Towers with Radar,0,25,52,0,77,0,3,142,0,145,0,28,194,0,222,307,0,307,529
08/18/2023,ORL,FL,ASO,ES,Towers with Radar,0,19,62,0,81,0,8,173,0,181,0,27,235,0,262,315,0,315,577
08/19/2023,ORL,FL,ASO,ES,Towers with Radar,0,19,58,0,77,0,7,164,0,171,0,26,222,0,248,234,0,234,482
08/20/2023,ORL,FL,ASO,ES,Towers with Radar,0,17,66,0,83,0,4,59,0,63,0,21,125,0,146,116,0,116,262
08/21/2023,ORL,FL,ASO,ES,Towers with Radar,0,24,59,0,83,0,7,163,2,172,0,31,222,2,255,356,0,356,611
08/22/2023,ORL,FL,ASO,ES,Towers with Radar,0,30,64,0,94,0,7,189,0,196,0,37,253,0,290,292,0,292,582
08/23/2023,ORL,FL,ASO,ES,Towers with Radar,0,35,83,2,120,0,7,200,0,207,0,42,283,2,327,313,0,313,640
08/24/2023,ORL,FL,ASO,ES,Towers with Radar,0,33,54,0,87,0,4,145,0,149,0,37,199,0,236,375,0,375,611
08/25/2023,ORL,FL,ASO,ES,Towers with Radar,0,34,43,0,77,0,9,204,0,213,0,43,247,0,290,245,0,245,535
08/26/2023,ORL,FL,ASO,ES,Towers with Radar,0,29,43,0,72,0,5,147,0,152,0,34,190,0,224,231,0,231,455
08/27/2023,ORL,FL,ASO,ES,Towers with Radar,0,28,64,0,92,0,12,132,0,144,0,40,196,0,236,216,0,216,452
08/28/2023,ORL,FL,ASO,ES,Towers with Radar,0,23,77,0,100,0,2,112,0,114,0,25,189,0,214,229,0,229,443
08/29/2023,ORL,FL,ASO,ES,Towers with Radar,0,12,25,0,37,0,5,55,0,60,0,17,80,0,97,64,0,64,161
08/30/2023,ORL,FL,ASO,ES,Towers with Radar,0,2,4,0,6,0,0,0,0,0,0,2,4,0,6,0,0,0,6
08/31/2023,ORL,FL,ASO,ES,Towers with Radar,0,22,65,2,89,0,2,57,0,59,0,24,122,2,148,150,0,150,298
