01/01/2020,OSU,OH,AGL,CE,Federal Contract Tower,0,5,11,0,16,0,0,53,0,53,0,5,64,0,69,12,0,12,81
01/02/2020,OSU,OH,AGL,CE,Federal Contract Tower,0,12,7,0,19,0,2,59,0,61,0,14,66,0,80,14,0,14,94
01/03/2020,OSU,OH,AGL,CE,Federal Contract Tower,0,9,13,0,22,0,0,0,0,0,0,9,13,0,22,0,0,0,22
01/04/2020,OSU,OH,AGL,CE,Federal Contract Tower,0,6,8,0,14,0,0,1,0,1,0,6,9,0,15,0,0,0,15
01/05/2020,OSU,OH,AGL,CE,Federal Contract Tower,0,1,21,0,22,0,3,68,0,71,0,4,89,0,93,32,0,32,125
01/06/2020,OSU,OH,AGL,CE,Federal Contract Tower,0,6,10,0,16,0,8,71,0,79,0,14,81,0,95,58,0,58,153
01/07/2020,OSU,OH,AGL,CE,Federal Contract Tower,0,5,13,0,18,0,76,89,0,165,0,81,102,0,183,410,0,410,593
01/08/2020,OSU,OH,AGL,CE,Federal Contract Tower,0,7,30,0,37,0,33,63,0,96,0,40,93,0,133,30,0,30,163
01/09/2020,OSU,OH,AGL,CE,Federal Contract Tower,0,6,20,0,26,0,48,61,0,109,0,54,81,0,135,48,0,48,183
01/10/2020,OSU,OH,AGL,CE,Federal Contract Tower,0,10,12,0,22,0,0,7,0,7,0,10,19,0,29,14,0,14,43
01/11/2020,OSU,OH,AGL,CE,Federal Contract Tower,0,3,4,0,7,0,0,4,0,4,0,3,8,0,11,2,0,2,13
01/12/2020,OSU,OH,AGL,CE,Federal Contract Tower,0,2,22,0,24,0,0,33,0,33,0,2,55,0,57,106,0,106,163
01/13/2020,OSU,OH,AGL,CE,Federal Contract Tower,0,2,15,0,17,0,64,77,0,141,0,66,92,0,158,369,0,369,527
01/14/2020,OSU,OH,AGL,CE,Federal Contract Tower,0,19,18,0,37,0,21,24,0,45,0,40,42,0,82,14,0,14,96
01/15/2020,OSU,OH,AGL,CE,Federal Contract Tower,0,3,12,0,15,0,1,0,0,1,0,4,12,0,16,0,0,0,16
01/16/2020,OSU,OH,AGL,CE,Federal Contract Tower,0,8,23,0,31,0,2,32,0,34,0,10,55,0,65,0,0,0,65
01/17/2020,OSU,OH,AGL,CE,Federal Contract Tower,0,12,22,0,34,0,102,81,0,183,0,114,103,0,217,194,2,196,413
01/18/2020,OSU,OH,AGL,CE,Federal Contract Tower,0,1,4,0,5,0,0,0,0,0,0,1,4,0,5,0,0,0,5
01/19/2020,OSU,OH,AGL,CE,Federal Contract Tower,0,5,6,0,11,0,0,15,0,15,0,5,21,0,26,26,0,26,52
01/20/2020,OSU,OH,AGL,CE,Federal Contract Tower,0,3,21,0,24,0,0,68,0,68,0,3,89,0,92,30,0,30,122
01/21/2020,OSU,OH,AGL,CE,Federal Contract Tower,0,9,18,0,27,0,126,92,0,218,0,135,110,0,245,310,0,310,555
01/22/2020,OSU,OH,AGL,CE,Federal Contract Tower,0,11,27,0,38,0,83,71,0,154,0,94,98,0,192,156,0,156,348
01/23/2020,OSU,OH,AGL,CE,Federal Contract Tower,0,9,27,0,36,0,135,120,0,255,0,144,147,0,291,316,0,316,607
01/24/2020,OSU,OH,AGL,CE,Federal Contract Tower,0,7,6,0,13,0,0,2,0,2,0,7,8,0,15,6,0,6,21
01/25/2020,OSU,OH,AGL,CE,Federal Contract Tower,0,6,7,0,13,0,0,0,0,0,0,6,7,0,13,0,0,0,13
01/26/2020,OSU,OH,AGL,CE,Federal Contract Tower,0,2,13,0,15,0,0,18,0,18,0,2,31,0,33,44,0,44,77
01/27/2020,OSU,OH,AGL,CE,Federal Contract Tower,0,8,14,0,22,0,0,8,0,8,0,8,22,0,30,38,0,38,68
01/28/2020,OSU,OH,AGL,CE,Federal Contract Tower,0,11,19,0,30,0,3,27,0,30,0,14,46,0,60,56,0,56,116
01/29/2020,OSU,OH,AGL,CE,Federal Contract Tower,0,10,24,0,34,0,98,67,0,165,0,108,91,0,199,334,0,334,533
01/30/2020,OSU,OH,AGL,CE,Federal Contract Tower,0,17,14,0,31,0,85,82,2,169,0,102,96,2,200,302,0,302,502
01/31/2020,OSU,OH,AGL,CE,Federal Contract Tower,0,6,12,0,18,0,19,15,0,34,0,25,27,0,52,50,0,50,102
02/01/2020,OSU,OH,AGL,CE,Federal Contract Tower,0,4,7,0,11,0,0,4,0,4,0,4,11,0,15,0,0,0,15
02/02/2020,OSU,OH,AGL,CE,Federal Contract Tower,0,5,5,0,10,0,5,30,0,35,0,10,35,0,45,22,0,22,67
02/03/2020,OSU,OH,AGL,CE,Federal Contract Tower,0,4,13,0,17,0,91,127,0,218,0,95,140,0,235,98,0,98,333
02/04/2020,OSU,OH,AGL,CE,Federal Contract Tower,0,7,24,0,31,0,0,2,0,2,0,7,26,0,33,0,0,0,33
02/05/2020,OSU,OH,AGL,CE,Federal Contract Tower,0,12,15,0,27,0,86,65,0,151,0,98,80,0,178,180,0,180,358
02/06/2020,OSU,OH,AGL,CE,Federal Contract Tower,0,3,5,0,8,0,0,0,0,0,0,3,5,0,8,0,0,0,8
02/07/2020,OSU,OH,AGL,CE,Federal Contract Tower,0,4,7,0,11,0,2,24,0,26,0,6,31,0,37,4,0,4,41
02/08/2020,OSU,OH,AGL,CE,Federal Contract Tower,0,1,3,0,4,0,0,2,0,2,0,1,5,0,6,0,0,0,6
02/09/2020,OSU,OH,AGL,CE,Federal Contract Tower,0,8,10,0,18,0,13,75,0,88,0,21,85,0,106,56,0,56,162
02/10/2020,OSU,OH,AGL,CE,Federal Contract Tower,5,25,0,0,30,0,0,0,0,0,5,25,0,0,30,0,0,0,30
02/11/2020,OSU,OH,AGL,CE,Federal Contract Tower,0,10,24,0,34,0,50,84,0,134,0,60,108,0,168,280,6,286,454
02/12/2020,OSU,OH,AGL,CE,Federal Contract Tower,0,7,15,0,22,0,64,64,0,128,0,71,79,0,150,164,0,164,314
02/13/2020,OSU,OH,AGL,CE,Federal Contract Tower,0,11,15,0,26,0,0,3,0,3,0,11,18,0,29,0,0,0,29
02/14/2020,OSU,OH,AGL,CE,Federal Contract Tower,0,14,12,0,26,0,104,74,0,178,0,118,86,0,204,236,0,236,440
02/15/2020,OSU,OH,AGL,CE,Federal Contract Tower,0,6,12,0,18,0,47,96,0,143,0,53,108,0,161,90,0,90,251
02/16/2020,OSU,OH,AGL,CE,Federal Contract Tower,0,7,11,0,18,0,28,107,0,135,0,35,118,0,153,104,0,104,257
02/17/2020,OSU,OH,AGL,CE,Federal Contract Tower,0,16,24,0,40,0,122,89,0,211,0,138,113,0,251,252,0,252,503
02/18/2020,OSU,OH,AGL,CE,Federal Contract Tower,0,18,23,0,41,0,1,15,0,16,0,19,38,0,57,0,0,0,57
02/19/2020,OSU,OH,AGL,CE,Federal Contract Tower,0,10,16,0,26,0,122,132,2,256,0,132,148,2,282,118,0,118,400
02/20/2020,OSU,OH,AGL,CE,Federal Contract Tower,0,17,23,0,40,0,119,96,0,215,0,136,119,0,255,222,0,222,477
02/21/2020,OSU,OH,AGL,CE,Federal Contract Tower,0,20,32,0,52,0,144,129,0,273,0,164,161,0,325,250,0,250,575
02/22/2020,OSU,OH,AGL,CE,Federal Contract Tower,0,14,11,0,25,0,74,107,0,181,0,88,118,0,206,140,0,140,346
02/23/2020,OSU,OH,AGL,CE,Federal Contract Tower,0,9,15,0,24,0,21,109,0,130,0,30,124,0,154,22,0,22,176
02/24/2020,OSU,OH,AGL,CE,Federal Contract Tower,0,9,21,0,30,0,13,22,0,35,0,22,43,0,65,162,0,162,227
02/25/2020,OSU,OH,AGL,CE,Federal Contract Tower,0,12,5,0,17,0,0,0,0,0,0,12,5,0,17,0,0,0,17
02/26/2020,OSU,OH,AGL,CE,Federal Contract Tower,0,3,16,0,19,0,0,0,0,0,0,3,16,0,19,0,0,0,19
02/27/2020,OSU,OH,AGL,CE,Federal Contract Tower,0,8,15,0,23,0,0,10,0,10,0,8,25,0,33,0,0,0,33
02/28/2020,OSU,OH,AGL,CE,Federal Contract Tower,0,12,32,0,44,0,55,57,0,112,0,67,89,0,156,296,0,296,452
02/29/2020,OSU,OH,AGL,CE,Federal Contract Tower,0,6,14,0,20,0,68,47,0,115,0,74,61,0,135,218,0,218,353
03/01/2020,OSU,OH,AGL,CE,Federal Contract Tower,0,12,11,0,23,0,34,92,0,126,0,46,103,0,149,74,0,74,223
03/02/2020,OSU,OH,AGL,CE,Federal Contract Tower,0,19,10,0,29,0,0,2,0,2,0,19,12,0,31,6,0,6,37
03/03/2020,OSU,OH,AGL,CE,Federal Contract Tower,0,20,23,0,43,0,0,10,0,10,0,20,33,0,53,0,0,0,53
03/04/2020,OSU,OH,AGL,CE,Federal Contract Tower,0,12,32,0,44,0,71,87,0,158,0,83,119,0,202,90,0,90,292
03/05/2020,OSU,OH,AGL,CE,Federal Contract Tower,0,12,20,0,32,0,138,164,0,302,0,150,184,0,334,492,0,492,826
03/06/2020,OSU,OH,AGL,CE,Federal Contract Tower,0,8,21,0,29,0,0,5,0,5,0,8,26,0,34,0,0,0,34
03/07/2020,OSU,OH,AGL,CE,Federal Contract Tower,0,8,12,0,20,0,36,116,0,152,0,44,128,0,172,332,0,332,504
03/08/2020,OSU,OH,AGL,CE,Federal Contract Tower,0,5,20,0,25,0,17,135,0,152,0,22,155,0,177,14,0,14,191
03/09/2020,OSU,OH,AGL,CE,Federal Contract Tower,0,5,11,0,16,0,0,30,0,30,0,5,41,0,46,12,0,12,58
03/10/2020,OSU,OH,AGL,CE,Federal Contract Tower,0,5,15,0,20,0,0,10,0,10,0,5,25,0,30,0,0,0,30
03/11/2020,OSU,OH,AGL,CE,Federal Contract Tower,0,9,21,0,30,0,3,21,0,24,0,12,42,0,54,76,0,76,130
03/12/2020,OSU,OH,AGL,CE,Federal Contract Tower,0,11,13,0,24,0,32,79,2,113,0,43,92,2,137,252,0,252,389
03/13/2020,OSU,OH,AGL,CE,Federal Contract Tower,0,12,12,0,24,0,6,52,0,58,0,18,64,0,82,36,0,36,118
03/14/2020,OSU,OH,AGL,CE,Federal Contract Tower,0,5,14,0,19,0,1,29,0,30,0,6,43,0,49,46,0,46,95
03/15/2020,OSU,OH,AGL,CE,Federal Contract Tower,0,6,24,0,30,0,4,66,0,70,0,10,90,0,100,86,0,86,186
03/16/2020,OSU,OH,AGL,CE,Federal Contract Tower,0,10,19,0,29,0,68,82,0,150,0,78,101,0,179,276,0,276,455
03/17/2020,OSU,OH,AGL,CE,Federal Contract Tower,0,10,9,0,19,0,21,19,0,40,0,31,28,0,59,190,0,190,249
03/18/2020,OSU,OH,AGL,CE,Federal Contract Tower,0,6,3,0,9,0,38,39,0,77,0,44,42,0,86,226,0,226,312
03/19/2020,OSU,OH,AGL,CE,Federal Contract Tower,0,11,8,0,19,0,0,0,0,0,0,11,8,0,19,0,0,0,19
03/20/2020,OSU,OH,AGL,CE,Federal Contract Tower,0,3,9,0,12,0,0,15,0,15,0,3,24,0,27,12,0,12,39
03/21/2020,OSU,OH,AGL,CE,Federal Contract Tower,0,3,2,0,5,0,0,32,0,32,0,3,34,0,37,8,0,8,45
03/22/2020,OSU,OH,AGL,CE,Federal Contract Tower,0,1,2,0,3,0,0,49,0,49,0,1,51,0,52,14,0,14,66
03/23/2020,OSU,OH,AGL,CE,Federal Contract Tower,0,3,2,0,5,0,0,10,0,10,0,3,12,0,15,0,0,0,15
03/24/2020,OSU,OH,AGL,CE,Federal Contract Tower,0,4,3,0,7,0,3,22,0,25,0,7,25,0,32,6,0,6,38
03/25/2020,OSU,OH,AGL,CE,Federal Contract Tower,0,4,2,0,6,0,0,51,0,51,0,4,53,0,57,36,0,36,93
03/26/2020,OSU,OH,AGL,CE,Federal Contract Tower,0,10,5,0,15,0,3,55,0,58,0,13,60,0,73,6,0,6,79
03/27/2020,OSU,OH,AGL,CE,Federal Contract Tower,0,10,5,0,15,0,0,4,0,4,0,10,9,0,19,0,0,0,19
03/28/2020,OSU,OH,AGL,CE,Federal Contract Tower,0,5,3,0,8,0,0,10,0,10,0,5,13,0,18,0,0,0,18
03/29/2020,OSU,OH,AGL,CE,Federal Contract Tower,0,2,7,0,9,0,0,15,0,15,0,2,22,0,24,0,0,0,24
03/30/2020,OSU,OH,AGL,CE,Federal Contract Tower,0,3,2,0,5,0,0,17,0,17,0,3,19,0,22,0,0,0,22
03/31/2020,OSU,OH,AGL,CE,Federal Contract Tower,0,6,8,0,14,0,0,20,0,20,0,6,28,0,34,6,0,6,40
04/01/2020,OSU,OH,AGL,CE,Federal Contract Tower,0,7,3,0,10,0,0,14,0,14,0,7,17,0,24,14,0,14,38
04/02/2020,OSU,OH,AGL,CE,Federal Contract Tower,0,6,6,0,12,0,0,46,0,46,0,6,52,0,58,30,0,30,88
04/03/2020,OSU,OH,AGL,CE,Federal Contract Tower,0,5,9,0,14,0,0,61,0,61,0,5,70,0,75,2,0,2,77
04/04/2020,OSU,OH,AGL,CE,Federal Contract Tower,0,4,4,0,8,0,0,37,0,37,0,4,41,0,45,44,0,44,89
04/05/2020,OSU,OH,AGL,CE,Federal Contract Tower,0,0,7,0,7,0,0,4,0,4,0,0,11,0,11,12,0,12,23
04/06/2020,OSU,OH,AGL,CE,Federal Contract Tower,0,4,7,0,11,0,25,43,0,68,0,29,50,0,79,54,0,54,133
04/07/2020,OSU,OH,AGL,CE,Federal Contract Tower,0,4,2,0,6,0,0,9,0,9,0,4,11,0,15,0,0,0,15
04/08/2020,OSU,OH,AGL,CE,Federal Contract Tower,0,5,9,0,14,0,4,28,0,32,0,9,37,0,46,4,0,4,50
04/09/2020,OSU,OH,AGL,CE,Federal Contract Tower,0,8,0,0,8,0,1,15,0,16,0,9,15,0,24,0,0,0,24
04/10/2020,OSU,OH,AGL,CE,Federal Contract Tower,0,3,1,0,4,0,0,19,0,19,0,3,20,0,23,4,0,4,27
04/11/2020,OSU,OH,AGL,CE,Federal Contract Tower,0,0,1,0,1,0,2,50,0,52,0,2,51,0,53,16,0,16,69
04/12/2020,OSU,OH,AGL,CE,Federal Contract Tower,0,1,1,0,2,0,0,22,0,22,0,1,23,0,24,0,0,0,24
04/13/2020,OSU,OH,AGL,CE,Federal Contract Tower,0,4,0,0,4,0,0,7,0,7,0,4,7,0,11,0,0,0,11
04/14/2020,OSU,OH,AGL,CE,Federal Contract Tower,0,8,9,0,17,0,34,25,0,59,0,42,34,0,76,0,0,0,76
04/15/2020,OSU,OH,AGL,CE,Federal Contract Tower,0,10,4,0,14,0,0,15,0,15,0,10,19,0,29,8,0,8,37
04/16/2020,OSU,OH,AGL,CE,Federal Contract Tower,0,9,3,0,12,0,0,35,4,39,0,9,38,4,51,0,0,0,51
04/17/2020,OSU,OH,AGL,CE,Federal Contract Tower,0,7,0,0,7,0,0,2,0,2,0,7,2,0,9,0,0,0,9
04/18/2020,OSU,OH,AGL,CE,Federal Contract Tower,0,2,8,0,10,0,0,39,0,39,0,2,47,0,49,26,0,26,75
04/19/2020,OSU,OH,AGL,CE,Federal Contract Tower,0,3,7,0,10,0,0,43,0,43,0,3,50,0,53,0,0,0,53
04/20/2020,OSU,OH,AGL,CE,Federal Contract Tower,0,4,3,0,7,0,0,66,0,66,0,4,69,0,73,14,0,14,87
04/21/2020,OSU,OH,AGL,CE,Federal Contract Tower,0,8,0,0,8,0,0,12,0,12,0,8,12,0,20,0,0,0,20
04/22/2020,OSU,OH,AGL,CE,Federal Contract Tower,0,9,7,0,16,0,4,32,0,36,0,13,39,0,52,0,0,0,52
04/23/2020,OSU,OH,AGL,CE,Federal Contract Tower,0,7,3,1,11,0,0,4,3,7,0,7,7,4,18,12,0,12,30
04/24/2020,OSU,OH,AGL,CE,Federal Contract Tower,0,9,3,0,12,0,0,44,0,44,0,9,47,0,56,18,0,18,74
04/25/2020,OSU,OH,AGL,CE,Federal Contract Tower,0,5,9,0,14,0,0,58,0,58,0,5,67,0,72,0,0,0,72
04/26/2020,OSU,OH,AGL,CE,Federal Contract Tower,0,4,10,0,14,0,0,0,0,0,0,4,10,0,14,0,0,0,14
04/27/2020,OSU,OH,AGL,CE,Federal Contract Tower,0,2,9,0,11,0,0,0,63,63,0,2,9,63,74,8,0,8,82
04/28/2020,OSU,OH,AGL,CE,Federal Contract Tower,0,7,3,0,10,0,1,26,0,27,0,8,29,0,37,8,0,8,45
04/29/2020,OSU,OH,AGL,CE,Federal Contract Tower,0,8,0,0,8,0,0,8,0,8,0,8,8,0,16,14,0,14,30
04/30/2020,OSU,OH,AGL,CE,Federal Contract Tower,0,9,8,0,17,0,0,13,0,13,0,9,21,0,30,0,0,0,30
05/01/2020,OSU,OH,AGL,CE,Federal Contract Tower,0,9,12,0,21,0,0,29,0,29,0,9,41,0,50,6,0,6,56
05/02/2020,OSU,OH,AGL,CE,Federal Contract Tower,0,7,5,0,12,0,0,52,0,52,0,7,57,0,64,18,0,18,82
05/03/2020,OSU,OH,AGL,CE,Federal Contract Tower,0,7,0,0,7,0,0,30,0,30,0,7,30,0,37,0,0,0,37
05/04/2020,OSU,OH,AGL,CE,Federal Contract Tower,0,2,5,0,7,0,0,61,0,61,0,2,66,0,68,6,0,6,74
05/05/2020,OSU,OH,AGL,CE,Federal Contract Tower,0,5,5,0,10,0,0,20,0,20,0,5,25,0,30,6,0,6,36
05/06/2020,OSU,OH,AGL,CE,Federal Contract Tower,0,7,10,0,17,0,0,29,4,33,0,7,39,4,50,10,0,10,60
05/07/2020,OSU,OH,AGL,CE,Federal Contract Tower,0,9,6,0,15,0,8,48,0,56,0,17,54,0,71,64,0,64,135
05/08/2020,OSU,OH,AGL,CE,Federal Contract Tower,0,9,3,0,12,0,6,13,0,19,0,15,16,0,31,24,0,24,55
05/09/2020,OSU,OH,AGL,CE,Federal Contract Tower,0,1,5,0,6,0,21,39,0,60,0,22,44,0,66,14,0,14,80
05/10/2020,OSU,OH,AGL,CE,Federal Contract Tower,0,4,2,0,6,0,8,17,0,25,0,12,19,0,31,0,0,0,31
05/11/2020,OSU,OH,AGL,CE,Federal Contract Tower,0,9,3,0,12,0,21,25,0,46,0,30,28,0,58,102,0,102,160
05/12/2020,OSU,OH,AGL,CE,Federal Contract Tower,0,7,7,0,14,0,68,93,0,161,0,75,100,0,175,182,0,182,357
05/13/2020,OSU,OH,AGL,CE,Federal Contract Tower,0,8,10,0,18,0,49,122,0,171,0,57,132,0,189,156,0,156,345
05/14/2020,OSU,OH,AGL,CE,Federal Contract Tower,0,11,15,0,26,0,0,22,0,22,0,11,37,0,48,0,0,0,48
05/15/2020,OSU,OH,AGL,CE,Federal Contract Tower,0,10,7,0,17,0,4,26,0,30,0,14,33,0,47,26,0,26,73
05/16/2020,OSU,OH,AGL,CE,Federal Contract Tower,0,13,14,0,27,0,22,54,0,76,0,35,68,0,103,74,0,74,177
05/17/2020,OSU,OH,AGL,CE,Federal Contract Tower,0,7,3,0,10,0,19,40,0,59,0,26,43,0,69,46,0,46,115
05/18/2020,OSU,OH,AGL,CE,Federal Contract Tower,0,2,6,0,8,0,6,2,0,8,0,8,8,0,16,32,0,32,48
05/19/2020,OSU,OH,AGL,CE,Federal Contract Tower,0,18,2,0,20,0,0,3,0,3,0,18,5,0,23,16,0,16,39
05/20/2020,OSU,OH,AGL,CE,Federal Contract Tower,0,14,21,0,35,0,4,18,0,22,0,18,39,0,57,14,0,14,71
05/21/2020,OSU,OH,AGL,CE,Federal Contract Tower,0,17,12,0,29,0,3,8,0,11,0,20,20,0,40,0,0,0,40
05/22/2020,OSU,OH,AGL,CE,Federal Contract Tower,0,12,24,0,36,0,38,64,0,102,0,50,88,0,138,144,0,144,282
05/23/2020,OSU,OH,AGL,CE,Federal Contract Tower,0,5,11,0,16,0,58,82,0,140,0,63,93,0,156,162,0,162,318
05/24/2020,OSU,OH,AGL,CE,Federal Contract Tower,0,5,10,0,15,0,15,92,0,107,0,20,102,0,122,20,0,20,142
05/25/2020,OSU,OH,AGL,CE,Federal Contract Tower,0,6,6,0,12,0,0,83,0,83,0,6,89,0,95,42,0,42,137
05/26/2020,OSU,OH,AGL,CE,Federal Contract Tower,0,4,8,0,12,0,134,134,0,268,0,138,142,0,280,292,0,292,572
05/27/2020,OSU,OH,AGL,CE,Federal Contract Tower,0,7,17,0,24,0,122,90,0,212,0,129,107,0,236,226,0,226,462
05/28/2020,OSU,OH,AGL,CE,Federal Contract Tower,0,12,15,0,27,0,2,31,0,33,0,14,46,0,60,6,0,6,66
05/29/2020,OSU,OH,AGL,CE,Federal Contract Tower,0,6,8,2,16,0,0,19,0,19,0,6,27,2,35,18,0,18,53
05/30/2020,OSU,OH,AGL,CE,Federal Contract Tower,0,7,16,0,23,0,41,132,0,173,0,48,148,0,196,148,0,148,344
05/31/2020,OSU,OH,AGL,CE,Federal Contract Tower,0,8,12,0,20,0,54,124,0,178,0,62,136,0,198,128,0,128,326
06/01/2020,OSU,OH,AGL,CE,Federal Contract Tower,0,13,9,0,22,0,109,113,4,226,0,122,122,4,248,402,0,402,650
06/02/2020,OSU,OH,AGL,CE,Federal Contract Tower,0,20,12,0,32,0,73,89,0,162,0,93,101,0,194,74,0,74,268
06/03/2020,OSU,OH,AGL,CE,Federal Contract Tower,0,5,9,0,14,0,58,78,4,140,0,63,87,4,154,128,0,128,282
06/04/2020,OSU,OH,AGL,CE,Federal Contract Tower,0,11,10,0,21,0,2,15,0,17,0,13,25,0,38,16,0,16,54
06/05/2020,OSU,OH,AGL,CE,Federal Contract Tower,0,13,27,0,40,0,28,73,0,101,0,41,100,0,141,290,0,290,431
06/06/2020,OSU,OH,AGL,CE,Federal Contract Tower,0,8,5,0,13,0,38,116,0,154,0,46,121,0,167,140,0,140,307
06/07/2020,OSU,OH,AGL,CE,Federal Contract Tower,0,4,10,0,14,0,35,110,0,145,0,39,120,0,159,188,0,188,347
06/08/2020,OSU,OH,AGL,CE,Federal Contract Tower,0,14,7,0,21,0,143,150,5,298,0,157,157,5,319,360,0,360,679
06/09/2020,OSU,OH,AGL,CE,Federal Contract Tower,0,24,5,0,29,0,59,51,2,112,0,83,56,2,141,124,0,124,265
06/10/2020,OSU,OH,AGL,CE,Federal Contract Tower,0,12,16,0,28,0,2,30,0,32,0,14,46,0,60,32,0,32,92
06/11/2020,OSU,OH,AGL,CE,Federal Contract Tower,0,24,13,0,37,0,40,92,3,135,0,64,105,3,172,234,0,234,406
06/12/2020,OSU,OH,AGL,CE,Federal Contract Tower,0,21,24,0,45,0,15,94,0,109,0,36,118,0,154,138,0,138,292
06/13/2020,OSU,OH,AGL,CE,Federal Contract Tower,0,6,18,0,24,0,6,47,0,53,0,12,65,0,77,48,0,48,125
06/14/2020,OSU,OH,AGL,CE,Federal Contract Tower,0,6,12,0,18,0,39,108,0,147,0,45,120,0,165,132,0,132,297
06/15/2020,OSU,OH,AGL,CE,Federal Contract Tower,0,20,11,0,31,0,63,84,0,147,0,83,95,0,178,310,0,310,488
06/16/2020,OSU,OH,AGL,CE,Federal Contract Tower,0,8,25,0,33,0,85,105,3,193,0,93,130,3,226,362,0,362,588
06/17/2020,OSU,OH,AGL,CE,Federal Contract Tower,0,19,31,0,50,0,79,88,0,167,0,98,119,0,217,353,0,353,570
06/18/2020,OSU,OH,AGL,CE,Federal Contract Tower,0,15,16,0,31,0,13,45,0,58,0,28,61,0,89,104,0,104,193
06/19/2020,OSU,OH,AGL,CE,Federal Contract Tower,0,17,21,0,38,0,21,67,0,88,0,38,88,0,126,266,0,266,392
06/20/2020,OSU,OH,AGL,CE,Federal Contract Tower,0,9,11,0,20,0,55,188,0,243,0,64,199,0,263,203,0,203,466
06/21/2020,OSU,OH,AGL,CE,Federal Contract Tower,0,6,13,0,19,0,7,64,0,71,0,13,77,0,90,14,0,14,104
06/22/2020,OSU,OH,AGL,CE,Federal Contract Tower,0,12,27,0,39,0,11,62,0,73,0,23,89,0,112,50,0,50,162
06/23/2020,OSU,OH,AGL,CE,Federal Contract Tower,0,17,10,0,27,0,6,39,0,45,0,23,49,0,72,36,0,36,108
06/24/2020,OSU,OH,AGL,CE,Federal Contract Tower,0,22,18,0,40,0,81,104,0,185,0,103,122,0,225,404,0,404,629
06/25/2020,OSU,OH,AGL,CE,Federal Contract Tower,0,11,23,0,34,0,72,110,0,182,0,83,133,0,216,322,0,322,538
06/26/2020,OSU,OH,AGL,CE,Federal Contract Tower,0,16,15,0,31,0,61,83,0,144,0,77,98,0,175,162,0,162,337
06/27/2020,OSU,OH,AGL,CE,Federal Contract Tower,0,12,6,0,18,0,0,40,0,40,0,12,46,0,58,20,0,20,78
06/28/2020,OSU,OH,AGL,CE,Federal Contract Tower,0,19,17,0,36,0,6,62,0,68,0,25,79,0,104,54,0,54,158
06/29/2020,OSU,OH,AGL,CE,Federal Contract Tower,0,24,14,0,38,0,96,111,0,207,0,120,125,0,245,328,0,328,573
06/30/2020,OSU,OH,AGL,CE,Federal Contract Tower,0,7,8,0,15,0,65,100,0,165,0,72,108,0,180,388,0,388,568
07/01/2020,OSU,OH,AGL,CE,Federal Contract Tower,0,20,10,0,30,0,105,118,0,223,0,125,128,0,253,312,0,312,565
07/02/2020,OSU,OH,AGL,CE,Federal Contract Tower,0,11,12,0,23,0,118,121,0,239,0,129,133,0,262,294,0,294,556
07/03/2020,OSU,OH,AGL,CE,Federal Contract Tower,0,12,10,0,22,0,0,107,0,107,0,12,117,0,129,0,0,0,129
07/04/2020,OSU,OH,AGL,CE,Federal Contract Tower,0,1,2,0,3,0,23,72,0,95,0,24,74,0,98,82,0,82,180
07/05/2020,OSU,OH,AGL,CE,Federal Contract Tower,0,16,21,0,37,0,7,108,0,115,0,23,129,0,152,24,0,24,176
07/06/2020,OSU,OH,AGL,CE,Federal Contract Tower,0,27,5,0,32,0,69,68,0,137,0,96,73,0,169,258,0,258,427
07/07/2020,OSU,OH,AGL,CE,Federal Contract Tower,0,24,19,0,43,0,42,57,24,123,0,66,76,24,166,52,0,52,218
07/08/2020,OSU,OH,AGL,CE,Federal Contract Tower,0,17,9,0,26,0,82,98,0,180,0,99,107,0,206,248,0,248,454
07/09/2020,OSU,OH,AGL,CE,Federal Contract Tower,0,20,13,0,33,0,45,85,0,130,0,65,98,0,163,116,0,116,279
07/10/2020,OSU,OH,AGL,CE,Federal Contract Tower,0,19,6,0,25,0,36,54,0,90,0,55,60,0,115,198,0,198,313
07/11/2020,OSU,OH,AGL,CE,Federal Contract Tower,0,11,12,0,23,0,18,83,0,101,0,29,95,0,124,16,0,16,140
07/12/2020,OSU,OH,AGL,CE,Federal Contract Tower,0,18,13,0,31,0,2,80,0,82,0,20,93,0,113,52,0,52,165
07/13/2020,OSU,OH,AGL,CE,Federal Contract Tower,0,18,19,0,37,0,80,117,0,197,0,98,136,0,234,254,0,254,488
07/14/2020,OSU,OH,AGL,CE,Federal Contract Tower,0,25,14,0,39,0,90,141,0,231,0,115,155,0,270,364,0,364,634
07/15/2020,OSU,OH,AGL,CE,Federal Contract Tower,0,19,23,0,42,0,106,109,0,215,0,125,132,0,257,250,0,250,507
07/16/2020,OSU,OH,AGL,CE,Federal Contract Tower,0,16,16,0,32,0,15,45,0,60,0,31,61,0,92,36,0,36,128
07/17/2020,OSU,OH,AGL,CE,Federal Contract Tower,0,29,28,0,57,0,69,122,0,191,0,98,150,0,248,348,0,348,596
07/18/2020,OSU,OH,AGL,CE,Federal Contract Tower,0,10,22,0,32,0,47,110,0,157,0,57,132,0,189,160,0,160,349
07/19/2020,OSU,OH,AGL,CE,Federal Contract Tower,0,54,20,0,74,0,13,62,0,75,0,67,82,0,149,0,0,0,149
07/20/2020,OSU,OH,AGL,CE,Federal Contract Tower,0,10,14,0,24,0,79,99,0,178,0,89,113,0,202,256,0,256,458
07/21/2020,OSU,OH,AGL,CE,Federal Contract Tower,0,11,11,0,22,0,70,97,0,167,0,81,108,0,189,302,0,302,491
07/22/2020,OSU,OH,AGL,CE,Federal Contract Tower,0,9,15,0,24,0,0,43,0,43,0,9,58,0,67,16,0,16,83
07/23/2020,OSU,OH,AGL,CE,Federal Contract Tower,0,9,14,0,23,0,0,31,0,31,0,9,45,0,54,28,0,28,82
07/24/2020,OSU,OH,AGL,CE,Federal Contract Tower,0,33,22,0,55,0,56,125,0,181,0,89,147,0,236,392,0,392,628
07/25/2020,OSU,OH,AGL,CE,Federal Contract Tower,0,15,16,0,31,0,34,100,0,134,0,49,116,0,165,170,0,170,335
07/26/2020,OSU,OH,AGL,CE,Federal Contract Tower,0,10,10,0,20,0,21,118,0,139,0,31,128,0,159,30,0,30,189
07/27/2020,OSU,OH,AGL,CE,Federal Contract Tower,0,13,10,0,23,0,26,53,0,79,0,39,63,0,102,198,0,198,300
07/28/2020,OSU,OH,AGL,CE,Federal Contract Tower,0,18,16,0,34,0,115,123,0,238,0,133,139,0,272,230,0,230,502
07/29/2020,OSU,OH,AGL,CE,Federal Contract Tower,0,22,25,0,47,0,98,89,0,187,0,120,114,0,234,250,0,250,484
07/30/2020,OSU,OH,AGL,CE,Federal Contract Tower,0,12,19,0,31,0,56,83,0,139,0,68,102,0,170,232,0,232,402
07/31/2020,OSU,OH,AGL,CE,Federal Contract Tower,0,18,15,0,33,0,56,111,0,167,0,74,126,0,200,94,0,94,294
08/01/2020,OSU,OH,AGL,CE,Federal Contract Tower,0,7,13,0,20,0,3,28,0,31,0,10,41,0,51,28,0,28,79
08/02/2020,OSU,OH,AGL,CE,Federal Contract Tower,0,13,15,0,28,0,11,15,0,26,0,24,30,0,54,2,0,2,56
08/03/2020,OSU,OH,AGL,CE,Federal Contract Tower,0,7,22,0,29,0,10,30,0,40,0,17,52,0,69,38,0,38,107
08/04/2020,OSU,OH,AGL,CE,Federal Contract Tower,0,16,16,0,32,0,0,35,0,35,0,16,51,0,67,6,0,6,73
08/05/2020,OSU,OH,AGL,CE,Federal Contract Tower,0,11,13,0,24,0,99,119,0,218,0,110,132,0,242,254,0,254,496
08/06/2020,OSU,OH,AGL,CE,Federal Contract Tower,0,19,19,0,38,0,77,113,1,191,0,96,132,1,229,298,0,298,527
08/07/2020,OSU,OH,AGL,CE,Federal Contract Tower,0,15,28,0,43,0,83,106,0,189,0,98,134,0,232,328,0,328,560
08/08/2020,OSU,OH,AGL,CE,Federal Contract Tower,0,8,13,0,21,0,21,118,0,139,0,29,131,0,160,68,0,68,228
08/09/2020,OSU,OH,AGL,CE,Federal Contract Tower,0,17,15,0,32,0,26,102,0,128,0,43,117,0,160,22,0,22,182
08/10/2020,OSU,OH,AGL,CE,Federal Contract Tower,0,10,16,0,26,0,57,96,0,153,0,67,112,0,179,118,0,118,297
08/11/2020,OSU,OH,AGL,CE,Federal Contract Tower,0,17,19,0,36,0,55,93,0,148,0,72,112,0,184,190,0,190,374
08/12/2020,OSU,OH,AGL,CE,Federal Contract Tower,0,17,10,0,27,0,81,104,0,185,0,98,114,0,212,270,0,270,482
08/13/2020,OSU,OH,AGL,CE,Federal Contract Tower,0,15,17,0,32,0,83,116,0,199,0,98,133,0,231,254,0,254,485
08/14/2020,OSU,OH,AGL,CE,Federal Contract Tower,0,10,12,0,22,0,56,77,0,133,0,66,89,0,155,226,0,226,381
08/15/2020,OSU,OH,AGL,CE,Federal Contract Tower,0,8,9,0,17,0,12,65,0,77,0,20,74,0,94,20,0,20,114
08/16/2020,OSU,OH,AGL,CE,Federal Contract Tower,0,5,20,0,25,0,4,53,0,57,0,9,73,0,82,18,0,18,100
08/17/2020,OSU,OH,AGL,CE,Federal Contract Tower,0,13,19,0,32,0,48,104,0,152,0,61,123,0,184,162,0,162,346
08/18/2020,OSU,OH,AGL,CE,Federal Contract Tower,0,13,19,0,32,0,28,89,0,117,0,41,108,0,149,234,0,234,383
08/19/2020,OSU,OH,AGL,CE,Federal Contract Tower,0,19,24,2,45,0,88,150,0,238,0,107,174,2,283,250,0,250,533
08/20/2020,OSU,OH,AGL,CE,Federal Contract Tower,0,15,8,0,23,0,91,125,0,216,0,106,133,0,239,258,0,258,497
08/21/2020,OSU,OH,AGL,CE,Federal Contract Tower,0,17,19,0,36,0,63,121,0,184,0,80,140,0,220,172,0,172,392
08/22/2020,OSU,OH,AGL,CE,Federal Contract Tower,0,12,10,0,22,0,16,96,0,112,0,28,106,0,134,104,0,104,238
08/23/2020,OSU,OH,AGL,CE,Federal Contract Tower,0,4,11,0,15,0,17,79,0,96,0,21,90,0,111,38,0,38,149
08/24/2020,OSU,OH,AGL,CE,Federal Contract Tower,0,13,11,0,24,0,26,72,0,98,0,39,83,0,122,76,0,76,198
08/25/2020,OSU,OH,AGL,CE,Federal Contract Tower,0,11,16,0,27,0,38,94,0,132,0,49,110,0,159,156,0,156,315
08/26/2020,OSU,OH,AGL,CE,Federal Contract Tower,0,10,14,0,24,0,59,103,0,162,0,69,117,0,186,66,0,66,252
08/27/2020,OSU,OH,AGL,CE,Federal Contract Tower,0,16,13,0,29,0,11,73,0,84,0,27,86,0,113,62,0,62,175
08/28/2020,OSU,OH,AGL,CE,Federal Contract Tower,0,6,10,0,16,0,9,55,0,64,0,15,65,0,80,104,0,104,184
08/29/2020,OSU,OH,AGL,CE,Federal Contract Tower,0,9,10,0,19,0,0,59,0,59,0,9,69,0,78,14,0,14,92
08/30/2020,OSU,OH,AGL,CE,Federal Contract Tower,0,6,18,0,24,0,51,149,0,200,0,57,167,0,224,98,0,98,322
08/31/2020,OSU,OH,AGL,CE,Federal Contract Tower,0,15,15,0,30,0,110,100,0,210,0,125,115,0,240,260,0,260,500
09/01/2020,OSU,OH,AGL,CE,Federal Contract Tower,0,19,21,0,40,0,25,53,0,78,0,44,74,0,118,42,0,42,160
09/02/2020,OSU,OH,AGL,CE,Federal Contract Tower,0,16,24,0,40,0,0,35,0,35,0,16,59,0,75,14,0,14,89
09/03/2020,OSU,OH,AGL,CE,Federal Contract Tower,0,29,33,0,62,0,19,82,0,101,0,48,115,0,163,26,0,26,189
09/04/2020,OSU,OH,AGL,CE,Federal Contract Tower,0,16,26,0,42,0,136,139,0,275,0,152,165,0,317,163,0,163,480
09/05/2020,OSU,OH,AGL,CE,Federal Contract Tower,0,9,14,0,23,0,56,113,0,169,0,65,127,0,192,50,0,50,242
09/06/2020,OSU,OH,AGL,CE,Federal Contract Tower,0,4,12,0,16,0,20,80,0,100,0,24,92,0,116,0,0,0,116
09/07/2020,OSU,OH,AGL,CE,Federal Contract Tower,0,6,10,0,16,0,0,42,0,42,0,6,52,0,58,20,0,20,78
09/08/2020,OSU,OH,AGL,CE,Federal Contract Tower,0,11,13,0,24,0,132,94,0,226,0,143,107,0,250,322,0,322,572
09/09/2020,OSU,OH,AGL,CE,Federal Contract Tower,0,18,12,0,30,0,139,104,0,243,0,157,116,0,273,328,0,328,601
09/10/2020,OSU,OH,AGL,CE,Federal Contract Tower,0,24,18,0,42,0,113,112,0,225,0,137,130,0,267,270,0,270,537
09/11/2020,OSU,OH,AGL,CE,Federal Contract Tower,0,18,28,0,46,0,8,19,0,27,0,26,47,0,73,8,0,8,81
09/12/2020,OSU,OH,AGL,CE,Federal Contract Tower,0,9,21,0,30,0,44,95,0,139,0,53,116,0,169,58,0,58,227
09/13/2020,OSU,OH,AGL,CE,Federal Contract Tower,0,20,15,0,35,0,15,30,0,45,0,35,45,0,80,26,0,26,106
09/14/2020,OSU,OH,AGL,CE,Federal Contract Tower,0,15,8,0,23,0,133,126,0,259,0,148,134,0,282,258,0,258,540
09/15/2020,OSU,OH,AGL,CE,Federal Contract Tower,0,15,23,0,38,0,139,153,0,292,0,154,176,0,330,522,0,522,852
09/16/2020,OSU,OH,AGL,CE,Federal Contract Tower,0,13,12,0,25,0,109,105,4,218,0,122,117,4,243,260,0,260,503
09/17/2020,OSU,OH,AGL,CE,Federal Contract Tower,0,19,21,0,40,0,48,80,0,128,0,67,101,0,168,114,0,114,282
09/18/2020,OSU,OH,AGL,CE,Federal Contract Tower,0,21,28,0,49,0,30,70,0,100,0,51,98,0,149,0,0,0,149
09/19/2020,OSU,OH,AGL,CE,Federal Contract Tower,0,8,9,0,17,0,87,95,0,182,0,95,104,0,199,44,0,44,243
09/20/2020,OSU,OH,AGL,CE,Federal Contract Tower,0,6,6,0,12,0,22,121,0,143,0,28,127,0,155,100,0,100,255
09/21/2020,OSU,OH,AGL,CE,Federal Contract Tower,0,8,13,0,21,0,119,89,0,208,0,127,102,0,229,178,0,178,407
09/22/2020,OSU,OH,AGL,CE,Federal Contract Tower,0,19,14,0,33,0,116,148,0,264,0,135,162,0,297,232,0,232,529
09/23/2020,OSU,OH,AGL,CE,Federal Contract Tower,0,22,23,0,45,0,140,111,0,251,0,162,134,0,296,264,0,264,560
09/24/2020,OSU,OH,AGL,CE,Federal Contract Tower,0,23,35,0,58,0,167,150,0,317,0,190,185,0,375,250,0,250,625
09/25/2020,OSU,OH,AGL,CE,Federal Contract Tower,0,16,23,0,39,0,122,137,0,259,0,138,160,0,298,170,0,170,468
09/26/2020,OSU,OH,AGL,CE,Federal Contract Tower,0,12,7,0,19,0,59,100,0,159,0,71,107,0,178,124,0,124,302
09/27/2020,OSU,OH,AGL,CE,Federal Contract Tower,0,9,12,0,21,0,16,67,0,83,0,25,79,0,104,10,0,10,114
09/28/2020,OSU,OH,AGL,CE,Federal Contract Tower,0,18,27,0,45,0,37,46,0,83,0,55,73,0,128,90,0,90,218
09/29/2020,OSU,OH,AGL,CE,Federal Contract Tower,0,28,20,0,48,0,79,84,0,163,0,107,104,0,211,122,0,122,333
09/30/2020,OSU,OH,AGL,CE,Federal Contract Tower,0,13,7,2,22,0,14,40,0,54,0,27,47,2,76,14,0,14,90
10/01/2020,OSU,OH,AGL,CE,Federal Contract Tower,0,22,14,0,36,0,62,90,0,152,0,84,104,0,188,50,0,50,238
10/02/2020,OSU,OH,AGL,CE,Federal Contract Tower,0,19,22,0,41,0,19,86,0,105,0,38,108,0,146,84,0,84,230
10/03/2020,OSU,OH,AGL,CE,Federal Contract Tower,0,16,18,0,34,0,36,88,0,124,0,52,106,0,158,122,0,122,280
10/04/2020,OSU,OH,AGL,CE,Federal Contract Tower,0,11,19,0,30,0,8,62,0,70,0,19,81,0,100,78,0,78,178
10/05/2020,OSU,OH,AGL,CE,Federal Contract Tower,0,12,18,0,30,0,44,52,0,96,0,56,70,0,126,122,0,122,248
10/06/2020,OSU,OH,AGL,CE,Federal Contract Tower,0,20,21,0,41,0,89,131,0,220,0,109,152,0,261,74,0,74,335
10/07/2020,OSU,OH,AGL,CE,Federal Contract Tower,0,17,20,0,37,0,14,77,0,91,0,31,97,0,128,10,0,10,138
10/08/2020,OSU,OH,AGL,CE,Federal Contract Tower,0,18,16,0,34,0,169,175,0,344,0,187,191,0,378,300,0,300,678
10/09/2020,OSU,OH,AGL,CE,Federal Contract Tower,0,21,21,0,42,0,67,135,0,202,0,88,156,0,244,108,0,108,352
10/10/2020,OSU,OH,AGL,CE,Federal Contract Tower,0,14,17,0,31,0,2,93,0,95,0,16,110,0,126,102,0,102,228
10/11/2020,OSU,OH,AGL,CE,Federal Contract Tower,0,5,19,0,24,0,0,10,0,10,0,5,29,0,34,0,0,0,34
10/12/2020,OSU,OH,AGL,CE,Federal Contract Tower,0,12,23,0,35,0,7,37,0,44,0,19,60,0,79,10,0,10,89
10/13/2020,OSU,OH,AGL,CE,Federal Contract Tower,0,20,29,0,49,0,140,129,0,269,0,160,158,0,318,336,0,336,654
10/14/2020,OSU,OH,AGL,CE,Federal Contract Tower,0,26,26,0,52,0,137,160,0,297,0,163,186,0,349,188,0,188,537
10/15/2020,OSU,OH,AGL,CE,Federal Contract Tower,0,15,11,0,26,0,2,44,0,46,0,17,55,0,72,22,0,22,94
10/16/2020,OSU,OH,AGL,CE,Federal Contract Tower,0,27,21,0,48,0,124,134,3,261,0,151,155,3,309,402,0,402,711
10/17/2020,OSU,OH,AGL,CE,Federal Contract Tower,0,7,20,0,27,0,16,91,0,107,0,23,111,0,134,32,0,32,166
10/18/2020,OSU,OH,AGL,CE,Federal Contract Tower,0,5,24,0,29,0,6,57,0,63,0,11,81,0,92,10,0,10,102
10/19/2020,OSU,OH,AGL,CE,Federal Contract Tower,0,6,23,0,29,0,0,0,0,0,0,6,23,0,29,0,0,0,29
10/20/2020,OSU,OH,AGL,CE,Federal Contract Tower,0,9,30,0,39,0,0,0,0,0,0,9,30,0,39,0,0,0,39
10/21/2020,OSU,OH,AGL,CE,Federal Contract Tower,0,18,29,0,47,0,3,13,0,16,0,21,42,0,63,14,0,14,77
10/22/2020,OSU,OH,AGL,CE,Federal Contract Tower,0,27,28,0,55,0,120,113,0,233,0,147,141,0,288,26,0,26,314
10/23/2020,OSU,OH,AGL,CE,Federal Contract Tower,0,16,10,0,26,0,33,43,0,76,0,49,53,0,102,34,0,34,136
10/24/2020,OSU,OH,AGL,CE,Federal Contract Tower,0,8,20,0,28,0,0,30,2,32,0,8,50,2,60,8,0,8,68
10/25/2020,OSU,OH,AGL,CE,Federal Contract Tower,0,11,19,0,30,0,24,105,0,129,0,35,124,0,159,58,0,58,217
10/26/2020,OSU,OH,AGL,CE,Federal Contract Tower,0,28,28,0,56,0,0,3,0,3,0,28,31,0,59,14,0,14,73
10/27/2020,OSU,OH,AGL,CE,Federal Contract Tower,0,32,31,0,63,0,0,1,0,1,0,32,32,0,64,0,0,0,64
10/28/2020,OSU,OH,AGL,CE,Federal Contract Tower,0,29,35,0,64,0,2,20,0,22,0,31,55,0,86,26,0,26,112
10/29/2020,OSU,OH,AGL,CE,Federal Contract Tower,0,9,21,0,30,0,0,0,0,0,0,9,21,0,30,0,0,0,30
10/30/2020,OSU,OH,AGL,CE,Federal Contract Tower,0,15,24,0,39,0,52,72,0,124,0,67,96,0,163,326,0,326,489
10/31/2020,OSU,OH,AGL,CE,Federal Contract Tower,0,17,16,0,33,0,82,158,0,240,0,99,174,0,273,214,0,214,487
11/01/2020,OSU,OH,AGL,CE,Federal Contract Tower,0,14,6,0,20,0,0,9,0,9,0,14,15,0,29,0,0,0,29
11/02/2020,OSU,OH,AGL,CE,Federal Contract Tower,0,21,10,0,31,0,87,94,0,181,0,108,104,0,212,239,0,239,451
11/03/2020,OSU,OH,AGL,CE,Federal Contract Tower,0,30,12,0,42,0,204,124,0,328,0,234,136,0,370,440,0,440,810
11/04/2020,OSU,OH,AGL,CE,Federal Contract Tower,0,17,16,0,33,0,76,95,0,171,0,93,111,0,204,0,0,0,204
11/05/2020,OSU,OH,AGL,CE,Federal Contract Tower,0,25,16,0,41,0,95,107,0,202,0,120,123,0,243,140,0,140,383
11/06/2020,OSU,OH,AGL,CE,Federal Contract Tower,0,19,11,0,30,0,110,142,2,254,0,129,153,2,284,284,0,284,568
11/07/2020,OSU,OH,AGL,CE,Federal Contract Tower,0,12,13,0,25,0,35,115,0,150,0,47,128,0,175,132,0,132,307
11/08/2020,OSU,OH,AGL,CE,Federal Contract Tower,0,6,15,0,21,0,20,132,0,152,0,26,147,0,173,90,0,90,263
11/09/2020,OSU,OH,AGL,CE,Federal Contract Tower,0,14,20,0,34,0,122,105,0,227,0,136,125,0,261,258,0,258,519
11/10/2020,OSU,OH,AGL,CE,Federal Contract Tower,0,11,8,0,19,0,44,60,0,104,0,55,68,0,123,70,0,70,193
11/11/2020,OSU,OH,AGL,CE,Federal Contract Tower,0,15,21,0,36,0,11,35,0,46,0,26,56,0,82,18,0,18,100
11/12/2020,OSU,OH,AGL,CE,Federal Contract Tower,0,25,13,0,38,0,94,95,0,189,0,119,108,0,227,296,0,296,523
11/13/2020,OSU,OH,AGL,CE,Federal Contract Tower,0,21,19,0,40,0,87,94,0,181,0,108,113,0,221,230,0,230,451
11/14/2020,OSU,OH,AGL,CE,Federal Contract Tower,0,10,20,0,30,0,48,155,0,203,0,58,175,0,233,98,0,98,331
11/15/2020,OSU,OH,AGL,CE,Federal Contract Tower,0,2,6,0,8,0,0,0,0,0,0,2,6,0,8,0,0,0,8
11/16/2020,OSU,OH,AGL,CE,Federal Contract Tower,0,8,12,0,20,0,18,53,0,71,0,26,65,0,91,22,0,22,113
11/17/2020,OSU,OH,AGL,CE,Federal Contract Tower,0,9,15,0,24,0,0,31,0,31,0,9,46,0,55,6,0,6,61
11/18/2020,OSU,OH,AGL,CE,Federal Contract Tower,0,22,25,0,47,0,111,113,0,224,0,133,138,0,271,236,0,236,507
11/19/2020,OSU,OH,AGL,CE,Federal Contract Tower,0,13,10,0,23,0,0,29,0,29,0,13,39,0,52,2,0,2,54
11/20/2020,OSU,OH,AGL,CE,Federal Contract Tower,0,12,17,0,29,0,5,71,0,76,0,17,88,0,105,12,0,12,117
11/21/2020,OSU,OH,AGL,CE,Federal Contract Tower,0,8,20,0,28,0,0,22,0,22,0,8,42,0,50,14,6,20,70
11/22/2020,OSU,OH,AGL,CE,Federal Contract Tower,0,9,6,0,15,0,0,1,0,1,0,9,7,0,16,0,0,0,16
11/23/2020,OSU,OH,AGL,CE,Federal Contract Tower,0,12,11,0,23,0,35,64,0,99,0,47,75,0,122,186,0,186,308
11/24/2020,OSU,OH,AGL,CE,Federal Contract Tower,0,17,21,0,38,0,54,100,0,154,0,71,121,0,192,286,0,286,478
11/25/2020,OSU,OH,AGL,CE,Federal Contract Tower,0,13,3,0,16,0,0,5,0,5,0,13,8,0,21,0,0,0,21
11/26/2020,OSU,OH,AGL,CE,Federal Contract Tower,0,1,4,0,5,0,1,5,0,6,0,2,9,0,11,10,0,10,21
11/27/2020,OSU,OH,AGL,CE,Federal Contract Tower,0,3,13,0,16,0,0,84,16,100,0,3,97,16,116,14,0,14,130
11/28/2020,OSU,OH,AGL,CE,Federal Contract Tower,0,8,20,0,28,0,22,111,0,133,0,30,131,0,161,108,0,108,269
11/29/2020,OSU,OH,AGL,CE,Federal Contract Tower,0,20,22,0,42,0,21,110,0,131,0,41,132,0,173,76,0,76,249
11/30/2020,OSU,OH,AGL,CE,Federal Contract Tower,0,5,2,0,7,0,0,0,0,0,0,5,2,0,7,0,0,0,7
12/01/2020,OSU,OH,AGL,CE,Federal Contract Tower,0,11,6,0,17,0,0,0,0,0,0,11,6,0,17,0,0,0,17
12/02/2020,OSU,OH,AGL,CE,Federal Contract Tower,0,20,13,0,33,0,91,106,0,197,0,111,119,0,230,320,0,320,550
12/03/2020,OSU,OH,AGL,CE,Federal Contract Tower,0,27,10,0,37,0,71,86,0,157,0,98,96,0,194,232,0,232,426
12/04/2020,OSU,OH,AGL,CE,Federal Contract Tower,0,14,15,0,29,0,54,60,0,114,0,68,75,0,143,94,0,94,237
12/05/2020,OSU,OH,AGL,CE,Federal Contract Tower,0,8,5,0,13,0,15,75,0,90,0,23,80,0,103,56,0,56,159
12/06/2020,OSU,OH,AGL,CE,Federal Contract Tower,0,7,5,0,12,0,14,49,0,63,0,21,54,0,75,74,0,74,149
12/07/2020,OSU,OH,AGL,CE,Federal Contract Tower,0,5,13,0,18,0,4,22,0,26,0,9,35,0,44,8,0,8,52
12/08/2020,OSU,OH,AGL,CE,Federal Contract Tower,0,24,20,0,44,0,87,75,0,162,0,111,95,0,206,278,0,278,484
12/09/2020,OSU,OH,AGL,CE,Federal Contract Tower,0,17,14,0,31,0,23,63,0,86,0,40,77,0,117,76,0,76,193
12/10/2020,OSU,OH,AGL,CE,Federal Contract Tower,0,22,22,0,44,0,62,111,0,173,0,84,133,0,217,140,0,140,357
12/11/2020,OSU,OH,AGL,CE,Federal Contract Tower,0,11,25,0,36,0,75,119,0,194,0,86,144,0,230,144,0,144,374
12/12/2020,OSU,OH,AGL,CE,Federal Contract Tower,0,6,0,0,6,0,0,8,0,8,0,6,8,0,14,0,0,0,14
12/13/2020,OSU,OH,AGL,CE,Federal Contract Tower,0,9,17,0,26,0,0,49,0,49,0,9,66,0,75,66,0,66,141
12/14/2020,OSU,OH,AGL,CE,Federal Contract Tower,0,13,5,0,18,0,5,59,0,64,0,18,64,0,82,76,0,76,158
12/15/2020,OSU,OH,AGL,CE,Federal Contract Tower,0,17,15,0,32,0,111,115,0,226,0,128,130,0,258,230,0,230,488
12/16/2020,OSU,OH,AGL,CE,Federal Contract Tower,0,5,1,0,6,0,0,0,0,0,0,5,1,0,6,0,0,0,6
12/17/2020,OSU,OH,AGL,CE,Federal Contract Tower,0,17,5,0,22,0,0,0,0,0,0,17,5,0,22,0,0,0,22
12/18/2020,OSU,OH,AGL,CE,Federal Contract Tower,0,15,20,0,35,0,33,51,0,84,0,48,71,0,119,96,0,96,215
12/19/2020,OSU,OH,AGL,CE,Federal Contract Tower,0,5,8,0,13,0,27,70,0,97,0,32,78,0,110,42,0,42,152
12/20/2020,OSU,OH,AGL,CE,Federal Contract Tower,0,6,11,0,17,0,0,23,0,23,0,6,34,0,40,0,0,0,40
12/21/2020,OSU,OH,AGL,CE,Federal Contract Tower,0,9,10,0,19,0,0,16,0,16,0,9,26,0,35,0,0,0,35
12/22/2020,OSU,OH,AGL,CE,Federal Contract Tower,0,11,17,0,28,0,19,85,0,104,0,30,102,0,132,106,0,106,238
12/23/2020,OSU,OH,AGL,CE,Federal Contract Tower,0,17,7,0,24,0,0,62,0,62,0,17,69,0,86,10,0,10,96
12/24/2020,OSU,OH,AGL,CE,Federal Contract Tower,0,16,4,0,20,0,0,0,0,0,0,16,4,0,20,0,0,0,20
12/25/2020,OSU,OH,AGL,CE,Federal Contract Tower,0,4,1,0,5,0,0,0,0,0,0,4,1,0,5,0,0,0,5
12/26/2020,OSU,OH,AGL,CE,Federal Contract Tower,0,14,29,0,43,0,7,103,0,110,0,21,132,0,153,34,0,34,187
12/27/2020,OSU,OH,AGL,CE,Federal Contract Tower,0,12,9,0,21,0,10,82,0,92,0,22,91,0,113,24,0,24,137
12/28/2020,OSU,OH,AGL,CE,Federal Contract Tower,0,15,10,0,25,0,0,48,0,48,0,15,58,0,73,52,0,52,125
12/29/2020,OSU,OH,AGL,CE,Federal Contract Tower,0,14,14,0,28,0,90,156,0,246,0,104,170,0,274,184,0,184,458
12/30/2020,OSU,OH,AGL,CE,Federal Contract Tower,0,13,5,0,18,0,5,6,0,11,0,18,11,0,29,10,0,10,39
12/31/2020,OSU,OH,AGL,CE,Federal Contract Tower,0,13,10,0,23,0,2,40,0,42,0,15,50,0,65,36,0,36,101
01/01/2021,OSU,OH,AGL,CE,Federal Contract Tower,0,2,1,0,3,0,0,0,0,0,0,2,1,0,3,0,0,0,3
01/02/2021,OSU,OH,AGL,CE,Federal Contract Tower,0,10,10,0,20,0,0,11,0,11,0,10,21,0,31,2,0,2,33
01/03/2021,OSU,OH,AGL,CE,Federal Contract Tower,0,9,9,0,18,0,0,9,0,9,0,9,18,0,27,16,0,16,43
01/04/2021,OSU,OH,AGL,CE,Federal Contract Tower,0,11,8,0,19,0,1,19,0,20,0,12,27,0,39,154,0,154,193
01/05/2021,OSU,OH,AGL,CE,Federal Contract Tower,0,13,12,0,25,0,0,0,0,0,0,13,12,0,25,0,0,0,25
01/06/2021,OSU,OH,AGL,CE,Federal Contract Tower,0,12,13,0,25,0,0,19,0,19,0,12,32,0,44,2,0,2,46
01/07/2021,OSU,OH,AGL,CE,Federal Contract Tower,0,17,8,0,25,0,24,39,0,63,0,41,47,0,88,62,0,62,150
01/08/2021,OSU,OH,AGL,CE,Federal Contract Tower,0,13,2,0,15,0,0,22,0,22,0,13,24,0,37,10,0,10,47
01/09/2021,OSU,OH,AGL,CE,Federal Contract Tower,0,5,19,0,24,0,44,145,0,189,0,49,164,0,213,142,0,142,355
01/10/2021,OSU,OH,AGL,CE,Federal Contract Tower,0,23,20,0,43,0,25,164,0,189,0,48,184,0,232,62,0,62,294
01/11/2021,OSU,OH,AGL,CE,Federal Contract Tower,0,18,9,0,27,0,14,41,0,55,0,32,50,0,82,70,0,70,152
01/12/2021,OSU,OH,AGL,CE,Federal Contract Tower,0,11,7,0,18,0,0,5,0,5,0,11,12,0,23,0,0,0,23
01/13/2021,OSU,OH,AGL,CE,Federal Contract Tower,0,29,10,0,39,0,67,102,0,169,0,96,112,0,208,146,0,146,354
01/14/2021,OSU,OH,AGL,CE,Federal Contract Tower,0,17,23,0,40,0,122,121,0,243,0,139,144,0,283,224,0,224,507
01/15/2021,OSU,OH,AGL,CE,Federal Contract Tower,0,17,14,0,31,0,0,4,0,4,0,17,18,0,35,0,0,0,35
01/16/2021,OSU,OH,AGL,CE,Federal Contract Tower,0,5,4,0,9,0,0,9,0,9,0,5,13,0,18,0,0,0,18
01/17/2021,OSU,OH,AGL,CE,Federal Contract Tower,0,9,6,0,15,0,0,2,0,2,0,9,8,0,17,0,0,0,17
01/18/2021,OSU,OH,AGL,CE,Federal Contract Tower,0,19,6,0,25,0,0,2,0,2,0,19,8,0,27,0,0,0,27
01/19/2021,OSU,OH,AGL,CE,Federal Contract Tower,0,27,12,0,39,0,133,118,0,251,0,160,130,0,290,156,0,156,446
01/20/2021,OSU,OH,AGL,CE,Federal Contract Tower,0,10,14,0,24,0,58,68,0,126,0,68,82,0,150,278,0,278,428
01/21/2021,OSU,OH,AGL,CE,Federal Contract Tower,0,10,11,0,21,0,9,55,0,64,0,19,66,0,85,10,0,10,95
01/22/2021,OSU,OH,AGL,CE,Federal Contract Tower,0,25,13,0,38,0,83,103,0,186,0,108,116,0,224,176,0,176,400
01/23/2021,OSU,OH,AGL,CE,Federal Contract Tower,0,11,19,0,30,0,74,238,0,312,0,85,257,0,342,88,0,88,430
01/24/2021,OSU,OH,AGL,CE,Federal Contract Tower,0,10,9,0,19,0,5,27,0,32,0,15,36,0,51,20,0,20,71
01/25/2021,OSU,OH,AGL,CE,Federal Contract Tower,0,10,7,0,17,0,0,0,0,0,0,10,7,0,17,0,0,0,17
01/26/2021,OSU,OH,AGL,CE,Federal Contract Tower,0,9,3,0,12,0,0,0,0,0,0,9,3,0,12,0,0,0,12
01/27/2021,OSU,OH,AGL,CE,Federal Contract Tower,0,11,12,0,23,0,19,22,0,41,0,30,34,0,64,198,0,198,262
01/28/2021,OSU,OH,AGL,CE,Federal Contract Tower,0,8,21,0,29,0,45,55,0,100,0,53,76,0,129,82,0,82,211
01/29/2021,OSU,OH,AGL,CE,Federal Contract Tower,0,22,24,0,46,0,118,150,0,268,0,140,174,0,314,170,0,170,484
01/30/2021,OSU,OH,AGL,CE,Federal Contract Tower,0,13,16,0,29,0,68,117,0,185,0,81,133,0,214,86,0,86,300
01/31/2021,OSU,OH,AGL,CE,Federal Contract Tower,0,5,3,0,8,0,0,0,0,0,0,5,3,0,8,0,0,0,8
02/01/2021,OSU,OH,AGL,CE,Federal Contract Tower,0,5,7,0,12,0,0,0,0,0,0,5,7,0,12,0,0,0,12
02/02/2021,OSU,OH,AGL,CE,Federal Contract Tower,0,11,11,0,22,0,2,18,2,22,0,13,29,2,44,0,0,0,44
02/03/2021,OSU,OH,AGL,CE,Federal Contract Tower,0,15,12,0,27,0,99,81,0,180,0,114,93,0,207,100,0,100,307
02/04/2021,OSU,OH,AGL,CE,Federal Contract Tower,0,19,7,0,26,0,40,50,0,90,0,59,57,0,116,70,0,70,186
02/05/2021,OSU,OH,AGL,CE,Federal Contract Tower,0,11,14,0,25,0,5,15,0,20,0,16,29,0,45,2,0,2,47
02/06/2021,OSU,OH,AGL,CE,Federal Contract Tower,0,12,5,0,17,0,74,114,0,188,0,86,119,0,205,188,0,188,393
02/07/2021,OSU,OH,AGL,CE,Federal Contract Tower,0,14,11,0,25,0,19,40,0,59,0,33,51,0,84,92,0,92,176
02/08/2021,OSU,OH,AGL,CE,Federal Contract Tower,0,12,5,0,17,0,88,84,0,172,0,100,89,0,189,150,0,150,339
02/09/2021,OSU,OH,AGL,CE,Federal Contract Tower,0,16,1,0,17,0,0,18,0,18,0,16,19,0,35,8,0,8,43
02/10/2021,OSU,OH,AGL,CE,Federal Contract Tower,0,18,8,0,26,0,34,29,0,63,0,52,37,0,89,16,0,16,105
02/11/2021,OSU,OH,AGL,CE,Federal Contract Tower,0,18,16,0,34,0,65,56,0,121,0,83,72,0,155,50,0,50,205
02/12/2021,OSU,OH,AGL,CE,Federal Contract Tower,0,13,16,0,29,0,42,45,0,87,0,55,61,0,116,126,0,126,242
02/13/2021,OSU,OH,AGL,CE,Federal Contract Tower,0,2,5,0,7,0,0,34,0,34,0,2,39,0,41,16,0,16,57
02/14/2021,OSU,OH,AGL,CE,Federal Contract Tower,0,1,5,0,6,0,2,118,0,120,0,3,123,0,126,134,0,134,260
02/15/2021,OSU,OH,AGL,CE,Federal Contract Tower,0,1,3,0,4,0,0,3,0,3,0,1,6,0,7,8,0,8,15
02/16/2021,OSU,OH,AGL,CE,Federal Contract Tower,0,15,3,0,18,0,3,10,0,13,0,18,13,0,31,10,0,10,41
02/17/2021,OSU,OH,AGL,CE,Federal Contract Tower,0,15,10,0,25,0,83,67,0,150,0,98,77,0,175,331,0,331,506
02/18/2021,OSU,OH,AGL,CE,Federal Contract Tower,0,11,1,0,12,0,0,2,0,2,0,11,3,0,14,0,0,0,14
02/19/2021,OSU,OH,AGL,CE,Federal Contract Tower,0,8,12,0,20,0,2,25,0,27,0,10,37,0,47,34,0,34,81
02/20/2021,OSU,OH,AGL,CE,Federal Contract Tower,0,8,8,0,16,0,50,107,0,157,0,58,115,0,173,106,0,106,279
02/21/2021,OSU,OH,AGL,CE,Federal Contract Tower,0,17,18,0,35,0,23,98,0,121,0,40,116,0,156,4,0,4,160
02/22/2021,OSU,OH,AGL,CE,Federal Contract Tower,0,4,2,0,6,0,0,24,0,24,0,4,26,0,30,0,0,0,30
02/23/2021,OSU,OH,AGL,CE,Federal Contract Tower,0,21,19,0,40,0,15,85,0,100,0,36,104,0,140,62,0,62,202
02/24/2021,OSU,OH,AGL,CE,Federal Contract Tower,0,15,19,0,34,0,6,49,0,55,0,21,68,0,89,10,0,10,99
02/25/2021,OSU,OH,AGL,CE,Federal Contract Tower,0,24,20,0,44,0,174,136,0,310,0,198,156,0,354,286,0,286,640
02/26/2021,OSU,OH,AGL,CE,Federal Contract Tower,0,20,20,0,40,0,114,89,0,203,0,134,109,0,243,366,0,366,609
02/27/2021,OSU,OH,AGL,CE,Federal Contract Tower,0,8,17,0,25,0,4,44,0,48,0,12,61,0,73,48,0,48,121
02/28/2021,OSU,OH,AGL,CE,Federal Contract Tower,0,12,18,0,30,0,0,5,0,5,0,12,23,0,35,0,0,0,35
03/01/2021,OSU,OH,AGL,CE,Federal Contract Tower,0,12,13,0,25,0,0,48,0,48,0,12,61,0,73,0,0,0,73
03/02/2021,OSU,OH,AGL,CE,Federal Contract Tower,0,26,15,0,41,0,164,137,0,301,0,190,152,0,342,264,0,264,606
03/03/2021,OSU,OH,AGL,CE,Federal Contract Tower,0,27,14,0,41,0,116,108,0,224,0,143,122,0,265,186,0,186,451
03/04/2021,OSU,OH,AGL,CE,Federal Contract Tower,0,20,18,0,38,0,10,32,0,42,0,30,50,0,80,40,0,40,120
03/05/2021,OSU,OH,AGL,CE,Federal Contract Tower,0,10,9,0,19,0,46,71,0,117,0,56,80,0,136,92,0,92,228
03/06/2021,OSU,OH,AGL,CE,Federal Contract Tower,0,25,26,0,51,0,47,138,0,185,0,72,164,0,236,62,0,62,298
03/07/2021,OSU,OH,AGL,CE,Federal Contract Tower,0,15,22,0,37,0,57,131,0,188,0,72,153,0,225,110,0,110,335
03/08/2021,OSU,OH,AGL,CE,Federal Contract Tower,0,17,15,0,32,0,82,91,0,173,0,99,106,0,205,62,0,62,267
03/09/2021,OSU,OH,AGL,CE,Federal Contract Tower,0,29,5,0,34,0,112,92,0,204,0,141,97,0,238,344,0,344,582
03/10/2021,OSU,OH,AGL,CE,Federal Contract Tower,0,17,20,0,37,0,7,51,0,58,0,24,71,0,95,22,0,22,117
03/11/2021,OSU,OH,AGL,CE,Federal Contract Tower,0,14,20,0,34,0,0,10,0,10,0,14,30,0,44,0,0,0,44
03/12/2021,OSU,OH,AGL,CE,Federal Contract Tower,0,22,19,0,41,0,131,131,0,262,0,153,150,0,303,354,0,354,657
03/13/2021,OSU,OH,AGL,CE,Federal Contract Tower,0,23,19,0,42,0,69,136,0,205,0,92,155,0,247,158,22,180,427
03/14/2021,OSU,OH,AGL,CE,Federal Contract Tower,0,8,20,0,28,0,18,84,0,102,0,26,104,0,130,6,0,6,136
03/15/2021,OSU,OH,AGL,CE,Federal Contract Tower,0,13,10,0,23,0,30,43,0,73,0,43,53,0,96,56,0,56,152
03/16/2021,OSU,OH,AGL,CE,Federal Contract Tower,0,35,17,0,52,0,0,7,1,8,0,35,24,1,60,16,0,16,76
03/17/2021,OSU,OH,AGL,CE,Federal Contract Tower,0,16,19,1,36,0,75,86,0,161,0,91,105,1,197,212,0,212,409
03/18/2021,OSU,OH,AGL,CE,Federal Contract Tower,0,10,7,0,17,0,0,1,0,1,0,10,8,0,18,0,0,0,18
03/19/2021,OSU,OH,AGL,CE,Federal Contract Tower,0,19,9,0,28,0,4,54,0,58,0,23,63,0,86,0,0,0,86
03/20/2021,OSU,OH,AGL,CE,Federal Contract Tower,0,10,23,0,33,0,73,156,0,229,0,83,179,0,262,180,0,180,442
03/21/2021,OSU,OH,AGL,CE,Federal Contract Tower,0,11,24,0,35,0,34,143,0,177,0,45,167,0,212,56,0,56,268
03/22/2021,OSU,OH,AGL,CE,Federal Contract Tower,0,26,15,0,41,0,152,156,0,308,0,178,171,0,349,393,0,393,742
03/23/2021,OSU,OH,AGL,CE,Federal Contract Tower,0,16,13,0,29,0,50,63,0,113,0,66,76,0,142,36,0,36,178
03/24/2021,OSU,OH,AGL,CE,Federal Contract Tower,0,8,22,0,30,0,0,38,0,38,0,8,60,0,68,2,0,2,70
03/25/2021,OSU,OH,AGL,CE,Federal Contract Tower,0,27,19,0,46,0,101,78,0,179,0,128,97,0,225,198,0,198,423
03/26/2021,OSU,OH,AGL,CE,Federal Contract Tower,0,19,22,0,41,0,12,41,0,53,0,31,63,0,94,88,0,88,182
03/27/2021,OSU,OH,AGL,CE,Federal Contract Tower,0,15,9,0,24,0,37,114,0,151,0,52,123,0,175,238,0,238,413
03/28/2021,OSU,OH,AGL,CE,Federal Contract Tower,0,14,10,0,24,0,0,6,0,6,0,14,16,0,30,0,0,0,30
03/29/2021,OSU,OH,AGL,CE,Federal Contract Tower,0,20,22,0,42,0,140,125,0,265,0,160,147,0,307,300,0,300,607
03/30/2021,OSU,OH,AGL,CE,Federal Contract Tower,0,26,12,0,38,0,0,42,0,42,0,26,54,0,80,0,0,0,80
03/31/2021,OSU,OH,AGL,CE,Federal Contract Tower,0,11,13,0,24,0,2,25,0,27,0,13,38,0,51,26,0,26,77
04/01/2021,OSU,OH,AGL,CE,Federal Contract Tower,0,17,21,0,38,0,0,32,0,32,0,17,53,0,70,20,0,20,90
04/02/2021,OSU,OH,AGL,CE,Federal Contract Tower,0,29,11,0,40,0,58,102,0,160,0,87,113,0,200,248,0,248,448
04/03/2021,OSU,OH,AGL,CE,Federal Contract Tower,0,12,16,0,28,0,10,93,0,103,0,22,109,0,131,36,0,36,167
04/04/2021,OSU,OH,AGL,CE,Federal Contract Tower,0,15,11,0,26,0,17,109,0,126,0,32,120,0,152,74,0,74,226
04/05/2021,OSU,OH,AGL,CE,Federal Contract Tower,0,19,22,0,41,0,72,106,0,178,0,91,128,0,219,236,0,236,455
04/06/2021,OSU,OH,AGL,CE,Federal Contract Tower,0,38,22,0,60,0,108,107,0,215,0,146,129,0,275,150,0,150,425
04/07/2021,OSU,OH,AGL,CE,Federal Contract Tower,0,40,11,0,51,0,179,143,0,322,0,219,154,0,373,392,0,392,765
04/08/2021,OSU,OH,AGL,CE,Federal Contract Tower,0,17,11,0,28,0,14,21,0,35,0,31,32,0,63,20,0,20,83
04/09/2021,OSU,OH,AGL,CE,Federal Contract Tower,0,22,25,0,47,0,25,40,0,65,0,47,65,0,112,18,0,18,130
04/10/2021,OSU,OH,AGL,CE,Federal Contract Tower,0,14,3,0,17,0,6,39,0,45,0,20,42,0,62,18,0,18,80
04/11/2021,OSU,OH,AGL,CE,Federal Contract Tower,0,12,16,0,28,0,0,21,0,21,0,12,37,0,49,6,0,6,55
04/12/2021,OSU,OH,AGL,CE,Federal Contract Tower,0,41,29,0,70,0,32,51,2,85,0,73,80,2,155,258,0,258,413
04/13/2021,OSU,OH,AGL,CE,Federal Contract Tower,0,30,22,0,52,0,139,147,0,286,0,169,169,0,338,558,0,558,896
04/14/2021,OSU,OH,AGL,CE,Federal Contract Tower,0,13,17,0,30,0,125,116,0,241,0,138,133,0,271,400,0,400,671
04/15/2021,OSU,OH,AGL,CE,Federal Contract Tower,0,25,22,0,47,0,52,76,0,128,0,77,98,0,175,72,0,72,247
04/16/2021,OSU,OH,AGL,CE,Federal Contract Tower,0,13,19,0,32,0,30,86,0,116,0,43,105,0,148,94,0,94,242
04/17/2021,OSU,OH,AGL,CE,Federal Contract Tower,0,13,13,0,26,0,44,97,0,141,0,57,110,0,167,38,0,38,205
04/18/2021,OSU,OH,AGL,CE,Federal Contract Tower,0,8,20,0,28,0,24,100,0,124,0,32,120,0,152,54,0,54,206
04/19/2021,OSU,OH,AGL,CE,Federal Contract Tower,0,8,9,0,17,0,80,120,0,200,0,88,129,0,217,76,0,76,293
04/20/2021,OSU,OH,AGL,CE,Federal Contract Tower,0,13,14,0,27,0,98,88,0,186,0,111,102,0,213,236,0,236,449
04/21/2021,OSU,OH,AGL,CE,Federal Contract Tower,0,15,14,0,29,0,0,20,0,20,0,15,34,0,49,0,0,0,49
04/22/2021,OSU,OH,AGL,CE,Federal Contract Tower,0,24,21,0,45,0,77,67,0,144,0,101,88,0,189,78,0,78,267
04/23/2021,OSU,OH,AGL,CE,Federal Contract Tower,0,23,18,0,41,0,70,99,0,169,0,93,117,0,210,205,0,205,415
04/24/2021,OSU,OH,AGL,CE,Federal Contract Tower,0,8,8,0,16,0,11,52,0,63,0,19,60,0,79,58,0,58,137
04/25/2021,OSU,OH,AGL,CE,Federal Contract Tower,0,19,22,0,41,0,3,45,0,48,0,22,67,0,89,0,0,0,89
04/26/2021,OSU,OH,AGL,CE,Federal Contract Tower,0,22,15,0,37,0,119,114,0,233,0,141,129,0,270,290,0,290,560
04/27/2021,OSU,OH,AGL,CE,Federal Contract Tower,0,14,16,0,30,0,0,42,0,42,0,14,58,0,72,0,0,0,72
04/28/2021,OSU,OH,AGL,CE,Federal Contract Tower,0,17,14,0,31,0,0,37,0,37,0,17,51,0,68,34,0,34,102
04/29/2021,OSU,OH,AGL,CE,Federal Contract Tower,0,26,16,0,42,0,0,0,0,0,0,26,16,0,42,0,0,0,42
04/30/2021,OSU,OH,AGL,CE,Federal Contract Tower,0,19,15,0,34,0,11,39,3,53,0,30,54,3,87,22,0,22,109
05/01/2021,OSU,OH,AGL,CE,Federal Contract Tower,0,10,13,0,23,0,41,100,0,141,0,51,113,0,164,102,0,102,266
05/02/2021,OSU,OH,AGL,CE,Federal Contract Tower,0,9,13,0,22,0,0,64,0,64,0,9,77,0,86,4,0,4,90
05/03/2021,OSU,OH,AGL,CE,Federal Contract Tower,0,13,18,0,31,0,0,25,0,25,0,13,43,0,56,24,0,24,80
05/04/2021,OSU,OH,AGL,CE,Federal Contract Tower,0,23,27,0,50,0,0,5,0,5,0,23,32,0,55,32,0,32,87
05/05/2021,OSU,OH,AGL,CE,Federal Contract Tower,0,21,18,0,39,0,4,42,0,46,0,25,60,0,85,34,0,34,119
05/06/2021,OSU,OH,AGL,CE,Federal Contract Tower,0,21,18,0,39,0,141,134,0,275,0,162,152,0,314,258,0,258,572
05/07/2021,OSU,OH,AGL,CE,Federal Contract Tower,0,14,13,0,27,0,0,49,0,49,0,14,62,0,76,16,0,16,92
05/08/2021,OSU,OH,AGL,CE,Federal Contract Tower,0,17,18,0,35,0,11,141,0,152,0,28,159,0,187,104,0,104,291
05/09/2021,OSU,OH,AGL,CE,Federal Contract Tower,0,12,8,0,20,0,0,1,0,1,0,12,9,0,21,0,0,0,21
05/10/2021,OSU,OH,AGL,CE,Federal Contract Tower,0,25,17,0,42,0,75,158,0,233,0,100,175,0,275,198,0,198,473
05/11/2021,OSU,OH,AGL,CE,Federal Contract Tower,0,21,15,0,36,0,45,116,0,161,0,66,131,0,197,158,0,158,355
05/12/2021,OSU,OH,AGL,CE,Federal Contract Tower,0,29,26,0,55,0,78,99,0,177,0,107,125,0,232,88,0,88,320
05/13/2021,OSU,OH,AGL,CE,Federal Contract Tower,0,23,23,0,46,0,97,105,0,202,0,120,128,0,248,164,0,164,412
05/14/2021,OSU,OH,AGL,CE,Federal Contract Tower,0,27,13,0,40,0,142,151,0,293,0,169,164,0,333,388,0,388,721
05/15/2021,OSU,OH,AGL,CE,Federal Contract Tower,0,15,11,0,26,0,45,141,0,186,0,60,152,0,212,292,0,292,504
05/16/2021,OSU,OH,AGL,CE,Federal Contract Tower,0,17,23,0,40,0,20,121,0,141,0,37,144,0,181,60,0,60,241
05/17/2021,OSU,OH,AGL,CE,Federal Contract Tower,0,26,17,0,43,0,61,97,0,158,0,87,114,0,201,234,0,234,435
05/18/2021,OSU,OH,AGL,CE,Federal Contract Tower,0,20,25,0,45,0,126,129,0,255,0,146,154,0,300,220,0,220,520
05/19/2021,OSU,OH,AGL,CE,Federal Contract Tower,0,34,28,0,62,0,97,122,0,219,0,131,150,0,281,288,0,288,569
05/20/2021,OSU,OH,AGL,CE,Federal Contract Tower,0,33,20,0,53,0,81,129,0,210,0,114,149,0,263,152,0,152,415
05/21/2021,OSU,OH,AGL,CE,Federal Contract Tower,0,23,36,0,59,0,110,133,0,243,0,133,169,0,302,298,0,298,600
05/22/2021,OSU,OH,AGL,CE,Federal Contract Tower,0,10,24,0,34,0,12,116,0,128,0,22,140,0,162,74,0,74,236
05/23/2021,OSU,OH,AGL,CE,Federal Contract Tower,0,17,18,0,35,0,23,83,0,106,0,40,101,0,141,88,0,88,229
05/24/2021,OSU,OH,AGL,CE,Federal Contract Tower,0,20,14,0,34,0,34,80,0,114,0,54,94,0,148,146,0,146,294
05/25/2021,OSU,OH,AGL,CE,Federal Contract Tower,0,30,23,0,53,0,87,107,0,194,0,117,130,0,247,72,0,72,319
05/26/2021,OSU,OH,AGL,CE,Federal Contract Tower,0,23,20,0,43,0,13,38,0,51,0,36,58,0,94,22,0,22,116
05/27/2021,OSU,OH,AGL,CE,Federal Contract Tower,0,22,24,0,46,0,118,136,0,254,0,140,160,0,300,298,0,298,598
05/28/2021,OSU,OH,AGL,CE,Federal Contract Tower,0,22,19,0,41,0,0,5,0,5,0,22,24,0,46,4,0,4,50
05/29/2021,OSU,OH,AGL,CE,Federal Contract Tower,0,14,17,0,31,0,0,6,0,6,0,14,23,0,37,0,0,0,37
05/30/2021,OSU,OH,AGL,CE,Federal Contract Tower,0,21,16,0,37,0,4,80,0,84,0,25,96,0,121,96,0,96,217
05/31/2021,OSU,OH,AGL,CE,Federal Contract Tower,0,34,22,0,56,0,0,123,0,123,0,34,145,0,179,48,0,48,227
06/01/2021,OSU,OH,AGL,CE,Federal Contract Tower,0,31,27,0,58,0,123,143,0,266,0,154,170,0,324,268,0,268,592
06/02/2021,OSU,OH,AGL,CE,Federal Contract Tower,0,27,32,0,59,0,0,8,0,8,0,27,40,0,67,32,0,32,99
06/03/2021,OSU,OH,AGL,CE,Federal Contract Tower,0,40,29,0,69,0,0,5,0,5,0,40,34,0,74,34,0,34,108
06/04/2021,OSU,OH,AGL,CE,Federal Contract Tower,0,37,21,0,58,0,97,123,0,220,0,134,144,0,278,218,0,218,496
06/05/2021,OSU,OH,AGL,CE,Federal Contract Tower,0,36,22,0,58,0,46,138,0,184,0,82,160,0,242,58,0,58,300
06/06/2021,OSU,OH,AGL,CE,Federal Contract Tower,0,41,34,0,75,0,30,91,0,121,0,71,125,0,196,68,0,68,264
06/07/2021,OSU,OH,AGL,CE,Federal Contract Tower,0,37,26,0,63,0,0,33,0,33,0,37,59,0,96,68,0,68,164
06/08/2021,OSU,OH,AGL,CE,Federal Contract Tower,0,17,12,0,29,0,26,49,0,75,0,43,61,0,104,60,0,60,164
06/09/2021,OSU,OH,AGL,CE,Federal Contract Tower,0,8,9,0,17,0,0,9,0,9,0,8,18,0,26,10,0,10,36
06/10/2021,OSU,OH,AGL,CE,Federal Contract Tower,0,23,26,0,49,0,0,40,0,40,0,23,66,0,89,79,0,79,168
06/11/2021,OSU,OH,AGL,CE,Federal Contract Tower,0,17,17,0,34,0,0,39,0,39,0,17,56,0,73,32,0,32,105
06/12/2021,OSU,OH,AGL,CE,Federal Contract Tower,0,13,12,0,25,0,29,92,0,121,0,42,104,0,146,64,0,64,210
06/13/2021,OSU,OH,AGL,CE,Federal Contract Tower,0,16,17,0,33,0,10,58,0,68,0,26,75,0,101,26,0,26,127
06/14/2021,OSU,OH,AGL,CE,Federal Contract Tower,0,12,21,0,33,0,63,81,2,146,0,75,102,2,179,78,0,78,257
06/15/2021,OSU,OH,AGL,CE,Federal Contract Tower,0,11,21,0,32,0,81,78,0,159,0,92,99,0,191,74,0,74,265
06/16/2021,OSU,OH,AGL,CE,Federal Contract Tower,0,35,21,0,56,0,86,155,0,241,0,121,176,0,297,256,0,256,553
06/17/2021,OSU,OH,AGL,CE,Federal Contract Tower,0,24,18,0,42,0,167,168,0,335,0,191,186,0,377,288,0,288,665
06/18/2021,OSU,OH,AGL,CE,Federal Contract Tower,0,17,20,0,37,0,0,24,0,24,0,17,44,0,61,10,0,10,71
06/19/2021,OSU,OH,AGL,CE,Federal Contract Tower,0,7,10,0,17,0,0,24,0,24,0,7,34,0,41,12,0,12,53
06/20/2021,OSU,OH,AGL,CE,Federal Contract Tower,0,15,20,0,35,0,13,83,0,96,0,28,103,0,131,54,0,54,185
06/21/2021,OSU,OH,AGL,CE,Federal Contract Tower,0,25,9,0,34,0,0,27,0,27,0,25,36,0,61,30,0,30,91
06/22/2021,OSU,OH,AGL,CE,Federal Contract Tower,0,30,22,0,52,0,56,132,0,188,0,86,154,0,240,164,0,164,404
06/23/2021,OSU,OH,AGL,CE,Federal Contract Tower,0,37,20,0,57,0,142,178,0,320,0,179,198,0,377,368,0,368,745
06/24/2021,OSU,OH,AGL,CE,Federal Contract Tower,0,34,30,0,64,0,64,120,32,216,0,98,150,32,280,104,0,104,384
06/25/2021,OSU,OH,AGL,CE,Federal Contract Tower,0,17,23,0,40,0,5,46,0,51,0,22,69,0,91,16,0,16,107
06/26/2021,OSU,OH,AGL,CE,Federal Contract Tower,0,21,14,0,35,0,0,59,0,59,0,21,73,0,94,6,0,6,100
06/27/2021,OSU,OH,AGL,CE,Federal Contract Tower,0,18,10,0,28,0,0,69,0,69,0,18,79,0,97,10,0,10,107
06/28/2021,OSU,OH,AGL,CE,Federal Contract Tower,0,15,11,0,26,0,56,91,0,147,0,71,102,0,173,86,0,86,259
06/29/2021,OSU,OH,AGL,CE,Federal Contract Tower,0,22,21,0,43,0,80,61,0,141,0,102,82,0,184,182,0,182,366
06/30/2021,OSU,OH,AGL,CE,Federal Contract Tower,0,18,20,0,38,0,1,53,0,54,0,19,73,0,92,38,0,38,130
07/01/2021,OSU,OH,AGL,CE,Federal Contract Tower,0,24,58,0,82,0,0,33,0,33,0,24,91,0,115,6,0,6,121
07/02/2021,OSU,OH,AGL,CE,Federal Contract Tower,0,24,21,1,46,0,35,77,0,112,0,59,98,1,158,6,0,6,164
07/03/2021,OSU,OH,AGL,CE,Federal Contract Tower,0,13,24,0,37,0,30,87,0,117,0,43,111,0,154,22,0,22,176
07/04/2021,OSU,OH,AGL,CE,Federal Contract Tower,0,6,12,0,18,0,8,62,0,70,0,14,74,0,88,24,0,24,112
07/05/2021,OSU,OH,AGL,CE,Federal Contract Tower,0,17,17,0,34,0,0,79,0,79,0,17,96,0,113,16,0,16,129
07/06/2021,OSU,OH,AGL,CE,Federal Contract Tower,0,23,24,0,47,0,135,129,0,264,0,158,153,0,311,284,0,284,595
07/07/2021,OSU,OH,AGL,CE,Federal Contract Tower,0,17,14,0,31,0,15,73,0,88,0,32,87,0,119,214,0,214,333
07/08/2021,OSU,OH,AGL,CE,Federal Contract Tower,0,21,28,0,49,0,0,16,0,16,0,21,44,0,65,22,0,22,87
07/09/2021,OSU,OH,AGL,CE,Federal Contract Tower,0,44,36,0,80,0,18,64,0,82,0,62,100,0,162,54,0,54,216
07/10/2021,OSU,OH,AGL,CE,Federal Contract Tower,0,14,31,0,45,0,15,77,0,92,0,29,108,0,137,42,0,42,179
07/11/2021,OSU,OH,AGL,CE,Federal Contract Tower,0,16,23,0,39,0,0,16,0,16,0,16,39,0,55,0,0,0,55
07/12/2021,OSU,OH,AGL,CE,Federal Contract Tower,0,22,19,0,41,0,0,35,0,35,0,22,54,0,76,22,0,22,98
07/13/2021,OSU,OH,AGL,CE,Federal Contract Tower,0,18,21,0,39,0,0,14,0,14,0,18,35,0,53,2,0,2,55
07/14/2021,OSU,OH,AGL,CE,Federal Contract Tower,0,36,28,0,64,0,85,128,1,214,0,121,156,1,278,168,0,168,446
07/15/2021,OSU,OH,AGL,CE,Federal Contract Tower,0,34,37,0,71,0,74,87,0,161,0,108,124,0,232,50,0,50,282
07/16/2021,OSU,OH,AGL,CE,Federal Contract Tower,0,12,18,0,30,0,1,34,0,35,0,13,52,0,65,8,0,8,73
07/17/2021,OSU,OH,AGL,CE,Federal Contract Tower,0,7,8,0,15,0,17,17,0,34,0,24,25,0,49,16,0,16,65
07/18/2021,OSU,OH,AGL,CE,Federal Contract Tower,0,21,23,0,44,0,39,145,0,184,0,60,168,0,228,144,0,144,372
07/19/2021,OSU,OH,AGL,CE,Federal Contract Tower,0,25,19,0,44,0,116,155,0,271,0,141,174,0,315,238,0,238,553
07/20/2021,OSU,OH,AGL,CE,Federal Contract Tower,0,34,17,0,51,0,99,154,0,253,0,133,171,0,304,260,0,260,564
07/21/2021,OSU,OH,AGL,CE,Federal Contract Tower,0,31,20,0,51,0,17,48,0,65,0,48,68,0,116,44,0,44,160
07/22/2021,OSU,OH,AGL,CE,Federal Contract Tower,0,30,19,0,49,0,147,127,0,274,0,177,146,0,323,130,0,130,453
07/23/2021,OSU,OH,AGL,CE,Federal Contract Tower,0,22,31,0,53,0,47,87,0,134,0,69,118,0,187,130,0,130,317
07/24/2021,OSU,OH,AGL,CE,Federal Contract Tower,0,9,23,0,32,0,24,117,0,141,0,33,140,0,173,14,0,14,187
07/25/2021,OSU,OH,AGL,CE,Federal Contract Tower,0,20,23,0,43,0,8,60,0,68,0,28,83,0,111,102,0,102,213
07/26/2021,OSU,OH,AGL,CE,Federal Contract Tower,0,19,14,0,33,0,88,86,0,174,0,107,100,0,207,138,0,138,345
07/27/2021,OSU,OH,AGL,CE,Federal Contract Tower,0,21,30,0,51,0,111,135,0,246,0,132,165,0,297,82,0,82,379
07/28/2021,OSU,OH,AGL,CE,Federal Contract Tower,0,22,43,0,65,0,57,100,0,157,0,79,143,0,222,50,0,50,272
07/29/2021,OSU,OH,AGL,CE,Federal Contract Tower,0,10,17,1,28,0,0,22,0,22,0,10,39,1,50,0,0,0,50
07/30/2021,OSU,OH,AGL,CE,Federal Contract Tower,0,18,29,0,47,0,33,100,0,133,0,51,129,0,180,116,0,116,296
07/31/2021,OSU,OH,AGL,CE,Federal Contract Tower,0,11,16,0,27,0,11,115,0,126,0,22,131,0,153,30,0,30,183
08/01/2021,OSU,OH,AGL,CE,Federal Contract Tower,0,19,21,0,40,0,12,54,0,66,0,31,75,0,106,44,0,44,150
08/02/2021,OSU,OH,AGL,CE,Federal Contract Tower,0,17,24,0,41,0,56,117,0,173,0,73,141,0,214,226,0,226,440
08/03/2021,OSU,OH,AGL,CE,Federal Contract Tower,0,9,38,0,47,0,77,126,0,203,0,86,164,0,250,118,0,118,368
08/04/2021,OSU,OH,AGL,CE,Federal Contract Tower,0,28,23,0,51,0,100,162,0,262,0,128,185,0,313,174,0,174,487
08/05/2021,OSU,OH,AGL,CE,Federal Contract Tower,0,21,26,0,47,0,88,111,0,199,0,109,137,0,246,232,0,232,478
08/06/2021,OSU,OH,AGL,CE,Federal Contract Tower,0,17,22,0,39,0,54,125,0,179,0,71,147,0,218,156,0,156,374
08/07/2021,OSU,OH,AGL,CE,Federal Contract Tower,0,3,21,0,24,0,4,53,0,57,0,7,74,0,81,8,0,8,89
08/08/2021,OSU,OH,AGL,CE,Federal Contract Tower,0,3,27,0,30,0,5,103,0,108,0,8,130,0,138,20,0,20,158
08/09/2021,OSU,OH,AGL,CE,Federal Contract Tower,0,20,21,0,41,0,34,63,0,97,0,54,84,0,138,52,0,52,190
08/10/2021,OSU,OH,AGL,CE,Federal Contract Tower,0,15,18,0,33,0,0,21,0,21,0,15,39,0,54,6,0,6,60
08/11/2021,OSU,OH,AGL,CE,Federal Contract Tower,0,14,20,0,34,0,1,57,0,58,0,15,77,0,92,48,0,48,140
08/12/2021,OSU,OH,AGL,CE,Federal Contract Tower,0,25,20,0,45,0,1,39,0,40,0,26,59,0,85,34,0,34,119
08/13/2021,OSU,OH,AGL,CE,Federal Contract Tower,0,18,29,0,47,0,3,43,0,46,0,21,72,0,93,8,0,8,101
08/14/2021,OSU,OH,AGL,CE,Federal Contract Tower,0,12,18,0,30,0,27,114,0,141,0,39,132,0,171,74,0,74,245
08/15/2021,OSU,OH,AGL,CE,Federal Contract Tower,0,8,35,0,43,0,22,121,0,143,0,30,156,0,186,28,0,28,214
08/16/2021,OSU,OH,AGL,CE,Federal Contract Tower,0,22,38,0,60,0,0,24,0,24,0,22,62,0,84,0,0,0,84
08/17/2021,OSU,OH,AGL,CE,Federal Contract Tower,0,21,28,0,49,0,0,14,0,14,0,21,42,0,63,24,0,24,87
08/18/2021,OSU,OH,AGL,CE,Federal Contract Tower,0,23,19,0,42,0,11,40,0,51,0,34,59,0,93,84,0,84,177
08/19/2021,OSU,OH,AGL,CE,Federal Contract Tower,0,24,31,0,55,0,10,80,0,90,0,34,111,0,145,112,0,112,257
08/20/2021,OSU,OH,AGL,CE,Federal Contract Tower,0,23,22,0,45,0,74,125,0,199,0,97,147,0,244,138,0,138,382
08/21/2021,OSU,OH,AGL,CE,Federal Contract Tower,0,16,13,0,29,0,22,139,0,161,0,38,152,0,190,64,0,64,254
08/22/2021,OSU,OH,AGL,CE,Federal Contract Tower,0,15,17,0,32,0,18,102,0,120,0,33,119,0,152,64,0,64,216
08/23/2021,OSU,OH,AGL,CE,Federal Contract Tower,0,13,12,0,25,0,65,113,0,178,0,78,125,0,203,212,0,212,415
08/24/2021,OSU,OH,AGL,CE,Federal Contract Tower,0,12,11,0,23,0,29,95,0,124,0,41,106,0,147,64,0,64,211
08/25/2021,OSU,OH,AGL,CE,Federal Contract Tower,0,19,13,0,32,0,33,89,0,122,0,52,102,0,154,68,0,68,222
08/26/2021,OSU,OH,AGL,CE,Federal Contract Tower,0,25,25,0,50,0,11,46,0,57,0,36,71,0,107,112,0,112,219
08/27/2021,OSU,OH,AGL,CE,Federal Contract Tower,0,17,12,0,29,0,99,105,0,204,0,116,117,0,233,234,0,234,467
08/28/2021,OSU,OH,AGL,CE,Federal Contract Tower,0,12,17,0,29,0,26,103,0,129,0,38,120,0,158,38,0,38,196
08/29/2021,OSU,OH,AGL,CE,Federal Contract Tower,0,12,20,0,32,0,6,78,0,84,0,18,98,0,116,72,0,72,188
08/30/2021,OSU,OH,AGL,CE,Federal Contract Tower,0,19,17,0,36,0,11,36,0,47,0,30,53,0,83,114,0,114,197
08/31/2021,OSU,OH,AGL,CE,Federal Contract Tower,0,14,17,0,31,0,1,5,0,6,0,15,22,0,37,20,0,20,57
09/01/2021,OSU,OH,AGL,CE,Federal Contract Tower,0,10,33,7,50,0,8,58,20,86,0,18,91,27,136,26,0,26,162
09/02/2021,OSU,OH,AGL,CE,Federal Contract Tower,0,23,25,0,48,0,156,144,0,300,0,179,169,0,348,280,0,280,628
09/03/2021,OSU,OH,AGL,CE,Federal Contract Tower,0,42,33,0,75,0,127,150,0,277,0,169,183,0,352,334,0,334,686
09/04/2021,OSU,OH,AGL,CE,Federal Contract Tower,0,13,15,0,28,0,38,149,0,187,0,51,164,0,215,168,0,168,383
09/05/2021,OSU,OH,AGL,CE,Federal Contract Tower,0,12,13,0,25,0,9,54,0,63,0,21,67,0,88,6,0,6,94
09/06/2021,OSU,OH,AGL,CE,Federal Contract Tower,0,7,33,0,40,0,0,90,0,90,0,7,123,0,130,8,0,8,138
09/07/2021,OSU,OH,AGL,CE,Federal Contract Tower,0,17,18,0,35,0,87,110,0,197,0,104,128,0,232,240,0,240,472
09/08/2021,OSU,OH,AGL,CE,Federal Contract Tower,0,24,34,0,58,0,63,106,0,169,0,87,140,0,227,384,0,384,611
09/09/2021,OSU,OH,AGL,CE,Federal Contract Tower,0,33,26,0,59,0,115,144,0,259,0,148,170,0,318,160,0,160,478
09/10/2021,OSU,OH,AGL,CE,Federal Contract Tower,0,26,27,0,53,0,121,150,0,271,0,147,177,0,324,294,0,294,618
09/11/2021,OSU,OH,AGL,CE,Federal Contract Tower,0,32,30,0,62,0,22,114,0,136,0,54,144,0,198,40,0,40,238
09/12/2021,OSU,OH,AGL,CE,Federal Contract Tower,0,12,21,0,33,0,0,76,0,76,0,12,97,0,109,6,0,6,115
09/13/2021,OSU,OH,AGL,CE,Federal Contract Tower,0,37,25,0,62,0,108,148,0,256,0,145,173,0,318,260,0,260,578
09/14/2021,OSU,OH,AGL,CE,Federal Contract Tower,0,20,24,0,44,0,46,91,0,137,0,66,115,0,181,52,0,52,233
09/15/2021,OSU,OH,AGL,CE,Federal Contract Tower,0,17,25,0,42,0,0,25,0,25,0,17,50,0,67,46,0,46,113
09/16/2021,OSU,OH,AGL,CE,Federal Contract Tower,0,31,27,0,58,0,128,135,0,263,0,159,162,0,321,454,0,454,775
09/17/2021,OSU,OH,AGL,CE,Federal Contract Tower,0,32,18,0,50,0,100,124,0,224,0,132,142,0,274,414,0,414,688
09/18/2021,OSU,OH,AGL,CE,Federal Contract Tower,0,12,22,0,34,0,10,94,0,104,0,22,116,0,138,138,0,138,276
09/19/2021,OSU,OH,AGL,CE,Federal Contract Tower,0,21,30,0,51,0,36,131,0,167,0,57,161,0,218,60,0,60,278
09/20/2021,OSU,OH,AGL,CE,Federal Contract Tower,0,16,14,0,30,0,32,84,0,116,0,48,98,0,146,122,0,122,268
09/21/2021,OSU,OH,AGL,CE,Federal Contract Tower,0,17,21,0,38,0,0,12,0,12,0,17,33,0,50,8,0,8,58
09/22/2021,OSU,OH,AGL,CE,Federal Contract Tower,0,11,11,0,22,0,0,0,0,0,0,11,11,0,22,0,0,0,22
09/23/2021,OSU,OH,AGL,CE,Federal Contract Tower,0,16,35,0,51,0,4,30,0,34,0,20,65,0,85,0,0,0,85
09/24/2021,OSU,OH,AGL,CE,Federal Contract Tower,0,44,29,0,73,0,132,149,0,281,0,176,178,0,354,228,0,228,582
09/25/2021,OSU,OH,AGL,CE,Federal Contract Tower,0,11,10,0,21,0,10,58,0,68,0,21,68,0,89,130,0,130,219
09/26/2021,OSU,OH,AGL,CE,Federal Contract Tower,0,30,21,0,51,0,31,130,0,161,0,61,151,0,212,101,0,101,313
09/27/2021,OSU,OH,AGL,CE,Federal Contract Tower,0,12,16,0,28,0,3,49,0,52,0,15,65,0,80,8,0,8,88
09/28/2021,OSU,OH,AGL,CE,Federal Contract Tower,0,35,27,0,62,0,98,146,0,244,0,133,173,0,306,380,0,380,686
09/29/2021,OSU,OH,AGL,CE,Federal Contract Tower,0,26,30,0,56,0,120,160,0,280,0,146,190,0,336,314,0,314,650
09/30/2021,OSU,OH,AGL,CE,Federal Contract Tower,0,35,22,0,57,0,117,160,0,277,0,152,182,0,334,320,0,320,654
10/01/2021,OSU,OH,AGL,CE,Federal Contract Tower,0,31,17,0,48,0,130,167,0,297,0,161,184,0,345,448,0,448,793
10/02/2021,OSU,OH,AGL,CE,Federal Contract Tower,0,24,20,0,44,0,43,125,0,168,0,67,145,0,212,174,0,174,386
10/03/2021,OSU,OH,AGL,CE,Federal Contract Tower,0,23,20,0,43,0,0,5,0,5,0,23,25,0,48,12,0,12,60
10/04/2021,OSU,OH,AGL,CE,Federal Contract Tower,0,25,13,0,38,0,15,26,0,41,0,40,39,0,79,114,0,114,193
10/05/2021,OSU,OH,AGL,CE,Federal Contract Tower,0,23,24,0,47,0,34,73,0,107,0,57,97,0,154,202,0,202,356
10/06/2021,OSU,OH,AGL,CE,Federal Contract Tower,0,35,24,0,59,0,39,43,1,83,0,74,67,1,142,172,0,172,314
10/07/2021,OSU,OH,AGL,CE,Federal Contract Tower,0,22,27,0,49,0,3,37,6,46,0,25,64,6,95,152,0,152,247
10/08/2021,OSU,OH,AGL,CE,Federal Contract Tower,0,42,25,0,67,0,5,52,0,57,0,47,77,0,124,198,0,198,322
10/09/2021,OSU,OH,AGL,CE,Federal Contract Tower,0,15,27,0,42,0,0,63,0,63,0,15,90,0,105,50,0,50,155
10/10/2021,OSU,OH,AGL,CE,Federal Contract Tower,0,12,16,0,28,0,34,96,0,130,0,46,112,0,158,122,0,122,280
10/11/2021,OSU,OH,AGL,CE,Federal Contract Tower,0,35,17,0,52,0,117,115,0,232,0,152,132,0,284,128,0,128,412
10/12/2021,OSU,OH,AGL,CE,Federal Contract Tower,0,23,19,0,42,0,21,49,21,91,0,44,68,21,133,28,0,28,161
10/13/2021,OSU,OH,AGL,CE,Federal Contract Tower,0,27,35,0,62,0,79,137,0,216,0,106,172,0,278,378,0,378,656
10/14/2021,OSU,OH,AGL,CE,Federal Contract Tower,0,32,34,0,66,0,71,107,0,178,0,103,141,0,244,180,0,180,424
10/15/2021,OSU,OH,AGL,CE,Federal Contract Tower,0,23,27,0,50,0,25,42,0,67,0,48,69,0,117,98,0,98,215
10/16/2021,OSU,OH,AGL,CE,Federal Contract Tower,0,6,13,0,19,0,2,48,0,50,0,8,61,0,69,26,0,26,95
10/17/2021,OSU,OH,AGL,CE,Federal Contract Tower,0,13,21,0,34,0,6,60,0,66,0,19,81,0,100,0,0,0,100
10/18/2021,OSU,OH,AGL,CE,Federal Contract Tower,0,26,24,0,50,0,110,128,0,238,0,136,152,0,288,334,0,334,622
10/19/2021,OSU,OH,AGL,CE,Federal Contract Tower,0,36,28,0,64,0,113,103,0,216,0,149,131,0,280,288,0,288,568
10/20/2021,OSU,OH,AGL,CE,Federal Contract Tower,0,37,33,0,70,0,154,160,0,314,0,191,193,0,384,173,0,173,557
10/21/2021,OSU,OH,AGL,CE,Federal Contract Tower,0,14,31,0,45,0,5,16,0,21,0,19,47,0,66,14,0,14,80
10/22/2021,OSU,OH,AGL,CE,Federal Contract Tower,0,24,21,0,45,0,3,20,0,23,0,27,41,0,68,82,0,82,150
10/23/2021,OSU,OH,AGL,CE,Federal Contract Tower,0,12,24,0,36,0,4,56,0,60,0,16,80,0,96,68,0,68,164
10/24/2021,OSU,OH,AGL,CE,Federal Contract Tower,0,8,17,0,25,0,0,1,0,1,0,8,18,0,26,0,0,0,26
10/25/2021,OSU,OH,AGL,CE,Federal Contract Tower,0,8,14,0,22,0,0,10,0,10,0,8,24,0,32,12,0,12,44
10/26/2021,OSU,OH,AGL,CE,Federal Contract Tower,0,17,10,0,27,0,10,35,0,45,0,27,45,0,72,32,0,32,104
10/27/2021,OSU,OH,AGL,CE,Federal Contract Tower,0,29,28,0,57,0,6,36,0,42,0,35,64,0,99,328,0,328,427
10/28/2021,OSU,OH,AGL,CE,Federal Contract Tower,0,27,23,0,50,0,60,74,0,134,0,87,97,0,184,195,0,195,379
10/29/2021,OSU,OH,AGL,CE,Federal Contract Tower,0,24,20,0,44,0,0,0,0,0,0,24,20,0,44,0,0,0,44
10/30/2021,OSU,OH,AGL,CE,Federal Contract Tower,0,20,31,0,51,0,0,3,0,3,0,20,34,0,54,16,0,16,70
10/31/2021,OSU,OH,AGL,CE,Federal Contract Tower,0,11,24,0,35,0,10,69,0,79,0,21,93,0,114,34,0,34,148
11/01/2021,OSU,OH,AGL,CE,Federal Contract Tower,0,26,21,0,47,0,101,120,0,221,0,127,141,0,268,234,0,234,502
11/02/2021,OSU,OH,AGL,CE,Federal Contract Tower,0,26,23,0,49,0,77,95,0,172,0,103,118,0,221,263,0,263,484
11/03/2021,OSU,OH,AGL,CE,Federal Contract Tower,0,15,16,0,31,0,43,71,0,114,0,58,87,0,145,240,0,240,385
11/04/2021,OSU,OH,AGL,CE,Federal Contract Tower,0,24,26,0,50,0,93,101,0,194,0,117,127,0,244,334,0,334,578
11/05/2021,OSU,OH,AGL,CE,Federal Contract Tower,0,17,35,0,52,0,76,87,2,165,0,93,122,2,217,146,0,146,363
11/06/2021,OSU,OH,AGL,CE,Federal Contract Tower,0,11,11,0,22,0,32,123,0,155,0,43,134,0,177,132,0,132,309
11/07/2021,OSU,OH,AGL,CE,Federal Contract Tower,0,12,18,0,30,0,46,123,0,169,0,58,141,0,199,168,0,168,367
11/08/2021,OSU,OH,AGL,CE,Federal Contract Tower,0,26,19,0,45,0,107,87,0,194,0,133,106,0,239,170,0,170,409
11/09/2021,OSU,OH,AGL,CE,Federal Contract Tower,0,28,18,0,46,0,105,77,0,182,0,133,95,0,228,312,0,312,540
11/10/2021,OSU,OH,AGL,CE,Federal Contract Tower,0,40,24,0,64,0,81,65,0,146,0,121,89,0,210,220,0,220,430
11/11/2021,OSU,OH,AGL,CE,Federal Contract Tower,0,13,17,0,30,0,0,10,0,10,0,13,27,0,40,0,0,0,40
11/12/2021,OSU,OH,AGL,CE,Federal Contract Tower,0,15,16,0,31,0,0,21,0,21,0,15,37,0,52,0,0,0,52
11/13/2021,OSU,OH,AGL,CE,Federal Contract Tower,0,9,10,0,19,0,0,9,0,9,0,9,19,0,28,8,0,8,36
11/14/2021,OSU,OH,AGL,CE,Federal Contract Tower,0,10,13,0,23,0,0,0,0,0,0,10,13,0,23,0,0,0,23
11/15/2021,OSU,OH,AGL,CE,Federal Contract Tower,0,11,15,0,26,0,51,64,0,115,0,62,79,0,141,236,0,236,377
11/16/2021,OSU,OH,AGL,CE,Federal Contract Tower,0,27,17,0,44,0,132,108,0,240,0,159,125,0,284,352,0,352,636
11/17/2021,OSU,OH,AGL,CE,Federal Contract Tower,0,10,15,0,25,0,2,32,0,34,0,12,47,0,59,26,0,26,85
11/18/2021,OSU,OH,AGL,CE,Federal Contract Tower,0,20,19,0,39,0,9,28,0,37,0,29,47,0,76,40,0,40,116
11/19/2021,OSU,OH,AGL,CE,Federal Contract Tower,0,24,27,0,51,0,112,133,0,245,0,136,160,0,296,296,0,296,592
11/20/2021,OSU,OH,AGL,CE,Federal Contract Tower,0,33,30,0,63,0,19,87,0,106,0,52,117,0,169,44,0,44,213
11/21/2021,OSU,OH,AGL,CE,Federal Contract Tower,0,7,13,0,20,0,0,7,0,7,0,7,20,0,27,10,0,10,37
11/22/2021,OSU,OH,AGL,CE,Federal Contract Tower,0,21,23,0,44,0,67,71,0,138,0,88,94,0,182,168,0,168,350
11/23/2021,OSU,OH,AGL,CE,Federal Contract Tower,0,31,25,0,56,0,92,137,0,229,0,123,162,0,285,236,0,236,521
11/24/2021,OSU,OH,AGL,CE,Federal Contract Tower,0,31,20,0,51,0,26,104,0,130,0,57,124,0,181,36,0,36,217
11/25/2021,OSU,OH,AGL,CE,Federal Contract Tower,0,8,6,0,14,0,0,2,0,2,0,8,8,0,16,14,0,14,30
11/26/2021,OSU,OH,AGL,CE,Federal Contract Tower,0,7,7,0,14,0,0,18,0,18,0,7,25,0,32,12,0,12,44
11/27/2021,OSU,OH,AGL,CE,Federal Contract Tower,0,14,11,0,25,0,2,55,0,57,0,16,66,0,82,4,0,4,86
11/28/2021,OSU,OH,AGL,CE,Federal Contract Tower,0,16,14,0,30,0,1,42,0,43,0,17,56,0,73,76,0,76,149
11/29/2021,OSU,OH,AGL,CE,Federal Contract Tower,0,28,19,0,47,0,91,113,0,204,0,119,132,0,251,204,0,204,455
11/30/2021,OSU,OH,AGL,CE,Federal Contract Tower,0,29,23,0,52,0,87,88,0,175,0,116,111,0,227,204,0,204,431
12/01/2021,OSU,OH,AGL,CE,Federal Contract Tower,0,22,21,0,43,0,15,48,0,63,0,37,69,0,106,64,0,64,170
12/02/2021,OSU,OH,AGL,CE,Federal Contract Tower,0,14,13,0,27,0,8,42,0,50,0,22,55,0,77,0,0,0,77
12/03/2021,OSU,OH,AGL,CE,Federal Contract Tower,0,16,18,0,34,0,103,118,0,221,0,119,136,0,255,306,0,306,561
12/04/2021,OSU,OH,AGL,CE,Federal Contract Tower,0,16,13,0,29,0,38,102,0,140,0,54,115,0,169,144,0,144,313
12/05/2021,OSU,OH,AGL,CE,Federal Contract Tower,0,10,12,0,22,0,7,35,0,42,0,17,47,0,64,4,0,4,68
12/06/2021,OSU,OH,AGL,CE,Federal Contract Tower,0,13,5,0,18,0,0,10,0,10,0,13,15,0,28,0,0,0,28
12/07/2021,OSU,OH,AGL,CE,Federal Contract Tower,0,19,14,0,33,0,69,87,0,156,0,88,101,0,189,186,0,186,375
12/08/2021,OSU,OH,AGL,CE,Federal Contract Tower,0,18,23,0,41,0,5,68,0,73,0,23,91,0,114,34,0,34,148
12/09/2021,OSU,OH,AGL,CE,Federal Contract Tower,0,30,25,0,55,0,48,66,0,114,0,78,91,0,169,60,0,60,229
12/10/2021,OSU,OH,AGL,CE,Federal Contract Tower,0,19,12,0,31,0,1,17,0,18,0,20,29,0,49,112,0,112,161
12/11/2021,OSU,OH,AGL,CE,Federal Contract Tower,0,5,5,0,10,0,1,4,0,5,0,6,9,0,15,0,0,0,15
12/12/2021,OSU,OH,AGL,CE,Federal Contract Tower,0,21,15,0,36,0,42,99,0,141,0,63,114,0,177,62,0,62,239
12/13/2021,OSU,OH,AGL,CE,Federal Contract Tower,0,13,13,0,26,0,49,85,0,134,0,62,98,0,160,88,0,88,248
12/14/2021,OSU,OH,AGL,CE,Federal Contract Tower,0,28,15,0,43,0,71,107,0,178,0,99,122,0,221,170,0,170,391
12/15/2021,OSU,OH,AGL,CE,Federal Contract Tower,0,17,24,0,41,0,7,70,0,77,0,24,94,0,118,38,0,38,156
12/16/2021,OSU,OH,AGL,CE,Federal Contract Tower,0,12,18,0,30,0,0,5,0,5,0,12,23,0,35,0,0,0,35
12/17/2021,OSU,OH,AGL,CE,Federal Contract Tower,0,21,19,0,40,0,21,65,0,86,0,42,84,0,126,28,0,28,154
12/18/2021,OSU,OH,AGL,CE,Federal Contract Tower,0,10,4,0,14,0,0,0,0,0,0,10,4,0,14,0,0,0,14
12/19/2021,OSU,OH,AGL,CE,Federal Contract Tower,0,10,15,0,25,0,6,47,0,53,0,16,62,0,78,30,0,30,108
12/20/2021,OSU,OH,AGL,CE,Federal Contract Tower,0,21,15,0,36,0,52,108,0,160,0,73,123,0,196,72,0,72,268
12/21/2021,OSU,OH,AGL,CE,Federal Contract Tower,0,19,21,0,40,0,33,87,0,120,0,52,108,0,160,94,0,94,254
12/22/2021,OSU,OH,AGL,CE,Federal Contract Tower,0,19,25,0,44,0,20,110,0,130,0,39,135,0,174,44,0,44,218
12/23/2021,OSU,OH,AGL,CE,Federal Contract Tower,0,14,22,0,36,0,1,62,0,63,0,15,84,0,99,4,0,4,103
12/24/2021,OSU,OH,AGL,CE,Federal Contract Tower,0,6,9,0,15,0,0,24,0,24,0,6,33,0,39,12,0,12,51
12/25/2021,OSU,OH,AGL,CE,Federal Contract Tower,0,1,2,0,3,0,0,0,0,0,0,1,2,0,3,0,0,0,3
12/26/2021,OSU,OH,AGL,CE,Federal Contract Tower,0,10,17,0,27,0,1,87,0,88,0,11,104,0,115,58,0,58,173
12/27/2021,OSU,OH,AGL,CE,Federal Contract Tower,0,14,13,0,27,0,0,2,0,2,0,14,15,0,29,0,0,0,29
12/28/2021,OSU,OH,AGL,CE,Federal Contract Tower,0,23,8,0,31,0,0,24,0,24,0,23,32,0,55,30,0,30,85
12/29/2021,OSU,OH,AGL,CE,Federal Contract Tower,0,10,7,0,17,0,0,1,0,1,0,10,8,0,18,0,0,0,18
12/30/2021,OSU,OH,AGL,CE,Federal Contract Tower,0,19,5,0,24,0,0,0,0,0,0,19,5,0,24,0,0,0,24
12/31/2021,OSU,OH,AGL,CE,Federal Contract Tower,0,13,7,0,20,0,0,19,0,19,0,13,26,0,39,50,0,50,89
01/01/2022,OSU,OH,AGL,CE,Federal Contract Tower,0,5,2,0,7,0,0,0,0,0,0,5,2,0,7,0,0,0,7
01/02/2022,OSU,OH,AGL,CE,Federal Contract Tower,0,11,16,0,27,0,0,2,0,2,0,11,18,0,29,2,0,2,31
01/03/2022,OSU,OH,AGL,CE,Federal Contract Tower,0,17,5,0,22,0,40,90,0,130,0,57,95,0,152,164,0,164,316
01/04/2022,OSU,OH,AGL,CE,Federal Contract Tower,0,11,14,0,25,0,28,86,4,118,0,39,100,4,143,70,0,70,213
01/05/2022,OSU,OH,AGL,CE,Federal Contract Tower,0,20,11,0,31,0,0,21,5,26,0,20,32,5,57,0,0,0,57
01/06/2022,OSU,OH,AGL,CE,Federal Contract Tower,0,10,10,0,20,0,9,36,0,45,0,19,46,0,65,56,0,56,121
01/07/2022,OSU,OH,AGL,CE,Federal Contract Tower,0,9,4,0,13,0,9,29,1,39,0,18,33,1,52,72,0,72,124
01/08/2022,OSU,OH,AGL,CE,Federal Contract Tower,0,3,13,0,16,0,10,74,0,84,0,13,87,0,100,16,0,16,116
01/09/2022,OSU,OH,AGL,CE,Federal Contract Tower,0,2,4,0,6,0,0,8,0,8,0,2,12,0,14,0,0,0,14
01/10/2022,OSU,OH,AGL,CE,Federal Contract Tower,0,8,13,0,21,0,6,31,0,37,0,14,44,0,58,0,0,0,58
01/11/2022,OSU,OH,AGL,CE,Federal Contract Tower,0,11,16,0,27,0,82,86,0,168,0,93,102,0,195,90,0,90,285
01/12/2022,OSU,OH,AGL,CE,Federal Contract Tower,0,20,12,0,32,0,62,82,0,144,0,82,94,0,176,120,0,120,296
01/13/2022,OSU,OH,AGL,CE,Federal Contract Tower,0,17,9,0,26,0,79,82,0,161,0,96,91,0,187,164,0,164,351
01/14/2022,OSU,OH,AGL,CE,Federal Contract Tower,0,8,8,0,16,0,0,5,0,5,0,8,13,0,21,46,0,46,67
01/15/2022,OSU,OH,AGL,CE,Federal Contract Tower,0,6,12,0,18,0,29,78,0,107,0,35,90,0,125,104,0,104,229
01/16/2022,OSU,OH,AGL,CE,Federal Contract Tower,0,3,8,0,11,0,16,54,0,70,0,19,62,0,81,32,0,32,113
01/17/2022,OSU,OH,AGL,CE,Federal Contract Tower,0,3,8,0,11,0,0,0,0,0,0,3,8,0,11,0,0,0,11
01/18/2022,OSU,OH,AGL,CE,Federal Contract Tower,0,15,12,0,27,0,18,59,0,77,0,33,71,0,104,20,0,20,124
01/19/2022,OSU,OH,AGL,CE,Federal Contract Tower,0,9,11,0,20,0,22,54,0,76,0,31,65,0,96,66,0,66,162
01/20/2022,OSU,OH,AGL,CE,Federal Contract Tower,0,21,20,0,41,0,36,43,0,79,0,57,63,0,120,82,0,82,202
01/21/2022,OSU,OH,AGL,CE,Federal Contract Tower,0,11,8,0,19,0,71,59,0,130,0,82,67,0,149,246,0,246,395
01/22/2022,OSU,OH,AGL,CE,Federal Contract Tower,0,4,11,0,15,0,25,64,0,89,0,29,75,0,104,14,0,14,118
01/23/2022,OSU,OH,AGL,CE,Federal Contract Tower,0,1,6,0,7,0,0,1,0,1,0,1,7,0,8,0,0,0,8
01/24/2022,OSU,OH,AGL,CE,Federal Contract Tower,0,9,8,0,17,0,0,0,0,0,0,9,8,0,17,0,0,0,17
01/25/2022,OSU,OH,AGL,CE,Federal Contract Tower,0,19,8,0,27,0,12,48,0,60,0,31,56,0,87,165,0,165,252
01/26/2022,OSU,OH,AGL,CE,Federal Contract Tower,0,17,8,0,25,0,48,54,0,102,0,65,62,0,127,54,0,54,181
01/27/2022,OSU,OH,AGL,CE,Federal Contract Tower,0,23,9,0,32,0,24,42,0,66,0,47,51,0,98,88,0,88,186
01/28/2022,OSU,OH,AGL,CE,Federal Contract Tower,0,14,10,0,24,0,0,9,0,9,0,14,19,0,33,10,0,10,43
01/29/2022,OSU,OH,AGL,CE,Federal Contract Tower,0,12,11,0,23,0,39,98,0,137,0,51,109,0,160,56,0,56,216
01/30/2022,OSU,OH,AGL,CE,Federal Contract Tower,0,14,10,0,24,0,41,79,5,125,0,55,89,5,149,42,0,42,191
01/31/2022,OSU,OH,AGL,CE,Federal Contract Tower,0,10,21,0,31,0,54,79,9,142,0,64,100,9,173,104,0,104,277
02/01/2022,OSU,OH,AGL,CE,Federal Contract Tower,0,9,13,0,22,0,37,96,8,141,0,46,109,8,163,62,0,62,225
02/02/2022,OSU,OH,AGL,CE,Federal Contract Tower,0,8,19,0,27,0,0,1,0,1,0,8,20,0,28,12,0,12,40
02/03/2022,OSU,OH,AGL,CE,Federal Contract Tower,0,0,0,0,0,0,0,0,0,0,0,0,0,0,0,0,0,0,0
02/04/2022,OSU,OH,AGL,CE,Federal Contract Tower,0,6,1,0,7,0,0,4,0,4,0,6,5,0,11,0,0,0,11
02/05/2022,OSU,OH,AGL,CE,Federal Contract Tower,0,8,9,0,17,0,0,29,0,29,0,8,38,0,46,4,0,4,50
02/06/2022,OSU,OH,AGL,CE,Federal Contract Tower,0,1,13,0,14,0,5,88,0,93,0,6,101,0,107,26,0,26,133
02/07/2022,OSU,OH,AGL,CE,Federal Contract Tower,0,10,11,0,21,0,36,77,0,113,0,46,88,0,134,140,0,140,274
02/08/2022,OSU,OH,AGL,CE,Federal Contract Tower,0,17,23,0,40,0,58,109,0,167,0,75,132,0,207,112,0,112,319
02/09/2022,OSU,OH,AGL,CE,Federal Contract Tower,0,14,15,0,29,0,12,55,0,67,0,26,70,0,96,34,0,34,130
02/10/2022,OSU,OH,AGL,CE,Federal Contract Tower,0,19,22,0,41,0,47,72,0,119,0,66,94,0,160,154,0,154,314
02/11/2022,OSU,OH,AGL,CE,Federal Contract Tower,0,17,11,0,28,0,0,21,0,21,0,17,32,0,49,6,0,6,55
02/12/2022,OSU,OH,AGL,CE,Federal Contract Tower,0,3,8,0,11,0,0,32,0,32,0,3,40,0,43,26,0,26,69
02/13/2022,OSU,OH,AGL,CE,Federal Contract Tower,0,16,11,0,27,0,2,25,0,27,0,18,36,0,54,52,0,52,106
02/14/2022,OSU,OH,AGL,CE,Federal Contract Tower,0,16,14,0,30,0,38,87,0,125,0,54,101,0,155,124,0,124,279
02/15/2022,OSU,OH,AGL,CE,Federal Contract Tower,0,33,22,0,55,0,77,139,0,216,0,110,161,0,271,182,0,182,453
02/16/2022,OSU,OH,AGL,CE,Federal Contract Tower,0,10,19,0,29,0,0,25,0,25,0,10,44,0,54,0,0,0,54
02/17/2022,OSU,OH,AGL,CE,Federal Contract Tower,0,15,17,0,32,0,0,0,0,0,0,15,17,0,32,0,0,0,32
02/18/2022,OSU,OH,AGL,CE,Federal Contract Tower,0,17,18,0,35,0,25,77,0,102,0,42,95,0,137,46,0,46,183
02/19/2022,OSU,OH,AGL,CE,Federal Contract Tower,0,8,8,0,16,0,7,35,0,42,0,15,43,0,58,14,0,14,72
02/20/2022,OSU,OH,AGL,CE,Federal Contract Tower,0,10,4,0,14,0,11,48,0,59,0,21,52,0,73,0,0,0,73
02/21/2022,OSU,OH,AGL,CE,Federal Contract Tower,0,31,21,0,52,0,89,141,0,230,0,120,162,0,282,176,0,176,458
02/22/2022,OSU,OH,AGL,CE,Federal Contract Tower,0,17,14,0,31,0,0,2,0,2,0,17,16,0,33,0,0,0,33
02/23/2022,OSU,OH,AGL,CE,Federal Contract Tower,0,25,14,0,39,0,21,39,0,60,0,46,53,0,99,158,0,158,257
02/24/2022,OSU,OH,AGL,CE,Federal Contract Tower,0,13,13,0,26,0,25,32,0,57,0,38,45,0,83,154,0,154,237
02/25/2022,OSU,OH,AGL,CE,Federal Contract Tower,0,11,16,0,27,0,4,30,0,34,0,15,46,0,61,60,0,60,121
02/26/2022,OSU,OH,AGL,CE,Federal Contract Tower,0,17,4,0,21,0,35,111,0,146,0,52,115,0,167,146,0,146,313
02/27/2022,OSU,OH,AGL,CE,Federal Contract Tower,0,10,6,0,16,0,50,133,0,183,0,60,139,0,199,128,0,128,327
02/28/2022,OSU,OH,AGL,CE,Federal Contract Tower,0,12,22,0,34,0,84,148,0,232,0,96,170,0,266,150,0,150,416
03/01/2022,OSU,OH,AGL,CE,Federal Contract Tower,0,23,19,0,42,0,42,86,0,128,0,65,105,0,170,166,0,166,336
03/02/2022,OSU,OH,AGL,CE,Federal Contract Tower,0,8,28,0,36,0,71,120,2,193,0,79,148,2,229,122,0,122,351
03/03/2022,OSU,OH,AGL,CE,Federal Contract Tower,0,10,15,0,25,0,52,73,0,125,0,62,88,0,150,78,0,78,228
03/04/2022,OSU,OH,AGL,CE,Federal Contract Tower,0,25,28,0,53,0,59,144,0,203,0,84,172,0,256,112,0,112,368
03/05/2022,OSU,OH,AGL,CE,Federal Contract Tower,0,4,15,0,19,0,26,56,0,82,0,30,71,0,101,98,0,98,199
03/06/2022,OSU,OH,AGL,CE,Federal Contract Tower,0,8,13,0,21,0,0,6,0,6,0,8,19,0,27,4,0,4,31
03/07/2022,OSU,OH,AGL,CE,Federal Contract Tower,0,13,6,0,19,0,0,0,0,0,0,13,6,0,19,0,0,0,19
03/08/2022,OSU,OH,AGL,CE,Federal Contract Tower,0,16,25,0,41,0,53,96,0,149,0,69,121,0,190,179,0,179,369
03/09/2022,OSU,OH,AGL,CE,Federal Contract Tower,0,20,19,0,39,0,19,56,0,75,0,39,75,0,114,60,0,60,174
03/10/2022,OSU,OH,AGL,CE,Federal Contract Tower,0,26,25,0,51,0,75,141,0,216,0,101,166,0,267,172,0,172,439
03/11/2022,OSU,OH,AGL,CE,Federal Contract Tower,0,10,15,0,25,0,33,49,0,82,0,43,64,0,107,92,0,92,199
03/12/2022,OSU,OH,AGL,CE,Federal Contract Tower,0,4,6,0,10,0,0,17,0,17,0,4,23,0,27,10,0,10,37
03/13/2022,OSU,OH,AGL,CE,Federal Contract Tower,0,20,12,0,32,0,2,26,0,28,0,22,38,0,60,10,0,10,70
03/14/2022,OSU,OH,AGL,CE,Federal Contract Tower,0,15,15,0,30,0,47,67,0,114,0,62,82,0,144,62,0,62,206
03/15/2022,OSU,OH,AGL,CE,Federal Contract Tower,0,20,17,0,37,0,68,102,0,170,0,88,119,0,207,228,0,228,435
03/16/2022,OSU,OH,AGL,CE,Federal Contract Tower,0,24,21,0,45,0,63,131,2,196,0,87,152,2,241,186,0,186,427
03/17/2022,OSU,OH,AGL,CE,Federal Contract Tower,0,29,18,0,47,0,51,129,0,180,0,80,147,0,227,144,0,144,371
03/18/2022,OSU,OH,AGL,CE,Federal Contract Tower,0,13,15,0,28,0,18,59,0,77,0,31,74,0,105,102,0,102,207
03/19/2022,OSU,OH,AGL,CE,Federal Contract Tower,0,10,5,0,15,0,0,4,0,4,0,10,9,0,19,0,0,0,19
03/20/2022,OSU,OH,AGL,CE,Federal Contract Tower,0,11,28,0,39,0,14,61,0,75,0,25,89,0,114,52,0,52,166
03/21/2022,OSU,OH,AGL,CE,Federal Contract Tower,0,17,18,0,35,0,113,118,0,231,0,130,136,0,266,386,0,386,652
03/22/2022,OSU,OH,AGL,CE,Federal Contract Tower,0,18,19,0,37,0,14,52,0,66,0,32,71,0,103,116,0,116,219
03/23/2022,OSU,OH,AGL,CE,Federal Contract Tower,0,20,19,0,39,0,0,20,0,20,0,20,39,0,59,20,0,20,79
03/24/2022,OSU,OH,AGL,CE,Federal Contract Tower,0,19,19,0,38,0,35,52,0,87,0,54,71,0,125,168,0,168,293
03/25/2022,OSU,OH,AGL,CE,Federal Contract Tower,0,28,14,0,42,0,11,20,0,31,0,39,34,0,73,114,0,114,187
03/26/2022,OSU,OH,AGL,CE,Federal Contract Tower,0,7,9,0,16,0,2,6,0,8,0,9,15,0,24,16,0,16,40
03/27/2022,OSU,OH,AGL,CE,Federal Contract Tower,0,6,7,0,13,0,7,20,0,27,0,13,27,0,40,8,0,8,48
03/28/2022,OSU,OH,AGL,CE,Federal Contract Tower,0,21,16,0,37,0,54,59,0,113,0,75,75,0,150,128,0,128,278
03/29/2022,OSU,OH,AGL,CE,Federal Contract Tower,0,20,15,0,35,0,103,106,0,209,0,123,121,0,244,284,0,284,528
03/30/2022,OSU,OH,AGL,CE,Federal Contract Tower,0,21,8,0,29,0,0,23,0,23,0,21,31,0,52,0,0,0,52
03/31/2022,OSU,OH,AGL,CE,Federal Contract Tower,0,26,6,0,32,0,0,11,0,11,0,26,17,0,43,0,0,0,43
04/01/2022,OSU,OH,AGL,CE,Federal Contract Tower,0,33,10,0,43,0,32,34,0,66,0,65,44,0,109,32,0,32,141
04/02/2022,OSU,OH,AGL,CE,Federal Contract Tower,0,24,15,0,39,0,82,126,0,208,0,106,141,0,247,142,0,142,389
04/03/2022,OSU,OH,AGL,CE,Federal Contract Tower,0,19,25,0,44,0,34,70,0,104,0,53,95,0,148,80,0,80,228
04/04/2022,OSU,OH,AGL,CE,Federal Contract Tower,0,19,15,0,34,0,39,45,0,84,0,58,60,0,118,100,0,100,218
04/05/2022,OSU,OH,AGL,CE,Federal Contract Tower,0,28,12,0,40,0,51,39,0,90,0,79,51,0,130,160,0,160,290
04/06/2022,OSU,OH,AGL,CE,Federal Contract Tower,0,35,24,0,59,0,0,1,0,1,0,35,25,0,60,12,0,12,72
04/07/2022,OSU,OH,AGL,CE,Federal Contract Tower,0,23,28,0,51,0,70,69,0,139,0,93,97,0,190,292,0,292,482
04/08/2022,OSU,OH,AGL,CE,Federal Contract Tower,0,24,20,0,44,0,33,50,0,83,0,57,70,0,127,108,0,108,235
04/09/2022,OSU,OH,AGL,CE,Federal Contract Tower,0,12,4,0,16,0,0,1,0,1,0,12,5,0,17,0,0,0,17
04/10/2022,OSU,OH,AGL,CE,Federal Contract Tower,0,16,19,0,35,0,98,147,0,245,0,114,166,0,280,312,0,312,592
04/11/2022,OSU,OH,AGL,CE,Federal Contract Tower,0,15,18,0,33,0,0,9,0,9,0,15,27,0,42,0,0,0,42
04/12/2022,OSU,OH,AGL,CE,Federal Contract Tower,0,41,33,0,74,0,74,98,0,172,0,115,131,0,246,392,0,392,638
04/13/2022,OSU,OH,AGL,CE,Federal Contract Tower,0,20,16,0,36,0,0,21,0,21,0,20,37,0,57,12,0,12,69
04/14/2022,OSU,OH,AGL,CE,Federal Contract Tower,0,21,28,0,49,0,51,89,0,140,0,72,117,0,189,74,0,74,263
04/15/2022,OSU,OH,AGL,CE,Federal Contract Tower,0,15,11,0,26,0,0,53,0,53,0,15,64,0,79,0,0,0,79
04/16/2022,OSU,OH,AGL,CE,Federal Contract Tower,0,14,21,0,35,0,4,33,0,37,0,18,54,0,72,30,0,30,102
04/17/2022,OSU,OH,AGL,CE,Federal Contract Tower,0,16,8,0,24,0,40,96,0,136,0,56,104,0,160,82,0,82,242
04/18/2022,OSU,OH,AGL,CE,Federal Contract Tower,0,25,20,0,45,0,0,2,0,2,0,25,22,0,47,0,0,0,47
04/19/2022,OSU,OH,AGL,CE,Federal Contract Tower,0,23,20,0,43,0,34,27,0,61,0,57,47,0,104,50,0,50,154
04/20/2022,OSU,OH,AGL,CE,Federal Contract Tower,0,25,19,0,44,0,113,108,0,221,0,138,127,0,265,382,0,382,647
04/21/2022,OSU,OH,AGL,CE,Federal Contract Tower,0,27,20,0,47,0,19,18,0,37,0,46,38,0,84,128,0,128,212
04/22/2022,OSU,OH,AGL,CE,Federal Contract Tower,0,14,17,0,31,0,64,99,0,163,0,78,116,0,194,378,0,378,572
04/23/2022,OSU,OH,AGL,CE,Federal Contract Tower,0,27,19,0,46,0,41,117,0,158,0,68,136,0,204,148,0,148,352
04/24/2022,OSU,OH,AGL,CE,Federal Contract Tower,0,22,21,0,43,0,10,66,0,76,0,32,87,0,119,8,0,8,127
04/25/2022,OSU,OH,AGL,CE,Federal Contract Tower,0,12,25,0,37,0,27,16,0,43,0,39,41,0,80,56,0,56,136
04/26/2022,OSU,OH,AGL,CE,Federal Contract Tower,0,27,33,0,60,0,63,75,0,138,0,90,108,0,198,172,2,174,372
04/27/2022,OSU,OH,AGL,CE,Federal Contract Tower,0,31,16,0,47,0,111,98,0,209,0,142,114,0,256,424,0,424,680
04/28/2022,OSU,OH,AGL,CE,Federal Contract Tower,0,21,16,0,37,0,123,123,0,246,0,144,139,0,283,706,0,706,989
04/29/2022,OSU,OH,AGL,CE,Federal Contract Tower,0,28,18,0,46,0,145,144,0,289,0,173,162,0,335,668,0,668,1003
04/30/2022,OSU,OH,AGL,CE,Federal Contract Tower,0,8,6,0,14,0,62,71,0,133,0,70,77,0,147,638,0,638,785
05/01/2022,OSU,OH,AGL,CE,Federal Contract Tower,0,13,23,0,36,0,31,31,0,62,0,44,54,0,98,232,0,232,330
05/02/2022,OSU,OH,AGL,CE,Federal Contract Tower,0,22,25,0,47,0,139,121,0,260,0,161,146,0,307,642,0,642,949
05/03/2022,OSU,OH,AGL,CE,Federal Contract Tower,0,15,16,0,31,0,0,7,0,7,0,15,23,0,38,158,0,158,196
05/04/2022,OSU,OH,AGL,CE,Federal Contract Tower,0,41,34,0,75,0,8,19,0,27,0,49,53,0,102,150,0,150,252
05/05/2022,OSU,OH,AGL,CE,Federal Contract Tower,0,35,26,0,61,0,114,93,0,207,0,149,119,0,268,1120,0,1120,1388
05/06/2022,OSU,OH,AGL,CE,Federal Contract Tower,0,16,19,0,35,0,0,0,0,0,0,16,19,0,35,0,0,0,35
05/07/2022,OSU,OH,AGL,CE,Federal Contract Tower,0,17,26,0,43,0,82,62,0,144,0,99,88,0,187,724,0,724,911
05/08/2022,OSU,OH,AGL,CE,Federal Contract Tower,0,11,14,0,25,0,155,150,0,305,0,166,164,0,330,656,0,656,986
05/09/2022,OSU,OH,AGL,CE,Federal Contract Tower,0,20,19,0,39,0,8,98,0,106,0,28,117,0,145,28,0,28,173
05/10/2022,OSU,OH,AGL,CE,Federal Contract Tower,0,20,21,0,41,0,175,100,0,275,0,195,121,0,316,10,0,10,326
05/11/2022,OSU,OH,AGL,CE,Federal Contract Tower,0,19,24,0,43,0,74,103,0,177,0,93,127,0,220,846,0,846,1066
05/12/2022,OSU,OH,AGL,CE,Federal Contract Tower,0,15,25,0,40,0,118,75,1,194,0,133,100,1,234,814,0,814,1048
05/13/2022,OSU,OH,AGL,CE,Federal Contract Tower,0,22,20,0,42,0,152,78,0,230,0,174,98,0,272,720,0,720,992
05/14/2022,OSU,OH,AGL,CE,Federal Contract Tower,0,12,13,0,25,0,46,93,0,139,0,58,106,0,164,80,0,80,244
05/15/2022,OSU,OH,AGL,CE,Federal Contract Tower,0,19,26,0,45,0,47,116,0,163,0,66,142,0,208,42,0,42,250
05/16/2022,OSU,OH,AGL,CE,Federal Contract Tower,0,13,23,0,36,0,23,51,0,74,0,36,74,0,110,16,0,16,126
05/17/2022,OSU,OH,AGL,CE,Federal Contract Tower,0,23,20,0,43,0,44,104,1,149,0,67,124,1,192,110,0,110,302
05/18/2022,OSU,OH,AGL,CE,Federal Contract Tower,0,18,32,0,50,0,24,50,1,75,0,42,82,1,125,228,0,228,353
05/19/2022,OSU,OH,AGL,CE,Federal Contract Tower,0,25,31,0,56,0,31,99,0,130,0,56,130,0,186,62,0,62,248
05/20/2022,OSU,OH,AGL,CE,Federal Contract Tower,0,15,16,0,31,0,0,31,0,31,0,15,47,0,62,0,0,0,62
05/21/2022,OSU,OH,AGL,CE,Federal Contract Tower,0,9,7,0,16,0,5,45,0,50,0,14,52,0,66,12,0,12,78
05/22/2022,OSU,OH,AGL,CE,Federal Contract Tower,0,18,11,0,29,0,10,44,0,54,0,28,55,0,83,44,0,44,127
05/23/2022,OSU,OH,AGL,CE,Federal Contract Tower,0,21,25,0,46,0,89,119,0,208,0,110,144,0,254,198,0,198,452
05/24/2022,OSU,OH,AGL,CE,Federal Contract Tower,0,33,23,0,56,0,91,145,0,236,0,124,168,0,292,216,0,216,508
05/25/2022,OSU,OH,AGL,CE,Federal Contract Tower,0,21,25,0,46,0,59,86,0,145,0,80,111,0,191,100,0,100,291
05/26/2022,OSU,OH,AGL,CE,Federal Contract Tower,0,14,24,0,38,0,0,5,0,5,0,14,29,0,43,0,0,0,43
05/27/2022,OSU,OH,AGL,CE,Federal Contract Tower,0,20,17,0,37,0,11,9,0,20,0,31,26,0,57,16,0,16,73
05/28/2022,OSU,OH,AGL,CE,Federal Contract Tower,0,17,18,0,35,0,10,66,0,76,0,27,84,0,111,102,0,102,213
05/29/2022,OSU,OH,AGL,CE,Federal Contract Tower,0,24,15,0,39,0,26,80,0,106,0,50,95,0,145,54,0,54,199
05/30/2022,OSU,OH,AGL,CE,Federal Contract Tower,0,23,11,0,34,0,0,95,0,95,0,23,106,0,129,22,0,22,151
05/31/2022,OSU,OH,AGL,CE,Federal Contract Tower,0,36,30,0,66,0,70,120,0,190,0,106,150,0,256,68,0,68,324
06/01/2022,OSU,OH,AGL,CE,Federal Contract Tower,0,34,26,0,60,0,44,60,0,104,0,78,86,0,164,34,0,34,198
06/02/2022,OSU,OH,AGL,CE,Federal Contract Tower,0,25,13,2,40,0,14,42,0,56,0,39,55,2,96,42,0,42,138
06/03/2022,OSU,OH,AGL,CE,Federal Contract Tower,0,28,23,0,51,0,82,109,0,191,0,110,132,0,242,80,0,80,322
06/04/2022,OSU,OH,AGL,CE,Federal Contract Tower,0,34,10,0,44,0,77,116,0,193,0,111,126,0,237,158,0,158,395
06/05/2022,OSU,OH,AGL,CE,Federal Contract Tower,0,58,29,0,87,0,35,77,0,112,0,93,106,0,199,60,0,60,259
06/06/2022,OSU,OH,AGL,CE,Federal Contract Tower,0,26,16,0,42,0,4,41,0,45,0,30,57,0,87,30,0,30,117
06/07/2022,OSU,OH,AGL,CE,Federal Contract Tower,0,21,33,1,55,0,4,37,0,41,0,25,70,1,96,52,0,52,148
06/08/2022,OSU,OH,AGL,CE,Federal Contract Tower,0,17,26,0,43,0,57,75,0,132,0,74,101,0,175,266,0,266,441
06/09/2022,OSU,OH,AGL,CE,Federal Contract Tower,0,14,30,0,44,0,19,82,0,101,0,33,112,0,145,74,0,74,219
06/10/2022,OSU,OH,AGL,CE,Federal Contract Tower,0,21,17,0,38,0,62,110,0,172,0,83,127,0,210,188,0,188,398
06/11/2022,OSU,OH,AGL,CE,Federal Contract Tower,0,15,15,0,30,0,42,88,0,130,0,57,103,0,160,140,0,140,300
06/12/2022,OSU,OH,AGL,CE,Federal Contract Tower,0,8,20,0,28,0,10,26,0,36,0,18,46,0,64,98,0,98,162
06/13/2022,OSU,OH,AGL,CE,Federal Contract Tower,0,12,14,0,26,0,31,59,0,90,0,43,73,0,116,172,0,172,288
06/14/2022,OSU,OH,AGL,CE,Federal Contract Tower,0,18,22,0,40,0,12,82,0,94,0,30,104,0,134,88,0,88,222
06/15/2022,OSU,OH,AGL,CE,Federal Contract Tower,0,21,19,0,40,0,69,107,0,176,0,90,126,0,216,74,0,74,290
06/16/2022,OSU,OH,AGL,CE,Federal Contract Tower,0,17,14,0,31,0,35,71,0,106,0,52,85,0,137,2,0,2,139
06/17/2022,OSU,OH,AGL,CE,Federal Contract Tower,0,18,14,0,32,0,50,75,0,125,0,68,89,0,157,34,0,34,191
06/18/2022,OSU,OH,AGL,CE,Federal Contract Tower,0,18,10,0,28,0,8,59,0,67,0,26,69,0,95,0,0,0,95
06/19/2022,OSU,OH,AGL,CE,Federal Contract Tower,0,9,17,0,26,0,18,99,0,117,0,27,116,0,143,70,0,70,213
06/20/2022,OSU,OH,AGL,CE,Federal Contract Tower,0,9,17,0,26,0,4,86,0,90,0,13,103,0,116,68,0,68,184
06/21/2022,OSU,OH,AGL,CE,Federal Contract Tower,0,15,27,0,42,0,92,116,0,208,0,107,143,0,250,78,0,78,328
06/22/2022,OSU,OH,AGL,CE,Federal Contract Tower,0,15,31,0,46,0,51,68,0,119,0,66,99,0,165,132,0,132,297
06/23/2022,OSU,OH,AGL,CE,Federal Contract Tower,0,21,33,0,54,0,65,77,0,142,0,86,110,0,196,160,0,160,356
06/24/2022,OSU,OH,AGL,CE,Federal Contract Tower,0,29,21,0,50,0,47,84,0,131,0,76,105,0,181,70,0,70,251
06/25/2022,OSU,OH,AGL,CE,Federal Contract Tower,0,10,16,0,26,0,48,92,0,140,0,58,108,0,166,114,0,114,280
06/26/2022,OSU,OH,AGL,CE,Federal Contract Tower,0,13,21,0,34,0,6,25,0,31,0,19,46,0,65,4,0,4,69
06/27/2022,OSU,OH,AGL,CE,Federal Contract Tower,0,15,24,0,39,0,51,77,0,128,0,66,101,0,167,110,0,110,277
06/28/2022,OSU,OH,AGL,CE,Federal Contract Tower,0,25,31,0,56,0,77,128,0,205,0,102,159,0,261,228,0,228,489
06/29/2022,OSU,OH,AGL,CE,Federal Contract Tower,0,30,15,0,45,0,86,146,0,232,0,116,161,0,277,218,0,218,495
06/30/2022,OSU,OH,AGL,CE,Federal Contract Tower,0,28,24,0,52,0,73,110,0,183,0,101,134,0,235,56,0,56,291
07/01/2022,OSU,OH,AGL,CE,Federal Contract Tower,0,16,17,0,33,0,0,76,0,76,0,16,93,0,109,44,0,44,153
07/02/2022,OSU,OH,AGL,CE,Federal Contract Tower,0,10,14,0,24,0,1,55,0,56,0,11,69,0,80,0,0,0,80
07/03/2022,OSU,OH,AGL,CE,Federal Contract Tower,0,7,11,0,18,0,0,63,0,63,0,7,74,0,81,30,0,30,111
07/04/2022,OSU,OH,AGL,CE,Federal Contract Tower,0,5,4,0,9,0,0,95,0,95,0,5,99,0,104,30,0,30,134
07/05/2022,OSU,OH,AGL,CE,Federal Contract Tower,0,14,15,0,29,0,0,15,0,15,0,14,30,0,44,8,0,8,52
07/06/2022,OSU,OH,AGL,CE,Federal Contract Tower,0,12,17,0,29,0,0,19,0,19,0,12,36,0,48,28,0,28,76
07/07/2022,OSU,OH,AGL,CE,Federal Contract Tower,0,22,25,0,47,0,71,66,0,137,0,93,91,0,184,106,0,106,290
07/08/2022,OSU,OH,AGL,CE,Federal Contract Tower,0,13,12,0,25,0,1,16,0,17,0,14,28,0,42,40,0,40,82
07/09/2022,OSU,OH,AGL,CE,Federal Contract Tower,0,20,18,0,38,0,34,97,0,131,0,54,115,0,169,170,0,170,339
07/10/2022,OSU,OH,AGL,CE,Federal Contract Tower,0,22,21,0,43,0,38,101,1,140,0,60,122,1,183,100,0,100,283
07/11/2022,OSU,OH,AGL,CE,Federal Contract Tower,0,20,10,0,30,0,58,102,0,160,0,78,112,0,190,100,0,100,290
07/12/2022,OSU,OH,AGL,CE,Federal Contract Tower,0,21,21,0,42,0,22,72,4,98,0,43,93,4,140,192,0,192,332
07/13/2022,OSU,OH,AGL,CE,Federal Contract Tower,0,17,27,0,44,0,75,99,0,174,0,92,126,0,218,136,0,136,354
07/14/2022,OSU,OH,AGL,CE,Federal Contract Tower,0,22,37,0,59,0,65,85,0,150,0,87,122,0,209,300,0,300,509
07/15/2022,OSU,OH,AGL,CE,Federal Contract Tower,0,21,14,0,35,0,70,98,0,168,0,91,112,0,203,130,0,130,333
07/16/2022,OSU,OH,AGL,CE,Federal Contract Tower,0,11,11,0,22,0,5,39,0,44,0,16,50,0,66,52,0,52,118
07/17/2022,OSU,OH,AGL,CE,Federal Contract Tower,0,7,12,0,19,0,0,2,0,2,0,7,14,0,21,0,0,0,21
07/18/2022,OSU,OH,AGL,CE,Federal Contract Tower,0,11,24,0,35,0,0,36,0,36,0,11,60,0,71,98,0,98,169
07/19/2022,OSU,OH,AGL,CE,Federal Contract Tower,0,18,20,0,38,0,59,119,0,178,0,77,139,0,216,166,0,166,382
07/20/2022,OSU,OH,AGL,CE,Federal Contract Tower,0,11,28,0,39,0,23,63,0,86,0,34,91,0,125,70,0,70,195
07/21/2022,OSU,OH,AGL,CE,Federal Contract Tower,0,21,28,0,49,0,69,102,0,171,0,90,130,0,220,120,0,120,340
07/22/2022,OSU,OH,AGL,CE,Federal Contract Tower,0,20,27,0,47,0,49,97,0,146,0,69,124,0,193,62,0,62,255
07/23/2022,OSU,OH,AGL,CE,Federal Contract Tower,0,13,15,0,28,0,3,43,0,46,0,16,58,0,74,26,0,26,100
07/24/2022,OSU,OH,AGL,CE,Federal Contract Tower,0,11,17,0,28,0,18,61,0,79,0,29,78,0,107,22,0,22,129
07/25/2022,OSU,OH,AGL,CE,Federal Contract Tower,0,22,22,0,44,0,70,86,0,156,0,92,108,0,200,178,2,180,380
07/26/2022,OSU,OH,AGL,CE,Federal Contract Tower,0,22,31,0,53,0,42,76,0,118,0,64,107,0,171,152,0,152,323
07/27/2022,OSU,OH,AGL,CE,Federal Contract Tower,0,14,28,0,42,0,1,7,0,8,0,15,35,0,50,26,0,26,76
07/28/2022,OSU,OH,AGL,CE,Federal Contract Tower,0,22,34,0,56,0,24,64,0,88,0,46,98,0,144,112,0,112,256
07/29/2022,OSU,OH,AGL,CE,Federal Contract Tower,0,28,20,0,48,0,71,104,0,175,0,99,124,0,223,194,0,194,417
07/30/2022,OSU,OH,AGL,CE,Federal Contract Tower,0,10,14,0,24,0,33,95,0,128,0,43,109,0,152,86,0,86,238
07/31/2022,OSU,OH,AGL,CE,Federal Contract Tower,0,11,8,0,19,0,6,82,0,88,0,17,90,0,107,34,0,34,141
08/01/2022,OSU,OH,AGL,CE,Federal Contract Tower,0,11,16,0,27,0,0,16,0,16,0,11,32,0,43,0,0,0,43
08/02/2022,OSU,OH,AGL,CE,Federal Contract Tower,0,34,23,0,57,0,82,102,1,185,0,116,125,1,242,234,0,234,476
08/03/2022,OSU,OH,AGL,CE,Federal Contract Tower,0,24,18,0,42,0,40,86,2,128,0,64,104,2,170,70,0,70,240
08/04/2022,OSU,OH,AGL,CE,Federal Contract Tower,0,22,22,0,44,0,16,49,0,65,0,38,71,0,109,68,0,68,177
08/05/2022,OSU,OH,AGL,CE,Federal Contract Tower,0,19,15,0,34,0,2,35,0,37,0,21,50,0,71,27,0,27,98
08/06/2022,OSU,OH,AGL,CE,Federal Contract Tower,0,6,13,0,19,0,0,36,0,36,0,6,49,0,55,22,0,22,77
08/07/2022,OSU,OH,AGL,CE,Federal Contract Tower,0,8,18,0,26,0,0,52,0,52,0,8,70,0,78,36,0,36,114
08/08/2022,OSU,OH,AGL,CE,Federal Contract Tower,0,14,30,0,44,0,0,53,0,53,0,14,83,0,97,18,0,18,115
08/09/2022,OSU,OH,AGL,CE,Federal Contract Tower,0,13,21,0,34,0,0,35,0,35,0,13,56,0,69,144,0,144,213
08/10/2022,OSU,OH,AGL,CE,Federal Contract Tower,0,16,57,0,73,0,0,13,0,13,0,16,70,0,86,12,0,12,98
08/11/2022,OSU,OH,AGL,CE,Federal Contract Tower,0,19,18,0,37,0,24,132,0,156,0,43,150,0,193,106,4,110,303
08/12/2022,OSU,OH,AGL,CE,Federal Contract Tower,0,24,19,0,43,0,16,116,0,132,0,40,135,0,175,102,0,102,277
08/13/2022,OSU,OH,AGL,CE,Federal Contract Tower,0,4,17,0,21,0,60,89,0,149,0,64,106,0,170,212,0,212,382
08/14/2022,OSU,OH,AGL,CE,Federal Contract Tower,0,12,19,0,31,0,0,45,0,45,0,12,64,0,76,46,0,46,122
08/15/2022,OSU,OH,AGL,CE,Federal Contract Tower,0,13,23,0,36,0,13,89,0,102,0,26,112,0,138,4,0,4,142
08/16/2022,OSU,OH,AGL,CE,Federal Contract Tower,0,13,28,0,41,0,5,96,0,101,0,18,124,0,142,50,0,50,192
08/17/2022,OSU,OH,AGL,CE,Federal Contract Tower,0,20,28,0,48,0,22,116,0,138,0,42,144,0,186,76,0,76,262
08/18/2022,OSU,OH,AGL,CE,Federal Contract Tower,0,26,26,0,52,0,14,143,0,157,0,40,169,0,209,102,0,102,311
08/19/2022,OSU,OH,AGL,CE,Federal Contract Tower,0,18,25,0,43,0,9,115,0,124,0,27,140,0,167,106,0,106,273
08/20/2022,OSU,OH,AGL,CE,Federal Contract Tower,0,6,16,0,22,0,0,70,0,70,0,6,86,0,92,20,0,20,112
08/21/2022,OSU,OH,AGL,CE,Federal Contract Tower,0,18,22,0,40,0,0,1,0,1,0,18,23,0,41,0,0,0,41
08/22/2022,OSU,OH,AGL,CE,Federal Contract Tower,0,20,17,0,37,0,0,52,0,52,0,20,69,0,89,60,0,60,149
08/23/2022,OSU,OH,AGL,CE,Federal Contract Tower,0,20,24,0,44,0,6,110,0,116,0,26,134,0,160,144,0,144,304
08/24/2022,OSU,OH,AGL,CE,Federal Contract Tower,0,21,31,0,52,0,22,131,0,153,0,43,162,0,205,150,0,150,355
08/25/2022,OSU,OH,AGL,CE,Federal Contract Tower,0,14,32,0,46,0,50,112,0,162,0,64,144,0,208,110,0,110,318
08/26/2022,OSU,OH,AGL,CE,Federal Contract Tower,0,25,21,0,46,0,47,71,0,118,0,72,92,0,164,132,0,132,296
08/27/2022,OSU,OH,AGL,CE,Federal Contract Tower,0,14,13,0,27,0,52,110,0,162,0,66,123,0,189,72,0,72,261
08/28/2022,OSU,OH,AGL,CE,Federal Contract Tower,0,19,18,0,37,0,62,101,0,163,0,81,119,0,200,82,0,82,282
08/29/2022,OSU,OH,AGL,CE,Federal Contract Tower,0,14,8,0,22,0,0,39,0,39,0,14,47,0,61,34,0,34,95
08/30/2022,OSU,OH,AGL,CE,Federal Contract Tower,0,18,19,0,37,0,23,60,0,83,0,41,79,0,120,88,0,88,208
08/31/2022,OSU,OH,AGL,CE,Federal Contract Tower,0,24,13,0,37,0,120,130,0,250,0,144,143,0,287,134,0,134,421
09/01/2022,OSU,OH,AGL,CE,Federal Contract Tower,0,25,26,0,51,0,100,124,0,224,0,125,150,0,275,192,0,192,467
09/02/2022,OSU,OH,AGL,CE,Federal Contract Tower,0,31,26,0,57,0,83,100,0,183,0,114,126,0,240,132,0,132,372
09/03/2022,OSU,OH,AGL,CE,Federal Contract Tower,0,22,39,0,61,0,17,40,0,57,0,39,79,0,118,66,0,66,184
09/04/2022,OSU,OH,AGL,CE,Federal Contract Tower,0,21,26,0,47,0,0,8,0,8,0,21,34,0,55,0,0,0,55
09/05/2022,OSU,OH,AGL,CE,Federal Contract Tower,0,7,14,0,21,0,0,23,0,23,0,7,37,0,44,66,0,66,110
09/06/2022,OSU,OH,AGL,CE,Federal Contract Tower,0,28,21,0,49,0,40,60,0,100,0,68,81,0,149,216,0,216,365
09/07/2022,OSU,OH,AGL,CE,Federal Contract Tower,0,17,20,0,37,0,98,96,0,194,0,115,116,0,231,188,0,188,419
09/08/2022,OSU,OH,AGL,CE,Federal Contract Tower,0,31,19,0,50,0,98,85,0,183,0,129,104,0,233,276,0,276,509
09/09/2022,OSU,OH,AGL,CE,Federal Contract Tower,0,29,13,0,42,0,34,45,0,79,0,63,58,0,121,46,0,46,167
09/10/2022,OSU,OH,AGL,CE,Federal Contract Tower,0,11,12,0,23,0,54,111,0,165,0,65,123,0,188,78,0,78,266
09/11/2022,OSU,OH,AGL,CE,Federal Contract Tower,0,16,15,0,31,0,0,13,0,13,0,16,28,0,44,74,0,74,118
09/12/2022,OSU,OH,AGL,CE,Federal Contract Tower,0,24,24,0,48,0,28,56,0,84,0,52,80,0,132,122,0,122,254
09/13/2022,OSU,OH,AGL,CE,Federal Contract Tower,0,32,21,0,53,0,32,106,0,138,0,64,127,0,191,196,0,196,387
09/14/2022,OSU,OH,AGL,CE,Federal Contract Tower,0,28,29,0,57,0,35,90,0,125,0,63,119,0,182,296,0,296,478
09/16/2022,OSU,OH,AGL,CE,Federal Contract Tower,0,20,34,0,54,0,86,128,0,214,0,106,162,0,268,248,0,248,516
09/17/2022,OSU,OH,AGL,CE,Federal Contract Tower,0,13,18,0,31,0,36,105,0,141,0,49,123,0,172,86,0,86,258
09/18/2022,OSU,OH,AGL,CE,Federal Contract Tower,0,14,22,0,36,0,13,80,0,93,0,27,102,0,129,70,0,70,199
09/19/2022,OSU,OH,AGL,CE,Federal Contract Tower,0,15,22,0,37,0,61,76,0,137,0,76,98,0,174,257,0,257,431
09/20/2022,OSU,OH,AGL,CE,Federal Contract Tower,0,24,25,0,49,0,60,100,0,160,0,84,125,0,209,192,0,192,401
09/21/2022,OSU,OH,AGL,CE,Federal Contract Tower,0,20,19,1,40,0,32,73,0,105,0,52,92,1,145,40,0,40,185
09/22/2022,OSU,OH,AGL,CE,Federal Contract Tower,0,25,31,0,56,0,12,33,0,45,0,37,64,0,101,6,0,6,107
09/23/2022,OSU,OH,AGL,CE,Federal Contract Tower,0,33,14,0,47,0,112,125,0,237,0,145,139,0,284,170,0,170,454
09/24/2022,OSU,OH,AGL,CE,Federal Contract Tower,0,23,16,0,39,0,52,83,0,135,0,75,99,0,174,158,0,158,332
09/25/2022,OSU,OH,AGL,CE,Federal Contract Tower,0,22,22,0,44,0,0,28,0,28,0,22,50,0,72,0,0,0,72
09/26/2022,OSU,OH,AGL,CE,Federal Contract Tower,0,29,20,0,49,0,38,66,0,104,0,67,86,0,153,22,0,22,175
09/27/2022,OSU,OH,AGL,CE,Federal Contract Tower,0,27,23,0,50,0,52,84,0,136,0,79,107,0,186,100,0,100,286
09/28/2022,OSU,OH,AGL,CE,Federal Contract Tower,0,29,21,0,50,0,24,59,0,83,0,53,80,0,133,169,0,169,302
09/29/2022,OSU,OH,AGL,CE,Federal Contract Tower,0,34,38,0,72,0,67,97,0,164,0,101,135,0,236,176,0,176,412
09/30/2022,OSU,OH,AGL,CE,Federal Contract Tower,0,30,25,0,55,0,78,112,0,190,0,108,137,0,245,160,0,160,405
10/01/2022,OSU,OH,AGL,CE,Federal Contract Tower,0,19,21,0,40,0,14,35,0,49,0,33,56,0,89,8,0,8,97
10/02/2022,OSU,OH,AGL,CE,Federal Contract Tower,0,13,13,0,26,0,0,36,0,36,0,13,49,0,62,0,0,0,62
10/03/2022,OSU,OH,AGL,CE,Federal Contract Tower,0,16,17,0,33,0,61,80,0,141,0,77,97,0,174,210,0,210,384
10/04/2022,OSU,OH,AGL,CE,Federal Contract Tower,0,24,19,0,43,0,63,92,0,155,0,87,111,0,198,76,0,76,274
10/05/2022,OSU,OH,AGL,CE,Federal Contract Tower,0,15,36,0,51,0,76,112,0,188,0,91,148,0,239,196,0,196,435
10/06/2022,OSU,OH,AGL,CE,Federal Contract Tower,0,33,23,0,56,0,82,118,0,200,0,115,141,0,256,198,0,198,454
10/07/2022,OSU,OH,AGL,CE,Federal Contract Tower,0,36,22,0,58,0,17,51,0,68,0,53,73,0,126,36,0,36,162
10/08/2022,OSU,OH,AGL,CE,Federal Contract Tower,0,18,18,0,36,0,58,100,0,158,0,76,118,0,194,196,0,196,390
10/09/2022,OSU,OH,AGL,CE,Federal Contract Tower,0,19,18,0,37,0,12,117,0,129,0,31,135,0,166,20,0,20,186
10/10/2022,OSU,OH,AGL,CE,Federal Contract Tower,0,29,23,0,52,0,79,89,0,168,0,108,112,0,220,78,0,78,298
10/11/2022,OSU,OH,AGL,CE,Federal Contract Tower,0,20,32,0,52,0,66,105,0,171,0,86,137,0,223,150,0,150,373
10/12/2022,OSU,OH,AGL,CE,Federal Contract Tower,0,21,17,0,38,0,17,54,0,71,0,38,71,0,109,46,0,46,155
10/13/2022,OSU,OH,AGL,CE,Federal Contract Tower,0,27,16,0,43,0,8,79,0,87,0,35,95,0,130,12,0,12,142
10/14/2022,OSU,OH,AGL,CE,Federal Contract Tower,0,18,20,0,38,0,19,68,0,87,0,37,88,0,125,66,0,66,191
10/15/2022,OSU,OH,AGL,CE,Federal Contract Tower,0,10,17,0,27,0,5,92,0,97,0,15,109,0,124,6,0,6,130
10/16/2022,OSU,OH,AGL,CE,Federal Contract Tower,0,22,25,0,47,0,6,108,1,115,0,28,133,1,162,32,0,32,194
10/17/2022,OSU,OH,AGL,CE,Federal Contract Tower,0,17,22,0,39,0,17,37,0,54,0,34,59,0,93,10,0,10,103
10/18/2022,OSU,OH,AGL,CE,Federal Contract Tower,0,13,19,0,32,0,0,22,0,22,0,13,41,0,54,12,0,12,66
10/19/2022,OSU,OH,AGL,CE,Federal Contract Tower,0,25,13,0,38,0,7,16,0,23,0,32,29,0,61,38,0,38,99
10/20/2022,OSU,OH,AGL,CE,Federal Contract Tower,0,32,26,0,58,0,48,56,0,104,0,80,82,0,162,92,0,92,254
10/21/2022,OSU,OH,AGL,CE,Federal Contract Tower,0,26,31,0,57,0,43,101,6,150,0,69,132,6,207,26,0,26,233
10/22/2022,OSU,OH,AGL,CE,Federal Contract Tower,0,15,27,0,42,0,44,91,0,135,0,59,118,0,177,130,0,130,307
10/23/2022,OSU,OH,AGL,CE,Federal Contract Tower,0,28,21,0,49,0,14,143,0,157,0,42,164,0,206,132,0,132,338
10/24/2022,OSU,OH,AGL,CE,Federal Contract Tower,0,28,17,0,45,0,95,83,0,178,0,123,100,0,223,216,0,216,439
10/25/2022,OSU,OH,AGL,CE,Federal Contract Tower,0,14,21,0,35,0,54,95,0,149,0,68,116,0,184,156,0,156,340
10/26/2022,OSU,OH,AGL,CE,Federal Contract Tower,0,30,12,0,42,0,0,6,0,6,0,30,18,0,48,0,0,0,48
10/27/2022,OSU,OH,AGL,CE,Federal Contract Tower,0,19,25,0,44,0,96,108,0,204,0,115,133,0,248,258,0,258,506
10/28/2022,OSU,OH,AGL,CE,Federal Contract Tower,0,32,17,0,49,0,93,125,0,218,0,125,142,0,267,238,0,238,505
10/29/2022,OSU,OH,AGL,CE,Federal Contract Tower,0,11,11,0,22,0,61,127,0,188,0,72,138,0,210,236,0,236,446
10/30/2022,OSU,OH,AGL,CE,Federal Contract Tower,0,7,11,0,18,0,8,75,0,83,0,15,86,0,101,58,0,58,159
10/31/2022,OSU,OH,AGL,CE,Federal Contract Tower,0,12,10,0,22,0,4,15,0,19,0,16,25,0,41,28,0,28,69
11/01/2022,OSU,OH,AGL,CE,Federal Contract Tower,0,38,26,0,64,0,28,51,0,79,0,66,77,0,143,94,0,94,237
11/02/2022,OSU,OH,AGL,CE,Federal Contract Tower,0,24,28,0,52,0,60,66,0,126,0,84,94,0,178,178,0,178,356
11/03/2022,OSU,OH,AGL,CE,Federal Contract Tower,0,12,22,0,34,0,49,96,0,145,0,61,118,0,179,98,0,98,277
11/04/2022,OSU,OH,AGL,CE,Federal Contract Tower,0,9,30,0,39,0,72,114,0,186,0,81,144,0,225,72,0,72,297
11/05/2022,OSU,OH,AGL,CE,Federal Contract Tower,0,7,5,0,12,0,0,7,0,7,0,7,12,0,19,0,0,0,19
11/06/2022,OSU,OH,AGL,CE,Federal Contract Tower,0,11,11,0,22,0,4,100,0,104,0,15,111,0,126,24,0,24,150
11/07/2022,OSU,OH,AGL,CE,Federal Contract Tower,0,18,22,0,40,0,88,85,0,173,0,106,107,0,213,94,0,94,307
11/08/2022,OSU,OH,AGL,CE,Federal Contract Tower,0,19,16,0,35,0,88,84,0,172,0,107,100,0,207,178,4,182,389
11/09/2022,OSU,OH,AGL,CE,Federal Contract Tower,0,18,26,0,44,0,99,104,0,203,0,117,130,0,247,154,0,154,401
11/10/2022,OSU,OH,AGL,CE,Federal Contract Tower,0,14,41,0,55,0,49,106,0,155,0,63,147,0,210,142,0,142,352
11/11/2022,OSU,OH,AGL,CE,Federal Contract Tower,0,21,16,0,37,0,0,4,0,4,0,21,20,0,41,0,0,0,41
11/12/2022,OSU,OH,AGL,CE,Federal Contract Tower,0,13,5,0,18,0,2,11,0,13,0,15,16,0,31,30,0,30,61
11/13/2022,OSU,OH,AGL,CE,Federal Contract Tower,0,23,13,0,36,0,1,51,0,52,0,24,64,0,88,64,0,64,152
11/14/2022,OSU,OH,AGL,CE,Federal Contract Tower,0,18,21,0,39,0,95,134,0,229,0,113,155,0,268,146,0,146,414
11/15/2022,OSU,OH,AGL,CE,Federal Contract Tower,0,21,14,0,35,0,4,8,29,41,0,25,22,29,76,12,0,12,88
11/16/2022,OSU,OH,AGL,CE,Federal Contract Tower,0,12,7,0,19,0,2,18,0,20,0,14,25,0,39,28,0,28,67
11/17/2022,OSU,OH,AGL,CE,Federal Contract Tower,0,17,16,0,33,0,0,39,2,41,0,17,55,2,74,94,0,94,168
11/18/2022,OSU,OH,AGL,CE,Federal Contract Tower,0,21,9,0,30,0,13,0,0,13,0,34,9,0,43,0,0,0,43
11/19/2022,OSU,OH,AGL,CE,Federal Contract Tower,0,12,8,0,20,0,24,37,0,61,0,36,45,0,81,16,0,16,97
11/20/2022,OSU,OH,AGL,CE,Federal Contract Tower,0,13,12,0,25,0,33,78,0,111,0,46,90,0,136,100,0,100,236
11/21/2022,OSU,OH,AGL,CE,Federal Contract Tower,0,27,8,0,35,0,19,62,0,81,0,46,70,0,116,2,0,2,118
11/22/2022,OSU,OH,AGL,CE,Federal Contract Tower,0,29,12,0,41,0,93,138,0,231,0,122,150,0,272,126,0,126,398
11/23/2022,OSU,OH,AGL,CE,Federal Contract Tower,0,22,28,0,50,0,35,129,0,164,0,57,157,0,214,42,0,42,256
11/24/2022,OSU,OH,AGL,CE,Federal Contract Tower,0,7,1,0,8,0,0,66,0,66,0,7,67,0,74,22,0,22,96
11/25/2022,OSU,OH,AGL,CE,Federal Contract Tower,0,25,18,0,43,0,0,57,0,57,0,25,75,0,100,6,0,6,106
11/26/2022,OSU,OH,AGL,CE,Federal Contract Tower,0,47,41,0,88,0,0,53,0,53,0,47,94,0,141,28,0,28,169
11/27/2022,OSU,OH,AGL,CE,Federal Contract Tower,0,12,17,0,29,0,0,0,0,0,0,12,17,0,29,0,0,0,29
11/28/2022,OSU,OH,AGL,CE,Federal Contract Tower,0,16,16,0,32,0,0,18,0,18,0,16,34,0,50,4,0,4,54
11/29/2022,OSU,OH,AGL,CE,Federal Contract Tower,0,15,30,0,45,0,12,57,0,69,0,27,87,0,114,138,4,142,256
11/30/2022,OSU,OH,AGL,CE,Federal Contract Tower,0,18,17,0,35,0,0,19,0,19,0,18,36,0,54,0,0,0,54
12/01/2022,OSU,OH,AGL,CE,Federal Contract Tower,0,30,18,0,48,0,103,103,0,206,0,133,121,0,254,232,0,232,486
12/02/2022,OSU,OH,AGL,CE,Federal Contract Tower,0,17,11,0,28,0,57,60,0,117,0,74,71,0,145,102,0,102,247
12/03/2022,OSU,OH,AGL,CE,Federal Contract Tower,0,8,3,0,11,0,11,21,0,32,0,19,24,0,43,14,0,14,57
12/04/2022,OSU,OH,AGL,CE,Federal Contract Tower,0,12,6,0,18,0,51,112,0,163,0,63,118,0,181,190,0,190,371
12/05/2022,OSU,OH,AGL,CE,Federal Contract Tower,0,18,12,0,30,0,90,108,0,198,0,108,120,0,228,88,0,88,316
12/06/2022,OSU,OH,AGL,CE,Federal Contract Tower,0,13,8,0,21,0,0,0,0,0,0,13,8,0,21,0,0,0,21
12/07/2022,OSU,OH,AGL,CE,Federal Contract Tower,0,14,17,0,31,0,0,0,0,0,0,14,17,0,31,0,0,0,31
12/08/2022,OSU,OH,AGL,CE,Federal Contract Tower,0,20,16,0,36,0,14,31,0,45,0,34,47,0,81,168,0,168,249
12/09/2022,OSU,OH,AGL,CE,Federal Contract Tower,0,21,14,0,35,0,38,79,0,117,0,59,93,0,152,108,0,108,260
12/10/2022,OSU,OH,AGL,CE,Federal Contract Tower,0,6,12,0,18,0,0,6,0,6,0,6,18,0,24,18,0,18,42
12/11/2022,OSU,OH,AGL,CE,Federal Contract Tower,0,9,13,0,22,0,0,6,0,6,0,9,19,0,28,0,0,0,28
12/12/2022,OSU,OH,AGL,CE,Federal Contract Tower,0,10,30,0,40,0,30,59,0,89,0,40,89,0,129,174,0,174,303
12/13/2022,OSU,OH,AGL,CE,Federal Contract Tower,0,26,20,0,46,0,38,105,0,143,0,64,125,0,189,210,0,210,399
12/14/2022,OSU,OH,AGL,CE,Federal Contract Tower,0,11,18,0,29,0,8,22,0,30,0,19,40,0,59,18,0,18,77
12/15/2022,OSU,OH,AGL,CE,Federal Contract Tower,0,15,26,0,41,0,0,25,0,25,0,15,51,0,66,16,0,16,82
12/16/2022,OSU,OH,AGL,CE,Federal Contract Tower,0,16,19,0,35,0,11,42,0,53,0,27,61,0,88,12,0,12,100
12/17/2022,OSU,OH,AGL,CE,Federal Contract Tower,0,9,9,0,18,0,0,37,0,37,0,9,46,0,55,48,0,48,103
12/18/2022,OSU,OH,AGL,CE,Federal Contract Tower,0,6,12,0,18,0,0,39,0,39,0,6,51,0,57,46,0,46,103
12/19/2022,OSU,OH,AGL,CE,Federal Contract Tower,0,13,23,0,36,0,31,92,0,123,0,44,115,0,159,162,0,162,321
12/20/2022,OSU,OH,AGL,CE,Federal Contract Tower,0,16,22,0,38,0,43,93,1,137,0,59,115,1,175,92,12,104,279
12/21/2022,OSU,OH,AGL,CE,Federal Contract Tower,0,25,9,0,34,0,26,89,0,115,0,51,98,0,149,40,0,40,189
12/22/2022,OSU,OH,AGL,CE,Federal Contract Tower,0,19,5,0,24,0,2,6,0,8,0,21,11,0,32,18,0,18,50
12/23/2022,OSU,OH,AGL,CE,Federal Contract Tower,0,3,1,0,4,0,0,0,0,0,0,3,1,0,4,0,0,0,4
12/24/2022,OSU,OH,AGL,CE,Federal Contract Tower,0,2,2,0,4,0,0,4,0,4,0,2,6,0,8,0,0,0,8
12/25/2022,OSU,OH,AGL,CE,Federal Contract Tower,0,2,2,0,4,0,0,18,0,18,0,2,20,0,22,0,0,0,22
12/26/2022,OSU,OH,AGL,CE,Federal Contract Tower,0,7,7,0,14,0,0,11,0,11,0,7,18,0,25,10,0,10,35
12/27/2022,OSU,OH,AGL,CE,Federal Contract Tower,0,15,6,0,21,0,0,1,0,1,0,15,7,0,22,0,0,0,22
12/28/2022,OSU,OH,AGL,CE,Federal Contract Tower,0,19,11,2,32,0,0,61,2,63,0,19,72,4,95,4,0,4,99
12/29/2022,OSU,OH,AGL,CE,Federal Contract Tower,0,20,2,0,22,0,0,59,0,59,0,20,61,0,81,57,0,57,138
12/31/2022,OSU,OH,AGL,CE,Federal Contract Tower,0,11,7,0,18,0,0,0,0,0,0,11,7,0,18,0,0,0,18
01/01/2023,OSU,OH,AGL,CE,Federal Contract Tower,0,19,8,0,27,0,0,5,0,5,0,19,13,0,32,0,0,0,32
01/02/2023,OSU,OH,AGL,CE,Federal Contract Tower,0,9,19,0,28,0,0,16,0,16,0,9,35,0,44,22,0,22,66
01/03/2023,OSU,OH,AGL,CE,Federal Contract Tower,0,13,6,0,19,0,0,4,0,4,0,13,10,0,23,8,0,8,31
01/04/2023,OSU,OH,AGL,CE,Federal Contract Tower,0,13,9,0,22,0,3,35,0,38,0,16,44,0,60,28,0,28,88
01/05/2023,OSU,OH,AGL,CE,Federal Contract Tower,0,13,14,0,27,0,10,74,0,84,0,23,88,0,111,26,0,26,137
01/06/2023,OSU,OH,AGL,CE,Federal Contract Tower,0,10,10,0,20,0,0,24,0,24,0,10,34,0,44,72,0,72,116
01/07/2023,OSU,OH,AGL,CE,Federal Contract Tower,0,10,11,0,21,0,0,73,0,73,0,10,84,0,94,10,0,10,104
01/08/2023,OSU,OH,AGL,CE,Federal Contract Tower,0,0,9,0,9,0,0,61,0,61,0,0,70,0,70,22,0,22,92
01/09/2023,OSU,OH,AGL,CE,Federal Contract Tower,0,10,24,0,34,0,14,33,0,47,0,24,57,0,81,22,0,22,103
01/10/2023,OSU,OH,AGL,CE,Federal Contract Tower,0,17,19,0,36,0,54,85,0,139,0,71,104,0,175,136,0,136,311
01/11/2023,OSU,OH,AGL,CE,Federal Contract Tower,0,16,17,0,33,0,73,69,0,142,0,89,86,0,175,290,0,290,465
01/12/2023,OSU,OH,AGL,CE,Federal Contract Tower,0,11,10,0,21,0,0,0,0,0,0,11,10,0,21,0,0,0,21
01/13/2023,OSU,OH,AGL,CE,Federal Contract Tower,0,16,17,0,33,0,0,10,0,10,0,16,27,0,43,8,0,8,51
01/14/2023,OSU,OH,AGL,CE,Federal Contract Tower,0,15,2,0,17,0,54,95,0,149,0,69,97,0,166,260,0,260,426
01/15/2023,OSU,OH,AGL,CE,Federal Contract Tower,0,12,6,0,18,0,67,79,0,146,0,79,85,0,164,68,0,68,232
01/16/2023,OSU,OH,AGL,CE,Federal Contract Tower,0,16,11,0,27,0,3,54,0,57,0,19,65,0,84,18,0,18,102
01/17/2023,OSU,OH,AGL,CE,Federal Contract Tower,0,16,21,0,37,0,9,23,0,32,0,25,44,0,69,16,0,16,85
01/18/2023,OSU,OH,AGL,CE,Federal Contract Tower,0,8,16,0,24,0,40,24,0,64,0,48,40,0,88,78,0,78,166
01/19/2023,OSU,OH,AGL,CE,Federal Contract Tower,0,13,13,0,26,0,1,11,0,12,0,14,24,0,38,0,0,0,38
01/20/2023,OSU,OH,AGL,CE,Federal Contract Tower,0,9,5,0,14,0,0,14,0,14,0,9,19,0,28,38,0,38,66
01/21/2023,OSU,OH,AGL,CE,Federal Contract Tower,0,10,2,0,12,0,38,27,0,65,0,48,29,0,77,174,0,174,251
01/22/2023,OSU,OH,AGL,CE,Federal Contract Tower,0,0,0,0,0,0,0,0,0,0,0,0,0,0,0,0,0,0,0
01/23/2023,OSU,OH,AGL,CE,Federal Contract Tower,0,3,11,0,14,0,5,2,0,7,0,8,13,0,21,84,0,84,105
01/24/2023,OSU,OH,AGL,CE,Federal Contract Tower,0,19,23,0,42,0,39,62,0,101,0,58,85,0,143,440,0,440,583
01/25/2023,OSU,OH,AGL,CE,Federal Contract Tower,0,12,8,0,20,0,0,0,0,0,0,12,8,0,20,0,0,0,20
01/26/2023,OSU,OH,AGL,CE,Federal Contract Tower,0,10,20,0,30,0,0,2,0,2,0,10,22,0,32,0,0,0,32
01/27/2023,OSU,OH,AGL,CE,Federal Contract Tower,0,7,10,0,17,0,58,60,0,118,0,65,70,0,135,34,0,34,169
01/28/2023,OSU,OH,AGL,CE,Federal Contract Tower,0,12,15,0,27,0,105,131,10,246,0,117,146,10,273,136,0,136,409
01/29/2023,OSU,OH,AGL,CE,Federal Contract Tower,0,8,7,0,15,0,0,0,0,0,0,8,7,0,15,0,0,0,15
01/30/2023,OSU,OH,AGL,CE,Federal Contract Tower,0,6,7,0,13,0,0,0,0,0,0,6,7,0,13,0,0,0,13
01/31/2023,OSU,OH,AGL,CE,Federal Contract Tower,0,20,16,0,36,0,108,79,0,187,0,128,95,0,223,116,0,116,339
02/01/2023,OSU,OH,AGL,CE,Federal Contract Tower,0,26,21,0,47,0,157,115,0,272,0,183,136,0,319,240,0,240,559
02/02/2023,OSU,OH,AGL,CE,Federal Contract Tower,0,22,14,0,36,0,94,120,0,214,0,116,134,0,250,100,0,100,350
02/03/2023,OSU,OH,AGL,CE,Federal Contract Tower,0,20,11,0,31,0,45,58,0,103,0,65,69,0,134,26,0,26,160
02/04/2023,OSU,OH,AGL,CE,Federal Contract Tower,0,10,5,0,15,0,48,66,0,114,0,58,71,0,129,88,0,88,217
02/05/2023,OSU,OH,AGL,CE,Federal Contract Tower,0,10,11,0,21,0,0,17,0,17,0,10,28,0,38,0,0,0,38
02/06/2023,OSU,OH,AGL,CE,Federal Contract Tower,0,18,11,0,29,0,76,78,0,154,0,94,89,0,183,320,0,320,503
02/07/2023,OSU,OH,AGL,CE,Federal Contract Tower,0,13,19,0,32,0,1,33,0,34,0,14,52,0,66,8,0,8,74
02/08/2023,OSU,OH,AGL,CE,Federal Contract Tower,0,25,11,0,36,0,97,100,0,197,0,122,111,0,233,206,0,206,439
02/09/2023,OSU,OH,AGL,CE,Federal Contract Tower,0,9,10,0,19,0,0,6,0,6,0,9,16,0,25,0,0,0,25
02/10/2023,OSU,OH,AGL,CE,Federal Contract Tower,0,15,18,0,33,0,13,17,0,30,0,28,35,0,63,18,0,18,81
02/11/2023,OSU,OH,AGL,CE,Federal Contract Tower,0,21,9,0,30,0,111,143,0,254,0,132,152,0,284,238,0,238,522
02/12/2023,OSU,OH,AGL,CE,Federal Contract Tower,0,21,12,0,33,0,48,101,0,149,0,69,113,0,182,78,0,78,260
02/13/2023,OSU,OH,AGL,CE,Federal Contract Tower,0,16,18,0,34,0,75,72,0,147,0,91,90,0,181,126,0,126,307
02/14/2023,OSU,OH,AGL,CE,Federal Contract Tower,0,16,14,0,30,0,66,84,0,150,0,82,98,0,180,74,0,74,254
02/15/2023,OSU,OH,AGL,CE,Federal Contract Tower,0,21,12,0,33,0,18,28,0,46,0,39,40,0,79,8,0,8,87
02/16/2023,OSU,OH,AGL,CE,Federal Contract Tower,0,13,9,0,22,0,0,2,0,2,0,13,11,0,24,0,0,0,24
02/17/2023,OSU,OH,AGL,CE,Federal Contract Tower,0,13,13,0,26,0,8,14,0,22,0,21,27,0,48,4,0,4,52
02/18/2023,OSU,OH,AGL,CE,Federal Contract Tower,0,8,9,0,17,0,64,99,0,163,0,72,108,0,180,146,0,146,326
02/19/2023,OSU,OH,AGL,CE,Federal Contract Tower,0,5,11,0,16,0,1,25,0,26,0,6,36,0,42,2,0,2,44
02/20/2023,OSU,OH,AGL,CE,Federal Contract Tower,0,11,16,0,27,0,112,89,0,201,0,123,105,0,228,210,0,210,438
02/21/2023,OSU,OH,AGL,CE,Federal Contract Tower,0,15,21,0,36,0,25,36,0,61,0,40,57,0,97,66,0,66,163
02/22/2023,OSU,OH,AGL,CE,Federal Contract Tower,0,11,12,0,23,0,0,12,0,12,0,11,24,0,35,22,0,22,57
02/23/2023,OSU,OH,AGL,CE,Federal Contract Tower,0,18,18,0,36,0,14,54,0,68,0,32,72,0,104,32,0,32,136
02/24/2023,OSU,OH,AGL,CE,Federal Contract Tower,0,21,22,0,43,0,119,104,0,223,0,140,126,0,266,98,0,98,364
02/25/2023,OSU,OH,AGL,CE,Federal Contract Tower,0,16,9,0,25,0,91,115,0,206,0,107,124,0,231,211,0,211,442
02/26/2023,OSU,OH,AGL,CE,Federal Contract Tower,0,16,20,0,36,0,52,100,0,152,0,68,120,0,188,64,0,64,252
02/27/2023,OSU,OH,AGL,CE,Federal Contract Tower,0,7,11,0,18,0,1,0,0,1,0,8,11,0,19,0,0,0,19
02/28/2023,OSU,OH,AGL,CE,Federal Contract Tower,0,19,22,0,41,0,33,66,0,99,0,52,88,0,140,106,0,106,246
03/01/2023,OSU,OH,AGL,CE,Federal Contract Tower,0,18,16,0,34,0,47,90,0,137,0,65,106,0,171,58,0,58,229
03/02/2023,OSU,OH,AGL,CE,Federal Contract Tower,0,24,20,0,44,0,107,108,0,215,0,131,128,0,259,180,0,180,439
03/03/2023,OSU,OH,AGL,CE,Federal Contract Tower,0,11,6,0,17,0,0,0,0,0,0,11,6,0,17,0,0,0,17
03/04/2023,OSU,OH,AGL,CE,Federal Contract Tower,0,14,7,0,21,0,69,94,0,163,0,83,101,0,184,198,0,198,382
03/05/2023,OSU,OH,AGL,CE,Federal Contract Tower,0,5,9,0,14,0,59,127,0,186,0,64,136,0,200,158,0,158,358
03/06/2023,OSU,OH,AGL,CE,Federal Contract Tower,0,26,9,0,35,0,67,77,0,144,0,93,86,0,179,62,0,62,241
03/07/2023,OSU,OH,AGL,CE,Federal Contract Tower,0,17,15,0,32,0,13,40,0,53,0,30,55,0,85,2,0,2,87
03/08/2023,OSU,OH,AGL,CE,Federal Contract Tower,0,25,13,0,38,0,103,87,1,191,0,128,100,1,229,108,0,108,337
03/09/2023,OSU,OH,AGL,CE,Federal Contract Tower,0,23,14,0,37,0,113,106,1,220,0,136,120,1,257,316,0,316,573
03/10/2023,OSU,OH,AGL,CE,Federal Contract Tower,0,19,9,0,28,0,0,0,0,0,0,19,9,0,28,0,0,0,28
03/11/2023,OSU,OH,AGL,CE,Federal Contract Tower,0,14,6,0,20,0,8,75,0,83,0,22,81,0,103,30,0,30,133
03/12/2023,OSU,OH,AGL,CE,Federal Contract Tower,0,10,4,0,14,0,0,17,0,17,0,10,21,0,31,22,0,22,53
03/13/2023,OSU,OH,AGL,CE,Federal Contract Tower,0,17,13,0,30,0,0,0,0,0,0,17,13,0,30,0,0,0,30
03/14/2023,OSU,OH,AGL,CE,Federal Contract Tower,0,15,12,0,27,0,0,22,0,22,0,15,34,0,49,2,0,2,51
03/15/2023,OSU,OH,AGL,CE,Federal Contract Tower,0,28,34,0,62,0,58,99,0,157,0,86,133,0,219,222,0,222,441
03/16/2023,OSU,OH,AGL,CE,Federal Contract Tower,0,13,16,0,29,0,23,73,0,96,0,36,89,0,125,44,0,44,169
03/17/2023,OSU,OH,AGL,CE,Federal Contract Tower,0,14,11,0,25,0,0,3,0,3,0,14,14,0,28,0,0,0,28
03/18/2023,OSU,OH,AGL,CE,Federal Contract Tower,0,14,7,0,21,0,0,7,0,7,0,14,14,0,28,10,0,10,38
03/19/2023,OSU,OH,AGL,CE,Federal Contract Tower,0,7,13,0,20,0,5,77,0,82,0,12,90,0,102,38,0,38,140
03/20/2023,OSU,OH,AGL,CE,Federal Contract Tower,0,23,15,0,38,0,73,89,0,162,0,96,104,0,200,78,0,78,278
03/21/2023,OSU,OH,AGL,CE,Federal Contract Tower,0,20,22,0,42,0,78,88,0,166,0,98,110,0,208,192,0,192,400
03/22/2023,OSU,OH,AGL,CE,Federal Contract Tower,0,19,25,0,44,0,5,13,0,18,0,24,38,0,62,24,0,24,86
03/23/2023,OSU,OH,AGL,CE,Federal Contract Tower,0,17,19,0,36,0,0,3,0,3,0,17,22,0,39,0,0,0,39
03/24/2023,OSU,OH,AGL,CE,Federal Contract Tower,0,20,23,0,43,0,3,3,0,6,0,23,26,0,49,76,0,76,125
03/25/2023,OSU,OH,AGL,CE,Federal Contract Tower,0,8,1,0,9,0,0,0,0,0,0,8,1,0,9,0,0,0,9
03/26/2023,OSU,OH,AGL,CE,Federal Contract Tower,0,22,24,0,46,0,75,153,0,228,0,97,177,0,274,164,0,164,438
03/27/2023,OSU,OH,AGL,CE,Federal Contract Tower,0,14,22,0,36,0,26,49,0,75,0,40,71,0,111,166,0,166,277
03/28/2023,OSU,OH,AGL,CE,Federal Contract Tower,0,18,19,0,37,0,94,100,0,194,0,112,119,0,231,338,0,338,569
03/29/2023,OSU,OH,AGL,CE,Federal Contract Tower,0,15,19,0,34,0,54,59,0,113,0,69,78,0,147,118,0,118,265
03/30/2023,OSU,OH,AGL,CE,Federal Contract Tower,0,22,18,0,40,0,131,120,0,251,0,153,138,0,291,220,0,220,511
03/31/2023,OSU,OH,AGL,CE,Federal Contract Tower,0,11,7,0,18,0,0,4,0,4,0,11,11,0,22,14,0,14,36
04/01/2023,OSU,OH,AGL,CE,Federal Contract Tower,0,10,6,0,16,0,0,1,0,1,0,10,7,0,17,0,0,0,17
04/02/2023,OSU,OH,AGL,CE,Federal Contract Tower,0,10,12,0,22,0,46,73,0,119,0,56,85,0,141,176,0,176,317
04/03/2023,OSU,OH,AGL,CE,Federal Contract Tower,0,13,12,0,25,0,107,91,0,198,0,120,103,0,223,226,0,226,449
04/04/2023,OSU,OH,AGL,CE,Federal Contract Tower,0,26,21,0,47,0,9,24,0,33,0,35,45,0,80,246,0,246,326
04/05/2023,OSU,OH,AGL,CE,Federal Contract Tower,0,18,11,0,29,0,0,9,0,9,0,18,20,0,38,0,0,0,38
04/06/2023,OSU,OH,AGL,CE,Federal Contract Tower,0,26,17,0,43,0,102,96,0,198,0,128,113,0,241,214,0,214,455
04/07/2023,OSU,OH,AGL,CE,Federal Contract Tower,0,39,24,0,63,0,96,115,0,211,0,135,139,0,274,228,0,228,502
04/08/2023,OSU,OH,AGL,CE,Federal Contract Tower,0,23,11,0,34,0,55,105,0,160,0,78,116,0,194,242,0,242,436
04/09/2023,OSU,OH,AGL,CE,Federal Contract Tower,0,17,7,0,24,0,30,92,0,122,0,47,99,0,146,60,0,60,206
04/10/2023,OSU,OH,AGL,CE,Federal Contract Tower,0,24,19,0,43,0,92,107,4,203,0,116,126,4,246,334,0,334,580
04/11/2023,OSU,OH,AGL,CE,Federal Contract Tower,0,23,26,0,49,0,90,119,0,209,0,113,145,0,258,276,0,276,534
04/12/2023,OSU,OH,AGL,CE,Federal Contract Tower,0,26,21,0,47,0,100,110,0,210,0,126,131,0,257,274,0,274,531
04/13/2023,OSU,OH,AGL,CE,Federal Contract Tower,0,23,26,0,49,0,75,129,0,204,0,98,155,0,253,248,0,248,501
04/14/2023,OSU,OH,AGL,CE,Federal Contract Tower,0,28,17,0,45,0,100,96,0,196,0,128,113,0,241,210,0,210,451
04/15/2023,OSU,OH,AGL,CE,Federal Contract Tower,0,11,17,0,28,0,31,89,0,120,0,42,106,0,148,134,0,134,282
04/16/2023,OSU,OH,AGL,CE,Federal Contract Tower,0,13,6,4,23,0,0,9,1,10,0,13,15,5,33,0,2,2,35
04/17/2023,OSU,OH,AGL,CE,Federal Contract Tower,0,13,9,0,22,0,0,9,0,9,0,13,18,0,31,0,0,0,31
04/18/2023,OSU,OH,AGL,CE,Federal Contract Tower,0,16,15,0,31,0,29,75,0,104,0,45,90,0,135,72,0,72,207
04/19/2023,OSU,OH,AGL,CE,Federal Contract Tower,0,35,21,0,56,0,118,106,0,224,0,153,127,0,280,264,0,264,544
04/20/2023,OSU,OH,AGL,CE,Federal Contract Tower,0,17,21,0,38,0,11,72,0,83,0,28,93,0,121,68,0,68,189
04/21/2023,OSU,OH,AGL,CE,Federal Contract Tower,0,12,13,0,25,0,22,52,3,77,0,34,65,3,102,264,0,264,366
04/22/2023,OSU,OH,AGL,CE,Federal Contract Tower,0,18,8,0,26,0,8,43,0,51,0,26,51,0,77,44,0,44,121
04/23/2023,OSU,OH,AGL,CE,Federal Contract Tower,0,17,10,0,27,0,5,53,0,58,0,22,63,0,85,136,0,136,221
04/24/2023,OSU,OH,AGL,CE,Federal Contract Tower,0,26,19,0,45,0,60,88,0,148,0,86,107,0,193,316,0,316,509
04/25/2023,OSU,OH,AGL,CE,Federal Contract Tower,0,24,23,0,47,0,83,90,4,177,0,107,113,4,224,160,0,160,384
04/26/2023,OSU,OH,AGL,CE,Federal Contract Tower,0,26,18,0,44,0,54,104,8,166,0,80,122,8,210,138,0,138,348
04/27/2023,OSU,OH,AGL,CE,Federal Contract Tower,0,28,19,0,47,0,99,116,0,215,0,127,135,0,262,402,0,402,664
04/28/2023,OSU,OH,AGL,CE,Federal Contract Tower,0,21,29,0,50,0,0,7,0,7,0,21,36,0,57,10,0,10,67
04/29/2023,OSU,OH,AGL,CE,Federal Contract Tower,0,17,22,0,39,0,7,37,0,44,0,24,59,0,83,10,0,10,93
04/30/2023,OSU,OH,AGL,CE,Federal Contract Tower,0,12,13,0,25,0,0,24,0,24,0,12,37,0,49,8,0,8,57
05/01/2023,OSU,OH,AGL,CE,Federal Contract Tower,0,9,10,0,19,0,4,5,0,9,0,13,15,0,28,0,0,0,28
05/02/2023,OSU,OH,AGL,CE,Federal Contract Tower,0,19,8,0,27,0,0,8,0,8,0,19,16,0,35,4,0,4,39
05/03/2023,OSU,OH,AGL,CE,Federal Contract Tower,0,23,20,0,43,0,0,25,0,25,0,23,45,0,68,0,0,0,68
05/04/2023,OSU,OH,AGL,CE,Federal Contract Tower,0,17,27,0,44,0,64,123,0,187,0,81,150,0,231,200,0,200,431
05/05/2023,OSU,OH,AGL,CE,Federal Contract Tower,0,24,17,0,41,0,53,122,0,175,0,77,139,0,216,122,0,122,338
05/06/2023,OSU,OH,AGL,CE,Federal Contract Tower,0,19,8,0,27,0,23,114,0,137,0,42,122,0,164,80,0,80,244
05/07/2023,OSU,OH,AGL,CE,Federal Contract Tower,0,19,16,0,35,0,0,36,0,36,0,19,52,0,71,80,0,80,151
05/08/2023,OSU,OH,AGL,CE,Federal Contract Tower,0,14,14,0,28,0,2,73,0,75,0,16,87,0,103,106,0,106,209
05/09/2023,OSU,OH,AGL,CE,Federal Contract Tower,0,20,23,0,43,0,27,83,0,110,0,47,106,0,153,76,0,76,229
05/10/2023,OSU,OH,AGL,CE,Federal Contract Tower,0,16,32,0,48,0,84,127,2,213,0,100,159,2,261,266,0,266,527
05/11/2023,OSU,OH,AGL,CE,Federal Contract Tower,0,31,19,0,50,0,61,121,0,182,0,92,140,0,232,232,2,234,466
05/12/2023,OSU,OH,AGL,CE,Federal Contract Tower,0,12,8,0,20,0,41,67,0,108,0,53,75,0,128,228,0,228,356
05/13/2023,OSU,OH,AGL,CE,Federal Contract Tower,0,12,9,0,21,0,2,27,0,29,0,14,36,0,50,34,0,34,84
05/14/2023,OSU,OH,AGL,CE,Federal Contract Tower,0,6,10,0,16,0,8,79,0,87,0,14,89,0,103,20,0,20,123
05/15/2023,OSU,OH,AGL,CE,Federal Contract Tower,0,20,17,0,37,0,106,99,0,205,0,126,116,0,242,304,0,304,546
05/16/2023,OSU,OH,AGL,CE,Federal Contract Tower,0,31,19,0,50,0,67,78,0,145,0,98,97,0,195,194,0,194,389
05/17/2023,OSU,OH,AGL,CE,Federal Contract Tower,0,27,14,0,41,0,82,106,0,188,0,109,120,0,229,38,0,38,267
05/18/2023,OSU,OH,AGL,CE,Federal Contract Tower,0,24,35,0,59,0,102,124,2,228,0,126,159,2,287,250,0,250,537
05/19/2023,OSU,OH,AGL,CE,Federal Contract Tower,0,22,25,0,47,0,53,82,0,135,0,75,107,0,182,48,0,48,230
05/20/2023,OSU,OH,AGL,CE,Federal Contract Tower,0,11,18,0,29,0,2,46,0,48,0,13,64,0,77,16,0,16,93
05/21/2023,OSU,OH,AGL,CE,Federal Contract Tower,0,27,17,0,44,0,17,114,0,131,0,44,131,0,175,46,0,46,221
05/22/2023,OSU,OH,AGL,CE,Federal Contract Tower,0,26,18,0,44,0,106,107,0,213,0,132,125,0,257,232,0,232,489
05/23/2023,OSU,OH,AGL,CE,Federal Contract Tower,0,25,21,0,46,0,71,123,2,196,0,96,144,2,242,82,0,82,324
05/24/2023,OSU,OH,AGL,CE,Federal Contract Tower,0,25,19,0,44,0,66,82,0,148,0,91,101,0,192,122,0,122,314
05/25/2023,OSU,OH,AGL,CE,Federal Contract Tower,0,16,20,0,36,0,35,71,2,108,0,51,91,2,144,76,0,76,220
05/26/2023,OSU,OH,AGL,CE,Federal Contract Tower,0,28,15,0,43,0,74,94,0,168,0,102,109,0,211,126,0,126,337
05/27/2023,OSU,OH,AGL,CE,Federal Contract Tower,0,13,9,0,22,0,32,77,0,109,0,45,86,0,131,68,0,68,199
05/28/2023,OSU,OH,AGL,CE,Federal Contract Tower,0,20,7,0,27,0,9,88,0,97,0,29,95,0,124,30,0,30,154
05/29/2023,OSU,OH,AGL,CE,Federal Contract Tower,0,27,13,0,40,0,0,87,0,87,0,27,100,0,127,30,0,30,157
05/30/2023,OSU,OH,AGL,CE,Federal Contract Tower,0,49,34,0,83,0,75,113,0,188,0,124,147,0,271,226,0,226,497
05/31/2023,OSU,OH,AGL,CE,Federal Contract Tower,0,60,38,0,98,0,94,98,0,192,0,154,136,0,290,152,0,152,442
06/01/2023,OSU,OH,AGL,CE,Federal Contract Tower,0,34,25,0,59,0,72,95,0,167,0,106,120,0,226,124,0,124,350
06/02/2023,OSU,OH,AGL,CE,Federal Contract Tower,0,30,25,0,55,0,47,96,0,143,0,77,121,0,198,142,0,142,340
06/03/2023,OSU,OH,AGL,CE,Federal Contract Tower,0,34,16,0,50,0,28,84,0,112,0,62,100,0,162,50,2,52,214
06/04/2023,OSU,OH,AGL,CE,Federal Contract Tower,0,48,19,0,67,0,16,81,0,97,0,64,100,0,164,0,0,0,164
06/05/2023,OSU,OH,AGL,CE,Federal Contract Tower,0,33,15,0,48,0,78,90,0,168,0,111,105,0,216,302,0,302,518
06/06/2023,OSU,OH,AGL,CE,Federal Contract Tower,0,20,28,0,48,0,79,90,0,169,0,99,118,0,217,298,0,298,515
06/07/2023,OSU,OH,AGL,CE,Federal Contract Tower,0,33,25,0,58,0,48,68,0,116,0,81,93,0,174,122,0,122,296
06/08/2023,OSU,OH,AGL,CE,Federal Contract Tower,0,19,30,0,49,0,50,113,0,163,0,69,143,0,212,118,0,118,330
06/09/2023,OSU,OH,AGL,CE,Federal Contract Tower,0,21,16,0,37,0,68,87,0,155,0,89,103,0,192,196,0,196,388
06/10/2023,OSU,OH,AGL,CE,Federal Contract Tower,0,24,11,0,35,0,31,136,0,167,0,55,147,0,202,104,0,104,306
06/11/2023,OSU,OH,AGL,CE,Federal Contract Tower,0,7,17,0,24,0,1,19,0,20,0,8,36,0,44,0,0,0,44
06/12/2023,OSU,OH,AGL,CE,Federal Contract Tower,0,35,19,0,54,0,23,44,0,67,0,58,63,0,121,72,0,72,193
06/13/2023,OSU,OH,AGL,CE,Federal Contract Tower,0,8,18,0,26,0,4,21,0,25,0,12,39,0,51,54,0,54,105
06/14/2023,OSU,OH,AGL,CE,Federal Contract Tower,0,17,41,0,58,0,72,72,0,144,0,89,113,0,202,242,0,242,444
06/15/2023,OSU,OH,AGL,CE,Federal Contract Tower,0,22,32,0,54,0,78,92,2,172,0,100,124,2,226,68,0,68,294
06/16/2023,OSU,OH,AGL,CE,Federal Contract Tower,0,29,16,0,45,0,6,24,0,30,0,35,40,0,75,66,0,66,141
06/17/2023,OSU,OH,AGL,CE,Federal Contract Tower,0,18,12,0,30,0,29,85,0,114,0,47,97,0,144,44,0,44,188
06/18/2023,OSU,OH,AGL,CE,Federal Contract Tower,0,22,16,0,38,0,2,86,0,88,0,24,102,0,126,12,0,12,138
06/19/2023,OSU,OH,AGL,CE,Federal Contract Tower,0,12,22,0,34,0,0,35,0,35,0,12,57,0,69,0,0,0,69
06/20/2023,OSU,OH,AGL,CE,Federal Contract Tower,0,19,32,0,51,0,16,17,0,33,0,35,49,0,84,34,0,34,118
06/21/2023,OSU,OH,AGL,CE,Federal Contract Tower,0,41,21,0,62,0,100,118,0,218,0,141,139,0,280,172,0,172,452
06/22/2023,OSU,OH,AGL,CE,Federal Contract Tower,0,35,40,0,75,0,39,58,0,97,0,74,98,0,172,232,0,232,404
06/23/2023,OSU,OH,AGL,CE,Federal Contract Tower,0,18,14,0,32,0,0,14,0,14,0,18,28,0,46,70,0,70,116
06/24/2023,OSU,OH,AGL,CE,Federal Contract Tower,0,16,4,0,20,0,14,84,0,98,0,30,88,0,118,64,0,64,182
06/25/2023,OSU,OH,AGL,CE,Federal Contract Tower,0,13,20,0,33,0,4,38,0,42,0,17,58,0,75,0,0,0,75
06/26/2023,OSU,OH,AGL,CE,Federal Contract Tower,0,21,23,0,44,0,3,29,2,34,0,24,52,2,78,32,0,32,110
06/27/2023,OSU,OH,AGL,CE,Federal Contract Tower,0,23,46,0,69,0,0,3,0,3,0,23,49,0,72,0,0,0,72
06/28/2023,OSU,OH,AGL,CE,Federal Contract Tower,0,16,51,0,67,0,0,2,0,2,0,16,53,0,69,10,0,10,79
06/29/2023,OSU,OH,AGL,CE,Federal Contract Tower,0,26,47,0,73,0,0,11,0,11,0,26,58,0,84,6,0,6,90
06/30/2023,OSU,OH,AGL,CE,Federal Contract Tower,0,25,24,0,49,0,69,120,5,194,0,94,144,5,243,228,0,228,471
07/01/2023,OSU,OH,AGL,CE,Federal Contract Tower,0,16,13,0,29,0,4,34,0,38,0,20,47,0,67,4,0,4,71
07/02/2023,OSU,OH,AGL,CE,Federal Contract Tower,0,5,12,0,17,0,0,12,0,12,0,5,24,0,29,0,0,0,29
07/03/2023,OSU,OH,AGL,CE,Federal Contract Tower,0,5,8,0,13,0,0,6,0,6,0,5,14,0,19,0,0,0,19
07/04/2023,OSU,OH,AGL,CE,Federal Contract Tower,0,6,8,0,14,0,0,88,0,88,0,6,96,0,102,52,0,52,154
07/05/2023,OSU,OH,AGL,CE,Federal Contract Tower,0,22,20,0,42,0,62,106,0,168,0,84,126,0,210,170,0,170,380
07/06/2023,OSU,OH,AGL,CE,Federal Contract Tower,0,30,11,0,41,0,31,49,0,80,0,61,60,0,121,148,0,148,269
07/07/2023,OSU,OH,AGL,CE,Federal Contract Tower,0,38,19,0,57,0,68,102,0,170,0,106,121,0,227,290,0,290,517
07/08/2023,OSU,OH,AGL,CE,Federal Contract Tower,0,9,12,0,21,0,26,59,0,85,0,35,71,0,106,64,0,64,170
07/09/2023,OSU,OH,AGL,CE,Federal Contract Tower,0,11,13,0,24,0,0,47,0,47,0,11,60,0,71,34,0,34,105
07/10/2023,OSU,OH,AGL,CE,Federal Contract Tower,0,23,19,0,42,0,93,146,0,239,0,116,165,0,281,190,0,190,471
07/11/2023,OSU,OH,AGL,CE,Federal Contract Tower,0,30,18,0,48,0,75,118,0,193,0,105,136,0,241,164,0,164,405
07/12/2023,OSU,OH,AGL,CE,Federal Contract Tower,0,37,20,0,57,0,60,119,0,179,0,97,139,0,236,178,0,178,414
07/13/2023,OSU,OH,AGL,CE,Federal Contract Tower,0,19,25,0,44,0,28,99,0,127,0,47,124,0,171,178,0,178,349
07/14/2023,OSU,OH,AGL,CE,Federal Contract Tower,0,26,14,0,40,0,61,131,0,192,0,87,145,0,232,186,0,186,418
07/15/2023,OSU,OH,AGL,CE,Federal Contract Tower,0,11,9,0,20,0,4,47,0,51,0,15,56,0,71,56,0,56,127
07/16/2023,OSU,OH,AGL,CE,Federal Contract Tower,0,15,23,0,38,0,2,42,0,44,0,17,65,0,82,4,0,4,86
07/17/2023,OSU,OH,AGL,CE,Federal Contract Tower,0,20,35,0,55,0,10,30,0,40,0,30,65,0,95,222,0,222,317
07/18/2023,OSU,OH,AGL,CE,Federal Contract Tower,0,23,33,0,56,0,47,101,0,148,0,70,134,0,204,282,0,282,486
07/19/2023,OSU,OH,AGL,CE,Federal Contract Tower,0,24,19,0,43,0,56,95,0,151,0,80,114,0,194,220,0,220,414
07/20/2023,OSU,OH,AGL,CE,Federal Contract Tower,0,26,17,0,43,0,16,50,0,66,0,42,67,0,109,88,0,88,197
07/21/2023,OSU,OH,AGL,CE,Federal Contract Tower,0,37,18,0,55,0,35,84,0,119,0,72,102,0,174,124,0,124,298
07/22/2023,OSU,OH,AGL,CE,Federal Contract Tower,0,21,16,0,37,0,46,109,0,155,0,67,125,0,192,112,0,112,304
07/23/2023,OSU,OH,AGL,CE,Federal Contract Tower,0,14,19,0,33,0,0,72,3,75,0,14,91,3,108,54,12,66,174
07/24/2023,OSU,OH,AGL,CE,Federal Contract Tower,0,12,17,0,29,0,48,59,2,109,0,60,76,2,138,178,0,178,316
07/25/2023,OSU,OH,AGL,CE,Federal Contract Tower,0,22,21,0,43,0,36,70,0,106,0,58,91,0,149,100,0,100,249
07/26/2023,OSU,OH,AGL,CE,Federal Contract Tower,0,14,22,0,36,0,31,61,0,92,0,45,83,0,128,64,0,64,192
07/27/2023,OSU,OH,AGL,CE,Federal Contract Tower,0,30,42,0,72,0,13,77,0,90,0,43,119,0,162,134,0,134,296
07/28/2023,OSU,OH,AGL,CE,Federal Contract Tower,0,23,22,0,45,0,19,49,0,68,0,42,71,0,113,48,0,48,161
07/29/2023,OSU,OH,AGL,CE,Federal Contract Tower,0,9,23,0,32,0,5,66,0,71,0,14,89,0,103,14,0,14,117
07/30/2023,OSU,OH,AGL,CE,Federal Contract Tower,0,12,16,0,28,0,22,87,0,109,0,34,103,0,137,68,0,68,205
07/31/2023,OSU,OH,AGL,CE,Federal Contract Tower,0,22,37,0,59,0,90,102,0,192,0,112,139,0,251,226,0,226,477
08/01/2023,OSU,OH,AGL,CE,Federal Contract Tower,0,20,8,0,28,0,60,116,0,176,0,80,124,0,204,180,30,210,414
08/02/2023,OSU,OH,AGL,CE,Federal Contract Tower,0,18,18,0,36,0,55,114,0,169,0,73,132,0,205,132,0,132,337
08/03/2023,OSU,OH,AGL,CE,Federal Contract Tower,0,24,16,0,40,0,31,100,0,131,0,55,116,0,171,102,0,102,273
08/04/2023,OSU,OH,AGL,CE,Federal Contract Tower,0,14,18,0,32,0,36,105,2,143,0,50,123,2,175,146,0,146,321
08/05/2023,OSU,OH,AGL,CE,Federal Contract Tower,0,7,15,0,22,0,12,107,0,119,0,19,122,0,141,28,0,28,169
08/06/2023,OSU,OH,AGL,CE,Federal Contract Tower,0,8,15,0,23,0,0,36,0,36,0,8,51,0,59,2,0,2,61
08/07/2023,OSU,OH,AGL,CE,Federal Contract Tower,0,17,26,0,43,0,0,3,0,3,0,17,29,0,46,2,0,2,48
08/08/2023,OSU,OH,AGL,CE,Federal Contract Tower,0,18,31,0,49,0,28,110,0,138,0,46,141,0,187,106,0,106,293
08/09/2023,OSU,OH,AGL,CE,Federal Contract Tower,0,16,31,0,47,0,26,88,0,114,0,42,119,0,161,176,0,176,337
08/10/2023,OSU,OH,AGL,CE,Federal Contract Tower,0,22,27,0,49,0,7,66,4,77,0,29,93,4,126,74,0,74,200
08/11/2023,OSU,OH,AGL,CE,Federal Contract Tower,0,21,27,0,48,0,24,100,4,128,0,45,127,4,176,162,0,162,338
08/12/2023,OSU,OH,AGL,CE,Federal Contract Tower,0,14,19,0,33,0,12,60,5,77,0,26,79,5,110,34,0,34,144
08/13/2023,OSU,OH,AGL,CE,Federal Contract Tower,0,12,18,0,30,0,7,101,4,112,0,19,119,4,142,30,0,30,172
08/14/2023,OSU,OH,AGL,CE,Federal Contract Tower,0,12,14,0,26,0,2,15,0,17,0,14,29,0,43,28,0,28,71
08/15/2023,OSU,OH,AGL,CE,Federal Contract Tower,0,12,21,6,39,0,0,27,2,29,0,12,48,8,68,46,0,46,114
08/16/2023,OSU,OH,AGL,CE,Federal Contract Tower,0,24,32,0,56,0,33,117,0,150,0,57,149,0,206,144,0,144,350
08/17/2023,OSU,OH,AGL,CE,Federal Contract Tower,0,24,23,1,48,0,18,61,0,79,0,42,84,1,127,144,0,144,271
08/18/2023,OSU,OH,AGL,CE,Federal Contract Tower,0,24,19,0,43,0,21,115,0,136,0,45,134,0,179,68,0,68,247
08/19/2023,OSU,OH,AGL,CE,Federal Contract Tower,0,10,25,0,35,0,36,150,0,186,0,46,175,0,221,70,0,70,291
08/20/2023,OSU,OH,AGL,CE,Federal Contract Tower,0,11,12,0,23,0,2,84,0,86,0,13,96,0,109,78,0,78,187
08/21/2023,OSU,OH,AGL,CE,Federal Contract Tower,0,18,21,0,39,0,15,84,0,99,0,33,105,0,138,152,0,152,290
08/22/2023,OSU,OH,AGL,CE,Federal Contract Tower,0,23,22,0,45,0,44,104,0,148,0,67,126,0,193,118,0,118,311
08/23/2023,OSU,OH,AGL,CE,Federal Contract Tower,0,14,28,0,42,0,57,120,0,177,0,71,148,0,219,116,0,116,335
08/24/2023,OSU,OH,AGL,CE,Federal Contract Tower,0,19,21,0,40,0,22,44,0,66,0,41,65,0,106,100,0,100,206
08/25/2023,OSU,OH,AGL,CE,Federal Contract Tower,0,17,20,0,37,0,18,49,1,68,0,35,69,1,105,138,0,138,243
08/26/2023,OSU,OH,AGL,CE,Federal Contract Tower,0,12,22,0,34,0,42,67,0,109,0,54,89,0,143,198,0,198,341
08/27/2023,OSU,OH,AGL,CE,Federal Contract Tower,0,8,14,0,22,0,14,53,0,67,0,22,67,0,89,94,0,94,183
08/28/2023,OSU,OH,AGL,CE,Federal Contract Tower,0,24,27,0,51,0,92,112,0,204,0,116,139,0,255,180,0,180,435
08/29/2023,OSU,OH,AGL,CE,Federal Contract Tower,0,32,8,0,40,0,132,155,0,287,0,164,163,0,327,262,0,262,589
08/30/2023,OSU,OH,AGL,CE,Federal Contract Tower,0,24,44,0,68,0,29,82,0,111,0,53,126,0,179,216,0,216,395
08/31/2023,OSU,OH,AGL,CE,Federal Contract Tower,0,25,18,2,45,0,80,120,0,200,0,105,138,2,245,190,0,190,435
01/01/2020,OSU,OH,AGL,CE,Federal Contract Tower,0,5,11,0,16,0,0,53,0,53,0,5,64,0,69,12,0,12,81
01/02/2020,OSU,OH,AGL,CE,Federal Contract Tower,0,12,7,0,19,0,2,59,0,61,0,14,66,0,80,14,0,14,94
01/03/2020,OSU,OH,AGL,CE,Federal Contract Tower,0,9,13,0,22,0,0,0,0,0,0,9,13,0,22,0,0,0,22
01/04/2020,OSU,OH,AGL,CE,Federal Contract Tower,0,6,8,0,14,0,0,1,0,1,0,6,9,0,15,0,0,0,15
01/05/2020,OSU,OH,AGL,CE,Federal Contract Tower,0,1,21,0,22,0,3,68,0,71,0,4,89,0,93,32,0,32,125
01/06/2020,OSU,OH,AGL,CE,Federal Contract Tower,0,6,10,0,16,0,8,71,0,79,0,14,81,0,95,58,0,58,153
01/07/2020,OSU,OH,AGL,CE,Federal Contract Tower,0,5,13,0,18,0,76,89,0,165,0,81,102,0,183,410,0,410,593
01/08/2020,OSU,OH,AGL,CE,Federal Contract Tower,0,7,30,0,37,0,33,63,0,96,0,40,93,0,133,30,0,30,163
01/09/2020,OSU,OH,AGL,CE,Federal Contract Tower,0,6,20,0,26,0,48,61,0,109,0,54,81,0,135,48,0,48,183
01/10/2020,OSU,OH,AGL,CE,Federal Contract Tower,0,10,12,0,22,0,0,7,0,7,0,10,19,0,29,14,0,14,43
01/11/2020,OSU,OH,AGL,CE,Federal Contract Tower,0,3,4,0,7,0,0,4,0,4,0,3,8,0,11,2,0,2,13
01/12/2020,OSU,OH,AGL,CE,Federal Contract Tower,0,2,22,0,24,0,0,33,0,33,0,2,55,0,57,106,0,106,163
01/13/2020,OSU,OH,AGL,CE,Federal Contract Tower,0,2,15,0,17,0,64,77,0,141,0,66,92,0,158,369,0,369,527
01/14/2020,OSU,OH,AGL,CE,Federal Contract Tower,0,19,18,0,37,0,21,24,0,45,0,40,42,0,82,14,0,14,96
01/15/2020,OSU,OH,AGL,CE,Federal Contract Tower,0,3,12,0,15,0,1,0,0,1,0,4,12,0,16,0,0,0,16
01/16/2020,OSU,OH,AGL,CE,Federal Contract Tower,0,8,23,0,31,0,2,32,0,34,0,10,55,0,65,0,0,0,65
01/17/2020,OSU,OH,AGL,CE,Federal Contract Tower,0,12,22,0,34,0,102,81,0,183,0,114,103,0,217,194,2,196,413
01/18/2020,OSU,OH,AGL,CE,Federal Contract Tower,0,1,4,0,5,0,0,0,0,0,0,1,4,0,5,0,0,0,5
01/19/2020,OSU,OH,AGL,CE,Federal Contract Tower,0,5,6,0,11,0,0,15,0,15,0,5,21,0,26,26,0,26,52
01/20/2020,OSU,OH,AGL,CE,Federal Contract Tower,0,3,21,0,24,0,0,68,0,68,0,3,89,0,92,30,0,30,122
01/21/2020,OSU,OH,AGL,CE,Federal Contract Tower,0,9,18,0,27,0,126,92,0,218,0,135,110,0,245,310,0,310,555
01/22/2020,OSU,OH,AGL,CE,Federal Contract Tower,0,11,27,0,38,0,83,71,0,154,0,94,98,0,192,156,0,156,348
01/23/2020,OSU,OH,AGL,CE,Federal Contract Tower,0,9,27,0,36,0,135,120,0,255,0,144,147,0,291,316,0,316,607
01/24/2020,OSU,OH,AGL,CE,Federal Contract Tower,0,7,6,0,13,0,0,2,0,2,0,7,8,0,15,6,0,6,21
01/25/2020,OSU,OH,AGL,CE,Federal Contract Tower,0,6,7,0,13,0,0,0,0,0,0,6,7,0,13,0,0,0,13
01/26/2020,OSU,OH,AGL,CE,Federal Contract Tower,0,2,13,0,15,0,0,18,0,18,0,2,31,0,33,44,0,44,77
01/27/2020,OSU,OH,AGL,CE,Federal Contract Tower,0,8,14,0,22,0,0,8,0,8,0,8,22,0,30,38,0,38,68
01/28/2020,OSU,OH,AGL,CE,Federal Contract Tower,0,11,19,0,30,0,3,27,0,30,0,14,46,0,60,56,0,56,116
01/29/2020,OSU,OH,AGL,CE,Federal Contract Tower,0,10,24,0,34,0,98,67,0,165,0,108,91,0,199,334,0,334,533
01/30/2020,OSU,OH,AGL,CE,Federal Contract Tower,0,17,14,0,31,0,85,82,2,169,0,102,96,2,200,302,0,302,502
01/31/2020,OSU,OH,AGL,CE,Federal Contract Tower,0,6,12,0,18,0,19,15,0,34,0,25,27,0,52,50,0,50,102
02/01/2020,OSU,OH,AGL,CE,Federal Contract Tower,0,4,7,0,11,0,0,4,0,4,0,4,11,0,15,0,0,0,15
02/02/2020,OSU,OH,AGL,CE,Federal Contract Tower,0,5,5,0,10,0,5,30,0,35,0,10,35,0,45,22,0,22,67
02/03/2020,OSU,OH,AGL,CE,Federal Contract Tower,0,4,13,0,17,0,91,127,0,218,0,95,140,0,235,98,0,98,333
02/04/2020,OSU,OH,AGL,CE,Federal Contract Tower,0,7,24,0,31,0,0,2,0,2,0,7,26,0,33,0,0,0,33
02/05/2020,OSU,OH,AGL,CE,Federal Contract Tower,0,12,15,0,27,0,86,65,0,151,0,98,80,0,178,180,0,180,358
02/06/2020,OSU,OH,AGL,CE,Federal Contract Tower,0,3,5,0,8,0,0,0,0,0,0,3,5,0,8,0,0,0,8
02/07/2020,OSU,OH,AGL,CE,Federal Contract Tower,0,4,7,0,11,0,2,24,0,26,0,6,31,0,37,4,0,4,41
02/08/2020,OSU,OH,AGL,CE,Federal Contract Tower,0,1,3,0,4,0,0,2,0,2,0,1,5,0,6,0,0,0,6
02/09/2020,OSU,OH,AGL,CE,Federal Contract Tower,0,8,10,0,18,0,13,75,0,88,0,21,85,0,106,56,0,56,162
02/10/2020,OSU,OH,AGL,CE,Federal Contract Tower,5,25,0,0,30,0,0,0,0,0,5,25,0,0,30,0,0,0,30
02/11/2020,OSU,OH,AGL,CE,Federal Contract Tower,0,10,24,0,34,0,50,84,0,134,0,60,108,0,168,280,6,286,454
02/12/2020,OSU,OH,AGL,CE,Federal Contract Tower,0,7,15,0,22,0,64,64,0,128,0,71,79,0,150,164,0,164,314
02/13/2020,OSU,OH,AGL,CE,Federal Contract Tower,0,11,15,0,26,0,0,3,0,3,0,11,18,0,29,0,0,0,29
02/14/2020,OSU,OH,AGL,CE,Federal Contract Tower,0,14,12,0,26,0,104,74,0,178,0,118,86,0,204,236,0,236,440
02/15/2020,OSU,OH,AGL,CE,Federal Contract Tower,0,6,12,0,18,0,47,96,0,143,0,53,108,0,161,90,0,90,251
02/16/2020,OSU,OH,AGL,CE,Federal Contract Tower,0,7,11,0,18,0,28,107,0,135,0,35,118,0,153,104,0,104,257
02/17/2020,OSU,OH,AGL,CE,Federal Contract Tower,0,16,24,0,40,0,122,89,0,211,0,138,113,0,251,252,0,252,503
02/18/2020,OSU,OH,AGL,CE,Federal Contract Tower,0,18,23,0,41,0,1,15,0,16,0,19,38,0,57,0,0,0,57
02/19/2020,OSU,OH,AGL,CE,Federal Contract Tower,0,10,16,0,26,0,122,132,2,256,0,132,148,2,282,118,0,118,400
02/20/2020,OSU,OH,AGL,CE,Federal Contract Tower,0,17,23,0,40,0,119,96,0,215,0,136,119,0,255,222,0,222,477
02/21/2020,OSU,OH,AGL,CE,Federal Contract Tower,0,20,32,0,52,0,144,129,0,273,0,164,161,0,325,250,0,250,575
02/22/2020,OSU,OH,AGL,CE,Federal Contract Tower,0,14,11,0,25,0,74,107,0,181,0,88,118,0,206,140,0,140,346
02/23/2020,OSU,OH,AGL,CE,Federal Contract Tower,0,9,15,0,24,0,21,109,0,130,0,30,124,0,154,22,0,22,176
02/24/2020,OSU,OH,AGL,CE,Federal Contract Tower,0,9,21,0,30,0,13,22,0,35,0,22,43,0,65,162,0,162,227
02/25/2020,OSU,OH,AGL,CE,Federal Contract Tower,0,12,5,0,17,0,0,0,0,0,0,12,5,0,17,0,0,0,17
02/26/2020,OSU,OH,AGL,CE,Federal Contract Tower,0,3,16,0,19,0,0,0,0,0,0,3,16,0,19,0,0,0,19
02/27/2020,OSU,OH,AGL,CE,Federal Contract Tower,0,8,15,0,23,0,0,10,0,10,0,8,25,0,33,0,0,0,33
02/28/2020,OSU,OH,AGL,CE,Federal Contract Tower,0,12,32,0,44,0,55,57,0,112,0,67,89,0,156,296,0,296,452
02/29/2020,OSU,OH,AGL,CE,Federal Contract Tower,0,6,14,0,20,0,68,47,0,115,0,74,61,0,135,218,0,218,353
03/01/2020,OSU,OH,AGL,CE,Federal Contract Tower,0,12,11,0,23,0,34,92,0,126,0,46,103,0,149,74,0,74,223
03/02/2020,OSU,OH,AGL,CE,Federal Contract Tower,0,19,10,0,29,0,0,2,0,2,0,19,12,0,31,6,0,6,37
03/03/2020,OSU,OH,AGL,CE,Federal Contract Tower,0,20,23,0,43,0,0,10,0,10,0,20,33,0,53,0,0,0,53
03/04/2020,OSU,OH,AGL,CE,Federal Contract Tower,0,12,32,0,44,0,71,87,0,158,0,83,119,0,202,90,0,90,292
03/05/2020,OSU,OH,AGL,CE,Federal Contract Tower,0,12,20,0,32,0,138,164,0,302,0,150,184,0,334,492,0,492,826
03/06/2020,OSU,OH,AGL,CE,Federal Contract Tower,0,8,21,0,29,0,0,5,0,5,0,8,26,0,34,0,0,0,34
03/07/2020,OSU,OH,AGL,CE,Federal Contract Tower,0,8,12,0,20,0,36,116,0,152,0,44,128,0,172,332,0,332,504
03/08/2020,OSU,OH,AGL,CE,Federal Contract Tower,0,5,20,0,25,0,17,135,0,152,0,22,155,0,177,14,0,14,191
03/09/2020,OSU,OH,AGL,CE,Federal Contract Tower,0,5,11,0,16,0,0,30,0,30,0,5,41,0,46,12,0,12,58
03/10/2020,OSU,OH,AGL,CE,Federal Contract Tower,0,5,15,0,20,0,0,10,0,10,0,5,25,0,30,0,0,0,30
03/11/2020,OSU,OH,AGL,CE,Federal Contract Tower,0,9,21,0,30,0,3,21,0,24,0,12,42,0,54,76,0,76,130
03/12/2020,OSU,OH,AGL,CE,Federal Contract Tower,0,11,13,0,24,0,32,79,2,113,0,43,92,2,137,252,0,252,389
03/13/2020,OSU,OH,AGL,CE,Federal Contract Tower,0,12,12,0,24,0,6,52,0,58,0,18,64,0,82,36,0,36,118
03/14/2020,OSU,OH,AGL,CE,Federal Contract Tower,0,5,14,0,19,0,1,29,0,30,0,6,43,0,49,46,0,46,95
03/15/2020,OSU,OH,AGL,CE,Federal Contract Tower,0,6,24,0,30,0,4,66,0,70,0,10,90,0,100,86,0,86,186
03/16/2020,OSU,OH,AGL,CE,Federal Contract Tower,0,10,19,0,29,0,68,82,0,150,0,78,101,0,179,276,0,276,455
03/17/2020,OSU,OH,AGL,CE,Federal Contract Tower,0,10,9,0,19,0,21,19,0,40,0,31,28,0,59,190,0,190,249
03/18/2020,OSU,OH,AGL,CE,Federal Contract Tower,0,6,3,0,9,0,38,39,0,77,0,44,42,0,86,226,0,226,312
03/19/2020,OSU,OH,AGL,CE,Federal Contract Tower,0,11,8,0,19,0,0,0,0,0,0,11,8,0,19,0,0,0,19
03/20/2020,OSU,OH,AGL,CE,Federal Contract Tower,0,3,9,0,12,0,0,15,0,15,0,3,24,0,27,12,0,12,39
03/21/2020,OSU,OH,AGL,CE,Federal Contract Tower,0,3,2,0,5,0,0,32,0,32,0,3,34,0,37,8,0,8,45
03/22/2020,OSU,OH,AGL,CE,Federal Contract Tower,0,1,2,0,3,0,0,49,0,49,0,1,51,0,52,14,0,14,66
03/23/2020,OSU,OH,AGL,CE,Federal Contract Tower,0,3,2,0,5,0,0,10,0,10,0,3,12,0,15,0,0,0,15
03/24/2020,OSU,OH,AGL,CE,Federal Contract Tower,0,4,3,0,7,0,3,22,0,25,0,7,25,0,32,6,0,6,38
03/25/2020,OSU,OH,AGL,CE,Federal Contract Tower,0,4,2,0,6,0,0,51,0,51,0,4,53,0,57,36,0,36,93
03/26/2020,OSU,OH,AGL,CE,Federal Contract Tower,0,10,5,0,15,0,3,55,0,58,0,13,60,0,73,6,0,6,79
03/27/2020,OSU,OH,AGL,CE,Federal Contract Tower,0,10,5,0,15,0,0,4,0,4,0,10,9,0,19,0,0,0,19
03/28/2020,OSU,OH,AGL,CE,Federal Contract Tower,0,5,3,0,8,0,0,10,0,10,0,5,13,0,18,0,0,0,18
03/29/2020,OSU,OH,AGL,CE,Federal Contract Tower,0,2,7,0,9,0,0,15,0,15,0,2,22,0,24,0,0,0,24
03/30/2020,OSU,OH,AGL,CE,Federal Contract Tower,0,3,2,0,5,0,0,17,0,17,0,3,19,0,22,0,0,0,22
03/31/2020,OSU,OH,AGL,CE,Federal Contract Tower,0,6,8,0,14,0,0,20,0,20,0,6,28,0,34,6,0,6,40
04/01/2020,OSU,OH,AGL,CE,Federal Contract Tower,0,7,3,0,10,0,0,14,0,14,0,7,17,0,24,14,0,14,38
04/02/2020,OSU,OH,AGL,CE,Federal Contract Tower,0,6,6,0,12,0,0,46,0,46,0,6,52,0,58,30,0,30,88
04/03/2020,OSU,OH,AGL,CE,Federal Contract Tower,0,5,9,0,14,0,0,61,0,61,0,5,70,0,75,2,0,2,77
04/04/2020,OSU,OH,AGL,CE,Federal Contract Tower,0,4,4,0,8,0,0,37,0,37,0,4,41,0,45,44,0,44,89
04/05/2020,OSU,OH,AGL,CE,Federal Contract Tower,0,0,7,0,7,0,0,4,0,4,0,0,11,0,11,12,0,12,23
04/06/2020,OSU,OH,AGL,CE,Federal Contract Tower,0,4,7,0,11,0,25,43,0,68,0,29,50,0,79,54,0,54,133
04/07/2020,OSU,OH,AGL,CE,Federal Contract Tower,0,4,2,0,6,0,0,9,0,9,0,4,11,0,15,0,0,0,15
04/08/2020,OSU,OH,AGL,CE,Federal Contract Tower,0,5,9,0,14,0,4,28,0,32,0,9,37,0,46,4,0,4,50
04/09/2020,OSU,OH,AGL,CE,Federal Contract Tower,0,8,0,0,8,0,1,15,0,16,0,9,15,0,24,0,0,0,24
04/10/2020,OSU,OH,AGL,CE,Federal Contract Tower,0,3,1,0,4,0,0,19,0,19,0,3,20,0,23,4,0,4,27
04/11/2020,OSU,OH,AGL,CE,Federal Contract Tower,0,0,1,0,1,0,2,50,0,52,0,2,51,0,53,16,0,16,69
04/12/2020,OSU,OH,AGL,CE,Federal Contract Tower,0,1,1,0,2,0,0,22,0,22,0,1,23,0,24,0,0,0,24
04/13/2020,OSU,OH,AGL,CE,Federal Contract Tower,0,4,0,0,4,0,0,7,0,7,0,4,7,0,11,0,0,0,11
04/14/2020,OSU,OH,AGL,CE,Federal Contract Tower,0,8,9,0,17,0,34,25,0,59,0,42,34,0,76,0,0,0,76
04/15/2020,OSU,OH,AGL,CE,Federal Contract Tower,0,10,4,0,14,0,0,15,0,15,0,10,19,0,29,8,0,8,37
04/16/2020,OSU,OH,AGL,CE,Federal Contract Tower,0,9,3,0,12,0,0,35,4,39,0,9,38,4,51,0,0,0,51
04/17/2020,OSU,OH,AGL,CE,Federal Contract Tower,0,7,0,0,7,0,0,2,0,2,0,7,2,0,9,0,0,0,9
04/18/2020,OSU,OH,AGL,CE,Federal Contract Tower,0,2,8,0,10,0,0,39,0,39,0,2,47,0,49,26,0,26,75
04/19/2020,OSU,OH,AGL,CE,Federal Contract Tower,0,3,7,0,10,0,0,43,0,43,0,3,50,0,53,0,0,0,53
04/20/2020,OSU,OH,AGL,CE,Federal Contract Tower,0,4,3,0,7,0,0,66,0,66,0,4,69,0,73,14,0,14,87
04/21/2020,OSU,OH,AGL,CE,Federal Contract Tower,0,8,0,0,8,0,0,12,0,12,0,8,12,0,20,0,0,0,20
04/22/2020,OSU,OH,AGL,CE,Federal Contract Tower,0,9,7,0,16,0,4,32,0,36,0,13,39,0,52,0,0,0,52
04/23/2020,OSU,OH,AGL,CE,Federal Contract Tower,0,7,3,1,11,0,0,4,3,7,0,7,7,4,18,12,0,12,30
04/24/2020,OSU,OH,AGL,CE,Federal Contract Tower,0,9,3,0,12,0,0,44,0,44,0,9,47,0,56,18,0,18,74
04/25/2020,OSU,OH,AGL,CE,Federal Contract Tower,0,5,9,0,14,0,0,58,0,58,0,5,67,0,72,0,0,0,72
04/26/2020,OSU,OH,AGL,CE,Federal Contract Tower,0,4,10,0,14,0,0,0,0,0,0,4,10,0,14,0,0,0,14
04/27/2020,OSU,OH,AGL,CE,Federal Contract Tower,0,2,9,0,11,0,0,0,63,63,0,2,9,63,74,8,0,8,82
04/28/2020,OSU,OH,AGL,CE,Federal Contract Tower,0,7,3,0,10,0,1,26,0,27,0,8,29,0,37,8,0,8,45
04/29/2020,OSU,OH,AGL,CE,Federal Contract Tower,0,8,0,0,8,0,0,8,0,8,0,8,8,0,16,14,0,14,30
04/30/2020,OSU,OH,AGL,CE,Federal Contract Tower,0,9,8,0,17,0,0,13,0,13,0,9,21,0,30,0,0,0,30
05/01/2020,OSU,OH,AGL,CE,Federal Contract Tower,0,9,12,0,21,0,0,29,0,29,0,9,41,0,50,6,0,6,56
05/02/2020,OSU,OH,AGL,CE,Federal Contract Tower,0,7,5,0,12,0,0,52,0,52,0,7,57,0,64,18,0,18,82
05/03/2020,OSU,OH,AGL,CE,Federal Contract Tower,0,7,0,0,7,0,0,30,0,30,0,7,30,0,37,0,0,0,37
05/04/2020,OSU,OH,AGL,CE,Federal Contract Tower,0,2,5,0,7,0,0,61,0,61,0,2,66,0,68,6,0,6,74
05/05/2020,OSU,OH,AGL,CE,Federal Contract Tower,0,5,5,0,10,0,0,20,0,20,0,5,25,0,30,6,0,6,36
05/06/2020,OSU,OH,AGL,CE,Federal Contract Tower,0,7,10,0,17,0,0,29,4,33,0,7,39,4,50,10,0,10,60
05/07/2020,OSU,OH,AGL,CE,Federal Contract Tower,0,9,6,0,15,0,8,48,0,56,0,17,54,0,71,64,0,64,135
05/08/2020,OSU,OH,AGL,CE,Federal Contract Tower,0,9,3,0,12,0,6,13,0,19,0,15,16,0,31,24,0,24,55
05/09/2020,OSU,OH,AGL,CE,Federal Contract Tower,0,1,5,0,6,0,21,39,0,60,0,22,44,0,66,14,0,14,80
05/10/2020,OSU,OH,AGL,CE,Federal Contract Tower,0,4,2,0,6,0,8,17,0,25,0,12,19,0,31,0,0,0,31
05/11/2020,OSU,OH,AGL,CE,Federal Contract Tower,0,9,3,0,12,0,21,25,0,46,0,30,28,0,58,102,0,102,160
05/12/2020,OSU,OH,AGL,CE,Federal Contract Tower,0,7,7,0,14,0,68,93,0,161,0,75,100,0,175,182,0,182,357
05/13/2020,OSU,OH,AGL,CE,Federal Contract Tower,0,8,10,0,18,0,49,122,0,171,0,57,132,0,189,156,0,156,345
05/14/2020,OSU,OH,AGL,CE,Federal Contract Tower,0,11,15,0,26,0,0,22,0,22,0,11,37,0,48,0,0,0,48
05/15/2020,OSU,OH,AGL,CE,Federal Contract Tower,0,10,7,0,17,0,4,26,0,30,0,14,33,0,47,26,0,26,73
05/16/2020,OSU,OH,AGL,CE,Federal Contract Tower,0,13,14,0,27,0,22,54,0,76,0,35,68,0,103,74,0,74,177
05/17/2020,OSU,OH,AGL,CE,Federal Contract Tower,0,7,3,0,10,0,19,40,0,59,0,26,43,0,69,46,0,46,115
05/18/2020,OSU,OH,AGL,CE,Federal Contract Tower,0,2,6,0,8,0,6,2,0,8,0,8,8,0,16,32,0,32,48
05/19/2020,OSU,OH,AGL,CE,Federal Contract Tower,0,18,2,0,20,0,0,3,0,3,0,18,5,0,23,16,0,16,39
05/20/2020,OSU,OH,AGL,CE,Federal Contract Tower,0,14,21,0,35,0,4,18,0,22,0,18,39,0,57,14,0,14,71
05/21/2020,OSU,OH,AGL,CE,Federal Contract Tower,0,17,12,0,29,0,3,8,0,11,0,20,20,0,40,0,0,0,40
05/22/2020,OSU,OH,AGL,CE,Federal Contract Tower,0,12,24,0,36,0,38,64,0,102,0,50,88,0,138,144,0,144,282
05/23/2020,OSU,OH,AGL,CE,Federal Contract Tower,0,5,11,0,16,0,58,82,0,140,0,63,93,0,156,162,0,162,318
05/24/2020,OSU,OH,AGL,CE,Federal Contract Tower,0,5,10,0,15,0,15,92,0,107,0,20,102,0,122,20,0,20,142
05/25/2020,OSU,OH,AGL,CE,Federal Contract Tower,0,6,6,0,12,0,0,83,0,83,0,6,89,0,95,42,0,42,137
05/26/2020,OSU,OH,AGL,CE,Federal Contract Tower,0,4,8,0,12,0,134,134,0,268,0,138,142,0,280,292,0,292,572
05/27/2020,OSU,OH,AGL,CE,Federal Contract Tower,0,7,17,0,24,0,122,90,0,212,0,129,107,0,236,226,0,226,462
05/28/2020,OSU,OH,AGL,CE,Federal Contract Tower,0,12,15,0,27,0,2,31,0,33,0,14,46,0,60,6,0,6,66
05/29/2020,OSU,OH,AGL,CE,Federal Contract Tower,0,6,8,2,16,0,0,19,0,19,0,6,27,2,35,18,0,18,53
05/30/2020,OSU,OH,AGL,CE,Federal Contract Tower,0,7,16,0,23,0,41,132,0,173,0,48,148,0,196,148,0,148,344
05/31/2020,OSU,OH,AGL,CE,Federal Contract Tower,0,8,12,0,20,0,54,124,0,178,0,62,136,0,198,128,0,128,326
06/01/2020,OSU,OH,AGL,CE,Federal Contract Tower,0,13,9,0,22,0,109,113,4,226,0,122,122,4,248,402,0,402,650
06/02/2020,OSU,OH,AGL,CE,Federal Contract Tower,0,20,12,0,32,0,73,89,0,162,0,93,101,0,194,74,0,74,268
06/03/2020,OSU,OH,AGL,CE,Federal Contract Tower,0,5,9,0,14,0,58,78,4,140,0,63,87,4,154,128,0,128,282
06/04/2020,OSU,OH,AGL,CE,Federal Contract Tower,0,11,10,0,21,0,2,15,0,17,0,13,25,0,38,16,0,16,54
06/05/2020,OSU,OH,AGL,CE,Federal Contract Tower,0,13,27,0,40,0,28,73,0,101,0,41,100,0,141,290,0,290,431
06/06/2020,OSU,OH,AGL,CE,Federal Contract Tower,0,8,5,0,13,0,38,116,0,154,0,46,121,0,167,140,0,140,307
06/07/2020,OSU,OH,AGL,CE,Federal Contract Tower,0,4,10,0,14,0,35,110,0,145,0,39,120,0,159,188,0,188,347
06/08/2020,OSU,OH,AGL,CE,Federal Contract Tower,0,14,7,0,21,0,143,150,5,298,0,157,157,5,319,360,0,360,679
06/09/2020,OSU,OH,AGL,CE,Federal Contract Tower,0,24,5,0,29,0,59,51,2,112,0,83,56,2,141,124,0,124,265
06/10/2020,OSU,OH,AGL,CE,Federal Contract Tower,0,12,16,0,28,0,2,30,0,32,0,14,46,0,60,32,0,32,92
06/11/2020,OSU,OH,AGL,CE,Federal Contract Tower,0,24,13,0,37,0,40,92,3,135,0,64,105,3,172,234,0,234,406
06/12/2020,OSU,OH,AGL,CE,Federal Contract Tower,0,21,24,0,45,0,15,94,0,109,0,36,118,0,154,138,0,138,292
06/13/2020,OSU,OH,AGL,CE,Federal Contract Tower,0,6,18,0,24,0,6,47,0,53,0,12,65,0,77,48,0,48,125
06/14/2020,OSU,OH,AGL,CE,Federal Contract Tower,0,6,12,0,18,0,39,108,0,147,0,45,120,0,165,132,0,132,297
06/15/2020,OSU,OH,AGL,CE,Federal Contract Tower,0,20,11,0,31,0,63,84,0,147,0,83,95,0,178,310,0,310,488
06/16/2020,OSU,OH,AGL,CE,Federal Contract Tower,0,8,25,0,33,0,85,105,3,193,0,93,130,3,226,362,0,362,588
06/17/2020,OSU,OH,AGL,CE,Federal Contract Tower,0,19,31,0,50,0,79,88,0,167,0,98,119,0,217,353,0,353,570
06/18/2020,OSU,OH,AGL,CE,Federal Contract Tower,0,15,16,0,31,0,13,45,0,58,0,28,61,0,89,104,0,104,193
06/19/2020,OSU,OH,AGL,CE,Federal Contract Tower,0,17,21,0,38,0,21,67,0,88,0,38,88,0,126,266,0,266,392
06/20/2020,OSU,OH,AGL,CE,Federal Contract Tower,0,9,11,0,20,0,55,188,0,243,0,64,199,0,263,203,0,203,466
06/21/2020,OSU,OH,AGL,CE,Federal Contract Tower,0,6,13,0,19,0,7,64,0,71,0,13,77,0,90,14,0,14,104
06/22/2020,OSU,OH,AGL,CE,Federal Contract Tower,0,12,27,0,39,0,11,62,0,73,0,23,89,0,112,50,0,50,162
06/23/2020,OSU,OH,AGL,CE,Federal Contract Tower,0,17,10,0,27,0,6,39,0,45,0,23,49,0,72,36,0,36,108
06/24/2020,OSU,OH,AGL,CE,Federal Contract Tower,0,22,18,0,40,0,81,104,0,185,0,103,122,0,225,404,0,404,629
06/25/2020,OSU,OH,AGL,CE,Federal Contract Tower,0,11,23,0,34,0,72,110,0,182,0,83,133,0,216,322,0,322,538
06/26/2020,OSU,OH,AGL,CE,Federal Contract Tower,0,16,15,0,31,0,61,83,0,144,0,77,98,0,175,162,0,162,337
06/27/2020,OSU,OH,AGL,CE,Federal Contract Tower,0,12,6,0,18,0,0,40,0,40,0,12,46,0,58,20,0,20,78
06/28/2020,OSU,OH,AGL,CE,Federal Contract Tower,0,19,17,0,36,0,6,62,0,68,0,25,79,0,104,54,0,54,158
06/29/2020,OSU,OH,AGL,CE,Federal Contract Tower,0,24,14,0,38,0,96,111,0,207,0,120,125,0,245,328,0,328,573
06/30/2020,OSU,OH,AGL,CE,Federal Contract Tower,0,7,8,0,15,0,65,100,0,165,0,72,108,0,180,388,0,388,568
07/01/2020,OSU,OH,AGL,CE,Federal Contract Tower,0,20,10,0,30,0,105,118,0,223,0,125,128,0,253,312,0,312,565
07/02/2020,OSU,OH,AGL,CE,Federal Contract Tower,0,11,12,0,23,0,118,121,0,239,0,129,133,0,262,294,0,294,556
07/03/2020,OSU,OH,AGL,CE,Federal Contract Tower,0,12,10,0,22,0,0,107,0,107,0,12,117,0,129,0,0,0,129
07/04/2020,OSU,OH,AGL,CE,Federal Contract Tower,0,1,2,0,3,0,23,72,0,95,0,24,74,0,98,82,0,82,180
07/05/2020,OSU,OH,AGL,CE,Federal Contract Tower,0,16,21,0,37,0,7,108,0,115,0,23,129,0,152,24,0,24,176
07/06/2020,OSU,OH,AGL,CE,Federal Contract Tower,0,27,5,0,32,0,69,68,0,137,0,96,73,0,169,258,0,258,427
07/07/2020,OSU,OH,AGL,CE,Federal Contract Tower,0,24,19,0,43,0,42,57,24,123,0,66,76,24,166,52,0,52,218
07/08/2020,OSU,OH,AGL,CE,Federal Contract Tower,0,17,9,0,26,0,82,98,0,180,0,99,107,0,206,248,0,248,454
07/09/2020,OSU,OH,AGL,CE,Federal Contract Tower,0,20,13,0,33,0,45,85,0,130,0,65,98,0,163,116,0,116,279
07/10/2020,OSU,OH,AGL,CE,Federal Contract Tower,0,19,6,0,25,0,36,54,0,90,0,55,60,0,115,198,0,198,313
07/11/2020,OSU,OH,AGL,CE,Federal Contract Tower,0,11,12,0,23,0,18,83,0,101,0,29,95,0,124,16,0,16,140
07/12/2020,OSU,OH,AGL,CE,Federal Contract Tower,0,18,13,0,31,0,2,80,0,82,0,20,93,0,113,52,0,52,165
07/13/2020,OSU,OH,AGL,CE,Federal Contract Tower,0,18,19,0,37,0,80,117,0,197,0,98,136,0,234,254,0,254,488
07/14/2020,OSU,OH,AGL,CE,Federal Contract Tower,0,25,14,0,39,0,90,141,0,231,0,115,155,0,270,364,0,364,634
07/15/2020,OSU,OH,AGL,CE,Federal Contract Tower,0,19,23,0,42,0,106,109,0,215,0,125,132,0,257,250,0,250,507
07/16/2020,OSU,OH,AGL,CE,Federal Contract Tower,0,16,16,0,32,0,15,45,0,60,0,31,61,0,92,36,0,36,128
07/17/2020,OSU,OH,AGL,CE,Federal Contract Tower,0,29,28,0,57,0,69,122,0,191,0,98,150,0,248,348,0,348,596
07/18/2020,OSU,OH,AGL,CE,Federal Contract Tower,0,10,22,0,32,0,47,110,0,157,0,57,132,0,189,160,0,160,349
07/19/2020,OSU,OH,AGL,CE,Federal Contract Tower,0,54,20,0,74,0,13,62,0,75,0,67,82,0,149,0,0,0,149
07/20/2020,OSU,OH,AGL,CE,Federal Contract Tower,0,10,14,0,24,0,79,99,0,178,0,89,113,0,202,256,0,256,458
07/21/2020,OSU,OH,AGL,CE,Federal Contract Tower,0,11,11,0,22,0,70,97,0,167,0,81,108,0,189,302,0,302,491
07/22/2020,OSU,OH,AGL,CE,Federal Contract Tower,0,9,15,0,24,0,0,43,0,43,0,9,58,0,67,16,0,16,83
07/23/2020,OSU,OH,AGL,CE,Federal Contract Tower,0,9,14,0,23,0,0,31,0,31,0,9,45,0,54,28,0,28,82
07/24/2020,OSU,OH,AGL,CE,Federal Contract Tower,0,33,22,0,55,0,56,125,0,181,0,89,147,0,236,392,0,392,628
07/25/2020,OSU,OH,AGL,CE,Federal Contract Tower,0,15,16,0,31,0,34,100,0,134,0,49,116,0,165,170,0,170,335
07/26/2020,OSU,OH,AGL,CE,Federal Contract Tower,0,10,10,0,20,0,21,118,0,139,0,31,128,0,159,30,0,30,189
07/27/2020,OSU,OH,AGL,CE,Federal Contract Tower,0,13,10,0,23,0,26,53,0,79,0,39,63,0,102,198,0,198,300
07/28/2020,OSU,OH,AGL,CE,Federal Contract Tower,0,18,16,0,34,0,115,123,0,238,0,133,139,0,272,230,0,230,502
07/29/2020,OSU,OH,AGL,CE,Federal Contract Tower,0,22,25,0,47,0,98,89,0,187,0,120,114,0,234,250,0,250,484
07/30/2020,OSU,OH,AGL,CE,Federal Contract Tower,0,12,19,0,31,0,56,83,0,139,0,68,102,0,170,232,0,232,402
07/31/2020,OSU,OH,AGL,CE,Federal Contract Tower,0,18,15,0,33,0,56,111,0,167,0,74,126,0,200,94,0,94,294
08/01/2020,OSU,OH,AGL,CE,Federal Contract Tower,0,7,13,0,20,0,3,28,0,31,0,10,41,0,51,28,0,28,79
08/02/2020,OSU,OH,AGL,CE,Federal Contract Tower,0,13,15,0,28,0,11,15,0,26,0,24,30,0,54,2,0,2,56
08/03/2020,OSU,OH,AGL,CE,Federal Contract Tower,0,7,22,0,29,0,10,30,0,40,0,17,52,0,69,38,0,38,107
08/04/2020,OSU,OH,AGL,CE,Federal Contract Tower,0,16,16,0,32,0,0,35,0,35,0,16,51,0,67,6,0,6,73
08/05/2020,OSU,OH,AGL,CE,Federal Contract Tower,0,11,13,0,24,0,99,119,0,218,0,110,132,0,242,254,0,254,496
08/06/2020,OSU,OH,AGL,CE,Federal Contract Tower,0,19,19,0,38,0,77,113,1,191,0,96,132,1,229,298,0,298,527
08/07/2020,OSU,OH,AGL,CE,Federal Contract Tower,0,15,28,0,43,0,83,106,0,189,0,98,134,0,232,328,0,328,560
08/08/2020,OSU,OH,AGL,CE,Federal Contract Tower,0,8,13,0,21,0,21,118,0,139,0,29,131,0,160,68,0,68,228
08/09/2020,OSU,OH,AGL,CE,Federal Contract Tower,0,17,15,0,32,0,26,102,0,128,0,43,117,0,160,22,0,22,182
08/10/2020,OSU,OH,AGL,CE,Federal Contract Tower,0,10,16,0,26,0,57,96,0,153,0,67,112,0,179,118,0,118,297
08/11/2020,OSU,OH,AGL,CE,Federal Contract Tower,0,17,19,0,36,0,55,93,0,148,0,72,112,0,184,190,0,190,374
08/12/2020,OSU,OH,AGL,CE,Federal Contract Tower,0,17,10,0,27,0,81,104,0,185,0,98,114,0,212,270,0,270,482
08/13/2020,OSU,OH,AGL,CE,Federal Contract Tower,0,15,17,0,32,0,83,116,0,199,0,98,133,0,231,254,0,254,485
08/14/2020,OSU,OH,AGL,CE,Federal Contract Tower,0,10,12,0,22,0,56,77,0,133,0,66,89,0,155,226,0,226,381
08/15/2020,OSU,OH,AGL,CE,Federal Contract Tower,0,8,9,0,17,0,12,65,0,77,0,20,74,0,94,20,0,20,114
08/16/2020,OSU,OH,AGL,CE,Federal Contract Tower,0,5,20,0,25,0,4,53,0,57,0,9,73,0,82,18,0,18,100
08/17/2020,OSU,OH,AGL,CE,Federal Contract Tower,0,13,19,0,32,0,48,104,0,152,0,61,123,0,184,162,0,162,346
08/18/2020,OSU,OH,AGL,CE,Federal Contract Tower,0,13,19,0,32,0,28,89,0,117,0,41,108,0,149,234,0,234,383
08/19/2020,OSU,OH,AGL,CE,Federal Contract Tower,0,19,24,2,45,0,88,150,0,238,0,107,174,2,283,250,0,250,533
08/20/2020,OSU,OH,AGL,CE,Federal Contract Tower,0,15,8,0,23,0,91,125,0,216,0,106,133,0,239,258,0,258,497
08/21/2020,OSU,OH,AGL,CE,Federal Contract Tower,0,17,19,0,36,0,63,121,0,184,0,80,140,0,220,172,0,172,392
08/22/2020,OSU,OH,AGL,CE,Federal Contract Tower,0,12,10,0,22,0,16,96,0,112,0,28,106,0,134,104,0,104,238
08/23/2020,OSU,OH,AGL,CE,Federal Contract Tower,0,4,11,0,15,0,17,79,0,96,0,21,90,0,111,38,0,38,149
08/24/2020,OSU,OH,AGL,CE,Federal Contract Tower,0,13,11,0,24,0,26,72,0,98,0,39,83,0,122,76,0,76,198
08/25/2020,OSU,OH,AGL,CE,Federal Contract Tower,0,11,16,0,27,0,38,94,0,132,0,49,110,0,159,156,0,156,315
08/26/2020,OSU,OH,AGL,CE,Federal Contract Tower,0,10,14,0,24,0,59,103,0,162,0,69,117,0,186,66,0,66,252
08/27/2020,OSU,OH,AGL,CE,Federal Contract Tower,0,16,13,0,29,0,11,73,0,84,0,27,86,0,113,62,0,62,175
08/28/2020,OSU,OH,AGL,CE,Federal Contract Tower,0,6,10,0,16,0,9,55,0,64,0,15,65,0,80,104,0,104,184
08/29/2020,OSU,OH,AGL,CE,Federal Contract Tower,0,9,10,0,19,0,0,59,0,59,0,9,69,0,78,14,0,14,92
08/30/2020,OSU,OH,AGL,CE,Federal Contract Tower,0,6,18,0,24,0,51,149,0,200,0,57,167,0,224,98,0,98,322
08/31/2020,OSU,OH,AGL,CE,Federal Contract Tower,0,15,15,0,30,0,110,100,0,210,0,125,115,0,240,260,0,260,500
09/01/2020,OSU,OH,AGL,CE,Federal Contract Tower,0,19,21,0,40,0,25,53,0,78,0,44,74,0,118,42,0,42,160
09/02/2020,OSU,OH,AGL,CE,Federal Contract Tower,0,16,24,0,40,0,0,35,0,35,0,16,59,0,75,14,0,14,89
09/03/2020,OSU,OH,AGL,CE,Federal Contract Tower,0,29,33,0,62,0,19,82,0,101,0,48,115,0,163,26,0,26,189
09/04/2020,OSU,OH,AGL,CE,Federal Contract Tower,0,16,26,0,42,0,136,139,0,275,0,152,165,0,317,163,0,163,480
09/05/2020,OSU,OH,AGL,CE,Federal Contract Tower,0,9,14,0,23,0,56,113,0,169,0,65,127,0,192,50,0,50,242
09/06/2020,OSU,OH,AGL,CE,Federal Contract Tower,0,4,12,0,16,0,20,80,0,100,0,24,92,0,116,0,0,0,116
09/07/2020,OSU,OH,AGL,CE,Federal Contract Tower,0,6,10,0,16,0,0,42,0,42,0,6,52,0,58,20,0,20,78
09/08/2020,OSU,OH,AGL,CE,Federal Contract Tower,0,11,13,0,24,0,132,94,0,226,0,143,107,0,250,322,0,322,572
09/09/2020,OSU,OH,AGL,CE,Federal Contract Tower,0,18,12,0,30,0,139,104,0,243,0,157,116,0,273,328,0,328,601
09/10/2020,OSU,OH,AGL,CE,Federal Contract Tower,0,24,18,0,42,0,113,112,0,225,0,137,130,0,267,270,0,270,537
09/11/2020,OSU,OH,AGL,CE,Federal Contract Tower,0,18,28,0,46,0,8,19,0,27,0,26,47,0,73,8,0,8,81
09/12/2020,OSU,OH,AGL,CE,Federal Contract Tower,0,9,21,0,30,0,44,95,0,139,0,53,116,0,169,58,0,58,227
09/13/2020,OSU,OH,AGL,CE,Federal Contract Tower,0,20,15,0,35,0,15,30,0,45,0,35,45,0,80,26,0,26,106
09/14/2020,OSU,OH,AGL,CE,Federal Contract Tower,0,15,8,0,23,0,133,126,0,259,0,148,134,0,282,258,0,258,540
09/15/2020,OSU,OH,AGL,CE,Federal Contract Tower,0,15,23,0,38,0,139,153,0,292,0,154,176,0,330,522,0,522,852
09/16/2020,OSU,OH,AGL,CE,Federal Contract Tower,0,13,12,0,25,0,109,105,4,218,0,122,117,4,243,260,0,260,503
09/17/2020,OSU,OH,AGL,CE,Federal Contract Tower,0,19,21,0,40,0,48,80,0,128,0,67,101,0,168,114,0,114,282
09/18/2020,OSU,OH,AGL,CE,Federal Contract Tower,0,21,28,0,49,0,30,70,0,100,0,51,98,0,149,0,0,0,149
09/19/2020,OSU,OH,AGL,CE,Federal Contract Tower,0,8,9,0,17,0,87,95,0,182,0,95,104,0,199,44,0,44,243
09/20/2020,OSU,OH,AGL,CE,Federal Contract Tower,0,6,6,0,12,0,22,121,0,143,0,28,127,0,155,100,0,100,255
09/21/2020,OSU,OH,AGL,CE,Federal Contract Tower,0,8,13,0,21,0,119,89,0,208,0,127,102,0,229,178,0,178,407
09/22/2020,OSU,OH,AGL,CE,Federal Contract Tower,0,19,14,0,33,0,116,148,0,264,0,135,162,0,297,232,0,232,529
09/23/2020,OSU,OH,AGL,CE,Federal Contract Tower,0,22,23,0,45,0,140,111,0,251,0,162,134,0,296,264,0,264,560
09/24/2020,OSU,OH,AGL,CE,Federal Contract Tower,0,23,35,0,58,0,167,150,0,317,0,190,185,0,375,250,0,250,625
09/25/2020,OSU,OH,AGL,CE,Federal Contract Tower,0,16,23,0,39,0,122,137,0,259,0,138,160,0,298,170,0,170,468
09/26/2020,OSU,OH,AGL,CE,Federal Contract Tower,0,12,7,0,19,0,59,100,0,159,0,71,107,0,178,124,0,124,302
09/27/2020,OSU,OH,AGL,CE,Federal Contract Tower,0,9,12,0,21,0,16,67,0,83,0,25,79,0,104,10,0,10,114
09/28/2020,OSU,OH,AGL,CE,Federal Contract Tower,0,18,27,0,45,0,37,46,0,83,0,55,73,0,128,90,0,90,218
09/29/2020,OSU,OH,AGL,CE,Federal Contract Tower,0,28,20,0,48,0,79,84,0,163,0,107,104,0,211,122,0,122,333
09/30/2020,OSU,OH,AGL,CE,Federal Contract Tower,0,13,7,2,22,0,14,40,0,54,0,27,47,2,76,14,0,14,90
10/01/2020,OSU,OH,AGL,CE,Federal Contract Tower,0,22,14,0,36,0,62,90,0,152,0,84,104,0,188,50,0,50,238
10/02/2020,OSU,OH,AGL,CE,Federal Contract Tower,0,19,22,0,41,0,19,86,0,105,0,38,108,0,146,84,0,84,230
10/03/2020,OSU,OH,AGL,CE,Federal Contract Tower,0,16,18,0,34,0,36,88,0,124,0,52,106,0,158,122,0,122,280
10/04/2020,OSU,OH,AGL,CE,Federal Contract Tower,0,11,19,0,30,0,8,62,0,70,0,19,81,0,100,78,0,78,178
10/05/2020,OSU,OH,AGL,CE,Federal Contract Tower,0,12,18,0,30,0,44,52,0,96,0,56,70,0,126,122,0,122,248
10/06/2020,OSU,OH,AGL,CE,Federal Contract Tower,0,20,21,0,41,0,89,131,0,220,0,109,152,0,261,74,0,74,335
10/07/2020,OSU,OH,AGL,CE,Federal Contract Tower,0,17,20,0,37,0,14,77,0,91,0,31,97,0,128,10,0,10,138
10/08/2020,OSU,OH,AGL,CE,Federal Contract Tower,0,18,16,0,34,0,169,175,0,344,0,187,191,0,378,300,0,300,678
10/09/2020,OSU,OH,AGL,CE,Federal Contract Tower,0,21,21,0,42,0,67,135,0,202,0,88,156,0,244,108,0,108,352
10/10/2020,OSU,OH,AGL,CE,Federal Contract Tower,0,14,17,0,31,0,2,93,0,95,0,16,110,0,126,102,0,102,228
10/11/2020,OSU,OH,AGL,CE,Federal Contract Tower,0,5,19,0,24,0,0,10,0,10,0,5,29,0,34,0,0,0,34
10/12/2020,OSU,OH,AGL,CE,Federal Contract Tower,0,12,23,0,35,0,7,37,0,44,0,19,60,0,79,10,0,10,89
10/13/2020,OSU,OH,AGL,CE,Federal Contract Tower,0,20,29,0,49,0,140,129,0,269,0,160,158,0,318,336,0,336,654
10/14/2020,OSU,OH,AGL,CE,Federal Contract Tower,0,26,26,0,52,0,137,160,0,297,0,163,186,0,349,188,0,188,537
10/15/2020,OSU,OH,AGL,CE,Federal Contract Tower,0,15,11,0,26,0,2,44,0,46,0,17,55,0,72,22,0,22,94
10/16/2020,OSU,OH,AGL,CE,Federal Contract Tower,0,27,21,0,48,0,124,134,3,261,0,151,155,3,309,402,0,402,711
10/17/2020,OSU,OH,AGL,CE,Federal Contract Tower,0,7,20,0,27,0,16,91,0,107,0,23,111,0,134,32,0,32,166
10/18/2020,OSU,OH,AGL,CE,Federal Contract Tower,0,5,24,0,29,0,6,57,0,63,0,11,81,0,92,10,0,10,102
10/19/2020,OSU,OH,AGL,CE,Federal Contract Tower,0,6,23,0,29,0,0,0,0,0,0,6,23,0,29,0,0,0,29
10/20/2020,OSU,OH,AGL,CE,Federal Contract Tower,0,9,30,0,39,0,0,0,0,0,0,9,30,0,39,0,0,0,39
10/21/2020,OSU,OH,AGL,CE,Federal Contract Tower,0,18,29,0,47,0,3,13,0,16,0,21,42,0,63,14,0,14,77
10/22/2020,OSU,OH,AGL,CE,Federal Contract Tower,0,27,28,0,55,0,120,113,0,233,0,147,141,0,288,26,0,26,314
10/23/2020,OSU,OH,AGL,CE,Federal Contract Tower,0,16,10,0,26,0,33,43,0,76,0,49,53,0,102,34,0,34,136
10/24/2020,OSU,OH,AGL,CE,Federal Contract Tower,0,8,20,0,28,0,0,30,2,32,0,8,50,2,60,8,0,8,68
10/25/2020,OSU,OH,AGL,CE,Federal Contract Tower,0,11,19,0,30,0,24,105,0,129,0,35,124,0,159,58,0,58,217
10/26/2020,OSU,OH,AGL,CE,Federal Contract Tower,0,28,28,0,56,0,0,3,0,3,0,28,31,0,59,14,0,14,73
10/27/2020,OSU,OH,AGL,CE,Federal Contract Tower,0,32,31,0,63,0,0,1,0,1,0,32,32,0,64,0,0,0,64
10/28/2020,OSU,OH,AGL,CE,Federal Contract Tower,0,29,35,0,64,0,2,20,0,22,0,31,55,0,86,26,0,26,112
10/29/2020,OSU,OH,AGL,CE,Federal Contract Tower,0,9,21,0,30,0,0,0,0,0,0,9,21,0,30,0,0,0,30
10/30/2020,OSU,OH,AGL,CE,Federal Contract Tower,0,15,24,0,39,0,52,72,0,124,0,67,96,0,163,326,0,326,489
10/31/2020,OSU,OH,AGL,CE,Federal Contract Tower,0,17,16,0,33,0,82,158,0,240,0,99,174,0,273,214,0,214,487
11/01/2020,OSU,OH,AGL,CE,Federal Contract Tower,0,14,6,0,20,0,0,9,0,9,0,14,15,0,29,0,0,0,29
11/02/2020,OSU,OH,AGL,CE,Federal Contract Tower,0,21,10,0,31,0,87,94,0,181,0,108,104,0,212,239,0,239,451
11/03/2020,OSU,OH,AGL,CE,Federal Contract Tower,0,30,12,0,42,0,204,124,0,328,0,234,136,0,370,440,0,440,810
11/04/2020,OSU,OH,AGL,CE,Federal Contract Tower,0,17,16,0,33,0,76,95,0,171,0,93,111,0,204,0,0,0,204
11/05/2020,OSU,OH,AGL,CE,Federal Contract Tower,0,25,16,0,41,0,95,107,0,202,0,120,123,0,243,140,0,140,383
11/06/2020,OSU,OH,AGL,CE,Federal Contract Tower,0,19,11,0,30,0,110,142,2,254,0,129,153,2,284,284,0,284,568
11/07/2020,OSU,OH,AGL,CE,Federal Contract Tower,0,12,13,0,25,0,35,115,0,150,0,47,128,0,175,132,0,132,307
11/08/2020,OSU,OH,AGL,CE,Federal Contract Tower,0,6,15,0,21,0,20,132,0,152,0,26,147,0,173,90,0,90,263
11/09/2020,OSU,OH,AGL,CE,Federal Contract Tower,0,14,20,0,34,0,122,105,0,227,0,136,125,0,261,258,0,258,519
11/10/2020,OSU,OH,AGL,CE,Federal Contract Tower,0,11,8,0,19,0,44,60,0,104,0,55,68,0,123,70,0,70,193
11/11/2020,OSU,OH,AGL,CE,Federal Contract Tower,0,15,21,0,36,0,11,35,0,46,0,26,56,0,82,18,0,18,100
11/12/2020,OSU,OH,AGL,CE,Federal Contract Tower,0,25,13,0,38,0,94,95,0,189,0,119,108,0,227,296,0,296,523
11/13/2020,OSU,OH,AGL,CE,Federal Contract Tower,0,21,19,0,40,0,87,94,0,181,0,108,113,0,221,230,0,230,451
11/14/2020,OSU,OH,AGL,CE,Federal Contract Tower,0,10,20,0,30,0,48,155,0,203,0,58,175,0,233,98,0,98,331
11/15/2020,OSU,OH,AGL,CE,Federal Contract Tower,0,2,6,0,8,0,0,0,0,0,0,2,6,0,8,0,0,0,8
11/16/2020,OSU,OH,AGL,CE,Federal Contract Tower,0,8,12,0,20,0,18,53,0,71,0,26,65,0,91,22,0,22,113
11/17/2020,OSU,OH,AGL,CE,Federal Contract Tower,0,9,15,0,24,0,0,31,0,31,0,9,46,0,55,6,0,6,61
11/18/2020,OSU,OH,AGL,CE,Federal Contract Tower,0,22,25,0,47,0,111,113,0,224,0,133,138,0,271,236,0,236,507
11/19/2020,OSU,OH,AGL,CE,Federal Contract Tower,0,13,10,0,23,0,0,29,0,29,0,13,39,0,52,2,0,2,54
11/20/2020,OSU,OH,AGL,CE,Federal Contract Tower,0,12,17,0,29,0,5,71,0,76,0,17,88,0,105,12,0,12,117
11/21/2020,OSU,OH,AGL,CE,Federal Contract Tower,0,8,20,0,28,0,0,22,0,22,0,8,42,0,50,14,6,20,70
11/22/2020,OSU,OH,AGL,CE,Federal Contract Tower,0,9,6,0,15,0,0,1,0,1,0,9,7,0,16,0,0,0,16
11/23/2020,OSU,OH,AGL,CE,Federal Contract Tower,0,12,11,0,23,0,35,64,0,99,0,47,75,0,122,186,0,186,308
11/24/2020,OSU,OH,AGL,CE,Federal Contract Tower,0,17,21,0,38,0,54,100,0,154,0,71,121,0,192,286,0,286,478
11/25/2020,OSU,OH,AGL,CE,Federal Contract Tower,0,13,3,0,16,0,0,5,0,5,0,13,8,0,21,0,0,0,21
11/26/2020,OSU,OH,AGL,CE,Federal Contract Tower,0,1,4,0,5,0,1,5,0,6,0,2,9,0,11,10,0,10,21
11/27/2020,OSU,OH,AGL,CE,Federal Contract Tower,0,3,13,0,16,0,0,84,16,100,0,3,97,16,116,14,0,14,130
11/28/2020,OSU,OH,AGL,CE,Federal Contract Tower,0,8,20,0,28,0,22,111,0,133,0,30,131,0,161,108,0,108,269
11/29/2020,OSU,OH,AGL,CE,Federal Contract Tower,0,20,22,0,42,0,21,110,0,131,0,41,132,0,173,76,0,76,249
11/30/2020,OSU,OH,AGL,CE,Federal Contract Tower,0,5,2,0,7,0,0,0,0,0,0,5,2,0,7,0,0,0,7
12/01/2020,OSU,OH,AGL,CE,Federal Contract Tower,0,11,6,0,17,0,0,0,0,0,0,11,6,0,17,0,0,0,17
12/02/2020,OSU,OH,AGL,CE,Federal Contract Tower,0,20,13,0,33,0,91,106,0,197,0,111,119,0,230,320,0,320,550
12/03/2020,OSU,OH,AGL,CE,Federal Contract Tower,0,27,10,0,37,0,71,86,0,157,0,98,96,0,194,232,0,232,426
12/04/2020,OSU,OH,AGL,CE,Federal Contract Tower,0,14,15,0,29,0,54,60,0,114,0,68,75,0,143,94,0,94,237
12/05/2020,OSU,OH,AGL,CE,Federal Contract Tower,0,8,5,0,13,0,15,75,0,90,0,23,80,0,103,56,0,56,159
12/06/2020,OSU,OH,AGL,CE,Federal Contract Tower,0,7,5,0,12,0,14,49,0,63,0,21,54,0,75,74,0,74,149
12/07/2020,OSU,OH,AGL,CE,Federal Contract Tower,0,5,13,0,18,0,4,22,0,26,0,9,35,0,44,8,0,8,52
12/08/2020,OSU,OH,AGL,CE,Federal Contract Tower,0,24,20,0,44,0,87,75,0,162,0,111,95,0,206,278,0,278,484
12/09/2020,OSU,OH,AGL,CE,Federal Contract Tower,0,17,14,0,31,0,23,63,0,86,0,40,77,0,117,76,0,76,193
12/10/2020,OSU,OH,AGL,CE,Federal Contract Tower,0,22,22,0,44,0,62,111,0,173,0,84,133,0,217,140,0,140,357
12/11/2020,OSU,OH,AGL,CE,Federal Contract Tower,0,11,25,0,36,0,75,119,0,194,0,86,144,0,230,144,0,144,374
12/12/2020,OSU,OH,AGL,CE,Federal Contract Tower,0,6,0,0,6,0,0,8,0,8,0,6,8,0,14,0,0,0,14
12/13/2020,OSU,OH,AGL,CE,Federal Contract Tower,0,9,17,0,26,0,0,49,0,49,0,9,66,0,75,66,0,66,141
12/14/2020,OSU,OH,AGL,CE,Federal Contract Tower,0,13,5,0,18,0,5,59,0,64,0,18,64,0,82,76,0,76,158
12/15/2020,OSU,OH,AGL,CE,Federal Contract Tower,0,17,15,0,32,0,111,115,0,226,0,128,130,0,258,230,0,230,488
12/16/2020,OSU,OH,AGL,CE,Federal Contract Tower,0,5,1,0,6,0,0,0,0,0,0,5,1,0,6,0,0,0,6
12/17/2020,OSU,OH,AGL,CE,Federal Contract Tower,0,17,5,0,22,0,0,0,0,0,0,17,5,0,22,0,0,0,22
12/18/2020,OSU,OH,AGL,CE,Federal Contract Tower,0,15,20,0,35,0,33,51,0,84,0,48,71,0,119,96,0,96,215
12/19/2020,OSU,OH,AGL,CE,Federal Contract Tower,0,5,8,0,13,0,27,70,0,97,0,32,78,0,110,42,0,42,152
12/20/2020,OSU,OH,AGL,CE,Federal Contract Tower,0,6,11,0,17,0,0,23,0,23,0,6,34,0,40,0,0,0,40
12/21/2020,OSU,OH,AGL,CE,Federal Contract Tower,0,9,10,0,19,0,0,16,0,16,0,9,26,0,35,0,0,0,35
12/22/2020,OSU,OH,AGL,CE,Federal Contract Tower,0,11,17,0,28,0,19,85,0,104,0,30,102,0,132,106,0,106,238
12/23/2020,OSU,OH,AGL,CE,Federal Contract Tower,0,17,7,0,24,0,0,62,0,62,0,17,69,0,86,10,0,10,96
12/24/2020,OSU,OH,AGL,CE,Federal Contract Tower,0,16,4,0,20,0,0,0,0,0,0,16,4,0,20,0,0,0,20
12/25/2020,OSU,OH,AGL,CE,Federal Contract Tower,0,4,1,0,5,0,0,0,0,0,0,4,1,0,5,0,0,0,5
12/26/2020,OSU,OH,AGL,CE,Federal Contract Tower,0,14,29,0,43,0,7,103,0,110,0,21,132,0,153,34,0,34,187
12/27/2020,OSU,OH,AGL,CE,Federal Contract Tower,0,12,9,0,21,0,10,82,0,92,0,22,91,0,113,24,0,24,137
12/28/2020,OSU,OH,AGL,CE,Federal Contract Tower,0,15,10,0,25,0,0,48,0,48,0,15,58,0,73,52,0,52,125
12/29/2020,OSU,OH,AGL,CE,Federal Contract Tower,0,14,14,0,28,0,90,156,0,246,0,104,170,0,274,184,0,184,458
12/30/2020,OSU,OH,AGL,CE,Federal Contract Tower,0,13,5,0,18,0,5,6,0,11,0,18,11,0,29,10,0,10,39
12/31/2020,OSU,OH,AGL,CE,Federal Contract Tower,0,13,10,0,23,0,2,40,0,42,0,15,50,0,65,36,0,36,101
01/01/2021,OSU,OH,AGL,CE,Federal Contract Tower,0,2,1,0,3,0,0,0,0,0,0,2,1,0,3,0,0,0,3
01/02/2021,OSU,OH,AGL,CE,Federal Contract Tower,0,10,10,0,20,0,0,11,0,11,0,10,21,0,31,2,0,2,33
01/03/2021,OSU,OH,AGL,CE,Federal Contract Tower,0,9,9,0,18,0,0,9,0,9,0,9,18,0,27,16,0,16,43
01/04/2021,OSU,OH,AGL,CE,Federal Contract Tower,0,11,8,0,19,0,1,19,0,20,0,12,27,0,39,154,0,154,193
01/05/2021,OSU,OH,AGL,CE,Federal Contract Tower,0,13,12,0,25,0,0,0,0,0,0,13,12,0,25,0,0,0,25
01/06/2021,OSU,OH,AGL,CE,Federal Contract Tower,0,12,13,0,25,0,0,19,0,19,0,12,32,0,44,2,0,2,46
01/07/2021,OSU,OH,AGL,CE,Federal Contract Tower,0,17,8,0,25,0,24,39,0,63,0,41,47,0,88,62,0,62,150
01/08/2021,OSU,OH,AGL,CE,Federal Contract Tower,0,13,2,0,15,0,0,22,0,22,0,13,24,0,37,10,0,10,47
01/09/2021,OSU,OH,AGL,CE,Federal Contract Tower,0,5,19,0,24,0,44,145,0,189,0,49,164,0,213,142,0,142,355
01/10/2021,OSU,OH,AGL,CE,Federal Contract Tower,0,23,20,0,43,0,25,164,0,189,0,48,184,0,232,62,0,62,294
01/11/2021,OSU,OH,AGL,CE,Federal Contract Tower,0,18,9,0,27,0,14,41,0,55,0,32,50,0,82,70,0,70,152
01/12/2021,OSU,OH,AGL,CE,Federal Contract Tower,0,11,7,0,18,0,0,5,0,5,0,11,12,0,23,0,0,0,23
01/13/2021,OSU,OH,AGL,CE,Federal Contract Tower,0,29,10,0,39,0,67,102,0,169,0,96,112,0,208,146,0,146,354
01/14/2021,OSU,OH,AGL,CE,Federal Contract Tower,0,17,23,0,40,0,122,121,0,243,0,139,144,0,283,224,0,224,507
01/15/2021,OSU,OH,AGL,CE,Federal Contract Tower,0,17,14,0,31,0,0,4,0,4,0,17,18,0,35,0,0,0,35
01/16/2021,OSU,OH,AGL,CE,Federal Contract Tower,0,5,4,0,9,0,0,9,0,9,0,5,13,0,18,0,0,0,18
01/17/2021,OSU,OH,AGL,CE,Federal Contract Tower,0,9,6,0,15,0,0,2,0,2,0,9,8,0,17,0,0,0,17
01/18/2021,OSU,OH,AGL,CE,Federal Contract Tower,0,19,6,0,25,0,0,2,0,2,0,19,8,0,27,0,0,0,27
01/19/2021,OSU,OH,AGL,CE,Federal Contract Tower,0,27,12,0,39,0,133,118,0,251,0,160,130,0,290,156,0,156,446
01/20/2021,OSU,OH,AGL,CE,Federal Contract Tower,0,10,14,0,24,0,58,68,0,126,0,68,82,0,150,278,0,278,428
01/21/2021,OSU,OH,AGL,CE,Federal Contract Tower,0,10,11,0,21,0,9,55,0,64,0,19,66,0,85,10,0,10,95
01/22/2021,OSU,OH,AGL,CE,Federal Contract Tower,0,25,13,0,38,0,83,103,0,186,0,108,116,0,224,176,0,176,400
01/23/2021,OSU,OH,AGL,CE,Federal Contract Tower,0,11,19,0,30,0,74,238,0,312,0,85,257,0,342,88,0,88,430
01/24/2021,OSU,OH,AGL,CE,Federal Contract Tower,0,10,9,0,19,0,5,27,0,32,0,15,36,0,51,20,0,20,71
01/25/2021,OSU,OH,AGL,CE,Federal Contract Tower,0,10,7,0,17,0,0,0,0,0,0,10,7,0,17,0,0,0,17
01/26/2021,OSU,OH,AGL,CE,Federal Contract Tower,0,9,3,0,12,0,0,0,0,0,0,9,3,0,12,0,0,0,12
01/27/2021,OSU,OH,AGL,CE,Federal Contract Tower,0,11,12,0,23,0,19,22,0,41,0,30,34,0,64,198,0,198,262
01/28/2021,OSU,OH,AGL,CE,Federal Contract Tower,0,8,21,0,29,0,45,55,0,100,0,53,76,0,129,82,0,82,211
01/29/2021,OSU,OH,AGL,CE,Federal Contract Tower,0,22,24,0,46,0,118,150,0,268,0,140,174,0,314,170,0,170,484
01/30/2021,OSU,OH,AGL,CE,Federal Contract Tower,0,13,16,0,29,0,68,117,0,185,0,81,133,0,214,86,0,86,300
01/31/2021,OSU,OH,AGL,CE,Federal Contract Tower,0,5,3,0,8,0,0,0,0,0,0,5,3,0,8,0,0,0,8
02/01/2021,OSU,OH,AGL,CE,Federal Contract Tower,0,5,7,0,12,0,0,0,0,0,0,5,7,0,12,0,0,0,12
02/02/2021,OSU,OH,AGL,CE,Federal Contract Tower,0,11,11,0,22,0,2,18,2,22,0,13,29,2,44,0,0,0,44
02/03/2021,OSU,OH,AGL,CE,Federal Contract Tower,0,15,12,0,27,0,99,81,0,180,0,114,93,0,207,100,0,100,307
02/04/2021,OSU,OH,AGL,CE,Federal Contract Tower,0,19,7,0,26,0,40,50,0,90,0,59,57,0,116,70,0,70,186
02/05/2021,OSU,OH,AGL,CE,Federal Contract Tower,0,11,14,0,25,0,5,15,0,20,0,16,29,0,45,2,0,2,47
02/06/2021,OSU,OH,AGL,CE,Federal Contract Tower,0,12,5,0,17,0,74,114,0,188,0,86,119,0,205,188,0,188,393
02/07/2021,OSU,OH,AGL,CE,Federal Contract Tower,0,14,11,0,25,0,19,40,0,59,0,33,51,0,84,92,0,92,176
02/08/2021,OSU,OH,AGL,CE,Federal Contract Tower,0,12,5,0,17,0,88,84,0,172,0,100,89,0,189,150,0,150,339
02/09/2021,OSU,OH,AGL,CE,Federal Contract Tower,0,16,1,0,17,0,0,18,0,18,0,16,19,0,35,8,0,8,43
02/10/2021,OSU,OH,AGL,CE,Federal Contract Tower,0,18,8,0,26,0,34,29,0,63,0,52,37,0,89,16,0,16,105
02/11/2021,OSU,OH,AGL,CE,Federal Contract Tower,0,18,16,0,34,0,65,56,0,121,0,83,72,0,155,50,0,50,205
02/12/2021,OSU,OH,AGL,CE,Federal Contract Tower,0,13,16,0,29,0,42,45,0,87,0,55,61,0,116,126,0,126,242
02/13/2021,OSU,OH,AGL,CE,Federal Contract Tower,0,2,5,0,7,0,0,34,0,34,0,2,39,0,41,16,0,16,57
02/14/2021,OSU,OH,AGL,CE,Federal Contract Tower,0,1,5,0,6,0,2,118,0,120,0,3,123,0,126,134,0,134,260
02/15/2021,OSU,OH,AGL,CE,Federal Contract Tower,0,1,3,0,4,0,0,3,0,3,0,1,6,0,7,8,0,8,15
02/16/2021,OSU,OH,AGL,CE,Federal Contract Tower,0,15,3,0,18,0,3,10,0,13,0,18,13,0,31,10,0,10,41
02/17/2021,OSU,OH,AGL,CE,Federal Contract Tower,0,15,10,0,25,0,83,67,0,150,0,98,77,0,175,331,0,331,506
02/18/2021,OSU,OH,AGL,CE,Federal Contract Tower,0,11,1,0,12,0,0,2,0,2,0,11,3,0,14,0,0,0,14
02/19/2021,OSU,OH,AGL,CE,Federal Contract Tower,0,8,12,0,20,0,2,25,0,27,0,10,37,0,47,34,0,34,81
02/20/2021,OSU,OH,AGL,CE,Federal Contract Tower,0,8,8,0,16,0,50,107,0,157,0,58,115,0,173,106,0,106,279
02/21/2021,OSU,OH,AGL,CE,Federal Contract Tower,0,17,18,0,35,0,23,98,0,121,0,40,116,0,156,4,0,4,160
02/22/2021,OSU,OH,AGL,CE,Federal Contract Tower,0,4,2,0,6,0,0,24,0,24,0,4,26,0,30,0,0,0,30
02/23/2021,OSU,OH,AGL,CE,Federal Contract Tower,0,21,19,0,40,0,15,85,0,100,0,36,104,0,140,62,0,62,202
02/24/2021,OSU,OH,AGL,CE,Federal Contract Tower,0,15,19,0,34,0,6,49,0,55,0,21,68,0,89,10,0,10,99
02/25/2021,OSU,OH,AGL,CE,Federal Contract Tower,0,24,20,0,44,0,174,136,0,310,0,198,156,0,354,286,0,286,640
02/26/2021,OSU,OH,AGL,CE,Federal Contract Tower,0,20,20,0,40,0,114,89,0,203,0,134,109,0,243,366,0,366,609
02/27/2021,OSU,OH,AGL,CE,Federal Contract Tower,0,8,17,0,25,0,4,44,0,48,0,12,61,0,73,48,0,48,121
02/28/2021,OSU,OH,AGL,CE,Federal Contract Tower,0,12,18,0,30,0,0,5,0,5,0,12,23,0,35,0,0,0,35
03/01/2021,OSU,OH,AGL,CE,Federal Contract Tower,0,12,13,0,25,0,0,48,0,48,0,12,61,0,73,0,0,0,73
03/02/2021,OSU,OH,AGL,CE,Federal Contract Tower,0,26,15,0,41,0,164,137,0,301,0,190,152,0,342,264,0,264,606
03/03/2021,OSU,OH,AGL,CE,Federal Contract Tower,0,27,14,0,41,0,116,108,0,224,0,143,122,0,265,186,0,186,451
03/04/2021,OSU,OH,AGL,CE,Federal Contract Tower,0,20,18,0,38,0,10,32,0,42,0,30,50,0,80,40,0,40,120
03/05/2021,OSU,OH,AGL,CE,Federal Contract Tower,0,10,9,0,19,0,46,71,0,117,0,56,80,0,136,92,0,92,228
03/06/2021,OSU,OH,AGL,CE,Federal Contract Tower,0,25,26,0,51,0,47,138,0,185,0,72,164,0,236,62,0,62,298
03/07/2021,OSU,OH,AGL,CE,Federal Contract Tower,0,15,22,0,37,0,57,131,0,188,0,72,153,0,225,110,0,110,335
03/08/2021,OSU,OH,AGL,CE,Federal Contract Tower,0,17,15,0,32,0,82,91,0,173,0,99,106,0,205,62,0,62,267
03/09/2021,OSU,OH,AGL,CE,Federal Contract Tower,0,29,5,0,34,0,112,92,0,204,0,141,97,0,238,344,0,344,582
03/10/2021,OSU,OH,AGL,CE,Federal Contract Tower,0,17,20,0,37,0,7,51,0,58,0,24,71,0,95,22,0,22,117
03/11/2021,OSU,OH,AGL,CE,Federal Contract Tower,0,14,20,0,34,0,0,10,0,10,0,14,30,0,44,0,0,0,44
03/12/2021,OSU,OH,AGL,CE,Federal Contract Tower,0,22,19,0,41,0,131,131,0,262,0,153,150,0,303,354,0,354,657
03/13/2021,OSU,OH,AGL,CE,Federal Contract Tower,0,23,19,0,42,0,69,136,0,205,0,92,155,0,247,158,22,180,427
03/14/2021,OSU,OH,AGL,CE,Federal Contract Tower,0,8,20,0,28,0,18,84,0,102,0,26,104,0,130,6,0,6,136
03/15/2021,OSU,OH,AGL,CE,Federal Contract Tower,0,13,10,0,23,0,30,43,0,73,0,43,53,0,96,56,0,56,152
03/16/2021,OSU,OH,AGL,CE,Federal Contract Tower,0,35,17,0,52,0,0,7,1,8,0,35,24,1,60,16,0,16,76
03/17/2021,OSU,OH,AGL,CE,Federal Contract Tower,0,16,19,1,36,0,75,86,0,161,0,91,105,1,197,212,0,212,409
03/18/2021,OSU,OH,AGL,CE,Federal Contract Tower,0,10,7,0,17,0,0,1,0,1,0,10,8,0,18,0,0,0,18
03/19/2021,OSU,OH,AGL,CE,Federal Contract Tower,0,19,9,0,28,0,4,54,0,58,0,23,63,0,86,0,0,0,86
03/20/2021,OSU,OH,AGL,CE,Federal Contract Tower,0,10,23,0,33,0,73,156,0,229,0,83,179,0,262,180,0,180,442
03/21/2021,OSU,OH,AGL,CE,Federal Contract Tower,0,11,24,0,35,0,34,143,0,177,0,45,167,0,212,56,0,56,268
03/22/2021,OSU,OH,AGL,CE,Federal Contract Tower,0,26,15,0,41,0,152,156,0,308,0,178,171,0,349,393,0,393,742
03/23/2021,OSU,OH,AGL,CE,Federal Contract Tower,0,16,13,0,29,0,50,63,0,113,0,66,76,0,142,36,0,36,178
03/24/2021,OSU,OH,AGL,CE,Federal Contract Tower,0,8,22,0,30,0,0,38,0,38,0,8,60,0,68,2,0,2,70
03/25/2021,OSU,OH,AGL,CE,Federal Contract Tower,0,27,19,0,46,0,101,78,0,179,0,128,97,0,225,198,0,198,423
03/26/2021,OSU,OH,AGL,CE,Federal Contract Tower,0,19,22,0,41,0,12,41,0,53,0,31,63,0,94,88,0,88,182
03/27/2021,OSU,OH,AGL,CE,Federal Contract Tower,0,15,9,0,24,0,37,114,0,151,0,52,123,0,175,238,0,238,413
03/28/2021,OSU,OH,AGL,CE,Federal Contract Tower,0,14,10,0,24,0,0,6,0,6,0,14,16,0,30,0,0,0,30
03/29/2021,OSU,OH,AGL,CE,Federal Contract Tower,0,20,22,0,42,0,140,125,0,265,0,160,147,0,307,300,0,300,607
03/30/2021,OSU,OH,AGL,CE,Federal Contract Tower,0,26,12,0,38,0,0,42,0,42,0,26,54,0,80,0,0,0,80
03/31/2021,OSU,OH,AGL,CE,Federal Contract Tower,0,11,13,0,24,0,2,25,0,27,0,13,38,0,51,26,0,26,77
04/01/2021,OSU,OH,AGL,CE,Federal Contract Tower,0,17,21,0,38,0,0,32,0,32,0,17,53,0,70,20,0,20,90
04/02/2021,OSU,OH,AGL,CE,Federal Contract Tower,0,29,11,0,40,0,58,102,0,160,0,87,113,0,200,248,0,248,448
04/03/2021,OSU,OH,AGL,CE,Federal Contract Tower,0,12,16,0,28,0,10,93,0,103,0,22,109,0,131,36,0,36,167
04/04/2021,OSU,OH,AGL,CE,Federal Contract Tower,0,15,11,0,26,0,17,109,0,126,0,32,120,0,152,74,0,74,226
04/05/2021,OSU,OH,AGL,CE,Federal Contract Tower,0,19,22,0,41,0,72,106,0,178,0,91,128,0,219,236,0,236,455
04/06/2021,OSU,OH,AGL,CE,Federal Contract Tower,0,38,22,0,60,0,108,107,0,215,0,146,129,0,275,150,0,150,425
04/07/2021,OSU,OH,AGL,CE,Federal Contract Tower,0,40,11,0,51,0,179,143,0,322,0,219,154,0,373,392,0,392,765
04/08/2021,OSU,OH,AGL,CE,Federal Contract Tower,0,17,11,0,28,0,14,21,0,35,0,31,32,0,63,20,0,20,83
04/09/2021,OSU,OH,AGL,CE,Federal Contract Tower,0,22,25,0,47,0,25,40,0,65,0,47,65,0,112,18,0,18,130
04/10/2021,OSU,OH,AGL,CE,Federal Contract Tower,0,14,3,0,17,0,6,39,0,45,0,20,42,0,62,18,0,18,80
04/11/2021,OSU,OH,AGL,CE,Federal Contract Tower,0,12,16,0,28,0,0,21,0,21,0,12,37,0,49,6,0,6,55
04/12/2021,OSU,OH,AGL,CE,Federal Contract Tower,0,41,29,0,70,0,32,51,2,85,0,73,80,2,155,258,0,258,413
04/13/2021,OSU,OH,AGL,CE,Federal Contract Tower,0,30,22,0,52,0,139,147,0,286,0,169,169,0,338,558,0,558,896
04/14/2021,OSU,OH,AGL,CE,Federal Contract Tower,0,13,17,0,30,0,125,116,0,241,0,138,133,0,271,400,0,400,671
04/15/2021,OSU,OH,AGL,CE,Federal Contract Tower,0,25,22,0,47,0,52,76,0,128,0,77,98,0,175,72,0,72,247
04/16/2021,OSU,OH,AGL,CE,Federal Contract Tower,0,13,19,0,32,0,30,86,0,116,0,43,105,0,148,94,0,94,242
04/17/2021,OSU,OH,AGL,CE,Federal Contract Tower,0,13,13,0,26,0,44,97,0,141,0,57,110,0,167,38,0,38,205
04/18/2021,OSU,OH,AGL,CE,Federal Contract Tower,0,8,20,0,28,0,24,100,0,124,0,32,120,0,152,54,0,54,206
04/19/2021,OSU,OH,AGL,CE,Federal Contract Tower,0,8,9,0,17,0,80,120,0,200,0,88,129,0,217,76,0,76,293
04/20/2021,OSU,OH,AGL,CE,Federal Contract Tower,0,13,14,0,27,0,98,88,0,186,0,111,102,0,213,236,0,236,449
04/21/2021,OSU,OH,AGL,CE,Federal Contract Tower,0,15,14,0,29,0,0,20,0,20,0,15,34,0,49,0,0,0,49
04/22/2021,OSU,OH,AGL,CE,Federal Contract Tower,0,24,21,0,45,0,77,67,0,144,0,101,88,0,189,78,0,78,267
04/23/2021,OSU,OH,AGL,CE,Federal Contract Tower,0,23,18,0,41,0,70,99,0,169,0,93,117,0,210,205,0,205,415
04/24/2021,OSU,OH,AGL,CE,Federal Contract Tower,0,8,8,0,16,0,11,52,0,63,0,19,60,0,79,58,0,58,137
04/25/2021,OSU,OH,AGL,CE,Federal Contract Tower,0,19,22,0,41,0,3,45,0,48,0,22,67,0,89,0,0,0,89
04/26/2021,OSU,OH,AGL,CE,Federal Contract Tower,0,22,15,0,37,0,119,114,0,233,0,141,129,0,270,290,0,290,560
04/27/2021,OSU,OH,AGL,CE,Federal Contract Tower,0,14,16,0,30,0,0,42,0,42,0,14,58,0,72,0,0,0,72
04/28/2021,OSU,OH,AGL,CE,Federal Contract Tower,0,17,14,0,31,0,0,37,0,37,0,17,51,0,68,34,0,34,102
04/29/2021,OSU,OH,AGL,CE,Federal Contract Tower,0,26,16,0,42,0,0,0,0,0,0,26,16,0,42,0,0,0,42
04/30/2021,OSU,OH,AGL,CE,Federal Contract Tower,0,19,15,0,34,0,11,39,3,53,0,30,54,3,87,22,0,22,109
05/01/2021,OSU,OH,AGL,CE,Federal Contract Tower,0,10,13,0,23,0,41,100,0,141,0,51,113,0,164,102,0,102,266
05/02/2021,OSU,OH,AGL,CE,Federal Contract Tower,0,9,13,0,22,0,0,64,0,64,0,9,77,0,86,4,0,4,90
05/03/2021,OSU,OH,AGL,CE,Federal Contract Tower,0,13,18,0,31,0,0,25,0,25,0,13,43,0,56,24,0,24,80
05/04/2021,OSU,OH,AGL,CE,Federal Contract Tower,0,23,27,0,50,0,0,5,0,5,0,23,32,0,55,32,0,32,87
05/05/2021,OSU,OH,AGL,CE,Federal Contract Tower,0,21,18,0,39,0,4,42,0,46,0,25,60,0,85,34,0,34,119
05/06/2021,OSU,OH,AGL,CE,Federal Contract Tower,0,21,18,0,39,0,141,134,0,275,0,162,152,0,314,258,0,258,572
05/07/2021,OSU,OH,AGL,CE,Federal Contract Tower,0,14,13,0,27,0,0,49,0,49,0,14,62,0,76,16,0,16,92
05/08/2021,OSU,OH,AGL,CE,Federal Contract Tower,0,17,18,0,35,0,11,141,0,152,0,28,159,0,187,104,0,104,291
05/09/2021,OSU,OH,AGL,CE,Federal Contract Tower,0,12,8,0,20,0,0,1,0,1,0,12,9,0,21,0,0,0,21
05/10/2021,OSU,OH,AGL,CE,Federal Contract Tower,0,25,17,0,42,0,75,158,0,233,0,100,175,0,275,198,0,198,473
05/11/2021,OSU,OH,AGL,CE,Federal Contract Tower,0,21,15,0,36,0,45,116,0,161,0,66,131,0,197,158,0,158,355
05/12/2021,OSU,OH,AGL,CE,Federal Contract Tower,0,29,26,0,55,0,78,99,0,177,0,107,125,0,232,88,0,88,320
05/13/2021,OSU,OH,AGL,CE,Federal Contract Tower,0,23,23,0,46,0,97,105,0,202,0,120,128,0,248,164,0,164,412
05/14/2021,OSU,OH,AGL,CE,Federal Contract Tower,0,27,13,0,40,0,142,151,0,293,0,169,164,0,333,388,0,388,721
05/15/2021,OSU,OH,AGL,CE,Federal Contract Tower,0,15,11,0,26,0,45,141,0,186,0,60,152,0,212,292,0,292,504
05/16/2021,OSU,OH,AGL,CE,Federal Contract Tower,0,17,23,0,40,0,20,121,0,141,0,37,144,0,181,60,0,60,241
05/17/2021,OSU,OH,AGL,CE,Federal Contract Tower,0,26,17,0,43,0,61,97,0,158,0,87,114,0,201,234,0,234,435
05/18/2021,OSU,OH,AGL,CE,Federal Contract Tower,0,20,25,0,45,0,126,129,0,255,0,146,154,0,300,220,0,220,520
05/19/2021,OSU,OH,AGL,CE,Federal Contract Tower,0,34,28,0,62,0,97,122,0,219,0,131,150,0,281,288,0,288,569
05/20/2021,OSU,OH,AGL,CE,Federal Contract Tower,0,33,20,0,53,0,81,129,0,210,0,114,149,0,263,152,0,152,415
05/21/2021,OSU,OH,AGL,CE,Federal Contract Tower,0,23,36,0,59,0,110,133,0,243,0,133,169,0,302,298,0,298,600
05/22/2021,OSU,OH,AGL,CE,Federal Contract Tower,0,10,24,0,34,0,12,116,0,128,0,22,140,0,162,74,0,74,236
05/23/2021,OSU,OH,AGL,CE,Federal Contract Tower,0,17,18,0,35,0,23,83,0,106,0,40,101,0,141,88,0,88,229
05/24/2021,OSU,OH,AGL,CE,Federal Contract Tower,0,20,14,0,34,0,34,80,0,114,0,54,94,0,148,146,0,146,294
05/25/2021,OSU,OH,AGL,CE,Federal Contract Tower,0,30,23,0,53,0,87,107,0,194,0,117,130,0,247,72,0,72,319
05/26/2021,OSU,OH,AGL,CE,Federal Contract Tower,0,23,20,0,43,0,13,38,0,51,0,36,58,0,94,22,0,22,116
05/27/2021,OSU,OH,AGL,CE,Federal Contract Tower,0,22,24,0,46,0,118,136,0,254,0,140,160,0,300,298,0,298,598
05/28/2021,OSU,OH,AGL,CE,Federal Contract Tower,0,22,19,0,41,0,0,5,0,5,0,22,24,0,46,4,0,4,50
05/29/2021,OSU,OH,AGL,CE,Federal Contract Tower,0,14,17,0,31,0,0,6,0,6,0,14,23,0,37,0,0,0,37
05/30/2021,OSU,OH,AGL,CE,Federal Contract Tower,0,21,16,0,37,0,4,80,0,84,0,25,96,0,121,96,0,96,217
05/31/2021,OSU,OH,AGL,CE,Federal Contract Tower,0,34,22,0,56,0,0,123,0,123,0,34,145,0,179,48,0,48,227
06/01/2021,OSU,OH,AGL,CE,Federal Contract Tower,0,31,27,0,58,0,123,143,0,266,0,154,170,0,324,268,0,268,592
06/02/2021,OSU,OH,AGL,CE,Federal Contract Tower,0,27,32,0,59,0,0,8,0,8,0,27,40,0,67,32,0,32,99
06/03/2021,OSU,OH,AGL,CE,Federal Contract Tower,0,40,29,0,69,0,0,5,0,5,0,40,34,0,74,34,0,34,108
06/04/2021,OSU,OH,AGL,CE,Federal Contract Tower,0,37,21,0,58,0,97,123,0,220,0,134,144,0,278,218,0,218,496
06/05/2021,OSU,OH,AGL,CE,Federal Contract Tower,0,36,22,0,58,0,46,138,0,184,0,82,160,0,242,58,0,58,300
06/06/2021,OSU,OH,AGL,CE,Federal Contract Tower,0,41,34,0,75,0,30,91,0,121,0,71,125,0,196,68,0,68,264
06/07/2021,OSU,OH,AGL,CE,Federal Contract Tower,0,37,26,0,63,0,0,33,0,33,0,37,59,0,96,68,0,68,164
06/08/2021,OSU,OH,AGL,CE,Federal Contract Tower,0,17,12,0,29,0,26,49,0,75,0,43,61,0,104,60,0,60,164
06/09/2021,OSU,OH,AGL,CE,Federal Contract Tower,0,8,9,0,17,0,0,9,0,9,0,8,18,0,26,10,0,10,36
06/10/2021,OSU,OH,AGL,CE,Federal Contract Tower,0,23,26,0,49,0,0,40,0,40,0,23,66,0,89,79,0,79,168
06/11/2021,OSU,OH,AGL,CE,Federal Contract Tower,0,17,17,0,34,0,0,39,0,39,0,17,56,0,73,32,0,32,105
06/12/2021,OSU,OH,AGL,CE,Federal Contract Tower,0,13,12,0,25,0,29,92,0,121,0,42,104,0,146,64,0,64,210
06/13/2021,OSU,OH,AGL,CE,Federal Contract Tower,0,16,17,0,33,0,10,58,0,68,0,26,75,0,101,26,0,26,127
06/14/2021,OSU,OH,AGL,CE,Federal Contract Tower,0,12,21,0,33,0,63,81,2,146,0,75,102,2,179,78,0,78,257
06/15/2021,OSU,OH,AGL,CE,Federal Contract Tower,0,11,21,0,32,0,81,78,0,159,0,92,99,0,191,74,0,74,265
06/16/2021,OSU,OH,AGL,CE,Federal Contract Tower,0,35,21,0,56,0,86,155,0,241,0,121,176,0,297,256,0,256,553
06/17/2021,OSU,OH,AGL,CE,Federal Contract Tower,0,24,18,0,42,0,167,168,0,335,0,191,186,0,377,288,0,288,665
06/18/2021,OSU,OH,AGL,CE,Federal Contract Tower,0,17,20,0,37,0,0,24,0,24,0,17,44,0,61,10,0,10,71
06/19/2021,OSU,OH,AGL,CE,Federal Contract Tower,0,7,10,0,17,0,0,24,0,24,0,7,34,0,41,12,0,12,53
06/20/2021,OSU,OH,AGL,CE,Federal Contract Tower,0,15,20,0,35,0,13,83,0,96,0,28,103,0,131,54,0,54,185
06/21/2021,OSU,OH,AGL,CE,Federal Contract Tower,0,25,9,0,34,0,0,27,0,27,0,25,36,0,61,30,0,30,91
06/22/2021,OSU,OH,AGL,CE,Federal Contract Tower,0,30,22,0,52,0,56,132,0,188,0,86,154,0,240,164,0,164,404
06/23/2021,OSU,OH,AGL,CE,Federal Contract Tower,0,37,20,0,57,0,142,178,0,320,0,179,198,0,377,368,0,368,745
06/24/2021,OSU,OH,AGL,CE,Federal Contract Tower,0,34,30,0,64,0,64,120,32,216,0,98,150,32,280,104,0,104,384
06/25/2021,OSU,OH,AGL,CE,Federal Contract Tower,0,17,23,0,40,0,5,46,0,51,0,22,69,0,91,16,0,16,107
06/26/2021,OSU,OH,AGL,CE,Federal Contract Tower,0,21,14,0,35,0,0,59,0,59,0,21,73,0,94,6,0,6,100
06/27/2021,OSU,OH,AGL,CE,Federal Contract Tower,0,18,10,0,28,0,0,69,0,69,0,18,79,0,97,10,0,10,107
06/28/2021,OSU,OH,AGL,CE,Federal Contract Tower,0,15,11,0,26,0,56,91,0,147,0,71,102,0,173,86,0,86,259
06/29/2021,OSU,OH,AGL,CE,Federal Contract Tower,0,22,21,0,43,0,80,61,0,141,0,102,82,0,184,182,0,182,366
06/30/2021,OSU,OH,AGL,CE,Federal Contract Tower,0,18,20,0,38,0,1,53,0,54,0,19,73,0,92,38,0,38,130
07/01/2021,OSU,OH,AGL,CE,Federal Contract Tower,0,24,58,0,82,0,0,33,0,33,0,24,91,0,115,6,0,6,121
07/02/2021,OSU,OH,AGL,CE,Federal Contract Tower,0,24,21,1,46,0,35,77,0,112,0,59,98,1,158,6,0,6,164
07/03/2021,OSU,OH,AGL,CE,Federal Contract Tower,0,13,24,0,37,0,30,87,0,117,0,43,111,0,154,22,0,22,176
07/04/2021,OSU,OH,AGL,CE,Federal Contract Tower,0,6,12,0,18,0,8,62,0,70,0,14,74,0,88,24,0,24,112
07/05/2021,OSU,OH,AGL,CE,Federal Contract Tower,0,17,17,0,34,0,0,79,0,79,0,17,96,0,113,16,0,16,129
07/06/2021,OSU,OH,AGL,CE,Federal Contract Tower,0,23,24,0,47,0,135,129,0,264,0,158,153,0,311,284,0,284,595
07/07/2021,OSU,OH,AGL,CE,Federal Contract Tower,0,17,14,0,31,0,15,73,0,88,0,32,87,0,119,214,0,214,333
07/08/2021,OSU,OH,AGL,CE,Federal Contract Tower,0,21,28,0,49,0,0,16,0,16,0,21,44,0,65,22,0,22,87
07/09/2021,OSU,OH,AGL,CE,Federal Contract Tower,0,44,36,0,80,0,18,64,0,82,0,62,100,0,162,54,0,54,216
07/10/2021,OSU,OH,AGL,CE,Federal Contract Tower,0,14,31,0,45,0,15,77,0,92,0,29,108,0,137,42,0,42,179
07/11/2021,OSU,OH,AGL,CE,Federal Contract Tower,0,16,23,0,39,0,0,16,0,16,0,16,39,0,55,0,0,0,55
07/12/2021,OSU,OH,AGL,CE,Federal Contract Tower,0,22,19,0,41,0,0,35,0,35,0,22,54,0,76,22,0,22,98
07/13/2021,OSU,OH,AGL,CE,Federal Contract Tower,0,18,21,0,39,0,0,14,0,14,0,18,35,0,53,2,0,2,55
07/14/2021,OSU,OH,AGL,CE,Federal Contract Tower,0,36,28,0,64,0,85,128,1,214,0,121,156,1,278,168,0,168,446
07/15/2021,OSU,OH,AGL,CE,Federal Contract Tower,0,34,37,0,71,0,74,87,0,161,0,108,124,0,232,50,0,50,282
07/16/2021,OSU,OH,AGL,CE,Federal Contract Tower,0,12,18,0,30,0,1,34,0,35,0,13,52,0,65,8,0,8,73
07/17/2021,OSU,OH,AGL,CE,Federal Contract Tower,0,7,8,0,15,0,17,17,0,34,0,24,25,0,49,16,0,16,65
07/18/2021,OSU,OH,AGL,CE,Federal Contract Tower,0,21,23,0,44,0,39,145,0,184,0,60,168,0,228,144,0,144,372
07/19/2021,OSU,OH,AGL,CE,Federal Contract Tower,0,25,19,0,44,0,116,155,0,271,0,141,174,0,315,238,0,238,553
07/20/2021,OSU,OH,AGL,CE,Federal Contract Tower,0,34,17,0,51,0,99,154,0,253,0,133,171,0,304,260,0,260,564
07/21/2021,OSU,OH,AGL,CE,Federal Contract Tower,0,31,20,0,51,0,17,48,0,65,0,48,68,0,116,44,0,44,160
07/22/2021,OSU,OH,AGL,CE,Federal Contract Tower,0,30,19,0,49,0,147,127,0,274,0,177,146,0,323,130,0,130,453
07/23/2021,OSU,OH,AGL,CE,Federal Contract Tower,0,22,31,0,53,0,47,87,0,134,0,69,118,0,187,130,0,130,317
07/24/2021,OSU,OH,AGL,CE,Federal Contract Tower,0,9,23,0,32,0,24,117,0,141,0,33,140,0,173,14,0,14,187
07/25/2021,OSU,OH,AGL,CE,Federal Contract Tower,0,20,23,0,43,0,8,60,0,68,0,28,83,0,111,102,0,102,213
07/26/2021,OSU,OH,AGL,CE,Federal Contract Tower,0,19,14,0,33,0,88,86,0,174,0,107,100,0,207,138,0,138,345
07/27/2021,OSU,OH,AGL,CE,Federal Contract Tower,0,21,30,0,51,0,111,135,0,246,0,132,165,0,297,82,0,82,379
07/28/2021,OSU,OH,AGL,CE,Federal Contract Tower,0,22,43,0,65,0,57,100,0,157,0,79,143,0,222,50,0,50,272
07/29/2021,OSU,OH,AGL,CE,Federal Contract Tower,0,10,17,1,28,0,0,22,0,22,0,10,39,1,50,0,0,0,50
07/30/2021,OSU,OH,AGL,CE,Federal Contract Tower,0,18,29,0,47,0,33,100,0,133,0,51,129,0,180,116,0,116,296
07/31/2021,OSU,OH,AGL,CE,Federal Contract Tower,0,11,16,0,27,0,11,115,0,126,0,22,131,0,153,30,0,30,183
08/01/2021,OSU,OH,AGL,CE,Federal Contract Tower,0,19,21,0,40,0,12,54,0,66,0,31,75,0,106,44,0,44,150
08/02/2021,OSU,OH,AGL,CE,Federal Contract Tower,0,17,24,0,41,0,56,117,0,173,0,73,141,0,214,226,0,226,440
08/03/2021,OSU,OH,AGL,CE,Federal Contract Tower,0,9,38,0,47,0,77,126,0,203,0,86,164,0,250,118,0,118,368
08/04/2021,OSU,OH,AGL,CE,Federal Contract Tower,0,28,23,0,51,0,100,162,0,262,0,128,185,0,313,174,0,174,487
08/05/2021,OSU,OH,AGL,CE,Federal Contract Tower,0,21,26,0,47,0,88,111,0,199,0,109,137,0,246,232,0,232,478
08/06/2021,OSU,OH,AGL,CE,Federal Contract Tower,0,17,22,0,39,0,54,125,0,179,0,71,147,0,218,156,0,156,374
08/07/2021,OSU,OH,AGL,CE,Federal Contract Tower,0,3,21,0,24,0,4,53,0,57,0,7,74,0,81,8,0,8,89
08/08/2021,OSU,OH,AGL,CE,Federal Contract Tower,0,3,27,0,30,0,5,103,0,108,0,8,130,0,138,20,0,20,158
08/09/2021,OSU,OH,AGL,CE,Federal Contract Tower,0,20,21,0,41,0,34,63,0,97,0,54,84,0,138,52,0,52,190
08/10/2021,OSU,OH,AGL,CE,Federal Contract Tower,0,15,18,0,33,0,0,21,0,21,0,15,39,0,54,6,0,6,60
08/11/2021,OSU,OH,AGL,CE,Federal Contract Tower,0,14,20,0,34,0,1,57,0,58,0,15,77,0,92,48,0,48,140
08/12/2021,OSU,OH,AGL,CE,Federal Contract Tower,0,25,20,0,45,0,1,39,0,40,0,26,59,0,85,34,0,34,119
08/13/2021,OSU,OH,AGL,CE,Federal Contract Tower,0,18,29,0,47,0,3,43,0,46,0,21,72,0,93,8,0,8,101
08/14/2021,OSU,OH,AGL,CE,Federal Contract Tower,0,12,18,0,30,0,27,114,0,141,0,39,132,0,171,74,0,74,245
08/15/2021,OSU,OH,AGL,CE,Federal Contract Tower,0,8,35,0,43,0,22,121,0,143,0,30,156,0,186,28,0,28,214
08/16/2021,OSU,OH,AGL,CE,Federal Contract Tower,0,22,38,0,60,0,0,24,0,24,0,22,62,0,84,0,0,0,84
08/17/2021,OSU,OH,AGL,CE,Federal Contract Tower,0,21,28,0,49,0,0,14,0,14,0,21,42,0,63,24,0,24,87
08/18/2021,OSU,OH,AGL,CE,Federal Contract Tower,0,23,19,0,42,0,11,40,0,51,0,34,59,0,93,84,0,84,177
08/19/2021,OSU,OH,AGL,CE,Federal Contract Tower,0,24,31,0,55,0,10,80,0,90,0,34,111,0,145,112,0,112,257
08/20/2021,OSU,OH,AGL,CE,Federal Contract Tower,0,23,22,0,45,0,74,125,0,199,0,97,147,0,244,138,0,138,382
08/21/2021,OSU,OH,AGL,CE,Federal Contract Tower,0,16,13,0,29,0,22,139,0,161,0,38,152,0,190,64,0,64,254
08/22/2021,OSU,OH,AGL,CE,Federal Contract Tower,0,15,17,0,32,0,18,102,0,120,0,33,119,0,152,64,0,64,216
08/23/2021,OSU,OH,AGL,CE,Federal Contract Tower,0,13,12,0,25,0,65,113,0,178,0,78,125,0,203,212,0,212,415
08/24/2021,OSU,OH,AGL,CE,Federal Contract Tower,0,12,11,0,23,0,29,95,0,124,0,41,106,0,147,64,0,64,211
08/25/2021,OSU,OH,AGL,CE,Federal Contract Tower,0,19,13,0,32,0,33,89,0,122,0,52,102,0,154,68,0,68,222
08/26/2021,OSU,OH,AGL,CE,Federal Contract Tower,0,25,25,0,50,0,11,46,0,57,0,36,71,0,107,112,0,112,219
08/27/2021,OSU,OH,AGL,CE,Federal Contract Tower,0,17,12,0,29,0,99,105,0,204,0,116,117,0,233,234,0,234,467
08/28/2021,OSU,OH,AGL,CE,Federal Contract Tower,0,12,17,0,29,0,26,103,0,129,0,38,120,0,158,38,0,38,196
08/29/2021,OSU,OH,AGL,CE,Federal Contract Tower,0,12,20,0,32,0,6,78,0,84,0,18,98,0,116,72,0,72,188
08/30/2021,OSU,OH,AGL,CE,Federal Contract Tower,0,19,17,0,36,0,11,36,0,47,0,30,53,0,83,114,0,114,197
08/31/2021,OSU,OH,AGL,CE,Federal Contract Tower,0,14,17,0,31,0,1,5,0,6,0,15,22,0,37,20,0,20,57
09/01/2021,OSU,OH,AGL,CE,Federal Contract Tower,0,10,33,7,50,0,8,58,20,86,0,18,91,27,136,26,0,26,162
09/02/2021,OSU,OH,AGL,CE,Federal Contract Tower,0,23,25,0,48,0,156,144,0,300,0,179,169,0,348,280,0,280,628
09/03/2021,OSU,OH,AGL,CE,Federal Contract Tower,0,42,33,0,75,0,127,150,0,277,0,169,183,0,352,334,0,334,686
09/04/2021,OSU,OH,AGL,CE,Federal Contract Tower,0,13,15,0,28,0,38,149,0,187,0,51,164,0,215,168,0,168,383
09/05/2021,OSU,OH,AGL,CE,Federal Contract Tower,0,12,13,0,25,0,9,54,0,63,0,21,67,0,88,6,0,6,94
09/06/2021,OSU,OH,AGL,CE,Federal Contract Tower,0,7,33,0,40,0,0,90,0,90,0,7,123,0,130,8,0,8,138
09/07/2021,OSU,OH,AGL,CE,Federal Contract Tower,0,17,18,0,35,0,87,110,0,197,0,104,128,0,232,240,0,240,472
09/08/2021,OSU,OH,AGL,CE,Federal Contract Tower,0,24,34,0,58,0,63,106,0,169,0,87,140,0,227,384,0,384,611
09/09/2021,OSU,OH,AGL,CE,Federal Contract Tower,0,33,26,0,59,0,115,144,0,259,0,148,170,0,318,160,0,160,478
09/10/2021,OSU,OH,AGL,CE,Federal Contract Tower,0,26,27,0,53,0,121,150,0,271,0,147,177,0,324,294,0,294,618
09/11/2021,OSU,OH,AGL,CE,Federal Contract Tower,0,32,30,0,62,0,22,114,0,136,0,54,144,0,198,40,0,40,238
09/12/2021,OSU,OH,AGL,CE,Federal Contract Tower,0,12,21,0,33,0,0,76,0,76,0,12,97,0,109,6,0,6,115
09/13/2021,OSU,OH,AGL,CE,Federal Contract Tower,0,37,25,0,62,0,108,148,0,256,0,145,173,0,318,260,0,260,578
09/14/2021,OSU,OH,AGL,CE,Federal Contract Tower,0,20,24,0,44,0,46,91,0,137,0,66,115,0,181,52,0,52,233
09/15/2021,OSU,OH,AGL,CE,Federal Contract Tower,0,17,25,0,42,0,0,25,0,25,0,17,50,0,67,46,0,46,113
09/16/2021,OSU,OH,AGL,CE,Federal Contract Tower,0,31,27,0,58,0,128,135,0,263,0,159,162,0,321,454,0,454,775
09/17/2021,OSU,OH,AGL,CE,Federal Contract Tower,0,32,18,0,50,0,100,124,0,224,0,132,142,0,274,414,0,414,688
09/18/2021,OSU,OH,AGL,CE,Federal Contract Tower,0,12,22,0,34,0,10,94,0,104,0,22,116,0,138,138,0,138,276
09/19/2021,OSU,OH,AGL,CE,Federal Contract Tower,0,21,30,0,51,0,36,131,0,167,0,57,161,0,218,60,0,60,278
09/20/2021,OSU,OH,AGL,CE,Federal Contract Tower,0,16,14,0,30,0,32,84,0,116,0,48,98,0,146,122,0,122,268
09/21/2021,OSU,OH,AGL,CE,Federal Contract Tower,0,17,21,0,38,0,0,12,0,12,0,17,33,0,50,8,0,8,58
09/22/2021,OSU,OH,AGL,CE,Federal Contract Tower,0,11,11,0,22,0,0,0,0,0,0,11,11,0,22,0,0,0,22
09/23/2021,OSU,OH,AGL,CE,Federal Contract Tower,0,16,35,0,51,0,4,30,0,34,0,20,65,0,85,0,0,0,85
09/24/2021,OSU,OH,AGL,CE,Federal Contract Tower,0,44,29,0,73,0,132,149,0,281,0,176,178,0,354,228,0,228,582
09/25/2021,OSU,OH,AGL,CE,Federal Contract Tower,0,11,10,0,21,0,10,58,0,68,0,21,68,0,89,130,0,130,219
09/26/2021,OSU,OH,AGL,CE,Federal Contract Tower,0,30,21,0,51,0,31,130,0,161,0,61,151,0,212,101,0,101,313
09/27/2021,OSU,OH,AGL,CE,Federal Contract Tower,0,12,16,0,28,0,3,49,0,52,0,15,65,0,80,8,0,8,88
09/28/2021,OSU,OH,AGL,CE,Federal Contract Tower,0,35,27,0,62,0,98,146,0,244,0,133,173,0,306,380,0,380,686
09/29/2021,OSU,OH,AGL,CE,Federal Contract Tower,0,26,30,0,56,0,120,160,0,280,0,146,190,0,336,314,0,314,650
09/30/2021,OSU,OH,AGL,CE,Federal Contract Tower,0,35,22,0,57,0,117,160,0,277,0,152,182,0,334,320,0,320,654
10/01/2021,OSU,OH,AGL,CE,Federal Contract Tower,0,31,17,0,48,0,130,167,0,297,0,161,184,0,345,448,0,448,793
10/02/2021,OSU,OH,AGL,CE,Federal Contract Tower,0,24,20,0,44,0,43,125,0,168,0,67,145,0,212,174,0,174,386
10/03/2021,OSU,OH,AGL,CE,Federal Contract Tower,0,23,20,0,43,0,0,5,0,5,0,23,25,0,48,12,0,12,60
10/04/2021,OSU,OH,AGL,CE,Federal Contract Tower,0,25,13,0,38,0,15,26,0,41,0,40,39,0,79,114,0,114,193
10/05/2021,OSU,OH,AGL,CE,Federal Contract Tower,0,23,24,0,47,0,34,73,0,107,0,57,97,0,154,202,0,202,356
10/06/2021,OSU,OH,AGL,CE,Federal Contract Tower,0,35,24,0,59,0,39,43,1,83,0,74,67,1,142,172,0,172,314
10/07/2021,OSU,OH,AGL,CE,Federal Contract Tower,0,22,27,0,49,0,3,37,6,46,0,25,64,6,95,152,0,152,247
10/08/2021,OSU,OH,AGL,CE,Federal Contract Tower,0,42,25,0,67,0,5,52,0,57,0,47,77,0,124,198,0,198,322
10/09/2021,OSU,OH,AGL,CE,Federal Contract Tower,0,15,27,0,42,0,0,63,0,63,0,15,90,0,105,50,0,50,155
10/10/2021,OSU,OH,AGL,CE,Federal Contract Tower,0,12,16,0,28,0,34,96,0,130,0,46,112,0,158,122,0,122,280
10/11/2021,OSU,OH,AGL,CE,Federal Contract Tower,0,35,17,0,52,0,117,115,0,232,0,152,132,0,284,128,0,128,412
10/12/2021,OSU,OH,AGL,CE,Federal Contract Tower,0,23,19,0,42,0,21,49,21,91,0,44,68,21,133,28,0,28,161
10/13/2021,OSU,OH,AGL,CE,Federal Contract Tower,0,27,35,0,62,0,79,137,0,216,0,106,172,0,278,378,0,378,656
10/14/2021,OSU,OH,AGL,CE,Federal Contract Tower,0,32,34,0,66,0,71,107,0,178,0,103,141,0,244,180,0,180,424
10/15/2021,OSU,OH,AGL,CE,Federal Contract Tower,0,23,27,0,50,0,25,42,0,67,0,48,69,0,117,98,0,98,215
10/16/2021,OSU,OH,AGL,CE,Federal Contract Tower,0,6,13,0,19,0,2,48,0,50,0,8,61,0,69,26,0,26,95
10/17/2021,OSU,OH,AGL,CE,Federal Contract Tower,0,13,21,0,34,0,6,60,0,66,0,19,81,0,100,0,0,0,100
10/18/2021,OSU,OH,AGL,CE,Federal Contract Tower,0,26,24,0,50,0,110,128,0,238,0,136,152,0,288,334,0,334,622
10/19/2021,OSU,OH,AGL,CE,Federal Contract Tower,0,36,28,0,64,0,113,103,0,216,0,149,131,0,280,288,0,288,568
10/20/2021,OSU,OH,AGL,CE,Federal Contract Tower,0,37,33,0,70,0,154,160,0,314,0,191,193,0,384,173,0,173,557
10/21/2021,OSU,OH,AGL,CE,Federal Contract Tower,0,14,31,0,45,0,5,16,0,21,0,19,47,0,66,14,0,14,80
10/22/2021,OSU,OH,AGL,CE,Federal Contract Tower,0,24,21,0,45,0,3,20,0,23,0,27,41,0,68,82,0,82,150
10/23/2021,OSU,OH,AGL,CE,Federal Contract Tower,0,12,24,0,36,0,4,56,0,60,0,16,80,0,96,68,0,68,164
10/24/2021,OSU,OH,AGL,CE,Federal Contract Tower,0,8,17,0,25,0,0,1,0,1,0,8,18,0,26,0,0,0,26
10/25/2021,OSU,OH,AGL,CE,Federal Contract Tower,0,8,14,0,22,0,0,10,0,10,0,8,24,0,32,12,0,12,44
10/26/2021,OSU,OH,AGL,CE,Federal Contract Tower,0,17,10,0,27,0,10,35,0,45,0,27,45,0,72,32,0,32,104
10/27/2021,OSU,OH,AGL,CE,Federal Contract Tower,0,29,28,0,57,0,6,36,0,42,0,35,64,0,99,328,0,328,427
10/28/2021,OSU,OH,AGL,CE,Federal Contract Tower,0,27,23,0,50,0,60,74,0,134,0,87,97,0,184,195,0,195,379
10/29/2021,OSU,OH,AGL,CE,Federal Contract Tower,0,24,20,0,44,0,0,0,0,0,0,24,20,0,44,0,0,0,44
10/30/2021,OSU,OH,AGL,CE,Federal Contract Tower,0,20,31,0,51,0,0,3,0,3,0,20,34,0,54,16,0,16,70
10/31/2021,OSU,OH,AGL,CE,Federal Contract Tower,0,11,24,0,35,0,10,69,0,79,0,21,93,0,114,34,0,34,148
11/01/2021,OSU,OH,AGL,CE,Federal Contract Tower,0,26,21,0,47,0,101,120,0,221,0,127,141,0,268,234,0,234,502
11/02/2021,OSU,OH,AGL,CE,Federal Contract Tower,0,26,23,0,49,0,77,95,0,172,0,103,118,0,221,263,0,263,484
11/03/2021,OSU,OH,AGL,CE,Federal Contract Tower,0,15,16,0,31,0,43,71,0,114,0,58,87,0,145,240,0,240,385
11/04/2021,OSU,OH,AGL,CE,Federal Contract Tower,0,24,26,0,50,0,93,101,0,194,0,117,127,0,244,334,0,334,578
11/05/2021,OSU,OH,AGL,CE,Federal Contract Tower,0,17,35,0,52,0,76,87,2,165,0,93,122,2,217,146,0,146,363
11/06/2021,OSU,OH,AGL,CE,Federal Contract Tower,0,11,11,0,22,0,32,123,0,155,0,43,134,0,177,132,0,132,309
11/07/2021,OSU,OH,AGL,CE,Federal Contract Tower,0,12,18,0,30,0,46,123,0,169,0,58,141,0,199,168,0,168,367
11/08/2021,OSU,OH,AGL,CE,Federal Contract Tower,0,26,19,0,45,0,107,87,0,194,0,133,106,0,239,170,0,170,409
11/09/2021,OSU,OH,AGL,CE,Federal Contract Tower,0,28,18,0,46,0,105,77,0,182,0,133,95,0,228,312,0,312,540
11/10/2021,OSU,OH,AGL,CE,Federal Contract Tower,0,40,24,0,64,0,81,65,0,146,0,121,89,0,210,220,0,220,430
11/11/2021,OSU,OH,AGL,CE,Federal Contract Tower,0,13,17,0,30,0,0,10,0,10,0,13,27,0,40,0,0,0,40
11/12/2021,OSU,OH,AGL,CE,Federal Contract Tower,0,15,16,0,31,0,0,21,0,21,0,15,37,0,52,0,0,0,52
11/13/2021,OSU,OH,AGL,CE,Federal Contract Tower,0,9,10,0,19,0,0,9,0,9,0,9,19,0,28,8,0,8,36
11/14/2021,OSU,OH,AGL,CE,Federal Contract Tower,0,10,13,0,23,0,0,0,0,0,0,10,13,0,23,0,0,0,23
11/15/2021,OSU,OH,AGL,CE,Federal Contract Tower,0,11,15,0,26,0,51,64,0,115,0,62,79,0,141,236,0,236,377
11/16/2021,OSU,OH,AGL,CE,Federal Contract Tower,0,27,17,0,44,0,132,108,0,240,0,159,125,0,284,352,0,352,636
11/17/2021,OSU,OH,AGL,CE,Federal Contract Tower,0,10,15,0,25,0,2,32,0,34,0,12,47,0,59,26,0,26,85
11/18/2021,OSU,OH,AGL,CE,Federal Contract Tower,0,20,19,0,39,0,9,28,0,37,0,29,47,0,76,40,0,40,116
11/19/2021,OSU,OH,AGL,CE,Federal Contract Tower,0,24,27,0,51,0,112,133,0,245,0,136,160,0,296,296,0,296,592
11/20/2021,OSU,OH,AGL,CE,Federal Contract Tower,0,33,30,0,63,0,19,87,0,106,0,52,117,0,169,44,0,44,213
11/21/2021,OSU,OH,AGL,CE,Federal Contract Tower,0,7,13,0,20,0,0,7,0,7,0,7,20,0,27,10,0,10,37
11/22/2021,OSU,OH,AGL,CE,Federal Contract Tower,0,21,23,0,44,0,67,71,0,138,0,88,94,0,182,168,0,168,350
11/23/2021,OSU,OH,AGL,CE,Federal Contract Tower,0,31,25,0,56,0,92,137,0,229,0,123,162,0,285,236,0,236,521
11/24/2021,OSU,OH,AGL,CE,Federal Contract Tower,0,31,20,0,51,0,26,104,0,130,0,57,124,0,181,36,0,36,217
11/25/2021,OSU,OH,AGL,CE,Federal Contract Tower,0,8,6,0,14,0,0,2,0,2,0,8,8,0,16,14,0,14,30
11/26/2021,OSU,OH,AGL,CE,Federal Contract Tower,0,7,7,0,14,0,0,18,0,18,0,7,25,0,32,12,0,12,44
11/27/2021,OSU,OH,AGL,CE,Federal Contract Tower,0,14,11,0,25,0,2,55,0,57,0,16,66,0,82,4,0,4,86
11/28/2021,OSU,OH,AGL,CE,Federal Contract Tower,0,16,14,0,30,0,1,42,0,43,0,17,56,0,73,76,0,76,149
11/29/2021,OSU,OH,AGL,CE,Federal Contract Tower,0,28,19,0,47,0,91,113,0,204,0,119,132,0,251,204,0,204,455
11/30/2021,OSU,OH,AGL,CE,Federal Contract Tower,0,29,23,0,52,0,87,88,0,175,0,116,111,0,227,204,0,204,431
12/01/2021,OSU,OH,AGL,CE,Federal Contract Tower,0,22,21,0,43,0,15,48,0,63,0,37,69,0,106,64,0,64,170
12/02/2021,OSU,OH,AGL,CE,Federal Contract Tower,0,14,13,0,27,0,8,42,0,50,0,22,55,0,77,0,0,0,77
12/03/2021,OSU,OH,AGL,CE,Federal Contract Tower,0,16,18,0,34,0,103,118,0,221,0,119,136,0,255,306,0,306,561
12/04/2021,OSU,OH,AGL,CE,Federal Contract Tower,0,16,13,0,29,0,38,102,0,140,0,54,115,0,169,144,0,144,313
12/05/2021,OSU,OH,AGL,CE,Federal Contract Tower,0,10,12,0,22,0,7,35,0,42,0,17,47,0,64,4,0,4,68
12/06/2021,OSU,OH,AGL,CE,Federal Contract Tower,0,13,5,0,18,0,0,10,0,10,0,13,15,0,28,0,0,0,28
12/07/2021,OSU,OH,AGL,CE,Federal Contract Tower,0,19,14,0,33,0,69,87,0,156,0,88,101,0,189,186,0,186,375
12/08/2021,OSU,OH,AGL,CE,Federal Contract Tower,0,18,23,0,41,0,5,68,0,73,0,23,91,0,114,34,0,34,148
12/09/2021,OSU,OH,AGL,CE,Federal Contract Tower,0,30,25,0,55,0,48,66,0,114,0,78,91,0,169,60,0,60,229
12/10/2021,OSU,OH,AGL,CE,Federal Contract Tower,0,19,12,0,31,0,1,17,0,18,0,20,29,0,49,112,0,112,161
12/11/2021,OSU,OH,AGL,CE,Federal Contract Tower,0,5,5,0,10,0,1,4,0,5,0,6,9,0,15,0,0,0,15
12/12/2021,OSU,OH,AGL,CE,Federal Contract Tower,0,21,15,0,36,0,42,99,0,141,0,63,114,0,177,62,0,62,239
12/13/2021,OSU,OH,AGL,CE,Federal Contract Tower,0,13,13,0,26,0,49,85,0,134,0,62,98,0,160,88,0,88,248
12/14/2021,OSU,OH,AGL,CE,Federal Contract Tower,0,28,15,0,43,0,71,107,0,178,0,99,122,0,221,170,0,170,391
12/15/2021,OSU,OH,AGL,CE,Federal Contract Tower,0,17,24,0,41,0,7,70,0,77,0,24,94,0,118,38,0,38,156
12/16/2021,OSU,OH,AGL,CE,Federal Contract Tower,0,12,18,0,30,0,0,5,0,5,0,12,23,0,35,0,0,0,35
12/17/2021,OSU,OH,AGL,CE,Federal Contract Tower,0,21,19,0,40,0,21,65,0,86,0,42,84,0,126,28,0,28,154
12/18/2021,OSU,OH,AGL,CE,Federal Contract Tower,0,10,4,0,14,0,0,0,0,0,0,10,4,0,14,0,0,0,14
12/19/2021,OSU,OH,AGL,CE,Federal Contract Tower,0,10,15,0,25,0,6,47,0,53,0,16,62,0,78,30,0,30,108
12/20/2021,OSU,OH,AGL,CE,Federal Contract Tower,0,21,15,0,36,0,52,108,0,160,0,73,123,0,196,72,0,72,268
12/21/2021,OSU,OH,AGL,CE,Federal Contract Tower,0,19,21,0,40,0,33,87,0,120,0,52,108,0,160,94,0,94,254
12/22/2021,OSU,OH,AGL,CE,Federal Contract Tower,0,19,25,0,44,0,20,110,0,130,0,39,135,0,174,44,0,44,218
12/23/2021,OSU,OH,AGL,CE,Federal Contract Tower,0,14,22,0,36,0,1,62,0,63,0,15,84,0,99,4,0,4,103
12/24/2021,OSU,OH,AGL,CE,Federal Contract Tower,0,6,9,0,15,0,0,24,0,24,0,6,33,0,39,12,0,12,51
12/25/2021,OSU,OH,AGL,CE,Federal Contract Tower,0,1,2,0,3,0,0,0,0,0,0,1,2,0,3,0,0,0,3
12/26/2021,OSU,OH,AGL,CE,Federal Contract Tower,0,10,17,0,27,0,1,87,0,88,0,11,104,0,115,58,0,58,173
12/27/2021,OSU,OH,AGL,CE,Federal Contract Tower,0,14,13,0,27,0,0,2,0,2,0,14,15,0,29,0,0,0,29
12/28/2021,OSU,OH,AGL,CE,Federal Contract Tower,0,23,8,0,31,0,0,24,0,24,0,23,32,0,55,30,0,30,85
12/29/2021,OSU,OH,AGL,CE,Federal Contract Tower,0,10,7,0,17,0,0,1,0,1,0,10,8,0,18,0,0,0,18
12/30/2021,OSU,OH,AGL,CE,Federal Contract Tower,0,19,5,0,24,0,0,0,0,0,0,19,5,0,24,0,0,0,24
12/31/2021,OSU,OH,AGL,CE,Federal Contract Tower,0,13,7,0,20,0,0,19,0,19,0,13,26,0,39,50,0,50,89
01/01/2022,OSU,OH,AGL,CE,Federal Contract Tower,0,5,2,0,7,0,0,0,0,0,0,5,2,0,7,0,0,0,7
01/02/2022,OSU,OH,AGL,CE,Federal Contract Tower,0,11,16,0,27,0,0,2,0,2,0,11,18,0,29,2,0,2,31
01/03/2022,OSU,OH,AGL,CE,Federal Contract Tower,0,17,5,0,22,0,40,90,0,130,0,57,95,0,152,164,0,164,316
01/04/2022,OSU,OH,AGL,CE,Federal Contract Tower,0,11,14,0,25,0,28,86,4,118,0,39,100,4,143,70,0,70,213
01/05/2022,OSU,OH,AGL,CE,Federal Contract Tower,0,20,11,0,31,0,0,21,5,26,0,20,32,5,57,0,0,0,57
01/06/2022,OSU,OH,AGL,CE,Federal Contract Tower,0,10,10,0,20,0,9,36,0,45,0,19,46,0,65,56,0,56,121
01/07/2022,OSU,OH,AGL,CE,Federal Contract Tower,0,9,4,0,13,0,9,29,1,39,0,18,33,1,52,72,0,72,124
01/08/2022,OSU,OH,AGL,CE,Federal Contract Tower,0,3,13,0,16,0,10,74,0,84,0,13,87,0,100,16,0,16,116
01/09/2022,OSU,OH,AGL,CE,Federal Contract Tower,0,2,4,0,6,0,0,8,0,8,0,2,12,0,14,0,0,0,14
01/10/2022,OSU,OH,AGL,CE,Federal Contract Tower,0,8,13,0,21,0,6,31,0,37,0,14,44,0,58,0,0,0,58
01/11/2022,OSU,OH,AGL,CE,Federal Contract Tower,0,11,16,0,27,0,82,86,0,168,0,93,102,0,195,90,0,90,285
01/12/2022,OSU,OH,AGL,CE,Federal Contract Tower,0,20,12,0,32,0,62,82,0,144,0,82,94,0,176,120,0,120,296
01/13/2022,OSU,OH,AGL,CE,Federal Contract Tower,0,17,9,0,26,0,79,82,0,161,0,96,91,0,187,164,0,164,351
01/14/2022,OSU,OH,AGL,CE,Federal Contract Tower,0,8,8,0,16,0,0,5,0,5,0,8,13,0,21,46,0,46,67
01/15/2022,OSU,OH,AGL,CE,Federal Contract Tower,0,6,12,0,18,0,29,78,0,107,0,35,90,0,125,104,0,104,229
01/16/2022,OSU,OH,AGL,CE,Federal Contract Tower,0,3,8,0,11,0,16,54,0,70,0,19,62,0,81,32,0,32,113
01/17/2022,OSU,OH,AGL,CE,Federal Contract Tower,0,3,8,0,11,0,0,0,0,0,0,3,8,0,11,0,0,0,11
01/18/2022,OSU,OH,AGL,CE,Federal Contract Tower,0,15,12,0,27,0,18,59,0,77,0,33,71,0,104,20,0,20,124
01/19/2022,OSU,OH,AGL,CE,Federal Contract Tower,0,9,11,0,20,0,22,54,0,76,0,31,65,0,96,66,0,66,162
01/20/2022,OSU,OH,AGL,CE,Federal Contract Tower,0,21,20,0,41,0,36,43,0,79,0,57,63,0,120,82,0,82,202
01/21/2022,OSU,OH,AGL,CE,Federal Contract Tower,0,11,8,0,19,0,71,59,0,130,0,82,67,0,149,246,0,246,395
01/22/2022,OSU,OH,AGL,CE,Federal Contract Tower,0,4,11,0,15,0,25,64,0,89,0,29,75,0,104,14,0,14,118
01/23/2022,OSU,OH,AGL,CE,Federal Contract Tower,0,1,6,0,7,0,0,1,0,1,0,1,7,0,8,0,0,0,8
01/24/2022,OSU,OH,AGL,CE,Federal Contract Tower,0,9,8,0,17,0,0,0,0,0,0,9,8,0,17,0,0,0,17
01/25/2022,OSU,OH,AGL,CE,Federal Contract Tower,0,19,8,0,27,0,12,48,0,60,0,31,56,0,87,165,0,165,252
01/26/2022,OSU,OH,AGL,CE,Federal Contract Tower,0,17,8,0,25,0,48,54,0,102,0,65,62,0,127,54,0,54,181
01/27/2022,OSU,OH,AGL,CE,Federal Contract Tower,0,23,9,0,32,0,24,42,0,66,0,47,51,0,98,88,0,88,186
01/28/2022,OSU,OH,AGL,CE,Federal Contract Tower,0,14,10,0,24,0,0,9,0,9,0,14,19,0,33,10,0,10,43
01/29/2022,OSU,OH,AGL,CE,Federal Contract Tower,0,12,11,0,23,0,39,98,0,137,0,51,109,0,160,56,0,56,216
01/30/2022,OSU,OH,AGL,CE,Federal Contract Tower,0,14,10,0,24,0,41,79,5,125,0,55,89,5,149,42,0,42,191
01/31/2022,OSU,OH,AGL,CE,Federal Contract Tower,0,10,21,0,31,0,54,79,9,142,0,64,100,9,173,104,0,104,277
02/01/2022,OSU,OH,AGL,CE,Federal Contract Tower,0,9,13,0,22,0,37,96,8,141,0,46,109,8,163,62,0,62,225
02/02/2022,OSU,OH,AGL,CE,Federal Contract Tower,0,8,19,0,27,0,0,1,0,1,0,8,20,0,28,12,0,12,40
02/03/2022,OSU,OH,AGL,CE,Federal Contract Tower,0,0,0,0,0,0,0,0,0,0,0,0,0,0,0,0,0,0,0
02/04/2022,OSU,OH,AGL,CE,Federal Contract Tower,0,6,1,0,7,0,0,4,0,4,0,6,5,0,11,0,0,0,11
02/05/2022,OSU,OH,AGL,CE,Federal Contract Tower,0,8,9,0,17,0,0,29,0,29,0,8,38,0,46,4,0,4,50
02/06/2022,OSU,OH,AGL,CE,Federal Contract Tower,0,1,13,0,14,0,5,88,0,93,0,6,101,0,107,26,0,26,133
02/07/2022,OSU,OH,AGL,CE,Federal Contract Tower,0,10,11,0,21,0,36,77,0,113,0,46,88,0,134,140,0,140,274
02/08/2022,OSU,OH,AGL,CE,Federal Contract Tower,0,17,23,0,40,0,58,109,0,167,0,75,132,0,207,112,0,112,319
02/09/2022,OSU,OH,AGL,CE,Federal Contract Tower,0,14,15,0,29,0,12,55,0,67,0,26,70,0,96,34,0,34,130
02/10/2022,OSU,OH,AGL,CE,Federal Contract Tower,0,19,22,0,41,0,47,72,0,119,0,66,94,0,160,154,0,154,314
02/11/2022,OSU,OH,AGL,CE,Federal Contract Tower,0,17,11,0,28,0,0,21,0,21,0,17,32,0,49,6,0,6,55
02/12/2022,OSU,OH,AGL,CE,Federal Contract Tower,0,3,8,0,11,0,0,32,0,32,0,3,40,0,43,26,0,26,69
02/13/2022,OSU,OH,AGL,CE,Federal Contract Tower,0,16,11,0,27,0,2,25,0,27,0,18,36,0,54,52,0,52,106
02/14/2022,OSU,OH,AGL,CE,Federal Contract Tower,0,16,14,0,30,0,38,87,0,125,0,54,101,0,155,124,0,124,279
02/15/2022,OSU,OH,AGL,CE,Federal Contract Tower,0,33,22,0,55,0,77,139,0,216,0,110,161,0,271,182,0,182,453
02/16/2022,OSU,OH,AGL,CE,Federal Contract Tower,0,10,19,0,29,0,0,25,0,25,0,10,44,0,54,0,0,0,54
02/17/2022,OSU,OH,AGL,CE,Federal Contract Tower,0,15,17,0,32,0,0,0,0,0,0,15,17,0,32,0,0,0,32
02/18/2022,OSU,OH,AGL,CE,Federal Contract Tower,0,17,18,0,35,0,25,77,0,102,0,42,95,0,137,46,0,46,183
02/19/2022,OSU,OH,AGL,CE,Federal Contract Tower,0,8,8,0,16,0,7,35,0,42,0,15,43,0,58,14,0,14,72
02/20/2022,OSU,OH,AGL,CE,Federal Contract Tower,0,10,4,0,14,0,11,48,0,59,0,21,52,0,73,0,0,0,73
02/21/2022,OSU,OH,AGL,CE,Federal Contract Tower,0,31,21,0,52,0,89,141,0,230,0,120,162,0,282,176,0,176,458
02/22/2022,OSU,OH,AGL,CE,Federal Contract Tower,0,17,14,0,31,0,0,2,0,2,0,17,16,0,33,0,0,0,33
02/23/2022,OSU,OH,AGL,CE,Federal Contract Tower,0,25,14,0,39,0,21,39,0,60,0,46,53,0,99,158,0,158,257
02/24/2022,OSU,OH,AGL,CE,Federal Contract Tower,0,13,13,0,26,0,25,32,0,57,0,38,45,0,83,154,0,154,237
02/25/2022,OSU,OH,AGL,CE,Federal Contract Tower,0,11,16,0,27,0,4,30,0,34,0,15,46,0,61,60,0,60,121
02/26/2022,OSU,OH,AGL,CE,Federal Contract Tower,0,17,4,0,21,0,35,111,0,146,0,52,115,0,167,146,0,146,313
02/27/2022,OSU,OH,AGL,CE,Federal Contract Tower,0,10,6,0,16,0,50,133,0,183,0,60,139,0,199,128,0,128,327
02/28/2022,OSU,OH,AGL,CE,Federal Contract Tower,0,12,22,0,34,0,84,148,0,232,0,96,170,0,266,150,0,150,416
03/01/2022,OSU,OH,AGL,CE,Federal Contract Tower,0,23,19,0,42,0,42,86,0,128,0,65,105,0,170,166,0,166,336
03/02/2022,OSU,OH,AGL,CE,Federal Contract Tower,0,8,28,0,36,0,71,120,2,193,0,79,148,2,229,122,0,122,351
03/03/2022,OSU,OH,AGL,CE,Federal Contract Tower,0,10,15,0,25,0,52,73,0,125,0,62,88,0,150,78,0,78,228
03/04/2022,OSU,OH,AGL,CE,Federal Contract Tower,0,25,28,0,53,0,59,144,0,203,0,84,172,0,256,112,0,112,368
03/05/2022,OSU,OH,AGL,CE,Federal Contract Tower,0,4,15,0,19,0,26,56,0,82,0,30,71,0,101,98,0,98,199
03/06/2022,OSU,OH,AGL,CE,Federal Contract Tower,0,8,13,0,21,0,0,6,0,6,0,8,19,0,27,4,0,4,31
03/07/2022,OSU,OH,AGL,CE,Federal Contract Tower,0,13,6,0,19,0,0,0,0,0,0,13,6,0,19,0,0,0,19
03/08/2022,OSU,OH,AGL,CE,Federal Contract Tower,0,16,25,0,41,0,53,96,0,149,0,69,121,0,190,179,0,179,369
03/09/2022,OSU,OH,AGL,CE,Federal Contract Tower,0,20,19,0,39,0,19,56,0,75,0,39,75,0,114,60,0,60,174
03/10/2022,OSU,OH,AGL,CE,Federal Contract Tower,0,26,25,0,51,0,75,141,0,216,0,101,166,0,267,172,0,172,439
03/11/2022,OSU,OH,AGL,CE,Federal Contract Tower,0,10,15,0,25,0,33,49,0,82,0,43,64,0,107,92,0,92,199
03/12/2022,OSU,OH,AGL,CE,Federal Contract Tower,0,4,6,0,10,0,0,17,0,17,0,4,23,0,27,10,0,10,37
03/13/2022,OSU,OH,AGL,CE,Federal Contract Tower,0,20,12,0,32,0,2,26,0,28,0,22,38,0,60,10,0,10,70
03/14/2022,OSU,OH,AGL,CE,Federal Contract Tower,0,15,15,0,30,0,47,67,0,114,0,62,82,0,144,62,0,62,206
03/15/2022,OSU,OH,AGL,CE,Federal Contract Tower,0,20,17,0,37,0,68,102,0,170,0,88,119,0,207,228,0,228,435
03/16/2022,OSU,OH,AGL,CE,Federal Contract Tower,0,24,21,0,45,0,63,131,2,196,0,87,152,2,241,186,0,186,427
03/17/2022,OSU,OH,AGL,CE,Federal Contract Tower,0,29,18,0,47,0,51,129,0,180,0,80,147,0,227,144,0,144,371
03/18/2022,OSU,OH,AGL,CE,Federal Contract Tower,0,13,15,0,28,0,18,59,0,77,0,31,74,0,105,102,0,102,207
03/19/2022,OSU,OH,AGL,CE,Federal Contract Tower,0,10,5,0,15,0,0,4,0,4,0,10,9,0,19,0,0,0,19
03/20/2022,OSU,OH,AGL,CE,Federal Contract Tower,0,11,28,0,39,0,14,61,0,75,0,25,89,0,114,52,0,52,166
03/21/2022,OSU,OH,AGL,CE,Federal Contract Tower,0,17,18,0,35,0,113,118,0,231,0,130,136,0,266,386,0,386,652
03/22/2022,OSU,OH,AGL,CE,Federal Contract Tower,0,18,19,0,37,0,14,52,0,66,0,32,71,0,103,116,0,116,219
03/23/2022,OSU,OH,AGL,CE,Federal Contract Tower,0,20,19,0,39,0,0,20,0,20,0,20,39,0,59,20,0,20,79
03/24/2022,OSU,OH,AGL,CE,Federal Contract Tower,0,19,19,0,38,0,35,52,0,87,0,54,71,0,125,168,0,168,293
03/25/2022,OSU,OH,AGL,CE,Federal Contract Tower,0,28,14,0,42,0,11,20,0,31,0,39,34,0,73,114,0,114,187
03/26/2022,OSU,OH,AGL,CE,Federal Contract Tower,0,7,9,0,16,0,2,6,0,8,0,9,15,0,24,16,0,16,40
03/27/2022,OSU,OH,AGL,CE,Federal Contract Tower,0,6,7,0,13,0,7,20,0,27,0,13,27,0,40,8,0,8,48
03/28/2022,OSU,OH,AGL,CE,Federal Contract Tower,0,21,16,0,37,0,54,59,0,113,0,75,75,0,150,128,0,128,278
03/29/2022,OSU,OH,AGL,CE,Federal Contract Tower,0,20,15,0,35,0,103,106,0,209,0,123,121,0,244,284,0,284,528
03/30/2022,OSU,OH,AGL,CE,Federal Contract Tower,0,21,8,0,29,0,0,23,0,23,0,21,31,0,52,0,0,0,52
03/31/2022,OSU,OH,AGL,CE,Federal Contract Tower,0,26,6,0,32,0,0,11,0,11,0,26,17,0,43,0,0,0,43
04/01/2022,OSU,OH,AGL,CE,Federal Contract Tower,0,33,10,0,43,0,32,34,0,66,0,65,44,0,109,32,0,32,141
04/02/2022,OSU,OH,AGL,CE,Federal Contract Tower,0,24,15,0,39,0,82,126,0,208,0,106,141,0,247,142,0,142,389
04/03/2022,OSU,OH,AGL,CE,Federal Contract Tower,0,19,25,0,44,0,34,70,0,104,0,53,95,0,148,80,0,80,228
04/04/2022,OSU,OH,AGL,CE,Federal Contract Tower,0,19,15,0,34,0,39,45,0,84,0,58,60,0,118,100,0,100,218
04/05/2022,OSU,OH,AGL,CE,Federal Contract Tower,0,28,12,0,40,0,51,39,0,90,0,79,51,0,130,160,0,160,290
04/06/2022,OSU,OH,AGL,CE,Federal Contract Tower,0,35,24,0,59,0,0,1,0,1,0,35,25,0,60,12,0,12,72
04/07/2022,OSU,OH,AGL,CE,Federal Contract Tower,0,23,28,0,51,0,70,69,0,139,0,93,97,0,190,292,0,292,482
04/08/2022,OSU,OH,AGL,CE,Federal Contract Tower,0,24,20,0,44,0,33,50,0,83,0,57,70,0,127,108,0,108,235
04/09/2022,OSU,OH,AGL,CE,Federal Contract Tower,0,12,4,0,16,0,0,1,0,1,0,12,5,0,17,0,0,0,17
04/10/2022,OSU,OH,AGL,CE,Federal Contract Tower,0,16,19,0,35,0,98,147,0,245,0,114,166,0,280,312,0,312,592
04/11/2022,OSU,OH,AGL,CE,Federal Contract Tower,0,15,18,0,33,0,0,9,0,9,0,15,27,0,42,0,0,0,42
04/12/2022,OSU,OH,AGL,CE,Federal Contract Tower,0,41,33,0,74,0,74,98,0,172,0,115,131,0,246,392,0,392,638
04/13/2022,OSU,OH,AGL,CE,Federal Contract Tower,0,20,16,0,36,0,0,21,0,21,0,20,37,0,57,12,0,12,69
04/14/2022,OSU,OH,AGL,CE,Federal Contract Tower,0,21,28,0,49,0,51,89,0,140,0,72,117,0,189,74,0,74,263
04/15/2022,OSU,OH,AGL,CE,Federal Contract Tower,0,15,11,0,26,0,0,53,0,53,0,15,64,0,79,0,0,0,79
04/16/2022,OSU,OH,AGL,CE,Federal Contract Tower,0,14,21,0,35,0,4,33,0,37,0,18,54,0,72,30,0,30,102
04/17/2022,OSU,OH,AGL,CE,Federal Contract Tower,0,16,8,0,24,0,40,96,0,136,0,56,104,0,160,82,0,82,242
04/18/2022,OSU,OH,AGL,CE,Federal Contract Tower,0,25,20,0,45,0,0,2,0,2,0,25,22,0,47,0,0,0,47
04/19/2022,OSU,OH,AGL,CE,Federal Contract Tower,0,23,20,0,43,0,34,27,0,61,0,57,47,0,104,50,0,50,154
04/20/2022,OSU,OH,AGL,CE,Federal Contract Tower,0,25,19,0,44,0,113,108,0,221,0,138,127,0,265,382,0,382,647
04/21/2022,OSU,OH,AGL,CE,Federal Contract Tower,0,27,20,0,47,0,19,18,0,37,0,46,38,0,84,128,0,128,212
04/22/2022,OSU,OH,AGL,CE,Federal Contract Tower,0,14,17,0,31,0,64,99,0,163,0,78,116,0,194,378,0,378,572
04/23/2022,OSU,OH,AGL,CE,Federal Contract Tower,0,27,19,0,46,0,41,117,0,158,0,68,136,0,204,148,0,148,352
04/24/2022,OSU,OH,AGL,CE,Federal Contract Tower,0,22,21,0,43,0,10,66,0,76,0,32,87,0,119,8,0,8,127
04/25/2022,OSU,OH,AGL,CE,Federal Contract Tower,0,12,25,0,37,0,27,16,0,43,0,39,41,0,80,56,0,56,136
04/26/2022,OSU,OH,AGL,CE,Federal Contract Tower,0,27,33,0,60,0,63,75,0,138,0,90,108,0,198,172,2,174,372
04/27/2022,OSU,OH,AGL,CE,Federal Contract Tower,0,31,16,0,47,0,111,98,0,209,0,142,114,0,256,424,0,424,680
04/28/2022,OSU,OH,AGL,CE,Federal Contract Tower,0,21,16,0,37,0,123,123,0,246,0,144,139,0,283,706,0,706,989
04/29/2022,OSU,OH,AGL,CE,Federal Contract Tower,0,28,18,0,46,0,145,144,0,289,0,173,162,0,335,668,0,668,1003
04/30/2022,OSU,OH,AGL,CE,Federal Contract Tower,0,8,6,0,14,0,62,71,0,133,0,70,77,0,147,638,0,638,785
05/01/2022,OSU,OH,AGL,CE,Federal Contract Tower,0,13,23,0,36,0,31,31,0,62,0,44,54,0,98,232,0,232,330
05/02/2022,OSU,OH,AGL,CE,Federal Contract Tower,0,22,25,0,47,0,139,121,0,260,0,161,146,0,307,642,0,642,949
05/03/2022,OSU,OH,AGL,CE,Federal Contract Tower,0,15,16,0,31,0,0,7,0,7,0,15,23,0,38,158,0,158,196
05/04/2022,OSU,OH,AGL,CE,Federal Contract Tower,0,41,34,0,75,0,8,19,0,27,0,49,53,0,102,150,0,150,252
05/05/2022,OSU,OH,AGL,CE,Federal Contract Tower,0,35,26,0,61,0,114,93,0,207,0,149,119,0,268,1120,0,1120,1388
05/06/2022,OSU,OH,AGL,CE,Federal Contract Tower,0,16,19,0,35,0,0,0,0,0,0,16,19,0,35,0,0,0,35
05/07/2022,OSU,OH,AGL,CE,Federal Contract Tower,0,17,26,0,43,0,82,62,0,144,0,99,88,0,187,724,0,724,911
05/08/2022,OSU,OH,AGL,CE,Federal Contract Tower,0,11,14,0,25,0,155,150,0,305,0,166,164,0,330,656,0,656,986
05/09/2022,OSU,OH,AGL,CE,Federal Contract Tower,0,20,19,0,39,0,8,98,0,106,0,28,117,0,145,28,0,28,173
05/10/2022,OSU,OH,AGL,CE,Federal Contract Tower,0,20,21,0,41,0,175,100,0,275,0,195,121,0,316,10,0,10,326
05/11/2022,OSU,OH,AGL,CE,Federal Contract Tower,0,19,24,0,43,0,74,103,0,177,0,93,127,0,220,846,0,846,1066
05/12/2022,OSU,OH,AGL,CE,Federal Contract Tower,0,15,25,0,40,0,118,75,1,194,0,133,100,1,234,814,0,814,1048
05/13/2022,OSU,OH,AGL,CE,Federal Contract Tower,0,22,20,0,42,0,152,78,0,230,0,174,98,0,272,720,0,720,992
05/14/2022,OSU,OH,AGL,CE,Federal Contract Tower,0,12,13,0,25,0,46,93,0,139,0,58,106,0,164,80,0,80,244
05/15/2022,OSU,OH,AGL,CE,Federal Contract Tower,0,19,26,0,45,0,47,116,0,163,0,66,142,0,208,42,0,42,250
05/16/2022,OSU,OH,AGL,CE,Federal Contract Tower,0,13,23,0,36,0,23,51,0,74,0,36,74,0,110,16,0,16,126
05/17/2022,OSU,OH,AGL,CE,Federal Contract Tower,0,23,20,0,43,0,44,104,1,149,0,67,124,1,192,110,0,110,302
05/18/2022,OSU,OH,AGL,CE,Federal Contract Tower,0,18,32,0,50,0,24,50,1,75,0,42,82,1,125,228,0,228,353
05/19/2022,OSU,OH,AGL,CE,Federal Contract Tower,0,25,31,0,56,0,31,99,0,130,0,56,130,0,186,62,0,62,248
05/20/2022,OSU,OH,AGL,CE,Federal Contract Tower,0,15,16,0,31,0,0,31,0,31,0,15,47,0,62,0,0,0,62
05/21/2022,OSU,OH,AGL,CE,Federal Contract Tower,0,9,7,0,16,0,5,45,0,50,0,14,52,0,66,12,0,12,78
05/22/2022,OSU,OH,AGL,CE,Federal Contract Tower,0,18,11,0,29,0,10,44,0,54,0,28,55,0,83,44,0,44,127
05/23/2022,OSU,OH,AGL,CE,Federal Contract Tower,0,21,25,0,46,0,89,119,0,208,0,110,144,0,254,198,0,198,452
05/24/2022,OSU,OH,AGL,CE,Federal Contract Tower,0,33,23,0,56,0,91,145,0,236,0,124,168,0,292,216,0,216,508
05/25/2022,OSU,OH,AGL,CE,Federal Contract Tower,0,21,25,0,46,0,59,86,0,145,0,80,111,0,191,100,0,100,291
05/26/2022,OSU,OH,AGL,CE,Federal Contract Tower,0,14,24,0,38,0,0,5,0,5,0,14,29,0,43,0,0,0,43
05/27/2022,OSU,OH,AGL,CE,Federal Contract Tower,0,20,17,0,37,0,11,9,0,20,0,31,26,0,57,16,0,16,73
05/28/2022,OSU,OH,AGL,CE,Federal Contract Tower,0,17,18,0,35,0,10,66,0,76,0,27,84,0,111,102,0,102,213
05/29/2022,OSU,OH,AGL,CE,Federal Contract Tower,0,24,15,0,39,0,26,80,0,106,0,50,95,0,145,54,0,54,199
05/30/2022,OSU,OH,AGL,CE,Federal Contract Tower,0,23,11,0,34,0,0,95,0,95,0,23,106,0,129,22,0,22,151
05/31/2022,OSU,OH,AGL,CE,Federal Contract Tower,0,36,30,0,66,0,70,120,0,190,0,106,150,0,256,68,0,68,324
06/01/2022,OSU,OH,AGL,CE,Federal Contract Tower,0,34,26,0,60,0,44,60,0,104,0,78,86,0,164,34,0,34,198
06/02/2022,OSU,OH,AGL,CE,Federal Contract Tower,0,25,13,2,40,0,14,42,0,56,0,39,55,2,96,42,0,42,138
06/03/2022,OSU,OH,AGL,CE,Federal Contract Tower,0,28,23,0,51,0,82,109,0,191,0,110,132,0,242,80,0,80,322
06/04/2022,OSU,OH,AGL,CE,Federal Contract Tower,0,34,10,0,44,0,77,116,0,193,0,111,126,0,237,158,0,158,395
06/05/2022,OSU,OH,AGL,CE,Federal Contract Tower,0,58,29,0,87,0,35,77,0,112,0,93,106,0,199,60,0,60,259
06/06/2022,OSU,OH,AGL,CE,Federal Contract Tower,0,26,16,0,42,0,4,41,0,45,0,30,57,0,87,30,0,30,117
06/07/2022,OSU,OH,AGL,CE,Federal Contract Tower,0,21,33,1,55,0,4,37,0,41,0,25,70,1,96,52,0,52,148
06/08/2022,OSU,OH,AGL,CE,Federal Contract Tower,0,17,26,0,43,0,57,75,0,132,0,74,101,0,175,266,0,266,441
06/09/2022,OSU,OH,AGL,CE,Federal Contract Tower,0,14,30,0,44,0,19,82,0,101,0,33,112,0,145,74,0,74,219
06/10/2022,OSU,OH,AGL,CE,Federal Contract Tower,0,21,17,0,38,0,62,110,0,172,0,83,127,0,210,188,0,188,398
06/11/2022,OSU,OH,AGL,CE,Federal Contract Tower,0,15,15,0,30,0,42,88,0,130,0,57,103,0,160,140,0,140,300
06/12/2022,OSU,OH,AGL,CE,Federal Contract Tower,0,8,20,0,28,0,10,26,0,36,0,18,46,0,64,98,0,98,162
06/13/2022,OSU,OH,AGL,CE,Federal Contract Tower,0,12,14,0,26,0,31,59,0,90,0,43,73,0,116,172,0,172,288
06/14/2022,OSU,OH,AGL,CE,Federal Contract Tower,0,18,22,0,40,0,12,82,0,94,0,30,104,0,134,88,0,88,222
06/15/2022,OSU,OH,AGL,CE,Federal Contract Tower,0,21,19,0,40,0,69,107,0,176,0,90,126,0,216,74,0,74,290
06/16/2022,OSU,OH,AGL,CE,Federal Contract Tower,0,17,14,0,31,0,35,71,0,106,0,52,85,0,137,2,0,2,139
06/17/2022,OSU,OH,AGL,CE,Federal Contract Tower,0,18,14,0,32,0,50,75,0,125,0,68,89,0,157,34,0,34,191
06/18/2022,OSU,OH,AGL,CE,Federal Contract Tower,0,18,10,0,28,0,8,59,0,67,0,26,69,0,95,0,0,0,95
06/19/2022,OSU,OH,AGL,CE,Federal Contract Tower,0,9,17,0,26,0,18,99,0,117,0,27,116,0,143,70,0,70,213
06/20/2022,OSU,OH,AGL,CE,Federal Contract Tower,0,9,17,0,26,0,4,86,0,90,0,13,103,0,116,68,0,68,184
06/21/2022,OSU,OH,AGL,CE,Federal Contract Tower,0,15,27,0,42,0,92,116,0,208,0,107,143,0,250,78,0,78,328
06/22/2022,OSU,OH,AGL,CE,Federal Contract Tower,0,15,31,0,46,0,51,68,0,119,0,66,99,0,165,132,0,132,297
06/23/2022,OSU,OH,AGL,CE,Federal Contract Tower,0,21,33,0,54,0,65,77,0,142,0,86,110,0,196,160,0,160,356
06/24/2022,OSU,OH,AGL,CE,Federal Contract Tower,0,29,21,0,50,0,47,84,0,131,0,76,105,0,181,70,0,70,251
06/25/2022,OSU,OH,AGL,CE,Federal Contract Tower,0,10,16,0,26,0,48,92,0,140,0,58,108,0,166,114,0,114,280
06/26/2022,OSU,OH,AGL,CE,Federal Contract Tower,0,13,21,0,34,0,6,25,0,31,0,19,46,0,65,4,0,4,69
06/27/2022,OSU,OH,AGL,CE,Federal Contract Tower,0,15,24,0,39,0,51,77,0,128,0,66,101,0,167,110,0,110,277
06/28/2022,OSU,OH,AGL,CE,Federal Contract Tower,0,25,31,0,56,0,77,128,0,205,0,102,159,0,261,228,0,228,489
06/29/2022,OSU,OH,AGL,CE,Federal Contract Tower,0,30,15,0,45,0,86,146,0,232,0,116,161,0,277,218,0,218,495
06/30/2022,OSU,OH,AGL,CE,Federal Contract Tower,0,28,24,0,52,0,73,110,0,183,0,101,134,0,235,56,0,56,291
07/01/2022,OSU,OH,AGL,CE,Federal Contract Tower,0,16,17,0,33,0,0,76,0,76,0,16,93,0,109,44,0,44,153
07/02/2022,OSU,OH,AGL,CE,Federal Contract Tower,0,10,14,0,24,0,1,55,0,56,0,11,69,0,80,0,0,0,80
07/03/2022,OSU,OH,AGL,CE,Federal Contract Tower,0,7,11,0,18,0,0,63,0,63,0,7,74,0,81,30,0,30,111
07/04/2022,OSU,OH,AGL,CE,Federal Contract Tower,0,5,4,0,9,0,0,95,0,95,0,5,99,0,104,30,0,30,134
07/05/2022,OSU,OH,AGL,CE,Federal Contract Tower,0,14,15,0,29,0,0,15,0,15,0,14,30,0,44,8,0,8,52
07/06/2022,OSU,OH,AGL,CE,Federal Contract Tower,0,12,17,0,29,0,0,19,0,19,0,12,36,0,48,28,0,28,76
07/07/2022,OSU,OH,AGL,CE,Federal Contract Tower,0,22,25,0,47,0,71,66,0,137,0,93,91,0,184,106,0,106,290
07/08/2022,OSU,OH,AGL,CE,Federal Contract Tower,0,13,12,0,25,0,1,16,0,17,0,14,28,0,42,40,0,40,82
07/09/2022,OSU,OH,AGL,CE,Federal Contract Tower,0,20,18,0,38,0,34,97,0,131,0,54,115,0,169,170,0,170,339
07/10/2022,OSU,OH,AGL,CE,Federal Contract Tower,0,22,21,0,43,0,38,101,1,140,0,60,122,1,183,100,0,100,283
07/11/2022,OSU,OH,AGL,CE,Federal Contract Tower,0,20,10,0,30,0,58,102,0,160,0,78,112,0,190,100,0,100,290
07/12/2022,OSU,OH,AGL,CE,Federal Contract Tower,0,21,21,0,42,0,22,72,4,98,0,43,93,4,140,192,0,192,332
07/13/2022,OSU,OH,AGL,CE,Federal Contract Tower,0,17,27,0,44,0,75,99,0,174,0,92,126,0,218,136,0,136,354
07/14/2022,OSU,OH,AGL,CE,Federal Contract Tower,0,22,37,0,59,0,65,85,0,150,0,87,122,0,209,300,0,300,509
07/15/2022,OSU,OH,AGL,CE,Federal Contract Tower,0,21,14,0,35,0,70,98,0,168,0,91,112,0,203,130,0,130,333
07/16/2022,OSU,OH,AGL,CE,Federal Contract Tower,0,11,11,0,22,0,5,39,0,44,0,16,50,0,66,52,0,52,118
07/17/2022,OSU,OH,AGL,CE,Federal Contract Tower,0,7,12,0,19,0,0,2,0,2,0,7,14,0,21,0,0,0,21
07/18/2022,OSU,OH,AGL,CE,Federal Contract Tower,0,11,24,0,35,0,0,36,0,36,0,11,60,0,71,98,0,98,169
07/19/2022,OSU,OH,AGL,CE,Federal Contract Tower,0,18,20,0,38,0,59,119,0,178,0,77,139,0,216,166,0,166,382
07/20/2022,OSU,OH,AGL,CE,Federal Contract Tower,0,11,28,0,39,0,23,63,0,86,0,34,91,0,125,70,0,70,195
07/21/2022,OSU,OH,AGL,CE,Federal Contract Tower,0,21,28,0,49,0,69,102,0,171,0,90,130,0,220,120,0,120,340
07/22/2022,OSU,OH,AGL,CE,Federal Contract Tower,0,20,27,0,47,0,49,97,0,146,0,69,124,0,193,62,0,62,255
07/23/2022,OSU,OH,AGL,CE,Federal Contract Tower,0,13,15,0,28,0,3,43,0,46,0,16,58,0,74,26,0,26,100
07/24/2022,OSU,OH,AGL,CE,Federal Contract Tower,0,11,17,0,28,0,18,61,0,79,0,29,78,0,107,22,0,22,129
07/25/2022,OSU,OH,AGL,CE,Federal Contract Tower,0,22,22,0,44,0,70,86,0,156,0,92,108,0,200,178,2,180,380
07/26/2022,OSU,OH,AGL,CE,Federal Contract Tower,0,22,31,0,53,0,42,76,0,118,0,64,107,0,171,152,0,152,323
07/27/2022,OSU,OH,AGL,CE,Federal Contract Tower,0,14,28,0,42,0,1,7,0,8,0,15,35,0,50,26,0,26,76
07/28/2022,OSU,OH,AGL,CE,Federal Contract Tower,0,22,34,0,56,0,24,64,0,88,0,46,98,0,144,112,0,112,256
07/29/2022,OSU,OH,AGL,CE,Federal Contract Tower,0,28,20,0,48,0,71,104,0,175,0,99,124,0,223,194,0,194,417
07/30/2022,OSU,OH,AGL,CE,Federal Contract Tower,0,10,14,0,24,0,33,95,0,128,0,43,109,0,152,86,0,86,238
07/31/2022,OSU,OH,AGL,CE,Federal Contract Tower,0,11,8,0,19,0,6,82,0,88,0,17,90,0,107,34,0,34,141
08/01/2022,OSU,OH,AGL,CE,Federal Contract Tower,0,11,16,0,27,0,0,16,0,16,0,11,32,0,43,0,0,0,43
08/02/2022,OSU,OH,AGL,CE,Federal Contract Tower,0,34,23,0,57,0,82,102,1,185,0,116,125,1,242,234,0,234,476
08/03/2022,OSU,OH,AGL,CE,Federal Contract Tower,0,24,18,0,42,0,40,86,2,128,0,64,104,2,170,70,0,70,240
08/04/2022,OSU,OH,AGL,CE,Federal Contract Tower,0,22,22,0,44,0,16,49,0,65,0,38,71,0,109,68,0,68,177
08/05/2022,OSU,OH,AGL,CE,Federal Contract Tower,0,19,15,0,34,0,2,35,0,37,0,21,50,0,71,27,0,27,98
08/06/2022,OSU,OH,AGL,CE,Federal Contract Tower,0,6,13,0,19,0,0,36,0,36,0,6,49,0,55,22,0,22,77
08/07/2022,OSU,OH,AGL,CE,Federal Contract Tower,0,8,18,0,26,0,0,52,0,52,0,8,70,0,78,36,0,36,114
08/08/2022,OSU,OH,AGL,CE,Federal Contract Tower,0,14,30,0,44,0,0,53,0,53,0,14,83,0,97,18,0,18,115
08/09/2022,OSU,OH,AGL,CE,Federal Contract Tower,0,13,21,0,34,0,0,35,0,35,0,13,56,0,69,144,0,144,213
08/10/2022,OSU,OH,AGL,CE,Federal Contract Tower,0,16,57,0,73,0,0,13,0,13,0,16,70,0,86,12,0,12,98
08/11/2022,OSU,OH,AGL,CE,Federal Contract Tower,0,19,18,0,37,0,24,132,0,156,0,43,150,0,193,106,4,110,303
08/12/2022,OSU,OH,AGL,CE,Federal Contract Tower,0,24,19,0,43,0,16,116,0,132,0,40,135,0,175,102,0,102,277
08/13/2022,OSU,OH,AGL,CE,Federal Contract Tower,0,4,17,0,21,0,60,89,0,149,0,64,106,0,170,212,0,212,382
08/14/2022,OSU,OH,AGL,CE,Federal Contract Tower,0,12,19,0,31,0,0,45,0,45,0,12,64,0,76,46,0,46,122
08/15/2022,OSU,OH,AGL,CE,Federal Contract Tower,0,13,23,0,36,0,13,89,0,102,0,26,112,0,138,4,0,4,142
08/16/2022,OSU,OH,AGL,CE,Federal Contract Tower,0,13,28,0,41,0,5,96,0,101,0,18,124,0,142,50,0,50,192
08/17/2022,OSU,OH,AGL,CE,Federal Contract Tower,0,20,28,0,48,0,22,116,0,138,0,42,144,0,186,76,0,76,262
08/18/2022,OSU,OH,AGL,CE,Federal Contract Tower,0,26,26,0,52,0,14,143,0,157,0,40,169,0,209,102,0,102,311
08/19/2022,OSU,OH,AGL,CE,Federal Contract Tower,0,18,25,0,43,0,9,115,0,124,0,27,140,0,167,106,0,106,273
08/20/2022,OSU,OH,AGL,CE,Federal Contract Tower,0,6,16,0,22,0,0,70,0,70,0,6,86,0,92,20,0,20,112
08/21/2022,OSU,OH,AGL,CE,Federal Contract Tower,0,18,22,0,40,0,0,1,0,1,0,18,23,0,41,0,0,0,41
08/22/2022,OSU,OH,AGL,CE,Federal Contract Tower,0,20,17,0,37,0,0,52,0,52,0,20,69,0,89,60,0,60,149
08/23/2022,OSU,OH,AGL,CE,Federal Contract Tower,0,20,24,0,44,0,6,110,0,116,0,26,134,0,160,144,0,144,304
08/24/2022,OSU,OH,AGL,CE,Federal Contract Tower,0,21,31,0,52,0,22,131,0,153,0,43,162,0,205,150,0,150,355
08/25/2022,OSU,OH,AGL,CE,Federal Contract Tower,0,14,32,0,46,0,50,112,0,162,0,64,144,0,208,110,0,110,318
08/26/2022,OSU,OH,AGL,CE,Federal Contract Tower,0,25,21,0,46,0,47,71,0,118,0,72,92,0,164,132,0,132,296
08/27/2022,OSU,OH,AGL,CE,Federal Contract Tower,0,14,13,0,27,0,52,110,0,162,0,66,123,0,189,72,0,72,261
08/28/2022,OSU,OH,AGL,CE,Federal Contract Tower,0,19,18,0,37,0,62,101,0,163,0,81,119,0,200,82,0,82,282
08/29/2022,OSU,OH,AGL,CE,Federal Contract Tower,0,14,8,0,22,0,0,39,0,39,0,14,47,0,61,34,0,34,95
08/30/2022,OSU,OH,AGL,CE,Federal Contract Tower,0,18,19,0,37,0,23,60,0,83,0,41,79,0,120,88,0,88,208
08/31/2022,OSU,OH,AGL,CE,Federal Contract Tower,0,24,13,0,37,0,120,130,0,250,0,144,143,0,287,134,0,134,421
09/01/2022,OSU,OH,AGL,CE,Federal Contract Tower,0,25,26,0,51,0,100,124,0,224,0,125,150,0,275,192,0,192,467
09/02/2022,OSU,OH,AGL,CE,Federal Contract Tower,0,31,26,0,57,0,83,100,0,183,0,114,126,0,240,132,0,132,372
09/03/2022,OSU,OH,AGL,CE,Federal Contract Tower,0,22,39,0,61,0,17,40,0,57,0,39,79,0,118,66,0,66,184
09/04/2022,OSU,OH,AGL,CE,Federal Contract Tower,0,21,26,0,47,0,0,8,0,8,0,21,34,0,55,0,0,0,55
09/05/2022,OSU,OH,AGL,CE,Federal Contract Tower,0,7,14,0,21,0,0,23,0,23,0,7,37,0,44,66,0,66,110
09/06/2022,OSU,OH,AGL,CE,Federal Contract Tower,0,28,21,0,49,0,40,60,0,100,0,68,81,0,149,216,0,216,365
09/07/2022,OSU,OH,AGL,CE,Federal Contract Tower,0,17,20,0,37,0,98,96,0,194,0,115,116,0,231,188,0,188,419
09/08/2022,OSU,OH,AGL,CE,Federal Contract Tower,0,31,19,0,50,0,98,85,0,183,0,129,104,0,233,276,0,276,509
09/09/2022,OSU,OH,AGL,CE,Federal Contract Tower,0,29,13,0,42,0,34,45,0,79,0,63,58,0,121,46,0,46,167
09/10/2022,OSU,OH,AGL,CE,Federal Contract Tower,0,11,12,0,23,0,54,111,0,165,0,65,123,0,188,78,0,78,266
09/11/2022,OSU,OH,AGL,CE,Federal Contract Tower,0,16,15,0,31,0,0,13,0,13,0,16,28,0,44,74,0,74,118
09/12/2022,OSU,OH,AGL,CE,Federal Contract Tower,0,24,24,0,48,0,28,56,0,84,0,52,80,0,132,122,0,122,254
09/13/2022,OSU,OH,AGL,CE,Federal Contract Tower,0,32,21,0,53,0,32,106,0,138,0,64,127,0,191,196,0,196,387
09/14/2022,OSU,OH,AGL,CE,Federal Contract Tower,0,28,29,0,57,0,35,90,0,125,0,63,119,0,182,296,0,296,478
09/16/2022,OSU,OH,AGL,CE,Federal Contract Tower,0,20,34,0,54,0,86,128,0,214,0,106,162,0,268,248,0,248,516
09/17/2022,OSU,OH,AGL,CE,Federal Contract Tower,0,13,18,0,31,0,36,105,0,141,0,49,123,0,172,86,0,86,258
09/18/2022,OSU,OH,AGL,CE,Federal Contract Tower,0,14,22,0,36,0,13,80,0,93,0,27,102,0,129,70,0,70,199
09/19/2022,OSU,OH,AGL,CE,Federal Contract Tower,0,15,22,0,37,0,61,76,0,137,0,76,98,0,174,257,0,257,431
09/20/2022,OSU,OH,AGL,CE,Federal Contract Tower,0,24,25,0,49,0,60,100,0,160,0,84,125,0,209,192,0,192,401
09/21/2022,OSU,OH,AGL,CE,Federal Contract Tower,0,20,19,1,40,0,32,73,0,105,0,52,92,1,145,40,0,40,185
09/22/2022,OSU,OH,AGL,CE,Federal Contract Tower,0,25,31,0,56,0,12,33,0,45,0,37,64,0,101,6,0,6,107
09/23/2022,OSU,OH,AGL,CE,Federal Contract Tower,0,33,14,0,47,0,112,125,0,237,0,145,139,0,284,170,0,170,454
09/24/2022,OSU,OH,AGL,CE,Federal Contract Tower,0,23,16,0,39,0,52,83,0,135,0,75,99,0,174,158,0,158,332
09/25/2022,OSU,OH,AGL,CE,Federal Contract Tower,0,22,22,0,44,0,0,28,0,28,0,22,50,0,72,0,0,0,72
09/26/2022,OSU,OH,AGL,CE,Federal Contract Tower,0,29,20,0,49,0,38,66,0,104,0,67,86,0,153,22,0,22,175
09/27/2022,OSU,OH,AGL,CE,Federal Contract Tower,0,27,23,0,50,0,52,84,0,136,0,79,107,0,186,100,0,100,286
09/28/2022,OSU,OH,AGL,CE,Federal Contract Tower,0,29,21,0,50,0,24,59,0,83,0,53,80,0,133,169,0,169,302
09/29/2022,OSU,OH,AGL,CE,Federal Contract Tower,0,34,38,0,72,0,67,97,0,164,0,101,135,0,236,176,0,176,412
09/30/2022,OSU,OH,AGL,CE,Federal Contract Tower,0,30,25,0,55,0,78,112,0,190,0,108,137,0,245,160,0,160,405
10/01/2022,OSU,OH,AGL,CE,Federal Contract Tower,0,19,21,0,40,0,14,35,0,49,0,33,56,0,89,8,0,8,97
10/02/2022,OSU,OH,AGL,CE,Federal Contract Tower,0,13,13,0,26,0,0,36,0,36,0,13,49,0,62,0,0,0,62
10/03/2022,OSU,OH,AGL,CE,Federal Contract Tower,0,16,17,0,33,0,61,80,0,141,0,77,97,0,174,210,0,210,384
10/04/2022,OSU,OH,AGL,CE,Federal Contract Tower,0,24,19,0,43,0,63,92,0,155,0,87,111,0,198,76,0,76,274
10/05/2022,OSU,OH,AGL,CE,Federal Contract Tower,0,15,36,0,51,0,76,112,0,188,0,91,148,0,239,196,0,196,435
10/06/2022,OSU,OH,AGL,CE,Federal Contract Tower,0,33,23,0,56,0,82,118,0,200,0,115,141,0,256,198,0,198,454
10/07/2022,OSU,OH,AGL,CE,Federal Contract Tower,0,36,22,0,58,0,17,51,0,68,0,53,73,0,126,36,0,36,162
10/08/2022,OSU,OH,AGL,CE,Federal Contract Tower,0,18,18,0,36,0,58,100,0,158,0,76,118,0,194,196,0,196,390
10/09/2022,OSU,OH,AGL,CE,Federal Contract Tower,0,19,18,0,37,0,12,117,0,129,0,31,135,0,166,20,0,20,186
10/10/2022,OSU,OH,AGL,CE,Federal Contract Tower,0,29,23,0,52,0,79,89,0,168,0,108,112,0,220,78,0,78,298
10/11/2022,OSU,OH,AGL,CE,Federal Contract Tower,0,20,32,0,52,0,66,105,0,171,0,86,137,0,223,150,0,150,373
10/12/2022,OSU,OH,AGL,CE,Federal Contract Tower,0,21,17,0,38,0,17,54,0,71,0,38,71,0,109,46,0,46,155
10/13/2022,OSU,OH,AGL,CE,Federal Contract Tower,0,27,16,0,43,0,8,79,0,87,0,35,95,0,130,12,0,12,142
10/14/2022,OSU,OH,AGL,CE,Federal Contract Tower,0,18,20,0,38,0,19,68,0,87,0,37,88,0,125,66,0,66,191
10/15/2022,OSU,OH,AGL,CE,Federal Contract Tower,0,10,17,0,27,0,5,92,0,97,0,15,109,0,124,6,0,6,130
10/16/2022,OSU,OH,AGL,CE,Federal Contract Tower,0,22,25,0,47,0,6,108,1,115,0,28,133,1,162,32,0,32,194
10/17/2022,OSU,OH,AGL,CE,Federal Contract Tower,0,17,22,0,39,0,17,37,0,54,0,34,59,0,93,10,0,10,103
10/18/2022,OSU,OH,AGL,CE,Federal Contract Tower,0,13,19,0,32,0,0,22,0,22,0,13,41,0,54,12,0,12,66
10/19/2022,OSU,OH,AGL,CE,Federal Contract Tower,0,25,13,0,38,0,7,16,0,23,0,32,29,0,61,38,0,38,99
10/20/2022,OSU,OH,AGL,CE,Federal Contract Tower,0,32,26,0,58,0,48,56,0,104,0,80,82,0,162,92,0,92,254
10/21/2022,OSU,OH,AGL,CE,Federal Contract Tower,0,26,31,0,57,0,43,101,6,150,0,69,132,6,207,26,0,26,233
10/22/2022,OSU,OH,AGL,CE,Federal Contract Tower,0,15,27,0,42,0,44,91,0,135,0,59,118,0,177,130,0,130,307
10/23/2022,OSU,OH,AGL,CE,Federal Contract Tower,0,28,21,0,49,0,14,143,0,157,0,42,164,0,206,132,0,132,338
10/24/2022,OSU,OH,AGL,CE,Federal Contract Tower,0,28,17,0,45,0,95,83,0,178,0,123,100,0,223,216,0,216,439
10/25/2022,OSU,OH,AGL,CE,Federal Contract Tower,0,14,21,0,35,0,54,95,0,149,0,68,116,0,184,156,0,156,340
10/26/2022,OSU,OH,AGL,CE,Federal Contract Tower,0,30,12,0,42,0,0,6,0,6,0,30,18,0,48,0,0,0,48
10/27/2022,OSU,OH,AGL,CE,Federal Contract Tower,0,19,25,0,44,0,96,108,0,204,0,115,133,0,248,258,0,258,506
10/28/2022,OSU,OH,AGL,CE,Federal Contract Tower,0,32,17,0,49,0,93,125,0,218,0,125,142,0,267,238,0,238,505
10/29/2022,OSU,OH,AGL,CE,Federal Contract Tower,0,11,11,0,22,0,61,127,0,188,0,72,138,0,210,236,0,236,446
10/30/2022,OSU,OH,AGL,CE,Federal Contract Tower,0,7,11,0,18,0,8,75,0,83,0,15,86,0,101,58,0,58,159
10/31/2022,OSU,OH,AGL,CE,Federal Contract Tower,0,12,10,0,22,0,4,15,0,19,0,16,25,0,41,28,0,28,69
11/01/2022,OSU,OH,AGL,CE,Federal Contract Tower,0,38,26,0,64,0,28,51,0,79,0,66,77,0,143,94,0,94,237
11/02/2022,OSU,OH,AGL,CE,Federal Contract Tower,0,24,28,0,52,0,60,66,0,126,0,84,94,0,178,178,0,178,356
11/03/2022,OSU,OH,AGL,CE,Federal Contract Tower,0,12,22,0,34,0,49,96,0,145,0,61,118,0,179,98,0,98,277
11/04/2022,OSU,OH,AGL,CE,Federal Contract Tower,0,9,30,0,39,0,72,114,0,186,0,81,144,0,225,72,0,72,297
11/05/2022,OSU,OH,AGL,CE,Federal Contract Tower,0,7,5,0,12,0,0,7,0,7,0,7,12,0,19,0,0,0,19
11/06/2022,OSU,OH,AGL,CE,Federal Contract Tower,0,11,11,0,22,0,4,100,0,104,0,15,111,0,126,24,0,24,150
11/07/2022,OSU,OH,AGL,CE,Federal Contract Tower,0,18,22,0,40,0,88,85,0,173,0,106,107,0,213,94,0,94,307
11/08/2022,OSU,OH,AGL,CE,Federal Contract Tower,0,19,16,0,35,0,88,84,0,172,0,107,100,0,207,178,4,182,389
11/09/2022,OSU,OH,AGL,CE,Federal Contract Tower,0,18,26,0,44,0,99,104,0,203,0,117,130,0,247,154,0,154,401
11/10/2022,OSU,OH,AGL,CE,Federal Contract Tower,0,14,41,0,55,0,49,106,0,155,0,63,147,0,210,142,0,142,352
11/11/2022,OSU,OH,AGL,CE,Federal Contract Tower,0,21,16,0,37,0,0,4,0,4,0,21,20,0,41,0,0,0,41
11/12/2022,OSU,OH,AGL,CE,Federal Contract Tower,0,13,5,0,18,0,2,11,0,13,0,15,16,0,31,30,0,30,61
11/13/2022,OSU,OH,AGL,CE,Federal Contract Tower,0,23,13,0,36,0,1,51,0,52,0,24,64,0,88,64,0,64,152
11/14/2022,OSU,OH,AGL,CE,Federal Contract Tower,0,18,21,0,39,0,95,134,0,229,0,113,155,0,268,146,0,146,414
11/15/2022,OSU,OH,AGL,CE,Federal Contract Tower,0,21,14,0,35,0,4,8,29,41,0,25,22,29,76,12,0,12,88
11/16/2022,OSU,OH,AGL,CE,Federal Contract Tower,0,12,7,0,19,0,2,18,0,20,0,14,25,0,39,28,0,28,67
11/17/2022,OSU,OH,AGL,CE,Federal Contract Tower,0,17,16,0,33,0,0,39,2,41,0,17,55,2,74,94,0,94,168
11/18/2022,OSU,OH,AGL,CE,Federal Contract Tower,0,21,9,0,30,0,13,0,0,13,0,34,9,0,43,0,0,0,43
11/19/2022,OSU,OH,AGL,CE,Federal Contract Tower,0,12,8,0,20,0,24,37,0,61,0,36,45,0,81,16,0,16,97
11/20/2022,OSU,OH,AGL,CE,Federal Contract Tower,0,13,12,0,25,0,33,78,0,111,0,46,90,0,136,100,0,100,236
11/21/2022,OSU,OH,AGL,CE,Federal Contract Tower,0,27,8,0,35,0,19,62,0,81,0,46,70,0,116,2,0,2,118
11/22/2022,OSU,OH,AGL,CE,Federal Contract Tower,0,29,12,0,41,0,93,138,0,231,0,122,150,0,272,126,0,126,398
11/23/2022,OSU,OH,AGL,CE,Federal Contract Tower,0,22,28,0,50,0,35,129,0,164,0,57,157,0,214,42,0,42,256
11/24/2022,OSU,OH,AGL,CE,Federal Contract Tower,0,7,1,0,8,0,0,66,0,66,0,7,67,0,74,22,0,22,96
11/25/2022,OSU,OH,AGL,CE,Federal Contract Tower,0,25,18,0,43,0,0,57,0,57,0,25,75,0,100,6,0,6,106
11/26/2022,OSU,OH,AGL,CE,Federal Contract Tower,0,47,41,0,88,0,0,53,0,53,0,47,94,0,141,28,0,28,169
11/27/2022,OSU,OH,AGL,CE,Federal Contract Tower,0,12,17,0,29,0,0,0,0,0,0,12,17,0,29,0,0,0,29
11/28/2022,OSU,OH,AGL,CE,Federal Contract Tower,0,16,16,0,32,0,0,18,0,18,0,16,34,0,50,4,0,4,54
11/29/2022,OSU,OH,AGL,CE,Federal Contract Tower,0,15,30,0,45,0,12,57,0,69,0,27,87,0,114,138,4,142,256
11/30/2022,OSU,OH,AGL,CE,Federal Contract Tower,0,18,17,0,35,0,0,19,0,19,0,18,36,0,54,0,0,0,54
12/01/2022,OSU,OH,AGL,CE,Federal Contract Tower,0,30,18,0,48,0,103,103,0,206,0,133,121,0,254,232,0,232,486
12/02/2022,OSU,OH,AGL,CE,Federal Contract Tower,0,17,11,0,28,0,57,60,0,117,0,74,71,0,145,102,0,102,247
12/03/2022,OSU,OH,AGL,CE,Federal Contract Tower,0,8,3,0,11,0,11,21,0,32,0,19,24,0,43,14,0,14,57
12/04/2022,OSU,OH,AGL,CE,Federal Contract Tower,0,12,6,0,18,0,51,112,0,163,0,63,118,0,181,190,0,190,371
12/05/2022,OSU,OH,AGL,CE,Federal Contract Tower,0,18,12,0,30,0,90,108,0,198,0,108,120,0,228,88,0,88,316
12/06/2022,OSU,OH,AGL,CE,Federal Contract Tower,0,13,8,0,21,0,0,0,0,0,0,13,8,0,21,0,0,0,21
12/07/2022,OSU,OH,AGL,CE,Federal Contract Tower,0,14,17,0,31,0,0,0,0,0,0,14,17,0,31,0,0,0,31
12/08/2022,OSU,OH,AGL,CE,Federal Contract Tower,0,20,16,0,36,0,14,31,0,45,0,34,47,0,81,168,0,168,249
12/09/2022,OSU,OH,AGL,CE,Federal Contract Tower,0,21,14,0,35,0,38,79,0,117,0,59,93,0,152,108,0,108,260
12/10/2022,OSU,OH,AGL,CE,Federal Contract Tower,0,6,12,0,18,0,0,6,0,6,0,6,18,0,24,18,0,18,42
12/11/2022,OSU,OH,AGL,CE,Federal Contract Tower,0,9,13,0,22,0,0,6,0,6,0,9,19,0,28,0,0,0,28
12/12/2022,OSU,OH,AGL,CE,Federal Contract Tower,0,10,30,0,40,0,30,59,0,89,0,40,89,0,129,174,0,174,303
12/13/2022,OSU,OH,AGL,CE,Federal Contract Tower,0,26,20,0,46,0,38,105,0,143,0,64,125,0,189,210,0,210,399
12/14/2022,OSU,OH,AGL,CE,Federal Contract Tower,0,11,18,0,29,0,8,22,0,30,0,19,40,0,59,18,0,18,77
12/15/2022,OSU,OH,AGL,CE,Federal Contract Tower,0,15,26,0,41,0,0,25,0,25,0,15,51,0,66,16,0,16,82
12/16/2022,OSU,OH,AGL,CE,Federal Contract Tower,0,16,19,0,35,0,11,42,0,53,0,27,61,0,88,12,0,12,100
12/17/2022,OSU,OH,AGL,CE,Federal Contract Tower,0,9,9,0,18,0,0,37,0,37,0,9,46,0,55,48,0,48,103
12/18/2022,OSU,OH,AGL,CE,Federal Contract Tower,0,6,12,0,18,0,0,39,0,39,0,6,51,0,57,46,0,46,103
12/19/2022,OSU,OH,AGL,CE,Federal Contract Tower,0,13,23,0,36,0,31,92,0,123,0,44,115,0,159,162,0,162,321
12/20/2022,OSU,OH,AGL,CE,Federal Contract Tower,0,16,22,0,38,0,43,93,1,137,0,59,115,1,175,92,12,104,279
12/21/2022,OSU,OH,AGL,CE,Federal Contract Tower,0,25,9,0,34,0,26,89,0,115,0,51,98,0,149,40,0,40,189
12/22/2022,OSU,OH,AGL,CE,Federal Contract Tower,0,19,5,0,24,0,2,6,0,8,0,21,11,0,32,18,0,18,50
12/23/2022,OSU,OH,AGL,CE,Federal Contract Tower,0,3,1,0,4,0,0,0,0,0,0,3,1,0,4,0,0,0,4
12/24/2022,OSU,OH,AGL,CE,Federal Contract Tower,0,2,2,0,4,0,0,4,0,4,0,2,6,0,8,0,0,0,8
12/25/2022,OSU,OH,AGL,CE,Federal Contract Tower,0,2,2,0,4,0,0,18,0,18,0,2,20,0,22,0,0,0,22
12/26/2022,OSU,OH,AGL,CE,Federal Contract Tower,0,7,7,0,14,0,0,11,0,11,0,7,18,0,25,10,0,10,35
12/27/2022,OSU,OH,AGL,CE,Federal Contract Tower,0,15,6,0,21,0,0,1,0,1,0,15,7,0,22,0,0,0,22
12/28/2022,OSU,OH,AGL,CE,Federal Contract Tower,0,19,11,2,32,0,0,61,2,63,0,19,72,4,95,4,0,4,99
12/29/2022,OSU,OH,AGL,CE,Federal Contract Tower,0,20,2,0,22,0,0,59,0,59,0,20,61,0,81,57,0,57,138
12/31/2022,OSU,OH,AGL,CE,Federal Contract Tower,0,11,7,0,18,0,0,0,0,0,0,11,7,0,18,0,0,0,18
01/01/2023,OSU,OH,AGL,CE,Federal Contract Tower,0,19,8,0,27,0,0,5,0,5,0,19,13,0,32,0,0,0,32
01/02/2023,OSU,OH,AGL,CE,Federal Contract Tower,0,9,19,0,28,0,0,16,0,16,0,9,35,0,44,22,0,22,66
01/03/2023,OSU,OH,AGL,CE,Federal Contract Tower,0,13,6,0,19,0,0,4,0,4,0,13,10,0,23,8,0,8,31
01/04/2023,OSU,OH,AGL,CE,Federal Contract Tower,0,13,9,0,22,0,3,35,0,38,0,16,44,0,60,28,0,28,88
01/05/2023,OSU,OH,AGL,CE,Federal Contract Tower,0,13,14,0,27,0,10,74,0,84,0,23,88,0,111,26,0,26,137
01/06/2023,OSU,OH,AGL,CE,Federal Contract Tower,0,10,10,0,20,0,0,24,0,24,0,10,34,0,44,72,0,72,116
01/07/2023,OSU,OH,AGL,CE,Federal Contract Tower,0,10,11,0,21,0,0,73,0,73,0,10,84,0,94,10,0,10,104
01/08/2023,OSU,OH,AGL,CE,Federal Contract Tower,0,0,9,0,9,0,0,61,0,61,0,0,70,0,70,22,0,22,92
01/09/2023,OSU,OH,AGL,CE,Federal Contract Tower,0,10,24,0,34,0,14,33,0,47,0,24,57,0,81,22,0,22,103
01/10/2023,OSU,OH,AGL,CE,Federal Contract Tower,0,17,19,0,36,0,54,85,0,139,0,71,104,0,175,136,0,136,311
01/11/2023,OSU,OH,AGL,CE,Federal Contract Tower,0,16,17,0,33,0,73,69,0,142,0,89,86,0,175,290,0,290,465
01/12/2023,OSU,OH,AGL,CE,Federal Contract Tower,0,11,10,0,21,0,0,0,0,0,0,11,10,0,21,0,0,0,21
01/13/2023,OSU,OH,AGL,CE,Federal Contract Tower,0,16,17,0,33,0,0,10,0,10,0,16,27,0,43,8,0,8,51
01/14/2023,OSU,OH,AGL,CE,Federal Contract Tower,0,15,2,0,17,0,54,95,0,149,0,69,97,0,166,260,0,260,426
01/15/2023,OSU,OH,AGL,CE,Federal Contract Tower,0,12,6,0,18,0,67,79,0,146,0,79,85,0,164,68,0,68,232
01/16/2023,OSU,OH,AGL,CE,Federal Contract Tower,0,16,11,0,27,0,3,54,0,57,0,19,65,0,84,18,0,18,102
01/17/2023,OSU,OH,AGL,CE,Federal Contract Tower,0,16,21,0,37,0,9,23,0,32,0,25,44,0,69,16,0,16,85
01/18/2023,OSU,OH,AGL,CE,Federal Contract Tower,0,8,16,0,24,0,40,24,0,64,0,48,40,0,88,78,0,78,166
01/19/2023,OSU,OH,AGL,CE,Federal Contract Tower,0,13,13,0,26,0,1,11,0,12,0,14,24,0,38,0,0,0,38
01/20/2023,OSU,OH,AGL,CE,Federal Contract Tower,0,9,5,0,14,0,0,14,0,14,0,9,19,0,28,38,0,38,66
01/21/2023,OSU,OH,AGL,CE,Federal Contract Tower,0,10,2,0,12,0,38,27,0,65,0,48,29,0,77,174,0,174,251
01/22/2023,OSU,OH,AGL,CE,Federal Contract Tower,0,0,0,0,0,0,0,0,0,0,0,0,0,0,0,0,0,0,0
01/23/2023,OSU,OH,AGL,CE,Federal Contract Tower,0,3,11,0,14,0,5,2,0,7,0,8,13,0,21,84,0,84,105
01/24/2023,OSU,OH,AGL,CE,Federal Contract Tower,0,19,23,0,42,0,39,62,0,101,0,58,85,0,143,440,0,440,583
01/25/2023,OSU,OH,AGL,CE,Federal Contract Tower,0,12,8,0,20,0,0,0,0,0,0,12,8,0,20,0,0,0,20
01/26/2023,OSU,OH,AGL,CE,Federal Contract Tower,0,10,20,0,30,0,0,2,0,2,0,10,22,0,32,0,0,0,32
01/27/2023,OSU,OH,AGL,CE,Federal Contract Tower,0,7,10,0,17,0,58,60,0,118,0,65,70,0,135,34,0,34,169
01/28/2023,OSU,OH,AGL,CE,Federal Contract Tower,0,12,15,0,27,0,105,131,10,246,0,117,146,10,273,136,0,136,409
01/29/2023,OSU,OH,AGL,CE,Federal Contract Tower,0,8,7,0,15,0,0,0,0,0,0,8,7,0,15,0,0,0,15
01/30/2023,OSU,OH,AGL,CE,Federal Contract Tower,0,6,7,0,13,0,0,0,0,0,0,6,7,0,13,0,0,0,13
01/31/2023,OSU,OH,AGL,CE,Federal Contract Tower,0,20,16,0,36,0,108,79,0,187,0,128,95,0,223,116,0,116,339
02/01/2023,OSU,OH,AGL,CE,Federal Contract Tower,0,26,21,0,47,0,157,115,0,272,0,183,136,0,319,240,0,240,559
02/02/2023,OSU,OH,AGL,CE,Federal Contract Tower,0,22,14,0,36,0,94,120,0,214,0,116,134,0,250,100,0,100,350
02/03/2023,OSU,OH,AGL,CE,Federal Contract Tower,0,20,11,0,31,0,45,58,0,103,0,65,69,0,134,26,0,26,160
02/04/2023,OSU,OH,AGL,CE,Federal Contract Tower,0,10,5,0,15,0,48,66,0,114,0,58,71,0,129,88,0,88,217
02/05/2023,OSU,OH,AGL,CE,Federal Contract Tower,0,10,11,0,21,0,0,17,0,17,0,10,28,0,38,0,0,0,38
02/06/2023,OSU,OH,AGL,CE,Federal Contract Tower,0,18,11,0,29,0,76,78,0,154,0,94,89,0,183,320,0,320,503
02/07/2023,OSU,OH,AGL,CE,Federal Contract Tower,0,13,19,0,32,0,1,33,0,34,0,14,52,0,66,8,0,8,74
02/08/2023,OSU,OH,AGL,CE,Federal Contract Tower,0,25,11,0,36,0,97,100,0,197,0,122,111,0,233,206,0,206,439
02/09/2023,OSU,OH,AGL,CE,Federal Contract Tower,0,9,10,0,19,0,0,6,0,6,0,9,16,0,25,0,0,0,25
02/10/2023,OSU,OH,AGL,CE,Federal Contract Tower,0,15,18,0,33,0,13,17,0,30,0,28,35,0,63,18,0,18,81
02/11/2023,OSU,OH,AGL,CE,Federal Contract Tower,0,21,9,0,30,0,111,143,0,254,0,132,152,0,284,238,0,238,522
02/12/2023,OSU,OH,AGL,CE,Federal Contract Tower,0,21,12,0,33,0,48,101,0,149,0,69,113,0,182,78,0,78,260
02/13/2023,OSU,OH,AGL,CE,Federal Contract Tower,0,16,18,0,34,0,75,72,0,147,0,91,90,0,181,126,0,126,307
02/14/2023,OSU,OH,AGL,CE,Federal Contract Tower,0,16,14,0,30,0,66,84,0,150,0,82,98,0,180,74,0,74,254
02/15/2023,OSU,OH,AGL,CE,Federal Contract Tower,0,21,12,0,33,0,18,28,0,46,0,39,40,0,79,8,0,8,87
02/16/2023,OSU,OH,AGL,CE,Federal Contract Tower,0,13,9,0,22,0,0,2,0,2,0,13,11,0,24,0,0,0,24
02/17/2023,OSU,OH,AGL,CE,Federal Contract Tower,0,13,13,0,26,0,8,14,0,22,0,21,27,0,48,4,0,4,52
02/18/2023,OSU,OH,AGL,CE,Federal Contract Tower,0,8,9,0,17,0,64,99,0,163,0,72,108,0,180,146,0,146,326
02/19/2023,OSU,OH,AGL,CE,Federal Contract Tower,0,5,11,0,16,0,1,25,0,26,0,6,36,0,42,2,0,2,44
02/20/2023,OSU,OH,AGL,CE,Federal Contract Tower,0,11,16,0,27,0,112,89,0,201,0,123,105,0,228,210,0,210,438
02/21/2023,OSU,OH,AGL,CE,Federal Contract Tower,0,15,21,0,36,0,25,36,0,61,0,40,57,0,97,66,0,66,163
02/22/2023,OSU,OH,AGL,CE,Federal Contract Tower,0,11,12,0,23,0,0,12,0,12,0,11,24,0,35,22,0,22,57
02/23/2023,OSU,OH,AGL,CE,Federal Contract Tower,0,18,18,0,36,0,14,54,0,68,0,32,72,0,104,32,0,32,136
02/24/2023,OSU,OH,AGL,CE,Federal Contract Tower,0,21,22,0,43,0,119,104,0,223,0,140,126,0,266,98,0,98,364
02/25/2023,OSU,OH,AGL,CE,Federal Contract Tower,0,16,9,0,25,0,91,115,0,206,0,107,124,0,231,211,0,211,442
02/26/2023,OSU,OH,AGL,CE,Federal Contract Tower,0,16,20,0,36,0,52,100,0,152,0,68,120,0,188,64,0,64,252
02/27/2023,OSU,OH,AGL,CE,Federal Contract Tower,0,7,11,0,18,0,1,0,0,1,0,8,11,0,19,0,0,0,19
02/28/2023,OSU,OH,AGL,CE,Federal Contract Tower,0,19,22,0,41,0,33,66,0,99,0,52,88,0,140,106,0,106,246
03/01/2023,OSU,OH,AGL,CE,Federal Contract Tower,0,18,16,0,34,0,47,90,0,137,0,65,106,0,171,58,0,58,229
03/02/2023,OSU,OH,AGL,CE,Federal Contract Tower,0,24,20,0,44,0,107,108,0,215,0,131,128,0,259,180,0,180,439
03/03/2023,OSU,OH,AGL,CE,Federal Contract Tower,0,11,6,0,17,0,0,0,0,0,0,11,6,0,17,0,0,0,17
03/04/2023,OSU,OH,AGL,CE,Federal Contract Tower,0,14,7,0,21,0,69,94,0,163,0,83,101,0,184,198,0,198,382
03/05/2023,OSU,OH,AGL,CE,Federal Contract Tower,0,5,9,0,14,0,59,127,0,186,0,64,136,0,200,158,0,158,358
03/06/2023,OSU,OH,AGL,CE,Federal Contract Tower,0,26,9,0,35,0,67,77,0,144,0,93,86,0,179,62,0,62,241
03/07/2023,OSU,OH,AGL,CE,Federal Contract Tower,0,17,15,0,32,0,13,40,0,53,0,30,55,0,85,2,0,2,87
03/08/2023,OSU,OH,AGL,CE,Federal Contract Tower,0,25,13,0,38,0,103,87,1,191,0,128,100,1,229,108,0,108,337
03/09/2023,OSU,OH,AGL,CE,Federal Contract Tower,0,23,14,0,37,0,113,106,1,220,0,136,120,1,257,316,0,316,573
03/10/2023,OSU,OH,AGL,CE,Federal Contract Tower,0,19,9,0,28,0,0,0,0,0,0,19,9,0,28,0,0,0,28
03/11/2023,OSU,OH,AGL,CE,Federal Contract Tower,0,14,6,0,20,0,8,75,0,83,0,22,81,0,103,30,0,30,133
03/12/2023,OSU,OH,AGL,CE,Federal Contract Tower,0,10,4,0,14,0,0,17,0,17,0,10,21,0,31,22,0,22,53
03/13/2023,OSU,OH,AGL,CE,Federal Contract Tower,0,17,13,0,30,0,0,0,0,0,0,17,13,0,30,0,0,0,30
03/14/2023,OSU,OH,AGL,CE,Federal Contract Tower,0,15,12,0,27,0,0,22,0,22,0,15,34,0,49,2,0,2,51
03/15/2023,OSU,OH,AGL,CE,Federal Contract Tower,0,28,34,0,62,0,58,99,0,157,0,86,133,0,219,222,0,222,441
03/16/2023,OSU,OH,AGL,CE,Federal Contract Tower,0,13,16,0,29,0,23,73,0,96,0,36,89,0,125,44,0,44,169
03/17/2023,OSU,OH,AGL,CE,Federal Contract Tower,0,14,11,0,25,0,0,3,0,3,0,14,14,0,28,0,0,0,28
03/18/2023,OSU,OH,AGL,CE,Federal Contract Tower,0,14,7,0,21,0,0,7,0,7,0,14,14,0,28,10,0,10,38
03/19/2023,OSU,OH,AGL,CE,Federal Contract Tower,0,7,13,0,20,0,5,77,0,82,0,12,90,0,102,38,0,38,140
03/20/2023,OSU,OH,AGL,CE,Federal Contract Tower,0,23,15,0,38,0,73,89,0,162,0,96,104,0,200,78,0,78,278
03/21/2023,OSU,OH,AGL,CE,Federal Contract Tower,0,20,22,0,42,0,78,88,0,166,0,98,110,0,208,192,0,192,400
03/22/2023,OSU,OH,AGL,CE,Federal Contract Tower,0,19,25,0,44,0,5,13,0,18,0,24,38,0,62,24,0,24,86
03/23/2023,OSU,OH,AGL,CE,Federal Contract Tower,0,17,19,0,36,0,0,3,0,3,0,17,22,0,39,0,0,0,39
03/24/2023,OSU,OH,AGL,CE,Federal Contract Tower,0,20,23,0,43,0,3,3,0,6,0,23,26,0,49,76,0,76,125
03/25/2023,OSU,OH,AGL,CE,Federal Contract Tower,0,8,1,0,9,0,0,0,0,0,0,8,1,0,9,0,0,0,9
03/26/2023,OSU,OH,AGL,CE,Federal Contract Tower,0,22,24,0,46,0,75,153,0,228,0,97,177,0,274,164,0,164,438
03/27/2023,OSU,OH,AGL,CE,Federal Contract Tower,0,14,22,0,36,0,26,49,0,75,0,40,71,0,111,166,0,166,277
03/28/2023,OSU,OH,AGL,CE,Federal Contract Tower,0,18,19,0,37,0,94,100,0,194,0,112,119,0,231,338,0,338,569
03/29/2023,OSU,OH,AGL,CE,Federal Contract Tower,0,15,19,0,34,0,54,59,0,113,0,69,78,0,147,118,0,118,265
03/30/2023,OSU,OH,AGL,CE,Federal Contract Tower,0,22,18,0,40,0,131,120,0,251,0,153,138,0,291,220,0,220,511
03/31/2023,OSU,OH,AGL,CE,Federal Contract Tower,0,11,7,0,18,0,0,4,0,4,0,11,11,0,22,14,0,14,36
04/01/2023,OSU,OH,AGL,CE,Federal Contract Tower,0,10,6,0,16,0,0,1,0,1,0,10,7,0,17,0,0,0,17
04/02/2023,OSU,OH,AGL,CE,Federal Contract Tower,0,10,12,0,22,0,46,73,0,119,0,56,85,0,141,176,0,176,317
04/03/2023,OSU,OH,AGL,CE,Federal Contract Tower,0,13,12,0,25,0,107,91,0,198,0,120,103,0,223,226,0,226,449
04/04/2023,OSU,OH,AGL,CE,Federal Contract Tower,0,26,21,0,47,0,9,24,0,33,0,35,45,0,80,246,0,246,326
04/05/2023,OSU,OH,AGL,CE,Federal Contract Tower,0,18,11,0,29,0,0,9,0,9,0,18,20,0,38,0,0,0,38
04/06/2023,OSU,OH,AGL,CE,Federal Contract Tower,0,26,17,0,43,0,102,96,0,198,0,128,113,0,241,214,0,214,455
04/07/2023,OSU,OH,AGL,CE,Federal Contract Tower,0,39,24,0,63,0,96,115,0,211,0,135,139,0,274,228,0,228,502
04/08/2023,OSU,OH,AGL,CE,Federal Contract Tower,0,23,11,0,34,0,55,105,0,160,0,78,116,0,194,242,0,242,436
04/09/2023,OSU,OH,AGL,CE,Federal Contract Tower,0,17,7,0,24,0,30,92,0,122,0,47,99,0,146,60,0,60,206
04/10/2023,OSU,OH,AGL,CE,Federal Contract Tower,0,24,19,0,43,0,92,107,4,203,0,116,126,4,246,334,0,334,580
04/11/2023,OSU,OH,AGL,CE,Federal Contract Tower,0,23,26,0,49,0,90,119,0,209,0,113,145,0,258,276,0,276,534
04/12/2023,OSU,OH,AGL,CE,Federal Contract Tower,0,26,21,0,47,0,100,110,0,210,0,126,131,0,257,274,0,274,531
04/13/2023,OSU,OH,AGL,CE,Federal Contract Tower,0,23,26,0,49,0,75,129,0,204,0,98,155,0,253,248,0,248,501
04/14/2023,OSU,OH,AGL,CE,Federal Contract Tower,0,28,17,0,45,0,100,96,0,196,0,128,113,0,241,210,0,210,451
04/15/2023,OSU,OH,AGL,CE,Federal Contract Tower,0,11,17,0,28,0,31,89,0,120,0,42,106,0,148,134,0,134,282
04/16/2023,OSU,OH,AGL,CE,Federal Contract Tower,0,13,6,4,23,0,0,9,1,10,0,13,15,5,33,0,2,2,35
04/17/2023,OSU,OH,AGL,CE,Federal Contract Tower,0,13,9,0,22,0,0,9,0,9,0,13,18,0,31,0,0,0,31
04/18/2023,OSU,OH,AGL,CE,Federal Contract Tower,0,16,15,0,31,0,29,75,0,104,0,45,90,0,135,72,0,72,207
04/19/2023,OSU,OH,AGL,CE,Federal Contract Tower,0,35,21,0,56,0,118,106,0,224,0,153,127,0,280,264,0,264,544
04/20/2023,OSU,OH,AGL,CE,Federal Contract Tower,0,17,21,0,38,0,11,72,0,83,0,28,93,0,121,68,0,68,189
04/21/2023,OSU,OH,AGL,CE,Federal Contract Tower,0,12,13,0,25,0,22,52,3,77,0,34,65,3,102,264,0,264,366
04/22/2023,OSU,OH,AGL,CE,Federal Contract Tower,0,18,8,0,26,0,8,43,0,51,0,26,51,0,77,44,0,44,121
04/23/2023,OSU,OH,AGL,CE,Federal Contract Tower,0,17,10,0,27,0,5,53,0,58,0,22,63,0,85,136,0,136,221
04/24/2023,OSU,OH,AGL,CE,Federal Contract Tower,0,26,19,0,45,0,60,88,0,148,0,86,107,0,193,316,0,316,509
04/25/2023,OSU,OH,AGL,CE,Federal Contract Tower,0,24,23,0,47,0,83,90,4,177,0,107,113,4,224,160,0,160,384
04/26/2023,OSU,OH,AGL,CE,Federal Contract Tower,0,26,18,0,44,0,54,104,8,166,0,80,122,8,210,138,0,138,348
04/27/2023,OSU,OH,AGL,CE,Federal Contract Tower,0,28,19,0,47,0,99,116,0,215,0,127,135,0,262,402,0,402,664
04/28/2023,OSU,OH,AGL,CE,Federal Contract Tower,0,21,29,0,50,0,0,7,0,7,0,21,36,0,57,10,0,10,67
04/29/2023,OSU,OH,AGL,CE,Federal Contract Tower,0,17,22,0,39,0,7,37,0,44,0,24,59,0,83,10,0,10,93
04/30/2023,OSU,OH,AGL,CE,Federal Contract Tower,0,12,13,0,25,0,0,24,0,24,0,12,37,0,49,8,0,8,57
05/01/2023,OSU,OH,AGL,CE,Federal Contract Tower,0,9,10,0,19,0,4,5,0,9,0,13,15,0,28,0,0,0,28
05/02/2023,OSU,OH,AGL,CE,Federal Contract Tower,0,19,8,0,27,0,0,8,0,8,0,19,16,0,35,4,0,4,39
05/03/2023,OSU,OH,AGL,CE,Federal Contract Tower,0,23,20,0,43,0,0,25,0,25,0,23,45,0,68,0,0,0,68
05/04/2023,OSU,OH,AGL,CE,Federal Contract Tower,0,17,27,0,44,0,64,123,0,187,0,81,150,0,231,200,0,200,431
05/05/2023,OSU,OH,AGL,CE,Federal Contract Tower,0,24,17,0,41,0,53,122,0,175,0,77,139,0,216,122,0,122,338
05/06/2023,OSU,OH,AGL,CE,Federal Contract Tower,0,19,8,0,27,0,23,114,0,137,0,42,122,0,164,80,0,80,244
05/07/2023,OSU,OH,AGL,CE,Federal Contract Tower,0,19,16,0,35,0,0,36,0,36,0,19,52,0,71,80,0,80,151
05/08/2023,OSU,OH,AGL,CE,Federal Contract Tower,0,14,14,0,28,0,2,73,0,75,0,16,87,0,103,106,0,106,209
05/09/2023,OSU,OH,AGL,CE,Federal Contract Tower,0,20,23,0,43,0,27,83,0,110,0,47,106,0,153,76,0,76,229
05/10/2023,OSU,OH,AGL,CE,Federal Contract Tower,0,16,32,0,48,0,84,127,2,213,0,100,159,2,261,266,0,266,527
05/11/2023,OSU,OH,AGL,CE,Federal Contract Tower,0,31,19,0,50,0,61,121,0,182,0,92,140,0,232,232,2,234,466
05/12/2023,OSU,OH,AGL,CE,Federal Contract Tower,0,12,8,0,20,0,41,67,0,108,0,53,75,0,128,228,0,228,356
05/13/2023,OSU,OH,AGL,CE,Federal Contract Tower,0,12,9,0,21,0,2,27,0,29,0,14,36,0,50,34,0,34,84
05/14/2023,OSU,OH,AGL,CE,Federal Contract Tower,0,6,10,0,16,0,8,79,0,87,0,14,89,0,103,20,0,20,123
05/15/2023,OSU,OH,AGL,CE,Federal Contract Tower,0,20,17,0,37,0,106,99,0,205,0,126,116,0,242,304,0,304,546
05/16/2023,OSU,OH,AGL,CE,Federal Contract Tower,0,31,19,0,50,0,67,78,0,145,0,98,97,0,195,194,0,194,389
05/17/2023,OSU,OH,AGL,CE,Federal Contract Tower,0,27,14,0,41,0,82,106,0,188,0,109,120,0,229,38,0,38,267
05/18/2023,OSU,OH,AGL,CE,Federal Contract Tower,0,24,35,0,59,0,102,124,2,228,0,126,159,2,287,250,0,250,537
05/19/2023,OSU,OH,AGL,CE,Federal Contract Tower,0,22,25,0,47,0,53,82,0,135,0,75,107,0,182,48,0,48,230
05/20/2023,OSU,OH,AGL,CE,Federal Contract Tower,0,11,18,0,29,0,2,46,0,48,0,13,64,0,77,16,0,16,93
05/21/2023,OSU,OH,AGL,CE,Federal Contract Tower,0,27,17,0,44,0,17,114,0,131,0,44,131,0,175,46,0,46,221
05/22/2023,OSU,OH,AGL,CE,Federal Contract Tower,0,26,18,0,44,0,106,107,0,213,0,132,125,0,257,232,0,232,489
05/23/2023,OSU,OH,AGL,CE,Federal Contract Tower,0,25,21,0,46,0,71,123,2,196,0,96,144,2,242,82,0,82,324
05/24/2023,OSU,OH,AGL,CE,Federal Contract Tower,0,25,19,0,44,0,66,82,0,148,0,91,101,0,192,122,0,122,314
05/25/2023,OSU,OH,AGL,CE,Federal Contract Tower,0,16,20,0,36,0,35,71,2,108,0,51,91,2,144,76,0,76,220
05/26/2023,OSU,OH,AGL,CE,Federal Contract Tower,0,28,15,0,43,0,74,94,0,168,0,102,109,0,211,126,0,126,337
05/27/2023,OSU,OH,AGL,CE,Federal Contract Tower,0,13,9,0,22,0,32,77,0,109,0,45,86,0,131,68,0,68,199
05/28/2023,OSU,OH,AGL,CE,Federal Contract Tower,0,20,7,0,27,0,9,88,0,97,0,29,95,0,124,30,0,30,154
05/29/2023,OSU,OH,AGL,CE,Federal Contract Tower,0,27,13,0,40,0,0,87,0,87,0,27,100,0,127,30,0,30,157
05/30/2023,OSU,OH,AGL,CE,Federal Contract Tower,0,49,34,0,83,0,75,113,0,188,0,124,147,0,271,226,0,226,497
05/31/2023,OSU,OH,AGL,CE,Federal Contract Tower,0,60,38,0,98,0,94,98,0,192,0,154,136,0,290,152,0,152,442
06/01/2023,OSU,OH,AGL,CE,Federal Contract Tower,0,34,25,0,59,0,72,95,0,167,0,106,120,0,226,124,0,124,350
06/02/2023,OSU,OH,AGL,CE,Federal Contract Tower,0,30,25,0,55,0,47,96,0,143,0,77,121,0,198,142,0,142,340
06/03/2023,OSU,OH,AGL,CE,Federal Contract Tower,0,34,16,0,50,0,28,84,0,112,0,62,100,0,162,50,2,52,214
06/04/2023,OSU,OH,AGL,CE,Federal Contract Tower,0,48,19,0,67,0,16,81,0,97,0,64,100,0,164,0,0,0,164
06/05/2023,OSU,OH,AGL,CE,Federal Contract Tower,0,33,15,0,48,0,78,90,0,168,0,111,105,0,216,302,0,302,518
06/06/2023,OSU,OH,AGL,CE,Federal Contract Tower,0,20,28,0,48,0,79,90,0,169,0,99,118,0,217,298,0,298,515
06/07/2023,OSU,OH,AGL,CE,Federal Contract Tower,0,33,25,0,58,0,48,68,0,116,0,81,93,0,174,122,0,122,296
06/08/2023,OSU,OH,AGL,CE,Federal Contract Tower,0,19,30,0,49,0,50,113,0,163,0,69,143,0,212,118,0,118,330
06/09/2023,OSU,OH,AGL,CE,Federal Contract Tower,0,21,16,0,37,0,68,87,0,155,0,89,103,0,192,196,0,196,388
06/10/2023,OSU,OH,AGL,CE,Federal Contract Tower,0,24,11,0,35,0,31,136,0,167,0,55,147,0,202,104,0,104,306
06/11/2023,OSU,OH,AGL,CE,Federal Contract Tower,0,7,17,0,24,0,1,19,0,20,0,8,36,0,44,0,0,0,44
06/12/2023,OSU,OH,AGL,CE,Federal Contract Tower,0,35,19,0,54,0,23,44,0,67,0,58,63,0,121,72,0,72,193
06/13/2023,OSU,OH,AGL,CE,Federal Contract Tower,0,8,18,0,26,0,4,21,0,25,0,12,39,0,51,54,0,54,105
06/14/2023,OSU,OH,AGL,CE,Federal Contract Tower,0,17,41,0,58,0,72,72,0,144,0,89,113,0,202,242,0,242,444
06/15/2023,OSU,OH,AGL,CE,Federal Contract Tower,0,22,32,0,54,0,78,92,2,172,0,100,124,2,226,68,0,68,294
06/16/2023,OSU,OH,AGL,CE,Federal Contract Tower,0,29,16,0,45,0,6,24,0,30,0,35,40,0,75,66,0,66,141
06/17/2023,OSU,OH,AGL,CE,Federal Contract Tower,0,18,12,0,30,0,29,85,0,114,0,47,97,0,144,44,0,44,188
06/18/2023,OSU,OH,AGL,CE,Federal Contract Tower,0,22,16,0,38,0,2,86,0,88,0,24,102,0,126,12,0,12,138
06/19/2023,OSU,OH,AGL,CE,Federal Contract Tower,0,12,22,0,34,0,0,35,0,35,0,12,57,0,69,0,0,0,69
06/20/2023,OSU,OH,AGL,CE,Federal Contract Tower,0,19,32,0,51,0,16,17,0,33,0,35,49,0,84,34,0,34,118
06/21/2023,OSU,OH,AGL,CE,Federal Contract Tower,0,41,21,0,62,0,100,118,0,218,0,141,139,0,280,172,0,172,452
06/22/2023,OSU,OH,AGL,CE,Federal Contract Tower,0,35,40,0,75,0,39,58,0,97,0,74,98,0,172,232,0,232,404
06/23/2023,OSU,OH,AGL,CE,Federal Contract Tower,0,18,14,0,32,0,0,14,0,14,0,18,28,0,46,70,0,70,116
06/24/2023,OSU,OH,AGL,CE,Federal Contract Tower,0,16,4,0,20,0,14,84,0,98,0,30,88,0,118,64,0,64,182
06/25/2023,OSU,OH,AGL,CE,Federal Contract Tower,0,13,20,0,33,0,4,38,0,42,0,17,58,0,75,0,0,0,75
06/26/2023,OSU,OH,AGL,CE,Federal Contract Tower,0,21,23,0,44,0,3,29,2,34,0,24,52,2,78,32,0,32,110
06/27/2023,OSU,OH,AGL,CE,Federal Contract Tower,0,23,46,0,69,0,0,3,0,3,0,23,49,0,72,0,0,0,72
06/28/2023,OSU,OH,AGL,CE,Federal Contract Tower,0,16,51,0,67,0,0,2,0,2,0,16,53,0,69,10,0,10,79
06/29/2023,OSU,OH,AGL,CE,Federal Contract Tower,0,26,47,0,73,0,0,11,0,11,0,26,58,0,84,6,0,6,90
06/30/2023,OSU,OH,AGL,CE,Federal Contract Tower,0,25,24,0,49,0,69,120,5,194,0,94,144,5,243,228,0,228,471
07/01/2023,OSU,OH,AGL,CE,Federal Contract Tower,0,16,13,0,29,0,4,34,0,38,0,20,47,0,67,4,0,4,71
07/02/2023,OSU,OH,AGL,CE,Federal Contract Tower,0,5,12,0,17,0,0,12,0,12,0,5,24,0,29,0,0,0,29
07/03/2023,OSU,OH,AGL,CE,Federal Contract Tower,0,5,8,0,13,0,0,6,0,6,0,5,14,0,19,0,0,0,19
07/04/2023,OSU,OH,AGL,CE,Federal Contract Tower,0,6,8,0,14,0,0,88,0,88,0,6,96,0,102,52,0,52,154
07/05/2023,OSU,OH,AGL,CE,Federal Contract Tower,0,22,20,0,42,0,62,106,0,168,0,84,126,0,210,170,0,170,380
07/06/2023,OSU,OH,AGL,CE,Federal Contract Tower,0,30,11,0,41,0,31,49,0,80,0,61,60,0,121,148,0,148,269
07/07/2023,OSU,OH,AGL,CE,Federal Contract Tower,0,38,19,0,57,0,68,102,0,170,0,106,121,0,227,290,0,290,517
07/08/2023,OSU,OH,AGL,CE,Federal Contract Tower,0,9,12,0,21,0,26,59,0,85,0,35,71,0,106,64,0,64,170
07/09/2023,OSU,OH,AGL,CE,Federal Contract Tower,0,11,13,0,24,0,0,47,0,47,0,11,60,0,71,34,0,34,105
07/10/2023,OSU,OH,AGL,CE,Federal Contract Tower,0,23,19,0,42,0,93,146,0,239,0,116,165,0,281,190,0,190,471
07/11/2023,OSU,OH,AGL,CE,Federal Contract Tower,0,30,18,0,48,0,75,118,0,193,0,105,136,0,241,164,0,164,405
07/12/2023,OSU,OH,AGL,CE,Federal Contract Tower,0,37,20,0,57,0,60,119,0,179,0,97,139,0,236,178,0,178,414
07/13/2023,OSU,OH,AGL,CE,Federal Contract Tower,0,19,25,0,44,0,28,99,0,127,0,47,124,0,171,178,0,178,349
07/14/2023,OSU,OH,AGL,CE,Federal Contract Tower,0,26,14,0,40,0,61,131,0,192,0,87,145,0,232,186,0,186,418
07/15/2023,OSU,OH,AGL,CE,Federal Contract Tower,0,11,9,0,20,0,4,47,0,51,0,15,56,0,71,56,0,56,127
07/16/2023,OSU,OH,AGL,CE,Federal Contract Tower,0,15,23,0,38,0,2,42,0,44,0,17,65,0,82,4,0,4,86
07/17/2023,OSU,OH,AGL,CE,Federal Contract Tower,0,20,35,0,55,0,10,30,0,40,0,30,65,0,95,222,0,222,317
07/18/2023,OSU,OH,AGL,CE,Federal Contract Tower,0,23,33,0,56,0,47,101,0,148,0,70,134,0,204,282,0,282,486
07/19/2023,OSU,OH,AGL,CE,Federal Contract Tower,0,24,19,0,43,0,56,95,0,151,0,80,114,0,194,220,0,220,414
07/20/2023,OSU,OH,AGL,CE,Federal Contract Tower,0,26,17,0,43,0,16,50,0,66,0,42,67,0,109,88,0,88,197
07/21/2023,OSU,OH,AGL,CE,Federal Contract Tower,0,37,18,0,55,0,35,84,0,119,0,72,102,0,174,124,0,124,298
07/22/2023,OSU,OH,AGL,CE,Federal Contract Tower,0,21,16,0,37,0,46,109,0,155,0,67,125,0,192,112,0,112,304
07/23/2023,OSU,OH,AGL,CE,Federal Contract Tower,0,14,19,0,33,0,0,72,3,75,0,14,91,3,108,54,12,66,174
07/24/2023,OSU,OH,AGL,CE,Federal Contract Tower,0,12,17,0,29,0,48,59,2,109,0,60,76,2,138,178,0,178,316
07/25/2023,OSU,OH,AGL,CE,Federal Contract Tower,0,22,21,0,43,0,36,70,0,106,0,58,91,0,149,100,0,100,249
07/26/2023,OSU,OH,AGL,CE,Federal Contract Tower,0,14,22,0,36,0,31,61,0,92,0,45,83,0,128,64,0,64,192
07/27/2023,OSU,OH,AGL,CE,Federal Contract Tower,0,30,42,0,72,0,13,77,0,90,0,43,119,0,162,134,0,134,296
07/28/2023,OSU,OH,AGL,CE,Federal Contract Tower,0,23,22,0,45,0,19,49,0,68,0,42,71,0,113,48,0,48,161
07/29/2023,OSU,OH,AGL,CE,Federal Contract Tower,0,9,23,0,32,0,5,66,0,71,0,14,89,0,103,14,0,14,117
07/30/2023,OSU,OH,AGL,CE,Federal Contract Tower,0,12,16,0,28,0,22,87,0,109,0,34,103,0,137,68,0,68,205
07/31/2023,OSU,OH,AGL,CE,Federal Contract Tower,0,22,37,0,59,0,90,102,0,192,0,112,139,0,251,226,0,226,477
08/01/2023,OSU,OH,AGL,CE,Federal Contract Tower,0,20,8,0,28,0,60,116,0,176,0,80,124,0,204,180,30,210,414
08/02/2023,OSU,OH,AGL,CE,Federal Contract Tower,0,18,18,0,36,0,55,114,0,169,0,73,132,0,205,132,0,132,337
08/03/2023,OSU,OH,AGL,CE,Federal Contract Tower,0,24,16,0,40,0,31,100,0,131,0,55,116,0,171,102,0,102,273
08/04/2023,OSU,OH,AGL,CE,Federal Contract Tower,0,14,18,0,32,0,36,105,2,143,0,50,123,2,175,146,0,146,321
08/05/2023,OSU,OH,AGL,CE,Federal Contract Tower,0,7,15,0,22,0,12,107,0,119,0,19,122,0,141,28,0,28,169
08/06/2023,OSU,OH,AGL,CE,Federal Contract Tower,0,8,15,0,23,0,0,36,0,36,0,8,51,0,59,2,0,2,61
08/07/2023,OSU,OH,AGL,CE,Federal Contract Tower,0,17,26,0,43,0,0,3,0,3,0,17,29,0,46,2,0,2,48
08/08/2023,OSU,OH,AGL,CE,Federal Contract Tower,0,18,31,0,49,0,28,110,0,138,0,46,141,0,187,106,0,106,293
08/09/2023,OSU,OH,AGL,CE,Federal Contract Tower,0,16,31,0,47,0,26,88,0,114,0,42,119,0,161,176,0,176,337
08/10/2023,OSU,OH,AGL,CE,Federal Contract Tower,0,22,27,0,49,0,7,66,4,77,0,29,93,4,126,74,0,74,200
08/11/2023,OSU,OH,AGL,CE,Federal Contract Tower,0,21,27,0,48,0,24,100,4,128,0,45,127,4,176,162,0,162,338
08/12/2023,OSU,OH,AGL,CE,Federal Contract Tower,0,14,19,0,33,0,12,60,5,77,0,26,79,5,110,34,0,34,144
08/13/2023,OSU,OH,AGL,CE,Federal Contract Tower,0,12,18,0,30,0,7,101,4,112,0,19,119,4,142,30,0,30,172
08/14/2023,OSU,OH,AGL,CE,Federal Contract Tower,0,12,14,0,26,0,2,15,0,17,0,14,29,0,43,28,0,28,71
08/15/2023,OSU,OH,AGL,CE,Federal Contract Tower,0,12,21,6,39,0,0,27,2,29,0,12,48,8,68,46,0,46,114
08/16/2023,OSU,OH,AGL,CE,Federal Contract Tower,0,24,32,0,56,0,33,117,0,150,0,57,149,0,206,144,0,144,350
08/17/2023,OSU,OH,AGL,CE,Federal Contract Tower,0,24,23,1,48,0,18,61,0,79,0,42,84,1,127,144,0,144,271
08/18/2023,OSU,OH,AGL,CE,Federal Contract Tower,0,24,19,0,43,0,21,115,0,136,0,45,134,0,179,68,0,68,247
08/19/2023,OSU,OH,AGL,CE,Federal Contract Tower,0,10,25,0,35,0,36,150,0,186,0,46,175,0,221,70,0,70,291
08/20/2023,OSU,OH,AGL,CE,Federal Contract Tower,0,11,12,0,23,0,2,84,0,86,0,13,96,0,109,78,0,78,187
08/21/2023,OSU,OH,AGL,CE,Federal Contract Tower,0,18,21,0,39,0,15,84,0,99,0,33,105,0,138,152,0,152,290
08/22/2023,OSU,OH,AGL,CE,Federal Contract Tower,0,23,22,0,45,0,44,104,0,148,0,67,126,0,193,118,0,118,311
08/23/2023,OSU,OH,AGL,CE,Federal Contract Tower,0,14,28,0,42,0,57,120,0,177,0,71,148,0,219,116,0,116,335
08/24/2023,OSU,OH,AGL,CE,Federal Contract Tower,0,19,21,0,40,0,22,44,0,66,0,41,65,0,106,100,0,100,206
08/25/2023,OSU,OH,AGL,CE,Federal Contract Tower,0,17,20,0,37,0,18,49,1,68,0,35,69,1,105,138,0,138,243
08/26/2023,OSU,OH,AGL,CE,Federal Contract Tower,0,12,22,0,34,0,42,67,0,109,0,54,89,0,143,198,0,198,341
08/27/2023,OSU,OH,AGL,CE,Federal Contract Tower,0,8,14,0,22,0,14,53,0,67,0,22,67,0,89,94,0,94,183
08/28/2023,OSU,OH,AGL,CE,Federal Contract Tower,0,24,27,0,51,0,92,112,0,204,0,116,139,0,255,180,0,180,435
08/29/2023,OSU,OH,AGL,CE,Federal Contract Tower,0,32,8,0,40,0,132,155,0,287,0,164,163,0,327,262,0,262,589
08/30/2023,OSU,OH,AGL,CE,Federal Contract Tower,0,24,44,0,68,0,29,82,0,111,0,53,126,0,179,216,0,216,395
08/31/2023,OSU,OH,AGL,CE,Federal Contract Tower,0,25,18,2,45,0,80,120,0,200,0,105,138,2,245,190,0,190,435
