01/01/2020,OTH,OR,ANM,WE,Federal Contract Tower,0,4,1,0,5,0,0,2,2,4,0,4,3,2,9,4,2,6,15
01/02/2020,OTH,OR,ANM,WE,Federal Contract Tower,0,5,4,0,9,0,6,9,5,20,0,11,13,5,29,0,0,0,29
01/03/2020,OTH,OR,ANM,WE,Federal Contract Tower,0,5,1,0,6,0,6,12,6,24,0,11,13,6,30,0,0,0,30
01/04/2020,OTH,OR,ANM,WE,Federal Contract Tower,0,5,0,0,5,0,1,2,6,9,0,6,2,6,14,0,0,0,14
01/05/2020,OTH,OR,ANM,WE,Federal Contract Tower,0,2,2,0,4,0,1,2,6,9,0,3,4,6,13,0,2,2,15
01/06/2020,OTH,OR,ANM,WE,Federal Contract Tower,0,9,7,0,16,0,0,3,3,6,0,9,10,3,22,0,0,0,22
01/07/2020,OTH,OR,ANM,WE,Federal Contract Tower,0,6,2,0,8,0,0,0,8,8,0,6,2,8,16,0,10,10,26
01/08/2020,OTH,OR,ANM,WE,Federal Contract Tower,0,12,0,20,32,0,0,1,9,10,0,12,1,29,42,0,0,0,42
01/09/2020,OTH,OR,ANM,WE,Federal Contract Tower,0,11,1,0,12,0,0,5,11,16,0,11,6,11,28,0,20,20,48
01/10/2020,OTH,OR,ANM,WE,Federal Contract Tower,0,14,4,0,18,0,1,1,5,7,0,15,5,5,25,0,34,34,59
01/11/2020,OTH,OR,ANM,WE,Federal Contract Tower,0,2,5,0,7,0,2,0,6,8,0,4,5,6,15,0,0,0,15
01/12/2020,OTH,OR,ANM,WE,Federal Contract Tower,0,2,2,0,4,0,0,0,4,4,0,2,2,4,8,0,26,26,34
01/13/2020,OTH,OR,ANM,WE,Federal Contract Tower,0,7,2,1,10,0,0,0,1,1,0,7,2,2,11,0,38,38,49
01/14/2020,OTH,OR,ANM,WE,Federal Contract Tower,0,7,5,0,12,0,1,5,19,25,0,8,10,19,37,9,38,47,84
01/15/2020,OTH,OR,ANM,WE,Federal Contract Tower,0,7,0,0,7,0,2,0,8,10,0,9,0,8,17,0,140,140,157
01/16/2020,OTH,OR,ANM,WE,Federal Contract Tower,0,8,5,0,13,0,1,5,4,10,0,9,10,4,23,6,10,16,39
01/17/2020,OTH,OR,ANM,WE,Federal Contract Tower,0,7,3,1,11,0,0,3,23,26,0,7,6,24,37,8,24,32,69
01/18/2020,OTH,OR,ANM,WE,Federal Contract Tower,0,4,0,0,4,0,1,0,11,12,0,5,0,11,16,0,18,18,34
01/19/2020,OTH,OR,ANM,WE,Federal Contract Tower,0,3,2,1,6,0,2,8,2,12,0,5,10,3,18,0,0,0,18
01/20/2020,OTH,OR,ANM,WE,Federal Contract Tower,0,4,0,13,17,0,2,4,10,16,0,6,4,23,33,0,8,8,41
01/21/2020,OTH,OR,ANM,WE,Federal Contract Tower,0,11,1,0,12,0,0,0,16,16,0,11,1,16,28,0,48,48,76
01/22/2020,OTH,OR,ANM,WE,Federal Contract Tower,0,14,3,0,17,0,0,0,8,8,0,14,3,8,25,0,0,0,25
01/23/2020,OTH,OR,ANM,WE,Federal Contract Tower,0,10,1,1,12,0,1,0,15,16,0,11,1,16,28,0,0,0,28
01/24/2020,OTH,OR,ANM,WE,Federal Contract Tower,0,8,3,1,12,0,1,3,17,21,0,9,6,18,33,10,32,42,75
01/25/2020,OTH,OR,ANM,WE,Federal Contract Tower,0,6,2,3,11,0,2,1,3,6,0,8,3,6,17,0,28,28,45
01/26/2020,OTH,OR,ANM,WE,Federal Contract Tower,0,3,3,0,6,0,0,1,12,13,0,3,4,12,19,0,0,0,19
01/27/2020,OTH,OR,ANM,WE,Federal Contract Tower,0,7,1,0,8,0,0,0,7,7,0,7,1,7,15,0,0,0,15
01/28/2020,OTH,OR,ANM,WE,Federal Contract Tower,0,7,2,0,9,0,0,0,7,7,0,7,2,7,16,0,2,2,18
01/29/2020,OTH,OR,ANM,WE,Federal Contract Tower,0,8,4,0,12,0,2,4,10,16,0,10,8,10,28,11,2,13,41
01/30/2020,OTH,OR,ANM,WE,Federal Contract Tower,0,11,7,0,18,0,3,3,22,28,0,14,10,22,46,8,14,22,68
01/31/2020,OTH,OR,ANM,WE,Federal Contract Tower,0,9,7,3,19,0,1,6,12,19,0,10,13,15,38,0,18,18,56
02/01/2020,OTH,OR,ANM,WE,Federal Contract Tower,0,4,0,2,6,0,0,0,0,0,0,4,0,2,6,4,0,4,10
02/02/2020,OTH,OR,ANM,WE,Federal Contract Tower,0,2,2,0,4,0,4,8,6,18,0,6,10,6,22,0,6,6,28
02/03/2020,OTH,OR,ANM,WE,Federal Contract Tower,0,11,3,0,14,0,0,5,2,7,0,11,8,2,21,10,0,10,31
02/04/2020,OTH,OR,ANM,WE,Federal Contract Tower,0,8,0,0,8,0,0,0,0,0,0,8,0,0,8,6,0,6,14
02/05/2020,OTH,OR,ANM,WE,Federal Contract Tower,0,13,1,0,14,0,0,0,0,0,0,13,1,0,14,0,0,0,14
02/06/2020,OTH,OR,ANM,WE,Federal Contract Tower,0,11,8,0,19,0,0,1,0,1,0,11,9,0,20,0,0,0,20
02/07/2020,OTH,OR,ANM,WE,Federal Contract Tower,0,11,2,3,16,0,0,2,5,7,0,11,4,8,23,0,20,20,43
02/08/2020,OTH,OR,ANM,WE,Federal Contract Tower,0,4,7,0,11,0,1,5,2,8,0,5,12,2,19,10,0,10,29
02/09/2020,OTH,OR,ANM,WE,Federal Contract Tower,0,3,4,1,8,0,0,34,14,48,0,3,38,15,56,31,2,33,89
02/10/2020,OTH,OR,ANM,WE,Federal Contract Tower,0,4,7,0,11,0,4,5,8,17,0,8,12,8,28,0,0,0,28
02/11/2020,OTH,OR,ANM,WE,Federal Contract Tower,0,4,8,0,12,0,4,21,14,39,0,8,29,14,51,14,2,16,67
02/12/2020,OTH,OR,ANM,WE,Federal Contract Tower,0,12,0,0,12,0,3,23,13,39,0,15,23,13,51,12,0,12,63
02/13/2020,OTH,OR,ANM,WE,Federal Contract Tower,0,10,2,1,13,0,0,0,5,5,0,10,2,6,18,0,10,10,28
02/14/2020,OTH,OR,ANM,WE,Federal Contract Tower,0,9,6,0,15,0,1,11,19,31,0,10,17,19,46,0,0,0,46
02/15/2020,OTH,OR,ANM,WE,Federal Contract Tower,0,6,10,0,16,0,0,1,12,13,0,6,11,12,29,0,0,0,29
02/16/2020,OTH,OR,ANM,WE,Federal Contract Tower,0,2,1,0,3,0,1,3,9,13,0,3,4,9,16,0,10,10,26
02/17/2020,OTH,OR,ANM,WE,Federal Contract Tower,0,4,0,0,4,0,2,10,2,14,0,6,10,2,18,8,0,8,26
02/18/2020,OTH,OR,ANM,WE,Federal Contract Tower,0,3,3,0,6,0,5,10,19,34,0,8,13,19,40,0,2,2,42
02/19/2020,OTH,OR,ANM,WE,Federal Contract Tower,0,6,2,1,9,0,6,6,21,33,0,12,8,22,42,0,28,28,70
02/20/2020,OTH,OR,ANM,WE,Federal Contract Tower,0,7,1,2,10,0,8,15,13,36,0,15,16,15,46,8,0,8,54
02/21/2020,OTH,OR,ANM,WE,Federal Contract Tower,0,8,2,0,10,0,2,7,22,31,0,10,9,22,41,0,8,8,49
02/22/2020,OTH,OR,ANM,WE,Federal Contract Tower,0,1,3,1,5,0,3,3,6,12,0,4,6,7,17,0,8,8,25
02/23/2020,OTH,OR,ANM,WE,Federal Contract Tower,0,3,4,0,7,0,0,1,8,9,0,3,5,8,16,0,2,2,18
02/24/2020,OTH,OR,ANM,WE,Federal Contract Tower,0,5,5,0,10,0,2,13,11,26,0,7,18,11,36,0,16,16,52
02/25/2020,OTH,OR,ANM,WE,Federal Contract Tower,0,6,0,2,8,0,3,15,17,35,0,9,15,19,43,1,1,2,45
02/26/2020,OTH,OR,ANM,WE,Federal Contract Tower,0,5,2,1,8,0,5,9,12,26,0,10,11,13,34,0,24,24,58
02/27/2020,OTH,OR,ANM,WE,Federal Contract Tower,0,8,2,0,10,0,3,8,9,20,0,11,10,9,30,0,0,0,30
02/28/2020,OTH,OR,ANM,WE,Federal Contract Tower,0,10,4,3,17,0,0,2,28,30,0,10,6,31,47,0,24,24,71
02/29/2020,OTH,OR,ANM,WE,Federal Contract Tower,0,5,1,0,6,0,3,6,10,19,0,8,7,10,25,0,22,22,47
03/01/2020,OTH,OR,ANM,WE,Federal Contract Tower,0,4,2,0,6,0,0,6,7,13,0,4,8,7,19,0,2,2,21
03/02/2020,OTH,OR,ANM,WE,Federal Contract Tower,0,8,1,0,9,0,2,3,10,15,0,10,4,10,24,0,0,0,24
03/03/2020,OTH,OR,ANM,WE,Federal Contract Tower,0,8,1,2,11,0,0,2,7,9,0,8,3,9,20,0,28,28,48
03/04/2020,OTH,OR,ANM,WE,Federal Contract Tower,0,9,6,3,18,0,1,4,13,18,0,10,10,16,36,0,40,40,76
03/05/2020,OTH,OR,ANM,WE,Federal Contract Tower,0,11,8,0,19,0,5,5,4,14,0,16,13,4,33,0,18,18,51
03/06/2020,OTH,OR,ANM,WE,Federal Contract Tower,0,14,3,2,19,0,0,1,1,2,0,14,4,3,21,0,8,8,29
03/07/2020,OTH,OR,ANM,WE,Federal Contract Tower,0,3,3,0,6,0,1,3,4,8,0,4,6,4,14,0,16,16,30
03/08/2020,OTH,OR,ANM,WE,Federal Contract Tower,0,2,6,0,8,0,0,10,6,16,0,2,16,6,24,6,0,6,30
03/09/2020,OTH,OR,ANM,WE,Federal Contract Tower,0,3,3,0,6,0,7,16,7,30,0,10,19,7,36,0,16,16,52
03/10/2020,OTH,OR,ANM,WE,Federal Contract Tower,0,3,4,0,7,0,6,13,12,31,0,9,17,12,38,2,0,2,40
03/11/2020,OTH,OR,ANM,WE,Federal Contract Tower,0,14,5,0,19,0,7,17,21,45,0,21,22,21,64,0,4,4,68
03/12/2020,OTH,OR,ANM,WE,Federal Contract Tower,0,4,3,0,7,0,6,12,9,27,0,10,15,9,34,0,40,40,74
03/13/2020,OTH,OR,ANM,WE,Federal Contract Tower,0,12,4,0,16,0,2,8,5,15,0,14,12,5,31,0,18,18,49
03/14/2020,OTH,OR,ANM,WE,Federal Contract Tower,0,4,2,0,6,0,0,5,5,10,0,4,7,5,16,0,24,24,40
03/15/2020,OTH,OR,ANM,WE,Federal Contract Tower,0,3,1,0,4,0,0,14,4,18,0,3,15,4,22,14,10,24,46
03/16/2020,OTH,OR,ANM,WE,Federal Contract Tower,0,4,4,0,8,0,2,3,12,17,0,6,7,12,25,0,22,22,47
03/17/2020,OTH,OR,ANM,WE,Federal Contract Tower,0,8,2,0,10,0,1,0,2,3,0,9,2,2,13,0,14,14,27
03/18/2020,OTH,OR,ANM,WE,Federal Contract Tower,0,8,1,0,9,0,3,2,4,9,0,11,3,4,18,0,34,34,52
03/19/2020,OTH,OR,ANM,WE,Federal Contract Tower,0,8,3,2,13,0,2,5,5,12,0,10,8,7,25,2,4,6,31
03/20/2020,OTH,OR,ANM,WE,Federal Contract Tower,0,5,0,4,9,0,4,13,19,36,0,9,13,23,45,10,0,10,55
03/21/2020,OTH,OR,ANM,WE,Federal Contract Tower,0,1,1,0,2,0,3,12,5,20,0,4,13,5,22,0,0,0,22
03/22/2020,OTH,OR,ANM,WE,Federal Contract Tower,0,0,2,0,2,0,0,2,1,3,0,0,4,1,5,6,24,30,35
03/23/2020,OTH,OR,ANM,WE,Federal Contract Tower,0,5,1,0,6,0,0,1,3,4,0,5,2,3,10,2,0,2,12
03/24/2020,OTH,OR,ANM,WE,Federal Contract Tower,0,12,2,0,14,0,0,0,6,6,0,12,2,6,20,0,12,12,32
03/25/2020,OTH,OR,ANM,WE,Federal Contract Tower,0,7,1,0,8,0,1,2,7,10,0,8,3,7,18,10,0,10,28
03/26/2020,OTH,OR,ANM,WE,Federal Contract Tower,0,6,0,0,6,0,2,11,8,21,0,8,11,8,27,0,0,0,27
03/27/2020,OTH,OR,ANM,WE,Federal Contract Tower,0,7,0,0,7,0,0,3,7,10,0,7,3,7,17,0,40,40,57
03/28/2020,OTH,OR,ANM,WE,Federal Contract Tower,0,7,1,0,8,0,1,3,4,8,0,8,4,4,16,0,18,18,34
03/29/2020,OTH,OR,ANM,WE,Federal Contract Tower,0,0,0,13,13,0,0,0,0,0,0,0,0,13,13,0,0,0,13
03/30/2020,OTH,OR,ANM,WE,Federal Contract Tower,0,3,0,2,5,0,0,0,5,5,0,3,0,7,10,0,0,0,10
03/31/2020,OTH,OR,ANM,WE,Federal Contract Tower,0,10,1,0,11,0,1,0,5,6,0,11,1,5,17,0,0,0,17
04/01/2020,OTH,OR,ANM,WE,Federal Contract Tower,0,13,1,5,19,0,0,0,6,6,0,13,1,11,25,0,0,0,25
04/02/2020,OTH,OR,ANM,WE,Federal Contract Tower,0,8,2,0,10,0,1,0,8,9,0,9,2,8,19,0,0,0,19
04/03/2020,OTH,OR,ANM,WE,Federal Contract Tower,0,5,0,0,5,0,2,3,19,24,0,7,3,19,29,4,8,12,41
04/04/2020,OTH,OR,ANM,WE,Federal Contract Tower,0,4,2,0,6,0,0,0,2,2,0,4,2,2,8,0,0,0,8
04/05/2020,OTH,OR,ANM,WE,Federal Contract Tower,0,2,2,0,4,0,0,7,3,10,0,2,9,3,14,6,0,6,20
04/06/2020,OTH,OR,ANM,WE,Federal Contract Tower,0,4,0,0,4,0,0,0,4,4,0,4,0,4,8,0,0,0,8
04/07/2020,OTH,OR,ANM,WE,Federal Contract Tower,0,7,1,0,8,0,0,5,9,14,0,7,6,9,22,10,4,14,36
04/08/2020,OTH,OR,ANM,WE,Federal Contract Tower,0,5,2,0,7,0,3,3,12,18,0,8,5,12,25,6,18,24,49
04/09/2020,OTH,OR,ANM,WE,Federal Contract Tower,0,4,3,0,7,0,3,11,5,19,0,7,14,5,26,0,8,8,34
04/10/2020,OTH,OR,ANM,WE,Federal Contract Tower,0,7,3,0,10,0,0,2,2,4,0,7,5,2,14,0,10,10,24
04/11/2020,OTH,OR,ANM,WE,Federal Contract Tower,0,4,3,0,7,0,0,7,2,9,0,4,10,2,16,0,12,12,28
04/12/2020,OTH,OR,ANM,WE,Federal Contract Tower,0,2,0,0,2,0,1,18,2,21,0,3,18,2,23,0,34,34,57
04/13/2020,OTH,OR,ANM,WE,Federal Contract Tower,0,4,0,0,4,0,2,13,6,21,0,6,13,6,25,0,14,14,39
04/14/2020,OTH,OR,ANM,WE,Federal Contract Tower,0,4,0,0,4,0,8,5,6,19,0,12,5,6,23,22,0,22,45
04/15/2020,OTH,OR,ANM,WE,Federal Contract Tower,0,7,2,1,10,0,2,2,7,11,0,9,4,8,21,18,24,42,63
04/16/2020,OTH,OR,ANM,WE,Federal Contract Tower,0,6,0,0,6,0,3,11,7,21,0,9,11,7,27,4,4,8,35
04/17/2020,OTH,OR,ANM,WE,Federal Contract Tower,0,5,2,3,10,0,5,9,1,15,0,10,11,4,25,16,16,32,57
04/18/2020,OTH,OR,ANM,WE,Federal Contract Tower,0,5,0,0,5,0,2,0,4,6,0,7,0,4,11,0,10,10,21
04/19/2020,OTH,OR,ANM,WE,Federal Contract Tower,0,2,6,0,8,0,0,12,4,16,0,2,18,4,24,8,51,59,83
04/20/2020,OTH,OR,ANM,WE,Federal Contract Tower,0,6,1,0,7,0,0,1,11,12,0,6,2,11,19,0,12,12,31
04/21/2020,OTH,OR,ANM,WE,Federal Contract Tower,0,10,2,1,13,0,2,4,3,9,0,12,6,4,22,0,0,0,22
04/22/2020,OTH,OR,ANM,WE,Federal Contract Tower,0,9,1,4,14,0,0,0,0,0,0,9,1,4,14,0,40,40,54
04/23/2020,OTH,OR,ANM,WE,Federal Contract Tower,0,10,2,0,12,0,0,0,0,0,0,10,2,0,12,0,0,0,12
04/24/2020,OTH,OR,ANM,WE,Federal Contract Tower,0,10,2,0,12,0,0,1,2,3,0,10,3,2,15,0,0,0,15
04/25/2020,OTH,OR,ANM,WE,Federal Contract Tower,0,6,0,0,6,0,0,0,0,0,0,6,0,0,6,0,0,0,6
04/26/2020,OTH,OR,ANM,WE,Federal Contract Tower,0,2,0,2,4,0,0,7,2,9,0,2,7,4,13,28,0,28,41
04/27/2020,OTH,OR,ANM,WE,Federal Contract Tower,0,4,4,4,12,0,0,0,0,0,0,4,4,4,12,0,0,0,12
04/28/2020,OTH,OR,ANM,WE,Federal Contract Tower,0,6,0,0,6,0,4,1,10,15,0,10,1,10,21,0,0,0,21
04/29/2020,OTH,OR,ANM,WE,Federal Contract Tower,0,9,0,3,12,0,0,0,0,0,0,9,0,3,12,0,28,28,40
04/30/2020,OTH,OR,ANM,WE,Federal Contract Tower,0,9,0,0,9,0,2,6,4,12,0,11,6,4,21,0,0,0,21
05/01/2020,OTH,OR,ANM,WE,Federal Contract Tower,0,4,6,0,10,0,4,8,0,12,0,8,14,0,22,14,6,20,42
05/02/2020,OTH,OR,ANM,WE,Federal Contract Tower,0,5,0,4,9,0,0,0,0,0,0,5,0,4,9,0,6,6,15
05/03/2020,OTH,OR,ANM,WE,Federal Contract Tower,0,2,2,0,4,0,0,4,1,5,0,2,6,1,9,0,0,0,9
05/04/2020,OTH,OR,ANM,WE,Federal Contract Tower,0,3,4,0,7,0,3,6,14,23,0,6,10,14,30,2,6,8,38
05/05/2020,OTH,OR,ANM,WE,Federal Contract Tower,0,9,2,0,11,0,1,3,15,19,0,10,5,15,30,0,4,4,34
05/06/2020,OTH,OR,ANM,WE,Federal Contract Tower,0,8,1,0,9,0,5,5,7,17,0,13,6,7,26,4,0,4,30
05/07/2020,OTH,OR,ANM,WE,Federal Contract Tower,0,3,0,0,3,0,4,5,6,15,0,7,5,6,18,0,0,0,18
05/08/2020,OTH,OR,ANM,WE,Federal Contract Tower,0,5,0,0,5,0,5,12,4,21,0,10,12,4,26,18,0,18,44
05/09/2020,OTH,OR,ANM,WE,Federal Contract Tower,0,3,0,0,3,0,1,6,3,10,0,4,6,3,13,6,8,14,27
05/10/2020,OTH,OR,ANM,WE,Federal Contract Tower,0,2,1,0,3,0,0,4,4,8,0,2,5,4,11,16,12,28,39
05/11/2020,OTH,OR,ANM,WE,Federal Contract Tower,0,3,4,0,7,0,4,3,5,12,0,7,7,5,19,8,2,10,29
05/12/2020,OTH,OR,ANM,WE,Federal Contract Tower,0,9,0,0,9,0,0,0,13,13,0,9,0,13,22,0,0,0,22
05/13/2020,OTH,OR,ANM,WE,Federal Contract Tower,0,12,2,0,14,0,0,1,5,6,0,12,3,5,20,0,24,24,44
05/14/2020,OTH,OR,ANM,WE,Federal Contract Tower,0,8,6,0,14,0,1,1,6,8,0,9,7,6,22,0,8,8,30
05/15/2020,OTH,OR,ANM,WE,Federal Contract Tower,0,5,1,0,6,0,6,10,4,20,0,11,11,4,26,0,0,0,26
05/16/2020,OTH,OR,ANM,WE,Federal Contract Tower,0,3,13,0,16,0,3,5,17,25,0,6,18,17,41,0,0,0,41
05/17/2020,OTH,OR,ANM,WE,Federal Contract Tower,0,6,3,0,9,0,0,2,4,6,0,6,5,4,15,0,18,18,33
05/18/2020,OTH,OR,ANM,WE,Federal Contract Tower,0,7,4,0,11,0,0,0,3,3,0,7,4,3,14,0,0,0,14
05/19/2020,OTH,OR,ANM,WE,Federal Contract Tower,0,8,5,2,15,0,0,1,9,10,0,8,6,11,25,0,0,0,25
05/20/2020,OTH,OR,ANM,WE,Federal Contract Tower,0,13,5,0,18,0,0,4,6,10,0,13,9,6,28,0,36,36,64
05/21/2020,OTH,OR,ANM,WE,Federal Contract Tower,0,14,5,0,19,0,1,4,4,9,0,15,9,4,28,0,14,14,42
05/22/2020,OTH,OR,ANM,WE,Federal Contract Tower,0,14,5,0,19,0,1,8,7,16,0,15,13,7,35,0,0,0,35
05/23/2020,OTH,OR,ANM,WE,Federal Contract Tower,0,1,6,1,8,0,3,8,4,15,0,4,14,5,23,4,8,12,35
05/24/2020,OTH,OR,ANM,WE,Federal Contract Tower,0,4,3,0,7,0,1,4,5,10,0,5,7,5,17,0,0,0,17
05/25/2020,OTH,OR,ANM,WE,Federal Contract Tower,0,5,1,0,6,0,1,11,1,13,0,6,12,1,19,8,0,8,27
05/26/2020,OTH,OR,ANM,WE,Federal Contract Tower,0,3,3,0,6,0,4,7,10,21,0,7,10,10,27,2,0,2,29
05/27/2020,OTH,OR,ANM,WE,Federal Contract Tower,0,8,11,0,19,0,4,21,5,30,0,12,32,5,49,0,18,18,67
05/28/2020,OTH,OR,ANM,WE,Federal Contract Tower,0,8,8,0,16,0,0,14,5,19,0,8,22,5,35,8,0,8,43
05/29/2020,OTH,OR,ANM,WE,Federal Contract Tower,0,17,8,0,25,0,0,4,4,8,0,17,12,4,33,0,4,4,37
05/30/2020,OTH,OR,ANM,WE,Federal Contract Tower,0,8,2,0,10,0,0,0,2,2,0,8,2,2,12,0,0,0,12
05/31/2020,OTH,OR,ANM,WE,Federal Contract Tower,0,10,2,0,12,0,2,6,8,16,0,12,8,8,28,12,2,14,42
06/01/2020,OTH,OR,ANM,WE,Federal Contract Tower,0,3,0,2,5,0,2,5,5,12,0,5,5,7,17,2,0,2,19
06/02/2020,OTH,OR,ANM,WE,Federal Contract Tower,0,11,7,0,18,0,5,11,6,22,0,16,18,6,40,10,0,10,50
06/03/2020,OTH,OR,ANM,WE,Federal Contract Tower,2,12,3,0,17,0,4,15,3,22,2,16,18,3,39,6,6,12,51
06/04/2020,OTH,OR,ANM,WE,Federal Contract Tower,0,5,8,0,13,0,9,8,5,22,0,14,16,5,35,0,0,0,35
06/05/2020,OTH,OR,ANM,WE,Federal Contract Tower,0,14,2,0,16,0,0,3,5,8,0,14,5,5,24,0,0,0,24
06/06/2020,OTH,OR,ANM,WE,Federal Contract Tower,0,4,7,0,11,0,1,0,2,3,0,5,7,2,14,0,2,2,16
06/07/2020,OTH,OR,ANM,WE,Federal Contract Tower,0,10,7,0,17,0,2,2,6,10,0,12,9,6,27,0,12,12,39
06/08/2020,OTH,OR,ANM,WE,Federal Contract Tower,0,7,6,0,13,0,0,1,3,4,0,7,7,3,17,0,0,0,17
06/09/2020,OTH,OR,ANM,WE,Federal Contract Tower,0,8,2,3,13,0,1,12,9,22,0,9,14,12,35,0,12,12,47
06/10/2020,OTH,OR,ANM,WE,Federal Contract Tower,2,13,12,1,28,0,2,8,8,18,2,15,20,9,46,6,32,38,84
06/11/2020,OTH,OR,ANM,WE,Federal Contract Tower,0,9,8,0,17,0,3,10,18,31,0,12,18,18,48,12,6,18,66
06/12/2020,OTH,OR,ANM,WE,Federal Contract Tower,0,16,9,0,25,0,0,3,8,11,0,16,12,8,36,0,40,40,76
06/13/2020,OTH,OR,ANM,WE,Federal Contract Tower,0,7,10,0,17,0,1,2,4,7,0,8,12,4,24,16,0,16,40
06/14/2020,OTH,OR,ANM,WE,Federal Contract Tower,2,12,5,0,19,0,0,19,4,23,2,12,24,4,42,16,12,28,70
06/15/2020,OTH,OR,ANM,WE,Federal Contract Tower,0,11,3,0,14,0,0,1,7,8,0,11,4,7,22,0,2,2,24
06/16/2020,OTH,OR,ANM,WE,Federal Contract Tower,0,12,5,0,17,0,1,4,6,11,0,13,9,6,28,10,0,10,38
06/17/2020,OTH,OR,ANM,WE,Federal Contract Tower,2,12,6,0,20,0,4,11,7,22,2,16,17,7,42,0,8,8,50
06/18/2020,OTH,OR,ANM,WE,Federal Contract Tower,0,9,4,0,13,0,2,19,3,24,0,11,23,3,37,12,0,12,49
06/19/2020,OTH,OR,ANM,WE,Federal Contract Tower,0,15,4,0,19,0,1,6,0,7,0,16,10,0,26,0,4,4,30
06/20/2020,OTH,OR,ANM,WE,Federal Contract Tower,0,7,7,0,14,0,0,0,4,4,0,7,7,4,18,0,0,0,18
06/21/2020,OTH,OR,ANM,WE,Federal Contract Tower,0,6,0,1,7,0,0,5,3,8,0,6,5,4,15,0,2,2,17
06/22/2020,OTH,OR,ANM,WE,Federal Contract Tower,0,15,3,0,18,0,2,11,4,17,0,17,14,4,35,12,0,12,47
06/23/2020,OTH,OR,ANM,WE,Federal Contract Tower,0,8,2,8,18,0,8,15,9,32,0,16,17,17,50,0,0,0,50
06/24/2020,OTH,OR,ANM,WE,Federal Contract Tower,1,15,4,1,21,0,2,0,5,7,1,17,4,6,28,0,0,0,28
06/25/2020,OTH,OR,ANM,WE,Federal Contract Tower,1,15,11,0,27,0,2,6,4,12,1,17,17,4,39,2,0,2,41
06/26/2020,OTH,OR,ANM,WE,Federal Contract Tower,0,14,5,0,19,0,4,12,2,18,0,18,17,2,37,0,0,0,37
06/27/2020,OTH,OR,ANM,WE,Federal Contract Tower,0,6,4,1,11,0,0,2,2,4,0,6,6,3,15,0,10,10,25
06/28/2020,OTH,OR,ANM,WE,Federal Contract Tower,2,6,14,0,22,0,0,7,14,21,2,6,21,14,43,8,0,8,51
06/29/2020,OTH,OR,ANM,WE,Federal Contract Tower,0,9,5,0,14,0,1,3,7,11,0,10,8,7,25,20,0,20,45
06/30/2020,OTH,OR,ANM,WE,Federal Contract Tower,0,11,8,2,21,0,0,1,7,8,0,11,9,9,29,0,0,0,29
07/01/2020,OTH,OR,ANM,WE,Federal Contract Tower,2,11,7,0,20,0,1,14,5,20,2,12,21,5,40,8,0,8,48
07/02/2020,OTH,OR,ANM,WE,Federal Contract Tower,0,8,7,0,15,0,2,11,11,24,0,10,18,11,39,0,0,0,39
07/03/2020,OTH,OR,ANM,WE,Federal Contract Tower,0,10,2,0,12,0,1,5,2,8,0,11,7,2,20,0,0,0,20
07/04/2020,OTH,OR,ANM,WE,Federal Contract Tower,0,2,0,1,3,0,3,8,4,15,0,5,8,5,18,2,54,56,74
07/05/2020,OTH,OR,ANM,WE,Federal Contract Tower,2,8,6,0,16,0,4,25,3,32,2,12,31,3,48,0,12,12,60
07/06/2020,OTH,OR,ANM,WE,Federal Contract Tower,0,10,9,0,19,0,1,5,2,8,0,11,14,2,27,0,0,0,27
07/07/2020,OTH,OR,ANM,WE,Federal Contract Tower,0,6,3,0,9,0,3,5,9,17,0,9,8,9,26,0,0,0,26
07/08/2020,OTH,OR,ANM,WE,Federal Contract Tower,2,11,3,5,21,0,8,9,20,37,2,19,12,25,58,0,0,0,58
07/09/2020,OTH,OR,ANM,WE,Federal Contract Tower,0,12,5,0,17,0,3,7,7,17,0,15,12,7,34,0,0,0,34
07/10/2020,OTH,OR,ANM,WE,Federal Contract Tower,0,13,5,0,18,0,4,9,5,18,0,17,14,5,36,4,2,6,42
07/11/2020,OTH,OR,ANM,WE,Federal Contract Tower,0,8,3,1,12,0,0,12,2,14,0,8,15,3,26,6,0,6,32
07/12/2020,OTH,OR,ANM,WE,Federal Contract Tower,2,9,12,10,33,0,0,26,3,29,2,9,38,13,62,0,26,26,88
07/13/2020,OTH,OR,ANM,WE,Federal Contract Tower,0,11,10,0,21,0,2,9,3,14,0,13,19,3,35,12,0,12,47
07/14/2020,OTH,OR,ANM,WE,Federal Contract Tower,0,6,8,1,15,0,6,9,10,25,0,12,17,11,40,0,12,12,52
07/15/2020,OTH,OR,ANM,WE,Federal Contract Tower,2,15,9,0,26,0,5,1,4,10,2,20,10,4,36,0,6,6,42
07/16/2020,OTH,OR,ANM,WE,Federal Contract Tower,0,15,8,4,27,0,1,3,0,4,0,16,11,4,31,0,0,0,31
07/17/2020,OTH,OR,ANM,WE,Federal Contract Tower,0,7,4,0,11,0,3,2,1,6,0,10,6,1,17,0,0,0,17
07/18/2020,OTH,OR,ANM,WE,Federal Contract Tower,0,6,5,1,12,0,2,12,2,16,0,8,17,3,28,0,8,8,36
07/19/2020,OTH,OR,ANM,WE,Federal Contract Tower,2,11,9,0,22,0,1,5,5,11,2,12,14,5,33,0,18,18,51
07/20/2020,OTH,OR,ANM,WE,Federal Contract Tower,0,6,10,0,16,0,0,2,3,5,0,6,12,3,21,0,0,0,21
07/21/2020,OTH,OR,ANM,WE,Federal Contract Tower,0,12,6,0,18,0,0,0,5,5,0,12,6,5,23,0,12,12,35
07/22/2020,OTH,OR,ANM,WE,Federal Contract Tower,0,17,13,5,35,0,0,1,7,8,0,17,14,12,43,0,0,0,43
07/23/2020,OTH,OR,ANM,WE,Federal Contract Tower,0,12,10,0,22,0,2,13,8,23,0,14,23,8,45,0,6,6,51
07/24/2020,OTH,OR,ANM,WE,Federal Contract Tower,0,11,2,0,13,0,3,5,6,14,0,14,7,6,27,0,6,6,33
07/25/2020,OTH,OR,ANM,WE,Federal Contract Tower,0,9,1,0,10,0,4,12,4,20,0,13,13,4,30,0,4,4,34
07/26/2020,OTH,OR,ANM,WE,Federal Contract Tower,2,13,6,0,21,0,0,31,6,37,2,13,37,6,58,0,2,2,60
07/27/2020,OTH,OR,ANM,WE,Federal Contract Tower,0,14,8,0,22,0,0,6,8,14,0,14,14,8,36,0,0,0,36
07/28/2020,OTH,OR,ANM,WE,Federal Contract Tower,0,17,6,3,26,0,0,5,6,11,0,17,11,9,37,0,0,0,37
07/29/2020,OTH,OR,ANM,WE,Federal Contract Tower,2,14,4,0,20,0,1,5,5,11,2,15,9,5,31,0,0,0,31
07/30/2020,OTH,OR,ANM,WE,Federal Contract Tower,0,9,4,0,13,0,2,6,5,13,0,11,10,5,26,0,14,14,40
07/31/2020,OTH,OR,ANM,WE,Federal Contract Tower,0,19,13,0,32,0,0,5,4,9,0,19,18,4,41,0,2,2,43
08/01/2020,OTH,OR,ANM,WE,Federal Contract Tower,0,14,4,2,20,0,0,11,3,14,0,14,15,5,34,0,26,26,60
08/02/2020,OTH,OR,ANM,WE,Federal Contract Tower,2,5,9,1,17,0,0,18,11,29,2,5,27,12,46,2,36,38,84
08/03/2020,OTH,OR,ANM,WE,Federal Contract Tower,0,7,8,0,15,0,3,2,6,11,0,10,10,6,26,0,2,2,28
08/04/2020,OTH,OR,ANM,WE,Federal Contract Tower,0,11,10,1,22,0,2,3,7,12,0,13,13,8,34,0,0,0,34
08/05/2020,OTH,OR,ANM,WE,Federal Contract Tower,2,17,6,1,26,0,0,2,8,10,2,17,8,9,36,0,20,20,56
08/06/2020,OTH,OR,ANM,WE,Federal Contract Tower,0,8,8,1,17,0,1,3,9,13,0,9,11,10,30,0,20,20,50
08/07/2020,OTH,OR,ANM,WE,Federal Contract Tower,0,7,7,0,14,0,2,9,4,15,0,9,16,4,29,0,0,0,29
08/08/2020,OTH,OR,ANM,WE,Federal Contract Tower,0,6,2,0,8,0,0,2,14,16,0,6,4,14,24,0,32,32,56
08/09/2020,OTH,OR,ANM,WE,Federal Contract Tower,2,6,1,0,9,0,0,8,7,15,2,6,9,7,24,0,0,0,24
08/10/2020,OTH,OR,ANM,WE,Federal Contract Tower,0,3,3,0,6,0,5,7,3,15,0,8,10,3,21,2,0,2,23
08/11/2020,OTH,OR,ANM,WE,Federal Contract Tower,0,12,10,0,22,0,7,9,10,26,0,19,19,10,48,0,2,2,50
08/12/2020,OTH,OR,ANM,WE,Federal Contract Tower,2,10,1,1,14,0,2,10,8,20,2,12,11,9,34,0,8,8,42
08/13/2020,OTH,OR,ANM,WE,Federal Contract Tower,0,17,4,0,21,0,2,8,8,18,0,19,12,8,39,0,16,16,55
08/14/2020,OTH,OR,ANM,WE,Federal Contract Tower,0,13,0,1,14,0,4,15,7,26,0,17,15,8,40,1,31,32,72
08/15/2020,OTH,OR,ANM,WE,Federal Contract Tower,0,5,3,1,9,0,3,14,5,22,0,8,17,6,31,6,0,6,37
08/16/2020,OTH,OR,ANM,WE,Federal Contract Tower,2,13,4,2,21,0,1,12,5,18,2,14,16,7,39,2,6,8,47
08/17/2020,OTH,OR,ANM,WE,Federal Contract Tower,0,9,6,0,15,0,2,9,3,14,0,11,15,3,29,0,8,8,37
08/18/2020,OTH,OR,ANM,WE,Federal Contract Tower,0,11,7,0,18,0,4,18,3,25,0,15,25,3,43,0,0,0,43
08/19/2020,OTH,OR,ANM,WE,Federal Contract Tower,2,17,14,3,36,0,7,9,12,28,2,24,23,15,64,0,0,0,64
08/20/2020,OTH,OR,ANM,WE,Federal Contract Tower,0,11,10,1,22,0,8,11,6,25,0,19,21,7,47,0,6,6,53
08/21/2020,OTH,OR,ANM,WE,Federal Contract Tower,0,11,9,0,20,0,2,3,3,8,0,13,12,3,28,0,19,19,47
08/22/2020,OTH,OR,ANM,WE,Federal Contract Tower,0,9,4,0,13,0,0,16,8,24,0,9,20,8,37,6,0,6,43
08/23/2020,OTH,OR,ANM,WE,Federal Contract Tower,2,15,10,0,27,0,1,16,4,21,2,16,26,4,48,0,23,23,71
08/24/2020,OTH,OR,ANM,WE,Federal Contract Tower,0,6,7,0,13,0,3,3,2,8,0,9,10,2,21,0,0,0,21
08/25/2020,OTH,OR,ANM,WE,Federal Contract Tower,0,6,6,1,13,0,4,6,10,20,0,10,12,11,33,0,6,6,39
08/26/2020,OTH,OR,ANM,WE,Federal Contract Tower,2,14,8,0,24,0,1,14,19,34,2,15,22,19,58,0,8,8,66
08/27/2020,OTH,OR,ANM,WE,Federal Contract Tower,0,7,5,1,13,0,3,10,2,15,0,10,15,3,28,0,0,0,28
08/28/2020,OTH,OR,ANM,WE,Federal Contract Tower,0,12,2,0,14,0,6,12,9,27,0,18,14,9,41,0,22,22,63
08/29/2020,OTH,OR,ANM,WE,Federal Contract Tower,0,5,8,0,13,0,2,5,1,8,0,7,13,1,21,0,37,37,58
08/30/2020,OTH,OR,ANM,WE,Federal Contract Tower,2,6,9,0,17,0,2,14,18,34,2,8,23,18,51,2,0,2,53
08/31/2020,OTH,OR,ANM,WE,Federal Contract Tower,0,4,12,0,16,0,2,4,5,11,0,6,16,5,27,0,0,0,27
09/01/2020,OTH,OR,ANM,WE,Federal Contract Tower,0,7,4,2,13,0,4,13,6,23,0,11,17,8,36,2,10,12,48
09/02/2020,OTH,OR,ANM,WE,Federal Contract Tower,2,13,11,3,29,0,0,4,11,15,2,13,15,14,44,0,16,16,60
09/03/2020,OTH,OR,ANM,WE,Federal Contract Tower,0,13,7,0,20,0,3,32,6,41,0,16,39,6,61,6,0,6,67
09/04/2020,OTH,OR,ANM,WE,Federal Contract Tower,0,15,16,0,31,0,2,7,1,10,0,17,23,1,41,0,0,0,41
09/05/2020,OTH,OR,ANM,WE,Federal Contract Tower,0,11,5,0,16,0,2,14,3,19,0,13,19,3,35,12,36,48,83
09/06/2020,OTH,OR,ANM,WE,Federal Contract Tower,2,5,3,3,13,0,1,8,2,11,2,6,11,5,24,0,14,14,38
09/07/2020,OTH,OR,ANM,WE,Federal Contract Tower,0,5,4,2,11,0,0,26,1,27,0,5,30,3,38,6,0,6,44
09/08/2020,OTH,OR,ANM,WE,Federal Contract Tower,0,11,5,0,16,0,0,1,2,3,0,11,6,2,19,0,0,0,19
09/09/2020,OTH,OR,ANM,WE,Federal Contract Tower,2,12,3,0,17,0,0,1,0,1,2,12,4,0,18,0,4,4,22
09/10/2020,OTH,OR,ANM,WE,Federal Contract Tower,0,14,14,1,29,0,0,0,0,0,0,14,14,1,29,0,16,16,45
09/11/2020,OTH,OR,ANM,WE,Federal Contract Tower,0,20,9,0,29,0,0,0,0,0,0,20,9,0,29,0,0,0,29
09/12/2020,OTH,OR,ANM,WE,Federal Contract Tower,0,2,6,0,8,0,0,0,0,0,0,2,6,0,8,0,0,0,8
09/13/2020,OTH,OR,ANM,WE,Federal Contract Tower,2,11,9,0,22,0,0,0,0,0,2,11,9,0,22,0,0,0,22
09/14/2020,OTH,OR,ANM,WE,Federal Contract Tower,0,5,4,0,9,0,1,0,2,3,0,6,4,2,12,0,0,0,12
09/15/2020,OTH,OR,ANM,WE,Federal Contract Tower,0,14,3,0,17,0,0,8,11,19,0,14,11,11,36,2,0,2,38
09/16/2020,OTH,OR,ANM,WE,Federal Contract Tower,2,22,10,2,36,0,0,5,4,9,2,22,15,6,45,6,20,26,71
09/17/2020,OTH,OR,ANM,WE,Federal Contract Tower,0,14,8,2,24,0,0,2,0,2,0,14,10,2,26,0,0,0,26
09/18/2020,OTH,OR,ANM,WE,Federal Contract Tower,0,14,8,0,22,0,1,1,3,5,0,15,9,3,27,0,36,36,63
09/19/2020,OTH,OR,ANM,WE,Federal Contract Tower,0,14,6,0,20,0,5,2,0,7,0,19,8,0,27,2,54,56,83
09/20/2020,OTH,OR,ANM,WE,Federal Contract Tower,2,14,11,0,27,0,2,25,8,35,2,16,36,8,62,4,12,16,78
09/21/2020,OTH,OR,ANM,WE,Federal Contract Tower,0,9,7,0,16,0,1,3,2,6,0,10,10,2,22,2,8,10,32
09/22/2020,OTH,OR,ANM,WE,Federal Contract Tower,0,11,10,0,21,0,4,32,15,51,0,15,42,15,72,16,18,34,106
09/23/2020,OTH,OR,ANM,WE,Federal Contract Tower,2,16,9,1,28,0,1,3,2,6,2,17,12,3,34,0,20,20,54
09/24/2020,OTH,OR,ANM,WE,Federal Contract Tower,0,13,9,0,22,0,3,2,30,35,0,16,11,30,57,6,24,30,87
09/25/2020,OTH,OR,ANM,WE,Federal Contract Tower,0,16,11,0,27,0,1,2,5,8,0,17,13,5,35,0,0,0,35
09/26/2020,OTH,OR,ANM,WE,Federal Contract Tower,0,12,11,2,25,0,0,2,2,4,0,12,13,4,29,0,0,0,29
09/27/2020,OTH,OR,ANM,WE,Federal Contract Tower,2,13,17,0,32,0,1,8,7,16,2,14,25,7,48,0,2,2,50
09/28/2020,OTH,OR,ANM,WE,Federal Contract Tower,0,14,4,0,18,0,1,12,3,16,0,15,16,3,34,12,8,20,54
09/29/2020,OTH,OR,ANM,WE,Federal Contract Tower,0,14,8,0,22,0,1,17,6,24,0,15,25,6,46,16,0,16,62
09/30/2020,OTH,OR,ANM,WE,Federal Contract Tower,2,13,11,1,27,0,0,1,0,1,2,13,12,1,28,0,0,0,28
10/01/2020,OTH,OR,ANM,WE,Federal Contract Tower,0,27,11,1,39,0,0,0,0,0,0,27,11,1,39,0,0,0,39
10/02/2020,OTH,OR,ANM,WE,Federal Contract Tower,0,9,11,0,20,0,2,4,4,10,0,11,15,4,30,0,0,0,30
10/03/2020,OTH,OR,ANM,WE,Federal Contract Tower,0,6,6,4,16,0,0,2,0,2,0,6,8,4,18,0,10,10,28
10/04/2020,OTH,OR,ANM,WE,Federal Contract Tower,0,9,17,0,26,0,0,8,6,14,0,9,25,6,40,0,18,18,58
10/05/2020,OTH,OR,ANM,WE,Federal Contract Tower,0,7,6,1,14,0,2,9,10,21,0,9,15,11,35,0,14,14,49
10/06/2020,OTH,OR,ANM,WE,Federal Contract Tower,0,6,5,1,12,0,4,17,11,32,0,10,22,12,44,0,0,0,44
10/07/2020,OTH,OR,ANM,WE,Federal Contract Tower,0,14,14,0,28,0,0,3,4,7,0,14,17,4,35,0,0,0,35
10/08/2020,OTH,OR,ANM,WE,Federal Contract Tower,0,21,12,1,34,0,0,0,1,1,0,21,12,2,35,0,0,0,35
10/09/2020,OTH,OR,ANM,WE,Federal Contract Tower,0,15,7,0,22,0,0,0,8,8,0,15,7,8,30,0,0,0,30
10/10/2020,OTH,OR,ANM,WE,Federal Contract Tower,0,13,4,1,18,0,0,2,3,5,0,13,6,4,23,0,32,32,55
10/11/2020,OTH,OR,ANM,WE,Federal Contract Tower,0,10,7,0,17,0,0,7,9,16,0,10,14,9,33,0,30,30,63
10/12/2020,OTH,OR,ANM,WE,Federal Contract Tower,0,9,5,0,14,0,3,14,7,24,0,12,19,7,38,2,0,2,40
10/13/2020,OTH,OR,ANM,WE,Federal Contract Tower,0,9,13,2,24,0,0,0,7,7,0,9,13,9,31,0,24,24,55
10/14/2020,OTH,OR,ANM,WE,Federal Contract Tower,0,15,7,0,22,0,11,8,9,28,0,26,15,9,50,12,10,22,72
10/15/2020,OTH,OR,ANM,WE,Federal Contract Tower,0,10,12,0,22,0,10,31,6,47,0,20,43,6,69,30,0,30,99
10/16/2020,OTH,OR,ANM,WE,Federal Contract Tower,0,8,8,0,16,0,4,19,13,36,0,12,27,13,52,16,49,65,117
10/17/2020,OTH,OR,ANM,WE,Federal Contract Tower,0,14,2,1,17,0,1,9,3,13,0,15,11,4,30,10,0,10,40
10/18/2020,OTH,OR,ANM,WE,Federal Contract Tower,0,9,10,3,22,0,0,3,9,12,0,9,13,12,34,8,0,8,42
10/19/2020,OTH,OR,ANM,WE,Federal Contract Tower,0,6,9,2,17,0,3,9,12,24,0,9,18,14,41,0,28,28,69
10/20/2020,OTH,OR,ANM,WE,Federal Contract Tower,0,6,11,0,17,0,5,25,10,40,0,11,36,10,57,6,0,6,63
10/21/2020,OTH,OR,ANM,WE,Federal Contract Tower,0,12,3,0,15,0,3,7,20,30,0,15,10,20,45,0,8,8,53
10/23/2020,OTH,OR,ANM,WE,Federal Contract Tower,0,12,4,2,18,0,4,9,8,21,0,16,13,10,39,0,8,8,47
10/24/2020,OTH,OR,ANM,WE,Federal Contract Tower,0,8,8,1,17,0,1,11,18,30,0,9,19,19,47,0,0,0,47
10/25/2020,OTH,OR,ANM,WE,Federal Contract Tower,0,6,7,2,15,0,0,17,11,28,0,6,24,13,43,0,0,0,43
10/26/2020,OTH,OR,ANM,WE,Federal Contract Tower,0,9,1,3,13,0,2,6,14,22,0,11,7,17,35,0,0,0,35
10/27/2020,OTH,OR,ANM,WE,Federal Contract Tower,0,5,1,0,6,0,9,9,13,31,0,14,10,13,37,2,28,30,67
10/28/2020,OTH,OR,ANM,WE,Federal Contract Tower,0,8,8,0,16,0,6,18,12,36,0,14,26,12,52,0,40,40,92
10/29/2020,OTH,OR,ANM,WE,Federal Contract Tower,0,11,2,0,13,0,3,11,9,23,0,14,13,9,36,0,8,8,44
10/30/2020,OTH,OR,ANM,WE,Federal Contract Tower,0,15,7,1,23,0,0,5,7,12,0,15,12,8,35,0,28,28,63
10/31/2020,OTH,OR,ANM,WE,Federal Contract Tower,0,6,2,0,8,0,2,16,5,23,0,8,18,5,31,2,0,2,33
11/01/2020,OTH,OR,ANM,WE,Federal Contract Tower,0,6,2,0,8,0,2,24,4,30,0,8,26,4,38,2,16,18,56
11/02/2020,OTH,OR,ANM,WE,Federal Contract Tower,0,9,2,0,11,0,0,4,2,6,0,9,6,2,17,0,0,0,17
11/03/2020,OTH,OR,ANM,WE,Federal Contract Tower,0,10,6,0,16,0,0,0,12,12,0,10,6,12,28,0,10,10,38
11/04/2020,OTH,OR,ANM,WE,Federal Contract Tower,0,11,6,3,20,0,2,5,6,13,0,13,11,9,33,0,14,14,47
11/05/2020,OTH,OR,ANM,WE,Federal Contract Tower,0,11,3,0,14,0,0,0,0,0,0,11,3,0,14,0,0,0,14
11/06/2020,OTH,OR,ANM,WE,Federal Contract Tower,0,10,1,0,11,0,2,1,7,10,0,12,2,7,21,0,10,10,31
11/07/2020,OTH,OR,ANM,WE,Federal Contract Tower,0,7,2,0,9,0,0,6,7,13,0,7,8,7,22,0,0,0,22
11/08/2020,OTH,OR,ANM,WE,Federal Contract Tower,0,5,7,0,12,0,3,7,5,15,0,8,14,5,27,2,0,2,29
11/09/2020,OTH,OR,ANM,WE,Federal Contract Tower,0,8,7,0,15,0,3,4,2,9,0,11,11,2,24,0,2,2,26
11/10/2020,OTH,OR,ANM,WE,Federal Contract Tower,0,9,12,1,22,0,2,1,10,13,0,11,13,11,35,0,2,2,37
11/11/2020,OTH,OR,ANM,WE,Federal Contract Tower,0,8,8,0,16,0,1,8,3,12,0,9,16,3,28,0,0,0,28
11/12/2020,OTH,OR,ANM,WE,Federal Contract Tower,0,5,12,0,17,0,1,6,12,19,0,6,18,12,36,16,4,20,56
11/13/2020,OTH,OR,ANM,WE,Federal Contract Tower,0,15,5,0,20,0,1,2,2,5,0,16,7,2,25,0,24,24,49
11/14/2020,OTH,OR,ANM,WE,Federal Contract Tower,0,4,1,0,5,0,1,0,4,5,0,5,1,4,10,0,10,10,20
11/15/2020,OTH,OR,ANM,WE,Federal Contract Tower,0,6,8,7,21,0,0,0,5,5,0,6,8,12,26,0,2,2,28
11/16/2020,OTH,OR,ANM,WE,Federal Contract Tower,0,5,3,0,8,0,2,0,7,9,0,7,3,7,17,0,0,0,17
11/17/2020,OTH,OR,ANM,WE,Federal Contract Tower,0,11,5,1,17,0,0,0,21,21,0,11,5,22,38,0,0,0,38
11/18/2020,OTH,OR,ANM,WE,Federal Contract Tower,0,7,4,0,11,0,1,0,10,11,0,8,4,10,22,0,20,20,42
11/19/2020,OTH,OR,ANM,WE,Federal Contract Tower,0,8,2,0,10,0,2,8,7,17,0,10,10,7,27,0,0,0,27
11/20/2020,OTH,OR,ANM,WE,Federal Contract Tower,0,6,3,0,9,0,7,19,21,47,0,13,22,21,56,0,6,6,62
11/21/2020,OTH,OR,ANM,WE,Federal Contract Tower,0,4,3,0,7,0,2,9,4,15,0,6,12,4,22,6,0,6,28
11/22/2020,OTH,OR,ANM,WE,Federal Contract Tower,0,2,3,0,5,0,0,0,3,3,0,2,3,3,8,0,8,8,16
11/23/2020,OTH,OR,ANM,WE,Federal Contract Tower,0,4,4,1,9,0,2,2,3,7,0,6,6,4,16,0,0,0,16
11/24/2020,OTH,OR,ANM,WE,Federal Contract Tower,0,8,7,0,15,0,1,2,10,13,0,9,9,10,28,0,48,48,76
11/25/2020,OTH,OR,ANM,WE,Federal Contract Tower,0,6,3,0,9,0,3,0,4,7,0,9,3,4,16,0,0,0,16
11/26/2020,OTH,OR,ANM,WE,Federal Contract Tower,0,1,0,0,1,0,1,9,4,14,0,2,9,4,15,0,0,0,15
11/27/2020,OTH,OR,ANM,WE,Federal Contract Tower,0,6,0,0,6,0,4,15,2,21,0,10,15,2,27,0,2,2,29
11/28/2020,OTH,OR,ANM,WE,Federal Contract Tower,0,2,2,0,4,0,2,23,2,27,0,4,25,2,31,6,4,10,41
11/29/2020,OTH,OR,ANM,WE,Federal Contract Tower,0,2,4,0,6,0,2,12,5,19,0,4,16,5,25,0,0,0,25
11/30/2020,OTH,OR,ANM,WE,Federal Contract Tower,0,4,4,0,8,0,0,0,6,6,0,4,4,6,14,0,0,0,14
12/01/2020,OTH,OR,ANM,WE,Federal Contract Tower,0,7,6,0,13,0,6,9,7,22,0,13,15,7,35,0,8,8,43
12/02/2020,OTH,OR,ANM,WE,Federal Contract Tower,0,8,2,0,10,0,3,11,7,21,0,11,13,7,31,0,60,60,91
12/03/2020,OTH,OR,ANM,WE,Federal Contract Tower,0,8,4,2,14,0,2,6,4,12,0,10,10,6,26,0,18,18,44
12/04/2020,OTH,OR,ANM,WE,Federal Contract Tower,0,9,6,0,15,0,3,15,3,21,0,12,21,3,36,0,30,30,66
12/05/2020,OTH,OR,ANM,WE,Federal Contract Tower,0,2,3,0,5,0,3,6,7,16,0,5,9,7,21,0,0,0,21
12/06/2020,OTH,OR,ANM,WE,Federal Contract Tower,0,2,6,5,13,0,0,4,9,13,0,2,10,14,26,8,0,8,34
12/07/2020,OTH,OR,ANM,WE,Federal Contract Tower,0,6,0,0,6,0,1,11,2,14,0,7,11,2,20,0,4,4,24
12/08/2020,OTH,OR,ANM,WE,Federal Contract Tower,0,8,4,0,12,0,0,2,10,12,0,8,6,10,24,0,2,2,26
12/09/2020,OTH,OR,ANM,WE,Federal Contract Tower,0,5,4,0,9,0,3,9,8,20,0,8,13,8,29,4,8,12,41
12/10/2020,OTH,OR,ANM,WE,Federal Contract Tower,0,7,6,0,13,0,1,4,4,9,0,8,10,4,22,0,26,26,48
12/11/2020,OTH,OR,ANM,WE,Federal Contract Tower,0,15,4,0,19,0,1,1,3,5,0,16,5,3,24,8,26,34,58
12/12/2020,OTH,OR,ANM,WE,Federal Contract Tower,0,4,2,0,6,0,2,16,6,24,0,6,18,6,30,6,4,10,40
12/13/2020,OTH,OR,ANM,WE,Federal Contract Tower,0,3,2,0,5,0,0,2,9,11,0,3,4,9,16,0,0,0,16
12/14/2020,OTH,OR,ANM,WE,Federal Contract Tower,0,4,4,0,8,0,2,4,5,11,0,6,8,5,19,0,26,26,45
12/15/2020,OTH,OR,ANM,WE,Federal Contract Tower,0,11,3,0,14,0,1,2,16,19,0,12,5,16,33,0,10,10,43
12/16/2020,OTH,OR,ANM,WE,Federal Contract Tower,0,15,9,0,24,0,0,0,5,5,0,15,9,5,29,0,32,32,61
12/17/2020,OTH,OR,ANM,WE,Federal Contract Tower,0,9,5,0,14,0,0,3,9,12,0,9,8,9,26,14,10,24,50
12/18/2020,OTH,OR,ANM,WE,Federal Contract Tower,0,6,12,2,20,0,4,6,2,12,0,10,18,4,32,2,2,4,36
12/19/2020,OTH,OR,ANM,WE,Federal Contract Tower,0,10,12,1,23,0,1,2,4,7,0,11,14,5,30,20,6,26,56
12/20/2020,OTH,OR,ANM,WE,Federal Contract Tower,0,1,4,3,8,0,0,0,0,0,0,1,4,3,8,0,14,14,22
12/21/2020,OTH,OR,ANM,WE,Federal Contract Tower,0,4,3,2,9,0,0,0,0,0,0,4,3,2,9,0,56,56,65
12/22/2020,OTH,OR,ANM,WE,Federal Contract Tower,0,5,3,0,8,0,7,10,4,21,0,12,13,4,29,0,0,0,29
12/23/2020,OTH,OR,ANM,WE,Federal Contract Tower,0,8,2,0,10,0,4,19,7,30,0,12,21,7,40,0,18,18,58
12/24/2020,OTH,OR,ANM,WE,Federal Contract Tower,0,2,0,0,2,0,4,5,4,13,0,6,5,4,15,0,2,2,17
12/25/2020,OTH,OR,ANM,WE,Federal Contract Tower,0,2,0,0,2,0,0,0,5,5,0,2,0,5,7,0,10,10,17
12/26/2020,OTH,OR,ANM,WE,Federal Contract Tower,0,4,0,0,4,0,1,0,3,4,0,5,0,3,8,8,0,8,16
12/27/2020,OTH,OR,ANM,WE,Federal Contract Tower,0,2,2,0,4,0,0,6,4,10,0,2,8,4,14,0,6,6,20
12/28/2020,OTH,OR,ANM,WE,Federal Contract Tower,0,0,6,0,6,0,4,7,3,14,0,4,13,3,20,0,12,12,32
12/29/2020,OTH,OR,ANM,WE,Federal Contract Tower,0,2,1,0,3,0,2,13,6,21,0,4,14,6,24,0,0,0,24
12/30/2020,OTH,OR,ANM,WE,Federal Contract Tower,0,10,4,8,22,0,1,0,5,6,0,11,4,13,28,0,34,34,62
12/31/2020,OTH,OR,ANM,WE,Federal Contract Tower,0,9,2,0,11,0,0,0,7,7,0,9,2,7,18,0,6,6,24
01/01/2021,OTH,OR,ANM,WE,Federal Contract Tower,0,3,2,0,5,0,0,0,3,3,0,3,2,3,8,0,0,0,8
01/02/2021,OTH,OR,ANM,WE,Federal Contract Tower,0,4,2,0,6,0,0,0,1,1,0,4,2,1,7,0,0,0,7
01/03/2021,OTH,OR,ANM,WE,Federal Contract Tower,0,3,0,0,3,0,0,2,4,6,0,3,2,4,9,0,40,40,49
01/04/2021,OTH,OR,ANM,WE,Federal Contract Tower,0,7,0,0,7,0,0,0,0,0,0,7,0,0,7,0,0,0,7
01/05/2021,OTH,OR,ANM,WE,Federal Contract Tower,0,6,5,0,11,0,4,7,27,38,0,10,12,27,49,18,10,28,77
01/06/2021,OTH,OR,ANM,WE,Federal Contract Tower,0,15,2,4,21,0,0,0,0,0,0,15,2,4,21,0,4,4,25
01/07/2021,OTH,OR,ANM,WE,Federal Contract Tower,0,7,4,0,11,0,5,12,8,25,0,12,16,8,36,0,8,8,44
01/08/2021,OTH,OR,ANM,WE,Federal Contract Tower,0,9,2,0,11,0,2,6,5,13,0,11,8,5,24,0,0,0,24
01/09/2021,OTH,OR,ANM,WE,Federal Contract Tower,0,5,2,0,7,0,2,28,12,42,0,7,30,12,49,42,14,56,105
01/10/2021,OTH,OR,ANM,WE,Federal Contract Tower,0,7,2,0,9,0,0,0,4,4,0,7,2,4,13,0,0,0,13
01/11/2021,OTH,OR,ANM,WE,Federal Contract Tower,0,5,4,0,9,0,1,3,2,6,0,6,7,2,15,0,48,48,63
01/12/2021,OTH,OR,ANM,WE,Federal Contract Tower,0,9,3,0,12,0,0,0,4,4,0,9,3,4,16,0,34,34,50
01/13/2021,OTH,OR,ANM,WE,Federal Contract Tower,0,4,0,3,7,0,4,5,4,13,0,8,5,7,20,0,6,6,26
01/14/2021,OTH,OR,ANM,WE,Federal Contract Tower,0,4,2,0,6,0,3,15,12,30,0,7,17,12,36,8,8,16,52
01/15/2021,OTH,OR,ANM,WE,Federal Contract Tower,0,11,4,9,24,0,0,0,0,0,0,11,4,9,24,0,0,0,24
01/16/2021,OTH,OR,ANM,WE,Federal Contract Tower,0,4,0,0,4,0,0,0,0,0,0,4,0,0,4,16,0,16,20
01/17/2021,OTH,OR,ANM,WE,Federal Contract Tower,0,3,2,0,5,0,0,15,4,19,0,3,17,4,24,6,18,24,48
01/18/2021,OTH,OR,ANM,WE,Federal Contract Tower,1,3,2,0,6,0,2,9,3,14,1,5,11,3,20,0,18,18,38
01/19/2021,OTH,OR,ANM,WE,Federal Contract Tower,0,4,2,0,6,0,3,7,13,23,0,7,9,13,29,0,2,2,31
01/20/2021,OTH,OR,ANM,WE,Federal Contract Tower,0,10,2,0,12,0,3,16,11,30,0,13,18,11,42,0,0,0,42
01/21/2021,OTH,OR,ANM,WE,Federal Contract Tower,0,6,4,0,10,0,3,20,14,37,0,9,24,14,47,12,18,30,77
01/22/2021,OTH,OR,ANM,WE,Federal Contract Tower,0,13,4,0,17,0,0,7,3,10,0,13,11,3,27,0,0,0,27
01/23/2021,OTH,OR,ANM,WE,Federal Contract Tower,0,2,6,0,8,0,3,14,5,22,0,5,20,5,30,0,14,14,44
01/24/2021,OTH,OR,ANM,WE,Federal Contract Tower,0,2,4,0,6,0,0,0,4,4,0,2,4,4,10,0,10,10,20
01/25/2021,OTH,OR,ANM,WE,Federal Contract Tower,0,8,2,0,10,0,0,3,4,7,0,8,5,4,17,0,0,0,17
01/26/2021,OTH,OR,ANM,WE,Federal Contract Tower,0,6,1,0,7,0,2,3,11,16,0,8,4,11,23,12,10,22,45
01/27/2021,OTH,OR,ANM,WE,Federal Contract Tower,0,13,9,0,22,0,0,1,8,9,0,13,10,8,31,0,70,70,101
01/28/2021,OTH,OR,ANM,WE,Federal Contract Tower,0,8,7,0,15,0,2,3,6,11,0,10,10,6,26,10,6,16,42
01/29/2021,OTH,OR,ANM,WE,Federal Contract Tower,0,10,4,0,14,0,2,1,3,6,0,12,5,3,20,8,66,74,94
01/30/2021,OTH,OR,ANM,WE,Federal Contract Tower,0,5,1,4,10,0,0,0,10,10,0,5,1,14,20,0,22,22,42
01/31/2021,OTH,OR,ANM,WE,Federal Contract Tower,0,4,5,0,9,0,0,0,8,8,0,4,5,8,17,0,16,16,33
02/01/2021,OTH,OR,ANM,WE,Federal Contract Tower,0,7,2,0,9,0,0,0,3,3,0,7,2,3,12,0,14,14,26
02/02/2021,OTH,OR,ANM,WE,Federal Contract Tower,0,10,1,0,11,0,0,10,11,21,0,10,11,11,32,0,14,14,46
02/03/2021,OTH,OR,ANM,WE,Federal Contract Tower,0,13,5,0,18,0,1,2,16,19,0,14,7,16,37,0,8,8,45
02/04/2021,OTH,OR,ANM,WE,Federal Contract Tower,0,7,2,4,13,0,8,12,9,29,0,15,14,13,42,8,12,20,62
02/05/2021,OTH,OR,ANM,WE,Federal Contract Tower,0,10,2,0,12,0,0,0,2,2,0,10,2,2,14,0,0,0,14
02/06/2021,OTH,OR,ANM,WE,Federal Contract Tower,0,4,0,0,4,0,0,4,1,5,0,4,4,1,9,8,0,8,17
02/07/2021,OTH,OR,ANM,WE,Federal Contract Tower,0,4,0,0,4,0,2,10,3,15,0,6,10,3,19,16,14,30,49
02/08/2021,OTH,OR,ANM,WE,Federal Contract Tower,0,6,2,0,8,0,2,4,4,10,0,8,6,4,18,10,22,32,50
02/09/2021,OTH,OR,ANM,WE,Federal Contract Tower,0,5,5,0,10,0,6,8,6,20,0,11,13,6,30,0,0,0,30
02/10/2021,OTH,OR,ANM,WE,Federal Contract Tower,0,7,0,0,7,0,5,32,16,53,0,12,32,16,60,10,14,24,84
02/11/2021,OTH,OR,ANM,WE,Federal Contract Tower,0,10,5,0,15,0,0,3,5,8,0,10,8,5,23,0,4,4,27
02/12/2021,OTH,OR,ANM,WE,Federal Contract Tower,0,10,2,0,12,0,0,0,4,4,0,10,2,4,16,0,10,10,26
02/13/2021,OTH,OR,ANM,WE,Federal Contract Tower,0,2,0,0,2,0,0,2,4,6,0,2,2,4,8,0,0,0,8
02/14/2021,OTH,OR,ANM,WE,Federal Contract Tower,0,2,4,0,6,0,0,1,6,7,0,2,5,6,13,0,6,6,19
02/15/2021,OTH,OR,ANM,WE,Federal Contract Tower,0,2,2,0,4,0,0,9,1,10,0,2,11,1,14,0,12,12,26
02/16/2021,OTH,OR,ANM,WE,Federal Contract Tower,0,4,1,0,5,0,3,18,4,25,0,7,19,4,30,10,0,10,40
02/17/2021,OTH,OR,ANM,WE,Federal Contract Tower,0,6,13,0,19,0,4,21,17,42,0,10,34,17,61,18,38,56,117
02/18/2021,OTH,OR,ANM,WE,Federal Contract Tower,0,6,1,2,9,0,0,2,2,4,0,6,3,4,13,0,6,6,19
02/19/2021,OTH,OR,ANM,WE,Federal Contract Tower,0,13,8,0,21,0,0,12,5,17,0,13,20,5,38,0,22,22,60
02/20/2021,OTH,OR,ANM,WE,Federal Contract Tower,0,5,2,0,7,0,0,10,7,17,0,5,12,7,24,0,20,20,44
02/21/2021,OTH,OR,ANM,WE,Federal Contract Tower,0,5,4,2,11,0,0,1,0,1,0,5,5,2,12,0,2,2,14
02/22/2021,OTH,OR,ANM,WE,Federal Contract Tower,0,4,5,2,11,0,0,0,11,11,0,4,5,13,22,0,30,30,52
02/23/2021,OTH,OR,ANM,WE,Federal Contract Tower,0,3,4,0,7,0,5,15,5,25,0,8,19,5,32,6,0,6,38
02/24/2021,OTH,OR,ANM,WE,Federal Contract Tower,0,3,1,0,4,0,6,14,14,34,0,9,15,14,38,6,18,24,62
02/25/2021,OTH,OR,ANM,WE,Federal Contract Tower,0,9,6,0,15,0,1,1,6,8,0,10,7,6,23,0,6,6,29
02/26/2021,OTH,OR,ANM,WE,Federal Contract Tower,0,10,0,0,10,0,0,3,10,13,0,10,3,10,23,0,42,42,65
02/27/2021,OTH,OR,ANM,WE,Federal Contract Tower,0,12,2,0,14,0,4,12,2,18,0,16,14,2,32,4,12,16,48
02/28/2021,OTH,OR,ANM,WE,Federal Contract Tower,0,4,5,0,9,0,1,32,6,39,0,5,37,6,48,2,0,2,50
03/01/2021,OTH,OR,ANM,WE,Federal Contract Tower,0,4,5,0,9,0,3,12,5,20,0,7,17,5,29,0,20,20,49
03/02/2021,OTH,OR,ANM,WE,Federal Contract Tower,0,4,4,1,9,0,4,9,5,18,0,8,13,6,27,0,6,6,33
03/03/2021,OTH,OR,ANM,WE,Federal Contract Tower,0,9,6,0,15,0,2,14,14,30,0,11,20,14,45,12,24,36,81
03/04/2021,OTH,OR,ANM,WE,Federal Contract Tower,0,7,1,0,8,0,2,5,5,12,0,9,6,5,20,8,0,8,28
03/05/2021,OTH,OR,ANM,WE,Federal Contract Tower,0,8,3,0,11,0,6,2,8,16,0,14,5,8,27,4,22,26,53
03/06/2021,OTH,OR,ANM,WE,Federal Contract Tower,0,4,2,0,6,0,0,15,6,21,0,4,17,6,27,26,0,26,53
03/07/2021,OTH,OR,ANM,WE,Federal Contract Tower,0,2,3,0,5,0,0,6,6,12,0,2,9,6,17,8,6,14,31
03/08/2021,OTH,OR,ANM,WE,Federal Contract Tower,0,8,6,0,14,0,1,7,6,14,0,9,13,6,28,0,0,0,28
03/09/2021,OTH,OR,ANM,WE,Federal Contract Tower,0,6,12,0,18,0,4,1,9,14,0,10,13,9,32,0,6,6,38
03/10/2021,OTH,OR,ANM,WE,Federal Contract Tower,0,9,4,4,17,0,3,15,8,26,0,12,19,12,43,32,4,36,79
03/11/2021,OTH,OR,ANM,WE,Federal Contract Tower,0,2,10,1,13,0,11,29,3,43,0,13,39,4,56,44,0,44,100
03/12/2021,OTH,OR,ANM,WE,Federal Contract Tower,0,4,7,13,24,0,6,24,15,45,0,10,31,28,69,24,10,34,103
03/13/2021,OTH,OR,ANM,WE,Federal Contract Tower,0,3,5,0,8,0,1,3,7,11,0,4,8,7,19,0,24,24,43
03/14/2021,OTH,OR,ANM,WE,Federal Contract Tower,0,4,8,0,12,0,0,0,0,0,0,4,8,0,12,0,0,0,12
03/15/2021,OTH,OR,ANM,WE,Federal Contract Tower,0,2,0,0,2,0,3,13,4,20,0,5,13,4,22,16,0,16,38
03/16/2021,OTH,OR,ANM,WE,Federal Contract Tower,0,8,2,0,10,0,9,19,9,37,0,17,21,9,47,4,0,4,51
03/17/2021,OTH,OR,ANM,WE,Federal Contract Tower,0,8,10,0,18,0,5,27,9,41,0,13,37,9,59,22,0,22,81
03/18/2021,OTH,OR,ANM,WE,Federal Contract Tower,0,10,6,0,16,0,0,1,8,9,0,10,7,8,25,0,72,72,97
03/19/2021,OTH,OR,ANM,WE,Federal Contract Tower,0,11,3,0,14,0,0,1,4,5,0,11,4,4,19,2,36,38,57
03/20/2021,OTH,OR,ANM,WE,Federal Contract Tower,0,7,1,0,8,0,0,0,4,4,0,7,1,4,12,12,12,24,36
03/21/2021,OTH,OR,ANM,WE,Federal Contract Tower,0,2,5,0,7,0,1,19,4,24,0,3,24,4,31,18,0,18,49
03/22/2021,OTH,OR,ANM,WE,Federal Contract Tower,0,6,3,0,9,0,0,0,5,5,0,6,3,5,14,0,24,24,38
03/23/2021,OTH,OR,ANM,WE,Federal Contract Tower,0,4,2,0,6,0,2,24,7,33,0,6,26,7,39,0,0,0,39
03/24/2021,OTH,OR,ANM,WE,Federal Contract Tower,0,12,11,4,27,0,2,2,6,10,0,14,13,10,37,14,58,72,109
03/25/2021,OTH,OR,ANM,WE,Federal Contract Tower,0,13,2,0,15,0,1,6,8,15,0,14,8,8,30,0,0,0,30
03/26/2021,OTH,OR,ANM,WE,Federal Contract Tower,0,6,5,0,11,0,4,6,4,14,0,10,11,4,25,0,2,2,27
03/27/2021,OTH,OR,ANM,WE,Federal Contract Tower,0,1,3,1,5,0,2,23,5,30,0,3,26,6,35,4,0,4,39
03/28/2021,OTH,OR,ANM,WE,Federal Contract Tower,0,3,7,3,13,0,0,3,3,6,0,3,10,6,19,12,14,26,45
03/29/2021,OTH,OR,ANM,WE,Federal Contract Tower,0,3,1,0,4,0,2,12,4,18,0,5,13,4,22,16,2,18,40
03/30/2021,OTH,OR,ANM,WE,Federal Contract Tower,0,2,1,2,5,0,6,26,4,36,0,8,27,6,41,10,0,10,51
03/31/2021,OTH,OR,ANM,WE,Federal Contract Tower,0,8,3,0,11,0,5,31,5,41,0,13,34,5,52,8,0,8,60
04/01/2021,OTH,OR,ANM,WE,Federal Contract Tower,0,8,2,0,10,0,4,15,3,22,0,12,17,3,32,54,0,54,86
04/02/2021,OTH,OR,ANM,WE,Federal Contract Tower,0,9,3,0,12,0,5,24,6,35,0,14,27,6,47,26,0,26,73
04/03/2021,OTH,OR,ANM,WE,Federal Contract Tower,0,8,5,0,13,0,3,9,6,18,0,11,14,6,31,12,0,12,43
04/04/2021,OTH,OR,ANM,WE,Federal Contract Tower,0,2,12,0,14,0,0,3,3,6,0,2,15,3,20,0,0,0,20
04/05/2021,OTH,OR,ANM,WE,Federal Contract Tower,0,6,4,0,10,0,2,13,3,18,0,8,17,3,28,0,0,0,28
04/06/2021,OTH,OR,ANM,WE,Federal Contract Tower,0,9,3,0,12,0,4,40,8,52,0,13,43,8,64,18,0,18,82
04/07/2021,OTH,OR,ANM,WE,Federal Contract Tower,0,11,19,1,31,0,0,7,8,15,0,11,26,9,46,26,18,44,90
04/08/2021,OTH,OR,ANM,WE,Federal Contract Tower,0,10,2,0,12,0,3,11,4,18,0,13,13,4,30,4,0,4,34
04/09/2021,OTH,OR,ANM,WE,Federal Contract Tower,0,11,3,0,14,0,5,23,6,34,0,16,26,6,48,18,0,18,66
04/10/2021,OTH,OR,ANM,WE,Federal Contract Tower,0,8,2,0,10,0,2,16,15,33,0,10,18,15,43,20,2,22,65
04/11/2021,OTH,OR,ANM,WE,Federal Contract Tower,0,3,9,0,12,0,1,9,4,14,0,4,18,4,26,0,6,6,32
04/12/2021,OTH,OR,ANM,WE,Federal Contract Tower,0,6,5,0,11,0,4,18,3,25,0,10,23,3,36,4,0,4,40
04/13/2021,OTH,OR,ANM,WE,Federal Contract Tower,0,7,3,0,10,0,3,13,12,28,0,10,16,12,38,8,4,12,50
04/14/2021,OTH,OR,ANM,WE,Federal Contract Tower,0,8,4,4,16,0,7,21,7,35,0,15,25,11,51,4,4,8,59
04/15/2021,OTH,OR,ANM,WE,Federal Contract Tower,0,4,7,0,11,0,6,17,3,26,0,10,24,3,37,2,0,2,39
04/16/2021,OTH,OR,ANM,WE,Federal Contract Tower,0,15,3,0,18,0,1,8,3,12,0,16,11,3,30,0,12,12,42
04/17/2021,OTH,OR,ANM,WE,Federal Contract Tower,0,8,14,0,22,0,1,3,2,6,0,9,17,2,28,0,0,0,28
04/18/2021,OTH,OR,ANM,WE,Federal Contract Tower,0,7,12,1,20,0,0,1,4,5,0,7,13,5,25,0,0,0,25
04/19/2021,OTH,OR,ANM,WE,Federal Contract Tower,0,11,14,0,25,0,1,6,3,10,0,12,20,3,35,0,12,12,47
04/20/2021,OTH,OR,ANM,WE,Federal Contract Tower,0,8,12,2,22,0,0,5,14,19,0,8,17,16,41,0,0,0,41
04/21/2021,OTH,OR,ANM,WE,Federal Contract Tower,0,12,6,7,25,0,1,4,7,12,0,13,10,14,37,0,4,4,41
04/22/2021,OTH,OR,ANM,WE,Federal Contract Tower,0,10,14,0,24,0,6,16,1,23,0,16,30,1,47,26,0,26,73
04/23/2021,OTH,OR,ANM,WE,Federal Contract Tower,0,9,8,0,17,0,5,10,4,19,0,14,18,4,36,18,20,38,74
04/24/2021,OTH,OR,ANM,WE,Federal Contract Tower,0,11,2,0,13,0,0,1,5,6,0,11,3,5,19,0,12,12,31
04/25/2021,OTH,OR,ANM,WE,Federal Contract Tower,0,12,13,0,25,0,0,2,2,4,0,12,15,2,29,12,14,26,55
04/26/2021,OTH,OR,ANM,WE,Federal Contract Tower,0,9,5,0,14,0,3,3,8,14,0,12,8,8,28,0,0,0,28
04/27/2021,OTH,OR,ANM,WE,Federal Contract Tower,0,8,6,0,14,0,6,18,7,31,0,14,24,7,45,48,0,48,93
04/28/2021,OTH,OR,ANM,WE,Federal Contract Tower,0,12,6,0,18,0,4,24,6,34,0,16,30,6,52,40,0,40,92
04/29/2021,OTH,OR,ANM,WE,Federal Contract Tower,0,8,10,0,18,0,3,19,3,25,0,11,29,3,43,36,0,36,79
04/30/2021,OTH,OR,ANM,WE,Federal Contract Tower,0,8,4,0,12,0,3,15,4,22,0,11,19,4,34,0,10,10,44
05/01/2021,OTH,OR,ANM,WE,Federal Contract Tower,0,8,4,0,12,0,1,4,8,13,0,9,8,8,25,12,12,24,49
05/02/2021,OTH,OR,ANM,WE,Federal Contract Tower,0,2,8,0,10,0,0,12,8,20,0,2,20,8,30,0,14,14,44
05/03/2021,OTH,OR,ANM,WE,Federal Contract Tower,0,6,4,12,22,0,4,12,11,27,0,10,16,23,49,8,2,10,59
05/04/2021,OTH,OR,ANM,WE,Federal Contract Tower,0,14,4,0,18,0,1,8,1,10,0,15,12,1,28,0,4,4,32
05/05/2021,OTH,OR,ANM,WE,Federal Contract Tower,0,10,8,0,18,0,1,17,2,20,0,11,25,2,38,6,0,6,44
05/06/2021,OTH,OR,ANM,WE,Federal Contract Tower,0,11,6,0,17,0,0,0,0,0,0,11,6,0,17,0,0,0,17
05/07/2021,OTH,OR,ANM,WE,Federal Contract Tower,0,21,2,0,23,0,1,11,3,15,0,22,13,3,38,18,0,18,56
05/08/2021,OTH,OR,ANM,WE,Federal Contract Tower,0,10,7,0,17,0,3,8,2,13,0,13,15,2,30,14,0,14,44
05/09/2021,OTH,OR,ANM,WE,Federal Contract Tower,0,3,4,0,7,0,0,7,3,10,0,3,11,3,17,2,0,2,19
05/10/2021,OTH,OR,ANM,WE,Federal Contract Tower,0,20,4,0,24,0,4,19,7,30,0,24,23,7,54,12,12,24,78
05/11/2021,OTH,OR,ANM,WE,Federal Contract Tower,0,4,4,1,9,0,3,28,2,33,0,7,32,3,42,28,0,28,70
05/12/2021,OTH,OR,ANM,WE,Federal Contract Tower,0,17,11,2,30,0,4,2,0,6,0,21,13,2,36,0,8,8,44
05/13/2021,OTH,OR,ANM,WE,Federal Contract Tower,0,15,19,0,34,0,1,0,0,1,0,16,19,0,35,0,0,0,35
05/14/2021,OTH,OR,ANM,WE,Federal Contract Tower,0,20,11,1,32,0,0,0,0,0,0,20,11,1,32,0,16,16,48
05/15/2021,OTH,OR,ANM,WE,Federal Contract Tower,0,11,2,0,13,0,3,4,0,7,0,14,6,0,20,0,0,0,20
05/16/2021,OTH,OR,ANM,WE,Federal Contract Tower,0,14,17,2,33,0,0,2,1,3,0,14,19,3,36,0,0,0,36
05/17/2021,OTH,OR,ANM,WE,Federal Contract Tower,0,9,7,1,17,0,2,2,3,7,0,11,9,4,24,38,0,38,62
05/18/2021,OTH,OR,ANM,WE,Federal Contract Tower,1,10,4,0,15,0,5,2,1,8,1,15,6,1,23,50,6,56,79
05/19/2021,OTH,OR,ANM,WE,Federal Contract Tower,0,14,14,0,28,0,4,6,3,13,0,18,20,3,41,105,2,107,148
05/20/2021,OTH,OR,ANM,WE,Federal Contract Tower,1,12,7,0,20,0,4,12,5,21,1,16,19,5,41,50,0,50,91
05/21/2021,OTH,OR,ANM,WE,Federal Contract Tower,0,14,5,2,21,0,4,10,2,16,0,18,15,4,37,12,3,15,52
05/22/2021,OTH,OR,ANM,WE,Federal Contract Tower,0,9,6,0,15,0,5,71,7,83,0,14,77,7,98,12,0,12,110
05/23/2021,OTH,OR,ANM,WE,Federal Contract Tower,0,12,20,0,32,0,0,7,5,12,0,12,27,5,44,10,0,10,54
05/24/2021,OTH,OR,ANM,WE,Federal Contract Tower,0,9,8,1,18,0,0,1,3,4,0,9,9,4,22,0,8,8,30
05/25/2021,OTH,OR,ANM,WE,Federal Contract Tower,0,16,9,1,26,0,0,7,10,17,0,16,16,11,43,0,0,0,43
05/26/2021,OTH,OR,ANM,WE,Federal Contract Tower,0,14,4,0,18,0,0,26,10,36,0,14,30,10,54,102,8,110,164
05/27/2021,OTH,OR,ANM,WE,Federal Contract Tower,0,17,8,1,26,0,1,14,3,18,0,18,22,4,44,32,0,32,76
05/28/2021,OTH,OR,ANM,WE,Federal Contract Tower,0,9,0,1,10,0,8,18,3,29,0,17,18,4,39,2,1,3,42
05/29/2021,OTH,OR,ANM,WE,Federal Contract Tower,0,6,3,0,9,0,1,18,3,22,0,7,21,3,31,33,0,33,64
05/30/2021,OTH,OR,ANM,WE,Federal Contract Tower,0,8,5,0,13,0,0,26,3,29,0,8,31,3,42,0,0,0,42
05/31/2021,OTH,OR,ANM,WE,Federal Contract Tower,0,7,4,0,11,0,1,21,2,24,0,8,25,2,35,0,0,0,35
06/01/2021,OTH,OR,ANM,WE,Federal Contract Tower,0,10,7,2,19,0,2,15,8,25,0,12,22,10,44,46,13,59,103
06/02/2021,OTH,OR,ANM,WE,Federal Contract Tower,0,19,6,1,26,0,3,12,4,19,0,22,18,5,45,4,26,30,75
06/03/2021,OTH,OR,ANM,WE,Federal Contract Tower,2,12,21,1,36,0,0,5,2,7,2,12,26,3,43,6,0,6,49
06/04/2021,OTH,OR,ANM,WE,Federal Contract Tower,2,12,7,1,22,0,6,4,5,15,2,18,11,6,37,0,8,8,45
06/05/2021,OTH,OR,ANM,WE,Federal Contract Tower,2,6,3,0,11,0,1,2,1,4,2,7,5,1,15,0,0,0,15
06/06/2021,OTH,OR,ANM,WE,Federal Contract Tower,3,7,9,1,20,0,0,17,4,21,3,7,26,5,41,32,0,32,73
06/07/2021,OTH,OR,ANM,WE,Federal Contract Tower,2,8,2,0,12,0,1,9,5,15,2,9,11,5,27,8,0,8,35
06/08/2021,OTH,OR,ANM,WE,Federal Contract Tower,2,9,6,0,17,0,0,8,9,17,2,9,14,9,34,4,0,4,38
06/09/2021,OTH,OR,ANM,WE,Federal Contract Tower,4,16,6,0,26,0,5,13,6,24,4,21,19,6,50,0,4,4,54
06/10/2021,OTH,OR,ANM,WE,Federal Contract Tower,2,15,4,0,21,0,3,21,2,26,2,18,25,2,47,2,0,2,49
06/11/2021,OTH,OR,ANM,WE,Federal Contract Tower,2,9,7,0,18,0,0,0,3,3,2,9,7,3,21,0,0,0,21
06/12/2021,OTH,OR,ANM,WE,Federal Contract Tower,2,9,5,0,16,0,1,4,3,8,2,10,9,3,24,0,0,0,24
06/13/2021,OTH,OR,ANM,WE,Federal Contract Tower,4,7,9,3,23,0,0,0,1,1,4,7,9,4,24,0,0,0,24
06/14/2021,OTH,OR,ANM,WE,Federal Contract Tower,2,7,3,1,13,0,0,5,4,9,2,7,8,5,22,22,2,24,46
06/15/2021,OTH,OR,ANM,WE,Federal Contract Tower,2,8,9,1,20,0,6,19,5,30,2,14,28,6,50,38,2,40,90
06/16/2021,OTH,OR,ANM,WE,Federal Contract Tower,4,13,4,1,22,0,6,11,6,23,4,19,15,7,45,8,2,10,55
06/17/2021,OTH,OR,ANM,WE,Federal Contract Tower,2,17,13,0,32,0,1,6,2,9,2,18,19,2,41,2,0,2,43
06/18/2021,OTH,OR,ANM,WE,Federal Contract Tower,2,17,3,1,23,0,7,13,3,23,2,24,16,4,46,26,16,42,88
06/19/2021,OTH,OR,ANM,WE,Federal Contract Tower,2,11,6,0,19,0,2,16,2,20,2,13,22,2,39,0,8,8,47
06/20/2021,OTH,OR,ANM,WE,Federal Contract Tower,4,12,4,2,22,0,0,6,0,6,4,12,10,2,28,0,6,6,34
06/21/2021,OTH,OR,ANM,WE,Federal Contract Tower,2,7,5,3,17,0,0,2,2,4,2,7,7,5,21,0,0,0,21
06/22/2021,OTH,OR,ANM,WE,Federal Contract Tower,2,13,8,2,25,0,0,0,4,4,2,13,8,6,29,0,24,24,53
06/23/2021,OTH,OR,ANM,WE,Federal Contract Tower,4,12,14,0,30,0,5,7,9,21,4,17,21,9,51,16,6,22,73
06/24/2021,OTH,OR,ANM,WE,Federal Contract Tower,2,8,16,0,26,0,0,17,2,19,2,8,33,2,45,18,0,18,63
06/25/2021,OTH,OR,ANM,WE,Federal Contract Tower,2,15,5,0,22,0,1,12,7,20,2,16,17,7,42,0,18,18,60
06/26/2021,OTH,OR,ANM,WE,Federal Contract Tower,2,10,8,0,20,0,0,20,4,24,2,10,28,4,44,0,0,0,44
06/27/2021,OTH,OR,ANM,WE,Federal Contract Tower,4,7,14,0,25,0,3,12,5,20,4,10,26,5,45,6,0,6,51
06/28/2021,OTH,OR,ANM,WE,Federal Contract Tower,2,3,5,0,10,0,2,8,7,17,2,5,13,7,27,0,2,2,29
06/29/2021,OTH,OR,ANM,WE,Federal Contract Tower,2,17,4,0,23,0,0,10,5,15,2,17,14,5,38,10,2,12,50
06/30/2021,OTH,OR,ANM,WE,Federal Contract Tower,4,14,12,2,32,0,0,2,10,12,4,14,14,12,44,0,14,14,58
07/01/2021,OTH,OR,ANM,WE,Federal Contract Tower,2,10,11,0,23,0,0,0,5,5,2,10,11,5,28,0,6,6,34
07/02/2021,OTH,OR,ANM,WE,Federal Contract Tower,2,10,7,2,21,0,1,2,5,8,2,11,9,7,29,0,14,14,43
07/03/2021,OTH,OR,ANM,WE,Federal Contract Tower,2,6,9,2,19,0,0,11,0,11,2,6,20,2,30,0,0,0,30
07/04/2021,OTH,OR,ANM,WE,Federal Contract Tower,4,1,10,0,15,0,4,11,4,19,4,5,21,4,34,0,12,12,46
07/05/2021,OTH,OR,ANM,WE,Federal Contract Tower,2,4,12,1,19,0,0,22,3,25,2,4,34,4,44,0,6,6,50
07/06/2021,OTH,OR,ANM,WE,Federal Contract Tower,2,8,15,2,27,0,0,7,2,9,2,8,22,4,36,0,0,0,36
07/07/2021,OTH,OR,ANM,WE,Federal Contract Tower,4,15,10,0,29,0,0,3,6,9,4,15,13,6,38,0,8,8,46
07/08/2021,OTH,OR,ANM,WE,Federal Contract Tower,2,6,8,2,18,0,0,17,6,23,2,6,25,8,41,20,2,22,63
07/09/2021,OTH,OR,ANM,WE,Federal Contract Tower,2,10,16,2,30,0,0,4,4,8,2,10,20,6,38,10,36,46,84
07/10/2021,OTH,OR,ANM,WE,Federal Contract Tower,2,9,8,2,21,0,0,3,3,6,2,9,11,5,27,0,0,0,27
07/11/2021,OTH,OR,ANM,WE,Federal Contract Tower,4,8,3,2,17,0,0,5,2,7,4,8,8,4,24,0,24,24,48
07/12/2021,OTH,OR,ANM,WE,Federal Contract Tower,2,4,11,0,17,0,2,3,10,15,2,6,14,10,32,0,6,6,38
07/13/2021,OTH,OR,ANM,WE,Federal Contract Tower,2,8,4,0,14,0,1,5,11,17,2,9,9,11,31,4,2,6,37
07/14/2021,OTH,OR,ANM,WE,Federal Contract Tower,4,14,8,1,27,0,1,4,10,15,4,15,12,11,42,0,2,2,44
07/15/2021,OTH,OR,ANM,WE,Federal Contract Tower,2,11,8,0,21,0,1,8,4,13,2,12,16,4,34,0,30,30,64
07/16/2021,OTH,OR,ANM,WE,Federal Contract Tower,2,7,4,0,13,0,3,15,5,23,2,10,19,5,36,20,6,26,62
07/17/2021,OTH,OR,ANM,WE,Federal Contract Tower,2,5,2,0,9,0,2,26,2,30,2,7,28,2,39,10,0,10,49
07/18/2021,OTH,OR,ANM,WE,Federal Contract Tower,4,7,13,2,26,0,0,13,2,15,4,7,26,4,41,14,19,33,74
07/19/2021,OTH,OR,ANM,WE,Federal Contract Tower,4,9,2,1,16,0,1,10,9,20,4,10,12,10,36,16,26,42,78
07/20/2021,OTH,OR,ANM,WE,Federal Contract Tower,2,11,12,2,27,0,1,10,8,19,2,12,22,10,46,4,0,4,50
07/21/2021,OTH,OR,ANM,WE,Federal Contract Tower,3,11,6,0,20,0,5,11,10,26,3,16,17,10,46,30,10,40,86
07/22/2021,OTH,OR,ANM,WE,Federal Contract Tower,2,8,11,2,23,0,4,14,7,25,2,12,25,9,48,12,0,12,60
07/23/2021,OTH,OR,ANM,WE,Federal Contract Tower,2,7,4,0,13,0,1,23,7,31,2,8,27,7,44,22,50,72,116
07/24/2021,OTH,OR,ANM,WE,Federal Contract Tower,2,7,5,0,14,0,1,5,5,11,2,8,10,5,25,0,18,18,43
07/25/2021,OTH,OR,ANM,WE,Federal Contract Tower,4,13,16,0,33,0,0,9,4,13,4,13,25,4,46,10,12,22,68
07/26/2021,OTH,OR,ANM,WE,Federal Contract Tower,2,6,5,9,22,0,0,4,1,5,2,6,9,10,27,12,0,12,39
07/27/2021,OTH,OR,ANM,WE,Federal Contract Tower,2,8,8,16,34,0,2,4,6,12,2,10,12,22,46,32,30,62,108
07/28/2021,OTH,OR,ANM,WE,Federal Contract Tower,4,10,7,3,24,0,6,23,8,37,4,16,30,11,61,10,24,34,95
07/29/2021,OTH,OR,ANM,WE,Federal Contract Tower,2,12,8,0,22,0,2,13,0,15,2,14,21,0,37,0,0,0,37
07/30/2021,OTH,OR,ANM,WE,Federal Contract Tower,2,8,3,9,22,0,2,18,10,30,2,10,21,19,52,8,0,8,60
07/31/2021,OTH,OR,ANM,WE,Federal Contract Tower,1,7,10,0,18,0,1,2,0,3,1,8,12,0,21,0,0,0,21
08/01/2021,OTH,OR,ANM,WE,Federal Contract Tower,4,7,8,0,19,0,1,12,4,17,4,8,20,4,36,0,22,22,58
08/02/2021,OTH,OR,ANM,WE,Federal Contract Tower,2,8,5,4,19,0,0,4,4,8,2,8,9,8,27,0,14,14,41
08/03/2021,OTH,OR,ANM,WE,Federal Contract Tower,2,7,11,0,20,0,2,8,0,10,2,9,19,0,30,20,0,20,50
08/04/2021,OTH,OR,ANM,WE,Federal Contract Tower,4,11,16,0,31,0,2,15,0,17,4,13,31,0,48,10,0,10,58
08/05/2021,OTH,OR,ANM,WE,Federal Contract Tower,2,15,5,0,22,0,0,8,2,10,2,15,13,2,32,4,0,4,36
08/06/2021,OTH,OR,ANM,WE,Federal Contract Tower,2,6,16,0,24,0,4,14,1,19,2,10,30,1,43,6,0,6,49
08/07/2021,OTH,OR,ANM,WE,Federal Contract Tower,2,16,12,0,30,0,2,8,2,12,2,18,20,2,42,2,4,6,48
08/08/2021,OTH,OR,ANM,WE,Federal Contract Tower,4,5,8,0,17,0,4,16,3,23,4,9,24,3,40,20,2,22,62
08/09/2021,OTH,OR,ANM,WE,Federal Contract Tower,2,6,6,1,15,0,2,24,13,39,2,8,30,14,54,26,4,30,84
08/10/2021,OTH,OR,ANM,WE,Federal Contract Tower,4,2,3,0,9,0,6,9,15,30,4,8,12,15,39,0,16,16,55
08/11/2021,OTH,OR,ANM,WE,Federal Contract Tower,4,9,10,0,23,0,5,14,11,30,4,14,24,11,53,38,22,60,113
08/12/2021,OTH,OR,ANM,WE,Federal Contract Tower,2,12,15,0,29,0,4,24,3,31,2,16,39,3,60,50,2,52,112
08/13/2021,OTH,OR,ANM,WE,Federal Contract Tower,2,10,10,0,22,0,1,37,7,45,2,11,47,7,67,22,0,22,89
08/14/2021,OTH,OR,ANM,WE,Federal Contract Tower,2,10,7,0,19,0,0,18,1,19,2,10,25,1,38,0,4,4,42
08/15/2021,OTH,OR,ANM,WE,Federal Contract Tower,4,10,7,4,25,0,0,8,2,10,4,10,15,6,35,0,0,0,35
08/16/2021,OTH,OR,ANM,WE,Federal Contract Tower,2,11,11,5,29,0,1,5,5,11,2,12,16,10,40,6,4,10,50
08/17/2021,OTH,OR,ANM,WE,Federal Contract Tower,2,12,9,0,23,0,2,7,15,24,2,14,16,15,47,24,32,56,103
08/18/2021,OTH,OR,ANM,WE,Federal Contract Tower,5,8,13,0,26,0,3,15,12,30,5,11,28,12,56,0,4,4,60
08/19/2021,OTH,OR,ANM,WE,Federal Contract Tower,2,17,18,0,37,0,0,4,0,4,2,17,22,0,41,0,0,0,41
08/20/2021,OTH,OR,ANM,WE,Federal Contract Tower,2,6,13,0,21,0,5,25,6,36,2,11,38,6,57,50,14,64,121
08/21/2021,OTH,OR,ANM,WE,Federal Contract Tower,2,17,8,0,27,0,0,13,0,13,2,17,21,0,40,30,0,30,70
08/23/2021,OTH,OR,ANM,WE,Federal Contract Tower,2,8,8,0,18,0,2,10,7,19,2,10,18,7,37,2,0,2,39
08/24/2021,OTH,OR,ANM,WE,Federal Contract Tower,2,11,8,1,22,0,3,6,6,15,2,14,14,7,37,8,4,12,49
08/25/2021,OTH,OR,ANM,WE,Federal Contract Tower,4,13,9,1,27,0,4,18,8,30,4,17,27,9,57,24,16,40,97
08/26/2021,OTH,OR,ANM,WE,Federal Contract Tower,2,8,4,1,15,0,4,4,1,9,2,12,8,2,24,0,0,0,24
08/27/2021,OTH,OR,ANM,WE,Federal Contract Tower,2,9,5,0,16,0,4,12,5,21,2,13,17,5,37,18,8,26,63
08/28/2021,OTH,OR,ANM,WE,Federal Contract Tower,2,9,9,1,21,0,5,19,8,32,2,14,28,9,53,50,2,52,105
08/29/2021,OTH,OR,ANM,WE,Federal Contract Tower,4,9,15,5,33,0,1,3,4,8,4,10,18,9,41,2,0,2,43
08/30/2021,OTH,OR,ANM,WE,Federal Contract Tower,2,2,6,0,10,0,6,6,13,25,2,8,12,13,35,6,0,6,41
08/31/2021,OTH,OR,ANM,WE,Federal Contract Tower,2,8,3,3,16,0,3,26,9,38,2,11,29,12,54,4,22,26,80
09/01/2021,OTH,OR,ANM,WE,Federal Contract Tower,4,12,13,0,29,0,8,20,6,34,4,20,33,6,63,34,2,36,99
09/02/2021,OTH,OR,ANM,WE,Federal Contract Tower,2,8,10,3,23,0,2,8,1,11,2,10,18,4,34,30,0,30,64
09/03/2021,OTH,OR,ANM,WE,Federal Contract Tower,2,11,17,0,30,0,2,12,0,14,2,13,29,0,44,42,0,42,86
09/04/2021,OTH,OR,ANM,WE,Federal Contract Tower,2,5,8,0,15,0,7,20,2,29,2,12,28,2,44,0,0,0,44
09/05/2021,OTH,OR,ANM,WE,Federal Contract Tower,4,3,4,0,11,0,1,11,2,14,4,4,15,2,25,6,0,6,31
09/06/2021,OTH,OR,ANM,WE,Federal Contract Tower,2,2,10,0,14,0,0,13,2,15,2,2,23,2,29,0,0,0,29
09/07/2021,OTH,OR,ANM,WE,Federal Contract Tower,2,10,9,0,21,0,9,13,8,30,2,19,22,8,51,10,18,28,79
09/08/2021,OTH,OR,ANM,WE,Federal Contract Tower,4,14,17,0,35,0,1,11,0,12,4,15,28,0,47,62,0,62,109
09/09/2021,OTH,OR,ANM,WE,Federal Contract Tower,2,14,11,0,27,0,2,10,5,17,2,16,21,5,44,12,0,12,56
09/10/2021,OTH,OR,ANM,WE,Federal Contract Tower,2,9,11,4,26,0,5,8,4,17,2,14,19,8,43,2,22,24,67
09/11/2021,OTH,OR,ANM,WE,Federal Contract Tower,2,8,6,0,16,0,2,11,4,17,2,10,17,4,33,0,18,18,51
09/12/2021,OTH,OR,ANM,WE,Federal Contract Tower,5,11,6,0,22,0,1,4,3,8,5,12,10,3,30,0,6,6,36
09/13/2021,OTH,OR,ANM,WE,Federal Contract Tower,2,8,9,0,19,0,3,13,7,23,2,11,22,7,42,34,12,46,88
09/14/2021,OTH,OR,ANM,WE,Federal Contract Tower,2,8,2,0,12,0,6,26,5,37,2,14,28,5,49,42,0,42,91
09/15/2021,OTH,OR,ANM,WE,Federal Contract Tower,4,15,11,0,30,0,3,11,8,22,4,18,22,8,52,20,0,20,72
09/16/2021,OTH,OR,ANM,WE,Federal Contract Tower,2,3,14,0,19,0,4,21,4,29,2,7,35,4,48,54,0,54,102
09/17/2021,OTH,OR,ANM,WE,Federal Contract Tower,2,12,6,0,20,0,2,6,5,13,2,14,12,5,33,40,32,72,105
09/18/2021,OTH,OR,ANM,WE,Federal Contract Tower,2,9,7,0,18,0,0,0,2,2,2,9,7,2,20,0,0,0,20
09/19/2021,OTH,OR,ANM,WE,Federal Contract Tower,2,6,14,4,26,0,2,4,3,9,2,8,18,7,35,8,0,8,43
09/20/2021,OTH,OR,ANM,WE,Federal Contract Tower,5,3,5,0,13,0,5,15,9,29,5,8,20,9,42,48,10,58,100
09/21/2021,OTH,OR,ANM,WE,Federal Contract Tower,2,7,4,1,14,0,2,37,9,48,2,9,41,10,62,24,6,30,92
09/22/2021,OTH,OR,ANM,WE,Federal Contract Tower,4,12,9,0,25,0,4,10,8,22,4,16,19,8,47,18,4,22,69
09/23/2021,OTH,OR,ANM,WE,Federal Contract Tower,2,12,10,0,24,0,20,20,9,49,2,32,30,9,73,44,6,50,123
09/24/2021,OTH,OR,ANM,WE,Federal Contract Tower,2,5,5,0,12,0,7,15,6,28,2,12,20,6,40,4,2,6,46
09/25/2021,OTH,OR,ANM,WE,Federal Contract Tower,2,16,5,1,24,0,0,2,0,2,2,16,7,1,26,0,0,0,26
09/26/2021,OTH,OR,ANM,WE,Federal Contract Tower,4,8,8,0,20,0,0,10,7,17,4,8,18,7,37,38,4,42,79
09/27/2021,OTH,OR,ANM,WE,Federal Contract Tower,2,14,4,1,21,0,0,0,4,4,2,14,4,5,25,0,0,0,25
09/28/2021,OTH,OR,ANM,WE,Federal Contract Tower,2,9,5,0,16,0,2,21,17,40,2,11,26,17,56,2,2,4,60
09/29/2021,OTH,OR,ANM,WE,Federal Contract Tower,4,14,12,0,30,0,2,17,2,21,4,16,29,2,51,2,0,2,53
09/30/2021,OTH,OR,ANM,WE,Federal Contract Tower,2,19,7,0,28,0,0,2,12,14,2,19,9,12,42,16,14,30,72
10/01/2021,OTH,OR,ANM,WE,Federal Contract Tower,2,11,8,0,21,0,5,8,3,16,2,16,16,3,37,38,22,60,97
10/02/2021,OTH,OR,ANM,WE,Federal Contract Tower,2,13,5,0,20,0,2,19,4,25,2,15,24,4,45,24,0,24,69
10/03/2021,OTH,OR,ANM,WE,Federal Contract Tower,3,9,7,0,19,0,2,11,4,17,3,11,18,4,36,28,4,32,68
10/04/2021,OTH,OR,ANM,WE,Federal Contract Tower,2,13,2,2,19,0,1,11,2,14,2,14,13,4,33,0,0,0,33
10/05/2021,OTH,OR,ANM,WE,Federal Contract Tower,2,9,7,4,22,0,0,1,20,21,2,9,8,24,43,0,6,6,49
10/06/2021,OTH,OR,ANM,WE,Federal Contract Tower,2,9,3,0,14,0,5,7,14,26,2,14,10,14,40,8,6,14,54
10/07/2021,OTH,OR,ANM,WE,Federal Contract Tower,2,7,8,0,17,0,3,9,7,19,2,10,17,7,36,10,2,12,48
10/08/2021,OTH,OR,ANM,WE,Federal Contract Tower,2,8,5,0,15,0,5,7,5,17,2,13,12,5,32,6,12,18,50
10/09/2021,OTH,OR,ANM,WE,Federal Contract Tower,2,6,3,0,11,0,3,11,4,18,2,9,14,4,29,4,2,6,35
10/10/2021,OTH,OR,ANM,WE,Federal Contract Tower,2,11,5,0,18,0,0,7,4,11,2,11,12,4,29,72,20,92,121
10/11/2021,OTH,OR,ANM,WE,Federal Contract Tower,2,8,3,0,13,0,4,10,2,16,2,12,13,2,29,8,2,10,39
10/12/2021,OTH,OR,ANM,WE,Federal Contract Tower,2,6,16,0,24,0,2,20,5,27,2,8,36,5,51,4,0,4,55
10/13/2021,OTH,OR,ANM,WE,Federal Contract Tower,2,12,0,0,14,0,1,6,8,15,2,13,6,8,29,10,0,10,39
10/14/2021,OTH,OR,ANM,WE,Federal Contract Tower,2,13,14,1,30,0,1,6,7,14,2,14,20,8,44,0,4,4,48
10/15/2021,OTH,OR,ANM,WE,Federal Contract Tower,2,14,2,1,19,0,3,20,4,27,2,17,22,5,46,16,16,32,78
10/16/2021,OTH,OR,ANM,WE,Federal Contract Tower,2,2,10,0,14,0,6,19,4,29,2,8,29,4,43,42,6,48,91
10/17/2021,OTH,OR,ANM,WE,Federal Contract Tower,2,7,12,1,22,0,0,0,3,3,2,7,12,4,25,0,0,0,25
10/19/2021,OTH,OR,ANM,WE,Federal Contract Tower,2,12,5,1,20,0,3,24,8,35,2,15,29,9,55,76,4,80,135
10/20/2021,OTH,OR,ANM,WE,Federal Contract Tower,2,9,5,0,16,0,1,4,6,11,2,10,9,6,27,8,0,8,35
10/21/2021,OTH,OR,ANM,WE,Federal Contract Tower,0,9,1,3,13,0,1,4,3,8,0,10,5,6,21,18,0,18,39
10/22/2021,OTH,OR,ANM,WE,Federal Contract Tower,0,8,10,4,22,0,0,1,5,6,0,8,11,9,28,0,44,44,72
10/23/2021,OTH,OR,ANM,WE,Federal Contract Tower,4,10,2,0,16,0,0,3,2,5,4,10,5,2,21,12,0,12,33
10/24/2021,OTH,OR,ANM,WE,Federal Contract Tower,2,4,5,0,11,0,0,1,4,5,2,4,6,4,16,0,8,8,24
10/25/2021,OTH,OR,ANM,WE,Federal Contract Tower,2,5,7,0,14,0,0,3,4,7,2,5,10,4,21,2,0,2,23
10/26/2021,OTH,OR,ANM,WE,Federal Contract Tower,2,7,9,1,19,0,0,4,8,12,2,7,13,9,31,16,2,18,49
10/27/2021,OTH,OR,ANM,WE,Federal Contract Tower,2,12,14,6,34,0,1,11,7,19,2,13,25,13,53,54,14,68,121
10/28/2021,OTH,OR,ANM,WE,Federal Contract Tower,2,9,4,1,16,0,1,7,3,11,2,10,11,4,27,28,14,42,69
10/29/2021,OTH,OR,ANM,WE,Federal Contract Tower,2,8,16,4,30,0,2,4,3,9,2,10,20,7,39,8,42,50,89
10/30/2021,OTH,OR,ANM,WE,Federal Contract Tower,2,8,12,0,22,0,0,11,3,14,2,8,23,3,36,96,10,106,142
10/31/2021,OTH,OR,ANM,WE,Federal Contract Tower,0,8,6,0,14,0,2,8,3,13,0,10,14,3,27,24,14,38,65
11/01/2021,OTH,OR,ANM,WE,Federal Contract Tower,0,7,14,1,22,0,2,4,7,13,0,9,18,8,35,16,8,24,59
11/02/2021,OTH,OR,ANM,WE,Federal Contract Tower,0,5,12,1,18,0,4,27,30,61,0,9,39,31,79,70,0,70,149
11/03/2021,OTH,OR,ANM,WE,Federal Contract Tower,2,13,16,0,31,0,2,9,6,17,2,15,25,6,48,0,24,24,72
11/04/2021,OTH,OR,ANM,WE,Federal Contract Tower,2,8,14,0,24,0,1,0,7,8,2,9,14,7,32,0,6,6,38
11/05/2021,OTH,OR,ANM,WE,Federal Contract Tower,2,9,16,10,37,0,2,3,7,12,2,11,19,17,49,0,2,2,51
11/06/2021,OTH,OR,ANM,WE,Federal Contract Tower,0,6,2,0,8,0,2,7,6,15,0,8,9,6,23,24,8,32,55
11/07/2021,OTH,OR,ANM,WE,Federal Contract Tower,0,3,7,0,10,0,2,13,3,18,0,5,20,3,28,68,0,68,96
11/08/2021,OTH,OR,ANM,WE,Federal Contract Tower,0,8,4,0,12,0,0,25,12,37,0,8,29,12,49,6,0,6,55
11/09/2021,OTH,OR,ANM,WE,Federal Contract Tower,0,9,3,0,12,0,5,9,11,25,0,14,12,11,37,0,16,16,53
11/10/2021,OTH,OR,ANM,WE,Federal Contract Tower,2,8,14,0,24,0,2,4,8,14,2,10,18,8,38,12,0,12,50
11/11/2021,OTH,OR,ANM,WE,Federal Contract Tower,2,14,8,8,32,0,0,10,1,11,2,14,18,9,43,18,0,18,61
11/12/2021,OTH,OR,ANM,WE,Federal Contract Tower,0,7,1,0,8,0,0,0,0,0,0,7,1,0,8,0,0,0,8
11/13/2021,OTH,OR,ANM,WE,Federal Contract Tower,0,5,6,0,11,0,1,16,5,22,0,6,22,5,33,24,4,28,61
11/14/2021,OTH,OR,ANM,WE,Federal Contract Tower,0,6,13,3,22,0,0,6,3,9,0,6,19,6,31,4,0,4,35
11/15/2021,OTH,OR,ANM,WE,Federal Contract Tower,0,14,8,0,22,0,0,2,10,12,0,14,10,10,34,0,0,0,34
11/16/2021,OTH,OR,ANM,WE,Federal Contract Tower,0,7,4,0,11,0,3,26,9,38,0,10,30,9,49,2,10,12,61
11/17/2021,OTH,OR,ANM,WE,Federal Contract Tower,0,8,1,0,9,0,5,15,12,32,0,13,16,12,41,30,4,34,75
11/18/2021,OTH,OR,ANM,WE,Federal Contract Tower,0,7,10,0,17,0,2,8,4,14,0,9,18,4,31,0,2,2,33
11/19/2021,OTH,OR,ANM,WE,Federal Contract Tower,0,11,3,0,14,0,2,7,6,15,0,13,10,6,29,18,22,40,69
11/20/2021,OTH,OR,ANM,WE,Federal Contract Tower,0,4,6,0,10,0,0,37,5,42,0,4,43,5,52,8,28,36,88
11/21/2021,OTH,OR,ANM,WE,Federal Contract Tower,0,4,1,1,6,0,0,23,3,26,0,4,24,4,32,8,16,24,56
11/22/2021,OTH,OR,ANM,WE,Federal Contract Tower,0,3,8,0,11,0,2,10,8,20,0,5,18,8,31,18,2,20,51
11/23/2021,OTH,OR,ANM,WE,Federal Contract Tower,0,3,19,0,22,0,0,4,15,19,0,3,23,15,41,28,0,28,69
11/24/2021,OTH,OR,ANM,WE,Federal Contract Tower,0,6,3,0,9,0,4,14,10,28,0,10,17,10,37,42,2,44,81
11/25/2021,OTH,OR,ANM,WE,Federal Contract Tower,0,3,2,0,5,0,0,3,10,13,0,3,5,10,18,0,2,2,20
11/26/2021,OTH,OR,ANM,WE,Federal Contract Tower,0,11,2,0,13,0,0,0,0,0,0,11,2,0,13,0,0,0,13
11/27/2021,OTH,OR,ANM,WE,Federal Contract Tower,0,6,3,0,9,0,0,0,4,4,0,6,3,4,13,0,12,12,25
11/28/2021,OTH,OR,ANM,WE,Federal Contract Tower,0,1,6,1,8,0,0,0,3,3,0,1,6,4,11,0,0,0,11
11/29/2021,OTH,OR,ANM,WE,Federal Contract Tower,0,10,2,2,14,0,1,10,4,15,0,11,12,6,29,0,7,7,36
11/30/2021,OTH,OR,ANM,WE,Federal Contract Tower,0,10,7,1,18,0,8,1,16,25,0,18,8,17,43,22,18,40,83
12/01/2021,OTH,OR,ANM,WE,Federal Contract Tower,0,6,2,1,9,0,3,9,8,20,0,9,11,9,29,0,2,2,31
12/02/2021,OTH,OR,ANM,WE,Federal Contract Tower,0,10,12,0,22,0,0,2,6,8,0,10,14,6,30,0,2,2,32
12/03/2021,OTH,OR,ANM,WE,Federal Contract Tower,0,5,2,12,19,0,4,17,11,32,0,9,19,23,51,4,20,24,75
12/04/2021,OTH,OR,ANM,WE,Federal Contract Tower,0,8,5,0,13,0,0,0,6,6,0,8,5,6,19,0,2,2,21
12/05/2021,OTH,OR,ANM,WE,Federal Contract Tower,0,2,6,0,8,0,0,15,4,19,0,2,21,4,27,26,0,26,53
12/06/2021,OTH,OR,ANM,WE,Federal Contract Tower,0,6,3,0,9,0,2,2,7,11,0,8,5,7,20,12,12,24,44
12/07/2021,OTH,OR,ANM,WE,Federal Contract Tower,0,7,16,6,29,0,0,0,4,4,0,7,16,10,33,0,16,16,49
12/08/2021,OTH,OR,ANM,WE,Federal Contract Tower,0,11,2,1,14,0,2,0,5,7,0,13,2,6,21,0,20,20,41
12/09/2021,OTH,OR,ANM,WE,Federal Contract Tower,0,9,5,0,14,0,1,0,7,8,0,10,5,7,22,0,14,14,36
12/10/2021,OTH,OR,ANM,WE,Federal Contract Tower,0,8,5,0,13,0,1,6,3,10,0,9,11,3,23,30,26,56,79
12/11/2021,OTH,OR,ANM,WE,Federal Contract Tower,0,3,0,0,3,0,0,1,4,5,0,3,1,4,8,0,0,0,8
12/12/2021,OTH,OR,ANM,WE,Federal Contract Tower,0,0,5,0,5,0,0,1,5,6,0,0,6,5,11,0,6,6,17
12/13/2021,OTH,OR,ANM,WE,Federal Contract Tower,0,7,1,0,8,0,1,5,7,13,0,8,6,7,21,2,2,4,25
12/14/2021,OTH,OR,ANM,WE,Federal Contract Tower,0,8,4,0,12,0,4,12,7,23,0,12,16,7,35,14,0,14,49
12/15/2021,OTH,OR,ANM,WE,Federal Contract Tower,0,14,2,0,16,0,0,2,0,2,0,14,4,0,18,0,4,4,22
12/16/2021,OTH,OR,ANM,WE,Federal Contract Tower,0,11,3,13,27,0,1,2,8,11,0,12,5,21,38,10,6,16,54
12/17/2021,OTH,OR,ANM,WE,Federal Contract Tower,0,8,2,0,10,0,3,19,3,25,0,11,21,3,35,24,0,24,59
12/18/2021,OTH,OR,ANM,WE,Federal Contract Tower,0,6,2,0,8,0,0,7,3,10,0,6,9,3,18,14,0,14,32
12/19/2021,OTH,OR,ANM,WE,Federal Contract Tower,0,2,4,0,6,0,0,0,5,5,0,2,4,5,11,0,10,10,21
12/20/2021,OTH,OR,ANM,WE,Federal Contract Tower,0,7,2,2,11,0,0,0,4,4,0,7,2,6,15,0,0,0,15
12/21/2021,OTH,OR,ANM,WE,Federal Contract Tower,0,6,2,0,8,0,2,16,2,20,0,8,18,2,28,48,0,48,76
12/22/2021,OTH,OR,ANM,WE,Federal Contract Tower,0,8,2,0,10,0,2,6,5,13,0,10,8,5,23,28,0,28,51
12/23/2021,OTH,OR,ANM,WE,Federal Contract Tower,0,10,3,0,13,0,0,7,8,15,0,10,10,8,28,42,4,46,74
12/24/2021,OTH,OR,ANM,WE,Federal Contract Tower,0,8,0,0,8,0,0,0,4,4,0,8,0,4,12,0,0,0,12
12/25/2021,OTH,OR,ANM,WE,Federal Contract Tower,0,2,0,0,2,0,0,0,7,7,0,2,0,7,9,0,10,10,19
12/26/2021,OTH,OR,ANM,WE,Federal Contract Tower,0,4,1,0,5,0,0,0,5,5,0,4,1,5,10,0,22,22,32
12/27/2021,OTH,OR,ANM,WE,Federal Contract Tower,0,7,1,0,8,0,0,1,0,1,0,7,2,0,9,0,0,0,9
12/28/2021,OTH,OR,ANM,WE,Federal Contract Tower,0,7,2,0,9,0,1,5,9,15,0,8,7,9,24,12,14,26,50
12/29/2021,OTH,OR,ANM,WE,Federal Contract Tower,0,9,1,0,10,0,2,10,4,16,0,11,11,4,26,6,6,12,38
12/30/2021,OTH,OR,ANM,WE,Federal Contract Tower,0,10,0,2,12,0,1,1,3,5,0,11,1,5,17,0,0,0,17
12/31/2021,OTH,OR,ANM,WE,Federal Contract Tower,0,10,3,0,13,0,2,1,1,4,0,12,4,1,17,0,0,0,17
01/01/2022,OTH,OR,ANM,WE,Federal Contract Tower,0,1,3,3,7,0,1,22,4,27,0,2,25,7,34,4,0,4,38
01/02/2022,OTH,OR,ANM,WE,Federal Contract Tower,0,0,4,0,4,0,0,0,0,0,0,0,4,0,4,0,0,0,4
01/03/2022,OTH,OR,ANM,WE,Federal Contract Tower,0,5,3,0,8,0,1,0,3,4,0,6,3,3,12,0,0,0,12
01/04/2022,OTH,OR,ANM,WE,Federal Contract Tower,0,9,4,0,13,0,0,0,2,2,0,9,4,2,15,0,0,0,15
01/05/2022,OTH,OR,ANM,WE,Federal Contract Tower,0,9,4,4,17,0,0,0,4,4,0,9,4,8,21,0,8,8,29
01/06/2022,OTH,OR,ANM,WE,Federal Contract Tower,0,7,7,0,14,0,3,0,6,9,0,10,7,6,23,0,18,18,41
01/07/2022,OTH,OR,ANM,WE,Federal Contract Tower,0,11,1,0,12,0,0,1,9,10,0,11,2,9,22,0,34,34,56
01/08/2022,OTH,OR,ANM,WE,Federal Contract Tower,0,6,2,0,8,0,1,26,5,32,0,7,28,5,40,50,0,50,90
01/09/2022,OTH,OR,ANM,WE,Federal Contract Tower,0,4,2,0,6,0,0,35,7,42,0,4,37,7,48,36,8,44,92
01/10/2022,OTH,OR,ANM,WE,Federal Contract Tower,0,5,3,0,8,0,3,13,6,22,0,8,16,6,30,6,2,8,38
01/11/2022,OTH,OR,ANM,WE,Federal Contract Tower,0,1,3,1,5,0,5,4,3,12,0,6,7,4,17,2,0,2,19
01/12/2022,OTH,OR,ANM,WE,Federal Contract Tower,0,8,4,0,12,0,6,6,8,20,0,14,10,8,32,2,2,4,36
01/13/2022,OTH,OR,ANM,WE,Federal Contract Tower,0,8,0,26,34,0,0,0,0,0,0,8,0,26,34,0,0,0,34
01/14/2022,OTH,OR,ANM,WE,Federal Contract Tower,0,6,2,0,8,0,3,14,4,21,0,9,16,4,29,6,18,24,53
01/15/2022,OTH,OR,ANM,WE,Federal Contract Tower,0,2,2,1,5,0,1,23,5,29,0,3,25,6,34,14,6,20,54
01/16/2022,OTH,OR,ANM,WE,Federal Contract Tower,0,8,4,0,12,0,3,16,4,23,0,11,20,4,35,46,8,54,89
01/17/2022,OTH,OR,ANM,WE,Federal Contract Tower,0,8,9,10,27,0,0,2,0,2,0,8,11,10,29,0,0,0,29
01/18/2022,OTH,OR,ANM,WE,Federal Contract Tower,0,7,6,4,17,0,1,1,7,9,0,8,7,11,26,0,50,50,76
01/19/2022,OTH,OR,ANM,WE,Federal Contract Tower,0,7,6,1,14,0,1,3,11,15,0,8,9,12,29,24,12,36,65
01/20/2022,OTH,OR,ANM,WE,Federal Contract Tower,0,9,0,2,11,0,0,0,0,0,0,9,0,2,11,0,0,0,11
01/21/2022,OTH,OR,ANM,WE,Federal Contract Tower,0,6,4,0,10,0,6,20,9,35,0,12,24,9,45,0,0,0,45
01/22/2022,OTH,OR,ANM,WE,Federal Contract Tower,0,3,7,1,11,0,1,20,4,25,0,4,27,5,36,70,2,72,108
01/23/2022,OTH,OR,ANM,WE,Federal Contract Tower,0,2,0,0,2,0,0,26,4,30,0,2,26,4,32,42,8,50,82
01/24/2022,OTH,OR,ANM,WE,Federal Contract Tower,0,4,2,0,6,0,1,20,11,32,0,5,22,11,38,0,10,10,48
01/25/2022,OTH,OR,ANM,WE,Federal Contract Tower,0,6,0,0,6,0,1,20,12,33,0,7,20,12,39,36,4,40,79
01/26/2022,OTH,OR,ANM,WE,Federal Contract Tower,0,8,4,0,12,0,0,20,8,28,0,8,24,8,40,74,44,118,158
01/27/2022,OTH,OR,ANM,WE,Federal Contract Tower,0,9,6,1,16,0,4,20,5,29,0,13,26,6,45,70,4,74,119
01/28/2022,OTH,OR,ANM,WE,Federal Contract Tower,0,6,0,0,6,0,5,11,7,23,0,11,11,7,29,6,8,14,43
01/29/2022,OTH,OR,ANM,WE,Federal Contract Tower,0,4,0,0,4,0,2,25,4,31,0,6,25,4,35,24,10,34,69
01/30/2022,OTH,OR,ANM,WE,Federal Contract Tower,0,4,4,0,8,0,0,3,4,7,0,4,7,4,15,6,2,8,23
01/31/2022,OTH,OR,ANM,WE,Federal Contract Tower,0,7,2,1,10,0,1,9,18,28,0,8,11,19,38,12,8,20,58
02/01/2022,OTH,OR,ANM,WE,Federal Contract Tower,0,7,5,1,13,0,2,1,9,12,0,9,6,10,25,0,32,32,57
02/02/2022,OTH,OR,ANM,WE,Federal Contract Tower,0,9,3,0,12,0,0,3,8,11,0,9,6,8,23,10,26,36,59
02/03/2022,OTH,OR,ANM,WE,Federal Contract Tower,0,6,4,0,10,0,3,15,10,28,0,9,19,10,38,16,8,24,62
02/04/2022,OTH,OR,ANM,WE,Federal Contract Tower,0,12,10,4,26,0,1,2,7,10,0,13,12,11,36,0,38,38,74
02/05/2022,OTH,OR,ANM,WE,Federal Contract Tower,0,4,7,0,11,0,1,21,5,27,0,5,28,5,38,26,8,34,72
02/06/2022,OTH,OR,ANM,WE,Federal Contract Tower,0,3,6,0,9,0,2,30,3,35,0,5,36,3,44,16,0,16,60
02/07/2022,OTH,OR,ANM,WE,Federal Contract Tower,0,7,6,5,18,0,0,0,4,4,0,7,6,9,22,0,0,0,22
02/08/2022,OTH,OR,ANM,WE,Federal Contract Tower,0,7,2,0,9,0,3,11,7,21,0,10,13,7,30,0,0,0,30
02/09/2022,OTH,OR,ANM,WE,Federal Contract Tower,0,2,0,1,3,0,5,6,11,22,0,7,6,12,25,2,0,2,27
02/10/2022,OTH,OR,ANM,WE,Federal Contract Tower,0,10,3,0,13,0,4,18,0,22,0,14,21,0,35,16,0,16,51
02/11/2022,OTH,OR,ANM,WE,Federal Contract Tower,2,2,3,0,7,0,4,24,10,38,2,6,27,10,45,2,22,24,69
02/12/2022,OTH,OR,ANM,WE,Federal Contract Tower,0,5,7,0,12,0,7,19,3,29,0,12,26,3,41,6,2,8,49
02/13/2022,OTH,OR,ANM,WE,Federal Contract Tower,0,3,6,0,9,0,0,2,3,5,0,3,8,3,14,0,8,8,22
02/14/2022,OTH,OR,ANM,WE,Federal Contract Tower,0,6,4,0,10,0,1,0,4,5,0,7,4,4,15,0,0,0,15
02/15/2022,OTH,OR,ANM,WE,Federal Contract Tower,0,8,12,0,20,0,0,1,7,8,0,8,13,7,28,2,4,6,34
02/16/2022,OTH,OR,ANM,WE,Federal Contract Tower,0,11,6,0,17,0,1,2,4,7,0,12,8,4,24,0,0,0,24
02/17/2022,OTH,OR,ANM,WE,Federal Contract Tower,0,11,4,0,15,0,1,3,10,14,0,12,7,10,29,0,2,2,31
02/18/2022,OTH,OR,ANM,WE,Federal Contract Tower,0,9,5,0,14,0,3,17,11,31,0,12,22,11,45,0,48,48,93
02/19/2022,OTH,OR,ANM,WE,Federal Contract Tower,0,7,2,0,9,0,1,8,2,11,0,8,10,2,20,0,24,24,44
02/20/2022,OTH,OR,ANM,WE,Federal Contract Tower,0,6,1,0,7,0,0,7,4,11,0,6,8,4,18,0,4,4,22
02/21/2022,OTH,OR,ANM,WE,Federal Contract Tower,0,12,2,0,14,0,0,0,4,4,0,12,2,4,18,0,0,0,18
02/22/2022,OTH,OR,ANM,WE,Federal Contract Tower,0,6,3,0,9,0,2,24,4,30,0,8,27,4,39,12,0,12,51
02/23/2022,OTH,OR,ANM,WE,Federal Contract Tower,0,4,5,2,11,0,9,21,8,38,0,13,26,10,49,4,14,18,67
02/24/2022,OTH,OR,ANM,WE,Federal Contract Tower,0,11,0,2,13,0,3,20,8,31,0,14,20,10,44,6,0,6,50
02/25/2022,OTH,OR,ANM,WE,Federal Contract Tower,0,7,7,0,14,0,4,17,4,25,0,11,24,4,39,16,20,36,75
02/26/2022,OTH,OR,ANM,WE,Federal Contract Tower,0,8,1,0,9,0,2,4,2,8,0,10,5,2,17,4,0,4,21
02/27/2022,OTH,OR,ANM,WE,Federal Contract Tower,0,2,9,0,11,0,0,0,2,2,0,2,9,2,13,0,0,0,13
02/28/2022,OTH,OR,ANM,WE,Federal Contract Tower,0,4,1,0,5,0,0,0,2,2,0,4,1,2,7,0,0,0,7
03/01/2022,OTH,OR,ANM,WE,Federal Contract Tower,0,6,14,40,60,0,0,0,2,2,0,6,14,42,62,0,0,0,62
03/02/2022,OTH,OR,ANM,WE,Federal Contract Tower,0,10,3,0,13,0,0,0,2,2,0,10,3,2,15,0,4,4,19
03/03/2022,OTH,OR,ANM,WE,Federal Contract Tower,0,5,6,0,11,0,5,8,3,16,0,10,14,3,27,0,0,0,27
03/04/2022,OTH,OR,ANM,WE,Federal Contract Tower,0,8,6,1,15,0,1,3,4,8,0,9,9,5,23,0,8,8,31
03/05/2022,OTH,OR,ANM,WE,Federal Contract Tower,0,7,4,0,11,0,0,18,5,23,0,7,22,5,34,0,12,12,46
03/06/2022,OTH,OR,ANM,WE,Federal Contract Tower,0,5,10,0,15,0,0,0,0,0,0,5,10,0,15,24,0,24,39
03/07/2022,OTH,OR,ANM,WE,Federal Contract Tower,0,6,6,1,13,0,4,19,10,33,0,10,25,11,46,10,4,14,60
03/08/2022,OTH,OR,ANM,WE,Federal Contract Tower,0,4,4,0,8,0,2,13,12,27,0,6,17,12,35,4,36,40,75
03/09/2022,OTH,OR,ANM,WE,Federal Contract Tower,0,10,7,0,17,0,0,6,8,14,0,10,13,8,31,24,4,28,59
03/10/2022,OTH,OR,ANM,WE,Federal Contract Tower,0,4,5,0,9,0,3,28,3,34,0,7,33,3,43,22,0,22,65
03/11/2022,OTH,OR,ANM,WE,Federal Contract Tower,0,6,4,0,10,0,5,35,5,45,0,11,39,5,55,14,64,78,133
03/12/2022,OTH,OR,ANM,WE,Federal Contract Tower,0,6,2,0,8,0,1,0,8,9,0,7,2,8,17,0,12,12,29
03/13/2022,OTH,OR,ANM,WE,Federal Contract Tower,0,6,2,0,8,0,0,1,0,1,0,6,3,0,9,0,0,0,9
03/14/2022,OTH,OR,ANM,WE,Federal Contract Tower,0,9,1,0,10,0,0,8,6,14,0,9,9,6,24,24,0,24,48
03/15/2022,OTH,OR,ANM,WE,Federal Contract Tower,0,15,3,0,18,0,0,4,13,17,0,15,7,13,35,22,28,50,85
03/16/2022,OTH,OR,ANM,WE,Federal Contract Tower,0,13,11,0,24,0,8,12,6,26,0,21,23,6,50,22,14,36,86
03/17/2022,OTH,OR,ANM,WE,Federal Contract Tower,0,9,4,0,13,0,2,5,10,17,0,11,9,10,30,32,2,34,64
03/18/2022,OTH,OR,ANM,WE,Federal Contract Tower,0,11,11,27,49,0,2,6,4,12,0,13,17,31,61,14,40,54,115
03/19/2022,OTH,OR,ANM,WE,Federal Contract Tower,0,7,8,0,15,0,1,0,4,5,0,8,8,4,20,0,4,4,24
03/20/2022,OTH,OR,ANM,WE,Federal Contract Tower,0,2,3,2,7,0,0,10,4,14,0,2,13,6,21,18,50,68,89
03/21/2022,OTH,OR,ANM,WE,Federal Contract Tower,0,11,5,31,47,0,0,2,0,2,0,11,7,31,49,24,0,24,73
03/22/2022,OTH,OR,ANM,WE,Federal Contract Tower,0,8,8,0,16,0,2,34,9,45,0,10,42,9,61,42,18,60,121
03/23/2022,OTH,OR,ANM,WE,Federal Contract Tower,0,11,12,1,24,0,1,16,6,23,0,12,28,7,47,14,14,28,75
03/24/2022,OTH,OR,ANM,WE,Federal Contract Tower,0,9,8,2,19,0,4,33,8,45,0,13,41,10,64,14,0,14,78
03/25/2022,OTH,OR,ANM,WE,Federal Contract Tower,0,10,2,0,12,0,2,7,8,17,0,12,9,8,29,8,8,16,45
03/26/2022,OTH,OR,ANM,WE,Federal Contract Tower,0,7,0,0,7,0,8,12,5,25,0,15,12,5,32,0,0,0,32
03/27/2022,OTH,OR,ANM,WE,Federal Contract Tower,0,5,2,0,7,0,0,2,4,6,0,5,4,4,13,0,0,0,13
03/28/2022,OTH,OR,ANM,WE,Federal Contract Tower,0,8,4,2,14,0,0,4,4,8,0,8,8,6,22,12,8,20,42
03/29/2022,OTH,OR,ANM,WE,Federal Contract Tower,0,9,8,0,17,0,7,11,0,18,0,16,19,0,35,14,0,14,49
03/30/2022,OTH,OR,ANM,WE,Federal Contract Tower,0,12,4,0,16,0,1,4,12,17,0,13,8,12,33,0,0,0,33
03/31/2022,OTH,OR,ANM,WE,Federal Contract Tower,0,5,6,0,11,0,3,11,5,19,0,8,17,5,30,0,26,26,56
04/01/2022,OTH,OR,ANM,WE,Federal Contract Tower,0,6,4,0,10,0,3,18,6,27,0,9,22,6,37,4,14,18,55
04/02/2022,OTH,OR,ANM,WE,Federal Contract Tower,0,6,1,2,9,0,1,14,4,19,0,7,15,6,28,0,12,12,40
04/03/2022,OTH,OR,ANM,WE,Federal Contract Tower,0,3,4,0,7,0,0,9,4,13,0,3,13,4,20,4,0,4,24
04/04/2022,OTH,OR,ANM,WE,Federal Contract Tower,0,8,5,0,13,0,0,0,3,3,0,8,5,3,16,0,28,28,44
04/05/2022,OTH,OR,ANM,WE,Federal Contract Tower,0,6,3,0,9,0,4,14,11,29,0,10,17,11,38,24,86,110,148
04/06/2022,OTH,OR,ANM,WE,Federal Contract Tower,0,9,4,0,13,0,7,9,10,26,0,16,13,10,39,14,20,34,73
04/07/2022,OTH,OR,ANM,WE,Federal Contract Tower,0,10,4,0,14,0,4,39,11,54,0,14,43,11,68,22,24,46,114
04/08/2022,OTH,OR,ANM,WE,Federal Contract Tower,0,9,6,0,15,0,1,6,3,10,0,10,12,3,25,8,2,10,35
04/09/2022,OTH,OR,ANM,WE,Federal Contract Tower,0,4,4,0,8,0,1,5,4,10,0,5,9,4,18,0,12,12,30
04/10/2022,OTH,OR,ANM,WE,Federal Contract Tower,0,5,5,1,11,0,0,2,3,5,0,5,7,4,16,0,4,4,20
04/11/2022,OTH,OR,ANM,WE,Federal Contract Tower,0,8,2,0,10,0,1,0,6,7,0,9,2,6,17,0,30,30,47
04/12/2022,OTH,OR,ANM,WE,Federal Contract Tower,0,6,2,0,8,0,1,2,18,21,0,7,4,18,29,0,32,32,61
04/13/2022,OTH,OR,ANM,WE,Federal Contract Tower,0,15,7,0,22,0,1,3,10,14,0,16,10,10,36,18,30,48,84
04/14/2022,OTH,OR,ANM,WE,Federal Contract Tower,2,12,5,0,19,0,2,8,10,20,2,14,13,10,39,8,14,22,61
04/15/2022,OTH,OR,ANM,WE,Federal Contract Tower,0,10,9,0,19,0,3,4,5,12,0,13,13,5,31,2,16,18,49
04/16/2022,OTH,OR,ANM,WE,Federal Contract Tower,0,8,1,0,9,0,1,3,4,8,0,9,4,4,17,0,0,0,17
04/17/2022,OTH,OR,ANM,WE,Federal Contract Tower,0,4,3,0,7,0,0,11,4,15,0,4,14,4,22,8,2,10,32
04/18/2022,OTH,OR,ANM,WE,Federal Contract Tower,0,5,3,0,8,0,0,0,1,1,0,5,3,1,9,0,2,2,11
04/19/2022,OTH,OR,ANM,WE,Federal Contract Tower,0,8,4,0,12,0,1,4,10,15,0,9,8,10,27,8,18,26,53
04/20/2022,OTH,OR,ANM,WE,Federal Contract Tower,0,9,7,0,16,0,1,2,9,12,0,10,9,9,28,0,0,0,28
04/21/2022,OTH,OR,ANM,WE,Federal Contract Tower,0,8,2,0,10,0,0,3,10,13,0,8,5,10,23,2,8,10,33
04/22/2022,OTH,OR,ANM,WE,Federal Contract Tower,0,4,2,0,6,0,5,9,5,19,0,9,11,5,25,0,4,4,29
04/23/2022,OTH,OR,ANM,WE,Federal Contract Tower,0,2,2,2,6,0,2,18,3,23,0,4,20,5,29,0,4,4,33
04/24/2022,OTH,OR,ANM,WE,Federal Contract Tower,0,2,6,0,8,0,1,7,4,12,0,3,13,4,20,0,0,0,20
04/25/2022,OTH,OR,ANM,WE,Federal Contract Tower,0,5,8,0,13,0,1,7,5,13,0,6,15,5,26,0,0,0,26
04/26/2022,OTH,OR,ANM,WE,Federal Contract Tower,0,10,6,0,16,0,3,2,16,21,0,13,8,16,37,22,8,30,67
04/27/2022,OTH,OR,ANM,WE,Federal Contract Tower,0,4,2,0,6,0,4,18,2,24,0,8,20,2,30,42,0,42,72
04/28/2022,OTH,OR,ANM,WE,Federal Contract Tower,2,9,11,0,22,0,0,4,9,13,2,9,15,9,35,0,30,30,65
04/29/2022,OTH,OR,ANM,WE,Federal Contract Tower,0,12,4,0,16,0,1,4,5,10,0,13,8,5,26,0,8,8,34
04/30/2022,OTH,OR,ANM,WE,Federal Contract Tower,0,8,9,0,17,0,1,0,7,8,0,9,9,7,25,0,0,0,25
05/01/2022,OTH,OR,ANM,WE,Federal Contract Tower,2,10,9,0,21,0,1,29,4,34,2,11,38,4,55,32,0,32,87
05/02/2022,OTH,OR,ANM,WE,Federal Contract Tower,0,6,6,1,13,0,0,0,4,4,0,6,6,5,17,0,10,10,27
05/03/2022,OTH,OR,ANM,WE,Federal Contract Tower,0,12,5,1,18,0,4,2,7,13,0,16,7,8,31,0,4,4,35
05/04/2022,OTH,OR,ANM,WE,Federal Contract Tower,0,8,13,1,22,0,15,25,3,43,0,23,38,4,65,30,2,32,97
05/05/2022,OTH,OR,ANM,WE,Federal Contract Tower,0,16,2,1,19,0,0,0,9,9,0,16,2,10,28,0,26,26,54
05/06/2022,OTH,OR,ANM,WE,Federal Contract Tower,0,15,4,0,19,0,0,0,0,0,0,15,4,0,19,0,0,0,19
05/07/2022,OTH,OR,ANM,WE,Federal Contract Tower,0,13,9,0,22,0,1,1,3,5,0,14,10,3,27,0,0,0,27
05/08/2022,OTH,OR,ANM,WE,Federal Contract Tower,4,2,4,0,10,0,1,1,4,6,4,3,5,4,16,0,0,0,16
05/09/2022,OTH,OR,ANM,WE,Federal Contract Tower,0,14,7,0,21,0,2,3,3,8,0,16,10,3,29,10,0,10,39
05/10/2022,OTH,OR,ANM,WE,Federal Contract Tower,0,6,7,0,13,0,5,24,5,34,0,11,31,5,47,24,0,24,71
05/11/2022,OTH,OR,ANM,WE,Federal Contract Tower,4,9,9,0,22,0,3,13,3,19,4,12,22,3,41,0,0,0,41
05/12/2022,OTH,OR,ANM,WE,Federal Contract Tower,2,8,6,0,16,0,0,0,4,4,2,8,6,4,20,0,10,10,30
05/13/2022,OTH,OR,ANM,WE,Federal Contract Tower,0,12,5,17,34,0,0,4,1,5,0,12,9,18,39,8,0,8,47
05/14/2022,OTH,OR,ANM,WE,Federal Contract Tower,0,7,4,0,11,0,0,0,2,2,0,7,4,2,13,0,0,0,13
05/15/2022,OTH,OR,ANM,WE,Federal Contract Tower,3,9,8,4,24,0,0,1,2,3,3,9,9,6,27,0,0,0,27
05/16/2022,OTH,OR,ANM,WE,Federal Contract Tower,0,11,9,0,20,0,1,15,3,19,0,12,24,3,39,24,0,24,63
05/17/2022,OTH,OR,ANM,WE,Federal Contract Tower,1,10,14,0,25,0,2,34,9,45,1,12,48,9,70,12,0,12,82
05/18/2022,OTH,OR,ANM,WE,Federal Contract Tower,4,6,5,4,19,0,0,0,4,4,4,6,5,8,23,0,0,0,23
05/19/2022,OTH,OR,ANM,WE,Federal Contract Tower,3,9,6,0,18,0,7,10,12,29,3,16,16,12,47,36,0,36,83
05/20/2022,OTH,OR,ANM,WE,Federal Contract Tower,0,8,5,0,13,0,6,12,7,25,0,14,17,7,38,0,2,2,40
05/21/2022,OTH,OR,ANM,WE,Federal Contract Tower,0,4,8,2,14,0,4,7,5,16,0,8,15,7,30,2,0,2,32
05/22/2022,OTH,OR,ANM,WE,Federal Contract Tower,4,5,14,0,23,0,0,8,3,11,4,5,22,3,34,0,2,2,36
05/23/2022,OTH,OR,ANM,WE,Federal Contract Tower,0,14,3,0,17,0,4,13,3,20,0,18,16,3,37,0,0,0,37
05/24/2022,OTH,OR,ANM,WE,Federal Contract Tower,0,8,3,0,11,0,3,20,9,32,0,11,23,9,43,44,0,44,87
05/25/2022,OTH,OR,ANM,WE,Federal Contract Tower,4,7,7,0,18,0,2,22,10,34,4,9,29,10,52,10,8,18,70
05/26/2022,OTH,OR,ANM,WE,Federal Contract Tower,2,8,10,0,20,0,2,13,4,19,2,10,23,4,39,0,0,0,39
05/27/2022,OTH,OR,ANM,WE,Federal Contract Tower,0,10,14,0,24,0,1,3,4,8,0,11,17,4,32,4,0,4,36
05/28/2022,OTH,OR,ANM,WE,Federal Contract Tower,0,8,3,4,15,0,0,0,6,6,0,8,3,10,21,0,0,0,21
05/29/2022,OTH,OR,ANM,WE,Federal Contract Tower,4,3,3,0,10,0,0,1,8,9,4,3,4,8,19,0,0,0,19
05/30/2022,OTH,OR,ANM,WE,Federal Contract Tower,0,3,17,0,20,0,0,8,2,10,0,3,25,2,30,0,0,0,30
05/31/2022,OTH,OR,ANM,WE,Federal Contract Tower,0,12,9,0,21,0,4,6,5,15,0,16,15,5,36,0,0,0,36
06/01/2022,OTH,OR,ANM,WE,Federal Contract Tower,4,10,20,1,35,0,3,8,8,19,4,13,28,9,54,0,0,0,54
06/02/2022,OTH,OR,ANM,WE,Federal Contract Tower,2,11,5,0,18,0,2,8,4,14,2,13,13,4,32,4,0,4,36
06/03/2022,OTH,OR,ANM,WE,Federal Contract Tower,0,16,2,0,18,0,0,0,2,2,0,16,2,2,20,0,4,4,24
06/04/2022,OTH,OR,ANM,WE,Federal Contract Tower,2,8,2,0,12,0,0,1,5,6,2,8,3,5,18,0,0,0,18
06/05/2022,OTH,OR,ANM,WE,Federal Contract Tower,4,9,9,1,23,0,0,0,6,6,4,9,9,7,29,0,0,0,29
06/06/2022,OTH,OR,ANM,WE,Federal Contract Tower,2,8,3,0,13,0,3,12,3,18,2,11,15,3,31,0,0,0,31
06/07/2022,OTH,OR,ANM,WE,Federal Contract Tower,2,7,9,1,19,0,2,6,11,19,2,9,15,12,38,2,0,2,40
06/08/2022,OTH,OR,ANM,WE,Federal Contract Tower,4,13,9,4,30,0,5,9,0,14,4,18,18,4,44,14,0,14,58
06/09/2022,OTH,OR,ANM,WE,Federal Contract Tower,2,6,7,0,15,0,4,7,6,17,2,10,14,6,32,4,0,4,36
06/10/2022,OTH,OR,ANM,WE,Federal Contract Tower,2,12,3,16,33,0,0,0,0,0,2,12,3,16,33,0,2,2,35
06/11/2022,OTH,OR,ANM,WE,Federal Contract Tower,2,15,7,1,25,0,0,0,0,0,2,15,7,1,25,0,0,0,25
06/12/2022,OTH,OR,ANM,WE,Federal Contract Tower,4,11,3,0,18,0,0,2,2,4,4,11,5,2,22,0,0,0,22
06/13/2022,OTH,OR,ANM,WE,Federal Contract Tower,2,9,11,0,22,0,1,2,4,7,2,10,13,4,29,0,0,0,29
06/14/2022,OTH,OR,ANM,WE,Federal Contract Tower,2,8,8,1,19,0,1,5,7,13,2,9,13,8,32,0,8,8,40
06/15/2022,OTH,OR,ANM,WE,Federal Contract Tower,0,16,6,0,22,0,1,17,13,31,0,17,23,13,53,0,0,0,53
06/16/2022,OTH,OR,ANM,WE,Federal Contract Tower,2,8,8,0,18,0,3,12,3,18,2,11,20,3,36,20,2,22,58
06/17/2022,OTH,OR,ANM,WE,Federal Contract Tower,2,8,15,0,25,0,1,3,6,10,2,9,18,6,35,0,0,0,35
06/18/2022,OTH,OR,ANM,WE,Federal Contract Tower,2,8,1,0,11,0,2,8,4,14,2,10,9,4,25,2,0,2,27
06/19/2022,OTH,OR,ANM,WE,Federal Contract Tower,3,6,17,1,27,0,0,2,2,4,3,6,19,3,31,0,10,10,41
06/20/2022,OTH,OR,ANM,WE,Federal Contract Tower,1,5,4,0,10,0,7,8,2,17,1,12,12,2,27,0,0,0,27
06/21/2022,OTH,OR,ANM,WE,Federal Contract Tower,2,7,3,0,12,0,3,11,6,20,2,10,14,6,32,14,0,14,46
06/22/2022,OTH,OR,ANM,WE,Federal Contract Tower,4,5,4,8,21,0,1,1,4,6,4,6,5,12,27,0,0,0,27
06/23/2022,OTH,OR,ANM,WE,Federal Contract Tower,2,3,4,0,9,0,7,12,3,22,2,10,16,3,31,0,0,0,31
06/24/2022,OTH,OR,ANM,WE,Federal Contract Tower,2,5,5,0,12,0,2,13,6,21,2,7,18,6,33,4,0,4,37
06/25/2022,OTH,OR,ANM,WE,Federal Contract Tower,2,3,1,0,6,0,3,21,2,26,2,6,22,2,32,6,2,8,40
06/26/2022,OTH,OR,ANM,WE,Federal Contract Tower,4,2,13,0,19,0,1,23,3,27,4,3,36,3,46,0,0,0,46
06/27/2022,OTH,OR,ANM,WE,Federal Contract Tower,2,8,6,11,27,0,1,2,4,7,2,9,8,15,34,0,14,14,48
06/28/2022,OTH,OR,ANM,WE,Federal Contract Tower,2,10,6,0,18,0,1,0,5,6,2,11,6,5,24,0,0,0,24
06/29/2022,OTH,OR,ANM,WE,Federal Contract Tower,4,14,3,0,21,0,6,4,6,16,4,20,7,6,37,4,0,4,41
06/30/2022,OTH,OR,ANM,WE,Federal Contract Tower,2,5,8,0,15,0,1,6,5,12,2,6,14,5,27,8,0,8,35
07/01/2022,OTH,OR,ANM,WE,Federal Contract Tower,2,6,5,0,13,0,0,1,3,4,2,6,6,3,17,0,8,8,25
07/02/2022,OTH,OR,ANM,WE,Federal Contract Tower,2,7,6,0,15,0,0,0,4,4,2,7,6,4,19,0,6,6,25
07/03/2022,OTH,OR,ANM,WE,Federal Contract Tower,4,7,4,0,15,0,1,6,5,12,4,8,10,5,27,6,0,6,33
07/04/2022,OTH,OR,ANM,WE,Federal Contract Tower,2,0,2,1,5,0,0,8,6,14,2,0,10,7,19,0,0,0,19
07/05/2022,OTH,OR,ANM,WE,Federal Contract Tower,2,7,4,0,13,0,1,4,0,5,2,8,8,0,18,0,8,8,26
07/06/2022,OTH,OR,ANM,WE,Federal Contract Tower,4,12,4,1,21,0,1,3,10,14,4,13,7,11,35,16,8,24,59
07/07/2022,OTH,OR,ANM,WE,Federal Contract Tower,2,4,8,0,14,0,2,11,6,19,2,6,19,6,33,24,4,28,61
07/08/2022,OTH,OR,ANM,WE,Federal Contract Tower,2,3,3,0,8,0,5,13,9,27,2,8,16,9,35,32,10,42,77
07/09/2022,OTH,OR,ANM,WE,Federal Contract Tower,2,5,5,0,12,0,2,19,4,25,2,7,24,4,37,38,0,38,75
07/10/2022,OTH,OR,ANM,WE,Federal Contract Tower,4,7,1,0,12,0,7,15,3,25,4,14,16,3,37,30,0,30,67
07/11/2022,OTH,OR,ANM,WE,Federal Contract Tower,2,2,0,0,4,0,2,21,4,27,2,4,21,4,31,28,0,28,59
07/12/2022,OTH,OR,ANM,WE,Federal Contract Tower,4,6,6,0,16,0,0,0,2,2,4,6,6,2,18,0,0,0,18
07/13/2022,OTH,OR,ANM,WE,Federal Contract Tower,4,7,0,0,11,0,6,11,15,32,4,13,11,15,43,6,0,6,49
07/14/2022,OTH,OR,ANM,WE,Federal Contract Tower,2,5,9,0,16,0,4,15,4,23,2,9,24,4,39,0,0,0,39
07/15/2022,OTH,OR,ANM,WE,Federal Contract Tower,2,7,6,2,17,0,4,22,10,36,2,11,28,12,53,32,10,42,95
07/16/2022,OTH,OR,ANM,WE,Federal Contract Tower,2,9,9,4,24,0,1,3,0,4,2,10,12,4,28,0,0,0,28
07/17/2022,OTH,OR,ANM,WE,Federal Contract Tower,4,5,11,0,20,0,0,13,2,15,4,5,24,2,35,0,6,6,41
07/18/2022,OTH,OR,ANM,WE,Federal Contract Tower,2,9,1,0,12,0,0,4,6,10,2,9,5,6,22,16,2,18,40
07/19/2022,OTH,OR,ANM,WE,Federal Contract Tower,2,8,8,1,19,0,0,4,6,10,2,8,12,7,29,32,6,38,67
07/20/2022,OTH,OR,ANM,WE,Federal Contract Tower,4,19,7,4,34,0,0,0,1,1,4,19,7,5,35,0,0,0,35
07/21/2022,OTH,OR,ANM,WE,Federal Contract Tower,2,8,21,0,31,0,3,8,8,19,2,11,29,8,50,22,0,22,72
07/22/2022,OTH,OR,ANM,WE,Federal Contract Tower,2,8,9,0,19,0,3,16,12,31,2,11,25,12,50,22,8,30,80
07/23/2022,OTH,OR,ANM,WE,Federal Contract Tower,2,6,5,0,13,0,0,8,2,10,2,6,13,2,23,0,0,0,23
07/24/2022,OTH,OR,ANM,WE,Federal Contract Tower,4,2,1,0,7,0,2,9,1,12,4,4,10,1,19,2,0,2,21
07/25/2022,OTH,OR,ANM,WE,Federal Contract Tower,2,3,2,1,8,0,3,5,3,11,2,6,7,4,19,0,2,2,21
07/26/2022,OTH,OR,ANM,WE,Federal Contract Tower,2,7,2,0,11,0,1,3,4,8,2,8,5,4,19,10,8,18,37
07/27/2022,OTH,OR,ANM,WE,Federal Contract Tower,4,11,8,0,23,0,2,8,6,16,4,13,16,6,39,4,0,4,43
07/28/2022,OTH,OR,ANM,WE,Federal Contract Tower,2,11,10,0,23,0,1,8,9,18,2,12,18,9,41,4,20,24,65
07/29/2022,OTH,OR,ANM,WE,Federal Contract Tower,2,16,14,0,32,0,2,12,3,17,2,18,26,3,49,6,6,12,61
07/30/2022,OTH,OR,ANM,WE,Federal Contract Tower,2,11,13,13,39,0,2,2,2,6,2,13,15,15,45,0,0,0,45
08/01/2022,OTH,OR,ANM,WE,Federal Contract Tower,2,14,11,5,32,0,0,3,3,6,2,14,14,8,38,0,4,4,42
08/02/2022,OTH,OR,ANM,WE,Federal Contract Tower,2,10,5,5,22,0,3,17,12,32,2,13,22,17,54,12,8,20,74
08/03/2022,OTH,OR,ANM,WE,Federal Contract Tower,4,11,13,1,29,0,0,17,1,18,4,11,30,2,47,14,0,14,61
08/04/2022,OTH,OR,ANM,WE,Federal Contract Tower,2,7,10,0,19,0,1,21,3,25,2,8,31,3,44,22,0,22,66
08/05/2022,OTH,OR,ANM,WE,Federal Contract Tower,2,5,9,0,16,0,2,14,3,19,2,7,23,3,35,16,6,22,57
08/06/2022,OTH,OR,ANM,WE,Federal Contract Tower,2,11,1,1,15,0,1,8,2,11,2,12,9,3,26,0,26,26,52
08/07/2022,OTH,OR,ANM,WE,Federal Contract Tower,4,10,15,0,29,0,3,4,4,11,4,13,19,4,40,0,6,6,46
08/08/2022,OTH,OR,ANM,WE,Federal Contract Tower,2,9,12,0,23,0,0,1,4,5,2,9,13,4,28,0,0,0,28
08/09/2022,OTH,OR,ANM,WE,Federal Contract Tower,2,14,14,1,31,0,0,8,8,16,2,14,22,9,47,36,30,66,113
08/10/2022,OTH,OR,ANM,WE,Federal Contract Tower,4,12,1,0,17,0,2,19,13,34,4,14,20,13,51,38,8,46,97
08/11/2022,OTH,OR,ANM,WE,Federal Contract Tower,2,11,17,1,31,0,1,5,1,7,2,12,22,2,38,18,0,18,56
08/12/2022,OTH,OR,ANM,WE,Federal Contract Tower,2,10,7,0,19,0,0,4,7,11,2,10,11,7,30,0,4,4,34
08/13/2022,OTH,OR,ANM,WE,Federal Contract Tower,2,9,0,0,11,0,1,7,8,16,2,10,7,8,27,2,24,26,53
08/14/2022,OTH,OR,ANM,WE,Federal Contract Tower,4,5,8,1,18,0,1,24,2,27,4,6,32,3,45,42,0,42,87
08/15/2022,OTH,OR,ANM,WE,Federal Contract Tower,0,5,6,0,11,0,4,12,4,20,0,9,18,4,31,76,10,86,117
08/16/2022,OTH,OR,ANM,WE,Federal Contract Tower,4,5,5,0,14,0,3,12,4,19,4,8,17,4,33,70,34,104,137
08/17/2022,OTH,OR,ANM,WE,Federal Contract Tower,4,10,4,7,25,0,5,12,12,29,4,15,16,19,54,0,0,0,54
08/18/2022,OTH,OR,ANM,WE,Federal Contract Tower,2,16,22,4,44,0,0,0,1,1,2,16,22,5,45,0,0,0,45
08/19/2022,OTH,OR,ANM,WE,Federal Contract Tower,2,14,12,2,30,0,0,0,2,2,2,14,12,4,32,0,6,6,38
08/20/2022,OTH,OR,ANM,WE,Federal Contract Tower,2,10,2,0,14,0,2,18,2,22,2,12,20,2,36,10,8,18,54
08/21/2022,OTH,OR,ANM,WE,Federal Contract Tower,4,13,12,0,29,0,1,5,3,9,4,14,17,3,38,0,12,12,50
08/22/2022,OTH,OR,ANM,WE,Federal Contract Tower,2,12,17,0,31,0,0,5,4,9,2,12,22,4,40,0,0,0,40
08/23/2022,OTH,OR,ANM,WE,Federal Contract Tower,2,13,6,28,49,0,0,9,6,15,2,13,15,34,64,36,4,40,104
08/24/2022,OTH,OR,ANM,WE,Federal Contract Tower,4,15,15,7,41,0,0,10,7,17,4,15,25,14,58,52,0,52,110
08/25/2022,OTH,OR,ANM,WE,Federal Contract Tower,2,17,7,3,29,0,0,3,3,6,2,17,10,6,35,2,8,10,45
08/26/2022,OTH,OR,ANM,WE,Federal Contract Tower,2,15,2,4,23,0,0,4,7,11,2,15,6,11,34,0,20,20,54
08/27/2022,OTH,OR,ANM,WE,Federal Contract Tower,2,12,6,0,20,0,2,7,2,11,2,14,13,2,31,8,8,16,47
08/28/2022,OTH,OR,ANM,WE,Federal Contract Tower,5,9,11,1,26,0,0,7,2,9,5,9,18,3,35,0,4,4,39
08/29/2022,OTH,OR,ANM,WE,Federal Contract Tower,2,8,7,0,17,0,1,15,7,23,2,9,22,7,40,16,8,24,64
08/30/2022,OTH,OR,ANM,WE,Federal Contract Tower,3,7,5,0,15,0,3,10,13,26,3,10,15,13,41,4,0,4,45
08/31/2022,OTH,OR,ANM,WE,Federal Contract Tower,4,8,20,2,34,0,2,13,6,21,4,10,33,8,55,12,0,12,67
09/01/2022,OTH,OR,ANM,WE,Federal Contract Tower,2,11,10,2,25,0,2,7,3,12,2,13,17,5,37,0,0,0,37
09/02/2022,OTH,OR,ANM,WE,Federal Contract Tower,2,9,10,5,26,0,0,1,2,3,2,9,11,7,29,2,0,2,31
09/03/2022,OTH,OR,ANM,WE,Federal Contract Tower,2,13,3,2,20,0,3,13,2,18,2,16,16,4,38,0,2,2,40
09/04/2022,OTH,OR,ANM,WE,Federal Contract Tower,4,10,2,0,16,0,0,9,1,10,4,10,11,1,26,0,0,0,26
09/05/2022,OTH,OR,ANM,WE,Federal Contract Tower,2,6,6,0,14,0,1,9,4,14,2,7,15,4,28,2,0,2,30
09/06/2022,OTH,OR,ANM,WE,Federal Contract Tower,2,4,8,2,16,0,5,26,5,36,2,9,34,7,52,54,0,54,106
09/07/2022,OTH,OR,ANM,WE,Federal Contract Tower,8,3,6,1,18,0,4,12,5,21,8,7,18,6,39,0,14,14,53
09/08/2022,OTH,OR,ANM,WE,Federal Contract Tower,2,9,7,0,18,0,4,19,8,31,2,13,26,8,49,2,2,4,53
09/09/2022,OTH,OR,ANM,WE,Federal Contract Tower,3,4,6,0,13,0,1,6,5,12,3,5,12,5,25,2,0,2,27
09/10/2022,OTH,OR,ANM,WE,Federal Contract Tower,2,10,8,2,22,0,0,2,0,2,2,10,10,2,24,0,0,0,24
09/11/2022,OTH,OR,ANM,WE,Federal Contract Tower,5,4,13,0,22,0,0,3,3,6,5,4,16,3,28,0,0,0,28
09/12/2022,OTH,OR,ANM,WE,Federal Contract Tower,2,4,6,0,12,0,0,14,4,18,2,4,20,4,30,2,0,2,32
09/13/2022,OTH,OR,ANM,WE,Federal Contract Tower,2,10,12,3,27,0,1,5,10,16,2,11,17,13,43,0,0,0,43
09/14/2022,OTH,OR,ANM,WE,Federal Contract Tower,4,9,10,0,23,0,0,0,2,2,4,9,10,2,25,0,0,0,25
09/15/2022,OTH,OR,ANM,WE,Federal Contract Tower,2,14,4,0,20,0,2,7,4,13,2,16,11,4,33,0,24,24,57
09/16/2022,OTH,OR,ANM,WE,Federal Contract Tower,2,10,11,0,23,0,4,15,4,23,2,14,26,4,46,2,0,2,48
09/17/2022,OTH,OR,ANM,WE,Federal Contract Tower,2,6,8,0,16,0,1,18,4,23,2,7,26,4,39,0,0,0,39
09/18/2022,OTH,OR,ANM,WE,Federal Contract Tower,4,17,12,0,33,0,3,19,3,25,4,20,31,3,58,18,0,18,76
09/19/2022,OTH,OR,ANM,WE,Federal Contract Tower,2,13,5,0,20,0,2,14,10,26,2,15,19,10,46,46,4,50,96
09/20/2022,OTH,OR,ANM,WE,Federal Contract Tower,2,15,3,4,24,0,2,7,7,16,2,17,10,11,40,62,0,62,102
09/21/2022,OTH,OR,ANM,WE,Federal Contract Tower,4,18,7,2,31,0,2,5,6,13,4,20,12,8,44,0,0,0,44
09/22/2022,OTH,OR,ANM,WE,Federal Contract Tower,2,15,12,4,33,0,0,9,8,17,2,15,21,12,50,10,0,10,60
09/23/2022,OTH,OR,ANM,WE,Federal Contract Tower,2,8,5,0,15,0,0,9,8,17,2,8,14,8,32,0,14,14,46
09/24/2022,OTH,OR,ANM,WE,Federal Contract Tower,2,10,9,0,21,0,0,16,4,20,2,10,25,4,41,0,6,6,47
09/25/2022,OTH,OR,ANM,WE,Federal Contract Tower,4,8,4,0,16,0,0,5,2,7,4,8,9,2,23,0,0,0,23
09/26/2022,OTH,OR,ANM,WE,Federal Contract Tower,2,7,14,10,33,0,0,0,0,0,2,7,14,10,33,0,0,0,33
09/27/2022,OTH,OR,ANM,WE,Federal Contract Tower,2,16,7,2,27,0,0,12,8,20,2,16,19,10,47,10,0,10,57
09/28/2022,OTH,OR,ANM,WE,Federal Contract Tower,4,13,4,1,22,0,0,8,9,17,4,13,12,10,39,0,4,4,43
09/29/2022,OTH,OR,ANM,WE,Federal Contract Tower,2,14,7,5,28,0,1,1,7,9,2,15,8,12,37,0,20,20,57
09/30/2022,OTH,OR,ANM,WE,Federal Contract Tower,2,8,0,0,10,0,1,4,8,13,2,9,4,8,23,0,8,8,31
10/01/2022,OTH,OR,ANM,WE,Federal Contract Tower,2,14,7,0,23,0,0,6,4,10,2,14,13,4,33,2,0,2,35
10/02/2022,OTH,OR,ANM,WE,Federal Contract Tower,2,9,18,1,30,0,0,1,0,1,2,9,19,1,31,0,0,0,31
10/03/2022,OTH,OR,ANM,WE,Federal Contract Tower,2,14,6,2,24,0,0,0,2,2,2,14,6,4,26,0,0,0,26
10/04/2022,OTH,OR,ANM,WE,Federal Contract Tower,2,10,8,1,21,0,0,0,4,4,2,10,8,5,25,0,0,0,25
10/05/2022,OTH,OR,ANM,WE,Federal Contract Tower,2,12,5,0,19,0,2,4,0,6,2,14,9,0,25,0,0,0,25
10/06/2022,OTH,OR,ANM,WE,Federal Contract Tower,2,5,8,0,15,0,0,0,0,0,2,5,8,0,15,0,0,0,15
10/07/2022,OTH,OR,ANM,WE,Federal Contract Tower,2,11,10,0,23,0,0,0,0,0,2,11,10,0,23,0,0,0,23
10/08/2022,OTH,OR,ANM,WE,Federal Contract Tower,2,6,4,0,12,0,0,0,0,0,2,6,4,0,12,0,0,0,12
10/09/2022,OTH,OR,ANM,WE,Federal Contract Tower,2,9,8,0,19,0,0,2,0,2,2,9,10,0,21,0,0,0,21
10/10/2022,OTH,OR,ANM,WE,Federal Contract Tower,2,5,12,0,19,0,0,0,0,0,2,5,12,0,19,0,0,0,19
10/11/2022,OTH,OR,ANM,WE,Federal Contract Tower,2,2,2,2,8,0,4,6,8,18,2,6,8,10,26,12,4,16,42
10/12/2022,OTH,OR,ANM,WE,Federal Contract Tower,2,4,5,0,11,0,7,18,2,27,2,11,23,2,38,6,4,10,48
10/13/2022,OTH,OR,ANM,WE,Federal Contract Tower,2,6,12,1,21,0,3,3,6,12,2,9,15,7,33,8,8,16,49
10/14/2022,OTH,OR,ANM,WE,Federal Contract Tower,2,7,10,2,21,0,3,5,2,10,2,10,15,4,31,2,0,2,33
10/15/2022,OTH,OR,ANM,WE,Federal Contract Tower,2,8,5,6,21,0,2,8,1,11,2,10,13,7,32,0,0,0,32
10/16/2022,OTH,OR,ANM,WE,Federal Contract Tower,2,9,5,0,16,0,0,4,4,8,2,9,9,4,24,0,16,16,40
10/17/2022,OTH,OR,ANM,WE,Federal Contract Tower,3,5,4,0,12,0,0,7,4,11,3,5,11,4,23,0,0,0,23
10/18/2022,OTH,OR,ANM,WE,Federal Contract Tower,2,10,1,0,13,0,4,10,6,20,2,14,11,6,33,0,2,2,35
10/19/2022,OTH,OR,ANM,WE,Federal Contract Tower,2,16,3,2,23,0,1,1,6,8,2,17,4,8,31,0,2,2,33
10/20/2022,OTH,OR,ANM,WE,Federal Contract Tower,2,8,6,1,17,0,2,1,5,8,2,10,7,6,25,0,8,8,33
10/21/2022,OTH,OR,ANM,WE,Federal Contract Tower,2,15,14,3,34,0,0,2,1,3,2,15,16,4,37,0,0,0,37
10/22/2022,OTH,OR,ANM,WE,Federal Contract Tower,2,12,4,0,18,0,2,0,4,6,2,14,4,4,24,0,0,0,24
10/23/2022,OTH,OR,ANM,WE,Federal Contract Tower,2,4,3,0,9,0,0,14,6,20,2,4,17,6,29,0,0,0,29
10/24/2022,OTH,OR,ANM,WE,Federal Contract Tower,2,8,4,0,14,0,0,0,6,6,2,8,4,6,20,0,28,28,48
10/25/2022,OTH,OR,ANM,WE,Federal Contract Tower,2,9,8,0,19,0,0,3,8,11,2,9,11,8,30,12,0,12,42
10/26/2022,OTH,OR,ANM,WE,Federal Contract Tower,2,6,13,0,21,0,1,9,10,20,2,7,22,10,41,2,16,18,59
10/27/2022,OTH,OR,ANM,WE,Federal Contract Tower,2,9,7,1,19,0,3,23,9,35,2,12,30,10,54,30,0,30,84
10/28/2022,OTH,OR,ANM,WE,Federal Contract Tower,2,9,5,3,19,0,0,13,7,20,2,9,18,10,39,38,12,50,89
10/29/2022,OTH,OR,ANM,WE,Federal Contract Tower,2,7,7,0,16,0,1,6,3,10,2,8,13,3,26,38,0,38,64
10/30/2022,OTH,OR,ANM,WE,Federal Contract Tower,2,3,13,1,19,0,0,9,6,15,2,3,22,7,34,0,2,2,36
10/31/2022,OTH,OR,ANM,WE,Federal Contract Tower,2,7,3,0,12,0,0,0,2,2,2,7,3,2,14,0,6,6,20
11/01/2022,OTH,OR,ANM,WE,Federal Contract Tower,0,10,3,0,13,0,0,0,4,4,0,10,3,4,17,0,8,8,25
11/02/2022,OTH,OR,ANM,WE,Federal Contract Tower,2,9,9,0,20,0,0,4,10,14,2,9,13,10,34,0,0,0,34
11/03/2022,OTH,OR,ANM,WE,Federal Contract Tower,0,4,6,0,10,0,2,8,11,21,0,6,14,11,31,16,14,30,61
11/04/2022,OTH,OR,ANM,WE,Federal Contract Tower,2,8,3,18,31,0,0,0,2,2,2,8,3,20,33,0,14,14,47
11/05/2022,OTH,OR,ANM,WE,Federal Contract Tower,2,8,4,0,14,0,1,0,2,3,2,9,4,2,17,0,0,0,17
11/06/2022,OTH,OR,ANM,WE,Federal Contract Tower,2,3,5,0,10,0,0,0,2,2,2,3,5,2,12,0,2,2,14
11/07/2022,OTH,OR,ANM,WE,Federal Contract Tower,2,6,3,0,11,0,1,0,10,11,2,7,3,10,22,0,14,14,36
11/08/2022,OTH,OR,ANM,WE,Federal Contract Tower,0,5,4,0,9,0,1,11,12,24,0,6,15,12,33,8,4,12,45
11/09/2022,OTH,OR,ANM,WE,Federal Contract Tower,2,4,7,0,13,0,3,13,10,26,2,7,20,10,39,34,0,34,73
11/10/2022,OTH,OR,ANM,WE,Federal Contract Tower,0,6,12,0,18,0,1,13,14,28,0,7,25,14,46,20,6,26,72
11/11/2022,OTH,OR,ANM,WE,Federal Contract Tower,2,5,1,0,8,0,2,0,2,4,2,7,1,2,12,0,0,0,12
11/12/2022,OTH,OR,ANM,WE,Federal Contract Tower,0,6,4,0,10,0,0,23,9,32,0,6,27,9,42,14,0,14,56
11/13/2022,OTH,OR,ANM,WE,Federal Contract Tower,2,4,5,0,11,0,1,14,4,19,2,5,19,4,30,12,6,18,48
11/14/2022,OTH,OR,ANM,WE,Federal Contract Tower,2,2,9,0,13,0,4,29,8,41,2,6,38,8,54,40,0,40,94
11/15/2022,OTH,OR,ANM,WE,Federal Contract Tower,0,3,5,0,8,0,5,21,9,35,0,8,26,9,43,64,10,74,117
11/16/2022,OTH,OR,ANM,WE,Federal Contract Tower,2,7,8,0,17,0,4,13,12,29,2,11,21,12,46,4,0,4,50
11/17/2022,OTH,OR,ANM,WE,Federal Contract Tower,0,8,4,0,12,0,0,4,4,8,0,8,8,4,20,0,0,0,20
11/18/2022,OTH,OR,ANM,WE,Federal Contract Tower,2,9,3,3,17,0,4,11,1,16,2,13,14,4,33,12,0,12,45
11/19/2022,OTH,OR,ANM,WE,Federal Contract Tower,0,4,6,0,10,0,2,12,4,18,0,6,18,4,28,26,2,28,56
11/20/2022,OTH,OR,ANM,WE,Federal Contract Tower,2,3,1,0,6,0,2,4,2,8,2,5,5,2,14,0,0,0,14
11/21/2022,OTH,OR,ANM,WE,Federal Contract Tower,2,9,2,0,13,0,3,3,8,14,2,12,5,8,27,0,4,4,31
11/22/2022,OTH,OR,ANM,WE,Federal Contract Tower,0,6,4,0,10,0,0,0,8,8,0,6,4,8,18,0,22,22,40
11/23/2022,OTH,OR,ANM,WE,Federal Contract Tower,2,6,2,3,13,0,2,5,14,21,2,8,7,17,34,0,8,8,42
11/24/2022,OTH,OR,ANM,WE,Federal Contract Tower,0,1,0,0,1,0,0,5,5,10,0,1,5,5,11,0,0,0,11
11/25/2022,OTH,OR,ANM,WE,Federal Contract Tower,6,13,2,0,21,0,0,5,1,6,6,13,7,1,27,62,0,62,89
11/26/2022,OTH,OR,ANM,WE,Federal Contract Tower,0,5,2,0,7,0,2,11,3,16,0,7,13,3,23,2,0,2,25
11/27/2022,OTH,OR,ANM,WE,Federal Contract Tower,2,4,2,0,8,0,0,0,0,0,2,4,2,0,8,0,0,0,8
11/28/2022,OTH,OR,ANM,WE,Federal Contract Tower,2,7,5,0,14,0,0,9,6,15,2,7,14,6,29,0,6,6,35
11/29/2022,OTH,OR,ANM,WE,Federal Contract Tower,0,6,4,0,10,0,0,2,8,10,0,6,6,8,20,0,4,4,24
11/30/2022,OTH,OR,ANM,WE,Federal Contract Tower,2,6,7,4,19,0,0,3,3,6,2,6,10,7,25,0,8,8,33
12/01/2022,OTH,OR,ANM,WE,Federal Contract Tower,0,11,4,0,15,0,0,5,1,6,0,11,9,1,21,0,0,0,21
12/02/2022,OTH,OR,ANM,WE,Federal Contract Tower,2,4,1,2,9,0,2,8,5,15,2,6,9,7,24,4,8,12,36
12/03/2022,OTH,OR,ANM,WE,Federal Contract Tower,0,4,0,0,4,0,1,1,4,6,0,5,1,4,10,0,0,0,10
12/04/2022,OTH,OR,ANM,WE,Federal Contract Tower,2,0,5,0,7,0,0,0,4,4,2,0,5,4,11,0,2,2,13
12/05/2022,OTH,OR,ANM,WE,Federal Contract Tower,2,6,3,0,11,0,0,1,5,6,2,6,4,5,17,2,6,8,25
12/06/2022,OTH,OR,ANM,WE,Federal Contract Tower,0,8,0,0,8,0,0,7,2,9,0,8,7,2,17,0,0,0,17
12/07/2022,OTH,OR,ANM,WE,Federal Contract Tower,2,11,3,0,16,0,1,6,9,16,2,12,9,9,32,0,6,6,38
12/08/2022,OTH,OR,ANM,WE,Federal Contract Tower,0,8,6,0,14,0,0,0,8,8,0,8,6,8,22,0,0,0,22
12/09/2022,OTH,OR,ANM,WE,Federal Contract Tower,2,8,6,2,18,0,0,0,5,5,2,8,6,7,23,0,20,20,43
12/10/2022,OTH,OR,ANM,WE,Federal Contract Tower,0,4,0,0,4,0,0,0,3,3,0,4,0,3,7,0,0,0,7
12/11/2022,OTH,OR,ANM,WE,Federal Contract Tower,2,2,7,0,11,0,0,0,2,2,2,2,7,2,13,0,0,0,13
12/12/2022,OTH,OR,ANM,WE,Federal Contract Tower,2,4,2,0,8,0,0,0,9,9,2,4,2,9,17,0,0,0,17
12/13/2022,OTH,OR,ANM,WE,Federal Contract Tower,0,5,7,0,12,0,1,7,12,20,0,6,14,12,32,0,0,0,32
12/14/2022,OTH,OR,ANM,WE,Federal Contract Tower,2,9,6,0,17,0,1,13,13,27,2,10,19,13,44,2,0,2,46
12/15/2022,OTH,OR,ANM,WE,Federal Contract Tower,0,4,7,0,11,0,7,28,12,47,0,11,35,12,58,2,8,10,68
12/16/2022,OTH,OR,ANM,WE,Federal Contract Tower,2,7,5,0,14,0,2,14,1,17,2,9,19,1,31,2,0,2,33
12/17/2022,OTH,OR,ANM,WE,Federal Contract Tower,0,3,2,0,5,0,4,6,6,16,0,7,8,6,21,4,0,4,25
12/18/2022,OTH,OR,ANM,WE,Federal Contract Tower,2,0,4,0,6,0,0,0,4,4,2,0,4,4,10,0,0,0,10
12/19/2022,OTH,OR,ANM,WE,Federal Contract Tower,0,7,2,0,9,0,2,5,4,11,0,9,7,4,20,4,4,8,28
12/20/2022,OTH,OR,ANM,WE,Federal Contract Tower,0,4,7,0,11,0,0,0,2,2,0,4,7,2,13,0,0,0,13
12/21/2022,OTH,OR,ANM,WE,Federal Contract Tower,2,9,5,0,16,0,0,2,3,5,2,9,7,3,21,0,0,0,21
12/22/2022,OTH,OR,ANM,WE,Federal Contract Tower,0,5,1,0,6,0,2,2,8,12,0,7,3,8,18,6,0,6,24
12/23/2022,OTH,OR,ANM,WE,Federal Contract Tower,2,0,5,24,31,0,0,0,0,0,2,0,5,24,31,0,0,0,31
12/24/2022,OTH,OR,ANM,WE,Federal Contract Tower,0,3,5,0,8,0,0,2,2,4,0,3,7,2,12,0,0,0,12
12/25/2022,OTH,OR,ANM,WE,Federal Contract Tower,2,1,2,2,7,0,0,0,0,0,2,1,2,2,7,0,0,0,7
12/26/2022,OTH,OR,ANM,WE,Federal Contract Tower,2,2,8,1,13,0,0,1,4,5,2,2,9,5,18,0,0,0,18
12/27/2022,OTH,OR,ANM,WE,Federal Contract Tower,0,2,3,0,5,0,0,0,3,3,0,2,3,3,8,0,0,0,8
12/28/2022,OTH,OR,ANM,WE,Federal Contract Tower,2,11,3,0,16,0,3,0,3,6,2,14,3,3,22,0,14,14,36
12/29/2022,OTH,OR,ANM,WE,Federal Contract Tower,0,7,1,0,8,0,0,0,2,2,0,7,1,2,10,0,6,6,16
12/30/2022,OTH,OR,ANM,WE,Federal Contract Tower,2,9,0,0,11,0,0,0,0,0,2,9,0,0,11,0,0,0,11
12/31/2022,OTH,OR,ANM,WE,Federal Contract Tower,0,6,1,0,7,0,0,16,4,20,0,6,17,4,27,18,0,18,45
01/01/2023,OTH,OR,ANM,WE,Federal Contract Tower,2,1,4,0,7,0,0,12,6,18,2,1,16,6,25,0,10,10,35
01/02/2023,OTH,OR,ANM,WE,Federal Contract Tower,2,2,7,0,11,0,0,0,2,2,2,2,7,2,13,0,0,0,13
01/03/2023,OTH,OR,ANM,WE,Federal Contract Tower,0,6,3,0,9,0,0,0,4,4,0,6,3,4,13,0,4,4,17
01/04/2023,OTH,OR,ANM,WE,Federal Contract Tower,0,6,2,0,8,0,0,0,0,0,0,6,2,0,8,0,0,0,8
01/05/2023,OTH,OR,ANM,WE,Federal Contract Tower,0,8,4,1,13,0,0,0,3,3,0,8,4,4,16,0,2,2,18
01/06/2023,OTH,OR,ANM,WE,Federal Contract Tower,2,8,1,0,11,0,0,0,6,6,2,8,1,6,17,0,0,0,17
01/07/2023,OTH,OR,ANM,WE,Federal Contract Tower,0,7,1,0,8,0,0,1,2,3,0,7,2,2,11,0,0,0,11
01/08/2023,OTH,OR,ANM,WE,Federal Contract Tower,2,3,3,0,8,0,0,0,8,8,2,3,3,8,16,0,0,0,16
01/09/2023,OTH,OR,ANM,WE,Federal Contract Tower,0,8,2,0,10,0,0,1,2,3,0,8,3,2,13,0,8,8,21
01/10/2023,OTH,OR,ANM,WE,Federal Contract Tower,0,6,0,0,6,0,1,2,2,5,0,7,2,2,11,6,0,6,17
01/11/2023,OTH,OR,ANM,WE,Federal Contract Tower,2,8,3,0,13,0,2,0,9,11,2,10,3,9,24,0,44,44,68
01/12/2023,OTH,OR,ANM,WE,Federal Contract Tower,0,7,1,0,8,0,2,1,6,9,0,9,2,6,17,0,10,10,27
01/13/2023,OTH,OR,ANM,WE,Federal Contract Tower,2,5,3,0,10,0,1,0,4,5,2,6,3,4,15,0,8,8,23
01/14/2023,OTH,OR,ANM,WE,Federal Contract Tower,0,4,3,0,7,0,0,2,6,8,0,4,5,6,15,8,0,8,23
01/15/2023,OTH,OR,ANM,WE,Federal Contract Tower,2,2,1,0,5,0,0,0,2,2,2,2,1,2,7,0,0,0,7
01/16/2023,OTH,OR,ANM,WE,Federal Contract Tower,0,10,2,0,12,0,0,0,2,2,0,10,2,2,14,0,12,12,26
01/17/2023,OTH,OR,ANM,WE,Federal Contract Tower,0,13,4,0,17,0,1,2,9,12,0,14,6,9,29,2,8,10,39
01/18/2023,OTH,OR,ANM,WE,Federal Contract Tower,2,10,0,0,12,0,0,0,11,11,2,10,0,11,23,0,8,8,31
01/19/2023,OTH,OR,ANM,WE,Federal Contract Tower,0,5,2,0,7,0,1,9,15,25,0,6,11,15,32,0,6,6,38
01/20/2023,OTH,OR,ANM,WE,Federal Contract Tower,2,7,2,0,11,0,3,8,7,18,2,10,10,7,29,0,20,20,49
01/21/2023,OTH,OR,ANM,WE,Federal Contract Tower,0,4,1,0,5,0,1,8,2,11,0,5,9,2,16,0,0,0,16
01/22/2023,OTH,OR,ANM,WE,Federal Contract Tower,2,0,4,0,6,0,3,8,3,14,2,3,12,3,20,0,0,0,20
01/23/2023,OTH,OR,ANM,WE,Federal Contract Tower,0,6,0,0,6,0,2,8,11,21,0,8,8,11,27,0,6,6,33
01/24/2023,OTH,OR,ANM,WE,Federal Contract Tower,0,4,14,0,18,0,5,10,10,25,0,9,24,10,43,6,2,8,51
01/25/2023,OTH,OR,ANM,WE,Federal Contract Tower,2,5,3,4,14,0,2,11,18,31,2,7,14,22,45,2,0,2,47
01/26/2023,OTH,OR,ANM,WE,Federal Contract Tower,0,5,8,0,13,0,4,29,4,37,0,9,37,4,50,8,0,8,58
01/27/2023,OTH,OR,ANM,WE,Federal Contract Tower,2,8,8,0,18,0,0,0,0,0,2,8,8,0,18,0,0,0,18
01/28/2023,OTH,OR,ANM,WE,Federal Contract Tower,0,8,10,0,18,0,0,0,2,2,0,8,10,2,20,0,18,18,38
01/29/2023,OTH,OR,ANM,WE,Federal Contract Tower,2,0,10,0,12,0,0,11,2,13,2,0,21,2,25,4,0,4,29
01/30/2023,OTH,OR,ANM,WE,Federal Contract Tower,0,4,0,0,4,0,0,0,0,0,0,4,0,0,4,0,4,4,8
01/31/2023,OTH,OR,ANM,WE,Federal Contract Tower,0,3,2,0,5,0,3,13,9,25,0,6,15,9,30,24,0,24,54
02/01/2023,OTH,OR,ANM,WE,Federal Contract Tower,2,4,5,0,11,0,3,14,9,26,2,7,19,9,37,4,4,8,45
02/02/2023,OTH,OR,ANM,WE,Federal Contract Tower,0,11,7,0,18,0,5,22,20,47,0,16,29,20,65,4,0,4,69
02/03/2023,OTH,OR,ANM,WE,Federal Contract Tower,2,10,2,0,14,0,0,2,0,2,2,10,4,0,16,0,42,42,58
02/04/2023,OTH,OR,ANM,WE,Federal Contract Tower,0,3,4,0,7,0,3,0,2,5,0,6,4,2,12,0,0,0,12
02/05/2023,OTH,OR,ANM,WE,Federal Contract Tower,2,5,3,0,10,0,0,1,2,3,2,5,4,2,13,0,0,0,13
02/06/2023,OTH,OR,ANM,WE,Federal Contract Tower,2,9,7,0,18,0,0,9,7,16,2,9,16,7,34,48,2,50,84
02/07/2023,OTH,OR,ANM,WE,Federal Contract Tower,0,12,3,0,15,0,0,0,2,2,0,12,3,2,17,0,0,0,17
02/08/2023,OTH,OR,ANM,WE,Federal Contract Tower,2,5,8,0,15,0,2,15,9,26,2,7,23,9,41,32,8,40,81
02/09/2023,OTH,OR,ANM,WE,Federal Contract Tower,0,10,2,0,12,0,2,13,15,30,0,12,15,15,42,2,6,8,50
02/10/2023,OTH,OR,ANM,WE,Federal Contract Tower,2,9,4,0,15,0,3,1,2,6,2,12,5,2,21,0,0,0,21
02/11/2023,OTH,OR,ANM,WE,Federal Contract Tower,0,3,5,0,8,0,2,15,4,21,0,5,20,4,29,0,0,0,29
02/12/2023,OTH,OR,ANM,WE,Federal Contract Tower,2,1,0,0,3,0,0,10,4,14,2,1,10,4,17,14,0,14,31
02/13/2023,OTH,OR,ANM,WE,Federal Contract Tower,2,5,7,0,14,0,1,5,2,8,2,6,12,2,22,0,0,0,22
02/14/2023,OTH,OR,ANM,WE,Federal Contract Tower,0,6,6,0,12,0,0,1,4,5,0,6,7,4,17,0,16,16,33
02/15/2023,OTH,OR,ANM,WE,Federal Contract Tower,2,5,10,0,17,0,4,13,15,32,2,9,23,15,49,0,0,0,49
02/16/2023,OTH,OR,ANM,WE,Federal Contract Tower,0,7,2,0,9,0,2,13,14,29,0,9,15,14,38,54,0,54,92
02/17/2023,OTH,OR,ANM,WE,Federal Contract Tower,2,9,3,0,14,0,2,15,10,27,2,11,18,10,41,12,8,20,61
02/18/2023,OTH,OR,ANM,WE,Federal Contract Tower,0,4,3,0,7,0,1,3,2,6,0,5,6,2,13,0,0,0,13
02/19/2023,OTH,OR,ANM,WE,Federal Contract Tower,2,5,3,0,10,0,0,7,4,11,2,5,10,4,21,0,0,0,21
02/20/2023,OTH,OR,ANM,WE,Federal Contract Tower,2,4,2,0,8,0,0,10,2,12,2,4,12,2,20,0,0,0,20
02/21/2023,OTH,OR,ANM,WE,Federal Contract Tower,0,6,1,0,7,0,1,0,4,5,0,7,1,4,12,0,10,10,22
02/22/2023,OTH,OR,ANM,WE,Federal Contract Tower,2,9,2,0,13,0,1,0,0,1,2,10,2,0,14,0,0,0,14
02/23/2023,OTH,OR,ANM,WE,Federal Contract Tower,0,0,0,0,0,0,0,0,0,0,0,0,0,0,0,0,0,0,0
02/24/2023,OTH,OR,ANM,WE,Federal Contract Tower,2,0,4,0,6,0,3,5,8,16,2,3,9,8,22,4,6,10,32
02/25/2023,OTH,OR,ANM,WE,Federal Contract Tower,0,6,0,0,6,0,2,23,2,27,0,8,23,2,33,26,0,26,59
02/26/2023,OTH,OR,ANM,WE,Federal Contract Tower,2,2,3,0,7,0,0,4,2,6,2,2,7,2,13,4,26,30,43
02/27/2023,OTH,OR,ANM,WE,Federal Contract Tower,2,4,5,0,11,0,0,2,0,2,2,4,7,0,13,0,0,0,13
02/28/2023,OTH,OR,ANM,WE,Federal Contract Tower,0,6,2,0,8,0,0,1,0,1,0,6,3,0,9,0,0,0,9
03/01/2023,OTH,OR,ANM,WE,Federal Contract Tower,1,9,8,2,20,1,1,17,8,27,2,10,25,10,47,8,0,8,55
03/02/2023,OTH,OR,ANM,WE,Federal Contract Tower,0,8,5,0,13,0,0,5,3,8,0,8,10,3,21,0,0,0,21
03/03/2023,OTH,OR,ANM,WE,Federal Contract Tower,2,8,5,0,15,0,0,8,4,12,2,8,13,4,27,0,34,34,61
03/04/2023,OTH,OR,ANM,WE,Federal Contract Tower,0,10,2,0,12,0,0,2,3,5,0,10,4,3,17,0,0,0,17
03/05/2023,OTH,OR,ANM,WE,Federal Contract Tower,2,4,6,0,12,0,0,6,1,7,2,4,12,1,19,0,0,0,19
03/06/2023,OTH,OR,ANM,WE,Federal Contract Tower,2,6,7,0,15,0,1,6,8,15,2,7,13,8,30,0,0,0,30
03/07/2023,OTH,OR,ANM,WE,Federal Contract Tower,0,8,4,0,12,0,0,5,4,9,0,8,9,4,21,0,0,0,21
03/08/2023,OTH,OR,ANM,WE,Federal Contract Tower,2,11,8,0,21,0,0,1,6,7,2,11,9,6,28,0,0,0,28
03/09/2023,OTH,OR,ANM,WE,Federal Contract Tower,0,10,2,1,13,0,2,1,10,13,0,12,3,11,26,0,36,36,62
03/10/2023,OTH,OR,ANM,WE,Federal Contract Tower,2,13,4,0,19,0,0,6,12,18,2,13,10,12,37,0,2,2,39
03/11/2023,OTH,OR,ANM,WE,Federal Contract Tower,0,4,3,0,7,0,3,16,2,21,0,7,19,2,28,34,0,34,62
03/12/2023,OTH,OR,ANM,WE,Federal Contract Tower,2,0,8,0,10,0,0,0,2,2,2,0,8,2,12,0,0,0,12
03/13/2023,OTH,OR,ANM,WE,Federal Contract Tower,2,7,0,0,9,0,0,0,6,6,2,7,0,6,15,0,0,0,15
03/14/2023,OTH,OR,ANM,WE,Federal Contract Tower,0,6,5,0,11,0,4,3,9,16,0,10,8,9,27,30,34,64,91
03/15/2023,OTH,OR,ANM,WE,Federal Contract Tower,2,4,5,0,11,0,2,22,9,33,2,6,27,9,44,4,6,10,54
03/16/2023,OTH,OR,ANM,WE,Federal Contract Tower,0,7,6,0,13,0,2,26,6,34,0,9,32,6,47,54,0,54,101
03/17/2023,OTH,OR,ANM,WE,Federal Contract Tower,2,11,7,0,20,0,0,13,4,17,2,11,20,4,37,0,0,0,37
03/18/2023,OTH,OR,ANM,WE,Federal Contract Tower,0,5,3,0,8,0,0,22,2,24,0,5,25,2,32,40,0,40,72
03/19/2023,OTH,OR,ANM,WE,Federal Contract Tower,2,7,8,0,17,0,0,0,2,2,2,7,8,2,19,0,4,4,23
03/20/2023,OTH,OR,ANM,WE,Federal Contract Tower,2,5,2,0,9,0,1,0,12,13,2,6,2,12,22,0,16,16,38
03/21/2023,OTH,OR,ANM,WE,Federal Contract Tower,0,3,5,0,8,0,5,18,8,31,0,8,23,8,39,6,2,8,47
03/22/2023,OTH,OR,ANM,WE,Federal Contract Tower,2,5,7,0,14,0,0,2,8,10,2,5,9,8,24,0,0,0,24
03/23/2023,OTH,OR,ANM,WE,Federal Contract Tower,0,8,3,1,12,0,2,24,5,31,0,10,27,6,43,16,0,16,59
03/24/2023,OTH,OR,ANM,WE,Federal Contract Tower,2,10,2,0,14,0,1,3,4,8,2,11,5,4,22,0,4,4,26
03/25/2023,OTH,OR,ANM,WE,Federal Contract Tower,0,9,2,0,11,0,0,2,2,4,0,9,4,2,15,0,0,0,15
03/26/2023,OTH,OR,ANM,WE,Federal Contract Tower,2,3,3,0,8,0,0,0,0,0,2,3,3,0,8,6,0,6,14
03/27/2023,OTH,OR,ANM,WE,Federal Contract Tower,2,7,3,0,12,0,0,2,3,5,2,7,5,3,17,0,0,0,17
03/28/2023,OTH,OR,ANM,WE,Federal Contract Tower,0,8,1,0,9,0,2,0,5,7,0,10,1,5,16,0,2,2,18
03/29/2023,OTH,OR,ANM,WE,Federal Contract Tower,2,5,2,0,9,0,6,19,10,35,2,11,21,10,44,108,0,108,152
03/30/2023,OTH,OR,ANM,WE,Federal Contract Tower,0,12,12,0,24,0,0,4,10,14,0,12,16,10,38,42,8,50,88
03/31/2023,OTH,OR,ANM,WE,Federal Contract Tower,2,10,4,0,16,0,0,3,6,9,2,10,7,6,25,4,24,28,53
04/01/2023,OTH,OR,ANM,WE,Federal Contract Tower,0,2,3,0,5,0,2,0,0,2,0,4,3,0,7,0,4,4,11
04/02/2023,OTH,OR,ANM,WE,Federal Contract Tower,2,4,2,0,8,0,1,0,4,5,2,5,2,4,13,4,18,22,35
04/03/2023,OTH,OR,ANM,WE,Federal Contract Tower,2,5,4,2,13,0,0,8,7,15,2,5,12,9,28,12,22,34,62
04/04/2023,OTH,OR,ANM,WE,Federal Contract Tower,0,12,5,1,18,0,1,4,13,18,0,13,9,14,36,8,6,14,50
04/05/2023,OTH,OR,ANM,WE,Federal Contract Tower,2,7,5,1,15,0,2,5,9,16,2,9,10,10,31,4,0,4,35
04/06/2023,OTH,OR,ANM,WE,Federal Contract Tower,0,7,0,1,8,0,2,5,12,19,0,9,5,13,27,4,6,10,37
04/07/2023,OTH,OR,ANM,WE,Federal Contract Tower,2,7,0,1,10,0,0,7,3,10,2,7,7,4,20,10,0,10,30
04/08/2023,OTH,OR,ANM,WE,Federal Contract Tower,0,4,4,0,8,0,2,16,4,22,0,6,20,4,30,22,6,28,58
04/09/2023,OTH,OR,ANM,WE,Federal Contract Tower,4,4,9,0,17,0,1,2,2,5,4,5,11,2,22,0,4,4,26
04/10/2023,OTH,OR,ANM,WE,Federal Contract Tower,2,6,12,0,20,0,0,0,0,0,2,6,12,0,20,0,0,0,20
04/11/2023,OTH,OR,ANM,WE,Federal Contract Tower,0,8,3,0,11,0,2,9,19,30,0,10,12,19,41,20,38,58,99
04/12/2023,OTH,OR,ANM,WE,Federal Contract Tower,2,4,6,0,12,0,3,7,20,30,2,7,13,20,42,2,42,44,86
04/13/2023,OTH,OR,ANM,WE,Federal Contract Tower,0,6,4,0,10,0,6,10,17,33,0,12,14,17,43,30,28,58,101
04/14/2023,OTH,OR,ANM,WE,Federal Contract Tower,2,6,3,0,11,0,6,16,6,28,2,12,19,6,39,44,10,54,93
04/15/2023,OTH,OR,ANM,WE,Federal Contract Tower,0,7,6,0,13,0,1,12,3,16,0,8,18,3,29,64,0,64,93
04/16/2023,OTH,OR,ANM,WE,Federal Contract Tower,2,4,5,0,11,0,0,0,0,0,2,4,5,0,11,0,0,0,11
04/17/2023,OTH,OR,ANM,WE,Federal Contract Tower,2,7,8,0,17,0,0,0,7,7,2,7,8,7,24,0,22,22,46
04/18/2023,OTH,OR,ANM,WE,Federal Contract Tower,2,11,1,0,14,0,1,1,9,11,2,12,2,9,25,0,2,2,27
04/19/2023,OTH,OR,ANM,WE,Federal Contract Tower,2,11,2,15,30,0,0,10,9,19,2,11,12,24,49,10,30,40,89
04/20/2023,OTH,OR,ANM,WE,Federal Contract Tower,2,10,7,0,19,0,0,0,5,5,2,10,7,5,24,0,6,6,30
04/21/2023,OTH,OR,ANM,WE,Federal Contract Tower,2,8,2,0,12,0,0,0,0,0,2,8,2,0,12,0,0,0,12
04/22/2023,OTH,OR,ANM,WE,Federal Contract Tower,2,3,1,0,6,0,1,7,2,10,2,4,8,2,16,0,0,0,16
04/23/2023,OTH,OR,ANM,WE,Federal Contract Tower,1,1,4,0,6,0,0,2,2,4,1,1,6,2,10,6,0,6,16
04/24/2023,OTH,OR,ANM,WE,Federal Contract Tower,2,7,1,0,10,0,2,5,3,10,2,9,6,3,20,8,0,8,28
04/25/2023,OTH,OR,ANM,WE,Federal Contract Tower,2,5,4,2,13,0,6,14,3,23,2,11,18,5,36,6,0,6,42
04/26/2023,OTH,OR,ANM,WE,Federal Contract Tower,2,4,0,0,6,0,6,23,2,31,2,10,23,2,37,36,0,36,73
04/27/2023,OTH,OR,ANM,WE,Federal Contract Tower,2,8,5,0,15,0,4,18,6,28,2,12,23,6,43,42,0,42,85
04/28/2023,OTH,OR,ANM,WE,Federal Contract Tower,2,5,8,0,15,0,1,11,6,18,2,6,19,6,33,0,18,18,51
04/29/2023,OTH,OR,ANM,WE,Federal Contract Tower,2,11,5,0,18,0,0,0,0,0,2,11,5,0,18,0,0,0,18
04/30/2023,OTH,OR,ANM,WE,Federal Contract Tower,2,10,18,0,30,0,0,15,0,15,2,10,33,0,45,6,0,6,51
05/01/2023,OTH,OR,ANM,WE,Federal Contract Tower,2,9,3,0,14,0,2,2,2,6,2,11,5,2,20,0,0,0,20
05/02/2023,OTH,OR,ANM,WE,Federal Contract Tower,2,8,5,0,15,0,1,4,3,8,2,9,9,3,23,18,0,18,41
05/03/2023,OTH,OR,ANM,WE,Federal Contract Tower,2,13,13,0,28,0,3,13,2,18,2,16,26,2,46,12,2,14,60
05/04/2023,OTH,OR,ANM,WE,Federal Contract Tower,2,7,5,0,14,0,2,12,3,17,2,9,17,3,31,64,0,64,95
05/05/2023,OTH,OR,ANM,WE,Federal Contract Tower,2,10,8,3,23,0,3,0,3,6,2,13,8,6,29,0,0,0,29
05/06/2023,OTH,OR,ANM,WE,Federal Contract Tower,2,5,6,0,13,0,2,2,2,6,2,7,8,2,19,2,0,2,21
05/07/2023,OTH,OR,ANM,WE,Federal Contract Tower,8,5,11,0,24,0,1,12,2,15,8,6,23,2,39,0,0,0,39
05/08/2023,OTH,OR,ANM,WE,Federal Contract Tower,4,8,8,0,20,0,1,5,7,13,4,9,13,7,33,12,2,14,47
05/09/2023,OTH,OR,ANM,WE,Federal Contract Tower,2,8,2,0,12,0,3,8,5,16,2,11,10,5,28,6,0,6,34
05/11/2023,OTH,OR,ANM,WE,Federal Contract Tower,2,16,12,0,30,0,4,17,9,30,2,20,29,9,60,0,0,0,60
05/12/2023,OTH,OR,ANM,WE,Federal Contract Tower,2,7,9,2,20,0,5,24,7,36,2,12,33,9,56,34,16,50,106
05/13/2023,OTH,OR,ANM,WE,Federal Contract Tower,2,2,3,0,7,0,2,28,4,34,2,4,31,4,41,90,0,90,131
05/14/2023,OTH,OR,ANM,WE,Federal Contract Tower,4,5,5,0,14,0,1,11,3,15,4,6,16,3,29,4,0,4,33
05/15/2023,OTH,OR,ANM,WE,Federal Contract Tower,2,10,11,2,25,0,0,2,8,10,2,10,13,10,35,0,0,0,35
05/16/2023,OTH,OR,ANM,WE,Federal Contract Tower,3,12,5,3,23,0,1,6,3,10,3,13,11,6,33,18,2,20,53
05/17/2023,OTH,OR,ANM,WE,Federal Contract Tower,4,10,18,3,35,0,0,1,1,2,4,10,19,4,37,0,0,0,37
05/18/2023,OTH,OR,ANM,WE,Federal Contract Tower,3,16,6,16,41,0,0,0,4,4,3,16,6,20,45,0,8,8,53
05/19/2023,OTH,OR,ANM,WE,Federal Contract Tower,2,9,2,1,14,0,0,7,5,12,2,9,9,6,26,16,10,26,52
05/20/2023,OTH,OR,ANM,WE,Federal Contract Tower,2,6,13,0,21,0,0,0,0,0,2,6,13,0,21,0,0,0,21
05/21/2023,OTH,OR,ANM,WE,Federal Contract Tower,4,4,6,0,14,0,0,1,1,2,4,4,7,1,16,0,0,0,16
05/22/2023,OTH,OR,ANM,WE,Federal Contract Tower,2,11,4,0,17,0,3,10,11,24,2,14,14,11,41,2,2,4,45
05/23/2023,OTH,OR,ANM,WE,Federal Contract Tower,2,1,3,2,8,0,5,10,0,15,2,6,13,2,23,34,0,34,57
05/24/2023,OTH,OR,ANM,WE,Federal Contract Tower,4,5,7,0,16,0,8,25,5,38,4,13,32,5,54,78,0,78,132
05/25/2023,OTH,OR,ANM,WE,Federal Contract Tower,2,13,0,6,21,0,4,3,0,7,2,17,3,6,28,6,0,6,34
05/26/2023,OTH,OR,ANM,WE,Federal Contract Tower,2,9,4,0,15,0,1,0,1,2,2,10,4,1,17,0,0,0,17
05/27/2023,OTH,OR,ANM,WE,Federal Contract Tower,2,1,5,0,8,0,0,7,0,7,2,1,12,0,15,16,0,16,31
05/28/2023,OTH,OR,ANM,WE,Federal Contract Tower,4,6,1,0,11,0,1,15,0,16,4,7,16,0,27,2,0,2,29
05/29/2023,OTH,OR,ANM,WE,Federal Contract Tower,2,5,3,1,11,0,0,9,2,11,2,5,12,3,22,6,0,6,28
05/30/2023,OTH,OR,ANM,WE,Federal Contract Tower,2,7,2,0,11,0,8,4,6,18,2,15,6,6,29,20,2,22,51
05/31/2023,OTH,OR,ANM,WE,Federal Contract Tower,4,8,4,0,16,0,7,5,14,26,4,15,9,14,42,0,0,0,42
06/01/2023,OTH,OR,ANM,WE,Federal Contract Tower,2,8,4,0,14,0,7,17,9,33,2,15,21,9,47,6,0,6,53
06/02/2023,OTH,OR,ANM,WE,Federal Contract Tower,2,9,1,0,12,0,3,16,6,25,2,12,17,6,37,4,0,4,41
06/03/2023,OTH,OR,ANM,WE,Federal Contract Tower,2,10,3,0,15,0,1,10,1,12,2,11,13,1,27,0,0,0,27
06/04/2023,OTH,OR,ANM,WE,Federal Contract Tower,4,5,3,0,12,0,0,7,3,10,4,5,10,3,22,6,0,6,28
06/05/2023,OTH,OR,ANM,WE,Federal Contract Tower,2,3,8,3,16,0,3,9,6,18,2,6,17,9,34,2,2,4,38
06/06/2023,OTH,OR,ANM,WE,Federal Contract Tower,2,9,3,1,15,0,5,11,9,25,2,14,14,10,40,12,0,12,52
06/07/2023,OTH,OR,ANM,WE,Federal Contract Tower,4,11,9,0,24,0,0,2,8,10,4,11,11,8,34,0,0,0,34
06/08/2023,OTH,OR,ANM,WE,Federal Contract Tower,2,12,13,8,35,0,0,10,7,17,2,12,23,15,52,12,24,36,88
06/09/2023,OTH,OR,ANM,WE,Federal Contract Tower,2,11,9,0,22,0,0,9,6,15,2,11,18,6,37,8,0,8,45
06/10/2023,OTH,OR,ANM,WE,Federal Contract Tower,2,2,0,1,5,0,1,9,1,11,2,3,9,2,16,80,0,80,96
06/11/2023,OTH,OR,ANM,WE,Federal Contract Tower,4,0,13,0,17,0,0,2,3,5,4,0,15,3,22,0,0,0,22
06/12/2023,OTH,OR,ANM,WE,Federal Contract Tower,2,9,15,1,27,0,0,0,0,0,2,9,15,1,27,0,0,0,27
06/13/2023,OTH,OR,ANM,WE,Federal Contract Tower,2,7,8,2,19,0,0,0,0,0,2,7,8,2,19,0,0,0,19
06/14/2023,OTH,OR,ANM,WE,Federal Contract Tower,4,9,8,0,21,0,2,11,11,24,4,11,19,11,45,14,0,14,59
06/15/2023,OTH,OR,ANM,WE,Federal Contract Tower,2,8,7,0,17,0,3,12,4,19,2,11,19,4,36,26,2,28,64
06/16/2023,OTH,OR,ANM,WE,Federal Contract Tower,2,12,9,0,23,0,1,5,2,8,2,13,14,2,31,16,0,16,47
06/17/2023,OTH,OR,ANM,WE,Federal Contract Tower,2,5,6,3,16,0,4,3,3,10,2,9,9,6,26,0,0,0,26
06/18/2023,OTH,OR,ANM,WE,Federal Contract Tower,4,3,7,0,14,0,0,7,2,9,4,3,14,2,23,18,0,18,41
06/19/2023,OTH,OR,ANM,WE,Federal Contract Tower,2,7,11,0,20,0,3,5,3,11,2,10,16,3,31,4,6,10,41
06/20/2023,OTH,OR,ANM,WE,Federal Contract Tower,2,4,2,0,8,0,4,8,7,19,2,8,10,7,27,12,6,18,45
06/21/2023,OTH,OR,ANM,WE,Federal Contract Tower,4,5,6,0,15,0,2,15,5,22,4,7,21,5,37,0,4,4,41
06/22/2023,OTH,OR,ANM,WE,Federal Contract Tower,2,8,4,1,15,0,2,9,6,17,2,10,13,7,32,10,8,18,50
06/23/2023,OTH,OR,ANM,WE,Federal Contract Tower,2,11,7,1,21,0,0,5,10,15,2,11,12,11,36,20,30,50,86
06/24/2023,OTH,OR,ANM,WE,Federal Contract Tower,2,6,3,0,11,0,2,10,2,14,2,8,13,2,25,12,0,12,37
06/25/2023,OTH,OR,ANM,WE,Federal Contract Tower,4,11,11,0,26,0,0,0,0,0,4,11,11,0,26,0,0,0,26
06/26/2023,OTH,OR,ANM,WE,Federal Contract Tower,2,14,4,22,42,0,0,0,0,0,2,14,4,22,42,0,0,0,42
06/27/2023,OTH,OR,ANM,WE,Federal Contract Tower,2,5,11,4,22,0,1,7,0,8,2,6,18,4,30,0,0,0,30
06/28/2023,OTH,OR,ANM,WE,Federal Contract Tower,4,17,8,2,31,0,2,10,3,15,4,19,18,5,46,0,0,0,46
06/29/2023,OTH,OR,ANM,WE,Federal Contract Tower,4,8,7,0,19,0,2,12,6,20,4,10,19,6,39,42,0,42,81
06/30/2023,OTH,OR,ANM,WE,Federal Contract Tower,4,12,13,1,30,0,0,0,3,3,4,12,13,4,33,0,0,0,33
07/01/2023,OTH,OR,ANM,WE,Federal Contract Tower,2,10,3,0,15,0,2,12,1,15,2,12,15,1,30,24,0,24,54
07/02/2023,OTH,OR,ANM,WE,Federal Contract Tower,4,3,1,0,8,0,0,13,4,17,4,3,14,4,25,10,4,14,39
07/03/2023,OTH,OR,ANM,WE,Federal Contract Tower,2,3,0,0,5,0,2,8,2,12,2,5,8,2,17,12,0,12,29
07/04/2023,OTH,OR,ANM,WE,Federal Contract Tower,2,0,4,0,6,0,1,25,3,29,2,1,29,3,35,46,0,46,81
07/05/2023,OTH,OR,ANM,WE,Federal Contract Tower,4,11,18,0,33,0,0,0,0,0,4,11,18,0,33,0,0,0,33
07/06/2023,OTH,OR,ANM,WE,Federal Contract Tower,2,13,5,0,20,0,0,0,7,7,2,13,5,7,27,0,26,26,53
07/07/2023,OTH,OR,ANM,WE,Federal Contract Tower,2,8,10,0,20,0,1,14,11,26,2,9,24,11,46,46,16,62,108
07/08/2023,OTH,OR,ANM,WE,Federal Contract Tower,2,9,3,0,14,0,1,24,2,27,2,10,27,2,41,68,0,68,109
07/09/2023,OTH,OR,ANM,WE,Federal Contract Tower,4,3,15,0,22,0,1,8,3,12,4,4,23,3,34,62,2,64,98
07/10/2023,OTH,OR,ANM,WE,Federal Contract Tower,2,5,7,0,14,0,4,25,9,38,2,9,32,9,52,72,2,74,126
07/11/2023,OTH,OR,ANM,WE,Federal Contract Tower,2,4,8,0,14,0,3,21,5,29,2,7,29,5,43,58,0,58,101
07/12/2023,OTH,OR,ANM,WE,Federal Contract Tower,4,12,7,0,23,0,3,31,9,43,4,15,38,9,66,38,0,38,104
07/13/2023,OTH,OR,ANM,WE,Federal Contract Tower,2,5,1,0,8,0,3,16,13,32,2,8,17,13,40,22,8,30,70
07/14/2023,OTH,OR,ANM,WE,Federal Contract Tower,2,5,3,0,10,0,3,17,8,28,2,8,20,8,38,38,10,48,86
07/15/2023,OTH,OR,ANM,WE,Federal Contract Tower,2,9,4,0,15,0,2,8,2,12,2,11,12,2,27,8,0,8,35
07/16/2023,OTH,OR,ANM,WE,Federal Contract Tower,4,13,5,1,23,0,0,5,2,7,4,13,10,3,30,0,0,0,30
07/17/2023,OTH,OR,ANM,WE,Federal Contract Tower,2,12,7,0,21,0,2,6,7,15,2,14,13,7,36,8,4,12,48
07/18/2023,OTH,OR,ANM,WE,Federal Contract Tower,2,6,3,0,11,0,3,15,7,25,2,9,18,7,36,12,2,14,50
07/19/2023,OTH,OR,ANM,WE,Federal Contract Tower,4,13,9,0,26,0,0,1,8,9,4,13,10,8,35,0,0,0,35
07/20/2023,OTH,OR,ANM,WE,Federal Contract Tower,2,10,9,0,21,0,5,4,6,15,2,15,13,6,36,0,0,0,36
07/21/2023,OTH,OR,ANM,WE,Federal Contract Tower,2,11,6,1,20,0,2,7,3,12,2,13,13,4,32,22,0,22,54
07/22/2023,OTH,OR,ANM,WE,Federal Contract Tower,2,7,4,0,13,0,2,24,0,26,2,9,28,0,39,26,0,26,65
07/23/2023,OTH,OR,ANM,WE,Federal Contract Tower,4,3,8,0,15,0,0,19,3,22,4,3,27,3,37,24,0,24,61
07/24/2023,OTH,OR,ANM,WE,Federal Contract Tower,2,6,5,0,13,0,1,15,11,27,2,7,20,11,40,28,10,38,78
07/25/2023,OTH,OR,ANM,WE,Federal Contract Tower,2,8,3,0,13,0,4,20,4,28,2,12,23,4,41,68,2,70,111
07/26/2023,OTH,OR,ANM,WE,Federal Contract Tower,4,10,5,0,19,0,6,24,8,38,4,16,29,8,57,78,0,78,135
07/27/2023,OTH,OR,ANM,WE,Federal Contract Tower,2,9,6,0,17,0,3,14,9,26,2,12,20,9,43,76,18,94,137
07/28/2023,OTH,OR,ANM,WE,Federal Contract Tower,2,8,4,0,14,0,6,14,8,28,2,14,18,8,42,14,4,18,60
07/29/2023,OTH,OR,ANM,WE,Federal Contract Tower,2,6,6,0,14,0,5,21,2,28,2,11,27,2,42,30,0,30,72
07/30/2023,OTH,OR,ANM,WE,Federal Contract Tower,4,14,3,0,21,0,2,15,3,20,4,16,18,3,41,36,0,36,77
07/31/2023,OTH,OR,ANM,WE,Federal Contract Tower,2,5,7,0,14,0,2,15,11,28,2,7,22,11,42,50,10,60,102
08/01/2023,OTH,OR,ANM,WE,Federal Contract Tower,2,5,1,1,9,0,3,24,5,32,2,8,25,6,41,24,4,28,69
08/02/2023,OTH,OR,ANM,WE,Federal Contract Tower,6,9,4,2,21,0,2,15,8,25,6,11,19,10,46,18,10,28,74
08/03/2023,OTH,OR,ANM,WE,Federal Contract Tower,2,11,10,3,26,0,4,9,9,22,2,15,19,12,48,16,2,18,66
08/04/2023,OTH,OR,ANM,WE,Federal Contract Tower,2,9,1,0,12,0,4,17,3,24,2,13,18,3,36,82,2,84,120
08/05/2023,OTH,OR,ANM,WE,Federal Contract Tower,2,8,13,0,23,0,1,3,0,4,2,9,16,0,27,0,0,0,27
08/06/2023,OTH,OR,ANM,WE,Federal Contract Tower,4,8,14,1,27,0,0,6,2,8,4,8,20,3,35,20,0,20,55
08/07/2023,OTH,OR,ANM,WE,Federal Contract Tower,2,10,7,0,19,0,3,7,10,20,2,13,14,10,39,0,14,14,53
08/08/2023,OTH,OR,ANM,WE,Federal Contract Tower,2,5,8,0,15,0,3,9,7,19,2,8,17,7,34,4,0,4,38
08/09/2023,OTH,OR,ANM,WE,Federal Contract Tower,4,7,6,0,17,0,3,13,8,24,4,10,19,8,41,52,0,52,93
08/10/2023,OTH,OR,ANM,WE,Federal Contract Tower,2,15,10,0,27,0,1,13,7,21,2,16,23,7,48,2,24,26,74
08/11/2023,OTH,OR,ANM,WE,Federal Contract Tower,2,9,4,0,15,0,2,31,10,43,2,11,35,10,58,38,10,48,106
08/12/2023,OTH,OR,ANM,WE,Federal Contract Tower,2,10,8,0,20,0,4,36,11,51,2,14,44,11,71,26,0,26,97
08/13/2023,OTH,OR,ANM,WE,Federal Contract Tower,4,6,2,0,12,0,1,12,1,14,4,7,14,1,26,6,0,6,32
08/14/2023,OTH,OR,ANM,WE,Federal Contract Tower,2,11,3,0,16,0,1,18,7,26,2,12,21,7,42,48,2,50,92
08/15/2023,OTH,OR,ANM,WE,Federal Contract Tower,2,9,3,0,14,0,8,21,10,39,2,17,24,10,53,46,10,56,109
08/16/2023,OTH,OR,ANM,WE,Federal Contract Tower,4,16,9,1,30,0,4,3,15,22,4,20,12,16,52,12,10,22,74
08/17/2023,OTH,OR,ANM,WE,Federal Contract Tower,2,18,2,0,22,0,0,5,4,9,2,18,7,4,31,0,0,0,31
08/18/2023,OTH,OR,ANM,WE,Federal Contract Tower,2,5,8,0,15,0,3,13,5,21,2,8,21,5,36,54,0,54,90
08/19/2023,OTH,OR,ANM,WE,Federal Contract Tower,2,2,4,0,8,0,3,15,3,21,2,5,19,3,29,22,0,22,51
08/20/2023,OTH,OR,ANM,WE,Federal Contract Tower,4,13,3,0,20,0,0,3,3,6,4,13,6,3,26,0,2,2,28
08/21/2023,OTH,OR,ANM,WE,Federal Contract Tower,2,11,10,0,23,0,1,10,4,15,2,12,20,4,38,8,0,8,46
08/22/2023,OTH,OR,ANM,WE,Federal Contract Tower,2,14,4,1,21,0,4,20,6,30,2,18,24,7,51,10,0,10,61
08/23/2023,OTH,OR,ANM,WE,Federal Contract Tower,4,10,10,0,24,0,4,22,4,30,4,14,32,4,54,34,0,34,88
08/24/2023,OTH,OR,ANM,WE,Federal Contract Tower,2,12,4,0,18,0,4,23,11,38,2,16,27,11,56,30,0,30,86
08/25/2023,OTH,OR,ANM,WE,Federal Contract Tower,2,14,11,19,46,0,2,4,4,10,2,16,15,23,56,0,2,2,58
08/26/2023,OTH,OR,ANM,WE,Federal Contract Tower,2,7,9,0,18,0,0,17,2,19,2,7,26,2,37,20,12,32,69
08/27/2023,OTH,OR,ANM,WE,Federal Contract Tower,4,1,16,0,21,0,0,12,3,15,4,1,28,3,36,36,24,60,96
08/28/2023,OTH,OR,ANM,WE,Federal Contract Tower,2,13,5,0,20,0,1,15,8,24,2,14,20,8,44,16,0,16,60
08/29/2023,OTH,OR,ANM,WE,Federal Contract Tower,2,13,0,0,15,0,3,19,7,29,2,16,19,7,44,34,6,40,84
08/30/2023,OTH,OR,ANM,WE,Federal Contract Tower,4,6,8,0,18,0,1,16,7,24,4,7,24,7,42,42,20,62,104
08/31/2023,OTH,OR,ANM,WE,Federal Contract Tower,2,11,14,4,31,0,0,0,0,0,2,11,14,4,31,0,0,0,31
01/01/2020,OTH,OR,ANM,WE,Federal Contract Tower,0,4,1,0,5,0,0,2,2,4,0,4,3,2,9,4,2,6,15
01/02/2020,OTH,OR,ANM,WE,Federal Contract Tower,0,5,4,0,9,0,6,9,5,20,0,11,13,5,29,0,0,0,29
01/03/2020,OTH,OR,ANM,WE,Federal Contract Tower,0,5,1,0,6,0,6,12,6,24,0,11,13,6,30,0,0,0,30
01/04/2020,OTH,OR,ANM,WE,Federal Contract Tower,0,5,0,0,5,0,1,2,6,9,0,6,2,6,14,0,0,0,14
01/05/2020,OTH,OR,ANM,WE,Federal Contract Tower,0,2,2,0,4,0,1,2,6,9,0,3,4,6,13,0,2,2,15
01/06/2020,OTH,OR,ANM,WE,Federal Contract Tower,0,9,7,0,16,0,0,3,3,6,0,9,10,3,22,0,0,0,22
01/07/2020,OTH,OR,ANM,WE,Federal Contract Tower,0,6,2,0,8,0,0,0,8,8,0,6,2,8,16,0,10,10,26
01/08/2020,OTH,OR,ANM,WE,Federal Contract Tower,0,12,0,20,32,0,0,1,9,10,0,12,1,29,42,0,0,0,42
01/09/2020,OTH,OR,ANM,WE,Federal Contract Tower,0,11,1,0,12,0,0,5,11,16,0,11,6,11,28,0,20,20,48
01/10/2020,OTH,OR,ANM,WE,Federal Contract Tower,0,14,4,0,18,0,1,1,5,7,0,15,5,5,25,0,34,34,59
01/11/2020,OTH,OR,ANM,WE,Federal Contract Tower,0,2,5,0,7,0,2,0,6,8,0,4,5,6,15,0,0,0,15
01/12/2020,OTH,OR,ANM,WE,Federal Contract Tower,0,2,2,0,4,0,0,0,4,4,0,2,2,4,8,0,26,26,34
01/13/2020,OTH,OR,ANM,WE,Federal Contract Tower,0,7,2,1,10,0,0,0,1,1,0,7,2,2,11,0,38,38,49
01/14/2020,OTH,OR,ANM,WE,Federal Contract Tower,0,7,5,0,12,0,1,5,19,25,0,8,10,19,37,9,38,47,84
01/15/2020,OTH,OR,ANM,WE,Federal Contract Tower,0,7,0,0,7,0,2,0,8,10,0,9,0,8,17,0,140,140,157
01/16/2020,OTH,OR,ANM,WE,Federal Contract Tower,0,8,5,0,13,0,1,5,4,10,0,9,10,4,23,6,10,16,39
01/17/2020,OTH,OR,ANM,WE,Federal Contract Tower,0,7,3,1,11,0,0,3,23,26,0,7,6,24,37,8,24,32,69
01/18/2020,OTH,OR,ANM,WE,Federal Contract Tower,0,4,0,0,4,0,1,0,11,12,0,5,0,11,16,0,18,18,34
01/19/2020,OTH,OR,ANM,WE,Federal Contract Tower,0,3,2,1,6,0,2,8,2,12,0,5,10,3,18,0,0,0,18
01/20/2020,OTH,OR,ANM,WE,Federal Contract Tower,0,4,0,13,17,0,2,4,10,16,0,6,4,23,33,0,8,8,41
01/21/2020,OTH,OR,ANM,WE,Federal Contract Tower,0,11,1,0,12,0,0,0,16,16,0,11,1,16,28,0,48,48,76
01/22/2020,OTH,OR,ANM,WE,Federal Contract Tower,0,14,3,0,17,0,0,0,8,8,0,14,3,8,25,0,0,0,25
01/23/2020,OTH,OR,ANM,WE,Federal Contract Tower,0,10,1,1,12,0,1,0,15,16,0,11,1,16,28,0,0,0,28
01/24/2020,OTH,OR,ANM,WE,Federal Contract Tower,0,8,3,1,12,0,1,3,17,21,0,9,6,18,33,10,32,42,75
01/25/2020,OTH,OR,ANM,WE,Federal Contract Tower,0,6,2,3,11,0,2,1,3,6,0,8,3,6,17,0,28,28,45
01/26/2020,OTH,OR,ANM,WE,Federal Contract Tower,0,3,3,0,6,0,0,1,12,13,0,3,4,12,19,0,0,0,19
01/27/2020,OTH,OR,ANM,WE,Federal Contract Tower,0,7,1,0,8,0,0,0,7,7,0,7,1,7,15,0,0,0,15
01/28/2020,OTH,OR,ANM,WE,Federal Contract Tower,0,7,2,0,9,0,0,0,7,7,0,7,2,7,16,0,2,2,18
01/29/2020,OTH,OR,ANM,WE,Federal Contract Tower,0,8,4,0,12,0,2,4,10,16,0,10,8,10,28,11,2,13,41
01/30/2020,OTH,OR,ANM,WE,Federal Contract Tower,0,11,7,0,18,0,3,3,22,28,0,14,10,22,46,8,14,22,68
01/31/2020,OTH,OR,ANM,WE,Federal Contract Tower,0,9,7,3,19,0,1,6,12,19,0,10,13,15,38,0,18,18,56
02/01/2020,OTH,OR,ANM,WE,Federal Contract Tower,0,4,0,2,6,0,0,0,0,0,0,4,0,2,6,4,0,4,10
02/02/2020,OTH,OR,ANM,WE,Federal Contract Tower,0,2,2,0,4,0,4,8,6,18,0,6,10,6,22,0,6,6,28
02/03/2020,OTH,OR,ANM,WE,Federal Contract Tower,0,11,3,0,14,0,0,5,2,7,0,11,8,2,21,10,0,10,31
02/04/2020,OTH,OR,ANM,WE,Federal Contract Tower,0,8,0,0,8,0,0,0,0,0,0,8,0,0,8,6,0,6,14
02/05/2020,OTH,OR,ANM,WE,Federal Contract Tower,0,13,1,0,14,0,0,0,0,0,0,13,1,0,14,0,0,0,14
02/06/2020,OTH,OR,ANM,WE,Federal Contract Tower,0,11,8,0,19,0,0,1,0,1,0,11,9,0,20,0,0,0,20
02/07/2020,OTH,OR,ANM,WE,Federal Contract Tower,0,11,2,3,16,0,0,2,5,7,0,11,4,8,23,0,20,20,43
02/08/2020,OTH,OR,ANM,WE,Federal Contract Tower,0,4,7,0,11,0,1,5,2,8,0,5,12,2,19,10,0,10,29
02/09/2020,OTH,OR,ANM,WE,Federal Contract Tower,0,3,4,1,8,0,0,34,14,48,0,3,38,15,56,31,2,33,89
02/10/2020,OTH,OR,ANM,WE,Federal Contract Tower,0,4,7,0,11,0,4,5,8,17,0,8,12,8,28,0,0,0,28
02/11/2020,OTH,OR,ANM,WE,Federal Contract Tower,0,4,8,0,12,0,4,21,14,39,0,8,29,14,51,14,2,16,67
02/12/2020,OTH,OR,ANM,WE,Federal Contract Tower,0,12,0,0,12,0,3,23,13,39,0,15,23,13,51,12,0,12,63
02/13/2020,OTH,OR,ANM,WE,Federal Contract Tower,0,10,2,1,13,0,0,0,5,5,0,10,2,6,18,0,10,10,28
02/14/2020,OTH,OR,ANM,WE,Federal Contract Tower,0,9,6,0,15,0,1,11,19,31,0,10,17,19,46,0,0,0,46
02/15/2020,OTH,OR,ANM,WE,Federal Contract Tower,0,6,10,0,16,0,0,1,12,13,0,6,11,12,29,0,0,0,29
02/16/2020,OTH,OR,ANM,WE,Federal Contract Tower,0,2,1,0,3,0,1,3,9,13,0,3,4,9,16,0,10,10,26
02/17/2020,OTH,OR,ANM,WE,Federal Contract Tower,0,4,0,0,4,0,2,10,2,14,0,6,10,2,18,8,0,8,26
02/18/2020,OTH,OR,ANM,WE,Federal Contract Tower,0,3,3,0,6,0,5,10,19,34,0,8,13,19,40,0,2,2,42
02/19/2020,OTH,OR,ANM,WE,Federal Contract Tower,0,6,2,1,9,0,6,6,21,33,0,12,8,22,42,0,28,28,70
02/20/2020,OTH,OR,ANM,WE,Federal Contract Tower,0,7,1,2,10,0,8,15,13,36,0,15,16,15,46,8,0,8,54
02/21/2020,OTH,OR,ANM,WE,Federal Contract Tower,0,8,2,0,10,0,2,7,22,31,0,10,9,22,41,0,8,8,49
02/22/2020,OTH,OR,ANM,WE,Federal Contract Tower,0,1,3,1,5,0,3,3,6,12,0,4,6,7,17,0,8,8,25
02/23/2020,OTH,OR,ANM,WE,Federal Contract Tower,0,3,4,0,7,0,0,1,8,9,0,3,5,8,16,0,2,2,18
02/24/2020,OTH,OR,ANM,WE,Federal Contract Tower,0,5,5,0,10,0,2,13,11,26,0,7,18,11,36,0,16,16,52
02/25/2020,OTH,OR,ANM,WE,Federal Contract Tower,0,6,0,2,8,0,3,15,17,35,0,9,15,19,43,1,1,2,45
02/26/2020,OTH,OR,ANM,WE,Federal Contract Tower,0,5,2,1,8,0,5,9,12,26,0,10,11,13,34,0,24,24,58
02/27/2020,OTH,OR,ANM,WE,Federal Contract Tower,0,8,2,0,10,0,3,8,9,20,0,11,10,9,30,0,0,0,30
02/28/2020,OTH,OR,ANM,WE,Federal Contract Tower,0,10,4,3,17,0,0,2,28,30,0,10,6,31,47,0,24,24,71
02/29/2020,OTH,OR,ANM,WE,Federal Contract Tower,0,5,1,0,6,0,3,6,10,19,0,8,7,10,25,0,22,22,47
03/01/2020,OTH,OR,ANM,WE,Federal Contract Tower,0,4,2,0,6,0,0,6,7,13,0,4,8,7,19,0,2,2,21
03/02/2020,OTH,OR,ANM,WE,Federal Contract Tower,0,8,1,0,9,0,2,3,10,15,0,10,4,10,24,0,0,0,24
03/03/2020,OTH,OR,ANM,WE,Federal Contract Tower,0,8,1,2,11,0,0,2,7,9,0,8,3,9,20,0,28,28,48
03/04/2020,OTH,OR,ANM,WE,Federal Contract Tower,0,9,6,3,18,0,1,4,13,18,0,10,10,16,36,0,40,40,76
03/05/2020,OTH,OR,ANM,WE,Federal Contract Tower,0,11,8,0,19,0,5,5,4,14,0,16,13,4,33,0,18,18,51
03/06/2020,OTH,OR,ANM,WE,Federal Contract Tower,0,14,3,2,19,0,0,1,1,2,0,14,4,3,21,0,8,8,29
03/07/2020,OTH,OR,ANM,WE,Federal Contract Tower,0,3,3,0,6,0,1,3,4,8,0,4,6,4,14,0,16,16,30
03/08/2020,OTH,OR,ANM,WE,Federal Contract Tower,0,2,6,0,8,0,0,10,6,16,0,2,16,6,24,6,0,6,30
03/09/2020,OTH,OR,ANM,WE,Federal Contract Tower,0,3,3,0,6,0,7,16,7,30,0,10,19,7,36,0,16,16,52
03/10/2020,OTH,OR,ANM,WE,Federal Contract Tower,0,3,4,0,7,0,6,13,12,31,0,9,17,12,38,2,0,2,40
03/11/2020,OTH,OR,ANM,WE,Federal Contract Tower,0,14,5,0,19,0,7,17,21,45,0,21,22,21,64,0,4,4,68
03/12/2020,OTH,OR,ANM,WE,Federal Contract Tower,0,4,3,0,7,0,6,12,9,27,0,10,15,9,34,0,40,40,74
03/13/2020,OTH,OR,ANM,WE,Federal Contract Tower,0,12,4,0,16,0,2,8,5,15,0,14,12,5,31,0,18,18,49
03/14/2020,OTH,OR,ANM,WE,Federal Contract Tower,0,4,2,0,6,0,0,5,5,10,0,4,7,5,16,0,24,24,40
03/15/2020,OTH,OR,ANM,WE,Federal Contract Tower,0,3,1,0,4,0,0,14,4,18,0,3,15,4,22,14,10,24,46
03/16/2020,OTH,OR,ANM,WE,Federal Contract Tower,0,4,4,0,8,0,2,3,12,17,0,6,7,12,25,0,22,22,47
03/17/2020,OTH,OR,ANM,WE,Federal Contract Tower,0,8,2,0,10,0,1,0,2,3,0,9,2,2,13,0,14,14,27
03/18/2020,OTH,OR,ANM,WE,Federal Contract Tower,0,8,1,0,9,0,3,2,4,9,0,11,3,4,18,0,34,34,52
03/19/2020,OTH,OR,ANM,WE,Federal Contract Tower,0,8,3,2,13,0,2,5,5,12,0,10,8,7,25,2,4,6,31
03/20/2020,OTH,OR,ANM,WE,Federal Contract Tower,0,5,0,4,9,0,4,13,19,36,0,9,13,23,45,10,0,10,55
03/21/2020,OTH,OR,ANM,WE,Federal Contract Tower,0,1,1,0,2,0,3,12,5,20,0,4,13,5,22,0,0,0,22
03/22/2020,OTH,OR,ANM,WE,Federal Contract Tower,0,0,2,0,2,0,0,2,1,3,0,0,4,1,5,6,24,30,35
03/23/2020,OTH,OR,ANM,WE,Federal Contract Tower,0,5,1,0,6,0,0,1,3,4,0,5,2,3,10,2,0,2,12
03/24/2020,OTH,OR,ANM,WE,Federal Contract Tower,0,12,2,0,14,0,0,0,6,6,0,12,2,6,20,0,12,12,32
03/25/2020,OTH,OR,ANM,WE,Federal Contract Tower,0,7,1,0,8,0,1,2,7,10,0,8,3,7,18,10,0,10,28
03/26/2020,OTH,OR,ANM,WE,Federal Contract Tower,0,6,0,0,6,0,2,11,8,21,0,8,11,8,27,0,0,0,27
03/27/2020,OTH,OR,ANM,WE,Federal Contract Tower,0,7,0,0,7,0,0,3,7,10,0,7,3,7,17,0,40,40,57
03/28/2020,OTH,OR,ANM,WE,Federal Contract Tower,0,7,1,0,8,0,1,3,4,8,0,8,4,4,16,0,18,18,34
03/29/2020,OTH,OR,ANM,WE,Federal Contract Tower,0,0,0,13,13,0,0,0,0,0,0,0,0,13,13,0,0,0,13
03/30/2020,OTH,OR,ANM,WE,Federal Contract Tower,0,3,0,2,5,0,0,0,5,5,0,3,0,7,10,0,0,0,10
03/31/2020,OTH,OR,ANM,WE,Federal Contract Tower,0,10,1,0,11,0,1,0,5,6,0,11,1,5,17,0,0,0,17
04/01/2020,OTH,OR,ANM,WE,Federal Contract Tower,0,13,1,5,19,0,0,0,6,6,0,13,1,11,25,0,0,0,25
04/02/2020,OTH,OR,ANM,WE,Federal Contract Tower,0,8,2,0,10,0,1,0,8,9,0,9,2,8,19,0,0,0,19
04/03/2020,OTH,OR,ANM,WE,Federal Contract Tower,0,5,0,0,5,0,2,3,19,24,0,7,3,19,29,4,8,12,41
04/04/2020,OTH,OR,ANM,WE,Federal Contract Tower,0,4,2,0,6,0,0,0,2,2,0,4,2,2,8,0,0,0,8
04/05/2020,OTH,OR,ANM,WE,Federal Contract Tower,0,2,2,0,4,0,0,7,3,10,0,2,9,3,14,6,0,6,20
04/06/2020,OTH,OR,ANM,WE,Federal Contract Tower,0,4,0,0,4,0,0,0,4,4,0,4,0,4,8,0,0,0,8
04/07/2020,OTH,OR,ANM,WE,Federal Contract Tower,0,7,1,0,8,0,0,5,9,14,0,7,6,9,22,10,4,14,36
04/08/2020,OTH,OR,ANM,WE,Federal Contract Tower,0,5,2,0,7,0,3,3,12,18,0,8,5,12,25,6,18,24,49
04/09/2020,OTH,OR,ANM,WE,Federal Contract Tower,0,4,3,0,7,0,3,11,5,19,0,7,14,5,26,0,8,8,34
04/10/2020,OTH,OR,ANM,WE,Federal Contract Tower,0,7,3,0,10,0,0,2,2,4,0,7,5,2,14,0,10,10,24
04/11/2020,OTH,OR,ANM,WE,Federal Contract Tower,0,4,3,0,7,0,0,7,2,9,0,4,10,2,16,0,12,12,28
04/12/2020,OTH,OR,ANM,WE,Federal Contract Tower,0,2,0,0,2,0,1,18,2,21,0,3,18,2,23,0,34,34,57
04/13/2020,OTH,OR,ANM,WE,Federal Contract Tower,0,4,0,0,4,0,2,13,6,21,0,6,13,6,25,0,14,14,39
04/14/2020,OTH,OR,ANM,WE,Federal Contract Tower,0,4,0,0,4,0,8,5,6,19,0,12,5,6,23,22,0,22,45
04/15/2020,OTH,OR,ANM,WE,Federal Contract Tower,0,7,2,1,10,0,2,2,7,11,0,9,4,8,21,18,24,42,63
04/16/2020,OTH,OR,ANM,WE,Federal Contract Tower,0,6,0,0,6,0,3,11,7,21,0,9,11,7,27,4,4,8,35
04/17/2020,OTH,OR,ANM,WE,Federal Contract Tower,0,5,2,3,10,0,5,9,1,15,0,10,11,4,25,16,16,32,57
04/18/2020,OTH,OR,ANM,WE,Federal Contract Tower,0,5,0,0,5,0,2,0,4,6,0,7,0,4,11,0,10,10,21
04/19/2020,OTH,OR,ANM,WE,Federal Contract Tower,0,2,6,0,8,0,0,12,4,16,0,2,18,4,24,8,51,59,83
04/20/2020,OTH,OR,ANM,WE,Federal Contract Tower,0,6,1,0,7,0,0,1,11,12,0,6,2,11,19,0,12,12,31
04/21/2020,OTH,OR,ANM,WE,Federal Contract Tower,0,10,2,1,13,0,2,4,3,9,0,12,6,4,22,0,0,0,22
04/22/2020,OTH,OR,ANM,WE,Federal Contract Tower,0,9,1,4,14,0,0,0,0,0,0,9,1,4,14,0,40,40,54
04/23/2020,OTH,OR,ANM,WE,Federal Contract Tower,0,10,2,0,12,0,0,0,0,0,0,10,2,0,12,0,0,0,12
04/24/2020,OTH,OR,ANM,WE,Federal Contract Tower,0,10,2,0,12,0,0,1,2,3,0,10,3,2,15,0,0,0,15
04/25/2020,OTH,OR,ANM,WE,Federal Contract Tower,0,6,0,0,6,0,0,0,0,0,0,6,0,0,6,0,0,0,6
04/26/2020,OTH,OR,ANM,WE,Federal Contract Tower,0,2,0,2,4,0,0,7,2,9,0,2,7,4,13,28,0,28,41
04/27/2020,OTH,OR,ANM,WE,Federal Contract Tower,0,4,4,4,12,0,0,0,0,0,0,4,4,4,12,0,0,0,12
04/28/2020,OTH,OR,ANM,WE,Federal Contract Tower,0,6,0,0,6,0,4,1,10,15,0,10,1,10,21,0,0,0,21
04/29/2020,OTH,OR,ANM,WE,Federal Contract Tower,0,9,0,3,12,0,0,0,0,0,0,9,0,3,12,0,28,28,40
04/30/2020,OTH,OR,ANM,WE,Federal Contract Tower,0,9,0,0,9,0,2,6,4,12,0,11,6,4,21,0,0,0,21
05/01/2020,OTH,OR,ANM,WE,Federal Contract Tower,0,4,6,0,10,0,4,8,0,12,0,8,14,0,22,14,6,20,42
05/02/2020,OTH,OR,ANM,WE,Federal Contract Tower,0,5,0,4,9,0,0,0,0,0,0,5,0,4,9,0,6,6,15
05/03/2020,OTH,OR,ANM,WE,Federal Contract Tower,0,2,2,0,4,0,0,4,1,5,0,2,6,1,9,0,0,0,9
05/04/2020,OTH,OR,ANM,WE,Federal Contract Tower,0,3,4,0,7,0,3,6,14,23,0,6,10,14,30,2,6,8,38
05/05/2020,OTH,OR,ANM,WE,Federal Contract Tower,0,9,2,0,11,0,1,3,15,19,0,10,5,15,30,0,4,4,34
05/06/2020,OTH,OR,ANM,WE,Federal Contract Tower,0,8,1,0,9,0,5,5,7,17,0,13,6,7,26,4,0,4,30
05/07/2020,OTH,OR,ANM,WE,Federal Contract Tower,0,3,0,0,3,0,4,5,6,15,0,7,5,6,18,0,0,0,18
05/08/2020,OTH,OR,ANM,WE,Federal Contract Tower,0,5,0,0,5,0,5,12,4,21,0,10,12,4,26,18,0,18,44
05/09/2020,OTH,OR,ANM,WE,Federal Contract Tower,0,3,0,0,3,0,1,6,3,10,0,4,6,3,13,6,8,14,27
05/10/2020,OTH,OR,ANM,WE,Federal Contract Tower,0,2,1,0,3,0,0,4,4,8,0,2,5,4,11,16,12,28,39
05/11/2020,OTH,OR,ANM,WE,Federal Contract Tower,0,3,4,0,7,0,4,3,5,12,0,7,7,5,19,8,2,10,29
05/12/2020,OTH,OR,ANM,WE,Federal Contract Tower,0,9,0,0,9,0,0,0,13,13,0,9,0,13,22,0,0,0,22
05/13/2020,OTH,OR,ANM,WE,Federal Contract Tower,0,12,2,0,14,0,0,1,5,6,0,12,3,5,20,0,24,24,44
05/14/2020,OTH,OR,ANM,WE,Federal Contract Tower,0,8,6,0,14,0,1,1,6,8,0,9,7,6,22,0,8,8,30
05/15/2020,OTH,OR,ANM,WE,Federal Contract Tower,0,5,1,0,6,0,6,10,4,20,0,11,11,4,26,0,0,0,26
05/16/2020,OTH,OR,ANM,WE,Federal Contract Tower,0,3,13,0,16,0,3,5,17,25,0,6,18,17,41,0,0,0,41
05/17/2020,OTH,OR,ANM,WE,Federal Contract Tower,0,6,3,0,9,0,0,2,4,6,0,6,5,4,15,0,18,18,33
05/18/2020,OTH,OR,ANM,WE,Federal Contract Tower,0,7,4,0,11,0,0,0,3,3,0,7,4,3,14,0,0,0,14
05/19/2020,OTH,OR,ANM,WE,Federal Contract Tower,0,8,5,2,15,0,0,1,9,10,0,8,6,11,25,0,0,0,25
05/20/2020,OTH,OR,ANM,WE,Federal Contract Tower,0,13,5,0,18,0,0,4,6,10,0,13,9,6,28,0,36,36,64
05/21/2020,OTH,OR,ANM,WE,Federal Contract Tower,0,14,5,0,19,0,1,4,4,9,0,15,9,4,28,0,14,14,42
05/22/2020,OTH,OR,ANM,WE,Federal Contract Tower,0,14,5,0,19,0,1,8,7,16,0,15,13,7,35,0,0,0,35
05/23/2020,OTH,OR,ANM,WE,Federal Contract Tower,0,1,6,1,8,0,3,8,4,15,0,4,14,5,23,4,8,12,35
05/24/2020,OTH,OR,ANM,WE,Federal Contract Tower,0,4,3,0,7,0,1,4,5,10,0,5,7,5,17,0,0,0,17
05/25/2020,OTH,OR,ANM,WE,Federal Contract Tower,0,5,1,0,6,0,1,11,1,13,0,6,12,1,19,8,0,8,27
05/26/2020,OTH,OR,ANM,WE,Federal Contract Tower,0,3,3,0,6,0,4,7,10,21,0,7,10,10,27,2,0,2,29
05/27/2020,OTH,OR,ANM,WE,Federal Contract Tower,0,8,11,0,19,0,4,21,5,30,0,12,32,5,49,0,18,18,67
05/28/2020,OTH,OR,ANM,WE,Federal Contract Tower,0,8,8,0,16,0,0,14,5,19,0,8,22,5,35,8,0,8,43
05/29/2020,OTH,OR,ANM,WE,Federal Contract Tower,0,17,8,0,25,0,0,4,4,8,0,17,12,4,33,0,4,4,37
05/30/2020,OTH,OR,ANM,WE,Federal Contract Tower,0,8,2,0,10,0,0,0,2,2,0,8,2,2,12,0,0,0,12
05/31/2020,OTH,OR,ANM,WE,Federal Contract Tower,0,10,2,0,12,0,2,6,8,16,0,12,8,8,28,12,2,14,42
06/01/2020,OTH,OR,ANM,WE,Federal Contract Tower,0,3,0,2,5,0,2,5,5,12,0,5,5,7,17,2,0,2,19
06/02/2020,OTH,OR,ANM,WE,Federal Contract Tower,0,11,7,0,18,0,5,11,6,22,0,16,18,6,40,10,0,10,50
06/03/2020,OTH,OR,ANM,WE,Federal Contract Tower,2,12,3,0,17,0,4,15,3,22,2,16,18,3,39,6,6,12,51
06/04/2020,OTH,OR,ANM,WE,Federal Contract Tower,0,5,8,0,13,0,9,8,5,22,0,14,16,5,35,0,0,0,35
06/05/2020,OTH,OR,ANM,WE,Federal Contract Tower,0,14,2,0,16,0,0,3,5,8,0,14,5,5,24,0,0,0,24
06/06/2020,OTH,OR,ANM,WE,Federal Contract Tower,0,4,7,0,11,0,1,0,2,3,0,5,7,2,14,0,2,2,16
06/07/2020,OTH,OR,ANM,WE,Federal Contract Tower,0,10,7,0,17,0,2,2,6,10,0,12,9,6,27,0,12,12,39
06/08/2020,OTH,OR,ANM,WE,Federal Contract Tower,0,7,6,0,13,0,0,1,3,4,0,7,7,3,17,0,0,0,17
06/09/2020,OTH,OR,ANM,WE,Federal Contract Tower,0,8,2,3,13,0,1,12,9,22,0,9,14,12,35,0,12,12,47
06/10/2020,OTH,OR,ANM,WE,Federal Contract Tower,2,13,12,1,28,0,2,8,8,18,2,15,20,9,46,6,32,38,84
06/11/2020,OTH,OR,ANM,WE,Federal Contract Tower,0,9,8,0,17,0,3,10,18,31,0,12,18,18,48,12,6,18,66
06/12/2020,OTH,OR,ANM,WE,Federal Contract Tower,0,16,9,0,25,0,0,3,8,11,0,16,12,8,36,0,40,40,76
06/13/2020,OTH,OR,ANM,WE,Federal Contract Tower,0,7,10,0,17,0,1,2,4,7,0,8,12,4,24,16,0,16,40
06/14/2020,OTH,OR,ANM,WE,Federal Contract Tower,2,12,5,0,19,0,0,19,4,23,2,12,24,4,42,16,12,28,70
06/15/2020,OTH,OR,ANM,WE,Federal Contract Tower,0,11,3,0,14,0,0,1,7,8,0,11,4,7,22,0,2,2,24
06/16/2020,OTH,OR,ANM,WE,Federal Contract Tower,0,12,5,0,17,0,1,4,6,11,0,13,9,6,28,10,0,10,38
06/17/2020,OTH,OR,ANM,WE,Federal Contract Tower,2,12,6,0,20,0,4,11,7,22,2,16,17,7,42,0,8,8,50
06/18/2020,OTH,OR,ANM,WE,Federal Contract Tower,0,9,4,0,13,0,2,19,3,24,0,11,23,3,37,12,0,12,49
06/19/2020,OTH,OR,ANM,WE,Federal Contract Tower,0,15,4,0,19,0,1,6,0,7,0,16,10,0,26,0,4,4,30
06/20/2020,OTH,OR,ANM,WE,Federal Contract Tower,0,7,7,0,14,0,0,0,4,4,0,7,7,4,18,0,0,0,18
06/21/2020,OTH,OR,ANM,WE,Federal Contract Tower,0,6,0,1,7,0,0,5,3,8,0,6,5,4,15,0,2,2,17
06/22/2020,OTH,OR,ANM,WE,Federal Contract Tower,0,15,3,0,18,0,2,11,4,17,0,17,14,4,35,12,0,12,47
06/23/2020,OTH,OR,ANM,WE,Federal Contract Tower,0,8,2,8,18,0,8,15,9,32,0,16,17,17,50,0,0,0,50
06/24/2020,OTH,OR,ANM,WE,Federal Contract Tower,1,15,4,1,21,0,2,0,5,7,1,17,4,6,28,0,0,0,28
06/25/2020,OTH,OR,ANM,WE,Federal Contract Tower,1,15,11,0,27,0,2,6,4,12,1,17,17,4,39,2,0,2,41
06/26/2020,OTH,OR,ANM,WE,Federal Contract Tower,0,14,5,0,19,0,4,12,2,18,0,18,17,2,37,0,0,0,37
06/27/2020,OTH,OR,ANM,WE,Federal Contract Tower,0,6,4,1,11,0,0,2,2,4,0,6,6,3,15,0,10,10,25
06/28/2020,OTH,OR,ANM,WE,Federal Contract Tower,2,6,14,0,22,0,0,7,14,21,2,6,21,14,43,8,0,8,51
06/29/2020,OTH,OR,ANM,WE,Federal Contract Tower,0,9,5,0,14,0,1,3,7,11,0,10,8,7,25,20,0,20,45
06/30/2020,OTH,OR,ANM,WE,Federal Contract Tower,0,11,8,2,21,0,0,1,7,8,0,11,9,9,29,0,0,0,29
07/01/2020,OTH,OR,ANM,WE,Federal Contract Tower,2,11,7,0,20,0,1,14,5,20,2,12,21,5,40,8,0,8,48
07/02/2020,OTH,OR,ANM,WE,Federal Contract Tower,0,8,7,0,15,0,2,11,11,24,0,10,18,11,39,0,0,0,39
07/03/2020,OTH,OR,ANM,WE,Federal Contract Tower,0,10,2,0,12,0,1,5,2,8,0,11,7,2,20,0,0,0,20
07/04/2020,OTH,OR,ANM,WE,Federal Contract Tower,0,2,0,1,3,0,3,8,4,15,0,5,8,5,18,2,54,56,74
07/05/2020,OTH,OR,ANM,WE,Federal Contract Tower,2,8,6,0,16,0,4,25,3,32,2,12,31,3,48,0,12,12,60
07/06/2020,OTH,OR,ANM,WE,Federal Contract Tower,0,10,9,0,19,0,1,5,2,8,0,11,14,2,27,0,0,0,27
07/07/2020,OTH,OR,ANM,WE,Federal Contract Tower,0,6,3,0,9,0,3,5,9,17,0,9,8,9,26,0,0,0,26
07/08/2020,OTH,OR,ANM,WE,Federal Contract Tower,2,11,3,5,21,0,8,9,20,37,2,19,12,25,58,0,0,0,58
07/09/2020,OTH,OR,ANM,WE,Federal Contract Tower,0,12,5,0,17,0,3,7,7,17,0,15,12,7,34,0,0,0,34
07/10/2020,OTH,OR,ANM,WE,Federal Contract Tower,0,13,5,0,18,0,4,9,5,18,0,17,14,5,36,4,2,6,42
07/11/2020,OTH,OR,ANM,WE,Federal Contract Tower,0,8,3,1,12,0,0,12,2,14,0,8,15,3,26,6,0,6,32
07/12/2020,OTH,OR,ANM,WE,Federal Contract Tower,2,9,12,10,33,0,0,26,3,29,2,9,38,13,62,0,26,26,88
07/13/2020,OTH,OR,ANM,WE,Federal Contract Tower,0,11,10,0,21,0,2,9,3,14,0,13,19,3,35,12,0,12,47
07/14/2020,OTH,OR,ANM,WE,Federal Contract Tower,0,6,8,1,15,0,6,9,10,25,0,12,17,11,40,0,12,12,52
07/15/2020,OTH,OR,ANM,WE,Federal Contract Tower,2,15,9,0,26,0,5,1,4,10,2,20,10,4,36,0,6,6,42
07/16/2020,OTH,OR,ANM,WE,Federal Contract Tower,0,15,8,4,27,0,1,3,0,4,0,16,11,4,31,0,0,0,31
07/17/2020,OTH,OR,ANM,WE,Federal Contract Tower,0,7,4,0,11,0,3,2,1,6,0,10,6,1,17,0,0,0,17
07/18/2020,OTH,OR,ANM,WE,Federal Contract Tower,0,6,5,1,12,0,2,12,2,16,0,8,17,3,28,0,8,8,36
07/19/2020,OTH,OR,ANM,WE,Federal Contract Tower,2,11,9,0,22,0,1,5,5,11,2,12,14,5,33,0,18,18,51
07/20/2020,OTH,OR,ANM,WE,Federal Contract Tower,0,6,10,0,16,0,0,2,3,5,0,6,12,3,21,0,0,0,21
07/21/2020,OTH,OR,ANM,WE,Federal Contract Tower,0,12,6,0,18,0,0,0,5,5,0,12,6,5,23,0,12,12,35
07/22/2020,OTH,OR,ANM,WE,Federal Contract Tower,0,17,13,5,35,0,0,1,7,8,0,17,14,12,43,0,0,0,43
07/23/2020,OTH,OR,ANM,WE,Federal Contract Tower,0,12,10,0,22,0,2,13,8,23,0,14,23,8,45,0,6,6,51
07/24/2020,OTH,OR,ANM,WE,Federal Contract Tower,0,11,2,0,13,0,3,5,6,14,0,14,7,6,27,0,6,6,33
07/25/2020,OTH,OR,ANM,WE,Federal Contract Tower,0,9,1,0,10,0,4,12,4,20,0,13,13,4,30,0,4,4,34
07/26/2020,OTH,OR,ANM,WE,Federal Contract Tower,2,13,6,0,21,0,0,31,6,37,2,13,37,6,58,0,2,2,60
07/27/2020,OTH,OR,ANM,WE,Federal Contract Tower,0,14,8,0,22,0,0,6,8,14,0,14,14,8,36,0,0,0,36
07/28/2020,OTH,OR,ANM,WE,Federal Contract Tower,0,17,6,3,26,0,0,5,6,11,0,17,11,9,37,0,0,0,37
07/29/2020,OTH,OR,ANM,WE,Federal Contract Tower,2,14,4,0,20,0,1,5,5,11,2,15,9,5,31,0,0,0,31
07/30/2020,OTH,OR,ANM,WE,Federal Contract Tower,0,9,4,0,13,0,2,6,5,13,0,11,10,5,26,0,14,14,40
07/31/2020,OTH,OR,ANM,WE,Federal Contract Tower,0,19,13,0,32,0,0,5,4,9,0,19,18,4,41,0,2,2,43
08/01/2020,OTH,OR,ANM,WE,Federal Contract Tower,0,14,4,2,20,0,0,11,3,14,0,14,15,5,34,0,26,26,60
08/02/2020,OTH,OR,ANM,WE,Federal Contract Tower,2,5,9,1,17,0,0,18,11,29,2,5,27,12,46,2,36,38,84
08/03/2020,OTH,OR,ANM,WE,Federal Contract Tower,0,7,8,0,15,0,3,2,6,11,0,10,10,6,26,0,2,2,28
08/04/2020,OTH,OR,ANM,WE,Federal Contract Tower,0,11,10,1,22,0,2,3,7,12,0,13,13,8,34,0,0,0,34
08/05/2020,OTH,OR,ANM,WE,Federal Contract Tower,2,17,6,1,26,0,0,2,8,10,2,17,8,9,36,0,20,20,56
08/06/2020,OTH,OR,ANM,WE,Federal Contract Tower,0,8,8,1,17,0,1,3,9,13,0,9,11,10,30,0,20,20,50
08/07/2020,OTH,OR,ANM,WE,Federal Contract Tower,0,7,7,0,14,0,2,9,4,15,0,9,16,4,29,0,0,0,29
08/08/2020,OTH,OR,ANM,WE,Federal Contract Tower,0,6,2,0,8,0,0,2,14,16,0,6,4,14,24,0,32,32,56
08/09/2020,OTH,OR,ANM,WE,Federal Contract Tower,2,6,1,0,9,0,0,8,7,15,2,6,9,7,24,0,0,0,24
08/10/2020,OTH,OR,ANM,WE,Federal Contract Tower,0,3,3,0,6,0,5,7,3,15,0,8,10,3,21,2,0,2,23
08/11/2020,OTH,OR,ANM,WE,Federal Contract Tower,0,12,10,0,22,0,7,9,10,26,0,19,19,10,48,0,2,2,50
08/12/2020,OTH,OR,ANM,WE,Federal Contract Tower,2,10,1,1,14,0,2,10,8,20,2,12,11,9,34,0,8,8,42
08/13/2020,OTH,OR,ANM,WE,Federal Contract Tower,0,17,4,0,21,0,2,8,8,18,0,19,12,8,39,0,16,16,55
08/14/2020,OTH,OR,ANM,WE,Federal Contract Tower,0,13,0,1,14,0,4,15,7,26,0,17,15,8,40,1,31,32,72
08/15/2020,OTH,OR,ANM,WE,Federal Contract Tower,0,5,3,1,9,0,3,14,5,22,0,8,17,6,31,6,0,6,37
08/16/2020,OTH,OR,ANM,WE,Federal Contract Tower,2,13,4,2,21,0,1,12,5,18,2,14,16,7,39,2,6,8,47
08/17/2020,OTH,OR,ANM,WE,Federal Contract Tower,0,9,6,0,15,0,2,9,3,14,0,11,15,3,29,0,8,8,37
08/18/2020,OTH,OR,ANM,WE,Federal Contract Tower,0,11,7,0,18,0,4,18,3,25,0,15,25,3,43,0,0,0,43
08/19/2020,OTH,OR,ANM,WE,Federal Contract Tower,2,17,14,3,36,0,7,9,12,28,2,24,23,15,64,0,0,0,64
08/20/2020,OTH,OR,ANM,WE,Federal Contract Tower,0,11,10,1,22,0,8,11,6,25,0,19,21,7,47,0,6,6,53
08/21/2020,OTH,OR,ANM,WE,Federal Contract Tower,0,11,9,0,20,0,2,3,3,8,0,13,12,3,28,0,19,19,47
08/22/2020,OTH,OR,ANM,WE,Federal Contract Tower,0,9,4,0,13,0,0,16,8,24,0,9,20,8,37,6,0,6,43
08/23/2020,OTH,OR,ANM,WE,Federal Contract Tower,2,15,10,0,27,0,1,16,4,21,2,16,26,4,48,0,23,23,71
08/24/2020,OTH,OR,ANM,WE,Federal Contract Tower,0,6,7,0,13,0,3,3,2,8,0,9,10,2,21,0,0,0,21
08/25/2020,OTH,OR,ANM,WE,Federal Contract Tower,0,6,6,1,13,0,4,6,10,20,0,10,12,11,33,0,6,6,39
08/26/2020,OTH,OR,ANM,WE,Federal Contract Tower,2,14,8,0,24,0,1,14,19,34,2,15,22,19,58,0,8,8,66
08/27/2020,OTH,OR,ANM,WE,Federal Contract Tower,0,7,5,1,13,0,3,10,2,15,0,10,15,3,28,0,0,0,28
08/28/2020,OTH,OR,ANM,WE,Federal Contract Tower,0,12,2,0,14,0,6,12,9,27,0,18,14,9,41,0,22,22,63
08/29/2020,OTH,OR,ANM,WE,Federal Contract Tower,0,5,8,0,13,0,2,5,1,8,0,7,13,1,21,0,37,37,58
08/30/2020,OTH,OR,ANM,WE,Federal Contract Tower,2,6,9,0,17,0,2,14,18,34,2,8,23,18,51,2,0,2,53
08/31/2020,OTH,OR,ANM,WE,Federal Contract Tower,0,4,12,0,16,0,2,4,5,11,0,6,16,5,27,0,0,0,27
09/01/2020,OTH,OR,ANM,WE,Federal Contract Tower,0,7,4,2,13,0,4,13,6,23,0,11,17,8,36,2,10,12,48
09/02/2020,OTH,OR,ANM,WE,Federal Contract Tower,2,13,11,3,29,0,0,4,11,15,2,13,15,14,44,0,16,16,60
09/03/2020,OTH,OR,ANM,WE,Federal Contract Tower,0,13,7,0,20,0,3,32,6,41,0,16,39,6,61,6,0,6,67
09/04/2020,OTH,OR,ANM,WE,Federal Contract Tower,0,15,16,0,31,0,2,7,1,10,0,17,23,1,41,0,0,0,41
09/05/2020,OTH,OR,ANM,WE,Federal Contract Tower,0,11,5,0,16,0,2,14,3,19,0,13,19,3,35,12,36,48,83
09/06/2020,OTH,OR,ANM,WE,Federal Contract Tower,2,5,3,3,13,0,1,8,2,11,2,6,11,5,24,0,14,14,38
09/07/2020,OTH,OR,ANM,WE,Federal Contract Tower,0,5,4,2,11,0,0,26,1,27,0,5,30,3,38,6,0,6,44
09/08/2020,OTH,OR,ANM,WE,Federal Contract Tower,0,11,5,0,16,0,0,1,2,3,0,11,6,2,19,0,0,0,19
09/09/2020,OTH,OR,ANM,WE,Federal Contract Tower,2,12,3,0,17,0,0,1,0,1,2,12,4,0,18,0,4,4,22
09/10/2020,OTH,OR,ANM,WE,Federal Contract Tower,0,14,14,1,29,0,0,0,0,0,0,14,14,1,29,0,16,16,45
09/11/2020,OTH,OR,ANM,WE,Federal Contract Tower,0,20,9,0,29,0,0,0,0,0,0,20,9,0,29,0,0,0,29
09/12/2020,OTH,OR,ANM,WE,Federal Contract Tower,0,2,6,0,8,0,0,0,0,0,0,2,6,0,8,0,0,0,8
09/13/2020,OTH,OR,ANM,WE,Federal Contract Tower,2,11,9,0,22,0,0,0,0,0,2,11,9,0,22,0,0,0,22
09/14/2020,OTH,OR,ANM,WE,Federal Contract Tower,0,5,4,0,9,0,1,0,2,3,0,6,4,2,12,0,0,0,12
09/15/2020,OTH,OR,ANM,WE,Federal Contract Tower,0,14,3,0,17,0,0,8,11,19,0,14,11,11,36,2,0,2,38
09/16/2020,OTH,OR,ANM,WE,Federal Contract Tower,2,22,10,2,36,0,0,5,4,9,2,22,15,6,45,6,20,26,71
09/17/2020,OTH,OR,ANM,WE,Federal Contract Tower,0,14,8,2,24,0,0,2,0,2,0,14,10,2,26,0,0,0,26
09/18/2020,OTH,OR,ANM,WE,Federal Contract Tower,0,14,8,0,22,0,1,1,3,5,0,15,9,3,27,0,36,36,63
09/19/2020,OTH,OR,ANM,WE,Federal Contract Tower,0,14,6,0,20,0,5,2,0,7,0,19,8,0,27,2,54,56,83
09/20/2020,OTH,OR,ANM,WE,Federal Contract Tower,2,14,11,0,27,0,2,25,8,35,2,16,36,8,62,4,12,16,78
09/21/2020,OTH,OR,ANM,WE,Federal Contract Tower,0,9,7,0,16,0,1,3,2,6,0,10,10,2,22,2,8,10,32
09/22/2020,OTH,OR,ANM,WE,Federal Contract Tower,0,11,10,0,21,0,4,32,15,51,0,15,42,15,72,16,18,34,106
09/23/2020,OTH,OR,ANM,WE,Federal Contract Tower,2,16,9,1,28,0,1,3,2,6,2,17,12,3,34,0,20,20,54
09/24/2020,OTH,OR,ANM,WE,Federal Contract Tower,0,13,9,0,22,0,3,2,30,35,0,16,11,30,57,6,24,30,87
09/25/2020,OTH,OR,ANM,WE,Federal Contract Tower,0,16,11,0,27,0,1,2,5,8,0,17,13,5,35,0,0,0,35
09/26/2020,OTH,OR,ANM,WE,Federal Contract Tower,0,12,11,2,25,0,0,2,2,4,0,12,13,4,29,0,0,0,29
09/27/2020,OTH,OR,ANM,WE,Federal Contract Tower,2,13,17,0,32,0,1,8,7,16,2,14,25,7,48,0,2,2,50
09/28/2020,OTH,OR,ANM,WE,Federal Contract Tower,0,14,4,0,18,0,1,12,3,16,0,15,16,3,34,12,8,20,54
09/29/2020,OTH,OR,ANM,WE,Federal Contract Tower,0,14,8,0,22,0,1,17,6,24,0,15,25,6,46,16,0,16,62
09/30/2020,OTH,OR,ANM,WE,Federal Contract Tower,2,13,11,1,27,0,0,1,0,1,2,13,12,1,28,0,0,0,28
10/01/2020,OTH,OR,ANM,WE,Federal Contract Tower,0,27,11,1,39,0,0,0,0,0,0,27,11,1,39,0,0,0,39
10/02/2020,OTH,OR,ANM,WE,Federal Contract Tower,0,9,11,0,20,0,2,4,4,10,0,11,15,4,30,0,0,0,30
10/03/2020,OTH,OR,ANM,WE,Federal Contract Tower,0,6,6,4,16,0,0,2,0,2,0,6,8,4,18,0,10,10,28
10/04/2020,OTH,OR,ANM,WE,Federal Contract Tower,0,9,17,0,26,0,0,8,6,14,0,9,25,6,40,0,18,18,58
10/05/2020,OTH,OR,ANM,WE,Federal Contract Tower,0,7,6,1,14,0,2,9,10,21,0,9,15,11,35,0,14,14,49
10/06/2020,OTH,OR,ANM,WE,Federal Contract Tower,0,6,5,1,12,0,4,17,11,32,0,10,22,12,44,0,0,0,44
10/07/2020,OTH,OR,ANM,WE,Federal Contract Tower,0,14,14,0,28,0,0,3,4,7,0,14,17,4,35,0,0,0,35
10/08/2020,OTH,OR,ANM,WE,Federal Contract Tower,0,21,12,1,34,0,0,0,1,1,0,21,12,2,35,0,0,0,35
10/09/2020,OTH,OR,ANM,WE,Federal Contract Tower,0,15,7,0,22,0,0,0,8,8,0,15,7,8,30,0,0,0,30
10/10/2020,OTH,OR,ANM,WE,Federal Contract Tower,0,13,4,1,18,0,0,2,3,5,0,13,6,4,23,0,32,32,55
10/11/2020,OTH,OR,ANM,WE,Federal Contract Tower,0,10,7,0,17,0,0,7,9,16,0,10,14,9,33,0,30,30,63
10/12/2020,OTH,OR,ANM,WE,Federal Contract Tower,0,9,5,0,14,0,3,14,7,24,0,12,19,7,38,2,0,2,40
10/13/2020,OTH,OR,ANM,WE,Federal Contract Tower,0,9,13,2,24,0,0,0,7,7,0,9,13,9,31,0,24,24,55
10/14/2020,OTH,OR,ANM,WE,Federal Contract Tower,0,15,7,0,22,0,11,8,9,28,0,26,15,9,50,12,10,22,72
10/15/2020,OTH,OR,ANM,WE,Federal Contract Tower,0,10,12,0,22,0,10,31,6,47,0,20,43,6,69,30,0,30,99
10/16/2020,OTH,OR,ANM,WE,Federal Contract Tower,0,8,8,0,16,0,4,19,13,36,0,12,27,13,52,16,49,65,117
10/17/2020,OTH,OR,ANM,WE,Federal Contract Tower,0,14,2,1,17,0,1,9,3,13,0,15,11,4,30,10,0,10,40
10/18/2020,OTH,OR,ANM,WE,Federal Contract Tower,0,9,10,3,22,0,0,3,9,12,0,9,13,12,34,8,0,8,42
10/19/2020,OTH,OR,ANM,WE,Federal Contract Tower,0,6,9,2,17,0,3,9,12,24,0,9,18,14,41,0,28,28,69
10/20/2020,OTH,OR,ANM,WE,Federal Contract Tower,0,6,11,0,17,0,5,25,10,40,0,11,36,10,57,6,0,6,63
10/21/2020,OTH,OR,ANM,WE,Federal Contract Tower,0,12,3,0,15,0,3,7,20,30,0,15,10,20,45,0,8,8,53
10/23/2020,OTH,OR,ANM,WE,Federal Contract Tower,0,12,4,2,18,0,4,9,8,21,0,16,13,10,39,0,8,8,47
10/24/2020,OTH,OR,ANM,WE,Federal Contract Tower,0,8,8,1,17,0,1,11,18,30,0,9,19,19,47,0,0,0,47
10/25/2020,OTH,OR,ANM,WE,Federal Contract Tower,0,6,7,2,15,0,0,17,11,28,0,6,24,13,43,0,0,0,43
10/26/2020,OTH,OR,ANM,WE,Federal Contract Tower,0,9,1,3,13,0,2,6,14,22,0,11,7,17,35,0,0,0,35
10/27/2020,OTH,OR,ANM,WE,Federal Contract Tower,0,5,1,0,6,0,9,9,13,31,0,14,10,13,37,2,28,30,67
10/28/2020,OTH,OR,ANM,WE,Federal Contract Tower,0,8,8,0,16,0,6,18,12,36,0,14,26,12,52,0,40,40,92
10/29/2020,OTH,OR,ANM,WE,Federal Contract Tower,0,11,2,0,13,0,3,11,9,23,0,14,13,9,36,0,8,8,44
10/30/2020,OTH,OR,ANM,WE,Federal Contract Tower,0,15,7,1,23,0,0,5,7,12,0,15,12,8,35,0,28,28,63
10/31/2020,OTH,OR,ANM,WE,Federal Contract Tower,0,6,2,0,8,0,2,16,5,23,0,8,18,5,31,2,0,2,33
11/01/2020,OTH,OR,ANM,WE,Federal Contract Tower,0,6,2,0,8,0,2,24,4,30,0,8,26,4,38,2,16,18,56
11/02/2020,OTH,OR,ANM,WE,Federal Contract Tower,0,9,2,0,11,0,0,4,2,6,0,9,6,2,17,0,0,0,17
11/03/2020,OTH,OR,ANM,WE,Federal Contract Tower,0,10,6,0,16,0,0,0,12,12,0,10,6,12,28,0,10,10,38
11/04/2020,OTH,OR,ANM,WE,Federal Contract Tower,0,11,6,3,20,0,2,5,6,13,0,13,11,9,33,0,14,14,47
11/05/2020,OTH,OR,ANM,WE,Federal Contract Tower,0,11,3,0,14,0,0,0,0,0,0,11,3,0,14,0,0,0,14
11/06/2020,OTH,OR,ANM,WE,Federal Contract Tower,0,10,1,0,11,0,2,1,7,10,0,12,2,7,21,0,10,10,31
11/07/2020,OTH,OR,ANM,WE,Federal Contract Tower,0,7,2,0,9,0,0,6,7,13,0,7,8,7,22,0,0,0,22
11/08/2020,OTH,OR,ANM,WE,Federal Contract Tower,0,5,7,0,12,0,3,7,5,15,0,8,14,5,27,2,0,2,29
11/09/2020,OTH,OR,ANM,WE,Federal Contract Tower,0,8,7,0,15,0,3,4,2,9,0,11,11,2,24,0,2,2,26
11/10/2020,OTH,OR,ANM,WE,Federal Contract Tower,0,9,12,1,22,0,2,1,10,13,0,11,13,11,35,0,2,2,37
11/11/2020,OTH,OR,ANM,WE,Federal Contract Tower,0,8,8,0,16,0,1,8,3,12,0,9,16,3,28,0,0,0,28
11/12/2020,OTH,OR,ANM,WE,Federal Contract Tower,0,5,12,0,17,0,1,6,12,19,0,6,18,12,36,16,4,20,56
11/13/2020,OTH,OR,ANM,WE,Federal Contract Tower,0,15,5,0,20,0,1,2,2,5,0,16,7,2,25,0,24,24,49
11/14/2020,OTH,OR,ANM,WE,Federal Contract Tower,0,4,1,0,5,0,1,0,4,5,0,5,1,4,10,0,10,10,20
11/15/2020,OTH,OR,ANM,WE,Federal Contract Tower,0,6,8,7,21,0,0,0,5,5,0,6,8,12,26,0,2,2,28
11/16/2020,OTH,OR,ANM,WE,Federal Contract Tower,0,5,3,0,8,0,2,0,7,9,0,7,3,7,17,0,0,0,17
11/17/2020,OTH,OR,ANM,WE,Federal Contract Tower,0,11,5,1,17,0,0,0,21,21,0,11,5,22,38,0,0,0,38
11/18/2020,OTH,OR,ANM,WE,Federal Contract Tower,0,7,4,0,11,0,1,0,10,11,0,8,4,10,22,0,20,20,42
11/19/2020,OTH,OR,ANM,WE,Federal Contract Tower,0,8,2,0,10,0,2,8,7,17,0,10,10,7,27,0,0,0,27
11/20/2020,OTH,OR,ANM,WE,Federal Contract Tower,0,6,3,0,9,0,7,19,21,47,0,13,22,21,56,0,6,6,62
11/21/2020,OTH,OR,ANM,WE,Federal Contract Tower,0,4,3,0,7,0,2,9,4,15,0,6,12,4,22,6,0,6,28
11/22/2020,OTH,OR,ANM,WE,Federal Contract Tower,0,2,3,0,5,0,0,0,3,3,0,2,3,3,8,0,8,8,16
11/23/2020,OTH,OR,ANM,WE,Federal Contract Tower,0,4,4,1,9,0,2,2,3,7,0,6,6,4,16,0,0,0,16
11/24/2020,OTH,OR,ANM,WE,Federal Contract Tower,0,8,7,0,15,0,1,2,10,13,0,9,9,10,28,0,48,48,76
11/25/2020,OTH,OR,ANM,WE,Federal Contract Tower,0,6,3,0,9,0,3,0,4,7,0,9,3,4,16,0,0,0,16
11/26/2020,OTH,OR,ANM,WE,Federal Contract Tower,0,1,0,0,1,0,1,9,4,14,0,2,9,4,15,0,0,0,15
11/27/2020,OTH,OR,ANM,WE,Federal Contract Tower,0,6,0,0,6,0,4,15,2,21,0,10,15,2,27,0,2,2,29
11/28/2020,OTH,OR,ANM,WE,Federal Contract Tower,0,2,2,0,4,0,2,23,2,27,0,4,25,2,31,6,4,10,41
11/29/2020,OTH,OR,ANM,WE,Federal Contract Tower,0,2,4,0,6,0,2,12,5,19,0,4,16,5,25,0,0,0,25
11/30/2020,OTH,OR,ANM,WE,Federal Contract Tower,0,4,4,0,8,0,0,0,6,6,0,4,4,6,14,0,0,0,14
12/01/2020,OTH,OR,ANM,WE,Federal Contract Tower,0,7,6,0,13,0,6,9,7,22,0,13,15,7,35,0,8,8,43
12/02/2020,OTH,OR,ANM,WE,Federal Contract Tower,0,8,2,0,10,0,3,11,7,21,0,11,13,7,31,0,60,60,91
12/03/2020,OTH,OR,ANM,WE,Federal Contract Tower,0,8,4,2,14,0,2,6,4,12,0,10,10,6,26,0,18,18,44
12/04/2020,OTH,OR,ANM,WE,Federal Contract Tower,0,9,6,0,15,0,3,15,3,21,0,12,21,3,36,0,30,30,66
12/05/2020,OTH,OR,ANM,WE,Federal Contract Tower,0,2,3,0,5,0,3,6,7,16,0,5,9,7,21,0,0,0,21
12/06/2020,OTH,OR,ANM,WE,Federal Contract Tower,0,2,6,5,13,0,0,4,9,13,0,2,10,14,26,8,0,8,34
12/07/2020,OTH,OR,ANM,WE,Federal Contract Tower,0,6,0,0,6,0,1,11,2,14,0,7,11,2,20,0,4,4,24
12/08/2020,OTH,OR,ANM,WE,Federal Contract Tower,0,8,4,0,12,0,0,2,10,12,0,8,6,10,24,0,2,2,26
12/09/2020,OTH,OR,ANM,WE,Federal Contract Tower,0,5,4,0,9,0,3,9,8,20,0,8,13,8,29,4,8,12,41
12/10/2020,OTH,OR,ANM,WE,Federal Contract Tower,0,7,6,0,13,0,1,4,4,9,0,8,10,4,22,0,26,26,48
12/11/2020,OTH,OR,ANM,WE,Federal Contract Tower,0,15,4,0,19,0,1,1,3,5,0,16,5,3,24,8,26,34,58
12/12/2020,OTH,OR,ANM,WE,Federal Contract Tower,0,4,2,0,6,0,2,16,6,24,0,6,18,6,30,6,4,10,40
12/13/2020,OTH,OR,ANM,WE,Federal Contract Tower,0,3,2,0,5,0,0,2,9,11,0,3,4,9,16,0,0,0,16
12/14/2020,OTH,OR,ANM,WE,Federal Contract Tower,0,4,4,0,8,0,2,4,5,11,0,6,8,5,19,0,26,26,45
12/15/2020,OTH,OR,ANM,WE,Federal Contract Tower,0,11,3,0,14,0,1,2,16,19,0,12,5,16,33,0,10,10,43
12/16/2020,OTH,OR,ANM,WE,Federal Contract Tower,0,15,9,0,24,0,0,0,5,5,0,15,9,5,29,0,32,32,61
12/17/2020,OTH,OR,ANM,WE,Federal Contract Tower,0,9,5,0,14,0,0,3,9,12,0,9,8,9,26,14,10,24,50
12/18/2020,OTH,OR,ANM,WE,Federal Contract Tower,0,6,12,2,20,0,4,6,2,12,0,10,18,4,32,2,2,4,36
12/19/2020,OTH,OR,ANM,WE,Federal Contract Tower,0,10,12,1,23,0,1,2,4,7,0,11,14,5,30,20,6,26,56
12/20/2020,OTH,OR,ANM,WE,Federal Contract Tower,0,1,4,3,8,0,0,0,0,0,0,1,4,3,8,0,14,14,22
12/21/2020,OTH,OR,ANM,WE,Federal Contract Tower,0,4,3,2,9,0,0,0,0,0,0,4,3,2,9,0,56,56,65
12/22/2020,OTH,OR,ANM,WE,Federal Contract Tower,0,5,3,0,8,0,7,10,4,21,0,12,13,4,29,0,0,0,29
12/23/2020,OTH,OR,ANM,WE,Federal Contract Tower,0,8,2,0,10,0,4,19,7,30,0,12,21,7,40,0,18,18,58
12/24/2020,OTH,OR,ANM,WE,Federal Contract Tower,0,2,0,0,2,0,4,5,4,13,0,6,5,4,15,0,2,2,17
12/25/2020,OTH,OR,ANM,WE,Federal Contract Tower,0,2,0,0,2,0,0,0,5,5,0,2,0,5,7,0,10,10,17
12/26/2020,OTH,OR,ANM,WE,Federal Contract Tower,0,4,0,0,4,0,1,0,3,4,0,5,0,3,8,8,0,8,16
12/27/2020,OTH,OR,ANM,WE,Federal Contract Tower,0,2,2,0,4,0,0,6,4,10,0,2,8,4,14,0,6,6,20
12/28/2020,OTH,OR,ANM,WE,Federal Contract Tower,0,0,6,0,6,0,4,7,3,14,0,4,13,3,20,0,12,12,32
12/29/2020,OTH,OR,ANM,WE,Federal Contract Tower,0,2,1,0,3,0,2,13,6,21,0,4,14,6,24,0,0,0,24
12/30/2020,OTH,OR,ANM,WE,Federal Contract Tower,0,10,4,8,22,0,1,0,5,6,0,11,4,13,28,0,34,34,62
12/31/2020,OTH,OR,ANM,WE,Federal Contract Tower,0,9,2,0,11,0,0,0,7,7,0,9,2,7,18,0,6,6,24
01/01/2021,OTH,OR,ANM,WE,Federal Contract Tower,0,3,2,0,5,0,0,0,3,3,0,3,2,3,8,0,0,0,8
01/02/2021,OTH,OR,ANM,WE,Federal Contract Tower,0,4,2,0,6,0,0,0,1,1,0,4,2,1,7,0,0,0,7
01/03/2021,OTH,OR,ANM,WE,Federal Contract Tower,0,3,0,0,3,0,0,2,4,6,0,3,2,4,9,0,40,40,49
01/04/2021,OTH,OR,ANM,WE,Federal Contract Tower,0,7,0,0,7,0,0,0,0,0,0,7,0,0,7,0,0,0,7
01/05/2021,OTH,OR,ANM,WE,Federal Contract Tower,0,6,5,0,11,0,4,7,27,38,0,10,12,27,49,18,10,28,77
01/06/2021,OTH,OR,ANM,WE,Federal Contract Tower,0,15,2,4,21,0,0,0,0,0,0,15,2,4,21,0,4,4,25
01/07/2021,OTH,OR,ANM,WE,Federal Contract Tower,0,7,4,0,11,0,5,12,8,25,0,12,16,8,36,0,8,8,44
01/08/2021,OTH,OR,ANM,WE,Federal Contract Tower,0,9,2,0,11,0,2,6,5,13,0,11,8,5,24,0,0,0,24
01/09/2021,OTH,OR,ANM,WE,Federal Contract Tower,0,5,2,0,7,0,2,28,12,42,0,7,30,12,49,42,14,56,105
01/10/2021,OTH,OR,ANM,WE,Federal Contract Tower,0,7,2,0,9,0,0,0,4,4,0,7,2,4,13,0,0,0,13
01/11/2021,OTH,OR,ANM,WE,Federal Contract Tower,0,5,4,0,9,0,1,3,2,6,0,6,7,2,15,0,48,48,63
01/12/2021,OTH,OR,ANM,WE,Federal Contract Tower,0,9,3,0,12,0,0,0,4,4,0,9,3,4,16,0,34,34,50
01/13/2021,OTH,OR,ANM,WE,Federal Contract Tower,0,4,0,3,7,0,4,5,4,13,0,8,5,7,20,0,6,6,26
01/14/2021,OTH,OR,ANM,WE,Federal Contract Tower,0,4,2,0,6,0,3,15,12,30,0,7,17,12,36,8,8,16,52
01/15/2021,OTH,OR,ANM,WE,Federal Contract Tower,0,11,4,9,24,0,0,0,0,0,0,11,4,9,24,0,0,0,24
01/16/2021,OTH,OR,ANM,WE,Federal Contract Tower,0,4,0,0,4,0,0,0,0,0,0,4,0,0,4,16,0,16,20
01/17/2021,OTH,OR,ANM,WE,Federal Contract Tower,0,3,2,0,5,0,0,15,4,19,0,3,17,4,24,6,18,24,48
01/18/2021,OTH,OR,ANM,WE,Federal Contract Tower,1,3,2,0,6,0,2,9,3,14,1,5,11,3,20,0,18,18,38
01/19/2021,OTH,OR,ANM,WE,Federal Contract Tower,0,4,2,0,6,0,3,7,13,23,0,7,9,13,29,0,2,2,31
01/20/2021,OTH,OR,ANM,WE,Federal Contract Tower,0,10,2,0,12,0,3,16,11,30,0,13,18,11,42,0,0,0,42
01/21/2021,OTH,OR,ANM,WE,Federal Contract Tower,0,6,4,0,10,0,3,20,14,37,0,9,24,14,47,12,18,30,77
01/22/2021,OTH,OR,ANM,WE,Federal Contract Tower,0,13,4,0,17,0,0,7,3,10,0,13,11,3,27,0,0,0,27
01/23/2021,OTH,OR,ANM,WE,Federal Contract Tower,0,2,6,0,8,0,3,14,5,22,0,5,20,5,30,0,14,14,44
01/24/2021,OTH,OR,ANM,WE,Federal Contract Tower,0,2,4,0,6,0,0,0,4,4,0,2,4,4,10,0,10,10,20
01/25/2021,OTH,OR,ANM,WE,Federal Contract Tower,0,8,2,0,10,0,0,3,4,7,0,8,5,4,17,0,0,0,17
01/26/2021,OTH,OR,ANM,WE,Federal Contract Tower,0,6,1,0,7,0,2,3,11,16,0,8,4,11,23,12,10,22,45
01/27/2021,OTH,OR,ANM,WE,Federal Contract Tower,0,13,9,0,22,0,0,1,8,9,0,13,10,8,31,0,70,70,101
01/28/2021,OTH,OR,ANM,WE,Federal Contract Tower,0,8,7,0,15,0,2,3,6,11,0,10,10,6,26,10,6,16,42
01/29/2021,OTH,OR,ANM,WE,Federal Contract Tower,0,10,4,0,14,0,2,1,3,6,0,12,5,3,20,8,66,74,94
01/30/2021,OTH,OR,ANM,WE,Federal Contract Tower,0,5,1,4,10,0,0,0,10,10,0,5,1,14,20,0,22,22,42
01/31/2021,OTH,OR,ANM,WE,Federal Contract Tower,0,4,5,0,9,0,0,0,8,8,0,4,5,8,17,0,16,16,33
02/01/2021,OTH,OR,ANM,WE,Federal Contract Tower,0,7,2,0,9,0,0,0,3,3,0,7,2,3,12,0,14,14,26
02/02/2021,OTH,OR,ANM,WE,Federal Contract Tower,0,10,1,0,11,0,0,10,11,21,0,10,11,11,32,0,14,14,46
02/03/2021,OTH,OR,ANM,WE,Federal Contract Tower,0,13,5,0,18,0,1,2,16,19,0,14,7,16,37,0,8,8,45
02/04/2021,OTH,OR,ANM,WE,Federal Contract Tower,0,7,2,4,13,0,8,12,9,29,0,15,14,13,42,8,12,20,62
02/05/2021,OTH,OR,ANM,WE,Federal Contract Tower,0,10,2,0,12,0,0,0,2,2,0,10,2,2,14,0,0,0,14
02/06/2021,OTH,OR,ANM,WE,Federal Contract Tower,0,4,0,0,4,0,0,4,1,5,0,4,4,1,9,8,0,8,17
02/07/2021,OTH,OR,ANM,WE,Federal Contract Tower,0,4,0,0,4,0,2,10,3,15,0,6,10,3,19,16,14,30,49
02/08/2021,OTH,OR,ANM,WE,Federal Contract Tower,0,6,2,0,8,0,2,4,4,10,0,8,6,4,18,10,22,32,50
02/09/2021,OTH,OR,ANM,WE,Federal Contract Tower,0,5,5,0,10,0,6,8,6,20,0,11,13,6,30,0,0,0,30
02/10/2021,OTH,OR,ANM,WE,Federal Contract Tower,0,7,0,0,7,0,5,32,16,53,0,12,32,16,60,10,14,24,84
02/11/2021,OTH,OR,ANM,WE,Federal Contract Tower,0,10,5,0,15,0,0,3,5,8,0,10,8,5,23,0,4,4,27
02/12/2021,OTH,OR,ANM,WE,Federal Contract Tower,0,10,2,0,12,0,0,0,4,4,0,10,2,4,16,0,10,10,26
02/13/2021,OTH,OR,ANM,WE,Federal Contract Tower,0,2,0,0,2,0,0,2,4,6,0,2,2,4,8,0,0,0,8
02/14/2021,OTH,OR,ANM,WE,Federal Contract Tower,0,2,4,0,6,0,0,1,6,7,0,2,5,6,13,0,6,6,19
02/15/2021,OTH,OR,ANM,WE,Federal Contract Tower,0,2,2,0,4,0,0,9,1,10,0,2,11,1,14,0,12,12,26
02/16/2021,OTH,OR,ANM,WE,Federal Contract Tower,0,4,1,0,5,0,3,18,4,25,0,7,19,4,30,10,0,10,40
02/17/2021,OTH,OR,ANM,WE,Federal Contract Tower,0,6,13,0,19,0,4,21,17,42,0,10,34,17,61,18,38,56,117
02/18/2021,OTH,OR,ANM,WE,Federal Contract Tower,0,6,1,2,9,0,0,2,2,4,0,6,3,4,13,0,6,6,19
02/19/2021,OTH,OR,ANM,WE,Federal Contract Tower,0,13,8,0,21,0,0,12,5,17,0,13,20,5,38,0,22,22,60
02/20/2021,OTH,OR,ANM,WE,Federal Contract Tower,0,5,2,0,7,0,0,10,7,17,0,5,12,7,24,0,20,20,44
02/21/2021,OTH,OR,ANM,WE,Federal Contract Tower,0,5,4,2,11,0,0,1,0,1,0,5,5,2,12,0,2,2,14
02/22/2021,OTH,OR,ANM,WE,Federal Contract Tower,0,4,5,2,11,0,0,0,11,11,0,4,5,13,22,0,30,30,52
02/23/2021,OTH,OR,ANM,WE,Federal Contract Tower,0,3,4,0,7,0,5,15,5,25,0,8,19,5,32,6,0,6,38
02/24/2021,OTH,OR,ANM,WE,Federal Contract Tower,0,3,1,0,4,0,6,14,14,34,0,9,15,14,38,6,18,24,62
02/25/2021,OTH,OR,ANM,WE,Federal Contract Tower,0,9,6,0,15,0,1,1,6,8,0,10,7,6,23,0,6,6,29
02/26/2021,OTH,OR,ANM,WE,Federal Contract Tower,0,10,0,0,10,0,0,3,10,13,0,10,3,10,23,0,42,42,65
02/27/2021,OTH,OR,ANM,WE,Federal Contract Tower,0,12,2,0,14,0,4,12,2,18,0,16,14,2,32,4,12,16,48
02/28/2021,OTH,OR,ANM,WE,Federal Contract Tower,0,4,5,0,9,0,1,32,6,39,0,5,37,6,48,2,0,2,50
03/01/2021,OTH,OR,ANM,WE,Federal Contract Tower,0,4,5,0,9,0,3,12,5,20,0,7,17,5,29,0,20,20,49
03/02/2021,OTH,OR,ANM,WE,Federal Contract Tower,0,4,4,1,9,0,4,9,5,18,0,8,13,6,27,0,6,6,33
03/03/2021,OTH,OR,ANM,WE,Federal Contract Tower,0,9,6,0,15,0,2,14,14,30,0,11,20,14,45,12,24,36,81
03/04/2021,OTH,OR,ANM,WE,Federal Contract Tower,0,7,1,0,8,0,2,5,5,12,0,9,6,5,20,8,0,8,28
03/05/2021,OTH,OR,ANM,WE,Federal Contract Tower,0,8,3,0,11,0,6,2,8,16,0,14,5,8,27,4,22,26,53
03/06/2021,OTH,OR,ANM,WE,Federal Contract Tower,0,4,2,0,6,0,0,15,6,21,0,4,17,6,27,26,0,26,53
03/07/2021,OTH,OR,ANM,WE,Federal Contract Tower,0,2,3,0,5,0,0,6,6,12,0,2,9,6,17,8,6,14,31
03/08/2021,OTH,OR,ANM,WE,Federal Contract Tower,0,8,6,0,14,0,1,7,6,14,0,9,13,6,28,0,0,0,28
03/09/2021,OTH,OR,ANM,WE,Federal Contract Tower,0,6,12,0,18,0,4,1,9,14,0,10,13,9,32,0,6,6,38
03/10/2021,OTH,OR,ANM,WE,Federal Contract Tower,0,9,4,4,17,0,3,15,8,26,0,12,19,12,43,32,4,36,79
03/11/2021,OTH,OR,ANM,WE,Federal Contract Tower,0,2,10,1,13,0,11,29,3,43,0,13,39,4,56,44,0,44,100
03/12/2021,OTH,OR,ANM,WE,Federal Contract Tower,0,4,7,13,24,0,6,24,15,45,0,10,31,28,69,24,10,34,103
03/13/2021,OTH,OR,ANM,WE,Federal Contract Tower,0,3,5,0,8,0,1,3,7,11,0,4,8,7,19,0,24,24,43
03/14/2021,OTH,OR,ANM,WE,Federal Contract Tower,0,4,8,0,12,0,0,0,0,0,0,4,8,0,12,0,0,0,12
03/15/2021,OTH,OR,ANM,WE,Federal Contract Tower,0,2,0,0,2,0,3,13,4,20,0,5,13,4,22,16,0,16,38
03/16/2021,OTH,OR,ANM,WE,Federal Contract Tower,0,8,2,0,10,0,9,19,9,37,0,17,21,9,47,4,0,4,51
03/17/2021,OTH,OR,ANM,WE,Federal Contract Tower,0,8,10,0,18,0,5,27,9,41,0,13,37,9,59,22,0,22,81
03/18/2021,OTH,OR,ANM,WE,Federal Contract Tower,0,10,6,0,16,0,0,1,8,9,0,10,7,8,25,0,72,72,97
03/19/2021,OTH,OR,ANM,WE,Federal Contract Tower,0,11,3,0,14,0,0,1,4,5,0,11,4,4,19,2,36,38,57
03/20/2021,OTH,OR,ANM,WE,Federal Contract Tower,0,7,1,0,8,0,0,0,4,4,0,7,1,4,12,12,12,24,36
03/21/2021,OTH,OR,ANM,WE,Federal Contract Tower,0,2,5,0,7,0,1,19,4,24,0,3,24,4,31,18,0,18,49
03/22/2021,OTH,OR,ANM,WE,Federal Contract Tower,0,6,3,0,9,0,0,0,5,5,0,6,3,5,14,0,24,24,38
03/23/2021,OTH,OR,ANM,WE,Federal Contract Tower,0,4,2,0,6,0,2,24,7,33,0,6,26,7,39,0,0,0,39
03/24/2021,OTH,OR,ANM,WE,Federal Contract Tower,0,12,11,4,27,0,2,2,6,10,0,14,13,10,37,14,58,72,109
03/25/2021,OTH,OR,ANM,WE,Federal Contract Tower,0,13,2,0,15,0,1,6,8,15,0,14,8,8,30,0,0,0,30
03/26/2021,OTH,OR,ANM,WE,Federal Contract Tower,0,6,5,0,11,0,4,6,4,14,0,10,11,4,25,0,2,2,27
03/27/2021,OTH,OR,ANM,WE,Federal Contract Tower,0,1,3,1,5,0,2,23,5,30,0,3,26,6,35,4,0,4,39
03/28/2021,OTH,OR,ANM,WE,Federal Contract Tower,0,3,7,3,13,0,0,3,3,6,0,3,10,6,19,12,14,26,45
03/29/2021,OTH,OR,ANM,WE,Federal Contract Tower,0,3,1,0,4,0,2,12,4,18,0,5,13,4,22,16,2,18,40
03/30/2021,OTH,OR,ANM,WE,Federal Contract Tower,0,2,1,2,5,0,6,26,4,36,0,8,27,6,41,10,0,10,51
03/31/2021,OTH,OR,ANM,WE,Federal Contract Tower,0,8,3,0,11,0,5,31,5,41,0,13,34,5,52,8,0,8,60
04/01/2021,OTH,OR,ANM,WE,Federal Contract Tower,0,8,2,0,10,0,4,15,3,22,0,12,17,3,32,54,0,54,86
04/02/2021,OTH,OR,ANM,WE,Federal Contract Tower,0,9,3,0,12,0,5,24,6,35,0,14,27,6,47,26,0,26,73
04/03/2021,OTH,OR,ANM,WE,Federal Contract Tower,0,8,5,0,13,0,3,9,6,18,0,11,14,6,31,12,0,12,43
04/04/2021,OTH,OR,ANM,WE,Federal Contract Tower,0,2,12,0,14,0,0,3,3,6,0,2,15,3,20,0,0,0,20
04/05/2021,OTH,OR,ANM,WE,Federal Contract Tower,0,6,4,0,10,0,2,13,3,18,0,8,17,3,28,0,0,0,28
04/06/2021,OTH,OR,ANM,WE,Federal Contract Tower,0,9,3,0,12,0,4,40,8,52,0,13,43,8,64,18,0,18,82
04/07/2021,OTH,OR,ANM,WE,Federal Contract Tower,0,11,19,1,31,0,0,7,8,15,0,11,26,9,46,26,18,44,90
04/08/2021,OTH,OR,ANM,WE,Federal Contract Tower,0,10,2,0,12,0,3,11,4,18,0,13,13,4,30,4,0,4,34
04/09/2021,OTH,OR,ANM,WE,Federal Contract Tower,0,11,3,0,14,0,5,23,6,34,0,16,26,6,48,18,0,18,66
04/10/2021,OTH,OR,ANM,WE,Federal Contract Tower,0,8,2,0,10,0,2,16,15,33,0,10,18,15,43,20,2,22,65
04/11/2021,OTH,OR,ANM,WE,Federal Contract Tower,0,3,9,0,12,0,1,9,4,14,0,4,18,4,26,0,6,6,32
04/12/2021,OTH,OR,ANM,WE,Federal Contract Tower,0,6,5,0,11,0,4,18,3,25,0,10,23,3,36,4,0,4,40
04/13/2021,OTH,OR,ANM,WE,Federal Contract Tower,0,7,3,0,10,0,3,13,12,28,0,10,16,12,38,8,4,12,50
04/14/2021,OTH,OR,ANM,WE,Federal Contract Tower,0,8,4,4,16,0,7,21,7,35,0,15,25,11,51,4,4,8,59
04/15/2021,OTH,OR,ANM,WE,Federal Contract Tower,0,4,7,0,11,0,6,17,3,26,0,10,24,3,37,2,0,2,39
04/16/2021,OTH,OR,ANM,WE,Federal Contract Tower,0,15,3,0,18,0,1,8,3,12,0,16,11,3,30,0,12,12,42
04/17/2021,OTH,OR,ANM,WE,Federal Contract Tower,0,8,14,0,22,0,1,3,2,6,0,9,17,2,28,0,0,0,28
04/18/2021,OTH,OR,ANM,WE,Federal Contract Tower,0,7,12,1,20,0,0,1,4,5,0,7,13,5,25,0,0,0,25
04/19/2021,OTH,OR,ANM,WE,Federal Contract Tower,0,11,14,0,25,0,1,6,3,10,0,12,20,3,35,0,12,12,47
04/20/2021,OTH,OR,ANM,WE,Federal Contract Tower,0,8,12,2,22,0,0,5,14,19,0,8,17,16,41,0,0,0,41
04/21/2021,OTH,OR,ANM,WE,Federal Contract Tower,0,12,6,7,25,0,1,4,7,12,0,13,10,14,37,0,4,4,41
04/22/2021,OTH,OR,ANM,WE,Federal Contract Tower,0,10,14,0,24,0,6,16,1,23,0,16,30,1,47,26,0,26,73
04/23/2021,OTH,OR,ANM,WE,Federal Contract Tower,0,9,8,0,17,0,5,10,4,19,0,14,18,4,36,18,20,38,74
04/24/2021,OTH,OR,ANM,WE,Federal Contract Tower,0,11,2,0,13,0,0,1,5,6,0,11,3,5,19,0,12,12,31
04/25/2021,OTH,OR,ANM,WE,Federal Contract Tower,0,12,13,0,25,0,0,2,2,4,0,12,15,2,29,12,14,26,55
04/26/2021,OTH,OR,ANM,WE,Federal Contract Tower,0,9,5,0,14,0,3,3,8,14,0,12,8,8,28,0,0,0,28
04/27/2021,OTH,OR,ANM,WE,Federal Contract Tower,0,8,6,0,14,0,6,18,7,31,0,14,24,7,45,48,0,48,93
04/28/2021,OTH,OR,ANM,WE,Federal Contract Tower,0,12,6,0,18,0,4,24,6,34,0,16,30,6,52,40,0,40,92
04/29/2021,OTH,OR,ANM,WE,Federal Contract Tower,0,8,10,0,18,0,3,19,3,25,0,11,29,3,43,36,0,36,79
04/30/2021,OTH,OR,ANM,WE,Federal Contract Tower,0,8,4,0,12,0,3,15,4,22,0,11,19,4,34,0,10,10,44
05/01/2021,OTH,OR,ANM,WE,Federal Contract Tower,0,8,4,0,12,0,1,4,8,13,0,9,8,8,25,12,12,24,49
05/02/2021,OTH,OR,ANM,WE,Federal Contract Tower,0,2,8,0,10,0,0,12,8,20,0,2,20,8,30,0,14,14,44
05/03/2021,OTH,OR,ANM,WE,Federal Contract Tower,0,6,4,12,22,0,4,12,11,27,0,10,16,23,49,8,2,10,59
05/04/2021,OTH,OR,ANM,WE,Federal Contract Tower,0,14,4,0,18,0,1,8,1,10,0,15,12,1,28,0,4,4,32
05/05/2021,OTH,OR,ANM,WE,Federal Contract Tower,0,10,8,0,18,0,1,17,2,20,0,11,25,2,38,6,0,6,44
05/06/2021,OTH,OR,ANM,WE,Federal Contract Tower,0,11,6,0,17,0,0,0,0,0,0,11,6,0,17,0,0,0,17
05/07/2021,OTH,OR,ANM,WE,Federal Contract Tower,0,21,2,0,23,0,1,11,3,15,0,22,13,3,38,18,0,18,56
05/08/2021,OTH,OR,ANM,WE,Federal Contract Tower,0,10,7,0,17,0,3,8,2,13,0,13,15,2,30,14,0,14,44
05/09/2021,OTH,OR,ANM,WE,Federal Contract Tower,0,3,4,0,7,0,0,7,3,10,0,3,11,3,17,2,0,2,19
05/10/2021,OTH,OR,ANM,WE,Federal Contract Tower,0,20,4,0,24,0,4,19,7,30,0,24,23,7,54,12,12,24,78
05/11/2021,OTH,OR,ANM,WE,Federal Contract Tower,0,4,4,1,9,0,3,28,2,33,0,7,32,3,42,28,0,28,70
05/12/2021,OTH,OR,ANM,WE,Federal Contract Tower,0,17,11,2,30,0,4,2,0,6,0,21,13,2,36,0,8,8,44
05/13/2021,OTH,OR,ANM,WE,Federal Contract Tower,0,15,19,0,34,0,1,0,0,1,0,16,19,0,35,0,0,0,35
05/14/2021,OTH,OR,ANM,WE,Federal Contract Tower,0,20,11,1,32,0,0,0,0,0,0,20,11,1,32,0,16,16,48
05/15/2021,OTH,OR,ANM,WE,Federal Contract Tower,0,11,2,0,13,0,3,4,0,7,0,14,6,0,20,0,0,0,20
05/16/2021,OTH,OR,ANM,WE,Federal Contract Tower,0,14,17,2,33,0,0,2,1,3,0,14,19,3,36,0,0,0,36
05/17/2021,OTH,OR,ANM,WE,Federal Contract Tower,0,9,7,1,17,0,2,2,3,7,0,11,9,4,24,38,0,38,62
05/18/2021,OTH,OR,ANM,WE,Federal Contract Tower,1,10,4,0,15,0,5,2,1,8,1,15,6,1,23,50,6,56,79
05/19/2021,OTH,OR,ANM,WE,Federal Contract Tower,0,14,14,0,28,0,4,6,3,13,0,18,20,3,41,105,2,107,148
05/20/2021,OTH,OR,ANM,WE,Federal Contract Tower,1,12,7,0,20,0,4,12,5,21,1,16,19,5,41,50,0,50,91
05/21/2021,OTH,OR,ANM,WE,Federal Contract Tower,0,14,5,2,21,0,4,10,2,16,0,18,15,4,37,12,3,15,52
05/22/2021,OTH,OR,ANM,WE,Federal Contract Tower,0,9,6,0,15,0,5,71,7,83,0,14,77,7,98,12,0,12,110
05/23/2021,OTH,OR,ANM,WE,Federal Contract Tower,0,12,20,0,32,0,0,7,5,12,0,12,27,5,44,10,0,10,54
05/24/2021,OTH,OR,ANM,WE,Federal Contract Tower,0,9,8,1,18,0,0,1,3,4,0,9,9,4,22,0,8,8,30
05/25/2021,OTH,OR,ANM,WE,Federal Contract Tower,0,16,9,1,26,0,0,7,10,17,0,16,16,11,43,0,0,0,43
05/26/2021,OTH,OR,ANM,WE,Federal Contract Tower,0,14,4,0,18,0,0,26,10,36,0,14,30,10,54,102,8,110,164
05/27/2021,OTH,OR,ANM,WE,Federal Contract Tower,0,17,8,1,26,0,1,14,3,18,0,18,22,4,44,32,0,32,76
05/28/2021,OTH,OR,ANM,WE,Federal Contract Tower,0,9,0,1,10,0,8,18,3,29,0,17,18,4,39,2,1,3,42
05/29/2021,OTH,OR,ANM,WE,Federal Contract Tower,0,6,3,0,9,0,1,18,3,22,0,7,21,3,31,33,0,33,64
05/30/2021,OTH,OR,ANM,WE,Federal Contract Tower,0,8,5,0,13,0,0,26,3,29,0,8,31,3,42,0,0,0,42
05/31/2021,OTH,OR,ANM,WE,Federal Contract Tower,0,7,4,0,11,0,1,21,2,24,0,8,25,2,35,0,0,0,35
06/01/2021,OTH,OR,ANM,WE,Federal Contract Tower,0,10,7,2,19,0,2,15,8,25,0,12,22,10,44,46,13,59,103
06/02/2021,OTH,OR,ANM,WE,Federal Contract Tower,0,19,6,1,26,0,3,12,4,19,0,22,18,5,45,4,26,30,75
06/03/2021,OTH,OR,ANM,WE,Federal Contract Tower,2,12,21,1,36,0,0,5,2,7,2,12,26,3,43,6,0,6,49
06/04/2021,OTH,OR,ANM,WE,Federal Contract Tower,2,12,7,1,22,0,6,4,5,15,2,18,11,6,37,0,8,8,45
06/05/2021,OTH,OR,ANM,WE,Federal Contract Tower,2,6,3,0,11,0,1,2,1,4,2,7,5,1,15,0,0,0,15
06/06/2021,OTH,OR,ANM,WE,Federal Contract Tower,3,7,9,1,20,0,0,17,4,21,3,7,26,5,41,32,0,32,73
06/07/2021,OTH,OR,ANM,WE,Federal Contract Tower,2,8,2,0,12,0,1,9,5,15,2,9,11,5,27,8,0,8,35
06/08/2021,OTH,OR,ANM,WE,Federal Contract Tower,2,9,6,0,17,0,0,8,9,17,2,9,14,9,34,4,0,4,38
06/09/2021,OTH,OR,ANM,WE,Federal Contract Tower,4,16,6,0,26,0,5,13,6,24,4,21,19,6,50,0,4,4,54
06/10/2021,OTH,OR,ANM,WE,Federal Contract Tower,2,15,4,0,21,0,3,21,2,26,2,18,25,2,47,2,0,2,49
06/11/2021,OTH,OR,ANM,WE,Federal Contract Tower,2,9,7,0,18,0,0,0,3,3,2,9,7,3,21,0,0,0,21
06/12/2021,OTH,OR,ANM,WE,Federal Contract Tower,2,9,5,0,16,0,1,4,3,8,2,10,9,3,24,0,0,0,24
06/13/2021,OTH,OR,ANM,WE,Federal Contract Tower,4,7,9,3,23,0,0,0,1,1,4,7,9,4,24,0,0,0,24
06/14/2021,OTH,OR,ANM,WE,Federal Contract Tower,2,7,3,1,13,0,0,5,4,9,2,7,8,5,22,22,2,24,46
06/15/2021,OTH,OR,ANM,WE,Federal Contract Tower,2,8,9,1,20,0,6,19,5,30,2,14,28,6,50,38,2,40,90
06/16/2021,OTH,OR,ANM,WE,Federal Contract Tower,4,13,4,1,22,0,6,11,6,23,4,19,15,7,45,8,2,10,55
06/17/2021,OTH,OR,ANM,WE,Federal Contract Tower,2,17,13,0,32,0,1,6,2,9,2,18,19,2,41,2,0,2,43
06/18/2021,OTH,OR,ANM,WE,Federal Contract Tower,2,17,3,1,23,0,7,13,3,23,2,24,16,4,46,26,16,42,88
06/19/2021,OTH,OR,ANM,WE,Federal Contract Tower,2,11,6,0,19,0,2,16,2,20,2,13,22,2,39,0,8,8,47
06/20/2021,OTH,OR,ANM,WE,Federal Contract Tower,4,12,4,2,22,0,0,6,0,6,4,12,10,2,28,0,6,6,34
06/21/2021,OTH,OR,ANM,WE,Federal Contract Tower,2,7,5,3,17,0,0,2,2,4,2,7,7,5,21,0,0,0,21
06/22/2021,OTH,OR,ANM,WE,Federal Contract Tower,2,13,8,2,25,0,0,0,4,4,2,13,8,6,29,0,24,24,53
06/23/2021,OTH,OR,ANM,WE,Federal Contract Tower,4,12,14,0,30,0,5,7,9,21,4,17,21,9,51,16,6,22,73
06/24/2021,OTH,OR,ANM,WE,Federal Contract Tower,2,8,16,0,26,0,0,17,2,19,2,8,33,2,45,18,0,18,63
06/25/2021,OTH,OR,ANM,WE,Federal Contract Tower,2,15,5,0,22,0,1,12,7,20,2,16,17,7,42,0,18,18,60
06/26/2021,OTH,OR,ANM,WE,Federal Contract Tower,2,10,8,0,20,0,0,20,4,24,2,10,28,4,44,0,0,0,44
06/27/2021,OTH,OR,ANM,WE,Federal Contract Tower,4,7,14,0,25,0,3,12,5,20,4,10,26,5,45,6,0,6,51
06/28/2021,OTH,OR,ANM,WE,Federal Contract Tower,2,3,5,0,10,0,2,8,7,17,2,5,13,7,27,0,2,2,29
06/29/2021,OTH,OR,ANM,WE,Federal Contract Tower,2,17,4,0,23,0,0,10,5,15,2,17,14,5,38,10,2,12,50
06/30/2021,OTH,OR,ANM,WE,Federal Contract Tower,4,14,12,2,32,0,0,2,10,12,4,14,14,12,44,0,14,14,58
07/01/2021,OTH,OR,ANM,WE,Federal Contract Tower,2,10,11,0,23,0,0,0,5,5,2,10,11,5,28,0,6,6,34
07/02/2021,OTH,OR,ANM,WE,Federal Contract Tower,2,10,7,2,21,0,1,2,5,8,2,11,9,7,29,0,14,14,43
07/03/2021,OTH,OR,ANM,WE,Federal Contract Tower,2,6,9,2,19,0,0,11,0,11,2,6,20,2,30,0,0,0,30
07/04/2021,OTH,OR,ANM,WE,Federal Contract Tower,4,1,10,0,15,0,4,11,4,19,4,5,21,4,34,0,12,12,46
07/05/2021,OTH,OR,ANM,WE,Federal Contract Tower,2,4,12,1,19,0,0,22,3,25,2,4,34,4,44,0,6,6,50
07/06/2021,OTH,OR,ANM,WE,Federal Contract Tower,2,8,15,2,27,0,0,7,2,9,2,8,22,4,36,0,0,0,36
07/07/2021,OTH,OR,ANM,WE,Federal Contract Tower,4,15,10,0,29,0,0,3,6,9,4,15,13,6,38,0,8,8,46
07/08/2021,OTH,OR,ANM,WE,Federal Contract Tower,2,6,8,2,18,0,0,17,6,23,2,6,25,8,41,20,2,22,63
07/09/2021,OTH,OR,ANM,WE,Federal Contract Tower,2,10,16,2,30,0,0,4,4,8,2,10,20,6,38,10,36,46,84
07/10/2021,OTH,OR,ANM,WE,Federal Contract Tower,2,9,8,2,21,0,0,3,3,6,2,9,11,5,27,0,0,0,27
07/11/2021,OTH,OR,ANM,WE,Federal Contract Tower,4,8,3,2,17,0,0,5,2,7,4,8,8,4,24,0,24,24,48
07/12/2021,OTH,OR,ANM,WE,Federal Contract Tower,2,4,11,0,17,0,2,3,10,15,2,6,14,10,32,0,6,6,38
07/13/2021,OTH,OR,ANM,WE,Federal Contract Tower,2,8,4,0,14,0,1,5,11,17,2,9,9,11,31,4,2,6,37
07/14/2021,OTH,OR,ANM,WE,Federal Contract Tower,4,14,8,1,27,0,1,4,10,15,4,15,12,11,42,0,2,2,44
07/15/2021,OTH,OR,ANM,WE,Federal Contract Tower,2,11,8,0,21,0,1,8,4,13,2,12,16,4,34,0,30,30,64
07/16/2021,OTH,OR,ANM,WE,Federal Contract Tower,2,7,4,0,13,0,3,15,5,23,2,10,19,5,36,20,6,26,62
07/17/2021,OTH,OR,ANM,WE,Federal Contract Tower,2,5,2,0,9,0,2,26,2,30,2,7,28,2,39,10,0,10,49
07/18/2021,OTH,OR,ANM,WE,Federal Contract Tower,4,7,13,2,26,0,0,13,2,15,4,7,26,4,41,14,19,33,74
07/19/2021,OTH,OR,ANM,WE,Federal Contract Tower,4,9,2,1,16,0,1,10,9,20,4,10,12,10,36,16,26,42,78
07/20/2021,OTH,OR,ANM,WE,Federal Contract Tower,2,11,12,2,27,0,1,10,8,19,2,12,22,10,46,4,0,4,50
07/21/2021,OTH,OR,ANM,WE,Federal Contract Tower,3,11,6,0,20,0,5,11,10,26,3,16,17,10,46,30,10,40,86
07/22/2021,OTH,OR,ANM,WE,Federal Contract Tower,2,8,11,2,23,0,4,14,7,25,2,12,25,9,48,12,0,12,60
07/23/2021,OTH,OR,ANM,WE,Federal Contract Tower,2,7,4,0,13,0,1,23,7,31,2,8,27,7,44,22,50,72,116
07/24/2021,OTH,OR,ANM,WE,Federal Contract Tower,2,7,5,0,14,0,1,5,5,11,2,8,10,5,25,0,18,18,43
07/25/2021,OTH,OR,ANM,WE,Federal Contract Tower,4,13,16,0,33,0,0,9,4,13,4,13,25,4,46,10,12,22,68
07/26/2021,OTH,OR,ANM,WE,Federal Contract Tower,2,6,5,9,22,0,0,4,1,5,2,6,9,10,27,12,0,12,39
07/27/2021,OTH,OR,ANM,WE,Federal Contract Tower,2,8,8,16,34,0,2,4,6,12,2,10,12,22,46,32,30,62,108
07/28/2021,OTH,OR,ANM,WE,Federal Contract Tower,4,10,7,3,24,0,6,23,8,37,4,16,30,11,61,10,24,34,95
07/29/2021,OTH,OR,ANM,WE,Federal Contract Tower,2,12,8,0,22,0,2,13,0,15,2,14,21,0,37,0,0,0,37
07/30/2021,OTH,OR,ANM,WE,Federal Contract Tower,2,8,3,9,22,0,2,18,10,30,2,10,21,19,52,8,0,8,60
07/31/2021,OTH,OR,ANM,WE,Federal Contract Tower,1,7,10,0,18,0,1,2,0,3,1,8,12,0,21,0,0,0,21
08/01/2021,OTH,OR,ANM,WE,Federal Contract Tower,4,7,8,0,19,0,1,12,4,17,4,8,20,4,36,0,22,22,58
08/02/2021,OTH,OR,ANM,WE,Federal Contract Tower,2,8,5,4,19,0,0,4,4,8,2,8,9,8,27,0,14,14,41
08/03/2021,OTH,OR,ANM,WE,Federal Contract Tower,2,7,11,0,20,0,2,8,0,10,2,9,19,0,30,20,0,20,50
08/04/2021,OTH,OR,ANM,WE,Federal Contract Tower,4,11,16,0,31,0,2,15,0,17,4,13,31,0,48,10,0,10,58
08/05/2021,OTH,OR,ANM,WE,Federal Contract Tower,2,15,5,0,22,0,0,8,2,10,2,15,13,2,32,4,0,4,36
08/06/2021,OTH,OR,ANM,WE,Federal Contract Tower,2,6,16,0,24,0,4,14,1,19,2,10,30,1,43,6,0,6,49
08/07/2021,OTH,OR,ANM,WE,Federal Contract Tower,2,16,12,0,30,0,2,8,2,12,2,18,20,2,42,2,4,6,48
08/08/2021,OTH,OR,ANM,WE,Federal Contract Tower,4,5,8,0,17,0,4,16,3,23,4,9,24,3,40,20,2,22,62
08/09/2021,OTH,OR,ANM,WE,Federal Contract Tower,2,6,6,1,15,0,2,24,13,39,2,8,30,14,54,26,4,30,84
08/10/2021,OTH,OR,ANM,WE,Federal Contract Tower,4,2,3,0,9,0,6,9,15,30,4,8,12,15,39,0,16,16,55
08/11/2021,OTH,OR,ANM,WE,Federal Contract Tower,4,9,10,0,23,0,5,14,11,30,4,14,24,11,53,38,22,60,113
08/12/2021,OTH,OR,ANM,WE,Federal Contract Tower,2,12,15,0,29,0,4,24,3,31,2,16,39,3,60,50,2,52,112
08/13/2021,OTH,OR,ANM,WE,Federal Contract Tower,2,10,10,0,22,0,1,37,7,45,2,11,47,7,67,22,0,22,89
08/14/2021,OTH,OR,ANM,WE,Federal Contract Tower,2,10,7,0,19,0,0,18,1,19,2,10,25,1,38,0,4,4,42
08/15/2021,OTH,OR,ANM,WE,Federal Contract Tower,4,10,7,4,25,0,0,8,2,10,4,10,15,6,35,0,0,0,35
08/16/2021,OTH,OR,ANM,WE,Federal Contract Tower,2,11,11,5,29,0,1,5,5,11,2,12,16,10,40,6,4,10,50
08/17/2021,OTH,OR,ANM,WE,Federal Contract Tower,2,12,9,0,23,0,2,7,15,24,2,14,16,15,47,24,32,56,103
08/18/2021,OTH,OR,ANM,WE,Federal Contract Tower,5,8,13,0,26,0,3,15,12,30,5,11,28,12,56,0,4,4,60
08/19/2021,OTH,OR,ANM,WE,Federal Contract Tower,2,17,18,0,37,0,0,4,0,4,2,17,22,0,41,0,0,0,41
08/20/2021,OTH,OR,ANM,WE,Federal Contract Tower,2,6,13,0,21,0,5,25,6,36,2,11,38,6,57,50,14,64,121
08/21/2021,OTH,OR,ANM,WE,Federal Contract Tower,2,17,8,0,27,0,0,13,0,13,2,17,21,0,40,30,0,30,70
08/23/2021,OTH,OR,ANM,WE,Federal Contract Tower,2,8,8,0,18,0,2,10,7,19,2,10,18,7,37,2,0,2,39
08/24/2021,OTH,OR,ANM,WE,Federal Contract Tower,2,11,8,1,22,0,3,6,6,15,2,14,14,7,37,8,4,12,49
08/25/2021,OTH,OR,ANM,WE,Federal Contract Tower,4,13,9,1,27,0,4,18,8,30,4,17,27,9,57,24,16,40,97
08/26/2021,OTH,OR,ANM,WE,Federal Contract Tower,2,8,4,1,15,0,4,4,1,9,2,12,8,2,24,0,0,0,24
08/27/2021,OTH,OR,ANM,WE,Federal Contract Tower,2,9,5,0,16,0,4,12,5,21,2,13,17,5,37,18,8,26,63
08/28/2021,OTH,OR,ANM,WE,Federal Contract Tower,2,9,9,1,21,0,5,19,8,32,2,14,28,9,53,50,2,52,105
08/29/2021,OTH,OR,ANM,WE,Federal Contract Tower,4,9,15,5,33,0,1,3,4,8,4,10,18,9,41,2,0,2,43
08/30/2021,OTH,OR,ANM,WE,Federal Contract Tower,2,2,6,0,10,0,6,6,13,25,2,8,12,13,35,6,0,6,41
08/31/2021,OTH,OR,ANM,WE,Federal Contract Tower,2,8,3,3,16,0,3,26,9,38,2,11,29,12,54,4,22,26,80
09/01/2021,OTH,OR,ANM,WE,Federal Contract Tower,4,12,13,0,29,0,8,20,6,34,4,20,33,6,63,34,2,36,99
09/02/2021,OTH,OR,ANM,WE,Federal Contract Tower,2,8,10,3,23,0,2,8,1,11,2,10,18,4,34,30,0,30,64
09/03/2021,OTH,OR,ANM,WE,Federal Contract Tower,2,11,17,0,30,0,2,12,0,14,2,13,29,0,44,42,0,42,86
09/04/2021,OTH,OR,ANM,WE,Federal Contract Tower,2,5,8,0,15,0,7,20,2,29,2,12,28,2,44,0,0,0,44
09/05/2021,OTH,OR,ANM,WE,Federal Contract Tower,4,3,4,0,11,0,1,11,2,14,4,4,15,2,25,6,0,6,31
09/06/2021,OTH,OR,ANM,WE,Federal Contract Tower,2,2,10,0,14,0,0,13,2,15,2,2,23,2,29,0,0,0,29
09/07/2021,OTH,OR,ANM,WE,Federal Contract Tower,2,10,9,0,21,0,9,13,8,30,2,19,22,8,51,10,18,28,79
09/08/2021,OTH,OR,ANM,WE,Federal Contract Tower,4,14,17,0,35,0,1,11,0,12,4,15,28,0,47,62,0,62,109
09/09/2021,OTH,OR,ANM,WE,Federal Contract Tower,2,14,11,0,27,0,2,10,5,17,2,16,21,5,44,12,0,12,56
09/10/2021,OTH,OR,ANM,WE,Federal Contract Tower,2,9,11,4,26,0,5,8,4,17,2,14,19,8,43,2,22,24,67
09/11/2021,OTH,OR,ANM,WE,Federal Contract Tower,2,8,6,0,16,0,2,11,4,17,2,10,17,4,33,0,18,18,51
09/12/2021,OTH,OR,ANM,WE,Federal Contract Tower,5,11,6,0,22,0,1,4,3,8,5,12,10,3,30,0,6,6,36
09/13/2021,OTH,OR,ANM,WE,Federal Contract Tower,2,8,9,0,19,0,3,13,7,23,2,11,22,7,42,34,12,46,88
09/14/2021,OTH,OR,ANM,WE,Federal Contract Tower,2,8,2,0,12,0,6,26,5,37,2,14,28,5,49,42,0,42,91
09/15/2021,OTH,OR,ANM,WE,Federal Contract Tower,4,15,11,0,30,0,3,11,8,22,4,18,22,8,52,20,0,20,72
09/16/2021,OTH,OR,ANM,WE,Federal Contract Tower,2,3,14,0,19,0,4,21,4,29,2,7,35,4,48,54,0,54,102
09/17/2021,OTH,OR,ANM,WE,Federal Contract Tower,2,12,6,0,20,0,2,6,5,13,2,14,12,5,33,40,32,72,105
09/18/2021,OTH,OR,ANM,WE,Federal Contract Tower,2,9,7,0,18,0,0,0,2,2,2,9,7,2,20,0,0,0,20
09/19/2021,OTH,OR,ANM,WE,Federal Contract Tower,2,6,14,4,26,0,2,4,3,9,2,8,18,7,35,8,0,8,43
09/20/2021,OTH,OR,ANM,WE,Federal Contract Tower,5,3,5,0,13,0,5,15,9,29,5,8,20,9,42,48,10,58,100
09/21/2021,OTH,OR,ANM,WE,Federal Contract Tower,2,7,4,1,14,0,2,37,9,48,2,9,41,10,62,24,6,30,92
09/22/2021,OTH,OR,ANM,WE,Federal Contract Tower,4,12,9,0,25,0,4,10,8,22,4,16,19,8,47,18,4,22,69
09/23/2021,OTH,OR,ANM,WE,Federal Contract Tower,2,12,10,0,24,0,20,20,9,49,2,32,30,9,73,44,6,50,123
09/24/2021,OTH,OR,ANM,WE,Federal Contract Tower,2,5,5,0,12,0,7,15,6,28,2,12,20,6,40,4,2,6,46
09/25/2021,OTH,OR,ANM,WE,Federal Contract Tower,2,16,5,1,24,0,0,2,0,2,2,16,7,1,26,0,0,0,26
09/26/2021,OTH,OR,ANM,WE,Federal Contract Tower,4,8,8,0,20,0,0,10,7,17,4,8,18,7,37,38,4,42,79
09/27/2021,OTH,OR,ANM,WE,Federal Contract Tower,2,14,4,1,21,0,0,0,4,4,2,14,4,5,25,0,0,0,25
09/28/2021,OTH,OR,ANM,WE,Federal Contract Tower,2,9,5,0,16,0,2,21,17,40,2,11,26,17,56,2,2,4,60
09/29/2021,OTH,OR,ANM,WE,Federal Contract Tower,4,14,12,0,30,0,2,17,2,21,4,16,29,2,51,2,0,2,53
09/30/2021,OTH,OR,ANM,WE,Federal Contract Tower,2,19,7,0,28,0,0,2,12,14,2,19,9,12,42,16,14,30,72
10/01/2021,OTH,OR,ANM,WE,Federal Contract Tower,2,11,8,0,21,0,5,8,3,16,2,16,16,3,37,38,22,60,97
10/02/2021,OTH,OR,ANM,WE,Federal Contract Tower,2,13,5,0,20,0,2,19,4,25,2,15,24,4,45,24,0,24,69
10/03/2021,OTH,OR,ANM,WE,Federal Contract Tower,3,9,7,0,19,0,2,11,4,17,3,11,18,4,36,28,4,32,68
10/04/2021,OTH,OR,ANM,WE,Federal Contract Tower,2,13,2,2,19,0,1,11,2,14,2,14,13,4,33,0,0,0,33
10/05/2021,OTH,OR,ANM,WE,Federal Contract Tower,2,9,7,4,22,0,0,1,20,21,2,9,8,24,43,0,6,6,49
10/06/2021,OTH,OR,ANM,WE,Federal Contract Tower,2,9,3,0,14,0,5,7,14,26,2,14,10,14,40,8,6,14,54
10/07/2021,OTH,OR,ANM,WE,Federal Contract Tower,2,7,8,0,17,0,3,9,7,19,2,10,17,7,36,10,2,12,48
10/08/2021,OTH,OR,ANM,WE,Federal Contract Tower,2,8,5,0,15,0,5,7,5,17,2,13,12,5,32,6,12,18,50
10/09/2021,OTH,OR,ANM,WE,Federal Contract Tower,2,6,3,0,11,0,3,11,4,18,2,9,14,4,29,4,2,6,35
10/10/2021,OTH,OR,ANM,WE,Federal Contract Tower,2,11,5,0,18,0,0,7,4,11,2,11,12,4,29,72,20,92,121
10/11/2021,OTH,OR,ANM,WE,Federal Contract Tower,2,8,3,0,13,0,4,10,2,16,2,12,13,2,29,8,2,10,39
10/12/2021,OTH,OR,ANM,WE,Federal Contract Tower,2,6,16,0,24,0,2,20,5,27,2,8,36,5,51,4,0,4,55
10/13/2021,OTH,OR,ANM,WE,Federal Contract Tower,2,12,0,0,14,0,1,6,8,15,2,13,6,8,29,10,0,10,39
10/14/2021,OTH,OR,ANM,WE,Federal Contract Tower,2,13,14,1,30,0,1,6,7,14,2,14,20,8,44,0,4,4,48
10/15/2021,OTH,OR,ANM,WE,Federal Contract Tower,2,14,2,1,19,0,3,20,4,27,2,17,22,5,46,16,16,32,78
10/16/2021,OTH,OR,ANM,WE,Federal Contract Tower,2,2,10,0,14,0,6,19,4,29,2,8,29,4,43,42,6,48,91
10/17/2021,OTH,OR,ANM,WE,Federal Contract Tower,2,7,12,1,22,0,0,0,3,3,2,7,12,4,25,0,0,0,25
10/19/2021,OTH,OR,ANM,WE,Federal Contract Tower,2,12,5,1,20,0,3,24,8,35,2,15,29,9,55,76,4,80,135
10/20/2021,OTH,OR,ANM,WE,Federal Contract Tower,2,9,5,0,16,0,1,4,6,11,2,10,9,6,27,8,0,8,35
10/21/2021,OTH,OR,ANM,WE,Federal Contract Tower,0,9,1,3,13,0,1,4,3,8,0,10,5,6,21,18,0,18,39
10/22/2021,OTH,OR,ANM,WE,Federal Contract Tower,0,8,10,4,22,0,0,1,5,6,0,8,11,9,28,0,44,44,72
10/23/2021,OTH,OR,ANM,WE,Federal Contract Tower,4,10,2,0,16,0,0,3,2,5,4,10,5,2,21,12,0,12,33
10/24/2021,OTH,OR,ANM,WE,Federal Contract Tower,2,4,5,0,11,0,0,1,4,5,2,4,6,4,16,0,8,8,24
10/25/2021,OTH,OR,ANM,WE,Federal Contract Tower,2,5,7,0,14,0,0,3,4,7,2,5,10,4,21,2,0,2,23
10/26/2021,OTH,OR,ANM,WE,Federal Contract Tower,2,7,9,1,19,0,0,4,8,12,2,7,13,9,31,16,2,18,49
10/27/2021,OTH,OR,ANM,WE,Federal Contract Tower,2,12,14,6,34,0,1,11,7,19,2,13,25,13,53,54,14,68,121
10/28/2021,OTH,OR,ANM,WE,Federal Contract Tower,2,9,4,1,16,0,1,7,3,11,2,10,11,4,27,28,14,42,69
10/29/2021,OTH,OR,ANM,WE,Federal Contract Tower,2,8,16,4,30,0,2,4,3,9,2,10,20,7,39,8,42,50,89
10/30/2021,OTH,OR,ANM,WE,Federal Contract Tower,2,8,12,0,22,0,0,11,3,14,2,8,23,3,36,96,10,106,142
10/31/2021,OTH,OR,ANM,WE,Federal Contract Tower,0,8,6,0,14,0,2,8,3,13,0,10,14,3,27,24,14,38,65
11/01/2021,OTH,OR,ANM,WE,Federal Contract Tower,0,7,14,1,22,0,2,4,7,13,0,9,18,8,35,16,8,24,59
11/02/2021,OTH,OR,ANM,WE,Federal Contract Tower,0,5,12,1,18,0,4,27,30,61,0,9,39,31,79,70,0,70,149
11/03/2021,OTH,OR,ANM,WE,Federal Contract Tower,2,13,16,0,31,0,2,9,6,17,2,15,25,6,48,0,24,24,72
11/04/2021,OTH,OR,ANM,WE,Federal Contract Tower,2,8,14,0,24,0,1,0,7,8,2,9,14,7,32,0,6,6,38
11/05/2021,OTH,OR,ANM,WE,Federal Contract Tower,2,9,16,10,37,0,2,3,7,12,2,11,19,17,49,0,2,2,51
11/06/2021,OTH,OR,ANM,WE,Federal Contract Tower,0,6,2,0,8,0,2,7,6,15,0,8,9,6,23,24,8,32,55
11/07/2021,OTH,OR,ANM,WE,Federal Contract Tower,0,3,7,0,10,0,2,13,3,18,0,5,20,3,28,68,0,68,96
11/08/2021,OTH,OR,ANM,WE,Federal Contract Tower,0,8,4,0,12,0,0,25,12,37,0,8,29,12,49,6,0,6,55
11/09/2021,OTH,OR,ANM,WE,Federal Contract Tower,0,9,3,0,12,0,5,9,11,25,0,14,12,11,37,0,16,16,53
11/10/2021,OTH,OR,ANM,WE,Federal Contract Tower,2,8,14,0,24,0,2,4,8,14,2,10,18,8,38,12,0,12,50
11/11/2021,OTH,OR,ANM,WE,Federal Contract Tower,2,14,8,8,32,0,0,10,1,11,2,14,18,9,43,18,0,18,61
11/12/2021,OTH,OR,ANM,WE,Federal Contract Tower,0,7,1,0,8,0,0,0,0,0,0,7,1,0,8,0,0,0,8
11/13/2021,OTH,OR,ANM,WE,Federal Contract Tower,0,5,6,0,11,0,1,16,5,22,0,6,22,5,33,24,4,28,61
11/14/2021,OTH,OR,ANM,WE,Federal Contract Tower,0,6,13,3,22,0,0,6,3,9,0,6,19,6,31,4,0,4,35
11/15/2021,OTH,OR,ANM,WE,Federal Contract Tower,0,14,8,0,22,0,0,2,10,12,0,14,10,10,34,0,0,0,34
11/16/2021,OTH,OR,ANM,WE,Federal Contract Tower,0,7,4,0,11,0,3,26,9,38,0,10,30,9,49,2,10,12,61
11/17/2021,OTH,OR,ANM,WE,Federal Contract Tower,0,8,1,0,9,0,5,15,12,32,0,13,16,12,41,30,4,34,75
11/18/2021,OTH,OR,ANM,WE,Federal Contract Tower,0,7,10,0,17,0,2,8,4,14,0,9,18,4,31,0,2,2,33
11/19/2021,OTH,OR,ANM,WE,Federal Contract Tower,0,11,3,0,14,0,2,7,6,15,0,13,10,6,29,18,22,40,69
11/20/2021,OTH,OR,ANM,WE,Federal Contract Tower,0,4,6,0,10,0,0,37,5,42,0,4,43,5,52,8,28,36,88
11/21/2021,OTH,OR,ANM,WE,Federal Contract Tower,0,4,1,1,6,0,0,23,3,26,0,4,24,4,32,8,16,24,56
11/22/2021,OTH,OR,ANM,WE,Federal Contract Tower,0,3,8,0,11,0,2,10,8,20,0,5,18,8,31,18,2,20,51
11/23/2021,OTH,OR,ANM,WE,Federal Contract Tower,0,3,19,0,22,0,0,4,15,19,0,3,23,15,41,28,0,28,69
11/24/2021,OTH,OR,ANM,WE,Federal Contract Tower,0,6,3,0,9,0,4,14,10,28,0,10,17,10,37,42,2,44,81
11/25/2021,OTH,OR,ANM,WE,Federal Contract Tower,0,3,2,0,5,0,0,3,10,13,0,3,5,10,18,0,2,2,20
11/26/2021,OTH,OR,ANM,WE,Federal Contract Tower,0,11,2,0,13,0,0,0,0,0,0,11,2,0,13,0,0,0,13
11/27/2021,OTH,OR,ANM,WE,Federal Contract Tower,0,6,3,0,9,0,0,0,4,4,0,6,3,4,13,0,12,12,25
11/28/2021,OTH,OR,ANM,WE,Federal Contract Tower,0,1,6,1,8,0,0,0,3,3,0,1,6,4,11,0,0,0,11
11/29/2021,OTH,OR,ANM,WE,Federal Contract Tower,0,10,2,2,14,0,1,10,4,15,0,11,12,6,29,0,7,7,36
11/30/2021,OTH,OR,ANM,WE,Federal Contract Tower,0,10,7,1,18,0,8,1,16,25,0,18,8,17,43,22,18,40,83
12/01/2021,OTH,OR,ANM,WE,Federal Contract Tower,0,6,2,1,9,0,3,9,8,20,0,9,11,9,29,0,2,2,31
12/02/2021,OTH,OR,ANM,WE,Federal Contract Tower,0,10,12,0,22,0,0,2,6,8,0,10,14,6,30,0,2,2,32
12/03/2021,OTH,OR,ANM,WE,Federal Contract Tower,0,5,2,12,19,0,4,17,11,32,0,9,19,23,51,4,20,24,75
12/04/2021,OTH,OR,ANM,WE,Federal Contract Tower,0,8,5,0,13,0,0,0,6,6,0,8,5,6,19,0,2,2,21
12/05/2021,OTH,OR,ANM,WE,Federal Contract Tower,0,2,6,0,8,0,0,15,4,19,0,2,21,4,27,26,0,26,53
12/06/2021,OTH,OR,ANM,WE,Federal Contract Tower,0,6,3,0,9,0,2,2,7,11,0,8,5,7,20,12,12,24,44
12/07/2021,OTH,OR,ANM,WE,Federal Contract Tower,0,7,16,6,29,0,0,0,4,4,0,7,16,10,33,0,16,16,49
12/08/2021,OTH,OR,ANM,WE,Federal Contract Tower,0,11,2,1,14,0,2,0,5,7,0,13,2,6,21,0,20,20,41
12/09/2021,OTH,OR,ANM,WE,Federal Contract Tower,0,9,5,0,14,0,1,0,7,8,0,10,5,7,22,0,14,14,36
12/10/2021,OTH,OR,ANM,WE,Federal Contract Tower,0,8,5,0,13,0,1,6,3,10,0,9,11,3,23,30,26,56,79
12/11/2021,OTH,OR,ANM,WE,Federal Contract Tower,0,3,0,0,3,0,0,1,4,5,0,3,1,4,8,0,0,0,8
12/12/2021,OTH,OR,ANM,WE,Federal Contract Tower,0,0,5,0,5,0,0,1,5,6,0,0,6,5,11,0,6,6,17
12/13/2021,OTH,OR,ANM,WE,Federal Contract Tower,0,7,1,0,8,0,1,5,7,13,0,8,6,7,21,2,2,4,25
12/14/2021,OTH,OR,ANM,WE,Federal Contract Tower,0,8,4,0,12,0,4,12,7,23,0,12,16,7,35,14,0,14,49
12/15/2021,OTH,OR,ANM,WE,Federal Contract Tower,0,14,2,0,16,0,0,2,0,2,0,14,4,0,18,0,4,4,22
12/16/2021,OTH,OR,ANM,WE,Federal Contract Tower,0,11,3,13,27,0,1,2,8,11,0,12,5,21,38,10,6,16,54
12/17/2021,OTH,OR,ANM,WE,Federal Contract Tower,0,8,2,0,10,0,3,19,3,25,0,11,21,3,35,24,0,24,59
12/18/2021,OTH,OR,ANM,WE,Federal Contract Tower,0,6,2,0,8,0,0,7,3,10,0,6,9,3,18,14,0,14,32
12/19/2021,OTH,OR,ANM,WE,Federal Contract Tower,0,2,4,0,6,0,0,0,5,5,0,2,4,5,11,0,10,10,21
12/20/2021,OTH,OR,ANM,WE,Federal Contract Tower,0,7,2,2,11,0,0,0,4,4,0,7,2,6,15,0,0,0,15
12/21/2021,OTH,OR,ANM,WE,Federal Contract Tower,0,6,2,0,8,0,2,16,2,20,0,8,18,2,28,48,0,48,76
12/22/2021,OTH,OR,ANM,WE,Federal Contract Tower,0,8,2,0,10,0,2,6,5,13,0,10,8,5,23,28,0,28,51
12/23/2021,OTH,OR,ANM,WE,Federal Contract Tower,0,10,3,0,13,0,0,7,8,15,0,10,10,8,28,42,4,46,74
12/24/2021,OTH,OR,ANM,WE,Federal Contract Tower,0,8,0,0,8,0,0,0,4,4,0,8,0,4,12,0,0,0,12
12/25/2021,OTH,OR,ANM,WE,Federal Contract Tower,0,2,0,0,2,0,0,0,7,7,0,2,0,7,9,0,10,10,19
12/26/2021,OTH,OR,ANM,WE,Federal Contract Tower,0,4,1,0,5,0,0,0,5,5,0,4,1,5,10,0,22,22,32
12/27/2021,OTH,OR,ANM,WE,Federal Contract Tower,0,7,1,0,8,0,0,1,0,1,0,7,2,0,9,0,0,0,9
12/28/2021,OTH,OR,ANM,WE,Federal Contract Tower,0,7,2,0,9,0,1,5,9,15,0,8,7,9,24,12,14,26,50
12/29/2021,OTH,OR,ANM,WE,Federal Contract Tower,0,9,1,0,10,0,2,10,4,16,0,11,11,4,26,6,6,12,38
12/30/2021,OTH,OR,ANM,WE,Federal Contract Tower,0,10,0,2,12,0,1,1,3,5,0,11,1,5,17,0,0,0,17
12/31/2021,OTH,OR,ANM,WE,Federal Contract Tower,0,10,3,0,13,0,2,1,1,4,0,12,4,1,17,0,0,0,17
01/01/2022,OTH,OR,ANM,WE,Federal Contract Tower,0,1,3,3,7,0,1,22,4,27,0,2,25,7,34,4,0,4,38
01/02/2022,OTH,OR,ANM,WE,Federal Contract Tower,0,0,4,0,4,0,0,0,0,0,0,0,4,0,4,0,0,0,4
01/03/2022,OTH,OR,ANM,WE,Federal Contract Tower,0,5,3,0,8,0,1,0,3,4,0,6,3,3,12,0,0,0,12
01/04/2022,OTH,OR,ANM,WE,Federal Contract Tower,0,9,4,0,13,0,0,0,2,2,0,9,4,2,15,0,0,0,15
01/05/2022,OTH,OR,ANM,WE,Federal Contract Tower,0,9,4,4,17,0,0,0,4,4,0,9,4,8,21,0,8,8,29
01/06/2022,OTH,OR,ANM,WE,Federal Contract Tower,0,7,7,0,14,0,3,0,6,9,0,10,7,6,23,0,18,18,41
01/07/2022,OTH,OR,ANM,WE,Federal Contract Tower,0,11,1,0,12,0,0,1,9,10,0,11,2,9,22,0,34,34,56
01/08/2022,OTH,OR,ANM,WE,Federal Contract Tower,0,6,2,0,8,0,1,26,5,32,0,7,28,5,40,50,0,50,90
01/09/2022,OTH,OR,ANM,WE,Federal Contract Tower,0,4,2,0,6,0,0,35,7,42,0,4,37,7,48,36,8,44,92
01/10/2022,OTH,OR,ANM,WE,Federal Contract Tower,0,5,3,0,8,0,3,13,6,22,0,8,16,6,30,6,2,8,38
01/11/2022,OTH,OR,ANM,WE,Federal Contract Tower,0,1,3,1,5,0,5,4,3,12,0,6,7,4,17,2,0,2,19
01/12/2022,OTH,OR,ANM,WE,Federal Contract Tower,0,8,4,0,12,0,6,6,8,20,0,14,10,8,32,2,2,4,36
01/13/2022,OTH,OR,ANM,WE,Federal Contract Tower,0,8,0,26,34,0,0,0,0,0,0,8,0,26,34,0,0,0,34
01/14/2022,OTH,OR,ANM,WE,Federal Contract Tower,0,6,2,0,8,0,3,14,4,21,0,9,16,4,29,6,18,24,53
01/15/2022,OTH,OR,ANM,WE,Federal Contract Tower,0,2,2,1,5,0,1,23,5,29,0,3,25,6,34,14,6,20,54
01/16/2022,OTH,OR,ANM,WE,Federal Contract Tower,0,8,4,0,12,0,3,16,4,23,0,11,20,4,35,46,8,54,89
01/17/2022,OTH,OR,ANM,WE,Federal Contract Tower,0,8,9,10,27,0,0,2,0,2,0,8,11,10,29,0,0,0,29
01/18/2022,OTH,OR,ANM,WE,Federal Contract Tower,0,7,6,4,17,0,1,1,7,9,0,8,7,11,26,0,50,50,76
01/19/2022,OTH,OR,ANM,WE,Federal Contract Tower,0,7,6,1,14,0,1,3,11,15,0,8,9,12,29,24,12,36,65
01/20/2022,OTH,OR,ANM,WE,Federal Contract Tower,0,9,0,2,11,0,0,0,0,0,0,9,0,2,11,0,0,0,11
01/21/2022,OTH,OR,ANM,WE,Federal Contract Tower,0,6,4,0,10,0,6,20,9,35,0,12,24,9,45,0,0,0,45
01/22/2022,OTH,OR,ANM,WE,Federal Contract Tower,0,3,7,1,11,0,1,20,4,25,0,4,27,5,36,70,2,72,108
01/23/2022,OTH,OR,ANM,WE,Federal Contract Tower,0,2,0,0,2,0,0,26,4,30,0,2,26,4,32,42,8,50,82
01/24/2022,OTH,OR,ANM,WE,Federal Contract Tower,0,4,2,0,6,0,1,20,11,32,0,5,22,11,38,0,10,10,48
01/25/2022,OTH,OR,ANM,WE,Federal Contract Tower,0,6,0,0,6,0,1,20,12,33,0,7,20,12,39,36,4,40,79
01/26/2022,OTH,OR,ANM,WE,Federal Contract Tower,0,8,4,0,12,0,0,20,8,28,0,8,24,8,40,74,44,118,158
01/27/2022,OTH,OR,ANM,WE,Federal Contract Tower,0,9,6,1,16,0,4,20,5,29,0,13,26,6,45,70,4,74,119
01/28/2022,OTH,OR,ANM,WE,Federal Contract Tower,0,6,0,0,6,0,5,11,7,23,0,11,11,7,29,6,8,14,43
01/29/2022,OTH,OR,ANM,WE,Federal Contract Tower,0,4,0,0,4,0,2,25,4,31,0,6,25,4,35,24,10,34,69
01/30/2022,OTH,OR,ANM,WE,Federal Contract Tower,0,4,4,0,8,0,0,3,4,7,0,4,7,4,15,6,2,8,23
01/31/2022,OTH,OR,ANM,WE,Federal Contract Tower,0,7,2,1,10,0,1,9,18,28,0,8,11,19,38,12,8,20,58
02/01/2022,OTH,OR,ANM,WE,Federal Contract Tower,0,7,5,1,13,0,2,1,9,12,0,9,6,10,25,0,32,32,57
02/02/2022,OTH,OR,ANM,WE,Federal Contract Tower,0,9,3,0,12,0,0,3,8,11,0,9,6,8,23,10,26,36,59
02/03/2022,OTH,OR,ANM,WE,Federal Contract Tower,0,6,4,0,10,0,3,15,10,28,0,9,19,10,38,16,8,24,62
02/04/2022,OTH,OR,ANM,WE,Federal Contract Tower,0,12,10,4,26,0,1,2,7,10,0,13,12,11,36,0,38,38,74
02/05/2022,OTH,OR,ANM,WE,Federal Contract Tower,0,4,7,0,11,0,1,21,5,27,0,5,28,5,38,26,8,34,72
02/06/2022,OTH,OR,ANM,WE,Federal Contract Tower,0,3,6,0,9,0,2,30,3,35,0,5,36,3,44,16,0,16,60
02/07/2022,OTH,OR,ANM,WE,Federal Contract Tower,0,7,6,5,18,0,0,0,4,4,0,7,6,9,22,0,0,0,22
02/08/2022,OTH,OR,ANM,WE,Federal Contract Tower,0,7,2,0,9,0,3,11,7,21,0,10,13,7,30,0,0,0,30
02/09/2022,OTH,OR,ANM,WE,Federal Contract Tower,0,2,0,1,3,0,5,6,11,22,0,7,6,12,25,2,0,2,27
02/10/2022,OTH,OR,ANM,WE,Federal Contract Tower,0,10,3,0,13,0,4,18,0,22,0,14,21,0,35,16,0,16,51
02/11/2022,OTH,OR,ANM,WE,Federal Contract Tower,2,2,3,0,7,0,4,24,10,38,2,6,27,10,45,2,22,24,69
02/12/2022,OTH,OR,ANM,WE,Federal Contract Tower,0,5,7,0,12,0,7,19,3,29,0,12,26,3,41,6,2,8,49
02/13/2022,OTH,OR,ANM,WE,Federal Contract Tower,0,3,6,0,9,0,0,2,3,5,0,3,8,3,14,0,8,8,22
02/14/2022,OTH,OR,ANM,WE,Federal Contract Tower,0,6,4,0,10,0,1,0,4,5,0,7,4,4,15,0,0,0,15
02/15/2022,OTH,OR,ANM,WE,Federal Contract Tower,0,8,12,0,20,0,0,1,7,8,0,8,13,7,28,2,4,6,34
02/16/2022,OTH,OR,ANM,WE,Federal Contract Tower,0,11,6,0,17,0,1,2,4,7,0,12,8,4,24,0,0,0,24
02/17/2022,OTH,OR,ANM,WE,Federal Contract Tower,0,11,4,0,15,0,1,3,10,14,0,12,7,10,29,0,2,2,31
02/18/2022,OTH,OR,ANM,WE,Federal Contract Tower,0,9,5,0,14,0,3,17,11,31,0,12,22,11,45,0,48,48,93
02/19/2022,OTH,OR,ANM,WE,Federal Contract Tower,0,7,2,0,9,0,1,8,2,11,0,8,10,2,20,0,24,24,44
02/20/2022,OTH,OR,ANM,WE,Federal Contract Tower,0,6,1,0,7,0,0,7,4,11,0,6,8,4,18,0,4,4,22
02/21/2022,OTH,OR,ANM,WE,Federal Contract Tower,0,12,2,0,14,0,0,0,4,4,0,12,2,4,18,0,0,0,18
02/22/2022,OTH,OR,ANM,WE,Federal Contract Tower,0,6,3,0,9,0,2,24,4,30,0,8,27,4,39,12,0,12,51
02/23/2022,OTH,OR,ANM,WE,Federal Contract Tower,0,4,5,2,11,0,9,21,8,38,0,13,26,10,49,4,14,18,67
02/24/2022,OTH,OR,ANM,WE,Federal Contract Tower,0,11,0,2,13,0,3,20,8,31,0,14,20,10,44,6,0,6,50
02/25/2022,OTH,OR,ANM,WE,Federal Contract Tower,0,7,7,0,14,0,4,17,4,25,0,11,24,4,39,16,20,36,75
02/26/2022,OTH,OR,ANM,WE,Federal Contract Tower,0,8,1,0,9,0,2,4,2,8,0,10,5,2,17,4,0,4,21
02/27/2022,OTH,OR,ANM,WE,Federal Contract Tower,0,2,9,0,11,0,0,0,2,2,0,2,9,2,13,0,0,0,13
02/28/2022,OTH,OR,ANM,WE,Federal Contract Tower,0,4,1,0,5,0,0,0,2,2,0,4,1,2,7,0,0,0,7
03/01/2022,OTH,OR,ANM,WE,Federal Contract Tower,0,6,14,40,60,0,0,0,2,2,0,6,14,42,62,0,0,0,62
03/02/2022,OTH,OR,ANM,WE,Federal Contract Tower,0,10,3,0,13,0,0,0,2,2,0,10,3,2,15,0,4,4,19
03/03/2022,OTH,OR,ANM,WE,Federal Contract Tower,0,5,6,0,11,0,5,8,3,16,0,10,14,3,27,0,0,0,27
03/04/2022,OTH,OR,ANM,WE,Federal Contract Tower,0,8,6,1,15,0,1,3,4,8,0,9,9,5,23,0,8,8,31
03/05/2022,OTH,OR,ANM,WE,Federal Contract Tower,0,7,4,0,11,0,0,18,5,23,0,7,22,5,34,0,12,12,46
03/06/2022,OTH,OR,ANM,WE,Federal Contract Tower,0,5,10,0,15,0,0,0,0,0,0,5,10,0,15,24,0,24,39
03/07/2022,OTH,OR,ANM,WE,Federal Contract Tower,0,6,6,1,13,0,4,19,10,33,0,10,25,11,46,10,4,14,60
03/08/2022,OTH,OR,ANM,WE,Federal Contract Tower,0,4,4,0,8,0,2,13,12,27,0,6,17,12,35,4,36,40,75
03/09/2022,OTH,OR,ANM,WE,Federal Contract Tower,0,10,7,0,17,0,0,6,8,14,0,10,13,8,31,24,4,28,59
03/10/2022,OTH,OR,ANM,WE,Federal Contract Tower,0,4,5,0,9,0,3,28,3,34,0,7,33,3,43,22,0,22,65
03/11/2022,OTH,OR,ANM,WE,Federal Contract Tower,0,6,4,0,10,0,5,35,5,45,0,11,39,5,55,14,64,78,133
03/12/2022,OTH,OR,ANM,WE,Federal Contract Tower,0,6,2,0,8,0,1,0,8,9,0,7,2,8,17,0,12,12,29
03/13/2022,OTH,OR,ANM,WE,Federal Contract Tower,0,6,2,0,8,0,0,1,0,1,0,6,3,0,9,0,0,0,9
03/14/2022,OTH,OR,ANM,WE,Federal Contract Tower,0,9,1,0,10,0,0,8,6,14,0,9,9,6,24,24,0,24,48
03/15/2022,OTH,OR,ANM,WE,Federal Contract Tower,0,15,3,0,18,0,0,4,13,17,0,15,7,13,35,22,28,50,85
03/16/2022,OTH,OR,ANM,WE,Federal Contract Tower,0,13,11,0,24,0,8,12,6,26,0,21,23,6,50,22,14,36,86
03/17/2022,OTH,OR,ANM,WE,Federal Contract Tower,0,9,4,0,13,0,2,5,10,17,0,11,9,10,30,32,2,34,64
03/18/2022,OTH,OR,ANM,WE,Federal Contract Tower,0,11,11,27,49,0,2,6,4,12,0,13,17,31,61,14,40,54,115
03/19/2022,OTH,OR,ANM,WE,Federal Contract Tower,0,7,8,0,15,0,1,0,4,5,0,8,8,4,20,0,4,4,24
03/20/2022,OTH,OR,ANM,WE,Federal Contract Tower,0,2,3,2,7,0,0,10,4,14,0,2,13,6,21,18,50,68,89
03/21/2022,OTH,OR,ANM,WE,Federal Contract Tower,0,11,5,31,47,0,0,2,0,2,0,11,7,31,49,24,0,24,73
03/22/2022,OTH,OR,ANM,WE,Federal Contract Tower,0,8,8,0,16,0,2,34,9,45,0,10,42,9,61,42,18,60,121
03/23/2022,OTH,OR,ANM,WE,Federal Contract Tower,0,11,12,1,24,0,1,16,6,23,0,12,28,7,47,14,14,28,75
03/24/2022,OTH,OR,ANM,WE,Federal Contract Tower,0,9,8,2,19,0,4,33,8,45,0,13,41,10,64,14,0,14,78
03/25/2022,OTH,OR,ANM,WE,Federal Contract Tower,0,10,2,0,12,0,2,7,8,17,0,12,9,8,29,8,8,16,45
03/26/2022,OTH,OR,ANM,WE,Federal Contract Tower,0,7,0,0,7,0,8,12,5,25,0,15,12,5,32,0,0,0,32
03/27/2022,OTH,OR,ANM,WE,Federal Contract Tower,0,5,2,0,7,0,0,2,4,6,0,5,4,4,13,0,0,0,13
03/28/2022,OTH,OR,ANM,WE,Federal Contract Tower,0,8,4,2,14,0,0,4,4,8,0,8,8,6,22,12,8,20,42
03/29/2022,OTH,OR,ANM,WE,Federal Contract Tower,0,9,8,0,17,0,7,11,0,18,0,16,19,0,35,14,0,14,49
03/30/2022,OTH,OR,ANM,WE,Federal Contract Tower,0,12,4,0,16,0,1,4,12,17,0,13,8,12,33,0,0,0,33
03/31/2022,OTH,OR,ANM,WE,Federal Contract Tower,0,5,6,0,11,0,3,11,5,19,0,8,17,5,30,0,26,26,56
04/01/2022,OTH,OR,ANM,WE,Federal Contract Tower,0,6,4,0,10,0,3,18,6,27,0,9,22,6,37,4,14,18,55
04/02/2022,OTH,OR,ANM,WE,Federal Contract Tower,0,6,1,2,9,0,1,14,4,19,0,7,15,6,28,0,12,12,40
04/03/2022,OTH,OR,ANM,WE,Federal Contract Tower,0,3,4,0,7,0,0,9,4,13,0,3,13,4,20,4,0,4,24
04/04/2022,OTH,OR,ANM,WE,Federal Contract Tower,0,8,5,0,13,0,0,0,3,3,0,8,5,3,16,0,28,28,44
04/05/2022,OTH,OR,ANM,WE,Federal Contract Tower,0,6,3,0,9,0,4,14,11,29,0,10,17,11,38,24,86,110,148
04/06/2022,OTH,OR,ANM,WE,Federal Contract Tower,0,9,4,0,13,0,7,9,10,26,0,16,13,10,39,14,20,34,73
04/07/2022,OTH,OR,ANM,WE,Federal Contract Tower,0,10,4,0,14,0,4,39,11,54,0,14,43,11,68,22,24,46,114
04/08/2022,OTH,OR,ANM,WE,Federal Contract Tower,0,9,6,0,15,0,1,6,3,10,0,10,12,3,25,8,2,10,35
04/09/2022,OTH,OR,ANM,WE,Federal Contract Tower,0,4,4,0,8,0,1,5,4,10,0,5,9,4,18,0,12,12,30
04/10/2022,OTH,OR,ANM,WE,Federal Contract Tower,0,5,5,1,11,0,0,2,3,5,0,5,7,4,16,0,4,4,20
04/11/2022,OTH,OR,ANM,WE,Federal Contract Tower,0,8,2,0,10,0,1,0,6,7,0,9,2,6,17,0,30,30,47
04/12/2022,OTH,OR,ANM,WE,Federal Contract Tower,0,6,2,0,8,0,1,2,18,21,0,7,4,18,29,0,32,32,61
04/13/2022,OTH,OR,ANM,WE,Federal Contract Tower,0,15,7,0,22,0,1,3,10,14,0,16,10,10,36,18,30,48,84
04/14/2022,OTH,OR,ANM,WE,Federal Contract Tower,2,12,5,0,19,0,2,8,10,20,2,14,13,10,39,8,14,22,61
04/15/2022,OTH,OR,ANM,WE,Federal Contract Tower,0,10,9,0,19,0,3,4,5,12,0,13,13,5,31,2,16,18,49
04/16/2022,OTH,OR,ANM,WE,Federal Contract Tower,0,8,1,0,9,0,1,3,4,8,0,9,4,4,17,0,0,0,17
04/17/2022,OTH,OR,ANM,WE,Federal Contract Tower,0,4,3,0,7,0,0,11,4,15,0,4,14,4,22,8,2,10,32
04/18/2022,OTH,OR,ANM,WE,Federal Contract Tower,0,5,3,0,8,0,0,0,1,1,0,5,3,1,9,0,2,2,11
04/19/2022,OTH,OR,ANM,WE,Federal Contract Tower,0,8,4,0,12,0,1,4,10,15,0,9,8,10,27,8,18,26,53
04/20/2022,OTH,OR,ANM,WE,Federal Contract Tower,0,9,7,0,16,0,1,2,9,12,0,10,9,9,28,0,0,0,28
04/21/2022,OTH,OR,ANM,WE,Federal Contract Tower,0,8,2,0,10,0,0,3,10,13,0,8,5,10,23,2,8,10,33
04/22/2022,OTH,OR,ANM,WE,Federal Contract Tower,0,4,2,0,6,0,5,9,5,19,0,9,11,5,25,0,4,4,29
04/23/2022,OTH,OR,ANM,WE,Federal Contract Tower,0,2,2,2,6,0,2,18,3,23,0,4,20,5,29,0,4,4,33
04/24/2022,OTH,OR,ANM,WE,Federal Contract Tower,0,2,6,0,8,0,1,7,4,12,0,3,13,4,20,0,0,0,20
04/25/2022,OTH,OR,ANM,WE,Federal Contract Tower,0,5,8,0,13,0,1,7,5,13,0,6,15,5,26,0,0,0,26
04/26/2022,OTH,OR,ANM,WE,Federal Contract Tower,0,10,6,0,16,0,3,2,16,21,0,13,8,16,37,22,8,30,67
04/27/2022,OTH,OR,ANM,WE,Federal Contract Tower,0,4,2,0,6,0,4,18,2,24,0,8,20,2,30,42,0,42,72
04/28/2022,OTH,OR,ANM,WE,Federal Contract Tower,2,9,11,0,22,0,0,4,9,13,2,9,15,9,35,0,30,30,65
04/29/2022,OTH,OR,ANM,WE,Federal Contract Tower,0,12,4,0,16,0,1,4,5,10,0,13,8,5,26,0,8,8,34
04/30/2022,OTH,OR,ANM,WE,Federal Contract Tower,0,8,9,0,17,0,1,0,7,8,0,9,9,7,25,0,0,0,25
05/01/2022,OTH,OR,ANM,WE,Federal Contract Tower,2,10,9,0,21,0,1,29,4,34,2,11,38,4,55,32,0,32,87
05/02/2022,OTH,OR,ANM,WE,Federal Contract Tower,0,6,6,1,13,0,0,0,4,4,0,6,6,5,17,0,10,10,27
05/03/2022,OTH,OR,ANM,WE,Federal Contract Tower,0,12,5,1,18,0,4,2,7,13,0,16,7,8,31,0,4,4,35
05/04/2022,OTH,OR,ANM,WE,Federal Contract Tower,0,8,13,1,22,0,15,25,3,43,0,23,38,4,65,30,2,32,97
05/05/2022,OTH,OR,ANM,WE,Federal Contract Tower,0,16,2,1,19,0,0,0,9,9,0,16,2,10,28,0,26,26,54
05/06/2022,OTH,OR,ANM,WE,Federal Contract Tower,0,15,4,0,19,0,0,0,0,0,0,15,4,0,19,0,0,0,19
05/07/2022,OTH,OR,ANM,WE,Federal Contract Tower,0,13,9,0,22,0,1,1,3,5,0,14,10,3,27,0,0,0,27
05/08/2022,OTH,OR,ANM,WE,Federal Contract Tower,4,2,4,0,10,0,1,1,4,6,4,3,5,4,16,0,0,0,16
05/09/2022,OTH,OR,ANM,WE,Federal Contract Tower,0,14,7,0,21,0,2,3,3,8,0,16,10,3,29,10,0,10,39
05/10/2022,OTH,OR,ANM,WE,Federal Contract Tower,0,6,7,0,13,0,5,24,5,34,0,11,31,5,47,24,0,24,71
05/11/2022,OTH,OR,ANM,WE,Federal Contract Tower,4,9,9,0,22,0,3,13,3,19,4,12,22,3,41,0,0,0,41
05/12/2022,OTH,OR,ANM,WE,Federal Contract Tower,2,8,6,0,16,0,0,0,4,4,2,8,6,4,20,0,10,10,30
05/13/2022,OTH,OR,ANM,WE,Federal Contract Tower,0,12,5,17,34,0,0,4,1,5,0,12,9,18,39,8,0,8,47
05/14/2022,OTH,OR,ANM,WE,Federal Contract Tower,0,7,4,0,11,0,0,0,2,2,0,7,4,2,13,0,0,0,13
05/15/2022,OTH,OR,ANM,WE,Federal Contract Tower,3,9,8,4,24,0,0,1,2,3,3,9,9,6,27,0,0,0,27
05/16/2022,OTH,OR,ANM,WE,Federal Contract Tower,0,11,9,0,20,0,1,15,3,19,0,12,24,3,39,24,0,24,63
05/17/2022,OTH,OR,ANM,WE,Federal Contract Tower,1,10,14,0,25,0,2,34,9,45,1,12,48,9,70,12,0,12,82
05/18/2022,OTH,OR,ANM,WE,Federal Contract Tower,4,6,5,4,19,0,0,0,4,4,4,6,5,8,23,0,0,0,23
05/19/2022,OTH,OR,ANM,WE,Federal Contract Tower,3,9,6,0,18,0,7,10,12,29,3,16,16,12,47,36,0,36,83
05/20/2022,OTH,OR,ANM,WE,Federal Contract Tower,0,8,5,0,13,0,6,12,7,25,0,14,17,7,38,0,2,2,40
05/21/2022,OTH,OR,ANM,WE,Federal Contract Tower,0,4,8,2,14,0,4,7,5,16,0,8,15,7,30,2,0,2,32
05/22/2022,OTH,OR,ANM,WE,Federal Contract Tower,4,5,14,0,23,0,0,8,3,11,4,5,22,3,34,0,2,2,36
05/23/2022,OTH,OR,ANM,WE,Federal Contract Tower,0,14,3,0,17,0,4,13,3,20,0,18,16,3,37,0,0,0,37
05/24/2022,OTH,OR,ANM,WE,Federal Contract Tower,0,8,3,0,11,0,3,20,9,32,0,11,23,9,43,44,0,44,87
05/25/2022,OTH,OR,ANM,WE,Federal Contract Tower,4,7,7,0,18,0,2,22,10,34,4,9,29,10,52,10,8,18,70
05/26/2022,OTH,OR,ANM,WE,Federal Contract Tower,2,8,10,0,20,0,2,13,4,19,2,10,23,4,39,0,0,0,39
05/27/2022,OTH,OR,ANM,WE,Federal Contract Tower,0,10,14,0,24,0,1,3,4,8,0,11,17,4,32,4,0,4,36
05/28/2022,OTH,OR,ANM,WE,Federal Contract Tower,0,8,3,4,15,0,0,0,6,6,0,8,3,10,21,0,0,0,21
05/29/2022,OTH,OR,ANM,WE,Federal Contract Tower,4,3,3,0,10,0,0,1,8,9,4,3,4,8,19,0,0,0,19
05/30/2022,OTH,OR,ANM,WE,Federal Contract Tower,0,3,17,0,20,0,0,8,2,10,0,3,25,2,30,0,0,0,30
05/31/2022,OTH,OR,ANM,WE,Federal Contract Tower,0,12,9,0,21,0,4,6,5,15,0,16,15,5,36,0,0,0,36
06/01/2022,OTH,OR,ANM,WE,Federal Contract Tower,4,10,20,1,35,0,3,8,8,19,4,13,28,9,54,0,0,0,54
06/02/2022,OTH,OR,ANM,WE,Federal Contract Tower,2,11,5,0,18,0,2,8,4,14,2,13,13,4,32,4,0,4,36
06/03/2022,OTH,OR,ANM,WE,Federal Contract Tower,0,16,2,0,18,0,0,0,2,2,0,16,2,2,20,0,4,4,24
06/04/2022,OTH,OR,ANM,WE,Federal Contract Tower,2,8,2,0,12,0,0,1,5,6,2,8,3,5,18,0,0,0,18
06/05/2022,OTH,OR,ANM,WE,Federal Contract Tower,4,9,9,1,23,0,0,0,6,6,4,9,9,7,29,0,0,0,29
06/06/2022,OTH,OR,ANM,WE,Federal Contract Tower,2,8,3,0,13,0,3,12,3,18,2,11,15,3,31,0,0,0,31
06/07/2022,OTH,OR,ANM,WE,Federal Contract Tower,2,7,9,1,19,0,2,6,11,19,2,9,15,12,38,2,0,2,40
06/08/2022,OTH,OR,ANM,WE,Federal Contract Tower,4,13,9,4,30,0,5,9,0,14,4,18,18,4,44,14,0,14,58
06/09/2022,OTH,OR,ANM,WE,Federal Contract Tower,2,6,7,0,15,0,4,7,6,17,2,10,14,6,32,4,0,4,36
06/10/2022,OTH,OR,ANM,WE,Federal Contract Tower,2,12,3,16,33,0,0,0,0,0,2,12,3,16,33,0,2,2,35
06/11/2022,OTH,OR,ANM,WE,Federal Contract Tower,2,15,7,1,25,0,0,0,0,0,2,15,7,1,25,0,0,0,25
06/12/2022,OTH,OR,ANM,WE,Federal Contract Tower,4,11,3,0,18,0,0,2,2,4,4,11,5,2,22,0,0,0,22
06/13/2022,OTH,OR,ANM,WE,Federal Contract Tower,2,9,11,0,22,0,1,2,4,7,2,10,13,4,29,0,0,0,29
06/14/2022,OTH,OR,ANM,WE,Federal Contract Tower,2,8,8,1,19,0,1,5,7,13,2,9,13,8,32,0,8,8,40
06/15/2022,OTH,OR,ANM,WE,Federal Contract Tower,0,16,6,0,22,0,1,17,13,31,0,17,23,13,53,0,0,0,53
06/16/2022,OTH,OR,ANM,WE,Federal Contract Tower,2,8,8,0,18,0,3,12,3,18,2,11,20,3,36,20,2,22,58
06/17/2022,OTH,OR,ANM,WE,Federal Contract Tower,2,8,15,0,25,0,1,3,6,10,2,9,18,6,35,0,0,0,35
06/18/2022,OTH,OR,ANM,WE,Federal Contract Tower,2,8,1,0,11,0,2,8,4,14,2,10,9,4,25,2,0,2,27
06/19/2022,OTH,OR,ANM,WE,Federal Contract Tower,3,6,17,1,27,0,0,2,2,4,3,6,19,3,31,0,10,10,41
06/20/2022,OTH,OR,ANM,WE,Federal Contract Tower,1,5,4,0,10,0,7,8,2,17,1,12,12,2,27,0,0,0,27
06/21/2022,OTH,OR,ANM,WE,Federal Contract Tower,2,7,3,0,12,0,3,11,6,20,2,10,14,6,32,14,0,14,46
06/22/2022,OTH,OR,ANM,WE,Federal Contract Tower,4,5,4,8,21,0,1,1,4,6,4,6,5,12,27,0,0,0,27
06/23/2022,OTH,OR,ANM,WE,Federal Contract Tower,2,3,4,0,9,0,7,12,3,22,2,10,16,3,31,0,0,0,31
06/24/2022,OTH,OR,ANM,WE,Federal Contract Tower,2,5,5,0,12,0,2,13,6,21,2,7,18,6,33,4,0,4,37
06/25/2022,OTH,OR,ANM,WE,Federal Contract Tower,2,3,1,0,6,0,3,21,2,26,2,6,22,2,32,6,2,8,40
06/26/2022,OTH,OR,ANM,WE,Federal Contract Tower,4,2,13,0,19,0,1,23,3,27,4,3,36,3,46,0,0,0,46
06/27/2022,OTH,OR,ANM,WE,Federal Contract Tower,2,8,6,11,27,0,1,2,4,7,2,9,8,15,34,0,14,14,48
06/28/2022,OTH,OR,ANM,WE,Federal Contract Tower,2,10,6,0,18,0,1,0,5,6,2,11,6,5,24,0,0,0,24
06/29/2022,OTH,OR,ANM,WE,Federal Contract Tower,4,14,3,0,21,0,6,4,6,16,4,20,7,6,37,4,0,4,41
06/30/2022,OTH,OR,ANM,WE,Federal Contract Tower,2,5,8,0,15,0,1,6,5,12,2,6,14,5,27,8,0,8,35
07/01/2022,OTH,OR,ANM,WE,Federal Contract Tower,2,6,5,0,13,0,0,1,3,4,2,6,6,3,17,0,8,8,25
07/02/2022,OTH,OR,ANM,WE,Federal Contract Tower,2,7,6,0,15,0,0,0,4,4,2,7,6,4,19,0,6,6,25
07/03/2022,OTH,OR,ANM,WE,Federal Contract Tower,4,7,4,0,15,0,1,6,5,12,4,8,10,5,27,6,0,6,33
07/04/2022,OTH,OR,ANM,WE,Federal Contract Tower,2,0,2,1,5,0,0,8,6,14,2,0,10,7,19,0,0,0,19
07/05/2022,OTH,OR,ANM,WE,Federal Contract Tower,2,7,4,0,13,0,1,4,0,5,2,8,8,0,18,0,8,8,26
07/06/2022,OTH,OR,ANM,WE,Federal Contract Tower,4,12,4,1,21,0,1,3,10,14,4,13,7,11,35,16,8,24,59
07/07/2022,OTH,OR,ANM,WE,Federal Contract Tower,2,4,8,0,14,0,2,11,6,19,2,6,19,6,33,24,4,28,61
07/08/2022,OTH,OR,ANM,WE,Federal Contract Tower,2,3,3,0,8,0,5,13,9,27,2,8,16,9,35,32,10,42,77
07/09/2022,OTH,OR,ANM,WE,Federal Contract Tower,2,5,5,0,12,0,2,19,4,25,2,7,24,4,37,38,0,38,75
07/10/2022,OTH,OR,ANM,WE,Federal Contract Tower,4,7,1,0,12,0,7,15,3,25,4,14,16,3,37,30,0,30,67
07/11/2022,OTH,OR,ANM,WE,Federal Contract Tower,2,2,0,0,4,0,2,21,4,27,2,4,21,4,31,28,0,28,59
07/12/2022,OTH,OR,ANM,WE,Federal Contract Tower,4,6,6,0,16,0,0,0,2,2,4,6,6,2,18,0,0,0,18
07/13/2022,OTH,OR,ANM,WE,Federal Contract Tower,4,7,0,0,11,0,6,11,15,32,4,13,11,15,43,6,0,6,49
07/14/2022,OTH,OR,ANM,WE,Federal Contract Tower,2,5,9,0,16,0,4,15,4,23,2,9,24,4,39,0,0,0,39
07/15/2022,OTH,OR,ANM,WE,Federal Contract Tower,2,7,6,2,17,0,4,22,10,36,2,11,28,12,53,32,10,42,95
07/16/2022,OTH,OR,ANM,WE,Federal Contract Tower,2,9,9,4,24,0,1,3,0,4,2,10,12,4,28,0,0,0,28
07/17/2022,OTH,OR,ANM,WE,Federal Contract Tower,4,5,11,0,20,0,0,13,2,15,4,5,24,2,35,0,6,6,41
07/18/2022,OTH,OR,ANM,WE,Federal Contract Tower,2,9,1,0,12,0,0,4,6,10,2,9,5,6,22,16,2,18,40
07/19/2022,OTH,OR,ANM,WE,Federal Contract Tower,2,8,8,1,19,0,0,4,6,10,2,8,12,7,29,32,6,38,67
07/20/2022,OTH,OR,ANM,WE,Federal Contract Tower,4,19,7,4,34,0,0,0,1,1,4,19,7,5,35,0,0,0,35
07/21/2022,OTH,OR,ANM,WE,Federal Contract Tower,2,8,21,0,31,0,3,8,8,19,2,11,29,8,50,22,0,22,72
07/22/2022,OTH,OR,ANM,WE,Federal Contract Tower,2,8,9,0,19,0,3,16,12,31,2,11,25,12,50,22,8,30,80
07/23/2022,OTH,OR,ANM,WE,Federal Contract Tower,2,6,5,0,13,0,0,8,2,10,2,6,13,2,23,0,0,0,23
07/24/2022,OTH,OR,ANM,WE,Federal Contract Tower,4,2,1,0,7,0,2,9,1,12,4,4,10,1,19,2,0,2,21
07/25/2022,OTH,OR,ANM,WE,Federal Contract Tower,2,3,2,1,8,0,3,5,3,11,2,6,7,4,19,0,2,2,21
07/26/2022,OTH,OR,ANM,WE,Federal Contract Tower,2,7,2,0,11,0,1,3,4,8,2,8,5,4,19,10,8,18,37
07/27/2022,OTH,OR,ANM,WE,Federal Contract Tower,4,11,8,0,23,0,2,8,6,16,4,13,16,6,39,4,0,4,43
07/28/2022,OTH,OR,ANM,WE,Federal Contract Tower,2,11,10,0,23,0,1,8,9,18,2,12,18,9,41,4,20,24,65
07/29/2022,OTH,OR,ANM,WE,Federal Contract Tower,2,16,14,0,32,0,2,12,3,17,2,18,26,3,49,6,6,12,61
07/30/2022,OTH,OR,ANM,WE,Federal Contract Tower,2,11,13,13,39,0,2,2,2,6,2,13,15,15,45,0,0,0,45
08/01/2022,OTH,OR,ANM,WE,Federal Contract Tower,2,14,11,5,32,0,0,3,3,6,2,14,14,8,38,0,4,4,42
08/02/2022,OTH,OR,ANM,WE,Federal Contract Tower,2,10,5,5,22,0,3,17,12,32,2,13,22,17,54,12,8,20,74
08/03/2022,OTH,OR,ANM,WE,Federal Contract Tower,4,11,13,1,29,0,0,17,1,18,4,11,30,2,47,14,0,14,61
08/04/2022,OTH,OR,ANM,WE,Federal Contract Tower,2,7,10,0,19,0,1,21,3,25,2,8,31,3,44,22,0,22,66
08/05/2022,OTH,OR,ANM,WE,Federal Contract Tower,2,5,9,0,16,0,2,14,3,19,2,7,23,3,35,16,6,22,57
08/06/2022,OTH,OR,ANM,WE,Federal Contract Tower,2,11,1,1,15,0,1,8,2,11,2,12,9,3,26,0,26,26,52
08/07/2022,OTH,OR,ANM,WE,Federal Contract Tower,4,10,15,0,29,0,3,4,4,11,4,13,19,4,40,0,6,6,46
08/08/2022,OTH,OR,ANM,WE,Federal Contract Tower,2,9,12,0,23,0,0,1,4,5,2,9,13,4,28,0,0,0,28
08/09/2022,OTH,OR,ANM,WE,Federal Contract Tower,2,14,14,1,31,0,0,8,8,16,2,14,22,9,47,36,30,66,113
08/10/2022,OTH,OR,ANM,WE,Federal Contract Tower,4,12,1,0,17,0,2,19,13,34,4,14,20,13,51,38,8,46,97
08/11/2022,OTH,OR,ANM,WE,Federal Contract Tower,2,11,17,1,31,0,1,5,1,7,2,12,22,2,38,18,0,18,56
08/12/2022,OTH,OR,ANM,WE,Federal Contract Tower,2,10,7,0,19,0,0,4,7,11,2,10,11,7,30,0,4,4,34
08/13/2022,OTH,OR,ANM,WE,Federal Contract Tower,2,9,0,0,11,0,1,7,8,16,2,10,7,8,27,2,24,26,53
08/14/2022,OTH,OR,ANM,WE,Federal Contract Tower,4,5,8,1,18,0,1,24,2,27,4,6,32,3,45,42,0,42,87
08/15/2022,OTH,OR,ANM,WE,Federal Contract Tower,0,5,6,0,11,0,4,12,4,20,0,9,18,4,31,76,10,86,117
08/16/2022,OTH,OR,ANM,WE,Federal Contract Tower,4,5,5,0,14,0,3,12,4,19,4,8,17,4,33,70,34,104,137
08/17/2022,OTH,OR,ANM,WE,Federal Contract Tower,4,10,4,7,25,0,5,12,12,29,4,15,16,19,54,0,0,0,54
08/18/2022,OTH,OR,ANM,WE,Federal Contract Tower,2,16,22,4,44,0,0,0,1,1,2,16,22,5,45,0,0,0,45
08/19/2022,OTH,OR,ANM,WE,Federal Contract Tower,2,14,12,2,30,0,0,0,2,2,2,14,12,4,32,0,6,6,38
08/20/2022,OTH,OR,ANM,WE,Federal Contract Tower,2,10,2,0,14,0,2,18,2,22,2,12,20,2,36,10,8,18,54
08/21/2022,OTH,OR,ANM,WE,Federal Contract Tower,4,13,12,0,29,0,1,5,3,9,4,14,17,3,38,0,12,12,50
08/22/2022,OTH,OR,ANM,WE,Federal Contract Tower,2,12,17,0,31,0,0,5,4,9,2,12,22,4,40,0,0,0,40
08/23/2022,OTH,OR,ANM,WE,Federal Contract Tower,2,13,6,28,49,0,0,9,6,15,2,13,15,34,64,36,4,40,104
08/24/2022,OTH,OR,ANM,WE,Federal Contract Tower,4,15,15,7,41,0,0,10,7,17,4,15,25,14,58,52,0,52,110
08/25/2022,OTH,OR,ANM,WE,Federal Contract Tower,2,17,7,3,29,0,0,3,3,6,2,17,10,6,35,2,8,10,45
08/26/2022,OTH,OR,ANM,WE,Federal Contract Tower,2,15,2,4,23,0,0,4,7,11,2,15,6,11,34,0,20,20,54
08/27/2022,OTH,OR,ANM,WE,Federal Contract Tower,2,12,6,0,20,0,2,7,2,11,2,14,13,2,31,8,8,16,47
08/28/2022,OTH,OR,ANM,WE,Federal Contract Tower,5,9,11,1,26,0,0,7,2,9,5,9,18,3,35,0,4,4,39
08/29/2022,OTH,OR,ANM,WE,Federal Contract Tower,2,8,7,0,17,0,1,15,7,23,2,9,22,7,40,16,8,24,64
08/30/2022,OTH,OR,ANM,WE,Federal Contract Tower,3,7,5,0,15,0,3,10,13,26,3,10,15,13,41,4,0,4,45
08/31/2022,OTH,OR,ANM,WE,Federal Contract Tower,4,8,20,2,34,0,2,13,6,21,4,10,33,8,55,12,0,12,67
09/01/2022,OTH,OR,ANM,WE,Federal Contract Tower,2,11,10,2,25,0,2,7,3,12,2,13,17,5,37,0,0,0,37
09/02/2022,OTH,OR,ANM,WE,Federal Contract Tower,2,9,10,5,26,0,0,1,2,3,2,9,11,7,29,2,0,2,31
09/03/2022,OTH,OR,ANM,WE,Federal Contract Tower,2,13,3,2,20,0,3,13,2,18,2,16,16,4,38,0,2,2,40
09/04/2022,OTH,OR,ANM,WE,Federal Contract Tower,4,10,2,0,16,0,0,9,1,10,4,10,11,1,26,0,0,0,26
09/05/2022,OTH,OR,ANM,WE,Federal Contract Tower,2,6,6,0,14,0,1,9,4,14,2,7,15,4,28,2,0,2,30
09/06/2022,OTH,OR,ANM,WE,Federal Contract Tower,2,4,8,2,16,0,5,26,5,36,2,9,34,7,52,54,0,54,106
09/07/2022,OTH,OR,ANM,WE,Federal Contract Tower,8,3,6,1,18,0,4,12,5,21,8,7,18,6,39,0,14,14,53
09/08/2022,OTH,OR,ANM,WE,Federal Contract Tower,2,9,7,0,18,0,4,19,8,31,2,13,26,8,49,2,2,4,53
09/09/2022,OTH,OR,ANM,WE,Federal Contract Tower,3,4,6,0,13,0,1,6,5,12,3,5,12,5,25,2,0,2,27
09/10/2022,OTH,OR,ANM,WE,Federal Contract Tower,2,10,8,2,22,0,0,2,0,2,2,10,10,2,24,0,0,0,24
09/11/2022,OTH,OR,ANM,WE,Federal Contract Tower,5,4,13,0,22,0,0,3,3,6,5,4,16,3,28,0,0,0,28
09/12/2022,OTH,OR,ANM,WE,Federal Contract Tower,2,4,6,0,12,0,0,14,4,18,2,4,20,4,30,2,0,2,32
09/13/2022,OTH,OR,ANM,WE,Federal Contract Tower,2,10,12,3,27,0,1,5,10,16,2,11,17,13,43,0,0,0,43
09/14/2022,OTH,OR,ANM,WE,Federal Contract Tower,4,9,10,0,23,0,0,0,2,2,4,9,10,2,25,0,0,0,25
09/15/2022,OTH,OR,ANM,WE,Federal Contract Tower,2,14,4,0,20,0,2,7,4,13,2,16,11,4,33,0,24,24,57
09/16/2022,OTH,OR,ANM,WE,Federal Contract Tower,2,10,11,0,23,0,4,15,4,23,2,14,26,4,46,2,0,2,48
09/17/2022,OTH,OR,ANM,WE,Federal Contract Tower,2,6,8,0,16,0,1,18,4,23,2,7,26,4,39,0,0,0,39
09/18/2022,OTH,OR,ANM,WE,Federal Contract Tower,4,17,12,0,33,0,3,19,3,25,4,20,31,3,58,18,0,18,76
09/19/2022,OTH,OR,ANM,WE,Federal Contract Tower,2,13,5,0,20,0,2,14,10,26,2,15,19,10,46,46,4,50,96
09/20/2022,OTH,OR,ANM,WE,Federal Contract Tower,2,15,3,4,24,0,2,7,7,16,2,17,10,11,40,62,0,62,102
09/21/2022,OTH,OR,ANM,WE,Federal Contract Tower,4,18,7,2,31,0,2,5,6,13,4,20,12,8,44,0,0,0,44
09/22/2022,OTH,OR,ANM,WE,Federal Contract Tower,2,15,12,4,33,0,0,9,8,17,2,15,21,12,50,10,0,10,60
09/23/2022,OTH,OR,ANM,WE,Federal Contract Tower,2,8,5,0,15,0,0,9,8,17,2,8,14,8,32,0,14,14,46
09/24/2022,OTH,OR,ANM,WE,Federal Contract Tower,2,10,9,0,21,0,0,16,4,20,2,10,25,4,41,0,6,6,47
09/25/2022,OTH,OR,ANM,WE,Federal Contract Tower,4,8,4,0,16,0,0,5,2,7,4,8,9,2,23,0,0,0,23
09/26/2022,OTH,OR,ANM,WE,Federal Contract Tower,2,7,14,10,33,0,0,0,0,0,2,7,14,10,33,0,0,0,33
09/27/2022,OTH,OR,ANM,WE,Federal Contract Tower,2,16,7,2,27,0,0,12,8,20,2,16,19,10,47,10,0,10,57
09/28/2022,OTH,OR,ANM,WE,Federal Contract Tower,4,13,4,1,22,0,0,8,9,17,4,13,12,10,39,0,4,4,43
09/29/2022,OTH,OR,ANM,WE,Federal Contract Tower,2,14,7,5,28,0,1,1,7,9,2,15,8,12,37,0,20,20,57
09/30/2022,OTH,OR,ANM,WE,Federal Contract Tower,2,8,0,0,10,0,1,4,8,13,2,9,4,8,23,0,8,8,31
10/01/2022,OTH,OR,ANM,WE,Federal Contract Tower,2,14,7,0,23,0,0,6,4,10,2,14,13,4,33,2,0,2,35
10/02/2022,OTH,OR,ANM,WE,Federal Contract Tower,2,9,18,1,30,0,0,1,0,1,2,9,19,1,31,0,0,0,31
10/03/2022,OTH,OR,ANM,WE,Federal Contract Tower,2,14,6,2,24,0,0,0,2,2,2,14,6,4,26,0,0,0,26
10/04/2022,OTH,OR,ANM,WE,Federal Contract Tower,2,10,8,1,21,0,0,0,4,4,2,10,8,5,25,0,0,0,25
10/05/2022,OTH,OR,ANM,WE,Federal Contract Tower,2,12,5,0,19,0,2,4,0,6,2,14,9,0,25,0,0,0,25
10/06/2022,OTH,OR,ANM,WE,Federal Contract Tower,2,5,8,0,15,0,0,0,0,0,2,5,8,0,15,0,0,0,15
10/07/2022,OTH,OR,ANM,WE,Federal Contract Tower,2,11,10,0,23,0,0,0,0,0,2,11,10,0,23,0,0,0,23
10/08/2022,OTH,OR,ANM,WE,Federal Contract Tower,2,6,4,0,12,0,0,0,0,0,2,6,4,0,12,0,0,0,12
10/09/2022,OTH,OR,ANM,WE,Federal Contract Tower,2,9,8,0,19,0,0,2,0,2,2,9,10,0,21,0,0,0,21
10/10/2022,OTH,OR,ANM,WE,Federal Contract Tower,2,5,12,0,19,0,0,0,0,0,2,5,12,0,19,0,0,0,19
10/11/2022,OTH,OR,ANM,WE,Federal Contract Tower,2,2,2,2,8,0,4,6,8,18,2,6,8,10,26,12,4,16,42
10/12/2022,OTH,OR,ANM,WE,Federal Contract Tower,2,4,5,0,11,0,7,18,2,27,2,11,23,2,38,6,4,10,48
10/13/2022,OTH,OR,ANM,WE,Federal Contract Tower,2,6,12,1,21,0,3,3,6,12,2,9,15,7,33,8,8,16,49
10/14/2022,OTH,OR,ANM,WE,Federal Contract Tower,2,7,10,2,21,0,3,5,2,10,2,10,15,4,31,2,0,2,33
10/15/2022,OTH,OR,ANM,WE,Federal Contract Tower,2,8,5,6,21,0,2,8,1,11,2,10,13,7,32,0,0,0,32
10/16/2022,OTH,OR,ANM,WE,Federal Contract Tower,2,9,5,0,16,0,0,4,4,8,2,9,9,4,24,0,16,16,40
10/17/2022,OTH,OR,ANM,WE,Federal Contract Tower,3,5,4,0,12,0,0,7,4,11,3,5,11,4,23,0,0,0,23
10/18/2022,OTH,OR,ANM,WE,Federal Contract Tower,2,10,1,0,13,0,4,10,6,20,2,14,11,6,33,0,2,2,35
10/19/2022,OTH,OR,ANM,WE,Federal Contract Tower,2,16,3,2,23,0,1,1,6,8,2,17,4,8,31,0,2,2,33
10/20/2022,OTH,OR,ANM,WE,Federal Contract Tower,2,8,6,1,17,0,2,1,5,8,2,10,7,6,25,0,8,8,33
10/21/2022,OTH,OR,ANM,WE,Federal Contract Tower,2,15,14,3,34,0,0,2,1,3,2,15,16,4,37,0,0,0,37
10/22/2022,OTH,OR,ANM,WE,Federal Contract Tower,2,12,4,0,18,0,2,0,4,6,2,14,4,4,24,0,0,0,24
10/23/2022,OTH,OR,ANM,WE,Federal Contract Tower,2,4,3,0,9,0,0,14,6,20,2,4,17,6,29,0,0,0,29
10/24/2022,OTH,OR,ANM,WE,Federal Contract Tower,2,8,4,0,14,0,0,0,6,6,2,8,4,6,20,0,28,28,48
10/25/2022,OTH,OR,ANM,WE,Federal Contract Tower,2,9,8,0,19,0,0,3,8,11,2,9,11,8,30,12,0,12,42
10/26/2022,OTH,OR,ANM,WE,Federal Contract Tower,2,6,13,0,21,0,1,9,10,20,2,7,22,10,41,2,16,18,59
10/27/2022,OTH,OR,ANM,WE,Federal Contract Tower,2,9,7,1,19,0,3,23,9,35,2,12,30,10,54,30,0,30,84
10/28/2022,OTH,OR,ANM,WE,Federal Contract Tower,2,9,5,3,19,0,0,13,7,20,2,9,18,10,39,38,12,50,89
10/29/2022,OTH,OR,ANM,WE,Federal Contract Tower,2,7,7,0,16,0,1,6,3,10,2,8,13,3,26,38,0,38,64
10/30/2022,OTH,OR,ANM,WE,Federal Contract Tower,2,3,13,1,19,0,0,9,6,15,2,3,22,7,34,0,2,2,36
10/31/2022,OTH,OR,ANM,WE,Federal Contract Tower,2,7,3,0,12,0,0,0,2,2,2,7,3,2,14,0,6,6,20
11/01/2022,OTH,OR,ANM,WE,Federal Contract Tower,0,10,3,0,13,0,0,0,4,4,0,10,3,4,17,0,8,8,25
11/02/2022,OTH,OR,ANM,WE,Federal Contract Tower,2,9,9,0,20,0,0,4,10,14,2,9,13,10,34,0,0,0,34
11/03/2022,OTH,OR,ANM,WE,Federal Contract Tower,0,4,6,0,10,0,2,8,11,21,0,6,14,11,31,16,14,30,61
11/04/2022,OTH,OR,ANM,WE,Federal Contract Tower,2,8,3,18,31,0,0,0,2,2,2,8,3,20,33,0,14,14,47
11/05/2022,OTH,OR,ANM,WE,Federal Contract Tower,2,8,4,0,14,0,1,0,2,3,2,9,4,2,17,0,0,0,17
11/06/2022,OTH,OR,ANM,WE,Federal Contract Tower,2,3,5,0,10,0,0,0,2,2,2,3,5,2,12,0,2,2,14
11/07/2022,OTH,OR,ANM,WE,Federal Contract Tower,2,6,3,0,11,0,1,0,10,11,2,7,3,10,22,0,14,14,36
11/08/2022,OTH,OR,ANM,WE,Federal Contract Tower,0,5,4,0,9,0,1,11,12,24,0,6,15,12,33,8,4,12,45
11/09/2022,OTH,OR,ANM,WE,Federal Contract Tower,2,4,7,0,13,0,3,13,10,26,2,7,20,10,39,34,0,34,73
11/10/2022,OTH,OR,ANM,WE,Federal Contract Tower,0,6,12,0,18,0,1,13,14,28,0,7,25,14,46,20,6,26,72
11/11/2022,OTH,OR,ANM,WE,Federal Contract Tower,2,5,1,0,8,0,2,0,2,4,2,7,1,2,12,0,0,0,12
11/12/2022,OTH,OR,ANM,WE,Federal Contract Tower,0,6,4,0,10,0,0,23,9,32,0,6,27,9,42,14,0,14,56
11/13/2022,OTH,OR,ANM,WE,Federal Contract Tower,2,4,5,0,11,0,1,14,4,19,2,5,19,4,30,12,6,18,48
11/14/2022,OTH,OR,ANM,WE,Federal Contract Tower,2,2,9,0,13,0,4,29,8,41,2,6,38,8,54,40,0,40,94
11/15/2022,OTH,OR,ANM,WE,Federal Contract Tower,0,3,5,0,8,0,5,21,9,35,0,8,26,9,43,64,10,74,117
11/16/2022,OTH,OR,ANM,WE,Federal Contract Tower,2,7,8,0,17,0,4,13,12,29,2,11,21,12,46,4,0,4,50
11/17/2022,OTH,OR,ANM,WE,Federal Contract Tower,0,8,4,0,12,0,0,4,4,8,0,8,8,4,20,0,0,0,20
11/18/2022,OTH,OR,ANM,WE,Federal Contract Tower,2,9,3,3,17,0,4,11,1,16,2,13,14,4,33,12,0,12,45
11/19/2022,OTH,OR,ANM,WE,Federal Contract Tower,0,4,6,0,10,0,2,12,4,18,0,6,18,4,28,26,2,28,56
11/20/2022,OTH,OR,ANM,WE,Federal Contract Tower,2,3,1,0,6,0,2,4,2,8,2,5,5,2,14,0,0,0,14
11/21/2022,OTH,OR,ANM,WE,Federal Contract Tower,2,9,2,0,13,0,3,3,8,14,2,12,5,8,27,0,4,4,31
11/22/2022,OTH,OR,ANM,WE,Federal Contract Tower,0,6,4,0,10,0,0,0,8,8,0,6,4,8,18,0,22,22,40
11/23/2022,OTH,OR,ANM,WE,Federal Contract Tower,2,6,2,3,13,0,2,5,14,21,2,8,7,17,34,0,8,8,42
11/24/2022,OTH,OR,ANM,WE,Federal Contract Tower,0,1,0,0,1,0,0,5,5,10,0,1,5,5,11,0,0,0,11
11/25/2022,OTH,OR,ANM,WE,Federal Contract Tower,6,13,2,0,21,0,0,5,1,6,6,13,7,1,27,62,0,62,89
11/26/2022,OTH,OR,ANM,WE,Federal Contract Tower,0,5,2,0,7,0,2,11,3,16,0,7,13,3,23,2,0,2,25
11/27/2022,OTH,OR,ANM,WE,Federal Contract Tower,2,4,2,0,8,0,0,0,0,0,2,4,2,0,8,0,0,0,8
11/28/2022,OTH,OR,ANM,WE,Federal Contract Tower,2,7,5,0,14,0,0,9,6,15,2,7,14,6,29,0,6,6,35
11/29/2022,OTH,OR,ANM,WE,Federal Contract Tower,0,6,4,0,10,0,0,2,8,10,0,6,6,8,20,0,4,4,24
11/30/2022,OTH,OR,ANM,WE,Federal Contract Tower,2,6,7,4,19,0,0,3,3,6,2,6,10,7,25,0,8,8,33
12/01/2022,OTH,OR,ANM,WE,Federal Contract Tower,0,11,4,0,15,0,0,5,1,6,0,11,9,1,21,0,0,0,21
12/02/2022,OTH,OR,ANM,WE,Federal Contract Tower,2,4,1,2,9,0,2,8,5,15,2,6,9,7,24,4,8,12,36
12/03/2022,OTH,OR,ANM,WE,Federal Contract Tower,0,4,0,0,4,0,1,1,4,6,0,5,1,4,10,0,0,0,10
12/04/2022,OTH,OR,ANM,WE,Federal Contract Tower,2,0,5,0,7,0,0,0,4,4,2,0,5,4,11,0,2,2,13
12/05/2022,OTH,OR,ANM,WE,Federal Contract Tower,2,6,3,0,11,0,0,1,5,6,2,6,4,5,17,2,6,8,25
12/06/2022,OTH,OR,ANM,WE,Federal Contract Tower,0,8,0,0,8,0,0,7,2,9,0,8,7,2,17,0,0,0,17
12/07/2022,OTH,OR,ANM,WE,Federal Contract Tower,2,11,3,0,16,0,1,6,9,16,2,12,9,9,32,0,6,6,38
12/08/2022,OTH,OR,ANM,WE,Federal Contract Tower,0,8,6,0,14,0,0,0,8,8,0,8,6,8,22,0,0,0,22
12/09/2022,OTH,OR,ANM,WE,Federal Contract Tower,2,8,6,2,18,0,0,0,5,5,2,8,6,7,23,0,20,20,43
12/10/2022,OTH,OR,ANM,WE,Federal Contract Tower,0,4,0,0,4,0,0,0,3,3,0,4,0,3,7,0,0,0,7
12/11/2022,OTH,OR,ANM,WE,Federal Contract Tower,2,2,7,0,11,0,0,0,2,2,2,2,7,2,13,0,0,0,13
12/12/2022,OTH,OR,ANM,WE,Federal Contract Tower,2,4,2,0,8,0,0,0,9,9,2,4,2,9,17,0,0,0,17
12/13/2022,OTH,OR,ANM,WE,Federal Contract Tower,0,5,7,0,12,0,1,7,12,20,0,6,14,12,32,0,0,0,32
12/14/2022,OTH,OR,ANM,WE,Federal Contract Tower,2,9,6,0,17,0,1,13,13,27,2,10,19,13,44,2,0,2,46
12/15/2022,OTH,OR,ANM,WE,Federal Contract Tower,0,4,7,0,11,0,7,28,12,47,0,11,35,12,58,2,8,10,68
12/16/2022,OTH,OR,ANM,WE,Federal Contract Tower,2,7,5,0,14,0,2,14,1,17,2,9,19,1,31,2,0,2,33
12/17/2022,OTH,OR,ANM,WE,Federal Contract Tower,0,3,2,0,5,0,4,6,6,16,0,7,8,6,21,4,0,4,25
12/18/2022,OTH,OR,ANM,WE,Federal Contract Tower,2,0,4,0,6,0,0,0,4,4,2,0,4,4,10,0,0,0,10
12/19/2022,OTH,OR,ANM,WE,Federal Contract Tower,0,7,2,0,9,0,2,5,4,11,0,9,7,4,20,4,4,8,28
12/20/2022,OTH,OR,ANM,WE,Federal Contract Tower,0,4,7,0,11,0,0,0,2,2,0,4,7,2,13,0,0,0,13
12/21/2022,OTH,OR,ANM,WE,Federal Contract Tower,2,9,5,0,16,0,0,2,3,5,2,9,7,3,21,0,0,0,21
12/22/2022,OTH,OR,ANM,WE,Federal Contract Tower,0,5,1,0,6,0,2,2,8,12,0,7,3,8,18,6,0,6,24
12/23/2022,OTH,OR,ANM,WE,Federal Contract Tower,2,0,5,24,31,0,0,0,0,0,2,0,5,24,31,0,0,0,31
12/24/2022,OTH,OR,ANM,WE,Federal Contract Tower,0,3,5,0,8,0,0,2,2,4,0,3,7,2,12,0,0,0,12
12/25/2022,OTH,OR,ANM,WE,Federal Contract Tower,2,1,2,2,7,0,0,0,0,0,2,1,2,2,7,0,0,0,7
12/26/2022,OTH,OR,ANM,WE,Federal Contract Tower,2,2,8,1,13,0,0,1,4,5,2,2,9,5,18,0,0,0,18
12/27/2022,OTH,OR,ANM,WE,Federal Contract Tower,0,2,3,0,5,0,0,0,3,3,0,2,3,3,8,0,0,0,8
12/28/2022,OTH,OR,ANM,WE,Federal Contract Tower,2,11,3,0,16,0,3,0,3,6,2,14,3,3,22,0,14,14,36
12/29/2022,OTH,OR,ANM,WE,Federal Contract Tower,0,7,1,0,8,0,0,0,2,2,0,7,1,2,10,0,6,6,16
12/30/2022,OTH,OR,ANM,WE,Federal Contract Tower,2,9,0,0,11,0,0,0,0,0,2,9,0,0,11,0,0,0,11
12/31/2022,OTH,OR,ANM,WE,Federal Contract Tower,0,6,1,0,7,0,0,16,4,20,0,6,17,4,27,18,0,18,45
01/01/2023,OTH,OR,ANM,WE,Federal Contract Tower,2,1,4,0,7,0,0,12,6,18,2,1,16,6,25,0,10,10,35
01/02/2023,OTH,OR,ANM,WE,Federal Contract Tower,2,2,7,0,11,0,0,0,2,2,2,2,7,2,13,0,0,0,13
01/03/2023,OTH,OR,ANM,WE,Federal Contract Tower,0,6,3,0,9,0,0,0,4,4,0,6,3,4,13,0,4,4,17
01/04/2023,OTH,OR,ANM,WE,Federal Contract Tower,0,6,2,0,8,0,0,0,0,0,0,6,2,0,8,0,0,0,8
01/05/2023,OTH,OR,ANM,WE,Federal Contract Tower,0,8,4,1,13,0,0,0,3,3,0,8,4,4,16,0,2,2,18
01/06/2023,OTH,OR,ANM,WE,Federal Contract Tower,2,8,1,0,11,0,0,0,6,6,2,8,1,6,17,0,0,0,17
01/07/2023,OTH,OR,ANM,WE,Federal Contract Tower,0,7,1,0,8,0,0,1,2,3,0,7,2,2,11,0,0,0,11
01/08/2023,OTH,OR,ANM,WE,Federal Contract Tower,2,3,3,0,8,0,0,0,8,8,2,3,3,8,16,0,0,0,16
01/09/2023,OTH,OR,ANM,WE,Federal Contract Tower,0,8,2,0,10,0,0,1,2,3,0,8,3,2,13,0,8,8,21
01/10/2023,OTH,OR,ANM,WE,Federal Contract Tower,0,6,0,0,6,0,1,2,2,5,0,7,2,2,11,6,0,6,17
01/11/2023,OTH,OR,ANM,WE,Federal Contract Tower,2,8,3,0,13,0,2,0,9,11,2,10,3,9,24,0,44,44,68
01/12/2023,OTH,OR,ANM,WE,Federal Contract Tower,0,7,1,0,8,0,2,1,6,9,0,9,2,6,17,0,10,10,27
01/13/2023,OTH,OR,ANM,WE,Federal Contract Tower,2,5,3,0,10,0,1,0,4,5,2,6,3,4,15,0,8,8,23
01/14/2023,OTH,OR,ANM,WE,Federal Contract Tower,0,4,3,0,7,0,0,2,6,8,0,4,5,6,15,8,0,8,23
01/15/2023,OTH,OR,ANM,WE,Federal Contract Tower,2,2,1,0,5,0,0,0,2,2,2,2,1,2,7,0,0,0,7
01/16/2023,OTH,OR,ANM,WE,Federal Contract Tower,0,10,2,0,12,0,0,0,2,2,0,10,2,2,14,0,12,12,26
01/17/2023,OTH,OR,ANM,WE,Federal Contract Tower,0,13,4,0,17,0,1,2,9,12,0,14,6,9,29,2,8,10,39
01/18/2023,OTH,OR,ANM,WE,Federal Contract Tower,2,10,0,0,12,0,0,0,11,11,2,10,0,11,23,0,8,8,31
01/19/2023,OTH,OR,ANM,WE,Federal Contract Tower,0,5,2,0,7,0,1,9,15,25,0,6,11,15,32,0,6,6,38
01/20/2023,OTH,OR,ANM,WE,Federal Contract Tower,2,7,2,0,11,0,3,8,7,18,2,10,10,7,29,0,20,20,49
01/21/2023,OTH,OR,ANM,WE,Federal Contract Tower,0,4,1,0,5,0,1,8,2,11,0,5,9,2,16,0,0,0,16
01/22/2023,OTH,OR,ANM,WE,Federal Contract Tower,2,0,4,0,6,0,3,8,3,14,2,3,12,3,20,0,0,0,20
01/23/2023,OTH,OR,ANM,WE,Federal Contract Tower,0,6,0,0,6,0,2,8,11,21,0,8,8,11,27,0,6,6,33
01/24/2023,OTH,OR,ANM,WE,Federal Contract Tower,0,4,14,0,18,0,5,10,10,25,0,9,24,10,43,6,2,8,51
01/25/2023,OTH,OR,ANM,WE,Federal Contract Tower,2,5,3,4,14,0,2,11,18,31,2,7,14,22,45,2,0,2,47
01/26/2023,OTH,OR,ANM,WE,Federal Contract Tower,0,5,8,0,13,0,4,29,4,37,0,9,37,4,50,8,0,8,58
01/27/2023,OTH,OR,ANM,WE,Federal Contract Tower,2,8,8,0,18,0,0,0,0,0,2,8,8,0,18,0,0,0,18
01/28/2023,OTH,OR,ANM,WE,Federal Contract Tower,0,8,10,0,18,0,0,0,2,2,0,8,10,2,20,0,18,18,38
01/29/2023,OTH,OR,ANM,WE,Federal Contract Tower,2,0,10,0,12,0,0,11,2,13,2,0,21,2,25,4,0,4,29
01/30/2023,OTH,OR,ANM,WE,Federal Contract Tower,0,4,0,0,4,0,0,0,0,0,0,4,0,0,4,0,4,4,8
01/31/2023,OTH,OR,ANM,WE,Federal Contract Tower,0,3,2,0,5,0,3,13,9,25,0,6,15,9,30,24,0,24,54
02/01/2023,OTH,OR,ANM,WE,Federal Contract Tower,2,4,5,0,11,0,3,14,9,26,2,7,19,9,37,4,4,8,45
02/02/2023,OTH,OR,ANM,WE,Federal Contract Tower,0,11,7,0,18,0,5,22,20,47,0,16,29,20,65,4,0,4,69
02/03/2023,OTH,OR,ANM,WE,Federal Contract Tower,2,10,2,0,14,0,0,2,0,2,2,10,4,0,16,0,42,42,58
02/04/2023,OTH,OR,ANM,WE,Federal Contract Tower,0,3,4,0,7,0,3,0,2,5,0,6,4,2,12,0,0,0,12
02/05/2023,OTH,OR,ANM,WE,Federal Contract Tower,2,5,3,0,10,0,0,1,2,3,2,5,4,2,13,0,0,0,13
02/06/2023,OTH,OR,ANM,WE,Federal Contract Tower,2,9,7,0,18,0,0,9,7,16,2,9,16,7,34,48,2,50,84
02/07/2023,OTH,OR,ANM,WE,Federal Contract Tower,0,12,3,0,15,0,0,0,2,2,0,12,3,2,17,0,0,0,17
02/08/2023,OTH,OR,ANM,WE,Federal Contract Tower,2,5,8,0,15,0,2,15,9,26,2,7,23,9,41,32,8,40,81
02/09/2023,OTH,OR,ANM,WE,Federal Contract Tower,0,10,2,0,12,0,2,13,15,30,0,12,15,15,42,2,6,8,50
02/10/2023,OTH,OR,ANM,WE,Federal Contract Tower,2,9,4,0,15,0,3,1,2,6,2,12,5,2,21,0,0,0,21
02/11/2023,OTH,OR,ANM,WE,Federal Contract Tower,0,3,5,0,8,0,2,15,4,21,0,5,20,4,29,0,0,0,29
02/12/2023,OTH,OR,ANM,WE,Federal Contract Tower,2,1,0,0,3,0,0,10,4,14,2,1,10,4,17,14,0,14,31
02/13/2023,OTH,OR,ANM,WE,Federal Contract Tower,2,5,7,0,14,0,1,5,2,8,2,6,12,2,22,0,0,0,22
02/14/2023,OTH,OR,ANM,WE,Federal Contract Tower,0,6,6,0,12,0,0,1,4,5,0,6,7,4,17,0,16,16,33
02/15/2023,OTH,OR,ANM,WE,Federal Contract Tower,2,5,10,0,17,0,4,13,15,32,2,9,23,15,49,0,0,0,49
02/16/2023,OTH,OR,ANM,WE,Federal Contract Tower,0,7,2,0,9,0,2,13,14,29,0,9,15,14,38,54,0,54,92
02/17/2023,OTH,OR,ANM,WE,Federal Contract Tower,2,9,3,0,14,0,2,15,10,27,2,11,18,10,41,12,8,20,61
02/18/2023,OTH,OR,ANM,WE,Federal Contract Tower,0,4,3,0,7,0,1,3,2,6,0,5,6,2,13,0,0,0,13
02/19/2023,OTH,OR,ANM,WE,Federal Contract Tower,2,5,3,0,10,0,0,7,4,11,2,5,10,4,21,0,0,0,21
02/20/2023,OTH,OR,ANM,WE,Federal Contract Tower,2,4,2,0,8,0,0,10,2,12,2,4,12,2,20,0,0,0,20
02/21/2023,OTH,OR,ANM,WE,Federal Contract Tower,0,6,1,0,7,0,1,0,4,5,0,7,1,4,12,0,10,10,22
02/22/2023,OTH,OR,ANM,WE,Federal Contract Tower,2,9,2,0,13,0,1,0,0,1,2,10,2,0,14,0,0,0,14
02/23/2023,OTH,OR,ANM,WE,Federal Contract Tower,0,0,0,0,0,0,0,0,0,0,0,0,0,0,0,0,0,0,0
02/24/2023,OTH,OR,ANM,WE,Federal Contract Tower,2,0,4,0,6,0,3,5,8,16,2,3,9,8,22,4,6,10,32
02/25/2023,OTH,OR,ANM,WE,Federal Contract Tower,0,6,0,0,6,0,2,23,2,27,0,8,23,2,33,26,0,26,59
02/26/2023,OTH,OR,ANM,WE,Federal Contract Tower,2,2,3,0,7,0,0,4,2,6,2,2,7,2,13,4,26,30,43
02/27/2023,OTH,OR,ANM,WE,Federal Contract Tower,2,4,5,0,11,0,0,2,0,2,2,4,7,0,13,0,0,0,13
02/28/2023,OTH,OR,ANM,WE,Federal Contract Tower,0,6,2,0,8,0,0,1,0,1,0,6,3,0,9,0,0,0,9
03/01/2023,OTH,OR,ANM,WE,Federal Contract Tower,1,9,8,2,20,1,1,17,8,27,2,10,25,10,47,8,0,8,55
03/02/2023,OTH,OR,ANM,WE,Federal Contract Tower,0,8,5,0,13,0,0,5,3,8,0,8,10,3,21,0,0,0,21
03/03/2023,OTH,OR,ANM,WE,Federal Contract Tower,2,8,5,0,15,0,0,8,4,12,2,8,13,4,27,0,34,34,61
03/04/2023,OTH,OR,ANM,WE,Federal Contract Tower,0,10,2,0,12,0,0,2,3,5,0,10,4,3,17,0,0,0,17
03/05/2023,OTH,OR,ANM,WE,Federal Contract Tower,2,4,6,0,12,0,0,6,1,7,2,4,12,1,19,0,0,0,19
03/06/2023,OTH,OR,ANM,WE,Federal Contract Tower,2,6,7,0,15,0,1,6,8,15,2,7,13,8,30,0,0,0,30
03/07/2023,OTH,OR,ANM,WE,Federal Contract Tower,0,8,4,0,12,0,0,5,4,9,0,8,9,4,21,0,0,0,21
03/08/2023,OTH,OR,ANM,WE,Federal Contract Tower,2,11,8,0,21,0,0,1,6,7,2,11,9,6,28,0,0,0,28
03/09/2023,OTH,OR,ANM,WE,Federal Contract Tower,0,10,2,1,13,0,2,1,10,13,0,12,3,11,26,0,36,36,62
03/10/2023,OTH,OR,ANM,WE,Federal Contract Tower,2,13,4,0,19,0,0,6,12,18,2,13,10,12,37,0,2,2,39
03/11/2023,OTH,OR,ANM,WE,Federal Contract Tower,0,4,3,0,7,0,3,16,2,21,0,7,19,2,28,34,0,34,62
03/12/2023,OTH,OR,ANM,WE,Federal Contract Tower,2,0,8,0,10,0,0,0,2,2,2,0,8,2,12,0,0,0,12
03/13/2023,OTH,OR,ANM,WE,Federal Contract Tower,2,7,0,0,9,0,0,0,6,6,2,7,0,6,15,0,0,0,15
03/14/2023,OTH,OR,ANM,WE,Federal Contract Tower,0,6,5,0,11,0,4,3,9,16,0,10,8,9,27,30,34,64,91
03/15/2023,OTH,OR,ANM,WE,Federal Contract Tower,2,4,5,0,11,0,2,22,9,33,2,6,27,9,44,4,6,10,54
03/16/2023,OTH,OR,ANM,WE,Federal Contract Tower,0,7,6,0,13,0,2,26,6,34,0,9,32,6,47,54,0,54,101
03/17/2023,OTH,OR,ANM,WE,Federal Contract Tower,2,11,7,0,20,0,0,13,4,17,2,11,20,4,37,0,0,0,37
03/18/2023,OTH,OR,ANM,WE,Federal Contract Tower,0,5,3,0,8,0,0,22,2,24,0,5,25,2,32,40,0,40,72
03/19/2023,OTH,OR,ANM,WE,Federal Contract Tower,2,7,8,0,17,0,0,0,2,2,2,7,8,2,19,0,4,4,23
03/20/2023,OTH,OR,ANM,WE,Federal Contract Tower,2,5,2,0,9,0,1,0,12,13,2,6,2,12,22,0,16,16,38
03/21/2023,OTH,OR,ANM,WE,Federal Contract Tower,0,3,5,0,8,0,5,18,8,31,0,8,23,8,39,6,2,8,47
03/22/2023,OTH,OR,ANM,WE,Federal Contract Tower,2,5,7,0,14,0,0,2,8,10,2,5,9,8,24,0,0,0,24
03/23/2023,OTH,OR,ANM,WE,Federal Contract Tower,0,8,3,1,12,0,2,24,5,31,0,10,27,6,43,16,0,16,59
03/24/2023,OTH,OR,ANM,WE,Federal Contract Tower,2,10,2,0,14,0,1,3,4,8,2,11,5,4,22,0,4,4,26
03/25/2023,OTH,OR,ANM,WE,Federal Contract Tower,0,9,2,0,11,0,0,2,2,4,0,9,4,2,15,0,0,0,15
03/26/2023,OTH,OR,ANM,WE,Federal Contract Tower,2,3,3,0,8,0,0,0,0,0,2,3,3,0,8,6,0,6,14
03/27/2023,OTH,OR,ANM,WE,Federal Contract Tower,2,7,3,0,12,0,0,2,3,5,2,7,5,3,17,0,0,0,17
03/28/2023,OTH,OR,ANM,WE,Federal Contract Tower,0,8,1,0,9,0,2,0,5,7,0,10,1,5,16,0,2,2,18
03/29/2023,OTH,OR,ANM,WE,Federal Contract Tower,2,5,2,0,9,0,6,19,10,35,2,11,21,10,44,108,0,108,152
03/30/2023,OTH,OR,ANM,WE,Federal Contract Tower,0,12,12,0,24,0,0,4,10,14,0,12,16,10,38,42,8,50,88
03/31/2023,OTH,OR,ANM,WE,Federal Contract Tower,2,10,4,0,16,0,0,3,6,9,2,10,7,6,25,4,24,28,53
04/01/2023,OTH,OR,ANM,WE,Federal Contract Tower,0,2,3,0,5,0,2,0,0,2,0,4,3,0,7,0,4,4,11
04/02/2023,OTH,OR,ANM,WE,Federal Contract Tower,2,4,2,0,8,0,1,0,4,5,2,5,2,4,13,4,18,22,35
04/03/2023,OTH,OR,ANM,WE,Federal Contract Tower,2,5,4,2,13,0,0,8,7,15,2,5,12,9,28,12,22,34,62
04/04/2023,OTH,OR,ANM,WE,Federal Contract Tower,0,12,5,1,18,0,1,4,13,18,0,13,9,14,36,8,6,14,50
04/05/2023,OTH,OR,ANM,WE,Federal Contract Tower,2,7,5,1,15,0,2,5,9,16,2,9,10,10,31,4,0,4,35
04/06/2023,OTH,OR,ANM,WE,Federal Contract Tower,0,7,0,1,8,0,2,5,12,19,0,9,5,13,27,4,6,10,37
04/07/2023,OTH,OR,ANM,WE,Federal Contract Tower,2,7,0,1,10,0,0,7,3,10,2,7,7,4,20,10,0,10,30
04/08/2023,OTH,OR,ANM,WE,Federal Contract Tower,0,4,4,0,8,0,2,16,4,22,0,6,20,4,30,22,6,28,58
04/09/2023,OTH,OR,ANM,WE,Federal Contract Tower,4,4,9,0,17,0,1,2,2,5,4,5,11,2,22,0,4,4,26
04/10/2023,OTH,OR,ANM,WE,Federal Contract Tower,2,6,12,0,20,0,0,0,0,0,2,6,12,0,20,0,0,0,20
04/11/2023,OTH,OR,ANM,WE,Federal Contract Tower,0,8,3,0,11,0,2,9,19,30,0,10,12,19,41,20,38,58,99
04/12/2023,OTH,OR,ANM,WE,Federal Contract Tower,2,4,6,0,12,0,3,7,20,30,2,7,13,20,42,2,42,44,86
04/13/2023,OTH,OR,ANM,WE,Federal Contract Tower,0,6,4,0,10,0,6,10,17,33,0,12,14,17,43,30,28,58,101
04/14/2023,OTH,OR,ANM,WE,Federal Contract Tower,2,6,3,0,11,0,6,16,6,28,2,12,19,6,39,44,10,54,93
04/15/2023,OTH,OR,ANM,WE,Federal Contract Tower,0,7,6,0,13,0,1,12,3,16,0,8,18,3,29,64,0,64,93
04/16/2023,OTH,OR,ANM,WE,Federal Contract Tower,2,4,5,0,11,0,0,0,0,0,2,4,5,0,11,0,0,0,11
04/17/2023,OTH,OR,ANM,WE,Federal Contract Tower,2,7,8,0,17,0,0,0,7,7,2,7,8,7,24,0,22,22,46
04/18/2023,OTH,OR,ANM,WE,Federal Contract Tower,2,11,1,0,14,0,1,1,9,11,2,12,2,9,25,0,2,2,27
04/19/2023,OTH,OR,ANM,WE,Federal Contract Tower,2,11,2,15,30,0,0,10,9,19,2,11,12,24,49,10,30,40,89
04/20/2023,OTH,OR,ANM,WE,Federal Contract Tower,2,10,7,0,19,0,0,0,5,5,2,10,7,5,24,0,6,6,30
04/21/2023,OTH,OR,ANM,WE,Federal Contract Tower,2,8,2,0,12,0,0,0,0,0,2,8,2,0,12,0,0,0,12
04/22/2023,OTH,OR,ANM,WE,Federal Contract Tower,2,3,1,0,6,0,1,7,2,10,2,4,8,2,16,0,0,0,16
04/23/2023,OTH,OR,ANM,WE,Federal Contract Tower,1,1,4,0,6,0,0,2,2,4,1,1,6,2,10,6,0,6,16
04/24/2023,OTH,OR,ANM,WE,Federal Contract Tower,2,7,1,0,10,0,2,5,3,10,2,9,6,3,20,8,0,8,28
04/25/2023,OTH,OR,ANM,WE,Federal Contract Tower,2,5,4,2,13,0,6,14,3,23,2,11,18,5,36,6,0,6,42
04/26/2023,OTH,OR,ANM,WE,Federal Contract Tower,2,4,0,0,6,0,6,23,2,31,2,10,23,2,37,36,0,36,73
04/27/2023,OTH,OR,ANM,WE,Federal Contract Tower,2,8,5,0,15,0,4,18,6,28,2,12,23,6,43,42,0,42,85
04/28/2023,OTH,OR,ANM,WE,Federal Contract Tower,2,5,8,0,15,0,1,11,6,18,2,6,19,6,33,0,18,18,51
04/29/2023,OTH,OR,ANM,WE,Federal Contract Tower,2,11,5,0,18,0,0,0,0,0,2,11,5,0,18,0,0,0,18
04/30/2023,OTH,OR,ANM,WE,Federal Contract Tower,2,10,18,0,30,0,0,15,0,15,2,10,33,0,45,6,0,6,51
05/01/2023,OTH,OR,ANM,WE,Federal Contract Tower,2,9,3,0,14,0,2,2,2,6,2,11,5,2,20,0,0,0,20
05/02/2023,OTH,OR,ANM,WE,Federal Contract Tower,2,8,5,0,15,0,1,4,3,8,2,9,9,3,23,18,0,18,41
05/03/2023,OTH,OR,ANM,WE,Federal Contract Tower,2,13,13,0,28,0,3,13,2,18,2,16,26,2,46,12,2,14,60
05/04/2023,OTH,OR,ANM,WE,Federal Contract Tower,2,7,5,0,14,0,2,12,3,17,2,9,17,3,31,64,0,64,95
05/05/2023,OTH,OR,ANM,WE,Federal Contract Tower,2,10,8,3,23,0,3,0,3,6,2,13,8,6,29,0,0,0,29
05/06/2023,OTH,OR,ANM,WE,Federal Contract Tower,2,5,6,0,13,0,2,2,2,6,2,7,8,2,19,2,0,2,21
05/07/2023,OTH,OR,ANM,WE,Federal Contract Tower,8,5,11,0,24,0,1,12,2,15,8,6,23,2,39,0,0,0,39
05/08/2023,OTH,OR,ANM,WE,Federal Contract Tower,4,8,8,0,20,0,1,5,7,13,4,9,13,7,33,12,2,14,47
05/09/2023,OTH,OR,ANM,WE,Federal Contract Tower,2,8,2,0,12,0,3,8,5,16,2,11,10,5,28,6,0,6,34
05/11/2023,OTH,OR,ANM,WE,Federal Contract Tower,2,16,12,0,30,0,4,17,9,30,2,20,29,9,60,0,0,0,60
05/12/2023,OTH,OR,ANM,WE,Federal Contract Tower,2,7,9,2,20,0,5,24,7,36,2,12,33,9,56,34,16,50,106
05/13/2023,OTH,OR,ANM,WE,Federal Contract Tower,2,2,3,0,7,0,2,28,4,34,2,4,31,4,41,90,0,90,131
05/14/2023,OTH,OR,ANM,WE,Federal Contract Tower,4,5,5,0,14,0,1,11,3,15,4,6,16,3,29,4,0,4,33
05/15/2023,OTH,OR,ANM,WE,Federal Contract Tower,2,10,11,2,25,0,0,2,8,10,2,10,13,10,35,0,0,0,35
05/16/2023,OTH,OR,ANM,WE,Federal Contract Tower,3,12,5,3,23,0,1,6,3,10,3,13,11,6,33,18,2,20,53
05/17/2023,OTH,OR,ANM,WE,Federal Contract Tower,4,10,18,3,35,0,0,1,1,2,4,10,19,4,37,0,0,0,37
05/18/2023,OTH,OR,ANM,WE,Federal Contract Tower,3,16,6,16,41,0,0,0,4,4,3,16,6,20,45,0,8,8,53
05/19/2023,OTH,OR,ANM,WE,Federal Contract Tower,2,9,2,1,14,0,0,7,5,12,2,9,9,6,26,16,10,26,52
05/20/2023,OTH,OR,ANM,WE,Federal Contract Tower,2,6,13,0,21,0,0,0,0,0,2,6,13,0,21,0,0,0,21
05/21/2023,OTH,OR,ANM,WE,Federal Contract Tower,4,4,6,0,14,0,0,1,1,2,4,4,7,1,16,0,0,0,16
05/22/2023,OTH,OR,ANM,WE,Federal Contract Tower,2,11,4,0,17,0,3,10,11,24,2,14,14,11,41,2,2,4,45
05/23/2023,OTH,OR,ANM,WE,Federal Contract Tower,2,1,3,2,8,0,5,10,0,15,2,6,13,2,23,34,0,34,57
05/24/2023,OTH,OR,ANM,WE,Federal Contract Tower,4,5,7,0,16,0,8,25,5,38,4,13,32,5,54,78,0,78,132
05/25/2023,OTH,OR,ANM,WE,Federal Contract Tower,2,13,0,6,21,0,4,3,0,7,2,17,3,6,28,6,0,6,34
05/26/2023,OTH,OR,ANM,WE,Federal Contract Tower,2,9,4,0,15,0,1,0,1,2,2,10,4,1,17,0,0,0,17
05/27/2023,OTH,OR,ANM,WE,Federal Contract Tower,2,1,5,0,8,0,0,7,0,7,2,1,12,0,15,16,0,16,31
05/28/2023,OTH,OR,ANM,WE,Federal Contract Tower,4,6,1,0,11,0,1,15,0,16,4,7,16,0,27,2,0,2,29
05/29/2023,OTH,OR,ANM,WE,Federal Contract Tower,2,5,3,1,11,0,0,9,2,11,2,5,12,3,22,6,0,6,28
05/30/2023,OTH,OR,ANM,WE,Federal Contract Tower,2,7,2,0,11,0,8,4,6,18,2,15,6,6,29,20,2,22,51
05/31/2023,OTH,OR,ANM,WE,Federal Contract Tower,4,8,4,0,16,0,7,5,14,26,4,15,9,14,42,0,0,0,42
06/01/2023,OTH,OR,ANM,WE,Federal Contract Tower,2,8,4,0,14,0,7,17,9,33,2,15,21,9,47,6,0,6,53
06/02/2023,OTH,OR,ANM,WE,Federal Contract Tower,2,9,1,0,12,0,3,16,6,25,2,12,17,6,37,4,0,4,41
06/03/2023,OTH,OR,ANM,WE,Federal Contract Tower,2,10,3,0,15,0,1,10,1,12,2,11,13,1,27,0,0,0,27
06/04/2023,OTH,OR,ANM,WE,Federal Contract Tower,4,5,3,0,12,0,0,7,3,10,4,5,10,3,22,6,0,6,28
06/05/2023,OTH,OR,ANM,WE,Federal Contract Tower,2,3,8,3,16,0,3,9,6,18,2,6,17,9,34,2,2,4,38
06/06/2023,OTH,OR,ANM,WE,Federal Contract Tower,2,9,3,1,15,0,5,11,9,25,2,14,14,10,40,12,0,12,52
06/07/2023,OTH,OR,ANM,WE,Federal Contract Tower,4,11,9,0,24,0,0,2,8,10,4,11,11,8,34,0,0,0,34
06/08/2023,OTH,OR,ANM,WE,Federal Contract Tower,2,12,13,8,35,0,0,10,7,17,2,12,23,15,52,12,24,36,88
06/09/2023,OTH,OR,ANM,WE,Federal Contract Tower,2,11,9,0,22,0,0,9,6,15,2,11,18,6,37,8,0,8,45
06/10/2023,OTH,OR,ANM,WE,Federal Contract Tower,2,2,0,1,5,0,1,9,1,11,2,3,9,2,16,80,0,80,96
06/11/2023,OTH,OR,ANM,WE,Federal Contract Tower,4,0,13,0,17,0,0,2,3,5,4,0,15,3,22,0,0,0,22
06/12/2023,OTH,OR,ANM,WE,Federal Contract Tower,2,9,15,1,27,0,0,0,0,0,2,9,15,1,27,0,0,0,27
06/13/2023,OTH,OR,ANM,WE,Federal Contract Tower,2,7,8,2,19,0,0,0,0,0,2,7,8,2,19,0,0,0,19
06/14/2023,OTH,OR,ANM,WE,Federal Contract Tower,4,9,8,0,21,0,2,11,11,24,4,11,19,11,45,14,0,14,59
06/15/2023,OTH,OR,ANM,WE,Federal Contract Tower,2,8,7,0,17,0,3,12,4,19,2,11,19,4,36,26,2,28,64
06/16/2023,OTH,OR,ANM,WE,Federal Contract Tower,2,12,9,0,23,0,1,5,2,8,2,13,14,2,31,16,0,16,47
06/17/2023,OTH,OR,ANM,WE,Federal Contract Tower,2,5,6,3,16,0,4,3,3,10,2,9,9,6,26,0,0,0,26
06/18/2023,OTH,OR,ANM,WE,Federal Contract Tower,4,3,7,0,14,0,0,7,2,9,4,3,14,2,23,18,0,18,41
06/19/2023,OTH,OR,ANM,WE,Federal Contract Tower,2,7,11,0,20,0,3,5,3,11,2,10,16,3,31,4,6,10,41
06/20/2023,OTH,OR,ANM,WE,Federal Contract Tower,2,4,2,0,8,0,4,8,7,19,2,8,10,7,27,12,6,18,45
06/21/2023,OTH,OR,ANM,WE,Federal Contract Tower,4,5,6,0,15,0,2,15,5,22,4,7,21,5,37,0,4,4,41
06/22/2023,OTH,OR,ANM,WE,Federal Contract Tower,2,8,4,1,15,0,2,9,6,17,2,10,13,7,32,10,8,18,50
06/23/2023,OTH,OR,ANM,WE,Federal Contract Tower,2,11,7,1,21,0,0,5,10,15,2,11,12,11,36,20,30,50,86
06/24/2023,OTH,OR,ANM,WE,Federal Contract Tower,2,6,3,0,11,0,2,10,2,14,2,8,13,2,25,12,0,12,37
06/25/2023,OTH,OR,ANM,WE,Federal Contract Tower,4,11,11,0,26,0,0,0,0,0,4,11,11,0,26,0,0,0,26
06/26/2023,OTH,OR,ANM,WE,Federal Contract Tower,2,14,4,22,42,0,0,0,0,0,2,14,4,22,42,0,0,0,42
06/27/2023,OTH,OR,ANM,WE,Federal Contract Tower,2,5,11,4,22,0,1,7,0,8,2,6,18,4,30,0,0,0,30
06/28/2023,OTH,OR,ANM,WE,Federal Contract Tower,4,17,8,2,31,0,2,10,3,15,4,19,18,5,46,0,0,0,46
06/29/2023,OTH,OR,ANM,WE,Federal Contract Tower,4,8,7,0,19,0,2,12,6,20,4,10,19,6,39,42,0,42,81
06/30/2023,OTH,OR,ANM,WE,Federal Contract Tower,4,12,13,1,30,0,0,0,3,3,4,12,13,4,33,0,0,0,33
07/01/2023,OTH,OR,ANM,WE,Federal Contract Tower,2,10,3,0,15,0,2,12,1,15,2,12,15,1,30,24,0,24,54
07/02/2023,OTH,OR,ANM,WE,Federal Contract Tower,4,3,1,0,8,0,0,13,4,17,4,3,14,4,25,10,4,14,39
07/03/2023,OTH,OR,ANM,WE,Federal Contract Tower,2,3,0,0,5,0,2,8,2,12,2,5,8,2,17,12,0,12,29
07/04/2023,OTH,OR,ANM,WE,Federal Contract Tower,2,0,4,0,6,0,1,25,3,29,2,1,29,3,35,46,0,46,81
07/05/2023,OTH,OR,ANM,WE,Federal Contract Tower,4,11,18,0,33,0,0,0,0,0,4,11,18,0,33,0,0,0,33
07/06/2023,OTH,OR,ANM,WE,Federal Contract Tower,2,13,5,0,20,0,0,0,7,7,2,13,5,7,27,0,26,26,53
07/07/2023,OTH,OR,ANM,WE,Federal Contract Tower,2,8,10,0,20,0,1,14,11,26,2,9,24,11,46,46,16,62,108
07/08/2023,OTH,OR,ANM,WE,Federal Contract Tower,2,9,3,0,14,0,1,24,2,27,2,10,27,2,41,68,0,68,109
07/09/2023,OTH,OR,ANM,WE,Federal Contract Tower,4,3,15,0,22,0,1,8,3,12,4,4,23,3,34,62,2,64,98
07/10/2023,OTH,OR,ANM,WE,Federal Contract Tower,2,5,7,0,14,0,4,25,9,38,2,9,32,9,52,72,2,74,126
07/11/2023,OTH,OR,ANM,WE,Federal Contract Tower,2,4,8,0,14,0,3,21,5,29,2,7,29,5,43,58,0,58,101
07/12/2023,OTH,OR,ANM,WE,Federal Contract Tower,4,12,7,0,23,0,3,31,9,43,4,15,38,9,66,38,0,38,104
07/13/2023,OTH,OR,ANM,WE,Federal Contract Tower,2,5,1,0,8,0,3,16,13,32,2,8,17,13,40,22,8,30,70
07/14/2023,OTH,OR,ANM,WE,Federal Contract Tower,2,5,3,0,10,0,3,17,8,28,2,8,20,8,38,38,10,48,86
07/15/2023,OTH,OR,ANM,WE,Federal Contract Tower,2,9,4,0,15,0,2,8,2,12,2,11,12,2,27,8,0,8,35
07/16/2023,OTH,OR,ANM,WE,Federal Contract Tower,4,13,5,1,23,0,0,5,2,7,4,13,10,3,30,0,0,0,30
07/17/2023,OTH,OR,ANM,WE,Federal Contract Tower,2,12,7,0,21,0,2,6,7,15,2,14,13,7,36,8,4,12,48
07/18/2023,OTH,OR,ANM,WE,Federal Contract Tower,2,6,3,0,11,0,3,15,7,25,2,9,18,7,36,12,2,14,50
07/19/2023,OTH,OR,ANM,WE,Federal Contract Tower,4,13,9,0,26,0,0,1,8,9,4,13,10,8,35,0,0,0,35
07/20/2023,OTH,OR,ANM,WE,Federal Contract Tower,2,10,9,0,21,0,5,4,6,15,2,15,13,6,36,0,0,0,36
07/21/2023,OTH,OR,ANM,WE,Federal Contract Tower,2,11,6,1,20,0,2,7,3,12,2,13,13,4,32,22,0,22,54
07/22/2023,OTH,OR,ANM,WE,Federal Contract Tower,2,7,4,0,13,0,2,24,0,26,2,9,28,0,39,26,0,26,65
07/23/2023,OTH,OR,ANM,WE,Federal Contract Tower,4,3,8,0,15,0,0,19,3,22,4,3,27,3,37,24,0,24,61
07/24/2023,OTH,OR,ANM,WE,Federal Contract Tower,2,6,5,0,13,0,1,15,11,27,2,7,20,11,40,28,10,38,78
07/25/2023,OTH,OR,ANM,WE,Federal Contract Tower,2,8,3,0,13,0,4,20,4,28,2,12,23,4,41,68,2,70,111
07/26/2023,OTH,OR,ANM,WE,Federal Contract Tower,4,10,5,0,19,0,6,24,8,38,4,16,29,8,57,78,0,78,135
07/27/2023,OTH,OR,ANM,WE,Federal Contract Tower,2,9,6,0,17,0,3,14,9,26,2,12,20,9,43,76,18,94,137
07/28/2023,OTH,OR,ANM,WE,Federal Contract Tower,2,8,4,0,14,0,6,14,8,28,2,14,18,8,42,14,4,18,60
07/29/2023,OTH,OR,ANM,WE,Federal Contract Tower,2,6,6,0,14,0,5,21,2,28,2,11,27,2,42,30,0,30,72
07/30/2023,OTH,OR,ANM,WE,Federal Contract Tower,4,14,3,0,21,0,2,15,3,20,4,16,18,3,41,36,0,36,77
07/31/2023,OTH,OR,ANM,WE,Federal Contract Tower,2,5,7,0,14,0,2,15,11,28,2,7,22,11,42,50,10,60,102
08/01/2023,OTH,OR,ANM,WE,Federal Contract Tower,2,5,1,1,9,0,3,24,5,32,2,8,25,6,41,24,4,28,69
08/02/2023,OTH,OR,ANM,WE,Federal Contract Tower,6,9,4,2,21,0,2,15,8,25,6,11,19,10,46,18,10,28,74
08/03/2023,OTH,OR,ANM,WE,Federal Contract Tower,2,11,10,3,26,0,4,9,9,22,2,15,19,12,48,16,2,18,66
08/04/2023,OTH,OR,ANM,WE,Federal Contract Tower,2,9,1,0,12,0,4,17,3,24,2,13,18,3,36,82,2,84,120
08/05/2023,OTH,OR,ANM,WE,Federal Contract Tower,2,8,13,0,23,0,1,3,0,4,2,9,16,0,27,0,0,0,27
08/06/2023,OTH,OR,ANM,WE,Federal Contract Tower,4,8,14,1,27,0,0,6,2,8,4,8,20,3,35,20,0,20,55
08/07/2023,OTH,OR,ANM,WE,Federal Contract Tower,2,10,7,0,19,0,3,7,10,20,2,13,14,10,39,0,14,14,53
08/08/2023,OTH,OR,ANM,WE,Federal Contract Tower,2,5,8,0,15,0,3,9,7,19,2,8,17,7,34,4,0,4,38
08/09/2023,OTH,OR,ANM,WE,Federal Contract Tower,4,7,6,0,17,0,3,13,8,24,4,10,19,8,41,52,0,52,93
08/10/2023,OTH,OR,ANM,WE,Federal Contract Tower,2,15,10,0,27,0,1,13,7,21,2,16,23,7,48,2,24,26,74
08/11/2023,OTH,OR,ANM,WE,Federal Contract Tower,2,9,4,0,15,0,2,31,10,43,2,11,35,10,58,38,10,48,106
08/12/2023,OTH,OR,ANM,WE,Federal Contract Tower,2,10,8,0,20,0,4,36,11,51,2,14,44,11,71,26,0,26,97
08/13/2023,OTH,OR,ANM,WE,Federal Contract Tower,4,6,2,0,12,0,1,12,1,14,4,7,14,1,26,6,0,6,32
08/14/2023,OTH,OR,ANM,WE,Federal Contract Tower,2,11,3,0,16,0,1,18,7,26,2,12,21,7,42,48,2,50,92
08/15/2023,OTH,OR,ANM,WE,Federal Contract Tower,2,9,3,0,14,0,8,21,10,39,2,17,24,10,53,46,10,56,109
08/16/2023,OTH,OR,ANM,WE,Federal Contract Tower,4,16,9,1,30,0,4,3,15,22,4,20,12,16,52,12,10,22,74
08/17/2023,OTH,OR,ANM,WE,Federal Contract Tower,2,18,2,0,22,0,0,5,4,9,2,18,7,4,31,0,0,0,31
08/18/2023,OTH,OR,ANM,WE,Federal Contract Tower,2,5,8,0,15,0,3,13,5,21,2,8,21,5,36,54,0,54,90
08/19/2023,OTH,OR,ANM,WE,Federal Contract Tower,2,2,4,0,8,0,3,15,3,21,2,5,19,3,29,22,0,22,51
08/20/2023,OTH,OR,ANM,WE,Federal Contract Tower,4,13,3,0,20,0,0,3,3,6,4,13,6,3,26,0,2,2,28
08/21/2023,OTH,OR,ANM,WE,Federal Contract Tower,2,11,10,0,23,0,1,10,4,15,2,12,20,4,38,8,0,8,46
08/22/2023,OTH,OR,ANM,WE,Federal Contract Tower,2,14,4,1,21,0,4,20,6,30,2,18,24,7,51,10,0,10,61
08/23/2023,OTH,OR,ANM,WE,Federal Contract Tower,4,10,10,0,24,0,4,22,4,30,4,14,32,4,54,34,0,34,88
08/24/2023,OTH,OR,ANM,WE,Federal Contract Tower,2,12,4,0,18,0,4,23,11,38,2,16,27,11,56,30,0,30,86
08/25/2023,OTH,OR,ANM,WE,Federal Contract Tower,2,14,11,19,46,0,2,4,4,10,2,16,15,23,56,0,2,2,58
08/26/2023,OTH,OR,ANM,WE,Federal Contract Tower,2,7,9,0,18,0,0,17,2,19,2,7,26,2,37,20,12,32,69
08/27/2023,OTH,OR,ANM,WE,Federal Contract Tower,4,1,16,0,21,0,0,12,3,15,4,1,28,3,36,36,24,60,96
08/28/2023,OTH,OR,ANM,WE,Federal Contract Tower,2,13,5,0,20,0,1,15,8,24,2,14,20,8,44,16,0,16,60
08/29/2023,OTH,OR,ANM,WE,Federal Contract Tower,2,13,0,0,15,0,3,19,7,29,2,16,19,7,44,34,6,40,84
08/30/2023,OTH,OR,ANM,WE,Federal Contract Tower,4,6,8,0,18,0,1,16,7,24,4,7,24,7,42,42,20,62,104
08/31/2023,OTH,OR,ANM,WE,Federal Contract Tower,2,11,14,4,31,0,0,0,0,0,2,11,14,4,31,0,0,0,31
