01/01/2020,OWB,KY,ASO,CE,Federal Contract Tower,0,4,1,0,5,0,3,38,1,42,0,7,39,1,47,22,0,22,69
01/02/2020,OWB,KY,ASO,CE,Federal Contract Tower,0,9,4,0,13,0,0,0,0,0,0,9,4,0,13,0,0,0,13
01/03/2020,OWB,KY,ASO,CE,Federal Contract Tower,2,9,2,0,13,0,0,0,0,0,2,9,2,0,13,0,0,0,13
01/04/2020,OWB,KY,ASO,CE,Federal Contract Tower,0,9,0,0,9,0,0,0,0,0,0,9,0,0,9,0,0,0,9
01/05/2020,OWB,KY,ASO,CE,Federal Contract Tower,0,5,6,0,11,0,0,22,0,22,0,5,28,0,33,8,0,8,41
01/06/2020,OWB,KY,ASO,CE,Federal Contract Tower,2,6,5,10,23,0,1,28,0,29,2,7,33,10,52,68,0,68,120
01/07/2020,OWB,KY,ASO,CE,Federal Contract Tower,0,4,9,5,18,0,2,30,1,33,0,6,39,6,51,22,10,32,83
01/08/2020,OWB,KY,ASO,CE,Federal Contract Tower,0,6,17,12,35,0,5,40,6,51,0,11,57,18,86,20,0,20,106
01/09/2020,OWB,KY,ASO,CE,Federal Contract Tower,0,3,7,8,18,0,3,1,0,4,0,6,8,8,22,0,0,0,22
01/10/2020,OWB,KY,ASO,CE,Federal Contract Tower,2,6,3,2,13,0,0,1,0,1,2,6,4,2,14,8,0,8,22
01/11/2020,OWB,KY,ASO,CE,Federal Contract Tower,0,2,3,0,5,0,0,0,0,0,0,2,3,0,5,0,0,0,5
01/12/2020,OWB,KY,ASO,CE,Federal Contract Tower,0,5,7,1,13,0,1,2,1,4,0,6,9,2,17,0,0,0,17
01/13/2020,OWB,KY,ASO,CE,Federal Contract Tower,2,8,9,16,35,0,0,13,2,15,2,8,22,18,50,12,0,12,62
01/14/2020,OWB,KY,ASO,CE,Federal Contract Tower,0,6,11,7,24,0,0,24,1,25,0,6,35,8,49,26,0,26,75
01/15/2020,OWB,KY,ASO,CE,Federal Contract Tower,0,6,6,4,16,0,0,4,2,6,0,6,10,6,22,10,0,10,32
01/16/2020,OWB,KY,ASO,CE,Federal Contract Tower,0,8,8,6,22,0,0,15,1,16,0,8,23,7,38,28,0,28,66
01/17/2020,OWB,KY,ASO,CE,Federal Contract Tower,2,2,4,0,8,0,0,20,0,20,2,2,24,0,28,20,0,20,48
01/18/2020,OWB,KY,ASO,CE,Federal Contract Tower,0,6,0,0,6,0,0,0,0,0,0,6,0,0,6,0,0,0,6
01/19/2020,OWB,KY,ASO,CE,Federal Contract Tower,0,8,3,0,11,0,0,7,0,7,0,8,10,0,18,6,0,6,24
01/20/2020,OWB,KY,ASO,CE,Federal Contract Tower,2,12,5,0,19,0,0,0,0,0,2,12,5,0,19,4,0,4,23
01/21/2020,OWB,KY,ASO,CE,Federal Contract Tower,0,8,4,13,25,0,5,22,6,33,0,13,26,19,58,22,4,26,84
01/22/2020,OWB,KY,ASO,CE,Federal Contract Tower,0,5,11,4,20,0,0,45,4,49,0,5,56,8,69,2,0,2,71
01/23/2020,OWB,KY,ASO,CE,Federal Contract Tower,0,7,7,0,14,0,9,4,0,13,0,16,11,0,27,0,0,0,27
01/24/2020,OWB,KY,ASO,CE,Federal Contract Tower,2,7,9,0,18,0,0,0,0,0,2,7,9,0,18,0,0,0,18
01/25/2020,OWB,KY,ASO,CE,Federal Contract Tower,0,5,2,0,7,0,1,1,0,2,0,6,3,0,9,0,0,0,9
01/26/2020,OWB,KY,ASO,CE,Federal Contract Tower,0,3,6,0,9,0,2,18,0,20,0,5,24,0,29,12,0,12,41
01/27/2020,OWB,KY,ASO,CE,Federal Contract Tower,2,7,11,6,26,0,0,0,0,0,2,7,11,6,26,0,0,0,26
01/28/2020,OWB,KY,ASO,CE,Federal Contract Tower,0,6,1,0,7,0,0,0,0,0,0,6,1,0,7,0,0,0,7
01/29/2020,OWB,KY,ASO,CE,Federal Contract Tower,0,10,7,5,22,0,0,0,0,0,0,10,7,5,22,0,0,0,22
01/30/2020,OWB,KY,ASO,CE,Federal Contract Tower,0,5,6,4,15,0,2,2,0,4,0,7,8,4,19,0,0,0,19
01/31/2020,OWB,KY,ASO,CE,Federal Contract Tower,2,7,3,4,16,0,0,0,0,0,2,7,3,4,16,0,0,0,16
02/01/2020,OWB,KY,ASO,CE,Federal Contract Tower,0,4,10,0,14,0,2,3,0,5,0,6,13,0,19,6,0,6,25
02/02/2020,OWB,KY,ASO,CE,Federal Contract Tower,0,2,5,0,7,0,4,29,0,33,0,6,34,0,40,18,0,18,58
02/03/2020,OWB,KY,ASO,CE,Federal Contract Tower,2,6,9,6,23,0,1,25,2,28,2,7,34,8,51,6,0,6,57
02/04/2020,OWB,KY,ASO,CE,Federal Contract Tower,0,6,6,0,12,0,0,0,0,0,0,6,6,0,12,0,0,0,12
02/05/2020,OWB,KY,ASO,CE,Federal Contract Tower,0,6,6,0,12,0,0,0,0,0,0,6,6,0,12,0,0,0,12
02/06/2020,OWB,KY,ASO,CE,Federal Contract Tower,0,6,5,0,11,0,0,0,0,0,0,6,5,0,11,0,0,0,11
02/07/2020,OWB,KY,ASO,CE,Federal Contract Tower,2,5,8,2,17,0,1,4,0,5,2,6,12,2,22,0,0,0,22
02/08/2020,OWB,KY,ASO,CE,Federal Contract Tower,0,5,2,0,7,0,0,12,2,14,0,5,14,2,21,16,0,16,37
02/09/2020,OWB,KY,ASO,CE,Federal Contract Tower,0,4,6,3,13,0,2,2,1,5,0,6,8,4,18,0,6,6,24
02/10/2020,OWB,KY,ASO,CE,Federal Contract Tower,2,6,2,3,13,0,0,0,0,0,2,6,2,3,13,0,0,0,13
02/11/2020,OWB,KY,ASO,CE,Federal Contract Tower,0,10,10,10,30,0,0,14,9,23,0,10,24,19,53,0,20,20,73
02/12/2020,OWB,KY,ASO,CE,Federal Contract Tower,0,8,8,1,17,0,0,5,0,5,0,8,13,1,22,40,0,40,62
02/13/2020,OWB,KY,ASO,CE,Federal Contract Tower,0,7,8,6,21,0,0,4,2,6,0,7,12,8,27,16,6,22,49
02/14/2020,OWB,KY,ASO,CE,Federal Contract Tower,2,6,14,0,22,0,5,24,0,29,2,11,38,0,51,26,0,26,77
02/15/2020,OWB,KY,ASO,CE,Federal Contract Tower,0,6,3,0,9,0,7,22,0,29,0,13,25,0,38,26,0,26,64
02/16/2020,OWB,KY,ASO,CE,Federal Contract Tower,0,3,1,0,4,0,2,44,0,46,0,5,45,0,50,54,0,54,104
02/17/2020,OWB,KY,ASO,CE,Federal Contract Tower,2,6,6,0,14,0,0,25,0,25,2,6,31,0,39,14,0,14,53
02/18/2020,OWB,KY,ASO,CE,Federal Contract Tower,0,6,2,0,8,0,0,0,0,0,0,6,2,0,8,0,0,0,8
02/19/2020,OWB,KY,ASO,CE,Federal Contract Tower,0,7,5,14,26,0,0,18,12,30,0,7,23,26,56,28,4,32,88
02/20/2020,OWB,KY,ASO,CE,Federal Contract Tower,0,6,4,5,15,0,0,19,5,24,0,6,23,10,39,14,8,22,61
02/21/2020,OWB,KY,ASO,CE,Federal Contract Tower,2,2,13,2,19,0,4,59,13,76,2,6,72,15,95,46,8,54,149
02/22/2020,OWB,KY,ASO,CE,Federal Contract Tower,0,0,4,0,4,0,4,63,0,67,0,4,67,0,71,38,0,38,109
02/23/2020,OWB,KY,ASO,CE,Federal Contract Tower,0,5,14,0,19,0,1,24,0,25,0,6,38,0,44,16,0,16,60
02/24/2020,OWB,KY,ASO,CE,Federal Contract Tower,2,7,2,0,11,0,0,0,0,0,2,7,2,0,11,0,0,0,11
02/25/2020,OWB,KY,ASO,CE,Federal Contract Tower,0,7,7,4,18,0,0,0,0,0,0,7,7,4,18,0,0,0,18
02/26/2020,OWB,KY,ASO,CE,Federal Contract Tower,0,4,1,0,5,0,1,0,0,1,0,5,1,0,6,0,0,0,6
02/27/2020,OWB,KY,ASO,CE,Federal Contract Tower,0,6,10,5,21,0,0,27,1,28,0,6,37,6,49,4,0,4,53
02/28/2020,OWB,KY,ASO,CE,Federal Contract Tower,2,5,4,3,14,0,1,19,0,20,2,6,23,3,34,38,10,48,82
02/29/2020,OWB,KY,ASO,CE,Federal Contract Tower,0,3,3,0,6,0,3,24,2,29,0,6,27,2,35,6,0,6,41
03/01/2020,OWB,KY,ASO,CE,Federal Contract Tower,0,4,7,0,11,0,2,32,0,34,0,6,39,0,45,4,0,4,49
03/02/2020,OWB,KY,ASO,CE,Federal Contract Tower,2,6,15,9,32,0,1,1,0,2,2,7,16,9,34,0,0,0,34
03/03/2020,OWB,KY,ASO,CE,Federal Contract Tower,0,5,10,7,22,0,0,18,1,19,0,5,28,8,41,58,0,58,99
03/04/2020,OWB,KY,ASO,CE,Federal Contract Tower,0,12,18,4,34,0,3,27,0,30,0,15,45,4,64,4,0,4,68
03/05/2020,OWB,KY,ASO,CE,Federal Contract Tower,0,2,9,4,15,0,4,18,6,28,0,6,27,10,43,24,14,38,81
03/06/2020,OWB,KY,ASO,CE,Federal Contract Tower,2,5,8,7,22,0,2,4,0,6,2,7,12,7,28,0,14,14,42
03/07/2020,OWB,KY,ASO,CE,Federal Contract Tower,0,2,3,2,7,0,9,42,2,53,0,11,45,4,60,18,14,32,92
03/08/2020,OWB,KY,ASO,CE,Federal Contract Tower,0,0,8,1,9,0,7,12,4,23,0,7,20,5,32,6,4,10,42
03/10/2020,OWB,KY,ASO,CE,Federal Contract Tower,0,5,8,10,23,0,0,5,0,5,0,5,13,10,28,0,0,0,28
03/11/2020,OWB,KY,ASO,CE,Federal Contract Tower,0,8,7,7,22,0,0,6,1,7,0,8,13,8,29,0,0,0,29
03/12/2020,OWB,KY,ASO,CE,Federal Contract Tower,0,6,9,0,15,0,0,4,0,4,0,6,13,0,19,0,0,0,19
03/13/2020,OWB,KY,ASO,CE,Federal Contract Tower,2,3,4,0,9,0,3,21,0,24,2,6,25,0,33,10,0,10,43
03/14/2020,OWB,KY,ASO,CE,Federal Contract Tower,0,6,0,0,6,0,0,0,0,0,0,6,0,0,6,0,0,0,6
03/15/2020,OWB,KY,ASO,CE,Federal Contract Tower,0,8,0,4,12,0,1,2,0,3,0,9,2,4,15,0,0,0,15
03/16/2020,OWB,KY,ASO,CE,Federal Contract Tower,2,9,3,2,16,0,1,1,0,2,2,10,4,2,18,2,0,2,20
03/17/2020,OWB,KY,ASO,CE,Federal Contract Tower,0,8,4,7,19,0,0,13,0,13,0,8,17,7,32,12,0,12,44
03/18/2020,OWB,KY,ASO,CE,Federal Contract Tower,0,8,2,0,10,0,0,0,0,0,0,8,2,0,10,0,0,0,10
03/19/2020,OWB,KY,ASO,CE,Federal Contract Tower,0,4,2,0,6,0,0,1,0,1,0,4,3,0,7,0,0,0,7
03/20/2020,OWB,KY,ASO,CE,Federal Contract Tower,2,6,5,2,15,0,0,1,0,1,2,6,6,2,16,0,0,0,16
03/21/2020,OWB,KY,ASO,CE,Federal Contract Tower,0,4,17,0,21,0,2,34,0,36,0,6,51,0,57,42,0,42,99
03/22/2020,OWB,KY,ASO,CE,Federal Contract Tower,0,3,3,0,6,0,2,9,0,11,0,5,12,0,17,10,0,10,27
03/23/2020,OWB,KY,ASO,CE,Federal Contract Tower,2,8,6,2,18,0,0,14,0,14,2,8,20,2,32,32,4,36,68
03/24/2020,OWB,KY,ASO,CE,Federal Contract Tower,0,4,6,2,12,0,0,0,0,0,0,4,6,2,12,20,0,20,32
03/25/2020,OWB,KY,ASO,CE,Federal Contract Tower,0,6,2,5,13,0,0,20,0,20,0,6,22,5,33,10,0,10,43
03/26/2020,OWB,KY,ASO,CE,Federal Contract Tower,0,6,3,2,11,0,0,26,0,26,0,6,29,2,37,18,0,18,55
03/27/2020,OWB,KY,ASO,CE,Federal Contract Tower,0,5,1,0,6,0,2,15,0,17,0,7,16,0,23,4,0,4,27
03/28/2020,OWB,KY,ASO,CE,Federal Contract Tower,0,0,7,0,7,0,0,2,0,2,0,0,9,0,9,0,0,0,9
03/29/2020,OWB,KY,ASO,CE,Federal Contract Tower,0,2,4,0,6,0,4,2,0,6,0,6,6,0,12,0,0,0,12
03/30/2020,OWB,KY,ASO,CE,Federal Contract Tower,0,5,1,0,6,0,1,11,0,12,0,6,12,0,18,0,0,0,18
03/31/2020,OWB,KY,ASO,CE,Federal Contract Tower,0,6,1,0,7,0,2,0,0,2,0,8,1,0,9,2,0,2,11
04/01/2020,OWB,KY,ASO,CE,Federal Contract Tower,0,6,2,0,8,0,0,11,0,11,0,6,13,0,19,10,0,10,29
04/02/2020,OWB,KY,ASO,CE,Federal Contract Tower,0,2,2,0,4,0,3,22,0,25,0,5,24,0,29,10,0,10,39
04/03/2020,OWB,KY,ASO,CE,Federal Contract Tower,0,2,5,2,9,0,4,25,3,32,0,6,30,5,41,0,6,6,47
04/04/2020,OWB,KY,ASO,CE,Federal Contract Tower,0,2,3,0,5,0,8,17,0,25,0,10,20,0,30,14,0,14,44
04/05/2020,OWB,KY,ASO,CE,Federal Contract Tower,0,3,1,0,4,0,5,24,0,29,0,8,25,0,33,20,0,20,53
04/06/2020,OWB,KY,ASO,CE,Federal Contract Tower,0,6,0,0,6,0,0,16,0,16,0,6,16,0,22,2,0,2,24
04/07/2020,OWB,KY,ASO,CE,Federal Contract Tower,0,6,2,0,8,0,0,2,0,2,0,6,4,0,10,0,0,0,10
04/08/2020,OWB,KY,ASO,CE,Federal Contract Tower,0,6,7,0,13,0,0,1,0,1,0,6,8,0,14,0,0,0,14
04/09/2020,OWB,KY,ASO,CE,Federal Contract Tower,0,4,2,0,6,0,0,4,0,4,0,4,6,0,10,0,0,0,10
04/10/2020,OWB,KY,ASO,CE,Federal Contract Tower,0,0,3,0,3,0,6,12,0,18,0,6,15,0,21,0,0,0,21
04/11/2020,OWB,KY,ASO,CE,Federal Contract Tower,0,5,1,0,6,0,1,17,0,18,0,6,18,0,24,10,0,10,34
04/12/2020,OWB,KY,ASO,CE,Federal Contract Tower,0,6,0,0,6,0,0,0,0,0,0,6,0,0,6,0,0,0,6
04/13/2020,OWB,KY,ASO,CE,Federal Contract Tower,0,6,0,6,12,0,0,1,0,1,0,6,1,6,13,0,0,0,13
04/14/2020,OWB,KY,ASO,CE,Federal Contract Tower,0,6,7,0,13,0,1,2,0,3,0,7,9,0,16,6,0,6,22
04/15/2020,OWB,KY,ASO,CE,Federal Contract Tower,0,6,12,0,18,0,0,10,0,10,0,6,22,0,28,2,0,2,30
04/16/2020,OWB,KY,ASO,CE,Federal Contract Tower,0,7,4,3,14,0,2,28,1,31,0,9,32,4,45,18,8,26,71
04/17/2020,OWB,KY,ASO,CE,Federal Contract Tower,0,4,0,0,4,0,2,0,0,2,0,6,0,0,6,0,0,0,6
04/18/2020,OWB,KY,ASO,CE,Federal Contract Tower,0,3,1,0,4,0,3,50,0,53,0,6,51,0,57,4,0,4,61
04/19/2020,OWB,KY,ASO,CE,Federal Contract Tower,0,5,2,0,7,0,0,3,0,3,0,5,5,0,10,0,0,0,10
04/20/2020,OWB,KY,ASO,CE,Federal Contract Tower,0,5,1,0,6,0,0,29,0,29,0,5,30,0,35,26,0,26,61
04/21/2020,OWB,KY,ASO,CE,Federal Contract Tower,0,6,1,0,7,0,0,1,0,1,0,6,2,0,8,0,0,0,8
04/22/2020,OWB,KY,ASO,CE,Federal Contract Tower,0,6,3,4,13,0,0,21,1,22,0,6,24,5,35,16,14,30,65
04/23/2020,OWB,KY,ASO,CE,Federal Contract Tower,0,7,5,4,16,0,0,0,0,0,0,7,5,4,16,0,0,0,16
04/24/2020,OWB,KY,ASO,CE,Federal Contract Tower,0,4,10,2,16,0,2,18,0,20,0,6,28,2,36,0,0,0,36
04/25/2020,OWB,KY,ASO,CE,Federal Contract Tower,0,4,0,0,4,0,1,0,0,1,0,5,0,0,5,0,0,0,5
04/26/2020,OWB,KY,ASO,CE,Federal Contract Tower,0,4,0,0,4,0,2,0,0,2,0,6,0,0,6,0,0,0,6
04/27/2020,OWB,KY,ASO,CE,Federal Contract Tower,0,6,8,5,19,0,0,29,0,29,0,6,37,5,48,44,8,52,100
04/28/2020,OWB,KY,ASO,CE,Federal Contract Tower,0,6,4,2,12,0,0,14,0,14,0,6,18,2,26,20,0,20,46
04/29/2020,OWB,KY,ASO,CE,Federal Contract Tower,0,6,0,0,6,0,0,0,0,0,0,6,0,0,6,0,0,0,6
04/30/2020,OWB,KY,ASO,CE,Federal Contract Tower,0,5,2,2,9,0,1,3,0,4,0,6,5,2,13,4,0,4,17
05/01/2020,OWB,KY,ASO,CE,Federal Contract Tower,0,1,6,0,7,0,4,50,0,54,0,5,56,0,61,10,0,10,71
05/02/2020,OWB,KY,ASO,CE,Federal Contract Tower,0,2,0,0,2,0,2,15,0,17,0,4,15,0,19,14,0,14,33
05/03/2020,OWB,KY,ASO,CE,Federal Contract Tower,0,6,3,0,9,0,2,2,0,4,0,8,5,0,13,0,0,0,13
05/04/2020,OWB,KY,ASO,CE,Federal Contract Tower,0,6,1,0,7,0,0,47,0,47,0,6,48,0,54,16,0,16,70
05/05/2020,OWB,KY,ASO,CE,Federal Contract Tower,0,7,8,0,15,0,0,1,0,1,0,7,9,0,16,0,0,0,16
05/06/2020,OWB,KY,ASO,CE,Federal Contract Tower,0,6,4,1,11,0,0,6,5,11,0,6,10,6,22,20,10,30,52
05/07/2020,OWB,KY,ASO,CE,Federal Contract Tower,0,6,3,7,16,0,0,17,1,18,0,6,20,8,34,32,8,40,74
05/08/2020,OWB,KY,ASO,CE,Federal Contract Tower,0,6,0,6,12,0,0,2,0,2,0,6,2,6,14,8,0,8,22
05/09/2020,OWB,KY,ASO,CE,Federal Contract Tower,0,6,3,0,9,0,0,20,0,20,0,6,23,0,29,36,0,36,65
05/10/2020,OWB,KY,ASO,CE,Federal Contract Tower,0,6,0,0,6,0,0,6,0,6,0,6,6,0,12,0,0,0,12
05/11/2020,OWB,KY,ASO,CE,Federal Contract Tower,0,6,2,8,16,0,0,19,0,19,0,6,21,8,35,20,6,26,61
05/12/2020,OWB,KY,ASO,CE,Federal Contract Tower,0,9,5,2,16,0,0,13,0,13,0,9,18,2,29,8,0,8,37
05/13/2020,OWB,KY,ASO,CE,Federal Contract Tower,0,10,4,2,16,0,0,0,0,0,0,10,4,2,16,0,0,0,16
05/14/2020,OWB,KY,ASO,CE,Federal Contract Tower,0,5,1,0,6,0,0,8,0,8,0,5,9,0,14,4,0,4,18
05/15/2020,OWB,KY,ASO,CE,Federal Contract Tower,2,8,2,0,12,0,0,4,0,4,2,8,6,0,16,18,0,18,34
05/16/2020,OWB,KY,ASO,CE,Federal Contract Tower,0,6,3,0,9,0,0,10,0,10,0,6,13,0,19,4,0,4,23
05/17/2020,OWB,KY,ASO,CE,Federal Contract Tower,0,6,2,0,8,0,0,2,0,2,0,6,4,0,10,0,0,0,10
05/18/2020,OWB,KY,ASO,CE,Federal Contract Tower,2,6,8,0,16,0,0,8,0,8,2,6,16,0,24,18,0,18,42
05/19/2020,OWB,KY,ASO,CE,Federal Contract Tower,0,5,10,2,17,0,0,5,0,5,0,5,15,2,22,34,0,34,56
05/20/2020,OWB,KY,ASO,CE,Federal Contract Tower,0,5,9,2,16,0,0,6,0,6,0,5,15,2,22,34,0,34,56
05/21/2020,OWB,KY,ASO,CE,Federal Contract Tower,0,9,12,2,23,0,0,7,0,7,0,9,19,2,30,0,0,0,30
05/22/2020,OWB,KY,ASO,CE,Federal Contract Tower,2,6,6,0,14,0,0,10,0,10,2,6,16,0,24,10,0,10,34
05/23/2020,OWB,KY,ASO,CE,Federal Contract Tower,0,8,0,0,8,0,0,10,0,10,0,8,10,0,18,22,0,22,40
05/24/2020,OWB,KY,ASO,CE,Federal Contract Tower,0,5,1,0,6,0,0,18,0,18,0,5,19,0,24,12,0,12,36
05/25/2020,OWB,KY,ASO,CE,Federal Contract Tower,2,7,2,0,11,0,0,31,0,31,2,7,33,0,42,28,0,28,70
05/26/2020,OWB,KY,ASO,CE,Federal Contract Tower,0,7,5,5,17,0,0,16,1,17,0,7,21,6,34,20,0,20,54
05/27/2020,OWB,KY,ASO,CE,Federal Contract Tower,0,6,1,4,11,0,1,2,0,3,0,7,3,4,14,0,0,0,14
05/28/2020,OWB,KY,ASO,CE,Federal Contract Tower,0,7,8,4,19,0,3,10,0,13,0,10,18,4,32,12,0,12,44
05/29/2020,OWB,KY,ASO,CE,Federal Contract Tower,2,8,4,0,14,0,0,9,0,9,2,8,13,0,23,10,0,10,33
05/30/2020,OWB,KY,ASO,CE,Federal Contract Tower,0,6,5,0,11,0,0,53,0,53,0,6,58,0,64,16,0,16,80
05/31/2020,OWB,KY,ASO,CE,Federal Contract Tower,0,6,3,0,9,0,0,39,0,39,0,6,42,0,48,42,0,42,90
06/01/2020,OWB,KY,ASO,CE,Federal Contract Tower,2,6,3,2,13,0,0,42,0,42,2,6,45,2,55,18,0,18,73
06/02/2020,OWB,KY,ASO,CE,Federal Contract Tower,0,8,5,0,13,0,0,11,0,11,0,8,16,0,24,18,0,18,42
06/03/2020,OWB,KY,ASO,CE,Federal Contract Tower,0,6,3,7,16,0,2,27,0,29,0,8,30,7,45,40,0,40,85
06/04/2020,OWB,KY,ASO,CE,Federal Contract Tower,0,5,10,2,17,0,2,13,0,15,0,7,23,2,32,18,0,18,50
06/05/2020,OWB,KY,ASO,CE,Federal Contract Tower,2,8,4,4,18,0,2,18,0,20,2,10,22,4,38,10,0,10,48
06/06/2020,OWB,KY,ASO,CE,Federal Contract Tower,0,5,11,0,16,0,0,18,0,18,0,5,29,0,34,12,0,12,46
06/07/2020,OWB,KY,ASO,CE,Federal Contract Tower,0,8,7,0,15,0,0,25,0,25,0,8,32,0,40,10,0,10,50
06/08/2020,OWB,KY,ASO,CE,Federal Contract Tower,2,3,7,2,14,0,2,13,0,15,2,5,20,2,29,14,0,14,43
06/09/2020,OWB,KY,ASO,CE,Federal Contract Tower,0,6,5,0,11,0,0,1,0,1,0,6,6,0,12,0,0,0,12
06/10/2020,OWB,KY,ASO,CE,Federal Contract Tower,0,9,4,0,13,0,0,4,0,4,0,9,8,0,17,4,0,4,21
06/11/2020,OWB,KY,ASO,CE,Federal Contract Tower,4,10,8,4,26,0,0,34,1,35,4,10,42,5,61,18,0,18,79
06/12/2020,OWB,KY,ASO,CE,Federal Contract Tower,2,9,5,0,16,0,0,23,0,23,2,9,28,0,39,34,0,34,73
06/13/2020,OWB,KY,ASO,CE,Federal Contract Tower,0,8,12,0,20,0,0,23,0,23,0,8,35,0,43,22,0,22,65
06/14/2020,OWB,KY,ASO,CE,Federal Contract Tower,0,4,0,0,4,0,2,21,0,23,0,6,21,0,27,26,0,26,53
06/15/2020,OWB,KY,ASO,CE,Federal Contract Tower,2,7,14,0,23,0,1,21,2,24,2,8,35,2,47,6,0,6,53
06/16/2020,OWB,KY,ASO,CE,Federal Contract Tower,0,7,9,4,20,0,2,31,5,38,0,9,40,9,58,38,0,38,96
06/17/2020,OWB,KY,ASO,CE,Federal Contract Tower,0,6,5,3,14,0,0,18,4,22,0,6,23,7,36,36,0,36,72
06/18/2020,OWB,KY,ASO,CE,Federal Contract Tower,0,8,6,0,14,0,2,28,0,30,0,10,34,0,44,8,0,8,52
06/19/2020,OWB,KY,ASO,CE,Federal Contract Tower,2,8,6,2,18,0,0,21,0,21,2,8,27,2,39,10,0,10,49
06/20/2020,OWB,KY,ASO,CE,Federal Contract Tower,0,5,13,0,18,0,2,34,0,36,0,7,47,0,54,20,0,20,74
06/21/2020,OWB,KY,ASO,CE,Federal Contract Tower,0,5,4,0,9,0,0,4,0,4,0,5,8,0,13,6,0,6,19
06/22/2020,OWB,KY,ASO,CE,Federal Contract Tower,2,5,1,0,8,0,0,4,0,4,2,5,5,0,12,4,0,4,16
06/23/2020,OWB,KY,ASO,CE,Federal Contract Tower,0,6,16,2,24,0,0,14,0,14,0,6,30,2,38,8,0,8,46
06/24/2020,OWB,KY,ASO,CE,Federal Contract Tower,0,7,9,6,22,0,0,34,0,34,0,7,43,6,56,28,0,28,84
06/25/2020,OWB,KY,ASO,CE,Federal Contract Tower,0,7,5,2,14,0,2,24,2,28,0,9,29,4,42,6,6,12,54
06/26/2020,OWB,KY,ASO,CE,Federal Contract Tower,2,7,15,0,24,0,0,16,0,16,2,7,31,0,40,6,0,6,46
06/27/2020,OWB,KY,ASO,CE,Federal Contract Tower,0,5,7,0,12,0,0,3,0,3,0,5,10,0,15,8,0,8,23
06/28/2020,OWB,KY,ASO,CE,Federal Contract Tower,0,6,4,0,10,0,0,4,0,4,0,6,8,0,14,0,0,0,14
06/29/2020,OWB,KY,ASO,CE,Federal Contract Tower,2,7,6,2,17,0,0,66,2,68,2,7,72,4,85,32,0,32,117
06/30/2020,OWB,KY,ASO,CE,Federal Contract Tower,0,8,4,0,12,0,0,0,0,0,0,8,4,0,12,0,0,0,12
07/01/2020,OWB,KY,ASO,CE,Federal Contract Tower,0,7,8,0,15,0,0,61,0,61,0,7,69,0,76,2,0,2,78
07/02/2020,OWB,KY,ASO,CE,Federal Contract Tower,0,7,15,4,26,0,0,27,0,27,0,7,42,4,53,16,0,16,69
07/03/2020,OWB,KY,ASO,CE,Federal Contract Tower,2,5,11,0,18,0,1,51,0,52,2,6,62,0,70,44,0,44,114
07/04/2020,OWB,KY,ASO,CE,Federal Contract Tower,0,6,4,0,10,0,0,28,13,41,0,6,32,13,51,12,0,12,63
07/05/2020,OWB,KY,ASO,CE,Federal Contract Tower,0,5,5,0,10,0,3,23,0,26,0,8,28,0,36,0,0,0,36
07/06/2020,OWB,KY,ASO,CE,Federal Contract Tower,2,5,7,0,14,0,2,23,0,25,2,7,30,0,39,18,0,18,57
07/07/2020,OWB,KY,ASO,CE,Federal Contract Tower,0,5,0,2,7,0,0,34,0,34,0,5,34,2,41,48,0,48,89
07/08/2020,OWB,KY,ASO,CE,Federal Contract Tower,0,8,1,0,9,0,0,24,0,24,0,8,25,0,33,24,0,24,57
07/09/2020,OWB,KY,ASO,CE,Federal Contract Tower,0,9,3,2,14,0,0,34,6,40,0,9,37,8,54,32,8,40,94
07/10/2020,OWB,KY,ASO,CE,Federal Contract Tower,2,6,8,0,16,0,1,12,0,13,2,7,20,0,29,8,0,8,37
07/11/2020,OWB,KY,ASO,CE,Federal Contract Tower,0,6,10,0,16,0,1,30,0,31,0,7,40,0,47,4,0,4,51
07/12/2020,OWB,KY,ASO,CE,Federal Contract Tower,0,7,0,0,7,0,0,18,0,18,0,7,18,0,25,6,0,6,31
07/13/2020,OWB,KY,ASO,CE,Federal Contract Tower,2,6,7,6,21,0,0,33,0,33,2,6,40,6,54,70,12,82,136
07/14/2020,OWB,KY,ASO,CE,Federal Contract Tower,0,4,3,4,11,0,2,58,0,60,0,6,61,4,71,58,4,62,133
07/15/2020,OWB,KY,ASO,CE,Federal Contract Tower,0,8,4,2,14,0,0,20,2,22,0,8,24,4,36,16,0,16,52
07/16/2020,OWB,KY,ASO,CE,Federal Contract Tower,0,7,3,0,10,0,1,27,0,28,0,8,30,0,38,12,4,16,54
07/17/2020,OWB,KY,ASO,CE,Federal Contract Tower,2,6,5,0,13,0,1,23,0,24,2,7,28,0,37,22,0,22,59
07/18/2020,OWB,KY,ASO,CE,Federal Contract Tower,1,4,7,0,12,0,0,19,0,19,1,4,26,0,31,22,0,22,53
07/19/2020,OWB,KY,ASO,CE,Federal Contract Tower,1,4,6,1,12,0,0,28,0,28,1,4,34,1,40,26,0,26,66
07/20/2020,OWB,KY,ASO,CE,Federal Contract Tower,2,4,9,0,15,0,1,7,0,8,2,5,16,0,23,20,0,20,43
07/21/2020,OWB,KY,ASO,CE,Federal Contract Tower,0,8,13,0,21,0,0,15,0,15,0,8,28,0,36,16,0,16,52
07/22/2020,OWB,KY,ASO,CE,Federal Contract Tower,0,8,5,0,13,0,0,17,0,17,0,8,22,0,30,22,0,22,52
07/23/2020,OWB,KY,ASO,CE,Federal Contract Tower,0,9,13,4,26,0,3,10,4,17,0,12,23,8,43,8,0,8,51
07/24/2020,OWB,KY,ASO,CE,Federal Contract Tower,2,6,5,4,17,0,1,33,2,36,2,7,38,6,53,52,4,56,109
07/25/2020,OWB,KY,ASO,CE,Federal Contract Tower,0,6,9,0,15,0,0,44,0,44,0,6,53,0,59,32,0,32,91
07/26/2020,OWB,KY,ASO,CE,Federal Contract Tower,0,9,2,0,11,0,0,18,0,18,0,9,20,0,29,8,0,8,37
07/27/2020,OWB,KY,ASO,CE,Federal Contract Tower,2,7,10,0,19,0,0,20,0,20,2,7,30,0,39,22,0,22,61
07/28/2020,OWB,KY,ASO,CE,Federal Contract Tower,0,10,13,2,25,0,0,14,0,14,0,10,27,2,39,16,0,16,55
07/29/2020,OWB,KY,ASO,CE,Federal Contract Tower,0,8,0,4,12,0,0,26,4,30,0,8,26,8,42,38,4,42,84
07/30/2020,OWB,KY,ASO,CE,Federal Contract Tower,0,6,5,0,11,0,0,2,0,2,0,6,7,0,13,0,0,0,13
07/31/2020,OWB,KY,ASO,CE,Federal Contract Tower,2,6,7,0,15,0,1,0,0,1,2,7,7,0,16,0,0,0,16
08/01/2020,OWB,KY,ASO,CE,Federal Contract Tower,0,8,7,0,15,0,0,0,0,0,0,8,7,0,15,0,0,0,15
08/02/2020,OWB,KY,ASO,CE,Federal Contract Tower,0,3,5,0,8,0,3,37,0,40,0,6,42,0,48,32,0,32,80
08/03/2020,OWB,KY,ASO,CE,Federal Contract Tower,2,4,10,0,16,0,0,5,0,5,2,4,15,0,21,6,0,6,27
08/04/2020,OWB,KY,ASO,CE,Federal Contract Tower,0,8,8,2,18,0,0,18,0,18,0,8,26,2,36,18,0,18,54
08/05/2020,OWB,KY,ASO,CE,Federal Contract Tower,0,9,14,12,35,0,0,40,0,40,0,9,54,12,75,34,12,46,121
08/06/2020,OWB,KY,ASO,CE,Federal Contract Tower,0,3,15,0,18,0,4,57,0,61,0,7,72,0,79,56,0,56,135
08/07/2020,OWB,KY,ASO,CE,Federal Contract Tower,2,6,13,1,22,0,2,31,2,35,2,8,44,3,57,44,0,44,101
08/08/2020,OWB,KY,ASO,CE,Federal Contract Tower,0,5,10,0,15,0,3,57,0,60,0,8,67,0,75,40,0,40,115
08/09/2020,OWB,KY,ASO,CE,Federal Contract Tower,0,6,4,0,10,0,1,10,0,11,0,7,14,0,21,18,0,18,39
08/10/2020,OWB,KY,ASO,CE,Federal Contract Tower,2,8,2,0,12,0,0,23,0,23,2,8,25,0,35,23,0,23,58
08/11/2020,OWB,KY,ASO,CE,Federal Contract Tower,0,7,4,3,14,0,0,26,1,27,0,7,30,4,41,32,10,42,83
08/12/2020,OWB,KY,ASO,CE,Federal Contract Tower,0,5,16,0,21,0,0,16,0,16,0,5,32,0,37,14,0,14,51
08/13/2020,OWB,KY,ASO,CE,Federal Contract Tower,0,7,10,0,17,0,0,11,0,11,0,7,21,0,28,18,0,18,46
08/14/2020,OWB,KY,ASO,CE,Federal Contract Tower,2,5,5,0,12,0,1,19,0,20,2,6,24,0,32,18,0,18,50
08/15/2020,OWB,KY,ASO,CE,Federal Contract Tower,0,5,16,0,21,0,1,36,1,38,0,6,52,1,59,44,0,44,103
08/16/2020,OWB,KY,ASO,CE,Federal Contract Tower,0,5,14,0,19,0,2,27,0,29,0,7,41,0,48,8,0,8,56
08/17/2020,OWB,KY,ASO,CE,Federal Contract Tower,2,6,7,9,24,0,0,30,3,33,2,6,37,12,57,46,6,52,109
08/18/2020,OWB,KY,ASO,CE,Federal Contract Tower,0,7,4,0,11,0,0,11,0,11,0,7,15,0,22,34,0,34,56
08/19/2020,OWB,KY,ASO,CE,Federal Contract Tower,0,6,14,4,24,0,0,29,2,31,0,6,43,6,55,66,0,66,121
08/20/2020,OWB,KY,ASO,CE,Federal Contract Tower,0,3,7,9,19,0,3,40,2,45,0,6,47,11,64,54,12,66,130
08/21/2020,OWB,KY,ASO,CE,Federal Contract Tower,0,7,7,0,14,0,2,16,0,18,0,9,23,0,32,14,0,14,46
08/22/2020,OWB,KY,ASO,CE,Federal Contract Tower,0,4,5,0,9,0,2,9,0,11,0,6,14,0,20,8,0,8,28
08/23/2020,OWB,KY,ASO,CE,Federal Contract Tower,0,3,8,0,11,0,2,22,0,24,0,5,30,0,35,4,0,4,39
08/24/2020,OWB,KY,ASO,CE,Federal Contract Tower,0,7,1,3,11,0,1,34,1,36,0,8,35,4,47,8,0,8,55
08/25/2020,OWB,KY,ASO,CE,Federal Contract Tower,0,8,11,2,21,0,0,39,2,41,0,8,50,4,62,28,0,28,90
08/26/2020,OWB,KY,ASO,CE,Federal Contract Tower,0,6,12,1,19,0,0,40,0,40,0,6,52,1,59,22,0,22,81
08/27/2020,OWB,KY,ASO,CE,Federal Contract Tower,0,9,22,6,37,0,2,28,0,30,0,11,50,6,67,36,2,38,105
08/28/2020,OWB,KY,ASO,CE,Federal Contract Tower,0,9,10,0,19,0,0,0,0,0,0,9,10,0,19,0,0,0,19
08/29/2020,OWB,KY,ASO,CE,Federal Contract Tower,0,6,5,0,11,0,0,18,0,18,0,6,23,0,29,28,0,28,57
08/30/2020,OWB,KY,ASO,CE,Federal Contract Tower,0,7,8,0,15,0,1,44,0,45,0,8,52,0,60,14,0,14,74
08/31/2020,OWB,KY,ASO,CE,Federal Contract Tower,0,4,6,0,10,0,0,14,0,14,0,4,20,0,24,0,0,0,24
09/01/2020,OWB,KY,ASO,CE,Federal Contract Tower,0,6,13,2,21,0,0,11,0,11,0,6,24,2,32,2,8,10,42
09/02/2020,OWB,KY,ASO,CE,Federal Contract Tower,0,9,5,0,14,0,0,6,0,6,0,9,11,0,20,26,0,26,46
09/03/2020,OWB,KY,ASO,CE,Federal Contract Tower,0,4,11,4,19,0,2,18,4,24,0,6,29,8,43,8,18,26,69
09/04/2020,OWB,KY,ASO,CE,Federal Contract Tower,0,7,8,0,15,0,1,52,0,53,0,8,60,0,68,14,0,14,82
09/05/2020,OWB,KY,ASO,CE,Federal Contract Tower,0,6,10,0,16,0,1,57,0,58,0,7,67,0,74,32,0,32,106
09/06/2020,OWB,KY,ASO,CE,Federal Contract Tower,0,5,4,0,9,0,7,41,0,48,0,12,45,0,57,16,0,16,73
09/07/2020,OWB,KY,ASO,CE,Federal Contract Tower,0,6,9,0,15,0,0,33,0,33,0,6,42,0,48,0,0,0,48
09/08/2020,OWB,KY,ASO,CE,Federal Contract Tower,0,7,11,1,19,0,0,33,0,33,0,7,44,1,52,12,0,12,64
09/09/2020,OWB,KY,ASO,CE,Federal Contract Tower,0,7,11,2,20,0,1,27,0,28,0,8,38,2,48,32,8,40,88
09/10/2020,OWB,KY,ASO,CE,Federal Contract Tower,0,8,9,4,21,0,0,36,0,36,0,8,45,4,57,64,0,64,121
09/11/2020,OWB,KY,ASO,CE,Federal Contract Tower,0,6,13,4,23,0,1,7,2,10,0,7,20,6,33,22,0,22,55
09/12/2020,OWB,KY,ASO,CE,Federal Contract Tower,2,8,4,0,14,0,0,8,0,8,2,8,12,0,22,10,0,10,32
09/13/2020,OWB,KY,ASO,CE,Federal Contract Tower,0,8,1,0,9,0,1,17,0,18,0,9,18,0,27,0,0,0,27
09/14/2020,OWB,KY,ASO,CE,Federal Contract Tower,0,8,9,2,19,0,0,41,0,41,0,8,50,2,60,40,0,40,100
09/15/2020,OWB,KY,ASO,CE,Federal Contract Tower,0,8,7,10,25,0,0,46,7,53,0,8,53,17,78,22,0,22,100
09/16/2020,OWB,KY,ASO,CE,Federal Contract Tower,0,9,6,10,25,0,0,40,0,40,0,9,46,10,65,56,6,62,127
09/17/2020,OWB,KY,ASO,CE,Federal Contract Tower,0,4,9,7,20,0,4,30,0,34,0,8,39,7,54,56,4,60,114
09/18/2020,OWB,KY,ASO,CE,Federal Contract Tower,2,6,5,0,13,0,1,39,0,40,2,7,44,0,53,22,0,22,75
09/19/2020,OWB,KY,ASO,CE,Federal Contract Tower,0,4,11,0,15,0,5,28,0,33,0,9,39,0,48,2,0,2,50
09/20/2020,OWB,KY,ASO,CE,Federal Contract Tower,0,2,10,0,12,0,4,35,0,39,0,6,45,0,51,8,0,8,59
09/21/2020,OWB,KY,ASO,CE,Federal Contract Tower,2,6,19,2,29,0,2,31,0,33,2,8,50,2,62,36,0,36,98
09/22/2020,OWB,KY,ASO,CE,Federal Contract Tower,0,9,7,6,22,0,0,32,2,34,0,9,39,8,56,20,4,24,80
09/23/2020,OWB,KY,ASO,CE,Federal Contract Tower,0,6,16,0,22,0,1,23,2,26,0,7,39,2,48,52,0,52,100
09/24/2020,OWB,KY,ASO,CE,Federal Contract Tower,0,8,8,0,16,0,0,16,4,20,0,8,24,4,36,30,0,30,66
09/25/2020,OWB,KY,ASO,CE,Federal Contract Tower,2,6,16,5,29,0,1,48,0,49,2,7,64,5,78,66,6,72,150
09/26/2020,OWB,KY,ASO,CE,Federal Contract Tower,0,4,6,0,10,0,2,10,0,12,0,6,16,0,22,0,0,0,22
09/27/2020,OWB,KY,ASO,CE,Federal Contract Tower,0,3,5,0,8,0,4,20,0,24,0,7,25,0,32,10,0,10,42
09/28/2020,OWB,KY,ASO,CE,Federal Contract Tower,2,5,0,0,7,0,0,7,7,14,2,5,7,7,21,4,8,12,33
09/29/2020,OWB,KY,ASO,CE,Federal Contract Tower,0,12,13,1,26,0,0,27,3,30,0,12,40,4,56,80,0,80,136
09/30/2020,OWB,KY,ASO,CE,Federal Contract Tower,0,5,4,4,13,0,0,13,0,13,0,5,17,4,26,14,0,14,40
10/01/2020,OWB,KY,ASO,CE,Federal Contract Tower,0,3,15,0,18,0,4,17,2,23,0,7,32,2,41,10,4,14,55
10/02/2020,OWB,KY,ASO,CE,Federal Contract Tower,2,4,16,0,22,0,2,34,0,36,2,6,50,0,58,20,0,20,78
10/03/2020,OWB,KY,ASO,CE,Federal Contract Tower,0,4,7,0,11,0,2,41,0,43,0,6,48,0,54,20,0,20,74
10/04/2020,OWB,KY,ASO,CE,Federal Contract Tower,0,4,7,0,11,0,2,21,0,23,0,6,28,0,34,0,30,30,64
10/05/2020,OWB,KY,ASO,CE,Federal Contract Tower,2,7,9,0,18,0,5,39,0,44,2,12,48,0,62,32,0,32,94
10/06/2020,OWB,KY,ASO,CE,Federal Contract Tower,0,5,13,1,19,0,0,27,6,33,0,5,40,7,52,32,0,32,84
10/07/2020,OWB,KY,ASO,CE,Federal Contract Tower,0,5,8,6,19,0,0,33,10,43,0,5,41,16,62,12,2,14,76
10/08/2020,OWB,KY,ASO,CE,Federal Contract Tower,0,8,4,5,17,0,0,42,0,42,0,8,46,5,59,94,10,104,163
10/09/2020,OWB,KY,ASO,CE,Federal Contract Tower,2,6,11,7,26,0,2,38,0,40,2,8,49,7,66,68,10,78,144
10/10/2020,OWB,KY,ASO,CE,Federal Contract Tower,0,4,7,0,11,0,2,10,0,12,0,6,17,0,23,22,0,22,45
10/11/2020,OWB,KY,ASO,CE,Federal Contract Tower,0,4,4,0,8,0,2,10,0,12,0,6,14,0,20,0,0,0,20
10/12/2020,OWB,KY,ASO,CE,Federal Contract Tower,1,10,9,0,20,0,2,1,0,3,1,12,10,0,23,4,0,4,27
10/13/2020,OWB,KY,ASO,CE,Federal Contract Tower,2,6,4,2,14,0,0,34,0,34,2,6,38,2,48,32,0,32,80
10/14/2020,OWB,KY,ASO,CE,Federal Contract Tower,0,10,12,6,28,0,0,29,3,32,0,10,41,9,60,56,12,68,128
10/15/2020,OWB,KY,ASO,CE,Federal Contract Tower,0,7,11,0,18,0,0,3,0,3,0,7,14,0,21,6,0,6,27
10/16/2020,OWB,KY,ASO,CE,Federal Contract Tower,2,5,12,0,19,0,2,27,2,31,2,7,39,2,50,42,0,42,92
10/17/2020,OWB,KY,ASO,CE,Federal Contract Tower,0,4,4,0,8,0,4,34,0,38,0,8,38,0,46,24,0,24,70
10/18/2020,OWB,KY,ASO,CE,Federal Contract Tower,0,8,6,0,14,0,0,0,0,0,0,8,6,0,14,0,0,0,14
10/19/2020,OWB,KY,ASO,CE,Federal Contract Tower,3,8,9,0,20,0,0,0,0,0,3,8,9,0,20,0,0,0,20
10/20/2020,OWB,KY,ASO,CE,Federal Contract Tower,0,9,10,7,26,0,0,6,1,7,0,9,16,8,33,0,0,0,33
10/22/2020,OWB,KY,ASO,CE,Federal Contract Tower,0,6,6,0,12,0,2,36,0,38,0,8,42,0,50,40,0,40,90
10/23/2020,OWB,KY,ASO,CE,Federal Contract Tower,2,5,5,0,12,0,0,1,0,1,2,5,6,0,13,0,0,0,13
10/24/2020,OWB,KY,ASO,CE,Federal Contract Tower,0,4,1,0,5,0,1,1,0,2,0,5,2,0,7,0,0,0,7
10/25/2020,OWB,KY,ASO,CE,Federal Contract Tower,0,6,5,0,11,0,0,6,0,6,0,6,11,0,17,0,0,0,17
10/26/2020,OWB,KY,ASO,CE,Federal Contract Tower,2,6,16,0,24,0,0,10,0,10,2,6,26,0,34,20,0,20,54
10/27/2020,OWB,KY,ASO,CE,Federal Contract Tower,0,8,14,0,22,0,0,0,0,0,0,8,14,0,22,0,0,0,22
10/28/2020,OWB,KY,ASO,CE,Federal Contract Tower,0,6,8,0,14,0,0,0,0,0,0,6,8,0,14,0,0,0,14
10/29/2020,OWB,KY,ASO,CE,Federal Contract Tower,0,7,2,0,9,0,0,0,0,0,0,7,2,0,9,0,0,0,9
10/30/2020,OWB,KY,ASO,CE,Federal Contract Tower,2,4,9,7,22,0,3,47,6,56,2,7,56,13,78,52,0,52,130
10/31/2020,OWB,KY,ASO,CE,Federal Contract Tower,0,0,6,0,6,0,4,70,0,74,0,4,76,0,80,68,0,68,148
11/01/2020,OWB,KY,ASO,CE,Federal Contract Tower,0,1,2,0,3,0,6,8,0,14,0,7,10,0,17,0,0,0,17
11/02/2020,OWB,KY,ASO,CE,Federal Contract Tower,2,6,14,4,26,0,0,24,5,29,2,6,38,9,55,14,0,14,69
11/03/2020,OWB,KY,ASO,CE,Federal Contract Tower,0,10,6,4,20,0,0,29,2,31,0,10,35,6,51,48,14,62,113
11/04/2020,OWB,KY,ASO,CE,Federal Contract Tower,0,6,9,6,21,0,0,44,0,44,0,6,53,6,65,32,0,32,97
11/05/2020,OWB,KY,ASO,CE,Federal Contract Tower,0,8,26,4,38,0,0,28,0,28,0,8,54,4,66,26,0,26,92
11/06/2020,OWB,KY,ASO,CE,Federal Contract Tower,2,6,16,6,30,0,0,43,0,43,2,6,59,6,73,44,0,44,117
11/07/2020,OWB,KY,ASO,CE,Federal Contract Tower,0,8,3,0,11,0,1,60,0,61,0,9,63,0,72,16,0,16,88
11/08/2020,OWB,KY,ASO,CE,Federal Contract Tower,0,6,4,0,10,0,0,36,0,36,0,6,40,0,46,18,0,18,64
11/09/2020,OWB,KY,ASO,CE,Federal Contract Tower,2,9,12,6,29,0,1,34,0,35,2,10,46,6,64,20,0,20,84
11/10/2020,OWB,KY,ASO,CE,Federal Contract Tower,0,7,11,6,24,0,2,0,0,2,0,9,11,6,26,4,20,24,50
11/11/2020,OWB,KY,ASO,CE,Federal Contract Tower,0,6,5,0,11,0,0,19,0,19,0,6,24,0,30,2,0,2,32
11/12/2020,OWB,KY,ASO,CE,Federal Contract Tower,0,4,12,0,16,0,0,48,3,51,0,4,60,3,67,44,0,44,111
11/13/2020,OWB,KY,ASO,CE,Federal Contract Tower,2,2,17,4,25,0,4,32,0,36,2,6,49,4,61,20,4,24,85
11/14/2020,OWB,KY,ASO,CE,Federal Contract Tower,0,5,2,6,13,0,1,17,0,18,0,6,19,6,31,44,10,54,85
11/15/2020,OWB,KY,ASO,CE,Federal Contract Tower,0,4,1,0,5,0,2,0,0,2,0,6,1,0,7,0,0,0,7
11/16/2020,OWB,KY,ASO,CE,Federal Contract Tower,2,7,9,4,22,0,0,39,0,39,2,7,48,4,61,36,6,42,103
11/17/2020,OWB,KY,ASO,CE,Federal Contract Tower,0,10,5,0,15,0,0,10,0,10,0,10,15,0,25,22,0,22,47
11/18/2020,OWB,KY,ASO,CE,Federal Contract Tower,0,8,4,2,14,0,1,26,4,31,0,9,30,6,45,62,0,62,107
11/19/2020,OWB,KY,ASO,CE,Federal Contract Tower,0,6,8,0,14,0,0,13,0,13,0,6,21,0,27,14,0,14,41
11/20/2020,OWB,KY,ASO,CE,Federal Contract Tower,2,9,11,4,26,0,0,28,0,28,2,9,39,4,54,30,0,30,84
11/21/2020,OWB,KY,ASO,CE,Federal Contract Tower,0,7,7,0,14,0,4,11,0,15,0,11,18,0,29,4,0,4,33
11/22/2020,OWB,KY,ASO,CE,Federal Contract Tower,0,6,5,0,11,0,0,0,0,0,0,6,5,0,11,0,0,0,11
11/23/2020,OWB,KY,ASO,CE,Federal Contract Tower,2,6,4,0,12,0,0,37,0,37,2,6,41,0,49,8,0,8,57
11/24/2020,OWB,KY,ASO,CE,Federal Contract Tower,0,6,15,6,27,0,1,16,1,18,0,7,31,7,45,10,4,14,59
11/25/2020,OWB,KY,ASO,CE,Federal Contract Tower,2,5,4,0,11,0,0,0,0,0,2,5,4,0,11,0,0,0,11
11/26/2020,OWB,KY,ASO,CE,Federal Contract Tower,0,6,0,0,6,0,0,8,0,8,0,6,8,0,14,0,0,0,14
11/27/2020,OWB,KY,ASO,CE,Federal Contract Tower,0,6,1,0,7,0,0,48,0,48,0,6,49,0,55,70,0,70,125
11/28/2020,OWB,KY,ASO,CE,Federal Contract Tower,0,6,12,0,18,0,0,49,0,49,0,6,61,0,67,8,0,8,75
11/29/2020,OWB,KY,ASO,CE,Federal Contract Tower,2,6,4,0,12,0,0,25,0,25,2,6,29,0,37,8,0,8,45
11/30/2020,OWB,KY,ASO,CE,Federal Contract Tower,0,5,5,0,10,0,0,0,0,0,0,5,5,0,10,0,0,0,10
12/01/2020,OWB,KY,ASO,CE,Federal Contract Tower,0,7,10,0,17,0,0,17,1,18,0,7,27,1,35,16,0,16,51
12/02/2020,OWB,KY,ASO,CE,Federal Contract Tower,0,6,18,2,26,0,0,30,0,30,0,6,48,2,56,44,0,44,100
12/03/2020,OWB,KY,ASO,CE,Federal Contract Tower,0,6,8,1,15,0,0,11,1,12,0,6,19,2,27,10,0,10,37
12/04/2020,OWB,KY,ASO,CE,Federal Contract Tower,2,9,3,0,14,0,0,1,0,1,2,9,4,0,15,0,0,0,15
12/05/2020,OWB,KY,ASO,CE,Federal Contract Tower,0,4,18,4,26,0,2,53,4,59,0,6,71,8,85,44,0,44,129
12/06/2020,OWB,KY,ASO,CE,Federal Contract Tower,0,4,4,0,8,0,1,21,0,22,0,5,25,0,30,8,0,8,38
12/07/2020,OWB,KY,ASO,CE,Federal Contract Tower,2,9,11,0,22,0,0,12,0,12,2,9,23,0,34,22,0,22,56
12/08/2020,OWB,KY,ASO,CE,Federal Contract Tower,0,14,4,0,18,0,0,16,0,16,0,14,20,0,34,32,0,32,66
12/09/2020,OWB,KY,ASO,CE,Federal Contract Tower,0,6,7,4,17,0,0,37,6,43,0,6,44,10,60,28,46,74,134
12/10/2020,OWB,KY,ASO,CE,Federal Contract Tower,0,7,14,6,27,0,3,57,1,61,0,10,71,7,88,32,8,40,128
12/11/2020,OWB,KY,ASO,CE,Federal Contract Tower,2,6,2,0,10,0,0,21,0,21,2,6,23,0,31,34,0,34,65
12/12/2020,OWB,KY,ASO,CE,Federal Contract Tower,0,10,2,0,12,0,0,5,0,5,0,10,7,0,17,28,0,28,45
12/13/2020,OWB,KY,ASO,CE,Federal Contract Tower,0,8,2,0,10,0,0,9,0,9,0,8,11,0,19,0,0,0,19
12/14/2020,OWB,KY,ASO,CE,Federal Contract Tower,2,5,4,0,11,0,0,0,0,0,2,5,4,0,11,0,0,0,11
12/15/2020,OWB,KY,ASO,CE,Federal Contract Tower,0,6,5,5,16,0,0,23,1,24,0,6,28,6,40,26,16,42,82
12/16/2020,OWB,KY,ASO,CE,Federal Contract Tower,0,12,3,0,15,0,0,0,0,0,0,12,3,0,15,0,0,0,15
12/17/2020,OWB,KY,ASO,CE,Federal Contract Tower,0,7,9,4,20,0,0,14,0,14,0,7,23,4,34,32,8,40,74
12/18/2020,OWB,KY,ASO,CE,Federal Contract Tower,2,3,17,0,22,0,3,32,0,35,2,6,49,0,57,16,0,16,73
12/19/2020,OWB,KY,ASO,CE,Federal Contract Tower,0,5,3,0,8,0,0,15,0,15,0,5,18,0,23,26,0,26,49
12/20/2020,OWB,KY,ASO,CE,Federal Contract Tower,0,5,2,0,7,0,1,15,0,16,0,6,17,0,23,20,0,20,43
12/21/2020,OWB,KY,ASO,CE,Federal Contract Tower,2,4,6,0,12,0,2,17,0,19,2,6,23,0,31,14,0,14,45
12/22/2020,OWB,KY,ASO,CE,Federal Contract Tower,0,4,14,0,18,0,1,39,0,40,0,5,53,0,58,52,0,52,110
12/23/2020,OWB,KY,ASO,CE,Federal Contract Tower,0,6,4,0,10,0,0,8,0,8,0,6,12,0,18,4,0,4,22
12/24/2020,OWB,KY,ASO,CE,Federal Contract Tower,2,6,0,0,8,0,0,2,0,2,2,6,2,0,10,8,0,8,18
12/25/2020,OWB,KY,ASO,CE,Federal Contract Tower,0,5,2,0,7,0,1,0,0,1,0,6,2,0,8,0,0,0,8
12/26/2020,OWB,KY,ASO,CE,Federal Contract Tower,0,4,6,0,10,0,3,35,0,38,0,7,41,0,48,42,0,42,90
12/27/2020,OWB,KY,ASO,CE,Federal Contract Tower,2,5,2,0,9,0,3,15,0,18,2,8,17,0,27,0,0,0,27
12/28/2020,OWB,KY,ASO,CE,Federal Contract Tower,0,9,9,2,20,0,0,12,0,12,0,9,21,2,32,58,0,58,90
12/29/2020,OWB,KY,ASO,CE,Federal Contract Tower,0,8,14,0,22,0,2,29,0,31,0,10,43,0,53,26,0,26,79
12/30/2020,OWB,KY,ASO,CE,Federal Contract Tower,0,6,0,0,6,0,0,0,0,0,0,6,0,0,6,0,0,0,6
12/31/2020,OWB,KY,ASO,CE,Federal Contract Tower,2,6,6,0,14,0,0,2,0,2,2,6,8,0,16,6,0,6,22
01/01/2021,OWB,KY,ASO,CE,Federal Contract Tower,0,6,0,0,6,0,0,3,0,3,0,6,3,0,9,6,0,6,15
01/02/2021,OWB,KY,ASO,CE,Federal Contract Tower,0,8,4,0,12,0,1,0,0,1,0,9,4,0,13,0,0,0,13
01/03/2021,OWB,KY,ASO,CE,Federal Contract Tower,2,7,4,0,13,0,3,17,0,20,2,10,21,0,33,24,0,24,57
01/04/2021,OWB,KY,ASO,CE,Federal Contract Tower,0,7,2,0,9,0,0,26,0,26,0,7,28,0,35,4,0,4,39
01/05/2021,OWB,KY,ASO,CE,Federal Contract Tower,0,6,2,3,11,0,0,21,1,22,0,6,23,4,33,28,0,28,61
01/06/2021,OWB,KY,ASO,CE,Federal Contract Tower,0,8,11,0,19,0,1,24,0,25,0,9,35,0,44,26,0,26,70
01/07/2021,OWB,KY,ASO,CE,Federal Contract Tower,0,6,5,8,19,0,0,1,1,2,0,6,6,9,21,18,2,20,41
01/08/2021,OWB,KY,ASO,CE,Federal Contract Tower,2,8,5,0,15,0,0,4,0,4,2,8,9,0,19,20,0,20,39
01/09/2021,OWB,KY,ASO,CE,Federal Contract Tower,0,5,7,0,12,0,0,31,0,31,0,5,38,0,43,28,0,28,71
01/10/2021,OWB,KY,ASO,CE,Federal Contract Tower,0,5,5,0,10,0,1,7,0,8,0,6,12,0,18,13,0,13,31
01/11/2021,OWB,KY,ASO,CE,Federal Contract Tower,2,9,3,4,18,0,0,3,0,3,2,9,6,4,21,16,0,16,37
01/12/2021,OWB,KY,ASO,CE,Federal Contract Tower,0,7,27,9,43,0,0,29,3,32,0,7,56,12,75,22,34,56,131
01/13/2021,OWB,KY,ASO,CE,Federal Contract Tower,0,8,11,2,21,0,0,39,1,40,0,8,50,3,61,14,0,14,75
01/14/2021,OWB,KY,ASO,CE,Federal Contract Tower,0,10,15,5,30,0,0,32,4,36,0,10,47,9,66,10,2,12,78
01/15/2021,OWB,KY,ASO,CE,Federal Contract Tower,2,5,1,2,10,0,0,5,0,5,2,5,6,2,15,0,0,0,15
01/16/2021,OWB,KY,ASO,CE,Federal Contract Tower,0,8,0,0,8,0,0,4,0,4,0,8,4,0,12,4,0,4,16
01/17/2021,OWB,KY,ASO,CE,Federal Contract Tower,0,8,2,0,10,0,0,4,0,4,0,8,6,0,14,0,0,0,14
01/18/2021,OWB,KY,ASO,CE,Federal Contract Tower,2,9,17,0,28,0,0,27,0,27,2,9,44,0,55,36,0,36,91
01/19/2021,OWB,KY,ASO,CE,Federal Contract Tower,0,7,4,4,15,0,0,31,0,31,0,7,35,4,46,52,0,52,98
01/20/2021,OWB,KY,ASO,CE,Federal Contract Tower,0,7,4,0,11,0,0,32,0,32,0,7,36,0,43,30,0,30,73
01/21/2021,OWB,KY,ASO,CE,Federal Contract Tower,0,9,12,7,28,0,1,24,3,28,0,10,36,10,56,14,28,42,98
01/22/2021,OWB,KY,ASO,CE,Federal Contract Tower,3,6,6,6,21,0,1,20,0,21,3,7,26,6,42,18,10,28,70
01/23/2021,OWB,KY,ASO,CE,Federal Contract Tower,0,3,9,0,12,0,1,56,0,57,0,4,65,0,69,60,0,60,129
01/24/2021,OWB,KY,ASO,CE,Federal Contract Tower,0,5,0,0,5,0,0,0,0,0,0,5,0,0,5,0,0,0,5
01/25/2021,OWB,KY,ASO,CE,Federal Contract Tower,2,7,3,0,12,0,0,0,0,0,2,7,3,0,12,0,0,0,12
01/26/2021,OWB,KY,ASO,CE,Federal Contract Tower,0,6,12,2,20,0,0,12,2,14,0,6,24,4,34,0,0,0,34
01/27/2021,OWB,KY,ASO,CE,Federal Contract Tower,0,4,7,0,11,0,0,2,0,2,0,4,9,0,13,24,0,24,37
01/28/2021,OWB,KY,ASO,CE,Federal Contract Tower,0,9,13,0,22,0,0,25,6,31,0,9,38,6,53,58,0,58,111
01/29/2021,OWB,KY,ASO,CE,Federal Contract Tower,2,2,5,0,9,0,3,66,0,69,2,5,71,0,78,54,0,54,132
01/30/2021,OWB,KY,ASO,CE,Federal Contract Tower,0,5,3,0,8,0,0,10,0,10,0,5,13,0,18,72,0,72,90
01/31/2021,OWB,KY,ASO,CE,Federal Contract Tower,0,6,0,0,6,0,0,0,0,0,0,6,0,0,6,0,0,0,6
02/01/2021,OWB,KY,ASO,CE,Federal Contract Tower,2,7,3,0,12,0,0,1,0,1,2,7,4,0,13,0,0,0,13
02/02/2021,OWB,KY,ASO,CE,Federal Contract Tower,0,6,11,0,17,0,0,27,4,31,0,6,38,4,48,10,0,10,58
02/03/2021,OWB,KY,ASO,CE,Federal Contract Tower,0,7,11,2,20,0,0,30,2,32,0,7,41,4,52,38,0,38,90
02/04/2021,OWB,KY,ASO,CE,Federal Contract Tower,0,6,2,2,10,0,0,0,0,0,0,6,2,2,10,0,0,0,10
02/05/2021,OWB,KY,ASO,CE,Federal Contract Tower,2,3,18,2,25,0,5,16,0,21,2,8,34,2,46,26,0,26,72
02/06/2021,OWB,KY,ASO,CE,Federal Contract Tower,0,8,13,0,21,0,0,45,0,45,0,8,58,0,66,30,0,30,96
02/07/2021,OWB,KY,ASO,CE,Federal Contract Tower,0,5,8,4,17,0,1,17,0,18,0,6,25,4,35,0,0,0,35
02/08/2021,OWB,KY,ASO,CE,Federal Contract Tower,2,10,7,0,19,0,0,17,0,17,2,10,24,0,36,14,0,14,50
02/09/2021,OWB,KY,ASO,CE,Federal Contract Tower,0,5,4,0,9,0,0,0,0,0,0,5,4,0,9,0,0,0,9
02/10/2021,OWB,KY,ASO,CE,Federal Contract Tower,0,0,0,0,0,0,0,0,0,0,0,0,0,0,0,0,0,0,0
02/11/2021,OWB,KY,ASO,CE,Federal Contract Tower,0,2,0,0,2,0,0,0,0,0,0,2,0,0,2,0,0,0,2
02/12/2021,OWB,KY,ASO,CE,Federal Contract Tower,2,7,2,0,11,0,0,7,0,7,2,7,9,0,18,18,0,18,36
02/13/2021,OWB,KY,ASO,CE,Federal Contract Tower,0,5,0,0,5,0,0,16,0,16,0,5,16,0,21,0,0,0,21
02/14/2021,OWB,KY,ASO,CE,Federal Contract Tower,0,5,0,0,5,0,0,5,0,5,0,5,5,0,10,0,0,0,10
02/15/2021,OWB,KY,ASO,CE,Federal Contract Tower,2,2,0,0,4,0,0,0,0,0,2,2,0,0,4,0,0,0,4
02/16/2021,OWB,KY,ASO,CE,Federal Contract Tower,0,7,0,0,7,0,0,0,0,0,0,7,0,0,7,0,0,0,7
02/17/2021,OWB,KY,ASO,CE,Federal Contract Tower,0,7,4,0,11,0,0,10,0,10,0,7,14,0,21,0,0,0,21
02/18/2021,OWB,KY,ASO,CE,Federal Contract Tower,0,5,5,0,10,0,1,0,0,1,0,6,5,0,11,0,0,0,11
02/19/2021,OWB,KY,ASO,CE,Federal Contract Tower,2,5,13,0,20,0,2,11,0,13,2,7,24,0,33,16,0,16,49
02/20/2021,OWB,KY,ASO,CE,Federal Contract Tower,0,4,11,0,15,0,3,31,0,34,0,7,42,0,49,0,0,0,49
02/21/2021,OWB,KY,ASO,CE,Federal Contract Tower,0,4,5,0,9,0,2,23,0,25,0,6,28,0,34,18,0,18,52
02/22/2021,OWB,KY,ASO,CE,Federal Contract Tower,2,9,3,4,18,0,1,15,0,16,2,10,18,4,34,50,0,50,84
02/23/2021,OWB,KY,ASO,CE,Federal Contract Tower,0,6,9,1,16,0,2,47,1,50,0,8,56,2,66,38,0,38,104
02/24/2021,OWB,KY,ASO,CE,Federal Contract Tower,0,11,4,0,15,0,0,20,0,20,0,11,24,0,35,16,0,16,51
02/25/2021,OWB,KY,ASO,CE,Federal Contract Tower,0,6,8,3,17,0,0,46,0,46,0,6,54,3,63,30,0,30,93
02/26/2021,OWB,KY,ASO,CE,Federal Contract Tower,2,8,11,0,21,0,2,8,0,10,2,10,19,0,31,30,0,30,61
02/27/2021,OWB,KY,ASO,CE,Federal Contract Tower,0,9,13,0,22,0,0,2,0,2,0,9,15,0,24,42,0,42,66
02/28/2021,OWB,KY,ASO,CE,Federal Contract Tower,0,7,5,0,12,0,0,0,0,0,0,7,5,0,12,0,0,0,12
03/01/2021,OWB,KY,ASO,CE,Federal Contract Tower,2,8,12,2,24,0,0,11,0,11,2,8,23,2,35,10,0,10,45
03/02/2021,OWB,KY,ASO,CE,Federal Contract Tower,0,10,11,2,23,0,3,28,2,33,0,13,39,4,56,42,0,42,98
03/03/2021,OWB,KY,ASO,CE,Federal Contract Tower,0,7,15,7,29,0,1,36,0,37,0,8,51,7,66,94,6,100,166
03/04/2021,OWB,KY,ASO,CE,Federal Contract Tower,0,5,11,0,16,0,6,48,0,54,0,11,59,0,70,54,0,54,124
03/05/2021,OWB,KY,ASO,CE,Federal Contract Tower,2,2,11,4,19,0,2,41,0,43,2,4,52,4,62,58,0,58,120
03/06/2021,OWB,KY,ASO,CE,Federal Contract Tower,0,0,13,0,13,0,5,58,0,63,0,5,71,0,76,30,0,30,106
03/07/2021,OWB,KY,ASO,CE,Federal Contract Tower,0,2,6,0,8,0,4,41,0,45,0,6,47,0,53,8,0,8,61
03/08/2021,OWB,KY,ASO,CE,Federal Contract Tower,2,6,11,3,22,0,0,12,7,19,2,6,23,10,41,28,4,32,73
03/09/2021,OWB,KY,ASO,CE,Federal Contract Tower,0,6,16,0,22,0,1,36,3,40,0,7,52,3,62,52,0,52,114
03/10/2021,OWB,KY,ASO,CE,Federal Contract Tower,0,11,10,6,27,0,0,35,6,41,0,11,45,12,68,8,20,28,96
03/11/2021,OWB,KY,ASO,CE,Federal Contract Tower,0,8,3,0,11,0,0,5,2,7,0,8,8,2,18,22,0,22,40
03/12/2021,OWB,KY,ASO,CE,Federal Contract Tower,2,7,11,0,20,0,0,17,0,17,2,7,28,0,37,22,0,22,59
03/13/2021,OWB,KY,ASO,CE,Federal Contract Tower,0,7,11,1,19,0,0,25,0,25,0,7,36,1,44,42,0,42,86
03/14/2021,OWB,KY,ASO,CE,Federal Contract Tower,0,8,15,0,23,0,0,36,0,36,0,8,51,0,59,34,0,34,93
03/15/2021,OWB,KY,ASO,CE,Federal Contract Tower,2,9,9,0,20,0,0,1,0,1,2,9,10,0,21,0,0,0,21
03/16/2021,OWB,KY,ASO,CE,Federal Contract Tower,0,8,19,0,27,0,0,33,0,33,0,8,52,0,60,63,0,63,123
03/17/2021,OWB,KY,ASO,CE,Federal Contract Tower,0,5,15,0,20,0,0,4,0,4,0,5,19,0,24,0,0,0,24
03/18/2021,OWB,KY,ASO,CE,Federal Contract Tower,0,8,13,2,23,0,1,7,0,8,0,9,20,2,31,32,6,38,69
03/19/2021,OWB,KY,ASO,CE,Federal Contract Tower,2,8,16,4,30,0,0,32,2,34,2,8,48,6,64,20,0,20,84
03/20/2021,OWB,KY,ASO,CE,Federal Contract Tower,0,5,10,2,17,0,3,57,0,60,0,8,67,2,77,34,8,42,119
03/21/2021,OWB,KY,ASO,CE,Federal Contract Tower,0,5,10,0,15,0,6,54,0,60,0,11,64,0,75,50,0,50,125
03/22/2021,OWB,KY,ASO,CE,Federal Contract Tower,0,6,8,2,16,0,0,34,0,34,0,6,42,2,50,40,0,40,90
03/23/2021,OWB,KY,ASO,CE,Federal Contract Tower,0,10,8,6,24,0,0,0,0,0,0,10,8,6,24,2,8,10,34
03/24/2021,OWB,KY,ASO,CE,Federal Contract Tower,0,8,10,3,21,0,0,38,0,38,0,8,48,3,59,56,18,74,133
03/25/2021,OWB,KY,ASO,CE,Federal Contract Tower,0,6,1,0,7,0,0,4,0,4,0,6,5,0,11,10,0,10,21
03/26/2021,OWB,KY,ASO,CE,Federal Contract Tower,0,7,8,1,16,0,9,27,0,36,0,16,35,1,52,54,0,54,106
03/27/2021,OWB,KY,ASO,CE,Federal Contract Tower,0,4,14,0,18,0,7,26,0,33,0,11,40,0,51,42,0,42,93
03/28/2021,OWB,KY,ASO,CE,Federal Contract Tower,0,4,4,0,8,0,4,1,0,5,0,8,5,0,13,0,0,0,13
03/29/2021,OWB,KY,ASO,CE,Federal Contract Tower,2,6,9,2,19,0,0,47,0,47,2,6,56,2,66,42,0,42,108
03/30/2021,OWB,KY,ASO,CE,Federal Contract Tower,0,6,4,0,10,0,0,27,3,30,0,6,31,3,40,6,20,26,66
03/31/2021,OWB,KY,ASO,CE,Federal Contract Tower,0,5,9,6,20,0,0,19,3,22,0,5,28,9,42,14,10,24,66
04/01/2021,OWB,KY,ASO,CE,Federal Contract Tower,0,3,9,4,16,0,5,24,0,29,0,8,33,4,45,20,10,30,75
04/02/2021,OWB,KY,ASO,CE,Federal Contract Tower,2,2,10,0,14,0,1,47,0,48,2,3,57,0,62,48,0,48,110
04/03/2021,OWB,KY,ASO,CE,Federal Contract Tower,0,3,8,0,11,0,5,32,0,37,0,8,40,0,48,40,0,40,88
04/04/2021,OWB,KY,ASO,CE,Federal Contract Tower,0,2,8,0,10,0,5,33,0,38,0,7,41,0,48,30,0,30,78
04/05/2021,OWB,KY,ASO,CE,Federal Contract Tower,2,8,14,0,24,0,0,17,0,17,2,8,31,0,41,44,0,44,85
04/06/2021,OWB,KY,ASO,CE,Federal Contract Tower,0,6,9,2,17,0,0,27,0,27,0,6,36,2,44,60,8,68,112
04/07/2021,OWB,KY,ASO,CE,Federal Contract Tower,0,9,12,2,23,0,0,30,3,33,0,9,42,5,56,36,24,60,116
04/08/2021,OWB,KY,ASO,CE,Federal Contract Tower,0,8,3,2,13,0,0,6,0,6,0,8,9,2,19,2,0,2,21
04/09/2021,OWB,KY,ASO,CE,Federal Contract Tower,2,5,3,2,12,0,1,29,0,30,2,6,32,2,42,16,0,16,58
04/10/2021,OWB,KY,ASO,CE,Federal Contract Tower,0,7,4,0,11,0,1,1,0,2,0,8,5,0,13,8,0,8,21
04/11/2021,OWB,KY,ASO,CE,Federal Contract Tower,0,6,6,0,12,0,6,4,0,10,0,12,10,0,22,0,0,0,22
04/12/2021,OWB,KY,ASO,CE,Federal Contract Tower,0,9,7,1,17,0,2,34,1,37,0,11,41,2,54,52,0,52,106
04/13/2021,OWB,KY,ASO,CE,Federal Contract Tower,0,6,6,1,13,0,0,45,1,46,0,6,51,2,59,36,0,36,95
04/14/2021,OWB,KY,ASO,CE,Federal Contract Tower,0,6,16,3,25,0,1,16,0,17,0,7,32,3,42,32,0,32,74
04/15/2021,OWB,KY,ASO,CE,Federal Contract Tower,0,6,14,2,22,0,3,34,0,37,0,9,48,2,59,40,0,40,99
04/16/2021,OWB,KY,ASO,CE,Federal Contract Tower,0,7,6,0,13,0,2,47,0,49,0,9,53,0,62,52,0,52,114
04/17/2021,OWB,KY,ASO,CE,Federal Contract Tower,0,2,7,0,9,0,2,32,0,34,0,4,39,0,43,52,0,52,95
04/18/2021,OWB,KY,ASO,CE,Federal Contract Tower,0,8,5,0,13,0,0,29,0,29,0,8,34,0,42,8,0,8,50
04/19/2021,OWB,KY,ASO,CE,Federal Contract Tower,2,7,14,0,23,0,1,45,0,46,2,8,59,0,69,36,0,36,105
04/20/2021,OWB,KY,ASO,CE,Federal Contract Tower,0,8,14,2,24,0,0,19,0,19,0,8,33,2,43,30,14,44,87
04/21/2021,OWB,KY,ASO,CE,Federal Contract Tower,0,2,10,2,14,0,0,15,0,15,0,2,25,2,29,0,0,0,29
04/22/2021,OWB,KY,ASO,CE,Federal Contract Tower,0,7,3,2,12,0,2,30,0,32,0,9,33,2,44,36,0,36,80
04/23/2021,OWB,KY,ASO,CE,Federal Contract Tower,2,7,19,8,36,0,2,35,0,37,2,9,54,8,73,24,0,24,97
04/24/2021,OWB,KY,ASO,CE,Federal Contract Tower,0,6,7,0,13,0,0,0,0,0,0,6,7,0,13,0,0,0,13
04/25/2021,OWB,KY,ASO,CE,Federal Contract Tower,0,6,19,0,25,0,3,31,0,34,0,9,50,0,59,14,0,14,73
04/26/2021,OWB,KY,ASO,CE,Federal Contract Tower,2,5,15,4,26,0,2,36,0,38,2,7,51,4,64,26,0,26,90
04/27/2021,OWB,KY,ASO,CE,Federal Contract Tower,0,5,7,4,16,0,3,20,2,25,0,8,27,6,41,12,0,12,53
04/28/2021,OWB,KY,ASO,CE,Federal Contract Tower,0,2,3,4,9,0,2,10,0,12,0,4,13,4,21,30,0,30,51
04/29/2021,OWB,KY,ASO,CE,Federal Contract Tower,0,6,9,0,15,0,0,7,0,7,0,6,16,0,22,18,0,18,40
04/30/2021,OWB,KY,ASO,CE,Federal Contract Tower,2,3,13,2,20,0,4,25,0,29,2,7,38,2,49,26,0,26,75
05/01/2021,OWB,KY,ASO,CE,Federal Contract Tower,0,1,7,2,10,0,4,61,0,65,0,5,68,2,75,22,0,22,97
05/02/2021,OWB,KY,ASO,CE,Federal Contract Tower,0,8,11,0,19,0,0,19,0,19,0,8,30,0,38,0,0,0,38
05/03/2021,OWB,KY,ASO,CE,Federal Contract Tower,2,8,10,2,22,0,0,7,2,9,2,8,17,4,31,8,0,8,39
05/04/2021,OWB,KY,ASO,CE,Federal Contract Tower,0,6,0,0,6,0,0,0,0,0,0,6,0,0,6,0,0,0,6
05/05/2021,OWB,KY,ASO,CE,Federal Contract Tower,0,6,18,3,27,0,0,23,1,24,0,6,41,4,51,60,8,68,119
05/06/2021,OWB,KY,ASO,CE,Federal Contract Tower,0,8,6,2,16,0,2,20,4,26,0,10,26,6,42,42,6,48,90
05/07/2021,OWB,KY,ASO,CE,Federal Contract Tower,2,2,2,4,10,0,4,44,0,48,2,6,46,4,58,38,0,38,96
05/08/2021,OWB,KY,ASO,CE,Federal Contract Tower,0,8,6,0,14,0,0,32,0,32,0,8,38,0,46,36,0,36,82
05/09/2021,OWB,KY,ASO,CE,Federal Contract Tower,0,5,1,0,6,0,0,1,0,1,0,5,2,0,7,0,0,0,7
05/10/2021,OWB,KY,ASO,CE,Federal Contract Tower,2,6,27,0,35,0,3,36,6,45,2,9,63,6,80,30,0,30,110
05/11/2021,OWB,KY,ASO,CE,Federal Contract Tower,0,6,14,2,22,0,1,35,0,36,0,7,49,2,58,46,0,46,104
05/12/2021,OWB,KY,ASO,CE,Federal Contract Tower,0,3,17,8,28,0,3,21,0,24,0,6,38,8,52,40,8,48,100
05/13/2021,OWB,KY,ASO,CE,Federal Contract Tower,0,1,14,5,20,0,5,53,1,59,0,6,67,6,79,114,0,114,193
05/14/2021,OWB,KY,ASO,CE,Federal Contract Tower,2,7,8,6,23,0,6,54,0,60,2,13,62,6,83,52,8,60,143
05/15/2021,OWB,KY,ASO,CE,Federal Contract Tower,0,2,5,0,7,0,3,64,0,67,0,5,69,0,74,24,0,24,98
05/16/2021,OWB,KY,ASO,CE,Federal Contract Tower,0,4,8,0,12,0,1,29,0,30,0,5,37,0,42,0,0,0,42
05/17/2021,OWB,KY,ASO,CE,Federal Contract Tower,2,5,11,5,23,0,0,10,1,11,2,5,21,6,34,12,10,22,56
05/18/2021,OWB,KY,ASO,CE,Federal Contract Tower,0,7,5,3,15,0,2,27,0,29,0,9,32,3,44,6,0,6,50
05/19/2021,OWB,KY,ASO,CE,Federal Contract Tower,0,8,10,3,21,0,0,37,5,42,0,8,47,8,63,30,10,40,103
05/20/2021,OWB,KY,ASO,CE,Federal Contract Tower,0,6,17,3,26,0,0,26,1,27,0,6,43,4,53,90,0,90,143
05/21/2021,OWB,KY,ASO,CE,Federal Contract Tower,1,4,10,2,17,0,1,44,0,45,1,5,54,2,62,34,0,34,96
05/22/2021,OWB,KY,ASO,CE,Federal Contract Tower,0,5,6,0,11,0,1,49,0,50,0,6,55,0,61,8,0,8,69
05/23/2021,OWB,KY,ASO,CE,Federal Contract Tower,0,4,4,0,8,0,3,37,0,40,0,7,41,0,48,8,0,8,56
05/24/2021,OWB,KY,ASO,CE,Federal Contract Tower,2,8,6,0,16,0,0,33,0,33,2,8,39,0,49,8,0,8,57
05/25/2021,OWB,KY,ASO,CE,Federal Contract Tower,0,7,10,8,25,0,0,18,7,25,0,7,28,15,50,8,14,22,72
05/26/2021,OWB,KY,ASO,CE,Federal Contract Tower,1,12,4,0,17,0,0,5,0,5,1,12,9,0,22,24,2,26,48
05/27/2021,OWB,KY,ASO,CE,Federal Contract Tower,0,8,10,0,18,0,0,30,0,30,0,8,40,0,48,14,0,14,62
05/28/2021,OWB,KY,ASO,CE,Federal Contract Tower,2,5,11,0,18,0,0,1,1,2,2,5,12,1,20,16,0,16,36
05/29/2021,OWB,KY,ASO,CE,Federal Contract Tower,0,5,3,0,8,0,1,12,1,14,0,6,15,1,22,38,0,38,60
05/30/2021,OWB,KY,ASO,CE,Federal Contract Tower,0,4,5,0,9,0,4,39,0,43,0,8,44,0,52,36,0,36,88
05/31/2021,OWB,KY,ASO,CE,Federal Contract Tower,2,6,4,0,12,0,0,33,0,33,2,6,37,0,45,42,0,42,87
06/01/2021,OWB,KY,ASO,CE,Federal Contract Tower,0,7,7,2,16,0,0,16,0,16,0,7,23,2,32,24,0,24,56
06/02/2021,OWB,KY,ASO,CE,Federal Contract Tower,2,9,25,0,36,0,0,0,0,0,2,9,25,0,36,0,0,0,36
06/03/2021,OWB,KY,ASO,CE,Federal Contract Tower,0,7,16,0,23,0,0,9,2,11,0,7,25,2,34,2,0,2,36
06/04/2021,OWB,KY,ASO,CE,Federal Contract Tower,2,6,14,0,22,0,1,56,0,57,2,7,70,0,79,30,0,30,109
06/05/2021,OWB,KY,ASO,CE,Federal Contract Tower,0,6,8,0,14,0,3,62,0,65,0,9,70,0,79,92,0,92,171
06/06/2021,OWB,KY,ASO,CE,Federal Contract Tower,0,6,7,1,14,0,0,15,0,15,0,6,22,1,29,52,0,52,81
06/07/2021,OWB,KY,ASO,CE,Federal Contract Tower,2,9,8,0,19,0,0,1,0,1,2,9,9,0,20,0,0,0,20
06/08/2021,OWB,KY,ASO,CE,Federal Contract Tower,0,8,13,0,21,0,0,7,0,7,0,8,20,0,28,20,0,20,48
06/09/2021,OWB,KY,ASO,CE,Federal Contract Tower,2,8,12,8,30,0,0,10,0,10,2,8,22,8,40,24,0,24,64
06/10/2021,OWB,KY,ASO,CE,Federal Contract Tower,0,15,8,0,23,0,0,7,0,7,0,15,15,0,30,0,0,0,30
06/11/2021,OWB,KY,ASO,CE,Federal Contract Tower,2,15,16,0,33,0,8,23,0,31,2,23,39,0,64,24,0,24,88
06/12/2021,OWB,KY,ASO,CE,Federal Contract Tower,0,1,3,0,4,0,5,32,0,37,0,6,35,0,41,54,0,54,95
06/13/2021,OWB,KY,ASO,CE,Federal Contract Tower,0,7,7,6,20,0,2,33,0,35,0,9,40,6,55,0,0,0,55
06/14/2021,OWB,KY,ASO,CE,Federal Contract Tower,2,7,15,2,26,0,0,28,2,30,2,7,43,4,56,30,0,30,86
06/15/2021,OWB,KY,ASO,CE,Federal Contract Tower,0,7,28,9,44,0,0,40,1,41,0,7,68,10,85,50,0,50,135
06/16/2021,OWB,KY,ASO,CE,Federal Contract Tower,2,7,11,1,21,0,0,43,2,45,2,7,54,3,66,52,0,52,118
06/17/2021,OWB,KY,ASO,CE,Federal Contract Tower,0,9,22,4,35,0,0,51,2,53,0,9,73,6,88,8,0,8,96
06/18/2021,OWB,KY,ASO,CE,Federal Contract Tower,2,6,15,1,24,0,5,32,0,37,2,11,47,1,61,40,0,40,101
06/19/2021,OWB,KY,ASO,CE,Federal Contract Tower,0,5,10,0,15,0,1,28,0,29,0,6,38,0,44,54,0,54,98
06/20/2021,OWB,KY,ASO,CE,Federal Contract Tower,0,5,3,0,8,0,3,9,0,12,0,8,12,0,20,6,0,6,26
06/21/2021,OWB,KY,ASO,CE,Federal Contract Tower,2,11,5,4,22,0,0,11,0,11,2,11,16,4,33,34,0,34,67
06/22/2021,OWB,KY,ASO,CE,Federal Contract Tower,0,8,8,6,22,0,0,54,6,60,0,8,62,12,82,44,0,44,126
06/23/2021,OWB,KY,ASO,CE,Federal Contract Tower,2,6,21,6,35,0,0,55,12,67,2,6,76,18,102,58,32,90,192
06/24/2021,OWB,KY,ASO,CE,Federal Contract Tower,0,4,8,8,20,0,2,26,5,33,0,6,34,13,53,26,14,40,93
06/25/2021,OWB,KY,ASO,CE,Federal Contract Tower,2,9,9,0,20,0,0,20,0,20,2,9,29,0,40,2,0,2,42
06/26/2021,OWB,KY,ASO,CE,Federal Contract Tower,0,12,3,0,15,0,7,9,0,16,0,19,12,0,31,6,0,6,37
06/27/2021,OWB,KY,ASO,CE,Federal Contract Tower,0,5,11,0,16,0,1,22,0,23,0,6,33,0,39,20,0,20,59
06/28/2021,OWB,KY,ASO,CE,Federal Contract Tower,2,3,9,15,29,0,0,19,0,19,2,3,28,15,48,4,0,4,52
06/29/2021,OWB,KY,ASO,CE,Federal Contract Tower,0,13,10,5,28,0,0,11,1,12,0,13,21,6,40,10,14,24,64
06/30/2021,OWB,KY,ASO,CE,Federal Contract Tower,2,6,10,2,20,0,0,16,5,21,2,6,26,7,41,18,0,18,59
07/01/2021,OWB,KY,ASO,CE,Federal Contract Tower,0,10,8,0,18,0,0,4,0,4,0,10,12,0,22,4,0,4,26
07/02/2021,OWB,KY,ASO,CE,Federal Contract Tower,2,6,11,2,21,0,0,44,0,44,2,6,55,2,65,40,14,54,119
07/03/2021,OWB,KY,ASO,CE,Federal Contract Tower,0,4,8,0,12,0,4,30,0,34,0,8,38,0,46,14,0,14,60
07/04/2021,OWB,KY,ASO,CE,Federal Contract Tower,0,0,0,0,0,0,4,21,0,25,0,4,21,0,25,18,0,18,43
07/05/2021,OWB,KY,ASO,CE,Federal Contract Tower,2,6,9,0,17,0,0,33,0,33,2,6,42,0,50,18,0,18,68
07/06/2021,OWB,KY,ASO,CE,Federal Contract Tower,0,6,7,1,14,0,2,23,1,26,0,8,30,2,40,36,0,36,76
07/07/2021,OWB,KY,ASO,CE,Federal Contract Tower,2,7,9,1,19,0,2,29,2,33,2,9,38,3,52,52,18,70,122
07/08/2021,OWB,KY,ASO,CE,Federal Contract Tower,0,2,15,5,22,0,3,18,0,21,0,5,33,5,43,0,2,2,45
07/09/2021,OWB,KY,ASO,CE,Federal Contract Tower,2,3,21,1,27,0,7,19,0,26,2,10,40,1,53,0,0,0,53
07/10/2021,OWB,KY,ASO,CE,Federal Contract Tower,0,5,5,0,10,0,2,0,0,2,0,7,5,0,12,0,0,0,12
07/12/2021,OWB,KY,ASO,CE,Federal Contract Tower,2,8,7,0,17,0,0,5,0,5,2,8,12,0,22,8,0,8,30
07/13/2021,OWB,KY,ASO,CE,Federal Contract Tower,0,6,17,0,23,0,1,19,3,23,0,7,36,3,46,28,4,32,78
07/14/2021,OWB,KY,ASO,CE,Federal Contract Tower,2,9,22,4,37,0,2,37,1,40,2,11,59,5,77,46,0,46,123
07/15/2021,OWB,KY,ASO,CE,Federal Contract Tower,0,9,9,7,25,0,1,33,12,46,0,10,42,19,71,58,6,64,135
07/16/2021,OWB,KY,ASO,CE,Federal Contract Tower,2,6,5,2,15,0,0,16,0,16,2,6,21,2,31,20,0,20,51
07/17/2021,OWB,KY,ASO,CE,Federal Contract Tower,0,7,12,0,19,0,0,13,10,23,0,7,25,10,42,0,0,0,42
07/18/2021,OWB,KY,ASO,CE,Federal Contract Tower,0,7,5,0,12,0,0,12,0,12,0,7,17,0,24,52,0,52,76
07/19/2021,OWB,KY,ASO,CE,Federal Contract Tower,2,9,7,4,22,0,0,19,0,19,2,9,26,4,41,18,0,18,59
07/20/2021,OWB,KY,ASO,CE,Federal Contract Tower,0,5,11,7,23,0,0,36,0,36,0,5,47,7,59,50,14,64,123
07/21/2021,OWB,KY,ASO,CE,Federal Contract Tower,2,7,19,8,36,0,1,28,2,31,2,8,47,10,67,36,4,40,107
07/22/2021,OWB,KY,ASO,CE,Federal Contract Tower,0,10,24,9,43,0,1,37,0,38,0,11,61,9,81,48,0,48,129
07/23/2021,OWB,KY,ASO,CE,Federal Contract Tower,2,8,3,10,23,0,2,26,0,28,2,10,29,10,51,46,2,48,99
07/24/2021,OWB,KY,ASO,CE,Federal Contract Tower,0,5,4,0,9,0,3,28,8,39,0,8,32,8,48,50,0,50,98
07/25/2021,OWB,KY,ASO,CE,Federal Contract Tower,0,7,11,0,18,0,0,11,0,11,0,7,22,0,29,42,0,42,71
07/26/2021,OWB,KY,ASO,CE,Federal Contract Tower,2,8,13,0,23,0,0,27,4,31,2,8,40,4,54,16,0,16,70
07/27/2021,OWB,KY,ASO,CE,Federal Contract Tower,0,6,13,7,26,0,0,38,2,40,0,6,51,9,66,42,0,42,108
07/28/2021,OWB,KY,ASO,CE,Federal Contract Tower,0,7,20,8,35,0,35,4,0,39,0,42,24,8,74,32,16,48,122
07/29/2021,OWB,KY,ASO,CE,Federal Contract Tower,0,10,17,2,29,0,0,11,0,11,0,10,28,2,40,22,0,22,62
07/30/2021,OWB,KY,ASO,CE,Federal Contract Tower,2,8,4,3,17,0,2,20,11,33,2,10,24,14,50,16,2,18,68
07/31/2021,OWB,KY,ASO,CE,Federal Contract Tower,0,5,4,0,9,0,0,26,0,26,0,5,30,0,35,34,0,34,69
08/01/2021,OWB,KY,ASO,CE,Federal Contract Tower,0,6,9,8,23,0,0,11,0,11,0,6,20,8,34,14,0,14,48
08/02/2021,OWB,KY,ASO,CE,Federal Contract Tower,2,7,7,2,18,0,3,32,8,43,2,10,39,10,61,8,0,8,69
08/03/2021,OWB,KY,ASO,CE,Federal Contract Tower,0,6,13,1,20,0,2,30,0,32,0,8,43,1,52,14,0,14,66
08/04/2021,OWB,KY,ASO,CE,Federal Contract Tower,0,6,11,0,17,0,0,29,0,29,0,6,40,0,46,18,0,18,64
08/05/2021,OWB,KY,ASO,CE,Federal Contract Tower,0,5,7,8,20,0,3,24,1,28,0,8,31,9,48,28,0,28,76
08/06/2021,OWB,KY,ASO,CE,Federal Contract Tower,0,9,6,0,15,0,0,15,0,15,0,9,21,0,30,26,0,26,56
08/07/2021,OWB,KY,ASO,CE,Federal Contract Tower,0,5,8,0,13,0,1,36,0,37,0,6,44,0,50,10,0,10,60
08/08/2021,OWB,KY,ASO,CE,Federal Contract Tower,0,6,1,17,24,0,2,21,0,23,0,8,22,17,47,40,0,40,87
08/09/2021,OWB,KY,ASO,CE,Federal Contract Tower,0,9,8,0,17,0,0,5,0,5,0,9,13,0,22,0,0,0,22
08/10/2021,OWB,KY,ASO,CE,Federal Contract Tower,0,5,14,6,25,0,2,13,4,19,0,7,27,10,44,15,10,25,69
08/11/2021,OWB,KY,ASO,CE,Federal Contract Tower,0,9,12,6,27,0,0,36,5,41,0,9,48,11,68,42,6,48,116
08/12/2021,OWB,KY,ASO,CE,Federal Contract Tower,0,7,15,3,25,0,0,33,25,58,0,7,48,28,83,11,0,11,94
08/13/2021,OWB,KY,ASO,CE,Federal Contract Tower,0,10,6,0,16,0,3,26,25,54,0,13,32,25,70,0,4,4,74
08/14/2021,OWB,KY,ASO,CE,Federal Contract Tower,0,7,8,0,15,0,1,38,37,76,0,8,46,37,91,20,38,58,149
08/15/2021,OWB,KY,ASO,CE,Federal Contract Tower,0,8,6,1,15,0,0,94,29,123,0,8,100,30,138,36,14,50,188
08/16/2021,OWB,KY,ASO,CE,Federal Contract Tower,0,7,10,5,22,0,0,30,0,30,0,7,40,5,52,22,0,22,74
08/17/2021,OWB,KY,ASO,CE,Federal Contract Tower,0,8,8,6,22,0,0,17,0,17,0,8,25,6,39,14,0,14,53
08/18/2021,OWB,KY,ASO,CE,Federal Contract Tower,0,6,9,5,20,0,0,6,0,6,0,6,15,5,26,36,10,46,72
08/19/2021,OWB,KY,ASO,CE,Federal Contract Tower,2,7,13,0,22,0,0,26,0,26,2,7,39,0,48,36,0,36,84
08/20/2021,OWB,KY,ASO,CE,Federal Contract Tower,0,5,8,3,16,0,0,41,0,41,0,5,49,3,57,82,6,88,145
08/21/2021,OWB,KY,ASO,CE,Federal Contract Tower,0,6,6,0,12,0,0,33,0,33,0,6,39,0,45,34,0,34,79
08/22/2021,OWB,KY,ASO,CE,Federal Contract Tower,2,6,5,6,19,0,1,37,0,38,2,7,42,6,57,32,0,32,89
08/23/2021,OWB,KY,ASO,CE,Federal Contract Tower,0,8,3,0,11,0,0,31,0,31,0,8,34,0,42,30,0,30,72
08/24/2021,OWB,KY,ASO,CE,Federal Contract Tower,0,3,8,2,13,0,1,43,0,44,0,4,51,2,57,50,0,50,107
08/25/2021,OWB,KY,ASO,CE,Federal Contract Tower,0,7,3,4,14,0,0,29,0,29,0,7,32,4,43,16,0,16,59
08/26/2021,OWB,KY,ASO,CE,Federal Contract Tower,2,4,3,2,11,0,0,25,0,25,2,4,28,2,36,32,0,32,68
08/27/2021,OWB,KY,ASO,CE,Federal Contract Tower,0,7,22,0,29,0,4,19,0,23,0,11,41,0,52,8,0,8,60
08/28/2021,OWB,KY,ASO,CE,Federal Contract Tower,0,5,10,0,15,0,1,114,0,115,0,6,124,0,130,22,0,22,152
08/29/2021,OWB,KY,ASO,CE,Federal Contract Tower,2,3,29,0,34,0,2,36,0,38,2,5,65,0,72,46,0,46,118
08/30/2021,OWB,KY,ASO,CE,Federal Contract Tower,0,6,6,0,12,0,0,9,0,9,0,6,15,0,21,0,0,0,21
08/31/2021,OWB,KY,ASO,CE,Federal Contract Tower,0,9,15,0,24,0,0,3,0,3,0,9,18,0,27,0,0,0,27
09/01/2021,OWB,KY,ASO,CE,Federal Contract Tower,0,9,9,9,27,0,4,33,1,38,0,13,42,10,65,40,38,78,143
09/02/2021,OWB,KY,ASO,CE,Federal Contract Tower,2,5,14,7,28,0,3,39,8,50,2,8,53,15,78,56,0,56,134
09/03/2021,OWB,KY,ASO,CE,Federal Contract Tower,0,6,4,0,10,0,1,33,0,34,0,7,37,0,44,74,0,74,118
09/04/2021,OWB,KY,ASO,CE,Federal Contract Tower,0,4,3,0,7,0,2,23,0,25,0,6,26,0,32,44,0,44,76
09/05/2021,OWB,KY,ASO,CE,Federal Contract Tower,2,6,4,0,12,0,0,17,0,17,2,6,21,0,29,6,0,6,35
09/06/2021,OWB,KY,ASO,CE,Federal Contract Tower,0,7,8,0,15,0,0,28,0,28,0,7,36,0,43,20,0,20,63
09/07/2021,OWB,KY,ASO,CE,Federal Contract Tower,0,7,5,7,19,0,1,24,0,25,0,8,29,7,44,36,0,36,80
09/08/2021,OWB,KY,ASO,CE,Federal Contract Tower,0,5,15,12,32,0,2,32,1,35,0,7,47,13,67,32,0,32,99
09/09/2021,OWB,KY,ASO,CE,Federal Contract Tower,2,9,9,3,23,0,2,33,3,38,2,11,42,6,61,72,0,72,133
09/10/2021,OWB,KY,ASO,CE,Federal Contract Tower,0,6,7,4,17,0,1,30,6,37,0,7,37,10,54,22,0,22,76
09/11/2021,OWB,KY,ASO,CE,Federal Contract Tower,0,1,7,0,8,0,8,28,0,36,0,9,35,0,44,82,0,82,126
09/12/2021,OWB,KY,ASO,CE,Federal Contract Tower,2,2,2,0,6,0,4,31,0,35,2,6,33,0,41,36,0,36,77
09/13/2021,OWB,KY,ASO,CE,Federal Contract Tower,0,10,11,0,21,0,3,23,1,27,0,13,34,1,48,30,0,30,78
09/14/2021,OWB,KY,ASO,CE,Federal Contract Tower,0,8,12,5,25,0,0,5,4,9,0,8,17,9,34,24,0,24,58
09/15/2021,OWB,KY,ASO,CE,Federal Contract Tower,0,11,7,10,28,0,0,12,8,20,0,11,19,18,48,42,2,44,92
09/16/2021,OWB,KY,ASO,CE,Federal Contract Tower,2,10,14,0,26,0,17,2,0,19,2,27,16,0,45,28,0,28,73
09/17/2021,OWB,KY,ASO,CE,Federal Contract Tower,0,10,15,2,27,0,0,14,0,14,0,10,29,2,41,8,0,8,49
09/18/2021,OWB,KY,ASO,CE,Federal Contract Tower,0,6,6,0,12,0,4,20,0,24,0,10,26,0,36,74,0,74,110
09/19/2021,OWB,KY,ASO,CE,Federal Contract Tower,2,9,6,0,17,0,0,6,2,8,2,9,12,2,25,8,0,8,33
09/20/2021,OWB,KY,ASO,CE,Federal Contract Tower,0,6,8,0,14,0,0,4,0,4,0,6,12,0,18,3,0,3,21
09/21/2021,OWB,KY,ASO,CE,Federal Contract Tower,0,6,7,0,13,0,0,24,0,24,0,6,31,0,37,78,0,78,115
09/22/2021,OWB,KY,ASO,CE,Federal Contract Tower,0,10,5,0,15,0,0,3,0,3,0,10,8,0,18,6,0,6,24
09/23/2021,OWB,KY,ASO,CE,Federal Contract Tower,2,12,12,10,36,0,1,37,0,38,2,13,49,10,74,26,0,26,100
09/24/2021,OWB,KY,ASO,CE,Federal Contract Tower,0,4,3,2,9,0,0,31,1,32,0,4,34,3,41,30,0,30,71
09/25/2021,OWB,KY,ASO,CE,Federal Contract Tower,0,7,9,0,16,0,0,35,1,36,0,7,44,1,52,42,0,42,94
09/26/2021,OWB,KY,ASO,CE,Federal Contract Tower,2,5,5,0,12,0,1,32,0,33,2,6,37,0,45,28,0,28,73
09/27/2021,OWB,KY,ASO,CE,Federal Contract Tower,0,12,16,8,36,0,0,23,1,24,0,12,39,9,60,20,0,20,80
09/28/2021,OWB,KY,ASO,CE,Federal Contract Tower,0,5,2,10,17,0,1,39,2,42,0,6,41,12,59,48,0,48,107
09/29/2021,OWB,KY,ASO,CE,Federal Contract Tower,0,7,14,9,30,0,0,41,0,41,0,7,55,9,71,44,0,44,115
09/30/2021,OWB,KY,ASO,CE,Federal Contract Tower,2,6,7,6,21,0,0,31,0,31,2,6,38,6,52,38,0,38,90
10/01/2021,OWB,KY,ASO,CE,Federal Contract Tower,0,7,12,0,19,0,0,31,0,31,0,7,43,0,50,6,0,6,56
10/02/2021,OWB,KY,ASO,CE,Federal Contract Tower,0,6,11,0,17,0,0,18,0,18,0,6,29,0,35,52,0,52,87
10/03/2021,OWB,KY,ASO,CE,Federal Contract Tower,2,7,16,0,25,0,0,9,0,9,2,7,25,0,34,6,0,6,40
10/04/2021,OWB,KY,ASO,CE,Federal Contract Tower,0,6,9,2,17,0,0,9,0,9,0,6,18,2,26,16,4,20,46
10/05/2021,OWB,KY,ASO,CE,Federal Contract Tower,0,7,4,8,19,0,0,17,0,17,0,7,21,8,36,24,6,30,66
10/06/2021,OWB,KY,ASO,CE,Federal Contract Tower,0,8,19,1,28,0,0,4,0,4,0,8,23,1,32,0,0,0,32
10/07/2021,OWB,KY,ASO,CE,Federal Contract Tower,0,9,10,1,20,0,0,24,4,28,0,9,34,5,48,44,0,44,92
10/08/2021,OWB,KY,ASO,CE,Federal Contract Tower,2,5,20,0,27,0,4,33,0,37,2,9,53,0,64,12,0,12,76
10/09/2021,OWB,KY,ASO,CE,Federal Contract Tower,0,4,18,0,22,0,2,50,0,52,0,6,68,0,74,42,0,42,116
10/10/2021,OWB,KY,ASO,CE,Federal Contract Tower,0,2,10,0,12,0,5,20,0,25,0,7,30,0,37,20,0,20,57
10/11/2021,OWB,KY,ASO,CE,Federal Contract Tower,2,9,14,0,25,0,0,10,0,10,2,9,24,0,35,0,0,0,35
10/12/2021,OWB,KY,ASO,CE,Federal Contract Tower,0,6,14,4,24,0,1,29,0,30,0,7,43,4,54,48,0,48,102
10/13/2021,OWB,KY,ASO,CE,Federal Contract Tower,0,7,11,4,22,0,0,22,0,22,0,7,33,4,44,18,0,18,62
10/14/2021,OWB,KY,ASO,CE,Federal Contract Tower,0,8,12,2,22,0,0,30,0,30,0,8,42,2,52,48,6,54,106
10/15/2021,OWB,KY,ASO,CE,Federal Contract Tower,2,7,8,8,25,0,1,5,0,6,2,8,13,8,31,6,0,6,37
10/16/2021,OWB,KY,ASO,CE,Federal Contract Tower,0,0,16,0,16,0,2,23,0,25,0,2,39,0,41,54,0,54,95
10/17/2021,OWB,KY,ASO,CE,Federal Contract Tower,0,1,11,4,16,0,6,52,0,58,0,7,63,4,74,24,0,24,98
10/18/2021,OWB,KY,ASO,CE,Federal Contract Tower,2,8,6,7,23,0,0,52,3,55,2,8,58,10,78,14,12,26,104
10/19/2021,OWB,KY,ASO,CE,Federal Contract Tower,0,6,9,2,17,0,0,37,4,41,0,6,46,6,58,14,6,20,78
10/20/2021,OWB,KY,ASO,CE,Federal Contract Tower,0,5,11,9,25,0,0,44,4,48,0,5,55,13,73,36,20,56,129
10/21/2021,OWB,KY,ASO,CE,Federal Contract Tower,0,7,11,8,26,0,0,22,2,24,0,7,33,10,50,16,20,36,86
10/22/2021,OWB,KY,ASO,CE,Federal Contract Tower,2,6,8,2,18,0,0,11,0,11,2,6,19,2,29,12,0,12,41
10/23/2021,OWB,KY,ASO,CE,Federal Contract Tower,0,8,13,0,21,0,0,25,0,25,0,8,38,0,46,62,0,62,108
10/24/2021,OWB,KY,ASO,CE,Federal Contract Tower,0,10,9,0,19,0,0,10,0,10,0,10,19,0,29,4,0,4,33
10/25/2021,OWB,KY,ASO,CE,Federal Contract Tower,2,9,10,2,23,0,0,0,0,0,2,9,10,2,23,0,0,0,23
10/26/2021,OWB,KY,ASO,CE,Federal Contract Tower,0,10,19,8,37,0,0,36,4,40,0,10,55,12,77,28,30,58,135
10/27/2021,OWB,KY,ASO,CE,Federal Contract Tower,0,4,22,3,29,0,4,32,3,39,0,8,54,6,68,24,30,54,122
10/28/2021,OWB,KY,ASO,CE,Federal Contract Tower,0,12,2,0,14,0,0,0,0,0,0,12,2,0,14,24,0,24,38
10/29/2021,OWB,KY,ASO,CE,Federal Contract Tower,2,13,15,2,32,0,0,3,0,3,2,13,18,2,35,4,0,4,39
10/30/2021,OWB,KY,ASO,CE,Federal Contract Tower,0,9,11,6,26,0,0,3,0,3,0,9,14,6,29,40,0,40,69
10/31/2021,OWB,KY,ASO,CE,Federal Contract Tower,0,6,10,0,16,0,1,19,0,20,0,7,29,0,36,32,0,32,68
11/01/2021,OWB,KY,ASO,CE,Federal Contract Tower,2,7,12,0,21,0,0,15,0,15,2,7,27,0,36,16,0,16,52
11/02/2021,OWB,KY,ASO,CE,Federal Contract Tower,0,8,13,3,24,0,0,20,1,21,0,8,33,4,45,50,0,50,95
11/03/2021,OWB,KY,ASO,CE,Federal Contract Tower,0,6,18,5,29,0,0,35,0,35,0,6,53,5,64,26,0,26,90
11/04/2021,OWB,KY,ASO,CE,Federal Contract Tower,0,5,5,0,10,0,2,28,0,30,0,7,33,0,40,36,0,36,76
11/05/2021,OWB,KY,ASO,CE,Federal Contract Tower,2,2,12,6,22,0,4,38,0,42,2,6,50,6,64,22,10,32,96
11/06/2021,OWB,KY,ASO,CE,Federal Contract Tower,0,3,13,2,18,0,3,45,0,48,0,6,58,2,66,72,0,72,138
11/07/2021,OWB,KY,ASO,CE,Federal Contract Tower,0,4,11,4,19,0,4,50,0,54,0,8,61,4,73,56,0,56,129
11/08/2021,OWB,KY,ASO,CE,Federal Contract Tower,2,10,4,7,23,0,0,26,4,30,2,10,30,11,53,6,0,6,59
11/09/2021,OWB,KY,ASO,CE,Federal Contract Tower,0,8,11,5,24,0,2,23,4,29,0,10,34,9,53,18,64,82,135
11/10/2021,OWB,KY,ASO,CE,Federal Contract Tower,0,18,15,4,37,0,0,44,0,44,0,18,59,4,81,74,10,84,165
11/11/2021,OWB,KY,ASO,CE,Federal Contract Tower,0,8,3,0,11,0,0,3,0,3,0,8,6,0,14,0,0,0,14
11/12/2021,OWB,KY,ASO,CE,Federal Contract Tower,2,6,15,0,23,0,1,7,6,14,2,7,22,6,37,0,0,0,37
11/13/2021,OWB,KY,ASO,CE,Federal Contract Tower,0,8,4,0,12,0,0,27,0,27,0,8,31,0,39,84,0,84,123
11/14/2021,OWB,KY,ASO,CE,Federal Contract Tower,0,8,9,0,17,0,0,2,0,2,0,8,11,0,19,0,0,0,19
11/15/2021,OWB,KY,ASO,CE,Federal Contract Tower,2,6,13,8,29,0,2,29,5,36,2,8,42,13,65,12,6,18,83
11/16/2021,OWB,KY,ASO,CE,Federal Contract Tower,0,7,29,9,45,0,0,25,0,25,0,7,54,9,70,14,0,14,84
11/17/2021,OWB,KY,ASO,CE,Federal Contract Tower,0,9,12,8,29,0,0,15,1,16,0,9,27,9,45,52,0,52,97
11/18/2021,OWB,KY,ASO,CE,Federal Contract Tower,0,9,15,16,40,0,0,23,0,23,0,9,38,16,63,14,0,14,77
11/19/2021,OWB,KY,ASO,CE,Federal Contract Tower,2,4,9,2,17,0,5,30,1,36,2,9,39,3,53,14,6,20,73
11/20/2021,OWB,KY,ASO,CE,Federal Contract Tower,0,2,26,0,28,0,4,46,0,50,0,6,72,0,78,72,0,72,150
11/21/2021,OWB,KY,ASO,CE,Federal Contract Tower,0,9,10,0,19,0,0,0,0,0,0,9,10,0,19,0,0,0,19
11/22/2021,OWB,KY,ASO,CE,Federal Contract Tower,2,5,12,0,19,0,0,17,2,19,2,5,29,2,38,4,0,4,42
11/23/2021,OWB,KY,ASO,CE,Federal Contract Tower,0,8,15,4,27,0,0,37,2,39,0,8,52,6,66,32,6,38,104
11/24/2021,OWB,KY,ASO,CE,Federal Contract Tower,2,6,8,7,23,0,0,38,1,39,2,6,46,8,62,30,10,40,102
11/25/2021,OWB,KY,ASO,CE,Federal Contract Tower,0,2,6,0,8,0,0,0,0,0,0,2,6,0,8,0,0,0,8
11/26/2021,OWB,KY,ASO,CE,Federal Contract Tower,0,1,8,0,9,0,3,46,0,49,0,4,54,0,58,16,0,16,74
11/27/2021,OWB,KY,ASO,CE,Federal Contract Tower,0,1,23,0,24,0,6,13,0,19,0,7,36,0,43,4,0,4,47
11/28/2021,OWB,KY,ASO,CE,Federal Contract Tower,2,3,12,0,17,0,5,17,0,22,2,8,29,0,39,10,0,10,49
11/29/2021,OWB,KY,ASO,CE,Federal Contract Tower,0,10,8,6,24,0,2,21,0,23,0,12,29,6,47,6,0,6,53
11/30/2021,OWB,KY,ASO,CE,Federal Contract Tower,0,7,14,0,21,0,1,12,6,19,0,8,26,6,40,14,0,14,54
12/01/2021,OWB,KY,ASO,CE,Federal Contract Tower,0,6,5,12,23,0,0,11,2,13,0,6,16,14,36,4,0,4,40
12/02/2021,OWB,KY,ASO,CE,Federal Contract Tower,0,6,6,2,14,0,0,24,2,26,0,6,30,4,40,30,0,30,70
12/03/2021,OWB,KY,ASO,CE,Federal Contract Tower,0,4,5,2,11,0,6,37,0,43,0,10,42,2,54,10,10,20,74
12/04/2021,OWB,KY,ASO,CE,Federal Contract Tower,0,4,14,0,18,0,2,23,0,25,0,6,37,0,43,76,0,76,119
12/05/2021,OWB,KY,ASO,CE,Federal Contract Tower,0,6,2,0,8,0,0,0,0,0,0,6,2,0,8,0,0,0,8
12/06/2021,OWB,KY,ASO,CE,Federal Contract Tower,0,7,12,0,19,0,1,11,0,12,0,8,23,0,31,6,0,6,37
12/07/2021,OWB,KY,ASO,CE,Federal Contract Tower,0,6,7,3,16,0,5,14,5,24,0,11,21,8,40,26,0,26,66
12/08/2021,OWB,KY,ASO,CE,Federal Contract Tower,0,3,12,7,22,0,4,39,1,44,0,7,51,8,66,64,14,78,144
12/09/2021,OWB,KY,ASO,CE,Federal Contract Tower,0,2,11,5,18,0,2,9,9,20,0,4,20,14,38,30,0,30,68
12/10/2021,OWB,KY,ASO,CE,Federal Contract Tower,0,10,14,0,24,0,0,0,0,0,0,10,14,0,24,0,0,0,24
12/11/2021,OWB,KY,ASO,CE,Federal Contract Tower,0,7,1,0,8,0,0,4,0,4,0,7,5,0,12,0,0,0,12
12/12/2021,OWB,KY,ASO,CE,Federal Contract Tower,0,2,3,2,7,0,3,27,0,30,0,5,30,2,37,0,0,0,37
12/13/2021,OWB,KY,ASO,CE,Federal Contract Tower,0,6,10,14,30,0,2,47,10,59,0,8,57,24,89,38,0,38,127
12/14/2021,OWB,KY,ASO,CE,Federal Contract Tower,0,6,14,8,28,0,6,29,0,35,0,12,43,8,63,44,0,44,107
12/15/2021,OWB,KY,ASO,CE,Federal Contract Tower,0,6,8,6,20,0,0,7,2,9,0,6,15,8,29,0,26,26,55
12/16/2021,OWB,KY,ASO,CE,Federal Contract Tower,0,6,8,0,14,0,0,2,0,2,0,6,10,0,16,10,0,10,26
12/17/2021,OWB,KY,ASO,CE,Federal Contract Tower,0,7,2,4,13,0,0,0,0,0,0,7,2,4,13,12,0,12,25
12/18/2021,OWB,KY,ASO,CE,Federal Contract Tower,0,7,0,0,7,0,0,0,0,0,0,7,0,0,7,0,0,0,7
12/19/2021,OWB,KY,ASO,CE,Federal Contract Tower,0,1,9,0,10,0,2,33,0,35,0,3,42,0,45,8,0,8,53
12/20/2021,OWB,KY,ASO,CE,Federal Contract Tower,0,7,12,0,19,0,0,25,1,26,0,7,37,1,45,20,0,20,65
12/21/2021,OWB,KY,ASO,CE,Federal Contract Tower,0,6,25,4,35,0,0,40,0,40,0,6,65,4,75,6,26,32,107
12/22/2021,OWB,KY,ASO,CE,Federal Contract Tower,0,7,15,0,22,0,0,40,0,40,0,7,55,0,62,34,0,34,96
12/23/2021,OWB,KY,ASO,CE,Federal Contract Tower,0,2,4,0,6,0,4,38,0,42,0,6,42,0,48,6,0,6,54
12/24/2021,OWB,KY,ASO,CE,Federal Contract Tower,0,8,2,0,10,0,0,2,0,2,0,8,4,0,12,0,0,0,12
12/25/2021,OWB,KY,ASO,CE,Federal Contract Tower,0,8,3,0,11,0,0,0,0,0,0,8,3,0,11,0,0,0,11
12/26/2021,OWB,KY,ASO,CE,Federal Contract Tower,0,6,2,0,8,0,0,9,0,9,0,6,11,0,17,6,0,6,23
12/27/2021,OWB,KY,ASO,CE,Federal Contract Tower,0,8,4,0,12,0,0,13,0,13,0,8,17,0,25,10,0,10,35
12/28/2021,OWB,KY,ASO,CE,Federal Contract Tower,0,8,2,0,10,0,0,4,0,4,0,8,6,0,14,0,0,0,14
12/29/2021,OWB,KY,ASO,CE,Federal Contract Tower,0,6,9,0,15,0,0,0,0,0,0,6,9,0,15,20,0,20,35
12/30/2021,OWB,KY,ASO,CE,Federal Contract Tower,0,6,7,0,13,0,0,0,0,0,0,6,7,0,13,0,0,0,13
12/31/2021,OWB,KY,ASO,CE,Federal Contract Tower,0,6,6,0,12,0,0,14,0,14,0,6,20,0,26,6,0,6,32
01/01/2022,OWB,KY,ASO,CE,Federal Contract Tower,0,6,2,0,8,0,0,0,0,0,0,6,2,0,8,0,0,0,8
01/02/2022,OWB,KY,ASO,CE,Federal Contract Tower,0,10,4,0,14,0,0,2,0,2,0,10,6,0,16,0,0,0,16
01/03/2022,OWB,KY,ASO,CE,Federal Contract Tower,0,6,7,2,15,0,0,5,0,5,0,6,12,2,20,6,0,6,26
01/04/2022,OWB,KY,ASO,CE,Federal Contract Tower,0,12,19,9,40,0,0,25,2,27,0,12,44,11,67,18,0,18,85
01/05/2022,OWB,KY,ASO,CE,Federal Contract Tower,0,5,14,10,29,0,1,26,4,31,0,6,40,14,60,20,4,24,84
01/06/2022,OWB,KY,ASO,CE,Federal Contract Tower,0,6,1,0,7,0,0,0,0,0,0,6,1,0,7,0,0,0,7
01/07/2022,OWB,KY,ASO,CE,Federal Contract Tower,2,5,13,0,20,0,4,7,0,11,2,9,20,0,31,4,0,4,35
01/08/2022,OWB,KY,ASO,CE,Federal Contract Tower,0,6,16,2,24,0,2,3,2,7,0,8,19,4,31,12,0,12,43
01/09/2022,OWB,KY,ASO,CE,Federal Contract Tower,0,8,5,0,13,0,0,3,0,3,0,8,8,0,16,2,0,2,18
01/10/2022,OWB,KY,ASO,CE,Federal Contract Tower,2,1,9,0,12,0,5,9,0,14,2,6,18,0,26,16,0,16,42
01/11/2022,OWB,KY,ASO,CE,Federal Contract Tower,0,7,8,16,31,0,2,18,0,20,0,9,26,16,51,14,0,14,65
01/12/2022,OWB,KY,ASO,CE,Federal Contract Tower,0,11,8,17,36,0,0,31,1,32,0,11,39,18,68,50,0,50,118
01/13/2022,OWB,KY,ASO,CE,Federal Contract Tower,0,5,10,8,23,0,4,25,1,30,0,9,35,9,53,82,0,82,135
01/14/2022,OWB,KY,ASO,CE,Federal Contract Tower,2,8,12,0,22,0,0,0,0,0,2,8,12,0,22,0,0,0,22
01/15/2022,OWB,KY,ASO,CE,Federal Contract Tower,0,7,4,0,11,0,0,11,0,11,0,7,15,0,22,36,0,36,58
01/16/2022,OWB,KY,ASO,CE,Federal Contract Tower,0,5,11,0,16,0,2,16,0,18,0,7,27,0,34,40,0,40,74
01/17/2022,OWB,KY,ASO,CE,Federal Contract Tower,0,8,6,0,14,0,0,1,0,1,0,8,7,0,15,0,0,0,15
01/18/2022,OWB,KY,ASO,CE,Federal Contract Tower,0,6,34,7,47,0,1,19,1,21,0,7,53,8,68,48,0,48,116
01/19/2022,OWB,KY,ASO,CE,Federal Contract Tower,0,7,3,1,11,0,0,0,0,0,0,7,3,1,11,0,0,0,11
01/20/2022,OWB,KY,ASO,CE,Federal Contract Tower,0,5,3,5,13,0,0,7,4,11,0,5,10,9,24,10,0,10,34
01/21/2022,OWB,KY,ASO,CE,Federal Contract Tower,2,5,7,9,23,0,4,36,9,49,2,9,43,18,72,48,0,48,120
01/22/2022,OWB,KY,ASO,CE,Federal Contract Tower,0,5,4,0,9,0,3,20,0,23,0,8,24,0,32,14,0,14,46
01/23/2022,OWB,KY,ASO,CE,Federal Contract Tower,0,0,5,0,5,0,3,11,0,14,0,3,16,0,19,2,0,2,21
01/24/2022,OWB,KY,ASO,CE,Federal Contract Tower,2,6,7,2,17,0,1,12,0,13,2,7,19,2,30,24,0,24,54
01/25/2022,OWB,KY,ASO,CE,Federal Contract Tower,0,7,14,8,29,0,0,21,6,27,0,7,35,14,56,0,0,0,56
01/26/2022,OWB,KY,ASO,CE,Federal Contract Tower,0,3,14,5,22,0,2,21,0,23,0,5,35,5,45,32,0,32,77
01/27/2022,OWB,KY,ASO,CE,Federal Contract Tower,0,5,5,3,13,0,0,6,4,10,0,5,11,7,23,0,0,0,23
01/28/2022,OWB,KY,ASO,CE,Federal Contract Tower,2,3,3,0,8,0,0,2,0,2,2,3,5,0,10,10,0,10,20
01/29/2022,OWB,KY,ASO,CE,Federal Contract Tower,0,0,7,0,7,0,0,36,0,36,0,0,43,0,43,38,0,38,81
01/30/2022,OWB,KY,ASO,CE,Federal Contract Tower,0,3,9,0,12,0,1,17,0,18,0,4,26,0,30,40,0,40,70
01/31/2022,OWB,KY,ASO,CE,Federal Contract Tower,2,4,10,5,21,0,0,24,0,24,2,4,34,5,45,28,0,28,73
02/01/2022,OWB,KY,ASO,CE,Federal Contract Tower,0,8,10,7,25,0,1,23,3,27,0,9,33,10,52,40,0,40,92
02/02/2022,OWB,KY,ASO,CE,Federal Contract Tower,0,2,5,2,9,0,0,0,0,0,0,2,5,2,9,0,0,0,9
02/03/2022,OWB,KY,ASO,CE,Federal Contract Tower,0,0,0,0,0,0,0,0,0,0,0,0,0,0,0,0,0,0,0
02/04/2022,OWB,KY,ASO,CE,Federal Contract Tower,0,1,1,0,2,0,1,0,0,1,0,2,1,0,3,0,0,0,3
02/05/2022,OWB,KY,ASO,CE,Federal Contract Tower,0,3,7,0,10,0,0,0,0,0,0,3,7,0,10,0,0,0,10
02/06/2022,OWB,KY,ASO,CE,Federal Contract Tower,0,1,3,0,4,0,3,20,0,23,0,4,23,0,27,26,0,26,53
02/07/2022,OWB,KY,ASO,CE,Federal Contract Tower,2,3,10,2,17,0,2,17,0,19,2,5,27,2,36,38,0,38,74
02/08/2022,OWB,KY,ASO,CE,Federal Contract Tower,0,0,6,7,13,0,9,12,3,24,0,9,18,10,37,42,0,42,79
02/09/2022,OWB,KY,ASO,CE,Federal Contract Tower,0,3,14,6,23,0,7,29,0,36,0,10,43,6,59,20,0,20,79
02/10/2022,OWB,KY,ASO,CE,Federal Contract Tower,0,6,16,0,22,0,10,7,0,17,0,16,23,0,39,20,0,20,59
02/11/2022,OWB,KY,ASO,CE,Federal Contract Tower,2,8,7,2,19,0,1,6,0,7,2,9,13,2,26,16,0,16,42
02/12/2022,OWB,KY,ASO,CE,Federal Contract Tower,0,5,0,0,5,0,0,7,0,7,0,5,7,0,12,0,0,0,12
02/13/2022,OWB,KY,ASO,CE,Federal Contract Tower,0,3,11,2,16,0,4,26,2,32,0,7,37,4,48,34,6,40,88
02/14/2022,OWB,KY,ASO,CE,Federal Contract Tower,2,4,8,0,14,0,3,53,0,56,2,7,61,0,70,38,0,38,108
02/15/2022,OWB,KY,ASO,CE,Federal Contract Tower,0,0,15,5,20,0,5,19,0,24,0,5,34,5,44,22,0,22,66
02/16/2022,OWB,KY,ASO,CE,Federal Contract Tower,0,2,13,5,20,0,3,6,0,9,0,5,19,5,29,0,0,0,29
02/17/2022,OWB,KY,ASO,CE,Federal Contract Tower,0,8,6,0,14,0,0,0,0,0,0,8,6,0,14,0,0,0,14
02/18/2022,OWB,KY,ASO,CE,Federal Contract Tower,2,2,21,0,25,0,3,22,0,25,2,5,43,0,50,30,0,30,80
02/19/2022,OWB,KY,ASO,CE,Federal Contract Tower,0,0,7,0,7,0,4,32,0,36,0,4,39,0,43,26,0,26,69
02/20/2022,OWB,KY,ASO,CE,Federal Contract Tower,0,0,6,0,6,0,4,25,0,29,0,4,31,0,35,20,0,20,55
02/21/2022,OWB,KY,ASO,CE,Federal Contract Tower,0,12,8,0,20,0,2,14,0,16,0,14,22,0,36,42,0,42,78
02/22/2022,OWB,KY,ASO,CE,Federal Contract Tower,0,10,1,0,11,0,0,0,0,0,0,10,1,0,11,0,0,0,11
02/23/2022,OWB,KY,ASO,CE,Federal Contract Tower,0,10,5,0,15,0,0,19,0,19,0,10,24,0,34,44,0,44,78
02/24/2022,OWB,KY,ASO,CE,Federal Contract Tower,0,5,1,0,6,0,0,0,0,0,0,5,1,0,6,0,0,0,6
02/25/2022,OWB,KY,ASO,CE,Federal Contract Tower,2,5,6,0,13,0,0,4,0,4,2,5,10,0,17,8,0,8,25
02/26/2022,OWB,KY,ASO,CE,Federal Contract Tower,0,5,10,0,15,0,1,39,6,46,0,6,49,6,61,28,0,28,89
02/27/2022,OWB,KY,ASO,CE,Federal Contract Tower,0,4,13,1,18,0,2,30,1,33,0,6,43,2,51,34,12,46,97
02/28/2022,OWB,KY,ASO,CE,Federal Contract Tower,2,1,14,4,21,0,5,22,7,34,2,6,36,11,55,62,0,62,117
03/01/2022,OWB,KY,ASO,CE,Federal Contract Tower,0,1,16,0,17,0,4,26,6,36,0,5,42,6,53,14,0,14,67
03/02/2022,OWB,KY,ASO,CE,Federal Contract Tower,0,1,11,8,20,0,4,16,5,25,0,5,27,13,45,4,4,8,53
03/03/2022,OWB,KY,ASO,CE,Federal Contract Tower,0,1,9,2,12,0,5,31,6,42,0,6,40,8,54,54,8,62,116
03/04/2022,OWB,KY,ASO,CE,Federal Contract Tower,2,2,7,0,11,0,2,38,2,42,2,4,45,2,53,40,0,40,93
03/05/2022,OWB,KY,ASO,CE,Federal Contract Tower,0,4,10,0,14,0,1,16,0,17,0,5,26,0,31,22,0,22,53
03/06/2022,OWB,KY,ASO,CE,Federal Contract Tower,0,9,10,0,19,0,0,0,0,0,0,9,10,0,19,0,0,0,19
03/07/2022,OWB,KY,ASO,CE,Federal Contract Tower,2,6,6,0,14,0,0,0,0,0,2,6,6,0,14,0,0,0,14
03/08/2022,OWB,KY,ASO,CE,Federal Contract Tower,0,6,10,2,18,0,2,8,3,13,0,8,18,5,31,0,0,0,31
03/09/2022,OWB,KY,ASO,CE,Federal Contract Tower,0,3,3,1,7,0,1,29,0,30,0,4,32,1,37,24,2,26,63
03/10/2022,OWB,KY,ASO,CE,Federal Contract Tower,0,5,17,10,32,0,5,41,0,46,0,10,58,10,78,72,0,72,150
03/11/2022,OWB,KY,ASO,CE,Federal Contract Tower,0,0,5,0,5,0,0,3,0,3,0,0,8,0,8,12,0,12,20
03/12/2022,OWB,KY,ASO,CE,Federal Contract Tower,0,4,2,0,6,0,2,16,0,18,0,6,18,0,24,20,0,20,44
03/13/2022,OWB,KY,ASO,CE,Federal Contract Tower,0,2,4,0,6,0,0,2,0,2,0,2,6,0,8,0,0,0,8
03/14/2022,OWB,KY,ASO,CE,Federal Contract Tower,2,1,8,6,17,0,3,27,3,33,2,4,35,9,50,56,0,56,106
03/15/2022,OWB,KY,ASO,CE,Federal Contract Tower,0,0,4,4,8,0,3,28,1,32,0,3,32,5,40,40,0,40,80
03/16/2022,OWB,KY,ASO,CE,Federal Contract Tower,0,3,10,2,15,0,1,27,0,28,0,4,37,2,43,22,0,22,65
03/17/2022,OWB,KY,ASO,CE,Federal Contract Tower,0,0,16,3,19,0,4,24,2,30,0,4,40,5,49,26,0,26,75
03/18/2022,OWB,KY,ASO,CE,Federal Contract Tower,2,5,3,0,10,0,2,4,0,6,2,7,7,0,16,0,0,0,16
03/19/2022,OWB,KY,ASO,CE,Federal Contract Tower,0,7,2,0,9,0,1,2,0,3,0,8,4,0,12,0,0,0,12
03/20/2022,OWB,KY,ASO,CE,Federal Contract Tower,0,1,7,0,8,0,4,26,0,30,0,5,33,0,38,52,0,52,90
03/21/2022,OWB,KY,ASO,CE,Federal Contract Tower,2,3,6,4,15,0,4,25,0,29,2,7,31,4,44,62,0,62,106
03/22/2022,OWB,KY,ASO,CE,Federal Contract Tower,0,5,10,0,15,0,0,0,0,0,0,5,10,0,15,4,0,4,19
03/23/2022,OWB,KY,ASO,CE,Federal Contract Tower,0,5,7,2,14,0,0,3,0,3,0,5,10,2,17,14,0,14,31
03/24/2022,OWB,KY,ASO,CE,Federal Contract Tower,0,10,4,2,16,0,0,4,0,4,0,10,8,2,20,12,0,12,32
03/25/2022,OWB,KY,ASO,CE,Federal Contract Tower,2,5,13,5,25,0,1,5,0,6,2,6,18,5,31,26,12,38,69
03/26/2022,OWB,KY,ASO,CE,Federal Contract Tower,0,4,5,0,9,0,3,8,0,11,0,7,13,0,20,12,0,12,32
03/27/2022,OWB,KY,ASO,CE,Federal Contract Tower,0,1,15,0,16,0,4,39,0,43,0,5,54,0,59,54,0,54,113
03/28/2022,OWB,KY,ASO,CE,Federal Contract Tower,1,3,17,4,25,0,4,37,0,41,1,7,54,4,66,34,0,34,100
03/29/2022,OWB,KY,ASO,CE,Federal Contract Tower,0,6,7,11,24,0,0,12,5,17,0,6,19,16,41,20,6,26,67
03/30/2022,OWB,KY,ASO,CE,Federal Contract Tower,0,2,3,2,7,0,2,2,0,4,0,4,5,2,11,0,20,20,31
03/31/2022,OWB,KY,ASO,CE,Federal Contract Tower,0,7,6,0,13,0,0,7,2,9,0,7,13,2,22,14,0,14,36
04/01/2022,OWB,KY,ASO,CE,Federal Contract Tower,2,12,8,1,23,0,0,39,0,39,2,12,47,1,62,50,0,50,112
04/02/2022,OWB,KY,ASO,CE,Federal Contract Tower,0,7,10,0,17,0,0,33,0,33,0,7,43,0,50,30,0,30,80
04/03/2022,OWB,KY,ASO,CE,Federal Contract Tower,0,5,3,0,8,0,0,60,0,60,0,5,63,0,68,78,0,78,146
04/04/2022,OWB,KY,ASO,CE,Federal Contract Tower,2,9,15,0,26,0,1,15,0,16,2,10,30,0,42,49,0,49,91
04/05/2022,OWB,KY,ASO,CE,Federal Contract Tower,0,6,4,2,12,0,1,4,0,5,0,7,8,2,17,8,0,8,25
04/06/2022,OWB,KY,ASO,CE,Federal Contract Tower,0,6,6,4,16,0,1,23,4,28,0,7,29,8,44,0,0,0,44
04/07/2022,OWB,KY,ASO,CE,Federal Contract Tower,0,3,7,4,14,0,7,11,1,19,0,10,18,5,33,18,0,18,51
04/08/2022,OWB,KY,ASO,CE,Federal Contract Tower,2,11,8,0,21,0,0,1,0,1,2,11,9,0,22,0,0,0,22
04/09/2022,OWB,KY,ASO,CE,Federal Contract Tower,0,9,8,0,17,0,0,7,0,7,0,9,15,0,24,12,0,12,36
04/10/2022,OWB,KY,ASO,CE,Federal Contract Tower,0,5,7,0,12,0,0,19,1,20,0,5,26,1,32,12,0,12,44
04/11/2022,OWB,KY,ASO,CE,Federal Contract Tower,2,6,8,0,16,0,0,0,0,0,2,6,8,0,16,0,0,0,16
04/12/2022,OWB,KY,ASO,CE,Federal Contract Tower,0,6,11,2,19,0,0,3,0,3,0,6,14,2,22,22,0,22,44
04/13/2022,OWB,KY,ASO,CE,Federal Contract Tower,0,6,1,0,7,0,0,0,0,0,0,6,1,0,7,0,0,0,7
04/14/2022,OWB,KY,ASO,CE,Federal Contract Tower,0,8,18,0,26,0,1,62,2,65,0,9,80,2,91,66,0,66,157
04/15/2022,OWB,KY,ASO,CE,Federal Contract Tower,2,6,8,4,20,0,0,29,2,31,2,6,37,6,51,44,6,50,101
04/16/2022,OWB,KY,ASO,CE,Federal Contract Tower,0,5,5,0,10,0,0,27,0,27,0,5,32,0,37,14,0,14,51
04/17/2022,OWB,KY,ASO,CE,Federal Contract Tower,0,4,9,0,13,0,1,15,0,16,0,5,24,0,29,40,0,40,69
04/18/2022,OWB,KY,ASO,CE,Federal Contract Tower,3,6,15,0,24,0,0,12,0,12,3,6,27,0,36,32,0,32,68
04/19/2022,OWB,KY,ASO,CE,Federal Contract Tower,0,4,9,0,13,0,5,59,2,66,0,9,68,2,79,50,0,50,129
04/20/2022,OWB,KY,ASO,CE,Federal Contract Tower,0,2,5,2,9,0,4,17,1,22,0,6,22,3,31,18,0,18,49
04/21/2022,OWB,KY,ASO,CE,Federal Contract Tower,0,7,13,0,20,0,0,19,4,23,0,7,32,4,43,28,4,32,75
04/22/2022,OWB,KY,ASO,CE,Federal Contract Tower,2,3,6,2,13,0,0,44,0,44,2,3,50,2,57,60,0,60,117
04/23/2022,OWB,KY,ASO,CE,Federal Contract Tower,0,6,9,0,15,0,1,21,0,22,0,7,30,0,37,12,0,12,49
04/24/2022,OWB,KY,ASO,CE,Federal Contract Tower,0,8,5,1,14,0,3,11,8,22,0,11,16,9,36,0,0,0,36
04/25/2022,OWB,KY,ASO,CE,Federal Contract Tower,2,8,7,0,17,0,0,3,0,3,2,8,10,0,20,6,0,6,26
04/26/2022,OWB,KY,ASO,CE,Federal Contract Tower,0,7,12,3,22,0,3,41,7,51,0,10,53,10,73,38,2,40,113
04/27/2022,OWB,KY,ASO,CE,Federal Contract Tower,0,2,19,9,30,0,7,50,1,58,0,9,69,10,88,44,4,48,136
04/28/2022,OWB,KY,ASO,CE,Federal Contract Tower,0,11,11,4,26,0,2,38,0,40,0,13,49,4,66,46,10,56,122
04/29/2022,OWB,KY,ASO,CE,Federal Contract Tower,2,9,6,0,17,0,0,23,0,23,2,9,29,0,40,42,0,42,82
04/30/2022,OWB,KY,ASO,CE,Federal Contract Tower,0,4,4,0,8,0,3,22,0,25,0,7,26,0,33,50,0,50,83
05/01/2022,OWB,KY,ASO,CE,Federal Contract Tower,0,5,11,0,16,0,0,30,0,30,0,5,41,0,46,36,0,36,82
05/02/2022,OWB,KY,ASO,CE,Federal Contract Tower,2,1,3,4,10,0,3,48,6,57,2,4,51,10,67,102,6,108,175
05/03/2022,OWB,KY,ASO,CE,Federal Contract Tower,0,8,1,0,9,0,2,2,0,4,0,10,3,0,13,6,0,6,19
05/04/2022,OWB,KY,ASO,CE,Federal Contract Tower,0,6,26,4,36,0,0,28,8,36,0,6,54,12,72,78,0,78,150
05/05/2022,OWB,KY,ASO,CE,Federal Contract Tower,0,3,17,2,22,0,0,0,0,0,0,3,17,2,22,10,0,10,32
05/06/2022,OWB,KY,ASO,CE,Federal Contract Tower,2,6,6,0,14,0,0,2,0,2,2,6,8,0,16,0,0,0,16
05/07/2022,OWB,KY,ASO,CE,Federal Contract Tower,0,5,20,2,27,0,0,22,0,22,0,5,42,2,49,44,0,44,93
05/08/2022,OWB,KY,ASO,CE,Federal Contract Tower,0,6,9,0,15,0,0,18,0,18,0,6,27,0,33,4,0,4,37
05/09/2022,OWB,KY,ASO,CE,Federal Contract Tower,2,5,17,0,24,0,9,24,0,33,2,14,41,0,57,52,0,52,109
05/10/2022,OWB,KY,ASO,CE,Federal Contract Tower,0,3,17,6,26,0,4,68,1,73,0,7,85,7,99,74,22,96,195
05/11/2022,OWB,KY,ASO,CE,Federal Contract Tower,0,3,13,0,16,0,3,21,0,24,0,6,34,0,40,38,0,38,78
05/12/2022,OWB,KY,ASO,CE,Federal Contract Tower,0,6,13,0,19,0,0,55,0,55,0,6,68,0,74,90,0,90,164
05/13/2022,OWB,KY,ASO,CE,Federal Contract Tower,2,0,15,0,17,0,4,30,0,34,2,4,45,0,51,24,0,24,75
05/14/2022,OWB,KY,ASO,CE,Federal Contract Tower,0,7,8,4,19,0,0,23,1,24,0,7,31,5,43,22,4,26,69
05/15/2022,OWB,KY,ASO,CE,Federal Contract Tower,0,6,7,10,23,0,0,27,0,27,0,6,34,10,50,10,0,10,60
05/16/2022,OWB,KY,ASO,CE,Federal Contract Tower,2,1,32,4,39,0,4,31,0,35,2,5,63,4,74,50,0,50,124
05/17/2022,OWB,KY,ASO,CE,Federal Contract Tower,0,1,12,18,31,0,5,42,0,47,0,6,54,18,78,78,16,94,172
05/18/2022,OWB,KY,ASO,CE,Federal Contract Tower,0,4,8,8,20,0,1,10,5,16,0,5,18,13,36,6,2,8,44
05/19/2022,OWB,KY,ASO,CE,Federal Contract Tower,0,6,2,0,8,0,2,19,2,23,0,8,21,2,31,16,0,16,47
05/20/2022,OWB,KY,ASO,CE,Federal Contract Tower,2,4,12,6,24,0,6,1,0,7,2,10,13,6,31,0,0,0,31
05/21/2022,OWB,KY,ASO,CE,Federal Contract Tower,0,0,5,0,5,0,2,4,0,6,0,2,9,0,11,0,0,0,11
05/22/2022,OWB,KY,ASO,CE,Federal Contract Tower,0,12,12,0,24,0,0,18,0,18,0,12,30,0,42,48,0,48,90
05/23/2022,OWB,KY,ASO,CE,Federal Contract Tower,2,8,20,0,30,0,5,28,0,33,2,13,48,0,63,48,0,48,111
05/24/2022,OWB,KY,ASO,CE,Federal Contract Tower,0,9,11,2,22,0,0,12,2,14,0,9,23,4,36,14,0,14,50
05/25/2022,OWB,KY,ASO,CE,Federal Contract Tower,0,5,4,0,9,0,0,3,0,3,0,5,7,0,12,0,0,0,12
05/26/2022,OWB,KY,ASO,CE,Federal Contract Tower,0,7,7,0,14,0,0,0,0,0,0,7,7,0,14,0,0,0,14
05/27/2022,OWB,KY,ASO,CE,Federal Contract Tower,2,6,24,0,32,0,0,8,0,8,2,6,32,0,40,32,0,32,72
05/28/2022,OWB,KY,ASO,CE,Federal Contract Tower,0,7,9,0,16,0,0,27,0,27,0,7,36,0,43,70,0,70,113
05/29/2022,OWB,KY,ASO,CE,Federal Contract Tower,0,8,1,0,9,0,0,34,0,34,0,8,35,0,43,26,0,26,69
05/30/2022,OWB,KY,ASO,CE,Federal Contract Tower,2,2,11,0,15,0,4,27,0,31,2,6,38,0,46,24,0,24,70
05/31/2022,OWB,KY,ASO,CE,Federal Contract Tower,0,2,5,6,13,0,5,38,0,43,0,7,43,6,56,48,2,50,106
06/01/2022,OWB,KY,ASO,CE,Federal Contract Tower,0,5,11,2,18,0,2,33,0,35,0,7,44,2,53,44,6,50,103
06/02/2022,OWB,KY,ASO,CE,Federal Contract Tower,0,6,17,3,26,0,1,9,1,11,0,7,26,4,37,18,0,18,55
06/03/2022,OWB,KY,ASO,CE,Federal Contract Tower,2,1,2,4,9,0,6,58,0,64,2,7,60,4,73,22,0,22,95
06/04/2022,OWB,KY,ASO,CE,Federal Contract Tower,0,1,8,0,9,0,4,50,0,54,0,5,58,0,63,84,0,84,147
06/05/2022,OWB,KY,ASO,CE,Federal Contract Tower,0,1,7,0,8,0,4,20,0,24,0,5,27,0,32,10,0,10,42
06/06/2022,OWB,KY,ASO,CE,Federal Contract Tower,2,2,3,0,7,0,0,5,0,5,2,2,8,0,12,4,0,4,16
06/07/2022,OWB,KY,ASO,CE,Federal Contract Tower,0,3,14,2,19,0,2,22,0,24,0,5,36,2,43,0,22,22,65
06/08/2022,OWB,KY,ASO,CE,Federal Contract Tower,0,6,5,1,12,0,0,2,0,2,0,6,7,1,14,6,0,6,20
06/09/2022,OWB,KY,ASO,CE,Federal Contract Tower,0,1,15,6,22,0,5,73,7,85,0,6,88,13,107,62,14,76,183
06/10/2022,OWB,KY,ASO,CE,Federal Contract Tower,2,5,10,2,19,0,4,35,2,41,2,9,45,4,60,30,0,30,90
06/11/2022,OWB,KY,ASO,CE,Federal Contract Tower,0,2,1,0,3,0,5,39,0,44,0,7,40,0,47,50,0,50,97
06/12/2022,OWB,KY,ASO,CE,Federal Contract Tower,0,5,16,0,21,0,4,16,0,20,0,9,32,0,41,10,0,10,51
06/13/2022,OWB,KY,ASO,CE,Federal Contract Tower,2,5,7,10,24,0,0,30,0,30,2,5,37,10,54,104,0,104,158
06/14/2022,OWB,KY,ASO,CE,Federal Contract Tower,0,7,10,4,21,0,1,43,0,44,0,8,53,4,65,56,0,56,121
06/15/2022,OWB,KY,ASO,CE,Federal Contract Tower,0,2,8,2,12,0,2,42,3,47,0,4,50,5,59,60,0,60,119
06/16/2022,OWB,KY,ASO,CE,Federal Contract Tower,0,2,17,2,21,0,5,41,0,46,0,7,58,2,67,26,0,26,93
06/17/2022,OWB,KY,ASO,CE,Federal Contract Tower,2,6,8,0,16,0,3,14,0,17,2,9,22,0,33,0,0,0,33
06/18/2022,OWB,KY,ASO,CE,Federal Contract Tower,0,6,6,0,12,0,0,20,0,20,0,6,26,0,32,16,0,16,48
06/19/2022,OWB,KY,ASO,CE,Federal Contract Tower,0,8,11,2,21,0,0,42,0,42,0,8,53,2,63,52,0,52,115
06/20/2022,OWB,KY,ASO,CE,Federal Contract Tower,1,2,6,0,9,0,7,32,0,39,1,9,38,0,48,60,0,60,108
06/21/2022,OWB,KY,ASO,CE,Federal Contract Tower,0,4,3,4,11,0,5,32,4,41,0,9,35,8,52,38,0,38,90
06/22/2022,OWB,KY,ASO,CE,Federal Contract Tower,0,4,6,0,10,0,2,41,0,43,0,6,47,0,53,34,0,34,87
06/23/2022,OWB,KY,ASO,CE,Federal Contract Tower,0,6,20,0,26,0,3,28,2,33,0,9,48,2,59,32,0,32,91
06/24/2022,OWB,KY,ASO,CE,Federal Contract Tower,2,0,7,4,13,0,6,38,3,47,2,6,45,7,60,22,8,30,90
06/25/2022,OWB,KY,ASO,CE,Federal Contract Tower,0,2,18,0,20,0,4,62,0,66,0,6,80,0,86,38,0,38,124
06/26/2022,OWB,KY,ASO,CE,Federal Contract Tower,0,4,7,0,11,0,4,1,0,5,0,8,8,0,16,0,0,0,16
06/27/2022,OWB,KY,ASO,CE,Federal Contract Tower,1,0,17,4,22,0,5,46,1,52,1,5,63,5,74,30,0,30,104
06/28/2022,OWB,KY,ASO,CE,Federal Contract Tower,0,1,6,3,10,0,5,42,0,47,0,6,48,3,57,90,0,90,147
06/29/2022,OWB,KY,ASO,CE,Federal Contract Tower,0,4,14,2,20,0,4,35,0,39,0,8,49,2,59,36,4,40,99
06/30/2022,OWB,KY,ASO,CE,Federal Contract Tower,0,2,8,3,13,0,3,36,3,42,0,5,44,6,55,88,34,122,177
07/01/2022,OWB,KY,ASO,CE,Federal Contract Tower,2,7,6,0,15,0,1,34,0,35,2,8,40,0,50,54,0,54,104
07/02/2022,OWB,KY,ASO,CE,Federal Contract Tower,0,7,3,0,10,0,0,16,0,16,0,7,19,0,26,58,0,58,84
07/03/2022,OWB,KY,ASO,CE,Federal Contract Tower,0,10,8,0,18,0,0,6,0,6,0,10,14,0,24,6,0,6,30
07/04/2022,OWB,KY,ASO,CE,Federal Contract Tower,2,3,5,0,10,0,2,22,0,24,2,5,27,0,34,20,0,20,54
07/05/2022,OWB,KY,ASO,CE,Federal Contract Tower,0,3,15,2,20,0,4,18,9,31,0,7,33,11,51,30,2,32,83
07/06/2022,OWB,KY,ASO,CE,Federal Contract Tower,0,2,12,7,21,0,3,30,2,35,0,5,42,9,56,40,0,40,96
07/07/2022,OWB,KY,ASO,CE,Federal Contract Tower,0,8,6,6,20,0,0,12,6,18,0,8,18,12,38,32,0,32,70
07/08/2022,OWB,KY,ASO,CE,Federal Contract Tower,0,6,10,4,20,0,0,19,1,20,0,6,29,5,40,42,14,56,96
07/09/2022,OWB,KY,ASO,CE,Federal Contract Tower,0,7,21,0,28,0,0,3,0,3,0,7,24,0,31,34,0,34,65
07/10/2022,OWB,KY,ASO,CE,Federal Contract Tower,0,5,8,0,13,0,1,64,0,65,0,6,72,0,78,38,0,38,116
07/11/2022,OWB,KY,ASO,CE,Federal Contract Tower,2,1,14,8,25,0,0,48,2,50,2,1,62,10,75,52,0,52,127
07/12/2022,OWB,KY,ASO,CE,Federal Contract Tower,0,3,13,5,21,0,2,57,2,61,0,5,70,7,82,76,20,96,178
07/13/2022,OWB,KY,ASO,CE,Federal Contract Tower,0,5,14,4,23,0,3,35,6,44,0,8,49,10,67,58,0,58,125
07/14/2022,OWB,KY,ASO,CE,Federal Contract Tower,0,3,13,5,21,0,2,53,3,58,0,5,66,8,79,16,8,24,103
07/15/2022,OWB,KY,ASO,CE,Federal Contract Tower,2,0,19,2,23,0,0,38,0,38,2,0,57,2,61,28,0,28,89
07/16/2022,OWB,KY,ASO,CE,Federal Contract Tower,0,3,5,0,8,0,3,12,0,15,0,6,17,0,23,0,0,0,23
07/17/2022,OWB,KY,ASO,CE,Federal Contract Tower,0,4,3,0,7,0,2,1,0,3,0,6,4,0,10,0,0,0,10
07/18/2022,OWB,KY,ASO,CE,Federal Contract Tower,2,8,5,2,17,0,0,19,0,19,2,8,24,2,36,14,0,14,50
07/19/2022,OWB,KY,ASO,CE,Federal Contract Tower,0,10,9,6,25,0,1,48,1,50,0,11,57,7,75,60,0,60,135
07/20/2022,OWB,KY,ASO,CE,Federal Contract Tower,0,6,9,2,17,0,3,48,1,52,0,9,57,3,69,40,0,40,109
07/21/2022,OWB,KY,ASO,CE,Federal Contract Tower,0,8,9,8,25,0,2,45,4,51,0,10,54,12,76,26,0,26,102
07/22/2022,OWB,KY,ASO,CE,Federal Contract Tower,2,12,30,0,44,0,3,40,0,43,2,15,70,0,87,34,0,34,121
07/23/2022,OWB,KY,ASO,CE,Federal Contract Tower,0,6,11,0,17,0,1,32,0,33,0,7,43,0,50,18,0,18,68
07/24/2022,OWB,KY,ASO,CE,Federal Contract Tower,0,7,5,7,19,0,1,23,1,25,0,8,28,8,44,40,0,40,84
07/25/2022,OWB,KY,ASO,CE,Federal Contract Tower,2,5,13,0,20,0,3,9,0,12,2,8,22,0,32,12,0,12,44
07/26/2022,OWB,KY,ASO,CE,Federal Contract Tower,0,9,3,1,13,0,2,2,6,10,0,11,5,7,23,10,0,10,33
07/27/2022,OWB,KY,ASO,CE,Federal Contract Tower,0,3,7,1,11,0,3,20,1,24,0,6,27,2,35,42,4,46,81
07/28/2022,OWB,KY,ASO,CE,Federal Contract Tower,0,6,5,0,11,0,0,16,0,16,0,6,21,0,27,30,0,30,57
07/29/2022,OWB,KY,ASO,CE,Federal Contract Tower,2,6,10,0,18,0,0,33,0,33,2,6,43,0,51,54,0,54,105
07/30/2022,OWB,KY,ASO,CE,Federal Contract Tower,0,6,1,0,7,0,0,38,0,38,0,6,39,0,45,36,0,36,81
07/31/2022,OWB,KY,ASO,CE,Federal Contract Tower,0,8,4,0,12,0,1,4,0,5,0,9,8,0,17,0,0,0,17
08/01/2022,OWB,KY,ASO,CE,Federal Contract Tower,2,6,3,0,11,0,0,15,0,15,2,6,18,0,26,26,0,26,52
08/02/2022,OWB,KY,ASO,CE,Federal Contract Tower,0,4,10,9,23,0,0,19,1,20,0,4,29,10,43,38,0,38,81
08/03/2022,OWB,KY,ASO,CE,Federal Contract Tower,0,1,8,15,24,0,4,46,5,55,0,5,54,20,79,46,20,66,145
08/04/2022,OWB,KY,ASO,CE,Federal Contract Tower,0,5,5,2,12,0,1,10,0,11,0,6,15,2,23,10,0,10,33
08/05/2022,OWB,KY,ASO,CE,Federal Contract Tower,2,7,16,0,25,0,0,13,0,13,2,7,29,0,38,6,0,6,44
08/06/2022,OWB,KY,ASO,CE,Federal Contract Tower,0,5,3,0,8,0,0,23,0,23,0,5,26,0,31,48,0,48,79
08/07/2022,OWB,KY,ASO,CE,Federal Contract Tower,0,5,6,0,11,0,1,24,0,25,0,6,30,0,36,20,0,20,56
08/08/2022,OWB,KY,ASO,CE,Federal Contract Tower,2,8,4,2,16,0,3,35,0,38,2,11,39,2,54,16,0,16,70
08/09/2022,OWB,KY,ASO,CE,Federal Contract Tower,0,6,6,2,14,0,0,15,1,16,0,6,21,3,30,12,0,12,42
08/10/2022,OWB,KY,ASO,CE,Federal Contract Tower,0,4,10,2,16,0,0,1,0,1,0,4,11,2,17,0,0,0,17
08/11/2022,OWB,KY,ASO,CE,Federal Contract Tower,0,4,16,1,21,0,1,54,8,63,0,5,70,9,84,24,0,24,108
08/12/2022,OWB,KY,ASO,CE,Federal Contract Tower,2,12,23,2,39,0,0,75,2,77,2,12,98,4,116,26,0,26,142
08/13/2022,OWB,KY,ASO,CE,Federal Contract Tower,0,7,8,0,15,0,1,63,0,64,0,8,71,0,79,48,0,48,127
08/14/2022,OWB,KY,ASO,CE,Federal Contract Tower,0,7,7,0,14,0,4,30,0,34,0,11,37,0,48,32,0,32,80
08/15/2022,OWB,KY,ASO,CE,Federal Contract Tower,2,6,6,10,24,0,1,10,2,13,2,7,16,12,37,28,4,32,69
08/16/2022,OWB,KY,ASO,CE,Federal Contract Tower,0,10,13,4,27,0,2,26,0,28,0,12,39,4,55,22,10,32,87
08/17/2022,OWB,KY,ASO,CE,Federal Contract Tower,0,3,6,15,24,0,2,44,4,50,0,5,50,19,74,70,0,70,144
08/18/2022,OWB,KY,ASO,CE,Federal Contract Tower,0,9,7,6,22,0,0,29,14,43,0,9,36,20,65,22,0,22,87
08/19/2022,OWB,KY,ASO,CE,Federal Contract Tower,0,15,5,0,20,0,3,47,4,54,0,18,52,4,74,28,0,28,102
08/20/2022,OWB,KY,ASO,CE,Federal Contract Tower,0,6,6,0,12,0,0,50,0,50,0,6,56,0,62,42,0,42,104
08/21/2022,OWB,KY,ASO,CE,Federal Contract Tower,0,10,5,0,15,0,1,12,0,13,0,11,17,0,28,16,0,16,44
08/22/2022,OWB,KY,ASO,CE,Federal Contract Tower,0,3,15,7,25,0,1,35,6,42,0,4,50,13,67,28,14,42,109
08/23/2022,OWB,KY,ASO,CE,Federal Contract Tower,0,5,9,4,18,0,1,35,2,38,0,6,44,6,56,40,16,56,112
08/24/2022,OWB,KY,ASO,CE,Federal Contract Tower,0,12,15,11,38,0,3,44,6,53,0,15,59,17,91,48,40,88,179
08/25/2022,OWB,KY,ASO,CE,Federal Contract Tower,0,4,8,6,18,0,2,44,12,58,0,6,52,18,76,46,6,52,128
08/26/2022,OWB,KY,ASO,CE,Federal Contract Tower,0,5,14,8,27,0,1,44,6,51,0,6,58,14,78,30,14,44,122
08/27/2022,OWB,KY,ASO,CE,Federal Contract Tower,0,7,11,0,18,0,0,33,3,36,0,7,44,3,54,12,0,12,66
08/28/2022,OWB,KY,ASO,CE,Federal Contract Tower,0,9,3,0,12,0,0,21,0,21,0,9,24,0,33,24,0,24,57
08/29/2022,OWB,KY,ASO,CE,Federal Contract Tower,0,5,6,3,14,0,2,11,0,13,0,7,17,3,27,18,0,18,45
08/30/2022,OWB,KY,ASO,CE,Federal Contract Tower,0,5,6,8,19,0,2,20,0,22,0,7,26,8,41,32,16,48,89
08/31/2022,OWB,KY,ASO,CE,Federal Contract Tower,0,2,15,0,17,0,5,51,0,56,0,7,66,0,73,96,0,96,169
09/01/2022,OWB,KY,ASO,CE,Federal Contract Tower,0,10,11,4,25,0,21,50,0,71,0,31,61,4,96,46,0,46,142
09/02/2022,OWB,KY,ASO,CE,Federal Contract Tower,0,8,7,0,15,0,8,52,0,60,0,16,59,0,75,24,0,24,99
09/03/2022,OWB,KY,ASO,CE,Federal Contract Tower,0,5,2,0,7,0,1,8,0,9,0,6,10,0,16,12,0,12,28
09/04/2022,OWB,KY,ASO,CE,Federal Contract Tower,0,6,13,0,19,0,0,1,0,1,0,6,14,0,20,0,0,0,20
09/05/2022,OWB,KY,ASO,CE,Federal Contract Tower,0,5,6,3,14,0,3,12,7,22,0,8,18,10,36,16,0,16,52
09/06/2022,OWB,KY,ASO,CE,Federal Contract Tower,0,6,13,8,27,0,0,10,4,14,0,6,23,12,41,0,0,0,41
09/07/2022,OWB,KY,ASO,CE,Federal Contract Tower,0,6,16,3,25,0,3,43,10,56,0,9,59,13,81,48,4,52,133
09/08/2022,OWB,KY,ASO,CE,Federal Contract Tower,0,4,8,2,14,0,4,91,7,102,0,8,99,9,116,68,0,68,184
09/09/2022,OWB,KY,ASO,CE,Federal Contract Tower,0,5,16,9,30,0,3,59,1,63,0,8,75,10,93,72,16,88,181
09/10/2022,OWB,KY,ASO,CE,Federal Contract Tower,0,5,7,0,12,0,0,49,0,49,0,5,56,0,61,48,0,48,109
09/11/2022,OWB,KY,ASO,CE,Federal Contract Tower,0,8,33,0,41,0,1,0,0,1,0,9,33,0,42,0,0,0,42
09/12/2022,OWB,KY,ASO,CE,Federal Contract Tower,0,8,10,2,20,0,0,41,0,41,0,8,51,2,61,38,8,46,107
09/13/2022,OWB,KY,ASO,CE,Federal Contract Tower,0,7,10,4,21,0,0,30,0,30,0,7,40,4,51,72,0,72,123
09/14/2022,OWB,KY,ASO,CE,Federal Contract Tower,0,4,13,2,19,0,0,52,0,52,0,4,65,2,71,8,0,8,79
09/15/2022,OWB,KY,ASO,CE,Federal Contract Tower,0,7,21,5,33,0,0,72,2,74,0,7,93,7,107,16,0,16,123
09/16/2022,OWB,KY,ASO,CE,Federal Contract Tower,0,4,9,0,13,0,0,73,0,73,0,4,82,0,86,50,0,50,136
09/17/2022,OWB,KY,ASO,CE,Federal Contract Tower,0,5,14,0,19,0,0,84,0,84,0,5,98,0,103,28,0,28,131
09/18/2022,OWB,KY,ASO,CE,Federal Contract Tower,0,6,16,0,22,0,0,41,0,41,0,6,57,0,63,8,0,8,71
09/19/2022,OWB,KY,ASO,CE,Federal Contract Tower,0,6,4,2,12,0,0,32,0,32,0,6,36,2,44,14,0,14,58
09/20/2022,OWB,KY,ASO,CE,Federal Contract Tower,0,5,6,15,26,0,1,41,2,44,0,6,47,17,70,28,32,60,130
09/21/2022,OWB,KY,ASO,CE,Federal Contract Tower,0,11,8,13,32,0,0,22,10,32,0,11,30,23,64,44,24,68,132
09/22/2022,OWB,KY,ASO,CE,Federal Contract Tower,0,8,23,0,31,0,0,37,0,37,0,8,60,0,68,52,0,52,120
09/23/2022,OWB,KY,ASO,CE,Federal Contract Tower,0,6,3,2,11,0,2,49,1,52,0,8,52,3,63,46,4,50,113
09/24/2022,OWB,KY,ASO,CE,Federal Contract Tower,0,5,3,0,8,0,10,46,0,56,0,15,49,0,64,34,0,34,98
09/25/2022,OWB,KY,ASO,CE,Federal Contract Tower,0,10,9,0,19,0,0,16,0,16,0,10,25,0,35,38,0,38,73
09/26/2022,OWB,KY,ASO,CE,Federal Contract Tower,0,12,4,2,18,0,0,40,1,41,0,12,44,3,59,30,0,30,89
09/27/2022,OWB,KY,ASO,CE,Federal Contract Tower,0,6,19,7,32,0,0,30,0,30,0,6,49,7,62,20,0,20,82
09/28/2022,OWB,KY,ASO,CE,Federal Contract Tower,0,6,5,3,14,0,0,28,4,32,0,6,33,7,46,26,0,26,72
09/29/2022,OWB,KY,ASO,CE,Federal Contract Tower,0,7,21,2,30,0,0,30,0,30,0,7,51,2,60,38,0,38,98
09/30/2022,OWB,KY,ASO,CE,Federal Contract Tower,0,11,17,0,28,0,2,43,0,45,0,13,60,0,73,72,0,72,145
10/01/2022,OWB,KY,ASO,CE,Federal Contract Tower,0,4,9,0,13,0,0,29,0,29,0,4,38,0,42,54,0,54,96
10/02/2022,OWB,KY,ASO,CE,Federal Contract Tower,0,9,9,0,18,0,0,29,0,29,0,9,38,0,47,32,0,32,79
10/03/2022,OWB,KY,ASO,CE,Federal Contract Tower,0,6,11,1,18,0,12,18,1,31,0,18,29,2,49,8,0,8,57
10/04/2022,OWB,KY,ASO,CE,Federal Contract Tower,0,6,7,4,17,0,0,0,0,0,0,6,7,4,17,0,0,0,17
10/05/2022,OWB,KY,ASO,CE,Federal Contract Tower,0,6,9,11,26,0,0,36,0,36,0,6,45,11,62,40,32,72,134
10/06/2022,OWB,KY,ASO,CE,Federal Contract Tower,0,6,10,5,21,0,0,31,0,31,0,6,41,5,52,10,0,10,62
10/07/2022,OWB,KY,ASO,CE,Federal Contract Tower,2,7,10,6,25,0,0,21,6,27,2,7,31,12,52,20,0,20,72
10/08/2022,OWB,KY,ASO,CE,Federal Contract Tower,0,3,5,2,10,0,1,35,2,38,0,4,40,4,48,52,0,52,100
10/09/2022,OWB,KY,ASO,CE,Federal Contract Tower,0,6,9,2,17,0,0,22,0,22,0,6,31,2,39,8,0,8,47
10/10/2022,OWB,KY,ASO,CE,Federal Contract Tower,2,6,8,0,16,0,0,30,0,30,2,6,38,0,46,30,0,30,76
10/11/2022,OWB,KY,ASO,CE,Federal Contract Tower,0,6,4,4,14,0,0,16,0,16,0,6,20,4,30,24,0,24,54
10/12/2022,OWB,KY,ASO,CE,Federal Contract Tower,0,7,9,6,22,0,0,6,5,11,0,7,15,11,33,6,10,16,49
10/13/2022,OWB,KY,ASO,CE,Federal Contract Tower,0,7,9,6,22,0,0,15,0,15,0,7,24,6,37,14,0,14,51
10/15/2022,OWB,KY,ASO,CE,Federal Contract Tower,0,7,11,0,18,0,0,32,0,32,0,7,43,0,50,44,0,44,94
10/16/2022,OWB,KY,ASO,CE,Federal Contract Tower,0,6,16,0,22,0,0,24,0,24,0,6,40,0,46,178,0,178,224
10/17/2022,OWB,KY,ASO,CE,Federal Contract Tower,2,13,7,6,28,0,2,12,0,14,2,15,19,6,42,6,0,6,48
10/18/2022,OWB,KY,ASO,CE,Federal Contract Tower,0,7,14,6,27,0,1,24,0,25,0,8,38,6,52,16,6,22,74
10/19/2022,OWB,KY,ASO,CE,Federal Contract Tower,0,13,5,6,24,0,1,44,9,54,0,14,49,15,78,106,8,114,192
10/20/2022,OWB,KY,ASO,CE,Federal Contract Tower,0,5,9,4,18,0,0,38,15,53,0,5,47,19,71,38,6,44,115
10/21/2022,OWB,KY,ASO,CE,Federal Contract Tower,2,3,14,6,25,0,3,32,0,35,2,6,46,6,60,120,0,120,180
10/22/2022,OWB,KY,ASO,CE,Federal Contract Tower,0,6,4,1,11,0,0,24,1,25,0,6,28,2,36,10,0,10,46
10/23/2022,OWB,KY,ASO,CE,Federal Contract Tower,0,8,15,0,23,0,1,25,0,26,0,9,40,0,49,32,0,32,81
10/24/2022,OWB,KY,ASO,CE,Federal Contract Tower,2,7,10,5,24,0,0,20,1,21,2,7,30,6,45,24,0,24,69
10/25/2022,OWB,KY,ASO,CE,Federal Contract Tower,0,6,4,1,11,0,0,1,1,2,0,6,5,2,13,0,0,0,13
10/26/2022,OWB,KY,ASO,CE,Federal Contract Tower,0,5,10,14,29,0,2,11,9,22,0,7,21,23,51,17,36,53,104
10/27/2022,OWB,KY,ASO,CE,Federal Contract Tower,0,5,16,13,34,0,2,44,0,46,0,7,60,13,80,52,28,80,160
10/28/2022,OWB,KY,ASO,CE,Federal Contract Tower,2,6,13,12,33,0,2,50,0,52,2,8,63,12,85,70,0,70,155
10/29/2022,OWB,KY,ASO,CE,Federal Contract Tower,0,7,2,0,9,0,0,45,0,45,0,7,47,0,54,70,0,70,124
10/30/2022,OWB,KY,ASO,CE,Federal Contract Tower,0,8,14,0,22,0,0,0,0,0,0,8,14,0,22,0,0,0,22
10/31/2022,OWB,KY,ASO,CE,Federal Contract Tower,2,4,8,0,14,0,2,5,0,7,2,6,13,0,21,0,0,0,21
11/01/2022,OWB,KY,ASO,CE,Federal Contract Tower,0,3,15,10,28,0,4,46,0,50,0,7,61,10,78,30,24,54,132
11/02/2022,OWB,KY,ASO,CE,Federal Contract Tower,0,4,8,8,20,0,5,33,10,48,0,9,41,18,68,20,18,38,106
11/03/2022,OWB,KY,ASO,CE,Federal Contract Tower,0,1,1,14,16,0,2,45,2,49,0,3,46,16,65,64,26,90,155
11/04/2022,OWB,KY,ASO,CE,Federal Contract Tower,2,2,19,2,25,0,0,37,0,37,2,2,56,2,62,4,30,34,96
11/05/2022,OWB,KY,ASO,CE,Federal Contract Tower,0,4,4,0,8,0,0,3,0,3,0,4,7,0,11,12,0,12,23
11/06/2022,OWB,KY,ASO,CE,Federal Contract Tower,0,6,10,0,16,0,0,42,0,42,0,6,52,0,58,22,0,22,80
11/07/2022,OWB,KY,ASO,CE,Federal Contract Tower,2,9,22,2,35,0,3,27,0,30,2,12,49,2,65,4,0,4,69
11/08/2022,OWB,KY,ASO,CE,Federal Contract Tower,0,7,35,4,46,0,2,34,4,40,0,9,69,8,86,36,4,40,126
11/09/2022,OWB,KY,ASO,CE,Federal Contract Tower,0,3,19,0,22,0,2,33,0,35,0,5,52,0,57,64,0,64,121
11/10/2022,OWB,KY,ASO,CE,Federal Contract Tower,0,6,32,9,47,0,5,42,6,53,0,11,74,15,100,96,10,106,206
11/11/2022,OWB,KY,ASO,CE,Federal Contract Tower,2,8,21,0,31,0,0,4,0,4,2,8,25,0,35,27,0,27,62
11/12/2022,OWB,KY,ASO,CE,Federal Contract Tower,0,5,0,0,5,0,0,2,0,2,0,5,2,0,7,12,0,12,19
11/13/2022,OWB,KY,ASO,CE,Federal Contract Tower,0,6,8,0,14,0,0,26,0,26,0,6,34,0,40,64,0,64,104
11/14/2022,OWB,KY,ASO,CE,Federal Contract Tower,2,4,6,0,12,0,2,20,0,22,2,6,26,0,34,14,0,14,48
11/15/2022,OWB,KY,ASO,CE,Federal Contract Tower,0,4,5,0,9,0,0,2,0,2,0,4,7,0,11,10,0,10,21
11/16/2022,OWB,KY,ASO,CE,Federal Contract Tower,0,8,3,0,11,0,2,19,8,29,0,10,22,8,40,38,0,38,78
11/17/2022,OWB,KY,ASO,CE,Federal Contract Tower,0,1,7,2,10,0,0,28,1,29,0,1,35,3,39,62,10,72,111
11/18/2022,OWB,KY,ASO,CE,Federal Contract Tower,0,1,15,0,16,0,0,26,0,26,0,1,41,0,42,54,0,54,96
11/19/2022,OWB,KY,ASO,CE,Federal Contract Tower,2,8,9,0,19,0,0,28,0,28,2,8,37,0,47,40,0,40,87
11/20/2022,OWB,KY,ASO,CE,Federal Contract Tower,0,12,13,0,25,0,0,30,0,30,0,12,43,0,55,20,0,20,75
11/21/2022,OWB,KY,ASO,CE,Federal Contract Tower,2,2,5,3,12,0,1,22,1,24,2,3,27,4,36,36,0,36,72
11/22/2022,OWB,KY,ASO,CE,Federal Contract Tower,0,1,11,4,16,0,0,26,6,32,0,1,37,10,48,22,0,22,70
11/23/2022,OWB,KY,ASO,CE,Federal Contract Tower,2,1,9,0,12,0,4,39,0,43,2,5,48,0,55,50,0,50,105
11/24/2022,OWB,KY,ASO,CE,Federal Contract Tower,0,6,1,0,7,0,0,1,0,1,0,6,2,0,8,0,0,0,8
11/25/2022,OWB,KY,ASO,CE,Federal Contract Tower,0,4,8,0,12,0,0,8,0,8,0,4,16,0,20,22,0,22,42
11/26/2022,OWB,KY,ASO,CE,Federal Contract Tower,0,8,9,0,17,0,0,16,0,16,0,8,25,0,33,4,0,4,37
11/27/2022,OWB,KY,ASO,CE,Federal Contract Tower,2,7,7,0,16,0,0,1,0,1,2,7,8,0,17,0,0,0,17
11/28/2022,OWB,KY,ASO,CE,Federal Contract Tower,0,6,14,0,20,0,0,3,0,3,0,6,17,0,23,0,0,0,23
11/29/2022,OWB,KY,ASO,CE,Federal Contract Tower,0,6,5,2,13,0,0,9,0,9,0,6,14,2,22,0,6,6,28
11/30/2022,OWB,KY,ASO,CE,Federal Contract Tower,0,5,12,3,20,0,3,9,3,15,0,8,21,6,35,10,0,10,45
12/01/2022,OWB,KY,ASO,CE,Federal Contract Tower,0,8,13,4,25,0,4,39,0,43,0,12,52,4,68,58,0,58,126
12/02/2022,OWB,KY,ASO,CE,Federal Contract Tower,2,7,14,2,25,0,1,11,0,12,2,8,25,2,37,4,0,4,41
12/03/2022,OWB,KY,ASO,CE,Federal Contract Tower,0,10,2,0,12,0,0,14,0,14,0,10,16,0,26,10,0,10,36
12/04/2022,OWB,KY,ASO,CE,Federal Contract Tower,0,6,10,0,16,0,0,34,0,34,0,6,44,0,50,22,0,22,72
12/05/2022,OWB,KY,ASO,CE,Federal Contract Tower,2,6,14,0,22,0,0,0,0,0,2,6,14,0,22,8,0,8,30
12/06/2022,OWB,KY,ASO,CE,Federal Contract Tower,0,8,12,0,20,0,0,0,0,0,0,8,12,0,20,0,0,0,20
12/07/2022,OWB,KY,ASO,CE,Federal Contract Tower,0,7,3,6,16,0,0,0,0,0,0,7,3,6,16,0,0,0,16
12/08/2022,OWB,KY,ASO,CE,Federal Contract Tower,0,7,4,0,11,0,0,0,0,0,0,7,4,0,11,0,0,0,11
12/09/2022,OWB,KY,ASO,CE,Federal Contract Tower,2,5,13,0,20,0,0,0,0,0,2,5,13,0,20,0,0,0,20
12/10/2022,OWB,KY,ASO,CE,Federal Contract Tower,0,8,1,0,9,0,0,0,0,0,0,8,1,0,9,0,0,0,9
12/11/2022,OWB,KY,ASO,CE,Federal Contract Tower,0,7,9,0,16,0,0,13,0,13,0,7,22,0,29,44,0,44,73
12/12/2022,OWB,KY,ASO,CE,Federal Contract Tower,2,14,8,6,30,0,0,31,5,36,2,14,39,11,66,20,16,36,102
12/13/2022,OWB,KY,ASO,CE,Federal Contract Tower,0,10,18,2,30,0,0,6,0,6,0,10,24,2,36,2,9,11,47
12/14/2022,OWB,KY,ASO,CE,Federal Contract Tower,0,4,2,0,6,0,0,0,0,0,0,4,2,0,6,0,0,0,6
12/15/2022,OWB,KY,ASO,CE,Federal Contract Tower,0,4,5,2,11,0,2,17,1,20,0,6,22,3,31,12,6,18,49
12/16/2022,OWB,KY,ASO,CE,Federal Contract Tower,0,7,7,4,18,0,1,22,0,23,0,8,29,4,41,26,0,26,67
12/17/2022,OWB,KY,ASO,CE,Federal Contract Tower,2,6,8,0,16,0,0,25,0,25,2,6,33,0,41,50,0,50,91
12/18/2022,OWB,KY,ASO,CE,Federal Contract Tower,0,7,11,0,18,0,0,28,0,28,0,7,39,0,46,22,0,22,68
12/19/2022,OWB,KY,ASO,CE,Federal Contract Tower,0,5,14,4,23,0,1,40,1,42,0,6,54,5,65,78,0,78,143
12/20/2022,OWB,KY,ASO,CE,Federal Contract Tower,2,4,14,1,21,0,0,48,1,49,2,4,62,2,70,52,0,52,122
12/21/2022,OWB,KY,ASO,CE,Federal Contract Tower,0,6,15,2,23,0,3,24,0,27,0,9,39,2,50,46,0,46,96
12/22/2022,OWB,KY,ASO,CE,Federal Contract Tower,0,4,9,0,13,0,0,0,0,0,0,4,9,0,13,0,0,0,13
12/23/2022,OWB,KY,ASO,CE,Federal Contract Tower,0,4,2,0,6,0,0,0,0,0,0,4,2,0,6,0,0,0,6
12/24/2022,OWB,KY,ASO,CE,Federal Contract Tower,0,5,0,0,5,0,0,4,0,4,0,5,4,0,9,0,0,0,9
12/25/2022,OWB,KY,ASO,CE,Federal Contract Tower,0,6,0,0,6,0,0,2,0,2,0,6,2,0,8,0,0,0,8
12/26/2022,OWB,KY,ASO,CE,Federal Contract Tower,0,8,2,0,10,0,0,0,0,0,0,8,2,0,10,0,0,0,10
12/27/2022,OWB,KY,ASO,CE,Federal Contract Tower,0,7,2,0,9,0,0,0,0,0,0,7,2,0,9,0,0,0,9
12/28/2022,OWB,KY,ASO,CE,Federal Contract Tower,0,2,13,4,19,0,0,0,0,0,0,2,13,4,19,36,10,46,65
12/29/2022,OWB,KY,ASO,CE,Federal Contract Tower,0,8,6,0,14,0,0,19,0,19,0,8,25,0,33,8,0,8,41
12/30/2022,OWB,KY,ASO,CE,Federal Contract Tower,2,7,10,0,19,0,0,7,0,7,2,7,17,0,26,16,0,16,42
12/31/2022,OWB,KY,ASO,CE,Federal Contract Tower,0,12,0,0,12,0,0,0,0,0,0,12,0,0,12,0,0,0,12
01/01/2023,OWB,KY,ASO,CE,Federal Contract Tower,0,8,11,0,19,0,0,2,0,2,0,8,13,0,21,0,0,0,21
01/02/2023,OWB,KY,ASO,CE,Federal Contract Tower,0,6,6,0,12,0,0,4,0,4,0,6,10,0,16,28,0,28,44
01/03/2023,OWB,KY,ASO,CE,Federal Contract Tower,2,6,11,0,19,0,0,2,0,2,2,6,13,0,21,0,0,0,21
01/04/2023,OWB,KY,ASO,CE,Federal Contract Tower,0,4,7,11,22,0,4,24,6,34,0,8,31,17,56,20,6,26,82
01/05/2023,OWB,KY,ASO,CE,Federal Contract Tower,0,4,5,3,12,0,0,26,2,28,0,4,31,5,40,32,8,40,80
01/06/2023,OWB,KY,ASO,CE,Federal Contract Tower,2,6,20,0,28,0,0,46,0,46,2,6,66,0,74,58,0,58,132
01/07/2023,OWB,KY,ASO,CE,Federal Contract Tower,0,7,9,0,16,0,45,4,0,49,0,52,13,0,65,28,0,28,93
01/08/2023,OWB,KY,ASO,CE,Federal Contract Tower,0,6,0,0,6,0,0,6,0,6,0,6,6,0,12,28,0,28,40
01/09/2023,OWB,KY,ASO,CE,Federal Contract Tower,2,4,8,3,17,0,6,30,1,37,2,10,38,4,54,40,0,40,94
01/10/2023,OWB,KY,ASO,CE,Federal Contract Tower,0,8,8,25,41,0,2,36,1,39,0,10,44,26,80,44,18,62,142
01/11/2023,OWB,KY,ASO,CE,Federal Contract Tower,0,27,8,2,37,0,1,7,0,8,0,28,15,2,45,18,0,18,63
01/12/2023,OWB,KY,ASO,CE,Federal Contract Tower,0,8,5,0,13,0,0,0,0,0,0,8,5,0,13,0,0,0,13
01/13/2023,OWB,KY,ASO,CE,Federal Contract Tower,2,5,6,0,13,0,0,0,0,0,2,5,6,0,13,0,0,0,13
01/14/2023,OWB,KY,ASO,CE,Federal Contract Tower,0,6,5,0,11,0,0,13,0,13,0,6,18,0,24,88,0,88,112
01/15/2023,OWB,KY,ASO,CE,Federal Contract Tower,0,6,20,0,26,0,0,43,0,43,0,6,63,0,69,24,0,24,93
01/16/2023,OWB,KY,ASO,CE,Federal Contract Tower,2,6,2,0,10,0,0,2,0,2,2,6,4,0,12,0,0,0,12
01/17/2023,OWB,KY,ASO,CE,Federal Contract Tower,0,6,13,6,25,0,3,31,3,37,0,9,44,9,62,34,4,38,100
01/18/2023,OWB,KY,ASO,CE,Federal Contract Tower,0,16,6,6,28,0,0,13,6,19,0,16,19,12,47,20,0,20,67
01/19/2023,OWB,KY,ASO,CE,Federal Contract Tower,0,6,5,4,15,0,0,9,0,9,0,6,14,4,24,4,14,18,42
01/20/2023,OWB,KY,ASO,CE,Federal Contract Tower,2,13,8,2,25,0,2,29,2,33,2,15,37,4,58,36,0,36,94
01/21/2023,OWB,KY,ASO,CE,Federal Contract Tower,0,2,3,2,7,0,0,25,0,25,0,2,28,2,32,60,6,66,98
01/22/2023,OWB,KY,ASO,CE,Federal Contract Tower,0,6,4,0,10,0,0,0,0,0,0,6,4,0,10,0,0,0,10
01/23/2023,OWB,KY,ASO,CE,Federal Contract Tower,2,7,5,0,14,0,2,22,0,24,2,9,27,0,38,22,0,22,60
01/24/2023,OWB,KY,ASO,CE,Federal Contract Tower,0,8,9,14,31,0,3,26,4,33,0,11,35,18,64,40,6,46,110
01/25/2023,OWB,KY,ASO,CE,Federal Contract Tower,0,8,3,0,11,0,0,0,0,0,0,8,3,0,11,0,0,0,11
01/26/2023,OWB,KY,ASO,CE,Federal Contract Tower,0,8,4,8,20,0,0,6,0,6,0,8,10,8,26,20,0,20,46
01/27/2023,OWB,KY,ASO,CE,Federal Contract Tower,2,1,8,0,11,0,0,18,0,18,2,1,26,0,29,24,0,24,53
01/28/2023,OWB,KY,ASO,CE,Federal Contract Tower,0,6,16,0,22,0,0,16,0,16,0,6,32,0,38,57,0,57,95
01/29/2023,OWB,KY,ASO,CE,Federal Contract Tower,0,2,4,0,6,0,0,0,0,0,0,2,4,0,6,0,0,0,6
01/30/2023,OWB,KY,ASO,CE,Federal Contract Tower,2,4,0,0,6,0,0,0,0,0,2,4,0,0,6,0,0,0,6
01/31/2023,OWB,KY,ASO,CE,Federal Contract Tower,0,0,0,0,0,0,0,0,0,0,0,0,0,0,0,0,0,0,0
02/01/2023,OWB,KY,ASO,CE,Federal Contract Tower,0,6,9,0,15,0,1,9,0,10,0,7,18,0,25,8,0,8,33
02/02/2023,OWB,KY,ASO,CE,Federal Contract Tower,0,6,17,0,23,0,0,39,2,41,0,6,56,2,64,16,0,16,80
02/03/2023,OWB,KY,ASO,CE,Federal Contract Tower,4,6,7,2,19,0,0,57,0,57,4,6,64,2,76,40,0,40,116
02/04/2023,OWB,KY,ASO,CE,Federal Contract Tower,0,6,19,0,25,0,0,29,0,29,0,6,48,0,54,42,0,42,96
02/05/2023,OWB,KY,ASO,CE,Federal Contract Tower,0,6,9,2,17,0,0,17,0,17,0,6,26,2,34,56,16,72,106
02/06/2023,OWB,KY,ASO,CE,Federal Contract Tower,2,4,8,0,14,0,9,35,0,44,2,13,43,0,58,24,0,24,82
02/07/2023,OWB,KY,ASO,CE,Federal Contract Tower,0,7,8,5,20,0,1,4,1,6,0,8,12,6,26,18,6,24,50
02/08/2023,OWB,KY,ASO,CE,Federal Contract Tower,0,4,9,4,17,0,0,0,0,0,0,4,9,4,17,0,0,0,17
02/09/2023,OWB,KY,ASO,CE,Federal Contract Tower,0,5,8,1,14,0,2,2,5,9,0,7,10,6,23,0,0,0,23
02/10/2023,OWB,KY,ASO,CE,Federal Contract Tower,2,6,7,2,17,0,0,6,0,6,2,6,13,2,23,16,16,32,55
02/11/2023,OWB,KY,ASO,CE,Federal Contract Tower,0,6,7,0,13,0,0,35,0,35,0,6,42,0,48,60,0,60,108
02/12/2023,OWB,KY,ASO,CE,Federal Contract Tower,0,8,6,0,14,0,1,40,0,41,0,9,46,0,55,20,0,20,75
02/13/2023,OWB,KY,ASO,CE,Federal Contract Tower,2,0,13,4,19,0,0,23,0,23,2,0,36,4,42,14,0,14,56
02/14/2023,OWB,KY,ASO,CE,Federal Contract Tower,0,4,11,9,24,0,1,2,1,4,0,5,13,10,28,0,10,10,38
02/15/2023,OWB,KY,ASO,CE,Federal Contract Tower,0,3,8,6,17,0,0,41,10,51,0,3,49,16,68,20,0,20,88
02/16/2023,OWB,KY,ASO,CE,Federal Contract Tower,0,4,0,0,4,0,0,0,0,0,0,4,0,0,4,0,0,0,4
02/17/2023,OWB,KY,ASO,CE,Federal Contract Tower,2,6,3,0,11,0,0,15,0,15,2,6,18,0,26,60,0,60,86
02/18/2023,OWB,KY,ASO,CE,Federal Contract Tower,0,8,8,0,16,0,0,57,0,57,0,8,65,0,73,14,0,14,87
02/19/2023,OWB,KY,ASO,CE,Federal Contract Tower,0,5,5,0,10,0,0,21,0,21,0,5,26,0,31,12,0,12,43
02/20/2023,OWB,KY,ASO,CE,Federal Contract Tower,2,7,17,0,26,0,10,17,0,27,2,17,34,0,53,6,0,6,59
02/21/2023,OWB,KY,ASO,CE,Federal Contract Tower,0,6,22,5,33,0,1,43,1,45,0,7,65,6,78,20,0,20,98
02/22/2023,OWB,KY,ASO,CE,Federal Contract Tower,0,4,3,0,7,0,0,2,0,2,0,4,5,0,9,0,0,0,9
02/23/2023,OWB,KY,ASO,CE,Federal Contract Tower,0,7,8,5,20,0,1,5,15,21,0,8,13,20,41,2,10,12,53
02/24/2023,OWB,KY,ASO,CE,Federal Contract Tower,2,6,11,2,21,0,1,42,0,43,2,7,53,2,64,70,0,70,134
02/25/2023,OWB,KY,ASO,CE,Federal Contract Tower,0,6,10,1,17,0,8,46,1,55,0,14,56,2,72,56,0,56,128
02/26/2023,OWB,KY,ASO,CE,Federal Contract Tower,0,12,6,2,20,0,5,16,0,21,0,17,22,2,41,26,0,26,67
02/27/2023,OWB,KY,ASO,CE,Federal Contract Tower,2,3,2,2,9,0,2,0,2,4,2,5,2,4,13,2,10,12,25
02/28/2023,OWB,KY,ASO,CE,Federal Contract Tower,0,11,14,1,26,0,1,37,0,38,0,12,51,1,64,24,12,36,100
03/01/2023,OWB,KY,ASO,CE,Federal Contract Tower,0,7,10,1,18,0,2,8,0,10,0,9,18,1,28,10,6,16,44
03/02/2023,OWB,KY,ASO,CE,Federal Contract Tower,0,6,14,0,20,0,0,23,0,23,0,6,37,0,43,20,0,20,63
03/03/2023,OWB,KY,ASO,CE,Federal Contract Tower,2,0,0,0,2,0,0,0,0,0,2,0,0,0,2,0,0,0,2
03/04/2023,OWB,KY,ASO,CE,Federal Contract Tower,0,5,6,0,11,0,1,50,0,51,0,6,56,0,62,20,0,20,82
03/05/2023,OWB,KY,ASO,CE,Federal Contract Tower,0,7,11,0,18,0,0,45,0,45,0,7,56,0,63,24,0,24,87
03/06/2023,OWB,KY,ASO,CE,Federal Contract Tower,2,9,18,7,36,0,1,7,1,9,2,10,25,8,45,0,0,0,45
03/07/2023,OWB,KY,ASO,CE,Federal Contract Tower,0,10,12,9,31,0,1,13,1,15,0,11,25,10,46,22,10,32,78
03/08/2023,OWB,KY,ASO,CE,Federal Contract Tower,0,9,16,6,31,0,2,29,0,31,0,11,45,6,62,20,0,20,82
03/09/2023,OWB,KY,ASO,CE,Federal Contract Tower,0,10,16,10,36,0,0,11,0,11,0,10,27,10,47,30,0,30,77
03/10/2023,OWB,KY,ASO,CE,Federal Contract Tower,1,8,8,4,21,0,0,2,0,2,1,8,10,4,23,12,0,12,35
03/11/2023,OWB,KY,ASO,CE,Federal Contract Tower,0,6,5,0,11,0,1,41,0,42,0,7,46,0,53,20,0,20,73
03/12/2023,OWB,KY,ASO,CE,Federal Contract Tower,0,4,2,0,6,0,0,2,0,2,0,4,4,0,8,14,0,14,22
03/13/2023,OWB,KY,ASO,CE,Federal Contract Tower,2,5,12,1,20,0,2,6,4,12,2,7,18,5,32,6,0,6,38
03/14/2023,OWB,KY,ASO,CE,Federal Contract Tower,0,5,14,7,26,0,1,14,5,20,0,6,28,12,46,16,6,22,68
03/15/2023,OWB,KY,ASO,CE,Federal Contract Tower,0,10,22,10,42,0,0,44,6,50,0,10,66,16,92,20,14,34,126
03/16/2023,OWB,KY,ASO,CE,Federal Contract Tower,0,16,6,5,27,0,1,12,1,14,0,17,18,6,41,0,14,14,55
03/17/2023,OWB,KY,ASO,CE,Federal Contract Tower,2,7,3,0,12,0,0,4,0,4,2,7,7,0,16,36,0,36,52
03/18/2023,OWB,KY,ASO,CE,Federal Contract Tower,0,10,0,0,10,0,7,8,0,15,0,17,8,0,25,12,0,12,37
03/19/2023,OWB,KY,ASO,CE,Federal Contract Tower,0,4,8,0,12,0,0,23,0,23,0,4,31,0,35,34,0,34,69
03/20/2023,OWB,KY,ASO,CE,Federal Contract Tower,2,7,20,5,34,0,3,24,0,27,2,10,44,5,61,8,14,22,83
03/21/2023,OWB,KY,ASO,CE,Federal Contract Tower,0,4,5,0,9,0,2,7,0,9,0,6,12,0,18,0,0,0,18
03/22/2023,OWB,KY,ASO,CE,Federal Contract Tower,0,6,2,6,14,0,0,0,0,0,0,6,2,6,14,0,0,0,14
03/23/2023,OWB,KY,ASO,CE,Federal Contract Tower,0,6,14,0,20,0,0,4,0,4,0,6,18,0,24,0,0,0,24
03/25/2023,OWB,KY,ASO,CE,Federal Contract Tower,0,4,3,0,7,0,0,3,0,3,0,4,6,0,10,0,0,0,10
03/26/2023,OWB,KY,ASO,CE,Federal Contract Tower,0,8,9,2,19,0,8,37,0,45,0,16,46,2,64,0,0,0,64
03/27/2023,OWB,KY,ASO,CE,Federal Contract Tower,2,5,12,2,21,0,3,7,2,12,2,8,19,4,33,4,0,4,37
03/28/2023,OWB,KY,ASO,CE,Federal Contract Tower,0,4,33,10,47,0,4,16,4,24,0,8,49,14,71,38,12,50,121
03/29/2023,OWB,KY,ASO,CE,Federal Contract Tower,0,5,22,15,42,0,4,57,1,62,0,9,79,16,104,68,12,80,184
03/30/2023,OWB,KY,ASO,CE,Federal Contract Tower,0,12,5,5,22,0,4,52,3,59,0,16,57,8,81,52,10,62,143
03/31/2023,OWB,KY,ASO,CE,Federal Contract Tower,2,3,6,0,11,0,0,0,0,0,2,3,6,0,11,0,0,0,11
04/01/2023,OWB,KY,ASO,CE,Federal Contract Tower,0,0,2,0,2,0,0,0,0,0,0,0,2,0,2,0,0,0,2
04/02/2023,OWB,KY,ASO,CE,Federal Contract Tower,0,1,9,0,10,0,0,39,0,39,0,1,48,0,49,22,0,22,71
04/03/2023,OWB,KY,ASO,CE,Federal Contract Tower,2,4,14,7,27,0,0,8,0,8,2,4,22,7,35,0,0,0,35
04/04/2023,OWB,KY,ASO,CE,Federal Contract Tower,0,6,5,17,28,0,2,0,0,2,0,8,5,17,30,30,8,38,68
04/05/2023,OWB,KY,ASO,CE,Federal Contract Tower,0,3,5,0,8,0,0,0,0,0,0,3,5,0,8,0,0,0,8
04/06/2023,OWB,KY,ASO,CE,Federal Contract Tower,0,14,13,4,31,0,4,20,3,27,0,18,33,7,58,16,14,30,88
04/07/2023,OWB,KY,ASO,CE,Federal Contract Tower,2,9,4,0,15,0,4,28,0,32,2,13,32,0,47,10,0,10,57
04/08/2023,OWB,KY,ASO,CE,Federal Contract Tower,0,6,10,0,16,0,0,18,0,18,0,6,28,0,34,48,0,48,82
04/09/2023,OWB,KY,ASO,CE,Federal Contract Tower,0,2,1,0,3,0,1,21,0,22,0,3,22,0,25,32,0,32,57
04/10/2023,OWB,KY,ASO,CE,Federal Contract Tower,2,2,10,0,14,0,7,36,0,43,2,9,46,0,57,50,0,50,107
04/11/2023,OWB,KY,ASO,CE,Federal Contract Tower,0,8,18,6,32,0,5,44,0,49,0,13,62,6,81,48,12,60,141
04/12/2023,OWB,KY,ASO,CE,Federal Contract Tower,0,4,32,11,47,0,4,30,3,37,0,8,62,14,84,10,0,10,94
04/13/2023,OWB,KY,ASO,CE,Federal Contract Tower,0,8,23,4,35,0,9,43,4,56,0,17,66,8,91,20,10,30,121
04/14/2023,OWB,KY,ASO,CE,Federal Contract Tower,2,3,12,0,17,0,3,30,2,35,2,6,42,2,52,24,0,24,76
04/15/2023,OWB,KY,ASO,CE,Federal Contract Tower,0,6,4,0,10,0,0,23,0,23,0,6,27,0,33,34,0,34,67
04/16/2023,OWB,KY,ASO,CE,Federal Contract Tower,0,5,3,0,8,0,1,0,0,1,0,6,3,0,9,0,0,0,9
04/17/2023,OWB,KY,ASO,CE,Federal Contract Tower,2,7,4,4,17,0,3,5,2,10,2,10,9,6,27,6,0,6,33
04/18/2023,OWB,KY,ASO,CE,Federal Contract Tower,0,2,11,5,18,0,2,32,1,35,0,4,43,6,53,34,10,44,97
04/19/2023,OWB,KY,ASO,CE,Federal Contract Tower,0,4,9,4,17,0,1,13,0,14,0,5,22,4,31,8,0,8,39
04/20/2023,OWB,KY,ASO,CE,Federal Contract Tower,0,6,14,7,27,0,3,9,5,17,0,9,23,12,44,14,4,18,62
04/21/2023,OWB,KY,ASO,CE,Federal Contract Tower,2,6,8,0,16,0,0,0,0,0,2,6,8,0,16,0,0,0,16
04/22/2023,OWB,KY,ASO,CE,Federal Contract Tower,0,8,8,0,16,0,0,22,0,22,0,8,30,0,38,16,0,16,54
04/23/2023,OWB,KY,ASO,CE,Federal Contract Tower,0,4,7,0,11,0,0,20,0,20,0,4,27,0,31,4,0,4,35
04/24/2023,OWB,KY,ASO,CE,Federal Contract Tower,2,7,28,5,42,0,2,38,3,43,2,9,66,8,85,52,12,64,149
04/25/2023,OWB,KY,ASO,CE,Federal Contract Tower,0,8,11,8,27,0,2,33,0,35,0,10,44,8,62,48,14,62,124
04/26/2023,OWB,KY,ASO,CE,Federal Contract Tower,0,6,16,2,24,0,3,70,2,75,0,9,86,4,99,64,0,64,163
04/27/2023,OWB,KY,ASO,CE,Federal Contract Tower,0,8,10,1,19,0,0,4,3,7,0,8,14,4,26,0,2,2,28
04/28/2023,OWB,KY,ASO,CE,Federal Contract Tower,2,8,16,0,26,0,0,18,0,18,2,8,34,0,44,36,0,36,80
04/29/2023,OWB,KY,ASO,CE,Federal Contract Tower,0,6,9,0,15,0,0,27,0,27,0,6,36,0,42,36,0,36,78
04/30/2023,OWB,KY,ASO,CE,Federal Contract Tower,0,2,8,0,10,0,0,4,0,4,0,2,12,0,14,0,0,0,14
05/01/2023,OWB,KY,ASO,CE,Federal Contract Tower,2,5,2,0,9,0,2,8,0,10,2,7,10,0,19,8,0,8,27
05/02/2023,OWB,KY,ASO,CE,Federal Contract Tower,0,10,4,1,15,0,1,9,0,10,0,11,13,1,25,8,0,8,33
05/03/2023,OWB,KY,ASO,CE,Federal Contract Tower,0,6,12,4,22,0,1,21,0,22,0,7,33,4,44,40,0,40,84
05/04/2023,OWB,KY,ASO,CE,Federal Contract Tower,0,3,9,0,12,0,3,45,2,50,0,6,54,2,62,24,0,24,86
05/05/2023,OWB,KY,ASO,CE,Federal Contract Tower,2,7,13,0,22,0,0,33,0,33,2,7,46,0,55,18,0,18,73
05/06/2023,OWB,KY,ASO,CE,Federal Contract Tower,0,7,4,0,11,0,0,24,0,24,0,7,28,0,35,16,0,16,51
05/07/2023,OWB,KY,ASO,CE,Federal Contract Tower,0,2,3,0,5,0,0,0,0,0,0,2,3,0,5,0,0,0,5
05/08/2023,OWB,KY,ASO,CE,Federal Contract Tower,2,4,12,6,24,0,1,2,0,3,2,5,14,6,27,12,0,12,39
05/09/2023,OWB,KY,ASO,CE,Federal Contract Tower,0,5,16,14,35,0,0,21,9,30,0,5,37,23,65,14,6,20,85
05/10/2023,OWB,KY,ASO,CE,Federal Contract Tower,0,3,11,8,22,0,2,47,3,52,0,5,58,11,74,34,0,34,108
05/11/2023,OWB,KY,ASO,CE,Federal Contract Tower,0,8,11,6,25,0,0,3,2,5,0,8,14,8,30,24,0,24,54
05/12/2023,OWB,KY,ASO,CE,Federal Contract Tower,2,18,6,1,27,0,0,2,1,3,2,18,8,2,30,16,0,16,46
05/13/2023,OWB,KY,ASO,CE,Federal Contract Tower,0,7,6,0,13,0,0,10,0,10,0,7,16,0,23,20,0,20,43
05/14/2023,OWB,KY,ASO,CE,Federal Contract Tower,0,4,10,0,14,0,1,5,4,10,0,5,15,4,24,0,0,0,24
05/15/2023,OWB,KY,ASO,CE,Federal Contract Tower,2,13,9,2,26,0,3,23,0,26,2,16,32,2,52,22,0,22,74
05/16/2023,OWB,KY,ASO,CE,Federal Contract Tower,0,6,13,1,20,0,1,2,0,3,0,7,15,1,23,0,0,0,23
05/17/2023,OWB,KY,ASO,CE,Federal Contract Tower,0,5,18,1,24,0,1,54,4,59,0,6,72,5,83,16,0,16,99
05/18/2023,OWB,KY,ASO,CE,Federal Contract Tower,0,2,17,7,26,0,0,50,2,52,0,2,67,9,78,46,39,85,163
05/19/2023,OWB,KY,ASO,CE,Federal Contract Tower,2,8,26,4,40,0,1,14,0,15,2,9,40,4,55,26,0,26,81
05/20/2023,OWB,KY,ASO,CE,Federal Contract Tower,0,8,1,0,9,0,1,18,0,19,0,9,19,0,28,28,0,28,56
05/21/2023,OWB,KY,ASO,CE,Federal Contract Tower,0,6,4,0,10,0,3,30,0,33,0,9,34,0,43,16,0,16,59
05/22/2023,OWB,KY,ASO,CE,Federal Contract Tower,2,3,10,0,15,0,4,19,0,23,2,7,29,0,38,6,0,6,44
05/23/2023,OWB,KY,ASO,CE,Federal Contract Tower,0,8,15,7,30,0,4,57,1,62,0,12,72,8,92,28,16,44,136
05/24/2023,OWB,KY,ASO,CE,Federal Contract Tower,0,9,17,8,34,0,18,61,2,81,0,27,78,10,115,86,0,86,201
05/25/2023,OWB,KY,ASO,CE,Federal Contract Tower,0,6,5,0,11,0,6,40,1,47,0,12,45,1,58,34,0,34,92
05/26/2023,OWB,KY,ASO,CE,Federal Contract Tower,2,11,19,0,32,0,1,23,0,24,2,12,42,0,56,52,0,52,108
05/27/2023,OWB,KY,ASO,CE,Federal Contract Tower,0,7,2,0,9,0,2,33,0,35,0,9,35,0,44,48,0,48,92
05/28/2023,OWB,KY,ASO,CE,Federal Contract Tower,0,2,3,0,5,0,4,24,0,28,0,6,27,0,33,14,0,14,47
05/29/2023,OWB,KY,ASO,CE,Federal Contract Tower,2,7,4,0,13,0,2,18,0,20,2,9,22,0,33,4,0,4,37
05/30/2023,OWB,KY,ASO,CE,Federal Contract Tower,0,2,10,6,18,0,0,31,2,33,0,2,41,8,51,20,0,20,71
05/31/2023,OWB,KY,ASO,CE,Federal Contract Tower,0,11,5,8,24,0,3,17,8,28,0,14,22,16,52,40,0,40,92
06/01/2023,OWB,KY,ASO,CE,Federal Contract Tower,0,6,10,3,19,0,4,34,4,42,0,10,44,7,61,14,0,14,75
06/02/2023,OWB,KY,ASO,CE,Federal Contract Tower,0,5,7,5,17,0,7,18,1,26,0,12,25,6,43,14,10,24,67
06/03/2023,OWB,KY,ASO,CE,Federal Contract Tower,0,10,11,0,21,0,2,37,0,39,0,12,48,0,60,60,0,60,120
06/04/2023,OWB,KY,ASO,CE,Federal Contract Tower,0,6,3,0,9,0,6,24,0,30,0,12,27,0,39,20,0,20,59
06/05/2023,OWB,KY,ASO,CE,Federal Contract Tower,0,6,21,8,35,0,8,46,0,54,0,14,67,8,89,30,0,30,119
06/06/2023,OWB,KY,ASO,CE,Federal Contract Tower,0,9,21,7,37,0,4,21,4,29,0,13,42,11,66,34,20,54,120
06/07/2023,OWB,KY,ASO,CE,Federal Contract Tower,0,10,6,1,17,0,8,7,0,15,0,18,13,1,32,22,0,22,54
06/08/2023,OWB,KY,ASO,CE,Federal Contract Tower,0,12,16,2,30,0,16,26,2,44,0,28,42,4,74,30,0,30,104
06/09/2023,OWB,KY,ASO,CE,Federal Contract Tower,0,6,17,0,23,0,6,38,2,46,0,12,55,2,69,46,0,46,115
06/10/2023,OWB,KY,ASO,CE,Federal Contract Tower,0,8,10,0,18,0,4,29,0,33,0,12,39,0,51,22,0,22,73
06/11/2023,OWB,KY,ASO,CE,Federal Contract Tower,0,2,2,4,8,0,0,2,0,2,0,2,4,4,10,4,0,4,14
06/13/2023,OWB,KY,ASO,CE,Federal Contract Tower,0,6,13,4,23,0,3,19,2,24,0,9,32,6,47,30,0,30,77
06/14/2023,OWB,KY,ASO,CE,Federal Contract Tower,0,3,24,6,33,0,0,26,2,28,0,3,50,8,61,32,0,32,93
06/15/2023,OWB,KY,ASO,CE,Federal Contract Tower,0,6,12,2,20,0,5,51,2,58,0,11,63,4,78,78,0,78,156
06/16/2023,OWB,KY,ASO,CE,Federal Contract Tower,0,6,11,0,17,0,0,16,0,16,0,6,27,0,33,44,0,44,77
06/17/2023,OWB,KY,ASO,CE,Federal Contract Tower,0,8,5,0,13,0,2,41,2,45,0,10,46,2,58,54,0,54,112
06/18/2023,OWB,KY,ASO,CE,Federal Contract Tower,0,10,5,0,15,0,0,6,0,6,0,10,11,0,21,38,0,38,59
06/19/2023,OWB,KY,ASO,CE,Federal Contract Tower,0,7,21,0,28,0,0,0,0,0,0,7,21,0,28,0,0,0,28
06/20/2023,OWB,KY,ASO,CE,Federal Contract Tower,0,10,6,0,16,0,1,8,0,9,0,11,14,0,25,30,0,30,55
06/21/2023,OWB,KY,ASO,CE,Federal Contract Tower,0,10,12,5,27,0,0,15,0,15,0,10,27,5,42,20,0,20,62
06/22/2023,OWB,KY,ASO,CE,Federal Contract Tower,0,8,11,8,27,0,0,27,0,27,0,8,38,8,54,64,0,64,118
06/23/2023,OWB,KY,ASO,CE,Federal Contract Tower,0,7,19,2,28,0,0,48,0,48,0,7,67,2,76,52,0,52,128
06/24/2023,OWB,KY,ASO,CE,Federal Contract Tower,0,7,11,0,18,0,1,39,0,40,0,8,50,0,58,56,0,56,114
06/25/2023,OWB,KY,ASO,CE,Federal Contract Tower,0,7,7,0,14,0,0,8,0,8,0,7,15,0,22,12,0,12,34
06/26/2023,OWB,KY,ASO,CE,Federal Contract Tower,0,7,5,3,15,0,3,9,0,12,0,10,14,3,27,20,2,22,49
06/27/2023,OWB,KY,ASO,CE,Federal Contract Tower,0,8,26,7,41,0,8,39,2,49,0,16,65,9,90,46,14,60,150
06/28/2023,OWB,KY,ASO,CE,Federal Contract Tower,0,12,5,6,23,0,0,1,1,2,0,12,6,7,25,0,0,0,25
06/29/2023,OWB,KY,ASO,CE,Federal Contract Tower,0,5,9,0,14,0,0,0,0,0,0,5,9,0,14,0,0,0,14
06/30/2023,OWB,KY,ASO,CE,Federal Contract Tower,0,5,15,0,20,0,0,24,0,24,0,5,39,0,44,34,0,34,78
07/01/2023,OWB,KY,ASO,CE,Federal Contract Tower,0,6,8,0,14,0,0,9,0,9,0,6,17,0,23,12,0,12,35
07/02/2023,OWB,KY,ASO,CE,Federal Contract Tower,0,0,2,0,2,0,2,10,0,12,0,2,12,0,14,12,0,12,26
07/03/2023,OWB,KY,ASO,CE,Federal Contract Tower,0,5,7,0,12,0,6,32,0,38,0,11,39,0,50,52,0,52,102
07/04/2023,OWB,KY,ASO,CE,Federal Contract Tower,0,3,25,0,28,0,4,33,0,37,0,7,58,0,65,8,0,8,73
07/05/2023,OWB,KY,ASO,CE,Federal Contract Tower,0,4,11,2,17,0,2,36,4,42,0,6,47,6,59,72,0,72,131
07/06/2023,OWB,KY,ASO,CE,Federal Contract Tower,0,5,19,4,28,0,4,42,3,49,0,9,61,7,77,34,0,34,111
07/07/2023,OWB,KY,ASO,CE,Federal Contract Tower,0,1,10,2,13,0,11,40,0,51,0,12,50,2,64,74,0,74,138
07/08/2023,OWB,KY,ASO,CE,Federal Contract Tower,0,2,4,0,6,0,0,12,0,12,0,2,16,0,18,38,0,38,56
07/09/2023,OWB,KY,ASO,CE,Federal Contract Tower,0,6,13,0,19,0,0,17,0,17,0,6,30,0,36,14,0,14,50
07/10/2023,OWB,KY,ASO,CE,Federal Contract Tower,0,6,1,2,9,0,4,28,0,32,0,10,29,2,41,20,0,20,61
07/11/2023,OWB,KY,ASO,CE,Federal Contract Tower,0,6,7,2,15,0,4,44,6,54,0,10,51,8,69,20,0,20,89
07/12/2023,OWB,KY,ASO,CE,Federal Contract Tower,0,3,13,3,19,0,3,23,4,30,0,6,36,7,49,54,2,56,105
07/13/2023,OWB,KY,ASO,CE,Federal Contract Tower,0,3,3,4,10,0,3,8,0,11,0,6,11,4,21,6,0,6,27
07/14/2023,OWB,KY,ASO,CE,Federal Contract Tower,0,7,7,10,24,0,4,39,0,43,0,11,46,10,67,42,0,42,109
07/15/2023,OWB,KY,ASO,CE,Federal Contract Tower,0,5,9,0,14,0,0,6,0,6,0,5,15,0,20,0,0,0,20
07/16/2023,OWB,KY,ASO,CE,Federal Contract Tower,0,9,23,0,32,0,0,25,0,25,0,9,48,0,57,4,0,4,61
07/17/2023,OWB,KY,ASO,CE,Federal Contract Tower,0,4,9,0,13,0,3,10,0,13,0,7,19,0,26,0,0,0,26
07/19/2023,OWB,KY,ASO,CE,Federal Contract Tower,0,4,13,3,20,0,4,5,1,10,0,8,18,4,30,0,0,0,30
07/20/2023,OWB,KY,ASO,CE,Federal Contract Tower,0,6,4,0,10,0,2,11,4,17,0,8,15,4,27,0,0,0,27
07/21/2023,OWB,KY,ASO,CE,Federal Contract Tower,0,12,20,0,32,0,6,35,2,43,0,18,55,2,75,20,0,20,95
07/22/2023,OWB,KY,ASO,CE,Federal Contract Tower,0,6,11,0,17,0,2,43,0,45,0,8,54,0,62,26,0,26,88
07/23/2023,OWB,KY,ASO,CE,Federal Contract Tower,0,7,10,0,17,0,5,29,0,34,0,12,39,0,51,24,0,24,75
07/24/2023,OWB,KY,ASO,CE,Federal Contract Tower,0,6,12,4,22,0,2,10,6,18,0,8,22,10,40,18,6,24,64
07/25/2023,OWB,KY,ASO,CE,Federal Contract Tower,0,6,10,2,18,0,1,17,4,22,0,7,27,6,40,54,0,54,94
07/26/2023,OWB,KY,ASO,CE,Federal Contract Tower,0,6,19,6,31,0,2,16,0,18,0,8,35,6,49,28,6,34,83
07/27/2023,OWB,KY,ASO,CE,Federal Contract Tower,0,2,20,3,25,0,0,26,1,27,0,2,46,4,52,14,0,14,66
07/28/2023,OWB,KY,ASO,CE,Federal Contract Tower,0,12,12,0,24,0,1,26,2,29,0,13,38,2,53,48,0,48,101
07/29/2023,OWB,KY,ASO,CE,Federal Contract Tower,0,3,6,0,9,0,2,15,0,17,0,5,21,0,26,14,0,14,40
07/30/2023,OWB,KY,ASO,CE,Federal Contract Tower,0,6,6,0,12,0,0,21,0,21,0,6,27,0,33,30,0,30,63
07/31/2023,OWB,KY,ASO,CE,Federal Contract Tower,0,7,12,4,23,0,6,32,0,38,0,13,44,4,61,22,0,22,83
08/01/2023,OWB,KY,ASO,CE,Federal Contract Tower,0,7,11,7,25,0,2,13,0,15,0,9,24,7,40,10,6,16,56
08/02/2023,OWB,KY,ASO,CE,Federal Contract Tower,0,4,7,4,15,0,0,17,5,22,0,4,24,9,37,52,4,56,93
08/03/2023,OWB,KY,ASO,CE,Federal Contract Tower,0,6,4,0,10,0,0,5,0,5,0,6,9,0,15,14,0,14,29
08/04/2023,OWB,KY,ASO,CE,Federal Contract Tower,0,5,6,0,11,0,0,17,0,17,0,5,23,0,28,46,0,46,74
08/05/2023,OWB,KY,ASO,CE,Federal Contract Tower,0,2,1,0,3,0,0,8,0,8,0,2,9,0,11,2,0,2,13
08/06/2023,OWB,KY,ASO,CE,Federal Contract Tower,0,2,12,0,14,0,1,19,2,22,0,3,31,2,36,46,0,46,82
08/07/2023,OWB,KY,ASO,CE,Federal Contract Tower,0,7,8,3,18,0,0,5,3,8,0,7,13,6,26,0,10,10,36
08/08/2023,OWB,KY,ASO,CE,Federal Contract Tower,0,6,20,2,28,0,0,14,2,16,0,6,34,4,44,4,0,4,48
08/09/2023,OWB,KY,ASO,CE,Federal Contract Tower,0,2,3,2,7,0,0,2,0,2,0,2,5,2,9,20,10,30,39
08/10/2023,OWB,KY,ASO,CE,Federal Contract Tower,0,7,13,8,28,0,0,24,0,24,0,7,37,8,52,16,10,26,78
08/11/2023,OWB,KY,ASO,CE,Federal Contract Tower,0,4,13,0,17,0,0,33,0,33,0,4,46,0,50,68,0,68,118
08/12/2023,OWB,KY,ASO,CE,Federal Contract Tower,0,3,1,0,4,0,1,13,0,14,0,4,14,0,18,2,0,2,20
08/13/2023,OWB,KY,ASO,CE,Federal Contract Tower,0,8,5,0,13,0,0,10,0,10,0,8,15,0,23,14,0,14,37
08/14/2023,OWB,KY,ASO,CE,Federal Contract Tower,0,3,4,0,7,0,0,0,0,0,0,3,4,0,7,0,0,0,7
08/15/2023,OWB,KY,ASO,CE,Federal Contract Tower,0,7,16,4,27,0,0,14,0,14,0,7,30,4,41,14,4,18,59
08/16/2023,OWB,KY,ASO,CE,Federal Contract Tower,0,4,5,0,9,0,0,50,0,50,0,4,55,0,59,44,0,44,103
08/17/2023,OWB,KY,ASO,CE,Federal Contract Tower,0,0,9,3,12,0,0,27,6,33,0,0,36,9,45,30,4,34,79
08/18/2023,OWB,KY,ASO,CE,Federal Contract Tower,0,3,14,5,22,0,0,34,2,36,0,3,48,7,58,26,16,42,100
08/19/2023,OWB,KY,ASO,CE,Federal Contract Tower,0,3,3,2,8,0,3,46,1,50,0,6,49,3,58,42,0,42,100
08/20/2023,OWB,KY,ASO,CE,Federal Contract Tower,0,7,6,5,18,0,0,10,0,10,0,7,16,5,28,4,0,4,32
08/21/2023,OWB,KY,ASO,CE,Federal Contract Tower,0,7,15,7,29,0,0,11,0,11,0,7,26,7,40,8,10,18,58
08/22/2023,OWB,KY,ASO,CE,Federal Contract Tower,0,5,12,2,19,0,3,18,1,22,0,8,30,3,41,54,6,60,101
08/23/2023,OWB,KY,ASO,CE,Federal Contract Tower,0,27,5,9,41,0,1,17,1,19,0,28,22,10,60,14,16,30,90
08/24/2023,OWB,KY,ASO,CE,Federal Contract Tower,0,13,10,4,27,0,0,18,1,19,0,13,28,5,46,52,14,66,112
08/25/2023,OWB,KY,ASO,CE,Federal Contract Tower,0,8,15,0,23,0,0,8,0,8,0,8,23,0,31,0,0,0,31
08/26/2023,OWB,KY,ASO,CE,Federal Contract Tower,0,2,3,0,5,0,0,10,3,13,0,2,13,3,18,14,8,22,40
08/27/2023,OWB,KY,ASO,CE,Federal Contract Tower,0,3,8,0,11,0,0,4,0,4,0,3,12,0,15,0,0,0,15
08/28/2023,OWB,KY,ASO,CE,Federal Contract Tower,0,3,15,2,20,0,0,17,0,17,0,3,32,2,37,30,10,40,77
08/29/2023,OWB,KY,ASO,CE,Federal Contract Tower,0,6,10,2,18,0,0,36,2,38,0,6,46,4,56,76,0,76,132
08/30/2023,OWB,KY,ASO,CE,Federal Contract Tower,0,1,9,15,25,0,0,27,2,29,0,1,36,17,54,14,4,18,72
08/31/2023,OWB,KY,ASO,CE,Federal Contract Tower,0,3,6,4,13,0,0,34,1,35,0,3,40,5,48,42,0,42,90
01/01/2020,OWB,KY,ASO,CE,Federal Contract Tower,0,4,1,0,5,0,3,38,1,42,0,7,39,1,47,22,0,22,69
01/02/2020,OWB,KY,ASO,CE,Federal Contract Tower,0,9,4,0,13,0,0,0,0,0,0,9,4,0,13,0,0,0,13
01/03/2020,OWB,KY,ASO,CE,Federal Contract Tower,2,9,2,0,13,0,0,0,0,0,2,9,2,0,13,0,0,0,13
01/04/2020,OWB,KY,ASO,CE,Federal Contract Tower,0,9,0,0,9,0,0,0,0,0,0,9,0,0,9,0,0,0,9
01/05/2020,OWB,KY,ASO,CE,Federal Contract Tower,0,5,6,0,11,0,0,22,0,22,0,5,28,0,33,8,0,8,41
01/06/2020,OWB,KY,ASO,CE,Federal Contract Tower,2,6,5,10,23,0,1,28,0,29,2,7,33,10,52,68,0,68,120
01/07/2020,OWB,KY,ASO,CE,Federal Contract Tower,0,4,9,5,18,0,2,30,1,33,0,6,39,6,51,22,10,32,83
01/08/2020,OWB,KY,ASO,CE,Federal Contract Tower,0,6,17,12,35,0,5,40,6,51,0,11,57,18,86,20,0,20,106
01/09/2020,OWB,KY,ASO,CE,Federal Contract Tower,0,3,7,8,18,0,3,1,0,4,0,6,8,8,22,0,0,0,22
01/10/2020,OWB,KY,ASO,CE,Federal Contract Tower,2,6,3,2,13,0,0,1,0,1,2,6,4,2,14,8,0,8,22
01/11/2020,OWB,KY,ASO,CE,Federal Contract Tower,0,2,3,0,5,0,0,0,0,0,0,2,3,0,5,0,0,0,5
01/12/2020,OWB,KY,ASO,CE,Federal Contract Tower,0,5,7,1,13,0,1,2,1,4,0,6,9,2,17,0,0,0,17
01/13/2020,OWB,KY,ASO,CE,Federal Contract Tower,2,8,9,16,35,0,0,13,2,15,2,8,22,18,50,12,0,12,62
01/14/2020,OWB,KY,ASO,CE,Federal Contract Tower,0,6,11,7,24,0,0,24,1,25,0,6,35,8,49,26,0,26,75
01/15/2020,OWB,KY,ASO,CE,Federal Contract Tower,0,6,6,4,16,0,0,4,2,6,0,6,10,6,22,10,0,10,32
01/16/2020,OWB,KY,ASO,CE,Federal Contract Tower,0,8,8,6,22,0,0,15,1,16,0,8,23,7,38,28,0,28,66
01/17/2020,OWB,KY,ASO,CE,Federal Contract Tower,2,2,4,0,8,0,0,20,0,20,2,2,24,0,28,20,0,20,48
01/18/2020,OWB,KY,ASO,CE,Federal Contract Tower,0,6,0,0,6,0,0,0,0,0,0,6,0,0,6,0,0,0,6
01/19/2020,OWB,KY,ASO,CE,Federal Contract Tower,0,8,3,0,11,0,0,7,0,7,0,8,10,0,18,6,0,6,24
01/20/2020,OWB,KY,ASO,CE,Federal Contract Tower,2,12,5,0,19,0,0,0,0,0,2,12,5,0,19,4,0,4,23
01/21/2020,OWB,KY,ASO,CE,Federal Contract Tower,0,8,4,13,25,0,5,22,6,33,0,13,26,19,58,22,4,26,84
01/22/2020,OWB,KY,ASO,CE,Federal Contract Tower,0,5,11,4,20,0,0,45,4,49,0,5,56,8,69,2,0,2,71
01/23/2020,OWB,KY,ASO,CE,Federal Contract Tower,0,7,7,0,14,0,9,4,0,13,0,16,11,0,27,0,0,0,27
01/24/2020,OWB,KY,ASO,CE,Federal Contract Tower,2,7,9,0,18,0,0,0,0,0,2,7,9,0,18,0,0,0,18
01/25/2020,OWB,KY,ASO,CE,Federal Contract Tower,0,5,2,0,7,0,1,1,0,2,0,6,3,0,9,0,0,0,9
01/26/2020,OWB,KY,ASO,CE,Federal Contract Tower,0,3,6,0,9,0,2,18,0,20,0,5,24,0,29,12,0,12,41
01/27/2020,OWB,KY,ASO,CE,Federal Contract Tower,2,7,11,6,26,0,0,0,0,0,2,7,11,6,26,0,0,0,26
01/28/2020,OWB,KY,ASO,CE,Federal Contract Tower,0,6,1,0,7,0,0,0,0,0,0,6,1,0,7,0,0,0,7
01/29/2020,OWB,KY,ASO,CE,Federal Contract Tower,0,10,7,5,22,0,0,0,0,0,0,10,7,5,22,0,0,0,22
01/30/2020,OWB,KY,ASO,CE,Federal Contract Tower,0,5,6,4,15,0,2,2,0,4,0,7,8,4,19,0,0,0,19
01/31/2020,OWB,KY,ASO,CE,Federal Contract Tower,2,7,3,4,16,0,0,0,0,0,2,7,3,4,16,0,0,0,16
02/01/2020,OWB,KY,ASO,CE,Federal Contract Tower,0,4,10,0,14,0,2,3,0,5,0,6,13,0,19,6,0,6,25
02/02/2020,OWB,KY,ASO,CE,Federal Contract Tower,0,2,5,0,7,0,4,29,0,33,0,6,34,0,40,18,0,18,58
02/03/2020,OWB,KY,ASO,CE,Federal Contract Tower,2,6,9,6,23,0,1,25,2,28,2,7,34,8,51,6,0,6,57
02/04/2020,OWB,KY,ASO,CE,Federal Contract Tower,0,6,6,0,12,0,0,0,0,0,0,6,6,0,12,0,0,0,12
02/05/2020,OWB,KY,ASO,CE,Federal Contract Tower,0,6,6,0,12,0,0,0,0,0,0,6,6,0,12,0,0,0,12
02/06/2020,OWB,KY,ASO,CE,Federal Contract Tower,0,6,5,0,11,0,0,0,0,0,0,6,5,0,11,0,0,0,11
02/07/2020,OWB,KY,ASO,CE,Federal Contract Tower,2,5,8,2,17,0,1,4,0,5,2,6,12,2,22,0,0,0,22
02/08/2020,OWB,KY,ASO,CE,Federal Contract Tower,0,5,2,0,7,0,0,12,2,14,0,5,14,2,21,16,0,16,37
02/09/2020,OWB,KY,ASO,CE,Federal Contract Tower,0,4,6,3,13,0,2,2,1,5,0,6,8,4,18,0,6,6,24
02/10/2020,OWB,KY,ASO,CE,Federal Contract Tower,2,6,2,3,13,0,0,0,0,0,2,6,2,3,13,0,0,0,13
02/11/2020,OWB,KY,ASO,CE,Federal Contract Tower,0,10,10,10,30,0,0,14,9,23,0,10,24,19,53,0,20,20,73
02/12/2020,OWB,KY,ASO,CE,Federal Contract Tower,0,8,8,1,17,0,0,5,0,5,0,8,13,1,22,40,0,40,62
02/13/2020,OWB,KY,ASO,CE,Federal Contract Tower,0,7,8,6,21,0,0,4,2,6,0,7,12,8,27,16,6,22,49
02/14/2020,OWB,KY,ASO,CE,Federal Contract Tower,2,6,14,0,22,0,5,24,0,29,2,11,38,0,51,26,0,26,77
02/15/2020,OWB,KY,ASO,CE,Federal Contract Tower,0,6,3,0,9,0,7,22,0,29,0,13,25,0,38,26,0,26,64
02/16/2020,OWB,KY,ASO,CE,Federal Contract Tower,0,3,1,0,4,0,2,44,0,46,0,5,45,0,50,54,0,54,104
02/17/2020,OWB,KY,ASO,CE,Federal Contract Tower,2,6,6,0,14,0,0,25,0,25,2,6,31,0,39,14,0,14,53
02/18/2020,OWB,KY,ASO,CE,Federal Contract Tower,0,6,2,0,8,0,0,0,0,0,0,6,2,0,8,0,0,0,8
02/19/2020,OWB,KY,ASO,CE,Federal Contract Tower,0,7,5,14,26,0,0,18,12,30,0,7,23,26,56,28,4,32,88
02/20/2020,OWB,KY,ASO,CE,Federal Contract Tower,0,6,4,5,15,0,0,19,5,24,0,6,23,10,39,14,8,22,61
02/21/2020,OWB,KY,ASO,CE,Federal Contract Tower,2,2,13,2,19,0,4,59,13,76,2,6,72,15,95,46,8,54,149
02/22/2020,OWB,KY,ASO,CE,Federal Contract Tower,0,0,4,0,4,0,4,63,0,67,0,4,67,0,71,38,0,38,109
02/23/2020,OWB,KY,ASO,CE,Federal Contract Tower,0,5,14,0,19,0,1,24,0,25,0,6,38,0,44,16,0,16,60
02/24/2020,OWB,KY,ASO,CE,Federal Contract Tower,2,7,2,0,11,0,0,0,0,0,2,7,2,0,11,0,0,0,11
02/25/2020,OWB,KY,ASO,CE,Federal Contract Tower,0,7,7,4,18,0,0,0,0,0,0,7,7,4,18,0,0,0,18
02/26/2020,OWB,KY,ASO,CE,Federal Contract Tower,0,4,1,0,5,0,1,0,0,1,0,5,1,0,6,0,0,0,6
02/27/2020,OWB,KY,ASO,CE,Federal Contract Tower,0,6,10,5,21,0,0,27,1,28,0,6,37,6,49,4,0,4,53
02/28/2020,OWB,KY,ASO,CE,Federal Contract Tower,2,5,4,3,14,0,1,19,0,20,2,6,23,3,34,38,10,48,82
02/29/2020,OWB,KY,ASO,CE,Federal Contract Tower,0,3,3,0,6,0,3,24,2,29,0,6,27,2,35,6,0,6,41
03/01/2020,OWB,KY,ASO,CE,Federal Contract Tower,0,4,7,0,11,0,2,32,0,34,0,6,39,0,45,4,0,4,49
03/02/2020,OWB,KY,ASO,CE,Federal Contract Tower,2,6,15,9,32,0,1,1,0,2,2,7,16,9,34,0,0,0,34
03/03/2020,OWB,KY,ASO,CE,Federal Contract Tower,0,5,10,7,22,0,0,18,1,19,0,5,28,8,41,58,0,58,99
03/04/2020,OWB,KY,ASO,CE,Federal Contract Tower,0,12,18,4,34,0,3,27,0,30,0,15,45,4,64,4,0,4,68
03/05/2020,OWB,KY,ASO,CE,Federal Contract Tower,0,2,9,4,15,0,4,18,6,28,0,6,27,10,43,24,14,38,81
03/06/2020,OWB,KY,ASO,CE,Federal Contract Tower,2,5,8,7,22,0,2,4,0,6,2,7,12,7,28,0,14,14,42
03/07/2020,OWB,KY,ASO,CE,Federal Contract Tower,0,2,3,2,7,0,9,42,2,53,0,11,45,4,60,18,14,32,92
03/08/2020,OWB,KY,ASO,CE,Federal Contract Tower,0,0,8,1,9,0,7,12,4,23,0,7,20,5,32,6,4,10,42
03/10/2020,OWB,KY,ASO,CE,Federal Contract Tower,0,5,8,10,23,0,0,5,0,5,0,5,13,10,28,0,0,0,28
03/11/2020,OWB,KY,ASO,CE,Federal Contract Tower,0,8,7,7,22,0,0,6,1,7,0,8,13,8,29,0,0,0,29
03/12/2020,OWB,KY,ASO,CE,Federal Contract Tower,0,6,9,0,15,0,0,4,0,4,0,6,13,0,19,0,0,0,19
03/13/2020,OWB,KY,ASO,CE,Federal Contract Tower,2,3,4,0,9,0,3,21,0,24,2,6,25,0,33,10,0,10,43
03/14/2020,OWB,KY,ASO,CE,Federal Contract Tower,0,6,0,0,6,0,0,0,0,0,0,6,0,0,6,0,0,0,6
03/15/2020,OWB,KY,ASO,CE,Federal Contract Tower,0,8,0,4,12,0,1,2,0,3,0,9,2,4,15,0,0,0,15
03/16/2020,OWB,KY,ASO,CE,Federal Contract Tower,2,9,3,2,16,0,1,1,0,2,2,10,4,2,18,2,0,2,20
03/17/2020,OWB,KY,ASO,CE,Federal Contract Tower,0,8,4,7,19,0,0,13,0,13,0,8,17,7,32,12,0,12,44
03/18/2020,OWB,KY,ASO,CE,Federal Contract Tower,0,8,2,0,10,0,0,0,0,0,0,8,2,0,10,0,0,0,10
03/19/2020,OWB,KY,ASO,CE,Federal Contract Tower,0,4,2,0,6,0,0,1,0,1,0,4,3,0,7,0,0,0,7
03/20/2020,OWB,KY,ASO,CE,Federal Contract Tower,2,6,5,2,15,0,0,1,0,1,2,6,6,2,16,0,0,0,16
03/21/2020,OWB,KY,ASO,CE,Federal Contract Tower,0,4,17,0,21,0,2,34,0,36,0,6,51,0,57,42,0,42,99
03/22/2020,OWB,KY,ASO,CE,Federal Contract Tower,0,3,3,0,6,0,2,9,0,11,0,5,12,0,17,10,0,10,27
03/23/2020,OWB,KY,ASO,CE,Federal Contract Tower,2,8,6,2,18,0,0,14,0,14,2,8,20,2,32,32,4,36,68
03/24/2020,OWB,KY,ASO,CE,Federal Contract Tower,0,4,6,2,12,0,0,0,0,0,0,4,6,2,12,20,0,20,32
03/25/2020,OWB,KY,ASO,CE,Federal Contract Tower,0,6,2,5,13,0,0,20,0,20,0,6,22,5,33,10,0,10,43
03/26/2020,OWB,KY,ASO,CE,Federal Contract Tower,0,6,3,2,11,0,0,26,0,26,0,6,29,2,37,18,0,18,55
03/27/2020,OWB,KY,ASO,CE,Federal Contract Tower,0,5,1,0,6,0,2,15,0,17,0,7,16,0,23,4,0,4,27
03/28/2020,OWB,KY,ASO,CE,Federal Contract Tower,0,0,7,0,7,0,0,2,0,2,0,0,9,0,9,0,0,0,9
03/29/2020,OWB,KY,ASO,CE,Federal Contract Tower,0,2,4,0,6,0,4,2,0,6,0,6,6,0,12,0,0,0,12
03/30/2020,OWB,KY,ASO,CE,Federal Contract Tower,0,5,1,0,6,0,1,11,0,12,0,6,12,0,18,0,0,0,18
03/31/2020,OWB,KY,ASO,CE,Federal Contract Tower,0,6,1,0,7,0,2,0,0,2,0,8,1,0,9,2,0,2,11
04/01/2020,OWB,KY,ASO,CE,Federal Contract Tower,0,6,2,0,8,0,0,11,0,11,0,6,13,0,19,10,0,10,29
04/02/2020,OWB,KY,ASO,CE,Federal Contract Tower,0,2,2,0,4,0,3,22,0,25,0,5,24,0,29,10,0,10,39
04/03/2020,OWB,KY,ASO,CE,Federal Contract Tower,0,2,5,2,9,0,4,25,3,32,0,6,30,5,41,0,6,6,47
04/04/2020,OWB,KY,ASO,CE,Federal Contract Tower,0,2,3,0,5,0,8,17,0,25,0,10,20,0,30,14,0,14,44
04/05/2020,OWB,KY,ASO,CE,Federal Contract Tower,0,3,1,0,4,0,5,24,0,29,0,8,25,0,33,20,0,20,53
04/06/2020,OWB,KY,ASO,CE,Federal Contract Tower,0,6,0,0,6,0,0,16,0,16,0,6,16,0,22,2,0,2,24
04/07/2020,OWB,KY,ASO,CE,Federal Contract Tower,0,6,2,0,8,0,0,2,0,2,0,6,4,0,10,0,0,0,10
04/08/2020,OWB,KY,ASO,CE,Federal Contract Tower,0,6,7,0,13,0,0,1,0,1,0,6,8,0,14,0,0,0,14
04/09/2020,OWB,KY,ASO,CE,Federal Contract Tower,0,4,2,0,6,0,0,4,0,4,0,4,6,0,10,0,0,0,10
04/10/2020,OWB,KY,ASO,CE,Federal Contract Tower,0,0,3,0,3,0,6,12,0,18,0,6,15,0,21,0,0,0,21
04/11/2020,OWB,KY,ASO,CE,Federal Contract Tower,0,5,1,0,6,0,1,17,0,18,0,6,18,0,24,10,0,10,34
04/12/2020,OWB,KY,ASO,CE,Federal Contract Tower,0,6,0,0,6,0,0,0,0,0,0,6,0,0,6,0,0,0,6
04/13/2020,OWB,KY,ASO,CE,Federal Contract Tower,0,6,0,6,12,0,0,1,0,1,0,6,1,6,13,0,0,0,13
04/14/2020,OWB,KY,ASO,CE,Federal Contract Tower,0,6,7,0,13,0,1,2,0,3,0,7,9,0,16,6,0,6,22
04/15/2020,OWB,KY,ASO,CE,Federal Contract Tower,0,6,12,0,18,0,0,10,0,10,0,6,22,0,28,2,0,2,30
04/16/2020,OWB,KY,ASO,CE,Federal Contract Tower,0,7,4,3,14,0,2,28,1,31,0,9,32,4,45,18,8,26,71
04/17/2020,OWB,KY,ASO,CE,Federal Contract Tower,0,4,0,0,4,0,2,0,0,2,0,6,0,0,6,0,0,0,6
04/18/2020,OWB,KY,ASO,CE,Federal Contract Tower,0,3,1,0,4,0,3,50,0,53,0,6,51,0,57,4,0,4,61
04/19/2020,OWB,KY,ASO,CE,Federal Contract Tower,0,5,2,0,7,0,0,3,0,3,0,5,5,0,10,0,0,0,10
04/20/2020,OWB,KY,ASO,CE,Federal Contract Tower,0,5,1,0,6,0,0,29,0,29,0,5,30,0,35,26,0,26,61
04/21/2020,OWB,KY,ASO,CE,Federal Contract Tower,0,6,1,0,7,0,0,1,0,1,0,6,2,0,8,0,0,0,8
04/22/2020,OWB,KY,ASO,CE,Federal Contract Tower,0,6,3,4,13,0,0,21,1,22,0,6,24,5,35,16,14,30,65
04/23/2020,OWB,KY,ASO,CE,Federal Contract Tower,0,7,5,4,16,0,0,0,0,0,0,7,5,4,16,0,0,0,16
04/24/2020,OWB,KY,ASO,CE,Federal Contract Tower,0,4,10,2,16,0,2,18,0,20,0,6,28,2,36,0,0,0,36
04/25/2020,OWB,KY,ASO,CE,Federal Contract Tower,0,4,0,0,4,0,1,0,0,1,0,5,0,0,5,0,0,0,5
04/26/2020,OWB,KY,ASO,CE,Federal Contract Tower,0,4,0,0,4,0,2,0,0,2,0,6,0,0,6,0,0,0,6
04/27/2020,OWB,KY,ASO,CE,Federal Contract Tower,0,6,8,5,19,0,0,29,0,29,0,6,37,5,48,44,8,52,100
04/28/2020,OWB,KY,ASO,CE,Federal Contract Tower,0,6,4,2,12,0,0,14,0,14,0,6,18,2,26,20,0,20,46
04/29/2020,OWB,KY,ASO,CE,Federal Contract Tower,0,6,0,0,6,0,0,0,0,0,0,6,0,0,6,0,0,0,6
04/30/2020,OWB,KY,ASO,CE,Federal Contract Tower,0,5,2,2,9,0,1,3,0,4,0,6,5,2,13,4,0,4,17
05/01/2020,OWB,KY,ASO,CE,Federal Contract Tower,0,1,6,0,7,0,4,50,0,54,0,5,56,0,61,10,0,10,71
05/02/2020,OWB,KY,ASO,CE,Federal Contract Tower,0,2,0,0,2,0,2,15,0,17,0,4,15,0,19,14,0,14,33
05/03/2020,OWB,KY,ASO,CE,Federal Contract Tower,0,6,3,0,9,0,2,2,0,4,0,8,5,0,13,0,0,0,13
05/04/2020,OWB,KY,ASO,CE,Federal Contract Tower,0,6,1,0,7,0,0,47,0,47,0,6,48,0,54,16,0,16,70
05/05/2020,OWB,KY,ASO,CE,Federal Contract Tower,0,7,8,0,15,0,0,1,0,1,0,7,9,0,16,0,0,0,16
05/06/2020,OWB,KY,ASO,CE,Federal Contract Tower,0,6,4,1,11,0,0,6,5,11,0,6,10,6,22,20,10,30,52
05/07/2020,OWB,KY,ASO,CE,Federal Contract Tower,0,6,3,7,16,0,0,17,1,18,0,6,20,8,34,32,8,40,74
05/08/2020,OWB,KY,ASO,CE,Federal Contract Tower,0,6,0,6,12,0,0,2,0,2,0,6,2,6,14,8,0,8,22
05/09/2020,OWB,KY,ASO,CE,Federal Contract Tower,0,6,3,0,9,0,0,20,0,20,0,6,23,0,29,36,0,36,65
05/10/2020,OWB,KY,ASO,CE,Federal Contract Tower,0,6,0,0,6,0,0,6,0,6,0,6,6,0,12,0,0,0,12
05/11/2020,OWB,KY,ASO,CE,Federal Contract Tower,0,6,2,8,16,0,0,19,0,19,0,6,21,8,35,20,6,26,61
05/12/2020,OWB,KY,ASO,CE,Federal Contract Tower,0,9,5,2,16,0,0,13,0,13,0,9,18,2,29,8,0,8,37
05/13/2020,OWB,KY,ASO,CE,Federal Contract Tower,0,10,4,2,16,0,0,0,0,0,0,10,4,2,16,0,0,0,16
05/14/2020,OWB,KY,ASO,CE,Federal Contract Tower,0,5,1,0,6,0,0,8,0,8,0,5,9,0,14,4,0,4,18
05/15/2020,OWB,KY,ASO,CE,Federal Contract Tower,2,8,2,0,12,0,0,4,0,4,2,8,6,0,16,18,0,18,34
05/16/2020,OWB,KY,ASO,CE,Federal Contract Tower,0,6,3,0,9,0,0,10,0,10,0,6,13,0,19,4,0,4,23
05/17/2020,OWB,KY,ASO,CE,Federal Contract Tower,0,6,2,0,8,0,0,2,0,2,0,6,4,0,10,0,0,0,10
05/18/2020,OWB,KY,ASO,CE,Federal Contract Tower,2,6,8,0,16,0,0,8,0,8,2,6,16,0,24,18,0,18,42
05/19/2020,OWB,KY,ASO,CE,Federal Contract Tower,0,5,10,2,17,0,0,5,0,5,0,5,15,2,22,34,0,34,56
05/20/2020,OWB,KY,ASO,CE,Federal Contract Tower,0,5,9,2,16,0,0,6,0,6,0,5,15,2,22,34,0,34,56
05/21/2020,OWB,KY,ASO,CE,Federal Contract Tower,0,9,12,2,23,0,0,7,0,7,0,9,19,2,30,0,0,0,30
05/22/2020,OWB,KY,ASO,CE,Federal Contract Tower,2,6,6,0,14,0,0,10,0,10,2,6,16,0,24,10,0,10,34
05/23/2020,OWB,KY,ASO,CE,Federal Contract Tower,0,8,0,0,8,0,0,10,0,10,0,8,10,0,18,22,0,22,40
05/24/2020,OWB,KY,ASO,CE,Federal Contract Tower,0,5,1,0,6,0,0,18,0,18,0,5,19,0,24,12,0,12,36
05/25/2020,OWB,KY,ASO,CE,Federal Contract Tower,2,7,2,0,11,0,0,31,0,31,2,7,33,0,42,28,0,28,70
05/26/2020,OWB,KY,ASO,CE,Federal Contract Tower,0,7,5,5,17,0,0,16,1,17,0,7,21,6,34,20,0,20,54
05/27/2020,OWB,KY,ASO,CE,Federal Contract Tower,0,6,1,4,11,0,1,2,0,3,0,7,3,4,14,0,0,0,14
05/28/2020,OWB,KY,ASO,CE,Federal Contract Tower,0,7,8,4,19,0,3,10,0,13,0,10,18,4,32,12,0,12,44
05/29/2020,OWB,KY,ASO,CE,Federal Contract Tower,2,8,4,0,14,0,0,9,0,9,2,8,13,0,23,10,0,10,33
05/30/2020,OWB,KY,ASO,CE,Federal Contract Tower,0,6,5,0,11,0,0,53,0,53,0,6,58,0,64,16,0,16,80
05/31/2020,OWB,KY,ASO,CE,Federal Contract Tower,0,6,3,0,9,0,0,39,0,39,0,6,42,0,48,42,0,42,90
06/01/2020,OWB,KY,ASO,CE,Federal Contract Tower,2,6,3,2,13,0,0,42,0,42,2,6,45,2,55,18,0,18,73
06/02/2020,OWB,KY,ASO,CE,Federal Contract Tower,0,8,5,0,13,0,0,11,0,11,0,8,16,0,24,18,0,18,42
06/03/2020,OWB,KY,ASO,CE,Federal Contract Tower,0,6,3,7,16,0,2,27,0,29,0,8,30,7,45,40,0,40,85
06/04/2020,OWB,KY,ASO,CE,Federal Contract Tower,0,5,10,2,17,0,2,13,0,15,0,7,23,2,32,18,0,18,50
06/05/2020,OWB,KY,ASO,CE,Federal Contract Tower,2,8,4,4,18,0,2,18,0,20,2,10,22,4,38,10,0,10,48
06/06/2020,OWB,KY,ASO,CE,Federal Contract Tower,0,5,11,0,16,0,0,18,0,18,0,5,29,0,34,12,0,12,46
06/07/2020,OWB,KY,ASO,CE,Federal Contract Tower,0,8,7,0,15,0,0,25,0,25,0,8,32,0,40,10,0,10,50
06/08/2020,OWB,KY,ASO,CE,Federal Contract Tower,2,3,7,2,14,0,2,13,0,15,2,5,20,2,29,14,0,14,43
06/09/2020,OWB,KY,ASO,CE,Federal Contract Tower,0,6,5,0,11,0,0,1,0,1,0,6,6,0,12,0,0,0,12
06/10/2020,OWB,KY,ASO,CE,Federal Contract Tower,0,9,4,0,13,0,0,4,0,4,0,9,8,0,17,4,0,4,21
06/11/2020,OWB,KY,ASO,CE,Federal Contract Tower,4,10,8,4,26,0,0,34,1,35,4,10,42,5,61,18,0,18,79
06/12/2020,OWB,KY,ASO,CE,Federal Contract Tower,2,9,5,0,16,0,0,23,0,23,2,9,28,0,39,34,0,34,73
06/13/2020,OWB,KY,ASO,CE,Federal Contract Tower,0,8,12,0,20,0,0,23,0,23,0,8,35,0,43,22,0,22,65
06/14/2020,OWB,KY,ASO,CE,Federal Contract Tower,0,4,0,0,4,0,2,21,0,23,0,6,21,0,27,26,0,26,53
06/15/2020,OWB,KY,ASO,CE,Federal Contract Tower,2,7,14,0,23,0,1,21,2,24,2,8,35,2,47,6,0,6,53
06/16/2020,OWB,KY,ASO,CE,Federal Contract Tower,0,7,9,4,20,0,2,31,5,38,0,9,40,9,58,38,0,38,96
06/17/2020,OWB,KY,ASO,CE,Federal Contract Tower,0,6,5,3,14,0,0,18,4,22,0,6,23,7,36,36,0,36,72
06/18/2020,OWB,KY,ASO,CE,Federal Contract Tower,0,8,6,0,14,0,2,28,0,30,0,10,34,0,44,8,0,8,52
06/19/2020,OWB,KY,ASO,CE,Federal Contract Tower,2,8,6,2,18,0,0,21,0,21,2,8,27,2,39,10,0,10,49
06/20/2020,OWB,KY,ASO,CE,Federal Contract Tower,0,5,13,0,18,0,2,34,0,36,0,7,47,0,54,20,0,20,74
06/21/2020,OWB,KY,ASO,CE,Federal Contract Tower,0,5,4,0,9,0,0,4,0,4,0,5,8,0,13,6,0,6,19
06/22/2020,OWB,KY,ASO,CE,Federal Contract Tower,2,5,1,0,8,0,0,4,0,4,2,5,5,0,12,4,0,4,16
06/23/2020,OWB,KY,ASO,CE,Federal Contract Tower,0,6,16,2,24,0,0,14,0,14,0,6,30,2,38,8,0,8,46
06/24/2020,OWB,KY,ASO,CE,Federal Contract Tower,0,7,9,6,22,0,0,34,0,34,0,7,43,6,56,28,0,28,84
06/25/2020,OWB,KY,ASO,CE,Federal Contract Tower,0,7,5,2,14,0,2,24,2,28,0,9,29,4,42,6,6,12,54
06/26/2020,OWB,KY,ASO,CE,Federal Contract Tower,2,7,15,0,24,0,0,16,0,16,2,7,31,0,40,6,0,6,46
06/27/2020,OWB,KY,ASO,CE,Federal Contract Tower,0,5,7,0,12,0,0,3,0,3,0,5,10,0,15,8,0,8,23
06/28/2020,OWB,KY,ASO,CE,Federal Contract Tower,0,6,4,0,10,0,0,4,0,4,0,6,8,0,14,0,0,0,14
06/29/2020,OWB,KY,ASO,CE,Federal Contract Tower,2,7,6,2,17,0,0,66,2,68,2,7,72,4,85,32,0,32,117
06/30/2020,OWB,KY,ASO,CE,Federal Contract Tower,0,8,4,0,12,0,0,0,0,0,0,8,4,0,12,0,0,0,12
07/01/2020,OWB,KY,ASO,CE,Federal Contract Tower,0,7,8,0,15,0,0,61,0,61,0,7,69,0,76,2,0,2,78
07/02/2020,OWB,KY,ASO,CE,Federal Contract Tower,0,7,15,4,26,0,0,27,0,27,0,7,42,4,53,16,0,16,69
07/03/2020,OWB,KY,ASO,CE,Federal Contract Tower,2,5,11,0,18,0,1,51,0,52,2,6,62,0,70,44,0,44,114
07/04/2020,OWB,KY,ASO,CE,Federal Contract Tower,0,6,4,0,10,0,0,28,13,41,0,6,32,13,51,12,0,12,63
07/05/2020,OWB,KY,ASO,CE,Federal Contract Tower,0,5,5,0,10,0,3,23,0,26,0,8,28,0,36,0,0,0,36
07/06/2020,OWB,KY,ASO,CE,Federal Contract Tower,2,5,7,0,14,0,2,23,0,25,2,7,30,0,39,18,0,18,57
07/07/2020,OWB,KY,ASO,CE,Federal Contract Tower,0,5,0,2,7,0,0,34,0,34,0,5,34,2,41,48,0,48,89
07/08/2020,OWB,KY,ASO,CE,Federal Contract Tower,0,8,1,0,9,0,0,24,0,24,0,8,25,0,33,24,0,24,57
07/09/2020,OWB,KY,ASO,CE,Federal Contract Tower,0,9,3,2,14,0,0,34,6,40,0,9,37,8,54,32,8,40,94
07/10/2020,OWB,KY,ASO,CE,Federal Contract Tower,2,6,8,0,16,0,1,12,0,13,2,7,20,0,29,8,0,8,37
07/11/2020,OWB,KY,ASO,CE,Federal Contract Tower,0,6,10,0,16,0,1,30,0,31,0,7,40,0,47,4,0,4,51
07/12/2020,OWB,KY,ASO,CE,Federal Contract Tower,0,7,0,0,7,0,0,18,0,18,0,7,18,0,25,6,0,6,31
07/13/2020,OWB,KY,ASO,CE,Federal Contract Tower,2,6,7,6,21,0,0,33,0,33,2,6,40,6,54,70,12,82,136
07/14/2020,OWB,KY,ASO,CE,Federal Contract Tower,0,4,3,4,11,0,2,58,0,60,0,6,61,4,71,58,4,62,133
07/15/2020,OWB,KY,ASO,CE,Federal Contract Tower,0,8,4,2,14,0,0,20,2,22,0,8,24,4,36,16,0,16,52
07/16/2020,OWB,KY,ASO,CE,Federal Contract Tower,0,7,3,0,10,0,1,27,0,28,0,8,30,0,38,12,4,16,54
07/17/2020,OWB,KY,ASO,CE,Federal Contract Tower,2,6,5,0,13,0,1,23,0,24,2,7,28,0,37,22,0,22,59
07/18/2020,OWB,KY,ASO,CE,Federal Contract Tower,1,4,7,0,12,0,0,19,0,19,1,4,26,0,31,22,0,22,53
07/19/2020,OWB,KY,ASO,CE,Federal Contract Tower,1,4,6,1,12,0,0,28,0,28,1,4,34,1,40,26,0,26,66
07/20/2020,OWB,KY,ASO,CE,Federal Contract Tower,2,4,9,0,15,0,1,7,0,8,2,5,16,0,23,20,0,20,43
07/21/2020,OWB,KY,ASO,CE,Federal Contract Tower,0,8,13,0,21,0,0,15,0,15,0,8,28,0,36,16,0,16,52
07/22/2020,OWB,KY,ASO,CE,Federal Contract Tower,0,8,5,0,13,0,0,17,0,17,0,8,22,0,30,22,0,22,52
07/23/2020,OWB,KY,ASO,CE,Federal Contract Tower,0,9,13,4,26,0,3,10,4,17,0,12,23,8,43,8,0,8,51
07/24/2020,OWB,KY,ASO,CE,Federal Contract Tower,2,6,5,4,17,0,1,33,2,36,2,7,38,6,53,52,4,56,109
07/25/2020,OWB,KY,ASO,CE,Federal Contract Tower,0,6,9,0,15,0,0,44,0,44,0,6,53,0,59,32,0,32,91
07/26/2020,OWB,KY,ASO,CE,Federal Contract Tower,0,9,2,0,11,0,0,18,0,18,0,9,20,0,29,8,0,8,37
07/27/2020,OWB,KY,ASO,CE,Federal Contract Tower,2,7,10,0,19,0,0,20,0,20,2,7,30,0,39,22,0,22,61
07/28/2020,OWB,KY,ASO,CE,Federal Contract Tower,0,10,13,2,25,0,0,14,0,14,0,10,27,2,39,16,0,16,55
07/29/2020,OWB,KY,ASO,CE,Federal Contract Tower,0,8,0,4,12,0,0,26,4,30,0,8,26,8,42,38,4,42,84
07/30/2020,OWB,KY,ASO,CE,Federal Contract Tower,0,6,5,0,11,0,0,2,0,2,0,6,7,0,13,0,0,0,13
07/31/2020,OWB,KY,ASO,CE,Federal Contract Tower,2,6,7,0,15,0,1,0,0,1,2,7,7,0,16,0,0,0,16
08/01/2020,OWB,KY,ASO,CE,Federal Contract Tower,0,8,7,0,15,0,0,0,0,0,0,8,7,0,15,0,0,0,15
08/02/2020,OWB,KY,ASO,CE,Federal Contract Tower,0,3,5,0,8,0,3,37,0,40,0,6,42,0,48,32,0,32,80
08/03/2020,OWB,KY,ASO,CE,Federal Contract Tower,2,4,10,0,16,0,0,5,0,5,2,4,15,0,21,6,0,6,27
08/04/2020,OWB,KY,ASO,CE,Federal Contract Tower,0,8,8,2,18,0,0,18,0,18,0,8,26,2,36,18,0,18,54
08/05/2020,OWB,KY,ASO,CE,Federal Contract Tower,0,9,14,12,35,0,0,40,0,40,0,9,54,12,75,34,12,46,121
08/06/2020,OWB,KY,ASO,CE,Federal Contract Tower,0,3,15,0,18,0,4,57,0,61,0,7,72,0,79,56,0,56,135
08/07/2020,OWB,KY,ASO,CE,Federal Contract Tower,2,6,13,1,22,0,2,31,2,35,2,8,44,3,57,44,0,44,101
08/08/2020,OWB,KY,ASO,CE,Federal Contract Tower,0,5,10,0,15,0,3,57,0,60,0,8,67,0,75,40,0,40,115
08/09/2020,OWB,KY,ASO,CE,Federal Contract Tower,0,6,4,0,10,0,1,10,0,11,0,7,14,0,21,18,0,18,39
08/10/2020,OWB,KY,ASO,CE,Federal Contract Tower,2,8,2,0,12,0,0,23,0,23,2,8,25,0,35,23,0,23,58
08/11/2020,OWB,KY,ASO,CE,Federal Contract Tower,0,7,4,3,14,0,0,26,1,27,0,7,30,4,41,32,10,42,83
08/12/2020,OWB,KY,ASO,CE,Federal Contract Tower,0,5,16,0,21,0,0,16,0,16,0,5,32,0,37,14,0,14,51
08/13/2020,OWB,KY,ASO,CE,Federal Contract Tower,0,7,10,0,17,0,0,11,0,11,0,7,21,0,28,18,0,18,46
08/14/2020,OWB,KY,ASO,CE,Federal Contract Tower,2,5,5,0,12,0,1,19,0,20,2,6,24,0,32,18,0,18,50
08/15/2020,OWB,KY,ASO,CE,Federal Contract Tower,0,5,16,0,21,0,1,36,1,38,0,6,52,1,59,44,0,44,103
08/16/2020,OWB,KY,ASO,CE,Federal Contract Tower,0,5,14,0,19,0,2,27,0,29,0,7,41,0,48,8,0,8,56
08/17/2020,OWB,KY,ASO,CE,Federal Contract Tower,2,6,7,9,24,0,0,30,3,33,2,6,37,12,57,46,6,52,109
08/18/2020,OWB,KY,ASO,CE,Federal Contract Tower,0,7,4,0,11,0,0,11,0,11,0,7,15,0,22,34,0,34,56
08/19/2020,OWB,KY,ASO,CE,Federal Contract Tower,0,6,14,4,24,0,0,29,2,31,0,6,43,6,55,66,0,66,121
08/20/2020,OWB,KY,ASO,CE,Federal Contract Tower,0,3,7,9,19,0,3,40,2,45,0,6,47,11,64,54,12,66,130
08/21/2020,OWB,KY,ASO,CE,Federal Contract Tower,0,7,7,0,14,0,2,16,0,18,0,9,23,0,32,14,0,14,46
08/22/2020,OWB,KY,ASO,CE,Federal Contract Tower,0,4,5,0,9,0,2,9,0,11,0,6,14,0,20,8,0,8,28
08/23/2020,OWB,KY,ASO,CE,Federal Contract Tower,0,3,8,0,11,0,2,22,0,24,0,5,30,0,35,4,0,4,39
08/24/2020,OWB,KY,ASO,CE,Federal Contract Tower,0,7,1,3,11,0,1,34,1,36,0,8,35,4,47,8,0,8,55
08/25/2020,OWB,KY,ASO,CE,Federal Contract Tower,0,8,11,2,21,0,0,39,2,41,0,8,50,4,62,28,0,28,90
08/26/2020,OWB,KY,ASO,CE,Federal Contract Tower,0,6,12,1,19,0,0,40,0,40,0,6,52,1,59,22,0,22,81
08/27/2020,OWB,KY,ASO,CE,Federal Contract Tower,0,9,22,6,37,0,2,28,0,30,0,11,50,6,67,36,2,38,105
08/28/2020,OWB,KY,ASO,CE,Federal Contract Tower,0,9,10,0,19,0,0,0,0,0,0,9,10,0,19,0,0,0,19
08/29/2020,OWB,KY,ASO,CE,Federal Contract Tower,0,6,5,0,11,0,0,18,0,18,0,6,23,0,29,28,0,28,57
08/30/2020,OWB,KY,ASO,CE,Federal Contract Tower,0,7,8,0,15,0,1,44,0,45,0,8,52,0,60,14,0,14,74
08/31/2020,OWB,KY,ASO,CE,Federal Contract Tower,0,4,6,0,10,0,0,14,0,14,0,4,20,0,24,0,0,0,24
09/01/2020,OWB,KY,ASO,CE,Federal Contract Tower,0,6,13,2,21,0,0,11,0,11,0,6,24,2,32,2,8,10,42
09/02/2020,OWB,KY,ASO,CE,Federal Contract Tower,0,9,5,0,14,0,0,6,0,6,0,9,11,0,20,26,0,26,46
09/03/2020,OWB,KY,ASO,CE,Federal Contract Tower,0,4,11,4,19,0,2,18,4,24,0,6,29,8,43,8,18,26,69
09/04/2020,OWB,KY,ASO,CE,Federal Contract Tower,0,7,8,0,15,0,1,52,0,53,0,8,60,0,68,14,0,14,82
09/05/2020,OWB,KY,ASO,CE,Federal Contract Tower,0,6,10,0,16,0,1,57,0,58,0,7,67,0,74,32,0,32,106
09/06/2020,OWB,KY,ASO,CE,Federal Contract Tower,0,5,4,0,9,0,7,41,0,48,0,12,45,0,57,16,0,16,73
09/07/2020,OWB,KY,ASO,CE,Federal Contract Tower,0,6,9,0,15,0,0,33,0,33,0,6,42,0,48,0,0,0,48
09/08/2020,OWB,KY,ASO,CE,Federal Contract Tower,0,7,11,1,19,0,0,33,0,33,0,7,44,1,52,12,0,12,64
09/09/2020,OWB,KY,ASO,CE,Federal Contract Tower,0,7,11,2,20,0,1,27,0,28,0,8,38,2,48,32,8,40,88
09/10/2020,OWB,KY,ASO,CE,Federal Contract Tower,0,8,9,4,21,0,0,36,0,36,0,8,45,4,57,64,0,64,121
09/11/2020,OWB,KY,ASO,CE,Federal Contract Tower,0,6,13,4,23,0,1,7,2,10,0,7,20,6,33,22,0,22,55
09/12/2020,OWB,KY,ASO,CE,Federal Contract Tower,2,8,4,0,14,0,0,8,0,8,2,8,12,0,22,10,0,10,32
09/13/2020,OWB,KY,ASO,CE,Federal Contract Tower,0,8,1,0,9,0,1,17,0,18,0,9,18,0,27,0,0,0,27
09/14/2020,OWB,KY,ASO,CE,Federal Contract Tower,0,8,9,2,19,0,0,41,0,41,0,8,50,2,60,40,0,40,100
09/15/2020,OWB,KY,ASO,CE,Federal Contract Tower,0,8,7,10,25,0,0,46,7,53,0,8,53,17,78,22,0,22,100
09/16/2020,OWB,KY,ASO,CE,Federal Contract Tower,0,9,6,10,25,0,0,40,0,40,0,9,46,10,65,56,6,62,127
09/17/2020,OWB,KY,ASO,CE,Federal Contract Tower,0,4,9,7,20,0,4,30,0,34,0,8,39,7,54,56,4,60,114
09/18/2020,OWB,KY,ASO,CE,Federal Contract Tower,2,6,5,0,13,0,1,39,0,40,2,7,44,0,53,22,0,22,75
09/19/2020,OWB,KY,ASO,CE,Federal Contract Tower,0,4,11,0,15,0,5,28,0,33,0,9,39,0,48,2,0,2,50
09/20/2020,OWB,KY,ASO,CE,Federal Contract Tower,0,2,10,0,12,0,4,35,0,39,0,6,45,0,51,8,0,8,59
09/21/2020,OWB,KY,ASO,CE,Federal Contract Tower,2,6,19,2,29,0,2,31,0,33,2,8,50,2,62,36,0,36,98
09/22/2020,OWB,KY,ASO,CE,Federal Contract Tower,0,9,7,6,22,0,0,32,2,34,0,9,39,8,56,20,4,24,80
09/23/2020,OWB,KY,ASO,CE,Federal Contract Tower,0,6,16,0,22,0,1,23,2,26,0,7,39,2,48,52,0,52,100
09/24/2020,OWB,KY,ASO,CE,Federal Contract Tower,0,8,8,0,16,0,0,16,4,20,0,8,24,4,36,30,0,30,66
09/25/2020,OWB,KY,ASO,CE,Federal Contract Tower,2,6,16,5,29,0,1,48,0,49,2,7,64,5,78,66,6,72,150
09/26/2020,OWB,KY,ASO,CE,Federal Contract Tower,0,4,6,0,10,0,2,10,0,12,0,6,16,0,22,0,0,0,22
09/27/2020,OWB,KY,ASO,CE,Federal Contract Tower,0,3,5,0,8,0,4,20,0,24,0,7,25,0,32,10,0,10,42
09/28/2020,OWB,KY,ASO,CE,Federal Contract Tower,2,5,0,0,7,0,0,7,7,14,2,5,7,7,21,4,8,12,33
09/29/2020,OWB,KY,ASO,CE,Federal Contract Tower,0,12,13,1,26,0,0,27,3,30,0,12,40,4,56,80,0,80,136
09/30/2020,OWB,KY,ASO,CE,Federal Contract Tower,0,5,4,4,13,0,0,13,0,13,0,5,17,4,26,14,0,14,40
10/01/2020,OWB,KY,ASO,CE,Federal Contract Tower,0,3,15,0,18,0,4,17,2,23,0,7,32,2,41,10,4,14,55
10/02/2020,OWB,KY,ASO,CE,Federal Contract Tower,2,4,16,0,22,0,2,34,0,36,2,6,50,0,58,20,0,20,78
10/03/2020,OWB,KY,ASO,CE,Federal Contract Tower,0,4,7,0,11,0,2,41,0,43,0,6,48,0,54,20,0,20,74
10/04/2020,OWB,KY,ASO,CE,Federal Contract Tower,0,4,7,0,11,0,2,21,0,23,0,6,28,0,34,0,30,30,64
10/05/2020,OWB,KY,ASO,CE,Federal Contract Tower,2,7,9,0,18,0,5,39,0,44,2,12,48,0,62,32,0,32,94
10/06/2020,OWB,KY,ASO,CE,Federal Contract Tower,0,5,13,1,19,0,0,27,6,33,0,5,40,7,52,32,0,32,84
10/07/2020,OWB,KY,ASO,CE,Federal Contract Tower,0,5,8,6,19,0,0,33,10,43,0,5,41,16,62,12,2,14,76
10/08/2020,OWB,KY,ASO,CE,Federal Contract Tower,0,8,4,5,17,0,0,42,0,42,0,8,46,5,59,94,10,104,163
10/09/2020,OWB,KY,ASO,CE,Federal Contract Tower,2,6,11,7,26,0,2,38,0,40,2,8,49,7,66,68,10,78,144
10/10/2020,OWB,KY,ASO,CE,Federal Contract Tower,0,4,7,0,11,0,2,10,0,12,0,6,17,0,23,22,0,22,45
10/11/2020,OWB,KY,ASO,CE,Federal Contract Tower,0,4,4,0,8,0,2,10,0,12,0,6,14,0,20,0,0,0,20
10/12/2020,OWB,KY,ASO,CE,Federal Contract Tower,1,10,9,0,20,0,2,1,0,3,1,12,10,0,23,4,0,4,27
10/13/2020,OWB,KY,ASO,CE,Federal Contract Tower,2,6,4,2,14,0,0,34,0,34,2,6,38,2,48,32,0,32,80
10/14/2020,OWB,KY,ASO,CE,Federal Contract Tower,0,10,12,6,28,0,0,29,3,32,0,10,41,9,60,56,12,68,128
10/15/2020,OWB,KY,ASO,CE,Federal Contract Tower,0,7,11,0,18,0,0,3,0,3,0,7,14,0,21,6,0,6,27
10/16/2020,OWB,KY,ASO,CE,Federal Contract Tower,2,5,12,0,19,0,2,27,2,31,2,7,39,2,50,42,0,42,92
10/17/2020,OWB,KY,ASO,CE,Federal Contract Tower,0,4,4,0,8,0,4,34,0,38,0,8,38,0,46,24,0,24,70
10/18/2020,OWB,KY,ASO,CE,Federal Contract Tower,0,8,6,0,14,0,0,0,0,0,0,8,6,0,14,0,0,0,14
10/19/2020,OWB,KY,ASO,CE,Federal Contract Tower,3,8,9,0,20,0,0,0,0,0,3,8,9,0,20,0,0,0,20
10/20/2020,OWB,KY,ASO,CE,Federal Contract Tower,0,9,10,7,26,0,0,6,1,7,0,9,16,8,33,0,0,0,33
10/22/2020,OWB,KY,ASO,CE,Federal Contract Tower,0,6,6,0,12,0,2,36,0,38,0,8,42,0,50,40,0,40,90
10/23/2020,OWB,KY,ASO,CE,Federal Contract Tower,2,5,5,0,12,0,0,1,0,1,2,5,6,0,13,0,0,0,13
10/24/2020,OWB,KY,ASO,CE,Federal Contract Tower,0,4,1,0,5,0,1,1,0,2,0,5,2,0,7,0,0,0,7
10/25/2020,OWB,KY,ASO,CE,Federal Contract Tower,0,6,5,0,11,0,0,6,0,6,0,6,11,0,17,0,0,0,17
10/26/2020,OWB,KY,ASO,CE,Federal Contract Tower,2,6,16,0,24,0,0,10,0,10,2,6,26,0,34,20,0,20,54
10/27/2020,OWB,KY,ASO,CE,Federal Contract Tower,0,8,14,0,22,0,0,0,0,0,0,8,14,0,22,0,0,0,22
10/28/2020,OWB,KY,ASO,CE,Federal Contract Tower,0,6,8,0,14,0,0,0,0,0,0,6,8,0,14,0,0,0,14
10/29/2020,OWB,KY,ASO,CE,Federal Contract Tower,0,7,2,0,9,0,0,0,0,0,0,7,2,0,9,0,0,0,9
10/30/2020,OWB,KY,ASO,CE,Federal Contract Tower,2,4,9,7,22,0,3,47,6,56,2,7,56,13,78,52,0,52,130
10/31/2020,OWB,KY,ASO,CE,Federal Contract Tower,0,0,6,0,6,0,4,70,0,74,0,4,76,0,80,68,0,68,148
11/01/2020,OWB,KY,ASO,CE,Federal Contract Tower,0,1,2,0,3,0,6,8,0,14,0,7,10,0,17,0,0,0,17
11/02/2020,OWB,KY,ASO,CE,Federal Contract Tower,2,6,14,4,26,0,0,24,5,29,2,6,38,9,55,14,0,14,69
11/03/2020,OWB,KY,ASO,CE,Federal Contract Tower,0,10,6,4,20,0,0,29,2,31,0,10,35,6,51,48,14,62,113
11/04/2020,OWB,KY,ASO,CE,Federal Contract Tower,0,6,9,6,21,0,0,44,0,44,0,6,53,6,65,32,0,32,97
11/05/2020,OWB,KY,ASO,CE,Federal Contract Tower,0,8,26,4,38,0,0,28,0,28,0,8,54,4,66,26,0,26,92
11/06/2020,OWB,KY,ASO,CE,Federal Contract Tower,2,6,16,6,30,0,0,43,0,43,2,6,59,6,73,44,0,44,117
11/07/2020,OWB,KY,ASO,CE,Federal Contract Tower,0,8,3,0,11,0,1,60,0,61,0,9,63,0,72,16,0,16,88
11/08/2020,OWB,KY,ASO,CE,Federal Contract Tower,0,6,4,0,10,0,0,36,0,36,0,6,40,0,46,18,0,18,64
11/09/2020,OWB,KY,ASO,CE,Federal Contract Tower,2,9,12,6,29,0,1,34,0,35,2,10,46,6,64,20,0,20,84
11/10/2020,OWB,KY,ASO,CE,Federal Contract Tower,0,7,11,6,24,0,2,0,0,2,0,9,11,6,26,4,20,24,50
11/11/2020,OWB,KY,ASO,CE,Federal Contract Tower,0,6,5,0,11,0,0,19,0,19,0,6,24,0,30,2,0,2,32
11/12/2020,OWB,KY,ASO,CE,Federal Contract Tower,0,4,12,0,16,0,0,48,3,51,0,4,60,3,67,44,0,44,111
11/13/2020,OWB,KY,ASO,CE,Federal Contract Tower,2,2,17,4,25,0,4,32,0,36,2,6,49,4,61,20,4,24,85
11/14/2020,OWB,KY,ASO,CE,Federal Contract Tower,0,5,2,6,13,0,1,17,0,18,0,6,19,6,31,44,10,54,85
11/15/2020,OWB,KY,ASO,CE,Federal Contract Tower,0,4,1,0,5,0,2,0,0,2,0,6,1,0,7,0,0,0,7
11/16/2020,OWB,KY,ASO,CE,Federal Contract Tower,2,7,9,4,22,0,0,39,0,39,2,7,48,4,61,36,6,42,103
11/17/2020,OWB,KY,ASO,CE,Federal Contract Tower,0,10,5,0,15,0,0,10,0,10,0,10,15,0,25,22,0,22,47
11/18/2020,OWB,KY,ASO,CE,Federal Contract Tower,0,8,4,2,14,0,1,26,4,31,0,9,30,6,45,62,0,62,107
11/19/2020,OWB,KY,ASO,CE,Federal Contract Tower,0,6,8,0,14,0,0,13,0,13,0,6,21,0,27,14,0,14,41
11/20/2020,OWB,KY,ASO,CE,Federal Contract Tower,2,9,11,4,26,0,0,28,0,28,2,9,39,4,54,30,0,30,84
11/21/2020,OWB,KY,ASO,CE,Federal Contract Tower,0,7,7,0,14,0,4,11,0,15,0,11,18,0,29,4,0,4,33
11/22/2020,OWB,KY,ASO,CE,Federal Contract Tower,0,6,5,0,11,0,0,0,0,0,0,6,5,0,11,0,0,0,11
11/23/2020,OWB,KY,ASO,CE,Federal Contract Tower,2,6,4,0,12,0,0,37,0,37,2,6,41,0,49,8,0,8,57
11/24/2020,OWB,KY,ASO,CE,Federal Contract Tower,0,6,15,6,27,0,1,16,1,18,0,7,31,7,45,10,4,14,59
11/25/2020,OWB,KY,ASO,CE,Federal Contract Tower,2,5,4,0,11,0,0,0,0,0,2,5,4,0,11,0,0,0,11
11/26/2020,OWB,KY,ASO,CE,Federal Contract Tower,0,6,0,0,6,0,0,8,0,8,0,6,8,0,14,0,0,0,14
11/27/2020,OWB,KY,ASO,CE,Federal Contract Tower,0,6,1,0,7,0,0,48,0,48,0,6,49,0,55,70,0,70,125
11/28/2020,OWB,KY,ASO,CE,Federal Contract Tower,0,6,12,0,18,0,0,49,0,49,0,6,61,0,67,8,0,8,75
11/29/2020,OWB,KY,ASO,CE,Federal Contract Tower,2,6,4,0,12,0,0,25,0,25,2,6,29,0,37,8,0,8,45
11/30/2020,OWB,KY,ASO,CE,Federal Contract Tower,0,5,5,0,10,0,0,0,0,0,0,5,5,0,10,0,0,0,10
12/01/2020,OWB,KY,ASO,CE,Federal Contract Tower,0,7,10,0,17,0,0,17,1,18,0,7,27,1,35,16,0,16,51
12/02/2020,OWB,KY,ASO,CE,Federal Contract Tower,0,6,18,2,26,0,0,30,0,30,0,6,48,2,56,44,0,44,100
12/03/2020,OWB,KY,ASO,CE,Federal Contract Tower,0,6,8,1,15,0,0,11,1,12,0,6,19,2,27,10,0,10,37
12/04/2020,OWB,KY,ASO,CE,Federal Contract Tower,2,9,3,0,14,0,0,1,0,1,2,9,4,0,15,0,0,0,15
12/05/2020,OWB,KY,ASO,CE,Federal Contract Tower,0,4,18,4,26,0,2,53,4,59,0,6,71,8,85,44,0,44,129
12/06/2020,OWB,KY,ASO,CE,Federal Contract Tower,0,4,4,0,8,0,1,21,0,22,0,5,25,0,30,8,0,8,38
12/07/2020,OWB,KY,ASO,CE,Federal Contract Tower,2,9,11,0,22,0,0,12,0,12,2,9,23,0,34,22,0,22,56
12/08/2020,OWB,KY,ASO,CE,Federal Contract Tower,0,14,4,0,18,0,0,16,0,16,0,14,20,0,34,32,0,32,66
12/09/2020,OWB,KY,ASO,CE,Federal Contract Tower,0,6,7,4,17,0,0,37,6,43,0,6,44,10,60,28,46,74,134
12/10/2020,OWB,KY,ASO,CE,Federal Contract Tower,0,7,14,6,27,0,3,57,1,61,0,10,71,7,88,32,8,40,128
12/11/2020,OWB,KY,ASO,CE,Federal Contract Tower,2,6,2,0,10,0,0,21,0,21,2,6,23,0,31,34,0,34,65
12/12/2020,OWB,KY,ASO,CE,Federal Contract Tower,0,10,2,0,12,0,0,5,0,5,0,10,7,0,17,28,0,28,45
12/13/2020,OWB,KY,ASO,CE,Federal Contract Tower,0,8,2,0,10,0,0,9,0,9,0,8,11,0,19,0,0,0,19
12/14/2020,OWB,KY,ASO,CE,Federal Contract Tower,2,5,4,0,11,0,0,0,0,0,2,5,4,0,11,0,0,0,11
12/15/2020,OWB,KY,ASO,CE,Federal Contract Tower,0,6,5,5,16,0,0,23,1,24,0,6,28,6,40,26,16,42,82
12/16/2020,OWB,KY,ASO,CE,Federal Contract Tower,0,12,3,0,15,0,0,0,0,0,0,12,3,0,15,0,0,0,15
12/17/2020,OWB,KY,ASO,CE,Federal Contract Tower,0,7,9,4,20,0,0,14,0,14,0,7,23,4,34,32,8,40,74
12/18/2020,OWB,KY,ASO,CE,Federal Contract Tower,2,3,17,0,22,0,3,32,0,35,2,6,49,0,57,16,0,16,73
12/19/2020,OWB,KY,ASO,CE,Federal Contract Tower,0,5,3,0,8,0,0,15,0,15,0,5,18,0,23,26,0,26,49
12/20/2020,OWB,KY,ASO,CE,Federal Contract Tower,0,5,2,0,7,0,1,15,0,16,0,6,17,0,23,20,0,20,43
12/21/2020,OWB,KY,ASO,CE,Federal Contract Tower,2,4,6,0,12,0,2,17,0,19,2,6,23,0,31,14,0,14,45
12/22/2020,OWB,KY,ASO,CE,Federal Contract Tower,0,4,14,0,18,0,1,39,0,40,0,5,53,0,58,52,0,52,110
12/23/2020,OWB,KY,ASO,CE,Federal Contract Tower,0,6,4,0,10,0,0,8,0,8,0,6,12,0,18,4,0,4,22
12/24/2020,OWB,KY,ASO,CE,Federal Contract Tower,2,6,0,0,8,0,0,2,0,2,2,6,2,0,10,8,0,8,18
12/25/2020,OWB,KY,ASO,CE,Federal Contract Tower,0,5,2,0,7,0,1,0,0,1,0,6,2,0,8,0,0,0,8
12/26/2020,OWB,KY,ASO,CE,Federal Contract Tower,0,4,6,0,10,0,3,35,0,38,0,7,41,0,48,42,0,42,90
12/27/2020,OWB,KY,ASO,CE,Federal Contract Tower,2,5,2,0,9,0,3,15,0,18,2,8,17,0,27,0,0,0,27
12/28/2020,OWB,KY,ASO,CE,Federal Contract Tower,0,9,9,2,20,0,0,12,0,12,0,9,21,2,32,58,0,58,90
12/29/2020,OWB,KY,ASO,CE,Federal Contract Tower,0,8,14,0,22,0,2,29,0,31,0,10,43,0,53,26,0,26,79
12/30/2020,OWB,KY,ASO,CE,Federal Contract Tower,0,6,0,0,6,0,0,0,0,0,0,6,0,0,6,0,0,0,6
12/31/2020,OWB,KY,ASO,CE,Federal Contract Tower,2,6,6,0,14,0,0,2,0,2,2,6,8,0,16,6,0,6,22
01/01/2021,OWB,KY,ASO,CE,Federal Contract Tower,0,6,0,0,6,0,0,3,0,3,0,6,3,0,9,6,0,6,15
01/02/2021,OWB,KY,ASO,CE,Federal Contract Tower,0,8,4,0,12,0,1,0,0,1,0,9,4,0,13,0,0,0,13
01/03/2021,OWB,KY,ASO,CE,Federal Contract Tower,2,7,4,0,13,0,3,17,0,20,2,10,21,0,33,24,0,24,57
01/04/2021,OWB,KY,ASO,CE,Federal Contract Tower,0,7,2,0,9,0,0,26,0,26,0,7,28,0,35,4,0,4,39
01/05/2021,OWB,KY,ASO,CE,Federal Contract Tower,0,6,2,3,11,0,0,21,1,22,0,6,23,4,33,28,0,28,61
01/06/2021,OWB,KY,ASO,CE,Federal Contract Tower,0,8,11,0,19,0,1,24,0,25,0,9,35,0,44,26,0,26,70
01/07/2021,OWB,KY,ASO,CE,Federal Contract Tower,0,6,5,8,19,0,0,1,1,2,0,6,6,9,21,18,2,20,41
01/08/2021,OWB,KY,ASO,CE,Federal Contract Tower,2,8,5,0,15,0,0,4,0,4,2,8,9,0,19,20,0,20,39
01/09/2021,OWB,KY,ASO,CE,Federal Contract Tower,0,5,7,0,12,0,0,31,0,31,0,5,38,0,43,28,0,28,71
01/10/2021,OWB,KY,ASO,CE,Federal Contract Tower,0,5,5,0,10,0,1,7,0,8,0,6,12,0,18,13,0,13,31
01/11/2021,OWB,KY,ASO,CE,Federal Contract Tower,2,9,3,4,18,0,0,3,0,3,2,9,6,4,21,16,0,16,37
01/12/2021,OWB,KY,ASO,CE,Federal Contract Tower,0,7,27,9,43,0,0,29,3,32,0,7,56,12,75,22,34,56,131
01/13/2021,OWB,KY,ASO,CE,Federal Contract Tower,0,8,11,2,21,0,0,39,1,40,0,8,50,3,61,14,0,14,75
01/14/2021,OWB,KY,ASO,CE,Federal Contract Tower,0,10,15,5,30,0,0,32,4,36,0,10,47,9,66,10,2,12,78
01/15/2021,OWB,KY,ASO,CE,Federal Contract Tower,2,5,1,2,10,0,0,5,0,5,2,5,6,2,15,0,0,0,15
01/16/2021,OWB,KY,ASO,CE,Federal Contract Tower,0,8,0,0,8,0,0,4,0,4,0,8,4,0,12,4,0,4,16
01/17/2021,OWB,KY,ASO,CE,Federal Contract Tower,0,8,2,0,10,0,0,4,0,4,0,8,6,0,14,0,0,0,14
01/18/2021,OWB,KY,ASO,CE,Federal Contract Tower,2,9,17,0,28,0,0,27,0,27,2,9,44,0,55,36,0,36,91
01/19/2021,OWB,KY,ASO,CE,Federal Contract Tower,0,7,4,4,15,0,0,31,0,31,0,7,35,4,46,52,0,52,98
01/20/2021,OWB,KY,ASO,CE,Federal Contract Tower,0,7,4,0,11,0,0,32,0,32,0,7,36,0,43,30,0,30,73
01/21/2021,OWB,KY,ASO,CE,Federal Contract Tower,0,9,12,7,28,0,1,24,3,28,0,10,36,10,56,14,28,42,98
01/22/2021,OWB,KY,ASO,CE,Federal Contract Tower,3,6,6,6,21,0,1,20,0,21,3,7,26,6,42,18,10,28,70
01/23/2021,OWB,KY,ASO,CE,Federal Contract Tower,0,3,9,0,12,0,1,56,0,57,0,4,65,0,69,60,0,60,129
01/24/2021,OWB,KY,ASO,CE,Federal Contract Tower,0,5,0,0,5,0,0,0,0,0,0,5,0,0,5,0,0,0,5
01/25/2021,OWB,KY,ASO,CE,Federal Contract Tower,2,7,3,0,12,0,0,0,0,0,2,7,3,0,12,0,0,0,12
01/26/2021,OWB,KY,ASO,CE,Federal Contract Tower,0,6,12,2,20,0,0,12,2,14,0,6,24,4,34,0,0,0,34
01/27/2021,OWB,KY,ASO,CE,Federal Contract Tower,0,4,7,0,11,0,0,2,0,2,0,4,9,0,13,24,0,24,37
01/28/2021,OWB,KY,ASO,CE,Federal Contract Tower,0,9,13,0,22,0,0,25,6,31,0,9,38,6,53,58,0,58,111
01/29/2021,OWB,KY,ASO,CE,Federal Contract Tower,2,2,5,0,9,0,3,66,0,69,2,5,71,0,78,54,0,54,132
01/30/2021,OWB,KY,ASO,CE,Federal Contract Tower,0,5,3,0,8,0,0,10,0,10,0,5,13,0,18,72,0,72,90
01/31/2021,OWB,KY,ASO,CE,Federal Contract Tower,0,6,0,0,6,0,0,0,0,0,0,6,0,0,6,0,0,0,6
02/01/2021,OWB,KY,ASO,CE,Federal Contract Tower,2,7,3,0,12,0,0,1,0,1,2,7,4,0,13,0,0,0,13
02/02/2021,OWB,KY,ASO,CE,Federal Contract Tower,0,6,11,0,17,0,0,27,4,31,0,6,38,4,48,10,0,10,58
02/03/2021,OWB,KY,ASO,CE,Federal Contract Tower,0,7,11,2,20,0,0,30,2,32,0,7,41,4,52,38,0,38,90
02/04/2021,OWB,KY,ASO,CE,Federal Contract Tower,0,6,2,2,10,0,0,0,0,0,0,6,2,2,10,0,0,0,10
02/05/2021,OWB,KY,ASO,CE,Federal Contract Tower,2,3,18,2,25,0,5,16,0,21,2,8,34,2,46,26,0,26,72
02/06/2021,OWB,KY,ASO,CE,Federal Contract Tower,0,8,13,0,21,0,0,45,0,45,0,8,58,0,66,30,0,30,96
02/07/2021,OWB,KY,ASO,CE,Federal Contract Tower,0,5,8,4,17,0,1,17,0,18,0,6,25,4,35,0,0,0,35
02/08/2021,OWB,KY,ASO,CE,Federal Contract Tower,2,10,7,0,19,0,0,17,0,17,2,10,24,0,36,14,0,14,50
02/09/2021,OWB,KY,ASO,CE,Federal Contract Tower,0,5,4,0,9,0,0,0,0,0,0,5,4,0,9,0,0,0,9
02/10/2021,OWB,KY,ASO,CE,Federal Contract Tower,0,0,0,0,0,0,0,0,0,0,0,0,0,0,0,0,0,0,0
02/11/2021,OWB,KY,ASO,CE,Federal Contract Tower,0,2,0,0,2,0,0,0,0,0,0,2,0,0,2,0,0,0,2
02/12/2021,OWB,KY,ASO,CE,Federal Contract Tower,2,7,2,0,11,0,0,7,0,7,2,7,9,0,18,18,0,18,36
02/13/2021,OWB,KY,ASO,CE,Federal Contract Tower,0,5,0,0,5,0,0,16,0,16,0,5,16,0,21,0,0,0,21
02/14/2021,OWB,KY,ASO,CE,Federal Contract Tower,0,5,0,0,5,0,0,5,0,5,0,5,5,0,10,0,0,0,10
02/15/2021,OWB,KY,ASO,CE,Federal Contract Tower,2,2,0,0,4,0,0,0,0,0,2,2,0,0,4,0,0,0,4
02/16/2021,OWB,KY,ASO,CE,Federal Contract Tower,0,7,0,0,7,0,0,0,0,0,0,7,0,0,7,0,0,0,7
02/17/2021,OWB,KY,ASO,CE,Federal Contract Tower,0,7,4,0,11,0,0,10,0,10,0,7,14,0,21,0,0,0,21
02/18/2021,OWB,KY,ASO,CE,Federal Contract Tower,0,5,5,0,10,0,1,0,0,1,0,6,5,0,11,0,0,0,11
02/19/2021,OWB,KY,ASO,CE,Federal Contract Tower,2,5,13,0,20,0,2,11,0,13,2,7,24,0,33,16,0,16,49
02/20/2021,OWB,KY,ASO,CE,Federal Contract Tower,0,4,11,0,15,0,3,31,0,34,0,7,42,0,49,0,0,0,49
02/21/2021,OWB,KY,ASO,CE,Federal Contract Tower,0,4,5,0,9,0,2,23,0,25,0,6,28,0,34,18,0,18,52
02/22/2021,OWB,KY,ASO,CE,Federal Contract Tower,2,9,3,4,18,0,1,15,0,16,2,10,18,4,34,50,0,50,84
02/23/2021,OWB,KY,ASO,CE,Federal Contract Tower,0,6,9,1,16,0,2,47,1,50,0,8,56,2,66,38,0,38,104
02/24/2021,OWB,KY,ASO,CE,Federal Contract Tower,0,11,4,0,15,0,0,20,0,20,0,11,24,0,35,16,0,16,51
02/25/2021,OWB,KY,ASO,CE,Federal Contract Tower,0,6,8,3,17,0,0,46,0,46,0,6,54,3,63,30,0,30,93
02/26/2021,OWB,KY,ASO,CE,Federal Contract Tower,2,8,11,0,21,0,2,8,0,10,2,10,19,0,31,30,0,30,61
02/27/2021,OWB,KY,ASO,CE,Federal Contract Tower,0,9,13,0,22,0,0,2,0,2,0,9,15,0,24,42,0,42,66
02/28/2021,OWB,KY,ASO,CE,Federal Contract Tower,0,7,5,0,12,0,0,0,0,0,0,7,5,0,12,0,0,0,12
03/01/2021,OWB,KY,ASO,CE,Federal Contract Tower,2,8,12,2,24,0,0,11,0,11,2,8,23,2,35,10,0,10,45
03/02/2021,OWB,KY,ASO,CE,Federal Contract Tower,0,10,11,2,23,0,3,28,2,33,0,13,39,4,56,42,0,42,98
03/03/2021,OWB,KY,ASO,CE,Federal Contract Tower,0,7,15,7,29,0,1,36,0,37,0,8,51,7,66,94,6,100,166
03/04/2021,OWB,KY,ASO,CE,Federal Contract Tower,0,5,11,0,16,0,6,48,0,54,0,11,59,0,70,54,0,54,124
03/05/2021,OWB,KY,ASO,CE,Federal Contract Tower,2,2,11,4,19,0,2,41,0,43,2,4,52,4,62,58,0,58,120
03/06/2021,OWB,KY,ASO,CE,Federal Contract Tower,0,0,13,0,13,0,5,58,0,63,0,5,71,0,76,30,0,30,106
03/07/2021,OWB,KY,ASO,CE,Federal Contract Tower,0,2,6,0,8,0,4,41,0,45,0,6,47,0,53,8,0,8,61
03/08/2021,OWB,KY,ASO,CE,Federal Contract Tower,2,6,11,3,22,0,0,12,7,19,2,6,23,10,41,28,4,32,73
03/09/2021,OWB,KY,ASO,CE,Federal Contract Tower,0,6,16,0,22,0,1,36,3,40,0,7,52,3,62,52,0,52,114
03/10/2021,OWB,KY,ASO,CE,Federal Contract Tower,0,11,10,6,27,0,0,35,6,41,0,11,45,12,68,8,20,28,96
03/11/2021,OWB,KY,ASO,CE,Federal Contract Tower,0,8,3,0,11,0,0,5,2,7,0,8,8,2,18,22,0,22,40
03/12/2021,OWB,KY,ASO,CE,Federal Contract Tower,2,7,11,0,20,0,0,17,0,17,2,7,28,0,37,22,0,22,59
03/13/2021,OWB,KY,ASO,CE,Federal Contract Tower,0,7,11,1,19,0,0,25,0,25,0,7,36,1,44,42,0,42,86
03/14/2021,OWB,KY,ASO,CE,Federal Contract Tower,0,8,15,0,23,0,0,36,0,36,0,8,51,0,59,34,0,34,93
03/15/2021,OWB,KY,ASO,CE,Federal Contract Tower,2,9,9,0,20,0,0,1,0,1,2,9,10,0,21,0,0,0,21
03/16/2021,OWB,KY,ASO,CE,Federal Contract Tower,0,8,19,0,27,0,0,33,0,33,0,8,52,0,60,63,0,63,123
03/17/2021,OWB,KY,ASO,CE,Federal Contract Tower,0,5,15,0,20,0,0,4,0,4,0,5,19,0,24,0,0,0,24
03/18/2021,OWB,KY,ASO,CE,Federal Contract Tower,0,8,13,2,23,0,1,7,0,8,0,9,20,2,31,32,6,38,69
03/19/2021,OWB,KY,ASO,CE,Federal Contract Tower,2,8,16,4,30,0,0,32,2,34,2,8,48,6,64,20,0,20,84
03/20/2021,OWB,KY,ASO,CE,Federal Contract Tower,0,5,10,2,17,0,3,57,0,60,0,8,67,2,77,34,8,42,119
03/21/2021,OWB,KY,ASO,CE,Federal Contract Tower,0,5,10,0,15,0,6,54,0,60,0,11,64,0,75,50,0,50,125
03/22/2021,OWB,KY,ASO,CE,Federal Contract Tower,0,6,8,2,16,0,0,34,0,34,0,6,42,2,50,40,0,40,90
03/23/2021,OWB,KY,ASO,CE,Federal Contract Tower,0,10,8,6,24,0,0,0,0,0,0,10,8,6,24,2,8,10,34
03/24/2021,OWB,KY,ASO,CE,Federal Contract Tower,0,8,10,3,21,0,0,38,0,38,0,8,48,3,59,56,18,74,133
03/25/2021,OWB,KY,ASO,CE,Federal Contract Tower,0,6,1,0,7,0,0,4,0,4,0,6,5,0,11,10,0,10,21
03/26/2021,OWB,KY,ASO,CE,Federal Contract Tower,0,7,8,1,16,0,9,27,0,36,0,16,35,1,52,54,0,54,106
03/27/2021,OWB,KY,ASO,CE,Federal Contract Tower,0,4,14,0,18,0,7,26,0,33,0,11,40,0,51,42,0,42,93
03/28/2021,OWB,KY,ASO,CE,Federal Contract Tower,0,4,4,0,8,0,4,1,0,5,0,8,5,0,13,0,0,0,13
03/29/2021,OWB,KY,ASO,CE,Federal Contract Tower,2,6,9,2,19,0,0,47,0,47,2,6,56,2,66,42,0,42,108
03/30/2021,OWB,KY,ASO,CE,Federal Contract Tower,0,6,4,0,10,0,0,27,3,30,0,6,31,3,40,6,20,26,66
03/31/2021,OWB,KY,ASO,CE,Federal Contract Tower,0,5,9,6,20,0,0,19,3,22,0,5,28,9,42,14,10,24,66
04/01/2021,OWB,KY,ASO,CE,Federal Contract Tower,0,3,9,4,16,0,5,24,0,29,0,8,33,4,45,20,10,30,75
04/02/2021,OWB,KY,ASO,CE,Federal Contract Tower,2,2,10,0,14,0,1,47,0,48,2,3,57,0,62,48,0,48,110
04/03/2021,OWB,KY,ASO,CE,Federal Contract Tower,0,3,8,0,11,0,5,32,0,37,0,8,40,0,48,40,0,40,88
04/04/2021,OWB,KY,ASO,CE,Federal Contract Tower,0,2,8,0,10,0,5,33,0,38,0,7,41,0,48,30,0,30,78
04/05/2021,OWB,KY,ASO,CE,Federal Contract Tower,2,8,14,0,24,0,0,17,0,17,2,8,31,0,41,44,0,44,85
04/06/2021,OWB,KY,ASO,CE,Federal Contract Tower,0,6,9,2,17,0,0,27,0,27,0,6,36,2,44,60,8,68,112
04/07/2021,OWB,KY,ASO,CE,Federal Contract Tower,0,9,12,2,23,0,0,30,3,33,0,9,42,5,56,36,24,60,116
04/08/2021,OWB,KY,ASO,CE,Federal Contract Tower,0,8,3,2,13,0,0,6,0,6,0,8,9,2,19,2,0,2,21
04/09/2021,OWB,KY,ASO,CE,Federal Contract Tower,2,5,3,2,12,0,1,29,0,30,2,6,32,2,42,16,0,16,58
04/10/2021,OWB,KY,ASO,CE,Federal Contract Tower,0,7,4,0,11,0,1,1,0,2,0,8,5,0,13,8,0,8,21
04/11/2021,OWB,KY,ASO,CE,Federal Contract Tower,0,6,6,0,12,0,6,4,0,10,0,12,10,0,22,0,0,0,22
04/12/2021,OWB,KY,ASO,CE,Federal Contract Tower,0,9,7,1,17,0,2,34,1,37,0,11,41,2,54,52,0,52,106
04/13/2021,OWB,KY,ASO,CE,Federal Contract Tower,0,6,6,1,13,0,0,45,1,46,0,6,51,2,59,36,0,36,95
04/14/2021,OWB,KY,ASO,CE,Federal Contract Tower,0,6,16,3,25,0,1,16,0,17,0,7,32,3,42,32,0,32,74
04/15/2021,OWB,KY,ASO,CE,Federal Contract Tower,0,6,14,2,22,0,3,34,0,37,0,9,48,2,59,40,0,40,99
04/16/2021,OWB,KY,ASO,CE,Federal Contract Tower,0,7,6,0,13,0,2,47,0,49,0,9,53,0,62,52,0,52,114
04/17/2021,OWB,KY,ASO,CE,Federal Contract Tower,0,2,7,0,9,0,2,32,0,34,0,4,39,0,43,52,0,52,95
04/18/2021,OWB,KY,ASO,CE,Federal Contract Tower,0,8,5,0,13,0,0,29,0,29,0,8,34,0,42,8,0,8,50
04/19/2021,OWB,KY,ASO,CE,Federal Contract Tower,2,7,14,0,23,0,1,45,0,46,2,8,59,0,69,36,0,36,105
04/20/2021,OWB,KY,ASO,CE,Federal Contract Tower,0,8,14,2,24,0,0,19,0,19,0,8,33,2,43,30,14,44,87
04/21/2021,OWB,KY,ASO,CE,Federal Contract Tower,0,2,10,2,14,0,0,15,0,15,0,2,25,2,29,0,0,0,29
04/22/2021,OWB,KY,ASO,CE,Federal Contract Tower,0,7,3,2,12,0,2,30,0,32,0,9,33,2,44,36,0,36,80
04/23/2021,OWB,KY,ASO,CE,Federal Contract Tower,2,7,19,8,36,0,2,35,0,37,2,9,54,8,73,24,0,24,97
04/24/2021,OWB,KY,ASO,CE,Federal Contract Tower,0,6,7,0,13,0,0,0,0,0,0,6,7,0,13,0,0,0,13
04/25/2021,OWB,KY,ASO,CE,Federal Contract Tower,0,6,19,0,25,0,3,31,0,34,0,9,50,0,59,14,0,14,73
04/26/2021,OWB,KY,ASO,CE,Federal Contract Tower,2,5,15,4,26,0,2,36,0,38,2,7,51,4,64,26,0,26,90
04/27/2021,OWB,KY,ASO,CE,Federal Contract Tower,0,5,7,4,16,0,3,20,2,25,0,8,27,6,41,12,0,12,53
04/28/2021,OWB,KY,ASO,CE,Federal Contract Tower,0,2,3,4,9,0,2,10,0,12,0,4,13,4,21,30,0,30,51
04/29/2021,OWB,KY,ASO,CE,Federal Contract Tower,0,6,9,0,15,0,0,7,0,7,0,6,16,0,22,18,0,18,40
04/30/2021,OWB,KY,ASO,CE,Federal Contract Tower,2,3,13,2,20,0,4,25,0,29,2,7,38,2,49,26,0,26,75
05/01/2021,OWB,KY,ASO,CE,Federal Contract Tower,0,1,7,2,10,0,4,61,0,65,0,5,68,2,75,22,0,22,97
05/02/2021,OWB,KY,ASO,CE,Federal Contract Tower,0,8,11,0,19,0,0,19,0,19,0,8,30,0,38,0,0,0,38
05/03/2021,OWB,KY,ASO,CE,Federal Contract Tower,2,8,10,2,22,0,0,7,2,9,2,8,17,4,31,8,0,8,39
05/04/2021,OWB,KY,ASO,CE,Federal Contract Tower,0,6,0,0,6,0,0,0,0,0,0,6,0,0,6,0,0,0,6
05/05/2021,OWB,KY,ASO,CE,Federal Contract Tower,0,6,18,3,27,0,0,23,1,24,0,6,41,4,51,60,8,68,119
05/06/2021,OWB,KY,ASO,CE,Federal Contract Tower,0,8,6,2,16,0,2,20,4,26,0,10,26,6,42,42,6,48,90
05/07/2021,OWB,KY,ASO,CE,Federal Contract Tower,2,2,2,4,10,0,4,44,0,48,2,6,46,4,58,38,0,38,96
05/08/2021,OWB,KY,ASO,CE,Federal Contract Tower,0,8,6,0,14,0,0,32,0,32,0,8,38,0,46,36,0,36,82
05/09/2021,OWB,KY,ASO,CE,Federal Contract Tower,0,5,1,0,6,0,0,1,0,1,0,5,2,0,7,0,0,0,7
05/10/2021,OWB,KY,ASO,CE,Federal Contract Tower,2,6,27,0,35,0,3,36,6,45,2,9,63,6,80,30,0,30,110
05/11/2021,OWB,KY,ASO,CE,Federal Contract Tower,0,6,14,2,22,0,1,35,0,36,0,7,49,2,58,46,0,46,104
05/12/2021,OWB,KY,ASO,CE,Federal Contract Tower,0,3,17,8,28,0,3,21,0,24,0,6,38,8,52,40,8,48,100
05/13/2021,OWB,KY,ASO,CE,Federal Contract Tower,0,1,14,5,20,0,5,53,1,59,0,6,67,6,79,114,0,114,193
05/14/2021,OWB,KY,ASO,CE,Federal Contract Tower,2,7,8,6,23,0,6,54,0,60,2,13,62,6,83,52,8,60,143
05/15/2021,OWB,KY,ASO,CE,Federal Contract Tower,0,2,5,0,7,0,3,64,0,67,0,5,69,0,74,24,0,24,98
05/16/2021,OWB,KY,ASO,CE,Federal Contract Tower,0,4,8,0,12,0,1,29,0,30,0,5,37,0,42,0,0,0,42
05/17/2021,OWB,KY,ASO,CE,Federal Contract Tower,2,5,11,5,23,0,0,10,1,11,2,5,21,6,34,12,10,22,56
05/18/2021,OWB,KY,ASO,CE,Federal Contract Tower,0,7,5,3,15,0,2,27,0,29,0,9,32,3,44,6,0,6,50
05/19/2021,OWB,KY,ASO,CE,Federal Contract Tower,0,8,10,3,21,0,0,37,5,42,0,8,47,8,63,30,10,40,103
05/20/2021,OWB,KY,ASO,CE,Federal Contract Tower,0,6,17,3,26,0,0,26,1,27,0,6,43,4,53,90,0,90,143
05/21/2021,OWB,KY,ASO,CE,Federal Contract Tower,1,4,10,2,17,0,1,44,0,45,1,5,54,2,62,34,0,34,96
05/22/2021,OWB,KY,ASO,CE,Federal Contract Tower,0,5,6,0,11,0,1,49,0,50,0,6,55,0,61,8,0,8,69
05/23/2021,OWB,KY,ASO,CE,Federal Contract Tower,0,4,4,0,8,0,3,37,0,40,0,7,41,0,48,8,0,8,56
05/24/2021,OWB,KY,ASO,CE,Federal Contract Tower,2,8,6,0,16,0,0,33,0,33,2,8,39,0,49,8,0,8,57
05/25/2021,OWB,KY,ASO,CE,Federal Contract Tower,0,7,10,8,25,0,0,18,7,25,0,7,28,15,50,8,14,22,72
05/26/2021,OWB,KY,ASO,CE,Federal Contract Tower,1,12,4,0,17,0,0,5,0,5,1,12,9,0,22,24,2,26,48
05/27/2021,OWB,KY,ASO,CE,Federal Contract Tower,0,8,10,0,18,0,0,30,0,30,0,8,40,0,48,14,0,14,62
05/28/2021,OWB,KY,ASO,CE,Federal Contract Tower,2,5,11,0,18,0,0,1,1,2,2,5,12,1,20,16,0,16,36
05/29/2021,OWB,KY,ASO,CE,Federal Contract Tower,0,5,3,0,8,0,1,12,1,14,0,6,15,1,22,38,0,38,60
05/30/2021,OWB,KY,ASO,CE,Federal Contract Tower,0,4,5,0,9,0,4,39,0,43,0,8,44,0,52,36,0,36,88
05/31/2021,OWB,KY,ASO,CE,Federal Contract Tower,2,6,4,0,12,0,0,33,0,33,2,6,37,0,45,42,0,42,87
06/01/2021,OWB,KY,ASO,CE,Federal Contract Tower,0,7,7,2,16,0,0,16,0,16,0,7,23,2,32,24,0,24,56
06/02/2021,OWB,KY,ASO,CE,Federal Contract Tower,2,9,25,0,36,0,0,0,0,0,2,9,25,0,36,0,0,0,36
06/03/2021,OWB,KY,ASO,CE,Federal Contract Tower,0,7,16,0,23,0,0,9,2,11,0,7,25,2,34,2,0,2,36
06/04/2021,OWB,KY,ASO,CE,Federal Contract Tower,2,6,14,0,22,0,1,56,0,57,2,7,70,0,79,30,0,30,109
06/05/2021,OWB,KY,ASO,CE,Federal Contract Tower,0,6,8,0,14,0,3,62,0,65,0,9,70,0,79,92,0,92,171
06/06/2021,OWB,KY,ASO,CE,Federal Contract Tower,0,6,7,1,14,0,0,15,0,15,0,6,22,1,29,52,0,52,81
06/07/2021,OWB,KY,ASO,CE,Federal Contract Tower,2,9,8,0,19,0,0,1,0,1,2,9,9,0,20,0,0,0,20
06/08/2021,OWB,KY,ASO,CE,Federal Contract Tower,0,8,13,0,21,0,0,7,0,7,0,8,20,0,28,20,0,20,48
06/09/2021,OWB,KY,ASO,CE,Federal Contract Tower,2,8,12,8,30,0,0,10,0,10,2,8,22,8,40,24,0,24,64
06/10/2021,OWB,KY,ASO,CE,Federal Contract Tower,0,15,8,0,23,0,0,7,0,7,0,15,15,0,30,0,0,0,30
06/11/2021,OWB,KY,ASO,CE,Federal Contract Tower,2,15,16,0,33,0,8,23,0,31,2,23,39,0,64,24,0,24,88
06/12/2021,OWB,KY,ASO,CE,Federal Contract Tower,0,1,3,0,4,0,5,32,0,37,0,6,35,0,41,54,0,54,95
06/13/2021,OWB,KY,ASO,CE,Federal Contract Tower,0,7,7,6,20,0,2,33,0,35,0,9,40,6,55,0,0,0,55
06/14/2021,OWB,KY,ASO,CE,Federal Contract Tower,2,7,15,2,26,0,0,28,2,30,2,7,43,4,56,30,0,30,86
06/15/2021,OWB,KY,ASO,CE,Federal Contract Tower,0,7,28,9,44,0,0,40,1,41,0,7,68,10,85,50,0,50,135
06/16/2021,OWB,KY,ASO,CE,Federal Contract Tower,2,7,11,1,21,0,0,43,2,45,2,7,54,3,66,52,0,52,118
06/17/2021,OWB,KY,ASO,CE,Federal Contract Tower,0,9,22,4,35,0,0,51,2,53,0,9,73,6,88,8,0,8,96
06/18/2021,OWB,KY,ASO,CE,Federal Contract Tower,2,6,15,1,24,0,5,32,0,37,2,11,47,1,61,40,0,40,101
06/19/2021,OWB,KY,ASO,CE,Federal Contract Tower,0,5,10,0,15,0,1,28,0,29,0,6,38,0,44,54,0,54,98
06/20/2021,OWB,KY,ASO,CE,Federal Contract Tower,0,5,3,0,8,0,3,9,0,12,0,8,12,0,20,6,0,6,26
06/21/2021,OWB,KY,ASO,CE,Federal Contract Tower,2,11,5,4,22,0,0,11,0,11,2,11,16,4,33,34,0,34,67
06/22/2021,OWB,KY,ASO,CE,Federal Contract Tower,0,8,8,6,22,0,0,54,6,60,0,8,62,12,82,44,0,44,126
06/23/2021,OWB,KY,ASO,CE,Federal Contract Tower,2,6,21,6,35,0,0,55,12,67,2,6,76,18,102,58,32,90,192
06/24/2021,OWB,KY,ASO,CE,Federal Contract Tower,0,4,8,8,20,0,2,26,5,33,0,6,34,13,53,26,14,40,93
06/25/2021,OWB,KY,ASO,CE,Federal Contract Tower,2,9,9,0,20,0,0,20,0,20,2,9,29,0,40,2,0,2,42
06/26/2021,OWB,KY,ASO,CE,Federal Contract Tower,0,12,3,0,15,0,7,9,0,16,0,19,12,0,31,6,0,6,37
06/27/2021,OWB,KY,ASO,CE,Federal Contract Tower,0,5,11,0,16,0,1,22,0,23,0,6,33,0,39,20,0,20,59
06/28/2021,OWB,KY,ASO,CE,Federal Contract Tower,2,3,9,15,29,0,0,19,0,19,2,3,28,15,48,4,0,4,52
06/29/2021,OWB,KY,ASO,CE,Federal Contract Tower,0,13,10,5,28,0,0,11,1,12,0,13,21,6,40,10,14,24,64
06/30/2021,OWB,KY,ASO,CE,Federal Contract Tower,2,6,10,2,20,0,0,16,5,21,2,6,26,7,41,18,0,18,59
07/01/2021,OWB,KY,ASO,CE,Federal Contract Tower,0,10,8,0,18,0,0,4,0,4,0,10,12,0,22,4,0,4,26
07/02/2021,OWB,KY,ASO,CE,Federal Contract Tower,2,6,11,2,21,0,0,44,0,44,2,6,55,2,65,40,14,54,119
07/03/2021,OWB,KY,ASO,CE,Federal Contract Tower,0,4,8,0,12,0,4,30,0,34,0,8,38,0,46,14,0,14,60
07/04/2021,OWB,KY,ASO,CE,Federal Contract Tower,0,0,0,0,0,0,4,21,0,25,0,4,21,0,25,18,0,18,43
07/05/2021,OWB,KY,ASO,CE,Federal Contract Tower,2,6,9,0,17,0,0,33,0,33,2,6,42,0,50,18,0,18,68
07/06/2021,OWB,KY,ASO,CE,Federal Contract Tower,0,6,7,1,14,0,2,23,1,26,0,8,30,2,40,36,0,36,76
07/07/2021,OWB,KY,ASO,CE,Federal Contract Tower,2,7,9,1,19,0,2,29,2,33,2,9,38,3,52,52,18,70,122
07/08/2021,OWB,KY,ASO,CE,Federal Contract Tower,0,2,15,5,22,0,3,18,0,21,0,5,33,5,43,0,2,2,45
07/09/2021,OWB,KY,ASO,CE,Federal Contract Tower,2,3,21,1,27,0,7,19,0,26,2,10,40,1,53,0,0,0,53
07/10/2021,OWB,KY,ASO,CE,Federal Contract Tower,0,5,5,0,10,0,2,0,0,2,0,7,5,0,12,0,0,0,12
07/12/2021,OWB,KY,ASO,CE,Federal Contract Tower,2,8,7,0,17,0,0,5,0,5,2,8,12,0,22,8,0,8,30
07/13/2021,OWB,KY,ASO,CE,Federal Contract Tower,0,6,17,0,23,0,1,19,3,23,0,7,36,3,46,28,4,32,78
07/14/2021,OWB,KY,ASO,CE,Federal Contract Tower,2,9,22,4,37,0,2,37,1,40,2,11,59,5,77,46,0,46,123
07/15/2021,OWB,KY,ASO,CE,Federal Contract Tower,0,9,9,7,25,0,1,33,12,46,0,10,42,19,71,58,6,64,135
07/16/2021,OWB,KY,ASO,CE,Federal Contract Tower,2,6,5,2,15,0,0,16,0,16,2,6,21,2,31,20,0,20,51
07/17/2021,OWB,KY,ASO,CE,Federal Contract Tower,0,7,12,0,19,0,0,13,10,23,0,7,25,10,42,0,0,0,42
07/18/2021,OWB,KY,ASO,CE,Federal Contract Tower,0,7,5,0,12,0,0,12,0,12,0,7,17,0,24,52,0,52,76
07/19/2021,OWB,KY,ASO,CE,Federal Contract Tower,2,9,7,4,22,0,0,19,0,19,2,9,26,4,41,18,0,18,59
07/20/2021,OWB,KY,ASO,CE,Federal Contract Tower,0,5,11,7,23,0,0,36,0,36,0,5,47,7,59,50,14,64,123
07/21/2021,OWB,KY,ASO,CE,Federal Contract Tower,2,7,19,8,36,0,1,28,2,31,2,8,47,10,67,36,4,40,107
07/22/2021,OWB,KY,ASO,CE,Federal Contract Tower,0,10,24,9,43,0,1,37,0,38,0,11,61,9,81,48,0,48,129
07/23/2021,OWB,KY,ASO,CE,Federal Contract Tower,2,8,3,10,23,0,2,26,0,28,2,10,29,10,51,46,2,48,99
07/24/2021,OWB,KY,ASO,CE,Federal Contract Tower,0,5,4,0,9,0,3,28,8,39,0,8,32,8,48,50,0,50,98
07/25/2021,OWB,KY,ASO,CE,Federal Contract Tower,0,7,11,0,18,0,0,11,0,11,0,7,22,0,29,42,0,42,71
07/26/2021,OWB,KY,ASO,CE,Federal Contract Tower,2,8,13,0,23,0,0,27,4,31,2,8,40,4,54,16,0,16,70
07/27/2021,OWB,KY,ASO,CE,Federal Contract Tower,0,6,13,7,26,0,0,38,2,40,0,6,51,9,66,42,0,42,108
07/28/2021,OWB,KY,ASO,CE,Federal Contract Tower,0,7,20,8,35,0,35,4,0,39,0,42,24,8,74,32,16,48,122
07/29/2021,OWB,KY,ASO,CE,Federal Contract Tower,0,10,17,2,29,0,0,11,0,11,0,10,28,2,40,22,0,22,62
07/30/2021,OWB,KY,ASO,CE,Federal Contract Tower,2,8,4,3,17,0,2,20,11,33,2,10,24,14,50,16,2,18,68
07/31/2021,OWB,KY,ASO,CE,Federal Contract Tower,0,5,4,0,9,0,0,26,0,26,0,5,30,0,35,34,0,34,69
08/01/2021,OWB,KY,ASO,CE,Federal Contract Tower,0,6,9,8,23,0,0,11,0,11,0,6,20,8,34,14,0,14,48
08/02/2021,OWB,KY,ASO,CE,Federal Contract Tower,2,7,7,2,18,0,3,32,8,43,2,10,39,10,61,8,0,8,69
08/03/2021,OWB,KY,ASO,CE,Federal Contract Tower,0,6,13,1,20,0,2,30,0,32,0,8,43,1,52,14,0,14,66
08/04/2021,OWB,KY,ASO,CE,Federal Contract Tower,0,6,11,0,17,0,0,29,0,29,0,6,40,0,46,18,0,18,64
08/05/2021,OWB,KY,ASO,CE,Federal Contract Tower,0,5,7,8,20,0,3,24,1,28,0,8,31,9,48,28,0,28,76
08/06/2021,OWB,KY,ASO,CE,Federal Contract Tower,0,9,6,0,15,0,0,15,0,15,0,9,21,0,30,26,0,26,56
08/07/2021,OWB,KY,ASO,CE,Federal Contract Tower,0,5,8,0,13,0,1,36,0,37,0,6,44,0,50,10,0,10,60
08/08/2021,OWB,KY,ASO,CE,Federal Contract Tower,0,6,1,17,24,0,2,21,0,23,0,8,22,17,47,40,0,40,87
08/09/2021,OWB,KY,ASO,CE,Federal Contract Tower,0,9,8,0,17,0,0,5,0,5,0,9,13,0,22,0,0,0,22
08/10/2021,OWB,KY,ASO,CE,Federal Contract Tower,0,5,14,6,25,0,2,13,4,19,0,7,27,10,44,15,10,25,69
08/11/2021,OWB,KY,ASO,CE,Federal Contract Tower,0,9,12,6,27,0,0,36,5,41,0,9,48,11,68,42,6,48,116
08/12/2021,OWB,KY,ASO,CE,Federal Contract Tower,0,7,15,3,25,0,0,33,25,58,0,7,48,28,83,11,0,11,94
08/13/2021,OWB,KY,ASO,CE,Federal Contract Tower,0,10,6,0,16,0,3,26,25,54,0,13,32,25,70,0,4,4,74
08/14/2021,OWB,KY,ASO,CE,Federal Contract Tower,0,7,8,0,15,0,1,38,37,76,0,8,46,37,91,20,38,58,149
08/15/2021,OWB,KY,ASO,CE,Federal Contract Tower,0,8,6,1,15,0,0,94,29,123,0,8,100,30,138,36,14,50,188
08/16/2021,OWB,KY,ASO,CE,Federal Contract Tower,0,7,10,5,22,0,0,30,0,30,0,7,40,5,52,22,0,22,74
08/17/2021,OWB,KY,ASO,CE,Federal Contract Tower,0,8,8,6,22,0,0,17,0,17,0,8,25,6,39,14,0,14,53
08/18/2021,OWB,KY,ASO,CE,Federal Contract Tower,0,6,9,5,20,0,0,6,0,6,0,6,15,5,26,36,10,46,72
08/19/2021,OWB,KY,ASO,CE,Federal Contract Tower,2,7,13,0,22,0,0,26,0,26,2,7,39,0,48,36,0,36,84
08/20/2021,OWB,KY,ASO,CE,Federal Contract Tower,0,5,8,3,16,0,0,41,0,41,0,5,49,3,57,82,6,88,145
08/21/2021,OWB,KY,ASO,CE,Federal Contract Tower,0,6,6,0,12,0,0,33,0,33,0,6,39,0,45,34,0,34,79
08/22/2021,OWB,KY,ASO,CE,Federal Contract Tower,2,6,5,6,19,0,1,37,0,38,2,7,42,6,57,32,0,32,89
08/23/2021,OWB,KY,ASO,CE,Federal Contract Tower,0,8,3,0,11,0,0,31,0,31,0,8,34,0,42,30,0,30,72
08/24/2021,OWB,KY,ASO,CE,Federal Contract Tower,0,3,8,2,13,0,1,43,0,44,0,4,51,2,57,50,0,50,107
08/25/2021,OWB,KY,ASO,CE,Federal Contract Tower,0,7,3,4,14,0,0,29,0,29,0,7,32,4,43,16,0,16,59
08/26/2021,OWB,KY,ASO,CE,Federal Contract Tower,2,4,3,2,11,0,0,25,0,25,2,4,28,2,36,32,0,32,68
08/27/2021,OWB,KY,ASO,CE,Federal Contract Tower,0,7,22,0,29,0,4,19,0,23,0,11,41,0,52,8,0,8,60
08/28/2021,OWB,KY,ASO,CE,Federal Contract Tower,0,5,10,0,15,0,1,114,0,115,0,6,124,0,130,22,0,22,152
08/29/2021,OWB,KY,ASO,CE,Federal Contract Tower,2,3,29,0,34,0,2,36,0,38,2,5,65,0,72,46,0,46,118
08/30/2021,OWB,KY,ASO,CE,Federal Contract Tower,0,6,6,0,12,0,0,9,0,9,0,6,15,0,21,0,0,0,21
08/31/2021,OWB,KY,ASO,CE,Federal Contract Tower,0,9,15,0,24,0,0,3,0,3,0,9,18,0,27,0,0,0,27
09/01/2021,OWB,KY,ASO,CE,Federal Contract Tower,0,9,9,9,27,0,4,33,1,38,0,13,42,10,65,40,38,78,143
09/02/2021,OWB,KY,ASO,CE,Federal Contract Tower,2,5,14,7,28,0,3,39,8,50,2,8,53,15,78,56,0,56,134
09/03/2021,OWB,KY,ASO,CE,Federal Contract Tower,0,6,4,0,10,0,1,33,0,34,0,7,37,0,44,74,0,74,118
09/04/2021,OWB,KY,ASO,CE,Federal Contract Tower,0,4,3,0,7,0,2,23,0,25,0,6,26,0,32,44,0,44,76
09/05/2021,OWB,KY,ASO,CE,Federal Contract Tower,2,6,4,0,12,0,0,17,0,17,2,6,21,0,29,6,0,6,35
09/06/2021,OWB,KY,ASO,CE,Federal Contract Tower,0,7,8,0,15,0,0,28,0,28,0,7,36,0,43,20,0,20,63
09/07/2021,OWB,KY,ASO,CE,Federal Contract Tower,0,7,5,7,19,0,1,24,0,25,0,8,29,7,44,36,0,36,80
09/08/2021,OWB,KY,ASO,CE,Federal Contract Tower,0,5,15,12,32,0,2,32,1,35,0,7,47,13,67,32,0,32,99
09/09/2021,OWB,KY,ASO,CE,Federal Contract Tower,2,9,9,3,23,0,2,33,3,38,2,11,42,6,61,72,0,72,133
09/10/2021,OWB,KY,ASO,CE,Federal Contract Tower,0,6,7,4,17,0,1,30,6,37,0,7,37,10,54,22,0,22,76
09/11/2021,OWB,KY,ASO,CE,Federal Contract Tower,0,1,7,0,8,0,8,28,0,36,0,9,35,0,44,82,0,82,126
09/12/2021,OWB,KY,ASO,CE,Federal Contract Tower,2,2,2,0,6,0,4,31,0,35,2,6,33,0,41,36,0,36,77
09/13/2021,OWB,KY,ASO,CE,Federal Contract Tower,0,10,11,0,21,0,3,23,1,27,0,13,34,1,48,30,0,30,78
09/14/2021,OWB,KY,ASO,CE,Federal Contract Tower,0,8,12,5,25,0,0,5,4,9,0,8,17,9,34,24,0,24,58
09/15/2021,OWB,KY,ASO,CE,Federal Contract Tower,0,11,7,10,28,0,0,12,8,20,0,11,19,18,48,42,2,44,92
09/16/2021,OWB,KY,ASO,CE,Federal Contract Tower,2,10,14,0,26,0,17,2,0,19,2,27,16,0,45,28,0,28,73
09/17/2021,OWB,KY,ASO,CE,Federal Contract Tower,0,10,15,2,27,0,0,14,0,14,0,10,29,2,41,8,0,8,49
09/18/2021,OWB,KY,ASO,CE,Federal Contract Tower,0,6,6,0,12,0,4,20,0,24,0,10,26,0,36,74,0,74,110
09/19/2021,OWB,KY,ASO,CE,Federal Contract Tower,2,9,6,0,17,0,0,6,2,8,2,9,12,2,25,8,0,8,33
09/20/2021,OWB,KY,ASO,CE,Federal Contract Tower,0,6,8,0,14,0,0,4,0,4,0,6,12,0,18,3,0,3,21
09/21/2021,OWB,KY,ASO,CE,Federal Contract Tower,0,6,7,0,13,0,0,24,0,24,0,6,31,0,37,78,0,78,115
09/22/2021,OWB,KY,ASO,CE,Federal Contract Tower,0,10,5,0,15,0,0,3,0,3,0,10,8,0,18,6,0,6,24
09/23/2021,OWB,KY,ASO,CE,Federal Contract Tower,2,12,12,10,36,0,1,37,0,38,2,13,49,10,74,26,0,26,100
09/24/2021,OWB,KY,ASO,CE,Federal Contract Tower,0,4,3,2,9,0,0,31,1,32,0,4,34,3,41,30,0,30,71
09/25/2021,OWB,KY,ASO,CE,Federal Contract Tower,0,7,9,0,16,0,0,35,1,36,0,7,44,1,52,42,0,42,94
09/26/2021,OWB,KY,ASO,CE,Federal Contract Tower,2,5,5,0,12,0,1,32,0,33,2,6,37,0,45,28,0,28,73
09/27/2021,OWB,KY,ASO,CE,Federal Contract Tower,0,12,16,8,36,0,0,23,1,24,0,12,39,9,60,20,0,20,80
09/28/2021,OWB,KY,ASO,CE,Federal Contract Tower,0,5,2,10,17,0,1,39,2,42,0,6,41,12,59,48,0,48,107
09/29/2021,OWB,KY,ASO,CE,Federal Contract Tower,0,7,14,9,30,0,0,41,0,41,0,7,55,9,71,44,0,44,115
09/30/2021,OWB,KY,ASO,CE,Federal Contract Tower,2,6,7,6,21,0,0,31,0,31,2,6,38,6,52,38,0,38,90
10/01/2021,OWB,KY,ASO,CE,Federal Contract Tower,0,7,12,0,19,0,0,31,0,31,0,7,43,0,50,6,0,6,56
10/02/2021,OWB,KY,ASO,CE,Federal Contract Tower,0,6,11,0,17,0,0,18,0,18,0,6,29,0,35,52,0,52,87
10/03/2021,OWB,KY,ASO,CE,Federal Contract Tower,2,7,16,0,25,0,0,9,0,9,2,7,25,0,34,6,0,6,40
10/04/2021,OWB,KY,ASO,CE,Federal Contract Tower,0,6,9,2,17,0,0,9,0,9,0,6,18,2,26,16,4,20,46
10/05/2021,OWB,KY,ASO,CE,Federal Contract Tower,0,7,4,8,19,0,0,17,0,17,0,7,21,8,36,24,6,30,66
10/06/2021,OWB,KY,ASO,CE,Federal Contract Tower,0,8,19,1,28,0,0,4,0,4,0,8,23,1,32,0,0,0,32
10/07/2021,OWB,KY,ASO,CE,Federal Contract Tower,0,9,10,1,20,0,0,24,4,28,0,9,34,5,48,44,0,44,92
10/08/2021,OWB,KY,ASO,CE,Federal Contract Tower,2,5,20,0,27,0,4,33,0,37,2,9,53,0,64,12,0,12,76
10/09/2021,OWB,KY,ASO,CE,Federal Contract Tower,0,4,18,0,22,0,2,50,0,52,0,6,68,0,74,42,0,42,116
10/10/2021,OWB,KY,ASO,CE,Federal Contract Tower,0,2,10,0,12,0,5,20,0,25,0,7,30,0,37,20,0,20,57
10/11/2021,OWB,KY,ASO,CE,Federal Contract Tower,2,9,14,0,25,0,0,10,0,10,2,9,24,0,35,0,0,0,35
10/12/2021,OWB,KY,ASO,CE,Federal Contract Tower,0,6,14,4,24,0,1,29,0,30,0,7,43,4,54,48,0,48,102
10/13/2021,OWB,KY,ASO,CE,Federal Contract Tower,0,7,11,4,22,0,0,22,0,22,0,7,33,4,44,18,0,18,62
10/14/2021,OWB,KY,ASO,CE,Federal Contract Tower,0,8,12,2,22,0,0,30,0,30,0,8,42,2,52,48,6,54,106
10/15/2021,OWB,KY,ASO,CE,Federal Contract Tower,2,7,8,8,25,0,1,5,0,6,2,8,13,8,31,6,0,6,37
10/16/2021,OWB,KY,ASO,CE,Federal Contract Tower,0,0,16,0,16,0,2,23,0,25,0,2,39,0,41,54,0,54,95
10/17/2021,OWB,KY,ASO,CE,Federal Contract Tower,0,1,11,4,16,0,6,52,0,58,0,7,63,4,74,24,0,24,98
10/18/2021,OWB,KY,ASO,CE,Federal Contract Tower,2,8,6,7,23,0,0,52,3,55,2,8,58,10,78,14,12,26,104
10/19/2021,OWB,KY,ASO,CE,Federal Contract Tower,0,6,9,2,17,0,0,37,4,41,0,6,46,6,58,14,6,20,78
10/20/2021,OWB,KY,ASO,CE,Federal Contract Tower,0,5,11,9,25,0,0,44,4,48,0,5,55,13,73,36,20,56,129
10/21/2021,OWB,KY,ASO,CE,Federal Contract Tower,0,7,11,8,26,0,0,22,2,24,0,7,33,10,50,16,20,36,86
10/22/2021,OWB,KY,ASO,CE,Federal Contract Tower,2,6,8,2,18,0,0,11,0,11,2,6,19,2,29,12,0,12,41
10/23/2021,OWB,KY,ASO,CE,Federal Contract Tower,0,8,13,0,21,0,0,25,0,25,0,8,38,0,46,62,0,62,108
10/24/2021,OWB,KY,ASO,CE,Federal Contract Tower,0,10,9,0,19,0,0,10,0,10,0,10,19,0,29,4,0,4,33
10/25/2021,OWB,KY,ASO,CE,Federal Contract Tower,2,9,10,2,23,0,0,0,0,0,2,9,10,2,23,0,0,0,23
10/26/2021,OWB,KY,ASO,CE,Federal Contract Tower,0,10,19,8,37,0,0,36,4,40,0,10,55,12,77,28,30,58,135
10/27/2021,OWB,KY,ASO,CE,Federal Contract Tower,0,4,22,3,29,0,4,32,3,39,0,8,54,6,68,24,30,54,122
10/28/2021,OWB,KY,ASO,CE,Federal Contract Tower,0,12,2,0,14,0,0,0,0,0,0,12,2,0,14,24,0,24,38
10/29/2021,OWB,KY,ASO,CE,Federal Contract Tower,2,13,15,2,32,0,0,3,0,3,2,13,18,2,35,4,0,4,39
10/30/2021,OWB,KY,ASO,CE,Federal Contract Tower,0,9,11,6,26,0,0,3,0,3,0,9,14,6,29,40,0,40,69
10/31/2021,OWB,KY,ASO,CE,Federal Contract Tower,0,6,10,0,16,0,1,19,0,20,0,7,29,0,36,32,0,32,68
11/01/2021,OWB,KY,ASO,CE,Federal Contract Tower,2,7,12,0,21,0,0,15,0,15,2,7,27,0,36,16,0,16,52
11/02/2021,OWB,KY,ASO,CE,Federal Contract Tower,0,8,13,3,24,0,0,20,1,21,0,8,33,4,45,50,0,50,95
11/03/2021,OWB,KY,ASO,CE,Federal Contract Tower,0,6,18,5,29,0,0,35,0,35,0,6,53,5,64,26,0,26,90
11/04/2021,OWB,KY,ASO,CE,Federal Contract Tower,0,5,5,0,10,0,2,28,0,30,0,7,33,0,40,36,0,36,76
11/05/2021,OWB,KY,ASO,CE,Federal Contract Tower,2,2,12,6,22,0,4,38,0,42,2,6,50,6,64,22,10,32,96
11/06/2021,OWB,KY,ASO,CE,Federal Contract Tower,0,3,13,2,18,0,3,45,0,48,0,6,58,2,66,72,0,72,138
11/07/2021,OWB,KY,ASO,CE,Federal Contract Tower,0,4,11,4,19,0,4,50,0,54,0,8,61,4,73,56,0,56,129
11/08/2021,OWB,KY,ASO,CE,Federal Contract Tower,2,10,4,7,23,0,0,26,4,30,2,10,30,11,53,6,0,6,59
11/09/2021,OWB,KY,ASO,CE,Federal Contract Tower,0,8,11,5,24,0,2,23,4,29,0,10,34,9,53,18,64,82,135
11/10/2021,OWB,KY,ASO,CE,Federal Contract Tower,0,18,15,4,37,0,0,44,0,44,0,18,59,4,81,74,10,84,165
11/11/2021,OWB,KY,ASO,CE,Federal Contract Tower,0,8,3,0,11,0,0,3,0,3,0,8,6,0,14,0,0,0,14
11/12/2021,OWB,KY,ASO,CE,Federal Contract Tower,2,6,15,0,23,0,1,7,6,14,2,7,22,6,37,0,0,0,37
11/13/2021,OWB,KY,ASO,CE,Federal Contract Tower,0,8,4,0,12,0,0,27,0,27,0,8,31,0,39,84,0,84,123
11/14/2021,OWB,KY,ASO,CE,Federal Contract Tower,0,8,9,0,17,0,0,2,0,2,0,8,11,0,19,0,0,0,19
11/15/2021,OWB,KY,ASO,CE,Federal Contract Tower,2,6,13,8,29,0,2,29,5,36,2,8,42,13,65,12,6,18,83
11/16/2021,OWB,KY,ASO,CE,Federal Contract Tower,0,7,29,9,45,0,0,25,0,25,0,7,54,9,70,14,0,14,84
11/17/2021,OWB,KY,ASO,CE,Federal Contract Tower,0,9,12,8,29,0,0,15,1,16,0,9,27,9,45,52,0,52,97
11/18/2021,OWB,KY,ASO,CE,Federal Contract Tower,0,9,15,16,40,0,0,23,0,23,0,9,38,16,63,14,0,14,77
11/19/2021,OWB,KY,ASO,CE,Federal Contract Tower,2,4,9,2,17,0,5,30,1,36,2,9,39,3,53,14,6,20,73
11/20/2021,OWB,KY,ASO,CE,Federal Contract Tower,0,2,26,0,28,0,4,46,0,50,0,6,72,0,78,72,0,72,150
11/21/2021,OWB,KY,ASO,CE,Federal Contract Tower,0,9,10,0,19,0,0,0,0,0,0,9,10,0,19,0,0,0,19
11/22/2021,OWB,KY,ASO,CE,Federal Contract Tower,2,5,12,0,19,0,0,17,2,19,2,5,29,2,38,4,0,4,42
11/23/2021,OWB,KY,ASO,CE,Federal Contract Tower,0,8,15,4,27,0,0,37,2,39,0,8,52,6,66,32,6,38,104
11/24/2021,OWB,KY,ASO,CE,Federal Contract Tower,2,6,8,7,23,0,0,38,1,39,2,6,46,8,62,30,10,40,102
11/25/2021,OWB,KY,ASO,CE,Federal Contract Tower,0,2,6,0,8,0,0,0,0,0,0,2,6,0,8,0,0,0,8
11/26/2021,OWB,KY,ASO,CE,Federal Contract Tower,0,1,8,0,9,0,3,46,0,49,0,4,54,0,58,16,0,16,74
11/27/2021,OWB,KY,ASO,CE,Federal Contract Tower,0,1,23,0,24,0,6,13,0,19,0,7,36,0,43,4,0,4,47
11/28/2021,OWB,KY,ASO,CE,Federal Contract Tower,2,3,12,0,17,0,5,17,0,22,2,8,29,0,39,10,0,10,49
11/29/2021,OWB,KY,ASO,CE,Federal Contract Tower,0,10,8,6,24,0,2,21,0,23,0,12,29,6,47,6,0,6,53
11/30/2021,OWB,KY,ASO,CE,Federal Contract Tower,0,7,14,0,21,0,1,12,6,19,0,8,26,6,40,14,0,14,54
12/01/2021,OWB,KY,ASO,CE,Federal Contract Tower,0,6,5,12,23,0,0,11,2,13,0,6,16,14,36,4,0,4,40
12/02/2021,OWB,KY,ASO,CE,Federal Contract Tower,0,6,6,2,14,0,0,24,2,26,0,6,30,4,40,30,0,30,70
12/03/2021,OWB,KY,ASO,CE,Federal Contract Tower,0,4,5,2,11,0,6,37,0,43,0,10,42,2,54,10,10,20,74
12/04/2021,OWB,KY,ASO,CE,Federal Contract Tower,0,4,14,0,18,0,2,23,0,25,0,6,37,0,43,76,0,76,119
12/05/2021,OWB,KY,ASO,CE,Federal Contract Tower,0,6,2,0,8,0,0,0,0,0,0,6,2,0,8,0,0,0,8
12/06/2021,OWB,KY,ASO,CE,Federal Contract Tower,0,7,12,0,19,0,1,11,0,12,0,8,23,0,31,6,0,6,37
12/07/2021,OWB,KY,ASO,CE,Federal Contract Tower,0,6,7,3,16,0,5,14,5,24,0,11,21,8,40,26,0,26,66
12/08/2021,OWB,KY,ASO,CE,Federal Contract Tower,0,3,12,7,22,0,4,39,1,44,0,7,51,8,66,64,14,78,144
12/09/2021,OWB,KY,ASO,CE,Federal Contract Tower,0,2,11,5,18,0,2,9,9,20,0,4,20,14,38,30,0,30,68
12/10/2021,OWB,KY,ASO,CE,Federal Contract Tower,0,10,14,0,24,0,0,0,0,0,0,10,14,0,24,0,0,0,24
12/11/2021,OWB,KY,ASO,CE,Federal Contract Tower,0,7,1,0,8,0,0,4,0,4,0,7,5,0,12,0,0,0,12
12/12/2021,OWB,KY,ASO,CE,Federal Contract Tower,0,2,3,2,7,0,3,27,0,30,0,5,30,2,37,0,0,0,37
12/13/2021,OWB,KY,ASO,CE,Federal Contract Tower,0,6,10,14,30,0,2,47,10,59,0,8,57,24,89,38,0,38,127
12/14/2021,OWB,KY,ASO,CE,Federal Contract Tower,0,6,14,8,28,0,6,29,0,35,0,12,43,8,63,44,0,44,107
12/15/2021,OWB,KY,ASO,CE,Federal Contract Tower,0,6,8,6,20,0,0,7,2,9,0,6,15,8,29,0,26,26,55
12/16/2021,OWB,KY,ASO,CE,Federal Contract Tower,0,6,8,0,14,0,0,2,0,2,0,6,10,0,16,10,0,10,26
12/17/2021,OWB,KY,ASO,CE,Federal Contract Tower,0,7,2,4,13,0,0,0,0,0,0,7,2,4,13,12,0,12,25
12/18/2021,OWB,KY,ASO,CE,Federal Contract Tower,0,7,0,0,7,0,0,0,0,0,0,7,0,0,7,0,0,0,7
12/19/2021,OWB,KY,ASO,CE,Federal Contract Tower,0,1,9,0,10,0,2,33,0,35,0,3,42,0,45,8,0,8,53
12/20/2021,OWB,KY,ASO,CE,Federal Contract Tower,0,7,12,0,19,0,0,25,1,26,0,7,37,1,45,20,0,20,65
12/21/2021,OWB,KY,ASO,CE,Federal Contract Tower,0,6,25,4,35,0,0,40,0,40,0,6,65,4,75,6,26,32,107
12/22/2021,OWB,KY,ASO,CE,Federal Contract Tower,0,7,15,0,22,0,0,40,0,40,0,7,55,0,62,34,0,34,96
12/23/2021,OWB,KY,ASO,CE,Federal Contract Tower,0,2,4,0,6,0,4,38,0,42,0,6,42,0,48,6,0,6,54
12/24/2021,OWB,KY,ASO,CE,Federal Contract Tower,0,8,2,0,10,0,0,2,0,2,0,8,4,0,12,0,0,0,12
12/25/2021,OWB,KY,ASO,CE,Federal Contract Tower,0,8,3,0,11,0,0,0,0,0,0,8,3,0,11,0,0,0,11
12/26/2021,OWB,KY,ASO,CE,Federal Contract Tower,0,6,2,0,8,0,0,9,0,9,0,6,11,0,17,6,0,6,23
12/27/2021,OWB,KY,ASO,CE,Federal Contract Tower,0,8,4,0,12,0,0,13,0,13,0,8,17,0,25,10,0,10,35
12/28/2021,OWB,KY,ASO,CE,Federal Contract Tower,0,8,2,0,10,0,0,4,0,4,0,8,6,0,14,0,0,0,14
12/29/2021,OWB,KY,ASO,CE,Federal Contract Tower,0,6,9,0,15,0,0,0,0,0,0,6,9,0,15,20,0,20,35
12/30/2021,OWB,KY,ASO,CE,Federal Contract Tower,0,6,7,0,13,0,0,0,0,0,0,6,7,0,13,0,0,0,13
12/31/2021,OWB,KY,ASO,CE,Federal Contract Tower,0,6,6,0,12,0,0,14,0,14,0,6,20,0,26,6,0,6,32
01/01/2022,OWB,KY,ASO,CE,Federal Contract Tower,0,6,2,0,8,0,0,0,0,0,0,6,2,0,8,0,0,0,8
01/02/2022,OWB,KY,ASO,CE,Federal Contract Tower,0,10,4,0,14,0,0,2,0,2,0,10,6,0,16,0,0,0,16
01/03/2022,OWB,KY,ASO,CE,Federal Contract Tower,0,6,7,2,15,0,0,5,0,5,0,6,12,2,20,6,0,6,26
01/04/2022,OWB,KY,ASO,CE,Federal Contract Tower,0,12,19,9,40,0,0,25,2,27,0,12,44,11,67,18,0,18,85
01/05/2022,OWB,KY,ASO,CE,Federal Contract Tower,0,5,14,10,29,0,1,26,4,31,0,6,40,14,60,20,4,24,84
01/06/2022,OWB,KY,ASO,CE,Federal Contract Tower,0,6,1,0,7,0,0,0,0,0,0,6,1,0,7,0,0,0,7
01/07/2022,OWB,KY,ASO,CE,Federal Contract Tower,2,5,13,0,20,0,4,7,0,11,2,9,20,0,31,4,0,4,35
01/08/2022,OWB,KY,ASO,CE,Federal Contract Tower,0,6,16,2,24,0,2,3,2,7,0,8,19,4,31,12,0,12,43
01/09/2022,OWB,KY,ASO,CE,Federal Contract Tower,0,8,5,0,13,0,0,3,0,3,0,8,8,0,16,2,0,2,18
01/10/2022,OWB,KY,ASO,CE,Federal Contract Tower,2,1,9,0,12,0,5,9,0,14,2,6,18,0,26,16,0,16,42
01/11/2022,OWB,KY,ASO,CE,Federal Contract Tower,0,7,8,16,31,0,2,18,0,20,0,9,26,16,51,14,0,14,65
01/12/2022,OWB,KY,ASO,CE,Federal Contract Tower,0,11,8,17,36,0,0,31,1,32,0,11,39,18,68,50,0,50,118
01/13/2022,OWB,KY,ASO,CE,Federal Contract Tower,0,5,10,8,23,0,4,25,1,30,0,9,35,9,53,82,0,82,135
01/14/2022,OWB,KY,ASO,CE,Federal Contract Tower,2,8,12,0,22,0,0,0,0,0,2,8,12,0,22,0,0,0,22
01/15/2022,OWB,KY,ASO,CE,Federal Contract Tower,0,7,4,0,11,0,0,11,0,11,0,7,15,0,22,36,0,36,58
01/16/2022,OWB,KY,ASO,CE,Federal Contract Tower,0,5,11,0,16,0,2,16,0,18,0,7,27,0,34,40,0,40,74
01/17/2022,OWB,KY,ASO,CE,Federal Contract Tower,0,8,6,0,14,0,0,1,0,1,0,8,7,0,15,0,0,0,15
01/18/2022,OWB,KY,ASO,CE,Federal Contract Tower,0,6,34,7,47,0,1,19,1,21,0,7,53,8,68,48,0,48,116
01/19/2022,OWB,KY,ASO,CE,Federal Contract Tower,0,7,3,1,11,0,0,0,0,0,0,7,3,1,11,0,0,0,11
01/20/2022,OWB,KY,ASO,CE,Federal Contract Tower,0,5,3,5,13,0,0,7,4,11,0,5,10,9,24,10,0,10,34
01/21/2022,OWB,KY,ASO,CE,Federal Contract Tower,2,5,7,9,23,0,4,36,9,49,2,9,43,18,72,48,0,48,120
01/22/2022,OWB,KY,ASO,CE,Federal Contract Tower,0,5,4,0,9,0,3,20,0,23,0,8,24,0,32,14,0,14,46
01/23/2022,OWB,KY,ASO,CE,Federal Contract Tower,0,0,5,0,5,0,3,11,0,14,0,3,16,0,19,2,0,2,21
01/24/2022,OWB,KY,ASO,CE,Federal Contract Tower,2,6,7,2,17,0,1,12,0,13,2,7,19,2,30,24,0,24,54
01/25/2022,OWB,KY,ASO,CE,Federal Contract Tower,0,7,14,8,29,0,0,21,6,27,0,7,35,14,56,0,0,0,56
01/26/2022,OWB,KY,ASO,CE,Federal Contract Tower,0,3,14,5,22,0,2,21,0,23,0,5,35,5,45,32,0,32,77
01/27/2022,OWB,KY,ASO,CE,Federal Contract Tower,0,5,5,3,13,0,0,6,4,10,0,5,11,7,23,0,0,0,23
01/28/2022,OWB,KY,ASO,CE,Federal Contract Tower,2,3,3,0,8,0,0,2,0,2,2,3,5,0,10,10,0,10,20
01/29/2022,OWB,KY,ASO,CE,Federal Contract Tower,0,0,7,0,7,0,0,36,0,36,0,0,43,0,43,38,0,38,81
01/30/2022,OWB,KY,ASO,CE,Federal Contract Tower,0,3,9,0,12,0,1,17,0,18,0,4,26,0,30,40,0,40,70
01/31/2022,OWB,KY,ASO,CE,Federal Contract Tower,2,4,10,5,21,0,0,24,0,24,2,4,34,5,45,28,0,28,73
02/01/2022,OWB,KY,ASO,CE,Federal Contract Tower,0,8,10,7,25,0,1,23,3,27,0,9,33,10,52,40,0,40,92
02/02/2022,OWB,KY,ASO,CE,Federal Contract Tower,0,2,5,2,9,0,0,0,0,0,0,2,5,2,9,0,0,0,9
02/03/2022,OWB,KY,ASO,CE,Federal Contract Tower,0,0,0,0,0,0,0,0,0,0,0,0,0,0,0,0,0,0,0
02/04/2022,OWB,KY,ASO,CE,Federal Contract Tower,0,1,1,0,2,0,1,0,0,1,0,2,1,0,3,0,0,0,3
02/05/2022,OWB,KY,ASO,CE,Federal Contract Tower,0,3,7,0,10,0,0,0,0,0,0,3,7,0,10,0,0,0,10
02/06/2022,OWB,KY,ASO,CE,Federal Contract Tower,0,1,3,0,4,0,3,20,0,23,0,4,23,0,27,26,0,26,53
02/07/2022,OWB,KY,ASO,CE,Federal Contract Tower,2,3,10,2,17,0,2,17,0,19,2,5,27,2,36,38,0,38,74
02/08/2022,OWB,KY,ASO,CE,Federal Contract Tower,0,0,6,7,13,0,9,12,3,24,0,9,18,10,37,42,0,42,79
02/09/2022,OWB,KY,ASO,CE,Federal Contract Tower,0,3,14,6,23,0,7,29,0,36,0,10,43,6,59,20,0,20,79
02/10/2022,OWB,KY,ASO,CE,Federal Contract Tower,0,6,16,0,22,0,10,7,0,17,0,16,23,0,39,20,0,20,59
02/11/2022,OWB,KY,ASO,CE,Federal Contract Tower,2,8,7,2,19,0,1,6,0,7,2,9,13,2,26,16,0,16,42
02/12/2022,OWB,KY,ASO,CE,Federal Contract Tower,0,5,0,0,5,0,0,7,0,7,0,5,7,0,12,0,0,0,12
02/13/2022,OWB,KY,ASO,CE,Federal Contract Tower,0,3,11,2,16,0,4,26,2,32,0,7,37,4,48,34,6,40,88
02/14/2022,OWB,KY,ASO,CE,Federal Contract Tower,2,4,8,0,14,0,3,53,0,56,2,7,61,0,70,38,0,38,108
02/15/2022,OWB,KY,ASO,CE,Federal Contract Tower,0,0,15,5,20,0,5,19,0,24,0,5,34,5,44,22,0,22,66
02/16/2022,OWB,KY,ASO,CE,Federal Contract Tower,0,2,13,5,20,0,3,6,0,9,0,5,19,5,29,0,0,0,29
02/17/2022,OWB,KY,ASO,CE,Federal Contract Tower,0,8,6,0,14,0,0,0,0,0,0,8,6,0,14,0,0,0,14
02/18/2022,OWB,KY,ASO,CE,Federal Contract Tower,2,2,21,0,25,0,3,22,0,25,2,5,43,0,50,30,0,30,80
02/19/2022,OWB,KY,ASO,CE,Federal Contract Tower,0,0,7,0,7,0,4,32,0,36,0,4,39,0,43,26,0,26,69
02/20/2022,OWB,KY,ASO,CE,Federal Contract Tower,0,0,6,0,6,0,4,25,0,29,0,4,31,0,35,20,0,20,55
02/21/2022,OWB,KY,ASO,CE,Federal Contract Tower,0,12,8,0,20,0,2,14,0,16,0,14,22,0,36,42,0,42,78
02/22/2022,OWB,KY,ASO,CE,Federal Contract Tower,0,10,1,0,11,0,0,0,0,0,0,10,1,0,11,0,0,0,11
02/23/2022,OWB,KY,ASO,CE,Federal Contract Tower,0,10,5,0,15,0,0,19,0,19,0,10,24,0,34,44,0,44,78
02/24/2022,OWB,KY,ASO,CE,Federal Contract Tower,0,5,1,0,6,0,0,0,0,0,0,5,1,0,6,0,0,0,6
02/25/2022,OWB,KY,ASO,CE,Federal Contract Tower,2,5,6,0,13,0,0,4,0,4,2,5,10,0,17,8,0,8,25
02/26/2022,OWB,KY,ASO,CE,Federal Contract Tower,0,5,10,0,15,0,1,39,6,46,0,6,49,6,61,28,0,28,89
02/27/2022,OWB,KY,ASO,CE,Federal Contract Tower,0,4,13,1,18,0,2,30,1,33,0,6,43,2,51,34,12,46,97
02/28/2022,OWB,KY,ASO,CE,Federal Contract Tower,2,1,14,4,21,0,5,22,7,34,2,6,36,11,55,62,0,62,117
03/01/2022,OWB,KY,ASO,CE,Federal Contract Tower,0,1,16,0,17,0,4,26,6,36,0,5,42,6,53,14,0,14,67
03/02/2022,OWB,KY,ASO,CE,Federal Contract Tower,0,1,11,8,20,0,4,16,5,25,0,5,27,13,45,4,4,8,53
03/03/2022,OWB,KY,ASO,CE,Federal Contract Tower,0,1,9,2,12,0,5,31,6,42,0,6,40,8,54,54,8,62,116
03/04/2022,OWB,KY,ASO,CE,Federal Contract Tower,2,2,7,0,11,0,2,38,2,42,2,4,45,2,53,40,0,40,93
03/05/2022,OWB,KY,ASO,CE,Federal Contract Tower,0,4,10,0,14,0,1,16,0,17,0,5,26,0,31,22,0,22,53
03/06/2022,OWB,KY,ASO,CE,Federal Contract Tower,0,9,10,0,19,0,0,0,0,0,0,9,10,0,19,0,0,0,19
03/07/2022,OWB,KY,ASO,CE,Federal Contract Tower,2,6,6,0,14,0,0,0,0,0,2,6,6,0,14,0,0,0,14
03/08/2022,OWB,KY,ASO,CE,Federal Contract Tower,0,6,10,2,18,0,2,8,3,13,0,8,18,5,31,0,0,0,31
03/09/2022,OWB,KY,ASO,CE,Federal Contract Tower,0,3,3,1,7,0,1,29,0,30,0,4,32,1,37,24,2,26,63
03/10/2022,OWB,KY,ASO,CE,Federal Contract Tower,0,5,17,10,32,0,5,41,0,46,0,10,58,10,78,72,0,72,150
03/11/2022,OWB,KY,ASO,CE,Federal Contract Tower,0,0,5,0,5,0,0,3,0,3,0,0,8,0,8,12,0,12,20
03/12/2022,OWB,KY,ASO,CE,Federal Contract Tower,0,4,2,0,6,0,2,16,0,18,0,6,18,0,24,20,0,20,44
03/13/2022,OWB,KY,ASO,CE,Federal Contract Tower,0,2,4,0,6,0,0,2,0,2,0,2,6,0,8,0,0,0,8
03/14/2022,OWB,KY,ASO,CE,Federal Contract Tower,2,1,8,6,17,0,3,27,3,33,2,4,35,9,50,56,0,56,106
03/15/2022,OWB,KY,ASO,CE,Federal Contract Tower,0,0,4,4,8,0,3,28,1,32,0,3,32,5,40,40,0,40,80
03/16/2022,OWB,KY,ASO,CE,Federal Contract Tower,0,3,10,2,15,0,1,27,0,28,0,4,37,2,43,22,0,22,65
03/17/2022,OWB,KY,ASO,CE,Federal Contract Tower,0,0,16,3,19,0,4,24,2,30,0,4,40,5,49,26,0,26,75
03/18/2022,OWB,KY,ASO,CE,Federal Contract Tower,2,5,3,0,10,0,2,4,0,6,2,7,7,0,16,0,0,0,16
03/19/2022,OWB,KY,ASO,CE,Federal Contract Tower,0,7,2,0,9,0,1,2,0,3,0,8,4,0,12,0,0,0,12
03/20/2022,OWB,KY,ASO,CE,Federal Contract Tower,0,1,7,0,8,0,4,26,0,30,0,5,33,0,38,52,0,52,90
03/21/2022,OWB,KY,ASO,CE,Federal Contract Tower,2,3,6,4,15,0,4,25,0,29,2,7,31,4,44,62,0,62,106
03/22/2022,OWB,KY,ASO,CE,Federal Contract Tower,0,5,10,0,15,0,0,0,0,0,0,5,10,0,15,4,0,4,19
03/23/2022,OWB,KY,ASO,CE,Federal Contract Tower,0,5,7,2,14,0,0,3,0,3,0,5,10,2,17,14,0,14,31
03/24/2022,OWB,KY,ASO,CE,Federal Contract Tower,0,10,4,2,16,0,0,4,0,4,0,10,8,2,20,12,0,12,32
03/25/2022,OWB,KY,ASO,CE,Federal Contract Tower,2,5,13,5,25,0,1,5,0,6,2,6,18,5,31,26,12,38,69
03/26/2022,OWB,KY,ASO,CE,Federal Contract Tower,0,4,5,0,9,0,3,8,0,11,0,7,13,0,20,12,0,12,32
03/27/2022,OWB,KY,ASO,CE,Federal Contract Tower,0,1,15,0,16,0,4,39,0,43,0,5,54,0,59,54,0,54,113
03/28/2022,OWB,KY,ASO,CE,Federal Contract Tower,1,3,17,4,25,0,4,37,0,41,1,7,54,4,66,34,0,34,100
03/29/2022,OWB,KY,ASO,CE,Federal Contract Tower,0,6,7,11,24,0,0,12,5,17,0,6,19,16,41,20,6,26,67
03/30/2022,OWB,KY,ASO,CE,Federal Contract Tower,0,2,3,2,7,0,2,2,0,4,0,4,5,2,11,0,20,20,31
03/31/2022,OWB,KY,ASO,CE,Federal Contract Tower,0,7,6,0,13,0,0,7,2,9,0,7,13,2,22,14,0,14,36
04/01/2022,OWB,KY,ASO,CE,Federal Contract Tower,2,12,8,1,23,0,0,39,0,39,2,12,47,1,62,50,0,50,112
04/02/2022,OWB,KY,ASO,CE,Federal Contract Tower,0,7,10,0,17,0,0,33,0,33,0,7,43,0,50,30,0,30,80
04/03/2022,OWB,KY,ASO,CE,Federal Contract Tower,0,5,3,0,8,0,0,60,0,60,0,5,63,0,68,78,0,78,146
04/04/2022,OWB,KY,ASO,CE,Federal Contract Tower,2,9,15,0,26,0,1,15,0,16,2,10,30,0,42,49,0,49,91
04/05/2022,OWB,KY,ASO,CE,Federal Contract Tower,0,6,4,2,12,0,1,4,0,5,0,7,8,2,17,8,0,8,25
04/06/2022,OWB,KY,ASO,CE,Federal Contract Tower,0,6,6,4,16,0,1,23,4,28,0,7,29,8,44,0,0,0,44
04/07/2022,OWB,KY,ASO,CE,Federal Contract Tower,0,3,7,4,14,0,7,11,1,19,0,10,18,5,33,18,0,18,51
04/08/2022,OWB,KY,ASO,CE,Federal Contract Tower,2,11,8,0,21,0,0,1,0,1,2,11,9,0,22,0,0,0,22
04/09/2022,OWB,KY,ASO,CE,Federal Contract Tower,0,9,8,0,17,0,0,7,0,7,0,9,15,0,24,12,0,12,36
04/10/2022,OWB,KY,ASO,CE,Federal Contract Tower,0,5,7,0,12,0,0,19,1,20,0,5,26,1,32,12,0,12,44
04/11/2022,OWB,KY,ASO,CE,Federal Contract Tower,2,6,8,0,16,0,0,0,0,0,2,6,8,0,16,0,0,0,16
04/12/2022,OWB,KY,ASO,CE,Federal Contract Tower,0,6,11,2,19,0,0,3,0,3,0,6,14,2,22,22,0,22,44
04/13/2022,OWB,KY,ASO,CE,Federal Contract Tower,0,6,1,0,7,0,0,0,0,0,0,6,1,0,7,0,0,0,7
04/14/2022,OWB,KY,ASO,CE,Federal Contract Tower,0,8,18,0,26,0,1,62,2,65,0,9,80,2,91,66,0,66,157
04/15/2022,OWB,KY,ASO,CE,Federal Contract Tower,2,6,8,4,20,0,0,29,2,31,2,6,37,6,51,44,6,50,101
04/16/2022,OWB,KY,ASO,CE,Federal Contract Tower,0,5,5,0,10,0,0,27,0,27,0,5,32,0,37,14,0,14,51
04/17/2022,OWB,KY,ASO,CE,Federal Contract Tower,0,4,9,0,13,0,1,15,0,16,0,5,24,0,29,40,0,40,69
04/18/2022,OWB,KY,ASO,CE,Federal Contract Tower,3,6,15,0,24,0,0,12,0,12,3,6,27,0,36,32,0,32,68
04/19/2022,OWB,KY,ASO,CE,Federal Contract Tower,0,4,9,0,13,0,5,59,2,66,0,9,68,2,79,50,0,50,129
04/20/2022,OWB,KY,ASO,CE,Federal Contract Tower,0,2,5,2,9,0,4,17,1,22,0,6,22,3,31,18,0,18,49
04/21/2022,OWB,KY,ASO,CE,Federal Contract Tower,0,7,13,0,20,0,0,19,4,23,0,7,32,4,43,28,4,32,75
04/22/2022,OWB,KY,ASO,CE,Federal Contract Tower,2,3,6,2,13,0,0,44,0,44,2,3,50,2,57,60,0,60,117
04/23/2022,OWB,KY,ASO,CE,Federal Contract Tower,0,6,9,0,15,0,1,21,0,22,0,7,30,0,37,12,0,12,49
04/24/2022,OWB,KY,ASO,CE,Federal Contract Tower,0,8,5,1,14,0,3,11,8,22,0,11,16,9,36,0,0,0,36
04/25/2022,OWB,KY,ASO,CE,Federal Contract Tower,2,8,7,0,17,0,0,3,0,3,2,8,10,0,20,6,0,6,26
04/26/2022,OWB,KY,ASO,CE,Federal Contract Tower,0,7,12,3,22,0,3,41,7,51,0,10,53,10,73,38,2,40,113
04/27/2022,OWB,KY,ASO,CE,Federal Contract Tower,0,2,19,9,30,0,7,50,1,58,0,9,69,10,88,44,4,48,136
04/28/2022,OWB,KY,ASO,CE,Federal Contract Tower,0,11,11,4,26,0,2,38,0,40,0,13,49,4,66,46,10,56,122
04/29/2022,OWB,KY,ASO,CE,Federal Contract Tower,2,9,6,0,17,0,0,23,0,23,2,9,29,0,40,42,0,42,82
04/30/2022,OWB,KY,ASO,CE,Federal Contract Tower,0,4,4,0,8,0,3,22,0,25,0,7,26,0,33,50,0,50,83
05/01/2022,OWB,KY,ASO,CE,Federal Contract Tower,0,5,11,0,16,0,0,30,0,30,0,5,41,0,46,36,0,36,82
05/02/2022,OWB,KY,ASO,CE,Federal Contract Tower,2,1,3,4,10,0,3,48,6,57,2,4,51,10,67,102,6,108,175
05/03/2022,OWB,KY,ASO,CE,Federal Contract Tower,0,8,1,0,9,0,2,2,0,4,0,10,3,0,13,6,0,6,19
05/04/2022,OWB,KY,ASO,CE,Federal Contract Tower,0,6,26,4,36,0,0,28,8,36,0,6,54,12,72,78,0,78,150
05/05/2022,OWB,KY,ASO,CE,Federal Contract Tower,0,3,17,2,22,0,0,0,0,0,0,3,17,2,22,10,0,10,32
05/06/2022,OWB,KY,ASO,CE,Federal Contract Tower,2,6,6,0,14,0,0,2,0,2,2,6,8,0,16,0,0,0,16
05/07/2022,OWB,KY,ASO,CE,Federal Contract Tower,0,5,20,2,27,0,0,22,0,22,0,5,42,2,49,44,0,44,93
05/08/2022,OWB,KY,ASO,CE,Federal Contract Tower,0,6,9,0,15,0,0,18,0,18,0,6,27,0,33,4,0,4,37
05/09/2022,OWB,KY,ASO,CE,Federal Contract Tower,2,5,17,0,24,0,9,24,0,33,2,14,41,0,57,52,0,52,109
05/10/2022,OWB,KY,ASO,CE,Federal Contract Tower,0,3,17,6,26,0,4,68,1,73,0,7,85,7,99,74,22,96,195
05/11/2022,OWB,KY,ASO,CE,Federal Contract Tower,0,3,13,0,16,0,3,21,0,24,0,6,34,0,40,38,0,38,78
05/12/2022,OWB,KY,ASO,CE,Federal Contract Tower,0,6,13,0,19,0,0,55,0,55,0,6,68,0,74,90,0,90,164
05/13/2022,OWB,KY,ASO,CE,Federal Contract Tower,2,0,15,0,17,0,4,30,0,34,2,4,45,0,51,24,0,24,75
05/14/2022,OWB,KY,ASO,CE,Federal Contract Tower,0,7,8,4,19,0,0,23,1,24,0,7,31,5,43,22,4,26,69
05/15/2022,OWB,KY,ASO,CE,Federal Contract Tower,0,6,7,10,23,0,0,27,0,27,0,6,34,10,50,10,0,10,60
05/16/2022,OWB,KY,ASO,CE,Federal Contract Tower,2,1,32,4,39,0,4,31,0,35,2,5,63,4,74,50,0,50,124
05/17/2022,OWB,KY,ASO,CE,Federal Contract Tower,0,1,12,18,31,0,5,42,0,47,0,6,54,18,78,78,16,94,172
05/18/2022,OWB,KY,ASO,CE,Federal Contract Tower,0,4,8,8,20,0,1,10,5,16,0,5,18,13,36,6,2,8,44
05/19/2022,OWB,KY,ASO,CE,Federal Contract Tower,0,6,2,0,8,0,2,19,2,23,0,8,21,2,31,16,0,16,47
05/20/2022,OWB,KY,ASO,CE,Federal Contract Tower,2,4,12,6,24,0,6,1,0,7,2,10,13,6,31,0,0,0,31
05/21/2022,OWB,KY,ASO,CE,Federal Contract Tower,0,0,5,0,5,0,2,4,0,6,0,2,9,0,11,0,0,0,11
05/22/2022,OWB,KY,ASO,CE,Federal Contract Tower,0,12,12,0,24,0,0,18,0,18,0,12,30,0,42,48,0,48,90
05/23/2022,OWB,KY,ASO,CE,Federal Contract Tower,2,8,20,0,30,0,5,28,0,33,2,13,48,0,63,48,0,48,111
05/24/2022,OWB,KY,ASO,CE,Federal Contract Tower,0,9,11,2,22,0,0,12,2,14,0,9,23,4,36,14,0,14,50
05/25/2022,OWB,KY,ASO,CE,Federal Contract Tower,0,5,4,0,9,0,0,3,0,3,0,5,7,0,12,0,0,0,12
05/26/2022,OWB,KY,ASO,CE,Federal Contract Tower,0,7,7,0,14,0,0,0,0,0,0,7,7,0,14,0,0,0,14
05/27/2022,OWB,KY,ASO,CE,Federal Contract Tower,2,6,24,0,32,0,0,8,0,8,2,6,32,0,40,32,0,32,72
05/28/2022,OWB,KY,ASO,CE,Federal Contract Tower,0,7,9,0,16,0,0,27,0,27,0,7,36,0,43,70,0,70,113
05/29/2022,OWB,KY,ASO,CE,Federal Contract Tower,0,8,1,0,9,0,0,34,0,34,0,8,35,0,43,26,0,26,69
05/30/2022,OWB,KY,ASO,CE,Federal Contract Tower,2,2,11,0,15,0,4,27,0,31,2,6,38,0,46,24,0,24,70
05/31/2022,OWB,KY,ASO,CE,Federal Contract Tower,0,2,5,6,13,0,5,38,0,43,0,7,43,6,56,48,2,50,106
06/01/2022,OWB,KY,ASO,CE,Federal Contract Tower,0,5,11,2,18,0,2,33,0,35,0,7,44,2,53,44,6,50,103
06/02/2022,OWB,KY,ASO,CE,Federal Contract Tower,0,6,17,3,26,0,1,9,1,11,0,7,26,4,37,18,0,18,55
06/03/2022,OWB,KY,ASO,CE,Federal Contract Tower,2,1,2,4,9,0,6,58,0,64,2,7,60,4,73,22,0,22,95
06/04/2022,OWB,KY,ASO,CE,Federal Contract Tower,0,1,8,0,9,0,4,50,0,54,0,5,58,0,63,84,0,84,147
06/05/2022,OWB,KY,ASO,CE,Federal Contract Tower,0,1,7,0,8,0,4,20,0,24,0,5,27,0,32,10,0,10,42
06/06/2022,OWB,KY,ASO,CE,Federal Contract Tower,2,2,3,0,7,0,0,5,0,5,2,2,8,0,12,4,0,4,16
06/07/2022,OWB,KY,ASO,CE,Federal Contract Tower,0,3,14,2,19,0,2,22,0,24,0,5,36,2,43,0,22,22,65
06/08/2022,OWB,KY,ASO,CE,Federal Contract Tower,0,6,5,1,12,0,0,2,0,2,0,6,7,1,14,6,0,6,20
06/09/2022,OWB,KY,ASO,CE,Federal Contract Tower,0,1,15,6,22,0,5,73,7,85,0,6,88,13,107,62,14,76,183
06/10/2022,OWB,KY,ASO,CE,Federal Contract Tower,2,5,10,2,19,0,4,35,2,41,2,9,45,4,60,30,0,30,90
06/11/2022,OWB,KY,ASO,CE,Federal Contract Tower,0,2,1,0,3,0,5,39,0,44,0,7,40,0,47,50,0,50,97
06/12/2022,OWB,KY,ASO,CE,Federal Contract Tower,0,5,16,0,21,0,4,16,0,20,0,9,32,0,41,10,0,10,51
06/13/2022,OWB,KY,ASO,CE,Federal Contract Tower,2,5,7,10,24,0,0,30,0,30,2,5,37,10,54,104,0,104,158
06/14/2022,OWB,KY,ASO,CE,Federal Contract Tower,0,7,10,4,21,0,1,43,0,44,0,8,53,4,65,56,0,56,121
06/15/2022,OWB,KY,ASO,CE,Federal Contract Tower,0,2,8,2,12,0,2,42,3,47,0,4,50,5,59,60,0,60,119
06/16/2022,OWB,KY,ASO,CE,Federal Contract Tower,0,2,17,2,21,0,5,41,0,46,0,7,58,2,67,26,0,26,93
06/17/2022,OWB,KY,ASO,CE,Federal Contract Tower,2,6,8,0,16,0,3,14,0,17,2,9,22,0,33,0,0,0,33
06/18/2022,OWB,KY,ASO,CE,Federal Contract Tower,0,6,6,0,12,0,0,20,0,20,0,6,26,0,32,16,0,16,48
06/19/2022,OWB,KY,ASO,CE,Federal Contract Tower,0,8,11,2,21,0,0,42,0,42,0,8,53,2,63,52,0,52,115
06/20/2022,OWB,KY,ASO,CE,Federal Contract Tower,1,2,6,0,9,0,7,32,0,39,1,9,38,0,48,60,0,60,108
06/21/2022,OWB,KY,ASO,CE,Federal Contract Tower,0,4,3,4,11,0,5,32,4,41,0,9,35,8,52,38,0,38,90
06/22/2022,OWB,KY,ASO,CE,Federal Contract Tower,0,4,6,0,10,0,2,41,0,43,0,6,47,0,53,34,0,34,87
06/23/2022,OWB,KY,ASO,CE,Federal Contract Tower,0,6,20,0,26,0,3,28,2,33,0,9,48,2,59,32,0,32,91
06/24/2022,OWB,KY,ASO,CE,Federal Contract Tower,2,0,7,4,13,0,6,38,3,47,2,6,45,7,60,22,8,30,90
06/25/2022,OWB,KY,ASO,CE,Federal Contract Tower,0,2,18,0,20,0,4,62,0,66,0,6,80,0,86,38,0,38,124
06/26/2022,OWB,KY,ASO,CE,Federal Contract Tower,0,4,7,0,11,0,4,1,0,5,0,8,8,0,16,0,0,0,16
06/27/2022,OWB,KY,ASO,CE,Federal Contract Tower,1,0,17,4,22,0,5,46,1,52,1,5,63,5,74,30,0,30,104
06/28/2022,OWB,KY,ASO,CE,Federal Contract Tower,0,1,6,3,10,0,5,42,0,47,0,6,48,3,57,90,0,90,147
06/29/2022,OWB,KY,ASO,CE,Federal Contract Tower,0,4,14,2,20,0,4,35,0,39,0,8,49,2,59,36,4,40,99
06/30/2022,OWB,KY,ASO,CE,Federal Contract Tower,0,2,8,3,13,0,3,36,3,42,0,5,44,6,55,88,34,122,177
07/01/2022,OWB,KY,ASO,CE,Federal Contract Tower,2,7,6,0,15,0,1,34,0,35,2,8,40,0,50,54,0,54,104
07/02/2022,OWB,KY,ASO,CE,Federal Contract Tower,0,7,3,0,10,0,0,16,0,16,0,7,19,0,26,58,0,58,84
07/03/2022,OWB,KY,ASO,CE,Federal Contract Tower,0,10,8,0,18,0,0,6,0,6,0,10,14,0,24,6,0,6,30
07/04/2022,OWB,KY,ASO,CE,Federal Contract Tower,2,3,5,0,10,0,2,22,0,24,2,5,27,0,34,20,0,20,54
07/05/2022,OWB,KY,ASO,CE,Federal Contract Tower,0,3,15,2,20,0,4,18,9,31,0,7,33,11,51,30,2,32,83
07/06/2022,OWB,KY,ASO,CE,Federal Contract Tower,0,2,12,7,21,0,3,30,2,35,0,5,42,9,56,40,0,40,96
07/07/2022,OWB,KY,ASO,CE,Federal Contract Tower,0,8,6,6,20,0,0,12,6,18,0,8,18,12,38,32,0,32,70
07/08/2022,OWB,KY,ASO,CE,Federal Contract Tower,0,6,10,4,20,0,0,19,1,20,0,6,29,5,40,42,14,56,96
07/09/2022,OWB,KY,ASO,CE,Federal Contract Tower,0,7,21,0,28,0,0,3,0,3,0,7,24,0,31,34,0,34,65
07/10/2022,OWB,KY,ASO,CE,Federal Contract Tower,0,5,8,0,13,0,1,64,0,65,0,6,72,0,78,38,0,38,116
07/11/2022,OWB,KY,ASO,CE,Federal Contract Tower,2,1,14,8,25,0,0,48,2,50,2,1,62,10,75,52,0,52,127
07/12/2022,OWB,KY,ASO,CE,Federal Contract Tower,0,3,13,5,21,0,2,57,2,61,0,5,70,7,82,76,20,96,178
07/13/2022,OWB,KY,ASO,CE,Federal Contract Tower,0,5,14,4,23,0,3,35,6,44,0,8,49,10,67,58,0,58,125
07/14/2022,OWB,KY,ASO,CE,Federal Contract Tower,0,3,13,5,21,0,2,53,3,58,0,5,66,8,79,16,8,24,103
07/15/2022,OWB,KY,ASO,CE,Federal Contract Tower,2,0,19,2,23,0,0,38,0,38,2,0,57,2,61,28,0,28,89
07/16/2022,OWB,KY,ASO,CE,Federal Contract Tower,0,3,5,0,8,0,3,12,0,15,0,6,17,0,23,0,0,0,23
07/17/2022,OWB,KY,ASO,CE,Federal Contract Tower,0,4,3,0,7,0,2,1,0,3,0,6,4,0,10,0,0,0,10
07/18/2022,OWB,KY,ASO,CE,Federal Contract Tower,2,8,5,2,17,0,0,19,0,19,2,8,24,2,36,14,0,14,50
07/19/2022,OWB,KY,ASO,CE,Federal Contract Tower,0,10,9,6,25,0,1,48,1,50,0,11,57,7,75,60,0,60,135
07/20/2022,OWB,KY,ASO,CE,Federal Contract Tower,0,6,9,2,17,0,3,48,1,52,0,9,57,3,69,40,0,40,109
07/21/2022,OWB,KY,ASO,CE,Federal Contract Tower,0,8,9,8,25,0,2,45,4,51,0,10,54,12,76,26,0,26,102
07/22/2022,OWB,KY,ASO,CE,Federal Contract Tower,2,12,30,0,44,0,3,40,0,43,2,15,70,0,87,34,0,34,121
07/23/2022,OWB,KY,ASO,CE,Federal Contract Tower,0,6,11,0,17,0,1,32,0,33,0,7,43,0,50,18,0,18,68
07/24/2022,OWB,KY,ASO,CE,Federal Contract Tower,0,7,5,7,19,0,1,23,1,25,0,8,28,8,44,40,0,40,84
07/25/2022,OWB,KY,ASO,CE,Federal Contract Tower,2,5,13,0,20,0,3,9,0,12,2,8,22,0,32,12,0,12,44
07/26/2022,OWB,KY,ASO,CE,Federal Contract Tower,0,9,3,1,13,0,2,2,6,10,0,11,5,7,23,10,0,10,33
07/27/2022,OWB,KY,ASO,CE,Federal Contract Tower,0,3,7,1,11,0,3,20,1,24,0,6,27,2,35,42,4,46,81
07/28/2022,OWB,KY,ASO,CE,Federal Contract Tower,0,6,5,0,11,0,0,16,0,16,0,6,21,0,27,30,0,30,57
07/29/2022,OWB,KY,ASO,CE,Federal Contract Tower,2,6,10,0,18,0,0,33,0,33,2,6,43,0,51,54,0,54,105
07/30/2022,OWB,KY,ASO,CE,Federal Contract Tower,0,6,1,0,7,0,0,38,0,38,0,6,39,0,45,36,0,36,81
07/31/2022,OWB,KY,ASO,CE,Federal Contract Tower,0,8,4,0,12,0,1,4,0,5,0,9,8,0,17,0,0,0,17
08/01/2022,OWB,KY,ASO,CE,Federal Contract Tower,2,6,3,0,11,0,0,15,0,15,2,6,18,0,26,26,0,26,52
08/02/2022,OWB,KY,ASO,CE,Federal Contract Tower,0,4,10,9,23,0,0,19,1,20,0,4,29,10,43,38,0,38,81
08/03/2022,OWB,KY,ASO,CE,Federal Contract Tower,0,1,8,15,24,0,4,46,5,55,0,5,54,20,79,46,20,66,145
08/04/2022,OWB,KY,ASO,CE,Federal Contract Tower,0,5,5,2,12,0,1,10,0,11,0,6,15,2,23,10,0,10,33
08/05/2022,OWB,KY,ASO,CE,Federal Contract Tower,2,7,16,0,25,0,0,13,0,13,2,7,29,0,38,6,0,6,44
08/06/2022,OWB,KY,ASO,CE,Federal Contract Tower,0,5,3,0,8,0,0,23,0,23,0,5,26,0,31,48,0,48,79
08/07/2022,OWB,KY,ASO,CE,Federal Contract Tower,0,5,6,0,11,0,1,24,0,25,0,6,30,0,36,20,0,20,56
08/08/2022,OWB,KY,ASO,CE,Federal Contract Tower,2,8,4,2,16,0,3,35,0,38,2,11,39,2,54,16,0,16,70
08/09/2022,OWB,KY,ASO,CE,Federal Contract Tower,0,6,6,2,14,0,0,15,1,16,0,6,21,3,30,12,0,12,42
08/10/2022,OWB,KY,ASO,CE,Federal Contract Tower,0,4,10,2,16,0,0,1,0,1,0,4,11,2,17,0,0,0,17
08/11/2022,OWB,KY,ASO,CE,Federal Contract Tower,0,4,16,1,21,0,1,54,8,63,0,5,70,9,84,24,0,24,108
08/12/2022,OWB,KY,ASO,CE,Federal Contract Tower,2,12,23,2,39,0,0,75,2,77,2,12,98,4,116,26,0,26,142
08/13/2022,OWB,KY,ASO,CE,Federal Contract Tower,0,7,8,0,15,0,1,63,0,64,0,8,71,0,79,48,0,48,127
08/14/2022,OWB,KY,ASO,CE,Federal Contract Tower,0,7,7,0,14,0,4,30,0,34,0,11,37,0,48,32,0,32,80
08/15/2022,OWB,KY,ASO,CE,Federal Contract Tower,2,6,6,10,24,0,1,10,2,13,2,7,16,12,37,28,4,32,69
08/16/2022,OWB,KY,ASO,CE,Federal Contract Tower,0,10,13,4,27,0,2,26,0,28,0,12,39,4,55,22,10,32,87
08/17/2022,OWB,KY,ASO,CE,Federal Contract Tower,0,3,6,15,24,0,2,44,4,50,0,5,50,19,74,70,0,70,144
08/18/2022,OWB,KY,ASO,CE,Federal Contract Tower,0,9,7,6,22,0,0,29,14,43,0,9,36,20,65,22,0,22,87
08/19/2022,OWB,KY,ASO,CE,Federal Contract Tower,0,15,5,0,20,0,3,47,4,54,0,18,52,4,74,28,0,28,102
08/20/2022,OWB,KY,ASO,CE,Federal Contract Tower,0,6,6,0,12,0,0,50,0,50,0,6,56,0,62,42,0,42,104
08/21/2022,OWB,KY,ASO,CE,Federal Contract Tower,0,10,5,0,15,0,1,12,0,13,0,11,17,0,28,16,0,16,44
08/22/2022,OWB,KY,ASO,CE,Federal Contract Tower,0,3,15,7,25,0,1,35,6,42,0,4,50,13,67,28,14,42,109
08/23/2022,OWB,KY,ASO,CE,Federal Contract Tower,0,5,9,4,18,0,1,35,2,38,0,6,44,6,56,40,16,56,112
08/24/2022,OWB,KY,ASO,CE,Federal Contract Tower,0,12,15,11,38,0,3,44,6,53,0,15,59,17,91,48,40,88,179
08/25/2022,OWB,KY,ASO,CE,Federal Contract Tower,0,4,8,6,18,0,2,44,12,58,0,6,52,18,76,46,6,52,128
08/26/2022,OWB,KY,ASO,CE,Federal Contract Tower,0,5,14,8,27,0,1,44,6,51,0,6,58,14,78,30,14,44,122
08/27/2022,OWB,KY,ASO,CE,Federal Contract Tower,0,7,11,0,18,0,0,33,3,36,0,7,44,3,54,12,0,12,66
08/28/2022,OWB,KY,ASO,CE,Federal Contract Tower,0,9,3,0,12,0,0,21,0,21,0,9,24,0,33,24,0,24,57
08/29/2022,OWB,KY,ASO,CE,Federal Contract Tower,0,5,6,3,14,0,2,11,0,13,0,7,17,3,27,18,0,18,45
08/30/2022,OWB,KY,ASO,CE,Federal Contract Tower,0,5,6,8,19,0,2,20,0,22,0,7,26,8,41,32,16,48,89
08/31/2022,OWB,KY,ASO,CE,Federal Contract Tower,0,2,15,0,17,0,5,51,0,56,0,7,66,0,73,96,0,96,169
09/01/2022,OWB,KY,ASO,CE,Federal Contract Tower,0,10,11,4,25,0,21,50,0,71,0,31,61,4,96,46,0,46,142
09/02/2022,OWB,KY,ASO,CE,Federal Contract Tower,0,8,7,0,15,0,8,52,0,60,0,16,59,0,75,24,0,24,99
09/03/2022,OWB,KY,ASO,CE,Federal Contract Tower,0,5,2,0,7,0,1,8,0,9,0,6,10,0,16,12,0,12,28
09/04/2022,OWB,KY,ASO,CE,Federal Contract Tower,0,6,13,0,19,0,0,1,0,1,0,6,14,0,20,0,0,0,20
09/05/2022,OWB,KY,ASO,CE,Federal Contract Tower,0,5,6,3,14,0,3,12,7,22,0,8,18,10,36,16,0,16,52
09/06/2022,OWB,KY,ASO,CE,Federal Contract Tower,0,6,13,8,27,0,0,10,4,14,0,6,23,12,41,0,0,0,41
09/07/2022,OWB,KY,ASO,CE,Federal Contract Tower,0,6,16,3,25,0,3,43,10,56,0,9,59,13,81,48,4,52,133
09/08/2022,OWB,KY,ASO,CE,Federal Contract Tower,0,4,8,2,14,0,4,91,7,102,0,8,99,9,116,68,0,68,184
09/09/2022,OWB,KY,ASO,CE,Federal Contract Tower,0,5,16,9,30,0,3,59,1,63,0,8,75,10,93,72,16,88,181
09/10/2022,OWB,KY,ASO,CE,Federal Contract Tower,0,5,7,0,12,0,0,49,0,49,0,5,56,0,61,48,0,48,109
09/11/2022,OWB,KY,ASO,CE,Federal Contract Tower,0,8,33,0,41,0,1,0,0,1,0,9,33,0,42,0,0,0,42
09/12/2022,OWB,KY,ASO,CE,Federal Contract Tower,0,8,10,2,20,0,0,41,0,41,0,8,51,2,61,38,8,46,107
09/13/2022,OWB,KY,ASO,CE,Federal Contract Tower,0,7,10,4,21,0,0,30,0,30,0,7,40,4,51,72,0,72,123
09/14/2022,OWB,KY,ASO,CE,Federal Contract Tower,0,4,13,2,19,0,0,52,0,52,0,4,65,2,71,8,0,8,79
09/15/2022,OWB,KY,ASO,CE,Federal Contract Tower,0,7,21,5,33,0,0,72,2,74,0,7,93,7,107,16,0,16,123
09/16/2022,OWB,KY,ASO,CE,Federal Contract Tower,0,4,9,0,13,0,0,73,0,73,0,4,82,0,86,50,0,50,136
09/17/2022,OWB,KY,ASO,CE,Federal Contract Tower,0,5,14,0,19,0,0,84,0,84,0,5,98,0,103,28,0,28,131
09/18/2022,OWB,KY,ASO,CE,Federal Contract Tower,0,6,16,0,22,0,0,41,0,41,0,6,57,0,63,8,0,8,71
09/19/2022,OWB,KY,ASO,CE,Federal Contract Tower,0,6,4,2,12,0,0,32,0,32,0,6,36,2,44,14,0,14,58
09/20/2022,OWB,KY,ASO,CE,Federal Contract Tower,0,5,6,15,26,0,1,41,2,44,0,6,47,17,70,28,32,60,130
09/21/2022,OWB,KY,ASO,CE,Federal Contract Tower,0,11,8,13,32,0,0,22,10,32,0,11,30,23,64,44,24,68,132
09/22/2022,OWB,KY,ASO,CE,Federal Contract Tower,0,8,23,0,31,0,0,37,0,37,0,8,60,0,68,52,0,52,120
09/23/2022,OWB,KY,ASO,CE,Federal Contract Tower,0,6,3,2,11,0,2,49,1,52,0,8,52,3,63,46,4,50,113
09/24/2022,OWB,KY,ASO,CE,Federal Contract Tower,0,5,3,0,8,0,10,46,0,56,0,15,49,0,64,34,0,34,98
09/25/2022,OWB,KY,ASO,CE,Federal Contract Tower,0,10,9,0,19,0,0,16,0,16,0,10,25,0,35,38,0,38,73
09/26/2022,OWB,KY,ASO,CE,Federal Contract Tower,0,12,4,2,18,0,0,40,1,41,0,12,44,3,59,30,0,30,89
09/27/2022,OWB,KY,ASO,CE,Federal Contract Tower,0,6,19,7,32,0,0,30,0,30,0,6,49,7,62,20,0,20,82
09/28/2022,OWB,KY,ASO,CE,Federal Contract Tower,0,6,5,3,14,0,0,28,4,32,0,6,33,7,46,26,0,26,72
09/29/2022,OWB,KY,ASO,CE,Federal Contract Tower,0,7,21,2,30,0,0,30,0,30,0,7,51,2,60,38,0,38,98
09/30/2022,OWB,KY,ASO,CE,Federal Contract Tower,0,11,17,0,28,0,2,43,0,45,0,13,60,0,73,72,0,72,145
10/01/2022,OWB,KY,ASO,CE,Federal Contract Tower,0,4,9,0,13,0,0,29,0,29,0,4,38,0,42,54,0,54,96
10/02/2022,OWB,KY,ASO,CE,Federal Contract Tower,0,9,9,0,18,0,0,29,0,29,0,9,38,0,47,32,0,32,79
10/03/2022,OWB,KY,ASO,CE,Federal Contract Tower,0,6,11,1,18,0,12,18,1,31,0,18,29,2,49,8,0,8,57
10/04/2022,OWB,KY,ASO,CE,Federal Contract Tower,0,6,7,4,17,0,0,0,0,0,0,6,7,4,17,0,0,0,17
10/05/2022,OWB,KY,ASO,CE,Federal Contract Tower,0,6,9,11,26,0,0,36,0,36,0,6,45,11,62,40,32,72,134
10/06/2022,OWB,KY,ASO,CE,Federal Contract Tower,0,6,10,5,21,0,0,31,0,31,0,6,41,5,52,10,0,10,62
10/07/2022,OWB,KY,ASO,CE,Federal Contract Tower,2,7,10,6,25,0,0,21,6,27,2,7,31,12,52,20,0,20,72
10/08/2022,OWB,KY,ASO,CE,Federal Contract Tower,0,3,5,2,10,0,1,35,2,38,0,4,40,4,48,52,0,52,100
10/09/2022,OWB,KY,ASO,CE,Federal Contract Tower,0,6,9,2,17,0,0,22,0,22,0,6,31,2,39,8,0,8,47
10/10/2022,OWB,KY,ASO,CE,Federal Contract Tower,2,6,8,0,16,0,0,30,0,30,2,6,38,0,46,30,0,30,76
10/11/2022,OWB,KY,ASO,CE,Federal Contract Tower,0,6,4,4,14,0,0,16,0,16,0,6,20,4,30,24,0,24,54
10/12/2022,OWB,KY,ASO,CE,Federal Contract Tower,0,7,9,6,22,0,0,6,5,11,0,7,15,11,33,6,10,16,49
10/13/2022,OWB,KY,ASO,CE,Federal Contract Tower,0,7,9,6,22,0,0,15,0,15,0,7,24,6,37,14,0,14,51
10/15/2022,OWB,KY,ASO,CE,Federal Contract Tower,0,7,11,0,18,0,0,32,0,32,0,7,43,0,50,44,0,44,94
10/16/2022,OWB,KY,ASO,CE,Federal Contract Tower,0,6,16,0,22,0,0,24,0,24,0,6,40,0,46,178,0,178,224
10/17/2022,OWB,KY,ASO,CE,Federal Contract Tower,2,13,7,6,28,0,2,12,0,14,2,15,19,6,42,6,0,6,48
10/18/2022,OWB,KY,ASO,CE,Federal Contract Tower,0,7,14,6,27,0,1,24,0,25,0,8,38,6,52,16,6,22,74
10/19/2022,OWB,KY,ASO,CE,Federal Contract Tower,0,13,5,6,24,0,1,44,9,54,0,14,49,15,78,106,8,114,192
10/20/2022,OWB,KY,ASO,CE,Federal Contract Tower,0,5,9,4,18,0,0,38,15,53,0,5,47,19,71,38,6,44,115
10/21/2022,OWB,KY,ASO,CE,Federal Contract Tower,2,3,14,6,25,0,3,32,0,35,2,6,46,6,60,120,0,120,180
10/22/2022,OWB,KY,ASO,CE,Federal Contract Tower,0,6,4,1,11,0,0,24,1,25,0,6,28,2,36,10,0,10,46
10/23/2022,OWB,KY,ASO,CE,Federal Contract Tower,0,8,15,0,23,0,1,25,0,26,0,9,40,0,49,32,0,32,81
10/24/2022,OWB,KY,ASO,CE,Federal Contract Tower,2,7,10,5,24,0,0,20,1,21,2,7,30,6,45,24,0,24,69
10/25/2022,OWB,KY,ASO,CE,Federal Contract Tower,0,6,4,1,11,0,0,1,1,2,0,6,5,2,13,0,0,0,13
10/26/2022,OWB,KY,ASO,CE,Federal Contract Tower,0,5,10,14,29,0,2,11,9,22,0,7,21,23,51,17,36,53,104
10/27/2022,OWB,KY,ASO,CE,Federal Contract Tower,0,5,16,13,34,0,2,44,0,46,0,7,60,13,80,52,28,80,160
10/28/2022,OWB,KY,ASO,CE,Federal Contract Tower,2,6,13,12,33,0,2,50,0,52,2,8,63,12,85,70,0,70,155
10/29/2022,OWB,KY,ASO,CE,Federal Contract Tower,0,7,2,0,9,0,0,45,0,45,0,7,47,0,54,70,0,70,124
10/30/2022,OWB,KY,ASO,CE,Federal Contract Tower,0,8,14,0,22,0,0,0,0,0,0,8,14,0,22,0,0,0,22
10/31/2022,OWB,KY,ASO,CE,Federal Contract Tower,2,4,8,0,14,0,2,5,0,7,2,6,13,0,21,0,0,0,21
11/01/2022,OWB,KY,ASO,CE,Federal Contract Tower,0,3,15,10,28,0,4,46,0,50,0,7,61,10,78,30,24,54,132
11/02/2022,OWB,KY,ASO,CE,Federal Contract Tower,0,4,8,8,20,0,5,33,10,48,0,9,41,18,68,20,18,38,106
11/03/2022,OWB,KY,ASO,CE,Federal Contract Tower,0,1,1,14,16,0,2,45,2,49,0,3,46,16,65,64,26,90,155
11/04/2022,OWB,KY,ASO,CE,Federal Contract Tower,2,2,19,2,25,0,0,37,0,37,2,2,56,2,62,4,30,34,96
11/05/2022,OWB,KY,ASO,CE,Federal Contract Tower,0,4,4,0,8,0,0,3,0,3,0,4,7,0,11,12,0,12,23
11/06/2022,OWB,KY,ASO,CE,Federal Contract Tower,0,6,10,0,16,0,0,42,0,42,0,6,52,0,58,22,0,22,80
11/07/2022,OWB,KY,ASO,CE,Federal Contract Tower,2,9,22,2,35,0,3,27,0,30,2,12,49,2,65,4,0,4,69
11/08/2022,OWB,KY,ASO,CE,Federal Contract Tower,0,7,35,4,46,0,2,34,4,40,0,9,69,8,86,36,4,40,126
11/09/2022,OWB,KY,ASO,CE,Federal Contract Tower,0,3,19,0,22,0,2,33,0,35,0,5,52,0,57,64,0,64,121
11/10/2022,OWB,KY,ASO,CE,Federal Contract Tower,0,6,32,9,47,0,5,42,6,53,0,11,74,15,100,96,10,106,206
11/11/2022,OWB,KY,ASO,CE,Federal Contract Tower,2,8,21,0,31,0,0,4,0,4,2,8,25,0,35,27,0,27,62
11/12/2022,OWB,KY,ASO,CE,Federal Contract Tower,0,5,0,0,5,0,0,2,0,2,0,5,2,0,7,12,0,12,19
11/13/2022,OWB,KY,ASO,CE,Federal Contract Tower,0,6,8,0,14,0,0,26,0,26,0,6,34,0,40,64,0,64,104
11/14/2022,OWB,KY,ASO,CE,Federal Contract Tower,2,4,6,0,12,0,2,20,0,22,2,6,26,0,34,14,0,14,48
11/15/2022,OWB,KY,ASO,CE,Federal Contract Tower,0,4,5,0,9,0,0,2,0,2,0,4,7,0,11,10,0,10,21
11/16/2022,OWB,KY,ASO,CE,Federal Contract Tower,0,8,3,0,11,0,2,19,8,29,0,10,22,8,40,38,0,38,78
11/17/2022,OWB,KY,ASO,CE,Federal Contract Tower,0,1,7,2,10,0,0,28,1,29,0,1,35,3,39,62,10,72,111
11/18/2022,OWB,KY,ASO,CE,Federal Contract Tower,0,1,15,0,16,0,0,26,0,26,0,1,41,0,42,54,0,54,96
11/19/2022,OWB,KY,ASO,CE,Federal Contract Tower,2,8,9,0,19,0,0,28,0,28,2,8,37,0,47,40,0,40,87
11/20/2022,OWB,KY,ASO,CE,Federal Contract Tower,0,12,13,0,25,0,0,30,0,30,0,12,43,0,55,20,0,20,75
11/21/2022,OWB,KY,ASO,CE,Federal Contract Tower,2,2,5,3,12,0,1,22,1,24,2,3,27,4,36,36,0,36,72
11/22/2022,OWB,KY,ASO,CE,Federal Contract Tower,0,1,11,4,16,0,0,26,6,32,0,1,37,10,48,22,0,22,70
11/23/2022,OWB,KY,ASO,CE,Federal Contract Tower,2,1,9,0,12,0,4,39,0,43,2,5,48,0,55,50,0,50,105
11/24/2022,OWB,KY,ASO,CE,Federal Contract Tower,0,6,1,0,7,0,0,1,0,1,0,6,2,0,8,0,0,0,8
11/25/2022,OWB,KY,ASO,CE,Federal Contract Tower,0,4,8,0,12,0,0,8,0,8,0,4,16,0,20,22,0,22,42
11/26/2022,OWB,KY,ASO,CE,Federal Contract Tower,0,8,9,0,17,0,0,16,0,16,0,8,25,0,33,4,0,4,37
11/27/2022,OWB,KY,ASO,CE,Federal Contract Tower,2,7,7,0,16,0,0,1,0,1,2,7,8,0,17,0,0,0,17
11/28/2022,OWB,KY,ASO,CE,Federal Contract Tower,0,6,14,0,20,0,0,3,0,3,0,6,17,0,23,0,0,0,23
11/29/2022,OWB,KY,ASO,CE,Federal Contract Tower,0,6,5,2,13,0,0,9,0,9,0,6,14,2,22,0,6,6,28
11/30/2022,OWB,KY,ASO,CE,Federal Contract Tower,0,5,12,3,20,0,3,9,3,15,0,8,21,6,35,10,0,10,45
12/01/2022,OWB,KY,ASO,CE,Federal Contract Tower,0,8,13,4,25,0,4,39,0,43,0,12,52,4,68,58,0,58,126
12/02/2022,OWB,KY,ASO,CE,Federal Contract Tower,2,7,14,2,25,0,1,11,0,12,2,8,25,2,37,4,0,4,41
12/03/2022,OWB,KY,ASO,CE,Federal Contract Tower,0,10,2,0,12,0,0,14,0,14,0,10,16,0,26,10,0,10,36
12/04/2022,OWB,KY,ASO,CE,Federal Contract Tower,0,6,10,0,16,0,0,34,0,34,0,6,44,0,50,22,0,22,72
12/05/2022,OWB,KY,ASO,CE,Federal Contract Tower,2,6,14,0,22,0,0,0,0,0,2,6,14,0,22,8,0,8,30
12/06/2022,OWB,KY,ASO,CE,Federal Contract Tower,0,8,12,0,20,0,0,0,0,0,0,8,12,0,20,0,0,0,20
12/07/2022,OWB,KY,ASO,CE,Federal Contract Tower,0,7,3,6,16,0,0,0,0,0,0,7,3,6,16,0,0,0,16
12/08/2022,OWB,KY,ASO,CE,Federal Contract Tower,0,7,4,0,11,0,0,0,0,0,0,7,4,0,11,0,0,0,11
12/09/2022,OWB,KY,ASO,CE,Federal Contract Tower,2,5,13,0,20,0,0,0,0,0,2,5,13,0,20,0,0,0,20
12/10/2022,OWB,KY,ASO,CE,Federal Contract Tower,0,8,1,0,9,0,0,0,0,0,0,8,1,0,9,0,0,0,9
12/11/2022,OWB,KY,ASO,CE,Federal Contract Tower,0,7,9,0,16,0,0,13,0,13,0,7,22,0,29,44,0,44,73
12/12/2022,OWB,KY,ASO,CE,Federal Contract Tower,2,14,8,6,30,0,0,31,5,36,2,14,39,11,66,20,16,36,102
12/13/2022,OWB,KY,ASO,CE,Federal Contract Tower,0,10,18,2,30,0,0,6,0,6,0,10,24,2,36,2,9,11,47
12/14/2022,OWB,KY,ASO,CE,Federal Contract Tower,0,4,2,0,6,0,0,0,0,0,0,4,2,0,6,0,0,0,6
12/15/2022,OWB,KY,ASO,CE,Federal Contract Tower,0,4,5,2,11,0,2,17,1,20,0,6,22,3,31,12,6,18,49
12/16/2022,OWB,KY,ASO,CE,Federal Contract Tower,0,7,7,4,18,0,1,22,0,23,0,8,29,4,41,26,0,26,67
12/17/2022,OWB,KY,ASO,CE,Federal Contract Tower,2,6,8,0,16,0,0,25,0,25,2,6,33,0,41,50,0,50,91
12/18/2022,OWB,KY,ASO,CE,Federal Contract Tower,0,7,11,0,18,0,0,28,0,28,0,7,39,0,46,22,0,22,68
12/19/2022,OWB,KY,ASO,CE,Federal Contract Tower,0,5,14,4,23,0,1,40,1,42,0,6,54,5,65,78,0,78,143
12/20/2022,OWB,KY,ASO,CE,Federal Contract Tower,2,4,14,1,21,0,0,48,1,49,2,4,62,2,70,52,0,52,122
12/21/2022,OWB,KY,ASO,CE,Federal Contract Tower,0,6,15,2,23,0,3,24,0,27,0,9,39,2,50,46,0,46,96
12/22/2022,OWB,KY,ASO,CE,Federal Contract Tower,0,4,9,0,13,0,0,0,0,0,0,4,9,0,13,0,0,0,13
12/23/2022,OWB,KY,ASO,CE,Federal Contract Tower,0,4,2,0,6,0,0,0,0,0,0,4,2,0,6,0,0,0,6
12/24/2022,OWB,KY,ASO,CE,Federal Contract Tower,0,5,0,0,5,0,0,4,0,4,0,5,4,0,9,0,0,0,9
12/25/2022,OWB,KY,ASO,CE,Federal Contract Tower,0,6,0,0,6,0,0,2,0,2,0,6,2,0,8,0,0,0,8
12/26/2022,OWB,KY,ASO,CE,Federal Contract Tower,0,8,2,0,10,0,0,0,0,0,0,8,2,0,10,0,0,0,10
12/27/2022,OWB,KY,ASO,CE,Federal Contract Tower,0,7,2,0,9,0,0,0,0,0,0,7,2,0,9,0,0,0,9
12/28/2022,OWB,KY,ASO,CE,Federal Contract Tower,0,2,13,4,19,0,0,0,0,0,0,2,13,4,19,36,10,46,65
12/29/2022,OWB,KY,ASO,CE,Federal Contract Tower,0,8,6,0,14,0,0,19,0,19,0,8,25,0,33,8,0,8,41
12/30/2022,OWB,KY,ASO,CE,Federal Contract Tower,2,7,10,0,19,0,0,7,0,7,2,7,17,0,26,16,0,16,42
12/31/2022,OWB,KY,ASO,CE,Federal Contract Tower,0,12,0,0,12,0,0,0,0,0,0,12,0,0,12,0,0,0,12
01/01/2023,OWB,KY,ASO,CE,Federal Contract Tower,0,8,11,0,19,0,0,2,0,2,0,8,13,0,21,0,0,0,21
01/02/2023,OWB,KY,ASO,CE,Federal Contract Tower,0,6,6,0,12,0,0,4,0,4,0,6,10,0,16,28,0,28,44
01/03/2023,OWB,KY,ASO,CE,Federal Contract Tower,2,6,11,0,19,0,0,2,0,2,2,6,13,0,21,0,0,0,21
01/04/2023,OWB,KY,ASO,CE,Federal Contract Tower,0,4,7,11,22,0,4,24,6,34,0,8,31,17,56,20,6,26,82
01/05/2023,OWB,KY,ASO,CE,Federal Contract Tower,0,4,5,3,12,0,0,26,2,28,0,4,31,5,40,32,8,40,80
01/06/2023,OWB,KY,ASO,CE,Federal Contract Tower,2,6,20,0,28,0,0,46,0,46,2,6,66,0,74,58,0,58,132
01/07/2023,OWB,KY,ASO,CE,Federal Contract Tower,0,7,9,0,16,0,45,4,0,49,0,52,13,0,65,28,0,28,93
01/08/2023,OWB,KY,ASO,CE,Federal Contract Tower,0,6,0,0,6,0,0,6,0,6,0,6,6,0,12,28,0,28,40
01/09/2023,OWB,KY,ASO,CE,Federal Contract Tower,2,4,8,3,17,0,6,30,1,37,2,10,38,4,54,40,0,40,94
01/10/2023,OWB,KY,ASO,CE,Federal Contract Tower,0,8,8,25,41,0,2,36,1,39,0,10,44,26,80,44,18,62,142
01/11/2023,OWB,KY,ASO,CE,Federal Contract Tower,0,27,8,2,37,0,1,7,0,8,0,28,15,2,45,18,0,18,63
01/12/2023,OWB,KY,ASO,CE,Federal Contract Tower,0,8,5,0,13,0,0,0,0,0,0,8,5,0,13,0,0,0,13
01/13/2023,OWB,KY,ASO,CE,Federal Contract Tower,2,5,6,0,13,0,0,0,0,0,2,5,6,0,13,0,0,0,13
01/14/2023,OWB,KY,ASO,CE,Federal Contract Tower,0,6,5,0,11,0,0,13,0,13,0,6,18,0,24,88,0,88,112
01/15/2023,OWB,KY,ASO,CE,Federal Contract Tower,0,6,20,0,26,0,0,43,0,43,0,6,63,0,69,24,0,24,93
01/16/2023,OWB,KY,ASO,CE,Federal Contract Tower,2,6,2,0,10,0,0,2,0,2,2,6,4,0,12,0,0,0,12
01/17/2023,OWB,KY,ASO,CE,Federal Contract Tower,0,6,13,6,25,0,3,31,3,37,0,9,44,9,62,34,4,38,100
01/18/2023,OWB,KY,ASO,CE,Federal Contract Tower,0,16,6,6,28,0,0,13,6,19,0,16,19,12,47,20,0,20,67
01/19/2023,OWB,KY,ASO,CE,Federal Contract Tower,0,6,5,4,15,0,0,9,0,9,0,6,14,4,24,4,14,18,42
01/20/2023,OWB,KY,ASO,CE,Federal Contract Tower,2,13,8,2,25,0,2,29,2,33,2,15,37,4,58,36,0,36,94
01/21/2023,OWB,KY,ASO,CE,Federal Contract Tower,0,2,3,2,7,0,0,25,0,25,0,2,28,2,32,60,6,66,98
01/22/2023,OWB,KY,ASO,CE,Federal Contract Tower,0,6,4,0,10,0,0,0,0,0,0,6,4,0,10,0,0,0,10
01/23/2023,OWB,KY,ASO,CE,Federal Contract Tower,2,7,5,0,14,0,2,22,0,24,2,9,27,0,38,22,0,22,60
01/24/2023,OWB,KY,ASO,CE,Federal Contract Tower,0,8,9,14,31,0,3,26,4,33,0,11,35,18,64,40,6,46,110
01/25/2023,OWB,KY,ASO,CE,Federal Contract Tower,0,8,3,0,11,0,0,0,0,0,0,8,3,0,11,0,0,0,11
01/26/2023,OWB,KY,ASO,CE,Federal Contract Tower,0,8,4,8,20,0,0,6,0,6,0,8,10,8,26,20,0,20,46
01/27/2023,OWB,KY,ASO,CE,Federal Contract Tower,2,1,8,0,11,0,0,18,0,18,2,1,26,0,29,24,0,24,53
01/28/2023,OWB,KY,ASO,CE,Federal Contract Tower,0,6,16,0,22,0,0,16,0,16,0,6,32,0,38,57,0,57,95
01/29/2023,OWB,KY,ASO,CE,Federal Contract Tower,0,2,4,0,6,0,0,0,0,0,0,2,4,0,6,0,0,0,6
01/30/2023,OWB,KY,ASO,CE,Federal Contract Tower,2,4,0,0,6,0,0,0,0,0,2,4,0,0,6,0,0,0,6
01/31/2023,OWB,KY,ASO,CE,Federal Contract Tower,0,0,0,0,0,0,0,0,0,0,0,0,0,0,0,0,0,0,0
02/01/2023,OWB,KY,ASO,CE,Federal Contract Tower,0,6,9,0,15,0,1,9,0,10,0,7,18,0,25,8,0,8,33
02/02/2023,OWB,KY,ASO,CE,Federal Contract Tower,0,6,17,0,23,0,0,39,2,41,0,6,56,2,64,16,0,16,80
02/03/2023,OWB,KY,ASO,CE,Federal Contract Tower,4,6,7,2,19,0,0,57,0,57,4,6,64,2,76,40,0,40,116
02/04/2023,OWB,KY,ASO,CE,Federal Contract Tower,0,6,19,0,25,0,0,29,0,29,0,6,48,0,54,42,0,42,96
02/05/2023,OWB,KY,ASO,CE,Federal Contract Tower,0,6,9,2,17,0,0,17,0,17,0,6,26,2,34,56,16,72,106
02/06/2023,OWB,KY,ASO,CE,Federal Contract Tower,2,4,8,0,14,0,9,35,0,44,2,13,43,0,58,24,0,24,82
02/07/2023,OWB,KY,ASO,CE,Federal Contract Tower,0,7,8,5,20,0,1,4,1,6,0,8,12,6,26,18,6,24,50
02/08/2023,OWB,KY,ASO,CE,Federal Contract Tower,0,4,9,4,17,0,0,0,0,0,0,4,9,4,17,0,0,0,17
02/09/2023,OWB,KY,ASO,CE,Federal Contract Tower,0,5,8,1,14,0,2,2,5,9,0,7,10,6,23,0,0,0,23
02/10/2023,OWB,KY,ASO,CE,Federal Contract Tower,2,6,7,2,17,0,0,6,0,6,2,6,13,2,23,16,16,32,55
02/11/2023,OWB,KY,ASO,CE,Federal Contract Tower,0,6,7,0,13,0,0,35,0,35,0,6,42,0,48,60,0,60,108
02/12/2023,OWB,KY,ASO,CE,Federal Contract Tower,0,8,6,0,14,0,1,40,0,41,0,9,46,0,55,20,0,20,75
02/13/2023,OWB,KY,ASO,CE,Federal Contract Tower,2,0,13,4,19,0,0,23,0,23,2,0,36,4,42,14,0,14,56
02/14/2023,OWB,KY,ASO,CE,Federal Contract Tower,0,4,11,9,24,0,1,2,1,4,0,5,13,10,28,0,10,10,38
02/15/2023,OWB,KY,ASO,CE,Federal Contract Tower,0,3,8,6,17,0,0,41,10,51,0,3,49,16,68,20,0,20,88
02/16/2023,OWB,KY,ASO,CE,Federal Contract Tower,0,4,0,0,4,0,0,0,0,0,0,4,0,0,4,0,0,0,4
02/17/2023,OWB,KY,ASO,CE,Federal Contract Tower,2,6,3,0,11,0,0,15,0,15,2,6,18,0,26,60,0,60,86
02/18/2023,OWB,KY,ASO,CE,Federal Contract Tower,0,8,8,0,16,0,0,57,0,57,0,8,65,0,73,14,0,14,87
02/19/2023,OWB,KY,ASO,CE,Federal Contract Tower,0,5,5,0,10,0,0,21,0,21,0,5,26,0,31,12,0,12,43
02/20/2023,OWB,KY,ASO,CE,Federal Contract Tower,2,7,17,0,26,0,10,17,0,27,2,17,34,0,53,6,0,6,59
02/21/2023,OWB,KY,ASO,CE,Federal Contract Tower,0,6,22,5,33,0,1,43,1,45,0,7,65,6,78,20,0,20,98
02/22/2023,OWB,KY,ASO,CE,Federal Contract Tower,0,4,3,0,7,0,0,2,0,2,0,4,5,0,9,0,0,0,9
02/23/2023,OWB,KY,ASO,CE,Federal Contract Tower,0,7,8,5,20,0,1,5,15,21,0,8,13,20,41,2,10,12,53
02/24/2023,OWB,KY,ASO,CE,Federal Contract Tower,2,6,11,2,21,0,1,42,0,43,2,7,53,2,64,70,0,70,134
02/25/2023,OWB,KY,ASO,CE,Federal Contract Tower,0,6,10,1,17,0,8,46,1,55,0,14,56,2,72,56,0,56,128
02/26/2023,OWB,KY,ASO,CE,Federal Contract Tower,0,12,6,2,20,0,5,16,0,21,0,17,22,2,41,26,0,26,67
02/27/2023,OWB,KY,ASO,CE,Federal Contract Tower,2,3,2,2,9,0,2,0,2,4,2,5,2,4,13,2,10,12,25
02/28/2023,OWB,KY,ASO,CE,Federal Contract Tower,0,11,14,1,26,0,1,37,0,38,0,12,51,1,64,24,12,36,100
03/01/2023,OWB,KY,ASO,CE,Federal Contract Tower,0,7,10,1,18,0,2,8,0,10,0,9,18,1,28,10,6,16,44
03/02/2023,OWB,KY,ASO,CE,Federal Contract Tower,0,6,14,0,20,0,0,23,0,23,0,6,37,0,43,20,0,20,63
03/03/2023,OWB,KY,ASO,CE,Federal Contract Tower,2,0,0,0,2,0,0,0,0,0,2,0,0,0,2,0,0,0,2
03/04/2023,OWB,KY,ASO,CE,Federal Contract Tower,0,5,6,0,11,0,1,50,0,51,0,6,56,0,62,20,0,20,82
03/05/2023,OWB,KY,ASO,CE,Federal Contract Tower,0,7,11,0,18,0,0,45,0,45,0,7,56,0,63,24,0,24,87
03/06/2023,OWB,KY,ASO,CE,Federal Contract Tower,2,9,18,7,36,0,1,7,1,9,2,10,25,8,45,0,0,0,45
03/07/2023,OWB,KY,ASO,CE,Federal Contract Tower,0,10,12,9,31,0,1,13,1,15,0,11,25,10,46,22,10,32,78
03/08/2023,OWB,KY,ASO,CE,Federal Contract Tower,0,9,16,6,31,0,2,29,0,31,0,11,45,6,62,20,0,20,82
03/09/2023,OWB,KY,ASO,CE,Federal Contract Tower,0,10,16,10,36,0,0,11,0,11,0,10,27,10,47,30,0,30,77
03/10/2023,OWB,KY,ASO,CE,Federal Contract Tower,1,8,8,4,21,0,0,2,0,2,1,8,10,4,23,12,0,12,35
03/11/2023,OWB,KY,ASO,CE,Federal Contract Tower,0,6,5,0,11,0,1,41,0,42,0,7,46,0,53,20,0,20,73
03/12/2023,OWB,KY,ASO,CE,Federal Contract Tower,0,4,2,0,6,0,0,2,0,2,0,4,4,0,8,14,0,14,22
03/13/2023,OWB,KY,ASO,CE,Federal Contract Tower,2,5,12,1,20,0,2,6,4,12,2,7,18,5,32,6,0,6,38
03/14/2023,OWB,KY,ASO,CE,Federal Contract Tower,0,5,14,7,26,0,1,14,5,20,0,6,28,12,46,16,6,22,68
03/15/2023,OWB,KY,ASO,CE,Federal Contract Tower,0,10,22,10,42,0,0,44,6,50,0,10,66,16,92,20,14,34,126
03/16/2023,OWB,KY,ASO,CE,Federal Contract Tower,0,16,6,5,27,0,1,12,1,14,0,17,18,6,41,0,14,14,55
03/17/2023,OWB,KY,ASO,CE,Federal Contract Tower,2,7,3,0,12,0,0,4,0,4,2,7,7,0,16,36,0,36,52
03/18/2023,OWB,KY,ASO,CE,Federal Contract Tower,0,10,0,0,10,0,7,8,0,15,0,17,8,0,25,12,0,12,37
03/19/2023,OWB,KY,ASO,CE,Federal Contract Tower,0,4,8,0,12,0,0,23,0,23,0,4,31,0,35,34,0,34,69
03/20/2023,OWB,KY,ASO,CE,Federal Contract Tower,2,7,20,5,34,0,3,24,0,27,2,10,44,5,61,8,14,22,83
03/21/2023,OWB,KY,ASO,CE,Federal Contract Tower,0,4,5,0,9,0,2,7,0,9,0,6,12,0,18,0,0,0,18
03/22/2023,OWB,KY,ASO,CE,Federal Contract Tower,0,6,2,6,14,0,0,0,0,0,0,6,2,6,14,0,0,0,14
03/23/2023,OWB,KY,ASO,CE,Federal Contract Tower,0,6,14,0,20,0,0,4,0,4,0,6,18,0,24,0,0,0,24
03/25/2023,OWB,KY,ASO,CE,Federal Contract Tower,0,4,3,0,7,0,0,3,0,3,0,4,6,0,10,0,0,0,10
03/26/2023,OWB,KY,ASO,CE,Federal Contract Tower,0,8,9,2,19,0,8,37,0,45,0,16,46,2,64,0,0,0,64
03/27/2023,OWB,KY,ASO,CE,Federal Contract Tower,2,5,12,2,21,0,3,7,2,12,2,8,19,4,33,4,0,4,37
03/28/2023,OWB,KY,ASO,CE,Federal Contract Tower,0,4,33,10,47,0,4,16,4,24,0,8,49,14,71,38,12,50,121
03/29/2023,OWB,KY,ASO,CE,Federal Contract Tower,0,5,22,15,42,0,4,57,1,62,0,9,79,16,104,68,12,80,184
03/30/2023,OWB,KY,ASO,CE,Federal Contract Tower,0,12,5,5,22,0,4,52,3,59,0,16,57,8,81,52,10,62,143
03/31/2023,OWB,KY,ASO,CE,Federal Contract Tower,2,3,6,0,11,0,0,0,0,0,2,3,6,0,11,0,0,0,11
04/01/2023,OWB,KY,ASO,CE,Federal Contract Tower,0,0,2,0,2,0,0,0,0,0,0,0,2,0,2,0,0,0,2
04/02/2023,OWB,KY,ASO,CE,Federal Contract Tower,0,1,9,0,10,0,0,39,0,39,0,1,48,0,49,22,0,22,71
04/03/2023,OWB,KY,ASO,CE,Federal Contract Tower,2,4,14,7,27,0,0,8,0,8,2,4,22,7,35,0,0,0,35
04/04/2023,OWB,KY,ASO,CE,Federal Contract Tower,0,6,5,17,28,0,2,0,0,2,0,8,5,17,30,30,8,38,68
04/05/2023,OWB,KY,ASO,CE,Federal Contract Tower,0,3,5,0,8,0,0,0,0,0,0,3,5,0,8,0,0,0,8
04/06/2023,OWB,KY,ASO,CE,Federal Contract Tower,0,14,13,4,31,0,4,20,3,27,0,18,33,7,58,16,14,30,88
04/07/2023,OWB,KY,ASO,CE,Federal Contract Tower,2,9,4,0,15,0,4,28,0,32,2,13,32,0,47,10,0,10,57
04/08/2023,OWB,KY,ASO,CE,Federal Contract Tower,0,6,10,0,16,0,0,18,0,18,0,6,28,0,34,48,0,48,82
04/09/2023,OWB,KY,ASO,CE,Federal Contract Tower,0,2,1,0,3,0,1,21,0,22,0,3,22,0,25,32,0,32,57
04/10/2023,OWB,KY,ASO,CE,Federal Contract Tower,2,2,10,0,14,0,7,36,0,43,2,9,46,0,57,50,0,50,107
04/11/2023,OWB,KY,ASO,CE,Federal Contract Tower,0,8,18,6,32,0,5,44,0,49,0,13,62,6,81,48,12,60,141
04/12/2023,OWB,KY,ASO,CE,Federal Contract Tower,0,4,32,11,47,0,4,30,3,37,0,8,62,14,84,10,0,10,94
04/13/2023,OWB,KY,ASO,CE,Federal Contract Tower,0,8,23,4,35,0,9,43,4,56,0,17,66,8,91,20,10,30,121
04/14/2023,OWB,KY,ASO,CE,Federal Contract Tower,2,3,12,0,17,0,3,30,2,35,2,6,42,2,52,24,0,24,76
04/15/2023,OWB,KY,ASO,CE,Federal Contract Tower,0,6,4,0,10,0,0,23,0,23,0,6,27,0,33,34,0,34,67
04/16/2023,OWB,KY,ASO,CE,Federal Contract Tower,0,5,3,0,8,0,1,0,0,1,0,6,3,0,9,0,0,0,9
04/17/2023,OWB,KY,ASO,CE,Federal Contract Tower,2,7,4,4,17,0,3,5,2,10,2,10,9,6,27,6,0,6,33
04/18/2023,OWB,KY,ASO,CE,Federal Contract Tower,0,2,11,5,18,0,2,32,1,35,0,4,43,6,53,34,10,44,97
04/19/2023,OWB,KY,ASO,CE,Federal Contract Tower,0,4,9,4,17,0,1,13,0,14,0,5,22,4,31,8,0,8,39
04/20/2023,OWB,KY,ASO,CE,Federal Contract Tower,0,6,14,7,27,0,3,9,5,17,0,9,23,12,44,14,4,18,62
04/21/2023,OWB,KY,ASO,CE,Federal Contract Tower,2,6,8,0,16,0,0,0,0,0,2,6,8,0,16,0,0,0,16
04/22/2023,OWB,KY,ASO,CE,Federal Contract Tower,0,8,8,0,16,0,0,22,0,22,0,8,30,0,38,16,0,16,54
04/23/2023,OWB,KY,ASO,CE,Federal Contract Tower,0,4,7,0,11,0,0,20,0,20,0,4,27,0,31,4,0,4,35
04/24/2023,OWB,KY,ASO,CE,Federal Contract Tower,2,7,28,5,42,0,2,38,3,43,2,9,66,8,85,52,12,64,149
04/25/2023,OWB,KY,ASO,CE,Federal Contract Tower,0,8,11,8,27,0,2,33,0,35,0,10,44,8,62,48,14,62,124
04/26/2023,OWB,KY,ASO,CE,Federal Contract Tower,0,6,16,2,24,0,3,70,2,75,0,9,86,4,99,64,0,64,163
04/27/2023,OWB,KY,ASO,CE,Federal Contract Tower,0,8,10,1,19,0,0,4,3,7,0,8,14,4,26,0,2,2,28
04/28/2023,OWB,KY,ASO,CE,Federal Contract Tower,2,8,16,0,26,0,0,18,0,18,2,8,34,0,44,36,0,36,80
04/29/2023,OWB,KY,ASO,CE,Federal Contract Tower,0,6,9,0,15,0,0,27,0,27,0,6,36,0,42,36,0,36,78
04/30/2023,OWB,KY,ASO,CE,Federal Contract Tower,0,2,8,0,10,0,0,4,0,4,0,2,12,0,14,0,0,0,14
05/01/2023,OWB,KY,ASO,CE,Federal Contract Tower,2,5,2,0,9,0,2,8,0,10,2,7,10,0,19,8,0,8,27
05/02/2023,OWB,KY,ASO,CE,Federal Contract Tower,0,10,4,1,15,0,1,9,0,10,0,11,13,1,25,8,0,8,33
05/03/2023,OWB,KY,ASO,CE,Federal Contract Tower,0,6,12,4,22,0,1,21,0,22,0,7,33,4,44,40,0,40,84
05/04/2023,OWB,KY,ASO,CE,Federal Contract Tower,0,3,9,0,12,0,3,45,2,50,0,6,54,2,62,24,0,24,86
05/05/2023,OWB,KY,ASO,CE,Federal Contract Tower,2,7,13,0,22,0,0,33,0,33,2,7,46,0,55,18,0,18,73
05/06/2023,OWB,KY,ASO,CE,Federal Contract Tower,0,7,4,0,11,0,0,24,0,24,0,7,28,0,35,16,0,16,51
05/07/2023,OWB,KY,ASO,CE,Federal Contract Tower,0,2,3,0,5,0,0,0,0,0,0,2,3,0,5,0,0,0,5
05/08/2023,OWB,KY,ASO,CE,Federal Contract Tower,2,4,12,6,24,0,1,2,0,3,2,5,14,6,27,12,0,12,39
05/09/2023,OWB,KY,ASO,CE,Federal Contract Tower,0,5,16,14,35,0,0,21,9,30,0,5,37,23,65,14,6,20,85
05/10/2023,OWB,KY,ASO,CE,Federal Contract Tower,0,3,11,8,22,0,2,47,3,52,0,5,58,11,74,34,0,34,108
05/11/2023,OWB,KY,ASO,CE,Federal Contract Tower,0,8,11,6,25,0,0,3,2,5,0,8,14,8,30,24,0,24,54
05/12/2023,OWB,KY,ASO,CE,Federal Contract Tower,2,18,6,1,27,0,0,2,1,3,2,18,8,2,30,16,0,16,46
05/13/2023,OWB,KY,ASO,CE,Federal Contract Tower,0,7,6,0,13,0,0,10,0,10,0,7,16,0,23,20,0,20,43
05/14/2023,OWB,KY,ASO,CE,Federal Contract Tower,0,4,10,0,14,0,1,5,4,10,0,5,15,4,24,0,0,0,24
05/15/2023,OWB,KY,ASO,CE,Federal Contract Tower,2,13,9,2,26,0,3,23,0,26,2,16,32,2,52,22,0,22,74
05/16/2023,OWB,KY,ASO,CE,Federal Contract Tower,0,6,13,1,20,0,1,2,0,3,0,7,15,1,23,0,0,0,23
05/17/2023,OWB,KY,ASO,CE,Federal Contract Tower,0,5,18,1,24,0,1,54,4,59,0,6,72,5,83,16,0,16,99
05/18/2023,OWB,KY,ASO,CE,Federal Contract Tower,0,2,17,7,26,0,0,50,2,52,0,2,67,9,78,46,39,85,163
05/19/2023,OWB,KY,ASO,CE,Federal Contract Tower,2,8,26,4,40,0,1,14,0,15,2,9,40,4,55,26,0,26,81
05/20/2023,OWB,KY,ASO,CE,Federal Contract Tower,0,8,1,0,9,0,1,18,0,19,0,9,19,0,28,28,0,28,56
05/21/2023,OWB,KY,ASO,CE,Federal Contract Tower,0,6,4,0,10,0,3,30,0,33,0,9,34,0,43,16,0,16,59
05/22/2023,OWB,KY,ASO,CE,Federal Contract Tower,2,3,10,0,15,0,4,19,0,23,2,7,29,0,38,6,0,6,44
05/23/2023,OWB,KY,ASO,CE,Federal Contract Tower,0,8,15,7,30,0,4,57,1,62,0,12,72,8,92,28,16,44,136
05/24/2023,OWB,KY,ASO,CE,Federal Contract Tower,0,9,17,8,34,0,18,61,2,81,0,27,78,10,115,86,0,86,201
05/25/2023,OWB,KY,ASO,CE,Federal Contract Tower,0,6,5,0,11,0,6,40,1,47,0,12,45,1,58,34,0,34,92
05/26/2023,OWB,KY,ASO,CE,Federal Contract Tower,2,11,19,0,32,0,1,23,0,24,2,12,42,0,56,52,0,52,108
05/27/2023,OWB,KY,ASO,CE,Federal Contract Tower,0,7,2,0,9,0,2,33,0,35,0,9,35,0,44,48,0,48,92
05/28/2023,OWB,KY,ASO,CE,Federal Contract Tower,0,2,3,0,5,0,4,24,0,28,0,6,27,0,33,14,0,14,47
05/29/2023,OWB,KY,ASO,CE,Federal Contract Tower,2,7,4,0,13,0,2,18,0,20,2,9,22,0,33,4,0,4,37
05/30/2023,OWB,KY,ASO,CE,Federal Contract Tower,0,2,10,6,18,0,0,31,2,33,0,2,41,8,51,20,0,20,71
05/31/2023,OWB,KY,ASO,CE,Federal Contract Tower,0,11,5,8,24,0,3,17,8,28,0,14,22,16,52,40,0,40,92
06/01/2023,OWB,KY,ASO,CE,Federal Contract Tower,0,6,10,3,19,0,4,34,4,42,0,10,44,7,61,14,0,14,75
06/02/2023,OWB,KY,ASO,CE,Federal Contract Tower,0,5,7,5,17,0,7,18,1,26,0,12,25,6,43,14,10,24,67
06/03/2023,OWB,KY,ASO,CE,Federal Contract Tower,0,10,11,0,21,0,2,37,0,39,0,12,48,0,60,60,0,60,120
06/04/2023,OWB,KY,ASO,CE,Federal Contract Tower,0,6,3,0,9,0,6,24,0,30,0,12,27,0,39,20,0,20,59
06/05/2023,OWB,KY,ASO,CE,Federal Contract Tower,0,6,21,8,35,0,8,46,0,54,0,14,67,8,89,30,0,30,119
06/06/2023,OWB,KY,ASO,CE,Federal Contract Tower,0,9,21,7,37,0,4,21,4,29,0,13,42,11,66,34,20,54,120
06/07/2023,OWB,KY,ASO,CE,Federal Contract Tower,0,10,6,1,17,0,8,7,0,15,0,18,13,1,32,22,0,22,54
06/08/2023,OWB,KY,ASO,CE,Federal Contract Tower,0,12,16,2,30,0,16,26,2,44,0,28,42,4,74,30,0,30,104
06/09/2023,OWB,KY,ASO,CE,Federal Contract Tower,0,6,17,0,23,0,6,38,2,46,0,12,55,2,69,46,0,46,115
06/10/2023,OWB,KY,ASO,CE,Federal Contract Tower,0,8,10,0,18,0,4,29,0,33,0,12,39,0,51,22,0,22,73
06/11/2023,OWB,KY,ASO,CE,Federal Contract Tower,0,2,2,4,8,0,0,2,0,2,0,2,4,4,10,4,0,4,14
06/13/2023,OWB,KY,ASO,CE,Federal Contract Tower,0,6,13,4,23,0,3,19,2,24,0,9,32,6,47,30,0,30,77
06/14/2023,OWB,KY,ASO,CE,Federal Contract Tower,0,3,24,6,33,0,0,26,2,28,0,3,50,8,61,32,0,32,93
06/15/2023,OWB,KY,ASO,CE,Federal Contract Tower,0,6,12,2,20,0,5,51,2,58,0,11,63,4,78,78,0,78,156
06/16/2023,OWB,KY,ASO,CE,Federal Contract Tower,0,6,11,0,17,0,0,16,0,16,0,6,27,0,33,44,0,44,77
06/17/2023,OWB,KY,ASO,CE,Federal Contract Tower,0,8,5,0,13,0,2,41,2,45,0,10,46,2,58,54,0,54,112
06/18/2023,OWB,KY,ASO,CE,Federal Contract Tower,0,10,5,0,15,0,0,6,0,6,0,10,11,0,21,38,0,38,59
06/19/2023,OWB,KY,ASO,CE,Federal Contract Tower,0,7,21,0,28,0,0,0,0,0,0,7,21,0,28,0,0,0,28
06/20/2023,OWB,KY,ASO,CE,Federal Contract Tower,0,10,6,0,16,0,1,8,0,9,0,11,14,0,25,30,0,30,55
06/21/2023,OWB,KY,ASO,CE,Federal Contract Tower,0,10,12,5,27,0,0,15,0,15,0,10,27,5,42,20,0,20,62
06/22/2023,OWB,KY,ASO,CE,Federal Contract Tower,0,8,11,8,27,0,0,27,0,27,0,8,38,8,54,64,0,64,118
06/23/2023,OWB,KY,ASO,CE,Federal Contract Tower,0,7,19,2,28,0,0,48,0,48,0,7,67,2,76,52,0,52,128
06/24/2023,OWB,KY,ASO,CE,Federal Contract Tower,0,7,11,0,18,0,1,39,0,40,0,8,50,0,58,56,0,56,114
06/25/2023,OWB,KY,ASO,CE,Federal Contract Tower,0,7,7,0,14,0,0,8,0,8,0,7,15,0,22,12,0,12,34
06/26/2023,OWB,KY,ASO,CE,Federal Contract Tower,0,7,5,3,15,0,3,9,0,12,0,10,14,3,27,20,2,22,49
06/27/2023,OWB,KY,ASO,CE,Federal Contract Tower,0,8,26,7,41,0,8,39,2,49,0,16,65,9,90,46,14,60,150
06/28/2023,OWB,KY,ASO,CE,Federal Contract Tower,0,12,5,6,23,0,0,1,1,2,0,12,6,7,25,0,0,0,25
06/29/2023,OWB,KY,ASO,CE,Federal Contract Tower,0,5,9,0,14,0,0,0,0,0,0,5,9,0,14,0,0,0,14
06/30/2023,OWB,KY,ASO,CE,Federal Contract Tower,0,5,15,0,20,0,0,24,0,24,0,5,39,0,44,34,0,34,78
07/01/2023,OWB,KY,ASO,CE,Federal Contract Tower,0,6,8,0,14,0,0,9,0,9,0,6,17,0,23,12,0,12,35
07/02/2023,OWB,KY,ASO,CE,Federal Contract Tower,0,0,2,0,2,0,2,10,0,12,0,2,12,0,14,12,0,12,26
07/03/2023,OWB,KY,ASO,CE,Federal Contract Tower,0,5,7,0,12,0,6,32,0,38,0,11,39,0,50,52,0,52,102
07/04/2023,OWB,KY,ASO,CE,Federal Contract Tower,0,3,25,0,28,0,4,33,0,37,0,7,58,0,65,8,0,8,73
07/05/2023,OWB,KY,ASO,CE,Federal Contract Tower,0,4,11,2,17,0,2,36,4,42,0,6,47,6,59,72,0,72,131
07/06/2023,OWB,KY,ASO,CE,Federal Contract Tower,0,5,19,4,28,0,4,42,3,49,0,9,61,7,77,34,0,34,111
07/07/2023,OWB,KY,ASO,CE,Federal Contract Tower,0,1,10,2,13,0,11,40,0,51,0,12,50,2,64,74,0,74,138
07/08/2023,OWB,KY,ASO,CE,Federal Contract Tower,0,2,4,0,6,0,0,12,0,12,0,2,16,0,18,38,0,38,56
07/09/2023,OWB,KY,ASO,CE,Federal Contract Tower,0,6,13,0,19,0,0,17,0,17,0,6,30,0,36,14,0,14,50
07/10/2023,OWB,KY,ASO,CE,Federal Contract Tower,0,6,1,2,9,0,4,28,0,32,0,10,29,2,41,20,0,20,61
07/11/2023,OWB,KY,ASO,CE,Federal Contract Tower,0,6,7,2,15,0,4,44,6,54,0,10,51,8,69,20,0,20,89
07/12/2023,OWB,KY,ASO,CE,Federal Contract Tower,0,3,13,3,19,0,3,23,4,30,0,6,36,7,49,54,2,56,105
07/13/2023,OWB,KY,ASO,CE,Federal Contract Tower,0,3,3,4,10,0,3,8,0,11,0,6,11,4,21,6,0,6,27
07/14/2023,OWB,KY,ASO,CE,Federal Contract Tower,0,7,7,10,24,0,4,39,0,43,0,11,46,10,67,42,0,42,109
07/15/2023,OWB,KY,ASO,CE,Federal Contract Tower,0,5,9,0,14,0,0,6,0,6,0,5,15,0,20,0,0,0,20
07/16/2023,OWB,KY,ASO,CE,Federal Contract Tower,0,9,23,0,32,0,0,25,0,25,0,9,48,0,57,4,0,4,61
07/17/2023,OWB,KY,ASO,CE,Federal Contract Tower,0,4,9,0,13,0,3,10,0,13,0,7,19,0,26,0,0,0,26
07/19/2023,OWB,KY,ASO,CE,Federal Contract Tower,0,4,13,3,20,0,4,5,1,10,0,8,18,4,30,0,0,0,30
07/20/2023,OWB,KY,ASO,CE,Federal Contract Tower,0,6,4,0,10,0,2,11,4,17,0,8,15,4,27,0,0,0,27
07/21/2023,OWB,KY,ASO,CE,Federal Contract Tower,0,12,20,0,32,0,6,35,2,43,0,18,55,2,75,20,0,20,95
07/22/2023,OWB,KY,ASO,CE,Federal Contract Tower,0,6,11,0,17,0,2,43,0,45,0,8,54,0,62,26,0,26,88
07/23/2023,OWB,KY,ASO,CE,Federal Contract Tower,0,7,10,0,17,0,5,29,0,34,0,12,39,0,51,24,0,24,75
07/24/2023,OWB,KY,ASO,CE,Federal Contract Tower,0,6,12,4,22,0,2,10,6,18,0,8,22,10,40,18,6,24,64
07/25/2023,OWB,KY,ASO,CE,Federal Contract Tower,0,6,10,2,18,0,1,17,4,22,0,7,27,6,40,54,0,54,94
07/26/2023,OWB,KY,ASO,CE,Federal Contract Tower,0,6,19,6,31,0,2,16,0,18,0,8,35,6,49,28,6,34,83
07/27/2023,OWB,KY,ASO,CE,Federal Contract Tower,0,2,20,3,25,0,0,26,1,27,0,2,46,4,52,14,0,14,66
07/28/2023,OWB,KY,ASO,CE,Federal Contract Tower,0,12,12,0,24,0,1,26,2,29,0,13,38,2,53,48,0,48,101
07/29/2023,OWB,KY,ASO,CE,Federal Contract Tower,0,3,6,0,9,0,2,15,0,17,0,5,21,0,26,14,0,14,40
07/30/2023,OWB,KY,ASO,CE,Federal Contract Tower,0,6,6,0,12,0,0,21,0,21,0,6,27,0,33,30,0,30,63
07/31/2023,OWB,KY,ASO,CE,Federal Contract Tower,0,7,12,4,23,0,6,32,0,38,0,13,44,4,61,22,0,22,83
08/01/2023,OWB,KY,ASO,CE,Federal Contract Tower,0,7,11,7,25,0,2,13,0,15,0,9,24,7,40,10,6,16,56
08/02/2023,OWB,KY,ASO,CE,Federal Contract Tower,0,4,7,4,15,0,0,17,5,22,0,4,24,9,37,52,4,56,93
08/03/2023,OWB,KY,ASO,CE,Federal Contract Tower,0,6,4,0,10,0,0,5,0,5,0,6,9,0,15,14,0,14,29
08/04/2023,OWB,KY,ASO,CE,Federal Contract Tower,0,5,6,0,11,0,0,17,0,17,0,5,23,0,28,46,0,46,74
08/05/2023,OWB,KY,ASO,CE,Federal Contract Tower,0,2,1,0,3,0,0,8,0,8,0,2,9,0,11,2,0,2,13
08/06/2023,OWB,KY,ASO,CE,Federal Contract Tower,0,2,12,0,14,0,1,19,2,22,0,3,31,2,36,46,0,46,82
08/07/2023,OWB,KY,ASO,CE,Federal Contract Tower,0,7,8,3,18,0,0,5,3,8,0,7,13,6,26,0,10,10,36
08/08/2023,OWB,KY,ASO,CE,Federal Contract Tower,0,6,20,2,28,0,0,14,2,16,0,6,34,4,44,4,0,4,48
08/09/2023,OWB,KY,ASO,CE,Federal Contract Tower,0,2,3,2,7,0,0,2,0,2,0,2,5,2,9,20,10,30,39
08/10/2023,OWB,KY,ASO,CE,Federal Contract Tower,0,7,13,8,28,0,0,24,0,24,0,7,37,8,52,16,10,26,78
08/11/2023,OWB,KY,ASO,CE,Federal Contract Tower,0,4,13,0,17,0,0,33,0,33,0,4,46,0,50,68,0,68,118
08/12/2023,OWB,KY,ASO,CE,Federal Contract Tower,0,3,1,0,4,0,1,13,0,14,0,4,14,0,18,2,0,2,20
08/13/2023,OWB,KY,ASO,CE,Federal Contract Tower,0,8,5,0,13,0,0,10,0,10,0,8,15,0,23,14,0,14,37
08/14/2023,OWB,KY,ASO,CE,Federal Contract Tower,0,3,4,0,7,0,0,0,0,0,0,3,4,0,7,0,0,0,7
08/15/2023,OWB,KY,ASO,CE,Federal Contract Tower,0,7,16,4,27,0,0,14,0,14,0,7,30,4,41,14,4,18,59
08/16/2023,OWB,KY,ASO,CE,Federal Contract Tower,0,4,5,0,9,0,0,50,0,50,0,4,55,0,59,44,0,44,103
08/17/2023,OWB,KY,ASO,CE,Federal Contract Tower,0,0,9,3,12,0,0,27,6,33,0,0,36,9,45,30,4,34,79
08/18/2023,OWB,KY,ASO,CE,Federal Contract Tower,0,3,14,5,22,0,0,34,2,36,0,3,48,7,58,26,16,42,100
08/19/2023,OWB,KY,ASO,CE,Federal Contract Tower,0,3,3,2,8,0,3,46,1,50,0,6,49,3,58,42,0,42,100
08/20/2023,OWB,KY,ASO,CE,Federal Contract Tower,0,7,6,5,18,0,0,10,0,10,0,7,16,5,28,4,0,4,32
08/21/2023,OWB,KY,ASO,CE,Federal Contract Tower,0,7,15,7,29,0,0,11,0,11,0,7,26,7,40,8,10,18,58
08/22/2023,OWB,KY,ASO,CE,Federal Contract Tower,0,5,12,2,19,0,3,18,1,22,0,8,30,3,41,54,6,60,101
08/23/2023,OWB,KY,ASO,CE,Federal Contract Tower,0,27,5,9,41,0,1,17,1,19,0,28,22,10,60,14,16,30,90
08/24/2023,OWB,KY,ASO,CE,Federal Contract Tower,0,13,10,4,27,0,0,18,1,19,0,13,28,5,46,52,14,66,112
08/25/2023,OWB,KY,ASO,CE,Federal Contract Tower,0,8,15,0,23,0,0,8,0,8,0,8,23,0,31,0,0,0,31
08/26/2023,OWB,KY,ASO,CE,Federal Contract Tower,0,2,3,0,5,0,0,10,3,13,0,2,13,3,18,14,8,22,40
08/27/2023,OWB,KY,ASO,CE,Federal Contract Tower,0,3,8,0,11,0,0,4,0,4,0,3,12,0,15,0,0,0,15
08/28/2023,OWB,KY,ASO,CE,Federal Contract Tower,0,3,15,2,20,0,0,17,0,17,0,3,32,2,37,30,10,40,77
08/29/2023,OWB,KY,ASO,CE,Federal Contract Tower,0,6,10,2,18,0,0,36,2,38,0,6,46,4,56,76,0,76,132
08/30/2023,OWB,KY,ASO,CE,Federal Contract Tower,0,1,9,15,25,0,0,27,2,29,0,1,36,17,54,14,4,18,72
08/31/2023,OWB,KY,ASO,CE,Federal Contract Tower,0,3,6,4,13,0,0,34,1,35,0,3,40,5,48,42,0,42,90
