01/01/2020,OWD,MA,ANE,EN,Federal Contract Tower,0,1,8,0,9,0,0,24,0,24,0,1,32,0,33,32,0,32,65
01/02/2020,OWD,MA,ANE,EN,Federal Contract Tower,0,2,8,0,10,0,11,92,0,103,0,13,100,0,113,118,0,118,231
01/03/2020,OWD,MA,ANE,EN,Federal Contract Tower,0,0,8,0,8,0,4,58,0,62,0,4,66,0,70,56,0,56,126
01/04/2020,OWD,MA,ANE,EN,Federal Contract Tower,0,0,10,0,10,0,0,0,0,0,0,0,10,0,10,0,0,0,10
01/05/2020,OWD,MA,ANE,EN,Federal Contract Tower,0,4,9,0,13,0,0,14,0,14,0,4,23,0,27,12,0,12,39
01/06/2020,OWD,MA,ANE,EN,Federal Contract Tower,0,2,4,0,6,0,7,26,0,33,0,9,30,0,39,138,0,138,177
01/07/2020,OWD,MA,ANE,EN,Federal Contract Tower,0,1,9,0,10,0,14,78,0,92,0,15,87,0,102,138,0,138,240
01/09/2020,OWD,MA,ANE,EN,Federal Contract Tower,0,0,6,0,6,0,14,79,0,93,0,14,85,0,99,82,0,82,181
01/10/2020,OWD,MA,ANE,EN,Federal Contract Tower,0,2,6,0,8,0,8,44,0,52,0,10,50,0,60,58,0,58,118
01/11/2020,OWD,MA,ANE,EN,Federal Contract Tower,0,0,4,0,4,0,0,42,0,42,0,0,46,0,46,18,0,18,64
01/12/2020,OWD,MA,ANE,EN,Federal Contract Tower,0,2,4,0,6,0,0,25,0,25,0,2,29,0,31,0,0,0,31
01/13/2020,OWD,MA,ANE,EN,Federal Contract Tower,0,2,2,0,4,0,1,22,0,23,0,3,24,0,27,38,0,38,65
01/14/2020,OWD,MA,ANE,EN,Federal Contract Tower,0,3,9,0,12,0,6,60,2,68,0,9,69,2,80,126,0,126,206
01/15/2020,OWD,MA,ANE,EN,Federal Contract Tower,0,3,11,0,14,0,5,90,0,95,0,8,101,0,109,134,0,134,243
01/16/2020,OWD,MA,ANE,EN,Federal Contract Tower,0,7,9,0,16,0,0,4,0,4,0,7,13,0,20,0,0,0,20
01/17/2020,OWD,MA,ANE,EN,Federal Contract Tower,0,6,1,0,7,0,4,20,0,24,0,10,21,0,31,44,0,44,75
01/18/2020,OWD,MA,ANE,EN,Federal Contract Tower,0,1,5,0,6,0,0,95,0,95,0,1,100,0,101,92,0,92,193
01/19/2020,OWD,MA,ANE,EN,Federal Contract Tower,0,1,3,0,4,0,0,41,0,41,0,1,44,0,45,96,0,96,141
01/20/2020,OWD,MA,ANE,EN,Federal Contract Tower,0,0,5,0,5,0,5,80,0,85,0,5,85,0,90,64,0,64,154
01/21/2020,OWD,MA,ANE,EN,Federal Contract Tower,0,3,18,0,21,0,3,72,0,75,0,6,90,0,96,140,0,140,236
01/22/2020,OWD,MA,ANE,EN,Federal Contract Tower,0,3,8,0,11,0,8,90,0,98,0,11,98,0,109,96,0,96,205
01/23/2020,OWD,MA,ANE,EN,Federal Contract Tower,0,3,12,0,15,0,13,90,0,103,0,16,102,0,118,122,0,122,240
01/24/2020,OWD,MA,ANE,EN,Federal Contract Tower,0,2,5,0,7,0,6,93,0,99,0,8,98,0,106,124,0,124,230
01/25/2020,OWD,MA,ANE,EN,Federal Contract Tower,0,0,2,0,2,0,0,10,0,10,0,0,12,0,12,42,0,42,54
01/26/2020,OWD,MA,ANE,EN,Federal Contract Tower,0,0,3,0,3,0,0,98,0,98,0,0,101,0,101,90,0,90,191
01/27/2020,OWD,MA,ANE,EN,Federal Contract Tower,0,3,2,0,5,0,3,89,0,92,0,6,91,0,97,64,0,64,161
01/28/2020,OWD,MA,ANE,EN,Federal Contract Tower,0,4,6,0,10,0,15,84,0,99,0,19,90,0,109,100,0,100,209
01/29/2020,OWD,MA,ANE,EN,Federal Contract Tower,0,2,8,0,10,0,5,85,0,90,0,7,93,0,100,96,0,96,196
01/30/2020,OWD,MA,ANE,EN,Federal Contract Tower,0,1,10,0,11,0,12,79,3,94,0,13,89,3,105,100,0,100,205
01/31/2020,OWD,MA,ANE,EN,Federal Contract Tower,0,3,9,0,12,0,3,90,0,93,0,6,99,0,105,82,6,88,193
02/01/2020,OWD,MA,ANE,EN,Federal Contract Tower,0,1,7,0,8,0,2,0,0,2,0,3,7,0,10,0,0,0,10
02/02/2020,OWD,MA,ANE,EN,Federal Contract Tower,0,6,11,0,17,0,3,96,0,99,0,9,107,0,116,114,0,114,230
02/03/2020,OWD,MA,ANE,EN,Federal Contract Tower,0,7,7,0,14,0,3,78,0,81,0,10,85,0,95,108,0,108,203
02/04/2020,OWD,MA,ANE,EN,Federal Contract Tower,0,4,16,2,22,0,8,48,7,63,0,12,64,9,85,138,0,138,223
02/05/2020,OWD,MA,ANE,EN,Federal Contract Tower,0,3,7,0,10,0,14,63,0,77,0,17,70,0,87,98,0,98,185
02/06/2020,OWD,MA,ANE,EN,Federal Contract Tower,0,2,2,0,4,0,0,0,0,0,0,2,2,0,4,0,0,0,4
02/07/2020,OWD,MA,ANE,EN,Federal Contract Tower,0,2,2,0,4,0,0,0,0,0,0,2,2,0,4,0,0,0,4
02/08/2020,OWD,MA,ANE,EN,Federal Contract Tower,0,3,4,0,7,0,0,40,0,40,0,3,44,0,47,24,0,24,71
02/09/2020,OWD,MA,ANE,EN,Federal Contract Tower,0,5,19,0,24,0,1,105,0,106,0,6,124,0,130,138,0,138,268
02/10/2020,OWD,MA,ANE,EN,Federal Contract Tower,0,5,8,0,13,0,0,1,0,1,0,5,9,0,14,0,0,0,14
02/11/2020,OWD,MA,ANE,EN,Federal Contract Tower,0,7,4,0,11,0,0,0,0,0,0,7,4,0,11,0,0,0,11
02/12/2020,OWD,MA,ANE,EN,Federal Contract Tower,0,7,11,0,18,0,17,129,0,146,0,24,140,0,164,86,0,86,250
02/14/2020,OWD,MA,ANE,EN,Federal Contract Tower,0,2,5,0,7,0,7,70,0,77,0,9,75,0,84,58,0,58,142
02/15/2020,OWD,MA,ANE,EN,Federal Contract Tower,0,0,5,2,7,0,2,130,0,132,0,2,135,2,139,128,0,128,267
02/16/2020,OWD,MA,ANE,EN,Federal Contract Tower,0,1,5,0,6,0,0,105,0,105,0,1,110,0,111,110,0,110,221
02/17/2020,OWD,MA,ANE,EN,Federal Contract Tower,0,2,5,0,7,0,10,131,0,141,0,12,136,0,148,96,0,96,244
02/18/2020,OWD,MA,ANE,EN,Federal Contract Tower,0,3,5,0,8,0,4,11,0,15,0,7,16,0,23,0,0,0,23
02/19/2020,OWD,MA,ANE,EN,Federal Contract Tower,0,6,6,0,12,0,6,31,0,37,0,12,37,0,49,8,0,8,57
02/20/2020,OWD,MA,ANE,EN,Federal Contract Tower,0,1,5,0,6,0,5,85,4,94,0,6,90,4,100,44,4,48,148
02/21/2020,OWD,MA,ANE,EN,Federal Contract Tower,0,2,5,0,7,0,8,82,0,90,0,10,87,0,97,136,0,136,233
02/22/2020,OWD,MA,ANE,EN,Federal Contract Tower,0,0,8,0,8,0,0,117,0,117,0,0,125,0,125,90,0,90,215
02/23/2020,OWD,MA,ANE,EN,Federal Contract Tower,0,4,8,0,12,0,2,144,0,146,0,6,152,0,158,106,0,106,264
02/24/2020,OWD,MA,ANE,EN,Federal Contract Tower,0,7,4,1,12,0,7,98,0,105,0,14,102,1,117,58,0,58,175
02/25/2020,OWD,MA,ANE,EN,Federal Contract Tower,0,7,10,1,18,0,13,111,1,125,0,20,121,2,143,90,0,90,233
02/26/2020,OWD,MA,ANE,EN,Federal Contract Tower,0,6,9,0,15,0,6,9,0,15,0,12,18,0,30,66,0,66,96
02/27/2020,OWD,MA,ANE,EN,Federal Contract Tower,0,1,1,0,2,0,0,4,0,4,0,1,5,0,6,2,0,2,8
02/29/2020,OWD,MA,ANE,EN,Federal Contract Tower,0,5,16,0,21,0,1,154,0,155,0,6,170,0,176,152,0,152,328
03/01/2020,OWD,MA,ANE,EN,Federal Contract Tower,0,6,7,0,13,0,0,118,0,118,0,6,125,0,131,96,0,96,227
03/02/2020,OWD,MA,ANE,EN,Federal Contract Tower,0,2,8,0,10,0,5,74,0,79,0,7,82,0,89,94,0,94,183
03/03/2020,OWD,MA,ANE,EN,Federal Contract Tower,0,2,13,0,15,0,11,84,0,95,0,13,97,0,110,152,0,152,262
03/04/2020,OWD,MA,ANE,EN,Federal Contract Tower,0,2,7,0,9,0,0,10,0,10,0,2,17,0,19,0,0,0,19
03/05/2020,OWD,MA,ANE,EN,Federal Contract Tower,0,4,13,0,17,0,9,94,0,103,0,13,107,0,120,50,0,50,170
03/06/2020,OWD,MA,ANE,EN,Federal Contract Tower,0,5,7,0,12,0,10,84,0,94,0,15,91,0,106,72,0,72,178
03/07/2020,OWD,MA,ANE,EN,Federal Contract Tower,0,4,3,0,7,0,0,28,0,28,0,4,31,0,35,4,0,4,39
03/08/2020,OWD,MA,ANE,EN,Federal Contract Tower,0,2,6,0,8,0,5,126,0,131,0,7,132,0,139,138,0,138,277
03/09/2020,OWD,MA,ANE,EN,Federal Contract Tower,0,4,9,0,13,0,6,125,0,131,0,10,134,0,144,88,0,88,232
03/10/2020,OWD,MA,ANE,EN,Federal Contract Tower,0,2,1,0,3,0,3,48,0,51,0,5,49,0,54,36,0,36,90
03/11/2020,OWD,MA,ANE,EN,Federal Contract Tower,0,1,12,0,13,0,16,75,0,91,0,17,87,0,104,112,0,112,216
03/12/2020,OWD,MA,ANE,EN,Federal Contract Tower,0,3,18,0,21,0,7,80,0,87,0,10,98,0,108,229,0,229,337
03/13/2020,OWD,MA,ANE,EN,Federal Contract Tower,0,0,6,0,6,0,0,0,0,0,0,0,6,0,6,0,0,0,6
03/14/2020,OWD,MA,ANE,EN,Federal Contract Tower,0,4,4,0,8,0,0,69,0,69,0,4,73,0,77,132,0,132,209
03/15/2020,OWD,MA,ANE,EN,Federal Contract Tower,0,0,13,0,13,0,0,115,0,115,0,0,128,0,128,162,0,162,290
03/16/2020,OWD,MA,ANE,EN,Federal Contract Tower,0,0,4,0,4,0,5,75,0,80,0,5,79,0,84,62,0,62,146
03/17/2020,OWD,MA,ANE,EN,Federal Contract Tower,0,2,4,0,6,0,0,0,0,0,0,2,4,0,6,0,0,0,6
03/18/2020,OWD,MA,ANE,EN,Federal Contract Tower,0,0,5,0,5,0,8,109,0,117,0,8,114,0,122,54,0,54,176
03/19/2020,OWD,MA,ANE,EN,Federal Contract Tower,0,0,4,0,4,0,0,0,0,0,0,0,4,0,4,0,0,0,4
03/20/2020,OWD,MA,ANE,EN,Federal Contract Tower,0,0,6,0,6,0,6,4,0,10,0,6,10,0,16,2,0,2,18
03/21/2020,OWD,MA,ANE,EN,Federal Contract Tower,0,0,4,0,4,0,0,72,0,72,0,0,76,0,76,134,0,134,210
03/22/2020,OWD,MA,ANE,EN,Federal Contract Tower,0,1,1,0,2,0,0,100,0,100,0,1,101,0,102,66,0,66,168
03/23/2020,OWD,MA,ANE,EN,Federal Contract Tower,0,1,6,0,7,0,0,25,0,25,0,1,31,0,32,58,0,58,90
03/24/2020,OWD,MA,ANE,EN,Federal Contract Tower,0,0,5,0,5,0,8,5,0,13,0,8,10,0,18,20,0,20,38
03/25/2020,OWD,MA,ANE,EN,Federal Contract Tower,0,1,3,0,4,0,7,1,0,8,0,8,4,0,12,0,0,0,12
03/26/2020,OWD,MA,ANE,EN,Federal Contract Tower,0,1,2,0,3,0,1,36,0,37,0,2,38,0,40,10,0,10,50
03/27/2020,OWD,MA,ANE,EN,Federal Contract Tower,0,0,3,0,3,0,16,20,0,36,0,16,23,0,39,0,0,0,39
03/28/2020,OWD,MA,ANE,EN,Federal Contract Tower,0,0,0,0,0,0,0,39,0,39,0,0,39,0,39,56,0,56,95
03/29/2020,OWD,MA,ANE,EN,Federal Contract Tower,0,0,3,0,3,0,0,0,0,0,0,0,3,0,3,0,0,0,3
03/30/2020,OWD,MA,ANE,EN,Federal Contract Tower,0,1,2,0,3,0,0,2,0,2,0,1,4,0,5,0,0,0,5
03/31/2020,OWD,MA,ANE,EN,Federal Contract Tower,0,0,4,0,4,0,3,1,0,4,0,3,5,0,8,0,0,0,8
04/01/2020,OWD,MA,ANE,EN,Federal Contract Tower,0,5,0,0,5,0,11,3,0,14,0,16,3,0,19,0,0,0,19
04/02/2020,OWD,MA,ANE,EN,Federal Contract Tower,0,0,4,0,4,0,10,2,0,12,0,10,6,0,16,6,0,6,22
04/03/2020,OWD,MA,ANE,EN,Federal Contract Tower,0,0,1,0,1,0,0,0,0,0,0,0,1,0,1,0,0,0,1
04/04/2020,OWD,MA,ANE,EN,Federal Contract Tower,0,0,0,0,0,0,0,8,0,8,0,0,8,0,8,40,0,40,48
04/05/2020,OWD,MA,ANE,EN,Federal Contract Tower,0,0,9,0,9,0,0,44,0,44,0,0,53,0,53,40,0,40,93
04/06/2020,OWD,MA,ANE,EN,Federal Contract Tower,0,0,5,0,5,0,4,57,0,61,0,4,62,0,66,14,0,14,80
04/07/2020,OWD,MA,ANE,EN,Federal Contract Tower,0,1,0,0,1,0,5,36,0,41,0,6,36,0,42,14,0,14,56
04/08/2020,OWD,MA,ANE,EN,Federal Contract Tower,0,0,12,0,12,0,2,5,0,7,0,2,17,0,19,0,0,0,19
04/09/2020,OWD,MA,ANE,EN,Federal Contract Tower,0,0,0,0,0,0,0,0,0,0,0,0,0,0,0,0,0,0,0
04/10/2020,OWD,MA,ANE,EN,Federal Contract Tower,0,0,1,0,1,0,0,9,0,9,0,0,10,0,10,8,0,8,18
04/11/2020,OWD,MA,ANE,EN,Federal Contract Tower,0,0,7,0,7,0,0,25,0,25,0,0,32,0,32,8,0,8,40
04/12/2020,OWD,MA,ANE,EN,Federal Contract Tower,0,2,1,0,3,0,2,61,0,63,0,4,62,0,66,14,0,14,80
04/13/2020,OWD,MA,ANE,EN,Federal Contract Tower,0,0,0,0,0,0,0,0,0,0,0,0,0,0,0,0,0,0,0
04/14/2020,OWD,MA,ANE,EN,Federal Contract Tower,0,0,4,0,4,0,7,26,0,33,0,7,30,0,37,0,0,0,37
04/15/2020,OWD,MA,ANE,EN,Federal Contract Tower,0,2,0,0,2,0,9,7,0,16,0,11,7,0,18,14,0,14,32
04/16/2020,OWD,MA,ANE,EN,Federal Contract Tower,0,0,4,0,4,0,0,15,0,15,0,0,19,0,19,2,0,2,21
04/17/2020,OWD,MA,ANE,EN,Federal Contract Tower,0,0,2,0,2,0,5,13,0,18,0,5,15,0,20,0,0,0,20
04/18/2020,OWD,MA,ANE,EN,Federal Contract Tower,0,0,3,0,3,0,0,0,0,0,0,0,3,0,3,0,0,0,3
04/19/2020,OWD,MA,ANE,EN,Federal Contract Tower,0,0,2,0,2,0,0,57,0,57,0,0,59,0,59,12,0,12,71
04/20/2020,OWD,MA,ANE,EN,Federal Contract Tower,0,1,3,0,4,0,0,48,0,48,0,1,51,0,52,10,0,10,62
04/21/2020,OWD,MA,ANE,EN,Federal Contract Tower,0,1,0,0,1,0,4,6,0,10,0,5,6,0,11,0,0,0,11
04/22/2020,OWD,MA,ANE,EN,Federal Contract Tower,0,0,6,0,6,0,8,2,0,10,0,8,8,0,16,0,0,0,16
04/23/2020,OWD,MA,ANE,EN,Federal Contract Tower,0,0,7,0,7,0,4,45,0,49,0,4,52,0,56,44,0,44,100
04/24/2020,OWD,MA,ANE,EN,Federal Contract Tower,0,3,2,0,5,0,0,1,0,1,0,3,3,0,6,0,0,0,6
04/25/2020,OWD,MA,ANE,EN,Federal Contract Tower,0,2,9,0,11,0,0,109,0,109,0,2,118,0,120,68,0,68,188
04/26/2020,OWD,MA,ANE,EN,Federal Contract Tower,0,1,7,0,8,0,0,20,0,20,0,1,27,0,28,42,0,42,70
04/27/2020,OWD,MA,ANE,EN,Federal Contract Tower,0,0,0,0,0,0,0,0,0,0,0,0,0,0,0,0,0,0,0
04/28/2020,OWD,MA,ANE,EN,Federal Contract Tower,0,0,3,0,3,0,2,9,0,11,0,2,12,0,14,10,0,10,24
04/29/2020,OWD,MA,ANE,EN,Federal Contract Tower,0,0,8,0,8,0,2,48,0,50,0,2,56,0,58,4,0,4,62
04/30/2020,OWD,MA,ANE,EN,Federal Contract Tower,0,2,6,0,8,0,2,9,0,11,0,4,15,0,19,0,0,0,19
05/01/2020,OWD,MA,ANE,EN,Federal Contract Tower,0,0,2,0,2,0,0,6,0,6,0,0,8,0,8,0,0,0,8
05/02/2020,OWD,MA,ANE,EN,Federal Contract Tower,0,2,4,0,6,0,0,46,0,46,0,2,50,0,52,10,0,10,62
05/03/2020,OWD,MA,ANE,EN,Federal Contract Tower,0,0,5,0,5,0,0,67,0,67,0,0,72,0,72,54,0,54,126
05/04/2020,OWD,MA,ANE,EN,Federal Contract Tower,0,2,0,0,2,0,20,23,0,43,0,22,23,0,45,20,0,20,65
05/05/2020,OWD,MA,ANE,EN,Federal Contract Tower,0,0,6,0,6,0,12,19,0,31,0,12,25,0,37,0,0,0,37
05/06/2020,OWD,MA,ANE,EN,Federal Contract Tower,0,3,8,0,11,0,7,21,0,28,0,10,29,0,39,46,0,46,85
05/07/2020,OWD,MA,ANE,EN,Federal Contract Tower,0,1,2,0,3,0,8,27,0,35,0,9,29,0,38,20,0,20,58
05/08/2020,OWD,MA,ANE,EN,Federal Contract Tower,0,2,5,0,7,0,1,21,0,22,0,3,26,0,29,0,0,0,29
05/09/2020,OWD,MA,ANE,EN,Federal Contract Tower,0,0,1,0,1,0,0,0,0,0,0,0,1,0,1,0,0,0,1
05/10/2020,OWD,MA,ANE,EN,Federal Contract Tower,0,0,1,0,1,0,0,18,0,18,0,0,19,0,19,4,0,4,23
05/11/2020,OWD,MA,ANE,EN,Federal Contract Tower,0,0,1,0,1,0,4,10,0,14,0,4,11,0,15,0,0,0,15
05/12/2020,OWD,MA,ANE,EN,Federal Contract Tower,0,1,6,0,7,0,14,14,0,28,0,15,20,0,35,18,0,18,53
05/13/2020,OWD,MA,ANE,EN,Federal Contract Tower,0,1,7,0,8,0,12,49,0,61,0,13,56,0,69,28,0,28,97
05/14/2020,OWD,MA,ANE,EN,Federal Contract Tower,0,3,6,0,9,0,10,91,0,101,0,13,97,0,110,74,0,74,184
05/15/2020,OWD,MA,ANE,EN,Federal Contract Tower,0,0,6,0,6,0,2,11,0,13,0,2,17,0,19,0,0,0,19
05/16/2020,OWD,MA,ANE,EN,Federal Contract Tower,0,0,5,0,5,0,0,66,0,66,0,0,71,0,71,18,0,18,89
05/18/2020,OWD,MA,ANE,EN,Federal Contract Tower,0,2,4,0,6,0,5,36,0,41,0,7,40,0,47,12,0,12,59
05/19/2020,OWD,MA,ANE,EN,Federal Contract Tower,0,1,2,0,3,0,7,17,0,24,0,8,19,0,27,2,0,2,29
05/20/2020,OWD,MA,ANE,EN,Federal Contract Tower,0,2,5,0,7,0,15,38,0,53,0,17,43,0,60,50,0,50,110
05/21/2020,OWD,MA,ANE,EN,Federal Contract Tower,0,3,5,0,8,0,11,66,0,77,0,14,71,0,85,96,0,96,181
05/22/2020,OWD,MA,ANE,EN,Federal Contract Tower,0,4,4,0,8,0,1,62,0,63,0,5,66,0,71,22,0,22,93
05/23/2020,OWD,MA,ANE,EN,Federal Contract Tower,0,2,1,0,3,0,0,6,0,6,0,2,7,0,9,34,0,34,43
05/24/2020,OWD,MA,ANE,EN,Federal Contract Tower,0,0,1,0,1,0,0,63,0,63,0,0,64,0,64,26,0,26,90
05/25/2020,OWD,MA,ANE,EN,Federal Contract Tower,0,8,9,0,17,0,0,6,0,6,0,8,15,0,23,4,0,4,27
05/26/2020,OWD,MA,ANE,EN,Federal Contract Tower,0,4,8,0,12,0,3,43,0,46,0,7,51,0,58,30,0,30,88
05/27/2020,OWD,MA,ANE,EN,Federal Contract Tower,0,2,11,0,13,0,3,41,0,44,0,5,52,0,57,18,0,18,75
05/28/2020,OWD,MA,ANE,EN,Federal Contract Tower,0,0,9,0,9,0,0,19,0,19,0,0,28,0,28,20,0,20,48
05/29/2020,OWD,MA,ANE,EN,Federal Contract Tower,0,0,17,0,17,0,2,16,0,18,0,2,33,0,35,34,0,34,69
05/30/2020,OWD,MA,ANE,EN,Federal Contract Tower,0,0,9,0,9,0,2,38,0,40,0,2,47,0,49,72,0,72,121
05/31/2020,OWD,MA,ANE,EN,Federal Contract Tower,0,0,8,0,8,0,6,66,0,72,0,6,74,0,80,42,0,42,122
06/01/2020,OWD,MA,ANE,EN,Federal Contract Tower,0,0,7,0,7,0,4,39,0,43,0,4,46,0,50,32,0,32,82
06/02/2020,OWD,MA,ANE,EN,Federal Contract Tower,0,1,7,0,8,0,12,49,0,61,0,13,56,0,69,72,0,72,141
06/03/2020,OWD,MA,ANE,EN,Federal Contract Tower,0,7,2,1,10,0,5,30,0,35,0,12,32,1,45,68,0,68,113
06/04/2020,OWD,MA,ANE,EN,Federal Contract Tower,0,4,2,0,6,0,3,50,0,53,0,7,52,0,59,6,0,6,65
06/05/2020,OWD,MA,ANE,EN,Federal Contract Tower,0,3,18,0,21,0,2,28,0,30,0,5,46,0,51,52,0,52,103
06/06/2020,OWD,MA,ANE,EN,Federal Contract Tower,0,3,10,0,13,0,1,22,0,23,0,4,32,0,36,50,0,50,86
06/07/2020,OWD,MA,ANE,EN,Federal Contract Tower,0,2,11,0,13,0,1,50,0,51,0,3,61,0,64,74,0,74,138
06/08/2020,OWD,MA,ANE,EN,Federal Contract Tower,0,0,6,0,6,0,6,131,0,137,0,6,137,0,143,100,0,100,243
06/09/2020,OWD,MA,ANE,EN,Federal Contract Tower,0,1,6,0,7,0,12,83,0,95,0,13,89,0,102,96,0,96,198
06/10/2020,OWD,MA,ANE,EN,Federal Contract Tower,0,6,17,0,23,0,5,91,0,96,0,11,108,0,119,118,0,118,237
06/11/2020,OWD,MA,ANE,EN,Federal Contract Tower,0,9,3,0,12,0,0,6,0,6,0,9,9,0,18,0,0,0,18
06/12/2020,OWD,MA,ANE,EN,Federal Contract Tower,0,3,11,0,14,0,1,130,0,131,0,4,141,0,145,130,0,130,275
06/13/2020,OWD,MA,ANE,EN,Federal Contract Tower,0,0,3,0,3,0,0,153,0,153,0,0,156,0,156,114,0,114,270
06/14/2020,OWD,MA,ANE,EN,Federal Contract Tower,0,1,10,0,11,0,1,130,0,131,0,2,140,0,142,122,0,122,264
06/15/2020,OWD,MA,ANE,EN,Federal Contract Tower,0,0,2,0,2,0,16,56,0,72,0,16,58,0,74,58,0,58,132
06/16/2020,OWD,MA,ANE,EN,Federal Contract Tower,0,1,8,0,9,0,2,83,0,85,0,3,91,0,94,34,0,34,128
06/17/2020,OWD,MA,ANE,EN,Federal Contract Tower,0,1,11,0,12,0,5,125,0,130,0,6,136,0,142,158,0,158,300
06/18/2020,OWD,MA,ANE,EN,Federal Contract Tower,0,4,16,0,20,0,0,121,0,121,0,4,137,0,141,89,0,89,230
06/19/2020,OWD,MA,ANE,EN,Federal Contract Tower,0,5,13,0,18,0,5,89,0,94,0,10,102,0,112,102,0,102,214
06/20/2020,OWD,MA,ANE,EN,Federal Contract Tower,0,2,10,0,12,0,2,118,0,120,0,4,128,0,132,74,0,74,206
06/21/2020,OWD,MA,ANE,EN,Federal Contract Tower,0,4,15,0,19,0,3,102,0,105,0,7,117,0,124,38,0,38,162
06/22/2020,OWD,MA,ANE,EN,Federal Contract Tower,0,6,33,0,39,0,5,46,0,51,0,11,79,0,90,56,0,56,146
06/23/2020,OWD,MA,ANE,EN,Federal Contract Tower,0,4,10,0,14,0,9,90,0,99,0,13,100,0,113,118,0,118,231
06/24/2020,OWD,MA,ANE,EN,Federal Contract Tower,0,3,13,0,16,0,5,38,0,43,0,8,51,0,59,84,2,86,145
06/25/2020,OWD,MA,ANE,EN,Federal Contract Tower,0,6,7,0,13,0,6,138,0,144,0,12,145,0,157,142,0,142,299
06/26/2020,OWD,MA,ANE,EN,Federal Contract Tower,0,0,7,0,7,0,1,91,0,92,0,1,98,0,99,136,0,136,235
06/27/2020,OWD,MA,ANE,EN,Federal Contract Tower,0,2,3,0,5,0,2,64,0,66,0,4,67,0,71,60,0,60,131
06/28/2020,OWD,MA,ANE,EN,Federal Contract Tower,0,2,8,0,10,0,0,72,0,72,0,2,80,0,82,64,0,64,146
06/29/2020,OWD,MA,ANE,EN,Federal Contract Tower,0,7,9,0,16,0,0,6,0,6,0,7,15,0,22,28,0,28,50
06/30/2020,OWD,MA,ANE,EN,Federal Contract Tower,0,4,33,0,37,0,1,17,0,18,0,5,50,0,55,2,0,2,57
07/01/2020,OWD,MA,ANE,EN,Federal Contract Tower,0,5,16,0,21,0,4,29,0,33,0,9,45,0,54,56,0,56,110
07/02/2020,OWD,MA,ANE,EN,Federal Contract Tower,0,8,9,0,17,0,0,148,0,148,0,8,157,0,165,128,0,128,293
07/03/2020,OWD,MA,ANE,EN,Federal Contract Tower,0,12,17,0,29,0,0,9,0,9,0,12,26,0,38,44,0,44,82
07/04/2020,OWD,MA,ANE,EN,Federal Contract Tower,0,0,18,0,18,0,2,50,0,52,0,2,68,0,70,4,0,4,74
07/05/2020,OWD,MA,ANE,EN,Federal Contract Tower,0,6,31,0,37,0,1,81,0,82,0,7,112,0,119,78,0,78,197
07/06/2020,OWD,MA,ANE,EN,Federal Contract Tower,0,3,27,0,30,0,3,90,0,93,0,6,117,0,123,76,0,76,199
07/07/2020,OWD,MA,ANE,EN,Federal Contract Tower,0,2,13,0,15,0,10,101,0,111,0,12,114,0,126,78,0,78,204
07/08/2020,OWD,MA,ANE,EN,Federal Contract Tower,0,7,16,0,23,0,4,46,0,50,0,11,62,0,73,46,0,46,119
07/09/2020,OWD,MA,ANE,EN,Federal Contract Tower,0,6,9,0,15,0,6,106,0,112,0,12,115,0,127,84,0,84,211
07/10/2020,OWD,MA,ANE,EN,Federal Contract Tower,0,9,8,0,17,0,5,35,0,40,0,14,43,0,57,20,0,20,77
07/11/2020,OWD,MA,ANE,EN,Federal Contract Tower,0,5,16,0,21,0,2,67,0,69,0,7,83,0,90,54,0,54,144
07/12/2020,OWD,MA,ANE,EN,Federal Contract Tower,0,6,11,0,17,0,1,124,0,125,0,7,135,0,142,54,0,54,196
07/13/2020,OWD,MA,ANE,EN,Federal Contract Tower,0,3,4,0,7,0,4,79,0,83,0,7,83,0,90,72,0,72,162
07/14/2020,OWD,MA,ANE,EN,Federal Contract Tower,0,6,10,0,16,0,5,64,0,69,0,11,74,0,85,100,0,100,185
07/16/2020,OWD,MA,ANE,EN,Federal Contract Tower,0,11,16,0,27,0,5,134,0,139,0,16,150,0,166,76,0,76,242
07/17/2020,OWD,MA,ANE,EN,Federal Contract Tower,0,9,20,0,29,0,0,23,0,23,0,9,43,0,52,28,0,28,80
07/18/2020,OWD,MA,ANE,EN,Federal Contract Tower,0,7,11,0,18,0,1,155,0,156,0,8,166,0,174,68,0,68,242
07/19/2020,OWD,MA,ANE,EN,Federal Contract Tower,0,11,11,0,22,0,3,128,0,131,0,14,139,0,153,110,0,110,263
07/20/2020,OWD,MA,ANE,EN,Federal Contract Tower,0,6,7,0,13,0,5,83,0,88,0,11,90,0,101,228,0,228,329
07/21/2020,OWD,MA,ANE,EN,Federal Contract Tower,0,4,3,0,7,0,20,113,0,133,0,24,116,0,140,120,0,120,260
07/23/2020,OWD,MA,ANE,EN,Federal Contract Tower,0,14,9,0,23,0,3,37,0,40,0,17,46,0,63,20,0,20,83
07/24/2020,OWD,MA,ANE,EN,Federal Contract Tower,0,8,17,0,25,0,4,135,0,139,0,12,152,0,164,136,0,136,300
07/25/2020,OWD,MA,ANE,EN,Federal Contract Tower,0,8,10,0,18,0,2,115,0,117,0,10,125,0,135,96,0,96,231
07/26/2020,OWD,MA,ANE,EN,Federal Contract Tower,0,13,9,0,22,0,7,86,0,93,0,20,95,0,115,100,0,100,215
07/27/2020,OWD,MA,ANE,EN,Federal Contract Tower,0,3,10,0,13,0,9,116,0,125,0,12,126,0,138,160,0,160,298
07/28/2020,OWD,MA,ANE,EN,Federal Contract Tower,0,3,5,0,8,0,11,91,0,102,0,14,96,0,110,56,0,56,166
07/29/2020,OWD,MA,ANE,EN,Federal Contract Tower,0,3,7,0,10,0,14,110,0,124,0,17,117,0,134,100,0,100,234
07/30/2020,OWD,MA,ANE,EN,Federal Contract Tower,0,18,12,0,30,0,12,96,0,108,0,30,108,0,138,94,0,94,232
07/31/2020,OWD,MA,ANE,EN,Federal Contract Tower,0,11,23,0,34,0,1,136,0,137,0,12,159,0,171,166,0,166,337
08/02/2020,OWD,MA,ANE,EN,Federal Contract Tower,0,10,13,0,23,0,3,97,0,100,0,13,110,0,123,80,0,80,203
08/03/2020,OWD,MA,ANE,EN,Federal Contract Tower,0,4,9,0,13,0,12,82,0,94,0,16,91,0,107,48,0,48,155
08/04/2020,OWD,MA,ANE,EN,Federal Contract Tower,0,5,5,0,10,0,5,42,0,47,0,10,47,0,57,114,0,114,171
08/05/2020,OWD,MA,ANE,EN,Federal Contract Tower,0,9,20,0,29,0,8,105,0,113,0,17,125,0,142,108,0,108,250
08/06/2020,OWD,MA,ANE,EN,Federal Contract Tower,0,7,17,0,24,0,16,123,0,139,0,23,140,0,163,72,2,74,237
08/07/2020,OWD,MA,ANE,EN,Federal Contract Tower,0,6,12,0,18,0,6,108,0,114,0,12,120,0,132,160,0,160,292
08/08/2020,OWD,MA,ANE,EN,Federal Contract Tower,0,2,20,0,22,0,2,110,0,112,0,4,130,0,134,54,0,54,188
08/09/2020,OWD,MA,ANE,EN,Federal Contract Tower,0,5,14,0,19,0,8,147,0,155,0,13,161,0,174,140,0,140,314
08/10/2020,OWD,MA,ANE,EN,Federal Contract Tower,0,7,11,0,18,0,7,143,0,150,0,14,154,0,168,238,0,238,406
08/11/2020,OWD,MA,ANE,EN,Federal Contract Tower,0,5,15,0,20,0,12,77,0,89,0,17,92,0,109,112,0,112,221
08/12/2020,OWD,MA,ANE,EN,Federal Contract Tower,0,4,11,0,15,0,6,84,0,90,0,10,95,0,105,106,0,106,211
08/13/2020,OWD,MA,ANE,EN,Federal Contract Tower,0,7,11,0,18,0,2,105,0,107,0,9,116,0,125,94,0,94,219
08/14/2020,OWD,MA,ANE,EN,Federal Contract Tower,0,5,14,0,19,0,5,157,0,162,0,10,171,0,181,134,0,134,315
08/15/2020,OWD,MA,ANE,EN,Federal Contract Tower,0,5,7,0,12,0,1,13,0,14,0,6,20,0,26,0,0,0,26
08/16/2020,OWD,MA,ANE,EN,Federal Contract Tower,0,10,37,0,47,0,0,14,0,14,0,10,51,0,61,52,0,52,113
08/17/2020,OWD,MA,ANE,EN,Federal Contract Tower,0,24,14,0,38,0,3,110,0,113,0,27,124,0,151,220,0,220,371
08/18/2020,OWD,MA,ANE,EN,Federal Contract Tower,0,7,14,0,21,0,13,103,0,116,0,20,117,0,137,108,0,108,245
08/19/2020,OWD,MA,ANE,EN,Federal Contract Tower,0,9,16,0,25,0,6,86,0,92,0,15,102,0,117,134,0,134,251
08/20/2020,OWD,MA,ANE,EN,Federal Contract Tower,0,13,9,0,22,0,8,122,0,130,0,21,131,0,152,124,0,124,276
08/21/2020,OWD,MA,ANE,EN,Federal Contract Tower,0,9,10,1,20,0,16,103,0,119,0,25,113,1,139,98,0,98,237
08/22/2020,OWD,MA,ANE,EN,Federal Contract Tower,0,6,18,0,24,0,0,94,0,94,0,6,112,0,118,14,0,14,132
08/23/2020,OWD,MA,ANE,EN,Federal Contract Tower,0,21,20,0,41,0,1,88,0,89,0,22,108,0,130,50,0,50,180
08/24/2020,OWD,MA,ANE,EN,Federal Contract Tower,0,17,23,0,40,0,9,92,2,103,0,26,115,2,143,148,0,148,291
08/25/2020,OWD,MA,ANE,EN,Federal Contract Tower,0,4,7,0,11,0,15,122,2,139,0,19,129,2,150,78,10,88,238
08/26/2020,OWD,MA,ANE,EN,Federal Contract Tower,0,2,6,0,8,0,4,91,0,95,0,6,97,0,103,62,0,62,165
08/27/2020,OWD,MA,ANE,EN,Federal Contract Tower,0,17,16,0,33,0,1,27,0,28,0,18,43,0,61,100,0,100,161
08/28/2020,OWD,MA,ANE,EN,Federal Contract Tower,0,9,24,0,33,0,4,142,0,146,0,13,166,0,179,254,0,254,433
08/29/2020,OWD,MA,ANE,EN,Federal Contract Tower,0,6,15,0,21,0,0,5,0,5,0,6,20,0,26,4,0,4,30
08/30/2020,OWD,MA,ANE,EN,Federal Contract Tower,0,4,15,0,19,0,2,95,0,97,0,6,110,0,116,52,0,52,168
08/31/2020,OWD,MA,ANE,EN,Federal Contract Tower,0,6,5,0,11,0,8,153,0,161,0,14,158,0,172,186,0,186,358
09/01/2020,OWD,MA,ANE,EN,Federal Contract Tower,0,9,10,0,19,0,13,150,0,163,0,22,160,0,182,100,2,102,284
09/02/2020,OWD,MA,ANE,EN,Federal Contract Tower,0,14,32,0,46,0,1,4,0,5,0,15,36,0,51,0,0,0,51
09/03/2020,OWD,MA,ANE,EN,Federal Contract Tower,0,15,36,0,51,0,1,51,0,52,0,16,87,0,103,16,0,16,119
09/04/2020,OWD,MA,ANE,EN,Federal Contract Tower,0,6,10,0,16,0,6,158,0,164,0,12,168,0,180,170,0,170,350
09/05/2020,OWD,MA,ANE,EN,Federal Contract Tower,0,4,18,0,22,0,2,172,0,174,0,6,190,0,196,144,0,144,340
09/06/2020,OWD,MA,ANE,EN,Federal Contract Tower,0,2,8,0,10,0,16,112,0,128,0,18,120,0,138,96,0,96,234
09/07/2020,OWD,MA,ANE,EN,Federal Contract Tower,0,8,7,0,15,0,8,107,0,115,0,16,114,0,130,52,0,52,182
09/08/2020,OWD,MA,ANE,EN,Federal Contract Tower,0,4,26,0,30,0,18,90,0,108,0,22,116,0,138,132,0,132,270
09/09/2020,OWD,MA,ANE,EN,Federal Contract Tower,0,4,21,0,25,0,8,119,0,127,0,12,140,0,152,128,0,128,280
09/10/2020,OWD,MA,ANE,EN,Federal Contract Tower,0,9,14,0,23,0,0,1,0,1,0,9,15,0,24,0,0,0,24
09/11/2020,OWD,MA,ANE,EN,Federal Contract Tower,0,14,28,0,42,0,4,76,0,80,0,18,104,0,122,100,0,100,222
09/12/2020,OWD,MA,ANE,EN,Federal Contract Tower,0,10,11,0,21,0,0,158,0,158,0,10,169,0,179,52,0,52,231
09/13/2020,OWD,MA,ANE,EN,Federal Contract Tower,0,7,20,0,27,0,1,109,0,110,0,8,129,0,137,232,0,232,369
09/14/2020,OWD,MA,ANE,EN,Federal Contract Tower,0,6,6,0,12,0,12,97,1,110,0,18,103,1,122,146,0,146,268
09/15/2020,OWD,MA,ANE,EN,Federal Contract Tower,0,9,2,1,12,0,6,106,0,112,0,15,108,1,124,126,0,126,250
09/16/2020,OWD,MA,ANE,EN,Federal Contract Tower,0,5,11,0,16,0,14,83,0,97,0,19,94,0,113,54,0,54,167
09/17/2020,OWD,MA,ANE,EN,Federal Contract Tower,0,6,4,0,10,0,2,108,0,110,0,8,112,0,120,46,0,46,166
09/18/2020,OWD,MA,ANE,EN,Federal Contract Tower,0,12,24,0,36,0,1,85,0,86,0,13,109,0,122,92,0,92,214
09/19/2020,OWD,MA,ANE,EN,Federal Contract Tower,0,11,17,0,28,0,1,105,0,106,0,12,122,0,134,160,0,160,294
09/20/2020,OWD,MA,ANE,EN,Federal Contract Tower,0,10,12,0,22,0,3,93,0,96,0,13,105,0,118,18,0,18,136
09/21/2020,OWD,MA,ANE,EN,Federal Contract Tower,0,5,7,0,12,0,8,91,0,99,0,13,98,0,111,58,0,58,169
09/22/2020,OWD,MA,ANE,EN,Federal Contract Tower,0,6,3,0,9,0,8,42,0,50,0,14,45,0,59,100,0,100,159
09/23/2020,OWD,MA,ANE,EN,Federal Contract Tower,0,5,9,0,14,0,7,118,0,125,0,12,127,0,139,80,0,80,219
09/24/2020,OWD,MA,ANE,EN,Federal Contract Tower,0,4,2,0,6,0,6,114,0,120,0,10,116,0,126,184,0,184,310
09/25/2020,OWD,MA,ANE,EN,Federal Contract Tower,0,15,17,0,32,0,12,136,0,148,0,27,153,0,180,108,0,108,288
09/26/2020,OWD,MA,ANE,EN,Federal Contract Tower,0,7,21,0,28,0,1,126,0,127,0,8,147,0,155,100,0,100,255
09/27/2020,OWD,MA,ANE,EN,Federal Contract Tower,0,6,26,0,32,0,6,71,0,77,0,12,97,0,109,44,0,44,153
09/28/2020,OWD,MA,ANE,EN,Federal Contract Tower,0,9,14,0,23,0,4,83,0,87,0,13,97,0,110,184,0,184,294
09/29/2020,OWD,MA,ANE,EN,Federal Contract Tower,0,5,25,0,30,0,12,67,0,79,0,17,92,0,109,80,0,80,189
09/30/2020,OWD,MA,ANE,EN,Federal Contract Tower,0,6,14,0,20,0,4,12,0,16,0,10,26,0,36,28,0,28,64
10/01/2020,OWD,MA,ANE,EN,Federal Contract Tower,0,4,8,0,12,0,6,122,0,128,0,10,130,0,140,144,0,144,284
10/02/2020,OWD,MA,ANE,EN,Federal Contract Tower,0,4,17,3,24,0,3,114,0,117,0,7,131,3,141,70,0,70,211
10/03/2020,OWD,MA,ANE,EN,Federal Contract Tower,0,5,7,0,12,0,6,136,0,142,0,11,143,0,154,88,0,88,242
10/04/2020,OWD,MA,ANE,EN,Federal Contract Tower,0,5,8,0,13,0,4,162,0,166,0,9,170,0,179,52,0,52,231
10/05/2020,OWD,MA,ANE,EN,Federal Contract Tower,0,3,24,0,27,0,8,101,0,109,0,11,125,0,136,154,0,154,290
10/06/2020,OWD,MA,ANE,EN,Federal Contract Tower,0,2,13,0,15,0,18,132,0,150,0,20,145,0,165,116,0,116,281
10/07/2020,OWD,MA,ANE,EN,Federal Contract Tower,0,2,4,0,6,0,5,37,0,42,0,7,41,0,48,18,0,18,66
10/08/2020,OWD,MA,ANE,EN,Federal Contract Tower,0,5,7,0,12,0,6,54,0,60,0,11,61,0,72,0,0,0,72
10/09/2020,OWD,MA,ANE,EN,Federal Contract Tower,0,9,16,0,25,0,8,194,0,202,0,17,210,0,227,128,0,128,355
10/10/2020,OWD,MA,ANE,EN,Federal Contract Tower,0,5,6,0,11,0,0,64,0,64,0,5,70,0,75,2,0,2,77
10/11/2020,OWD,MA,ANE,EN,Federal Contract Tower,0,8,16,0,24,0,5,186,0,191,0,13,202,0,215,80,0,80,295
10/12/2020,OWD,MA,ANE,EN,Federal Contract Tower,0,12,27,0,39,0,4,67,0,71,0,16,94,0,110,156,0,156,266
10/13/2020,OWD,MA,ANE,EN,Federal Contract Tower,0,5,10,0,15,0,0,0,0,0,0,5,10,0,15,0,0,0,15
10/14/2020,OWD,MA,ANE,EN,Federal Contract Tower,0,0,8,0,8,0,16,175,0,191,0,16,183,0,199,188,0,188,387
10/15/2020,OWD,MA,ANE,EN,Federal Contract Tower,0,10,14,0,24,0,7,81,0,88,0,17,95,0,112,38,0,38,150
10/17/2020,OWD,MA,ANE,EN,Federal Contract Tower,0,6,15,0,21,0,0,50,0,50,0,6,65,0,71,16,0,16,87
10/18/2020,OWD,MA,ANE,EN,Federal Contract Tower,0,1,14,0,15,0,0,210,0,210,0,1,224,0,225,150,0,150,375
10/19/2020,OWD,MA,ANE,EN,Federal Contract Tower,0,3,11,0,14,0,10,173,0,183,0,13,184,0,197,250,0,250,447
10/20/2020,OWD,MA,ANE,EN,Federal Contract Tower,0,8,31,0,39,0,7,30,0,37,0,15,61,0,76,102,0,102,178
10/21/2020,OWD,MA,ANE,EN,Federal Contract Tower,0,7,6,0,13,0,5,24,0,29,0,12,30,0,42,46,0,46,88
10/22/2020,OWD,MA,ANE,EN,Federal Contract Tower,0,3,26,0,29,0,21,108,0,129,0,24,134,0,158,124,0,124,282
10/23/2020,OWD,MA,ANE,EN,Federal Contract Tower,0,9,21,0,30,0,10,103,0,113,0,19,124,0,143,92,0,92,235
10/24/2020,OWD,MA,ANE,EN,Federal Contract Tower,0,7,21,0,28,0,1,84,0,85,0,8,105,0,113,120,0,120,233
10/25/2020,OWD,MA,ANE,EN,Federal Contract Tower,0,5,13,0,18,0,0,147,0,147,0,5,160,0,165,116,0,116,281
10/26/2020,OWD,MA,ANE,EN,Federal Contract Tower,0,4,19,0,23,0,0,28,0,28,0,4,47,0,51,120,0,120,171
10/27/2020,OWD,MA,ANE,EN,Federal Contract Tower,0,4,22,0,26,0,12,93,0,105,0,16,115,0,131,4,0,4,135
10/28/2020,OWD,MA,ANE,EN,Federal Contract Tower,0,0,20,0,20,0,2,2,0,4,0,2,22,0,24,2,0,2,26
10/29/2020,OWD,MA,ANE,EN,Federal Contract Tower,0,1,21,0,22,0,1,32,0,33,0,2,53,0,55,66,0,66,121
10/30/2020,OWD,MA,ANE,EN,Federal Contract Tower,0,0,1,0,1,0,0,1,0,1,0,0,2,0,2,6,0,6,8
10/31/2020,OWD,MA,ANE,EN,Federal Contract Tower,0,0,6,0,6,0,1,130,0,131,0,1,136,0,137,54,0,54,191
11/01/2020,OWD,MA,ANE,EN,Federal Contract Tower,0,4,12,0,16,0,0,62,0,62,0,4,74,0,78,64,0,64,142
11/02/2020,OWD,MA,ANE,EN,Federal Contract Tower,0,3,2,0,5,0,2,14,0,16,0,5,16,0,21,0,0,0,21
11/03/2020,OWD,MA,ANE,EN,Federal Contract Tower,0,4,6,0,10,0,8,34,0,42,0,12,40,0,52,4,0,4,56
11/04/2020,OWD,MA,ANE,EN,Federal Contract Tower,0,4,10,0,14,0,9,110,0,119,0,13,120,0,133,40,0,40,173
11/05/2020,OWD,MA,ANE,EN,Federal Contract Tower,0,1,3,0,4,0,3,76,0,79,0,4,79,0,83,46,0,46,129
11/06/2020,OWD,MA,ANE,EN,Federal Contract Tower,0,2,4,0,6,0,3,110,0,113,0,5,114,0,119,82,0,82,201
11/07/2020,OWD,MA,ANE,EN,Federal Contract Tower,0,1,7,1,9,0,1,163,0,164,0,2,170,1,173,88,0,88,261
11/08/2020,OWD,MA,ANE,EN,Federal Contract Tower,0,0,13,0,13,0,1,163,0,164,0,1,176,0,177,122,0,122,299
11/09/2020,OWD,MA,ANE,EN,Federal Contract Tower,0,1,2,0,3,0,10,139,0,149,0,11,141,0,152,105,0,105,257
11/10/2020,OWD,MA,ANE,EN,Federal Contract Tower,0,2,14,0,16,0,5,95,0,100,0,7,109,0,116,62,0,62,178
11/11/2020,OWD,MA,ANE,EN,Federal Contract Tower,0,6,21,0,27,0,5,26,0,31,0,11,47,0,58,20,0,20,78
11/12/2020,OWD,MA,ANE,EN,Federal Contract Tower,0,3,16,0,19,0,4,65,0,69,0,7,81,0,88,78,0,78,166
11/13/2020,OWD,MA,ANE,EN,Federal Contract Tower,0,4,11,0,15,0,0,0,0,0,0,4,11,0,15,0,0,0,15
11/14/2020,OWD,MA,ANE,EN,Federal Contract Tower,0,3,9,0,12,0,2,152,0,154,0,5,161,0,166,96,0,96,262
11/15/2020,OWD,MA,ANE,EN,Federal Contract Tower,0,5,9,0,14,0,0,111,0,111,0,5,120,0,125,120,0,120,245
11/16/2020,OWD,MA,ANE,EN,Federal Contract Tower,0,5,1,0,6,0,8,58,0,66,0,13,59,0,72,12,0,12,84
11/17/2020,OWD,MA,ANE,EN,Federal Contract Tower,0,3,15,0,18,0,11,116,0,127,0,14,131,0,145,80,0,80,225
11/18/2020,OWD,MA,ANE,EN,Federal Contract Tower,0,4,8,0,12,0,6,64,0,70,0,10,72,0,82,30,0,30,112
11/19/2020,OWD,MA,ANE,EN,Federal Contract Tower,0,1,8,0,9,0,7,109,0,116,0,8,117,0,125,30,0,30,155
11/20/2020,OWD,MA,ANE,EN,Federal Contract Tower,0,4,12,0,16,0,13,83,2,98,0,17,95,2,114,8,6,14,128
11/21/2020,OWD,MA,ANE,EN,Federal Contract Tower,0,1,20,0,21,0,0,161,0,161,0,1,181,0,182,140,0,140,322
11/22/2020,OWD,MA,ANE,EN,Federal Contract Tower,0,3,20,0,23,0,0,89,0,89,0,3,109,0,112,88,0,88,200
11/23/2020,OWD,MA,ANE,EN,Federal Contract Tower,0,2,6,0,8,0,0,5,0,5,0,2,11,0,13,12,0,12,25
11/24/2020,OWD,MA,ANE,EN,Federal Contract Tower,0,4,6,0,10,0,15,102,0,117,0,19,108,0,127,48,0,48,175
11/25/2020,OWD,MA,ANE,EN,Federal Contract Tower,0,2,12,0,14,0,18,88,0,106,0,20,100,0,120,88,0,88,208
11/26/2020,OWD,MA,ANE,EN,Federal Contract Tower,0,2,5,0,7,0,0,0,0,0,0,2,5,0,7,0,0,0,7
11/27/2020,OWD,MA,ANE,EN,Federal Contract Tower,0,1,5,0,6,0,6,100,0,106,0,7,105,0,112,44,0,44,156
11/28/2020,OWD,MA,ANE,EN,Federal Contract Tower,0,1,21,0,22,0,0,132,0,132,0,1,153,0,154,92,0,92,246
11/29/2020,OWD,MA,ANE,EN,Federal Contract Tower,0,5,16,0,21,0,1,141,0,142,0,6,157,0,163,80,0,80,243
11/30/2020,OWD,MA,ANE,EN,Federal Contract Tower,0,5,5,0,10,0,0,32,0,32,0,5,37,0,42,20,0,20,62
12/01/2020,OWD,MA,ANE,EN,Federal Contract Tower,0,0,10,0,10,0,6,32,0,38,0,6,42,0,48,48,0,48,96
12/02/2020,OWD,MA,ANE,EN,Federal Contract Tower,0,3,14,0,17,0,8,75,0,83,0,11,89,0,100,122,12,134,234
12/03/2020,OWD,MA,ANE,EN,Federal Contract Tower,0,3,9,0,12,0,9,136,0,145,0,12,145,0,157,62,0,62,219
12/04/2020,OWD,MA,ANE,EN,Federal Contract Tower,0,8,15,0,23,0,6,73,0,79,0,14,88,0,102,34,0,34,136
12/05/2020,OWD,MA,ANE,EN,Federal Contract Tower,0,2,0,0,2,0,0,0,0,0,0,2,0,0,2,0,0,0,2
12/06/2020,OWD,MA,ANE,EN,Federal Contract Tower,0,1,6,0,7,0,0,28,0,28,0,1,34,0,35,10,0,10,45
12/07/2020,OWD,MA,ANE,EN,Federal Contract Tower,0,3,3,0,6,0,6,95,0,101,0,9,98,0,107,124,0,124,231
12/08/2020,OWD,MA,ANE,EN,Federal Contract Tower,0,1,7,0,8,0,3,61,0,64,0,4,68,0,72,76,0,76,148
12/09/2020,OWD,MA,ANE,EN,Federal Contract Tower,0,2,13,0,15,0,2,100,2,104,0,4,113,2,119,68,0,68,187
12/10/2020,OWD,MA,ANE,EN,Federal Contract Tower,0,1,12,0,13,0,6,75,0,81,0,7,87,0,94,74,0,74,168
12/11/2020,OWD,MA,ANE,EN,Federal Contract Tower,0,3,6,0,9,0,6,141,0,147,0,9,147,0,156,96,0,96,252
12/12/2020,OWD,MA,ANE,EN,Federal Contract Tower,0,1,3,0,4,0,0,0,0,0,0,1,3,0,4,0,0,0,4
12/13/2020,OWD,MA,ANE,EN,Federal Contract Tower,0,1,4,0,5,0,7,96,7,110,0,8,100,7,115,76,0,76,191
12/14/2020,OWD,MA,ANE,EN,Federal Contract Tower,0,1,4,0,5,0,0,20,0,20,0,1,24,0,25,40,0,40,65
12/15/2020,OWD,MA,ANE,EN,Federal Contract Tower,0,0,10,0,10,0,8,60,0,68,0,8,70,0,78,32,0,32,110
12/16/2020,OWD,MA,ANE,EN,Federal Contract Tower,0,3,10,0,13,0,7,96,0,103,0,10,106,0,116,90,2,92,208
12/17/2020,OWD,MA,ANE,EN,Federal Contract Tower,0,0,0,0,0,0,0,0,0,0,0,0,0,0,0,0,0,0,0
12/18/2020,OWD,MA,ANE,EN,Federal Contract Tower,0,0,3,0,3,0,7,25,0,32,0,7,28,0,35,32,0,32,67
12/19/2020,OWD,MA,ANE,EN,Federal Contract Tower,0,0,14,0,14,0,0,89,0,89,0,0,103,0,103,50,0,50,153
12/20/2020,OWD,MA,ANE,EN,Federal Contract Tower,0,0,4,0,4,0,0,66,0,66,0,0,70,0,70,64,0,64,134
12/21/2020,OWD,MA,ANE,EN,Federal Contract Tower,0,0,0,0,0,0,0,0,0,0,0,0,0,0,0,0,0,0,0
12/22/2020,OWD,MA,ANE,EN,Federal Contract Tower,0,0,11,0,11,0,11,105,0,116,0,11,116,0,127,112,0,112,239
12/23/2020,OWD,MA,ANE,EN,Federal Contract Tower,0,0,14,1,15,0,9,120,0,129,0,9,134,1,144,62,0,62,206
12/24/2020,OWD,MA,ANE,EN,Federal Contract Tower,0,2,1,0,3,0,7,32,0,39,0,9,33,0,42,14,0,14,56
12/25/2020,OWD,MA,ANE,EN,Federal Contract Tower,0,0,1,0,1,0,0,0,0,0,0,0,1,0,1,0,0,0,1
12/26/2020,OWD,MA,ANE,EN,Federal Contract Tower,0,4,6,0,10,0,2,47,0,49,0,6,53,0,59,32,0,32,91
12/27/2020,OWD,MA,ANE,EN,Federal Contract Tower,0,0,12,0,12,0,0,104,0,104,0,0,116,0,116,102,0,102,218
12/28/2020,OWD,MA,ANE,EN,Federal Contract Tower,0,6,5,0,11,0,10,52,0,62,0,16,57,0,73,64,0,64,137
12/29/2020,OWD,MA,ANE,EN,Federal Contract Tower,0,3,6,1,10,0,11,21,0,32,0,14,27,1,42,20,2,22,64
12/30/2020,OWD,MA,ANE,EN,Federal Contract Tower,0,3,9,0,12,0,5,81,0,86,0,8,90,0,98,110,0,110,208
12/31/2020,OWD,MA,ANE,EN,Federal Contract Tower,0,1,4,0,5,0,6,38,0,44,0,7,42,0,49,32,0,32,81
01/01/2021,OWD,MA,ANE,EN,Federal Contract Tower,0,0,6,0,6,0,0,24,0,24,0,0,30,0,30,2,0,2,32
01/02/2021,OWD,MA,ANE,EN,Federal Contract Tower,0,3,13,0,16,0,0,23,0,23,0,3,36,0,39,0,0,0,39
01/03/2021,OWD,MA,ANE,EN,Federal Contract Tower,0,1,9,0,10,0,0,36,0,36,0,1,45,0,46,218,0,218,264
01/04/2021,OWD,MA,ANE,EN,Federal Contract Tower,0,0,5,0,5,0,9,24,0,33,0,9,29,0,38,46,0,46,84
01/05/2021,OWD,MA,ANE,EN,Federal Contract Tower,0,0,4,0,4,0,5,3,0,8,0,5,7,0,12,0,0,0,12
01/06/2021,OWD,MA,ANE,EN,Federal Contract Tower,0,1,15,2,18,0,9,101,0,110,0,10,116,2,128,84,0,84,212
01/07/2021,OWD,MA,ANE,EN,Federal Contract Tower,0,0,6,0,6,0,17,131,0,148,0,17,137,0,154,122,0,122,276
01/09/2021,OWD,MA,ANE,EN,Federal Contract Tower,0,1,15,0,16,0,1,122,0,123,0,2,137,0,139,112,0,112,251
01/10/2021,OWD,MA,ANE,EN,Federal Contract Tower,0,2,8,0,10,0,0,116,0,116,0,2,124,0,126,140,0,140,266
01/11/2021,OWD,MA,ANE,EN,Federal Contract Tower,0,0,14,0,14,0,5,78,0,83,0,5,92,0,97,52,0,52,149
01/12/2021,OWD,MA,ANE,EN,Federal Contract Tower,0,2,3,0,5,0,7,94,0,101,0,9,97,0,106,34,0,34,140
01/13/2021,OWD,MA,ANE,EN,Federal Contract Tower,0,1,9,0,10,0,2,83,0,85,0,3,92,0,95,118,0,118,213
01/14/2021,OWD,MA,ANE,EN,Federal Contract Tower,0,0,14,2,16,0,4,13,0,17,0,4,27,2,33,8,0,8,41
01/15/2021,OWD,MA,ANE,EN,Federal Contract Tower,0,2,12,0,14,0,6,77,0,83,0,8,89,0,97,118,0,118,215
01/16/2021,OWD,MA,ANE,EN,Federal Contract Tower,0,2,1,0,3,0,0,0,0,0,0,2,1,0,3,2,0,2,5
01/17/2021,OWD,MA,ANE,EN,Federal Contract Tower,0,2,2,0,4,0,0,6,0,6,0,2,8,0,10,6,0,6,16
01/18/2021,OWD,MA,ANE,EN,Federal Contract Tower,0,0,8,0,8,0,9,118,0,127,0,9,126,0,135,54,0,54,189
01/19/2021,OWD,MA,ANE,EN,Federal Contract Tower,0,0,3,0,3,0,16,77,0,93,0,16,80,0,96,66,0,66,162
01/20/2021,OWD,MA,ANE,EN,Federal Contract Tower,0,4,9,0,13,0,13,58,0,71,0,17,67,0,84,110,0,110,194
01/21/2021,OWD,MA,ANE,EN,Federal Contract Tower,0,0,7,0,7,0,6,35,0,41,0,6,42,0,48,10,0,10,58
01/22/2021,OWD,MA,ANE,EN,Federal Contract Tower,0,0,8,0,8,0,5,120,0,125,0,5,128,0,133,82,0,82,215
01/23/2021,OWD,MA,ANE,EN,Federal Contract Tower,0,0,6,0,6,0,2,29,0,31,0,2,35,0,37,16,0,16,53
01/24/2021,OWD,MA,ANE,EN,Federal Contract Tower,0,1,7,0,8,0,2,7,0,9,0,3,14,0,17,0,0,0,17
01/25/2021,OWD,MA,ANE,EN,Federal Contract Tower,0,0,6,0,6,0,11,75,0,86,0,11,81,0,92,58,0,58,150
01/26/2021,OWD,MA,ANE,EN,Federal Contract Tower,0,2,7,0,9,0,5,71,0,76,0,7,78,0,85,76,0,76,161
01/27/2021,OWD,MA,ANE,EN,Federal Contract Tower,0,2,1,0,3,0,0,0,0,0,0,2,1,0,3,0,0,0,3
01/28/2021,OWD,MA,ANE,EN,Federal Contract Tower,0,3,1,0,4,0,2,5,0,7,0,5,6,0,11,0,0,0,11
01/29/2021,OWD,MA,ANE,EN,Federal Contract Tower,0,2,7,0,9,0,2,12,0,14,0,4,19,0,23,0,0,0,23
01/31/2021,OWD,MA,ANE,EN,Federal Contract Tower,0,1,20,0,21,0,1,130,0,131,0,2,150,0,152,94,0,94,246
02/01/2021,OWD,MA,ANE,EN,Federal Contract Tower,0,0,0,0,0,0,0,1,0,1,0,0,1,0,1,0,0,0,1
02/03/2021,OWD,MA,ANE,EN,Federal Contract Tower,0,3,6,0,9,0,10,33,0,43,0,13,39,0,52,34,0,34,86
02/04/2021,OWD,MA,ANE,EN,Federal Contract Tower,0,5,14,0,19,0,9,94,0,103,0,14,108,0,122,144,0,144,266
02/05/2021,OWD,MA,ANE,EN,Federal Contract Tower,0,1,7,0,8,0,7,10,0,17,0,8,17,0,25,38,0,38,63
02/06/2021,OWD,MA,ANE,EN,Federal Contract Tower,0,0,5,0,5,0,0,73,0,73,0,0,78,0,78,42,0,42,120
02/07/2021,OWD,MA,ANE,EN,Federal Contract Tower,0,0,2,0,2,0,0,20,0,20,0,0,22,0,22,18,0,18,40
02/08/2021,OWD,MA,ANE,EN,Federal Contract Tower,0,0,3,0,3,0,4,38,0,42,0,4,41,0,45,38,0,38,83
02/09/2021,OWD,MA,ANE,EN,Federal Contract Tower,0,0,0,0,0,0,3,20,0,23,0,3,20,0,23,2,0,2,25
02/10/2021,OWD,MA,ANE,EN,Federal Contract Tower,0,1,6,0,7,0,15,89,0,104,0,16,95,0,111,62,0,62,173
02/11/2021,OWD,MA,ANE,EN,Federal Contract Tower,0,1,6,0,7,0,7,115,0,122,0,8,121,0,129,98,0,98,227
02/12/2021,OWD,MA,ANE,EN,Federal Contract Tower,0,6,11,0,17,0,5,102,0,107,0,11,113,0,124,64,0,64,188
02/13/2021,OWD,MA,ANE,EN,Federal Contract Tower,0,2,6,0,8,0,1,157,0,158,0,3,163,0,166,98,0,98,264
02/14/2021,OWD,MA,ANE,EN,Federal Contract Tower,0,0,1,0,1,0,0,26,0,26,0,0,27,0,27,90,0,90,117
02/15/2021,OWD,MA,ANE,EN,Federal Contract Tower,0,1,6,0,7,0,0,12,0,12,0,1,18,0,19,48,0,48,67
02/16/2021,OWD,MA,ANE,EN,Federal Contract Tower,0,1,1,0,2,0,0,0,0,0,0,1,1,0,2,0,0,0,2
02/17/2021,OWD,MA,ANE,EN,Federal Contract Tower,0,1,4,0,5,0,15,98,0,113,0,16,102,0,118,74,0,74,192
02/18/2021,OWD,MA,ANE,EN,Federal Contract Tower,0,0,1,0,1,0,2,55,0,57,0,2,56,0,58,86,0,86,144
02/19/2021,OWD,MA,ANE,EN,Federal Contract Tower,0,0,0,0,0,0,0,0,0,0,0,0,0,0,0,0,0,0,0
02/20/2021,OWD,MA,ANE,EN,Federal Contract Tower,0,1,7,0,8,0,2,101,0,103,0,3,108,0,111,50,0,50,161
02/21/2021,OWD,MA,ANE,EN,Federal Contract Tower,0,1,11,0,12,0,2,156,0,158,0,3,167,0,170,104,0,104,274
02/22/2021,OWD,MA,ANE,EN,Federal Contract Tower,0,2,1,0,3,0,9,31,0,40,0,11,32,0,43,74,0,74,117
02/23/2021,OWD,MA,ANE,EN,Federal Contract Tower,0,6,4,2,12,0,13,137,0,150,0,19,141,2,162,80,0,80,242
02/24/2021,OWD,MA,ANE,EN,Federal Contract Tower,0,3,11,0,14,0,7,101,0,108,0,10,112,0,122,104,0,104,226
02/25/2021,OWD,MA,ANE,EN,Federal Contract Tower,0,2,8,1,11,0,4,33,0,37,0,6,41,1,48,12,8,20,68
02/26/2021,OWD,MA,ANE,EN,Federal Contract Tower,0,2,10,0,12,0,6,155,0,161,0,8,165,0,173,126,0,126,299
02/27/2021,OWD,MA,ANE,EN,Federal Contract Tower,0,0,3,0,3,0,0,0,0,0,0,0,3,0,3,0,0,0,3
02/28/2021,OWD,MA,ANE,EN,Federal Contract Tower,0,1,10,0,11,0,1,123,0,124,0,2,133,0,135,116,0,116,251
03/01/2021,OWD,MA,ANE,EN,Federal Contract Tower,0,0,8,0,8,0,2,13,0,15,0,2,21,0,23,12,0,12,35
03/02/2021,OWD,MA,ANE,EN,Federal Contract Tower,0,1,1,1,3,0,0,1,0,1,0,1,2,1,4,0,0,0,4
03/03/2021,OWD,MA,ANE,EN,Federal Contract Tower,0,3,1,0,4,0,8,85,0,93,0,11,86,0,97,128,0,128,225
03/04/2021,OWD,MA,ANE,EN,Federal Contract Tower,0,0,9,0,9,0,8,74,0,82,0,8,83,0,91,46,0,46,137
03/05/2021,OWD,MA,ANE,EN,Federal Contract Tower,0,4,1,0,5,0,7,44,0,51,0,11,45,0,56,16,0,16,72
03/06/2021,OWD,MA,ANE,EN,Federal Contract Tower,0,0,7,0,7,0,0,146,0,146,0,0,153,0,153,46,0,46,199
03/07/2021,OWD,MA,ANE,EN,Federal Contract Tower,0,1,19,0,20,0,2,148,0,150,0,3,167,0,170,100,0,100,270
03/08/2021,OWD,MA,ANE,EN,Federal Contract Tower,0,7,9,0,16,0,2,119,0,121,0,9,128,0,137,110,0,110,247
03/09/2021,OWD,MA,ANE,EN,Federal Contract Tower,0,0,7,1,8,0,3,82,0,85,0,3,89,1,93,54,0,54,147
03/10/2021,OWD,MA,ANE,EN,Federal Contract Tower,0,0,8,0,8,0,9,98,0,107,0,9,106,0,115,56,0,56,171
03/11/2021,OWD,MA,ANE,EN,Federal Contract Tower,0,1,5,0,6,0,4,84,0,88,0,5,89,0,94,90,0,90,184
03/12/2021,OWD,MA,ANE,EN,Federal Contract Tower,0,0,9,0,9,0,2,65,0,67,0,2,74,0,76,28,0,28,104
03/13/2021,OWD,MA,ANE,EN,Federal Contract Tower,0,0,3,0,3,0,0,80,0,80,0,0,83,0,83,50,0,50,133
03/14/2021,OWD,MA,ANE,EN,Federal Contract Tower,0,1,1,0,2,0,0,17,0,17,0,1,18,0,19,14,0,14,33
03/15/2021,OWD,MA,ANE,EN,Federal Contract Tower,0,2,1,0,3,0,4,20,0,24,0,6,21,0,27,2,0,2,29
03/16/2021,OWD,MA,ANE,EN,Federal Contract Tower,0,1,8,0,9,0,13,88,0,101,0,14,96,0,110,138,0,138,248
03/17/2021,OWD,MA,ANE,EN,Federal Contract Tower,0,0,12,0,12,0,8,82,0,90,0,8,94,0,102,134,0,134,236
03/18/2021,OWD,MA,ANE,EN,Federal Contract Tower,0,1,13,0,14,0,3,9,0,12,0,4,22,0,26,88,0,88,114
03/19/2021,OWD,MA,ANE,EN,Federal Contract Tower,0,0,2,0,2,0,7,27,0,34,0,7,29,0,36,26,0,26,62
03/20/2021,OWD,MA,ANE,EN,Federal Contract Tower,0,0,16,0,16,0,2,153,0,155,0,2,169,0,171,72,0,72,243
03/21/2021,OWD,MA,ANE,EN,Federal Contract Tower,0,2,12,0,14,0,6,156,0,162,0,8,168,0,176,190,0,190,366
03/22/2021,OWD,MA,ANE,EN,Federal Contract Tower,0,3,5,0,8,0,4,124,0,128,0,7,129,0,136,148,0,148,284
03/23/2021,OWD,MA,ANE,EN,Federal Contract Tower,0,1,11,0,12,0,17,117,0,134,0,18,128,0,146,92,0,92,238
03/24/2021,OWD,MA,ANE,EN,Federal Contract Tower,0,6,10,0,16,0,21,104,0,125,0,27,114,0,141,120,0,120,261
03/25/2021,OWD,MA,ANE,EN,Federal Contract Tower,0,4,26,0,30,0,4,25,0,29,0,8,51,0,59,58,0,58,117
03/26/2021,OWD,MA,ANE,EN,Federal Contract Tower,0,0,4,0,4,0,0,4,0,4,0,0,8,0,8,24,0,24,32
03/27/2021,OWD,MA,ANE,EN,Federal Contract Tower,0,1,9,0,10,0,4,173,0,177,0,5,182,0,187,130,0,130,317
03/28/2021,OWD,MA,ANE,EN,Federal Contract Tower,0,0,12,0,12,0,0,7,0,7,0,0,19,0,19,6,0,6,25
03/29/2021,OWD,MA,ANE,EN,Federal Contract Tower,0,0,6,0,6,0,0,5,0,5,0,0,11,0,11,0,0,0,11
03/30/2021,OWD,MA,ANE,EN,Federal Contract Tower,0,6,5,0,11,0,10,145,0,155,0,16,150,0,166,79,0,79,245
03/31/2021,OWD,MA,ANE,EN,Federal Contract Tower,0,4,5,0,9,0,11,35,2,48,0,15,40,2,57,20,0,20,77
04/01/2021,OWD,MA,ANE,EN,Federal Contract Tower,0,1,14,0,15,0,0,16,0,16,0,1,30,0,31,38,0,38,69
04/02/2021,OWD,MA,ANE,EN,Federal Contract Tower,0,2,12,0,14,0,15,82,0,97,0,17,94,0,111,76,0,76,187
04/03/2021,OWD,MA,ANE,EN,Federal Contract Tower,0,0,3,0,3,0,2,187,0,189,0,2,190,0,192,162,0,162,354
04/04/2021,OWD,MA,ANE,EN,Federal Contract Tower,0,5,10,0,15,0,0,145,0,145,0,5,155,0,160,32,0,32,192
04/05/2021,OWD,MA,ANE,EN,Federal Contract Tower,0,4,12,0,16,0,0,51,0,51,0,4,63,0,67,37,0,37,104
04/06/2021,OWD,MA,ANE,EN,Federal Contract Tower,0,2,10,0,12,0,8,131,0,139,0,10,141,0,151,69,0,69,220
04/07/2021,OWD,MA,ANE,EN,Federal Contract Tower,0,8,10,0,18,0,7,121,0,128,0,15,131,0,146,204,0,204,350
04/08/2021,OWD,MA,ANE,EN,Federal Contract Tower,0,2,17,0,19,0,4,143,4,151,0,6,160,4,170,136,0,136,306
04/09/2021,OWD,MA,ANE,EN,Federal Contract Tower,0,1,8,0,9,0,3,158,0,161,0,4,166,0,170,200,0,200,370
04/10/2021,OWD,MA,ANE,EN,Federal Contract Tower,0,3,11,0,14,0,0,191,0,191,0,3,202,0,205,124,0,124,329
04/11/2021,OWD,MA,ANE,EN,Federal Contract Tower,0,0,14,0,14,0,0,0,0,0,0,0,14,0,14,0,0,0,14
04/12/2021,OWD,MA,ANE,EN,Federal Contract Tower,0,1,16,0,17,0,0,3,0,3,0,1,19,0,20,6,0,6,26
04/13/2021,OWD,MA,ANE,EN,Federal Contract Tower,0,3,12,0,15,0,1,90,0,91,0,4,102,0,106,124,0,124,230
04/14/2021,OWD,MA,ANE,EN,Federal Contract Tower,0,5,12,0,17,0,5,94,0,99,0,10,106,0,116,142,0,142,258
04/15/2021,OWD,MA,ANE,EN,Federal Contract Tower,0,2,10,0,12,0,1,86,0,87,0,3,96,0,99,182,0,182,281
04/16/2021,OWD,MA,ANE,EN,Federal Contract Tower,0,2,3,0,5,0,0,0,0,0,0,2,3,0,5,0,0,0,5
04/17/2021,OWD,MA,ANE,EN,Federal Contract Tower,0,0,7,0,7,0,0,44,0,44,0,0,51,0,51,72,0,72,123
04/18/2021,OWD,MA,ANE,EN,Federal Contract Tower,0,5,18,0,23,0,0,125,0,125,0,5,143,0,148,108,0,108,256
04/19/2021,OWD,MA,ANE,EN,Federal Contract Tower,0,0,14,0,14,0,0,155,0,155,0,0,169,0,169,206,0,206,375
04/20/2021,OWD,MA,ANE,EN,Federal Contract Tower,0,2,14,0,16,0,2,88,0,90,0,4,102,0,106,104,0,104,210
04/21/2021,OWD,MA,ANE,EN,Federal Contract Tower,0,0,14,0,14,0,0,31,0,31,0,0,45,0,45,0,0,0,45
04/22/2021,OWD,MA,ANE,EN,Federal Contract Tower,0,5,8,0,13,0,2,10,0,12,0,7,18,0,25,0,0,0,25
04/23/2021,OWD,MA,ANE,EN,Federal Contract Tower,0,0,6,0,6,0,3,26,0,29,0,3,32,0,35,8,0,8,43
04/24/2021,OWD,MA,ANE,EN,Federal Contract Tower,0,5,13,0,18,0,0,158,0,158,0,5,171,0,176,96,0,96,272
04/25/2021,OWD,MA,ANE,EN,Federal Contract Tower,0,7,17,0,24,0,0,25,0,25,0,7,42,0,49,0,0,0,49
04/26/2021,OWD,MA,ANE,EN,Federal Contract Tower,0,0,7,0,7,0,0,23,0,23,0,0,30,0,30,0,0,0,30
04/27/2021,OWD,MA,ANE,EN,Federal Contract Tower,0,2,11,0,13,0,2,141,0,143,0,4,152,0,156,222,0,222,378
04/28/2021,OWD,MA,ANE,EN,Federal Contract Tower,0,1,9,0,10,0,5,101,0,106,0,6,110,0,116,192,0,192,308
04/29/2021,OWD,MA,ANE,EN,Federal Contract Tower,0,2,17,0,19,0,0,2,0,2,0,2,19,0,21,48,0,48,69
04/30/2021,OWD,MA,ANE,EN,Federal Contract Tower,0,6,11,0,17,0,3,20,0,23,0,9,31,0,40,1,2,3,43
05/01/2021,OWD,MA,ANE,EN,Federal Contract Tower,0,1,12,0,13,0,0,157,0,157,0,1,169,0,170,46,0,46,216
05/02/2021,OWD,MA,ANE,EN,Federal Contract Tower,0,4,7,0,11,0,5,195,0,200,0,9,202,0,211,56,0,56,267
05/03/2021,OWD,MA,ANE,EN,Federal Contract Tower,0,0,17,0,17,0,0,154,0,154,0,0,171,0,171,124,0,124,295
05/04/2021,OWD,MA,ANE,EN,Federal Contract Tower,0,1,13,0,14,0,0,6,0,6,0,1,19,0,20,60,0,60,80
05/05/2021,OWD,MA,ANE,EN,Federal Contract Tower,0,11,13,0,24,0,0,0,0,0,0,11,13,0,24,0,0,0,24
05/06/2021,OWD,MA,ANE,EN,Federal Contract Tower,0,4,8,1,13,0,4,156,0,160,0,8,164,1,173,206,0,206,379
05/07/2021,OWD,MA,ANE,EN,Federal Contract Tower,0,2,11,0,13,0,1,161,0,162,0,3,172,0,175,168,0,168,343
05/08/2021,OWD,MA,ANE,EN,Federal Contract Tower,0,2,12,0,14,0,1,176,0,177,0,3,188,0,191,170,0,170,361
05/09/2021,OWD,MA,ANE,EN,Federal Contract Tower,0,0,11,0,11,0,0,156,0,156,0,0,167,0,167,92,0,92,259
05/10/2021,OWD,MA,ANE,EN,Federal Contract Tower,0,1,18,0,19,0,3,88,0,91,0,4,106,0,110,162,0,162,272
05/11/2021,OWD,MA,ANE,EN,Federal Contract Tower,0,4,11,0,15,0,0,79,0,79,0,4,90,0,94,40,0,40,134
05/12/2021,OWD,MA,ANE,EN,Federal Contract Tower,0,0,19,0,19,0,1,99,0,100,0,1,118,0,119,106,0,106,225
05/13/2021,OWD,MA,ANE,EN,Federal Contract Tower,0,3,18,0,21,0,2,178,0,180,0,5,196,0,201,144,0,144,345
05/14/2021,OWD,MA,ANE,EN,Federal Contract Tower,0,5,12,0,17,0,14,148,0,162,0,19,160,0,179,154,0,154,333
05/15/2021,OWD,MA,ANE,EN,Federal Contract Tower,0,2,12,0,14,0,4,141,0,145,0,6,153,0,159,144,0,144,303
05/16/2021,OWD,MA,ANE,EN,Federal Contract Tower,0,6,23,0,29,0,4,113,0,117,0,10,136,0,146,80,0,80,226
05/17/2021,OWD,MA,ANE,EN,Federal Contract Tower,0,7,13,2,22,0,0,107,0,107,0,7,120,2,129,110,0,110,239
05/18/2021,OWD,MA,ANE,EN,Federal Contract Tower,0,3,10,0,13,0,4,133,0,137,0,7,143,0,150,90,0,90,240
05/19/2021,OWD,MA,ANE,EN,Federal Contract Tower,0,3,10,1,14,0,2,117,6,125,0,5,127,7,139,140,0,140,279
05/20/2021,OWD,MA,ANE,EN,Federal Contract Tower,0,0,17,0,17,0,9,141,0,150,0,9,158,0,167,148,0,148,315
05/21/2021,OWD,MA,ANE,EN,Federal Contract Tower,0,0,15,0,15,0,7,130,0,137,0,7,145,0,152,144,0,144,296
05/22/2021,OWD,MA,ANE,EN,Federal Contract Tower,0,2,11,0,13,0,1,120,0,121,0,3,131,0,134,80,0,80,214
05/23/2021,OWD,MA,ANE,EN,Federal Contract Tower,0,6,24,0,30,0,1,85,0,86,0,7,109,0,116,108,0,108,224
05/24/2021,OWD,MA,ANE,EN,Federal Contract Tower,0,6,10,0,16,0,2,150,0,152,0,8,160,0,168,124,0,124,292
05/25/2021,OWD,MA,ANE,EN,Federal Contract Tower,0,4,13,0,17,0,5,91,0,96,0,9,104,0,113,104,0,104,217
05/26/2021,OWD,MA,ANE,EN,Federal Contract Tower,0,5,11,0,16,0,0,97,0,97,0,5,108,0,113,102,0,102,215
05/27/2021,OWD,MA,ANE,EN,Federal Contract Tower,0,8,15,0,23,0,3,153,0,156,0,11,168,0,179,190,0,190,369
05/28/2021,OWD,MA,ANE,EN,Federal Contract Tower,0,8,20,0,28,0,2,140,0,142,0,10,160,0,170,110,0,110,280
05/29/2021,OWD,MA,ANE,EN,Federal Contract Tower,0,3,7,0,10,0,0,0,0,0,0,3,7,0,10,0,0,0,10
05/30/2021,OWD,MA,ANE,EN,Federal Contract Tower,0,5,7,0,12,0,0,0,0,0,0,5,7,0,12,0,0,0,12
05/31/2021,OWD,MA,ANE,EN,Federal Contract Tower,0,18,47,0,65,0,0,20,0,20,0,18,67,0,85,2,0,2,87
06/01/2021,OWD,MA,ANE,EN,Federal Contract Tower,0,3,7,0,10,0,2,119,0,121,0,5,126,0,131,100,0,100,231
06/02/2021,OWD,MA,ANE,EN,Federal Contract Tower,0,5,12,0,17,0,3,134,0,137,0,8,146,0,154,170,0,170,324
06/03/2021,OWD,MA,ANE,EN,Federal Contract Tower,0,11,16,0,27,0,0,23,0,23,0,11,39,0,50,110,0,110,160
06/04/2021,OWD,MA,ANE,EN,Federal Contract Tower,0,10,26,0,36,0,7,58,0,65,0,17,84,0,101,88,0,88,189
06/05/2021,OWD,MA,ANE,EN,Federal Contract Tower,0,10,15,0,25,0,1,162,0,163,0,11,177,0,188,102,0,102,290
06/06/2021,OWD,MA,ANE,EN,Federal Contract Tower,0,5,9,0,14,0,1,152,0,153,0,6,161,0,167,110,0,110,277
06/07/2021,OWD,MA,ANE,EN,Federal Contract Tower,0,12,13,0,25,0,7,111,0,118,0,19,124,0,143,84,0,84,227
06/08/2021,OWD,MA,ANE,EN,Federal Contract Tower,0,8,10,0,18,0,4,89,2,95,0,12,99,2,113,58,0,58,171
06/09/2021,OWD,MA,ANE,EN,Federal Contract Tower,0,7,16,0,23,0,1,72,0,73,0,8,88,0,96,110,0,110,206
06/10/2021,OWD,MA,ANE,EN,Federal Contract Tower,0,6,13,0,19,0,5,134,0,139,0,11,147,0,158,90,0,90,248
06/11/2021,OWD,MA,ANE,EN,Federal Contract Tower,0,4,12,0,16,0,3,183,0,186,0,7,195,0,202,116,0,116,318
06/12/2021,OWD,MA,ANE,EN,Federal Contract Tower,0,8,17,0,25,0,0,67,0,67,0,8,84,0,92,112,0,112,204
06/13/2021,OWD,MA,ANE,EN,Federal Contract Tower,0,6,16,0,22,0,2,155,0,157,0,8,171,0,179,134,0,134,313
06/14/2021,OWD,MA,ANE,EN,Federal Contract Tower,0,4,17,0,21,0,0,18,0,18,0,4,35,0,39,38,0,38,77
06/15/2021,OWD,MA,ANE,EN,Federal Contract Tower,0,6,27,0,33,0,3,36,0,39,0,9,63,0,72,86,0,86,158
06/16/2021,OWD,MA,ANE,EN,Federal Contract Tower,0,7,27,0,34,0,4,168,0,172,0,11,195,0,206,118,0,118,324
06/17/2021,OWD,MA,ANE,EN,Federal Contract Tower,0,4,10,0,14,0,2,115,2,119,0,6,125,2,133,123,0,123,256
06/18/2021,OWD,MA,ANE,EN,Federal Contract Tower,0,3,12,0,15,0,7,173,0,180,0,10,185,0,195,82,0,82,277
06/19/2021,OWD,MA,ANE,EN,Federal Contract Tower,0,10,7,0,17,0,0,130,0,130,0,10,137,0,147,92,0,92,239
06/20/2021,OWD,MA,ANE,EN,Federal Contract Tower,0,4,12,0,16,0,0,175,0,175,0,4,187,0,191,58,0,58,249
06/21/2021,OWD,MA,ANE,EN,Federal Contract Tower,0,12,25,0,37,0,0,87,0,87,0,12,112,0,124,80,0,80,204
06/22/2021,OWD,MA,ANE,EN,Federal Contract Tower,0,7,17,0,24,0,0,30,0,30,0,7,47,0,54,66,0,66,120
06/23/2021,OWD,MA,ANE,EN,Federal Contract Tower,0,10,11,0,21,0,15,155,1,171,0,25,166,1,192,194,0,194,386
06/24/2021,OWD,MA,ANE,EN,Federal Contract Tower,0,12,15,0,27,0,5,161,0,166,0,17,176,0,193,74,0,74,267
06/25/2021,OWD,MA,ANE,EN,Federal Contract Tower,0,15,29,0,44,0,0,30,0,30,0,15,59,0,74,14,0,14,88
06/26/2021,OWD,MA,ANE,EN,Federal Contract Tower,0,15,36,0,51,0,0,52,2,54,0,15,88,2,105,140,0,140,245
06/27/2021,OWD,MA,ANE,EN,Federal Contract Tower,0,9,26,0,35,0,0,59,0,59,0,9,85,0,94,86,0,86,180
06/28/2021,OWD,MA,ANE,EN,Federal Contract Tower,0,8,11,0,19,0,1,112,0,113,0,9,123,0,132,74,0,74,206
06/29/2021,OWD,MA,ANE,EN,Federal Contract Tower,0,7,20,0,27,4,2,122,0,128,4,9,142,0,155,72,0,72,227
06/30/2021,OWD,MA,ANE,EN,Federal Contract Tower,0,6,9,0,15,0,5,128,0,133,0,11,137,0,148,134,0,134,282
07/01/2021,OWD,MA,ANE,EN,Federal Contract Tower,0,5,14,0,19,0,1,86,0,87,0,6,100,0,106,124,0,124,230
07/02/2021,OWD,MA,ANE,EN,Federal Contract Tower,0,6,20,0,26,0,0,0,0,0,0,6,20,0,26,0,0,0,26
07/03/2021,OWD,MA,ANE,EN,Federal Contract Tower,0,7,23,0,30,0,0,0,0,0,0,7,23,0,30,0,0,0,30
07/04/2021,OWD,MA,ANE,EN,Federal Contract Tower,0,4,22,0,26,0,0,22,0,22,0,4,44,0,48,24,0,24,72
07/05/2021,OWD,MA,ANE,EN,Federal Contract Tower,0,6,33,0,39,0,0,183,0,183,0,6,216,0,222,108,0,108,330
07/06/2021,OWD,MA,ANE,EN,Federal Contract Tower,0,7,10,0,17,0,0,63,0,63,0,7,73,0,80,78,0,78,158
07/07/2021,OWD,MA,ANE,EN,Federal Contract Tower,0,4,19,0,23,0,1,117,0,118,0,5,136,0,141,132,0,132,273
07/08/2021,OWD,MA,ANE,EN,Federal Contract Tower,0,9,27,0,36,0,1,24,0,25,0,10,51,0,61,96,0,96,157
07/09/2021,OWD,MA,ANE,EN,Federal Contract Tower,0,2,8,0,10,0,0,3,0,3,0,2,11,0,13,0,0,0,13
07/10/2021,OWD,MA,ANE,EN,Federal Contract Tower,0,4,21,0,25,0,1,149,0,150,0,5,170,0,175,350,0,350,525
07/11/2021,OWD,MA,ANE,EN,Federal Contract Tower,0,6,23,0,29,0,5,167,0,172,0,11,190,0,201,212,0,212,413
07/12/2021,OWD,MA,ANE,EN,Federal Contract Tower,0,14,21,0,35,0,0,0,0,0,0,14,21,0,35,0,0,0,35
07/14/2021,OWD,MA,ANE,EN,Federal Contract Tower,0,3,19,0,22,0,2,9,0,11,0,5,28,0,33,20,0,20,53
07/15/2021,OWD,MA,ANE,EN,Federal Contract Tower,0,5,13,0,18,0,0,149,0,149,0,5,162,0,167,236,0,236,403
07/16/2021,OWD,MA,ANE,EN,Federal Contract Tower,6,18,0,0,24,0,9,168,0,177,6,27,168,0,201,60,0,60,261
07/17/2021,OWD,MA,ANE,EN,Federal Contract Tower,0,7,17,0,24,0,0,79,0,79,0,7,96,0,103,130,0,130,233
07/18/2021,OWD,MA,ANE,EN,Federal Contract Tower,0,7,32,0,39,0,0,0,0,0,0,7,32,0,39,0,0,0,39
07/19/2021,OWD,MA,ANE,EN,Federal Contract Tower,0,7,24,0,31,0,0,21,0,21,0,7,45,0,52,40,0,40,92
07/20/2021,OWD,MA,ANE,EN,Federal Contract Tower,0,11,15,0,26,0,3,112,0,115,0,14,127,0,141,112,0,112,253
07/21/2021,OWD,MA,ANE,EN,Federal Contract Tower,0,7,28,0,35,0,0,89,0,89,0,7,117,0,124,90,0,90,214
07/22/2021,OWD,MA,ANE,EN,Federal Contract Tower,0,12,20,0,32,0,9,161,0,170,0,21,181,0,202,212,0,212,414
07/23/2021,OWD,MA,ANE,EN,Federal Contract Tower,0,4,19,0,23,0,0,114,0,114,0,4,133,0,137,174,0,174,311
07/24/2021,OWD,MA,ANE,EN,Federal Contract Tower,0,8,26,0,34,0,0,170,0,170,0,8,196,0,204,102,0,102,306
07/25/2021,OWD,MA,ANE,EN,Federal Contract Tower,0,7,34,0,41,0,0,19,0,19,0,7,53,0,60,42,2,44,104
07/26/2021,OWD,MA,ANE,EN,Federal Contract Tower,0,3,24,0,27,0,0,87,0,87,0,3,111,0,114,102,0,102,216
07/27/2021,OWD,MA,ANE,EN,Federal Contract Tower,0,6,14,0,20,0,2,117,0,119,0,8,131,0,139,166,0,166,305
07/28/2021,OWD,MA,ANE,EN,Federal Contract Tower,0,5,25,0,30,0,2,95,0,97,0,7,120,0,127,216,0,216,343
07/29/2021,OWD,MA,ANE,EN,Federal Contract Tower,0,7,18,0,25,0,2,104,0,106,0,9,122,0,131,184,0,184,315
07/31/2021,OWD,MA,ANE,EN,Federal Contract Tower,0,6,12,0,18,0,1,154,0,155,0,7,166,0,173,136,0,136,309
08/01/2021,OWD,MA,ANE,EN,Federal Contract Tower,0,2,14,0,16,0,3,136,0,139,0,5,150,0,155,152,0,152,307
08/02/2021,OWD,MA,ANE,EN,Federal Contract Tower,0,7,15,0,22,0,1,139,0,140,0,8,154,0,162,190,0,190,352
08/03/2021,OWD,MA,ANE,EN,Federal Contract Tower,0,11,11,0,22,0,6,113,0,119,0,17,124,0,141,182,0,182,323
08/04/2021,OWD,MA,ANE,EN,Federal Contract Tower,0,10,11,0,21,0,6,97,0,103,0,16,108,0,124,184,0,184,308
08/05/2021,OWD,MA,ANE,EN,Federal Contract Tower,0,2,18,0,20,0,0,1,0,1,0,2,19,0,21,0,0,0,21
08/06/2021,OWD,MA,ANE,EN,Federal Contract Tower,0,12,14,0,26,0,4,157,0,161,0,16,171,0,187,190,0,190,377
08/07/2021,OWD,MA,ANE,EN,Federal Contract Tower,0,5,9,0,14,0,0,151,0,151,0,5,160,0,165,138,0,138,303
08/08/2021,OWD,MA,ANE,EN,Federal Contract Tower,0,5,12,0,17,0,2,125,0,127,0,7,137,0,144,156,0,156,300
08/09/2021,OWD,MA,ANE,EN,Federal Contract Tower,0,19,16,0,35,0,0,16,0,16,0,19,32,0,51,24,0,24,75
08/10/2021,OWD,MA,ANE,EN,Federal Contract Tower,0,16,17,0,33,0,4,55,0,59,0,20,72,0,92,96,0,96,188
08/11/2021,OWD,MA,ANE,EN,Federal Contract Tower,0,14,36,0,50,0,5,109,0,114,0,19,145,0,164,92,0,92,256
08/12/2021,OWD,MA,ANE,EN,Federal Contract Tower,0,8,7,0,15,0,3,131,0,134,0,11,138,0,149,138,6,144,293
08/13/2021,OWD,MA,ANE,EN,Federal Contract Tower,0,9,19,0,28,0,7,126,0,133,0,16,145,0,161,150,0,150,311
08/14/2021,OWD,MA,ANE,EN,Federal Contract Tower,0,5,10,0,15,0,0,113,0,113,0,5,123,0,128,84,0,84,212
08/15/2021,OWD,MA,ANE,EN,Federal Contract Tower,0,14,14,0,28,0,3,173,0,176,0,17,187,0,204,116,0,116,320
08/16/2021,OWD,MA,ANE,EN,Federal Contract Tower,0,5,22,0,27,0,0,135,0,135,0,5,157,0,162,154,0,154,316
08/17/2021,OWD,MA,ANE,EN,Federal Contract Tower,0,3,13,0,16,0,4,123,0,127,0,7,136,0,143,142,0,142,285
08/18/2021,OWD,MA,ANE,EN,Federal Contract Tower,0,7,12,0,19,0,13,114,2,129,0,20,126,2,148,148,0,148,296
08/19/2021,OWD,MA,ANE,EN,Federal Contract Tower,0,7,19,2,28,0,0,11,0,11,0,7,30,2,39,0,0,0,39
08/20/2021,OWD,MA,ANE,EN,Federal Contract Tower,0,15,37,2,54,0,1,107,0,108,0,16,144,2,162,58,0,58,220
08/21/2021,OWD,MA,ANE,EN,Federal Contract Tower,0,4,23,0,27,0,1,144,0,145,0,5,167,0,172,122,0,122,294
08/22/2021,OWD,MA,ANE,EN,Federal Contract Tower,0,0,1,0,1,0,0,0,0,0,0,0,1,0,1,0,0,0,1
08/23/2021,OWD,MA,ANE,EN,Federal Contract Tower,0,8,16,0,24,0,0,25,0,25,0,8,41,0,49,65,0,65,114
08/24/2021,OWD,MA,ANE,EN,Federal Contract Tower,0,11,21,0,32,0,2,104,0,106,0,13,125,0,138,140,0,140,278
08/25/2021,OWD,MA,ANE,EN,Federal Contract Tower,0,7,22,0,29,0,14,158,0,172,0,21,180,0,201,166,0,166,367
08/26/2021,OWD,MA,ANE,EN,Federal Contract Tower,0,13,22,0,35,0,8,128,0,136,0,21,150,0,171,98,0,98,269
08/27/2021,OWD,MA,ANE,EN,Federal Contract Tower,0,7,17,0,24,0,10,122,0,132,0,17,139,0,156,66,0,66,222
08/28/2021,OWD,MA,ANE,EN,Federal Contract Tower,0,8,11,0,19,0,2,114,0,116,0,10,125,0,135,92,0,92,227
08/29/2021,OWD,MA,ANE,EN,Federal Contract Tower,0,13,29,0,42,0,0,137,0,137,0,13,166,0,179,134,0,134,313
08/30/2021,OWD,MA,ANE,EN,Federal Contract Tower,0,9,18,0,27,0,2,71,0,73,0,11,89,0,100,70,0,70,170
08/31/2021,OWD,MA,ANE,EN,Federal Contract Tower,0,14,14,0,28,0,4,146,0,150,0,18,160,0,178,110,0,110,288
09/01/2021,OWD,MA,ANE,EN,Federal Contract Tower,0,6,20,0,26,0,2,47,0,49,0,8,67,0,75,50,0,50,125
09/02/2021,OWD,MA,ANE,EN,Federal Contract Tower,0,9,16,0,25,0,0,59,0,59,0,9,75,0,84,52,0,52,136
09/03/2021,OWD,MA,ANE,EN,Federal Contract Tower,0,10,24,0,34,0,5,161,0,166,0,15,185,0,200,136,0,136,336
09/04/2021,OWD,MA,ANE,EN,Federal Contract Tower,0,4,17,0,21,0,5,123,0,128,0,9,140,0,149,104,0,104,253
09/05/2021,OWD,MA,ANE,EN,Federal Contract Tower,0,6,16,0,22,0,1,68,0,69,0,7,84,0,91,68,0,68,159
09/06/2021,OWD,MA,ANE,EN,Federal Contract Tower,0,4,14,0,18,0,0,127,0,127,0,4,141,0,145,72,0,72,217
09/07/2021,OWD,MA,ANE,EN,Federal Contract Tower,0,10,12,0,22,0,9,137,0,146,0,19,149,0,168,74,0,74,242
09/08/2021,OWD,MA,ANE,EN,Federal Contract Tower,0,2,14,0,16,0,14,84,0,98,0,16,98,0,114,46,0,46,160
09/09/2021,OWD,MA,ANE,EN,Federal Contract Tower,0,4,13,0,17,0,0,5,0,5,0,4,18,0,22,0,0,0,22
09/10/2021,OWD,MA,ANE,EN,Federal Contract Tower,0,2,10,2,14,0,1,124,3,128,0,3,134,5,142,80,0,80,222
09/11/2021,OWD,MA,ANE,EN,Federal Contract Tower,0,8,25,0,33,0,2,165,0,167,0,10,190,0,200,152,0,152,352
09/12/2021,OWD,MA,ANE,EN,Federal Contract Tower,0,21,19,0,40,0,2,101,0,103,0,23,120,0,143,36,0,36,179
09/13/2021,OWD,MA,ANE,EN,Federal Contract Tower,0,6,20,0,26,0,5,101,0,106,0,11,121,0,132,124,0,124,256
09/14/2021,OWD,MA,ANE,EN,Federal Contract Tower,0,14,8,0,22,0,3,152,0,155,0,17,160,0,177,140,0,140,317
09/16/2021,OWD,MA,ANE,EN,Federal Contract Tower,0,5,26,0,31,0,0,9,0,9,0,5,35,0,40,58,0,58,98
09/17/2021,OWD,MA,ANE,EN,Federal Contract Tower,0,9,35,0,44,0,0,0,0,0,0,9,35,0,44,0,0,0,44
09/18/2021,OWD,MA,ANE,EN,Federal Contract Tower,0,5,24,0,29,0,0,24,0,24,0,5,48,0,53,72,0,72,125
09/19/2021,OWD,MA,ANE,EN,Federal Contract Tower,0,8,13,0,21,0,1,192,0,193,0,9,205,0,214,108,0,108,322
09/20/2021,OWD,MA,ANE,EN,Federal Contract Tower,0,13,18,0,31,0,3,196,0,199,0,16,214,0,230,132,0,132,362
09/21/2021,OWD,MA,ANE,EN,Federal Contract Tower,0,7,23,0,30,0,2,137,0,139,0,9,160,0,169,178,0,178,347
09/22/2021,OWD,MA,ANE,EN,Federal Contract Tower,0,4,20,0,24,0,3,39,0,42,0,7,59,0,66,100,0,100,166
09/23/2021,OWD,MA,ANE,EN,Federal Contract Tower,0,4,24,0,28,0,3,81,0,84,0,7,105,0,112,142,0,142,254
09/24/2021,OWD,MA,ANE,EN,Federal Contract Tower,0,12,16,0,28,0,0,11,0,11,0,12,27,0,39,0,0,0,39
09/25/2021,OWD,MA,ANE,EN,Federal Contract Tower,0,4,16,0,20,0,0,119,0,119,0,4,135,0,139,112,0,112,251
09/26/2021,OWD,MA,ANE,EN,Federal Contract Tower,0,15,29,0,44,0,1,125,0,126,0,16,154,0,170,110,0,110,280
09/27/2021,OWD,MA,ANE,EN,Federal Contract Tower,0,7,12,0,19,0,2,153,0,155,0,9,165,0,174,36,0,36,210
09/28/2021,OWD,MA,ANE,EN,Federal Contract Tower,0,7,10,0,17,0,2,43,0,45,0,9,53,0,62,20,0,20,82
09/29/2021,OWD,MA,ANE,EN,Federal Contract Tower,0,14,8,0,22,0,2,162,0,164,0,16,170,0,186,104,0,104,290
09/30/2021,OWD,MA,ANE,EN,Federal Contract Tower,0,5,17,0,22,0,7,107,0,114,0,12,124,0,136,108,0,108,244
10/01/2021,OWD,MA,ANE,EN,Federal Contract Tower,0,11,22,0,33,0,3,133,0,136,0,14,155,0,169,104,0,104,273
10/02/2021,OWD,MA,ANE,EN,Federal Contract Tower,0,2,12,0,14,0,0,144,0,144,0,2,156,0,158,88,0,88,246
10/03/2021,OWD,MA,ANE,EN,Federal Contract Tower,0,21,51,0,72,0,0,59,0,59,0,21,110,0,131,60,0,60,191
10/04/2021,OWD,MA,ANE,EN,Federal Contract Tower,0,11,17,0,28,0,0,0,0,0,0,11,17,0,28,0,0,0,28
10/05/2021,OWD,MA,ANE,EN,Federal Contract Tower,0,12,25,0,37,0,6,15,0,21,0,18,40,0,58,42,0,42,100
10/06/2021,OWD,MA,ANE,EN,Federal Contract Tower,0,6,18,0,24,0,2,119,0,121,0,8,137,0,145,242,0,242,387
10/07/2021,OWD,MA,ANE,EN,Federal Contract Tower,0,4,18,0,22,0,2,155,0,157,0,6,173,0,179,180,0,180,359
10/08/2021,OWD,MA,ANE,EN,Federal Contract Tower,0,8,27,0,35,0,3,176,0,179,0,11,203,0,214,76,0,76,290
10/09/2021,OWD,MA,ANE,EN,Federal Contract Tower,0,12,39,0,51,0,1,109,0,110,0,13,148,0,161,134,0,134,295
10/10/2021,OWD,MA,ANE,EN,Federal Contract Tower,0,4,24,0,28,0,0,74,0,74,0,4,98,0,102,122,0,122,224
10/11/2021,OWD,MA,ANE,EN,Federal Contract Tower,0,8,22,0,30,0,2,68,0,70,0,10,90,0,100,38,0,38,138
10/12/2021,OWD,MA,ANE,EN,Federal Contract Tower,0,8,22,0,30,0,2,68,0,70,0,10,90,0,100,38,0,38,138
10/14/2021,OWD,MA,ANE,EN,Federal Contract Tower,0,5,17,0,22,0,2,116,0,118,0,7,133,0,140,128,0,128,268
10/15/2021,OWD,MA,ANE,EN,Federal Contract Tower,0,13,31,0,44,0,2,121,2,125,0,15,152,2,169,230,0,230,399
10/16/2021,OWD,MA,ANE,EN,Federal Contract Tower,0,12,11,0,23,0,0,58,0,58,0,12,69,0,81,8,0,8,89
10/17/2021,OWD,MA,ANE,EN,Federal Contract Tower,0,16,22,0,38,0,5,124,0,129,0,21,146,0,167,84,0,84,251
10/18/2021,OWD,MA,ANE,EN,Federal Contract Tower,0,10,18,0,28,0,3,102,0,105,0,13,120,0,133,90,0,90,223
10/19/2021,OWD,MA,ANE,EN,Federal Contract Tower,0,1,13,0,14,0,6,120,0,126,0,7,133,0,140,54,0,54,194
10/20/2021,OWD,MA,ANE,EN,Federal Contract Tower,0,1,15,0,16,0,8,123,0,131,0,9,138,0,147,78,0,78,225
10/21/2021,OWD,MA,ANE,EN,Federal Contract Tower,0,9,17,1,27,0,5,111,0,116,0,14,128,1,143,74,0,74,217
10/22/2021,OWD,MA,ANE,EN,Federal Contract Tower,0,3,24,0,27,0,4,148,0,152,0,7,172,0,179,114,0,114,293
10/23/2021,OWD,MA,ANE,EN,Federal Contract Tower,0,9,15,0,24,0,0,107,0,107,0,9,122,0,131,48,0,48,179
10/24/2021,OWD,MA,ANE,EN,Federal Contract Tower,0,14,24,0,38,0,3,179,0,182,0,17,203,0,220,74,0,74,294
10/25/2021,OWD,MA,ANE,EN,Federal Contract Tower,0,3,6,0,9,0,0,0,0,0,0,3,6,0,9,0,0,0,9
10/26/2021,OWD,MA,ANE,EN,Federal Contract Tower,0,2,5,0,7,0,0,0,0,0,0,2,5,0,7,0,0,0,7
10/27/2021,OWD,MA,ANE,EN,Federal Contract Tower,0,0,5,0,5,0,0,1,0,1,0,0,6,0,6,0,0,0,6
10/28/2021,OWD,MA,ANE,EN,Federal Contract Tower,0,5,24,0,29,0,6,91,0,97,0,11,115,0,126,122,0,122,248
10/29/2021,OWD,MA,ANE,EN,Federal Contract Tower,0,4,17,0,21,0,1,66,0,67,0,5,83,0,88,120,0,120,208
10/30/2021,OWD,MA,ANE,EN,Federal Contract Tower,0,0,7,0,7,0,0,0,0,0,0,0,7,0,7,0,0,0,7
10/31/2021,OWD,MA,ANE,EN,Federal Contract Tower,0,4,21,0,25,0,0,85,0,85,0,4,106,0,110,102,0,102,212
11/01/2021,OWD,MA,ANE,EN,Federal Contract Tower,0,4,13,0,17,0,0,115,0,115,0,4,128,0,132,86,0,86,218
11/02/2021,OWD,MA,ANE,EN,Federal Contract Tower,0,1,6,0,7,0,9,141,4,154,0,10,147,4,161,106,0,106,267
11/03/2021,OWD,MA,ANE,EN,Federal Contract Tower,0,3,19,0,22,0,3,164,0,167,0,6,183,0,189,108,0,108,297
11/04/2021,OWD,MA,ANE,EN,Federal Contract Tower,0,3,13,0,16,0,5,135,0,140,0,8,148,0,156,172,0,172,328
11/05/2021,OWD,MA,ANE,EN,Federal Contract Tower,0,3,14,0,17,0,2,154,0,156,0,5,168,0,173,102,0,102,275
11/06/2021,OWD,MA,ANE,EN,Federal Contract Tower,0,0,29,0,29,0,0,139,0,139,0,0,168,0,168,64,0,64,232
11/07/2021,OWD,MA,ANE,EN,Federal Contract Tower,0,1,12,0,13,0,0,158,0,158,0,1,170,0,171,96,0,96,267
11/08/2021,OWD,MA,ANE,EN,Federal Contract Tower,0,6,16,0,22,0,1,105,2,108,0,7,121,2,130,84,0,84,214
11/09/2021,OWD,MA,ANE,EN,Federal Contract Tower,0,4,11,0,15,0,10,127,0,137,0,14,138,0,152,88,0,88,240
11/10/2021,OWD,MA,ANE,EN,Federal Contract Tower,0,3,9,0,12,0,3,100,0,103,0,6,109,0,115,140,0,140,255
11/11/2021,OWD,MA,ANE,EN,Federal Contract Tower,0,10,24,0,34,0,10,141,0,151,0,20,165,0,185,206,0,206,391
11/12/2021,OWD,MA,ANE,EN,Federal Contract Tower,0,8,5,0,13,0,0,0,0,0,0,8,5,0,13,0,0,0,13
11/13/2021,OWD,MA,ANE,EN,Federal Contract Tower,0,2,9,0,11,0,0,99,0,99,0,2,108,0,110,122,0,122,232
11/14/2021,OWD,MA,ANE,EN,Federal Contract Tower,0,18,20,0,38,0,2,101,0,103,0,20,121,0,141,96,0,96,237
11/15/2021,OWD,MA,ANE,EN,Federal Contract Tower,0,6,13,0,19,0,2,66,0,68,0,8,79,0,87,118,0,118,205
11/16/2021,OWD,MA,ANE,EN,Federal Contract Tower,0,4,18,0,22,0,9,106,0,115,0,13,124,0,137,26,0,26,163
11/17/2021,OWD,MA,ANE,EN,Federal Contract Tower,0,5,22,0,27,0,9,125,0,134,0,14,147,0,161,126,0,126,287
11/18/2021,OWD,MA,ANE,EN,Federal Contract Tower,0,4,13,0,17,0,2,85,0,87,0,6,98,0,104,138,0,138,242
11/19/2021,OWD,MA,ANE,EN,Federal Contract Tower,0,5,21,0,26,0,4,76,0,80,0,9,97,0,106,42,0,42,148
11/20/2021,OWD,MA,ANE,EN,Federal Contract Tower,0,3,21,0,24,0,1,133,0,134,0,4,154,0,158,88,0,88,246
11/21/2021,OWD,MA,ANE,EN,Federal Contract Tower,0,9,22,0,31,0,0,92,0,92,0,9,114,0,123,134,6,140,263
11/22/2021,OWD,MA,ANE,EN,Federal Contract Tower,0,10,10,0,20,0,1,43,0,44,0,11,53,0,64,170,0,170,234
11/23/2021,OWD,MA,ANE,EN,Federal Contract Tower,0,4,12,0,16,0,5,81,0,86,0,9,93,0,102,102,0,102,204
11/24/2021,OWD,MA,ANE,EN,Federal Contract Tower,0,11,21,0,32,0,12,106,0,118,0,23,127,0,150,44,0,44,194
11/25/2021,OWD,MA,ANE,EN,Federal Contract Tower,0,4,2,0,6,0,0,14,0,14,0,4,16,0,20,12,0,12,32
11/26/2021,OWD,MA,ANE,EN,Federal Contract Tower,0,3,9,0,12,0,3,4,0,7,0,6,13,0,19,2,0,2,21
11/27/2021,OWD,MA,ANE,EN,Federal Contract Tower,0,6,20,0,26,0,0,62,0,62,0,6,82,0,88,12,0,12,100
11/28/2021,OWD,MA,ANE,EN,Federal Contract Tower,0,9,30,0,39,0,3,109,0,112,0,12,139,0,151,142,0,142,293
11/29/2021,OWD,MA,ANE,EN,Federal Contract Tower,0,4,10,0,14,0,0,79,0,79,0,4,89,0,93,120,0,120,213
12/01/2021,OWD,MA,ANE,EN,Federal Contract Tower,0,4,18,0,22,0,6,100,0,106,0,10,118,0,128,88,0,88,216
12/02/2021,OWD,MA,ANE,EN,Federal Contract Tower,0,3,4,0,7,0,7,56,0,63,0,10,60,0,70,70,0,70,140
12/03/2021,OWD,MA,ANE,EN,Federal Contract Tower,0,4,7,0,11,0,1,49,0,50,0,5,56,0,61,38,0,38,99
12/04/2021,OWD,MA,ANE,EN,Federal Contract Tower,0,8,14,0,22,0,6,114,0,120,0,14,128,0,142,108,0,108,250
12/05/2021,OWD,MA,ANE,EN,Federal Contract Tower,0,7,13,0,20,0,10,130,0,140,0,17,143,0,160,144,0,144,304
12/06/2021,OWD,MA,ANE,EN,Federal Contract Tower,0,2,6,0,8,0,0,4,0,4,0,2,10,0,12,6,0,6,18
12/07/2021,OWD,MA,ANE,EN,Federal Contract Tower,0,3,15,0,18,0,9,117,0,126,0,12,132,0,144,84,0,84,228
12/09/2021,OWD,MA,ANE,EN,Federal Contract Tower,0,2,6,0,8,0,5,66,0,71,0,7,72,0,79,46,0,46,125
12/10/2021,OWD,MA,ANE,EN,Federal Contract Tower,0,10,17,0,27,0,2,102,0,104,0,12,119,0,131,92,0,92,223
12/11/2021,OWD,MA,ANE,EN,Federal Contract Tower,0,4,3,0,7,0,0,0,0,0,0,4,3,0,7,8,0,8,15
12/12/2021,OWD,MA,ANE,EN,Federal Contract Tower,0,4,8,0,12,0,3,67,3,73,0,7,75,3,85,14,0,14,99
12/13/2021,OWD,MA,ANE,EN,Federal Contract Tower,0,1,14,0,15,0,0,99,0,99,0,1,113,0,114,118,2,120,234
12/14/2021,OWD,MA,ANE,EN,Federal Contract Tower,0,3,16,0,19,0,3,98,0,101,0,6,114,0,120,128,0,128,248
12/15/2021,OWD,MA,ANE,EN,Federal Contract Tower,0,0,17,0,17,0,1,104,2,107,0,1,121,2,124,106,0,106,230
12/16/2021,OWD,MA,ANE,EN,Federal Contract Tower,0,0,14,1,15,0,0,69,0,69,0,0,83,1,84,118,0,118,202
12/17/2021,OWD,MA,ANE,EN,Federal Contract Tower,0,4,15,0,19,0,4,78,0,82,0,8,93,0,101,30,0,30,131
12/18/2021,OWD,MA,ANE,EN,Federal Contract Tower,0,2,8,0,10,0,1,21,2,24,0,3,29,2,34,24,6,30,64
12/19/2021,OWD,MA,ANE,EN,Federal Contract Tower,0,3,6,0,9,0,0,27,0,27,0,3,33,0,36,18,0,18,54
12/20/2021,OWD,MA,ANE,EN,Federal Contract Tower,0,4,23,0,27,0,1,112,0,113,0,5,135,0,140,152,0,152,292
12/21/2021,OWD,MA,ANE,EN,Federal Contract Tower,0,2,12,0,14,0,0,127,0,127,0,2,139,0,141,242,0,242,383
12/22/2021,OWD,MA,ANE,EN,Federal Contract Tower,0,2,9,0,11,0,0,5,0,5,0,2,14,0,16,6,0,6,22
12/23/2021,OWD,MA,ANE,EN,Federal Contract Tower,0,6,18,0,24,0,2,83,0,85,0,8,101,0,109,56,0,56,165
12/24/2021,OWD,MA,ANE,EN,Federal Contract Tower,0,0,5,0,5,0,0,11,0,11,0,0,16,0,16,20,0,20,36
12/25/2021,OWD,MA,ANE,EN,Federal Contract Tower,0,0,0,0,0,0,0,0,0,0,0,0,0,0,0,0,0,0,0
12/26/2021,OWD,MA,ANE,EN,Federal Contract Tower,0,10,7,0,17,0,0,65,0,65,0,10,72,0,82,32,0,32,114
12/27/2021,OWD,MA,ANE,EN,Federal Contract Tower,0,0,16,0,16,0,6,105,0,111,0,6,121,0,127,156,0,156,283
12/28/2021,OWD,MA,ANE,EN,Federal Contract Tower,0,4,15,0,19,0,4,30,0,34,0,8,45,0,53,46,0,46,99
12/29/2021,OWD,MA,ANE,EN,Federal Contract Tower,0,0,9,0,9,0,1,59,0,60,0,1,68,0,69,180,0,180,249
12/30/2021,OWD,MA,ANE,EN,Federal Contract Tower,0,2,14,0,16,0,3,4,0,7,0,5,18,0,23,0,0,0,23
12/31/2021,OWD,MA,ANE,EN,Federal Contract Tower,0,0,13,0,13,0,0,6,0,6,0,0,19,0,19,0,0,0,19
01/01/2022,OWD,MA,ANE,EN,Federal Contract Tower,0,1,8,0,9,0,0,0,0,0,0,1,8,0,9,0,0,0,9
01/02/2022,OWD,MA,ANE,EN,Federal Contract Tower,0,8,8,0,16,0,0,4,0,4,0,8,12,0,20,4,0,4,24
01/03/2022,OWD,MA,ANE,EN,Federal Contract Tower,0,2,10,0,12,0,0,62,0,62,0,2,72,0,74,162,0,162,236
01/04/2022,OWD,MA,ANE,EN,Federal Contract Tower,0,0,15,0,15,0,3,137,1,141,0,3,152,1,156,136,0,136,292
01/05/2022,OWD,MA,ANE,EN,Federal Contract Tower,0,0,7,0,7,0,0,5,0,5,0,0,12,0,12,0,0,0,12
01/06/2022,OWD,MA,ANE,EN,Federal Contract Tower,0,6,18,0,24,0,2,94,0,96,0,8,112,0,120,92,0,92,212
01/07/2022,OWD,MA,ANE,EN,Federal Contract Tower,0,0,0,0,0,0,0,2,0,2,0,0,2,0,2,0,0,0,2
01/08/2022,OWD,MA,ANE,EN,Federal Contract Tower,0,3,11,0,14,0,0,86,0,86,0,3,97,0,100,122,0,122,222
01/09/2022,OWD,MA,ANE,EN,Federal Contract Tower,0,1,2,0,3,0,0,4,0,4,0,1,6,0,7,0,0,0,7
01/10/2022,OWD,MA,ANE,EN,Federal Contract Tower,0,4,7,0,11,0,0,88,0,88,0,4,95,0,99,82,0,82,181
01/11/2022,OWD,MA,ANE,EN,Federal Contract Tower,0,4,6,0,10,0,2,51,0,53,0,6,57,0,63,18,0,18,81
01/12/2022,OWD,MA,ANE,EN,Federal Contract Tower,0,0,5,0,5,0,0,76,0,76,0,0,81,0,81,14,0,14,95
01/13/2022,OWD,MA,ANE,EN,Federal Contract Tower,0,6,20,0,26,0,0,106,0,106,0,6,126,0,132,132,0,132,264
01/14/2022,OWD,MA,ANE,EN,Federal Contract Tower,0,4,3,0,7,0,2,28,0,30,0,6,31,0,37,44,0,44,81
01/15/2022,OWD,MA,ANE,EN,Federal Contract Tower,0,0,9,0,9,0,0,43,0,43,0,0,52,0,52,14,0,14,66
01/16/2022,OWD,MA,ANE,EN,Federal Contract Tower,0,0,7,0,7,0,0,126,0,126,0,0,133,0,133,178,0,178,311
01/17/2022,OWD,MA,ANE,EN,Federal Contract Tower,0,0,1,0,1,0,0,5,0,5,0,0,6,0,6,0,0,0,6
01/18/2022,OWD,MA,ANE,EN,Federal Contract Tower,0,3,1,0,4,0,6,39,0,45,0,9,40,0,49,14,0,14,63
01/19/2022,OWD,MA,ANE,EN,Federal Contract Tower,0,2,10,0,12,0,1,74,0,75,0,3,84,0,87,50,0,50,137
01/20/2022,OWD,MA,ANE,EN,Federal Contract Tower,0,3,5,0,8,0,0,33,0,33,0,3,38,0,41,124,0,124,165
01/21/2022,OWD,MA,ANE,EN,Federal Contract Tower,0,2,11,0,13,0,1,89,0,90,0,3,100,0,103,112,0,112,215
01/22/2022,OWD,MA,ANE,EN,Federal Contract Tower,0,0,14,0,14,0,0,90,0,90,0,0,104,0,104,170,0,170,274
01/23/2022,OWD,MA,ANE,EN,Federal Contract Tower,0,1,11,0,12,0,0,156,0,156,0,1,167,0,168,182,0,182,350
01/24/2022,OWD,MA,ANE,EN,Federal Contract Tower,0,0,9,0,9,0,1,117,0,118,0,1,126,0,127,104,0,104,231
01/25/2022,OWD,MA,ANE,EN,Federal Contract Tower,0,2,5,0,7,0,3,73,0,76,0,5,78,0,83,98,0,98,181
01/26/2022,OWD,MA,ANE,EN,Federal Contract Tower,0,3,15,0,18,0,0,83,0,83,0,3,98,0,101,144,4,148,249
01/27/2022,OWD,MA,ANE,EN,Federal Contract Tower,0,3,14,0,17,0,3,119,0,122,0,6,133,0,139,180,0,180,319
01/28/2022,OWD,MA,ANE,EN,Federal Contract Tower,0,5,2,0,7,0,1,82,0,83,0,6,84,0,90,158,0,158,248
01/29/2022,OWD,MA,ANE,EN,Federal Contract Tower,0,0,0,0,0,0,0,0,0,0,0,0,0,0,0,0,0,0,0
01/30/2022,OWD,MA,ANE,EN,Federal Contract Tower,0,0,1,0,1,0,0,10,0,10,0,0,11,0,11,0,0,0,11
01/31/2022,OWD,MA,ANE,EN,Federal Contract Tower,0,0,7,0,7,0,0,84,0,84,0,0,91,0,91,144,0,144,235
02/01/2022,OWD,MA,ANE,EN,Federal Contract Tower,0,5,9,0,14,0,3,77,0,80,0,8,86,0,94,124,0,124,218
02/02/2022,OWD,MA,ANE,EN,Federal Contract Tower,0,2,11,0,13,0,0,21,0,21,0,2,32,0,34,4,0,4,38
02/03/2022,OWD,MA,ANE,EN,Federal Contract Tower,0,3,7,0,10,0,0,11,0,11,0,3,18,0,21,14,0,14,35
02/04/2022,OWD,MA,ANE,EN,Federal Contract Tower,0,0,0,0,0,0,0,0,0,0,0,0,0,0,0,0,0,0,0
02/05/2022,OWD,MA,ANE,EN,Federal Contract Tower,0,0,1,0,1,0,0,30,0,30,0,0,31,0,31,2,0,2,33
02/06/2022,OWD,MA,ANE,EN,Federal Contract Tower,0,0,3,0,3,0,1,32,0,33,0,1,35,0,36,26,0,26,62
02/07/2022,OWD,MA,ANE,EN,Federal Contract Tower,0,6,3,0,9,0,0,1,0,1,0,6,4,0,10,0,0,0,10
02/08/2022,OWD,MA,ANE,EN,Federal Contract Tower,0,4,2,0,6,0,0,14,0,14,0,4,16,0,20,10,0,10,30
02/09/2022,OWD,MA,ANE,EN,Federal Contract Tower,0,2,18,0,20,0,6,128,0,134,0,8,146,0,154,200,0,200,354
02/10/2022,OWD,MA,ANE,EN,Federal Contract Tower,0,6,5,0,11,0,0,63,0,63,0,6,68,0,74,122,0,122,196
02/11/2022,OWD,MA,ANE,EN,Federal Contract Tower,0,3,13,2,18,0,0,100,0,100,0,3,113,2,118,152,0,152,270
02/12/2022,OWD,MA,ANE,EN,Federal Contract Tower,0,2,9,0,11,0,0,120,0,120,0,2,129,0,131,146,0,146,277
02/13/2022,OWD,MA,ANE,EN,Federal Contract Tower,0,2,6,0,8,0,0,0,0,0,0,2,6,0,8,0,0,0,8
02/14/2022,OWD,MA,ANE,EN,Federal Contract Tower,0,0,6,0,6,0,2,38,0,40,0,2,44,0,46,0,0,0,46
02/15/2022,OWD,MA,ANE,EN,Federal Contract Tower,0,1,15,0,16,0,2,100,0,102,0,3,115,0,118,52,0,52,170
02/16/2022,OWD,MA,ANE,EN,Federal Contract Tower,0,2,14,0,16,0,0,64,0,64,0,2,78,0,80,60,0,60,140
02/17/2022,OWD,MA,ANE,EN,Federal Contract Tower,0,2,4,0,6,0,0,22,0,22,0,2,26,0,28,6,0,6,34
02/18/2022,OWD,MA,ANE,EN,Federal Contract Tower,0,4,11,0,15,0,1,18,0,19,0,5,29,0,34,0,0,0,34
02/19/2022,OWD,MA,ANE,EN,Federal Contract Tower,0,0,11,0,11,0,0,37,0,37,0,0,48,0,48,74,0,74,122
02/20/2022,OWD,MA,ANE,EN,Federal Contract Tower,0,3,18,0,21,0,1,125,0,126,0,4,143,0,147,174,0,174,321
02/21/2022,OWD,MA,ANE,EN,Federal Contract Tower,0,1,15,0,16,0,0,137,0,137,0,1,152,0,153,208,0,208,361
02/22/2022,OWD,MA,ANE,EN,Federal Contract Tower,0,2,1,0,3,0,0,5,0,5,0,2,6,0,8,10,0,10,18
02/23/2022,OWD,MA,ANE,EN,Federal Contract Tower,0,1,13,0,14,0,0,53,0,53,0,1,66,0,67,56,0,56,123
02/24/2022,OWD,MA,ANE,EN,Federal Contract Tower,0,3,19,0,22,0,1,121,2,124,0,4,140,2,146,0,132,132,278
02/25/2022,OWD,MA,ANE,EN,Federal Contract Tower,0,0,0,0,0,0,0,0,0,0,0,0,0,0,0,0,0,0,0
02/26/2022,OWD,MA,ANE,EN,Federal Contract Tower,0,0,7,0,7,0,0,60,0,60,0,0,67,0,67,34,0,34,101
02/27/2022,OWD,MA,ANE,EN,Federal Contract Tower,0,2,11,0,13,0,0,60,0,60,0,2,71,0,73,108,0,108,181
02/28/2022,OWD,MA,ANE,EN,Federal Contract Tower,0,4,9,0,13,0,4,84,0,88,0,8,93,0,101,102,0,102,203
03/01/2022,OWD,MA,ANE,EN,Federal Contract Tower,0,4,7,0,11,0,0,81,0,81,0,4,88,0,92,100,0,100,192
03/02/2022,OWD,MA,ANE,EN,Federal Contract Tower,0,1,15,0,16,0,3,94,0,97,0,4,109,0,113,150,0,150,263
03/03/2022,OWD,MA,ANE,EN,Federal Contract Tower,0,1,16,1,18,0,5,53,0,58,0,6,69,1,76,70,0,70,146
03/04/2022,OWD,MA,ANE,EN,Federal Contract Tower,0,4,13,0,17,0,3,101,0,104,0,7,114,0,121,136,0,136,257
03/05/2022,OWD,MA,ANE,EN,Federal Contract Tower,0,2,9,0,11,0,0,165,0,165,0,2,174,0,176,118,0,118,294
03/06/2022,OWD,MA,ANE,EN,Federal Contract Tower,0,1,5,0,6,0,0,8,0,8,0,1,13,0,14,0,0,0,14
03/07/2022,OWD,MA,ANE,EN,Federal Contract Tower,0,7,11,0,18,0,0,56,0,56,0,7,67,0,74,150,0,150,224
03/08/2022,OWD,MA,ANE,EN,Federal Contract Tower,0,2,10,0,12,0,0,35,0,35,0,2,45,0,47,30,0,30,77
03/09/2022,OWD,MA,ANE,EN,Federal Contract Tower,0,1,12,0,13,0,0,40,0,40,0,1,52,0,53,192,0,192,245
03/10/2022,OWD,MA,ANE,EN,Federal Contract Tower,0,3,17,3,23,4,1,95,0,100,4,4,112,3,123,182,0,182,305
03/11/2022,OWD,MA,ANE,EN,Federal Contract Tower,0,4,7,0,11,0,0,113,0,113,0,4,120,0,124,156,0,156,280
03/12/2022,OWD,MA,ANE,EN,Federal Contract Tower,0,2,2,0,4,0,0,0,0,0,0,2,2,0,4,0,0,0,4
03/13/2022,OWD,MA,ANE,EN,Federal Contract Tower,0,2,3,0,5,0,0,51,0,51,0,2,54,0,56,46,0,46,102
03/14/2022,OWD,MA,ANE,EN,Federal Contract Tower,0,5,21,0,26,0,0,110,0,110,0,5,131,0,136,96,0,96,232
03/15/2022,OWD,MA,ANE,EN,Federal Contract Tower,0,3,8,2,13,0,0,101,0,101,0,3,109,2,114,228,0,228,342
03/16/2022,OWD,MA,ANE,EN,Federal Contract Tower,0,9,17,0,26,0,0,68,0,68,0,9,85,0,94,116,0,116,210
03/17/2022,OWD,MA,ANE,EN,Federal Contract Tower,0,4,6,0,10,0,0,12,0,12,0,4,18,0,22,52,0,52,74
03/18/2022,OWD,MA,ANE,EN,Federal Contract Tower,0,1,23,0,24,0,0,152,0,152,0,1,175,0,176,120,0,120,296
03/19/2022,OWD,MA,ANE,EN,Federal Contract Tower,0,1,4,0,5,0,0,0,0,0,0,1,4,0,5,0,0,0,5
03/20/2022,OWD,MA,ANE,EN,Federal Contract Tower,0,7,17,0,24,0,0,135,0,135,0,7,152,0,159,110,0,110,269
03/21/2022,OWD,MA,ANE,EN,Federal Contract Tower,0,4,7,0,11,0,0,73,0,73,0,4,80,0,84,26,0,26,110
03/22/2022,OWD,MA,ANE,EN,Federal Contract Tower,0,2,9,0,11,0,3,61,0,64,0,5,70,0,75,10,0,10,85
03/23/2022,OWD,MA,ANE,EN,Federal Contract Tower,0,9,8,0,17,0,0,151,0,151,0,9,159,0,168,194,0,194,362
03/24/2022,OWD,MA,ANE,EN,Federal Contract Tower,0,1,1,0,2,0,0,0,0,0,0,1,1,0,2,0,0,0,2
03/25/2022,OWD,MA,ANE,EN,Federal Contract Tower,0,2,8,1,11,0,1,161,0,162,0,3,169,1,173,178,0,178,351
03/26/2022,OWD,MA,ANE,EN,Federal Contract Tower,0,0,18,0,18,0,0,112,0,112,0,0,130,0,130,130,0,130,260
03/27/2022,OWD,MA,ANE,EN,Federal Contract Tower,0,6,17,0,23,0,0,132,0,132,0,6,149,0,155,108,0,108,263
03/28/2022,OWD,MA,ANE,EN,Federal Contract Tower,0,6,14,0,20,0,0,27,0,27,0,6,41,0,47,22,0,22,69
03/29/2022,OWD,MA,ANE,EN,Federal Contract Tower,0,2,11,0,13,0,1,64,0,65,0,3,75,0,78,50,0,50,128
03/30/2022,OWD,MA,ANE,EN,Federal Contract Tower,0,4,11,0,15,0,0,118,0,118,0,4,129,0,133,168,0,168,301
03/31/2022,OWD,MA,ANE,EN,Federal Contract Tower,0,2,13,0,15,0,0,8,0,8,0,2,21,0,23,0,0,0,23
04/01/2022,OWD,MA,ANE,EN,Federal Contract Tower,0,3,15,0,18,0,0,59,0,59,0,3,74,0,77,200,0,200,277
04/02/2022,OWD,MA,ANE,EN,Federal Contract Tower,0,1,25,0,26,0,0,113,0,113,0,1,138,0,139,70,0,70,209
04/03/2022,OWD,MA,ANE,EN,Federal Contract Tower,0,2,18,0,20,0,0,110,0,110,0,2,128,0,130,158,0,158,288
04/04/2022,OWD,MA,ANE,EN,Federal Contract Tower,0,2,12,0,14,0,0,93,0,93,0,2,105,0,107,136,0,136,243
04/05/2022,OWD,MA,ANE,EN,Federal Contract Tower,0,4,7,0,11,0,1,146,0,147,0,5,153,0,158,216,0,216,374
04/06/2022,OWD,MA,ANE,EN,Federal Contract Tower,0,3,15,0,18,0,0,2,0,2,0,3,17,0,20,0,0,0,20
04/07/2022,OWD,MA,ANE,EN,Federal Contract Tower,0,7,22,1,30,0,0,120,0,120,0,7,142,1,150,212,0,212,362
04/08/2022,OWD,MA,ANE,EN,Federal Contract Tower,0,2,8,0,10,0,0,70,0,70,0,2,78,0,80,94,0,94,174
04/09/2022,OWD,MA,ANE,EN,Federal Contract Tower,0,10,8,0,18,0,0,116,0,116,0,10,124,0,134,114,0,114,248
04/10/2022,OWD,MA,ANE,EN,Federal Contract Tower,0,6,9,0,15,0,0,166,0,166,0,6,175,0,181,130,0,130,311
04/11/2022,OWD,MA,ANE,EN,Federal Contract Tower,0,6,23,0,29,0,0,142,0,142,0,6,165,0,171,94,0,94,265
04/12/2022,OWD,MA,ANE,EN,Federal Contract Tower,0,6,11,0,17,0,0,102,0,102,0,6,113,0,119,235,0,235,354
04/13/2022,OWD,MA,ANE,EN,Federal Contract Tower,0,5,14,0,19,0,1,131,0,132,0,6,145,0,151,178,0,178,329
04/14/2022,OWD,MA,ANE,EN,Federal Contract Tower,0,7,35,0,42,0,0,3,0,3,0,7,38,0,45,14,0,14,59
04/15/2022,OWD,MA,ANE,EN,Federal Contract Tower,0,7,6,0,13,0,0,140,0,140,0,7,146,0,153,170,0,170,323
04/16/2022,OWD,MA,ANE,EN,Federal Contract Tower,0,3,14,0,17,0,0,91,0,91,0,3,105,0,108,86,0,86,194
04/17/2022,OWD,MA,ANE,EN,Federal Contract Tower,0,4,15,0,19,0,2,91,0,93,0,6,106,0,112,78,0,78,190
04/18/2022,OWD,MA,ANE,EN,Federal Contract Tower,0,6,14,0,20,0,3,181,0,184,0,9,195,0,204,120,0,120,324
04/19/2022,OWD,MA,ANE,EN,Federal Contract Tower,0,4,6,0,10,0,0,3,0,3,0,4,9,0,13,0,0,0,13
04/20/2022,OWD,MA,ANE,EN,Federal Contract Tower,0,5,12,0,17,0,10,87,0,97,0,15,99,0,114,34,0,34,148
04/21/2022,OWD,MA,ANE,EN,Federal Contract Tower,0,1,15,0,16,0,0,88,0,88,0,1,103,0,104,12,0,12,116
04/22/2022,OWD,MA,ANE,EN,Federal Contract Tower,0,6,13,0,19,0,2,131,0,133,0,8,144,0,152,44,0,44,196
04/23/2022,OWD,MA,ANE,EN,Federal Contract Tower,0,0,11,0,11,0,0,170,0,170,0,0,181,0,181,128,0,128,309
04/24/2022,OWD,MA,ANE,EN,Federal Contract Tower,0,6,25,0,31,0,3,121,0,124,0,9,146,0,155,88,0,88,243
04/25/2022,OWD,MA,ANE,EN,Federal Contract Tower,0,3,15,0,18,0,2,114,0,116,0,5,129,0,134,164,0,164,298
04/26/2022,OWD,MA,ANE,EN,Federal Contract Tower,0,4,14,0,18,0,0,37,0,37,0,4,51,0,55,48,0,48,103
04/27/2022,OWD,MA,ANE,EN,Federal Contract Tower,0,3,15,0,18,0,2,82,0,84,0,5,97,0,102,80,1,81,183
04/28/2022,OWD,MA,ANE,EN,Federal Contract Tower,0,1,5,0,6,0,0,37,0,37,0,1,42,0,43,18,0,18,61
04/29/2022,OWD,MA,ANE,EN,Federal Contract Tower,0,5,13,0,18,0,0,90,0,90,0,5,103,0,108,24,0,24,132
04/30/2022,OWD,MA,ANE,EN,Federal Contract Tower,0,2,21,0,23,0,2,174,0,176,0,4,195,0,199,176,0,176,375
05/01/2022,OWD,MA,ANE,EN,Federal Contract Tower,0,6,17,0,23,0,1,198,0,199,0,7,215,0,222,144,0,144,366
05/02/2022,OWD,MA,ANE,EN,Federal Contract Tower,0,3,16,0,19,0,0,114,0,114,0,3,130,0,133,274,0,274,407
05/03/2022,OWD,MA,ANE,EN,Federal Contract Tower,0,3,23,0,26,0,0,48,0,48,0,3,71,0,74,42,0,42,116
05/04/2022,OWD,MA,ANE,EN,Federal Contract Tower,0,8,4,0,12,0,0,1,0,1,0,8,5,0,13,0,0,0,13
05/05/2022,OWD,MA,ANE,EN,Federal Contract Tower,0,12,20,0,32,0,4,145,0,149,0,16,165,0,181,222,0,222,403
05/06/2022,OWD,MA,ANE,EN,Federal Contract Tower,0,5,12,0,17,0,0,151,0,151,0,5,163,0,168,202,0,202,370
05/07/2022,OWD,MA,ANE,EN,Federal Contract Tower,0,2,9,0,11,0,1,6,0,7,0,3,15,0,18,0,0,0,18
05/08/2022,OWD,MA,ANE,EN,Federal Contract Tower,0,6,6,0,12,0,0,34,0,34,0,6,40,0,46,0,0,0,46
05/09/2022,OWD,MA,ANE,EN,Federal Contract Tower,0,4,5,0,9,0,0,35,0,35,0,4,40,0,44,32,0,32,76
05/10/2022,OWD,MA,ANE,EN,Federal Contract Tower,0,8,13,0,21,0,1,72,0,73,0,9,85,0,94,26,0,26,120
05/11/2022,OWD,MA,ANE,EN,Federal Contract Tower,0,6,22,0,28,0,0,84,0,84,0,6,106,0,112,106,0,106,218
05/12/2022,OWD,MA,ANE,EN,Federal Contract Tower,0,5,29,1,35,0,0,73,1,74,0,5,102,2,109,56,0,56,165
05/13/2022,OWD,MA,ANE,EN,Federal Contract Tower,0,2,33,0,35,0,1,125,0,126,0,3,158,0,161,118,0,118,279
05/14/2022,OWD,MA,ANE,EN,Federal Contract Tower,0,7,15,0,22,0,0,180,0,180,0,7,195,0,202,138,0,138,340
05/15/2022,OWD,MA,ANE,EN,Federal Contract Tower,0,9,35,0,44,0,0,68,0,68,0,9,103,0,112,104,0,104,216
05/16/2022,OWD,MA,ANE,EN,Federal Contract Tower,0,7,13,0,20,0,1,89,0,90,0,8,102,0,110,130,0,130,240
05/17/2022,OWD,MA,ANE,EN,Federal Contract Tower,0,5,16,0,21,0,2,66,0,68,0,7,82,0,89,22,0,22,111
05/18/2022,OWD,MA,ANE,EN,Federal Contract Tower,0,4,7,0,11,0,3,160,0,163,0,7,167,0,174,62,0,62,236
05/19/2022,OWD,MA,ANE,EN,Federal Contract Tower,0,9,35,0,44,0,0,46,0,46,0,9,81,0,90,142,0,142,232
05/20/2022,OWD,MA,ANE,EN,Federal Contract Tower,0,7,26,0,33,0,0,119,0,119,0,7,145,0,152,90,0,90,242
05/21/2022,OWD,MA,ANE,EN,Federal Contract Tower,0,12,18,0,30,0,0,99,0,99,0,12,117,0,129,54,0,54,183
05/22/2022,OWD,MA,ANE,EN,Federal Contract Tower,0,10,15,0,25,0,2,147,0,149,0,12,162,0,174,112,0,112,286
05/23/2022,OWD,MA,ANE,EN,Federal Contract Tower,0,1,17,0,18,0,3,144,0,147,0,4,161,0,165,66,0,66,231
05/24/2022,OWD,MA,ANE,EN,Federal Contract Tower,0,0,8,0,8,0,0,129,0,129,0,0,137,0,137,44,0,44,181
05/25/2022,OWD,MA,ANE,EN,Federal Contract Tower,0,5,9,0,14,0,1,183,0,184,0,6,192,0,198,204,0,204,402
05/26/2022,OWD,MA,ANE,EN,Federal Contract Tower,0,7,16,0,23,0,1,125,0,126,0,8,141,0,149,70,0,70,219
05/27/2022,OWD,MA,ANE,EN,Federal Contract Tower,0,12,34,0,46,0,0,29,0,29,0,12,63,0,75,26,0,26,101
05/28/2022,OWD,MA,ANE,EN,Federal Contract Tower,0,7,20,0,27,0,0,0,0,0,0,7,20,0,27,16,0,16,43
05/29/2022,OWD,MA,ANE,EN,Federal Contract Tower,0,6,9,0,15,0,0,157,0,157,0,6,166,0,172,188,0,188,360
05/30/2022,OWD,MA,ANE,EN,Federal Contract Tower,0,7,9,0,16,0,4,154,0,158,0,11,163,0,174,68,0,68,242
05/31/2022,OWD,MA,ANE,EN,Federal Contract Tower,0,8,20,0,28,0,2,101,0,103,0,10,121,0,131,92,0,92,223
06/01/2022,OWD,MA,ANE,EN,Federal Contract Tower,0,5,16,0,21,0,0,48,0,48,0,5,64,0,69,196,0,196,265
06/02/2022,OWD,MA,ANE,EN,Federal Contract Tower,0,14,29,0,43,0,1,38,0,39,0,15,67,0,82,38,0,38,120
06/03/2022,OWD,MA,ANE,EN,Federal Contract Tower,0,8,24,0,32,0,0,12,0,12,0,8,36,0,44,19,0,19,63
06/04/2022,OWD,MA,ANE,EN,Federal Contract Tower,0,12,27,0,39,0,0,128,0,128,0,12,155,0,167,138,0,138,305
06/05/2022,OWD,MA,ANE,EN,Federal Contract Tower,0,5,12,0,17,0,2,170,0,172,0,7,182,0,189,140,0,140,329
06/06/2022,OWD,MA,ANE,EN,Federal Contract Tower,0,16,8,0,24,0,0,134,0,134,0,16,142,0,158,150,0,150,308
06/07/2022,OWD,MA,ANE,EN,Federal Contract Tower,0,8,13,0,21,0,2,113,0,115,0,10,126,0,136,83,0,83,219
06/08/2022,OWD,MA,ANE,EN,Federal Contract Tower,0,5,28,0,33,0,0,87,0,87,0,5,115,0,120,38,0,38,158
06/09/2022,OWD,MA,ANE,EN,Federal Contract Tower,0,7,14,0,21,0,0,34,0,34,0,7,48,0,55,30,0,30,85
06/10/2022,OWD,MA,ANE,EN,Federal Contract Tower,0,3,25,0,28,0,1,157,0,158,0,4,182,0,186,130,0,130,316
06/11/2022,OWD,MA,ANE,EN,Federal Contract Tower,0,5,19,0,24,0,0,146,0,146,0,5,165,0,170,178,0,178,348
06/12/2022,OWD,MA,ANE,EN,Federal Contract Tower,0,11,28,0,39,0,2,85,0,87,0,13,113,0,126,94,0,94,220
06/13/2022,OWD,MA,ANE,EN,Federal Contract Tower,0,13,22,0,35,0,0,92,0,92,0,13,114,0,127,122,0,122,249
06/14/2022,OWD,MA,ANE,EN,Federal Contract Tower,0,8,13,0,21,0,4,159,0,163,0,12,172,0,184,212,0,212,396
06/15/2022,OWD,MA,ANE,EN,Federal Contract Tower,0,3,32,0,35,0,0,152,0,152,0,3,184,0,187,88,0,88,275
06/16/2022,OWD,MA,ANE,EN,Federal Contract Tower,0,7,36,0,43,0,0,158,0,158,0,7,194,0,201,88,0,88,289
06/17/2022,OWD,MA,ANE,EN,Federal Contract Tower,0,9,37,0,46,0,1,50,0,51,0,10,87,0,97,108,0,108,205
06/18/2022,OWD,MA,ANE,EN,Federal Contract Tower,0,8,22,0,30,0,0,134,0,134,0,8,156,0,164,88,0,88,252
06/19/2022,OWD,MA,ANE,EN,Federal Contract Tower,0,8,24,0,32,0,3,135,0,138,0,11,159,0,170,178,0,178,348
06/20/2022,OWD,MA,ANE,EN,Federal Contract Tower,0,11,10,0,21,0,4,191,0,195,0,15,201,0,216,134,0,134,350
06/21/2022,OWD,MA,ANE,EN,Federal Contract Tower,0,4,20,0,24,0,3,158,0,161,0,7,178,0,185,220,0,220,405
06/22/2022,OWD,MA,ANE,EN,Federal Contract Tower,0,2,43,0,45,0,1,125,0,126,0,3,168,0,171,142,0,142,313
06/23/2022,OWD,MA,ANE,EN,Federal Contract Tower,0,9,29,0,38,0,2,132,0,134,0,11,161,0,172,160,0,160,332
06/24/2022,OWD,MA,ANE,EN,Federal Contract Tower,0,12,26,0,38,0,1,146,0,147,0,13,172,0,185,130,0,130,315
06/25/2022,OWD,MA,ANE,EN,Federal Contract Tower,0,5,20,0,25,0,0,175,0,175,0,5,195,0,200,132,0,132,332
06/26/2022,OWD,MA,ANE,EN,Federal Contract Tower,0,6,13,0,19,0,4,197,0,201,0,10,210,0,220,44,0,44,264
06/27/2022,OWD,MA,ANE,EN,Federal Contract Tower,0,7,21,0,28,0,3,19,0,22,0,10,40,0,50,8,0,8,58
06/28/2022,OWD,MA,ANE,EN,Federal Contract Tower,0,4,17,0,21,0,3,165,0,168,0,7,182,0,189,116,0,116,305
06/29/2022,OWD,MA,ANE,EN,Federal Contract Tower,0,4,16,0,20,0,1,132,0,133,0,5,148,0,153,66,6,72,225
06/30/2022,OWD,MA,ANE,EN,Federal Contract Tower,0,10,16,0,26,0,2,168,0,170,0,12,184,0,196,88,0,88,284
07/01/2022,OWD,MA,ANE,EN,Federal Contract Tower,0,11,25,0,36,0,2,138,0,140,0,13,163,0,176,54,0,54,230
07/02/2022,OWD,MA,ANE,EN,Federal Contract Tower,0,14,5,0,19,0,0,9,0,9,0,14,14,0,28,34,0,34,62
07/03/2022,OWD,MA,ANE,EN,Federal Contract Tower,0,3,5,0,8,0,0,158,0,158,0,3,163,0,166,62,0,62,228
07/04/2022,OWD,MA,ANE,EN,Federal Contract Tower,0,3,10,0,13,0,2,106,0,108,0,5,116,0,121,96,0,96,217
07/05/2022,OWD,MA,ANE,EN,Federal Contract Tower,0,3,5,0,8,0,0,107,0,107,0,3,112,0,115,54,0,54,169
07/06/2022,OWD,MA,ANE,EN,Federal Contract Tower,0,10,22,0,32,0,0,117,0,117,0,10,139,0,149,136,0,136,285
07/07/2022,OWD,MA,ANE,EN,Federal Contract Tower,0,6,20,0,26,0,1,156,0,157,0,7,176,0,183,118,0,118,301
07/08/2022,OWD,MA,ANE,EN,Federal Contract Tower,0,5,16,0,21,0,0,127,0,127,0,5,143,0,148,174,0,174,322
07/09/2022,OWD,MA,ANE,EN,Federal Contract Tower,0,10,14,0,24,0,0,172,0,172,0,10,186,0,196,76,0,76,272
07/10/2022,OWD,MA,ANE,EN,Federal Contract Tower,0,7,8,0,15,0,2,211,0,213,0,9,219,0,228,184,0,184,412
07/11/2022,OWD,MA,ANE,EN,Federal Contract Tower,0,3,7,1,11,0,6,158,0,164,0,9,165,1,175,86,0,86,261
07/12/2022,OWD,MA,ANE,EN,Federal Contract Tower,0,4,1,0,5,0,1,41,0,42,0,5,42,0,47,2,0,2,49
07/13/2022,OWD,MA,ANE,EN,Federal Contract Tower,0,4,25,1,30,0,2,144,0,146,0,6,169,1,176,162,0,162,338
07/14/2022,OWD,MA,ANE,EN,Federal Contract Tower,0,10,17,0,27,0,0,107,0,107,0,10,124,0,134,184,0,184,318
07/15/2022,OWD,MA,ANE,EN,Federal Contract Tower,0,7,7,0,14,0,0,187,0,187,0,7,194,0,201,192,0,192,393
07/16/2022,OWD,MA,ANE,EN,Federal Contract Tower,0,6,13,0,19,0,0,211,0,211,0,6,224,0,230,168,0,168,398
07/17/2022,OWD,MA,ANE,EN,Federal Contract Tower,0,8,19,0,27,0,4,155,0,159,0,12,174,0,186,182,0,182,368
07/18/2022,OWD,MA,ANE,EN,Federal Contract Tower,0,8,20,0,28,0,0,34,0,34,0,8,54,0,62,94,0,94,156
07/19/2022,OWD,MA,ANE,EN,Federal Contract Tower,0,6,8,0,14,0,0,125,0,125,0,6,133,0,139,38,0,38,177
07/20/2022,OWD,MA,ANE,EN,Federal Contract Tower,0,5,15,0,20,0,2,95,0,97,0,7,110,0,117,68,0,68,185
07/21/2022,OWD,MA,ANE,EN,Federal Contract Tower,0,5,12,0,17,0,0,83,0,83,0,5,95,0,100,26,0,26,126
07/22/2022,OWD,MA,ANE,EN,Federal Contract Tower,0,9,12,0,21,0,0,186,0,186,0,9,198,0,207,160,0,160,367
07/23/2022,OWD,MA,ANE,EN,Federal Contract Tower,0,5,12,0,17,0,0,127,0,127,0,5,139,0,144,138,0,138,282
07/24/2022,OWD,MA,ANE,EN,Federal Contract Tower,0,8,15,0,23,0,0,119,0,119,0,8,134,0,142,40,0,40,182
07/25/2022,OWD,MA,ANE,EN,Federal Contract Tower,0,8,16,0,24,0,2,38,0,40,0,10,54,0,64,58,0,58,122
07/26/2022,OWD,MA,ANE,EN,Federal Contract Tower,0,1,12,0,13,0,1,183,0,184,0,2,195,0,197,148,0,148,345
07/27/2022,OWD,MA,ANE,EN,Federal Contract Tower,0,5,9,0,14,0,6,175,0,181,0,11,184,0,195,120,0,120,315
07/28/2022,OWD,MA,ANE,EN,Federal Contract Tower,0,8,20,0,28,0,3,79,0,82,0,11,99,0,110,98,0,98,208
07/29/2022,OWD,MA,ANE,EN,Federal Contract Tower,0,4,5,0,9,0,0,175,0,175,0,4,180,0,184,90,0,90,274
07/30/2022,OWD,MA,ANE,EN,Federal Contract Tower,0,3,3,0,6,0,0,142,0,142,0,3,145,0,148,22,0,22,170
07/31/2022,OWD,MA,ANE,EN,Federal Contract Tower,0,4,14,0,18,0,0,172,0,172,0,4,186,0,190,122,0,122,312
08/01/2022,OWD,MA,ANE,EN,Federal Contract Tower,0,6,21,0,27,0,3,168,0,171,0,9,189,0,198,110,0,110,308
08/02/2022,OWD,MA,ANE,EN,Federal Contract Tower,0,0,13,0,13,0,1,148,0,149,0,1,161,0,162,110,0,110,272
08/03/2022,OWD,MA,ANE,EN,Federal Contract Tower,0,3,13,0,16,0,0,173,0,173,0,3,186,0,189,130,0,130,319
08/04/2022,OWD,MA,ANE,EN,Federal Contract Tower,0,12,19,0,31,0,0,119,0,119,0,12,138,0,150,36,0,36,186
08/05/2022,OWD,MA,ANE,EN,Federal Contract Tower,0,12,12,0,24,0,0,122,0,122,0,12,134,0,146,88,0,88,234
08/06/2022,OWD,MA,ANE,EN,Federal Contract Tower,0,6,10,0,16,0,1,136,0,137,0,7,146,0,153,108,0,108,261
08/07/2022,OWD,MA,ANE,EN,Federal Contract Tower,0,7,23,0,30,0,2,174,0,176,0,9,197,0,206,48,0,48,254
08/08/2022,OWD,MA,ANE,EN,Federal Contract Tower,0,8,4,0,12,0,4,121,0,125,0,12,125,0,137,62,0,62,199
08/09/2022,OWD,MA,ANE,EN,Federal Contract Tower,0,8,8,0,16,0,2,79,0,81,0,10,87,0,97,102,0,102,199
08/10/2022,OWD,MA,ANE,EN,Federal Contract Tower,0,10,33,0,43,0,0,61,0,61,0,10,94,0,104,50,0,50,154
08/11/2022,OWD,MA,ANE,EN,Federal Contract Tower,0,9,29,0,38,0,1,52,0,53,0,10,81,0,91,136,0,136,227
08/12/2022,OWD,MA,ANE,EN,Federal Contract Tower,0,10,18,0,28,0,0,155,0,155,0,10,173,0,183,48,0,48,231
08/13/2022,OWD,MA,ANE,EN,Federal Contract Tower,0,7,6,0,13,0,0,167,0,167,0,7,173,0,180,106,0,106,286
08/14/2022,OWD,MA,ANE,EN,Federal Contract Tower,0,9,15,0,24,0,2,194,0,196,0,11,209,0,220,132,0,132,352
08/15/2022,OWD,MA,ANE,EN,Federal Contract Tower,0,7,10,0,17,0,4,188,0,192,0,11,198,0,209,124,0,124,333
08/16/2022,OWD,MA,ANE,EN,Federal Contract Tower,0,7,29,0,36,0,7,95,0,102,0,14,124,0,138,102,0,102,240
08/17/2022,OWD,MA,ANE,EN,Federal Contract Tower,0,7,21,1,29,0,2,47,0,49,0,9,68,1,78,90,0,90,168
08/18/2022,OWD,MA,ANE,EN,Federal Contract Tower,0,10,13,0,23,0,0,63,0,63,0,10,76,0,86,12,0,12,98
08/19/2022,OWD,MA,ANE,EN,Federal Contract Tower,0,5,10,0,15,0,0,164,0,164,0,5,174,0,179,126,0,126,305
08/20/2022,OWD,MA,ANE,EN,Federal Contract Tower,0,6,18,0,24,0,0,120,0,120,0,6,138,0,144,138,0,138,282
08/21/2022,OWD,MA,ANE,EN,Federal Contract Tower,0,6,15,0,21,0,2,125,0,127,0,8,140,0,148,204,0,204,352
08/22/2022,OWD,MA,ANE,EN,Federal Contract Tower,0,11,7,0,18,0,0,0,0,0,0,11,7,0,18,0,0,0,18
08/23/2022,OWD,MA,ANE,EN,Federal Contract Tower,0,0,16,0,16,0,0,5,0,5,0,0,21,0,21,0,0,0,21
08/24/2022,OWD,MA,ANE,EN,Federal Contract Tower,0,2,41,0,43,0,2,94,0,96,0,4,135,0,139,202,0,202,341
08/25/2022,OWD,MA,ANE,EN,Federal Contract Tower,0,7,11,0,18,0,1,136,0,137,0,8,147,0,155,124,0,124,279
08/26/2022,OWD,MA,ANE,EN,Federal Contract Tower,0,11,10,0,21,0,1,111,0,112,0,12,121,0,133,120,0,120,253
08/27/2022,OWD,MA,ANE,EN,Federal Contract Tower,0,12,13,0,25,0,0,149,0,149,0,12,162,0,174,152,0,152,326
08/28/2022,OWD,MA,ANE,EN,Federal Contract Tower,0,10,26,0,36,0,6,194,0,200,0,16,220,0,236,242,0,242,478
08/29/2022,OWD,MA,ANE,EN,Federal Contract Tower,0,3,19,0,22,0,2,127,0,129,0,5,146,0,151,210,0,210,361
08/30/2022,OWD,MA,ANE,EN,Federal Contract Tower,0,6,12,0,18,0,0,95,0,95,0,6,107,0,113,54,0,54,167
08/31/2022,OWD,MA,ANE,EN,Federal Contract Tower,0,4,8,0,12,0,0,100,0,100,0,4,108,0,112,136,0,136,248
09/01/2022,OWD,MA,ANE,EN,Federal Contract Tower,0,9,12,0,21,0,1,124,0,125,0,10,136,0,146,70,0,70,216
09/02/2022,OWD,MA,ANE,EN,Federal Contract Tower,0,11,22,0,33,0,5,195,0,200,0,16,217,0,233,160,0,160,393
09/03/2022,OWD,MA,ANE,EN,Federal Contract Tower,0,7,13,0,20,0,4,148,0,152,0,11,161,0,172,170,0,170,342
09/04/2022,OWD,MA,ANE,EN,Federal Contract Tower,0,1,13,0,14,0,0,175,0,175,0,1,188,0,189,248,0,248,437
09/05/2022,OWD,MA,ANE,EN,Federal Contract Tower,0,11,24,0,35,0,0,5,0,5,0,11,29,0,40,0,0,0,40
09/06/2022,OWD,MA,ANE,EN,Federal Contract Tower,0,6,22,0,28,0,0,0,0,0,0,6,22,0,28,0,0,0,28
09/07/2022,OWD,MA,ANE,EN,Federal Contract Tower,0,9,21,0,30,0,0,49,0,49,0,9,70,0,79,110,0,110,189
09/08/2022,OWD,MA,ANE,EN,Federal Contract Tower,0,6,26,0,32,0,0,121,0,121,0,6,147,0,153,172,0,172,325
09/09/2022,OWD,MA,ANE,EN,Federal Contract Tower,0,9,30,0,39,0,0,156,0,156,0,9,186,0,195,174,0,174,369
09/10/2022,OWD,MA,ANE,EN,Federal Contract Tower,0,6,11,0,17,0,0,224,0,224,0,6,235,0,241,178,0,178,419
09/11/2022,OWD,MA,ANE,EN,Federal Contract Tower,0,11,13,0,24,0,0,189,0,189,0,11,202,0,213,136,0,136,349
09/12/2022,OWD,MA,ANE,EN,Federal Contract Tower,0,7,19,0,26,0,0,5,0,5,0,7,24,0,31,0,0,0,31
09/13/2022,OWD,MA,ANE,EN,Federal Contract Tower,0,3,8,0,11,0,0,2,0,2,0,3,10,0,13,0,0,0,13
09/14/2022,OWD,MA,ANE,EN,Federal Contract Tower,0,4,15,0,19,0,2,130,0,132,0,6,145,0,151,140,0,140,291
09/15/2022,OWD,MA,ANE,EN,Federal Contract Tower,0,5,15,0,20,0,4,131,0,135,0,9,146,0,155,100,0,100,255
09/16/2022,OWD,MA,ANE,EN,Federal Contract Tower,0,7,17,0,24,0,2,209,0,211,0,9,226,0,235,88,0,88,323
09/17/2022,OWD,MA,ANE,EN,Federal Contract Tower,0,2,31,0,33,0,0,202,0,202,0,2,233,0,235,130,0,130,365
09/18/2022,OWD,MA,ANE,EN,Federal Contract Tower,0,10,18,0,28,0,1,196,0,197,0,11,214,0,225,122,0,122,347
09/19/2022,OWD,MA,ANE,EN,Federal Contract Tower,0,8,14,0,22,0,0,4,0,4,0,8,18,0,26,0,0,0,26
09/20/2022,OWD,MA,ANE,EN,Federal Contract Tower,0,11,40,0,51,0,0,2,0,2,0,11,42,0,53,0,0,0,53
09/21/2022,OWD,MA,ANE,EN,Federal Contract Tower,0,5,30,0,35,0,0,88,0,88,0,5,118,0,123,260,0,260,383
09/22/2022,OWD,MA,ANE,EN,Federal Contract Tower,0,6,16,0,22,0,0,12,0,12,0,6,28,0,34,34,0,34,68
09/23/2022,OWD,MA,ANE,EN,Federal Contract Tower,0,10,10,0,20,0,3,55,0,58,0,13,65,0,78,26,0,26,104
09/24/2022,OWD,MA,ANE,EN,Federal Contract Tower,0,11,17,0,28,0,2,127,0,129,0,13,144,0,157,80,0,80,237
09/25/2022,OWD,MA,ANE,EN,Federal Contract Tower,0,16,31,0,47,0,0,134,0,134,0,16,165,0,181,170,0,170,351
09/26/2022,OWD,MA,ANE,EN,Federal Contract Tower,0,6,19,0,25,0,0,103,0,103,0,6,122,0,128,138,0,138,266
09/27/2022,OWD,MA,ANE,EN,Federal Contract Tower,0,2,15,0,17,0,1,105,0,106,0,3,120,0,123,100,0,100,223
09/28/2022,OWD,MA,ANE,EN,Federal Contract Tower,0,7,14,0,21,0,1,92,0,93,0,8,106,0,114,120,0,120,234
09/29/2022,OWD,MA,ANE,EN,Federal Contract Tower,0,9,28,0,37,0,0,103,0,103,0,9,131,0,140,142,0,142,282
09/30/2022,OWD,MA,ANE,EN,Federal Contract Tower,0,8,27,0,35,0,0,159,0,159,0,8,186,0,194,196,0,196,390
10/01/2022,OWD,MA,ANE,EN,Federal Contract Tower,0,4,27,0,31,0,0,44,0,44,0,4,71,0,75,128,0,128,203
10/02/2022,OWD,MA,ANE,EN,Federal Contract Tower,0,5,15,0,20,0,0,1,0,1,0,5,16,0,21,0,0,0,21
10/03/2022,OWD,MA,ANE,EN,Federal Contract Tower,0,0,10,0,10,0,0,33,0,33,0,0,43,0,43,4,0,4,47
10/04/2022,OWD,MA,ANE,EN,Federal Contract Tower,0,2,19,0,21,0,0,11,0,11,0,2,30,0,32,18,0,18,50
10/05/2022,OWD,MA,ANE,EN,Federal Contract Tower,0,2,10,0,12,0,0,0,0,0,0,2,10,0,12,0,0,0,12
10/06/2022,OWD,MA,ANE,EN,Federal Contract Tower,0,17,24,0,41,0,0,145,0,145,0,17,169,0,186,252,0,252,438
10/07/2022,OWD,MA,ANE,EN,Federal Contract Tower,0,7,19,0,26,0,1,152,0,153,0,8,171,0,179,138,0,138,317
10/08/2022,OWD,MA,ANE,EN,Federal Contract Tower,0,6,22,0,28,0,0,197,0,197,0,6,219,0,225,242,0,242,467
10/09/2022,OWD,MA,ANE,EN,Federal Contract Tower,0,10,22,0,32,0,2,157,0,159,0,12,179,0,191,110,0,110,301
10/10/2022,OWD,MA,ANE,EN,Federal Contract Tower,0,10,12,0,22,0,0,153,0,153,0,10,165,0,175,160,0,160,335
10/11/2022,OWD,MA,ANE,EN,Federal Contract Tower,0,5,14,0,19,0,1,126,0,127,0,6,140,0,146,166,0,166,312
10/12/2022,OWD,MA,ANE,EN,Federal Contract Tower,0,5,15,0,20,0,0,129,0,129,0,5,144,0,149,174,0,174,323
10/13/2022,OWD,MA,ANE,EN,Federal Contract Tower,0,5,12,0,17,0,0,29,0,29,0,5,41,0,46,30,0,30,76
10/14/2022,OWD,MA,ANE,EN,Federal Contract Tower,0,7,10,0,17,0,0,26,0,26,0,7,36,0,43,14,0,14,57
10/15/2022,OWD,MA,ANE,EN,Federal Contract Tower,0,8,13,0,21,0,2,177,0,179,0,10,190,0,200,136,0,136,336
10/16/2022,OWD,MA,ANE,EN,Federal Contract Tower,0,5,20,0,25,0,0,180,0,180,0,5,200,0,205,278,0,278,483
10/17/2022,OWD,MA,ANE,EN,Federal Contract Tower,0,0,19,0,19,0,0,71,0,71,0,0,90,0,90,48,0,48,138
10/18/2022,OWD,MA,ANE,EN,Federal Contract Tower,0,2,18,0,20,0,9,36,0,45,0,11,54,0,65,136,0,136,201
10/19/2022,OWD,MA,ANE,EN,Federal Contract Tower,0,0,16,0,16,0,2,78,0,80,0,2,94,0,96,90,0,90,186
10/20/2022,OWD,MA,ANE,EN,Federal Contract Tower,0,3,20,0,23,0,1,67,0,68,0,4,87,0,91,32,0,32,123
10/21/2022,OWD,MA,ANE,EN,Federal Contract Tower,0,1,16,0,17,0,0,161,0,161,0,1,177,0,178,213,0,213,391
10/22/2022,OWD,MA,ANE,EN,Federal Contract Tower,0,3,16,0,19,0,0,176,0,176,0,3,192,0,195,144,0,144,339
10/23/2022,OWD,MA,ANE,EN,Federal Contract Tower,0,1,20,0,21,0,0,44,0,44,0,1,64,0,65,116,0,116,181
10/24/2022,OWD,MA,ANE,EN,Federal Contract Tower,0,5,8,0,13,0,0,0,0,0,0,5,8,0,13,0,0,0,13
10/25/2022,OWD,MA,ANE,EN,Federal Contract Tower,0,1,5,0,6,0,0,0,0,0,0,1,5,0,6,0,0,0,6
10/26/2022,OWD,MA,ANE,EN,Federal Contract Tower,0,1,7,0,8,0,0,0,0,0,0,1,7,0,8,0,0,0,8
10/27/2022,OWD,MA,ANE,EN,Federal Contract Tower,0,5,17,0,22,0,0,124,0,124,0,5,141,0,146,166,0,166,312
10/28/2022,OWD,MA,ANE,EN,Federal Contract Tower,0,5,12,0,17,0,0,125,0,125,0,5,137,0,142,188,0,188,330
10/29/2022,OWD,MA,ANE,EN,Federal Contract Tower,0,2,12,0,14,0,0,132,0,132,0,2,144,0,146,134,0,134,280
10/30/2022,OWD,MA,ANE,EN,Federal Contract Tower,0,2,16,0,18,0,0,159,0,159,0,2,175,0,177,142,0,142,319
10/31/2022,OWD,MA,ANE,EN,Federal Contract Tower,0,3,31,0,34,0,0,94,0,94,0,3,125,0,128,122,0,122,250
11/01/2022,OWD,MA,ANE,EN,Federal Contract Tower,0,1,16,0,17,0,0,4,0,4,0,1,20,0,21,0,0,0,21
11/02/2022,OWD,MA,ANE,EN,Federal Contract Tower,0,6,19,0,25,0,2,107,0,109,0,8,126,0,134,188,0,188,322
11/03/2022,OWD,MA,ANE,EN,Federal Contract Tower,0,2,13,0,15,0,0,90,0,90,0,2,103,0,105,166,0,166,271
11/04/2022,OWD,MA,ANE,EN,Federal Contract Tower,0,3,18,0,21,0,1,107,0,108,0,4,125,0,129,52,0,52,181
11/05/2022,OWD,MA,ANE,EN,Federal Contract Tower,0,10,14,0,24,0,6,119,1,126,0,16,133,1,150,80,0,80,230
11/06/2022,OWD,MA,ANE,EN,Federal Contract Tower,0,17,15,0,32,0,2,90,5,97,0,19,105,5,129,100,0,100,229
11/07/2022,OWD,MA,ANE,EN,Federal Contract Tower,0,0,12,0,12,0,2,72,0,74,0,2,84,0,86,132,0,132,218
11/08/2022,OWD,MA,ANE,EN,Federal Contract Tower,0,1,9,0,10,0,1,71,0,72,0,2,80,0,82,58,0,58,140
11/09/2022,OWD,MA,ANE,EN,Federal Contract Tower,0,0,26,0,26,0,0,153,0,153,0,0,179,0,179,200,0,200,379
11/10/2022,OWD,MA,ANE,EN,Federal Contract Tower,0,0,13,0,13,0,0,98,0,98,0,0,111,0,111,90,0,90,201
11/11/2022,OWD,MA,ANE,EN,Federal Contract Tower,0,7,26,0,33,0,0,103,0,103,0,7,129,0,136,188,0,188,324
11/12/2022,OWD,MA,ANE,EN,Federal Contract Tower,0,0,7,0,7,0,0,55,0,55,0,0,62,0,62,66,0,66,128
11/13/2022,OWD,MA,ANE,EN,Federal Contract Tower,0,5,27,0,32,0,3,22,0,25,0,8,49,0,57,66,0,66,123
11/14/2022,OWD,MA,ANE,EN,Federal Contract Tower,0,5,9,0,14,0,0,92,0,92,0,5,101,0,106,138,0,138,244
11/15/2022,OWD,MA,ANE,EN,Federal Contract Tower,0,6,22,0,28,0,0,111,2,113,0,6,133,2,141,152,2,154,295
11/16/2022,OWD,MA,ANE,EN,Federal Contract Tower,0,3,5,0,8,0,0,9,0,9,0,3,14,0,17,0,0,0,17
11/17/2022,OWD,MA,ANE,EN,Federal Contract Tower,0,1,17,0,18,0,0,56,0,56,0,1,73,0,74,128,0,128,202
11/18/2022,OWD,MA,ANE,EN,Federal Contract Tower,0,6,9,0,15,0,0,143,0,143,0,6,152,0,158,178,0,178,336
11/19/2022,OWD,MA,ANE,EN,Federal Contract Tower,3,0,11,0,14,0,0,179,0,179,3,0,190,0,193,170,0,170,363
11/20/2022,OWD,MA,ANE,EN,Federal Contract Tower,0,16,14,0,30,0,4,40,0,44,0,20,54,0,74,0,0,0,74
11/21/2022,OWD,MA,ANE,EN,Federal Contract Tower,0,1,5,0,6,0,2,120,0,122,0,3,125,0,128,86,0,86,214
11/22/2022,OWD,MA,ANE,EN,Federal Contract Tower,0,3,8,0,11,0,0,127,0,127,0,3,135,0,138,162,0,162,300
11/23/2022,OWD,MA,ANE,EN,Federal Contract Tower,0,2,19,0,21,0,0,109,0,109,0,2,128,0,130,56,0,56,186
11/24/2022,OWD,MA,ANE,EN,Federal Contract Tower,0,3,1,0,4,0,0,24,0,24,0,3,25,0,28,45,0,45,73
11/25/2022,OWD,MA,ANE,EN,Federal Contract Tower,0,4,8,0,12,0,0,15,0,15,0,4,23,0,27,22,0,22,49
11/26/2022,OWD,MA,ANE,EN,Federal Contract Tower,0,7,18,0,25,0,0,128,0,128,0,7,146,0,153,80,0,80,233
11/27/2022,OWD,MA,ANE,EN,Federal Contract Tower,0,0,16,0,16,0,0,68,0,68,0,0,84,0,84,142,0,142,226
11/28/2022,OWD,MA,ANE,EN,Federal Contract Tower,0,4,4,0,8,0,0,71,0,71,0,4,75,0,79,82,0,82,161
12/01/2022,OWD,MA,ANE,EN,Federal Contract Tower,0,0,13,0,13,0,0,39,0,39,0,0,52,0,52,32,0,32,84
12/02/2022,OWD,MA,ANE,EN,Federal Contract Tower,0,4,16,0,20,0,0,111,0,111,0,4,127,0,131,98,0,98,229
12/03/2022,OWD,MA,ANE,EN,Federal Contract Tower,0,0,5,0,5,0,0,2,0,2,0,0,7,0,7,26,0,26,33
12/04/2022,OWD,MA,ANE,EN,Federal Contract Tower,0,2,15,0,17,0,2,169,6,177,0,4,184,6,194,138,0,138,332
12/05/2022,OWD,MA,ANE,EN,Federal Contract Tower,0,1,8,0,9,0,0,109,0,109,0,1,117,0,118,174,0,174,292
12/06/2022,OWD,MA,ANE,EN,Federal Contract Tower,0,2,3,0,5,0,2,86,0,88,0,4,89,0,93,104,0,104,197
12/07/2022,OWD,MA,ANE,EN,Federal Contract Tower,0,3,4,0,7,0,0,0,0,0,0,3,4,0,7,0,0,0,7
12/08/2022,OWD,MA,ANE,EN,Federal Contract Tower,0,4,4,0,8,0,1,99,0,100,0,5,103,0,108,52,0,52,160
12/09/2022,OWD,MA,ANE,EN,Federal Contract Tower,0,3,8,0,11,0,0,94,0,94,0,3,102,0,105,36,0,36,141
12/10/2022,OWD,MA,ANE,EN,Federal Contract Tower,0,0,15,0,15,0,0,20,0,20,0,0,35,0,35,4,0,4,39
12/11/2022,OWD,MA,ANE,EN,Federal Contract Tower,0,2,3,0,5,0,0,66,0,66,0,2,69,0,71,126,0,126,197
12/12/2022,OWD,MA,ANE,EN,Federal Contract Tower,0,0,10,0,10,0,0,49,0,49,0,0,59,0,59,84,0,84,143
12/13/2022,OWD,MA,ANE,EN,Federal Contract Tower,0,9,6,0,15,0,0,119,0,119,0,9,125,0,134,32,0,32,166
12/14/2022,OWD,MA,ANE,EN,Federal Contract Tower,0,5,10,0,15,0,0,62,0,62,0,5,72,0,77,4,0,4,81
12/15/2022,OWD,MA,ANE,EN,Federal Contract Tower,0,5,12,0,17,0,0,29,0,29,0,5,41,0,46,264,2,266,312
12/16/2022,OWD,MA,ANE,EN,Federal Contract Tower,0,0,0,0,0,0,0,0,0,0,0,0,0,0,0,0,0,0,0
12/17/2022,OWD,MA,ANE,EN,Federal Contract Tower,0,2,7,0,9,0,0,23,0,23,0,2,30,0,32,42,0,42,74
12/18/2022,OWD,MA,ANE,EN,Federal Contract Tower,0,2,14,0,16,0,1,186,0,187,0,3,200,0,203,102,0,102,305
12/19/2022,OWD,MA,ANE,EN,Federal Contract Tower,0,0,8,0,8,0,0,63,0,63,0,0,71,0,71,52,0,52,123
12/20/2022,OWD,MA,ANE,EN,Federal Contract Tower,0,1,7,2,10,0,0,94,0,94,0,1,101,2,104,143,0,143,247
12/21/2022,OWD,MA,ANE,EN,Federal Contract Tower,0,2,13,0,15,0,0,125,0,125,0,2,138,0,140,116,0,116,256
12/22/2022,OWD,MA,ANE,EN,Federal Contract Tower,0,3,5,0,8,0,0,89,0,89,0,3,94,0,97,172,0,172,269
12/23/2022,OWD,MA,ANE,EN,Federal Contract Tower,0,0,1,0,1,0,0,0,0,0,0,0,1,0,1,0,0,0,1
12/24/2022,OWD,MA,ANE,EN,Federal Contract Tower,0,2,1,0,3,0,0,14,0,14,0,2,15,0,17,4,0,4,21
12/25/2022,OWD,MA,ANE,EN,Federal Contract Tower,0,0,1,0,1,0,0,3,0,3,0,0,4,0,4,0,0,0,4
12/26/2022,OWD,MA,ANE,EN,Federal Contract Tower,0,0,4,0,4,0,0,100,0,100,0,0,104,0,104,54,0,54,158
12/27/2022,OWD,MA,ANE,EN,Federal Contract Tower,0,4,9,0,13,0,0,101,0,101,0,4,110,0,114,112,0,112,226
12/28/2022,OWD,MA,ANE,EN,Federal Contract Tower,0,0,4,0,4,0,0,82,0,82,0,0,86,0,86,68,0,68,154
12/29/2022,OWD,MA,ANE,EN,Federal Contract Tower,2,0,6,0,8,0,0,113,0,113,2,0,119,0,121,114,0,114,235
12/30/2022,OWD,MA,ANE,EN,Federal Contract Tower,0,3,12,0,15,0,0,93,0,93,0,3,105,0,108,76,0,76,184
12/31/2022,OWD,MA,ANE,EN,Federal Contract Tower,0,2,6,0,8,0,0,0,0,0,0,2,6,0,8,0,0,0,8
01/01/2023,OWD,MA,ANE,EN,Federal Contract Tower,0,4,2,0,6,0,0,38,0,38,0,4,40,0,44,10,0,10,54
01/02/2023,OWD,MA,ANE,EN,Federal Contract Tower,0,2,10,0,12,0,0,119,0,119,0,2,129,0,131,236,0,236,367
01/03/2023,OWD,MA,ANE,EN,Federal Contract Tower,0,5,6,0,11,0,0,0,0,0,0,5,6,0,11,0,0,0,11
01/04/2023,OWD,MA,ANE,EN,Federal Contract Tower,0,1,4,3,8,0,0,1,0,1,0,1,5,3,9,4,0,4,13
01/05/2023,OWD,MA,ANE,EN,Federal Contract Tower,0,3,11,0,14,0,0,0,0,0,0,3,11,0,14,0,0,0,14
01/06/2023,OWD,MA,ANE,EN,Federal Contract Tower,0,2,3,0,5,0,0,0,0,0,0,2,3,0,5,0,0,0,5
01/07/2023,OWD,MA,ANE,EN,Federal Contract Tower,0,3,14,0,17,0,0,141,0,141,0,3,155,0,158,180,0,180,338
01/08/2023,OWD,MA,ANE,EN,Federal Contract Tower,0,4,9,0,13,0,0,143,0,143,0,4,152,0,156,184,0,184,340
01/09/2023,OWD,MA,ANE,EN,Federal Contract Tower,0,1,8,0,9,0,0,84,0,84,0,1,92,0,93,184,0,184,277
01/10/2023,OWD,MA,ANE,EN,Federal Contract Tower,0,1,20,0,21,0,0,149,0,149,0,1,169,0,170,144,0,144,314
01/11/2023,OWD,MA,ANE,EN,Federal Contract Tower,0,5,13,0,18,0,0,87,0,87,0,5,100,0,105,148,0,148,253
01/12/2023,OWD,MA,ANE,EN,Federal Contract Tower,0,0,12,0,12,0,0,17,0,17,0,0,29,0,29,126,0,126,155
01/13/2023,OWD,MA,ANE,EN,Federal Contract Tower,0,0,12,0,12,0,0,30,0,30,0,0,42,0,42,32,0,32,74
01/14/2023,OWD,MA,ANE,EN,Federal Contract Tower,0,3,4,0,7,0,0,0,0,0,0,3,4,0,7,0,0,0,7
01/15/2023,OWD,MA,ANE,EN,Federal Contract Tower,0,0,10,0,10,0,0,38,0,38,0,0,48,0,48,20,0,20,68
01/16/2023,OWD,MA,ANE,EN,Federal Contract Tower,0,0,2,0,2,0,0,3,0,3,0,0,5,0,5,2,0,2,7
01/17/2023,OWD,MA,ANE,EN,Federal Contract Tower,0,1,14,0,15,0,0,93,0,93,0,1,107,0,108,160,0,160,268
01/18/2023,OWD,MA,ANE,EN,Federal Contract Tower,0,6,12,0,18,0,0,84,0,84,0,6,96,0,102,130,4,134,236
01/19/2023,OWD,MA,ANE,EN,Federal Contract Tower,0,4,13,1,18,0,0,64,0,64,0,4,77,1,82,190,0,190,272
01/20/2023,OWD,MA,ANE,EN,Federal Contract Tower,0,0,5,0,5,0,0,0,0,0,0,0,5,0,5,0,0,0,5
01/21/2023,OWD,MA,ANE,EN,Federal Contract Tower,0,2,5,0,7,0,0,69,0,69,0,2,74,0,76,304,0,304,380
01/22/2023,OWD,MA,ANE,EN,Federal Contract Tower,0,0,6,0,6,0,0,47,0,47,0,0,53,0,53,254,0,254,307
01/23/2023,OWD,MA,ANE,EN,Federal Contract Tower,0,0,1,0,1,0,0,0,0,0,0,0,1,0,1,0,0,0,1
01/24/2023,OWD,MA,ANE,EN,Federal Contract Tower,0,3,16,0,19,0,1,75,0,76,0,4,91,0,95,168,0,168,263
01/25/2023,OWD,MA,ANE,EN,Federal Contract Tower,0,3,5,0,8,0,0,37,0,37,0,3,42,0,45,154,0,154,199
01/26/2023,OWD,MA,ANE,EN,Federal Contract Tower,0,5,6,0,11,0,0,8,0,8,0,5,14,0,19,32,0,32,51
01/27/2023,OWD,MA,ANE,EN,Federal Contract Tower,0,2,13,0,15,0,0,119,0,119,0,2,132,0,134,122,0,122,256
01/28/2023,OWD,MA,ANE,EN,Federal Contract Tower,0,3,11,0,14,0,0,107,0,107,0,3,118,0,121,114,0,114,235
01/29/2023,OWD,MA,ANE,EN,Federal Contract Tower,0,2,7,0,9,0,1,84,0,85,0,3,91,0,94,106,0,106,200
01/30/2023,OWD,MA,ANE,EN,Federal Contract Tower,0,0,7,1,8,0,7,65,0,72,0,7,72,1,80,178,0,178,258
01/31/2023,OWD,MA,ANE,EN,Federal Contract Tower,0,1,5,0,6,0,0,57,0,57,0,1,62,0,63,164,0,164,227
02/01/2023,OWD,MA,ANE,EN,Federal Contract Tower,0,9,12,0,21,0,0,102,0,102,0,9,114,0,123,148,0,148,271
02/02/2023,OWD,MA,ANE,EN,Federal Contract Tower,0,4,6,0,10,0,0,97,0,97,0,4,103,0,107,198,0,198,305
02/03/2023,OWD,MA,ANE,EN,Federal Contract Tower,0,2,4,0,6,0,0,6,0,6,0,2,10,0,12,0,0,0,12
02/04/2023,OWD,MA,ANE,EN,Federal Contract Tower,0,2,11,0,13,0,0,42,0,42,0,2,53,0,55,6,0,6,61
02/05/2023,OWD,MA,ANE,EN,Federal Contract Tower,0,0,7,0,7,0,0,59,0,59,0,0,66,0,66,48,0,48,114
02/06/2023,OWD,MA,ANE,EN,Federal Contract Tower,0,1,12,0,13,0,0,136,0,136,0,1,148,0,149,210,0,210,359
02/07/2023,OWD,MA,ANE,EN,Federal Contract Tower,0,1,14,0,15,0,0,82,0,82,0,1,96,0,97,208,0,208,305
02/08/2023,OWD,MA,ANE,EN,Federal Contract Tower,0,1,12,0,13,0,0,89,0,89,0,1,101,0,102,38,0,38,140
02/09/2023,OWD,MA,ANE,EN,Federal Contract Tower,0,5,10,0,15,0,0,67,0,67,0,5,77,0,82,176,0,176,258
02/10/2023,OWD,MA,ANE,EN,Federal Contract Tower,0,0,16,0,16,0,0,30,0,30,0,0,46,0,46,42,0,42,88
02/11/2023,OWD,MA,ANE,EN,Federal Contract Tower,0,0,16,0,16,0,0,94,0,94,0,0,110,0,110,70,0,70,180
02/12/2023,OWD,MA,ANE,EN,Federal Contract Tower,0,1,7,0,8,0,1,130,0,131,0,2,137,0,139,138,0,138,277
02/13/2023,OWD,MA,ANE,EN,Federal Contract Tower,0,2,7,0,9,0,0,55,0,55,0,2,62,0,64,208,0,208,272
02/15/2023,OWD,MA,ANE,EN,Federal Contract Tower,0,0,8,0,8,0,0,72,0,72,0,0,80,0,80,52,0,52,132
02/16/2023,OWD,MA,ANE,EN,Federal Contract Tower,0,6,12,0,18,0,0,105,0,105,0,6,117,0,123,98,0,98,221
02/17/2023,OWD,MA,ANE,EN,Federal Contract Tower,0,0,4,0,4,0,0,3,0,3,0,0,7,0,7,0,0,0,7
02/18/2023,OWD,MA,ANE,EN,Federal Contract Tower,0,0,6,0,6,0,0,133,0,133,0,0,139,0,139,62,0,62,201
02/19/2023,OWD,MA,ANE,EN,Federal Contract Tower,0,2,11,0,13,0,1,126,0,127,0,3,137,0,140,192,0,192,332
02/20/2023,OWD,MA,ANE,EN,Federal Contract Tower,0,0,14,0,14,0,0,75,17,92,0,0,89,17,106,68,0,68,174
02/21/2023,OWD,MA,ANE,EN,Federal Contract Tower,0,0,5,0,5,0,0,0,0,0,0,0,5,0,5,0,0,0,5
02/22/2023,OWD,MA,ANE,EN,Federal Contract Tower,0,3,5,2,10,0,0,85,0,85,0,3,90,2,95,130,0,130,225
02/23/2023,OWD,MA,ANE,EN,Federal Contract Tower,0,0,1,0,1,0,0,0,0,0,0,0,1,0,1,0,0,0,1
02/24/2023,OWD,MA,ANE,EN,Federal Contract Tower,0,0,5,0,5,0,0,20,0,20,0,0,25,0,25,0,0,0,25
02/25/2023,OWD,MA,ANE,EN,Federal Contract Tower,0,0,11,0,11,0,1,35,0,36,0,1,46,0,47,36,0,36,83
02/26/2023,OWD,MA,ANE,EN,Federal Contract Tower,0,0,8,0,8,0,0,29,0,29,0,0,37,0,37,106,0,106,143
02/27/2023,OWD,MA,ANE,EN,Federal Contract Tower,0,2,20,0,22,0,0,99,0,99,0,2,119,0,121,178,0,178,299
02/28/2023,OWD,MA,ANE,EN,Federal Contract Tower,0,0,0,0,0,0,0,0,0,0,0,0,0,0,0,0,0,0,0
03/01/2023,OWD,MA,ANE,EN,Federal Contract Tower,0,7,15,0,22,0,1,115,0,116,0,8,130,0,138,128,0,128,266
03/02/2023,OWD,MA,ANE,EN,Federal Contract Tower,0,2,18,0,20,0,0,6,0,6,0,2,24,0,26,2,0,2,28
03/03/2023,OWD,MA,ANE,EN,Federal Contract Tower,0,3,17,0,20,0,1,102,0,103,0,4,119,0,123,146,0,146,269
03/04/2023,OWD,MA,ANE,EN,Federal Contract Tower,0,0,0,0,0,0,0,0,0,0,0,0,0,0,0,0,0,0,0
03/05/2023,OWD,MA,ANE,EN,Federal Contract Tower,0,6,6,0,12,0,2,105,0,107,0,8,111,0,119,90,0,90,209
03/06/2023,OWD,MA,ANE,EN,Federal Contract Tower,0,7,15,0,22,0,0,49,0,49,0,7,64,0,71,34,0,34,105
03/07/2023,OWD,MA,ANE,EN,Federal Contract Tower,0,6,12,0,18,0,0,76,0,76,0,6,88,0,94,78,0,78,172
03/08/2023,OWD,MA,ANE,EN,Federal Contract Tower,0,6,14,0,20,0,1,85,0,86,0,7,99,0,106,110,0,110,216
03/09/2023,OWD,MA,ANE,EN,Federal Contract Tower,0,2,15,0,17,0,0,111,0,111,0,2,126,0,128,118,0,118,246
03/10/2023,OWD,MA,ANE,EN,Federal Contract Tower,0,5,14,0,19,0,3,185,0,188,0,8,199,0,207,162,0,162,369
03/11/2023,OWD,MA,ANE,EN,Federal Contract Tower,0,1,7,0,8,0,0,2,0,2,0,1,9,0,10,0,0,0,10
03/12/2023,OWD,MA,ANE,EN,Federal Contract Tower,0,3,7,0,10,0,0,159,0,159,0,3,166,0,169,220,0,220,389
03/13/2023,OWD,MA,ANE,EN,Federal Contract Tower,0,4,10,0,14,0,0,33,0,33,0,4,43,0,47,94,0,94,141
03/14/2023,OWD,MA,ANE,EN,Federal Contract Tower,0,0,1,0,1,0,0,0,0,0,0,0,1,0,1,0,0,0,1
03/15/2023,OWD,MA,ANE,EN,Federal Contract Tower,0,0,5,0,5,0,0,6,0,6,0,0,11,0,11,0,0,0,11
03/16/2023,OWD,MA,ANE,EN,Federal Contract Tower,0,5,11,0,16,0,0,101,0,101,0,5,112,0,117,62,0,62,179
03/17/2023,OWD,MA,ANE,EN,Federal Contract Tower,0,8,13,0,21,0,1,108,0,109,0,9,121,0,130,80,0,80,210
03/18/2023,OWD,MA,ANE,EN,Federal Contract Tower,0,4,13,0,17,0,0,143,0,143,0,4,156,0,160,40,0,40,200
03/19/2023,OWD,MA,ANE,EN,Federal Contract Tower,0,7,12,0,19,0,0,49,0,49,0,7,61,0,68,14,0,14,82
03/20/2023,OWD,MA,ANE,EN,Federal Contract Tower,0,7,10,0,17,0,0,79,0,79,0,7,89,0,96,62,0,62,158
03/21/2023,OWD,MA,ANE,EN,Federal Contract Tower,0,2,18,0,20,0,3,139,0,142,0,5,157,0,162,100,0,100,262
03/22/2023,OWD,MA,ANE,EN,Federal Contract Tower,0,4,13,0,17,0,0,112,0,112,0,4,125,0,129,130,0,130,259
03/23/2023,OWD,MA,ANE,EN,Federal Contract Tower,0,2,16,0,18,0,0,6,0,6,0,2,22,0,24,74,0,74,98
03/24/2023,OWD,MA,ANE,EN,Federal Contract Tower,0,4,16,1,21,0,0,0,0,0,0,4,16,1,21,116,0,116,137
03/25/2023,OWD,MA,ANE,EN,Federal Contract Tower,0,2,7,0,9,0,0,0,0,0,0,2,7,0,9,76,0,76,85
03/26/2023,OWD,MA,ANE,EN,Federal Contract Tower,0,4,13,0,17,0,0,71,0,71,0,4,84,0,88,60,0,60,148
03/27/2023,OWD,MA,ANE,EN,Federal Contract Tower,0,4,18,0,22,0,0,88,0,88,0,4,106,0,110,178,0,178,288
03/28/2023,OWD,MA,ANE,EN,Federal Contract Tower,0,0,5,13,18,0,0,16,0,16,0,0,21,13,34,30,0,30,64
03/29/2023,OWD,MA,ANE,EN,Federal Contract Tower,0,6,18,0,24,0,1,150,0,151,0,7,168,0,175,152,0,152,327
03/30/2023,OWD,MA,ANE,EN,Federal Contract Tower,0,7,10,0,17,0,0,67,0,67,0,7,77,0,84,16,0,16,100
03/31/2023,OWD,MA,ANE,EN,Federal Contract Tower,0,6,18,0,24,0,0,134,0,134,0,6,152,0,158,130,0,130,288
04/01/2023,OWD,MA,ANE,EN,Federal Contract Tower,0,0,6,0,6,0,0,2,0,2,0,0,8,0,8,2,0,2,10
04/02/2023,OWD,MA,ANE,EN,Federal Contract Tower,0,3,15,0,18,0,0,77,0,77,0,3,92,0,95,28,0,28,123
04/03/2023,OWD,MA,ANE,EN,Federal Contract Tower,0,6,13,0,19,0,0,114,0,114,0,6,127,0,133,90,0,90,223
04/04/2023,OWD,MA,ANE,EN,Federal Contract Tower,0,10,13,0,23,0,0,117,0,117,0,10,130,0,140,218,0,218,358
04/05/2023,OWD,MA,ANE,EN,Federal Contract Tower,0,5,16,0,21,0,0,23,0,23,0,5,39,0,44,28,0,28,72
04/06/2023,OWD,MA,ANE,EN,Federal Contract Tower,0,5,6,0,11,0,0,20,0,20,0,5,26,0,31,82,0,82,113
04/07/2023,OWD,MA,ANE,EN,Federal Contract Tower,0,9,11,0,20,0,1,101,0,102,0,10,112,0,122,72,0,72,194
04/08/2023,OWD,MA,ANE,EN,Federal Contract Tower,0,4,22,0,26,0,1,164,0,165,0,5,186,0,191,146,0,146,337
04/09/2023,OWD,MA,ANE,EN,Federal Contract Tower,0,4,8,0,12,0,0,133,0,133,0,4,141,0,145,194,0,194,339
04/10/2023,OWD,MA,ANE,EN,Federal Contract Tower,0,6,16,0,22,0,2,193,0,195,0,8,209,0,217,202,0,202,419
04/11/2023,OWD,MA,ANE,EN,Federal Contract Tower,0,3,7,0,10,0,0,96,0,96,0,3,103,0,106,82,0,82,188
04/12/2023,OWD,MA,ANE,EN,Federal Contract Tower,0,0,12,0,12,0,2,50,0,52,0,2,62,0,64,4,0,4,68
04/13/2023,OWD,MA,ANE,EN,Federal Contract Tower,0,8,15,0,23,0,1,139,0,140,0,9,154,0,163,88,0,88,251
04/14/2023,OWD,MA,ANE,EN,Federal Contract Tower,0,5,18,0,23,0,0,181,0,181,0,5,199,0,204,126,0,126,330
04/15/2023,OWD,MA,ANE,EN,Federal Contract Tower,0,3,31,0,34,0,0,130,0,130,0,3,161,0,164,152,0,152,316
04/16/2023,OWD,MA,ANE,EN,Federal Contract Tower,0,4,13,0,17,0,0,2,0,2,0,4,15,0,19,0,0,0,19
04/17/2023,OWD,MA,ANE,EN,Federal Contract Tower,0,3,16,0,19,0,0,0,0,0,0,3,16,0,19,0,0,0,19
04/18/2023,OWD,MA,ANE,EN,Federal Contract Tower,0,3,5,0,8,0,1,64,0,65,0,4,69,0,73,96,0,96,169
04/19/2023,OWD,MA,ANE,EN,Federal Contract Tower,0,1,6,0,7,0,3,99,0,102,0,4,105,0,109,124,0,124,233
04/20/2023,OWD,MA,ANE,EN,Federal Contract Tower,0,8,12,0,20,0,3,124,0,127,0,11,136,0,147,120,0,120,267
04/21/2023,OWD,MA,ANE,EN,Federal Contract Tower,0,0,16,0,16,0,0,162,0,162,0,0,178,0,178,120,0,120,298
04/22/2023,OWD,MA,ANE,EN,Federal Contract Tower,0,14,20,0,34,0,0,73,0,73,0,14,93,0,107,236,0,236,343
04/23/2023,OWD,MA,ANE,EN,Federal Contract Tower,0,9,12,0,21,0,0,0,0,0,0,9,12,0,21,0,0,0,21
04/24/2023,OWD,MA,ANE,EN,Federal Contract Tower,0,10,21,0,31,0,0,63,0,63,0,10,84,0,94,240,0,240,334
04/25/2023,OWD,MA,ANE,EN,Federal Contract Tower,0,7,23,0,30,0,0,105,0,105,0,7,128,0,135,204,0,204,339
04/26/2023,OWD,MA,ANE,EN,Federal Contract Tower,0,8,15,0,23,0,0,126,0,126,0,8,141,0,149,200,0,200,349
04/27/2023,OWD,MA,ANE,EN,Federal Contract Tower,0,8,23,0,31,0,0,88,0,88,0,8,111,0,119,222,0,222,341
04/28/2023,OWD,MA,ANE,EN,Federal Contract Tower,0,5,14,0,19,0,2,193,0,195,0,7,207,0,214,156,0,156,370
04/29/2023,OWD,MA,ANE,EN,Federal Contract Tower,0,3,5,0,8,0,0,135,0,135,0,3,140,0,143,162,0,162,305
04/30/2023,OWD,MA,ANE,EN,Federal Contract Tower,0,4,6,0,10,0,0,0,0,0,0,4,6,0,10,0,0,0,10
05/01/2023,OWD,MA,ANE,EN,Federal Contract Tower,0,6,11,0,17,0,0,81,0,81,0,6,92,0,98,120,0,120,218
05/02/2023,OWD,MA,ANE,EN,Federal Contract Tower,0,6,14,0,20,0,0,39,0,39,0,6,53,0,59,74,0,74,133
05/03/2023,OWD,MA,ANE,EN,Federal Contract Tower,0,3,18,0,21,0,0,81,0,81,0,3,99,0,102,106,0,106,208
05/04/2023,OWD,MA,ANE,EN,Federal Contract Tower,0,4,20,0,24,0,0,17,0,17,0,4,37,0,41,48,0,48,89
05/05/2023,OWD,MA,ANE,EN,Federal Contract Tower,0,6,26,0,32,0,0,59,0,59,0,6,85,0,91,68,0,68,159
05/06/2023,OWD,MA,ANE,EN,Federal Contract Tower,0,2,12,0,14,0,0,220,0,220,0,2,232,0,234,132,0,132,366
05/07/2023,OWD,MA,ANE,EN,Federal Contract Tower,0,6,20,0,26,0,2,189,0,191,0,8,209,0,217,64,0,64,281
05/08/2023,OWD,MA,ANE,EN,Federal Contract Tower,0,2,8,0,10,0,0,125,0,125,0,2,133,0,135,102,0,102,237
05/09/2023,OWD,MA,ANE,EN,Federal Contract Tower,0,6,10,0,16,0,0,139,0,139,0,6,149,0,155,62,0,62,217
05/10/2023,OWD,MA,ANE,EN,Federal Contract Tower,0,10,12,0,22,0,0,137,0,137,0,10,149,0,159,106,0,106,265
05/11/2023,OWD,MA,ANE,EN,Federal Contract Tower,0,9,10,0,19,0,1,104,0,105,0,10,114,0,124,141,0,141,265
05/12/2023,OWD,MA,ANE,EN,Federal Contract Tower,0,2,14,0,16,0,0,153,0,153,0,2,167,0,169,84,0,84,253
05/13/2023,OWD,MA,ANE,EN,Federal Contract Tower,0,4,18,0,22,0,2,153,0,155,0,6,171,0,177,144,0,144,321
05/14/2023,OWD,MA,ANE,EN,Federal Contract Tower,0,2,6,0,8,0,3,144,0,147,0,5,150,0,155,116,0,116,271
05/15/2023,OWD,MA,ANE,EN,Federal Contract Tower,0,7,12,0,19,0,0,126,0,126,0,7,138,0,145,180,0,180,325
05/16/2023,OWD,MA,ANE,EN,Federal Contract Tower,0,1,11,0,12,0,0,77,0,77,0,1,88,0,89,122,0,122,211
05/17/2023,OWD,MA,ANE,EN,Federal Contract Tower,0,7,13,0,20,0,2,71,0,73,0,9,84,0,93,114,0,114,207
05/18/2023,OWD,MA,ANE,EN,Federal Contract Tower,0,13,14,0,27,0,1,124,0,125,0,14,138,0,152,124,0,124,276
05/19/2023,OWD,MA,ANE,EN,Federal Contract Tower,0,9,25,0,34,0,2,179,0,181,0,11,204,0,215,110,0,110,325
05/20/2023,OWD,MA,ANE,EN,Federal Contract Tower,0,5,22,0,27,0,0,25,0,25,0,5,47,0,52,56,0,56,108
05/21/2023,OWD,MA,ANE,EN,Federal Contract Tower,0,9,29,0,38,0,2,144,0,146,0,11,173,0,184,130,0,130,314
05/23/2023,OWD,MA,ANE,EN,Federal Contract Tower,0,7,12,0,19,0,1,143,0,144,0,8,155,0,163,136,0,136,299
05/24/2023,OWD,MA,ANE,EN,Federal Contract Tower,0,2,18,0,20,0,0,125,0,125,0,2,143,0,145,144,0,144,289
05/25/2023,OWD,MA,ANE,EN,Federal Contract Tower,0,2,13,0,15,0,0,169,0,169,0,2,182,0,184,132,0,132,316
05/26/2023,OWD,MA,ANE,EN,Federal Contract Tower,0,11,19,0,30,0,0,198,0,198,0,11,217,0,228,86,0,86,314
05/27/2023,OWD,MA,ANE,EN,Federal Contract Tower,0,6,12,0,18,0,1,135,0,136,0,7,147,0,154,218,0,218,372
05/28/2023,OWD,MA,ANE,EN,Federal Contract Tower,0,4,7,0,11,0,0,41,0,41,0,4,48,0,52,4,0,4,56
05/29/2023,OWD,MA,ANE,EN,Federal Contract Tower,0,14,8,0,22,0,5,107,0,112,0,19,115,0,134,32,0,32,166
05/30/2023,OWD,MA,ANE,EN,Federal Contract Tower,0,0,0,0,0,0,6,123,0,129,0,6,123,0,129,122,0,122,251
05/31/2023,OWD,MA,ANE,EN,Federal Contract Tower,0,2,10,0,12,0,0,157,0,157,0,2,167,0,169,170,0,170,339
06/01/2023,OWD,MA,ANE,EN,Federal Contract Tower,0,9,5,0,14,0,3,148,0,151,0,12,153,0,165,226,0,226,391
06/02/2023,OWD,MA,ANE,EN,Federal Contract Tower,0,7,17,0,24,0,0,126,0,126,0,7,143,0,150,46,0,46,196
06/03/2023,OWD,MA,ANE,EN,Federal Contract Tower,0,10,22,0,32,0,0,2,0,2,0,10,24,0,34,0,0,0,34
06/04/2023,OWD,MA,ANE,EN,Federal Contract Tower,0,8,23,0,31,0,1,25,0,26,0,9,48,0,57,116,0,116,173
06/05/2023,OWD,MA,ANE,EN,Federal Contract Tower,0,0,20,0,20,0,0,28,0,28,0,0,48,0,48,86,0,86,134
06/06/2023,OWD,MA,ANE,EN,Federal Contract Tower,0,4,18,0,22,0,2,87,0,89,0,6,105,0,111,88,0,88,199
06/07/2023,OWD,MA,ANE,EN,Federal Contract Tower,0,6,12,0,18,0,0,102,2,104,0,6,114,2,122,182,6,188,310
06/08/2023,OWD,MA,ANE,EN,Federal Contract Tower,0,19,17,0,36,0,2,168,0,170,0,21,185,0,206,280,0,280,486
06/09/2023,OWD,MA,ANE,EN,Federal Contract Tower,0,10,16,0,26,0,2,95,0,97,0,12,111,0,123,194,0,194,317
06/10/2023,OWD,MA,ANE,EN,Federal Contract Tower,0,9,14,0,23,0,0,87,0,87,0,9,101,0,110,176,0,176,286
06/11/2023,OWD,MA,ANE,EN,Federal Contract Tower,0,5,12,0,17,0,2,216,0,218,0,7,228,0,235,122,0,122,357
06/12/2023,OWD,MA,ANE,EN,Federal Contract Tower,0,5,14,0,19,0,0,141,0,141,0,5,155,0,160,128,0,128,288
06/13/2023,OWD,MA,ANE,EN,Federal Contract Tower,0,8,19,0,27,0,0,62,0,62,0,8,81,0,89,44,0,44,133
06/14/2023,OWD,MA,ANE,EN,Federal Contract Tower,0,12,11,0,23,0,0,140,0,140,0,12,151,0,163,84,0,84,247
06/15/2023,OWD,MA,ANE,EN,Federal Contract Tower,0,10,31,0,41,0,10,210,0,220,0,20,241,0,261,178,0,178,439
06/16/2023,OWD,MA,ANE,EN,Federal Contract Tower,0,15,21,0,36,0,0,122,0,122,0,15,143,0,158,166,0,166,324
06/17/2023,OWD,MA,ANE,EN,Federal Contract Tower,0,5,21,0,26,0,1,4,0,5,0,6,25,0,31,14,0,14,45
06/18/2023,OWD,MA,ANE,EN,Federal Contract Tower,0,6,32,0,38,0,3,128,0,131,0,9,160,0,169,136,0,136,305
06/19/2023,OWD,MA,ANE,EN,Federal Contract Tower,0,4,21,0,25,0,0,144,0,144,0,4,165,0,169,156,0,156,325
06/20/2023,OWD,MA,ANE,EN,Federal Contract Tower,0,4,13,0,17,0,1,174,0,175,0,5,187,0,192,136,0,136,328
06/22/2023,OWD,MA,ANE,EN,Federal Contract Tower,0,5,30,0,35,0,0,142,0,142,0,5,172,0,177,142,0,142,319
06/23/2023,OWD,MA,ANE,EN,Federal Contract Tower,0,12,28,0,40,0,1,88,0,89,0,13,116,0,129,104,0,104,233
06/24/2023,OWD,MA,ANE,EN,Federal Contract Tower,0,4,24,0,28,0,0,27,0,27,0,4,51,0,55,18,0,18,73
06/25/2023,OWD,MA,ANE,EN,Federal Contract Tower,0,10,37,0,47,0,1,109,0,110,0,11,146,0,157,154,0,154,311
06/26/2023,OWD,MA,ANE,EN,Federal Contract Tower,0,2,18,0,20,0,0,64,0,64,0,2,82,0,84,174,0,174,258
06/27/2023,OWD,MA,ANE,EN,Federal Contract Tower,0,9,17,0,26,0,0,51,0,51,0,9,68,0,77,52,0,52,129
06/28/2023,OWD,MA,ANE,EN,Federal Contract Tower,0,4,11,0,15,0,0,38,0,38,0,4,49,0,53,174,0,174,227
06/29/2023,OWD,MA,ANE,EN,Federal Contract Tower,0,6,27,1,34,0,1,119,0,120,0,7,146,1,154,204,2,206,360
06/30/2023,OWD,MA,ANE,EN,Federal Contract Tower,0,6,37,0,43,0,0,162,0,162,0,6,199,0,205,236,0,236,441
07/01/2023,OWD,MA,ANE,EN,Federal Contract Tower,0,8,23,0,31,0,1,114,0,115,0,9,137,0,146,208,0,208,354
07/02/2023,OWD,MA,ANE,EN,Federal Contract Tower,0,3,16,0,19,0,1,4,0,5,0,4,20,0,24,14,0,14,38
07/03/2023,OWD,MA,ANE,EN,Federal Contract Tower,0,2,7,0,9,0,0,44,0,44,0,2,51,0,53,36,0,36,89
07/04/2023,OWD,MA,ANE,EN,Federal Contract Tower,0,5,9,0,14,0,0,0,0,0,0,5,9,0,14,0,0,0,14
07/05/2023,OWD,MA,ANE,EN,Federal Contract Tower,0,7,19,0,26,0,0,151,0,151,0,7,170,0,177,208,0,208,385
07/06/2023,OWD,MA,ANE,EN,Federal Contract Tower,0,8,18,0,26,0,1,168,0,169,0,9,186,0,195,166,0,166,361
07/07/2023,OWD,MA,ANE,EN,Federal Contract Tower,0,9,26,0,35,0,1,163,0,164,0,10,189,0,199,258,0,258,457
07/08/2023,OWD,MA,ANE,EN,Federal Contract Tower,0,1,27,0,28,0,0,147,0,147,0,1,174,0,175,204,0,204,379
07/09/2023,OWD,MA,ANE,EN,Federal Contract Tower,0,8,27,4,39,0,0,47,0,47,0,8,74,4,86,128,0,128,214
07/10/2023,OWD,MA,ANE,EN,Federal Contract Tower,0,4,9,0,13,0,0,0,0,0,0,4,9,0,13,0,0,0,13
07/11/2023,OWD,MA,ANE,EN,Federal Contract Tower,0,4,17,0,21,0,0,173,0,173,0,4,190,0,194,170,0,170,364
07/12/2023,OWD,MA,ANE,EN,Federal Contract Tower,0,5,17,0,22,0,0,177,0,177,0,5,194,0,199,208,0,208,407
07/13/2023,OWD,MA,ANE,EN,Federal Contract Tower,0,3,19,0,22,0,1,214,0,215,0,4,233,0,237,178,0,178,415
07/14/2023,OWD,MA,ANE,EN,Federal Contract Tower,0,4,10,0,14,0,0,129,0,129,0,4,139,0,143,194,0,194,337
07/15/2023,OWD,MA,ANE,EN,Federal Contract Tower,0,7,25,0,32,0,0,128,0,128,0,7,153,0,160,198,0,198,358
07/16/2023,OWD,MA,ANE,EN,Federal Contract Tower,0,7,14,0,21,0,0,2,0,2,0,7,16,0,23,4,0,4,27
07/17/2023,OWD,MA,ANE,EN,Federal Contract Tower,0,9,23,0,32,0,0,158,4,162,0,9,181,4,194,224,4,228,422
07/18/2023,OWD,MA,ANE,EN,Federal Contract Tower,0,2,21,0,23,0,0,57,0,57,0,2,78,0,80,144,0,144,224
07/19/2023,OWD,MA,ANE,EN,Federal Contract Tower,0,1,18,0,19,0,0,175,0,175,0,1,193,0,194,192,0,192,386
07/20/2023,OWD,MA,ANE,EN,Federal Contract Tower,0,9,9,0,18,0,5,262,0,267,0,14,271,0,285,222,0,222,507
07/21/2023,OWD,MA,ANE,EN,Federal Contract Tower,0,18,21,0,39,0,2,150,0,152,0,20,171,0,191,220,0,220,411
07/22/2023,OWD,MA,ANE,EN,Federal Contract Tower,0,6,18,0,24,0,4,134,0,138,0,10,152,0,162,256,0,256,418
07/23/2023,OWD,MA,ANE,EN,Federal Contract Tower,0,0,7,14,21,0,5,184,0,189,0,5,191,14,210,118,0,118,328
07/24/2023,OWD,MA,ANE,EN,Federal Contract Tower,0,2,6,0,8,0,2,130,0,132,0,4,136,0,140,154,0,154,294
07/25/2023,OWD,MA,ANE,EN,Federal Contract Tower,0,6,10,0,16,0,0,57,0,57,0,6,67,0,73,178,0,178,251
07/26/2023,OWD,MA,ANE,EN,Federal Contract Tower,0,6,18,0,24,0,1,123,0,124,0,7,141,0,148,106,0,106,254
07/27/2023,OWD,MA,ANE,EN,Federal Contract Tower,0,8,13,0,21,0,0,38,0,38,0,8,51,0,59,22,0,22,81
07/28/2023,OWD,MA,ANE,EN,Federal Contract Tower,0,14,9,0,23,1,4,205,0,210,1,18,214,0,233,314,0,314,547
07/29/2023,OWD,MA,ANE,EN,Federal Contract Tower,0,7,6,0,13,0,2,61,0,63,0,9,67,0,76,138,0,138,214
07/30/2023,OWD,MA,ANE,EN,Federal Contract Tower,0,10,25,0,35,0,2,190,0,192,0,12,215,0,227,124,0,124,351
07/31/2023,OWD,MA,ANE,EN,Federal Contract Tower,0,11,12,0,23,0,2,149,0,151,0,13,161,0,174,130,0,130,304
08/01/2023,OWD,MA,ANE,EN,Federal Contract Tower,0,5,9,0,14,0,0,177,1,178,0,5,186,1,192,138,2,140,332
08/02/2023,OWD,MA,ANE,EN,Federal Contract Tower,0,8,15,0,23,0,1,145,0,146,0,9,160,0,169,120,0,120,289
08/03/2023,OWD,MA,ANE,EN,Federal Contract Tower,0,8,10,0,18,0,4,169,0,173,0,12,179,0,191,20,0,20,211
08/04/2023,OWD,MA,ANE,EN,Federal Contract Tower,0,10,18,0,28,0,9,89,0,98,0,19,107,0,126,142,0,142,268
08/05/2023,OWD,MA,ANE,EN,Federal Contract Tower,0,3,16,0,19,0,2,154,0,156,0,5,170,0,175,110,0,110,285
08/06/2023,OWD,MA,ANE,EN,Federal Contract Tower,0,4,15,0,19,0,0,171,0,171,0,4,186,0,190,120,0,120,310
08/07/2023,OWD,MA,ANE,EN,Federal Contract Tower,0,4,18,0,22,0,0,62,0,62,0,4,80,0,84,128,0,128,212
08/08/2023,OWD,MA,ANE,EN,Federal Contract Tower,0,3,23,0,26,0,0,38,0,38,0,3,61,0,64,64,0,64,128
08/09/2023,OWD,MA,ANE,EN,Federal Contract Tower,0,8,0,0,8,0,4,132,0,136,0,12,132,0,144,106,0,106,250
08/10/2023,OWD,MA,ANE,EN,Federal Contract Tower,0,5,20,0,25,0,6,146,0,152,0,11,166,0,177,140,0,140,317
08/11/2023,OWD,MA,ANE,EN,Federal Contract Tower,0,6,12,0,18,0,0,136,0,136,0,6,148,0,154,68,0,68,222
08/12/2023,OWD,MA,ANE,EN,Federal Contract Tower,0,1,13,0,14,0,0,193,0,193,0,1,206,0,207,132,0,132,339
08/13/2023,OWD,MA,ANE,EN,Federal Contract Tower,0,0,23,0,23,0,0,86,0,86,0,0,109,0,109,72,0,72,181
08/14/2023,OWD,MA,ANE,EN,Federal Contract Tower,0,0,0,0,0,0,3,49,0,52,0,3,49,0,52,76,0,76,128
08/15/2023,OWD,MA,ANE,EN,Federal Contract Tower,0,15,32,0,47,0,0,0,0,0,0,15,32,0,47,0,0,0,47
08/16/2023,OWD,MA,ANE,EN,Federal Contract Tower,0,8,30,0,38,0,2,19,0,21,0,10,49,0,59,56,0,56,115
08/17/2023,OWD,MA,ANE,EN,Federal Contract Tower,0,17,35,0,52,0,1,49,0,50,0,18,84,0,102,54,0,54,156
08/18/2023,OWD,MA,ANE,EN,Federal Contract Tower,0,2,33,0,35,0,0,69,0,69,0,2,102,0,104,32,0,32,136
08/19/2023,OWD,MA,ANE,EN,Federal Contract Tower,0,3,21,0,24,0,0,118,0,118,0,3,139,0,142,22,0,22,164
08/20/2023,OWD,MA,ANE,EN,Federal Contract Tower,0,6,24,0,30,0,0,170,0,170,0,6,194,0,200,52,0,52,252
08/21/2023,OWD,MA,ANE,EN,Federal Contract Tower,0,4,17,0,21,0,1,105,0,106,0,5,122,0,127,188,0,188,315
08/22/2023,OWD,MA,ANE,EN,Federal Contract Tower,0,3,12,0,15,0,2,118,2,122,0,5,130,2,137,106,0,106,243
08/23/2023,OWD,MA,ANE,EN,Federal Contract Tower,0,3,23,0,26,0,0,144,0,144,0,3,167,0,170,188,0,188,358
08/24/2023,OWD,MA,ANE,EN,Federal Contract Tower,0,4,16,0,20,0,2,143,0,145,0,6,159,0,165,50,0,50,215
08/25/2023,OWD,MA,ANE,EN,Federal Contract Tower,0,10,11,0,21,0,0,0,0,0,0,10,11,0,21,0,0,0,21
08/26/2023,OWD,MA,ANE,EN,Federal Contract Tower,0,9,19,0,28,0,0,92,0,92,0,9,111,0,120,158,0,158,278
08/27/2023,OWD,MA,ANE,EN,Federal Contract Tower,0,8,27,0,35,0,0,91,0,91,0,8,118,0,126,234,0,234,360
08/29/2023,OWD,MA,ANE,EN,Federal Contract Tower,0,15,30,0,45,0,0,26,0,26,0,15,56,0,71,32,0,32,103
08/30/2023,OWD,MA,ANE,EN,Federal Contract Tower,0,7,14,0,21,0,2,28,0,30,0,9,42,0,51,34,0,34,85
08/31/2023,OWD,MA,ANE,EN,Federal Contract Tower,0,1,22,0,23,0,9,191,0,200,0,10,213,0,223,92,0,92,315
01/01/2020,OWD,MA,ANE,EN,Federal Contract Tower,0,1,8,0,9,0,0,24,0,24,0,1,32,0,33,32,0,32,65
01/02/2020,OWD,MA,ANE,EN,Federal Contract Tower,0,2,8,0,10,0,11,92,0,103,0,13,100,0,113,118,0,118,231
01/03/2020,OWD,MA,ANE,EN,Federal Contract Tower,0,0,8,0,8,0,4,58,0,62,0,4,66,0,70,56,0,56,126
01/04/2020,OWD,MA,ANE,EN,Federal Contract Tower,0,0,10,0,10,0,0,0,0,0,0,0,10,0,10,0,0,0,10
01/05/2020,OWD,MA,ANE,EN,Federal Contract Tower,0,4,9,0,13,0,0,14,0,14,0,4,23,0,27,12,0,12,39
01/06/2020,OWD,MA,ANE,EN,Federal Contract Tower,0,2,4,0,6,0,7,26,0,33,0,9,30,0,39,138,0,138,177
01/07/2020,OWD,MA,ANE,EN,Federal Contract Tower,0,1,9,0,10,0,14,78,0,92,0,15,87,0,102,138,0,138,240
01/09/2020,OWD,MA,ANE,EN,Federal Contract Tower,0,0,6,0,6,0,14,79,0,93,0,14,85,0,99,82,0,82,181
01/10/2020,OWD,MA,ANE,EN,Federal Contract Tower,0,2,6,0,8,0,8,44,0,52,0,10,50,0,60,58,0,58,118
01/11/2020,OWD,MA,ANE,EN,Federal Contract Tower,0,0,4,0,4,0,0,42,0,42,0,0,46,0,46,18,0,18,64
01/12/2020,OWD,MA,ANE,EN,Federal Contract Tower,0,2,4,0,6,0,0,25,0,25,0,2,29,0,31,0,0,0,31
01/13/2020,OWD,MA,ANE,EN,Federal Contract Tower,0,2,2,0,4,0,1,22,0,23,0,3,24,0,27,38,0,38,65
01/14/2020,OWD,MA,ANE,EN,Federal Contract Tower,0,3,9,0,12,0,6,60,2,68,0,9,69,2,80,126,0,126,206
01/15/2020,OWD,MA,ANE,EN,Federal Contract Tower,0,3,11,0,14,0,5,90,0,95,0,8,101,0,109,134,0,134,243
01/16/2020,OWD,MA,ANE,EN,Federal Contract Tower,0,7,9,0,16,0,0,4,0,4,0,7,13,0,20,0,0,0,20
01/17/2020,OWD,MA,ANE,EN,Federal Contract Tower,0,6,1,0,7,0,4,20,0,24,0,10,21,0,31,44,0,44,75
01/18/2020,OWD,MA,ANE,EN,Federal Contract Tower,0,1,5,0,6,0,0,95,0,95,0,1,100,0,101,92,0,92,193
01/19/2020,OWD,MA,ANE,EN,Federal Contract Tower,0,1,3,0,4,0,0,41,0,41,0,1,44,0,45,96,0,96,141
01/20/2020,OWD,MA,ANE,EN,Federal Contract Tower,0,0,5,0,5,0,5,80,0,85,0,5,85,0,90,64,0,64,154
01/21/2020,OWD,MA,ANE,EN,Federal Contract Tower,0,3,18,0,21,0,3,72,0,75,0,6,90,0,96,140,0,140,236
01/22/2020,OWD,MA,ANE,EN,Federal Contract Tower,0,3,8,0,11,0,8,90,0,98,0,11,98,0,109,96,0,96,205
01/23/2020,OWD,MA,ANE,EN,Federal Contract Tower,0,3,12,0,15,0,13,90,0,103,0,16,102,0,118,122,0,122,240
01/24/2020,OWD,MA,ANE,EN,Federal Contract Tower,0,2,5,0,7,0,6,93,0,99,0,8,98,0,106,124,0,124,230
01/25/2020,OWD,MA,ANE,EN,Federal Contract Tower,0,0,2,0,2,0,0,10,0,10,0,0,12,0,12,42,0,42,54
01/26/2020,OWD,MA,ANE,EN,Federal Contract Tower,0,0,3,0,3,0,0,98,0,98,0,0,101,0,101,90,0,90,191
01/27/2020,OWD,MA,ANE,EN,Federal Contract Tower,0,3,2,0,5,0,3,89,0,92,0,6,91,0,97,64,0,64,161
01/28/2020,OWD,MA,ANE,EN,Federal Contract Tower,0,4,6,0,10,0,15,84,0,99,0,19,90,0,109,100,0,100,209
01/29/2020,OWD,MA,ANE,EN,Federal Contract Tower,0,2,8,0,10,0,5,85,0,90,0,7,93,0,100,96,0,96,196
01/30/2020,OWD,MA,ANE,EN,Federal Contract Tower,0,1,10,0,11,0,12,79,3,94,0,13,89,3,105,100,0,100,205
01/31/2020,OWD,MA,ANE,EN,Federal Contract Tower,0,3,9,0,12,0,3,90,0,93,0,6,99,0,105,82,6,88,193
02/01/2020,OWD,MA,ANE,EN,Federal Contract Tower,0,1,7,0,8,0,2,0,0,2,0,3,7,0,10,0,0,0,10
02/02/2020,OWD,MA,ANE,EN,Federal Contract Tower,0,6,11,0,17,0,3,96,0,99,0,9,107,0,116,114,0,114,230
02/03/2020,OWD,MA,ANE,EN,Federal Contract Tower,0,7,7,0,14,0,3,78,0,81,0,10,85,0,95,108,0,108,203
02/04/2020,OWD,MA,ANE,EN,Federal Contract Tower,0,4,16,2,22,0,8,48,7,63,0,12,64,9,85,138,0,138,223
02/05/2020,OWD,MA,ANE,EN,Federal Contract Tower,0,3,7,0,10,0,14,63,0,77,0,17,70,0,87,98,0,98,185
02/06/2020,OWD,MA,ANE,EN,Federal Contract Tower,0,2,2,0,4,0,0,0,0,0,0,2,2,0,4,0,0,0,4
02/07/2020,OWD,MA,ANE,EN,Federal Contract Tower,0,2,2,0,4,0,0,0,0,0,0,2,2,0,4,0,0,0,4
02/08/2020,OWD,MA,ANE,EN,Federal Contract Tower,0,3,4,0,7,0,0,40,0,40,0,3,44,0,47,24,0,24,71
02/09/2020,OWD,MA,ANE,EN,Federal Contract Tower,0,5,19,0,24,0,1,105,0,106,0,6,124,0,130,138,0,138,268
02/10/2020,OWD,MA,ANE,EN,Federal Contract Tower,0,5,8,0,13,0,0,1,0,1,0,5,9,0,14,0,0,0,14
02/11/2020,OWD,MA,ANE,EN,Federal Contract Tower,0,7,4,0,11,0,0,0,0,0,0,7,4,0,11,0,0,0,11
02/12/2020,OWD,MA,ANE,EN,Federal Contract Tower,0,7,11,0,18,0,17,129,0,146,0,24,140,0,164,86,0,86,250
02/14/2020,OWD,MA,ANE,EN,Federal Contract Tower,0,2,5,0,7,0,7,70,0,77,0,9,75,0,84,58,0,58,142
02/15/2020,OWD,MA,ANE,EN,Federal Contract Tower,0,0,5,2,7,0,2,130,0,132,0,2,135,2,139,128,0,128,267
02/16/2020,OWD,MA,ANE,EN,Federal Contract Tower,0,1,5,0,6,0,0,105,0,105,0,1,110,0,111,110,0,110,221
02/17/2020,OWD,MA,ANE,EN,Federal Contract Tower,0,2,5,0,7,0,10,131,0,141,0,12,136,0,148,96,0,96,244
02/18/2020,OWD,MA,ANE,EN,Federal Contract Tower,0,3,5,0,8,0,4,11,0,15,0,7,16,0,23,0,0,0,23
02/19/2020,OWD,MA,ANE,EN,Federal Contract Tower,0,6,6,0,12,0,6,31,0,37,0,12,37,0,49,8,0,8,57
02/20/2020,OWD,MA,ANE,EN,Federal Contract Tower,0,1,5,0,6,0,5,85,4,94,0,6,90,4,100,44,4,48,148
02/21/2020,OWD,MA,ANE,EN,Federal Contract Tower,0,2,5,0,7,0,8,82,0,90,0,10,87,0,97,136,0,136,233
02/22/2020,OWD,MA,ANE,EN,Federal Contract Tower,0,0,8,0,8,0,0,117,0,117,0,0,125,0,125,90,0,90,215
02/23/2020,OWD,MA,ANE,EN,Federal Contract Tower,0,4,8,0,12,0,2,144,0,146,0,6,152,0,158,106,0,106,264
02/24/2020,OWD,MA,ANE,EN,Federal Contract Tower,0,7,4,1,12,0,7,98,0,105,0,14,102,1,117,58,0,58,175
02/25/2020,OWD,MA,ANE,EN,Federal Contract Tower,0,7,10,1,18,0,13,111,1,125,0,20,121,2,143,90,0,90,233
02/26/2020,OWD,MA,ANE,EN,Federal Contract Tower,0,6,9,0,15,0,6,9,0,15,0,12,18,0,30,66,0,66,96
02/27/2020,OWD,MA,ANE,EN,Federal Contract Tower,0,1,1,0,2,0,0,4,0,4,0,1,5,0,6,2,0,2,8
02/29/2020,OWD,MA,ANE,EN,Federal Contract Tower,0,5,16,0,21,0,1,154,0,155,0,6,170,0,176,152,0,152,328
03/01/2020,OWD,MA,ANE,EN,Federal Contract Tower,0,6,7,0,13,0,0,118,0,118,0,6,125,0,131,96,0,96,227
03/02/2020,OWD,MA,ANE,EN,Federal Contract Tower,0,2,8,0,10,0,5,74,0,79,0,7,82,0,89,94,0,94,183
03/03/2020,OWD,MA,ANE,EN,Federal Contract Tower,0,2,13,0,15,0,11,84,0,95,0,13,97,0,110,152,0,152,262
03/04/2020,OWD,MA,ANE,EN,Federal Contract Tower,0,2,7,0,9,0,0,10,0,10,0,2,17,0,19,0,0,0,19
03/05/2020,OWD,MA,ANE,EN,Federal Contract Tower,0,4,13,0,17,0,9,94,0,103,0,13,107,0,120,50,0,50,170
03/06/2020,OWD,MA,ANE,EN,Federal Contract Tower,0,5,7,0,12,0,10,84,0,94,0,15,91,0,106,72,0,72,178
03/07/2020,OWD,MA,ANE,EN,Federal Contract Tower,0,4,3,0,7,0,0,28,0,28,0,4,31,0,35,4,0,4,39
03/08/2020,OWD,MA,ANE,EN,Federal Contract Tower,0,2,6,0,8,0,5,126,0,131,0,7,132,0,139,138,0,138,277
03/09/2020,OWD,MA,ANE,EN,Federal Contract Tower,0,4,9,0,13,0,6,125,0,131,0,10,134,0,144,88,0,88,232
03/10/2020,OWD,MA,ANE,EN,Federal Contract Tower,0,2,1,0,3,0,3,48,0,51,0,5,49,0,54,36,0,36,90
03/11/2020,OWD,MA,ANE,EN,Federal Contract Tower,0,1,12,0,13,0,16,75,0,91,0,17,87,0,104,112,0,112,216
03/12/2020,OWD,MA,ANE,EN,Federal Contract Tower,0,3,18,0,21,0,7,80,0,87,0,10,98,0,108,229,0,229,337
03/13/2020,OWD,MA,ANE,EN,Federal Contract Tower,0,0,6,0,6,0,0,0,0,0,0,0,6,0,6,0,0,0,6
03/14/2020,OWD,MA,ANE,EN,Federal Contract Tower,0,4,4,0,8,0,0,69,0,69,0,4,73,0,77,132,0,132,209
03/15/2020,OWD,MA,ANE,EN,Federal Contract Tower,0,0,13,0,13,0,0,115,0,115,0,0,128,0,128,162,0,162,290
03/16/2020,OWD,MA,ANE,EN,Federal Contract Tower,0,0,4,0,4,0,5,75,0,80,0,5,79,0,84,62,0,62,146
03/17/2020,OWD,MA,ANE,EN,Federal Contract Tower,0,2,4,0,6,0,0,0,0,0,0,2,4,0,6,0,0,0,6
03/18/2020,OWD,MA,ANE,EN,Federal Contract Tower,0,0,5,0,5,0,8,109,0,117,0,8,114,0,122,54,0,54,176
03/19/2020,OWD,MA,ANE,EN,Federal Contract Tower,0,0,4,0,4,0,0,0,0,0,0,0,4,0,4,0,0,0,4
03/20/2020,OWD,MA,ANE,EN,Federal Contract Tower,0,0,6,0,6,0,6,4,0,10,0,6,10,0,16,2,0,2,18
03/21/2020,OWD,MA,ANE,EN,Federal Contract Tower,0,0,4,0,4,0,0,72,0,72,0,0,76,0,76,134,0,134,210
03/22/2020,OWD,MA,ANE,EN,Federal Contract Tower,0,1,1,0,2,0,0,100,0,100,0,1,101,0,102,66,0,66,168
03/23/2020,OWD,MA,ANE,EN,Federal Contract Tower,0,1,6,0,7,0,0,25,0,25,0,1,31,0,32,58,0,58,90
03/24/2020,OWD,MA,ANE,EN,Federal Contract Tower,0,0,5,0,5,0,8,5,0,13,0,8,10,0,18,20,0,20,38
03/25/2020,OWD,MA,ANE,EN,Federal Contract Tower,0,1,3,0,4,0,7,1,0,8,0,8,4,0,12,0,0,0,12
03/26/2020,OWD,MA,ANE,EN,Federal Contract Tower,0,1,2,0,3,0,1,36,0,37,0,2,38,0,40,10,0,10,50
03/27/2020,OWD,MA,ANE,EN,Federal Contract Tower,0,0,3,0,3,0,16,20,0,36,0,16,23,0,39,0,0,0,39
03/28/2020,OWD,MA,ANE,EN,Federal Contract Tower,0,0,0,0,0,0,0,39,0,39,0,0,39,0,39,56,0,56,95
03/29/2020,OWD,MA,ANE,EN,Federal Contract Tower,0,0,3,0,3,0,0,0,0,0,0,0,3,0,3,0,0,0,3
03/30/2020,OWD,MA,ANE,EN,Federal Contract Tower,0,1,2,0,3,0,0,2,0,2,0,1,4,0,5,0,0,0,5
03/31/2020,OWD,MA,ANE,EN,Federal Contract Tower,0,0,4,0,4,0,3,1,0,4,0,3,5,0,8,0,0,0,8
04/01/2020,OWD,MA,ANE,EN,Federal Contract Tower,0,5,0,0,5,0,11,3,0,14,0,16,3,0,19,0,0,0,19
04/02/2020,OWD,MA,ANE,EN,Federal Contract Tower,0,0,4,0,4,0,10,2,0,12,0,10,6,0,16,6,0,6,22
04/03/2020,OWD,MA,ANE,EN,Federal Contract Tower,0,0,1,0,1,0,0,0,0,0,0,0,1,0,1,0,0,0,1
04/04/2020,OWD,MA,ANE,EN,Federal Contract Tower,0,0,0,0,0,0,0,8,0,8,0,0,8,0,8,40,0,40,48
04/05/2020,OWD,MA,ANE,EN,Federal Contract Tower,0,0,9,0,9,0,0,44,0,44,0,0,53,0,53,40,0,40,93
04/06/2020,OWD,MA,ANE,EN,Federal Contract Tower,0,0,5,0,5,0,4,57,0,61,0,4,62,0,66,14,0,14,80
04/07/2020,OWD,MA,ANE,EN,Federal Contract Tower,0,1,0,0,1,0,5,36,0,41,0,6,36,0,42,14,0,14,56
04/08/2020,OWD,MA,ANE,EN,Federal Contract Tower,0,0,12,0,12,0,2,5,0,7,0,2,17,0,19,0,0,0,19
04/09/2020,OWD,MA,ANE,EN,Federal Contract Tower,0,0,0,0,0,0,0,0,0,0,0,0,0,0,0,0,0,0,0
04/10/2020,OWD,MA,ANE,EN,Federal Contract Tower,0,0,1,0,1,0,0,9,0,9,0,0,10,0,10,8,0,8,18
04/11/2020,OWD,MA,ANE,EN,Federal Contract Tower,0,0,7,0,7,0,0,25,0,25,0,0,32,0,32,8,0,8,40
04/12/2020,OWD,MA,ANE,EN,Federal Contract Tower,0,2,1,0,3,0,2,61,0,63,0,4,62,0,66,14,0,14,80
04/13/2020,OWD,MA,ANE,EN,Federal Contract Tower,0,0,0,0,0,0,0,0,0,0,0,0,0,0,0,0,0,0,0
04/14/2020,OWD,MA,ANE,EN,Federal Contract Tower,0,0,4,0,4,0,7,26,0,33,0,7,30,0,37,0,0,0,37
04/15/2020,OWD,MA,ANE,EN,Federal Contract Tower,0,2,0,0,2,0,9,7,0,16,0,11,7,0,18,14,0,14,32
04/16/2020,OWD,MA,ANE,EN,Federal Contract Tower,0,0,4,0,4,0,0,15,0,15,0,0,19,0,19,2,0,2,21
04/17/2020,OWD,MA,ANE,EN,Federal Contract Tower,0,0,2,0,2,0,5,13,0,18,0,5,15,0,20,0,0,0,20
04/18/2020,OWD,MA,ANE,EN,Federal Contract Tower,0,0,3,0,3,0,0,0,0,0,0,0,3,0,3,0,0,0,3
04/19/2020,OWD,MA,ANE,EN,Federal Contract Tower,0,0,2,0,2,0,0,57,0,57,0,0,59,0,59,12,0,12,71
04/20/2020,OWD,MA,ANE,EN,Federal Contract Tower,0,1,3,0,4,0,0,48,0,48,0,1,51,0,52,10,0,10,62
04/21/2020,OWD,MA,ANE,EN,Federal Contract Tower,0,1,0,0,1,0,4,6,0,10,0,5,6,0,11,0,0,0,11
04/22/2020,OWD,MA,ANE,EN,Federal Contract Tower,0,0,6,0,6,0,8,2,0,10,0,8,8,0,16,0,0,0,16
04/23/2020,OWD,MA,ANE,EN,Federal Contract Tower,0,0,7,0,7,0,4,45,0,49,0,4,52,0,56,44,0,44,100
04/24/2020,OWD,MA,ANE,EN,Federal Contract Tower,0,3,2,0,5,0,0,1,0,1,0,3,3,0,6,0,0,0,6
04/25/2020,OWD,MA,ANE,EN,Federal Contract Tower,0,2,9,0,11,0,0,109,0,109,0,2,118,0,120,68,0,68,188
04/26/2020,OWD,MA,ANE,EN,Federal Contract Tower,0,1,7,0,8,0,0,20,0,20,0,1,27,0,28,42,0,42,70
04/27/2020,OWD,MA,ANE,EN,Federal Contract Tower,0,0,0,0,0,0,0,0,0,0,0,0,0,0,0,0,0,0,0
04/28/2020,OWD,MA,ANE,EN,Federal Contract Tower,0,0,3,0,3,0,2,9,0,11,0,2,12,0,14,10,0,10,24
04/29/2020,OWD,MA,ANE,EN,Federal Contract Tower,0,0,8,0,8,0,2,48,0,50,0,2,56,0,58,4,0,4,62
04/30/2020,OWD,MA,ANE,EN,Federal Contract Tower,0,2,6,0,8,0,2,9,0,11,0,4,15,0,19,0,0,0,19
05/01/2020,OWD,MA,ANE,EN,Federal Contract Tower,0,0,2,0,2,0,0,6,0,6,0,0,8,0,8,0,0,0,8
05/02/2020,OWD,MA,ANE,EN,Federal Contract Tower,0,2,4,0,6,0,0,46,0,46,0,2,50,0,52,10,0,10,62
05/03/2020,OWD,MA,ANE,EN,Federal Contract Tower,0,0,5,0,5,0,0,67,0,67,0,0,72,0,72,54,0,54,126
05/04/2020,OWD,MA,ANE,EN,Federal Contract Tower,0,2,0,0,2,0,20,23,0,43,0,22,23,0,45,20,0,20,65
05/05/2020,OWD,MA,ANE,EN,Federal Contract Tower,0,0,6,0,6,0,12,19,0,31,0,12,25,0,37,0,0,0,37
05/06/2020,OWD,MA,ANE,EN,Federal Contract Tower,0,3,8,0,11,0,7,21,0,28,0,10,29,0,39,46,0,46,85
05/07/2020,OWD,MA,ANE,EN,Federal Contract Tower,0,1,2,0,3,0,8,27,0,35,0,9,29,0,38,20,0,20,58
05/08/2020,OWD,MA,ANE,EN,Federal Contract Tower,0,2,5,0,7,0,1,21,0,22,0,3,26,0,29,0,0,0,29
05/09/2020,OWD,MA,ANE,EN,Federal Contract Tower,0,0,1,0,1,0,0,0,0,0,0,0,1,0,1,0,0,0,1
05/10/2020,OWD,MA,ANE,EN,Federal Contract Tower,0,0,1,0,1,0,0,18,0,18,0,0,19,0,19,4,0,4,23
05/11/2020,OWD,MA,ANE,EN,Federal Contract Tower,0,0,1,0,1,0,4,10,0,14,0,4,11,0,15,0,0,0,15
05/12/2020,OWD,MA,ANE,EN,Federal Contract Tower,0,1,6,0,7,0,14,14,0,28,0,15,20,0,35,18,0,18,53
05/13/2020,OWD,MA,ANE,EN,Federal Contract Tower,0,1,7,0,8,0,12,49,0,61,0,13,56,0,69,28,0,28,97
05/14/2020,OWD,MA,ANE,EN,Federal Contract Tower,0,3,6,0,9,0,10,91,0,101,0,13,97,0,110,74,0,74,184
05/15/2020,OWD,MA,ANE,EN,Federal Contract Tower,0,0,6,0,6,0,2,11,0,13,0,2,17,0,19,0,0,0,19
05/16/2020,OWD,MA,ANE,EN,Federal Contract Tower,0,0,5,0,5,0,0,66,0,66,0,0,71,0,71,18,0,18,89
05/18/2020,OWD,MA,ANE,EN,Federal Contract Tower,0,2,4,0,6,0,5,36,0,41,0,7,40,0,47,12,0,12,59
05/19/2020,OWD,MA,ANE,EN,Federal Contract Tower,0,1,2,0,3,0,7,17,0,24,0,8,19,0,27,2,0,2,29
05/20/2020,OWD,MA,ANE,EN,Federal Contract Tower,0,2,5,0,7,0,15,38,0,53,0,17,43,0,60,50,0,50,110
05/21/2020,OWD,MA,ANE,EN,Federal Contract Tower,0,3,5,0,8,0,11,66,0,77,0,14,71,0,85,96,0,96,181
05/22/2020,OWD,MA,ANE,EN,Federal Contract Tower,0,4,4,0,8,0,1,62,0,63,0,5,66,0,71,22,0,22,93
05/23/2020,OWD,MA,ANE,EN,Federal Contract Tower,0,2,1,0,3,0,0,6,0,6,0,2,7,0,9,34,0,34,43
05/24/2020,OWD,MA,ANE,EN,Federal Contract Tower,0,0,1,0,1,0,0,63,0,63,0,0,64,0,64,26,0,26,90
05/25/2020,OWD,MA,ANE,EN,Federal Contract Tower,0,8,9,0,17,0,0,6,0,6,0,8,15,0,23,4,0,4,27
05/26/2020,OWD,MA,ANE,EN,Federal Contract Tower,0,4,8,0,12,0,3,43,0,46,0,7,51,0,58,30,0,30,88
05/27/2020,OWD,MA,ANE,EN,Federal Contract Tower,0,2,11,0,13,0,3,41,0,44,0,5,52,0,57,18,0,18,75
05/28/2020,OWD,MA,ANE,EN,Federal Contract Tower,0,0,9,0,9,0,0,19,0,19,0,0,28,0,28,20,0,20,48
05/29/2020,OWD,MA,ANE,EN,Federal Contract Tower,0,0,17,0,17,0,2,16,0,18,0,2,33,0,35,34,0,34,69
05/30/2020,OWD,MA,ANE,EN,Federal Contract Tower,0,0,9,0,9,0,2,38,0,40,0,2,47,0,49,72,0,72,121
05/31/2020,OWD,MA,ANE,EN,Federal Contract Tower,0,0,8,0,8,0,6,66,0,72,0,6,74,0,80,42,0,42,122
06/01/2020,OWD,MA,ANE,EN,Federal Contract Tower,0,0,7,0,7,0,4,39,0,43,0,4,46,0,50,32,0,32,82
06/02/2020,OWD,MA,ANE,EN,Federal Contract Tower,0,1,7,0,8,0,12,49,0,61,0,13,56,0,69,72,0,72,141
06/03/2020,OWD,MA,ANE,EN,Federal Contract Tower,0,7,2,1,10,0,5,30,0,35,0,12,32,1,45,68,0,68,113
06/04/2020,OWD,MA,ANE,EN,Federal Contract Tower,0,4,2,0,6,0,3,50,0,53,0,7,52,0,59,6,0,6,65
06/05/2020,OWD,MA,ANE,EN,Federal Contract Tower,0,3,18,0,21,0,2,28,0,30,0,5,46,0,51,52,0,52,103
06/06/2020,OWD,MA,ANE,EN,Federal Contract Tower,0,3,10,0,13,0,1,22,0,23,0,4,32,0,36,50,0,50,86
06/07/2020,OWD,MA,ANE,EN,Federal Contract Tower,0,2,11,0,13,0,1,50,0,51,0,3,61,0,64,74,0,74,138
06/08/2020,OWD,MA,ANE,EN,Federal Contract Tower,0,0,6,0,6,0,6,131,0,137,0,6,137,0,143,100,0,100,243
06/09/2020,OWD,MA,ANE,EN,Federal Contract Tower,0,1,6,0,7,0,12,83,0,95,0,13,89,0,102,96,0,96,198
06/10/2020,OWD,MA,ANE,EN,Federal Contract Tower,0,6,17,0,23,0,5,91,0,96,0,11,108,0,119,118,0,118,237
06/11/2020,OWD,MA,ANE,EN,Federal Contract Tower,0,9,3,0,12,0,0,6,0,6,0,9,9,0,18,0,0,0,18
06/12/2020,OWD,MA,ANE,EN,Federal Contract Tower,0,3,11,0,14,0,1,130,0,131,0,4,141,0,145,130,0,130,275
06/13/2020,OWD,MA,ANE,EN,Federal Contract Tower,0,0,3,0,3,0,0,153,0,153,0,0,156,0,156,114,0,114,270
06/14/2020,OWD,MA,ANE,EN,Federal Contract Tower,0,1,10,0,11,0,1,130,0,131,0,2,140,0,142,122,0,122,264
06/15/2020,OWD,MA,ANE,EN,Federal Contract Tower,0,0,2,0,2,0,16,56,0,72,0,16,58,0,74,58,0,58,132
06/16/2020,OWD,MA,ANE,EN,Federal Contract Tower,0,1,8,0,9,0,2,83,0,85,0,3,91,0,94,34,0,34,128
06/17/2020,OWD,MA,ANE,EN,Federal Contract Tower,0,1,11,0,12,0,5,125,0,130,0,6,136,0,142,158,0,158,300
06/18/2020,OWD,MA,ANE,EN,Federal Contract Tower,0,4,16,0,20,0,0,121,0,121,0,4,137,0,141,89,0,89,230
06/19/2020,OWD,MA,ANE,EN,Federal Contract Tower,0,5,13,0,18,0,5,89,0,94,0,10,102,0,112,102,0,102,214
06/20/2020,OWD,MA,ANE,EN,Federal Contract Tower,0,2,10,0,12,0,2,118,0,120,0,4,128,0,132,74,0,74,206
06/21/2020,OWD,MA,ANE,EN,Federal Contract Tower,0,4,15,0,19,0,3,102,0,105,0,7,117,0,124,38,0,38,162
06/22/2020,OWD,MA,ANE,EN,Federal Contract Tower,0,6,33,0,39,0,5,46,0,51,0,11,79,0,90,56,0,56,146
06/23/2020,OWD,MA,ANE,EN,Federal Contract Tower,0,4,10,0,14,0,9,90,0,99,0,13,100,0,113,118,0,118,231
06/24/2020,OWD,MA,ANE,EN,Federal Contract Tower,0,3,13,0,16,0,5,38,0,43,0,8,51,0,59,84,2,86,145
06/25/2020,OWD,MA,ANE,EN,Federal Contract Tower,0,6,7,0,13,0,6,138,0,144,0,12,145,0,157,142,0,142,299
06/26/2020,OWD,MA,ANE,EN,Federal Contract Tower,0,0,7,0,7,0,1,91,0,92,0,1,98,0,99,136,0,136,235
06/27/2020,OWD,MA,ANE,EN,Federal Contract Tower,0,2,3,0,5,0,2,64,0,66,0,4,67,0,71,60,0,60,131
06/28/2020,OWD,MA,ANE,EN,Federal Contract Tower,0,2,8,0,10,0,0,72,0,72,0,2,80,0,82,64,0,64,146
06/29/2020,OWD,MA,ANE,EN,Federal Contract Tower,0,7,9,0,16,0,0,6,0,6,0,7,15,0,22,28,0,28,50
06/30/2020,OWD,MA,ANE,EN,Federal Contract Tower,0,4,33,0,37,0,1,17,0,18,0,5,50,0,55,2,0,2,57
07/01/2020,OWD,MA,ANE,EN,Federal Contract Tower,0,5,16,0,21,0,4,29,0,33,0,9,45,0,54,56,0,56,110
07/02/2020,OWD,MA,ANE,EN,Federal Contract Tower,0,8,9,0,17,0,0,148,0,148,0,8,157,0,165,128,0,128,293
07/03/2020,OWD,MA,ANE,EN,Federal Contract Tower,0,12,17,0,29,0,0,9,0,9,0,12,26,0,38,44,0,44,82
07/04/2020,OWD,MA,ANE,EN,Federal Contract Tower,0,0,18,0,18,0,2,50,0,52,0,2,68,0,70,4,0,4,74
07/05/2020,OWD,MA,ANE,EN,Federal Contract Tower,0,6,31,0,37,0,1,81,0,82,0,7,112,0,119,78,0,78,197
07/06/2020,OWD,MA,ANE,EN,Federal Contract Tower,0,3,27,0,30,0,3,90,0,93,0,6,117,0,123,76,0,76,199
07/07/2020,OWD,MA,ANE,EN,Federal Contract Tower,0,2,13,0,15,0,10,101,0,111,0,12,114,0,126,78,0,78,204
07/08/2020,OWD,MA,ANE,EN,Federal Contract Tower,0,7,16,0,23,0,4,46,0,50,0,11,62,0,73,46,0,46,119
07/09/2020,OWD,MA,ANE,EN,Federal Contract Tower,0,6,9,0,15,0,6,106,0,112,0,12,115,0,127,84,0,84,211
07/10/2020,OWD,MA,ANE,EN,Federal Contract Tower,0,9,8,0,17,0,5,35,0,40,0,14,43,0,57,20,0,20,77
07/11/2020,OWD,MA,ANE,EN,Federal Contract Tower,0,5,16,0,21,0,2,67,0,69,0,7,83,0,90,54,0,54,144
07/12/2020,OWD,MA,ANE,EN,Federal Contract Tower,0,6,11,0,17,0,1,124,0,125,0,7,135,0,142,54,0,54,196
07/13/2020,OWD,MA,ANE,EN,Federal Contract Tower,0,3,4,0,7,0,4,79,0,83,0,7,83,0,90,72,0,72,162
07/14/2020,OWD,MA,ANE,EN,Federal Contract Tower,0,6,10,0,16,0,5,64,0,69,0,11,74,0,85,100,0,100,185
07/16/2020,OWD,MA,ANE,EN,Federal Contract Tower,0,11,16,0,27,0,5,134,0,139,0,16,150,0,166,76,0,76,242
07/17/2020,OWD,MA,ANE,EN,Federal Contract Tower,0,9,20,0,29,0,0,23,0,23,0,9,43,0,52,28,0,28,80
07/18/2020,OWD,MA,ANE,EN,Federal Contract Tower,0,7,11,0,18,0,1,155,0,156,0,8,166,0,174,68,0,68,242
07/19/2020,OWD,MA,ANE,EN,Federal Contract Tower,0,11,11,0,22,0,3,128,0,131,0,14,139,0,153,110,0,110,263
07/20/2020,OWD,MA,ANE,EN,Federal Contract Tower,0,6,7,0,13,0,5,83,0,88,0,11,90,0,101,228,0,228,329
07/21/2020,OWD,MA,ANE,EN,Federal Contract Tower,0,4,3,0,7,0,20,113,0,133,0,24,116,0,140,120,0,120,260
07/23/2020,OWD,MA,ANE,EN,Federal Contract Tower,0,14,9,0,23,0,3,37,0,40,0,17,46,0,63,20,0,20,83
07/24/2020,OWD,MA,ANE,EN,Federal Contract Tower,0,8,17,0,25,0,4,135,0,139,0,12,152,0,164,136,0,136,300
07/25/2020,OWD,MA,ANE,EN,Federal Contract Tower,0,8,10,0,18,0,2,115,0,117,0,10,125,0,135,96,0,96,231
07/26/2020,OWD,MA,ANE,EN,Federal Contract Tower,0,13,9,0,22,0,7,86,0,93,0,20,95,0,115,100,0,100,215
07/27/2020,OWD,MA,ANE,EN,Federal Contract Tower,0,3,10,0,13,0,9,116,0,125,0,12,126,0,138,160,0,160,298
07/28/2020,OWD,MA,ANE,EN,Federal Contract Tower,0,3,5,0,8,0,11,91,0,102,0,14,96,0,110,56,0,56,166
07/29/2020,OWD,MA,ANE,EN,Federal Contract Tower,0,3,7,0,10,0,14,110,0,124,0,17,117,0,134,100,0,100,234
07/30/2020,OWD,MA,ANE,EN,Federal Contract Tower,0,18,12,0,30,0,12,96,0,108,0,30,108,0,138,94,0,94,232
07/31/2020,OWD,MA,ANE,EN,Federal Contract Tower,0,11,23,0,34,0,1,136,0,137,0,12,159,0,171,166,0,166,337
08/02/2020,OWD,MA,ANE,EN,Federal Contract Tower,0,10,13,0,23,0,3,97,0,100,0,13,110,0,123,80,0,80,203
08/03/2020,OWD,MA,ANE,EN,Federal Contract Tower,0,4,9,0,13,0,12,82,0,94,0,16,91,0,107,48,0,48,155
08/04/2020,OWD,MA,ANE,EN,Federal Contract Tower,0,5,5,0,10,0,5,42,0,47,0,10,47,0,57,114,0,114,171
08/05/2020,OWD,MA,ANE,EN,Federal Contract Tower,0,9,20,0,29,0,8,105,0,113,0,17,125,0,142,108,0,108,250
08/06/2020,OWD,MA,ANE,EN,Federal Contract Tower,0,7,17,0,24,0,16,123,0,139,0,23,140,0,163,72,2,74,237
08/07/2020,OWD,MA,ANE,EN,Federal Contract Tower,0,6,12,0,18,0,6,108,0,114,0,12,120,0,132,160,0,160,292
08/08/2020,OWD,MA,ANE,EN,Federal Contract Tower,0,2,20,0,22,0,2,110,0,112,0,4,130,0,134,54,0,54,188
08/09/2020,OWD,MA,ANE,EN,Federal Contract Tower,0,5,14,0,19,0,8,147,0,155,0,13,161,0,174,140,0,140,314
08/10/2020,OWD,MA,ANE,EN,Federal Contract Tower,0,7,11,0,18,0,7,143,0,150,0,14,154,0,168,238,0,238,406
08/11/2020,OWD,MA,ANE,EN,Federal Contract Tower,0,5,15,0,20,0,12,77,0,89,0,17,92,0,109,112,0,112,221
08/12/2020,OWD,MA,ANE,EN,Federal Contract Tower,0,4,11,0,15,0,6,84,0,90,0,10,95,0,105,106,0,106,211
08/13/2020,OWD,MA,ANE,EN,Federal Contract Tower,0,7,11,0,18,0,2,105,0,107,0,9,116,0,125,94,0,94,219
08/14/2020,OWD,MA,ANE,EN,Federal Contract Tower,0,5,14,0,19,0,5,157,0,162,0,10,171,0,181,134,0,134,315
08/15/2020,OWD,MA,ANE,EN,Federal Contract Tower,0,5,7,0,12,0,1,13,0,14,0,6,20,0,26,0,0,0,26
08/16/2020,OWD,MA,ANE,EN,Federal Contract Tower,0,10,37,0,47,0,0,14,0,14,0,10,51,0,61,52,0,52,113
08/17/2020,OWD,MA,ANE,EN,Federal Contract Tower,0,24,14,0,38,0,3,110,0,113,0,27,124,0,151,220,0,220,371
08/18/2020,OWD,MA,ANE,EN,Federal Contract Tower,0,7,14,0,21,0,13,103,0,116,0,20,117,0,137,108,0,108,245
08/19/2020,OWD,MA,ANE,EN,Federal Contract Tower,0,9,16,0,25,0,6,86,0,92,0,15,102,0,117,134,0,134,251
08/20/2020,OWD,MA,ANE,EN,Federal Contract Tower,0,13,9,0,22,0,8,122,0,130,0,21,131,0,152,124,0,124,276
08/21/2020,OWD,MA,ANE,EN,Federal Contract Tower,0,9,10,1,20,0,16,103,0,119,0,25,113,1,139,98,0,98,237
08/22/2020,OWD,MA,ANE,EN,Federal Contract Tower,0,6,18,0,24,0,0,94,0,94,0,6,112,0,118,14,0,14,132
08/23/2020,OWD,MA,ANE,EN,Federal Contract Tower,0,21,20,0,41,0,1,88,0,89,0,22,108,0,130,50,0,50,180
08/24/2020,OWD,MA,ANE,EN,Federal Contract Tower,0,17,23,0,40,0,9,92,2,103,0,26,115,2,143,148,0,148,291
08/25/2020,OWD,MA,ANE,EN,Federal Contract Tower,0,4,7,0,11,0,15,122,2,139,0,19,129,2,150,78,10,88,238
08/26/2020,OWD,MA,ANE,EN,Federal Contract Tower,0,2,6,0,8,0,4,91,0,95,0,6,97,0,103,62,0,62,165
08/27/2020,OWD,MA,ANE,EN,Federal Contract Tower,0,17,16,0,33,0,1,27,0,28,0,18,43,0,61,100,0,100,161
08/28/2020,OWD,MA,ANE,EN,Federal Contract Tower,0,9,24,0,33,0,4,142,0,146,0,13,166,0,179,254,0,254,433
08/29/2020,OWD,MA,ANE,EN,Federal Contract Tower,0,6,15,0,21,0,0,5,0,5,0,6,20,0,26,4,0,4,30
08/30/2020,OWD,MA,ANE,EN,Federal Contract Tower,0,4,15,0,19,0,2,95,0,97,0,6,110,0,116,52,0,52,168
08/31/2020,OWD,MA,ANE,EN,Federal Contract Tower,0,6,5,0,11,0,8,153,0,161,0,14,158,0,172,186,0,186,358
09/01/2020,OWD,MA,ANE,EN,Federal Contract Tower,0,9,10,0,19,0,13,150,0,163,0,22,160,0,182,100,2,102,284
09/02/2020,OWD,MA,ANE,EN,Federal Contract Tower,0,14,32,0,46,0,1,4,0,5,0,15,36,0,51,0,0,0,51
09/03/2020,OWD,MA,ANE,EN,Federal Contract Tower,0,15,36,0,51,0,1,51,0,52,0,16,87,0,103,16,0,16,119
09/04/2020,OWD,MA,ANE,EN,Federal Contract Tower,0,6,10,0,16,0,6,158,0,164,0,12,168,0,180,170,0,170,350
09/05/2020,OWD,MA,ANE,EN,Federal Contract Tower,0,4,18,0,22,0,2,172,0,174,0,6,190,0,196,144,0,144,340
09/06/2020,OWD,MA,ANE,EN,Federal Contract Tower,0,2,8,0,10,0,16,112,0,128,0,18,120,0,138,96,0,96,234
09/07/2020,OWD,MA,ANE,EN,Federal Contract Tower,0,8,7,0,15,0,8,107,0,115,0,16,114,0,130,52,0,52,182
09/08/2020,OWD,MA,ANE,EN,Federal Contract Tower,0,4,26,0,30,0,18,90,0,108,0,22,116,0,138,132,0,132,270
09/09/2020,OWD,MA,ANE,EN,Federal Contract Tower,0,4,21,0,25,0,8,119,0,127,0,12,140,0,152,128,0,128,280
09/10/2020,OWD,MA,ANE,EN,Federal Contract Tower,0,9,14,0,23,0,0,1,0,1,0,9,15,0,24,0,0,0,24
09/11/2020,OWD,MA,ANE,EN,Federal Contract Tower,0,14,28,0,42,0,4,76,0,80,0,18,104,0,122,100,0,100,222
09/12/2020,OWD,MA,ANE,EN,Federal Contract Tower,0,10,11,0,21,0,0,158,0,158,0,10,169,0,179,52,0,52,231
09/13/2020,OWD,MA,ANE,EN,Federal Contract Tower,0,7,20,0,27,0,1,109,0,110,0,8,129,0,137,232,0,232,369
09/14/2020,OWD,MA,ANE,EN,Federal Contract Tower,0,6,6,0,12,0,12,97,1,110,0,18,103,1,122,146,0,146,268
09/15/2020,OWD,MA,ANE,EN,Federal Contract Tower,0,9,2,1,12,0,6,106,0,112,0,15,108,1,124,126,0,126,250
09/16/2020,OWD,MA,ANE,EN,Federal Contract Tower,0,5,11,0,16,0,14,83,0,97,0,19,94,0,113,54,0,54,167
09/17/2020,OWD,MA,ANE,EN,Federal Contract Tower,0,6,4,0,10,0,2,108,0,110,0,8,112,0,120,46,0,46,166
09/18/2020,OWD,MA,ANE,EN,Federal Contract Tower,0,12,24,0,36,0,1,85,0,86,0,13,109,0,122,92,0,92,214
09/19/2020,OWD,MA,ANE,EN,Federal Contract Tower,0,11,17,0,28,0,1,105,0,106,0,12,122,0,134,160,0,160,294
09/20/2020,OWD,MA,ANE,EN,Federal Contract Tower,0,10,12,0,22,0,3,93,0,96,0,13,105,0,118,18,0,18,136
09/21/2020,OWD,MA,ANE,EN,Federal Contract Tower,0,5,7,0,12,0,8,91,0,99,0,13,98,0,111,58,0,58,169
09/22/2020,OWD,MA,ANE,EN,Federal Contract Tower,0,6,3,0,9,0,8,42,0,50,0,14,45,0,59,100,0,100,159
09/23/2020,OWD,MA,ANE,EN,Federal Contract Tower,0,5,9,0,14,0,7,118,0,125,0,12,127,0,139,80,0,80,219
09/24/2020,OWD,MA,ANE,EN,Federal Contract Tower,0,4,2,0,6,0,6,114,0,120,0,10,116,0,126,184,0,184,310
09/25/2020,OWD,MA,ANE,EN,Federal Contract Tower,0,15,17,0,32,0,12,136,0,148,0,27,153,0,180,108,0,108,288
09/26/2020,OWD,MA,ANE,EN,Federal Contract Tower,0,7,21,0,28,0,1,126,0,127,0,8,147,0,155,100,0,100,255
09/27/2020,OWD,MA,ANE,EN,Federal Contract Tower,0,6,26,0,32,0,6,71,0,77,0,12,97,0,109,44,0,44,153
09/28/2020,OWD,MA,ANE,EN,Federal Contract Tower,0,9,14,0,23,0,4,83,0,87,0,13,97,0,110,184,0,184,294
09/29/2020,OWD,MA,ANE,EN,Federal Contract Tower,0,5,25,0,30,0,12,67,0,79,0,17,92,0,109,80,0,80,189
09/30/2020,OWD,MA,ANE,EN,Federal Contract Tower,0,6,14,0,20,0,4,12,0,16,0,10,26,0,36,28,0,28,64
10/01/2020,OWD,MA,ANE,EN,Federal Contract Tower,0,4,8,0,12,0,6,122,0,128,0,10,130,0,140,144,0,144,284
10/02/2020,OWD,MA,ANE,EN,Federal Contract Tower,0,4,17,3,24,0,3,114,0,117,0,7,131,3,141,70,0,70,211
10/03/2020,OWD,MA,ANE,EN,Federal Contract Tower,0,5,7,0,12,0,6,136,0,142,0,11,143,0,154,88,0,88,242
10/04/2020,OWD,MA,ANE,EN,Federal Contract Tower,0,5,8,0,13,0,4,162,0,166,0,9,170,0,179,52,0,52,231
10/05/2020,OWD,MA,ANE,EN,Federal Contract Tower,0,3,24,0,27,0,8,101,0,109,0,11,125,0,136,154,0,154,290
10/06/2020,OWD,MA,ANE,EN,Federal Contract Tower,0,2,13,0,15,0,18,132,0,150,0,20,145,0,165,116,0,116,281
10/07/2020,OWD,MA,ANE,EN,Federal Contract Tower,0,2,4,0,6,0,5,37,0,42,0,7,41,0,48,18,0,18,66
10/08/2020,OWD,MA,ANE,EN,Federal Contract Tower,0,5,7,0,12,0,6,54,0,60,0,11,61,0,72,0,0,0,72
10/09/2020,OWD,MA,ANE,EN,Federal Contract Tower,0,9,16,0,25,0,8,194,0,202,0,17,210,0,227,128,0,128,355
10/10/2020,OWD,MA,ANE,EN,Federal Contract Tower,0,5,6,0,11,0,0,64,0,64,0,5,70,0,75,2,0,2,77
10/11/2020,OWD,MA,ANE,EN,Federal Contract Tower,0,8,16,0,24,0,5,186,0,191,0,13,202,0,215,80,0,80,295
10/12/2020,OWD,MA,ANE,EN,Federal Contract Tower,0,12,27,0,39,0,4,67,0,71,0,16,94,0,110,156,0,156,266
10/13/2020,OWD,MA,ANE,EN,Federal Contract Tower,0,5,10,0,15,0,0,0,0,0,0,5,10,0,15,0,0,0,15
10/14/2020,OWD,MA,ANE,EN,Federal Contract Tower,0,0,8,0,8,0,16,175,0,191,0,16,183,0,199,188,0,188,387
10/15/2020,OWD,MA,ANE,EN,Federal Contract Tower,0,10,14,0,24,0,7,81,0,88,0,17,95,0,112,38,0,38,150
10/17/2020,OWD,MA,ANE,EN,Federal Contract Tower,0,6,15,0,21,0,0,50,0,50,0,6,65,0,71,16,0,16,87
10/18/2020,OWD,MA,ANE,EN,Federal Contract Tower,0,1,14,0,15,0,0,210,0,210,0,1,224,0,225,150,0,150,375
10/19/2020,OWD,MA,ANE,EN,Federal Contract Tower,0,3,11,0,14,0,10,173,0,183,0,13,184,0,197,250,0,250,447
10/20/2020,OWD,MA,ANE,EN,Federal Contract Tower,0,8,31,0,39,0,7,30,0,37,0,15,61,0,76,102,0,102,178
10/21/2020,OWD,MA,ANE,EN,Federal Contract Tower,0,7,6,0,13,0,5,24,0,29,0,12,30,0,42,46,0,46,88
10/22/2020,OWD,MA,ANE,EN,Federal Contract Tower,0,3,26,0,29,0,21,108,0,129,0,24,134,0,158,124,0,124,282
10/23/2020,OWD,MA,ANE,EN,Federal Contract Tower,0,9,21,0,30,0,10,103,0,113,0,19,124,0,143,92,0,92,235
10/24/2020,OWD,MA,ANE,EN,Federal Contract Tower,0,7,21,0,28,0,1,84,0,85,0,8,105,0,113,120,0,120,233
10/25/2020,OWD,MA,ANE,EN,Federal Contract Tower,0,5,13,0,18,0,0,147,0,147,0,5,160,0,165,116,0,116,281
10/26/2020,OWD,MA,ANE,EN,Federal Contract Tower,0,4,19,0,23,0,0,28,0,28,0,4,47,0,51,120,0,120,171
10/27/2020,OWD,MA,ANE,EN,Federal Contract Tower,0,4,22,0,26,0,12,93,0,105,0,16,115,0,131,4,0,4,135
10/28/2020,OWD,MA,ANE,EN,Federal Contract Tower,0,0,20,0,20,0,2,2,0,4,0,2,22,0,24,2,0,2,26
10/29/2020,OWD,MA,ANE,EN,Federal Contract Tower,0,1,21,0,22,0,1,32,0,33,0,2,53,0,55,66,0,66,121
10/30/2020,OWD,MA,ANE,EN,Federal Contract Tower,0,0,1,0,1,0,0,1,0,1,0,0,2,0,2,6,0,6,8
10/31/2020,OWD,MA,ANE,EN,Federal Contract Tower,0,0,6,0,6,0,1,130,0,131,0,1,136,0,137,54,0,54,191
11/01/2020,OWD,MA,ANE,EN,Federal Contract Tower,0,4,12,0,16,0,0,62,0,62,0,4,74,0,78,64,0,64,142
11/02/2020,OWD,MA,ANE,EN,Federal Contract Tower,0,3,2,0,5,0,2,14,0,16,0,5,16,0,21,0,0,0,21
11/03/2020,OWD,MA,ANE,EN,Federal Contract Tower,0,4,6,0,10,0,8,34,0,42,0,12,40,0,52,4,0,4,56
11/04/2020,OWD,MA,ANE,EN,Federal Contract Tower,0,4,10,0,14,0,9,110,0,119,0,13,120,0,133,40,0,40,173
11/05/2020,OWD,MA,ANE,EN,Federal Contract Tower,0,1,3,0,4,0,3,76,0,79,0,4,79,0,83,46,0,46,129
11/06/2020,OWD,MA,ANE,EN,Federal Contract Tower,0,2,4,0,6,0,3,110,0,113,0,5,114,0,119,82,0,82,201
11/07/2020,OWD,MA,ANE,EN,Federal Contract Tower,0,1,7,1,9,0,1,163,0,164,0,2,170,1,173,88,0,88,261
11/08/2020,OWD,MA,ANE,EN,Federal Contract Tower,0,0,13,0,13,0,1,163,0,164,0,1,176,0,177,122,0,122,299
11/09/2020,OWD,MA,ANE,EN,Federal Contract Tower,0,1,2,0,3,0,10,139,0,149,0,11,141,0,152,105,0,105,257
11/10/2020,OWD,MA,ANE,EN,Federal Contract Tower,0,2,14,0,16,0,5,95,0,100,0,7,109,0,116,62,0,62,178
11/11/2020,OWD,MA,ANE,EN,Federal Contract Tower,0,6,21,0,27,0,5,26,0,31,0,11,47,0,58,20,0,20,78
11/12/2020,OWD,MA,ANE,EN,Federal Contract Tower,0,3,16,0,19,0,4,65,0,69,0,7,81,0,88,78,0,78,166
11/13/2020,OWD,MA,ANE,EN,Federal Contract Tower,0,4,11,0,15,0,0,0,0,0,0,4,11,0,15,0,0,0,15
11/14/2020,OWD,MA,ANE,EN,Federal Contract Tower,0,3,9,0,12,0,2,152,0,154,0,5,161,0,166,96,0,96,262
11/15/2020,OWD,MA,ANE,EN,Federal Contract Tower,0,5,9,0,14,0,0,111,0,111,0,5,120,0,125,120,0,120,245
11/16/2020,OWD,MA,ANE,EN,Federal Contract Tower,0,5,1,0,6,0,8,58,0,66,0,13,59,0,72,12,0,12,84
11/17/2020,OWD,MA,ANE,EN,Federal Contract Tower,0,3,15,0,18,0,11,116,0,127,0,14,131,0,145,80,0,80,225
11/18/2020,OWD,MA,ANE,EN,Federal Contract Tower,0,4,8,0,12,0,6,64,0,70,0,10,72,0,82,30,0,30,112
11/19/2020,OWD,MA,ANE,EN,Federal Contract Tower,0,1,8,0,9,0,7,109,0,116,0,8,117,0,125,30,0,30,155
11/20/2020,OWD,MA,ANE,EN,Federal Contract Tower,0,4,12,0,16,0,13,83,2,98,0,17,95,2,114,8,6,14,128
11/21/2020,OWD,MA,ANE,EN,Federal Contract Tower,0,1,20,0,21,0,0,161,0,161,0,1,181,0,182,140,0,140,322
11/22/2020,OWD,MA,ANE,EN,Federal Contract Tower,0,3,20,0,23,0,0,89,0,89,0,3,109,0,112,88,0,88,200
11/23/2020,OWD,MA,ANE,EN,Federal Contract Tower,0,2,6,0,8,0,0,5,0,5,0,2,11,0,13,12,0,12,25
11/24/2020,OWD,MA,ANE,EN,Federal Contract Tower,0,4,6,0,10,0,15,102,0,117,0,19,108,0,127,48,0,48,175
11/25/2020,OWD,MA,ANE,EN,Federal Contract Tower,0,2,12,0,14,0,18,88,0,106,0,20,100,0,120,88,0,88,208
11/26/2020,OWD,MA,ANE,EN,Federal Contract Tower,0,2,5,0,7,0,0,0,0,0,0,2,5,0,7,0,0,0,7
11/27/2020,OWD,MA,ANE,EN,Federal Contract Tower,0,1,5,0,6,0,6,100,0,106,0,7,105,0,112,44,0,44,156
11/28/2020,OWD,MA,ANE,EN,Federal Contract Tower,0,1,21,0,22,0,0,132,0,132,0,1,153,0,154,92,0,92,246
11/29/2020,OWD,MA,ANE,EN,Federal Contract Tower,0,5,16,0,21,0,1,141,0,142,0,6,157,0,163,80,0,80,243
11/30/2020,OWD,MA,ANE,EN,Federal Contract Tower,0,5,5,0,10,0,0,32,0,32,0,5,37,0,42,20,0,20,62
12/01/2020,OWD,MA,ANE,EN,Federal Contract Tower,0,0,10,0,10,0,6,32,0,38,0,6,42,0,48,48,0,48,96
12/02/2020,OWD,MA,ANE,EN,Federal Contract Tower,0,3,14,0,17,0,8,75,0,83,0,11,89,0,100,122,12,134,234
12/03/2020,OWD,MA,ANE,EN,Federal Contract Tower,0,3,9,0,12,0,9,136,0,145,0,12,145,0,157,62,0,62,219
12/04/2020,OWD,MA,ANE,EN,Federal Contract Tower,0,8,15,0,23,0,6,73,0,79,0,14,88,0,102,34,0,34,136
12/05/2020,OWD,MA,ANE,EN,Federal Contract Tower,0,2,0,0,2,0,0,0,0,0,0,2,0,0,2,0,0,0,2
12/06/2020,OWD,MA,ANE,EN,Federal Contract Tower,0,1,6,0,7,0,0,28,0,28,0,1,34,0,35,10,0,10,45
12/07/2020,OWD,MA,ANE,EN,Federal Contract Tower,0,3,3,0,6,0,6,95,0,101,0,9,98,0,107,124,0,124,231
12/08/2020,OWD,MA,ANE,EN,Federal Contract Tower,0,1,7,0,8,0,3,61,0,64,0,4,68,0,72,76,0,76,148
12/09/2020,OWD,MA,ANE,EN,Federal Contract Tower,0,2,13,0,15,0,2,100,2,104,0,4,113,2,119,68,0,68,187
12/10/2020,OWD,MA,ANE,EN,Federal Contract Tower,0,1,12,0,13,0,6,75,0,81,0,7,87,0,94,74,0,74,168
12/11/2020,OWD,MA,ANE,EN,Federal Contract Tower,0,3,6,0,9,0,6,141,0,147,0,9,147,0,156,96,0,96,252
12/12/2020,OWD,MA,ANE,EN,Federal Contract Tower,0,1,3,0,4,0,0,0,0,0,0,1,3,0,4,0,0,0,4
12/13/2020,OWD,MA,ANE,EN,Federal Contract Tower,0,1,4,0,5,0,7,96,7,110,0,8,100,7,115,76,0,76,191
12/14/2020,OWD,MA,ANE,EN,Federal Contract Tower,0,1,4,0,5,0,0,20,0,20,0,1,24,0,25,40,0,40,65
12/15/2020,OWD,MA,ANE,EN,Federal Contract Tower,0,0,10,0,10,0,8,60,0,68,0,8,70,0,78,32,0,32,110
12/16/2020,OWD,MA,ANE,EN,Federal Contract Tower,0,3,10,0,13,0,7,96,0,103,0,10,106,0,116,90,2,92,208
12/17/2020,OWD,MA,ANE,EN,Federal Contract Tower,0,0,0,0,0,0,0,0,0,0,0,0,0,0,0,0,0,0,0
12/18/2020,OWD,MA,ANE,EN,Federal Contract Tower,0,0,3,0,3,0,7,25,0,32,0,7,28,0,35,32,0,32,67
12/19/2020,OWD,MA,ANE,EN,Federal Contract Tower,0,0,14,0,14,0,0,89,0,89,0,0,103,0,103,50,0,50,153
12/20/2020,OWD,MA,ANE,EN,Federal Contract Tower,0,0,4,0,4,0,0,66,0,66,0,0,70,0,70,64,0,64,134
12/21/2020,OWD,MA,ANE,EN,Federal Contract Tower,0,0,0,0,0,0,0,0,0,0,0,0,0,0,0,0,0,0,0
12/22/2020,OWD,MA,ANE,EN,Federal Contract Tower,0,0,11,0,11,0,11,105,0,116,0,11,116,0,127,112,0,112,239
12/23/2020,OWD,MA,ANE,EN,Federal Contract Tower,0,0,14,1,15,0,9,120,0,129,0,9,134,1,144,62,0,62,206
12/24/2020,OWD,MA,ANE,EN,Federal Contract Tower,0,2,1,0,3,0,7,32,0,39,0,9,33,0,42,14,0,14,56
12/25/2020,OWD,MA,ANE,EN,Federal Contract Tower,0,0,1,0,1,0,0,0,0,0,0,0,1,0,1,0,0,0,1
12/26/2020,OWD,MA,ANE,EN,Federal Contract Tower,0,4,6,0,10,0,2,47,0,49,0,6,53,0,59,32,0,32,91
12/27/2020,OWD,MA,ANE,EN,Federal Contract Tower,0,0,12,0,12,0,0,104,0,104,0,0,116,0,116,102,0,102,218
12/28/2020,OWD,MA,ANE,EN,Federal Contract Tower,0,6,5,0,11,0,10,52,0,62,0,16,57,0,73,64,0,64,137
12/29/2020,OWD,MA,ANE,EN,Federal Contract Tower,0,3,6,1,10,0,11,21,0,32,0,14,27,1,42,20,2,22,64
12/30/2020,OWD,MA,ANE,EN,Federal Contract Tower,0,3,9,0,12,0,5,81,0,86,0,8,90,0,98,110,0,110,208
12/31/2020,OWD,MA,ANE,EN,Federal Contract Tower,0,1,4,0,5,0,6,38,0,44,0,7,42,0,49,32,0,32,81
01/01/2021,OWD,MA,ANE,EN,Federal Contract Tower,0,0,6,0,6,0,0,24,0,24,0,0,30,0,30,2,0,2,32
01/02/2021,OWD,MA,ANE,EN,Federal Contract Tower,0,3,13,0,16,0,0,23,0,23,0,3,36,0,39,0,0,0,39
01/03/2021,OWD,MA,ANE,EN,Federal Contract Tower,0,1,9,0,10,0,0,36,0,36,0,1,45,0,46,218,0,218,264
01/04/2021,OWD,MA,ANE,EN,Federal Contract Tower,0,0,5,0,5,0,9,24,0,33,0,9,29,0,38,46,0,46,84
01/05/2021,OWD,MA,ANE,EN,Federal Contract Tower,0,0,4,0,4,0,5,3,0,8,0,5,7,0,12,0,0,0,12
01/06/2021,OWD,MA,ANE,EN,Federal Contract Tower,0,1,15,2,18,0,9,101,0,110,0,10,116,2,128,84,0,84,212
01/07/2021,OWD,MA,ANE,EN,Federal Contract Tower,0,0,6,0,6,0,17,131,0,148,0,17,137,0,154,122,0,122,276
01/09/2021,OWD,MA,ANE,EN,Federal Contract Tower,0,1,15,0,16,0,1,122,0,123,0,2,137,0,139,112,0,112,251
01/10/2021,OWD,MA,ANE,EN,Federal Contract Tower,0,2,8,0,10,0,0,116,0,116,0,2,124,0,126,140,0,140,266
01/11/2021,OWD,MA,ANE,EN,Federal Contract Tower,0,0,14,0,14,0,5,78,0,83,0,5,92,0,97,52,0,52,149
01/12/2021,OWD,MA,ANE,EN,Federal Contract Tower,0,2,3,0,5,0,7,94,0,101,0,9,97,0,106,34,0,34,140
01/13/2021,OWD,MA,ANE,EN,Federal Contract Tower,0,1,9,0,10,0,2,83,0,85,0,3,92,0,95,118,0,118,213
01/14/2021,OWD,MA,ANE,EN,Federal Contract Tower,0,0,14,2,16,0,4,13,0,17,0,4,27,2,33,8,0,8,41
01/15/2021,OWD,MA,ANE,EN,Federal Contract Tower,0,2,12,0,14,0,6,77,0,83,0,8,89,0,97,118,0,118,215
01/16/2021,OWD,MA,ANE,EN,Federal Contract Tower,0,2,1,0,3,0,0,0,0,0,0,2,1,0,3,2,0,2,5
01/17/2021,OWD,MA,ANE,EN,Federal Contract Tower,0,2,2,0,4,0,0,6,0,6,0,2,8,0,10,6,0,6,16
01/18/2021,OWD,MA,ANE,EN,Federal Contract Tower,0,0,8,0,8,0,9,118,0,127,0,9,126,0,135,54,0,54,189
01/19/2021,OWD,MA,ANE,EN,Federal Contract Tower,0,0,3,0,3,0,16,77,0,93,0,16,80,0,96,66,0,66,162
01/20/2021,OWD,MA,ANE,EN,Federal Contract Tower,0,4,9,0,13,0,13,58,0,71,0,17,67,0,84,110,0,110,194
01/21/2021,OWD,MA,ANE,EN,Federal Contract Tower,0,0,7,0,7,0,6,35,0,41,0,6,42,0,48,10,0,10,58
01/22/2021,OWD,MA,ANE,EN,Federal Contract Tower,0,0,8,0,8,0,5,120,0,125,0,5,128,0,133,82,0,82,215
01/23/2021,OWD,MA,ANE,EN,Federal Contract Tower,0,0,6,0,6,0,2,29,0,31,0,2,35,0,37,16,0,16,53
01/24/2021,OWD,MA,ANE,EN,Federal Contract Tower,0,1,7,0,8,0,2,7,0,9,0,3,14,0,17,0,0,0,17
01/25/2021,OWD,MA,ANE,EN,Federal Contract Tower,0,0,6,0,6,0,11,75,0,86,0,11,81,0,92,58,0,58,150
01/26/2021,OWD,MA,ANE,EN,Federal Contract Tower,0,2,7,0,9,0,5,71,0,76,0,7,78,0,85,76,0,76,161
01/27/2021,OWD,MA,ANE,EN,Federal Contract Tower,0,2,1,0,3,0,0,0,0,0,0,2,1,0,3,0,0,0,3
01/28/2021,OWD,MA,ANE,EN,Federal Contract Tower,0,3,1,0,4,0,2,5,0,7,0,5,6,0,11,0,0,0,11
01/29/2021,OWD,MA,ANE,EN,Federal Contract Tower,0,2,7,0,9,0,2,12,0,14,0,4,19,0,23,0,0,0,23
01/31/2021,OWD,MA,ANE,EN,Federal Contract Tower,0,1,20,0,21,0,1,130,0,131,0,2,150,0,152,94,0,94,246
02/01/2021,OWD,MA,ANE,EN,Federal Contract Tower,0,0,0,0,0,0,0,1,0,1,0,0,1,0,1,0,0,0,1
02/03/2021,OWD,MA,ANE,EN,Federal Contract Tower,0,3,6,0,9,0,10,33,0,43,0,13,39,0,52,34,0,34,86
02/04/2021,OWD,MA,ANE,EN,Federal Contract Tower,0,5,14,0,19,0,9,94,0,103,0,14,108,0,122,144,0,144,266
02/05/2021,OWD,MA,ANE,EN,Federal Contract Tower,0,1,7,0,8,0,7,10,0,17,0,8,17,0,25,38,0,38,63
02/06/2021,OWD,MA,ANE,EN,Federal Contract Tower,0,0,5,0,5,0,0,73,0,73,0,0,78,0,78,42,0,42,120
02/07/2021,OWD,MA,ANE,EN,Federal Contract Tower,0,0,2,0,2,0,0,20,0,20,0,0,22,0,22,18,0,18,40
02/08/2021,OWD,MA,ANE,EN,Federal Contract Tower,0,0,3,0,3,0,4,38,0,42,0,4,41,0,45,38,0,38,83
02/09/2021,OWD,MA,ANE,EN,Federal Contract Tower,0,0,0,0,0,0,3,20,0,23,0,3,20,0,23,2,0,2,25
02/10/2021,OWD,MA,ANE,EN,Federal Contract Tower,0,1,6,0,7,0,15,89,0,104,0,16,95,0,111,62,0,62,173
02/11/2021,OWD,MA,ANE,EN,Federal Contract Tower,0,1,6,0,7,0,7,115,0,122,0,8,121,0,129,98,0,98,227
02/12/2021,OWD,MA,ANE,EN,Federal Contract Tower,0,6,11,0,17,0,5,102,0,107,0,11,113,0,124,64,0,64,188
02/13/2021,OWD,MA,ANE,EN,Federal Contract Tower,0,2,6,0,8,0,1,157,0,158,0,3,163,0,166,98,0,98,264
02/14/2021,OWD,MA,ANE,EN,Federal Contract Tower,0,0,1,0,1,0,0,26,0,26,0,0,27,0,27,90,0,90,117
02/15/2021,OWD,MA,ANE,EN,Federal Contract Tower,0,1,6,0,7,0,0,12,0,12,0,1,18,0,19,48,0,48,67
02/16/2021,OWD,MA,ANE,EN,Federal Contract Tower,0,1,1,0,2,0,0,0,0,0,0,1,1,0,2,0,0,0,2
02/17/2021,OWD,MA,ANE,EN,Federal Contract Tower,0,1,4,0,5,0,15,98,0,113,0,16,102,0,118,74,0,74,192
02/18/2021,OWD,MA,ANE,EN,Federal Contract Tower,0,0,1,0,1,0,2,55,0,57,0,2,56,0,58,86,0,86,144
02/19/2021,OWD,MA,ANE,EN,Federal Contract Tower,0,0,0,0,0,0,0,0,0,0,0,0,0,0,0,0,0,0,0
02/20/2021,OWD,MA,ANE,EN,Federal Contract Tower,0,1,7,0,8,0,2,101,0,103,0,3,108,0,111,50,0,50,161
02/21/2021,OWD,MA,ANE,EN,Federal Contract Tower,0,1,11,0,12,0,2,156,0,158,0,3,167,0,170,104,0,104,274
02/22/2021,OWD,MA,ANE,EN,Federal Contract Tower,0,2,1,0,3,0,9,31,0,40,0,11,32,0,43,74,0,74,117
02/23/2021,OWD,MA,ANE,EN,Federal Contract Tower,0,6,4,2,12,0,13,137,0,150,0,19,141,2,162,80,0,80,242
02/24/2021,OWD,MA,ANE,EN,Federal Contract Tower,0,3,11,0,14,0,7,101,0,108,0,10,112,0,122,104,0,104,226
02/25/2021,OWD,MA,ANE,EN,Federal Contract Tower,0,2,8,1,11,0,4,33,0,37,0,6,41,1,48,12,8,20,68
02/26/2021,OWD,MA,ANE,EN,Federal Contract Tower,0,2,10,0,12,0,6,155,0,161,0,8,165,0,173,126,0,126,299
02/27/2021,OWD,MA,ANE,EN,Federal Contract Tower,0,0,3,0,3,0,0,0,0,0,0,0,3,0,3,0,0,0,3
02/28/2021,OWD,MA,ANE,EN,Federal Contract Tower,0,1,10,0,11,0,1,123,0,124,0,2,133,0,135,116,0,116,251
03/01/2021,OWD,MA,ANE,EN,Federal Contract Tower,0,0,8,0,8,0,2,13,0,15,0,2,21,0,23,12,0,12,35
03/02/2021,OWD,MA,ANE,EN,Federal Contract Tower,0,1,1,1,3,0,0,1,0,1,0,1,2,1,4,0,0,0,4
03/03/2021,OWD,MA,ANE,EN,Federal Contract Tower,0,3,1,0,4,0,8,85,0,93,0,11,86,0,97,128,0,128,225
03/04/2021,OWD,MA,ANE,EN,Federal Contract Tower,0,0,9,0,9,0,8,74,0,82,0,8,83,0,91,46,0,46,137
03/05/2021,OWD,MA,ANE,EN,Federal Contract Tower,0,4,1,0,5,0,7,44,0,51,0,11,45,0,56,16,0,16,72
03/06/2021,OWD,MA,ANE,EN,Federal Contract Tower,0,0,7,0,7,0,0,146,0,146,0,0,153,0,153,46,0,46,199
03/07/2021,OWD,MA,ANE,EN,Federal Contract Tower,0,1,19,0,20,0,2,148,0,150,0,3,167,0,170,100,0,100,270
03/08/2021,OWD,MA,ANE,EN,Federal Contract Tower,0,7,9,0,16,0,2,119,0,121,0,9,128,0,137,110,0,110,247
03/09/2021,OWD,MA,ANE,EN,Federal Contract Tower,0,0,7,1,8,0,3,82,0,85,0,3,89,1,93,54,0,54,147
03/10/2021,OWD,MA,ANE,EN,Federal Contract Tower,0,0,8,0,8,0,9,98,0,107,0,9,106,0,115,56,0,56,171
03/11/2021,OWD,MA,ANE,EN,Federal Contract Tower,0,1,5,0,6,0,4,84,0,88,0,5,89,0,94,90,0,90,184
03/12/2021,OWD,MA,ANE,EN,Federal Contract Tower,0,0,9,0,9,0,2,65,0,67,0,2,74,0,76,28,0,28,104
03/13/2021,OWD,MA,ANE,EN,Federal Contract Tower,0,0,3,0,3,0,0,80,0,80,0,0,83,0,83,50,0,50,133
03/14/2021,OWD,MA,ANE,EN,Federal Contract Tower,0,1,1,0,2,0,0,17,0,17,0,1,18,0,19,14,0,14,33
03/15/2021,OWD,MA,ANE,EN,Federal Contract Tower,0,2,1,0,3,0,4,20,0,24,0,6,21,0,27,2,0,2,29
03/16/2021,OWD,MA,ANE,EN,Federal Contract Tower,0,1,8,0,9,0,13,88,0,101,0,14,96,0,110,138,0,138,248
03/17/2021,OWD,MA,ANE,EN,Federal Contract Tower,0,0,12,0,12,0,8,82,0,90,0,8,94,0,102,134,0,134,236
03/18/2021,OWD,MA,ANE,EN,Federal Contract Tower,0,1,13,0,14,0,3,9,0,12,0,4,22,0,26,88,0,88,114
03/19/2021,OWD,MA,ANE,EN,Federal Contract Tower,0,0,2,0,2,0,7,27,0,34,0,7,29,0,36,26,0,26,62
03/20/2021,OWD,MA,ANE,EN,Federal Contract Tower,0,0,16,0,16,0,2,153,0,155,0,2,169,0,171,72,0,72,243
03/21/2021,OWD,MA,ANE,EN,Federal Contract Tower,0,2,12,0,14,0,6,156,0,162,0,8,168,0,176,190,0,190,366
03/22/2021,OWD,MA,ANE,EN,Federal Contract Tower,0,3,5,0,8,0,4,124,0,128,0,7,129,0,136,148,0,148,284
03/23/2021,OWD,MA,ANE,EN,Federal Contract Tower,0,1,11,0,12,0,17,117,0,134,0,18,128,0,146,92,0,92,238
03/24/2021,OWD,MA,ANE,EN,Federal Contract Tower,0,6,10,0,16,0,21,104,0,125,0,27,114,0,141,120,0,120,261
03/25/2021,OWD,MA,ANE,EN,Federal Contract Tower,0,4,26,0,30,0,4,25,0,29,0,8,51,0,59,58,0,58,117
03/26/2021,OWD,MA,ANE,EN,Federal Contract Tower,0,0,4,0,4,0,0,4,0,4,0,0,8,0,8,24,0,24,32
03/27/2021,OWD,MA,ANE,EN,Federal Contract Tower,0,1,9,0,10,0,4,173,0,177,0,5,182,0,187,130,0,130,317
03/28/2021,OWD,MA,ANE,EN,Federal Contract Tower,0,0,12,0,12,0,0,7,0,7,0,0,19,0,19,6,0,6,25
03/29/2021,OWD,MA,ANE,EN,Federal Contract Tower,0,0,6,0,6,0,0,5,0,5,0,0,11,0,11,0,0,0,11
03/30/2021,OWD,MA,ANE,EN,Federal Contract Tower,0,6,5,0,11,0,10,145,0,155,0,16,150,0,166,79,0,79,245
03/31/2021,OWD,MA,ANE,EN,Federal Contract Tower,0,4,5,0,9,0,11,35,2,48,0,15,40,2,57,20,0,20,77
04/01/2021,OWD,MA,ANE,EN,Federal Contract Tower,0,1,14,0,15,0,0,16,0,16,0,1,30,0,31,38,0,38,69
04/02/2021,OWD,MA,ANE,EN,Federal Contract Tower,0,2,12,0,14,0,15,82,0,97,0,17,94,0,111,76,0,76,187
04/03/2021,OWD,MA,ANE,EN,Federal Contract Tower,0,0,3,0,3,0,2,187,0,189,0,2,190,0,192,162,0,162,354
04/04/2021,OWD,MA,ANE,EN,Federal Contract Tower,0,5,10,0,15,0,0,145,0,145,0,5,155,0,160,32,0,32,192
04/05/2021,OWD,MA,ANE,EN,Federal Contract Tower,0,4,12,0,16,0,0,51,0,51,0,4,63,0,67,37,0,37,104
04/06/2021,OWD,MA,ANE,EN,Federal Contract Tower,0,2,10,0,12,0,8,131,0,139,0,10,141,0,151,69,0,69,220
04/07/2021,OWD,MA,ANE,EN,Federal Contract Tower,0,8,10,0,18,0,7,121,0,128,0,15,131,0,146,204,0,204,350
04/08/2021,OWD,MA,ANE,EN,Federal Contract Tower,0,2,17,0,19,0,4,143,4,151,0,6,160,4,170,136,0,136,306
04/09/2021,OWD,MA,ANE,EN,Federal Contract Tower,0,1,8,0,9,0,3,158,0,161,0,4,166,0,170,200,0,200,370
04/10/2021,OWD,MA,ANE,EN,Federal Contract Tower,0,3,11,0,14,0,0,191,0,191,0,3,202,0,205,124,0,124,329
04/11/2021,OWD,MA,ANE,EN,Federal Contract Tower,0,0,14,0,14,0,0,0,0,0,0,0,14,0,14,0,0,0,14
04/12/2021,OWD,MA,ANE,EN,Federal Contract Tower,0,1,16,0,17,0,0,3,0,3,0,1,19,0,20,6,0,6,26
04/13/2021,OWD,MA,ANE,EN,Federal Contract Tower,0,3,12,0,15,0,1,90,0,91,0,4,102,0,106,124,0,124,230
04/14/2021,OWD,MA,ANE,EN,Federal Contract Tower,0,5,12,0,17,0,5,94,0,99,0,10,106,0,116,142,0,142,258
04/15/2021,OWD,MA,ANE,EN,Federal Contract Tower,0,2,10,0,12,0,1,86,0,87,0,3,96,0,99,182,0,182,281
04/16/2021,OWD,MA,ANE,EN,Federal Contract Tower,0,2,3,0,5,0,0,0,0,0,0,2,3,0,5,0,0,0,5
04/17/2021,OWD,MA,ANE,EN,Federal Contract Tower,0,0,7,0,7,0,0,44,0,44,0,0,51,0,51,72,0,72,123
04/18/2021,OWD,MA,ANE,EN,Federal Contract Tower,0,5,18,0,23,0,0,125,0,125,0,5,143,0,148,108,0,108,256
04/19/2021,OWD,MA,ANE,EN,Federal Contract Tower,0,0,14,0,14,0,0,155,0,155,0,0,169,0,169,206,0,206,375
04/20/2021,OWD,MA,ANE,EN,Federal Contract Tower,0,2,14,0,16,0,2,88,0,90,0,4,102,0,106,104,0,104,210
04/21/2021,OWD,MA,ANE,EN,Federal Contract Tower,0,0,14,0,14,0,0,31,0,31,0,0,45,0,45,0,0,0,45
04/22/2021,OWD,MA,ANE,EN,Federal Contract Tower,0,5,8,0,13,0,2,10,0,12,0,7,18,0,25,0,0,0,25
04/23/2021,OWD,MA,ANE,EN,Federal Contract Tower,0,0,6,0,6,0,3,26,0,29,0,3,32,0,35,8,0,8,43
04/24/2021,OWD,MA,ANE,EN,Federal Contract Tower,0,5,13,0,18,0,0,158,0,158,0,5,171,0,176,96,0,96,272
04/25/2021,OWD,MA,ANE,EN,Federal Contract Tower,0,7,17,0,24,0,0,25,0,25,0,7,42,0,49,0,0,0,49
04/26/2021,OWD,MA,ANE,EN,Federal Contract Tower,0,0,7,0,7,0,0,23,0,23,0,0,30,0,30,0,0,0,30
04/27/2021,OWD,MA,ANE,EN,Federal Contract Tower,0,2,11,0,13,0,2,141,0,143,0,4,152,0,156,222,0,222,378
04/28/2021,OWD,MA,ANE,EN,Federal Contract Tower,0,1,9,0,10,0,5,101,0,106,0,6,110,0,116,192,0,192,308
04/29/2021,OWD,MA,ANE,EN,Federal Contract Tower,0,2,17,0,19,0,0,2,0,2,0,2,19,0,21,48,0,48,69
04/30/2021,OWD,MA,ANE,EN,Federal Contract Tower,0,6,11,0,17,0,3,20,0,23,0,9,31,0,40,1,2,3,43
05/01/2021,OWD,MA,ANE,EN,Federal Contract Tower,0,1,12,0,13,0,0,157,0,157,0,1,169,0,170,46,0,46,216
05/02/2021,OWD,MA,ANE,EN,Federal Contract Tower,0,4,7,0,11,0,5,195,0,200,0,9,202,0,211,56,0,56,267
05/03/2021,OWD,MA,ANE,EN,Federal Contract Tower,0,0,17,0,17,0,0,154,0,154,0,0,171,0,171,124,0,124,295
05/04/2021,OWD,MA,ANE,EN,Federal Contract Tower,0,1,13,0,14,0,0,6,0,6,0,1,19,0,20,60,0,60,80
05/05/2021,OWD,MA,ANE,EN,Federal Contract Tower,0,11,13,0,24,0,0,0,0,0,0,11,13,0,24,0,0,0,24
05/06/2021,OWD,MA,ANE,EN,Federal Contract Tower,0,4,8,1,13,0,4,156,0,160,0,8,164,1,173,206,0,206,379
05/07/2021,OWD,MA,ANE,EN,Federal Contract Tower,0,2,11,0,13,0,1,161,0,162,0,3,172,0,175,168,0,168,343
05/08/2021,OWD,MA,ANE,EN,Federal Contract Tower,0,2,12,0,14,0,1,176,0,177,0,3,188,0,191,170,0,170,361
05/09/2021,OWD,MA,ANE,EN,Federal Contract Tower,0,0,11,0,11,0,0,156,0,156,0,0,167,0,167,92,0,92,259
05/10/2021,OWD,MA,ANE,EN,Federal Contract Tower,0,1,18,0,19,0,3,88,0,91,0,4,106,0,110,162,0,162,272
05/11/2021,OWD,MA,ANE,EN,Federal Contract Tower,0,4,11,0,15,0,0,79,0,79,0,4,90,0,94,40,0,40,134
05/12/2021,OWD,MA,ANE,EN,Federal Contract Tower,0,0,19,0,19,0,1,99,0,100,0,1,118,0,119,106,0,106,225
05/13/2021,OWD,MA,ANE,EN,Federal Contract Tower,0,3,18,0,21,0,2,178,0,180,0,5,196,0,201,144,0,144,345
05/14/2021,OWD,MA,ANE,EN,Federal Contract Tower,0,5,12,0,17,0,14,148,0,162,0,19,160,0,179,154,0,154,333
05/15/2021,OWD,MA,ANE,EN,Federal Contract Tower,0,2,12,0,14,0,4,141,0,145,0,6,153,0,159,144,0,144,303
05/16/2021,OWD,MA,ANE,EN,Federal Contract Tower,0,6,23,0,29,0,4,113,0,117,0,10,136,0,146,80,0,80,226
05/17/2021,OWD,MA,ANE,EN,Federal Contract Tower,0,7,13,2,22,0,0,107,0,107,0,7,120,2,129,110,0,110,239
05/18/2021,OWD,MA,ANE,EN,Federal Contract Tower,0,3,10,0,13,0,4,133,0,137,0,7,143,0,150,90,0,90,240
05/19/2021,OWD,MA,ANE,EN,Federal Contract Tower,0,3,10,1,14,0,2,117,6,125,0,5,127,7,139,140,0,140,279
05/20/2021,OWD,MA,ANE,EN,Federal Contract Tower,0,0,17,0,17,0,9,141,0,150,0,9,158,0,167,148,0,148,315
05/21/2021,OWD,MA,ANE,EN,Federal Contract Tower,0,0,15,0,15,0,7,130,0,137,0,7,145,0,152,144,0,144,296
05/22/2021,OWD,MA,ANE,EN,Federal Contract Tower,0,2,11,0,13,0,1,120,0,121,0,3,131,0,134,80,0,80,214
05/23/2021,OWD,MA,ANE,EN,Federal Contract Tower,0,6,24,0,30,0,1,85,0,86,0,7,109,0,116,108,0,108,224
05/24/2021,OWD,MA,ANE,EN,Federal Contract Tower,0,6,10,0,16,0,2,150,0,152,0,8,160,0,168,124,0,124,292
05/25/2021,OWD,MA,ANE,EN,Federal Contract Tower,0,4,13,0,17,0,5,91,0,96,0,9,104,0,113,104,0,104,217
05/26/2021,OWD,MA,ANE,EN,Federal Contract Tower,0,5,11,0,16,0,0,97,0,97,0,5,108,0,113,102,0,102,215
05/27/2021,OWD,MA,ANE,EN,Federal Contract Tower,0,8,15,0,23,0,3,153,0,156,0,11,168,0,179,190,0,190,369
05/28/2021,OWD,MA,ANE,EN,Federal Contract Tower,0,8,20,0,28,0,2,140,0,142,0,10,160,0,170,110,0,110,280
05/29/2021,OWD,MA,ANE,EN,Federal Contract Tower,0,3,7,0,10,0,0,0,0,0,0,3,7,0,10,0,0,0,10
05/30/2021,OWD,MA,ANE,EN,Federal Contract Tower,0,5,7,0,12,0,0,0,0,0,0,5,7,0,12,0,0,0,12
05/31/2021,OWD,MA,ANE,EN,Federal Contract Tower,0,18,47,0,65,0,0,20,0,20,0,18,67,0,85,2,0,2,87
06/01/2021,OWD,MA,ANE,EN,Federal Contract Tower,0,3,7,0,10,0,2,119,0,121,0,5,126,0,131,100,0,100,231
06/02/2021,OWD,MA,ANE,EN,Federal Contract Tower,0,5,12,0,17,0,3,134,0,137,0,8,146,0,154,170,0,170,324
06/03/2021,OWD,MA,ANE,EN,Federal Contract Tower,0,11,16,0,27,0,0,23,0,23,0,11,39,0,50,110,0,110,160
06/04/2021,OWD,MA,ANE,EN,Federal Contract Tower,0,10,26,0,36,0,7,58,0,65,0,17,84,0,101,88,0,88,189
06/05/2021,OWD,MA,ANE,EN,Federal Contract Tower,0,10,15,0,25,0,1,162,0,163,0,11,177,0,188,102,0,102,290
06/06/2021,OWD,MA,ANE,EN,Federal Contract Tower,0,5,9,0,14,0,1,152,0,153,0,6,161,0,167,110,0,110,277
06/07/2021,OWD,MA,ANE,EN,Federal Contract Tower,0,12,13,0,25,0,7,111,0,118,0,19,124,0,143,84,0,84,227
06/08/2021,OWD,MA,ANE,EN,Federal Contract Tower,0,8,10,0,18,0,4,89,2,95,0,12,99,2,113,58,0,58,171
06/09/2021,OWD,MA,ANE,EN,Federal Contract Tower,0,7,16,0,23,0,1,72,0,73,0,8,88,0,96,110,0,110,206
06/10/2021,OWD,MA,ANE,EN,Federal Contract Tower,0,6,13,0,19,0,5,134,0,139,0,11,147,0,158,90,0,90,248
06/11/2021,OWD,MA,ANE,EN,Federal Contract Tower,0,4,12,0,16,0,3,183,0,186,0,7,195,0,202,116,0,116,318
06/12/2021,OWD,MA,ANE,EN,Federal Contract Tower,0,8,17,0,25,0,0,67,0,67,0,8,84,0,92,112,0,112,204
06/13/2021,OWD,MA,ANE,EN,Federal Contract Tower,0,6,16,0,22,0,2,155,0,157,0,8,171,0,179,134,0,134,313
06/14/2021,OWD,MA,ANE,EN,Federal Contract Tower,0,4,17,0,21,0,0,18,0,18,0,4,35,0,39,38,0,38,77
06/15/2021,OWD,MA,ANE,EN,Federal Contract Tower,0,6,27,0,33,0,3,36,0,39,0,9,63,0,72,86,0,86,158
06/16/2021,OWD,MA,ANE,EN,Federal Contract Tower,0,7,27,0,34,0,4,168,0,172,0,11,195,0,206,118,0,118,324
06/17/2021,OWD,MA,ANE,EN,Federal Contract Tower,0,4,10,0,14,0,2,115,2,119,0,6,125,2,133,123,0,123,256
06/18/2021,OWD,MA,ANE,EN,Federal Contract Tower,0,3,12,0,15,0,7,173,0,180,0,10,185,0,195,82,0,82,277
06/19/2021,OWD,MA,ANE,EN,Federal Contract Tower,0,10,7,0,17,0,0,130,0,130,0,10,137,0,147,92,0,92,239
06/20/2021,OWD,MA,ANE,EN,Federal Contract Tower,0,4,12,0,16,0,0,175,0,175,0,4,187,0,191,58,0,58,249
06/21/2021,OWD,MA,ANE,EN,Federal Contract Tower,0,12,25,0,37,0,0,87,0,87,0,12,112,0,124,80,0,80,204
06/22/2021,OWD,MA,ANE,EN,Federal Contract Tower,0,7,17,0,24,0,0,30,0,30,0,7,47,0,54,66,0,66,120
06/23/2021,OWD,MA,ANE,EN,Federal Contract Tower,0,10,11,0,21,0,15,155,1,171,0,25,166,1,192,194,0,194,386
06/24/2021,OWD,MA,ANE,EN,Federal Contract Tower,0,12,15,0,27,0,5,161,0,166,0,17,176,0,193,74,0,74,267
06/25/2021,OWD,MA,ANE,EN,Federal Contract Tower,0,15,29,0,44,0,0,30,0,30,0,15,59,0,74,14,0,14,88
06/26/2021,OWD,MA,ANE,EN,Federal Contract Tower,0,15,36,0,51,0,0,52,2,54,0,15,88,2,105,140,0,140,245
06/27/2021,OWD,MA,ANE,EN,Federal Contract Tower,0,9,26,0,35,0,0,59,0,59,0,9,85,0,94,86,0,86,180
06/28/2021,OWD,MA,ANE,EN,Federal Contract Tower,0,8,11,0,19,0,1,112,0,113,0,9,123,0,132,74,0,74,206
06/29/2021,OWD,MA,ANE,EN,Federal Contract Tower,0,7,20,0,27,4,2,122,0,128,4,9,142,0,155,72,0,72,227
06/30/2021,OWD,MA,ANE,EN,Federal Contract Tower,0,6,9,0,15,0,5,128,0,133,0,11,137,0,148,134,0,134,282
07/01/2021,OWD,MA,ANE,EN,Federal Contract Tower,0,5,14,0,19,0,1,86,0,87,0,6,100,0,106,124,0,124,230
07/02/2021,OWD,MA,ANE,EN,Federal Contract Tower,0,6,20,0,26,0,0,0,0,0,0,6,20,0,26,0,0,0,26
07/03/2021,OWD,MA,ANE,EN,Federal Contract Tower,0,7,23,0,30,0,0,0,0,0,0,7,23,0,30,0,0,0,30
07/04/2021,OWD,MA,ANE,EN,Federal Contract Tower,0,4,22,0,26,0,0,22,0,22,0,4,44,0,48,24,0,24,72
07/05/2021,OWD,MA,ANE,EN,Federal Contract Tower,0,6,33,0,39,0,0,183,0,183,0,6,216,0,222,108,0,108,330
07/06/2021,OWD,MA,ANE,EN,Federal Contract Tower,0,7,10,0,17,0,0,63,0,63,0,7,73,0,80,78,0,78,158
07/07/2021,OWD,MA,ANE,EN,Federal Contract Tower,0,4,19,0,23,0,1,117,0,118,0,5,136,0,141,132,0,132,273
07/08/2021,OWD,MA,ANE,EN,Federal Contract Tower,0,9,27,0,36,0,1,24,0,25,0,10,51,0,61,96,0,96,157
07/09/2021,OWD,MA,ANE,EN,Federal Contract Tower,0,2,8,0,10,0,0,3,0,3,0,2,11,0,13,0,0,0,13
07/10/2021,OWD,MA,ANE,EN,Federal Contract Tower,0,4,21,0,25,0,1,149,0,150,0,5,170,0,175,350,0,350,525
07/11/2021,OWD,MA,ANE,EN,Federal Contract Tower,0,6,23,0,29,0,5,167,0,172,0,11,190,0,201,212,0,212,413
07/12/2021,OWD,MA,ANE,EN,Federal Contract Tower,0,14,21,0,35,0,0,0,0,0,0,14,21,0,35,0,0,0,35
07/14/2021,OWD,MA,ANE,EN,Federal Contract Tower,0,3,19,0,22,0,2,9,0,11,0,5,28,0,33,20,0,20,53
07/15/2021,OWD,MA,ANE,EN,Federal Contract Tower,0,5,13,0,18,0,0,149,0,149,0,5,162,0,167,236,0,236,403
07/16/2021,OWD,MA,ANE,EN,Federal Contract Tower,6,18,0,0,24,0,9,168,0,177,6,27,168,0,201,60,0,60,261
07/17/2021,OWD,MA,ANE,EN,Federal Contract Tower,0,7,17,0,24,0,0,79,0,79,0,7,96,0,103,130,0,130,233
07/18/2021,OWD,MA,ANE,EN,Federal Contract Tower,0,7,32,0,39,0,0,0,0,0,0,7,32,0,39,0,0,0,39
07/19/2021,OWD,MA,ANE,EN,Federal Contract Tower,0,7,24,0,31,0,0,21,0,21,0,7,45,0,52,40,0,40,92
07/20/2021,OWD,MA,ANE,EN,Federal Contract Tower,0,11,15,0,26,0,3,112,0,115,0,14,127,0,141,112,0,112,253
07/21/2021,OWD,MA,ANE,EN,Federal Contract Tower,0,7,28,0,35,0,0,89,0,89,0,7,117,0,124,90,0,90,214
07/22/2021,OWD,MA,ANE,EN,Federal Contract Tower,0,12,20,0,32,0,9,161,0,170,0,21,181,0,202,212,0,212,414
07/23/2021,OWD,MA,ANE,EN,Federal Contract Tower,0,4,19,0,23,0,0,114,0,114,0,4,133,0,137,174,0,174,311
07/24/2021,OWD,MA,ANE,EN,Federal Contract Tower,0,8,26,0,34,0,0,170,0,170,0,8,196,0,204,102,0,102,306
07/25/2021,OWD,MA,ANE,EN,Federal Contract Tower,0,7,34,0,41,0,0,19,0,19,0,7,53,0,60,42,2,44,104
07/26/2021,OWD,MA,ANE,EN,Federal Contract Tower,0,3,24,0,27,0,0,87,0,87,0,3,111,0,114,102,0,102,216
07/27/2021,OWD,MA,ANE,EN,Federal Contract Tower,0,6,14,0,20,0,2,117,0,119,0,8,131,0,139,166,0,166,305
07/28/2021,OWD,MA,ANE,EN,Federal Contract Tower,0,5,25,0,30,0,2,95,0,97,0,7,120,0,127,216,0,216,343
07/29/2021,OWD,MA,ANE,EN,Federal Contract Tower,0,7,18,0,25,0,2,104,0,106,0,9,122,0,131,184,0,184,315
07/31/2021,OWD,MA,ANE,EN,Federal Contract Tower,0,6,12,0,18,0,1,154,0,155,0,7,166,0,173,136,0,136,309
08/01/2021,OWD,MA,ANE,EN,Federal Contract Tower,0,2,14,0,16,0,3,136,0,139,0,5,150,0,155,152,0,152,307
08/02/2021,OWD,MA,ANE,EN,Federal Contract Tower,0,7,15,0,22,0,1,139,0,140,0,8,154,0,162,190,0,190,352
08/03/2021,OWD,MA,ANE,EN,Federal Contract Tower,0,11,11,0,22,0,6,113,0,119,0,17,124,0,141,182,0,182,323
08/04/2021,OWD,MA,ANE,EN,Federal Contract Tower,0,10,11,0,21,0,6,97,0,103,0,16,108,0,124,184,0,184,308
08/05/2021,OWD,MA,ANE,EN,Federal Contract Tower,0,2,18,0,20,0,0,1,0,1,0,2,19,0,21,0,0,0,21
08/06/2021,OWD,MA,ANE,EN,Federal Contract Tower,0,12,14,0,26,0,4,157,0,161,0,16,171,0,187,190,0,190,377
08/07/2021,OWD,MA,ANE,EN,Federal Contract Tower,0,5,9,0,14,0,0,151,0,151,0,5,160,0,165,138,0,138,303
08/08/2021,OWD,MA,ANE,EN,Federal Contract Tower,0,5,12,0,17,0,2,125,0,127,0,7,137,0,144,156,0,156,300
08/09/2021,OWD,MA,ANE,EN,Federal Contract Tower,0,19,16,0,35,0,0,16,0,16,0,19,32,0,51,24,0,24,75
08/10/2021,OWD,MA,ANE,EN,Federal Contract Tower,0,16,17,0,33,0,4,55,0,59,0,20,72,0,92,96,0,96,188
08/11/2021,OWD,MA,ANE,EN,Federal Contract Tower,0,14,36,0,50,0,5,109,0,114,0,19,145,0,164,92,0,92,256
08/12/2021,OWD,MA,ANE,EN,Federal Contract Tower,0,8,7,0,15,0,3,131,0,134,0,11,138,0,149,138,6,144,293
08/13/2021,OWD,MA,ANE,EN,Federal Contract Tower,0,9,19,0,28,0,7,126,0,133,0,16,145,0,161,150,0,150,311
08/14/2021,OWD,MA,ANE,EN,Federal Contract Tower,0,5,10,0,15,0,0,113,0,113,0,5,123,0,128,84,0,84,212
08/15/2021,OWD,MA,ANE,EN,Federal Contract Tower,0,14,14,0,28,0,3,173,0,176,0,17,187,0,204,116,0,116,320
08/16/2021,OWD,MA,ANE,EN,Federal Contract Tower,0,5,22,0,27,0,0,135,0,135,0,5,157,0,162,154,0,154,316
08/17/2021,OWD,MA,ANE,EN,Federal Contract Tower,0,3,13,0,16,0,4,123,0,127,0,7,136,0,143,142,0,142,285
08/18/2021,OWD,MA,ANE,EN,Federal Contract Tower,0,7,12,0,19,0,13,114,2,129,0,20,126,2,148,148,0,148,296
08/19/2021,OWD,MA,ANE,EN,Federal Contract Tower,0,7,19,2,28,0,0,11,0,11,0,7,30,2,39,0,0,0,39
08/20/2021,OWD,MA,ANE,EN,Federal Contract Tower,0,15,37,2,54,0,1,107,0,108,0,16,144,2,162,58,0,58,220
08/21/2021,OWD,MA,ANE,EN,Federal Contract Tower,0,4,23,0,27,0,1,144,0,145,0,5,167,0,172,122,0,122,294
08/22/2021,OWD,MA,ANE,EN,Federal Contract Tower,0,0,1,0,1,0,0,0,0,0,0,0,1,0,1,0,0,0,1
08/23/2021,OWD,MA,ANE,EN,Federal Contract Tower,0,8,16,0,24,0,0,25,0,25,0,8,41,0,49,65,0,65,114
08/24/2021,OWD,MA,ANE,EN,Federal Contract Tower,0,11,21,0,32,0,2,104,0,106,0,13,125,0,138,140,0,140,278
08/25/2021,OWD,MA,ANE,EN,Federal Contract Tower,0,7,22,0,29,0,14,158,0,172,0,21,180,0,201,166,0,166,367
08/26/2021,OWD,MA,ANE,EN,Federal Contract Tower,0,13,22,0,35,0,8,128,0,136,0,21,150,0,171,98,0,98,269
08/27/2021,OWD,MA,ANE,EN,Federal Contract Tower,0,7,17,0,24,0,10,122,0,132,0,17,139,0,156,66,0,66,222
08/28/2021,OWD,MA,ANE,EN,Federal Contract Tower,0,8,11,0,19,0,2,114,0,116,0,10,125,0,135,92,0,92,227
08/29/2021,OWD,MA,ANE,EN,Federal Contract Tower,0,13,29,0,42,0,0,137,0,137,0,13,166,0,179,134,0,134,313
08/30/2021,OWD,MA,ANE,EN,Federal Contract Tower,0,9,18,0,27,0,2,71,0,73,0,11,89,0,100,70,0,70,170
08/31/2021,OWD,MA,ANE,EN,Federal Contract Tower,0,14,14,0,28,0,4,146,0,150,0,18,160,0,178,110,0,110,288
09/01/2021,OWD,MA,ANE,EN,Federal Contract Tower,0,6,20,0,26,0,2,47,0,49,0,8,67,0,75,50,0,50,125
09/02/2021,OWD,MA,ANE,EN,Federal Contract Tower,0,9,16,0,25,0,0,59,0,59,0,9,75,0,84,52,0,52,136
09/03/2021,OWD,MA,ANE,EN,Federal Contract Tower,0,10,24,0,34,0,5,161,0,166,0,15,185,0,200,136,0,136,336
09/04/2021,OWD,MA,ANE,EN,Federal Contract Tower,0,4,17,0,21,0,5,123,0,128,0,9,140,0,149,104,0,104,253
09/05/2021,OWD,MA,ANE,EN,Federal Contract Tower,0,6,16,0,22,0,1,68,0,69,0,7,84,0,91,68,0,68,159
09/06/2021,OWD,MA,ANE,EN,Federal Contract Tower,0,4,14,0,18,0,0,127,0,127,0,4,141,0,145,72,0,72,217
09/07/2021,OWD,MA,ANE,EN,Federal Contract Tower,0,10,12,0,22,0,9,137,0,146,0,19,149,0,168,74,0,74,242
09/08/2021,OWD,MA,ANE,EN,Federal Contract Tower,0,2,14,0,16,0,14,84,0,98,0,16,98,0,114,46,0,46,160
09/09/2021,OWD,MA,ANE,EN,Federal Contract Tower,0,4,13,0,17,0,0,5,0,5,0,4,18,0,22,0,0,0,22
09/10/2021,OWD,MA,ANE,EN,Federal Contract Tower,0,2,10,2,14,0,1,124,3,128,0,3,134,5,142,80,0,80,222
09/11/2021,OWD,MA,ANE,EN,Federal Contract Tower,0,8,25,0,33,0,2,165,0,167,0,10,190,0,200,152,0,152,352
09/12/2021,OWD,MA,ANE,EN,Federal Contract Tower,0,21,19,0,40,0,2,101,0,103,0,23,120,0,143,36,0,36,179
09/13/2021,OWD,MA,ANE,EN,Federal Contract Tower,0,6,20,0,26,0,5,101,0,106,0,11,121,0,132,124,0,124,256
09/14/2021,OWD,MA,ANE,EN,Federal Contract Tower,0,14,8,0,22,0,3,152,0,155,0,17,160,0,177,140,0,140,317
09/16/2021,OWD,MA,ANE,EN,Federal Contract Tower,0,5,26,0,31,0,0,9,0,9,0,5,35,0,40,58,0,58,98
09/17/2021,OWD,MA,ANE,EN,Federal Contract Tower,0,9,35,0,44,0,0,0,0,0,0,9,35,0,44,0,0,0,44
09/18/2021,OWD,MA,ANE,EN,Federal Contract Tower,0,5,24,0,29,0,0,24,0,24,0,5,48,0,53,72,0,72,125
09/19/2021,OWD,MA,ANE,EN,Federal Contract Tower,0,8,13,0,21,0,1,192,0,193,0,9,205,0,214,108,0,108,322
09/20/2021,OWD,MA,ANE,EN,Federal Contract Tower,0,13,18,0,31,0,3,196,0,199,0,16,214,0,230,132,0,132,362
09/21/2021,OWD,MA,ANE,EN,Federal Contract Tower,0,7,23,0,30,0,2,137,0,139,0,9,160,0,169,178,0,178,347
09/22/2021,OWD,MA,ANE,EN,Federal Contract Tower,0,4,20,0,24,0,3,39,0,42,0,7,59,0,66,100,0,100,166
09/23/2021,OWD,MA,ANE,EN,Federal Contract Tower,0,4,24,0,28,0,3,81,0,84,0,7,105,0,112,142,0,142,254
09/24/2021,OWD,MA,ANE,EN,Federal Contract Tower,0,12,16,0,28,0,0,11,0,11,0,12,27,0,39,0,0,0,39
09/25/2021,OWD,MA,ANE,EN,Federal Contract Tower,0,4,16,0,20,0,0,119,0,119,0,4,135,0,139,112,0,112,251
09/26/2021,OWD,MA,ANE,EN,Federal Contract Tower,0,15,29,0,44,0,1,125,0,126,0,16,154,0,170,110,0,110,280
09/27/2021,OWD,MA,ANE,EN,Federal Contract Tower,0,7,12,0,19,0,2,153,0,155,0,9,165,0,174,36,0,36,210
09/28/2021,OWD,MA,ANE,EN,Federal Contract Tower,0,7,10,0,17,0,2,43,0,45,0,9,53,0,62,20,0,20,82
09/29/2021,OWD,MA,ANE,EN,Federal Contract Tower,0,14,8,0,22,0,2,162,0,164,0,16,170,0,186,104,0,104,290
09/30/2021,OWD,MA,ANE,EN,Federal Contract Tower,0,5,17,0,22,0,7,107,0,114,0,12,124,0,136,108,0,108,244
10/01/2021,OWD,MA,ANE,EN,Federal Contract Tower,0,11,22,0,33,0,3,133,0,136,0,14,155,0,169,104,0,104,273
10/02/2021,OWD,MA,ANE,EN,Federal Contract Tower,0,2,12,0,14,0,0,144,0,144,0,2,156,0,158,88,0,88,246
10/03/2021,OWD,MA,ANE,EN,Federal Contract Tower,0,21,51,0,72,0,0,59,0,59,0,21,110,0,131,60,0,60,191
10/04/2021,OWD,MA,ANE,EN,Federal Contract Tower,0,11,17,0,28,0,0,0,0,0,0,11,17,0,28,0,0,0,28
10/05/2021,OWD,MA,ANE,EN,Federal Contract Tower,0,12,25,0,37,0,6,15,0,21,0,18,40,0,58,42,0,42,100
10/06/2021,OWD,MA,ANE,EN,Federal Contract Tower,0,6,18,0,24,0,2,119,0,121,0,8,137,0,145,242,0,242,387
10/07/2021,OWD,MA,ANE,EN,Federal Contract Tower,0,4,18,0,22,0,2,155,0,157,0,6,173,0,179,180,0,180,359
10/08/2021,OWD,MA,ANE,EN,Federal Contract Tower,0,8,27,0,35,0,3,176,0,179,0,11,203,0,214,76,0,76,290
10/09/2021,OWD,MA,ANE,EN,Federal Contract Tower,0,12,39,0,51,0,1,109,0,110,0,13,148,0,161,134,0,134,295
10/10/2021,OWD,MA,ANE,EN,Federal Contract Tower,0,4,24,0,28,0,0,74,0,74,0,4,98,0,102,122,0,122,224
10/11/2021,OWD,MA,ANE,EN,Federal Contract Tower,0,8,22,0,30,0,2,68,0,70,0,10,90,0,100,38,0,38,138
10/12/2021,OWD,MA,ANE,EN,Federal Contract Tower,0,8,22,0,30,0,2,68,0,70,0,10,90,0,100,38,0,38,138
10/14/2021,OWD,MA,ANE,EN,Federal Contract Tower,0,5,17,0,22,0,2,116,0,118,0,7,133,0,140,128,0,128,268
10/15/2021,OWD,MA,ANE,EN,Federal Contract Tower,0,13,31,0,44,0,2,121,2,125,0,15,152,2,169,230,0,230,399
10/16/2021,OWD,MA,ANE,EN,Federal Contract Tower,0,12,11,0,23,0,0,58,0,58,0,12,69,0,81,8,0,8,89
10/17/2021,OWD,MA,ANE,EN,Federal Contract Tower,0,16,22,0,38,0,5,124,0,129,0,21,146,0,167,84,0,84,251
10/18/2021,OWD,MA,ANE,EN,Federal Contract Tower,0,10,18,0,28,0,3,102,0,105,0,13,120,0,133,90,0,90,223
10/19/2021,OWD,MA,ANE,EN,Federal Contract Tower,0,1,13,0,14,0,6,120,0,126,0,7,133,0,140,54,0,54,194
10/20/2021,OWD,MA,ANE,EN,Federal Contract Tower,0,1,15,0,16,0,8,123,0,131,0,9,138,0,147,78,0,78,225
10/21/2021,OWD,MA,ANE,EN,Federal Contract Tower,0,9,17,1,27,0,5,111,0,116,0,14,128,1,143,74,0,74,217
10/22/2021,OWD,MA,ANE,EN,Federal Contract Tower,0,3,24,0,27,0,4,148,0,152,0,7,172,0,179,114,0,114,293
10/23/2021,OWD,MA,ANE,EN,Federal Contract Tower,0,9,15,0,24,0,0,107,0,107,0,9,122,0,131,48,0,48,179
10/24/2021,OWD,MA,ANE,EN,Federal Contract Tower,0,14,24,0,38,0,3,179,0,182,0,17,203,0,220,74,0,74,294
10/25/2021,OWD,MA,ANE,EN,Federal Contract Tower,0,3,6,0,9,0,0,0,0,0,0,3,6,0,9,0,0,0,9
10/26/2021,OWD,MA,ANE,EN,Federal Contract Tower,0,2,5,0,7,0,0,0,0,0,0,2,5,0,7,0,0,0,7
10/27/2021,OWD,MA,ANE,EN,Federal Contract Tower,0,0,5,0,5,0,0,1,0,1,0,0,6,0,6,0,0,0,6
10/28/2021,OWD,MA,ANE,EN,Federal Contract Tower,0,5,24,0,29,0,6,91,0,97,0,11,115,0,126,122,0,122,248
10/29/2021,OWD,MA,ANE,EN,Federal Contract Tower,0,4,17,0,21,0,1,66,0,67,0,5,83,0,88,120,0,120,208
10/30/2021,OWD,MA,ANE,EN,Federal Contract Tower,0,0,7,0,7,0,0,0,0,0,0,0,7,0,7,0,0,0,7
10/31/2021,OWD,MA,ANE,EN,Federal Contract Tower,0,4,21,0,25,0,0,85,0,85,0,4,106,0,110,102,0,102,212
11/01/2021,OWD,MA,ANE,EN,Federal Contract Tower,0,4,13,0,17,0,0,115,0,115,0,4,128,0,132,86,0,86,218
11/02/2021,OWD,MA,ANE,EN,Federal Contract Tower,0,1,6,0,7,0,9,141,4,154,0,10,147,4,161,106,0,106,267
11/03/2021,OWD,MA,ANE,EN,Federal Contract Tower,0,3,19,0,22,0,3,164,0,167,0,6,183,0,189,108,0,108,297
11/04/2021,OWD,MA,ANE,EN,Federal Contract Tower,0,3,13,0,16,0,5,135,0,140,0,8,148,0,156,172,0,172,328
11/05/2021,OWD,MA,ANE,EN,Federal Contract Tower,0,3,14,0,17,0,2,154,0,156,0,5,168,0,173,102,0,102,275
11/06/2021,OWD,MA,ANE,EN,Federal Contract Tower,0,0,29,0,29,0,0,139,0,139,0,0,168,0,168,64,0,64,232
11/07/2021,OWD,MA,ANE,EN,Federal Contract Tower,0,1,12,0,13,0,0,158,0,158,0,1,170,0,171,96,0,96,267
11/08/2021,OWD,MA,ANE,EN,Federal Contract Tower,0,6,16,0,22,0,1,105,2,108,0,7,121,2,130,84,0,84,214
11/09/2021,OWD,MA,ANE,EN,Federal Contract Tower,0,4,11,0,15,0,10,127,0,137,0,14,138,0,152,88,0,88,240
11/10/2021,OWD,MA,ANE,EN,Federal Contract Tower,0,3,9,0,12,0,3,100,0,103,0,6,109,0,115,140,0,140,255
11/11/2021,OWD,MA,ANE,EN,Federal Contract Tower,0,10,24,0,34,0,10,141,0,151,0,20,165,0,185,206,0,206,391
11/12/2021,OWD,MA,ANE,EN,Federal Contract Tower,0,8,5,0,13,0,0,0,0,0,0,8,5,0,13,0,0,0,13
11/13/2021,OWD,MA,ANE,EN,Federal Contract Tower,0,2,9,0,11,0,0,99,0,99,0,2,108,0,110,122,0,122,232
11/14/2021,OWD,MA,ANE,EN,Federal Contract Tower,0,18,20,0,38,0,2,101,0,103,0,20,121,0,141,96,0,96,237
11/15/2021,OWD,MA,ANE,EN,Federal Contract Tower,0,6,13,0,19,0,2,66,0,68,0,8,79,0,87,118,0,118,205
11/16/2021,OWD,MA,ANE,EN,Federal Contract Tower,0,4,18,0,22,0,9,106,0,115,0,13,124,0,137,26,0,26,163
11/17/2021,OWD,MA,ANE,EN,Federal Contract Tower,0,5,22,0,27,0,9,125,0,134,0,14,147,0,161,126,0,126,287
11/18/2021,OWD,MA,ANE,EN,Federal Contract Tower,0,4,13,0,17,0,2,85,0,87,0,6,98,0,104,138,0,138,242
11/19/2021,OWD,MA,ANE,EN,Federal Contract Tower,0,5,21,0,26,0,4,76,0,80,0,9,97,0,106,42,0,42,148
11/20/2021,OWD,MA,ANE,EN,Federal Contract Tower,0,3,21,0,24,0,1,133,0,134,0,4,154,0,158,88,0,88,246
11/21/2021,OWD,MA,ANE,EN,Federal Contract Tower,0,9,22,0,31,0,0,92,0,92,0,9,114,0,123,134,6,140,263
11/22/2021,OWD,MA,ANE,EN,Federal Contract Tower,0,10,10,0,20,0,1,43,0,44,0,11,53,0,64,170,0,170,234
11/23/2021,OWD,MA,ANE,EN,Federal Contract Tower,0,4,12,0,16,0,5,81,0,86,0,9,93,0,102,102,0,102,204
11/24/2021,OWD,MA,ANE,EN,Federal Contract Tower,0,11,21,0,32,0,12,106,0,118,0,23,127,0,150,44,0,44,194
11/25/2021,OWD,MA,ANE,EN,Federal Contract Tower,0,4,2,0,6,0,0,14,0,14,0,4,16,0,20,12,0,12,32
11/26/2021,OWD,MA,ANE,EN,Federal Contract Tower,0,3,9,0,12,0,3,4,0,7,0,6,13,0,19,2,0,2,21
11/27/2021,OWD,MA,ANE,EN,Federal Contract Tower,0,6,20,0,26,0,0,62,0,62,0,6,82,0,88,12,0,12,100
11/28/2021,OWD,MA,ANE,EN,Federal Contract Tower,0,9,30,0,39,0,3,109,0,112,0,12,139,0,151,142,0,142,293
11/29/2021,OWD,MA,ANE,EN,Federal Contract Tower,0,4,10,0,14,0,0,79,0,79,0,4,89,0,93,120,0,120,213
12/01/2021,OWD,MA,ANE,EN,Federal Contract Tower,0,4,18,0,22,0,6,100,0,106,0,10,118,0,128,88,0,88,216
12/02/2021,OWD,MA,ANE,EN,Federal Contract Tower,0,3,4,0,7,0,7,56,0,63,0,10,60,0,70,70,0,70,140
12/03/2021,OWD,MA,ANE,EN,Federal Contract Tower,0,4,7,0,11,0,1,49,0,50,0,5,56,0,61,38,0,38,99
12/04/2021,OWD,MA,ANE,EN,Federal Contract Tower,0,8,14,0,22,0,6,114,0,120,0,14,128,0,142,108,0,108,250
12/05/2021,OWD,MA,ANE,EN,Federal Contract Tower,0,7,13,0,20,0,10,130,0,140,0,17,143,0,160,144,0,144,304
12/06/2021,OWD,MA,ANE,EN,Federal Contract Tower,0,2,6,0,8,0,0,4,0,4,0,2,10,0,12,6,0,6,18
12/07/2021,OWD,MA,ANE,EN,Federal Contract Tower,0,3,15,0,18,0,9,117,0,126,0,12,132,0,144,84,0,84,228
12/09/2021,OWD,MA,ANE,EN,Federal Contract Tower,0,2,6,0,8,0,5,66,0,71,0,7,72,0,79,46,0,46,125
12/10/2021,OWD,MA,ANE,EN,Federal Contract Tower,0,10,17,0,27,0,2,102,0,104,0,12,119,0,131,92,0,92,223
12/11/2021,OWD,MA,ANE,EN,Federal Contract Tower,0,4,3,0,7,0,0,0,0,0,0,4,3,0,7,8,0,8,15
12/12/2021,OWD,MA,ANE,EN,Federal Contract Tower,0,4,8,0,12,0,3,67,3,73,0,7,75,3,85,14,0,14,99
12/13/2021,OWD,MA,ANE,EN,Federal Contract Tower,0,1,14,0,15,0,0,99,0,99,0,1,113,0,114,118,2,120,234
12/14/2021,OWD,MA,ANE,EN,Federal Contract Tower,0,3,16,0,19,0,3,98,0,101,0,6,114,0,120,128,0,128,248
12/15/2021,OWD,MA,ANE,EN,Federal Contract Tower,0,0,17,0,17,0,1,104,2,107,0,1,121,2,124,106,0,106,230
12/16/2021,OWD,MA,ANE,EN,Federal Contract Tower,0,0,14,1,15,0,0,69,0,69,0,0,83,1,84,118,0,118,202
12/17/2021,OWD,MA,ANE,EN,Federal Contract Tower,0,4,15,0,19,0,4,78,0,82,0,8,93,0,101,30,0,30,131
12/18/2021,OWD,MA,ANE,EN,Federal Contract Tower,0,2,8,0,10,0,1,21,2,24,0,3,29,2,34,24,6,30,64
12/19/2021,OWD,MA,ANE,EN,Federal Contract Tower,0,3,6,0,9,0,0,27,0,27,0,3,33,0,36,18,0,18,54
12/20/2021,OWD,MA,ANE,EN,Federal Contract Tower,0,4,23,0,27,0,1,112,0,113,0,5,135,0,140,152,0,152,292
12/21/2021,OWD,MA,ANE,EN,Federal Contract Tower,0,2,12,0,14,0,0,127,0,127,0,2,139,0,141,242,0,242,383
12/22/2021,OWD,MA,ANE,EN,Federal Contract Tower,0,2,9,0,11,0,0,5,0,5,0,2,14,0,16,6,0,6,22
12/23/2021,OWD,MA,ANE,EN,Federal Contract Tower,0,6,18,0,24,0,2,83,0,85,0,8,101,0,109,56,0,56,165
12/24/2021,OWD,MA,ANE,EN,Federal Contract Tower,0,0,5,0,5,0,0,11,0,11,0,0,16,0,16,20,0,20,36
12/25/2021,OWD,MA,ANE,EN,Federal Contract Tower,0,0,0,0,0,0,0,0,0,0,0,0,0,0,0,0,0,0,0
12/26/2021,OWD,MA,ANE,EN,Federal Contract Tower,0,10,7,0,17,0,0,65,0,65,0,10,72,0,82,32,0,32,114
12/27/2021,OWD,MA,ANE,EN,Federal Contract Tower,0,0,16,0,16,0,6,105,0,111,0,6,121,0,127,156,0,156,283
12/28/2021,OWD,MA,ANE,EN,Federal Contract Tower,0,4,15,0,19,0,4,30,0,34,0,8,45,0,53,46,0,46,99
12/29/2021,OWD,MA,ANE,EN,Federal Contract Tower,0,0,9,0,9,0,1,59,0,60,0,1,68,0,69,180,0,180,249
12/30/2021,OWD,MA,ANE,EN,Federal Contract Tower,0,2,14,0,16,0,3,4,0,7,0,5,18,0,23,0,0,0,23
12/31/2021,OWD,MA,ANE,EN,Federal Contract Tower,0,0,13,0,13,0,0,6,0,6,0,0,19,0,19,0,0,0,19
01/01/2022,OWD,MA,ANE,EN,Federal Contract Tower,0,1,8,0,9,0,0,0,0,0,0,1,8,0,9,0,0,0,9
01/02/2022,OWD,MA,ANE,EN,Federal Contract Tower,0,8,8,0,16,0,0,4,0,4,0,8,12,0,20,4,0,4,24
01/03/2022,OWD,MA,ANE,EN,Federal Contract Tower,0,2,10,0,12,0,0,62,0,62,0,2,72,0,74,162,0,162,236
01/04/2022,OWD,MA,ANE,EN,Federal Contract Tower,0,0,15,0,15,0,3,137,1,141,0,3,152,1,156,136,0,136,292
01/05/2022,OWD,MA,ANE,EN,Federal Contract Tower,0,0,7,0,7,0,0,5,0,5,0,0,12,0,12,0,0,0,12
01/06/2022,OWD,MA,ANE,EN,Federal Contract Tower,0,6,18,0,24,0,2,94,0,96,0,8,112,0,120,92,0,92,212
01/07/2022,OWD,MA,ANE,EN,Federal Contract Tower,0,0,0,0,0,0,0,2,0,2,0,0,2,0,2,0,0,0,2
01/08/2022,OWD,MA,ANE,EN,Federal Contract Tower,0,3,11,0,14,0,0,86,0,86,0,3,97,0,100,122,0,122,222
01/09/2022,OWD,MA,ANE,EN,Federal Contract Tower,0,1,2,0,3,0,0,4,0,4,0,1,6,0,7,0,0,0,7
01/10/2022,OWD,MA,ANE,EN,Federal Contract Tower,0,4,7,0,11,0,0,88,0,88,0,4,95,0,99,82,0,82,181
01/11/2022,OWD,MA,ANE,EN,Federal Contract Tower,0,4,6,0,10,0,2,51,0,53,0,6,57,0,63,18,0,18,81
01/12/2022,OWD,MA,ANE,EN,Federal Contract Tower,0,0,5,0,5,0,0,76,0,76,0,0,81,0,81,14,0,14,95
01/13/2022,OWD,MA,ANE,EN,Federal Contract Tower,0,6,20,0,26,0,0,106,0,106,0,6,126,0,132,132,0,132,264
01/14/2022,OWD,MA,ANE,EN,Federal Contract Tower,0,4,3,0,7,0,2,28,0,30,0,6,31,0,37,44,0,44,81
01/15/2022,OWD,MA,ANE,EN,Federal Contract Tower,0,0,9,0,9,0,0,43,0,43,0,0,52,0,52,14,0,14,66
01/16/2022,OWD,MA,ANE,EN,Federal Contract Tower,0,0,7,0,7,0,0,126,0,126,0,0,133,0,133,178,0,178,311
01/17/2022,OWD,MA,ANE,EN,Federal Contract Tower,0,0,1,0,1,0,0,5,0,5,0,0,6,0,6,0,0,0,6
01/18/2022,OWD,MA,ANE,EN,Federal Contract Tower,0,3,1,0,4,0,6,39,0,45,0,9,40,0,49,14,0,14,63
01/19/2022,OWD,MA,ANE,EN,Federal Contract Tower,0,2,10,0,12,0,1,74,0,75,0,3,84,0,87,50,0,50,137
01/20/2022,OWD,MA,ANE,EN,Federal Contract Tower,0,3,5,0,8,0,0,33,0,33,0,3,38,0,41,124,0,124,165
01/21/2022,OWD,MA,ANE,EN,Federal Contract Tower,0,2,11,0,13,0,1,89,0,90,0,3,100,0,103,112,0,112,215
01/22/2022,OWD,MA,ANE,EN,Federal Contract Tower,0,0,14,0,14,0,0,90,0,90,0,0,104,0,104,170,0,170,274
01/23/2022,OWD,MA,ANE,EN,Federal Contract Tower,0,1,11,0,12,0,0,156,0,156,0,1,167,0,168,182,0,182,350
01/24/2022,OWD,MA,ANE,EN,Federal Contract Tower,0,0,9,0,9,0,1,117,0,118,0,1,126,0,127,104,0,104,231
01/25/2022,OWD,MA,ANE,EN,Federal Contract Tower,0,2,5,0,7,0,3,73,0,76,0,5,78,0,83,98,0,98,181
01/26/2022,OWD,MA,ANE,EN,Federal Contract Tower,0,3,15,0,18,0,0,83,0,83,0,3,98,0,101,144,4,148,249
01/27/2022,OWD,MA,ANE,EN,Federal Contract Tower,0,3,14,0,17,0,3,119,0,122,0,6,133,0,139,180,0,180,319
01/28/2022,OWD,MA,ANE,EN,Federal Contract Tower,0,5,2,0,7,0,1,82,0,83,0,6,84,0,90,158,0,158,248
01/29/2022,OWD,MA,ANE,EN,Federal Contract Tower,0,0,0,0,0,0,0,0,0,0,0,0,0,0,0,0,0,0,0
01/30/2022,OWD,MA,ANE,EN,Federal Contract Tower,0,0,1,0,1,0,0,10,0,10,0,0,11,0,11,0,0,0,11
01/31/2022,OWD,MA,ANE,EN,Federal Contract Tower,0,0,7,0,7,0,0,84,0,84,0,0,91,0,91,144,0,144,235
02/01/2022,OWD,MA,ANE,EN,Federal Contract Tower,0,5,9,0,14,0,3,77,0,80,0,8,86,0,94,124,0,124,218
02/02/2022,OWD,MA,ANE,EN,Federal Contract Tower,0,2,11,0,13,0,0,21,0,21,0,2,32,0,34,4,0,4,38
02/03/2022,OWD,MA,ANE,EN,Federal Contract Tower,0,3,7,0,10,0,0,11,0,11,0,3,18,0,21,14,0,14,35
02/04/2022,OWD,MA,ANE,EN,Federal Contract Tower,0,0,0,0,0,0,0,0,0,0,0,0,0,0,0,0,0,0,0
02/05/2022,OWD,MA,ANE,EN,Federal Contract Tower,0,0,1,0,1,0,0,30,0,30,0,0,31,0,31,2,0,2,33
02/06/2022,OWD,MA,ANE,EN,Federal Contract Tower,0,0,3,0,3,0,1,32,0,33,0,1,35,0,36,26,0,26,62
02/07/2022,OWD,MA,ANE,EN,Federal Contract Tower,0,6,3,0,9,0,0,1,0,1,0,6,4,0,10,0,0,0,10
02/08/2022,OWD,MA,ANE,EN,Federal Contract Tower,0,4,2,0,6,0,0,14,0,14,0,4,16,0,20,10,0,10,30
02/09/2022,OWD,MA,ANE,EN,Federal Contract Tower,0,2,18,0,20,0,6,128,0,134,0,8,146,0,154,200,0,200,354
02/10/2022,OWD,MA,ANE,EN,Federal Contract Tower,0,6,5,0,11,0,0,63,0,63,0,6,68,0,74,122,0,122,196
02/11/2022,OWD,MA,ANE,EN,Federal Contract Tower,0,3,13,2,18,0,0,100,0,100,0,3,113,2,118,152,0,152,270
02/12/2022,OWD,MA,ANE,EN,Federal Contract Tower,0,2,9,0,11,0,0,120,0,120,0,2,129,0,131,146,0,146,277
02/13/2022,OWD,MA,ANE,EN,Federal Contract Tower,0,2,6,0,8,0,0,0,0,0,0,2,6,0,8,0,0,0,8
02/14/2022,OWD,MA,ANE,EN,Federal Contract Tower,0,0,6,0,6,0,2,38,0,40,0,2,44,0,46,0,0,0,46
02/15/2022,OWD,MA,ANE,EN,Federal Contract Tower,0,1,15,0,16,0,2,100,0,102,0,3,115,0,118,52,0,52,170
02/16/2022,OWD,MA,ANE,EN,Federal Contract Tower,0,2,14,0,16,0,0,64,0,64,0,2,78,0,80,60,0,60,140
02/17/2022,OWD,MA,ANE,EN,Federal Contract Tower,0,2,4,0,6,0,0,22,0,22,0,2,26,0,28,6,0,6,34
02/18/2022,OWD,MA,ANE,EN,Federal Contract Tower,0,4,11,0,15,0,1,18,0,19,0,5,29,0,34,0,0,0,34
02/19/2022,OWD,MA,ANE,EN,Federal Contract Tower,0,0,11,0,11,0,0,37,0,37,0,0,48,0,48,74,0,74,122
02/20/2022,OWD,MA,ANE,EN,Federal Contract Tower,0,3,18,0,21,0,1,125,0,126,0,4,143,0,147,174,0,174,321
02/21/2022,OWD,MA,ANE,EN,Federal Contract Tower,0,1,15,0,16,0,0,137,0,137,0,1,152,0,153,208,0,208,361
02/22/2022,OWD,MA,ANE,EN,Federal Contract Tower,0,2,1,0,3,0,0,5,0,5,0,2,6,0,8,10,0,10,18
02/23/2022,OWD,MA,ANE,EN,Federal Contract Tower,0,1,13,0,14,0,0,53,0,53,0,1,66,0,67,56,0,56,123
02/24/2022,OWD,MA,ANE,EN,Federal Contract Tower,0,3,19,0,22,0,1,121,2,124,0,4,140,2,146,0,132,132,278
02/25/2022,OWD,MA,ANE,EN,Federal Contract Tower,0,0,0,0,0,0,0,0,0,0,0,0,0,0,0,0,0,0,0
02/26/2022,OWD,MA,ANE,EN,Federal Contract Tower,0,0,7,0,7,0,0,60,0,60,0,0,67,0,67,34,0,34,101
02/27/2022,OWD,MA,ANE,EN,Federal Contract Tower,0,2,11,0,13,0,0,60,0,60,0,2,71,0,73,108,0,108,181
02/28/2022,OWD,MA,ANE,EN,Federal Contract Tower,0,4,9,0,13,0,4,84,0,88,0,8,93,0,101,102,0,102,203
03/01/2022,OWD,MA,ANE,EN,Federal Contract Tower,0,4,7,0,11,0,0,81,0,81,0,4,88,0,92,100,0,100,192
03/02/2022,OWD,MA,ANE,EN,Federal Contract Tower,0,1,15,0,16,0,3,94,0,97,0,4,109,0,113,150,0,150,263
03/03/2022,OWD,MA,ANE,EN,Federal Contract Tower,0,1,16,1,18,0,5,53,0,58,0,6,69,1,76,70,0,70,146
03/04/2022,OWD,MA,ANE,EN,Federal Contract Tower,0,4,13,0,17,0,3,101,0,104,0,7,114,0,121,136,0,136,257
03/05/2022,OWD,MA,ANE,EN,Federal Contract Tower,0,2,9,0,11,0,0,165,0,165,0,2,174,0,176,118,0,118,294
03/06/2022,OWD,MA,ANE,EN,Federal Contract Tower,0,1,5,0,6,0,0,8,0,8,0,1,13,0,14,0,0,0,14
03/07/2022,OWD,MA,ANE,EN,Federal Contract Tower,0,7,11,0,18,0,0,56,0,56,0,7,67,0,74,150,0,150,224
03/08/2022,OWD,MA,ANE,EN,Federal Contract Tower,0,2,10,0,12,0,0,35,0,35,0,2,45,0,47,30,0,30,77
03/09/2022,OWD,MA,ANE,EN,Federal Contract Tower,0,1,12,0,13,0,0,40,0,40,0,1,52,0,53,192,0,192,245
03/10/2022,OWD,MA,ANE,EN,Federal Contract Tower,0,3,17,3,23,4,1,95,0,100,4,4,112,3,123,182,0,182,305
03/11/2022,OWD,MA,ANE,EN,Federal Contract Tower,0,4,7,0,11,0,0,113,0,113,0,4,120,0,124,156,0,156,280
03/12/2022,OWD,MA,ANE,EN,Federal Contract Tower,0,2,2,0,4,0,0,0,0,0,0,2,2,0,4,0,0,0,4
03/13/2022,OWD,MA,ANE,EN,Federal Contract Tower,0,2,3,0,5,0,0,51,0,51,0,2,54,0,56,46,0,46,102
03/14/2022,OWD,MA,ANE,EN,Federal Contract Tower,0,5,21,0,26,0,0,110,0,110,0,5,131,0,136,96,0,96,232
03/15/2022,OWD,MA,ANE,EN,Federal Contract Tower,0,3,8,2,13,0,0,101,0,101,0,3,109,2,114,228,0,228,342
03/16/2022,OWD,MA,ANE,EN,Federal Contract Tower,0,9,17,0,26,0,0,68,0,68,0,9,85,0,94,116,0,116,210
03/17/2022,OWD,MA,ANE,EN,Federal Contract Tower,0,4,6,0,10,0,0,12,0,12,0,4,18,0,22,52,0,52,74
03/18/2022,OWD,MA,ANE,EN,Federal Contract Tower,0,1,23,0,24,0,0,152,0,152,0,1,175,0,176,120,0,120,296
03/19/2022,OWD,MA,ANE,EN,Federal Contract Tower,0,1,4,0,5,0,0,0,0,0,0,1,4,0,5,0,0,0,5
03/20/2022,OWD,MA,ANE,EN,Federal Contract Tower,0,7,17,0,24,0,0,135,0,135,0,7,152,0,159,110,0,110,269
03/21/2022,OWD,MA,ANE,EN,Federal Contract Tower,0,4,7,0,11,0,0,73,0,73,0,4,80,0,84,26,0,26,110
03/22/2022,OWD,MA,ANE,EN,Federal Contract Tower,0,2,9,0,11,0,3,61,0,64,0,5,70,0,75,10,0,10,85
03/23/2022,OWD,MA,ANE,EN,Federal Contract Tower,0,9,8,0,17,0,0,151,0,151,0,9,159,0,168,194,0,194,362
03/24/2022,OWD,MA,ANE,EN,Federal Contract Tower,0,1,1,0,2,0,0,0,0,0,0,1,1,0,2,0,0,0,2
03/25/2022,OWD,MA,ANE,EN,Federal Contract Tower,0,2,8,1,11,0,1,161,0,162,0,3,169,1,173,178,0,178,351
03/26/2022,OWD,MA,ANE,EN,Federal Contract Tower,0,0,18,0,18,0,0,112,0,112,0,0,130,0,130,130,0,130,260
03/27/2022,OWD,MA,ANE,EN,Federal Contract Tower,0,6,17,0,23,0,0,132,0,132,0,6,149,0,155,108,0,108,263
03/28/2022,OWD,MA,ANE,EN,Federal Contract Tower,0,6,14,0,20,0,0,27,0,27,0,6,41,0,47,22,0,22,69
03/29/2022,OWD,MA,ANE,EN,Federal Contract Tower,0,2,11,0,13,0,1,64,0,65,0,3,75,0,78,50,0,50,128
03/30/2022,OWD,MA,ANE,EN,Federal Contract Tower,0,4,11,0,15,0,0,118,0,118,0,4,129,0,133,168,0,168,301
03/31/2022,OWD,MA,ANE,EN,Federal Contract Tower,0,2,13,0,15,0,0,8,0,8,0,2,21,0,23,0,0,0,23
04/01/2022,OWD,MA,ANE,EN,Federal Contract Tower,0,3,15,0,18,0,0,59,0,59,0,3,74,0,77,200,0,200,277
04/02/2022,OWD,MA,ANE,EN,Federal Contract Tower,0,1,25,0,26,0,0,113,0,113,0,1,138,0,139,70,0,70,209
04/03/2022,OWD,MA,ANE,EN,Federal Contract Tower,0,2,18,0,20,0,0,110,0,110,0,2,128,0,130,158,0,158,288
04/04/2022,OWD,MA,ANE,EN,Federal Contract Tower,0,2,12,0,14,0,0,93,0,93,0,2,105,0,107,136,0,136,243
04/05/2022,OWD,MA,ANE,EN,Federal Contract Tower,0,4,7,0,11,0,1,146,0,147,0,5,153,0,158,216,0,216,374
04/06/2022,OWD,MA,ANE,EN,Federal Contract Tower,0,3,15,0,18,0,0,2,0,2,0,3,17,0,20,0,0,0,20
04/07/2022,OWD,MA,ANE,EN,Federal Contract Tower,0,7,22,1,30,0,0,120,0,120,0,7,142,1,150,212,0,212,362
04/08/2022,OWD,MA,ANE,EN,Federal Contract Tower,0,2,8,0,10,0,0,70,0,70,0,2,78,0,80,94,0,94,174
04/09/2022,OWD,MA,ANE,EN,Federal Contract Tower,0,10,8,0,18,0,0,116,0,116,0,10,124,0,134,114,0,114,248
04/10/2022,OWD,MA,ANE,EN,Federal Contract Tower,0,6,9,0,15,0,0,166,0,166,0,6,175,0,181,130,0,130,311
04/11/2022,OWD,MA,ANE,EN,Federal Contract Tower,0,6,23,0,29,0,0,142,0,142,0,6,165,0,171,94,0,94,265
04/12/2022,OWD,MA,ANE,EN,Federal Contract Tower,0,6,11,0,17,0,0,102,0,102,0,6,113,0,119,235,0,235,354
04/13/2022,OWD,MA,ANE,EN,Federal Contract Tower,0,5,14,0,19,0,1,131,0,132,0,6,145,0,151,178,0,178,329
04/14/2022,OWD,MA,ANE,EN,Federal Contract Tower,0,7,35,0,42,0,0,3,0,3,0,7,38,0,45,14,0,14,59
04/15/2022,OWD,MA,ANE,EN,Federal Contract Tower,0,7,6,0,13,0,0,140,0,140,0,7,146,0,153,170,0,170,323
04/16/2022,OWD,MA,ANE,EN,Federal Contract Tower,0,3,14,0,17,0,0,91,0,91,0,3,105,0,108,86,0,86,194
04/17/2022,OWD,MA,ANE,EN,Federal Contract Tower,0,4,15,0,19,0,2,91,0,93,0,6,106,0,112,78,0,78,190
04/18/2022,OWD,MA,ANE,EN,Federal Contract Tower,0,6,14,0,20,0,3,181,0,184,0,9,195,0,204,120,0,120,324
04/19/2022,OWD,MA,ANE,EN,Federal Contract Tower,0,4,6,0,10,0,0,3,0,3,0,4,9,0,13,0,0,0,13
04/20/2022,OWD,MA,ANE,EN,Federal Contract Tower,0,5,12,0,17,0,10,87,0,97,0,15,99,0,114,34,0,34,148
04/21/2022,OWD,MA,ANE,EN,Federal Contract Tower,0,1,15,0,16,0,0,88,0,88,0,1,103,0,104,12,0,12,116
04/22/2022,OWD,MA,ANE,EN,Federal Contract Tower,0,6,13,0,19,0,2,131,0,133,0,8,144,0,152,44,0,44,196
04/23/2022,OWD,MA,ANE,EN,Federal Contract Tower,0,0,11,0,11,0,0,170,0,170,0,0,181,0,181,128,0,128,309
04/24/2022,OWD,MA,ANE,EN,Federal Contract Tower,0,6,25,0,31,0,3,121,0,124,0,9,146,0,155,88,0,88,243
04/25/2022,OWD,MA,ANE,EN,Federal Contract Tower,0,3,15,0,18,0,2,114,0,116,0,5,129,0,134,164,0,164,298
04/26/2022,OWD,MA,ANE,EN,Federal Contract Tower,0,4,14,0,18,0,0,37,0,37,0,4,51,0,55,48,0,48,103
04/27/2022,OWD,MA,ANE,EN,Federal Contract Tower,0,3,15,0,18,0,2,82,0,84,0,5,97,0,102,80,1,81,183
04/28/2022,OWD,MA,ANE,EN,Federal Contract Tower,0,1,5,0,6,0,0,37,0,37,0,1,42,0,43,18,0,18,61
04/29/2022,OWD,MA,ANE,EN,Federal Contract Tower,0,5,13,0,18,0,0,90,0,90,0,5,103,0,108,24,0,24,132
04/30/2022,OWD,MA,ANE,EN,Federal Contract Tower,0,2,21,0,23,0,2,174,0,176,0,4,195,0,199,176,0,176,375
05/01/2022,OWD,MA,ANE,EN,Federal Contract Tower,0,6,17,0,23,0,1,198,0,199,0,7,215,0,222,144,0,144,366
05/02/2022,OWD,MA,ANE,EN,Federal Contract Tower,0,3,16,0,19,0,0,114,0,114,0,3,130,0,133,274,0,274,407
05/03/2022,OWD,MA,ANE,EN,Federal Contract Tower,0,3,23,0,26,0,0,48,0,48,0,3,71,0,74,42,0,42,116
05/04/2022,OWD,MA,ANE,EN,Federal Contract Tower,0,8,4,0,12,0,0,1,0,1,0,8,5,0,13,0,0,0,13
05/05/2022,OWD,MA,ANE,EN,Federal Contract Tower,0,12,20,0,32,0,4,145,0,149,0,16,165,0,181,222,0,222,403
05/06/2022,OWD,MA,ANE,EN,Federal Contract Tower,0,5,12,0,17,0,0,151,0,151,0,5,163,0,168,202,0,202,370
05/07/2022,OWD,MA,ANE,EN,Federal Contract Tower,0,2,9,0,11,0,1,6,0,7,0,3,15,0,18,0,0,0,18
05/08/2022,OWD,MA,ANE,EN,Federal Contract Tower,0,6,6,0,12,0,0,34,0,34,0,6,40,0,46,0,0,0,46
05/09/2022,OWD,MA,ANE,EN,Federal Contract Tower,0,4,5,0,9,0,0,35,0,35,0,4,40,0,44,32,0,32,76
05/10/2022,OWD,MA,ANE,EN,Federal Contract Tower,0,8,13,0,21,0,1,72,0,73,0,9,85,0,94,26,0,26,120
05/11/2022,OWD,MA,ANE,EN,Federal Contract Tower,0,6,22,0,28,0,0,84,0,84,0,6,106,0,112,106,0,106,218
05/12/2022,OWD,MA,ANE,EN,Federal Contract Tower,0,5,29,1,35,0,0,73,1,74,0,5,102,2,109,56,0,56,165
05/13/2022,OWD,MA,ANE,EN,Federal Contract Tower,0,2,33,0,35,0,1,125,0,126,0,3,158,0,161,118,0,118,279
05/14/2022,OWD,MA,ANE,EN,Federal Contract Tower,0,7,15,0,22,0,0,180,0,180,0,7,195,0,202,138,0,138,340
05/15/2022,OWD,MA,ANE,EN,Federal Contract Tower,0,9,35,0,44,0,0,68,0,68,0,9,103,0,112,104,0,104,216
05/16/2022,OWD,MA,ANE,EN,Federal Contract Tower,0,7,13,0,20,0,1,89,0,90,0,8,102,0,110,130,0,130,240
05/17/2022,OWD,MA,ANE,EN,Federal Contract Tower,0,5,16,0,21,0,2,66,0,68,0,7,82,0,89,22,0,22,111
05/18/2022,OWD,MA,ANE,EN,Federal Contract Tower,0,4,7,0,11,0,3,160,0,163,0,7,167,0,174,62,0,62,236
05/19/2022,OWD,MA,ANE,EN,Federal Contract Tower,0,9,35,0,44,0,0,46,0,46,0,9,81,0,90,142,0,142,232
05/20/2022,OWD,MA,ANE,EN,Federal Contract Tower,0,7,26,0,33,0,0,119,0,119,0,7,145,0,152,90,0,90,242
05/21/2022,OWD,MA,ANE,EN,Federal Contract Tower,0,12,18,0,30,0,0,99,0,99,0,12,117,0,129,54,0,54,183
05/22/2022,OWD,MA,ANE,EN,Federal Contract Tower,0,10,15,0,25,0,2,147,0,149,0,12,162,0,174,112,0,112,286
05/23/2022,OWD,MA,ANE,EN,Federal Contract Tower,0,1,17,0,18,0,3,144,0,147,0,4,161,0,165,66,0,66,231
05/24/2022,OWD,MA,ANE,EN,Federal Contract Tower,0,0,8,0,8,0,0,129,0,129,0,0,137,0,137,44,0,44,181
05/25/2022,OWD,MA,ANE,EN,Federal Contract Tower,0,5,9,0,14,0,1,183,0,184,0,6,192,0,198,204,0,204,402
05/26/2022,OWD,MA,ANE,EN,Federal Contract Tower,0,7,16,0,23,0,1,125,0,126,0,8,141,0,149,70,0,70,219
05/27/2022,OWD,MA,ANE,EN,Federal Contract Tower,0,12,34,0,46,0,0,29,0,29,0,12,63,0,75,26,0,26,101
05/28/2022,OWD,MA,ANE,EN,Federal Contract Tower,0,7,20,0,27,0,0,0,0,0,0,7,20,0,27,16,0,16,43
05/29/2022,OWD,MA,ANE,EN,Federal Contract Tower,0,6,9,0,15,0,0,157,0,157,0,6,166,0,172,188,0,188,360
05/30/2022,OWD,MA,ANE,EN,Federal Contract Tower,0,7,9,0,16,0,4,154,0,158,0,11,163,0,174,68,0,68,242
05/31/2022,OWD,MA,ANE,EN,Federal Contract Tower,0,8,20,0,28,0,2,101,0,103,0,10,121,0,131,92,0,92,223
06/01/2022,OWD,MA,ANE,EN,Federal Contract Tower,0,5,16,0,21,0,0,48,0,48,0,5,64,0,69,196,0,196,265
06/02/2022,OWD,MA,ANE,EN,Federal Contract Tower,0,14,29,0,43,0,1,38,0,39,0,15,67,0,82,38,0,38,120
06/03/2022,OWD,MA,ANE,EN,Federal Contract Tower,0,8,24,0,32,0,0,12,0,12,0,8,36,0,44,19,0,19,63
06/04/2022,OWD,MA,ANE,EN,Federal Contract Tower,0,12,27,0,39,0,0,128,0,128,0,12,155,0,167,138,0,138,305
06/05/2022,OWD,MA,ANE,EN,Federal Contract Tower,0,5,12,0,17,0,2,170,0,172,0,7,182,0,189,140,0,140,329
06/06/2022,OWD,MA,ANE,EN,Federal Contract Tower,0,16,8,0,24,0,0,134,0,134,0,16,142,0,158,150,0,150,308
06/07/2022,OWD,MA,ANE,EN,Federal Contract Tower,0,8,13,0,21,0,2,113,0,115,0,10,126,0,136,83,0,83,219
06/08/2022,OWD,MA,ANE,EN,Federal Contract Tower,0,5,28,0,33,0,0,87,0,87,0,5,115,0,120,38,0,38,158
06/09/2022,OWD,MA,ANE,EN,Federal Contract Tower,0,7,14,0,21,0,0,34,0,34,0,7,48,0,55,30,0,30,85
06/10/2022,OWD,MA,ANE,EN,Federal Contract Tower,0,3,25,0,28,0,1,157,0,158,0,4,182,0,186,130,0,130,316
06/11/2022,OWD,MA,ANE,EN,Federal Contract Tower,0,5,19,0,24,0,0,146,0,146,0,5,165,0,170,178,0,178,348
06/12/2022,OWD,MA,ANE,EN,Federal Contract Tower,0,11,28,0,39,0,2,85,0,87,0,13,113,0,126,94,0,94,220
06/13/2022,OWD,MA,ANE,EN,Federal Contract Tower,0,13,22,0,35,0,0,92,0,92,0,13,114,0,127,122,0,122,249
06/14/2022,OWD,MA,ANE,EN,Federal Contract Tower,0,8,13,0,21,0,4,159,0,163,0,12,172,0,184,212,0,212,396
06/15/2022,OWD,MA,ANE,EN,Federal Contract Tower,0,3,32,0,35,0,0,152,0,152,0,3,184,0,187,88,0,88,275
06/16/2022,OWD,MA,ANE,EN,Federal Contract Tower,0,7,36,0,43,0,0,158,0,158,0,7,194,0,201,88,0,88,289
06/17/2022,OWD,MA,ANE,EN,Federal Contract Tower,0,9,37,0,46,0,1,50,0,51,0,10,87,0,97,108,0,108,205
06/18/2022,OWD,MA,ANE,EN,Federal Contract Tower,0,8,22,0,30,0,0,134,0,134,0,8,156,0,164,88,0,88,252
06/19/2022,OWD,MA,ANE,EN,Federal Contract Tower,0,8,24,0,32,0,3,135,0,138,0,11,159,0,170,178,0,178,348
06/20/2022,OWD,MA,ANE,EN,Federal Contract Tower,0,11,10,0,21,0,4,191,0,195,0,15,201,0,216,134,0,134,350
06/21/2022,OWD,MA,ANE,EN,Federal Contract Tower,0,4,20,0,24,0,3,158,0,161,0,7,178,0,185,220,0,220,405
06/22/2022,OWD,MA,ANE,EN,Federal Contract Tower,0,2,43,0,45,0,1,125,0,126,0,3,168,0,171,142,0,142,313
06/23/2022,OWD,MA,ANE,EN,Federal Contract Tower,0,9,29,0,38,0,2,132,0,134,0,11,161,0,172,160,0,160,332
06/24/2022,OWD,MA,ANE,EN,Federal Contract Tower,0,12,26,0,38,0,1,146,0,147,0,13,172,0,185,130,0,130,315
06/25/2022,OWD,MA,ANE,EN,Federal Contract Tower,0,5,20,0,25,0,0,175,0,175,0,5,195,0,200,132,0,132,332
06/26/2022,OWD,MA,ANE,EN,Federal Contract Tower,0,6,13,0,19,0,4,197,0,201,0,10,210,0,220,44,0,44,264
06/27/2022,OWD,MA,ANE,EN,Federal Contract Tower,0,7,21,0,28,0,3,19,0,22,0,10,40,0,50,8,0,8,58
06/28/2022,OWD,MA,ANE,EN,Federal Contract Tower,0,4,17,0,21,0,3,165,0,168,0,7,182,0,189,116,0,116,305
06/29/2022,OWD,MA,ANE,EN,Federal Contract Tower,0,4,16,0,20,0,1,132,0,133,0,5,148,0,153,66,6,72,225
06/30/2022,OWD,MA,ANE,EN,Federal Contract Tower,0,10,16,0,26,0,2,168,0,170,0,12,184,0,196,88,0,88,284
07/01/2022,OWD,MA,ANE,EN,Federal Contract Tower,0,11,25,0,36,0,2,138,0,140,0,13,163,0,176,54,0,54,230
07/02/2022,OWD,MA,ANE,EN,Federal Contract Tower,0,14,5,0,19,0,0,9,0,9,0,14,14,0,28,34,0,34,62
07/03/2022,OWD,MA,ANE,EN,Federal Contract Tower,0,3,5,0,8,0,0,158,0,158,0,3,163,0,166,62,0,62,228
07/04/2022,OWD,MA,ANE,EN,Federal Contract Tower,0,3,10,0,13,0,2,106,0,108,0,5,116,0,121,96,0,96,217
07/05/2022,OWD,MA,ANE,EN,Federal Contract Tower,0,3,5,0,8,0,0,107,0,107,0,3,112,0,115,54,0,54,169
07/06/2022,OWD,MA,ANE,EN,Federal Contract Tower,0,10,22,0,32,0,0,117,0,117,0,10,139,0,149,136,0,136,285
07/07/2022,OWD,MA,ANE,EN,Federal Contract Tower,0,6,20,0,26,0,1,156,0,157,0,7,176,0,183,118,0,118,301
07/08/2022,OWD,MA,ANE,EN,Federal Contract Tower,0,5,16,0,21,0,0,127,0,127,0,5,143,0,148,174,0,174,322
07/09/2022,OWD,MA,ANE,EN,Federal Contract Tower,0,10,14,0,24,0,0,172,0,172,0,10,186,0,196,76,0,76,272
07/10/2022,OWD,MA,ANE,EN,Federal Contract Tower,0,7,8,0,15,0,2,211,0,213,0,9,219,0,228,184,0,184,412
07/11/2022,OWD,MA,ANE,EN,Federal Contract Tower,0,3,7,1,11,0,6,158,0,164,0,9,165,1,175,86,0,86,261
07/12/2022,OWD,MA,ANE,EN,Federal Contract Tower,0,4,1,0,5,0,1,41,0,42,0,5,42,0,47,2,0,2,49
07/13/2022,OWD,MA,ANE,EN,Federal Contract Tower,0,4,25,1,30,0,2,144,0,146,0,6,169,1,176,162,0,162,338
07/14/2022,OWD,MA,ANE,EN,Federal Contract Tower,0,10,17,0,27,0,0,107,0,107,0,10,124,0,134,184,0,184,318
07/15/2022,OWD,MA,ANE,EN,Federal Contract Tower,0,7,7,0,14,0,0,187,0,187,0,7,194,0,201,192,0,192,393
07/16/2022,OWD,MA,ANE,EN,Federal Contract Tower,0,6,13,0,19,0,0,211,0,211,0,6,224,0,230,168,0,168,398
07/17/2022,OWD,MA,ANE,EN,Federal Contract Tower,0,8,19,0,27,0,4,155,0,159,0,12,174,0,186,182,0,182,368
07/18/2022,OWD,MA,ANE,EN,Federal Contract Tower,0,8,20,0,28,0,0,34,0,34,0,8,54,0,62,94,0,94,156
07/19/2022,OWD,MA,ANE,EN,Federal Contract Tower,0,6,8,0,14,0,0,125,0,125,0,6,133,0,139,38,0,38,177
07/20/2022,OWD,MA,ANE,EN,Federal Contract Tower,0,5,15,0,20,0,2,95,0,97,0,7,110,0,117,68,0,68,185
07/21/2022,OWD,MA,ANE,EN,Federal Contract Tower,0,5,12,0,17,0,0,83,0,83,0,5,95,0,100,26,0,26,126
07/22/2022,OWD,MA,ANE,EN,Federal Contract Tower,0,9,12,0,21,0,0,186,0,186,0,9,198,0,207,160,0,160,367
07/23/2022,OWD,MA,ANE,EN,Federal Contract Tower,0,5,12,0,17,0,0,127,0,127,0,5,139,0,144,138,0,138,282
07/24/2022,OWD,MA,ANE,EN,Federal Contract Tower,0,8,15,0,23,0,0,119,0,119,0,8,134,0,142,40,0,40,182
07/25/2022,OWD,MA,ANE,EN,Federal Contract Tower,0,8,16,0,24,0,2,38,0,40,0,10,54,0,64,58,0,58,122
07/26/2022,OWD,MA,ANE,EN,Federal Contract Tower,0,1,12,0,13,0,1,183,0,184,0,2,195,0,197,148,0,148,345
07/27/2022,OWD,MA,ANE,EN,Federal Contract Tower,0,5,9,0,14,0,6,175,0,181,0,11,184,0,195,120,0,120,315
07/28/2022,OWD,MA,ANE,EN,Federal Contract Tower,0,8,20,0,28,0,3,79,0,82,0,11,99,0,110,98,0,98,208
07/29/2022,OWD,MA,ANE,EN,Federal Contract Tower,0,4,5,0,9,0,0,175,0,175,0,4,180,0,184,90,0,90,274
07/30/2022,OWD,MA,ANE,EN,Federal Contract Tower,0,3,3,0,6,0,0,142,0,142,0,3,145,0,148,22,0,22,170
07/31/2022,OWD,MA,ANE,EN,Federal Contract Tower,0,4,14,0,18,0,0,172,0,172,0,4,186,0,190,122,0,122,312
08/01/2022,OWD,MA,ANE,EN,Federal Contract Tower,0,6,21,0,27,0,3,168,0,171,0,9,189,0,198,110,0,110,308
08/02/2022,OWD,MA,ANE,EN,Federal Contract Tower,0,0,13,0,13,0,1,148,0,149,0,1,161,0,162,110,0,110,272
08/03/2022,OWD,MA,ANE,EN,Federal Contract Tower,0,3,13,0,16,0,0,173,0,173,0,3,186,0,189,130,0,130,319
08/04/2022,OWD,MA,ANE,EN,Federal Contract Tower,0,12,19,0,31,0,0,119,0,119,0,12,138,0,150,36,0,36,186
08/05/2022,OWD,MA,ANE,EN,Federal Contract Tower,0,12,12,0,24,0,0,122,0,122,0,12,134,0,146,88,0,88,234
08/06/2022,OWD,MA,ANE,EN,Federal Contract Tower,0,6,10,0,16,0,1,136,0,137,0,7,146,0,153,108,0,108,261
08/07/2022,OWD,MA,ANE,EN,Federal Contract Tower,0,7,23,0,30,0,2,174,0,176,0,9,197,0,206,48,0,48,254
08/08/2022,OWD,MA,ANE,EN,Federal Contract Tower,0,8,4,0,12,0,4,121,0,125,0,12,125,0,137,62,0,62,199
08/09/2022,OWD,MA,ANE,EN,Federal Contract Tower,0,8,8,0,16,0,2,79,0,81,0,10,87,0,97,102,0,102,199
08/10/2022,OWD,MA,ANE,EN,Federal Contract Tower,0,10,33,0,43,0,0,61,0,61,0,10,94,0,104,50,0,50,154
08/11/2022,OWD,MA,ANE,EN,Federal Contract Tower,0,9,29,0,38,0,1,52,0,53,0,10,81,0,91,136,0,136,227
08/12/2022,OWD,MA,ANE,EN,Federal Contract Tower,0,10,18,0,28,0,0,155,0,155,0,10,173,0,183,48,0,48,231
08/13/2022,OWD,MA,ANE,EN,Federal Contract Tower,0,7,6,0,13,0,0,167,0,167,0,7,173,0,180,106,0,106,286
08/14/2022,OWD,MA,ANE,EN,Federal Contract Tower,0,9,15,0,24,0,2,194,0,196,0,11,209,0,220,132,0,132,352
08/15/2022,OWD,MA,ANE,EN,Federal Contract Tower,0,7,10,0,17,0,4,188,0,192,0,11,198,0,209,124,0,124,333
08/16/2022,OWD,MA,ANE,EN,Federal Contract Tower,0,7,29,0,36,0,7,95,0,102,0,14,124,0,138,102,0,102,240
08/17/2022,OWD,MA,ANE,EN,Federal Contract Tower,0,7,21,1,29,0,2,47,0,49,0,9,68,1,78,90,0,90,168
08/18/2022,OWD,MA,ANE,EN,Federal Contract Tower,0,10,13,0,23,0,0,63,0,63,0,10,76,0,86,12,0,12,98
08/19/2022,OWD,MA,ANE,EN,Federal Contract Tower,0,5,10,0,15,0,0,164,0,164,0,5,174,0,179,126,0,126,305
08/20/2022,OWD,MA,ANE,EN,Federal Contract Tower,0,6,18,0,24,0,0,120,0,120,0,6,138,0,144,138,0,138,282
08/21/2022,OWD,MA,ANE,EN,Federal Contract Tower,0,6,15,0,21,0,2,125,0,127,0,8,140,0,148,204,0,204,352
08/22/2022,OWD,MA,ANE,EN,Federal Contract Tower,0,11,7,0,18,0,0,0,0,0,0,11,7,0,18,0,0,0,18
08/23/2022,OWD,MA,ANE,EN,Federal Contract Tower,0,0,16,0,16,0,0,5,0,5,0,0,21,0,21,0,0,0,21
08/24/2022,OWD,MA,ANE,EN,Federal Contract Tower,0,2,41,0,43,0,2,94,0,96,0,4,135,0,139,202,0,202,341
08/25/2022,OWD,MA,ANE,EN,Federal Contract Tower,0,7,11,0,18,0,1,136,0,137,0,8,147,0,155,124,0,124,279
08/26/2022,OWD,MA,ANE,EN,Federal Contract Tower,0,11,10,0,21,0,1,111,0,112,0,12,121,0,133,120,0,120,253
08/27/2022,OWD,MA,ANE,EN,Federal Contract Tower,0,12,13,0,25,0,0,149,0,149,0,12,162,0,174,152,0,152,326
08/28/2022,OWD,MA,ANE,EN,Federal Contract Tower,0,10,26,0,36,0,6,194,0,200,0,16,220,0,236,242,0,242,478
08/29/2022,OWD,MA,ANE,EN,Federal Contract Tower,0,3,19,0,22,0,2,127,0,129,0,5,146,0,151,210,0,210,361
08/30/2022,OWD,MA,ANE,EN,Federal Contract Tower,0,6,12,0,18,0,0,95,0,95,0,6,107,0,113,54,0,54,167
08/31/2022,OWD,MA,ANE,EN,Federal Contract Tower,0,4,8,0,12,0,0,100,0,100,0,4,108,0,112,136,0,136,248
09/01/2022,OWD,MA,ANE,EN,Federal Contract Tower,0,9,12,0,21,0,1,124,0,125,0,10,136,0,146,70,0,70,216
09/02/2022,OWD,MA,ANE,EN,Federal Contract Tower,0,11,22,0,33,0,5,195,0,200,0,16,217,0,233,160,0,160,393
09/03/2022,OWD,MA,ANE,EN,Federal Contract Tower,0,7,13,0,20,0,4,148,0,152,0,11,161,0,172,170,0,170,342
09/04/2022,OWD,MA,ANE,EN,Federal Contract Tower,0,1,13,0,14,0,0,175,0,175,0,1,188,0,189,248,0,248,437
09/05/2022,OWD,MA,ANE,EN,Federal Contract Tower,0,11,24,0,35,0,0,5,0,5,0,11,29,0,40,0,0,0,40
09/06/2022,OWD,MA,ANE,EN,Federal Contract Tower,0,6,22,0,28,0,0,0,0,0,0,6,22,0,28,0,0,0,28
09/07/2022,OWD,MA,ANE,EN,Federal Contract Tower,0,9,21,0,30,0,0,49,0,49,0,9,70,0,79,110,0,110,189
09/08/2022,OWD,MA,ANE,EN,Federal Contract Tower,0,6,26,0,32,0,0,121,0,121,0,6,147,0,153,172,0,172,325
09/09/2022,OWD,MA,ANE,EN,Federal Contract Tower,0,9,30,0,39,0,0,156,0,156,0,9,186,0,195,174,0,174,369
09/10/2022,OWD,MA,ANE,EN,Federal Contract Tower,0,6,11,0,17,0,0,224,0,224,0,6,235,0,241,178,0,178,419
09/11/2022,OWD,MA,ANE,EN,Federal Contract Tower,0,11,13,0,24,0,0,189,0,189,0,11,202,0,213,136,0,136,349
09/12/2022,OWD,MA,ANE,EN,Federal Contract Tower,0,7,19,0,26,0,0,5,0,5,0,7,24,0,31,0,0,0,31
09/13/2022,OWD,MA,ANE,EN,Federal Contract Tower,0,3,8,0,11,0,0,2,0,2,0,3,10,0,13,0,0,0,13
09/14/2022,OWD,MA,ANE,EN,Federal Contract Tower,0,4,15,0,19,0,2,130,0,132,0,6,145,0,151,140,0,140,291
09/15/2022,OWD,MA,ANE,EN,Federal Contract Tower,0,5,15,0,20,0,4,131,0,135,0,9,146,0,155,100,0,100,255
09/16/2022,OWD,MA,ANE,EN,Federal Contract Tower,0,7,17,0,24,0,2,209,0,211,0,9,226,0,235,88,0,88,323
09/17/2022,OWD,MA,ANE,EN,Federal Contract Tower,0,2,31,0,33,0,0,202,0,202,0,2,233,0,235,130,0,130,365
09/18/2022,OWD,MA,ANE,EN,Federal Contract Tower,0,10,18,0,28,0,1,196,0,197,0,11,214,0,225,122,0,122,347
09/19/2022,OWD,MA,ANE,EN,Federal Contract Tower,0,8,14,0,22,0,0,4,0,4,0,8,18,0,26,0,0,0,26
09/20/2022,OWD,MA,ANE,EN,Federal Contract Tower,0,11,40,0,51,0,0,2,0,2,0,11,42,0,53,0,0,0,53
09/21/2022,OWD,MA,ANE,EN,Federal Contract Tower,0,5,30,0,35,0,0,88,0,88,0,5,118,0,123,260,0,260,383
09/22/2022,OWD,MA,ANE,EN,Federal Contract Tower,0,6,16,0,22,0,0,12,0,12,0,6,28,0,34,34,0,34,68
09/23/2022,OWD,MA,ANE,EN,Federal Contract Tower,0,10,10,0,20,0,3,55,0,58,0,13,65,0,78,26,0,26,104
09/24/2022,OWD,MA,ANE,EN,Federal Contract Tower,0,11,17,0,28,0,2,127,0,129,0,13,144,0,157,80,0,80,237
09/25/2022,OWD,MA,ANE,EN,Federal Contract Tower,0,16,31,0,47,0,0,134,0,134,0,16,165,0,181,170,0,170,351
09/26/2022,OWD,MA,ANE,EN,Federal Contract Tower,0,6,19,0,25,0,0,103,0,103,0,6,122,0,128,138,0,138,266
09/27/2022,OWD,MA,ANE,EN,Federal Contract Tower,0,2,15,0,17,0,1,105,0,106,0,3,120,0,123,100,0,100,223
09/28/2022,OWD,MA,ANE,EN,Federal Contract Tower,0,7,14,0,21,0,1,92,0,93,0,8,106,0,114,120,0,120,234
09/29/2022,OWD,MA,ANE,EN,Federal Contract Tower,0,9,28,0,37,0,0,103,0,103,0,9,131,0,140,142,0,142,282
09/30/2022,OWD,MA,ANE,EN,Federal Contract Tower,0,8,27,0,35,0,0,159,0,159,0,8,186,0,194,196,0,196,390
10/01/2022,OWD,MA,ANE,EN,Federal Contract Tower,0,4,27,0,31,0,0,44,0,44,0,4,71,0,75,128,0,128,203
10/02/2022,OWD,MA,ANE,EN,Federal Contract Tower,0,5,15,0,20,0,0,1,0,1,0,5,16,0,21,0,0,0,21
10/03/2022,OWD,MA,ANE,EN,Federal Contract Tower,0,0,10,0,10,0,0,33,0,33,0,0,43,0,43,4,0,4,47
10/04/2022,OWD,MA,ANE,EN,Federal Contract Tower,0,2,19,0,21,0,0,11,0,11,0,2,30,0,32,18,0,18,50
10/05/2022,OWD,MA,ANE,EN,Federal Contract Tower,0,2,10,0,12,0,0,0,0,0,0,2,10,0,12,0,0,0,12
10/06/2022,OWD,MA,ANE,EN,Federal Contract Tower,0,17,24,0,41,0,0,145,0,145,0,17,169,0,186,252,0,252,438
10/07/2022,OWD,MA,ANE,EN,Federal Contract Tower,0,7,19,0,26,0,1,152,0,153,0,8,171,0,179,138,0,138,317
10/08/2022,OWD,MA,ANE,EN,Federal Contract Tower,0,6,22,0,28,0,0,197,0,197,0,6,219,0,225,242,0,242,467
10/09/2022,OWD,MA,ANE,EN,Federal Contract Tower,0,10,22,0,32,0,2,157,0,159,0,12,179,0,191,110,0,110,301
10/10/2022,OWD,MA,ANE,EN,Federal Contract Tower,0,10,12,0,22,0,0,153,0,153,0,10,165,0,175,160,0,160,335
10/11/2022,OWD,MA,ANE,EN,Federal Contract Tower,0,5,14,0,19,0,1,126,0,127,0,6,140,0,146,166,0,166,312
10/12/2022,OWD,MA,ANE,EN,Federal Contract Tower,0,5,15,0,20,0,0,129,0,129,0,5,144,0,149,174,0,174,323
10/13/2022,OWD,MA,ANE,EN,Federal Contract Tower,0,5,12,0,17,0,0,29,0,29,0,5,41,0,46,30,0,30,76
10/14/2022,OWD,MA,ANE,EN,Federal Contract Tower,0,7,10,0,17,0,0,26,0,26,0,7,36,0,43,14,0,14,57
10/15/2022,OWD,MA,ANE,EN,Federal Contract Tower,0,8,13,0,21,0,2,177,0,179,0,10,190,0,200,136,0,136,336
10/16/2022,OWD,MA,ANE,EN,Federal Contract Tower,0,5,20,0,25,0,0,180,0,180,0,5,200,0,205,278,0,278,483
10/17/2022,OWD,MA,ANE,EN,Federal Contract Tower,0,0,19,0,19,0,0,71,0,71,0,0,90,0,90,48,0,48,138
10/18/2022,OWD,MA,ANE,EN,Federal Contract Tower,0,2,18,0,20,0,9,36,0,45,0,11,54,0,65,136,0,136,201
10/19/2022,OWD,MA,ANE,EN,Federal Contract Tower,0,0,16,0,16,0,2,78,0,80,0,2,94,0,96,90,0,90,186
10/20/2022,OWD,MA,ANE,EN,Federal Contract Tower,0,3,20,0,23,0,1,67,0,68,0,4,87,0,91,32,0,32,123
10/21/2022,OWD,MA,ANE,EN,Federal Contract Tower,0,1,16,0,17,0,0,161,0,161,0,1,177,0,178,213,0,213,391
10/22/2022,OWD,MA,ANE,EN,Federal Contract Tower,0,3,16,0,19,0,0,176,0,176,0,3,192,0,195,144,0,144,339
10/23/2022,OWD,MA,ANE,EN,Federal Contract Tower,0,1,20,0,21,0,0,44,0,44,0,1,64,0,65,116,0,116,181
10/24/2022,OWD,MA,ANE,EN,Federal Contract Tower,0,5,8,0,13,0,0,0,0,0,0,5,8,0,13,0,0,0,13
10/25/2022,OWD,MA,ANE,EN,Federal Contract Tower,0,1,5,0,6,0,0,0,0,0,0,1,5,0,6,0,0,0,6
10/26/2022,OWD,MA,ANE,EN,Federal Contract Tower,0,1,7,0,8,0,0,0,0,0,0,1,7,0,8,0,0,0,8
10/27/2022,OWD,MA,ANE,EN,Federal Contract Tower,0,5,17,0,22,0,0,124,0,124,0,5,141,0,146,166,0,166,312
10/28/2022,OWD,MA,ANE,EN,Federal Contract Tower,0,5,12,0,17,0,0,125,0,125,0,5,137,0,142,188,0,188,330
10/29/2022,OWD,MA,ANE,EN,Federal Contract Tower,0,2,12,0,14,0,0,132,0,132,0,2,144,0,146,134,0,134,280
10/30/2022,OWD,MA,ANE,EN,Federal Contract Tower,0,2,16,0,18,0,0,159,0,159,0,2,175,0,177,142,0,142,319
10/31/2022,OWD,MA,ANE,EN,Federal Contract Tower,0,3,31,0,34,0,0,94,0,94,0,3,125,0,128,122,0,122,250
11/01/2022,OWD,MA,ANE,EN,Federal Contract Tower,0,1,16,0,17,0,0,4,0,4,0,1,20,0,21,0,0,0,21
11/02/2022,OWD,MA,ANE,EN,Federal Contract Tower,0,6,19,0,25,0,2,107,0,109,0,8,126,0,134,188,0,188,322
11/03/2022,OWD,MA,ANE,EN,Federal Contract Tower,0,2,13,0,15,0,0,90,0,90,0,2,103,0,105,166,0,166,271
11/04/2022,OWD,MA,ANE,EN,Federal Contract Tower,0,3,18,0,21,0,1,107,0,108,0,4,125,0,129,52,0,52,181
11/05/2022,OWD,MA,ANE,EN,Federal Contract Tower,0,10,14,0,24,0,6,119,1,126,0,16,133,1,150,80,0,80,230
11/06/2022,OWD,MA,ANE,EN,Federal Contract Tower,0,17,15,0,32,0,2,90,5,97,0,19,105,5,129,100,0,100,229
11/07/2022,OWD,MA,ANE,EN,Federal Contract Tower,0,0,12,0,12,0,2,72,0,74,0,2,84,0,86,132,0,132,218
11/08/2022,OWD,MA,ANE,EN,Federal Contract Tower,0,1,9,0,10,0,1,71,0,72,0,2,80,0,82,58,0,58,140
11/09/2022,OWD,MA,ANE,EN,Federal Contract Tower,0,0,26,0,26,0,0,153,0,153,0,0,179,0,179,200,0,200,379
11/10/2022,OWD,MA,ANE,EN,Federal Contract Tower,0,0,13,0,13,0,0,98,0,98,0,0,111,0,111,90,0,90,201
11/11/2022,OWD,MA,ANE,EN,Federal Contract Tower,0,7,26,0,33,0,0,103,0,103,0,7,129,0,136,188,0,188,324
11/12/2022,OWD,MA,ANE,EN,Federal Contract Tower,0,0,7,0,7,0,0,55,0,55,0,0,62,0,62,66,0,66,128
11/13/2022,OWD,MA,ANE,EN,Federal Contract Tower,0,5,27,0,32,0,3,22,0,25,0,8,49,0,57,66,0,66,123
11/14/2022,OWD,MA,ANE,EN,Federal Contract Tower,0,5,9,0,14,0,0,92,0,92,0,5,101,0,106,138,0,138,244
11/15/2022,OWD,MA,ANE,EN,Federal Contract Tower,0,6,22,0,28,0,0,111,2,113,0,6,133,2,141,152,2,154,295
11/16/2022,OWD,MA,ANE,EN,Federal Contract Tower,0,3,5,0,8,0,0,9,0,9,0,3,14,0,17,0,0,0,17
11/17/2022,OWD,MA,ANE,EN,Federal Contract Tower,0,1,17,0,18,0,0,56,0,56,0,1,73,0,74,128,0,128,202
11/18/2022,OWD,MA,ANE,EN,Federal Contract Tower,0,6,9,0,15,0,0,143,0,143,0,6,152,0,158,178,0,178,336
11/19/2022,OWD,MA,ANE,EN,Federal Contract Tower,3,0,11,0,14,0,0,179,0,179,3,0,190,0,193,170,0,170,363
11/20/2022,OWD,MA,ANE,EN,Federal Contract Tower,0,16,14,0,30,0,4,40,0,44,0,20,54,0,74,0,0,0,74
11/21/2022,OWD,MA,ANE,EN,Federal Contract Tower,0,1,5,0,6,0,2,120,0,122,0,3,125,0,128,86,0,86,214
11/22/2022,OWD,MA,ANE,EN,Federal Contract Tower,0,3,8,0,11,0,0,127,0,127,0,3,135,0,138,162,0,162,300
11/23/2022,OWD,MA,ANE,EN,Federal Contract Tower,0,2,19,0,21,0,0,109,0,109,0,2,128,0,130,56,0,56,186
11/24/2022,OWD,MA,ANE,EN,Federal Contract Tower,0,3,1,0,4,0,0,24,0,24,0,3,25,0,28,45,0,45,73
11/25/2022,OWD,MA,ANE,EN,Federal Contract Tower,0,4,8,0,12,0,0,15,0,15,0,4,23,0,27,22,0,22,49
11/26/2022,OWD,MA,ANE,EN,Federal Contract Tower,0,7,18,0,25,0,0,128,0,128,0,7,146,0,153,80,0,80,233
11/27/2022,OWD,MA,ANE,EN,Federal Contract Tower,0,0,16,0,16,0,0,68,0,68,0,0,84,0,84,142,0,142,226
11/28/2022,OWD,MA,ANE,EN,Federal Contract Tower,0,4,4,0,8,0,0,71,0,71,0,4,75,0,79,82,0,82,161
12/01/2022,OWD,MA,ANE,EN,Federal Contract Tower,0,0,13,0,13,0,0,39,0,39,0,0,52,0,52,32,0,32,84
12/02/2022,OWD,MA,ANE,EN,Federal Contract Tower,0,4,16,0,20,0,0,111,0,111,0,4,127,0,131,98,0,98,229
12/03/2022,OWD,MA,ANE,EN,Federal Contract Tower,0,0,5,0,5,0,0,2,0,2,0,0,7,0,7,26,0,26,33
12/04/2022,OWD,MA,ANE,EN,Federal Contract Tower,0,2,15,0,17,0,2,169,6,177,0,4,184,6,194,138,0,138,332
12/05/2022,OWD,MA,ANE,EN,Federal Contract Tower,0,1,8,0,9,0,0,109,0,109,0,1,117,0,118,174,0,174,292
12/06/2022,OWD,MA,ANE,EN,Federal Contract Tower,0,2,3,0,5,0,2,86,0,88,0,4,89,0,93,104,0,104,197
12/07/2022,OWD,MA,ANE,EN,Federal Contract Tower,0,3,4,0,7,0,0,0,0,0,0,3,4,0,7,0,0,0,7
12/08/2022,OWD,MA,ANE,EN,Federal Contract Tower,0,4,4,0,8,0,1,99,0,100,0,5,103,0,108,52,0,52,160
12/09/2022,OWD,MA,ANE,EN,Federal Contract Tower,0,3,8,0,11,0,0,94,0,94,0,3,102,0,105,36,0,36,141
12/10/2022,OWD,MA,ANE,EN,Federal Contract Tower,0,0,15,0,15,0,0,20,0,20,0,0,35,0,35,4,0,4,39
12/11/2022,OWD,MA,ANE,EN,Federal Contract Tower,0,2,3,0,5,0,0,66,0,66,0,2,69,0,71,126,0,126,197
12/12/2022,OWD,MA,ANE,EN,Federal Contract Tower,0,0,10,0,10,0,0,49,0,49,0,0,59,0,59,84,0,84,143
12/13/2022,OWD,MA,ANE,EN,Federal Contract Tower,0,9,6,0,15,0,0,119,0,119,0,9,125,0,134,32,0,32,166
12/14/2022,OWD,MA,ANE,EN,Federal Contract Tower,0,5,10,0,15,0,0,62,0,62,0,5,72,0,77,4,0,4,81
12/15/2022,OWD,MA,ANE,EN,Federal Contract Tower,0,5,12,0,17,0,0,29,0,29,0,5,41,0,46,264,2,266,312
12/16/2022,OWD,MA,ANE,EN,Federal Contract Tower,0,0,0,0,0,0,0,0,0,0,0,0,0,0,0,0,0,0,0
12/17/2022,OWD,MA,ANE,EN,Federal Contract Tower,0,2,7,0,9,0,0,23,0,23,0,2,30,0,32,42,0,42,74
12/18/2022,OWD,MA,ANE,EN,Federal Contract Tower,0,2,14,0,16,0,1,186,0,187,0,3,200,0,203,102,0,102,305
12/19/2022,OWD,MA,ANE,EN,Federal Contract Tower,0,0,8,0,8,0,0,63,0,63,0,0,71,0,71,52,0,52,123
12/20/2022,OWD,MA,ANE,EN,Federal Contract Tower,0,1,7,2,10,0,0,94,0,94,0,1,101,2,104,143,0,143,247
12/21/2022,OWD,MA,ANE,EN,Federal Contract Tower,0,2,13,0,15,0,0,125,0,125,0,2,138,0,140,116,0,116,256
12/22/2022,OWD,MA,ANE,EN,Federal Contract Tower,0,3,5,0,8,0,0,89,0,89,0,3,94,0,97,172,0,172,269
12/23/2022,OWD,MA,ANE,EN,Federal Contract Tower,0,0,1,0,1,0,0,0,0,0,0,0,1,0,1,0,0,0,1
12/24/2022,OWD,MA,ANE,EN,Federal Contract Tower,0,2,1,0,3,0,0,14,0,14,0,2,15,0,17,4,0,4,21
12/25/2022,OWD,MA,ANE,EN,Federal Contract Tower,0,0,1,0,1,0,0,3,0,3,0,0,4,0,4,0,0,0,4
12/26/2022,OWD,MA,ANE,EN,Federal Contract Tower,0,0,4,0,4,0,0,100,0,100,0,0,104,0,104,54,0,54,158
12/27/2022,OWD,MA,ANE,EN,Federal Contract Tower,0,4,9,0,13,0,0,101,0,101,0,4,110,0,114,112,0,112,226
12/28/2022,OWD,MA,ANE,EN,Federal Contract Tower,0,0,4,0,4,0,0,82,0,82,0,0,86,0,86,68,0,68,154
12/29/2022,OWD,MA,ANE,EN,Federal Contract Tower,2,0,6,0,8,0,0,113,0,113,2,0,119,0,121,114,0,114,235
12/30/2022,OWD,MA,ANE,EN,Federal Contract Tower,0,3,12,0,15,0,0,93,0,93,0,3,105,0,108,76,0,76,184
12/31/2022,OWD,MA,ANE,EN,Federal Contract Tower,0,2,6,0,8,0,0,0,0,0,0,2,6,0,8,0,0,0,8
01/01/2023,OWD,MA,ANE,EN,Federal Contract Tower,0,4,2,0,6,0,0,38,0,38,0,4,40,0,44,10,0,10,54
01/02/2023,OWD,MA,ANE,EN,Federal Contract Tower,0,2,10,0,12,0,0,119,0,119,0,2,129,0,131,236,0,236,367
01/03/2023,OWD,MA,ANE,EN,Federal Contract Tower,0,5,6,0,11,0,0,0,0,0,0,5,6,0,11,0,0,0,11
01/04/2023,OWD,MA,ANE,EN,Federal Contract Tower,0,1,4,3,8,0,0,1,0,1,0,1,5,3,9,4,0,4,13
01/05/2023,OWD,MA,ANE,EN,Federal Contract Tower,0,3,11,0,14,0,0,0,0,0,0,3,11,0,14,0,0,0,14
01/06/2023,OWD,MA,ANE,EN,Federal Contract Tower,0,2,3,0,5,0,0,0,0,0,0,2,3,0,5,0,0,0,5
01/07/2023,OWD,MA,ANE,EN,Federal Contract Tower,0,3,14,0,17,0,0,141,0,141,0,3,155,0,158,180,0,180,338
01/08/2023,OWD,MA,ANE,EN,Federal Contract Tower,0,4,9,0,13,0,0,143,0,143,0,4,152,0,156,184,0,184,340
01/09/2023,OWD,MA,ANE,EN,Federal Contract Tower,0,1,8,0,9,0,0,84,0,84,0,1,92,0,93,184,0,184,277
01/10/2023,OWD,MA,ANE,EN,Federal Contract Tower,0,1,20,0,21,0,0,149,0,149,0,1,169,0,170,144,0,144,314
01/11/2023,OWD,MA,ANE,EN,Federal Contract Tower,0,5,13,0,18,0,0,87,0,87,0,5,100,0,105,148,0,148,253
01/12/2023,OWD,MA,ANE,EN,Federal Contract Tower,0,0,12,0,12,0,0,17,0,17,0,0,29,0,29,126,0,126,155
01/13/2023,OWD,MA,ANE,EN,Federal Contract Tower,0,0,12,0,12,0,0,30,0,30,0,0,42,0,42,32,0,32,74
01/14/2023,OWD,MA,ANE,EN,Federal Contract Tower,0,3,4,0,7,0,0,0,0,0,0,3,4,0,7,0,0,0,7
01/15/2023,OWD,MA,ANE,EN,Federal Contract Tower,0,0,10,0,10,0,0,38,0,38,0,0,48,0,48,20,0,20,68
01/16/2023,OWD,MA,ANE,EN,Federal Contract Tower,0,0,2,0,2,0,0,3,0,3,0,0,5,0,5,2,0,2,7
01/17/2023,OWD,MA,ANE,EN,Federal Contract Tower,0,1,14,0,15,0,0,93,0,93,0,1,107,0,108,160,0,160,268
01/18/2023,OWD,MA,ANE,EN,Federal Contract Tower,0,6,12,0,18,0,0,84,0,84,0,6,96,0,102,130,4,134,236
01/19/2023,OWD,MA,ANE,EN,Federal Contract Tower,0,4,13,1,18,0,0,64,0,64,0,4,77,1,82,190,0,190,272
01/20/2023,OWD,MA,ANE,EN,Federal Contract Tower,0,0,5,0,5,0,0,0,0,0,0,0,5,0,5,0,0,0,5
01/21/2023,OWD,MA,ANE,EN,Federal Contract Tower,0,2,5,0,7,0,0,69,0,69,0,2,74,0,76,304,0,304,380
01/22/2023,OWD,MA,ANE,EN,Federal Contract Tower,0,0,6,0,6,0,0,47,0,47,0,0,53,0,53,254,0,254,307
01/23/2023,OWD,MA,ANE,EN,Federal Contract Tower,0,0,1,0,1,0,0,0,0,0,0,0,1,0,1,0,0,0,1
01/24/2023,OWD,MA,ANE,EN,Federal Contract Tower,0,3,16,0,19,0,1,75,0,76,0,4,91,0,95,168,0,168,263
01/25/2023,OWD,MA,ANE,EN,Federal Contract Tower,0,3,5,0,8,0,0,37,0,37,0,3,42,0,45,154,0,154,199
01/26/2023,OWD,MA,ANE,EN,Federal Contract Tower,0,5,6,0,11,0,0,8,0,8,0,5,14,0,19,32,0,32,51
01/27/2023,OWD,MA,ANE,EN,Federal Contract Tower,0,2,13,0,15,0,0,119,0,119,0,2,132,0,134,122,0,122,256
01/28/2023,OWD,MA,ANE,EN,Federal Contract Tower,0,3,11,0,14,0,0,107,0,107,0,3,118,0,121,114,0,114,235
01/29/2023,OWD,MA,ANE,EN,Federal Contract Tower,0,2,7,0,9,0,1,84,0,85,0,3,91,0,94,106,0,106,200
01/30/2023,OWD,MA,ANE,EN,Federal Contract Tower,0,0,7,1,8,0,7,65,0,72,0,7,72,1,80,178,0,178,258
01/31/2023,OWD,MA,ANE,EN,Federal Contract Tower,0,1,5,0,6,0,0,57,0,57,0,1,62,0,63,164,0,164,227
02/01/2023,OWD,MA,ANE,EN,Federal Contract Tower,0,9,12,0,21,0,0,102,0,102,0,9,114,0,123,148,0,148,271
02/02/2023,OWD,MA,ANE,EN,Federal Contract Tower,0,4,6,0,10,0,0,97,0,97,0,4,103,0,107,198,0,198,305
02/03/2023,OWD,MA,ANE,EN,Federal Contract Tower,0,2,4,0,6,0,0,6,0,6,0,2,10,0,12,0,0,0,12
02/04/2023,OWD,MA,ANE,EN,Federal Contract Tower,0,2,11,0,13,0,0,42,0,42,0,2,53,0,55,6,0,6,61
02/05/2023,OWD,MA,ANE,EN,Federal Contract Tower,0,0,7,0,7,0,0,59,0,59,0,0,66,0,66,48,0,48,114
02/06/2023,OWD,MA,ANE,EN,Federal Contract Tower,0,1,12,0,13,0,0,136,0,136,0,1,148,0,149,210,0,210,359
02/07/2023,OWD,MA,ANE,EN,Federal Contract Tower,0,1,14,0,15,0,0,82,0,82,0,1,96,0,97,208,0,208,305
02/08/2023,OWD,MA,ANE,EN,Federal Contract Tower,0,1,12,0,13,0,0,89,0,89,0,1,101,0,102,38,0,38,140
02/09/2023,OWD,MA,ANE,EN,Federal Contract Tower,0,5,10,0,15,0,0,67,0,67,0,5,77,0,82,176,0,176,258
02/10/2023,OWD,MA,ANE,EN,Federal Contract Tower,0,0,16,0,16,0,0,30,0,30,0,0,46,0,46,42,0,42,88
02/11/2023,OWD,MA,ANE,EN,Federal Contract Tower,0,0,16,0,16,0,0,94,0,94,0,0,110,0,110,70,0,70,180
02/12/2023,OWD,MA,ANE,EN,Federal Contract Tower,0,1,7,0,8,0,1,130,0,131,0,2,137,0,139,138,0,138,277
02/13/2023,OWD,MA,ANE,EN,Federal Contract Tower,0,2,7,0,9,0,0,55,0,55,0,2,62,0,64,208,0,208,272
02/15/2023,OWD,MA,ANE,EN,Federal Contract Tower,0,0,8,0,8,0,0,72,0,72,0,0,80,0,80,52,0,52,132
02/16/2023,OWD,MA,ANE,EN,Federal Contract Tower,0,6,12,0,18,0,0,105,0,105,0,6,117,0,123,98,0,98,221
02/17/2023,OWD,MA,ANE,EN,Federal Contract Tower,0,0,4,0,4,0,0,3,0,3,0,0,7,0,7,0,0,0,7
02/18/2023,OWD,MA,ANE,EN,Federal Contract Tower,0,0,6,0,6,0,0,133,0,133,0,0,139,0,139,62,0,62,201
02/19/2023,OWD,MA,ANE,EN,Federal Contract Tower,0,2,11,0,13,0,1,126,0,127,0,3,137,0,140,192,0,192,332
02/20/2023,OWD,MA,ANE,EN,Federal Contract Tower,0,0,14,0,14,0,0,75,17,92,0,0,89,17,106,68,0,68,174
02/21/2023,OWD,MA,ANE,EN,Federal Contract Tower,0,0,5,0,5,0,0,0,0,0,0,0,5,0,5,0,0,0,5
02/22/2023,OWD,MA,ANE,EN,Federal Contract Tower,0,3,5,2,10,0,0,85,0,85,0,3,90,2,95,130,0,130,225
02/23/2023,OWD,MA,ANE,EN,Federal Contract Tower,0,0,1,0,1,0,0,0,0,0,0,0,1,0,1,0,0,0,1
02/24/2023,OWD,MA,ANE,EN,Federal Contract Tower,0,0,5,0,5,0,0,20,0,20,0,0,25,0,25,0,0,0,25
02/25/2023,OWD,MA,ANE,EN,Federal Contract Tower,0,0,11,0,11,0,1,35,0,36,0,1,46,0,47,36,0,36,83
02/26/2023,OWD,MA,ANE,EN,Federal Contract Tower,0,0,8,0,8,0,0,29,0,29,0,0,37,0,37,106,0,106,143
02/27/2023,OWD,MA,ANE,EN,Federal Contract Tower,0,2,20,0,22,0,0,99,0,99,0,2,119,0,121,178,0,178,299
02/28/2023,OWD,MA,ANE,EN,Federal Contract Tower,0,0,0,0,0,0,0,0,0,0,0,0,0,0,0,0,0,0,0
03/01/2023,OWD,MA,ANE,EN,Federal Contract Tower,0,7,15,0,22,0,1,115,0,116,0,8,130,0,138,128,0,128,266
03/02/2023,OWD,MA,ANE,EN,Federal Contract Tower,0,2,18,0,20,0,0,6,0,6,0,2,24,0,26,2,0,2,28
03/03/2023,OWD,MA,ANE,EN,Federal Contract Tower,0,3,17,0,20,0,1,102,0,103,0,4,119,0,123,146,0,146,269
03/04/2023,OWD,MA,ANE,EN,Federal Contract Tower,0,0,0,0,0,0,0,0,0,0,0,0,0,0,0,0,0,0,0
03/05/2023,OWD,MA,ANE,EN,Federal Contract Tower,0,6,6,0,12,0,2,105,0,107,0,8,111,0,119,90,0,90,209
03/06/2023,OWD,MA,ANE,EN,Federal Contract Tower,0,7,15,0,22,0,0,49,0,49,0,7,64,0,71,34,0,34,105
03/07/2023,OWD,MA,ANE,EN,Federal Contract Tower,0,6,12,0,18,0,0,76,0,76,0,6,88,0,94,78,0,78,172
03/08/2023,OWD,MA,ANE,EN,Federal Contract Tower,0,6,14,0,20,0,1,85,0,86,0,7,99,0,106,110,0,110,216
03/09/2023,OWD,MA,ANE,EN,Federal Contract Tower,0,2,15,0,17,0,0,111,0,111,0,2,126,0,128,118,0,118,246
03/10/2023,OWD,MA,ANE,EN,Federal Contract Tower,0,5,14,0,19,0,3,185,0,188,0,8,199,0,207,162,0,162,369
03/11/2023,OWD,MA,ANE,EN,Federal Contract Tower,0,1,7,0,8,0,0,2,0,2,0,1,9,0,10,0,0,0,10
03/12/2023,OWD,MA,ANE,EN,Federal Contract Tower,0,3,7,0,10,0,0,159,0,159,0,3,166,0,169,220,0,220,389
03/13/2023,OWD,MA,ANE,EN,Federal Contract Tower,0,4,10,0,14,0,0,33,0,33,0,4,43,0,47,94,0,94,141
03/14/2023,OWD,MA,ANE,EN,Federal Contract Tower,0,0,1,0,1,0,0,0,0,0,0,0,1,0,1,0,0,0,1
03/15/2023,OWD,MA,ANE,EN,Federal Contract Tower,0,0,5,0,5,0,0,6,0,6,0,0,11,0,11,0,0,0,11
03/16/2023,OWD,MA,ANE,EN,Federal Contract Tower,0,5,11,0,16,0,0,101,0,101,0,5,112,0,117,62,0,62,179
03/17/2023,OWD,MA,ANE,EN,Federal Contract Tower,0,8,13,0,21,0,1,108,0,109,0,9,121,0,130,80,0,80,210
03/18/2023,OWD,MA,ANE,EN,Federal Contract Tower,0,4,13,0,17,0,0,143,0,143,0,4,156,0,160,40,0,40,200
03/19/2023,OWD,MA,ANE,EN,Federal Contract Tower,0,7,12,0,19,0,0,49,0,49,0,7,61,0,68,14,0,14,82
03/20/2023,OWD,MA,ANE,EN,Federal Contract Tower,0,7,10,0,17,0,0,79,0,79,0,7,89,0,96,62,0,62,158
03/21/2023,OWD,MA,ANE,EN,Federal Contract Tower,0,2,18,0,20,0,3,139,0,142,0,5,157,0,162,100,0,100,262
03/22/2023,OWD,MA,ANE,EN,Federal Contract Tower,0,4,13,0,17,0,0,112,0,112,0,4,125,0,129,130,0,130,259
03/23/2023,OWD,MA,ANE,EN,Federal Contract Tower,0,2,16,0,18,0,0,6,0,6,0,2,22,0,24,74,0,74,98
03/24/2023,OWD,MA,ANE,EN,Federal Contract Tower,0,4,16,1,21,0,0,0,0,0,0,4,16,1,21,116,0,116,137
03/25/2023,OWD,MA,ANE,EN,Federal Contract Tower,0,2,7,0,9,0,0,0,0,0,0,2,7,0,9,76,0,76,85
03/26/2023,OWD,MA,ANE,EN,Federal Contract Tower,0,4,13,0,17,0,0,71,0,71,0,4,84,0,88,60,0,60,148
03/27/2023,OWD,MA,ANE,EN,Federal Contract Tower,0,4,18,0,22,0,0,88,0,88,0,4,106,0,110,178,0,178,288
03/28/2023,OWD,MA,ANE,EN,Federal Contract Tower,0,0,5,13,18,0,0,16,0,16,0,0,21,13,34,30,0,30,64
03/29/2023,OWD,MA,ANE,EN,Federal Contract Tower,0,6,18,0,24,0,1,150,0,151,0,7,168,0,175,152,0,152,327
03/30/2023,OWD,MA,ANE,EN,Federal Contract Tower,0,7,10,0,17,0,0,67,0,67,0,7,77,0,84,16,0,16,100
03/31/2023,OWD,MA,ANE,EN,Federal Contract Tower,0,6,18,0,24,0,0,134,0,134,0,6,152,0,158,130,0,130,288
04/01/2023,OWD,MA,ANE,EN,Federal Contract Tower,0,0,6,0,6,0,0,2,0,2,0,0,8,0,8,2,0,2,10
04/02/2023,OWD,MA,ANE,EN,Federal Contract Tower,0,3,15,0,18,0,0,77,0,77,0,3,92,0,95,28,0,28,123
04/03/2023,OWD,MA,ANE,EN,Federal Contract Tower,0,6,13,0,19,0,0,114,0,114,0,6,127,0,133,90,0,90,223
04/04/2023,OWD,MA,ANE,EN,Federal Contract Tower,0,10,13,0,23,0,0,117,0,117,0,10,130,0,140,218,0,218,358
04/05/2023,OWD,MA,ANE,EN,Federal Contract Tower,0,5,16,0,21,0,0,23,0,23,0,5,39,0,44,28,0,28,72
04/06/2023,OWD,MA,ANE,EN,Federal Contract Tower,0,5,6,0,11,0,0,20,0,20,0,5,26,0,31,82,0,82,113
04/07/2023,OWD,MA,ANE,EN,Federal Contract Tower,0,9,11,0,20,0,1,101,0,102,0,10,112,0,122,72,0,72,194
04/08/2023,OWD,MA,ANE,EN,Federal Contract Tower,0,4,22,0,26,0,1,164,0,165,0,5,186,0,191,146,0,146,337
04/09/2023,OWD,MA,ANE,EN,Federal Contract Tower,0,4,8,0,12,0,0,133,0,133,0,4,141,0,145,194,0,194,339
04/10/2023,OWD,MA,ANE,EN,Federal Contract Tower,0,6,16,0,22,0,2,193,0,195,0,8,209,0,217,202,0,202,419
04/11/2023,OWD,MA,ANE,EN,Federal Contract Tower,0,3,7,0,10,0,0,96,0,96,0,3,103,0,106,82,0,82,188
04/12/2023,OWD,MA,ANE,EN,Federal Contract Tower,0,0,12,0,12,0,2,50,0,52,0,2,62,0,64,4,0,4,68
04/13/2023,OWD,MA,ANE,EN,Federal Contract Tower,0,8,15,0,23,0,1,139,0,140,0,9,154,0,163,88,0,88,251
04/14/2023,OWD,MA,ANE,EN,Federal Contract Tower,0,5,18,0,23,0,0,181,0,181,0,5,199,0,204,126,0,126,330
04/15/2023,OWD,MA,ANE,EN,Federal Contract Tower,0,3,31,0,34,0,0,130,0,130,0,3,161,0,164,152,0,152,316
04/16/2023,OWD,MA,ANE,EN,Federal Contract Tower,0,4,13,0,17,0,0,2,0,2,0,4,15,0,19,0,0,0,19
04/17/2023,OWD,MA,ANE,EN,Federal Contract Tower,0,3,16,0,19,0,0,0,0,0,0,3,16,0,19,0,0,0,19
04/18/2023,OWD,MA,ANE,EN,Federal Contract Tower,0,3,5,0,8,0,1,64,0,65,0,4,69,0,73,96,0,96,169
04/19/2023,OWD,MA,ANE,EN,Federal Contract Tower,0,1,6,0,7,0,3,99,0,102,0,4,105,0,109,124,0,124,233
04/20/2023,OWD,MA,ANE,EN,Federal Contract Tower,0,8,12,0,20,0,3,124,0,127,0,11,136,0,147,120,0,120,267
04/21/2023,OWD,MA,ANE,EN,Federal Contract Tower,0,0,16,0,16,0,0,162,0,162,0,0,178,0,178,120,0,120,298
04/22/2023,OWD,MA,ANE,EN,Federal Contract Tower,0,14,20,0,34,0,0,73,0,73,0,14,93,0,107,236,0,236,343
04/23/2023,OWD,MA,ANE,EN,Federal Contract Tower,0,9,12,0,21,0,0,0,0,0,0,9,12,0,21,0,0,0,21
04/24/2023,OWD,MA,ANE,EN,Federal Contract Tower,0,10,21,0,31,0,0,63,0,63,0,10,84,0,94,240,0,240,334
04/25/2023,OWD,MA,ANE,EN,Federal Contract Tower,0,7,23,0,30,0,0,105,0,105,0,7,128,0,135,204,0,204,339
04/26/2023,OWD,MA,ANE,EN,Federal Contract Tower,0,8,15,0,23,0,0,126,0,126,0,8,141,0,149,200,0,200,349
04/27/2023,OWD,MA,ANE,EN,Federal Contract Tower,0,8,23,0,31,0,0,88,0,88,0,8,111,0,119,222,0,222,341
04/28/2023,OWD,MA,ANE,EN,Federal Contract Tower,0,5,14,0,19,0,2,193,0,195,0,7,207,0,214,156,0,156,370
04/29/2023,OWD,MA,ANE,EN,Federal Contract Tower,0,3,5,0,8,0,0,135,0,135,0,3,140,0,143,162,0,162,305
04/30/2023,OWD,MA,ANE,EN,Federal Contract Tower,0,4,6,0,10,0,0,0,0,0,0,4,6,0,10,0,0,0,10
05/01/2023,OWD,MA,ANE,EN,Federal Contract Tower,0,6,11,0,17,0,0,81,0,81,0,6,92,0,98,120,0,120,218
05/02/2023,OWD,MA,ANE,EN,Federal Contract Tower,0,6,14,0,20,0,0,39,0,39,0,6,53,0,59,74,0,74,133
05/03/2023,OWD,MA,ANE,EN,Federal Contract Tower,0,3,18,0,21,0,0,81,0,81,0,3,99,0,102,106,0,106,208
05/04/2023,OWD,MA,ANE,EN,Federal Contract Tower,0,4,20,0,24,0,0,17,0,17,0,4,37,0,41,48,0,48,89
05/05/2023,OWD,MA,ANE,EN,Federal Contract Tower,0,6,26,0,32,0,0,59,0,59,0,6,85,0,91,68,0,68,159
05/06/2023,OWD,MA,ANE,EN,Federal Contract Tower,0,2,12,0,14,0,0,220,0,220,0,2,232,0,234,132,0,132,366
05/07/2023,OWD,MA,ANE,EN,Federal Contract Tower,0,6,20,0,26,0,2,189,0,191,0,8,209,0,217,64,0,64,281
05/08/2023,OWD,MA,ANE,EN,Federal Contract Tower,0,2,8,0,10,0,0,125,0,125,0,2,133,0,135,102,0,102,237
05/09/2023,OWD,MA,ANE,EN,Federal Contract Tower,0,6,10,0,16,0,0,139,0,139,0,6,149,0,155,62,0,62,217
05/10/2023,OWD,MA,ANE,EN,Federal Contract Tower,0,10,12,0,22,0,0,137,0,137,0,10,149,0,159,106,0,106,265
05/11/2023,OWD,MA,ANE,EN,Federal Contract Tower,0,9,10,0,19,0,1,104,0,105,0,10,114,0,124,141,0,141,265
05/12/2023,OWD,MA,ANE,EN,Federal Contract Tower,0,2,14,0,16,0,0,153,0,153,0,2,167,0,169,84,0,84,253
05/13/2023,OWD,MA,ANE,EN,Federal Contract Tower,0,4,18,0,22,0,2,153,0,155,0,6,171,0,177,144,0,144,321
05/14/2023,OWD,MA,ANE,EN,Federal Contract Tower,0,2,6,0,8,0,3,144,0,147,0,5,150,0,155,116,0,116,271
05/15/2023,OWD,MA,ANE,EN,Federal Contract Tower,0,7,12,0,19,0,0,126,0,126,0,7,138,0,145,180,0,180,325
05/16/2023,OWD,MA,ANE,EN,Federal Contract Tower,0,1,11,0,12,0,0,77,0,77,0,1,88,0,89,122,0,122,211
05/17/2023,OWD,MA,ANE,EN,Federal Contract Tower,0,7,13,0,20,0,2,71,0,73,0,9,84,0,93,114,0,114,207
05/18/2023,OWD,MA,ANE,EN,Federal Contract Tower,0,13,14,0,27,0,1,124,0,125,0,14,138,0,152,124,0,124,276
05/19/2023,OWD,MA,ANE,EN,Federal Contract Tower,0,9,25,0,34,0,2,179,0,181,0,11,204,0,215,110,0,110,325
05/20/2023,OWD,MA,ANE,EN,Federal Contract Tower,0,5,22,0,27,0,0,25,0,25,0,5,47,0,52,56,0,56,108
05/21/2023,OWD,MA,ANE,EN,Federal Contract Tower,0,9,29,0,38,0,2,144,0,146,0,11,173,0,184,130,0,130,314
05/23/2023,OWD,MA,ANE,EN,Federal Contract Tower,0,7,12,0,19,0,1,143,0,144,0,8,155,0,163,136,0,136,299
05/24/2023,OWD,MA,ANE,EN,Federal Contract Tower,0,2,18,0,20,0,0,125,0,125,0,2,143,0,145,144,0,144,289
05/25/2023,OWD,MA,ANE,EN,Federal Contract Tower,0,2,13,0,15,0,0,169,0,169,0,2,182,0,184,132,0,132,316
05/26/2023,OWD,MA,ANE,EN,Federal Contract Tower,0,11,19,0,30,0,0,198,0,198,0,11,217,0,228,86,0,86,314
05/27/2023,OWD,MA,ANE,EN,Federal Contract Tower,0,6,12,0,18,0,1,135,0,136,0,7,147,0,154,218,0,218,372
05/28/2023,OWD,MA,ANE,EN,Federal Contract Tower,0,4,7,0,11,0,0,41,0,41,0,4,48,0,52,4,0,4,56
05/29/2023,OWD,MA,ANE,EN,Federal Contract Tower,0,14,8,0,22,0,5,107,0,112,0,19,115,0,134,32,0,32,166
05/30/2023,OWD,MA,ANE,EN,Federal Contract Tower,0,0,0,0,0,0,6,123,0,129,0,6,123,0,129,122,0,122,251
05/31/2023,OWD,MA,ANE,EN,Federal Contract Tower,0,2,10,0,12,0,0,157,0,157,0,2,167,0,169,170,0,170,339
06/01/2023,OWD,MA,ANE,EN,Federal Contract Tower,0,9,5,0,14,0,3,148,0,151,0,12,153,0,165,226,0,226,391
06/02/2023,OWD,MA,ANE,EN,Federal Contract Tower,0,7,17,0,24,0,0,126,0,126,0,7,143,0,150,46,0,46,196
06/03/2023,OWD,MA,ANE,EN,Federal Contract Tower,0,10,22,0,32,0,0,2,0,2,0,10,24,0,34,0,0,0,34
06/04/2023,OWD,MA,ANE,EN,Federal Contract Tower,0,8,23,0,31,0,1,25,0,26,0,9,48,0,57,116,0,116,173
06/05/2023,OWD,MA,ANE,EN,Federal Contract Tower,0,0,20,0,20,0,0,28,0,28,0,0,48,0,48,86,0,86,134
06/06/2023,OWD,MA,ANE,EN,Federal Contract Tower,0,4,18,0,22,0,2,87,0,89,0,6,105,0,111,88,0,88,199
06/07/2023,OWD,MA,ANE,EN,Federal Contract Tower,0,6,12,0,18,0,0,102,2,104,0,6,114,2,122,182,6,188,310
06/08/2023,OWD,MA,ANE,EN,Federal Contract Tower,0,19,17,0,36,0,2,168,0,170,0,21,185,0,206,280,0,280,486
06/09/2023,OWD,MA,ANE,EN,Federal Contract Tower,0,10,16,0,26,0,2,95,0,97,0,12,111,0,123,194,0,194,317
06/10/2023,OWD,MA,ANE,EN,Federal Contract Tower,0,9,14,0,23,0,0,87,0,87,0,9,101,0,110,176,0,176,286
06/11/2023,OWD,MA,ANE,EN,Federal Contract Tower,0,5,12,0,17,0,2,216,0,218,0,7,228,0,235,122,0,122,357
06/12/2023,OWD,MA,ANE,EN,Federal Contract Tower,0,5,14,0,19,0,0,141,0,141,0,5,155,0,160,128,0,128,288
06/13/2023,OWD,MA,ANE,EN,Federal Contract Tower,0,8,19,0,27,0,0,62,0,62,0,8,81,0,89,44,0,44,133
06/14/2023,OWD,MA,ANE,EN,Federal Contract Tower,0,12,11,0,23,0,0,140,0,140,0,12,151,0,163,84,0,84,247
06/15/2023,OWD,MA,ANE,EN,Federal Contract Tower,0,10,31,0,41,0,10,210,0,220,0,20,241,0,261,178,0,178,439
06/16/2023,OWD,MA,ANE,EN,Federal Contract Tower,0,15,21,0,36,0,0,122,0,122,0,15,143,0,158,166,0,166,324
06/17/2023,OWD,MA,ANE,EN,Federal Contract Tower,0,5,21,0,26,0,1,4,0,5,0,6,25,0,31,14,0,14,45
06/18/2023,OWD,MA,ANE,EN,Federal Contract Tower,0,6,32,0,38,0,3,128,0,131,0,9,160,0,169,136,0,136,305
06/19/2023,OWD,MA,ANE,EN,Federal Contract Tower,0,4,21,0,25,0,0,144,0,144,0,4,165,0,169,156,0,156,325
06/20/2023,OWD,MA,ANE,EN,Federal Contract Tower,0,4,13,0,17,0,1,174,0,175,0,5,187,0,192,136,0,136,328
06/22/2023,OWD,MA,ANE,EN,Federal Contract Tower,0,5,30,0,35,0,0,142,0,142,0,5,172,0,177,142,0,142,319
06/23/2023,OWD,MA,ANE,EN,Federal Contract Tower,0,12,28,0,40,0,1,88,0,89,0,13,116,0,129,104,0,104,233
06/24/2023,OWD,MA,ANE,EN,Federal Contract Tower,0,4,24,0,28,0,0,27,0,27,0,4,51,0,55,18,0,18,73
06/25/2023,OWD,MA,ANE,EN,Federal Contract Tower,0,10,37,0,47,0,1,109,0,110,0,11,146,0,157,154,0,154,311
06/26/2023,OWD,MA,ANE,EN,Federal Contract Tower,0,2,18,0,20,0,0,64,0,64,0,2,82,0,84,174,0,174,258
06/27/2023,OWD,MA,ANE,EN,Federal Contract Tower,0,9,17,0,26,0,0,51,0,51,0,9,68,0,77,52,0,52,129
06/28/2023,OWD,MA,ANE,EN,Federal Contract Tower,0,4,11,0,15,0,0,38,0,38,0,4,49,0,53,174,0,174,227
06/29/2023,OWD,MA,ANE,EN,Federal Contract Tower,0,6,27,1,34,0,1,119,0,120,0,7,146,1,154,204,2,206,360
06/30/2023,OWD,MA,ANE,EN,Federal Contract Tower,0,6,37,0,43,0,0,162,0,162,0,6,199,0,205,236,0,236,441
07/01/2023,OWD,MA,ANE,EN,Federal Contract Tower,0,8,23,0,31,0,1,114,0,115,0,9,137,0,146,208,0,208,354
07/02/2023,OWD,MA,ANE,EN,Federal Contract Tower,0,3,16,0,19,0,1,4,0,5,0,4,20,0,24,14,0,14,38
07/03/2023,OWD,MA,ANE,EN,Federal Contract Tower,0,2,7,0,9,0,0,44,0,44,0,2,51,0,53,36,0,36,89
07/04/2023,OWD,MA,ANE,EN,Federal Contract Tower,0,5,9,0,14,0,0,0,0,0,0,5,9,0,14,0,0,0,14
07/05/2023,OWD,MA,ANE,EN,Federal Contract Tower,0,7,19,0,26,0,0,151,0,151,0,7,170,0,177,208,0,208,385
07/06/2023,OWD,MA,ANE,EN,Federal Contract Tower,0,8,18,0,26,0,1,168,0,169,0,9,186,0,195,166,0,166,361
07/07/2023,OWD,MA,ANE,EN,Federal Contract Tower,0,9,26,0,35,0,1,163,0,164,0,10,189,0,199,258,0,258,457
07/08/2023,OWD,MA,ANE,EN,Federal Contract Tower,0,1,27,0,28,0,0,147,0,147,0,1,174,0,175,204,0,204,379
07/09/2023,OWD,MA,ANE,EN,Federal Contract Tower,0,8,27,4,39,0,0,47,0,47,0,8,74,4,86,128,0,128,214
07/10/2023,OWD,MA,ANE,EN,Federal Contract Tower,0,4,9,0,13,0,0,0,0,0,0,4,9,0,13,0,0,0,13
07/11/2023,OWD,MA,ANE,EN,Federal Contract Tower,0,4,17,0,21,0,0,173,0,173,0,4,190,0,194,170,0,170,364
07/12/2023,OWD,MA,ANE,EN,Federal Contract Tower,0,5,17,0,22,0,0,177,0,177,0,5,194,0,199,208,0,208,407
07/13/2023,OWD,MA,ANE,EN,Federal Contract Tower,0,3,19,0,22,0,1,214,0,215,0,4,233,0,237,178,0,178,415
07/14/2023,OWD,MA,ANE,EN,Federal Contract Tower,0,4,10,0,14,0,0,129,0,129,0,4,139,0,143,194,0,194,337
07/15/2023,OWD,MA,ANE,EN,Federal Contract Tower,0,7,25,0,32,0,0,128,0,128,0,7,153,0,160,198,0,198,358
07/16/2023,OWD,MA,ANE,EN,Federal Contract Tower,0,7,14,0,21,0,0,2,0,2,0,7,16,0,23,4,0,4,27
07/17/2023,OWD,MA,ANE,EN,Federal Contract Tower,0,9,23,0,32,0,0,158,4,162,0,9,181,4,194,224,4,228,422
07/18/2023,OWD,MA,ANE,EN,Federal Contract Tower,0,2,21,0,23,0,0,57,0,57,0,2,78,0,80,144,0,144,224
07/19/2023,OWD,MA,ANE,EN,Federal Contract Tower,0,1,18,0,19,0,0,175,0,175,0,1,193,0,194,192,0,192,386
07/20/2023,OWD,MA,ANE,EN,Federal Contract Tower,0,9,9,0,18,0,5,262,0,267,0,14,271,0,285,222,0,222,507
07/21/2023,OWD,MA,ANE,EN,Federal Contract Tower,0,18,21,0,39,0,2,150,0,152,0,20,171,0,191,220,0,220,411
07/22/2023,OWD,MA,ANE,EN,Federal Contract Tower,0,6,18,0,24,0,4,134,0,138,0,10,152,0,162,256,0,256,418
07/23/2023,OWD,MA,ANE,EN,Federal Contract Tower,0,0,7,14,21,0,5,184,0,189,0,5,191,14,210,118,0,118,328
07/24/2023,OWD,MA,ANE,EN,Federal Contract Tower,0,2,6,0,8,0,2,130,0,132,0,4,136,0,140,154,0,154,294
07/25/2023,OWD,MA,ANE,EN,Federal Contract Tower,0,6,10,0,16,0,0,57,0,57,0,6,67,0,73,178,0,178,251
07/26/2023,OWD,MA,ANE,EN,Federal Contract Tower,0,6,18,0,24,0,1,123,0,124,0,7,141,0,148,106,0,106,254
07/27/2023,OWD,MA,ANE,EN,Federal Contract Tower,0,8,13,0,21,0,0,38,0,38,0,8,51,0,59,22,0,22,81
07/28/2023,OWD,MA,ANE,EN,Federal Contract Tower,0,14,9,0,23,1,4,205,0,210,1,18,214,0,233,314,0,314,547
07/29/2023,OWD,MA,ANE,EN,Federal Contract Tower,0,7,6,0,13,0,2,61,0,63,0,9,67,0,76,138,0,138,214
07/30/2023,OWD,MA,ANE,EN,Federal Contract Tower,0,10,25,0,35,0,2,190,0,192,0,12,215,0,227,124,0,124,351
07/31/2023,OWD,MA,ANE,EN,Federal Contract Tower,0,11,12,0,23,0,2,149,0,151,0,13,161,0,174,130,0,130,304
08/01/2023,OWD,MA,ANE,EN,Federal Contract Tower,0,5,9,0,14,0,0,177,1,178,0,5,186,1,192,138,2,140,332
08/02/2023,OWD,MA,ANE,EN,Federal Contract Tower,0,8,15,0,23,0,1,145,0,146,0,9,160,0,169,120,0,120,289
08/03/2023,OWD,MA,ANE,EN,Federal Contract Tower,0,8,10,0,18,0,4,169,0,173,0,12,179,0,191,20,0,20,211
08/04/2023,OWD,MA,ANE,EN,Federal Contract Tower,0,10,18,0,28,0,9,89,0,98,0,19,107,0,126,142,0,142,268
08/05/2023,OWD,MA,ANE,EN,Federal Contract Tower,0,3,16,0,19,0,2,154,0,156,0,5,170,0,175,110,0,110,285
08/06/2023,OWD,MA,ANE,EN,Federal Contract Tower,0,4,15,0,19,0,0,171,0,171,0,4,186,0,190,120,0,120,310
08/07/2023,OWD,MA,ANE,EN,Federal Contract Tower,0,4,18,0,22,0,0,62,0,62,0,4,80,0,84,128,0,128,212
08/08/2023,OWD,MA,ANE,EN,Federal Contract Tower,0,3,23,0,26,0,0,38,0,38,0,3,61,0,64,64,0,64,128
08/09/2023,OWD,MA,ANE,EN,Federal Contract Tower,0,8,0,0,8,0,4,132,0,136,0,12,132,0,144,106,0,106,250
08/10/2023,OWD,MA,ANE,EN,Federal Contract Tower,0,5,20,0,25,0,6,146,0,152,0,11,166,0,177,140,0,140,317
08/11/2023,OWD,MA,ANE,EN,Federal Contract Tower,0,6,12,0,18,0,0,136,0,136,0,6,148,0,154,68,0,68,222
08/12/2023,OWD,MA,ANE,EN,Federal Contract Tower,0,1,13,0,14,0,0,193,0,193,0,1,206,0,207,132,0,132,339
08/13/2023,OWD,MA,ANE,EN,Federal Contract Tower,0,0,23,0,23,0,0,86,0,86,0,0,109,0,109,72,0,72,181
08/14/2023,OWD,MA,ANE,EN,Federal Contract Tower,0,0,0,0,0,0,3,49,0,52,0,3,49,0,52,76,0,76,128
08/15/2023,OWD,MA,ANE,EN,Federal Contract Tower,0,15,32,0,47,0,0,0,0,0,0,15,32,0,47,0,0,0,47
08/16/2023,OWD,MA,ANE,EN,Federal Contract Tower,0,8,30,0,38,0,2,19,0,21,0,10,49,0,59,56,0,56,115
08/17/2023,OWD,MA,ANE,EN,Federal Contract Tower,0,17,35,0,52,0,1,49,0,50,0,18,84,0,102,54,0,54,156
08/18/2023,OWD,MA,ANE,EN,Federal Contract Tower,0,2,33,0,35,0,0,69,0,69,0,2,102,0,104,32,0,32,136
08/19/2023,OWD,MA,ANE,EN,Federal Contract Tower,0,3,21,0,24,0,0,118,0,118,0,3,139,0,142,22,0,22,164
08/20/2023,OWD,MA,ANE,EN,Federal Contract Tower,0,6,24,0,30,0,0,170,0,170,0,6,194,0,200,52,0,52,252
08/21/2023,OWD,MA,ANE,EN,Federal Contract Tower,0,4,17,0,21,0,1,105,0,106,0,5,122,0,127,188,0,188,315
08/22/2023,OWD,MA,ANE,EN,Federal Contract Tower,0,3,12,0,15,0,2,118,2,122,0,5,130,2,137,106,0,106,243
08/23/2023,OWD,MA,ANE,EN,Federal Contract Tower,0,3,23,0,26,0,0,144,0,144,0,3,167,0,170,188,0,188,358
08/24/2023,OWD,MA,ANE,EN,Federal Contract Tower,0,4,16,0,20,0,2,143,0,145,0,6,159,0,165,50,0,50,215
08/25/2023,OWD,MA,ANE,EN,Federal Contract Tower,0,10,11,0,21,0,0,0,0,0,0,10,11,0,21,0,0,0,21
08/26/2023,OWD,MA,ANE,EN,Federal Contract Tower,0,9,19,0,28,0,0,92,0,92,0,9,111,0,120,158,0,158,278
08/27/2023,OWD,MA,ANE,EN,Federal Contract Tower,0,8,27,0,35,0,0,91,0,91,0,8,118,0,126,234,0,234,360
08/29/2023,OWD,MA,ANE,EN,Federal Contract Tower,0,15,30,0,45,0,0,26,0,26,0,15,56,0,71,32,0,32,103
08/30/2023,OWD,MA,ANE,EN,Federal Contract Tower,0,7,14,0,21,0,2,28,0,30,0,9,42,0,51,34,0,34,85
08/31/2023,OWD,MA,ANE,EN,Federal Contract Tower,0,1,22,0,23,0,9,191,0,200,0,10,213,0,223,92,0,92,315
