01/01/2020,OXC,CT,ANE,EN,Federal Contract Tower,0,3,3,0,6,0,0,22,0,22,0,3,25,0,28,30,0,30,58
01/02/2020,OXC,CT,ANE,EN,Federal Contract Tower,0,2,11,0,13,0,0,50,4,54,0,2,61,4,67,42,0,42,109
01/03/2020,OXC,CT,ANE,EN,Federal Contract Tower,0,2,2,0,4,0,2,2,0,4,0,4,4,0,8,0,0,0,8
01/04/2020,OXC,CT,ANE,EN,Federal Contract Tower,0,1,5,0,6,0,0,0,0,0,0,1,5,0,6,0,0,0,6
01/05/2020,OXC,CT,ANE,EN,Federal Contract Tower,0,9,10,0,19,0,2,26,0,28,0,11,36,0,47,20,0,20,67
01/06/2020,OXC,CT,ANE,EN,Federal Contract Tower,0,3,8,0,11,0,1,8,2,11,0,4,16,2,22,4,0,4,26
01/07/2020,OXC,CT,ANE,EN,Federal Contract Tower,0,3,3,0,6,0,0,46,0,46,0,3,49,0,52,58,0,58,110
01/08/2020,OXC,CT,ANE,EN,Federal Contract Tower,0,8,2,0,10,0,0,2,0,2,0,8,4,0,12,0,0,0,12
01/09/2020,OXC,CT,ANE,EN,Federal Contract Tower,0,4,13,0,17,0,2,52,2,56,0,6,65,2,73,48,0,48,121
01/10/2020,OXC,CT,ANE,EN,Federal Contract Tower,0,1,12,0,13,0,1,26,2,29,0,2,38,2,42,14,0,14,56
01/11/2020,OXC,CT,ANE,EN,Federal Contract Tower,0,2,3,0,5,0,0,21,0,21,0,2,24,0,26,20,0,20,46
01/12/2020,OXC,CT,ANE,EN,Federal Contract Tower,0,2,5,2,9,0,0,12,2,14,0,2,17,4,23,6,12,18,41
01/13/2020,OXC,CT,ANE,EN,Federal Contract Tower,0,4,19,0,23,0,0,0,0,0,0,4,19,0,23,0,0,0,23
01/14/2020,OXC,CT,ANE,EN,Federal Contract Tower,0,3,4,0,7,0,0,15,8,23,0,3,19,8,30,32,0,32,62
01/15/2020,OXC,CT,ANE,EN,Federal Contract Tower,0,7,11,0,18,0,3,81,0,84,0,10,92,0,102,52,0,52,154
01/16/2020,OXC,CT,ANE,EN,Federal Contract Tower,0,2,17,0,19,0,4,4,2,10,0,6,21,2,29,0,0,0,29
01/17/2020,OXC,CT,ANE,EN,Federal Contract Tower,0,5,12,0,17,0,16,17,0,33,0,21,29,0,50,18,0,18,68
01/18/2020,OXC,CT,ANE,EN,Federal Contract Tower,0,0,3,0,3,0,3,22,0,25,0,3,25,0,28,24,0,24,52
01/19/2020,OXC,CT,ANE,EN,Federal Contract Tower,0,3,9,0,12,0,1,15,0,16,0,4,24,0,28,2,0,2,30
01/20/2020,OXC,CT,ANE,EN,Federal Contract Tower,0,8,14,0,22,0,2,42,0,44,0,10,56,0,66,38,0,38,104
01/21/2020,OXC,CT,ANE,EN,Federal Contract Tower,0,5,9,0,14,0,1,38,2,41,0,6,47,2,55,22,0,22,77
01/22/2020,OXC,CT,ANE,EN,Federal Contract Tower,0,3,10,0,13,0,7,56,5,68,0,10,66,5,81,50,2,52,133
01/23/2020,OXC,CT,ANE,EN,Federal Contract Tower,0,1,9,0,10,0,4,62,8,74,0,5,71,8,84,100,0,100,184
01/24/2020,OXC,CT,ANE,EN,Federal Contract Tower,0,3,11,0,14,0,4,89,2,95,0,7,100,2,109,84,0,84,193
01/25/2020,OXC,CT,ANE,EN,Federal Contract Tower,0,2,3,0,5,0,0,0,0,0,0,2,3,0,5,0,0,0,5
01/27/2020,OXC,CT,ANE,EN,Federal Contract Tower,0,7,9,0,16,0,10,12,2,24,0,17,21,2,40,56,0,56,96
01/28/2020,OXC,CT,ANE,EN,Federal Contract Tower,0,10,3,0,13,0,7,15,1,23,0,17,18,1,36,6,0,6,42
01/29/2020,OXC,CT,ANE,EN,Federal Contract Tower,0,4,15,1,20,0,9,63,3,75,0,13,78,4,95,76,8,84,179
01/30/2020,OXC,CT,ANE,EN,Federal Contract Tower,0,4,2,0,6,0,4,41,2,47,0,8,43,2,53,34,0,34,87
01/31/2020,OXC,CT,ANE,EN,Federal Contract Tower,0,4,14,0,18,0,5,42,2,49,0,9,56,2,67,44,0,44,111
02/01/2020,OXC,CT,ANE,EN,Federal Contract Tower,0,4,1,0,5,0,0,0,0,0,0,4,1,0,5,0,0,0,5
02/02/2020,OXC,CT,ANE,EN,Federal Contract Tower,0,4,13,0,17,0,2,32,2,36,0,6,45,2,53,28,0,28,81
02/03/2020,OXC,CT,ANE,EN,Federal Contract Tower,0,3,8,0,11,0,7,44,0,51,0,10,52,0,62,42,0,42,104
02/05/2020,OXC,CT,ANE,EN,Federal Contract Tower,0,8,9,1,18,0,12,38,1,51,0,20,47,2,69,56,0,56,125
02/06/2020,OXC,CT,ANE,EN,Federal Contract Tower,0,2,8,0,10,0,0,0,0,0,0,2,8,0,10,0,0,0,10
02/07/2020,OXC,CT,ANE,EN,Federal Contract Tower,0,5,8,0,13,0,2,0,0,2,0,7,8,0,15,0,0,0,15
02/08/2020,OXC,CT,ANE,EN,Federal Contract Tower,0,0,8,0,8,0,1,39,3,43,0,1,47,3,51,18,0,18,69
02/09/2020,OXC,CT,ANE,EN,Federal Contract Tower,0,8,15,0,23,0,0,50,9,59,0,8,65,9,82,72,0,72,154
02/10/2020,OXC,CT,ANE,EN,Federal Contract Tower,0,9,10,0,19,0,1,0,0,1,0,10,10,0,20,2,0,2,22
02/11/2020,OXC,CT,ANE,EN,Federal Contract Tower,0,2,6,0,8,0,0,0,0,0,0,2,6,0,8,0,0,0,8
02/12/2020,OXC,CT,ANE,EN,Federal Contract Tower,0,1,14,0,15,0,7,74,4,85,0,8,88,4,100,70,0,70,170
02/13/2020,OXC,CT,ANE,EN,Federal Contract Tower,0,4,10,0,14,0,0,0,0,0,0,4,10,0,14,0,0,0,14
02/14/2020,OXC,CT,ANE,EN,Federal Contract Tower,0,3,13,0,16,0,6,40,2,48,0,9,53,2,64,44,0,44,108
02/15/2020,OXC,CT,ANE,EN,Federal Contract Tower,0,7,5,0,12,0,2,74,5,81,0,9,79,5,93,96,0,96,189
02/16/2020,OXC,CT,ANE,EN,Federal Contract Tower,0,5,4,0,9,0,2,68,6,76,0,7,72,6,85,52,0,52,137
02/17/2020,OXC,CT,ANE,EN,Federal Contract Tower,0,12,10,0,22,0,8,87,0,95,0,20,97,0,117,38,0,38,155
02/18/2020,OXC,CT,ANE,EN,Federal Contract Tower,0,12,7,0,19,0,0,0,0,0,0,12,7,0,19,2,0,2,21
02/19/2020,OXC,CT,ANE,EN,Federal Contract Tower,0,4,9,0,13,0,2,22,4,28,0,6,31,4,41,4,0,4,45
02/20/2020,OXC,CT,ANE,EN,Federal Contract Tower,0,5,11,0,16,0,0,60,6,66,0,5,71,6,82,48,6,54,136
02/21/2020,OXC,CT,ANE,EN,Federal Contract Tower,0,4,11,0,15,0,7,42,4,53,0,11,53,4,68,38,2,40,108
02/22/2020,OXC,CT,ANE,EN,Federal Contract Tower,0,7,8,0,15,0,1,88,6,95,0,8,96,6,110,94,0,94,204
02/23/2020,OXC,CT,ANE,EN,Federal Contract Tower,0,8,9,0,17,0,1,76,0,77,0,9,85,0,94,86,0,86,180
02/24/2020,OXC,CT,ANE,EN,Federal Contract Tower,0,5,12,0,17,0,3,57,2,62,0,8,69,2,79,48,0,48,127
02/25/2020,OXC,CT,ANE,EN,Federal Contract Tower,0,9,8,0,17,0,3,9,2,14,0,12,17,2,31,12,2,14,45
02/26/2020,OXC,CT,ANE,EN,Federal Contract Tower,0,8,6,2,16,0,0,0,0,0,0,8,6,2,16,0,0,0,16
02/27/2020,OXC,CT,ANE,EN,Federal Contract Tower,0,3,1,0,4,0,1,0,2,3,0,4,1,2,7,0,0,0,7
02/28/2020,OXC,CT,ANE,EN,Federal Contract Tower,0,4,10,0,14,0,13,23,4,40,0,17,33,4,54,18,0,18,72
02/29/2020,OXC,CT,ANE,EN,Federal Contract Tower,0,2,1,0,3,0,1,18,4,23,0,3,19,4,26,6,0,6,32
03/01/2020,OXC,CT,ANE,EN,Federal Contract Tower,0,6,10,0,16,0,2,53,0,55,0,8,63,0,71,30,0,30,101
03/02/2020,OXC,CT,ANE,EN,Federal Contract Tower,0,3,15,0,18,0,1,52,2,55,0,4,67,2,73,66,0,66,139
03/03/2020,OXC,CT,ANE,EN,Federal Contract Tower,0,10,6,0,16,0,2,28,2,32,0,12,34,2,48,32,0,32,80
03/04/2020,OXC,CT,ANE,EN,Federal Contract Tower,0,10,4,0,14,0,5,15,4,24,0,15,19,4,38,18,2,20,58
03/05/2020,OXC,CT,ANE,EN,Federal Contract Tower,0,9,16,0,25,0,1,63,12,76,0,10,79,12,101,156,0,156,257
03/06/2020,OXC,CT,ANE,EN,Federal Contract Tower,0,6,6,0,12,0,6,15,10,31,0,12,21,10,43,6,0,6,49
03/07/2020,OXC,CT,ANE,EN,Federal Contract Tower,0,5,5,0,10,0,9,21,2,32,0,14,26,2,42,14,0,14,56
03/08/2020,OXC,CT,ANE,EN,Federal Contract Tower,0,8,5,0,13,0,2,68,4,74,0,10,73,4,87,80,12,92,179
03/09/2020,OXC,CT,ANE,EN,Federal Contract Tower,0,3,8,0,11,0,1,56,2,59,0,4,64,2,70,38,0,38,108
03/10/2020,OXC,CT,ANE,EN,Federal Contract Tower,0,3,8,0,11,0,1,23,0,24,0,4,31,0,35,20,0,20,55
03/11/2020,OXC,CT,ANE,EN,Federal Contract Tower,0,4,16,0,20,0,0,60,2,62,0,4,76,2,82,66,0,66,148
03/12/2020,OXC,CT,ANE,EN,Federal Contract Tower,0,1,17,2,20,0,1,12,2,15,0,2,29,4,35,4,0,4,39
03/13/2020,OXC,CT,ANE,EN,Federal Contract Tower,0,5,8,0,13,0,1,0,0,1,0,6,8,0,14,0,0,0,14
03/14/2020,OXC,CT,ANE,EN,Federal Contract Tower,0,5,18,0,23,0,2,44,2,48,0,7,62,2,71,20,2,22,93
03/15/2020,OXC,CT,ANE,EN,Federal Contract Tower,0,7,13,0,20,0,2,104,2,108,0,9,117,2,128,84,0,84,212
03/16/2020,OXC,CT,ANE,EN,Federal Contract Tower,0,2,4,0,6,0,3,29,2,34,0,5,33,2,40,28,6,34,74
03/17/2020,OXC,CT,ANE,EN,Federal Contract Tower,0,2,3,0,5,0,0,3,0,3,0,2,6,0,8,0,0,0,8
03/18/2020,OXC,CT,ANE,EN,Federal Contract Tower,0,5,8,1,14,0,2,67,4,73,0,7,75,5,87,132,0,132,219
03/19/2020,OXC,CT,ANE,EN,Federal Contract Tower,0,1,4,2,7,0,0,0,0,0,0,1,4,2,7,0,0,0,7
03/20/2020,OXC,CT,ANE,EN,Federal Contract Tower,0,1,12,0,13,0,1,8,0,9,0,2,20,0,22,20,0,20,42
03/21/2020,OXC,CT,ANE,EN,Federal Contract Tower,0,2,2,0,4,0,2,49,1,52,0,4,51,1,56,68,0,68,124
03/22/2020,OXC,CT,ANE,EN,Federal Contract Tower,0,9,10,0,19,0,1,45,2,48,0,10,55,2,67,86,0,86,153
03/23/2020,OXC,CT,ANE,EN,Federal Contract Tower,0,5,1,0,6,0,0,0,0,0,0,5,1,0,6,0,0,0,6
03/24/2020,OXC,CT,ANE,EN,Federal Contract Tower,0,3,2,0,5,0,1,19,4,24,0,4,21,4,29,16,2,18,47
03/25/2020,OXC,CT,ANE,EN,Federal Contract Tower,0,1,1,0,2,0,0,2,1,3,0,1,3,1,5,0,4,4,9
03/26/2020,OXC,CT,ANE,EN,Federal Contract Tower,0,3,3,0,6,0,3,55,8,66,0,6,58,8,72,56,4,60,132
03/27/2020,OXC,CT,ANE,EN,Federal Contract Tower,0,2,3,0,5,0,3,21,0,24,0,5,24,0,29,44,0,44,73
03/28/2020,OXC,CT,ANE,EN,Federal Contract Tower,0,3,3,0,6,0,0,16,0,16,0,3,19,0,22,6,0,6,28
03/29/2020,OXC,CT,ANE,EN,Federal Contract Tower,0,6,2,0,8,0,0,0,0,0,0,6,2,0,8,0,0,0,8
03/30/2020,OXC,CT,ANE,EN,Federal Contract Tower,0,6,9,0,15,0,0,1,0,1,0,6,10,0,16,0,0,0,16
03/31/2020,OXC,CT,ANE,EN,Federal Contract Tower,0,3,8,0,11,0,0,14,2,16,0,3,22,2,27,30,0,30,57
04/01/2020,OXC,CT,ANE,EN,Federal Contract Tower,0,3,5,1,9,0,1,19,20,40,0,4,24,21,49,36,22,58,107
04/02/2020,OXC,CT,ANE,EN,Federal Contract Tower,0,1,2,0,3,0,0,8,0,8,0,1,10,0,11,6,0,6,17
04/03/2020,OXC,CT,ANE,EN,Federal Contract Tower,0,5,1,0,6,0,0,0,2,2,0,5,1,2,8,6,0,6,14
04/04/2020,OXC,CT,ANE,EN,Federal Contract Tower,0,2,5,0,7,0,0,18,0,18,0,2,23,0,25,68,0,68,93
04/05/2020,OXC,CT,ANE,EN,Federal Contract Tower,0,2,7,0,9,0,3,32,0,35,0,5,39,0,44,114,0,114,158
04/06/2020,OXC,CT,ANE,EN,Federal Contract Tower,0,3,1,0,4,0,0,25,4,29,0,3,26,4,33,20,0,20,53
04/07/2020,OXC,CT,ANE,EN,Federal Contract Tower,0,2,5,0,7,0,0,40,0,40,0,2,45,0,47,81,0,81,128
04/08/2020,OXC,CT,ANE,EN,Federal Contract Tower,0,1,15,0,16,0,0,12,0,12,0,1,27,0,28,46,0,46,74
04/09/2020,OXC,CT,ANE,EN,Federal Contract Tower,0,0,1,0,1,0,0,0,0,0,0,0,1,0,1,0,0,0,1
04/10/2020,OXC,CT,ANE,EN,Federal Contract Tower,0,2,0,0,2,0,0,0,0,0,0,2,0,0,2,0,0,0,2
04/11/2020,OXC,CT,ANE,EN,Federal Contract Tower,0,4,12,0,16,0,0,14,0,14,0,4,26,0,30,12,0,12,42
04/12/2020,OXC,CT,ANE,EN,Federal Contract Tower,0,0,1,0,1,0,1,49,0,50,0,1,50,0,51,78,0,78,129
04/13/2020,OXC,CT,ANE,EN,Federal Contract Tower,0,0,0,0,0,0,0,0,0,0,0,0,0,0,0,0,0,0,0
04/14/2020,OXC,CT,ANE,EN,Federal Contract Tower,0,0,3,0,3,0,0,27,2,29,0,0,30,2,32,4,0,4,36
04/15/2020,OXC,CT,ANE,EN,Federal Contract Tower,0,4,3,0,7,0,0,15,2,17,0,4,18,2,24,14,0,14,38
04/16/2020,OXC,CT,ANE,EN,Federal Contract Tower,0,1,5,0,6,0,0,6,0,6,0,1,11,0,12,2,0,2,14
04/17/2020,OXC,CT,ANE,EN,Federal Contract Tower,0,2,6,0,8,0,1,13,2,16,0,3,19,2,24,0,0,0,24
04/18/2020,OXC,CT,ANE,EN,Federal Contract Tower,0,4,0,0,4,0,0,0,0,0,0,4,0,0,4,6,0,6,10
04/19/2020,OXC,CT,ANE,EN,Federal Contract Tower,0,1,1,0,2,0,1,23,2,26,0,2,24,2,28,24,0,24,52
04/20/2020,OXC,CT,ANE,EN,Federal Contract Tower,0,0,2,0,2,0,6,42,0,48,0,6,44,0,50,24,0,24,74
04/21/2020,OXC,CT,ANE,EN,Federal Contract Tower,0,1,9,0,10,0,0,0,0,0,0,1,9,0,10,0,0,0,10
04/22/2020,OXC,CT,ANE,EN,Federal Contract Tower,0,0,3,0,3,0,3,8,4,15,0,3,11,4,18,10,0,10,28
04/23/2020,OXC,CT,ANE,EN,Federal Contract Tower,0,0,1,0,1,0,0,31,4,35,0,0,32,4,36,32,4,36,72
04/24/2020,OXC,CT,ANE,EN,Federal Contract Tower,0,2,6,0,8,0,0,0,0,0,0,2,6,0,8,0,0,0,8
04/25/2020,OXC,CT,ANE,EN,Federal Contract Tower,0,0,13,0,13,0,3,110,0,113,0,3,123,0,126,100,0,100,226
04/26/2020,OXC,CT,ANE,EN,Federal Contract Tower,0,4,0,0,4,0,0,0,0,0,0,4,0,0,4,0,0,0,4
04/27/2020,OXC,CT,ANE,EN,Federal Contract Tower,0,2,3,0,5,0,0,0,4,4,0,2,3,4,9,0,0,0,9
04/28/2020,OXC,CT,ANE,EN,Federal Contract Tower,0,1,4,0,5,0,0,56,4,60,0,1,60,4,65,34,0,34,99
04/29/2020,OXC,CT,ANE,EN,Federal Contract Tower,0,0,9,0,9,0,1,22,2,25,0,1,31,2,34,26,0,26,60
04/30/2020,OXC,CT,ANE,EN,Federal Contract Tower,0,5,4,0,9,0,0,0,0,0,0,5,4,0,9,0,0,0,9
05/01/2020,OXC,CT,ANE,EN,Federal Contract Tower,0,5,10,0,15,0,2,0,0,2,0,7,10,0,17,0,0,0,17
05/02/2020,OXC,CT,ANE,EN,Federal Contract Tower,0,7,12,0,19,0,8,35,0,43,0,15,47,0,62,24,0,24,86
05/03/2020,OXC,CT,ANE,EN,Federal Contract Tower,0,2,12,0,14,0,0,56,0,56,0,2,68,0,70,40,0,40,110
05/04/2020,OXC,CT,ANE,EN,Federal Contract Tower,0,6,2,0,8,0,6,25,0,31,0,12,27,0,39,8,0,8,47
05/05/2020,OXC,CT,ANE,EN,Federal Contract Tower,0,7,5,0,12,0,0,51,9,60,0,7,56,9,72,52,2,54,126
05/06/2020,OXC,CT,ANE,EN,Federal Contract Tower,0,3,7,0,10,0,2,17,2,21,0,5,24,2,31,32,0,32,63
05/07/2020,OXC,CT,ANE,EN,Federal Contract Tower,0,6,2,0,8,0,2,58,2,62,0,8,60,2,70,48,0,48,118
05/08/2020,OXC,CT,ANE,EN,Federal Contract Tower,0,2,7,0,9,0,2,27,2,31,0,4,34,2,40,28,0,28,68
05/09/2020,OXC,CT,ANE,EN,Federal Contract Tower,0,4,2,0,6,0,1,0,0,1,0,5,2,0,7,0,0,0,7
05/10/2020,OXC,CT,ANE,EN,Federal Contract Tower,0,5,4,0,9,0,0,17,0,17,0,5,21,0,26,6,0,6,32
05/11/2020,OXC,CT,ANE,EN,Federal Contract Tower,0,11,6,0,17,0,0,6,2,8,0,11,12,2,25,18,0,18,43
05/12/2020,OXC,CT,ANE,EN,Federal Contract Tower,0,3,2,0,5,0,4,31,0,35,0,7,33,0,40,22,0,22,62
05/13/2020,OXC,CT,ANE,EN,Federal Contract Tower,0,2,12,0,14,0,3,39,10,52,0,5,51,10,66,42,4,46,112
05/14/2020,OXC,CT,ANE,EN,Federal Contract Tower,0,1,12,0,13,0,23,97,0,120,0,24,109,0,133,32,0,32,165
05/15/2020,OXC,CT,ANE,EN,Federal Contract Tower,0,4,6,0,10,0,6,50,0,56,0,10,56,0,66,40,0,40,106
05/16/2020,OXC,CT,ANE,EN,Federal Contract Tower,0,3,8,0,11,0,2,50,2,54,0,5,58,2,65,16,0,16,81
05/17/2020,OXC,CT,ANE,EN,Federal Contract Tower,0,7,12,0,19,0,2,61,0,63,0,9,73,0,82,92,0,92,174
05/18/2020,OXC,CT,ANE,EN,Federal Contract Tower,0,7,2,0,9,0,0,18,2,20,0,7,20,2,29,24,0,24,53
05/20/2020,OXC,CT,ANE,EN,Federal Contract Tower,0,3,12,0,15,0,3,39,2,44,0,6,51,2,59,22,0,22,81
05/21/2020,OXC,CT,ANE,EN,Federal Contract Tower,0,15,9,0,24,0,9,93,2,104,0,24,102,2,128,38,0,38,166
05/22/2020,OXC,CT,ANE,EN,Federal Contract Tower,0,14,7,0,21,0,5,21,0,26,0,19,28,0,47,26,0,26,73
05/23/2020,OXC,CT,ANE,EN,Federal Contract Tower,0,3,4,0,7,0,0,0,0,0,0,3,4,0,7,0,0,0,7
05/24/2020,OXC,CT,ANE,EN,Federal Contract Tower,0,0,4,0,4,0,0,56,4,60,0,0,60,4,64,32,0,32,96
05/25/2020,OXC,CT,ANE,EN,Federal Contract Tower,0,7,10,0,17,0,0,5,0,5,0,7,15,0,22,16,0,16,38
05/26/2020,OXC,CT,ANE,EN,Federal Contract Tower,0,10,13,2,25,0,1,21,2,24,0,11,34,4,49,26,0,26,75
05/27/2020,OXC,CT,ANE,EN,Federal Contract Tower,0,3,7,0,10,0,1,40,8,49,0,4,47,8,59,92,0,92,151
05/28/2020,OXC,CT,ANE,EN,Federal Contract Tower,0,11,1,0,12,0,0,0,0,0,0,11,1,0,12,8,0,8,20
05/29/2020,OXC,CT,ANE,EN,Federal Contract Tower,0,12,10,0,22,0,0,2,0,2,0,12,12,0,24,0,0,0,24
05/30/2020,OXC,CT,ANE,EN,Federal Contract Tower,0,1,12,0,13,0,4,53,0,57,0,5,65,0,70,70,0,70,140
05/31/2020,OXC,CT,ANE,EN,Federal Contract Tower,0,0,7,0,7,0,8,39,0,47,0,8,46,0,54,44,0,44,98
06/01/2020,OXC,CT,ANE,EN,Federal Contract Tower,0,2,3,0,5,0,1,53,2,56,0,3,56,2,61,34,0,34,95
06/02/2020,OXC,CT,ANE,EN,Federal Contract Tower,0,2,11,0,13,0,0,71,0,71,0,2,82,0,84,44,0,44,128
06/03/2020,OXC,CT,ANE,EN,Federal Contract Tower,0,4,2,0,6,0,0,20,0,20,0,4,22,0,26,38,0,38,64
06/04/2020,OXC,CT,ANE,EN,Federal Contract Tower,0,4,14,0,18,0,5,59,3,67,0,9,73,3,85,104,2,106,191
06/05/2020,OXC,CT,ANE,EN,Federal Contract Tower,0,11,13,0,24,0,0,3,0,3,0,11,16,0,27,0,0,0,27
06/06/2020,OXC,CT,ANE,EN,Federal Contract Tower,0,2,15,0,17,0,1,27,2,30,0,3,42,2,47,24,0,24,71
06/07/2020,OXC,CT,ANE,EN,Federal Contract Tower,0,6,6,0,12,0,3,59,4,66,0,9,65,4,78,56,2,58,136
06/08/2020,OXC,CT,ANE,EN,Federal Contract Tower,0,2,5,0,7,0,3,45,4,52,0,5,50,4,59,54,0,54,113
06/09/2020,OXC,CT,ANE,EN,Federal Contract Tower,0,6,7,0,13,0,2,73,2,77,0,8,80,2,90,80,0,80,170
06/10/2020,OXC,CT,ANE,EN,Federal Contract Tower,0,7,3,1,11,0,6,36,5,47,0,13,39,6,58,14,0,14,72
06/11/2020,OXC,CT,ANE,EN,Federal Contract Tower,0,8,8,2,18,0,0,0,0,0,0,8,8,2,18,0,0,0,18
06/12/2020,OXC,CT,ANE,EN,Federal Contract Tower,0,9,14,0,23,0,4,76,8,88,0,13,90,8,111,30,0,30,141
06/13/2020,OXC,CT,ANE,EN,Federal Contract Tower,0,2,7,0,9,0,2,56,0,58,0,4,63,0,67,72,0,72,139
06/14/2020,OXC,CT,ANE,EN,Federal Contract Tower,0,12,10,0,22,0,3,59,2,64,0,15,69,2,86,62,0,62,148
06/15/2020,OXC,CT,ANE,EN,Federal Contract Tower,0,9,7,0,16,0,3,59,2,64,0,12,66,2,80,28,2,30,110
06/16/2020,OXC,CT,ANE,EN,Federal Contract Tower,0,6,5,0,11,0,7,55,6,68,0,13,60,6,79,46,4,50,129
06/17/2020,OXC,CT,ANE,EN,Federal Contract Tower,0,7,10,0,17,0,8,81,6,95,0,15,91,6,112,58,2,60,172
06/18/2020,OXC,CT,ANE,EN,Federal Contract Tower,0,14,13,0,27,0,5,13,4,22,0,19,26,4,49,2,0,2,51
06/19/2020,OXC,CT,ANE,EN,Federal Contract Tower,0,6,9,0,15,0,5,54,6,65,0,11,63,6,80,36,0,36,116
06/20/2020,OXC,CT,ANE,EN,Federal Contract Tower,0,2,9,0,11,0,6,57,0,63,0,8,66,0,74,28,0,28,102
06/21/2020,OXC,CT,ANE,EN,Federal Contract Tower,0,5,11,0,16,0,5,52,0,57,0,10,63,0,73,14,0,14,87
06/22/2020,OXC,CT,ANE,EN,Federal Contract Tower,0,4,9,0,13,0,1,56,2,59,0,5,65,2,72,24,0,24,96
06/23/2020,OXC,CT,ANE,EN,Federal Contract Tower,0,4,5,0,9,0,2,56,0,58,0,6,61,0,67,98,0,98,165
06/24/2020,OXC,CT,ANE,EN,Federal Contract Tower,0,11,7,0,18,0,1,20,0,21,0,12,27,0,39,26,0,26,65
06/25/2020,OXC,CT,ANE,EN,Federal Contract Tower,0,9,9,0,18,0,6,64,6,76,0,15,73,6,94,64,0,64,158
06/26/2020,OXC,CT,ANE,EN,Federal Contract Tower,0,5,11,0,16,0,2,106,2,110,0,7,117,2,126,38,0,38,164
06/27/2020,OXC,CT,ANE,EN,Federal Contract Tower,0,7,9,0,16,0,3,21,2,26,0,10,30,2,42,12,0,12,54
06/28/2020,OXC,CT,ANE,EN,Federal Contract Tower,0,6,9,0,15,0,5,22,4,31,0,11,31,4,46,26,0,26,72
06/29/2020,OXC,CT,ANE,EN,Federal Contract Tower,0,5,8,0,13,0,7,13,2,22,0,12,21,2,35,16,0,16,51
06/30/2020,OXC,CT,ANE,EN,Federal Contract Tower,0,7,19,0,26,0,0,12,0,12,0,7,31,0,38,30,0,30,68
07/01/2020,OXC,CT,ANE,EN,Federal Contract Tower,0,7,9,0,16,0,3,3,4,10,0,10,12,4,26,8,0,8,34
07/02/2020,OXC,CT,ANE,EN,Federal Contract Tower,0,3,16,0,19,0,7,73,0,80,0,10,89,0,99,62,0,62,161
07/03/2020,OXC,CT,ANE,EN,Federal Contract Tower,0,1,4,0,5,0,5,28,2,35,0,6,32,2,40,34,0,34,74
07/04/2020,OXC,CT,ANE,EN,Federal Contract Tower,0,2,11,0,13,0,4,42,0,46,0,6,53,0,59,48,0,48,107
07/05/2020,OXC,CT,ANE,EN,Federal Contract Tower,0,10,14,1,25,0,2,44,1,47,0,12,58,2,72,18,0,18,90
07/06/2020,OXC,CT,ANE,EN,Federal Contract Tower,0,4,11,0,15,0,4,35,5,44,0,8,46,5,59,28,0,28,87
07/07/2020,OXC,CT,ANE,EN,Federal Contract Tower,0,15,27,0,42,0,0,2,0,2,0,15,29,0,44,0,0,0,44
07/08/2020,OXC,CT,ANE,EN,Federal Contract Tower,0,6,7,0,13,0,2,1,0,3,0,8,8,0,16,0,0,0,16
07/09/2020,OXC,CT,ANE,EN,Federal Contract Tower,0,11,14,0,25,0,4,47,2,53,0,15,61,2,78,128,0,128,206
07/10/2020,OXC,CT,ANE,EN,Federal Contract Tower,0,7,9,0,16,0,0,0,0,0,0,7,9,0,16,0,0,0,16
07/11/2020,OXC,CT,ANE,EN,Federal Contract Tower,0,4,10,0,14,0,1,12,0,13,0,5,22,0,27,16,0,16,43
07/12/2020,OXC,CT,ANE,EN,Federal Contract Tower,0,4,4,0,8,0,5,83,0,88,0,9,87,0,96,38,0,38,134
07/13/2020,OXC,CT,ANE,EN,Federal Contract Tower,0,4,9,0,13,0,4,34,2,40,0,8,43,2,53,32,0,32,85
07/14/2020,OXC,CT,ANE,EN,Federal Contract Tower,0,6,4,0,10,0,16,61,0,77,0,22,65,0,87,88,0,88,175
07/15/2020,OXC,CT,ANE,EN,Federal Contract Tower,0,9,17,2,28,0,8,39,0,47,0,17,56,2,75,66,0,66,141
07/16/2020,OXC,CT,ANE,EN,Federal Contract Tower,0,5,8,0,13,0,3,80,2,85,0,8,88,2,98,104,0,104,202
07/17/2020,OXC,CT,ANE,EN,Federal Contract Tower,0,20,30,0,50,0,0,3,0,3,0,20,33,0,53,0,0,0,53
07/18/2020,OXC,CT,ANE,EN,Federal Contract Tower,0,6,9,0,15,0,3,76,4,83,0,9,85,4,98,40,0,40,138
07/19/2020,OXC,CT,ANE,EN,Federal Contract Tower,0,7,15,0,22,0,3,48,4,55,0,10,63,4,77,26,0,26,103
07/20/2020,OXC,CT,ANE,EN,Federal Contract Tower,0,3,15,0,18,0,6,54,2,62,0,9,69,2,80,46,0,46,126
07/21/2020,OXC,CT,ANE,EN,Federal Contract Tower,0,5,11,0,16,0,14,80,2,96,0,19,91,2,112,92,0,92,204
07/22/2020,OXC,CT,ANE,EN,Federal Contract Tower,0,12,5,0,17,0,5,30,0,35,0,17,35,0,52,40,0,40,92
07/23/2020,OXC,CT,ANE,EN,Federal Contract Tower,0,6,15,0,21,0,3,20,4,27,0,9,35,4,48,12,4,16,64
07/24/2020,OXC,CT,ANE,EN,Federal Contract Tower,0,6,10,0,16,0,3,56,4,63,0,9,66,4,79,66,0,66,145
07/25/2020,OXC,CT,ANE,EN,Federal Contract Tower,0,5,12,0,17,0,1,74,2,77,0,6,86,2,94,52,0,52,146
07/26/2020,OXC,CT,ANE,EN,Federal Contract Tower,0,3,11,0,14,0,4,67,10,81,0,7,78,10,95,52,0,52,147
07/27/2020,OXC,CT,ANE,EN,Federal Contract Tower,0,1,6,0,7,0,7,66,4,77,0,8,72,4,84,52,0,52,136
07/28/2020,OXC,CT,ANE,EN,Federal Contract Tower,0,1,5,0,6,0,20,33,6,59,0,21,38,6,65,60,4,64,129
07/29/2020,OXC,CT,ANE,EN,Federal Contract Tower,0,4,6,0,10,0,9,60,2,71,0,13,66,2,81,120,0,120,201
07/30/2020,OXC,CT,ANE,EN,Federal Contract Tower,0,8,13,0,21,0,10,60,3,73,0,18,73,3,94,50,0,50,144
07/31/2020,OXC,CT,ANE,EN,Federal Contract Tower,0,6,13,0,19,0,3,52,0,55,0,9,65,0,74,18,0,18,92
08/01/2020,OXC,CT,ANE,EN,Federal Contract Tower,0,7,2,0,9,0,13,89,0,102,0,20,91,0,111,60,0,60,171
08/02/2020,OXC,CT,ANE,EN,Federal Contract Tower,0,12,16,0,28,0,0,4,0,4,0,12,20,0,32,0,0,0,32
08/03/2020,OXC,CT,ANE,EN,Federal Contract Tower,0,6,6,0,12,0,5,38,2,45,0,11,44,2,57,76,0,76,133
08/04/2020,OXC,CT,ANE,EN,Federal Contract Tower,0,1,4,0,5,0,0,0,0,0,0,1,4,0,5,0,0,0,5
08/05/2020,OXC,CT,ANE,EN,Federal Contract Tower,0,6,15,0,21,0,22,24,0,46,0,28,39,0,67,22,0,22,89
08/06/2020,OXC,CT,ANE,EN,Federal Contract Tower,0,5,9,0,14,0,7,76,5,88,0,12,85,5,102,66,0,66,168
08/07/2020,OXC,CT,ANE,EN,Federal Contract Tower,0,5,7,0,12,0,10,26,0,36,0,15,33,0,48,38,0,38,86
08/08/2020,OXC,CT,ANE,EN,Federal Contract Tower,0,6,10,0,16,0,1,46,2,49,0,7,56,2,65,46,0,46,111
08/09/2020,OXC,CT,ANE,EN,Federal Contract Tower,0,6,12,0,18,0,0,34,2,36,0,6,46,2,54,18,0,18,72
08/10/2020,OXC,CT,ANE,EN,Federal Contract Tower,0,7,9,0,16,0,5,51,2,58,0,12,60,2,74,42,0,42,116
08/11/2020,OXC,CT,ANE,EN,Federal Contract Tower,0,10,18,0,28,0,14,75,2,91,0,24,93,2,119,50,0,50,169
08/12/2020,OXC,CT,ANE,EN,Federal Contract Tower,0,7,9,3,19,0,12,41,2,55,0,19,50,5,74,40,0,40,114
08/13/2020,OXC,CT,ANE,EN,Federal Contract Tower,0,10,5,0,15,0,16,48,0,64,0,26,53,0,79,52,0,52,131
08/14/2020,OXC,CT,ANE,EN,Federal Contract Tower,0,1,6,0,7,0,7,70,4,81,0,8,76,4,88,72,0,72,160
08/15/2020,OXC,CT,ANE,EN,Federal Contract Tower,0,7,13,0,20,0,4,60,2,66,0,11,73,2,86,36,0,36,122
08/16/2020,OXC,CT,ANE,EN,Federal Contract Tower,0,12,26,2,40,0,0,0,0,0,0,12,26,2,40,0,0,0,40
08/17/2020,OXC,CT,ANE,EN,Federal Contract Tower,0,8,9,0,17,0,5,53,2,60,0,13,62,2,77,36,0,36,113
08/18/2020,OXC,CT,ANE,EN,Federal Contract Tower,0,7,11,0,18,0,16,73,4,93,0,23,84,4,111,48,0,48,159
08/19/2020,OXC,CT,ANE,EN,Federal Contract Tower,0,4,11,0,15,0,16,66,4,86,0,20,77,4,101,52,0,52,153
08/20/2020,OXC,CT,ANE,EN,Federal Contract Tower,0,11,15,0,26,0,4,94,4,102,0,15,109,4,128,88,0,88,216
08/21/2020,OXC,CT,ANE,EN,Federal Contract Tower,0,5,8,0,13,0,7,68,4,79,0,12,76,4,92,4,22,26,118
08/22/2020,OXC,CT,ANE,EN,Federal Contract Tower,0,3,6,0,9,0,7,74,4,85,0,10,80,4,94,38,4,42,136
08/23/2020,OXC,CT,ANE,EN,Federal Contract Tower,0,4,12,0,16,0,6,79,2,87,0,10,91,2,103,74,0,74,177
08/24/2020,OXC,CT,ANE,EN,Federal Contract Tower,0,1,9,0,10,0,3,22,0,25,0,4,31,0,35,14,0,14,49
08/25/2020,OXC,CT,ANE,EN,Federal Contract Tower,0,9,8,0,17,0,10,47,3,60,0,19,55,3,77,32,0,32,109
08/26/2020,OXC,CT,ANE,EN,Federal Contract Tower,0,3,6,0,9,0,5,49,10,64,0,8,55,10,73,52,0,52,125
08/27/2020,OXC,CT,ANE,EN,Federal Contract Tower,0,3,13,0,16,0,7,11,4,22,0,10,24,4,38,8,0,8,46
08/28/2020,OXC,CT,ANE,EN,Federal Contract Tower,0,4,14,0,18,0,3,58,10,71,0,7,72,10,89,42,0,42,131
08/29/2020,OXC,CT,ANE,EN,Federal Contract Tower,0,5,13,0,18,0,0,2,0,2,0,5,15,0,20,0,0,0,20
08/30/2020,OXC,CT,ANE,EN,Federal Contract Tower,0,4,15,0,19,0,7,52,0,59,0,11,67,0,78,42,0,42,120
08/31/2020,OXC,CT,ANE,EN,Federal Contract Tower,0,4,12,0,16,0,6,65,8,79,0,10,77,8,95,22,0,22,117
09/01/2020,OXC,CT,ANE,EN,Federal Contract Tower,0,12,17,0,29,0,4,35,8,47,0,16,52,8,76,24,2,26,102
09/02/2020,OXC,CT,ANE,EN,Federal Contract Tower,0,13,13,0,26,0,0,0,0,0,0,13,13,0,26,12,0,12,38
09/03/2020,OXC,CT,ANE,EN,Federal Contract Tower,0,6,7,0,13,0,2,34,2,38,0,8,41,2,51,18,0,18,69
09/04/2020,OXC,CT,ANE,EN,Federal Contract Tower,0,10,14,0,24,0,8,70,8,86,0,18,84,8,110,44,0,44,154
09/05/2020,OXC,CT,ANE,EN,Federal Contract Tower,0,1,9,0,10,0,6,66,3,75,0,7,75,3,85,58,0,58,143
09/06/2020,OXC,CT,ANE,EN,Federal Contract Tower,0,4,6,0,10,0,3,66,3,72,0,7,72,3,82,36,0,36,118
09/07/2020,OXC,CT,ANE,EN,Federal Contract Tower,0,5,17,0,22,0,5,62,8,75,0,10,79,8,97,30,4,34,131
09/08/2020,OXC,CT,ANE,EN,Federal Contract Tower,0,5,9,0,14,0,8,45,8,61,0,13,54,8,75,24,0,24,99
09/09/2020,OXC,CT,ANE,EN,Federal Contract Tower,0,5,11,0,16,0,8,51,4,63,0,13,62,4,79,46,0,46,125
09/10/2020,OXC,CT,ANE,EN,Federal Contract Tower,0,9,11,0,20,0,1,1,0,2,0,10,12,0,22,0,0,0,22
09/11/2020,OXC,CT,ANE,EN,Federal Contract Tower,0,10,16,0,26,0,8,66,4,78,0,18,82,4,104,54,0,54,158
09/12/2020,OXC,CT,ANE,EN,Federal Contract Tower,0,1,7,0,8,0,5,89,2,96,0,6,96,2,104,74,0,74,178
09/13/2020,OXC,CT,ANE,EN,Federal Contract Tower,0,9,21,0,30,0,2,30,0,32,0,11,51,0,62,22,0,22,84
09/14/2020,OXC,CT,ANE,EN,Federal Contract Tower,0,9,23,0,32,0,5,45,0,50,0,14,68,0,82,48,0,48,130
09/15/2020,OXC,CT,ANE,EN,Federal Contract Tower,0,4,15,0,19,0,0,69,2,71,0,4,84,2,90,62,0,62,152
09/16/2020,OXC,CT,ANE,EN,Federal Contract Tower,0,9,8,0,17,0,4,55,8,67,0,13,63,8,84,62,0,62,146
09/17/2020,OXC,CT,ANE,EN,Federal Contract Tower,0,6,15,0,21,0,5,59,6,70,0,11,74,6,91,76,8,84,175
09/18/2020,OXC,CT,ANE,EN,Federal Contract Tower,0,9,13,0,22,0,1,32,0,33,0,10,45,0,55,20,0,20,75
09/19/2020,OXC,CT,ANE,EN,Federal Contract Tower,0,4,6,0,10,0,5,65,2,72,0,9,71,2,82,72,0,72,154
09/20/2020,OXC,CT,ANE,EN,Federal Contract Tower,0,6,5,0,11,0,5,53,2,60,0,11,58,2,71,6,0,6,77
09/21/2020,OXC,CT,ANE,EN,Federal Contract Tower,0,6,6,0,12,0,2,49,6,57,0,8,55,6,69,38,0,38,107
09/22/2020,OXC,CT,ANE,EN,Federal Contract Tower,0,8,8,0,16,0,8,41,2,51,0,16,49,2,67,28,6,34,101
09/23/2020,OXC,CT,ANE,EN,Federal Contract Tower,0,6,16,0,22,0,16,31,4,51,0,22,47,4,73,14,0,14,87
09/24/2020,OXC,CT,ANE,EN,Federal Contract Tower,0,5,6,1,12,0,8,87,5,100,0,13,93,6,112,94,0,94,206
09/25/2020,OXC,CT,ANE,EN,Federal Contract Tower,0,6,7,0,13,0,7,86,2,95,0,13,93,2,108,70,0,70,178
09/26/2020,OXC,CT,ANE,EN,Federal Contract Tower,0,7,16,0,23,0,2,28,2,32,0,9,44,2,55,52,0,52,107
09/27/2020,OXC,CT,ANE,EN,Federal Contract Tower,0,16,22,0,38,0,0,10,0,10,0,16,32,0,48,40,0,40,88
09/28/2020,OXC,CT,ANE,EN,Federal Contract Tower,0,4,21,0,25,0,9,15,2,26,0,13,36,2,51,26,0,26,77
09/29/2020,OXC,CT,ANE,EN,Federal Contract Tower,0,10,8,0,18,0,0,0,0,0,0,10,8,0,18,0,0,0,18
09/30/2020,OXC,CT,ANE,EN,Federal Contract Tower,0,9,9,0,18,0,8,17,2,27,0,17,26,2,45,18,0,18,63
10/01/2020,OXC,CT,ANE,EN,Federal Contract Tower,0,13,8,0,21,0,8,58,6,72,0,21,66,6,93,64,0,64,157
10/02/2020,OXC,CT,ANE,EN,Federal Contract Tower,0,5,13,0,18,0,6,41,4,51,0,11,54,4,69,24,0,24,93
10/03/2020,OXC,CT,ANE,EN,Federal Contract Tower,0,3,6,0,9,0,7,79,0,86,0,10,85,0,95,78,0,78,173
10/04/2020,OXC,CT,ANE,EN,Federal Contract Tower,0,4,13,0,17,0,4,67,0,71,0,8,80,0,88,76,0,76,164
10/05/2020,OXC,CT,ANE,EN,Federal Contract Tower,0,6,4,0,10,0,8,22,0,30,0,14,26,0,40,24,0,24,64
10/06/2020,OXC,CT,ANE,EN,Federal Contract Tower,0,6,10,0,16,0,3,33,0,36,0,9,43,0,52,22,0,22,74
10/07/2020,OXC,CT,ANE,EN,Federal Contract Tower,0,4,6,0,10,0,1,26,2,29,0,5,32,2,39,28,0,28,67
10/08/2020,OXC,CT,ANE,EN,Federal Contract Tower,0,4,6,0,10,0,8,17,2,27,0,12,23,2,37,6,0,6,43
10/09/2020,OXC,CT,ANE,EN,Federal Contract Tower,0,8,10,0,18,0,12,77,4,93,0,20,87,4,111,84,0,84,195
10/10/2020,OXC,CT,ANE,EN,Federal Contract Tower,0,7,6,0,13,0,1,49,0,50,0,8,55,0,63,28,0,28,91
10/11/2020,OXC,CT,ANE,EN,Federal Contract Tower,0,7,15,0,22,0,2,80,0,82,0,9,95,0,104,56,0,56,160
10/12/2020,OXC,CT,ANE,EN,Federal Contract Tower,0,12,16,0,28,0,0,1,0,1,0,12,17,0,29,0,0,0,29
10/13/2020,OXC,CT,ANE,EN,Federal Contract Tower,0,7,13,0,20,0,0,0,0,0,0,7,13,0,20,0,0,0,20
10/14/2020,OXC,CT,ANE,EN,Federal Contract Tower,0,13,7,0,20,0,5,61,4,70,0,18,68,4,90,82,6,88,178
10/15/2020,OXC,CT,ANE,EN,Federal Contract Tower,0,9,11,0,20,0,11,44,11,66,0,20,55,11,86,14,2,16,102
10/16/2020,OXC,CT,ANE,EN,Federal Contract Tower,0,9,8,0,17,0,0,0,0,0,0,9,8,0,17,0,0,0,17
10/17/2020,OXC,CT,ANE,EN,Federal Contract Tower,0,5,8,0,13,0,17,45,0,62,0,22,53,0,75,26,0,26,101
10/18/2020,OXC,CT,ANE,EN,Federal Contract Tower,0,8,15,0,23,0,5,121,2,128,0,13,136,2,151,46,0,46,197
10/19/2020,OXC,CT,ANE,EN,Federal Contract Tower,0,6,8,0,14,0,7,30,0,37,0,13,38,0,51,18,0,18,69
10/20/2020,OXC,CT,ANE,EN,Federal Contract Tower,0,6,18,0,24,0,1,1,0,2,0,7,19,0,26,0,0,0,26
10/21/2020,OXC,CT,ANE,EN,Federal Contract Tower,0,12,21,0,33,0,0,2,0,2,0,12,23,0,35,0,0,0,35
10/22/2020,OXC,CT,ANE,EN,Federal Contract Tower,0,12,12,1,25,0,4,36,8,48,0,16,48,9,73,22,4,26,99
10/23/2020,OXC,CT,ANE,EN,Federal Contract Tower,0,20,12,0,32,0,0,0,0,0,0,20,12,0,32,0,0,0,32
10/24/2020,OXC,CT,ANE,EN,Federal Contract Tower,0,2,23,0,25,0,0,9,0,9,0,2,32,0,34,20,0,20,54
10/25/2020,OXC,CT,ANE,EN,Federal Contract Tower,0,4,17,0,21,0,4,92,8,104,0,8,109,8,125,110,0,110,235
10/26/2020,OXC,CT,ANE,EN,Federal Contract Tower,0,6,12,0,18,0,0,0,0,0,0,6,12,0,18,0,0,0,18
10/27/2020,OXC,CT,ANE,EN,Federal Contract Tower,0,3,6,0,9,0,12,37,10,59,0,15,43,10,68,76,0,76,144
10/28/2020,OXC,CT,ANE,EN,Federal Contract Tower,0,1,9,2,12,0,1,3,3,7,0,2,12,5,19,0,0,0,19
10/29/2020,OXC,CT,ANE,EN,Federal Contract Tower,0,5,2,0,7,0,0,2,0,2,0,5,4,0,9,0,0,0,9
10/30/2020,OXC,CT,ANE,EN,Federal Contract Tower,0,5,6,0,11,0,0,2,0,2,0,5,8,0,13,0,0,0,13
10/31/2020,OXC,CT,ANE,EN,Federal Contract Tower,0,5,12,0,17,0,1,73,2,76,0,6,85,2,93,44,0,44,137
11/01/2020,OXC,CT,ANE,EN,Federal Contract Tower,0,9,12,0,21,0,1,30,0,31,0,10,42,0,52,62,0,62,114
11/02/2020,OXC,CT,ANE,EN,Federal Contract Tower,0,3,5,0,8,0,1,2,0,3,0,4,7,0,11,0,0,0,11
11/03/2020,OXC,CT,ANE,EN,Federal Contract Tower,0,4,8,0,12,0,2,31,12,45,0,6,39,12,57,14,0,14,71
11/04/2020,OXC,CT,ANE,EN,Federal Contract Tower,0,7,9,0,16,0,3,53,7,63,0,10,62,7,79,36,4,40,119
11/05/2020,OXC,CT,ANE,EN,Federal Contract Tower,0,12,5,2,19,0,1,58,19,78,0,13,63,21,97,56,0,56,153
11/06/2020,OXC,CT,ANE,EN,Federal Contract Tower,0,17,8,0,25,0,3,86,3,92,0,20,94,3,117,62,0,62,179
11/07/2020,OXC,CT,ANE,EN,Federal Contract Tower,0,4,6,0,10,0,2,124,0,126,0,6,130,0,136,86,0,86,222
11/08/2020,OXC,CT,ANE,EN,Federal Contract Tower,0,4,10,0,14,0,6,87,5,98,0,10,97,5,112,52,6,58,170
11/09/2020,OXC,CT,ANE,EN,Federal Contract Tower,0,4,4,1,9,0,4,70,3,77,0,8,74,4,86,44,4,48,134
11/10/2020,OXC,CT,ANE,EN,Federal Contract Tower,0,2,9,0,11,0,7,43,6,56,0,9,52,6,67,95,0,95,162
11/11/2020,OXC,CT,ANE,EN,Federal Contract Tower,0,5,12,0,17,0,0,0,0,0,0,5,12,0,17,0,0,0,17
11/12/2020,OXC,CT,ANE,EN,Federal Contract Tower,0,3,9,0,12,0,9,7,4,20,0,12,16,4,32,22,0,22,54
11/13/2020,OXC,CT,ANE,EN,Federal Contract Tower,0,10,13,0,23,0,0,0,0,0,0,10,13,0,23,0,0,0,23
11/14/2020,OXC,CT,ANE,EN,Federal Contract Tower,0,5,6,0,11,0,3,62,4,69,0,8,68,4,80,46,0,46,126
11/15/2020,OXC,CT,ANE,EN,Federal Contract Tower,0,4,9,0,13,0,0,31,2,33,0,4,40,2,46,6,0,6,52
11/16/2020,OXC,CT,ANE,EN,Federal Contract Tower,0,4,5,0,9,0,14,19,0,33,0,18,24,0,42,66,0,66,108
11/17/2020,OXC,CT,ANE,EN,Federal Contract Tower,0,2,7,0,9,0,0,18,0,18,0,2,25,0,27,10,0,10,37
11/18/2020,OXC,CT,ANE,EN,Federal Contract Tower,0,10,9,0,19,0,3,36,6,45,0,13,45,6,64,22,0,22,86
11/19/2020,OXC,CT,ANE,EN,Federal Contract Tower,0,5,12,0,17,0,16,47,0,63,0,21,59,0,80,100,0,100,180
11/20/2020,OXC,CT,ANE,EN,Federal Contract Tower,0,5,2,0,7,0,8,63,0,71,0,13,65,0,78,96,0,96,174
11/21/2020,OXC,CT,ANE,EN,Federal Contract Tower,0,9,13,0,22,0,5,90,0,95,0,14,103,0,117,128,0,128,245
11/22/2020,OXC,CT,ANE,EN,Federal Contract Tower,0,9,19,0,28,0,1,22,4,27,0,10,41,4,55,46,0,46,101
11/23/2020,OXC,CT,ANE,EN,Federal Contract Tower,0,3,4,0,7,0,1,7,0,8,0,4,11,0,15,6,0,6,21
11/24/2020,OXC,CT,ANE,EN,Federal Contract Tower,0,6,14,0,20,0,8,38,2,48,0,14,52,2,68,20,26,46,114
11/25/2020,OXC,CT,ANE,EN,Federal Contract Tower,0,15,9,0,24,0,4,33,0,37,0,19,42,0,61,102,0,102,163
11/26/2020,OXC,CT,ANE,EN,Federal Contract Tower,0,0,1,0,1,0,0,1,0,1,0,0,2,0,2,0,0,0,2
11/27/2020,OXC,CT,ANE,EN,Federal Contract Tower,0,1,7,0,8,0,1,65,2,68,0,2,72,2,76,138,0,138,214
11/28/2020,OXC,CT,ANE,EN,Federal Contract Tower,0,12,7,2,21,0,1,59,0,60,0,13,66,2,81,60,0,60,141
11/29/2020,OXC,CT,ANE,EN,Federal Contract Tower,0,7,17,0,24,0,5,82,2,89,0,12,99,2,113,70,0,70,183
11/30/2020,OXC,CT,ANE,EN,Federal Contract Tower,0,1,3,0,4,0,2,0,0,2,0,3,3,0,6,0,0,0,6
12/01/2020,OXC,CT,ANE,EN,Federal Contract Tower,0,8,8,0,16,0,2,1,0,3,0,10,9,0,19,0,0,0,19
12/02/2020,OXC,CT,ANE,EN,Federal Contract Tower,0,9,3,0,12,0,1,30,4,35,0,10,33,4,47,36,0,36,83
12/03/2020,OXC,CT,ANE,EN,Federal Contract Tower,0,7,13,0,20,0,9,64,10,83,0,16,77,10,103,114,4,118,221
12/04/2020,OXC,CT,ANE,EN,Federal Contract Tower,0,2,2,0,4,0,3,39,6,48,0,5,41,6,52,34,0,34,86
12/05/2020,OXC,CT,ANE,EN,Federal Contract Tower,0,4,4,0,8,0,0,0,0,0,0,4,4,0,8,0,0,0,8
12/06/2020,OXC,CT,ANE,EN,Federal Contract Tower,0,2,15,0,17,0,7,21,0,28,0,9,36,0,45,36,0,36,81
12/07/2020,OXC,CT,ANE,EN,Federal Contract Tower,0,10,8,0,18,0,3,60,0,63,0,13,68,0,81,66,0,66,147
12/08/2020,OXC,CT,ANE,EN,Federal Contract Tower,0,6,4,0,10,0,9,21,0,30,0,15,25,0,40,8,0,8,48
12/09/2020,OXC,CT,ANE,EN,Federal Contract Tower,0,5,7,0,12,0,1,5,2,8,0,6,12,2,20,16,0,16,36
12/10/2020,OXC,CT,ANE,EN,Federal Contract Tower,0,1,3,2,6,0,0,44,10,54,0,1,47,12,60,42,8,50,110
12/11/2020,OXC,CT,ANE,EN,Federal Contract Tower,0,3,12,0,15,0,7,89,12,108,0,10,101,12,123,44,0,44,167
12/12/2020,OXC,CT,ANE,EN,Federal Contract Tower,0,2,10,0,12,0,0,2,0,2,0,2,12,0,14,4,0,4,18
12/13/2020,OXC,CT,ANE,EN,Federal Contract Tower,0,10,19,0,29,0,2,49,0,51,0,12,68,0,80,68,0,68,148
12/14/2020,OXC,CT,ANE,EN,Federal Contract Tower,0,1,1,0,2,0,0,0,0,0,0,1,1,0,2,0,0,0,2
12/15/2020,OXC,CT,ANE,EN,Federal Contract Tower,0,8,6,0,14,0,0,45,0,45,0,8,51,0,59,90,0,90,149
12/16/2020,OXC,CT,ANE,EN,Federal Contract Tower,0,3,3,0,6,0,2,11,2,15,0,5,14,2,21,30,0,30,51
12/17/2020,OXC,CT,ANE,EN,Federal Contract Tower,0,2,2,0,4,0,0,2,0,2,0,2,4,0,6,0,0,0,6
12/18/2020,OXC,CT,ANE,EN,Federal Contract Tower,0,11,10,0,21,0,2,20,4,26,0,13,30,4,47,2,0,2,49
12/19/2020,OXC,CT,ANE,EN,Federal Contract Tower,0,5,3,0,8,0,0,37,0,37,0,5,40,0,45,82,0,82,127
12/20/2020,OXC,CT,ANE,EN,Federal Contract Tower,0,13,10,0,23,0,15,2,0,17,0,28,12,0,40,16,2,18,58
12/21/2020,OXC,CT,ANE,EN,Federal Contract Tower,0,14,6,0,20,0,1,11,2,14,0,15,17,2,34,22,0,22,56
12/22/2020,OXC,CT,ANE,EN,Federal Contract Tower,0,5,9,0,14,0,2,33,10,45,0,7,42,10,59,30,0,30,89
12/23/2020,OXC,CT,ANE,EN,Federal Contract Tower,0,9,4,0,13,0,4,65,6,75,0,13,69,6,88,118,0,118,206
12/24/2020,OXC,CT,ANE,EN,Federal Contract Tower,0,3,2,0,5,0,4,0,0,4,0,7,2,0,9,32,0,32,41
12/25/2020,OXC,CT,ANE,EN,Federal Contract Tower,0,2,0,0,2,0,0,0,0,0,0,2,0,0,2,0,0,0,2
12/26/2020,OXC,CT,ANE,EN,Federal Contract Tower,0,13,6,0,19,0,4,29,0,33,0,17,35,0,52,22,0,22,74
12/27/2020,OXC,CT,ANE,EN,Federal Contract Tower,0,7,14,0,21,0,3,86,2,91,0,10,100,2,112,88,10,98,210
12/28/2020,OXC,CT,ANE,EN,Federal Contract Tower,0,11,5,0,16,0,2,42,2,46,0,13,47,2,62,8,0,8,70
12/29/2020,OXC,CT,ANE,EN,Federal Contract Tower,0,4,5,0,9,0,4,22,0,26,0,8,27,0,35,10,0,10,45
12/30/2020,OXC,CT,ANE,EN,Federal Contract Tower,0,0,9,0,9,0,3,53,2,58,0,3,62,2,67,26,0,26,93
12/31/2020,OXC,CT,ANE,EN,Federal Contract Tower,0,4,9,0,13,0,0,12,0,12,0,4,21,0,25,30,0,30,55
01/01/2021,OXC,CT,ANE,EN,Federal Contract Tower,0,3,1,0,4,0,3,70,0,73,0,6,71,0,77,48,0,48,125
01/02/2021,OXC,CT,ANE,EN,Federal Contract Tower,0,8,13,0,21,0,2,11,0,13,0,10,24,0,34,6,0,6,40
01/03/2021,OXC,CT,ANE,EN,Federal Contract Tower,0,6,7,0,13,0,0,1,0,1,0,6,8,0,14,22,0,22,36
01/04/2021,OXC,CT,ANE,EN,Federal Contract Tower,0,6,7,0,13,0,24,2,0,26,0,30,9,0,39,76,0,76,115
01/05/2021,OXC,CT,ANE,EN,Federal Contract Tower,0,10,10,0,20,0,18,27,4,49,0,28,37,4,69,66,6,72,141
01/06/2021,OXC,CT,ANE,EN,Federal Contract Tower,0,8,6,0,14,0,5,12,6,23,0,13,18,6,37,8,10,18,55
01/07/2021,OXC,CT,ANE,EN,Federal Contract Tower,0,1,8,0,9,0,5,41,8,54,0,6,49,8,63,24,2,26,89
01/08/2021,OXC,CT,ANE,EN,Federal Contract Tower,0,4,8,1,13,0,6,49,2,57,0,10,57,3,70,32,0,32,102
01/09/2021,OXC,CT,ANE,EN,Federal Contract Tower,0,3,7,1,11,0,2,43,4,49,0,5,50,5,60,56,0,56,116
01/10/2021,OXC,CT,ANE,EN,Federal Contract Tower,0,5,9,0,14,0,5,93,4,102,0,10,102,4,116,72,0,72,188
01/11/2021,OXC,CT,ANE,EN,Federal Contract Tower,0,1,9,0,10,0,2,36,2,40,0,3,45,2,50,40,0,40,90
01/12/2021,OXC,CT,ANE,EN,Federal Contract Tower,0,4,3,0,7,0,0,26,2,28,0,4,29,2,35,40,2,42,77
01/13/2021,OXC,CT,ANE,EN,Federal Contract Tower,0,3,8,0,11,0,1,36,0,37,0,4,44,0,48,60,0,60,108
01/14/2021,OXC,CT,ANE,EN,Federal Contract Tower,0,8,8,0,16,0,0,50,6,56,0,8,58,6,72,80,0,80,152
01/15/2021,OXC,CT,ANE,EN,Federal Contract Tower,0,5,8,0,13,0,0,1,0,1,0,5,9,0,14,0,0,0,14
01/16/2021,OXC,CT,ANE,EN,Federal Contract Tower,0,7,4,0,11,0,0,0,0,0,0,7,4,0,11,0,0,0,11
01/17/2021,OXC,CT,ANE,EN,Federal Contract Tower,0,4,5,0,9,0,3,14,0,17,0,7,19,0,26,26,0,26,52
01/18/2021,OXC,CT,ANE,EN,Federal Contract Tower,0,7,12,0,19,0,3,39,2,44,0,10,51,2,63,6,2,8,71
01/19/2021,OXC,CT,ANE,EN,Federal Contract Tower,0,5,5,0,10,0,15,29,5,49,0,20,34,5,59,30,4,34,93
01/20/2021,OXC,CT,ANE,EN,Federal Contract Tower,0,5,5,0,10,0,7,1,2,10,0,12,6,2,20,2,0,2,22
01/21/2021,OXC,CT,ANE,EN,Federal Contract Tower,0,2,6,0,8,0,1,39,7,47,0,3,45,7,55,58,6,64,119
01/22/2021,OXC,CT,ANE,EN,Federal Contract Tower,0,2,13,0,15,0,1,34,4,39,0,3,47,4,54,36,0,36,90
01/23/2021,OXC,CT,ANE,EN,Federal Contract Tower,0,1,4,0,5,0,5,8,2,15,0,6,12,2,20,0,0,0,20
01/24/2021,OXC,CT,ANE,EN,Federal Contract Tower,0,5,13,0,18,0,14,19,0,33,0,19,32,0,51,4,0,4,55
01/25/2021,OXC,CT,ANE,EN,Federal Contract Tower,0,6,7,0,13,0,6,55,0,61,0,12,62,0,74,68,0,68,142
01/26/2021,OXC,CT,ANE,EN,Federal Contract Tower,0,0,1,0,1,0,0,5,0,5,0,0,6,0,6,6,0,6,12
01/27/2021,OXC,CT,ANE,EN,Federal Contract Tower,0,4,6,0,10,0,0,5,10,15,0,4,11,10,25,8,30,38,63
01/28/2021,OXC,CT,ANE,EN,Federal Contract Tower,0,3,5,2,10,0,9,15,10,34,0,12,20,12,44,18,0,18,62
01/29/2021,OXC,CT,ANE,EN,Federal Contract Tower,0,8,6,0,14,0,2,4,2,8,0,10,10,2,22,0,0,0,22
01/30/2021,OXC,CT,ANE,EN,Federal Contract Tower,0,4,6,0,10,0,8,43,8,59,0,12,49,8,69,54,4,58,127
01/31/2021,OXC,CT,ANE,EN,Federal Contract Tower,0,6,18,0,24,0,2,52,0,54,0,8,70,0,78,68,0,68,146
02/01/2021,OXC,CT,ANE,EN,Federal Contract Tower,0,0,0,0,0,0,0,0,0,0,0,0,0,0,0,0,0,0,0
02/02/2021,OXC,CT,ANE,EN,Federal Contract Tower,0,2,0,0,2,0,0,0,0,0,0,2,0,0,2,0,0,0,2
02/03/2021,OXC,CT,ANE,EN,Federal Contract Tower,0,4,5,0,9,0,0,4,6,10,0,4,9,6,19,0,0,0,19
02/04/2021,OXC,CT,ANE,EN,Federal Contract Tower,0,5,12,4,21,0,4,61,10,75,0,9,73,14,96,48,14,62,158
02/05/2021,OXC,CT,ANE,EN,Federal Contract Tower,0,8,1,0,9,0,6,2,0,8,0,14,3,0,17,24,0,24,41
02/06/2021,OXC,CT,ANE,EN,Federal Contract Tower,0,3,11,0,14,0,4,33,0,37,0,7,44,0,51,40,0,40,91
02/07/2021,OXC,CT,ANE,EN,Federal Contract Tower,0,2,1,0,3,0,0,1,0,1,0,2,2,0,4,0,0,0,4
02/08/2021,OXC,CT,ANE,EN,Federal Contract Tower,0,3,3,0,6,0,6,31,0,37,0,9,34,0,43,36,0,36,79
02/09/2021,OXC,CT,ANE,EN,Federal Contract Tower,0,5,3,0,8,0,0,0,0,0,0,5,3,0,8,0,0,0,8
02/10/2021,OXC,CT,ANE,EN,Federal Contract Tower,0,9,9,0,18,0,25,48,6,79,0,34,57,6,97,60,0,60,157
02/11/2021,OXC,CT,ANE,EN,Federal Contract Tower,0,6,9,2,17,0,20,39,2,61,0,26,48,4,78,12,2,14,92
02/12/2021,OXC,CT,ANE,EN,Federal Contract Tower,0,9,14,0,23,0,10,66,0,76,0,19,80,0,99,80,0,80,179
02/13/2021,OXC,CT,ANE,EN,Federal Contract Tower,0,2,9,0,11,0,0,70,2,72,0,2,79,2,83,90,0,90,173
02/14/2021,OXC,CT,ANE,EN,Federal Contract Tower,0,1,1,0,2,0,1,9,0,10,0,2,10,0,12,6,0,6,18
02/15/2021,OXC,CT,ANE,EN,Federal Contract Tower,0,9,4,0,13,0,0,0,0,0,0,9,4,0,13,0,0,0,13
02/16/2021,OXC,CT,ANE,EN,Federal Contract Tower,0,6,5,0,11,0,1,9,2,12,0,7,14,2,23,16,0,16,39
02/17/2021,OXC,CT,ANE,EN,Federal Contract Tower,0,9,5,0,14,0,6,41,2,49,0,15,46,2,63,32,0,32,95
02/18/2021,OXC,CT,ANE,EN,Federal Contract Tower,0,0,3,0,3,0,0,0,0,0,0,0,3,0,3,0,0,0,3
02/19/2021,OXC,CT,ANE,EN,Federal Contract Tower,0,0,3,0,3,0,0,0,0,0,0,0,3,0,3,0,0,0,3
02/20/2021,OXC,CT,ANE,EN,Federal Contract Tower,0,2,7,0,9,0,0,24,0,24,0,2,31,0,33,20,0,20,53
02/21/2021,OXC,CT,ANE,EN,Federal Contract Tower,0,9,7,0,16,0,1,68,2,71,0,10,75,2,87,128,0,128,215
02/22/2021,OXC,CT,ANE,EN,Federal Contract Tower,0,1,2,0,3,0,0,3,2,5,0,1,5,2,8,0,0,0,8
02/23/2021,OXC,CT,ANE,EN,Federal Contract Tower,0,4,14,0,18,0,0,14,2,16,0,4,28,2,34,12,0,12,46
02/24/2021,OXC,CT,ANE,EN,Federal Contract Tower,0,7,7,0,14,0,3,69,6,78,0,10,76,6,92,44,0,44,136
02/25/2021,OXC,CT,ANE,EN,Federal Contract Tower,0,2,7,0,9,0,3,17,2,22,0,5,24,2,31,8,6,14,45
02/26/2021,OXC,CT,ANE,EN,Federal Contract Tower,0,1,8,4,13,0,1,76,2,79,0,2,84,6,92,116,0,116,208
02/27/2021,OXC,CT,ANE,EN,Federal Contract Tower,0,8,7,0,15,0,0,0,0,0,0,8,7,0,15,0,0,0,15
02/28/2021,OXC,CT,ANE,EN,Federal Contract Tower,0,4,14,0,18,0,0,45,2,47,0,4,59,2,65,118,0,118,183
03/01/2021,OXC,CT,ANE,EN,Federal Contract Tower,0,6,8,0,14,0,0,0,0,0,0,6,8,0,14,0,0,0,14
03/02/2021,OXC,CT,ANE,EN,Federal Contract Tower,0,8,3,0,11,0,0,1,0,1,0,8,4,0,12,0,0,0,12
03/03/2021,OXC,CT,ANE,EN,Federal Contract Tower,0,3,4,0,7,0,0,65,6,71,0,3,69,6,78,80,4,84,162
03/04/2021,OXC,CT,ANE,EN,Federal Contract Tower,0,0,9,0,9,0,5,24,0,29,0,5,33,0,38,14,0,14,52
03/05/2021,OXC,CT,ANE,EN,Federal Contract Tower,0,10,8,0,18,0,1,28,2,31,0,11,36,2,49,16,0,16,65
03/06/2021,OXC,CT,ANE,EN,Federal Contract Tower,0,9,9,0,18,0,1,45,2,48,0,10,54,2,66,52,0,52,118
03/07/2021,OXC,CT,ANE,EN,Federal Contract Tower,0,7,13,0,20,0,4,85,0,89,0,11,98,0,109,50,0,50,159
03/08/2021,OXC,CT,ANE,EN,Federal Contract Tower,0,10,8,0,18,0,2,39,2,43,0,12,47,2,61,76,0,76,137
03/09/2021,OXC,CT,ANE,EN,Federal Contract Tower,0,3,15,0,18,0,10,60,6,76,0,13,75,6,94,46,8,54,148
03/10/2021,OXC,CT,ANE,EN,Federal Contract Tower,0,5,7,0,12,0,6,68,9,83,0,11,75,9,95,110,4,114,209
03/11/2021,OXC,CT,ANE,EN,Federal Contract Tower,0,3,17,0,20,0,6,49,4,59,0,9,66,4,79,34,2,36,115
03/12/2021,OXC,CT,ANE,EN,Federal Contract Tower,0,7,6,0,13,0,2,56,3,61,0,9,62,3,74,52,0,52,126
03/13/2021,OXC,CT,ANE,EN,Federal Contract Tower,0,11,4,0,15,0,1,37,3,41,0,12,41,3,56,38,0,38,94
03/14/2021,OXC,CT,ANE,EN,Federal Contract Tower,0,5,6,0,11,0,1,22,0,23,0,6,28,0,34,16,0,16,50
03/15/2021,OXC,CT,ANE,EN,Federal Contract Tower,0,7,9,0,16,0,3,12,0,15,0,10,21,0,31,18,0,18,49
03/16/2021,OXC,CT,ANE,EN,Federal Contract Tower,0,8,7,0,15,0,2,51,2,55,0,10,58,2,70,80,0,80,150
03/17/2021,OXC,CT,ANE,EN,Federal Contract Tower,0,12,11,0,23,0,0,8,2,10,0,12,19,2,33,0,2,2,35
03/18/2021,OXC,CT,ANE,EN,Federal Contract Tower,0,2,6,0,8,0,0,0,0,0,0,2,6,0,8,0,0,0,8
03/19/2021,OXC,CT,ANE,EN,Federal Contract Tower,0,4,9,2,15,0,4,13,2,19,0,8,22,4,34,8,0,8,42
03/20/2021,OXC,CT,ANE,EN,Federal Contract Tower,0,17,11,0,28,0,4,90,9,103,0,21,101,9,131,58,0,58,189
03/21/2021,OXC,CT,ANE,EN,Federal Contract Tower,0,14,9,0,23,0,3,135,6,144,0,17,144,6,167,128,2,130,297
03/22/2021,OXC,CT,ANE,EN,Federal Contract Tower,0,9,6,0,15,0,2,53,6,61,0,11,59,6,76,66,12,78,154
03/23/2021,OXC,CT,ANE,EN,Federal Contract Tower,0,3,6,0,9,0,15,68,5,88,0,18,74,5,97,84,4,88,185
03/24/2021,OXC,CT,ANE,EN,Federal Contract Tower,0,4,11,0,15,0,7,16,0,23,0,11,27,0,38,46,0,46,84
03/25/2021,OXC,CT,ANE,EN,Federal Contract Tower,0,5,9,0,14,0,15,26,2,43,0,20,35,2,57,52,2,54,111
03/26/2021,OXC,CT,ANE,EN,Federal Contract Tower,0,7,4,0,11,0,1,2,0,3,0,8,6,0,14,2,0,2,16
03/27/2021,OXC,CT,ANE,EN,Federal Contract Tower,0,6,6,0,12,0,0,84,14,98,0,6,90,14,110,74,0,74,184
03/28/2021,OXC,CT,ANE,EN,Federal Contract Tower,0,3,7,0,10,0,0,0,0,0,0,3,7,0,10,0,0,0,10
03/29/2021,OXC,CT,ANE,EN,Federal Contract Tower,0,1,3,0,4,0,4,1,2,7,0,5,4,2,11,6,0,6,17
03/30/2021,OXC,CT,ANE,EN,Federal Contract Tower,0,6,11,0,17,0,13,90,5,108,0,19,101,5,125,90,4,94,219
03/31/2021,OXC,CT,ANE,EN,Federal Contract Tower,0,8,11,0,19,0,1,3,2,6,0,9,14,2,25,6,0,6,31
04/01/2021,OXC,CT,ANE,EN,Federal Contract Tower,0,11,7,0,18,0,3,2,5,10,0,14,9,5,28,6,4,10,38
04/02/2021,OXC,CT,ANE,EN,Federal Contract Tower,0,7,13,0,20,0,7,47,0,54,0,14,60,0,74,52,0,52,126
04/03/2021,OXC,CT,ANE,EN,Federal Contract Tower,0,5,10,0,15,0,1,92,2,95,0,6,102,2,110,82,0,82,192
04/04/2021,OXC,CT,ANE,EN,Federal Contract Tower,0,13,2,0,15,0,1,38,0,39,0,14,40,0,54,18,0,18,72
04/05/2021,OXC,CT,ANE,EN,Federal Contract Tower,0,11,5,0,16,0,0,15,2,17,0,11,20,2,33,6,0,6,39
04/06/2021,OXC,CT,ANE,EN,Federal Contract Tower,0,7,5,0,12,0,1,64,9,74,0,8,69,9,86,50,14,64,150
04/07/2021,OXC,CT,ANE,EN,Federal Contract Tower,0,1,10,0,11,0,2,85,1,88,0,3,95,1,99,112,0,112,211
04/08/2021,OXC,CT,ANE,EN,Federal Contract Tower,0,5,11,0,16,0,0,62,2,64,0,5,73,2,80,56,0,56,136
04/09/2021,OXC,CT,ANE,EN,Federal Contract Tower,0,7,11,1,19,0,1,37,7,45,0,8,48,8,64,96,2,98,162
04/10/2021,OXC,CT,ANE,EN,Federal Contract Tower,0,5,20,0,25,0,0,19,0,19,0,5,39,0,44,44,0,44,88
04/11/2021,OXC,CT,ANE,EN,Federal Contract Tower,0,10,5,0,15,0,0,0,0,0,0,10,5,0,15,4,0,4,19
04/12/2021,OXC,CT,ANE,EN,Federal Contract Tower,0,11,5,0,16,0,0,10,0,10,0,11,15,0,26,62,0,62,88
04/13/2021,OXC,CT,ANE,EN,Federal Contract Tower,0,3,11,0,14,0,2,65,6,73,0,5,76,6,87,72,0,72,159
04/14/2021,OXC,CT,ANE,EN,Federal Contract Tower,0,11,12,0,23,0,1,75,2,78,0,12,87,2,101,64,8,72,173
04/15/2021,OXC,CT,ANE,EN,Federal Contract Tower,0,7,4,0,11,0,0,0,0,0,0,7,4,0,11,0,0,0,11
04/16/2021,OXC,CT,ANE,EN,Federal Contract Tower,0,8,9,0,17,0,0,1,4,5,0,8,10,4,22,0,0,0,22
04/17/2021,OXC,CT,ANE,EN,Federal Contract Tower,0,2,11,0,13,0,4,72,0,76,0,6,83,0,89,68,0,68,157
04/18/2021,OXC,CT,ANE,EN,Federal Contract Tower,0,5,20,0,25,0,4,77,2,83,0,9,97,2,108,92,0,92,200
04/19/2021,OXC,CT,ANE,EN,Federal Contract Tower,0,5,9,0,14,0,6,46,2,54,0,11,55,2,68,60,0,60,128
04/20/2021,OXC,CT,ANE,EN,Federal Contract Tower,0,5,3,0,8,0,10,35,2,47,0,15,38,2,55,6,0,6,61
04/21/2021,OXC,CT,ANE,EN,Federal Contract Tower,0,1,8,0,9,0,0,15,0,15,0,1,23,0,24,28,0,28,52
04/22/2021,OXC,CT,ANE,EN,Federal Contract Tower,0,4,3,0,7,0,4,2,2,8,0,8,5,2,15,0,0,0,15
04/23/2021,OXC,CT,ANE,EN,Federal Contract Tower,0,9,10,0,19,0,4,21,4,29,0,13,31,4,48,22,0,22,70
04/24/2021,OXC,CT,ANE,EN,Federal Contract Tower,0,4,13,0,17,0,3,93,0,96,0,7,106,0,113,110,0,110,223
04/25/2021,OXC,CT,ANE,EN,Federal Contract Tower,0,14,16,0,30,0,2,9,0,11,0,16,25,0,41,20,0,20,61
04/26/2021,OXC,CT,ANE,EN,Federal Contract Tower,0,7,4,0,11,0,9,32,4,45,0,16,36,4,56,12,0,12,68
04/27/2021,OXC,CT,ANE,EN,Federal Contract Tower,0,4,10,0,14,0,14,92,2,108,0,18,102,2,122,68,0,68,190
04/28/2021,OXC,CT,ANE,EN,Federal Contract Tower,0,7,9,0,16,0,11,74,4,89,0,18,83,4,105,144,0,144,249
04/29/2021,OXC,CT,ANE,EN,Federal Contract Tower,0,7,13,0,20,0,3,2,0,5,0,10,15,0,25,0,0,0,25
04/30/2021,OXC,CT,ANE,EN,Federal Contract Tower,0,1,8,0,9,0,7,10,0,17,0,8,18,0,26,4,0,4,30
05/01/2021,OXC,CT,ANE,EN,Federal Contract Tower,0,5,16,0,21,0,4,31,0,35,0,9,47,0,56,38,0,38,94
05/02/2021,OXC,CT,ANE,EN,Federal Contract Tower,0,10,18,0,28,0,6,60,0,66,0,16,78,0,94,57,0,57,151
05/03/2021,OXC,CT,ANE,EN,Federal Contract Tower,0,5,16,0,21,0,13,18,6,37,0,18,34,6,58,44,0,44,102
05/04/2021,OXC,CT,ANE,EN,Federal Contract Tower,0,9,28,0,37,0,0,6,2,8,0,9,34,2,45,2,0,2,47
05/05/2021,OXC,CT,ANE,EN,Federal Contract Tower,0,7,5,0,12,0,0,0,0,0,0,7,5,0,12,0,0,0,12
05/06/2021,OXC,CT,ANE,EN,Federal Contract Tower,0,7,13,0,20,0,8,70,9,87,0,15,83,9,107,26,0,26,133
05/07/2021,OXC,CT,ANE,EN,Federal Contract Tower,0,6,8,1,15,0,4,102,2,108,0,10,110,3,123,72,0,72,195
05/08/2021,OXC,CT,ANE,EN,Federal Contract Tower,0,10,14,1,25,0,0,56,4,60,0,10,70,5,85,62,0,62,147
05/09/2021,OXC,CT,ANE,EN,Federal Contract Tower,0,11,12,0,23,0,1,46,0,47,0,12,58,0,70,70,0,70,140
05/10/2021,OXC,CT,ANE,EN,Federal Contract Tower,0,6,16,0,22,0,8,23,0,31,0,14,39,0,53,20,0,20,73
05/11/2021,OXC,CT,ANE,EN,Federal Contract Tower,0,7,4,0,11,0,0,39,0,39,0,7,43,0,50,4,0,4,54
05/12/2021,OXC,CT,ANE,EN,Federal Contract Tower,0,11,7,0,18,0,2,40,2,44,0,13,47,2,62,12,0,12,74
05/13/2021,OXC,CT,ANE,EN,Federal Contract Tower,0,8,8,0,16,0,1,74,4,79,0,9,82,4,95,42,2,44,139
05/14/2021,OXC,CT,ANE,EN,Federal Contract Tower,0,4,15,0,19,0,1,93,2,96,0,5,108,2,115,14,12,26,141
05/15/2021,OXC,CT,ANE,EN,Federal Contract Tower,0,11,13,0,24,1,72,2,0,75,1,83,15,0,99,72,0,72,171
05/16/2021,OXC,CT,ANE,EN,Federal Contract Tower,0,12,9,0,21,0,0,51,0,51,0,12,60,0,72,51,0,51,123
05/17/2021,OXC,CT,ANE,EN,Federal Contract Tower,0,7,11,0,18,0,5,39,6,50,0,12,50,6,68,16,0,16,84
05/18/2021,OXC,CT,ANE,EN,Federal Contract Tower,0,2,7,0,9,0,5,64,10,79,0,7,71,10,88,54,2,56,144
05/19/2021,OXC,CT,ANE,EN,Federal Contract Tower,0,8,2,0,10,0,11,82,0,93,0,19,84,0,103,136,0,136,239
05/20/2021,OXC,CT,ANE,EN,Federal Contract Tower,0,6,13,0,19,0,3,86,3,92,0,9,99,3,111,64,8,72,183
05/21/2021,OXC,CT,ANE,EN,Federal Contract Tower,0,3,21,0,24,0,5,67,2,74,0,8,88,2,98,86,0,86,184
05/22/2021,OXC,CT,ANE,EN,Federal Contract Tower,0,6,12,0,18,0,7,74,0,81,0,13,86,0,99,66,0,66,165
05/23/2021,OXC,CT,ANE,EN,Federal Contract Tower,0,14,6,0,20,0,12,52,7,71,0,26,58,7,91,48,4,52,143
05/24/2021,OXC,CT,ANE,EN,Federal Contract Tower,0,11,6,0,17,0,1,69,6,76,0,12,75,6,93,84,0,84,177
05/25/2021,OXC,CT,ANE,EN,Federal Contract Tower,0,7,8,0,15,0,6,79,7,92,0,13,87,7,107,56,0,56,163
05/26/2021,OXC,CT,ANE,EN,Federal Contract Tower,0,12,6,0,18,0,3,37,2,42,0,15,43,2,60,12,0,12,72
05/27/2021,OXC,CT,ANE,EN,Federal Contract Tower,0,13,18,0,31,0,3,46,2,51,0,16,64,2,82,34,0,34,116
05/28/2021,OXC,CT,ANE,EN,Federal Contract Tower,0,12,18,0,30,0,3,26,4,33,0,15,44,4,63,46,0,46,109
05/29/2021,OXC,CT,ANE,EN,Federal Contract Tower,0,10,9,0,19,0,0,1,0,1,0,10,10,0,20,0,0,0,20
05/30/2021,OXC,CT,ANE,EN,Federal Contract Tower,0,9,5,0,14,0,0,0,0,0,0,9,5,0,14,0,0,0,14
05/31/2021,OXC,CT,ANE,EN,Federal Contract Tower,0,18,20,0,38,0,2,10,0,12,0,20,30,0,50,2,0,2,52
06/01/2021,OXC,CT,ANE,EN,Federal Contract Tower,0,6,7,0,13,0,5,66,0,71,0,11,73,0,84,138,0,138,222
06/02/2021,OXC,CT,ANE,EN,Federal Contract Tower,0,6,10,0,16,0,4,67,4,75,0,10,77,4,91,156,0,156,247
06/03/2021,OXC,CT,ANE,EN,Federal Contract Tower,0,22,9,0,31,0,0,0,0,0,0,22,9,0,31,0,0,0,31
06/04/2021,OXC,CT,ANE,EN,Federal Contract Tower,0,10,18,0,28,0,2,8,3,13,0,12,26,3,41,30,0,30,71
06/05/2021,OXC,CT,ANE,EN,Federal Contract Tower,0,12,7,0,19,0,4,91,7,102,0,16,98,7,121,122,0,122,243
06/06/2021,OXC,CT,ANE,EN,Federal Contract Tower,0,10,10,0,20,0,1,80,4,85,0,11,90,4,105,42,0,42,147
06/07/2021,OXC,CT,ANE,EN,Federal Contract Tower,0,10,6,0,16,0,3,57,2,62,0,13,63,2,78,58,0,58,136
06/08/2021,OXC,CT,ANE,EN,Federal Contract Tower,0,8,11,0,19,0,1,41,0,42,0,9,52,0,61,58,0,58,119
06/09/2021,OXC,CT,ANE,EN,Federal Contract Tower,0,8,14,0,22,0,3,43,4,50,0,11,57,4,72,38,2,40,112
06/10/2021,OXC,CT,ANE,EN,Federal Contract Tower,0,5,9,0,14,0,4,61,2,67,0,9,70,2,81,52,0,52,133
06/11/2021,OXC,CT,ANE,EN,Federal Contract Tower,0,3,13,0,16,0,9,100,6,115,0,12,113,6,131,96,0,96,227
06/12/2021,OXC,CT,ANE,EN,Federal Contract Tower,0,18,27,0,45,0,1,27,2,30,0,19,54,2,75,48,0,48,123
06/13/2021,OXC,CT,ANE,EN,Federal Contract Tower,0,16,5,0,21,0,4,87,2,93,0,20,92,2,114,74,0,74,188
06/14/2021,OXC,CT,ANE,EN,Federal Contract Tower,0,13,12,0,25,0,0,1,0,1,0,13,13,0,26,0,0,0,26
06/15/2021,OXC,CT,ANE,EN,Federal Contract Tower,0,9,16,0,25,0,12,29,4,45,0,21,45,4,70,88,0,88,158
06/16/2021,OXC,CT,ANE,EN,Federal Contract Tower,0,6,12,0,18,0,11,76,6,93,0,17,88,6,111,90,0,90,201
06/17/2021,OXC,CT,ANE,EN,Federal Contract Tower,0,13,9,0,22,0,5,101,6,112,0,18,110,6,134,90,0,90,224
06/18/2021,OXC,CT,ANE,EN,Federal Contract Tower,0,3,4,0,7,0,7,54,2,63,0,10,58,2,70,34,0,34,104
06/19/2021,OXC,CT,ANE,EN,Federal Contract Tower,0,8,17,0,25,0,5,55,0,60,0,13,72,0,85,80,0,80,165
06/20/2021,OXC,CT,ANE,EN,Federal Contract Tower,0,11,6,0,17,0,5,64,6,75,0,16,70,6,92,26,6,32,124
06/21/2021,OXC,CT,ANE,EN,Federal Contract Tower,0,9,22,0,31,0,3,6,3,12,0,12,28,3,43,15,0,15,58
06/22/2021,OXC,CT,ANE,EN,Federal Contract Tower,0,7,12,2,21,0,2,1,0,3,0,9,13,2,24,0,0,0,24
06/23/2021,OXC,CT,ANE,EN,Federal Contract Tower,0,8,10,0,18,0,5,74,5,84,0,13,84,5,102,50,6,56,158
06/24/2021,OXC,CT,ANE,EN,Federal Contract Tower,0,11,7,0,18,0,3,85,2,90,0,14,92,2,108,130,0,130,238
06/25/2021,OXC,CT,ANE,EN,Federal Contract Tower,0,9,21,0,30,0,3,32,2,37,0,12,53,2,67,2,0,2,69
06/26/2021,OXC,CT,ANE,EN,Federal Contract Tower,0,9,20,0,29,0,0,8,2,10,0,9,28,2,39,0,0,0,39
06/27/2021,OXC,CT,ANE,EN,Federal Contract Tower,0,17,25,0,42,0,1,29,0,30,0,18,54,0,72,30,0,30,102
06/28/2021,OXC,CT,ANE,EN,Federal Contract Tower,0,5,17,0,22,0,2,66,14,82,0,7,83,14,104,38,6,44,148
06/29/2021,OXC,CT,ANE,EN,Federal Contract Tower,0,5,11,0,16,0,11,58,4,73,0,16,69,4,89,60,0,60,149
06/30/2021,OXC,CT,ANE,EN,Federal Contract Tower,0,9,10,0,19,0,6,38,6,50,0,15,48,6,69,34,18,52,121
07/01/2021,OXC,CT,ANE,EN,Federal Contract Tower,0,6,16,0,22,0,5,42,2,49,0,11,58,2,71,68,0,68,139
07/02/2021,OXC,CT,ANE,EN,Federal Contract Tower,0,13,13,0,26,0,0,2,0,2,0,13,15,0,28,0,0,0,28
07/03/2021,OXC,CT,ANE,EN,Federal Contract Tower,0,20,13,0,33,0,0,0,0,0,0,20,13,0,33,0,0,0,33
07/04/2021,OXC,CT,ANE,EN,Federal Contract Tower,0,8,21,0,29,0,1,18,2,21,0,9,39,2,50,18,0,18,68
07/05/2021,OXC,CT,ANE,EN,Federal Contract Tower,0,11,22,0,33,0,3,11,2,16,0,14,33,2,49,6,0,6,55
07/06/2021,OXC,CT,ANE,EN,Federal Contract Tower,0,3,8,0,11,0,2,34,5,41,0,5,42,5,52,30,0,30,82
07/07/2021,OXC,CT,ANE,EN,Federal Contract Tower,0,1,11,0,12,0,2,44,2,48,0,3,55,2,60,30,0,30,90
07/08/2021,OXC,CT,ANE,EN,Federal Contract Tower,0,8,18,0,26,0,0,1,0,1,0,8,19,0,27,0,0,0,27
07/09/2021,OXC,CT,ANE,EN,Federal Contract Tower,0,8,9,0,17,0,6,17,0,23,0,14,26,0,40,48,0,48,88
07/10/2021,OXC,CT,ANE,EN,Federal Contract Tower,0,25,22,0,47,0,7,54,0,61,0,32,76,0,108,34,0,34,142
07/11/2021,OXC,CT,ANE,EN,Federal Contract Tower,0,19,34,0,53,0,0,12,0,12,0,19,46,0,65,10,0,10,75
07/12/2021,OXC,CT,ANE,EN,Federal Contract Tower,0,15,17,0,32,0,0,0,2,2,0,15,17,2,34,0,0,0,34
07/13/2021,OXC,CT,ANE,EN,Federal Contract Tower,0,10,31,0,41,0,0,0,0,0,0,10,31,0,41,0,0,0,41
07/14/2021,OXC,CT,ANE,EN,Federal Contract Tower,0,11,15,0,26,0,0,55,4,59,0,11,70,4,85,52,0,52,137
07/15/2021,OXC,CT,ANE,EN,Federal Contract Tower,0,5,15,0,20,0,5,104,6,115,0,10,119,6,135,110,4,114,249
07/16/2021,OXC,CT,ANE,EN,Federal Contract Tower,0,10,20,0,30,0,6,71,3,80,0,16,91,3,110,54,4,58,168
07/17/2021,OXC,CT,ANE,EN,Federal Contract Tower,0,4,4,0,8,0,3,50,2,55,0,7,54,2,63,46,0,46,109
07/18/2021,OXC,CT,ANE,EN,Federal Contract Tower,0,11,19,0,30,0,0,14,0,14,0,11,33,0,44,54,0,54,98
07/19/2021,OXC,CT,ANE,EN,Federal Contract Tower,0,7,24,0,31,0,3,18,2,23,0,10,42,2,54,26,0,26,80
07/20/2021,OXC,CT,ANE,EN,Federal Contract Tower,0,10,17,0,27,0,3,23,2,28,0,13,40,2,55,32,0,32,87
07/21/2021,OXC,CT,ANE,EN,Federal Contract Tower,0,6,13,0,19,0,4,38,4,46,0,10,51,4,65,74,2,76,141
07/22/2021,OXC,CT,ANE,EN,Federal Contract Tower,0,2,15,0,17,0,13,104,0,117,0,15,119,0,134,32,0,32,166
07/24/2021,OXC,CT,ANE,EN,Federal Contract Tower,0,7,23,0,30,0,9,75,2,86,0,16,98,2,116,58,0,58,174
07/25/2021,OXC,CT,ANE,EN,Federal Contract Tower,0,14,20,0,34,0,0,5,0,5,0,14,25,0,39,2,0,2,41
07/26/2021,OXC,CT,ANE,EN,Federal Contract Tower,0,8,18,0,26,0,0,68,4,72,0,8,86,4,98,80,0,80,178
07/27/2021,OXC,CT,ANE,EN,Federal Contract Tower,0,7,8,0,15,0,3,56,9,68,0,10,64,9,83,76,2,78,161
07/28/2021,OXC,CT,ANE,EN,Federal Contract Tower,0,9,10,0,19,0,3,56,6,65,0,12,66,6,84,92,0,92,176
07/29/2021,OXC,CT,ANE,EN,Federal Contract Tower,0,15,34,0,49,0,0,3,2,5,0,15,37,2,54,6,0,6,60
07/30/2021,OXC,CT,ANE,EN,Federal Contract Tower,0,9,15,0,24,0,12,62,9,83,0,21,77,9,107,38,2,40,147
07/31/2021,OXC,CT,ANE,EN,Federal Contract Tower,0,12,9,0,21,0,11,74,4,89,0,23,83,4,110,70,0,70,180
08/01/2021,OXC,CT,ANE,EN,Federal Contract Tower,0,10,21,0,31,0,7,44,3,54,0,17,65,3,85,30,0,30,115
08/02/2021,OXC,CT,ANE,EN,Federal Contract Tower,0,5,16,0,21,0,4,40,2,46,0,9,56,2,67,48,0,48,115
08/03/2021,OXC,CT,ANE,EN,Federal Contract Tower,0,9,15,0,24,0,3,66,6,75,0,12,81,6,99,78,8,86,185
08/04/2021,OXC,CT,ANE,EN,Federal Contract Tower,0,2,11,2,15,0,4,33,0,37,0,6,44,2,52,48,0,48,100
08/05/2021,OXC,CT,ANE,EN,Federal Contract Tower,0,11,18,0,29,0,2,20,4,26,0,13,38,4,55,4,0,4,59
08/06/2021,OXC,CT,ANE,EN,Federal Contract Tower,0,9,9,0,18,0,4,76,4,84,0,13,85,4,102,24,4,28,130
08/07/2021,OXC,CT,ANE,EN,Federal Contract Tower,0,7,1,0,8,0,7,37,0,44,0,14,38,0,52,40,0,40,92
08/08/2021,OXC,CT,ANE,EN,Federal Contract Tower,0,11,10,0,21,0,6,29,4,39,0,17,39,4,60,8,0,8,68
08/09/2021,OXC,CT,ANE,EN,Federal Contract Tower,0,16,27,0,43,0,0,11,0,11,0,16,38,0,54,34,0,34,88
08/10/2021,OXC,CT,ANE,EN,Federal Contract Tower,0,3,30,0,33,0,0,9,0,9,0,3,39,0,42,28,0,28,70
08/11/2021,OXC,CT,ANE,EN,Federal Contract Tower,0,13,10,0,23,0,1,38,2,41,0,14,48,2,64,24,0,24,88
08/12/2021,OXC,CT,ANE,EN,Federal Contract Tower,0,9,5,0,14,0,21,76,15,112,0,30,81,15,126,38,2,40,166
08/13/2021,OXC,CT,ANE,EN,Federal Contract Tower,0,14,13,0,27,0,18,63,6,87,0,32,76,6,114,58,0,58,172
08/14/2021,OXC,CT,ANE,EN,Federal Contract Tower,0,6,12,0,18,0,7,34,0,41,0,13,46,0,59,8,0,8,67
08/15/2021,OXC,CT,ANE,EN,Federal Contract Tower,0,7,22,0,29,0,10,101,2,113,0,17,123,2,142,58,0,58,200
08/16/2021,OXC,CT,ANE,EN,Federal Contract Tower,0,6,11,0,17,0,5,99,4,108,0,11,110,4,125,76,4,80,205
08/17/2021,OXC,CT,ANE,EN,Federal Contract Tower,0,6,17,0,23,0,8,45,2,55,0,14,62,2,78,42,0,42,120
08/19/2021,OXC,CT,ANE,EN,Federal Contract Tower,0,8,18,0,26,0,1,6,0,7,0,9,24,0,33,0,0,0,33
08/20/2021,OXC,CT,ANE,EN,Federal Contract Tower,0,13,20,0,33,0,4,31,4,39,0,17,51,4,72,20,2,22,94
08/21/2021,OXC,CT,ANE,EN,Federal Contract Tower,0,12,26,0,38,0,9,24,0,33,0,21,50,0,71,6,0,6,77
08/22/2021,OXC,CT,ANE,EN,Federal Contract Tower,0,4,0,0,4,0,0,0,0,0,0,4,0,0,4,0,0,0,4
08/23/2021,OXC,CT,ANE,EN,Federal Contract Tower,0,13,2,0,15,0,0,0,0,0,0,13,2,0,15,0,0,0,15
08/24/2021,OXC,CT,ANE,EN,Federal Contract Tower,0,1,11,0,12,0,8,63,17,88,0,9,74,17,100,102,6,108,208
08/25/2021,OXC,CT,ANE,EN,Federal Contract Tower,0,4,12,0,16,0,4,65,6,75,0,8,77,6,91,64,0,64,155
08/26/2021,OXC,CT,ANE,EN,Federal Contract Tower,0,12,6,0,18,0,12,56,2,70,0,24,62,2,88,32,0,32,120
08/27/2021,OXC,CT,ANE,EN,Federal Contract Tower,0,18,6,0,24,0,7,80,6,93,0,25,86,6,117,96,0,96,213
08/28/2021,OXC,CT,ANE,EN,Federal Contract Tower,0,7,15,0,22,0,2,25,6,33,0,9,40,6,55,44,0,44,99
08/29/2021,OXC,CT,ANE,EN,Federal Contract Tower,0,13,18,0,31,0,0,2,0,2,0,13,20,0,33,14,0,14,47
08/30/2021,OXC,CT,ANE,EN,Federal Contract Tower,0,3,16,0,19,0,1,13,7,21,0,4,29,7,40,30,4,34,74
08/31/2021,OXC,CT,ANE,EN,Federal Contract Tower,0,5,5,0,10,0,5,62,6,73,0,10,67,6,83,44,0,44,127
09/02/2021,OXC,CT,ANE,EN,Federal Contract Tower,0,11,4,0,15,0,7,30,4,41,0,18,34,4,56,10,0,10,66
09/03/2021,OXC,CT,ANE,EN,Federal Contract Tower,0,8,11,0,19,0,9,64,0,73,0,17,75,0,92,40,0,40,132
09/04/2021,OXC,CT,ANE,EN,Federal Contract Tower,0,3,5,0,8,0,7,70,4,81,0,10,75,4,89,76,0,76,165
09/05/2021,OXC,CT,ANE,EN,Federal Contract Tower,0,8,17,0,25,0,2,27,0,29,0,10,44,0,54,30,0,30,84
09/06/2021,OXC,CT,ANE,EN,Federal Contract Tower,0,12,12,0,24,0,3,33,3,39,0,15,45,3,63,20,2,22,85
09/07/2021,OXC,CT,ANE,EN,Federal Contract Tower,0,7,20,0,27,0,6,63,0,69,0,13,83,0,96,20,6,26,122
09/08/2021,OXC,CT,ANE,EN,Federal Contract Tower,0,8,7,0,15,0,7,49,4,60,0,15,56,4,75,30,0,30,105
09/09/2021,OXC,CT,ANE,EN,Federal Contract Tower,0,14,23,0,37,0,0,0,0,0,0,14,23,0,37,0,0,0,37
09/10/2021,OXC,CT,ANE,EN,Federal Contract Tower,0,3,14,0,17,0,11,47,2,60,0,14,61,2,77,32,0,32,109
09/11/2021,OXC,CT,ANE,EN,Federal Contract Tower,0,2,13,0,15,0,7,113,7,127,0,9,126,7,142,54,8,62,204
09/12/2021,OXC,CT,ANE,EN,Federal Contract Tower,0,4,19,0,23,0,10,56,0,66,0,14,75,0,89,108,0,108,197
09/13/2021,OXC,CT,ANE,EN,Federal Contract Tower,0,2,13,0,15,0,6,74,2,82,0,8,87,2,97,46,0,46,143
09/14/2021,OXC,CT,ANE,EN,Federal Contract Tower,0,12,6,0,18,0,3,68,9,80,0,15,74,9,98,72,4,76,174
09/15/2021,OXC,CT,ANE,EN,Federal Contract Tower,0,10,6,0,16,0,3,19,2,24,0,13,25,2,40,14,0,14,54
09/16/2021,OXC,CT,ANE,EN,Federal Contract Tower,0,4,23,0,27,0,1,9,2,12,0,5,32,2,39,10,0,10,49
09/17/2021,OXC,CT,ANE,EN,Federal Contract Tower,0,19,25,0,44,0,0,1,0,1,0,19,26,0,45,0,0,0,45
09/18/2021,OXC,CT,ANE,EN,Federal Contract Tower,0,7,20,0,27,0,10,55,2,67,0,17,75,2,94,44,0,44,138
09/19/2021,OXC,CT,ANE,EN,Federal Contract Tower,0,10,19,0,29,0,5,92,0,97,0,15,111,0,126,64,0,64,190
09/20/2021,OXC,CT,ANE,EN,Federal Contract Tower,0,9,6,2,17,0,7,60,4,71,0,16,66,6,88,98,0,98,186
09/21/2021,OXC,CT,ANE,EN,Federal Contract Tower,0,5,15,0,20,0,6,61,9,76,0,11,76,9,96,72,0,72,168
09/22/2021,OXC,CT,ANE,EN,Federal Contract Tower,0,5,15,0,20,0,0,4,0,4,0,5,19,0,24,2,0,2,26
09/23/2021,OXC,CT,ANE,EN,Federal Contract Tower,0,8,12,0,20,0,0,4,0,4,0,8,16,0,24,18,0,18,42
09/24/2021,OXC,CT,ANE,EN,Federal Contract Tower,0,8,14,0,22,0,1,30,2,33,0,9,44,2,55,30,0,30,85
09/25/2021,OXC,CT,ANE,EN,Federal Contract Tower,0,7,11,0,18,0,7,59,8,74,0,14,70,8,92,62,0,62,154
09/26/2021,OXC,CT,ANE,EN,Federal Contract Tower,0,10,20,0,30,0,2,48,4,54,0,12,68,4,84,22,0,22,106
09/27/2021,OXC,CT,ANE,EN,Federal Contract Tower,0,6,15,0,21,0,3,58,2,63,0,9,73,2,84,42,0,42,126
09/28/2021,OXC,CT,ANE,EN,Federal Contract Tower,0,5,10,0,15,0,1,4,0,5,0,6,14,0,20,0,0,0,20
09/29/2021,OXC,CT,ANE,EN,Federal Contract Tower,0,7,9,0,16,0,2,66,4,72,0,9,75,4,88,78,0,78,166
09/30/2021,OXC,CT,ANE,EN,Federal Contract Tower,0,12,16,0,28,0,10,51,4,65,0,22,67,4,93,86,4,90,183
10/01/2021,OXC,CT,ANE,EN,Federal Contract Tower,0,9,18,0,27,0,8,75,4,87,0,17,93,4,114,74,0,74,188
10/02/2021,OXC,CT,ANE,EN,Federal Contract Tower,0,2,7,0,9,0,4,94,3,101,0,6,101,3,110,92,0,92,202
10/03/2021,OXC,CT,ANE,EN,Federal Contract Tower,0,11,21,0,32,0,6,61,3,70,0,17,82,3,102,46,0,46,148
10/04/2021,OXC,CT,ANE,EN,Federal Contract Tower,0,9,19,0,28,0,0,0,0,0,0,9,19,0,28,0,0,0,28
10/05/2021,OXC,CT,ANE,EN,Federal Contract Tower,0,6,25,0,31,0,0,0,0,0,0,6,25,0,31,0,0,0,31
10/06/2021,OXC,CT,ANE,EN,Federal Contract Tower,0,5,21,0,26,0,2,35,0,37,0,7,56,0,63,66,0,66,129
10/07/2021,OXC,CT,ANE,EN,Federal Contract Tower,0,9,12,2,23,0,9,49,7,65,0,18,61,9,88,48,0,48,136
10/08/2021,OXC,CT,ANE,EN,Federal Contract Tower,0,10,26,0,36,0,8,51,4,63,0,18,77,4,99,72,2,74,173
10/09/2021,OXC,CT,ANE,EN,Federal Contract Tower,0,13,25,0,38,0,7,25,2,34,0,20,50,2,72,12,0,12,84
10/10/2021,OXC,CT,ANE,EN,Federal Contract Tower,0,23,25,0,48,0,0,0,0,0,0,23,25,0,48,0,0,0,48
10/11/2021,OXC,CT,ANE,EN,Federal Contract Tower,0,18,10,0,28,0,4,22,2,28,0,22,32,2,56,58,0,58,114
10/12/2021,OXC,CT,ANE,EN,Federal Contract Tower,0,3,12,0,15,0,9,56,2,67,0,12,68,2,82,122,6,128,210
10/13/2021,OXC,CT,ANE,EN,Federal Contract Tower,0,9,17,0,26,0,1,11,2,14,0,10,28,2,40,0,0,0,40
10/14/2021,OXC,CT,ANE,EN,Federal Contract Tower,0,4,16,0,20,0,3,75,10,88,0,7,91,10,108,52,0,52,160
10/15/2021,OXC,CT,ANE,EN,Federal Contract Tower,0,7,14,0,21,0,5,44,0,49,0,12,58,0,70,36,0,36,106
10/16/2021,OXC,CT,ANE,EN,Federal Contract Tower,0,4,12,0,16,0,2,15,0,17,0,6,27,0,33,18,0,18,51
10/17/2021,OXC,CT,ANE,EN,Federal Contract Tower,0,10,13,0,23,0,2,62,0,64,0,12,75,0,87,70,0,70,157
10/18/2021,OXC,CT,ANE,EN,Federal Contract Tower,0,11,16,0,27,0,2,24,4,30,0,13,40,4,57,40,0,40,97
10/19/2021,OXC,CT,ANE,EN,Federal Contract Tower,0,0,11,0,11,0,6,32,2,40,0,6,43,2,51,24,0,24,75
10/20/2021,OXC,CT,ANE,EN,Federal Contract Tower,0,5,7,0,12,0,13,58,2,73,0,18,65,2,85,74,0,74,159
10/21/2021,OXC,CT,ANE,EN,Federal Contract Tower,0,7,15,0,22,0,1,72,2,75,0,8,87,2,97,80,0,80,177
10/22/2021,OXC,CT,ANE,EN,Federal Contract Tower,0,11,8,0,19,0,2,61,6,69,0,13,69,6,88,32,0,32,120
10/23/2021,OXC,CT,ANE,EN,Federal Contract Tower,0,6,8,0,14,0,1,60,2,63,0,7,68,2,77,36,0,36,113
10/24/2021,OXC,CT,ANE,EN,Federal Contract Tower,0,6,17,0,23,0,1,86,12,99,0,7,103,12,122,36,20,56,178
10/25/2021,OXC,CT,ANE,EN,Federal Contract Tower,0,9,21,0,30,0,0,6,0,6,0,9,27,0,36,18,0,18,54
10/26/2021,OXC,CT,ANE,EN,Federal Contract Tower,0,5,4,0,9,0,0,0,0,0,0,5,4,0,9,0,0,0,9
10/27/2021,OXC,CT,ANE,EN,Federal Contract Tower,0,8,5,0,13,0,0,6,0,6,0,8,11,0,19,0,0,0,19
10/28/2021,OXC,CT,ANE,EN,Federal Contract Tower,0,5,14,0,19,0,3,85,10,98,0,8,99,10,117,50,2,52,169
10/29/2021,OXC,CT,ANE,EN,Federal Contract Tower,0,11,22,0,33,0,9,13,0,22,0,20,35,0,55,4,0,4,59
10/30/2021,OXC,CT,ANE,EN,Federal Contract Tower,0,9,11,0,20,0,0,0,0,0,0,9,11,0,20,0,0,0,20
10/31/2021,OXC,CT,ANE,EN,Federal Contract Tower,0,15,22,0,37,0,1,22,0,23,0,16,44,0,60,6,0,6,66
11/01/2021,OXC,CT,ANE,EN,Federal Contract Tower,0,4,13,0,17,0,3,45,2,50,0,7,58,2,67,44,4,48,115
11/02/2021,OXC,CT,ANE,EN,Federal Contract Tower,0,6,9,0,15,0,0,67,0,67,0,6,76,0,82,56,0,56,138
11/03/2021,OXC,CT,ANE,EN,Federal Contract Tower,0,7,11,0,18,0,1,62,8,71,0,8,73,8,89,32,0,32,121
11/04/2021,OXC,CT,ANE,EN,Federal Contract Tower,0,10,20,1,31,0,6,67,3,76,0,16,87,4,107,84,4,88,195
11/05/2021,OXC,CT,ANE,EN,Federal Contract Tower,0,3,7,0,10,0,7,73,6,86,0,10,80,6,96,86,6,92,188
11/06/2021,OXC,CT,ANE,EN,Federal Contract Tower,0,2,5,0,7,0,3,64,2,69,0,5,69,2,76,92,0,92,168
11/07/2021,OXC,CT,ANE,EN,Federal Contract Tower,0,10,21,0,31,0,5,82,12,99,0,15,103,12,130,34,0,34,164
11/08/2021,OXC,CT,ANE,EN,Federal Contract Tower,0,3,15,0,18,0,4,46,0,50,0,7,61,0,68,26,0,26,94
11/09/2021,OXC,CT,ANE,EN,Federal Contract Tower,0,5,10,0,15,0,1,61,2,64,0,6,71,2,79,12,0,12,91
11/10/2021,OXC,CT,ANE,EN,Federal Contract Tower,0,6,25,0,31,0,12,60,0,72,0,18,85,0,103,84,0,84,187
11/11/2021,OXC,CT,ANE,EN,Federal Contract Tower,0,8,11,0,19,0,1,60,0,61,0,9,71,0,80,50,0,50,130
11/12/2021,OXC,CT,ANE,EN,Federal Contract Tower,0,7,10,0,17,0,0,4,0,4,0,7,14,0,21,2,0,2,23
11/13/2021,OXC,CT,ANE,EN,Federal Contract Tower,0,7,11,0,18,0,2,26,0,28,0,9,37,0,46,22,0,22,68
11/14/2021,OXC,CT,ANE,EN,Federal Contract Tower,0,6,12,0,18,0,1,76,8,85,0,7,88,8,103,54,0,54,157
11/15/2021,OXC,CT,ANE,EN,Federal Contract Tower,0,3,5,0,8,0,5,18,2,25,0,8,23,2,33,8,0,8,41
11/16/2021,OXC,CT,ANE,EN,Federal Contract Tower,0,3,12,0,15,0,3,29,2,34,0,6,41,2,49,30,0,30,79
11/17/2021,OXC,CT,ANE,EN,Federal Contract Tower,0,8,14,0,22,0,0,54,0,54,0,8,68,0,76,32,0,32,108
11/18/2021,OXC,CT,ANE,EN,Federal Contract Tower,0,6,17,0,23,0,9,37,4,50,0,15,54,4,73,10,2,12,85
11/19/2021,OXC,CT,ANE,EN,Federal Contract Tower,0,15,15,0,30,0,4,40,0,44,0,19,55,0,74,50,0,50,124
11/20/2021,OXC,CT,ANE,EN,Federal Contract Tower,0,12,5,0,17,0,18,62,6,86,0,30,67,6,103,46,6,52,155
11/21/2021,OXC,CT,ANE,EN,Federal Contract Tower,0,8,12,0,20,0,3,47,8,58,0,11,59,8,78,48,0,48,126
11/22/2021,OXC,CT,ANE,EN,Federal Contract Tower,0,3,9,0,12,0,0,17,0,17,0,3,26,0,29,10,0,10,39
11/23/2021,OXC,CT,ANE,EN,Federal Contract Tower,0,6,16,0,22,0,5,32,2,39,0,11,48,2,61,66,0,66,127
11/24/2021,OXC,CT,ANE,EN,Federal Contract Tower,0,6,16,0,22,0,2,50,6,58,0,8,66,6,80,26,0,26,106
11/25/2021,OXC,CT,ANE,EN,Federal Contract Tower,0,0,4,0,4,0,0,25,2,27,0,0,29,2,31,28,2,30,61
11/26/2021,OXC,CT,ANE,EN,Federal Contract Tower,0,4,7,0,11,0,0,0,0,0,0,4,7,0,11,0,0,0,11
11/27/2021,OXC,CT,ANE,EN,Federal Contract Tower,0,7,8,0,15,0,2,11,0,13,0,9,19,0,28,6,0,6,34
11/28/2021,OXC,CT,ANE,EN,Federal Contract Tower,0,12,23,0,35,0,0,2,0,2,0,12,25,0,37,0,0,0,37
11/29/2021,OXC,CT,ANE,EN,Federal Contract Tower,0,5,11,0,16,0,3,25,1,29,0,8,36,1,45,65,0,65,110
11/30/2021,OXC,CT,ANE,EN,Federal Contract Tower,0,6,13,0,19,0,2,44,2,48,0,8,57,2,67,104,0,104,171
12/01/2021,OXC,CT,ANE,EN,Federal Contract Tower,0,10,7,0,17,0,4,57,5,66,0,14,64,5,83,42,0,42,125
12/02/2021,OXC,CT,ANE,EN,Federal Contract Tower,0,5,7,0,12,0,3,17,4,24,0,8,24,4,36,38,0,38,74
12/03/2021,OXC,CT,ANE,EN,Federal Contract Tower,0,6,11,0,17,0,3,41,2,46,0,9,52,2,63,8,0,8,71
12/04/2021,OXC,CT,ANE,EN,Federal Contract Tower,0,5,12,0,17,0,4,69,5,78,0,9,81,5,95,112,0,112,207
12/05/2021,OXC,CT,ANE,EN,Federal Contract Tower,0,4,11,0,15,0,1,98,4,103,0,5,109,4,118,92,0,92,210
12/06/2021,OXC,CT,ANE,EN,Federal Contract Tower,0,10,6,0,16,0,0,0,0,0,0,10,6,0,16,0,0,0,16
12/07/2021,OXC,CT,ANE,EN,Federal Contract Tower,0,5,10,0,15,0,7,54,6,67,0,12,64,6,82,68,8,76,158
12/08/2021,OXC,CT,ANE,EN,Federal Contract Tower,0,3,15,0,18,0,0,17,0,17,0,3,32,0,35,46,0,46,81
12/09/2021,OXC,CT,ANE,EN,Federal Contract Tower,0,8,9,0,17,0,6,51,4,61,0,14,60,4,78,62,16,78,156
12/10/2021,OXC,CT,ANE,EN,Federal Contract Tower,0,10,12,0,22,0,4,62,4,70,0,14,74,4,92,58,0,58,150
12/11/2021,OXC,CT,ANE,EN,Federal Contract Tower,0,3,1,0,4,0,0,0,0,0,0,3,1,0,4,0,0,0,4
12/12/2021,OXC,CT,ANE,EN,Federal Contract Tower,0,9,6,0,15,0,0,17,0,17,0,9,23,0,32,26,0,26,58
12/13/2021,OXC,CT,ANE,EN,Federal Contract Tower,0,6,7,0,13,0,7,28,2,37,0,13,35,2,50,24,0,24,74
12/14/2021,OXC,CT,ANE,EN,Federal Contract Tower,0,2,6,0,8,0,0,61,8,69,0,2,67,8,77,2,0,2,79
12/15/2021,OXC,CT,ANE,EN,Federal Contract Tower,0,5,14,0,19,0,3,49,3,55,0,8,63,3,74,44,6,50,124
12/16/2021,OXC,CT,ANE,EN,Federal Contract Tower,0,6,15,0,21,0,6,36,2,44,0,12,51,2,65,58,0,58,123
12/17/2021,OXC,CT,ANE,EN,Federal Contract Tower,0,10,20,0,30,0,10,58,4,72,0,20,78,4,102,20,0,20,122
12/18/2021,OXC,CT,ANE,EN,Federal Contract Tower,0,6,9,0,15,0,0,0,0,0,0,6,9,0,15,0,0,0,15
12/19/2021,OXC,CT,ANE,EN,Federal Contract Tower,0,4,13,0,17,0,1,22,2,25,0,5,35,2,42,4,0,4,46
12/20/2021,OXC,CT,ANE,EN,Federal Contract Tower,0,7,12,0,19,0,1,72,11,84,0,8,84,11,103,112,0,112,215
12/21/2021,OXC,CT,ANE,EN,Federal Contract Tower,0,8,5,0,13,0,1,56,6,63,0,9,61,6,76,78,2,80,156
12/22/2021,OXC,CT,ANE,EN,Federal Contract Tower,0,6,10,0,16,0,0,7,4,11,0,6,17,4,27,20,0,20,47
12/23/2021,OXC,CT,ANE,EN,Federal Contract Tower,0,7,5,0,12,0,2,41,4,47,0,9,46,4,59,26,0,26,85
12/24/2021,OXC,CT,ANE,EN,Federal Contract Tower,0,4,7,0,11,0,0,0,0,0,0,4,7,0,11,0,0,0,11
12/25/2021,OXC,CT,ANE,EN,Federal Contract Tower,0,2,3,0,5,0,0,0,0,0,0,2,3,0,5,0,0,0,5
12/27/2021,OXC,CT,ANE,EN,Federal Contract Tower,0,12,6,2,20,0,1,36,4,41,0,13,42,6,61,54,0,54,115
12/28/2021,OXC,CT,ANE,EN,Federal Contract Tower,0,8,11,2,21,0,1,36,2,39,0,9,47,4,60,64,0,64,124
12/29/2021,OXC,CT,ANE,EN,Federal Contract Tower,0,3,8,0,11,0,0,0,0,0,0,3,8,0,11,4,0,4,15
12/30/2021,OXC,CT,ANE,EN,Federal Contract Tower,0,7,3,0,10,0,0,0,0,0,0,7,3,0,10,0,0,0,10
12/31/2021,OXC,CT,ANE,EN,Federal Contract Tower,0,4,6,0,10,0,0,0,0,0,0,4,6,0,10,0,0,0,10
01/01/2022,OXC,CT,ANE,EN,Federal Contract Tower,0,1,1,0,2,0,0,0,0,0,0,1,1,0,2,0,0,0,2
01/02/2022,OXC,CT,ANE,EN,Federal Contract Tower,0,8,19,0,27,0,1,0,0,1,0,9,19,0,28,0,0,0,28
01/03/2022,OXC,CT,ANE,EN,Federal Contract Tower,0,4,14,0,18,0,0,40,2,42,0,4,54,2,60,34,0,34,94
01/04/2022,OXC,CT,ANE,EN,Federal Contract Tower,0,5,15,0,20,0,0,56,0,56,0,5,71,0,76,64,0,64,140
01/05/2022,OXC,CT,ANE,EN,Federal Contract Tower,0,4,7,0,11,0,0,0,0,0,0,4,7,0,11,0,0,0,11
01/06/2022,OXC,CT,ANE,EN,Federal Contract Tower,0,2,11,2,15,0,1,42,6,49,0,3,53,8,64,36,0,36,100
01/07/2022,OXC,CT,ANE,EN,Federal Contract Tower,0,0,3,0,3,0,0,7,0,7,0,0,10,0,10,0,0,0,10
01/08/2022,OXC,CT,ANE,EN,Federal Contract Tower,0,5,12,0,17,0,4,79,4,87,0,9,91,4,104,66,12,78,182
01/09/2022,OXC,CT,ANE,EN,Federal Contract Tower,0,5,6,0,11,0,1,0,0,1,0,6,6,0,12,0,0,0,12
01/10/2022,OXC,CT,ANE,EN,Federal Contract Tower,0,3,3,0,6,0,6,22,4,32,0,9,25,4,38,22,0,22,60
01/11/2022,OXC,CT,ANE,EN,Federal Contract Tower,0,2,3,1,6,0,2,33,5,40,0,4,36,6,46,8,0,8,54
01/12/2022,OXC,CT,ANE,EN,Federal Contract Tower,0,4,3,0,7,0,2,32,0,34,0,6,35,0,41,22,0,22,63
01/13/2022,OXC,CT,ANE,EN,Federal Contract Tower,0,5,13,0,18,0,1,92,2,95,0,6,105,2,113,42,0,42,155
01/14/2022,OXC,CT,ANE,EN,Federal Contract Tower,0,1,16,0,17,0,8,19,0,27,0,9,35,0,44,16,0,16,60
01/15/2022,OXC,CT,ANE,EN,Federal Contract Tower,0,2,4,0,6,0,0,16,0,16,0,2,20,0,22,20,0,20,42
01/16/2022,OXC,CT,ANE,EN,Federal Contract Tower,0,10,3,0,13,0,3,43,3,49,0,13,46,3,62,62,12,74,136
01/17/2022,OXC,CT,ANE,EN,Federal Contract Tower,0,3,8,0,11,0,0,0,0,0,0,3,8,0,11,0,0,0,11
01/18/2022,OXC,CT,ANE,EN,Federal Contract Tower,0,3,8,0,11,0,4,10,2,16,0,7,18,2,27,2,0,2,29
01/19/2022,OXC,CT,ANE,EN,Federal Contract Tower,0,9,8,0,17,0,1,28,4,33,0,10,36,4,50,64,6,70,120
01/20/2022,OXC,CT,ANE,EN,Federal Contract Tower,0,0,8,0,8,0,0,8,2,10,0,0,16,2,18,0,0,0,18
01/21/2022,OXC,CT,ANE,EN,Federal Contract Tower,0,3,9,0,12,0,1,49,0,50,0,4,58,0,62,72,0,72,134
01/22/2022,OXC,CT,ANE,EN,Federal Contract Tower,0,2,17,0,19,0,0,56,4,60,0,2,73,4,79,58,8,66,145
01/23/2022,OXC,CT,ANE,EN,Federal Contract Tower,0,4,6,0,10,0,6,47,0,53,0,10,53,0,63,72,0,72,135
01/24/2022,OXC,CT,ANE,EN,Federal Contract Tower,0,9,12,0,21,0,1,34,0,35,0,10,46,0,56,70,0,70,126
01/25/2022,OXC,CT,ANE,EN,Federal Contract Tower,0,4,11,0,15,0,2,37,0,39,0,6,48,0,54,74,0,74,128
01/26/2022,OXC,CT,ANE,EN,Federal Contract Tower,0,6,9,0,15,0,3,25,2,30,0,9,34,2,45,22,0,22,67
01/27/2022,OXC,CT,ANE,EN,Federal Contract Tower,0,3,11,0,14,0,4,58,6,68,0,7,69,6,82,42,0,42,124
01/28/2022,OXC,CT,ANE,EN,Federal Contract Tower,0,6,11,0,17,0,1,4,0,5,0,7,15,0,22,8,0,8,30
01/29/2022,OXC,CT,ANE,EN,Federal Contract Tower,0,0,0,0,0,0,0,0,0,0,0,0,0,0,0,0,0,0,0
01/30/2022,OXC,CT,ANE,EN,Federal Contract Tower,0,5,15,0,20,0,1,18,0,19,0,6,33,0,39,12,0,12,51
01/31/2022,OXC,CT,ANE,EN,Federal Contract Tower,0,5,11,0,16,0,4,38,0,42,0,9,49,0,58,54,0,54,112
02/01/2022,OXC,CT,ANE,EN,Federal Contract Tower,0,6,10,0,16,0,1,34,0,35,0,7,44,0,51,18,0,18,69
02/02/2022,OXC,CT,ANE,EN,Federal Contract Tower,0,4,12,2,18,0,0,3,2,5,0,4,15,4,23,0,0,0,23
02/03/2022,OXC,CT,ANE,EN,Federal Contract Tower,0,3,9,0,12,0,0,0,0,0,0,3,9,0,12,0,0,0,12
02/04/2022,OXC,CT,ANE,EN,Federal Contract Tower,0,5,1,0,6,0,0,0,0,0,0,5,1,0,6,0,0,0,6
02/05/2022,OXC,CT,ANE,EN,Federal Contract Tower,0,1,8,0,9,0,5,9,0,14,0,6,17,0,23,0,0,0,23
02/06/2022,OXC,CT,ANE,EN,Federal Contract Tower,0,4,8,0,12,0,3,59,4,66,0,7,67,4,78,46,0,46,124
02/07/2022,OXC,CT,ANE,EN,Federal Contract Tower,0,1,7,0,8,0,0,0,0,0,0,1,7,0,8,0,0,0,8
02/08/2022,OXC,CT,ANE,EN,Federal Contract Tower,0,6,11,0,17,0,0,22,8,30,0,6,33,8,47,52,6,58,105
02/09/2022,OXC,CT,ANE,EN,Federal Contract Tower,0,6,11,0,17,0,12,76,0,88,0,18,87,0,105,98,0,98,203
02/10/2022,OXC,CT,ANE,EN,Federal Contract Tower,0,8,10,0,18,0,5,27,4,36,0,13,37,4,54,46,0,46,100
02/11/2022,OXC,CT,ANE,EN,Federal Contract Tower,0,3,6,0,9,0,5,22,4,31,0,8,28,4,40,10,0,10,50
02/12/2022,OXC,CT,ANE,EN,Federal Contract Tower,0,7,3,0,10,0,2,62,1,65,0,9,65,1,75,28,0,28,103
02/13/2022,OXC,CT,ANE,EN,Federal Contract Tower,0,8,7,0,15,0,1,1,0,2,0,9,8,0,17,0,0,0,17
02/14/2022,OXC,CT,ANE,EN,Federal Contract Tower,0,3,8,0,11,0,3,9,2,14,0,6,17,2,25,6,0,6,31
02/15/2022,OXC,CT,ANE,EN,Federal Contract Tower,0,2,11,0,13,0,2,41,4,47,0,4,52,4,60,24,18,42,102
02/16/2022,OXC,CT,ANE,EN,Federal Contract Tower,0,4,9,0,13,0,0,31,3,34,0,4,40,3,47,38,0,38,85
02/17/2022,OXC,CT,ANE,EN,Federal Contract Tower,0,7,11,0,18,0,3,16,6,25,0,10,27,6,43,30,0,30,73
02/18/2022,OXC,CT,ANE,EN,Federal Contract Tower,0,9,10,0,19,0,2,4,0,6,0,11,14,0,25,4,0,4,29
02/19/2022,OXC,CT,ANE,EN,Federal Contract Tower,0,8,4,0,12,0,0,8,0,8,0,8,12,0,20,4,0,4,24
02/20/2022,OXC,CT,ANE,EN,Federal Contract Tower,0,3,20,0,23,0,3,66,2,71,0,6,86,2,94,44,0,44,138
02/21/2022,OXC,CT,ANE,EN,Federal Contract Tower,0,10,21,0,31,0,2,86,2,90,0,12,107,2,121,94,2,96,217
02/22/2022,OXC,CT,ANE,EN,Federal Contract Tower,0,14,8,0,22,0,0,0,0,0,0,14,8,0,22,0,0,0,22
02/23/2022,OXC,CT,ANE,EN,Federal Contract Tower,0,5,10,0,15,0,5,6,4,15,0,10,16,4,30,8,0,8,38
02/24/2022,OXC,CT,ANE,EN,Federal Contract Tower,0,8,14,0,22,0,14,41,6,61,0,22,55,6,83,82,0,82,165
02/25/2022,OXC,CT,ANE,EN,Federal Contract Tower,0,2,4,0,6,0,0,0,0,0,0,2,4,0,6,0,0,0,6
02/26/2022,OXC,CT,ANE,EN,Federal Contract Tower,0,3,9,0,12,0,1,71,4,76,0,4,80,4,88,124,0,124,212
02/27/2022,OXC,CT,ANE,EN,Federal Contract Tower,0,9,16,0,25,0,2,29,0,31,0,11,45,0,56,16,0,16,72
02/28/2022,OXC,CT,ANE,EN,Federal Contract Tower,0,2,7,0,9,0,2,32,6,40,0,4,39,6,49,22,18,40,89
03/01/2022,OXC,CT,ANE,EN,Federal Contract Tower,0,9,16,0,25,0,1,29,4,34,0,10,45,4,59,18,0,18,77
03/02/2022,OXC,CT,ANE,EN,Federal Contract Tower,0,8,20,1,29,0,11,67,5,83,0,19,87,6,112,70,0,70,182
03/03/2022,OXC,CT,ANE,EN,Federal Contract Tower,0,5,10,0,15,0,12,22,0,34,0,17,32,0,49,26,0,26,75
03/04/2022,OXC,CT,ANE,EN,Federal Contract Tower,0,11,14,0,25,0,2,53,2,57,0,13,67,2,82,38,6,44,126
03/05/2022,OXC,CT,ANE,EN,Federal Contract Tower,0,4,11,0,15,0,3,68,5,76,0,7,79,5,91,122,26,148,239
03/06/2022,OXC,CT,ANE,EN,Federal Contract Tower,0,10,6,0,16,0,1,3,0,4,0,11,9,0,20,0,0,0,20
03/07/2022,OXC,CT,ANE,EN,Federal Contract Tower,0,4,10,0,14,0,0,21,4,25,0,4,31,4,39,66,0,66,105
03/08/2022,OXC,CT,ANE,EN,Federal Contract Tower,0,10,9,0,19,0,1,27,0,28,0,11,36,0,47,26,0,26,73
03/09/2022,OXC,CT,ANE,EN,Federal Contract Tower,0,0,8,0,8,0,0,0,0,0,0,0,8,0,8,0,0,0,8
03/10/2022,OXC,CT,ANE,EN,Federal Contract Tower,0,8,17,0,25,0,0,36,5,41,0,8,53,5,66,46,0,46,112
03/11/2022,OXC,CT,ANE,EN,Federal Contract Tower,0,8,16,0,24,0,4,78,0,82,0,12,94,0,106,82,0,82,188
03/12/2022,OXC,CT,ANE,EN,Federal Contract Tower,0,6,3,0,9,0,0,0,0,0,0,6,3,0,9,0,0,0,9
03/13/2022,OXC,CT,ANE,EN,Federal Contract Tower,0,4,11,0,15,0,5,13,0,18,0,9,24,0,33,14,0,14,47
03/14/2022,OXC,CT,ANE,EN,Federal Contract Tower,0,5,12,0,17,0,9,39,4,52,0,14,51,4,69,46,0,46,115
03/15/2022,OXC,CT,ANE,EN,Federal Contract Tower,0,0,10,0,10,0,0,65,2,67,0,0,75,2,77,52,0,52,129
03/16/2022,OXC,CT,ANE,EN,Federal Contract Tower,0,5,17,0,22,0,6,46,6,58,0,11,63,6,80,108,0,108,188
03/17/2022,OXC,CT,ANE,EN,Federal Contract Tower,0,9,4,0,13,0,0,0,0,0,0,9,4,0,13,0,0,0,13
03/18/2022,OXC,CT,ANE,EN,Federal Contract Tower,0,5,13,0,18,0,15,78,14,107,0,20,91,14,125,94,0,94,219
03/19/2022,OXC,CT,ANE,EN,Federal Contract Tower,0,2,5,0,7,0,0,0,0,0,0,2,5,0,7,0,0,0,7
03/20/2022,OXC,CT,ANE,EN,Federal Contract Tower,0,6,17,0,23,0,2,50,6,58,0,8,67,6,81,38,8,46,127
03/21/2022,OXC,CT,ANE,EN,Federal Contract Tower,0,6,10,0,16,0,3,27,0,30,0,9,37,0,46,2,0,2,48
03/22/2022,OXC,CT,ANE,EN,Federal Contract Tower,0,8,8,0,16,0,3,26,2,31,0,11,34,2,47,12,0,12,59
03/23/2022,OXC,CT,ANE,EN,Federal Contract Tower,0,2,15,1,18,0,1,45,8,54,0,3,60,9,72,44,4,48,120
03/24/2022,OXC,CT,ANE,EN,Federal Contract Tower,0,3,10,0,13,0,0,0,0,0,0,3,10,0,13,0,0,0,13
03/25/2022,OXC,CT,ANE,EN,Federal Contract Tower,0,6,15,0,21,0,3,57,2,62,0,9,72,2,83,30,0,30,113
03/26/2022,OXC,CT,ANE,EN,Federal Contract Tower,0,10,10,0,20,0,2,43,6,51,0,12,53,6,71,52,14,66,137
03/27/2022,OXC,CT,ANE,EN,Federal Contract Tower,0,16,8,0,24,0,0,21,0,21,0,16,29,0,45,8,0,8,53
03/28/2022,OXC,CT,ANE,EN,Federal Contract Tower,0,9,11,0,20,0,0,6,0,6,0,9,17,0,26,0,0,0,26
03/29/2022,OXC,CT,ANE,EN,Federal Contract Tower,0,2,12,0,14,0,2,11,0,13,0,4,23,0,27,4,0,4,31
03/30/2022,OXC,CT,ANE,EN,Federal Contract Tower,0,4,16,0,20,0,3,50,2,55,0,7,66,2,75,52,0,52,127
03/31/2022,OXC,CT,ANE,EN,Federal Contract Tower,0,11,11,0,22,0,0,0,0,0,0,11,11,0,22,4,0,4,26
04/01/2022,OXC,CT,ANE,EN,Federal Contract Tower,0,9,17,0,26,0,14,18,2,34,0,23,35,2,60,10,0,10,70
04/02/2022,OXC,CT,ANE,EN,Federal Contract Tower,0,3,11,0,14,0,2,82,2,86,0,5,93,2,100,38,0,38,138
04/03/2022,OXC,CT,ANE,EN,Federal Contract Tower,0,7,6,0,13,0,0,17,0,17,0,7,23,0,30,30,0,30,60
04/04/2022,OXC,CT,ANE,EN,Federal Contract Tower,0,5,15,0,20,0,1,49,2,52,0,6,64,2,72,12,2,14,86
04/05/2022,OXC,CT,ANE,EN,Federal Contract Tower,0,7,16,2,25,0,3,59,3,65,0,10,75,5,90,102,0,102,192
04/06/2022,OXC,CT,ANE,EN,Federal Contract Tower,0,6,7,0,13,0,0,0,0,0,0,6,7,0,13,0,0,0,13
04/07/2022,OXC,CT,ANE,EN,Federal Contract Tower,0,6,7,0,13,0,0,0,0,0,0,6,7,0,13,0,0,0,13
04/08/2022,OXC,CT,ANE,EN,Federal Contract Tower,0,10,9,0,19,0,0,20,3,23,0,10,29,3,42,6,0,6,48
04/09/2022,OXC,CT,ANE,EN,Federal Contract Tower,0,2,6,0,8,0,0,16,1,17,0,2,22,1,25,14,0,14,39
04/10/2022,OXC,CT,ANE,EN,Federal Contract Tower,0,3,12,0,15,0,1,32,3,36,0,4,44,3,51,12,0,12,63
04/11/2022,OXC,CT,ANE,EN,Federal Contract Tower,0,9,9,0,18,0,6,65,4,75,0,15,74,4,93,36,2,38,131
04/12/2022,OXC,CT,ANE,EN,Federal Contract Tower,0,7,12,0,19,0,0,38,0,38,0,7,50,0,57,22,0,22,79
04/13/2022,OXC,CT,ANE,EN,Federal Contract Tower,0,14,10,0,24,0,3,51,0,54,0,17,61,0,78,36,2,38,116
04/14/2022,OXC,CT,ANE,EN,Federal Contract Tower,0,6,5,0,11,0,1,45,2,48,0,7,50,2,59,98,0,98,157
04/15/2022,OXC,CT,ANE,EN,Federal Contract Tower,0,6,9,0,15,0,2,46,2,50,0,8,55,2,65,26,2,28,93
04/16/2022,OXC,CT,ANE,EN,Federal Contract Tower,0,5,4,0,9,0,0,22,0,22,0,5,26,0,31,54,0,54,85
04/17/2022,OXC,CT,ANE,EN,Federal Contract Tower,0,2,8,0,10,0,1,8,0,9,0,3,16,0,19,0,0,0,19
04/18/2022,OXC,CT,ANE,EN,Federal Contract Tower,0,8,15,0,23,0,1,32,3,36,0,9,47,3,59,44,2,46,105
04/19/2022,OXC,CT,ANE,EN,Federal Contract Tower,0,4,11,0,15,0,0,0,0,0,0,4,11,0,15,0,0,0,15
04/20/2022,OXC,CT,ANE,EN,Federal Contract Tower,0,3,18,0,21,0,0,27,2,29,0,3,45,2,50,22,2,24,74
04/21/2022,OXC,CT,ANE,EN,Federal Contract Tower,0,7,10,0,17,0,2,43,4,49,0,9,53,4,66,30,0,30,96
04/22/2022,OXC,CT,ANE,EN,Federal Contract Tower,0,6,13,0,19,0,7,29,4,40,0,13,42,4,59,10,0,10,69
04/23/2022,OXC,CT,ANE,EN,Federal Contract Tower,0,7,12,0,19,0,4,77,2,83,0,11,89,2,102,60,4,64,166
04/24/2022,OXC,CT,ANE,EN,Federal Contract Tower,0,7,11,0,18,0,5,66,5,76,0,12,77,5,94,52,2,54,148
04/25/2022,OXC,CT,ANE,EN,Federal Contract Tower,0,3,13,0,16,0,10,46,2,58,0,13,59,2,74,70,0,70,144
04/26/2022,OXC,CT,ANE,EN,Federal Contract Tower,0,14,15,0,29,0,0,0,0,0,0,14,15,0,29,0,0,0,29
04/27/2022,OXC,CT,ANE,EN,Federal Contract Tower,0,4,7,0,11,0,10,15,10,35,0,14,22,10,46,8,0,8,54
04/28/2022,OXC,CT,ANE,EN,Federal Contract Tower,0,6,9,1,16,0,6,11,1,18,0,12,20,2,34,4,0,4,38
04/29/2022,OXC,CT,ANE,EN,Federal Contract Tower,0,10,9,0,19,0,13,19,2,34,0,23,28,2,53,18,0,18,71
04/30/2022,OXC,CT,ANE,EN,Federal Contract Tower,0,3,18,0,21,0,0,55,4,59,0,3,73,4,80,68,0,68,148
05/01/2022,OXC,CT,ANE,EN,Federal Contract Tower,0,6,11,0,17,0,1,113,0,114,0,7,124,0,131,92,0,92,223
05/02/2022,OXC,CT,ANE,EN,Federal Contract Tower,0,6,10,0,16,0,0,0,0,0,0,6,10,0,16,0,0,0,16
05/03/2022,OXC,CT,ANE,EN,Federal Contract Tower,0,6,17,0,23,0,0,1,0,1,0,6,18,0,24,32,0,32,56
05/04/2022,OXC,CT,ANE,EN,Federal Contract Tower,0,9,14,0,23,0,0,0,0,0,0,9,14,0,23,0,0,0,23
05/05/2022,OXC,CT,ANE,EN,Federal Contract Tower,0,10,24,0,34,0,5,78,8,91,0,15,102,8,125,106,12,118,243
05/06/2022,OXC,CT,ANE,EN,Federal Contract Tower,0,7,19,0,26,0,0,30,1,31,0,7,49,1,57,12,0,12,69
05/07/2022,OXC,CT,ANE,EN,Federal Contract Tower,0,9,4,0,13,0,2,2,0,4,0,11,6,0,17,4,0,4,21
05/08/2022,OXC,CT,ANE,EN,Federal Contract Tower,0,8,9,0,17,0,4,7,0,11,0,12,16,0,28,6,0,6,34
05/09/2022,OXC,CT,ANE,EN,Federal Contract Tower,0,9,12,0,21,0,4,14,0,18,0,13,26,0,39,0,0,0,39
05/10/2022,OXC,CT,ANE,EN,Federal Contract Tower,0,9,12,0,21,0,1,32,0,33,0,10,44,0,54,8,0,8,62
05/11/2022,OXC,CT,ANE,EN,Federal Contract Tower,0,7,10,0,17,0,0,47,2,49,0,7,57,2,66,34,4,38,104
05/12/2022,OXC,CT,ANE,EN,Federal Contract Tower,0,8,17,0,25,0,3,53,4,60,0,11,70,4,85,104,0,104,189
05/13/2022,OXC,CT,ANE,EN,Federal Contract Tower,0,11,13,0,24,0,0,7,0,7,0,11,20,0,31,0,0,0,31
05/14/2022,OXC,CT,ANE,EN,Federal Contract Tower,0,6,16,0,22,0,0,24,1,25,0,6,40,1,47,56,0,56,103
05/15/2022,OXC,CT,ANE,EN,Federal Contract Tower,0,8,17,0,25,0,1,26,0,27,0,9,43,0,52,38,0,38,90
05/16/2022,OXC,CT,ANE,EN,Federal Contract Tower,0,8,5,0,13,0,1,15,2,18,0,9,20,2,31,30,0,30,61
05/17/2022,OXC,CT,ANE,EN,Federal Contract Tower,0,2,12,0,14,0,11,27,2,40,0,13,39,2,54,22,0,22,76
05/18/2022,OXC,CT,ANE,EN,Federal Contract Tower,0,4,14,0,18,0,7,60,2,69,0,11,74,2,87,100,0,100,187
05/19/2022,OXC,CT,ANE,EN,Federal Contract Tower,0,15,18,0,33,0,0,1,0,1,0,15,19,0,34,50,0,50,84
05/20/2022,OXC,CT,ANE,EN,Federal Contract Tower,0,9,17,0,26,0,5,24,2,31,0,14,41,2,57,12,2,14,71
05/21/2022,OXC,CT,ANE,EN,Federal Contract Tower,0,10,7,0,17,0,3,66,3,72,0,13,73,3,89,82,6,88,177
05/22/2022,OXC,CT,ANE,EN,Federal Contract Tower,0,11,6,0,17,0,4,39,4,47,0,15,45,4,64,26,4,30,94
05/23/2022,OXC,CT,ANE,EN,Federal Contract Tower,0,4,8,0,12,0,2,74,0,76,0,6,82,0,88,100,2,102,190
05/24/2022,OXC,CT,ANE,EN,Federal Contract Tower,0,3,17,0,20,0,9,77,4,90,0,12,94,4,110,94,0,94,204
05/25/2022,OXC,CT,ANE,EN,Federal Contract Tower,0,6,23,2,31,0,21,70,2,93,0,27,93,4,124,68,0,68,192
05/26/2022,OXC,CT,ANE,EN,Federal Contract Tower,0,8,19,0,27,0,11,48,4,63,0,19,67,4,90,22,10,32,122
05/27/2022,OXC,CT,ANE,EN,Federal Contract Tower,0,7,19,0,26,0,0,2,0,2,0,7,21,0,28,0,0,0,28
05/28/2022,OXC,CT,ANE,EN,Federal Contract Tower,0,6,11,0,17,0,0,7,0,7,0,6,18,0,24,0,0,0,24
05/29/2022,OXC,CT,ANE,EN,Federal Contract Tower,0,2,23,0,25,0,21,47,0,68,0,23,70,0,93,88,0,88,181
05/30/2022,OXC,CT,ANE,EN,Federal Contract Tower,0,6,6,0,12,0,6,79,0,85,0,12,85,0,97,40,0,40,137
05/31/2022,OXC,CT,ANE,EN,Federal Contract Tower,0,2,12,0,14,0,6,36,2,44,0,8,48,2,58,62,0,62,120
06/01/2022,OXC,CT,ANE,EN,Federal Contract Tower,0,7,7,0,14,0,2,29,6,37,0,9,36,6,51,38,0,38,89
06/02/2022,OXC,CT,ANE,EN,Federal Contract Tower,0,11,16,0,27,0,2,6,0,8,0,13,22,0,35,2,0,2,37
06/03/2022,OXC,CT,ANE,EN,Federal Contract Tower,0,12,20,0,32,0,1,16,4,21,0,13,36,4,53,32,0,32,85
06/04/2022,OXC,CT,ANE,EN,Federal Contract Tower,0,5,15,0,20,0,6,71,3,80,0,11,86,3,100,66,2,68,168
06/05/2022,OXC,CT,ANE,EN,Federal Contract Tower,0,9,13,0,22,0,7,66,3,76,0,16,79,3,98,42,0,42,140
06/06/2022,OXC,CT,ANE,EN,Federal Contract Tower,0,5,11,0,16,0,2,44,1,47,0,7,55,1,63,96,0,96,159
06/07/2022,OXC,CT,ANE,EN,Federal Contract Tower,0,3,10,0,13,0,8,32,2,42,0,11,42,2,55,48,0,48,103
06/08/2022,OXC,CT,ANE,EN,Federal Contract Tower,0,8,16,0,24,0,2,29,0,31,0,10,45,0,55,20,0,20,75
06/09/2022,OXC,CT,ANE,EN,Federal Contract Tower,0,4,10,0,14,7,15,2,0,24,7,19,12,0,38,16,0,16,54
06/10/2022,OXC,CT,ANE,EN,Federal Contract Tower,0,2,25,0,27,0,7,63,2,72,0,9,88,2,99,112,0,112,211
06/11/2022,OXC,CT,ANE,EN,Federal Contract Tower,0,2,10,0,12,0,12,54,2,68,0,14,64,2,80,106,0,106,186
06/12/2022,OXC,CT,ANE,EN,Federal Contract Tower,0,13,24,0,37,0,0,5,0,5,0,13,29,0,42,0,0,0,42
06/13/2022,OXC,CT,ANE,EN,Federal Contract Tower,0,2,8,0,10,0,1,40,7,48,0,3,48,7,58,46,0,46,104
06/14/2022,OXC,CT,ANE,EN,Federal Contract Tower,0,6,10,0,16,0,3,64,2,69,0,9,74,2,85,34,0,34,119
06/15/2022,OXC,CT,ANE,EN,Federal Contract Tower,0,6,19,0,25,0,2,70,3,75,0,8,89,3,100,64,0,64,164
06/16/2022,OXC,CT,ANE,EN,Federal Contract Tower,0,10,16,0,26,0,1,9,0,10,0,11,25,0,36,20,0,20,56
06/17/2022,OXC,CT,ANE,EN,Federal Contract Tower,0,12,12,0,24,0,5,27,2,34,0,17,39,2,58,56,0,56,114
06/18/2022,OXC,CT,ANE,EN,Federal Contract Tower,0,11,9,0,20,0,7,11,1,19,0,18,20,1,39,6,0,6,45
06/19/2022,OXC,CT,ANE,EN,Federal Contract Tower,0,5,5,0,10,0,16,21,0,37,0,21,26,0,47,10,0,10,57
06/20/2022,OXC,CT,ANE,EN,Federal Contract Tower,0,14,7,1,22,0,3,62,3,68,0,17,69,4,90,72,0,72,162
06/21/2022,OXC,CT,ANE,EN,Federal Contract Tower,0,4,17,2,23,0,19,71,20,110,0,23,88,22,133,62,2,64,197
06/22/2022,OXC,CT,ANE,EN,Federal Contract Tower,0,5,17,0,22,0,0,0,0,0,0,5,17,0,22,0,0,0,22
06/23/2022,OXC,CT,ANE,EN,Federal Contract Tower,0,14,31,0,45,0,2,26,0,28,0,16,57,0,73,60,0,60,133
06/24/2022,OXC,CT,ANE,EN,Federal Contract Tower,0,8,18,0,26,0,6,48,5,59,0,14,66,5,85,30,0,30,115
06/25/2022,OXC,CT,ANE,EN,Federal Contract Tower,0,8,14,0,22,0,15,102,5,122,0,23,116,5,144,150,2,152,296
06/26/2022,OXC,CT,ANE,EN,Federal Contract Tower,0,10,22,0,32,0,10,49,2,61,0,20,71,2,93,50,0,50,143
06/27/2022,OXC,CT,ANE,EN,Federal Contract Tower,0,6,13,0,19,0,3,2,0,5,0,9,15,0,24,2,0,2,26
06/28/2022,OXC,CT,ANE,EN,Federal Contract Tower,0,5,8,0,13,0,6,76,9,91,0,11,84,9,104,76,8,84,188
06/29/2022,OXC,CT,ANE,EN,Federal Contract Tower,0,7,13,0,20,0,16,69,2,87,0,23,82,2,107,68,0,68,175
06/30/2022,OXC,CT,ANE,EN,Federal Contract Tower,0,13,17,0,30,0,19,76,9,104,0,32,93,9,134,104,6,110,244
07/01/2022,OXC,CT,ANE,EN,Federal Contract Tower,0,12,13,0,25,0,14,34,5,53,0,26,47,5,78,36,2,38,116
07/02/2022,OXC,CT,ANE,EN,Federal Contract Tower,0,10,6,0,16,0,5,19,2,26,0,15,25,2,42,26,0,26,68
07/03/2022,OXC,CT,ANE,EN,Federal Contract Tower,0,4,8,0,12,0,3,64,2,69,0,7,72,2,81,112,2,114,195
07/04/2022,OXC,CT,ANE,EN,Federal Contract Tower,0,5,6,0,11,0,12,56,1,69,0,17,62,1,80,28,0,28,108
07/05/2022,OXC,CT,ANE,EN,Federal Contract Tower,0,9,13,0,22,0,9,29,0,38,0,18,42,0,60,14,0,14,74
07/06/2022,OXC,CT,ANE,EN,Federal Contract Tower,0,9,10,2,21,0,5,51,6,62,0,14,61,8,83,32,12,44,127
07/07/2022,OXC,CT,ANE,EN,Federal Contract Tower,0,14,8,0,22,0,2,50,6,58,0,16,58,6,80,38,4,42,122
07/08/2022,OXC,CT,ANE,EN,Federal Contract Tower,0,9,17,0,26,0,6,33,0,39,0,15,50,0,65,64,0,64,129
07/09/2022,OXC,CT,ANE,EN,Federal Contract Tower,0,3,8,2,13,0,7,72,7,86,0,10,80,9,99,182,0,182,281
07/10/2022,OXC,CT,ANE,EN,Federal Contract Tower,0,13,13,0,26,0,6,57,4,67,0,19,70,4,93,56,0,56,149
07/11/2022,OXC,CT,ANE,EN,Federal Contract Tower,0,11,8,0,19,0,5,66,2,73,0,16,74,2,92,40,2,42,134
07/12/2022,OXC,CT,ANE,EN,Federal Contract Tower,0,4,9,4,17,0,1,37,0,38,0,5,46,4,55,48,0,48,103
07/13/2022,OXC,CT,ANE,EN,Federal Contract Tower,0,3,7,2,12,0,5,67,4,76,0,8,74,6,88,28,2,30,118
07/14/2022,OXC,CT,ANE,EN,Federal Contract Tower,0,13,20,0,33,0,15,54,8,77,0,28,74,8,110,54,0,54,164
07/15/2022,OXC,CT,ANE,EN,Federal Contract Tower,0,6,7,0,13,0,11,57,6,74,0,17,64,6,87,78,2,80,167
07/16/2022,OXC,CT,ANE,EN,Federal Contract Tower,0,11,9,0,20,0,4,61,0,65,0,15,70,0,85,88,0,88,173
07/17/2022,OXC,CT,ANE,EN,Federal Contract Tower,0,8,17,0,25,0,5,36,0,41,0,13,53,0,66,60,0,60,126
07/18/2022,OXC,CT,ANE,EN,Federal Contract Tower,0,20,7,0,27,0,0,0,0,0,0,20,7,0,27,0,0,0,27
07/19/2022,OXC,CT,ANE,EN,Federal Contract Tower,0,12,3,0,15,0,9,61,0,70,0,21,64,0,85,88,0,88,173
07/20/2022,OXC,CT,ANE,EN,Federal Contract Tower,0,12,9,0,21,0,1,65,4,70,0,13,74,4,91,92,4,96,187
07/21/2022,OXC,CT,ANE,EN,Federal Contract Tower,0,11,7,0,18,0,3,30,4,37,0,14,37,4,55,12,0,12,67
07/22/2022,OXC,CT,ANE,EN,Federal Contract Tower,0,6,13,0,19,0,5,57,2,64,0,11,70,2,83,88,0,88,171
07/23/2022,OXC,CT,ANE,EN,Federal Contract Tower,0,6,6,0,12,0,4,52,0,56,0,10,58,0,68,110,0,110,178
07/24/2022,OXC,CT,ANE,EN,Federal Contract Tower,0,13,7,0,20,0,0,53,2,55,0,13,60,2,75,74,0,74,149
07/25/2022,OXC,CT,ANE,EN,Federal Contract Tower,0,5,16,0,21,0,1,10,2,13,0,6,26,2,34,8,0,8,42
07/26/2022,OXC,CT,ANE,EN,Federal Contract Tower,0,3,12,0,15,0,5,44,2,51,0,8,56,2,66,76,0,76,142
07/27/2022,OXC,CT,ANE,EN,Federal Contract Tower,0,6,9,4,19,0,5,58,10,73,0,11,67,14,92,54,0,54,146
07/28/2022,OXC,CT,ANE,EN,Federal Contract Tower,0,7,7,0,14,0,2,17,2,21,0,9,24,2,35,8,0,8,43
07/29/2022,OXC,CT,ANE,EN,Federal Contract Tower,0,7,12,0,19,0,3,44,3,50,0,10,56,3,69,38,0,38,107
07/30/2022,OXC,CT,ANE,EN,Federal Contract Tower,0,7,13,0,20,0,3,57,3,63,0,10,70,3,83,38,0,38,121
07/31/2022,OXC,CT,ANE,EN,Federal Contract Tower,0,6,10,0,16,0,5,78,3,86,0,11,88,3,102,80,0,80,182
08/01/2022,OXC,CT,ANE,EN,Federal Contract Tower,0,16,24,0,40,0,0,13,2,15,0,16,37,2,55,56,4,60,115
08/02/2022,OXC,CT,ANE,EN,Federal Contract Tower,0,8,15,0,23,0,9,37,4,50,0,17,52,4,73,66,0,66,139
08/03/2022,OXC,CT,ANE,EN,Federal Contract Tower,0,10,10,0,20,0,11,91,7,109,0,21,101,7,129,86,0,86,215
08/04/2022,OXC,CT,ANE,EN,Federal Contract Tower,0,2,14,0,16,0,11,67,2,80,0,13,81,2,96,66,0,66,162
08/05/2022,OXC,CT,ANE,EN,Federal Contract Tower,0,7,9,0,16,0,22,40,4,66,0,29,49,4,82,46,12,58,140
08/06/2022,OXC,CT,ANE,EN,Federal Contract Tower,0,10,11,0,21,0,16,51,6,73,0,26,62,6,94,82,0,82,176
08/07/2022,OXC,CT,ANE,EN,Federal Contract Tower,0,11,15,0,26,0,7,24,2,33,0,18,39,2,59,12,8,20,79
08/08/2022,OXC,CT,ANE,EN,Federal Contract Tower,0,2,17,0,19,0,6,21,0,27,0,8,38,0,46,30,6,36,82
08/09/2022,OXC,CT,ANE,EN,Federal Contract Tower,0,3,7,0,10,0,13,42,2,57,0,16,49,2,67,80,0,80,147
08/10/2022,OXC,CT,ANE,EN,Federal Contract Tower,0,8,12,0,20,0,3,48,2,53,0,11,60,2,73,122,0,122,195
08/11/2022,OXC,CT,ANE,EN,Federal Contract Tower,0,14,19,0,33,0,3,35,2,40,0,17,54,2,73,60,0,60,133
08/12/2022,OXC,CT,ANE,EN,Federal Contract Tower,0,5,14,0,19,0,13,74,1,88,0,18,88,1,107,126,14,140,247
08/13/2022,OXC,CT,ANE,EN,Federal Contract Tower,0,12,11,0,23,0,7,72,8,87,0,19,83,8,110,122,0,122,232
08/14/2022,OXC,CT,ANE,EN,Federal Contract Tower,0,8,11,1,20,0,7,66,0,73,0,15,77,1,93,28,0,28,121
08/15/2022,OXC,CT,ANE,EN,Federal Contract Tower,0,15,7,0,22,0,9,28,2,39,0,24,35,2,61,60,0,60,121
08/16/2022,OXC,CT,ANE,EN,Federal Contract Tower,0,2,17,0,19,0,6,38,4,48,0,8,55,4,67,36,0,36,103
08/17/2022,OXC,CT,ANE,EN,Federal Contract Tower,0,8,13,0,21,0,2,41,0,43,0,10,54,0,64,24,0,24,88
08/18/2022,OXC,CT,ANE,EN,Federal Contract Tower,0,3,10,0,13,0,5,57,8,70,0,8,67,8,83,98,10,108,191
08/19/2022,OXC,CT,ANE,EN,Federal Contract Tower,0,5,11,0,16,0,3,60,0,63,0,8,71,0,79,88,0,88,167
08/20/2022,OXC,CT,ANE,EN,Federal Contract Tower,0,8,6,0,14,0,6,70,4,80,0,14,76,4,94,88,4,92,186
08/21/2022,OXC,CT,ANE,EN,Federal Contract Tower,0,9,21,0,30,0,2,46,2,50,0,11,67,2,80,76,0,76,156
08/22/2022,OXC,CT,ANE,EN,Federal Contract Tower,0,13,6,0,19,0,1,1,0,2,0,14,7,0,21,0,0,0,21
08/23/2022,OXC,CT,ANE,EN,Federal Contract Tower,0,6,10,0,16,0,1,2,0,3,0,7,12,0,19,0,0,0,19
08/24/2022,OXC,CT,ANE,EN,Federal Contract Tower,0,4,8,2,14,0,4,63,8,75,0,8,71,10,89,102,10,112,201
08/25/2022,OXC,CT,ANE,EN,Federal Contract Tower,0,4,1,0,5,0,11,88,4,103,0,15,89,4,108,118,0,118,226
08/26/2022,OXC,CT,ANE,EN,Federal Contract Tower,0,12,17,0,29,0,5,47,1,53,0,17,64,1,82,108,2,110,192
08/27/2022,OXC,CT,ANE,EN,Federal Contract Tower,0,1,4,1,6,0,5,61,9,75,0,6,65,10,81,102,12,114,195
08/28/2022,OXC,CT,ANE,EN,Federal Contract Tower,0,20,22,0,42,0,4,31,0,35,0,24,53,0,77,34,0,34,111
08/29/2022,OXC,CT,ANE,EN,Federal Contract Tower,0,11,12,0,23,0,4,39,2,45,0,15,51,2,68,76,0,76,144
08/30/2022,OXC,CT,ANE,EN,Federal Contract Tower,0,13,19,0,32,0,3,30,2,35,0,16,49,2,67,38,0,38,105
08/31/2022,OXC,CT,ANE,EN,Federal Contract Tower,0,9,13,0,22,0,13,34,0,47,0,22,47,0,69,78,0,78,147
09/01/2022,OXC,CT,ANE,EN,Federal Contract Tower,0,5,8,0,13,0,5,40,6,51,0,10,48,6,64,54,0,54,118
09/02/2022,OXC,CT,ANE,EN,Federal Contract Tower,0,10,4,0,14,0,7,80,4,91,0,17,84,4,105,88,0,88,193
09/03/2022,OXC,CT,ANE,EN,Federal Contract Tower,0,1,2,0,3,0,4,58,2,64,0,5,60,2,67,60,0,60,127
09/04/2022,OXC,CT,ANE,EN,Federal Contract Tower,0,6,12,0,18,0,13,36,2,51,0,19,48,2,69,74,0,74,143
09/05/2022,OXC,CT,ANE,EN,Federal Contract Tower,0,14,18,0,32,0,0,1,0,1,0,14,19,0,33,0,0,0,33
09/06/2022,OXC,CT,ANE,EN,Federal Contract Tower,0,20,13,0,33,0,0,0,0,0,0,20,13,0,33,0,0,0,33
09/07/2022,OXC,CT,ANE,EN,Federal Contract Tower,0,19,22,0,41,0,3,12,3,18,0,22,34,3,59,38,0,38,97
09/08/2022,OXC,CT,ANE,EN,Federal Contract Tower,0,9,6,2,17,0,3,52,2,57,0,12,58,4,74,130,0,130,204
09/09/2022,OXC,CT,ANE,EN,Federal Contract Tower,0,2,11,0,13,0,7,73,9,89,0,9,84,9,102,164,4,168,270
09/10/2022,OXC,CT,ANE,EN,Federal Contract Tower,0,5,14,2,21,0,5,90,3,98,0,10,104,5,119,106,2,108,227
09/11/2022,OXC,CT,ANE,EN,Federal Contract Tower,0,9,27,0,36,0,4,49,6,59,0,13,76,6,95,106,0,106,201
09/12/2022,OXC,CT,ANE,EN,Federal Contract Tower,0,13,27,0,40,0,0,7,0,7,0,13,34,0,47,56,0,56,103
09/13/2022,OXC,CT,ANE,EN,Federal Contract Tower,0,12,10,0,22,0,0,2,0,2,0,12,12,0,24,0,0,0,24
09/14/2022,OXC,CT,ANE,EN,Federal Contract Tower,0,2,10,0,12,0,8,54,4,66,0,10,64,4,78,64,4,68,146
09/15/2022,OXC,CT,ANE,EN,Federal Contract Tower,0,6,9,0,15,0,4,45,0,49,0,10,54,0,64,32,0,32,96
09/16/2022,OXC,CT,ANE,EN,Federal Contract Tower,0,3,11,0,14,0,10,54,0,64,0,13,65,0,78,42,0,42,120
09/17/2022,OXC,CT,ANE,EN,Federal Contract Tower,0,4,5,0,9,0,0,46,5,51,0,4,51,5,60,60,0,60,120
09/18/2022,OXC,CT,ANE,EN,Federal Contract Tower,0,6,13,0,19,0,5,52,0,57,0,11,65,0,76,34,0,34,110
09/19/2022,OXC,CT,ANE,EN,Federal Contract Tower,0,15,9,0,24,0,8,31,3,42,0,23,40,3,66,20,1,21,87
09/20/2022,OXC,CT,ANE,EN,Federal Contract Tower,0,7,18,0,25,0,2,38,4,44,0,9,56,4,69,44,0,44,113
09/21/2022,OXC,CT,ANE,EN,Federal Contract Tower,0,7,16,0,23,0,2,37,7,46,0,9,53,7,69,18,0,18,87
09/22/2022,OXC,CT,ANE,EN,Federal Contract Tower,0,3,12,0,15,0,3,2,0,5,0,6,14,0,20,34,0,34,54
09/23/2022,OXC,CT,ANE,EN,Federal Contract Tower,0,9,11,0,20,0,5,15,0,20,0,14,26,0,40,0,0,0,40
09/24/2022,OXC,CT,ANE,EN,Federal Contract Tower,0,4,21,0,25,0,1,31,2,34,0,5,52,2,59,54,0,54,113
09/25/2022,OXC,CT,ANE,EN,Federal Contract Tower,0,10,6,0,16,0,4,24,0,28,0,14,30,0,44,40,0,40,84
09/26/2022,OXC,CT,ANE,EN,Federal Contract Tower,0,1,6,0,7,0,5,28,2,35,0,6,34,2,42,22,0,22,64
09/27/2022,OXC,CT,ANE,EN,Federal Contract Tower,0,6,18,0,24,0,4,48,6,58,0,10,66,6,82,44,0,44,126
09/28/2022,OXC,CT,ANE,EN,Federal Contract Tower,0,6,11,0,17,0,8,57,2,67,0,14,68,2,84,106,0,106,190
09/29/2022,OXC,CT,ANE,EN,Federal Contract Tower,0,9,9,0,18,0,7,66,5,78,0,16,75,5,96,97,2,99,195
09/30/2022,OXC,CT,ANE,EN,Federal Contract Tower,0,6,14,0,20,0,6,72,2,80,0,12,86,2,100,144,0,144,244
10/01/2022,OXC,CT,ANE,EN,Federal Contract Tower,0,4,14,0,18,0,0,0,0,0,0,4,14,0,18,14,0,14,32
10/02/2022,OXC,CT,ANE,EN,Federal Contract Tower,0,17,6,0,23,0,2,3,0,5,0,19,9,0,28,0,0,0,28
10/03/2022,OXC,CT,ANE,EN,Federal Contract Tower,0,6,7,0,13,0,3,5,2,10,0,9,12,2,23,6,0,6,29
10/04/2022,OXC,CT,ANE,EN,Federal Contract Tower,0,6,7,0,13,0,0,0,0,0,0,6,7,0,13,0,0,0,13
10/05/2022,OXC,CT,ANE,EN,Federal Contract Tower,0,6,10,0,16,0,0,0,0,0,0,6,10,0,16,0,0,0,16
10/06/2022,OXC,CT,ANE,EN,Federal Contract Tower,0,10,17,2,29,0,5,78,8,91,0,15,95,10,120,190,4,194,314
10/07/2022,OXC,CT,ANE,EN,Federal Contract Tower,0,15,13,0,28,0,7,54,5,66,0,22,67,5,94,34,0,34,128
10/08/2022,OXC,CT,ANE,EN,Federal Contract Tower,0,8,12,0,20,0,12,42,0,54,0,20,54,0,74,130,0,130,204
10/09/2022,OXC,CT,ANE,EN,Federal Contract Tower,0,9,15,0,24,0,6,51,0,57,0,15,66,0,81,47,0,47,128
10/10/2022,OXC,CT,ANE,EN,Federal Contract Tower,0,14,19,0,33,0,8,51,2,61,0,22,70,2,94,42,0,42,136
10/11/2022,OXC,CT,ANE,EN,Federal Contract Tower,0,6,13,0,19,0,6,70,1,77,0,12,83,1,96,56,0,56,152
10/12/2022,OXC,CT,ANE,EN,Federal Contract Tower,0,17,17,0,34,0,3,62,4,69,0,20,79,4,103,36,4,40,143
10/13/2022,OXC,CT,ANE,EN,Federal Contract Tower,0,12,11,0,23,0,0,0,0,0,0,12,11,0,23,0,0,0,23
10/14/2022,OXC,CT,ANE,EN,Federal Contract Tower,0,11,18,0,29,0,7,24,2,33,0,18,42,2,62,38,0,38,100
10/15/2022,OXC,CT,ANE,EN,Federal Contract Tower,0,5,17,0,22,0,4,82,6,92,0,9,99,6,114,140,0,140,254
10/16/2022,OXC,CT,ANE,EN,Federal Contract Tower,0,10,11,0,21,0,2,70,4,76,0,12,81,4,97,70,4,74,171
10/17/2022,OXC,CT,ANE,EN,Federal Contract Tower,0,12,21,0,33,0,1,5,0,6,0,13,26,0,39,0,0,0,39
10/18/2022,OXC,CT,ANE,EN,Federal Contract Tower,0,8,14,0,22,0,8,45,6,59,0,16,59,6,81,66,18,84,165
10/19/2022,OXC,CT,ANE,EN,Federal Contract Tower,0,12,9,0,21,0,1,17,4,22,0,13,26,4,43,32,0,32,75
10/20/2022,OXC,CT,ANE,EN,Federal Contract Tower,0,8,9,0,17,0,8,31,0,39,0,16,40,0,56,26,0,26,82
10/21/2022,OXC,CT,ANE,EN,Federal Contract Tower,0,13,11,0,24,0,3,78,5,86,0,16,89,5,110,86,0,86,196
10/22/2022,OXC,CT,ANE,EN,Federal Contract Tower,0,9,14,0,23,0,0,102,0,102,0,9,116,0,125,75,0,75,200
10/23/2022,OXC,CT,ANE,EN,Federal Contract Tower,0,7,14,0,21,0,2,29,0,31,0,9,43,0,52,38,0,38,90
10/24/2022,OXC,CT,ANE,EN,Federal Contract Tower,0,18,6,0,24,0,0,0,0,0,0,18,6,0,24,0,0,0,24
10/25/2022,OXC,CT,ANE,EN,Federal Contract Tower,0,6,9,0,15,0,0,0,0,0,0,6,9,0,15,0,0,0,15
10/26/2022,OXC,CT,ANE,EN,Federal Contract Tower,0,14,11,4,29,0,1,3,2,6,0,15,14,6,35,0,0,0,35
10/27/2022,OXC,CT,ANE,EN,Federal Contract Tower,0,9,14,0,23,0,5,46,5,56,0,14,60,5,79,16,0,16,95
10/28/2022,OXC,CT,ANE,EN,Federal Contract Tower,0,8,9,0,17,0,1,72,5,78,0,9,81,5,95,88,2,90,185
10/29/2022,OXC,CT,ANE,EN,Federal Contract Tower,0,6,11,0,17,0,1,96,3,100,0,7,107,3,117,156,6,162,279
10/30/2022,OXC,CT,ANE,EN,Federal Contract Tower,0,7,12,0,19,0,2,75,0,77,0,9,87,0,96,88,0,88,184
10/31/2022,OXC,CT,ANE,EN,Federal Contract Tower,0,7,13,0,20,0,6,27,4,37,0,13,40,4,57,52,0,52,109
11/01/2022,OXC,CT,ANE,EN,Federal Contract Tower,0,5,8,0,13,0,0,0,0,0,0,5,8,0,13,0,0,0,13
11/02/2022,OXC,CT,ANE,EN,Federal Contract Tower,0,7,12,0,19,0,5,75,2,82,0,12,87,2,101,32,20,52,153
11/03/2022,OXC,CT,ANE,EN,Federal Contract Tower,0,11,11,0,22,0,7,64,2,73,0,18,75,2,95,84,0,84,179
11/04/2022,OXC,CT,ANE,EN,Federal Contract Tower,0,8,14,0,22,0,3,36,0,39,0,11,50,0,61,100,20,120,181
11/05/2022,OXC,CT,ANE,EN,Federal Contract Tower,0,3,8,0,11,0,3,32,2,37,0,6,40,2,48,26,0,26,74
11/06/2022,OXC,CT,ANE,EN,Federal Contract Tower,0,11,20,0,31,0,5,15,0,20,0,16,35,0,51,22,0,22,73
11/07/2022,OXC,CT,ANE,EN,Federal Contract Tower,0,5,11,0,16,0,12,31,0,43,0,17,42,0,59,12,8,20,79
11/08/2022,OXC,CT,ANE,EN,Federal Contract Tower,0,6,13,0,19,0,6,27,5,38,0,12,40,5,57,12,2,14,71
11/09/2022,OXC,CT,ANE,EN,Federal Contract Tower,0,7,16,0,23,0,4,65,6,75,0,11,81,6,98,42,26,68,166
11/10/2022,OXC,CT,ANE,EN,Federal Contract Tower,0,4,24,2,30,0,6,48,1,55,0,10,72,3,85,34,2,36,121
11/11/2022,OXC,CT,ANE,EN,Federal Contract Tower,0,5,8,0,13,0,0,4,0,4,0,5,12,0,17,4,0,4,21
11/12/2022,OXC,CT,ANE,EN,Federal Contract Tower,0,15,6,0,21,0,3,37,0,40,0,18,43,0,61,46,0,46,107
11/13/2022,OXC,CT,ANE,EN,Federal Contract Tower,0,17,17,0,34,0,3,17,4,24,0,20,34,4,58,30,0,30,88
11/14/2022,OXC,CT,ANE,EN,Federal Contract Tower,0,8,15,1,24,0,2,38,4,44,0,10,53,5,68,44,12,56,124
11/15/2022,OXC,CT,ANE,EN,Federal Contract Tower,0,4,6,0,10,0,1,36,0,37,0,5,42,0,47,58,0,58,105
11/16/2022,OXC,CT,ANE,EN,Federal Contract Tower,0,7,12,0,19,0,0,0,0,0,0,7,12,0,19,16,0,16,35
11/17/2022,OXC,CT,ANE,EN,Federal Contract Tower,0,7,9,0,16,0,0,25,4,29,0,7,34,4,45,16,0,16,61
11/18/2022,OXC,CT,ANE,EN,Federal Contract Tower,0,8,13,0,21,0,5,43,0,48,0,13,56,0,69,50,0,50,119
11/19/2022,OXC,CT,ANE,EN,Federal Contract Tower,0,11,16,0,27,0,0,48,2,50,0,11,64,2,77,38,0,38,115
11/20/2022,OXC,CT,ANE,EN,Federal Contract Tower,0,4,6,0,10,0,3,8,2,13,0,7,14,2,23,2,0,2,25
11/21/2022,OXC,CT,ANE,EN,Federal Contract Tower,0,3,10,0,13,0,1,36,0,37,0,4,46,0,50,38,0,38,88
11/22/2022,OXC,CT,ANE,EN,Federal Contract Tower,0,11,9,1,21,0,12,64,6,82,0,23,73,7,103,56,6,62,165
11/23/2022,OXC,CT,ANE,EN,Federal Contract Tower,0,7,11,0,18,0,8,64,8,80,0,15,75,8,98,78,8,86,184
11/24/2022,OXC,CT,ANE,EN,Federal Contract Tower,0,2,1,0,3,0,3,17,2,22,0,5,18,2,25,2,0,2,27
11/25/2022,OXC,CT,ANE,EN,Federal Contract Tower,0,2,7,0,9,0,0,3,0,3,0,2,10,0,12,0,0,0,12
11/26/2022,OXC,CT,ANE,EN,Federal Contract Tower,0,10,9,0,19,0,4,50,4,58,0,14,59,4,77,28,0,28,105
11/27/2022,OXC,CT,ANE,EN,Federal Contract Tower,0,11,18,0,29,0,0,23,0,23,0,11,41,0,52,14,28,42,94
11/28/2022,OXC,CT,ANE,EN,Federal Contract Tower,0,19,25,0,44,0,15,24,0,39,0,34,49,0,83,16,0,16,99
11/29/2022,OXC,CT,ANE,EN,Federal Contract Tower,0,5,8,2,15,0,10,47,10,67,0,15,55,12,82,50,20,70,152
11/30/2022,OXC,CT,ANE,EN,Federal Contract Tower,0,3,5,0,8,0,0,0,0,0,0,3,5,0,8,0,0,0,8
12/01/2022,OXC,CT,ANE,EN,Federal Contract Tower,0,5,9,0,14,0,5,14,2,21,0,10,23,2,35,6,6,12,47
12/02/2022,OXC,CT,ANE,EN,Federal Contract Tower,0,5,15,0,20,0,8,69,10,87,0,13,84,10,107,34,20,54,161
12/03/2022,OXC,CT,ANE,EN,Federal Contract Tower,0,7,4,0,11,0,0,0,0,0,0,7,4,0,11,0,0,0,11
12/04/2022,OXC,CT,ANE,EN,Federal Contract Tower,0,8,13,0,21,0,5,67,4,76,0,13,80,4,97,130,18,148,245
12/05/2022,OXC,CT,ANE,EN,Federal Contract Tower,0,10,13,0,23,0,16,46,8,70,0,26,59,8,93,14,2,16,109
12/06/2022,OXC,CT,ANE,EN,Federal Contract Tower,0,7,11,0,18,0,2,2,0,4,0,9,13,0,22,0,0,0,22
12/07/2022,OXC,CT,ANE,EN,Federal Contract Tower,0,3,8,0,11,0,0,0,0,0,0,3,8,0,11,0,0,0,11
12/08/2022,OXC,CT,ANE,EN,Federal Contract Tower,0,9,17,0,26,0,9,47,4,60,0,18,64,4,86,24,2,26,112
12/09/2022,OXC,CT,ANE,EN,Federal Contract Tower,0,3,7,0,10,0,4,57,6,67,0,7,64,6,77,76,16,92,169
12/10/2022,OXC,CT,ANE,EN,Federal Contract Tower,0,1,8,0,9,0,2,59,4,65,0,3,67,4,74,112,2,114,188
12/11/2022,OXC,CT,ANE,EN,Federal Contract Tower,0,9,15,0,24,0,1,0,4,5,0,10,15,4,29,0,0,0,29
12/12/2022,OXC,CT,ANE,EN,Federal Contract Tower,0,7,10,0,17,0,3,15,0,18,0,10,25,0,35,46,0,46,81
12/13/2022,OXC,CT,ANE,EN,Federal Contract Tower,0,6,7,1,14,0,8,52,6,66,0,14,59,7,80,60,10,70,150
12/14/2022,OXC,CT,ANE,EN,Federal Contract Tower,0,6,13,0,19,0,13,32,4,49,0,19,45,4,68,28,0,28,96
12/15/2022,OXC,CT,ANE,EN,Federal Contract Tower,0,13,9,0,22,0,3,13,6,22,0,16,22,6,44,59,4,63,107
12/16/2022,OXC,CT,ANE,EN,Federal Contract Tower,0,18,10,0,28,0,0,0,0,0,0,18,10,0,28,0,0,0,28
12/17/2022,OXC,CT,ANE,EN,Federal Contract Tower,0,10,11,0,21,0,3,24,0,27,0,13,35,0,48,44,0,44,92
12/18/2022,OXC,CT,ANE,EN,Federal Contract Tower,0,12,12,0,24,0,2,46,2,50,0,14,58,2,74,80,0,80,154
12/19/2022,OXC,CT,ANE,EN,Federal Contract Tower,0,3,9,0,12,0,3,19,4,26,0,6,28,4,38,4,0,4,42
12/20/2022,OXC,CT,ANE,EN,Federal Contract Tower,0,8,6,0,14,0,8,39,8,55,0,16,45,8,69,40,0,40,109
12/21/2022,OXC,CT,ANE,EN,Federal Contract Tower,0,8,11,0,19,0,2,60,4,66,0,10,71,4,85,54,6,60,145
12/22/2022,OXC,CT,ANE,EN,Federal Contract Tower,0,12,11,0,23,0,1,5,2,8,0,13,16,2,31,6,0,6,37
12/23/2022,OXC,CT,ANE,EN,Federal Contract Tower,0,1,0,0,1,0,0,0,0,0,0,1,0,0,1,0,0,0,1
12/24/2022,OXC,CT,ANE,EN,Federal Contract Tower,0,6,4,0,10,0,1,4,0,5,0,7,8,0,15,6,0,6,21
12/25/2022,OXC,CT,ANE,EN,Federal Contract Tower,0,6,5,0,11,0,3,3,0,6,0,9,8,0,17,0,0,0,17
12/26/2022,OXC,CT,ANE,EN,Federal Contract Tower,0,8,11,0,19,0,7,39,2,48,0,15,50,2,67,40,0,40,107
12/27/2022,OXC,CT,ANE,EN,Federal Contract Tower,0,9,17,0,26,0,4,46,4,54,0,13,63,4,80,18,0,18,98
12/28/2022,OXC,CT,ANE,EN,Federal Contract Tower,0,5,7,0,12,0,2,62,2,66,0,7,69,2,78,90,0,90,168
12/29/2022,OXC,CT,ANE,EN,Federal Contract Tower,0,5,1,0,6,0,4,63,4,71,0,9,64,4,77,60,4,64,141
12/30/2022,OXC,CT,ANE,EN,Federal Contract Tower,0,8,8,0,16,0,5,64,6,75,0,13,72,6,91,60,16,76,167
12/31/2022,OXC,CT,ANE,EN,Federal Contract Tower,0,1,0,0,1,0,0,0,0,0,0,1,0,0,1,0,0,0,1
01/01/2023,OXC,CT,ANE,EN,Federal Contract Tower,0,9,10,0,19,0,2,26,1,29,0,11,36,1,48,10,4,14,62
01/02/2023,OXC,CT,ANE,EN,Federal Contract Tower,0,9,26,0,35,0,6,58,3,67,0,15,84,3,102,122,0,122,224
01/03/2023,OXC,CT,ANE,EN,Federal Contract Tower,0,3,12,0,15,0,0,0,0,0,0,3,12,0,15,0,0,0,15
01/04/2023,OXC,CT,ANE,EN,Federal Contract Tower,0,7,15,3,25,0,1,5,3,9,0,8,20,6,34,38,0,38,72
01/05/2023,OXC,CT,ANE,EN,Federal Contract Tower,0,3,9,0,12,0,0,0,0,0,0,3,9,0,12,0,0,0,12
01/06/2023,OXC,CT,ANE,EN,Federal Contract Tower,0,5,6,0,11,0,0,0,0,0,0,5,6,0,11,0,0,0,11
01/07/2023,OXC,CT,ANE,EN,Federal Contract Tower,0,5,9,0,14,0,2,50,1,53,0,7,59,1,67,114,4,118,185
01/08/2023,OXC,CT,ANE,EN,Federal Contract Tower,0,4,19,0,23,0,0,91,1,92,0,4,110,1,115,154,20,174,289
01/09/2023,OXC,CT,ANE,EN,Federal Contract Tower,0,0,8,0,8,0,2,13,4,19,0,2,21,4,27,8,0,8,35
01/10/2023,OXC,CT,ANE,EN,Federal Contract Tower,0,2,13,0,15,0,0,31,11,42,0,2,44,11,57,44,0,44,101
01/11/2023,OXC,CT,ANE,EN,Federal Contract Tower,0,5,3,0,8,0,4,41,10,55,0,9,44,10,63,62,0,62,125
01/12/2023,OXC,CT,ANE,EN,Federal Contract Tower,0,1,3,0,4,0,0,0,0,0,0,1,3,0,4,0,0,0,4
01/13/2023,OXC,CT,ANE,EN,Federal Contract Tower,0,14,14,0,28,0,0,0,0,0,0,14,14,0,28,0,0,0,28
01/14/2023,OXC,CT,ANE,EN,Federal Contract Tower,0,7,5,0,12,0,1,4,0,5,0,8,9,0,17,4,0,4,21
01/15/2023,OXC,CT,ANE,EN,Federal Contract Tower,0,7,6,0,13,0,5,33,0,38,0,12,39,0,51,16,0,16,67
01/16/2023,OXC,CT,ANE,EN,Federal Contract Tower,0,8,9,0,17,0,11,34,2,47,0,19,43,2,64,38,6,44,108
01/17/2023,OXC,CT,ANE,EN,Federal Contract Tower,0,6,16,0,22,0,3,44,9,56,0,9,60,9,78,24,2,26,104
01/18/2023,OXC,CT,ANE,EN,Federal Contract Tower,0,7,13,0,20,0,0,31,2,33,0,7,44,2,53,18,2,20,73
01/19/2023,OXC,CT,ANE,EN,Federal Contract Tower,0,7,14,0,21,0,1,2,0,3,0,8,16,0,24,8,0,8,32
01/20/2023,OXC,CT,ANE,EN,Federal Contract Tower,0,4,6,0,10,0,0,0,0,0,0,4,6,0,10,0,0,0,10
01/21/2023,OXC,CT,ANE,EN,Federal Contract Tower,0,4,9,0,13,0,4,63,5,72,0,8,72,5,85,110,12,122,207
01/22/2023,OXC,CT,ANE,EN,Federal Contract Tower,0,4,7,0,11,0,1,9,0,10,0,5,16,0,21,64,0,64,85
01/23/2023,OXC,CT,ANE,EN,Federal Contract Tower,0,11,2,0,13,0,0,0,0,0,0,11,2,0,13,0,0,0,13
01/24/2023,OXC,CT,ANE,EN,Federal Contract Tower,0,5,10,0,15,0,2,25,4,31,0,7,35,4,46,0,4,4,50
01/25/2023,OXC,CT,ANE,EN,Federal Contract Tower,0,4,3,0,7,0,1,7,0,8,0,5,10,0,15,0,0,0,15
01/26/2023,OXC,CT,ANE,EN,Federal Contract Tower,0,5,12,0,17,0,0,3,0,3,0,5,15,0,20,0,0,0,20
01/27/2023,OXC,CT,ANE,EN,Federal Contract Tower,0,8,11,0,19,0,11,44,7,62,0,19,55,7,81,54,0,54,135
01/28/2023,OXC,CT,ANE,EN,Federal Contract Tower,0,3,7,1,11,0,12,53,0,65,0,15,60,1,76,60,0,60,136
01/29/2023,OXC,CT,ANE,EN,Federal Contract Tower,0,8,9,0,17,0,5,62,2,69,0,13,71,2,86,89,6,95,181
01/30/2023,OXC,CT,ANE,EN,Federal Contract Tower,0,5,9,0,14,0,0,32,2,34,0,5,41,2,48,22,0,22,70
01/31/2023,OXC,CT,ANE,EN,Federal Contract Tower,0,5,6,0,11,0,3,29,3,35,0,8,35,3,46,18,0,18,64
02/01/2023,OXC,CT,ANE,EN,Federal Contract Tower,0,3,1,0,4,0,1,48,0,49,0,4,49,0,53,60,0,60,113
02/02/2023,OXC,CT,ANE,EN,Federal Contract Tower,0,4,9,0,13,0,3,29,2,34,0,7,38,2,47,50,0,50,97
02/03/2023,OXC,CT,ANE,EN,Federal Contract Tower,0,11,10,0,21,0,2,8,0,10,0,13,18,0,31,2,0,2,33
02/04/2023,OXC,CT,ANE,EN,Federal Contract Tower,0,2,5,0,7,0,1,25,0,26,0,3,30,0,33,26,0,26,59
02/05/2023,OXC,CT,ANE,EN,Federal Contract Tower,0,8,6,0,14,0,2,29,0,31,0,10,35,0,45,60,0,60,105
02/06/2023,OXC,CT,ANE,EN,Federal Contract Tower,0,5,14,0,19,0,0,22,0,22,0,5,36,0,41,8,0,8,49
02/07/2023,OXC,CT,ANE,EN,Federal Contract Tower,0,7,15,0,22,0,4,54,2,60,0,11,69,2,82,14,0,14,96
02/08/2023,OXC,CT,ANE,EN,Federal Contract Tower,0,7,17,0,24,0,5,51,0,56,0,12,68,0,80,24,0,24,104
02/09/2023,OXC,CT,ANE,EN,Federal Contract Tower,0,11,11,2,24,0,4,23,1,28,0,15,34,3,52,64,0,64,116
02/10/2023,OXC,CT,ANE,EN,Federal Contract Tower,0,7,3,0,10,0,3,21,2,26,0,10,24,2,36,0,0,0,36
02/11/2023,OXC,CT,ANE,EN,Federal Contract Tower,0,7,2,0,9,0,1,54,1,56,0,8,56,1,65,48,2,50,115
02/12/2023,OXC,CT,ANE,EN,Federal Contract Tower,0,4,5,0,9,0,7,53,4,64,0,11,58,4,73,84,10,94,167
02/13/2023,OXC,CT,ANE,EN,Federal Contract Tower,0,11,11,0,22,0,3,32,6,41,0,14,43,6,63,24,6,30,93
02/14/2023,OXC,CT,ANE,EN,Federal Contract Tower,0,7,2,0,9,0,0,38,0,38,0,7,40,0,47,46,0,46,93
02/15/2023,OXC,CT,ANE,EN,Federal Contract Tower,0,4,4,0,8,0,5,51,0,56,0,9,55,0,64,46,0,46,110
02/16/2023,OXC,CT,ANE,EN,Federal Contract Tower,0,9,8,0,17,0,7,32,0,39,0,16,40,0,56,64,0,64,120
02/17/2023,OXC,CT,ANE,EN,Federal Contract Tower,0,9,7,0,16,0,0,0,0,0,0,9,7,0,16,0,0,0,16
02/18/2023,OXC,CT,ANE,EN,Federal Contract Tower,0,3,3,0,6,0,1,63,1,65,0,4,66,1,71,88,0,88,159
02/19/2023,OXC,CT,ANE,EN,Federal Contract Tower,0,9,9,0,18,0,1,54,0,55,0,10,63,0,73,78,0,78,151
02/20/2023,OXC,CT,ANE,EN,Federal Contract Tower,0,10,8,0,18,0,2,20,2,24,0,12,28,2,42,32,0,32,74
02/21/2023,OXC,CT,ANE,EN,Federal Contract Tower,0,19,4,0,23,0,0,0,0,0,0,19,4,0,23,0,0,0,23
02/22/2023,OXC,CT,ANE,EN,Federal Contract Tower,0,11,8,0,19,0,4,34,2,40,0,15,42,2,59,44,2,46,105
02/23/2023,OXC,CT,ANE,EN,Federal Contract Tower,0,11,5,0,16,0,0,0,0,0,0,11,5,0,16,0,0,0,16
02/24/2023,OXC,CT,ANE,EN,Federal Contract Tower,0,10,4,0,14,0,2,6,0,8,0,12,10,0,22,0,0,0,22
02/25/2023,OXC,CT,ANE,EN,Federal Contract Tower,0,0,5,1,6,0,0,8,0,8,0,0,13,1,14,0,0,0,14
02/26/2023,OXC,CT,ANE,EN,Federal Contract Tower,0,13,8,0,21,0,2,7,0,9,0,15,15,0,30,20,0,20,50
02/27/2023,OXC,CT,ANE,EN,Federal Contract Tower,0,9,9,0,18,0,3,39,0,42,0,12,48,0,60,138,0,138,198
02/28/2023,OXC,CT,ANE,EN,Federal Contract Tower,0,5,4,0,9,0,0,0,0,0,0,5,4,0,9,0,0,0,9
03/01/2023,OXC,CT,ANE,EN,Federal Contract Tower,0,10,14,0,24,0,1,38,2,41,0,11,52,2,65,94,0,94,159
03/02/2023,OXC,CT,ANE,EN,Federal Contract Tower,0,6,11,0,17,0,0,0,0,0,0,6,11,0,17,0,0,0,17
03/03/2023,OXC,CT,ANE,EN,Federal Contract Tower,0,5,16,2,23,0,3,51,0,54,0,8,67,2,77,52,0,52,129
03/04/2023,OXC,CT,ANE,EN,Federal Contract Tower,0,2,3,0,5,0,0,1,0,1,0,2,4,0,6,0,0,0,6
03/05/2023,OXC,CT,ANE,EN,Federal Contract Tower,0,14,8,0,22,0,4,63,3,70,0,18,71,3,92,72,0,72,164
03/06/2023,OXC,CT,ANE,EN,Federal Contract Tower,0,11,11,0,22,0,2,19,0,21,0,13,30,0,43,18,0,18,61
03/07/2023,OXC,CT,ANE,EN,Federal Contract Tower,0,10,3,0,13,0,4,7,0,11,0,14,10,0,24,10,0,10,34
03/08/2023,OXC,CT,ANE,EN,Federal Contract Tower,0,6,13,0,19,0,9,16,4,29,0,15,29,4,48,4,0,4,52
03/09/2023,OXC,CT,ANE,EN,Federal Contract Tower,0,4,11,0,15,0,0,53,4,57,0,4,64,4,72,120,0,120,192
03/10/2023,OXC,CT,ANE,EN,Federal Contract Tower,0,3,13,0,16,0,4,52,3,59,0,7,65,3,75,70,0,70,145
03/11/2023,OXC,CT,ANE,EN,Federal Contract Tower,0,2,2,0,4,0,0,6,0,6,0,2,8,0,10,74,0,74,84
03/12/2023,OXC,CT,ANE,EN,Federal Contract Tower,0,11,16,0,27,0,2,65,1,68,0,13,81,1,95,94,0,94,189
03/13/2023,OXC,CT,ANE,EN,Federal Contract Tower,0,4,4,0,8,0,0,0,0,0,0,4,4,0,8,0,0,0,8
03/14/2023,OXC,CT,ANE,EN,Federal Contract Tower,0,0,2,0,2,0,0,0,0,0,0,0,2,0,2,0,0,0,2
03/15/2023,OXC,CT,ANE,EN,Federal Contract Tower,0,5,5,0,10,0,4,1,2,7,0,9,6,2,17,0,0,0,17
03/16/2023,OXC,CT,ANE,EN,Federal Contract Tower,0,9,18,0,27,0,5,70,0,75,0,14,88,0,102,124,0,124,226
03/17/2023,OXC,CT,ANE,EN,Federal Contract Tower,0,14,11,2,27,0,3,69,4,76,0,17,80,6,103,158,2,160,263
03/18/2023,OXC,CT,ANE,EN,Federal Contract Tower,0,6,13,0,19,0,1,53,0,54,0,7,66,0,73,110,0,110,183
03/19/2023,OXC,CT,ANE,EN,Federal Contract Tower,0,4,11,0,15,0,2,22,0,24,0,6,33,0,39,14,0,14,53
03/20/2023,OXC,CT,ANE,EN,Federal Contract Tower,0,4,10,0,14,0,5,38,0,43,0,9,48,0,57,52,0,52,109
03/21/2023,OXC,CT,ANE,EN,Federal Contract Tower,0,1,4,0,5,0,8,70,9,87,0,9,74,9,92,56,0,56,148
03/22/2023,OXC,CT,ANE,EN,Federal Contract Tower,0,4,9,0,13,0,1,75,8,84,0,5,84,8,97,60,0,60,157
03/23/2023,OXC,CT,ANE,EN,Federal Contract Tower,0,10,7,0,17,0,1,0,0,1,0,11,7,0,18,2,0,2,20
03/24/2023,OXC,CT,ANE,EN,Federal Contract Tower,0,7,17,0,24,0,2,63,0,65,0,9,80,0,89,120,0,120,209
03/25/2023,OXC,CT,ANE,EN,Federal Contract Tower,0,1,1,0,2,0,0,0,0,0,0,1,1,0,2,0,0,0,2
03/26/2023,OXC,CT,ANE,EN,Federal Contract Tower,0,6,9,0,15,0,2,27,0,29,0,8,36,0,44,16,0,16,60
03/27/2023,OXC,CT,ANE,EN,Federal Contract Tower,0,11,9,1,21,0,6,64,9,79,0,17,73,10,100,56,0,56,156
03/28/2023,OXC,CT,ANE,EN,Federal Contract Tower,0,8,12,0,20,0,3,24,2,29,0,11,36,2,49,48,2,50,99
03/29/2023,OXC,CT,ANE,EN,Federal Contract Tower,0,3,9,2,14,0,5,74,15,94,0,8,83,17,108,62,8,70,178
03/30/2023,OXC,CT,ANE,EN,Federal Contract Tower,0,5,14,0,19,0,1,25,2,28,0,6,39,2,47,4,0,4,51
03/31/2023,OXC,CT,ANE,EN,Federal Contract Tower,0,8,12,0,20,0,2,37,0,39,0,10,49,0,59,40,0,40,99
04/01/2023,OXC,CT,ANE,EN,Federal Contract Tower,0,7,4,0,11,0,1,0,0,1,0,8,4,0,12,0,0,0,12
04/02/2023,OXC,CT,ANE,EN,Federal Contract Tower,0,12,9,0,21,0,5,17,0,22,0,17,26,0,43,22,0,22,65
04/03/2023,OXC,CT,ANE,EN,Federal Contract Tower,0,10,11,0,21,0,2,18,2,22,0,12,29,2,43,38,0,38,81
04/04/2023,OXC,CT,ANE,EN,Federal Contract Tower,0,8,14,2,24,0,6,63,4,73,0,14,77,6,97,124,6,130,227
04/06/2023,OXC,CT,ANE,EN,Federal Contract Tower,0,10,15,0,25,0,1,10,2,13,0,11,25,2,38,0,0,0,38
04/07/2023,OXC,CT,ANE,EN,Federal Contract Tower,0,5,15,0,20,0,3,40,0,43,0,8,55,0,63,30,0,30,93
04/08/2023,OXC,CT,ANE,EN,Federal Contract Tower,0,4,14,0,18,0,9,84,2,95,0,13,98,2,113,68,0,68,181
04/09/2023,OXC,CT,ANE,EN,Federal Contract Tower,0,4,6,0,10,0,4,59,0,63,0,8,65,0,73,50,0,50,123
04/10/2023,OXC,CT,ANE,EN,Federal Contract Tower,0,5,13,0,18,0,0,70,1,71,0,5,83,1,89,134,1,135,224
04/11/2023,OXC,CT,ANE,EN,Federal Contract Tower,0,4,4,0,8,0,3,22,2,27,0,7,26,2,35,4,0,4,39
04/12/2023,OXC,CT,ANE,EN,Federal Contract Tower,0,2,8,0,10,0,2,28,2,32,0,4,36,2,42,32,0,32,74
04/13/2023,OXC,CT,ANE,EN,Federal Contract Tower,0,9,11,0,20,0,3,54,0,57,0,12,65,0,77,98,0,98,175
04/14/2023,OXC,CT,ANE,EN,Federal Contract Tower,0,4,10,0,14,0,2,74,2,78,0,6,84,2,92,66,0,66,158
04/15/2023,OXC,CT,ANE,EN,Federal Contract Tower,0,12,20,0,32,0,6,27,2,35,0,18,47,2,67,18,0,18,85
04/16/2023,OXC,CT,ANE,EN,Federal Contract Tower,0,9,20,0,29,0,0,0,0,0,0,9,20,0,29,0,0,0,29
04/17/2023,OXC,CT,ANE,EN,Federal Contract Tower,0,5,11,0,16,0,1,3,0,4,0,6,14,0,20,0,0,0,20
04/18/2023,OXC,CT,ANE,EN,Federal Contract Tower,0,1,11,0,12,0,4,22,2,28,0,5,33,2,40,20,2,22,62
04/19/2023,OXC,CT,ANE,EN,Federal Contract Tower,0,7,4,0,11,0,10,36,1,47,0,17,40,1,58,92,0,92,150
04/20/2023,OXC,CT,ANE,EN,Federal Contract Tower,0,7,15,0,22,0,17,70,0,87,0,24,85,0,109,140,14,154,263
04/21/2023,OXC,CT,ANE,EN,Federal Contract Tower,0,8,8,0,16,0,13,75,2,90,0,21,83,2,106,168,12,180,286
04/22/2023,OXC,CT,ANE,EN,Federal Contract Tower,0,9,9,0,18,0,0,2,0,2,0,9,11,0,20,0,0,0,20
04/23/2023,OXC,CT,ANE,EN,Federal Contract Tower,0,11,15,0,26,0,0,5,0,5,0,11,20,0,31,20,0,20,51
04/24/2023,OXC,CT,ANE,EN,Federal Contract Tower,0,6,9,0,15,0,6,53,5,64,0,12,62,5,79,82,0,82,161
04/25/2023,OXC,CT,ANE,EN,Federal Contract Tower,0,6,9,0,15,0,7,43,2,52,0,13,52,2,67,126,0,126,193
04/26/2023,OXC,CT,ANE,EN,Federal Contract Tower,0,8,6,0,14,0,19,44,0,63,0,27,50,0,77,168,6,174,251
04/27/2023,OXC,CT,ANE,EN,Federal Contract Tower,0,24,14,0,38,0,0,3,0,3,0,24,17,0,41,42,0,42,83
04/28/2023,OXC,CT,ANE,EN,Federal Contract Tower,0,8,10,0,18,0,6,22,2,30,0,14,32,2,48,36,0,36,84
04/29/2023,OXC,CT,ANE,EN,Federal Contract Tower,0,10,6,0,16,0,0,1,0,1,0,10,7,0,17,0,0,0,17
04/30/2023,OXC,CT,ANE,EN,Federal Contract Tower,0,8,2,0,10,0,0,0,0,0,0,8,2,0,10,0,0,0,10
05/01/2023,OXC,CT,ANE,EN,Federal Contract Tower,0,13,14,0,27,0,4,22,0,26,0,17,36,0,53,6,0,6,59
05/02/2023,OXC,CT,ANE,EN,Federal Contract Tower,0,8,13,0,21,0,7,12,0,19,0,15,25,0,40,62,0,62,102
05/03/2023,OXC,CT,ANE,EN,Federal Contract Tower,0,7,16,0,23,0,1,36,0,37,0,8,52,0,60,184,0,184,244
05/04/2023,OXC,CT,ANE,EN,Federal Contract Tower,0,11,17,0,28,0,0,17,2,19,0,11,34,2,47,66,0,66,113
05/05/2023,OXC,CT,ANE,EN,Federal Contract Tower,0,8,16,0,24,0,4,45,0,49,0,12,61,0,73,86,0,86,159
05/06/2023,OXC,CT,ANE,EN,Federal Contract Tower,0,1,10,0,11,0,1,101,1,103,0,2,111,1,114,142,0,142,256
05/07/2023,OXC,CT,ANE,EN,Federal Contract Tower,0,6,12,0,18,0,8,67,0,75,0,14,79,0,93,124,0,124,217
05/08/2023,OXC,CT,ANE,EN,Federal Contract Tower,0,8,7,0,15,0,17,25,0,42,0,25,32,0,57,38,0,38,95
05/09/2023,OXC,CT,ANE,EN,Federal Contract Tower,0,2,20,0,22,0,16,68,0,84,0,18,88,0,106,116,0,116,222
05/10/2023,OXC,CT,ANE,EN,Federal Contract Tower,0,6,15,0,21,0,12,67,6,85,0,18,82,6,106,102,0,102,208
05/11/2023,OXC,CT,ANE,EN,Federal Contract Tower,0,5,13,0,18,0,20,69,7,96,0,25,82,7,114,84,6,90,204
05/12/2023,OXC,CT,ANE,EN,Federal Contract Tower,0,10,12,0,22,0,12,57,0,69,0,22,69,0,91,80,0,80,171
05/13/2023,OXC,CT,ANE,EN,Federal Contract Tower,0,9,8,0,17,0,11,60,0,71,0,20,68,0,88,138,0,138,226
05/14/2023,OXC,CT,ANE,EN,Federal Contract Tower,0,8,16,0,24,0,6,46,5,57,0,14,62,5,81,24,0,24,105
05/15/2023,OXC,CT,ANE,EN,Federal Contract Tower,0,3,11,0,14,0,17,64,0,81,0,20,75,0,95,66,0,66,161
05/16/2023,OXC,CT,ANE,EN,Federal Contract Tower,0,6,8,0,14,0,21,44,4,69,0,27,52,4,83,58,18,76,159
05/17/2023,OXC,CT,ANE,EN,Federal Contract Tower,0,1,11,0,12,0,21,24,9,54,0,22,35,9,66,20,6,26,92
05/18/2023,OXC,CT,ANE,EN,Federal Contract Tower,0,3,11,0,14,0,6,82,3,91,0,9,93,3,105,128,0,128,233
05/19/2023,OXC,CT,ANE,EN,Federal Contract Tower,0,7,15,0,22,0,4,69,1,74,0,11,84,1,96,64,4,68,164
05/20/2023,OXC,CT,ANE,EN,Federal Contract Tower,0,3,7,0,10,0,0,0,0,0,0,3,7,0,10,0,0,0,10
05/21/2023,OXC,CT,ANE,EN,Federal Contract Tower,0,6,26,0,32,0,2,71,0,73,0,8,97,0,105,42,0,42,147
05/22/2023,OXC,CT,ANE,EN,Federal Contract Tower,0,7,12,0,19,0,0,53,0,53,0,7,65,0,72,139,0,139,211
05/23/2023,OXC,CT,ANE,EN,Federal Contract Tower,0,4,12,0,16,0,5,52,4,61,0,9,64,4,77,134,0,134,211
05/24/2023,OXC,CT,ANE,EN,Federal Contract Tower,0,10,7,0,17,0,7,67,0,74,0,17,74,0,91,90,0,90,181
05/25/2023,OXC,CT,ANE,EN,Federal Contract Tower,0,5,15,0,20,0,11,69,1,81,0,16,84,1,101,126,8,134,235
05/26/2023,OXC,CT,ANE,EN,Federal Contract Tower,0,8,12,0,20,0,6,85,2,93,0,14,97,2,113,80,4,84,197
05/27/2023,OXC,CT,ANE,EN,Federal Contract Tower,0,2,10,0,12,0,0,83,1,84,0,2,93,1,96,118,0,118,214
05/28/2023,OXC,CT,ANE,EN,Federal Contract Tower,0,5,18,0,23,0,1,69,2,72,0,6,87,2,95,110,2,112,207
05/29/2023,OXC,CT,ANE,EN,Federal Contract Tower,0,4,8,0,12,0,4,31,2,37,0,8,39,2,49,10,0,10,59
05/30/2023,OXC,CT,ANE,EN,Federal Contract Tower,0,7,6,0,13,0,3,61,4,68,0,10,67,4,81,152,6,158,239
05/31/2023,OXC,CT,ANE,EN,Federal Contract Tower,0,7,9,2,18,0,28,61,2,91,0,35,70,4,109,122,0,122,231
06/01/2023,OXC,CT,ANE,EN,Federal Contract Tower,0,4,12,0,16,0,7,69,2,78,0,11,81,2,94,66,0,66,160
06/02/2023,OXC,CT,ANE,EN,Federal Contract Tower,0,1,8,0,9,0,5,37,0,42,0,6,45,0,51,8,0,8,59
06/03/2023,OXC,CT,ANE,EN,Federal Contract Tower,0,10,29,0,39,0,0,11,0,11,0,10,40,0,50,34,0,34,84
06/04/2023,OXC,CT,ANE,EN,Federal Contract Tower,0,4,15,0,19,0,2,68,0,70,0,6,83,0,89,200,0,200,289
06/05/2023,OXC,CT,ANE,EN,Federal Contract Tower,0,7,8,0,15,0,11,42,0,53,0,18,50,0,68,28,0,28,96
06/06/2023,OXC,CT,ANE,EN,Federal Contract Tower,0,14,26,0,40,0,2,12,0,14,0,16,38,0,54,18,0,18,72
06/07/2023,OXC,CT,ANE,EN,Federal Contract Tower,0,14,22,0,36,0,5,18,0,23,0,19,40,0,59,4,0,4,63
06/08/2023,OXC,CT,ANE,EN,Federal Contract Tower,0,10,11,0,21,0,6,22,0,28,0,16,33,0,49,98,0,98,147
06/09/2023,OXC,CT,ANE,EN,Federal Contract Tower,0,9,15,0,24,0,2,49,2,53,0,11,64,2,77,110,10,120,197
06/10/2023,OXC,CT,ANE,EN,Federal Contract Tower,0,1,9,0,10,0,1,105,5,111,0,2,114,5,121,146,16,162,283
06/11/2023,OXC,CT,ANE,EN,Federal Contract Tower,0,13,15,0,28,0,6,82,2,90,0,19,97,2,118,122,0,122,240
06/12/2023,OXC,CT,ANE,EN,Federal Contract Tower,0,2,15,0,17,0,1,12,0,13,0,3,27,0,30,8,0,8,38
06/13/2023,OXC,CT,ANE,EN,Federal Contract Tower,0,19,12,0,31,0,1,22,0,23,0,20,34,0,54,82,0,82,136
06/14/2023,OXC,CT,ANE,EN,Federal Contract Tower,0,8,9,0,17,0,17,43,0,60,0,25,52,0,77,28,0,28,105
06/15/2023,OXC,CT,ANE,EN,Federal Contract Tower,0,10,12,0,22,0,6,47,4,57,0,16,59,4,79,126,4,130,209
06/16/2023,OXC,CT,ANE,EN,Federal Contract Tower,0,13,17,0,30,0,7,34,0,41,0,20,51,0,71,62,0,62,133
06/17/2023,OXC,CT,ANE,EN,Federal Contract Tower,0,4,9,0,13,0,5,7,2,14,0,9,16,2,27,14,0,14,41
06/18/2023,OXC,CT,ANE,EN,Federal Contract Tower,0,8,15,0,23,0,4,57,2,63,0,12,72,2,86,96,0,96,182
06/19/2023,OXC,CT,ANE,EN,Federal Contract Tower,0,9,14,0,23,0,9,64,3,76,0,18,78,3,99,184,0,184,283
06/20/2023,OXC,CT,ANE,EN,Federal Contract Tower,0,5,10,0,15,0,11,54,0,65,0,16,64,0,80,120,0,120,200
06/21/2023,OXC,CT,ANE,EN,Federal Contract Tower,0,15,8,0,23,0,12,53,6,71,0,27,61,6,94,110,4,114,208
06/22/2023,OXC,CT,ANE,EN,Federal Contract Tower,0,16,14,0,30,0,9,17,4,30,0,25,31,4,60,30,0,30,90
06/23/2023,OXC,CT,ANE,EN,Federal Contract Tower,0,12,15,0,27,0,0,0,0,0,0,12,15,0,27,0,0,0,27
06/24/2023,OXC,CT,ANE,EN,Federal Contract Tower,0,7,16,0,23,0,0,0,0,0,0,7,16,0,23,0,0,0,23
06/25/2023,OXC,CT,ANE,EN,Federal Contract Tower,0,13,13,0,26,0,1,28,2,31,0,14,41,2,57,48,0,48,105
06/26/2023,OXC,CT,ANE,EN,Federal Contract Tower,0,8,10,0,18,0,1,2,0,3,0,9,12,0,21,8,0,8,29
06/27/2023,OXC,CT,ANE,EN,Federal Contract Tower,0,10,11,0,21,0,0,3,0,3,0,10,14,0,24,6,0,6,30
06/28/2023,OXC,CT,ANE,EN,Federal Contract Tower,0,22,11,0,33,0,1,17,0,18,0,23,28,0,51,50,0,50,101
06/29/2023,OXC,CT,ANE,EN,Federal Contract Tower,0,11,18,2,31,0,10,53,4,67,0,21,71,6,98,192,14,206,304
06/30/2023,OXC,CT,ANE,EN,Federal Contract Tower,0,26,22,0,48,0,2,13,2,17,0,28,35,2,65,92,0,92,157
07/01/2023,OXC,CT,ANE,EN,Federal Contract Tower,0,15,12,0,27,0,22,26,2,50,0,37,38,2,77,46,0,46,123
07/02/2023,OXC,CT,ANE,EN,Federal Contract Tower,0,14,6,0,20,0,0,2,0,2,0,14,8,0,22,0,0,0,22
07/03/2023,OXC,CT,ANE,EN,Federal Contract Tower,0,8,13,0,21,0,4,58,1,63,0,12,71,1,84,88,0,88,172
07/04/2023,OXC,CT,ANE,EN,Federal Contract Tower,0,8,9,0,17,0,1,11,0,12,0,9,20,0,29,10,0,10,39
07/05/2023,OXC,CT,ANE,EN,Federal Contract Tower,0,8,13,0,21,0,10,88,0,98,0,18,101,0,119,142,0,142,261
07/06/2023,OXC,CT,ANE,EN,Federal Contract Tower,0,9,13,0,22,0,11,67,10,88,0,20,80,10,110,176,0,176,286
07/07/2023,OXC,CT,ANE,EN,Federal Contract Tower,0,11,17,0,28,0,3,49,0,52,0,14,66,0,80,132,0,132,212
07/08/2023,OXC,CT,ANE,EN,Federal Contract Tower,0,22,13,0,35,0,2,18,0,20,0,24,31,0,55,38,0,38,93
07/09/2023,OXC,CT,ANE,EN,Federal Contract Tower,0,17,13,0,30,0,0,5,0,5,0,17,18,0,35,0,0,0,35
07/10/2023,OXC,CT,ANE,EN,Federal Contract Tower,0,9,10,0,19,0,4,6,0,10,0,13,16,0,29,6,0,6,35
07/11/2023,OXC,CT,ANE,EN,Federal Contract Tower,0,4,11,0,15,0,4,93,4,101,0,8,104,4,116,104,0,104,220
07/12/2023,OXC,CT,ANE,EN,Federal Contract Tower,0,3,9,0,12,0,5,96,8,109,0,8,105,8,121,102,4,106,227
07/13/2023,OXC,CT,ANE,EN,Federal Contract Tower,0,7,8,0,15,0,9,54,2,65,0,16,62,2,80,100,0,100,180
07/14/2023,OXC,CT,ANE,EN,Federal Contract Tower,0,9,12,0,21,0,3,13,2,18,0,12,25,2,39,14,0,14,53
07/15/2023,OXC,CT,ANE,EN,Federal Contract Tower,0,11,17,0,28,0,1,31,0,32,0,12,48,0,60,110,0,110,170
07/16/2023,OXC,CT,ANE,EN,Federal Contract Tower,0,19,6,0,25,0,0,0,0,0,0,19,6,0,25,0,0,0,25
07/17/2023,OXC,CT,ANE,EN,Federal Contract Tower,0,10,21,0,31,0,6,72,1,79,0,16,93,1,110,162,0,162,272
07/18/2023,OXC,CT,ANE,EN,Federal Contract Tower,0,16,15,1,32,0,10,6,0,16,0,26,21,1,48,18,0,18,66
07/19/2023,OXC,CT,ANE,EN,Federal Contract Tower,0,5,10,0,15,0,9,86,3,98,0,14,96,3,113,116,0,116,229
07/20/2023,OXC,CT,ANE,EN,Federal Contract Tower,0,12,6,0,18,0,12,107,1,120,0,24,113,1,138,104,0,104,242
07/21/2023,OXC,CT,ANE,EN,Federal Contract Tower,0,16,7,0,23,0,0,2,0,2,0,16,9,0,25,0,0,0,25
07/22/2023,OXC,CT,ANE,EN,Federal Contract Tower,0,6,11,0,17,0,15,105,1,121,0,21,116,1,138,148,4,152,290
07/23/2023,OXC,CT,ANE,EN,Federal Contract Tower,0,9,11,0,20,0,12,98,0,110,0,21,109,0,130,112,0,112,242
07/24/2023,OXC,CT,ANE,EN,Federal Contract Tower,0,10,13,0,23,0,7,52,0,59,0,17,65,0,82,76,0,76,158
07/25/2023,OXC,CT,ANE,EN,Federal Contract Tower,0,7,12,0,19,0,4,33,0,37,0,11,45,0,56,66,0,66,122
07/26/2023,OXC,CT,ANE,EN,Federal Contract Tower,0,17,10,0,27,0,5,48,3,56,0,22,58,3,83,106,0,106,189
07/27/2023,OXC,CT,ANE,EN,Federal Contract Tower,0,20,7,0,27,0,19,9,0,28,0,39,16,0,55,22,0,22,77
07/28/2023,OXC,CT,ANE,EN,Federal Contract Tower,0,12,9,0,21,0,16,75,9,100,0,28,84,9,121,98,0,98,219
07/29/2023,OXC,CT,ANE,EN,Federal Contract Tower,0,12,8,0,20,0,8,21,0,29,0,20,29,0,49,38,0,38,87
07/30/2023,OXC,CT,ANE,EN,Federal Contract Tower,0,10,20,0,30,0,11,89,2,102,0,21,109,2,132,184,0,184,316
07/31/2023,OXC,CT,ANE,EN,Federal Contract Tower,0,5,5,0,10,0,6,53,1,60,0,11,58,1,70,96,0,96,166
08/01/2023,OXC,CT,ANE,EN,Federal Contract Tower,0,1,8,0,9,0,2,85,2,89,0,3,93,2,98,144,0,144,242
08/02/2023,OXC,CT,ANE,EN,Federal Contract Tower,0,8,8,0,16,0,6,67,2,75,0,14,75,2,91,148,10,158,249
08/03/2023,OXC,CT,ANE,EN,Federal Contract Tower,0,6,15,0,21,0,12,64,2,78,0,18,79,2,99,110,4,114,213
08/04/2023,OXC,CT,ANE,EN,Federal Contract Tower,0,15,7,0,22,0,1,15,0,16,0,16,22,0,38,44,0,44,82
08/05/2023,OXC,CT,ANE,EN,Federal Contract Tower,0,9,6,0,15,0,6,89,4,99,0,15,95,4,114,152,0,152,266
08/06/2023,OXC,CT,ANE,EN,Federal Contract Tower,0,10,9,0,19,0,12,94,4,110,0,22,103,4,129,110,0,110,239
08/07/2023,OXC,CT,ANE,EN,Federal Contract Tower,0,21,10,0,31,0,0,0,0,0,0,21,10,0,31,0,0,0,31
08/08/2023,OXC,CT,ANE,EN,Federal Contract Tower,0,7,11,0,18,0,1,8,0,9,0,8,19,0,27,10,0,10,37
08/09/2023,OXC,CT,ANE,EN,Federal Contract Tower,0,5,9,1,15,0,16,66,1,83,0,21,75,2,98,62,0,62,160
08/10/2023,OXC,CT,ANE,EN,Federal Contract Tower,0,14,12,0,26,0,9,34,2,45,0,23,46,2,71,30,0,30,101
08/11/2023,OXC,CT,ANE,EN,Federal Contract Tower,0,4,12,0,16,0,10,56,4,70,0,14,68,4,86,92,0,92,178
08/12/2023,OXC,CT,ANE,EN,Federal Contract Tower,0,7,8,0,15,0,9,53,0,62,0,16,61,0,77,34,0,34,111
08/13/2023,OXC,CT,ANE,EN,Federal Contract Tower,0,9,8,0,17,0,3,41,3,47,0,12,49,3,64,56,0,56,120
08/14/2023,OXC,CT,ANE,EN,Federal Contract Tower,0,5,10,0,15,1,8,60,0,69,1,13,70,0,84,68,2,70,154
08/15/2023,OXC,CT,ANE,EN,Federal Contract Tower,0,9,29,0,38,0,0,0,0,0,0,9,29,0,38,0,0,0,38
08/16/2023,OXC,CT,ANE,EN,Federal Contract Tower,0,19,37,0,56,0,1,10,0,11,0,20,47,0,67,34,6,40,107
08/17/2023,OXC,CT,ANE,EN,Federal Contract Tower,0,20,14,0,34,0,0,3,0,3,0,20,17,0,37,0,0,0,37
08/18/2023,OXC,CT,ANE,EN,Federal Contract Tower,0,10,8,0,18,0,10,29,4,43,0,20,37,4,61,32,0,32,93
08/19/2023,OXC,CT,ANE,EN,Federal Contract Tower,0,4,11,0,15,0,8,52,2,62,0,12,63,2,77,122,0,122,199
08/20/2023,OXC,CT,ANE,EN,Federal Contract Tower,0,8,13,0,21,0,7,57,9,73,0,15,70,9,94,96,12,108,202
08/21/2023,OXC,CT,ANE,EN,Federal Contract Tower,0,9,10,0,19,0,2,61,1,64,0,11,71,1,83,96,0,96,179
08/22/2023,OXC,CT,ANE,EN,Federal Contract Tower,0,11,2,0,13,0,7,55,0,62,0,18,57,0,75,130,0,130,205
08/23/2023,OXC,CT,ANE,EN,Federal Contract Tower,0,4,11,0,15,0,15,104,8,127,0,19,115,8,142,84,6,90,232
08/24/2023,OXC,CT,ANE,EN,Federal Contract Tower,0,11,10,0,21,0,4,35,0,39,0,15,45,0,60,8,0,8,68
08/25/2023,OXC,CT,ANE,EN,Federal Contract Tower,0,17,16,0,33,0,0,0,0,0,0,17,16,0,33,0,0,0,33
08/26/2023,OXC,CT,ANE,EN,Federal Contract Tower,0,3,9,0,12,0,3,38,2,43,0,6,47,2,55,78,0,78,133
08/27/2023,OXC,CT,ANE,EN,Federal Contract Tower,0,12,1,0,13,0,2,60,2,64,0,14,61,2,77,92,0,92,169
08/28/2023,OXC,CT,ANE,EN,Federal Contract Tower,0,19,13,0,32,0,3,32,1,36,0,22,45,1,68,48,8,56,124
08/29/2023,OXC,CT,ANE,EN,Federal Contract Tower,0,7,10,0,17,0,1,9,0,10,0,8,19,0,27,26,0,26,53
08/30/2023,OXC,CT,ANE,EN,Federal Contract Tower,0,14,12,2,28,0,9,17,2,28,0,23,29,4,56,110,2,112,168
08/31/2023,OXC,CT,ANE,EN,Federal Contract Tower,0,8,17,0,25,0,23,39,2,64,0,31,56,2,89,72,0,72,161
01/01/2020,OXC,CT,ANE,EN,Federal Contract Tower,0,3,3,0,6,0,0,22,0,22,0,3,25,0,28,30,0,30,58
01/02/2020,OXC,CT,ANE,EN,Federal Contract Tower,0,2,11,0,13,0,0,50,4,54,0,2,61,4,67,42,0,42,109
01/03/2020,OXC,CT,ANE,EN,Federal Contract Tower,0,2,2,0,4,0,2,2,0,4,0,4,4,0,8,0,0,0,8
01/04/2020,OXC,CT,ANE,EN,Federal Contract Tower,0,1,5,0,6,0,0,0,0,0,0,1,5,0,6,0,0,0,6
01/05/2020,OXC,CT,ANE,EN,Federal Contract Tower,0,9,10,0,19,0,2,26,0,28,0,11,36,0,47,20,0,20,67
01/06/2020,OXC,CT,ANE,EN,Federal Contract Tower,0,3,8,0,11,0,1,8,2,11,0,4,16,2,22,4,0,4,26
01/07/2020,OXC,CT,ANE,EN,Federal Contract Tower,0,3,3,0,6,0,0,46,0,46,0,3,49,0,52,58,0,58,110
01/08/2020,OXC,CT,ANE,EN,Federal Contract Tower,0,8,2,0,10,0,0,2,0,2,0,8,4,0,12,0,0,0,12
01/09/2020,OXC,CT,ANE,EN,Federal Contract Tower,0,4,13,0,17,0,2,52,2,56,0,6,65,2,73,48,0,48,121
01/10/2020,OXC,CT,ANE,EN,Federal Contract Tower,0,1,12,0,13,0,1,26,2,29,0,2,38,2,42,14,0,14,56
01/11/2020,OXC,CT,ANE,EN,Federal Contract Tower,0,2,3,0,5,0,0,21,0,21,0,2,24,0,26,20,0,20,46
01/12/2020,OXC,CT,ANE,EN,Federal Contract Tower,0,2,5,2,9,0,0,12,2,14,0,2,17,4,23,6,12,18,41
01/13/2020,OXC,CT,ANE,EN,Federal Contract Tower,0,4,19,0,23,0,0,0,0,0,0,4,19,0,23,0,0,0,23
01/14/2020,OXC,CT,ANE,EN,Federal Contract Tower,0,3,4,0,7,0,0,15,8,23,0,3,19,8,30,32,0,32,62
01/15/2020,OXC,CT,ANE,EN,Federal Contract Tower,0,7,11,0,18,0,3,81,0,84,0,10,92,0,102,52,0,52,154
01/16/2020,OXC,CT,ANE,EN,Federal Contract Tower,0,2,17,0,19,0,4,4,2,10,0,6,21,2,29,0,0,0,29
01/17/2020,OXC,CT,ANE,EN,Federal Contract Tower,0,5,12,0,17,0,16,17,0,33,0,21,29,0,50,18,0,18,68
01/18/2020,OXC,CT,ANE,EN,Federal Contract Tower,0,0,3,0,3,0,3,22,0,25,0,3,25,0,28,24,0,24,52
01/19/2020,OXC,CT,ANE,EN,Federal Contract Tower,0,3,9,0,12,0,1,15,0,16,0,4,24,0,28,2,0,2,30
01/20/2020,OXC,CT,ANE,EN,Federal Contract Tower,0,8,14,0,22,0,2,42,0,44,0,10,56,0,66,38,0,38,104
01/21/2020,OXC,CT,ANE,EN,Federal Contract Tower,0,5,9,0,14,0,1,38,2,41,0,6,47,2,55,22,0,22,77
01/22/2020,OXC,CT,ANE,EN,Federal Contract Tower,0,3,10,0,13,0,7,56,5,68,0,10,66,5,81,50,2,52,133
01/23/2020,OXC,CT,ANE,EN,Federal Contract Tower,0,1,9,0,10,0,4,62,8,74,0,5,71,8,84,100,0,100,184
01/24/2020,OXC,CT,ANE,EN,Federal Contract Tower,0,3,11,0,14,0,4,89,2,95,0,7,100,2,109,84,0,84,193
01/25/2020,OXC,CT,ANE,EN,Federal Contract Tower,0,2,3,0,5,0,0,0,0,0,0,2,3,0,5,0,0,0,5
01/27/2020,OXC,CT,ANE,EN,Federal Contract Tower,0,7,9,0,16,0,10,12,2,24,0,17,21,2,40,56,0,56,96
01/28/2020,OXC,CT,ANE,EN,Federal Contract Tower,0,10,3,0,13,0,7,15,1,23,0,17,18,1,36,6,0,6,42
01/29/2020,OXC,CT,ANE,EN,Federal Contract Tower,0,4,15,1,20,0,9,63,3,75,0,13,78,4,95,76,8,84,179
01/30/2020,OXC,CT,ANE,EN,Federal Contract Tower,0,4,2,0,6,0,4,41,2,47,0,8,43,2,53,34,0,34,87
01/31/2020,OXC,CT,ANE,EN,Federal Contract Tower,0,4,14,0,18,0,5,42,2,49,0,9,56,2,67,44,0,44,111
02/01/2020,OXC,CT,ANE,EN,Federal Contract Tower,0,4,1,0,5,0,0,0,0,0,0,4,1,0,5,0,0,0,5
02/02/2020,OXC,CT,ANE,EN,Federal Contract Tower,0,4,13,0,17,0,2,32,2,36,0,6,45,2,53,28,0,28,81
02/03/2020,OXC,CT,ANE,EN,Federal Contract Tower,0,3,8,0,11,0,7,44,0,51,0,10,52,0,62,42,0,42,104
02/05/2020,OXC,CT,ANE,EN,Federal Contract Tower,0,8,9,1,18,0,12,38,1,51,0,20,47,2,69,56,0,56,125
02/06/2020,OXC,CT,ANE,EN,Federal Contract Tower,0,2,8,0,10,0,0,0,0,0,0,2,8,0,10,0,0,0,10
02/07/2020,OXC,CT,ANE,EN,Federal Contract Tower,0,5,8,0,13,0,2,0,0,2,0,7,8,0,15,0,0,0,15
02/08/2020,OXC,CT,ANE,EN,Federal Contract Tower,0,0,8,0,8,0,1,39,3,43,0,1,47,3,51,18,0,18,69
02/09/2020,OXC,CT,ANE,EN,Federal Contract Tower,0,8,15,0,23,0,0,50,9,59,0,8,65,9,82,72,0,72,154
02/10/2020,OXC,CT,ANE,EN,Federal Contract Tower,0,9,10,0,19,0,1,0,0,1,0,10,10,0,20,2,0,2,22
02/11/2020,OXC,CT,ANE,EN,Federal Contract Tower,0,2,6,0,8,0,0,0,0,0,0,2,6,0,8,0,0,0,8
02/12/2020,OXC,CT,ANE,EN,Federal Contract Tower,0,1,14,0,15,0,7,74,4,85,0,8,88,4,100,70,0,70,170
02/13/2020,OXC,CT,ANE,EN,Federal Contract Tower,0,4,10,0,14,0,0,0,0,0,0,4,10,0,14,0,0,0,14
02/14/2020,OXC,CT,ANE,EN,Federal Contract Tower,0,3,13,0,16,0,6,40,2,48,0,9,53,2,64,44,0,44,108
02/15/2020,OXC,CT,ANE,EN,Federal Contract Tower,0,7,5,0,12,0,2,74,5,81,0,9,79,5,93,96,0,96,189
02/16/2020,OXC,CT,ANE,EN,Federal Contract Tower,0,5,4,0,9,0,2,68,6,76,0,7,72,6,85,52,0,52,137
02/17/2020,OXC,CT,ANE,EN,Federal Contract Tower,0,12,10,0,22,0,8,87,0,95,0,20,97,0,117,38,0,38,155
02/18/2020,OXC,CT,ANE,EN,Federal Contract Tower,0,12,7,0,19,0,0,0,0,0,0,12,7,0,19,2,0,2,21
02/19/2020,OXC,CT,ANE,EN,Federal Contract Tower,0,4,9,0,13,0,2,22,4,28,0,6,31,4,41,4,0,4,45
02/20/2020,OXC,CT,ANE,EN,Federal Contract Tower,0,5,11,0,16,0,0,60,6,66,0,5,71,6,82,48,6,54,136
02/21/2020,OXC,CT,ANE,EN,Federal Contract Tower,0,4,11,0,15,0,7,42,4,53,0,11,53,4,68,38,2,40,108
02/22/2020,OXC,CT,ANE,EN,Federal Contract Tower,0,7,8,0,15,0,1,88,6,95,0,8,96,6,110,94,0,94,204
02/23/2020,OXC,CT,ANE,EN,Federal Contract Tower,0,8,9,0,17,0,1,76,0,77,0,9,85,0,94,86,0,86,180
02/24/2020,OXC,CT,ANE,EN,Federal Contract Tower,0,5,12,0,17,0,3,57,2,62,0,8,69,2,79,48,0,48,127
02/25/2020,OXC,CT,ANE,EN,Federal Contract Tower,0,9,8,0,17,0,3,9,2,14,0,12,17,2,31,12,2,14,45
02/26/2020,OXC,CT,ANE,EN,Federal Contract Tower,0,8,6,2,16,0,0,0,0,0,0,8,6,2,16,0,0,0,16
02/27/2020,OXC,CT,ANE,EN,Federal Contract Tower,0,3,1,0,4,0,1,0,2,3,0,4,1,2,7,0,0,0,7
02/28/2020,OXC,CT,ANE,EN,Federal Contract Tower,0,4,10,0,14,0,13,23,4,40,0,17,33,4,54,18,0,18,72
02/29/2020,OXC,CT,ANE,EN,Federal Contract Tower,0,2,1,0,3,0,1,18,4,23,0,3,19,4,26,6,0,6,32
03/01/2020,OXC,CT,ANE,EN,Federal Contract Tower,0,6,10,0,16,0,2,53,0,55,0,8,63,0,71,30,0,30,101
03/02/2020,OXC,CT,ANE,EN,Federal Contract Tower,0,3,15,0,18,0,1,52,2,55,0,4,67,2,73,66,0,66,139
03/03/2020,OXC,CT,ANE,EN,Federal Contract Tower,0,10,6,0,16,0,2,28,2,32,0,12,34,2,48,32,0,32,80
03/04/2020,OXC,CT,ANE,EN,Federal Contract Tower,0,10,4,0,14,0,5,15,4,24,0,15,19,4,38,18,2,20,58
03/05/2020,OXC,CT,ANE,EN,Federal Contract Tower,0,9,16,0,25,0,1,63,12,76,0,10,79,12,101,156,0,156,257
03/06/2020,OXC,CT,ANE,EN,Federal Contract Tower,0,6,6,0,12,0,6,15,10,31,0,12,21,10,43,6,0,6,49
03/07/2020,OXC,CT,ANE,EN,Federal Contract Tower,0,5,5,0,10,0,9,21,2,32,0,14,26,2,42,14,0,14,56
03/08/2020,OXC,CT,ANE,EN,Federal Contract Tower,0,8,5,0,13,0,2,68,4,74,0,10,73,4,87,80,12,92,179
03/09/2020,OXC,CT,ANE,EN,Federal Contract Tower,0,3,8,0,11,0,1,56,2,59,0,4,64,2,70,38,0,38,108
03/10/2020,OXC,CT,ANE,EN,Federal Contract Tower,0,3,8,0,11,0,1,23,0,24,0,4,31,0,35,20,0,20,55
03/11/2020,OXC,CT,ANE,EN,Federal Contract Tower,0,4,16,0,20,0,0,60,2,62,0,4,76,2,82,66,0,66,148
03/12/2020,OXC,CT,ANE,EN,Federal Contract Tower,0,1,17,2,20,0,1,12,2,15,0,2,29,4,35,4,0,4,39
03/13/2020,OXC,CT,ANE,EN,Federal Contract Tower,0,5,8,0,13,0,1,0,0,1,0,6,8,0,14,0,0,0,14
03/14/2020,OXC,CT,ANE,EN,Federal Contract Tower,0,5,18,0,23,0,2,44,2,48,0,7,62,2,71,20,2,22,93
03/15/2020,OXC,CT,ANE,EN,Federal Contract Tower,0,7,13,0,20,0,2,104,2,108,0,9,117,2,128,84,0,84,212
03/16/2020,OXC,CT,ANE,EN,Federal Contract Tower,0,2,4,0,6,0,3,29,2,34,0,5,33,2,40,28,6,34,74
03/17/2020,OXC,CT,ANE,EN,Federal Contract Tower,0,2,3,0,5,0,0,3,0,3,0,2,6,0,8,0,0,0,8
03/18/2020,OXC,CT,ANE,EN,Federal Contract Tower,0,5,8,1,14,0,2,67,4,73,0,7,75,5,87,132,0,132,219
03/19/2020,OXC,CT,ANE,EN,Federal Contract Tower,0,1,4,2,7,0,0,0,0,0,0,1,4,2,7,0,0,0,7
03/20/2020,OXC,CT,ANE,EN,Federal Contract Tower,0,1,12,0,13,0,1,8,0,9,0,2,20,0,22,20,0,20,42
03/21/2020,OXC,CT,ANE,EN,Federal Contract Tower,0,2,2,0,4,0,2,49,1,52,0,4,51,1,56,68,0,68,124
03/22/2020,OXC,CT,ANE,EN,Federal Contract Tower,0,9,10,0,19,0,1,45,2,48,0,10,55,2,67,86,0,86,153
03/23/2020,OXC,CT,ANE,EN,Federal Contract Tower,0,5,1,0,6,0,0,0,0,0,0,5,1,0,6,0,0,0,6
03/24/2020,OXC,CT,ANE,EN,Federal Contract Tower,0,3,2,0,5,0,1,19,4,24,0,4,21,4,29,16,2,18,47
03/25/2020,OXC,CT,ANE,EN,Federal Contract Tower,0,1,1,0,2,0,0,2,1,3,0,1,3,1,5,0,4,4,9
03/26/2020,OXC,CT,ANE,EN,Federal Contract Tower,0,3,3,0,6,0,3,55,8,66,0,6,58,8,72,56,4,60,132
03/27/2020,OXC,CT,ANE,EN,Federal Contract Tower,0,2,3,0,5,0,3,21,0,24,0,5,24,0,29,44,0,44,73
03/28/2020,OXC,CT,ANE,EN,Federal Contract Tower,0,3,3,0,6,0,0,16,0,16,0,3,19,0,22,6,0,6,28
03/29/2020,OXC,CT,ANE,EN,Federal Contract Tower,0,6,2,0,8,0,0,0,0,0,0,6,2,0,8,0,0,0,8
03/30/2020,OXC,CT,ANE,EN,Federal Contract Tower,0,6,9,0,15,0,0,1,0,1,0,6,10,0,16,0,0,0,16
03/31/2020,OXC,CT,ANE,EN,Federal Contract Tower,0,3,8,0,11,0,0,14,2,16,0,3,22,2,27,30,0,30,57
04/01/2020,OXC,CT,ANE,EN,Federal Contract Tower,0,3,5,1,9,0,1,19,20,40,0,4,24,21,49,36,22,58,107
04/02/2020,OXC,CT,ANE,EN,Federal Contract Tower,0,1,2,0,3,0,0,8,0,8,0,1,10,0,11,6,0,6,17
04/03/2020,OXC,CT,ANE,EN,Federal Contract Tower,0,5,1,0,6,0,0,0,2,2,0,5,1,2,8,6,0,6,14
04/04/2020,OXC,CT,ANE,EN,Federal Contract Tower,0,2,5,0,7,0,0,18,0,18,0,2,23,0,25,68,0,68,93
04/05/2020,OXC,CT,ANE,EN,Federal Contract Tower,0,2,7,0,9,0,3,32,0,35,0,5,39,0,44,114,0,114,158
04/06/2020,OXC,CT,ANE,EN,Federal Contract Tower,0,3,1,0,4,0,0,25,4,29,0,3,26,4,33,20,0,20,53
04/07/2020,OXC,CT,ANE,EN,Federal Contract Tower,0,2,5,0,7,0,0,40,0,40,0,2,45,0,47,81,0,81,128
04/08/2020,OXC,CT,ANE,EN,Federal Contract Tower,0,1,15,0,16,0,0,12,0,12,0,1,27,0,28,46,0,46,74
04/09/2020,OXC,CT,ANE,EN,Federal Contract Tower,0,0,1,0,1,0,0,0,0,0,0,0,1,0,1,0,0,0,1
04/10/2020,OXC,CT,ANE,EN,Federal Contract Tower,0,2,0,0,2,0,0,0,0,0,0,2,0,0,2,0,0,0,2
04/11/2020,OXC,CT,ANE,EN,Federal Contract Tower,0,4,12,0,16,0,0,14,0,14,0,4,26,0,30,12,0,12,42
04/12/2020,OXC,CT,ANE,EN,Federal Contract Tower,0,0,1,0,1,0,1,49,0,50,0,1,50,0,51,78,0,78,129
04/13/2020,OXC,CT,ANE,EN,Federal Contract Tower,0,0,0,0,0,0,0,0,0,0,0,0,0,0,0,0,0,0,0
04/14/2020,OXC,CT,ANE,EN,Federal Contract Tower,0,0,3,0,3,0,0,27,2,29,0,0,30,2,32,4,0,4,36
04/15/2020,OXC,CT,ANE,EN,Federal Contract Tower,0,4,3,0,7,0,0,15,2,17,0,4,18,2,24,14,0,14,38
04/16/2020,OXC,CT,ANE,EN,Federal Contract Tower,0,1,5,0,6,0,0,6,0,6,0,1,11,0,12,2,0,2,14
04/17/2020,OXC,CT,ANE,EN,Federal Contract Tower,0,2,6,0,8,0,1,13,2,16,0,3,19,2,24,0,0,0,24
04/18/2020,OXC,CT,ANE,EN,Federal Contract Tower,0,4,0,0,4,0,0,0,0,0,0,4,0,0,4,6,0,6,10
04/19/2020,OXC,CT,ANE,EN,Federal Contract Tower,0,1,1,0,2,0,1,23,2,26,0,2,24,2,28,24,0,24,52
04/20/2020,OXC,CT,ANE,EN,Federal Contract Tower,0,0,2,0,2,0,6,42,0,48,0,6,44,0,50,24,0,24,74
04/21/2020,OXC,CT,ANE,EN,Federal Contract Tower,0,1,9,0,10,0,0,0,0,0,0,1,9,0,10,0,0,0,10
04/22/2020,OXC,CT,ANE,EN,Federal Contract Tower,0,0,3,0,3,0,3,8,4,15,0,3,11,4,18,10,0,10,28
04/23/2020,OXC,CT,ANE,EN,Federal Contract Tower,0,0,1,0,1,0,0,31,4,35,0,0,32,4,36,32,4,36,72
04/24/2020,OXC,CT,ANE,EN,Federal Contract Tower,0,2,6,0,8,0,0,0,0,0,0,2,6,0,8,0,0,0,8
04/25/2020,OXC,CT,ANE,EN,Federal Contract Tower,0,0,13,0,13,0,3,110,0,113,0,3,123,0,126,100,0,100,226
04/26/2020,OXC,CT,ANE,EN,Federal Contract Tower,0,4,0,0,4,0,0,0,0,0,0,4,0,0,4,0,0,0,4
04/27/2020,OXC,CT,ANE,EN,Federal Contract Tower,0,2,3,0,5,0,0,0,4,4,0,2,3,4,9,0,0,0,9
04/28/2020,OXC,CT,ANE,EN,Federal Contract Tower,0,1,4,0,5,0,0,56,4,60,0,1,60,4,65,34,0,34,99
04/29/2020,OXC,CT,ANE,EN,Federal Contract Tower,0,0,9,0,9,0,1,22,2,25,0,1,31,2,34,26,0,26,60
04/30/2020,OXC,CT,ANE,EN,Federal Contract Tower,0,5,4,0,9,0,0,0,0,0,0,5,4,0,9,0,0,0,9
05/01/2020,OXC,CT,ANE,EN,Federal Contract Tower,0,5,10,0,15,0,2,0,0,2,0,7,10,0,17,0,0,0,17
05/02/2020,OXC,CT,ANE,EN,Federal Contract Tower,0,7,12,0,19,0,8,35,0,43,0,15,47,0,62,24,0,24,86
05/03/2020,OXC,CT,ANE,EN,Federal Contract Tower,0,2,12,0,14,0,0,56,0,56,0,2,68,0,70,40,0,40,110
05/04/2020,OXC,CT,ANE,EN,Federal Contract Tower,0,6,2,0,8,0,6,25,0,31,0,12,27,0,39,8,0,8,47
05/05/2020,OXC,CT,ANE,EN,Federal Contract Tower,0,7,5,0,12,0,0,51,9,60,0,7,56,9,72,52,2,54,126
05/06/2020,OXC,CT,ANE,EN,Federal Contract Tower,0,3,7,0,10,0,2,17,2,21,0,5,24,2,31,32,0,32,63
05/07/2020,OXC,CT,ANE,EN,Federal Contract Tower,0,6,2,0,8,0,2,58,2,62,0,8,60,2,70,48,0,48,118
05/08/2020,OXC,CT,ANE,EN,Federal Contract Tower,0,2,7,0,9,0,2,27,2,31,0,4,34,2,40,28,0,28,68
05/09/2020,OXC,CT,ANE,EN,Federal Contract Tower,0,4,2,0,6,0,1,0,0,1,0,5,2,0,7,0,0,0,7
05/10/2020,OXC,CT,ANE,EN,Federal Contract Tower,0,5,4,0,9,0,0,17,0,17,0,5,21,0,26,6,0,6,32
05/11/2020,OXC,CT,ANE,EN,Federal Contract Tower,0,11,6,0,17,0,0,6,2,8,0,11,12,2,25,18,0,18,43
05/12/2020,OXC,CT,ANE,EN,Federal Contract Tower,0,3,2,0,5,0,4,31,0,35,0,7,33,0,40,22,0,22,62
05/13/2020,OXC,CT,ANE,EN,Federal Contract Tower,0,2,12,0,14,0,3,39,10,52,0,5,51,10,66,42,4,46,112
05/14/2020,OXC,CT,ANE,EN,Federal Contract Tower,0,1,12,0,13,0,23,97,0,120,0,24,109,0,133,32,0,32,165
05/15/2020,OXC,CT,ANE,EN,Federal Contract Tower,0,4,6,0,10,0,6,50,0,56,0,10,56,0,66,40,0,40,106
05/16/2020,OXC,CT,ANE,EN,Federal Contract Tower,0,3,8,0,11,0,2,50,2,54,0,5,58,2,65,16,0,16,81
05/17/2020,OXC,CT,ANE,EN,Federal Contract Tower,0,7,12,0,19,0,2,61,0,63,0,9,73,0,82,92,0,92,174
05/18/2020,OXC,CT,ANE,EN,Federal Contract Tower,0,7,2,0,9,0,0,18,2,20,0,7,20,2,29,24,0,24,53
05/20/2020,OXC,CT,ANE,EN,Federal Contract Tower,0,3,12,0,15,0,3,39,2,44,0,6,51,2,59,22,0,22,81
05/21/2020,OXC,CT,ANE,EN,Federal Contract Tower,0,15,9,0,24,0,9,93,2,104,0,24,102,2,128,38,0,38,166
05/22/2020,OXC,CT,ANE,EN,Federal Contract Tower,0,14,7,0,21,0,5,21,0,26,0,19,28,0,47,26,0,26,73
05/23/2020,OXC,CT,ANE,EN,Federal Contract Tower,0,3,4,0,7,0,0,0,0,0,0,3,4,0,7,0,0,0,7
05/24/2020,OXC,CT,ANE,EN,Federal Contract Tower,0,0,4,0,4,0,0,56,4,60,0,0,60,4,64,32,0,32,96
05/25/2020,OXC,CT,ANE,EN,Federal Contract Tower,0,7,10,0,17,0,0,5,0,5,0,7,15,0,22,16,0,16,38
05/26/2020,OXC,CT,ANE,EN,Federal Contract Tower,0,10,13,2,25,0,1,21,2,24,0,11,34,4,49,26,0,26,75
05/27/2020,OXC,CT,ANE,EN,Federal Contract Tower,0,3,7,0,10,0,1,40,8,49,0,4,47,8,59,92,0,92,151
05/28/2020,OXC,CT,ANE,EN,Federal Contract Tower,0,11,1,0,12,0,0,0,0,0,0,11,1,0,12,8,0,8,20
05/29/2020,OXC,CT,ANE,EN,Federal Contract Tower,0,12,10,0,22,0,0,2,0,2,0,12,12,0,24,0,0,0,24
05/30/2020,OXC,CT,ANE,EN,Federal Contract Tower,0,1,12,0,13,0,4,53,0,57,0,5,65,0,70,70,0,70,140
05/31/2020,OXC,CT,ANE,EN,Federal Contract Tower,0,0,7,0,7,0,8,39,0,47,0,8,46,0,54,44,0,44,98
06/01/2020,OXC,CT,ANE,EN,Federal Contract Tower,0,2,3,0,5,0,1,53,2,56,0,3,56,2,61,34,0,34,95
06/02/2020,OXC,CT,ANE,EN,Federal Contract Tower,0,2,11,0,13,0,0,71,0,71,0,2,82,0,84,44,0,44,128
06/03/2020,OXC,CT,ANE,EN,Federal Contract Tower,0,4,2,0,6,0,0,20,0,20,0,4,22,0,26,38,0,38,64
06/04/2020,OXC,CT,ANE,EN,Federal Contract Tower,0,4,14,0,18,0,5,59,3,67,0,9,73,3,85,104,2,106,191
06/05/2020,OXC,CT,ANE,EN,Federal Contract Tower,0,11,13,0,24,0,0,3,0,3,0,11,16,0,27,0,0,0,27
06/06/2020,OXC,CT,ANE,EN,Federal Contract Tower,0,2,15,0,17,0,1,27,2,30,0,3,42,2,47,24,0,24,71
06/07/2020,OXC,CT,ANE,EN,Federal Contract Tower,0,6,6,0,12,0,3,59,4,66,0,9,65,4,78,56,2,58,136
06/08/2020,OXC,CT,ANE,EN,Federal Contract Tower,0,2,5,0,7,0,3,45,4,52,0,5,50,4,59,54,0,54,113
06/09/2020,OXC,CT,ANE,EN,Federal Contract Tower,0,6,7,0,13,0,2,73,2,77,0,8,80,2,90,80,0,80,170
06/10/2020,OXC,CT,ANE,EN,Federal Contract Tower,0,7,3,1,11,0,6,36,5,47,0,13,39,6,58,14,0,14,72
06/11/2020,OXC,CT,ANE,EN,Federal Contract Tower,0,8,8,2,18,0,0,0,0,0,0,8,8,2,18,0,0,0,18
06/12/2020,OXC,CT,ANE,EN,Federal Contract Tower,0,9,14,0,23,0,4,76,8,88,0,13,90,8,111,30,0,30,141
06/13/2020,OXC,CT,ANE,EN,Federal Contract Tower,0,2,7,0,9,0,2,56,0,58,0,4,63,0,67,72,0,72,139
06/14/2020,OXC,CT,ANE,EN,Federal Contract Tower,0,12,10,0,22,0,3,59,2,64,0,15,69,2,86,62,0,62,148
06/15/2020,OXC,CT,ANE,EN,Federal Contract Tower,0,9,7,0,16,0,3,59,2,64,0,12,66,2,80,28,2,30,110
06/16/2020,OXC,CT,ANE,EN,Federal Contract Tower,0,6,5,0,11,0,7,55,6,68,0,13,60,6,79,46,4,50,129
06/17/2020,OXC,CT,ANE,EN,Federal Contract Tower,0,7,10,0,17,0,8,81,6,95,0,15,91,6,112,58,2,60,172
06/18/2020,OXC,CT,ANE,EN,Federal Contract Tower,0,14,13,0,27,0,5,13,4,22,0,19,26,4,49,2,0,2,51
06/19/2020,OXC,CT,ANE,EN,Federal Contract Tower,0,6,9,0,15,0,5,54,6,65,0,11,63,6,80,36,0,36,116
06/20/2020,OXC,CT,ANE,EN,Federal Contract Tower,0,2,9,0,11,0,6,57,0,63,0,8,66,0,74,28,0,28,102
06/21/2020,OXC,CT,ANE,EN,Federal Contract Tower,0,5,11,0,16,0,5,52,0,57,0,10,63,0,73,14,0,14,87
06/22/2020,OXC,CT,ANE,EN,Federal Contract Tower,0,4,9,0,13,0,1,56,2,59,0,5,65,2,72,24,0,24,96
06/23/2020,OXC,CT,ANE,EN,Federal Contract Tower,0,4,5,0,9,0,2,56,0,58,0,6,61,0,67,98,0,98,165
06/24/2020,OXC,CT,ANE,EN,Federal Contract Tower,0,11,7,0,18,0,1,20,0,21,0,12,27,0,39,26,0,26,65
06/25/2020,OXC,CT,ANE,EN,Federal Contract Tower,0,9,9,0,18,0,6,64,6,76,0,15,73,6,94,64,0,64,158
06/26/2020,OXC,CT,ANE,EN,Federal Contract Tower,0,5,11,0,16,0,2,106,2,110,0,7,117,2,126,38,0,38,164
06/27/2020,OXC,CT,ANE,EN,Federal Contract Tower,0,7,9,0,16,0,3,21,2,26,0,10,30,2,42,12,0,12,54
06/28/2020,OXC,CT,ANE,EN,Federal Contract Tower,0,6,9,0,15,0,5,22,4,31,0,11,31,4,46,26,0,26,72
06/29/2020,OXC,CT,ANE,EN,Federal Contract Tower,0,5,8,0,13,0,7,13,2,22,0,12,21,2,35,16,0,16,51
06/30/2020,OXC,CT,ANE,EN,Federal Contract Tower,0,7,19,0,26,0,0,12,0,12,0,7,31,0,38,30,0,30,68
07/01/2020,OXC,CT,ANE,EN,Federal Contract Tower,0,7,9,0,16,0,3,3,4,10,0,10,12,4,26,8,0,8,34
07/02/2020,OXC,CT,ANE,EN,Federal Contract Tower,0,3,16,0,19,0,7,73,0,80,0,10,89,0,99,62,0,62,161
07/03/2020,OXC,CT,ANE,EN,Federal Contract Tower,0,1,4,0,5,0,5,28,2,35,0,6,32,2,40,34,0,34,74
07/04/2020,OXC,CT,ANE,EN,Federal Contract Tower,0,2,11,0,13,0,4,42,0,46,0,6,53,0,59,48,0,48,107
07/05/2020,OXC,CT,ANE,EN,Federal Contract Tower,0,10,14,1,25,0,2,44,1,47,0,12,58,2,72,18,0,18,90
07/06/2020,OXC,CT,ANE,EN,Federal Contract Tower,0,4,11,0,15,0,4,35,5,44,0,8,46,5,59,28,0,28,87
07/07/2020,OXC,CT,ANE,EN,Federal Contract Tower,0,15,27,0,42,0,0,2,0,2,0,15,29,0,44,0,0,0,44
07/08/2020,OXC,CT,ANE,EN,Federal Contract Tower,0,6,7,0,13,0,2,1,0,3,0,8,8,0,16,0,0,0,16
07/09/2020,OXC,CT,ANE,EN,Federal Contract Tower,0,11,14,0,25,0,4,47,2,53,0,15,61,2,78,128,0,128,206
07/10/2020,OXC,CT,ANE,EN,Federal Contract Tower,0,7,9,0,16,0,0,0,0,0,0,7,9,0,16,0,0,0,16
07/11/2020,OXC,CT,ANE,EN,Federal Contract Tower,0,4,10,0,14,0,1,12,0,13,0,5,22,0,27,16,0,16,43
07/12/2020,OXC,CT,ANE,EN,Federal Contract Tower,0,4,4,0,8,0,5,83,0,88,0,9,87,0,96,38,0,38,134
07/13/2020,OXC,CT,ANE,EN,Federal Contract Tower,0,4,9,0,13,0,4,34,2,40,0,8,43,2,53,32,0,32,85
07/14/2020,OXC,CT,ANE,EN,Federal Contract Tower,0,6,4,0,10,0,16,61,0,77,0,22,65,0,87,88,0,88,175
07/15/2020,OXC,CT,ANE,EN,Federal Contract Tower,0,9,17,2,28,0,8,39,0,47,0,17,56,2,75,66,0,66,141
07/16/2020,OXC,CT,ANE,EN,Federal Contract Tower,0,5,8,0,13,0,3,80,2,85,0,8,88,2,98,104,0,104,202
07/17/2020,OXC,CT,ANE,EN,Federal Contract Tower,0,20,30,0,50,0,0,3,0,3,0,20,33,0,53,0,0,0,53
07/18/2020,OXC,CT,ANE,EN,Federal Contract Tower,0,6,9,0,15,0,3,76,4,83,0,9,85,4,98,40,0,40,138
07/19/2020,OXC,CT,ANE,EN,Federal Contract Tower,0,7,15,0,22,0,3,48,4,55,0,10,63,4,77,26,0,26,103
07/20/2020,OXC,CT,ANE,EN,Federal Contract Tower,0,3,15,0,18,0,6,54,2,62,0,9,69,2,80,46,0,46,126
07/21/2020,OXC,CT,ANE,EN,Federal Contract Tower,0,5,11,0,16,0,14,80,2,96,0,19,91,2,112,92,0,92,204
07/22/2020,OXC,CT,ANE,EN,Federal Contract Tower,0,12,5,0,17,0,5,30,0,35,0,17,35,0,52,40,0,40,92
07/23/2020,OXC,CT,ANE,EN,Federal Contract Tower,0,6,15,0,21,0,3,20,4,27,0,9,35,4,48,12,4,16,64
07/24/2020,OXC,CT,ANE,EN,Federal Contract Tower,0,6,10,0,16,0,3,56,4,63,0,9,66,4,79,66,0,66,145
07/25/2020,OXC,CT,ANE,EN,Federal Contract Tower,0,5,12,0,17,0,1,74,2,77,0,6,86,2,94,52,0,52,146
07/26/2020,OXC,CT,ANE,EN,Federal Contract Tower,0,3,11,0,14,0,4,67,10,81,0,7,78,10,95,52,0,52,147
07/27/2020,OXC,CT,ANE,EN,Federal Contract Tower,0,1,6,0,7,0,7,66,4,77,0,8,72,4,84,52,0,52,136
07/28/2020,OXC,CT,ANE,EN,Federal Contract Tower,0,1,5,0,6,0,20,33,6,59,0,21,38,6,65,60,4,64,129
07/29/2020,OXC,CT,ANE,EN,Federal Contract Tower,0,4,6,0,10,0,9,60,2,71,0,13,66,2,81,120,0,120,201
07/30/2020,OXC,CT,ANE,EN,Federal Contract Tower,0,8,13,0,21,0,10,60,3,73,0,18,73,3,94,50,0,50,144
07/31/2020,OXC,CT,ANE,EN,Federal Contract Tower,0,6,13,0,19,0,3,52,0,55,0,9,65,0,74,18,0,18,92
08/01/2020,OXC,CT,ANE,EN,Federal Contract Tower,0,7,2,0,9,0,13,89,0,102,0,20,91,0,111,60,0,60,171
08/02/2020,OXC,CT,ANE,EN,Federal Contract Tower,0,12,16,0,28,0,0,4,0,4,0,12,20,0,32,0,0,0,32
08/03/2020,OXC,CT,ANE,EN,Federal Contract Tower,0,6,6,0,12,0,5,38,2,45,0,11,44,2,57,76,0,76,133
08/04/2020,OXC,CT,ANE,EN,Federal Contract Tower,0,1,4,0,5,0,0,0,0,0,0,1,4,0,5,0,0,0,5
08/05/2020,OXC,CT,ANE,EN,Federal Contract Tower,0,6,15,0,21,0,22,24,0,46,0,28,39,0,67,22,0,22,89
08/06/2020,OXC,CT,ANE,EN,Federal Contract Tower,0,5,9,0,14,0,7,76,5,88,0,12,85,5,102,66,0,66,168
08/07/2020,OXC,CT,ANE,EN,Federal Contract Tower,0,5,7,0,12,0,10,26,0,36,0,15,33,0,48,38,0,38,86
08/08/2020,OXC,CT,ANE,EN,Federal Contract Tower,0,6,10,0,16,0,1,46,2,49,0,7,56,2,65,46,0,46,111
08/09/2020,OXC,CT,ANE,EN,Federal Contract Tower,0,6,12,0,18,0,0,34,2,36,0,6,46,2,54,18,0,18,72
08/10/2020,OXC,CT,ANE,EN,Federal Contract Tower,0,7,9,0,16,0,5,51,2,58,0,12,60,2,74,42,0,42,116
08/11/2020,OXC,CT,ANE,EN,Federal Contract Tower,0,10,18,0,28,0,14,75,2,91,0,24,93,2,119,50,0,50,169
08/12/2020,OXC,CT,ANE,EN,Federal Contract Tower,0,7,9,3,19,0,12,41,2,55,0,19,50,5,74,40,0,40,114
08/13/2020,OXC,CT,ANE,EN,Federal Contract Tower,0,10,5,0,15,0,16,48,0,64,0,26,53,0,79,52,0,52,131
08/14/2020,OXC,CT,ANE,EN,Federal Contract Tower,0,1,6,0,7,0,7,70,4,81,0,8,76,4,88,72,0,72,160
08/15/2020,OXC,CT,ANE,EN,Federal Contract Tower,0,7,13,0,20,0,4,60,2,66,0,11,73,2,86,36,0,36,122
08/16/2020,OXC,CT,ANE,EN,Federal Contract Tower,0,12,26,2,40,0,0,0,0,0,0,12,26,2,40,0,0,0,40
08/17/2020,OXC,CT,ANE,EN,Federal Contract Tower,0,8,9,0,17,0,5,53,2,60,0,13,62,2,77,36,0,36,113
08/18/2020,OXC,CT,ANE,EN,Federal Contract Tower,0,7,11,0,18,0,16,73,4,93,0,23,84,4,111,48,0,48,159
08/19/2020,OXC,CT,ANE,EN,Federal Contract Tower,0,4,11,0,15,0,16,66,4,86,0,20,77,4,101,52,0,52,153
08/20/2020,OXC,CT,ANE,EN,Federal Contract Tower,0,11,15,0,26,0,4,94,4,102,0,15,109,4,128,88,0,88,216
08/21/2020,OXC,CT,ANE,EN,Federal Contract Tower,0,5,8,0,13,0,7,68,4,79,0,12,76,4,92,4,22,26,118
08/22/2020,OXC,CT,ANE,EN,Federal Contract Tower,0,3,6,0,9,0,7,74,4,85,0,10,80,4,94,38,4,42,136
08/23/2020,OXC,CT,ANE,EN,Federal Contract Tower,0,4,12,0,16,0,6,79,2,87,0,10,91,2,103,74,0,74,177
08/24/2020,OXC,CT,ANE,EN,Federal Contract Tower,0,1,9,0,10,0,3,22,0,25,0,4,31,0,35,14,0,14,49
08/25/2020,OXC,CT,ANE,EN,Federal Contract Tower,0,9,8,0,17,0,10,47,3,60,0,19,55,3,77,32,0,32,109
08/26/2020,OXC,CT,ANE,EN,Federal Contract Tower,0,3,6,0,9,0,5,49,10,64,0,8,55,10,73,52,0,52,125
08/27/2020,OXC,CT,ANE,EN,Federal Contract Tower,0,3,13,0,16,0,7,11,4,22,0,10,24,4,38,8,0,8,46
08/28/2020,OXC,CT,ANE,EN,Federal Contract Tower,0,4,14,0,18,0,3,58,10,71,0,7,72,10,89,42,0,42,131
08/29/2020,OXC,CT,ANE,EN,Federal Contract Tower,0,5,13,0,18,0,0,2,0,2,0,5,15,0,20,0,0,0,20
08/30/2020,OXC,CT,ANE,EN,Federal Contract Tower,0,4,15,0,19,0,7,52,0,59,0,11,67,0,78,42,0,42,120
08/31/2020,OXC,CT,ANE,EN,Federal Contract Tower,0,4,12,0,16,0,6,65,8,79,0,10,77,8,95,22,0,22,117
09/01/2020,OXC,CT,ANE,EN,Federal Contract Tower,0,12,17,0,29,0,4,35,8,47,0,16,52,8,76,24,2,26,102
09/02/2020,OXC,CT,ANE,EN,Federal Contract Tower,0,13,13,0,26,0,0,0,0,0,0,13,13,0,26,12,0,12,38
09/03/2020,OXC,CT,ANE,EN,Federal Contract Tower,0,6,7,0,13,0,2,34,2,38,0,8,41,2,51,18,0,18,69
09/04/2020,OXC,CT,ANE,EN,Federal Contract Tower,0,10,14,0,24,0,8,70,8,86,0,18,84,8,110,44,0,44,154
09/05/2020,OXC,CT,ANE,EN,Federal Contract Tower,0,1,9,0,10,0,6,66,3,75,0,7,75,3,85,58,0,58,143
09/06/2020,OXC,CT,ANE,EN,Federal Contract Tower,0,4,6,0,10,0,3,66,3,72,0,7,72,3,82,36,0,36,118
09/07/2020,OXC,CT,ANE,EN,Federal Contract Tower,0,5,17,0,22,0,5,62,8,75,0,10,79,8,97,30,4,34,131
09/08/2020,OXC,CT,ANE,EN,Federal Contract Tower,0,5,9,0,14,0,8,45,8,61,0,13,54,8,75,24,0,24,99
09/09/2020,OXC,CT,ANE,EN,Federal Contract Tower,0,5,11,0,16,0,8,51,4,63,0,13,62,4,79,46,0,46,125
09/10/2020,OXC,CT,ANE,EN,Federal Contract Tower,0,9,11,0,20,0,1,1,0,2,0,10,12,0,22,0,0,0,22
09/11/2020,OXC,CT,ANE,EN,Federal Contract Tower,0,10,16,0,26,0,8,66,4,78,0,18,82,4,104,54,0,54,158
09/12/2020,OXC,CT,ANE,EN,Federal Contract Tower,0,1,7,0,8,0,5,89,2,96,0,6,96,2,104,74,0,74,178
09/13/2020,OXC,CT,ANE,EN,Federal Contract Tower,0,9,21,0,30,0,2,30,0,32,0,11,51,0,62,22,0,22,84
09/14/2020,OXC,CT,ANE,EN,Federal Contract Tower,0,9,23,0,32,0,5,45,0,50,0,14,68,0,82,48,0,48,130
09/15/2020,OXC,CT,ANE,EN,Federal Contract Tower,0,4,15,0,19,0,0,69,2,71,0,4,84,2,90,62,0,62,152
09/16/2020,OXC,CT,ANE,EN,Federal Contract Tower,0,9,8,0,17,0,4,55,8,67,0,13,63,8,84,62,0,62,146
09/17/2020,OXC,CT,ANE,EN,Federal Contract Tower,0,6,15,0,21,0,5,59,6,70,0,11,74,6,91,76,8,84,175
09/18/2020,OXC,CT,ANE,EN,Federal Contract Tower,0,9,13,0,22,0,1,32,0,33,0,10,45,0,55,20,0,20,75
09/19/2020,OXC,CT,ANE,EN,Federal Contract Tower,0,4,6,0,10,0,5,65,2,72,0,9,71,2,82,72,0,72,154
09/20/2020,OXC,CT,ANE,EN,Federal Contract Tower,0,6,5,0,11,0,5,53,2,60,0,11,58,2,71,6,0,6,77
09/21/2020,OXC,CT,ANE,EN,Federal Contract Tower,0,6,6,0,12,0,2,49,6,57,0,8,55,6,69,38,0,38,107
09/22/2020,OXC,CT,ANE,EN,Federal Contract Tower,0,8,8,0,16,0,8,41,2,51,0,16,49,2,67,28,6,34,101
09/23/2020,OXC,CT,ANE,EN,Federal Contract Tower,0,6,16,0,22,0,16,31,4,51,0,22,47,4,73,14,0,14,87
09/24/2020,OXC,CT,ANE,EN,Federal Contract Tower,0,5,6,1,12,0,8,87,5,100,0,13,93,6,112,94,0,94,206
09/25/2020,OXC,CT,ANE,EN,Federal Contract Tower,0,6,7,0,13,0,7,86,2,95,0,13,93,2,108,70,0,70,178
09/26/2020,OXC,CT,ANE,EN,Federal Contract Tower,0,7,16,0,23,0,2,28,2,32,0,9,44,2,55,52,0,52,107
09/27/2020,OXC,CT,ANE,EN,Federal Contract Tower,0,16,22,0,38,0,0,10,0,10,0,16,32,0,48,40,0,40,88
09/28/2020,OXC,CT,ANE,EN,Federal Contract Tower,0,4,21,0,25,0,9,15,2,26,0,13,36,2,51,26,0,26,77
09/29/2020,OXC,CT,ANE,EN,Federal Contract Tower,0,10,8,0,18,0,0,0,0,0,0,10,8,0,18,0,0,0,18
09/30/2020,OXC,CT,ANE,EN,Federal Contract Tower,0,9,9,0,18,0,8,17,2,27,0,17,26,2,45,18,0,18,63
10/01/2020,OXC,CT,ANE,EN,Federal Contract Tower,0,13,8,0,21,0,8,58,6,72,0,21,66,6,93,64,0,64,157
10/02/2020,OXC,CT,ANE,EN,Federal Contract Tower,0,5,13,0,18,0,6,41,4,51,0,11,54,4,69,24,0,24,93
10/03/2020,OXC,CT,ANE,EN,Federal Contract Tower,0,3,6,0,9,0,7,79,0,86,0,10,85,0,95,78,0,78,173
10/04/2020,OXC,CT,ANE,EN,Federal Contract Tower,0,4,13,0,17,0,4,67,0,71,0,8,80,0,88,76,0,76,164
10/05/2020,OXC,CT,ANE,EN,Federal Contract Tower,0,6,4,0,10,0,8,22,0,30,0,14,26,0,40,24,0,24,64
10/06/2020,OXC,CT,ANE,EN,Federal Contract Tower,0,6,10,0,16,0,3,33,0,36,0,9,43,0,52,22,0,22,74
10/07/2020,OXC,CT,ANE,EN,Federal Contract Tower,0,4,6,0,10,0,1,26,2,29,0,5,32,2,39,28,0,28,67
10/08/2020,OXC,CT,ANE,EN,Federal Contract Tower,0,4,6,0,10,0,8,17,2,27,0,12,23,2,37,6,0,6,43
10/09/2020,OXC,CT,ANE,EN,Federal Contract Tower,0,8,10,0,18,0,12,77,4,93,0,20,87,4,111,84,0,84,195
10/10/2020,OXC,CT,ANE,EN,Federal Contract Tower,0,7,6,0,13,0,1,49,0,50,0,8,55,0,63,28,0,28,91
10/11/2020,OXC,CT,ANE,EN,Federal Contract Tower,0,7,15,0,22,0,2,80,0,82,0,9,95,0,104,56,0,56,160
10/12/2020,OXC,CT,ANE,EN,Federal Contract Tower,0,12,16,0,28,0,0,1,0,1,0,12,17,0,29,0,0,0,29
10/13/2020,OXC,CT,ANE,EN,Federal Contract Tower,0,7,13,0,20,0,0,0,0,0,0,7,13,0,20,0,0,0,20
10/14/2020,OXC,CT,ANE,EN,Federal Contract Tower,0,13,7,0,20,0,5,61,4,70,0,18,68,4,90,82,6,88,178
10/15/2020,OXC,CT,ANE,EN,Federal Contract Tower,0,9,11,0,20,0,11,44,11,66,0,20,55,11,86,14,2,16,102
10/16/2020,OXC,CT,ANE,EN,Federal Contract Tower,0,9,8,0,17,0,0,0,0,0,0,9,8,0,17,0,0,0,17
10/17/2020,OXC,CT,ANE,EN,Federal Contract Tower,0,5,8,0,13,0,17,45,0,62,0,22,53,0,75,26,0,26,101
10/18/2020,OXC,CT,ANE,EN,Federal Contract Tower,0,8,15,0,23,0,5,121,2,128,0,13,136,2,151,46,0,46,197
10/19/2020,OXC,CT,ANE,EN,Federal Contract Tower,0,6,8,0,14,0,7,30,0,37,0,13,38,0,51,18,0,18,69
10/20/2020,OXC,CT,ANE,EN,Federal Contract Tower,0,6,18,0,24,0,1,1,0,2,0,7,19,0,26,0,0,0,26
10/21/2020,OXC,CT,ANE,EN,Federal Contract Tower,0,12,21,0,33,0,0,2,0,2,0,12,23,0,35,0,0,0,35
10/22/2020,OXC,CT,ANE,EN,Federal Contract Tower,0,12,12,1,25,0,4,36,8,48,0,16,48,9,73,22,4,26,99
10/23/2020,OXC,CT,ANE,EN,Federal Contract Tower,0,20,12,0,32,0,0,0,0,0,0,20,12,0,32,0,0,0,32
10/24/2020,OXC,CT,ANE,EN,Federal Contract Tower,0,2,23,0,25,0,0,9,0,9,0,2,32,0,34,20,0,20,54
10/25/2020,OXC,CT,ANE,EN,Federal Contract Tower,0,4,17,0,21,0,4,92,8,104,0,8,109,8,125,110,0,110,235
10/26/2020,OXC,CT,ANE,EN,Federal Contract Tower,0,6,12,0,18,0,0,0,0,0,0,6,12,0,18,0,0,0,18
10/27/2020,OXC,CT,ANE,EN,Federal Contract Tower,0,3,6,0,9,0,12,37,10,59,0,15,43,10,68,76,0,76,144
10/28/2020,OXC,CT,ANE,EN,Federal Contract Tower,0,1,9,2,12,0,1,3,3,7,0,2,12,5,19,0,0,0,19
10/29/2020,OXC,CT,ANE,EN,Federal Contract Tower,0,5,2,0,7,0,0,2,0,2,0,5,4,0,9,0,0,0,9
10/30/2020,OXC,CT,ANE,EN,Federal Contract Tower,0,5,6,0,11,0,0,2,0,2,0,5,8,0,13,0,0,0,13
10/31/2020,OXC,CT,ANE,EN,Federal Contract Tower,0,5,12,0,17,0,1,73,2,76,0,6,85,2,93,44,0,44,137
11/01/2020,OXC,CT,ANE,EN,Federal Contract Tower,0,9,12,0,21,0,1,30,0,31,0,10,42,0,52,62,0,62,114
11/02/2020,OXC,CT,ANE,EN,Federal Contract Tower,0,3,5,0,8,0,1,2,0,3,0,4,7,0,11,0,0,0,11
11/03/2020,OXC,CT,ANE,EN,Federal Contract Tower,0,4,8,0,12,0,2,31,12,45,0,6,39,12,57,14,0,14,71
11/04/2020,OXC,CT,ANE,EN,Federal Contract Tower,0,7,9,0,16,0,3,53,7,63,0,10,62,7,79,36,4,40,119
11/05/2020,OXC,CT,ANE,EN,Federal Contract Tower,0,12,5,2,19,0,1,58,19,78,0,13,63,21,97,56,0,56,153
11/06/2020,OXC,CT,ANE,EN,Federal Contract Tower,0,17,8,0,25,0,3,86,3,92,0,20,94,3,117,62,0,62,179
11/07/2020,OXC,CT,ANE,EN,Federal Contract Tower,0,4,6,0,10,0,2,124,0,126,0,6,130,0,136,86,0,86,222
11/08/2020,OXC,CT,ANE,EN,Federal Contract Tower,0,4,10,0,14,0,6,87,5,98,0,10,97,5,112,52,6,58,170
11/09/2020,OXC,CT,ANE,EN,Federal Contract Tower,0,4,4,1,9,0,4,70,3,77,0,8,74,4,86,44,4,48,134
11/10/2020,OXC,CT,ANE,EN,Federal Contract Tower,0,2,9,0,11,0,7,43,6,56,0,9,52,6,67,95,0,95,162
11/11/2020,OXC,CT,ANE,EN,Federal Contract Tower,0,5,12,0,17,0,0,0,0,0,0,5,12,0,17,0,0,0,17
11/12/2020,OXC,CT,ANE,EN,Federal Contract Tower,0,3,9,0,12,0,9,7,4,20,0,12,16,4,32,22,0,22,54
11/13/2020,OXC,CT,ANE,EN,Federal Contract Tower,0,10,13,0,23,0,0,0,0,0,0,10,13,0,23,0,0,0,23
11/14/2020,OXC,CT,ANE,EN,Federal Contract Tower,0,5,6,0,11,0,3,62,4,69,0,8,68,4,80,46,0,46,126
11/15/2020,OXC,CT,ANE,EN,Federal Contract Tower,0,4,9,0,13,0,0,31,2,33,0,4,40,2,46,6,0,6,52
11/16/2020,OXC,CT,ANE,EN,Federal Contract Tower,0,4,5,0,9,0,14,19,0,33,0,18,24,0,42,66,0,66,108
11/17/2020,OXC,CT,ANE,EN,Federal Contract Tower,0,2,7,0,9,0,0,18,0,18,0,2,25,0,27,10,0,10,37
11/18/2020,OXC,CT,ANE,EN,Federal Contract Tower,0,10,9,0,19,0,3,36,6,45,0,13,45,6,64,22,0,22,86
11/19/2020,OXC,CT,ANE,EN,Federal Contract Tower,0,5,12,0,17,0,16,47,0,63,0,21,59,0,80,100,0,100,180
11/20/2020,OXC,CT,ANE,EN,Federal Contract Tower,0,5,2,0,7,0,8,63,0,71,0,13,65,0,78,96,0,96,174
11/21/2020,OXC,CT,ANE,EN,Federal Contract Tower,0,9,13,0,22,0,5,90,0,95,0,14,103,0,117,128,0,128,245
11/22/2020,OXC,CT,ANE,EN,Federal Contract Tower,0,9,19,0,28,0,1,22,4,27,0,10,41,4,55,46,0,46,101
11/23/2020,OXC,CT,ANE,EN,Federal Contract Tower,0,3,4,0,7,0,1,7,0,8,0,4,11,0,15,6,0,6,21
11/24/2020,OXC,CT,ANE,EN,Federal Contract Tower,0,6,14,0,20,0,8,38,2,48,0,14,52,2,68,20,26,46,114
11/25/2020,OXC,CT,ANE,EN,Federal Contract Tower,0,15,9,0,24,0,4,33,0,37,0,19,42,0,61,102,0,102,163
11/26/2020,OXC,CT,ANE,EN,Federal Contract Tower,0,0,1,0,1,0,0,1,0,1,0,0,2,0,2,0,0,0,2
11/27/2020,OXC,CT,ANE,EN,Federal Contract Tower,0,1,7,0,8,0,1,65,2,68,0,2,72,2,76,138,0,138,214
11/28/2020,OXC,CT,ANE,EN,Federal Contract Tower,0,12,7,2,21,0,1,59,0,60,0,13,66,2,81,60,0,60,141
11/29/2020,OXC,CT,ANE,EN,Federal Contract Tower,0,7,17,0,24,0,5,82,2,89,0,12,99,2,113,70,0,70,183
11/30/2020,OXC,CT,ANE,EN,Federal Contract Tower,0,1,3,0,4,0,2,0,0,2,0,3,3,0,6,0,0,0,6
12/01/2020,OXC,CT,ANE,EN,Federal Contract Tower,0,8,8,0,16,0,2,1,0,3,0,10,9,0,19,0,0,0,19
12/02/2020,OXC,CT,ANE,EN,Federal Contract Tower,0,9,3,0,12,0,1,30,4,35,0,10,33,4,47,36,0,36,83
12/03/2020,OXC,CT,ANE,EN,Federal Contract Tower,0,7,13,0,20,0,9,64,10,83,0,16,77,10,103,114,4,118,221
12/04/2020,OXC,CT,ANE,EN,Federal Contract Tower,0,2,2,0,4,0,3,39,6,48,0,5,41,6,52,34,0,34,86
12/05/2020,OXC,CT,ANE,EN,Federal Contract Tower,0,4,4,0,8,0,0,0,0,0,0,4,4,0,8,0,0,0,8
12/06/2020,OXC,CT,ANE,EN,Federal Contract Tower,0,2,15,0,17,0,7,21,0,28,0,9,36,0,45,36,0,36,81
12/07/2020,OXC,CT,ANE,EN,Federal Contract Tower,0,10,8,0,18,0,3,60,0,63,0,13,68,0,81,66,0,66,147
12/08/2020,OXC,CT,ANE,EN,Federal Contract Tower,0,6,4,0,10,0,9,21,0,30,0,15,25,0,40,8,0,8,48
12/09/2020,OXC,CT,ANE,EN,Federal Contract Tower,0,5,7,0,12,0,1,5,2,8,0,6,12,2,20,16,0,16,36
12/10/2020,OXC,CT,ANE,EN,Federal Contract Tower,0,1,3,2,6,0,0,44,10,54,0,1,47,12,60,42,8,50,110
12/11/2020,OXC,CT,ANE,EN,Federal Contract Tower,0,3,12,0,15,0,7,89,12,108,0,10,101,12,123,44,0,44,167
12/12/2020,OXC,CT,ANE,EN,Federal Contract Tower,0,2,10,0,12,0,0,2,0,2,0,2,12,0,14,4,0,4,18
12/13/2020,OXC,CT,ANE,EN,Federal Contract Tower,0,10,19,0,29,0,2,49,0,51,0,12,68,0,80,68,0,68,148
12/14/2020,OXC,CT,ANE,EN,Federal Contract Tower,0,1,1,0,2,0,0,0,0,0,0,1,1,0,2,0,0,0,2
12/15/2020,OXC,CT,ANE,EN,Federal Contract Tower,0,8,6,0,14,0,0,45,0,45,0,8,51,0,59,90,0,90,149
12/16/2020,OXC,CT,ANE,EN,Federal Contract Tower,0,3,3,0,6,0,2,11,2,15,0,5,14,2,21,30,0,30,51
12/17/2020,OXC,CT,ANE,EN,Federal Contract Tower,0,2,2,0,4,0,0,2,0,2,0,2,4,0,6,0,0,0,6
12/18/2020,OXC,CT,ANE,EN,Federal Contract Tower,0,11,10,0,21,0,2,20,4,26,0,13,30,4,47,2,0,2,49
12/19/2020,OXC,CT,ANE,EN,Federal Contract Tower,0,5,3,0,8,0,0,37,0,37,0,5,40,0,45,82,0,82,127
12/20/2020,OXC,CT,ANE,EN,Federal Contract Tower,0,13,10,0,23,0,15,2,0,17,0,28,12,0,40,16,2,18,58
12/21/2020,OXC,CT,ANE,EN,Federal Contract Tower,0,14,6,0,20,0,1,11,2,14,0,15,17,2,34,22,0,22,56
12/22/2020,OXC,CT,ANE,EN,Federal Contract Tower,0,5,9,0,14,0,2,33,10,45,0,7,42,10,59,30,0,30,89
12/23/2020,OXC,CT,ANE,EN,Federal Contract Tower,0,9,4,0,13,0,4,65,6,75,0,13,69,6,88,118,0,118,206
12/24/2020,OXC,CT,ANE,EN,Federal Contract Tower,0,3,2,0,5,0,4,0,0,4,0,7,2,0,9,32,0,32,41
12/25/2020,OXC,CT,ANE,EN,Federal Contract Tower,0,2,0,0,2,0,0,0,0,0,0,2,0,0,2,0,0,0,2
12/26/2020,OXC,CT,ANE,EN,Federal Contract Tower,0,13,6,0,19,0,4,29,0,33,0,17,35,0,52,22,0,22,74
12/27/2020,OXC,CT,ANE,EN,Federal Contract Tower,0,7,14,0,21,0,3,86,2,91,0,10,100,2,112,88,10,98,210
12/28/2020,OXC,CT,ANE,EN,Federal Contract Tower,0,11,5,0,16,0,2,42,2,46,0,13,47,2,62,8,0,8,70
12/29/2020,OXC,CT,ANE,EN,Federal Contract Tower,0,4,5,0,9,0,4,22,0,26,0,8,27,0,35,10,0,10,45
12/30/2020,OXC,CT,ANE,EN,Federal Contract Tower,0,0,9,0,9,0,3,53,2,58,0,3,62,2,67,26,0,26,93
12/31/2020,OXC,CT,ANE,EN,Federal Contract Tower,0,4,9,0,13,0,0,12,0,12,0,4,21,0,25,30,0,30,55
01/01/2021,OXC,CT,ANE,EN,Federal Contract Tower,0,3,1,0,4,0,3,70,0,73,0,6,71,0,77,48,0,48,125
01/02/2021,OXC,CT,ANE,EN,Federal Contract Tower,0,8,13,0,21,0,2,11,0,13,0,10,24,0,34,6,0,6,40
01/03/2021,OXC,CT,ANE,EN,Federal Contract Tower,0,6,7,0,13,0,0,1,0,1,0,6,8,0,14,22,0,22,36
01/04/2021,OXC,CT,ANE,EN,Federal Contract Tower,0,6,7,0,13,0,24,2,0,26,0,30,9,0,39,76,0,76,115
01/05/2021,OXC,CT,ANE,EN,Federal Contract Tower,0,10,10,0,20,0,18,27,4,49,0,28,37,4,69,66,6,72,141
01/06/2021,OXC,CT,ANE,EN,Federal Contract Tower,0,8,6,0,14,0,5,12,6,23,0,13,18,6,37,8,10,18,55
01/07/2021,OXC,CT,ANE,EN,Federal Contract Tower,0,1,8,0,9,0,5,41,8,54,0,6,49,8,63,24,2,26,89
01/08/2021,OXC,CT,ANE,EN,Federal Contract Tower,0,4,8,1,13,0,6,49,2,57,0,10,57,3,70,32,0,32,102
01/09/2021,OXC,CT,ANE,EN,Federal Contract Tower,0,3,7,1,11,0,2,43,4,49,0,5,50,5,60,56,0,56,116
01/10/2021,OXC,CT,ANE,EN,Federal Contract Tower,0,5,9,0,14,0,5,93,4,102,0,10,102,4,116,72,0,72,188
01/11/2021,OXC,CT,ANE,EN,Federal Contract Tower,0,1,9,0,10,0,2,36,2,40,0,3,45,2,50,40,0,40,90
01/12/2021,OXC,CT,ANE,EN,Federal Contract Tower,0,4,3,0,7,0,0,26,2,28,0,4,29,2,35,40,2,42,77
01/13/2021,OXC,CT,ANE,EN,Federal Contract Tower,0,3,8,0,11,0,1,36,0,37,0,4,44,0,48,60,0,60,108
01/14/2021,OXC,CT,ANE,EN,Federal Contract Tower,0,8,8,0,16,0,0,50,6,56,0,8,58,6,72,80,0,80,152
01/15/2021,OXC,CT,ANE,EN,Federal Contract Tower,0,5,8,0,13,0,0,1,0,1,0,5,9,0,14,0,0,0,14
01/16/2021,OXC,CT,ANE,EN,Federal Contract Tower,0,7,4,0,11,0,0,0,0,0,0,7,4,0,11,0,0,0,11
01/17/2021,OXC,CT,ANE,EN,Federal Contract Tower,0,4,5,0,9,0,3,14,0,17,0,7,19,0,26,26,0,26,52
01/18/2021,OXC,CT,ANE,EN,Federal Contract Tower,0,7,12,0,19,0,3,39,2,44,0,10,51,2,63,6,2,8,71
01/19/2021,OXC,CT,ANE,EN,Federal Contract Tower,0,5,5,0,10,0,15,29,5,49,0,20,34,5,59,30,4,34,93
01/20/2021,OXC,CT,ANE,EN,Federal Contract Tower,0,5,5,0,10,0,7,1,2,10,0,12,6,2,20,2,0,2,22
01/21/2021,OXC,CT,ANE,EN,Federal Contract Tower,0,2,6,0,8,0,1,39,7,47,0,3,45,7,55,58,6,64,119
01/22/2021,OXC,CT,ANE,EN,Federal Contract Tower,0,2,13,0,15,0,1,34,4,39,0,3,47,4,54,36,0,36,90
01/23/2021,OXC,CT,ANE,EN,Federal Contract Tower,0,1,4,0,5,0,5,8,2,15,0,6,12,2,20,0,0,0,20
01/24/2021,OXC,CT,ANE,EN,Federal Contract Tower,0,5,13,0,18,0,14,19,0,33,0,19,32,0,51,4,0,4,55
01/25/2021,OXC,CT,ANE,EN,Federal Contract Tower,0,6,7,0,13,0,6,55,0,61,0,12,62,0,74,68,0,68,142
01/26/2021,OXC,CT,ANE,EN,Federal Contract Tower,0,0,1,0,1,0,0,5,0,5,0,0,6,0,6,6,0,6,12
01/27/2021,OXC,CT,ANE,EN,Federal Contract Tower,0,4,6,0,10,0,0,5,10,15,0,4,11,10,25,8,30,38,63
01/28/2021,OXC,CT,ANE,EN,Federal Contract Tower,0,3,5,2,10,0,9,15,10,34,0,12,20,12,44,18,0,18,62
01/29/2021,OXC,CT,ANE,EN,Federal Contract Tower,0,8,6,0,14,0,2,4,2,8,0,10,10,2,22,0,0,0,22
01/30/2021,OXC,CT,ANE,EN,Federal Contract Tower,0,4,6,0,10,0,8,43,8,59,0,12,49,8,69,54,4,58,127
01/31/2021,OXC,CT,ANE,EN,Federal Contract Tower,0,6,18,0,24,0,2,52,0,54,0,8,70,0,78,68,0,68,146
02/01/2021,OXC,CT,ANE,EN,Federal Contract Tower,0,0,0,0,0,0,0,0,0,0,0,0,0,0,0,0,0,0,0
02/02/2021,OXC,CT,ANE,EN,Federal Contract Tower,0,2,0,0,2,0,0,0,0,0,0,2,0,0,2,0,0,0,2
02/03/2021,OXC,CT,ANE,EN,Federal Contract Tower,0,4,5,0,9,0,0,4,6,10,0,4,9,6,19,0,0,0,19
02/04/2021,OXC,CT,ANE,EN,Federal Contract Tower,0,5,12,4,21,0,4,61,10,75,0,9,73,14,96,48,14,62,158
02/05/2021,OXC,CT,ANE,EN,Federal Contract Tower,0,8,1,0,9,0,6,2,0,8,0,14,3,0,17,24,0,24,41
02/06/2021,OXC,CT,ANE,EN,Federal Contract Tower,0,3,11,0,14,0,4,33,0,37,0,7,44,0,51,40,0,40,91
02/07/2021,OXC,CT,ANE,EN,Federal Contract Tower,0,2,1,0,3,0,0,1,0,1,0,2,2,0,4,0,0,0,4
02/08/2021,OXC,CT,ANE,EN,Federal Contract Tower,0,3,3,0,6,0,6,31,0,37,0,9,34,0,43,36,0,36,79
02/09/2021,OXC,CT,ANE,EN,Federal Contract Tower,0,5,3,0,8,0,0,0,0,0,0,5,3,0,8,0,0,0,8
02/10/2021,OXC,CT,ANE,EN,Federal Contract Tower,0,9,9,0,18,0,25,48,6,79,0,34,57,6,97,60,0,60,157
02/11/2021,OXC,CT,ANE,EN,Federal Contract Tower,0,6,9,2,17,0,20,39,2,61,0,26,48,4,78,12,2,14,92
02/12/2021,OXC,CT,ANE,EN,Federal Contract Tower,0,9,14,0,23,0,10,66,0,76,0,19,80,0,99,80,0,80,179
02/13/2021,OXC,CT,ANE,EN,Federal Contract Tower,0,2,9,0,11,0,0,70,2,72,0,2,79,2,83,90,0,90,173
02/14/2021,OXC,CT,ANE,EN,Federal Contract Tower,0,1,1,0,2,0,1,9,0,10,0,2,10,0,12,6,0,6,18
02/15/2021,OXC,CT,ANE,EN,Federal Contract Tower,0,9,4,0,13,0,0,0,0,0,0,9,4,0,13,0,0,0,13
02/16/2021,OXC,CT,ANE,EN,Federal Contract Tower,0,6,5,0,11,0,1,9,2,12,0,7,14,2,23,16,0,16,39
02/17/2021,OXC,CT,ANE,EN,Federal Contract Tower,0,9,5,0,14,0,6,41,2,49,0,15,46,2,63,32,0,32,95
02/18/2021,OXC,CT,ANE,EN,Federal Contract Tower,0,0,3,0,3,0,0,0,0,0,0,0,3,0,3,0,0,0,3
02/19/2021,OXC,CT,ANE,EN,Federal Contract Tower,0,0,3,0,3,0,0,0,0,0,0,0,3,0,3,0,0,0,3
02/20/2021,OXC,CT,ANE,EN,Federal Contract Tower,0,2,7,0,9,0,0,24,0,24,0,2,31,0,33,20,0,20,53
02/21/2021,OXC,CT,ANE,EN,Federal Contract Tower,0,9,7,0,16,0,1,68,2,71,0,10,75,2,87,128,0,128,215
02/22/2021,OXC,CT,ANE,EN,Federal Contract Tower,0,1,2,0,3,0,0,3,2,5,0,1,5,2,8,0,0,0,8
02/23/2021,OXC,CT,ANE,EN,Federal Contract Tower,0,4,14,0,18,0,0,14,2,16,0,4,28,2,34,12,0,12,46
02/24/2021,OXC,CT,ANE,EN,Federal Contract Tower,0,7,7,0,14,0,3,69,6,78,0,10,76,6,92,44,0,44,136
02/25/2021,OXC,CT,ANE,EN,Federal Contract Tower,0,2,7,0,9,0,3,17,2,22,0,5,24,2,31,8,6,14,45
02/26/2021,OXC,CT,ANE,EN,Federal Contract Tower,0,1,8,4,13,0,1,76,2,79,0,2,84,6,92,116,0,116,208
02/27/2021,OXC,CT,ANE,EN,Federal Contract Tower,0,8,7,0,15,0,0,0,0,0,0,8,7,0,15,0,0,0,15
02/28/2021,OXC,CT,ANE,EN,Federal Contract Tower,0,4,14,0,18,0,0,45,2,47,0,4,59,2,65,118,0,118,183
03/01/2021,OXC,CT,ANE,EN,Federal Contract Tower,0,6,8,0,14,0,0,0,0,0,0,6,8,0,14,0,0,0,14
03/02/2021,OXC,CT,ANE,EN,Federal Contract Tower,0,8,3,0,11,0,0,1,0,1,0,8,4,0,12,0,0,0,12
03/03/2021,OXC,CT,ANE,EN,Federal Contract Tower,0,3,4,0,7,0,0,65,6,71,0,3,69,6,78,80,4,84,162
03/04/2021,OXC,CT,ANE,EN,Federal Contract Tower,0,0,9,0,9,0,5,24,0,29,0,5,33,0,38,14,0,14,52
03/05/2021,OXC,CT,ANE,EN,Federal Contract Tower,0,10,8,0,18,0,1,28,2,31,0,11,36,2,49,16,0,16,65
03/06/2021,OXC,CT,ANE,EN,Federal Contract Tower,0,9,9,0,18,0,1,45,2,48,0,10,54,2,66,52,0,52,118
03/07/2021,OXC,CT,ANE,EN,Federal Contract Tower,0,7,13,0,20,0,4,85,0,89,0,11,98,0,109,50,0,50,159
03/08/2021,OXC,CT,ANE,EN,Federal Contract Tower,0,10,8,0,18,0,2,39,2,43,0,12,47,2,61,76,0,76,137
03/09/2021,OXC,CT,ANE,EN,Federal Contract Tower,0,3,15,0,18,0,10,60,6,76,0,13,75,6,94,46,8,54,148
03/10/2021,OXC,CT,ANE,EN,Federal Contract Tower,0,5,7,0,12,0,6,68,9,83,0,11,75,9,95,110,4,114,209
03/11/2021,OXC,CT,ANE,EN,Federal Contract Tower,0,3,17,0,20,0,6,49,4,59,0,9,66,4,79,34,2,36,115
03/12/2021,OXC,CT,ANE,EN,Federal Contract Tower,0,7,6,0,13,0,2,56,3,61,0,9,62,3,74,52,0,52,126
03/13/2021,OXC,CT,ANE,EN,Federal Contract Tower,0,11,4,0,15,0,1,37,3,41,0,12,41,3,56,38,0,38,94
03/14/2021,OXC,CT,ANE,EN,Federal Contract Tower,0,5,6,0,11,0,1,22,0,23,0,6,28,0,34,16,0,16,50
03/15/2021,OXC,CT,ANE,EN,Federal Contract Tower,0,7,9,0,16,0,3,12,0,15,0,10,21,0,31,18,0,18,49
03/16/2021,OXC,CT,ANE,EN,Federal Contract Tower,0,8,7,0,15,0,2,51,2,55,0,10,58,2,70,80,0,80,150
03/17/2021,OXC,CT,ANE,EN,Federal Contract Tower,0,12,11,0,23,0,0,8,2,10,0,12,19,2,33,0,2,2,35
03/18/2021,OXC,CT,ANE,EN,Federal Contract Tower,0,2,6,0,8,0,0,0,0,0,0,2,6,0,8,0,0,0,8
03/19/2021,OXC,CT,ANE,EN,Federal Contract Tower,0,4,9,2,15,0,4,13,2,19,0,8,22,4,34,8,0,8,42
03/20/2021,OXC,CT,ANE,EN,Federal Contract Tower,0,17,11,0,28,0,4,90,9,103,0,21,101,9,131,58,0,58,189
03/21/2021,OXC,CT,ANE,EN,Federal Contract Tower,0,14,9,0,23,0,3,135,6,144,0,17,144,6,167,128,2,130,297
03/22/2021,OXC,CT,ANE,EN,Federal Contract Tower,0,9,6,0,15,0,2,53,6,61,0,11,59,6,76,66,12,78,154
03/23/2021,OXC,CT,ANE,EN,Federal Contract Tower,0,3,6,0,9,0,15,68,5,88,0,18,74,5,97,84,4,88,185
03/24/2021,OXC,CT,ANE,EN,Federal Contract Tower,0,4,11,0,15,0,7,16,0,23,0,11,27,0,38,46,0,46,84
03/25/2021,OXC,CT,ANE,EN,Federal Contract Tower,0,5,9,0,14,0,15,26,2,43,0,20,35,2,57,52,2,54,111
03/26/2021,OXC,CT,ANE,EN,Federal Contract Tower,0,7,4,0,11,0,1,2,0,3,0,8,6,0,14,2,0,2,16
03/27/2021,OXC,CT,ANE,EN,Federal Contract Tower,0,6,6,0,12,0,0,84,14,98,0,6,90,14,110,74,0,74,184
03/28/2021,OXC,CT,ANE,EN,Federal Contract Tower,0,3,7,0,10,0,0,0,0,0,0,3,7,0,10,0,0,0,10
03/29/2021,OXC,CT,ANE,EN,Federal Contract Tower,0,1,3,0,4,0,4,1,2,7,0,5,4,2,11,6,0,6,17
03/30/2021,OXC,CT,ANE,EN,Federal Contract Tower,0,6,11,0,17,0,13,90,5,108,0,19,101,5,125,90,4,94,219
03/31/2021,OXC,CT,ANE,EN,Federal Contract Tower,0,8,11,0,19,0,1,3,2,6,0,9,14,2,25,6,0,6,31
04/01/2021,OXC,CT,ANE,EN,Federal Contract Tower,0,11,7,0,18,0,3,2,5,10,0,14,9,5,28,6,4,10,38
04/02/2021,OXC,CT,ANE,EN,Federal Contract Tower,0,7,13,0,20,0,7,47,0,54,0,14,60,0,74,52,0,52,126
04/03/2021,OXC,CT,ANE,EN,Federal Contract Tower,0,5,10,0,15,0,1,92,2,95,0,6,102,2,110,82,0,82,192
04/04/2021,OXC,CT,ANE,EN,Federal Contract Tower,0,13,2,0,15,0,1,38,0,39,0,14,40,0,54,18,0,18,72
04/05/2021,OXC,CT,ANE,EN,Federal Contract Tower,0,11,5,0,16,0,0,15,2,17,0,11,20,2,33,6,0,6,39
04/06/2021,OXC,CT,ANE,EN,Federal Contract Tower,0,7,5,0,12,0,1,64,9,74,0,8,69,9,86,50,14,64,150
04/07/2021,OXC,CT,ANE,EN,Federal Contract Tower,0,1,10,0,11,0,2,85,1,88,0,3,95,1,99,112,0,112,211
04/08/2021,OXC,CT,ANE,EN,Federal Contract Tower,0,5,11,0,16,0,0,62,2,64,0,5,73,2,80,56,0,56,136
04/09/2021,OXC,CT,ANE,EN,Federal Contract Tower,0,7,11,1,19,0,1,37,7,45,0,8,48,8,64,96,2,98,162
04/10/2021,OXC,CT,ANE,EN,Federal Contract Tower,0,5,20,0,25,0,0,19,0,19,0,5,39,0,44,44,0,44,88
04/11/2021,OXC,CT,ANE,EN,Federal Contract Tower,0,10,5,0,15,0,0,0,0,0,0,10,5,0,15,4,0,4,19
04/12/2021,OXC,CT,ANE,EN,Federal Contract Tower,0,11,5,0,16,0,0,10,0,10,0,11,15,0,26,62,0,62,88
04/13/2021,OXC,CT,ANE,EN,Federal Contract Tower,0,3,11,0,14,0,2,65,6,73,0,5,76,6,87,72,0,72,159
04/14/2021,OXC,CT,ANE,EN,Federal Contract Tower,0,11,12,0,23,0,1,75,2,78,0,12,87,2,101,64,8,72,173
04/15/2021,OXC,CT,ANE,EN,Federal Contract Tower,0,7,4,0,11,0,0,0,0,0,0,7,4,0,11,0,0,0,11
04/16/2021,OXC,CT,ANE,EN,Federal Contract Tower,0,8,9,0,17,0,0,1,4,5,0,8,10,4,22,0,0,0,22
04/17/2021,OXC,CT,ANE,EN,Federal Contract Tower,0,2,11,0,13,0,4,72,0,76,0,6,83,0,89,68,0,68,157
04/18/2021,OXC,CT,ANE,EN,Federal Contract Tower,0,5,20,0,25,0,4,77,2,83,0,9,97,2,108,92,0,92,200
04/19/2021,OXC,CT,ANE,EN,Federal Contract Tower,0,5,9,0,14,0,6,46,2,54,0,11,55,2,68,60,0,60,128
04/20/2021,OXC,CT,ANE,EN,Federal Contract Tower,0,5,3,0,8,0,10,35,2,47,0,15,38,2,55,6,0,6,61
04/21/2021,OXC,CT,ANE,EN,Federal Contract Tower,0,1,8,0,9,0,0,15,0,15,0,1,23,0,24,28,0,28,52
04/22/2021,OXC,CT,ANE,EN,Federal Contract Tower,0,4,3,0,7,0,4,2,2,8,0,8,5,2,15,0,0,0,15
04/23/2021,OXC,CT,ANE,EN,Federal Contract Tower,0,9,10,0,19,0,4,21,4,29,0,13,31,4,48,22,0,22,70
04/24/2021,OXC,CT,ANE,EN,Federal Contract Tower,0,4,13,0,17,0,3,93,0,96,0,7,106,0,113,110,0,110,223
04/25/2021,OXC,CT,ANE,EN,Federal Contract Tower,0,14,16,0,30,0,2,9,0,11,0,16,25,0,41,20,0,20,61
04/26/2021,OXC,CT,ANE,EN,Federal Contract Tower,0,7,4,0,11,0,9,32,4,45,0,16,36,4,56,12,0,12,68
04/27/2021,OXC,CT,ANE,EN,Federal Contract Tower,0,4,10,0,14,0,14,92,2,108,0,18,102,2,122,68,0,68,190
04/28/2021,OXC,CT,ANE,EN,Federal Contract Tower,0,7,9,0,16,0,11,74,4,89,0,18,83,4,105,144,0,144,249
04/29/2021,OXC,CT,ANE,EN,Federal Contract Tower,0,7,13,0,20,0,3,2,0,5,0,10,15,0,25,0,0,0,25
04/30/2021,OXC,CT,ANE,EN,Federal Contract Tower,0,1,8,0,9,0,7,10,0,17,0,8,18,0,26,4,0,4,30
05/01/2021,OXC,CT,ANE,EN,Federal Contract Tower,0,5,16,0,21,0,4,31,0,35,0,9,47,0,56,38,0,38,94
05/02/2021,OXC,CT,ANE,EN,Federal Contract Tower,0,10,18,0,28,0,6,60,0,66,0,16,78,0,94,57,0,57,151
05/03/2021,OXC,CT,ANE,EN,Federal Contract Tower,0,5,16,0,21,0,13,18,6,37,0,18,34,6,58,44,0,44,102
05/04/2021,OXC,CT,ANE,EN,Federal Contract Tower,0,9,28,0,37,0,0,6,2,8,0,9,34,2,45,2,0,2,47
05/05/2021,OXC,CT,ANE,EN,Federal Contract Tower,0,7,5,0,12,0,0,0,0,0,0,7,5,0,12,0,0,0,12
05/06/2021,OXC,CT,ANE,EN,Federal Contract Tower,0,7,13,0,20,0,8,70,9,87,0,15,83,9,107,26,0,26,133
05/07/2021,OXC,CT,ANE,EN,Federal Contract Tower,0,6,8,1,15,0,4,102,2,108,0,10,110,3,123,72,0,72,195
05/08/2021,OXC,CT,ANE,EN,Federal Contract Tower,0,10,14,1,25,0,0,56,4,60,0,10,70,5,85,62,0,62,147
05/09/2021,OXC,CT,ANE,EN,Federal Contract Tower,0,11,12,0,23,0,1,46,0,47,0,12,58,0,70,70,0,70,140
05/10/2021,OXC,CT,ANE,EN,Federal Contract Tower,0,6,16,0,22,0,8,23,0,31,0,14,39,0,53,20,0,20,73
05/11/2021,OXC,CT,ANE,EN,Federal Contract Tower,0,7,4,0,11,0,0,39,0,39,0,7,43,0,50,4,0,4,54
05/12/2021,OXC,CT,ANE,EN,Federal Contract Tower,0,11,7,0,18,0,2,40,2,44,0,13,47,2,62,12,0,12,74
05/13/2021,OXC,CT,ANE,EN,Federal Contract Tower,0,8,8,0,16,0,1,74,4,79,0,9,82,4,95,42,2,44,139
05/14/2021,OXC,CT,ANE,EN,Federal Contract Tower,0,4,15,0,19,0,1,93,2,96,0,5,108,2,115,14,12,26,141
05/15/2021,OXC,CT,ANE,EN,Federal Contract Tower,0,11,13,0,24,1,72,2,0,75,1,83,15,0,99,72,0,72,171
05/16/2021,OXC,CT,ANE,EN,Federal Contract Tower,0,12,9,0,21,0,0,51,0,51,0,12,60,0,72,51,0,51,123
05/17/2021,OXC,CT,ANE,EN,Federal Contract Tower,0,7,11,0,18,0,5,39,6,50,0,12,50,6,68,16,0,16,84
05/18/2021,OXC,CT,ANE,EN,Federal Contract Tower,0,2,7,0,9,0,5,64,10,79,0,7,71,10,88,54,2,56,144
05/19/2021,OXC,CT,ANE,EN,Federal Contract Tower,0,8,2,0,10,0,11,82,0,93,0,19,84,0,103,136,0,136,239
05/20/2021,OXC,CT,ANE,EN,Federal Contract Tower,0,6,13,0,19,0,3,86,3,92,0,9,99,3,111,64,8,72,183
05/21/2021,OXC,CT,ANE,EN,Federal Contract Tower,0,3,21,0,24,0,5,67,2,74,0,8,88,2,98,86,0,86,184
05/22/2021,OXC,CT,ANE,EN,Federal Contract Tower,0,6,12,0,18,0,7,74,0,81,0,13,86,0,99,66,0,66,165
05/23/2021,OXC,CT,ANE,EN,Federal Contract Tower,0,14,6,0,20,0,12,52,7,71,0,26,58,7,91,48,4,52,143
05/24/2021,OXC,CT,ANE,EN,Federal Contract Tower,0,11,6,0,17,0,1,69,6,76,0,12,75,6,93,84,0,84,177
05/25/2021,OXC,CT,ANE,EN,Federal Contract Tower,0,7,8,0,15,0,6,79,7,92,0,13,87,7,107,56,0,56,163
05/26/2021,OXC,CT,ANE,EN,Federal Contract Tower,0,12,6,0,18,0,3,37,2,42,0,15,43,2,60,12,0,12,72
05/27/2021,OXC,CT,ANE,EN,Federal Contract Tower,0,13,18,0,31,0,3,46,2,51,0,16,64,2,82,34,0,34,116
05/28/2021,OXC,CT,ANE,EN,Federal Contract Tower,0,12,18,0,30,0,3,26,4,33,0,15,44,4,63,46,0,46,109
05/29/2021,OXC,CT,ANE,EN,Federal Contract Tower,0,10,9,0,19,0,0,1,0,1,0,10,10,0,20,0,0,0,20
05/30/2021,OXC,CT,ANE,EN,Federal Contract Tower,0,9,5,0,14,0,0,0,0,0,0,9,5,0,14,0,0,0,14
05/31/2021,OXC,CT,ANE,EN,Federal Contract Tower,0,18,20,0,38,0,2,10,0,12,0,20,30,0,50,2,0,2,52
06/01/2021,OXC,CT,ANE,EN,Federal Contract Tower,0,6,7,0,13,0,5,66,0,71,0,11,73,0,84,138,0,138,222
06/02/2021,OXC,CT,ANE,EN,Federal Contract Tower,0,6,10,0,16,0,4,67,4,75,0,10,77,4,91,156,0,156,247
06/03/2021,OXC,CT,ANE,EN,Federal Contract Tower,0,22,9,0,31,0,0,0,0,0,0,22,9,0,31,0,0,0,31
06/04/2021,OXC,CT,ANE,EN,Federal Contract Tower,0,10,18,0,28,0,2,8,3,13,0,12,26,3,41,30,0,30,71
06/05/2021,OXC,CT,ANE,EN,Federal Contract Tower,0,12,7,0,19,0,4,91,7,102,0,16,98,7,121,122,0,122,243
06/06/2021,OXC,CT,ANE,EN,Federal Contract Tower,0,10,10,0,20,0,1,80,4,85,0,11,90,4,105,42,0,42,147
06/07/2021,OXC,CT,ANE,EN,Federal Contract Tower,0,10,6,0,16,0,3,57,2,62,0,13,63,2,78,58,0,58,136
06/08/2021,OXC,CT,ANE,EN,Federal Contract Tower,0,8,11,0,19,0,1,41,0,42,0,9,52,0,61,58,0,58,119
06/09/2021,OXC,CT,ANE,EN,Federal Contract Tower,0,8,14,0,22,0,3,43,4,50,0,11,57,4,72,38,2,40,112
06/10/2021,OXC,CT,ANE,EN,Federal Contract Tower,0,5,9,0,14,0,4,61,2,67,0,9,70,2,81,52,0,52,133
06/11/2021,OXC,CT,ANE,EN,Federal Contract Tower,0,3,13,0,16,0,9,100,6,115,0,12,113,6,131,96,0,96,227
06/12/2021,OXC,CT,ANE,EN,Federal Contract Tower,0,18,27,0,45,0,1,27,2,30,0,19,54,2,75,48,0,48,123
06/13/2021,OXC,CT,ANE,EN,Federal Contract Tower,0,16,5,0,21,0,4,87,2,93,0,20,92,2,114,74,0,74,188
06/14/2021,OXC,CT,ANE,EN,Federal Contract Tower,0,13,12,0,25,0,0,1,0,1,0,13,13,0,26,0,0,0,26
06/15/2021,OXC,CT,ANE,EN,Federal Contract Tower,0,9,16,0,25,0,12,29,4,45,0,21,45,4,70,88,0,88,158
06/16/2021,OXC,CT,ANE,EN,Federal Contract Tower,0,6,12,0,18,0,11,76,6,93,0,17,88,6,111,90,0,90,201
06/17/2021,OXC,CT,ANE,EN,Federal Contract Tower,0,13,9,0,22,0,5,101,6,112,0,18,110,6,134,90,0,90,224
06/18/2021,OXC,CT,ANE,EN,Federal Contract Tower,0,3,4,0,7,0,7,54,2,63,0,10,58,2,70,34,0,34,104
06/19/2021,OXC,CT,ANE,EN,Federal Contract Tower,0,8,17,0,25,0,5,55,0,60,0,13,72,0,85,80,0,80,165
06/20/2021,OXC,CT,ANE,EN,Federal Contract Tower,0,11,6,0,17,0,5,64,6,75,0,16,70,6,92,26,6,32,124
06/21/2021,OXC,CT,ANE,EN,Federal Contract Tower,0,9,22,0,31,0,3,6,3,12,0,12,28,3,43,15,0,15,58
06/22/2021,OXC,CT,ANE,EN,Federal Contract Tower,0,7,12,2,21,0,2,1,0,3,0,9,13,2,24,0,0,0,24
06/23/2021,OXC,CT,ANE,EN,Federal Contract Tower,0,8,10,0,18,0,5,74,5,84,0,13,84,5,102,50,6,56,158
06/24/2021,OXC,CT,ANE,EN,Federal Contract Tower,0,11,7,0,18,0,3,85,2,90,0,14,92,2,108,130,0,130,238
06/25/2021,OXC,CT,ANE,EN,Federal Contract Tower,0,9,21,0,30,0,3,32,2,37,0,12,53,2,67,2,0,2,69
06/26/2021,OXC,CT,ANE,EN,Federal Contract Tower,0,9,20,0,29,0,0,8,2,10,0,9,28,2,39,0,0,0,39
06/27/2021,OXC,CT,ANE,EN,Federal Contract Tower,0,17,25,0,42,0,1,29,0,30,0,18,54,0,72,30,0,30,102
06/28/2021,OXC,CT,ANE,EN,Federal Contract Tower,0,5,17,0,22,0,2,66,14,82,0,7,83,14,104,38,6,44,148
06/29/2021,OXC,CT,ANE,EN,Federal Contract Tower,0,5,11,0,16,0,11,58,4,73,0,16,69,4,89,60,0,60,149
06/30/2021,OXC,CT,ANE,EN,Federal Contract Tower,0,9,10,0,19,0,6,38,6,50,0,15,48,6,69,34,18,52,121
07/01/2021,OXC,CT,ANE,EN,Federal Contract Tower,0,6,16,0,22,0,5,42,2,49,0,11,58,2,71,68,0,68,139
07/02/2021,OXC,CT,ANE,EN,Federal Contract Tower,0,13,13,0,26,0,0,2,0,2,0,13,15,0,28,0,0,0,28
07/03/2021,OXC,CT,ANE,EN,Federal Contract Tower,0,20,13,0,33,0,0,0,0,0,0,20,13,0,33,0,0,0,33
07/04/2021,OXC,CT,ANE,EN,Federal Contract Tower,0,8,21,0,29,0,1,18,2,21,0,9,39,2,50,18,0,18,68
07/05/2021,OXC,CT,ANE,EN,Federal Contract Tower,0,11,22,0,33,0,3,11,2,16,0,14,33,2,49,6,0,6,55
07/06/2021,OXC,CT,ANE,EN,Federal Contract Tower,0,3,8,0,11,0,2,34,5,41,0,5,42,5,52,30,0,30,82
07/07/2021,OXC,CT,ANE,EN,Federal Contract Tower,0,1,11,0,12,0,2,44,2,48,0,3,55,2,60,30,0,30,90
07/08/2021,OXC,CT,ANE,EN,Federal Contract Tower,0,8,18,0,26,0,0,1,0,1,0,8,19,0,27,0,0,0,27
07/09/2021,OXC,CT,ANE,EN,Federal Contract Tower,0,8,9,0,17,0,6,17,0,23,0,14,26,0,40,48,0,48,88
07/10/2021,OXC,CT,ANE,EN,Federal Contract Tower,0,25,22,0,47,0,7,54,0,61,0,32,76,0,108,34,0,34,142
07/11/2021,OXC,CT,ANE,EN,Federal Contract Tower,0,19,34,0,53,0,0,12,0,12,0,19,46,0,65,10,0,10,75
07/12/2021,OXC,CT,ANE,EN,Federal Contract Tower,0,15,17,0,32,0,0,0,2,2,0,15,17,2,34,0,0,0,34
07/13/2021,OXC,CT,ANE,EN,Federal Contract Tower,0,10,31,0,41,0,0,0,0,0,0,10,31,0,41,0,0,0,41
07/14/2021,OXC,CT,ANE,EN,Federal Contract Tower,0,11,15,0,26,0,0,55,4,59,0,11,70,4,85,52,0,52,137
07/15/2021,OXC,CT,ANE,EN,Federal Contract Tower,0,5,15,0,20,0,5,104,6,115,0,10,119,6,135,110,4,114,249
07/16/2021,OXC,CT,ANE,EN,Federal Contract Tower,0,10,20,0,30,0,6,71,3,80,0,16,91,3,110,54,4,58,168
07/17/2021,OXC,CT,ANE,EN,Federal Contract Tower,0,4,4,0,8,0,3,50,2,55,0,7,54,2,63,46,0,46,109
07/18/2021,OXC,CT,ANE,EN,Federal Contract Tower,0,11,19,0,30,0,0,14,0,14,0,11,33,0,44,54,0,54,98
07/19/2021,OXC,CT,ANE,EN,Federal Contract Tower,0,7,24,0,31,0,3,18,2,23,0,10,42,2,54,26,0,26,80
07/20/2021,OXC,CT,ANE,EN,Federal Contract Tower,0,10,17,0,27,0,3,23,2,28,0,13,40,2,55,32,0,32,87
07/21/2021,OXC,CT,ANE,EN,Federal Contract Tower,0,6,13,0,19,0,4,38,4,46,0,10,51,4,65,74,2,76,141
07/22/2021,OXC,CT,ANE,EN,Federal Contract Tower,0,2,15,0,17,0,13,104,0,117,0,15,119,0,134,32,0,32,166
07/24/2021,OXC,CT,ANE,EN,Federal Contract Tower,0,7,23,0,30,0,9,75,2,86,0,16,98,2,116,58,0,58,174
07/25/2021,OXC,CT,ANE,EN,Federal Contract Tower,0,14,20,0,34,0,0,5,0,5,0,14,25,0,39,2,0,2,41
07/26/2021,OXC,CT,ANE,EN,Federal Contract Tower,0,8,18,0,26,0,0,68,4,72,0,8,86,4,98,80,0,80,178
07/27/2021,OXC,CT,ANE,EN,Federal Contract Tower,0,7,8,0,15,0,3,56,9,68,0,10,64,9,83,76,2,78,161
07/28/2021,OXC,CT,ANE,EN,Federal Contract Tower,0,9,10,0,19,0,3,56,6,65,0,12,66,6,84,92,0,92,176
07/29/2021,OXC,CT,ANE,EN,Federal Contract Tower,0,15,34,0,49,0,0,3,2,5,0,15,37,2,54,6,0,6,60
07/30/2021,OXC,CT,ANE,EN,Federal Contract Tower,0,9,15,0,24,0,12,62,9,83,0,21,77,9,107,38,2,40,147
07/31/2021,OXC,CT,ANE,EN,Federal Contract Tower,0,12,9,0,21,0,11,74,4,89,0,23,83,4,110,70,0,70,180
08/01/2021,OXC,CT,ANE,EN,Federal Contract Tower,0,10,21,0,31,0,7,44,3,54,0,17,65,3,85,30,0,30,115
08/02/2021,OXC,CT,ANE,EN,Federal Contract Tower,0,5,16,0,21,0,4,40,2,46,0,9,56,2,67,48,0,48,115
08/03/2021,OXC,CT,ANE,EN,Federal Contract Tower,0,9,15,0,24,0,3,66,6,75,0,12,81,6,99,78,8,86,185
08/04/2021,OXC,CT,ANE,EN,Federal Contract Tower,0,2,11,2,15,0,4,33,0,37,0,6,44,2,52,48,0,48,100
08/05/2021,OXC,CT,ANE,EN,Federal Contract Tower,0,11,18,0,29,0,2,20,4,26,0,13,38,4,55,4,0,4,59
08/06/2021,OXC,CT,ANE,EN,Federal Contract Tower,0,9,9,0,18,0,4,76,4,84,0,13,85,4,102,24,4,28,130
08/07/2021,OXC,CT,ANE,EN,Federal Contract Tower,0,7,1,0,8,0,7,37,0,44,0,14,38,0,52,40,0,40,92
08/08/2021,OXC,CT,ANE,EN,Federal Contract Tower,0,11,10,0,21,0,6,29,4,39,0,17,39,4,60,8,0,8,68
08/09/2021,OXC,CT,ANE,EN,Federal Contract Tower,0,16,27,0,43,0,0,11,0,11,0,16,38,0,54,34,0,34,88
08/10/2021,OXC,CT,ANE,EN,Federal Contract Tower,0,3,30,0,33,0,0,9,0,9,0,3,39,0,42,28,0,28,70
08/11/2021,OXC,CT,ANE,EN,Federal Contract Tower,0,13,10,0,23,0,1,38,2,41,0,14,48,2,64,24,0,24,88
08/12/2021,OXC,CT,ANE,EN,Federal Contract Tower,0,9,5,0,14,0,21,76,15,112,0,30,81,15,126,38,2,40,166
08/13/2021,OXC,CT,ANE,EN,Federal Contract Tower,0,14,13,0,27,0,18,63,6,87,0,32,76,6,114,58,0,58,172
08/14/2021,OXC,CT,ANE,EN,Federal Contract Tower,0,6,12,0,18,0,7,34,0,41,0,13,46,0,59,8,0,8,67
08/15/2021,OXC,CT,ANE,EN,Federal Contract Tower,0,7,22,0,29,0,10,101,2,113,0,17,123,2,142,58,0,58,200
08/16/2021,OXC,CT,ANE,EN,Federal Contract Tower,0,6,11,0,17,0,5,99,4,108,0,11,110,4,125,76,4,80,205
08/17/2021,OXC,CT,ANE,EN,Federal Contract Tower,0,6,17,0,23,0,8,45,2,55,0,14,62,2,78,42,0,42,120
08/19/2021,OXC,CT,ANE,EN,Federal Contract Tower,0,8,18,0,26,0,1,6,0,7,0,9,24,0,33,0,0,0,33
08/20/2021,OXC,CT,ANE,EN,Federal Contract Tower,0,13,20,0,33,0,4,31,4,39,0,17,51,4,72,20,2,22,94
08/21/2021,OXC,CT,ANE,EN,Federal Contract Tower,0,12,26,0,38,0,9,24,0,33,0,21,50,0,71,6,0,6,77
08/22/2021,OXC,CT,ANE,EN,Federal Contract Tower,0,4,0,0,4,0,0,0,0,0,0,4,0,0,4,0,0,0,4
08/23/2021,OXC,CT,ANE,EN,Federal Contract Tower,0,13,2,0,15,0,0,0,0,0,0,13,2,0,15,0,0,0,15
08/24/2021,OXC,CT,ANE,EN,Federal Contract Tower,0,1,11,0,12,0,8,63,17,88,0,9,74,17,100,102,6,108,208
08/25/2021,OXC,CT,ANE,EN,Federal Contract Tower,0,4,12,0,16,0,4,65,6,75,0,8,77,6,91,64,0,64,155
08/26/2021,OXC,CT,ANE,EN,Federal Contract Tower,0,12,6,0,18,0,12,56,2,70,0,24,62,2,88,32,0,32,120
08/27/2021,OXC,CT,ANE,EN,Federal Contract Tower,0,18,6,0,24,0,7,80,6,93,0,25,86,6,117,96,0,96,213
08/28/2021,OXC,CT,ANE,EN,Federal Contract Tower,0,7,15,0,22,0,2,25,6,33,0,9,40,6,55,44,0,44,99
08/29/2021,OXC,CT,ANE,EN,Federal Contract Tower,0,13,18,0,31,0,0,2,0,2,0,13,20,0,33,14,0,14,47
08/30/2021,OXC,CT,ANE,EN,Federal Contract Tower,0,3,16,0,19,0,1,13,7,21,0,4,29,7,40,30,4,34,74
08/31/2021,OXC,CT,ANE,EN,Federal Contract Tower,0,5,5,0,10,0,5,62,6,73,0,10,67,6,83,44,0,44,127
09/02/2021,OXC,CT,ANE,EN,Federal Contract Tower,0,11,4,0,15,0,7,30,4,41,0,18,34,4,56,10,0,10,66
09/03/2021,OXC,CT,ANE,EN,Federal Contract Tower,0,8,11,0,19,0,9,64,0,73,0,17,75,0,92,40,0,40,132
09/04/2021,OXC,CT,ANE,EN,Federal Contract Tower,0,3,5,0,8,0,7,70,4,81,0,10,75,4,89,76,0,76,165
09/05/2021,OXC,CT,ANE,EN,Federal Contract Tower,0,8,17,0,25,0,2,27,0,29,0,10,44,0,54,30,0,30,84
09/06/2021,OXC,CT,ANE,EN,Federal Contract Tower,0,12,12,0,24,0,3,33,3,39,0,15,45,3,63,20,2,22,85
09/07/2021,OXC,CT,ANE,EN,Federal Contract Tower,0,7,20,0,27,0,6,63,0,69,0,13,83,0,96,20,6,26,122
09/08/2021,OXC,CT,ANE,EN,Federal Contract Tower,0,8,7,0,15,0,7,49,4,60,0,15,56,4,75,30,0,30,105
09/09/2021,OXC,CT,ANE,EN,Federal Contract Tower,0,14,23,0,37,0,0,0,0,0,0,14,23,0,37,0,0,0,37
09/10/2021,OXC,CT,ANE,EN,Federal Contract Tower,0,3,14,0,17,0,11,47,2,60,0,14,61,2,77,32,0,32,109
09/11/2021,OXC,CT,ANE,EN,Federal Contract Tower,0,2,13,0,15,0,7,113,7,127,0,9,126,7,142,54,8,62,204
09/12/2021,OXC,CT,ANE,EN,Federal Contract Tower,0,4,19,0,23,0,10,56,0,66,0,14,75,0,89,108,0,108,197
09/13/2021,OXC,CT,ANE,EN,Federal Contract Tower,0,2,13,0,15,0,6,74,2,82,0,8,87,2,97,46,0,46,143
09/14/2021,OXC,CT,ANE,EN,Federal Contract Tower,0,12,6,0,18,0,3,68,9,80,0,15,74,9,98,72,4,76,174
09/15/2021,OXC,CT,ANE,EN,Federal Contract Tower,0,10,6,0,16,0,3,19,2,24,0,13,25,2,40,14,0,14,54
09/16/2021,OXC,CT,ANE,EN,Federal Contract Tower,0,4,23,0,27,0,1,9,2,12,0,5,32,2,39,10,0,10,49
09/17/2021,OXC,CT,ANE,EN,Federal Contract Tower,0,19,25,0,44,0,0,1,0,1,0,19,26,0,45,0,0,0,45
09/18/2021,OXC,CT,ANE,EN,Federal Contract Tower,0,7,20,0,27,0,10,55,2,67,0,17,75,2,94,44,0,44,138
09/19/2021,OXC,CT,ANE,EN,Federal Contract Tower,0,10,19,0,29,0,5,92,0,97,0,15,111,0,126,64,0,64,190
09/20/2021,OXC,CT,ANE,EN,Federal Contract Tower,0,9,6,2,17,0,7,60,4,71,0,16,66,6,88,98,0,98,186
09/21/2021,OXC,CT,ANE,EN,Federal Contract Tower,0,5,15,0,20,0,6,61,9,76,0,11,76,9,96,72,0,72,168
09/22/2021,OXC,CT,ANE,EN,Federal Contract Tower,0,5,15,0,20,0,0,4,0,4,0,5,19,0,24,2,0,2,26
09/23/2021,OXC,CT,ANE,EN,Federal Contract Tower,0,8,12,0,20,0,0,4,0,4,0,8,16,0,24,18,0,18,42
09/24/2021,OXC,CT,ANE,EN,Federal Contract Tower,0,8,14,0,22,0,1,30,2,33,0,9,44,2,55,30,0,30,85
09/25/2021,OXC,CT,ANE,EN,Federal Contract Tower,0,7,11,0,18,0,7,59,8,74,0,14,70,8,92,62,0,62,154
09/26/2021,OXC,CT,ANE,EN,Federal Contract Tower,0,10,20,0,30,0,2,48,4,54,0,12,68,4,84,22,0,22,106
09/27/2021,OXC,CT,ANE,EN,Federal Contract Tower,0,6,15,0,21,0,3,58,2,63,0,9,73,2,84,42,0,42,126
09/28/2021,OXC,CT,ANE,EN,Federal Contract Tower,0,5,10,0,15,0,1,4,0,5,0,6,14,0,20,0,0,0,20
09/29/2021,OXC,CT,ANE,EN,Federal Contract Tower,0,7,9,0,16,0,2,66,4,72,0,9,75,4,88,78,0,78,166
09/30/2021,OXC,CT,ANE,EN,Federal Contract Tower,0,12,16,0,28,0,10,51,4,65,0,22,67,4,93,86,4,90,183
10/01/2021,OXC,CT,ANE,EN,Federal Contract Tower,0,9,18,0,27,0,8,75,4,87,0,17,93,4,114,74,0,74,188
10/02/2021,OXC,CT,ANE,EN,Federal Contract Tower,0,2,7,0,9,0,4,94,3,101,0,6,101,3,110,92,0,92,202
10/03/2021,OXC,CT,ANE,EN,Federal Contract Tower,0,11,21,0,32,0,6,61,3,70,0,17,82,3,102,46,0,46,148
10/04/2021,OXC,CT,ANE,EN,Federal Contract Tower,0,9,19,0,28,0,0,0,0,0,0,9,19,0,28,0,0,0,28
10/05/2021,OXC,CT,ANE,EN,Federal Contract Tower,0,6,25,0,31,0,0,0,0,0,0,6,25,0,31,0,0,0,31
10/06/2021,OXC,CT,ANE,EN,Federal Contract Tower,0,5,21,0,26,0,2,35,0,37,0,7,56,0,63,66,0,66,129
10/07/2021,OXC,CT,ANE,EN,Federal Contract Tower,0,9,12,2,23,0,9,49,7,65,0,18,61,9,88,48,0,48,136
10/08/2021,OXC,CT,ANE,EN,Federal Contract Tower,0,10,26,0,36,0,8,51,4,63,0,18,77,4,99,72,2,74,173
10/09/2021,OXC,CT,ANE,EN,Federal Contract Tower,0,13,25,0,38,0,7,25,2,34,0,20,50,2,72,12,0,12,84
10/10/2021,OXC,CT,ANE,EN,Federal Contract Tower,0,23,25,0,48,0,0,0,0,0,0,23,25,0,48,0,0,0,48
10/11/2021,OXC,CT,ANE,EN,Federal Contract Tower,0,18,10,0,28,0,4,22,2,28,0,22,32,2,56,58,0,58,114
10/12/2021,OXC,CT,ANE,EN,Federal Contract Tower,0,3,12,0,15,0,9,56,2,67,0,12,68,2,82,122,6,128,210
10/13/2021,OXC,CT,ANE,EN,Federal Contract Tower,0,9,17,0,26,0,1,11,2,14,0,10,28,2,40,0,0,0,40
10/14/2021,OXC,CT,ANE,EN,Federal Contract Tower,0,4,16,0,20,0,3,75,10,88,0,7,91,10,108,52,0,52,160
10/15/2021,OXC,CT,ANE,EN,Federal Contract Tower,0,7,14,0,21,0,5,44,0,49,0,12,58,0,70,36,0,36,106
10/16/2021,OXC,CT,ANE,EN,Federal Contract Tower,0,4,12,0,16,0,2,15,0,17,0,6,27,0,33,18,0,18,51
10/17/2021,OXC,CT,ANE,EN,Federal Contract Tower,0,10,13,0,23,0,2,62,0,64,0,12,75,0,87,70,0,70,157
10/18/2021,OXC,CT,ANE,EN,Federal Contract Tower,0,11,16,0,27,0,2,24,4,30,0,13,40,4,57,40,0,40,97
10/19/2021,OXC,CT,ANE,EN,Federal Contract Tower,0,0,11,0,11,0,6,32,2,40,0,6,43,2,51,24,0,24,75
10/20/2021,OXC,CT,ANE,EN,Federal Contract Tower,0,5,7,0,12,0,13,58,2,73,0,18,65,2,85,74,0,74,159
10/21/2021,OXC,CT,ANE,EN,Federal Contract Tower,0,7,15,0,22,0,1,72,2,75,0,8,87,2,97,80,0,80,177
10/22/2021,OXC,CT,ANE,EN,Federal Contract Tower,0,11,8,0,19,0,2,61,6,69,0,13,69,6,88,32,0,32,120
10/23/2021,OXC,CT,ANE,EN,Federal Contract Tower,0,6,8,0,14,0,1,60,2,63,0,7,68,2,77,36,0,36,113
10/24/2021,OXC,CT,ANE,EN,Federal Contract Tower,0,6,17,0,23,0,1,86,12,99,0,7,103,12,122,36,20,56,178
10/25/2021,OXC,CT,ANE,EN,Federal Contract Tower,0,9,21,0,30,0,0,6,0,6,0,9,27,0,36,18,0,18,54
10/26/2021,OXC,CT,ANE,EN,Federal Contract Tower,0,5,4,0,9,0,0,0,0,0,0,5,4,0,9,0,0,0,9
10/27/2021,OXC,CT,ANE,EN,Federal Contract Tower,0,8,5,0,13,0,0,6,0,6,0,8,11,0,19,0,0,0,19
10/28/2021,OXC,CT,ANE,EN,Federal Contract Tower,0,5,14,0,19,0,3,85,10,98,0,8,99,10,117,50,2,52,169
10/29/2021,OXC,CT,ANE,EN,Federal Contract Tower,0,11,22,0,33,0,9,13,0,22,0,20,35,0,55,4,0,4,59
10/30/2021,OXC,CT,ANE,EN,Federal Contract Tower,0,9,11,0,20,0,0,0,0,0,0,9,11,0,20,0,0,0,20
10/31/2021,OXC,CT,ANE,EN,Federal Contract Tower,0,15,22,0,37,0,1,22,0,23,0,16,44,0,60,6,0,6,66
11/01/2021,OXC,CT,ANE,EN,Federal Contract Tower,0,4,13,0,17,0,3,45,2,50,0,7,58,2,67,44,4,48,115
11/02/2021,OXC,CT,ANE,EN,Federal Contract Tower,0,6,9,0,15,0,0,67,0,67,0,6,76,0,82,56,0,56,138
11/03/2021,OXC,CT,ANE,EN,Federal Contract Tower,0,7,11,0,18,0,1,62,8,71,0,8,73,8,89,32,0,32,121
11/04/2021,OXC,CT,ANE,EN,Federal Contract Tower,0,10,20,1,31,0,6,67,3,76,0,16,87,4,107,84,4,88,195
11/05/2021,OXC,CT,ANE,EN,Federal Contract Tower,0,3,7,0,10,0,7,73,6,86,0,10,80,6,96,86,6,92,188
11/06/2021,OXC,CT,ANE,EN,Federal Contract Tower,0,2,5,0,7,0,3,64,2,69,0,5,69,2,76,92,0,92,168
11/07/2021,OXC,CT,ANE,EN,Federal Contract Tower,0,10,21,0,31,0,5,82,12,99,0,15,103,12,130,34,0,34,164
11/08/2021,OXC,CT,ANE,EN,Federal Contract Tower,0,3,15,0,18,0,4,46,0,50,0,7,61,0,68,26,0,26,94
11/09/2021,OXC,CT,ANE,EN,Federal Contract Tower,0,5,10,0,15,0,1,61,2,64,0,6,71,2,79,12,0,12,91
11/10/2021,OXC,CT,ANE,EN,Federal Contract Tower,0,6,25,0,31,0,12,60,0,72,0,18,85,0,103,84,0,84,187
11/11/2021,OXC,CT,ANE,EN,Federal Contract Tower,0,8,11,0,19,0,1,60,0,61,0,9,71,0,80,50,0,50,130
11/12/2021,OXC,CT,ANE,EN,Federal Contract Tower,0,7,10,0,17,0,0,4,0,4,0,7,14,0,21,2,0,2,23
11/13/2021,OXC,CT,ANE,EN,Federal Contract Tower,0,7,11,0,18,0,2,26,0,28,0,9,37,0,46,22,0,22,68
11/14/2021,OXC,CT,ANE,EN,Federal Contract Tower,0,6,12,0,18,0,1,76,8,85,0,7,88,8,103,54,0,54,157
11/15/2021,OXC,CT,ANE,EN,Federal Contract Tower,0,3,5,0,8,0,5,18,2,25,0,8,23,2,33,8,0,8,41
11/16/2021,OXC,CT,ANE,EN,Federal Contract Tower,0,3,12,0,15,0,3,29,2,34,0,6,41,2,49,30,0,30,79
11/17/2021,OXC,CT,ANE,EN,Federal Contract Tower,0,8,14,0,22,0,0,54,0,54,0,8,68,0,76,32,0,32,108
11/18/2021,OXC,CT,ANE,EN,Federal Contract Tower,0,6,17,0,23,0,9,37,4,50,0,15,54,4,73,10,2,12,85
11/19/2021,OXC,CT,ANE,EN,Federal Contract Tower,0,15,15,0,30,0,4,40,0,44,0,19,55,0,74,50,0,50,124
11/20/2021,OXC,CT,ANE,EN,Federal Contract Tower,0,12,5,0,17,0,18,62,6,86,0,30,67,6,103,46,6,52,155
11/21/2021,OXC,CT,ANE,EN,Federal Contract Tower,0,8,12,0,20,0,3,47,8,58,0,11,59,8,78,48,0,48,126
11/22/2021,OXC,CT,ANE,EN,Federal Contract Tower,0,3,9,0,12,0,0,17,0,17,0,3,26,0,29,10,0,10,39
11/23/2021,OXC,CT,ANE,EN,Federal Contract Tower,0,6,16,0,22,0,5,32,2,39,0,11,48,2,61,66,0,66,127
11/24/2021,OXC,CT,ANE,EN,Federal Contract Tower,0,6,16,0,22,0,2,50,6,58,0,8,66,6,80,26,0,26,106
11/25/2021,OXC,CT,ANE,EN,Federal Contract Tower,0,0,4,0,4,0,0,25,2,27,0,0,29,2,31,28,2,30,61
11/26/2021,OXC,CT,ANE,EN,Federal Contract Tower,0,4,7,0,11,0,0,0,0,0,0,4,7,0,11,0,0,0,11
11/27/2021,OXC,CT,ANE,EN,Federal Contract Tower,0,7,8,0,15,0,2,11,0,13,0,9,19,0,28,6,0,6,34
11/28/2021,OXC,CT,ANE,EN,Federal Contract Tower,0,12,23,0,35,0,0,2,0,2,0,12,25,0,37,0,0,0,37
11/29/2021,OXC,CT,ANE,EN,Federal Contract Tower,0,5,11,0,16,0,3,25,1,29,0,8,36,1,45,65,0,65,110
11/30/2021,OXC,CT,ANE,EN,Federal Contract Tower,0,6,13,0,19,0,2,44,2,48,0,8,57,2,67,104,0,104,171
12/01/2021,OXC,CT,ANE,EN,Federal Contract Tower,0,10,7,0,17,0,4,57,5,66,0,14,64,5,83,42,0,42,125
12/02/2021,OXC,CT,ANE,EN,Federal Contract Tower,0,5,7,0,12,0,3,17,4,24,0,8,24,4,36,38,0,38,74
12/03/2021,OXC,CT,ANE,EN,Federal Contract Tower,0,6,11,0,17,0,3,41,2,46,0,9,52,2,63,8,0,8,71
12/04/2021,OXC,CT,ANE,EN,Federal Contract Tower,0,5,12,0,17,0,4,69,5,78,0,9,81,5,95,112,0,112,207
12/05/2021,OXC,CT,ANE,EN,Federal Contract Tower,0,4,11,0,15,0,1,98,4,103,0,5,109,4,118,92,0,92,210
12/06/2021,OXC,CT,ANE,EN,Federal Contract Tower,0,10,6,0,16,0,0,0,0,0,0,10,6,0,16,0,0,0,16
12/07/2021,OXC,CT,ANE,EN,Federal Contract Tower,0,5,10,0,15,0,7,54,6,67,0,12,64,6,82,68,8,76,158
12/08/2021,OXC,CT,ANE,EN,Federal Contract Tower,0,3,15,0,18,0,0,17,0,17,0,3,32,0,35,46,0,46,81
12/09/2021,OXC,CT,ANE,EN,Federal Contract Tower,0,8,9,0,17,0,6,51,4,61,0,14,60,4,78,62,16,78,156
12/10/2021,OXC,CT,ANE,EN,Federal Contract Tower,0,10,12,0,22,0,4,62,4,70,0,14,74,4,92,58,0,58,150
12/11/2021,OXC,CT,ANE,EN,Federal Contract Tower,0,3,1,0,4,0,0,0,0,0,0,3,1,0,4,0,0,0,4
12/12/2021,OXC,CT,ANE,EN,Federal Contract Tower,0,9,6,0,15,0,0,17,0,17,0,9,23,0,32,26,0,26,58
12/13/2021,OXC,CT,ANE,EN,Federal Contract Tower,0,6,7,0,13,0,7,28,2,37,0,13,35,2,50,24,0,24,74
12/14/2021,OXC,CT,ANE,EN,Federal Contract Tower,0,2,6,0,8,0,0,61,8,69,0,2,67,8,77,2,0,2,79
12/15/2021,OXC,CT,ANE,EN,Federal Contract Tower,0,5,14,0,19,0,3,49,3,55,0,8,63,3,74,44,6,50,124
12/16/2021,OXC,CT,ANE,EN,Federal Contract Tower,0,6,15,0,21,0,6,36,2,44,0,12,51,2,65,58,0,58,123
12/17/2021,OXC,CT,ANE,EN,Federal Contract Tower,0,10,20,0,30,0,10,58,4,72,0,20,78,4,102,20,0,20,122
12/18/2021,OXC,CT,ANE,EN,Federal Contract Tower,0,6,9,0,15,0,0,0,0,0,0,6,9,0,15,0,0,0,15
12/19/2021,OXC,CT,ANE,EN,Federal Contract Tower,0,4,13,0,17,0,1,22,2,25,0,5,35,2,42,4,0,4,46
12/20/2021,OXC,CT,ANE,EN,Federal Contract Tower,0,7,12,0,19,0,1,72,11,84,0,8,84,11,103,112,0,112,215
12/21/2021,OXC,CT,ANE,EN,Federal Contract Tower,0,8,5,0,13,0,1,56,6,63,0,9,61,6,76,78,2,80,156
12/22/2021,OXC,CT,ANE,EN,Federal Contract Tower,0,6,10,0,16,0,0,7,4,11,0,6,17,4,27,20,0,20,47
12/23/2021,OXC,CT,ANE,EN,Federal Contract Tower,0,7,5,0,12,0,2,41,4,47,0,9,46,4,59,26,0,26,85
12/24/2021,OXC,CT,ANE,EN,Federal Contract Tower,0,4,7,0,11,0,0,0,0,0,0,4,7,0,11,0,0,0,11
12/25/2021,OXC,CT,ANE,EN,Federal Contract Tower,0,2,3,0,5,0,0,0,0,0,0,2,3,0,5,0,0,0,5
12/27/2021,OXC,CT,ANE,EN,Federal Contract Tower,0,12,6,2,20,0,1,36,4,41,0,13,42,6,61,54,0,54,115
12/28/2021,OXC,CT,ANE,EN,Federal Contract Tower,0,8,11,2,21,0,1,36,2,39,0,9,47,4,60,64,0,64,124
12/29/2021,OXC,CT,ANE,EN,Federal Contract Tower,0,3,8,0,11,0,0,0,0,0,0,3,8,0,11,4,0,4,15
12/30/2021,OXC,CT,ANE,EN,Federal Contract Tower,0,7,3,0,10,0,0,0,0,0,0,7,3,0,10,0,0,0,10
12/31/2021,OXC,CT,ANE,EN,Federal Contract Tower,0,4,6,0,10,0,0,0,0,0,0,4,6,0,10,0,0,0,10
01/01/2022,OXC,CT,ANE,EN,Federal Contract Tower,0,1,1,0,2,0,0,0,0,0,0,1,1,0,2,0,0,0,2
01/02/2022,OXC,CT,ANE,EN,Federal Contract Tower,0,8,19,0,27,0,1,0,0,1,0,9,19,0,28,0,0,0,28
01/03/2022,OXC,CT,ANE,EN,Federal Contract Tower,0,4,14,0,18,0,0,40,2,42,0,4,54,2,60,34,0,34,94
01/04/2022,OXC,CT,ANE,EN,Federal Contract Tower,0,5,15,0,20,0,0,56,0,56,0,5,71,0,76,64,0,64,140
01/05/2022,OXC,CT,ANE,EN,Federal Contract Tower,0,4,7,0,11,0,0,0,0,0,0,4,7,0,11,0,0,0,11
01/06/2022,OXC,CT,ANE,EN,Federal Contract Tower,0,2,11,2,15,0,1,42,6,49,0,3,53,8,64,36,0,36,100
01/07/2022,OXC,CT,ANE,EN,Federal Contract Tower,0,0,3,0,3,0,0,7,0,7,0,0,10,0,10,0,0,0,10
01/08/2022,OXC,CT,ANE,EN,Federal Contract Tower,0,5,12,0,17,0,4,79,4,87,0,9,91,4,104,66,12,78,182
01/09/2022,OXC,CT,ANE,EN,Federal Contract Tower,0,5,6,0,11,0,1,0,0,1,0,6,6,0,12,0,0,0,12
01/10/2022,OXC,CT,ANE,EN,Federal Contract Tower,0,3,3,0,6,0,6,22,4,32,0,9,25,4,38,22,0,22,60
01/11/2022,OXC,CT,ANE,EN,Federal Contract Tower,0,2,3,1,6,0,2,33,5,40,0,4,36,6,46,8,0,8,54
01/12/2022,OXC,CT,ANE,EN,Federal Contract Tower,0,4,3,0,7,0,2,32,0,34,0,6,35,0,41,22,0,22,63
01/13/2022,OXC,CT,ANE,EN,Federal Contract Tower,0,5,13,0,18,0,1,92,2,95,0,6,105,2,113,42,0,42,155
01/14/2022,OXC,CT,ANE,EN,Federal Contract Tower,0,1,16,0,17,0,8,19,0,27,0,9,35,0,44,16,0,16,60
01/15/2022,OXC,CT,ANE,EN,Federal Contract Tower,0,2,4,0,6,0,0,16,0,16,0,2,20,0,22,20,0,20,42
01/16/2022,OXC,CT,ANE,EN,Federal Contract Tower,0,10,3,0,13,0,3,43,3,49,0,13,46,3,62,62,12,74,136
01/17/2022,OXC,CT,ANE,EN,Federal Contract Tower,0,3,8,0,11,0,0,0,0,0,0,3,8,0,11,0,0,0,11
01/18/2022,OXC,CT,ANE,EN,Federal Contract Tower,0,3,8,0,11,0,4,10,2,16,0,7,18,2,27,2,0,2,29
01/19/2022,OXC,CT,ANE,EN,Federal Contract Tower,0,9,8,0,17,0,1,28,4,33,0,10,36,4,50,64,6,70,120
01/20/2022,OXC,CT,ANE,EN,Federal Contract Tower,0,0,8,0,8,0,0,8,2,10,0,0,16,2,18,0,0,0,18
01/21/2022,OXC,CT,ANE,EN,Federal Contract Tower,0,3,9,0,12,0,1,49,0,50,0,4,58,0,62,72,0,72,134
01/22/2022,OXC,CT,ANE,EN,Federal Contract Tower,0,2,17,0,19,0,0,56,4,60,0,2,73,4,79,58,8,66,145
01/23/2022,OXC,CT,ANE,EN,Federal Contract Tower,0,4,6,0,10,0,6,47,0,53,0,10,53,0,63,72,0,72,135
01/24/2022,OXC,CT,ANE,EN,Federal Contract Tower,0,9,12,0,21,0,1,34,0,35,0,10,46,0,56,70,0,70,126
01/25/2022,OXC,CT,ANE,EN,Federal Contract Tower,0,4,11,0,15,0,2,37,0,39,0,6,48,0,54,74,0,74,128
01/26/2022,OXC,CT,ANE,EN,Federal Contract Tower,0,6,9,0,15,0,3,25,2,30,0,9,34,2,45,22,0,22,67
01/27/2022,OXC,CT,ANE,EN,Federal Contract Tower,0,3,11,0,14,0,4,58,6,68,0,7,69,6,82,42,0,42,124
01/28/2022,OXC,CT,ANE,EN,Federal Contract Tower,0,6,11,0,17,0,1,4,0,5,0,7,15,0,22,8,0,8,30
01/29/2022,OXC,CT,ANE,EN,Federal Contract Tower,0,0,0,0,0,0,0,0,0,0,0,0,0,0,0,0,0,0,0
01/30/2022,OXC,CT,ANE,EN,Federal Contract Tower,0,5,15,0,20,0,1,18,0,19,0,6,33,0,39,12,0,12,51
01/31/2022,OXC,CT,ANE,EN,Federal Contract Tower,0,5,11,0,16,0,4,38,0,42,0,9,49,0,58,54,0,54,112
02/01/2022,OXC,CT,ANE,EN,Federal Contract Tower,0,6,10,0,16,0,1,34,0,35,0,7,44,0,51,18,0,18,69
02/02/2022,OXC,CT,ANE,EN,Federal Contract Tower,0,4,12,2,18,0,0,3,2,5,0,4,15,4,23,0,0,0,23
02/03/2022,OXC,CT,ANE,EN,Federal Contract Tower,0,3,9,0,12,0,0,0,0,0,0,3,9,0,12,0,0,0,12
02/04/2022,OXC,CT,ANE,EN,Federal Contract Tower,0,5,1,0,6,0,0,0,0,0,0,5,1,0,6,0,0,0,6
02/05/2022,OXC,CT,ANE,EN,Federal Contract Tower,0,1,8,0,9,0,5,9,0,14,0,6,17,0,23,0,0,0,23
02/06/2022,OXC,CT,ANE,EN,Federal Contract Tower,0,4,8,0,12,0,3,59,4,66,0,7,67,4,78,46,0,46,124
02/07/2022,OXC,CT,ANE,EN,Federal Contract Tower,0,1,7,0,8,0,0,0,0,0,0,1,7,0,8,0,0,0,8
02/08/2022,OXC,CT,ANE,EN,Federal Contract Tower,0,6,11,0,17,0,0,22,8,30,0,6,33,8,47,52,6,58,105
02/09/2022,OXC,CT,ANE,EN,Federal Contract Tower,0,6,11,0,17,0,12,76,0,88,0,18,87,0,105,98,0,98,203
02/10/2022,OXC,CT,ANE,EN,Federal Contract Tower,0,8,10,0,18,0,5,27,4,36,0,13,37,4,54,46,0,46,100
02/11/2022,OXC,CT,ANE,EN,Federal Contract Tower,0,3,6,0,9,0,5,22,4,31,0,8,28,4,40,10,0,10,50
02/12/2022,OXC,CT,ANE,EN,Federal Contract Tower,0,7,3,0,10,0,2,62,1,65,0,9,65,1,75,28,0,28,103
02/13/2022,OXC,CT,ANE,EN,Federal Contract Tower,0,8,7,0,15,0,1,1,0,2,0,9,8,0,17,0,0,0,17
02/14/2022,OXC,CT,ANE,EN,Federal Contract Tower,0,3,8,0,11,0,3,9,2,14,0,6,17,2,25,6,0,6,31
02/15/2022,OXC,CT,ANE,EN,Federal Contract Tower,0,2,11,0,13,0,2,41,4,47,0,4,52,4,60,24,18,42,102
02/16/2022,OXC,CT,ANE,EN,Federal Contract Tower,0,4,9,0,13,0,0,31,3,34,0,4,40,3,47,38,0,38,85
02/17/2022,OXC,CT,ANE,EN,Federal Contract Tower,0,7,11,0,18,0,3,16,6,25,0,10,27,6,43,30,0,30,73
02/18/2022,OXC,CT,ANE,EN,Federal Contract Tower,0,9,10,0,19,0,2,4,0,6,0,11,14,0,25,4,0,4,29
02/19/2022,OXC,CT,ANE,EN,Federal Contract Tower,0,8,4,0,12,0,0,8,0,8,0,8,12,0,20,4,0,4,24
02/20/2022,OXC,CT,ANE,EN,Federal Contract Tower,0,3,20,0,23,0,3,66,2,71,0,6,86,2,94,44,0,44,138
02/21/2022,OXC,CT,ANE,EN,Federal Contract Tower,0,10,21,0,31,0,2,86,2,90,0,12,107,2,121,94,2,96,217
02/22/2022,OXC,CT,ANE,EN,Federal Contract Tower,0,14,8,0,22,0,0,0,0,0,0,14,8,0,22,0,0,0,22
02/23/2022,OXC,CT,ANE,EN,Federal Contract Tower,0,5,10,0,15,0,5,6,4,15,0,10,16,4,30,8,0,8,38
02/24/2022,OXC,CT,ANE,EN,Federal Contract Tower,0,8,14,0,22,0,14,41,6,61,0,22,55,6,83,82,0,82,165
02/25/2022,OXC,CT,ANE,EN,Federal Contract Tower,0,2,4,0,6,0,0,0,0,0,0,2,4,0,6,0,0,0,6
02/26/2022,OXC,CT,ANE,EN,Federal Contract Tower,0,3,9,0,12,0,1,71,4,76,0,4,80,4,88,124,0,124,212
02/27/2022,OXC,CT,ANE,EN,Federal Contract Tower,0,9,16,0,25,0,2,29,0,31,0,11,45,0,56,16,0,16,72
02/28/2022,OXC,CT,ANE,EN,Federal Contract Tower,0,2,7,0,9,0,2,32,6,40,0,4,39,6,49,22,18,40,89
03/01/2022,OXC,CT,ANE,EN,Federal Contract Tower,0,9,16,0,25,0,1,29,4,34,0,10,45,4,59,18,0,18,77
03/02/2022,OXC,CT,ANE,EN,Federal Contract Tower,0,8,20,1,29,0,11,67,5,83,0,19,87,6,112,70,0,70,182
03/03/2022,OXC,CT,ANE,EN,Federal Contract Tower,0,5,10,0,15,0,12,22,0,34,0,17,32,0,49,26,0,26,75
03/04/2022,OXC,CT,ANE,EN,Federal Contract Tower,0,11,14,0,25,0,2,53,2,57,0,13,67,2,82,38,6,44,126
03/05/2022,OXC,CT,ANE,EN,Federal Contract Tower,0,4,11,0,15,0,3,68,5,76,0,7,79,5,91,122,26,148,239
03/06/2022,OXC,CT,ANE,EN,Federal Contract Tower,0,10,6,0,16,0,1,3,0,4,0,11,9,0,20,0,0,0,20
03/07/2022,OXC,CT,ANE,EN,Federal Contract Tower,0,4,10,0,14,0,0,21,4,25,0,4,31,4,39,66,0,66,105
03/08/2022,OXC,CT,ANE,EN,Federal Contract Tower,0,10,9,0,19,0,1,27,0,28,0,11,36,0,47,26,0,26,73
03/09/2022,OXC,CT,ANE,EN,Federal Contract Tower,0,0,8,0,8,0,0,0,0,0,0,0,8,0,8,0,0,0,8
03/10/2022,OXC,CT,ANE,EN,Federal Contract Tower,0,8,17,0,25,0,0,36,5,41,0,8,53,5,66,46,0,46,112
03/11/2022,OXC,CT,ANE,EN,Federal Contract Tower,0,8,16,0,24,0,4,78,0,82,0,12,94,0,106,82,0,82,188
03/12/2022,OXC,CT,ANE,EN,Federal Contract Tower,0,6,3,0,9,0,0,0,0,0,0,6,3,0,9,0,0,0,9
03/13/2022,OXC,CT,ANE,EN,Federal Contract Tower,0,4,11,0,15,0,5,13,0,18,0,9,24,0,33,14,0,14,47
03/14/2022,OXC,CT,ANE,EN,Federal Contract Tower,0,5,12,0,17,0,9,39,4,52,0,14,51,4,69,46,0,46,115
03/15/2022,OXC,CT,ANE,EN,Federal Contract Tower,0,0,10,0,10,0,0,65,2,67,0,0,75,2,77,52,0,52,129
03/16/2022,OXC,CT,ANE,EN,Federal Contract Tower,0,5,17,0,22,0,6,46,6,58,0,11,63,6,80,108,0,108,188
03/17/2022,OXC,CT,ANE,EN,Federal Contract Tower,0,9,4,0,13,0,0,0,0,0,0,9,4,0,13,0,0,0,13
03/18/2022,OXC,CT,ANE,EN,Federal Contract Tower,0,5,13,0,18,0,15,78,14,107,0,20,91,14,125,94,0,94,219
03/19/2022,OXC,CT,ANE,EN,Federal Contract Tower,0,2,5,0,7,0,0,0,0,0,0,2,5,0,7,0,0,0,7
03/20/2022,OXC,CT,ANE,EN,Federal Contract Tower,0,6,17,0,23,0,2,50,6,58,0,8,67,6,81,38,8,46,127
03/21/2022,OXC,CT,ANE,EN,Federal Contract Tower,0,6,10,0,16,0,3,27,0,30,0,9,37,0,46,2,0,2,48
03/22/2022,OXC,CT,ANE,EN,Federal Contract Tower,0,8,8,0,16,0,3,26,2,31,0,11,34,2,47,12,0,12,59
03/23/2022,OXC,CT,ANE,EN,Federal Contract Tower,0,2,15,1,18,0,1,45,8,54,0,3,60,9,72,44,4,48,120
03/24/2022,OXC,CT,ANE,EN,Federal Contract Tower,0,3,10,0,13,0,0,0,0,0,0,3,10,0,13,0,0,0,13
03/25/2022,OXC,CT,ANE,EN,Federal Contract Tower,0,6,15,0,21,0,3,57,2,62,0,9,72,2,83,30,0,30,113
03/26/2022,OXC,CT,ANE,EN,Federal Contract Tower,0,10,10,0,20,0,2,43,6,51,0,12,53,6,71,52,14,66,137
03/27/2022,OXC,CT,ANE,EN,Federal Contract Tower,0,16,8,0,24,0,0,21,0,21,0,16,29,0,45,8,0,8,53
03/28/2022,OXC,CT,ANE,EN,Federal Contract Tower,0,9,11,0,20,0,0,6,0,6,0,9,17,0,26,0,0,0,26
03/29/2022,OXC,CT,ANE,EN,Federal Contract Tower,0,2,12,0,14,0,2,11,0,13,0,4,23,0,27,4,0,4,31
03/30/2022,OXC,CT,ANE,EN,Federal Contract Tower,0,4,16,0,20,0,3,50,2,55,0,7,66,2,75,52,0,52,127
03/31/2022,OXC,CT,ANE,EN,Federal Contract Tower,0,11,11,0,22,0,0,0,0,0,0,11,11,0,22,4,0,4,26
04/01/2022,OXC,CT,ANE,EN,Federal Contract Tower,0,9,17,0,26,0,14,18,2,34,0,23,35,2,60,10,0,10,70
04/02/2022,OXC,CT,ANE,EN,Federal Contract Tower,0,3,11,0,14,0,2,82,2,86,0,5,93,2,100,38,0,38,138
04/03/2022,OXC,CT,ANE,EN,Federal Contract Tower,0,7,6,0,13,0,0,17,0,17,0,7,23,0,30,30,0,30,60
04/04/2022,OXC,CT,ANE,EN,Federal Contract Tower,0,5,15,0,20,0,1,49,2,52,0,6,64,2,72,12,2,14,86
04/05/2022,OXC,CT,ANE,EN,Federal Contract Tower,0,7,16,2,25,0,3,59,3,65,0,10,75,5,90,102,0,102,192
04/06/2022,OXC,CT,ANE,EN,Federal Contract Tower,0,6,7,0,13,0,0,0,0,0,0,6,7,0,13,0,0,0,13
04/07/2022,OXC,CT,ANE,EN,Federal Contract Tower,0,6,7,0,13,0,0,0,0,0,0,6,7,0,13,0,0,0,13
04/08/2022,OXC,CT,ANE,EN,Federal Contract Tower,0,10,9,0,19,0,0,20,3,23,0,10,29,3,42,6,0,6,48
04/09/2022,OXC,CT,ANE,EN,Federal Contract Tower,0,2,6,0,8,0,0,16,1,17,0,2,22,1,25,14,0,14,39
04/10/2022,OXC,CT,ANE,EN,Federal Contract Tower,0,3,12,0,15,0,1,32,3,36,0,4,44,3,51,12,0,12,63
04/11/2022,OXC,CT,ANE,EN,Federal Contract Tower,0,9,9,0,18,0,6,65,4,75,0,15,74,4,93,36,2,38,131
04/12/2022,OXC,CT,ANE,EN,Federal Contract Tower,0,7,12,0,19,0,0,38,0,38,0,7,50,0,57,22,0,22,79
04/13/2022,OXC,CT,ANE,EN,Federal Contract Tower,0,14,10,0,24,0,3,51,0,54,0,17,61,0,78,36,2,38,116
04/14/2022,OXC,CT,ANE,EN,Federal Contract Tower,0,6,5,0,11,0,1,45,2,48,0,7,50,2,59,98,0,98,157
04/15/2022,OXC,CT,ANE,EN,Federal Contract Tower,0,6,9,0,15,0,2,46,2,50,0,8,55,2,65,26,2,28,93
04/16/2022,OXC,CT,ANE,EN,Federal Contract Tower,0,5,4,0,9,0,0,22,0,22,0,5,26,0,31,54,0,54,85
04/17/2022,OXC,CT,ANE,EN,Federal Contract Tower,0,2,8,0,10,0,1,8,0,9,0,3,16,0,19,0,0,0,19
04/18/2022,OXC,CT,ANE,EN,Federal Contract Tower,0,8,15,0,23,0,1,32,3,36,0,9,47,3,59,44,2,46,105
04/19/2022,OXC,CT,ANE,EN,Federal Contract Tower,0,4,11,0,15,0,0,0,0,0,0,4,11,0,15,0,0,0,15
04/20/2022,OXC,CT,ANE,EN,Federal Contract Tower,0,3,18,0,21,0,0,27,2,29,0,3,45,2,50,22,2,24,74
04/21/2022,OXC,CT,ANE,EN,Federal Contract Tower,0,7,10,0,17,0,2,43,4,49,0,9,53,4,66,30,0,30,96
04/22/2022,OXC,CT,ANE,EN,Federal Contract Tower,0,6,13,0,19,0,7,29,4,40,0,13,42,4,59,10,0,10,69
04/23/2022,OXC,CT,ANE,EN,Federal Contract Tower,0,7,12,0,19,0,4,77,2,83,0,11,89,2,102,60,4,64,166
04/24/2022,OXC,CT,ANE,EN,Federal Contract Tower,0,7,11,0,18,0,5,66,5,76,0,12,77,5,94,52,2,54,148
04/25/2022,OXC,CT,ANE,EN,Federal Contract Tower,0,3,13,0,16,0,10,46,2,58,0,13,59,2,74,70,0,70,144
04/26/2022,OXC,CT,ANE,EN,Federal Contract Tower,0,14,15,0,29,0,0,0,0,0,0,14,15,0,29,0,0,0,29
04/27/2022,OXC,CT,ANE,EN,Federal Contract Tower,0,4,7,0,11,0,10,15,10,35,0,14,22,10,46,8,0,8,54
04/28/2022,OXC,CT,ANE,EN,Federal Contract Tower,0,6,9,1,16,0,6,11,1,18,0,12,20,2,34,4,0,4,38
04/29/2022,OXC,CT,ANE,EN,Federal Contract Tower,0,10,9,0,19,0,13,19,2,34,0,23,28,2,53,18,0,18,71
04/30/2022,OXC,CT,ANE,EN,Federal Contract Tower,0,3,18,0,21,0,0,55,4,59,0,3,73,4,80,68,0,68,148
05/01/2022,OXC,CT,ANE,EN,Federal Contract Tower,0,6,11,0,17,0,1,113,0,114,0,7,124,0,131,92,0,92,223
05/02/2022,OXC,CT,ANE,EN,Federal Contract Tower,0,6,10,0,16,0,0,0,0,0,0,6,10,0,16,0,0,0,16
05/03/2022,OXC,CT,ANE,EN,Federal Contract Tower,0,6,17,0,23,0,0,1,0,1,0,6,18,0,24,32,0,32,56
05/04/2022,OXC,CT,ANE,EN,Federal Contract Tower,0,9,14,0,23,0,0,0,0,0,0,9,14,0,23,0,0,0,23
05/05/2022,OXC,CT,ANE,EN,Federal Contract Tower,0,10,24,0,34,0,5,78,8,91,0,15,102,8,125,106,12,118,243
05/06/2022,OXC,CT,ANE,EN,Federal Contract Tower,0,7,19,0,26,0,0,30,1,31,0,7,49,1,57,12,0,12,69
05/07/2022,OXC,CT,ANE,EN,Federal Contract Tower,0,9,4,0,13,0,2,2,0,4,0,11,6,0,17,4,0,4,21
05/08/2022,OXC,CT,ANE,EN,Federal Contract Tower,0,8,9,0,17,0,4,7,0,11,0,12,16,0,28,6,0,6,34
05/09/2022,OXC,CT,ANE,EN,Federal Contract Tower,0,9,12,0,21,0,4,14,0,18,0,13,26,0,39,0,0,0,39
05/10/2022,OXC,CT,ANE,EN,Federal Contract Tower,0,9,12,0,21,0,1,32,0,33,0,10,44,0,54,8,0,8,62
05/11/2022,OXC,CT,ANE,EN,Federal Contract Tower,0,7,10,0,17,0,0,47,2,49,0,7,57,2,66,34,4,38,104
05/12/2022,OXC,CT,ANE,EN,Federal Contract Tower,0,8,17,0,25,0,3,53,4,60,0,11,70,4,85,104,0,104,189
05/13/2022,OXC,CT,ANE,EN,Federal Contract Tower,0,11,13,0,24,0,0,7,0,7,0,11,20,0,31,0,0,0,31
05/14/2022,OXC,CT,ANE,EN,Federal Contract Tower,0,6,16,0,22,0,0,24,1,25,0,6,40,1,47,56,0,56,103
05/15/2022,OXC,CT,ANE,EN,Federal Contract Tower,0,8,17,0,25,0,1,26,0,27,0,9,43,0,52,38,0,38,90
05/16/2022,OXC,CT,ANE,EN,Federal Contract Tower,0,8,5,0,13,0,1,15,2,18,0,9,20,2,31,30,0,30,61
05/17/2022,OXC,CT,ANE,EN,Federal Contract Tower,0,2,12,0,14,0,11,27,2,40,0,13,39,2,54,22,0,22,76
05/18/2022,OXC,CT,ANE,EN,Federal Contract Tower,0,4,14,0,18,0,7,60,2,69,0,11,74,2,87,100,0,100,187
05/19/2022,OXC,CT,ANE,EN,Federal Contract Tower,0,15,18,0,33,0,0,1,0,1,0,15,19,0,34,50,0,50,84
05/20/2022,OXC,CT,ANE,EN,Federal Contract Tower,0,9,17,0,26,0,5,24,2,31,0,14,41,2,57,12,2,14,71
05/21/2022,OXC,CT,ANE,EN,Federal Contract Tower,0,10,7,0,17,0,3,66,3,72,0,13,73,3,89,82,6,88,177
05/22/2022,OXC,CT,ANE,EN,Federal Contract Tower,0,11,6,0,17,0,4,39,4,47,0,15,45,4,64,26,4,30,94
05/23/2022,OXC,CT,ANE,EN,Federal Contract Tower,0,4,8,0,12,0,2,74,0,76,0,6,82,0,88,100,2,102,190
05/24/2022,OXC,CT,ANE,EN,Federal Contract Tower,0,3,17,0,20,0,9,77,4,90,0,12,94,4,110,94,0,94,204
05/25/2022,OXC,CT,ANE,EN,Federal Contract Tower,0,6,23,2,31,0,21,70,2,93,0,27,93,4,124,68,0,68,192
05/26/2022,OXC,CT,ANE,EN,Federal Contract Tower,0,8,19,0,27,0,11,48,4,63,0,19,67,4,90,22,10,32,122
05/27/2022,OXC,CT,ANE,EN,Federal Contract Tower,0,7,19,0,26,0,0,2,0,2,0,7,21,0,28,0,0,0,28
05/28/2022,OXC,CT,ANE,EN,Federal Contract Tower,0,6,11,0,17,0,0,7,0,7,0,6,18,0,24,0,0,0,24
05/29/2022,OXC,CT,ANE,EN,Federal Contract Tower,0,2,23,0,25,0,21,47,0,68,0,23,70,0,93,88,0,88,181
05/30/2022,OXC,CT,ANE,EN,Federal Contract Tower,0,6,6,0,12,0,6,79,0,85,0,12,85,0,97,40,0,40,137
05/31/2022,OXC,CT,ANE,EN,Federal Contract Tower,0,2,12,0,14,0,6,36,2,44,0,8,48,2,58,62,0,62,120
06/01/2022,OXC,CT,ANE,EN,Federal Contract Tower,0,7,7,0,14,0,2,29,6,37,0,9,36,6,51,38,0,38,89
06/02/2022,OXC,CT,ANE,EN,Federal Contract Tower,0,11,16,0,27,0,2,6,0,8,0,13,22,0,35,2,0,2,37
06/03/2022,OXC,CT,ANE,EN,Federal Contract Tower,0,12,20,0,32,0,1,16,4,21,0,13,36,4,53,32,0,32,85
06/04/2022,OXC,CT,ANE,EN,Federal Contract Tower,0,5,15,0,20,0,6,71,3,80,0,11,86,3,100,66,2,68,168
06/05/2022,OXC,CT,ANE,EN,Federal Contract Tower,0,9,13,0,22,0,7,66,3,76,0,16,79,3,98,42,0,42,140
06/06/2022,OXC,CT,ANE,EN,Federal Contract Tower,0,5,11,0,16,0,2,44,1,47,0,7,55,1,63,96,0,96,159
06/07/2022,OXC,CT,ANE,EN,Federal Contract Tower,0,3,10,0,13,0,8,32,2,42,0,11,42,2,55,48,0,48,103
06/08/2022,OXC,CT,ANE,EN,Federal Contract Tower,0,8,16,0,24,0,2,29,0,31,0,10,45,0,55,20,0,20,75
06/09/2022,OXC,CT,ANE,EN,Federal Contract Tower,0,4,10,0,14,7,15,2,0,24,7,19,12,0,38,16,0,16,54
06/10/2022,OXC,CT,ANE,EN,Federal Contract Tower,0,2,25,0,27,0,7,63,2,72,0,9,88,2,99,112,0,112,211
06/11/2022,OXC,CT,ANE,EN,Federal Contract Tower,0,2,10,0,12,0,12,54,2,68,0,14,64,2,80,106,0,106,186
06/12/2022,OXC,CT,ANE,EN,Federal Contract Tower,0,13,24,0,37,0,0,5,0,5,0,13,29,0,42,0,0,0,42
06/13/2022,OXC,CT,ANE,EN,Federal Contract Tower,0,2,8,0,10,0,1,40,7,48,0,3,48,7,58,46,0,46,104
06/14/2022,OXC,CT,ANE,EN,Federal Contract Tower,0,6,10,0,16,0,3,64,2,69,0,9,74,2,85,34,0,34,119
06/15/2022,OXC,CT,ANE,EN,Federal Contract Tower,0,6,19,0,25,0,2,70,3,75,0,8,89,3,100,64,0,64,164
06/16/2022,OXC,CT,ANE,EN,Federal Contract Tower,0,10,16,0,26,0,1,9,0,10,0,11,25,0,36,20,0,20,56
06/17/2022,OXC,CT,ANE,EN,Federal Contract Tower,0,12,12,0,24,0,5,27,2,34,0,17,39,2,58,56,0,56,114
06/18/2022,OXC,CT,ANE,EN,Federal Contract Tower,0,11,9,0,20,0,7,11,1,19,0,18,20,1,39,6,0,6,45
06/19/2022,OXC,CT,ANE,EN,Federal Contract Tower,0,5,5,0,10,0,16,21,0,37,0,21,26,0,47,10,0,10,57
06/20/2022,OXC,CT,ANE,EN,Federal Contract Tower,0,14,7,1,22,0,3,62,3,68,0,17,69,4,90,72,0,72,162
06/21/2022,OXC,CT,ANE,EN,Federal Contract Tower,0,4,17,2,23,0,19,71,20,110,0,23,88,22,133,62,2,64,197
06/22/2022,OXC,CT,ANE,EN,Federal Contract Tower,0,5,17,0,22,0,0,0,0,0,0,5,17,0,22,0,0,0,22
06/23/2022,OXC,CT,ANE,EN,Federal Contract Tower,0,14,31,0,45,0,2,26,0,28,0,16,57,0,73,60,0,60,133
06/24/2022,OXC,CT,ANE,EN,Federal Contract Tower,0,8,18,0,26,0,6,48,5,59,0,14,66,5,85,30,0,30,115
06/25/2022,OXC,CT,ANE,EN,Federal Contract Tower,0,8,14,0,22,0,15,102,5,122,0,23,116,5,144,150,2,152,296
06/26/2022,OXC,CT,ANE,EN,Federal Contract Tower,0,10,22,0,32,0,10,49,2,61,0,20,71,2,93,50,0,50,143
06/27/2022,OXC,CT,ANE,EN,Federal Contract Tower,0,6,13,0,19,0,3,2,0,5,0,9,15,0,24,2,0,2,26
06/28/2022,OXC,CT,ANE,EN,Federal Contract Tower,0,5,8,0,13,0,6,76,9,91,0,11,84,9,104,76,8,84,188
06/29/2022,OXC,CT,ANE,EN,Federal Contract Tower,0,7,13,0,20,0,16,69,2,87,0,23,82,2,107,68,0,68,175
06/30/2022,OXC,CT,ANE,EN,Federal Contract Tower,0,13,17,0,30,0,19,76,9,104,0,32,93,9,134,104,6,110,244
07/01/2022,OXC,CT,ANE,EN,Federal Contract Tower,0,12,13,0,25,0,14,34,5,53,0,26,47,5,78,36,2,38,116
07/02/2022,OXC,CT,ANE,EN,Federal Contract Tower,0,10,6,0,16,0,5,19,2,26,0,15,25,2,42,26,0,26,68
07/03/2022,OXC,CT,ANE,EN,Federal Contract Tower,0,4,8,0,12,0,3,64,2,69,0,7,72,2,81,112,2,114,195
07/04/2022,OXC,CT,ANE,EN,Federal Contract Tower,0,5,6,0,11,0,12,56,1,69,0,17,62,1,80,28,0,28,108
07/05/2022,OXC,CT,ANE,EN,Federal Contract Tower,0,9,13,0,22,0,9,29,0,38,0,18,42,0,60,14,0,14,74
07/06/2022,OXC,CT,ANE,EN,Federal Contract Tower,0,9,10,2,21,0,5,51,6,62,0,14,61,8,83,32,12,44,127
07/07/2022,OXC,CT,ANE,EN,Federal Contract Tower,0,14,8,0,22,0,2,50,6,58,0,16,58,6,80,38,4,42,122
07/08/2022,OXC,CT,ANE,EN,Federal Contract Tower,0,9,17,0,26,0,6,33,0,39,0,15,50,0,65,64,0,64,129
07/09/2022,OXC,CT,ANE,EN,Federal Contract Tower,0,3,8,2,13,0,7,72,7,86,0,10,80,9,99,182,0,182,281
07/10/2022,OXC,CT,ANE,EN,Federal Contract Tower,0,13,13,0,26,0,6,57,4,67,0,19,70,4,93,56,0,56,149
07/11/2022,OXC,CT,ANE,EN,Federal Contract Tower,0,11,8,0,19,0,5,66,2,73,0,16,74,2,92,40,2,42,134
07/12/2022,OXC,CT,ANE,EN,Federal Contract Tower,0,4,9,4,17,0,1,37,0,38,0,5,46,4,55,48,0,48,103
07/13/2022,OXC,CT,ANE,EN,Federal Contract Tower,0,3,7,2,12,0,5,67,4,76,0,8,74,6,88,28,2,30,118
07/14/2022,OXC,CT,ANE,EN,Federal Contract Tower,0,13,20,0,33,0,15,54,8,77,0,28,74,8,110,54,0,54,164
07/15/2022,OXC,CT,ANE,EN,Federal Contract Tower,0,6,7,0,13,0,11,57,6,74,0,17,64,6,87,78,2,80,167
07/16/2022,OXC,CT,ANE,EN,Federal Contract Tower,0,11,9,0,20,0,4,61,0,65,0,15,70,0,85,88,0,88,173
07/17/2022,OXC,CT,ANE,EN,Federal Contract Tower,0,8,17,0,25,0,5,36,0,41,0,13,53,0,66,60,0,60,126
07/18/2022,OXC,CT,ANE,EN,Federal Contract Tower,0,20,7,0,27,0,0,0,0,0,0,20,7,0,27,0,0,0,27
07/19/2022,OXC,CT,ANE,EN,Federal Contract Tower,0,12,3,0,15,0,9,61,0,70,0,21,64,0,85,88,0,88,173
07/20/2022,OXC,CT,ANE,EN,Federal Contract Tower,0,12,9,0,21,0,1,65,4,70,0,13,74,4,91,92,4,96,187
07/21/2022,OXC,CT,ANE,EN,Federal Contract Tower,0,11,7,0,18,0,3,30,4,37,0,14,37,4,55,12,0,12,67
07/22/2022,OXC,CT,ANE,EN,Federal Contract Tower,0,6,13,0,19,0,5,57,2,64,0,11,70,2,83,88,0,88,171
07/23/2022,OXC,CT,ANE,EN,Federal Contract Tower,0,6,6,0,12,0,4,52,0,56,0,10,58,0,68,110,0,110,178
07/24/2022,OXC,CT,ANE,EN,Federal Contract Tower,0,13,7,0,20,0,0,53,2,55,0,13,60,2,75,74,0,74,149
07/25/2022,OXC,CT,ANE,EN,Federal Contract Tower,0,5,16,0,21,0,1,10,2,13,0,6,26,2,34,8,0,8,42
07/26/2022,OXC,CT,ANE,EN,Federal Contract Tower,0,3,12,0,15,0,5,44,2,51,0,8,56,2,66,76,0,76,142
07/27/2022,OXC,CT,ANE,EN,Federal Contract Tower,0,6,9,4,19,0,5,58,10,73,0,11,67,14,92,54,0,54,146
07/28/2022,OXC,CT,ANE,EN,Federal Contract Tower,0,7,7,0,14,0,2,17,2,21,0,9,24,2,35,8,0,8,43
07/29/2022,OXC,CT,ANE,EN,Federal Contract Tower,0,7,12,0,19,0,3,44,3,50,0,10,56,3,69,38,0,38,107
07/30/2022,OXC,CT,ANE,EN,Federal Contract Tower,0,7,13,0,20,0,3,57,3,63,0,10,70,3,83,38,0,38,121
07/31/2022,OXC,CT,ANE,EN,Federal Contract Tower,0,6,10,0,16,0,5,78,3,86,0,11,88,3,102,80,0,80,182
08/01/2022,OXC,CT,ANE,EN,Federal Contract Tower,0,16,24,0,40,0,0,13,2,15,0,16,37,2,55,56,4,60,115
08/02/2022,OXC,CT,ANE,EN,Federal Contract Tower,0,8,15,0,23,0,9,37,4,50,0,17,52,4,73,66,0,66,139
08/03/2022,OXC,CT,ANE,EN,Federal Contract Tower,0,10,10,0,20,0,11,91,7,109,0,21,101,7,129,86,0,86,215
08/04/2022,OXC,CT,ANE,EN,Federal Contract Tower,0,2,14,0,16,0,11,67,2,80,0,13,81,2,96,66,0,66,162
08/05/2022,OXC,CT,ANE,EN,Federal Contract Tower,0,7,9,0,16,0,22,40,4,66,0,29,49,4,82,46,12,58,140
08/06/2022,OXC,CT,ANE,EN,Federal Contract Tower,0,10,11,0,21,0,16,51,6,73,0,26,62,6,94,82,0,82,176
08/07/2022,OXC,CT,ANE,EN,Federal Contract Tower,0,11,15,0,26,0,7,24,2,33,0,18,39,2,59,12,8,20,79
08/08/2022,OXC,CT,ANE,EN,Federal Contract Tower,0,2,17,0,19,0,6,21,0,27,0,8,38,0,46,30,6,36,82
08/09/2022,OXC,CT,ANE,EN,Federal Contract Tower,0,3,7,0,10,0,13,42,2,57,0,16,49,2,67,80,0,80,147
08/10/2022,OXC,CT,ANE,EN,Federal Contract Tower,0,8,12,0,20,0,3,48,2,53,0,11,60,2,73,122,0,122,195
08/11/2022,OXC,CT,ANE,EN,Federal Contract Tower,0,14,19,0,33,0,3,35,2,40,0,17,54,2,73,60,0,60,133
08/12/2022,OXC,CT,ANE,EN,Federal Contract Tower,0,5,14,0,19,0,13,74,1,88,0,18,88,1,107,126,14,140,247
08/13/2022,OXC,CT,ANE,EN,Federal Contract Tower,0,12,11,0,23,0,7,72,8,87,0,19,83,8,110,122,0,122,232
08/14/2022,OXC,CT,ANE,EN,Federal Contract Tower,0,8,11,1,20,0,7,66,0,73,0,15,77,1,93,28,0,28,121
08/15/2022,OXC,CT,ANE,EN,Federal Contract Tower,0,15,7,0,22,0,9,28,2,39,0,24,35,2,61,60,0,60,121
08/16/2022,OXC,CT,ANE,EN,Federal Contract Tower,0,2,17,0,19,0,6,38,4,48,0,8,55,4,67,36,0,36,103
08/17/2022,OXC,CT,ANE,EN,Federal Contract Tower,0,8,13,0,21,0,2,41,0,43,0,10,54,0,64,24,0,24,88
08/18/2022,OXC,CT,ANE,EN,Federal Contract Tower,0,3,10,0,13,0,5,57,8,70,0,8,67,8,83,98,10,108,191
08/19/2022,OXC,CT,ANE,EN,Federal Contract Tower,0,5,11,0,16,0,3,60,0,63,0,8,71,0,79,88,0,88,167
08/20/2022,OXC,CT,ANE,EN,Federal Contract Tower,0,8,6,0,14,0,6,70,4,80,0,14,76,4,94,88,4,92,186
08/21/2022,OXC,CT,ANE,EN,Federal Contract Tower,0,9,21,0,30,0,2,46,2,50,0,11,67,2,80,76,0,76,156
08/22/2022,OXC,CT,ANE,EN,Federal Contract Tower,0,13,6,0,19,0,1,1,0,2,0,14,7,0,21,0,0,0,21
08/23/2022,OXC,CT,ANE,EN,Federal Contract Tower,0,6,10,0,16,0,1,2,0,3,0,7,12,0,19,0,0,0,19
08/24/2022,OXC,CT,ANE,EN,Federal Contract Tower,0,4,8,2,14,0,4,63,8,75,0,8,71,10,89,102,10,112,201
08/25/2022,OXC,CT,ANE,EN,Federal Contract Tower,0,4,1,0,5,0,11,88,4,103,0,15,89,4,108,118,0,118,226
08/26/2022,OXC,CT,ANE,EN,Federal Contract Tower,0,12,17,0,29,0,5,47,1,53,0,17,64,1,82,108,2,110,192
08/27/2022,OXC,CT,ANE,EN,Federal Contract Tower,0,1,4,1,6,0,5,61,9,75,0,6,65,10,81,102,12,114,195
08/28/2022,OXC,CT,ANE,EN,Federal Contract Tower,0,20,22,0,42,0,4,31,0,35,0,24,53,0,77,34,0,34,111
08/29/2022,OXC,CT,ANE,EN,Federal Contract Tower,0,11,12,0,23,0,4,39,2,45,0,15,51,2,68,76,0,76,144
08/30/2022,OXC,CT,ANE,EN,Federal Contract Tower,0,13,19,0,32,0,3,30,2,35,0,16,49,2,67,38,0,38,105
08/31/2022,OXC,CT,ANE,EN,Federal Contract Tower,0,9,13,0,22,0,13,34,0,47,0,22,47,0,69,78,0,78,147
09/01/2022,OXC,CT,ANE,EN,Federal Contract Tower,0,5,8,0,13,0,5,40,6,51,0,10,48,6,64,54,0,54,118
09/02/2022,OXC,CT,ANE,EN,Federal Contract Tower,0,10,4,0,14,0,7,80,4,91,0,17,84,4,105,88,0,88,193
09/03/2022,OXC,CT,ANE,EN,Federal Contract Tower,0,1,2,0,3,0,4,58,2,64,0,5,60,2,67,60,0,60,127
09/04/2022,OXC,CT,ANE,EN,Federal Contract Tower,0,6,12,0,18,0,13,36,2,51,0,19,48,2,69,74,0,74,143
09/05/2022,OXC,CT,ANE,EN,Federal Contract Tower,0,14,18,0,32,0,0,1,0,1,0,14,19,0,33,0,0,0,33
09/06/2022,OXC,CT,ANE,EN,Federal Contract Tower,0,20,13,0,33,0,0,0,0,0,0,20,13,0,33,0,0,0,33
09/07/2022,OXC,CT,ANE,EN,Federal Contract Tower,0,19,22,0,41,0,3,12,3,18,0,22,34,3,59,38,0,38,97
09/08/2022,OXC,CT,ANE,EN,Federal Contract Tower,0,9,6,2,17,0,3,52,2,57,0,12,58,4,74,130,0,130,204
09/09/2022,OXC,CT,ANE,EN,Federal Contract Tower,0,2,11,0,13,0,7,73,9,89,0,9,84,9,102,164,4,168,270
09/10/2022,OXC,CT,ANE,EN,Federal Contract Tower,0,5,14,2,21,0,5,90,3,98,0,10,104,5,119,106,2,108,227
09/11/2022,OXC,CT,ANE,EN,Federal Contract Tower,0,9,27,0,36,0,4,49,6,59,0,13,76,6,95,106,0,106,201
09/12/2022,OXC,CT,ANE,EN,Federal Contract Tower,0,13,27,0,40,0,0,7,0,7,0,13,34,0,47,56,0,56,103
09/13/2022,OXC,CT,ANE,EN,Federal Contract Tower,0,12,10,0,22,0,0,2,0,2,0,12,12,0,24,0,0,0,24
09/14/2022,OXC,CT,ANE,EN,Federal Contract Tower,0,2,10,0,12,0,8,54,4,66,0,10,64,4,78,64,4,68,146
09/15/2022,OXC,CT,ANE,EN,Federal Contract Tower,0,6,9,0,15,0,4,45,0,49,0,10,54,0,64,32,0,32,96
09/16/2022,OXC,CT,ANE,EN,Federal Contract Tower,0,3,11,0,14,0,10,54,0,64,0,13,65,0,78,42,0,42,120
09/17/2022,OXC,CT,ANE,EN,Federal Contract Tower,0,4,5,0,9,0,0,46,5,51,0,4,51,5,60,60,0,60,120
09/18/2022,OXC,CT,ANE,EN,Federal Contract Tower,0,6,13,0,19,0,5,52,0,57,0,11,65,0,76,34,0,34,110
09/19/2022,OXC,CT,ANE,EN,Federal Contract Tower,0,15,9,0,24,0,8,31,3,42,0,23,40,3,66,20,1,21,87
09/20/2022,OXC,CT,ANE,EN,Federal Contract Tower,0,7,18,0,25,0,2,38,4,44,0,9,56,4,69,44,0,44,113
09/21/2022,OXC,CT,ANE,EN,Federal Contract Tower,0,7,16,0,23,0,2,37,7,46,0,9,53,7,69,18,0,18,87
09/22/2022,OXC,CT,ANE,EN,Federal Contract Tower,0,3,12,0,15,0,3,2,0,5,0,6,14,0,20,34,0,34,54
09/23/2022,OXC,CT,ANE,EN,Federal Contract Tower,0,9,11,0,20,0,5,15,0,20,0,14,26,0,40,0,0,0,40
09/24/2022,OXC,CT,ANE,EN,Federal Contract Tower,0,4,21,0,25,0,1,31,2,34,0,5,52,2,59,54,0,54,113
09/25/2022,OXC,CT,ANE,EN,Federal Contract Tower,0,10,6,0,16,0,4,24,0,28,0,14,30,0,44,40,0,40,84
09/26/2022,OXC,CT,ANE,EN,Federal Contract Tower,0,1,6,0,7,0,5,28,2,35,0,6,34,2,42,22,0,22,64
09/27/2022,OXC,CT,ANE,EN,Federal Contract Tower,0,6,18,0,24,0,4,48,6,58,0,10,66,6,82,44,0,44,126
09/28/2022,OXC,CT,ANE,EN,Federal Contract Tower,0,6,11,0,17,0,8,57,2,67,0,14,68,2,84,106,0,106,190
09/29/2022,OXC,CT,ANE,EN,Federal Contract Tower,0,9,9,0,18,0,7,66,5,78,0,16,75,5,96,97,2,99,195
09/30/2022,OXC,CT,ANE,EN,Federal Contract Tower,0,6,14,0,20,0,6,72,2,80,0,12,86,2,100,144,0,144,244
10/01/2022,OXC,CT,ANE,EN,Federal Contract Tower,0,4,14,0,18,0,0,0,0,0,0,4,14,0,18,14,0,14,32
10/02/2022,OXC,CT,ANE,EN,Federal Contract Tower,0,17,6,0,23,0,2,3,0,5,0,19,9,0,28,0,0,0,28
10/03/2022,OXC,CT,ANE,EN,Federal Contract Tower,0,6,7,0,13,0,3,5,2,10,0,9,12,2,23,6,0,6,29
10/04/2022,OXC,CT,ANE,EN,Federal Contract Tower,0,6,7,0,13,0,0,0,0,0,0,6,7,0,13,0,0,0,13
10/05/2022,OXC,CT,ANE,EN,Federal Contract Tower,0,6,10,0,16,0,0,0,0,0,0,6,10,0,16,0,0,0,16
10/06/2022,OXC,CT,ANE,EN,Federal Contract Tower,0,10,17,2,29,0,5,78,8,91,0,15,95,10,120,190,4,194,314
10/07/2022,OXC,CT,ANE,EN,Federal Contract Tower,0,15,13,0,28,0,7,54,5,66,0,22,67,5,94,34,0,34,128
10/08/2022,OXC,CT,ANE,EN,Federal Contract Tower,0,8,12,0,20,0,12,42,0,54,0,20,54,0,74,130,0,130,204
10/09/2022,OXC,CT,ANE,EN,Federal Contract Tower,0,9,15,0,24,0,6,51,0,57,0,15,66,0,81,47,0,47,128
10/10/2022,OXC,CT,ANE,EN,Federal Contract Tower,0,14,19,0,33,0,8,51,2,61,0,22,70,2,94,42,0,42,136
10/11/2022,OXC,CT,ANE,EN,Federal Contract Tower,0,6,13,0,19,0,6,70,1,77,0,12,83,1,96,56,0,56,152
10/12/2022,OXC,CT,ANE,EN,Federal Contract Tower,0,17,17,0,34,0,3,62,4,69,0,20,79,4,103,36,4,40,143
10/13/2022,OXC,CT,ANE,EN,Federal Contract Tower,0,12,11,0,23,0,0,0,0,0,0,12,11,0,23,0,0,0,23
10/14/2022,OXC,CT,ANE,EN,Federal Contract Tower,0,11,18,0,29,0,7,24,2,33,0,18,42,2,62,38,0,38,100
10/15/2022,OXC,CT,ANE,EN,Federal Contract Tower,0,5,17,0,22,0,4,82,6,92,0,9,99,6,114,140,0,140,254
10/16/2022,OXC,CT,ANE,EN,Federal Contract Tower,0,10,11,0,21,0,2,70,4,76,0,12,81,4,97,70,4,74,171
10/17/2022,OXC,CT,ANE,EN,Federal Contract Tower,0,12,21,0,33,0,1,5,0,6,0,13,26,0,39,0,0,0,39
10/18/2022,OXC,CT,ANE,EN,Federal Contract Tower,0,8,14,0,22,0,8,45,6,59,0,16,59,6,81,66,18,84,165
10/19/2022,OXC,CT,ANE,EN,Federal Contract Tower,0,12,9,0,21,0,1,17,4,22,0,13,26,4,43,32,0,32,75
10/20/2022,OXC,CT,ANE,EN,Federal Contract Tower,0,8,9,0,17,0,8,31,0,39,0,16,40,0,56,26,0,26,82
10/21/2022,OXC,CT,ANE,EN,Federal Contract Tower,0,13,11,0,24,0,3,78,5,86,0,16,89,5,110,86,0,86,196
10/22/2022,OXC,CT,ANE,EN,Federal Contract Tower,0,9,14,0,23,0,0,102,0,102,0,9,116,0,125,75,0,75,200
10/23/2022,OXC,CT,ANE,EN,Federal Contract Tower,0,7,14,0,21,0,2,29,0,31,0,9,43,0,52,38,0,38,90
10/24/2022,OXC,CT,ANE,EN,Federal Contract Tower,0,18,6,0,24,0,0,0,0,0,0,18,6,0,24,0,0,0,24
10/25/2022,OXC,CT,ANE,EN,Federal Contract Tower,0,6,9,0,15,0,0,0,0,0,0,6,9,0,15,0,0,0,15
10/26/2022,OXC,CT,ANE,EN,Federal Contract Tower,0,14,11,4,29,0,1,3,2,6,0,15,14,6,35,0,0,0,35
10/27/2022,OXC,CT,ANE,EN,Federal Contract Tower,0,9,14,0,23,0,5,46,5,56,0,14,60,5,79,16,0,16,95
10/28/2022,OXC,CT,ANE,EN,Federal Contract Tower,0,8,9,0,17,0,1,72,5,78,0,9,81,5,95,88,2,90,185
10/29/2022,OXC,CT,ANE,EN,Federal Contract Tower,0,6,11,0,17,0,1,96,3,100,0,7,107,3,117,156,6,162,279
10/30/2022,OXC,CT,ANE,EN,Federal Contract Tower,0,7,12,0,19,0,2,75,0,77,0,9,87,0,96,88,0,88,184
10/31/2022,OXC,CT,ANE,EN,Federal Contract Tower,0,7,13,0,20,0,6,27,4,37,0,13,40,4,57,52,0,52,109
11/01/2022,OXC,CT,ANE,EN,Federal Contract Tower,0,5,8,0,13,0,0,0,0,0,0,5,8,0,13,0,0,0,13
11/02/2022,OXC,CT,ANE,EN,Federal Contract Tower,0,7,12,0,19,0,5,75,2,82,0,12,87,2,101,32,20,52,153
11/03/2022,OXC,CT,ANE,EN,Federal Contract Tower,0,11,11,0,22,0,7,64,2,73,0,18,75,2,95,84,0,84,179
11/04/2022,OXC,CT,ANE,EN,Federal Contract Tower,0,8,14,0,22,0,3,36,0,39,0,11,50,0,61,100,20,120,181
11/05/2022,OXC,CT,ANE,EN,Federal Contract Tower,0,3,8,0,11,0,3,32,2,37,0,6,40,2,48,26,0,26,74
11/06/2022,OXC,CT,ANE,EN,Federal Contract Tower,0,11,20,0,31,0,5,15,0,20,0,16,35,0,51,22,0,22,73
11/07/2022,OXC,CT,ANE,EN,Federal Contract Tower,0,5,11,0,16,0,12,31,0,43,0,17,42,0,59,12,8,20,79
11/08/2022,OXC,CT,ANE,EN,Federal Contract Tower,0,6,13,0,19,0,6,27,5,38,0,12,40,5,57,12,2,14,71
11/09/2022,OXC,CT,ANE,EN,Federal Contract Tower,0,7,16,0,23,0,4,65,6,75,0,11,81,6,98,42,26,68,166
11/10/2022,OXC,CT,ANE,EN,Federal Contract Tower,0,4,24,2,30,0,6,48,1,55,0,10,72,3,85,34,2,36,121
11/11/2022,OXC,CT,ANE,EN,Federal Contract Tower,0,5,8,0,13,0,0,4,0,4,0,5,12,0,17,4,0,4,21
11/12/2022,OXC,CT,ANE,EN,Federal Contract Tower,0,15,6,0,21,0,3,37,0,40,0,18,43,0,61,46,0,46,107
11/13/2022,OXC,CT,ANE,EN,Federal Contract Tower,0,17,17,0,34,0,3,17,4,24,0,20,34,4,58,30,0,30,88
11/14/2022,OXC,CT,ANE,EN,Federal Contract Tower,0,8,15,1,24,0,2,38,4,44,0,10,53,5,68,44,12,56,124
11/15/2022,OXC,CT,ANE,EN,Federal Contract Tower,0,4,6,0,10,0,1,36,0,37,0,5,42,0,47,58,0,58,105
11/16/2022,OXC,CT,ANE,EN,Federal Contract Tower,0,7,12,0,19,0,0,0,0,0,0,7,12,0,19,16,0,16,35
11/17/2022,OXC,CT,ANE,EN,Federal Contract Tower,0,7,9,0,16,0,0,25,4,29,0,7,34,4,45,16,0,16,61
11/18/2022,OXC,CT,ANE,EN,Federal Contract Tower,0,8,13,0,21,0,5,43,0,48,0,13,56,0,69,50,0,50,119
11/19/2022,OXC,CT,ANE,EN,Federal Contract Tower,0,11,16,0,27,0,0,48,2,50,0,11,64,2,77,38,0,38,115
11/20/2022,OXC,CT,ANE,EN,Federal Contract Tower,0,4,6,0,10,0,3,8,2,13,0,7,14,2,23,2,0,2,25
11/21/2022,OXC,CT,ANE,EN,Federal Contract Tower,0,3,10,0,13,0,1,36,0,37,0,4,46,0,50,38,0,38,88
11/22/2022,OXC,CT,ANE,EN,Federal Contract Tower,0,11,9,1,21,0,12,64,6,82,0,23,73,7,103,56,6,62,165
11/23/2022,OXC,CT,ANE,EN,Federal Contract Tower,0,7,11,0,18,0,8,64,8,80,0,15,75,8,98,78,8,86,184
11/24/2022,OXC,CT,ANE,EN,Federal Contract Tower,0,2,1,0,3,0,3,17,2,22,0,5,18,2,25,2,0,2,27
11/25/2022,OXC,CT,ANE,EN,Federal Contract Tower,0,2,7,0,9,0,0,3,0,3,0,2,10,0,12,0,0,0,12
11/26/2022,OXC,CT,ANE,EN,Federal Contract Tower,0,10,9,0,19,0,4,50,4,58,0,14,59,4,77,28,0,28,105
11/27/2022,OXC,CT,ANE,EN,Federal Contract Tower,0,11,18,0,29,0,0,23,0,23,0,11,41,0,52,14,28,42,94
11/28/2022,OXC,CT,ANE,EN,Federal Contract Tower,0,19,25,0,44,0,15,24,0,39,0,34,49,0,83,16,0,16,99
11/29/2022,OXC,CT,ANE,EN,Federal Contract Tower,0,5,8,2,15,0,10,47,10,67,0,15,55,12,82,50,20,70,152
11/30/2022,OXC,CT,ANE,EN,Federal Contract Tower,0,3,5,0,8,0,0,0,0,0,0,3,5,0,8,0,0,0,8
12/01/2022,OXC,CT,ANE,EN,Federal Contract Tower,0,5,9,0,14,0,5,14,2,21,0,10,23,2,35,6,6,12,47
12/02/2022,OXC,CT,ANE,EN,Federal Contract Tower,0,5,15,0,20,0,8,69,10,87,0,13,84,10,107,34,20,54,161
12/03/2022,OXC,CT,ANE,EN,Federal Contract Tower,0,7,4,0,11,0,0,0,0,0,0,7,4,0,11,0,0,0,11
12/04/2022,OXC,CT,ANE,EN,Federal Contract Tower,0,8,13,0,21,0,5,67,4,76,0,13,80,4,97,130,18,148,245
12/05/2022,OXC,CT,ANE,EN,Federal Contract Tower,0,10,13,0,23,0,16,46,8,70,0,26,59,8,93,14,2,16,109
12/06/2022,OXC,CT,ANE,EN,Federal Contract Tower,0,7,11,0,18,0,2,2,0,4,0,9,13,0,22,0,0,0,22
12/07/2022,OXC,CT,ANE,EN,Federal Contract Tower,0,3,8,0,11,0,0,0,0,0,0,3,8,0,11,0,0,0,11
12/08/2022,OXC,CT,ANE,EN,Federal Contract Tower,0,9,17,0,26,0,9,47,4,60,0,18,64,4,86,24,2,26,112
12/09/2022,OXC,CT,ANE,EN,Federal Contract Tower,0,3,7,0,10,0,4,57,6,67,0,7,64,6,77,76,16,92,169
12/10/2022,OXC,CT,ANE,EN,Federal Contract Tower,0,1,8,0,9,0,2,59,4,65,0,3,67,4,74,112,2,114,188
12/11/2022,OXC,CT,ANE,EN,Federal Contract Tower,0,9,15,0,24,0,1,0,4,5,0,10,15,4,29,0,0,0,29
12/12/2022,OXC,CT,ANE,EN,Federal Contract Tower,0,7,10,0,17,0,3,15,0,18,0,10,25,0,35,46,0,46,81
12/13/2022,OXC,CT,ANE,EN,Federal Contract Tower,0,6,7,1,14,0,8,52,6,66,0,14,59,7,80,60,10,70,150
12/14/2022,OXC,CT,ANE,EN,Federal Contract Tower,0,6,13,0,19,0,13,32,4,49,0,19,45,4,68,28,0,28,96
12/15/2022,OXC,CT,ANE,EN,Federal Contract Tower,0,13,9,0,22,0,3,13,6,22,0,16,22,6,44,59,4,63,107
12/16/2022,OXC,CT,ANE,EN,Federal Contract Tower,0,18,10,0,28,0,0,0,0,0,0,18,10,0,28,0,0,0,28
12/17/2022,OXC,CT,ANE,EN,Federal Contract Tower,0,10,11,0,21,0,3,24,0,27,0,13,35,0,48,44,0,44,92
12/18/2022,OXC,CT,ANE,EN,Federal Contract Tower,0,12,12,0,24,0,2,46,2,50,0,14,58,2,74,80,0,80,154
12/19/2022,OXC,CT,ANE,EN,Federal Contract Tower,0,3,9,0,12,0,3,19,4,26,0,6,28,4,38,4,0,4,42
12/20/2022,OXC,CT,ANE,EN,Federal Contract Tower,0,8,6,0,14,0,8,39,8,55,0,16,45,8,69,40,0,40,109
12/21/2022,OXC,CT,ANE,EN,Federal Contract Tower,0,8,11,0,19,0,2,60,4,66,0,10,71,4,85,54,6,60,145
12/22/2022,OXC,CT,ANE,EN,Federal Contract Tower,0,12,11,0,23,0,1,5,2,8,0,13,16,2,31,6,0,6,37
12/23/2022,OXC,CT,ANE,EN,Federal Contract Tower,0,1,0,0,1,0,0,0,0,0,0,1,0,0,1,0,0,0,1
12/24/2022,OXC,CT,ANE,EN,Federal Contract Tower,0,6,4,0,10,0,1,4,0,5,0,7,8,0,15,6,0,6,21
12/25/2022,OXC,CT,ANE,EN,Federal Contract Tower,0,6,5,0,11,0,3,3,0,6,0,9,8,0,17,0,0,0,17
12/26/2022,OXC,CT,ANE,EN,Federal Contract Tower,0,8,11,0,19,0,7,39,2,48,0,15,50,2,67,40,0,40,107
12/27/2022,OXC,CT,ANE,EN,Federal Contract Tower,0,9,17,0,26,0,4,46,4,54,0,13,63,4,80,18,0,18,98
12/28/2022,OXC,CT,ANE,EN,Federal Contract Tower,0,5,7,0,12,0,2,62,2,66,0,7,69,2,78,90,0,90,168
12/29/2022,OXC,CT,ANE,EN,Federal Contract Tower,0,5,1,0,6,0,4,63,4,71,0,9,64,4,77,60,4,64,141
12/30/2022,OXC,CT,ANE,EN,Federal Contract Tower,0,8,8,0,16,0,5,64,6,75,0,13,72,6,91,60,16,76,167
12/31/2022,OXC,CT,ANE,EN,Federal Contract Tower,0,1,0,0,1,0,0,0,0,0,0,1,0,0,1,0,0,0,1
01/01/2023,OXC,CT,ANE,EN,Federal Contract Tower,0,9,10,0,19,0,2,26,1,29,0,11,36,1,48,10,4,14,62
01/02/2023,OXC,CT,ANE,EN,Federal Contract Tower,0,9,26,0,35,0,6,58,3,67,0,15,84,3,102,122,0,122,224
01/03/2023,OXC,CT,ANE,EN,Federal Contract Tower,0,3,12,0,15,0,0,0,0,0,0,3,12,0,15,0,0,0,15
01/04/2023,OXC,CT,ANE,EN,Federal Contract Tower,0,7,15,3,25,0,1,5,3,9,0,8,20,6,34,38,0,38,72
01/05/2023,OXC,CT,ANE,EN,Federal Contract Tower,0,3,9,0,12,0,0,0,0,0,0,3,9,0,12,0,0,0,12
01/06/2023,OXC,CT,ANE,EN,Federal Contract Tower,0,5,6,0,11,0,0,0,0,0,0,5,6,0,11,0,0,0,11
01/07/2023,OXC,CT,ANE,EN,Federal Contract Tower,0,5,9,0,14,0,2,50,1,53,0,7,59,1,67,114,4,118,185
01/08/2023,OXC,CT,ANE,EN,Federal Contract Tower,0,4,19,0,23,0,0,91,1,92,0,4,110,1,115,154,20,174,289
01/09/2023,OXC,CT,ANE,EN,Federal Contract Tower,0,0,8,0,8,0,2,13,4,19,0,2,21,4,27,8,0,8,35
01/10/2023,OXC,CT,ANE,EN,Federal Contract Tower,0,2,13,0,15,0,0,31,11,42,0,2,44,11,57,44,0,44,101
01/11/2023,OXC,CT,ANE,EN,Federal Contract Tower,0,5,3,0,8,0,4,41,10,55,0,9,44,10,63,62,0,62,125
01/12/2023,OXC,CT,ANE,EN,Federal Contract Tower,0,1,3,0,4,0,0,0,0,0,0,1,3,0,4,0,0,0,4
01/13/2023,OXC,CT,ANE,EN,Federal Contract Tower,0,14,14,0,28,0,0,0,0,0,0,14,14,0,28,0,0,0,28
01/14/2023,OXC,CT,ANE,EN,Federal Contract Tower,0,7,5,0,12,0,1,4,0,5,0,8,9,0,17,4,0,4,21
01/15/2023,OXC,CT,ANE,EN,Federal Contract Tower,0,7,6,0,13,0,5,33,0,38,0,12,39,0,51,16,0,16,67
01/16/2023,OXC,CT,ANE,EN,Federal Contract Tower,0,8,9,0,17,0,11,34,2,47,0,19,43,2,64,38,6,44,108
01/17/2023,OXC,CT,ANE,EN,Federal Contract Tower,0,6,16,0,22,0,3,44,9,56,0,9,60,9,78,24,2,26,104
01/18/2023,OXC,CT,ANE,EN,Federal Contract Tower,0,7,13,0,20,0,0,31,2,33,0,7,44,2,53,18,2,20,73
01/19/2023,OXC,CT,ANE,EN,Federal Contract Tower,0,7,14,0,21,0,1,2,0,3,0,8,16,0,24,8,0,8,32
01/20/2023,OXC,CT,ANE,EN,Federal Contract Tower,0,4,6,0,10,0,0,0,0,0,0,4,6,0,10,0,0,0,10
01/21/2023,OXC,CT,ANE,EN,Federal Contract Tower,0,4,9,0,13,0,4,63,5,72,0,8,72,5,85,110,12,122,207
01/22/2023,OXC,CT,ANE,EN,Federal Contract Tower,0,4,7,0,11,0,1,9,0,10,0,5,16,0,21,64,0,64,85
01/23/2023,OXC,CT,ANE,EN,Federal Contract Tower,0,11,2,0,13,0,0,0,0,0,0,11,2,0,13,0,0,0,13
01/24/2023,OXC,CT,ANE,EN,Federal Contract Tower,0,5,10,0,15,0,2,25,4,31,0,7,35,4,46,0,4,4,50
01/25/2023,OXC,CT,ANE,EN,Federal Contract Tower,0,4,3,0,7,0,1,7,0,8,0,5,10,0,15,0,0,0,15
01/26/2023,OXC,CT,ANE,EN,Federal Contract Tower,0,5,12,0,17,0,0,3,0,3,0,5,15,0,20,0,0,0,20
01/27/2023,OXC,CT,ANE,EN,Federal Contract Tower,0,8,11,0,19,0,11,44,7,62,0,19,55,7,81,54,0,54,135
01/28/2023,OXC,CT,ANE,EN,Federal Contract Tower,0,3,7,1,11,0,12,53,0,65,0,15,60,1,76,60,0,60,136
01/29/2023,OXC,CT,ANE,EN,Federal Contract Tower,0,8,9,0,17,0,5,62,2,69,0,13,71,2,86,89,6,95,181
01/30/2023,OXC,CT,ANE,EN,Federal Contract Tower,0,5,9,0,14,0,0,32,2,34,0,5,41,2,48,22,0,22,70
01/31/2023,OXC,CT,ANE,EN,Federal Contract Tower,0,5,6,0,11,0,3,29,3,35,0,8,35,3,46,18,0,18,64
02/01/2023,OXC,CT,ANE,EN,Federal Contract Tower,0,3,1,0,4,0,1,48,0,49,0,4,49,0,53,60,0,60,113
02/02/2023,OXC,CT,ANE,EN,Federal Contract Tower,0,4,9,0,13,0,3,29,2,34,0,7,38,2,47,50,0,50,97
02/03/2023,OXC,CT,ANE,EN,Federal Contract Tower,0,11,10,0,21,0,2,8,0,10,0,13,18,0,31,2,0,2,33
02/04/2023,OXC,CT,ANE,EN,Federal Contract Tower,0,2,5,0,7,0,1,25,0,26,0,3,30,0,33,26,0,26,59
02/05/2023,OXC,CT,ANE,EN,Federal Contract Tower,0,8,6,0,14,0,2,29,0,31,0,10,35,0,45,60,0,60,105
02/06/2023,OXC,CT,ANE,EN,Federal Contract Tower,0,5,14,0,19,0,0,22,0,22,0,5,36,0,41,8,0,8,49
02/07/2023,OXC,CT,ANE,EN,Federal Contract Tower,0,7,15,0,22,0,4,54,2,60,0,11,69,2,82,14,0,14,96
02/08/2023,OXC,CT,ANE,EN,Federal Contract Tower,0,7,17,0,24,0,5,51,0,56,0,12,68,0,80,24,0,24,104
02/09/2023,OXC,CT,ANE,EN,Federal Contract Tower,0,11,11,2,24,0,4,23,1,28,0,15,34,3,52,64,0,64,116
02/10/2023,OXC,CT,ANE,EN,Federal Contract Tower,0,7,3,0,10,0,3,21,2,26,0,10,24,2,36,0,0,0,36
02/11/2023,OXC,CT,ANE,EN,Federal Contract Tower,0,7,2,0,9,0,1,54,1,56,0,8,56,1,65,48,2,50,115
02/12/2023,OXC,CT,ANE,EN,Federal Contract Tower,0,4,5,0,9,0,7,53,4,64,0,11,58,4,73,84,10,94,167
02/13/2023,OXC,CT,ANE,EN,Federal Contract Tower,0,11,11,0,22,0,3,32,6,41,0,14,43,6,63,24,6,30,93
02/14/2023,OXC,CT,ANE,EN,Federal Contract Tower,0,7,2,0,9,0,0,38,0,38,0,7,40,0,47,46,0,46,93
02/15/2023,OXC,CT,ANE,EN,Federal Contract Tower,0,4,4,0,8,0,5,51,0,56,0,9,55,0,64,46,0,46,110
02/16/2023,OXC,CT,ANE,EN,Federal Contract Tower,0,9,8,0,17,0,7,32,0,39,0,16,40,0,56,64,0,64,120
02/17/2023,OXC,CT,ANE,EN,Federal Contract Tower,0,9,7,0,16,0,0,0,0,0,0,9,7,0,16,0,0,0,16
02/18/2023,OXC,CT,ANE,EN,Federal Contract Tower,0,3,3,0,6,0,1,63,1,65,0,4,66,1,71,88,0,88,159
02/19/2023,OXC,CT,ANE,EN,Federal Contract Tower,0,9,9,0,18,0,1,54,0,55,0,10,63,0,73,78,0,78,151
02/20/2023,OXC,CT,ANE,EN,Federal Contract Tower,0,10,8,0,18,0,2,20,2,24,0,12,28,2,42,32,0,32,74
02/21/2023,OXC,CT,ANE,EN,Federal Contract Tower,0,19,4,0,23,0,0,0,0,0,0,19,4,0,23,0,0,0,23
02/22/2023,OXC,CT,ANE,EN,Federal Contract Tower,0,11,8,0,19,0,4,34,2,40,0,15,42,2,59,44,2,46,105
02/23/2023,OXC,CT,ANE,EN,Federal Contract Tower,0,11,5,0,16,0,0,0,0,0,0,11,5,0,16,0,0,0,16
02/24/2023,OXC,CT,ANE,EN,Federal Contract Tower,0,10,4,0,14,0,2,6,0,8,0,12,10,0,22,0,0,0,22
02/25/2023,OXC,CT,ANE,EN,Federal Contract Tower,0,0,5,1,6,0,0,8,0,8,0,0,13,1,14,0,0,0,14
02/26/2023,OXC,CT,ANE,EN,Federal Contract Tower,0,13,8,0,21,0,2,7,0,9,0,15,15,0,30,20,0,20,50
02/27/2023,OXC,CT,ANE,EN,Federal Contract Tower,0,9,9,0,18,0,3,39,0,42,0,12,48,0,60,138,0,138,198
02/28/2023,OXC,CT,ANE,EN,Federal Contract Tower,0,5,4,0,9,0,0,0,0,0,0,5,4,0,9,0,0,0,9
03/01/2023,OXC,CT,ANE,EN,Federal Contract Tower,0,10,14,0,24,0,1,38,2,41,0,11,52,2,65,94,0,94,159
03/02/2023,OXC,CT,ANE,EN,Federal Contract Tower,0,6,11,0,17,0,0,0,0,0,0,6,11,0,17,0,0,0,17
03/03/2023,OXC,CT,ANE,EN,Federal Contract Tower,0,5,16,2,23,0,3,51,0,54,0,8,67,2,77,52,0,52,129
03/04/2023,OXC,CT,ANE,EN,Federal Contract Tower,0,2,3,0,5,0,0,1,0,1,0,2,4,0,6,0,0,0,6
03/05/2023,OXC,CT,ANE,EN,Federal Contract Tower,0,14,8,0,22,0,4,63,3,70,0,18,71,3,92,72,0,72,164
03/06/2023,OXC,CT,ANE,EN,Federal Contract Tower,0,11,11,0,22,0,2,19,0,21,0,13,30,0,43,18,0,18,61
03/07/2023,OXC,CT,ANE,EN,Federal Contract Tower,0,10,3,0,13,0,4,7,0,11,0,14,10,0,24,10,0,10,34
03/08/2023,OXC,CT,ANE,EN,Federal Contract Tower,0,6,13,0,19,0,9,16,4,29,0,15,29,4,48,4,0,4,52
03/09/2023,OXC,CT,ANE,EN,Federal Contract Tower,0,4,11,0,15,0,0,53,4,57,0,4,64,4,72,120,0,120,192
03/10/2023,OXC,CT,ANE,EN,Federal Contract Tower,0,3,13,0,16,0,4,52,3,59,0,7,65,3,75,70,0,70,145
03/11/2023,OXC,CT,ANE,EN,Federal Contract Tower,0,2,2,0,4,0,0,6,0,6,0,2,8,0,10,74,0,74,84
03/12/2023,OXC,CT,ANE,EN,Federal Contract Tower,0,11,16,0,27,0,2,65,1,68,0,13,81,1,95,94,0,94,189
03/13/2023,OXC,CT,ANE,EN,Federal Contract Tower,0,4,4,0,8,0,0,0,0,0,0,4,4,0,8,0,0,0,8
03/14/2023,OXC,CT,ANE,EN,Federal Contract Tower,0,0,2,0,2,0,0,0,0,0,0,0,2,0,2,0,0,0,2
03/15/2023,OXC,CT,ANE,EN,Federal Contract Tower,0,5,5,0,10,0,4,1,2,7,0,9,6,2,17,0,0,0,17
03/16/2023,OXC,CT,ANE,EN,Federal Contract Tower,0,9,18,0,27,0,5,70,0,75,0,14,88,0,102,124,0,124,226
03/17/2023,OXC,CT,ANE,EN,Federal Contract Tower,0,14,11,2,27,0,3,69,4,76,0,17,80,6,103,158,2,160,263
03/18/2023,OXC,CT,ANE,EN,Federal Contract Tower,0,6,13,0,19,0,1,53,0,54,0,7,66,0,73,110,0,110,183
03/19/2023,OXC,CT,ANE,EN,Federal Contract Tower,0,4,11,0,15,0,2,22,0,24,0,6,33,0,39,14,0,14,53
03/20/2023,OXC,CT,ANE,EN,Federal Contract Tower,0,4,10,0,14,0,5,38,0,43,0,9,48,0,57,52,0,52,109
03/21/2023,OXC,CT,ANE,EN,Federal Contract Tower,0,1,4,0,5,0,8,70,9,87,0,9,74,9,92,56,0,56,148
03/22/2023,OXC,CT,ANE,EN,Federal Contract Tower,0,4,9,0,13,0,1,75,8,84,0,5,84,8,97,60,0,60,157
03/23/2023,OXC,CT,ANE,EN,Federal Contract Tower,0,10,7,0,17,0,1,0,0,1,0,11,7,0,18,2,0,2,20
03/24/2023,OXC,CT,ANE,EN,Federal Contract Tower,0,7,17,0,24,0,2,63,0,65,0,9,80,0,89,120,0,120,209
03/25/2023,OXC,CT,ANE,EN,Federal Contract Tower,0,1,1,0,2,0,0,0,0,0,0,1,1,0,2,0,0,0,2
03/26/2023,OXC,CT,ANE,EN,Federal Contract Tower,0,6,9,0,15,0,2,27,0,29,0,8,36,0,44,16,0,16,60
03/27/2023,OXC,CT,ANE,EN,Federal Contract Tower,0,11,9,1,21,0,6,64,9,79,0,17,73,10,100,56,0,56,156
03/28/2023,OXC,CT,ANE,EN,Federal Contract Tower,0,8,12,0,20,0,3,24,2,29,0,11,36,2,49,48,2,50,99
03/29/2023,OXC,CT,ANE,EN,Federal Contract Tower,0,3,9,2,14,0,5,74,15,94,0,8,83,17,108,62,8,70,178
03/30/2023,OXC,CT,ANE,EN,Federal Contract Tower,0,5,14,0,19,0,1,25,2,28,0,6,39,2,47,4,0,4,51
03/31/2023,OXC,CT,ANE,EN,Federal Contract Tower,0,8,12,0,20,0,2,37,0,39,0,10,49,0,59,40,0,40,99
04/01/2023,OXC,CT,ANE,EN,Federal Contract Tower,0,7,4,0,11,0,1,0,0,1,0,8,4,0,12,0,0,0,12
04/02/2023,OXC,CT,ANE,EN,Federal Contract Tower,0,12,9,0,21,0,5,17,0,22,0,17,26,0,43,22,0,22,65
04/03/2023,OXC,CT,ANE,EN,Federal Contract Tower,0,10,11,0,21,0,2,18,2,22,0,12,29,2,43,38,0,38,81
04/04/2023,OXC,CT,ANE,EN,Federal Contract Tower,0,8,14,2,24,0,6,63,4,73,0,14,77,6,97,124,6,130,227
04/06/2023,OXC,CT,ANE,EN,Federal Contract Tower,0,10,15,0,25,0,1,10,2,13,0,11,25,2,38,0,0,0,38
04/07/2023,OXC,CT,ANE,EN,Federal Contract Tower,0,5,15,0,20,0,3,40,0,43,0,8,55,0,63,30,0,30,93
04/08/2023,OXC,CT,ANE,EN,Federal Contract Tower,0,4,14,0,18,0,9,84,2,95,0,13,98,2,113,68,0,68,181
04/09/2023,OXC,CT,ANE,EN,Federal Contract Tower,0,4,6,0,10,0,4,59,0,63,0,8,65,0,73,50,0,50,123
04/10/2023,OXC,CT,ANE,EN,Federal Contract Tower,0,5,13,0,18,0,0,70,1,71,0,5,83,1,89,134,1,135,224
04/11/2023,OXC,CT,ANE,EN,Federal Contract Tower,0,4,4,0,8,0,3,22,2,27,0,7,26,2,35,4,0,4,39
04/12/2023,OXC,CT,ANE,EN,Federal Contract Tower,0,2,8,0,10,0,2,28,2,32,0,4,36,2,42,32,0,32,74
04/13/2023,OXC,CT,ANE,EN,Federal Contract Tower,0,9,11,0,20,0,3,54,0,57,0,12,65,0,77,98,0,98,175
04/14/2023,OXC,CT,ANE,EN,Federal Contract Tower,0,4,10,0,14,0,2,74,2,78,0,6,84,2,92,66,0,66,158
04/15/2023,OXC,CT,ANE,EN,Federal Contract Tower,0,12,20,0,32,0,6,27,2,35,0,18,47,2,67,18,0,18,85
04/16/2023,OXC,CT,ANE,EN,Federal Contract Tower,0,9,20,0,29,0,0,0,0,0,0,9,20,0,29,0,0,0,29
04/17/2023,OXC,CT,ANE,EN,Federal Contract Tower,0,5,11,0,16,0,1,3,0,4,0,6,14,0,20,0,0,0,20
04/18/2023,OXC,CT,ANE,EN,Federal Contract Tower,0,1,11,0,12,0,4,22,2,28,0,5,33,2,40,20,2,22,62
04/19/2023,OXC,CT,ANE,EN,Federal Contract Tower,0,7,4,0,11,0,10,36,1,47,0,17,40,1,58,92,0,92,150
04/20/2023,OXC,CT,ANE,EN,Federal Contract Tower,0,7,15,0,22,0,17,70,0,87,0,24,85,0,109,140,14,154,263
04/21/2023,OXC,CT,ANE,EN,Federal Contract Tower,0,8,8,0,16,0,13,75,2,90,0,21,83,2,106,168,12,180,286
04/22/2023,OXC,CT,ANE,EN,Federal Contract Tower,0,9,9,0,18,0,0,2,0,2,0,9,11,0,20,0,0,0,20
04/23/2023,OXC,CT,ANE,EN,Federal Contract Tower,0,11,15,0,26,0,0,5,0,5,0,11,20,0,31,20,0,20,51
04/24/2023,OXC,CT,ANE,EN,Federal Contract Tower,0,6,9,0,15,0,6,53,5,64,0,12,62,5,79,82,0,82,161
04/25/2023,OXC,CT,ANE,EN,Federal Contract Tower,0,6,9,0,15,0,7,43,2,52,0,13,52,2,67,126,0,126,193
04/26/2023,OXC,CT,ANE,EN,Federal Contract Tower,0,8,6,0,14,0,19,44,0,63,0,27,50,0,77,168,6,174,251
04/27/2023,OXC,CT,ANE,EN,Federal Contract Tower,0,24,14,0,38,0,0,3,0,3,0,24,17,0,41,42,0,42,83
04/28/2023,OXC,CT,ANE,EN,Federal Contract Tower,0,8,10,0,18,0,6,22,2,30,0,14,32,2,48,36,0,36,84
04/29/2023,OXC,CT,ANE,EN,Federal Contract Tower,0,10,6,0,16,0,0,1,0,1,0,10,7,0,17,0,0,0,17
04/30/2023,OXC,CT,ANE,EN,Federal Contract Tower,0,8,2,0,10,0,0,0,0,0,0,8,2,0,10,0,0,0,10
05/01/2023,OXC,CT,ANE,EN,Federal Contract Tower,0,13,14,0,27,0,4,22,0,26,0,17,36,0,53,6,0,6,59
05/02/2023,OXC,CT,ANE,EN,Federal Contract Tower,0,8,13,0,21,0,7,12,0,19,0,15,25,0,40,62,0,62,102
05/03/2023,OXC,CT,ANE,EN,Federal Contract Tower,0,7,16,0,23,0,1,36,0,37,0,8,52,0,60,184,0,184,244
05/04/2023,OXC,CT,ANE,EN,Federal Contract Tower,0,11,17,0,28,0,0,17,2,19,0,11,34,2,47,66,0,66,113
05/05/2023,OXC,CT,ANE,EN,Federal Contract Tower,0,8,16,0,24,0,4,45,0,49,0,12,61,0,73,86,0,86,159
05/06/2023,OXC,CT,ANE,EN,Federal Contract Tower,0,1,10,0,11,0,1,101,1,103,0,2,111,1,114,142,0,142,256
05/07/2023,OXC,CT,ANE,EN,Federal Contract Tower,0,6,12,0,18,0,8,67,0,75,0,14,79,0,93,124,0,124,217
05/08/2023,OXC,CT,ANE,EN,Federal Contract Tower,0,8,7,0,15,0,17,25,0,42,0,25,32,0,57,38,0,38,95
05/09/2023,OXC,CT,ANE,EN,Federal Contract Tower,0,2,20,0,22,0,16,68,0,84,0,18,88,0,106,116,0,116,222
05/10/2023,OXC,CT,ANE,EN,Federal Contract Tower,0,6,15,0,21,0,12,67,6,85,0,18,82,6,106,102,0,102,208
05/11/2023,OXC,CT,ANE,EN,Federal Contract Tower,0,5,13,0,18,0,20,69,7,96,0,25,82,7,114,84,6,90,204
05/12/2023,OXC,CT,ANE,EN,Federal Contract Tower,0,10,12,0,22,0,12,57,0,69,0,22,69,0,91,80,0,80,171
05/13/2023,OXC,CT,ANE,EN,Federal Contract Tower,0,9,8,0,17,0,11,60,0,71,0,20,68,0,88,138,0,138,226
05/14/2023,OXC,CT,ANE,EN,Federal Contract Tower,0,8,16,0,24,0,6,46,5,57,0,14,62,5,81,24,0,24,105
05/15/2023,OXC,CT,ANE,EN,Federal Contract Tower,0,3,11,0,14,0,17,64,0,81,0,20,75,0,95,66,0,66,161
05/16/2023,OXC,CT,ANE,EN,Federal Contract Tower,0,6,8,0,14,0,21,44,4,69,0,27,52,4,83,58,18,76,159
05/17/2023,OXC,CT,ANE,EN,Federal Contract Tower,0,1,11,0,12,0,21,24,9,54,0,22,35,9,66,20,6,26,92
05/18/2023,OXC,CT,ANE,EN,Federal Contract Tower,0,3,11,0,14,0,6,82,3,91,0,9,93,3,105,128,0,128,233
05/19/2023,OXC,CT,ANE,EN,Federal Contract Tower,0,7,15,0,22,0,4,69,1,74,0,11,84,1,96,64,4,68,164
05/20/2023,OXC,CT,ANE,EN,Federal Contract Tower,0,3,7,0,10,0,0,0,0,0,0,3,7,0,10,0,0,0,10
05/21/2023,OXC,CT,ANE,EN,Federal Contract Tower,0,6,26,0,32,0,2,71,0,73,0,8,97,0,105,42,0,42,147
05/22/2023,OXC,CT,ANE,EN,Federal Contract Tower,0,7,12,0,19,0,0,53,0,53,0,7,65,0,72,139,0,139,211
05/23/2023,OXC,CT,ANE,EN,Federal Contract Tower,0,4,12,0,16,0,5,52,4,61,0,9,64,4,77,134,0,134,211
05/24/2023,OXC,CT,ANE,EN,Federal Contract Tower,0,10,7,0,17,0,7,67,0,74,0,17,74,0,91,90,0,90,181
05/25/2023,OXC,CT,ANE,EN,Federal Contract Tower,0,5,15,0,20,0,11,69,1,81,0,16,84,1,101,126,8,134,235
05/26/2023,OXC,CT,ANE,EN,Federal Contract Tower,0,8,12,0,20,0,6,85,2,93,0,14,97,2,113,80,4,84,197
05/27/2023,OXC,CT,ANE,EN,Federal Contract Tower,0,2,10,0,12,0,0,83,1,84,0,2,93,1,96,118,0,118,214
05/28/2023,OXC,CT,ANE,EN,Federal Contract Tower,0,5,18,0,23,0,1,69,2,72,0,6,87,2,95,110,2,112,207
05/29/2023,OXC,CT,ANE,EN,Federal Contract Tower,0,4,8,0,12,0,4,31,2,37,0,8,39,2,49,10,0,10,59
05/30/2023,OXC,CT,ANE,EN,Federal Contract Tower,0,7,6,0,13,0,3,61,4,68,0,10,67,4,81,152,6,158,239
05/31/2023,OXC,CT,ANE,EN,Federal Contract Tower,0,7,9,2,18,0,28,61,2,91,0,35,70,4,109,122,0,122,231
06/01/2023,OXC,CT,ANE,EN,Federal Contract Tower,0,4,12,0,16,0,7,69,2,78,0,11,81,2,94,66,0,66,160
06/02/2023,OXC,CT,ANE,EN,Federal Contract Tower,0,1,8,0,9,0,5,37,0,42,0,6,45,0,51,8,0,8,59
06/03/2023,OXC,CT,ANE,EN,Federal Contract Tower,0,10,29,0,39,0,0,11,0,11,0,10,40,0,50,34,0,34,84
06/04/2023,OXC,CT,ANE,EN,Federal Contract Tower,0,4,15,0,19,0,2,68,0,70,0,6,83,0,89,200,0,200,289
06/05/2023,OXC,CT,ANE,EN,Federal Contract Tower,0,7,8,0,15,0,11,42,0,53,0,18,50,0,68,28,0,28,96
06/06/2023,OXC,CT,ANE,EN,Federal Contract Tower,0,14,26,0,40,0,2,12,0,14,0,16,38,0,54,18,0,18,72
06/07/2023,OXC,CT,ANE,EN,Federal Contract Tower,0,14,22,0,36,0,5,18,0,23,0,19,40,0,59,4,0,4,63
06/08/2023,OXC,CT,ANE,EN,Federal Contract Tower,0,10,11,0,21,0,6,22,0,28,0,16,33,0,49,98,0,98,147
06/09/2023,OXC,CT,ANE,EN,Federal Contract Tower,0,9,15,0,24,0,2,49,2,53,0,11,64,2,77,110,10,120,197
06/10/2023,OXC,CT,ANE,EN,Federal Contract Tower,0,1,9,0,10,0,1,105,5,111,0,2,114,5,121,146,16,162,283
06/11/2023,OXC,CT,ANE,EN,Federal Contract Tower,0,13,15,0,28,0,6,82,2,90,0,19,97,2,118,122,0,122,240
06/12/2023,OXC,CT,ANE,EN,Federal Contract Tower,0,2,15,0,17,0,1,12,0,13,0,3,27,0,30,8,0,8,38
06/13/2023,OXC,CT,ANE,EN,Federal Contract Tower,0,19,12,0,31,0,1,22,0,23,0,20,34,0,54,82,0,82,136
06/14/2023,OXC,CT,ANE,EN,Federal Contract Tower,0,8,9,0,17,0,17,43,0,60,0,25,52,0,77,28,0,28,105
06/15/2023,OXC,CT,ANE,EN,Federal Contract Tower,0,10,12,0,22,0,6,47,4,57,0,16,59,4,79,126,4,130,209
06/16/2023,OXC,CT,ANE,EN,Federal Contract Tower,0,13,17,0,30,0,7,34,0,41,0,20,51,0,71,62,0,62,133
06/17/2023,OXC,CT,ANE,EN,Federal Contract Tower,0,4,9,0,13,0,5,7,2,14,0,9,16,2,27,14,0,14,41
06/18/2023,OXC,CT,ANE,EN,Federal Contract Tower,0,8,15,0,23,0,4,57,2,63,0,12,72,2,86,96,0,96,182
06/19/2023,OXC,CT,ANE,EN,Federal Contract Tower,0,9,14,0,23,0,9,64,3,76,0,18,78,3,99,184,0,184,283
06/20/2023,OXC,CT,ANE,EN,Federal Contract Tower,0,5,10,0,15,0,11,54,0,65,0,16,64,0,80,120,0,120,200
06/21/2023,OXC,CT,ANE,EN,Federal Contract Tower,0,15,8,0,23,0,12,53,6,71,0,27,61,6,94,110,4,114,208
06/22/2023,OXC,CT,ANE,EN,Federal Contract Tower,0,16,14,0,30,0,9,17,4,30,0,25,31,4,60,30,0,30,90
06/23/2023,OXC,CT,ANE,EN,Federal Contract Tower,0,12,15,0,27,0,0,0,0,0,0,12,15,0,27,0,0,0,27
06/24/2023,OXC,CT,ANE,EN,Federal Contract Tower,0,7,16,0,23,0,0,0,0,0,0,7,16,0,23,0,0,0,23
06/25/2023,OXC,CT,ANE,EN,Federal Contract Tower,0,13,13,0,26,0,1,28,2,31,0,14,41,2,57,48,0,48,105
06/26/2023,OXC,CT,ANE,EN,Federal Contract Tower,0,8,10,0,18,0,1,2,0,3,0,9,12,0,21,8,0,8,29
06/27/2023,OXC,CT,ANE,EN,Federal Contract Tower,0,10,11,0,21,0,0,3,0,3,0,10,14,0,24,6,0,6,30
06/28/2023,OXC,CT,ANE,EN,Federal Contract Tower,0,22,11,0,33,0,1,17,0,18,0,23,28,0,51,50,0,50,101
06/29/2023,OXC,CT,ANE,EN,Federal Contract Tower,0,11,18,2,31,0,10,53,4,67,0,21,71,6,98,192,14,206,304
06/30/2023,OXC,CT,ANE,EN,Federal Contract Tower,0,26,22,0,48,0,2,13,2,17,0,28,35,2,65,92,0,92,157
07/01/2023,OXC,CT,ANE,EN,Federal Contract Tower,0,15,12,0,27,0,22,26,2,50,0,37,38,2,77,46,0,46,123
07/02/2023,OXC,CT,ANE,EN,Federal Contract Tower,0,14,6,0,20,0,0,2,0,2,0,14,8,0,22,0,0,0,22
07/03/2023,OXC,CT,ANE,EN,Federal Contract Tower,0,8,13,0,21,0,4,58,1,63,0,12,71,1,84,88,0,88,172
07/04/2023,OXC,CT,ANE,EN,Federal Contract Tower,0,8,9,0,17,0,1,11,0,12,0,9,20,0,29,10,0,10,39
07/05/2023,OXC,CT,ANE,EN,Federal Contract Tower,0,8,13,0,21,0,10,88,0,98,0,18,101,0,119,142,0,142,261
07/06/2023,OXC,CT,ANE,EN,Federal Contract Tower,0,9,13,0,22,0,11,67,10,88,0,20,80,10,110,176,0,176,286
07/07/2023,OXC,CT,ANE,EN,Federal Contract Tower,0,11,17,0,28,0,3,49,0,52,0,14,66,0,80,132,0,132,212
07/08/2023,OXC,CT,ANE,EN,Federal Contract Tower,0,22,13,0,35,0,2,18,0,20,0,24,31,0,55,38,0,38,93
07/09/2023,OXC,CT,ANE,EN,Federal Contract Tower,0,17,13,0,30,0,0,5,0,5,0,17,18,0,35,0,0,0,35
07/10/2023,OXC,CT,ANE,EN,Federal Contract Tower,0,9,10,0,19,0,4,6,0,10,0,13,16,0,29,6,0,6,35
07/11/2023,OXC,CT,ANE,EN,Federal Contract Tower,0,4,11,0,15,0,4,93,4,101,0,8,104,4,116,104,0,104,220
07/12/2023,OXC,CT,ANE,EN,Federal Contract Tower,0,3,9,0,12,0,5,96,8,109,0,8,105,8,121,102,4,106,227
07/13/2023,OXC,CT,ANE,EN,Federal Contract Tower,0,7,8,0,15,0,9,54,2,65,0,16,62,2,80,100,0,100,180
07/14/2023,OXC,CT,ANE,EN,Federal Contract Tower,0,9,12,0,21,0,3,13,2,18,0,12,25,2,39,14,0,14,53
07/15/2023,OXC,CT,ANE,EN,Federal Contract Tower,0,11,17,0,28,0,1,31,0,32,0,12,48,0,60,110,0,110,170
07/16/2023,OXC,CT,ANE,EN,Federal Contract Tower,0,19,6,0,25,0,0,0,0,0,0,19,6,0,25,0,0,0,25
07/17/2023,OXC,CT,ANE,EN,Federal Contract Tower,0,10,21,0,31,0,6,72,1,79,0,16,93,1,110,162,0,162,272
07/18/2023,OXC,CT,ANE,EN,Federal Contract Tower,0,16,15,1,32,0,10,6,0,16,0,26,21,1,48,18,0,18,66
07/19/2023,OXC,CT,ANE,EN,Federal Contract Tower,0,5,10,0,15,0,9,86,3,98,0,14,96,3,113,116,0,116,229
07/20/2023,OXC,CT,ANE,EN,Federal Contract Tower,0,12,6,0,18,0,12,107,1,120,0,24,113,1,138,104,0,104,242
07/21/2023,OXC,CT,ANE,EN,Federal Contract Tower,0,16,7,0,23,0,0,2,0,2,0,16,9,0,25,0,0,0,25
07/22/2023,OXC,CT,ANE,EN,Federal Contract Tower,0,6,11,0,17,0,15,105,1,121,0,21,116,1,138,148,4,152,290
07/23/2023,OXC,CT,ANE,EN,Federal Contract Tower,0,9,11,0,20,0,12,98,0,110,0,21,109,0,130,112,0,112,242
07/24/2023,OXC,CT,ANE,EN,Federal Contract Tower,0,10,13,0,23,0,7,52,0,59,0,17,65,0,82,76,0,76,158
07/25/2023,OXC,CT,ANE,EN,Federal Contract Tower,0,7,12,0,19,0,4,33,0,37,0,11,45,0,56,66,0,66,122
07/26/2023,OXC,CT,ANE,EN,Federal Contract Tower,0,17,10,0,27,0,5,48,3,56,0,22,58,3,83,106,0,106,189
07/27/2023,OXC,CT,ANE,EN,Federal Contract Tower,0,20,7,0,27,0,19,9,0,28,0,39,16,0,55,22,0,22,77
07/28/2023,OXC,CT,ANE,EN,Federal Contract Tower,0,12,9,0,21,0,16,75,9,100,0,28,84,9,121,98,0,98,219
07/29/2023,OXC,CT,ANE,EN,Federal Contract Tower,0,12,8,0,20,0,8,21,0,29,0,20,29,0,49,38,0,38,87
07/30/2023,OXC,CT,ANE,EN,Federal Contract Tower,0,10,20,0,30,0,11,89,2,102,0,21,109,2,132,184,0,184,316
07/31/2023,OXC,CT,ANE,EN,Federal Contract Tower,0,5,5,0,10,0,6,53,1,60,0,11,58,1,70,96,0,96,166
08/01/2023,OXC,CT,ANE,EN,Federal Contract Tower,0,1,8,0,9,0,2,85,2,89,0,3,93,2,98,144,0,144,242
08/02/2023,OXC,CT,ANE,EN,Federal Contract Tower,0,8,8,0,16,0,6,67,2,75,0,14,75,2,91,148,10,158,249
08/03/2023,OXC,CT,ANE,EN,Federal Contract Tower,0,6,15,0,21,0,12,64,2,78,0,18,79,2,99,110,4,114,213
08/04/2023,OXC,CT,ANE,EN,Federal Contract Tower,0,15,7,0,22,0,1,15,0,16,0,16,22,0,38,44,0,44,82
08/05/2023,OXC,CT,ANE,EN,Federal Contract Tower,0,9,6,0,15,0,6,89,4,99,0,15,95,4,114,152,0,152,266
08/06/2023,OXC,CT,ANE,EN,Federal Contract Tower,0,10,9,0,19,0,12,94,4,110,0,22,103,4,129,110,0,110,239
08/07/2023,OXC,CT,ANE,EN,Federal Contract Tower,0,21,10,0,31,0,0,0,0,0,0,21,10,0,31,0,0,0,31
08/08/2023,OXC,CT,ANE,EN,Federal Contract Tower,0,7,11,0,18,0,1,8,0,9,0,8,19,0,27,10,0,10,37
08/09/2023,OXC,CT,ANE,EN,Federal Contract Tower,0,5,9,1,15,0,16,66,1,83,0,21,75,2,98,62,0,62,160
08/10/2023,OXC,CT,ANE,EN,Federal Contract Tower,0,14,12,0,26,0,9,34,2,45,0,23,46,2,71,30,0,30,101
08/11/2023,OXC,CT,ANE,EN,Federal Contract Tower,0,4,12,0,16,0,10,56,4,70,0,14,68,4,86,92,0,92,178
08/12/2023,OXC,CT,ANE,EN,Federal Contract Tower,0,7,8,0,15,0,9,53,0,62,0,16,61,0,77,34,0,34,111
08/13/2023,OXC,CT,ANE,EN,Federal Contract Tower,0,9,8,0,17,0,3,41,3,47,0,12,49,3,64,56,0,56,120
08/14/2023,OXC,CT,ANE,EN,Federal Contract Tower,0,5,10,0,15,1,8,60,0,69,1,13,70,0,84,68,2,70,154
08/15/2023,OXC,CT,ANE,EN,Federal Contract Tower,0,9,29,0,38,0,0,0,0,0,0,9,29,0,38,0,0,0,38
08/16/2023,OXC,CT,ANE,EN,Federal Contract Tower,0,19,37,0,56,0,1,10,0,11,0,20,47,0,67,34,6,40,107
08/17/2023,OXC,CT,ANE,EN,Federal Contract Tower,0,20,14,0,34,0,0,3,0,3,0,20,17,0,37,0,0,0,37
08/18/2023,OXC,CT,ANE,EN,Federal Contract Tower,0,10,8,0,18,0,10,29,4,43,0,20,37,4,61,32,0,32,93
08/19/2023,OXC,CT,ANE,EN,Federal Contract Tower,0,4,11,0,15,0,8,52,2,62,0,12,63,2,77,122,0,122,199
08/20/2023,OXC,CT,ANE,EN,Federal Contract Tower,0,8,13,0,21,0,7,57,9,73,0,15,70,9,94,96,12,108,202
08/21/2023,OXC,CT,ANE,EN,Federal Contract Tower,0,9,10,0,19,0,2,61,1,64,0,11,71,1,83,96,0,96,179
08/22/2023,OXC,CT,ANE,EN,Federal Contract Tower,0,11,2,0,13,0,7,55,0,62,0,18,57,0,75,130,0,130,205
08/23/2023,OXC,CT,ANE,EN,Federal Contract Tower,0,4,11,0,15,0,15,104,8,127,0,19,115,8,142,84,6,90,232
08/24/2023,OXC,CT,ANE,EN,Federal Contract Tower,0,11,10,0,21,0,4,35,0,39,0,15,45,0,60,8,0,8,68
08/25/2023,OXC,CT,ANE,EN,Federal Contract Tower,0,17,16,0,33,0,0,0,0,0,0,17,16,0,33,0,0,0,33
08/26/2023,OXC,CT,ANE,EN,Federal Contract Tower,0,3,9,0,12,0,3,38,2,43,0,6,47,2,55,78,0,78,133
08/27/2023,OXC,CT,ANE,EN,Federal Contract Tower,0,12,1,0,13,0,2,60,2,64,0,14,61,2,77,92,0,92,169
08/28/2023,OXC,CT,ANE,EN,Federal Contract Tower,0,19,13,0,32,0,3,32,1,36,0,22,45,1,68,48,8,56,124
08/29/2023,OXC,CT,ANE,EN,Federal Contract Tower,0,7,10,0,17,0,1,9,0,10,0,8,19,0,27,26,0,26,53
08/30/2023,OXC,CT,ANE,EN,Federal Contract Tower,0,14,12,2,28,0,9,17,2,28,0,23,29,4,56,110,2,112,168
08/31/2023,OXC,CT,ANE,EN,Federal Contract Tower,0,8,17,0,25,0,23,39,2,64,0,31,56,2,89,72,0,72,161
