01/01/2020,OXR,CA,AWP,WE,Federal Contract Tower,0,0,5,0,5,0,2,47,0,49,0,2,52,0,54,118,0,118,172
01/02/2020,OXR,CA,AWP,WE,Federal Contract Tower,0,2,2,0,4,0,4,54,0,58,0,6,56,0,62,162,0,162,224
01/03/2020,OXR,CA,AWP,WE,Federal Contract Tower,0,5,13,0,18,0,11,94,0,105,0,16,107,0,123,174,0,174,297
01/04/2020,OXR,CA,AWP,WE,Federal Contract Tower,0,0,13,0,13,0,4,94,0,98,0,4,107,0,111,232,0,232,343
01/05/2020,OXR,CA,AWP,WE,Federal Contract Tower,0,0,12,0,12,0,6,84,0,90,0,6,96,0,102,222,0,222,324
01/06/2020,OXR,CA,AWP,WE,Federal Contract Tower,0,2,6,0,8,0,8,38,0,46,0,10,44,0,54,54,0,54,108
01/07/2020,OXR,CA,AWP,WE,Federal Contract Tower,0,4,19,0,23,0,10,63,2,75,0,14,82,2,98,168,12,180,278
01/08/2020,OXR,CA,AWP,WE,Federal Contract Tower,0,2,10,0,12,0,6,65,0,71,0,8,75,0,83,104,0,104,187
01/09/2020,OXR,CA,AWP,WE,Federal Contract Tower,0,2,14,0,16,0,5,38,0,43,0,7,52,0,59,88,0,88,147
01/10/2020,OXR,CA,AWP,WE,Federal Contract Tower,0,4,9,0,13,0,11,92,0,103,0,15,101,0,116,80,0,80,196
01/11/2020,OXR,CA,AWP,WE,Federal Contract Tower,0,0,5,0,5,0,2,113,0,115,0,2,118,0,120,218,0,218,338
01/12/2020,OXR,CA,AWP,WE,Federal Contract Tower,0,2,22,0,24,0,3,83,0,86,0,5,105,0,110,176,0,176,286
01/13/2020,OXR,CA,AWP,WE,Federal Contract Tower,0,5,17,0,22,0,4,73,0,77,0,9,90,0,99,128,0,128,227
01/14/2020,OXR,CA,AWP,WE,Federal Contract Tower,0,2,10,0,12,0,8,65,0,73,0,10,75,0,85,150,0,150,235
01/15/2020,OXR,CA,AWP,WE,Federal Contract Tower,0,2,14,0,16,0,14,65,2,81,0,16,79,2,97,152,0,152,249
01/16/2020,OXR,CA,AWP,WE,Federal Contract Tower,0,2,24,0,26,0,2,25,0,27,0,4,49,0,53,62,8,70,123
01/17/2020,OXR,CA,AWP,WE,Federal Contract Tower,0,6,16,0,22,0,5,90,0,95,0,11,106,0,117,220,0,220,337
01/18/2020,OXR,CA,AWP,WE,Federal Contract Tower,0,0,7,0,7,0,8,87,0,95,0,8,94,0,102,160,0,160,262
01/19/2020,OXR,CA,AWP,WE,Federal Contract Tower,0,0,8,0,8,0,9,48,0,57,0,9,56,0,65,58,0,58,123
01/20/2020,OXR,CA,AWP,WE,Federal Contract Tower,0,4,16,0,20,0,5,38,0,43,0,9,54,0,63,72,0,72,135
01/21/2020,OXR,CA,AWP,WE,Federal Contract Tower,0,3,21,0,24,0,9,70,4,83,0,12,91,4,107,170,26,196,303
01/22/2020,OXR,CA,AWP,WE,Federal Contract Tower,0,2,4,0,6,0,19,85,0,104,0,21,89,0,110,200,0,200,310
01/23/2020,OXR,CA,AWP,WE,Federal Contract Tower,0,2,14,2,18,0,15,61,1,77,0,17,75,3,95,162,0,162,257
01/24/2020,OXR,CA,AWP,WE,Federal Contract Tower,0,6,13,2,21,0,13,106,0,119,0,19,119,2,140,164,0,164,304
01/25/2020,OXR,CA,AWP,WE,Federal Contract Tower,0,4,5,0,9,0,8,66,0,74,0,12,71,0,83,190,0,190,273
01/26/2020,OXR,CA,AWP,WE,Federal Contract Tower,0,4,30,0,34,3,19,0,0,22,3,23,30,0,56,36,0,36,92
01/27/2020,OXR,CA,AWP,WE,Federal Contract Tower,0,6,7,0,13,0,18,48,0,66,0,24,55,0,79,166,0,166,245
01/28/2020,OXR,CA,AWP,WE,Federal Contract Tower,0,3,15,0,18,0,13,45,0,58,0,16,60,0,76,106,0,106,182
01/29/2020,OXR,CA,AWP,WE,Federal Contract Tower,0,6,5,0,11,0,12,39,0,51,0,18,44,0,62,114,0,114,176
01/30/2020,OXR,CA,AWP,WE,Federal Contract Tower,0,3,14,0,17,0,17,118,0,135,0,20,132,0,152,114,0,114,266
01/31/2020,OXR,CA,AWP,WE,Federal Contract Tower,0,3,11,0,14,0,12,87,0,99,0,15,98,0,113,66,0,66,179
02/01/2020,OXR,CA,AWP,WE,Federal Contract Tower,0,1,9,0,10,0,3,81,0,84,0,4,90,0,94,232,0,232,326
02/02/2020,OXR,CA,AWP,WE,Federal Contract Tower,0,3,18,0,21,0,2,51,0,53,0,5,69,0,74,104,0,104,178
02/03/2020,OXR,CA,AWP,WE,Federal Contract Tower,0,2,5,4,11,0,10,26,0,36,0,12,31,4,47,102,0,102,149
02/04/2020,OXR,CA,AWP,WE,Federal Contract Tower,0,2,9,2,13,0,6,32,0,38,0,8,41,2,51,36,0,36,87
02/05/2020,OXR,CA,AWP,WE,Federal Contract Tower,0,2,16,0,18,0,11,80,0,91,0,13,96,0,109,120,0,120,229
02/06/2020,OXR,CA,AWP,WE,Federal Contract Tower,0,2,14,0,16,0,10,90,0,100,0,12,104,0,116,222,0,222,338
02/07/2020,OXR,CA,AWP,WE,Federal Contract Tower,0,2,6,0,8,0,8,95,0,103,0,10,101,0,111,126,0,126,237
02/08/2020,OXR,CA,AWP,WE,Federal Contract Tower,0,0,12,0,12,0,6,61,0,67,0,6,73,0,79,144,0,144,223
02/09/2020,OXR,CA,AWP,WE,Federal Contract Tower,0,0,8,0,8,0,6,28,0,34,0,6,36,0,42,50,0,50,92
02/10/2020,OXR,CA,AWP,WE,Federal Contract Tower,0,2,3,0,5,0,0,29,0,29,0,2,32,0,34,50,0,50,84
02/11/2020,OXR,CA,AWP,WE,Federal Contract Tower,0,2,8,0,10,0,3,26,2,31,0,5,34,2,41,34,0,34,75
02/12/2020,OXR,CA,AWP,WE,Federal Contract Tower,0,10,10,0,20,0,7,95,0,102,0,17,105,0,122,150,0,150,272
02/13/2020,OXR,CA,AWP,WE,Federal Contract Tower,0,4,9,2,15,0,5,97,0,102,0,9,106,2,117,168,0,168,285
02/14/2020,OXR,CA,AWP,WE,Federal Contract Tower,0,6,9,0,15,0,2,71,0,73,0,8,80,0,88,94,0,94,182
02/15/2020,OXR,CA,AWP,WE,Federal Contract Tower,0,2,7,0,9,0,4,71,8,83,0,6,78,8,92,184,0,184,276
02/16/2020,OXR,CA,AWP,WE,Federal Contract Tower,0,4,11,0,15,0,8,58,1,67,0,12,69,1,82,124,0,124,206
02/17/2020,OXR,CA,AWP,WE,Federal Contract Tower,0,9,10,0,19,0,5,37,0,42,0,14,47,0,61,210,0,210,271
02/18/2020,OXR,CA,AWP,WE,Federal Contract Tower,0,7,24,0,31,0,8,43,0,51,0,15,67,0,82,58,0,58,140
02/19/2020,OXR,CA,AWP,WE,Federal Contract Tower,0,4,9,0,13,0,4,64,0,68,0,8,73,0,81,104,0,104,185
02/20/2020,OXR,CA,AWP,WE,Federal Contract Tower,0,4,11,0,15,0,7,104,0,111,0,11,115,0,126,192,0,192,318
02/21/2020,OXR,CA,AWP,WE,Federal Contract Tower,0,2,28,2,32,0,3,71,0,74,0,5,99,2,106,112,0,112,218
02/22/2020,OXR,CA,AWP,WE,Federal Contract Tower,2,27,0,0,29,0,1,54,0,55,2,28,54,0,84,254,0,254,338
02/23/2020,OXR,CA,AWP,WE,Federal Contract Tower,0,0,17,0,17,0,3,75,0,78,0,3,92,0,95,222,0,222,317
02/24/2020,OXR,CA,AWP,WE,Federal Contract Tower,0,2,12,0,14,0,3,59,0,62,0,5,71,0,76,162,0,162,238
02/25/2020,OXR,CA,AWP,WE,Federal Contract Tower,0,4,2,0,6,0,1,24,0,25,0,5,26,0,31,52,0,52,83
02/26/2020,OXR,CA,AWP,WE,Federal Contract Tower,0,8,17,0,25,0,3,49,2,54,0,11,66,2,79,118,0,118,197
02/27/2020,OXR,CA,AWP,WE,Federal Contract Tower,0,5,10,0,15,0,17,66,0,83,0,22,76,0,98,152,0,152,250
02/28/2020,OXR,CA,AWP,WE,Federal Contract Tower,0,3,5,4,12,0,5,71,0,76,0,8,76,4,88,110,0,110,198
02/29/2020,OXR,CA,AWP,WE,Federal Contract Tower,0,2,24,0,26,0,8,75,0,83,0,10,99,0,109,206,0,206,315
03/01/2020,OXR,CA,AWP,WE,Federal Contract Tower,0,3,15,0,18,0,4,18,0,22,0,7,33,0,40,6,0,6,46
03/02/2020,OXR,CA,AWP,WE,Federal Contract Tower,0,2,9,0,11,0,24,49,0,73,0,26,58,0,84,82,0,82,166
03/03/2020,OXR,CA,AWP,WE,Federal Contract Tower,0,4,6,0,10,0,6,60,0,66,0,10,66,0,76,130,0,130,206
03/04/2020,OXR,CA,AWP,WE,Federal Contract Tower,0,4,13,0,17,0,4,69,0,73,0,8,82,0,90,112,0,112,202
03/05/2020,OXR,CA,AWP,WE,Federal Contract Tower,0,3,18,0,21,0,29,81,0,110,0,32,99,0,131,126,0,126,257
03/06/2020,OXR,CA,AWP,WE,Federal Contract Tower,0,3,17,0,20,0,8,81,0,89,0,11,98,0,109,186,0,186,295
03/07/2020,OXR,CA,AWP,WE,Federal Contract Tower,0,0,34,0,34,0,1,40,0,41,0,1,74,0,75,204,0,204,279
03/08/2020,OXR,CA,AWP,WE,Federal Contract Tower,0,1,18,2,21,0,3,76,0,79,0,4,94,2,100,250,0,250,350
03/09/2020,OXR,CA,AWP,WE,Federal Contract Tower,0,3,4,0,7,0,6,37,0,43,0,9,41,0,50,60,0,60,110
03/10/2020,OXR,CA,AWP,WE,Federal Contract Tower,0,2,15,0,17,0,0,7,0,7,0,2,22,0,24,8,0,8,32
03/11/2020,OXR,CA,AWP,WE,Federal Contract Tower,0,2,19,0,21,0,16,31,0,47,0,18,50,0,68,168,0,168,236
03/12/2020,OXR,CA,AWP,WE,Federal Contract Tower,0,4,15,0,19,0,14,13,0,27,0,18,28,0,46,36,0,36,82
03/13/2020,OXR,CA,AWP,WE,Federal Contract Tower,0,4,46,0,50,0,1,2,0,3,0,5,48,0,53,0,0,0,53
03/14/2020,OXR,CA,AWP,WE,Federal Contract Tower,0,1,51,0,52,0,14,18,0,32,0,15,69,0,84,102,0,102,186
03/15/2020,OXR,CA,AWP,WE,Federal Contract Tower,0,2,21,0,23,0,8,26,0,34,0,10,47,0,57,202,0,202,259
03/16/2020,OXR,CA,AWP,WE,Federal Contract Tower,0,4,6,0,10,0,2,0,0,2,0,6,6,0,12,18,0,18,30
03/17/2020,OXR,CA,AWP,WE,Federal Contract Tower,0,2,3,0,5,0,8,18,0,26,0,10,21,0,31,60,0,60,91
03/18/2020,OXR,CA,AWP,WE,Federal Contract Tower,0,2,13,0,15,0,10,80,0,90,0,12,93,0,105,124,0,124,229
03/19/2020,OXR,CA,AWP,WE,Federal Contract Tower,0,2,19,0,21,0,8,53,0,61,0,10,72,0,82,104,0,104,186
03/20/2020,OXR,CA,AWP,WE,Federal Contract Tower,0,2,8,0,10,0,24,16,0,40,0,26,24,0,50,102,0,102,152
03/21/2020,OXR,CA,AWP,WE,Federal Contract Tower,0,5,17,0,22,0,11,64,0,75,0,16,81,0,97,170,0,170,267
03/22/2020,OXR,CA,AWP,WE,Federal Contract Tower,0,0,11,0,11,0,6,19,0,25,0,6,30,0,36,74,0,74,110
03/23/2020,OXR,CA,AWP,WE,Federal Contract Tower,0,2,6,0,8,0,7,13,2,22,0,9,19,2,30,50,0,50,80
03/24/2020,OXR,CA,AWP,WE,Federal Contract Tower,0,2,8,0,10,0,12,18,0,30,0,14,26,0,40,58,0,58,98
03/25/2020,OXR,CA,AWP,WE,Federal Contract Tower,0,2,8,0,10,0,3,28,0,31,0,5,36,0,41,42,0,42,83
03/26/2020,OXR,CA,AWP,WE,Federal Contract Tower,0,2,5,0,7,0,4,24,0,28,0,6,29,0,35,50,0,50,85
03/27/2020,OXR,CA,AWP,WE,Federal Contract Tower,0,2,5,0,7,0,9,46,0,55,0,11,51,0,62,70,0,70,132
03/28/2020,OXR,CA,AWP,WE,Federal Contract Tower,0,0,11,0,11,0,3,56,0,59,0,3,67,0,70,252,0,252,322
03/29/2020,OXR,CA,AWP,WE,Federal Contract Tower,0,0,7,0,7,0,3,22,0,25,0,3,29,0,32,70,0,70,102
03/30/2020,OXR,CA,AWP,WE,Federal Contract Tower,0,2,8,0,10,0,21,35,0,56,0,23,43,0,66,182,0,182,248
03/31/2020,OXR,CA,AWP,WE,Federal Contract Tower,0,2,8,0,10,0,14,63,0,77,0,16,71,0,87,98,0,98,185
04/01/2020,OXR,CA,AWP,WE,Federal Contract Tower,0,2,11,0,13,0,4,37,0,41,0,6,48,0,54,16,0,16,70
04/02/2020,OXR,CA,AWP,WE,Federal Contract Tower,0,4,15,0,19,0,9,24,0,33,0,13,39,0,52,30,0,30,82
04/03/2020,OXR,CA,AWP,WE,Federal Contract Tower,0,2,7,1,10,0,7,46,1,54,0,9,53,2,64,98,0,98,162
04/04/2020,OXR,CA,AWP,WE,Federal Contract Tower,0,0,15,0,15,0,6,32,0,38,0,6,47,0,53,98,0,98,151
04/05/2020,OXR,CA,AWP,WE,Federal Contract Tower,0,0,4,0,4,0,0,2,0,2,0,0,6,0,6,0,0,0,6
04/06/2020,OXR,CA,AWP,WE,Federal Contract Tower,0,2,13,0,15,0,4,8,0,12,0,6,21,0,27,42,0,42,69
04/07/2020,OXR,CA,AWP,WE,Federal Contract Tower,0,2,7,0,9,0,12,20,0,32,0,14,27,0,41,30,0,30,71
04/08/2020,OXR,CA,AWP,WE,Federal Contract Tower,0,2,11,0,13,0,6,14,0,20,0,8,25,0,33,32,0,32,65
04/09/2020,OXR,CA,AWP,WE,Federal Contract Tower,0,2,4,0,6,0,0,1,0,1,0,2,5,0,7,0,0,0,7
04/10/2020,OXR,CA,AWP,WE,Federal Contract Tower,0,2,12,0,14,0,10,16,0,26,0,12,28,0,40,20,0,20,60
04/11/2020,OXR,CA,AWP,WE,Federal Contract Tower,0,0,9,0,9,0,12,69,0,81,0,12,78,0,90,200,0,200,290
04/14/2020,OXR,CA,AWP,WE,Federal Contract Tower,0,2,16,2,20,0,22,19,0,41,0,24,35,2,61,20,0,20,81
04/15/2020,OXR,CA,AWP,WE,Federal Contract Tower,0,2,7,0,9,0,4,46,0,50,0,6,53,0,59,82,0,82,141
04/16/2020,OXR,CA,AWP,WE,Federal Contract Tower,0,2,12,0,14,0,12,52,0,64,0,14,64,0,78,94,0,94,172
04/17/2020,OXR,CA,AWP,WE,Federal Contract Tower,0,4,10,0,14,0,9,22,0,31,0,13,32,0,45,96,0,96,141
04/18/2020,OXR,CA,AWP,WE,Federal Contract Tower,0,0,13,0,13,0,6,32,0,38,0,6,45,0,51,74,0,74,125
04/19/2020,OXR,CA,AWP,WE,Federal Contract Tower,0,0,16,0,16,0,10,27,0,37,0,10,43,0,53,90,0,90,143
04/20/2020,OXR,CA,AWP,WE,Federal Contract Tower,0,4,9,0,13,0,8,19,0,27,0,12,28,0,40,68,0,68,108
04/21/2020,OXR,CA,AWP,WE,Federal Contract Tower,0,2,8,0,10,0,16,55,0,71,0,18,63,0,81,96,0,96,177
04/22/2020,OXR,CA,AWP,WE,Federal Contract Tower,0,2,7,0,9,0,4,83,0,87,0,6,90,0,96,158,0,158,254
04/23/2020,OXR,CA,AWP,WE,Federal Contract Tower,0,2,15,0,17,0,7,52,0,59,0,9,67,0,76,138,0,138,214
04/24/2020,OXR,CA,AWP,WE,Federal Contract Tower,0,2,5,0,7,0,11,43,0,54,0,13,48,0,61,118,0,118,179
04/25/2020,OXR,CA,AWP,WE,Federal Contract Tower,0,2,6,0,8,0,9,45,0,54,0,11,51,0,62,110,0,110,172
04/28/2020,OXR,CA,AWP,WE,Federal Contract Tower,0,2,13,0,15,0,4,28,0,32,0,6,41,0,47,52,0,52,99
04/29/2020,OXR,CA,AWP,WE,Federal Contract Tower,0,7,47,0,54,0,0,1,0,1,0,7,48,0,55,0,0,0,55
04/30/2020,OXR,CA,AWP,WE,Federal Contract Tower,0,3,14,0,17,0,2,61,0,63,0,5,75,0,80,126,0,126,206
05/01/2020,OXR,CA,AWP,WE,Federal Contract Tower,0,2,4,0,6,0,3,83,0,86,0,5,87,0,92,126,0,126,218
05/02/2020,OXR,CA,AWP,WE,Federal Contract Tower,0,0,7,0,7,0,1,85,0,86,0,1,92,0,93,186,0,186,279
05/05/2020,OXR,CA,AWP,WE,Federal Contract Tower,0,3,10,0,13,0,8,59,0,67,0,11,69,0,80,80,0,80,160
05/06/2020,OXR,CA,AWP,WE,Federal Contract Tower,0,4,5,0,9,0,10,67,0,77,0,14,72,0,86,132,0,132,218
05/07/2020,OXR,CA,AWP,WE,Federal Contract Tower,0,4,25,0,29,0,4,84,0,88,0,8,109,0,117,228,0,228,345
05/08/2020,OXR,CA,AWP,WE,Federal Contract Tower,0,10,11,2,23,0,14,84,0,98,0,24,95,2,121,170,0,170,291
05/09/2020,OXR,CA,AWP,WE,Federal Contract Tower,0,4,40,0,44,0,0,16,0,16,0,4,56,0,60,76,0,76,136
05/10/2020,OXR,CA,AWP,WE,Federal Contract Tower,0,4,35,0,39,0,0,3,0,3,0,4,38,0,42,0,0,0,42
05/11/2020,OXR,CA,AWP,WE,Federal Contract Tower,0,3,19,0,22,0,1,50,0,51,0,4,69,0,73,56,0,56,129
05/12/2020,OXR,CA,AWP,WE,Federal Contract Tower,0,4,20,0,24,0,18,18,0,36,0,22,38,0,60,82,0,82,142
05/13/2020,OXR,CA,AWP,WE,Federal Contract Tower,0,2,11,0,13,0,24,118,0,142,0,26,129,0,155,168,0,168,323
05/14/2020,OXR,CA,AWP,WE,Federal Contract Tower,0,2,19,0,21,0,18,69,0,87,0,20,88,0,108,194,0,194,302
05/15/2020,OXR,CA,AWP,WE,Federal Contract Tower,0,2,8,0,10,0,9,76,0,85,0,11,84,0,95,188,0,188,283
05/16/2020,OXR,CA,AWP,WE,Federal Contract Tower,0,1,12,0,13,0,10,103,0,113,0,11,115,0,126,276,0,276,402
05/17/2020,OXR,CA,AWP,WE,Federal Contract Tower,0,11,0,0,11,0,8,86,0,94,0,19,86,0,105,196,0,196,301
05/18/2020,OXR,CA,AWP,WE,Federal Contract Tower,0,10,12,0,22,0,14,19,2,35,0,24,31,2,57,70,4,74,131
05/19/2020,OXR,CA,AWP,WE,Federal Contract Tower,0,4,5,0,9,0,24,63,0,87,0,28,68,0,96,54,0,54,150
05/20/2020,OXR,CA,AWP,WE,Federal Contract Tower,0,2,19,0,21,0,34,116,2,152,0,36,135,2,173,192,0,192,365
05/21/2020,OXR,CA,AWP,WE,Federal Contract Tower,0,4,5,0,9,0,21,85,0,106,0,25,90,0,115,194,0,194,309
05/22/2020,OXR,CA,AWP,WE,Federal Contract Tower,0,4,20,0,24,0,11,71,0,82,0,15,91,0,106,114,0,114,220
05/23/2020,OXR,CA,AWP,WE,Federal Contract Tower,0,3,8,0,11,0,5,77,0,82,0,8,85,0,93,288,0,288,381
05/24/2020,OXR,CA,AWP,WE,Federal Contract Tower,0,1,12,0,13,0,12,117,2,131,0,13,129,2,144,200,0,200,344
05/25/2020,OXR,CA,AWP,WE,Federal Contract Tower,0,0,10,0,10,0,34,96,0,130,0,34,106,0,140,126,0,126,266
05/26/2020,OXR,CA,AWP,WE,Federal Contract Tower,0,2,8,2,12,0,23,60,2,85,0,25,68,4,97,120,0,120,217
05/27/2020,OXR,CA,AWP,WE,Federal Contract Tower,0,6,24,0,30,0,9,38,0,47,0,15,62,0,77,0,0,0,77
05/28/2020,OXR,CA,AWP,WE,Federal Contract Tower,0,10,29,0,39,0,4,14,0,18,0,14,43,0,57,8,0,8,65
05/29/2020,OXR,CA,AWP,WE,Federal Contract Tower,0,4,55,0,59,0,5,14,0,19,0,9,69,0,78,16,0,16,94
05/30/2020,OXR,CA,AWP,WE,Federal Contract Tower,0,0,20,0,20,0,5,62,0,67,0,5,82,0,87,218,0,218,305
05/31/2020,OXR,CA,AWP,WE,Federal Contract Tower,0,0,7,0,7,0,8,112,2,122,0,8,119,2,129,188,0,188,317
06/01/2020,OXR,CA,AWP,WE,Federal Contract Tower,0,2,5,0,7,0,18,81,0,99,0,20,86,0,106,154,0,154,260
06/02/2020,OXR,CA,AWP,WE,Federal Contract Tower,0,2,7,0,9,0,13,69,2,84,0,15,76,2,93,152,0,152,245
06/03/2020,OXR,CA,AWP,WE,Federal Contract Tower,0,3,8,0,11,0,8,99,2,109,0,11,107,2,120,152,0,152,272
06/04/2020,OXR,CA,AWP,WE,Federal Contract Tower,0,3,19,0,22,0,17,23,0,40,0,20,42,0,62,104,0,104,166
06/05/2020,OXR,CA,AWP,WE,Federal Contract Tower,0,2,37,0,39,0,14,50,0,64,0,16,87,0,103,124,0,124,227
06/06/2020,OXR,CA,AWP,WE,Federal Contract Tower,0,1,27,0,28,0,6,58,0,64,0,7,85,0,92,238,0,238,330
06/07/2020,OXR,CA,AWP,WE,Federal Contract Tower,0,3,4,0,7,0,11,69,4,84,0,14,73,4,91,146,0,146,237
06/08/2020,OXR,CA,AWP,WE,Federal Contract Tower,0,3,13,0,16,0,28,34,0,62,0,31,47,0,78,42,0,42,120
06/09/2020,OXR,CA,AWP,WE,Federal Contract Tower,0,2,7,0,9,0,46,96,0,142,0,48,103,0,151,186,0,186,337
06/10/2020,OXR,CA,AWP,WE,Federal Contract Tower,0,2,16,0,18,0,10,86,4,100,0,12,102,4,118,170,0,170,288
06/11/2020,OXR,CA,AWP,WE,Federal Contract Tower,0,2,14,0,16,0,31,106,0,137,0,33,120,0,153,228,0,228,381
06/12/2020,OXR,CA,AWP,WE,Federal Contract Tower,0,8,31,0,39,0,14,46,0,60,0,22,77,0,99,108,0,108,207
06/13/2020,OXR,CA,AWP,WE,Federal Contract Tower,0,0,13,0,13,0,6,108,0,114,0,6,121,0,127,224,0,224,351
06/14/2020,OXR,CA,AWP,WE,Federal Contract Tower,0,0,21,0,21,0,15,103,0,118,0,15,124,0,139,252,0,252,391
06/15/2020,OXR,CA,AWP,WE,Federal Contract Tower,0,6,12,0,18,0,35,90,0,125,0,41,102,0,143,174,0,174,317
06/16/2020,OXR,CA,AWP,WE,Federal Contract Tower,0,7,34,0,41,0,11,50,0,61,0,18,84,0,102,126,0,126,228
06/17/2020,OXR,CA,AWP,WE,Federal Contract Tower,0,2,26,0,28,0,6,60,0,66,0,8,86,0,94,188,0,188,282
06/18/2020,OXR,CA,AWP,WE,Federal Contract Tower,0,5,46,0,51,0,11,23,0,34,0,16,69,0,85,106,0,106,191
06/19/2020,OXR,CA,AWP,WE,Federal Contract Tower,0,2,45,0,47,0,15,36,0,51,0,17,81,0,98,92,0,92,190
06/20/2020,OXR,CA,AWP,WE,Federal Contract Tower,0,8,64,0,72,0,5,17,0,22,0,13,81,0,94,36,0,36,130
06/21/2020,OXR,CA,AWP,WE,Federal Contract Tower,0,1,28,0,29,0,10,26,0,36,0,11,54,0,65,88,0,88,153
06/22/2020,OXR,CA,AWP,WE,Federal Contract Tower,0,7,25,0,32,0,16,16,0,32,0,23,41,0,64,24,0,24,88
06/23/2020,OXR,CA,AWP,WE,Federal Contract Tower,0,10,45,0,55,0,4,24,0,28,0,14,69,0,83,68,0,68,151
06/24/2020,OXR,CA,AWP,WE,Federal Contract Tower,0,11,51,2,64,0,25,33,0,58,0,36,84,2,122,50,0,50,172
06/25/2020,OXR,CA,AWP,WE,Federal Contract Tower,0,8,19,0,27,0,5,48,0,53,0,13,67,0,80,152,0,152,232
06/26/2020,OXR,CA,AWP,WE,Federal Contract Tower,0,7,45,1,53,0,1,42,0,43,0,8,87,1,96,56,0,56,152
06/27/2020,OXR,CA,AWP,WE,Federal Contract Tower,0,19,51,0,70,0,6,13,0,19,0,25,64,0,89,34,0,34,123
06/28/2020,OXR,CA,AWP,WE,Federal Contract Tower,0,2,45,0,47,0,15,25,0,40,0,17,70,0,87,120,0,120,207
06/29/2020,OXR,CA,AWP,WE,Federal Contract Tower,0,2,2,0,4,0,18,91,0,109,0,20,93,0,113,220,0,220,333
06/30/2020,OXR,CA,AWP,WE,Federal Contract Tower,0,2,13,1,16,0,11,81,0,92,0,13,94,1,108,154,0,154,262
07/01/2020,OXR,CA,AWP,WE,Federal Contract Tower,0,8,23,2,33,0,6,72,0,78,0,14,95,2,111,162,0,162,273
07/02/2020,OXR,CA,AWP,WE,Federal Contract Tower,0,2,28,0,30,0,4,82,0,86,0,6,110,0,116,198,0,198,314
07/03/2020,OXR,CA,AWP,WE,Federal Contract Tower,0,2,17,0,19,0,10,113,0,123,0,12,130,0,142,200,0,200,342
07/04/2020,OXR,CA,AWP,WE,Federal Contract Tower,0,0,6,0,6,0,4,46,0,50,0,4,52,0,56,112,0,112,168
07/05/2020,OXR,CA,AWP,WE,Federal Contract Tower,0,0,22,0,22,0,9,77,0,86,0,9,99,0,108,68,0,68,176
07/06/2020,OXR,CA,AWP,WE,Federal Contract Tower,0,2,15,0,17,0,10,93,0,103,0,12,108,0,120,196,0,196,316
07/07/2020,OXR,CA,AWP,WE,Federal Contract Tower,0,2,8,0,10,0,26,105,0,131,0,28,113,0,141,234,0,234,375
07/08/2020,OXR,CA,AWP,WE,Federal Contract Tower,0,3,14,0,17,0,11,59,0,70,0,14,73,0,87,64,0,64,151
07/09/2020,OXR,CA,AWP,WE,Federal Contract Tower,0,12,16,0,28,0,9,38,0,47,0,21,54,0,75,66,0,66,141
07/10/2020,OXR,CA,AWP,WE,Federal Contract Tower,0,17,24,0,41,0,9,75,0,84,0,26,99,0,125,236,0,236,361
07/11/2020,OXR,CA,AWP,WE,Federal Contract Tower,0,2,29,0,31,0,4,65,0,69,0,6,94,0,100,140,0,140,240
07/12/2020,OXR,CA,AWP,WE,Federal Contract Tower,0,4,0,0,4,0,8,117,2,127,0,12,117,2,131,208,0,208,339
07/13/2020,OXR,CA,AWP,WE,Federal Contract Tower,0,8,10,1,19,0,9,60,0,69,0,17,70,1,88,62,0,62,150
07/14/2020,OXR,CA,AWP,WE,Federal Contract Tower,0,3,9,0,12,0,8,38,0,46,0,11,47,0,58,112,0,112,170
07/15/2020,OXR,CA,AWP,WE,Federal Contract Tower,0,4,32,0,36,0,3,76,0,79,0,7,108,0,115,140,0,140,255
07/16/2020,OXR,CA,AWP,WE,Federal Contract Tower,0,3,25,0,28,0,8,83,0,91,0,11,108,0,119,168,0,168,287
07/17/2020,OXR,CA,AWP,WE,Federal Contract Tower,0,4,13,0,17,0,9,95,0,104,0,13,108,0,121,204,0,204,325
07/18/2020,OXR,CA,AWP,WE,Federal Contract Tower,0,2,28,0,30,0,0,55,0,55,0,2,83,0,85,192,0,192,277
07/19/2020,OXR,CA,AWP,WE,Federal Contract Tower,0,5,22,0,27,0,2,13,0,15,0,7,35,0,42,12,0,12,54
07/20/2020,OXR,CA,AWP,WE,Federal Contract Tower,0,3,6,0,9,0,9,79,0,88,0,12,85,0,97,134,0,134,231
07/21/2020,OXR,CA,AWP,WE,Federal Contract Tower,0,9,17,2,28,0,14,74,0,88,0,23,91,2,116,84,2,86,202
07/22/2020,OXR,CA,AWP,WE,Federal Contract Tower,0,4,46,0,50,0,23,37,0,60,0,27,83,0,110,22,0,22,132
07/23/2020,OXR,CA,AWP,WE,Federal Contract Tower,0,5,42,0,47,0,13,62,0,75,0,18,104,0,122,106,0,106,228
07/24/2020,OXR,CA,AWP,WE,Federal Contract Tower,0,7,16,0,23,0,15,48,0,63,0,22,64,0,86,136,0,136,222
07/25/2020,OXR,CA,AWP,WE,Federal Contract Tower,0,1,21,0,22,0,0,37,0,37,0,1,58,0,59,56,0,56,115
07/26/2020,OXR,CA,AWP,WE,Federal Contract Tower,0,9,28,0,37,0,1,9,0,10,0,10,37,0,47,0,0,0,47
07/27/2020,OXR,CA,AWP,WE,Federal Contract Tower,0,19,42,1,62,0,1,10,0,11,0,20,52,1,73,10,0,10,83
07/28/2020,OXR,CA,AWP,WE,Federal Contract Tower,0,8,24,0,32,0,4,32,0,36,0,12,56,0,68,20,0,20,88
07/29/2020,OXR,CA,AWP,WE,Federal Contract Tower,0,8,36,3,47,0,0,0,0,0,0,8,36,3,47,0,0,0,47
07/30/2020,OXR,CA,AWP,WE,Federal Contract Tower,0,4,9,0,13,0,7,59,0,66,0,11,68,0,79,122,0,122,201
07/31/2020,OXR,CA,AWP,WE,Federal Contract Tower,0,4,12,0,16,0,22,107,4,133,0,26,119,4,149,258,0,258,407
08/01/2020,OXR,CA,AWP,WE,Federal Contract Tower,0,0,9,0,9,0,16,128,0,144,0,16,137,0,153,230,0,230,383
08/02/2020,OXR,CA,AWP,WE,Federal Contract Tower,0,1,20,0,21,0,10,115,0,125,0,11,135,0,146,188,0,188,334
08/03/2020,OXR,CA,AWP,WE,Federal Contract Tower,0,5,17,0,22,0,3,31,0,34,0,8,48,0,56,34,0,34,90
08/04/2020,OXR,CA,AWP,WE,Federal Contract Tower,0,10,22,0,32,0,4,17,0,21,0,14,39,0,53,62,0,62,115
08/05/2020,OXR,CA,AWP,WE,Federal Contract Tower,0,10,34,0,44,0,35,38,0,73,0,45,72,0,117,74,0,74,191
08/06/2020,OXR,CA,AWP,WE,Federal Contract Tower,0,4,29,0,33,0,10,81,0,91,0,14,110,0,124,166,0,166,290
08/07/2020,OXR,CA,AWP,WE,Federal Contract Tower,0,2,8,0,10,0,5,93,0,98,0,7,101,0,108,206,0,206,314
08/08/2020,OXR,CA,AWP,WE,Federal Contract Tower,0,4,16,0,20,0,4,72,0,76,0,8,88,0,96,166,0,166,262
08/09/2020,OXR,CA,AWP,WE,Federal Contract Tower,0,5,19,0,24,0,3,105,0,108,0,8,124,0,132,162,0,162,294
08/10/2020,OXR,CA,AWP,WE,Federal Contract Tower,0,3,17,0,20,0,8,45,0,53,0,11,62,0,73,34,0,34,107
08/11/2020,OXR,CA,AWP,WE,Federal Contract Tower,0,6,20,0,26,0,13,28,0,41,0,19,48,0,67,24,0,24,91
08/12/2020,OXR,CA,AWP,WE,Federal Contract Tower,0,5,12,0,17,0,13,68,0,81,0,18,80,0,98,140,0,140,238
08/13/2020,OXR,CA,AWP,WE,Federal Contract Tower,0,2,12,0,14,0,14,69,0,83,0,16,81,0,97,200,0,200,297
08/14/2020,OXR,CA,AWP,WE,Federal Contract Tower,0,4,5,0,9,0,11,75,0,86,0,15,80,0,95,234,0,234,329
08/15/2020,OXR,CA,AWP,WE,Federal Contract Tower,0,0,7,0,7,0,12,69,0,81,0,12,76,0,88,136,0,136,224
08/16/2020,OXR,CA,AWP,WE,Federal Contract Tower,0,1,12,0,13,0,18,92,0,110,0,19,104,0,123,126,0,126,249
08/17/2020,OXR,CA,AWP,WE,Federal Contract Tower,0,4,6,0,10,0,17,66,0,83,0,21,72,0,93,132,0,132,225
08/18/2020,OXR,CA,AWP,WE,Federal Contract Tower,0,2,9,0,11,0,19,69,0,88,0,21,78,0,99,164,0,164,263
08/19/2020,OXR,CA,AWP,WE,Federal Contract Tower,0,4,16,0,20,0,19,100,0,119,0,23,116,0,139,170,0,170,309
08/20/2020,OXR,CA,AWP,WE,Federal Contract Tower,0,5,10,0,15,0,9,50,2,61,0,14,60,2,76,186,0,186,262
08/21/2020,OXR,CA,AWP,WE,Federal Contract Tower,0,7,32,0,39,0,11,17,0,28,0,18,49,0,67,16,0,16,83
08/22/2020,OXR,CA,AWP,WE,Federal Contract Tower,0,0,9,0,9,0,3,49,0,52,0,3,58,0,61,130,0,130,191
08/23/2020,OXR,CA,AWP,WE,Federal Contract Tower,0,0,15,0,15,0,8,91,0,99,0,8,106,0,114,194,0,194,308
08/24/2020,OXR,CA,AWP,WE,Federal Contract Tower,0,11,29,1,41,0,2,3,0,5,0,13,32,1,46,8,0,8,54
08/25/2020,OXR,CA,AWP,WE,Federal Contract Tower,0,5,26,1,32,0,18,39,1,58,0,23,65,2,90,22,0,22,112
08/26/2020,OXR,CA,AWP,WE,Federal Contract Tower,0,6,17,1,24,0,2,54,1,57,0,8,71,2,81,48,0,48,129
08/27/2020,OXR,CA,AWP,WE,Federal Contract Tower,0,2,8,1,11,0,9,69,0,78,0,11,77,1,89,208,0,208,297
08/28/2020,OXR,CA,AWP,WE,Federal Contract Tower,0,5,33,0,38,0,3,50,0,53,0,8,83,0,91,38,0,38,129
08/29/2020,OXR,CA,AWP,WE,Federal Contract Tower,0,0,20,0,20,0,2,73,0,75,0,2,93,0,95,168,0,168,263
08/30/2020,OXR,CA,AWP,WE,Federal Contract Tower,0,4,24,0,28,0,9,94,0,103,0,13,118,0,131,140,0,140,271
08/31/2020,OXR,CA,AWP,WE,Federal Contract Tower,0,2,25,0,27,0,14,35,0,49,0,16,60,0,76,90,0,90,166
09/01/2020,OXR,CA,AWP,WE,Federal Contract Tower,0,2,19,0,21,0,9,61,0,70,0,11,80,0,91,118,0,118,209
09/02/2020,OXR,CA,AWP,WE,Federal Contract Tower,0,3,10,0,13,0,22,73,0,95,0,25,83,0,108,90,0,90,198
09/03/2020,OXR,CA,AWP,WE,Federal Contract Tower,0,3,19,0,22,0,21,92,0,113,0,24,111,0,135,188,0,188,323
09/04/2020,OXR,CA,AWP,WE,Federal Contract Tower,0,2,11,0,13,0,10,93,0,103,0,12,104,0,116,212,0,212,328
09/05/2020,OXR,CA,AWP,WE,Federal Contract Tower,0,0,4,0,4,0,1,72,0,73,0,1,76,0,77,114,0,114,191
09/06/2020,OXR,CA,AWP,WE,Federal Contract Tower,0,1,9,0,10,0,8,97,0,105,0,9,106,0,115,140,0,140,255
09/07/2020,OXR,CA,AWP,WE,Federal Contract Tower,0,1,18,0,19,0,0,18,0,18,0,1,36,0,37,56,0,56,93
09/08/2020,OXR,CA,AWP,WE,Federal Contract Tower,0,3,27,0,30,8,12,0,0,20,8,15,27,0,50,24,0,24,74
09/09/2020,OXR,CA,AWP,WE,Federal Contract Tower,0,6,26,0,32,0,25,0,0,25,0,31,26,0,57,2,0,2,59
09/10/2020,OXR,CA,AWP,WE,Federal Contract Tower,0,4,12,0,16,0,2,57,0,59,0,6,69,0,75,102,0,102,177
09/11/2020,OXR,CA,AWP,WE,Federal Contract Tower,0,3,16,0,19,0,7,44,0,51,0,10,60,0,70,134,0,134,204
09/12/2020,OXR,CA,AWP,WE,Federal Contract Tower,0,6,23,0,29,0,0,4,0,4,0,6,27,0,33,0,0,0,33
09/13/2020,OXR,CA,AWP,WE,Federal Contract Tower,0,4,10,0,14,0,2,60,0,62,0,6,70,0,76,94,0,94,170
09/14/2020,OXR,CA,AWP,WE,Federal Contract Tower,0,4,10,0,14,0,11,24,0,35,0,15,34,0,49,31,0,31,80
09/15/2020,OXR,CA,AWP,WE,Federal Contract Tower,0,2,19,0,21,0,24,24,0,48,0,26,43,0,69,60,0,60,129
09/16/2020,OXR,CA,AWP,WE,Federal Contract Tower,0,7,18,0,25,0,22,39,0,61,0,29,57,0,86,22,0,22,108
09/17/2020,OXR,CA,AWP,WE,Federal Contract Tower,0,4,19,0,23,0,4,95,2,101,0,8,114,2,124,112,0,112,236
09/18/2020,OXR,CA,AWP,WE,Federal Contract Tower,0,2,21,0,23,0,19,103,0,122,0,21,124,0,145,176,0,176,321
09/19/2020,OXR,CA,AWP,WE,Federal Contract Tower,0,0,11,0,11,0,4,103,0,107,0,4,114,0,118,220,0,220,338
09/20/2020,OXR,CA,AWP,WE,Federal Contract Tower,0,4,13,1,18,0,3,66,0,69,0,7,79,1,87,64,0,64,151
09/21/2020,OXR,CA,AWP,WE,Federal Contract Tower,0,4,16,0,20,0,5,37,0,42,0,9,53,0,62,54,0,54,116
09/22/2020,OXR,CA,AWP,WE,Federal Contract Tower,0,5,25,0,30,0,4,52,0,56,0,9,77,0,86,102,0,102,188
09/23/2020,OXR,CA,AWP,WE,Federal Contract Tower,0,6,17,0,23,0,5,90,2,97,0,11,107,2,120,108,0,108,228
09/24/2020,OXR,CA,AWP,WE,Federal Contract Tower,0,7,15,0,22,0,8,90,0,98,0,15,105,0,120,184,0,184,304
09/25/2020,OXR,CA,AWP,WE,Federal Contract Tower,0,6,27,2,35,0,7,73,7,87,0,13,100,9,122,132,0,132,254
09/26/2020,OXR,CA,AWP,WE,Federal Contract Tower,0,4,8,4,16,0,0,60,0,60,0,4,68,4,76,176,0,176,252
09/27/2020,OXR,CA,AWP,WE,Federal Contract Tower,0,2,25,5,32,0,11,65,0,76,0,13,90,5,108,98,0,98,206
09/28/2020,OXR,CA,AWP,WE,Federal Contract Tower,0,2,31,1,34,0,2,46,0,48,0,4,77,1,82,62,0,62,144
09/29/2020,OXR,CA,AWP,WE,Federal Contract Tower,0,15,12,2,29,0,2,25,0,27,0,17,37,2,56,28,0,28,84
09/30/2020,OXR,CA,AWP,WE,Federal Contract Tower,0,2,7,0,9,0,12,60,6,78,0,14,67,6,87,184,0,184,271
10/01/2020,OXR,CA,AWP,WE,Federal Contract Tower,0,2,10,0,12,0,8,62,0,70,0,10,72,0,82,182,0,182,264
10/02/2020,OXR,CA,AWP,WE,Federal Contract Tower,0,3,12,0,15,0,8,107,0,115,0,11,119,0,130,170,0,170,300
10/03/2020,OXR,CA,AWP,WE,Federal Contract Tower,0,2,6,0,8,0,8,52,0,60,0,10,58,0,68,96,0,96,164
10/04/2020,OXR,CA,AWP,WE,Federal Contract Tower,0,3,11,0,14,0,8,75,2,85,0,11,86,2,99,184,0,184,283
10/05/2020,OXR,CA,AWP,WE,Federal Contract Tower,0,4,19,0,23,0,7,70,0,77,0,11,89,0,100,106,0,106,206
10/06/2020,OXR,CA,AWP,WE,Federal Contract Tower,0,5,10,0,15,0,10,60,0,70,0,15,70,0,85,70,0,70,155
10/07/2020,OXR,CA,AWP,WE,Federal Contract Tower,0,2,11,0,13,0,6,86,4,96,0,8,97,4,109,152,0,152,261
10/08/2020,OXR,CA,AWP,WE,Federal Contract Tower,0,7,29,0,36,0,18,23,0,41,0,25,52,0,77,106,0,106,183
10/09/2020,OXR,CA,AWP,WE,Federal Contract Tower,0,8,32,0,40,0,13,34,0,47,0,21,66,0,87,88,0,88,175
10/10/2020,OXR,CA,AWP,WE,Federal Contract Tower,0,1,29,0,30,0,15,44,0,59,0,16,73,0,89,152,0,152,241
10/11/2020,OXR,CA,AWP,WE,Federal Contract Tower,0,2,12,0,14,0,15,134,0,149,0,17,146,0,163,228,0,228,391
10/12/2020,OXR,CA,AWP,WE,Federal Contract Tower,0,4,23,0,27,0,8,86,0,94,0,12,109,0,121,138,0,138,259
10/13/2020,OXR,CA,AWP,WE,Federal Contract Tower,0,4,18,0,22,0,15,74,0,89,0,19,92,0,111,268,0,268,379
10/14/2020,OXR,CA,AWP,WE,Federal Contract Tower,0,2,14,0,16,0,25,82,2,109,0,27,96,2,125,150,0,150,275
10/15/2020,OXR,CA,AWP,WE,Federal Contract Tower,0,6,32,6,44,0,8,93,0,101,0,14,125,6,145,188,0,188,333
10/16/2020,OXR,CA,AWP,WE,Federal Contract Tower,0,5,13,0,18,0,18,66,2,86,0,23,79,2,104,152,0,152,256
10/17/2020,OXR,CA,AWP,WE,Federal Contract Tower,0,1,14,0,15,0,1,86,0,87,0,2,100,0,102,148,0,148,250
10/18/2020,OXR,CA,AWP,WE,Federal Contract Tower,0,3,23,0,26,0,3,49,0,52,0,6,72,0,78,15,2,17,95
10/19/2020,OXR,CA,AWP,WE,Federal Contract Tower,0,9,29,0,38,0,5,6,2,13,0,14,35,2,51,0,0,0,51
10/20/2020,OXR,CA,AWP,WE,Federal Contract Tower,0,6,35,0,41,0,2,12,0,14,0,8,47,0,55,30,0,30,85
10/21/2020,OXR,CA,AWP,WE,Federal Contract Tower,0,7,59,0,66,0,11,17,0,28,0,18,76,0,94,54,0,54,148
10/22/2020,OXR,CA,AWP,WE,Federal Contract Tower,0,7,47,2,56,0,12,25,0,37,0,19,72,2,93,172,0,172,265
10/23/2020,OXR,CA,AWP,WE,Federal Contract Tower,0,4,39,0,43,0,10,33,0,43,0,14,72,0,86,124,0,124,210
10/24/2020,OXR,CA,AWP,WE,Federal Contract Tower,0,4,31,0,35,0,12,40,0,52,0,16,71,0,87,150,0,150,237
10/25/2020,OXR,CA,AWP,WE,Federal Contract Tower,0,2,48,2,52,0,14,36,0,50,0,16,84,2,102,92,0,92,194
10/26/2020,OXR,CA,AWP,WE,Federal Contract Tower,0,3,8,0,11,0,1,4,0,5,0,4,12,0,16,0,0,0,16
10/27/2020,OXR,CA,AWP,WE,Federal Contract Tower,0,5,11,2,18,0,5,58,0,63,0,10,69,2,81,146,0,146,227
10/28/2020,OXR,CA,AWP,WE,Federal Contract Tower,0,4,16,0,20,0,11,105,13,129,0,15,121,13,149,286,0,286,435
10/29/2020,OXR,CA,AWP,WE,Federal Contract Tower,0,5,21,0,26,0,17,102,0,119,0,22,123,0,145,246,0,246,391
10/30/2020,OXR,CA,AWP,WE,Federal Contract Tower,0,4,11,2,17,0,11,93,0,104,0,15,104,2,121,190,0,190,311
10/31/2020,OXR,CA,AWP,WE,Federal Contract Tower,0,4,14,0,18,0,8,109,0,117,0,12,123,0,135,230,0,230,365
11/01/2020,OXR,CA,AWP,WE,Federal Contract Tower,0,0,5,0,5,0,4,59,0,63,0,4,64,0,68,118,0,118,186
11/02/2020,OXR,CA,AWP,WE,Federal Contract Tower,0,9,21,0,30,0,18,9,0,27,0,27,30,0,57,0,0,0,57
11/03/2020,OXR,CA,AWP,WE,Federal Contract Tower,0,5,19,0,24,0,3,34,0,37,0,8,53,0,61,62,0,62,123
11/04/2020,OXR,CA,AWP,WE,Federal Contract Tower,0,5,24,0,29,0,19,66,8,93,0,24,90,8,122,108,0,108,230
11/05/2020,OXR,CA,AWP,WE,Federal Contract Tower,0,2,11,2,15,0,6,76,2,84,0,8,87,4,99,188,16,204,303
11/06/2020,OXR,CA,AWP,WE,Federal Contract Tower,0,2,22,0,24,0,4,33,0,37,0,6,55,0,61,74,0,74,135
11/07/2020,OXR,CA,AWP,WE,Federal Contract Tower,0,5,10,0,15,0,3,7,0,10,0,8,17,0,25,12,0,12,37
11/08/2020,OXR,CA,AWP,WE,Federal Contract Tower,0,0,9,0,9,0,5,12,0,17,0,5,21,0,26,42,0,42,68
11/09/2020,OXR,CA,AWP,WE,Federal Contract Tower,0,10,5,0,15,0,29,94,0,123,0,39,99,0,138,138,12,150,288
11/10/2020,OXR,CA,AWP,WE,Federal Contract Tower,0,3,6,0,9,0,21,113,22,156,0,24,119,22,165,154,0,154,319
11/11/2020,OXR,CA,AWP,WE,Federal Contract Tower,0,2,9,0,11,0,3,107,32,142,0,5,116,32,153,222,0,222,375
11/12/2020,OXR,CA,AWP,WE,Federal Contract Tower,0,2,6,0,8,0,16,84,15,115,0,18,90,15,123,208,8,216,339
11/13/2020,OXR,CA,AWP,WE,Federal Contract Tower,0,8,16,0,24,0,10,68,0,78,0,18,84,0,102,202,0,202,304
11/14/2020,OXR,CA,AWP,WE,Federal Contract Tower,0,3,10,0,13,0,4,90,0,94,0,7,100,0,107,236,0,236,343
11/15/2020,OXR,CA,AWP,WE,Federal Contract Tower,0,2,11,0,13,0,23,113,0,136,0,25,124,0,149,256,0,256,405
11/16/2020,OXR,CA,AWP,WE,Federal Contract Tower,0,5,14,0,19,0,17,65,2,84,0,22,79,2,103,110,0,110,213
11/17/2020,OXR,CA,AWP,WE,Federal Contract Tower,0,2,15,0,17,0,15,59,0,74,0,17,74,0,91,114,0,114,205
11/18/2020,OXR,CA,AWP,WE,Federal Contract Tower,0,4,35,0,39,0,15,31,0,46,0,19,66,0,85,34,0,34,119
11/19/2020,OXR,CA,AWP,WE,Federal Contract Tower,0,6,33,0,39,0,9,25,0,34,0,15,58,0,73,12,0,12,85
11/20/2020,OXR,CA,AWP,WE,Federal Contract Tower,0,2,18,0,20,0,7,118,0,125,0,9,136,0,145,208,0,208,353
11/21/2020,OXR,CA,AWP,WE,Federal Contract Tower,0,0,10,0,10,0,4,90,0,94,0,4,100,0,104,210,0,210,314
11/22/2020,OXR,CA,AWP,WE,Federal Contract Tower,0,2,17,0,19,0,8,103,0,111,0,10,120,0,130,278,0,278,408
11/23/2020,OXR,CA,AWP,WE,Federal Contract Tower,0,7,17,0,24,0,14,98,0,112,0,21,115,0,136,166,0,166,302
11/24/2020,OXR,CA,AWP,WE,Federal Contract Tower,0,3,13,0,16,0,18,105,4,127,0,21,118,4,143,186,0,186,329
11/25/2020,OXR,CA,AWP,WE,Federal Contract Tower,0,6,14,0,20,0,9,58,0,67,0,15,72,0,87,96,0,96,183
11/26/2020,OXR,CA,AWP,WE,Federal Contract Tower,0,0,1,0,1,0,3,25,0,28,0,3,26,0,29,4,0,4,33
11/27/2020,OXR,CA,AWP,WE,Federal Contract Tower,0,2,8,0,10,0,0,19,0,19,0,2,27,0,29,12,0,12,41
11/28/2020,OXR,CA,AWP,WE,Federal Contract Tower,0,0,11,0,11,0,1,89,0,90,0,1,100,0,101,74,0,74,175
11/29/2020,OXR,CA,AWP,WE,Federal Contract Tower,0,4,15,0,19,0,6,106,0,112,0,10,121,0,131,204,0,204,335
11/30/2020,OXR,CA,AWP,WE,Federal Contract Tower,0,3,16,0,19,0,9,83,2,94,0,12,99,2,113,154,0,154,267
12/01/2020,OXR,CA,AWP,WE,Federal Contract Tower,0,4,25,0,29,0,18,102,4,124,0,22,127,4,153,134,0,134,287
12/02/2020,OXR,CA,AWP,WE,Federal Contract Tower,0,5,9,0,14,0,7,67,20,94,0,12,76,20,108,146,0,146,254
12/03/2020,OXR,CA,AWP,WE,Federal Contract Tower,0,2,15,0,17,0,1,14,0,15,0,3,29,0,32,10,0,10,42
12/04/2020,OXR,CA,AWP,WE,Federal Contract Tower,0,2,12,0,14,0,9,80,0,89,0,11,92,0,103,230,0,230,333
12/05/2020,OXR,CA,AWP,WE,Federal Contract Tower,0,0,19,0,19,0,2,98,0,100,0,2,117,0,119,254,0,254,373
12/07/2020,OXR,CA,AWP,WE,Federal Contract Tower,0,2,4,0,6,0,6,7,0,13,0,8,11,0,19,26,0,26,45
12/08/2020,OXR,CA,AWP,WE,Federal Contract Tower,0,2,6,0,8,0,10,23,0,33,0,12,29,0,41,22,0,22,63
12/09/2020,OXR,CA,AWP,WE,Federal Contract Tower,0,2,0,0,2,7,82,0,0,89,7,84,0,0,91,118,16,134,225
12/10/2020,OXR,CA,AWP,WE,Federal Contract Tower,0,2,15,0,17,0,10,76,0,86,0,12,91,0,103,224,0,224,327
12/11/2020,OXR,CA,AWP,WE,Federal Contract Tower,0,2,33,0,35,0,2,54,0,56,0,4,87,0,91,176,0,176,267
12/12/2020,OXR,CA,AWP,WE,Federal Contract Tower,0,0,14,0,14,0,2,27,0,29,0,2,41,0,43,66,0,66,109
12/13/2020,OXR,CA,AWP,WE,Federal Contract Tower,0,0,8,0,8,0,5,116,0,121,0,5,124,0,129,258,0,258,387
12/14/2020,OXR,CA,AWP,WE,Federal Contract Tower,0,2,10,0,12,0,4,52,0,56,0,6,62,0,68,88,0,88,156
12/15/2020,OXR,CA,AWP,WE,Federal Contract Tower,0,2,3,2,7,0,26,43,2,71,0,28,46,4,78,76,14,90,168
12/16/2020,OXR,CA,AWP,WE,Federal Contract Tower,0,6,17,0,23,0,21,93,3,117,0,27,110,3,140,214,0,214,354
12/17/2020,OXR,CA,AWP,WE,Federal Contract Tower,0,4,8,0,12,0,10,42,0,52,0,14,50,0,64,48,0,48,112
12/18/2020,OXR,CA,AWP,WE,Federal Contract Tower,0,2,10,0,12,0,20,64,0,84,0,22,74,0,96,142,0,142,238
12/19/2020,OXR,CA,AWP,WE,Federal Contract Tower,0,4,14,0,18,0,6,93,0,99,0,10,107,0,117,206,0,206,323
12/20/2020,OXR,CA,AWP,WE,Federal Contract Tower,0,3,12,0,15,0,5,89,0,94,0,8,101,0,109,196,0,196,305
12/21/2020,OXR,CA,AWP,WE,Federal Contract Tower,0,2,12,0,14,0,9,96,0,105,0,11,108,0,119,206,0,206,325
12/22/2020,OXR,CA,AWP,WE,Federal Contract Tower,0,2,12,0,14,0,12,96,2,110,0,14,108,2,124,208,0,208,332
12/23/2020,OXR,CA,AWP,WE,Federal Contract Tower,0,2,2,2,6,0,4,25,0,29,0,6,27,2,35,2,0,2,37
12/24/2020,OXR,CA,AWP,WE,Federal Contract Tower,0,2,9,0,11,0,7,8,0,15,0,9,17,0,26,0,0,0,26
12/25/2020,OXR,CA,AWP,WE,Federal Contract Tower,0,3,1,0,4,0,1,16,0,17,0,4,17,0,21,18,0,18,39
12/26/2020,OXR,CA,AWP,WE,Federal Contract Tower,0,3,10,0,13,0,7,114,0,121,0,10,124,0,134,198,0,198,332
12/27/2020,OXR,CA,AWP,WE,Federal Contract Tower,0,3,6,0,9,0,5,35,0,40,0,8,41,0,49,94,0,94,143
12/28/2020,OXR,CA,AWP,WE,Federal Contract Tower,0,2,6,0,8,0,2,0,0,2,0,4,6,0,10,0,0,0,10
12/29/2020,OXR,CA,AWP,WE,Federal Contract Tower,0,2,9,0,11,0,13,101,4,118,0,15,110,4,129,134,0,134,263
12/30/2020,OXR,CA,AWP,WE,Federal Contract Tower,0,4,13,0,17,0,20,78,0,98,0,24,91,0,115,130,0,130,245
12/31/2020,OXR,CA,AWP,WE,Federal Contract Tower,0,4,4,0,8,0,22,61,0,83,0,26,65,0,91,178,0,178,269
01/01/2021,OXR,CA,AWP,WE,Federal Contract Tower,0,3,4,0,7,0,0,25,0,25,0,3,29,0,32,18,0,18,50
01/02/2021,OXR,CA,AWP,WE,Federal Contract Tower,0,5,16,0,21,0,7,82,6,95,0,12,98,6,116,128,0,128,244
01/03/2021,OXR,CA,AWP,WE,Federal Contract Tower,0,0,25,0,25,0,7,78,0,85,0,7,103,0,110,102,0,102,212
01/04/2021,OXR,CA,AWP,WE,Federal Contract Tower,0,2,18,0,20,0,13,63,0,76,0,15,81,0,96,54,0,54,150
01/05/2021,OXR,CA,AWP,WE,Federal Contract Tower,0,8,14,0,22,0,15,63,0,78,0,23,77,0,100,58,0,58,158
01/06/2021,OXR,CA,AWP,WE,Federal Contract Tower,0,2,10,0,12,0,15,113,0,128,0,17,123,0,140,124,0,124,264
01/07/2021,OXR,CA,AWP,WE,Federal Contract Tower,0,2,11,0,13,0,5,87,0,92,0,7,98,0,105,128,20,148,253
01/08/2021,OXR,CA,AWP,WE,Federal Contract Tower,0,3,10,0,13,0,4,87,0,91,0,7,97,0,104,234,0,234,338
01/09/2021,OXR,CA,AWP,WE,Federal Contract Tower,0,3,5,0,8,0,2,43,0,45,0,5,48,0,53,50,0,50,103
01/10/2021,OXR,CA,AWP,WE,Federal Contract Tower,0,0,8,0,8,0,8,97,0,105,0,8,105,0,113,214,0,214,327
01/11/2021,OXR,CA,AWP,WE,Federal Contract Tower,0,7,18,0,25,0,18,69,0,87,0,25,87,0,112,142,0,142,254
01/12/2021,OXR,CA,AWP,WE,Federal Contract Tower,0,2,5,0,7,0,12,82,6,100,0,14,87,6,107,108,0,108,215
01/13/2021,OXR,CA,AWP,WE,Federal Contract Tower,0,2,14,0,16,0,9,106,0,115,0,11,120,0,131,232,0,232,363
01/14/2021,OXR,CA,AWP,WE,Federal Contract Tower,0,2,5,3,10,0,6,37,1,44,0,8,42,4,54,126,0,126,180
01/15/2021,OXR,CA,AWP,WE,Federal Contract Tower,0,2,8,0,10,0,10,62,0,72,0,12,70,0,82,118,0,118,200
01/16/2021,OXR,CA,AWP,WE,Federal Contract Tower,0,2,14,0,16,0,8,97,0,105,0,10,111,0,121,174,0,174,295
01/17/2021,OXR,CA,AWP,WE,Federal Contract Tower,0,4,3,0,7,0,22,90,0,112,0,26,93,0,119,152,0,152,271
01/18/2021,OXR,CA,AWP,WE,Federal Contract Tower,0,2,9,1,12,0,10,39,2,51,0,12,48,3,63,42,6,48,111
01/19/2021,OXR,CA,AWP,WE,Federal Contract Tower,0,2,0,0,2,0,3,4,0,7,0,5,4,0,9,0,0,0,9
01/20/2021,OXR,CA,AWP,WE,Federal Contract Tower,0,2,1,0,3,0,13,10,0,23,0,15,11,0,26,26,0,26,52
01/21/2021,OXR,CA,AWP,WE,Federal Contract Tower,0,2,29,0,31,0,16,104,0,120,0,18,133,0,151,208,0,208,359
01/22/2021,OXR,CA,AWP,WE,Federal Contract Tower,0,3,42,0,45,0,7,40,0,47,0,10,82,0,92,172,0,172,264
01/23/2021,OXR,CA,AWP,WE,Federal Contract Tower,0,0,30,0,30,0,4,25,0,29,0,4,55,0,59,134,0,134,193
01/24/2021,OXR,CA,AWP,WE,Federal Contract Tower,0,0,5,0,5,0,6,127,0,133,0,6,132,0,138,230,0,230,368
01/25/2021,OXR,CA,AWP,WE,Federal Contract Tower,0,4,0,0,4,0,1,0,0,1,0,5,0,0,5,0,0,0,5
01/26/2021,OXR,CA,AWP,WE,Federal Contract Tower,0,2,11,0,13,0,16,135,4,155,0,18,146,4,168,174,0,174,342
01/27/2021,OXR,CA,AWP,WE,Federal Contract Tower,0,2,3,0,5,0,0,1,0,1,0,2,4,0,6,2,0,2,8
01/28/2021,OXR,CA,AWP,WE,Federal Contract Tower,0,2,3,0,5,0,5,6,0,11,0,7,9,0,16,28,0,28,44
01/29/2021,OXR,CA,AWP,WE,Federal Contract Tower,0,3,9,0,12,0,3,18,0,21,0,6,27,0,33,60,0,60,93
01/30/2021,OXR,CA,AWP,WE,Federal Contract Tower,0,4,10,0,14,0,11,110,0,121,0,15,120,0,135,202,0,202,337
01/31/2021,OXR,CA,AWP,WE,Federal Contract Tower,0,0,17,0,17,0,11,118,0,129,0,11,135,0,146,224,0,224,370
02/01/2021,OXR,CA,AWP,WE,Federal Contract Tower,0,2,6,0,8,0,5,78,0,83,0,7,84,0,91,180,0,180,271
02/02/2021,OXR,CA,AWP,WE,Federal Contract Tower,0,3,10,0,13,0,23,77,2,102,0,26,87,2,115,152,6,158,273
02/03/2021,OXR,CA,AWP,WE,Federal Contract Tower,0,2,14,0,16,0,8,116,0,124,0,10,130,0,140,212,0,212,352
02/04/2021,OXR,CA,AWP,WE,Federal Contract Tower,0,2,19,0,21,0,11,73,2,86,0,13,92,2,107,156,0,156,263
02/05/2021,OXR,CA,AWP,WE,Federal Contract Tower,0,2,15,2,19,0,15,73,0,88,0,17,88,2,107,174,0,174,281
02/06/2021,OXR,CA,AWP,WE,Federal Contract Tower,0,0,4,0,4,0,3,110,0,113,0,3,114,0,117,276,0,276,393
02/07/2021,OXR,CA,AWP,WE,Federal Contract Tower,0,0,11,0,11,0,10,98,0,108,0,10,109,0,119,166,0,166,285
02/08/2021,OXR,CA,AWP,WE,Federal Contract Tower,0,9,24,0,33,0,5,35,0,40,0,14,59,0,73,82,0,82,155
02/09/2021,OXR,CA,AWP,WE,Federal Contract Tower,0,4,41,0,45,0,18,32,2,52,0,22,73,2,97,70,0,70,167
02/10/2021,OXR,CA,AWP,WE,Federal Contract Tower,0,2,17,0,19,0,16,117,4,137,0,18,134,4,156,156,0,156,312
02/11/2021,OXR,CA,AWP,WE,Federal Contract Tower,0,4,23,0,27,0,14,103,0,117,0,18,126,0,144,154,0,154,298
02/12/2021,OXR,CA,AWP,WE,Federal Contract Tower,0,2,19,0,21,0,12,67,0,79,0,14,86,0,100,100,0,100,200
02/13/2021,OXR,CA,AWP,WE,Federal Contract Tower,0,0,24,0,24,0,2,23,0,25,0,2,47,0,49,70,0,70,119
02/14/2021,OXR,CA,AWP,WE,Federal Contract Tower,0,0,4,0,4,0,12,116,0,128,0,12,120,0,132,184,0,184,316
02/15/2021,OXR,CA,AWP,WE,Federal Contract Tower,0,2,16,0,18,0,5,87,0,92,0,7,103,0,110,204,0,204,314
02/16/2021,OXR,CA,AWP,WE,Federal Contract Tower,0,3,7,0,10,0,17,55,0,72,0,20,62,0,82,116,0,116,198
02/17/2021,OXR,CA,AWP,WE,Federal Contract Tower,0,6,15,2,23,0,38,104,2,144,0,44,119,4,167,198,12,210,377
02/18/2021,OXR,CA,AWP,WE,Federal Contract Tower,0,4,17,0,21,0,11,60,1,72,0,15,77,1,93,86,0,86,179
02/19/2021,OXR,CA,AWP,WE,Federal Contract Tower,0,3,19,0,22,0,11,104,0,115,0,14,123,0,137,188,0,188,325
02/20/2021,OXR,CA,AWP,WE,Federal Contract Tower,0,0,15,0,15,0,5,52,0,57,0,5,67,0,72,70,0,70,142
02/21/2021,OXR,CA,AWP,WE,Federal Contract Tower,0,1,14,2,17,0,10,43,0,53,0,11,57,2,70,48,0,48,118
02/22/2021,OXR,CA,AWP,WE,Federal Contract Tower,0,2,5,0,7,0,17,27,0,44,0,19,32,0,51,22,0,22,73
02/23/2021,OXR,CA,AWP,WE,Federal Contract Tower,0,2,9,0,11,0,20,104,0,124,0,22,113,0,135,208,0,208,343
02/24/2021,OXR,CA,AWP,WE,Federal Contract Tower,0,6,29,2,37,0,10,91,0,101,0,16,120,2,138,170,0,170,308
02/25/2021,OXR,CA,AWP,WE,Federal Contract Tower,0,4,7,0,11,0,3,16,0,19,0,7,23,0,30,32,0,32,62
02/26/2021,OXR,CA,AWP,WE,Federal Contract Tower,0,3,10,7,20,0,13,126,2,141,0,16,136,9,161,220,0,220,381
02/27/2021,OXR,CA,AWP,WE,Federal Contract Tower,0,0,2,0,2,0,6,77,0,83,0,6,79,0,85,212,0,212,297
02/28/2021,OXR,CA,AWP,WE,Federal Contract Tower,0,0,3,0,3,0,13,31,0,44,0,13,34,0,47,28,0,28,75
03/01/2021,OXR,CA,AWP,WE,Federal Contract Tower,0,1,4,0,5,0,22,62,2,86,0,23,66,2,91,104,0,104,195
03/02/2021,OXR,CA,AWP,WE,Federal Contract Tower,1,0,0,0,1,0,21,84,0,105,1,21,84,0,106,186,0,186,292
03/03/2021,OXR,CA,AWP,WE,Federal Contract Tower,0,0,0,0,0,0,7,26,0,33,0,7,26,0,33,80,0,80,113
03/04/2021,OXR,CA,AWP,WE,Federal Contract Tower,0,0,4,0,4,0,16,90,2,108,0,16,94,2,112,236,0,236,348
03/05/2021,OXR,CA,AWP,WE,Federal Contract Tower,0,8,18,0,26,0,15,129,0,144,0,23,147,0,170,314,0,314,484
03/06/2021,OXR,CA,AWP,WE,Federal Contract Tower,0,4,14,0,18,0,10,117,0,127,0,14,131,0,145,248,0,248,393
03/07/2021,OXR,CA,AWP,WE,Federal Contract Tower,0,12,50,0,62,0,8,69,0,77,0,20,119,0,139,170,0,170,309
03/08/2021,OXR,CA,AWP,WE,Federal Contract Tower,0,7,17,2,26,0,9,65,2,76,0,16,82,4,102,196,0,196,298
03/09/2021,OXR,CA,AWP,WE,Federal Contract Tower,0,2,5,2,9,0,16,52,0,68,0,18,57,2,77,40,0,40,117
03/10/2021,OXR,CA,AWP,WE,Federal Contract Tower,0,2,7,0,9,0,4,19,2,25,0,6,26,2,34,100,0,100,134
03/11/2021,OXR,CA,AWP,WE,Federal Contract Tower,0,2,14,0,16,0,11,53,0,64,0,13,67,0,80,254,0,254,334
03/12/2021,OXR,CA,AWP,WE,Federal Contract Tower,0,6,10,0,16,0,16,67,0,83,0,22,77,0,99,166,0,166,265
03/13/2021,OXR,CA,AWP,WE,Federal Contract Tower,0,0,14,0,14,0,6,89,0,95,0,6,103,0,109,158,0,158,267
03/14/2021,OXR,CA,AWP,WE,Federal Contract Tower,0,0,31,0,31,0,19,70,0,89,0,19,101,0,120,162,0,162,282
03/15/2021,OXR,CA,AWP,WE,Federal Contract Tower,0,7,9,0,16,0,7,11,0,18,0,14,20,0,34,0,0,0,34
03/16/2021,OXR,CA,AWP,WE,Federal Contract Tower,0,4,18,0,22,0,22,105,2,129,0,26,123,2,151,136,0,136,287
03/17/2021,OXR,CA,AWP,WE,Federal Contract Tower,0,2,13,2,17,0,16,111,10,137,0,18,124,12,154,158,0,158,312
03/18/2021,OXR,CA,AWP,WE,Federal Contract Tower,0,6,17,2,25,0,19,93,0,112,0,25,110,2,137,204,0,204,341
03/19/2021,OXR,CA,AWP,WE,Federal Contract Tower,0,12,12,0,24,0,9,82,2,93,0,21,94,2,117,134,0,134,251
03/20/2021,OXR,CA,AWP,WE,Federal Contract Tower,0,3,15,0,18,0,5,75,0,80,0,8,90,0,98,204,0,204,302
03/21/2021,OXR,CA,AWP,WE,Federal Contract Tower,0,4,6,0,10,0,20,143,0,163,0,24,149,0,173,346,0,346,519
03/22/2021,OXR,CA,AWP,WE,Federal Contract Tower,0,4,9,0,13,0,17,94,0,111,0,21,103,0,124,120,0,120,244
03/23/2021,OXR,CA,AWP,WE,Federal Contract Tower,0,3,15,0,18,0,15,64,0,79,0,18,79,0,97,44,0,44,141
03/24/2021,OXR,CA,AWP,WE,Federal Contract Tower,0,3,6,0,9,0,23,68,0,91,0,26,74,0,100,116,0,116,216
03/25/2021,OXR,CA,AWP,WE,Federal Contract Tower,0,7,30,0,37,0,14,44,0,58,0,21,74,0,95,108,0,108,203
03/26/2021,OXR,CA,AWP,WE,Federal Contract Tower,0,5,27,0,32,0,9,128,0,137,0,14,155,0,169,276,0,276,445
03/27/2021,OXR,CA,AWP,WE,Federal Contract Tower,0,7,7,0,14,0,6,96,0,102,0,13,103,0,116,266,0,266,382
03/28/2021,OXR,CA,AWP,WE,Federal Contract Tower,0,2,13,1,16,0,9,140,0,149,0,11,153,1,165,282,0,282,447
03/29/2021,OXR,CA,AWP,WE,Federal Contract Tower,0,2,8,0,10,0,11,125,0,136,0,13,133,0,146,224,0,224,370
03/30/2021,OXR,CA,AWP,WE,Federal Contract Tower,0,4,21,0,25,0,12,58,0,70,0,16,79,0,95,82,0,82,177
03/31/2021,OXR,CA,AWP,WE,Federal Contract Tower,0,2,7,1,10,0,13,30,0,43,0,15,37,1,53,20,0,20,73
04/01/2021,OXR,CA,AWP,WE,Federal Contract Tower,0,6,23,0,29,0,22,117,0,139,0,28,140,0,168,194,0,194,362
04/02/2021,OXR,CA,AWP,WE,Federal Contract Tower,0,6,17,0,23,0,38,84,2,124,0,44,101,2,147,196,4,200,347
04/03/2021,OXR,CA,AWP,WE,Federal Contract Tower,0,6,21,0,27,0,16,62,0,78,0,22,83,0,105,158,0,158,263
04/04/2021,OXR,CA,AWP,WE,Federal Contract Tower,0,0,10,0,10,0,7,72,0,79,0,7,82,0,89,90,0,90,179
04/05/2021,OXR,CA,AWP,WE,Federal Contract Tower,0,6,17,0,23,0,18,78,0,96,0,24,95,0,119,192,0,192,311
04/06/2021,OXR,CA,AWP,WE,Federal Contract Tower,0,5,4,0,9,0,42,111,0,153,0,47,115,0,162,192,0,192,354
04/07/2021,OXR,CA,AWP,WE,Federal Contract Tower,0,2,17,0,19,0,18,79,2,99,0,20,96,2,118,216,0,216,334
04/08/2021,OXR,CA,AWP,WE,Federal Contract Tower,0,3,17,2,22,0,23,124,0,147,0,26,141,2,169,228,0,228,397
04/09/2021,OXR,CA,AWP,WE,Federal Contract Tower,0,3,15,0,18,0,13,105,0,118,0,16,120,0,136,218,0,218,354
04/10/2021,OXR,CA,AWP,WE,Federal Contract Tower,0,2,6,0,8,0,4,80,0,84,0,6,86,0,92,192,0,192,284
04/11/2021,OXR,CA,AWP,WE,Federal Contract Tower,0,0,12,0,12,0,10,87,4,101,0,10,99,4,113,118,0,118,231
04/12/2021,OXR,CA,AWP,WE,Federal Contract Tower,0,5,29,0,34,0,2,28,0,30,0,7,57,0,64,64,0,64,128
04/13/2021,OXR,CA,AWP,WE,Federal Contract Tower,0,3,31,0,34,0,19,39,0,58,0,22,70,0,92,82,0,82,174
04/14/2021,OXR,CA,AWP,WE,Federal Contract Tower,0,3,38,0,41,0,24,76,1,101,0,27,114,1,142,176,0,176,318
04/15/2021,OXR,CA,AWP,WE,Federal Contract Tower,0,7,15,0,22,0,11,124,0,135,0,18,139,0,157,236,0,236,393
04/16/2021,OXR,CA,AWP,WE,Federal Contract Tower,0,3,15,0,18,0,6,88,0,94,0,9,103,0,112,276,0,276,388
04/17/2021,OXR,CA,AWP,WE,Federal Contract Tower,0,2,12,0,14,0,0,107,0,107,0,2,119,0,121,218,0,218,339
04/18/2021,OXR,CA,AWP,WE,Federal Contract Tower,0,3,9,0,12,0,5,78,0,83,0,8,87,0,95,136,0,136,231
04/19/2021,OXR,CA,AWP,WE,Federal Contract Tower,0,5,10,0,15,0,23,95,0,118,0,28,105,0,133,162,0,162,295
04/20/2021,OXR,CA,AWP,WE,Federal Contract Tower,0,2,43,0,45,0,8,31,0,39,0,10,74,0,84,48,0,48,132
04/21/2021,OXR,CA,AWP,WE,Federal Contract Tower,0,4,27,0,31,0,38,57,0,95,0,42,84,0,126,92,0,92,218
04/22/2021,OXR,CA,AWP,WE,Federal Contract Tower,0,6,55,0,61,0,12,54,4,70,0,18,109,4,131,178,0,178,309
04/23/2021,OXR,CA,AWP,WE,Federal Contract Tower,0,3,43,0,46,0,16,73,0,89,0,19,116,0,135,330,0,330,465
04/24/2021,OXR,CA,AWP,WE,Federal Contract Tower,0,0,25,0,25,0,11,67,0,78,0,11,92,0,103,194,0,194,297
04/25/2021,OXR,CA,AWP,WE,Federal Contract Tower,0,1,27,0,28,0,2,65,0,67,0,3,92,0,95,172,0,172,267
04/26/2021,OXR,CA,AWP,WE,Federal Contract Tower,0,2,9,0,11,0,14,62,0,76,0,16,71,0,87,100,0,100,187
04/27/2021,OXR,CA,AWP,WE,Federal Contract Tower,0,4,16,0,20,0,31,101,0,132,0,35,117,0,152,178,0,178,330
04/28/2021,OXR,CA,AWP,WE,Federal Contract Tower,0,2,12,0,14,0,15,105,0,120,0,17,117,0,134,204,0,204,338
04/29/2021,OXR,CA,AWP,WE,Federal Contract Tower,0,2,24,0,26,0,22,116,0,138,0,24,140,0,164,256,0,256,420
04/30/2021,OXR,CA,AWP,WE,Federal Contract Tower,0,4,15,0,19,0,21,80,0,101,0,25,95,0,120,274,0,274,394
05/01/2021,OXR,CA,AWP,WE,Federal Contract Tower,0,3,11,0,14,0,16,83,0,99,0,19,94,0,113,184,0,184,297
05/02/2021,OXR,CA,AWP,WE,Federal Contract Tower,0,8,12,0,20,0,14,155,0,169,0,22,167,0,189,182,0,182,371
05/03/2021,OXR,CA,AWP,WE,Federal Contract Tower,0,6,15,0,21,0,26,89,4,119,0,32,104,4,140,196,0,196,336
05/04/2021,OXR,CA,AWP,WE,Federal Contract Tower,0,5,12,0,17,0,25,97,0,122,0,30,109,0,139,172,0,172,311
05/05/2021,OXR,CA,AWP,WE,Federal Contract Tower,0,4,34,0,38,0,7,58,0,65,0,11,92,0,103,60,0,60,163
05/06/2021,OXR,CA,AWP,WE,Federal Contract Tower,0,2,51,0,53,0,10,30,0,40,0,12,81,0,93,74,0,74,167
05/07/2021,OXR,CA,AWP,WE,Federal Contract Tower,0,2,28,0,30,0,8,51,2,61,0,10,79,2,91,132,0,132,223
05/08/2021,OXR,CA,AWP,WE,Federal Contract Tower,0,6,23,0,29,0,6,82,0,88,0,12,105,0,117,244,0,244,361
05/09/2021,OXR,CA,AWP,WE,Federal Contract Tower,0,0,37,0,37,0,4,22,0,26,0,4,59,0,63,108,0,108,171
05/10/2021,OXR,CA,AWP,WE,Federal Contract Tower,0,6,50,0,56,0,18,22,0,40,0,24,72,0,96,46,0,46,142
05/11/2021,OXR,CA,AWP,WE,Federal Contract Tower,0,10,24,0,34,0,15,39,0,54,0,25,63,0,88,84,0,84,172
05/12/2021,OXR,CA,AWP,WE,Federal Contract Tower,0,10,46,0,56,0,10,16,0,26,0,20,62,0,82,36,0,36,118
05/13/2021,OXR,CA,AWP,WE,Federal Contract Tower,0,7,66,0,73,0,8,15,0,23,0,15,81,0,96,50,0,50,146
05/14/2021,OXR,CA,AWP,WE,Federal Contract Tower,0,14,39,0,53,0,6,16,0,22,0,20,55,0,75,106,0,106,181
05/15/2021,OXR,CA,AWP,WE,Federal Contract Tower,0,4,29,0,33,0,9,65,0,74,0,13,94,0,107,196,0,196,303
05/16/2021,OXR,CA,AWP,WE,Federal Contract Tower,0,10,32,0,42,0,25,51,0,76,0,35,83,0,118,190,0,190,308
05/17/2021,OXR,CA,AWP,WE,Federal Contract Tower,0,11,39,0,50,0,22,61,0,83,0,33,100,0,133,190,0,190,323
05/18/2021,OXR,CA,AWP,WE,Federal Contract Tower,0,3,30,0,33,0,29,87,2,118,0,32,117,2,151,80,0,80,231
05/19/2021,OXR,CA,AWP,WE,Federal Contract Tower,0,2,26,0,28,0,20,85,0,105,0,22,111,0,133,224,0,224,357
05/20/2021,OXR,CA,AWP,WE,Federal Contract Tower,0,6,27,0,33,0,11,113,0,124,0,17,140,0,157,182,0,182,339
05/21/2021,OXR,CA,AWP,WE,Federal Contract Tower,0,6,9,1,16,0,14,33,6,53,0,20,42,7,69,58,0,58,127
05/22/2021,OXR,CA,AWP,WE,Federal Contract Tower,0,1,17,0,18,0,6,90,0,96,0,7,107,0,114,192,0,192,306
05/23/2021,OXR,CA,AWP,WE,Federal Contract Tower,0,0,23,0,23,0,14,119,0,133,0,14,142,0,156,278,0,278,434
05/24/2021,OXR,CA,AWP,WE,Federal Contract Tower,0,5,20,1,26,0,16,105,1,122,0,21,125,2,148,200,0,200,348
05/25/2021,OXR,CA,AWP,WE,Federal Contract Tower,0,4,21,0,25,0,20,134,0,154,0,24,155,0,179,226,0,226,405
05/26/2021,OXR,CA,AWP,WE,Federal Contract Tower,0,2,11,0,13,0,20,96,0,116,0,22,107,0,129,180,0,180,309
05/27/2021,OXR,CA,AWP,WE,Federal Contract Tower,0,3,42,0,45,0,23,51,0,74,0,26,93,0,119,202,0,202,321
05/28/2021,OXR,CA,AWP,WE,Federal Contract Tower,0,3,41,0,44,0,7,48,0,55,0,10,89,0,99,228,0,228,327
05/29/2021,OXR,CA,AWP,WE,Federal Contract Tower,0,8,23,0,31,0,5,26,0,31,0,13,49,0,62,116,0,116,178
05/30/2021,OXR,CA,AWP,WE,Federal Contract Tower,0,9,17,0,26,0,16,74,0,90,0,25,91,0,116,116,0,116,232
05/31/2021,OXR,CA,AWP,WE,Federal Contract Tower,0,1,38,0,39,0,2,38,0,40,0,3,76,0,79,8,0,8,87
06/01/2021,OXR,CA,AWP,WE,Federal Contract Tower,0,15,35,0,50,0,2,0,0,2,0,17,35,0,52,0,0,0,52
06/02/2021,OXR,CA,AWP,WE,Federal Contract Tower,0,12,31,0,43,0,4,0,0,4,0,16,31,0,47,0,0,0,47
06/03/2021,OXR,CA,AWP,WE,Federal Contract Tower,0,18,24,0,42,0,11,26,2,39,0,29,50,2,81,72,0,72,153
06/04/2021,OXR,CA,AWP,WE,Federal Contract Tower,0,15,31,0,46,0,4,9,0,13,0,19,40,0,59,6,0,6,65
06/05/2021,OXR,CA,AWP,WE,Federal Contract Tower,0,0,37,0,37,0,7,54,0,61,0,7,91,0,98,140,0,140,238
06/06/2021,OXR,CA,AWP,WE,Federal Contract Tower,0,2,25,1,28,0,3,49,1,53,0,5,74,2,81,142,0,142,223
06/07/2021,OXR,CA,AWP,WE,Federal Contract Tower,0,2,39,0,41,0,12,13,0,25,0,14,52,0,66,86,0,86,152
06/08/2021,OXR,CA,AWP,WE,Federal Contract Tower,0,2,16,0,18,0,20,59,2,81,0,22,75,2,99,188,0,188,287
06/09/2021,OXR,CA,AWP,WE,Federal Contract Tower,0,2,10,0,12,0,24,74,0,98,0,26,84,0,110,142,0,142,252
06/10/2021,OXR,CA,AWP,WE,Federal Contract Tower,0,3,11,0,14,0,10,80,0,90,0,13,91,0,104,174,0,174,278
06/11/2021,OXR,CA,AWP,WE,Federal Contract Tower,0,11,15,0,26,0,12,88,0,100,0,23,103,0,126,202,0,202,328
06/12/2021,OXR,CA,AWP,WE,Federal Contract Tower,0,4,18,0,22,0,17,108,0,125,0,21,126,0,147,290,0,290,437
06/13/2021,OXR,CA,AWP,WE,Federal Contract Tower,0,5,14,1,20,0,5,110,1,116,0,10,124,2,136,152,0,152,288
06/14/2021,OXR,CA,AWP,WE,Federal Contract Tower,0,3,17,0,20,0,23,106,0,129,0,26,123,0,149,326,0,326,475
06/15/2021,OXR,CA,AWP,WE,Federal Contract Tower,0,2,16,0,18,0,13,100,0,113,0,15,116,0,131,190,0,190,321
06/16/2021,OXR,CA,AWP,WE,Federal Contract Tower,0,5,14,0,19,0,18,96,4,118,0,23,110,4,137,202,0,202,339
06/17/2021,OXR,CA,AWP,WE,Federal Contract Tower,0,6,27,0,33,0,0,3,0,3,0,6,30,0,36,0,0,0,36
06/18/2021,OXR,CA,AWP,WE,Federal Contract Tower,0,5,41,0,46,0,4,8,0,12,0,9,49,0,58,0,0,0,58
06/19/2021,OXR,CA,AWP,WE,Federal Contract Tower,0,7,37,0,44,0,0,0,0,0,0,7,37,0,44,0,0,0,44
06/20/2021,OXR,CA,AWP,WE,Federal Contract Tower,0,5,24,0,29,0,0,1,0,1,0,5,25,0,30,0,0,0,30
06/21/2021,OXR,CA,AWP,WE,Federal Contract Tower,0,9,44,0,53,0,6,17,0,23,0,15,61,0,76,24,0,24,100
06/22/2021,OXR,CA,AWP,WE,Federal Contract Tower,0,17,9,0,26,0,21,70,0,91,0,38,79,0,117,144,0,144,261
06/23/2021,OXR,CA,AWP,WE,Federal Contract Tower,0,6,10,0,16,0,23,95,0,118,0,29,105,0,134,184,0,184,318
06/24/2021,OXR,CA,AWP,WE,Federal Contract Tower,0,4,30,0,34,0,11,86,0,97,0,15,116,0,131,248,0,248,379
06/25/2021,OXR,CA,AWP,WE,Federal Contract Tower,0,3,27,0,30,0,19,108,0,127,0,22,135,0,157,328,0,328,485
06/26/2021,OXR,CA,AWP,WE,Federal Contract Tower,0,2,19,0,21,0,7,91,0,98,0,9,110,0,119,200,0,200,319
06/27/2021,OXR,CA,AWP,WE,Federal Contract Tower,0,4,7,0,11,0,13,131,0,144,0,17,138,0,155,282,0,282,437
06/28/2021,OXR,CA,AWP,WE,Federal Contract Tower,0,10,24,2,36,0,6,69,0,75,0,16,93,2,111,138,0,138,249
06/29/2021,OXR,CA,AWP,WE,Federal Contract Tower,0,8,52,3,63,0,0,1,0,1,0,8,53,3,64,0,0,0,64
06/30/2021,OXR,CA,AWP,WE,Federal Contract Tower,0,2,20,0,22,0,12,55,0,67,0,14,75,0,89,128,0,128,217
07/01/2021,OXR,CA,AWP,WE,Federal Contract Tower,0,2,28,0,30,0,16,70,0,86,0,18,98,0,116,190,0,190,306
07/02/2021,OXR,CA,AWP,WE,Federal Contract Tower,0,13,31,0,44,0,3,41,0,44,0,16,72,0,88,88,0,88,176
07/03/2021,OXR,CA,AWP,WE,Federal Contract Tower,0,2,20,3,25,0,8,56,0,64,0,10,76,3,89,200,0,200,289
07/04/2021,OXR,CA,AWP,WE,Federal Contract Tower,0,2,9,0,11,0,3,18,0,21,0,5,27,0,32,14,0,14,46
07/05/2021,OXR,CA,AWP,WE,Federal Contract Tower,0,3,22,0,25,0,4,41,0,45,0,7,63,0,70,56,0,56,126
07/06/2021,OXR,CA,AWP,WE,Federal Contract Tower,0,4,19,0,23,0,12,40,0,52,0,16,59,0,75,56,0,56,131
07/07/2021,OXR,CA,AWP,WE,Federal Contract Tower,0,7,25,0,32,0,15,50,0,65,0,22,75,0,97,42,0,42,139
07/08/2021,OXR,CA,AWP,WE,Federal Contract Tower,0,4,12,0,16,0,17,78,0,95,0,21,90,0,111,176,0,176,287
07/09/2021,OXR,CA,AWP,WE,Federal Contract Tower,0,7,15,0,22,0,21,90,0,111,0,28,105,0,133,268,0,268,401
07/10/2021,OXR,CA,AWP,WE,Federal Contract Tower,0,6,9,0,15,0,6,109,0,115,0,12,118,0,130,230,0,230,360
07/11/2021,OXR,CA,AWP,WE,Federal Contract Tower,0,6,5,0,11,0,3,81,0,84,0,9,86,0,95,138,0,138,233
07/12/2021,OXR,CA,AWP,WE,Federal Contract Tower,0,5,32,0,37,0,7,50,0,57,0,12,82,0,94,78,0,78,172
07/13/2021,OXR,CA,AWP,WE,Federal Contract Tower,0,5,20,0,25,0,7,39,0,46,0,12,59,0,71,68,0,68,139
07/14/2021,OXR,CA,AWP,WE,Federal Contract Tower,0,7,25,2,34,0,6,39,0,45,0,13,64,2,79,76,0,76,155
07/15/2021,OXR,CA,AWP,WE,Federal Contract Tower,0,2,14,0,16,0,16,60,0,76,0,18,74,0,92,154,0,154,246
07/16/2021,OXR,CA,AWP,WE,Federal Contract Tower,0,8,23,0,31,0,6,80,0,86,0,14,103,0,117,228,0,228,345
07/17/2021,OXR,CA,AWP,WE,Federal Contract Tower,0,3,21,0,24,0,4,86,0,90,0,7,107,0,114,270,0,270,384
07/18/2021,OXR,CA,AWP,WE,Federal Contract Tower,0,5,10,0,15,0,11,111,0,122,0,16,121,0,137,298,0,298,435
07/19/2021,OXR,CA,AWP,WE,Federal Contract Tower,0,3,28,0,31,0,6,86,0,92,0,9,114,0,123,288,0,288,411
07/20/2021,OXR,CA,AWP,WE,Federal Contract Tower,0,3,15,0,18,0,15,106,0,121,0,18,121,0,139,194,0,194,333
07/21/2021,OXR,CA,AWP,WE,Federal Contract Tower,0,3,8,0,11,0,18,64,0,82,0,21,72,0,93,266,0,266,359
07/22/2021,OXR,CA,AWP,WE,Federal Contract Tower,0,8,15,2,25,0,15,62,0,77,0,23,77,2,102,240,0,240,342
07/23/2021,OXR,CA,AWP,WE,Federal Contract Tower,0,11,16,0,27,0,6,50,0,56,0,17,66,0,83,122,0,122,205
07/24/2021,OXR,CA,AWP,WE,Federal Contract Tower,0,9,22,0,31,0,2,14,0,16,0,11,36,0,47,26,0,26,73
07/25/2021,OXR,CA,AWP,WE,Federal Contract Tower,0,22,28,4,54,0,2,43,0,45,0,24,71,4,99,152,0,152,251
07/26/2021,OXR,CA,AWP,WE,Federal Contract Tower,0,3,11,0,14,0,9,50,0,59,0,12,61,0,73,74,0,74,147
07/27/2021,OXR,CA,AWP,WE,Federal Contract Tower,0,6,26,0,32,0,5,40,0,45,0,11,66,0,77,94,0,94,171
07/28/2021,OXR,CA,AWP,WE,Federal Contract Tower,0,8,17,2,27,0,4,46,0,50,0,12,63,2,77,120,0,120,197
07/29/2021,OXR,CA,AWP,WE,Federal Contract Tower,0,11,27,0,38,0,2,21,0,23,0,13,48,0,61,62,0,62,123
07/30/2021,OXR,CA,AWP,WE,Federal Contract Tower,0,14,21,0,35,0,0,0,0,0,0,14,21,0,35,0,0,0,35
07/31/2021,OXR,CA,AWP,WE,Federal Contract Tower,0,6,30,0,36,0,0,27,0,27,0,6,57,0,63,90,0,90,153
08/01/2021,OXR,CA,AWP,WE,Federal Contract Tower,0,2,15,0,17,0,8,116,0,124,0,10,131,0,141,242,0,242,383
08/02/2021,OXR,CA,AWP,WE,Federal Contract Tower,0,5,15,3,23,0,37,115,1,153,0,42,130,4,176,228,0,228,404
08/03/2021,OXR,CA,AWP,WE,Federal Contract Tower,0,5,16,0,21,0,8,95,0,103,0,13,111,0,124,180,0,180,304
08/04/2021,OXR,CA,AWP,WE,Federal Contract Tower,0,0,0,0,0,0,9,0,0,9,0,9,0,0,9,0,0,0,9
08/05/2021,OXR,CA,AWP,WE,Federal Contract Tower,0,0,0,0,0,0,6,3,0,9,0,6,3,0,9,0,0,0,9
08/06/2021,OXR,CA,AWP,WE,Federal Contract Tower,0,0,0,0,0,0,4,2,0,6,0,4,2,0,6,0,0,0,6
08/07/2021,OXR,CA,AWP,WE,Federal Contract Tower,0,1,0,0,1,0,1,0,0,1,0,2,0,0,2,0,0,0,2
08/08/2021,OXR,CA,AWP,WE,Federal Contract Tower,0,5,0,0,5,0,0,0,0,0,0,5,0,0,5,0,0,0,5
08/09/2021,OXR,CA,AWP,WE,Federal Contract Tower,0,4,0,1,5,0,7,7,0,14,0,11,7,1,19,0,0,0,19
08/10/2021,OXR,CA,AWP,WE,Federal Contract Tower,0,4,0,0,4,0,16,3,0,19,0,20,3,0,23,0,0,0,23
08/11/2021,OXR,CA,AWP,WE,Federal Contract Tower,0,0,0,0,0,0,12,0,0,12,0,12,0,0,12,0,0,0,12
08/12/2021,OXR,CA,AWP,WE,Federal Contract Tower,0,0,0,0,0,0,24,9,6,39,0,24,9,6,39,0,0,0,39
08/13/2021,OXR,CA,AWP,WE,Federal Contract Tower,0,0,0,0,0,0,4,0,1,5,0,4,0,1,5,0,0,0,5
08/14/2021,OXR,CA,AWP,WE,Federal Contract Tower,0,2,0,0,2,0,1,0,0,1,0,3,0,0,3,0,0,0,3
08/15/2021,OXR,CA,AWP,WE,Federal Contract Tower,0,0,0,0,0,0,4,0,0,4,0,4,0,0,4,0,0,0,4
08/16/2021,OXR,CA,AWP,WE,Federal Contract Tower,0,0,0,0,0,0,3,1,0,4,0,3,1,0,4,0,0,0,4
08/17/2021,OXR,CA,AWP,WE,Federal Contract Tower,0,5,0,0,5,0,3,0,1,4,0,8,0,1,9,0,0,0,9
08/18/2021,OXR,CA,AWP,WE,Federal Contract Tower,0,0,0,0,0,0,6,3,0,9,0,6,3,0,9,0,0,0,9
08/19/2021,OXR,CA,AWP,WE,Federal Contract Tower,0,0,0,0,0,0,2,3,0,5,0,2,3,0,5,0,0,0,5
08/20/2021,OXR,CA,AWP,WE,Federal Contract Tower,0,0,0,0,0,0,11,1,0,12,0,11,1,0,12,0,0,0,12
08/21/2021,OXR,CA,AWP,WE,Federal Contract Tower,0,0,0,0,0,0,4,0,0,4,0,4,0,0,4,0,0,0,4
08/22/2021,OXR,CA,AWP,WE,Federal Contract Tower,0,0,0,0,0,0,6,0,0,6,0,6,0,0,6,0,0,0,6
08/23/2021,OXR,CA,AWP,WE,Federal Contract Tower,0,0,0,0,0,0,5,2,0,7,0,5,2,0,7,0,0,0,7
08/24/2021,OXR,CA,AWP,WE,Federal Contract Tower,0,0,0,0,0,0,9,5,1,15,0,9,5,1,15,0,0,0,15
08/25/2021,OXR,CA,AWP,WE,Federal Contract Tower,0,0,0,0,0,0,1,4,0,5,0,1,4,0,5,0,0,0,5
08/26/2021,OXR,CA,AWP,WE,Federal Contract Tower,0,0,0,0,0,0,2,7,0,9,0,2,7,0,9,0,0,0,9
08/27/2021,OXR,CA,AWP,WE,Federal Contract Tower,0,0,0,0,0,0,5,0,0,5,0,5,0,0,5,0,0,0,5
08/28/2021,OXR,CA,AWP,WE,Federal Contract Tower,0,0,0,0,0,0,0,0,0,0,0,0,0,0,0,0,0,0,0
08/29/2021,OXR,CA,AWP,WE,Federal Contract Tower,0,5,0,0,5,0,0,12,0,12,0,5,12,0,17,0,0,0,17
08/30/2021,OXR,CA,AWP,WE,Federal Contract Tower,0,0,0,0,0,0,0,1,0,1,0,0,1,0,1,0,0,0,1
08/31/2021,OXR,CA,AWP,WE,Federal Contract Tower,0,0,0,0,0,0,3,0,0,3,0,3,0,0,3,0,0,0,3
09/01/2021,OXR,CA,AWP,WE,Federal Contract Tower,0,0,0,0,0,0,4,1,0,5,0,4,1,0,5,0,0,0,5
09/02/2021,OXR,CA,AWP,WE,Federal Contract Tower,0,0,0,0,0,0,7,2,0,9,0,7,2,0,9,0,0,0,9
09/03/2021,OXR,CA,AWP,WE,Federal Contract Tower,0,3,0,0,3,0,0,0,0,0,0,3,0,0,3,0,0,0,3
09/04/2021,OXR,CA,AWP,WE,Federal Contract Tower,0,1,0,0,1,0,1,0,0,1,0,2,0,0,2,0,0,0,2
09/05/2021,OXR,CA,AWP,WE,Federal Contract Tower,0,3,0,0,3,0,3,0,0,3,0,6,0,0,6,0,0,0,6
09/06/2021,OXR,CA,AWP,WE,Federal Contract Tower,0,0,0,0,0,0,5,0,0,5,0,5,0,0,5,0,0,0,5
09/07/2021,OXR,CA,AWP,WE,Federal Contract Tower,0,0,0,0,0,0,4,3,0,7,0,4,3,0,7,0,0,0,7
09/08/2021,OXR,CA,AWP,WE,Federal Contract Tower,0,4,0,0,4,0,0,0,0,0,0,4,0,0,4,0,0,0,4
09/09/2021,OXR,CA,AWP,WE,Federal Contract Tower,0,3,0,0,3,0,2,0,0,2,0,5,0,0,5,0,0,0,5
09/10/2021,OXR,CA,AWP,WE,Federal Contract Tower,0,1,0,0,1,0,12,1,0,13,0,13,1,0,14,0,0,0,14
09/11/2021,OXR,CA,AWP,WE,Federal Contract Tower,0,0,0,0,0,0,3,0,0,3,0,3,0,0,3,0,0,0,3
09/12/2021,OXR,CA,AWP,WE,Federal Contract Tower,0,3,0,0,3,0,1,2,2,5,0,4,2,2,8,0,0,0,8
09/13/2021,OXR,CA,AWP,WE,Federal Contract Tower,0,0,0,0,0,0,3,0,0,3,0,3,0,0,3,0,0,0,3
09/14/2021,OXR,CA,AWP,WE,Federal Contract Tower,0,3,0,0,3,0,5,0,4,9,0,8,0,4,12,0,0,0,12
09/15/2021,OXR,CA,AWP,WE,Federal Contract Tower,0,2,0,0,2,0,2,0,0,2,0,4,0,0,4,0,0,0,4
09/16/2021,OXR,CA,AWP,WE,Federal Contract Tower,0,0,0,0,0,0,4,0,0,4,0,4,0,0,4,0,0,0,4
09/17/2021,OXR,CA,AWP,WE,Federal Contract Tower,0,0,0,0,0,0,5,2,0,7,0,5,2,0,7,0,0,0,7
09/18/2021,OXR,CA,AWP,WE,Federal Contract Tower,0,0,0,0,0,0,2,0,0,2,0,2,0,0,2,0,0,0,2
09/19/2021,OXR,CA,AWP,WE,Federal Contract Tower,0,0,0,0,0,0,3,6,0,9,0,3,6,0,9,0,0,0,9
09/20/2021,OXR,CA,AWP,WE,Federal Contract Tower,0,0,0,0,0,0,8,0,0,8,0,8,0,0,8,0,0,0,8
09/21/2021,OXR,CA,AWP,WE,Federal Contract Tower,0,3,0,0,3,0,10,0,0,10,0,13,0,0,13,0,0,0,13
09/22/2021,OXR,CA,AWP,WE,Federal Contract Tower,0,1,0,0,1,0,0,0,0,0,0,1,0,0,1,0,0,0,1
09/23/2021,OXR,CA,AWP,WE,Federal Contract Tower,0,4,0,0,4,0,7,1,0,8,0,11,1,0,12,0,0,0,12
09/24/2021,OXR,CA,AWP,WE,Federal Contract Tower,0,5,0,2,7,0,6,0,0,6,0,11,0,2,13,0,0,0,13
09/25/2021,OXR,CA,AWP,WE,Federal Contract Tower,0,4,0,0,4,0,0,0,0,0,0,4,0,0,4,0,0,0,4
09/26/2021,OXR,CA,AWP,WE,Federal Contract Tower,0,0,0,0,0,0,6,0,0,6,0,6,0,0,6,0,0,0,6
09/27/2021,OXR,CA,AWP,WE,Federal Contract Tower,0,0,0,0,0,0,4,0,0,4,0,4,0,0,4,0,0,0,4
09/28/2021,OXR,CA,AWP,WE,Federal Contract Tower,0,0,0,0,0,0,14,0,0,14,0,14,0,0,14,0,0,0,14
09/29/2021,OXR,CA,AWP,WE,Federal Contract Tower,0,0,0,0,0,0,8,2,0,10,0,8,2,0,10,0,0,0,10
09/30/2021,OXR,CA,AWP,WE,Federal Contract Tower,0,0,0,0,0,0,0,4,0,4,0,0,4,0,4,0,0,0,4
10/01/2021,OXR,CA,AWP,WE,Federal Contract Tower,0,0,0,0,0,0,9,0,0,9,0,9,0,0,9,0,0,0,9
10/02/2021,OXR,CA,AWP,WE,Federal Contract Tower,0,0,0,0,0,0,2,0,0,2,0,2,0,0,2,0,0,0,2
10/03/2021,OXR,CA,AWP,WE,Federal Contract Tower,0,0,0,0,0,0,3,5,0,8,0,3,5,0,8,0,0,0,8
10/04/2021,OXR,CA,AWP,WE,Federal Contract Tower,0,0,0,0,0,0,4,0,2,6,0,4,0,2,6,0,0,0,6
10/05/2021,OXR,CA,AWP,WE,Federal Contract Tower,0,0,0,0,0,0,6,2,2,10,0,6,2,2,10,0,0,0,10
10/07/2021,OXR,CA,AWP,WE,Federal Contract Tower,0,0,0,0,0,0,11,0,0,11,0,11,0,0,11,0,0,0,11
10/08/2021,OXR,CA,AWP,WE,Federal Contract Tower,0,0,0,0,0,0,2,0,0,2,0,2,0,0,2,0,0,0,2
10/09/2021,OXR,CA,AWP,WE,Federal Contract Tower,0,0,0,0,0,0,5,2,0,7,0,5,2,0,7,0,0,0,7
10/10/2021,OXR,CA,AWP,WE,Federal Contract Tower,0,0,0,0,0,0,2,0,0,2,0,2,0,0,2,0,0,0,2
10/11/2021,OXR,CA,AWP,WE,Federal Contract Tower,0,0,0,0,0,0,1,2,0,3,0,1,2,0,3,0,0,0,3
10/12/2021,OXR,CA,AWP,WE,Federal Contract Tower,0,0,0,0,0,0,5,2,2,9,0,5,2,2,9,0,0,0,9
10/13/2021,OXR,CA,AWP,WE,Federal Contract Tower,0,0,0,0,0,0,4,1,0,5,0,4,1,0,5,0,0,0,5
10/14/2021,OXR,CA,AWP,WE,Federal Contract Tower,0,0,0,0,0,0,2,0,0,2,0,2,0,0,2,0,0,0,2
10/15/2021,OXR,CA,AWP,WE,Federal Contract Tower,0,0,0,0,0,0,4,0,0,4,0,4,0,0,4,0,0,0,4
10/16/2021,OXR,CA,AWP,WE,Federal Contract Tower,0,0,0,0,0,0,4,0,0,4,0,4,0,0,4,0,0,0,4
10/17/2021,OXR,CA,AWP,WE,Federal Contract Tower,0,0,0,0,0,0,0,0,0,0,0,0,0,0,0,0,0,0,0
10/18/2021,OXR,CA,AWP,WE,Federal Contract Tower,0,0,0,0,0,0,10,2,0,12,0,10,2,0,12,0,0,0,12
10/19/2021,OXR,CA,AWP,WE,Federal Contract Tower,0,0,0,0,0,0,11,0,2,13,0,11,0,2,13,0,0,0,13
10/20/2021,OXR,CA,AWP,WE,Federal Contract Tower,0,0,0,0,0,0,5,4,0,9,0,5,4,0,9,0,0,0,9
10/21/2021,OXR,CA,AWP,WE,Federal Contract Tower,0,0,0,0,0,0,5,4,0,9,0,5,4,0,9,0,0,0,9
10/22/2021,OXR,CA,AWP,WE,Federal Contract Tower,0,2,6,0,8,0,4,4,0,8,0,6,10,0,16,0,0,0,16
10/23/2021,OXR,CA,AWP,WE,Federal Contract Tower,0,0,0,0,0,0,5,5,0,10,0,5,5,0,10,0,0,0,10
10/24/2021,OXR,CA,AWP,WE,Federal Contract Tower,0,0,0,0,0,0,8,12,0,20,0,8,12,0,20,0,0,0,20
10/25/2021,OXR,CA,AWP,WE,Federal Contract Tower,0,0,0,0,0,0,0,0,0,0,0,0,0,0,0,0,0,0,0
10/26/2021,OXR,CA,AWP,WE,Federal Contract Tower,0,0,0,0,0,0,4,17,0,21,0,4,17,0,21,0,0,0,21
10/27/2021,OXR,CA,AWP,WE,Federal Contract Tower,0,0,0,0,0,0,16,26,0,42,0,16,26,0,42,0,0,0,42
10/28/2021,OXR,CA,AWP,WE,Federal Contract Tower,0,0,0,0,0,0,2,8,0,10,0,2,8,0,10,0,0,0,10
10/29/2021,OXR,CA,AWP,WE,Federal Contract Tower,0,0,0,0,0,0,9,3,0,12,0,9,3,0,12,0,0,0,12
10/30/2021,OXR,CA,AWP,WE,Federal Contract Tower,0,0,0,0,0,0,0,0,0,0,0,0,0,0,0,0,0,0,0
10/31/2021,OXR,CA,AWP,WE,Federal Contract Tower,0,0,0,0,0,0,4,7,0,11,0,4,7,0,11,0,0,0,11
11/01/2021,OXR,CA,AWP,WE,Federal Contract Tower,0,0,0,0,0,0,3,6,0,9,0,3,6,0,9,0,0,0,9
11/02/2021,OXR,CA,AWP,WE,Federal Contract Tower,0,0,0,0,0,0,0,12,0,12,0,0,12,0,12,0,0,0,12
11/03/2021,OXR,CA,AWP,WE,Federal Contract Tower,0,0,0,0,0,0,0,1,0,1,0,0,1,0,1,0,0,0,1
11/04/2021,OXR,CA,AWP,WE,Federal Contract Tower,0,4,0,0,4,0,5,0,0,5,0,9,0,0,9,0,0,0,9
11/05/2021,OXR,CA,AWP,WE,Federal Contract Tower,0,4,9,0,13,0,1,10,0,11,0,5,19,0,24,0,0,0,24
11/06/2021,OXR,CA,AWP,WE,Federal Contract Tower,0,3,31,0,34,0,1,24,0,25,0,4,55,0,59,40,0,40,99
11/07/2021,OXR,CA,AWP,WE,Federal Contract Tower,0,4,18,0,22,0,4,40,5,49,0,8,58,5,71,70,0,70,141
11/08/2021,OXR,CA,AWP,WE,Federal Contract Tower,0,5,14,0,19,0,8,53,0,61,0,13,67,0,80,148,0,148,228
11/09/2021,OXR,CA,AWP,WE,Federal Contract Tower,0,6,26,0,32,0,2,18,0,20,0,8,44,0,52,74,0,74,126
11/10/2021,OXR,CA,AWP,WE,Federal Contract Tower,0,15,10,0,25,0,5,67,0,72,0,20,77,0,97,168,0,168,265
11/11/2021,OXR,CA,AWP,WE,Federal Contract Tower,0,2,10,0,12,0,9,61,0,70,0,11,71,0,82,142,0,142,224
11/12/2021,OXR,CA,AWP,WE,Federal Contract Tower,0,2,10,0,12,0,8,82,0,90,0,10,92,0,102,158,0,158,260
11/13/2021,OXR,CA,AWP,WE,Federal Contract Tower,0,1,5,0,6,0,7,143,0,150,0,8,148,0,156,258,0,258,414
11/14/2021,OXR,CA,AWP,WE,Federal Contract Tower,0,1,5,0,6,0,2,70,0,72,0,3,75,0,78,238,0,238,316
11/15/2021,OXR,CA,AWP,WE,Federal Contract Tower,0,2,15,1,18,0,12,44,0,56,0,14,59,1,74,90,0,90,164
11/16/2021,OXR,CA,AWP,WE,Federal Contract Tower,0,5,18,0,23,0,36,47,0,83,0,41,65,0,106,116,0,116,222
11/17/2021,OXR,CA,AWP,WE,Federal Contract Tower,0,8,22,0,30,0,1,61,2,64,0,9,83,2,94,138,0,138,232
11/18/2021,OXR,CA,AWP,WE,Federal Contract Tower,0,4,21,2,27,0,35,56,4,95,0,39,77,6,122,36,0,36,158
11/19/2021,OXR,CA,AWP,WE,Federal Contract Tower,0,6,14,0,20,0,7,32,0,39,0,13,46,0,59,74,0,74,133
11/20/2021,OXR,CA,AWP,WE,Federal Contract Tower,0,5,34,0,39,0,2,36,0,38,0,7,70,0,77,176,0,176,253
11/21/2021,OXR,CA,AWP,WE,Federal Contract Tower,0,0,8,0,8,0,3,26,0,29,0,3,34,0,37,70,0,70,107
11/22/2021,OXR,CA,AWP,WE,Federal Contract Tower,0,5,13,0,18,0,8,61,0,69,0,13,74,0,87,116,0,116,203
11/23/2021,OXR,CA,AWP,WE,Federal Contract Tower,0,5,15,0,20,0,20,86,0,106,0,25,101,0,126,204,0,204,330
11/24/2021,OXR,CA,AWP,WE,Federal Contract Tower,0,2,17,0,19,0,5,56,0,61,0,7,73,0,80,50,0,50,130
11/25/2021,OXR,CA,AWP,WE,Federal Contract Tower,0,0,0,0,0,0,0,2,0,2,0,0,2,0,2,0,0,0,2
11/26/2021,OXR,CA,AWP,WE,Federal Contract Tower,0,3,10,0,13,0,0,60,0,60,0,3,70,0,73,172,0,172,245
11/27/2021,OXR,CA,AWP,WE,Federal Contract Tower,0,3,18,0,21,0,0,91,0,91,0,3,109,0,112,194,0,194,306
11/28/2021,OXR,CA,AWP,WE,Federal Contract Tower,0,0,12,0,12,0,12,88,0,100,0,12,100,0,112,242,0,242,354
11/29/2021,OXR,CA,AWP,WE,Federal Contract Tower,0,2,21,2,25,0,5,69,0,74,0,7,90,2,99,246,0,246,345
11/30/2021,OXR,CA,AWP,WE,Federal Contract Tower,0,3,9,0,12,0,14,32,0,46,0,17,41,0,58,54,0,54,112
12/01/2021,OXR,CA,AWP,WE,Federal Contract Tower,0,7,30,2,39,0,0,0,0,0,0,7,30,2,39,0,0,0,39
12/02/2021,OXR,CA,AWP,WE,Federal Contract Tower,0,6,30,2,38,0,7,2,0,9,0,13,32,2,47,0,0,0,47
12/03/2021,OXR,CA,AWP,WE,Federal Contract Tower,0,12,25,0,37,0,20,20,0,40,0,32,45,0,77,106,0,106,183
12/04/2021,OXR,CA,AWP,WE,Federal Contract Tower,0,0,10,0,10,0,4,11,3,18,0,4,21,3,28,24,0,24,52
12/05/2021,OXR,CA,AWP,WE,Federal Contract Tower,0,0,20,0,20,0,0,55,0,55,0,0,75,0,75,182,0,182,257
12/06/2021,OXR,CA,AWP,WE,Federal Contract Tower,0,3,35,0,38,0,0,5,0,5,0,3,40,0,43,36,0,36,79
12/07/2021,OXR,CA,AWP,WE,Federal Contract Tower,0,7,13,0,20,0,7,51,0,58,0,14,64,0,78,146,0,146,224
12/08/2021,OXR,CA,AWP,WE,Federal Contract Tower,0,3,15,2,20,0,31,72,3,106,0,34,87,5,126,162,0,162,288
12/09/2021,OXR,CA,AWP,WE,Federal Contract Tower,0,2,19,0,21,0,7,16,8,31,0,9,35,8,52,54,0,54,106
12/10/2021,OXR,CA,AWP,WE,Federal Contract Tower,0,3,14,1,18,0,7,103,1,111,0,10,117,2,129,144,0,144,273
12/11/2021,OXR,CA,AWP,WE,Federal Contract Tower,0,3,10,0,13,0,4,76,0,80,0,7,86,0,93,198,0,198,291
12/12/2021,OXR,CA,AWP,WE,Federal Contract Tower,0,3,20,0,23,0,18,104,0,122,0,21,124,0,145,170,0,170,315
12/13/2021,OXR,CA,AWP,WE,Federal Contract Tower,0,6,12,0,18,0,4,20,0,24,0,10,32,0,42,112,0,112,154
12/14/2021,OXR,CA,AWP,WE,Federal Contract Tower,0,4,3,0,7,0,0,0,0,0,0,4,3,0,7,0,0,0,7
12/15/2021,OXR,CA,AWP,WE,Federal Contract Tower,0,4,12,0,16,0,17,124,4,145,0,21,136,4,161,178,0,178,339
12/16/2021,OXR,CA,AWP,WE,Federal Contract Tower,0,6,34,0,40,0,4,12,0,16,0,10,46,0,56,38,0,38,94
12/17/2021,OXR,CA,AWP,WE,Federal Contract Tower,0,4,17,0,21,0,6,83,0,89,0,10,100,0,110,184,0,184,294
12/18/2021,OXR,CA,AWP,WE,Federal Contract Tower,0,1,13,0,14,0,9,92,0,101,0,10,105,0,115,216,0,216,331
12/19/2021,OXR,CA,AWP,WE,Federal Contract Tower,0,0,8,0,8,0,10,108,4,122,0,10,116,4,130,230,0,230,360
12/20/2021,OXR,CA,AWP,WE,Federal Contract Tower,0,0,7,1,8,0,30,65,1,96,0,30,72,2,104,170,0,170,274
12/21/2021,OXR,CA,AWP,WE,Federal Contract Tower,0,0,8,0,8,0,10,78,0,88,0,10,86,0,96,182,0,182,278
12/22/2021,OXR,CA,AWP,WE,Federal Contract Tower,0,0,11,0,11,0,6,71,0,77,0,6,82,0,88,168,0,168,256
12/23/2021,OXR,CA,AWP,WE,Federal Contract Tower,0,2,5,0,7,0,0,0,0,0,0,2,5,0,7,0,0,0,7
12/24/2021,OXR,CA,AWP,WE,Federal Contract Tower,0,2,8,0,10,0,0,7,0,7,0,2,15,0,17,4,0,4,21
12/25/2021,OXR,CA,AWP,WE,Federal Contract Tower,0,0,0,0,0,0,2,6,0,8,0,2,6,0,8,0,0,0,8
12/26/2021,OXR,CA,AWP,WE,Federal Contract Tower,0,0,16,0,16,0,4,71,0,75,0,4,87,0,91,162,0,162,253
12/27/2021,OXR,CA,AWP,WE,Federal Contract Tower,0,3,5,0,8,0,5,9,0,14,0,8,14,0,22,66,0,66,88
12/28/2021,OXR,CA,AWP,WE,Federal Contract Tower,0,2,4,0,6,0,9,65,0,74,0,11,69,0,80,126,0,126,206
12/29/2021,OXR,CA,AWP,WE,Federal Contract Tower,0,6,8,0,14,0,2,2,0,4,0,8,10,0,18,0,0,0,18
12/30/2021,OXR,CA,AWP,WE,Federal Contract Tower,0,3,1,4,8,0,0,0,0,0,0,3,1,4,8,0,0,0,8
12/31/2021,OXR,CA,AWP,WE,Federal Contract Tower,0,2,20,0,22,0,6,62,0,68,0,8,82,0,90,156,0,156,246
01/01/2022,OXR,CA,AWP,WE,Federal Contract Tower,0,1,4,0,5,0,4,35,0,39,0,5,39,0,44,0,0,0,44
01/02/2022,OXR,CA,AWP,WE,Federal Contract Tower,0,7,19,0,26,0,23,87,0,110,0,30,106,0,136,216,0,216,352
01/03/2022,OXR,CA,AWP,WE,Federal Contract Tower,0,0,6,0,6,0,2,65,0,67,0,2,71,0,73,148,0,148,221
01/04/2022,OXR,CA,AWP,WE,Federal Contract Tower,0,5,15,0,20,0,10,82,0,92,0,15,97,0,112,192,0,192,304
01/05/2022,OXR,CA,AWP,WE,Federal Contract Tower,0,1,5,0,6,0,41,75,2,118,0,42,80,2,124,216,0,216,340
01/06/2022,OXR,CA,AWP,WE,Federal Contract Tower,0,4,4,0,8,0,6,115,0,121,0,10,119,0,129,310,0,310,439
01/07/2022,OXR,CA,AWP,WE,Federal Contract Tower,0,4,44,0,48,0,1,9,0,10,0,5,53,0,58,30,0,30,88
01/08/2022,OXR,CA,AWP,WE,Federal Contract Tower,0,0,15,0,15,0,7,64,2,73,0,7,79,2,88,220,0,220,308
01/09/2022,OXR,CA,AWP,WE,Federal Contract Tower,0,4,7,0,11,0,6,51,0,57,0,10,58,0,68,136,0,136,204
01/10/2022,OXR,CA,AWP,WE,Federal Contract Tower,0,2,9,0,11,0,20,41,0,61,0,22,50,0,72,144,0,144,216
01/11/2022,OXR,CA,AWP,WE,Federal Contract Tower,0,0,6,0,6,0,27,55,0,82,0,27,61,0,88,38,0,38,126
01/12/2022,OXR,CA,AWP,WE,Federal Contract Tower,0,2,12,0,14,0,21,88,2,111,0,23,100,2,125,158,0,158,283
01/13/2022,OXR,CA,AWP,WE,Federal Contract Tower,0,2,24,0,26,0,15,98,0,113,0,17,122,0,139,270,0,270,409
01/14/2022,OXR,CA,AWP,WE,Federal Contract Tower,0,1,1,0,2,0,3,18,0,21,0,4,19,0,23,32,0,32,55
01/15/2022,OXR,CA,AWP,WE,Federal Contract Tower,0,0,10,0,10,0,0,35,0,35,0,0,45,0,45,140,0,140,185
01/16/2022,OXR,CA,AWP,WE,Federal Contract Tower,0,0,10,0,10,0,8,92,0,100,0,8,102,0,110,238,0,238,348
01/17/2022,OXR,CA,AWP,WE,Federal Contract Tower,0,0,18,0,18,0,2,39,0,41,0,2,57,0,59,120,0,120,179
01/18/2022,OXR,CA,AWP,WE,Federal Contract Tower,0,5,24,0,29,0,17,69,0,86,0,22,93,0,115,110,0,110,225
01/19/2022,OXR,CA,AWP,WE,Federal Contract Tower,0,6,41,2,49,0,18,45,2,65,0,24,86,4,114,46,0,46,160
01/20/2022,OXR,CA,AWP,WE,Federal Contract Tower,0,2,9,0,11,0,6,68,0,74,0,8,77,0,85,162,0,162,247
01/21/2022,OXR,CA,AWP,WE,Federal Contract Tower,0,4,4,2,10,0,16,67,0,83,0,20,71,2,93,190,0,190,283
01/22/2022,OXR,CA,AWP,WE,Federal Contract Tower,0,1,5,0,6,0,3,19,0,22,0,4,24,0,28,24,0,24,52
01/23/2022,OXR,CA,AWP,WE,Federal Contract Tower,0,0,7,0,7,0,10,92,0,102,0,10,99,0,109,208,0,208,317
01/24/2022,OXR,CA,AWP,WE,Federal Contract Tower,0,2,15,0,17,0,7,116,0,123,0,9,131,0,140,262,0,262,402
01/25/2022,OXR,CA,AWP,WE,Federal Contract Tower,0,4,17,0,21,0,5,116,2,123,0,9,133,2,144,222,0,222,366
01/26/2022,OXR,CA,AWP,WE,Federal Contract Tower,0,2,17,0,19,0,8,48,0,56,0,10,65,0,75,166,0,166,241
01/27/2022,OXR,CA,AWP,WE,Federal Contract Tower,0,4,15,2,21,0,15,64,0,79,0,19,79,2,100,186,0,186,286
01/28/2022,OXR,CA,AWP,WE,Federal Contract Tower,0,2,4,0,6,0,4,12,0,16,0,6,16,0,22,0,0,0,22
01/29/2022,OXR,CA,AWP,WE,Federal Contract Tower,0,4,6,0,10,0,5,88,0,93,0,9,94,0,103,234,0,234,337
01/30/2022,OXR,CA,AWP,WE,Federal Contract Tower,0,2,9,0,11,0,10,90,2,102,0,12,99,2,113,278,0,278,391
01/31/2022,OXR,CA,AWP,WE,Federal Contract Tower,0,4,12,0,16,0,24,82,0,106,0,28,94,0,122,320,0,320,442
02/01/2022,OXR,CA,AWP,WE,Federal Contract Tower,0,2,11,2,15,0,16,76,0,92,0,18,87,2,107,190,0,190,297
02/02/2022,OXR,CA,AWP,WE,Federal Contract Tower,0,4,2,0,6,0,4,8,0,12,0,8,10,0,18,10,0,10,28
02/03/2022,OXR,CA,AWP,WE,Federal Contract Tower,0,4,13,0,17,0,16,77,0,93,0,20,90,0,110,238,0,238,348
02/04/2022,OXR,CA,AWP,WE,Federal Contract Tower,0,4,3,0,7,0,4,32,0,36,0,8,35,0,43,24,0,24,67
02/05/2022,OXR,CA,AWP,WE,Federal Contract Tower,0,4,7,4,15,0,7,52,0,59,0,11,59,4,74,138,0,138,212
02/06/2022,OXR,CA,AWP,WE,Federal Contract Tower,0,1,10,0,11,0,11,70,0,81,0,12,80,0,92,100,0,100,192
02/07/2022,OXR,CA,AWP,WE,Federal Contract Tower,0,5,4,0,9,0,13,56,0,69,0,18,60,0,78,92,0,92,170
02/08/2022,OXR,CA,AWP,WE,Federal Contract Tower,0,6,3,0,9,0,10,74,4,88,0,16,77,4,97,114,0,114,211
02/09/2022,OXR,CA,AWP,WE,Federal Contract Tower,0,2,4,0,6,0,14,56,0,70,0,16,60,0,76,106,0,106,182
02/10/2022,OXR,CA,AWP,WE,Federal Contract Tower,0,3,11,0,14,0,18,13,0,31,0,21,24,0,45,44,0,44,89
02/11/2022,OXR,CA,AWP,WE,Federal Contract Tower,0,4,26,0,30,0,23,136,0,159,0,27,162,0,189,348,0,348,537
02/12/2022,OXR,CA,AWP,WE,Federal Contract Tower,0,4,15,0,19,0,2,72,0,74,0,6,87,0,93,220,0,220,313
02/13/2022,OXR,CA,AWP,WE,Federal Contract Tower,0,6,10,0,16,0,9,58,0,67,0,15,68,0,83,138,0,138,221
02/14/2022,OXR,CA,AWP,WE,Federal Contract Tower,0,7,17,0,24,0,7,55,0,62,0,14,72,0,86,190,0,190,276
02/15/2022,OXR,CA,AWP,WE,Federal Contract Tower,0,6,18,0,24,0,12,22,0,34,0,18,40,0,58,26,0,26,84
02/16/2022,OXR,CA,AWP,WE,Federal Contract Tower,0,4,19,0,23,0,13,132,0,145,0,17,151,0,168,284,0,284,452
02/17/2022,OXR,CA,AWP,WE,Federal Contract Tower,0,6,3,0,9,0,9,32,0,41,0,15,35,0,50,58,0,58,108
02/18/2022,OXR,CA,AWP,WE,Federal Contract Tower,0,5,18,0,23,0,10,101,4,115,0,15,119,4,138,304,0,304,442
02/19/2022,OXR,CA,AWP,WE,Federal Contract Tower,0,3,15,0,18,0,4,107,0,111,0,7,122,0,129,240,0,240,369
02/20/2022,OXR,CA,AWP,WE,Federal Contract Tower,0,0,21,0,21,0,2,62,0,64,0,2,83,0,85,238,0,238,323
02/21/2022,OXR,CA,AWP,WE,Federal Contract Tower,0,2,21,0,23,0,2,55,0,57,0,4,76,0,80,82,0,82,162
02/22/2022,OXR,CA,AWP,WE,Federal Contract Tower,0,3,10,0,13,0,2,24,0,26,0,5,34,0,39,90,0,90,129
02/23/2022,OXR,CA,AWP,WE,Federal Contract Tower,0,1,10,0,11,0,15,25,2,42,0,16,35,2,53,16,0,16,69
02/24/2022,OXR,CA,AWP,WE,Federal Contract Tower,0,1,22,0,23,0,14,69,0,83,0,15,91,0,106,228,0,228,334
02/25/2022,OXR,CA,AWP,WE,Federal Contract Tower,0,4,19,0,23,0,3,81,0,84,0,7,100,0,107,276,0,276,383
02/26/2022,OXR,CA,AWP,WE,Federal Contract Tower,0,10,5,0,15,0,8,49,0,57,0,18,54,0,72,92,0,92,164
02/27/2022,OXR,CA,AWP,WE,Federal Contract Tower,0,3,7,0,10,0,11,97,0,108,0,14,104,0,118,228,0,228,346
02/28/2022,OXR,CA,AWP,WE,Federal Contract Tower,0,2,3,0,5,0,2,35,0,37,0,4,38,0,42,114,0,114,156
03/01/2022,OXR,CA,AWP,WE,Federal Contract Tower,0,2,12,0,14,0,14,95,0,109,0,16,107,0,123,184,0,184,307
03/02/2022,OXR,CA,AWP,WE,Federal Contract Tower,0,4,5,0,9,0,4,141,2,147,0,8,146,2,156,276,12,288,444
03/03/2022,OXR,CA,AWP,WE,Federal Contract Tower,0,3,15,0,18,0,5,70,0,75,0,8,85,0,93,166,0,166,259
03/04/2022,OXR,CA,AWP,WE,Federal Contract Tower,0,4,17,0,21,0,8,50,0,58,0,12,67,0,79,150,0,150,229
03/05/2022,OXR,CA,AWP,WE,Federal Contract Tower,0,4,8,0,12,0,0,13,16,29,0,4,21,16,41,42,24,66,107
03/06/2022,OXR,CA,AWP,WE,Federal Contract Tower,0,1,25,0,26,0,8,133,0,141,0,9,158,0,167,356,0,356,523
03/07/2022,OXR,CA,AWP,WE,Federal Contract Tower,0,2,7,0,9,0,12,68,0,80,0,14,75,0,89,106,0,106,195
03/08/2022,OXR,CA,AWP,WE,Federal Contract Tower,0,5,15,0,20,0,9,113,0,122,0,14,128,0,142,202,0,202,344
03/09/2022,OXR,CA,AWP,WE,Federal Contract Tower,0,2,17,0,19,0,11,101,2,114,0,13,118,2,133,268,0,268,401
03/10/2022,OXR,CA,AWP,WE,Federal Contract Tower,0,2,12,0,14,0,13,68,0,81,0,15,80,0,95,250,0,250,345
03/11/2022,OXR,CA,AWP,WE,Federal Contract Tower,0,2,6,0,8,0,15,70,0,85,0,17,76,0,93,194,0,194,287
03/12/2022,OXR,CA,AWP,WE,Federal Contract Tower,0,2,12,0,14,0,36,117,0,153,0,38,129,0,167,402,0,402,569
03/13/2022,OXR,CA,AWP,WE,Federal Contract Tower,0,0,15,0,15,0,20,139,0,159,0,20,154,0,174,312,0,312,486
03/14/2022,OXR,CA,AWP,WE,Federal Contract Tower,0,10,13,2,25,0,17,128,0,145,0,27,141,2,170,372,0,372,542
03/15/2022,OXR,CA,AWP,WE,Federal Contract Tower,0,4,12,2,18,0,19,74,0,93,0,23,86,2,111,194,0,194,305
03/16/2022,OXR,CA,AWP,WE,Federal Contract Tower,0,2,6,2,10,0,18,83,2,103,0,20,89,4,113,236,0,236,349
03/17/2022,OXR,CA,AWP,WE,Federal Contract Tower,0,5,24,0,29,0,18,109,0,127,0,23,133,0,156,224,0,224,380
03/18/2022,OXR,CA,AWP,WE,Federal Contract Tower,0,2,20,0,22,0,10,88,0,98,0,12,108,0,120,354,0,354,474
03/19/2022,OXR,CA,AWP,WE,Federal Contract Tower,0,5,23,0,28,0,10,28,0,38,0,15,51,0,66,68,0,68,134
03/20/2022,OXR,CA,AWP,WE,Federal Contract Tower,0,3,10,0,13,0,4,27,0,31,0,7,37,0,44,34,0,34,78
03/21/2022,OXR,CA,AWP,WE,Federal Contract Tower,0,2,17,0,19,0,18,138,0,156,0,20,155,0,175,344,0,344,519
03/22/2022,OXR,CA,AWP,WE,Federal Contract Tower,0,2,14,0,16,0,9,61,0,70,0,11,75,0,86,104,0,104,190
03/23/2022,OXR,CA,AWP,WE,Federal Contract Tower,0,8,14,0,22,0,21,112,4,137,0,29,126,4,159,246,0,246,405
03/24/2022,OXR,CA,AWP,WE,Federal Contract Tower,0,6,23,0,29,0,22,75,0,97,0,28,98,0,126,166,0,166,292
03/25/2022,OXR,CA,AWP,WE,Federal Contract Tower,0,8,25,0,33,0,8,54,0,62,0,16,79,0,95,136,0,136,231
03/26/2022,OXR,CA,AWP,WE,Federal Contract Tower,0,15,44,0,59,0,0,13,0,13,0,15,57,0,72,20,0,20,92
03/27/2022,OXR,CA,AWP,WE,Federal Contract Tower,0,0,27,0,27,0,6,41,0,47,0,6,68,0,74,96,0,96,170
03/28/2022,OXR,CA,AWP,WE,Federal Contract Tower,0,2,7,0,9,0,0,0,0,0,0,2,7,0,9,0,0,0,9
03/29/2022,OXR,CA,AWP,WE,Federal Contract Tower,0,5,11,0,16,0,12,96,2,110,0,17,107,2,126,178,0,178,304
03/30/2022,OXR,CA,AWP,WE,Federal Contract Tower,0,5,20,0,25,0,44,70,2,116,0,49,90,2,141,126,0,126,267
03/31/2022,OXR,CA,AWP,WE,Federal Contract Tower,0,4,24,0,28,0,11,48,0,59,0,15,72,0,87,172,0,172,259
04/01/2022,OXR,CA,AWP,WE,Federal Contract Tower,0,12,20,0,32,0,16,71,0,87,0,28,91,0,119,140,0,140,259
04/02/2022,OXR,CA,AWP,WE,Federal Contract Tower,0,3,49,0,52,0,2,13,0,15,0,5,62,0,67,60,6,66,133
04/03/2022,OXR,CA,AWP,WE,Federal Contract Tower,0,6,30,0,36,0,2,11,0,13,0,8,41,0,49,44,0,44,93
04/04/2022,OXR,CA,AWP,WE,Federal Contract Tower,0,7,22,0,29,0,5,37,3,45,0,12,59,3,74,74,0,74,148
04/05/2022,OXR,CA,AWP,WE,Federal Contract Tower,0,2,10,0,12,0,17,76,0,93,0,19,86,0,105,198,0,198,303
04/06/2022,OXR,CA,AWP,WE,Federal Contract Tower,0,7,17,0,24,0,8,78,2,88,0,15,95,2,112,246,0,246,358
04/07/2022,OXR,CA,AWP,WE,Federal Contract Tower,0,2,11,1,14,0,7,44,2,53,0,9,55,3,67,122,0,122,189
04/08/2022,OXR,CA,AWP,WE,Federal Contract Tower,0,3,12,0,15,0,12,70,0,82,0,15,82,0,97,276,0,276,373
04/09/2022,OXR,CA,AWP,WE,Federal Contract Tower,0,0,3,0,3,0,5,114,0,119,0,5,117,0,122,342,0,342,464
04/10/2022,OXR,CA,AWP,WE,Federal Contract Tower,0,2,34,0,36,0,2,45,0,47,0,4,79,0,83,130,0,130,213
04/11/2022,OXR,CA,AWP,WE,Federal Contract Tower,0,4,20,0,24,0,3,31,0,34,0,7,51,0,58,162,0,162,220
04/12/2022,OXR,CA,AWP,WE,Federal Contract Tower,0,2,12,0,14,0,13,31,0,44,0,15,43,0,58,202,0,202,260
04/13/2022,OXR,CA,AWP,WE,Federal Contract Tower,0,5,18,0,23,0,25,77,2,104,0,30,95,2,127,164,0,164,291
04/14/2022,OXR,CA,AWP,WE,Federal Contract Tower,0,2,16,0,18,0,14,87,2,103,0,16,103,2,121,206,0,206,327
04/15/2022,OXR,CA,AWP,WE,Federal Contract Tower,0,2,4,0,6,0,13,100,0,113,0,15,104,0,119,306,0,306,425
04/16/2022,OXR,CA,AWP,WE,Federal Contract Tower,0,0,18,0,18,0,10,52,0,62,0,10,70,0,80,140,0,140,220
04/17/2022,OXR,CA,AWP,WE,Federal Contract Tower,0,2,15,0,17,0,1,43,2,46,0,3,58,2,63,48,0,48,111
04/18/2022,OXR,CA,AWP,WE,Federal Contract Tower,0,5,10,0,15,0,3,91,3,97,0,8,101,3,112,388,0,388,500
04/19/2022,OXR,CA,AWP,WE,Federal Contract Tower,0,4,15,2,21,0,15,74,0,89,0,19,89,2,110,194,0,194,304
04/20/2022,OXR,CA,AWP,WE,Federal Contract Tower,0,2,19,2,23,0,4,71,2,77,0,6,90,4,100,232,0,232,332
04/21/2022,OXR,CA,AWP,WE,Federal Contract Tower,0,5,33,0,38,0,16,34,1,51,0,21,67,1,89,204,0,204,293
04/22/2022,OXR,CA,AWP,WE,Federal Contract Tower,0,2,13,0,15,0,20,18,0,38,0,22,31,0,53,50,0,50,103
04/23/2022,OXR,CA,AWP,WE,Federal Contract Tower,0,2,14,0,16,0,4,102,4,110,0,6,116,4,126,330,0,330,456
04/24/2022,OXR,CA,AWP,WE,Federal Contract Tower,0,1,14,0,15,0,3,59,0,62,0,4,73,0,77,96,0,96,173
04/25/2022,OXR,CA,AWP,WE,Federal Contract Tower,0,6,18,0,24,0,16,73,2,91,0,22,91,2,115,192,0,192,307
04/26/2022,OXR,CA,AWP,WE,Federal Contract Tower,0,2,12,0,14,0,9,83,0,92,0,11,95,0,106,214,0,214,320
04/27/2022,OXR,CA,AWP,WE,Federal Contract Tower,0,2,11,2,15,0,19,60,0,79,0,21,71,2,94,276,0,276,370
04/28/2022,OXR,CA,AWP,WE,Federal Contract Tower,0,2,37,0,39,0,3,87,4,94,0,5,124,4,133,334,0,334,467
04/29/2022,OXR,CA,AWP,WE,Federal Contract Tower,0,2,15,0,17,0,12,103,0,115,0,14,118,0,132,332,0,332,464
04/30/2022,OXR,CA,AWP,WE,Federal Contract Tower,0,0,16,0,16,0,2,100,0,102,0,2,116,0,118,270,0,270,388
05/01/2022,OXR,CA,AWP,WE,Federal Contract Tower,0,7,24,0,31,0,0,86,0,86,0,7,110,0,117,272,0,272,389
05/02/2022,OXR,CA,AWP,WE,Federal Contract Tower,0,2,28,0,30,0,8,47,2,57,0,10,75,2,87,208,0,208,295
05/03/2022,OXR,CA,AWP,WE,Federal Contract Tower,0,2,19,0,21,0,16,82,0,98,0,18,101,0,119,230,0,230,349
05/04/2022,OXR,CA,AWP,WE,Federal Contract Tower,0,5,11,0,16,0,20,104,3,127,0,25,115,3,143,166,0,166,309
05/05/2022,OXR,CA,AWP,WE,Federal Contract Tower,0,10,35,1,46,0,2,6,0,8,0,12,41,1,54,6,0,6,60
05/06/2022,OXR,CA,AWP,WE,Federal Contract Tower,0,2,15,0,17,0,13,91,0,104,0,15,106,0,121,276,0,276,397
05/07/2022,OXR,CA,AWP,WE,Federal Contract Tower,0,0,9,0,9,0,5,80,0,85,0,5,89,0,94,288,0,288,382
05/08/2022,OXR,CA,AWP,WE,Federal Contract Tower,0,1,25,0,26,0,7,38,2,47,0,8,63,2,73,126,0,126,199
05/09/2022,OXR,CA,AWP,WE,Federal Contract Tower,0,1,10,0,11,0,14,80,4,98,0,15,90,4,109,230,0,230,339
05/10/2022,OXR,CA,AWP,WE,Federal Contract Tower,0,7,23,0,30,0,4,69,3,76,0,11,92,3,106,254,0,254,360
05/11/2022,OXR,CA,AWP,WE,Federal Contract Tower,0,2,7,0,9,0,3,66,0,69,0,5,73,0,78,110,0,110,188
05/12/2022,OXR,CA,AWP,WE,Federal Contract Tower,0,2,25,2,29,0,11,78,0,89,0,13,103,2,118,240,0,240,358
05/13/2022,OXR,CA,AWP,WE,Federal Contract Tower,0,3,11,0,14,0,14,77,0,91,0,17,88,0,105,260,0,260,365
05/14/2022,OXR,CA,AWP,WE,Federal Contract Tower,0,1,13,0,14,0,2,99,0,101,0,3,112,0,115,316,0,316,431
05/15/2022,OXR,CA,AWP,WE,Federal Contract Tower,0,9,16,0,25,0,17,88,0,105,0,26,104,0,130,224,0,224,354
05/16/2022,OXR,CA,AWP,WE,Federal Contract Tower,0,6,10,0,16,0,16,47,0,63,0,22,57,0,79,36,0,36,115
05/17/2022,OXR,CA,AWP,WE,Federal Contract Tower,0,8,16,0,24,0,14,68,0,82,0,22,84,0,106,188,0,188,294
05/18/2022,OXR,CA,AWP,WE,Federal Contract Tower,0,9,17,0,26,0,15,54,0,69,0,24,71,0,95,136,0,136,231
05/19/2022,OXR,CA,AWP,WE,Federal Contract Tower,0,6,43,0,49,0,0,13,0,13,0,6,56,0,62,0,0,0,62
05/20/2022,OXR,CA,AWP,WE,Federal Contract Tower,0,7,30,0,37,0,12,25,0,37,0,19,55,0,74,134,0,134,208
05/21/2022,OXR,CA,AWP,WE,Federal Contract Tower,0,0,7,0,7,0,2,66,0,68,0,2,73,0,75,238,0,238,313
05/22/2022,OXR,CA,AWP,WE,Federal Contract Tower,0,6,17,0,23,0,5,49,0,54,0,11,66,0,77,112,0,112,189
05/23/2022,OXR,CA,AWP,WE,Federal Contract Tower,0,2,35,0,37,0,10,22,0,32,0,12,57,0,69,86,0,86,155
05/24/2022,OXR,CA,AWP,WE,Federal Contract Tower,0,6,41,0,47,0,15,35,0,50,0,21,76,0,97,18,0,18,115
05/25/2022,OXR,CA,AWP,WE,Federal Contract Tower,0,8,31,2,41,0,2,11,0,13,0,10,42,2,54,10,0,10,64
05/26/2022,OXR,CA,AWP,WE,Federal Contract Tower,0,8,31,0,39,0,9,33,0,42,0,17,64,0,81,116,0,116,197
05/27/2022,OXR,CA,AWP,WE,Federal Contract Tower,0,3,26,0,29,0,13,45,0,58,0,16,71,0,87,230,0,230,317
05/28/2022,OXR,CA,AWP,WE,Federal Contract Tower,0,5,29,0,34,0,4,50,0,54,0,9,79,0,88,148,0,148,236
05/29/2022,OXR,CA,AWP,WE,Federal Contract Tower,0,0,10,0,10,0,6,69,0,75,0,6,79,0,85,178,0,178,263
05/30/2022,OXR,CA,AWP,WE,Federal Contract Tower,0,2,15,0,17,0,12,50,0,62,0,14,65,0,79,162,0,162,241
05/31/2022,OXR,CA,AWP,WE,Federal Contract Tower,0,2,25,0,27,0,21,78,0,99,0,23,103,0,126,206,0,206,332
06/01/2022,OXR,CA,AWP,WE,Federal Contract Tower,0,9,11,1,21,0,9,57,1,67,0,18,68,2,88,150,0,150,238
06/02/2022,OXR,CA,AWP,WE,Federal Contract Tower,0,4,26,0,30,0,12,47,0,59,0,16,73,0,89,70,0,70,159
06/03/2022,OXR,CA,AWP,WE,Federal Contract Tower,0,4,40,0,44,0,20,25,0,45,0,24,65,0,89,42,0,42,131
06/04/2022,OXR,CA,AWP,WE,Federal Contract Tower,0,4,31,0,35,0,8,28,0,36,0,12,59,0,71,66,0,66,137
06/05/2022,OXR,CA,AWP,WE,Federal Contract Tower,0,0,6,0,6,0,6,64,0,70,0,6,70,0,76,178,0,178,254
06/06/2022,OXR,CA,AWP,WE,Federal Contract Tower,0,12,34,0,46,0,13,60,0,73,0,25,94,0,119,84,0,84,203
06/07/2022,OXR,CA,AWP,WE,Federal Contract Tower,0,10,28,0,38,0,41,24,0,65,0,51,52,0,103,32,0,32,135
06/08/2022,OXR,CA,AWP,WE,Federal Contract Tower,0,7,17,0,24,0,7,45,0,52,0,14,62,0,76,150,0,150,226
06/09/2022,OXR,CA,AWP,WE,Federal Contract Tower,0,11,29,0,40,0,5,3,0,8,0,16,32,0,48,0,0,0,48
06/10/2022,OXR,CA,AWP,WE,Federal Contract Tower,0,3,12,0,15,0,5,16,0,21,0,8,28,0,36,62,0,62,98
06/11/2022,OXR,CA,AWP,WE,Federal Contract Tower,0,1,30,0,31,0,4,6,0,10,0,5,36,0,41,4,0,4,45
06/12/2022,OXR,CA,AWP,WE,Federal Contract Tower,0,0,22,0,22,0,5,12,0,17,0,5,34,0,39,4,0,4,43
06/13/2022,OXR,CA,AWP,WE,Federal Contract Tower,0,7,10,0,17,0,7,43,0,50,0,14,53,0,67,138,0,138,205
06/14/2022,OXR,CA,AWP,WE,Federal Contract Tower,0,4,18,2,24,0,7,80,0,87,0,11,98,2,111,226,0,226,337
06/15/2022,OXR,CA,AWP,WE,Federal Contract Tower,0,2,12,1,15,0,5,56,1,62,0,7,68,2,77,212,0,212,289
06/16/2022,OXR,CA,AWP,WE,Federal Contract Tower,0,6,39,0,45,0,6,11,0,17,0,12,50,0,62,0,0,0,62
06/17/2022,OXR,CA,AWP,WE,Federal Contract Tower,0,2,12,0,14,0,3,73,0,76,0,5,85,0,90,254,0,254,344
06/18/2022,OXR,CA,AWP,WE,Federal Contract Tower,0,1,15,0,16,0,14,105,0,119,0,15,120,0,135,380,0,380,515
06/19/2022,OXR,CA,AWP,WE,Federal Contract Tower,0,2,5,0,7,0,3,52,0,55,0,5,57,0,62,108,0,108,170
06/20/2022,OXR,CA,AWP,WE,Federal Contract Tower,0,2,15,0,17,0,26,96,0,122,0,28,111,0,139,204,0,204,343
06/21/2022,OXR,CA,AWP,WE,Federal Contract Tower,0,2,8,3,13,0,15,86,1,102,0,17,94,4,115,202,0,202,317
06/22/2022,OXR,CA,AWP,WE,Federal Contract Tower,2,4,5,0,11,0,1,24,0,25,2,5,29,0,36,62,0,62,98
06/23/2022,OXR,CA,AWP,WE,Federal Contract Tower,0,3,37,0,40,0,22,84,0,106,0,25,121,0,146,172,0,172,318
06/24/2022,OXR,CA,AWP,WE,Federal Contract Tower,0,2,31,2,35,0,5,28,0,33,0,7,59,2,68,2,0,2,70
06/25/2022,OXR,CA,AWP,WE,Federal Contract Tower,0,2,19,0,21,0,1,67,0,68,0,3,86,0,89,88,0,88,177
06/26/2022,OXR,CA,AWP,WE,Federal Contract Tower,0,0,5,0,5,0,7,48,0,55,0,7,53,0,60,96,0,96,156
06/27/2022,OXR,CA,AWP,WE,Federal Contract Tower,0,8,18,0,26,0,10,62,0,72,0,18,80,0,98,90,0,90,188
06/28/2022,OXR,CA,AWP,WE,Federal Contract Tower,0,2,15,0,17,0,14,73,0,87,0,16,88,0,104,120,0,120,224
06/29/2022,OXR,CA,AWP,WE,Federal Contract Tower,0,2,13,0,15,0,7,41,0,48,0,9,54,0,63,84,0,84,147
06/30/2022,OXR,CA,AWP,WE,Federal Contract Tower,0,3,26,3,32,0,13,60,0,73,0,16,86,3,105,112,0,112,217
07/01/2022,OXR,CA,AWP,WE,Federal Contract Tower,0,7,12,0,19,0,8,49,0,57,0,15,61,0,76,196,0,196,272
07/02/2022,OXR,CA,AWP,WE,Federal Contract Tower,0,0,14,0,14,0,4,58,0,62,0,4,72,0,76,162,0,162,238
07/03/2022,OXR,CA,AWP,WE,Federal Contract Tower,0,0,11,0,11,0,3,57,0,60,0,3,68,0,71,136,0,136,207
07/04/2022,OXR,CA,AWP,WE,Federal Contract Tower,0,0,3,0,3,0,46,0,0,46,0,46,3,0,49,78,0,78,127
07/05/2022,OXR,CA,AWP,WE,Federal Contract Tower,0,2,29,0,31,0,7,49,0,56,0,9,78,0,87,80,0,80,167
07/06/2022,OXR,CA,AWP,WE,Federal Contract Tower,0,3,9,0,12,0,1,71,0,72,0,4,80,0,84,92,0,92,176
07/07/2022,OXR,CA,AWP,WE,Federal Contract Tower,0,2,9,0,11,0,9,72,0,81,0,11,81,0,92,230,0,230,322
07/08/2022,OXR,CA,AWP,WE,Federal Contract Tower,0,6,27,0,33,0,2,47,0,49,0,8,74,0,82,122,0,122,204
07/09/2022,OXR,CA,AWP,WE,Federal Contract Tower,0,7,24,0,31,0,0,17,0,17,0,7,41,0,48,22,0,22,70
07/10/2022,OXR,CA,AWP,WE,Federal Contract Tower,0,0,10,0,10,0,10,28,0,38,0,10,38,0,48,70,0,70,118
07/11/2022,OXR,CA,AWP,WE,Federal Contract Tower,0,6,23,0,29,0,3,13,0,16,0,9,36,0,45,0,0,0,45
07/12/2022,OXR,CA,AWP,WE,Federal Contract Tower,0,5,18,1,24,0,9,23,0,32,0,14,41,1,56,48,0,48,104
07/13/2022,OXR,CA,AWP,WE,Federal Contract Tower,0,5,23,0,28,0,0,0,0,0,0,5,23,0,28,0,0,0,28
07/14/2022,OXR,CA,AWP,WE,Federal Contract Tower,0,3,25,0,28,0,13,18,0,31,0,16,43,0,59,32,0,32,91
07/15/2022,OXR,CA,AWP,WE,Federal Contract Tower,0,7,35,0,42,0,6,54,0,60,0,13,89,0,102,170,0,170,272
07/16/2022,OXR,CA,AWP,WE,Federal Contract Tower,0,3,16,0,19,0,7,74,0,81,0,10,90,0,100,294,0,294,394
07/17/2022,OXR,CA,AWP,WE,Federal Contract Tower,0,6,18,0,24,0,3,28,0,31,0,9,46,0,55,58,0,58,113
07/18/2022,OXR,CA,AWP,WE,Federal Contract Tower,0,4,14,0,18,0,13,40,4,57,0,17,54,4,75,94,0,94,169
07/19/2022,OXR,CA,AWP,WE,Federal Contract Tower,0,6,12,0,18,0,3,32,0,35,0,9,44,0,53,54,0,54,107
07/20/2022,OXR,CA,AWP,WE,Federal Contract Tower,0,4,11,0,15,0,20,67,0,87,0,24,78,0,102,264,0,264,366
07/21/2022,OXR,CA,AWP,WE,Federal Contract Tower,0,8,10,0,18,0,9,83,0,92,0,17,93,0,110,242,0,242,352
07/22/2022,OXR,CA,AWP,WE,Federal Contract Tower,0,7,19,0,26,0,9,63,0,72,0,16,82,0,98,240,0,240,338
07/23/2022,OXR,CA,AWP,WE,Federal Contract Tower,0,0,28,0,28,0,4,22,0,26,0,4,50,0,54,56,0,56,110
07/24/2022,OXR,CA,AWP,WE,Federal Contract Tower,0,4,29,0,33,0,3,17,0,20,0,7,46,0,53,38,0,38,91
07/25/2022,OXR,CA,AWP,WE,Federal Contract Tower,0,9,39,0,48,0,4,7,0,11,0,13,46,0,59,10,0,10,69
07/26/2022,OXR,CA,AWP,WE,Federal Contract Tower,0,18,30,0,48,0,5,2,0,7,0,23,32,0,55,0,0,0,55
07/27/2022,OXR,CA,AWP,WE,Federal Contract Tower,0,8,23,0,31,0,2,12,0,14,0,10,35,0,45,6,0,6,51
07/28/2022,OXR,CA,AWP,WE,Federal Contract Tower,0,8,17,0,25,0,14,76,0,90,0,22,93,0,115,348,0,348,463
07/29/2022,OXR,CA,AWP,WE,Federal Contract Tower,0,5,11,0,16,0,1,55,0,56,0,6,66,0,72,300,0,300,372
07/30/2022,OXR,CA,AWP,WE,Federal Contract Tower,0,1,11,0,12,0,6,92,0,98,0,7,103,0,110,260,0,260,370
07/31/2022,OXR,CA,AWP,WE,Federal Contract Tower,0,9,20,0,29,0,8,72,0,80,0,17,92,0,109,150,0,150,259
08/01/2022,OXR,CA,AWP,WE,Federal Contract Tower,0,4,20,0,24,0,6,55,0,61,0,10,75,0,85,204,0,204,289
08/02/2022,OXR,CA,AWP,WE,Federal Contract Tower,0,8,9,0,17,0,12,47,0,59,0,20,56,0,76,186,0,186,262
08/03/2022,OXR,CA,AWP,WE,Federal Contract Tower,0,2,4,0,6,0,3,56,0,59,0,5,60,0,65,172,0,172,237
08/04/2022,OXR,CA,AWP,WE,Federal Contract Tower,0,2,11,0,13,0,4,54,0,58,0,6,65,0,71,230,0,230,301
08/05/2022,OXR,CA,AWP,WE,Federal Contract Tower,0,2,14,0,16,0,10,76,0,86,0,12,90,0,102,208,0,208,310
08/06/2022,OXR,CA,AWP,WE,Federal Contract Tower,0,1,29,0,30,0,3,89,0,92,0,4,118,0,122,190,0,190,312
08/07/2022,OXR,CA,AWP,WE,Federal Contract Tower,0,1,14,0,15,0,7,97,0,104,0,8,111,0,119,218,0,218,337
08/08/2022,OXR,CA,AWP,WE,Federal Contract Tower,0,2,20,0,22,0,12,95,0,107,0,14,115,0,129,196,0,196,325
08/09/2022,OXR,CA,AWP,WE,Federal Contract Tower,0,2,9,2,13,0,10,82,0,92,0,12,91,2,105,180,0,180,285
08/10/2022,OXR,CA,AWP,WE,Federal Contract Tower,0,2,13,0,15,0,18,73,0,91,0,20,86,0,106,164,0,164,270
08/11/2022,OXR,CA,AWP,WE,Federal Contract Tower,0,6,25,0,31,0,6,90,0,96,0,12,115,0,127,180,0,180,307
08/12/2022,OXR,CA,AWP,WE,Federal Contract Tower,0,4,6,0,10,0,18,103,0,121,0,22,109,0,131,338,0,338,469
08/13/2022,OXR,CA,AWP,WE,Federal Contract Tower,0,1,6,0,7,0,10,105,0,115,0,11,111,0,122,282,0,282,404
08/14/2022,OXR,CA,AWP,WE,Federal Contract Tower,0,0,15,0,15,0,12,68,0,80,0,12,83,0,95,252,0,252,347
08/15/2022,OXR,CA,AWP,WE,Federal Contract Tower,0,2,13,0,15,0,10,77,0,87,0,12,90,0,102,260,0,260,362
08/16/2022,OXR,CA,AWP,WE,Federal Contract Tower,0,5,13,0,18,0,5,53,0,58,0,10,66,0,76,158,0,158,234
08/17/2022,OXR,CA,AWP,WE,Federal Contract Tower,0,3,10,1,14,0,9,74,0,83,0,12,84,1,97,146,0,146,243
08/18/2022,OXR,CA,AWP,WE,Federal Contract Tower,0,5,23,0,28,0,0,11,0,11,0,5,34,0,39,0,0,0,39
08/19/2022,OXR,CA,AWP,WE,Federal Contract Tower,0,2,30,0,32,0,4,62,0,66,0,6,92,0,98,24,0,24,122
08/20/2022,OXR,CA,AWP,WE,Federal Contract Tower,0,4,23,0,27,0,20,63,0,83,0,24,86,0,110,138,0,138,248
08/21/2022,OXR,CA,AWP,WE,Federal Contract Tower,0,5,25,0,30,0,6,44,0,50,0,11,69,0,80,120,0,120,200
08/22/2022,OXR,CA,AWP,WE,Federal Contract Tower,0,6,27,0,33,0,0,3,0,3,0,6,30,0,36,0,0,0,36
08/23/2022,OXR,CA,AWP,WE,Federal Contract Tower,0,2,29,0,31,0,0,37,0,37,0,2,66,0,68,46,0,46,114
08/24/2022,OXR,CA,AWP,WE,Federal Contract Tower,0,7,11,0,18,0,1,32,0,33,0,8,43,0,51,96,0,96,147
08/25/2022,OXR,CA,AWP,WE,Federal Contract Tower,0,6,24,0,30,0,3,28,0,31,0,9,52,0,61,6,0,6,67
08/26/2022,OXR,CA,AWP,WE,Federal Contract Tower,0,5,46,0,51,0,2,6,0,8,0,7,52,0,59,42,0,42,101
08/27/2022,OXR,CA,AWP,WE,Federal Contract Tower,0,3,8,0,11,0,3,36,0,39,0,6,44,0,50,98,0,98,148
08/28/2022,OXR,CA,AWP,WE,Federal Contract Tower,0,0,21,0,21,0,5,90,0,95,0,5,111,0,116,146,0,146,262
08/29/2022,OXR,CA,AWP,WE,Federal Contract Tower,0,2,11,0,13,0,9,60,0,69,0,11,71,0,82,168,0,168,250
08/30/2022,OXR,CA,AWP,WE,Federal Contract Tower,0,12,12,2,26,0,16,66,0,82,0,28,78,2,108,90,0,90,198
08/31/2022,OXR,CA,AWP,WE,Federal Contract Tower,0,2,7,0,9,0,7,64,0,71,0,9,71,0,80,172,0,172,252
09/01/2022,OXR,CA,AWP,WE,Federal Contract Tower,0,3,11,0,14,0,7,88,0,95,0,10,99,0,109,184,0,184,293
09/02/2022,OXR,CA,AWP,WE,Federal Contract Tower,0,3,6,0,9,0,9,95,0,104,0,12,101,0,113,218,0,218,331
09/03/2022,OXR,CA,AWP,WE,Federal Contract Tower,0,1,4,0,5,0,7,83,0,90,0,8,87,0,95,296,0,296,391
09/04/2022,OXR,CA,AWP,WE,Federal Contract Tower,0,4,5,0,9,0,10,62,0,72,0,14,67,0,81,176,0,176,257
09/05/2022,OXR,CA,AWP,WE,Federal Contract Tower,0,0,15,0,15,0,2,60,0,62,0,2,75,0,77,70,0,70,147
09/06/2022,OXR,CA,AWP,WE,Federal Contract Tower,0,2,9,0,11,0,18,74,0,92,0,20,83,0,103,164,0,164,267
09/07/2022,OXR,CA,AWP,WE,Federal Contract Tower,0,2,14,2,18,0,7,73,0,80,0,9,87,2,98,178,0,178,276
09/08/2022,OXR,CA,AWP,WE,Federal Contract Tower,0,3,14,0,17,0,10,73,0,83,0,13,87,0,100,162,0,162,262
09/09/2022,OXR,CA,AWP,WE,Federal Contract Tower,0,2,14,0,16,0,15,71,0,86,0,17,85,0,102,114,0,114,216
09/10/2022,OXR,CA,AWP,WE,Federal Contract Tower,0,0,16,0,16,0,1,37,0,38,0,1,53,0,54,126,0,126,180
09/11/2022,OXR,CA,AWP,WE,Federal Contract Tower,0,3,19,0,22,0,12,59,0,71,0,15,78,0,93,244,0,244,337
09/12/2022,OXR,CA,AWP,WE,Federal Contract Tower,0,4,10,1,15,0,13,81,7,101,0,17,91,8,116,254,0,254,370
09/13/2022,OXR,CA,AWP,WE,Federal Contract Tower,0,4,10,0,14,0,15,87,0,102,0,19,97,0,116,92,0,92,208
09/14/2022,OXR,CA,AWP,WE,Federal Contract Tower,0,2,2,0,4,0,13,63,0,76,0,15,65,0,80,80,0,80,160
09/15/2022,OXR,CA,AWP,WE,Federal Contract Tower,0,5,30,0,35,0,9,80,0,89,0,14,110,0,124,168,0,168,292
09/16/2022,OXR,CA,AWP,WE,Federal Contract Tower,0,2,21,0,23,0,9,100,0,109,0,11,121,0,132,238,0,238,370
09/17/2022,OXR,CA,AWP,WE,Federal Contract Tower,0,0,18,0,18,0,6,58,0,64,0,6,76,0,82,120,0,120,202
09/18/2022,OXR,CA,AWP,WE,Federal Contract Tower,0,0,11,0,11,0,5,54,0,59,0,5,65,0,70,166,0,166,236
09/19/2022,OXR,CA,AWP,WE,Federal Contract Tower,0,2,12,0,14,0,23,53,0,76,0,25,65,0,90,108,0,108,198
09/20/2022,OXR,CA,AWP,WE,Federal Contract Tower,0,11,26,0,37,0,8,24,0,32,0,19,50,0,69,74,0,74,143
09/21/2022,OXR,CA,AWP,WE,Federal Contract Tower,0,3,8,0,11,0,17,69,0,86,0,20,77,0,97,238,0,238,335
09/22/2022,OXR,CA,AWP,WE,Federal Contract Tower,0,7,21,0,28,0,2,78,0,80,0,9,99,0,108,158,0,158,266
09/23/2022,OXR,CA,AWP,WE,Federal Contract Tower,0,6,15,0,21,0,19,78,0,97,0,25,93,0,118,224,0,224,342
09/24/2022,OXR,CA,AWP,WE,Federal Contract Tower,0,0,5,0,5,0,10,111,0,121,0,10,116,0,126,172,0,172,298
09/25/2022,OXR,CA,AWP,WE,Federal Contract Tower,0,2,14,0,16,0,5,76,0,81,0,7,90,0,97,154,0,154,251
09/26/2022,OXR,CA,AWP,WE,Federal Contract Tower,0,2,6,0,8,0,14,79,0,93,0,16,85,0,101,232,0,232,333
09/27/2022,OXR,CA,AWP,WE,Federal Contract Tower,0,5,10,0,15,0,5,97,0,102,0,10,107,0,117,168,0,168,285
09/28/2022,OXR,CA,AWP,WE,Federal Contract Tower,0,2,21,0,23,0,13,86,0,99,0,15,107,0,122,206,0,206,328
09/29/2022,OXR,CA,AWP,WE,Federal Contract Tower,0,2,30,0,32,0,2,49,0,51,0,4,79,0,83,164,0,164,247
09/30/2022,OXR,CA,AWP,WE,Federal Contract Tower,0,5,25,1,31,0,10,66,0,76,0,15,91,1,107,262,0,262,369
10/01/2022,OXR,CA,AWP,WE,Federal Contract Tower,0,1,9,0,10,0,9,44,0,53,0,10,53,0,63,152,0,152,215
10/02/2022,OXR,CA,AWP,WE,Federal Contract Tower,0,4,12,0,16,0,3,56,0,59,0,7,68,0,75,202,0,202,277
10/03/2022,OXR,CA,AWP,WE,Federal Contract Tower,0,2,17,0,19,0,9,53,0,62,0,11,70,0,81,134,0,134,215
10/04/2022,OXR,CA,AWP,WE,Federal Contract Tower,0,2,12,0,14,0,7,103,0,110,0,9,115,0,124,210,0,210,334
10/05/2022,OXR,CA,AWP,WE,Federal Contract Tower,0,7,33,0,40,0,10,13,2,25,0,17,46,2,65,26,8,34,99
10/06/2022,OXR,CA,AWP,WE,Federal Contract Tower,0,9,37,0,46,0,6,1,0,7,0,15,38,0,53,0,0,0,53
10/07/2022,OXR,CA,AWP,WE,Federal Contract Tower,0,18,41,0,59,0,0,0,0,0,0,18,41,0,59,0,0,0,59
10/08/2022,OXR,CA,AWP,WE,Federal Contract Tower,0,7,38,0,45,0,0,0,0,0,0,7,38,0,45,0,0,0,45
10/09/2022,OXR,CA,AWP,WE,Federal Contract Tower,0,4,31,0,35,0,0,2,0,2,0,4,33,0,37,0,0,0,37
10/10/2022,OXR,CA,AWP,WE,Federal Contract Tower,0,5,23,0,28,0,11,19,0,30,0,16,42,0,58,58,0,58,116
10/11/2022,OXR,CA,AWP,WE,Federal Contract Tower,0,6,32,0,38,0,1,19,0,20,0,7,51,0,58,108,0,108,166
10/12/2022,OXR,CA,AWP,WE,Federal Contract Tower,0,2,17,0,19,0,9,23,0,32,0,11,40,0,51,42,0,42,93
10/13/2022,OXR,CA,AWP,WE,Federal Contract Tower,0,8,6,0,14,0,12,10,0,22,0,20,16,0,36,44,0,44,80
10/14/2022,OXR,CA,AWP,WE,Federal Contract Tower,0,10,38,0,48,0,4,18,0,22,0,14,56,0,70,212,0,212,282
10/15/2022,OXR,CA,AWP,WE,Federal Contract Tower,0,3,23,0,26,0,3,17,0,20,0,6,40,0,46,164,0,164,210
10/16/2022,OXR,CA,AWP,WE,Federal Contract Tower,0,3,22,0,25,0,2,55,0,57,0,5,77,0,82,154,0,154,236
10/17/2022,OXR,CA,AWP,WE,Federal Contract Tower,0,1,12,2,15,0,9,72,0,81,0,10,84,2,96,210,0,210,306
10/18/2022,OXR,CA,AWP,WE,Federal Contract Tower,0,3,16,0,19,0,3,99,0,102,0,6,115,0,121,140,0,140,261
10/19/2022,OXR,CA,AWP,WE,Federal Contract Tower,0,7,12,1,20,0,21,101,0,122,0,28,113,1,142,202,0,202,344
10/20/2022,OXR,CA,AWP,WE,Federal Contract Tower,0,2,19,0,21,0,13,85,0,98,0,15,104,0,119,242,0,242,361
10/21/2022,OXR,CA,AWP,WE,Federal Contract Tower,0,8,21,0,29,0,17,46,0,63,0,25,67,0,92,124,0,124,216
10/22/2022,OXR,CA,AWP,WE,Federal Contract Tower,0,5,21,0,26,0,1,25,0,26,0,6,46,0,52,118,0,118,170
10/23/2022,OXR,CA,AWP,WE,Federal Contract Tower,0,4,14,0,18,0,1,59,0,60,0,5,73,0,78,228,0,228,306
10/24/2022,OXR,CA,AWP,WE,Federal Contract Tower,0,3,18,0,21,0,13,37,2,52,0,16,55,2,73,80,6,86,159
10/25/2022,OXR,CA,AWP,WE,Federal Contract Tower,0,2,16,0,18,0,11,78,0,89,0,13,94,0,107,156,0,156,263
10/26/2022,OXR,CA,AWP,WE,Federal Contract Tower,0,4,14,2,20,0,7,93,0,100,0,11,107,2,120,194,0,194,314
10/27/2022,OXR,CA,AWP,WE,Federal Contract Tower,0,8,15,0,23,0,17,81,0,98,0,25,96,0,121,138,0,138,259
10/28/2022,OXR,CA,AWP,WE,Federal Contract Tower,0,15,20,0,35,0,21,101,0,122,0,36,121,0,157,266,0,266,423
10/29/2022,OXR,CA,AWP,WE,Federal Contract Tower,0,0,4,0,4,0,5,73,0,78,0,5,77,0,82,252,0,252,334
10/30/2022,OXR,CA,AWP,WE,Federal Contract Tower,0,3,8,0,11,0,11,73,0,84,0,14,81,0,95,196,0,196,291
10/31/2022,OXR,CA,AWP,WE,Federal Contract Tower,0,1,10,4,15,0,7,69,0,76,0,8,79,4,91,184,0,184,275
11/01/2022,OXR,CA,AWP,WE,Federal Contract Tower,0,2,24,0,26,0,23,40,0,63,0,25,64,0,89,86,0,86,175
11/02/2022,OXR,CA,AWP,WE,Federal Contract Tower,0,4,8,0,12,0,2,28,0,30,0,6,36,0,42,30,0,30,72
11/03/2022,OXR,CA,AWP,WE,Federal Contract Tower,0,4,11,0,15,0,2,50,0,52,0,6,61,0,67,84,0,84,151
11/04/2022,OXR,CA,AWP,WE,Federal Contract Tower,0,2,16,0,18,0,22,89,0,111,0,24,105,0,129,208,0,208,337
11/05/2022,OXR,CA,AWP,WE,Federal Contract Tower,0,0,11,0,11,0,4,114,0,118,0,4,125,0,129,368,0,368,497
11/06/2022,OXR,CA,AWP,WE,Federal Contract Tower,0,0,43,0,43,0,0,38,0,38,0,0,81,0,81,132,0,132,213
11/07/2022,OXR,CA,AWP,WE,Federal Contract Tower,0,4,23,0,27,0,0,0,0,0,0,4,23,0,27,0,0,0,27
11/08/2022,OXR,CA,AWP,WE,Federal Contract Tower,0,3,11,8,22,0,0,0,0,0,0,3,11,8,22,0,0,0,22
11/09/2022,OXR,CA,AWP,WE,Federal Contract Tower,0,5,5,0,10,0,10,71,0,81,0,15,76,0,91,172,0,172,263
11/10/2022,OXR,CA,AWP,WE,Federal Contract Tower,0,3,12,0,15,0,16,99,0,115,0,19,111,0,130,194,0,194,324
11/11/2022,OXR,CA,AWP,WE,Federal Contract Tower,0,4,7,0,11,0,6,88,0,94,0,10,95,0,105,286,0,286,391
11/12/2022,OXR,CA,AWP,WE,Federal Contract Tower,0,2,17,0,19,0,0,113,0,113,0,2,130,0,132,260,0,260,392
11/14/2022,OXR,CA,AWP,WE,Federal Contract Tower,0,10,11,0,21,0,11,68,2,81,0,21,79,2,102,146,0,146,248
11/15/2022,OXR,CA,AWP,WE,Federal Contract Tower,0,4,7,1,12,0,15,38,0,53,0,19,45,1,65,40,0,40,105
11/16/2022,OXR,CA,AWP,WE,Federal Contract Tower,0,2,9,0,11,0,3,21,0,24,0,5,30,0,35,12,0,12,47
11/17/2022,OXR,CA,AWP,WE,Federal Contract Tower,0,5,21,2,28,0,6,65,0,71,0,11,86,2,99,196,0,196,295
11/18/2022,OXR,CA,AWP,WE,Federal Contract Tower,0,7,20,0,27,0,28,92,0,120,0,35,112,0,147,254,0,254,401
11/19/2022,OXR,CA,AWP,WE,Federal Contract Tower,0,4,3,0,7,0,2,9,0,11,0,6,12,0,18,8,0,8,26
11/20/2022,OXR,CA,AWP,WE,Federal Contract Tower,0,2,10,0,12,0,6,68,0,74,0,8,78,0,86,244,0,244,330
11/21/2022,OXR,CA,AWP,WE,Federal Contract Tower,0,2,6,0,8,0,4,85,0,89,0,6,91,0,97,270,0,270,367
11/22/2022,OXR,CA,AWP,WE,Federal Contract Tower,0,2,14,0,16,0,13,87,0,100,0,15,101,0,116,254,0,254,370
11/23/2022,OXR,CA,AWP,WE,Federal Contract Tower,0,4,10,0,14,0,3,71,0,74,0,7,81,0,88,134,0,134,222
11/24/2022,OXR,CA,AWP,WE,Federal Contract Tower,0,0,1,0,1,0,0,2,0,2,0,0,3,0,3,0,0,0,3
11/25/2022,OXR,CA,AWP,WE,Federal Contract Tower,0,4,13,0,17,0,0,66,0,66,0,4,79,0,83,140,0,140,223
11/26/2022,OXR,CA,AWP,WE,Federal Contract Tower,0,0,12,0,12,0,0,68,0,68,0,0,80,0,80,142,0,142,222
11/27/2022,OXR,CA,AWP,WE,Federal Contract Tower,0,4,13,0,17,0,2,76,0,78,0,6,89,0,95,122,0,122,217
11/28/2022,OXR,CA,AWP,WE,Federal Contract Tower,0,5,31,0,36,0,5,35,0,40,0,10,66,0,76,86,0,86,162
11/29/2022,OXR,CA,AWP,WE,Federal Contract Tower,0,6,16,0,22,0,8,64,0,72,0,14,80,0,94,112,0,112,206
11/30/2022,OXR,CA,AWP,WE,Federal Contract Tower,0,7,15,0,22,0,6,37,0,43,0,13,52,0,65,154,0,154,219
12/01/2022,OXR,CA,AWP,WE,Federal Contract Tower,0,3,30,0,33,0,9,6,0,15,0,12,36,0,48,40,0,40,88
12/02/2022,OXR,CA,AWP,WE,Federal Contract Tower,0,3,8,0,11,0,0,0,0,0,0,3,8,0,11,4,0,4,15
12/03/2022,OXR,CA,AWP,WE,Federal Contract Tower,0,3,17,0,20,0,1,55,0,56,0,4,72,0,76,212,0,212,288
12/04/2022,OXR,CA,AWP,WE,Federal Contract Tower,0,1,20,1,22,0,0,0,0,0,0,1,20,1,22,0,0,0,22
12/05/2022,OXR,CA,AWP,WE,Federal Contract Tower,0,2,15,0,17,0,25,58,0,83,0,27,73,0,100,174,0,174,274
12/06/2022,OXR,CA,AWP,WE,Federal Contract Tower,0,2,8,0,10,0,13,51,0,64,0,15,59,0,74,124,0,124,198
12/07/2022,OXR,CA,AWP,WE,Federal Contract Tower,0,4,11,0,15,0,23,67,0,90,0,27,78,0,105,212,0,212,317
12/08/2022,OXR,CA,AWP,WE,Federal Contract Tower,0,5,18,0,23,0,21,95,0,116,0,26,113,0,139,256,0,256,395
12/09/2022,OXR,CA,AWP,WE,Federal Contract Tower,0,4,24,0,28,0,17,81,0,98,0,21,105,0,126,200,0,200,326
12/10/2022,OXR,CA,AWP,WE,Federal Contract Tower,0,2,10,0,12,0,1,27,0,28,0,3,37,0,40,164,0,164,204
12/11/2022,OXR,CA,AWP,WE,Federal Contract Tower,0,0,11,0,11,0,4,5,0,9,0,4,16,0,20,10,0,10,30
12/12/2022,OXR,CA,AWP,WE,Federal Contract Tower,0,2,6,0,8,0,8,34,0,42,0,10,40,0,50,166,0,166,216
12/13/2022,OXR,CA,AWP,WE,Federal Contract Tower,0,3,8,0,11,7,85,0,0,92,7,88,8,0,103,165,0,165,268
12/14/2022,OXR,CA,AWP,WE,Federal Contract Tower,0,4,8,0,12,0,26,65,0,91,0,30,73,0,103,136,0,136,239
12/15/2022,OXR,CA,AWP,WE,Federal Contract Tower,0,2,23,0,25,0,3,91,0,94,0,5,114,0,119,180,0,180,299
12/16/2022,OXR,CA,AWP,WE,Federal Contract Tower,0,4,3,0,7,0,8,55,0,63,0,12,58,0,70,92,0,92,162
12/17/2022,OXR,CA,AWP,WE,Federal Contract Tower,0,1,8,0,9,0,8,68,0,76,0,9,76,0,85,234,0,234,319
12/18/2022,OXR,CA,AWP,WE,Federal Contract Tower,0,0,12,0,12,0,2,89,0,91,0,2,101,0,103,224,0,224,327
12/19/2022,OXR,CA,AWP,WE,Federal Contract Tower,0,2,13,0,15,0,5,48,0,53,0,7,61,0,68,104,0,104,172
12/20/2022,OXR,CA,AWP,WE,Federal Contract Tower,0,4,5,0,9,0,11,97,0,108,0,15,102,0,117,156,0,156,273
12/21/2022,OXR,CA,AWP,WE,Federal Contract Tower,0,4,25,0,29,0,6,80,0,86,0,10,105,0,115,158,0,158,273
12/22/2022,OXR,CA,AWP,WE,Federal Contract Tower,0,6,9,2,17,0,1,79,0,80,0,7,88,2,97,116,0,116,213
12/23/2022,OXR,CA,AWP,WE,Federal Contract Tower,0,3,11,2,16,0,4,56,0,60,0,7,67,2,76,158,0,158,234
12/24/2022,OXR,CA,AWP,WE,Federal Contract Tower,0,1,8,0,9,0,1,38,0,39,0,2,46,0,48,28,0,28,76
12/25/2022,OXR,CA,AWP,WE,Federal Contract Tower,0,0,7,0,7,0,0,11,0,11,0,0,18,0,18,6,0,6,24
12/26/2022,OXR,CA,AWP,WE,Federal Contract Tower,0,2,9,0,11,0,6,76,0,82,0,8,85,0,93,104,0,104,197
12/27/2022,OXR,CA,AWP,WE,Federal Contract Tower,0,4,20,0,24,0,2,12,0,14,0,6,32,0,38,50,0,50,88
12/28/2022,OXR,CA,AWP,WE,Federal Contract Tower,0,2,13,0,15,0,4,41,0,45,0,6,54,0,60,110,0,110,170
12/29/2022,OXR,CA,AWP,WE,Federal Contract Tower,0,9,18,0,27,0,5,16,0,21,0,14,34,0,48,52,0,52,100
12/30/2022,OXR,CA,AWP,WE,Federal Contract Tower,0,15,14,0,29,0,4,4,0,8,0,19,18,0,37,12,0,12,49
12/31/2022,OXR,CA,AWP,WE,Federal Contract Tower,0,0,4,0,4,0,0,0,0,0,0,0,4,0,4,0,0,0,4
01/01/2023,OXR,CA,AWP,WE,Federal Contract Tower,0,4,7,0,11,0,0,2,0,2,0,4,9,0,13,0,0,0,13
01/02/2023,OXR,CA,AWP,WE,Federal Contract Tower,0,0,16,0,16,0,4,71,0,75,0,4,87,0,91,206,0,206,297
01/03/2023,OXR,CA,AWP,WE,Federal Contract Tower,0,0,21,0,21,0,11,8,0,19,0,11,29,0,40,72,0,72,112
01/04/2023,OXR,CA,AWP,WE,Federal Contract Tower,0,3,9,0,12,0,3,0,0,3,0,6,9,0,15,0,0,0,15
01/05/2023,OXR,CA,AWP,WE,Federal Contract Tower,0,5,5,0,10,0,15,4,2,21,0,20,9,2,31,36,12,48,79
01/06/2023,OXR,CA,AWP,WE,Federal Contract Tower,0,2,15,0,17,0,14,95,0,109,0,16,110,0,126,228,0,228,354
01/07/2023,OXR,CA,AWP,WE,Federal Contract Tower,0,4,21,0,25,0,13,94,0,107,0,17,115,0,132,288,0,288,420
01/08/2023,OXR,CA,AWP,WE,Federal Contract Tower,0,10,9,0,19,0,4,32,0,36,0,14,41,0,55,166,0,166,221
01/09/2023,OXR,CA,AWP,WE,Federal Contract Tower,0,14,0,4,18,0,0,0,0,0,0,14,0,4,18,0,0,0,18
01/10/2023,OXR,CA,AWP,WE,Federal Contract Tower,0,9,4,0,13,0,9,8,0,17,0,18,12,0,30,0,0,0,30
01/11/2023,OXR,CA,AWP,WE,Federal Contract Tower,0,3,13,2,18,0,11,54,0,65,0,14,67,2,83,104,0,104,187
01/12/2023,OXR,CA,AWP,WE,Federal Contract Tower,0,3,5,0,8,0,15,41,0,56,0,18,46,0,64,66,0,66,130
01/13/2023,OXR,CA,AWP,WE,Federal Contract Tower,0,9,11,0,20,0,27,90,0,117,0,36,101,0,137,278,0,278,415
01/14/2023,OXR,CA,AWP,WE,Federal Contract Tower,0,4,9,0,13,0,0,0,0,0,0,4,9,0,13,0,0,0,13
01/15/2023,OXR,CA,AWP,WE,Federal Contract Tower,0,0,16,0,16,0,4,25,0,29,0,4,41,0,45,2,154,156,201
01/16/2023,OXR,CA,AWP,WE,Federal Contract Tower,0,2,10,0,12,0,2,6,0,8,0,4,16,0,20,6,0,6,26
01/17/2023,OXR,CA,AWP,WE,Federal Contract Tower,0,7,7,0,14,0,21,81,0,102,0,28,88,0,116,130,0,130,246
01/18/2023,OXR,CA,AWP,WE,Federal Contract Tower,0,3,21,0,24,0,24,115,0,139,0,27,136,0,163,164,0,164,327
01/19/2023,OXR,CA,AWP,WE,Federal Contract Tower,0,4,13,0,17,0,29,32,0,61,0,33,45,0,78,102,0,102,180
01/20/2023,OXR,CA,AWP,WE,Federal Contract Tower,0,2,14,0,16,0,8,72,0,80,0,10,86,0,96,188,0,188,284
01/21/2023,OXR,CA,AWP,WE,Federal Contract Tower,0,0,13,0,13,0,4,82,0,86,0,4,95,0,99,162,0,162,261
01/22/2023,OXR,CA,AWP,WE,Federal Contract Tower,0,0,18,2,20,0,4,66,0,70,0,4,84,2,90,246,0,246,336
01/23/2023,OXR,CA,AWP,WE,Federal Contract Tower,0,5,5,0,10,0,10,57,0,67,0,15,62,0,77,80,0,80,157
01/24/2023,OXR,CA,AWP,WE,Federal Contract Tower,0,2,15,0,17,0,25,65,0,90,0,27,80,0,107,120,0,120,227
01/25/2023,OXR,CA,AWP,WE,Federal Contract Tower,2,8,0,0,10,0,6,58,0,64,2,14,58,0,74,66,0,66,140
01/26/2023,OXR,CA,AWP,WE,Federal Contract Tower,0,5,12,0,17,0,10,7,0,17,0,15,19,0,34,0,0,0,34
01/27/2023,OXR,CA,AWP,WE,Federal Contract Tower,0,3,12,0,15,0,12,96,0,108,0,15,108,0,123,264,0,264,387
01/28/2023,OXR,CA,AWP,WE,Federal Contract Tower,0,0,13,0,13,0,9,104,0,113,0,9,117,0,126,274,0,274,400
01/29/2023,OXR,CA,AWP,WE,Federal Contract Tower,0,2,25,0,27,0,6,23,0,29,0,8,48,0,56,182,0,182,238
01/31/2023,OXR,CA,AWP,WE,Federal Contract Tower,0,2,6,0,8,0,11,20,0,31,0,13,26,0,39,12,0,12,51
02/01/2023,OXR,CA,AWP,WE,Federal Contract Tower,0,2,8,0,10,0,23,79,0,102,0,25,87,0,112,164,0,164,276
02/02/2023,OXR,CA,AWP,WE,Federal Contract Tower,0,2,5,0,7,0,8,90,0,98,0,10,95,0,105,232,0,232,337
02/03/2023,OXR,CA,AWP,WE,Federal Contract Tower,0,2,9,2,13,0,17,84,0,101,0,19,93,2,114,306,0,306,420
02/04/2023,OXR,CA,AWP,WE,Federal Contract Tower,0,4,9,0,13,0,9,118,0,127,0,13,127,0,140,292,0,292,432
02/05/2023,OXR,CA,AWP,WE,Federal Contract Tower,0,5,1,0,6,0,2,25,0,27,0,7,26,0,33,86,0,86,119
02/06/2023,OXR,CA,AWP,WE,Federal Contract Tower,0,4,13,0,17,0,21,74,0,95,0,25,87,0,112,154,0,154,266
02/07/2023,OXR,CA,AWP,WE,Federal Contract Tower,0,2,13,0,15,0,19,84,0,103,0,21,97,0,118,180,0,180,298
02/08/2023,OXR,CA,AWP,WE,Federal Contract Tower,0,2,8,0,10,0,9,88,0,97,0,11,96,0,107,232,0,232,339
02/09/2023,OXR,CA,AWP,WE,Federal Contract Tower,0,2,9,2,13,0,43,34,0,77,0,45,43,2,90,84,0,84,174
02/10/2023,OXR,CA,AWP,WE,Federal Contract Tower,0,2,15,0,17,0,6,69,0,75,0,8,84,0,92,254,0,254,346
02/11/2023,OXR,CA,AWP,WE,Federal Contract Tower,0,2,10,0,12,0,2,44,0,46,0,4,54,0,58,162,0,162,220
02/12/2023,OXR,CA,AWP,WE,Federal Contract Tower,0,2,13,0,15,0,4,92,0,96,0,6,105,0,111,242,0,242,353
02/13/2023,OXR,CA,AWP,WE,Federal Contract Tower,0,2,11,0,13,0,0,54,0,54,0,2,65,0,67,172,0,172,239
02/14/2023,OXR,CA,AWP,WE,Federal Contract Tower,0,10,5,0,15,0,0,29,0,29,0,10,34,0,44,34,0,34,78
02/15/2023,OXR,CA,AWP,WE,Federal Contract Tower,0,2,9,0,11,0,8,78,0,86,0,10,87,0,97,200,0,200,297
02/16/2023,OXR,CA,AWP,WE,Federal Contract Tower,0,2,18,0,20,0,4,33,0,37,0,6,51,0,57,50,0,50,107
02/17/2023,OXR,CA,AWP,WE,Federal Contract Tower,0,2,18,0,20,0,2,39,0,41,0,4,57,0,61,50,0,50,111
02/18/2023,OXR,CA,AWP,WE,Federal Contract Tower,0,5,11,0,16,0,2,87,0,89,0,7,98,0,105,234,0,234,339
02/19/2023,OXR,CA,AWP,WE,Federal Contract Tower,2,11,0,0,13,0,8,84,0,92,2,19,84,0,105,242,0,242,347
02/20/2023,OXR,CA,AWP,WE,Federal Contract Tower,0,2,18,0,20,0,14,92,0,106,0,16,110,0,126,232,0,232,358
02/21/2023,OXR,CA,AWP,WE,Federal Contract Tower,0,6,26,0,32,0,16,42,0,58,0,22,68,0,90,156,0,156,246
02/22/2023,OXR,CA,AWP,WE,Federal Contract Tower,0,0,4,0,4,0,0,7,4,11,0,0,11,4,15,6,6,12,27
02/23/2023,OXR,CA,AWP,WE,Federal Contract Tower,0,4,11,0,15,0,14,12,0,26,0,18,23,0,41,0,0,0,41
02/24/2023,OXR,CA,AWP,WE,Federal Contract Tower,0,2,0,0,2,0,0,0,0,0,0,2,0,0,2,0,0,0,2
02/25/2023,OXR,CA,AWP,WE,Federal Contract Tower,0,1,7,0,8,0,0,0,0,0,0,1,7,0,8,0,0,0,8
02/26/2023,OXR,CA,AWP,WE,Federal Contract Tower,0,1,18,0,19,0,5,87,0,92,0,6,105,0,111,240,0,240,351
02/27/2023,OXR,CA,AWP,WE,Federal Contract Tower,0,6,15,0,21,0,2,5,0,7,0,8,20,0,28,18,0,18,46
02/28/2023,OXR,CA,AWP,WE,Federal Contract Tower,0,3,7,0,10,0,7,46,0,53,0,10,53,0,63,130,0,130,193
03/01/2023,OXR,CA,AWP,WE,Federal Contract Tower,0,4,4,0,8,0,1,9,0,10,0,5,13,0,18,42,0,42,60
03/02/2023,OXR,CA,AWP,WE,Federal Contract Tower,0,6,8,0,14,0,32,121,0,153,0,38,129,0,167,288,0,288,455
03/03/2023,OXR,CA,AWP,WE,Federal Contract Tower,0,6,19,0,25,0,20,113,0,133,0,26,132,0,158,224,0,224,382
03/04/2023,OXR,CA,AWP,WE,Federal Contract Tower,0,0,23,0,23,0,1,25,0,26,0,1,48,0,49,98,0,98,147
03/05/2023,OXR,CA,AWP,WE,Federal Contract Tower,0,3,21,0,24,0,4,35,0,39,0,7,56,0,63,164,0,164,227
03/06/2023,OXR,CA,AWP,WE,Federal Contract Tower,0,7,11,0,18,0,12,72,0,84,0,19,83,0,102,144,0,144,246
03/07/2023,OXR,CA,AWP,WE,Federal Contract Tower,0,4,20,0,24,0,14,89,0,103,0,18,109,0,127,194,0,194,321
03/08/2023,OXR,CA,AWP,WE,Federal Contract Tower,0,3,18,0,21,0,16,95,0,111,0,19,113,0,132,164,0,164,296
03/09/2023,OXR,CA,AWP,WE,Federal Contract Tower,0,2,13,0,15,0,36,84,0,120,0,38,97,0,135,186,0,186,321
03/10/2023,OXR,CA,AWP,WE,Federal Contract Tower,0,6,4,0,10,0,0,0,0,0,0,6,4,0,10,0,0,0,10
03/11/2023,OXR,CA,AWP,WE,Federal Contract Tower,0,0,41,0,41,0,0,0,1,1,0,0,41,1,42,0,0,0,42
03/12/2023,OXR,CA,AWP,WE,Federal Contract Tower,0,3,41,0,44,0,2,29,0,31,0,5,70,0,75,30,0,30,105
03/13/2023,OXR,CA,AWP,WE,Federal Contract Tower,0,12,25,0,37,0,0,5,0,5,0,12,30,0,42,18,0,18,60
03/14/2023,OXR,CA,AWP,WE,Federal Contract Tower,0,2,2,0,4,0,0,0,0,0,0,2,2,0,4,0,0,0,4
03/15/2023,OXR,CA,AWP,WE,Federal Contract Tower,0,7,32,0,39,0,9,7,0,16,0,16,39,0,55,22,0,22,77
03/16/2023,OXR,CA,AWP,WE,Federal Contract Tower,0,4,26,0,30,0,13,58,0,71,0,17,84,0,101,280,0,280,381
03/17/2023,OXR,CA,AWP,WE,Federal Contract Tower,0,3,8,0,11,0,38,60,0,98,0,41,68,0,109,220,0,220,329
03/18/2023,OXR,CA,AWP,WE,Federal Contract Tower,0,1,9,0,10,0,12,59,0,71,0,13,68,0,81,62,0,62,143
03/19/2023,OXR,CA,AWP,WE,Federal Contract Tower,0,1,14,0,15,0,4,10,0,14,0,5,24,0,29,16,0,16,45
03/20/2023,OXR,CA,AWP,WE,Federal Contract Tower,0,4,26,0,30,0,98,12,0,110,0,102,38,0,140,36,0,36,176
03/21/2023,OXR,CA,AWP,WE,Federal Contract Tower,0,2,3,0,5,0,2,0,0,2,0,4,3,0,7,0,0,0,7
03/22/2023,OXR,CA,AWP,WE,Federal Contract Tower,0,3,16,0,19,0,3,3,0,6,0,6,19,0,25,52,0,52,77
03/23/2023,OXR,CA,AWP,WE,Federal Contract Tower,0,14,24,0,38,0,23,53,0,76,0,37,77,0,114,148,0,148,262
03/24/2023,OXR,CA,AWP,WE,Federal Contract Tower,0,5,6,0,11,0,24,130,0,154,0,29,136,0,165,372,0,372,537
03/25/2023,OXR,CA,AWP,WE,Federal Contract Tower,0,2,25,0,27,0,20,151,0,171,0,22,176,0,198,260,0,260,458
03/26/2023,OXR,CA,AWP,WE,Federal Contract Tower,0,6,14,0,20,0,7,93,0,100,0,13,107,0,120,344,0,344,464
03/27/2023,OXR,CA,AWP,WE,Federal Contract Tower,0,4,7,0,11,0,12,23,0,35,0,16,30,0,46,48,0,48,94
03/28/2023,OXR,CA,AWP,WE,Federal Contract Tower,0,5,11,0,16,0,20,63,0,83,0,25,74,0,99,168,0,168,267
03/29/2023,OXR,CA,AWP,WE,Federal Contract Tower,0,7,13,0,20,0,15,27,0,42,0,22,40,0,62,66,0,66,128
03/30/2023,OXR,CA,AWP,WE,Federal Contract Tower,0,2,10,0,12,0,11,49,0,60,0,13,59,0,72,146,0,146,218
03/31/2023,OXR,CA,AWP,WE,Federal Contract Tower,0,6,20,0,26,0,16,115,0,131,0,22,135,0,157,334,0,334,491
04/01/2023,OXR,CA,AWP,WE,Federal Contract Tower,0,3,6,0,9,0,11,122,0,133,0,14,128,0,142,322,0,322,464
04/02/2023,OXR,CA,AWP,WE,Federal Contract Tower,0,3,18,0,21,0,10,79,0,89,0,13,97,0,110,266,0,266,376
04/03/2023,OXR,CA,AWP,WE,Federal Contract Tower,0,3,11,0,14,0,9,26,0,35,0,12,37,0,49,30,0,30,79
04/04/2023,OXR,CA,AWP,WE,Federal Contract Tower,0,7,11,0,18,0,22,85,0,107,0,29,96,0,125,172,0,172,297
04/05/2023,OXR,CA,AWP,WE,Federal Contract Tower,0,2,9,0,11,0,10,74,0,84,0,12,83,0,95,154,0,154,249
04/06/2023,OXR,CA,AWP,WE,Federal Contract Tower,0,2,11,0,13,0,19,90,0,109,0,21,101,0,122,198,0,198,320
04/07/2023,OXR,CA,AWP,WE,Federal Contract Tower,0,2,14,0,16,0,14,101,0,115,0,16,115,0,131,332,0,332,463
04/08/2023,OXR,CA,AWP,WE,Federal Contract Tower,0,1,31,0,32,0,1,38,0,39,0,2,69,0,71,46,0,46,117
04/09/2023,OXR,CA,AWP,WE,Federal Contract Tower,0,4,6,0,10,0,3,25,0,28,0,7,31,0,38,26,0,26,64
04/10/2023,OXR,CA,AWP,WE,Federal Contract Tower,0,12,23,0,35,0,4,12,0,16,0,16,35,0,51,6,0,6,57
04/11/2023,OXR,CA,AWP,WE,Federal Contract Tower,0,13,28,0,41,0,2,2,0,4,0,15,30,0,45,0,0,0,45
04/12/2023,OXR,CA,AWP,WE,Federal Contract Tower,0,10,59,0,69,0,0,3,0,3,0,10,62,0,72,22,0,22,94
04/13/2023,OXR,CA,AWP,WE,Federal Contract Tower,0,4,32,0,36,0,19,40,12,71,0,23,72,12,107,126,0,126,233
04/14/2023,OXR,CA,AWP,WE,Federal Contract Tower,0,6,19,0,25,0,20,76,0,96,0,26,95,0,121,258,0,258,379
04/15/2023,OXR,CA,AWP,WE,Federal Contract Tower,0,0,12,0,12,0,8,105,0,113,0,8,117,0,125,284,0,284,409
04/16/2023,OXR,CA,AWP,WE,Federal Contract Tower,0,6,15,0,21,0,6,50,0,56,0,12,65,0,77,178,0,178,255
04/17/2023,OXR,CA,AWP,WE,Federal Contract Tower,0,8,63,0,71,0,8,25,0,33,0,16,88,0,104,52,0,52,156
04/18/2023,OXR,CA,AWP,WE,Federal Contract Tower,0,4,24,1,29,0,35,60,1,96,0,39,84,2,125,162,0,162,287
04/19/2023,OXR,CA,AWP,WE,Federal Contract Tower,0,3,5,0,8,0,35,88,0,123,0,38,93,0,131,164,0,164,295
04/20/2023,OXR,CA,AWP,WE,Federal Contract Tower,0,3,16,0,19,0,19,86,6,111,0,22,102,6,130,200,0,200,330
04/21/2023,OXR,CA,AWP,WE,Federal Contract Tower,0,4,14,0,18,0,12,120,0,132,0,16,134,0,150,280,0,280,430
04/22/2023,OXR,CA,AWP,WE,Federal Contract Tower,0,0,14,0,14,0,1,80,0,81,0,1,94,0,95,212,0,212,307
04/23/2023,OXR,CA,AWP,WE,Federal Contract Tower,0,2,31,0,33,0,7,69,0,76,0,9,100,0,109,216,0,216,325
04/24/2023,OXR,CA,AWP,WE,Federal Contract Tower,0,12,17,0,29,0,14,30,0,44,0,26,47,0,73,132,0,132,205
04/25/2023,OXR,CA,AWP,WE,Federal Contract Tower,0,11,23,0,34,0,13,42,0,55,0,24,65,0,89,42,0,42,131
04/26/2023,OXR,CA,AWP,WE,Federal Contract Tower,0,12,28,0,40,0,0,0,0,0,0,12,28,0,40,0,0,0,40
04/27/2023,OXR,CA,AWP,WE,Federal Contract Tower,0,7,35,0,42,0,0,11,0,11,0,7,46,0,53,2,0,2,55
04/28/2023,OXR,CA,AWP,WE,Federal Contract Tower,0,3,44,4,51,0,0,0,0,0,0,3,44,4,51,0,0,0,51
04/29/2023,OXR,CA,AWP,WE,Federal Contract Tower,0,6,30,0,36,0,0,0,0,0,0,6,30,0,36,0,0,0,36
04/30/2023,OXR,CA,AWP,WE,Federal Contract Tower,0,6,29,0,35,0,0,4,0,4,0,6,33,0,39,14,0,14,53
05/01/2023,OXR,CA,AWP,WE,Federal Contract Tower,0,10,13,0,23,0,10,57,0,67,0,20,70,0,90,190,0,190,280
05/02/2023,OXR,CA,AWP,WE,Federal Contract Tower,0,2,13,0,15,0,12,75,0,87,0,14,88,0,102,152,0,152,254
05/03/2023,OXR,CA,AWP,WE,Federal Contract Tower,0,5,7,0,12,0,18,37,0,55,0,23,44,0,67,98,0,98,165
05/04/2023,OXR,CA,AWP,WE,Federal Contract Tower,0,4,18,0,22,0,5,44,0,49,0,9,62,0,71,156,0,156,227
05/05/2023,OXR,CA,AWP,WE,Federal Contract Tower,0,5,27,0,32,0,10,75,0,85,0,15,102,0,117,258,0,258,375
05/06/2023,OXR,CA,AWP,WE,Federal Contract Tower,0,2,13,0,15,0,6,98,0,104,0,8,111,0,119,300,0,300,419
05/07/2023,OXR,CA,AWP,WE,Federal Contract Tower,0,4,23,0,27,0,8,80,0,88,0,12,103,0,115,264,0,264,379
05/08/2023,OXR,CA,AWP,WE,Federal Contract Tower,0,6,10,0,16,0,11,85,0,96,0,17,95,0,112,234,0,234,346
05/09/2023,OXR,CA,AWP,WE,Federal Contract Tower,0,6,39,0,45,0,7,24,0,31,0,13,63,0,76,84,0,84,160
05/10/2023,OXR,CA,AWP,WE,Federal Contract Tower,0,4,10,0,14,0,20,69,2,91,0,24,79,2,105,96,4,100,205
05/11/2023,OXR,CA,AWP,WE,Federal Contract Tower,0,6,14,0,20,0,16,93,0,109,0,22,107,0,129,74,0,74,203
05/12/2023,OXR,CA,AWP,WE,Federal Contract Tower,0,2,15,0,17,0,10,68,0,78,0,12,83,0,95,158,0,158,253
05/13/2023,OXR,CA,AWP,WE,Federal Contract Tower,0,6,35,0,41,0,0,0,0,0,0,6,35,0,41,0,0,0,41
05/14/2023,OXR,CA,AWP,WE,Federal Contract Tower,0,4,19,0,23,0,2,16,0,18,0,6,35,0,41,34,0,34,75
05/15/2023,OXR,CA,AWP,WE,Federal Contract Tower,0,5,40,0,45,0,1,3,0,4,0,6,43,0,49,0,0,0,49
05/16/2023,OXR,CA,AWP,WE,Federal Contract Tower,0,11,18,0,29,0,5,5,0,10,0,16,23,0,39,40,0,40,79
05/17/2023,OXR,CA,AWP,WE,Federal Contract Tower,0,9,37,0,46,0,0,0,0,0,0,9,37,0,46,0,0,0,46
05/18/2023,OXR,CA,AWP,WE,Federal Contract Tower,0,8,44,0,52,0,0,0,0,0,0,8,44,0,52,0,0,0,52
05/19/2023,OXR,CA,AWP,WE,Federal Contract Tower,0,7,41,0,48,0,1,6,0,7,0,8,47,0,55,16,0,16,71
05/20/2023,OXR,CA,AWP,WE,Federal Contract Tower,0,2,34,2,38,0,2,17,0,19,0,4,51,2,57,2,0,2,59
05/21/2023,OXR,CA,AWP,WE,Federal Contract Tower,0,11,18,0,29,0,0,0,0,0,0,11,18,0,29,8,0,8,37
05/22/2023,OXR,CA,AWP,WE,Federal Contract Tower,0,18,34,0,52,0,1,6,0,7,0,19,40,0,59,10,0,10,69
05/23/2023,OXR,CA,AWP,WE,Federal Contract Tower,0,10,40,0,50,0,3,3,0,6,0,13,43,0,56,26,0,26,82
05/24/2023,OXR,CA,AWP,WE,Federal Contract Tower,0,10,31,0,41,0,41,38,0,79,0,51,69,0,120,138,0,138,258
05/25/2023,OXR,CA,AWP,WE,Federal Contract Tower,0,7,35,0,42,0,13,53,0,66,0,20,88,0,108,170,0,170,278
05/26/2023,OXR,CA,AWP,WE,Federal Contract Tower,0,5,16,0,21,0,19,81,0,100,0,24,97,0,121,268,0,268,389
05/27/2023,OXR,CA,AWP,WE,Federal Contract Tower,0,4,14,0,18,0,6,53,0,59,0,10,67,0,77,168,0,168,245
05/28/2023,OXR,CA,AWP,WE,Federal Contract Tower,0,2,22,0,24,0,6,17,0,23,0,8,39,0,47,106,0,106,153
05/29/2023,OXR,CA,AWP,WE,Federal Contract Tower,0,7,18,0,25,0,52,0,0,52,0,59,18,0,77,128,0,128,205
05/30/2023,OXR,CA,AWP,WE,Federal Contract Tower,0,4,23,0,27,0,9,45,0,54,0,13,68,0,81,102,0,102,183
05/31/2023,OXR,CA,AWP,WE,Federal Contract Tower,0,5,32,0,37,0,13,45,0,58,0,18,77,0,95,152,0,152,247
06/01/2023,OXR,CA,AWP,WE,Federal Contract Tower,0,7,26,0,33,0,8,28,0,36,0,15,54,0,69,110,0,110,179
06/02/2023,OXR,CA,AWP,WE,Federal Contract Tower,0,2,21,0,23,0,10,77,0,87,0,12,98,0,110,238,0,238,348
06/03/2023,OXR,CA,AWP,WE,Federal Contract Tower,0,2,15,0,17,0,5,57,0,62,0,7,72,0,79,128,0,128,207
06/04/2023,OXR,CA,AWP,WE,Federal Contract Tower,0,9,38,2,49,0,2,16,0,18,0,11,54,2,67,76,0,76,143
06/05/2023,OXR,CA,AWP,WE,Federal Contract Tower,0,3,36,0,39,0,7,9,0,16,0,10,45,0,55,62,0,62,117
06/06/2023,OXR,CA,AWP,WE,Federal Contract Tower,0,7,23,0,30,0,14,50,0,64,0,21,73,0,94,144,0,144,238
06/07/2023,OXR,CA,AWP,WE,Federal Contract Tower,0,2,19,0,21,0,6,59,0,65,0,8,78,0,86,140,0,140,226
06/08/2023,OXR,CA,AWP,WE,Federal Contract Tower,0,6,31,0,37,0,10,40,0,50,0,16,71,0,87,124,0,124,211
06/09/2023,OXR,CA,AWP,WE,Federal Contract Tower,0,9,29,0,38,0,11,38,0,49,0,20,67,0,87,174,0,174,261
06/10/2023,OXR,CA,AWP,WE,Federal Contract Tower,0,0,31,0,31,0,10,19,0,29,0,10,50,0,60,70,0,70,130
06/11/2023,OXR,CA,AWP,WE,Federal Contract Tower,0,2,28,0,30,0,5,22,0,27,0,7,50,0,57,90,0,90,147
06/12/2023,OXR,CA,AWP,WE,Federal Contract Tower,0,3,26,0,29,0,41,48,0,89,0,44,74,0,118,154,0,154,272
06/13/2023,OXR,CA,AWP,WE,Federal Contract Tower,0,2,27,0,29,0,12,59,0,71,0,14,86,0,100,130,0,130,230
06/14/2023,OXR,CA,AWP,WE,Federal Contract Tower,0,10,48,0,58,0,12,28,0,40,0,22,76,0,98,134,0,134,232
06/15/2023,OXR,CA,AWP,WE,Federal Contract Tower,0,3,18,2,23,0,0,33,0,33,0,3,51,2,56,222,0,222,278
06/16/2023,OXR,CA,AWP,WE,Federal Contract Tower,0,3,43,0,46,0,21,56,0,77,0,24,99,0,123,132,0,132,255
06/17/2023,OXR,CA,AWP,WE,Federal Contract Tower,0,3,21,0,24,0,16,79,0,95,0,19,100,0,119,100,0,100,219
06/18/2023,OXR,CA,AWP,WE,Federal Contract Tower,0,11,27,0,38,0,0,7,0,7,0,11,34,0,45,28,0,28,73
06/19/2023,OXR,CA,AWP,WE,Federal Contract Tower,0,7,29,0,36,0,11,58,0,69,0,18,87,0,105,166,0,166,271
06/20/2023,OXR,CA,AWP,WE,Federal Contract Tower,0,3,11,0,14,0,19,140,0,159,0,22,151,0,173,218,0,218,391
06/21/2023,OXR,CA,AWP,WE,Federal Contract Tower,0,2,14,0,16,0,21,105,0,126,0,23,119,0,142,164,0,164,306
06/22/2023,OXR,CA,AWP,WE,Federal Contract Tower,0,4,27,0,31,0,28,55,0,83,0,32,82,0,114,200,0,200,314
06/23/2023,OXR,CA,AWP,WE,Federal Contract Tower,0,7,14,0,21,0,9,115,0,124,0,16,129,0,145,216,0,216,361
06/24/2023,OXR,CA,AWP,WE,Federal Contract Tower,0,7,12,0,19,0,17,75,0,92,0,24,87,0,111,214,0,214,325
06/25/2023,OXR,CA,AWP,WE,Federal Contract Tower,0,2,11,0,13,0,10,76,0,86,0,12,87,0,99,136,0,136,235
06/26/2023,OXR,CA,AWP,WE,Federal Contract Tower,0,5,17,0,22,0,9,77,0,86,0,14,94,0,108,136,0,136,244
06/27/2023,OXR,CA,AWP,WE,Federal Contract Tower,0,7,17,0,24,0,19,93,0,112,0,26,110,0,136,116,0,116,252
06/28/2023,OXR,CA,AWP,WE,Federal Contract Tower,0,5,29,0,34,0,17,55,0,72,0,22,84,0,106,172,0,172,278
06/29/2023,OXR,CA,AWP,WE,Federal Contract Tower,0,7,25,0,32,0,18,40,0,58,0,25,65,0,90,30,0,30,120
06/30/2023,OXR,CA,AWP,WE,Federal Contract Tower,0,7,29,4,40,0,8,19,0,27,0,15,48,4,67,26,0,26,93
07/01/2023,OXR,CA,AWP,WE,Federal Contract Tower,0,5,37,0,42,0,1,6,0,7,0,6,43,0,49,24,0,24,73
07/02/2023,OXR,CA,AWP,WE,Federal Contract Tower,0,7,19,0,26,0,0,3,0,3,0,7,22,0,29,2,0,2,31
07/03/2023,OXR,CA,AWP,WE,Federal Contract Tower,0,8,27,0,35,0,5,0,0,5,0,13,27,0,40,0,0,0,40
07/04/2023,OXR,CA,AWP,WE,Federal Contract Tower,0,2,4,0,6,0,1,6,0,7,0,3,10,0,13,0,0,0,13
07/05/2023,OXR,CA,AWP,WE,Federal Contract Tower,0,8,11,0,19,0,13,39,0,52,0,21,50,0,71,36,0,36,107
07/06/2023,OXR,CA,AWP,WE,Federal Contract Tower,0,2,15,0,17,0,9,58,0,67,0,11,73,0,84,152,0,152,236
07/07/2023,OXR,CA,AWP,WE,Federal Contract Tower,0,7,29,0,36,0,5,45,0,50,0,12,74,0,86,164,0,164,250
07/08/2023,OXR,CA,AWP,WE,Federal Contract Tower,0,1,19,0,20,0,6,60,0,66,0,7,79,0,86,256,0,256,342
07/09/2023,OXR,CA,AWP,WE,Federal Contract Tower,0,4,19,0,23,0,4,39,0,43,0,8,58,0,66,122,0,122,188
07/10/2023,OXR,CA,AWP,WE,Federal Contract Tower,0,7,11,0,18,0,32,61,0,93,0,39,72,0,111,148,0,148,259
07/11/2023,OXR,CA,AWP,WE,Federal Contract Tower,0,2,17,0,19,0,7,42,0,49,0,9,59,0,68,42,0,42,110
07/12/2023,OXR,CA,AWP,WE,Federal Contract Tower,0,9,6,0,15,0,10,74,0,84,0,19,80,0,99,228,0,228,327
07/13/2023,OXR,CA,AWP,WE,Federal Contract Tower,0,5,11,0,16,0,4,83,0,87,0,9,94,0,103,194,0,194,297
07/14/2023,OXR,CA,AWP,WE,Federal Contract Tower,0,6,10,2,18,0,6,93,0,99,0,12,103,2,117,242,0,242,359
07/15/2023,OXR,CA,AWP,WE,Federal Contract Tower,0,2,28,0,30,0,20,47,0,67,0,22,75,0,97,94,0,94,191
07/16/2023,OXR,CA,AWP,WE,Federal Contract Tower,0,12,13,0,25,0,3,73,0,76,0,15,86,0,101,120,0,120,221
07/17/2023,OXR,CA,AWP,WE,Federal Contract Tower,0,4,7,1,12,0,17,57,21,95,0,21,64,22,107,158,0,158,265
07/18/2023,OXR,CA,AWP,WE,Federal Contract Tower,0,6,9,0,15,0,15,72,11,98,0,21,81,11,113,98,0,98,211
07/19/2023,OXR,CA,AWP,WE,Federal Contract Tower,0,7,10,5,22,0,42,71,0,113,0,49,81,5,135,110,0,110,245
07/20/2023,OXR,CA,AWP,WE,Federal Contract Tower,0,4,18,0,22,0,6,92,2,100,0,10,110,2,122,168,0,168,290
07/21/2023,OXR,CA,AWP,WE,Federal Contract Tower,0,11,8,1,20,0,11,50,0,61,0,22,58,1,81,136,0,136,217
07/22/2023,OXR,CA,AWP,WE,Federal Contract Tower,0,3,22,0,25,0,3,63,0,66,0,6,85,0,91,86,0,86,177
07/23/2023,OXR,CA,AWP,WE,Federal Contract Tower,0,6,19,0,25,0,7,43,0,50,0,13,62,0,75,98,0,98,173
07/24/2023,OXR,CA,AWP,WE,Federal Contract Tower,0,8,16,0,24,0,2,27,0,29,0,10,43,0,53,48,0,48,101
07/25/2023,OXR,CA,AWP,WE,Federal Contract Tower,0,2,15,0,17,0,13,49,0,62,0,15,64,0,79,110,0,110,189
07/26/2023,OXR,CA,AWP,WE,Federal Contract Tower,0,4,13,0,17,0,22,101,0,123,0,26,114,0,140,186,0,186,326
07/27/2023,OXR,CA,AWP,WE,Federal Contract Tower,0,2,11,0,13,0,10,76,0,86,0,12,87,0,99,216,0,216,315
07/28/2023,OXR,CA,AWP,WE,Federal Contract Tower,0,11,24,0,35,0,3,60,0,63,0,14,84,0,98,70,0,70,168
07/29/2023,OXR,CA,AWP,WE,Federal Contract Tower,0,0,14,0,14,0,2,55,0,57,0,2,69,0,71,50,0,50,121
07/30/2023,OXR,CA,AWP,WE,Federal Contract Tower,0,4,35,0,39,0,2,29,0,31,0,6,64,0,70,46,0,46,116
07/31/2023,OXR,CA,AWP,WE,Federal Contract Tower,0,4,16,0,20,0,15,40,0,55,0,19,56,0,75,82,0,82,157
08/01/2023,OXR,CA,AWP,WE,Federal Contract Tower,0,3,5,0,8,0,10,72,0,82,0,13,77,0,90,116,0,116,206
08/02/2023,OXR,CA,AWP,WE,Federal Contract Tower,0,2,10,0,12,0,23,65,0,88,0,25,75,0,100,110,0,110,210
08/03/2023,OXR,CA,AWP,WE,Federal Contract Tower,0,2,18,0,20,0,19,97,0,116,0,21,115,0,136,264,0,264,400
08/04/2023,OXR,CA,AWP,WE,Federal Contract Tower,0,6,21,0,27,0,2,109,0,111,0,8,130,0,138,208,0,208,346
08/05/2023,OXR,CA,AWP,WE,Federal Contract Tower,0,2,6,0,8,0,3,94,0,97,0,5,100,0,105,230,0,230,335
08/06/2023,OXR,CA,AWP,WE,Federal Contract Tower,0,1,19,0,20,0,3,25,0,28,0,4,44,0,48,2,0,2,50
08/07/2023,OXR,CA,AWP,WE,Federal Contract Tower,0,5,21,0,26,0,7,31,0,38,0,12,52,0,64,34,0,34,98
08/08/2023,OXR,CA,AWP,WE,Federal Contract Tower,0,8,16,0,24,0,8,73,0,81,0,16,89,0,105,188,0,188,293
08/09/2023,OXR,CA,AWP,WE,Federal Contract Tower,0,6,20,0,26,0,0,14,0,14,0,6,34,0,40,26,0,26,66
08/10/2023,OXR,CA,AWP,WE,Federal Contract Tower,0,7,21,0,28,0,5,41,0,46,0,12,62,0,74,154,0,154,228
08/11/2023,OXR,CA,AWP,WE,Federal Contract Tower,0,9,29,0,38,0,5,41,0,46,0,14,70,0,84,98,0,98,182
08/12/2023,OXR,CA,AWP,WE,Federal Contract Tower,0,2,12,0,14,0,10,41,0,51,0,12,53,0,65,62,0,62,127
08/13/2023,OXR,CA,AWP,WE,Federal Contract Tower,0,6,19,0,25,0,2,36,0,38,0,8,55,0,63,80,0,80,143
08/14/2023,OXR,CA,AWP,WE,Federal Contract Tower,0,14,31,0,45,0,1,0,0,1,0,15,31,0,46,4,0,4,50
08/15/2023,OXR,CA,AWP,WE,Federal Contract Tower,0,20,37,1,58,0,3,0,0,3,0,23,37,1,61,0,0,0,61
08/16/2023,OXR,CA,AWP,WE,Federal Contract Tower,0,11,34,1,46,0,1,11,0,12,0,12,45,1,58,8,0,8,66
08/17/2023,OXR,CA,AWP,WE,Federal Contract Tower,0,10,33,0,43,0,2,7,0,9,0,12,40,0,52,30,0,30,82
08/18/2023,OXR,CA,AWP,WE,Federal Contract Tower,0,7,20,1,28,0,12,85,0,97,0,19,105,1,125,186,0,186,311
08/19/2023,OXR,CA,AWP,WE,Federal Contract Tower,0,0,11,0,11,0,18,64,0,82,0,18,75,0,93,142,0,142,235
08/20/2023,OXR,CA,AWP,WE,Federal Contract Tower,0,0,4,0,4,0,8,2,0,10,0,8,6,0,14,0,0,0,14
08/21/2023,OXR,CA,AWP,WE,Federal Contract Tower,0,2,8,0,10,0,6,26,0,32,0,8,34,0,42,66,0,66,108
08/22/2023,OXR,CA,AWP,WE,Federal Contract Tower,0,4,17,0,21,0,19,87,0,106,0,23,104,0,127,186,0,186,313
08/23/2023,OXR,CA,AWP,WE,Federal Contract Tower,0,8,32,1,41,0,3,23,0,26,0,11,55,1,67,10,0,10,77
08/24/2023,OXR,CA,AWP,WE,Federal Contract Tower,0,12,40,0,52,0,3,56,0,59,0,15,96,0,111,154,0,154,265
08/25/2023,OXR,CA,AWP,WE,Federal Contract Tower,0,7,13,0,20,0,10,87,0,97,0,17,100,0,117,220,0,220,337
08/26/2023,OXR,CA,AWP,WE,Federal Contract Tower,0,3,18,0,21,0,8,86,0,94,0,11,104,0,115,214,0,214,329
08/27/2023,OXR,CA,AWP,WE,Federal Contract Tower,0,3,13,0,16,0,1,57,0,58,0,4,70,0,74,178,0,178,252
08/28/2023,OXR,CA,AWP,WE,Federal Contract Tower,0,1,13,0,14,0,10,67,0,77,0,11,80,0,91,170,0,170,261
08/29/2023,OXR,CA,AWP,WE,Federal Contract Tower,0,6,8,0,14,0,27,99,0,126,0,33,107,0,140,146,0,146,286
08/30/2023,OXR,CA,AWP,WE,Federal Contract Tower,0,3,11,0,14,0,19,71,0,90,0,22,82,0,104,122,0,122,226
08/31/2023,OXR,CA,AWP,WE,Federal Contract Tower,0,11,20,0,31,0,9,28,0,37,0,20,48,0,68,38,0,38,106
01/01/2020,OXR,CA,AWP,WE,Federal Contract Tower,0,0,5,0,5,0,2,47,0,49,0,2,52,0,54,118,0,118,172
01/02/2020,OXR,CA,AWP,WE,Federal Contract Tower,0,2,2,0,4,0,4,54,0,58,0,6,56,0,62,162,0,162,224
01/03/2020,OXR,CA,AWP,WE,Federal Contract Tower,0,5,13,0,18,0,11,94,0,105,0,16,107,0,123,174,0,174,297
01/04/2020,OXR,CA,AWP,WE,Federal Contract Tower,0,0,13,0,13,0,4,94,0,98,0,4,107,0,111,232,0,232,343
01/05/2020,OXR,CA,AWP,WE,Federal Contract Tower,0,0,12,0,12,0,6,84,0,90,0,6,96,0,102,222,0,222,324
01/06/2020,OXR,CA,AWP,WE,Federal Contract Tower,0,2,6,0,8,0,8,38,0,46,0,10,44,0,54,54,0,54,108
01/07/2020,OXR,CA,AWP,WE,Federal Contract Tower,0,4,19,0,23,0,10,63,2,75,0,14,82,2,98,168,12,180,278
01/08/2020,OXR,CA,AWP,WE,Federal Contract Tower,0,2,10,0,12,0,6,65,0,71,0,8,75,0,83,104,0,104,187
01/09/2020,OXR,CA,AWP,WE,Federal Contract Tower,0,2,14,0,16,0,5,38,0,43,0,7,52,0,59,88,0,88,147
01/10/2020,OXR,CA,AWP,WE,Federal Contract Tower,0,4,9,0,13,0,11,92,0,103,0,15,101,0,116,80,0,80,196
01/11/2020,OXR,CA,AWP,WE,Federal Contract Tower,0,0,5,0,5,0,2,113,0,115,0,2,118,0,120,218,0,218,338
01/12/2020,OXR,CA,AWP,WE,Federal Contract Tower,0,2,22,0,24,0,3,83,0,86,0,5,105,0,110,176,0,176,286
01/13/2020,OXR,CA,AWP,WE,Federal Contract Tower,0,5,17,0,22,0,4,73,0,77,0,9,90,0,99,128,0,128,227
01/14/2020,OXR,CA,AWP,WE,Federal Contract Tower,0,2,10,0,12,0,8,65,0,73,0,10,75,0,85,150,0,150,235
01/15/2020,OXR,CA,AWP,WE,Federal Contract Tower,0,2,14,0,16,0,14,65,2,81,0,16,79,2,97,152,0,152,249
01/16/2020,OXR,CA,AWP,WE,Federal Contract Tower,0,2,24,0,26,0,2,25,0,27,0,4,49,0,53,62,8,70,123
01/17/2020,OXR,CA,AWP,WE,Federal Contract Tower,0,6,16,0,22,0,5,90,0,95,0,11,106,0,117,220,0,220,337
01/18/2020,OXR,CA,AWP,WE,Federal Contract Tower,0,0,7,0,7,0,8,87,0,95,0,8,94,0,102,160,0,160,262
01/19/2020,OXR,CA,AWP,WE,Federal Contract Tower,0,0,8,0,8,0,9,48,0,57,0,9,56,0,65,58,0,58,123
01/20/2020,OXR,CA,AWP,WE,Federal Contract Tower,0,4,16,0,20,0,5,38,0,43,0,9,54,0,63,72,0,72,135
01/21/2020,OXR,CA,AWP,WE,Federal Contract Tower,0,3,21,0,24,0,9,70,4,83,0,12,91,4,107,170,26,196,303
01/22/2020,OXR,CA,AWP,WE,Federal Contract Tower,0,2,4,0,6,0,19,85,0,104,0,21,89,0,110,200,0,200,310
01/23/2020,OXR,CA,AWP,WE,Federal Contract Tower,0,2,14,2,18,0,15,61,1,77,0,17,75,3,95,162,0,162,257
01/24/2020,OXR,CA,AWP,WE,Federal Contract Tower,0,6,13,2,21,0,13,106,0,119,0,19,119,2,140,164,0,164,304
01/25/2020,OXR,CA,AWP,WE,Federal Contract Tower,0,4,5,0,9,0,8,66,0,74,0,12,71,0,83,190,0,190,273
01/26/2020,OXR,CA,AWP,WE,Federal Contract Tower,0,4,30,0,34,3,19,0,0,22,3,23,30,0,56,36,0,36,92
01/27/2020,OXR,CA,AWP,WE,Federal Contract Tower,0,6,7,0,13,0,18,48,0,66,0,24,55,0,79,166,0,166,245
01/28/2020,OXR,CA,AWP,WE,Federal Contract Tower,0,3,15,0,18,0,13,45,0,58,0,16,60,0,76,106,0,106,182
01/29/2020,OXR,CA,AWP,WE,Federal Contract Tower,0,6,5,0,11,0,12,39,0,51,0,18,44,0,62,114,0,114,176
01/30/2020,OXR,CA,AWP,WE,Federal Contract Tower,0,3,14,0,17,0,17,118,0,135,0,20,132,0,152,114,0,114,266
01/31/2020,OXR,CA,AWP,WE,Federal Contract Tower,0,3,11,0,14,0,12,87,0,99,0,15,98,0,113,66,0,66,179
02/01/2020,OXR,CA,AWP,WE,Federal Contract Tower,0,1,9,0,10,0,3,81,0,84,0,4,90,0,94,232,0,232,326
02/02/2020,OXR,CA,AWP,WE,Federal Contract Tower,0,3,18,0,21,0,2,51,0,53,0,5,69,0,74,104,0,104,178
02/03/2020,OXR,CA,AWP,WE,Federal Contract Tower,0,2,5,4,11,0,10,26,0,36,0,12,31,4,47,102,0,102,149
02/04/2020,OXR,CA,AWP,WE,Federal Contract Tower,0,2,9,2,13,0,6,32,0,38,0,8,41,2,51,36,0,36,87
02/05/2020,OXR,CA,AWP,WE,Federal Contract Tower,0,2,16,0,18,0,11,80,0,91,0,13,96,0,109,120,0,120,229
02/06/2020,OXR,CA,AWP,WE,Federal Contract Tower,0,2,14,0,16,0,10,90,0,100,0,12,104,0,116,222,0,222,338
02/07/2020,OXR,CA,AWP,WE,Federal Contract Tower,0,2,6,0,8,0,8,95,0,103,0,10,101,0,111,126,0,126,237
02/08/2020,OXR,CA,AWP,WE,Federal Contract Tower,0,0,12,0,12,0,6,61,0,67,0,6,73,0,79,144,0,144,223
02/09/2020,OXR,CA,AWP,WE,Federal Contract Tower,0,0,8,0,8,0,6,28,0,34,0,6,36,0,42,50,0,50,92
02/10/2020,OXR,CA,AWP,WE,Federal Contract Tower,0,2,3,0,5,0,0,29,0,29,0,2,32,0,34,50,0,50,84
02/11/2020,OXR,CA,AWP,WE,Federal Contract Tower,0,2,8,0,10,0,3,26,2,31,0,5,34,2,41,34,0,34,75
02/12/2020,OXR,CA,AWP,WE,Federal Contract Tower,0,10,10,0,20,0,7,95,0,102,0,17,105,0,122,150,0,150,272
02/13/2020,OXR,CA,AWP,WE,Federal Contract Tower,0,4,9,2,15,0,5,97,0,102,0,9,106,2,117,168,0,168,285
02/14/2020,OXR,CA,AWP,WE,Federal Contract Tower,0,6,9,0,15,0,2,71,0,73,0,8,80,0,88,94,0,94,182
02/15/2020,OXR,CA,AWP,WE,Federal Contract Tower,0,2,7,0,9,0,4,71,8,83,0,6,78,8,92,184,0,184,276
02/16/2020,OXR,CA,AWP,WE,Federal Contract Tower,0,4,11,0,15,0,8,58,1,67,0,12,69,1,82,124,0,124,206
02/17/2020,OXR,CA,AWP,WE,Federal Contract Tower,0,9,10,0,19,0,5,37,0,42,0,14,47,0,61,210,0,210,271
02/18/2020,OXR,CA,AWP,WE,Federal Contract Tower,0,7,24,0,31,0,8,43,0,51,0,15,67,0,82,58,0,58,140
02/19/2020,OXR,CA,AWP,WE,Federal Contract Tower,0,4,9,0,13,0,4,64,0,68,0,8,73,0,81,104,0,104,185
02/20/2020,OXR,CA,AWP,WE,Federal Contract Tower,0,4,11,0,15,0,7,104,0,111,0,11,115,0,126,192,0,192,318
02/21/2020,OXR,CA,AWP,WE,Federal Contract Tower,0,2,28,2,32,0,3,71,0,74,0,5,99,2,106,112,0,112,218
02/22/2020,OXR,CA,AWP,WE,Federal Contract Tower,2,27,0,0,29,0,1,54,0,55,2,28,54,0,84,254,0,254,338
02/23/2020,OXR,CA,AWP,WE,Federal Contract Tower,0,0,17,0,17,0,3,75,0,78,0,3,92,0,95,222,0,222,317
02/24/2020,OXR,CA,AWP,WE,Federal Contract Tower,0,2,12,0,14,0,3,59,0,62,0,5,71,0,76,162,0,162,238
02/25/2020,OXR,CA,AWP,WE,Federal Contract Tower,0,4,2,0,6,0,1,24,0,25,0,5,26,0,31,52,0,52,83
02/26/2020,OXR,CA,AWP,WE,Federal Contract Tower,0,8,17,0,25,0,3,49,2,54,0,11,66,2,79,118,0,118,197
02/27/2020,OXR,CA,AWP,WE,Federal Contract Tower,0,5,10,0,15,0,17,66,0,83,0,22,76,0,98,152,0,152,250
02/28/2020,OXR,CA,AWP,WE,Federal Contract Tower,0,3,5,4,12,0,5,71,0,76,0,8,76,4,88,110,0,110,198
02/29/2020,OXR,CA,AWP,WE,Federal Contract Tower,0,2,24,0,26,0,8,75,0,83,0,10,99,0,109,206,0,206,315
03/01/2020,OXR,CA,AWP,WE,Federal Contract Tower,0,3,15,0,18,0,4,18,0,22,0,7,33,0,40,6,0,6,46
03/02/2020,OXR,CA,AWP,WE,Federal Contract Tower,0,2,9,0,11,0,24,49,0,73,0,26,58,0,84,82,0,82,166
03/03/2020,OXR,CA,AWP,WE,Federal Contract Tower,0,4,6,0,10,0,6,60,0,66,0,10,66,0,76,130,0,130,206
03/04/2020,OXR,CA,AWP,WE,Federal Contract Tower,0,4,13,0,17,0,4,69,0,73,0,8,82,0,90,112,0,112,202
03/05/2020,OXR,CA,AWP,WE,Federal Contract Tower,0,3,18,0,21,0,29,81,0,110,0,32,99,0,131,126,0,126,257
03/06/2020,OXR,CA,AWP,WE,Federal Contract Tower,0,3,17,0,20,0,8,81,0,89,0,11,98,0,109,186,0,186,295
03/07/2020,OXR,CA,AWP,WE,Federal Contract Tower,0,0,34,0,34,0,1,40,0,41,0,1,74,0,75,204,0,204,279
03/08/2020,OXR,CA,AWP,WE,Federal Contract Tower,0,1,18,2,21,0,3,76,0,79,0,4,94,2,100,250,0,250,350
03/09/2020,OXR,CA,AWP,WE,Federal Contract Tower,0,3,4,0,7,0,6,37,0,43,0,9,41,0,50,60,0,60,110
03/10/2020,OXR,CA,AWP,WE,Federal Contract Tower,0,2,15,0,17,0,0,7,0,7,0,2,22,0,24,8,0,8,32
03/11/2020,OXR,CA,AWP,WE,Federal Contract Tower,0,2,19,0,21,0,16,31,0,47,0,18,50,0,68,168,0,168,236
03/12/2020,OXR,CA,AWP,WE,Federal Contract Tower,0,4,15,0,19,0,14,13,0,27,0,18,28,0,46,36,0,36,82
03/13/2020,OXR,CA,AWP,WE,Federal Contract Tower,0,4,46,0,50,0,1,2,0,3,0,5,48,0,53,0,0,0,53
03/14/2020,OXR,CA,AWP,WE,Federal Contract Tower,0,1,51,0,52,0,14,18,0,32,0,15,69,0,84,102,0,102,186
03/15/2020,OXR,CA,AWP,WE,Federal Contract Tower,0,2,21,0,23,0,8,26,0,34,0,10,47,0,57,202,0,202,259
03/16/2020,OXR,CA,AWP,WE,Federal Contract Tower,0,4,6,0,10,0,2,0,0,2,0,6,6,0,12,18,0,18,30
03/17/2020,OXR,CA,AWP,WE,Federal Contract Tower,0,2,3,0,5,0,8,18,0,26,0,10,21,0,31,60,0,60,91
03/18/2020,OXR,CA,AWP,WE,Federal Contract Tower,0,2,13,0,15,0,10,80,0,90,0,12,93,0,105,124,0,124,229
03/19/2020,OXR,CA,AWP,WE,Federal Contract Tower,0,2,19,0,21,0,8,53,0,61,0,10,72,0,82,104,0,104,186
03/20/2020,OXR,CA,AWP,WE,Federal Contract Tower,0,2,8,0,10,0,24,16,0,40,0,26,24,0,50,102,0,102,152
03/21/2020,OXR,CA,AWP,WE,Federal Contract Tower,0,5,17,0,22,0,11,64,0,75,0,16,81,0,97,170,0,170,267
03/22/2020,OXR,CA,AWP,WE,Federal Contract Tower,0,0,11,0,11,0,6,19,0,25,0,6,30,0,36,74,0,74,110
03/23/2020,OXR,CA,AWP,WE,Federal Contract Tower,0,2,6,0,8,0,7,13,2,22,0,9,19,2,30,50,0,50,80
03/24/2020,OXR,CA,AWP,WE,Federal Contract Tower,0,2,8,0,10,0,12,18,0,30,0,14,26,0,40,58,0,58,98
03/25/2020,OXR,CA,AWP,WE,Federal Contract Tower,0,2,8,0,10,0,3,28,0,31,0,5,36,0,41,42,0,42,83
03/26/2020,OXR,CA,AWP,WE,Federal Contract Tower,0,2,5,0,7,0,4,24,0,28,0,6,29,0,35,50,0,50,85
03/27/2020,OXR,CA,AWP,WE,Federal Contract Tower,0,2,5,0,7,0,9,46,0,55,0,11,51,0,62,70,0,70,132
03/28/2020,OXR,CA,AWP,WE,Federal Contract Tower,0,0,11,0,11,0,3,56,0,59,0,3,67,0,70,252,0,252,322
03/29/2020,OXR,CA,AWP,WE,Federal Contract Tower,0,0,7,0,7,0,3,22,0,25,0,3,29,0,32,70,0,70,102
03/30/2020,OXR,CA,AWP,WE,Federal Contract Tower,0,2,8,0,10,0,21,35,0,56,0,23,43,0,66,182,0,182,248
03/31/2020,OXR,CA,AWP,WE,Federal Contract Tower,0,2,8,0,10,0,14,63,0,77,0,16,71,0,87,98,0,98,185
04/01/2020,OXR,CA,AWP,WE,Federal Contract Tower,0,2,11,0,13,0,4,37,0,41,0,6,48,0,54,16,0,16,70
04/02/2020,OXR,CA,AWP,WE,Federal Contract Tower,0,4,15,0,19,0,9,24,0,33,0,13,39,0,52,30,0,30,82
04/03/2020,OXR,CA,AWP,WE,Federal Contract Tower,0,2,7,1,10,0,7,46,1,54,0,9,53,2,64,98,0,98,162
04/04/2020,OXR,CA,AWP,WE,Federal Contract Tower,0,0,15,0,15,0,6,32,0,38,0,6,47,0,53,98,0,98,151
04/05/2020,OXR,CA,AWP,WE,Federal Contract Tower,0,0,4,0,4,0,0,2,0,2,0,0,6,0,6,0,0,0,6
04/06/2020,OXR,CA,AWP,WE,Federal Contract Tower,0,2,13,0,15,0,4,8,0,12,0,6,21,0,27,42,0,42,69
04/07/2020,OXR,CA,AWP,WE,Federal Contract Tower,0,2,7,0,9,0,12,20,0,32,0,14,27,0,41,30,0,30,71
04/08/2020,OXR,CA,AWP,WE,Federal Contract Tower,0,2,11,0,13,0,6,14,0,20,0,8,25,0,33,32,0,32,65
04/09/2020,OXR,CA,AWP,WE,Federal Contract Tower,0,2,4,0,6,0,0,1,0,1,0,2,5,0,7,0,0,0,7
04/10/2020,OXR,CA,AWP,WE,Federal Contract Tower,0,2,12,0,14,0,10,16,0,26,0,12,28,0,40,20,0,20,60
04/11/2020,OXR,CA,AWP,WE,Federal Contract Tower,0,0,9,0,9,0,12,69,0,81,0,12,78,0,90,200,0,200,290
04/14/2020,OXR,CA,AWP,WE,Federal Contract Tower,0,2,16,2,20,0,22,19,0,41,0,24,35,2,61,20,0,20,81
04/15/2020,OXR,CA,AWP,WE,Federal Contract Tower,0,2,7,0,9,0,4,46,0,50,0,6,53,0,59,82,0,82,141
04/16/2020,OXR,CA,AWP,WE,Federal Contract Tower,0,2,12,0,14,0,12,52,0,64,0,14,64,0,78,94,0,94,172
04/17/2020,OXR,CA,AWP,WE,Federal Contract Tower,0,4,10,0,14,0,9,22,0,31,0,13,32,0,45,96,0,96,141
04/18/2020,OXR,CA,AWP,WE,Federal Contract Tower,0,0,13,0,13,0,6,32,0,38,0,6,45,0,51,74,0,74,125
04/19/2020,OXR,CA,AWP,WE,Federal Contract Tower,0,0,16,0,16,0,10,27,0,37,0,10,43,0,53,90,0,90,143
04/20/2020,OXR,CA,AWP,WE,Federal Contract Tower,0,4,9,0,13,0,8,19,0,27,0,12,28,0,40,68,0,68,108
04/21/2020,OXR,CA,AWP,WE,Federal Contract Tower,0,2,8,0,10,0,16,55,0,71,0,18,63,0,81,96,0,96,177
04/22/2020,OXR,CA,AWP,WE,Federal Contract Tower,0,2,7,0,9,0,4,83,0,87,0,6,90,0,96,158,0,158,254
04/23/2020,OXR,CA,AWP,WE,Federal Contract Tower,0,2,15,0,17,0,7,52,0,59,0,9,67,0,76,138,0,138,214
04/24/2020,OXR,CA,AWP,WE,Federal Contract Tower,0,2,5,0,7,0,11,43,0,54,0,13,48,0,61,118,0,118,179
04/25/2020,OXR,CA,AWP,WE,Federal Contract Tower,0,2,6,0,8,0,9,45,0,54,0,11,51,0,62,110,0,110,172
04/28/2020,OXR,CA,AWP,WE,Federal Contract Tower,0,2,13,0,15,0,4,28,0,32,0,6,41,0,47,52,0,52,99
04/29/2020,OXR,CA,AWP,WE,Federal Contract Tower,0,7,47,0,54,0,0,1,0,1,0,7,48,0,55,0,0,0,55
04/30/2020,OXR,CA,AWP,WE,Federal Contract Tower,0,3,14,0,17,0,2,61,0,63,0,5,75,0,80,126,0,126,206
05/01/2020,OXR,CA,AWP,WE,Federal Contract Tower,0,2,4,0,6,0,3,83,0,86,0,5,87,0,92,126,0,126,218
05/02/2020,OXR,CA,AWP,WE,Federal Contract Tower,0,0,7,0,7,0,1,85,0,86,0,1,92,0,93,186,0,186,279
05/05/2020,OXR,CA,AWP,WE,Federal Contract Tower,0,3,10,0,13,0,8,59,0,67,0,11,69,0,80,80,0,80,160
05/06/2020,OXR,CA,AWP,WE,Federal Contract Tower,0,4,5,0,9,0,10,67,0,77,0,14,72,0,86,132,0,132,218
05/07/2020,OXR,CA,AWP,WE,Federal Contract Tower,0,4,25,0,29,0,4,84,0,88,0,8,109,0,117,228,0,228,345
05/08/2020,OXR,CA,AWP,WE,Federal Contract Tower,0,10,11,2,23,0,14,84,0,98,0,24,95,2,121,170,0,170,291
05/09/2020,OXR,CA,AWP,WE,Federal Contract Tower,0,4,40,0,44,0,0,16,0,16,0,4,56,0,60,76,0,76,136
05/10/2020,OXR,CA,AWP,WE,Federal Contract Tower,0,4,35,0,39,0,0,3,0,3,0,4,38,0,42,0,0,0,42
05/11/2020,OXR,CA,AWP,WE,Federal Contract Tower,0,3,19,0,22,0,1,50,0,51,0,4,69,0,73,56,0,56,129
05/12/2020,OXR,CA,AWP,WE,Federal Contract Tower,0,4,20,0,24,0,18,18,0,36,0,22,38,0,60,82,0,82,142
05/13/2020,OXR,CA,AWP,WE,Federal Contract Tower,0,2,11,0,13,0,24,118,0,142,0,26,129,0,155,168,0,168,323
05/14/2020,OXR,CA,AWP,WE,Federal Contract Tower,0,2,19,0,21,0,18,69,0,87,0,20,88,0,108,194,0,194,302
05/15/2020,OXR,CA,AWP,WE,Federal Contract Tower,0,2,8,0,10,0,9,76,0,85,0,11,84,0,95,188,0,188,283
05/16/2020,OXR,CA,AWP,WE,Federal Contract Tower,0,1,12,0,13,0,10,103,0,113,0,11,115,0,126,276,0,276,402
05/17/2020,OXR,CA,AWP,WE,Federal Contract Tower,0,11,0,0,11,0,8,86,0,94,0,19,86,0,105,196,0,196,301
05/18/2020,OXR,CA,AWP,WE,Federal Contract Tower,0,10,12,0,22,0,14,19,2,35,0,24,31,2,57,70,4,74,131
05/19/2020,OXR,CA,AWP,WE,Federal Contract Tower,0,4,5,0,9,0,24,63,0,87,0,28,68,0,96,54,0,54,150
05/20/2020,OXR,CA,AWP,WE,Federal Contract Tower,0,2,19,0,21,0,34,116,2,152,0,36,135,2,173,192,0,192,365
05/21/2020,OXR,CA,AWP,WE,Federal Contract Tower,0,4,5,0,9,0,21,85,0,106,0,25,90,0,115,194,0,194,309
05/22/2020,OXR,CA,AWP,WE,Federal Contract Tower,0,4,20,0,24,0,11,71,0,82,0,15,91,0,106,114,0,114,220
05/23/2020,OXR,CA,AWP,WE,Federal Contract Tower,0,3,8,0,11,0,5,77,0,82,0,8,85,0,93,288,0,288,381
05/24/2020,OXR,CA,AWP,WE,Federal Contract Tower,0,1,12,0,13,0,12,117,2,131,0,13,129,2,144,200,0,200,344
05/25/2020,OXR,CA,AWP,WE,Federal Contract Tower,0,0,10,0,10,0,34,96,0,130,0,34,106,0,140,126,0,126,266
05/26/2020,OXR,CA,AWP,WE,Federal Contract Tower,0,2,8,2,12,0,23,60,2,85,0,25,68,4,97,120,0,120,217
05/27/2020,OXR,CA,AWP,WE,Federal Contract Tower,0,6,24,0,30,0,9,38,0,47,0,15,62,0,77,0,0,0,77
05/28/2020,OXR,CA,AWP,WE,Federal Contract Tower,0,10,29,0,39,0,4,14,0,18,0,14,43,0,57,8,0,8,65
05/29/2020,OXR,CA,AWP,WE,Federal Contract Tower,0,4,55,0,59,0,5,14,0,19,0,9,69,0,78,16,0,16,94
05/30/2020,OXR,CA,AWP,WE,Federal Contract Tower,0,0,20,0,20,0,5,62,0,67,0,5,82,0,87,218,0,218,305
05/31/2020,OXR,CA,AWP,WE,Federal Contract Tower,0,0,7,0,7,0,8,112,2,122,0,8,119,2,129,188,0,188,317
06/01/2020,OXR,CA,AWP,WE,Federal Contract Tower,0,2,5,0,7,0,18,81,0,99,0,20,86,0,106,154,0,154,260
06/02/2020,OXR,CA,AWP,WE,Federal Contract Tower,0,2,7,0,9,0,13,69,2,84,0,15,76,2,93,152,0,152,245
06/03/2020,OXR,CA,AWP,WE,Federal Contract Tower,0,3,8,0,11,0,8,99,2,109,0,11,107,2,120,152,0,152,272
06/04/2020,OXR,CA,AWP,WE,Federal Contract Tower,0,3,19,0,22,0,17,23,0,40,0,20,42,0,62,104,0,104,166
06/05/2020,OXR,CA,AWP,WE,Federal Contract Tower,0,2,37,0,39,0,14,50,0,64,0,16,87,0,103,124,0,124,227
06/06/2020,OXR,CA,AWP,WE,Federal Contract Tower,0,1,27,0,28,0,6,58,0,64,0,7,85,0,92,238,0,238,330
06/07/2020,OXR,CA,AWP,WE,Federal Contract Tower,0,3,4,0,7,0,11,69,4,84,0,14,73,4,91,146,0,146,237
06/08/2020,OXR,CA,AWP,WE,Federal Contract Tower,0,3,13,0,16,0,28,34,0,62,0,31,47,0,78,42,0,42,120
06/09/2020,OXR,CA,AWP,WE,Federal Contract Tower,0,2,7,0,9,0,46,96,0,142,0,48,103,0,151,186,0,186,337
06/10/2020,OXR,CA,AWP,WE,Federal Contract Tower,0,2,16,0,18,0,10,86,4,100,0,12,102,4,118,170,0,170,288
06/11/2020,OXR,CA,AWP,WE,Federal Contract Tower,0,2,14,0,16,0,31,106,0,137,0,33,120,0,153,228,0,228,381
06/12/2020,OXR,CA,AWP,WE,Federal Contract Tower,0,8,31,0,39,0,14,46,0,60,0,22,77,0,99,108,0,108,207
06/13/2020,OXR,CA,AWP,WE,Federal Contract Tower,0,0,13,0,13,0,6,108,0,114,0,6,121,0,127,224,0,224,351
06/14/2020,OXR,CA,AWP,WE,Federal Contract Tower,0,0,21,0,21,0,15,103,0,118,0,15,124,0,139,252,0,252,391
06/15/2020,OXR,CA,AWP,WE,Federal Contract Tower,0,6,12,0,18,0,35,90,0,125,0,41,102,0,143,174,0,174,317
06/16/2020,OXR,CA,AWP,WE,Federal Contract Tower,0,7,34,0,41,0,11,50,0,61,0,18,84,0,102,126,0,126,228
06/17/2020,OXR,CA,AWP,WE,Federal Contract Tower,0,2,26,0,28,0,6,60,0,66,0,8,86,0,94,188,0,188,282
06/18/2020,OXR,CA,AWP,WE,Federal Contract Tower,0,5,46,0,51,0,11,23,0,34,0,16,69,0,85,106,0,106,191
06/19/2020,OXR,CA,AWP,WE,Federal Contract Tower,0,2,45,0,47,0,15,36,0,51,0,17,81,0,98,92,0,92,190
06/20/2020,OXR,CA,AWP,WE,Federal Contract Tower,0,8,64,0,72,0,5,17,0,22,0,13,81,0,94,36,0,36,130
06/21/2020,OXR,CA,AWP,WE,Federal Contract Tower,0,1,28,0,29,0,10,26,0,36,0,11,54,0,65,88,0,88,153
06/22/2020,OXR,CA,AWP,WE,Federal Contract Tower,0,7,25,0,32,0,16,16,0,32,0,23,41,0,64,24,0,24,88
06/23/2020,OXR,CA,AWP,WE,Federal Contract Tower,0,10,45,0,55,0,4,24,0,28,0,14,69,0,83,68,0,68,151
06/24/2020,OXR,CA,AWP,WE,Federal Contract Tower,0,11,51,2,64,0,25,33,0,58,0,36,84,2,122,50,0,50,172
06/25/2020,OXR,CA,AWP,WE,Federal Contract Tower,0,8,19,0,27,0,5,48,0,53,0,13,67,0,80,152,0,152,232
06/26/2020,OXR,CA,AWP,WE,Federal Contract Tower,0,7,45,1,53,0,1,42,0,43,0,8,87,1,96,56,0,56,152
06/27/2020,OXR,CA,AWP,WE,Federal Contract Tower,0,19,51,0,70,0,6,13,0,19,0,25,64,0,89,34,0,34,123
06/28/2020,OXR,CA,AWP,WE,Federal Contract Tower,0,2,45,0,47,0,15,25,0,40,0,17,70,0,87,120,0,120,207
06/29/2020,OXR,CA,AWP,WE,Federal Contract Tower,0,2,2,0,4,0,18,91,0,109,0,20,93,0,113,220,0,220,333
06/30/2020,OXR,CA,AWP,WE,Federal Contract Tower,0,2,13,1,16,0,11,81,0,92,0,13,94,1,108,154,0,154,262
07/01/2020,OXR,CA,AWP,WE,Federal Contract Tower,0,8,23,2,33,0,6,72,0,78,0,14,95,2,111,162,0,162,273
07/02/2020,OXR,CA,AWP,WE,Federal Contract Tower,0,2,28,0,30,0,4,82,0,86,0,6,110,0,116,198,0,198,314
07/03/2020,OXR,CA,AWP,WE,Federal Contract Tower,0,2,17,0,19,0,10,113,0,123,0,12,130,0,142,200,0,200,342
07/04/2020,OXR,CA,AWP,WE,Federal Contract Tower,0,0,6,0,6,0,4,46,0,50,0,4,52,0,56,112,0,112,168
07/05/2020,OXR,CA,AWP,WE,Federal Contract Tower,0,0,22,0,22,0,9,77,0,86,0,9,99,0,108,68,0,68,176
07/06/2020,OXR,CA,AWP,WE,Federal Contract Tower,0,2,15,0,17,0,10,93,0,103,0,12,108,0,120,196,0,196,316
07/07/2020,OXR,CA,AWP,WE,Federal Contract Tower,0,2,8,0,10,0,26,105,0,131,0,28,113,0,141,234,0,234,375
07/08/2020,OXR,CA,AWP,WE,Federal Contract Tower,0,3,14,0,17,0,11,59,0,70,0,14,73,0,87,64,0,64,151
07/09/2020,OXR,CA,AWP,WE,Federal Contract Tower,0,12,16,0,28,0,9,38,0,47,0,21,54,0,75,66,0,66,141
07/10/2020,OXR,CA,AWP,WE,Federal Contract Tower,0,17,24,0,41,0,9,75,0,84,0,26,99,0,125,236,0,236,361
07/11/2020,OXR,CA,AWP,WE,Federal Contract Tower,0,2,29,0,31,0,4,65,0,69,0,6,94,0,100,140,0,140,240
07/12/2020,OXR,CA,AWP,WE,Federal Contract Tower,0,4,0,0,4,0,8,117,2,127,0,12,117,2,131,208,0,208,339
07/13/2020,OXR,CA,AWP,WE,Federal Contract Tower,0,8,10,1,19,0,9,60,0,69,0,17,70,1,88,62,0,62,150
07/14/2020,OXR,CA,AWP,WE,Federal Contract Tower,0,3,9,0,12,0,8,38,0,46,0,11,47,0,58,112,0,112,170
07/15/2020,OXR,CA,AWP,WE,Federal Contract Tower,0,4,32,0,36,0,3,76,0,79,0,7,108,0,115,140,0,140,255
07/16/2020,OXR,CA,AWP,WE,Federal Contract Tower,0,3,25,0,28,0,8,83,0,91,0,11,108,0,119,168,0,168,287
07/17/2020,OXR,CA,AWP,WE,Federal Contract Tower,0,4,13,0,17,0,9,95,0,104,0,13,108,0,121,204,0,204,325
07/18/2020,OXR,CA,AWP,WE,Federal Contract Tower,0,2,28,0,30,0,0,55,0,55,0,2,83,0,85,192,0,192,277
07/19/2020,OXR,CA,AWP,WE,Federal Contract Tower,0,5,22,0,27,0,2,13,0,15,0,7,35,0,42,12,0,12,54
07/20/2020,OXR,CA,AWP,WE,Federal Contract Tower,0,3,6,0,9,0,9,79,0,88,0,12,85,0,97,134,0,134,231
07/21/2020,OXR,CA,AWP,WE,Federal Contract Tower,0,9,17,2,28,0,14,74,0,88,0,23,91,2,116,84,2,86,202
07/22/2020,OXR,CA,AWP,WE,Federal Contract Tower,0,4,46,0,50,0,23,37,0,60,0,27,83,0,110,22,0,22,132
07/23/2020,OXR,CA,AWP,WE,Federal Contract Tower,0,5,42,0,47,0,13,62,0,75,0,18,104,0,122,106,0,106,228
07/24/2020,OXR,CA,AWP,WE,Federal Contract Tower,0,7,16,0,23,0,15,48,0,63,0,22,64,0,86,136,0,136,222
07/25/2020,OXR,CA,AWP,WE,Federal Contract Tower,0,1,21,0,22,0,0,37,0,37,0,1,58,0,59,56,0,56,115
07/26/2020,OXR,CA,AWP,WE,Federal Contract Tower,0,9,28,0,37,0,1,9,0,10,0,10,37,0,47,0,0,0,47
07/27/2020,OXR,CA,AWP,WE,Federal Contract Tower,0,19,42,1,62,0,1,10,0,11,0,20,52,1,73,10,0,10,83
07/28/2020,OXR,CA,AWP,WE,Federal Contract Tower,0,8,24,0,32,0,4,32,0,36,0,12,56,0,68,20,0,20,88
07/29/2020,OXR,CA,AWP,WE,Federal Contract Tower,0,8,36,3,47,0,0,0,0,0,0,8,36,3,47,0,0,0,47
07/30/2020,OXR,CA,AWP,WE,Federal Contract Tower,0,4,9,0,13,0,7,59,0,66,0,11,68,0,79,122,0,122,201
07/31/2020,OXR,CA,AWP,WE,Federal Contract Tower,0,4,12,0,16,0,22,107,4,133,0,26,119,4,149,258,0,258,407
08/01/2020,OXR,CA,AWP,WE,Federal Contract Tower,0,0,9,0,9,0,16,128,0,144,0,16,137,0,153,230,0,230,383
08/02/2020,OXR,CA,AWP,WE,Federal Contract Tower,0,1,20,0,21,0,10,115,0,125,0,11,135,0,146,188,0,188,334
08/03/2020,OXR,CA,AWP,WE,Federal Contract Tower,0,5,17,0,22,0,3,31,0,34,0,8,48,0,56,34,0,34,90
08/04/2020,OXR,CA,AWP,WE,Federal Contract Tower,0,10,22,0,32,0,4,17,0,21,0,14,39,0,53,62,0,62,115
08/05/2020,OXR,CA,AWP,WE,Federal Contract Tower,0,10,34,0,44,0,35,38,0,73,0,45,72,0,117,74,0,74,191
08/06/2020,OXR,CA,AWP,WE,Federal Contract Tower,0,4,29,0,33,0,10,81,0,91,0,14,110,0,124,166,0,166,290
08/07/2020,OXR,CA,AWP,WE,Federal Contract Tower,0,2,8,0,10,0,5,93,0,98,0,7,101,0,108,206,0,206,314
08/08/2020,OXR,CA,AWP,WE,Federal Contract Tower,0,4,16,0,20,0,4,72,0,76,0,8,88,0,96,166,0,166,262
08/09/2020,OXR,CA,AWP,WE,Federal Contract Tower,0,5,19,0,24,0,3,105,0,108,0,8,124,0,132,162,0,162,294
08/10/2020,OXR,CA,AWP,WE,Federal Contract Tower,0,3,17,0,20,0,8,45,0,53,0,11,62,0,73,34,0,34,107
08/11/2020,OXR,CA,AWP,WE,Federal Contract Tower,0,6,20,0,26,0,13,28,0,41,0,19,48,0,67,24,0,24,91
08/12/2020,OXR,CA,AWP,WE,Federal Contract Tower,0,5,12,0,17,0,13,68,0,81,0,18,80,0,98,140,0,140,238
08/13/2020,OXR,CA,AWP,WE,Federal Contract Tower,0,2,12,0,14,0,14,69,0,83,0,16,81,0,97,200,0,200,297
08/14/2020,OXR,CA,AWP,WE,Federal Contract Tower,0,4,5,0,9,0,11,75,0,86,0,15,80,0,95,234,0,234,329
08/15/2020,OXR,CA,AWP,WE,Federal Contract Tower,0,0,7,0,7,0,12,69,0,81,0,12,76,0,88,136,0,136,224
08/16/2020,OXR,CA,AWP,WE,Federal Contract Tower,0,1,12,0,13,0,18,92,0,110,0,19,104,0,123,126,0,126,249
08/17/2020,OXR,CA,AWP,WE,Federal Contract Tower,0,4,6,0,10,0,17,66,0,83,0,21,72,0,93,132,0,132,225
08/18/2020,OXR,CA,AWP,WE,Federal Contract Tower,0,2,9,0,11,0,19,69,0,88,0,21,78,0,99,164,0,164,263
08/19/2020,OXR,CA,AWP,WE,Federal Contract Tower,0,4,16,0,20,0,19,100,0,119,0,23,116,0,139,170,0,170,309
08/20/2020,OXR,CA,AWP,WE,Federal Contract Tower,0,5,10,0,15,0,9,50,2,61,0,14,60,2,76,186,0,186,262
08/21/2020,OXR,CA,AWP,WE,Federal Contract Tower,0,7,32,0,39,0,11,17,0,28,0,18,49,0,67,16,0,16,83
08/22/2020,OXR,CA,AWP,WE,Federal Contract Tower,0,0,9,0,9,0,3,49,0,52,0,3,58,0,61,130,0,130,191
08/23/2020,OXR,CA,AWP,WE,Federal Contract Tower,0,0,15,0,15,0,8,91,0,99,0,8,106,0,114,194,0,194,308
08/24/2020,OXR,CA,AWP,WE,Federal Contract Tower,0,11,29,1,41,0,2,3,0,5,0,13,32,1,46,8,0,8,54
08/25/2020,OXR,CA,AWP,WE,Federal Contract Tower,0,5,26,1,32,0,18,39,1,58,0,23,65,2,90,22,0,22,112
08/26/2020,OXR,CA,AWP,WE,Federal Contract Tower,0,6,17,1,24,0,2,54,1,57,0,8,71,2,81,48,0,48,129
08/27/2020,OXR,CA,AWP,WE,Federal Contract Tower,0,2,8,1,11,0,9,69,0,78,0,11,77,1,89,208,0,208,297
08/28/2020,OXR,CA,AWP,WE,Federal Contract Tower,0,5,33,0,38,0,3,50,0,53,0,8,83,0,91,38,0,38,129
08/29/2020,OXR,CA,AWP,WE,Federal Contract Tower,0,0,20,0,20,0,2,73,0,75,0,2,93,0,95,168,0,168,263
08/30/2020,OXR,CA,AWP,WE,Federal Contract Tower,0,4,24,0,28,0,9,94,0,103,0,13,118,0,131,140,0,140,271
08/31/2020,OXR,CA,AWP,WE,Federal Contract Tower,0,2,25,0,27,0,14,35,0,49,0,16,60,0,76,90,0,90,166
09/01/2020,OXR,CA,AWP,WE,Federal Contract Tower,0,2,19,0,21,0,9,61,0,70,0,11,80,0,91,118,0,118,209
09/02/2020,OXR,CA,AWP,WE,Federal Contract Tower,0,3,10,0,13,0,22,73,0,95,0,25,83,0,108,90,0,90,198
09/03/2020,OXR,CA,AWP,WE,Federal Contract Tower,0,3,19,0,22,0,21,92,0,113,0,24,111,0,135,188,0,188,323
09/04/2020,OXR,CA,AWP,WE,Federal Contract Tower,0,2,11,0,13,0,10,93,0,103,0,12,104,0,116,212,0,212,328
09/05/2020,OXR,CA,AWP,WE,Federal Contract Tower,0,0,4,0,4,0,1,72,0,73,0,1,76,0,77,114,0,114,191
09/06/2020,OXR,CA,AWP,WE,Federal Contract Tower,0,1,9,0,10,0,8,97,0,105,0,9,106,0,115,140,0,140,255
09/07/2020,OXR,CA,AWP,WE,Federal Contract Tower,0,1,18,0,19,0,0,18,0,18,0,1,36,0,37,56,0,56,93
09/08/2020,OXR,CA,AWP,WE,Federal Contract Tower,0,3,27,0,30,8,12,0,0,20,8,15,27,0,50,24,0,24,74
09/09/2020,OXR,CA,AWP,WE,Federal Contract Tower,0,6,26,0,32,0,25,0,0,25,0,31,26,0,57,2,0,2,59
09/10/2020,OXR,CA,AWP,WE,Federal Contract Tower,0,4,12,0,16,0,2,57,0,59,0,6,69,0,75,102,0,102,177
09/11/2020,OXR,CA,AWP,WE,Federal Contract Tower,0,3,16,0,19,0,7,44,0,51,0,10,60,0,70,134,0,134,204
09/12/2020,OXR,CA,AWP,WE,Federal Contract Tower,0,6,23,0,29,0,0,4,0,4,0,6,27,0,33,0,0,0,33
09/13/2020,OXR,CA,AWP,WE,Federal Contract Tower,0,4,10,0,14,0,2,60,0,62,0,6,70,0,76,94,0,94,170
09/14/2020,OXR,CA,AWP,WE,Federal Contract Tower,0,4,10,0,14,0,11,24,0,35,0,15,34,0,49,31,0,31,80
09/15/2020,OXR,CA,AWP,WE,Federal Contract Tower,0,2,19,0,21,0,24,24,0,48,0,26,43,0,69,60,0,60,129
09/16/2020,OXR,CA,AWP,WE,Federal Contract Tower,0,7,18,0,25,0,22,39,0,61,0,29,57,0,86,22,0,22,108
09/17/2020,OXR,CA,AWP,WE,Federal Contract Tower,0,4,19,0,23,0,4,95,2,101,0,8,114,2,124,112,0,112,236
09/18/2020,OXR,CA,AWP,WE,Federal Contract Tower,0,2,21,0,23,0,19,103,0,122,0,21,124,0,145,176,0,176,321
09/19/2020,OXR,CA,AWP,WE,Federal Contract Tower,0,0,11,0,11,0,4,103,0,107,0,4,114,0,118,220,0,220,338
09/20/2020,OXR,CA,AWP,WE,Federal Contract Tower,0,4,13,1,18,0,3,66,0,69,0,7,79,1,87,64,0,64,151
09/21/2020,OXR,CA,AWP,WE,Federal Contract Tower,0,4,16,0,20,0,5,37,0,42,0,9,53,0,62,54,0,54,116
09/22/2020,OXR,CA,AWP,WE,Federal Contract Tower,0,5,25,0,30,0,4,52,0,56,0,9,77,0,86,102,0,102,188
09/23/2020,OXR,CA,AWP,WE,Federal Contract Tower,0,6,17,0,23,0,5,90,2,97,0,11,107,2,120,108,0,108,228
09/24/2020,OXR,CA,AWP,WE,Federal Contract Tower,0,7,15,0,22,0,8,90,0,98,0,15,105,0,120,184,0,184,304
09/25/2020,OXR,CA,AWP,WE,Federal Contract Tower,0,6,27,2,35,0,7,73,7,87,0,13,100,9,122,132,0,132,254
09/26/2020,OXR,CA,AWP,WE,Federal Contract Tower,0,4,8,4,16,0,0,60,0,60,0,4,68,4,76,176,0,176,252
09/27/2020,OXR,CA,AWP,WE,Federal Contract Tower,0,2,25,5,32,0,11,65,0,76,0,13,90,5,108,98,0,98,206
09/28/2020,OXR,CA,AWP,WE,Federal Contract Tower,0,2,31,1,34,0,2,46,0,48,0,4,77,1,82,62,0,62,144
09/29/2020,OXR,CA,AWP,WE,Federal Contract Tower,0,15,12,2,29,0,2,25,0,27,0,17,37,2,56,28,0,28,84
09/30/2020,OXR,CA,AWP,WE,Federal Contract Tower,0,2,7,0,9,0,12,60,6,78,0,14,67,6,87,184,0,184,271
10/01/2020,OXR,CA,AWP,WE,Federal Contract Tower,0,2,10,0,12,0,8,62,0,70,0,10,72,0,82,182,0,182,264
10/02/2020,OXR,CA,AWP,WE,Federal Contract Tower,0,3,12,0,15,0,8,107,0,115,0,11,119,0,130,170,0,170,300
10/03/2020,OXR,CA,AWP,WE,Federal Contract Tower,0,2,6,0,8,0,8,52,0,60,0,10,58,0,68,96,0,96,164
10/04/2020,OXR,CA,AWP,WE,Federal Contract Tower,0,3,11,0,14,0,8,75,2,85,0,11,86,2,99,184,0,184,283
10/05/2020,OXR,CA,AWP,WE,Federal Contract Tower,0,4,19,0,23,0,7,70,0,77,0,11,89,0,100,106,0,106,206
10/06/2020,OXR,CA,AWP,WE,Federal Contract Tower,0,5,10,0,15,0,10,60,0,70,0,15,70,0,85,70,0,70,155
10/07/2020,OXR,CA,AWP,WE,Federal Contract Tower,0,2,11,0,13,0,6,86,4,96,0,8,97,4,109,152,0,152,261
10/08/2020,OXR,CA,AWP,WE,Federal Contract Tower,0,7,29,0,36,0,18,23,0,41,0,25,52,0,77,106,0,106,183
10/09/2020,OXR,CA,AWP,WE,Federal Contract Tower,0,8,32,0,40,0,13,34,0,47,0,21,66,0,87,88,0,88,175
10/10/2020,OXR,CA,AWP,WE,Federal Contract Tower,0,1,29,0,30,0,15,44,0,59,0,16,73,0,89,152,0,152,241
10/11/2020,OXR,CA,AWP,WE,Federal Contract Tower,0,2,12,0,14,0,15,134,0,149,0,17,146,0,163,228,0,228,391
10/12/2020,OXR,CA,AWP,WE,Federal Contract Tower,0,4,23,0,27,0,8,86,0,94,0,12,109,0,121,138,0,138,259
10/13/2020,OXR,CA,AWP,WE,Federal Contract Tower,0,4,18,0,22,0,15,74,0,89,0,19,92,0,111,268,0,268,379
10/14/2020,OXR,CA,AWP,WE,Federal Contract Tower,0,2,14,0,16,0,25,82,2,109,0,27,96,2,125,150,0,150,275
10/15/2020,OXR,CA,AWP,WE,Federal Contract Tower,0,6,32,6,44,0,8,93,0,101,0,14,125,6,145,188,0,188,333
10/16/2020,OXR,CA,AWP,WE,Federal Contract Tower,0,5,13,0,18,0,18,66,2,86,0,23,79,2,104,152,0,152,256
10/17/2020,OXR,CA,AWP,WE,Federal Contract Tower,0,1,14,0,15,0,1,86,0,87,0,2,100,0,102,148,0,148,250
10/18/2020,OXR,CA,AWP,WE,Federal Contract Tower,0,3,23,0,26,0,3,49,0,52,0,6,72,0,78,15,2,17,95
10/19/2020,OXR,CA,AWP,WE,Federal Contract Tower,0,9,29,0,38,0,5,6,2,13,0,14,35,2,51,0,0,0,51
10/20/2020,OXR,CA,AWP,WE,Federal Contract Tower,0,6,35,0,41,0,2,12,0,14,0,8,47,0,55,30,0,30,85
10/21/2020,OXR,CA,AWP,WE,Federal Contract Tower,0,7,59,0,66,0,11,17,0,28,0,18,76,0,94,54,0,54,148
10/22/2020,OXR,CA,AWP,WE,Federal Contract Tower,0,7,47,2,56,0,12,25,0,37,0,19,72,2,93,172,0,172,265
10/23/2020,OXR,CA,AWP,WE,Federal Contract Tower,0,4,39,0,43,0,10,33,0,43,0,14,72,0,86,124,0,124,210
10/24/2020,OXR,CA,AWP,WE,Federal Contract Tower,0,4,31,0,35,0,12,40,0,52,0,16,71,0,87,150,0,150,237
10/25/2020,OXR,CA,AWP,WE,Federal Contract Tower,0,2,48,2,52,0,14,36,0,50,0,16,84,2,102,92,0,92,194
10/26/2020,OXR,CA,AWP,WE,Federal Contract Tower,0,3,8,0,11,0,1,4,0,5,0,4,12,0,16,0,0,0,16
10/27/2020,OXR,CA,AWP,WE,Federal Contract Tower,0,5,11,2,18,0,5,58,0,63,0,10,69,2,81,146,0,146,227
10/28/2020,OXR,CA,AWP,WE,Federal Contract Tower,0,4,16,0,20,0,11,105,13,129,0,15,121,13,149,286,0,286,435
10/29/2020,OXR,CA,AWP,WE,Federal Contract Tower,0,5,21,0,26,0,17,102,0,119,0,22,123,0,145,246,0,246,391
10/30/2020,OXR,CA,AWP,WE,Federal Contract Tower,0,4,11,2,17,0,11,93,0,104,0,15,104,2,121,190,0,190,311
10/31/2020,OXR,CA,AWP,WE,Federal Contract Tower,0,4,14,0,18,0,8,109,0,117,0,12,123,0,135,230,0,230,365
11/01/2020,OXR,CA,AWP,WE,Federal Contract Tower,0,0,5,0,5,0,4,59,0,63,0,4,64,0,68,118,0,118,186
11/02/2020,OXR,CA,AWP,WE,Federal Contract Tower,0,9,21,0,30,0,18,9,0,27,0,27,30,0,57,0,0,0,57
11/03/2020,OXR,CA,AWP,WE,Federal Contract Tower,0,5,19,0,24,0,3,34,0,37,0,8,53,0,61,62,0,62,123
11/04/2020,OXR,CA,AWP,WE,Federal Contract Tower,0,5,24,0,29,0,19,66,8,93,0,24,90,8,122,108,0,108,230
11/05/2020,OXR,CA,AWP,WE,Federal Contract Tower,0,2,11,2,15,0,6,76,2,84,0,8,87,4,99,188,16,204,303
11/06/2020,OXR,CA,AWP,WE,Federal Contract Tower,0,2,22,0,24,0,4,33,0,37,0,6,55,0,61,74,0,74,135
11/07/2020,OXR,CA,AWP,WE,Federal Contract Tower,0,5,10,0,15,0,3,7,0,10,0,8,17,0,25,12,0,12,37
11/08/2020,OXR,CA,AWP,WE,Federal Contract Tower,0,0,9,0,9,0,5,12,0,17,0,5,21,0,26,42,0,42,68
11/09/2020,OXR,CA,AWP,WE,Federal Contract Tower,0,10,5,0,15,0,29,94,0,123,0,39,99,0,138,138,12,150,288
11/10/2020,OXR,CA,AWP,WE,Federal Contract Tower,0,3,6,0,9,0,21,113,22,156,0,24,119,22,165,154,0,154,319
11/11/2020,OXR,CA,AWP,WE,Federal Contract Tower,0,2,9,0,11,0,3,107,32,142,0,5,116,32,153,222,0,222,375
11/12/2020,OXR,CA,AWP,WE,Federal Contract Tower,0,2,6,0,8,0,16,84,15,115,0,18,90,15,123,208,8,216,339
11/13/2020,OXR,CA,AWP,WE,Federal Contract Tower,0,8,16,0,24,0,10,68,0,78,0,18,84,0,102,202,0,202,304
11/14/2020,OXR,CA,AWP,WE,Federal Contract Tower,0,3,10,0,13,0,4,90,0,94,0,7,100,0,107,236,0,236,343
11/15/2020,OXR,CA,AWP,WE,Federal Contract Tower,0,2,11,0,13,0,23,113,0,136,0,25,124,0,149,256,0,256,405
11/16/2020,OXR,CA,AWP,WE,Federal Contract Tower,0,5,14,0,19,0,17,65,2,84,0,22,79,2,103,110,0,110,213
11/17/2020,OXR,CA,AWP,WE,Federal Contract Tower,0,2,15,0,17,0,15,59,0,74,0,17,74,0,91,114,0,114,205
11/18/2020,OXR,CA,AWP,WE,Federal Contract Tower,0,4,35,0,39,0,15,31,0,46,0,19,66,0,85,34,0,34,119
11/19/2020,OXR,CA,AWP,WE,Federal Contract Tower,0,6,33,0,39,0,9,25,0,34,0,15,58,0,73,12,0,12,85
11/20/2020,OXR,CA,AWP,WE,Federal Contract Tower,0,2,18,0,20,0,7,118,0,125,0,9,136,0,145,208,0,208,353
11/21/2020,OXR,CA,AWP,WE,Federal Contract Tower,0,0,10,0,10,0,4,90,0,94,0,4,100,0,104,210,0,210,314
11/22/2020,OXR,CA,AWP,WE,Federal Contract Tower,0,2,17,0,19,0,8,103,0,111,0,10,120,0,130,278,0,278,408
11/23/2020,OXR,CA,AWP,WE,Federal Contract Tower,0,7,17,0,24,0,14,98,0,112,0,21,115,0,136,166,0,166,302
11/24/2020,OXR,CA,AWP,WE,Federal Contract Tower,0,3,13,0,16,0,18,105,4,127,0,21,118,4,143,186,0,186,329
11/25/2020,OXR,CA,AWP,WE,Federal Contract Tower,0,6,14,0,20,0,9,58,0,67,0,15,72,0,87,96,0,96,183
11/26/2020,OXR,CA,AWP,WE,Federal Contract Tower,0,0,1,0,1,0,3,25,0,28,0,3,26,0,29,4,0,4,33
11/27/2020,OXR,CA,AWP,WE,Federal Contract Tower,0,2,8,0,10,0,0,19,0,19,0,2,27,0,29,12,0,12,41
11/28/2020,OXR,CA,AWP,WE,Federal Contract Tower,0,0,11,0,11,0,1,89,0,90,0,1,100,0,101,74,0,74,175
11/29/2020,OXR,CA,AWP,WE,Federal Contract Tower,0,4,15,0,19,0,6,106,0,112,0,10,121,0,131,204,0,204,335
11/30/2020,OXR,CA,AWP,WE,Federal Contract Tower,0,3,16,0,19,0,9,83,2,94,0,12,99,2,113,154,0,154,267
12/01/2020,OXR,CA,AWP,WE,Federal Contract Tower,0,4,25,0,29,0,18,102,4,124,0,22,127,4,153,134,0,134,287
12/02/2020,OXR,CA,AWP,WE,Federal Contract Tower,0,5,9,0,14,0,7,67,20,94,0,12,76,20,108,146,0,146,254
12/03/2020,OXR,CA,AWP,WE,Federal Contract Tower,0,2,15,0,17,0,1,14,0,15,0,3,29,0,32,10,0,10,42
12/04/2020,OXR,CA,AWP,WE,Federal Contract Tower,0,2,12,0,14,0,9,80,0,89,0,11,92,0,103,230,0,230,333
12/05/2020,OXR,CA,AWP,WE,Federal Contract Tower,0,0,19,0,19,0,2,98,0,100,0,2,117,0,119,254,0,254,373
12/07/2020,OXR,CA,AWP,WE,Federal Contract Tower,0,2,4,0,6,0,6,7,0,13,0,8,11,0,19,26,0,26,45
12/08/2020,OXR,CA,AWP,WE,Federal Contract Tower,0,2,6,0,8,0,10,23,0,33,0,12,29,0,41,22,0,22,63
12/09/2020,OXR,CA,AWP,WE,Federal Contract Tower,0,2,0,0,2,7,82,0,0,89,7,84,0,0,91,118,16,134,225
12/10/2020,OXR,CA,AWP,WE,Federal Contract Tower,0,2,15,0,17,0,10,76,0,86,0,12,91,0,103,224,0,224,327
12/11/2020,OXR,CA,AWP,WE,Federal Contract Tower,0,2,33,0,35,0,2,54,0,56,0,4,87,0,91,176,0,176,267
12/12/2020,OXR,CA,AWP,WE,Federal Contract Tower,0,0,14,0,14,0,2,27,0,29,0,2,41,0,43,66,0,66,109
12/13/2020,OXR,CA,AWP,WE,Federal Contract Tower,0,0,8,0,8,0,5,116,0,121,0,5,124,0,129,258,0,258,387
12/14/2020,OXR,CA,AWP,WE,Federal Contract Tower,0,2,10,0,12,0,4,52,0,56,0,6,62,0,68,88,0,88,156
12/15/2020,OXR,CA,AWP,WE,Federal Contract Tower,0,2,3,2,7,0,26,43,2,71,0,28,46,4,78,76,14,90,168
12/16/2020,OXR,CA,AWP,WE,Federal Contract Tower,0,6,17,0,23,0,21,93,3,117,0,27,110,3,140,214,0,214,354
12/17/2020,OXR,CA,AWP,WE,Federal Contract Tower,0,4,8,0,12,0,10,42,0,52,0,14,50,0,64,48,0,48,112
12/18/2020,OXR,CA,AWP,WE,Federal Contract Tower,0,2,10,0,12,0,20,64,0,84,0,22,74,0,96,142,0,142,238
12/19/2020,OXR,CA,AWP,WE,Federal Contract Tower,0,4,14,0,18,0,6,93,0,99,0,10,107,0,117,206,0,206,323
12/20/2020,OXR,CA,AWP,WE,Federal Contract Tower,0,3,12,0,15,0,5,89,0,94,0,8,101,0,109,196,0,196,305
12/21/2020,OXR,CA,AWP,WE,Federal Contract Tower,0,2,12,0,14,0,9,96,0,105,0,11,108,0,119,206,0,206,325
12/22/2020,OXR,CA,AWP,WE,Federal Contract Tower,0,2,12,0,14,0,12,96,2,110,0,14,108,2,124,208,0,208,332
12/23/2020,OXR,CA,AWP,WE,Federal Contract Tower,0,2,2,2,6,0,4,25,0,29,0,6,27,2,35,2,0,2,37
12/24/2020,OXR,CA,AWP,WE,Federal Contract Tower,0,2,9,0,11,0,7,8,0,15,0,9,17,0,26,0,0,0,26
12/25/2020,OXR,CA,AWP,WE,Federal Contract Tower,0,3,1,0,4,0,1,16,0,17,0,4,17,0,21,18,0,18,39
12/26/2020,OXR,CA,AWP,WE,Federal Contract Tower,0,3,10,0,13,0,7,114,0,121,0,10,124,0,134,198,0,198,332
12/27/2020,OXR,CA,AWP,WE,Federal Contract Tower,0,3,6,0,9,0,5,35,0,40,0,8,41,0,49,94,0,94,143
12/28/2020,OXR,CA,AWP,WE,Federal Contract Tower,0,2,6,0,8,0,2,0,0,2,0,4,6,0,10,0,0,0,10
12/29/2020,OXR,CA,AWP,WE,Federal Contract Tower,0,2,9,0,11,0,13,101,4,118,0,15,110,4,129,134,0,134,263
12/30/2020,OXR,CA,AWP,WE,Federal Contract Tower,0,4,13,0,17,0,20,78,0,98,0,24,91,0,115,130,0,130,245
12/31/2020,OXR,CA,AWP,WE,Federal Contract Tower,0,4,4,0,8,0,22,61,0,83,0,26,65,0,91,178,0,178,269
01/01/2021,OXR,CA,AWP,WE,Federal Contract Tower,0,3,4,0,7,0,0,25,0,25,0,3,29,0,32,18,0,18,50
01/02/2021,OXR,CA,AWP,WE,Federal Contract Tower,0,5,16,0,21,0,7,82,6,95,0,12,98,6,116,128,0,128,244
01/03/2021,OXR,CA,AWP,WE,Federal Contract Tower,0,0,25,0,25,0,7,78,0,85,0,7,103,0,110,102,0,102,212
01/04/2021,OXR,CA,AWP,WE,Federal Contract Tower,0,2,18,0,20,0,13,63,0,76,0,15,81,0,96,54,0,54,150
01/05/2021,OXR,CA,AWP,WE,Federal Contract Tower,0,8,14,0,22,0,15,63,0,78,0,23,77,0,100,58,0,58,158
01/06/2021,OXR,CA,AWP,WE,Federal Contract Tower,0,2,10,0,12,0,15,113,0,128,0,17,123,0,140,124,0,124,264
01/07/2021,OXR,CA,AWP,WE,Federal Contract Tower,0,2,11,0,13,0,5,87,0,92,0,7,98,0,105,128,20,148,253
01/08/2021,OXR,CA,AWP,WE,Federal Contract Tower,0,3,10,0,13,0,4,87,0,91,0,7,97,0,104,234,0,234,338
01/09/2021,OXR,CA,AWP,WE,Federal Contract Tower,0,3,5,0,8,0,2,43,0,45,0,5,48,0,53,50,0,50,103
01/10/2021,OXR,CA,AWP,WE,Federal Contract Tower,0,0,8,0,8,0,8,97,0,105,0,8,105,0,113,214,0,214,327
01/11/2021,OXR,CA,AWP,WE,Federal Contract Tower,0,7,18,0,25,0,18,69,0,87,0,25,87,0,112,142,0,142,254
01/12/2021,OXR,CA,AWP,WE,Federal Contract Tower,0,2,5,0,7,0,12,82,6,100,0,14,87,6,107,108,0,108,215
01/13/2021,OXR,CA,AWP,WE,Federal Contract Tower,0,2,14,0,16,0,9,106,0,115,0,11,120,0,131,232,0,232,363
01/14/2021,OXR,CA,AWP,WE,Federal Contract Tower,0,2,5,3,10,0,6,37,1,44,0,8,42,4,54,126,0,126,180
01/15/2021,OXR,CA,AWP,WE,Federal Contract Tower,0,2,8,0,10,0,10,62,0,72,0,12,70,0,82,118,0,118,200
01/16/2021,OXR,CA,AWP,WE,Federal Contract Tower,0,2,14,0,16,0,8,97,0,105,0,10,111,0,121,174,0,174,295
01/17/2021,OXR,CA,AWP,WE,Federal Contract Tower,0,4,3,0,7,0,22,90,0,112,0,26,93,0,119,152,0,152,271
01/18/2021,OXR,CA,AWP,WE,Federal Contract Tower,0,2,9,1,12,0,10,39,2,51,0,12,48,3,63,42,6,48,111
01/19/2021,OXR,CA,AWP,WE,Federal Contract Tower,0,2,0,0,2,0,3,4,0,7,0,5,4,0,9,0,0,0,9
01/20/2021,OXR,CA,AWP,WE,Federal Contract Tower,0,2,1,0,3,0,13,10,0,23,0,15,11,0,26,26,0,26,52
01/21/2021,OXR,CA,AWP,WE,Federal Contract Tower,0,2,29,0,31,0,16,104,0,120,0,18,133,0,151,208,0,208,359
01/22/2021,OXR,CA,AWP,WE,Federal Contract Tower,0,3,42,0,45,0,7,40,0,47,0,10,82,0,92,172,0,172,264
01/23/2021,OXR,CA,AWP,WE,Federal Contract Tower,0,0,30,0,30,0,4,25,0,29,0,4,55,0,59,134,0,134,193
01/24/2021,OXR,CA,AWP,WE,Federal Contract Tower,0,0,5,0,5,0,6,127,0,133,0,6,132,0,138,230,0,230,368
01/25/2021,OXR,CA,AWP,WE,Federal Contract Tower,0,4,0,0,4,0,1,0,0,1,0,5,0,0,5,0,0,0,5
01/26/2021,OXR,CA,AWP,WE,Federal Contract Tower,0,2,11,0,13,0,16,135,4,155,0,18,146,4,168,174,0,174,342
01/27/2021,OXR,CA,AWP,WE,Federal Contract Tower,0,2,3,0,5,0,0,1,0,1,0,2,4,0,6,2,0,2,8
01/28/2021,OXR,CA,AWP,WE,Federal Contract Tower,0,2,3,0,5,0,5,6,0,11,0,7,9,0,16,28,0,28,44
01/29/2021,OXR,CA,AWP,WE,Federal Contract Tower,0,3,9,0,12,0,3,18,0,21,0,6,27,0,33,60,0,60,93
01/30/2021,OXR,CA,AWP,WE,Federal Contract Tower,0,4,10,0,14,0,11,110,0,121,0,15,120,0,135,202,0,202,337
01/31/2021,OXR,CA,AWP,WE,Federal Contract Tower,0,0,17,0,17,0,11,118,0,129,0,11,135,0,146,224,0,224,370
02/01/2021,OXR,CA,AWP,WE,Federal Contract Tower,0,2,6,0,8,0,5,78,0,83,0,7,84,0,91,180,0,180,271
02/02/2021,OXR,CA,AWP,WE,Federal Contract Tower,0,3,10,0,13,0,23,77,2,102,0,26,87,2,115,152,6,158,273
02/03/2021,OXR,CA,AWP,WE,Federal Contract Tower,0,2,14,0,16,0,8,116,0,124,0,10,130,0,140,212,0,212,352
02/04/2021,OXR,CA,AWP,WE,Federal Contract Tower,0,2,19,0,21,0,11,73,2,86,0,13,92,2,107,156,0,156,263
02/05/2021,OXR,CA,AWP,WE,Federal Contract Tower,0,2,15,2,19,0,15,73,0,88,0,17,88,2,107,174,0,174,281
02/06/2021,OXR,CA,AWP,WE,Federal Contract Tower,0,0,4,0,4,0,3,110,0,113,0,3,114,0,117,276,0,276,393
02/07/2021,OXR,CA,AWP,WE,Federal Contract Tower,0,0,11,0,11,0,10,98,0,108,0,10,109,0,119,166,0,166,285
02/08/2021,OXR,CA,AWP,WE,Federal Contract Tower,0,9,24,0,33,0,5,35,0,40,0,14,59,0,73,82,0,82,155
02/09/2021,OXR,CA,AWP,WE,Federal Contract Tower,0,4,41,0,45,0,18,32,2,52,0,22,73,2,97,70,0,70,167
02/10/2021,OXR,CA,AWP,WE,Federal Contract Tower,0,2,17,0,19,0,16,117,4,137,0,18,134,4,156,156,0,156,312
02/11/2021,OXR,CA,AWP,WE,Federal Contract Tower,0,4,23,0,27,0,14,103,0,117,0,18,126,0,144,154,0,154,298
02/12/2021,OXR,CA,AWP,WE,Federal Contract Tower,0,2,19,0,21,0,12,67,0,79,0,14,86,0,100,100,0,100,200
02/13/2021,OXR,CA,AWP,WE,Federal Contract Tower,0,0,24,0,24,0,2,23,0,25,0,2,47,0,49,70,0,70,119
02/14/2021,OXR,CA,AWP,WE,Federal Contract Tower,0,0,4,0,4,0,12,116,0,128,0,12,120,0,132,184,0,184,316
02/15/2021,OXR,CA,AWP,WE,Federal Contract Tower,0,2,16,0,18,0,5,87,0,92,0,7,103,0,110,204,0,204,314
02/16/2021,OXR,CA,AWP,WE,Federal Contract Tower,0,3,7,0,10,0,17,55,0,72,0,20,62,0,82,116,0,116,198
02/17/2021,OXR,CA,AWP,WE,Federal Contract Tower,0,6,15,2,23,0,38,104,2,144,0,44,119,4,167,198,12,210,377
02/18/2021,OXR,CA,AWP,WE,Federal Contract Tower,0,4,17,0,21,0,11,60,1,72,0,15,77,1,93,86,0,86,179
02/19/2021,OXR,CA,AWP,WE,Federal Contract Tower,0,3,19,0,22,0,11,104,0,115,0,14,123,0,137,188,0,188,325
02/20/2021,OXR,CA,AWP,WE,Federal Contract Tower,0,0,15,0,15,0,5,52,0,57,0,5,67,0,72,70,0,70,142
02/21/2021,OXR,CA,AWP,WE,Federal Contract Tower,0,1,14,2,17,0,10,43,0,53,0,11,57,2,70,48,0,48,118
02/22/2021,OXR,CA,AWP,WE,Federal Contract Tower,0,2,5,0,7,0,17,27,0,44,0,19,32,0,51,22,0,22,73
02/23/2021,OXR,CA,AWP,WE,Federal Contract Tower,0,2,9,0,11,0,20,104,0,124,0,22,113,0,135,208,0,208,343
02/24/2021,OXR,CA,AWP,WE,Federal Contract Tower,0,6,29,2,37,0,10,91,0,101,0,16,120,2,138,170,0,170,308
02/25/2021,OXR,CA,AWP,WE,Federal Contract Tower,0,4,7,0,11,0,3,16,0,19,0,7,23,0,30,32,0,32,62
02/26/2021,OXR,CA,AWP,WE,Federal Contract Tower,0,3,10,7,20,0,13,126,2,141,0,16,136,9,161,220,0,220,381
02/27/2021,OXR,CA,AWP,WE,Federal Contract Tower,0,0,2,0,2,0,6,77,0,83,0,6,79,0,85,212,0,212,297
02/28/2021,OXR,CA,AWP,WE,Federal Contract Tower,0,0,3,0,3,0,13,31,0,44,0,13,34,0,47,28,0,28,75
03/01/2021,OXR,CA,AWP,WE,Federal Contract Tower,0,1,4,0,5,0,22,62,2,86,0,23,66,2,91,104,0,104,195
03/02/2021,OXR,CA,AWP,WE,Federal Contract Tower,1,0,0,0,1,0,21,84,0,105,1,21,84,0,106,186,0,186,292
03/03/2021,OXR,CA,AWP,WE,Federal Contract Tower,0,0,0,0,0,0,7,26,0,33,0,7,26,0,33,80,0,80,113
03/04/2021,OXR,CA,AWP,WE,Federal Contract Tower,0,0,4,0,4,0,16,90,2,108,0,16,94,2,112,236,0,236,348
03/05/2021,OXR,CA,AWP,WE,Federal Contract Tower,0,8,18,0,26,0,15,129,0,144,0,23,147,0,170,314,0,314,484
03/06/2021,OXR,CA,AWP,WE,Federal Contract Tower,0,4,14,0,18,0,10,117,0,127,0,14,131,0,145,248,0,248,393
03/07/2021,OXR,CA,AWP,WE,Federal Contract Tower,0,12,50,0,62,0,8,69,0,77,0,20,119,0,139,170,0,170,309
03/08/2021,OXR,CA,AWP,WE,Federal Contract Tower,0,7,17,2,26,0,9,65,2,76,0,16,82,4,102,196,0,196,298
03/09/2021,OXR,CA,AWP,WE,Federal Contract Tower,0,2,5,2,9,0,16,52,0,68,0,18,57,2,77,40,0,40,117
03/10/2021,OXR,CA,AWP,WE,Federal Contract Tower,0,2,7,0,9,0,4,19,2,25,0,6,26,2,34,100,0,100,134
03/11/2021,OXR,CA,AWP,WE,Federal Contract Tower,0,2,14,0,16,0,11,53,0,64,0,13,67,0,80,254,0,254,334
03/12/2021,OXR,CA,AWP,WE,Federal Contract Tower,0,6,10,0,16,0,16,67,0,83,0,22,77,0,99,166,0,166,265
03/13/2021,OXR,CA,AWP,WE,Federal Contract Tower,0,0,14,0,14,0,6,89,0,95,0,6,103,0,109,158,0,158,267
03/14/2021,OXR,CA,AWP,WE,Federal Contract Tower,0,0,31,0,31,0,19,70,0,89,0,19,101,0,120,162,0,162,282
03/15/2021,OXR,CA,AWP,WE,Federal Contract Tower,0,7,9,0,16,0,7,11,0,18,0,14,20,0,34,0,0,0,34
03/16/2021,OXR,CA,AWP,WE,Federal Contract Tower,0,4,18,0,22,0,22,105,2,129,0,26,123,2,151,136,0,136,287
03/17/2021,OXR,CA,AWP,WE,Federal Contract Tower,0,2,13,2,17,0,16,111,10,137,0,18,124,12,154,158,0,158,312
03/18/2021,OXR,CA,AWP,WE,Federal Contract Tower,0,6,17,2,25,0,19,93,0,112,0,25,110,2,137,204,0,204,341
03/19/2021,OXR,CA,AWP,WE,Federal Contract Tower,0,12,12,0,24,0,9,82,2,93,0,21,94,2,117,134,0,134,251
03/20/2021,OXR,CA,AWP,WE,Federal Contract Tower,0,3,15,0,18,0,5,75,0,80,0,8,90,0,98,204,0,204,302
03/21/2021,OXR,CA,AWP,WE,Federal Contract Tower,0,4,6,0,10,0,20,143,0,163,0,24,149,0,173,346,0,346,519
03/22/2021,OXR,CA,AWP,WE,Federal Contract Tower,0,4,9,0,13,0,17,94,0,111,0,21,103,0,124,120,0,120,244
03/23/2021,OXR,CA,AWP,WE,Federal Contract Tower,0,3,15,0,18,0,15,64,0,79,0,18,79,0,97,44,0,44,141
03/24/2021,OXR,CA,AWP,WE,Federal Contract Tower,0,3,6,0,9,0,23,68,0,91,0,26,74,0,100,116,0,116,216
03/25/2021,OXR,CA,AWP,WE,Federal Contract Tower,0,7,30,0,37,0,14,44,0,58,0,21,74,0,95,108,0,108,203
03/26/2021,OXR,CA,AWP,WE,Federal Contract Tower,0,5,27,0,32,0,9,128,0,137,0,14,155,0,169,276,0,276,445
03/27/2021,OXR,CA,AWP,WE,Federal Contract Tower,0,7,7,0,14,0,6,96,0,102,0,13,103,0,116,266,0,266,382
03/28/2021,OXR,CA,AWP,WE,Federal Contract Tower,0,2,13,1,16,0,9,140,0,149,0,11,153,1,165,282,0,282,447
03/29/2021,OXR,CA,AWP,WE,Federal Contract Tower,0,2,8,0,10,0,11,125,0,136,0,13,133,0,146,224,0,224,370
03/30/2021,OXR,CA,AWP,WE,Federal Contract Tower,0,4,21,0,25,0,12,58,0,70,0,16,79,0,95,82,0,82,177
03/31/2021,OXR,CA,AWP,WE,Federal Contract Tower,0,2,7,1,10,0,13,30,0,43,0,15,37,1,53,20,0,20,73
04/01/2021,OXR,CA,AWP,WE,Federal Contract Tower,0,6,23,0,29,0,22,117,0,139,0,28,140,0,168,194,0,194,362
04/02/2021,OXR,CA,AWP,WE,Federal Contract Tower,0,6,17,0,23,0,38,84,2,124,0,44,101,2,147,196,4,200,347
04/03/2021,OXR,CA,AWP,WE,Federal Contract Tower,0,6,21,0,27,0,16,62,0,78,0,22,83,0,105,158,0,158,263
04/04/2021,OXR,CA,AWP,WE,Federal Contract Tower,0,0,10,0,10,0,7,72,0,79,0,7,82,0,89,90,0,90,179
04/05/2021,OXR,CA,AWP,WE,Federal Contract Tower,0,6,17,0,23,0,18,78,0,96,0,24,95,0,119,192,0,192,311
04/06/2021,OXR,CA,AWP,WE,Federal Contract Tower,0,5,4,0,9,0,42,111,0,153,0,47,115,0,162,192,0,192,354
04/07/2021,OXR,CA,AWP,WE,Federal Contract Tower,0,2,17,0,19,0,18,79,2,99,0,20,96,2,118,216,0,216,334
04/08/2021,OXR,CA,AWP,WE,Federal Contract Tower,0,3,17,2,22,0,23,124,0,147,0,26,141,2,169,228,0,228,397
04/09/2021,OXR,CA,AWP,WE,Federal Contract Tower,0,3,15,0,18,0,13,105,0,118,0,16,120,0,136,218,0,218,354
04/10/2021,OXR,CA,AWP,WE,Federal Contract Tower,0,2,6,0,8,0,4,80,0,84,0,6,86,0,92,192,0,192,284
04/11/2021,OXR,CA,AWP,WE,Federal Contract Tower,0,0,12,0,12,0,10,87,4,101,0,10,99,4,113,118,0,118,231
04/12/2021,OXR,CA,AWP,WE,Federal Contract Tower,0,5,29,0,34,0,2,28,0,30,0,7,57,0,64,64,0,64,128
04/13/2021,OXR,CA,AWP,WE,Federal Contract Tower,0,3,31,0,34,0,19,39,0,58,0,22,70,0,92,82,0,82,174
04/14/2021,OXR,CA,AWP,WE,Federal Contract Tower,0,3,38,0,41,0,24,76,1,101,0,27,114,1,142,176,0,176,318
04/15/2021,OXR,CA,AWP,WE,Federal Contract Tower,0,7,15,0,22,0,11,124,0,135,0,18,139,0,157,236,0,236,393
04/16/2021,OXR,CA,AWP,WE,Federal Contract Tower,0,3,15,0,18,0,6,88,0,94,0,9,103,0,112,276,0,276,388
04/17/2021,OXR,CA,AWP,WE,Federal Contract Tower,0,2,12,0,14,0,0,107,0,107,0,2,119,0,121,218,0,218,339
04/18/2021,OXR,CA,AWP,WE,Federal Contract Tower,0,3,9,0,12,0,5,78,0,83,0,8,87,0,95,136,0,136,231
04/19/2021,OXR,CA,AWP,WE,Federal Contract Tower,0,5,10,0,15,0,23,95,0,118,0,28,105,0,133,162,0,162,295
04/20/2021,OXR,CA,AWP,WE,Federal Contract Tower,0,2,43,0,45,0,8,31,0,39,0,10,74,0,84,48,0,48,132
04/21/2021,OXR,CA,AWP,WE,Federal Contract Tower,0,4,27,0,31,0,38,57,0,95,0,42,84,0,126,92,0,92,218
04/22/2021,OXR,CA,AWP,WE,Federal Contract Tower,0,6,55,0,61,0,12,54,4,70,0,18,109,4,131,178,0,178,309
04/23/2021,OXR,CA,AWP,WE,Federal Contract Tower,0,3,43,0,46,0,16,73,0,89,0,19,116,0,135,330,0,330,465
04/24/2021,OXR,CA,AWP,WE,Federal Contract Tower,0,0,25,0,25,0,11,67,0,78,0,11,92,0,103,194,0,194,297
04/25/2021,OXR,CA,AWP,WE,Federal Contract Tower,0,1,27,0,28,0,2,65,0,67,0,3,92,0,95,172,0,172,267
04/26/2021,OXR,CA,AWP,WE,Federal Contract Tower,0,2,9,0,11,0,14,62,0,76,0,16,71,0,87,100,0,100,187
04/27/2021,OXR,CA,AWP,WE,Federal Contract Tower,0,4,16,0,20,0,31,101,0,132,0,35,117,0,152,178,0,178,330
04/28/2021,OXR,CA,AWP,WE,Federal Contract Tower,0,2,12,0,14,0,15,105,0,120,0,17,117,0,134,204,0,204,338
04/29/2021,OXR,CA,AWP,WE,Federal Contract Tower,0,2,24,0,26,0,22,116,0,138,0,24,140,0,164,256,0,256,420
04/30/2021,OXR,CA,AWP,WE,Federal Contract Tower,0,4,15,0,19,0,21,80,0,101,0,25,95,0,120,274,0,274,394
05/01/2021,OXR,CA,AWP,WE,Federal Contract Tower,0,3,11,0,14,0,16,83,0,99,0,19,94,0,113,184,0,184,297
05/02/2021,OXR,CA,AWP,WE,Federal Contract Tower,0,8,12,0,20,0,14,155,0,169,0,22,167,0,189,182,0,182,371
05/03/2021,OXR,CA,AWP,WE,Federal Contract Tower,0,6,15,0,21,0,26,89,4,119,0,32,104,4,140,196,0,196,336
05/04/2021,OXR,CA,AWP,WE,Federal Contract Tower,0,5,12,0,17,0,25,97,0,122,0,30,109,0,139,172,0,172,311
05/05/2021,OXR,CA,AWP,WE,Federal Contract Tower,0,4,34,0,38,0,7,58,0,65,0,11,92,0,103,60,0,60,163
05/06/2021,OXR,CA,AWP,WE,Federal Contract Tower,0,2,51,0,53,0,10,30,0,40,0,12,81,0,93,74,0,74,167
05/07/2021,OXR,CA,AWP,WE,Federal Contract Tower,0,2,28,0,30,0,8,51,2,61,0,10,79,2,91,132,0,132,223
05/08/2021,OXR,CA,AWP,WE,Federal Contract Tower,0,6,23,0,29,0,6,82,0,88,0,12,105,0,117,244,0,244,361
05/09/2021,OXR,CA,AWP,WE,Federal Contract Tower,0,0,37,0,37,0,4,22,0,26,0,4,59,0,63,108,0,108,171
05/10/2021,OXR,CA,AWP,WE,Federal Contract Tower,0,6,50,0,56,0,18,22,0,40,0,24,72,0,96,46,0,46,142
05/11/2021,OXR,CA,AWP,WE,Federal Contract Tower,0,10,24,0,34,0,15,39,0,54,0,25,63,0,88,84,0,84,172
05/12/2021,OXR,CA,AWP,WE,Federal Contract Tower,0,10,46,0,56,0,10,16,0,26,0,20,62,0,82,36,0,36,118
05/13/2021,OXR,CA,AWP,WE,Federal Contract Tower,0,7,66,0,73,0,8,15,0,23,0,15,81,0,96,50,0,50,146
05/14/2021,OXR,CA,AWP,WE,Federal Contract Tower,0,14,39,0,53,0,6,16,0,22,0,20,55,0,75,106,0,106,181
05/15/2021,OXR,CA,AWP,WE,Federal Contract Tower,0,4,29,0,33,0,9,65,0,74,0,13,94,0,107,196,0,196,303
05/16/2021,OXR,CA,AWP,WE,Federal Contract Tower,0,10,32,0,42,0,25,51,0,76,0,35,83,0,118,190,0,190,308
05/17/2021,OXR,CA,AWP,WE,Federal Contract Tower,0,11,39,0,50,0,22,61,0,83,0,33,100,0,133,190,0,190,323
05/18/2021,OXR,CA,AWP,WE,Federal Contract Tower,0,3,30,0,33,0,29,87,2,118,0,32,117,2,151,80,0,80,231
05/19/2021,OXR,CA,AWP,WE,Federal Contract Tower,0,2,26,0,28,0,20,85,0,105,0,22,111,0,133,224,0,224,357
05/20/2021,OXR,CA,AWP,WE,Federal Contract Tower,0,6,27,0,33,0,11,113,0,124,0,17,140,0,157,182,0,182,339
05/21/2021,OXR,CA,AWP,WE,Federal Contract Tower,0,6,9,1,16,0,14,33,6,53,0,20,42,7,69,58,0,58,127
05/22/2021,OXR,CA,AWP,WE,Federal Contract Tower,0,1,17,0,18,0,6,90,0,96,0,7,107,0,114,192,0,192,306
05/23/2021,OXR,CA,AWP,WE,Federal Contract Tower,0,0,23,0,23,0,14,119,0,133,0,14,142,0,156,278,0,278,434
05/24/2021,OXR,CA,AWP,WE,Federal Contract Tower,0,5,20,1,26,0,16,105,1,122,0,21,125,2,148,200,0,200,348
05/25/2021,OXR,CA,AWP,WE,Federal Contract Tower,0,4,21,0,25,0,20,134,0,154,0,24,155,0,179,226,0,226,405
05/26/2021,OXR,CA,AWP,WE,Federal Contract Tower,0,2,11,0,13,0,20,96,0,116,0,22,107,0,129,180,0,180,309
05/27/2021,OXR,CA,AWP,WE,Federal Contract Tower,0,3,42,0,45,0,23,51,0,74,0,26,93,0,119,202,0,202,321
05/28/2021,OXR,CA,AWP,WE,Federal Contract Tower,0,3,41,0,44,0,7,48,0,55,0,10,89,0,99,228,0,228,327
05/29/2021,OXR,CA,AWP,WE,Federal Contract Tower,0,8,23,0,31,0,5,26,0,31,0,13,49,0,62,116,0,116,178
05/30/2021,OXR,CA,AWP,WE,Federal Contract Tower,0,9,17,0,26,0,16,74,0,90,0,25,91,0,116,116,0,116,232
05/31/2021,OXR,CA,AWP,WE,Federal Contract Tower,0,1,38,0,39,0,2,38,0,40,0,3,76,0,79,8,0,8,87
06/01/2021,OXR,CA,AWP,WE,Federal Contract Tower,0,15,35,0,50,0,2,0,0,2,0,17,35,0,52,0,0,0,52
06/02/2021,OXR,CA,AWP,WE,Federal Contract Tower,0,12,31,0,43,0,4,0,0,4,0,16,31,0,47,0,0,0,47
06/03/2021,OXR,CA,AWP,WE,Federal Contract Tower,0,18,24,0,42,0,11,26,2,39,0,29,50,2,81,72,0,72,153
06/04/2021,OXR,CA,AWP,WE,Federal Contract Tower,0,15,31,0,46,0,4,9,0,13,0,19,40,0,59,6,0,6,65
06/05/2021,OXR,CA,AWP,WE,Federal Contract Tower,0,0,37,0,37,0,7,54,0,61,0,7,91,0,98,140,0,140,238
06/06/2021,OXR,CA,AWP,WE,Federal Contract Tower,0,2,25,1,28,0,3,49,1,53,0,5,74,2,81,142,0,142,223
06/07/2021,OXR,CA,AWP,WE,Federal Contract Tower,0,2,39,0,41,0,12,13,0,25,0,14,52,0,66,86,0,86,152
06/08/2021,OXR,CA,AWP,WE,Federal Contract Tower,0,2,16,0,18,0,20,59,2,81,0,22,75,2,99,188,0,188,287
06/09/2021,OXR,CA,AWP,WE,Federal Contract Tower,0,2,10,0,12,0,24,74,0,98,0,26,84,0,110,142,0,142,252
06/10/2021,OXR,CA,AWP,WE,Federal Contract Tower,0,3,11,0,14,0,10,80,0,90,0,13,91,0,104,174,0,174,278
06/11/2021,OXR,CA,AWP,WE,Federal Contract Tower,0,11,15,0,26,0,12,88,0,100,0,23,103,0,126,202,0,202,328
06/12/2021,OXR,CA,AWP,WE,Federal Contract Tower,0,4,18,0,22,0,17,108,0,125,0,21,126,0,147,290,0,290,437
06/13/2021,OXR,CA,AWP,WE,Federal Contract Tower,0,5,14,1,20,0,5,110,1,116,0,10,124,2,136,152,0,152,288
06/14/2021,OXR,CA,AWP,WE,Federal Contract Tower,0,3,17,0,20,0,23,106,0,129,0,26,123,0,149,326,0,326,475
06/15/2021,OXR,CA,AWP,WE,Federal Contract Tower,0,2,16,0,18,0,13,100,0,113,0,15,116,0,131,190,0,190,321
06/16/2021,OXR,CA,AWP,WE,Federal Contract Tower,0,5,14,0,19,0,18,96,4,118,0,23,110,4,137,202,0,202,339
06/17/2021,OXR,CA,AWP,WE,Federal Contract Tower,0,6,27,0,33,0,0,3,0,3,0,6,30,0,36,0,0,0,36
06/18/2021,OXR,CA,AWP,WE,Federal Contract Tower,0,5,41,0,46,0,4,8,0,12,0,9,49,0,58,0,0,0,58
06/19/2021,OXR,CA,AWP,WE,Federal Contract Tower,0,7,37,0,44,0,0,0,0,0,0,7,37,0,44,0,0,0,44
06/20/2021,OXR,CA,AWP,WE,Federal Contract Tower,0,5,24,0,29,0,0,1,0,1,0,5,25,0,30,0,0,0,30
06/21/2021,OXR,CA,AWP,WE,Federal Contract Tower,0,9,44,0,53,0,6,17,0,23,0,15,61,0,76,24,0,24,100
06/22/2021,OXR,CA,AWP,WE,Federal Contract Tower,0,17,9,0,26,0,21,70,0,91,0,38,79,0,117,144,0,144,261
06/23/2021,OXR,CA,AWP,WE,Federal Contract Tower,0,6,10,0,16,0,23,95,0,118,0,29,105,0,134,184,0,184,318
06/24/2021,OXR,CA,AWP,WE,Federal Contract Tower,0,4,30,0,34,0,11,86,0,97,0,15,116,0,131,248,0,248,379
06/25/2021,OXR,CA,AWP,WE,Federal Contract Tower,0,3,27,0,30,0,19,108,0,127,0,22,135,0,157,328,0,328,485
06/26/2021,OXR,CA,AWP,WE,Federal Contract Tower,0,2,19,0,21,0,7,91,0,98,0,9,110,0,119,200,0,200,319
06/27/2021,OXR,CA,AWP,WE,Federal Contract Tower,0,4,7,0,11,0,13,131,0,144,0,17,138,0,155,282,0,282,437
06/28/2021,OXR,CA,AWP,WE,Federal Contract Tower,0,10,24,2,36,0,6,69,0,75,0,16,93,2,111,138,0,138,249
06/29/2021,OXR,CA,AWP,WE,Federal Contract Tower,0,8,52,3,63,0,0,1,0,1,0,8,53,3,64,0,0,0,64
06/30/2021,OXR,CA,AWP,WE,Federal Contract Tower,0,2,20,0,22,0,12,55,0,67,0,14,75,0,89,128,0,128,217
07/01/2021,OXR,CA,AWP,WE,Federal Contract Tower,0,2,28,0,30,0,16,70,0,86,0,18,98,0,116,190,0,190,306
07/02/2021,OXR,CA,AWP,WE,Federal Contract Tower,0,13,31,0,44,0,3,41,0,44,0,16,72,0,88,88,0,88,176
07/03/2021,OXR,CA,AWP,WE,Federal Contract Tower,0,2,20,3,25,0,8,56,0,64,0,10,76,3,89,200,0,200,289
07/04/2021,OXR,CA,AWP,WE,Federal Contract Tower,0,2,9,0,11,0,3,18,0,21,0,5,27,0,32,14,0,14,46
07/05/2021,OXR,CA,AWP,WE,Federal Contract Tower,0,3,22,0,25,0,4,41,0,45,0,7,63,0,70,56,0,56,126
07/06/2021,OXR,CA,AWP,WE,Federal Contract Tower,0,4,19,0,23,0,12,40,0,52,0,16,59,0,75,56,0,56,131
07/07/2021,OXR,CA,AWP,WE,Federal Contract Tower,0,7,25,0,32,0,15,50,0,65,0,22,75,0,97,42,0,42,139
07/08/2021,OXR,CA,AWP,WE,Federal Contract Tower,0,4,12,0,16,0,17,78,0,95,0,21,90,0,111,176,0,176,287
07/09/2021,OXR,CA,AWP,WE,Federal Contract Tower,0,7,15,0,22,0,21,90,0,111,0,28,105,0,133,268,0,268,401
07/10/2021,OXR,CA,AWP,WE,Federal Contract Tower,0,6,9,0,15,0,6,109,0,115,0,12,118,0,130,230,0,230,360
07/11/2021,OXR,CA,AWP,WE,Federal Contract Tower,0,6,5,0,11,0,3,81,0,84,0,9,86,0,95,138,0,138,233
07/12/2021,OXR,CA,AWP,WE,Federal Contract Tower,0,5,32,0,37,0,7,50,0,57,0,12,82,0,94,78,0,78,172
07/13/2021,OXR,CA,AWP,WE,Federal Contract Tower,0,5,20,0,25,0,7,39,0,46,0,12,59,0,71,68,0,68,139
07/14/2021,OXR,CA,AWP,WE,Federal Contract Tower,0,7,25,2,34,0,6,39,0,45,0,13,64,2,79,76,0,76,155
07/15/2021,OXR,CA,AWP,WE,Federal Contract Tower,0,2,14,0,16,0,16,60,0,76,0,18,74,0,92,154,0,154,246
07/16/2021,OXR,CA,AWP,WE,Federal Contract Tower,0,8,23,0,31,0,6,80,0,86,0,14,103,0,117,228,0,228,345
07/17/2021,OXR,CA,AWP,WE,Federal Contract Tower,0,3,21,0,24,0,4,86,0,90,0,7,107,0,114,270,0,270,384
07/18/2021,OXR,CA,AWP,WE,Federal Contract Tower,0,5,10,0,15,0,11,111,0,122,0,16,121,0,137,298,0,298,435
07/19/2021,OXR,CA,AWP,WE,Federal Contract Tower,0,3,28,0,31,0,6,86,0,92,0,9,114,0,123,288,0,288,411
07/20/2021,OXR,CA,AWP,WE,Federal Contract Tower,0,3,15,0,18,0,15,106,0,121,0,18,121,0,139,194,0,194,333
07/21/2021,OXR,CA,AWP,WE,Federal Contract Tower,0,3,8,0,11,0,18,64,0,82,0,21,72,0,93,266,0,266,359
07/22/2021,OXR,CA,AWP,WE,Federal Contract Tower,0,8,15,2,25,0,15,62,0,77,0,23,77,2,102,240,0,240,342
07/23/2021,OXR,CA,AWP,WE,Federal Contract Tower,0,11,16,0,27,0,6,50,0,56,0,17,66,0,83,122,0,122,205
07/24/2021,OXR,CA,AWP,WE,Federal Contract Tower,0,9,22,0,31,0,2,14,0,16,0,11,36,0,47,26,0,26,73
07/25/2021,OXR,CA,AWP,WE,Federal Contract Tower,0,22,28,4,54,0,2,43,0,45,0,24,71,4,99,152,0,152,251
07/26/2021,OXR,CA,AWP,WE,Federal Contract Tower,0,3,11,0,14,0,9,50,0,59,0,12,61,0,73,74,0,74,147
07/27/2021,OXR,CA,AWP,WE,Federal Contract Tower,0,6,26,0,32,0,5,40,0,45,0,11,66,0,77,94,0,94,171
07/28/2021,OXR,CA,AWP,WE,Federal Contract Tower,0,8,17,2,27,0,4,46,0,50,0,12,63,2,77,120,0,120,197
07/29/2021,OXR,CA,AWP,WE,Federal Contract Tower,0,11,27,0,38,0,2,21,0,23,0,13,48,0,61,62,0,62,123
07/30/2021,OXR,CA,AWP,WE,Federal Contract Tower,0,14,21,0,35,0,0,0,0,0,0,14,21,0,35,0,0,0,35
07/31/2021,OXR,CA,AWP,WE,Federal Contract Tower,0,6,30,0,36,0,0,27,0,27,0,6,57,0,63,90,0,90,153
08/01/2021,OXR,CA,AWP,WE,Federal Contract Tower,0,2,15,0,17,0,8,116,0,124,0,10,131,0,141,242,0,242,383
08/02/2021,OXR,CA,AWP,WE,Federal Contract Tower,0,5,15,3,23,0,37,115,1,153,0,42,130,4,176,228,0,228,404
08/03/2021,OXR,CA,AWP,WE,Federal Contract Tower,0,5,16,0,21,0,8,95,0,103,0,13,111,0,124,180,0,180,304
08/04/2021,OXR,CA,AWP,WE,Federal Contract Tower,0,0,0,0,0,0,9,0,0,9,0,9,0,0,9,0,0,0,9
08/05/2021,OXR,CA,AWP,WE,Federal Contract Tower,0,0,0,0,0,0,6,3,0,9,0,6,3,0,9,0,0,0,9
08/06/2021,OXR,CA,AWP,WE,Federal Contract Tower,0,0,0,0,0,0,4,2,0,6,0,4,2,0,6,0,0,0,6
08/07/2021,OXR,CA,AWP,WE,Federal Contract Tower,0,1,0,0,1,0,1,0,0,1,0,2,0,0,2,0,0,0,2
08/08/2021,OXR,CA,AWP,WE,Federal Contract Tower,0,5,0,0,5,0,0,0,0,0,0,5,0,0,5,0,0,0,5
08/09/2021,OXR,CA,AWP,WE,Federal Contract Tower,0,4,0,1,5,0,7,7,0,14,0,11,7,1,19,0,0,0,19
08/10/2021,OXR,CA,AWP,WE,Federal Contract Tower,0,4,0,0,4,0,16,3,0,19,0,20,3,0,23,0,0,0,23
08/11/2021,OXR,CA,AWP,WE,Federal Contract Tower,0,0,0,0,0,0,12,0,0,12,0,12,0,0,12,0,0,0,12
08/12/2021,OXR,CA,AWP,WE,Federal Contract Tower,0,0,0,0,0,0,24,9,6,39,0,24,9,6,39,0,0,0,39
08/13/2021,OXR,CA,AWP,WE,Federal Contract Tower,0,0,0,0,0,0,4,0,1,5,0,4,0,1,5,0,0,0,5
08/14/2021,OXR,CA,AWP,WE,Federal Contract Tower,0,2,0,0,2,0,1,0,0,1,0,3,0,0,3,0,0,0,3
08/15/2021,OXR,CA,AWP,WE,Federal Contract Tower,0,0,0,0,0,0,4,0,0,4,0,4,0,0,4,0,0,0,4
08/16/2021,OXR,CA,AWP,WE,Federal Contract Tower,0,0,0,0,0,0,3,1,0,4,0,3,1,0,4,0,0,0,4
08/17/2021,OXR,CA,AWP,WE,Federal Contract Tower,0,5,0,0,5,0,3,0,1,4,0,8,0,1,9,0,0,0,9
08/18/2021,OXR,CA,AWP,WE,Federal Contract Tower,0,0,0,0,0,0,6,3,0,9,0,6,3,0,9,0,0,0,9
08/19/2021,OXR,CA,AWP,WE,Federal Contract Tower,0,0,0,0,0,0,2,3,0,5,0,2,3,0,5,0,0,0,5
08/20/2021,OXR,CA,AWP,WE,Federal Contract Tower,0,0,0,0,0,0,11,1,0,12,0,11,1,0,12,0,0,0,12
08/21/2021,OXR,CA,AWP,WE,Federal Contract Tower,0,0,0,0,0,0,4,0,0,4,0,4,0,0,4,0,0,0,4
08/22/2021,OXR,CA,AWP,WE,Federal Contract Tower,0,0,0,0,0,0,6,0,0,6,0,6,0,0,6,0,0,0,6
08/23/2021,OXR,CA,AWP,WE,Federal Contract Tower,0,0,0,0,0,0,5,2,0,7,0,5,2,0,7,0,0,0,7
08/24/2021,OXR,CA,AWP,WE,Federal Contract Tower,0,0,0,0,0,0,9,5,1,15,0,9,5,1,15,0,0,0,15
08/25/2021,OXR,CA,AWP,WE,Federal Contract Tower,0,0,0,0,0,0,1,4,0,5,0,1,4,0,5,0,0,0,5
08/26/2021,OXR,CA,AWP,WE,Federal Contract Tower,0,0,0,0,0,0,2,7,0,9,0,2,7,0,9,0,0,0,9
08/27/2021,OXR,CA,AWP,WE,Federal Contract Tower,0,0,0,0,0,0,5,0,0,5,0,5,0,0,5,0,0,0,5
08/28/2021,OXR,CA,AWP,WE,Federal Contract Tower,0,0,0,0,0,0,0,0,0,0,0,0,0,0,0,0,0,0,0
08/29/2021,OXR,CA,AWP,WE,Federal Contract Tower,0,5,0,0,5,0,0,12,0,12,0,5,12,0,17,0,0,0,17
08/30/2021,OXR,CA,AWP,WE,Federal Contract Tower,0,0,0,0,0,0,0,1,0,1,0,0,1,0,1,0,0,0,1
08/31/2021,OXR,CA,AWP,WE,Federal Contract Tower,0,0,0,0,0,0,3,0,0,3,0,3,0,0,3,0,0,0,3
09/01/2021,OXR,CA,AWP,WE,Federal Contract Tower,0,0,0,0,0,0,4,1,0,5,0,4,1,0,5,0,0,0,5
09/02/2021,OXR,CA,AWP,WE,Federal Contract Tower,0,0,0,0,0,0,7,2,0,9,0,7,2,0,9,0,0,0,9
09/03/2021,OXR,CA,AWP,WE,Federal Contract Tower,0,3,0,0,3,0,0,0,0,0,0,3,0,0,3,0,0,0,3
09/04/2021,OXR,CA,AWP,WE,Federal Contract Tower,0,1,0,0,1,0,1,0,0,1,0,2,0,0,2,0,0,0,2
09/05/2021,OXR,CA,AWP,WE,Federal Contract Tower,0,3,0,0,3,0,3,0,0,3,0,6,0,0,6,0,0,0,6
09/06/2021,OXR,CA,AWP,WE,Federal Contract Tower,0,0,0,0,0,0,5,0,0,5,0,5,0,0,5,0,0,0,5
09/07/2021,OXR,CA,AWP,WE,Federal Contract Tower,0,0,0,0,0,0,4,3,0,7,0,4,3,0,7,0,0,0,7
09/08/2021,OXR,CA,AWP,WE,Federal Contract Tower,0,4,0,0,4,0,0,0,0,0,0,4,0,0,4,0,0,0,4
09/09/2021,OXR,CA,AWP,WE,Federal Contract Tower,0,3,0,0,3,0,2,0,0,2,0,5,0,0,5,0,0,0,5
09/10/2021,OXR,CA,AWP,WE,Federal Contract Tower,0,1,0,0,1,0,12,1,0,13,0,13,1,0,14,0,0,0,14
09/11/2021,OXR,CA,AWP,WE,Federal Contract Tower,0,0,0,0,0,0,3,0,0,3,0,3,0,0,3,0,0,0,3
09/12/2021,OXR,CA,AWP,WE,Federal Contract Tower,0,3,0,0,3,0,1,2,2,5,0,4,2,2,8,0,0,0,8
09/13/2021,OXR,CA,AWP,WE,Federal Contract Tower,0,0,0,0,0,0,3,0,0,3,0,3,0,0,3,0,0,0,3
09/14/2021,OXR,CA,AWP,WE,Federal Contract Tower,0,3,0,0,3,0,5,0,4,9,0,8,0,4,12,0,0,0,12
09/15/2021,OXR,CA,AWP,WE,Federal Contract Tower,0,2,0,0,2,0,2,0,0,2,0,4,0,0,4,0,0,0,4
09/16/2021,OXR,CA,AWP,WE,Federal Contract Tower,0,0,0,0,0,0,4,0,0,4,0,4,0,0,4,0,0,0,4
09/17/2021,OXR,CA,AWP,WE,Federal Contract Tower,0,0,0,0,0,0,5,2,0,7,0,5,2,0,7,0,0,0,7
09/18/2021,OXR,CA,AWP,WE,Federal Contract Tower,0,0,0,0,0,0,2,0,0,2,0,2,0,0,2,0,0,0,2
09/19/2021,OXR,CA,AWP,WE,Federal Contract Tower,0,0,0,0,0,0,3,6,0,9,0,3,6,0,9,0,0,0,9
09/20/2021,OXR,CA,AWP,WE,Federal Contract Tower,0,0,0,0,0,0,8,0,0,8,0,8,0,0,8,0,0,0,8
09/21/2021,OXR,CA,AWP,WE,Federal Contract Tower,0,3,0,0,3,0,10,0,0,10,0,13,0,0,13,0,0,0,13
09/22/2021,OXR,CA,AWP,WE,Federal Contract Tower,0,1,0,0,1,0,0,0,0,0,0,1,0,0,1,0,0,0,1
09/23/2021,OXR,CA,AWP,WE,Federal Contract Tower,0,4,0,0,4,0,7,1,0,8,0,11,1,0,12,0,0,0,12
09/24/2021,OXR,CA,AWP,WE,Federal Contract Tower,0,5,0,2,7,0,6,0,0,6,0,11,0,2,13,0,0,0,13
09/25/2021,OXR,CA,AWP,WE,Federal Contract Tower,0,4,0,0,4,0,0,0,0,0,0,4,0,0,4,0,0,0,4
09/26/2021,OXR,CA,AWP,WE,Federal Contract Tower,0,0,0,0,0,0,6,0,0,6,0,6,0,0,6,0,0,0,6
09/27/2021,OXR,CA,AWP,WE,Federal Contract Tower,0,0,0,0,0,0,4,0,0,4,0,4,0,0,4,0,0,0,4
09/28/2021,OXR,CA,AWP,WE,Federal Contract Tower,0,0,0,0,0,0,14,0,0,14,0,14,0,0,14,0,0,0,14
09/29/2021,OXR,CA,AWP,WE,Federal Contract Tower,0,0,0,0,0,0,8,2,0,10,0,8,2,0,10,0,0,0,10
09/30/2021,OXR,CA,AWP,WE,Federal Contract Tower,0,0,0,0,0,0,0,4,0,4,0,0,4,0,4,0,0,0,4
10/01/2021,OXR,CA,AWP,WE,Federal Contract Tower,0,0,0,0,0,0,9,0,0,9,0,9,0,0,9,0,0,0,9
10/02/2021,OXR,CA,AWP,WE,Federal Contract Tower,0,0,0,0,0,0,2,0,0,2,0,2,0,0,2,0,0,0,2
10/03/2021,OXR,CA,AWP,WE,Federal Contract Tower,0,0,0,0,0,0,3,5,0,8,0,3,5,0,8,0,0,0,8
10/04/2021,OXR,CA,AWP,WE,Federal Contract Tower,0,0,0,0,0,0,4,0,2,6,0,4,0,2,6,0,0,0,6
10/05/2021,OXR,CA,AWP,WE,Federal Contract Tower,0,0,0,0,0,0,6,2,2,10,0,6,2,2,10,0,0,0,10
10/07/2021,OXR,CA,AWP,WE,Federal Contract Tower,0,0,0,0,0,0,11,0,0,11,0,11,0,0,11,0,0,0,11
10/08/2021,OXR,CA,AWP,WE,Federal Contract Tower,0,0,0,0,0,0,2,0,0,2,0,2,0,0,2,0,0,0,2
10/09/2021,OXR,CA,AWP,WE,Federal Contract Tower,0,0,0,0,0,0,5,2,0,7,0,5,2,0,7,0,0,0,7
10/10/2021,OXR,CA,AWP,WE,Federal Contract Tower,0,0,0,0,0,0,2,0,0,2,0,2,0,0,2,0,0,0,2
10/11/2021,OXR,CA,AWP,WE,Federal Contract Tower,0,0,0,0,0,0,1,2,0,3,0,1,2,0,3,0,0,0,3
10/12/2021,OXR,CA,AWP,WE,Federal Contract Tower,0,0,0,0,0,0,5,2,2,9,0,5,2,2,9,0,0,0,9
10/13/2021,OXR,CA,AWP,WE,Federal Contract Tower,0,0,0,0,0,0,4,1,0,5,0,4,1,0,5,0,0,0,5
10/14/2021,OXR,CA,AWP,WE,Federal Contract Tower,0,0,0,0,0,0,2,0,0,2,0,2,0,0,2,0,0,0,2
10/15/2021,OXR,CA,AWP,WE,Federal Contract Tower,0,0,0,0,0,0,4,0,0,4,0,4,0,0,4,0,0,0,4
10/16/2021,OXR,CA,AWP,WE,Federal Contract Tower,0,0,0,0,0,0,4,0,0,4,0,4,0,0,4,0,0,0,4
10/17/2021,OXR,CA,AWP,WE,Federal Contract Tower,0,0,0,0,0,0,0,0,0,0,0,0,0,0,0,0,0,0,0
10/18/2021,OXR,CA,AWP,WE,Federal Contract Tower,0,0,0,0,0,0,10,2,0,12,0,10,2,0,12,0,0,0,12
10/19/2021,OXR,CA,AWP,WE,Federal Contract Tower,0,0,0,0,0,0,11,0,2,13,0,11,0,2,13,0,0,0,13
10/20/2021,OXR,CA,AWP,WE,Federal Contract Tower,0,0,0,0,0,0,5,4,0,9,0,5,4,0,9,0,0,0,9
10/21/2021,OXR,CA,AWP,WE,Federal Contract Tower,0,0,0,0,0,0,5,4,0,9,0,5,4,0,9,0,0,0,9
10/22/2021,OXR,CA,AWP,WE,Federal Contract Tower,0,2,6,0,8,0,4,4,0,8,0,6,10,0,16,0,0,0,16
10/23/2021,OXR,CA,AWP,WE,Federal Contract Tower,0,0,0,0,0,0,5,5,0,10,0,5,5,0,10,0,0,0,10
10/24/2021,OXR,CA,AWP,WE,Federal Contract Tower,0,0,0,0,0,0,8,12,0,20,0,8,12,0,20,0,0,0,20
10/25/2021,OXR,CA,AWP,WE,Federal Contract Tower,0,0,0,0,0,0,0,0,0,0,0,0,0,0,0,0,0,0,0
10/26/2021,OXR,CA,AWP,WE,Federal Contract Tower,0,0,0,0,0,0,4,17,0,21,0,4,17,0,21,0,0,0,21
10/27/2021,OXR,CA,AWP,WE,Federal Contract Tower,0,0,0,0,0,0,16,26,0,42,0,16,26,0,42,0,0,0,42
10/28/2021,OXR,CA,AWP,WE,Federal Contract Tower,0,0,0,0,0,0,2,8,0,10,0,2,8,0,10,0,0,0,10
10/29/2021,OXR,CA,AWP,WE,Federal Contract Tower,0,0,0,0,0,0,9,3,0,12,0,9,3,0,12,0,0,0,12
10/30/2021,OXR,CA,AWP,WE,Federal Contract Tower,0,0,0,0,0,0,0,0,0,0,0,0,0,0,0,0,0,0,0
10/31/2021,OXR,CA,AWP,WE,Federal Contract Tower,0,0,0,0,0,0,4,7,0,11,0,4,7,0,11,0,0,0,11
11/01/2021,OXR,CA,AWP,WE,Federal Contract Tower,0,0,0,0,0,0,3,6,0,9,0,3,6,0,9,0,0,0,9
11/02/2021,OXR,CA,AWP,WE,Federal Contract Tower,0,0,0,0,0,0,0,12,0,12,0,0,12,0,12,0,0,0,12
11/03/2021,OXR,CA,AWP,WE,Federal Contract Tower,0,0,0,0,0,0,0,1,0,1,0,0,1,0,1,0,0,0,1
11/04/2021,OXR,CA,AWP,WE,Federal Contract Tower,0,4,0,0,4,0,5,0,0,5,0,9,0,0,9,0,0,0,9
11/05/2021,OXR,CA,AWP,WE,Federal Contract Tower,0,4,9,0,13,0,1,10,0,11,0,5,19,0,24,0,0,0,24
11/06/2021,OXR,CA,AWP,WE,Federal Contract Tower,0,3,31,0,34,0,1,24,0,25,0,4,55,0,59,40,0,40,99
11/07/2021,OXR,CA,AWP,WE,Federal Contract Tower,0,4,18,0,22,0,4,40,5,49,0,8,58,5,71,70,0,70,141
11/08/2021,OXR,CA,AWP,WE,Federal Contract Tower,0,5,14,0,19,0,8,53,0,61,0,13,67,0,80,148,0,148,228
11/09/2021,OXR,CA,AWP,WE,Federal Contract Tower,0,6,26,0,32,0,2,18,0,20,0,8,44,0,52,74,0,74,126
11/10/2021,OXR,CA,AWP,WE,Federal Contract Tower,0,15,10,0,25,0,5,67,0,72,0,20,77,0,97,168,0,168,265
11/11/2021,OXR,CA,AWP,WE,Federal Contract Tower,0,2,10,0,12,0,9,61,0,70,0,11,71,0,82,142,0,142,224
11/12/2021,OXR,CA,AWP,WE,Federal Contract Tower,0,2,10,0,12,0,8,82,0,90,0,10,92,0,102,158,0,158,260
11/13/2021,OXR,CA,AWP,WE,Federal Contract Tower,0,1,5,0,6,0,7,143,0,150,0,8,148,0,156,258,0,258,414
11/14/2021,OXR,CA,AWP,WE,Federal Contract Tower,0,1,5,0,6,0,2,70,0,72,0,3,75,0,78,238,0,238,316
11/15/2021,OXR,CA,AWP,WE,Federal Contract Tower,0,2,15,1,18,0,12,44,0,56,0,14,59,1,74,90,0,90,164
11/16/2021,OXR,CA,AWP,WE,Federal Contract Tower,0,5,18,0,23,0,36,47,0,83,0,41,65,0,106,116,0,116,222
11/17/2021,OXR,CA,AWP,WE,Federal Contract Tower,0,8,22,0,30,0,1,61,2,64,0,9,83,2,94,138,0,138,232
11/18/2021,OXR,CA,AWP,WE,Federal Contract Tower,0,4,21,2,27,0,35,56,4,95,0,39,77,6,122,36,0,36,158
11/19/2021,OXR,CA,AWP,WE,Federal Contract Tower,0,6,14,0,20,0,7,32,0,39,0,13,46,0,59,74,0,74,133
11/20/2021,OXR,CA,AWP,WE,Federal Contract Tower,0,5,34,0,39,0,2,36,0,38,0,7,70,0,77,176,0,176,253
11/21/2021,OXR,CA,AWP,WE,Federal Contract Tower,0,0,8,0,8,0,3,26,0,29,0,3,34,0,37,70,0,70,107
11/22/2021,OXR,CA,AWP,WE,Federal Contract Tower,0,5,13,0,18,0,8,61,0,69,0,13,74,0,87,116,0,116,203
11/23/2021,OXR,CA,AWP,WE,Federal Contract Tower,0,5,15,0,20,0,20,86,0,106,0,25,101,0,126,204,0,204,330
11/24/2021,OXR,CA,AWP,WE,Federal Contract Tower,0,2,17,0,19,0,5,56,0,61,0,7,73,0,80,50,0,50,130
11/25/2021,OXR,CA,AWP,WE,Federal Contract Tower,0,0,0,0,0,0,0,2,0,2,0,0,2,0,2,0,0,0,2
11/26/2021,OXR,CA,AWP,WE,Federal Contract Tower,0,3,10,0,13,0,0,60,0,60,0,3,70,0,73,172,0,172,245
11/27/2021,OXR,CA,AWP,WE,Federal Contract Tower,0,3,18,0,21,0,0,91,0,91,0,3,109,0,112,194,0,194,306
11/28/2021,OXR,CA,AWP,WE,Federal Contract Tower,0,0,12,0,12,0,12,88,0,100,0,12,100,0,112,242,0,242,354
11/29/2021,OXR,CA,AWP,WE,Federal Contract Tower,0,2,21,2,25,0,5,69,0,74,0,7,90,2,99,246,0,246,345
11/30/2021,OXR,CA,AWP,WE,Federal Contract Tower,0,3,9,0,12,0,14,32,0,46,0,17,41,0,58,54,0,54,112
12/01/2021,OXR,CA,AWP,WE,Federal Contract Tower,0,7,30,2,39,0,0,0,0,0,0,7,30,2,39,0,0,0,39
12/02/2021,OXR,CA,AWP,WE,Federal Contract Tower,0,6,30,2,38,0,7,2,0,9,0,13,32,2,47,0,0,0,47
12/03/2021,OXR,CA,AWP,WE,Federal Contract Tower,0,12,25,0,37,0,20,20,0,40,0,32,45,0,77,106,0,106,183
12/04/2021,OXR,CA,AWP,WE,Federal Contract Tower,0,0,10,0,10,0,4,11,3,18,0,4,21,3,28,24,0,24,52
12/05/2021,OXR,CA,AWP,WE,Federal Contract Tower,0,0,20,0,20,0,0,55,0,55,0,0,75,0,75,182,0,182,257
12/06/2021,OXR,CA,AWP,WE,Federal Contract Tower,0,3,35,0,38,0,0,5,0,5,0,3,40,0,43,36,0,36,79
12/07/2021,OXR,CA,AWP,WE,Federal Contract Tower,0,7,13,0,20,0,7,51,0,58,0,14,64,0,78,146,0,146,224
12/08/2021,OXR,CA,AWP,WE,Federal Contract Tower,0,3,15,2,20,0,31,72,3,106,0,34,87,5,126,162,0,162,288
12/09/2021,OXR,CA,AWP,WE,Federal Contract Tower,0,2,19,0,21,0,7,16,8,31,0,9,35,8,52,54,0,54,106
12/10/2021,OXR,CA,AWP,WE,Federal Contract Tower,0,3,14,1,18,0,7,103,1,111,0,10,117,2,129,144,0,144,273
12/11/2021,OXR,CA,AWP,WE,Federal Contract Tower,0,3,10,0,13,0,4,76,0,80,0,7,86,0,93,198,0,198,291
12/12/2021,OXR,CA,AWP,WE,Federal Contract Tower,0,3,20,0,23,0,18,104,0,122,0,21,124,0,145,170,0,170,315
12/13/2021,OXR,CA,AWP,WE,Federal Contract Tower,0,6,12,0,18,0,4,20,0,24,0,10,32,0,42,112,0,112,154
12/14/2021,OXR,CA,AWP,WE,Federal Contract Tower,0,4,3,0,7,0,0,0,0,0,0,4,3,0,7,0,0,0,7
12/15/2021,OXR,CA,AWP,WE,Federal Contract Tower,0,4,12,0,16,0,17,124,4,145,0,21,136,4,161,178,0,178,339
12/16/2021,OXR,CA,AWP,WE,Federal Contract Tower,0,6,34,0,40,0,4,12,0,16,0,10,46,0,56,38,0,38,94
12/17/2021,OXR,CA,AWP,WE,Federal Contract Tower,0,4,17,0,21,0,6,83,0,89,0,10,100,0,110,184,0,184,294
12/18/2021,OXR,CA,AWP,WE,Federal Contract Tower,0,1,13,0,14,0,9,92,0,101,0,10,105,0,115,216,0,216,331
12/19/2021,OXR,CA,AWP,WE,Federal Contract Tower,0,0,8,0,8,0,10,108,4,122,0,10,116,4,130,230,0,230,360
12/20/2021,OXR,CA,AWP,WE,Federal Contract Tower,0,0,7,1,8,0,30,65,1,96,0,30,72,2,104,170,0,170,274
12/21/2021,OXR,CA,AWP,WE,Federal Contract Tower,0,0,8,0,8,0,10,78,0,88,0,10,86,0,96,182,0,182,278
12/22/2021,OXR,CA,AWP,WE,Federal Contract Tower,0,0,11,0,11,0,6,71,0,77,0,6,82,0,88,168,0,168,256
12/23/2021,OXR,CA,AWP,WE,Federal Contract Tower,0,2,5,0,7,0,0,0,0,0,0,2,5,0,7,0,0,0,7
12/24/2021,OXR,CA,AWP,WE,Federal Contract Tower,0,2,8,0,10,0,0,7,0,7,0,2,15,0,17,4,0,4,21
12/25/2021,OXR,CA,AWP,WE,Federal Contract Tower,0,0,0,0,0,0,2,6,0,8,0,2,6,0,8,0,0,0,8
12/26/2021,OXR,CA,AWP,WE,Federal Contract Tower,0,0,16,0,16,0,4,71,0,75,0,4,87,0,91,162,0,162,253
12/27/2021,OXR,CA,AWP,WE,Federal Contract Tower,0,3,5,0,8,0,5,9,0,14,0,8,14,0,22,66,0,66,88
12/28/2021,OXR,CA,AWP,WE,Federal Contract Tower,0,2,4,0,6,0,9,65,0,74,0,11,69,0,80,126,0,126,206
12/29/2021,OXR,CA,AWP,WE,Federal Contract Tower,0,6,8,0,14,0,2,2,0,4,0,8,10,0,18,0,0,0,18
12/30/2021,OXR,CA,AWP,WE,Federal Contract Tower,0,3,1,4,8,0,0,0,0,0,0,3,1,4,8,0,0,0,8
12/31/2021,OXR,CA,AWP,WE,Federal Contract Tower,0,2,20,0,22,0,6,62,0,68,0,8,82,0,90,156,0,156,246
01/01/2022,OXR,CA,AWP,WE,Federal Contract Tower,0,1,4,0,5,0,4,35,0,39,0,5,39,0,44,0,0,0,44
01/02/2022,OXR,CA,AWP,WE,Federal Contract Tower,0,7,19,0,26,0,23,87,0,110,0,30,106,0,136,216,0,216,352
01/03/2022,OXR,CA,AWP,WE,Federal Contract Tower,0,0,6,0,6,0,2,65,0,67,0,2,71,0,73,148,0,148,221
01/04/2022,OXR,CA,AWP,WE,Federal Contract Tower,0,5,15,0,20,0,10,82,0,92,0,15,97,0,112,192,0,192,304
01/05/2022,OXR,CA,AWP,WE,Federal Contract Tower,0,1,5,0,6,0,41,75,2,118,0,42,80,2,124,216,0,216,340
01/06/2022,OXR,CA,AWP,WE,Federal Contract Tower,0,4,4,0,8,0,6,115,0,121,0,10,119,0,129,310,0,310,439
01/07/2022,OXR,CA,AWP,WE,Federal Contract Tower,0,4,44,0,48,0,1,9,0,10,0,5,53,0,58,30,0,30,88
01/08/2022,OXR,CA,AWP,WE,Federal Contract Tower,0,0,15,0,15,0,7,64,2,73,0,7,79,2,88,220,0,220,308
01/09/2022,OXR,CA,AWP,WE,Federal Contract Tower,0,4,7,0,11,0,6,51,0,57,0,10,58,0,68,136,0,136,204
01/10/2022,OXR,CA,AWP,WE,Federal Contract Tower,0,2,9,0,11,0,20,41,0,61,0,22,50,0,72,144,0,144,216
01/11/2022,OXR,CA,AWP,WE,Federal Contract Tower,0,0,6,0,6,0,27,55,0,82,0,27,61,0,88,38,0,38,126
01/12/2022,OXR,CA,AWP,WE,Federal Contract Tower,0,2,12,0,14,0,21,88,2,111,0,23,100,2,125,158,0,158,283
01/13/2022,OXR,CA,AWP,WE,Federal Contract Tower,0,2,24,0,26,0,15,98,0,113,0,17,122,0,139,270,0,270,409
01/14/2022,OXR,CA,AWP,WE,Federal Contract Tower,0,1,1,0,2,0,3,18,0,21,0,4,19,0,23,32,0,32,55
01/15/2022,OXR,CA,AWP,WE,Federal Contract Tower,0,0,10,0,10,0,0,35,0,35,0,0,45,0,45,140,0,140,185
01/16/2022,OXR,CA,AWP,WE,Federal Contract Tower,0,0,10,0,10,0,8,92,0,100,0,8,102,0,110,238,0,238,348
01/17/2022,OXR,CA,AWP,WE,Federal Contract Tower,0,0,18,0,18,0,2,39,0,41,0,2,57,0,59,120,0,120,179
01/18/2022,OXR,CA,AWP,WE,Federal Contract Tower,0,5,24,0,29,0,17,69,0,86,0,22,93,0,115,110,0,110,225
01/19/2022,OXR,CA,AWP,WE,Federal Contract Tower,0,6,41,2,49,0,18,45,2,65,0,24,86,4,114,46,0,46,160
01/20/2022,OXR,CA,AWP,WE,Federal Contract Tower,0,2,9,0,11,0,6,68,0,74,0,8,77,0,85,162,0,162,247
01/21/2022,OXR,CA,AWP,WE,Federal Contract Tower,0,4,4,2,10,0,16,67,0,83,0,20,71,2,93,190,0,190,283
01/22/2022,OXR,CA,AWP,WE,Federal Contract Tower,0,1,5,0,6,0,3,19,0,22,0,4,24,0,28,24,0,24,52
01/23/2022,OXR,CA,AWP,WE,Federal Contract Tower,0,0,7,0,7,0,10,92,0,102,0,10,99,0,109,208,0,208,317
01/24/2022,OXR,CA,AWP,WE,Federal Contract Tower,0,2,15,0,17,0,7,116,0,123,0,9,131,0,140,262,0,262,402
01/25/2022,OXR,CA,AWP,WE,Federal Contract Tower,0,4,17,0,21,0,5,116,2,123,0,9,133,2,144,222,0,222,366
01/26/2022,OXR,CA,AWP,WE,Federal Contract Tower,0,2,17,0,19,0,8,48,0,56,0,10,65,0,75,166,0,166,241
01/27/2022,OXR,CA,AWP,WE,Federal Contract Tower,0,4,15,2,21,0,15,64,0,79,0,19,79,2,100,186,0,186,286
01/28/2022,OXR,CA,AWP,WE,Federal Contract Tower,0,2,4,0,6,0,4,12,0,16,0,6,16,0,22,0,0,0,22
01/29/2022,OXR,CA,AWP,WE,Federal Contract Tower,0,4,6,0,10,0,5,88,0,93,0,9,94,0,103,234,0,234,337
01/30/2022,OXR,CA,AWP,WE,Federal Contract Tower,0,2,9,0,11,0,10,90,2,102,0,12,99,2,113,278,0,278,391
01/31/2022,OXR,CA,AWP,WE,Federal Contract Tower,0,4,12,0,16,0,24,82,0,106,0,28,94,0,122,320,0,320,442
02/01/2022,OXR,CA,AWP,WE,Federal Contract Tower,0,2,11,2,15,0,16,76,0,92,0,18,87,2,107,190,0,190,297
02/02/2022,OXR,CA,AWP,WE,Federal Contract Tower,0,4,2,0,6,0,4,8,0,12,0,8,10,0,18,10,0,10,28
02/03/2022,OXR,CA,AWP,WE,Federal Contract Tower,0,4,13,0,17,0,16,77,0,93,0,20,90,0,110,238,0,238,348
02/04/2022,OXR,CA,AWP,WE,Federal Contract Tower,0,4,3,0,7,0,4,32,0,36,0,8,35,0,43,24,0,24,67
02/05/2022,OXR,CA,AWP,WE,Federal Contract Tower,0,4,7,4,15,0,7,52,0,59,0,11,59,4,74,138,0,138,212
02/06/2022,OXR,CA,AWP,WE,Federal Contract Tower,0,1,10,0,11,0,11,70,0,81,0,12,80,0,92,100,0,100,192
02/07/2022,OXR,CA,AWP,WE,Federal Contract Tower,0,5,4,0,9,0,13,56,0,69,0,18,60,0,78,92,0,92,170
02/08/2022,OXR,CA,AWP,WE,Federal Contract Tower,0,6,3,0,9,0,10,74,4,88,0,16,77,4,97,114,0,114,211
02/09/2022,OXR,CA,AWP,WE,Federal Contract Tower,0,2,4,0,6,0,14,56,0,70,0,16,60,0,76,106,0,106,182
02/10/2022,OXR,CA,AWP,WE,Federal Contract Tower,0,3,11,0,14,0,18,13,0,31,0,21,24,0,45,44,0,44,89
02/11/2022,OXR,CA,AWP,WE,Federal Contract Tower,0,4,26,0,30,0,23,136,0,159,0,27,162,0,189,348,0,348,537
02/12/2022,OXR,CA,AWP,WE,Federal Contract Tower,0,4,15,0,19,0,2,72,0,74,0,6,87,0,93,220,0,220,313
02/13/2022,OXR,CA,AWP,WE,Federal Contract Tower,0,6,10,0,16,0,9,58,0,67,0,15,68,0,83,138,0,138,221
02/14/2022,OXR,CA,AWP,WE,Federal Contract Tower,0,7,17,0,24,0,7,55,0,62,0,14,72,0,86,190,0,190,276
02/15/2022,OXR,CA,AWP,WE,Federal Contract Tower,0,6,18,0,24,0,12,22,0,34,0,18,40,0,58,26,0,26,84
02/16/2022,OXR,CA,AWP,WE,Federal Contract Tower,0,4,19,0,23,0,13,132,0,145,0,17,151,0,168,284,0,284,452
02/17/2022,OXR,CA,AWP,WE,Federal Contract Tower,0,6,3,0,9,0,9,32,0,41,0,15,35,0,50,58,0,58,108
02/18/2022,OXR,CA,AWP,WE,Federal Contract Tower,0,5,18,0,23,0,10,101,4,115,0,15,119,4,138,304,0,304,442
02/19/2022,OXR,CA,AWP,WE,Federal Contract Tower,0,3,15,0,18,0,4,107,0,111,0,7,122,0,129,240,0,240,369
02/20/2022,OXR,CA,AWP,WE,Federal Contract Tower,0,0,21,0,21,0,2,62,0,64,0,2,83,0,85,238,0,238,323
02/21/2022,OXR,CA,AWP,WE,Federal Contract Tower,0,2,21,0,23,0,2,55,0,57,0,4,76,0,80,82,0,82,162
02/22/2022,OXR,CA,AWP,WE,Federal Contract Tower,0,3,10,0,13,0,2,24,0,26,0,5,34,0,39,90,0,90,129
02/23/2022,OXR,CA,AWP,WE,Federal Contract Tower,0,1,10,0,11,0,15,25,2,42,0,16,35,2,53,16,0,16,69
02/24/2022,OXR,CA,AWP,WE,Federal Contract Tower,0,1,22,0,23,0,14,69,0,83,0,15,91,0,106,228,0,228,334
02/25/2022,OXR,CA,AWP,WE,Federal Contract Tower,0,4,19,0,23,0,3,81,0,84,0,7,100,0,107,276,0,276,383
02/26/2022,OXR,CA,AWP,WE,Federal Contract Tower,0,10,5,0,15,0,8,49,0,57,0,18,54,0,72,92,0,92,164
02/27/2022,OXR,CA,AWP,WE,Federal Contract Tower,0,3,7,0,10,0,11,97,0,108,0,14,104,0,118,228,0,228,346
02/28/2022,OXR,CA,AWP,WE,Federal Contract Tower,0,2,3,0,5,0,2,35,0,37,0,4,38,0,42,114,0,114,156
03/01/2022,OXR,CA,AWP,WE,Federal Contract Tower,0,2,12,0,14,0,14,95,0,109,0,16,107,0,123,184,0,184,307
03/02/2022,OXR,CA,AWP,WE,Federal Contract Tower,0,4,5,0,9,0,4,141,2,147,0,8,146,2,156,276,12,288,444
03/03/2022,OXR,CA,AWP,WE,Federal Contract Tower,0,3,15,0,18,0,5,70,0,75,0,8,85,0,93,166,0,166,259
03/04/2022,OXR,CA,AWP,WE,Federal Contract Tower,0,4,17,0,21,0,8,50,0,58,0,12,67,0,79,150,0,150,229
03/05/2022,OXR,CA,AWP,WE,Federal Contract Tower,0,4,8,0,12,0,0,13,16,29,0,4,21,16,41,42,24,66,107
03/06/2022,OXR,CA,AWP,WE,Federal Contract Tower,0,1,25,0,26,0,8,133,0,141,0,9,158,0,167,356,0,356,523
03/07/2022,OXR,CA,AWP,WE,Federal Contract Tower,0,2,7,0,9,0,12,68,0,80,0,14,75,0,89,106,0,106,195
03/08/2022,OXR,CA,AWP,WE,Federal Contract Tower,0,5,15,0,20,0,9,113,0,122,0,14,128,0,142,202,0,202,344
03/09/2022,OXR,CA,AWP,WE,Federal Contract Tower,0,2,17,0,19,0,11,101,2,114,0,13,118,2,133,268,0,268,401
03/10/2022,OXR,CA,AWP,WE,Federal Contract Tower,0,2,12,0,14,0,13,68,0,81,0,15,80,0,95,250,0,250,345
03/11/2022,OXR,CA,AWP,WE,Federal Contract Tower,0,2,6,0,8,0,15,70,0,85,0,17,76,0,93,194,0,194,287
03/12/2022,OXR,CA,AWP,WE,Federal Contract Tower,0,2,12,0,14,0,36,117,0,153,0,38,129,0,167,402,0,402,569
03/13/2022,OXR,CA,AWP,WE,Federal Contract Tower,0,0,15,0,15,0,20,139,0,159,0,20,154,0,174,312,0,312,486
03/14/2022,OXR,CA,AWP,WE,Federal Contract Tower,0,10,13,2,25,0,17,128,0,145,0,27,141,2,170,372,0,372,542
03/15/2022,OXR,CA,AWP,WE,Federal Contract Tower,0,4,12,2,18,0,19,74,0,93,0,23,86,2,111,194,0,194,305
03/16/2022,OXR,CA,AWP,WE,Federal Contract Tower,0,2,6,2,10,0,18,83,2,103,0,20,89,4,113,236,0,236,349
03/17/2022,OXR,CA,AWP,WE,Federal Contract Tower,0,5,24,0,29,0,18,109,0,127,0,23,133,0,156,224,0,224,380
03/18/2022,OXR,CA,AWP,WE,Federal Contract Tower,0,2,20,0,22,0,10,88,0,98,0,12,108,0,120,354,0,354,474
03/19/2022,OXR,CA,AWP,WE,Federal Contract Tower,0,5,23,0,28,0,10,28,0,38,0,15,51,0,66,68,0,68,134
03/20/2022,OXR,CA,AWP,WE,Federal Contract Tower,0,3,10,0,13,0,4,27,0,31,0,7,37,0,44,34,0,34,78
03/21/2022,OXR,CA,AWP,WE,Federal Contract Tower,0,2,17,0,19,0,18,138,0,156,0,20,155,0,175,344,0,344,519
03/22/2022,OXR,CA,AWP,WE,Federal Contract Tower,0,2,14,0,16,0,9,61,0,70,0,11,75,0,86,104,0,104,190
03/23/2022,OXR,CA,AWP,WE,Federal Contract Tower,0,8,14,0,22,0,21,112,4,137,0,29,126,4,159,246,0,246,405
03/24/2022,OXR,CA,AWP,WE,Federal Contract Tower,0,6,23,0,29,0,22,75,0,97,0,28,98,0,126,166,0,166,292
03/25/2022,OXR,CA,AWP,WE,Federal Contract Tower,0,8,25,0,33,0,8,54,0,62,0,16,79,0,95,136,0,136,231
03/26/2022,OXR,CA,AWP,WE,Federal Contract Tower,0,15,44,0,59,0,0,13,0,13,0,15,57,0,72,20,0,20,92
03/27/2022,OXR,CA,AWP,WE,Federal Contract Tower,0,0,27,0,27,0,6,41,0,47,0,6,68,0,74,96,0,96,170
03/28/2022,OXR,CA,AWP,WE,Federal Contract Tower,0,2,7,0,9,0,0,0,0,0,0,2,7,0,9,0,0,0,9
03/29/2022,OXR,CA,AWP,WE,Federal Contract Tower,0,5,11,0,16,0,12,96,2,110,0,17,107,2,126,178,0,178,304
03/30/2022,OXR,CA,AWP,WE,Federal Contract Tower,0,5,20,0,25,0,44,70,2,116,0,49,90,2,141,126,0,126,267
03/31/2022,OXR,CA,AWP,WE,Federal Contract Tower,0,4,24,0,28,0,11,48,0,59,0,15,72,0,87,172,0,172,259
04/01/2022,OXR,CA,AWP,WE,Federal Contract Tower,0,12,20,0,32,0,16,71,0,87,0,28,91,0,119,140,0,140,259
04/02/2022,OXR,CA,AWP,WE,Federal Contract Tower,0,3,49,0,52,0,2,13,0,15,0,5,62,0,67,60,6,66,133
04/03/2022,OXR,CA,AWP,WE,Federal Contract Tower,0,6,30,0,36,0,2,11,0,13,0,8,41,0,49,44,0,44,93
04/04/2022,OXR,CA,AWP,WE,Federal Contract Tower,0,7,22,0,29,0,5,37,3,45,0,12,59,3,74,74,0,74,148
04/05/2022,OXR,CA,AWP,WE,Federal Contract Tower,0,2,10,0,12,0,17,76,0,93,0,19,86,0,105,198,0,198,303
04/06/2022,OXR,CA,AWP,WE,Federal Contract Tower,0,7,17,0,24,0,8,78,2,88,0,15,95,2,112,246,0,246,358
04/07/2022,OXR,CA,AWP,WE,Federal Contract Tower,0,2,11,1,14,0,7,44,2,53,0,9,55,3,67,122,0,122,189
04/08/2022,OXR,CA,AWP,WE,Federal Contract Tower,0,3,12,0,15,0,12,70,0,82,0,15,82,0,97,276,0,276,373
04/09/2022,OXR,CA,AWP,WE,Federal Contract Tower,0,0,3,0,3,0,5,114,0,119,0,5,117,0,122,342,0,342,464
04/10/2022,OXR,CA,AWP,WE,Federal Contract Tower,0,2,34,0,36,0,2,45,0,47,0,4,79,0,83,130,0,130,213
04/11/2022,OXR,CA,AWP,WE,Federal Contract Tower,0,4,20,0,24,0,3,31,0,34,0,7,51,0,58,162,0,162,220
04/12/2022,OXR,CA,AWP,WE,Federal Contract Tower,0,2,12,0,14,0,13,31,0,44,0,15,43,0,58,202,0,202,260
04/13/2022,OXR,CA,AWP,WE,Federal Contract Tower,0,5,18,0,23,0,25,77,2,104,0,30,95,2,127,164,0,164,291
04/14/2022,OXR,CA,AWP,WE,Federal Contract Tower,0,2,16,0,18,0,14,87,2,103,0,16,103,2,121,206,0,206,327
04/15/2022,OXR,CA,AWP,WE,Federal Contract Tower,0,2,4,0,6,0,13,100,0,113,0,15,104,0,119,306,0,306,425
04/16/2022,OXR,CA,AWP,WE,Federal Contract Tower,0,0,18,0,18,0,10,52,0,62,0,10,70,0,80,140,0,140,220
04/17/2022,OXR,CA,AWP,WE,Federal Contract Tower,0,2,15,0,17,0,1,43,2,46,0,3,58,2,63,48,0,48,111
04/18/2022,OXR,CA,AWP,WE,Federal Contract Tower,0,5,10,0,15,0,3,91,3,97,0,8,101,3,112,388,0,388,500
04/19/2022,OXR,CA,AWP,WE,Federal Contract Tower,0,4,15,2,21,0,15,74,0,89,0,19,89,2,110,194,0,194,304
04/20/2022,OXR,CA,AWP,WE,Federal Contract Tower,0,2,19,2,23,0,4,71,2,77,0,6,90,4,100,232,0,232,332
04/21/2022,OXR,CA,AWP,WE,Federal Contract Tower,0,5,33,0,38,0,16,34,1,51,0,21,67,1,89,204,0,204,293
04/22/2022,OXR,CA,AWP,WE,Federal Contract Tower,0,2,13,0,15,0,20,18,0,38,0,22,31,0,53,50,0,50,103
04/23/2022,OXR,CA,AWP,WE,Federal Contract Tower,0,2,14,0,16,0,4,102,4,110,0,6,116,4,126,330,0,330,456
04/24/2022,OXR,CA,AWP,WE,Federal Contract Tower,0,1,14,0,15,0,3,59,0,62,0,4,73,0,77,96,0,96,173
04/25/2022,OXR,CA,AWP,WE,Federal Contract Tower,0,6,18,0,24,0,16,73,2,91,0,22,91,2,115,192,0,192,307
04/26/2022,OXR,CA,AWP,WE,Federal Contract Tower,0,2,12,0,14,0,9,83,0,92,0,11,95,0,106,214,0,214,320
04/27/2022,OXR,CA,AWP,WE,Federal Contract Tower,0,2,11,2,15,0,19,60,0,79,0,21,71,2,94,276,0,276,370
04/28/2022,OXR,CA,AWP,WE,Federal Contract Tower,0,2,37,0,39,0,3,87,4,94,0,5,124,4,133,334,0,334,467
04/29/2022,OXR,CA,AWP,WE,Federal Contract Tower,0,2,15,0,17,0,12,103,0,115,0,14,118,0,132,332,0,332,464
04/30/2022,OXR,CA,AWP,WE,Federal Contract Tower,0,0,16,0,16,0,2,100,0,102,0,2,116,0,118,270,0,270,388
05/01/2022,OXR,CA,AWP,WE,Federal Contract Tower,0,7,24,0,31,0,0,86,0,86,0,7,110,0,117,272,0,272,389
05/02/2022,OXR,CA,AWP,WE,Federal Contract Tower,0,2,28,0,30,0,8,47,2,57,0,10,75,2,87,208,0,208,295
05/03/2022,OXR,CA,AWP,WE,Federal Contract Tower,0,2,19,0,21,0,16,82,0,98,0,18,101,0,119,230,0,230,349
05/04/2022,OXR,CA,AWP,WE,Federal Contract Tower,0,5,11,0,16,0,20,104,3,127,0,25,115,3,143,166,0,166,309
05/05/2022,OXR,CA,AWP,WE,Federal Contract Tower,0,10,35,1,46,0,2,6,0,8,0,12,41,1,54,6,0,6,60
05/06/2022,OXR,CA,AWP,WE,Federal Contract Tower,0,2,15,0,17,0,13,91,0,104,0,15,106,0,121,276,0,276,397
05/07/2022,OXR,CA,AWP,WE,Federal Contract Tower,0,0,9,0,9,0,5,80,0,85,0,5,89,0,94,288,0,288,382
05/08/2022,OXR,CA,AWP,WE,Federal Contract Tower,0,1,25,0,26,0,7,38,2,47,0,8,63,2,73,126,0,126,199
05/09/2022,OXR,CA,AWP,WE,Federal Contract Tower,0,1,10,0,11,0,14,80,4,98,0,15,90,4,109,230,0,230,339
05/10/2022,OXR,CA,AWP,WE,Federal Contract Tower,0,7,23,0,30,0,4,69,3,76,0,11,92,3,106,254,0,254,360
05/11/2022,OXR,CA,AWP,WE,Federal Contract Tower,0,2,7,0,9,0,3,66,0,69,0,5,73,0,78,110,0,110,188
05/12/2022,OXR,CA,AWP,WE,Federal Contract Tower,0,2,25,2,29,0,11,78,0,89,0,13,103,2,118,240,0,240,358
05/13/2022,OXR,CA,AWP,WE,Federal Contract Tower,0,3,11,0,14,0,14,77,0,91,0,17,88,0,105,260,0,260,365
05/14/2022,OXR,CA,AWP,WE,Federal Contract Tower,0,1,13,0,14,0,2,99,0,101,0,3,112,0,115,316,0,316,431
05/15/2022,OXR,CA,AWP,WE,Federal Contract Tower,0,9,16,0,25,0,17,88,0,105,0,26,104,0,130,224,0,224,354
05/16/2022,OXR,CA,AWP,WE,Federal Contract Tower,0,6,10,0,16,0,16,47,0,63,0,22,57,0,79,36,0,36,115
05/17/2022,OXR,CA,AWP,WE,Federal Contract Tower,0,8,16,0,24,0,14,68,0,82,0,22,84,0,106,188,0,188,294
05/18/2022,OXR,CA,AWP,WE,Federal Contract Tower,0,9,17,0,26,0,15,54,0,69,0,24,71,0,95,136,0,136,231
05/19/2022,OXR,CA,AWP,WE,Federal Contract Tower,0,6,43,0,49,0,0,13,0,13,0,6,56,0,62,0,0,0,62
05/20/2022,OXR,CA,AWP,WE,Federal Contract Tower,0,7,30,0,37,0,12,25,0,37,0,19,55,0,74,134,0,134,208
05/21/2022,OXR,CA,AWP,WE,Federal Contract Tower,0,0,7,0,7,0,2,66,0,68,0,2,73,0,75,238,0,238,313
05/22/2022,OXR,CA,AWP,WE,Federal Contract Tower,0,6,17,0,23,0,5,49,0,54,0,11,66,0,77,112,0,112,189
05/23/2022,OXR,CA,AWP,WE,Federal Contract Tower,0,2,35,0,37,0,10,22,0,32,0,12,57,0,69,86,0,86,155
05/24/2022,OXR,CA,AWP,WE,Federal Contract Tower,0,6,41,0,47,0,15,35,0,50,0,21,76,0,97,18,0,18,115
05/25/2022,OXR,CA,AWP,WE,Federal Contract Tower,0,8,31,2,41,0,2,11,0,13,0,10,42,2,54,10,0,10,64
05/26/2022,OXR,CA,AWP,WE,Federal Contract Tower,0,8,31,0,39,0,9,33,0,42,0,17,64,0,81,116,0,116,197
05/27/2022,OXR,CA,AWP,WE,Federal Contract Tower,0,3,26,0,29,0,13,45,0,58,0,16,71,0,87,230,0,230,317
05/28/2022,OXR,CA,AWP,WE,Federal Contract Tower,0,5,29,0,34,0,4,50,0,54,0,9,79,0,88,148,0,148,236
05/29/2022,OXR,CA,AWP,WE,Federal Contract Tower,0,0,10,0,10,0,6,69,0,75,0,6,79,0,85,178,0,178,263
05/30/2022,OXR,CA,AWP,WE,Federal Contract Tower,0,2,15,0,17,0,12,50,0,62,0,14,65,0,79,162,0,162,241
05/31/2022,OXR,CA,AWP,WE,Federal Contract Tower,0,2,25,0,27,0,21,78,0,99,0,23,103,0,126,206,0,206,332
06/01/2022,OXR,CA,AWP,WE,Federal Contract Tower,0,9,11,1,21,0,9,57,1,67,0,18,68,2,88,150,0,150,238
06/02/2022,OXR,CA,AWP,WE,Federal Contract Tower,0,4,26,0,30,0,12,47,0,59,0,16,73,0,89,70,0,70,159
06/03/2022,OXR,CA,AWP,WE,Federal Contract Tower,0,4,40,0,44,0,20,25,0,45,0,24,65,0,89,42,0,42,131
06/04/2022,OXR,CA,AWP,WE,Federal Contract Tower,0,4,31,0,35,0,8,28,0,36,0,12,59,0,71,66,0,66,137
06/05/2022,OXR,CA,AWP,WE,Federal Contract Tower,0,0,6,0,6,0,6,64,0,70,0,6,70,0,76,178,0,178,254
06/06/2022,OXR,CA,AWP,WE,Federal Contract Tower,0,12,34,0,46,0,13,60,0,73,0,25,94,0,119,84,0,84,203
06/07/2022,OXR,CA,AWP,WE,Federal Contract Tower,0,10,28,0,38,0,41,24,0,65,0,51,52,0,103,32,0,32,135
06/08/2022,OXR,CA,AWP,WE,Federal Contract Tower,0,7,17,0,24,0,7,45,0,52,0,14,62,0,76,150,0,150,226
06/09/2022,OXR,CA,AWP,WE,Federal Contract Tower,0,11,29,0,40,0,5,3,0,8,0,16,32,0,48,0,0,0,48
06/10/2022,OXR,CA,AWP,WE,Federal Contract Tower,0,3,12,0,15,0,5,16,0,21,0,8,28,0,36,62,0,62,98
06/11/2022,OXR,CA,AWP,WE,Federal Contract Tower,0,1,30,0,31,0,4,6,0,10,0,5,36,0,41,4,0,4,45
06/12/2022,OXR,CA,AWP,WE,Federal Contract Tower,0,0,22,0,22,0,5,12,0,17,0,5,34,0,39,4,0,4,43
06/13/2022,OXR,CA,AWP,WE,Federal Contract Tower,0,7,10,0,17,0,7,43,0,50,0,14,53,0,67,138,0,138,205
06/14/2022,OXR,CA,AWP,WE,Federal Contract Tower,0,4,18,2,24,0,7,80,0,87,0,11,98,2,111,226,0,226,337
06/15/2022,OXR,CA,AWP,WE,Federal Contract Tower,0,2,12,1,15,0,5,56,1,62,0,7,68,2,77,212,0,212,289
06/16/2022,OXR,CA,AWP,WE,Federal Contract Tower,0,6,39,0,45,0,6,11,0,17,0,12,50,0,62,0,0,0,62
06/17/2022,OXR,CA,AWP,WE,Federal Contract Tower,0,2,12,0,14,0,3,73,0,76,0,5,85,0,90,254,0,254,344
06/18/2022,OXR,CA,AWP,WE,Federal Contract Tower,0,1,15,0,16,0,14,105,0,119,0,15,120,0,135,380,0,380,515
06/19/2022,OXR,CA,AWP,WE,Federal Contract Tower,0,2,5,0,7,0,3,52,0,55,0,5,57,0,62,108,0,108,170
06/20/2022,OXR,CA,AWP,WE,Federal Contract Tower,0,2,15,0,17,0,26,96,0,122,0,28,111,0,139,204,0,204,343
06/21/2022,OXR,CA,AWP,WE,Federal Contract Tower,0,2,8,3,13,0,15,86,1,102,0,17,94,4,115,202,0,202,317
06/22/2022,OXR,CA,AWP,WE,Federal Contract Tower,2,4,5,0,11,0,1,24,0,25,2,5,29,0,36,62,0,62,98
06/23/2022,OXR,CA,AWP,WE,Federal Contract Tower,0,3,37,0,40,0,22,84,0,106,0,25,121,0,146,172,0,172,318
06/24/2022,OXR,CA,AWP,WE,Federal Contract Tower,0,2,31,2,35,0,5,28,0,33,0,7,59,2,68,2,0,2,70
06/25/2022,OXR,CA,AWP,WE,Federal Contract Tower,0,2,19,0,21,0,1,67,0,68,0,3,86,0,89,88,0,88,177
06/26/2022,OXR,CA,AWP,WE,Federal Contract Tower,0,0,5,0,5,0,7,48,0,55,0,7,53,0,60,96,0,96,156
06/27/2022,OXR,CA,AWP,WE,Federal Contract Tower,0,8,18,0,26,0,10,62,0,72,0,18,80,0,98,90,0,90,188
06/28/2022,OXR,CA,AWP,WE,Federal Contract Tower,0,2,15,0,17,0,14,73,0,87,0,16,88,0,104,120,0,120,224
06/29/2022,OXR,CA,AWP,WE,Federal Contract Tower,0,2,13,0,15,0,7,41,0,48,0,9,54,0,63,84,0,84,147
06/30/2022,OXR,CA,AWP,WE,Federal Contract Tower,0,3,26,3,32,0,13,60,0,73,0,16,86,3,105,112,0,112,217
07/01/2022,OXR,CA,AWP,WE,Federal Contract Tower,0,7,12,0,19,0,8,49,0,57,0,15,61,0,76,196,0,196,272
07/02/2022,OXR,CA,AWP,WE,Federal Contract Tower,0,0,14,0,14,0,4,58,0,62,0,4,72,0,76,162,0,162,238
07/03/2022,OXR,CA,AWP,WE,Federal Contract Tower,0,0,11,0,11,0,3,57,0,60,0,3,68,0,71,136,0,136,207
07/04/2022,OXR,CA,AWP,WE,Federal Contract Tower,0,0,3,0,3,0,46,0,0,46,0,46,3,0,49,78,0,78,127
07/05/2022,OXR,CA,AWP,WE,Federal Contract Tower,0,2,29,0,31,0,7,49,0,56,0,9,78,0,87,80,0,80,167
07/06/2022,OXR,CA,AWP,WE,Federal Contract Tower,0,3,9,0,12,0,1,71,0,72,0,4,80,0,84,92,0,92,176
07/07/2022,OXR,CA,AWP,WE,Federal Contract Tower,0,2,9,0,11,0,9,72,0,81,0,11,81,0,92,230,0,230,322
07/08/2022,OXR,CA,AWP,WE,Federal Contract Tower,0,6,27,0,33,0,2,47,0,49,0,8,74,0,82,122,0,122,204
07/09/2022,OXR,CA,AWP,WE,Federal Contract Tower,0,7,24,0,31,0,0,17,0,17,0,7,41,0,48,22,0,22,70
07/10/2022,OXR,CA,AWP,WE,Federal Contract Tower,0,0,10,0,10,0,10,28,0,38,0,10,38,0,48,70,0,70,118
07/11/2022,OXR,CA,AWP,WE,Federal Contract Tower,0,6,23,0,29,0,3,13,0,16,0,9,36,0,45,0,0,0,45
07/12/2022,OXR,CA,AWP,WE,Federal Contract Tower,0,5,18,1,24,0,9,23,0,32,0,14,41,1,56,48,0,48,104
07/13/2022,OXR,CA,AWP,WE,Federal Contract Tower,0,5,23,0,28,0,0,0,0,0,0,5,23,0,28,0,0,0,28
07/14/2022,OXR,CA,AWP,WE,Federal Contract Tower,0,3,25,0,28,0,13,18,0,31,0,16,43,0,59,32,0,32,91
07/15/2022,OXR,CA,AWP,WE,Federal Contract Tower,0,7,35,0,42,0,6,54,0,60,0,13,89,0,102,170,0,170,272
07/16/2022,OXR,CA,AWP,WE,Federal Contract Tower,0,3,16,0,19,0,7,74,0,81,0,10,90,0,100,294,0,294,394
07/17/2022,OXR,CA,AWP,WE,Federal Contract Tower,0,6,18,0,24,0,3,28,0,31,0,9,46,0,55,58,0,58,113
07/18/2022,OXR,CA,AWP,WE,Federal Contract Tower,0,4,14,0,18,0,13,40,4,57,0,17,54,4,75,94,0,94,169
07/19/2022,OXR,CA,AWP,WE,Federal Contract Tower,0,6,12,0,18,0,3,32,0,35,0,9,44,0,53,54,0,54,107
07/20/2022,OXR,CA,AWP,WE,Federal Contract Tower,0,4,11,0,15,0,20,67,0,87,0,24,78,0,102,264,0,264,366
07/21/2022,OXR,CA,AWP,WE,Federal Contract Tower,0,8,10,0,18,0,9,83,0,92,0,17,93,0,110,242,0,242,352
07/22/2022,OXR,CA,AWP,WE,Federal Contract Tower,0,7,19,0,26,0,9,63,0,72,0,16,82,0,98,240,0,240,338
07/23/2022,OXR,CA,AWP,WE,Federal Contract Tower,0,0,28,0,28,0,4,22,0,26,0,4,50,0,54,56,0,56,110
07/24/2022,OXR,CA,AWP,WE,Federal Contract Tower,0,4,29,0,33,0,3,17,0,20,0,7,46,0,53,38,0,38,91
07/25/2022,OXR,CA,AWP,WE,Federal Contract Tower,0,9,39,0,48,0,4,7,0,11,0,13,46,0,59,10,0,10,69
07/26/2022,OXR,CA,AWP,WE,Federal Contract Tower,0,18,30,0,48,0,5,2,0,7,0,23,32,0,55,0,0,0,55
07/27/2022,OXR,CA,AWP,WE,Federal Contract Tower,0,8,23,0,31,0,2,12,0,14,0,10,35,0,45,6,0,6,51
07/28/2022,OXR,CA,AWP,WE,Federal Contract Tower,0,8,17,0,25,0,14,76,0,90,0,22,93,0,115,348,0,348,463
07/29/2022,OXR,CA,AWP,WE,Federal Contract Tower,0,5,11,0,16,0,1,55,0,56,0,6,66,0,72,300,0,300,372
07/30/2022,OXR,CA,AWP,WE,Federal Contract Tower,0,1,11,0,12,0,6,92,0,98,0,7,103,0,110,260,0,260,370
07/31/2022,OXR,CA,AWP,WE,Federal Contract Tower,0,9,20,0,29,0,8,72,0,80,0,17,92,0,109,150,0,150,259
08/01/2022,OXR,CA,AWP,WE,Federal Contract Tower,0,4,20,0,24,0,6,55,0,61,0,10,75,0,85,204,0,204,289
08/02/2022,OXR,CA,AWP,WE,Federal Contract Tower,0,8,9,0,17,0,12,47,0,59,0,20,56,0,76,186,0,186,262
08/03/2022,OXR,CA,AWP,WE,Federal Contract Tower,0,2,4,0,6,0,3,56,0,59,0,5,60,0,65,172,0,172,237
08/04/2022,OXR,CA,AWP,WE,Federal Contract Tower,0,2,11,0,13,0,4,54,0,58,0,6,65,0,71,230,0,230,301
08/05/2022,OXR,CA,AWP,WE,Federal Contract Tower,0,2,14,0,16,0,10,76,0,86,0,12,90,0,102,208,0,208,310
08/06/2022,OXR,CA,AWP,WE,Federal Contract Tower,0,1,29,0,30,0,3,89,0,92,0,4,118,0,122,190,0,190,312
08/07/2022,OXR,CA,AWP,WE,Federal Contract Tower,0,1,14,0,15,0,7,97,0,104,0,8,111,0,119,218,0,218,337
08/08/2022,OXR,CA,AWP,WE,Federal Contract Tower,0,2,20,0,22,0,12,95,0,107,0,14,115,0,129,196,0,196,325
08/09/2022,OXR,CA,AWP,WE,Federal Contract Tower,0,2,9,2,13,0,10,82,0,92,0,12,91,2,105,180,0,180,285
08/10/2022,OXR,CA,AWP,WE,Federal Contract Tower,0,2,13,0,15,0,18,73,0,91,0,20,86,0,106,164,0,164,270
08/11/2022,OXR,CA,AWP,WE,Federal Contract Tower,0,6,25,0,31,0,6,90,0,96,0,12,115,0,127,180,0,180,307
08/12/2022,OXR,CA,AWP,WE,Federal Contract Tower,0,4,6,0,10,0,18,103,0,121,0,22,109,0,131,338,0,338,469
08/13/2022,OXR,CA,AWP,WE,Federal Contract Tower,0,1,6,0,7,0,10,105,0,115,0,11,111,0,122,282,0,282,404
08/14/2022,OXR,CA,AWP,WE,Federal Contract Tower,0,0,15,0,15,0,12,68,0,80,0,12,83,0,95,252,0,252,347
08/15/2022,OXR,CA,AWP,WE,Federal Contract Tower,0,2,13,0,15,0,10,77,0,87,0,12,90,0,102,260,0,260,362
08/16/2022,OXR,CA,AWP,WE,Federal Contract Tower,0,5,13,0,18,0,5,53,0,58,0,10,66,0,76,158,0,158,234
08/17/2022,OXR,CA,AWP,WE,Federal Contract Tower,0,3,10,1,14,0,9,74,0,83,0,12,84,1,97,146,0,146,243
08/18/2022,OXR,CA,AWP,WE,Federal Contract Tower,0,5,23,0,28,0,0,11,0,11,0,5,34,0,39,0,0,0,39
08/19/2022,OXR,CA,AWP,WE,Federal Contract Tower,0,2,30,0,32,0,4,62,0,66,0,6,92,0,98,24,0,24,122
08/20/2022,OXR,CA,AWP,WE,Federal Contract Tower,0,4,23,0,27,0,20,63,0,83,0,24,86,0,110,138,0,138,248
08/21/2022,OXR,CA,AWP,WE,Federal Contract Tower,0,5,25,0,30,0,6,44,0,50,0,11,69,0,80,120,0,120,200
08/22/2022,OXR,CA,AWP,WE,Federal Contract Tower,0,6,27,0,33,0,0,3,0,3,0,6,30,0,36,0,0,0,36
08/23/2022,OXR,CA,AWP,WE,Federal Contract Tower,0,2,29,0,31,0,0,37,0,37,0,2,66,0,68,46,0,46,114
08/24/2022,OXR,CA,AWP,WE,Federal Contract Tower,0,7,11,0,18,0,1,32,0,33,0,8,43,0,51,96,0,96,147
08/25/2022,OXR,CA,AWP,WE,Federal Contract Tower,0,6,24,0,30,0,3,28,0,31,0,9,52,0,61,6,0,6,67
08/26/2022,OXR,CA,AWP,WE,Federal Contract Tower,0,5,46,0,51,0,2,6,0,8,0,7,52,0,59,42,0,42,101
08/27/2022,OXR,CA,AWP,WE,Federal Contract Tower,0,3,8,0,11,0,3,36,0,39,0,6,44,0,50,98,0,98,148
08/28/2022,OXR,CA,AWP,WE,Federal Contract Tower,0,0,21,0,21,0,5,90,0,95,0,5,111,0,116,146,0,146,262
08/29/2022,OXR,CA,AWP,WE,Federal Contract Tower,0,2,11,0,13,0,9,60,0,69,0,11,71,0,82,168,0,168,250
08/30/2022,OXR,CA,AWP,WE,Federal Contract Tower,0,12,12,2,26,0,16,66,0,82,0,28,78,2,108,90,0,90,198
08/31/2022,OXR,CA,AWP,WE,Federal Contract Tower,0,2,7,0,9,0,7,64,0,71,0,9,71,0,80,172,0,172,252
09/01/2022,OXR,CA,AWP,WE,Federal Contract Tower,0,3,11,0,14,0,7,88,0,95,0,10,99,0,109,184,0,184,293
09/02/2022,OXR,CA,AWP,WE,Federal Contract Tower,0,3,6,0,9,0,9,95,0,104,0,12,101,0,113,218,0,218,331
09/03/2022,OXR,CA,AWP,WE,Federal Contract Tower,0,1,4,0,5,0,7,83,0,90,0,8,87,0,95,296,0,296,391
09/04/2022,OXR,CA,AWP,WE,Federal Contract Tower,0,4,5,0,9,0,10,62,0,72,0,14,67,0,81,176,0,176,257
09/05/2022,OXR,CA,AWP,WE,Federal Contract Tower,0,0,15,0,15,0,2,60,0,62,0,2,75,0,77,70,0,70,147
09/06/2022,OXR,CA,AWP,WE,Federal Contract Tower,0,2,9,0,11,0,18,74,0,92,0,20,83,0,103,164,0,164,267
09/07/2022,OXR,CA,AWP,WE,Federal Contract Tower,0,2,14,2,18,0,7,73,0,80,0,9,87,2,98,178,0,178,276
09/08/2022,OXR,CA,AWP,WE,Federal Contract Tower,0,3,14,0,17,0,10,73,0,83,0,13,87,0,100,162,0,162,262
09/09/2022,OXR,CA,AWP,WE,Federal Contract Tower,0,2,14,0,16,0,15,71,0,86,0,17,85,0,102,114,0,114,216
09/10/2022,OXR,CA,AWP,WE,Federal Contract Tower,0,0,16,0,16,0,1,37,0,38,0,1,53,0,54,126,0,126,180
09/11/2022,OXR,CA,AWP,WE,Federal Contract Tower,0,3,19,0,22,0,12,59,0,71,0,15,78,0,93,244,0,244,337
09/12/2022,OXR,CA,AWP,WE,Federal Contract Tower,0,4,10,1,15,0,13,81,7,101,0,17,91,8,116,254,0,254,370
09/13/2022,OXR,CA,AWP,WE,Federal Contract Tower,0,4,10,0,14,0,15,87,0,102,0,19,97,0,116,92,0,92,208
09/14/2022,OXR,CA,AWP,WE,Federal Contract Tower,0,2,2,0,4,0,13,63,0,76,0,15,65,0,80,80,0,80,160
09/15/2022,OXR,CA,AWP,WE,Federal Contract Tower,0,5,30,0,35,0,9,80,0,89,0,14,110,0,124,168,0,168,292
09/16/2022,OXR,CA,AWP,WE,Federal Contract Tower,0,2,21,0,23,0,9,100,0,109,0,11,121,0,132,238,0,238,370
09/17/2022,OXR,CA,AWP,WE,Federal Contract Tower,0,0,18,0,18,0,6,58,0,64,0,6,76,0,82,120,0,120,202
09/18/2022,OXR,CA,AWP,WE,Federal Contract Tower,0,0,11,0,11,0,5,54,0,59,0,5,65,0,70,166,0,166,236
09/19/2022,OXR,CA,AWP,WE,Federal Contract Tower,0,2,12,0,14,0,23,53,0,76,0,25,65,0,90,108,0,108,198
09/20/2022,OXR,CA,AWP,WE,Federal Contract Tower,0,11,26,0,37,0,8,24,0,32,0,19,50,0,69,74,0,74,143
09/21/2022,OXR,CA,AWP,WE,Federal Contract Tower,0,3,8,0,11,0,17,69,0,86,0,20,77,0,97,238,0,238,335
09/22/2022,OXR,CA,AWP,WE,Federal Contract Tower,0,7,21,0,28,0,2,78,0,80,0,9,99,0,108,158,0,158,266
09/23/2022,OXR,CA,AWP,WE,Federal Contract Tower,0,6,15,0,21,0,19,78,0,97,0,25,93,0,118,224,0,224,342
09/24/2022,OXR,CA,AWP,WE,Federal Contract Tower,0,0,5,0,5,0,10,111,0,121,0,10,116,0,126,172,0,172,298
09/25/2022,OXR,CA,AWP,WE,Federal Contract Tower,0,2,14,0,16,0,5,76,0,81,0,7,90,0,97,154,0,154,251
09/26/2022,OXR,CA,AWP,WE,Federal Contract Tower,0,2,6,0,8,0,14,79,0,93,0,16,85,0,101,232,0,232,333
09/27/2022,OXR,CA,AWP,WE,Federal Contract Tower,0,5,10,0,15,0,5,97,0,102,0,10,107,0,117,168,0,168,285
09/28/2022,OXR,CA,AWP,WE,Federal Contract Tower,0,2,21,0,23,0,13,86,0,99,0,15,107,0,122,206,0,206,328
09/29/2022,OXR,CA,AWP,WE,Federal Contract Tower,0,2,30,0,32,0,2,49,0,51,0,4,79,0,83,164,0,164,247
09/30/2022,OXR,CA,AWP,WE,Federal Contract Tower,0,5,25,1,31,0,10,66,0,76,0,15,91,1,107,262,0,262,369
10/01/2022,OXR,CA,AWP,WE,Federal Contract Tower,0,1,9,0,10,0,9,44,0,53,0,10,53,0,63,152,0,152,215
10/02/2022,OXR,CA,AWP,WE,Federal Contract Tower,0,4,12,0,16,0,3,56,0,59,0,7,68,0,75,202,0,202,277
10/03/2022,OXR,CA,AWP,WE,Federal Contract Tower,0,2,17,0,19,0,9,53,0,62,0,11,70,0,81,134,0,134,215
10/04/2022,OXR,CA,AWP,WE,Federal Contract Tower,0,2,12,0,14,0,7,103,0,110,0,9,115,0,124,210,0,210,334
10/05/2022,OXR,CA,AWP,WE,Federal Contract Tower,0,7,33,0,40,0,10,13,2,25,0,17,46,2,65,26,8,34,99
10/06/2022,OXR,CA,AWP,WE,Federal Contract Tower,0,9,37,0,46,0,6,1,0,7,0,15,38,0,53,0,0,0,53
10/07/2022,OXR,CA,AWP,WE,Federal Contract Tower,0,18,41,0,59,0,0,0,0,0,0,18,41,0,59,0,0,0,59
10/08/2022,OXR,CA,AWP,WE,Federal Contract Tower,0,7,38,0,45,0,0,0,0,0,0,7,38,0,45,0,0,0,45
10/09/2022,OXR,CA,AWP,WE,Federal Contract Tower,0,4,31,0,35,0,0,2,0,2,0,4,33,0,37,0,0,0,37
10/10/2022,OXR,CA,AWP,WE,Federal Contract Tower,0,5,23,0,28,0,11,19,0,30,0,16,42,0,58,58,0,58,116
10/11/2022,OXR,CA,AWP,WE,Federal Contract Tower,0,6,32,0,38,0,1,19,0,20,0,7,51,0,58,108,0,108,166
10/12/2022,OXR,CA,AWP,WE,Federal Contract Tower,0,2,17,0,19,0,9,23,0,32,0,11,40,0,51,42,0,42,93
10/13/2022,OXR,CA,AWP,WE,Federal Contract Tower,0,8,6,0,14,0,12,10,0,22,0,20,16,0,36,44,0,44,80
10/14/2022,OXR,CA,AWP,WE,Federal Contract Tower,0,10,38,0,48,0,4,18,0,22,0,14,56,0,70,212,0,212,282
10/15/2022,OXR,CA,AWP,WE,Federal Contract Tower,0,3,23,0,26,0,3,17,0,20,0,6,40,0,46,164,0,164,210
10/16/2022,OXR,CA,AWP,WE,Federal Contract Tower,0,3,22,0,25,0,2,55,0,57,0,5,77,0,82,154,0,154,236
10/17/2022,OXR,CA,AWP,WE,Federal Contract Tower,0,1,12,2,15,0,9,72,0,81,0,10,84,2,96,210,0,210,306
10/18/2022,OXR,CA,AWP,WE,Federal Contract Tower,0,3,16,0,19,0,3,99,0,102,0,6,115,0,121,140,0,140,261
10/19/2022,OXR,CA,AWP,WE,Federal Contract Tower,0,7,12,1,20,0,21,101,0,122,0,28,113,1,142,202,0,202,344
10/20/2022,OXR,CA,AWP,WE,Federal Contract Tower,0,2,19,0,21,0,13,85,0,98,0,15,104,0,119,242,0,242,361
10/21/2022,OXR,CA,AWP,WE,Federal Contract Tower,0,8,21,0,29,0,17,46,0,63,0,25,67,0,92,124,0,124,216
10/22/2022,OXR,CA,AWP,WE,Federal Contract Tower,0,5,21,0,26,0,1,25,0,26,0,6,46,0,52,118,0,118,170
10/23/2022,OXR,CA,AWP,WE,Federal Contract Tower,0,4,14,0,18,0,1,59,0,60,0,5,73,0,78,228,0,228,306
10/24/2022,OXR,CA,AWP,WE,Federal Contract Tower,0,3,18,0,21,0,13,37,2,52,0,16,55,2,73,80,6,86,159
10/25/2022,OXR,CA,AWP,WE,Federal Contract Tower,0,2,16,0,18,0,11,78,0,89,0,13,94,0,107,156,0,156,263
10/26/2022,OXR,CA,AWP,WE,Federal Contract Tower,0,4,14,2,20,0,7,93,0,100,0,11,107,2,120,194,0,194,314
10/27/2022,OXR,CA,AWP,WE,Federal Contract Tower,0,8,15,0,23,0,17,81,0,98,0,25,96,0,121,138,0,138,259
10/28/2022,OXR,CA,AWP,WE,Federal Contract Tower,0,15,20,0,35,0,21,101,0,122,0,36,121,0,157,266,0,266,423
10/29/2022,OXR,CA,AWP,WE,Federal Contract Tower,0,0,4,0,4,0,5,73,0,78,0,5,77,0,82,252,0,252,334
10/30/2022,OXR,CA,AWP,WE,Federal Contract Tower,0,3,8,0,11,0,11,73,0,84,0,14,81,0,95,196,0,196,291
10/31/2022,OXR,CA,AWP,WE,Federal Contract Tower,0,1,10,4,15,0,7,69,0,76,0,8,79,4,91,184,0,184,275
11/01/2022,OXR,CA,AWP,WE,Federal Contract Tower,0,2,24,0,26,0,23,40,0,63,0,25,64,0,89,86,0,86,175
11/02/2022,OXR,CA,AWP,WE,Federal Contract Tower,0,4,8,0,12,0,2,28,0,30,0,6,36,0,42,30,0,30,72
11/03/2022,OXR,CA,AWP,WE,Federal Contract Tower,0,4,11,0,15,0,2,50,0,52,0,6,61,0,67,84,0,84,151
11/04/2022,OXR,CA,AWP,WE,Federal Contract Tower,0,2,16,0,18,0,22,89,0,111,0,24,105,0,129,208,0,208,337
11/05/2022,OXR,CA,AWP,WE,Federal Contract Tower,0,0,11,0,11,0,4,114,0,118,0,4,125,0,129,368,0,368,497
11/06/2022,OXR,CA,AWP,WE,Federal Contract Tower,0,0,43,0,43,0,0,38,0,38,0,0,81,0,81,132,0,132,213
11/07/2022,OXR,CA,AWP,WE,Federal Contract Tower,0,4,23,0,27,0,0,0,0,0,0,4,23,0,27,0,0,0,27
11/08/2022,OXR,CA,AWP,WE,Federal Contract Tower,0,3,11,8,22,0,0,0,0,0,0,3,11,8,22,0,0,0,22
11/09/2022,OXR,CA,AWP,WE,Federal Contract Tower,0,5,5,0,10,0,10,71,0,81,0,15,76,0,91,172,0,172,263
11/10/2022,OXR,CA,AWP,WE,Federal Contract Tower,0,3,12,0,15,0,16,99,0,115,0,19,111,0,130,194,0,194,324
11/11/2022,OXR,CA,AWP,WE,Federal Contract Tower,0,4,7,0,11,0,6,88,0,94,0,10,95,0,105,286,0,286,391
11/12/2022,OXR,CA,AWP,WE,Federal Contract Tower,0,2,17,0,19,0,0,113,0,113,0,2,130,0,132,260,0,260,392
11/14/2022,OXR,CA,AWP,WE,Federal Contract Tower,0,10,11,0,21,0,11,68,2,81,0,21,79,2,102,146,0,146,248
11/15/2022,OXR,CA,AWP,WE,Federal Contract Tower,0,4,7,1,12,0,15,38,0,53,0,19,45,1,65,40,0,40,105
11/16/2022,OXR,CA,AWP,WE,Federal Contract Tower,0,2,9,0,11,0,3,21,0,24,0,5,30,0,35,12,0,12,47
11/17/2022,OXR,CA,AWP,WE,Federal Contract Tower,0,5,21,2,28,0,6,65,0,71,0,11,86,2,99,196,0,196,295
11/18/2022,OXR,CA,AWP,WE,Federal Contract Tower,0,7,20,0,27,0,28,92,0,120,0,35,112,0,147,254,0,254,401
11/19/2022,OXR,CA,AWP,WE,Federal Contract Tower,0,4,3,0,7,0,2,9,0,11,0,6,12,0,18,8,0,8,26
11/20/2022,OXR,CA,AWP,WE,Federal Contract Tower,0,2,10,0,12,0,6,68,0,74,0,8,78,0,86,244,0,244,330
11/21/2022,OXR,CA,AWP,WE,Federal Contract Tower,0,2,6,0,8,0,4,85,0,89,0,6,91,0,97,270,0,270,367
11/22/2022,OXR,CA,AWP,WE,Federal Contract Tower,0,2,14,0,16,0,13,87,0,100,0,15,101,0,116,254,0,254,370
11/23/2022,OXR,CA,AWP,WE,Federal Contract Tower,0,4,10,0,14,0,3,71,0,74,0,7,81,0,88,134,0,134,222
11/24/2022,OXR,CA,AWP,WE,Federal Contract Tower,0,0,1,0,1,0,0,2,0,2,0,0,3,0,3,0,0,0,3
11/25/2022,OXR,CA,AWP,WE,Federal Contract Tower,0,4,13,0,17,0,0,66,0,66,0,4,79,0,83,140,0,140,223
11/26/2022,OXR,CA,AWP,WE,Federal Contract Tower,0,0,12,0,12,0,0,68,0,68,0,0,80,0,80,142,0,142,222
11/27/2022,OXR,CA,AWP,WE,Federal Contract Tower,0,4,13,0,17,0,2,76,0,78,0,6,89,0,95,122,0,122,217
11/28/2022,OXR,CA,AWP,WE,Federal Contract Tower,0,5,31,0,36,0,5,35,0,40,0,10,66,0,76,86,0,86,162
11/29/2022,OXR,CA,AWP,WE,Federal Contract Tower,0,6,16,0,22,0,8,64,0,72,0,14,80,0,94,112,0,112,206
11/30/2022,OXR,CA,AWP,WE,Federal Contract Tower,0,7,15,0,22,0,6,37,0,43,0,13,52,0,65,154,0,154,219
12/01/2022,OXR,CA,AWP,WE,Federal Contract Tower,0,3,30,0,33,0,9,6,0,15,0,12,36,0,48,40,0,40,88
12/02/2022,OXR,CA,AWP,WE,Federal Contract Tower,0,3,8,0,11,0,0,0,0,0,0,3,8,0,11,4,0,4,15
12/03/2022,OXR,CA,AWP,WE,Federal Contract Tower,0,3,17,0,20,0,1,55,0,56,0,4,72,0,76,212,0,212,288
12/04/2022,OXR,CA,AWP,WE,Federal Contract Tower,0,1,20,1,22,0,0,0,0,0,0,1,20,1,22,0,0,0,22
12/05/2022,OXR,CA,AWP,WE,Federal Contract Tower,0,2,15,0,17,0,25,58,0,83,0,27,73,0,100,174,0,174,274
12/06/2022,OXR,CA,AWP,WE,Federal Contract Tower,0,2,8,0,10,0,13,51,0,64,0,15,59,0,74,124,0,124,198
12/07/2022,OXR,CA,AWP,WE,Federal Contract Tower,0,4,11,0,15,0,23,67,0,90,0,27,78,0,105,212,0,212,317
12/08/2022,OXR,CA,AWP,WE,Federal Contract Tower,0,5,18,0,23,0,21,95,0,116,0,26,113,0,139,256,0,256,395
12/09/2022,OXR,CA,AWP,WE,Federal Contract Tower,0,4,24,0,28,0,17,81,0,98,0,21,105,0,126,200,0,200,326
12/10/2022,OXR,CA,AWP,WE,Federal Contract Tower,0,2,10,0,12,0,1,27,0,28,0,3,37,0,40,164,0,164,204
12/11/2022,OXR,CA,AWP,WE,Federal Contract Tower,0,0,11,0,11,0,4,5,0,9,0,4,16,0,20,10,0,10,30
12/12/2022,OXR,CA,AWP,WE,Federal Contract Tower,0,2,6,0,8,0,8,34,0,42,0,10,40,0,50,166,0,166,216
12/13/2022,OXR,CA,AWP,WE,Federal Contract Tower,0,3,8,0,11,7,85,0,0,92,7,88,8,0,103,165,0,165,268
12/14/2022,OXR,CA,AWP,WE,Federal Contract Tower,0,4,8,0,12,0,26,65,0,91,0,30,73,0,103,136,0,136,239
12/15/2022,OXR,CA,AWP,WE,Federal Contract Tower,0,2,23,0,25,0,3,91,0,94,0,5,114,0,119,180,0,180,299
12/16/2022,OXR,CA,AWP,WE,Federal Contract Tower,0,4,3,0,7,0,8,55,0,63,0,12,58,0,70,92,0,92,162
12/17/2022,OXR,CA,AWP,WE,Federal Contract Tower,0,1,8,0,9,0,8,68,0,76,0,9,76,0,85,234,0,234,319
12/18/2022,OXR,CA,AWP,WE,Federal Contract Tower,0,0,12,0,12,0,2,89,0,91,0,2,101,0,103,224,0,224,327
12/19/2022,OXR,CA,AWP,WE,Federal Contract Tower,0,2,13,0,15,0,5,48,0,53,0,7,61,0,68,104,0,104,172
12/20/2022,OXR,CA,AWP,WE,Federal Contract Tower,0,4,5,0,9,0,11,97,0,108,0,15,102,0,117,156,0,156,273
12/21/2022,OXR,CA,AWP,WE,Federal Contract Tower,0,4,25,0,29,0,6,80,0,86,0,10,105,0,115,158,0,158,273
12/22/2022,OXR,CA,AWP,WE,Federal Contract Tower,0,6,9,2,17,0,1,79,0,80,0,7,88,2,97,116,0,116,213
12/23/2022,OXR,CA,AWP,WE,Federal Contract Tower,0,3,11,2,16,0,4,56,0,60,0,7,67,2,76,158,0,158,234
12/24/2022,OXR,CA,AWP,WE,Federal Contract Tower,0,1,8,0,9,0,1,38,0,39,0,2,46,0,48,28,0,28,76
12/25/2022,OXR,CA,AWP,WE,Federal Contract Tower,0,0,7,0,7,0,0,11,0,11,0,0,18,0,18,6,0,6,24
12/26/2022,OXR,CA,AWP,WE,Federal Contract Tower,0,2,9,0,11,0,6,76,0,82,0,8,85,0,93,104,0,104,197
12/27/2022,OXR,CA,AWP,WE,Federal Contract Tower,0,4,20,0,24,0,2,12,0,14,0,6,32,0,38,50,0,50,88
12/28/2022,OXR,CA,AWP,WE,Federal Contract Tower,0,2,13,0,15,0,4,41,0,45,0,6,54,0,60,110,0,110,170
12/29/2022,OXR,CA,AWP,WE,Federal Contract Tower,0,9,18,0,27,0,5,16,0,21,0,14,34,0,48,52,0,52,100
12/30/2022,OXR,CA,AWP,WE,Federal Contract Tower,0,15,14,0,29,0,4,4,0,8,0,19,18,0,37,12,0,12,49
12/31/2022,OXR,CA,AWP,WE,Federal Contract Tower,0,0,4,0,4,0,0,0,0,0,0,0,4,0,4,0,0,0,4
01/01/2023,OXR,CA,AWP,WE,Federal Contract Tower,0,4,7,0,11,0,0,2,0,2,0,4,9,0,13,0,0,0,13
01/02/2023,OXR,CA,AWP,WE,Federal Contract Tower,0,0,16,0,16,0,4,71,0,75,0,4,87,0,91,206,0,206,297
01/03/2023,OXR,CA,AWP,WE,Federal Contract Tower,0,0,21,0,21,0,11,8,0,19,0,11,29,0,40,72,0,72,112
01/04/2023,OXR,CA,AWP,WE,Federal Contract Tower,0,3,9,0,12,0,3,0,0,3,0,6,9,0,15,0,0,0,15
01/05/2023,OXR,CA,AWP,WE,Federal Contract Tower,0,5,5,0,10,0,15,4,2,21,0,20,9,2,31,36,12,48,79
01/06/2023,OXR,CA,AWP,WE,Federal Contract Tower,0,2,15,0,17,0,14,95,0,109,0,16,110,0,126,228,0,228,354
01/07/2023,OXR,CA,AWP,WE,Federal Contract Tower,0,4,21,0,25,0,13,94,0,107,0,17,115,0,132,288,0,288,420
01/08/2023,OXR,CA,AWP,WE,Federal Contract Tower,0,10,9,0,19,0,4,32,0,36,0,14,41,0,55,166,0,166,221
01/09/2023,OXR,CA,AWP,WE,Federal Contract Tower,0,14,0,4,18,0,0,0,0,0,0,14,0,4,18,0,0,0,18
01/10/2023,OXR,CA,AWP,WE,Federal Contract Tower,0,9,4,0,13,0,9,8,0,17,0,18,12,0,30,0,0,0,30
01/11/2023,OXR,CA,AWP,WE,Federal Contract Tower,0,3,13,2,18,0,11,54,0,65,0,14,67,2,83,104,0,104,187
01/12/2023,OXR,CA,AWP,WE,Federal Contract Tower,0,3,5,0,8,0,15,41,0,56,0,18,46,0,64,66,0,66,130
01/13/2023,OXR,CA,AWP,WE,Federal Contract Tower,0,9,11,0,20,0,27,90,0,117,0,36,101,0,137,278,0,278,415
01/14/2023,OXR,CA,AWP,WE,Federal Contract Tower,0,4,9,0,13,0,0,0,0,0,0,4,9,0,13,0,0,0,13
01/15/2023,OXR,CA,AWP,WE,Federal Contract Tower,0,0,16,0,16,0,4,25,0,29,0,4,41,0,45,2,154,156,201
01/16/2023,OXR,CA,AWP,WE,Federal Contract Tower,0,2,10,0,12,0,2,6,0,8,0,4,16,0,20,6,0,6,26
01/17/2023,OXR,CA,AWP,WE,Federal Contract Tower,0,7,7,0,14,0,21,81,0,102,0,28,88,0,116,130,0,130,246
01/18/2023,OXR,CA,AWP,WE,Federal Contract Tower,0,3,21,0,24,0,24,115,0,139,0,27,136,0,163,164,0,164,327
01/19/2023,OXR,CA,AWP,WE,Federal Contract Tower,0,4,13,0,17,0,29,32,0,61,0,33,45,0,78,102,0,102,180
01/20/2023,OXR,CA,AWP,WE,Federal Contract Tower,0,2,14,0,16,0,8,72,0,80,0,10,86,0,96,188,0,188,284
01/21/2023,OXR,CA,AWP,WE,Federal Contract Tower,0,0,13,0,13,0,4,82,0,86,0,4,95,0,99,162,0,162,261
01/22/2023,OXR,CA,AWP,WE,Federal Contract Tower,0,0,18,2,20,0,4,66,0,70,0,4,84,2,90,246,0,246,336
01/23/2023,OXR,CA,AWP,WE,Federal Contract Tower,0,5,5,0,10,0,10,57,0,67,0,15,62,0,77,80,0,80,157
01/24/2023,OXR,CA,AWP,WE,Federal Contract Tower,0,2,15,0,17,0,25,65,0,90,0,27,80,0,107,120,0,120,227
01/25/2023,OXR,CA,AWP,WE,Federal Contract Tower,2,8,0,0,10,0,6,58,0,64,2,14,58,0,74,66,0,66,140
01/26/2023,OXR,CA,AWP,WE,Federal Contract Tower,0,5,12,0,17,0,10,7,0,17,0,15,19,0,34,0,0,0,34
01/27/2023,OXR,CA,AWP,WE,Federal Contract Tower,0,3,12,0,15,0,12,96,0,108,0,15,108,0,123,264,0,264,387
01/28/2023,OXR,CA,AWP,WE,Federal Contract Tower,0,0,13,0,13,0,9,104,0,113,0,9,117,0,126,274,0,274,400
01/29/2023,OXR,CA,AWP,WE,Federal Contract Tower,0,2,25,0,27,0,6,23,0,29,0,8,48,0,56,182,0,182,238
01/31/2023,OXR,CA,AWP,WE,Federal Contract Tower,0,2,6,0,8,0,11,20,0,31,0,13,26,0,39,12,0,12,51
02/01/2023,OXR,CA,AWP,WE,Federal Contract Tower,0,2,8,0,10,0,23,79,0,102,0,25,87,0,112,164,0,164,276
02/02/2023,OXR,CA,AWP,WE,Federal Contract Tower,0,2,5,0,7,0,8,90,0,98,0,10,95,0,105,232,0,232,337
02/03/2023,OXR,CA,AWP,WE,Federal Contract Tower,0,2,9,2,13,0,17,84,0,101,0,19,93,2,114,306,0,306,420
02/04/2023,OXR,CA,AWP,WE,Federal Contract Tower,0,4,9,0,13,0,9,118,0,127,0,13,127,0,140,292,0,292,432
02/05/2023,OXR,CA,AWP,WE,Federal Contract Tower,0,5,1,0,6,0,2,25,0,27,0,7,26,0,33,86,0,86,119
02/06/2023,OXR,CA,AWP,WE,Federal Contract Tower,0,4,13,0,17,0,21,74,0,95,0,25,87,0,112,154,0,154,266
02/07/2023,OXR,CA,AWP,WE,Federal Contract Tower,0,2,13,0,15,0,19,84,0,103,0,21,97,0,118,180,0,180,298
02/08/2023,OXR,CA,AWP,WE,Federal Contract Tower,0,2,8,0,10,0,9,88,0,97,0,11,96,0,107,232,0,232,339
02/09/2023,OXR,CA,AWP,WE,Federal Contract Tower,0,2,9,2,13,0,43,34,0,77,0,45,43,2,90,84,0,84,174
02/10/2023,OXR,CA,AWP,WE,Federal Contract Tower,0,2,15,0,17,0,6,69,0,75,0,8,84,0,92,254,0,254,346
02/11/2023,OXR,CA,AWP,WE,Federal Contract Tower,0,2,10,0,12,0,2,44,0,46,0,4,54,0,58,162,0,162,220
02/12/2023,OXR,CA,AWP,WE,Federal Contract Tower,0,2,13,0,15,0,4,92,0,96,0,6,105,0,111,242,0,242,353
02/13/2023,OXR,CA,AWP,WE,Federal Contract Tower,0,2,11,0,13,0,0,54,0,54,0,2,65,0,67,172,0,172,239
02/14/2023,OXR,CA,AWP,WE,Federal Contract Tower,0,10,5,0,15,0,0,29,0,29,0,10,34,0,44,34,0,34,78
02/15/2023,OXR,CA,AWP,WE,Federal Contract Tower,0,2,9,0,11,0,8,78,0,86,0,10,87,0,97,200,0,200,297
02/16/2023,OXR,CA,AWP,WE,Federal Contract Tower,0,2,18,0,20,0,4,33,0,37,0,6,51,0,57,50,0,50,107
02/17/2023,OXR,CA,AWP,WE,Federal Contract Tower,0,2,18,0,20,0,2,39,0,41,0,4,57,0,61,50,0,50,111
02/18/2023,OXR,CA,AWP,WE,Federal Contract Tower,0,5,11,0,16,0,2,87,0,89,0,7,98,0,105,234,0,234,339
02/19/2023,OXR,CA,AWP,WE,Federal Contract Tower,2,11,0,0,13,0,8,84,0,92,2,19,84,0,105,242,0,242,347
02/20/2023,OXR,CA,AWP,WE,Federal Contract Tower,0,2,18,0,20,0,14,92,0,106,0,16,110,0,126,232,0,232,358
02/21/2023,OXR,CA,AWP,WE,Federal Contract Tower,0,6,26,0,32,0,16,42,0,58,0,22,68,0,90,156,0,156,246
02/22/2023,OXR,CA,AWP,WE,Federal Contract Tower,0,0,4,0,4,0,0,7,4,11,0,0,11,4,15,6,6,12,27
02/23/2023,OXR,CA,AWP,WE,Federal Contract Tower,0,4,11,0,15,0,14,12,0,26,0,18,23,0,41,0,0,0,41
02/24/2023,OXR,CA,AWP,WE,Federal Contract Tower,0,2,0,0,2,0,0,0,0,0,0,2,0,0,2,0,0,0,2
02/25/2023,OXR,CA,AWP,WE,Federal Contract Tower,0,1,7,0,8,0,0,0,0,0,0,1,7,0,8,0,0,0,8
02/26/2023,OXR,CA,AWP,WE,Federal Contract Tower,0,1,18,0,19,0,5,87,0,92,0,6,105,0,111,240,0,240,351
02/27/2023,OXR,CA,AWP,WE,Federal Contract Tower,0,6,15,0,21,0,2,5,0,7,0,8,20,0,28,18,0,18,46
02/28/2023,OXR,CA,AWP,WE,Federal Contract Tower,0,3,7,0,10,0,7,46,0,53,0,10,53,0,63,130,0,130,193
03/01/2023,OXR,CA,AWP,WE,Federal Contract Tower,0,4,4,0,8,0,1,9,0,10,0,5,13,0,18,42,0,42,60
03/02/2023,OXR,CA,AWP,WE,Federal Contract Tower,0,6,8,0,14,0,32,121,0,153,0,38,129,0,167,288,0,288,455
03/03/2023,OXR,CA,AWP,WE,Federal Contract Tower,0,6,19,0,25,0,20,113,0,133,0,26,132,0,158,224,0,224,382
03/04/2023,OXR,CA,AWP,WE,Federal Contract Tower,0,0,23,0,23,0,1,25,0,26,0,1,48,0,49,98,0,98,147
03/05/2023,OXR,CA,AWP,WE,Federal Contract Tower,0,3,21,0,24,0,4,35,0,39,0,7,56,0,63,164,0,164,227
03/06/2023,OXR,CA,AWP,WE,Federal Contract Tower,0,7,11,0,18,0,12,72,0,84,0,19,83,0,102,144,0,144,246
03/07/2023,OXR,CA,AWP,WE,Federal Contract Tower,0,4,20,0,24,0,14,89,0,103,0,18,109,0,127,194,0,194,321
03/08/2023,OXR,CA,AWP,WE,Federal Contract Tower,0,3,18,0,21,0,16,95,0,111,0,19,113,0,132,164,0,164,296
03/09/2023,OXR,CA,AWP,WE,Federal Contract Tower,0,2,13,0,15,0,36,84,0,120,0,38,97,0,135,186,0,186,321
03/10/2023,OXR,CA,AWP,WE,Federal Contract Tower,0,6,4,0,10,0,0,0,0,0,0,6,4,0,10,0,0,0,10
03/11/2023,OXR,CA,AWP,WE,Federal Contract Tower,0,0,41,0,41,0,0,0,1,1,0,0,41,1,42,0,0,0,42
03/12/2023,OXR,CA,AWP,WE,Federal Contract Tower,0,3,41,0,44,0,2,29,0,31,0,5,70,0,75,30,0,30,105
03/13/2023,OXR,CA,AWP,WE,Federal Contract Tower,0,12,25,0,37,0,0,5,0,5,0,12,30,0,42,18,0,18,60
03/14/2023,OXR,CA,AWP,WE,Federal Contract Tower,0,2,2,0,4,0,0,0,0,0,0,2,2,0,4,0,0,0,4
03/15/2023,OXR,CA,AWP,WE,Federal Contract Tower,0,7,32,0,39,0,9,7,0,16,0,16,39,0,55,22,0,22,77
03/16/2023,OXR,CA,AWP,WE,Federal Contract Tower,0,4,26,0,30,0,13,58,0,71,0,17,84,0,101,280,0,280,381
03/17/2023,OXR,CA,AWP,WE,Federal Contract Tower,0,3,8,0,11,0,38,60,0,98,0,41,68,0,109,220,0,220,329
03/18/2023,OXR,CA,AWP,WE,Federal Contract Tower,0,1,9,0,10,0,12,59,0,71,0,13,68,0,81,62,0,62,143
03/19/2023,OXR,CA,AWP,WE,Federal Contract Tower,0,1,14,0,15,0,4,10,0,14,0,5,24,0,29,16,0,16,45
03/20/2023,OXR,CA,AWP,WE,Federal Contract Tower,0,4,26,0,30,0,98,12,0,110,0,102,38,0,140,36,0,36,176
03/21/2023,OXR,CA,AWP,WE,Federal Contract Tower,0,2,3,0,5,0,2,0,0,2,0,4,3,0,7,0,0,0,7
03/22/2023,OXR,CA,AWP,WE,Federal Contract Tower,0,3,16,0,19,0,3,3,0,6,0,6,19,0,25,52,0,52,77
03/23/2023,OXR,CA,AWP,WE,Federal Contract Tower,0,14,24,0,38,0,23,53,0,76,0,37,77,0,114,148,0,148,262
03/24/2023,OXR,CA,AWP,WE,Federal Contract Tower,0,5,6,0,11,0,24,130,0,154,0,29,136,0,165,372,0,372,537
03/25/2023,OXR,CA,AWP,WE,Federal Contract Tower,0,2,25,0,27,0,20,151,0,171,0,22,176,0,198,260,0,260,458
03/26/2023,OXR,CA,AWP,WE,Federal Contract Tower,0,6,14,0,20,0,7,93,0,100,0,13,107,0,120,344,0,344,464
03/27/2023,OXR,CA,AWP,WE,Federal Contract Tower,0,4,7,0,11,0,12,23,0,35,0,16,30,0,46,48,0,48,94
03/28/2023,OXR,CA,AWP,WE,Federal Contract Tower,0,5,11,0,16,0,20,63,0,83,0,25,74,0,99,168,0,168,267
03/29/2023,OXR,CA,AWP,WE,Federal Contract Tower,0,7,13,0,20,0,15,27,0,42,0,22,40,0,62,66,0,66,128
03/30/2023,OXR,CA,AWP,WE,Federal Contract Tower,0,2,10,0,12,0,11,49,0,60,0,13,59,0,72,146,0,146,218
03/31/2023,OXR,CA,AWP,WE,Federal Contract Tower,0,6,20,0,26,0,16,115,0,131,0,22,135,0,157,334,0,334,491
04/01/2023,OXR,CA,AWP,WE,Federal Contract Tower,0,3,6,0,9,0,11,122,0,133,0,14,128,0,142,322,0,322,464
04/02/2023,OXR,CA,AWP,WE,Federal Contract Tower,0,3,18,0,21,0,10,79,0,89,0,13,97,0,110,266,0,266,376
04/03/2023,OXR,CA,AWP,WE,Federal Contract Tower,0,3,11,0,14,0,9,26,0,35,0,12,37,0,49,30,0,30,79
04/04/2023,OXR,CA,AWP,WE,Federal Contract Tower,0,7,11,0,18,0,22,85,0,107,0,29,96,0,125,172,0,172,297
04/05/2023,OXR,CA,AWP,WE,Federal Contract Tower,0,2,9,0,11,0,10,74,0,84,0,12,83,0,95,154,0,154,249
04/06/2023,OXR,CA,AWP,WE,Federal Contract Tower,0,2,11,0,13,0,19,90,0,109,0,21,101,0,122,198,0,198,320
04/07/2023,OXR,CA,AWP,WE,Federal Contract Tower,0,2,14,0,16,0,14,101,0,115,0,16,115,0,131,332,0,332,463
04/08/2023,OXR,CA,AWP,WE,Federal Contract Tower,0,1,31,0,32,0,1,38,0,39,0,2,69,0,71,46,0,46,117
04/09/2023,OXR,CA,AWP,WE,Federal Contract Tower,0,4,6,0,10,0,3,25,0,28,0,7,31,0,38,26,0,26,64
04/10/2023,OXR,CA,AWP,WE,Federal Contract Tower,0,12,23,0,35,0,4,12,0,16,0,16,35,0,51,6,0,6,57
04/11/2023,OXR,CA,AWP,WE,Federal Contract Tower,0,13,28,0,41,0,2,2,0,4,0,15,30,0,45,0,0,0,45
04/12/2023,OXR,CA,AWP,WE,Federal Contract Tower,0,10,59,0,69,0,0,3,0,3,0,10,62,0,72,22,0,22,94
04/13/2023,OXR,CA,AWP,WE,Federal Contract Tower,0,4,32,0,36,0,19,40,12,71,0,23,72,12,107,126,0,126,233
04/14/2023,OXR,CA,AWP,WE,Federal Contract Tower,0,6,19,0,25,0,20,76,0,96,0,26,95,0,121,258,0,258,379
04/15/2023,OXR,CA,AWP,WE,Federal Contract Tower,0,0,12,0,12,0,8,105,0,113,0,8,117,0,125,284,0,284,409
04/16/2023,OXR,CA,AWP,WE,Federal Contract Tower,0,6,15,0,21,0,6,50,0,56,0,12,65,0,77,178,0,178,255
04/17/2023,OXR,CA,AWP,WE,Federal Contract Tower,0,8,63,0,71,0,8,25,0,33,0,16,88,0,104,52,0,52,156
04/18/2023,OXR,CA,AWP,WE,Federal Contract Tower,0,4,24,1,29,0,35,60,1,96,0,39,84,2,125,162,0,162,287
04/19/2023,OXR,CA,AWP,WE,Federal Contract Tower,0,3,5,0,8,0,35,88,0,123,0,38,93,0,131,164,0,164,295
04/20/2023,OXR,CA,AWP,WE,Federal Contract Tower,0,3,16,0,19,0,19,86,6,111,0,22,102,6,130,200,0,200,330
04/21/2023,OXR,CA,AWP,WE,Federal Contract Tower,0,4,14,0,18,0,12,120,0,132,0,16,134,0,150,280,0,280,430
04/22/2023,OXR,CA,AWP,WE,Federal Contract Tower,0,0,14,0,14,0,1,80,0,81,0,1,94,0,95,212,0,212,307
04/23/2023,OXR,CA,AWP,WE,Federal Contract Tower,0,2,31,0,33,0,7,69,0,76,0,9,100,0,109,216,0,216,325
04/24/2023,OXR,CA,AWP,WE,Federal Contract Tower,0,12,17,0,29,0,14,30,0,44,0,26,47,0,73,132,0,132,205
04/25/2023,OXR,CA,AWP,WE,Federal Contract Tower,0,11,23,0,34,0,13,42,0,55,0,24,65,0,89,42,0,42,131
04/26/2023,OXR,CA,AWP,WE,Federal Contract Tower,0,12,28,0,40,0,0,0,0,0,0,12,28,0,40,0,0,0,40
04/27/2023,OXR,CA,AWP,WE,Federal Contract Tower,0,7,35,0,42,0,0,11,0,11,0,7,46,0,53,2,0,2,55
04/28/2023,OXR,CA,AWP,WE,Federal Contract Tower,0,3,44,4,51,0,0,0,0,0,0,3,44,4,51,0,0,0,51
04/29/2023,OXR,CA,AWP,WE,Federal Contract Tower,0,6,30,0,36,0,0,0,0,0,0,6,30,0,36,0,0,0,36
04/30/2023,OXR,CA,AWP,WE,Federal Contract Tower,0,6,29,0,35,0,0,4,0,4,0,6,33,0,39,14,0,14,53
05/01/2023,OXR,CA,AWP,WE,Federal Contract Tower,0,10,13,0,23,0,10,57,0,67,0,20,70,0,90,190,0,190,280
05/02/2023,OXR,CA,AWP,WE,Federal Contract Tower,0,2,13,0,15,0,12,75,0,87,0,14,88,0,102,152,0,152,254
05/03/2023,OXR,CA,AWP,WE,Federal Contract Tower,0,5,7,0,12,0,18,37,0,55,0,23,44,0,67,98,0,98,165
05/04/2023,OXR,CA,AWP,WE,Federal Contract Tower,0,4,18,0,22,0,5,44,0,49,0,9,62,0,71,156,0,156,227
05/05/2023,OXR,CA,AWP,WE,Federal Contract Tower,0,5,27,0,32,0,10,75,0,85,0,15,102,0,117,258,0,258,375
05/06/2023,OXR,CA,AWP,WE,Federal Contract Tower,0,2,13,0,15,0,6,98,0,104,0,8,111,0,119,300,0,300,419
05/07/2023,OXR,CA,AWP,WE,Federal Contract Tower,0,4,23,0,27,0,8,80,0,88,0,12,103,0,115,264,0,264,379
05/08/2023,OXR,CA,AWP,WE,Federal Contract Tower,0,6,10,0,16,0,11,85,0,96,0,17,95,0,112,234,0,234,346
05/09/2023,OXR,CA,AWP,WE,Federal Contract Tower,0,6,39,0,45,0,7,24,0,31,0,13,63,0,76,84,0,84,160
05/10/2023,OXR,CA,AWP,WE,Federal Contract Tower,0,4,10,0,14,0,20,69,2,91,0,24,79,2,105,96,4,100,205
05/11/2023,OXR,CA,AWP,WE,Federal Contract Tower,0,6,14,0,20,0,16,93,0,109,0,22,107,0,129,74,0,74,203
05/12/2023,OXR,CA,AWP,WE,Federal Contract Tower,0,2,15,0,17,0,10,68,0,78,0,12,83,0,95,158,0,158,253
05/13/2023,OXR,CA,AWP,WE,Federal Contract Tower,0,6,35,0,41,0,0,0,0,0,0,6,35,0,41,0,0,0,41
05/14/2023,OXR,CA,AWP,WE,Federal Contract Tower,0,4,19,0,23,0,2,16,0,18,0,6,35,0,41,34,0,34,75
05/15/2023,OXR,CA,AWP,WE,Federal Contract Tower,0,5,40,0,45,0,1,3,0,4,0,6,43,0,49,0,0,0,49
05/16/2023,OXR,CA,AWP,WE,Federal Contract Tower,0,11,18,0,29,0,5,5,0,10,0,16,23,0,39,40,0,40,79
05/17/2023,OXR,CA,AWP,WE,Federal Contract Tower,0,9,37,0,46,0,0,0,0,0,0,9,37,0,46,0,0,0,46
05/18/2023,OXR,CA,AWP,WE,Federal Contract Tower,0,8,44,0,52,0,0,0,0,0,0,8,44,0,52,0,0,0,52
05/19/2023,OXR,CA,AWP,WE,Federal Contract Tower,0,7,41,0,48,0,1,6,0,7,0,8,47,0,55,16,0,16,71
05/20/2023,OXR,CA,AWP,WE,Federal Contract Tower,0,2,34,2,38,0,2,17,0,19,0,4,51,2,57,2,0,2,59
05/21/2023,OXR,CA,AWP,WE,Federal Contract Tower,0,11,18,0,29,0,0,0,0,0,0,11,18,0,29,8,0,8,37
05/22/2023,OXR,CA,AWP,WE,Federal Contract Tower,0,18,34,0,52,0,1,6,0,7,0,19,40,0,59,10,0,10,69
05/23/2023,OXR,CA,AWP,WE,Federal Contract Tower,0,10,40,0,50,0,3,3,0,6,0,13,43,0,56,26,0,26,82
05/24/2023,OXR,CA,AWP,WE,Federal Contract Tower,0,10,31,0,41,0,41,38,0,79,0,51,69,0,120,138,0,138,258
05/25/2023,OXR,CA,AWP,WE,Federal Contract Tower,0,7,35,0,42,0,13,53,0,66,0,20,88,0,108,170,0,170,278
05/26/2023,OXR,CA,AWP,WE,Federal Contract Tower,0,5,16,0,21,0,19,81,0,100,0,24,97,0,121,268,0,268,389
05/27/2023,OXR,CA,AWP,WE,Federal Contract Tower,0,4,14,0,18,0,6,53,0,59,0,10,67,0,77,168,0,168,245
05/28/2023,OXR,CA,AWP,WE,Federal Contract Tower,0,2,22,0,24,0,6,17,0,23,0,8,39,0,47,106,0,106,153
05/29/2023,OXR,CA,AWP,WE,Federal Contract Tower,0,7,18,0,25,0,52,0,0,52,0,59,18,0,77,128,0,128,205
05/30/2023,OXR,CA,AWP,WE,Federal Contract Tower,0,4,23,0,27,0,9,45,0,54,0,13,68,0,81,102,0,102,183
05/31/2023,OXR,CA,AWP,WE,Federal Contract Tower,0,5,32,0,37,0,13,45,0,58,0,18,77,0,95,152,0,152,247
06/01/2023,OXR,CA,AWP,WE,Federal Contract Tower,0,7,26,0,33,0,8,28,0,36,0,15,54,0,69,110,0,110,179
06/02/2023,OXR,CA,AWP,WE,Federal Contract Tower,0,2,21,0,23,0,10,77,0,87,0,12,98,0,110,238,0,238,348
06/03/2023,OXR,CA,AWP,WE,Federal Contract Tower,0,2,15,0,17,0,5,57,0,62,0,7,72,0,79,128,0,128,207
06/04/2023,OXR,CA,AWP,WE,Federal Contract Tower,0,9,38,2,49,0,2,16,0,18,0,11,54,2,67,76,0,76,143
06/05/2023,OXR,CA,AWP,WE,Federal Contract Tower,0,3,36,0,39,0,7,9,0,16,0,10,45,0,55,62,0,62,117
06/06/2023,OXR,CA,AWP,WE,Federal Contract Tower,0,7,23,0,30,0,14,50,0,64,0,21,73,0,94,144,0,144,238
06/07/2023,OXR,CA,AWP,WE,Federal Contract Tower,0,2,19,0,21,0,6,59,0,65,0,8,78,0,86,140,0,140,226
06/08/2023,OXR,CA,AWP,WE,Federal Contract Tower,0,6,31,0,37,0,10,40,0,50,0,16,71,0,87,124,0,124,211
06/09/2023,OXR,CA,AWP,WE,Federal Contract Tower,0,9,29,0,38,0,11,38,0,49,0,20,67,0,87,174,0,174,261
06/10/2023,OXR,CA,AWP,WE,Federal Contract Tower,0,0,31,0,31,0,10,19,0,29,0,10,50,0,60,70,0,70,130
06/11/2023,OXR,CA,AWP,WE,Federal Contract Tower,0,2,28,0,30,0,5,22,0,27,0,7,50,0,57,90,0,90,147
06/12/2023,OXR,CA,AWP,WE,Federal Contract Tower,0,3,26,0,29,0,41,48,0,89,0,44,74,0,118,154,0,154,272
06/13/2023,OXR,CA,AWP,WE,Federal Contract Tower,0,2,27,0,29,0,12,59,0,71,0,14,86,0,100,130,0,130,230
06/14/2023,OXR,CA,AWP,WE,Federal Contract Tower,0,10,48,0,58,0,12,28,0,40,0,22,76,0,98,134,0,134,232
06/15/2023,OXR,CA,AWP,WE,Federal Contract Tower,0,3,18,2,23,0,0,33,0,33,0,3,51,2,56,222,0,222,278
06/16/2023,OXR,CA,AWP,WE,Federal Contract Tower,0,3,43,0,46,0,21,56,0,77,0,24,99,0,123,132,0,132,255
06/17/2023,OXR,CA,AWP,WE,Federal Contract Tower,0,3,21,0,24,0,16,79,0,95,0,19,100,0,119,100,0,100,219
06/18/2023,OXR,CA,AWP,WE,Federal Contract Tower,0,11,27,0,38,0,0,7,0,7,0,11,34,0,45,28,0,28,73
06/19/2023,OXR,CA,AWP,WE,Federal Contract Tower,0,7,29,0,36,0,11,58,0,69,0,18,87,0,105,166,0,166,271
06/20/2023,OXR,CA,AWP,WE,Federal Contract Tower,0,3,11,0,14,0,19,140,0,159,0,22,151,0,173,218,0,218,391
06/21/2023,OXR,CA,AWP,WE,Federal Contract Tower,0,2,14,0,16,0,21,105,0,126,0,23,119,0,142,164,0,164,306
06/22/2023,OXR,CA,AWP,WE,Federal Contract Tower,0,4,27,0,31,0,28,55,0,83,0,32,82,0,114,200,0,200,314
06/23/2023,OXR,CA,AWP,WE,Federal Contract Tower,0,7,14,0,21,0,9,115,0,124,0,16,129,0,145,216,0,216,361
06/24/2023,OXR,CA,AWP,WE,Federal Contract Tower,0,7,12,0,19,0,17,75,0,92,0,24,87,0,111,214,0,214,325
06/25/2023,OXR,CA,AWP,WE,Federal Contract Tower,0,2,11,0,13,0,10,76,0,86,0,12,87,0,99,136,0,136,235
06/26/2023,OXR,CA,AWP,WE,Federal Contract Tower,0,5,17,0,22,0,9,77,0,86,0,14,94,0,108,136,0,136,244
06/27/2023,OXR,CA,AWP,WE,Federal Contract Tower,0,7,17,0,24,0,19,93,0,112,0,26,110,0,136,116,0,116,252
06/28/2023,OXR,CA,AWP,WE,Federal Contract Tower,0,5,29,0,34,0,17,55,0,72,0,22,84,0,106,172,0,172,278
06/29/2023,OXR,CA,AWP,WE,Federal Contract Tower,0,7,25,0,32,0,18,40,0,58,0,25,65,0,90,30,0,30,120
06/30/2023,OXR,CA,AWP,WE,Federal Contract Tower,0,7,29,4,40,0,8,19,0,27,0,15,48,4,67,26,0,26,93
07/01/2023,OXR,CA,AWP,WE,Federal Contract Tower,0,5,37,0,42,0,1,6,0,7,0,6,43,0,49,24,0,24,73
07/02/2023,OXR,CA,AWP,WE,Federal Contract Tower,0,7,19,0,26,0,0,3,0,3,0,7,22,0,29,2,0,2,31
07/03/2023,OXR,CA,AWP,WE,Federal Contract Tower,0,8,27,0,35,0,5,0,0,5,0,13,27,0,40,0,0,0,40
07/04/2023,OXR,CA,AWP,WE,Federal Contract Tower,0,2,4,0,6,0,1,6,0,7,0,3,10,0,13,0,0,0,13
07/05/2023,OXR,CA,AWP,WE,Federal Contract Tower,0,8,11,0,19,0,13,39,0,52,0,21,50,0,71,36,0,36,107
07/06/2023,OXR,CA,AWP,WE,Federal Contract Tower,0,2,15,0,17,0,9,58,0,67,0,11,73,0,84,152,0,152,236
07/07/2023,OXR,CA,AWP,WE,Federal Contract Tower,0,7,29,0,36,0,5,45,0,50,0,12,74,0,86,164,0,164,250
07/08/2023,OXR,CA,AWP,WE,Federal Contract Tower,0,1,19,0,20,0,6,60,0,66,0,7,79,0,86,256,0,256,342
07/09/2023,OXR,CA,AWP,WE,Federal Contract Tower,0,4,19,0,23,0,4,39,0,43,0,8,58,0,66,122,0,122,188
07/10/2023,OXR,CA,AWP,WE,Federal Contract Tower,0,7,11,0,18,0,32,61,0,93,0,39,72,0,111,148,0,148,259
07/11/2023,OXR,CA,AWP,WE,Federal Contract Tower,0,2,17,0,19,0,7,42,0,49,0,9,59,0,68,42,0,42,110
07/12/2023,OXR,CA,AWP,WE,Federal Contract Tower,0,9,6,0,15,0,10,74,0,84,0,19,80,0,99,228,0,228,327
07/13/2023,OXR,CA,AWP,WE,Federal Contract Tower,0,5,11,0,16,0,4,83,0,87,0,9,94,0,103,194,0,194,297
07/14/2023,OXR,CA,AWP,WE,Federal Contract Tower,0,6,10,2,18,0,6,93,0,99,0,12,103,2,117,242,0,242,359
07/15/2023,OXR,CA,AWP,WE,Federal Contract Tower,0,2,28,0,30,0,20,47,0,67,0,22,75,0,97,94,0,94,191
07/16/2023,OXR,CA,AWP,WE,Federal Contract Tower,0,12,13,0,25,0,3,73,0,76,0,15,86,0,101,120,0,120,221
07/17/2023,OXR,CA,AWP,WE,Federal Contract Tower,0,4,7,1,12,0,17,57,21,95,0,21,64,22,107,158,0,158,265
07/18/2023,OXR,CA,AWP,WE,Federal Contract Tower,0,6,9,0,15,0,15,72,11,98,0,21,81,11,113,98,0,98,211
07/19/2023,OXR,CA,AWP,WE,Federal Contract Tower,0,7,10,5,22,0,42,71,0,113,0,49,81,5,135,110,0,110,245
07/20/2023,OXR,CA,AWP,WE,Federal Contract Tower,0,4,18,0,22,0,6,92,2,100,0,10,110,2,122,168,0,168,290
07/21/2023,OXR,CA,AWP,WE,Federal Contract Tower,0,11,8,1,20,0,11,50,0,61,0,22,58,1,81,136,0,136,217
07/22/2023,OXR,CA,AWP,WE,Federal Contract Tower,0,3,22,0,25,0,3,63,0,66,0,6,85,0,91,86,0,86,177
07/23/2023,OXR,CA,AWP,WE,Federal Contract Tower,0,6,19,0,25,0,7,43,0,50,0,13,62,0,75,98,0,98,173
07/24/2023,OXR,CA,AWP,WE,Federal Contract Tower,0,8,16,0,24,0,2,27,0,29,0,10,43,0,53,48,0,48,101
07/25/2023,OXR,CA,AWP,WE,Federal Contract Tower,0,2,15,0,17,0,13,49,0,62,0,15,64,0,79,110,0,110,189
07/26/2023,OXR,CA,AWP,WE,Federal Contract Tower,0,4,13,0,17,0,22,101,0,123,0,26,114,0,140,186,0,186,326
07/27/2023,OXR,CA,AWP,WE,Federal Contract Tower,0,2,11,0,13,0,10,76,0,86,0,12,87,0,99,216,0,216,315
07/28/2023,OXR,CA,AWP,WE,Federal Contract Tower,0,11,24,0,35,0,3,60,0,63,0,14,84,0,98,70,0,70,168
07/29/2023,OXR,CA,AWP,WE,Federal Contract Tower,0,0,14,0,14,0,2,55,0,57,0,2,69,0,71,50,0,50,121
07/30/2023,OXR,CA,AWP,WE,Federal Contract Tower,0,4,35,0,39,0,2,29,0,31,0,6,64,0,70,46,0,46,116
07/31/2023,OXR,CA,AWP,WE,Federal Contract Tower,0,4,16,0,20,0,15,40,0,55,0,19,56,0,75,82,0,82,157
08/01/2023,OXR,CA,AWP,WE,Federal Contract Tower,0,3,5,0,8,0,10,72,0,82,0,13,77,0,90,116,0,116,206
08/02/2023,OXR,CA,AWP,WE,Federal Contract Tower,0,2,10,0,12,0,23,65,0,88,0,25,75,0,100,110,0,110,210
08/03/2023,OXR,CA,AWP,WE,Federal Contract Tower,0,2,18,0,20,0,19,97,0,116,0,21,115,0,136,264,0,264,400
08/04/2023,OXR,CA,AWP,WE,Federal Contract Tower,0,6,21,0,27,0,2,109,0,111,0,8,130,0,138,208,0,208,346
08/05/2023,OXR,CA,AWP,WE,Federal Contract Tower,0,2,6,0,8,0,3,94,0,97,0,5,100,0,105,230,0,230,335
08/06/2023,OXR,CA,AWP,WE,Federal Contract Tower,0,1,19,0,20,0,3,25,0,28,0,4,44,0,48,2,0,2,50
08/07/2023,OXR,CA,AWP,WE,Federal Contract Tower,0,5,21,0,26,0,7,31,0,38,0,12,52,0,64,34,0,34,98
08/08/2023,OXR,CA,AWP,WE,Federal Contract Tower,0,8,16,0,24,0,8,73,0,81,0,16,89,0,105,188,0,188,293
08/09/2023,OXR,CA,AWP,WE,Federal Contract Tower,0,6,20,0,26,0,0,14,0,14,0,6,34,0,40,26,0,26,66
08/10/2023,OXR,CA,AWP,WE,Federal Contract Tower,0,7,21,0,28,0,5,41,0,46,0,12,62,0,74,154,0,154,228
08/11/2023,OXR,CA,AWP,WE,Federal Contract Tower,0,9,29,0,38,0,5,41,0,46,0,14,70,0,84,98,0,98,182
08/12/2023,OXR,CA,AWP,WE,Federal Contract Tower,0,2,12,0,14,0,10,41,0,51,0,12,53,0,65,62,0,62,127
08/13/2023,OXR,CA,AWP,WE,Federal Contract Tower,0,6,19,0,25,0,2,36,0,38,0,8,55,0,63,80,0,80,143
08/14/2023,OXR,CA,AWP,WE,Federal Contract Tower,0,14,31,0,45,0,1,0,0,1,0,15,31,0,46,4,0,4,50
08/15/2023,OXR,CA,AWP,WE,Federal Contract Tower,0,20,37,1,58,0,3,0,0,3,0,23,37,1,61,0,0,0,61
08/16/2023,OXR,CA,AWP,WE,Federal Contract Tower,0,11,34,1,46,0,1,11,0,12,0,12,45,1,58,8,0,8,66
08/17/2023,OXR,CA,AWP,WE,Federal Contract Tower,0,10,33,0,43,0,2,7,0,9,0,12,40,0,52,30,0,30,82
08/18/2023,OXR,CA,AWP,WE,Federal Contract Tower,0,7,20,1,28,0,12,85,0,97,0,19,105,1,125,186,0,186,311
08/19/2023,OXR,CA,AWP,WE,Federal Contract Tower,0,0,11,0,11,0,18,64,0,82,0,18,75,0,93,142,0,142,235
08/20/2023,OXR,CA,AWP,WE,Federal Contract Tower,0,0,4,0,4,0,8,2,0,10,0,8,6,0,14,0,0,0,14
08/21/2023,OXR,CA,AWP,WE,Federal Contract Tower,0,2,8,0,10,0,6,26,0,32,0,8,34,0,42,66,0,66,108
08/22/2023,OXR,CA,AWP,WE,Federal Contract Tower,0,4,17,0,21,0,19,87,0,106,0,23,104,0,127,186,0,186,313
08/23/2023,OXR,CA,AWP,WE,Federal Contract Tower,0,8,32,1,41,0,3,23,0,26,0,11,55,1,67,10,0,10,77
08/24/2023,OXR,CA,AWP,WE,Federal Contract Tower,0,12,40,0,52,0,3,56,0,59,0,15,96,0,111,154,0,154,265
08/25/2023,OXR,CA,AWP,WE,Federal Contract Tower,0,7,13,0,20,0,10,87,0,97,0,17,100,0,117,220,0,220,337
08/26/2023,OXR,CA,AWP,WE,Federal Contract Tower,0,3,18,0,21,0,8,86,0,94,0,11,104,0,115,214,0,214,329
08/27/2023,OXR,CA,AWP,WE,Federal Contract Tower,0,3,13,0,16,0,1,57,0,58,0,4,70,0,74,178,0,178,252
08/28/2023,OXR,CA,AWP,WE,Federal Contract Tower,0,1,13,0,14,0,10,67,0,77,0,11,80,0,91,170,0,170,261
08/29/2023,OXR,CA,AWP,WE,Federal Contract Tower,0,6,8,0,14,0,27,99,0,126,0,33,107,0,140,146,0,146,286
08/30/2023,OXR,CA,AWP,WE,Federal Contract Tower,0,3,11,0,14,0,19,71,0,90,0,22,82,0,104,122,0,122,226
08/31/2023,OXR,CA,AWP,WE,Federal Contract Tower,0,11,20,0,31,0,9,28,0,37,0,20,48,0,68,38,0,38,106
