01/01/2020,PAH,KY,ASO,CE,Federal Contract Tower,0,1,9,0,10,0,4,32,0,36,0,5,41,0,46,22,0,22,68
01/02/2020,PAH,KY,ASO,CE,Federal Contract Tower,0,9,4,0,13,0,2,15,0,17,0,11,19,0,30,8,0,8,38
01/03/2020,PAH,KY,ASO,CE,Federal Contract Tower,0,6,8,0,14,0,0,0,0,0,0,6,8,0,14,0,0,0,14
01/04/2020,PAH,KY,ASO,CE,Federal Contract Tower,0,4,4,0,8,0,0,6,0,6,0,4,10,0,14,0,0,0,14
01/05/2020,PAH,KY,ASO,CE,Federal Contract Tower,0,8,4,0,12,0,4,49,0,53,0,12,53,0,65,38,0,38,103
01/06/2020,PAH,KY,ASO,CE,Federal Contract Tower,0,8,8,0,16,0,8,50,4,62,0,16,58,4,78,28,8,36,114
01/07/2020,PAH,KY,ASO,CE,Federal Contract Tower,0,6,10,4,20,0,9,38,4,51,0,15,48,8,71,26,0,26,97
01/08/2020,PAH,KY,ASO,CE,Federal Contract Tower,0,6,6,2,14,0,5,45,4,54,0,11,51,6,68,42,2,44,112
01/09/2020,PAH,KY,ASO,CE,Federal Contract Tower,0,8,3,0,11,0,4,22,2,28,0,12,25,2,39,14,2,16,55
01/10/2020,PAH,KY,ASO,CE,Federal Contract Tower,0,5,1,0,6,0,0,2,0,2,0,5,3,0,8,0,0,0,8
01/11/2020,PAH,KY,ASO,CE,Federal Contract Tower,0,1,0,0,1,0,0,0,0,0,0,1,0,0,1,0,0,0,1
01/12/2020,PAH,KY,ASO,CE,Federal Contract Tower,0,9,7,8,24,0,8,21,0,29,0,17,28,8,53,6,0,6,59
01/13/2020,PAH,KY,ASO,CE,Federal Contract Tower,0,6,11,2,19,0,8,41,6,55,0,14,52,8,74,40,6,46,120
01/14/2020,PAH,KY,ASO,CE,Federal Contract Tower,0,7,8,4,19,0,6,16,2,24,0,13,24,6,43,0,4,4,47
01/15/2020,PAH,KY,ASO,CE,Federal Contract Tower,0,12,12,0,24,0,4,22,4,30,0,16,34,4,54,8,2,10,64
01/16/2020,PAH,KY,ASO,CE,Federal Contract Tower,0,10,15,0,25,0,9,60,4,73,0,19,75,4,98,16,0,16,114
01/17/2020,PAH,KY,ASO,CE,Federal Contract Tower,0,10,17,0,27,0,2,0,0,2,0,12,17,0,29,0,0,0,29
01/18/2020,PAH,KY,ASO,CE,Federal Contract Tower,0,5,2,0,7,0,0,1,0,1,0,5,3,0,8,0,0,0,8
01/19/2020,PAH,KY,ASO,CE,Federal Contract Tower,0,4,8,0,12,0,6,44,2,52,0,10,52,2,64,50,0,50,114
01/20/2020,PAH,KY,ASO,CE,Federal Contract Tower,0,13,8,0,21,0,8,33,6,47,0,21,41,6,68,20,6,26,94
01/21/2020,PAH,KY,ASO,CE,Federal Contract Tower,0,6,4,0,10,0,7,38,4,49,0,13,42,4,59,30,2,32,91
01/22/2020,PAH,KY,ASO,CE,Federal Contract Tower,0,8,7,1,16,0,4,39,9,52,0,12,46,10,68,12,4,16,84
01/23/2020,PAH,KY,ASO,CE,Federal Contract Tower,0,7,13,0,20,0,7,14,0,21,0,14,27,0,41,12,0,12,53
01/24/2020,PAH,KY,ASO,CE,Federal Contract Tower,0,13,13,0,26,0,0,0,0,0,0,13,13,0,26,0,0,0,26
01/25/2020,PAH,KY,ASO,CE,Federal Contract Tower,0,5,7,0,12,0,0,2,0,2,0,5,9,0,14,0,0,0,14
01/26/2020,PAH,KY,ASO,CE,Federal Contract Tower,0,6,3,0,9,0,4,38,2,44,0,10,41,2,53,40,0,40,93
01/27/2020,PAH,KY,ASO,CE,Federal Contract Tower,0,9,13,4,26,0,8,33,6,47,0,17,46,10,73,34,2,36,109
01/28/2020,PAH,KY,ASO,CE,Federal Contract Tower,0,6,3,0,9,0,0,0,0,0,0,6,3,0,9,0,0,0,9
01/29/2020,PAH,KY,ASO,CE,Federal Contract Tower,0,6,8,0,14,0,0,0,0,0,0,6,8,0,14,0,0,0,14
01/30/2020,PAH,KY,ASO,CE,Federal Contract Tower,0,6,12,0,18,0,0,0,0,0,0,6,12,0,18,0,0,0,18
01/31/2020,PAH,KY,ASO,CE,Federal Contract Tower,0,6,6,0,12,0,0,0,0,0,0,6,6,0,12,0,0,0,12
02/01/2020,PAH,KY,ASO,ES,Federal Contract Tower,0,4,9,0,13,0,0,17,0,17,0,4,26,0,30,0,0,0,30
02/02/2020,PAH,KY,ASO,ES,Federal Contract Tower,0,8,7,0,15,0,14,40,8,62,0,22,47,8,77,64,4,68,145
02/03/2020,PAH,KY,ASO,ES,Federal Contract Tower,0,6,15,0,21,0,9,38,8,55,0,15,53,8,76,24,2,26,102
02/04/2020,PAH,KY,ASO,ES,Federal Contract Tower,0,6,5,0,11,0,0,0,0,0,0,6,5,0,11,0,0,0,11
02/05/2020,PAH,KY,ASO,ES,Federal Contract Tower,0,7,4,0,11,0,4,2,0,6,0,11,6,0,17,0,0,0,17
02/06/2020,PAH,KY,ASO,ES,Federal Contract Tower,0,6,1,0,7,0,3,6,0,9,0,9,7,0,16,2,0,2,18
02/07/2020,PAH,KY,ASO,ES,Federal Contract Tower,0,6,9,2,17,0,2,17,2,21,0,8,26,4,38,6,0,6,44
02/08/2020,PAH,KY,ASO,ES,Federal Contract Tower,0,3,3,2,8,0,0,29,0,29,0,3,32,2,37,26,0,26,63
02/09/2020,PAH,KY,ASO,ES,Federal Contract Tower,0,4,2,0,6,0,4,39,0,43,0,8,41,0,49,48,0,48,97
02/10/2020,PAH,KY,ASO,ES,Federal Contract Tower,0,9,7,2,18,0,8,17,4,29,0,17,24,6,47,0,0,0,47
02/11/2020,PAH,KY,ASO,ES,Federal Contract Tower,0,13,16,0,29,0,4,30,8,42,0,17,46,8,71,14,8,22,93
02/12/2020,PAH,KY,ASO,ES,Federal Contract Tower,0,10,3,0,13,0,4,11,4,19,0,14,14,4,32,0,8,8,40
02/13/2020,PAH,KY,ASO,ES,Federal Contract Tower,0,3,4,0,7,0,5,17,5,27,0,8,21,5,34,12,2,14,48
02/14/2020,PAH,KY,ASO,ES,Federal Contract Tower,0,6,6,0,12,0,0,20,0,20,0,6,26,0,32,4,0,4,36
02/15/2020,PAH,KY,ASO,ES,Federal Contract Tower,0,4,14,0,18,0,1,30,0,31,0,5,44,0,49,12,0,12,61
02/16/2020,PAH,KY,ASO,ES,Federal Contract Tower,0,6,5,0,11,0,6,51,2,59,0,12,56,2,70,46,0,46,116
02/17/2020,PAH,KY,ASO,ES,Federal Contract Tower,0,8,16,0,24,0,6,47,6,59,0,14,63,6,83,36,4,40,123
02/18/2020,PAH,KY,ASO,ES,Federal Contract Tower,0,7,10,1,18,0,6,21,5,32,0,13,31,6,50,18,8,26,76
02/19/2020,PAH,KY,ASO,ES,Federal Contract Tower,0,8,9,0,17,0,9,40,4,53,0,17,49,4,70,26,0,26,96
02/20/2020,PAH,KY,ASO,ES,Federal Contract Tower,0,5,8,0,13,0,4,22,4,30,0,9,30,4,43,16,0,16,59
02/21/2020,PAH,KY,ASO,ES,Federal Contract Tower,0,9,17,0,26,0,2,39,0,41,0,11,56,0,67,2,0,2,69
02/22/2020,PAH,KY,ASO,ES,Federal Contract Tower,0,7,4,0,11,0,4,35,0,39,0,11,39,0,50,26,0,26,76
02/23/2020,PAH,KY,ASO,ES,Federal Contract Tower,0,4,18,0,22,0,4,38,0,42,0,8,56,0,64,42,0,42,106
02/24/2020,PAH,KY,ASO,ES,Federal Contract Tower,0,6,6,0,12,0,6,0,4,10,0,12,6,4,22,0,0,0,22
02/25/2020,PAH,KY,ASO,ES,Federal Contract Tower,0,10,8,10,28,0,4,1,0,5,0,14,9,10,33,0,0,0,33
02/26/2020,PAH,KY,ASO,ES,Federal Contract Tower,0,13,5,10,28,0,4,16,2,22,0,17,21,12,50,4,2,6,56
02/27/2020,PAH,KY,ASO,ES,Federal Contract Tower,0,6,19,1,26,0,8,35,0,43,0,14,54,1,69,34,0,34,103
02/28/2020,PAH,KY,ASO,ES,Federal Contract Tower,0,8,13,5,26,0,0,17,0,17,0,8,30,5,43,4,0,4,47
02/29/2020,PAH,KY,ASO,ES,Federal Contract Tower,0,7,10,2,19,0,4,32,14,50,0,11,42,16,69,32,0,32,101
03/01/2020,PAH,KY,ASO,ES,Federal Contract Tower,0,6,11,0,17,0,2,42,0,44,0,8,53,0,61,48,0,48,109
03/02/2020,PAH,KY,ASO,ES,Federal Contract Tower,0,5,5,0,10,8,32,4,0,44,8,37,9,0,54,28,2,30,84
03/03/2020,PAH,KY,ASO,ES,Federal Contract Tower,0,8,10,1,19,0,10,35,4,49,0,18,45,5,68,32,0,32,100
03/04/2020,PAH,KY,ASO,ES,Federal Contract Tower,0,6,16,0,22,0,8,33,2,43,0,14,49,2,65,12,0,12,77
03/05/2020,PAH,KY,ASO,ES,Federal Contract Tower,0,6,6,0,12,0,3,26,2,31,0,9,32,2,43,2,0,2,45
03/06/2020,PAH,KY,ASO,ES,Federal Contract Tower,0,6,13,0,19,0,0,16,0,16,0,6,29,0,35,4,0,4,39
03/07/2020,PAH,KY,ASO,ES,Federal Contract Tower,0,2,6,2,10,0,1,30,1,32,0,3,36,3,42,34,4,38,80
03/08/2020,PAH,KY,ASO,ES,Federal Contract Tower,0,6,4,0,10,0,4,36,0,40,0,10,40,0,50,50,0,50,100
03/09/2020,PAH,KY,ASO,ES,Federal Contract Tower,0,8,5,0,13,0,0,13,0,13,0,8,18,0,26,0,0,0,26
03/10/2020,PAH,KY,ASO,ES,Federal Contract Tower,0,8,6,0,14,0,6,28,6,40,0,14,34,6,54,18,4,22,76
03/11/2020,PAH,KY,ASO,ES,Federal Contract Tower,0,7,5,3,15,0,4,25,3,32,0,11,30,6,47,10,4,14,61
03/12/2020,PAH,KY,ASO,ES,Federal Contract Tower,0,8,8,0,16,0,4,13,0,17,0,12,21,0,33,14,0,14,47
03/13/2020,PAH,KY,ASO,ES,Federal Contract Tower,0,7,12,2,21,0,0,30,0,30,0,7,42,2,51,14,0,14,65
03/14/2020,PAH,KY,ASO,ES,Federal Contract Tower,0,6,2,0,8,0,0,0,0,0,0,6,2,0,8,0,0,0,8
03/15/2020,PAH,KY,ASO,ES,Federal Contract Tower,0,7,8,0,15,0,6,33,0,39,0,13,41,0,54,32,0,32,86
03/16/2020,PAH,KY,ASO,ES,Federal Contract Tower,0,8,0,4,12,0,8,34,6,48,0,16,34,10,60,20,8,28,88
03/17/2020,PAH,KY,ASO,ES,Federal Contract Tower,0,8,5,0,13,0,6,30,4,40,0,14,35,4,53,32,2,34,87
03/18/2020,PAH,KY,ASO,ES,Federal Contract Tower,0,10,2,0,12,0,4,13,6,23,0,14,15,6,35,0,8,8,43
03/19/2020,PAH,KY,ASO,ES,Federal Contract Tower,0,5,2,0,7,0,2,11,2,15,0,7,13,2,22,10,0,10,32
03/20/2020,PAH,KY,ASO,ES,Federal Contract Tower,0,8,5,2,15,0,0,8,0,8,0,8,13,2,23,0,0,0,23
03/21/2020,PAH,KY,ASO,ES,Federal Contract Tower,0,1,8,0,9,0,1,25,0,26,0,2,33,0,35,14,0,14,49
03/22/2020,PAH,KY,ASO,ES,Federal Contract Tower,0,0,0,0,0,0,6,28,0,34,0,6,28,0,34,26,0,26,60
03/23/2020,PAH,KY,ASO,ES,Federal Contract Tower,0,6,6,0,12,0,11,33,6,50,0,17,39,6,62,42,4,46,108
03/24/2020,PAH,KY,ASO,ES,Federal Contract Tower,0,7,8,0,15,0,4,7,0,11,0,11,15,0,26,0,0,0,26
03/25/2020,PAH,KY,ASO,ES,Federal Contract Tower,0,6,2,4,12,0,8,19,2,29,0,14,21,6,41,8,4,12,53
03/26/2020,PAH,KY,ASO,ES,Federal Contract Tower,0,7,5,2,14,0,5,23,2,30,0,12,28,4,44,14,0,14,58
03/27/2020,PAH,KY,ASO,ES,Federal Contract Tower,0,6,5,0,11,0,3,5,0,8,0,9,10,0,19,28,0,28,47
03/28/2020,PAH,KY,ASO,ES,Federal Contract Tower,0,6,0,0,6,0,0,2,0,2,0,6,2,0,8,0,0,0,8
03/29/2020,PAH,KY,ASO,ES,Federal Contract Tower,0,4,0,0,4,0,4,40,0,44,0,8,40,0,48,40,0,40,88
03/30/2020,PAH,KY,ASO,ES,Federal Contract Tower,0,5,6,0,11,0,9,40,4,53,0,14,46,4,64,32,4,36,100
04/01/2020,PAH,KY,ASO,ES,Federal Contract Tower,0,6,3,0,9,0,8,35,0,43,0,14,38,0,52,40,0,40,92
04/02/2020,PAH,KY,ASO,ES,Federal Contract Tower,0,8,3,0,11,0,4,20,0,24,0,12,23,0,35,20,0,20,55
04/03/2020,PAH,KY,ASO,ES,Federal Contract Tower,0,8,2,0,10,0,0,13,0,13,0,8,15,0,23,0,0,0,23
04/04/2020,PAH,KY,ASO,ES,Federal Contract Tower,0,6,1,0,7,0,0,17,0,17,0,6,18,0,24,4,0,4,28
04/05/2020,PAH,KY,ASO,ES,Federal Contract Tower,0,4,3,0,7,0,6,26,0,32,0,10,29,0,39,32,0,32,71
04/06/2020,PAH,KY,ASO,ES,Federal Contract Tower,0,6,1,0,7,0,8,36,0,44,0,14,37,0,51,40,0,40,91
04/07/2020,PAH,KY,ASO,ES,Federal Contract Tower,0,6,1,0,7,0,4,28,0,32,0,10,29,0,39,26,0,26,65
04/08/2020,PAH,KY,ASO,ES,Federal Contract Tower,0,4,2,0,6,0,4,29,0,33,0,8,31,0,39,28,0,28,67
04/09/2020,PAH,KY,ASO,ES,Federal Contract Tower,0,6,5,2,13,0,12,29,0,41,0,18,34,2,54,32,0,32,86
04/10/2020,PAH,KY,ASO,ES,Federal Contract Tower,0,6,3,0,9,0,0,13,0,13,0,6,16,0,22,2,0,2,24
04/11/2020,PAH,KY,ASO,ES,Federal Contract Tower,0,4,0,0,4,0,0,12,0,12,0,4,12,0,16,0,0,0,16
04/12/2020,PAH,KY,ASO,ES,Federal Contract Tower,0,4,0,0,4,0,2,22,0,24,0,6,22,0,28,20,0,20,48
04/13/2020,PAH,KY,ASO,ES,Federal Contract Tower,0,6,3,0,9,0,6,27,0,33,0,12,30,0,42,26,0,26,68
04/14/2020,PAH,KY,ASO,ES,Federal Contract Tower,0,8,5,4,17,0,7,23,0,30,0,15,28,4,47,14,6,20,67
04/15/2020,PAH,KY,ASO,ES,Federal Contract Tower,0,6,3,1,10,0,2,19,5,26,0,8,22,6,36,12,0,12,48
04/16/2020,PAH,KY,ASO,ES,Federal Contract Tower,0,6,9,4,19,0,6,16,2,24,0,12,25,6,43,12,4,16,59
04/17/2020,PAH,KY,ASO,ES,Federal Contract Tower,0,6,2,0,8,0,0,0,0,0,0,6,2,0,8,0,0,0,8
04/18/2020,PAH,KY,ASO,ES,Federal Contract Tower,0,4,3,0,7,0,0,17,0,17,0,4,20,0,24,0,0,0,24
04/19/2020,PAH,KY,ASO,ES,Federal Contract Tower,0,4,2,0,6,0,6,28,2,36,0,10,30,2,42,24,0,24,66
04/20/2020,PAH,KY,ASO,ES,Federal Contract Tower,0,6,4,4,14,0,10,30,4,44,0,16,34,8,58,26,4,30,88
04/21/2020,PAH,KY,ASO,ES,Federal Contract Tower,0,6,4,2,12,0,5,24,4,33,0,11,28,6,45,16,2,18,63
04/22/2020,PAH,KY,ASO,ES,Federal Contract Tower,0,6,8,1,15,0,4,28,7,39,0,10,36,8,54,10,6,16,70
04/23/2020,PAH,KY,ASO,ES,Federal Contract Tower,0,6,4,0,10,0,0,4,2,6,0,6,8,2,16,0,0,0,16
04/24/2020,PAH,KY,ASO,ES,Federal Contract Tower,0,6,12,2,20,0,0,19,6,25,0,6,31,8,45,0,0,0,45
04/25/2020,PAH,KY,ASO,ES,Federal Contract Tower,0,3,0,0,3,0,0,0,0,0,0,3,0,0,3,0,0,0,3
04/26/2020,PAH,KY,ASO,ES,Federal Contract Tower,0,5,3,0,8,0,4,14,0,18,0,9,17,0,26,6,0,6,32
04/27/2020,PAH,KY,ASO,ES,Federal Contract Tower,0,7,4,0,11,0,8,12,4,24,0,15,16,4,35,14,0,14,49
04/28/2020,PAH,KY,ASO,ES,Federal Contract Tower,0,6,4,3,13,0,6,12,3,21,0,12,16,6,34,6,0,6,40
04/29/2020,PAH,KY,ASO,ES,Federal Contract Tower,0,7,5,4,16,0,2,2,2,6,0,9,7,6,22,0,2,2,24
04/30/2020,PAH,KY,ASO,ES,Federal Contract Tower,0,4,8,4,16,0,1,8,0,9,0,5,16,4,25,6,8,14,39
05/01/2020,PAH,KY,ASO,ES,Federal Contract Tower,0,4,8,0,12,0,1,36,0,37,0,5,44,0,49,10,0,10,59
05/02/2020,PAH,KY,ASO,ES,Federal Contract Tower,0,2,2,0,4,0,1,17,0,18,0,3,19,0,22,0,0,0,22
05/03/2020,PAH,KY,ASO,ES,Federal Contract Tower,0,3,3,0,6,0,6,25,2,33,0,9,28,2,39,22,2,24,63
05/04/2020,PAH,KY,ASO,ES,Federal Contract Tower,0,7,0,0,7,0,9,17,4,30,0,16,17,4,37,30,0,30,67
05/05/2020,PAH,KY,ASO,ES,Federal Contract Tower,0,4,6,0,10,0,4,13,0,17,0,8,19,0,27,8,0,8,35
05/06/2020,PAH,KY,ASO,ES,Federal Contract Tower,0,8,6,2,16,0,6,18,4,28,0,14,24,6,44,14,8,22,66
05/07/2020,PAH,KY,ASO,ES,Federal Contract Tower,0,4,2,0,6,0,4,19,2,25,0,8,21,2,31,12,2,14,45
05/08/2020,PAH,KY,ASO,ES,Federal Contract Tower,0,6,3,0,9,0,0,0,0,0,0,6,3,0,9,0,0,0,9
05/09/2020,PAH,KY,ASO,ES,Federal Contract Tower,0,2,10,0,12,0,1,25,0,26,0,3,35,0,38,12,0,12,50
05/10/2020,PAH,KY,ASO,ES,Federal Contract Tower,0,2,2,0,4,0,6,16,0,22,0,8,18,0,26,20,0,20,46
05/11/2020,PAH,KY,ASO,ES,Federal Contract Tower,0,3,4,0,7,0,8,19,6,33,0,11,23,6,40,18,4,22,62
05/12/2020,PAH,KY,ASO,ES,Federal Contract Tower,0,5,6,2,13,0,2,15,2,19,0,7,21,4,32,14,8,22,54
05/13/2020,PAH,KY,ASO,ES,Federal Contract Tower,0,8,7,0,15,0,4,3,0,7,0,12,10,0,22,0,0,0,22
05/14/2020,PAH,KY,ASO,ES,Federal Contract Tower,0,4,14,4,22,0,2,12,4,18,0,6,26,8,40,14,8,22,62
05/15/2020,PAH,KY,ASO,ES,Federal Contract Tower,0,6,15,0,21,0,0,0,0,0,0,6,15,0,21,0,0,0,21
05/16/2020,PAH,KY,ASO,ES,Federal Contract Tower,0,4,7,0,11,0,2,1,0,3,0,6,8,0,14,0,0,0,14
05/17/2020,PAH,KY,ASO,ES,Federal Contract Tower,0,3,3,0,6,0,4,24,0,28,0,7,27,0,34,24,0,24,58
05/18/2020,PAH,KY,ASO,ES,Federal Contract Tower,0,8,10,0,18,0,6,24,6,36,0,14,34,6,54,22,4,26,80
05/19/2020,PAH,KY,ASO,ES,Federal Contract Tower,0,5,7,0,12,0,8,17,2,27,0,13,24,2,39,14,2,16,55
05/20/2020,PAH,KY,ASO,ES,Federal Contract Tower,0,4,9,0,13,0,0,2,0,2,0,4,11,0,15,0,0,0,15
05/21/2020,PAH,KY,ASO,ES,Federal Contract Tower,0,4,6,0,10,0,0,10,0,10,0,4,16,0,20,2,0,2,22
05/22/2020,PAH,KY,ASO,ES,Federal Contract Tower,0,5,5,0,10,0,1,15,0,16,0,6,20,0,26,18,0,18,44
05/23/2020,PAH,KY,ASO,ES,Federal Contract Tower,0,2,7,0,9,0,0,24,0,24,0,2,31,0,33,32,0,32,65
05/24/2020,PAH,KY,ASO,ES,Federal Contract Tower,0,2,3,0,5,0,0,11,0,11,0,2,14,0,16,0,0,0,16
05/25/2020,PAH,KY,ASO,ES,Federal Contract Tower,0,2,3,0,5,0,0,7,0,7,0,2,10,0,12,0,0,0,12
05/26/2020,PAH,KY,ASO,ES,Federal Contract Tower,0,6,5,2,13,0,0,11,0,11,0,6,16,2,24,4,0,4,28
05/27/2020,PAH,KY,ASO,ES,Federal Contract Tower,0,6,6,2,14,0,0,0,0,0,0,6,6,2,14,0,0,0,14
05/28/2020,PAH,KY,ASO,ES,Federal Contract Tower,0,4,8,0,12,0,2,9,0,11,0,6,17,0,23,2,0,2,25
05/29/2020,PAH,KY,ASO,ES,Federal Contract Tower,0,7,13,0,20,0,0,9,0,9,0,7,22,0,29,2,0,2,31
05/30/2020,PAH,KY,ASO,ES,Federal Contract Tower,0,2,13,0,15,0,2,16,0,18,0,4,29,0,33,20,0,20,53
05/31/2020,PAH,KY,ASO,ES,Federal Contract Tower,0,2,8,0,10,0,6,45,0,51,0,8,53,0,61,39,0,39,100
06/01/2020,PAH,KY,ASO,ES,Federal Contract Tower,0,4,5,0,9,0,4,36,6,46,0,8,41,6,55,34,8,42,97
06/02/2020,PAH,KY,ASO,ES,Federal Contract Tower,0,6,3,0,9,0,6,34,4,44,0,12,37,4,53,28,0,28,81
06/03/2020,PAH,KY,ASO,ES,Federal Contract Tower,0,7,4,12,23,0,4,31,4,39,0,11,35,16,62,16,4,20,82
06/04/2020,PAH,KY,ASO,ES,Federal Contract Tower,0,5,7,6,18,0,2,9,2,13,0,7,16,8,31,14,4,18,49
06/05/2020,PAH,KY,ASO,ES,Federal Contract Tower,0,6,9,8,23,0,0,24,0,24,0,6,33,8,47,8,0,8,55
06/06/2020,PAH,KY,ASO,ES,Federal Contract Tower,0,2,1,0,3,0,0,24,0,24,0,2,25,0,27,2,0,2,29
06/07/2020,PAH,KY,ASO,ES,Federal Contract Tower,0,2,3,0,5,0,10,38,2,50,0,12,41,2,55,36,0,36,91
06/08/2020,PAH,KY,ASO,ES,Federal Contract Tower,0,4,5,0,9,0,8,34,6,48,0,12,39,6,57,34,6,40,97
06/09/2020,PAH,KY,ASO,ES,Federal Contract Tower,0,3,0,6,9,0,6,14,2,22,0,9,14,8,31,0,2,2,33
06/10/2020,PAH,KY,ASO,ES,Federal Contract Tower,0,3,12,0,15,0,6,16,4,26,0,9,28,4,41,4,8,12,53
06/11/2020,PAH,KY,ASO,ES,Federal Contract Tower,0,3,16,0,19,0,4,33,2,39,0,7,49,2,58,32,2,34,92
06/12/2020,PAH,KY,ASO,ES,Federal Contract Tower,0,6,4,0,10,0,0,19,4,23,0,6,23,4,33,0,0,0,33
06/13/2020,PAH,KY,ASO,ES,Federal Contract Tower,0,2,6,0,8,0,0,28,0,28,0,2,34,0,36,0,0,0,36
06/14/2020,PAH,KY,ASO,ES,Federal Contract Tower,0,2,2,0,4,0,10,33,0,43,0,12,35,0,47,36,0,36,83
06/15/2020,PAH,KY,ASO,ES,Federal Contract Tower,0,4,2,0,6,0,8,21,4,33,0,12,23,4,39,10,8,18,57
06/16/2020,PAH,KY,ASO,ES,Federal Contract Tower,0,3,9,0,12,0,9,20,2,31,0,12,29,2,43,16,2,18,61
06/17/2020,PAH,KY,ASO,ES,Federal Contract Tower,0,4,12,0,16,0,2,22,2,26,0,6,34,2,42,16,4,20,62
06/18/2020,PAH,KY,ASO,ES,Federal Contract Tower,0,8,7,0,15,0,2,14,2,18,0,10,21,2,33,8,0,8,41
06/19/2020,PAH,KY,ASO,ES,Federal Contract Tower,0,4,9,3,16,0,0,16,1,17,0,4,25,4,33,4,6,10,43
06/20/2020,PAH,KY,ASO,ES,Federal Contract Tower,0,3,11,0,14,0,0,23,0,23,0,3,34,0,37,28,0,28,65
06/21/2020,PAH,KY,ASO,ES,Federal Contract Tower,0,2,5,0,7,0,0,5,0,5,0,2,10,0,12,10,0,10,22
06/22/2020,PAH,KY,ASO,ES,Federal Contract Tower,0,4,9,0,13,0,0,8,0,8,0,4,17,0,21,6,0,6,27
06/23/2020,PAH,KY,ASO,ES,Federal Contract Tower,0,5,9,0,14,0,2,17,0,19,0,7,26,0,33,4,0,4,37
06/24/2020,PAH,KY,ASO,ES,Federal Contract Tower,0,6,7,4,17,0,0,18,0,18,0,6,25,4,35,2,6,8,43
06/25/2020,PAH,KY,ASO,ES,Federal Contract Tower,0,4,10,2,16,0,0,22,0,22,0,4,32,2,38,10,0,10,48
06/26/2020,PAH,KY,ASO,ES,Federal Contract Tower,0,6,9,4,19,0,31,0,0,31,0,37,9,4,50,2,0,2,52
06/27/2020,PAH,KY,ASO,ES,Federal Contract Tower,0,2,0,0,2,0,0,9,0,9,0,2,9,0,11,0,0,0,11
06/28/2020,PAH,KY,ASO,ES,Federal Contract Tower,0,0,2,0,2,0,6,27,2,35,0,6,29,2,37,32,0,32,69
06/29/2020,PAH,KY,ASO,ES,Federal Contract Tower,0,4,9,0,13,0,6,27,6,39,0,10,36,6,52,24,8,32,84
07/01/2020,PAH,KY,ASO,ES,Federal Contract Tower,0,5,11,2,18,0,6,23,6,35,0,11,34,8,53,16,10,26,79
07/02/2020,PAH,KY,ASO,ES,Federal Contract Tower,0,6,11,1,18,0,2,13,0,15,0,8,24,1,33,10,0,10,43
07/03/2020,PAH,KY,ASO,ES,Federal Contract Tower,0,10,4,0,14,0,0,30,16,46,0,10,34,16,60,16,0,16,76
07/04/2020,PAH,KY,ASO,ES,Federal Contract Tower,0,4,6,0,10,0,0,22,10,32,0,4,28,10,42,16,0,16,58
07/05/2020,PAH,KY,ASO,ES,Federal Contract Tower,0,3,2,0,5,0,6,31,2,39,0,9,33,2,44,40,0,40,84
07/06/2020,PAH,KY,ASO,ES,Federal Contract Tower,0,6,8,0,14,0,9,36,6,51,0,15,44,6,65,36,10,46,111
07/07/2020,PAH,KY,ASO,ES,Federal Contract Tower,0,6,5,0,11,0,4,46,6,56,0,10,51,6,67,28,4,32,99
07/08/2020,PAH,KY,ASO,ES,Federal Contract Tower,0,7,15,0,22,0,4,42,6,52,0,11,57,6,74,22,2,24,98
07/09/2020,PAH,KY,ASO,ES,Federal Contract Tower,0,7,11,0,18,0,0,35,0,35,0,7,46,0,53,18,0,18,71
07/10/2020,PAH,KY,ASO,ES,Federal Contract Tower,0,9,4,0,13,0,0,21,0,21,0,9,25,0,34,6,0,6,40
07/11/2020,PAH,KY,ASO,ES,Federal Contract Tower,0,4,4,0,8,0,0,43,0,43,0,4,47,0,51,26,0,26,77
07/12/2020,PAH,KY,ASO,ES,Federal Contract Tower,0,4,10,0,14,0,4,38,0,42,0,8,48,0,56,26,0,26,82
07/13/2020,PAH,KY,ASO,ES,Federal Contract Tower,0,6,4,0,10,0,12,46,4,62,0,18,50,4,72,36,2,38,110
07/14/2020,PAH,KY,ASO,ES,Federal Contract Tower,0,6,8,0,14,0,9,39,4,52,0,15,47,4,66,32,0,32,98
07/15/2020,PAH,KY,ASO,ES,Federal Contract Tower,0,7,11,0,18,0,9,29,6,44,0,16,40,6,62,32,4,36,98
07/16/2020,PAH,KY,ASO,ES,Federal Contract Tower,0,7,12,0,19,0,3,26,4,33,0,10,38,4,52,18,4,22,74
07/17/2020,PAH,KY,ASO,ES,Federal Contract Tower,0,6,7,0,13,0,0,5,0,5,0,6,12,0,18,4,0,4,22
07/18/2020,PAH,KY,ASO,ES,Federal Contract Tower,0,4,7,0,11,0,3,12,0,15,0,7,19,0,26,10,0,10,36
07/19/2020,PAH,KY,ASO,ES,Federal Contract Tower,0,5,4,0,9,0,6,34,0,40,0,11,38,0,49,28,0,28,77
07/20/2020,PAH,KY,ASO,ES,Federal Contract Tower,0,7,5,0,12,0,8,30,4,42,0,15,35,4,54,22,2,24,78
07/21/2020,PAH,KY,ASO,ES,Federal Contract Tower,0,7,11,0,18,0,6,37,4,47,0,13,48,4,65,54,8,62,127
07/22/2020,PAH,KY,ASO,ES,Federal Contract Tower,0,6,11,0,17,0,4,31,2,37,0,10,42,2,54,14,2,16,70
07/23/2020,PAH,KY,ASO,ES,Federal Contract Tower,0,5,6,0,11,0,4,17,2,23,0,9,23,2,34,12,2,14,48
07/24/2020,PAH,KY,ASO,ES,Federal Contract Tower,0,7,6,3,16,0,0,42,10,52,0,7,48,13,68,6,0,6,74
07/25/2020,PAH,KY,ASO,ES,Federal Contract Tower,0,4,8,0,12,0,0,41,0,41,0,4,49,0,53,0,0,0,53
07/26/2020,PAH,KY,ASO,ES,Federal Contract Tower,0,4,3,0,7,0,6,29,2,37,0,10,32,2,44,26,0,26,70
07/27/2020,PAH,KY,ASO,ES,Federal Contract Tower,0,8,10,0,18,0,12,33,4,49,0,20,43,4,67,18,2,20,87
07/28/2020,PAH,KY,ASO,ES,Federal Contract Tower,0,8,11,1,20,0,8,22,5,35,0,16,33,6,55,12,4,16,71
07/29/2020,PAH,KY,ASO,ES,Federal Contract Tower,0,6,11,0,17,0,6,20,0,26,0,12,31,0,43,10,0,10,53
07/30/2020,PAH,KY,ASO,ES,Federal Contract Tower,0,11,3,0,14,0,4,5,0,9,0,15,8,0,23,0,0,0,23
07/31/2020,PAH,KY,ASO,ES,Federal Contract Tower,0,8,11,0,19,0,0,9,0,9,0,8,20,0,28,0,0,0,28
08/01/2020,PAH,KY,ASO,ES,Federal Contract Tower,0,8,6,0,14,0,0,3,0,3,0,8,9,0,17,0,0,0,17
08/02/2020,PAH,KY,ASO,ES,Federal Contract Tower,0,6,5,0,11,0,6,42,0,48,0,12,47,0,59,30,0,30,89
08/03/2020,PAH,KY,ASO,ES,Federal Contract Tower,0,6,15,0,21,0,8,24,4,36,0,14,39,4,57,26,4,30,87
08/04/2020,PAH,KY,ASO,ES,Federal Contract Tower,0,8,10,0,18,0,4,41,4,49,0,12,51,4,67,20,0,20,87
08/05/2020,PAH,KY,ASO,ES,Federal Contract Tower,0,8,14,2,24,0,10,42,4,56,0,18,56,6,80,16,2,18,98
08/06/2020,PAH,KY,ASO,ES,Federal Contract Tower,0,7,15,0,22,0,4,26,2,32,0,11,41,2,54,14,0,14,68
08/07/2020,PAH,KY,ASO,ES,Federal Contract Tower,0,6,4,2,12,0,0,44,0,44,0,6,48,2,56,8,0,8,64
08/08/2020,PAH,KY,ASO,ES,Federal Contract Tower,0,4,6,0,10,0,0,21,0,21,0,4,27,0,31,36,0,36,67
08/09/2020,PAH,KY,ASO,ES,Federal Contract Tower,0,5,1,0,6,0,4,33,0,37,0,9,34,0,43,20,0,20,63
08/10/2020,PAH,KY,ASO,ES,Federal Contract Tower,0,6,11,0,17,0,9,29,6,44,0,15,40,6,61,20,8,28,89
08/11/2020,PAH,KY,ASO,ES,Federal Contract Tower,0,8,20,0,28,0,5,24,2,31,0,13,44,2,59,22,2,24,83
08/12/2020,PAH,KY,ASO,ES,Federal Contract Tower,0,6,14,0,20,0,4,2,0,6,0,10,16,0,26,0,0,0,26
08/13/2020,PAH,KY,ASO,ES,Federal Contract Tower,0,6,13,0,19,0,0,4,0,4,0,6,17,0,23,0,0,0,23
08/14/2020,PAH,KY,ASO,ES,Federal Contract Tower,0,6,3,0,9,0,0,5,0,5,0,6,8,0,14,6,0,6,20
08/15/2020,PAH,KY,ASO,ES,Federal Contract Tower,0,4,3,1,8,0,0,34,3,37,0,4,37,4,45,10,0,10,55
08/16/2020,PAH,KY,ASO,ES,Federal Contract Tower,0,4,7,0,11,0,6,42,0,48,0,10,49,0,59,32,0,32,91
08/17/2020,PAH,KY,ASO,ES,Federal Contract Tower,0,6,6,0,12,0,10,46,6,62,0,16,52,6,74,32,4,36,110
08/18/2020,PAH,KY,ASO,ES,Federal Contract Tower,0,6,15,0,21,0,6,39,4,49,0,12,54,4,70,22,0,22,92
08/19/2020,PAH,KY,ASO,ES,Federal Contract Tower,0,6,10,7,23,0,4,41,8,53,0,10,51,15,76,36,0,36,112
08/20/2020,PAH,KY,ASO,ES,Federal Contract Tower,0,7,7,4,18,0,8,27,0,35,0,15,34,4,53,14,0,14,67
08/21/2020,PAH,KY,ASO,ES,Federal Contract Tower,0,7,7,0,14,0,0,9,0,9,0,7,16,0,23,6,0,6,29
08/22/2020,PAH,KY,ASO,ES,Federal Contract Tower,0,6,0,0,6,0,0,10,0,10,0,6,10,0,16,12,0,12,28
08/23/2020,PAH,KY,ASO,ES,Federal Contract Tower,0,8,8,0,16,0,4,38,0,42,0,12,46,0,58,34,0,34,92
08/24/2020,PAH,KY,ASO,ES,Federal Contract Tower,0,8,4,0,12,0,8,35,6,49,0,16,39,6,61,32,4,36,97
08/25/2020,PAH,KY,ASO,ES,Federal Contract Tower,0,6,9,0,15,0,8,32,6,46,0,14,41,6,61,22,6,28,89
08/26/2020,PAH,KY,ASO,ES,Federal Contract Tower,0,4,13,0,17,0,4,18,0,22,0,8,31,0,39,18,0,18,57
08/27/2020,PAH,KY,ASO,ES,Federal Contract Tower,0,6,19,0,25,0,0,7,0,7,0,6,26,0,32,0,0,0,32
08/28/2020,PAH,KY,ASO,ES,Federal Contract Tower,0,6,6,0,12,0,2,0,0,2,0,8,6,0,14,0,0,0,14
08/29/2020,PAH,KY,ASO,ES,Federal Contract Tower,0,6,4,1,11,0,0,8,9,17,0,6,12,10,28,0,0,0,28
08/30/2020,PAH,KY,ASO,ES,Federal Contract Tower,0,4,3,0,7,0,6,14,0,20,0,10,17,0,27,10,0,10,37
08/31/2020,PAH,KY,ASO,ES,Federal Contract Tower,0,8,11,0,19,0,6,26,4,36,0,14,37,4,55,30,8,38,93
09/01/2020,PAH,KY,ASO,ES,Federal Contract Tower,0,6,0,0,6,0,4,14,2,20,0,10,14,2,26,8,4,12,38
09/02/2020,PAH,KY,ASO,ES,Federal Contract Tower,0,6,16,0,22,0,2,11,0,13,0,8,27,0,35,0,0,0,35
09/03/2020,PAH,KY,ASO,ES,Federal Contract Tower,0,10,4,0,14,0,0,12,0,12,0,10,16,0,26,0,0,0,26
09/04/2020,PAH,KY,ASO,ES,Federal Contract Tower,0,8,5,0,13,0,0,14,0,14,0,8,19,0,27,2,0,2,29
09/05/2020,PAH,KY,ASO,ES,Federal Contract Tower,0,4,7,0,11,0,2,17,0,19,0,6,24,0,30,0,0,0,30
09/06/2020,PAH,KY,ASO,ES,Federal Contract Tower,0,2,3,0,5,0,2,17,0,19,0,4,20,0,24,22,0,22,46
09/07/2020,PAH,KY,ASO,ES,Federal Contract Tower,0,10,6,0,16,0,4,27,0,31,0,14,33,0,47,32,0,32,79
09/08/2020,PAH,KY,ASO,ES,Federal Contract Tower,0,8,5,0,13,0,4,31,0,35,0,12,36,0,48,28,0,28,76
09/09/2020,PAH,KY,ASO,ES,Federal Contract Tower,0,8,4,3,15,0,6,42,5,53,0,14,46,8,68,20,6,26,94
09/10/2020,PAH,KY,ASO,ES,Federal Contract Tower,0,12,14,2,28,0,2,33,2,37,0,14,47,4,65,12,4,16,81
09/11/2020,PAH,KY,ASO,ES,Federal Contract Tower,0,7,7,4,18,0,0,14,0,14,0,7,21,4,32,14,0,14,46
09/12/2020,PAH,KY,ASO,ES,Federal Contract Tower,0,7,8,2,17,0,1,8,0,9,0,8,16,2,26,4,0,4,30
09/13/2020,PAH,KY,ASO,ES,Federal Contract Tower,0,5,15,0,20,0,5,28,0,33,0,10,43,0,53,30,0,30,83
09/14/2020,PAH,KY,ASO,ES,Federal Contract Tower,0,13,11,0,24,0,5,44,4,53,0,18,55,4,77,38,4,42,119
09/15/2020,PAH,KY,ASO,ES,Federal Contract Tower,0,8,11,8,27,0,4,40,4,48,0,12,51,12,75,26,2,28,103
09/16/2020,PAH,KY,ASO,ES,Federal Contract Tower,0,8,11,8,27,0,6,44,2,52,0,14,55,10,79,30,2,32,111
09/17/2020,PAH,KY,ASO,ES,Federal Contract Tower,0,8,14,6,28,0,2,34,2,38,0,10,48,8,66,10,7,17,83
09/18/2020,PAH,KY,ASO,ES,Federal Contract Tower,0,10,15,0,25,0,0,15,0,15,0,10,30,0,40,4,0,4,44
09/19/2020,PAH,KY,ASO,ES,Federal Contract Tower,0,8,3,0,11,0,0,29,0,29,0,8,32,0,40,16,0,16,56
09/20/2020,PAH,KY,ASO,ES,Federal Contract Tower,0,4,14,0,18,0,4,42,0,46,0,8,56,0,64,30,0,30,94
09/21/2020,PAH,KY,ASO,ES,Federal Contract Tower,0,6,4,0,10,0,6,34,8,48,0,12,38,8,58,30,4,34,92
09/22/2020,PAH,KY,ASO,ES,Federal Contract Tower,0,6,14,0,20,0,6,40,4,50,0,12,54,4,70,32,4,36,106
09/23/2020,PAH,KY,ASO,ES,Federal Contract Tower,0,8,3,0,11,0,6,37,4,47,0,14,40,4,58,24,4,28,86
09/24/2020,PAH,KY,ASO,ES,Federal Contract Tower,0,9,13,0,22,0,5,20,4,29,0,14,33,4,51,18,4,22,73
09/25/2020,PAH,KY,ASO,ES,Federal Contract Tower,0,8,16,0,24,0,0,9,0,9,0,8,25,0,33,0,0,0,33
09/26/2020,PAH,KY,ASO,ES,Federal Contract Tower,0,4,5,0,9,0,0,7,0,7,0,4,12,0,16,4,0,4,20
09/27/2020,PAH,KY,ASO,ES,Federal Contract Tower,0,3,9,0,12,0,6,35,2,43,0,9,44,2,55,30,0,30,85
09/28/2020,PAH,KY,ASO,ES,Federal Contract Tower,0,6,5,0,11,0,6,27,6,39,0,12,32,6,50,20,4,24,74
09/29/2020,PAH,KY,ASO,ES,Federal Contract Tower,0,11,12,0,23,0,4,43,4,51,0,15,55,4,74,22,4,26,100
09/30/2020,PAH,KY,ASO,ES,Federal Contract Tower,0,9,14,0,23,0,4,42,2,48,0,13,56,2,71,42,0,42,113
10/01/2020,PAH,KY,ASO,ES,Federal Contract Tower,0,10,14,0,24,0,4,24,2,30,0,14,38,2,54,14,2,16,70
10/02/2020,PAH,KY,ASO,ES,Federal Contract Tower,0,8,11,0,19,0,0,26,0,26,0,8,37,0,45,8,0,8,53
10/03/2020,PAH,KY,ASO,ES,Federal Contract Tower,0,6,4,0,10,0,2,27,0,29,0,8,31,0,39,6,0,6,45
10/04/2020,PAH,KY,ASO,ES,Federal Contract Tower,0,6,8,0,14,0,8,27,0,35,0,14,35,0,49,16,0,16,65
10/05/2020,PAH,KY,ASO,ES,Federal Contract Tower,0,8,5,0,13,0,8,43,6,57,0,16,48,6,70,44,4,48,118
10/06/2020,PAH,KY,ASO,ES,Federal Contract Tower,0,8,6,0,14,0,6,41,6,53,0,14,47,6,67,48,4,52,119
10/07/2020,PAH,KY,ASO,ES,Federal Contract Tower,0,6,10,0,16,0,5,41,4,50,0,11,51,4,66,30,4,34,100
10/08/2020,PAH,KY,ASO,ES,Federal Contract Tower,0,6,13,0,19,0,4,28,2,34,0,10,41,2,53,28,0,28,81
10/09/2020,PAH,KY,ASO,ES,Federal Contract Tower,0,8,15,0,23,0,2,16,0,18,0,10,31,0,41,0,0,0,41
10/10/2020,PAH,KY,ASO,ES,Federal Contract Tower,0,8,1,0,9,0,2,1,0,3,0,10,2,0,12,0,0,0,12
10/11/2020,PAH,KY,ASO,ES,Federal Contract Tower,0,5,15,0,20,0,6,38,0,44,0,11,53,0,64,30,0,30,94
10/12/2020,PAH,KY,ASO,ES,Federal Contract Tower,0,6,19,0,25,0,5,20,4,29,0,11,39,4,54,12,8,20,74
10/13/2020,PAH,KY,ASO,ES,Federal Contract Tower,0,9,11,2,22,0,6,39,4,49,0,15,50,6,71,20,18,38,109
10/14/2020,PAH,KY,ASO,ES,Federal Contract Tower,0,6,9,2,17,0,8,31,6,45,0,14,40,8,62,22,2,24,86
10/15/2020,PAH,KY,ASO,ES,Federal Contract Tower,0,7,9,0,16,0,1,7,0,8,0,8,16,0,24,0,0,0,24
10/16/2020,PAH,KY,ASO,ES,Federal Contract Tower,0,6,13,0,19,0,0,19,0,19,0,6,32,0,38,12,0,12,50
10/17/2020,PAH,KY,ASO,ES,Federal Contract Tower,0,4,5,0,9,0,0,17,0,17,0,4,22,0,26,22,0,22,48
10/18/2020,PAH,KY,ASO,ES,Federal Contract Tower,0,5,10,0,15,0,4,26,0,30,0,9,36,0,45,16,0,16,61
10/19/2020,PAH,KY,ASO,ES,Federal Contract Tower,0,6,2,2,10,0,6,6,0,12,0,12,8,2,22,0,0,0,22
10/20/2020,PAH,KY,ASO,ES,Federal Contract Tower,0,6,9,4,19,0,5,15,4,24,0,11,24,8,43,18,2,20,63
10/21/2020,PAH,KY,ASO,ES,Federal Contract Tower,0,10,10,0,20,0,4,14,0,18,0,14,24,0,38,4,0,4,42
10/22/2020,PAH,KY,ASO,ES,Federal Contract Tower,0,10,14,0,24,0,2,45,0,47,0,12,59,0,71,4,0,4,75
10/23/2020,PAH,KY,ASO,ES,Federal Contract Tower,0,8,12,0,20,0,0,2,0,2,0,8,14,0,22,0,0,0,22
10/24/2020,PAH,KY,ASO,ES,Federal Contract Tower,0,4,9,0,13,0,0,10,0,10,0,4,19,0,23,16,0,16,39
10/25/2020,PAH,KY,ASO,ES,Federal Contract Tower,0,4,13,0,17,0,0,16,0,16,0,4,29,0,33,12,0,12,45
10/26/2020,PAH,KY,ASO,ES,Federal Contract Tower,0,6,2,0,8,0,8,21,4,33,0,14,23,4,41,14,6,20,61
10/27/2020,PAH,KY,ASO,ES,Federal Contract Tower,0,6,4,2,12,0,0,0,0,0,0,6,4,2,12,0,0,0,12
10/28/2020,PAH,KY,ASO,ES,Federal Contract Tower,0,7,6,0,13,0,0,0,0,0,0,7,6,0,13,0,0,0,13
10/29/2020,PAH,KY,ASO,ES,Federal Contract Tower,0,11,4,2,17,0,0,0,0,0,0,11,4,2,17,0,0,0,17
10/30/2020,PAH,KY,ASO,ES,Federal Contract Tower,0,10,3,2,15,0,4,33,0,37,0,14,36,2,52,12,0,12,64
11/01/2020,PAH,KY,ASO,ES,Federal Contract Tower,0,5,5,0,10,0,5,31,2,38,0,10,36,2,48,36,0,36,84
11/02/2020,PAH,KY,ASO,ES,Federal Contract Tower,0,11,5,2,18,0,6,34,7,47,0,17,39,9,65,36,4,40,105
11/03/2020,PAH,KY,ASO,ES,Federal Contract Tower,0,6,5,1,12,0,6,37,9,52,0,12,42,10,64,28,8,36,100
11/04/2020,PAH,KY,ASO,ES,Federal Contract Tower,0,6,12,6,24,0,7,38,2,47,0,13,50,8,71,12,0,12,83
11/05/2020,PAH,KY,ASO,ES,Federal Contract Tower,0,6,4,2,12,0,6,38,6,50,0,12,42,8,62,36,4,40,102
11/06/2020,PAH,KY,ASO,ES,Federal Contract Tower,0,6,7,4,17,0,1,11,2,14,0,7,18,6,31,14,2,16,47
11/07/2020,PAH,KY,ASO,ES,Federal Contract Tower,0,6,0,0,6,0,0,19,0,19,0,6,19,0,25,4,0,4,29
11/08/2020,PAH,KY,ASO,ES,Federal Contract Tower,0,6,11,0,17,0,4,38,0,42,0,10,49,0,59,28,0,28,87
11/09/2020,PAH,KY,ASO,ES,Federal Contract Tower,0,11,11,0,22,0,4,28,6,38,0,15,39,6,60,24,8,32,92
11/10/2020,PAH,KY,ASO,ES,Federal Contract Tower,0,13,4,4,21,0,9,23,0,32,0,22,27,4,53,10,0,10,63
11/11/2020,PAH,KY,ASO,ES,Federal Contract Tower,0,8,12,0,20,0,2,15,0,17,0,10,27,0,37,8,0,8,45
11/12/2020,PAH,KY,ASO,ES,Federal Contract Tower,0,8,8,2,18,0,3,19,0,22,0,11,27,2,40,12,0,12,52
11/13/2020,PAH,KY,ASO,ES,Federal Contract Tower,0,6,9,2,17,0,0,14,0,14,0,6,23,2,31,4,0,4,35
11/14/2020,PAH,KY,ASO,ES,Federal Contract Tower,0,4,3,0,7,0,0,7,0,7,0,4,10,0,14,6,0,6,20
11/15/2020,PAH,KY,ASO,ES,Federal Contract Tower,0,4,2,0,6,0,4,24,0,28,0,8,26,0,34,20,0,20,54
11/16/2020,PAH,KY,ASO,ES,Federal Contract Tower,0,10,5,0,15,0,6,40,6,52,0,16,45,6,67,34,4,38,105
11/17/2020,PAH,KY,ASO,ES,Federal Contract Tower,0,8,12,0,20,0,9,37,4,50,0,17,49,4,70,32,2,34,104
11/18/2020,PAH,KY,ASO,ES,Federal Contract Tower,0,6,10,0,16,0,8,21,4,33,0,14,31,4,49,12,4,16,65
11/19/2020,PAH,KY,ASO,ES,Federal Contract Tower,0,9,20,2,31,0,5,22,0,27,0,14,42,2,58,8,0,8,66
11/20/2020,PAH,KY,ASO,ES,Federal Contract Tower,0,10,11,0,21,0,0,5,0,5,0,10,16,0,26,0,0,0,26
11/21/2020,PAH,KY,ASO,ES,Federal Contract Tower,0,4,10,0,14,0,0,0,0,0,0,4,10,0,14,0,0,0,14
11/22/2020,PAH,KY,ASO,ES,Federal Contract Tower,0,10,7,0,17,0,2,9,0,11,0,12,16,0,28,0,0,0,28
11/23/2020,PAH,KY,ASO,ES,Federal Contract Tower,0,6,8,3,17,0,6,33,2,41,0,12,41,5,58,18,12,30,88
11/24/2020,PAH,KY,ASO,ES,Federal Contract Tower,0,6,9,2,17,0,6,37,4,47,0,12,46,6,64,24,2,26,90
11/25/2020,PAH,KY,ASO,ES,Federal Contract Tower,0,8,2,0,10,0,6,29,0,35,0,14,31,0,45,6,0,6,51
11/26/2020,PAH,KY,ASO,ES,Federal Contract Tower,0,4,6,0,10,0,4,26,0,30,0,8,32,0,40,12,0,12,52
11/27/2020,PAH,KY,ASO,ES,Federal Contract Tower,0,8,6,0,14,0,0,21,0,21,0,8,27,0,35,16,0,16,51
11/28/2020,PAH,KY,ASO,ES,Federal Contract Tower,0,8,9,0,17,0,0,36,0,36,0,8,45,0,53,26,0,26,79
11/29/2020,PAH,KY,ASO,ES,Federal Contract Tower,0,6,7,0,13,0,6,30,0,36,0,12,37,0,49,24,0,24,73
11/30/2020,PAH,KY,ASO,ES,Federal Contract Tower,0,6,1,0,7,0,6,29,4,39,0,12,30,4,46,20,4,24,70
12/01/2020,PAH,KY,ASO,ES,Federal Contract Tower,0,7,2,8,17,0,5,36,2,43,0,12,38,10,60,22,2,24,84
12/02/2020,PAH,KY,ASO,ES,Federal Contract Tower,0,6,8,0,14,0,2,30,2,34,0,8,38,2,48,18,4,22,70
12/03/2020,PAH,KY,ASO,ES,Federal Contract Tower,0,7,0,0,7,0,0,10,0,10,0,7,10,0,17,0,0,0,17
12/04/2020,PAH,KY,ASO,ES,Federal Contract Tower,0,6,7,0,13,1,0,13,0,14,1,6,20,0,27,12,0,12,39
12/05/2020,PAH,KY,ASO,ES,Federal Contract Tower,0,9,5,4,18,0,0,36,0,36,0,9,41,4,54,12,0,12,66
12/06/2020,PAH,KY,ASO,ES,Federal Contract Tower,0,5,4,0,9,0,6,35,0,41,0,11,39,0,50,32,0,32,82
12/07/2020,PAH,KY,ASO,ES,Federal Contract Tower,0,7,8,0,15,0,10,35,0,45,0,17,43,0,60,48,0,48,108
12/08/2020,PAH,KY,ASO,ES,Federal Contract Tower,0,10,15,0,25,0,4,35,2,41,0,14,50,2,66,34,2,36,102
12/09/2020,PAH,KY,ASO,ES,Federal Contract Tower,0,7,15,2,24,0,7,42,4,53,0,14,57,6,77,18,2,20,97
12/10/2020,PAH,KY,ASO,ES,Federal Contract Tower,0,11,2,0,13,0,0,22,0,22,0,11,24,0,35,14,0,14,49
12/11/2020,PAH,KY,ASO,ES,Federal Contract Tower,0,9,3,4,16,0,2,9,0,11,0,11,12,4,27,0,0,0,27
12/12/2020,PAH,KY,ASO,ES,Federal Contract Tower,0,4,5,0,9,0,1,6,0,7,0,5,11,0,16,10,0,10,26
12/13/2020,PAH,KY,ASO,ES,Federal Contract Tower,0,7,8,0,15,0,4,22,0,26,0,11,30,0,41,54,0,54,95
12/14/2020,PAH,KY,ASO,ES,Federal Contract Tower,0,6,7,0,13,0,6,23,6,35,0,12,30,6,48,12,8,20,68
12/15/2020,PAH,KY,ASO,ES,Federal Contract Tower,0,8,8,4,20,0,6,33,2,41,0,14,41,6,61,28,4,32,93
12/16/2020,PAH,KY,ASO,ES,Federal Contract Tower,0,6,8,0,14,0,4,0,0,4,0,10,8,0,18,0,0,0,18
12/17/2020,PAH,KY,ASO,ES,Federal Contract Tower,0,7,15,2,24,0,0,30,0,30,0,7,45,2,54,9,0,9,63
12/18/2020,PAH,KY,ASO,ES,Federal Contract Tower,0,8,5,0,13,0,2,18,0,20,0,10,23,0,33,10,0,10,43
12/19/2020,PAH,KY,ASO,ES,Federal Contract Tower,0,6,9,0,15,0,0,0,0,0,0,6,9,0,15,2,0,2,17
12/20/2020,PAH,KY,ASO,ES,Federal Contract Tower,0,4,6,1,11,0,4,22,0,26,0,8,28,1,37,26,0,26,63
12/21/2020,PAH,KY,ASO,ES,Federal Contract Tower,0,8,4,0,12,0,8,40,2,50,0,16,44,2,62,22,4,26,88
12/22/2020,PAH,KY,ASO,ES,Federal Contract Tower,0,6,7,0,13,0,8,41,4,53,0,14,48,4,66,28,4,32,98
12/23/2020,PAH,KY,ASO,ES,Federal Contract Tower,0,6,3,0,9,0,4,22,0,26,0,10,25,0,35,12,0,12,47
12/24/2020,PAH,KY,ASO,ES,Federal Contract Tower,0,6,2,0,8,0,2,19,0,21,0,8,21,0,29,10,0,10,39
12/25/2020,PAH,KY,ASO,ES,Federal Contract Tower,0,4,1,0,5,0,0,0,0,0,0,4,1,0,5,0,0,0,5
12/26/2020,PAH,KY,ASO,ES,Federal Contract Tower,0,6,11,0,17,0,4,36,0,40,0,10,47,0,57,12,0,12,69
12/27/2020,PAH,KY,ASO,ES,Federal Contract Tower,0,6,3,0,9,0,3,33,0,36,0,9,36,0,45,26,0,26,71
12/28/2020,PAH,KY,ASO,ES,Federal Contract Tower,0,5,13,0,18,0,7,28,0,35,0,12,41,0,53,34,0,34,87
12/29/2020,PAH,KY,ASO,ES,Federal Contract Tower,0,5,18,0,23,0,7,39,0,46,0,12,57,0,69,24,0,24,93
12/30/2020,PAH,KY,ASO,ES,Federal Contract Tower,0,6,7,0,13,0,7,6,0,13,0,13,13,0,26,0,0,0,26
12/31/2020,PAH,KY,ASO,ES,Federal Contract Tower,0,9,1,0,10,0,2,9,0,11,0,11,10,0,21,4,0,4,25
01/01/2021,PAH,KY,ASO,ES,Federal Contract Tower,0,9,3,0,12,0,0,0,0,0,0,9,3,0,12,0,0,0,12
01/02/2021,PAH,KY,ASO,ES,Federal Contract Tower,0,5,4,0,9,0,0,0,0,0,0,5,4,0,9,0,0,0,9
01/03/2021,PAH,KY,ASO,ES,Federal Contract Tower,0,3,13,0,16,0,2,31,0,33,0,5,44,0,49,20,0,20,69
01/04/2021,PAH,KY,ASO,ES,Federal Contract Tower,0,8,3,0,11,0,6,28,4,38,0,14,31,4,49,32,4,36,85
01/05/2021,PAH,KY,ASO,ES,Federal Contract Tower,0,5,6,0,11,0,6,43,2,51,0,11,49,2,62,26,4,30,92
01/06/2021,PAH,KY,ASO,ES,Federal Contract Tower,0,8,8,0,16,0,2,25,2,29,0,10,33,2,45,16,4,20,65
01/07/2021,PAH,KY,ASO,ES,Federal Contract Tower,0,6,5,0,11,0,4,15,0,19,0,10,20,0,30,10,0,10,40
01/08/2021,PAH,KY,ASO,ES,Federal Contract Tower,0,7,11,4,22,0,1,6,0,7,0,8,17,4,29,0,0,0,29
01/09/2021,PAH,KY,ASO,ES,Federal Contract Tower,0,6,3,0,9,0,0,17,0,17,0,6,20,0,26,8,0,8,34
01/10/2021,PAH,KY,ASO,ES,Federal Contract Tower,0,3,6,0,9,0,4,17,0,21,0,7,23,0,30,24,0,24,54
01/11/2021,PAH,KY,ASO,ES,Federal Contract Tower,0,6,7,0,13,0,8,21,6,35,0,14,28,6,48,16,8,24,72
01/12/2021,PAH,KY,ASO,ES,Federal Contract Tower,0,6,12,2,20,0,6,34,4,44,0,12,46,6,64,24,6,30,94
01/13/2021,PAH,KY,ASO,ES,Federal Contract Tower,0,6,7,3,16,0,6,39,4,49,0,12,46,7,65,26,6,32,97
01/14/2021,PAH,KY,ASO,ES,Federal Contract Tower,0,6,4,6,16,0,5,21,2,28,0,11,25,8,44,14,4,18,62
01/15/2021,PAH,KY,ASO,ES,Federal Contract Tower,0,7,16,6,29,0,0,4,0,4,0,7,20,6,33,0,0,0,33
01/16/2021,PAH,KY,ASO,ES,Federal Contract Tower,0,4,7,0,11,0,0,3,0,3,0,4,10,0,14,0,0,0,14
01/17/2021,PAH,KY,ASO,ES,Federal Contract Tower,0,4,7,0,11,0,2,22,0,24,0,6,29,0,35,18,0,18,53
01/18/2021,PAH,KY,ASO,ES,Federal Contract Tower,0,8,17,0,25,0,4,23,4,31,0,12,40,4,56,34,0,34,90
01/19/2021,PAH,KY,ASO,ES,Federal Contract Tower,0,8,12,2,22,0,9,40,4,53,0,17,52,6,75,22,4,26,101
01/20/2021,PAH,KY,ASO,ES,Federal Contract Tower,0,7,6,0,13,0,6,41,6,53,0,13,47,6,66,24,6,30,96
01/21/2021,PAH,KY,ASO,ES,Federal Contract Tower,0,7,11,2,20,0,7,30,4,41,0,14,41,6,61,12,4,16,77
01/22/2021,PAH,KY,ASO,ES,Federal Contract Tower,0,9,10,2,21,0,0,29,0,29,0,9,39,2,50,16,0,16,66
01/23/2021,PAH,KY,ASO,ES,Federal Contract Tower,0,6,8,0,14,0,0,28,0,28,0,6,36,0,42,2,0,2,44
01/24/2021,PAH,KY,ASO,ES,Federal Contract Tower,0,4,5,0,9,0,4,7,0,11,0,8,12,0,20,12,0,12,32
01/25/2021,PAH,KY,ASO,ES,Federal Contract Tower,0,6,1,0,7,0,5,9,0,14,0,11,10,0,21,0,0,0,21
01/26/2021,PAH,KY,ASO,ES,Federal Contract Tower,0,9,9,0,18,0,7,30,5,42,0,16,39,5,60,22,6,28,88
01/27/2021,PAH,KY,ASO,ES,Federal Contract Tower,0,10,7,0,17,0,4,14,2,20,0,14,21,2,37,12,0,12,49
01/28/2021,PAH,KY,ASO,ES,Federal Contract Tower,0,9,13,0,22,0,2,43,4,49,0,11,56,4,71,14,0,14,85
01/29/2021,PAH,KY,ASO,ES,Federal Contract Tower,0,8,13,0,21,0,0,29,0,29,0,8,42,0,50,14,0,14,64
01/30/2021,PAH,KY,ASO,ES,Federal Contract Tower,0,3,2,0,5,0,0,3,10,13,0,3,5,10,18,8,0,8,26
01/31/2021,PAH,KY,ASO,ES,Federal Contract Tower,0,1,2,0,3,0,5,13,0,18,0,6,15,0,21,10,0,10,31
02/01/2021,PAH,KY,ASO,ES,Federal Contract Tower,0,7,2,0,9,0,9,26,6,41,0,16,28,6,50,20,4,24,74
02/02/2021,PAH,KY,ASO,ES,Federal Contract Tower,0,5,4,0,9,0,7,33,4,44,0,12,37,4,53,30,4,34,87
02/03/2021,PAH,KY,ASO,ES,Federal Contract Tower,0,9,7,0,16,0,9,31,4,44,0,18,38,4,60,22,6,28,88
02/04/2021,PAH,KY,ASO,ES,Federal Contract Tower,0,6,2,0,8,0,4,10,0,14,0,10,12,0,22,8,0,8,30
02/05/2021,PAH,KY,ASO,ES,Federal Contract Tower,0,10,8,0,18,0,0,7,0,7,0,10,15,0,25,5,0,5,30
02/06/2021,PAH,KY,ASO,ES,Federal Contract Tower,0,7,6,0,13,0,0,23,0,23,0,7,29,0,36,20,0,20,56
02/07/2021,PAH,KY,ASO,ES,Federal Contract Tower,0,3,2,0,5,0,5,35,0,40,0,8,37,0,45,28,0,28,73
02/08/2021,PAH,KY,ASO,ES,Federal Contract Tower,0,6,16,0,22,0,8,26,6,40,0,14,42,6,62,18,10,28,90
02/09/2021,PAH,KY,ASO,ES,Federal Contract Tower,0,8,1,0,9,0,4,2,0,6,0,12,3,0,15,0,0,0,15
02/10/2021,PAH,KY,ASO,ES,Federal Contract Tower,0,0,0,0,0,0,0,0,0,0,0,0,0,0,0,0,0,0,0
02/11/2021,PAH,KY,ASO,ES,Federal Contract Tower,0,0,0,0,0,0,0,0,0,0,0,0,0,0,0,0,0,0,0
02/12/2021,PAH,KY,ASO,ES,Federal Contract Tower,0,3,9,0,12,0,0,4,0,4,0,3,13,0,16,0,0,0,16
02/13/2021,PAH,KY,ASO,ES,Federal Contract Tower,0,1,7,0,8,0,0,0,0,0,0,1,7,0,8,0,0,0,8
02/14/2021,PAH,KY,ASO,ES,Federal Contract Tower,0,0,2,0,2,0,0,0,0,0,0,0,2,0,2,0,0,0,2
02/15/2021,PAH,KY,ASO,ES,Federal Contract Tower,0,0,0,0,0,0,0,0,0,0,0,0,0,0,0,0,0,0,0
02/16/2021,PAH,KY,ASO,ES,Federal Contract Tower,0,2,0,0,2,0,1,0,0,1,0,3,0,0,3,0,0,0,3
02/17/2021,PAH,KY,ASO,ES,Federal Contract Tower,0,2,2,0,4,0,0,6,2,8,0,2,8,2,12,0,0,0,12
02/18/2021,PAH,KY,ASO,ES,Federal Contract Tower,0,2,1,0,3,0,0,3,0,3,0,2,4,0,6,0,0,0,6
02/19/2021,PAH,KY,ASO,ES,Federal Contract Tower,0,4,0,0,4,0,0,13,0,13,0,4,13,0,17,2,0,2,19
02/20/2021,PAH,KY,ASO,ES,Federal Contract Tower,0,7,13,0,20,0,2,16,0,18,0,9,29,0,38,4,0,4,42
02/21/2021,PAH,KY,ASO,ES,Federal Contract Tower,0,4,9,0,13,0,5,21,0,26,0,9,30,0,39,26,0,26,65
02/22/2021,PAH,KY,ASO,ES,Federal Contract Tower,0,11,6,0,17,0,7,13,1,21,0,18,19,1,38,8,2,10,48
02/23/2021,PAH,KY,ASO,ES,Federal Contract Tower,0,10,12,8,30,0,10,46,2,58,0,20,58,10,88,28,2,30,118
02/24/2021,PAH,KY,ASO,ES,Federal Contract Tower,0,8,17,0,25,0,4,27,4,35,0,12,44,4,60,18,4,22,82
02/25/2021,PAH,KY,ASO,ES,Federal Contract Tower,0,8,14,0,22,0,2,20,4,26,0,10,34,4,48,12,4,16,64
02/26/2021,PAH,KY,ASO,ES,Federal Contract Tower,0,9,7,0,16,0,0,2,0,2,0,9,9,0,18,0,0,0,18
02/27/2021,PAH,KY,ASO,ES,Federal Contract Tower,0,12,7,0,19,0,0,9,0,9,0,12,16,0,28,10,0,10,38
02/28/2021,PAH,KY,ASO,ES,Federal Contract Tower,0,6,1,0,7,0,5,7,1,13,0,11,8,1,20,6,0,6,26
03/01/2021,PAH,KY,ASO,ES,Federal Contract Tower,0,8,8,0,16,0,8,36,4,48,0,16,44,4,64,26,6,32,96
03/02/2021,PAH,KY,ASO,ES,Federal Contract Tower,0,8,2,0,10,0,8,36,8,52,0,16,38,8,62,16,8,24,86
03/03/2021,PAH,KY,ASO,ES,Federal Contract Tower,0,8,10,0,18,0,5,30,0,35,0,13,40,0,53,14,0,14,67
03/04/2021,PAH,KY,ASO,ES,Federal Contract Tower,0,6,5,4,15,0,2,49,4,55,0,8,54,8,70,18,2,20,90
03/05/2021,PAH,KY,ASO,ES,Federal Contract Tower,0,8,8,4,20,0,2,20,0,22,0,10,28,4,42,14,0,14,56
03/06/2021,PAH,KY,ASO,ES,Federal Contract Tower,0,9,10,0,19,0,3,27,0,30,0,12,37,0,49,24,0,24,73
03/07/2021,PAH,KY,ASO,ES,Federal Contract Tower,0,7,7,0,14,0,5,50,0,55,0,12,57,0,69,32,0,32,101
03/08/2021,PAH,KY,ASO,ES,Federal Contract Tower,0,7,3,4,14,0,7,18,6,31,0,14,21,10,45,28,10,38,83
03/09/2021,PAH,KY,ASO,ES,Federal Contract Tower,0,7,6,6,19,0,6,40,4,50,0,13,46,10,69,18,4,22,91
03/10/2021,PAH,KY,ASO,ES,Federal Contract Tower,0,6,9,0,15,0,7,24,6,37,0,13,33,6,52,12,4,16,68
03/11/2021,PAH,KY,ASO,ES,Federal Contract Tower,0,6,12,14,32,0,4,16,4,24,0,10,28,18,56,6,8,14,70
03/12/2021,PAH,KY,ASO,ES,Federal Contract Tower,0,9,6,0,15,0,0,1,0,1,0,9,7,0,16,0,0,0,16
03/13/2021,PAH,KY,ASO,ES,Federal Contract Tower,0,4,9,0,13,0,2,2,0,4,0,6,11,0,17,0,0,0,17
03/14/2021,PAH,KY,ASO,ES,Federal Contract Tower,0,5,4,0,9,0,5,27,0,32,0,10,31,0,41,0,0,0,41
03/15/2021,PAH,KY,ASO,ES,Federal Contract Tower,0,8,17,0,25,0,7,35,2,44,0,15,52,2,69,26,4,30,99
03/16/2021,PAH,KY,ASO,ES,Federal Contract Tower,0,11,12,0,23,0,6,40,6,52,0,17,52,6,75,18,8,26,101
03/17/2021,PAH,KY,ASO,ES,Federal Contract Tower,0,6,4,0,10,0,2,7,0,9,0,8,11,0,19,12,0,12,31
03/18/2021,PAH,KY,ASO,ES,Federal Contract Tower,0,4,12,2,18,0,0,0,0,0,0,4,12,2,18,0,0,0,18
03/19/2021,PAH,KY,ASO,ES,Federal Contract Tower,0,6,16,2,24,0,0,22,2,24,0,6,38,4,48,0,0,0,48
03/20/2021,PAH,KY,ASO,ES,Federal Contract Tower,0,4,2,0,6,0,6,16,0,22,0,10,18,0,28,4,0,4,32
03/21/2021,PAH,KY,ASO,ES,Federal Contract Tower,0,6,3,6,15,0,6,35,2,43,0,12,38,8,58,10,14,24,82
03/22/2021,PAH,KY,ASO,ES,Federal Contract Tower,0,6,5,0,11,0,8,20,4,32,0,14,25,4,43,14,8,22,65
03/23/2021,PAH,KY,ASO,ES,Federal Contract Tower,0,11,6,0,17,0,6,25,2,33,0,17,31,2,50,12,2,14,64
03/24/2021,PAH,KY,ASO,ES,Federal Contract Tower,0,9,7,0,16,0,5,36,8,49,0,14,43,8,65,18,6,24,89
03/25/2021,PAH,KY,ASO,ES,Federal Contract Tower,0,6,4,0,10,0,3,8,0,11,0,9,12,0,21,0,0,0,21
03/26/2021,PAH,KY,ASO,ES,Federal Contract Tower,0,10,10,2,22,0,0,39,0,39,0,10,49,2,61,0,0,0,61
03/27/2021,PAH,KY,ASO,ES,Federal Contract Tower,0,4,9,0,13,0,1,22,0,23,0,5,31,0,36,6,0,6,42
03/28/2021,PAH,KY,ASO,ES,Federal Contract Tower,0,5,4,0,9,0,4,26,0,30,0,9,30,0,39,20,0,20,59
03/29/2021,PAH,KY,ASO,ES,Federal Contract Tower,0,9,13,0,22,0,9,27,4,40,0,18,40,4,62,22,8,30,92
03/30/2021,PAH,KY,ASO,ES,Federal Contract Tower,0,7,7,6,20,0,4,27,4,35,0,11,34,10,55,20,6,26,81
03/31/2021,PAH,KY,ASO,ES,Federal Contract Tower,0,10,4,0,14,0,13,41,4,58,0,23,45,4,72,22,2,24,96
04/01/2021,PAH,KY,ASO,ES,Federal Contract Tower,0,10,18,0,28,0,6,17,0,23,0,16,35,0,51,8,0,8,59
04/02/2021,PAH,KY,ASO,ES,Federal Contract Tower,0,10,8,0,18,0,0,20,0,20,0,10,28,0,38,12,0,12,50
04/03/2021,PAH,KY,ASO,ES,Federal Contract Tower,0,8,4,0,12,0,2,34,0,36,0,10,38,0,48,4,0,4,52
04/04/2021,PAH,KY,ASO,ES,Federal Contract Tower,0,5,5,0,10,0,4,19,0,23,0,9,24,0,33,8,0,8,41
04/05/2021,PAH,KY,ASO,ES,Federal Contract Tower,0,8,5,0,13,0,6,29,4,39,0,14,34,4,52,30,6,36,88
04/06/2021,PAH,KY,ASO,ES,Federal Contract Tower,0,6,10,0,16,0,15,35,4,54,0,21,45,4,70,26,4,30,100
04/07/2021,PAH,KY,ASO,ES,Federal Contract Tower,0,9,13,4,26,0,8,19,0,27,0,17,32,4,53,16,0,16,69
04/08/2021,PAH,KY,ASO,ES,Federal Contract Tower,0,10,12,2,24,0,0,8,0,8,0,10,20,2,32,2,0,2,34
04/09/2021,PAH,KY,ASO,ES,Federal Contract Tower,0,5,5,0,10,0,1,17,0,18,0,6,22,0,28,18,0,18,46
04/10/2021,PAH,KY,ASO,ES,Federal Contract Tower,0,7,5,0,12,0,0,2,0,2,0,7,7,0,14,0,0,0,14
04/11/2021,PAH,KY,ASO,ES,Federal Contract Tower,0,6,10,0,16,0,4,22,0,26,0,10,32,0,42,12,0,12,54
04/12/2021,PAH,KY,ASO,ES,Federal Contract Tower,0,7,19,4,30,0,6,35,0,41,0,13,54,4,71,32,0,32,103
04/13/2021,PAH,KY,ASO,ES,Federal Contract Tower,0,6,8,0,14,0,10,41,6,57,0,16,49,6,71,22,4,26,97
04/14/2021,PAH,KY,ASO,ES,Federal Contract Tower,0,7,11,0,18,0,4,14,4,22,0,11,25,4,40,14,4,18,58
04/15/2021,PAH,KY,ASO,ES,Federal Contract Tower,0,6,9,0,15,0,0,26,4,30,0,6,35,4,45,0,0,0,45
04/16/2021,PAH,KY,ASO,ES,Federal Contract Tower,0,6,12,0,18,0,19,0,0,19,0,25,12,0,37,12,0,12,49
04/17/2021,PAH,KY,ASO,ES,Federal Contract Tower,0,6,6,0,12,0,0,14,4,18,0,6,20,4,30,20,0,20,50
04/18/2021,PAH,KY,ASO,ES,Federal Contract Tower,0,4,7,0,11,0,8,37,0,45,0,12,44,0,56,30,0,30,86
04/19/2021,PAH,KY,ASO,ES,Federal Contract Tower,0,9,4,0,13,0,6,24,6,36,0,15,28,6,49,18,4,22,71
04/20/2021,PAH,KY,ASO,ES,Federal Contract Tower,0,7,1,0,8,0,8,27,10,45,0,15,28,10,53,18,6,24,77
04/21/2021,PAH,KY,ASO,ES,Federal Contract Tower,0,6,7,2,15,0,5,28,5,38,0,11,35,7,53,12,4,16,69
04/22/2021,PAH,KY,ASO,ES,Federal Contract Tower,0,6,4,2,12,0,2,10,0,12,0,8,14,2,24,0,0,0,24
04/23/2021,PAH,KY,ASO,ES,Federal Contract Tower,0,8,8,6,22,0,3,21,0,24,0,11,29,6,46,0,0,0,46
04/24/2021,PAH,KY,ASO,ES,Federal Contract Tower,0,5,5,0,10,0,0,1,0,1,0,5,6,0,11,0,0,0,11
04/25/2021,PAH,KY,ASO,ES,Federal Contract Tower,0,4,3,0,7,0,6,37,0,43,0,10,40,0,50,32,0,32,82
04/26/2021,PAH,KY,ASO,ES,Federal Contract Tower,0,9,2,6,17,0,8,27,2,37,0,17,29,8,54,30,4,34,88
04/27/2021,PAH,KY,ASO,ES,Federal Contract Tower,0,6,7,10,23,0,6,40,4,50,0,12,47,14,73,22,14,36,109
04/28/2021,PAH,KY,ASO,ES,Federal Contract Tower,0,6,6,0,12,0,4,12,2,18,0,10,18,2,30,14,2,16,46
04/29/2021,PAH,KY,ASO,ES,Federal Contract Tower,0,7,9,0,16,0,4,5,0,9,0,11,14,0,25,0,0,0,25
04/30/2021,PAH,KY,ASO,ES,Federal Contract Tower,0,4,19,0,23,0,0,34,0,34,0,4,53,0,57,20,0,20,77
05/01/2021,PAH,KY,ASO,ES,Federal Contract Tower,0,4,3,0,7,0,3,34,0,37,0,7,37,0,44,22,0,22,66
05/02/2021,PAH,KY,ASO,ES,Federal Contract Tower,0,4,8,0,12,0,4,21,0,25,0,8,29,0,37,54,0,54,91
05/03/2021,PAH,KY,ASO,ES,Federal Contract Tower,0,10,10,0,20,0,6,20,4,30,0,16,30,4,50,18,4,22,72
05/04/2021,PAH,KY,ASO,ES,Federal Contract Tower,0,7,14,0,21,0,8,25,6,39,0,15,39,6,60,20,4,24,84
05/05/2021,PAH,KY,ASO,ES,Federal Contract Tower,0,12,18,2,32,0,4,69,4,77,0,16,87,6,109,12,6,18,127
05/06/2021,PAH,KY,ASO,ES,Federal Contract Tower,0,11,20,0,31,0,1,26,0,27,0,12,46,0,58,0,0,0,58
05/07/2021,PAH,KY,ASO,ES,Federal Contract Tower,0,13,8,0,21,0,4,45,0,49,0,17,53,0,70,18,0,18,88
05/08/2021,PAH,KY,ASO,ES,Federal Contract Tower,0,4,6,0,10,0,0,9,0,9,0,4,15,0,19,18,0,18,37
05/09/2021,PAH,KY,ASO,ES,Federal Contract Tower,0,4,2,0,6,0,4,13,0,17,0,8,15,0,23,10,0,10,33
05/10/2021,PAH,KY,ASO,ES,Federal Contract Tower,0,8,10,0,18,0,4,49,2,55,0,12,59,2,73,18,4,22,95
05/11/2021,PAH,KY,ASO,ES,Federal Contract Tower,0,8,0,0,8,0,8,43,4,55,0,16,43,4,63,16,4,20,83
05/12/2021,PAH,KY,ASO,ES,Federal Contract Tower,0,6,10,2,18,0,4,24,2,30,0,10,34,4,48,12,0,12,60
05/13/2021,PAH,KY,ASO,ES,Federal Contract Tower,0,6,19,0,25,0,0,15,0,15,0,6,34,0,40,0,0,0,40
05/14/2021,PAH,KY,ASO,ES,Federal Contract Tower,0,6,6,0,12,0,3,23,0,26,0,9,29,0,38,18,0,18,56
05/15/2021,PAH,KY,ASO,ES,Federal Contract Tower,0,4,8,0,12,0,0,20,0,20,0,4,28,0,32,34,0,34,66
05/16/2021,PAH,KY,ASO,ES,Federal Contract Tower,0,4,3,0,7,0,5,33,0,38,0,9,36,0,45,28,0,28,73
05/17/2021,PAH,KY,ASO,ES,Federal Contract Tower,0,6,10,0,16,0,6,22,4,32,0,12,32,4,48,18,8,26,74
05/18/2021,PAH,KY,ASO,ES,Federal Contract Tower,0,7,10,0,17,0,4,32,4,40,0,11,42,4,57,20,8,28,85
05/19/2021,PAH,KY,ASO,ES,Federal Contract Tower,0,11,6,0,17,0,7,36,6,49,0,18,42,6,66,26,2,28,94
05/20/2021,PAH,KY,ASO,ES,Federal Contract Tower,0,7,8,2,17,0,4,35,2,41,0,11,43,4,58,16,2,18,76
05/21/2021,PAH,KY,ASO,ES,Federal Contract Tower,0,7,7,0,14,0,0,23,0,23,0,7,30,0,37,20,0,20,57
05/22/2021,PAH,KY,ASO,ES,Federal Contract Tower,0,8,10,0,18,0,2,24,0,26,0,10,34,0,44,16,8,24,68
05/23/2021,PAH,KY,ASO,ES,Federal Contract Tower,0,3,3,0,6,0,6,32,0,38,0,9,35,0,44,20,0,20,64
05/24/2021,PAH,KY,ASO,ES,Federal Contract Tower,0,7,12,0,19,0,6,34,0,40,0,13,46,0,59,32,0,32,91
05/25/2021,PAH,KY,ASO,ES,Federal Contract Tower,0,6,10,3,19,0,10,42,5,57,0,16,52,8,76,24,4,28,104
05/26/2021,PAH,KY,ASO,ES,Federal Contract Tower,0,6,6,2,14,0,4,17,2,23,0,10,23,4,37,12,4,16,53
05/27/2021,PAH,KY,ASO,ES,Federal Contract Tower,0,10,10,2,22,0,0,8,0,8,0,10,18,2,30,8,0,8,38
05/28/2021,PAH,KY,ASO,ES,Federal Contract Tower,0,6,5,1,12,0,0,7,0,7,0,6,12,1,19,0,0,0,19
05/29/2021,PAH,KY,ASO,ES,Federal Contract Tower,0,5,2,0,7,0,0,4,1,5,0,5,6,1,12,0,0,0,12
05/30/2021,PAH,KY,ASO,ES,Federal Contract Tower,0,8,8,0,16,0,7,40,0,47,0,15,48,0,63,24,0,24,87
05/31/2021,PAH,KY,ASO,ES,Federal Contract Tower,0,5,2,0,7,0,2,22,0,24,0,7,24,0,31,28,0,28,59
06/01/2021,PAH,KY,ASO,ES,Federal Contract Tower,0,4,4,0,8,0,8,18,4,30,0,12,22,4,38,14,8,22,60
06/02/2021,PAH,KY,ASO,ES,Federal Contract Tower,0,9,7,0,16,0,4,13,0,17,0,13,20,0,33,0,0,0,33
06/03/2021,PAH,KY,ASO,ES,Federal Contract Tower,0,9,12,0,21,0,4,24,2,30,0,13,36,2,51,18,0,18,69
06/04/2021,PAH,KY,ASO,ES,Federal Contract Tower,0,6,12,2,20,0,0,24,2,26,0,6,36,4,46,44,0,44,90
06/05/2021,PAH,KY,ASO,ES,Federal Contract Tower,0,8,6,4,18,0,0,14,0,14,0,8,20,4,32,0,0,0,32
06/06/2021,PAH,KY,ASO,ES,Federal Contract Tower,0,4,2,0,6,0,0,10,0,10,0,4,12,0,16,14,0,14,30
06/07/2021,PAH,KY,ASO,ES,Federal Contract Tower,0,6,6,0,12,0,6,16,4,26,0,12,22,4,38,6,4,10,48
06/08/2021,PAH,KY,ASO,ES,Federal Contract Tower,0,10,5,2,17,0,6,29,4,39,0,16,34,6,56,20,2,22,78
06/09/2021,PAH,KY,ASO,ES,Federal Contract Tower,0,9,4,6,19,0,2,23,4,29,0,11,27,10,48,16,4,20,68
06/10/2021,PAH,KY,ASO,ES,Federal Contract Tower,0,9,6,0,15,0,2,5,0,7,0,11,11,0,22,0,0,0,22
06/11/2021,PAH,KY,ASO,ES,Federal Contract Tower,0,7,13,0,20,0,2,41,0,43,0,9,54,0,63,24,0,24,87
06/12/2021,PAH,KY,ASO,ES,Federal Contract Tower,0,6,11,0,17,0,5,35,0,40,0,11,46,0,57,12,0,12,69
06/13/2021,PAH,KY,ASO,ES,Federal Contract Tower,0,4,10,0,14,0,4,25,0,29,0,8,35,0,43,36,0,36,79
06/14/2021,PAH,KY,ASO,ES,Federal Contract Tower,0,8,11,0,19,0,7,29,4,40,0,15,40,4,59,26,4,30,89
06/15/2021,PAH,KY,ASO,ES,Federal Contract Tower,0,8,7,12,27,0,6,41,6,53,0,14,48,18,80,30,4,34,114
06/16/2021,PAH,KY,ASO,ES,Federal Contract Tower,0,9,9,4,22,0,7,38,4,49,0,16,47,8,71,38,6,44,115
06/17/2021,PAH,KY,ASO,ES,Federal Contract Tower,0,9,6,0,15,0,4,38,2,44,0,13,44,2,59,14,2,16,75
06/18/2021,PAH,KY,ASO,ES,Federal Contract Tower,0,5,8,0,13,0,6,70,0,76,0,11,78,0,89,18,0,18,107
06/19/2021,PAH,KY,ASO,ES,Federal Contract Tower,0,5,7,0,12,0,2,68,0,70,0,7,75,0,82,26,0,26,108
06/20/2021,PAH,KY,ASO,ES,Federal Contract Tower,0,5,2,0,7,0,0,7,0,7,0,5,9,0,14,0,0,0,14
06/21/2021,PAH,KY,ASO,ES,Federal Contract Tower,0,7,6,0,13,0,0,5,0,5,0,7,11,0,18,4,0,4,22
06/22/2021,PAH,KY,ASO,ES,Federal Contract Tower,0,6,8,4,18,0,0,28,5,33,0,6,36,9,51,16,0,16,67
06/23/2021,PAH,KY,ASO,ES,Federal Contract Tower,0,12,20,0,32,0,0,33,0,33,0,12,53,0,65,16,0,16,81
06/24/2021,PAH,KY,ASO,ES,Federal Contract Tower,0,9,8,0,17,0,1,21,0,22,0,10,29,0,39,4,0,4,43
06/25/2021,PAH,KY,ASO,ES,Federal Contract Tower,0,6,17,0,23,0,1,26,0,27,0,7,43,0,50,0,0,0,50
06/26/2021,PAH,KY,ASO,ES,Federal Contract Tower,0,3,5,0,8,0,0,7,0,7,0,3,12,0,15,0,0,0,15
06/27/2021,PAH,KY,ASO,ES,Federal Contract Tower,0,3,3,0,6,0,8,30,0,38,0,11,33,0,44,24,0,24,68
06/28/2021,PAH,KY,ASO,ES,Federal Contract Tower,0,9,5,2,16,0,6,30,4,40,0,15,35,6,56,22,8,30,86
06/29/2021,PAH,KY,ASO,ES,Federal Contract Tower,0,9,18,0,27,0,9,35,4,48,0,18,53,4,75,22,2,24,99
06/30/2021,PAH,KY,ASO,ES,Federal Contract Tower,0,11,18,0,29,0,4,23,2,29,0,15,41,2,58,18,0,18,76
07/01/2021,PAH,KY,ASO,ES,Federal Contract Tower,0,8,8,0,16,0,8,11,2,21,0,16,19,2,37,6,6,12,49
07/02/2021,PAH,KY,ASO,ES,Federal Contract Tower,0,9,10,0,19,0,2,26,0,28,0,11,36,0,47,34,0,34,81
07/03/2021,PAH,KY,ASO,ES,Federal Contract Tower,0,4,6,0,10,0,0,36,0,36,0,4,42,0,46,6,0,6,52
07/04/2021,PAH,KY,ASO,ES,Federal Contract Tower,0,4,3,0,7,0,6,39,0,45,0,10,42,0,52,26,0,26,78
07/05/2021,PAH,KY,ASO,ES,Federal Contract Tower,0,8,8,0,16,0,8,34,0,42,0,16,42,0,58,38,0,38,96
07/06/2021,PAH,KY,ASO,ES,Federal Contract Tower,0,6,16,8,30,0,8,47,6,61,0,14,63,14,91,32,4,36,127
07/07/2021,PAH,KY,ASO,ES,Federal Contract Tower,0,10,5,0,15,0,6,31,6,43,0,16,36,6,58,14,2,16,74
07/08/2021,PAH,KY,ASO,ES,Federal Contract Tower,0,10,15,0,25,0,4,37,2,43,0,14,52,2,68,10,4,14,82
07/09/2021,PAH,KY,ASO,ES,Federal Contract Tower,0,9,19,2,30,0,0,33,0,33,0,9,52,2,63,0,0,0,63
07/10/2021,PAH,KY,ASO,ES,Federal Contract Tower,0,6,5,0,11,0,0,4,0,4,0,6,9,0,15,4,0,4,19
07/11/2021,PAH,KY,ASO,ES,Federal Contract Tower,0,3,11,0,14,0,4,29,0,33,0,7,40,0,47,12,0,12,59
07/12/2021,PAH,KY,ASO,ES,Federal Contract Tower,0,6,7,0,13,0,5,19,4,28,0,11,26,4,41,14,0,14,55
07/13/2021,PAH,KY,ASO,ES,Federal Contract Tower,0,6,6,0,12,0,4,29,4,37,0,10,35,4,49,22,4,26,75
07/14/2021,PAH,KY,ASO,ES,Federal Contract Tower,0,6,11,1,18,0,8,46,5,59,0,14,57,6,77,18,6,24,101
07/15/2021,PAH,KY,ASO,ES,Federal Contract Tower,0,7,10,1,18,0,5,32,7,44,0,12,42,8,62,30,1,31,93
07/16/2021,PAH,KY,ASO,ES,Federal Contract Tower,0,7,6,2,15,0,0,18,0,18,0,7,24,2,33,0,0,0,33
07/17/2021,PAH,KY,ASO,ES,Federal Contract Tower,0,5,12,0,17,0,0,12,0,12,0,5,24,0,29,0,0,0,29
07/18/2021,PAH,KY,ASO,ES,Federal Contract Tower,0,5,9,0,14,0,4,16,0,20,0,9,25,0,34,10,0,10,44
07/19/2021,PAH,KY,ASO,ES,Federal Contract Tower,0,6,6,2,14,0,6,26,2,34,0,12,32,4,48,22,2,24,72
07/20/2021,PAH,KY,ASO,ES,Federal Contract Tower,0,11,8,0,19,0,6,49,4,59,0,17,57,4,78,40,4,44,122
07/21/2021,PAH,KY,ASO,ES,Federal Contract Tower,0,14,16,0,30,0,4,39,6,49,0,18,55,6,79,32,10,42,121
07/22/2021,PAH,KY,ASO,ES,Federal Contract Tower,0,8,21,0,29,0,0,16,0,16,0,8,37,0,45,12,0,12,57
07/23/2021,PAH,KY,ASO,ES,Federal Contract Tower,0,6,9,0,15,0,0,17,0,17,0,6,26,0,32,0,0,0,32
07/24/2021,PAH,KY,ASO,ES,Federal Contract Tower,0,4,7,0,11,0,3,34,0,37,0,7,41,0,48,8,0,8,56
07/25/2021,PAH,KY,ASO,ES,Federal Contract Tower,0,3,4,0,7,0,6,27,0,33,0,9,31,0,40,20,0,20,60
07/26/2021,PAH,KY,ASO,ES,Federal Contract Tower,0,9,9,0,18,0,9,36,0,45,0,18,45,0,63,44,0,44,107
07/27/2021,PAH,KY,ASO,ES,Federal Contract Tower,0,8,6,0,14,0,6,46,4,56,0,14,52,4,70,28,4,32,102
07/28/2021,PAH,KY,ASO,ES,Federal Contract Tower,0,6,13,0,19,0,6,35,2,43,0,12,48,2,62,12,4,16,78
07/29/2021,PAH,KY,ASO,ES,Federal Contract Tower,0,9,8,0,17,0,4,40,0,44,0,13,48,0,61,26,0,26,87
07/30/2021,PAH,KY,ASO,ES,Federal Contract Tower,0,6,13,2,21,0,1,17,3,21,0,7,30,5,42,6,10,16,58
07/31/2021,PAH,KY,ASO,ES,Federal Contract Tower,0,7,2,0,9,0,0,14,0,14,0,7,16,0,23,0,0,0,23
08/01/2021,PAH,KY,ASO,ES,Federal Contract Tower,0,4,6,0,10,0,7,37,0,44,0,11,43,0,54,42,0,42,96
08/02/2021,PAH,KY,ASO,ES,Federal Contract Tower,0,5,12,4,21,0,9,31,4,44,0,14,43,8,65,26,4,30,95
08/03/2021,PAH,KY,ASO,ES,Federal Contract Tower,0,8,5,0,13,0,5,34,6,45,0,13,39,6,58,24,4,28,86
08/04/2021,PAH,KY,ASO,ES,Federal Contract Tower,0,6,9,0,15,0,4,36,0,40,0,10,45,0,55,28,0,28,83
08/05/2021,PAH,KY,ASO,ES,Federal Contract Tower,0,6,15,6,27,0,0,23,0,23,0,6,38,6,50,22,0,22,72
08/06/2021,PAH,KY,ASO,ES,Federal Contract Tower,0,6,7,2,15,0,0,16,0,16,0,6,23,2,31,0,0,0,31
08/07/2021,PAH,KY,ASO,ES,Federal Contract Tower,0,6,9,0,15,0,2,25,0,27,0,8,34,0,42,16,0,16,58
08/08/2021,PAH,KY,ASO,ES,Federal Contract Tower,0,3,10,0,13,0,6,22,0,28,0,9,32,0,41,20,0,20,61
08/09/2021,PAH,KY,ASO,ES,Federal Contract Tower,0,4,7,2,13,0,9,25,4,38,0,13,32,6,51,20,2,22,73
08/10/2021,PAH,KY,ASO,ES,Federal Contract Tower,0,2,6,3,11,0,6,38,6,50,0,8,44,9,61,18,2,20,81
08/11/2021,PAH,KY,ASO,ES,Federal Contract Tower,0,8,12,2,22,0,6,25,4,35,0,14,37,6,57,26,0,26,83
08/12/2021,PAH,KY,ASO,ES,Federal Contract Tower,0,5,12,0,17,0,0,9,0,9,0,5,21,0,26,44,0,44,70
08/13/2021,PAH,KY,ASO,ES,Federal Contract Tower,0,9,9,4,22,0,0,12,0,12,0,9,21,4,34,30,0,30,64
08/14/2021,PAH,KY,ASO,ES,Federal Contract Tower,0,3,7,0,10,0,0,5,0,5,0,3,12,0,15,14,0,14,29
08/15/2021,PAH,KY,ASO,ES,Federal Contract Tower,0,3,5,0,8,0,2,22,0,24,0,5,27,0,32,12,0,12,44
08/16/2021,PAH,KY,ASO,ES,Federal Contract Tower,0,7,6,0,13,0,5,28,0,33,0,12,34,0,46,20,0,20,66
08/17/2021,PAH,KY,ASO,ES,Federal Contract Tower,0,11,6,4,21,0,6,34,4,44,0,17,40,8,65,32,4,36,101
08/18/2021,PAH,KY,ASO,ES,Federal Contract Tower,0,11,4,0,15,0,2,20,4,26,0,13,24,4,41,18,4,22,63
08/19/2021,PAH,KY,ASO,ES,Federal Contract Tower,0,6,7,0,13,0,0,2,0,2,0,6,9,0,15,0,0,0,15
08/20/2021,PAH,KY,ASO,ES,Federal Contract Tower,0,9,4,2,15,0,0,3,0,3,0,9,7,2,18,5,0,5,23
08/21/2021,PAH,KY,ASO,ES,Federal Contract Tower,0,6,3,0,9,0,0,0,0,0,0,6,3,0,9,0,0,0,9
08/22/2021,PAH,KY,ASO,ES,Federal Contract Tower,0,6,6,0,12,0,4,22,0,26,0,10,28,0,38,22,0,22,60
08/23/2021,PAH,KY,ASO,ES,Federal Contract Tower,0,9,19,2,30,0,8,34,4,46,0,17,53,6,76,22,2,24,100
08/24/2021,PAH,KY,ASO,ES,Federal Contract Tower,0,8,9,0,17,0,6,48,6,60,0,14,57,6,77,18,8,26,103
08/25/2021,PAH,KY,ASO,ES,Federal Contract Tower,0,11,9,4,24,0,2,36,2,40,0,13,45,6,64,12,2,14,78
08/26/2021,PAH,KY,ASO,ES,Federal Contract Tower,0,6,12,0,18,0,0,14,0,14,0,6,26,0,32,16,0,16,48
08/27/2021,PAH,KY,ASO,ES,Federal Contract Tower,0,5,10,0,15,0,0,24,0,24,0,5,34,0,39,23,0,23,62
08/28/2021,PAH,KY,ASO,ES,Federal Contract Tower,0,4,5,2,11,0,2,19,2,23,0,6,24,4,34,22,0,22,56
08/29/2021,PAH,KY,ASO,ES,Federal Contract Tower,0,3,4,1,8,0,8,33,0,41,0,11,37,1,49,12,0,12,61
08/30/2021,PAH,KY,ASO,ES,Federal Contract Tower,0,6,5,2,13,0,9,20,2,31,0,15,25,4,44,12,0,12,56
08/31/2021,PAH,KY,ASO,ES,Federal Contract Tower,0,8,5,0,13,0,6,30,6,42,0,14,35,6,55,16,2,18,73
09/01/2021,PAH,KY,ASO,ES,Federal Contract Tower,0,6,1,0,7,0,4,37,5,46,0,10,38,5,53,32,4,36,89
09/02/2021,PAH,KY,ASO,ES,Federal Contract Tower,0,14,7,0,21,0,5,33,4,42,0,19,40,4,63,16,4,20,83
09/03/2021,PAH,KY,ASO,ES,Federal Contract Tower,0,9,14,0,23,0,2,23,0,25,0,11,37,0,48,18,0,18,66
09/04/2021,PAH,KY,ASO,ES,Federal Contract Tower,0,4,5,0,9,0,2,14,0,16,0,6,19,0,25,0,0,0,25
09/05/2021,PAH,KY,ASO,ES,Federal Contract Tower,0,5,5,0,10,0,2,17,0,19,0,7,22,0,29,20,0,20,49
09/06/2021,PAH,KY,ASO,ES,Federal Contract Tower,0,7,8,0,15,0,6,18,0,24,0,13,26,0,39,26,0,26,65
09/07/2021,PAH,KY,ASO,ES,Federal Contract Tower,0,6,10,2,18,0,8,34,5,47,0,14,44,7,65,26,10,36,101
09/08/2021,PAH,KY,ASO,ES,Federal Contract Tower,0,8,13,5,26,0,10,34,1,45,0,18,47,6,71,24,12,36,107
09/09/2021,PAH,KY,ASO,ES,Federal Contract Tower,0,9,11,0,20,0,9,32,4,45,0,18,43,4,65,16,4,20,85
09/10/2021,PAH,KY,ASO,ES,Federal Contract Tower,0,7,10,2,19,0,0,27,0,27,0,7,37,2,46,20,0,20,66
09/11/2021,PAH,KY,ASO,ES,Federal Contract Tower,0,5,2,0,7,0,0,11,2,13,0,5,13,2,20,0,0,0,20
09/12/2021,PAH,KY,ASO,ES,Federal Contract Tower,0,6,6,0,12,0,6,48,0,54,0,12,54,0,66,22,0,22,88
09/13/2021,PAH,KY,ASO,ES,Federal Contract Tower,0,8,5,3,16,0,6,32,4,42,0,14,37,7,58,28,0,28,86
09/14/2021,PAH,KY,ASO,ES,Federal Contract Tower,0,11,6,0,17,0,8,43,4,55,0,19,49,4,72,28,2,30,102
09/15/2021,PAH,KY,ASO,ES,Federal Contract Tower,0,13,9,0,22,0,3,19,4,26,0,16,28,4,48,12,6,18,66
09/16/2021,PAH,KY,ASO,ES,Federal Contract Tower,0,8,11,2,21,0,0,29,0,29,0,8,40,2,50,0,0,0,50
09/17/2021,PAH,KY,ASO,ES,Federal Contract Tower,0,8,21,0,29,0,0,2,0,2,0,8,23,0,31,0,0,0,31
09/18/2021,PAH,KY,ASO,ES,Federal Contract Tower,0,4,7,0,11,0,0,2,0,2,0,4,9,0,13,0,0,0,13
09/19/2021,PAH,KY,ASO,ES,Federal Contract Tower,0,2,15,3,20,0,4,16,1,21,0,6,31,4,41,12,0,12,53
09/20/2021,PAH,KY,ASO,ES,Federal Contract Tower,0,8,12,2,22,0,0,0,0,0,0,8,12,2,22,10,0,10,32
09/21/2021,PAH,KY,ASO,ES,Federal Contract Tower,0,6,5,0,11,0,4,16,4,24,0,10,21,4,35,8,4,12,47
09/22/2021,PAH,KY,ASO,ES,Federal Contract Tower,0,8,7,0,15,0,4,24,2,30,0,12,31,2,45,18,4,22,67
09/23/2021,PAH,KY,ASO,ES,Federal Contract Tower,0,10,12,0,22,0,6,47,0,53,0,16,59,0,75,30,0,30,105
09/24/2021,PAH,KY,ASO,ES,Federal Contract Tower,0,8,7,0,15,0,0,55,0,55,0,8,62,0,70,13,0,13,83
09/25/2021,PAH,KY,ASO,ES,Federal Contract Tower,0,5,8,0,13,0,0,38,0,38,0,5,46,0,51,4,0,4,55
09/26/2021,PAH,KY,ASO,ES,Federal Contract Tower,0,8,12,0,20,0,4,44,0,48,0,12,56,0,68,30,0,30,98
09/27/2021,PAH,KY,ASO,ES,Federal Contract Tower,0,8,9,10,27,0,0,13,5,18,0,8,22,15,45,16,0,16,61
09/28/2021,PAH,KY,ASO,ES,Federal Contract Tower,0,8,9,2,19,0,4,55,4,63,0,12,64,6,82,30,2,32,114
09/29/2021,PAH,KY,ASO,ES,Federal Contract Tower,0,10,11,0,21,0,6,35,2,43,0,16,46,2,64,18,2,20,84
09/30/2021,PAH,KY,ASO,ES,Federal Contract Tower,0,6,9,0,15,0,6,30,4,40,0,12,39,4,55,16,4,20,75
10/01/2021,PAH,KY,ASO,ES,Federal Contract Tower,0,5,11,0,16,0,1,13,0,14,0,6,24,0,30,0,0,0,30
10/02/2021,PAH,KY,ASO,ES,Federal Contract Tower,0,8,7,0,15,0,0,0,0,0,0,8,7,0,15,0,0,0,15
10/03/2021,PAH,KY,ASO,ES,Federal Contract Tower,0,5,5,0,10,0,4,25,0,29,0,9,30,0,39,18,0,18,57
10/04/2021,PAH,KY,ASO,ES,Federal Contract Tower,0,8,4,3,15,0,8,36,7,51,0,16,40,10,66,28,2,30,96
10/05/2021,PAH,KY,ASO,ES,Federal Contract Tower,0,6,5,2,13,0,4,33,6,43,0,10,38,8,56,22,4,26,82
10/06/2021,PAH,KY,ASO,ES,Federal Contract Tower,0,9,15,0,24,0,6,31,4,41,0,15,46,4,65,18,4,22,87
10/07/2021,PAH,KY,ASO,ES,Federal Contract Tower,0,10,8,2,20,0,0,17,0,17,0,10,25,2,37,0,0,0,37
10/08/2021,PAH,KY,ASO,ES,Federal Contract Tower,0,6,4,0,10,0,8,15,0,23,0,14,19,0,33,4,0,4,37
10/09/2021,PAH,KY,ASO,ES,Federal Contract Tower,0,4,5,0,9,0,8,13,0,21,0,12,18,0,30,0,0,0,30
10/10/2021,PAH,KY,ASO,ES,Federal Contract Tower,0,8,15,0,23,0,4,30,0,34,0,12,45,0,57,12,0,12,69
10/11/2021,PAH,KY,ASO,ES,Federal Contract Tower,0,10,8,0,18,0,5,27,2,34,0,15,35,2,52,34,0,34,86
10/12/2021,PAH,KY,ASO,ES,Federal Contract Tower,0,8,8,0,16,0,7,41,6,54,0,15,49,6,70,22,4,26,96
10/13/2021,PAH,KY,ASO,ES,Federal Contract Tower,0,8,4,0,12,0,4,22,4,30,0,12,26,4,42,14,2,16,58
10/14/2021,PAH,KY,ASO,ES,Federal Contract Tower,0,12,3,0,15,0,7,27,0,34,0,19,30,0,49,22,0,22,71
10/15/2021,PAH,KY,ASO,ES,Federal Contract Tower,0,12,6,0,18,0,0,6,0,6,0,12,12,0,24,0,0,0,24
10/16/2021,PAH,KY,ASO,ES,Federal Contract Tower,0,10,6,0,16,0,8,21,0,29,0,18,27,0,45,0,0,0,45
10/17/2021,PAH,KY,ASO,ES,Federal Contract Tower,0,7,6,0,13,0,0,32,0,32,0,7,38,0,45,2,0,2,47
10/18/2021,PAH,KY,ASO,ES,Federal Contract Tower,0,14,8,0,22,0,7,39,4,50,0,21,47,4,72,26,2,28,100
10/19/2021,PAH,KY,ASO,ES,Federal Contract Tower,0,8,7,0,15,0,8,37,5,50,0,16,44,5,65,20,4,24,89
10/20/2021,PAH,KY,ASO,ES,Federal Contract Tower,0,7,14,0,21,0,4,36,2,42,0,11,50,2,63,24,0,24,87
10/21/2021,PAH,KY,ASO,ES,Federal Contract Tower,0,8,10,0,18,0,0,11,0,11,0,8,21,0,29,0,0,0,29
10/22/2021,PAH,KY,ASO,ES,Federal Contract Tower,0,10,7,0,17,0,0,21,0,21,0,10,28,0,38,0,0,0,38
10/23/2021,PAH,KY,ASO,ES,Federal Contract Tower,0,6,1,0,7,0,0,7,0,7,0,6,8,0,14,0,0,0,14
10/24/2021,PAH,KY,ASO,ES,Federal Contract Tower,0,6,3,0,9,0,0,5,0,5,0,6,8,0,14,0,0,0,14
10/25/2021,PAH,KY,ASO,ES,Federal Contract Tower,0,8,8,0,16,0,2,5,0,7,0,10,13,0,23,0,0,0,23
10/26/2021,PAH,KY,ASO,ES,Federal Contract Tower,0,8,10,0,18,0,0,31,4,35,0,8,41,4,53,6,0,6,59
10/27/2021,PAH,KY,ASO,ES,Federal Contract Tower,0,10,10,2,22,0,4,20,6,30,0,14,30,8,52,12,2,14,66
10/28/2021,PAH,KY,ASO,ES,Federal Contract Tower,0,7,11,0,18,0,5,14,4,23,0,12,25,4,41,8,6,14,55
10/29/2021,PAH,KY,ASO,ES,Federal Contract Tower,0,13,8,0,21,0,0,0,0,0,0,13,8,0,21,0,0,0,21
10/30/2021,PAH,KY,ASO,ES,Federal Contract Tower,0,10,2,0,12,0,0,0,0,0,0,10,2,0,12,0,0,0,12
10/31/2021,PAH,KY,ASO,ES,Federal Contract Tower,0,4,5,0,9,0,4,35,2,41,0,8,40,2,50,28,0,28,78
11/01/2021,PAH,KY,ASO,ES,Federal Contract Tower,0,6,9,1,16,0,9,43,1,53,0,15,52,2,69,28,0,28,97
11/02/2021,PAH,KY,ASO,ES,Federal Contract Tower,0,9,16,0,25,0,8,41,4,53,0,17,57,4,78,22,6,28,106
11/03/2021,PAH,KY,ASO,ES,Federal Contract Tower,0,8,7,3,18,0,9,52,9,70,0,17,59,12,88,16,4,20,108
11/04/2021,PAH,KY,ASO,ES,Federal Contract Tower,0,10,4,0,14,0,8,32,4,44,0,18,36,4,58,16,4,20,78
11/05/2021,PAH,KY,ASO,ES,Federal Contract Tower,0,8,9,0,17,0,1,41,0,42,0,9,50,0,59,2,0,2,61
11/06/2021,PAH,KY,ASO,ES,Federal Contract Tower,0,4,5,0,9,0,0,13,0,13,0,4,18,0,22,0,0,0,22
11/07/2021,PAH,KY,ASO,ES,Federal Contract Tower,0,4,8,0,12,0,4,39,0,43,0,8,47,0,55,24,0,24,79
11/08/2021,PAH,KY,ASO,ES,Federal Contract Tower,0,11,11,2,24,0,6,37,4,47,0,17,48,6,71,16,8,24,95
11/09/2021,PAH,KY,ASO,ES,Federal Contract Tower,0,7,9,2,18,0,13,39,4,56,0,20,48,6,74,26,0,26,100
11/10/2021,PAH,KY,ASO,ES,Federal Contract Tower,0,8,8,0,16,0,4,31,4,39,0,12,39,4,55,16,6,22,77
11/11/2021,PAH,KY,ASO,ES,Federal Contract Tower,0,7,7,0,14,0,0,4,0,4,0,7,11,0,18,0,0,0,18
11/12/2021,PAH,KY,ASO,ES,Federal Contract Tower,0,9,13,0,22,0,0,6,0,6,0,9,19,0,28,2,0,2,30
11/13/2021,PAH,KY,ASO,ES,Federal Contract Tower,0,4,7,0,11,0,2,35,0,37,0,6,42,0,48,8,0,8,56
11/14/2021,PAH,KY,ASO,ES,Federal Contract Tower,0,7,3,0,10,0,1,14,0,15,0,8,17,0,25,14,0,14,39
11/15/2021,PAH,KY,ASO,ES,Federal Contract Tower,0,9,10,0,19,0,2,24,0,26,0,11,34,0,45,8,0,8,53
11/16/2021,PAH,KY,ASO,ES,Federal Contract Tower,0,9,18,4,31,0,3,22,2,27,0,12,40,6,58,6,2,8,66
11/17/2021,PAH,KY,ASO,ES,Federal Contract Tower,0,6,4,8,18,0,6,41,8,55,0,12,45,16,73,30,4,34,107
11/18/2021,PAH,KY,ASO,ES,Federal Contract Tower,0,8,11,9,28,0,4,34,3,41,0,12,45,12,69,16,0,16,85
11/19/2021,PAH,KY,ASO,ES,Federal Contract Tower,0,8,11,7,26,0,0,28,1,29,0,8,39,8,55,2,0,2,57
11/20/2021,PAH,KY,ASO,ES,Federal Contract Tower,0,4,3,0,7,0,0,23,0,23,0,4,26,0,30,18,0,18,48
11/21/2021,PAH,KY,ASO,ES,Federal Contract Tower,0,4,0,0,4,0,2,12,0,14,0,6,12,0,18,8,0,8,26
11/22/2021,PAH,KY,ASO,ES,Federal Contract Tower,0,9,7,0,16,0,5,31,4,40,0,14,38,4,56,26,2,28,84
11/23/2021,PAH,KY,ASO,ES,Federal Contract Tower,0,9,7,0,16,0,6,34,0,40,0,15,41,0,56,22,0,22,78
11/24/2021,PAH,KY,ASO,ES,Federal Contract Tower,0,6,7,0,13,0,7,46,0,53,0,13,53,0,66,22,0,22,88
11/25/2021,PAH,KY,ASO,ES,Federal Contract Tower,0,2,8,0,10,0,0,4,0,4,0,2,12,0,14,0,0,0,14
11/26/2021,PAH,KY,ASO,ES,Federal Contract Tower,0,6,3,0,9,0,0,12,0,12,0,6,15,0,21,10,0,10,31
11/27/2021,PAH,KY,ASO,ES,Federal Contract Tower,0,4,3,0,7,0,0,7,0,7,0,4,10,0,14,6,0,6,20
11/28/2021,PAH,KY,ASO,ES,Federal Contract Tower,0,8,14,0,22,0,2,32,0,34,0,10,46,0,56,22,0,22,78
11/29/2021,PAH,KY,ASO,ES,Federal Contract Tower,0,6,4,0,10,0,7,36,0,43,0,13,40,0,53,36,0,36,89
11/30/2021,PAH,KY,ASO,ES,Federal Contract Tower,0,10,10,0,20,0,4,48,0,52,0,14,58,0,72,28,0,28,100
12/01/2021,PAH,KY,ASO,ES,Federal Contract Tower,1,8,14,0,23,0,8,41,6,55,1,16,55,6,78,22,4,26,104
12/02/2021,PAH,KY,ASO,ES,Federal Contract Tower,2,6,3,0,11,0,5,46,0,51,2,11,49,0,62,36,0,36,98
12/03/2021,PAH,KY,ASO,ES,Federal Contract Tower,2,7,12,0,21,0,0,30,0,30,2,7,42,0,51,14,0,14,65
12/04/2021,PAH,KY,ASO,ES,Federal Contract Tower,1,3,12,0,16,0,2,18,2,22,1,5,30,2,38,8,0,8,46
12/05/2021,PAH,KY,ASO,ES,Federal Contract Tower,0,4,4,0,8,0,0,5,0,5,0,4,9,0,13,0,0,0,13
12/06/2021,PAH,KY,ASO,ES,Federal Contract Tower,0,6,12,0,18,0,7,28,2,37,0,13,40,2,55,30,2,32,87
12/07/2021,PAH,KY,ASO,ES,Federal Contract Tower,0,6,9,0,15,0,8,41,8,57,0,14,50,8,72,20,0,20,92
12/08/2021,PAH,KY,ASO,ES,Federal Contract Tower,0,6,13,2,21,0,7,59,2,68,0,13,72,4,89,66,0,66,155
12/09/2021,PAH,KY,ASO,ES,Federal Contract Tower,0,14,31,0,45,0,7,32,4,43,0,21,63,4,88,18,4,22,110
12/10/2021,PAH,KY,ASO,ES,Federal Contract Tower,0,9,4,0,13,0,0,3,0,3,0,9,7,0,16,0,0,0,16
12/11/2021,PAH,KY,ASO,ES,Federal Contract Tower,0,5,6,0,11,0,0,10,0,10,0,5,16,0,21,0,0,0,21
12/12/2021,PAH,KY,ASO,ES,Federal Contract Tower,0,5,18,3,26,0,12,57,6,75,0,17,75,9,101,26,0,26,127
12/13/2021,PAH,KY,ASO,ES,Federal Contract Tower,0,6,18,1,25,0,6,44,2,52,0,12,62,3,77,30,2,32,109
12/14/2021,PAH,KY,ASO,ES,Federal Contract Tower,0,11,29,0,40,0,4,47,4,55,0,15,76,4,95,34,0,34,129
12/15/2021,PAH,KY,ASO,ES,Federal Contract Tower,0,7,22,0,29,0,5,21,0,26,0,12,43,0,55,0,0,0,55
12/16/2021,PAH,KY,ASO,ES,Federal Contract Tower,2,10,16,0,28,0,4,16,8,28,2,14,32,8,56,2,0,2,58
12/17/2021,PAH,KY,ASO,ES,Federal Contract Tower,0,8,5,0,13,0,0,0,0,0,0,8,5,0,13,0,0,0,13
12/18/2021,PAH,KY,ASO,ES,Federal Contract Tower,0,5,5,0,10,0,0,0,0,0,0,5,5,0,10,0,0,0,10
12/19/2021,PAH,KY,ASO,ES,Federal Contract Tower,0,7,11,0,18,0,4,45,0,49,0,11,56,0,67,22,0,22,89
12/20/2021,PAH,KY,ASO,ES,Federal Contract Tower,0,8,15,0,23,0,6,41,0,47,0,14,56,0,70,30,0,30,100
12/21/2021,PAH,KY,ASO,ES,Federal Contract Tower,0,6,12,0,18,0,6,40,0,46,0,12,52,0,64,24,0,24,88
12/22/2021,PAH,KY,ASO,ES,Federal Contract Tower,0,9,7,0,16,0,8,43,4,55,0,17,50,4,71,20,0,20,91
12/23/2021,PAH,KY,ASO,ES,Federal Contract Tower,1,5,8,0,14,0,8,40,0,48,1,13,48,0,62,22,0,22,84
12/24/2021,PAH,KY,ASO,ES,Federal Contract Tower,0,6,3,0,9,0,2,12,0,14,0,8,15,0,23,2,0,2,25
12/25/2021,PAH,KY,ASO,ES,Federal Contract Tower,0,6,2,0,8,0,0,0,0,0,0,6,2,0,8,0,0,0,8
12/26/2021,PAH,KY,ASO,ES,Federal Contract Tower,0,4,9,0,13,0,2,11,0,13,0,6,20,0,26,4,0,4,30
12/27/2021,PAH,KY,ASO,ES,Federal Contract Tower,0,3,11,0,14,0,6,21,3,30,0,9,32,3,44,10,8,18,62
12/28/2021,PAH,KY,ASO,ES,Federal Contract Tower,0,6,6,2,14,0,5,31,0,36,0,11,37,2,50,16,0,16,66
12/29/2021,PAH,KY,ASO,ES,Federal Contract Tower,0,6,12,0,18,0,0,0,0,0,0,6,12,0,18,0,0,0,18
12/30/2021,PAH,KY,ASO,ES,Federal Contract Tower,0,10,3,0,13,0,0,0,0,0,0,10,3,0,13,0,0,0,13
12/31/2021,PAH,KY,ASO,ES,Federal Contract Tower,0,6,9,0,15,0,0,5,0,5,0,6,14,0,20,0,0,0,20
01/01/2022,PAH,KY,ASO,ES,Federal Contract Tower,0,3,1,0,4,0,0,0,0,0,0,3,1,0,4,0,0,0,4
01/02/2022,PAH,KY,ASO,ES,Federal Contract Tower,0,6,5,0,11,0,4,9,0,13,0,10,14,0,24,0,0,0,24
01/03/2022,PAH,KY,ASO,ES,Federal Contract Tower,0,6,12,4,22,0,10,42,2,54,0,16,54,6,76,24,2,26,102
01/04/2022,PAH,KY,ASO,ES,Federal Contract Tower,0,6,8,0,14,0,6,32,4,42,0,12,40,4,56,16,4,20,76
01/05/2022,PAH,KY,ASO,ES,Federal Contract Tower,0,9,14,0,23,0,4,41,6,51,0,13,55,6,74,20,6,26,100
01/06/2022,PAH,KY,ASO,ES,Federal Contract Tower,0,7,4,0,11,0,0,2,0,2,0,7,6,0,13,0,0,0,13
01/07/2022,PAH,KY,ASO,ES,Federal Contract Tower,0,9,12,0,21,0,0,19,0,19,0,9,31,0,40,0,0,0,40
01/08/2022,PAH,KY,ASO,ES,Federal Contract Tower,0,3,6,0,9,0,0,3,0,3,0,3,9,0,12,2,0,2,14
01/09/2022,PAH,KY,ASO,ES,Federal Contract Tower,0,6,4,0,10,0,4,16,0,20,0,10,20,0,30,7,0,7,37
01/10/2022,PAH,KY,ASO,ES,Federal Contract Tower,0,9,7,2,18,0,8,34,6,48,0,17,41,8,66,26,4,30,96
01/11/2022,PAH,KY,ASO,ES,Federal Contract Tower,0,7,8,4,19,0,9,51,4,64,0,16,59,8,83,42,2,44,127
01/12/2022,PAH,KY,ASO,ES,Federal Contract Tower,0,6,8,6,20,0,8,39,4,51,0,14,47,10,71,24,4,28,99
01/13/2022,PAH,KY,ASO,ES,Federal Contract Tower,0,6,11,0,17,0,7,37,2,46,0,13,48,2,63,20,0,20,83
01/14/2022,PAH,KY,ASO,ES,Federal Contract Tower,0,7,20,0,27,0,0,11,0,11,0,7,31,0,38,4,0,4,42
01/15/2022,PAH,KY,ASO,ES,Federal Contract Tower,0,4,0,0,4,0,0,0,0,0,0,4,0,0,4,0,0,0,4
01/16/2022,PAH,KY,ASO,ES,Federal Contract Tower,0,12,2,0,14,0,3,21,0,24,0,15,23,0,38,14,0,14,52
01/17/2022,PAH,KY,ASO,ES,Federal Contract Tower,0,7,9,0,16,0,7,22,4,33,0,14,31,4,49,16,6,22,71
01/18/2022,PAH,KY,ASO,ES,Federal Contract Tower,0,6,6,2,14,0,7,40,4,51,0,13,46,6,65,20,4,24,89
01/19/2022,PAH,KY,ASO,ES,Federal Contract Tower,0,6,1,0,7,0,6,15,4,25,0,12,16,4,32,8,0,8,40
01/20/2022,PAH,KY,ASO,ES,Federal Contract Tower,0,10,7,5,22,0,4,16,12,32,0,14,23,17,54,8,8,16,70
01/21/2022,PAH,KY,ASO,ES,Federal Contract Tower,0,13,8,2,23,0,0,15,0,15,0,13,23,2,38,16,0,16,54
01/22/2022,PAH,KY,ASO,ES,Federal Contract Tower,0,7,3,0,10,0,0,21,0,21,0,7,24,0,31,8,0,8,39
01/23/2022,PAH,KY,ASO,ES,Federal Contract Tower,0,7,4,2,13,0,4,30,0,34,0,11,34,2,47,18,0,18,65
01/24/2022,PAH,KY,ASO,ES,Federal Contract Tower,0,11,8,4,23,0,4,33,6,43,0,15,41,10,66,26,6,32,98
01/25/2022,PAH,KY,ASO,ES,Federal Contract Tower,0,7,11,7,25,0,9,45,6,60,0,16,56,13,85,50,0,50,135
01/26/2022,PAH,KY,ASO,ES,Federal Contract Tower,0,7,7,12,26,0,6,46,4,56,0,13,53,16,82,18,2,20,102
01/27/2022,PAH,KY,ASO,ES,Federal Contract Tower,0,11,9,4,24,0,3,24,4,31,0,14,33,8,55,18,4,22,77
01/28/2022,PAH,KY,ASO,ES,Federal Contract Tower,0,10,5,0,15,0,0,4,0,4,0,10,9,0,19,0,0,0,19
01/29/2022,PAH,KY,ASO,ES,Federal Contract Tower,0,6,6,0,12,0,4,21,0,25,0,10,27,0,37,12,0,12,49
01/30/2022,PAH,KY,ASO,ES,Federal Contract Tower,0,6,8,0,14,0,7,34,0,41,0,13,42,0,55,16,0,16,71
01/31/2022,PAH,KY,ASO,ES,Federal Contract Tower,0,11,9,0,20,0,7,37,6,50,0,18,46,6,70,40,4,44,114
02/01/2022,PAH,KY,ASO,ES,Federal Contract Tower,0,6,13,0,19,0,9,36,6,51,0,15,49,6,70,26,6,32,102
02/02/2022,PAH,KY,ASO,ES,Federal Contract Tower,0,4,2,0,6,0,0,0,0,0,0,4,2,0,6,0,0,0,6
02/03/2022,PAH,KY,ASO,ES,Federal Contract Tower,0,0,0,0,0,0,0,0,0,0,0,0,0,0,0,0,0,0,0
02/04/2022,PAH,KY,ASO,ES,Federal Contract Tower,0,0,0,0,0,0,0,0,0,0,0,0,0,0,0,0,0,0,0
02/05/2022,PAH,KY,ASO,ES,Federal Contract Tower,0,5,2,0,7,0,0,4,0,4,0,5,6,0,11,0,0,0,11
02/06/2022,PAH,KY,ASO,ES,Federal Contract Tower,0,7,6,0,13,0,6,31,0,37,0,13,37,0,50,36,0,36,86
02/07/2022,PAH,KY,ASO,ES,Federal Contract Tower,0,10,6,0,16,0,9,31,10,50,0,19,37,10,66,20,8,28,94
02/08/2022,PAH,KY,ASO,ES,Federal Contract Tower,0,10,4,4,18,0,11,45,6,62,0,21,49,10,80,20,6,26,106
02/09/2022,PAH,KY,ASO,ES,Federal Contract Tower,0,6,9,0,15,0,10,44,4,58,0,16,53,4,73,20,0,20,93
02/10/2022,PAH,KY,ASO,ES,Federal Contract Tower,0,6,18,0,24,0,3,40,4,47,0,9,58,4,71,20,4,24,95
02/11/2022,PAH,KY,ASO,ES,Federal Contract Tower,0,6,5,1,12,0,0,12,0,12,0,6,17,1,24,2,0,2,26
02/12/2022,PAH,KY,ASO,ES,Federal Contract Tower,0,6,2,0,8,0,0,8,0,8,0,6,10,0,16,18,0,18,34
02/13/2022,PAH,KY,ASO,ES,Federal Contract Tower,0,4,6,0,10,0,4,34,2,40,0,8,40,2,50,25,0,25,75
02/14/2022,PAH,KY,ASO,ES,Federal Contract Tower,0,7,8,0,15,0,8,33,4,45,0,15,41,4,60,42,2,44,104
02/15/2022,PAH,KY,ASO,ES,Federal Contract Tower,0,8,10,0,18,0,10,43,8,61,0,18,53,8,79,32,4,36,115
02/16/2022,PAH,KY,ASO,ES,Federal Contract Tower,0,7,12,2,21,0,8,31,4,43,0,15,43,6,64,20,2,22,86
02/17/2022,PAH,KY,ASO,ES,Federal Contract Tower,0,3,2,0,5,0,0,4,0,4,0,3,6,0,9,0,0,0,9
02/18/2022,PAH,KY,ASO,ES,Federal Contract Tower,0,4,3,0,7,0,0,17,0,17,0,4,20,0,24,14,0,14,38
02/19/2022,PAH,KY,ASO,ES,Federal Contract Tower,0,6,1,0,7,0,0,24,0,24,0,6,25,0,31,38,0,38,69
02/20/2022,PAH,KY,ASO,ES,Federal Contract Tower,0,7,3,0,10,0,9,28,0,37,0,16,31,0,47,28,0,28,75
02/21/2022,PAH,KY,ASO,ES,Federal Contract Tower,0,14,11,0,25,0,8,24,6,38,0,22,35,6,63,24,8,32,95
02/22/2022,PAH,KY,ASO,ES,Federal Contract Tower,0,7,4,0,11,0,6,20,2,28,0,13,24,2,39,4,0,4,43
02/23/2022,PAH,KY,ASO,ES,Federal Contract Tower,0,4,7,0,11,0,4,22,4,30,0,8,29,4,41,22,4,26,67
02/24/2022,PAH,KY,ASO,ES,Federal Contract Tower,0,0,2,0,2,0,0,0,0,0,0,0,2,0,2,0,0,0,2
02/25/2022,PAH,KY,ASO,ES,Federal Contract Tower,0,11,14,0,25,0,0,0,0,0,0,11,14,0,25,0,0,0,25
02/26/2022,PAH,KY,ASO,ES,Federal Contract Tower,0,4,4,0,8,0,0,24,0,24,0,4,28,0,32,12,0,12,44
02/27/2022,PAH,KY,ASO,ES,Federal Contract Tower,0,4,3,0,7,0,4,28,0,32,0,8,31,0,39,22,0,22,61
02/28/2022,PAH,KY,ASO,ES,Federal Contract Tower,0,9,7,0,16,0,9,27,2,38,0,18,34,2,54,36,0,36,90
03/01/2022,PAH,KY,ASO,ES,Federal Contract Tower,0,6,11,1,18,0,8,45,9,62,0,14,56,10,80,18,6,24,104
03/02/2022,PAH,KY,ASO,ES,Federal Contract Tower,0,6,9,0,15,0,6,45,4,55,0,12,54,4,70,44,0,44,114
03/03/2022,PAH,KY,ASO,ES,Federal Contract Tower,0,7,3,0,10,0,2,30,4,36,0,9,33,4,46,20,0,20,66
03/04/2022,PAH,KY,ASO,ES,Federal Contract Tower,0,8,5,0,13,0,0,21,0,21,0,8,26,0,34,0,0,0,34
03/05/2022,PAH,KY,ASO,ES,Federal Contract Tower,0,2,2,0,4,0,0,1,0,1,0,2,3,0,5,0,0,0,5
03/06/2022,PAH,KY,ASO,ES,Federal Contract Tower,0,4,2,0,6,0,4,13,0,17,0,8,15,0,23,10,0,10,33
03/07/2022,PAH,KY,ASO,ES,Federal Contract Tower,0,11,1,0,12,0,4,15,0,19,0,15,16,0,31,0,0,0,31
03/08/2022,PAH,KY,ASO,ES,Federal Contract Tower,0,6,18,0,24,0,4,32,2,38,0,10,50,2,62,24,2,26,88
03/09/2022,PAH,KY,ASO,ES,Federal Contract Tower,0,8,12,0,20,0,2,43,0,45,0,10,55,0,65,46,0,46,111
03/10/2022,PAH,KY,ASO,ES,Federal Contract Tower,0,6,11,4,21,0,3,36,6,45,0,9,47,10,66,22,0,22,88
03/11/2022,PAH,KY,ASO,ES,Federal Contract Tower,0,8,6,0,14,0,0,2,0,2,0,8,8,0,16,0,0,0,16
03/12/2022,PAH,KY,ASO,ES,Federal Contract Tower,0,2,4,0,6,0,0,7,0,7,0,2,11,0,13,0,0,0,13
03/13/2022,PAH,KY,ASO,ES,Federal Contract Tower,0,6,16,0,22,0,4,23,2,29,0,10,39,2,51,14,0,14,65
03/14/2022,PAH,KY,ASO,ES,Federal Contract Tower,0,6,9,0,15,0,6,32,8,46,0,12,41,8,61,30,4,34,95
03/15/2022,PAH,KY,ASO,ES,Federal Contract Tower,0,6,9,4,19,0,7,43,2,52,0,13,52,6,71,52,0,52,123
03/16/2022,PAH,KY,ASO,ES,Federal Contract Tower,0,11,10,2,23,0,6,31,2,39,0,17,41,4,62,36,0,36,98
03/17/2022,PAH,KY,ASO,ES,Federal Contract Tower,0,7,10,7,24,0,7,29,3,39,0,14,39,10,63,18,0,18,81
03/18/2022,PAH,KY,ASO,ES,Federal Contract Tower,0,10,8,0,18,0,0,7,0,7,0,10,15,0,25,0,0,0,25
03/19/2022,PAH,KY,ASO,ES,Federal Contract Tower,0,3,10,0,13,0,0,3,0,3,0,3,13,0,16,0,0,0,16
03/20/2022,PAH,KY,ASO,ES,Federal Contract Tower,0,6,4,0,10,0,6,30,0,36,0,12,34,0,46,34,0,34,80
03/21/2022,PAH,KY,ASO,ES,Federal Contract Tower,0,6,5,8,19,0,4,41,6,51,0,10,46,14,70,32,6,38,108
03/22/2022,PAH,KY,ASO,ES,Federal Contract Tower,0,3,7,0,10,0,4,5,0,9,0,7,12,0,19,0,0,0,19
03/23/2022,PAH,KY,ASO,ES,Federal Contract Tower,0,19,5,0,24,0,3,4,4,11,0,22,9,4,35,0,0,0,35
03/24/2022,PAH,KY,ASO,ES,Federal Contract Tower,0,9,21,0,30,0,4,13,2,19,0,13,34,2,49,8,0,8,57
03/25/2022,PAH,KY,ASO,ES,Federal Contract Tower,0,16,8,0,24,0,0,8,0,8,0,16,16,0,32,0,0,0,32
03/26/2022,PAH,KY,ASO,ES,Federal Contract Tower,0,2,2,0,4,0,0,9,0,9,0,2,11,0,13,8,0,8,21
03/27/2022,PAH,KY,ASO,ES,Federal Contract Tower,0,4,8,0,12,0,8,43,0,51,0,12,51,0,63,40,0,40,103
03/28/2022,PAH,KY,ASO,ES,Federal Contract Tower,0,6,13,2,21,0,7,44,4,55,0,13,57,6,76,40,2,42,118
03/29/2022,PAH,KY,ASO,ES,Federal Contract Tower,0,4,12,0,16,0,4,38,2,44,0,8,50,2,60,20,0,20,80
03/30/2022,PAH,KY,ASO,ES,Federal Contract Tower,0,4,2,0,6,0,2,7,0,9,0,6,9,0,15,4,0,4,19
03/31/2022,PAH,KY,ASO,ES,Federal Contract Tower,0,8,21,0,29,0,2,4,0,6,0,10,25,0,35,0,0,0,35
04/01/2022,PAH,KY,ASO,ES,Federal Contract Tower,0,7,20,0,27,0,2,38,0,40,0,9,58,0,67,34,0,34,101
04/02/2022,PAH,KY,ASO,ES,Federal Contract Tower,0,4,7,0,11,0,2,15,0,17,0,6,22,0,28,10,0,10,38
04/03/2022,PAH,KY,ASO,ES,Federal Contract Tower,0,8,4,2,14,0,4,32,2,38,0,12,36,4,52,26,0,26,78
04/04/2022,PAH,KY,ASO,ES,Federal Contract Tower,0,11,9,0,20,0,6,32,4,42,0,17,41,4,62,22,0,22,84
04/05/2022,PAH,KY,ASO,ES,Federal Contract Tower,0,13,12,0,25,0,2,17,0,19,0,15,29,0,44,10,0,10,54
04/06/2022,PAH,KY,ASO,ES,Federal Contract Tower,0,12,5,2,19,0,2,10,0,12,0,14,15,2,31,2,0,2,33
04/07/2022,PAH,KY,ASO,ES,Federal Contract Tower,0,12,6,2,20,0,4,23,0,27,0,16,29,2,47,6,0,6,53
04/08/2022,PAH,KY,ASO,ES,Federal Contract Tower,0,8,13,2,23,0,0,6,0,6,0,8,19,2,29,0,0,0,29
04/09/2022,PAH,KY,ASO,ES,Federal Contract Tower,0,7,5,2,14,0,0,17,0,17,0,7,22,2,31,12,0,12,43
04/10/2022,PAH,KY,ASO,ES,Federal Contract Tower,0,8,7,0,15,0,4,25,0,29,0,12,32,0,44,36,0,36,80
04/11/2022,PAH,KY,ASO,ES,Federal Contract Tower,0,6,3,0,9,0,0,0,0,0,0,6,3,0,9,0,0,0,9
04/12/2022,PAH,KY,ASO,ES,Federal Contract Tower,0,9,10,0,19,0,6,14,0,20,0,15,24,0,39,4,0,4,43
04/13/2022,PAH,KY,ASO,ES,Federal Contract Tower,0,4,1,0,5,0,6,11,0,17,0,10,12,0,22,8,0,8,30
04/14/2022,PAH,KY,ASO,ES,Federal Contract Tower,0,8,17,12,37,0,0,35,0,35,0,8,52,12,72,26,0,26,98
04/15/2022,PAH,KY,ASO,ES,Federal Contract Tower,0,8,5,0,13,0,6,20,0,26,0,14,25,0,39,8,0,8,47
04/16/2022,PAH,KY,ASO,ES,Federal Contract Tower,0,6,3,0,9,0,0,7,0,7,0,6,10,0,16,6,0,6,22
04/17/2022,PAH,KY,ASO,ES,Federal Contract Tower,0,6,7,0,13,0,2,13,0,15,0,8,20,0,28,4,0,4,32
04/18/2022,PAH,KY,ASO,ES,Federal Contract Tower,0,12,7,1,20,0,6,13,4,23,0,18,20,5,43,16,4,20,63
04/19/2022,PAH,KY,ASO,ES,Federal Contract Tower,0,8,15,0,23,0,4,40,2,46,0,12,55,2,69,18,0,18,87
04/20/2022,PAH,KY,ASO,ES,Federal Contract Tower,0,14,7,0,21,0,8,19,0,27,0,22,26,0,48,14,0,14,62
04/21/2022,PAH,KY,ASO,ES,Federal Contract Tower,0,8,12,0,20,0,4,6,0,10,0,12,18,0,30,0,0,0,30
04/22/2022,PAH,KY,ASO,ES,Federal Contract Tower,0,12,7,0,19,0,0,24,0,24,0,12,31,0,43,8,0,8,51
04/23/2022,PAH,KY,ASO,ES,Federal Contract Tower,0,8,2,0,10,0,0,1,0,1,0,8,3,0,11,0,0,0,11
04/24/2022,PAH,KY,ASO,ES,Federal Contract Tower,0,7,1,0,8,0,2,0,0,2,0,9,1,0,10,0,0,0,10
04/25/2022,PAH,KY,ASO,ES,Federal Contract Tower,0,13,5,2,20,0,0,1,0,1,0,13,6,2,21,0,0,0,21
04/26/2022,PAH,KY,ASO,ES,Federal Contract Tower,0,11,13,0,24,0,0,24,2,26,0,11,37,2,50,28,0,28,78
04/27/2022,PAH,KY,ASO,ES,Federal Contract Tower,0,9,10,0,19,0,0,24,0,24,0,9,34,0,43,12,0,12,55
04/28/2022,PAH,KY,ASO,ES,Federal Contract Tower,0,11,13,0,24,0,0,23,0,23,0,11,36,0,47,2,0,2,49
04/29/2022,PAH,KY,ASO,ES,Federal Contract Tower,0,8,7,2,17,0,0,36,0,36,0,8,43,2,53,16,0,16,69
04/30/2022,PAH,KY,ASO,ES,Federal Contract Tower,0,5,4,0,9,0,0,2,0,2,0,5,6,0,11,2,0,2,13
05/01/2022,PAH,KY,ASO,ES,Federal Contract Tower,0,7,6,0,13,0,4,26,0,30,0,11,32,0,43,18,0,18,61
05/02/2022,PAH,KY,ASO,ES,Federal Contract Tower,0,9,2,0,11,2,11,29,6,48,2,20,31,6,59,18,2,20,79
05/03/2022,PAH,KY,ASO,ES,Federal Contract Tower,0,12,3,0,15,0,6,33,6,45,0,18,36,6,60,20,4,24,84
05/04/2022,PAH,KY,ASO,ES,Federal Contract Tower,0,12,36,0,48,0,6,39,4,49,0,18,75,4,97,16,6,22,119
05/05/2022,PAH,KY,ASO,ES,Federal Contract Tower,0,10,8,4,22,0,5,21,2,28,0,15,29,6,50,12,0,12,62
05/06/2022,PAH,KY,ASO,ES,Federal Contract Tower,0,9,11,0,20,0,0,3,0,3,0,9,14,0,23,0,0,0,23
05/07/2022,PAH,KY,ASO,ES,Federal Contract Tower,0,8,3,0,11,0,0,9,0,9,0,8,12,0,20,13,0,13,33
05/08/2022,PAH,KY,ASO,ES,Federal Contract Tower,0,9,11,0,20,0,8,29,0,37,0,17,40,0,57,22,0,22,79
05/09/2022,PAH,KY,ASO,ES,Federal Contract Tower,0,12,14,6,32,0,0,7,0,7,0,12,21,6,39,0,0,0,39
05/10/2022,PAH,KY,ASO,ES,Federal Contract Tower,0,13,13,2,28,0,4,44,6,54,0,17,57,8,82,30,4,34,116
05/11/2022,PAH,KY,ASO,ES,Federal Contract Tower,0,14,8,0,22,0,6,35,6,47,0,20,43,6,69,18,6,24,93
05/12/2022,PAH,KY,ASO,ES,Federal Contract Tower,0,8,11,0,19,0,5,47,2,54,0,13,58,2,73,32,0,32,105
05/13/2022,PAH,KY,ASO,ES,Federal Contract Tower,0,8,5,0,13,0,0,17,0,17,0,8,22,0,30,4,0,4,34
05/14/2022,PAH,KY,ASO,ES,Federal Contract Tower,0,6,2,0,8,0,0,2,0,2,0,6,4,0,10,0,0,0,10
05/15/2022,PAH,KY,ASO,ES,Federal Contract Tower,0,6,4,0,10,0,4,25,0,29,0,10,29,0,39,26,0,26,65
05/16/2022,PAH,KY,ASO,ES,Federal Contract Tower,0,9,10,2,21,0,7,28,4,39,0,16,38,6,60,24,6,30,90
05/17/2022,PAH,KY,ASO,ES,Federal Contract Tower,0,13,8,0,21,0,6,46,4,56,0,19,54,4,77,30,0,30,107
05/18/2022,PAH,KY,ASO,ES,Federal Contract Tower,0,17,15,0,32,0,4,32,4,40,0,21,47,4,72,14,4,18,90
05/19/2022,PAH,KY,ASO,ES,Federal Contract Tower,0,14,14,0,28,0,4,27,4,35,0,18,41,4,63,12,6,18,81
05/20/2022,PAH,KY,ASO,ES,Federal Contract Tower,0,8,7,0,15,0,0,8,0,8,0,8,15,0,23,0,0,0,23
05/21/2022,PAH,KY,ASO,ES,Federal Contract Tower,2,8,3,0,13,0,0,2,0,2,2,8,5,0,15,0,0,0,15
05/22/2022,PAH,KY,ASO,ES,Federal Contract Tower,0,8,3,0,11,0,2,14,0,16,0,10,17,0,27,12,0,12,39
05/23/2022,PAH,KY,ASO,ES,Federal Contract Tower,0,9,6,0,15,0,7,32,6,45,0,16,38,6,60,29,4,33,93
05/24/2022,PAH,KY,ASO,ES,Federal Contract Tower,0,12,19,0,31,0,6,32,2,40,0,18,51,2,71,22,2,24,95
05/25/2022,PAH,KY,ASO,ES,Federal Contract Tower,0,8,10,0,18,0,4,14,0,18,0,12,24,0,36,12,0,12,48
05/26/2022,PAH,KY,ASO,ES,Federal Contract Tower,0,10,5,0,15,0,4,16,2,22,0,14,21,2,37,14,4,18,55
05/27/2022,PAH,KY,ASO,ES,Federal Contract Tower,0,15,15,0,30,0,0,4,0,4,0,15,19,0,34,0,0,0,34
05/28/2022,PAH,KY,ASO,ES,Federal Contract Tower,0,5,11,0,16,0,0,24,0,24,0,5,35,0,40,4,0,4,44
05/29/2022,PAH,KY,ASO,ES,Federal Contract Tower,0,6,4,0,10,0,4,25,0,29,0,10,29,0,39,18,0,18,57
05/30/2022,PAH,KY,ASO,ES,Federal Contract Tower,0,6,7,0,13,0,2,40,0,42,0,8,47,0,55,22,0,22,77
05/31/2022,PAH,KY,ASO,ES,Federal Contract Tower,0,11,4,0,15,0,9,42,0,51,0,20,46,0,66,40,0,40,106
06/01/2022,PAH,KY,ASO,ES,Federal Contract Tower,0,8,5,0,13,0,8,35,4,47,0,16,40,4,60,22,4,26,86
06/02/2022,PAH,KY,ASO,ES,Federal Contract Tower,0,9,10,0,19,0,4,22,2,28,0,13,32,2,47,10,2,12,59
06/03/2022,PAH,KY,ASO,ES,Federal Contract Tower,0,9,12,0,21,0,0,17,0,17,0,9,29,0,38,0,0,0,38
06/04/2022,PAH,KY,ASO,ES,Federal Contract Tower,0,7,3,0,10,0,0,21,0,21,0,7,24,0,31,14,0,14,45
06/05/2022,PAH,KY,ASO,ES,Federal Contract Tower,0,6,9,0,15,0,6,33,0,39,0,12,42,0,54,33,0,33,87
06/06/2022,PAH,KY,ASO,ES,Federal Contract Tower,0,10,4,0,14,0,5,11,3,19,0,15,15,3,33,4,4,8,41
06/07/2022,PAH,KY,ASO,ES,Federal Contract Tower,0,11,10,0,21,0,4,35,4,43,0,15,45,4,64,20,2,22,86
06/08/2022,PAH,KY,ASO,ES,Federal Contract Tower,0,10,10,0,20,0,2,14,2,18,0,12,24,2,38,6,0,6,44
06/09/2022,PAH,KY,ASO,ES,Federal Contract Tower,0,8,3,0,11,0,3,33,0,36,0,11,36,0,47,14,0,14,61
06/10/2022,PAH,KY,ASO,ES,Federal Contract Tower,0,10,7,0,17,0,4,1,0,5,0,14,8,0,22,2,0,2,24
06/11/2022,PAH,KY,ASO,ES,Federal Contract Tower,0,8,5,0,13,0,3,9,0,12,0,11,14,0,25,0,0,0,25
06/12/2022,PAH,KY,ASO,ES,Federal Contract Tower,0,6,9,0,15,0,2,19,0,21,0,8,28,0,36,20,0,20,56
06/13/2022,PAH,KY,ASO,ES,Federal Contract Tower,0,11,3,0,14,0,2,4,0,6,0,13,7,0,20,2,0,2,22
06/14/2022,PAH,KY,ASO,ES,Federal Contract Tower,0,16,8,1,25,0,2,21,1,24,0,18,29,2,49,0,0,0,49
06/15/2022,PAH,KY,ASO,ES,Federal Contract Tower,0,17,12,2,31,0,0,16,2,18,0,17,28,4,49,2,0,2,51
06/16/2022,PAH,KY,ASO,ES,Federal Contract Tower,0,13,13,4,30,0,0,20,2,22,0,13,33,6,52,10,0,10,62
06/17/2022,PAH,KY,ASO,ES,Federal Contract Tower,0,12,7,0,19,0,0,17,0,17,0,12,24,0,36,0,0,0,36
06/18/2022,PAH,KY,ASO,ES,Federal Contract Tower,0,6,6,0,12,0,0,26,0,26,0,6,32,0,38,2,0,2,40
06/19/2022,PAH,KY,ASO,ES,Federal Contract Tower,0,9,7,0,16,0,2,19,0,21,0,11,26,0,37,18,0,18,55
06/20/2022,PAH,KY,ASO,ES,Federal Contract Tower,0,9,4,0,13,0,0,8,0,8,0,9,12,0,21,10,0,10,31
06/21/2022,PAH,KY,ASO,ES,Federal Contract Tower,0,14,2,1,17,0,6,40,5,51,0,20,42,6,68,22,18,40,108
06/22/2022,PAH,KY,ASO,ES,Federal Contract Tower,0,8,10,0,18,0,6,38,2,46,0,14,48,2,64,28,0,28,92
06/23/2022,PAH,KY,ASO,ES,Federal Contract Tower,0,9,3,0,12,0,4,34,2,40,0,13,37,2,52,12,0,12,64
06/24/2022,PAH,KY,ASO,ES,Federal Contract Tower,0,12,8,4,24,0,0,26,0,26,0,12,34,4,50,27,0,27,77
06/25/2022,PAH,KY,ASO,ES,Federal Contract Tower,0,8,5,0,13,0,0,36,2,38,0,8,41,2,51,4,0,4,55
06/26/2022,PAH,KY,ASO,ES,Federal Contract Tower,0,7,8,0,15,0,3,12,0,15,0,10,20,0,30,10,0,10,40
06/27/2022,PAH,KY,ASO,ES,Federal Contract Tower,0,8,13,2,23,0,2,18,0,20,0,10,31,2,43,2,0,2,45
06/28/2022,PAH,KY,ASO,ES,Federal Contract Tower,0,12,12,12,36,0,6,47,4,57,0,18,59,16,93,38,0,38,131
06/29/2022,PAH,KY,ASO,ES,Federal Contract Tower,0,12,10,0,22,0,6,35,0,41,0,18,45,0,63,16,0,16,79
06/30/2022,PAH,KY,ASO,ES,Federal Contract Tower,0,11,16,6,33,0,5,43,4,52,0,16,59,10,85,22,0,22,107
07/01/2022,PAH,KY,ASO,ES,Federal Contract Tower,0,8,4,0,12,0,0,15,0,15,0,8,19,0,27,0,0,0,27
07/02/2022,PAH,KY,ASO,ES,Federal Contract Tower,0,6,3,0,9,0,0,2,0,2,0,6,5,0,11,4,0,4,15
07/03/2022,PAH,KY,ASO,ES,Federal Contract Tower,0,8,2,0,10,0,3,15,0,18,0,11,17,0,28,10,0,10,38
07/04/2022,PAH,KY,ASO,ES,Federal Contract Tower,0,6,0,0,6,0,6,23,0,29,0,12,23,0,35,20,0,20,55
07/05/2022,PAH,KY,ASO,ES,Federal Contract Tower,0,14,13,4,31,0,8,36,0,44,0,22,49,4,75,22,0,22,97
07/06/2022,PAH,KY,ASO,ES,Federal Contract Tower,0,8,9,0,17,0,7,31,2,40,0,15,40,2,57,14,4,18,75
07/07/2022,PAH,KY,ASO,ES,Federal Contract Tower,0,10,12,2,24,0,6,25,0,31,0,16,37,2,55,16,0,16,71
07/08/2022,PAH,KY,ASO,ES,Federal Contract Tower,0,9,3,0,12,0,0,5,0,5,0,9,8,0,17,0,0,0,17
07/09/2022,PAH,KY,ASO,ES,Federal Contract Tower,0,15,6,0,21,0,0,2,0,2,0,15,8,0,23,16,0,16,39
07/10/2022,PAH,KY,ASO,ES,Federal Contract Tower,0,8,9,0,17,0,2,32,0,34,0,10,41,0,51,24,0,24,75
07/11/2022,PAH,KY,ASO,ES,Federal Contract Tower,0,9,4,0,13,0,18,29,6,53,0,27,33,6,66,40,0,40,106
07/12/2022,PAH,KY,ASO,ES,Federal Contract Tower,0,7,8,0,15,0,10,41,4,55,0,17,49,4,70,22,4,26,96
07/13/2022,PAH,KY,ASO,ES,Federal Contract Tower,0,15,6,0,21,0,4,34,0,38,0,19,40,0,59,34,0,34,93
07/14/2022,PAH,KY,ASO,ES,Federal Contract Tower,0,15,17,1,33,0,0,19,1,20,0,15,36,2,53,2,0,2,55
07/15/2022,PAH,KY,ASO,ES,Federal Contract Tower,0,6,8,2,16,0,4,26,0,30,0,10,34,2,46,6,0,6,52
07/16/2022,PAH,KY,ASO,ES,Federal Contract Tower,0,5,5,0,10,0,0,9,0,9,0,5,14,0,19,38,0,38,57
07/17/2022,PAH,KY,ASO,ES,Federal Contract Tower,0,4,4,0,8,0,0,1,0,1,0,4,5,0,9,0,0,0,9
07/18/2022,PAH,KY,ASO,ES,Federal Contract Tower,0,9,6,0,15,0,0,5,0,5,0,9,11,0,20,14,0,14,34
07/19/2022,PAH,KY,ASO,ES,Federal Contract Tower,0,9,4,0,13,0,8,25,0,33,0,17,29,0,46,34,0,34,80
07/20/2022,PAH,KY,ASO,ES,Federal Contract Tower,0,4,9,2,15,0,0,29,0,29,0,4,38,2,44,12,0,12,56
07/21/2022,PAH,KY,ASO,ES,Federal Contract Tower,0,8,15,0,23,0,0,17,0,17,0,8,32,0,40,0,0,0,40
07/22/2022,PAH,KY,ASO,ES,Federal Contract Tower,0,8,12,0,20,0,0,31,0,31,0,8,43,0,51,10,0,10,61
07/23/2022,PAH,KY,ASO,ES,Federal Contract Tower,0,6,7,0,13,0,0,19,0,19,0,6,26,0,32,16,0,16,48
07/24/2022,PAH,KY,ASO,ES,Federal Contract Tower,0,6,1,0,7,0,4,27,0,31,0,10,28,0,38,16,0,16,54
07/25/2022,PAH,KY,ASO,ES,Federal Contract Tower,0,6,5,0,11,0,0,6,0,6,0,6,11,0,17,6,0,6,23
07/26/2022,PAH,KY,ASO,ES,Federal Contract Tower,0,7,9,0,16,0,9,38,4,51,0,16,47,4,67,20,6,26,93
07/27/2022,PAH,KY,ASO,ES,Federal Contract Tower,0,9,7,0,16,0,8,37,6,51,0,17,44,6,67,24,4,28,95
07/28/2022,PAH,KY,ASO,ES,Federal Contract Tower,0,10,8,0,18,0,6,20,4,30,0,16,28,4,48,22,4,26,74
07/29/2022,PAH,KY,ASO,ES,Federal Contract Tower,0,8,10,10,28,0,0,8,0,8,0,8,18,10,36,0,0,0,36
07/30/2022,PAH,KY,ASO,ES,Federal Contract Tower,0,4,8,0,12,0,0,8,0,8,0,4,16,0,20,0,0,0,20
07/31/2022,PAH,KY,ASO,ES,Federal Contract Tower,0,4,6,0,10,0,7,11,0,18,0,11,17,0,28,0,0,0,28
08/01/2022,PAH,KY,ASO,ES,Federal Contract Tower,0,6,6,6,18,0,11,30,4,45,0,17,36,10,63,26,4,30,93
08/02/2022,PAH,KY,ASO,ES,Federal Contract Tower,0,5,5,0,10,0,11,44,6,61,0,16,49,6,71,30,2,32,103
08/03/2022,PAH,KY,ASO,ES,Federal Contract Tower,0,8,3,0,11,0,8,34,4,46,0,16,37,4,57,18,4,22,79
08/04/2022,PAH,KY,ASO,ES,Federal Contract Tower,0,8,6,0,14,0,0,3,0,3,0,8,9,0,17,0,0,0,17
08/05/2022,PAH,KY,ASO,ES,Federal Contract Tower,0,8,5,0,13,0,0,0,0,0,0,8,5,0,13,0,0,0,13
08/06/2022,PAH,KY,ASO,ES,Federal Contract Tower,0,4,10,0,14,0,2,13,0,15,0,6,23,0,29,0,0,0,29
08/07/2022,PAH,KY,ASO,ES,Federal Contract Tower,0,6,7,0,13,0,2,29,0,31,0,8,36,0,44,20,0,20,64
08/08/2022,PAH,KY,ASO,ES,Federal Contract Tower,0,6,6,0,12,0,0,5,0,5,0,6,11,0,17,0,0,0,17
08/09/2022,PAH,KY,ASO,ES,Federal Contract Tower,0,10,7,0,17,0,4,27,4,35,0,14,34,4,52,20,2,22,74
08/10/2022,PAH,KY,ASO,ES,Federal Contract Tower,0,6,10,0,16,0,4,23,0,27,0,10,33,0,43,16,0,16,59
08/11/2022,PAH,KY,ASO,ES,Federal Contract Tower,0,8,18,2,28,0,4,31,0,35,0,12,49,2,63,26,0,26,89
08/12/2022,PAH,KY,ASO,ES,Federal Contract Tower,0,6,15,0,21,0,16,25,0,41,0,22,40,0,62,8,0,8,70
08/13/2022,PAH,KY,ASO,ES,Federal Contract Tower,0,6,3,0,9,0,0,22,0,22,0,6,25,0,31,4,0,4,35
08/14/2022,PAH,KY,ASO,ES,Federal Contract Tower,0,5,1,0,6,0,4,40,0,44,0,9,41,0,50,22,0,22,72
08/15/2022,PAH,KY,ASO,ES,Federal Contract Tower,0,8,11,0,19,0,12,29,4,45,0,20,40,4,64,32,6,38,102
08/16/2022,PAH,KY,ASO,ES,Federal Contract Tower,0,9,9,2,20,0,6,17,2,25,0,15,26,4,45,12,4,16,61
08/17/2022,PAH,KY,ASO,ES,Federal Contract Tower,0,12,12,4,28,0,10,40,4,54,0,22,52,8,82,20,4,24,106
08/18/2022,PAH,KY,ASO,ES,Federal Contract Tower,0,12,9,4,25,0,5,29,4,38,0,17,38,8,63,26,0,26,89
08/19/2022,PAH,KY,ASO,ES,Federal Contract Tower,0,10,2,0,12,0,0,16,0,16,0,10,18,0,28,8,0,8,36
08/20/2022,PAH,KY,ASO,ES,Federal Contract Tower,0,4,3,0,7,0,0,8,0,8,0,4,11,0,15,0,0,0,15
08/21/2022,PAH,KY,ASO,ES,Federal Contract Tower,0,5,9,0,14,0,2,19,0,21,0,7,28,0,35,22,0,22,57
08/22/2022,PAH,KY,ASO,ES,Federal Contract Tower,0,6,7,4,17,0,10,39,6,55,0,16,46,10,72,32,4,36,108
08/23/2022,PAH,KY,ASO,ES,Federal Contract Tower,0,9,11,0,20,0,8,40,6,54,0,17,51,6,74,22,2,24,98
08/24/2022,PAH,KY,ASO,ES,Federal Contract Tower,0,10,15,0,25,0,5,43,2,50,0,15,58,2,75,22,0,22,97
08/25/2022,PAH,KY,ASO,ES,Federal Contract Tower,0,7,11,0,18,0,0,26,0,26,0,7,37,0,44,6,0,6,50
08/26/2022,PAH,KY,ASO,ES,Federal Contract Tower,0,8,11,0,19,0,2,20,0,22,0,10,31,0,41,32,0,32,73
08/27/2022,PAH,KY,ASO,ES,Federal Contract Tower,0,0,7,0,7,0,2,31,0,33,0,2,38,0,40,4,0,4,44
08/28/2022,PAH,KY,ASO,ES,Federal Contract Tower,0,4,2,0,6,0,6,30,2,38,0,10,32,2,44,26,0,26,70
08/29/2022,PAH,KY,ASO,ES,Federal Contract Tower,0,8,5,2,15,0,9,30,6,45,0,17,35,8,60,26,2,28,88
08/30/2022,PAH,KY,ASO,ES,Federal Contract Tower,0,9,5,0,14,0,7,41,4,52,0,16,46,4,66,30,0,30,96
08/31/2022,PAH,KY,ASO,ES,Federal Contract Tower,0,18,11,2,31,0,9,39,4,52,0,27,50,6,83,18,4,22,105
09/01/2022,PAH,KY,ASO,ES,Federal Contract Tower,0,12,7,0,19,0,0,23,0,23,0,12,30,0,42,8,0,8,50
09/02/2022,PAH,KY,ASO,ES,Federal Contract Tower,2,8,7,0,17,0,2,26,0,28,2,10,33,0,45,28,0,28,73
09/03/2022,PAH,KY,ASO,ES,Federal Contract Tower,0,2,4,0,6,0,0,4,0,4,0,2,8,0,10,6,0,6,16
09/04/2022,PAH,KY,ASO,ES,Federal Contract Tower,0,4,1,0,5,0,5,13,0,18,0,9,14,0,23,0,0,0,23
09/05/2022,PAH,KY,ASO,ES,Federal Contract Tower,0,5,4,0,9,0,8,25,0,33,0,13,29,0,42,20,0,20,62
09/06/2022,PAH,KY,ASO,ES,Federal Contract Tower,0,8,10,0,18,0,10,31,4,45,0,18,41,4,63,20,8,28,91
09/07/2022,PAH,KY,ASO,ES,Federal Contract Tower,0,9,12,0,21,0,10,45,2,57,0,19,57,2,78,26,0,26,104
09/08/2022,PAH,KY,ASO,ES,Federal Contract Tower,0,8,5,0,13,0,5,39,4,48,0,13,44,4,61,16,6,22,83
09/09/2022,PAH,KY,ASO,ES,Federal Contract Tower,0,6,11,6,23,0,0,16,0,16,0,6,27,6,39,10,0,10,49
09/10/2022,PAH,KY,ASO,ES,Federal Contract Tower,0,4,5,0,9,0,5,20,0,25,0,9,25,0,34,20,0,20,54
09/11/2022,PAH,KY,ASO,ES,Federal Contract Tower,0,5,14,0,19,0,4,25,0,29,0,9,39,0,48,22,0,22,70
09/12/2022,PAH,KY,ASO,ES,Federal Contract Tower,0,11,8,0,19,0,0,10,0,10,0,11,18,0,29,4,0,4,33
09/13/2022,PAH,KY,ASO,ES,Federal Contract Tower,0,8,3,2,13,0,8,40,2,50,0,16,43,4,63,22,0,22,85
09/14/2022,PAH,KY,ASO,ES,Federal Contract Tower,0,8,4,0,12,0,3,45,4,52,0,11,49,4,64,24,6,30,94
09/15/2022,PAH,KY,ASO,ES,Federal Contract Tower,0,8,21,0,29,0,4,37,0,41,0,12,58,0,70,20,0,20,90
09/16/2022,PAH,KY,ASO,ES,Federal Contract Tower,0,8,11,6,25,0,4,14,0,18,0,12,25,6,43,0,0,0,43
09/17/2022,PAH,KY,ASO,ES,Federal Contract Tower,0,8,0,0,8,0,4,9,0,13,0,12,9,0,21,8,0,8,29
09/18/2022,PAH,KY,ASO,ES,Federal Contract Tower,0,6,9,0,15,0,4,37,0,41,0,10,46,0,56,26,0,26,82
09/19/2022,PAH,KY,ASO,ES,Federal Contract Tower,0,6,15,0,21,0,8,41,4,53,0,14,56,4,74,18,8,26,100
09/20/2022,PAH,KY,ASO,ES,Federal Contract Tower,0,7,13,2,22,0,4,28,2,34,0,11,41,4,56,16,0,16,72
09/21/2022,PAH,KY,ASO,ES,Federal Contract Tower,0,6,18,2,26,0,11,43,8,62,0,17,61,10,88,24,6,30,118
09/22/2022,PAH,KY,ASO,ES,Federal Contract Tower,0,13,6,0,19,0,0,11,0,11,0,13,17,0,30,26,0,26,56
09/23/2022,PAH,KY,ASO,ES,Federal Contract Tower,0,10,4,0,14,0,0,27,0,27,0,10,31,0,41,8,0,8,49
09/24/2022,PAH,KY,ASO,ES,Federal Contract Tower,0,4,12,0,16,0,0,27,0,27,0,4,39,0,43,10,0,10,53
09/25/2022,PAH,KY,ASO,ES,Federal Contract Tower,0,5,8,0,13,0,3,27,4,34,0,8,35,4,47,26,6,32,79
09/26/2022,PAH,KY,ASO,ES,Federal Contract Tower,0,9,7,0,16,0,8,36,6,50,0,17,43,6,66,30,2,32,98
09/27/2022,PAH,KY,ASO,ES,Federal Contract Tower,0,10,14,0,24,0,7,44,2,53,0,17,58,2,77,28,0,28,105
09/28/2022,PAH,KY,ASO,ES,Federal Contract Tower,0,6,17,2,25,0,8,40,6,54,0,14,57,8,79,20,8,28,107
09/29/2022,PAH,KY,ASO,ES,Federal Contract Tower,0,16,13,1,30,0,11,32,2,45,0,27,45,3,75,16,0,16,91
09/30/2022,PAH,KY,ASO,ES,Federal Contract Tower,0,11,11,2,24,0,4,38,0,42,0,15,49,2,66,24,0,24,90
10/01/2022,PAH,KY,ASO,ES,Federal Contract Tower,0,5,6,0,11,0,6,8,0,14,0,11,14,0,25,0,0,0,25
10/02/2022,PAH,KY,ASO,ES,Federal Contract Tower,0,12,2,0,14,0,9,36,0,45,0,21,38,0,59,32,0,32,91
10/03/2022,PAH,KY,ASO,ES,Federal Contract Tower,0,7,2,0,9,0,11,37,4,52,0,18,39,4,61,26,8,34,95
10/04/2022,PAH,KY,ASO,ES,Federal Contract Tower,0,8,3,4,15,0,9,40,4,53,0,17,43,8,68,28,4,32,100
10/05/2022,PAH,KY,ASO,ES,Federal Contract Tower,0,8,4,0,12,0,1,48,4,53,0,9,52,4,65,30,2,32,97
10/06/2022,PAH,KY,ASO,ES,Federal Contract Tower,0,8,13,2,23,0,7,35,2,44,0,15,48,4,67,22,0,22,89
10/07/2022,PAH,KY,ASO,ES,Federal Contract Tower,0,6,7,8,21,0,2,25,2,29,0,8,32,10,50,4,6,10,60
10/08/2022,PAH,KY,ASO,ES,Federal Contract Tower,0,6,4,0,10,0,0,6,0,6,0,6,10,0,16,0,0,0,16
10/09/2022,PAH,KY,ASO,ES,Federal Contract Tower,0,4,7,0,11,0,4,32,0,36,0,8,39,0,47,24,0,24,71
10/10/2022,PAH,KY,ASO,ES,Federal Contract Tower,0,8,11,0,19,0,7,37,2,46,0,15,48,2,65,48,0,48,113
10/11/2022,PAH,KY,ASO,ES,Federal Contract Tower,0,10,9,4,23,0,11,40,4,55,0,21,49,8,78,24,6,30,108
10/12/2022,PAH,KY,ASO,ES,Federal Contract Tower,0,6,6,0,12,0,6,23,2,31,0,12,29,2,43,8,4,12,55
10/13/2022,PAH,KY,ASO,ES,Federal Contract Tower,0,9,11,0,20,0,8,19,0,27,0,17,30,0,47,10,0,10,57
10/14/2022,PAH,KY,ASO,ES,Federal Contract Tower,0,18,5,0,23,0,0,15,2,17,0,18,20,2,40,0,0,0,40
10/15/2022,PAH,KY,ASO,ES,Federal Contract Tower,0,4,5,0,9,0,0,17,0,17,0,4,22,0,26,4,0,4,30
10/16/2022,PAH,KY,ASO,ES,Federal Contract Tower,0,7,6,0,13,0,6,38,0,44,0,13,44,0,57,28,0,28,85
10/17/2022,PAH,KY,ASO,ES,Federal Contract Tower,0,6,5,4,15,0,11,37,4,52,0,17,42,8,67,18,6,24,91
10/18/2022,PAH,KY,ASO,ES,Federal Contract Tower,0,8,5,3,16,0,4,36,8,48,0,12,41,11,64,30,6,36,100
10/19/2022,PAH,KY,ASO,ES,Federal Contract Tower,0,8,10,0,18,0,10,43,2,55,0,18,53,2,73,30,0,30,103
10/20/2022,PAH,KY,ASO,ES,Federal Contract Tower,0,13,6,2,21,0,6,37,0,43,0,19,43,2,64,28,0,28,92
10/21/2022,PAH,KY,ASO,ES,Federal Contract Tower,0,7,8,0,15,0,2,17,0,19,0,9,25,0,34,4,0,4,38
10/22/2022,PAH,KY,ASO,ES,Federal Contract Tower,0,8,4,0,12,0,2,14,0,16,0,10,18,0,28,0,0,0,28
10/23/2022,PAH,KY,ASO,ES,Federal Contract Tower,0,6,5,0,11,0,4,16,0,20,0,10,21,0,31,12,0,12,43
10/24/2022,PAH,KY,ASO,ES,Federal Contract Tower,0,7,4,2,13,0,2,8,0,10,0,9,12,2,23,0,0,0,23
10/25/2022,PAH,KY,ASO,ES,Federal Contract Tower,0,6,5,8,19,0,0,5,0,5,0,6,10,8,24,0,0,0,24
10/26/2022,PAH,KY,ASO,ES,Federal Contract Tower,0,11,17,2,30,0,0,9,0,9,0,11,26,2,39,0,0,0,39
10/27/2022,PAH,KY,ASO,ES,Federal Contract Tower,0,6,13,0,19,0,3,14,0,17,0,9,27,0,36,4,0,4,40
10/28/2022,PAH,KY,ASO,ES,Federal Contract Tower,0,8,9,0,17,0,0,30,0,30,0,8,39,0,47,28,0,28,75
10/29/2022,PAH,KY,ASO,ES,Federal Contract Tower,0,7,4,0,11,0,4,11,4,19,0,11,15,4,30,6,20,26,56
10/30/2022,PAH,KY,ASO,ES,Federal Contract Tower,0,7,11,0,18,0,6,18,0,24,0,13,29,0,42,6,0,6,48
10/31/2022,PAH,KY,ASO,ES,Federal Contract Tower,0,16,6,6,28,0,9,27,2,38,0,25,33,8,66,16,0,16,82
11/01/2022,PAH,KY,ASO,ES,Federal Contract Tower,0,6,13,0,19,0,4,37,2,43,0,10,50,2,62,18,0,18,80
11/02/2022,PAH,KY,ASO,ES,Federal Contract Tower,0,10,3,8,21,0,9,26,0,35,0,19,29,8,56,12,0,12,68
11/03/2022,PAH,KY,ASO,ES,Federal Contract Tower,0,8,11,8,27,0,3,27,0,30,0,11,38,8,57,10,0,10,67
11/04/2022,PAH,KY,ASO,ES,Federal Contract Tower,0,10,16,0,26,0,0,11,0,11,0,10,27,0,37,0,0,0,37
11/05/2022,PAH,KY,ASO,ES,Federal Contract Tower,0,2,3,0,5,0,0,0,0,0,0,2,3,0,5,0,0,0,5
11/06/2022,PAH,KY,ASO,ES,Federal Contract Tower,0,4,9,0,13,0,8,27,0,35,0,12,36,0,48,28,0,28,76
11/07/2022,PAH,KY,ASO,ES,Federal Contract Tower,0,5,13,2,20,0,9,28,4,41,0,14,41,6,61,20,4,24,85
11/08/2022,PAH,KY,ASO,ES,Federal Contract Tower,0,13,7,2,22,0,0,34,0,34,0,13,41,2,56,16,0,16,72
11/09/2022,PAH,KY,ASO,ES,Federal Contract Tower,0,12,20,1,33,0,2,31,3,36,0,14,51,4,69,104,0,104,173
11/10/2022,PAH,KY,ASO,ES,Federal Contract Tower,0,9,14,0,23,0,4,36,0,40,0,13,50,0,63,106,0,106,169
11/11/2022,PAH,KY,ASO,ES,Federal Contract Tower,0,8,2,0,10,0,0,5,1,6,0,8,7,1,16,0,0,0,16
11/12/2022,PAH,KY,ASO,ES,Federal Contract Tower,0,7,4,0,11,0,0,0,0,0,0,7,4,0,11,0,0,0,11
11/13/2022,PAH,KY,ASO,ES,Federal Contract Tower,0,9,8,0,17,0,6,34,0,40,0,15,42,0,57,26,0,26,83
11/14/2022,PAH,KY,ASO,ES,Federal Contract Tower,0,9,18,2,29,0,8,34,6,48,0,17,52,8,77,16,4,20,97
11/15/2022,PAH,KY,ASO,ES,Federal Contract Tower,0,6,6,0,12,0,4,12,0,16,0,10,18,0,28,4,0,4,32
11/16/2022,PAH,KY,ASO,ES,Federal Contract Tower,0,11,14,0,25,0,5,26,10,41,0,16,40,10,66,0,0,0,66
11/17/2022,PAH,KY,ASO,ES,Federal Contract Tower,0,9,7,0,16,0,3,25,3,31,0,12,32,3,47,2,0,2,49
11/18/2022,PAH,KY,ASO,ES,Federal Contract Tower,0,6,7,0,13,0,2,12,0,14,0,8,19,0,27,0,0,0,27
11/19/2022,PAH,KY,ASO,ES,Federal Contract Tower,0,6,0,0,6,0,0,14,0,14,0,6,14,0,20,16,0,16,36
11/20/2022,PAH,KY,ASO,ES,Federal Contract Tower,0,6,7,0,13,0,6,39,0,45,0,12,46,0,58,22,0,22,80
11/21/2022,PAH,KY,ASO,ES,Federal Contract Tower,0,7,9,0,16,0,10,36,4,50,0,17,45,4,66,32,2,34,100
11/22/2022,PAH,KY,ASO,ES,Federal Contract Tower,0,9,9,0,18,0,10,42,4,56,0,19,51,4,74,22,4,26,100
11/23/2022,PAH,KY,ASO,ES,Federal Contract Tower,0,7,6,0,13,0,2,18,0,20,0,9,24,0,33,10,0,10,43
11/24/2022,PAH,KY,ASO,ES,Federal Contract Tower,0,4,5,0,9,0,2,10,0,12,0,6,15,0,21,0,0,0,21
11/25/2022,PAH,KY,ASO,ES,Federal Contract Tower,0,6,10,0,16,0,0,2,0,2,0,6,12,0,18,0,0,0,18
11/26/2022,PAH,KY,ASO,ES,Federal Contract Tower,0,9,4,0,13,0,0,3,0,3,0,9,7,0,16,0,0,0,16
11/27/2022,PAH,KY,ASO,ES,Federal Contract Tower,0,9,12,0,21,0,6,15,0,21,0,15,27,0,42,0,0,0,42
11/28/2022,PAH,KY,ASO,ES,Federal Contract Tower,0,8,5,0,13,0,8,29,4,41,0,16,34,4,54,16,4,20,74
11/29/2022,PAH,KY,ASO,ES,Federal Contract Tower,0,5,9,0,14,0,8,14,0,22,0,13,23,0,36,6,0,6,42
11/30/2022,PAH,KY,ASO,ES,Federal Contract Tower,0,9,5,1,15,0,6,34,1,41,0,15,39,2,56,28,0,28,84
12/01/2022,PAH,KY,ASO,ES,Federal Contract Tower,0,5,6,8,19,0,1,31,0,32,0,6,37,8,51,26,0,26,77
12/02/2022,PAH,KY,ASO,ES,Federal Contract Tower,0,7,7,5,19,0,0,2,0,2,0,7,9,5,21,0,0,0,21
12/03/2022,PAH,KY,ASO,ES,Federal Contract Tower,0,2,4,0,6,0,2,2,0,4,0,4,6,0,10,0,0,0,10
12/04/2022,PAH,KY,ASO,ES,Federal Contract Tower,0,1,3,0,4,0,6,24,0,30,0,7,27,0,34,24,0,24,58
12/05/2022,PAH,KY,ASO,ES,Federal Contract Tower,1,7,6,0,14,0,5,5,0,10,1,12,11,0,24,0,0,0,24
12/06/2022,PAH,KY,ASO,ES,Federal Contract Tower,2,9,3,0,14,0,4,4,0,8,2,13,7,0,22,0,0,0,22
12/07/2022,PAH,KY,ASO,ES,Federal Contract Tower,0,12,16,0,28,0,1,4,0,5,0,13,20,0,33,0,0,0,33
12/08/2022,PAH,KY,ASO,ES,Federal Contract Tower,0,22,29,0,51,0,0,0,0,0,0,22,29,0,51,0,0,0,51
12/09/2022,PAH,KY,ASO,ES,Federal Contract Tower,0,18,13,0,31,0,0,7,0,7,0,18,20,0,38,0,0,0,38
12/10/2022,PAH,KY,ASO,ES,Federal Contract Tower,0,4,6,0,10,0,0,0,0,0,0,4,6,0,10,0,0,0,10
12/11/2022,PAH,KY,ASO,ES,Federal Contract Tower,0,8,5,2,15,0,6,22,0,28,0,14,27,2,43,0,0,0,43
12/12/2022,PAH,KY,ASO,ES,Federal Contract Tower,0,6,9,0,15,0,8,33,4,45,0,14,42,4,60,32,6,38,98
12/13/2022,PAH,KY,ASO,ES,Federal Contract Tower,0,4,8,4,16,0,6,30,4,40,0,10,38,8,56,22,2,24,80
12/14/2022,PAH,KY,ASO,ES,Federal Contract Tower,0,7,24,2,33,0,3,9,0,12,0,10,33,2,45,0,0,0,45
12/15/2022,PAH,KY,ASO,ES,Federal Contract Tower,0,16,1,1,18,0,4,30,2,36,0,20,31,3,54,34,0,34,88
12/16/2022,PAH,KY,ASO,ES,Federal Contract Tower,0,9,12,0,21,0,0,25,0,25,0,9,37,0,46,14,0,14,60
12/17/2022,PAH,KY,ASO,ES,Federal Contract Tower,0,3,7,0,10,0,0,13,0,13,0,3,20,0,23,2,0,2,25
12/18/2022,PAH,KY,ASO,ES,Federal Contract Tower,0,8,3,0,11,0,8,48,0,56,0,16,51,0,67,22,0,22,89
12/19/2022,PAH,KY,ASO,ES,Federal Contract Tower,0,10,6,0,16,0,6,33,6,45,0,16,39,6,61,32,8,40,101
12/20/2022,PAH,KY,ASO,ES,Federal Contract Tower,0,4,6,0,10,0,10,43,6,59,0,14,49,6,69,24,2,26,95
12/21/2022,PAH,KY,ASO,ES,Federal Contract Tower,0,7,3,1,11,0,6,28,4,38,0,13,31,5,49,18,0,18,67
12/22/2022,PAH,KY,ASO,ES,Federal Contract Tower,0,6,4,0,10,0,5,5,0,10,0,11,9,0,20,0,0,0,20
12/23/2022,PAH,KY,ASO,ES,Federal Contract Tower,0,7,4,0,11,0,0,0,0,0,0,7,4,0,11,0,0,0,11
12/24/2022,PAH,KY,ASO,ES,Federal Contract Tower,0,3,1,0,4,0,0,3,0,3,0,3,4,0,7,0,0,0,7
12/25/2022,PAH,KY,ASO,ES,Federal Contract Tower,0,2,0,0,2,0,6,12,0,18,0,8,12,0,20,0,0,0,20
12/26/2022,PAH,KY,ASO,ES,Federal Contract Tower,0,6,2,0,8,0,4,7,0,11,0,10,9,0,19,0,0,0,19
12/27/2022,PAH,KY,ASO,ES,Federal Contract Tower,2,7,6,0,15,0,8,23,0,31,2,15,29,0,46,6,0,6,52
12/28/2022,PAH,KY,ASO,ES,Federal Contract Tower,0,8,8,0,16,0,2,23,0,25,0,10,31,0,41,16,0,16,57
12/29/2022,PAH,KY,ASO,ES,Federal Contract Tower,0,9,7,1,17,0,5,15,0,20,0,14,22,1,37,6,1,7,44
12/30/2022,PAH,KY,ASO,ES,Federal Contract Tower,0,8,2,0,10,0,0,0,0,0,0,8,2,0,10,0,0,0,10
12/31/2022,PAH,KY,ASO,ES,Federal Contract Tower,0,2,2,0,4,0,0,0,0,0,0,2,2,0,4,0,0,0,4
01/01/2023,PAH,KY,ASO,ES,Federal Contract Tower,0,5,7,0,12,0,4,12,0,16,0,9,19,0,28,27,0,27,55
01/02/2023,PAH,KY,ASO,ES,Federal Contract Tower,0,3,7,0,10,0,6,5,4,15,0,9,12,4,25,0,0,0,25
01/03/2023,PAH,KY,ASO,ES,Federal Contract Tower,0,7,4,2,13,0,6,20,4,30,0,13,24,6,43,14,4,18,61
01/04/2023,PAH,KY,ASO,ES,Federal Contract Tower,0,9,14,0,23,0,6,31,4,41,0,15,45,4,64,26,2,28,92
01/05/2023,PAH,KY,ASO,ES,Federal Contract Tower,0,12,4,2,18,0,7,26,4,37,0,19,30,6,55,22,4,26,81
01/06/2023,PAH,KY,ASO,ES,Federal Contract Tower,0,8,9,2,19,0,0,21,0,21,0,8,30,2,40,8,0,8,48
01/07/2023,PAH,KY,ASO,ES,Federal Contract Tower,0,2,4,0,6,0,2,0,0,2,0,4,4,0,8,0,0,0,8
01/08/2023,PAH,KY,ASO,ES,Federal Contract Tower,0,4,7,0,11,0,6,18,4,28,0,10,25,4,39,26,2,28,67
01/09/2023,PAH,KY,ASO,ES,Federal Contract Tower,0,7,9,5,21,0,11,34,5,50,0,18,43,10,71,38,4,42,113
01/10/2023,PAH,KY,ASO,ES,Federal Contract Tower,0,7,7,3,17,0,7,44,9,60,0,14,51,12,77,26,6,32,109
01/11/2023,PAH,KY,ASO,ES,Federal Contract Tower,0,7,5,0,12,0,3,8,2,13,0,10,13,2,25,6,4,10,35
01/12/2023,PAH,KY,ASO,ES,Federal Contract Tower,0,15,4,0,19,0,6,6,4,16,0,21,10,4,35,0,0,0,35
01/13/2023,PAH,KY,ASO,ES,Federal Contract Tower,0,9,7,0,16,0,0,6,0,6,0,9,13,0,22,0,0,0,22
01/14/2023,PAH,KY,ASO,ES,Federal Contract Tower,0,2,4,0,6,0,0,18,0,18,0,2,22,0,24,10,9,19,43
01/15/2023,PAH,KY,ASO,ES,Federal Contract Tower,0,6,5,0,11,0,8,34,0,42,0,14,39,0,53,22,0,22,75
01/16/2023,PAH,KY,ASO,ES,Federal Contract Tower,0,6,8,0,14,0,6,11,4,21,0,12,19,4,35,8,0,8,43
01/17/2023,PAH,KY,ASO,ES,Federal Contract Tower,0,7,6,0,13,0,9,37,4,50,0,16,43,4,63,30,4,34,97
01/18/2023,PAH,KY,ASO,ES,Federal Contract Tower,0,9,12,0,21,0,3,14,2,19,0,12,26,2,40,10,4,14,54
01/19/2023,PAH,KY,ASO,ES,Federal Contract Tower,0,8,6,6,20,0,4,18,0,22,0,12,24,6,42,8,0,8,50
01/20/2023,PAH,KY,ASO,ES,Federal Contract Tower,0,8,11,0,19,0,0,14,0,14,0,8,25,0,33,9,0,9,42
01/21/2023,PAH,KY,ASO,ES,Federal Contract Tower,0,6,5,1,12,0,9,21,0,30,0,15,26,1,42,14,0,14,56
01/22/2023,PAH,KY,ASO,ES,Federal Contract Tower,0,7,1,0,8,0,6,3,0,9,0,13,4,0,17,0,0,0,17
01/23/2023,PAH,KY,ASO,ES,Federal Contract Tower,0,7,2,0,9,0,7,25,4,36,0,14,27,4,45,20,4,24,69
01/24/2023,PAH,KY,ASO,ES,Federal Contract Tower,0,9,5,0,14,0,9,35,2,46,0,18,40,2,60,26,0,26,86
01/25/2023,PAH,KY,ASO,ES,Federal Contract Tower,0,4,5,0,9,0,0,0,0,0,0,4,5,0,9,0,0,0,9
01/26/2023,PAH,KY,ASO,ES,Federal Contract Tower,0,9,12,1,22,0,0,25,5,30,0,9,37,6,52,26,6,32,84
01/27/2023,PAH,KY,ASO,ES,Federal Contract Tower,0,8,12,6,26,0,0,16,0,16,0,8,28,6,42,12,0,12,54
01/28/2023,PAH,KY,ASO,ES,Federal Contract Tower,0,3,9,0,12,0,0,22,0,22,0,3,31,0,34,24,0,24,58
01/29/2023,PAH,KY,ASO,ES,Federal Contract Tower,0,6,4,0,10,0,0,0,0,0,0,6,4,0,10,0,0,0,10
01/30/2023,PAH,KY,ASO,ES,Federal Contract Tower,0,7,6,0,13,0,0,0,0,0,0,7,6,0,13,0,0,0,13
01/31/2023,PAH,KY,ASO,ES,Federal Contract Tower,0,0,0,0,0,0,0,0,0,0,0,0,0,0,0,0,0,0,0
02/01/2023,PAH,KY,ASO,ES,Federal Contract Tower,0,3,2,0,5,0,0,4,0,4,0,3,6,0,9,0,0,0,9
02/02/2023,PAH,KY,ASO,ES,Federal Contract Tower,0,9,2,0,11,0,4,22,0,26,0,13,24,0,37,36,0,36,73
02/03/2023,PAH,KY,ASO,ES,Federal Contract Tower,0,8,11,0,19,0,0,18,0,18,0,8,29,0,37,20,2,22,59
02/04/2023,PAH,KY,ASO,ES,Federal Contract Tower,0,2,3,0,5,0,4,18,0,22,0,6,21,0,27,14,0,14,41
02/05/2023,PAH,KY,ASO,ES,Federal Contract Tower,0,4,4,0,8,0,9,35,2,46,0,13,39,2,54,34,6,40,94
02/06/2023,PAH,KY,ASO,ES,Federal Contract Tower,0,8,9,1,18,0,11,47,5,63,0,19,56,6,81,30,2,32,113
02/07/2023,PAH,KY,ASO,ES,Federal Contract Tower,0,8,9,8,25,0,7,28,4,39,0,15,37,12,64,24,4,28,92
02/08/2023,PAH,KY,ASO,ES,Federal Contract Tower,0,8,6,0,14,0,5,7,2,14,0,13,13,2,28,0,0,0,28
02/09/2023,PAH,KY,ASO,ES,Federal Contract Tower,0,3,7,2,12,0,4,3,0,7,0,7,10,2,19,0,0,0,19
02/10/2023,PAH,KY,ASO,ES,Federal Contract Tower,0,9,12,0,21,0,0,8,10,18,0,9,20,10,39,0,0,0,39
02/11/2023,PAH,KY,ASO,ES,Federal Contract Tower,0,4,10,0,14,0,16,35,0,51,0,20,45,0,65,71,0,71,136
02/12/2023,PAH,KY,ASO,ES,Federal Contract Tower,0,7,8,0,15,0,8,30,0,38,0,15,38,0,53,42,0,42,95
02/13/2023,PAH,KY,ASO,ES,Federal Contract Tower,0,8,10,8,26,0,9,46,4,59,0,17,56,12,85,24,2,26,111
02/14/2023,PAH,KY,ASO,ES,Federal Contract Tower,0,7,2,0,9,0,5,17,4,26,0,12,19,4,35,6,2,8,43
02/15/2023,PAH,KY,ASO,ES,Federal Contract Tower,0,13,20,0,33,0,2,22,0,24,0,15,42,0,57,10,0,10,67
02/16/2023,PAH,KY,ASO,ES,Federal Contract Tower,0,10,4,0,14,0,3,2,0,5,0,13,6,0,19,0,0,0,19
02/17/2023,PAH,KY,ASO,ES,Federal Contract Tower,0,6,11,0,17,0,3,15,0,18,0,9,26,0,35,0,0,0,35
02/18/2023,PAH,KY,ASO,ES,Federal Contract Tower,0,2,8,0,10,0,0,21,0,21,0,2,29,0,31,42,0,42,73
02/19/2023,PAH,KY,ASO,ES,Federal Contract Tower,0,4,4,0,8,0,9,31,0,40,0,13,35,0,48,24,0,24,72
02/20/2023,PAH,KY,ASO,ES,Federal Contract Tower,0,7,11,0,18,0,2,7,0,9,0,9,18,0,27,24,0,24,51
02/21/2023,PAH,KY,ASO,ES,Federal Contract Tower,0,6,6,0,12,0,11,44,4,59,0,17,50,4,71,30,0,30,101
02/22/2023,PAH,KY,ASO,ES,Federal Contract Tower,0,6,3,0,9,0,5,6,0,11,0,11,9,0,20,4,0,4,24
02/23/2023,PAH,KY,ASO,ES,Federal Contract Tower,0,8,10,2,20,0,7,32,2,41,0,15,42,4,61,42,2,44,105
02/24/2023,PAH,KY,ASO,ES,Federal Contract Tower,0,6,4,4,14,0,0,28,0,28,0,6,32,4,42,16,0,16,58
02/25/2023,PAH,KY,ASO,ES,Federal Contract Tower,0,5,14,0,19,0,2,10,0,12,0,7,24,0,31,0,0,0,31
02/26/2023,PAH,KY,ASO,ES,Federal Contract Tower,0,4,4,0,8,0,4,4,0,8,0,8,8,0,16,0,0,0,16
02/27/2023,PAH,KY,ASO,ES,Federal Contract Tower,0,7,3,0,10,0,8,11,2,21,0,15,14,2,31,2,0,2,33
02/28/2023,PAH,KY,ASO,ES,Federal Contract Tower,0,8,5,0,13,0,10,42,6,58,0,18,47,6,71,34,4,38,109
03/01/2023,PAH,KY,ASO,ES,Federal Contract Tower,0,6,14,0,20,0,5,19,2,26,0,11,33,2,46,16,0,16,62
03/02/2023,PAH,KY,ASO,ES,Federal Contract Tower,0,11,7,0,18,0,3,23,0,26,0,14,30,0,44,32,0,32,76
03/03/2023,PAH,KY,ASO,ES,Federal Contract Tower,0,8,1,0,9,0,0,0,0,0,0,8,1,0,9,0,0,0,9
03/04/2023,PAH,KY,ASO,ES,Federal Contract Tower,0,6,10,0,16,0,0,45,0,45,0,6,55,0,61,12,0,12,73
03/05/2023,PAH,KY,ASO,ES,Federal Contract Tower,0,5,10,0,15,0,10,43,0,53,0,15,53,0,68,38,0,38,106
03/06/2023,PAH,KY,ASO,ES,Federal Contract Tower,0,7,4,2,13,0,8,49,4,61,0,15,53,6,74,50,2,52,126
03/07/2023,PAH,KY,ASO,ES,Federal Contract Tower,0,6,7,4,17,0,8,47,6,61,0,14,54,10,78,32,0,32,110
03/08/2023,PAH,KY,ASO,ES,Federal Contract Tower,0,10,10,4,24,0,10,21,0,31,0,20,31,4,55,28,0,28,83
03/09/2023,PAH,KY,ASO,ES,Federal Contract Tower,0,8,7,6,21,0,5,18,2,25,0,13,25,8,46,18,2,20,66
03/10/2023,PAH,KY,ASO,ES,Federal Contract Tower,0,8,8,3,19,0,0,12,1,13,0,8,20,4,32,4,0,4,36
03/11/2023,PAH,KY,ASO,ES,Federal Contract Tower,0,5,1,0,6,0,0,17,0,17,0,5,18,0,23,16,0,16,39
03/12/2023,PAH,KY,ASO,ES,Federal Contract Tower,0,5,5,0,10,0,6,19,0,25,0,11,24,0,35,18,0,18,53
03/13/2023,PAH,KY,ASO,ES,Federal Contract Tower,0,6,1,8,15,0,4,22,8,34,0,10,23,16,49,14,6,20,69
03/14/2023,PAH,KY,ASO,ES,Federal Contract Tower,0,8,4,2,14,0,11,43,0,54,0,19,47,2,68,26,0,26,94
03/15/2023,PAH,KY,ASO,ES,Federal Contract Tower,0,12,8,0,20,0,3,43,2,48,0,15,51,2,68,18,2,20,88
03/16/2023,PAH,KY,ASO,ES,Federal Contract Tower,0,13,15,0,28,0,3,24,1,28,0,16,39,1,56,14,0,14,70
03/17/2023,PAH,KY,ASO,ES,Federal Contract Tower,0,10,6,0,16,0,2,5,0,7,0,12,11,0,23,0,0,0,23
03/18/2023,PAH,KY,ASO,ES,Federal Contract Tower,0,2,2,0,4,0,0,13,0,13,0,2,15,0,17,4,0,4,21
03/19/2023,PAH,KY,ASO,ES,Federal Contract Tower,0,7,7,0,14,0,8,36,0,44,0,15,43,0,58,28,0,28,86
03/20/2023,PAH,KY,ASO,ES,Federal Contract Tower,0,7,9,0,16,0,9,32,4,45,0,16,41,4,61,26,2,28,89
03/21/2023,PAH,KY,ASO,ES,Federal Contract Tower,0,6,6,2,14,0,4,19,0,23,0,10,25,2,37,12,0,12,49
03/22/2023,PAH,KY,ASO,ES,Federal Contract Tower,0,12,9,0,21,0,7,5,5,17,0,19,14,5,38,0,0,0,38
03/23/2023,PAH,KY,ASO,ES,Federal Contract Tower,0,6,19,0,25,0,3,12,5,20,0,9,31,5,45,10,0,10,55
03/24/2023,PAH,KY,ASO,ES,Federal Contract Tower,0,4,2,0,6,0,0,0,0,0,0,4,2,0,6,0,0,0,6
03/25/2023,PAH,KY,ASO,ES,Federal Contract Tower,0,2,16,0,18,0,0,16,0,16,0,2,32,0,34,4,0,4,38
03/26/2023,PAH,KY,ASO,ES,Federal Contract Tower,0,10,1,2,13,0,10,45,0,55,0,20,46,2,68,26,0,26,94
03/27/2023,PAH,KY,ASO,ES,Federal Contract Tower,0,6,5,4,15,0,6,36,6,48,0,12,41,10,63,42,4,46,109
03/28/2023,PAH,KY,ASO,ES,Federal Contract Tower,0,6,13,1,20,0,4,55,3,62,0,10,68,4,82,34,0,34,116
03/29/2023,PAH,KY,ASO,ES,Federal Contract Tower,0,8,17,8,33,0,5,37,0,42,0,13,54,8,75,26,0,26,101
03/30/2023,PAH,KY,ASO,ES,Federal Contract Tower,0,12,17,0,29,0,5,29,0,34,0,17,46,0,63,12,0,12,75
03/31/2023,PAH,KY,ASO,ES,Federal Contract Tower,0,4,2,0,6,0,0,0,0,0,0,4,2,0,6,0,0,0,6
04/01/2023,PAH,KY,ASO,ES,Federal Contract Tower,0,4,13,0,17,0,0,2,0,2,0,4,15,0,19,0,0,0,19
04/02/2023,PAH,KY,ASO,ES,Federal Contract Tower,0,7,5,0,12,0,18,42,0,60,0,25,47,0,72,26,0,26,98
04/03/2023,PAH,KY,ASO,ES,Federal Contract Tower,0,11,7,2,20,0,10,45,4,59,0,21,52,6,79,26,6,32,111
04/04/2023,PAH,KY,ASO,ES,Federal Contract Tower,0,7,9,0,16,0,14,18,4,36,0,21,27,4,52,16,0,16,68
04/05/2023,PAH,KY,ASO,ES,Federal Contract Tower,0,6,3,0,9,0,3,10,2,15,0,9,13,2,24,2,0,2,26
04/06/2023,PAH,KY,ASO,ES,Federal Contract Tower,0,12,11,6,29,0,1,17,0,18,0,13,28,6,47,14,0,14,61
04/07/2023,PAH,KY,ASO,ES,Federal Contract Tower,0,8,7,0,15,0,2,19,3,24,0,10,26,3,39,16,0,16,55
04/08/2023,PAH,KY,ASO,ES,Federal Contract Tower,0,4,6,0,10,0,0,15,0,15,0,4,21,0,25,14,0,14,39
04/09/2023,PAH,KY,ASO,ES,Federal Contract Tower,0,7,7,0,14,0,4,30,0,34,0,11,37,0,48,14,0,14,62
04/10/2023,PAH,KY,ASO,ES,Federal Contract Tower,0,9,5,0,14,0,5,28,2,35,0,14,33,2,49,20,4,24,73
04/11/2023,PAH,KY,ASO,ES,Federal Contract Tower,0,8,5,3,16,0,6,58,8,72,0,14,63,11,88,38,0,38,126
04/12/2023,PAH,KY,ASO,ES,Federal Contract Tower,0,6,15,1,22,0,7,31,3,41,0,13,46,4,63,26,0,26,89
04/13/2023,PAH,KY,ASO,ES,Federal Contract Tower,0,10,9,0,19,0,12,29,0,41,0,22,38,0,60,24,0,24,84
04/14/2023,PAH,KY,ASO,ES,Federal Contract Tower,0,10,2,0,12,0,2,6,0,8,0,12,8,0,20,0,0,0,20
04/15/2023,PAH,KY,ASO,ES,Federal Contract Tower,0,2,0,0,2,0,0,12,0,12,0,2,12,0,14,9,0,9,23
04/16/2023,PAH,KY,ASO,ES,Federal Contract Tower,0,4,2,0,6,0,7,15,0,22,0,11,17,0,28,6,0,6,34
04/17/2023,PAH,KY,ASO,ES,Federal Contract Tower,0,6,6,2,14,0,4,28,4,36,0,10,34,6,50,28,4,32,82
04/18/2023,PAH,KY,ASO,ES,Federal Contract Tower,0,7,2,2,11,0,7,44,2,53,0,14,46,4,64,30,0,30,94
04/19/2023,PAH,KY,ASO,ES,Federal Contract Tower,0,13,16,4,33,0,5,24,0,29,0,18,40,4,62,24,0,24,86
04/20/2023,PAH,KY,ASO,ES,Federal Contract Tower,0,9,13,2,24,0,2,1,2,5,0,11,14,4,29,0,0,0,29
04/21/2023,PAH,KY,ASO,ES,Federal Contract Tower,0,5,8,2,15,0,0,1,0,1,0,5,9,2,16,0,0,0,16
04/22/2023,PAH,KY,ASO,ES,Federal Contract Tower,0,4,8,0,12,0,7,9,0,16,0,11,17,0,28,10,0,10,38
04/23/2023,PAH,KY,ASO,ES,Federal Contract Tower,0,3,5,0,8,0,9,34,0,43,0,12,39,0,51,22,0,22,73
04/24/2023,PAH,KY,ASO,ES,Federal Contract Tower,0,6,12,0,18,0,6,48,2,56,0,12,60,2,74,38,0,38,112
04/25/2023,PAH,KY,ASO,ES,Federal Contract Tower,0,8,3,0,11,0,4,51,4,59,0,12,54,4,70,44,0,44,114
04/26/2023,PAH,KY,ASO,ES,Federal Contract Tower,0,10,7,1,18,0,8,27,3,38,0,18,34,4,56,26,0,26,82
04/27/2023,PAH,KY,ASO,ES,Federal Contract Tower,0,6,2,0,8,0,6,12,0,18,0,12,14,0,26,8,0,8,34
04/28/2023,PAH,KY,ASO,ES,Federal Contract Tower,0,10,12,0,22,0,0,3,0,3,0,10,15,0,25,0,0,0,25
04/29/2023,PAH,KY,ASO,ES,Federal Contract Tower,0,4,8,0,12,0,0,29,0,29,0,4,37,0,41,14,0,14,55
04/30/2023,PAH,KY,ASO,ES,Federal Contract Tower,0,6,0,0,6,0,7,23,0,30,0,13,23,0,36,20,0,20,56
05/01/2023,PAH,KY,ASO,ES,Federal Contract Tower,0,6,8,0,14,0,8,25,0,33,0,14,33,0,47,14,0,14,61
05/02/2023,PAH,KY,ASO,ES,Federal Contract Tower,0,6,6,0,12,0,7,35,0,42,0,13,41,0,54,34,0,34,88
05/03/2023,PAH,KY,ASO,ES,Federal Contract Tower,0,8,10,2,20,0,5,42,0,47,0,13,52,2,67,48,0,48,115
05/04/2023,PAH,KY,ASO,ES,Federal Contract Tower,0,9,10,0,19,0,7,37,0,44,0,16,47,0,63,24,0,24,87
05/05/2023,PAH,KY,ASO,ES,Federal Contract Tower,0,6,3,0,9,0,0,7,0,7,0,6,10,0,16,0,0,0,16
05/06/2023,PAH,KY,ASO,ES,Federal Contract Tower,0,2,4,0,6,0,0,4,0,4,0,2,8,0,10,0,0,0,10
05/07/2023,PAH,KY,ASO,ES,Federal Contract Tower,0,3,6,0,9,0,7,11,0,18,0,10,17,0,27,0,0,0,27
05/08/2023,PAH,KY,ASO,ES,Federal Contract Tower,0,17,6,0,23,0,7,23,0,30,0,24,29,0,53,14,0,14,67
05/09/2023,PAH,KY,ASO,ES,Federal Contract Tower,0,8,6,0,14,0,11,47,0,58,0,19,53,0,72,38,0,38,110
05/10/2023,PAH,KY,ASO,ES,Federal Contract Tower,0,8,8,0,16,0,6,31,0,37,0,14,39,0,53,26,0,26,79
05/11/2023,PAH,KY,ASO,ES,Federal Contract Tower,0,8,13,4,25,0,0,6,0,6,0,8,19,4,31,0,0,0,31
05/12/2023,PAH,KY,ASO,ES,Federal Contract Tower,0,6,15,0,21,0,0,1,0,1,0,6,16,0,22,0,0,0,22
05/13/2023,PAH,KY,ASO,ES,Federal Contract Tower,0,3,2,0,5,0,0,1,0,1,0,3,3,0,6,0,0,0,6
05/14/2023,PAH,KY,ASO,ES,Federal Contract Tower,0,4,3,0,7,0,0,4,0,4,0,4,7,0,11,0,0,0,11
05/15/2023,PAH,KY,ASO,ES,Federal Contract Tower,0,8,3,2,13,0,0,28,0,28,0,8,31,2,41,6,0,6,47
05/16/2023,PAH,KY,ASO,ES,Federal Contract Tower,0,6,14,1,21,0,0,7,0,7,0,6,21,1,28,0,0,0,28
05/17/2023,PAH,KY,ASO,ES,Federal Contract Tower,0,9,5,15,29,0,1,37,1,39,0,10,42,16,68,10,0,10,78
05/18/2023,PAH,KY,ASO,ES,Federal Contract Tower,0,8,16,10,34,0,0,50,2,52,0,8,66,12,86,40,0,40,126
05/19/2023,PAH,KY,ASO,ES,Federal Contract Tower,0,10,11,2,23,0,0,9,0,9,0,10,20,2,32,6,0,6,38
05/20/2023,PAH,KY,ASO,ES,Federal Contract Tower,0,2,5,0,7,0,0,8,0,8,0,2,13,0,15,0,0,0,15
05/21/2023,PAH,KY,ASO,ES,Federal Contract Tower,0,7,7,0,14,0,6,40,0,46,0,13,47,0,60,28,0,28,88
05/22/2023,PAH,KY,ASO,ES,Federal Contract Tower,0,6,5,0,11,0,10,34,0,44,0,16,39,0,55,48,0,48,103
05/23/2023,PAH,KY,ASO,ES,Federal Contract Tower,0,6,17,0,23,0,11,48,0,59,0,17,65,0,82,30,0,30,112
05/24/2023,PAH,KY,ASO,ES,Federal Contract Tower,0,8,10,0,18,0,7,29,2,38,0,15,39,2,56,26,0,26,82
05/25/2023,PAH,KY,ASO,ES,Federal Contract Tower,0,7,12,0,19,0,6,42,0,48,0,13,54,0,67,18,0,18,85
05/26/2023,PAH,KY,ASO,ES,Federal Contract Tower,0,6,10,1,17,0,4,18,0,22,0,10,28,1,39,20,0,20,59
05/27/2023,PAH,KY,ASO,ES,Federal Contract Tower,0,2,4,0,6,0,0,22,0,22,0,2,26,0,28,27,0,27,55
05/28/2023,PAH,KY,ASO,ES,Federal Contract Tower,0,5,1,0,6,0,6,34,0,40,0,11,35,0,46,28,0,28,74
05/29/2023,PAH,KY,ASO,ES,Federal Contract Tower,0,5,2,0,7,0,8,24,0,32,0,13,26,0,39,28,0,28,67
05/30/2023,PAH,KY,ASO,ES,Federal Contract Tower,0,6,13,2,21,0,11,41,4,56,0,17,54,6,77,56,2,58,135
05/31/2023,PAH,KY,ASO,ES,Federal Contract Tower,0,10,12,0,22,0,7,43,2,52,0,17,55,2,74,59,0,59,133
06/01/2023,PAH,KY,ASO,ES,Federal Contract Tower,0,7,10,0,17,0,4,21,0,25,0,11,31,0,42,18,0,18,60
06/02/2023,PAH,KY,ASO,ES,Federal Contract Tower,0,10,10,2,22,0,11,9,2,22,0,21,19,4,44,10,6,16,60
06/03/2023,PAH,KY,ASO,ES,Federal Contract Tower,0,7,5,0,12,0,0,16,0,16,0,7,21,0,28,12,0,12,40
06/04/2023,PAH,KY,ASO,ES,Federal Contract Tower,0,8,10,0,18,0,8,35,0,43,0,16,45,0,61,40,0,40,101
06/05/2023,PAH,KY,ASO,ES,Federal Contract Tower,0,11,4,0,15,0,7,37,0,44,0,18,41,0,59,40,0,40,99
06/06/2023,PAH,KY,ASO,ES,Federal Contract Tower,0,8,4,0,12,0,8,51,2,61,0,16,55,2,73,18,2,20,93
06/07/2023,PAH,KY,ASO,ES,Federal Contract Tower,0,11,2,0,13,0,7,30,4,41,0,18,32,4,54,30,0,30,84
06/08/2023,PAH,KY,ASO,ES,Federal Contract Tower,0,13,9,2,24,0,9,24,2,35,0,22,33,4,59,18,2,20,79
06/09/2023,PAH,KY,ASO,ES,Federal Contract Tower,0,9,14,0,23,0,4,30,0,34,0,13,44,0,57,12,0,12,69
06/10/2023,PAH,KY,ASO,ES,Federal Contract Tower,0,5,4,0,9,0,0,34,0,34,0,5,38,0,43,26,0,26,69
06/11/2023,PAH,KY,ASO,ES,Federal Contract Tower,0,8,5,0,13,0,0,10,0,10,0,8,15,0,23,20,0,20,43
06/12/2023,PAH,KY,ASO,ES,Federal Contract Tower,0,8,10,0,18,0,0,13,0,13,0,8,23,0,31,0,0,0,31
06/13/2023,PAH,KY,ASO,ES,Federal Contract Tower,0,8,16,2,26,0,0,20,3,23,0,8,36,5,49,46,0,46,95
06/14/2023,PAH,KY,ASO,ES,Federal Contract Tower,0,14,10,4,28,0,0,18,0,18,0,14,28,4,46,10,0,10,56
06/15/2023,PAH,KY,ASO,ES,Federal Contract Tower,0,14,13,5,32,0,0,23,0,23,0,14,36,5,55,10,0,10,65
06/16/2023,PAH,KY,ASO,ES,Federal Contract Tower,0,9,8,0,17,0,0,29,0,29,0,9,37,0,46,4,0,4,50
06/17/2023,PAH,KY,ASO,ES,Federal Contract Tower,0,2,11,0,13,0,0,18,0,18,0,2,29,0,31,10,0,10,41
06/18/2023,PAH,KY,ASO,ES,Federal Contract Tower,0,9,3,0,12,0,8,27,0,35,0,17,30,0,47,36,0,36,83
06/19/2023,PAH,KY,ASO,ES,Federal Contract Tower,0,7,18,1,26,0,5,23,4,32,0,12,41,5,58,34,8,42,100
06/20/2023,PAH,KY,ASO,ES,Federal Contract Tower,0,6,8,0,14,0,11,36,4,51,0,17,44,4,65,50,6,56,121
06/21/2023,PAH,KY,ASO,ES,Federal Contract Tower,0,8,8,4,20,0,4,42,4,50,0,12,50,8,70,22,0,22,92
06/22/2023,PAH,KY,ASO,ES,Federal Contract Tower,0,10,26,5,41,0,4,48,1,53,0,14,74,6,94,26,0,26,120
06/23/2023,PAH,KY,ASO,ES,Federal Contract Tower,0,10,3,0,13,0,0,14,0,14,0,10,17,0,27,28,0,28,55
06/24/2023,PAH,KY,ASO,ES,Federal Contract Tower,0,2,7,0,9,0,2,14,0,16,0,4,21,0,25,20,0,20,45
06/25/2023,PAH,KY,ASO,ES,Federal Contract Tower,0,5,11,0,16,0,8,29,0,37,0,13,40,0,53,26,0,26,79
06/26/2023,PAH,KY,ASO,ES,Federal Contract Tower,0,10,6,0,16,0,11,42,4,57,0,21,48,4,73,26,0,26,99
06/27/2023,PAH,KY,ASO,ES,Federal Contract Tower,0,4,8,2,14,0,8,45,4,57,0,12,53,6,71,36,0,36,107
06/28/2023,PAH,KY,ASO,ES,Federal Contract Tower,0,10,12,4,26,0,9,36,0,45,0,19,48,4,71,32,0,32,103
06/29/2023,PAH,KY,ASO,ES,Federal Contract Tower,0,8,8,2,18,0,8,32,4,44,0,16,40,6,62,20,2,22,84
06/30/2023,PAH,KY,ASO,ES,Federal Contract Tower,0,14,9,0,23,0,10,22,0,32,0,24,31,0,55,12,0,12,67
07/01/2023,PAH,KY,ASO,ES,Federal Contract Tower,0,7,2,0,9,0,0,11,0,11,0,7,13,0,20,24,0,24,44
07/02/2023,PAH,KY,ASO,ES,Federal Contract Tower,0,4,5,0,9,0,6,27,0,33,0,10,32,0,42,28,0,28,70
07/03/2023,PAH,KY,ASO,ES,Federal Contract Tower,0,7,1,0,8,0,19,38,4,61,0,26,39,4,69,40,0,40,109
07/04/2023,PAH,KY,ASO,ES,Federal Contract Tower,0,8,3,0,11,0,6,31,0,37,0,14,34,0,48,28,4,32,80
07/05/2023,PAH,KY,ASO,ES,Federal Contract Tower,0,9,6,0,15,0,5,22,0,27,0,14,28,0,42,12,0,12,54
07/06/2023,PAH,KY,ASO,ES,Federal Contract Tower,0,11,13,2,26,0,4,33,0,37,0,15,46,2,63,36,0,36,99
07/07/2023,PAH,KY,ASO,ES,Federal Contract Tower,0,10,3,2,15,0,2,9,0,11,0,12,12,2,26,0,0,0,26
07/08/2023,PAH,KY,ASO,ES,Federal Contract Tower,0,4,3,0,7,0,0,4,0,4,0,4,7,0,11,0,0,0,11
07/09/2023,PAH,KY,ASO,ES,Federal Contract Tower,0,7,4,0,11,0,18,22,0,40,0,25,26,0,51,26,0,26,77
07/10/2023,PAH,KY,ASO,ES,Federal Contract Tower,0,8,7,4,19,0,10,48,4,62,0,18,55,8,81,52,2,54,135
07/11/2023,PAH,KY,ASO,ES,Federal Contract Tower,0,10,6,2,18,0,12,50,4,66,0,22,56,6,84,22,4,26,110
07/12/2023,PAH,KY,ASO,ES,Federal Contract Tower,0,10,4,2,16,0,4,13,0,17,0,14,17,2,33,14,0,14,47
07/13/2023,PAH,KY,ASO,ES,Federal Contract Tower,0,4,17,0,21,0,0,10,2,12,0,4,27,2,33,10,0,10,43
07/14/2023,PAH,KY,ASO,ES,Federal Contract Tower,0,10,11,0,21,0,2,16,0,18,0,12,27,0,39,28,0,28,67
07/15/2023,PAH,KY,ASO,ES,Federal Contract Tower,0,3,3,0,6,0,3,0,0,3,0,6,3,0,9,2,0,2,11
07/16/2023,PAH,KY,ASO,ES,Federal Contract Tower,0,14,17,0,31,0,21,37,0,58,0,35,54,0,89,42,0,42,131
07/17/2023,PAH,KY,ASO,ES,Federal Contract Tower,0,6,0,0,6,0,10,28,7,45,0,16,28,7,51,18,8,26,77
07/18/2023,PAH,KY,ASO,ES,Federal Contract Tower,0,7,7,0,14,0,9,26,2,37,0,16,33,2,51,16,0,16,67
07/19/2023,PAH,KY,ASO,ES,Federal Contract Tower,0,9,4,4,17,0,12,5,0,17,0,21,9,4,34,10,0,10,44
07/20/2023,PAH,KY,ASO,ES,Federal Contract Tower,0,7,9,0,16,0,1,10,0,11,0,8,19,0,27,0,0,0,27
07/21/2023,PAH,KY,ASO,ES,Federal Contract Tower,0,4,13,0,17,0,0,7,2,9,0,4,20,2,26,54,0,54,80
07/22/2023,PAH,KY,ASO,ES,Federal Contract Tower,0,4,9,0,13,0,0,23,0,23,0,4,32,0,36,8,0,8,44
07/23/2023,PAH,KY,ASO,ES,Federal Contract Tower,0,4,4,0,8,0,10,30,0,40,0,14,34,0,48,34,0,34,82
07/24/2023,PAH,KY,ASO,ES,Federal Contract Tower,0,7,7,0,14,0,5,35,4,44,0,12,42,4,58,24,0,24,82
07/25/2023,PAH,KY,ASO,ES,Federal Contract Tower,0,9,9,0,18,0,11,41,2,54,0,20,50,2,72,16,0,16,88
07/26/2023,PAH,KY,ASO,ES,Federal Contract Tower,0,7,8,0,15,0,5,20,0,25,0,12,28,0,40,12,0,12,52
07/27/2023,PAH,KY,ASO,ES,Federal Contract Tower,0,11,14,0,25,0,6,34,2,42,0,17,48,2,67,34,0,34,101
07/28/2023,PAH,KY,ASO,ES,Federal Contract Tower,0,7,10,0,17,0,0,12,0,12,0,7,22,0,29,0,0,0,29
07/29/2023,PAH,KY,ASO,ES,Federal Contract Tower,0,2,3,0,5,0,0,4,0,4,0,2,7,0,9,2,0,2,11
07/30/2023,PAH,KY,ASO,ES,Federal Contract Tower,0,5,5,0,10,0,10,30,0,40,0,15,35,0,50,38,0,38,88
07/31/2023,PAH,KY,ASO,ES,Federal Contract Tower,0,11,8,0,19,0,14,38,4,56,0,25,46,4,75,38,0,38,113
08/01/2023,PAH,KY,ASO,ES,Federal Contract Tower,0,6,7,0,13,0,10,36,3,49,0,16,43,3,62,28,0,28,90
08/02/2023,PAH,KY,ASO,ES,Federal Contract Tower,0,10,6,1,17,0,4,17,3,24,0,14,23,4,41,18,4,22,63
08/03/2023,PAH,KY,ASO,ES,Federal Contract Tower,0,10,11,0,21,0,0,5,0,5,0,10,16,0,26,0,0,0,26
08/04/2023,PAH,KY,ASO,ES,Federal Contract Tower,0,8,6,0,14,0,0,3,0,3,0,8,9,0,17,0,0,0,17
08/05/2023,PAH,KY,ASO,ES,Federal Contract Tower,0,2,6,0,8,0,0,8,0,8,0,2,14,0,16,14,0,14,30
08/06/2023,PAH,KY,ASO,ES,Federal Contract Tower,0,5,4,0,9,0,10,19,0,29,0,15,23,0,38,32,0,32,70
08/07/2023,PAH,KY,ASO,ES,Federal Contract Tower,0,7,9,0,16,0,7,30,6,43,0,14,39,6,59,32,8,40,99
08/08/2023,PAH,KY,ASO,ES,Federal Contract Tower,0,9,10,0,19,0,4,44,4,52,0,13,54,4,71,20,0,20,91
08/09/2023,PAH,KY,ASO,ES,Federal Contract Tower,0,11,4,0,15,0,6,15,2,23,0,17,19,2,38,14,0,14,52
08/10/2023,PAH,KY,ASO,ES,Federal Contract Tower,0,7,13,0,20,0,0,4,0,4,0,7,17,0,24,0,0,0,24
08/11/2023,PAH,KY,ASO,ES,Federal Contract Tower,0,13,11,0,24,0,0,20,2,22,0,13,31,2,46,6,0,6,52
08/12/2023,PAH,KY,ASO,ES,Federal Contract Tower,0,2,4,0,6,0,0,16,0,16,0,2,20,0,22,8,0,8,30
08/13/2023,PAH,KY,ASO,ES,Federal Contract Tower,0,5,6,0,11,0,5,31,0,36,0,10,37,0,47,44,0,44,91
08/14/2023,PAH,KY,ASO,ES,Federal Contract Tower,0,8,2,0,10,0,11,28,4,43,0,19,30,4,53,36,4,40,93
08/15/2023,PAH,KY,ASO,ES,Federal Contract Tower,0,10,5,0,15,0,8,34,4,46,0,18,39,4,61,32,0,32,93
08/16/2023,PAH,KY,ASO,ES,Federal Contract Tower,0,8,11,0,19,0,5,37,3,45,0,13,48,3,64,17,0,17,81
08/17/2023,PAH,KY,ASO,ES,Federal Contract Tower,0,6,7,0,13,0,5,31,0,36,0,11,38,0,49,20,0,20,69
08/18/2023,PAH,KY,ASO,ES,Federal Contract Tower,0,9,4,4,17,0,2,22,0,24,0,11,26,4,41,18,0,18,59
08/19/2023,PAH,KY,ASO,ES,Federal Contract Tower,0,4,1,0,5,0,0,18,0,18,0,4,19,0,23,16,0,16,39
08/20/2023,PAH,KY,ASO,ES,Federal Contract Tower,0,4,6,0,10,0,4,28,0,32,0,8,34,0,42,30,0,30,72
08/21/2023,PAH,KY,ASO,ES,Federal Contract Tower,0,6,20,3,29,0,9,34,5,48,0,15,54,8,77,22,4,26,103
08/22/2023,PAH,KY,ASO,ES,Federal Contract Tower,0,10,13,0,23,0,7,42,2,51,0,17,55,2,74,30,0,30,104
08/23/2023,PAH,KY,ASO,ES,Federal Contract Tower,0,8,5,0,13,0,4,22,14,40,0,12,27,14,53,14,0,14,67
08/24/2023,PAH,KY,ASO,ES,Federal Contract Tower,0,13,5,2,20,0,3,27,4,34,0,16,32,6,54,20,4,24,78
08/25/2023,PAH,KY,ASO,ES,Federal Contract Tower,0,7,13,4,24,0,0,23,0,23,0,7,36,4,47,36,0,36,83
08/26/2023,PAH,KY,ASO,ES,Federal Contract Tower,0,2,7,0,9,0,0,17,0,17,0,2,24,0,26,24,0,24,50
08/27/2023,PAH,KY,ASO,ES,Federal Contract Tower,0,6,10,0,16,0,9,16,0,25,0,15,26,0,41,18,0,18,59
08/28/2023,PAH,KY,ASO,ES,Federal Contract Tower,0,13,10,0,23,0,10,33,2,45,0,23,43,2,68,22,0,22,90
08/29/2023,PAH,KY,ASO,ES,Federal Contract Tower,0,8,8,2,18,0,8,39,4,51,0,16,47,6,69,30,2,32,101
08/30/2023,PAH,KY,ASO,ES,Federal Contract Tower,0,10,8,12,30,0,8,64,4,76,0,18,72,16,106,36,0,36,142
08/31/2023,PAH,KY,ASO,ES,Federal Contract Tower,0,8,7,0,15,0,0,36,0,36,0,8,43,0,51,24,0,24,75
01/01/2020,PAH,KY,ASO,CE,Federal Contract Tower,0,1,9,0,10,0,4,32,0,36,0,5,41,0,46,22,0,22,68
01/02/2020,PAH,KY,ASO,CE,Federal Contract Tower,0,9,4,0,13,0,2,15,0,17,0,11,19,0,30,8,0,8,38
01/03/2020,PAH,KY,ASO,CE,Federal Contract Tower,0,6,8,0,14,0,0,0,0,0,0,6,8,0,14,0,0,0,14
01/04/2020,PAH,KY,ASO,CE,Federal Contract Tower,0,4,4,0,8,0,0,6,0,6,0,4,10,0,14,0,0,0,14
01/05/2020,PAH,KY,ASO,CE,Federal Contract Tower,0,8,4,0,12,0,4,49,0,53,0,12,53,0,65,38,0,38,103
01/06/2020,PAH,KY,ASO,CE,Federal Contract Tower,0,8,8,0,16,0,8,50,4,62,0,16,58,4,78,28,8,36,114
01/07/2020,PAH,KY,ASO,CE,Federal Contract Tower,0,6,10,4,20,0,9,38,4,51,0,15,48,8,71,26,0,26,97
01/08/2020,PAH,KY,ASO,CE,Federal Contract Tower,0,6,6,2,14,0,5,45,4,54,0,11,51,6,68,42,2,44,112
01/09/2020,PAH,KY,ASO,CE,Federal Contract Tower,0,8,3,0,11,0,4,22,2,28,0,12,25,2,39,14,2,16,55
01/10/2020,PAH,KY,ASO,CE,Federal Contract Tower,0,5,1,0,6,0,0,2,0,2,0,5,3,0,8,0,0,0,8
01/11/2020,PAH,KY,ASO,CE,Federal Contract Tower,0,1,0,0,1,0,0,0,0,0,0,1,0,0,1,0,0,0,1
01/12/2020,PAH,KY,ASO,CE,Federal Contract Tower,0,9,7,8,24,0,8,21,0,29,0,17,28,8,53,6,0,6,59
01/13/2020,PAH,KY,ASO,CE,Federal Contract Tower,0,6,11,2,19,0,8,41,6,55,0,14,52,8,74,40,6,46,120
01/14/2020,PAH,KY,ASO,CE,Federal Contract Tower,0,7,8,4,19,0,6,16,2,24,0,13,24,6,43,0,4,4,47
01/15/2020,PAH,KY,ASO,CE,Federal Contract Tower,0,12,12,0,24,0,4,22,4,30,0,16,34,4,54,8,2,10,64
01/16/2020,PAH,KY,ASO,CE,Federal Contract Tower,0,10,15,0,25,0,9,60,4,73,0,19,75,4,98,16,0,16,114
01/17/2020,PAH,KY,ASO,CE,Federal Contract Tower,0,10,17,0,27,0,2,0,0,2,0,12,17,0,29,0,0,0,29
01/18/2020,PAH,KY,ASO,CE,Federal Contract Tower,0,5,2,0,7,0,0,1,0,1,0,5,3,0,8,0,0,0,8
01/19/2020,PAH,KY,ASO,CE,Federal Contract Tower,0,4,8,0,12,0,6,44,2,52,0,10,52,2,64,50,0,50,114
01/20/2020,PAH,KY,ASO,CE,Federal Contract Tower,0,13,8,0,21,0,8,33,6,47,0,21,41,6,68,20,6,26,94
01/21/2020,PAH,KY,ASO,CE,Federal Contract Tower,0,6,4,0,10,0,7,38,4,49,0,13,42,4,59,30,2,32,91
01/22/2020,PAH,KY,ASO,CE,Federal Contract Tower,0,8,7,1,16,0,4,39,9,52,0,12,46,10,68,12,4,16,84
01/23/2020,PAH,KY,ASO,CE,Federal Contract Tower,0,7,13,0,20,0,7,14,0,21,0,14,27,0,41,12,0,12,53
01/24/2020,PAH,KY,ASO,CE,Federal Contract Tower,0,13,13,0,26,0,0,0,0,0,0,13,13,0,26,0,0,0,26
01/25/2020,PAH,KY,ASO,CE,Federal Contract Tower,0,5,7,0,12,0,0,2,0,2,0,5,9,0,14,0,0,0,14
01/26/2020,PAH,KY,ASO,CE,Federal Contract Tower,0,6,3,0,9,0,4,38,2,44,0,10,41,2,53,40,0,40,93
01/27/2020,PAH,KY,ASO,CE,Federal Contract Tower,0,9,13,4,26,0,8,33,6,47,0,17,46,10,73,34,2,36,109
01/28/2020,PAH,KY,ASO,CE,Federal Contract Tower,0,6,3,0,9,0,0,0,0,0,0,6,3,0,9,0,0,0,9
01/29/2020,PAH,KY,ASO,CE,Federal Contract Tower,0,6,8,0,14,0,0,0,0,0,0,6,8,0,14,0,0,0,14
01/30/2020,PAH,KY,ASO,CE,Federal Contract Tower,0,6,12,0,18,0,0,0,0,0,0,6,12,0,18,0,0,0,18
01/31/2020,PAH,KY,ASO,CE,Federal Contract Tower,0,6,6,0,12,0,0,0,0,0,0,6,6,0,12,0,0,0,12
02/01/2020,PAH,KY,ASO,ES,Federal Contract Tower,0,4,9,0,13,0,0,17,0,17,0,4,26,0,30,0,0,0,30
02/02/2020,PAH,KY,ASO,ES,Federal Contract Tower,0,8,7,0,15,0,14,40,8,62,0,22,47,8,77,64,4,68,145
02/03/2020,PAH,KY,ASO,ES,Federal Contract Tower,0,6,15,0,21,0,9,38,8,55,0,15,53,8,76,24,2,26,102
02/04/2020,PAH,KY,ASO,ES,Federal Contract Tower,0,6,5,0,11,0,0,0,0,0,0,6,5,0,11,0,0,0,11
02/05/2020,PAH,KY,ASO,ES,Federal Contract Tower,0,7,4,0,11,0,4,2,0,6,0,11,6,0,17,0,0,0,17
02/06/2020,PAH,KY,ASO,ES,Federal Contract Tower,0,6,1,0,7,0,3,6,0,9,0,9,7,0,16,2,0,2,18
02/07/2020,PAH,KY,ASO,ES,Federal Contract Tower,0,6,9,2,17,0,2,17,2,21,0,8,26,4,38,6,0,6,44
02/08/2020,PAH,KY,ASO,ES,Federal Contract Tower,0,3,3,2,8,0,0,29,0,29,0,3,32,2,37,26,0,26,63
02/09/2020,PAH,KY,ASO,ES,Federal Contract Tower,0,4,2,0,6,0,4,39,0,43,0,8,41,0,49,48,0,48,97
02/10/2020,PAH,KY,ASO,ES,Federal Contract Tower,0,9,7,2,18,0,8,17,4,29,0,17,24,6,47,0,0,0,47
02/11/2020,PAH,KY,ASO,ES,Federal Contract Tower,0,13,16,0,29,0,4,30,8,42,0,17,46,8,71,14,8,22,93
02/12/2020,PAH,KY,ASO,ES,Federal Contract Tower,0,10,3,0,13,0,4,11,4,19,0,14,14,4,32,0,8,8,40
02/13/2020,PAH,KY,ASO,ES,Federal Contract Tower,0,3,4,0,7,0,5,17,5,27,0,8,21,5,34,12,2,14,48
02/14/2020,PAH,KY,ASO,ES,Federal Contract Tower,0,6,6,0,12,0,0,20,0,20,0,6,26,0,32,4,0,4,36
02/15/2020,PAH,KY,ASO,ES,Federal Contract Tower,0,4,14,0,18,0,1,30,0,31,0,5,44,0,49,12,0,12,61
02/16/2020,PAH,KY,ASO,ES,Federal Contract Tower,0,6,5,0,11,0,6,51,2,59,0,12,56,2,70,46,0,46,116
02/17/2020,PAH,KY,ASO,ES,Federal Contract Tower,0,8,16,0,24,0,6,47,6,59,0,14,63,6,83,36,4,40,123
02/18/2020,PAH,KY,ASO,ES,Federal Contract Tower,0,7,10,1,18,0,6,21,5,32,0,13,31,6,50,18,8,26,76
02/19/2020,PAH,KY,ASO,ES,Federal Contract Tower,0,8,9,0,17,0,9,40,4,53,0,17,49,4,70,26,0,26,96
02/20/2020,PAH,KY,ASO,ES,Federal Contract Tower,0,5,8,0,13,0,4,22,4,30,0,9,30,4,43,16,0,16,59
02/21/2020,PAH,KY,ASO,ES,Federal Contract Tower,0,9,17,0,26,0,2,39,0,41,0,11,56,0,67,2,0,2,69
02/22/2020,PAH,KY,ASO,ES,Federal Contract Tower,0,7,4,0,11,0,4,35,0,39,0,11,39,0,50,26,0,26,76
02/23/2020,PAH,KY,ASO,ES,Federal Contract Tower,0,4,18,0,22,0,4,38,0,42,0,8,56,0,64,42,0,42,106
02/24/2020,PAH,KY,ASO,ES,Federal Contract Tower,0,6,6,0,12,0,6,0,4,10,0,12,6,4,22,0,0,0,22
02/25/2020,PAH,KY,ASO,ES,Federal Contract Tower,0,10,8,10,28,0,4,1,0,5,0,14,9,10,33,0,0,0,33
02/26/2020,PAH,KY,ASO,ES,Federal Contract Tower,0,13,5,10,28,0,4,16,2,22,0,17,21,12,50,4,2,6,56
02/27/2020,PAH,KY,ASO,ES,Federal Contract Tower,0,6,19,1,26,0,8,35,0,43,0,14,54,1,69,34,0,34,103
02/28/2020,PAH,KY,ASO,ES,Federal Contract Tower,0,8,13,5,26,0,0,17,0,17,0,8,30,5,43,4,0,4,47
02/29/2020,PAH,KY,ASO,ES,Federal Contract Tower,0,7,10,2,19,0,4,32,14,50,0,11,42,16,69,32,0,32,101
03/01/2020,PAH,KY,ASO,ES,Federal Contract Tower,0,6,11,0,17,0,2,42,0,44,0,8,53,0,61,48,0,48,109
03/02/2020,PAH,KY,ASO,ES,Federal Contract Tower,0,5,5,0,10,8,32,4,0,44,8,37,9,0,54,28,2,30,84
03/03/2020,PAH,KY,ASO,ES,Federal Contract Tower,0,8,10,1,19,0,10,35,4,49,0,18,45,5,68,32,0,32,100
03/04/2020,PAH,KY,ASO,ES,Federal Contract Tower,0,6,16,0,22,0,8,33,2,43,0,14,49,2,65,12,0,12,77
03/05/2020,PAH,KY,ASO,ES,Federal Contract Tower,0,6,6,0,12,0,3,26,2,31,0,9,32,2,43,2,0,2,45
03/06/2020,PAH,KY,ASO,ES,Federal Contract Tower,0,6,13,0,19,0,0,16,0,16,0,6,29,0,35,4,0,4,39
03/07/2020,PAH,KY,ASO,ES,Federal Contract Tower,0,2,6,2,10,0,1,30,1,32,0,3,36,3,42,34,4,38,80
03/08/2020,PAH,KY,ASO,ES,Federal Contract Tower,0,6,4,0,10,0,4,36,0,40,0,10,40,0,50,50,0,50,100
03/09/2020,PAH,KY,ASO,ES,Federal Contract Tower,0,8,5,0,13,0,0,13,0,13,0,8,18,0,26,0,0,0,26
03/10/2020,PAH,KY,ASO,ES,Federal Contract Tower,0,8,6,0,14,0,6,28,6,40,0,14,34,6,54,18,4,22,76
03/11/2020,PAH,KY,ASO,ES,Federal Contract Tower,0,7,5,3,15,0,4,25,3,32,0,11,30,6,47,10,4,14,61
03/12/2020,PAH,KY,ASO,ES,Federal Contract Tower,0,8,8,0,16,0,4,13,0,17,0,12,21,0,33,14,0,14,47
03/13/2020,PAH,KY,ASO,ES,Federal Contract Tower,0,7,12,2,21,0,0,30,0,30,0,7,42,2,51,14,0,14,65
03/14/2020,PAH,KY,ASO,ES,Federal Contract Tower,0,6,2,0,8,0,0,0,0,0,0,6,2,0,8,0,0,0,8
03/15/2020,PAH,KY,ASO,ES,Federal Contract Tower,0,7,8,0,15,0,6,33,0,39,0,13,41,0,54,32,0,32,86
03/16/2020,PAH,KY,ASO,ES,Federal Contract Tower,0,8,0,4,12,0,8,34,6,48,0,16,34,10,60,20,8,28,88
03/17/2020,PAH,KY,ASO,ES,Federal Contract Tower,0,8,5,0,13,0,6,30,4,40,0,14,35,4,53,32,2,34,87
03/18/2020,PAH,KY,ASO,ES,Federal Contract Tower,0,10,2,0,12,0,4,13,6,23,0,14,15,6,35,0,8,8,43
03/19/2020,PAH,KY,ASO,ES,Federal Contract Tower,0,5,2,0,7,0,2,11,2,15,0,7,13,2,22,10,0,10,32
03/20/2020,PAH,KY,ASO,ES,Federal Contract Tower,0,8,5,2,15,0,0,8,0,8,0,8,13,2,23,0,0,0,23
03/21/2020,PAH,KY,ASO,ES,Federal Contract Tower,0,1,8,0,9,0,1,25,0,26,0,2,33,0,35,14,0,14,49
03/22/2020,PAH,KY,ASO,ES,Federal Contract Tower,0,0,0,0,0,0,6,28,0,34,0,6,28,0,34,26,0,26,60
03/23/2020,PAH,KY,ASO,ES,Federal Contract Tower,0,6,6,0,12,0,11,33,6,50,0,17,39,6,62,42,4,46,108
03/24/2020,PAH,KY,ASO,ES,Federal Contract Tower,0,7,8,0,15,0,4,7,0,11,0,11,15,0,26,0,0,0,26
03/25/2020,PAH,KY,ASO,ES,Federal Contract Tower,0,6,2,4,12,0,8,19,2,29,0,14,21,6,41,8,4,12,53
03/26/2020,PAH,KY,ASO,ES,Federal Contract Tower,0,7,5,2,14,0,5,23,2,30,0,12,28,4,44,14,0,14,58
03/27/2020,PAH,KY,ASO,ES,Federal Contract Tower,0,6,5,0,11,0,3,5,0,8,0,9,10,0,19,28,0,28,47
03/28/2020,PAH,KY,ASO,ES,Federal Contract Tower,0,6,0,0,6,0,0,2,0,2,0,6,2,0,8,0,0,0,8
03/29/2020,PAH,KY,ASO,ES,Federal Contract Tower,0,4,0,0,4,0,4,40,0,44,0,8,40,0,48,40,0,40,88
03/30/2020,PAH,KY,ASO,ES,Federal Contract Tower,0,5,6,0,11,0,9,40,4,53,0,14,46,4,64,32,4,36,100
04/01/2020,PAH,KY,ASO,ES,Federal Contract Tower,0,6,3,0,9,0,8,35,0,43,0,14,38,0,52,40,0,40,92
04/02/2020,PAH,KY,ASO,ES,Federal Contract Tower,0,8,3,0,11,0,4,20,0,24,0,12,23,0,35,20,0,20,55
04/03/2020,PAH,KY,ASO,ES,Federal Contract Tower,0,8,2,0,10,0,0,13,0,13,0,8,15,0,23,0,0,0,23
04/04/2020,PAH,KY,ASO,ES,Federal Contract Tower,0,6,1,0,7,0,0,17,0,17,0,6,18,0,24,4,0,4,28
04/05/2020,PAH,KY,ASO,ES,Federal Contract Tower,0,4,3,0,7,0,6,26,0,32,0,10,29,0,39,32,0,32,71
04/06/2020,PAH,KY,ASO,ES,Federal Contract Tower,0,6,1,0,7,0,8,36,0,44,0,14,37,0,51,40,0,40,91
04/07/2020,PAH,KY,ASO,ES,Federal Contract Tower,0,6,1,0,7,0,4,28,0,32,0,10,29,0,39,26,0,26,65
04/08/2020,PAH,KY,ASO,ES,Federal Contract Tower,0,4,2,0,6,0,4,29,0,33,0,8,31,0,39,28,0,28,67
04/09/2020,PAH,KY,ASO,ES,Federal Contract Tower,0,6,5,2,13,0,12,29,0,41,0,18,34,2,54,32,0,32,86
04/10/2020,PAH,KY,ASO,ES,Federal Contract Tower,0,6,3,0,9,0,0,13,0,13,0,6,16,0,22,2,0,2,24
04/11/2020,PAH,KY,ASO,ES,Federal Contract Tower,0,4,0,0,4,0,0,12,0,12,0,4,12,0,16,0,0,0,16
04/12/2020,PAH,KY,ASO,ES,Federal Contract Tower,0,4,0,0,4,0,2,22,0,24,0,6,22,0,28,20,0,20,48
04/13/2020,PAH,KY,ASO,ES,Federal Contract Tower,0,6,3,0,9,0,6,27,0,33,0,12,30,0,42,26,0,26,68
04/14/2020,PAH,KY,ASO,ES,Federal Contract Tower,0,8,5,4,17,0,7,23,0,30,0,15,28,4,47,14,6,20,67
04/15/2020,PAH,KY,ASO,ES,Federal Contract Tower,0,6,3,1,10,0,2,19,5,26,0,8,22,6,36,12,0,12,48
04/16/2020,PAH,KY,ASO,ES,Federal Contract Tower,0,6,9,4,19,0,6,16,2,24,0,12,25,6,43,12,4,16,59
04/17/2020,PAH,KY,ASO,ES,Federal Contract Tower,0,6,2,0,8,0,0,0,0,0,0,6,2,0,8,0,0,0,8
04/18/2020,PAH,KY,ASO,ES,Federal Contract Tower,0,4,3,0,7,0,0,17,0,17,0,4,20,0,24,0,0,0,24
04/19/2020,PAH,KY,ASO,ES,Federal Contract Tower,0,4,2,0,6,0,6,28,2,36,0,10,30,2,42,24,0,24,66
04/20/2020,PAH,KY,ASO,ES,Federal Contract Tower,0,6,4,4,14,0,10,30,4,44,0,16,34,8,58,26,4,30,88
04/21/2020,PAH,KY,ASO,ES,Federal Contract Tower,0,6,4,2,12,0,5,24,4,33,0,11,28,6,45,16,2,18,63
04/22/2020,PAH,KY,ASO,ES,Federal Contract Tower,0,6,8,1,15,0,4,28,7,39,0,10,36,8,54,10,6,16,70
04/23/2020,PAH,KY,ASO,ES,Federal Contract Tower,0,6,4,0,10,0,0,4,2,6,0,6,8,2,16,0,0,0,16
04/24/2020,PAH,KY,ASO,ES,Federal Contract Tower,0,6,12,2,20,0,0,19,6,25,0,6,31,8,45,0,0,0,45
04/25/2020,PAH,KY,ASO,ES,Federal Contract Tower,0,3,0,0,3,0,0,0,0,0,0,3,0,0,3,0,0,0,3
04/26/2020,PAH,KY,ASO,ES,Federal Contract Tower,0,5,3,0,8,0,4,14,0,18,0,9,17,0,26,6,0,6,32
04/27/2020,PAH,KY,ASO,ES,Federal Contract Tower,0,7,4,0,11,0,8,12,4,24,0,15,16,4,35,14,0,14,49
04/28/2020,PAH,KY,ASO,ES,Federal Contract Tower,0,6,4,3,13,0,6,12,3,21,0,12,16,6,34,6,0,6,40
04/29/2020,PAH,KY,ASO,ES,Federal Contract Tower,0,7,5,4,16,0,2,2,2,6,0,9,7,6,22,0,2,2,24
04/30/2020,PAH,KY,ASO,ES,Federal Contract Tower,0,4,8,4,16,0,1,8,0,9,0,5,16,4,25,6,8,14,39
05/01/2020,PAH,KY,ASO,ES,Federal Contract Tower,0,4,8,0,12,0,1,36,0,37,0,5,44,0,49,10,0,10,59
05/02/2020,PAH,KY,ASO,ES,Federal Contract Tower,0,2,2,0,4,0,1,17,0,18,0,3,19,0,22,0,0,0,22
05/03/2020,PAH,KY,ASO,ES,Federal Contract Tower,0,3,3,0,6,0,6,25,2,33,0,9,28,2,39,22,2,24,63
05/04/2020,PAH,KY,ASO,ES,Federal Contract Tower,0,7,0,0,7,0,9,17,4,30,0,16,17,4,37,30,0,30,67
05/05/2020,PAH,KY,ASO,ES,Federal Contract Tower,0,4,6,0,10,0,4,13,0,17,0,8,19,0,27,8,0,8,35
05/06/2020,PAH,KY,ASO,ES,Federal Contract Tower,0,8,6,2,16,0,6,18,4,28,0,14,24,6,44,14,8,22,66
05/07/2020,PAH,KY,ASO,ES,Federal Contract Tower,0,4,2,0,6,0,4,19,2,25,0,8,21,2,31,12,2,14,45
05/08/2020,PAH,KY,ASO,ES,Federal Contract Tower,0,6,3,0,9,0,0,0,0,0,0,6,3,0,9,0,0,0,9
05/09/2020,PAH,KY,ASO,ES,Federal Contract Tower,0,2,10,0,12,0,1,25,0,26,0,3,35,0,38,12,0,12,50
05/10/2020,PAH,KY,ASO,ES,Federal Contract Tower,0,2,2,0,4,0,6,16,0,22,0,8,18,0,26,20,0,20,46
05/11/2020,PAH,KY,ASO,ES,Federal Contract Tower,0,3,4,0,7,0,8,19,6,33,0,11,23,6,40,18,4,22,62
05/12/2020,PAH,KY,ASO,ES,Federal Contract Tower,0,5,6,2,13,0,2,15,2,19,0,7,21,4,32,14,8,22,54
05/13/2020,PAH,KY,ASO,ES,Federal Contract Tower,0,8,7,0,15,0,4,3,0,7,0,12,10,0,22,0,0,0,22
05/14/2020,PAH,KY,ASO,ES,Federal Contract Tower,0,4,14,4,22,0,2,12,4,18,0,6,26,8,40,14,8,22,62
05/15/2020,PAH,KY,ASO,ES,Federal Contract Tower,0,6,15,0,21,0,0,0,0,0,0,6,15,0,21,0,0,0,21
05/16/2020,PAH,KY,ASO,ES,Federal Contract Tower,0,4,7,0,11,0,2,1,0,3,0,6,8,0,14,0,0,0,14
05/17/2020,PAH,KY,ASO,ES,Federal Contract Tower,0,3,3,0,6,0,4,24,0,28,0,7,27,0,34,24,0,24,58
05/18/2020,PAH,KY,ASO,ES,Federal Contract Tower,0,8,10,0,18,0,6,24,6,36,0,14,34,6,54,22,4,26,80
05/19/2020,PAH,KY,ASO,ES,Federal Contract Tower,0,5,7,0,12,0,8,17,2,27,0,13,24,2,39,14,2,16,55
05/20/2020,PAH,KY,ASO,ES,Federal Contract Tower,0,4,9,0,13,0,0,2,0,2,0,4,11,0,15,0,0,0,15
05/21/2020,PAH,KY,ASO,ES,Federal Contract Tower,0,4,6,0,10,0,0,10,0,10,0,4,16,0,20,2,0,2,22
05/22/2020,PAH,KY,ASO,ES,Federal Contract Tower,0,5,5,0,10,0,1,15,0,16,0,6,20,0,26,18,0,18,44
05/23/2020,PAH,KY,ASO,ES,Federal Contract Tower,0,2,7,0,9,0,0,24,0,24,0,2,31,0,33,32,0,32,65
05/24/2020,PAH,KY,ASO,ES,Federal Contract Tower,0,2,3,0,5,0,0,11,0,11,0,2,14,0,16,0,0,0,16
05/25/2020,PAH,KY,ASO,ES,Federal Contract Tower,0,2,3,0,5,0,0,7,0,7,0,2,10,0,12,0,0,0,12
05/26/2020,PAH,KY,ASO,ES,Federal Contract Tower,0,6,5,2,13,0,0,11,0,11,0,6,16,2,24,4,0,4,28
05/27/2020,PAH,KY,ASO,ES,Federal Contract Tower,0,6,6,2,14,0,0,0,0,0,0,6,6,2,14,0,0,0,14
05/28/2020,PAH,KY,ASO,ES,Federal Contract Tower,0,4,8,0,12,0,2,9,0,11,0,6,17,0,23,2,0,2,25
05/29/2020,PAH,KY,ASO,ES,Federal Contract Tower,0,7,13,0,20,0,0,9,0,9,0,7,22,0,29,2,0,2,31
05/30/2020,PAH,KY,ASO,ES,Federal Contract Tower,0,2,13,0,15,0,2,16,0,18,0,4,29,0,33,20,0,20,53
05/31/2020,PAH,KY,ASO,ES,Federal Contract Tower,0,2,8,0,10,0,6,45,0,51,0,8,53,0,61,39,0,39,100
06/01/2020,PAH,KY,ASO,ES,Federal Contract Tower,0,4,5,0,9,0,4,36,6,46,0,8,41,6,55,34,8,42,97
06/02/2020,PAH,KY,ASO,ES,Federal Contract Tower,0,6,3,0,9,0,6,34,4,44,0,12,37,4,53,28,0,28,81
06/03/2020,PAH,KY,ASO,ES,Federal Contract Tower,0,7,4,12,23,0,4,31,4,39,0,11,35,16,62,16,4,20,82
06/04/2020,PAH,KY,ASO,ES,Federal Contract Tower,0,5,7,6,18,0,2,9,2,13,0,7,16,8,31,14,4,18,49
06/05/2020,PAH,KY,ASO,ES,Federal Contract Tower,0,6,9,8,23,0,0,24,0,24,0,6,33,8,47,8,0,8,55
06/06/2020,PAH,KY,ASO,ES,Federal Contract Tower,0,2,1,0,3,0,0,24,0,24,0,2,25,0,27,2,0,2,29
06/07/2020,PAH,KY,ASO,ES,Federal Contract Tower,0,2,3,0,5,0,10,38,2,50,0,12,41,2,55,36,0,36,91
06/08/2020,PAH,KY,ASO,ES,Federal Contract Tower,0,4,5,0,9,0,8,34,6,48,0,12,39,6,57,34,6,40,97
06/09/2020,PAH,KY,ASO,ES,Federal Contract Tower,0,3,0,6,9,0,6,14,2,22,0,9,14,8,31,0,2,2,33
06/10/2020,PAH,KY,ASO,ES,Federal Contract Tower,0,3,12,0,15,0,6,16,4,26,0,9,28,4,41,4,8,12,53
06/11/2020,PAH,KY,ASO,ES,Federal Contract Tower,0,3,16,0,19,0,4,33,2,39,0,7,49,2,58,32,2,34,92
06/12/2020,PAH,KY,ASO,ES,Federal Contract Tower,0,6,4,0,10,0,0,19,4,23,0,6,23,4,33,0,0,0,33
06/13/2020,PAH,KY,ASO,ES,Federal Contract Tower,0,2,6,0,8,0,0,28,0,28,0,2,34,0,36,0,0,0,36
06/14/2020,PAH,KY,ASO,ES,Federal Contract Tower,0,2,2,0,4,0,10,33,0,43,0,12,35,0,47,36,0,36,83
06/15/2020,PAH,KY,ASO,ES,Federal Contract Tower,0,4,2,0,6,0,8,21,4,33,0,12,23,4,39,10,8,18,57
06/16/2020,PAH,KY,ASO,ES,Federal Contract Tower,0,3,9,0,12,0,9,20,2,31,0,12,29,2,43,16,2,18,61
06/17/2020,PAH,KY,ASO,ES,Federal Contract Tower,0,4,12,0,16,0,2,22,2,26,0,6,34,2,42,16,4,20,62
06/18/2020,PAH,KY,ASO,ES,Federal Contract Tower,0,8,7,0,15,0,2,14,2,18,0,10,21,2,33,8,0,8,41
06/19/2020,PAH,KY,ASO,ES,Federal Contract Tower,0,4,9,3,16,0,0,16,1,17,0,4,25,4,33,4,6,10,43
06/20/2020,PAH,KY,ASO,ES,Federal Contract Tower,0,3,11,0,14,0,0,23,0,23,0,3,34,0,37,28,0,28,65
06/21/2020,PAH,KY,ASO,ES,Federal Contract Tower,0,2,5,0,7,0,0,5,0,5,0,2,10,0,12,10,0,10,22
06/22/2020,PAH,KY,ASO,ES,Federal Contract Tower,0,4,9,0,13,0,0,8,0,8,0,4,17,0,21,6,0,6,27
06/23/2020,PAH,KY,ASO,ES,Federal Contract Tower,0,5,9,0,14,0,2,17,0,19,0,7,26,0,33,4,0,4,37
06/24/2020,PAH,KY,ASO,ES,Federal Contract Tower,0,6,7,4,17,0,0,18,0,18,0,6,25,4,35,2,6,8,43
06/25/2020,PAH,KY,ASO,ES,Federal Contract Tower,0,4,10,2,16,0,0,22,0,22,0,4,32,2,38,10,0,10,48
06/26/2020,PAH,KY,ASO,ES,Federal Contract Tower,0,6,9,4,19,0,31,0,0,31,0,37,9,4,50,2,0,2,52
06/27/2020,PAH,KY,ASO,ES,Federal Contract Tower,0,2,0,0,2,0,0,9,0,9,0,2,9,0,11,0,0,0,11
06/28/2020,PAH,KY,ASO,ES,Federal Contract Tower,0,0,2,0,2,0,6,27,2,35,0,6,29,2,37,32,0,32,69
06/29/2020,PAH,KY,ASO,ES,Federal Contract Tower,0,4,9,0,13,0,6,27,6,39,0,10,36,6,52,24,8,32,84
07/01/2020,PAH,KY,ASO,ES,Federal Contract Tower,0,5,11,2,18,0,6,23,6,35,0,11,34,8,53,16,10,26,79
07/02/2020,PAH,KY,ASO,ES,Federal Contract Tower,0,6,11,1,18,0,2,13,0,15,0,8,24,1,33,10,0,10,43
07/03/2020,PAH,KY,ASO,ES,Federal Contract Tower,0,10,4,0,14,0,0,30,16,46,0,10,34,16,60,16,0,16,76
07/04/2020,PAH,KY,ASO,ES,Federal Contract Tower,0,4,6,0,10,0,0,22,10,32,0,4,28,10,42,16,0,16,58
07/05/2020,PAH,KY,ASO,ES,Federal Contract Tower,0,3,2,0,5,0,6,31,2,39,0,9,33,2,44,40,0,40,84
07/06/2020,PAH,KY,ASO,ES,Federal Contract Tower,0,6,8,0,14,0,9,36,6,51,0,15,44,6,65,36,10,46,111
07/07/2020,PAH,KY,ASO,ES,Federal Contract Tower,0,6,5,0,11,0,4,46,6,56,0,10,51,6,67,28,4,32,99
07/08/2020,PAH,KY,ASO,ES,Federal Contract Tower,0,7,15,0,22,0,4,42,6,52,0,11,57,6,74,22,2,24,98
07/09/2020,PAH,KY,ASO,ES,Federal Contract Tower,0,7,11,0,18,0,0,35,0,35,0,7,46,0,53,18,0,18,71
07/10/2020,PAH,KY,ASO,ES,Federal Contract Tower,0,9,4,0,13,0,0,21,0,21,0,9,25,0,34,6,0,6,40
07/11/2020,PAH,KY,ASO,ES,Federal Contract Tower,0,4,4,0,8,0,0,43,0,43,0,4,47,0,51,26,0,26,77
07/12/2020,PAH,KY,ASO,ES,Federal Contract Tower,0,4,10,0,14,0,4,38,0,42,0,8,48,0,56,26,0,26,82
07/13/2020,PAH,KY,ASO,ES,Federal Contract Tower,0,6,4,0,10,0,12,46,4,62,0,18,50,4,72,36,2,38,110
07/14/2020,PAH,KY,ASO,ES,Federal Contract Tower,0,6,8,0,14,0,9,39,4,52,0,15,47,4,66,32,0,32,98
07/15/2020,PAH,KY,ASO,ES,Federal Contract Tower,0,7,11,0,18,0,9,29,6,44,0,16,40,6,62,32,4,36,98
07/16/2020,PAH,KY,ASO,ES,Federal Contract Tower,0,7,12,0,19,0,3,26,4,33,0,10,38,4,52,18,4,22,74
07/17/2020,PAH,KY,ASO,ES,Federal Contract Tower,0,6,7,0,13,0,0,5,0,5,0,6,12,0,18,4,0,4,22
07/18/2020,PAH,KY,ASO,ES,Federal Contract Tower,0,4,7,0,11,0,3,12,0,15,0,7,19,0,26,10,0,10,36
07/19/2020,PAH,KY,ASO,ES,Federal Contract Tower,0,5,4,0,9,0,6,34,0,40,0,11,38,0,49,28,0,28,77
07/20/2020,PAH,KY,ASO,ES,Federal Contract Tower,0,7,5,0,12,0,8,30,4,42,0,15,35,4,54,22,2,24,78
07/21/2020,PAH,KY,ASO,ES,Federal Contract Tower,0,7,11,0,18,0,6,37,4,47,0,13,48,4,65,54,8,62,127
07/22/2020,PAH,KY,ASO,ES,Federal Contract Tower,0,6,11,0,17,0,4,31,2,37,0,10,42,2,54,14,2,16,70
07/23/2020,PAH,KY,ASO,ES,Federal Contract Tower,0,5,6,0,11,0,4,17,2,23,0,9,23,2,34,12,2,14,48
07/24/2020,PAH,KY,ASO,ES,Federal Contract Tower,0,7,6,3,16,0,0,42,10,52,0,7,48,13,68,6,0,6,74
07/25/2020,PAH,KY,ASO,ES,Federal Contract Tower,0,4,8,0,12,0,0,41,0,41,0,4,49,0,53,0,0,0,53
07/26/2020,PAH,KY,ASO,ES,Federal Contract Tower,0,4,3,0,7,0,6,29,2,37,0,10,32,2,44,26,0,26,70
07/27/2020,PAH,KY,ASO,ES,Federal Contract Tower,0,8,10,0,18,0,12,33,4,49,0,20,43,4,67,18,2,20,87
07/28/2020,PAH,KY,ASO,ES,Federal Contract Tower,0,8,11,1,20,0,8,22,5,35,0,16,33,6,55,12,4,16,71
07/29/2020,PAH,KY,ASO,ES,Federal Contract Tower,0,6,11,0,17,0,6,20,0,26,0,12,31,0,43,10,0,10,53
07/30/2020,PAH,KY,ASO,ES,Federal Contract Tower,0,11,3,0,14,0,4,5,0,9,0,15,8,0,23,0,0,0,23
07/31/2020,PAH,KY,ASO,ES,Federal Contract Tower,0,8,11,0,19,0,0,9,0,9,0,8,20,0,28,0,0,0,28
08/01/2020,PAH,KY,ASO,ES,Federal Contract Tower,0,8,6,0,14,0,0,3,0,3,0,8,9,0,17,0,0,0,17
08/02/2020,PAH,KY,ASO,ES,Federal Contract Tower,0,6,5,0,11,0,6,42,0,48,0,12,47,0,59,30,0,30,89
08/03/2020,PAH,KY,ASO,ES,Federal Contract Tower,0,6,15,0,21,0,8,24,4,36,0,14,39,4,57,26,4,30,87
08/04/2020,PAH,KY,ASO,ES,Federal Contract Tower,0,8,10,0,18,0,4,41,4,49,0,12,51,4,67,20,0,20,87
08/05/2020,PAH,KY,ASO,ES,Federal Contract Tower,0,8,14,2,24,0,10,42,4,56,0,18,56,6,80,16,2,18,98
08/06/2020,PAH,KY,ASO,ES,Federal Contract Tower,0,7,15,0,22,0,4,26,2,32,0,11,41,2,54,14,0,14,68
08/07/2020,PAH,KY,ASO,ES,Federal Contract Tower,0,6,4,2,12,0,0,44,0,44,0,6,48,2,56,8,0,8,64
08/08/2020,PAH,KY,ASO,ES,Federal Contract Tower,0,4,6,0,10,0,0,21,0,21,0,4,27,0,31,36,0,36,67
08/09/2020,PAH,KY,ASO,ES,Federal Contract Tower,0,5,1,0,6,0,4,33,0,37,0,9,34,0,43,20,0,20,63
08/10/2020,PAH,KY,ASO,ES,Federal Contract Tower,0,6,11,0,17,0,9,29,6,44,0,15,40,6,61,20,8,28,89
08/11/2020,PAH,KY,ASO,ES,Federal Contract Tower,0,8,20,0,28,0,5,24,2,31,0,13,44,2,59,22,2,24,83
08/12/2020,PAH,KY,ASO,ES,Federal Contract Tower,0,6,14,0,20,0,4,2,0,6,0,10,16,0,26,0,0,0,26
08/13/2020,PAH,KY,ASO,ES,Federal Contract Tower,0,6,13,0,19,0,0,4,0,4,0,6,17,0,23,0,0,0,23
08/14/2020,PAH,KY,ASO,ES,Federal Contract Tower,0,6,3,0,9,0,0,5,0,5,0,6,8,0,14,6,0,6,20
08/15/2020,PAH,KY,ASO,ES,Federal Contract Tower,0,4,3,1,8,0,0,34,3,37,0,4,37,4,45,10,0,10,55
08/16/2020,PAH,KY,ASO,ES,Federal Contract Tower,0,4,7,0,11,0,6,42,0,48,0,10,49,0,59,32,0,32,91
08/17/2020,PAH,KY,ASO,ES,Federal Contract Tower,0,6,6,0,12,0,10,46,6,62,0,16,52,6,74,32,4,36,110
08/18/2020,PAH,KY,ASO,ES,Federal Contract Tower,0,6,15,0,21,0,6,39,4,49,0,12,54,4,70,22,0,22,92
08/19/2020,PAH,KY,ASO,ES,Federal Contract Tower,0,6,10,7,23,0,4,41,8,53,0,10,51,15,76,36,0,36,112
08/20/2020,PAH,KY,ASO,ES,Federal Contract Tower,0,7,7,4,18,0,8,27,0,35,0,15,34,4,53,14,0,14,67
08/21/2020,PAH,KY,ASO,ES,Federal Contract Tower,0,7,7,0,14,0,0,9,0,9,0,7,16,0,23,6,0,6,29
08/22/2020,PAH,KY,ASO,ES,Federal Contract Tower,0,6,0,0,6,0,0,10,0,10,0,6,10,0,16,12,0,12,28
08/23/2020,PAH,KY,ASO,ES,Federal Contract Tower,0,8,8,0,16,0,4,38,0,42,0,12,46,0,58,34,0,34,92
08/24/2020,PAH,KY,ASO,ES,Federal Contract Tower,0,8,4,0,12,0,8,35,6,49,0,16,39,6,61,32,4,36,97
08/25/2020,PAH,KY,ASO,ES,Federal Contract Tower,0,6,9,0,15,0,8,32,6,46,0,14,41,6,61,22,6,28,89
08/26/2020,PAH,KY,ASO,ES,Federal Contract Tower,0,4,13,0,17,0,4,18,0,22,0,8,31,0,39,18,0,18,57
08/27/2020,PAH,KY,ASO,ES,Federal Contract Tower,0,6,19,0,25,0,0,7,0,7,0,6,26,0,32,0,0,0,32
08/28/2020,PAH,KY,ASO,ES,Federal Contract Tower,0,6,6,0,12,0,2,0,0,2,0,8,6,0,14,0,0,0,14
08/29/2020,PAH,KY,ASO,ES,Federal Contract Tower,0,6,4,1,11,0,0,8,9,17,0,6,12,10,28,0,0,0,28
08/30/2020,PAH,KY,ASO,ES,Federal Contract Tower,0,4,3,0,7,0,6,14,0,20,0,10,17,0,27,10,0,10,37
08/31/2020,PAH,KY,ASO,ES,Federal Contract Tower,0,8,11,0,19,0,6,26,4,36,0,14,37,4,55,30,8,38,93
09/01/2020,PAH,KY,ASO,ES,Federal Contract Tower,0,6,0,0,6,0,4,14,2,20,0,10,14,2,26,8,4,12,38
09/02/2020,PAH,KY,ASO,ES,Federal Contract Tower,0,6,16,0,22,0,2,11,0,13,0,8,27,0,35,0,0,0,35
09/03/2020,PAH,KY,ASO,ES,Federal Contract Tower,0,10,4,0,14,0,0,12,0,12,0,10,16,0,26,0,0,0,26
09/04/2020,PAH,KY,ASO,ES,Federal Contract Tower,0,8,5,0,13,0,0,14,0,14,0,8,19,0,27,2,0,2,29
09/05/2020,PAH,KY,ASO,ES,Federal Contract Tower,0,4,7,0,11,0,2,17,0,19,0,6,24,0,30,0,0,0,30
09/06/2020,PAH,KY,ASO,ES,Federal Contract Tower,0,2,3,0,5,0,2,17,0,19,0,4,20,0,24,22,0,22,46
09/07/2020,PAH,KY,ASO,ES,Federal Contract Tower,0,10,6,0,16,0,4,27,0,31,0,14,33,0,47,32,0,32,79
09/08/2020,PAH,KY,ASO,ES,Federal Contract Tower,0,8,5,0,13,0,4,31,0,35,0,12,36,0,48,28,0,28,76
09/09/2020,PAH,KY,ASO,ES,Federal Contract Tower,0,8,4,3,15,0,6,42,5,53,0,14,46,8,68,20,6,26,94
09/10/2020,PAH,KY,ASO,ES,Federal Contract Tower,0,12,14,2,28,0,2,33,2,37,0,14,47,4,65,12,4,16,81
09/11/2020,PAH,KY,ASO,ES,Federal Contract Tower,0,7,7,4,18,0,0,14,0,14,0,7,21,4,32,14,0,14,46
09/12/2020,PAH,KY,ASO,ES,Federal Contract Tower,0,7,8,2,17,0,1,8,0,9,0,8,16,2,26,4,0,4,30
09/13/2020,PAH,KY,ASO,ES,Federal Contract Tower,0,5,15,0,20,0,5,28,0,33,0,10,43,0,53,30,0,30,83
09/14/2020,PAH,KY,ASO,ES,Federal Contract Tower,0,13,11,0,24,0,5,44,4,53,0,18,55,4,77,38,4,42,119
09/15/2020,PAH,KY,ASO,ES,Federal Contract Tower,0,8,11,8,27,0,4,40,4,48,0,12,51,12,75,26,2,28,103
09/16/2020,PAH,KY,ASO,ES,Federal Contract Tower,0,8,11,8,27,0,6,44,2,52,0,14,55,10,79,30,2,32,111
09/17/2020,PAH,KY,ASO,ES,Federal Contract Tower,0,8,14,6,28,0,2,34,2,38,0,10,48,8,66,10,7,17,83
09/18/2020,PAH,KY,ASO,ES,Federal Contract Tower,0,10,15,0,25,0,0,15,0,15,0,10,30,0,40,4,0,4,44
09/19/2020,PAH,KY,ASO,ES,Federal Contract Tower,0,8,3,0,11,0,0,29,0,29,0,8,32,0,40,16,0,16,56
09/20/2020,PAH,KY,ASO,ES,Federal Contract Tower,0,4,14,0,18,0,4,42,0,46,0,8,56,0,64,30,0,30,94
09/21/2020,PAH,KY,ASO,ES,Federal Contract Tower,0,6,4,0,10,0,6,34,8,48,0,12,38,8,58,30,4,34,92
09/22/2020,PAH,KY,ASO,ES,Federal Contract Tower,0,6,14,0,20,0,6,40,4,50,0,12,54,4,70,32,4,36,106
09/23/2020,PAH,KY,ASO,ES,Federal Contract Tower,0,8,3,0,11,0,6,37,4,47,0,14,40,4,58,24,4,28,86
09/24/2020,PAH,KY,ASO,ES,Federal Contract Tower,0,9,13,0,22,0,5,20,4,29,0,14,33,4,51,18,4,22,73
09/25/2020,PAH,KY,ASO,ES,Federal Contract Tower,0,8,16,0,24,0,0,9,0,9,0,8,25,0,33,0,0,0,33
09/26/2020,PAH,KY,ASO,ES,Federal Contract Tower,0,4,5,0,9,0,0,7,0,7,0,4,12,0,16,4,0,4,20
09/27/2020,PAH,KY,ASO,ES,Federal Contract Tower,0,3,9,0,12,0,6,35,2,43,0,9,44,2,55,30,0,30,85
09/28/2020,PAH,KY,ASO,ES,Federal Contract Tower,0,6,5,0,11,0,6,27,6,39,0,12,32,6,50,20,4,24,74
09/29/2020,PAH,KY,ASO,ES,Federal Contract Tower,0,11,12,0,23,0,4,43,4,51,0,15,55,4,74,22,4,26,100
09/30/2020,PAH,KY,ASO,ES,Federal Contract Tower,0,9,14,0,23,0,4,42,2,48,0,13,56,2,71,42,0,42,113
10/01/2020,PAH,KY,ASO,ES,Federal Contract Tower,0,10,14,0,24,0,4,24,2,30,0,14,38,2,54,14,2,16,70
10/02/2020,PAH,KY,ASO,ES,Federal Contract Tower,0,8,11,0,19,0,0,26,0,26,0,8,37,0,45,8,0,8,53
10/03/2020,PAH,KY,ASO,ES,Federal Contract Tower,0,6,4,0,10,0,2,27,0,29,0,8,31,0,39,6,0,6,45
10/04/2020,PAH,KY,ASO,ES,Federal Contract Tower,0,6,8,0,14,0,8,27,0,35,0,14,35,0,49,16,0,16,65
10/05/2020,PAH,KY,ASO,ES,Federal Contract Tower,0,8,5,0,13,0,8,43,6,57,0,16,48,6,70,44,4,48,118
10/06/2020,PAH,KY,ASO,ES,Federal Contract Tower,0,8,6,0,14,0,6,41,6,53,0,14,47,6,67,48,4,52,119
10/07/2020,PAH,KY,ASO,ES,Federal Contract Tower,0,6,10,0,16,0,5,41,4,50,0,11,51,4,66,30,4,34,100
10/08/2020,PAH,KY,ASO,ES,Federal Contract Tower,0,6,13,0,19,0,4,28,2,34,0,10,41,2,53,28,0,28,81
10/09/2020,PAH,KY,ASO,ES,Federal Contract Tower,0,8,15,0,23,0,2,16,0,18,0,10,31,0,41,0,0,0,41
10/10/2020,PAH,KY,ASO,ES,Federal Contract Tower,0,8,1,0,9,0,2,1,0,3,0,10,2,0,12,0,0,0,12
10/11/2020,PAH,KY,ASO,ES,Federal Contract Tower,0,5,15,0,20,0,6,38,0,44,0,11,53,0,64,30,0,30,94
10/12/2020,PAH,KY,ASO,ES,Federal Contract Tower,0,6,19,0,25,0,5,20,4,29,0,11,39,4,54,12,8,20,74
10/13/2020,PAH,KY,ASO,ES,Federal Contract Tower,0,9,11,2,22,0,6,39,4,49,0,15,50,6,71,20,18,38,109
10/14/2020,PAH,KY,ASO,ES,Federal Contract Tower,0,6,9,2,17,0,8,31,6,45,0,14,40,8,62,22,2,24,86
10/15/2020,PAH,KY,ASO,ES,Federal Contract Tower,0,7,9,0,16,0,1,7,0,8,0,8,16,0,24,0,0,0,24
10/16/2020,PAH,KY,ASO,ES,Federal Contract Tower,0,6,13,0,19,0,0,19,0,19,0,6,32,0,38,12,0,12,50
10/17/2020,PAH,KY,ASO,ES,Federal Contract Tower,0,4,5,0,9,0,0,17,0,17,0,4,22,0,26,22,0,22,48
10/18/2020,PAH,KY,ASO,ES,Federal Contract Tower,0,5,10,0,15,0,4,26,0,30,0,9,36,0,45,16,0,16,61
10/19/2020,PAH,KY,ASO,ES,Federal Contract Tower,0,6,2,2,10,0,6,6,0,12,0,12,8,2,22,0,0,0,22
10/20/2020,PAH,KY,ASO,ES,Federal Contract Tower,0,6,9,4,19,0,5,15,4,24,0,11,24,8,43,18,2,20,63
10/21/2020,PAH,KY,ASO,ES,Federal Contract Tower,0,10,10,0,20,0,4,14,0,18,0,14,24,0,38,4,0,4,42
10/22/2020,PAH,KY,ASO,ES,Federal Contract Tower,0,10,14,0,24,0,2,45,0,47,0,12,59,0,71,4,0,4,75
10/23/2020,PAH,KY,ASO,ES,Federal Contract Tower,0,8,12,0,20,0,0,2,0,2,0,8,14,0,22,0,0,0,22
10/24/2020,PAH,KY,ASO,ES,Federal Contract Tower,0,4,9,0,13,0,0,10,0,10,0,4,19,0,23,16,0,16,39
10/25/2020,PAH,KY,ASO,ES,Federal Contract Tower,0,4,13,0,17,0,0,16,0,16,0,4,29,0,33,12,0,12,45
10/26/2020,PAH,KY,ASO,ES,Federal Contract Tower,0,6,2,0,8,0,8,21,4,33,0,14,23,4,41,14,6,20,61
10/27/2020,PAH,KY,ASO,ES,Federal Contract Tower,0,6,4,2,12,0,0,0,0,0,0,6,4,2,12,0,0,0,12
10/28/2020,PAH,KY,ASO,ES,Federal Contract Tower,0,7,6,0,13,0,0,0,0,0,0,7,6,0,13,0,0,0,13
10/29/2020,PAH,KY,ASO,ES,Federal Contract Tower,0,11,4,2,17,0,0,0,0,0,0,11,4,2,17,0,0,0,17
10/30/2020,PAH,KY,ASO,ES,Federal Contract Tower,0,10,3,2,15,0,4,33,0,37,0,14,36,2,52,12,0,12,64
11/01/2020,PAH,KY,ASO,ES,Federal Contract Tower,0,5,5,0,10,0,5,31,2,38,0,10,36,2,48,36,0,36,84
11/02/2020,PAH,KY,ASO,ES,Federal Contract Tower,0,11,5,2,18,0,6,34,7,47,0,17,39,9,65,36,4,40,105
11/03/2020,PAH,KY,ASO,ES,Federal Contract Tower,0,6,5,1,12,0,6,37,9,52,0,12,42,10,64,28,8,36,100
11/04/2020,PAH,KY,ASO,ES,Federal Contract Tower,0,6,12,6,24,0,7,38,2,47,0,13,50,8,71,12,0,12,83
11/05/2020,PAH,KY,ASO,ES,Federal Contract Tower,0,6,4,2,12,0,6,38,6,50,0,12,42,8,62,36,4,40,102
11/06/2020,PAH,KY,ASO,ES,Federal Contract Tower,0,6,7,4,17,0,1,11,2,14,0,7,18,6,31,14,2,16,47
11/07/2020,PAH,KY,ASO,ES,Federal Contract Tower,0,6,0,0,6,0,0,19,0,19,0,6,19,0,25,4,0,4,29
11/08/2020,PAH,KY,ASO,ES,Federal Contract Tower,0,6,11,0,17,0,4,38,0,42,0,10,49,0,59,28,0,28,87
11/09/2020,PAH,KY,ASO,ES,Federal Contract Tower,0,11,11,0,22,0,4,28,6,38,0,15,39,6,60,24,8,32,92
11/10/2020,PAH,KY,ASO,ES,Federal Contract Tower,0,13,4,4,21,0,9,23,0,32,0,22,27,4,53,10,0,10,63
11/11/2020,PAH,KY,ASO,ES,Federal Contract Tower,0,8,12,0,20,0,2,15,0,17,0,10,27,0,37,8,0,8,45
11/12/2020,PAH,KY,ASO,ES,Federal Contract Tower,0,8,8,2,18,0,3,19,0,22,0,11,27,2,40,12,0,12,52
11/13/2020,PAH,KY,ASO,ES,Federal Contract Tower,0,6,9,2,17,0,0,14,0,14,0,6,23,2,31,4,0,4,35
11/14/2020,PAH,KY,ASO,ES,Federal Contract Tower,0,4,3,0,7,0,0,7,0,7,0,4,10,0,14,6,0,6,20
11/15/2020,PAH,KY,ASO,ES,Federal Contract Tower,0,4,2,0,6,0,4,24,0,28,0,8,26,0,34,20,0,20,54
11/16/2020,PAH,KY,ASO,ES,Federal Contract Tower,0,10,5,0,15,0,6,40,6,52,0,16,45,6,67,34,4,38,105
11/17/2020,PAH,KY,ASO,ES,Federal Contract Tower,0,8,12,0,20,0,9,37,4,50,0,17,49,4,70,32,2,34,104
11/18/2020,PAH,KY,ASO,ES,Federal Contract Tower,0,6,10,0,16,0,8,21,4,33,0,14,31,4,49,12,4,16,65
11/19/2020,PAH,KY,ASO,ES,Federal Contract Tower,0,9,20,2,31,0,5,22,0,27,0,14,42,2,58,8,0,8,66
11/20/2020,PAH,KY,ASO,ES,Federal Contract Tower,0,10,11,0,21,0,0,5,0,5,0,10,16,0,26,0,0,0,26
11/21/2020,PAH,KY,ASO,ES,Federal Contract Tower,0,4,10,0,14,0,0,0,0,0,0,4,10,0,14,0,0,0,14
11/22/2020,PAH,KY,ASO,ES,Federal Contract Tower,0,10,7,0,17,0,2,9,0,11,0,12,16,0,28,0,0,0,28
11/23/2020,PAH,KY,ASO,ES,Federal Contract Tower,0,6,8,3,17,0,6,33,2,41,0,12,41,5,58,18,12,30,88
11/24/2020,PAH,KY,ASO,ES,Federal Contract Tower,0,6,9,2,17,0,6,37,4,47,0,12,46,6,64,24,2,26,90
11/25/2020,PAH,KY,ASO,ES,Federal Contract Tower,0,8,2,0,10,0,6,29,0,35,0,14,31,0,45,6,0,6,51
11/26/2020,PAH,KY,ASO,ES,Federal Contract Tower,0,4,6,0,10,0,4,26,0,30,0,8,32,0,40,12,0,12,52
11/27/2020,PAH,KY,ASO,ES,Federal Contract Tower,0,8,6,0,14,0,0,21,0,21,0,8,27,0,35,16,0,16,51
11/28/2020,PAH,KY,ASO,ES,Federal Contract Tower,0,8,9,0,17,0,0,36,0,36,0,8,45,0,53,26,0,26,79
11/29/2020,PAH,KY,ASO,ES,Federal Contract Tower,0,6,7,0,13,0,6,30,0,36,0,12,37,0,49,24,0,24,73
11/30/2020,PAH,KY,ASO,ES,Federal Contract Tower,0,6,1,0,7,0,6,29,4,39,0,12,30,4,46,20,4,24,70
12/01/2020,PAH,KY,ASO,ES,Federal Contract Tower,0,7,2,8,17,0,5,36,2,43,0,12,38,10,60,22,2,24,84
12/02/2020,PAH,KY,ASO,ES,Federal Contract Tower,0,6,8,0,14,0,2,30,2,34,0,8,38,2,48,18,4,22,70
12/03/2020,PAH,KY,ASO,ES,Federal Contract Tower,0,7,0,0,7,0,0,10,0,10,0,7,10,0,17,0,0,0,17
12/04/2020,PAH,KY,ASO,ES,Federal Contract Tower,0,6,7,0,13,1,0,13,0,14,1,6,20,0,27,12,0,12,39
12/05/2020,PAH,KY,ASO,ES,Federal Contract Tower,0,9,5,4,18,0,0,36,0,36,0,9,41,4,54,12,0,12,66
12/06/2020,PAH,KY,ASO,ES,Federal Contract Tower,0,5,4,0,9,0,6,35,0,41,0,11,39,0,50,32,0,32,82
12/07/2020,PAH,KY,ASO,ES,Federal Contract Tower,0,7,8,0,15,0,10,35,0,45,0,17,43,0,60,48,0,48,108
12/08/2020,PAH,KY,ASO,ES,Federal Contract Tower,0,10,15,0,25,0,4,35,2,41,0,14,50,2,66,34,2,36,102
12/09/2020,PAH,KY,ASO,ES,Federal Contract Tower,0,7,15,2,24,0,7,42,4,53,0,14,57,6,77,18,2,20,97
12/10/2020,PAH,KY,ASO,ES,Federal Contract Tower,0,11,2,0,13,0,0,22,0,22,0,11,24,0,35,14,0,14,49
12/11/2020,PAH,KY,ASO,ES,Federal Contract Tower,0,9,3,4,16,0,2,9,0,11,0,11,12,4,27,0,0,0,27
12/12/2020,PAH,KY,ASO,ES,Federal Contract Tower,0,4,5,0,9,0,1,6,0,7,0,5,11,0,16,10,0,10,26
12/13/2020,PAH,KY,ASO,ES,Federal Contract Tower,0,7,8,0,15,0,4,22,0,26,0,11,30,0,41,54,0,54,95
12/14/2020,PAH,KY,ASO,ES,Federal Contract Tower,0,6,7,0,13,0,6,23,6,35,0,12,30,6,48,12,8,20,68
12/15/2020,PAH,KY,ASO,ES,Federal Contract Tower,0,8,8,4,20,0,6,33,2,41,0,14,41,6,61,28,4,32,93
12/16/2020,PAH,KY,ASO,ES,Federal Contract Tower,0,6,8,0,14,0,4,0,0,4,0,10,8,0,18,0,0,0,18
12/17/2020,PAH,KY,ASO,ES,Federal Contract Tower,0,7,15,2,24,0,0,30,0,30,0,7,45,2,54,9,0,9,63
12/18/2020,PAH,KY,ASO,ES,Federal Contract Tower,0,8,5,0,13,0,2,18,0,20,0,10,23,0,33,10,0,10,43
12/19/2020,PAH,KY,ASO,ES,Federal Contract Tower,0,6,9,0,15,0,0,0,0,0,0,6,9,0,15,2,0,2,17
12/20/2020,PAH,KY,ASO,ES,Federal Contract Tower,0,4,6,1,11,0,4,22,0,26,0,8,28,1,37,26,0,26,63
12/21/2020,PAH,KY,ASO,ES,Federal Contract Tower,0,8,4,0,12,0,8,40,2,50,0,16,44,2,62,22,4,26,88
12/22/2020,PAH,KY,ASO,ES,Federal Contract Tower,0,6,7,0,13,0,8,41,4,53,0,14,48,4,66,28,4,32,98
12/23/2020,PAH,KY,ASO,ES,Federal Contract Tower,0,6,3,0,9,0,4,22,0,26,0,10,25,0,35,12,0,12,47
12/24/2020,PAH,KY,ASO,ES,Federal Contract Tower,0,6,2,0,8,0,2,19,0,21,0,8,21,0,29,10,0,10,39
12/25/2020,PAH,KY,ASO,ES,Federal Contract Tower,0,4,1,0,5,0,0,0,0,0,0,4,1,0,5,0,0,0,5
12/26/2020,PAH,KY,ASO,ES,Federal Contract Tower,0,6,11,0,17,0,4,36,0,40,0,10,47,0,57,12,0,12,69
12/27/2020,PAH,KY,ASO,ES,Federal Contract Tower,0,6,3,0,9,0,3,33,0,36,0,9,36,0,45,26,0,26,71
12/28/2020,PAH,KY,ASO,ES,Federal Contract Tower,0,5,13,0,18,0,7,28,0,35,0,12,41,0,53,34,0,34,87
12/29/2020,PAH,KY,ASO,ES,Federal Contract Tower,0,5,18,0,23,0,7,39,0,46,0,12,57,0,69,24,0,24,93
12/30/2020,PAH,KY,ASO,ES,Federal Contract Tower,0,6,7,0,13,0,7,6,0,13,0,13,13,0,26,0,0,0,26
12/31/2020,PAH,KY,ASO,ES,Federal Contract Tower,0,9,1,0,10,0,2,9,0,11,0,11,10,0,21,4,0,4,25
01/01/2021,PAH,KY,ASO,ES,Federal Contract Tower,0,9,3,0,12,0,0,0,0,0,0,9,3,0,12,0,0,0,12
01/02/2021,PAH,KY,ASO,ES,Federal Contract Tower,0,5,4,0,9,0,0,0,0,0,0,5,4,0,9,0,0,0,9
01/03/2021,PAH,KY,ASO,ES,Federal Contract Tower,0,3,13,0,16,0,2,31,0,33,0,5,44,0,49,20,0,20,69
01/04/2021,PAH,KY,ASO,ES,Federal Contract Tower,0,8,3,0,11,0,6,28,4,38,0,14,31,4,49,32,4,36,85
01/05/2021,PAH,KY,ASO,ES,Federal Contract Tower,0,5,6,0,11,0,6,43,2,51,0,11,49,2,62,26,4,30,92
01/06/2021,PAH,KY,ASO,ES,Federal Contract Tower,0,8,8,0,16,0,2,25,2,29,0,10,33,2,45,16,4,20,65
01/07/2021,PAH,KY,ASO,ES,Federal Contract Tower,0,6,5,0,11,0,4,15,0,19,0,10,20,0,30,10,0,10,40
01/08/2021,PAH,KY,ASO,ES,Federal Contract Tower,0,7,11,4,22,0,1,6,0,7,0,8,17,4,29,0,0,0,29
01/09/2021,PAH,KY,ASO,ES,Federal Contract Tower,0,6,3,0,9,0,0,17,0,17,0,6,20,0,26,8,0,8,34
01/10/2021,PAH,KY,ASO,ES,Federal Contract Tower,0,3,6,0,9,0,4,17,0,21,0,7,23,0,30,24,0,24,54
01/11/2021,PAH,KY,ASO,ES,Federal Contract Tower,0,6,7,0,13,0,8,21,6,35,0,14,28,6,48,16,8,24,72
01/12/2021,PAH,KY,ASO,ES,Federal Contract Tower,0,6,12,2,20,0,6,34,4,44,0,12,46,6,64,24,6,30,94
01/13/2021,PAH,KY,ASO,ES,Federal Contract Tower,0,6,7,3,16,0,6,39,4,49,0,12,46,7,65,26,6,32,97
01/14/2021,PAH,KY,ASO,ES,Federal Contract Tower,0,6,4,6,16,0,5,21,2,28,0,11,25,8,44,14,4,18,62
01/15/2021,PAH,KY,ASO,ES,Federal Contract Tower,0,7,16,6,29,0,0,4,0,4,0,7,20,6,33,0,0,0,33
01/16/2021,PAH,KY,ASO,ES,Federal Contract Tower,0,4,7,0,11,0,0,3,0,3,0,4,10,0,14,0,0,0,14
01/17/2021,PAH,KY,ASO,ES,Federal Contract Tower,0,4,7,0,11,0,2,22,0,24,0,6,29,0,35,18,0,18,53
01/18/2021,PAH,KY,ASO,ES,Federal Contract Tower,0,8,17,0,25,0,4,23,4,31,0,12,40,4,56,34,0,34,90
01/19/2021,PAH,KY,ASO,ES,Federal Contract Tower,0,8,12,2,22,0,9,40,4,53,0,17,52,6,75,22,4,26,101
01/20/2021,PAH,KY,ASO,ES,Federal Contract Tower,0,7,6,0,13,0,6,41,6,53,0,13,47,6,66,24,6,30,96
01/21/2021,PAH,KY,ASO,ES,Federal Contract Tower,0,7,11,2,20,0,7,30,4,41,0,14,41,6,61,12,4,16,77
01/22/2021,PAH,KY,ASO,ES,Federal Contract Tower,0,9,10,2,21,0,0,29,0,29,0,9,39,2,50,16,0,16,66
01/23/2021,PAH,KY,ASO,ES,Federal Contract Tower,0,6,8,0,14,0,0,28,0,28,0,6,36,0,42,2,0,2,44
01/24/2021,PAH,KY,ASO,ES,Federal Contract Tower,0,4,5,0,9,0,4,7,0,11,0,8,12,0,20,12,0,12,32
01/25/2021,PAH,KY,ASO,ES,Federal Contract Tower,0,6,1,0,7,0,5,9,0,14,0,11,10,0,21,0,0,0,21
01/26/2021,PAH,KY,ASO,ES,Federal Contract Tower,0,9,9,0,18,0,7,30,5,42,0,16,39,5,60,22,6,28,88
01/27/2021,PAH,KY,ASO,ES,Federal Contract Tower,0,10,7,0,17,0,4,14,2,20,0,14,21,2,37,12,0,12,49
01/28/2021,PAH,KY,ASO,ES,Federal Contract Tower,0,9,13,0,22,0,2,43,4,49,0,11,56,4,71,14,0,14,85
01/29/2021,PAH,KY,ASO,ES,Federal Contract Tower,0,8,13,0,21,0,0,29,0,29,0,8,42,0,50,14,0,14,64
01/30/2021,PAH,KY,ASO,ES,Federal Contract Tower,0,3,2,0,5,0,0,3,10,13,0,3,5,10,18,8,0,8,26
01/31/2021,PAH,KY,ASO,ES,Federal Contract Tower,0,1,2,0,3,0,5,13,0,18,0,6,15,0,21,10,0,10,31
02/01/2021,PAH,KY,ASO,ES,Federal Contract Tower,0,7,2,0,9,0,9,26,6,41,0,16,28,6,50,20,4,24,74
02/02/2021,PAH,KY,ASO,ES,Federal Contract Tower,0,5,4,0,9,0,7,33,4,44,0,12,37,4,53,30,4,34,87
02/03/2021,PAH,KY,ASO,ES,Federal Contract Tower,0,9,7,0,16,0,9,31,4,44,0,18,38,4,60,22,6,28,88
02/04/2021,PAH,KY,ASO,ES,Federal Contract Tower,0,6,2,0,8,0,4,10,0,14,0,10,12,0,22,8,0,8,30
02/05/2021,PAH,KY,ASO,ES,Federal Contract Tower,0,10,8,0,18,0,0,7,0,7,0,10,15,0,25,5,0,5,30
02/06/2021,PAH,KY,ASO,ES,Federal Contract Tower,0,7,6,0,13,0,0,23,0,23,0,7,29,0,36,20,0,20,56
02/07/2021,PAH,KY,ASO,ES,Federal Contract Tower,0,3,2,0,5,0,5,35,0,40,0,8,37,0,45,28,0,28,73
02/08/2021,PAH,KY,ASO,ES,Federal Contract Tower,0,6,16,0,22,0,8,26,6,40,0,14,42,6,62,18,10,28,90
02/09/2021,PAH,KY,ASO,ES,Federal Contract Tower,0,8,1,0,9,0,4,2,0,6,0,12,3,0,15,0,0,0,15
02/10/2021,PAH,KY,ASO,ES,Federal Contract Tower,0,0,0,0,0,0,0,0,0,0,0,0,0,0,0,0,0,0,0
02/11/2021,PAH,KY,ASO,ES,Federal Contract Tower,0,0,0,0,0,0,0,0,0,0,0,0,0,0,0,0,0,0,0
02/12/2021,PAH,KY,ASO,ES,Federal Contract Tower,0,3,9,0,12,0,0,4,0,4,0,3,13,0,16,0,0,0,16
02/13/2021,PAH,KY,ASO,ES,Federal Contract Tower,0,1,7,0,8,0,0,0,0,0,0,1,7,0,8,0,0,0,8
02/14/2021,PAH,KY,ASO,ES,Federal Contract Tower,0,0,2,0,2,0,0,0,0,0,0,0,2,0,2,0,0,0,2
02/15/2021,PAH,KY,ASO,ES,Federal Contract Tower,0,0,0,0,0,0,0,0,0,0,0,0,0,0,0,0,0,0,0
02/16/2021,PAH,KY,ASO,ES,Federal Contract Tower,0,2,0,0,2,0,1,0,0,1,0,3,0,0,3,0,0,0,3
02/17/2021,PAH,KY,ASO,ES,Federal Contract Tower,0,2,2,0,4,0,0,6,2,8,0,2,8,2,12,0,0,0,12
02/18/2021,PAH,KY,ASO,ES,Federal Contract Tower,0,2,1,0,3,0,0,3,0,3,0,2,4,0,6,0,0,0,6
02/19/2021,PAH,KY,ASO,ES,Federal Contract Tower,0,4,0,0,4,0,0,13,0,13,0,4,13,0,17,2,0,2,19
02/20/2021,PAH,KY,ASO,ES,Federal Contract Tower,0,7,13,0,20,0,2,16,0,18,0,9,29,0,38,4,0,4,42
02/21/2021,PAH,KY,ASO,ES,Federal Contract Tower,0,4,9,0,13,0,5,21,0,26,0,9,30,0,39,26,0,26,65
02/22/2021,PAH,KY,ASO,ES,Federal Contract Tower,0,11,6,0,17,0,7,13,1,21,0,18,19,1,38,8,2,10,48
02/23/2021,PAH,KY,ASO,ES,Federal Contract Tower,0,10,12,8,30,0,10,46,2,58,0,20,58,10,88,28,2,30,118
02/24/2021,PAH,KY,ASO,ES,Federal Contract Tower,0,8,17,0,25,0,4,27,4,35,0,12,44,4,60,18,4,22,82
02/25/2021,PAH,KY,ASO,ES,Federal Contract Tower,0,8,14,0,22,0,2,20,4,26,0,10,34,4,48,12,4,16,64
02/26/2021,PAH,KY,ASO,ES,Federal Contract Tower,0,9,7,0,16,0,0,2,0,2,0,9,9,0,18,0,0,0,18
02/27/2021,PAH,KY,ASO,ES,Federal Contract Tower,0,12,7,0,19,0,0,9,0,9,0,12,16,0,28,10,0,10,38
02/28/2021,PAH,KY,ASO,ES,Federal Contract Tower,0,6,1,0,7,0,5,7,1,13,0,11,8,1,20,6,0,6,26
03/01/2021,PAH,KY,ASO,ES,Federal Contract Tower,0,8,8,0,16,0,8,36,4,48,0,16,44,4,64,26,6,32,96
03/02/2021,PAH,KY,ASO,ES,Federal Contract Tower,0,8,2,0,10,0,8,36,8,52,0,16,38,8,62,16,8,24,86
03/03/2021,PAH,KY,ASO,ES,Federal Contract Tower,0,8,10,0,18,0,5,30,0,35,0,13,40,0,53,14,0,14,67
03/04/2021,PAH,KY,ASO,ES,Federal Contract Tower,0,6,5,4,15,0,2,49,4,55,0,8,54,8,70,18,2,20,90
03/05/2021,PAH,KY,ASO,ES,Federal Contract Tower,0,8,8,4,20,0,2,20,0,22,0,10,28,4,42,14,0,14,56
03/06/2021,PAH,KY,ASO,ES,Federal Contract Tower,0,9,10,0,19,0,3,27,0,30,0,12,37,0,49,24,0,24,73
03/07/2021,PAH,KY,ASO,ES,Federal Contract Tower,0,7,7,0,14,0,5,50,0,55,0,12,57,0,69,32,0,32,101
03/08/2021,PAH,KY,ASO,ES,Federal Contract Tower,0,7,3,4,14,0,7,18,6,31,0,14,21,10,45,28,10,38,83
03/09/2021,PAH,KY,ASO,ES,Federal Contract Tower,0,7,6,6,19,0,6,40,4,50,0,13,46,10,69,18,4,22,91
03/10/2021,PAH,KY,ASO,ES,Federal Contract Tower,0,6,9,0,15,0,7,24,6,37,0,13,33,6,52,12,4,16,68
03/11/2021,PAH,KY,ASO,ES,Federal Contract Tower,0,6,12,14,32,0,4,16,4,24,0,10,28,18,56,6,8,14,70
03/12/2021,PAH,KY,ASO,ES,Federal Contract Tower,0,9,6,0,15,0,0,1,0,1,0,9,7,0,16,0,0,0,16
03/13/2021,PAH,KY,ASO,ES,Federal Contract Tower,0,4,9,0,13,0,2,2,0,4,0,6,11,0,17,0,0,0,17
03/14/2021,PAH,KY,ASO,ES,Federal Contract Tower,0,5,4,0,9,0,5,27,0,32,0,10,31,0,41,0,0,0,41
03/15/2021,PAH,KY,ASO,ES,Federal Contract Tower,0,8,17,0,25,0,7,35,2,44,0,15,52,2,69,26,4,30,99
03/16/2021,PAH,KY,ASO,ES,Federal Contract Tower,0,11,12,0,23,0,6,40,6,52,0,17,52,6,75,18,8,26,101
03/17/2021,PAH,KY,ASO,ES,Federal Contract Tower,0,6,4,0,10,0,2,7,0,9,0,8,11,0,19,12,0,12,31
03/18/2021,PAH,KY,ASO,ES,Federal Contract Tower,0,4,12,2,18,0,0,0,0,0,0,4,12,2,18,0,0,0,18
03/19/2021,PAH,KY,ASO,ES,Federal Contract Tower,0,6,16,2,24,0,0,22,2,24,0,6,38,4,48,0,0,0,48
03/20/2021,PAH,KY,ASO,ES,Federal Contract Tower,0,4,2,0,6,0,6,16,0,22,0,10,18,0,28,4,0,4,32
03/21/2021,PAH,KY,ASO,ES,Federal Contract Tower,0,6,3,6,15,0,6,35,2,43,0,12,38,8,58,10,14,24,82
03/22/2021,PAH,KY,ASO,ES,Federal Contract Tower,0,6,5,0,11,0,8,20,4,32,0,14,25,4,43,14,8,22,65
03/23/2021,PAH,KY,ASO,ES,Federal Contract Tower,0,11,6,0,17,0,6,25,2,33,0,17,31,2,50,12,2,14,64
03/24/2021,PAH,KY,ASO,ES,Federal Contract Tower,0,9,7,0,16,0,5,36,8,49,0,14,43,8,65,18,6,24,89
03/25/2021,PAH,KY,ASO,ES,Federal Contract Tower,0,6,4,0,10,0,3,8,0,11,0,9,12,0,21,0,0,0,21
03/26/2021,PAH,KY,ASO,ES,Federal Contract Tower,0,10,10,2,22,0,0,39,0,39,0,10,49,2,61,0,0,0,61
03/27/2021,PAH,KY,ASO,ES,Federal Contract Tower,0,4,9,0,13,0,1,22,0,23,0,5,31,0,36,6,0,6,42
03/28/2021,PAH,KY,ASO,ES,Federal Contract Tower,0,5,4,0,9,0,4,26,0,30,0,9,30,0,39,20,0,20,59
03/29/2021,PAH,KY,ASO,ES,Federal Contract Tower,0,9,13,0,22,0,9,27,4,40,0,18,40,4,62,22,8,30,92
03/30/2021,PAH,KY,ASO,ES,Federal Contract Tower,0,7,7,6,20,0,4,27,4,35,0,11,34,10,55,20,6,26,81
03/31/2021,PAH,KY,ASO,ES,Federal Contract Tower,0,10,4,0,14,0,13,41,4,58,0,23,45,4,72,22,2,24,96
04/01/2021,PAH,KY,ASO,ES,Federal Contract Tower,0,10,18,0,28,0,6,17,0,23,0,16,35,0,51,8,0,8,59
04/02/2021,PAH,KY,ASO,ES,Federal Contract Tower,0,10,8,0,18,0,0,20,0,20,0,10,28,0,38,12,0,12,50
04/03/2021,PAH,KY,ASO,ES,Federal Contract Tower,0,8,4,0,12,0,2,34,0,36,0,10,38,0,48,4,0,4,52
04/04/2021,PAH,KY,ASO,ES,Federal Contract Tower,0,5,5,0,10,0,4,19,0,23,0,9,24,0,33,8,0,8,41
04/05/2021,PAH,KY,ASO,ES,Federal Contract Tower,0,8,5,0,13,0,6,29,4,39,0,14,34,4,52,30,6,36,88
04/06/2021,PAH,KY,ASO,ES,Federal Contract Tower,0,6,10,0,16,0,15,35,4,54,0,21,45,4,70,26,4,30,100
04/07/2021,PAH,KY,ASO,ES,Federal Contract Tower,0,9,13,4,26,0,8,19,0,27,0,17,32,4,53,16,0,16,69
04/08/2021,PAH,KY,ASO,ES,Federal Contract Tower,0,10,12,2,24,0,0,8,0,8,0,10,20,2,32,2,0,2,34
04/09/2021,PAH,KY,ASO,ES,Federal Contract Tower,0,5,5,0,10,0,1,17,0,18,0,6,22,0,28,18,0,18,46
04/10/2021,PAH,KY,ASO,ES,Federal Contract Tower,0,7,5,0,12,0,0,2,0,2,0,7,7,0,14,0,0,0,14
04/11/2021,PAH,KY,ASO,ES,Federal Contract Tower,0,6,10,0,16,0,4,22,0,26,0,10,32,0,42,12,0,12,54
04/12/2021,PAH,KY,ASO,ES,Federal Contract Tower,0,7,19,4,30,0,6,35,0,41,0,13,54,4,71,32,0,32,103
04/13/2021,PAH,KY,ASO,ES,Federal Contract Tower,0,6,8,0,14,0,10,41,6,57,0,16,49,6,71,22,4,26,97
04/14/2021,PAH,KY,ASO,ES,Federal Contract Tower,0,7,11,0,18,0,4,14,4,22,0,11,25,4,40,14,4,18,58
04/15/2021,PAH,KY,ASO,ES,Federal Contract Tower,0,6,9,0,15,0,0,26,4,30,0,6,35,4,45,0,0,0,45
04/16/2021,PAH,KY,ASO,ES,Federal Contract Tower,0,6,12,0,18,0,19,0,0,19,0,25,12,0,37,12,0,12,49
04/17/2021,PAH,KY,ASO,ES,Federal Contract Tower,0,6,6,0,12,0,0,14,4,18,0,6,20,4,30,20,0,20,50
04/18/2021,PAH,KY,ASO,ES,Federal Contract Tower,0,4,7,0,11,0,8,37,0,45,0,12,44,0,56,30,0,30,86
04/19/2021,PAH,KY,ASO,ES,Federal Contract Tower,0,9,4,0,13,0,6,24,6,36,0,15,28,6,49,18,4,22,71
04/20/2021,PAH,KY,ASO,ES,Federal Contract Tower,0,7,1,0,8,0,8,27,10,45,0,15,28,10,53,18,6,24,77
04/21/2021,PAH,KY,ASO,ES,Federal Contract Tower,0,6,7,2,15,0,5,28,5,38,0,11,35,7,53,12,4,16,69
04/22/2021,PAH,KY,ASO,ES,Federal Contract Tower,0,6,4,2,12,0,2,10,0,12,0,8,14,2,24,0,0,0,24
04/23/2021,PAH,KY,ASO,ES,Federal Contract Tower,0,8,8,6,22,0,3,21,0,24,0,11,29,6,46,0,0,0,46
04/24/2021,PAH,KY,ASO,ES,Federal Contract Tower,0,5,5,0,10,0,0,1,0,1,0,5,6,0,11,0,0,0,11
04/25/2021,PAH,KY,ASO,ES,Federal Contract Tower,0,4,3,0,7,0,6,37,0,43,0,10,40,0,50,32,0,32,82
04/26/2021,PAH,KY,ASO,ES,Federal Contract Tower,0,9,2,6,17,0,8,27,2,37,0,17,29,8,54,30,4,34,88
04/27/2021,PAH,KY,ASO,ES,Federal Contract Tower,0,6,7,10,23,0,6,40,4,50,0,12,47,14,73,22,14,36,109
04/28/2021,PAH,KY,ASO,ES,Federal Contract Tower,0,6,6,0,12,0,4,12,2,18,0,10,18,2,30,14,2,16,46
04/29/2021,PAH,KY,ASO,ES,Federal Contract Tower,0,7,9,0,16,0,4,5,0,9,0,11,14,0,25,0,0,0,25
04/30/2021,PAH,KY,ASO,ES,Federal Contract Tower,0,4,19,0,23,0,0,34,0,34,0,4,53,0,57,20,0,20,77
05/01/2021,PAH,KY,ASO,ES,Federal Contract Tower,0,4,3,0,7,0,3,34,0,37,0,7,37,0,44,22,0,22,66
05/02/2021,PAH,KY,ASO,ES,Federal Contract Tower,0,4,8,0,12,0,4,21,0,25,0,8,29,0,37,54,0,54,91
05/03/2021,PAH,KY,ASO,ES,Federal Contract Tower,0,10,10,0,20,0,6,20,4,30,0,16,30,4,50,18,4,22,72
05/04/2021,PAH,KY,ASO,ES,Federal Contract Tower,0,7,14,0,21,0,8,25,6,39,0,15,39,6,60,20,4,24,84
05/05/2021,PAH,KY,ASO,ES,Federal Contract Tower,0,12,18,2,32,0,4,69,4,77,0,16,87,6,109,12,6,18,127
05/06/2021,PAH,KY,ASO,ES,Federal Contract Tower,0,11,20,0,31,0,1,26,0,27,0,12,46,0,58,0,0,0,58
05/07/2021,PAH,KY,ASO,ES,Federal Contract Tower,0,13,8,0,21,0,4,45,0,49,0,17,53,0,70,18,0,18,88
05/08/2021,PAH,KY,ASO,ES,Federal Contract Tower,0,4,6,0,10,0,0,9,0,9,0,4,15,0,19,18,0,18,37
05/09/2021,PAH,KY,ASO,ES,Federal Contract Tower,0,4,2,0,6,0,4,13,0,17,0,8,15,0,23,10,0,10,33
05/10/2021,PAH,KY,ASO,ES,Federal Contract Tower,0,8,10,0,18,0,4,49,2,55,0,12,59,2,73,18,4,22,95
05/11/2021,PAH,KY,ASO,ES,Federal Contract Tower,0,8,0,0,8,0,8,43,4,55,0,16,43,4,63,16,4,20,83
05/12/2021,PAH,KY,ASO,ES,Federal Contract Tower,0,6,10,2,18,0,4,24,2,30,0,10,34,4,48,12,0,12,60
05/13/2021,PAH,KY,ASO,ES,Federal Contract Tower,0,6,19,0,25,0,0,15,0,15,0,6,34,0,40,0,0,0,40
05/14/2021,PAH,KY,ASO,ES,Federal Contract Tower,0,6,6,0,12,0,3,23,0,26,0,9,29,0,38,18,0,18,56
05/15/2021,PAH,KY,ASO,ES,Federal Contract Tower,0,4,8,0,12,0,0,20,0,20,0,4,28,0,32,34,0,34,66
05/16/2021,PAH,KY,ASO,ES,Federal Contract Tower,0,4,3,0,7,0,5,33,0,38,0,9,36,0,45,28,0,28,73
05/17/2021,PAH,KY,ASO,ES,Federal Contract Tower,0,6,10,0,16,0,6,22,4,32,0,12,32,4,48,18,8,26,74
05/18/2021,PAH,KY,ASO,ES,Federal Contract Tower,0,7,10,0,17,0,4,32,4,40,0,11,42,4,57,20,8,28,85
05/19/2021,PAH,KY,ASO,ES,Federal Contract Tower,0,11,6,0,17,0,7,36,6,49,0,18,42,6,66,26,2,28,94
05/20/2021,PAH,KY,ASO,ES,Federal Contract Tower,0,7,8,2,17,0,4,35,2,41,0,11,43,4,58,16,2,18,76
05/21/2021,PAH,KY,ASO,ES,Federal Contract Tower,0,7,7,0,14,0,0,23,0,23,0,7,30,0,37,20,0,20,57
05/22/2021,PAH,KY,ASO,ES,Federal Contract Tower,0,8,10,0,18,0,2,24,0,26,0,10,34,0,44,16,8,24,68
05/23/2021,PAH,KY,ASO,ES,Federal Contract Tower,0,3,3,0,6,0,6,32,0,38,0,9,35,0,44,20,0,20,64
05/24/2021,PAH,KY,ASO,ES,Federal Contract Tower,0,7,12,0,19,0,6,34,0,40,0,13,46,0,59,32,0,32,91
05/25/2021,PAH,KY,ASO,ES,Federal Contract Tower,0,6,10,3,19,0,10,42,5,57,0,16,52,8,76,24,4,28,104
05/26/2021,PAH,KY,ASO,ES,Federal Contract Tower,0,6,6,2,14,0,4,17,2,23,0,10,23,4,37,12,4,16,53
05/27/2021,PAH,KY,ASO,ES,Federal Contract Tower,0,10,10,2,22,0,0,8,0,8,0,10,18,2,30,8,0,8,38
05/28/2021,PAH,KY,ASO,ES,Federal Contract Tower,0,6,5,1,12,0,0,7,0,7,0,6,12,1,19,0,0,0,19
05/29/2021,PAH,KY,ASO,ES,Federal Contract Tower,0,5,2,0,7,0,0,4,1,5,0,5,6,1,12,0,0,0,12
05/30/2021,PAH,KY,ASO,ES,Federal Contract Tower,0,8,8,0,16,0,7,40,0,47,0,15,48,0,63,24,0,24,87
05/31/2021,PAH,KY,ASO,ES,Federal Contract Tower,0,5,2,0,7,0,2,22,0,24,0,7,24,0,31,28,0,28,59
06/01/2021,PAH,KY,ASO,ES,Federal Contract Tower,0,4,4,0,8,0,8,18,4,30,0,12,22,4,38,14,8,22,60
06/02/2021,PAH,KY,ASO,ES,Federal Contract Tower,0,9,7,0,16,0,4,13,0,17,0,13,20,0,33,0,0,0,33
06/03/2021,PAH,KY,ASO,ES,Federal Contract Tower,0,9,12,0,21,0,4,24,2,30,0,13,36,2,51,18,0,18,69
06/04/2021,PAH,KY,ASO,ES,Federal Contract Tower,0,6,12,2,20,0,0,24,2,26,0,6,36,4,46,44,0,44,90
06/05/2021,PAH,KY,ASO,ES,Federal Contract Tower,0,8,6,4,18,0,0,14,0,14,0,8,20,4,32,0,0,0,32
06/06/2021,PAH,KY,ASO,ES,Federal Contract Tower,0,4,2,0,6,0,0,10,0,10,0,4,12,0,16,14,0,14,30
06/07/2021,PAH,KY,ASO,ES,Federal Contract Tower,0,6,6,0,12,0,6,16,4,26,0,12,22,4,38,6,4,10,48
06/08/2021,PAH,KY,ASO,ES,Federal Contract Tower,0,10,5,2,17,0,6,29,4,39,0,16,34,6,56,20,2,22,78
06/09/2021,PAH,KY,ASO,ES,Federal Contract Tower,0,9,4,6,19,0,2,23,4,29,0,11,27,10,48,16,4,20,68
06/10/2021,PAH,KY,ASO,ES,Federal Contract Tower,0,9,6,0,15,0,2,5,0,7,0,11,11,0,22,0,0,0,22
06/11/2021,PAH,KY,ASO,ES,Federal Contract Tower,0,7,13,0,20,0,2,41,0,43,0,9,54,0,63,24,0,24,87
06/12/2021,PAH,KY,ASO,ES,Federal Contract Tower,0,6,11,0,17,0,5,35,0,40,0,11,46,0,57,12,0,12,69
06/13/2021,PAH,KY,ASO,ES,Federal Contract Tower,0,4,10,0,14,0,4,25,0,29,0,8,35,0,43,36,0,36,79
06/14/2021,PAH,KY,ASO,ES,Federal Contract Tower,0,8,11,0,19,0,7,29,4,40,0,15,40,4,59,26,4,30,89
06/15/2021,PAH,KY,ASO,ES,Federal Contract Tower,0,8,7,12,27,0,6,41,6,53,0,14,48,18,80,30,4,34,114
06/16/2021,PAH,KY,ASO,ES,Federal Contract Tower,0,9,9,4,22,0,7,38,4,49,0,16,47,8,71,38,6,44,115
06/17/2021,PAH,KY,ASO,ES,Federal Contract Tower,0,9,6,0,15,0,4,38,2,44,0,13,44,2,59,14,2,16,75
06/18/2021,PAH,KY,ASO,ES,Federal Contract Tower,0,5,8,0,13,0,6,70,0,76,0,11,78,0,89,18,0,18,107
06/19/2021,PAH,KY,ASO,ES,Federal Contract Tower,0,5,7,0,12,0,2,68,0,70,0,7,75,0,82,26,0,26,108
06/20/2021,PAH,KY,ASO,ES,Federal Contract Tower,0,5,2,0,7,0,0,7,0,7,0,5,9,0,14,0,0,0,14
06/21/2021,PAH,KY,ASO,ES,Federal Contract Tower,0,7,6,0,13,0,0,5,0,5,0,7,11,0,18,4,0,4,22
06/22/2021,PAH,KY,ASO,ES,Federal Contract Tower,0,6,8,4,18,0,0,28,5,33,0,6,36,9,51,16,0,16,67
06/23/2021,PAH,KY,ASO,ES,Federal Contract Tower,0,12,20,0,32,0,0,33,0,33,0,12,53,0,65,16,0,16,81
06/24/2021,PAH,KY,ASO,ES,Federal Contract Tower,0,9,8,0,17,0,1,21,0,22,0,10,29,0,39,4,0,4,43
06/25/2021,PAH,KY,ASO,ES,Federal Contract Tower,0,6,17,0,23,0,1,26,0,27,0,7,43,0,50,0,0,0,50
06/26/2021,PAH,KY,ASO,ES,Federal Contract Tower,0,3,5,0,8,0,0,7,0,7,0,3,12,0,15,0,0,0,15
06/27/2021,PAH,KY,ASO,ES,Federal Contract Tower,0,3,3,0,6,0,8,30,0,38,0,11,33,0,44,24,0,24,68
06/28/2021,PAH,KY,ASO,ES,Federal Contract Tower,0,9,5,2,16,0,6,30,4,40,0,15,35,6,56,22,8,30,86
06/29/2021,PAH,KY,ASO,ES,Federal Contract Tower,0,9,18,0,27,0,9,35,4,48,0,18,53,4,75,22,2,24,99
06/30/2021,PAH,KY,ASO,ES,Federal Contract Tower,0,11,18,0,29,0,4,23,2,29,0,15,41,2,58,18,0,18,76
07/01/2021,PAH,KY,ASO,ES,Federal Contract Tower,0,8,8,0,16,0,8,11,2,21,0,16,19,2,37,6,6,12,49
07/02/2021,PAH,KY,ASO,ES,Federal Contract Tower,0,9,10,0,19,0,2,26,0,28,0,11,36,0,47,34,0,34,81
07/03/2021,PAH,KY,ASO,ES,Federal Contract Tower,0,4,6,0,10,0,0,36,0,36,0,4,42,0,46,6,0,6,52
07/04/2021,PAH,KY,ASO,ES,Federal Contract Tower,0,4,3,0,7,0,6,39,0,45,0,10,42,0,52,26,0,26,78
07/05/2021,PAH,KY,ASO,ES,Federal Contract Tower,0,8,8,0,16,0,8,34,0,42,0,16,42,0,58,38,0,38,96
07/06/2021,PAH,KY,ASO,ES,Federal Contract Tower,0,6,16,8,30,0,8,47,6,61,0,14,63,14,91,32,4,36,127
07/07/2021,PAH,KY,ASO,ES,Federal Contract Tower,0,10,5,0,15,0,6,31,6,43,0,16,36,6,58,14,2,16,74
07/08/2021,PAH,KY,ASO,ES,Federal Contract Tower,0,10,15,0,25,0,4,37,2,43,0,14,52,2,68,10,4,14,82
07/09/2021,PAH,KY,ASO,ES,Federal Contract Tower,0,9,19,2,30,0,0,33,0,33,0,9,52,2,63,0,0,0,63
07/10/2021,PAH,KY,ASO,ES,Federal Contract Tower,0,6,5,0,11,0,0,4,0,4,0,6,9,0,15,4,0,4,19
07/11/2021,PAH,KY,ASO,ES,Federal Contract Tower,0,3,11,0,14,0,4,29,0,33,0,7,40,0,47,12,0,12,59
07/12/2021,PAH,KY,ASO,ES,Federal Contract Tower,0,6,7,0,13,0,5,19,4,28,0,11,26,4,41,14,0,14,55
07/13/2021,PAH,KY,ASO,ES,Federal Contract Tower,0,6,6,0,12,0,4,29,4,37,0,10,35,4,49,22,4,26,75
07/14/2021,PAH,KY,ASO,ES,Federal Contract Tower,0,6,11,1,18,0,8,46,5,59,0,14,57,6,77,18,6,24,101
07/15/2021,PAH,KY,ASO,ES,Federal Contract Tower,0,7,10,1,18,0,5,32,7,44,0,12,42,8,62,30,1,31,93
07/16/2021,PAH,KY,ASO,ES,Federal Contract Tower,0,7,6,2,15,0,0,18,0,18,0,7,24,2,33,0,0,0,33
07/17/2021,PAH,KY,ASO,ES,Federal Contract Tower,0,5,12,0,17,0,0,12,0,12,0,5,24,0,29,0,0,0,29
07/18/2021,PAH,KY,ASO,ES,Federal Contract Tower,0,5,9,0,14,0,4,16,0,20,0,9,25,0,34,10,0,10,44
07/19/2021,PAH,KY,ASO,ES,Federal Contract Tower,0,6,6,2,14,0,6,26,2,34,0,12,32,4,48,22,2,24,72
07/20/2021,PAH,KY,ASO,ES,Federal Contract Tower,0,11,8,0,19,0,6,49,4,59,0,17,57,4,78,40,4,44,122
07/21/2021,PAH,KY,ASO,ES,Federal Contract Tower,0,14,16,0,30,0,4,39,6,49,0,18,55,6,79,32,10,42,121
07/22/2021,PAH,KY,ASO,ES,Federal Contract Tower,0,8,21,0,29,0,0,16,0,16,0,8,37,0,45,12,0,12,57
07/23/2021,PAH,KY,ASO,ES,Federal Contract Tower,0,6,9,0,15,0,0,17,0,17,0,6,26,0,32,0,0,0,32
07/24/2021,PAH,KY,ASO,ES,Federal Contract Tower,0,4,7,0,11,0,3,34,0,37,0,7,41,0,48,8,0,8,56
07/25/2021,PAH,KY,ASO,ES,Federal Contract Tower,0,3,4,0,7,0,6,27,0,33,0,9,31,0,40,20,0,20,60
07/26/2021,PAH,KY,ASO,ES,Federal Contract Tower,0,9,9,0,18,0,9,36,0,45,0,18,45,0,63,44,0,44,107
07/27/2021,PAH,KY,ASO,ES,Federal Contract Tower,0,8,6,0,14,0,6,46,4,56,0,14,52,4,70,28,4,32,102
07/28/2021,PAH,KY,ASO,ES,Federal Contract Tower,0,6,13,0,19,0,6,35,2,43,0,12,48,2,62,12,4,16,78
07/29/2021,PAH,KY,ASO,ES,Federal Contract Tower,0,9,8,0,17,0,4,40,0,44,0,13,48,0,61,26,0,26,87
07/30/2021,PAH,KY,ASO,ES,Federal Contract Tower,0,6,13,2,21,0,1,17,3,21,0,7,30,5,42,6,10,16,58
07/31/2021,PAH,KY,ASO,ES,Federal Contract Tower,0,7,2,0,9,0,0,14,0,14,0,7,16,0,23,0,0,0,23
08/01/2021,PAH,KY,ASO,ES,Federal Contract Tower,0,4,6,0,10,0,7,37,0,44,0,11,43,0,54,42,0,42,96
08/02/2021,PAH,KY,ASO,ES,Federal Contract Tower,0,5,12,4,21,0,9,31,4,44,0,14,43,8,65,26,4,30,95
08/03/2021,PAH,KY,ASO,ES,Federal Contract Tower,0,8,5,0,13,0,5,34,6,45,0,13,39,6,58,24,4,28,86
08/04/2021,PAH,KY,ASO,ES,Federal Contract Tower,0,6,9,0,15,0,4,36,0,40,0,10,45,0,55,28,0,28,83
08/05/2021,PAH,KY,ASO,ES,Federal Contract Tower,0,6,15,6,27,0,0,23,0,23,0,6,38,6,50,22,0,22,72
08/06/2021,PAH,KY,ASO,ES,Federal Contract Tower,0,6,7,2,15,0,0,16,0,16,0,6,23,2,31,0,0,0,31
08/07/2021,PAH,KY,ASO,ES,Federal Contract Tower,0,6,9,0,15,0,2,25,0,27,0,8,34,0,42,16,0,16,58
08/08/2021,PAH,KY,ASO,ES,Federal Contract Tower,0,3,10,0,13,0,6,22,0,28,0,9,32,0,41,20,0,20,61
08/09/2021,PAH,KY,ASO,ES,Federal Contract Tower,0,4,7,2,13,0,9,25,4,38,0,13,32,6,51,20,2,22,73
08/10/2021,PAH,KY,ASO,ES,Federal Contract Tower,0,2,6,3,11,0,6,38,6,50,0,8,44,9,61,18,2,20,81
08/11/2021,PAH,KY,ASO,ES,Federal Contract Tower,0,8,12,2,22,0,6,25,4,35,0,14,37,6,57,26,0,26,83
08/12/2021,PAH,KY,ASO,ES,Federal Contract Tower,0,5,12,0,17,0,0,9,0,9,0,5,21,0,26,44,0,44,70
08/13/2021,PAH,KY,ASO,ES,Federal Contract Tower,0,9,9,4,22,0,0,12,0,12,0,9,21,4,34,30,0,30,64
08/14/2021,PAH,KY,ASO,ES,Federal Contract Tower,0,3,7,0,10,0,0,5,0,5,0,3,12,0,15,14,0,14,29
08/15/2021,PAH,KY,ASO,ES,Federal Contract Tower,0,3,5,0,8,0,2,22,0,24,0,5,27,0,32,12,0,12,44
08/16/2021,PAH,KY,ASO,ES,Federal Contract Tower,0,7,6,0,13,0,5,28,0,33,0,12,34,0,46,20,0,20,66
08/17/2021,PAH,KY,ASO,ES,Federal Contract Tower,0,11,6,4,21,0,6,34,4,44,0,17,40,8,65,32,4,36,101
08/18/2021,PAH,KY,ASO,ES,Federal Contract Tower,0,11,4,0,15,0,2,20,4,26,0,13,24,4,41,18,4,22,63
08/19/2021,PAH,KY,ASO,ES,Federal Contract Tower,0,6,7,0,13,0,0,2,0,2,0,6,9,0,15,0,0,0,15
08/20/2021,PAH,KY,ASO,ES,Federal Contract Tower,0,9,4,2,15,0,0,3,0,3,0,9,7,2,18,5,0,5,23
08/21/2021,PAH,KY,ASO,ES,Federal Contract Tower,0,6,3,0,9,0,0,0,0,0,0,6,3,0,9,0,0,0,9
08/22/2021,PAH,KY,ASO,ES,Federal Contract Tower,0,6,6,0,12,0,4,22,0,26,0,10,28,0,38,22,0,22,60
08/23/2021,PAH,KY,ASO,ES,Federal Contract Tower,0,9,19,2,30,0,8,34,4,46,0,17,53,6,76,22,2,24,100
08/24/2021,PAH,KY,ASO,ES,Federal Contract Tower,0,8,9,0,17,0,6,48,6,60,0,14,57,6,77,18,8,26,103
08/25/2021,PAH,KY,ASO,ES,Federal Contract Tower,0,11,9,4,24,0,2,36,2,40,0,13,45,6,64,12,2,14,78
08/26/2021,PAH,KY,ASO,ES,Federal Contract Tower,0,6,12,0,18,0,0,14,0,14,0,6,26,0,32,16,0,16,48
08/27/2021,PAH,KY,ASO,ES,Federal Contract Tower,0,5,10,0,15,0,0,24,0,24,0,5,34,0,39,23,0,23,62
08/28/2021,PAH,KY,ASO,ES,Federal Contract Tower,0,4,5,2,11,0,2,19,2,23,0,6,24,4,34,22,0,22,56
08/29/2021,PAH,KY,ASO,ES,Federal Contract Tower,0,3,4,1,8,0,8,33,0,41,0,11,37,1,49,12,0,12,61
08/30/2021,PAH,KY,ASO,ES,Federal Contract Tower,0,6,5,2,13,0,9,20,2,31,0,15,25,4,44,12,0,12,56
08/31/2021,PAH,KY,ASO,ES,Federal Contract Tower,0,8,5,0,13,0,6,30,6,42,0,14,35,6,55,16,2,18,73
09/01/2021,PAH,KY,ASO,ES,Federal Contract Tower,0,6,1,0,7,0,4,37,5,46,0,10,38,5,53,32,4,36,89
09/02/2021,PAH,KY,ASO,ES,Federal Contract Tower,0,14,7,0,21,0,5,33,4,42,0,19,40,4,63,16,4,20,83
09/03/2021,PAH,KY,ASO,ES,Federal Contract Tower,0,9,14,0,23,0,2,23,0,25,0,11,37,0,48,18,0,18,66
09/04/2021,PAH,KY,ASO,ES,Federal Contract Tower,0,4,5,0,9,0,2,14,0,16,0,6,19,0,25,0,0,0,25
09/05/2021,PAH,KY,ASO,ES,Federal Contract Tower,0,5,5,0,10,0,2,17,0,19,0,7,22,0,29,20,0,20,49
09/06/2021,PAH,KY,ASO,ES,Federal Contract Tower,0,7,8,0,15,0,6,18,0,24,0,13,26,0,39,26,0,26,65
09/07/2021,PAH,KY,ASO,ES,Federal Contract Tower,0,6,10,2,18,0,8,34,5,47,0,14,44,7,65,26,10,36,101
09/08/2021,PAH,KY,ASO,ES,Federal Contract Tower,0,8,13,5,26,0,10,34,1,45,0,18,47,6,71,24,12,36,107
09/09/2021,PAH,KY,ASO,ES,Federal Contract Tower,0,9,11,0,20,0,9,32,4,45,0,18,43,4,65,16,4,20,85
09/10/2021,PAH,KY,ASO,ES,Federal Contract Tower,0,7,10,2,19,0,0,27,0,27,0,7,37,2,46,20,0,20,66
09/11/2021,PAH,KY,ASO,ES,Federal Contract Tower,0,5,2,0,7,0,0,11,2,13,0,5,13,2,20,0,0,0,20
09/12/2021,PAH,KY,ASO,ES,Federal Contract Tower,0,6,6,0,12,0,6,48,0,54,0,12,54,0,66,22,0,22,88
09/13/2021,PAH,KY,ASO,ES,Federal Contract Tower,0,8,5,3,16,0,6,32,4,42,0,14,37,7,58,28,0,28,86
09/14/2021,PAH,KY,ASO,ES,Federal Contract Tower,0,11,6,0,17,0,8,43,4,55,0,19,49,4,72,28,2,30,102
09/15/2021,PAH,KY,ASO,ES,Federal Contract Tower,0,13,9,0,22,0,3,19,4,26,0,16,28,4,48,12,6,18,66
09/16/2021,PAH,KY,ASO,ES,Federal Contract Tower,0,8,11,2,21,0,0,29,0,29,0,8,40,2,50,0,0,0,50
09/17/2021,PAH,KY,ASO,ES,Federal Contract Tower,0,8,21,0,29,0,0,2,0,2,0,8,23,0,31,0,0,0,31
09/18/2021,PAH,KY,ASO,ES,Federal Contract Tower,0,4,7,0,11,0,0,2,0,2,0,4,9,0,13,0,0,0,13
09/19/2021,PAH,KY,ASO,ES,Federal Contract Tower,0,2,15,3,20,0,4,16,1,21,0,6,31,4,41,12,0,12,53
09/20/2021,PAH,KY,ASO,ES,Federal Contract Tower,0,8,12,2,22,0,0,0,0,0,0,8,12,2,22,10,0,10,32
09/21/2021,PAH,KY,ASO,ES,Federal Contract Tower,0,6,5,0,11,0,4,16,4,24,0,10,21,4,35,8,4,12,47
09/22/2021,PAH,KY,ASO,ES,Federal Contract Tower,0,8,7,0,15,0,4,24,2,30,0,12,31,2,45,18,4,22,67
09/23/2021,PAH,KY,ASO,ES,Federal Contract Tower,0,10,12,0,22,0,6,47,0,53,0,16,59,0,75,30,0,30,105
09/24/2021,PAH,KY,ASO,ES,Federal Contract Tower,0,8,7,0,15,0,0,55,0,55,0,8,62,0,70,13,0,13,83
09/25/2021,PAH,KY,ASO,ES,Federal Contract Tower,0,5,8,0,13,0,0,38,0,38,0,5,46,0,51,4,0,4,55
09/26/2021,PAH,KY,ASO,ES,Federal Contract Tower,0,8,12,0,20,0,4,44,0,48,0,12,56,0,68,30,0,30,98
09/27/2021,PAH,KY,ASO,ES,Federal Contract Tower,0,8,9,10,27,0,0,13,5,18,0,8,22,15,45,16,0,16,61
09/28/2021,PAH,KY,ASO,ES,Federal Contract Tower,0,8,9,2,19,0,4,55,4,63,0,12,64,6,82,30,2,32,114
09/29/2021,PAH,KY,ASO,ES,Federal Contract Tower,0,10,11,0,21,0,6,35,2,43,0,16,46,2,64,18,2,20,84
09/30/2021,PAH,KY,ASO,ES,Federal Contract Tower,0,6,9,0,15,0,6,30,4,40,0,12,39,4,55,16,4,20,75
10/01/2021,PAH,KY,ASO,ES,Federal Contract Tower,0,5,11,0,16,0,1,13,0,14,0,6,24,0,30,0,0,0,30
10/02/2021,PAH,KY,ASO,ES,Federal Contract Tower,0,8,7,0,15,0,0,0,0,0,0,8,7,0,15,0,0,0,15
10/03/2021,PAH,KY,ASO,ES,Federal Contract Tower,0,5,5,0,10,0,4,25,0,29,0,9,30,0,39,18,0,18,57
10/04/2021,PAH,KY,ASO,ES,Federal Contract Tower,0,8,4,3,15,0,8,36,7,51,0,16,40,10,66,28,2,30,96
10/05/2021,PAH,KY,ASO,ES,Federal Contract Tower,0,6,5,2,13,0,4,33,6,43,0,10,38,8,56,22,4,26,82
10/06/2021,PAH,KY,ASO,ES,Federal Contract Tower,0,9,15,0,24,0,6,31,4,41,0,15,46,4,65,18,4,22,87
10/07/2021,PAH,KY,ASO,ES,Federal Contract Tower,0,10,8,2,20,0,0,17,0,17,0,10,25,2,37,0,0,0,37
10/08/2021,PAH,KY,ASO,ES,Federal Contract Tower,0,6,4,0,10,0,8,15,0,23,0,14,19,0,33,4,0,4,37
10/09/2021,PAH,KY,ASO,ES,Federal Contract Tower,0,4,5,0,9,0,8,13,0,21,0,12,18,0,30,0,0,0,30
10/10/2021,PAH,KY,ASO,ES,Federal Contract Tower,0,8,15,0,23,0,4,30,0,34,0,12,45,0,57,12,0,12,69
10/11/2021,PAH,KY,ASO,ES,Federal Contract Tower,0,10,8,0,18,0,5,27,2,34,0,15,35,2,52,34,0,34,86
10/12/2021,PAH,KY,ASO,ES,Federal Contract Tower,0,8,8,0,16,0,7,41,6,54,0,15,49,6,70,22,4,26,96
10/13/2021,PAH,KY,ASO,ES,Federal Contract Tower,0,8,4,0,12,0,4,22,4,30,0,12,26,4,42,14,2,16,58
10/14/2021,PAH,KY,ASO,ES,Federal Contract Tower,0,12,3,0,15,0,7,27,0,34,0,19,30,0,49,22,0,22,71
10/15/2021,PAH,KY,ASO,ES,Federal Contract Tower,0,12,6,0,18,0,0,6,0,6,0,12,12,0,24,0,0,0,24
10/16/2021,PAH,KY,ASO,ES,Federal Contract Tower,0,10,6,0,16,0,8,21,0,29,0,18,27,0,45,0,0,0,45
10/17/2021,PAH,KY,ASO,ES,Federal Contract Tower,0,7,6,0,13,0,0,32,0,32,0,7,38,0,45,2,0,2,47
10/18/2021,PAH,KY,ASO,ES,Federal Contract Tower,0,14,8,0,22,0,7,39,4,50,0,21,47,4,72,26,2,28,100
10/19/2021,PAH,KY,ASO,ES,Federal Contract Tower,0,8,7,0,15,0,8,37,5,50,0,16,44,5,65,20,4,24,89
10/20/2021,PAH,KY,ASO,ES,Federal Contract Tower,0,7,14,0,21,0,4,36,2,42,0,11,50,2,63,24,0,24,87
10/21/2021,PAH,KY,ASO,ES,Federal Contract Tower,0,8,10,0,18,0,0,11,0,11,0,8,21,0,29,0,0,0,29
10/22/2021,PAH,KY,ASO,ES,Federal Contract Tower,0,10,7,0,17,0,0,21,0,21,0,10,28,0,38,0,0,0,38
10/23/2021,PAH,KY,ASO,ES,Federal Contract Tower,0,6,1,0,7,0,0,7,0,7,0,6,8,0,14,0,0,0,14
10/24/2021,PAH,KY,ASO,ES,Federal Contract Tower,0,6,3,0,9,0,0,5,0,5,0,6,8,0,14,0,0,0,14
10/25/2021,PAH,KY,ASO,ES,Federal Contract Tower,0,8,8,0,16,0,2,5,0,7,0,10,13,0,23,0,0,0,23
10/26/2021,PAH,KY,ASO,ES,Federal Contract Tower,0,8,10,0,18,0,0,31,4,35,0,8,41,4,53,6,0,6,59
10/27/2021,PAH,KY,ASO,ES,Federal Contract Tower,0,10,10,2,22,0,4,20,6,30,0,14,30,8,52,12,2,14,66
10/28/2021,PAH,KY,ASO,ES,Federal Contract Tower,0,7,11,0,18,0,5,14,4,23,0,12,25,4,41,8,6,14,55
10/29/2021,PAH,KY,ASO,ES,Federal Contract Tower,0,13,8,0,21,0,0,0,0,0,0,13,8,0,21,0,0,0,21
10/30/2021,PAH,KY,ASO,ES,Federal Contract Tower,0,10,2,0,12,0,0,0,0,0,0,10,2,0,12,0,0,0,12
10/31/2021,PAH,KY,ASO,ES,Federal Contract Tower,0,4,5,0,9,0,4,35,2,41,0,8,40,2,50,28,0,28,78
11/01/2021,PAH,KY,ASO,ES,Federal Contract Tower,0,6,9,1,16,0,9,43,1,53,0,15,52,2,69,28,0,28,97
11/02/2021,PAH,KY,ASO,ES,Federal Contract Tower,0,9,16,0,25,0,8,41,4,53,0,17,57,4,78,22,6,28,106
11/03/2021,PAH,KY,ASO,ES,Federal Contract Tower,0,8,7,3,18,0,9,52,9,70,0,17,59,12,88,16,4,20,108
11/04/2021,PAH,KY,ASO,ES,Federal Contract Tower,0,10,4,0,14,0,8,32,4,44,0,18,36,4,58,16,4,20,78
11/05/2021,PAH,KY,ASO,ES,Federal Contract Tower,0,8,9,0,17,0,1,41,0,42,0,9,50,0,59,2,0,2,61
11/06/2021,PAH,KY,ASO,ES,Federal Contract Tower,0,4,5,0,9,0,0,13,0,13,0,4,18,0,22,0,0,0,22
11/07/2021,PAH,KY,ASO,ES,Federal Contract Tower,0,4,8,0,12,0,4,39,0,43,0,8,47,0,55,24,0,24,79
11/08/2021,PAH,KY,ASO,ES,Federal Contract Tower,0,11,11,2,24,0,6,37,4,47,0,17,48,6,71,16,8,24,95
11/09/2021,PAH,KY,ASO,ES,Federal Contract Tower,0,7,9,2,18,0,13,39,4,56,0,20,48,6,74,26,0,26,100
11/10/2021,PAH,KY,ASO,ES,Federal Contract Tower,0,8,8,0,16,0,4,31,4,39,0,12,39,4,55,16,6,22,77
11/11/2021,PAH,KY,ASO,ES,Federal Contract Tower,0,7,7,0,14,0,0,4,0,4,0,7,11,0,18,0,0,0,18
11/12/2021,PAH,KY,ASO,ES,Federal Contract Tower,0,9,13,0,22,0,0,6,0,6,0,9,19,0,28,2,0,2,30
11/13/2021,PAH,KY,ASO,ES,Federal Contract Tower,0,4,7,0,11,0,2,35,0,37,0,6,42,0,48,8,0,8,56
11/14/2021,PAH,KY,ASO,ES,Federal Contract Tower,0,7,3,0,10,0,1,14,0,15,0,8,17,0,25,14,0,14,39
11/15/2021,PAH,KY,ASO,ES,Federal Contract Tower,0,9,10,0,19,0,2,24,0,26,0,11,34,0,45,8,0,8,53
11/16/2021,PAH,KY,ASO,ES,Federal Contract Tower,0,9,18,4,31,0,3,22,2,27,0,12,40,6,58,6,2,8,66
11/17/2021,PAH,KY,ASO,ES,Federal Contract Tower,0,6,4,8,18,0,6,41,8,55,0,12,45,16,73,30,4,34,107
11/18/2021,PAH,KY,ASO,ES,Federal Contract Tower,0,8,11,9,28,0,4,34,3,41,0,12,45,12,69,16,0,16,85
11/19/2021,PAH,KY,ASO,ES,Federal Contract Tower,0,8,11,7,26,0,0,28,1,29,0,8,39,8,55,2,0,2,57
11/20/2021,PAH,KY,ASO,ES,Federal Contract Tower,0,4,3,0,7,0,0,23,0,23,0,4,26,0,30,18,0,18,48
11/21/2021,PAH,KY,ASO,ES,Federal Contract Tower,0,4,0,0,4,0,2,12,0,14,0,6,12,0,18,8,0,8,26
11/22/2021,PAH,KY,ASO,ES,Federal Contract Tower,0,9,7,0,16,0,5,31,4,40,0,14,38,4,56,26,2,28,84
11/23/2021,PAH,KY,ASO,ES,Federal Contract Tower,0,9,7,0,16,0,6,34,0,40,0,15,41,0,56,22,0,22,78
11/24/2021,PAH,KY,ASO,ES,Federal Contract Tower,0,6,7,0,13,0,7,46,0,53,0,13,53,0,66,22,0,22,88
11/25/2021,PAH,KY,ASO,ES,Federal Contract Tower,0,2,8,0,10,0,0,4,0,4,0,2,12,0,14,0,0,0,14
11/26/2021,PAH,KY,ASO,ES,Federal Contract Tower,0,6,3,0,9,0,0,12,0,12,0,6,15,0,21,10,0,10,31
11/27/2021,PAH,KY,ASO,ES,Federal Contract Tower,0,4,3,0,7,0,0,7,0,7,0,4,10,0,14,6,0,6,20
11/28/2021,PAH,KY,ASO,ES,Federal Contract Tower,0,8,14,0,22,0,2,32,0,34,0,10,46,0,56,22,0,22,78
11/29/2021,PAH,KY,ASO,ES,Federal Contract Tower,0,6,4,0,10,0,7,36,0,43,0,13,40,0,53,36,0,36,89
11/30/2021,PAH,KY,ASO,ES,Federal Contract Tower,0,10,10,0,20,0,4,48,0,52,0,14,58,0,72,28,0,28,100
12/01/2021,PAH,KY,ASO,ES,Federal Contract Tower,1,8,14,0,23,0,8,41,6,55,1,16,55,6,78,22,4,26,104
12/02/2021,PAH,KY,ASO,ES,Federal Contract Tower,2,6,3,0,11,0,5,46,0,51,2,11,49,0,62,36,0,36,98
12/03/2021,PAH,KY,ASO,ES,Federal Contract Tower,2,7,12,0,21,0,0,30,0,30,2,7,42,0,51,14,0,14,65
12/04/2021,PAH,KY,ASO,ES,Federal Contract Tower,1,3,12,0,16,0,2,18,2,22,1,5,30,2,38,8,0,8,46
12/05/2021,PAH,KY,ASO,ES,Federal Contract Tower,0,4,4,0,8,0,0,5,0,5,0,4,9,0,13,0,0,0,13
12/06/2021,PAH,KY,ASO,ES,Federal Contract Tower,0,6,12,0,18,0,7,28,2,37,0,13,40,2,55,30,2,32,87
12/07/2021,PAH,KY,ASO,ES,Federal Contract Tower,0,6,9,0,15,0,8,41,8,57,0,14,50,8,72,20,0,20,92
12/08/2021,PAH,KY,ASO,ES,Federal Contract Tower,0,6,13,2,21,0,7,59,2,68,0,13,72,4,89,66,0,66,155
12/09/2021,PAH,KY,ASO,ES,Federal Contract Tower,0,14,31,0,45,0,7,32,4,43,0,21,63,4,88,18,4,22,110
12/10/2021,PAH,KY,ASO,ES,Federal Contract Tower,0,9,4,0,13,0,0,3,0,3,0,9,7,0,16,0,0,0,16
12/11/2021,PAH,KY,ASO,ES,Federal Contract Tower,0,5,6,0,11,0,0,10,0,10,0,5,16,0,21,0,0,0,21
12/12/2021,PAH,KY,ASO,ES,Federal Contract Tower,0,5,18,3,26,0,12,57,6,75,0,17,75,9,101,26,0,26,127
12/13/2021,PAH,KY,ASO,ES,Federal Contract Tower,0,6,18,1,25,0,6,44,2,52,0,12,62,3,77,30,2,32,109
12/14/2021,PAH,KY,ASO,ES,Federal Contract Tower,0,11,29,0,40,0,4,47,4,55,0,15,76,4,95,34,0,34,129
12/15/2021,PAH,KY,ASO,ES,Federal Contract Tower,0,7,22,0,29,0,5,21,0,26,0,12,43,0,55,0,0,0,55
12/16/2021,PAH,KY,ASO,ES,Federal Contract Tower,2,10,16,0,28,0,4,16,8,28,2,14,32,8,56,2,0,2,58
12/17/2021,PAH,KY,ASO,ES,Federal Contract Tower,0,8,5,0,13,0,0,0,0,0,0,8,5,0,13,0,0,0,13
12/18/2021,PAH,KY,ASO,ES,Federal Contract Tower,0,5,5,0,10,0,0,0,0,0,0,5,5,0,10,0,0,0,10
12/19/2021,PAH,KY,ASO,ES,Federal Contract Tower,0,7,11,0,18,0,4,45,0,49,0,11,56,0,67,22,0,22,89
12/20/2021,PAH,KY,ASO,ES,Federal Contract Tower,0,8,15,0,23,0,6,41,0,47,0,14,56,0,70,30,0,30,100
12/21/2021,PAH,KY,ASO,ES,Federal Contract Tower,0,6,12,0,18,0,6,40,0,46,0,12,52,0,64,24,0,24,88
12/22/2021,PAH,KY,ASO,ES,Federal Contract Tower,0,9,7,0,16,0,8,43,4,55,0,17,50,4,71,20,0,20,91
12/23/2021,PAH,KY,ASO,ES,Federal Contract Tower,1,5,8,0,14,0,8,40,0,48,1,13,48,0,62,22,0,22,84
12/24/2021,PAH,KY,ASO,ES,Federal Contract Tower,0,6,3,0,9,0,2,12,0,14,0,8,15,0,23,2,0,2,25
12/25/2021,PAH,KY,ASO,ES,Federal Contract Tower,0,6,2,0,8,0,0,0,0,0,0,6,2,0,8,0,0,0,8
12/26/2021,PAH,KY,ASO,ES,Federal Contract Tower,0,4,9,0,13,0,2,11,0,13,0,6,20,0,26,4,0,4,30
12/27/2021,PAH,KY,ASO,ES,Federal Contract Tower,0,3,11,0,14,0,6,21,3,30,0,9,32,3,44,10,8,18,62
12/28/2021,PAH,KY,ASO,ES,Federal Contract Tower,0,6,6,2,14,0,5,31,0,36,0,11,37,2,50,16,0,16,66
12/29/2021,PAH,KY,ASO,ES,Federal Contract Tower,0,6,12,0,18,0,0,0,0,0,0,6,12,0,18,0,0,0,18
12/30/2021,PAH,KY,ASO,ES,Federal Contract Tower,0,10,3,0,13,0,0,0,0,0,0,10,3,0,13,0,0,0,13
12/31/2021,PAH,KY,ASO,ES,Federal Contract Tower,0,6,9,0,15,0,0,5,0,5,0,6,14,0,20,0,0,0,20
01/01/2022,PAH,KY,ASO,ES,Federal Contract Tower,0,3,1,0,4,0,0,0,0,0,0,3,1,0,4,0,0,0,4
01/02/2022,PAH,KY,ASO,ES,Federal Contract Tower,0,6,5,0,11,0,4,9,0,13,0,10,14,0,24,0,0,0,24
01/03/2022,PAH,KY,ASO,ES,Federal Contract Tower,0,6,12,4,22,0,10,42,2,54,0,16,54,6,76,24,2,26,102
01/04/2022,PAH,KY,ASO,ES,Federal Contract Tower,0,6,8,0,14,0,6,32,4,42,0,12,40,4,56,16,4,20,76
01/05/2022,PAH,KY,ASO,ES,Federal Contract Tower,0,9,14,0,23,0,4,41,6,51,0,13,55,6,74,20,6,26,100
01/06/2022,PAH,KY,ASO,ES,Federal Contract Tower,0,7,4,0,11,0,0,2,0,2,0,7,6,0,13,0,0,0,13
01/07/2022,PAH,KY,ASO,ES,Federal Contract Tower,0,9,12,0,21,0,0,19,0,19,0,9,31,0,40,0,0,0,40
01/08/2022,PAH,KY,ASO,ES,Federal Contract Tower,0,3,6,0,9,0,0,3,0,3,0,3,9,0,12,2,0,2,14
01/09/2022,PAH,KY,ASO,ES,Federal Contract Tower,0,6,4,0,10,0,4,16,0,20,0,10,20,0,30,7,0,7,37
01/10/2022,PAH,KY,ASO,ES,Federal Contract Tower,0,9,7,2,18,0,8,34,6,48,0,17,41,8,66,26,4,30,96
01/11/2022,PAH,KY,ASO,ES,Federal Contract Tower,0,7,8,4,19,0,9,51,4,64,0,16,59,8,83,42,2,44,127
01/12/2022,PAH,KY,ASO,ES,Federal Contract Tower,0,6,8,6,20,0,8,39,4,51,0,14,47,10,71,24,4,28,99
01/13/2022,PAH,KY,ASO,ES,Federal Contract Tower,0,6,11,0,17,0,7,37,2,46,0,13,48,2,63,20,0,20,83
01/14/2022,PAH,KY,ASO,ES,Federal Contract Tower,0,7,20,0,27,0,0,11,0,11,0,7,31,0,38,4,0,4,42
01/15/2022,PAH,KY,ASO,ES,Federal Contract Tower,0,4,0,0,4,0,0,0,0,0,0,4,0,0,4,0,0,0,4
01/16/2022,PAH,KY,ASO,ES,Federal Contract Tower,0,12,2,0,14,0,3,21,0,24,0,15,23,0,38,14,0,14,52
01/17/2022,PAH,KY,ASO,ES,Federal Contract Tower,0,7,9,0,16,0,7,22,4,33,0,14,31,4,49,16,6,22,71
01/18/2022,PAH,KY,ASO,ES,Federal Contract Tower,0,6,6,2,14,0,7,40,4,51,0,13,46,6,65,20,4,24,89
01/19/2022,PAH,KY,ASO,ES,Federal Contract Tower,0,6,1,0,7,0,6,15,4,25,0,12,16,4,32,8,0,8,40
01/20/2022,PAH,KY,ASO,ES,Federal Contract Tower,0,10,7,5,22,0,4,16,12,32,0,14,23,17,54,8,8,16,70
01/21/2022,PAH,KY,ASO,ES,Federal Contract Tower,0,13,8,2,23,0,0,15,0,15,0,13,23,2,38,16,0,16,54
01/22/2022,PAH,KY,ASO,ES,Federal Contract Tower,0,7,3,0,10,0,0,21,0,21,0,7,24,0,31,8,0,8,39
01/23/2022,PAH,KY,ASO,ES,Federal Contract Tower,0,7,4,2,13,0,4,30,0,34,0,11,34,2,47,18,0,18,65
01/24/2022,PAH,KY,ASO,ES,Federal Contract Tower,0,11,8,4,23,0,4,33,6,43,0,15,41,10,66,26,6,32,98
01/25/2022,PAH,KY,ASO,ES,Federal Contract Tower,0,7,11,7,25,0,9,45,6,60,0,16,56,13,85,50,0,50,135
01/26/2022,PAH,KY,ASO,ES,Federal Contract Tower,0,7,7,12,26,0,6,46,4,56,0,13,53,16,82,18,2,20,102
01/27/2022,PAH,KY,ASO,ES,Federal Contract Tower,0,11,9,4,24,0,3,24,4,31,0,14,33,8,55,18,4,22,77
01/28/2022,PAH,KY,ASO,ES,Federal Contract Tower,0,10,5,0,15,0,0,4,0,4,0,10,9,0,19,0,0,0,19
01/29/2022,PAH,KY,ASO,ES,Federal Contract Tower,0,6,6,0,12,0,4,21,0,25,0,10,27,0,37,12,0,12,49
01/30/2022,PAH,KY,ASO,ES,Federal Contract Tower,0,6,8,0,14,0,7,34,0,41,0,13,42,0,55,16,0,16,71
01/31/2022,PAH,KY,ASO,ES,Federal Contract Tower,0,11,9,0,20,0,7,37,6,50,0,18,46,6,70,40,4,44,114
02/01/2022,PAH,KY,ASO,ES,Federal Contract Tower,0,6,13,0,19,0,9,36,6,51,0,15,49,6,70,26,6,32,102
02/02/2022,PAH,KY,ASO,ES,Federal Contract Tower,0,4,2,0,6,0,0,0,0,0,0,4,2,0,6,0,0,0,6
02/03/2022,PAH,KY,ASO,ES,Federal Contract Tower,0,0,0,0,0,0,0,0,0,0,0,0,0,0,0,0,0,0,0
02/04/2022,PAH,KY,ASO,ES,Federal Contract Tower,0,0,0,0,0,0,0,0,0,0,0,0,0,0,0,0,0,0,0
02/05/2022,PAH,KY,ASO,ES,Federal Contract Tower,0,5,2,0,7,0,0,4,0,4,0,5,6,0,11,0,0,0,11
02/06/2022,PAH,KY,ASO,ES,Federal Contract Tower,0,7,6,0,13,0,6,31,0,37,0,13,37,0,50,36,0,36,86
02/07/2022,PAH,KY,ASO,ES,Federal Contract Tower,0,10,6,0,16,0,9,31,10,50,0,19,37,10,66,20,8,28,94
02/08/2022,PAH,KY,ASO,ES,Federal Contract Tower,0,10,4,4,18,0,11,45,6,62,0,21,49,10,80,20,6,26,106
02/09/2022,PAH,KY,ASO,ES,Federal Contract Tower,0,6,9,0,15,0,10,44,4,58,0,16,53,4,73,20,0,20,93
02/10/2022,PAH,KY,ASO,ES,Federal Contract Tower,0,6,18,0,24,0,3,40,4,47,0,9,58,4,71,20,4,24,95
02/11/2022,PAH,KY,ASO,ES,Federal Contract Tower,0,6,5,1,12,0,0,12,0,12,0,6,17,1,24,2,0,2,26
02/12/2022,PAH,KY,ASO,ES,Federal Contract Tower,0,6,2,0,8,0,0,8,0,8,0,6,10,0,16,18,0,18,34
02/13/2022,PAH,KY,ASO,ES,Federal Contract Tower,0,4,6,0,10,0,4,34,2,40,0,8,40,2,50,25,0,25,75
02/14/2022,PAH,KY,ASO,ES,Federal Contract Tower,0,7,8,0,15,0,8,33,4,45,0,15,41,4,60,42,2,44,104
02/15/2022,PAH,KY,ASO,ES,Federal Contract Tower,0,8,10,0,18,0,10,43,8,61,0,18,53,8,79,32,4,36,115
02/16/2022,PAH,KY,ASO,ES,Federal Contract Tower,0,7,12,2,21,0,8,31,4,43,0,15,43,6,64,20,2,22,86
02/17/2022,PAH,KY,ASO,ES,Federal Contract Tower,0,3,2,0,5,0,0,4,0,4,0,3,6,0,9,0,0,0,9
02/18/2022,PAH,KY,ASO,ES,Federal Contract Tower,0,4,3,0,7,0,0,17,0,17,0,4,20,0,24,14,0,14,38
02/19/2022,PAH,KY,ASO,ES,Federal Contract Tower,0,6,1,0,7,0,0,24,0,24,0,6,25,0,31,38,0,38,69
02/20/2022,PAH,KY,ASO,ES,Federal Contract Tower,0,7,3,0,10,0,9,28,0,37,0,16,31,0,47,28,0,28,75
02/21/2022,PAH,KY,ASO,ES,Federal Contract Tower,0,14,11,0,25,0,8,24,6,38,0,22,35,6,63,24,8,32,95
02/22/2022,PAH,KY,ASO,ES,Federal Contract Tower,0,7,4,0,11,0,6,20,2,28,0,13,24,2,39,4,0,4,43
02/23/2022,PAH,KY,ASO,ES,Federal Contract Tower,0,4,7,0,11,0,4,22,4,30,0,8,29,4,41,22,4,26,67
02/24/2022,PAH,KY,ASO,ES,Federal Contract Tower,0,0,2,0,2,0,0,0,0,0,0,0,2,0,2,0,0,0,2
02/25/2022,PAH,KY,ASO,ES,Federal Contract Tower,0,11,14,0,25,0,0,0,0,0,0,11,14,0,25,0,0,0,25
02/26/2022,PAH,KY,ASO,ES,Federal Contract Tower,0,4,4,0,8,0,0,24,0,24,0,4,28,0,32,12,0,12,44
02/27/2022,PAH,KY,ASO,ES,Federal Contract Tower,0,4,3,0,7,0,4,28,0,32,0,8,31,0,39,22,0,22,61
02/28/2022,PAH,KY,ASO,ES,Federal Contract Tower,0,9,7,0,16,0,9,27,2,38,0,18,34,2,54,36,0,36,90
03/01/2022,PAH,KY,ASO,ES,Federal Contract Tower,0,6,11,1,18,0,8,45,9,62,0,14,56,10,80,18,6,24,104
03/02/2022,PAH,KY,ASO,ES,Federal Contract Tower,0,6,9,0,15,0,6,45,4,55,0,12,54,4,70,44,0,44,114
03/03/2022,PAH,KY,ASO,ES,Federal Contract Tower,0,7,3,0,10,0,2,30,4,36,0,9,33,4,46,20,0,20,66
03/04/2022,PAH,KY,ASO,ES,Federal Contract Tower,0,8,5,0,13,0,0,21,0,21,0,8,26,0,34,0,0,0,34
03/05/2022,PAH,KY,ASO,ES,Federal Contract Tower,0,2,2,0,4,0,0,1,0,1,0,2,3,0,5,0,0,0,5
03/06/2022,PAH,KY,ASO,ES,Federal Contract Tower,0,4,2,0,6,0,4,13,0,17,0,8,15,0,23,10,0,10,33
03/07/2022,PAH,KY,ASO,ES,Federal Contract Tower,0,11,1,0,12,0,4,15,0,19,0,15,16,0,31,0,0,0,31
03/08/2022,PAH,KY,ASO,ES,Federal Contract Tower,0,6,18,0,24,0,4,32,2,38,0,10,50,2,62,24,2,26,88
03/09/2022,PAH,KY,ASO,ES,Federal Contract Tower,0,8,12,0,20,0,2,43,0,45,0,10,55,0,65,46,0,46,111
03/10/2022,PAH,KY,ASO,ES,Federal Contract Tower,0,6,11,4,21,0,3,36,6,45,0,9,47,10,66,22,0,22,88
03/11/2022,PAH,KY,ASO,ES,Federal Contract Tower,0,8,6,0,14,0,0,2,0,2,0,8,8,0,16,0,0,0,16
03/12/2022,PAH,KY,ASO,ES,Federal Contract Tower,0,2,4,0,6,0,0,7,0,7,0,2,11,0,13,0,0,0,13
03/13/2022,PAH,KY,ASO,ES,Federal Contract Tower,0,6,16,0,22,0,4,23,2,29,0,10,39,2,51,14,0,14,65
03/14/2022,PAH,KY,ASO,ES,Federal Contract Tower,0,6,9,0,15,0,6,32,8,46,0,12,41,8,61,30,4,34,95
03/15/2022,PAH,KY,ASO,ES,Federal Contract Tower,0,6,9,4,19,0,7,43,2,52,0,13,52,6,71,52,0,52,123
03/16/2022,PAH,KY,ASO,ES,Federal Contract Tower,0,11,10,2,23,0,6,31,2,39,0,17,41,4,62,36,0,36,98
03/17/2022,PAH,KY,ASO,ES,Federal Contract Tower,0,7,10,7,24,0,7,29,3,39,0,14,39,10,63,18,0,18,81
03/18/2022,PAH,KY,ASO,ES,Federal Contract Tower,0,10,8,0,18,0,0,7,0,7,0,10,15,0,25,0,0,0,25
03/19/2022,PAH,KY,ASO,ES,Federal Contract Tower,0,3,10,0,13,0,0,3,0,3,0,3,13,0,16,0,0,0,16
03/20/2022,PAH,KY,ASO,ES,Federal Contract Tower,0,6,4,0,10,0,6,30,0,36,0,12,34,0,46,34,0,34,80
03/21/2022,PAH,KY,ASO,ES,Federal Contract Tower,0,6,5,8,19,0,4,41,6,51,0,10,46,14,70,32,6,38,108
03/22/2022,PAH,KY,ASO,ES,Federal Contract Tower,0,3,7,0,10,0,4,5,0,9,0,7,12,0,19,0,0,0,19
03/23/2022,PAH,KY,ASO,ES,Federal Contract Tower,0,19,5,0,24,0,3,4,4,11,0,22,9,4,35,0,0,0,35
03/24/2022,PAH,KY,ASO,ES,Federal Contract Tower,0,9,21,0,30,0,4,13,2,19,0,13,34,2,49,8,0,8,57
03/25/2022,PAH,KY,ASO,ES,Federal Contract Tower,0,16,8,0,24,0,0,8,0,8,0,16,16,0,32,0,0,0,32
03/26/2022,PAH,KY,ASO,ES,Federal Contract Tower,0,2,2,0,4,0,0,9,0,9,0,2,11,0,13,8,0,8,21
03/27/2022,PAH,KY,ASO,ES,Federal Contract Tower,0,4,8,0,12,0,8,43,0,51,0,12,51,0,63,40,0,40,103
03/28/2022,PAH,KY,ASO,ES,Federal Contract Tower,0,6,13,2,21,0,7,44,4,55,0,13,57,6,76,40,2,42,118
03/29/2022,PAH,KY,ASO,ES,Federal Contract Tower,0,4,12,0,16,0,4,38,2,44,0,8,50,2,60,20,0,20,80
03/30/2022,PAH,KY,ASO,ES,Federal Contract Tower,0,4,2,0,6,0,2,7,0,9,0,6,9,0,15,4,0,4,19
03/31/2022,PAH,KY,ASO,ES,Federal Contract Tower,0,8,21,0,29,0,2,4,0,6,0,10,25,0,35,0,0,0,35
04/01/2022,PAH,KY,ASO,ES,Federal Contract Tower,0,7,20,0,27,0,2,38,0,40,0,9,58,0,67,34,0,34,101
04/02/2022,PAH,KY,ASO,ES,Federal Contract Tower,0,4,7,0,11,0,2,15,0,17,0,6,22,0,28,10,0,10,38
04/03/2022,PAH,KY,ASO,ES,Federal Contract Tower,0,8,4,2,14,0,4,32,2,38,0,12,36,4,52,26,0,26,78
04/04/2022,PAH,KY,ASO,ES,Federal Contract Tower,0,11,9,0,20,0,6,32,4,42,0,17,41,4,62,22,0,22,84
04/05/2022,PAH,KY,ASO,ES,Federal Contract Tower,0,13,12,0,25,0,2,17,0,19,0,15,29,0,44,10,0,10,54
04/06/2022,PAH,KY,ASO,ES,Federal Contract Tower,0,12,5,2,19,0,2,10,0,12,0,14,15,2,31,2,0,2,33
04/07/2022,PAH,KY,ASO,ES,Federal Contract Tower,0,12,6,2,20,0,4,23,0,27,0,16,29,2,47,6,0,6,53
04/08/2022,PAH,KY,ASO,ES,Federal Contract Tower,0,8,13,2,23,0,0,6,0,6,0,8,19,2,29,0,0,0,29
04/09/2022,PAH,KY,ASO,ES,Federal Contract Tower,0,7,5,2,14,0,0,17,0,17,0,7,22,2,31,12,0,12,43
04/10/2022,PAH,KY,ASO,ES,Federal Contract Tower,0,8,7,0,15,0,4,25,0,29,0,12,32,0,44,36,0,36,80
04/11/2022,PAH,KY,ASO,ES,Federal Contract Tower,0,6,3,0,9,0,0,0,0,0,0,6,3,0,9,0,0,0,9
04/12/2022,PAH,KY,ASO,ES,Federal Contract Tower,0,9,10,0,19,0,6,14,0,20,0,15,24,0,39,4,0,4,43
04/13/2022,PAH,KY,ASO,ES,Federal Contract Tower,0,4,1,0,5,0,6,11,0,17,0,10,12,0,22,8,0,8,30
04/14/2022,PAH,KY,ASO,ES,Federal Contract Tower,0,8,17,12,37,0,0,35,0,35,0,8,52,12,72,26,0,26,98
04/15/2022,PAH,KY,ASO,ES,Federal Contract Tower,0,8,5,0,13,0,6,20,0,26,0,14,25,0,39,8,0,8,47
04/16/2022,PAH,KY,ASO,ES,Federal Contract Tower,0,6,3,0,9,0,0,7,0,7,0,6,10,0,16,6,0,6,22
04/17/2022,PAH,KY,ASO,ES,Federal Contract Tower,0,6,7,0,13,0,2,13,0,15,0,8,20,0,28,4,0,4,32
04/18/2022,PAH,KY,ASO,ES,Federal Contract Tower,0,12,7,1,20,0,6,13,4,23,0,18,20,5,43,16,4,20,63
04/19/2022,PAH,KY,ASO,ES,Federal Contract Tower,0,8,15,0,23,0,4,40,2,46,0,12,55,2,69,18,0,18,87
04/20/2022,PAH,KY,ASO,ES,Federal Contract Tower,0,14,7,0,21,0,8,19,0,27,0,22,26,0,48,14,0,14,62
04/21/2022,PAH,KY,ASO,ES,Federal Contract Tower,0,8,12,0,20,0,4,6,0,10,0,12,18,0,30,0,0,0,30
04/22/2022,PAH,KY,ASO,ES,Federal Contract Tower,0,12,7,0,19,0,0,24,0,24,0,12,31,0,43,8,0,8,51
04/23/2022,PAH,KY,ASO,ES,Federal Contract Tower,0,8,2,0,10,0,0,1,0,1,0,8,3,0,11,0,0,0,11
04/24/2022,PAH,KY,ASO,ES,Federal Contract Tower,0,7,1,0,8,0,2,0,0,2,0,9,1,0,10,0,0,0,10
04/25/2022,PAH,KY,ASO,ES,Federal Contract Tower,0,13,5,2,20,0,0,1,0,1,0,13,6,2,21,0,0,0,21
04/26/2022,PAH,KY,ASO,ES,Federal Contract Tower,0,11,13,0,24,0,0,24,2,26,0,11,37,2,50,28,0,28,78
04/27/2022,PAH,KY,ASO,ES,Federal Contract Tower,0,9,10,0,19,0,0,24,0,24,0,9,34,0,43,12,0,12,55
04/28/2022,PAH,KY,ASO,ES,Federal Contract Tower,0,11,13,0,24,0,0,23,0,23,0,11,36,0,47,2,0,2,49
04/29/2022,PAH,KY,ASO,ES,Federal Contract Tower,0,8,7,2,17,0,0,36,0,36,0,8,43,2,53,16,0,16,69
04/30/2022,PAH,KY,ASO,ES,Federal Contract Tower,0,5,4,0,9,0,0,2,0,2,0,5,6,0,11,2,0,2,13
05/01/2022,PAH,KY,ASO,ES,Federal Contract Tower,0,7,6,0,13,0,4,26,0,30,0,11,32,0,43,18,0,18,61
05/02/2022,PAH,KY,ASO,ES,Federal Contract Tower,0,9,2,0,11,2,11,29,6,48,2,20,31,6,59,18,2,20,79
05/03/2022,PAH,KY,ASO,ES,Federal Contract Tower,0,12,3,0,15,0,6,33,6,45,0,18,36,6,60,20,4,24,84
05/04/2022,PAH,KY,ASO,ES,Federal Contract Tower,0,12,36,0,48,0,6,39,4,49,0,18,75,4,97,16,6,22,119
05/05/2022,PAH,KY,ASO,ES,Federal Contract Tower,0,10,8,4,22,0,5,21,2,28,0,15,29,6,50,12,0,12,62
05/06/2022,PAH,KY,ASO,ES,Federal Contract Tower,0,9,11,0,20,0,0,3,0,3,0,9,14,0,23,0,0,0,23
05/07/2022,PAH,KY,ASO,ES,Federal Contract Tower,0,8,3,0,11,0,0,9,0,9,0,8,12,0,20,13,0,13,33
05/08/2022,PAH,KY,ASO,ES,Federal Contract Tower,0,9,11,0,20,0,8,29,0,37,0,17,40,0,57,22,0,22,79
05/09/2022,PAH,KY,ASO,ES,Federal Contract Tower,0,12,14,6,32,0,0,7,0,7,0,12,21,6,39,0,0,0,39
05/10/2022,PAH,KY,ASO,ES,Federal Contract Tower,0,13,13,2,28,0,4,44,6,54,0,17,57,8,82,30,4,34,116
05/11/2022,PAH,KY,ASO,ES,Federal Contract Tower,0,14,8,0,22,0,6,35,6,47,0,20,43,6,69,18,6,24,93
05/12/2022,PAH,KY,ASO,ES,Federal Contract Tower,0,8,11,0,19,0,5,47,2,54,0,13,58,2,73,32,0,32,105
05/13/2022,PAH,KY,ASO,ES,Federal Contract Tower,0,8,5,0,13,0,0,17,0,17,0,8,22,0,30,4,0,4,34
05/14/2022,PAH,KY,ASO,ES,Federal Contract Tower,0,6,2,0,8,0,0,2,0,2,0,6,4,0,10,0,0,0,10
05/15/2022,PAH,KY,ASO,ES,Federal Contract Tower,0,6,4,0,10,0,4,25,0,29,0,10,29,0,39,26,0,26,65
05/16/2022,PAH,KY,ASO,ES,Federal Contract Tower,0,9,10,2,21,0,7,28,4,39,0,16,38,6,60,24,6,30,90
05/17/2022,PAH,KY,ASO,ES,Federal Contract Tower,0,13,8,0,21,0,6,46,4,56,0,19,54,4,77,30,0,30,107
05/18/2022,PAH,KY,ASO,ES,Federal Contract Tower,0,17,15,0,32,0,4,32,4,40,0,21,47,4,72,14,4,18,90
05/19/2022,PAH,KY,ASO,ES,Federal Contract Tower,0,14,14,0,28,0,4,27,4,35,0,18,41,4,63,12,6,18,81
05/20/2022,PAH,KY,ASO,ES,Federal Contract Tower,0,8,7,0,15,0,0,8,0,8,0,8,15,0,23,0,0,0,23
05/21/2022,PAH,KY,ASO,ES,Federal Contract Tower,2,8,3,0,13,0,0,2,0,2,2,8,5,0,15,0,0,0,15
05/22/2022,PAH,KY,ASO,ES,Federal Contract Tower,0,8,3,0,11,0,2,14,0,16,0,10,17,0,27,12,0,12,39
05/23/2022,PAH,KY,ASO,ES,Federal Contract Tower,0,9,6,0,15,0,7,32,6,45,0,16,38,6,60,29,4,33,93
05/24/2022,PAH,KY,ASO,ES,Federal Contract Tower,0,12,19,0,31,0,6,32,2,40,0,18,51,2,71,22,2,24,95
05/25/2022,PAH,KY,ASO,ES,Federal Contract Tower,0,8,10,0,18,0,4,14,0,18,0,12,24,0,36,12,0,12,48
05/26/2022,PAH,KY,ASO,ES,Federal Contract Tower,0,10,5,0,15,0,4,16,2,22,0,14,21,2,37,14,4,18,55
05/27/2022,PAH,KY,ASO,ES,Federal Contract Tower,0,15,15,0,30,0,0,4,0,4,0,15,19,0,34,0,0,0,34
05/28/2022,PAH,KY,ASO,ES,Federal Contract Tower,0,5,11,0,16,0,0,24,0,24,0,5,35,0,40,4,0,4,44
05/29/2022,PAH,KY,ASO,ES,Federal Contract Tower,0,6,4,0,10,0,4,25,0,29,0,10,29,0,39,18,0,18,57
05/30/2022,PAH,KY,ASO,ES,Federal Contract Tower,0,6,7,0,13,0,2,40,0,42,0,8,47,0,55,22,0,22,77
05/31/2022,PAH,KY,ASO,ES,Federal Contract Tower,0,11,4,0,15,0,9,42,0,51,0,20,46,0,66,40,0,40,106
06/01/2022,PAH,KY,ASO,ES,Federal Contract Tower,0,8,5,0,13,0,8,35,4,47,0,16,40,4,60,22,4,26,86
06/02/2022,PAH,KY,ASO,ES,Federal Contract Tower,0,9,10,0,19,0,4,22,2,28,0,13,32,2,47,10,2,12,59
06/03/2022,PAH,KY,ASO,ES,Federal Contract Tower,0,9,12,0,21,0,0,17,0,17,0,9,29,0,38,0,0,0,38
06/04/2022,PAH,KY,ASO,ES,Federal Contract Tower,0,7,3,0,10,0,0,21,0,21,0,7,24,0,31,14,0,14,45
06/05/2022,PAH,KY,ASO,ES,Federal Contract Tower,0,6,9,0,15,0,6,33,0,39,0,12,42,0,54,33,0,33,87
06/06/2022,PAH,KY,ASO,ES,Federal Contract Tower,0,10,4,0,14,0,5,11,3,19,0,15,15,3,33,4,4,8,41
06/07/2022,PAH,KY,ASO,ES,Federal Contract Tower,0,11,10,0,21,0,4,35,4,43,0,15,45,4,64,20,2,22,86
06/08/2022,PAH,KY,ASO,ES,Federal Contract Tower,0,10,10,0,20,0,2,14,2,18,0,12,24,2,38,6,0,6,44
06/09/2022,PAH,KY,ASO,ES,Federal Contract Tower,0,8,3,0,11,0,3,33,0,36,0,11,36,0,47,14,0,14,61
06/10/2022,PAH,KY,ASO,ES,Federal Contract Tower,0,10,7,0,17,0,4,1,0,5,0,14,8,0,22,2,0,2,24
06/11/2022,PAH,KY,ASO,ES,Federal Contract Tower,0,8,5,0,13,0,3,9,0,12,0,11,14,0,25,0,0,0,25
06/12/2022,PAH,KY,ASO,ES,Federal Contract Tower,0,6,9,0,15,0,2,19,0,21,0,8,28,0,36,20,0,20,56
06/13/2022,PAH,KY,ASO,ES,Federal Contract Tower,0,11,3,0,14,0,2,4,0,6,0,13,7,0,20,2,0,2,22
06/14/2022,PAH,KY,ASO,ES,Federal Contract Tower,0,16,8,1,25,0,2,21,1,24,0,18,29,2,49,0,0,0,49
06/15/2022,PAH,KY,ASO,ES,Federal Contract Tower,0,17,12,2,31,0,0,16,2,18,0,17,28,4,49,2,0,2,51
06/16/2022,PAH,KY,ASO,ES,Federal Contract Tower,0,13,13,4,30,0,0,20,2,22,0,13,33,6,52,10,0,10,62
06/17/2022,PAH,KY,ASO,ES,Federal Contract Tower,0,12,7,0,19,0,0,17,0,17,0,12,24,0,36,0,0,0,36
06/18/2022,PAH,KY,ASO,ES,Federal Contract Tower,0,6,6,0,12,0,0,26,0,26,0,6,32,0,38,2,0,2,40
06/19/2022,PAH,KY,ASO,ES,Federal Contract Tower,0,9,7,0,16,0,2,19,0,21,0,11,26,0,37,18,0,18,55
06/20/2022,PAH,KY,ASO,ES,Federal Contract Tower,0,9,4,0,13,0,0,8,0,8,0,9,12,0,21,10,0,10,31
06/21/2022,PAH,KY,ASO,ES,Federal Contract Tower,0,14,2,1,17,0,6,40,5,51,0,20,42,6,68,22,18,40,108
06/22/2022,PAH,KY,ASO,ES,Federal Contract Tower,0,8,10,0,18,0,6,38,2,46,0,14,48,2,64,28,0,28,92
06/23/2022,PAH,KY,ASO,ES,Federal Contract Tower,0,9,3,0,12,0,4,34,2,40,0,13,37,2,52,12,0,12,64
06/24/2022,PAH,KY,ASO,ES,Federal Contract Tower,0,12,8,4,24,0,0,26,0,26,0,12,34,4,50,27,0,27,77
06/25/2022,PAH,KY,ASO,ES,Federal Contract Tower,0,8,5,0,13,0,0,36,2,38,0,8,41,2,51,4,0,4,55
06/26/2022,PAH,KY,ASO,ES,Federal Contract Tower,0,7,8,0,15,0,3,12,0,15,0,10,20,0,30,10,0,10,40
06/27/2022,PAH,KY,ASO,ES,Federal Contract Tower,0,8,13,2,23,0,2,18,0,20,0,10,31,2,43,2,0,2,45
06/28/2022,PAH,KY,ASO,ES,Federal Contract Tower,0,12,12,12,36,0,6,47,4,57,0,18,59,16,93,38,0,38,131
06/29/2022,PAH,KY,ASO,ES,Federal Contract Tower,0,12,10,0,22,0,6,35,0,41,0,18,45,0,63,16,0,16,79
06/30/2022,PAH,KY,ASO,ES,Federal Contract Tower,0,11,16,6,33,0,5,43,4,52,0,16,59,10,85,22,0,22,107
07/01/2022,PAH,KY,ASO,ES,Federal Contract Tower,0,8,4,0,12,0,0,15,0,15,0,8,19,0,27,0,0,0,27
07/02/2022,PAH,KY,ASO,ES,Federal Contract Tower,0,6,3,0,9,0,0,2,0,2,0,6,5,0,11,4,0,4,15
07/03/2022,PAH,KY,ASO,ES,Federal Contract Tower,0,8,2,0,10,0,3,15,0,18,0,11,17,0,28,10,0,10,38
07/04/2022,PAH,KY,ASO,ES,Federal Contract Tower,0,6,0,0,6,0,6,23,0,29,0,12,23,0,35,20,0,20,55
07/05/2022,PAH,KY,ASO,ES,Federal Contract Tower,0,14,13,4,31,0,8,36,0,44,0,22,49,4,75,22,0,22,97
07/06/2022,PAH,KY,ASO,ES,Federal Contract Tower,0,8,9,0,17,0,7,31,2,40,0,15,40,2,57,14,4,18,75
07/07/2022,PAH,KY,ASO,ES,Federal Contract Tower,0,10,12,2,24,0,6,25,0,31,0,16,37,2,55,16,0,16,71
07/08/2022,PAH,KY,ASO,ES,Federal Contract Tower,0,9,3,0,12,0,0,5,0,5,0,9,8,0,17,0,0,0,17
07/09/2022,PAH,KY,ASO,ES,Federal Contract Tower,0,15,6,0,21,0,0,2,0,2,0,15,8,0,23,16,0,16,39
07/10/2022,PAH,KY,ASO,ES,Federal Contract Tower,0,8,9,0,17,0,2,32,0,34,0,10,41,0,51,24,0,24,75
07/11/2022,PAH,KY,ASO,ES,Federal Contract Tower,0,9,4,0,13,0,18,29,6,53,0,27,33,6,66,40,0,40,106
07/12/2022,PAH,KY,ASO,ES,Federal Contract Tower,0,7,8,0,15,0,10,41,4,55,0,17,49,4,70,22,4,26,96
07/13/2022,PAH,KY,ASO,ES,Federal Contract Tower,0,15,6,0,21,0,4,34,0,38,0,19,40,0,59,34,0,34,93
07/14/2022,PAH,KY,ASO,ES,Federal Contract Tower,0,15,17,1,33,0,0,19,1,20,0,15,36,2,53,2,0,2,55
07/15/2022,PAH,KY,ASO,ES,Federal Contract Tower,0,6,8,2,16,0,4,26,0,30,0,10,34,2,46,6,0,6,52
07/16/2022,PAH,KY,ASO,ES,Federal Contract Tower,0,5,5,0,10,0,0,9,0,9,0,5,14,0,19,38,0,38,57
07/17/2022,PAH,KY,ASO,ES,Federal Contract Tower,0,4,4,0,8,0,0,1,0,1,0,4,5,0,9,0,0,0,9
07/18/2022,PAH,KY,ASO,ES,Federal Contract Tower,0,9,6,0,15,0,0,5,0,5,0,9,11,0,20,14,0,14,34
07/19/2022,PAH,KY,ASO,ES,Federal Contract Tower,0,9,4,0,13,0,8,25,0,33,0,17,29,0,46,34,0,34,80
07/20/2022,PAH,KY,ASO,ES,Federal Contract Tower,0,4,9,2,15,0,0,29,0,29,0,4,38,2,44,12,0,12,56
07/21/2022,PAH,KY,ASO,ES,Federal Contract Tower,0,8,15,0,23,0,0,17,0,17,0,8,32,0,40,0,0,0,40
07/22/2022,PAH,KY,ASO,ES,Federal Contract Tower,0,8,12,0,20,0,0,31,0,31,0,8,43,0,51,10,0,10,61
07/23/2022,PAH,KY,ASO,ES,Federal Contract Tower,0,6,7,0,13,0,0,19,0,19,0,6,26,0,32,16,0,16,48
07/24/2022,PAH,KY,ASO,ES,Federal Contract Tower,0,6,1,0,7,0,4,27,0,31,0,10,28,0,38,16,0,16,54
07/25/2022,PAH,KY,ASO,ES,Federal Contract Tower,0,6,5,0,11,0,0,6,0,6,0,6,11,0,17,6,0,6,23
07/26/2022,PAH,KY,ASO,ES,Federal Contract Tower,0,7,9,0,16,0,9,38,4,51,0,16,47,4,67,20,6,26,93
07/27/2022,PAH,KY,ASO,ES,Federal Contract Tower,0,9,7,0,16,0,8,37,6,51,0,17,44,6,67,24,4,28,95
07/28/2022,PAH,KY,ASO,ES,Federal Contract Tower,0,10,8,0,18,0,6,20,4,30,0,16,28,4,48,22,4,26,74
07/29/2022,PAH,KY,ASO,ES,Federal Contract Tower,0,8,10,10,28,0,0,8,0,8,0,8,18,10,36,0,0,0,36
07/30/2022,PAH,KY,ASO,ES,Federal Contract Tower,0,4,8,0,12,0,0,8,0,8,0,4,16,0,20,0,0,0,20
07/31/2022,PAH,KY,ASO,ES,Federal Contract Tower,0,4,6,0,10,0,7,11,0,18,0,11,17,0,28,0,0,0,28
08/01/2022,PAH,KY,ASO,ES,Federal Contract Tower,0,6,6,6,18,0,11,30,4,45,0,17,36,10,63,26,4,30,93
08/02/2022,PAH,KY,ASO,ES,Federal Contract Tower,0,5,5,0,10,0,11,44,6,61,0,16,49,6,71,30,2,32,103
08/03/2022,PAH,KY,ASO,ES,Federal Contract Tower,0,8,3,0,11,0,8,34,4,46,0,16,37,4,57,18,4,22,79
08/04/2022,PAH,KY,ASO,ES,Federal Contract Tower,0,8,6,0,14,0,0,3,0,3,0,8,9,0,17,0,0,0,17
08/05/2022,PAH,KY,ASO,ES,Federal Contract Tower,0,8,5,0,13,0,0,0,0,0,0,8,5,0,13,0,0,0,13
08/06/2022,PAH,KY,ASO,ES,Federal Contract Tower,0,4,10,0,14,0,2,13,0,15,0,6,23,0,29,0,0,0,29
08/07/2022,PAH,KY,ASO,ES,Federal Contract Tower,0,6,7,0,13,0,2,29,0,31,0,8,36,0,44,20,0,20,64
08/08/2022,PAH,KY,ASO,ES,Federal Contract Tower,0,6,6,0,12,0,0,5,0,5,0,6,11,0,17,0,0,0,17
08/09/2022,PAH,KY,ASO,ES,Federal Contract Tower,0,10,7,0,17,0,4,27,4,35,0,14,34,4,52,20,2,22,74
08/10/2022,PAH,KY,ASO,ES,Federal Contract Tower,0,6,10,0,16,0,4,23,0,27,0,10,33,0,43,16,0,16,59
08/11/2022,PAH,KY,ASO,ES,Federal Contract Tower,0,8,18,2,28,0,4,31,0,35,0,12,49,2,63,26,0,26,89
08/12/2022,PAH,KY,ASO,ES,Federal Contract Tower,0,6,15,0,21,0,16,25,0,41,0,22,40,0,62,8,0,8,70
08/13/2022,PAH,KY,ASO,ES,Federal Contract Tower,0,6,3,0,9,0,0,22,0,22,0,6,25,0,31,4,0,4,35
08/14/2022,PAH,KY,ASO,ES,Federal Contract Tower,0,5,1,0,6,0,4,40,0,44,0,9,41,0,50,22,0,22,72
08/15/2022,PAH,KY,ASO,ES,Federal Contract Tower,0,8,11,0,19,0,12,29,4,45,0,20,40,4,64,32,6,38,102
08/16/2022,PAH,KY,ASO,ES,Federal Contract Tower,0,9,9,2,20,0,6,17,2,25,0,15,26,4,45,12,4,16,61
08/17/2022,PAH,KY,ASO,ES,Federal Contract Tower,0,12,12,4,28,0,10,40,4,54,0,22,52,8,82,20,4,24,106
08/18/2022,PAH,KY,ASO,ES,Federal Contract Tower,0,12,9,4,25,0,5,29,4,38,0,17,38,8,63,26,0,26,89
08/19/2022,PAH,KY,ASO,ES,Federal Contract Tower,0,10,2,0,12,0,0,16,0,16,0,10,18,0,28,8,0,8,36
08/20/2022,PAH,KY,ASO,ES,Federal Contract Tower,0,4,3,0,7,0,0,8,0,8,0,4,11,0,15,0,0,0,15
08/21/2022,PAH,KY,ASO,ES,Federal Contract Tower,0,5,9,0,14,0,2,19,0,21,0,7,28,0,35,22,0,22,57
08/22/2022,PAH,KY,ASO,ES,Federal Contract Tower,0,6,7,4,17,0,10,39,6,55,0,16,46,10,72,32,4,36,108
08/23/2022,PAH,KY,ASO,ES,Federal Contract Tower,0,9,11,0,20,0,8,40,6,54,0,17,51,6,74,22,2,24,98
08/24/2022,PAH,KY,ASO,ES,Federal Contract Tower,0,10,15,0,25,0,5,43,2,50,0,15,58,2,75,22,0,22,97
08/25/2022,PAH,KY,ASO,ES,Federal Contract Tower,0,7,11,0,18,0,0,26,0,26,0,7,37,0,44,6,0,6,50
08/26/2022,PAH,KY,ASO,ES,Federal Contract Tower,0,8,11,0,19,0,2,20,0,22,0,10,31,0,41,32,0,32,73
08/27/2022,PAH,KY,ASO,ES,Federal Contract Tower,0,0,7,0,7,0,2,31,0,33,0,2,38,0,40,4,0,4,44
08/28/2022,PAH,KY,ASO,ES,Federal Contract Tower,0,4,2,0,6,0,6,30,2,38,0,10,32,2,44,26,0,26,70
08/29/2022,PAH,KY,ASO,ES,Federal Contract Tower,0,8,5,2,15,0,9,30,6,45,0,17,35,8,60,26,2,28,88
08/30/2022,PAH,KY,ASO,ES,Federal Contract Tower,0,9,5,0,14,0,7,41,4,52,0,16,46,4,66,30,0,30,96
08/31/2022,PAH,KY,ASO,ES,Federal Contract Tower,0,18,11,2,31,0,9,39,4,52,0,27,50,6,83,18,4,22,105
09/01/2022,PAH,KY,ASO,ES,Federal Contract Tower,0,12,7,0,19,0,0,23,0,23,0,12,30,0,42,8,0,8,50
09/02/2022,PAH,KY,ASO,ES,Federal Contract Tower,2,8,7,0,17,0,2,26,0,28,2,10,33,0,45,28,0,28,73
09/03/2022,PAH,KY,ASO,ES,Federal Contract Tower,0,2,4,0,6,0,0,4,0,4,0,2,8,0,10,6,0,6,16
09/04/2022,PAH,KY,ASO,ES,Federal Contract Tower,0,4,1,0,5,0,5,13,0,18,0,9,14,0,23,0,0,0,23
09/05/2022,PAH,KY,ASO,ES,Federal Contract Tower,0,5,4,0,9,0,8,25,0,33,0,13,29,0,42,20,0,20,62
09/06/2022,PAH,KY,ASO,ES,Federal Contract Tower,0,8,10,0,18,0,10,31,4,45,0,18,41,4,63,20,8,28,91
09/07/2022,PAH,KY,ASO,ES,Federal Contract Tower,0,9,12,0,21,0,10,45,2,57,0,19,57,2,78,26,0,26,104
09/08/2022,PAH,KY,ASO,ES,Federal Contract Tower,0,8,5,0,13,0,5,39,4,48,0,13,44,4,61,16,6,22,83
09/09/2022,PAH,KY,ASO,ES,Federal Contract Tower,0,6,11,6,23,0,0,16,0,16,0,6,27,6,39,10,0,10,49
09/10/2022,PAH,KY,ASO,ES,Federal Contract Tower,0,4,5,0,9,0,5,20,0,25,0,9,25,0,34,20,0,20,54
09/11/2022,PAH,KY,ASO,ES,Federal Contract Tower,0,5,14,0,19,0,4,25,0,29,0,9,39,0,48,22,0,22,70
09/12/2022,PAH,KY,ASO,ES,Federal Contract Tower,0,11,8,0,19,0,0,10,0,10,0,11,18,0,29,4,0,4,33
09/13/2022,PAH,KY,ASO,ES,Federal Contract Tower,0,8,3,2,13,0,8,40,2,50,0,16,43,4,63,22,0,22,85
09/14/2022,PAH,KY,ASO,ES,Federal Contract Tower,0,8,4,0,12,0,3,45,4,52,0,11,49,4,64,24,6,30,94
09/15/2022,PAH,KY,ASO,ES,Federal Contract Tower,0,8,21,0,29,0,4,37,0,41,0,12,58,0,70,20,0,20,90
09/16/2022,PAH,KY,ASO,ES,Federal Contract Tower,0,8,11,6,25,0,4,14,0,18,0,12,25,6,43,0,0,0,43
09/17/2022,PAH,KY,ASO,ES,Federal Contract Tower,0,8,0,0,8,0,4,9,0,13,0,12,9,0,21,8,0,8,29
09/18/2022,PAH,KY,ASO,ES,Federal Contract Tower,0,6,9,0,15,0,4,37,0,41,0,10,46,0,56,26,0,26,82
09/19/2022,PAH,KY,ASO,ES,Federal Contract Tower,0,6,15,0,21,0,8,41,4,53,0,14,56,4,74,18,8,26,100
09/20/2022,PAH,KY,ASO,ES,Federal Contract Tower,0,7,13,2,22,0,4,28,2,34,0,11,41,4,56,16,0,16,72
09/21/2022,PAH,KY,ASO,ES,Federal Contract Tower,0,6,18,2,26,0,11,43,8,62,0,17,61,10,88,24,6,30,118
09/22/2022,PAH,KY,ASO,ES,Federal Contract Tower,0,13,6,0,19,0,0,11,0,11,0,13,17,0,30,26,0,26,56
09/23/2022,PAH,KY,ASO,ES,Federal Contract Tower,0,10,4,0,14,0,0,27,0,27,0,10,31,0,41,8,0,8,49
09/24/2022,PAH,KY,ASO,ES,Federal Contract Tower,0,4,12,0,16,0,0,27,0,27,0,4,39,0,43,10,0,10,53
09/25/2022,PAH,KY,ASO,ES,Federal Contract Tower,0,5,8,0,13,0,3,27,4,34,0,8,35,4,47,26,6,32,79
09/26/2022,PAH,KY,ASO,ES,Federal Contract Tower,0,9,7,0,16,0,8,36,6,50,0,17,43,6,66,30,2,32,98
09/27/2022,PAH,KY,ASO,ES,Federal Contract Tower,0,10,14,0,24,0,7,44,2,53,0,17,58,2,77,28,0,28,105
09/28/2022,PAH,KY,ASO,ES,Federal Contract Tower,0,6,17,2,25,0,8,40,6,54,0,14,57,8,79,20,8,28,107
09/29/2022,PAH,KY,ASO,ES,Federal Contract Tower,0,16,13,1,30,0,11,32,2,45,0,27,45,3,75,16,0,16,91
09/30/2022,PAH,KY,ASO,ES,Federal Contract Tower,0,11,11,2,24,0,4,38,0,42,0,15,49,2,66,24,0,24,90
10/01/2022,PAH,KY,ASO,ES,Federal Contract Tower,0,5,6,0,11,0,6,8,0,14,0,11,14,0,25,0,0,0,25
10/02/2022,PAH,KY,ASO,ES,Federal Contract Tower,0,12,2,0,14,0,9,36,0,45,0,21,38,0,59,32,0,32,91
10/03/2022,PAH,KY,ASO,ES,Federal Contract Tower,0,7,2,0,9,0,11,37,4,52,0,18,39,4,61,26,8,34,95
10/04/2022,PAH,KY,ASO,ES,Federal Contract Tower,0,8,3,4,15,0,9,40,4,53,0,17,43,8,68,28,4,32,100
10/05/2022,PAH,KY,ASO,ES,Federal Contract Tower,0,8,4,0,12,0,1,48,4,53,0,9,52,4,65,30,2,32,97
10/06/2022,PAH,KY,ASO,ES,Federal Contract Tower,0,8,13,2,23,0,7,35,2,44,0,15,48,4,67,22,0,22,89
10/07/2022,PAH,KY,ASO,ES,Federal Contract Tower,0,6,7,8,21,0,2,25,2,29,0,8,32,10,50,4,6,10,60
10/08/2022,PAH,KY,ASO,ES,Federal Contract Tower,0,6,4,0,10,0,0,6,0,6,0,6,10,0,16,0,0,0,16
10/09/2022,PAH,KY,ASO,ES,Federal Contract Tower,0,4,7,0,11,0,4,32,0,36,0,8,39,0,47,24,0,24,71
10/10/2022,PAH,KY,ASO,ES,Federal Contract Tower,0,8,11,0,19,0,7,37,2,46,0,15,48,2,65,48,0,48,113
10/11/2022,PAH,KY,ASO,ES,Federal Contract Tower,0,10,9,4,23,0,11,40,4,55,0,21,49,8,78,24,6,30,108
10/12/2022,PAH,KY,ASO,ES,Federal Contract Tower,0,6,6,0,12,0,6,23,2,31,0,12,29,2,43,8,4,12,55
10/13/2022,PAH,KY,ASO,ES,Federal Contract Tower,0,9,11,0,20,0,8,19,0,27,0,17,30,0,47,10,0,10,57
10/14/2022,PAH,KY,ASO,ES,Federal Contract Tower,0,18,5,0,23,0,0,15,2,17,0,18,20,2,40,0,0,0,40
10/15/2022,PAH,KY,ASO,ES,Federal Contract Tower,0,4,5,0,9,0,0,17,0,17,0,4,22,0,26,4,0,4,30
10/16/2022,PAH,KY,ASO,ES,Federal Contract Tower,0,7,6,0,13,0,6,38,0,44,0,13,44,0,57,28,0,28,85
10/17/2022,PAH,KY,ASO,ES,Federal Contract Tower,0,6,5,4,15,0,11,37,4,52,0,17,42,8,67,18,6,24,91
10/18/2022,PAH,KY,ASO,ES,Federal Contract Tower,0,8,5,3,16,0,4,36,8,48,0,12,41,11,64,30,6,36,100
10/19/2022,PAH,KY,ASO,ES,Federal Contract Tower,0,8,10,0,18,0,10,43,2,55,0,18,53,2,73,30,0,30,103
10/20/2022,PAH,KY,ASO,ES,Federal Contract Tower,0,13,6,2,21,0,6,37,0,43,0,19,43,2,64,28,0,28,92
10/21/2022,PAH,KY,ASO,ES,Federal Contract Tower,0,7,8,0,15,0,2,17,0,19,0,9,25,0,34,4,0,4,38
10/22/2022,PAH,KY,ASO,ES,Federal Contract Tower,0,8,4,0,12,0,2,14,0,16,0,10,18,0,28,0,0,0,28
10/23/2022,PAH,KY,ASO,ES,Federal Contract Tower,0,6,5,0,11,0,4,16,0,20,0,10,21,0,31,12,0,12,43
10/24/2022,PAH,KY,ASO,ES,Federal Contract Tower,0,7,4,2,13,0,2,8,0,10,0,9,12,2,23,0,0,0,23
10/25/2022,PAH,KY,ASO,ES,Federal Contract Tower,0,6,5,8,19,0,0,5,0,5,0,6,10,8,24,0,0,0,24
10/26/2022,PAH,KY,ASO,ES,Federal Contract Tower,0,11,17,2,30,0,0,9,0,9,0,11,26,2,39,0,0,0,39
10/27/2022,PAH,KY,ASO,ES,Federal Contract Tower,0,6,13,0,19,0,3,14,0,17,0,9,27,0,36,4,0,4,40
10/28/2022,PAH,KY,ASO,ES,Federal Contract Tower,0,8,9,0,17,0,0,30,0,30,0,8,39,0,47,28,0,28,75
10/29/2022,PAH,KY,ASO,ES,Federal Contract Tower,0,7,4,0,11,0,4,11,4,19,0,11,15,4,30,6,20,26,56
10/30/2022,PAH,KY,ASO,ES,Federal Contract Tower,0,7,11,0,18,0,6,18,0,24,0,13,29,0,42,6,0,6,48
10/31/2022,PAH,KY,ASO,ES,Federal Contract Tower,0,16,6,6,28,0,9,27,2,38,0,25,33,8,66,16,0,16,82
11/01/2022,PAH,KY,ASO,ES,Federal Contract Tower,0,6,13,0,19,0,4,37,2,43,0,10,50,2,62,18,0,18,80
11/02/2022,PAH,KY,ASO,ES,Federal Contract Tower,0,10,3,8,21,0,9,26,0,35,0,19,29,8,56,12,0,12,68
11/03/2022,PAH,KY,ASO,ES,Federal Contract Tower,0,8,11,8,27,0,3,27,0,30,0,11,38,8,57,10,0,10,67
11/04/2022,PAH,KY,ASO,ES,Federal Contract Tower,0,10,16,0,26,0,0,11,0,11,0,10,27,0,37,0,0,0,37
11/05/2022,PAH,KY,ASO,ES,Federal Contract Tower,0,2,3,0,5,0,0,0,0,0,0,2,3,0,5,0,0,0,5
11/06/2022,PAH,KY,ASO,ES,Federal Contract Tower,0,4,9,0,13,0,8,27,0,35,0,12,36,0,48,28,0,28,76
11/07/2022,PAH,KY,ASO,ES,Federal Contract Tower,0,5,13,2,20,0,9,28,4,41,0,14,41,6,61,20,4,24,85
11/08/2022,PAH,KY,ASO,ES,Federal Contract Tower,0,13,7,2,22,0,0,34,0,34,0,13,41,2,56,16,0,16,72
11/09/2022,PAH,KY,ASO,ES,Federal Contract Tower,0,12,20,1,33,0,2,31,3,36,0,14,51,4,69,104,0,104,173
11/10/2022,PAH,KY,ASO,ES,Federal Contract Tower,0,9,14,0,23,0,4,36,0,40,0,13,50,0,63,106,0,106,169
11/11/2022,PAH,KY,ASO,ES,Federal Contract Tower,0,8,2,0,10,0,0,5,1,6,0,8,7,1,16,0,0,0,16
11/12/2022,PAH,KY,ASO,ES,Federal Contract Tower,0,7,4,0,11,0,0,0,0,0,0,7,4,0,11,0,0,0,11
11/13/2022,PAH,KY,ASO,ES,Federal Contract Tower,0,9,8,0,17,0,6,34,0,40,0,15,42,0,57,26,0,26,83
11/14/2022,PAH,KY,ASO,ES,Federal Contract Tower,0,9,18,2,29,0,8,34,6,48,0,17,52,8,77,16,4,20,97
11/15/2022,PAH,KY,ASO,ES,Federal Contract Tower,0,6,6,0,12,0,4,12,0,16,0,10,18,0,28,4,0,4,32
11/16/2022,PAH,KY,ASO,ES,Federal Contract Tower,0,11,14,0,25,0,5,26,10,41,0,16,40,10,66,0,0,0,66
11/17/2022,PAH,KY,ASO,ES,Federal Contract Tower,0,9,7,0,16,0,3,25,3,31,0,12,32,3,47,2,0,2,49
11/18/2022,PAH,KY,ASO,ES,Federal Contract Tower,0,6,7,0,13,0,2,12,0,14,0,8,19,0,27,0,0,0,27
11/19/2022,PAH,KY,ASO,ES,Federal Contract Tower,0,6,0,0,6,0,0,14,0,14,0,6,14,0,20,16,0,16,36
11/20/2022,PAH,KY,ASO,ES,Federal Contract Tower,0,6,7,0,13,0,6,39,0,45,0,12,46,0,58,22,0,22,80
11/21/2022,PAH,KY,ASO,ES,Federal Contract Tower,0,7,9,0,16,0,10,36,4,50,0,17,45,4,66,32,2,34,100
11/22/2022,PAH,KY,ASO,ES,Federal Contract Tower,0,9,9,0,18,0,10,42,4,56,0,19,51,4,74,22,4,26,100
11/23/2022,PAH,KY,ASO,ES,Federal Contract Tower,0,7,6,0,13,0,2,18,0,20,0,9,24,0,33,10,0,10,43
11/24/2022,PAH,KY,ASO,ES,Federal Contract Tower,0,4,5,0,9,0,2,10,0,12,0,6,15,0,21,0,0,0,21
11/25/2022,PAH,KY,ASO,ES,Federal Contract Tower,0,6,10,0,16,0,0,2,0,2,0,6,12,0,18,0,0,0,18
11/26/2022,PAH,KY,ASO,ES,Federal Contract Tower,0,9,4,0,13,0,0,3,0,3,0,9,7,0,16,0,0,0,16
11/27/2022,PAH,KY,ASO,ES,Federal Contract Tower,0,9,12,0,21,0,6,15,0,21,0,15,27,0,42,0,0,0,42
11/28/2022,PAH,KY,ASO,ES,Federal Contract Tower,0,8,5,0,13,0,8,29,4,41,0,16,34,4,54,16,4,20,74
11/29/2022,PAH,KY,ASO,ES,Federal Contract Tower,0,5,9,0,14,0,8,14,0,22,0,13,23,0,36,6,0,6,42
11/30/2022,PAH,KY,ASO,ES,Federal Contract Tower,0,9,5,1,15,0,6,34,1,41,0,15,39,2,56,28,0,28,84
12/01/2022,PAH,KY,ASO,ES,Federal Contract Tower,0,5,6,8,19,0,1,31,0,32,0,6,37,8,51,26,0,26,77
12/02/2022,PAH,KY,ASO,ES,Federal Contract Tower,0,7,7,5,19,0,0,2,0,2,0,7,9,5,21,0,0,0,21
12/03/2022,PAH,KY,ASO,ES,Federal Contract Tower,0,2,4,0,6,0,2,2,0,4,0,4,6,0,10,0,0,0,10
12/04/2022,PAH,KY,ASO,ES,Federal Contract Tower,0,1,3,0,4,0,6,24,0,30,0,7,27,0,34,24,0,24,58
12/05/2022,PAH,KY,ASO,ES,Federal Contract Tower,1,7,6,0,14,0,5,5,0,10,1,12,11,0,24,0,0,0,24
12/06/2022,PAH,KY,ASO,ES,Federal Contract Tower,2,9,3,0,14,0,4,4,0,8,2,13,7,0,22,0,0,0,22
12/07/2022,PAH,KY,ASO,ES,Federal Contract Tower,0,12,16,0,28,0,1,4,0,5,0,13,20,0,33,0,0,0,33
12/08/2022,PAH,KY,ASO,ES,Federal Contract Tower,0,22,29,0,51,0,0,0,0,0,0,22,29,0,51,0,0,0,51
12/09/2022,PAH,KY,ASO,ES,Federal Contract Tower,0,18,13,0,31,0,0,7,0,7,0,18,20,0,38,0,0,0,38
12/10/2022,PAH,KY,ASO,ES,Federal Contract Tower,0,4,6,0,10,0,0,0,0,0,0,4,6,0,10,0,0,0,10
12/11/2022,PAH,KY,ASO,ES,Federal Contract Tower,0,8,5,2,15,0,6,22,0,28,0,14,27,2,43,0,0,0,43
12/12/2022,PAH,KY,ASO,ES,Federal Contract Tower,0,6,9,0,15,0,8,33,4,45,0,14,42,4,60,32,6,38,98
12/13/2022,PAH,KY,ASO,ES,Federal Contract Tower,0,4,8,4,16,0,6,30,4,40,0,10,38,8,56,22,2,24,80
12/14/2022,PAH,KY,ASO,ES,Federal Contract Tower,0,7,24,2,33,0,3,9,0,12,0,10,33,2,45,0,0,0,45
12/15/2022,PAH,KY,ASO,ES,Federal Contract Tower,0,16,1,1,18,0,4,30,2,36,0,20,31,3,54,34,0,34,88
12/16/2022,PAH,KY,ASO,ES,Federal Contract Tower,0,9,12,0,21,0,0,25,0,25,0,9,37,0,46,14,0,14,60
12/17/2022,PAH,KY,ASO,ES,Federal Contract Tower,0,3,7,0,10,0,0,13,0,13,0,3,20,0,23,2,0,2,25
12/18/2022,PAH,KY,ASO,ES,Federal Contract Tower,0,8,3,0,11,0,8,48,0,56,0,16,51,0,67,22,0,22,89
12/19/2022,PAH,KY,ASO,ES,Federal Contract Tower,0,10,6,0,16,0,6,33,6,45,0,16,39,6,61,32,8,40,101
12/20/2022,PAH,KY,ASO,ES,Federal Contract Tower,0,4,6,0,10,0,10,43,6,59,0,14,49,6,69,24,2,26,95
12/21/2022,PAH,KY,ASO,ES,Federal Contract Tower,0,7,3,1,11,0,6,28,4,38,0,13,31,5,49,18,0,18,67
12/22/2022,PAH,KY,ASO,ES,Federal Contract Tower,0,6,4,0,10,0,5,5,0,10,0,11,9,0,20,0,0,0,20
12/23/2022,PAH,KY,ASO,ES,Federal Contract Tower,0,7,4,0,11,0,0,0,0,0,0,7,4,0,11,0,0,0,11
12/24/2022,PAH,KY,ASO,ES,Federal Contract Tower,0,3,1,0,4,0,0,3,0,3,0,3,4,0,7,0,0,0,7
12/25/2022,PAH,KY,ASO,ES,Federal Contract Tower,0,2,0,0,2,0,6,12,0,18,0,8,12,0,20,0,0,0,20
12/26/2022,PAH,KY,ASO,ES,Federal Contract Tower,0,6,2,0,8,0,4,7,0,11,0,10,9,0,19,0,0,0,19
12/27/2022,PAH,KY,ASO,ES,Federal Contract Tower,2,7,6,0,15,0,8,23,0,31,2,15,29,0,46,6,0,6,52
12/28/2022,PAH,KY,ASO,ES,Federal Contract Tower,0,8,8,0,16,0,2,23,0,25,0,10,31,0,41,16,0,16,57
12/29/2022,PAH,KY,ASO,ES,Federal Contract Tower,0,9,7,1,17,0,5,15,0,20,0,14,22,1,37,6,1,7,44
12/30/2022,PAH,KY,ASO,ES,Federal Contract Tower,0,8,2,0,10,0,0,0,0,0,0,8,2,0,10,0,0,0,10
12/31/2022,PAH,KY,ASO,ES,Federal Contract Tower,0,2,2,0,4,0,0,0,0,0,0,2,2,0,4,0,0,0,4
01/01/2023,PAH,KY,ASO,ES,Federal Contract Tower,0,5,7,0,12,0,4,12,0,16,0,9,19,0,28,27,0,27,55
01/02/2023,PAH,KY,ASO,ES,Federal Contract Tower,0,3,7,0,10,0,6,5,4,15,0,9,12,4,25,0,0,0,25
01/03/2023,PAH,KY,ASO,ES,Federal Contract Tower,0,7,4,2,13,0,6,20,4,30,0,13,24,6,43,14,4,18,61
01/04/2023,PAH,KY,ASO,ES,Federal Contract Tower,0,9,14,0,23,0,6,31,4,41,0,15,45,4,64,26,2,28,92
01/05/2023,PAH,KY,ASO,ES,Federal Contract Tower,0,12,4,2,18,0,7,26,4,37,0,19,30,6,55,22,4,26,81
01/06/2023,PAH,KY,ASO,ES,Federal Contract Tower,0,8,9,2,19,0,0,21,0,21,0,8,30,2,40,8,0,8,48
01/07/2023,PAH,KY,ASO,ES,Federal Contract Tower,0,2,4,0,6,0,2,0,0,2,0,4,4,0,8,0,0,0,8
01/08/2023,PAH,KY,ASO,ES,Federal Contract Tower,0,4,7,0,11,0,6,18,4,28,0,10,25,4,39,26,2,28,67
01/09/2023,PAH,KY,ASO,ES,Federal Contract Tower,0,7,9,5,21,0,11,34,5,50,0,18,43,10,71,38,4,42,113
01/10/2023,PAH,KY,ASO,ES,Federal Contract Tower,0,7,7,3,17,0,7,44,9,60,0,14,51,12,77,26,6,32,109
01/11/2023,PAH,KY,ASO,ES,Federal Contract Tower,0,7,5,0,12,0,3,8,2,13,0,10,13,2,25,6,4,10,35
01/12/2023,PAH,KY,ASO,ES,Federal Contract Tower,0,15,4,0,19,0,6,6,4,16,0,21,10,4,35,0,0,0,35
01/13/2023,PAH,KY,ASO,ES,Federal Contract Tower,0,9,7,0,16,0,0,6,0,6,0,9,13,0,22,0,0,0,22
01/14/2023,PAH,KY,ASO,ES,Federal Contract Tower,0,2,4,0,6,0,0,18,0,18,0,2,22,0,24,10,9,19,43
01/15/2023,PAH,KY,ASO,ES,Federal Contract Tower,0,6,5,0,11,0,8,34,0,42,0,14,39,0,53,22,0,22,75
01/16/2023,PAH,KY,ASO,ES,Federal Contract Tower,0,6,8,0,14,0,6,11,4,21,0,12,19,4,35,8,0,8,43
01/17/2023,PAH,KY,ASO,ES,Federal Contract Tower,0,7,6,0,13,0,9,37,4,50,0,16,43,4,63,30,4,34,97
01/18/2023,PAH,KY,ASO,ES,Federal Contract Tower,0,9,12,0,21,0,3,14,2,19,0,12,26,2,40,10,4,14,54
01/19/2023,PAH,KY,ASO,ES,Federal Contract Tower,0,8,6,6,20,0,4,18,0,22,0,12,24,6,42,8,0,8,50
01/20/2023,PAH,KY,ASO,ES,Federal Contract Tower,0,8,11,0,19,0,0,14,0,14,0,8,25,0,33,9,0,9,42
01/21/2023,PAH,KY,ASO,ES,Federal Contract Tower,0,6,5,1,12,0,9,21,0,30,0,15,26,1,42,14,0,14,56
01/22/2023,PAH,KY,ASO,ES,Federal Contract Tower,0,7,1,0,8,0,6,3,0,9,0,13,4,0,17,0,0,0,17
01/23/2023,PAH,KY,ASO,ES,Federal Contract Tower,0,7,2,0,9,0,7,25,4,36,0,14,27,4,45,20,4,24,69
01/24/2023,PAH,KY,ASO,ES,Federal Contract Tower,0,9,5,0,14,0,9,35,2,46,0,18,40,2,60,26,0,26,86
01/25/2023,PAH,KY,ASO,ES,Federal Contract Tower,0,4,5,0,9,0,0,0,0,0,0,4,5,0,9,0,0,0,9
01/26/2023,PAH,KY,ASO,ES,Federal Contract Tower,0,9,12,1,22,0,0,25,5,30,0,9,37,6,52,26,6,32,84
01/27/2023,PAH,KY,ASO,ES,Federal Contract Tower,0,8,12,6,26,0,0,16,0,16,0,8,28,6,42,12,0,12,54
01/28/2023,PAH,KY,ASO,ES,Federal Contract Tower,0,3,9,0,12,0,0,22,0,22,0,3,31,0,34,24,0,24,58
01/29/2023,PAH,KY,ASO,ES,Federal Contract Tower,0,6,4,0,10,0,0,0,0,0,0,6,4,0,10,0,0,0,10
01/30/2023,PAH,KY,ASO,ES,Federal Contract Tower,0,7,6,0,13,0,0,0,0,0,0,7,6,0,13,0,0,0,13
01/31/2023,PAH,KY,ASO,ES,Federal Contract Tower,0,0,0,0,0,0,0,0,0,0,0,0,0,0,0,0,0,0,0
02/01/2023,PAH,KY,ASO,ES,Federal Contract Tower,0,3,2,0,5,0,0,4,0,4,0,3,6,0,9,0,0,0,9
02/02/2023,PAH,KY,ASO,ES,Federal Contract Tower,0,9,2,0,11,0,4,22,0,26,0,13,24,0,37,36,0,36,73
02/03/2023,PAH,KY,ASO,ES,Federal Contract Tower,0,8,11,0,19,0,0,18,0,18,0,8,29,0,37,20,2,22,59
02/04/2023,PAH,KY,ASO,ES,Federal Contract Tower,0,2,3,0,5,0,4,18,0,22,0,6,21,0,27,14,0,14,41
02/05/2023,PAH,KY,ASO,ES,Federal Contract Tower,0,4,4,0,8,0,9,35,2,46,0,13,39,2,54,34,6,40,94
02/06/2023,PAH,KY,ASO,ES,Federal Contract Tower,0,8,9,1,18,0,11,47,5,63,0,19,56,6,81,30,2,32,113
02/07/2023,PAH,KY,ASO,ES,Federal Contract Tower,0,8,9,8,25,0,7,28,4,39,0,15,37,12,64,24,4,28,92
02/08/2023,PAH,KY,ASO,ES,Federal Contract Tower,0,8,6,0,14,0,5,7,2,14,0,13,13,2,28,0,0,0,28
02/09/2023,PAH,KY,ASO,ES,Federal Contract Tower,0,3,7,2,12,0,4,3,0,7,0,7,10,2,19,0,0,0,19
02/10/2023,PAH,KY,ASO,ES,Federal Contract Tower,0,9,12,0,21,0,0,8,10,18,0,9,20,10,39,0,0,0,39
02/11/2023,PAH,KY,ASO,ES,Federal Contract Tower,0,4,10,0,14,0,16,35,0,51,0,20,45,0,65,71,0,71,136
02/12/2023,PAH,KY,ASO,ES,Federal Contract Tower,0,7,8,0,15,0,8,30,0,38,0,15,38,0,53,42,0,42,95
02/13/2023,PAH,KY,ASO,ES,Federal Contract Tower,0,8,10,8,26,0,9,46,4,59,0,17,56,12,85,24,2,26,111
02/14/2023,PAH,KY,ASO,ES,Federal Contract Tower,0,7,2,0,9,0,5,17,4,26,0,12,19,4,35,6,2,8,43
02/15/2023,PAH,KY,ASO,ES,Federal Contract Tower,0,13,20,0,33,0,2,22,0,24,0,15,42,0,57,10,0,10,67
02/16/2023,PAH,KY,ASO,ES,Federal Contract Tower,0,10,4,0,14,0,3,2,0,5,0,13,6,0,19,0,0,0,19
02/17/2023,PAH,KY,ASO,ES,Federal Contract Tower,0,6,11,0,17,0,3,15,0,18,0,9,26,0,35,0,0,0,35
02/18/2023,PAH,KY,ASO,ES,Federal Contract Tower,0,2,8,0,10,0,0,21,0,21,0,2,29,0,31,42,0,42,73
02/19/2023,PAH,KY,ASO,ES,Federal Contract Tower,0,4,4,0,8,0,9,31,0,40,0,13,35,0,48,24,0,24,72
02/20/2023,PAH,KY,ASO,ES,Federal Contract Tower,0,7,11,0,18,0,2,7,0,9,0,9,18,0,27,24,0,24,51
02/21/2023,PAH,KY,ASO,ES,Federal Contract Tower,0,6,6,0,12,0,11,44,4,59,0,17,50,4,71,30,0,30,101
02/22/2023,PAH,KY,ASO,ES,Federal Contract Tower,0,6,3,0,9,0,5,6,0,11,0,11,9,0,20,4,0,4,24
02/23/2023,PAH,KY,ASO,ES,Federal Contract Tower,0,8,10,2,20,0,7,32,2,41,0,15,42,4,61,42,2,44,105
02/24/2023,PAH,KY,ASO,ES,Federal Contract Tower,0,6,4,4,14,0,0,28,0,28,0,6,32,4,42,16,0,16,58
02/25/2023,PAH,KY,ASO,ES,Federal Contract Tower,0,5,14,0,19,0,2,10,0,12,0,7,24,0,31,0,0,0,31
02/26/2023,PAH,KY,ASO,ES,Federal Contract Tower,0,4,4,0,8,0,4,4,0,8,0,8,8,0,16,0,0,0,16
02/27/2023,PAH,KY,ASO,ES,Federal Contract Tower,0,7,3,0,10,0,8,11,2,21,0,15,14,2,31,2,0,2,33
02/28/2023,PAH,KY,ASO,ES,Federal Contract Tower,0,8,5,0,13,0,10,42,6,58,0,18,47,6,71,34,4,38,109
03/01/2023,PAH,KY,ASO,ES,Federal Contract Tower,0,6,14,0,20,0,5,19,2,26,0,11,33,2,46,16,0,16,62
03/02/2023,PAH,KY,ASO,ES,Federal Contract Tower,0,11,7,0,18,0,3,23,0,26,0,14,30,0,44,32,0,32,76
03/03/2023,PAH,KY,ASO,ES,Federal Contract Tower,0,8,1,0,9,0,0,0,0,0,0,8,1,0,9,0,0,0,9
03/04/2023,PAH,KY,ASO,ES,Federal Contract Tower,0,6,10,0,16,0,0,45,0,45,0,6,55,0,61,12,0,12,73
03/05/2023,PAH,KY,ASO,ES,Federal Contract Tower,0,5,10,0,15,0,10,43,0,53,0,15,53,0,68,38,0,38,106
03/06/2023,PAH,KY,ASO,ES,Federal Contract Tower,0,7,4,2,13,0,8,49,4,61,0,15,53,6,74,50,2,52,126
03/07/2023,PAH,KY,ASO,ES,Federal Contract Tower,0,6,7,4,17,0,8,47,6,61,0,14,54,10,78,32,0,32,110
03/08/2023,PAH,KY,ASO,ES,Federal Contract Tower,0,10,10,4,24,0,10,21,0,31,0,20,31,4,55,28,0,28,83
03/09/2023,PAH,KY,ASO,ES,Federal Contract Tower,0,8,7,6,21,0,5,18,2,25,0,13,25,8,46,18,2,20,66
03/10/2023,PAH,KY,ASO,ES,Federal Contract Tower,0,8,8,3,19,0,0,12,1,13,0,8,20,4,32,4,0,4,36
03/11/2023,PAH,KY,ASO,ES,Federal Contract Tower,0,5,1,0,6,0,0,17,0,17,0,5,18,0,23,16,0,16,39
03/12/2023,PAH,KY,ASO,ES,Federal Contract Tower,0,5,5,0,10,0,6,19,0,25,0,11,24,0,35,18,0,18,53
03/13/2023,PAH,KY,ASO,ES,Federal Contract Tower,0,6,1,8,15,0,4,22,8,34,0,10,23,16,49,14,6,20,69
03/14/2023,PAH,KY,ASO,ES,Federal Contract Tower,0,8,4,2,14,0,11,43,0,54,0,19,47,2,68,26,0,26,94
03/15/2023,PAH,KY,ASO,ES,Federal Contract Tower,0,12,8,0,20,0,3,43,2,48,0,15,51,2,68,18,2,20,88
03/16/2023,PAH,KY,ASO,ES,Federal Contract Tower,0,13,15,0,28,0,3,24,1,28,0,16,39,1,56,14,0,14,70
03/17/2023,PAH,KY,ASO,ES,Federal Contract Tower,0,10,6,0,16,0,2,5,0,7,0,12,11,0,23,0,0,0,23
03/18/2023,PAH,KY,ASO,ES,Federal Contract Tower,0,2,2,0,4,0,0,13,0,13,0,2,15,0,17,4,0,4,21
03/19/2023,PAH,KY,ASO,ES,Federal Contract Tower,0,7,7,0,14,0,8,36,0,44,0,15,43,0,58,28,0,28,86
03/20/2023,PAH,KY,ASO,ES,Federal Contract Tower,0,7,9,0,16,0,9,32,4,45,0,16,41,4,61,26,2,28,89
03/21/2023,PAH,KY,ASO,ES,Federal Contract Tower,0,6,6,2,14,0,4,19,0,23,0,10,25,2,37,12,0,12,49
03/22/2023,PAH,KY,ASO,ES,Federal Contract Tower,0,12,9,0,21,0,7,5,5,17,0,19,14,5,38,0,0,0,38
03/23/2023,PAH,KY,ASO,ES,Federal Contract Tower,0,6,19,0,25,0,3,12,5,20,0,9,31,5,45,10,0,10,55
03/24/2023,PAH,KY,ASO,ES,Federal Contract Tower,0,4,2,0,6,0,0,0,0,0,0,4,2,0,6,0,0,0,6
03/25/2023,PAH,KY,ASO,ES,Federal Contract Tower,0,2,16,0,18,0,0,16,0,16,0,2,32,0,34,4,0,4,38
03/26/2023,PAH,KY,ASO,ES,Federal Contract Tower,0,10,1,2,13,0,10,45,0,55,0,20,46,2,68,26,0,26,94
03/27/2023,PAH,KY,ASO,ES,Federal Contract Tower,0,6,5,4,15,0,6,36,6,48,0,12,41,10,63,42,4,46,109
03/28/2023,PAH,KY,ASO,ES,Federal Contract Tower,0,6,13,1,20,0,4,55,3,62,0,10,68,4,82,34,0,34,116
03/29/2023,PAH,KY,ASO,ES,Federal Contract Tower,0,8,17,8,33,0,5,37,0,42,0,13,54,8,75,26,0,26,101
03/30/2023,PAH,KY,ASO,ES,Federal Contract Tower,0,12,17,0,29,0,5,29,0,34,0,17,46,0,63,12,0,12,75
03/31/2023,PAH,KY,ASO,ES,Federal Contract Tower,0,4,2,0,6,0,0,0,0,0,0,4,2,0,6,0,0,0,6
04/01/2023,PAH,KY,ASO,ES,Federal Contract Tower,0,4,13,0,17,0,0,2,0,2,0,4,15,0,19,0,0,0,19
04/02/2023,PAH,KY,ASO,ES,Federal Contract Tower,0,7,5,0,12,0,18,42,0,60,0,25,47,0,72,26,0,26,98
04/03/2023,PAH,KY,ASO,ES,Federal Contract Tower,0,11,7,2,20,0,10,45,4,59,0,21,52,6,79,26,6,32,111
04/04/2023,PAH,KY,ASO,ES,Federal Contract Tower,0,7,9,0,16,0,14,18,4,36,0,21,27,4,52,16,0,16,68
04/05/2023,PAH,KY,ASO,ES,Federal Contract Tower,0,6,3,0,9,0,3,10,2,15,0,9,13,2,24,2,0,2,26
04/06/2023,PAH,KY,ASO,ES,Federal Contract Tower,0,12,11,6,29,0,1,17,0,18,0,13,28,6,47,14,0,14,61
04/07/2023,PAH,KY,ASO,ES,Federal Contract Tower,0,8,7,0,15,0,2,19,3,24,0,10,26,3,39,16,0,16,55
04/08/2023,PAH,KY,ASO,ES,Federal Contract Tower,0,4,6,0,10,0,0,15,0,15,0,4,21,0,25,14,0,14,39
04/09/2023,PAH,KY,ASO,ES,Federal Contract Tower,0,7,7,0,14,0,4,30,0,34,0,11,37,0,48,14,0,14,62
04/10/2023,PAH,KY,ASO,ES,Federal Contract Tower,0,9,5,0,14,0,5,28,2,35,0,14,33,2,49,20,4,24,73
04/11/2023,PAH,KY,ASO,ES,Federal Contract Tower,0,8,5,3,16,0,6,58,8,72,0,14,63,11,88,38,0,38,126
04/12/2023,PAH,KY,ASO,ES,Federal Contract Tower,0,6,15,1,22,0,7,31,3,41,0,13,46,4,63,26,0,26,89
04/13/2023,PAH,KY,ASO,ES,Federal Contract Tower,0,10,9,0,19,0,12,29,0,41,0,22,38,0,60,24,0,24,84
04/14/2023,PAH,KY,ASO,ES,Federal Contract Tower,0,10,2,0,12,0,2,6,0,8,0,12,8,0,20,0,0,0,20
04/15/2023,PAH,KY,ASO,ES,Federal Contract Tower,0,2,0,0,2,0,0,12,0,12,0,2,12,0,14,9,0,9,23
04/16/2023,PAH,KY,ASO,ES,Federal Contract Tower,0,4,2,0,6,0,7,15,0,22,0,11,17,0,28,6,0,6,34
04/17/2023,PAH,KY,ASO,ES,Federal Contract Tower,0,6,6,2,14,0,4,28,4,36,0,10,34,6,50,28,4,32,82
04/18/2023,PAH,KY,ASO,ES,Federal Contract Tower,0,7,2,2,11,0,7,44,2,53,0,14,46,4,64,30,0,30,94
04/19/2023,PAH,KY,ASO,ES,Federal Contract Tower,0,13,16,4,33,0,5,24,0,29,0,18,40,4,62,24,0,24,86
04/20/2023,PAH,KY,ASO,ES,Federal Contract Tower,0,9,13,2,24,0,2,1,2,5,0,11,14,4,29,0,0,0,29
04/21/2023,PAH,KY,ASO,ES,Federal Contract Tower,0,5,8,2,15,0,0,1,0,1,0,5,9,2,16,0,0,0,16
04/22/2023,PAH,KY,ASO,ES,Federal Contract Tower,0,4,8,0,12,0,7,9,0,16,0,11,17,0,28,10,0,10,38
04/23/2023,PAH,KY,ASO,ES,Federal Contract Tower,0,3,5,0,8,0,9,34,0,43,0,12,39,0,51,22,0,22,73
04/24/2023,PAH,KY,ASO,ES,Federal Contract Tower,0,6,12,0,18,0,6,48,2,56,0,12,60,2,74,38,0,38,112
04/25/2023,PAH,KY,ASO,ES,Federal Contract Tower,0,8,3,0,11,0,4,51,4,59,0,12,54,4,70,44,0,44,114
04/26/2023,PAH,KY,ASO,ES,Federal Contract Tower,0,10,7,1,18,0,8,27,3,38,0,18,34,4,56,26,0,26,82
04/27/2023,PAH,KY,ASO,ES,Federal Contract Tower,0,6,2,0,8,0,6,12,0,18,0,12,14,0,26,8,0,8,34
04/28/2023,PAH,KY,ASO,ES,Federal Contract Tower,0,10,12,0,22,0,0,3,0,3,0,10,15,0,25,0,0,0,25
04/29/2023,PAH,KY,ASO,ES,Federal Contract Tower,0,4,8,0,12,0,0,29,0,29,0,4,37,0,41,14,0,14,55
04/30/2023,PAH,KY,ASO,ES,Federal Contract Tower,0,6,0,0,6,0,7,23,0,30,0,13,23,0,36,20,0,20,56
05/01/2023,PAH,KY,ASO,ES,Federal Contract Tower,0,6,8,0,14,0,8,25,0,33,0,14,33,0,47,14,0,14,61
05/02/2023,PAH,KY,ASO,ES,Federal Contract Tower,0,6,6,0,12,0,7,35,0,42,0,13,41,0,54,34,0,34,88
05/03/2023,PAH,KY,ASO,ES,Federal Contract Tower,0,8,10,2,20,0,5,42,0,47,0,13,52,2,67,48,0,48,115
05/04/2023,PAH,KY,ASO,ES,Federal Contract Tower,0,9,10,0,19,0,7,37,0,44,0,16,47,0,63,24,0,24,87
05/05/2023,PAH,KY,ASO,ES,Federal Contract Tower,0,6,3,0,9,0,0,7,0,7,0,6,10,0,16,0,0,0,16
05/06/2023,PAH,KY,ASO,ES,Federal Contract Tower,0,2,4,0,6,0,0,4,0,4,0,2,8,0,10,0,0,0,10
05/07/2023,PAH,KY,ASO,ES,Federal Contract Tower,0,3,6,0,9,0,7,11,0,18,0,10,17,0,27,0,0,0,27
05/08/2023,PAH,KY,ASO,ES,Federal Contract Tower,0,17,6,0,23,0,7,23,0,30,0,24,29,0,53,14,0,14,67
05/09/2023,PAH,KY,ASO,ES,Federal Contract Tower,0,8,6,0,14,0,11,47,0,58,0,19,53,0,72,38,0,38,110
05/10/2023,PAH,KY,ASO,ES,Federal Contract Tower,0,8,8,0,16,0,6,31,0,37,0,14,39,0,53,26,0,26,79
05/11/2023,PAH,KY,ASO,ES,Federal Contract Tower,0,8,13,4,25,0,0,6,0,6,0,8,19,4,31,0,0,0,31
05/12/2023,PAH,KY,ASO,ES,Federal Contract Tower,0,6,15,0,21,0,0,1,0,1,0,6,16,0,22,0,0,0,22
05/13/2023,PAH,KY,ASO,ES,Federal Contract Tower,0,3,2,0,5,0,0,1,0,1,0,3,3,0,6,0,0,0,6
05/14/2023,PAH,KY,ASO,ES,Federal Contract Tower,0,4,3,0,7,0,0,4,0,4,0,4,7,0,11,0,0,0,11
05/15/2023,PAH,KY,ASO,ES,Federal Contract Tower,0,8,3,2,13,0,0,28,0,28,0,8,31,2,41,6,0,6,47
05/16/2023,PAH,KY,ASO,ES,Federal Contract Tower,0,6,14,1,21,0,0,7,0,7,0,6,21,1,28,0,0,0,28
05/17/2023,PAH,KY,ASO,ES,Federal Contract Tower,0,9,5,15,29,0,1,37,1,39,0,10,42,16,68,10,0,10,78
05/18/2023,PAH,KY,ASO,ES,Federal Contract Tower,0,8,16,10,34,0,0,50,2,52,0,8,66,12,86,40,0,40,126
05/19/2023,PAH,KY,ASO,ES,Federal Contract Tower,0,10,11,2,23,0,0,9,0,9,0,10,20,2,32,6,0,6,38
05/20/2023,PAH,KY,ASO,ES,Federal Contract Tower,0,2,5,0,7,0,0,8,0,8,0,2,13,0,15,0,0,0,15
05/21/2023,PAH,KY,ASO,ES,Federal Contract Tower,0,7,7,0,14,0,6,40,0,46,0,13,47,0,60,28,0,28,88
05/22/2023,PAH,KY,ASO,ES,Federal Contract Tower,0,6,5,0,11,0,10,34,0,44,0,16,39,0,55,48,0,48,103
05/23/2023,PAH,KY,ASO,ES,Federal Contract Tower,0,6,17,0,23,0,11,48,0,59,0,17,65,0,82,30,0,30,112
05/24/2023,PAH,KY,ASO,ES,Federal Contract Tower,0,8,10,0,18,0,7,29,2,38,0,15,39,2,56,26,0,26,82
05/25/2023,PAH,KY,ASO,ES,Federal Contract Tower,0,7,12,0,19,0,6,42,0,48,0,13,54,0,67,18,0,18,85
05/26/2023,PAH,KY,ASO,ES,Federal Contract Tower,0,6,10,1,17,0,4,18,0,22,0,10,28,1,39,20,0,20,59
05/27/2023,PAH,KY,ASO,ES,Federal Contract Tower,0,2,4,0,6,0,0,22,0,22,0,2,26,0,28,27,0,27,55
05/28/2023,PAH,KY,ASO,ES,Federal Contract Tower,0,5,1,0,6,0,6,34,0,40,0,11,35,0,46,28,0,28,74
05/29/2023,PAH,KY,ASO,ES,Federal Contract Tower,0,5,2,0,7,0,8,24,0,32,0,13,26,0,39,28,0,28,67
05/30/2023,PAH,KY,ASO,ES,Federal Contract Tower,0,6,13,2,21,0,11,41,4,56,0,17,54,6,77,56,2,58,135
05/31/2023,PAH,KY,ASO,ES,Federal Contract Tower,0,10,12,0,22,0,7,43,2,52,0,17,55,2,74,59,0,59,133
06/01/2023,PAH,KY,ASO,ES,Federal Contract Tower,0,7,10,0,17,0,4,21,0,25,0,11,31,0,42,18,0,18,60
06/02/2023,PAH,KY,ASO,ES,Federal Contract Tower,0,10,10,2,22,0,11,9,2,22,0,21,19,4,44,10,6,16,60
06/03/2023,PAH,KY,ASO,ES,Federal Contract Tower,0,7,5,0,12,0,0,16,0,16,0,7,21,0,28,12,0,12,40
06/04/2023,PAH,KY,ASO,ES,Federal Contract Tower,0,8,10,0,18,0,8,35,0,43,0,16,45,0,61,40,0,40,101
06/05/2023,PAH,KY,ASO,ES,Federal Contract Tower,0,11,4,0,15,0,7,37,0,44,0,18,41,0,59,40,0,40,99
06/06/2023,PAH,KY,ASO,ES,Federal Contract Tower,0,8,4,0,12,0,8,51,2,61,0,16,55,2,73,18,2,20,93
06/07/2023,PAH,KY,ASO,ES,Federal Contract Tower,0,11,2,0,13,0,7,30,4,41,0,18,32,4,54,30,0,30,84
06/08/2023,PAH,KY,ASO,ES,Federal Contract Tower,0,13,9,2,24,0,9,24,2,35,0,22,33,4,59,18,2,20,79
06/09/2023,PAH,KY,ASO,ES,Federal Contract Tower,0,9,14,0,23,0,4,30,0,34,0,13,44,0,57,12,0,12,69
06/10/2023,PAH,KY,ASO,ES,Federal Contract Tower,0,5,4,0,9,0,0,34,0,34,0,5,38,0,43,26,0,26,69
06/11/2023,PAH,KY,ASO,ES,Federal Contract Tower,0,8,5,0,13,0,0,10,0,10,0,8,15,0,23,20,0,20,43
06/12/2023,PAH,KY,ASO,ES,Federal Contract Tower,0,8,10,0,18,0,0,13,0,13,0,8,23,0,31,0,0,0,31
06/13/2023,PAH,KY,ASO,ES,Federal Contract Tower,0,8,16,2,26,0,0,20,3,23,0,8,36,5,49,46,0,46,95
06/14/2023,PAH,KY,ASO,ES,Federal Contract Tower,0,14,10,4,28,0,0,18,0,18,0,14,28,4,46,10,0,10,56
06/15/2023,PAH,KY,ASO,ES,Federal Contract Tower,0,14,13,5,32,0,0,23,0,23,0,14,36,5,55,10,0,10,65
06/16/2023,PAH,KY,ASO,ES,Federal Contract Tower,0,9,8,0,17,0,0,29,0,29,0,9,37,0,46,4,0,4,50
06/17/2023,PAH,KY,ASO,ES,Federal Contract Tower,0,2,11,0,13,0,0,18,0,18,0,2,29,0,31,10,0,10,41
06/18/2023,PAH,KY,ASO,ES,Federal Contract Tower,0,9,3,0,12,0,8,27,0,35,0,17,30,0,47,36,0,36,83
06/19/2023,PAH,KY,ASO,ES,Federal Contract Tower,0,7,18,1,26,0,5,23,4,32,0,12,41,5,58,34,8,42,100
06/20/2023,PAH,KY,ASO,ES,Federal Contract Tower,0,6,8,0,14,0,11,36,4,51,0,17,44,4,65,50,6,56,121
06/21/2023,PAH,KY,ASO,ES,Federal Contract Tower,0,8,8,4,20,0,4,42,4,50,0,12,50,8,70,22,0,22,92
06/22/2023,PAH,KY,ASO,ES,Federal Contract Tower,0,10,26,5,41,0,4,48,1,53,0,14,74,6,94,26,0,26,120
06/23/2023,PAH,KY,ASO,ES,Federal Contract Tower,0,10,3,0,13,0,0,14,0,14,0,10,17,0,27,28,0,28,55
06/24/2023,PAH,KY,ASO,ES,Federal Contract Tower,0,2,7,0,9,0,2,14,0,16,0,4,21,0,25,20,0,20,45
06/25/2023,PAH,KY,ASO,ES,Federal Contract Tower,0,5,11,0,16,0,8,29,0,37,0,13,40,0,53,26,0,26,79
06/26/2023,PAH,KY,ASO,ES,Federal Contract Tower,0,10,6,0,16,0,11,42,4,57,0,21,48,4,73,26,0,26,99
06/27/2023,PAH,KY,ASO,ES,Federal Contract Tower,0,4,8,2,14,0,8,45,4,57,0,12,53,6,71,36,0,36,107
06/28/2023,PAH,KY,ASO,ES,Federal Contract Tower,0,10,12,4,26,0,9,36,0,45,0,19,48,4,71,32,0,32,103
06/29/2023,PAH,KY,ASO,ES,Federal Contract Tower,0,8,8,2,18,0,8,32,4,44,0,16,40,6,62,20,2,22,84
06/30/2023,PAH,KY,ASO,ES,Federal Contract Tower,0,14,9,0,23,0,10,22,0,32,0,24,31,0,55,12,0,12,67
07/01/2023,PAH,KY,ASO,ES,Federal Contract Tower,0,7,2,0,9,0,0,11,0,11,0,7,13,0,20,24,0,24,44
07/02/2023,PAH,KY,ASO,ES,Federal Contract Tower,0,4,5,0,9,0,6,27,0,33,0,10,32,0,42,28,0,28,70
07/03/2023,PAH,KY,ASO,ES,Federal Contract Tower,0,7,1,0,8,0,19,38,4,61,0,26,39,4,69,40,0,40,109
07/04/2023,PAH,KY,ASO,ES,Federal Contract Tower,0,8,3,0,11,0,6,31,0,37,0,14,34,0,48,28,4,32,80
07/05/2023,PAH,KY,ASO,ES,Federal Contract Tower,0,9,6,0,15,0,5,22,0,27,0,14,28,0,42,12,0,12,54
07/06/2023,PAH,KY,ASO,ES,Federal Contract Tower,0,11,13,2,26,0,4,33,0,37,0,15,46,2,63,36,0,36,99
07/07/2023,PAH,KY,ASO,ES,Federal Contract Tower,0,10,3,2,15,0,2,9,0,11,0,12,12,2,26,0,0,0,26
07/08/2023,PAH,KY,ASO,ES,Federal Contract Tower,0,4,3,0,7,0,0,4,0,4,0,4,7,0,11,0,0,0,11
07/09/2023,PAH,KY,ASO,ES,Federal Contract Tower,0,7,4,0,11,0,18,22,0,40,0,25,26,0,51,26,0,26,77
07/10/2023,PAH,KY,ASO,ES,Federal Contract Tower,0,8,7,4,19,0,10,48,4,62,0,18,55,8,81,52,2,54,135
07/11/2023,PAH,KY,ASO,ES,Federal Contract Tower,0,10,6,2,18,0,12,50,4,66,0,22,56,6,84,22,4,26,110
07/12/2023,PAH,KY,ASO,ES,Federal Contract Tower,0,10,4,2,16,0,4,13,0,17,0,14,17,2,33,14,0,14,47
07/13/2023,PAH,KY,ASO,ES,Federal Contract Tower,0,4,17,0,21,0,0,10,2,12,0,4,27,2,33,10,0,10,43
07/14/2023,PAH,KY,ASO,ES,Federal Contract Tower,0,10,11,0,21,0,2,16,0,18,0,12,27,0,39,28,0,28,67
07/15/2023,PAH,KY,ASO,ES,Federal Contract Tower,0,3,3,0,6,0,3,0,0,3,0,6,3,0,9,2,0,2,11
07/16/2023,PAH,KY,ASO,ES,Federal Contract Tower,0,14,17,0,31,0,21,37,0,58,0,35,54,0,89,42,0,42,131
07/17/2023,PAH,KY,ASO,ES,Federal Contract Tower,0,6,0,0,6,0,10,28,7,45,0,16,28,7,51,18,8,26,77
07/18/2023,PAH,KY,ASO,ES,Federal Contract Tower,0,7,7,0,14,0,9,26,2,37,0,16,33,2,51,16,0,16,67
07/19/2023,PAH,KY,ASO,ES,Federal Contract Tower,0,9,4,4,17,0,12,5,0,17,0,21,9,4,34,10,0,10,44
07/20/2023,PAH,KY,ASO,ES,Federal Contract Tower,0,7,9,0,16,0,1,10,0,11,0,8,19,0,27,0,0,0,27
07/21/2023,PAH,KY,ASO,ES,Federal Contract Tower,0,4,13,0,17,0,0,7,2,9,0,4,20,2,26,54,0,54,80
07/22/2023,PAH,KY,ASO,ES,Federal Contract Tower,0,4,9,0,13,0,0,23,0,23,0,4,32,0,36,8,0,8,44
07/23/2023,PAH,KY,ASO,ES,Federal Contract Tower,0,4,4,0,8,0,10,30,0,40,0,14,34,0,48,34,0,34,82
07/24/2023,PAH,KY,ASO,ES,Federal Contract Tower,0,7,7,0,14,0,5,35,4,44,0,12,42,4,58,24,0,24,82
07/25/2023,PAH,KY,ASO,ES,Federal Contract Tower,0,9,9,0,18,0,11,41,2,54,0,20,50,2,72,16,0,16,88
07/26/2023,PAH,KY,ASO,ES,Federal Contract Tower,0,7,8,0,15,0,5,20,0,25,0,12,28,0,40,12,0,12,52
07/27/2023,PAH,KY,ASO,ES,Federal Contract Tower,0,11,14,0,25,0,6,34,2,42,0,17,48,2,67,34,0,34,101
07/28/2023,PAH,KY,ASO,ES,Federal Contract Tower,0,7,10,0,17,0,0,12,0,12,0,7,22,0,29,0,0,0,29
07/29/2023,PAH,KY,ASO,ES,Federal Contract Tower,0,2,3,0,5,0,0,4,0,4,0,2,7,0,9,2,0,2,11
07/30/2023,PAH,KY,ASO,ES,Federal Contract Tower,0,5,5,0,10,0,10,30,0,40,0,15,35,0,50,38,0,38,88
07/31/2023,PAH,KY,ASO,ES,Federal Contract Tower,0,11,8,0,19,0,14,38,4,56,0,25,46,4,75,38,0,38,113
08/01/2023,PAH,KY,ASO,ES,Federal Contract Tower,0,6,7,0,13,0,10,36,3,49,0,16,43,3,62,28,0,28,90
08/02/2023,PAH,KY,ASO,ES,Federal Contract Tower,0,10,6,1,17,0,4,17,3,24,0,14,23,4,41,18,4,22,63
08/03/2023,PAH,KY,ASO,ES,Federal Contract Tower,0,10,11,0,21,0,0,5,0,5,0,10,16,0,26,0,0,0,26
08/04/2023,PAH,KY,ASO,ES,Federal Contract Tower,0,8,6,0,14,0,0,3,0,3,0,8,9,0,17,0,0,0,17
08/05/2023,PAH,KY,ASO,ES,Federal Contract Tower,0,2,6,0,8,0,0,8,0,8,0,2,14,0,16,14,0,14,30
08/06/2023,PAH,KY,ASO,ES,Federal Contract Tower,0,5,4,0,9,0,10,19,0,29,0,15,23,0,38,32,0,32,70
08/07/2023,PAH,KY,ASO,ES,Federal Contract Tower,0,7,9,0,16,0,7,30,6,43,0,14,39,6,59,32,8,40,99
08/08/2023,PAH,KY,ASO,ES,Federal Contract Tower,0,9,10,0,19,0,4,44,4,52,0,13,54,4,71,20,0,20,91
08/09/2023,PAH,KY,ASO,ES,Federal Contract Tower,0,11,4,0,15,0,6,15,2,23,0,17,19,2,38,14,0,14,52
08/10/2023,PAH,KY,ASO,ES,Federal Contract Tower,0,7,13,0,20,0,0,4,0,4,0,7,17,0,24,0,0,0,24
08/11/2023,PAH,KY,ASO,ES,Federal Contract Tower,0,13,11,0,24,0,0,20,2,22,0,13,31,2,46,6,0,6,52
08/12/2023,PAH,KY,ASO,ES,Federal Contract Tower,0,2,4,0,6,0,0,16,0,16,0,2,20,0,22,8,0,8,30
08/13/2023,PAH,KY,ASO,ES,Federal Contract Tower,0,5,6,0,11,0,5,31,0,36,0,10,37,0,47,44,0,44,91
08/14/2023,PAH,KY,ASO,ES,Federal Contract Tower,0,8,2,0,10,0,11,28,4,43,0,19,30,4,53,36,4,40,93
08/15/2023,PAH,KY,ASO,ES,Federal Contract Tower,0,10,5,0,15,0,8,34,4,46,0,18,39,4,61,32,0,32,93
08/16/2023,PAH,KY,ASO,ES,Federal Contract Tower,0,8,11,0,19,0,5,37,3,45,0,13,48,3,64,17,0,17,81
08/17/2023,PAH,KY,ASO,ES,Federal Contract Tower,0,6,7,0,13,0,5,31,0,36,0,11,38,0,49,20,0,20,69
08/18/2023,PAH,KY,ASO,ES,Federal Contract Tower,0,9,4,4,17,0,2,22,0,24,0,11,26,4,41,18,0,18,59
08/19/2023,PAH,KY,ASO,ES,Federal Contract Tower,0,4,1,0,5,0,0,18,0,18,0,4,19,0,23,16,0,16,39
08/20/2023,PAH,KY,ASO,ES,Federal Contract Tower,0,4,6,0,10,0,4,28,0,32,0,8,34,0,42,30,0,30,72
08/21/2023,PAH,KY,ASO,ES,Federal Contract Tower,0,6,20,3,29,0,9,34,5,48,0,15,54,8,77,22,4,26,103
08/22/2023,PAH,KY,ASO,ES,Federal Contract Tower,0,10,13,0,23,0,7,42,2,51,0,17,55,2,74,30,0,30,104
08/23/2023,PAH,KY,ASO,ES,Federal Contract Tower,0,8,5,0,13,0,4,22,14,40,0,12,27,14,53,14,0,14,67
08/24/2023,PAH,KY,ASO,ES,Federal Contract Tower,0,13,5,2,20,0,3,27,4,34,0,16,32,6,54,20,4,24,78
08/25/2023,PAH,KY,ASO,ES,Federal Contract Tower,0,7,13,4,24,0,0,23,0,23,0,7,36,4,47,36,0,36,83
08/26/2023,PAH,KY,ASO,ES,Federal Contract Tower,0,2,7,0,9,0,0,17,0,17,0,2,24,0,26,24,0,24,50
08/27/2023,PAH,KY,ASO,ES,Federal Contract Tower,0,6,10,0,16,0,9,16,0,25,0,15,26,0,41,18,0,18,59
08/28/2023,PAH,KY,ASO,ES,Federal Contract Tower,0,13,10,0,23,0,10,33,2,45,0,23,43,2,68,22,0,22,90
08/29/2023,PAH,KY,ASO,ES,Federal Contract Tower,0,8,8,2,18,0,8,39,4,51,0,16,47,6,69,30,2,32,101
08/30/2023,PAH,KY,ASO,ES,Federal Contract Tower,0,10,8,12,30,0,8,64,4,76,0,18,72,16,106,36,0,36,142
08/31/2023,PAH,KY,ASO,ES,Federal Contract Tower,0,8,7,0,15,0,0,36,0,36,0,8,43,0,51,24,0,24,75
