01/01/2020,PAO,CA,AWP,WE,Towers with Radar,0,1,5,0,6,0,1,33,0,34,0,2,38,0,40,110,0,110,150
01/02/2020,PAO,CA,AWP,WE,Towers with Radar,0,0,7,0,7,0,0,141,0,141,0,0,148,0,148,228,0,228,376
01/03/2020,PAO,CA,AWP,WE,Towers with Radar,0,1,10,0,11,0,4,167,0,171,0,5,177,0,182,246,0,246,428
01/04/2020,PAO,CA,AWP,WE,Towers with Radar,0,1,18,0,19,0,2,97,0,99,0,3,115,0,118,259,0,259,377
01/05/2020,PAO,CA,AWP,WE,Towers with Radar,0,0,6,0,6,0,2,194,0,196,0,2,200,0,202,211,0,211,413
01/06/2020,PAO,CA,AWP,WE,Towers with Radar,0,0,1,0,1,0,2,150,1,153,0,2,151,1,154,163,0,163,317
01/07/2020,PAO,CA,AWP,WE,Towers with Radar,0,0,5,1,6,0,1,128,0,129,0,1,133,1,135,309,0,309,444
01/08/2020,PAO,CA,AWP,WE,Towers with Radar,0,3,16,0,19,0,2,107,0,109,0,5,123,0,128,382,0,382,510
01/09/2020,PAO,CA,AWP,WE,Towers with Radar,0,0,26,0,26,0,0,42,0,42,0,0,68,0,68,266,2,268,336
01/10/2020,PAO,CA,AWP,WE,Towers with Radar,0,0,7,0,7,0,3,203,0,206,0,3,210,0,213,207,0,207,420
01/11/2020,PAO,CA,AWP,WE,Towers with Radar,0,0,14,0,14,0,0,123,0,123,0,0,137,0,137,301,0,301,438
01/12/2020,PAO,CA,AWP,WE,Towers with Radar,0,0,11,0,11,0,1,159,0,160,0,1,170,0,171,267,0,267,438
01/13/2020,PAO,CA,AWP,WE,Towers with Radar,0,1,12,0,13,0,0,93,0,93,0,1,105,0,106,344,0,344,450
01/14/2020,PAO,CA,AWP,WE,Towers with Radar,0,0,9,0,9,0,2,139,0,141,0,2,148,0,150,317,0,317,467
01/15/2020,PAO,CA,AWP,WE,Towers with Radar,0,0,2,0,2,0,8,147,0,155,0,8,149,0,157,279,0,279,436
01/16/2020,PAO,CA,AWP,WE,Towers with Radar,0,0,5,0,5,0,0,13,0,13,0,0,18,0,18,127,0,127,145
01/17/2020,PAO,CA,AWP,WE,Towers with Radar,0,3,12,0,15,0,2,162,3,167,0,5,174,3,182,255,0,255,437
01/18/2020,PAO,CA,AWP,WE,Towers with Radar,0,0,5,0,5,0,0,194,0,194,0,0,199,0,199,181,0,181,380
01/19/2020,PAO,CA,AWP,WE,Towers with Radar,0,0,3,0,3,0,0,144,0,144,0,0,147,0,147,201,0,201,348
01/20/2020,PAO,CA,AWP,WE,Towers with Radar,0,2,15,0,17,0,2,212,0,214,0,4,227,0,231,298,0,298,529
01/21/2020,PAO,CA,AWP,WE,Towers with Radar,0,0,13,0,13,0,0,81,0,81,0,0,94,0,94,290,0,290,384
01/22/2020,PAO,CA,AWP,WE,Towers with Radar,0,0,26,0,26,0,0,94,0,94,0,0,120,0,120,153,0,153,273
01/23/2020,PAO,CA,AWP,WE,Towers with Radar,0,1,5,0,6,0,3,167,0,170,0,4,172,0,176,351,0,351,527
01/24/2020,PAO,CA,AWP,WE,Towers with Radar,0,1,15,0,16,0,1,181,0,182,0,2,196,0,198,206,0,206,404
01/25/2020,PAO,CA,AWP,WE,Towers with Radar,0,0,22,0,22,0,2,110,0,112,0,2,132,0,134,211,0,211,345
01/26/2020,PAO,CA,AWP,WE,Towers with Radar,0,1,18,0,19,0,4,95,0,99,0,5,113,0,118,235,0,235,353
01/27/2020,PAO,CA,AWP,WE,Towers with Radar,0,0,27,0,27,0,4,71,1,76,0,4,98,1,103,290,0,290,393
01/28/2020,PAO,CA,AWP,WE,Towers with Radar,0,1,33,0,34,0,1,62,0,63,0,2,95,0,97,341,0,341,438
01/29/2020,PAO,CA,AWP,WE,Towers with Radar,0,0,8,0,8,0,1,188,0,189,0,1,196,0,197,297,0,297,494
01/30/2020,PAO,CA,AWP,WE,Towers with Radar,0,1,39,0,40,0,2,91,0,93,0,3,130,0,133,211,0,211,344
01/31/2020,PAO,CA,AWP,WE,Towers with Radar,0,0,7,0,7,0,0,160,0,160,0,0,167,0,167,275,0,275,442
02/01/2020,PAO,CA,AWP,WE,Towers with Radar,0,0,5,0,5,0,0,204,0,204,0,0,209,0,209,361,0,361,570
02/02/2020,PAO,CA,AWP,WE,Towers with Radar,1,0,4,0,5,0,2,56,0,58,1,2,60,0,63,178,0,178,241
02/03/2020,PAO,CA,AWP,WE,Towers with Radar,0,0,6,0,6,0,0,107,0,107,0,0,113,0,113,157,0,157,270
02/04/2020,PAO,CA,AWP,WE,Towers with Radar,0,0,3,0,3,0,2,163,0,165,0,2,166,0,168,308,0,308,476
02/05/2020,PAO,CA,AWP,WE,Towers with Radar,0,2,7,0,9,0,1,166,1,168,0,3,173,1,177,267,0,267,444
02/06/2020,PAO,CA,AWP,WE,Towers with Radar,0,0,4,0,4,0,2,200,0,202,0,2,204,0,206,309,0,309,515
02/07/2020,PAO,CA,AWP,WE,Towers with Radar,0,1,15,0,16,0,2,151,0,153,0,3,166,0,169,139,0,139,308
02/08/2020,PAO,CA,AWP,WE,Towers with Radar,0,0,12,0,12,0,0,186,0,186,0,0,198,0,198,199,0,199,397
02/09/2020,PAO,CA,AWP,WE,Towers with Radar,0,0,0,0,0,0,0,26,0,26,0,0,26,0,26,7,0,7,33
02/10/2020,PAO,CA,AWP,WE,Towers with Radar,0,0,5,0,5,0,2,124,0,126,0,2,129,0,131,345,0,345,476
02/11/2020,PAO,CA,AWP,WE,Towers with Radar,0,0,5,0,5,0,0,181,0,181,0,0,186,0,186,297,0,297,483
02/12/2020,PAO,CA,AWP,WE,Towers with Radar,0,0,4,0,4,0,1,214,0,215,0,1,218,0,219,440,0,440,659
02/13/2020,PAO,CA,AWP,WE,Towers with Radar,0,0,22,0,22,0,0,142,0,142,0,0,164,0,164,520,0,520,684
02/14/2020,PAO,CA,AWP,WE,Towers with Radar,0,0,26,0,26,0,1,164,0,165,0,1,190,0,191,256,0,256,447
02/15/2020,PAO,CA,AWP,WE,Towers with Radar,0,0,14,0,14,0,0,196,0,196,0,0,210,0,210,246,2,248,458
02/16/2020,PAO,CA,AWP,WE,Towers with Radar,0,0,7,0,7,0,4,180,0,184,0,4,187,0,191,158,0,158,349
02/17/2020,PAO,CA,AWP,WE,Towers with Radar,0,0,10,0,10,0,2,158,0,160,0,2,168,0,170,205,0,205,375
02/18/2020,PAO,CA,AWP,WE,Towers with Radar,0,0,5,0,5,0,1,197,0,198,0,1,202,0,203,343,0,343,546
02/19/2020,PAO,CA,AWP,WE,Towers with Radar,0,1,8,0,9,0,4,173,0,177,0,5,181,0,186,246,0,246,432
02/20/2020,PAO,CA,AWP,WE,Towers with Radar,0,1,6,0,7,0,3,187,0,190,0,4,193,0,197,275,0,275,472
02/21/2020,PAO,CA,AWP,WE,Towers with Radar,0,1,7,0,8,0,0,146,0,146,0,1,153,0,154,264,0,264,418
02/22/2020,PAO,CA,AWP,WE,Towers with Radar,0,0,15,0,15,0,0,195,0,195,0,0,210,0,210,360,0,360,570
02/23/2020,PAO,CA,AWP,WE,Towers with Radar,0,0,26,0,26,0,2,122,1,125,0,2,148,1,151,309,0,309,460
02/24/2020,PAO,CA,AWP,WE,Towers with Radar,0,0,9,0,9,0,1,148,0,149,0,1,157,0,158,253,0,253,411
02/25/2020,PAO,CA,AWP,WE,Towers with Radar,0,0,7,0,7,0,7,171,0,178,0,7,178,0,185,353,0,353,538
02/26/2020,PAO,CA,AWP,WE,Towers with Radar,0,0,2,0,2,0,2,194,2,198,0,2,196,2,200,340,18,358,558
02/27/2020,PAO,CA,AWP,WE,Towers with Radar,0,1,14,0,15,0,0,183,0,183,0,1,197,0,198,213,0,213,411
02/28/2020,PAO,CA,AWP,WE,Towers with Radar,0,0,7,0,7,0,3,176,0,179,0,3,183,0,186,404,0,404,590
02/29/2020,PAO,CA,AWP,WE,Towers with Radar,0,0,13,0,13,0,2,138,0,140,0,2,151,0,153,232,0,232,385
03/01/2020,PAO,CA,AWP,WE,Towers with Radar,0,1,14,0,15,0,2,154,0,156,0,3,168,0,171,193,0,193,364
03/02/2020,PAO,CA,AWP,WE,Towers with Radar,0,1,2,0,3,0,1,135,0,136,0,2,137,0,139,207,0,207,346
03/03/2020,PAO,CA,AWP,WE,Towers with Radar,0,0,6,0,6,0,3,185,0,188,0,3,191,0,194,397,0,397,591
03/04/2020,PAO,CA,AWP,WE,Towers with Radar,0,0,7,0,7,0,2,210,0,212,0,2,217,0,219,302,0,302,521
03/05/2020,PAO,CA,AWP,WE,Towers with Radar,0,0,19,0,19,0,1,110,1,112,0,1,129,1,131,223,0,223,354
03/06/2020,PAO,CA,AWP,WE,Towers with Radar,0,0,23,0,23,0,0,100,0,100,0,0,123,0,123,299,0,299,422
03/07/2020,PAO,CA,AWP,WE,Towers with Radar,0,0,7,0,7,0,0,43,0,43,0,0,50,0,50,410,0,410,460
03/08/2020,PAO,CA,AWP,WE,Towers with Radar,0,0,21,0,21,0,0,132,0,132,0,0,153,0,153,275,0,275,428
03/09/2020,PAO,CA,AWP,WE,Towers with Radar,0,1,7,0,8,0,0,111,0,111,0,1,118,0,119,300,0,300,419
03/10/2020,PAO,CA,AWP,WE,Towers with Radar,0,0,3,0,3,0,0,125,0,125,0,0,128,0,128,285,0,285,413
03/11/2020,PAO,CA,AWP,WE,Towers with Radar,0,1,7,0,8,0,3,175,2,180,0,4,182,2,188,328,0,328,516
03/12/2020,PAO,CA,AWP,WE,Towers with Radar,0,0,9,0,9,0,1,119,0,120,0,1,128,0,129,351,0,351,480
03/13/2020,PAO,CA,AWP,WE,Towers with Radar,0,0,22,0,22,0,2,117,0,119,0,2,139,0,141,229,0,229,370
03/14/2020,PAO,CA,AWP,WE,Towers with Radar,0,0,10,0,10,0,1,13,0,14,0,1,23,0,24,164,0,164,188
03/15/2020,PAO,CA,AWP,WE,Towers with Radar,0,0,7,0,7,0,1,32,0,33,0,1,39,0,40,175,0,175,215
03/16/2020,PAO,CA,AWP,WE,Towers with Radar,0,2,6,0,8,0,2,46,0,48,0,4,52,0,56,172,0,172,228
03/17/2020,PAO,CA,AWP,WE,Towers with Radar,0,0,5,0,5,0,0,19,0,19,0,0,24,0,24,65,0,65,89
03/18/2020,PAO,CA,AWP,WE,Towers with Radar,0,0,3,0,3,0,0,6,0,6,0,0,9,0,9,9,0,9,18
03/19/2020,PAO,CA,AWP,WE,Towers with Radar,0,0,4,0,4,0,3,25,2,30,0,3,29,2,34,2,3,5,39
03/20/2020,PAO,CA,AWP,WE,Towers with Radar,0,0,5,0,5,0,0,34,0,34,0,0,39,0,39,48,0,48,87
03/21/2020,PAO,CA,AWP,WE,Towers with Radar,0,0,1,0,1,0,0,26,0,26,0,0,27,0,27,6,0,6,33
03/22/2020,PAO,CA,AWP,WE,Towers with Radar,0,0,3,0,3,0,0,13,0,13,0,0,16,0,16,6,0,6,22
03/23/2020,PAO,CA,AWP,WE,Towers with Radar,0,0,7,0,7,0,0,7,0,7,0,0,14,0,14,81,0,81,95
03/24/2020,PAO,CA,AWP,WE,Towers with Radar,0,0,3,0,3,0,1,12,0,13,0,1,15,0,16,26,0,26,42
03/25/2020,PAO,CA,AWP,WE,Towers with Radar,0,0,1,0,1,0,0,13,2,15,0,0,14,2,16,21,0,21,37
03/26/2020,PAO,CA,AWP,WE,Towers with Radar,0,0,0,0,0,0,0,45,0,45,0,0,45,0,45,131,0,131,176
03/27/2020,PAO,CA,AWP,WE,Towers with Radar,0,0,1,0,1,0,0,63,0,63,0,0,64,0,64,134,0,134,198
03/28/2020,PAO,CA,AWP,WE,Towers with Radar,0,0,0,0,0,0,0,6,0,6,0,0,6,0,6,52,0,52,58
03/29/2020,PAO,CA,AWP,WE,Towers with Radar,0,0,4,0,4,0,0,14,0,14,0,0,18,0,18,80,0,80,98
03/30/2020,PAO,CA,AWP,WE,Towers with Radar,0,0,1,0,1,0,0,46,0,46,0,0,47,0,47,33,0,33,80
03/31/2020,PAO,CA,AWP,WE,Towers with Radar,0,0,4,0,4,0,1,48,0,49,0,1,52,0,53,117,0,117,170
04/01/2020,PAO,CA,AWP,WE,Towers with Radar,0,0,3,0,3,0,0,51,0,51,0,0,54,0,54,32,1,33,87
04/02/2020,PAO,CA,AWP,WE,Towers with Radar,0,0,3,0,3,0,2,82,0,84,0,2,85,0,87,102,0,102,189
04/03/2020,PAO,CA,AWP,WE,Towers with Radar,0,0,2,0,2,0,4,79,0,83,0,4,81,0,85,50,0,50,135
04/04/2020,PAO,CA,AWP,WE,Towers with Radar,0,2,11,0,13,0,1,8,0,9,0,3,19,0,22,6,0,6,28
04/05/2020,PAO,CA,AWP,WE,Towers with Radar,0,0,5,0,5,0,0,1,0,1,0,0,6,0,6,0,0,0,6
04/06/2020,PAO,CA,AWP,WE,Towers with Radar,0,0,4,0,4,0,0,4,0,4,0,0,8,0,8,0,0,0,8
04/07/2020,PAO,CA,AWP,WE,Towers with Radar,0,0,6,0,6,0,0,68,0,68,0,0,74,0,74,103,0,103,177
04/08/2020,PAO,CA,AWP,WE,Towers with Radar,0,0,8,0,8,0,4,23,0,27,0,4,31,0,35,23,0,23,58
04/09/2020,PAO,CA,AWP,WE,Towers with Radar,0,0,3,0,3,0,0,19,0,19,0,0,22,0,22,90,0,90,112
04/10/2020,PAO,CA,AWP,WE,Towers with Radar,0,0,10,0,10,0,0,30,0,30,0,0,40,0,40,156,0,156,196
04/11/2020,PAO,CA,AWP,WE,Towers with Radar,0,0,14,0,14,0,5,19,0,24,0,5,33,0,38,114,0,114,152
04/12/2020,PAO,CA,AWP,WE,Towers with Radar,0,0,16,0,16,0,2,37,0,39,0,2,53,0,55,163,0,163,218
04/13/2020,PAO,CA,AWP,WE,Towers with Radar,0,0,6,0,6,0,0,62,0,62,0,0,68,0,68,123,0,123,191
04/14/2020,PAO,CA,AWP,WE,Towers with Radar,0,0,6,0,6,0,1,78,0,79,0,1,84,0,85,136,0,136,221
04/15/2020,PAO,CA,AWP,WE,Towers with Radar,0,0,4,0,4,0,3,81,0,84,0,3,85,0,88,114,0,114,202
04/16/2020,PAO,CA,AWP,WE,Towers with Radar,0,0,7,0,7,0,0,24,0,24,0,0,31,0,31,74,0,74,105
04/17/2020,PAO,CA,AWP,WE,Towers with Radar,0,0,13,0,13,0,0,24,0,24,0,0,37,0,37,80,1,81,118
04/18/2020,PAO,CA,AWP,WE,Towers with Radar,0,0,15,0,15,0,0,72,0,72,0,0,87,0,87,202,0,202,289
04/19/2020,PAO,CA,AWP,WE,Towers with Radar,0,0,10,0,10,0,0,54,1,55,0,0,64,1,65,135,0,135,200
04/20/2020,PAO,CA,AWP,WE,Towers with Radar,0,0,3,0,3,0,0,28,0,28,0,0,31,0,31,33,0,33,64
04/21/2020,PAO,CA,AWP,WE,Towers with Radar,0,0,5,0,5,0,0,31,0,31,0,0,36,0,36,60,0,60,96
04/22/2020,PAO,CA,AWP,WE,Towers with Radar,0,0,1,0,1,0,1,61,0,62,0,1,62,0,63,84,0,84,147
04/23/2020,PAO,CA,AWP,WE,Towers with Radar,0,0,4,0,4,0,0,41,0,41,0,0,45,0,45,53,0,53,98
04/24/2020,PAO,CA,AWP,WE,Towers with Radar,0,0,3,0,3,0,0,67,0,67,0,0,70,0,70,99,0,99,169
04/25/2020,PAO,CA,AWP,WE,Towers with Radar,0,0,3,0,3,0,0,80,0,80,0,0,83,0,83,104,0,104,187
04/26/2020,PAO,CA,AWP,WE,Towers with Radar,0,0,8,0,8,0,0,103,0,103,0,0,111,0,111,115,0,115,226
04/27/2020,PAO,CA,AWP,WE,Towers with Radar,0,0,3,0,3,0,0,48,0,48,0,0,51,0,51,73,0,73,124
04/28/2020,PAO,CA,AWP,WE,Towers with Radar,0,0,3,0,3,0,2,52,0,54,0,2,55,0,57,90,0,90,147
04/29/2020,PAO,CA,AWP,WE,Towers with Radar,0,0,4,0,4,0,2,26,0,28,0,2,30,0,32,42,0,42,74
04/30/2020,PAO,CA,AWP,WE,Towers with Radar,0,0,3,0,3,0,0,29,0,29,0,0,32,0,32,57,0,57,89
05/01/2020,PAO,CA,AWP,WE,Towers with Radar,0,0,3,0,3,0,0,74,0,74,0,0,77,0,77,101,0,101,178
05/02/2020,PAO,CA,AWP,WE,Towers with Radar,0,1,5,0,6,0,2,38,0,40,0,3,43,0,46,54,0,54,100
05/03/2020,PAO,CA,AWP,WE,Towers with Radar,0,0,10,0,10,0,0,91,0,91,0,0,101,0,101,57,0,57,158
05/04/2020,PAO,CA,AWP,WE,Towers with Radar,0,0,1,0,1,0,3,30,0,33,0,3,31,0,34,53,0,53,87
05/05/2020,PAO,CA,AWP,WE,Towers with Radar,0,0,1,0,1,0,0,35,0,35,0,0,36,0,36,80,0,80,116
05/06/2020,PAO,CA,AWP,WE,Towers with Radar,0,0,3,0,3,0,0,35,0,35,0,0,38,0,38,60,0,60,98
05/07/2020,PAO,CA,AWP,WE,Towers with Radar,0,0,1,0,1,0,0,48,0,48,0,0,49,0,49,30,0,30,79
05/08/2020,PAO,CA,AWP,WE,Towers with Radar,0,0,4,0,4,0,0,50,0,50,0,0,54,0,54,44,0,44,98
05/09/2020,PAO,CA,AWP,WE,Towers with Radar,0,0,10,0,10,0,1,79,0,80,0,1,89,0,90,72,0,72,162
05/10/2020,PAO,CA,AWP,WE,Towers with Radar,0,0,1,0,1,0,0,47,0,47,0,0,48,0,48,106,0,106,154
05/11/2020,PAO,CA,AWP,WE,Towers with Radar,0,0,1,0,1,0,0,18,0,18,0,0,19,0,19,39,0,39,58
05/12/2020,PAO,CA,AWP,WE,Towers with Radar,0,0,4,0,4,0,0,6,0,6,0,0,10,0,10,16,0,16,26
05/13/2020,PAO,CA,AWP,WE,Towers with Radar,0,0,2,0,2,0,0,24,0,24,0,0,26,0,26,104,0,104,130
05/14/2020,PAO,CA,AWP,WE,Towers with Radar,0,0,6,0,6,0,0,32,0,32,0,0,38,0,38,87,0,87,125
05/15/2020,PAO,CA,AWP,WE,Towers with Radar,0,0,8,0,8,0,0,70,0,70,0,0,78,0,78,112,0,112,190
05/16/2020,PAO,CA,AWP,WE,Towers with Radar,0,0,2,0,2,0,0,106,0,106,0,0,108,0,108,116,0,116,224
05/17/2020,PAO,CA,AWP,WE,Towers with Radar,0,0,12,0,12,0,1,14,0,15,0,1,26,0,27,8,0,8,35
05/18/2020,PAO,CA,AWP,WE,Towers with Radar,0,0,3,0,3,0,0,10,0,10,0,0,13,0,13,14,0,14,27
05/19/2020,PAO,CA,AWP,WE,Towers with Radar,0,0,4,0,4,0,0,32,0,32,0,0,36,0,36,73,0,73,109
05/20/2020,PAO,CA,AWP,WE,Towers with Radar,0,0,9,0,9,0,0,46,0,46,0,0,55,0,55,65,0,65,120
05/21/2020,PAO,CA,AWP,WE,Towers with Radar,0,0,1,0,1,0,1,68,0,69,0,1,69,0,70,47,0,47,117
05/22/2020,PAO,CA,AWP,WE,Towers with Radar,0,0,3,0,3,0,0,85,0,85,0,0,88,0,88,143,0,143,231
05/23/2020,PAO,CA,AWP,WE,Towers with Radar,0,0,2,0,2,0,1,112,0,113,0,1,114,0,115,130,0,130,245
05/24/2020,PAO,CA,AWP,WE,Towers with Radar,0,0,2,0,2,0,0,91,0,91,0,0,93,0,93,115,0,115,208
05/25/2020,PAO,CA,AWP,WE,Towers with Radar,0,0,3,0,3,0,0,110,0,110,0,0,113,0,113,100,0,100,213
05/26/2020,PAO,CA,AWP,WE,Towers with Radar,0,0,4,0,4,0,0,58,0,58,0,0,62,0,62,62,0,62,124
05/27/2020,PAO,CA,AWP,WE,Towers with Radar,0,0,5,0,5,0,0,68,0,68,0,0,73,0,73,97,0,97,170
05/28/2020,PAO,CA,AWP,WE,Towers with Radar,0,0,6,0,6,0,0,48,0,48,0,0,54,0,54,132,0,132,186
05/29/2020,PAO,CA,AWP,WE,Towers with Radar,0,0,16,0,16,0,0,42,0,42,0,0,58,0,58,137,0,137,195
05/30/2020,PAO,CA,AWP,WE,Towers with Radar,0,0,5,0,5,0,0,22,0,22,0,0,27,0,27,135,0,135,162
05/31/2020,PAO,CA,AWP,WE,Towers with Radar,0,1,18,0,19,0,0,48,0,48,0,1,66,0,67,148,0,148,215
06/01/2020,PAO,CA,AWP,WE,Towers with Radar,0,0,4,0,4,0,0,63,0,63,0,0,67,0,67,118,0,118,185
06/02/2020,PAO,CA,AWP,WE,Towers with Radar,0,0,0,0,0,0,0,76,0,76,0,0,76,0,76,113,0,113,189
06/03/2020,PAO,CA,AWP,WE,Towers with Radar,0,0,4,0,4,0,0,65,0,65,0,0,69,0,69,156,0,156,225
06/04/2020,PAO,CA,AWP,WE,Towers with Radar,0,0,1,0,1,0,1,57,0,58,0,1,58,0,59,140,0,140,199
06/05/2020,PAO,CA,AWP,WE,Towers with Radar,0,0,13,0,13,0,0,61,0,61,0,0,74,0,74,157,0,157,231
06/06/2020,PAO,CA,AWP,WE,Towers with Radar,0,0,11,0,11,0,0,59,0,59,0,0,70,0,70,120,0,120,190
06/07/2020,PAO,CA,AWP,WE,Towers with Radar,0,0,2,0,2,0,1,87,0,88,0,1,89,0,90,105,0,105,195
06/08/2020,PAO,CA,AWP,WE,Towers with Radar,0,0,2,0,2,0,0,78,0,78,0,0,80,0,80,73,0,73,153
06/09/2020,PAO,CA,AWP,WE,Towers with Radar,0,0,5,0,5,0,3,75,0,78,0,3,80,0,83,120,0,120,203
06/10/2020,PAO,CA,AWP,WE,Towers with Radar,0,0,4,0,4,0,2,104,0,106,0,2,108,0,110,196,0,196,306
06/11/2020,PAO,CA,AWP,WE,Towers with Radar,0,0,4,0,4,0,1,92,0,93,0,1,96,0,97,187,0,187,284
06/12/2020,PAO,CA,AWP,WE,Towers with Radar,0,0,8,0,8,0,1,65,0,66,0,1,73,0,74,163,0,163,237
06/13/2020,PAO,CA,AWP,WE,Towers with Radar,0,0,12,0,12,0,2,90,0,92,0,2,102,0,104,152,0,152,256
06/14/2020,PAO,CA,AWP,WE,Towers with Radar,0,0,14,0,14,0,0,82,0,82,0,0,96,0,96,198,0,198,294
06/15/2020,PAO,CA,AWP,WE,Towers with Radar,0,0,1,0,1,0,0,71,0,71,0,0,72,0,72,63,0,63,135
06/16/2020,PAO,CA,AWP,WE,Towers with Radar,0,0,4,0,4,0,0,75,0,75,0,0,79,0,79,148,0,148,227
06/17/2020,PAO,CA,AWP,WE,Towers with Radar,0,0,1,0,1,0,1,115,0,116,0,1,116,0,117,130,0,130,247
06/18/2020,PAO,CA,AWP,WE,Towers with Radar,0,1,3,0,4,0,0,76,0,76,0,1,79,0,80,185,0,185,265
06/19/2020,PAO,CA,AWP,WE,Towers with Radar,0,0,4,0,4,0,2,125,0,127,0,2,129,0,131,199,0,199,330
06/20/2020,PAO,CA,AWP,WE,Towers with Radar,0,0,9,0,9,0,0,94,0,94,0,0,103,0,103,251,0,251,354
06/21/2020,PAO,CA,AWP,WE,Towers with Radar,0,0,9,0,9,0,0,100,0,100,0,0,109,0,109,111,0,111,220
06/22/2020,PAO,CA,AWP,WE,Towers with Radar,0,0,11,0,11,0,1,78,0,79,0,1,89,0,90,166,0,166,256
06/23/2020,PAO,CA,AWP,WE,Towers with Radar,0,0,3,0,3,0,0,71,0,71,0,0,74,0,74,94,0,94,168
06/24/2020,PAO,CA,AWP,WE,Towers with Radar,0,1,3,0,4,0,2,103,0,105,0,3,106,0,109,153,0,153,262
06/25/2020,PAO,CA,AWP,WE,Towers with Radar,0,1,10,0,11,0,0,81,0,81,0,1,91,0,92,162,0,162,254
06/26/2020,PAO,CA,AWP,WE,Towers with Radar,0,1,14,0,15,0,3,102,0,105,0,4,116,0,120,221,0,221,341
06/27/2020,PAO,CA,AWP,WE,Towers with Radar,0,1,14,0,15,0,1,111,0,112,0,2,125,0,127,227,0,227,354
06/28/2020,PAO,CA,AWP,WE,Towers with Radar,0,0,5,0,5,0,1,74,0,75,0,1,79,0,80,100,0,100,180
06/29/2020,PAO,CA,AWP,WE,Towers with Radar,0,0,2,0,2,0,0,54,0,54,0,0,56,0,56,190,0,190,246
06/30/2020,PAO,CA,AWP,WE,Towers with Radar,0,0,6,0,6,0,1,108,0,109,0,1,114,0,115,212,0,212,327
07/01/2020,PAO,CA,AWP,WE,Towers with Radar,0,0,4,0,4,0,0,104,0,104,0,0,108,0,108,215,0,215,323
07/02/2020,PAO,CA,AWP,WE,Towers with Radar,0,0,6,0,6,0,1,95,0,96,0,1,101,0,102,222,0,222,324
07/03/2020,PAO,CA,AWP,WE,Towers with Radar,0,1,10,0,11,0,3,124,0,127,0,4,134,0,138,243,0,243,381
07/04/2020,PAO,CA,AWP,WE,Towers with Radar,0,0,3,0,3,0,0,81,0,81,0,0,84,0,84,150,0,150,234
07/05/2020,PAO,CA,AWP,WE,Towers with Radar,0,1,1,0,2,0,0,85,0,85,0,1,86,0,87,74,0,74,161
07/06/2020,PAO,CA,AWP,WE,Towers with Radar,0,0,2,0,2,0,1,69,0,70,0,1,71,0,72,218,0,218,290
07/07/2020,PAO,CA,AWP,WE,Towers with Radar,0,0,3,0,3,0,0,93,0,93,0,0,96,0,96,225,0,225,321
07/08/2020,PAO,CA,AWP,WE,Towers with Radar,0,0,1,0,1,0,0,90,0,90,0,0,91,0,91,224,0,224,315
07/09/2020,PAO,CA,AWP,WE,Towers with Radar,0,1,6,0,7,0,2,106,0,108,0,3,112,0,115,240,0,240,355
07/10/2020,PAO,CA,AWP,WE,Towers with Radar,0,0,10,0,10,0,2,80,0,82,0,2,90,0,92,150,0,150,242
07/11/2020,PAO,CA,AWP,WE,Towers with Radar,0,0,5,0,5,0,2,113,0,115,0,2,118,0,120,195,0,195,315
07/12/2020,PAO,CA,AWP,WE,Towers with Radar,0,0,4,0,4,0,0,129,0,129,0,0,133,0,133,132,0,132,265
07/13/2020,PAO,CA,AWP,WE,Towers with Radar,0,0,5,0,5,0,0,65,1,66,0,0,70,1,71,160,0,160,231
07/14/2020,PAO,CA,AWP,WE,Towers with Radar,0,0,4,0,4,0,0,95,0,95,0,0,99,0,99,200,0,200,299
07/15/2020,PAO,CA,AWP,WE,Towers with Radar,0,0,8,0,8,0,0,94,0,94,0,0,102,0,102,172,0,172,274
07/16/2020,PAO,CA,AWP,WE,Towers with Radar,0,0,5,0,5,0,1,83,0,84,0,1,88,0,89,242,0,242,331
07/17/2020,PAO,CA,AWP,WE,Towers with Radar,0,2,6,0,8,0,0,84,0,84,0,2,90,0,92,225,0,225,317
07/18/2020,PAO,CA,AWP,WE,Towers with Radar,0,0,12,0,12,0,1,111,0,112,0,1,123,0,124,222,0,222,346
07/19/2020,PAO,CA,AWP,WE,Towers with Radar,0,0,22,0,22,0,4,137,0,141,0,4,159,0,163,244,0,244,407
07/20/2020,PAO,CA,AWP,WE,Towers with Radar,0,0,13,0,13,0,1,97,0,98,0,1,110,0,111,298,0,298,409
07/21/2020,PAO,CA,AWP,WE,Towers with Radar,0,1,13,0,14,0,0,119,2,121,0,1,132,2,135,244,2,246,381
07/22/2020,PAO,CA,AWP,WE,Towers with Radar,0,0,12,0,12,0,0,95,2,97,0,0,107,2,109,317,0,317,426
07/23/2020,PAO,CA,AWP,WE,Towers with Radar,0,0,13,0,13,0,0,128,0,128,0,0,141,0,141,256,0,256,397
07/24/2020,PAO,CA,AWP,WE,Towers with Radar,0,3,8,0,11,0,3,127,0,130,0,6,135,0,141,216,0,216,357
07/25/2020,PAO,CA,AWP,WE,Towers with Radar,0,0,17,0,17,0,0,137,0,137,0,0,154,0,154,218,0,218,372
07/26/2020,PAO,CA,AWP,WE,Towers with Radar,0,0,11,0,11,0,1,140,1,142,0,1,151,1,153,204,0,204,357
07/27/2020,PAO,CA,AWP,WE,Towers with Radar,0,1,14,0,15,0,2,93,0,95,0,3,107,0,110,228,0,228,338
07/28/2020,PAO,CA,AWP,WE,Towers with Radar,0,0,13,0,13,0,2,111,0,113,0,2,124,0,126,323,0,323,449
07/29/2020,PAO,CA,AWP,WE,Towers with Radar,0,0,12,0,12,0,0,95,0,95,0,0,107,0,107,387,0,387,494
07/30/2020,PAO,CA,AWP,WE,Towers with Radar,0,0,10,0,10,0,1,107,0,108,0,1,117,0,118,274,0,274,392
07/31/2020,PAO,CA,AWP,WE,Towers with Radar,0,0,16,0,16,0,0,125,1,126,0,0,141,1,142,185,0,185,327
08/01/2020,PAO,CA,AWP,WE,Towers with Radar,0,0,9,0,9,0,4,136,0,140,0,4,145,0,149,235,0,235,384
08/02/2020,PAO,CA,AWP,WE,Towers with Radar,0,1,12,0,13,0,0,142,0,142,0,1,154,0,155,144,0,144,299
08/03/2020,PAO,CA,AWP,WE,Towers with Radar,0,0,5,0,5,0,3,144,0,147,0,3,149,0,152,180,0,180,332
08/04/2020,PAO,CA,AWP,WE,Towers with Radar,0,0,9,0,9,0,3,112,0,115,0,3,121,0,124,323,0,323,447
08/05/2020,PAO,CA,AWP,WE,Towers with Radar,0,4,39,0,43,0,0,38,0,38,0,4,77,0,81,280,0,280,361
08/06/2020,PAO,CA,AWP,WE,Towers with Radar,0,1,12,0,13,0,4,101,0,105,0,5,113,0,118,263,0,263,381
08/07/2020,PAO,CA,AWP,WE,Towers with Radar,0,0,14,0,14,0,0,162,0,162,0,0,176,0,176,283,0,283,459
08/08/2020,PAO,CA,AWP,WE,Towers with Radar,0,1,9,0,10,0,0,132,0,132,0,1,141,0,142,234,0,234,376
08/09/2020,PAO,CA,AWP,WE,Towers with Radar,0,0,13,0,13,0,1,148,0,149,0,1,161,0,162,279,0,279,441
08/10/2020,PAO,CA,AWP,WE,Towers with Radar,0,0,9,0,9,0,2,127,1,130,0,2,136,1,139,206,0,206,345
08/11/2020,PAO,CA,AWP,WE,Towers with Radar,0,0,10,0,10,0,1,101,0,102,0,1,111,0,112,254,0,254,366
08/12/2020,PAO,CA,AWP,WE,Towers with Radar,0,0,17,0,17,0,1,128,0,129,0,1,145,0,146,284,0,284,430
08/13/2020,PAO,CA,AWP,WE,Towers with Radar,0,0,8,0,8,0,4,137,0,141,0,4,145,0,149,252,0,252,401
08/14/2020,PAO,CA,AWP,WE,Towers with Radar,0,0,9,0,9,0,0,94,0,94,0,0,103,0,103,177,0,177,280
08/15/2020,PAO,CA,AWP,WE,Towers with Radar,0,1,5,0,6,0,0,160,0,160,0,1,165,0,166,152,0,152,318
08/16/2020,PAO,CA,AWP,WE,Towers with Radar,0,0,6,0,6,0,1,46,1,48,0,1,52,1,54,114,0,114,168
08/17/2020,PAO,CA,AWP,WE,Towers with Radar,0,0,8,0,8,0,1,75,0,76,0,1,83,0,84,170,0,170,254
08/18/2020,PAO,CA,AWP,WE,Towers with Radar,0,0,7,0,7,0,2,105,0,107,0,2,112,0,114,221,0,221,335
08/19/2020,PAO,CA,AWP,WE,Towers with Radar,0,0,17,0,17,0,2,13,0,15,0,2,30,0,32,80,0,80,112
08/20/2020,PAO,CA,AWP,WE,Towers with Radar,0,0,19,0,19,0,1,69,0,70,0,1,88,0,89,317,0,317,406
08/21/2020,PAO,CA,AWP,WE,Towers with Radar,0,0,13,0,13,0,1,49,0,50,0,1,62,0,63,277,0,277,340
08/22/2020,PAO,CA,AWP,WE,Towers with Radar,0,0,14,0,14,0,2,40,0,42,0,2,54,0,56,304,0,304,360
08/23/2020,PAO,CA,AWP,WE,Towers with Radar,0,2,22,0,24,0,0,3,0,3,0,2,25,0,27,202,0,202,229
08/24/2020,PAO,CA,AWP,WE,Towers with Radar,0,1,37,0,38,0,0,11,0,11,0,1,48,0,49,50,0,50,99
08/25/2020,PAO,CA,AWP,WE,Towers with Radar,0,2,17,0,19,0,0,10,0,10,0,2,27,0,29,29,0,29,58
08/26/2020,PAO,CA,AWP,WE,Towers with Radar,0,3,18,0,21,0,3,67,0,70,0,6,85,0,91,253,0,253,344
08/27/2020,PAO,CA,AWP,WE,Towers with Radar,0,0,8,0,8,0,2,102,0,104,0,2,110,0,112,373,0,373,485
08/28/2020,PAO,CA,AWP,WE,Towers with Radar,0,4,37,0,41,0,3,28,0,31,0,7,65,0,72,100,0,100,172
08/29/2020,PAO,CA,AWP,WE,Towers with Radar,0,3,26,0,29,0,0,41,0,41,0,3,67,0,70,238,0,238,308
08/30/2020,PAO,CA,AWP,WE,Towers with Radar,0,0,25,0,25,0,0,68,0,68,0,0,93,0,93,309,0,309,402
08/31/2020,PAO,CA,AWP,WE,Towers with Radar,0,2,15,0,17,0,0,49,0,49,0,2,64,0,66,186,0,186,252
09/01/2020,PAO,CA,AWP,WE,Towers with Radar,0,0,21,0,21,0,0,41,0,41,0,0,62,0,62,370,0,370,432
09/02/2020,PAO,CA,AWP,WE,Towers with Radar,0,0,18,0,18,0,2,77,0,79,0,2,95,0,97,360,0,360,457
09/03/2020,PAO,CA,AWP,WE,Towers with Radar,0,0,19,0,19,0,1,80,0,81,0,1,99,0,100,260,0,260,360
09/04/2020,PAO,CA,AWP,WE,Towers with Radar,0,0,30,0,30,0,1,130,0,131,0,1,160,0,161,256,0,256,417
09/05/2020,PAO,CA,AWP,WE,Towers with Radar,0,0,9,0,9,0,0,113,0,113,0,0,122,0,122,181,0,181,303
09/06/2020,PAO,CA,AWP,WE,Towers with Radar,0,0,11,0,11,0,0,51,0,51,0,0,62,0,62,220,0,220,282
09/07/2020,PAO,CA,AWP,WE,Towers with Radar,0,0,16,0,16,0,0,100,0,100,0,0,116,0,116,124,0,124,240
09/08/2020,PAO,CA,AWP,WE,Towers with Radar,0,4,23,0,27,0,0,36,0,36,0,4,59,0,63,322,0,322,385
09/09/2020,PAO,CA,AWP,WE,Towers with Radar,0,3,14,0,17,0,0,8,0,8,0,3,22,0,25,240,0,240,265
09/10/2020,PAO,CA,AWP,WE,Towers with Radar,0,3,21,0,24,0,0,2,0,2,0,3,23,0,26,188,0,188,214
09/11/2020,PAO,CA,AWP,WE,Towers with Radar,0,0,6,0,6,0,0,0,0,0,0,0,6,0,6,0,0,0,6
09/12/2020,PAO,CA,AWP,WE,Towers with Radar,0,0,7,0,7,0,0,1,0,1,0,0,8,0,8,0,0,0,8
09/13/2020,PAO,CA,AWP,WE,Towers with Radar,0,0,31,0,31,0,0,1,0,1,0,0,32,0,32,0,0,0,32
09/14/2020,PAO,CA,AWP,WE,Towers with Radar,0,4,24,0,28,0,0,2,0,2,0,4,26,0,30,0,0,0,30
09/15/2020,PAO,CA,AWP,WE,Towers with Radar,0,5,13,0,18,0,0,61,0,61,0,5,74,0,79,326,0,326,405
09/16/2020,PAO,CA,AWP,WE,Towers with Radar,0,1,24,0,25,0,1,89,0,90,0,2,113,0,115,258,0,258,373
09/17/2020,PAO,CA,AWP,WE,Towers with Radar,0,4,10,0,14,0,1,123,0,124,0,5,133,0,138,186,0,186,324
09/18/2020,PAO,CA,AWP,WE,Towers with Radar,0,3,21,0,24,0,1,141,0,142,0,4,162,0,166,251,0,251,417
09/19/2020,PAO,CA,AWP,WE,Towers with Radar,0,0,8,0,8,0,5,196,0,201,0,5,204,0,209,228,0,228,437
09/20/2020,PAO,CA,AWP,WE,Towers with Radar,0,1,14,0,15,0,2,160,0,162,0,3,174,0,177,240,0,240,417
09/21/2020,PAO,CA,AWP,WE,Towers with Radar,0,6,4,0,10,0,0,95,0,95,0,6,99,0,105,144,0,144,249
09/22/2020,PAO,CA,AWP,WE,Towers with Radar,0,0,7,0,7,0,0,135,0,135,0,0,142,0,142,324,0,324,466
09/23/2020,PAO,CA,AWP,WE,Towers with Radar,0,4,14,0,18,0,2,150,0,152,0,6,164,0,170,230,0,230,400
09/24/2020,PAO,CA,AWP,WE,Towers with Radar,0,4,9,0,13,0,3,141,0,144,0,7,150,0,157,209,0,209,366
09/25/2020,PAO,CA,AWP,WE,Towers with Radar,0,3,7,0,10,0,3,175,0,178,0,6,182,0,188,211,0,211,399
09/26/2020,PAO,CA,AWP,WE,Towers with Radar,0,0,11,0,11,0,0,164,0,164,0,0,175,0,175,254,0,254,429
09/27/2020,PAO,CA,AWP,WE,Towers with Radar,0,0,8,0,8,0,6,144,0,150,0,6,152,0,158,122,0,122,280
09/28/2020,PAO,CA,AWP,WE,Towers with Radar,0,0,1,0,1,0,2,66,0,68,0,2,67,0,69,174,0,174,243
09/29/2020,PAO,CA,AWP,WE,Towers with Radar,0,2,8,0,10,0,0,91,0,91,0,2,99,0,101,302,0,302,403
09/30/2020,PAO,CA,AWP,WE,Towers with Radar,0,2,20,0,22,0,0,66,0,66,0,2,86,0,88,200,0,200,288
10/01/2020,PAO,CA,AWP,WE,Towers with Radar,0,3,15,0,18,0,4,33,0,37,0,7,48,0,55,216,0,216,271
10/02/2020,PAO,CA,AWP,WE,Towers with Radar,0,5,30,0,35,0,0,14,0,14,0,5,44,0,49,68,0,68,117
10/03/2020,PAO,CA,AWP,WE,Towers with Radar,0,1,14,0,15,0,0,48,0,48,0,1,62,0,63,225,0,225,288
10/04/2020,PAO,CA,AWP,WE,Towers with Radar,0,0,8,0,8,0,0,170,0,170,0,0,178,0,178,190,0,190,368
10/05/2020,PAO,CA,AWP,WE,Towers with Radar,0,0,13,0,13,0,2,89,0,91,0,2,102,0,104,160,0,160,264
10/06/2020,PAO,CA,AWP,WE,Towers with Radar,0,4,4,0,8,0,0,99,0,99,0,4,103,0,107,248,0,248,355
10/07/2020,PAO,CA,AWP,WE,Towers with Radar,0,4,16,0,20,0,0,69,0,69,0,4,85,0,89,214,0,214,303
10/08/2020,PAO,CA,AWP,WE,Towers with Radar,0,5,13,0,18,0,1,64,0,65,0,6,77,0,83,292,0,292,375
10/09/2020,PAO,CA,AWP,WE,Towers with Radar,0,3,18,0,21,0,0,93,0,93,0,3,111,0,114,322,0,322,436
10/10/2020,PAO,CA,AWP,WE,Towers with Radar,0,0,11,0,11,0,1,143,0,144,0,1,154,0,155,326,0,326,481
10/11/2020,PAO,CA,AWP,WE,Towers with Radar,0,0,3,0,3,0,0,210,0,210,0,0,213,0,213,178,0,178,391
10/12/2020,PAO,CA,AWP,WE,Towers with Radar,0,2,4,0,6,0,1,164,0,165,0,3,168,0,171,210,0,210,381
10/13/2020,PAO,CA,AWP,WE,Towers with Radar,0,4,5,0,9,0,4,142,0,146,0,8,147,0,155,238,0,238,393
10/14/2020,PAO,CA,AWP,WE,Towers with Radar,0,4,2,0,6,0,3,147,0,150,0,7,149,0,156,212,0,212,368
10/15/2020,PAO,CA,AWP,WE,Towers with Radar,0,4,3,0,7,0,2,123,0,125,0,6,126,0,132,390,0,390,522
10/16/2020,PAO,CA,AWP,WE,Towers with Radar,0,3,8,0,11,0,1,187,0,188,0,4,195,0,199,220,0,220,419
10/17/2020,PAO,CA,AWP,WE,Towers with Radar,0,0,8,0,8,0,4,178,0,182,0,4,186,0,190,112,0,112,302
10/18/2020,PAO,CA,AWP,WE,Towers with Radar,0,0,11,0,11,0,2,192,0,194,0,2,203,0,205,172,0,172,377
10/19/2020,PAO,CA,AWP,WE,Towers with Radar,0,4,6,0,10,0,0,109,0,109,0,4,115,0,119,132,0,132,251
10/20/2020,PAO,CA,AWP,WE,Towers with Radar,0,4,5,0,9,0,3,145,0,148,0,7,150,0,157,260,0,260,417
10/21/2020,PAO,CA,AWP,WE,Towers with Radar,0,4,9,0,13,0,0,114,0,114,0,4,123,0,127,244,0,244,371
10/22/2020,PAO,CA,AWP,WE,Towers with Radar,0,5,9,0,14,0,1,168,0,169,0,6,177,0,183,275,0,275,458
10/23/2020,PAO,CA,AWP,WE,Towers with Radar,0,3,12,0,15,0,2,130,0,132,0,5,142,0,147,317,0,317,464
10/24/2020,PAO,CA,AWP,WE,Towers with Radar,0,0,14,0,14,0,0,125,1,126,0,0,139,1,140,270,0,270,410
10/25/2020,PAO,CA,AWP,WE,Towers with Radar,0,0,16,0,16,0,0,112,0,112,0,0,128,0,128,248,0,248,376
10/26/2020,PAO,CA,AWP,WE,Towers with Radar,0,3,3,0,6,0,4,77,0,81,0,7,80,0,87,226,0,226,313
10/27/2020,PAO,CA,AWP,WE,Towers with Radar,0,4,6,0,10,0,5,131,0,136,0,9,137,0,146,371,0,371,517
10/28/2020,PAO,CA,AWP,WE,Towers with Radar,0,4,8,0,12,0,4,145,2,151,0,8,153,2,163,203,0,203,366
10/29/2020,PAO,CA,AWP,WE,Towers with Radar,0,4,9,0,13,0,0,145,0,145,0,4,154,0,158,280,0,280,438
10/30/2020,PAO,CA,AWP,WE,Towers with Radar,0,5,4,0,9,0,2,161,0,163,0,7,165,0,172,207,0,207,379
10/31/2020,PAO,CA,AWP,WE,Towers with Radar,0,0,11,0,11,0,1,182,0,183,0,1,193,0,194,166,0,166,360
11/01/2020,PAO,CA,AWP,WE,Towers with Radar,0,0,8,0,8,0,1,155,0,156,0,1,163,0,164,228,0,228,392
11/02/2020,PAO,CA,AWP,WE,Towers with Radar,0,3,7,0,10,0,2,111,0,113,0,5,118,0,123,246,0,246,369
11/03/2020,PAO,CA,AWP,WE,Towers with Radar,0,9,10,0,19,0,1,141,0,142,0,10,151,0,161,322,0,322,483
11/04/2020,PAO,CA,AWP,WE,Towers with Radar,0,3,11,0,14,0,1,154,1,156,0,4,165,1,170,242,0,242,412
11/05/2020,PAO,CA,AWP,WE,Towers with Radar,0,2,7,0,9,0,0,125,1,126,0,2,132,1,135,182,0,182,317
11/06/2020,PAO,CA,AWP,WE,Towers with Radar,0,1,8,0,9,0,0,47,0,47,0,1,55,0,56,170,0,170,226
11/07/2020,PAO,CA,AWP,WE,Towers with Radar,0,0,11,0,11,0,1,155,0,156,0,1,166,0,167,270,0,270,437
11/08/2020,PAO,CA,AWP,WE,Towers with Radar,0,0,5,0,5,0,0,39,0,39,0,0,44,0,44,106,0,106,150
11/09/2020,PAO,CA,AWP,WE,Towers with Radar,0,2,5,0,7,0,0,113,0,113,0,2,118,0,120,328,0,328,448
11/10/2020,PAO,CA,AWP,WE,Towers with Radar,0,1,2,0,3,0,0,131,3,134,0,1,133,3,137,320,0,320,457
11/11/2020,PAO,CA,AWP,WE,Towers with Radar,0,0,17,0,17,0,3,126,0,129,0,3,143,0,146,226,0,226,372
11/12/2020,PAO,CA,AWP,WE,Towers with Radar,0,0,6,0,6,0,0,182,0,182,0,0,188,0,188,296,0,296,484
11/13/2020,PAO,CA,AWP,WE,Towers with Radar,0,0,20,0,20,0,1,60,0,61,0,1,80,0,81,286,0,286,367
11/14/2020,PAO,CA,AWP,WE,Towers with Radar,0,0,22,0,22,0,1,80,0,81,0,1,102,0,103,214,0,214,317
11/15/2020,PAO,CA,AWP,WE,Towers with Radar,0,0,12,0,12,0,0,303,1,304,0,0,315,1,316,310,0,310,626
11/16/2020,PAO,CA,AWP,WE,Towers with Radar,0,0,13,0,13,0,0,135,1,136,0,0,148,1,149,224,0,224,373
11/17/2020,PAO,CA,AWP,WE,Towers with Radar,0,0,11,0,11,0,0,7,0,7,0,0,18,0,18,32,0,32,50
11/18/2020,PAO,CA,AWP,WE,Towers with Radar,0,1,16,0,17,0,0,32,0,32,0,1,48,0,49,286,0,286,335
11/19/2020,PAO,CA,AWP,WE,Towers with Radar,0,0,13,0,13,0,1,118,0,119,0,1,131,0,132,384,0,384,516
11/20/2020,PAO,CA,AWP,WE,Towers with Radar,0,0,3,0,3,0,1,173,0,174,0,1,176,0,177,422,0,422,599
11/21/2020,PAO,CA,AWP,WE,Towers with Radar,0,0,5,0,5,0,0,208,0,208,0,0,213,0,213,194,0,194,407
11/22/2020,PAO,CA,AWP,WE,Towers with Radar,0,0,16,0,16,0,2,172,0,174,0,2,188,0,190,288,0,288,478
11/23/2020,PAO,CA,AWP,WE,Towers with Radar,0,0,18,0,18,0,3,99,0,102,0,3,117,0,120,204,0,204,324
11/24/2020,PAO,CA,AWP,WE,Towers with Radar,0,0,2,0,2,0,0,160,0,160,0,0,162,0,162,295,0,295,457
11/25/2020,PAO,CA,AWP,WE,Towers with Radar,0,0,17,0,17,0,3,111,0,114,0,3,128,0,131,304,0,304,435
11/26/2020,PAO,CA,AWP,WE,Towers with Radar,0,0,1,0,1,0,0,67,0,67,0,0,68,0,68,92,0,92,160
11/27/2020,PAO,CA,AWP,WE,Towers with Radar,0,0,13,0,13,0,5,128,0,133,0,5,141,0,146,248,0,248,394
11/28/2020,PAO,CA,AWP,WE,Towers with Radar,0,0,9,0,9,0,1,126,0,127,0,1,135,0,136,163,0,163,299
11/29/2020,PAO,CA,AWP,WE,Towers with Radar,0,0,12,0,12,0,2,185,1,188,0,2,197,1,200,168,0,168,368
11/30/2020,PAO,CA,AWP,WE,Towers with Radar,0,0,1,0,1,0,0,88,0,88,0,0,89,0,89,210,0,210,299
12/01/2020,PAO,CA,AWP,WE,Towers with Radar,0,0,12,0,12,0,1,113,0,114,0,1,125,0,126,222,0,222,348
12/02/2020,PAO,CA,AWP,WE,Towers with Radar,0,1,7,0,8,0,2,145,0,147,0,3,152,0,155,246,0,246,401
12/03/2020,PAO,CA,AWP,WE,Towers with Radar,0,1,7,0,8,0,5,133,0,138,0,6,140,0,146,244,0,244,390
12/04/2020,PAO,CA,AWP,WE,Towers with Radar,0,0,4,0,4,0,2,147,0,149,0,2,151,0,153,294,0,294,447
12/05/2020,PAO,CA,AWP,WE,Towers with Radar,0,0,7,0,7,0,2,179,1,182,0,2,186,1,189,286,0,286,475
12/06/2020,PAO,CA,AWP,WE,Towers with Radar,0,0,10,0,10,0,3,117,0,120,0,3,127,0,130,213,0,213,343
12/07/2020,PAO,CA,AWP,WE,Towers with Radar,0,0,3,0,3,0,2,100,0,102,0,2,103,0,105,175,0,175,280
12/08/2020,PAO,CA,AWP,WE,Towers with Radar,0,0,5,0,5,0,2,138,0,140,0,2,143,0,145,318,0,318,463
12/09/2020,PAO,CA,AWP,WE,Towers with Radar,0,0,4,0,4,0,0,103,0,103,0,0,107,0,107,330,0,330,437
12/10/2020,PAO,CA,AWP,WE,Towers with Radar,0,0,1,0,1,0,1,142,1,144,0,1,143,1,145,334,0,334,479
12/11/2020,PAO,CA,AWP,WE,Towers with Radar,0,1,10,0,11,0,0,118,0,118,0,1,128,0,129,326,0,326,455
12/12/2020,PAO,CA,AWP,WE,Towers with Radar,0,2,24,0,26,0,2,26,0,28,0,4,50,0,54,323,0,323,377
12/13/2020,PAO,CA,AWP,WE,Towers with Radar,0,0,16,0,16,0,0,8,0,8,0,0,24,0,24,138,0,138,162
12/14/2020,PAO,CA,AWP,WE,Towers with Radar,0,1,6,0,7,0,0,124,0,124,0,1,130,0,131,232,0,232,363
12/15/2020,PAO,CA,AWP,WE,Towers with Radar,0,0,5,0,5,0,1,151,0,152,0,1,156,0,157,212,0,212,369
12/16/2020,PAO,CA,AWP,WE,Towers with Radar,0,0,4,0,4,0,0,92,0,92,0,0,96,0,96,224,0,224,320
12/17/2020,PAO,CA,AWP,WE,Towers with Radar,0,0,13,0,13,0,0,42,0,42,0,0,55,0,55,296,0,296,351
12/18/2020,PAO,CA,AWP,WE,Towers with Radar,0,0,7,0,7,0,4,195,0,199,0,4,202,0,206,254,0,254,460
12/19/2020,PAO,CA,AWP,WE,Towers with Radar,0,0,13,0,13,0,0,182,0,182,0,0,195,0,195,258,0,258,453
12/20/2020,PAO,CA,AWP,WE,Towers with Radar,0,0,6,0,6,0,1,169,0,170,0,1,175,0,176,229,0,229,405
12/21/2020,PAO,CA,AWP,WE,Towers with Radar,0,0,7,0,7,0,1,112,0,113,0,1,119,0,120,288,0,288,408
12/22/2020,PAO,CA,AWP,WE,Towers with Radar,0,0,13,0,13,0,2,131,0,133,0,2,144,0,146,233,0,233,379
12/23/2020,PAO,CA,AWP,WE,Towers with Radar,0,0,10,0,10,0,0,155,3,158,0,0,165,3,168,272,0,272,440
12/24/2020,PAO,CA,AWP,WE,Towers with Radar,0,0,7,0,7,0,0,80,0,80,0,0,87,0,87,224,0,224,311
12/25/2020,PAO,CA,AWP,WE,Towers with Radar,0,0,2,0,2,0,0,10,0,10,0,0,12,0,12,22,0,22,34
12/26/2020,PAO,CA,AWP,WE,Towers with Radar,0,0,7,0,7,0,0,64,0,64,0,0,71,0,71,176,0,176,247
12/27/2020,PAO,CA,AWP,WE,Towers with Radar,0,0,6,0,6,0,2,113,0,115,0,2,119,0,121,176,0,176,297
12/28/2020,PAO,CA,AWP,WE,Towers with Radar,0,0,7,0,7,0,2,74,0,76,0,2,81,0,83,308,0,308,391
12/29/2020,PAO,CA,AWP,WE,Towers with Radar,0,0,12,0,12,0,1,221,2,224,0,1,233,2,236,258,0,258,494
12/30/2020,PAO,CA,AWP,WE,Towers with Radar,0,0,3,0,3,0,0,130,0,130,0,0,133,0,133,234,0,234,367
12/31/2020,PAO,CA,AWP,WE,Towers with Radar,0,0,11,0,11,0,0,113,0,113,0,0,124,0,124,324,0,324,448
01/01/2021,PAO,CA,AWP,WE,Towers with Radar,0,0,2,0,2,0,0,94,0,94,0,0,96,0,96,116,0,116,212
01/02/2021,PAO,CA,AWP,WE,Towers with Radar,0,0,25,0,25,0,0,8,0,8,0,0,33,0,33,278,0,278,311
01/03/2021,PAO,CA,AWP,WE,Towers with Radar,0,4,18,0,22,0,0,11,0,11,0,4,29,0,33,44,0,44,77
01/04/2021,PAO,CA,AWP,WE,Towers with Radar,0,0,5,0,5,0,0,12,0,12,0,0,17,0,17,50,0,50,67
01/05/2021,PAO,CA,AWP,WE,Towers with Radar,0,2,8,0,10,0,3,144,0,147,0,5,152,0,157,240,0,240,397
01/06/2021,PAO,CA,AWP,WE,Towers with Radar,0,0,7,0,7,0,2,70,0,72,0,2,77,0,79,240,0,240,319
01/07/2021,PAO,CA,AWP,WE,Towers with Radar,0,1,12,0,13,0,2,87,0,89,0,3,99,0,102,238,0,238,340
01/08/2021,PAO,CA,AWP,WE,Towers with Radar,0,0,12,0,12,0,1,136,0,137,0,1,148,0,149,318,0,318,467
01/09/2021,PAO,CA,AWP,WE,Towers with Radar,0,0,6,0,6,0,0,206,0,206,0,0,212,0,212,206,0,206,418
01/10/2021,PAO,CA,AWP,WE,Towers with Radar,0,0,19,0,19,0,1,144,0,145,0,1,163,0,164,312,0,312,476
01/11/2021,PAO,CA,AWP,WE,Towers with Radar,0,0,9,0,9,0,2,114,0,116,0,2,123,0,125,108,0,108,233
01/12/2021,PAO,CA,AWP,WE,Towers with Radar,0,0,3,0,3,0,0,97,0,97,0,0,100,0,100,200,0,200,300
01/13/2021,PAO,CA,AWP,WE,Towers with Radar,0,0,7,0,7,0,0,127,0,127,0,0,134,0,134,158,0,158,292
01/14/2021,PAO,CA,AWP,WE,Towers with Radar,0,0,12,0,12,0,6,165,1,172,0,6,177,1,184,278,0,278,462
01/15/2021,PAO,CA,AWP,WE,Towers with Radar,0,0,10,0,10,0,3,186,0,189,0,3,196,0,199,268,0,268,467
01/16/2021,PAO,CA,AWP,WE,Towers with Radar,0,0,5,0,5,0,0,199,0,199,0,0,204,0,204,301,0,301,505
01/17/2021,PAO,CA,AWP,WE,Towers with Radar,0,0,13,0,13,0,0,212,0,212,0,0,225,0,225,256,0,256,481
01/18/2021,PAO,CA,AWP,WE,Towers with Radar,0,0,4,0,4,0,0,85,0,85,0,0,89,0,89,198,0,198,287
01/19/2021,PAO,CA,AWP,WE,Towers with Radar,0,0,4,0,4,0,0,14,0,14,0,0,18,0,18,36,0,36,54
01/20/2021,PAO,CA,AWP,WE,Towers with Radar,0,0,6,0,6,0,1,193,1,195,0,1,199,1,201,222,0,222,423
01/21/2021,PAO,CA,AWP,WE,Towers with Radar,0,1,8,0,9,0,2,152,0,154,0,3,160,0,163,252,0,252,415
01/22/2021,PAO,CA,AWP,WE,Towers with Radar,0,0,10,0,10,0,2,13,0,15,0,2,23,0,25,140,0,140,165
01/23/2021,PAO,CA,AWP,WE,Towers with Radar,0,1,27,0,28,0,0,166,0,166,0,1,193,0,194,434,0,434,628
01/24/2021,PAO,CA,AWP,WE,Towers with Radar,0,2,9,0,11,0,0,17,0,17,0,2,26,0,28,248,0,248,276
01/25/2021,PAO,CA,AWP,WE,Towers with Radar,0,0,7,0,7,0,1,30,0,31,0,1,37,0,38,56,0,56,94
01/26/2021,PAO,CA,AWP,WE,Towers with Radar,0,0,7,0,7,0,3,63,0,66,0,3,70,0,73,226,0,226,299
01/27/2021,PAO,CA,AWP,WE,Towers with Radar,0,2,2,0,4,0,0,3,0,3,0,2,5,0,7,66,0,66,73
01/28/2021,PAO,CA,AWP,WE,Towers with Radar,0,0,6,0,6,0,0,2,0,2,0,0,8,0,8,56,0,56,64
01/29/2021,PAO,CA,AWP,WE,Towers with Radar,0,0,10,0,10,0,0,122,0,122,0,0,132,0,132,390,0,390,522
01/30/2021,PAO,CA,AWP,WE,Towers with Radar,0,0,5,0,5,0,0,188,1,189,0,0,193,1,194,276,0,276,470
01/31/2021,PAO,CA,AWP,WE,Towers with Radar,0,0,11,0,11,0,0,167,0,167,0,0,178,0,178,132,0,132,310
02/01/2021,PAO,CA,AWP,WE,Towers with Radar,0,0,3,0,3,0,0,68,0,68,0,0,71,0,71,191,0,191,262
02/02/2021,PAO,CA,AWP,WE,Towers with Radar,0,1,13,0,14,0,0,36,0,36,0,1,49,0,50,200,0,200,250
02/03/2021,PAO,CA,AWP,WE,Towers with Radar,0,0,16,0,16,0,0,94,0,94,0,0,110,0,110,352,0,352,462
02/04/2021,PAO,CA,AWP,WE,Towers with Radar,0,0,6,0,6,0,0,142,0,142,0,0,148,0,148,214,0,214,362
02/05/2021,PAO,CA,AWP,WE,Towers with Radar,0,0,5,0,5,0,2,219,0,221,0,2,224,0,226,272,0,272,498
02/06/2021,PAO,CA,AWP,WE,Towers with Radar,0,0,9,0,9,0,2,248,0,250,0,2,257,0,259,250,0,250,509
02/07/2021,PAO,CA,AWP,WE,Towers with Radar,0,0,8,0,8,0,0,218,0,218,0,0,226,0,226,238,0,238,464
02/08/2021,PAO,CA,AWP,WE,Towers with Radar,0,0,11,0,11,0,0,102,1,103,0,0,113,1,114,250,0,250,364
02/09/2021,PAO,CA,AWP,WE,Towers with Radar,0,0,6,0,6,0,0,92,0,92,0,0,98,0,98,378,0,378,476
02/10/2021,PAO,CA,AWP,WE,Towers with Radar,0,0,6,0,6,0,0,145,0,145,0,0,151,0,151,310,0,310,461
02/11/2021,PAO,CA,AWP,WE,Towers with Radar,0,0,14,0,14,0,0,93,0,93,0,0,107,0,107,228,0,228,335
02/12/2021,PAO,CA,AWP,WE,Towers with Radar,0,1,15,0,16,0,2,112,0,114,0,3,127,0,130,318,0,318,448
02/13/2021,PAO,CA,AWP,WE,Towers with Radar,0,1,8,0,9,0,0,70,0,70,0,1,78,0,79,208,0,208,287
02/14/2021,PAO,CA,AWP,WE,Towers with Radar,0,0,14,0,14,0,0,107,0,107,0,0,121,0,121,228,0,228,349
02/15/2021,PAO,CA,AWP,WE,Towers with Radar,0,1,22,0,23,0,0,15,0,15,0,1,37,0,38,160,0,160,198
02/16/2021,PAO,CA,AWP,WE,Towers with Radar,0,0,3,0,3,0,0,102,0,102,0,0,105,0,105,216,0,216,321
02/17/2021,PAO,CA,AWP,WE,Towers with Radar,0,0,11,0,11,0,2,140,0,142,0,2,151,0,153,289,0,289,442
02/18/2021,PAO,CA,AWP,WE,Towers with Radar,0,1,2,0,3,0,0,135,0,135,0,1,137,0,138,316,0,316,454
02/19/2021,PAO,CA,AWP,WE,Towers with Radar,0,1,29,0,30,0,5,56,0,61,0,6,85,0,91,471,0,471,562
02/20/2021,PAO,CA,AWP,WE,Towers with Radar,0,0,14,0,14,0,5,103,0,108,0,5,117,0,122,332,0,332,454
02/21/2021,PAO,CA,AWP,WE,Towers with Radar,0,0,7,0,7,0,2,222,0,224,0,2,229,0,231,226,0,226,457
02/22/2021,PAO,CA,AWP,WE,Towers with Radar,0,0,5,0,5,0,2,151,0,153,0,2,156,0,158,280,0,280,438
02/23/2021,PAO,CA,AWP,WE,Towers with Radar,0,0,0,0,0,0,1,107,0,108,0,1,107,0,108,210,0,210,318
02/24/2021,PAO,CA,AWP,WE,Towers with Radar,0,0,6,0,6,0,0,110,0,110,0,0,116,0,116,292,0,292,408
02/25/2021,PAO,CA,AWP,WE,Towers with Radar,0,0,14,0,14,0,0,118,0,118,0,0,132,0,132,328,0,328,460
02/26/2021,PAO,CA,AWP,WE,Towers with Radar,0,0,5,0,5,0,0,166,0,166,0,0,171,0,171,394,0,394,565
02/27/2021,PAO,CA,AWP,WE,Towers with Radar,0,0,3,0,3,0,0,144,0,144,0,0,147,0,147,196,0,196,343
02/28/2021,PAO,CA,AWP,WE,Towers with Radar,0,0,10,0,10,0,0,240,0,240,0,0,250,0,250,275,0,275,525
03/01/2021,PAO,CA,AWP,WE,Towers with Radar,0,0,4,0,4,0,8,122,0,130,0,8,126,0,134,278,0,278,412
03/02/2021,PAO,CA,AWP,WE,Towers with Radar,0,0,5,0,5,0,3,129,0,132,0,3,134,0,137,273,0,273,410
03/03/2021,PAO,CA,AWP,WE,Towers with Radar,0,0,5,0,5,0,0,145,0,145,0,0,150,0,150,208,0,208,358
03/04/2021,PAO,CA,AWP,WE,Towers with Radar,0,0,9,0,9,0,0,155,0,155,0,0,164,0,164,390,0,390,554
03/05/2021,PAO,CA,AWP,WE,Towers with Radar,0,0,11,0,11,0,5,182,0,187,0,5,193,0,198,238,0,238,436
03/06/2021,PAO,CA,AWP,WE,Towers with Radar,0,0,7,0,7,0,1,157,0,158,0,1,164,0,165,272,0,272,437
03/07/2021,PAO,CA,AWP,WE,Towers with Radar,0,0,8,0,8,0,1,202,0,203,0,1,210,0,211,275,0,275,486
03/08/2021,PAO,CA,AWP,WE,Towers with Radar,0,0,9,0,9,0,1,92,0,93,0,1,101,0,102,190,0,190,292
03/09/2021,PAO,CA,AWP,WE,Towers with Radar,0,0,3,0,3,0,2,29,1,32,0,2,32,1,35,148,0,148,183
03/10/2021,PAO,CA,AWP,WE,Towers with Radar,0,0,10,0,10,0,0,33,0,33,0,0,43,0,43,231,0,231,274
03/11/2021,PAO,CA,AWP,WE,Towers with Radar,0,0,16,0,16,0,0,96,0,96,0,0,112,0,112,380,0,380,492
03/12/2021,PAO,CA,AWP,WE,Towers with Radar,0,0,8,0,8,0,1,244,2,247,0,1,252,2,255,350,0,350,605
03/13/2021,PAO,CA,AWP,WE,Towers with Radar,0,0,28,0,28,0,2,106,0,108,0,2,134,0,136,452,0,452,588
03/14/2021,PAO,CA,AWP,WE,Towers with Radar,0,0,17,0,17,0,0,69,0,69,0,0,86,0,86,203,0,203,289
03/15/2021,PAO,CA,AWP,WE,Towers with Radar,0,0,4,0,4,0,0,24,0,24,0,0,28,0,28,53,0,53,81
03/16/2021,PAO,CA,AWP,WE,Towers with Radar,0,0,6,0,6,0,0,174,0,174,0,0,180,0,180,329,0,329,509
03/17/2021,PAO,CA,AWP,WE,Towers with Radar,0,1,11,0,12,0,1,131,0,132,0,2,142,0,144,246,0,246,390
03/18/2021,PAO,CA,AWP,WE,Towers with Radar,0,0,17,0,17,0,0,11,0,11,0,0,28,0,28,98,0,98,126
03/19/2021,PAO,CA,AWP,WE,Towers with Radar,0,1,28,0,29,0,1,98,0,99,0,2,126,0,128,418,0,418,546
03/20/2021,PAO,CA,AWP,WE,Towers with Radar,0,0,19,0,19,0,2,151,0,153,0,2,170,0,172,242,0,242,414
03/21/2021,PAO,CA,AWP,WE,Towers with Radar,0,0,11,0,11,0,2,205,0,207,0,2,216,0,218,291,0,291,509
03/22/2021,PAO,CA,AWP,WE,Towers with Radar,0,0,2,0,2,0,3,119,0,122,0,3,121,0,124,179,0,179,303
03/23/2021,PAO,CA,AWP,WE,Towers with Radar,0,0,1,0,1,0,0,93,0,93,0,0,94,0,94,182,0,182,276
03/24/2021,PAO,CA,AWP,WE,Towers with Radar,0,0,12,0,12,0,0,198,0,198,0,0,210,0,210,352,0,352,562
03/25/2021,PAO,CA,AWP,WE,Towers with Radar,0,2,15,0,17,0,0,88,0,88,0,2,103,0,105,306,0,306,411
03/26/2021,PAO,CA,AWP,WE,Towers with Radar,0,0,8,0,8,0,6,176,0,182,0,6,184,0,190,452,0,452,642
03/27/2021,PAO,CA,AWP,WE,Towers with Radar,0,0,8,0,8,0,1,212,0,213,0,1,220,0,221,300,0,300,521
03/28/2021,PAO,CA,AWP,WE,Towers with Radar,0,0,9,0,9,0,0,196,0,196,0,0,205,0,205,292,0,292,497
03/29/2021,PAO,CA,AWP,WE,Towers with Radar,0,0,4,0,4,0,2,134,0,136,0,2,138,0,140,236,0,236,376
03/30/2021,PAO,CA,AWP,WE,Towers with Radar,0,0,11,0,11,0,0,163,0,163,0,0,174,0,174,388,0,388,562
03/31/2021,PAO,CA,AWP,WE,Towers with Radar,0,1,6,0,7,0,1,197,1,199,0,2,203,1,206,377,0,377,583
04/01/2021,PAO,CA,AWP,WE,Towers with Radar,0,0,3,0,3,0,4,171,0,175,0,4,174,0,178,328,0,328,506
04/02/2021,PAO,CA,AWP,WE,Towers with Radar,0,0,16,0,16,0,2,165,0,167,0,2,181,0,183,334,0,334,517
04/03/2021,PAO,CA,AWP,WE,Towers with Radar,0,0,18,0,18,0,4,171,0,175,0,4,189,0,193,344,0,344,537
04/04/2021,PAO,CA,AWP,WE,Towers with Radar,0,0,15,0,15,0,0,150,0,150,0,0,165,0,165,184,0,184,349
04/05/2021,PAO,CA,AWP,WE,Towers with Radar,1,0,10,0,11,0,2,83,0,85,1,2,93,0,96,213,0,213,309
04/06/2021,PAO,CA,AWP,WE,Towers with Radar,0,0,15,0,15,0,2,140,0,142,0,2,155,0,157,303,0,303,460
04/07/2021,PAO,CA,AWP,WE,Towers with Radar,0,0,11,0,11,0,1,118,0,119,0,1,129,0,130,250,0,250,380
04/08/2021,PAO,CA,AWP,WE,Towers with Radar,0,0,14,0,14,0,2,131,0,133,0,2,145,0,147,298,0,298,445
04/09/2021,PAO,CA,AWP,WE,Towers with Radar,0,0,9,0,9,0,2,157,0,159,0,2,166,0,168,324,0,324,492
04/10/2021,PAO,CA,AWP,WE,Towers with Radar,0,0,6,0,6,0,0,203,1,204,0,0,209,1,210,234,0,234,444
04/11/2021,PAO,CA,AWP,WE,Towers with Radar,0,0,7,0,7,0,0,218,1,219,0,0,225,1,226,218,0,218,444
04/12/2021,PAO,CA,AWP,WE,Towers with Radar,0,1,8,0,9,0,0,117,0,117,0,1,125,0,126,341,0,341,467
04/13/2021,PAO,CA,AWP,WE,Towers with Radar,0,0,10,0,10,0,1,113,0,114,0,1,123,0,124,331,0,331,455
04/14/2021,PAO,CA,AWP,WE,Towers with Radar,0,0,3,0,3,0,0,150,0,150,0,0,153,0,153,312,0,312,465
04/15/2021,PAO,CA,AWP,WE,Towers with Radar,0,0,6,0,6,0,8,160,0,168,0,8,166,0,174,272,0,272,446
04/16/2021,PAO,CA,AWP,WE,Towers with Radar,0,0,16,0,16,0,4,187,0,191,0,4,203,0,207,446,0,446,653
04/17/2021,PAO,CA,AWP,WE,Towers with Radar,0,0,26,0,26,0,0,184,1,185,0,0,210,1,211,328,0,328,539
04/18/2021,PAO,CA,AWP,WE,Towers with Radar,0,0,5,0,5,0,1,206,0,207,0,1,211,0,212,289,0,289,501
04/19/2021,PAO,CA,AWP,WE,Towers with Radar,0,0,16,0,16,0,0,106,0,106,0,0,122,0,122,212,0,212,334
04/20/2021,PAO,CA,AWP,WE,Towers with Radar,0,0,15,0,15,0,0,80,0,80,0,0,95,0,95,233,0,233,328
04/21/2021,PAO,CA,AWP,WE,Towers with Radar,0,2,9,0,11,0,2,152,0,154,0,4,161,0,165,375,0,375,540
04/22/2021,PAO,CA,AWP,WE,Towers with Radar,0,1,20,0,21,0,1,92,0,93,0,2,112,0,114,334,0,334,448
04/23/2021,PAO,CA,AWP,WE,Towers with Radar,0,0,18,0,18,0,2,151,0,153,0,2,169,0,171,356,0,356,527
04/24/2021,PAO,CA,AWP,WE,Towers with Radar,0,0,23,0,23,0,0,136,0,136,0,0,159,0,159,344,0,344,503
04/25/2021,PAO,CA,AWP,WE,Towers with Radar,0,0,22,0,22,0,0,36,0,36,0,0,58,0,58,222,0,222,280
04/26/2021,PAO,CA,AWP,WE,Towers with Radar,0,0,11,0,11,0,0,88,0,88,0,0,99,0,99,303,0,303,402
04/27/2021,PAO,CA,AWP,WE,Towers with Radar,0,0,5,0,5,0,0,160,0,160,0,0,165,0,165,342,0,342,507
04/28/2021,PAO,CA,AWP,WE,Towers with Radar,0,0,5,0,5,0,2,204,0,206,0,2,209,0,211,392,0,392,603
04/29/2021,PAO,CA,AWP,WE,Towers with Radar,0,0,13,0,13,0,1,146,0,147,0,1,159,0,160,334,0,334,494
04/30/2021,PAO,CA,AWP,WE,Towers with Radar,0,0,16,0,16,0,0,140,0,140,0,0,156,0,156,322,0,322,478
05/01/2021,PAO,CA,AWP,WE,Towers with Radar,0,0,8,0,8,0,1,123,0,124,0,1,131,0,132,300,0,300,432
05/02/2021,PAO,CA,AWP,WE,Towers with Radar,0,0,4,0,4,0,0,156,0,156,0,0,160,0,160,227,0,227,387
05/03/2021,PAO,CA,AWP,WE,Towers with Radar,0,0,6,0,6,0,3,97,0,100,0,3,103,0,106,332,0,332,438
05/04/2021,PAO,CA,AWP,WE,Towers with Radar,0,0,0,0,0,0,4,143,0,147,0,4,143,0,147,288,0,288,435
05/05/2021,PAO,CA,AWP,WE,Towers with Radar,0,0,7,0,7,0,0,164,0,164,0,0,171,0,171,362,0,362,533
05/06/2021,PAO,CA,AWP,WE,Towers with Radar,0,0,10,0,10,0,0,125,0,125,0,0,135,0,135,236,0,236,371
05/07/2021,PAO,CA,AWP,WE,Towers with Radar,0,0,17,0,17,0,2,176,0,178,0,2,193,0,195,194,0,194,389
05/08/2021,PAO,CA,AWP,WE,Towers with Radar,0,2,11,0,13,0,0,177,1,178,0,2,188,1,191,236,0,236,427
05/09/2021,PAO,CA,AWP,WE,Towers with Radar,0,1,6,0,7,0,1,159,0,160,0,2,165,0,167,251,0,251,418
05/10/2021,PAO,CA,AWP,WE,Towers with Radar,0,0,6,0,6,0,5,115,0,120,0,5,121,0,126,208,0,208,334
05/11/2021,PAO,CA,AWP,WE,Towers with Radar,0,0,5,0,5,0,0,133,0,133,0,0,138,0,138,286,0,286,424
05/12/2021,PAO,CA,AWP,WE,Towers with Radar,0,0,23,0,23,0,0,99,0,99,0,0,122,0,122,158,0,158,280
05/13/2021,PAO,CA,AWP,WE,Towers with Radar,0,0,16,0,16,0,0,144,0,144,0,0,160,0,160,193,0,193,353
05/14/2021,PAO,CA,AWP,WE,Towers with Radar,0,2,29,0,31,0,0,109,0,109,0,2,138,0,140,247,0,247,387
05/15/2021,PAO,CA,AWP,WE,Towers with Radar,0,0,28,0,28,0,0,108,0,108,0,0,136,0,136,372,0,372,508
05/16/2021,PAO,CA,AWP,WE,Towers with Radar,0,2,23,0,25,0,1,144,0,145,0,3,167,0,170,358,0,358,528
05/17/2021,PAO,CA,AWP,WE,Towers with Radar,0,0,13,0,13,0,1,85,0,86,0,1,98,0,99,208,0,208,307
05/18/2021,PAO,CA,AWP,WE,Towers with Radar,0,0,12,0,12,0,3,174,0,177,0,3,186,0,189,282,0,282,471
05/19/2021,PAO,CA,AWP,WE,Towers with Radar,0,0,5,0,5,0,0,78,0,78,0,0,83,0,83,152,0,152,235
05/20/2021,PAO,CA,AWP,WE,Towers with Radar,0,0,6,0,6,0,0,101,0,101,0,0,107,0,107,228,0,228,335
05/21/2021,PAO,CA,AWP,WE,Towers with Radar,0,1,9,0,10,0,8,182,0,190,0,9,191,0,200,368,0,368,568
05/22/2021,PAO,CA,AWP,WE,Towers with Radar,0,1,9,0,10,0,1,187,0,188,0,2,196,0,198,305,0,305,503
05/23/2021,PAO,CA,AWP,WE,Towers with Radar,0,2,13,0,15,0,2,166,0,168,0,4,179,0,183,250,0,250,433
05/24/2021,PAO,CA,AWP,WE,Towers with Radar,0,1,14,0,15,0,0,138,0,138,0,1,152,0,153,224,0,224,377
05/25/2021,PAO,CA,AWP,WE,Towers with Radar,0,0,7,0,7,0,0,144,0,144,0,0,151,0,151,290,0,290,441
05/26/2021,PAO,CA,AWP,WE,Towers with Radar,0,0,7,0,7,0,0,166,0,166,0,0,173,0,173,350,0,350,523
05/27/2021,PAO,CA,AWP,WE,Towers with Radar,0,0,9,0,9,0,0,156,0,156,0,0,165,0,165,268,0,268,433
05/28/2021,PAO,CA,AWP,WE,Towers with Radar,0,0,15,0,15,0,1,157,0,158,0,1,172,0,173,363,0,363,536
05/29/2021,PAO,CA,AWP,WE,Towers with Radar,0,0,23,0,23,0,2,147,0,149,0,2,170,0,172,348,0,348,520
05/30/2021,PAO,CA,AWP,WE,Towers with Radar,0,0,8,0,8,0,1,145,0,146,0,1,153,0,154,232,0,232,386
05/31/2021,PAO,CA,AWP,WE,Towers with Radar,0,0,3,0,3,0,1,194,0,195,0,1,197,0,198,261,0,261,459
06/01/2021,PAO,CA,AWP,WE,Towers with Radar,0,0,6,0,6,0,0,151,0,151,0,0,157,0,157,296,0,296,453
06/02/2021,PAO,CA,AWP,WE,Towers with Radar,0,2,22,0,24,0,1,121,0,122,0,3,143,0,146,294,0,294,440
06/03/2021,PAO,CA,AWP,WE,Towers with Radar,0,1,15,0,16,0,0,159,0,159,0,1,174,0,175,287,0,287,462
06/04/2021,PAO,CA,AWP,WE,Towers with Radar,0,1,14,0,15,0,0,158,0,158,0,1,172,0,173,257,0,257,430
06/05/2021,PAO,CA,AWP,WE,Towers with Radar,0,0,14,0,14,0,1,176,0,177,0,1,190,0,191,352,0,352,543
06/06/2021,PAO,CA,AWP,WE,Towers with Radar,0,0,6,0,6,0,2,183,0,185,0,2,189,0,191,229,0,229,420
06/07/2021,PAO,CA,AWP,WE,Towers with Radar,0,0,10,0,10,0,3,102,0,105,0,3,112,0,115,212,0,212,327
06/08/2021,PAO,CA,AWP,WE,Towers with Radar,0,0,9,0,9,0,2,158,0,160,0,2,167,0,169,336,0,336,505
06/09/2021,PAO,CA,AWP,WE,Towers with Radar,0,0,13,0,13,0,1,102,0,103,0,1,115,0,116,272,0,272,388
06/10/2021,PAO,CA,AWP,WE,Towers with Radar,0,0,0,0,0,0,1,213,0,214,0,1,213,0,214,402,0,402,616
06/11/2021,PAO,CA,AWP,WE,Towers with Radar,0,1,4,0,5,0,4,195,0,199,0,5,199,0,204,358,0,358,562
06/12/2021,PAO,CA,AWP,WE,Towers with Radar,0,0,26,0,26,0,3,171,0,174,0,3,197,0,200,250,0,250,450
06/13/2021,PAO,CA,AWP,WE,Towers with Radar,0,0,11,0,11,0,2,128,0,130,0,2,139,0,141,272,0,272,413
06/14/2021,PAO,CA,AWP,WE,Towers with Radar,0,2,14,0,16,0,0,101,0,101,0,2,115,0,117,248,0,248,365
06/15/2021,PAO,CA,AWP,WE,Towers with Radar,0,0,7,0,7,0,0,162,0,162,0,0,169,0,169,267,0,267,436
06/16/2021,PAO,CA,AWP,WE,Towers with Radar,0,0,5,0,5,0,0,184,0,184,0,0,189,0,189,294,0,294,483
06/17/2021,PAO,CA,AWP,WE,Towers with Radar,0,0,5,0,5,0,3,159,0,162,0,3,164,0,167,230,0,230,397
06/18/2021,PAO,CA,AWP,WE,Towers with Radar,0,0,10,0,10,0,7,182,0,189,0,7,192,0,199,336,0,336,535
06/19/2021,PAO,CA,AWP,WE,Towers with Radar,0,1,13,0,14,0,3,200,0,203,0,4,213,0,217,294,0,294,511
06/20/2021,PAO,CA,AWP,WE,Towers with Radar,0,0,19,0,19,0,0,106,0,106,0,0,125,0,125,160,0,160,285
06/21/2021,PAO,CA,AWP,WE,Towers with Radar,0,0,12,0,12,0,0,124,2,126,0,0,136,2,138,310,0,310,448
06/22/2021,PAO,CA,AWP,WE,Towers with Radar,0,2,17,0,19,0,2,153,0,155,0,4,170,0,174,332,0,332,506
06/23/2021,PAO,CA,AWP,WE,Towers with Radar,0,0,11,0,11,0,1,107,0,108,0,1,118,0,119,251,0,251,370
06/24/2021,PAO,CA,AWP,WE,Towers with Radar,0,0,15,0,15,0,4,156,0,160,0,4,171,0,175,502,0,502,677
06/25/2021,PAO,CA,AWP,WE,Towers with Radar,0,0,24,0,24,0,0,142,0,142,0,0,166,0,166,408,0,408,574
06/26/2021,PAO,CA,AWP,WE,Towers with Radar,0,2,18,0,20,0,1,190,0,191,0,3,208,0,211,228,0,228,439
06/27/2021,PAO,CA,AWP,WE,Towers with Radar,0,2,20,0,22,0,0,111,0,111,0,2,131,0,133,276,0,276,409
06/28/2021,PAO,CA,AWP,WE,Towers with Radar,0,3,16,0,19,0,6,149,0,155,0,9,165,0,174,368,0,368,542
06/29/2021,PAO,CA,AWP,WE,Towers with Radar,0,3,10,0,13,0,1,148,0,149,0,4,158,0,162,354,0,354,516
06/30/2021,PAO,CA,AWP,WE,Towers with Radar,0,0,20,0,20,0,1,127,0,128,0,1,147,0,148,426,0,426,574
07/01/2021,PAO,CA,AWP,WE,Towers with Radar,0,0,18,0,18,0,0,154,0,154,0,0,172,0,172,358,0,358,530
07/02/2021,PAO,CA,AWP,WE,Towers with Radar,0,0,27,0,27,0,2,156,0,158,0,2,183,0,185,340,0,340,525
07/03/2021,PAO,CA,AWP,WE,Towers with Radar,0,0,17,0,17,0,1,114,0,115,0,1,131,0,132,234,0,234,366
07/04/2021,PAO,CA,AWP,WE,Towers with Radar,0,0,8,0,8,0,0,75,1,76,0,0,83,1,84,167,0,167,251
07/05/2021,PAO,CA,AWP,WE,Towers with Radar,0,0,22,0,22,0,3,181,0,184,0,3,203,0,206,335,0,335,541
07/06/2021,PAO,CA,AWP,WE,Towers with Radar,0,1,13,0,14,0,3,112,0,115,0,4,125,0,129,308,0,308,437
07/07/2021,PAO,CA,AWP,WE,Towers with Radar,0,0,18,0,18,0,4,153,0,157,0,4,171,0,175,406,0,406,581
07/08/2021,PAO,CA,AWP,WE,Towers with Radar,0,0,8,0,8,0,1,144,1,146,0,1,152,1,154,376,0,376,530
07/09/2021,PAO,CA,AWP,WE,Towers with Radar,0,3,9,0,12,0,2,222,0,224,0,5,231,0,236,450,0,450,686
07/10/2021,PAO,CA,AWP,WE,Towers with Radar,0,0,5,0,5,0,2,154,0,156,0,2,159,0,161,289,0,289,450
07/11/2021,PAO,CA,AWP,WE,Towers with Radar,0,0,9,0,9,0,0,168,0,168,0,0,177,0,177,314,0,314,491
07/12/2021,PAO,CA,AWP,WE,Towers with Radar,0,0,22,0,22,0,0,123,0,123,0,0,145,0,145,254,0,254,399
07/13/2021,PAO,CA,AWP,WE,Towers with Radar,0,0,12,0,12,0,0,106,0,106,0,0,118,0,118,280,0,280,398
07/14/2021,PAO,CA,AWP,WE,Towers with Radar,0,0,8,0,8,0,1,181,1,183,0,1,189,1,191,412,0,412,603
07/15/2021,PAO,CA,AWP,WE,Towers with Radar,0,0,14,0,14,0,1,151,0,152,0,1,165,0,166,414,0,414,580
07/16/2021,PAO,CA,AWP,WE,Towers with Radar,0,1,23,0,24,0,3,169,0,172,0,4,192,0,196,361,0,361,557
07/17/2021,PAO,CA,AWP,WE,Towers with Radar,0,0,15,0,15,0,1,191,0,192,0,1,206,0,207,230,0,230,437
07/18/2021,PAO,CA,AWP,WE,Towers with Radar,0,0,14,0,14,0,2,150,0,152,0,2,164,0,166,230,0,230,396
07/19/2021,PAO,CA,AWP,WE,Towers with Radar,0,0,4,0,4,0,1,143,0,144,0,1,147,0,148,230,0,230,378
07/20/2021,PAO,CA,AWP,WE,Towers with Radar,0,0,7,0,7,0,1,149,0,150,0,1,156,0,157,340,0,340,497
07/21/2021,PAO,CA,AWP,WE,Towers with Radar,0,0,1,0,1,0,0,181,0,181,0,0,182,0,182,332,0,332,514
07/22/2021,PAO,CA,AWP,WE,Towers with Radar,0,0,9,0,9,0,0,178,0,178,0,0,187,0,187,389,0,389,576
07/23/2021,PAO,CA,AWP,WE,Towers with Radar,0,0,8,0,8,0,4,181,0,185,0,4,189,0,193,554,0,554,747
07/24/2021,PAO,CA,AWP,WE,Towers with Radar,0,0,12,0,12,0,2,159,0,161,0,2,171,0,173,268,0,268,441
07/25/2021,PAO,CA,AWP,WE,Towers with Radar,0,0,15,0,15,0,0,147,0,147,0,0,162,0,162,256,0,256,418
07/26/2021,PAO,CA,AWP,WE,Towers with Radar,0,4,15,0,19,0,2,95,0,97,0,6,110,0,116,206,0,206,322
07/27/2021,PAO,CA,AWP,WE,Towers with Radar,0,0,7,0,7,0,0,142,0,142,0,0,149,0,149,333,0,333,482
07/28/2021,PAO,CA,AWP,WE,Towers with Radar,0,0,9,0,9,0,0,146,0,146,0,0,155,0,155,232,0,232,387
07/29/2021,PAO,CA,AWP,WE,Towers with Radar,0,2,19,0,21,0,0,104,0,104,0,2,123,0,125,392,0,392,517
07/30/2021,PAO,CA,AWP,WE,Towers with Radar,0,3,16,0,19,0,0,124,0,124,0,3,140,0,143,266,0,266,409
07/31/2021,PAO,CA,AWP,WE,Towers with Radar,0,0,6,0,6,0,1,136,0,137,0,1,142,0,143,246,0,246,389
08/01/2021,PAO,CA,AWP,WE,Towers with Radar,0,0,13,0,13,0,0,148,0,148,0,0,161,0,161,242,0,242,403
08/02/2021,PAO,CA,AWP,WE,Towers with Radar,0,0,6,0,6,0,1,121,0,122,0,1,127,0,128,288,0,288,416
08/03/2021,PAO,CA,AWP,WE,Towers with Radar,0,0,5,0,5,0,3,140,0,143,0,3,145,0,148,349,0,349,497
08/04/2021,PAO,CA,AWP,WE,Towers with Radar,0,0,23,0,23,0,2,130,0,132,0,2,153,0,155,314,0,314,469
08/05/2021,PAO,CA,AWP,WE,Towers with Radar,0,0,15,0,15,0,1,115,0,116,0,1,130,0,131,348,0,348,479
08/06/2021,PAO,CA,AWP,WE,Towers with Radar,0,2,12,0,14,0,4,117,0,121,0,6,129,0,135,438,0,438,573
08/07/2021,PAO,CA,AWP,WE,Towers with Radar,0,3,17,0,20,0,1,131,0,132,0,4,148,0,152,352,0,352,504
08/08/2021,PAO,CA,AWP,WE,Towers with Radar,0,0,23,0,23,0,0,148,0,148,0,0,171,0,171,336,0,336,507
08/09/2021,PAO,CA,AWP,WE,Towers with Radar,0,0,6,0,6,0,2,123,0,125,0,2,129,0,131,358,0,358,489
08/10/2021,PAO,CA,AWP,WE,Towers with Radar,0,1,6,0,7,0,2,144,0,146,0,3,150,0,153,416,0,416,569
08/11/2021,PAO,CA,AWP,WE,Towers with Radar,0,0,14,0,14,0,1,171,0,172,0,1,185,0,186,302,0,302,488
08/12/2021,PAO,CA,AWP,WE,Towers with Radar,0,1,17,0,18,0,3,147,0,150,0,4,164,0,168,365,0,365,533
08/13/2021,PAO,CA,AWP,WE,Towers with Radar,0,0,8,0,8,0,2,182,0,184,0,2,190,0,192,346,0,346,538
08/14/2021,PAO,CA,AWP,WE,Towers with Radar,0,0,30,0,30,0,4,171,0,175,0,4,201,0,205,274,0,274,479
08/15/2021,PAO,CA,AWP,WE,Towers with Radar,0,0,29,0,29,0,2,132,0,134,0,2,161,0,163,330,0,330,493
08/16/2021,PAO,CA,AWP,WE,Towers with Radar,0,4,13,0,17,0,2,92,0,94,0,6,105,0,111,318,0,318,429
08/17/2021,PAO,CA,AWP,WE,Towers with Radar,0,2,15,0,17,0,3,100,0,103,0,5,115,0,120,374,0,374,494
08/18/2021,PAO,CA,AWP,WE,Towers with Radar,0,0,15,0,15,0,1,66,0,67,0,1,81,0,82,538,0,538,620
08/19/2021,PAO,CA,AWP,WE,Towers with Radar,0,2,13,0,15,0,0,79,0,79,0,2,92,0,94,526,0,526,620
08/20/2021,PAO,CA,AWP,WE,Towers with Radar,0,2,24,0,26,0,0,51,0,51,0,2,75,0,77,368,0,368,445
08/21/2021,PAO,CA,AWP,WE,Towers with Radar,0,0,18,0,18,0,1,132,0,133,0,1,150,0,151,344,0,344,495
08/22/2021,PAO,CA,AWP,WE,Towers with Radar,0,0,21,0,21,0,1,143,0,144,0,1,164,0,165,398,0,398,563
08/23/2021,PAO,CA,AWP,WE,Towers with Radar,0,1,15,0,16,0,0,125,0,125,0,1,140,0,141,336,0,336,477
08/24/2021,PAO,CA,AWP,WE,Towers with Radar,0,2,10,0,12,0,3,123,0,126,0,5,133,0,138,460,0,460,598
08/25/2021,PAO,CA,AWP,WE,Towers with Radar,0,0,17,0,17,0,0,129,0,129,0,0,146,0,146,420,0,420,566
08/26/2021,PAO,CA,AWP,WE,Towers with Radar,0,0,16,0,16,0,0,118,0,118,0,0,134,0,134,358,0,358,492
08/27/2021,PAO,CA,AWP,WE,Towers with Radar,0,1,11,0,12,0,0,132,0,132,0,1,143,0,144,408,0,408,552
08/28/2021,PAO,CA,AWP,WE,Towers with Radar,0,1,11,0,12,0,1,89,0,90,0,2,100,0,102,464,0,464,566
08/29/2021,PAO,CA,AWP,WE,Towers with Radar,0,0,16,0,16,0,4,125,0,129,0,4,141,0,145,376,0,376,521
08/30/2021,PAO,CA,AWP,WE,Towers with Radar,0,0,14,0,14,0,0,75,0,75,0,0,89,0,89,327,0,327,416
08/31/2021,PAO,CA,AWP,WE,Towers with Radar,0,0,6,0,6,0,0,135,0,135,0,0,141,0,141,442,0,442,583
09/01/2021,PAO,CA,AWP,WE,Towers with Radar,0,0,11,0,11,0,1,158,0,159,0,1,169,0,170,372,0,372,542
09/02/2021,PAO,CA,AWP,WE,Towers with Radar,0,3,11,0,14,0,1,86,0,87,0,4,97,0,101,490,0,490,591
09/03/2021,PAO,CA,AWP,WE,Towers with Radar,0,0,17,0,17,0,1,94,0,95,0,1,111,0,112,458,0,458,570
09/04/2021,PAO,CA,AWP,WE,Towers with Radar,0,0,29,0,29,0,1,112,0,113,0,1,141,0,142,234,0,234,376
09/05/2021,PAO,CA,AWP,WE,Towers with Radar,0,0,16,0,16,0,0,122,0,122,0,0,138,0,138,158,0,158,296
09/06/2021,PAO,CA,AWP,WE,Towers with Radar,0,0,7,0,7,0,0,150,0,150,0,0,157,0,157,309,0,309,466
09/07/2021,PAO,CA,AWP,WE,Towers with Radar,0,1,4,0,5,0,6,134,0,140,0,7,138,0,145,325,0,325,470
09/08/2021,PAO,CA,AWP,WE,Towers with Radar,0,0,11,0,11,0,0,161,0,161,0,0,172,0,172,298,0,298,470
09/09/2021,PAO,CA,AWP,WE,Towers with Radar,1,0,6,0,7,0,2,114,0,116,1,2,120,0,123,389,0,389,512
09/10/2021,PAO,CA,AWP,WE,Towers with Radar,0,1,13,0,14,0,3,146,0,149,0,4,159,0,163,356,0,356,519
09/11/2021,PAO,CA,AWP,WE,Towers with Radar,0,0,17,0,17,0,0,191,0,191,0,0,208,0,208,312,0,312,520
09/12/2021,PAO,CA,AWP,WE,Towers with Radar,0,1,8,0,9,0,0,183,0,183,0,1,191,0,192,168,0,168,360
09/13/2021,PAO,CA,AWP,WE,Towers with Radar,0,0,12,0,12,1,2,108,0,111,1,2,120,0,123,239,0,239,362
09/14/2021,PAO,CA,AWP,WE,Towers with Radar,0,4,3,0,7,0,2,174,0,176,0,6,177,0,183,312,0,312,495
09/15/2021,PAO,CA,AWP,WE,Towers with Radar,0,0,22,0,22,0,1,98,0,99,0,1,120,0,121,410,0,410,531
09/16/2021,PAO,CA,AWP,WE,Towers with Radar,0,0,12,0,12,0,1,141,1,143,0,1,153,1,155,228,0,228,383
09/17/2021,PAO,CA,AWP,WE,Towers with Radar,0,0,14,0,14,0,1,154,0,155,0,1,168,0,169,332,0,332,501
09/18/2021,PAO,CA,AWP,WE,Towers with Radar,0,0,16,0,16,0,4,135,0,139,0,4,151,0,155,340,0,340,495
09/19/2021,PAO,CA,AWP,WE,Towers with Radar,0,0,12,0,12,0,0,177,0,177,0,0,189,0,189,364,0,364,553
09/20/2021,PAO,CA,AWP,WE,Towers with Radar,0,0,5,0,5,1,1,113,0,115,1,1,118,0,120,330,0,330,450
09/21/2021,PAO,CA,AWP,WE,Towers with Radar,0,0,6,0,6,0,1,136,0,137,0,1,142,0,143,360,0,360,503
09/22/2021,PAO,CA,AWP,WE,Towers with Radar,0,0,8,0,8,0,0,186,0,186,0,0,194,0,194,420,0,420,614
09/23/2021,PAO,CA,AWP,WE,Towers with Radar,0,0,12,0,12,0,2,152,0,154,0,2,164,0,166,341,0,341,507
09/24/2021,PAO,CA,AWP,WE,Towers with Radar,0,0,14,0,14,0,2,189,0,191,0,2,203,0,205,280,0,280,485
09/25/2021,PAO,CA,AWP,WE,Towers with Radar,0,2,37,0,39,0,2,124,0,126,0,4,161,0,165,315,0,315,480
09/26/2021,PAO,CA,AWP,WE,Towers with Radar,0,0,18,0,18,0,0,170,0,170,0,0,188,0,188,310,0,310,498
09/27/2021,PAO,CA,AWP,WE,Towers with Radar,0,1,24,0,25,0,0,72,0,72,0,1,96,0,97,473,0,473,570
09/28/2021,PAO,CA,AWP,WE,Towers with Radar,0,0,5,0,5,0,1,160,0,161,0,1,165,0,166,348,0,348,514
09/29/2021,PAO,CA,AWP,WE,Towers with Radar,0,0,5,0,5,0,1,190,0,191,0,1,195,0,196,400,0,400,596
09/30/2021,PAO,CA,AWP,WE,Towers with Radar,0,0,3,0,3,0,1,152,0,153,0,1,155,0,156,230,0,230,386
10/01/2021,PAO,CA,AWP,WE,Towers with Radar,0,0,9,0,9,0,0,155,0,155,0,0,164,0,164,224,0,224,388
10/02/2021,PAO,CA,AWP,WE,Towers with Radar,0,0,9,0,9,0,3,210,0,213,0,3,219,0,222,178,0,178,400
10/03/2021,PAO,CA,AWP,WE,Towers with Radar,0,0,12,0,12,0,1,224,0,225,0,1,236,0,237,194,0,194,431
10/04/2021,PAO,CA,AWP,WE,Towers with Radar,0,0,4,0,4,0,0,123,0,123,0,0,127,0,127,264,0,264,391
10/05/2021,PAO,CA,AWP,WE,Towers with Radar,0,1,7,0,8,0,1,142,0,143,0,2,149,0,151,330,0,330,481
10/06/2021,PAO,CA,AWP,WE,Towers with Radar,0,0,16,0,16,0,0,136,0,136,0,0,152,0,152,324,0,324,476
10/07/2021,PAO,CA,AWP,WE,Towers with Radar,0,0,10,0,10,0,1,142,0,143,0,1,152,0,153,322,0,322,475
10/08/2021,PAO,CA,AWP,WE,Towers with Radar,0,0,14,0,14,0,0,137,0,137,0,0,151,0,151,226,0,226,377
10/09/2021,PAO,CA,AWP,WE,Towers with Radar,0,0,7,0,7,0,1,167,0,168,0,1,174,0,175,280,0,280,455
10/10/2021,PAO,CA,AWP,WE,Towers with Radar,0,0,9,0,9,0,1,193,0,194,0,1,202,0,203,246,0,246,449
10/11/2021,PAO,CA,AWP,WE,Towers with Radar,0,0,3,0,3,0,1,67,0,68,0,1,70,0,71,72,0,72,143
10/12/2021,PAO,CA,AWP,WE,Towers with Radar,0,0,1,0,1,0,3,115,0,118,0,3,116,0,119,252,0,252,371
10/13/2021,PAO,CA,AWP,WE,Towers with Radar,0,0,15,0,15,0,4,118,0,122,0,4,133,0,137,472,0,472,609
10/14/2021,PAO,CA,AWP,WE,Towers with Radar,0,1,5,0,6,0,2,199,0,201,0,3,204,0,207,332,0,332,539
10/15/2021,PAO,CA,AWP,WE,Towers with Radar,0,1,6,0,7,0,1,169,0,170,0,2,175,0,177,266,0,266,443
10/16/2021,PAO,CA,AWP,WE,Towers with Radar,0,0,6,0,6,1,3,225,0,229,1,3,231,0,235,212,0,212,447
10/17/2021,PAO,CA,AWP,WE,Towers with Radar,0,1,17,0,18,0,4,164,1,169,0,5,181,1,187,250,0,250,437
10/18/2021,PAO,CA,AWP,WE,Towers with Radar,0,0,12,0,12,0,1,125,0,126,0,1,137,0,138,391,0,391,529
10/19/2021,PAO,CA,AWP,WE,Towers with Radar,0,0,5,0,5,0,2,129,0,131,0,2,134,0,136,337,0,337,473
10/20/2021,PAO,CA,AWP,WE,Towers with Radar,0,0,15,0,15,0,1,37,0,38,0,1,52,0,53,452,0,452,505
10/21/2021,PAO,CA,AWP,WE,Towers with Radar,0,0,17,0,17,0,0,61,0,61,0,0,78,0,78,346,0,346,424
10/22/2021,PAO,CA,AWP,WE,Towers with Radar,0,0,27,0,27,0,0,85,0,85,0,0,112,0,112,440,0,440,552
10/23/2021,PAO,CA,AWP,WE,Towers with Radar,0,0,21,0,21,0,5,135,0,140,0,5,156,0,161,299,0,299,460
10/24/2021,PAO,CA,AWP,WE,Towers with Radar,0,0,7,0,7,0,0,0,0,0,0,0,7,0,7,0,0,0,7
10/25/2021,PAO,CA,AWP,WE,Towers with Radar,0,2,18,0,20,0,0,58,0,58,0,2,76,0,78,234,0,234,312
10/26/2021,PAO,CA,AWP,WE,Towers with Radar,0,2,6,0,8,0,1,115,0,116,0,3,121,0,124,433,0,433,557
10/27/2021,PAO,CA,AWP,WE,Towers with Radar,0,0,14,0,14,0,4,207,1,212,0,4,221,1,226,434,0,434,660
10/28/2021,PAO,CA,AWP,WE,Towers with Radar,0,1,7,0,8,0,1,235,1,237,0,2,242,1,245,358,0,358,603
10/29/2021,PAO,CA,AWP,WE,Towers with Radar,0,0,12,0,12,0,2,179,0,181,0,2,191,0,193,318,0,318,511
10/30/2021,PAO,CA,AWP,WE,Towers with Radar,0,0,34,0,34,0,1,63,0,64,0,1,97,0,98,340,0,340,438
10/31/2021,PAO,CA,AWP,WE,Towers with Radar,0,0,15,0,15,0,2,161,1,164,0,2,176,1,179,268,0,268,447
11/01/2021,PAO,CA,AWP,WE,Towers with Radar,0,0,22,0,22,0,0,13,0,13,0,0,35,0,35,204,0,204,239
11/02/2021,PAO,CA,AWP,WE,Towers with Radar,0,3,26,0,29,0,1,86,0,87,0,4,112,0,116,334,0,334,450
11/03/2021,PAO,CA,AWP,WE,Towers with Radar,0,2,6,0,8,0,0,130,0,130,0,2,136,0,138,238,0,238,376
11/04/2021,PAO,CA,AWP,WE,Towers with Radar,0,0,15,0,15,0,2,101,0,103,0,2,116,0,118,504,0,504,622
11/05/2021,PAO,CA,AWP,WE,Towers with Radar,0,0,17,0,17,0,0,159,0,159,0,0,176,0,176,427,0,427,603
11/06/2021,PAO,CA,AWP,WE,Towers with Radar,0,0,30,0,30,0,2,104,0,106,0,2,134,0,136,368,0,368,504
11/07/2021,PAO,CA,AWP,WE,Towers with Radar,0,0,11,0,11,0,1,206,0,207,0,1,217,0,218,234,0,234,452
11/08/2021,PAO,CA,AWP,WE,Towers with Radar,0,0,6,0,6,0,0,136,0,136,0,0,142,0,142,244,0,244,386
11/09/2021,PAO,CA,AWP,WE,Towers with Radar,0,1,18,0,19,0,0,29,0,29,0,1,47,0,48,308,0,308,356
11/10/2021,PAO,CA,AWP,WE,Towers with Radar,0,1,16,0,17,0,1,133,0,134,0,2,149,0,151,356,0,356,507
11/11/2021,PAO,CA,AWP,WE,Towers with Radar,0,0,3,0,3,0,0,175,0,175,0,0,178,0,178,454,0,454,632
11/12/2021,PAO,CA,AWP,WE,Towers with Radar,0,0,14,0,14,0,0,135,0,135,0,0,149,0,149,190,0,190,339
11/13/2021,PAO,CA,AWP,WE,Towers with Radar,0,0,16,0,16,0,0,194,0,194,0,0,210,0,210,212,0,212,422
11/14/2021,PAO,CA,AWP,WE,Towers with Radar,0,0,16,0,16,0,0,204,0,204,0,0,220,0,220,302,0,302,522
11/15/2021,PAO,CA,AWP,WE,Towers with Radar,0,1,11,0,12,0,2,89,0,91,0,3,100,0,103,450,0,450,553
11/16/2021,PAO,CA,AWP,WE,Towers with Radar,0,0,26,0,26,0,0,51,0,51,0,0,77,0,77,246,0,246,323
11/17/2021,PAO,CA,AWP,WE,Towers with Radar,0,1,4,0,5,0,2,195,0,197,0,3,199,0,202,408,0,408,610
11/18/2021,PAO,CA,AWP,WE,Towers with Radar,0,0,16,0,16,0,2,127,0,129,0,2,143,0,145,291,0,291,436
11/19/2021,PAO,CA,AWP,WE,Towers with Radar,0,0,44,0,44,0,1,46,0,47,0,1,90,0,91,344,0,344,435
11/20/2021,PAO,CA,AWP,WE,Towers with Radar,0,0,11,0,11,0,0,247,0,247,0,0,258,0,258,198,0,198,456
11/21/2021,PAO,CA,AWP,WE,Towers with Radar,0,0,11,0,11,0,0,196,0,196,0,0,207,0,207,242,0,242,449
11/22/2021,PAO,CA,AWP,WE,Towers with Radar,0,0,4,0,4,0,1,144,0,145,0,1,148,0,149,290,0,290,439
11/23/2021,PAO,CA,AWP,WE,Towers with Radar,0,0,14,0,14,0,3,163,0,166,0,3,177,0,180,362,0,362,542
11/24/2021,PAO,CA,AWP,WE,Towers with Radar,0,0,8,0,8,0,1,136,0,137,0,1,144,0,145,276,0,276,421
11/25/2021,PAO,CA,AWP,WE,Towers with Radar,0,0,4,0,4,0,0,80,0,80,0,0,84,0,84,150,0,150,234
11/26/2021,PAO,CA,AWP,WE,Towers with Radar,0,0,8,0,8,0,1,132,0,133,0,1,140,0,141,170,0,170,311
11/27/2021,PAO,CA,AWP,WE,Towers with Radar,0,0,5,0,5,0,2,139,0,141,0,2,144,0,146,160,0,160,306
11/28/2021,PAO,CA,AWP,WE,Towers with Radar,0,0,10,0,10,0,0,216,0,216,0,0,226,0,226,344,0,344,570
11/29/2021,PAO,CA,AWP,WE,Towers with Radar,0,0,10,0,10,0,0,128,0,128,0,0,138,0,138,328,0,328,466
11/30/2021,PAO,CA,AWP,WE,Towers with Radar,0,0,5,0,5,0,2,72,0,74,0,2,77,0,79,248,0,248,327
12/01/2021,PAO,CA,AWP,WE,Towers with Radar,0,2,5,0,7,0,0,122,0,122,0,2,127,0,129,314,0,314,443
12/02/2021,PAO,CA,AWP,WE,Towers with Radar,0,0,9,0,9,0,1,136,0,137,0,1,145,0,146,373,0,373,519
12/03/2021,PAO,CA,AWP,WE,Towers with Radar,0,0,48,0,48,0,0,6,0,6,0,0,54,0,54,0,0,0,54
12/04/2021,PAO,CA,AWP,WE,Towers with Radar,0,0,27,0,27,0,0,109,0,109,0,0,136,0,136,370,0,370,506
12/05/2021,PAO,CA,AWP,WE,Towers with Radar,0,0,23,0,23,0,0,133,1,134,0,0,156,1,157,194,0,194,351
12/06/2021,PAO,CA,AWP,WE,Towers with Radar,0,0,13,0,13,0,0,0,0,0,0,0,13,0,13,0,0,0,13
12/07/2021,PAO,CA,AWP,WE,Towers with Radar,0,0,16,0,16,0,0,123,0,123,0,0,139,0,139,316,0,316,455
12/08/2021,PAO,CA,AWP,WE,Towers with Radar,0,0,33,0,33,0,0,23,0,23,0,0,56,0,56,333,0,333,389
12/09/2021,PAO,CA,AWP,WE,Towers with Radar,0,0,11,0,11,0,0,128,0,128,0,0,139,0,139,392,0,392,531
12/10/2021,PAO,CA,AWP,WE,Towers with Radar,0,0,4,0,4,0,0,209,0,209,0,0,213,0,213,352,0,352,565
12/11/2021,PAO,CA,AWP,WE,Towers with Radar,0,0,10,0,10,0,0,265,0,265,0,0,275,0,275,182,0,182,457
12/12/2021,PAO,CA,AWP,WE,Towers with Radar,0,0,4,0,4,0,0,25,0,25,0,0,29,0,29,240,0,240,269
12/13/2021,PAO,CA,AWP,WE,Towers with Radar,0,0,4,0,4,0,0,2,0,2,0,0,6,0,6,48,0,48,54
12/14/2021,PAO,CA,AWP,WE,Towers with Radar,0,1,8,0,9,0,0,74,0,74,0,1,82,0,83,326,0,326,409
12/15/2021,PAO,CA,AWP,WE,Towers with Radar,0,2,5,0,7,0,2,85,0,87,0,4,90,0,94,236,0,236,330
12/16/2021,PAO,CA,AWP,WE,Towers with Radar,0,1,15,0,16,0,1,98,0,99,0,2,113,0,115,432,0,432,547
12/17/2021,PAO,CA,AWP,WE,Towers with Radar,0,2,3,0,5,0,7,222,0,229,0,9,225,0,234,314,0,314,548
12/18/2021,PAO,CA,AWP,WE,Towers with Radar,0,0,15,0,15,0,2,200,0,202,0,2,215,0,217,281,0,281,498
12/19/2021,PAO,CA,AWP,WE,Towers with Radar,0,0,25,0,25,0,1,99,0,100,0,1,124,0,125,224,0,224,349
12/20/2021,PAO,CA,AWP,WE,Towers with Radar,0,0,9,0,9,0,0,86,0,86,0,0,95,0,95,280,0,280,375
12/21/2021,PAO,CA,AWP,WE,Towers with Radar,0,0,3,0,3,0,0,68,0,68,0,0,71,0,71,318,0,318,389
12/22/2021,PAO,CA,AWP,WE,Towers with Radar,0,0,20,0,20,0,0,5,0,5,0,0,25,0,25,42,0,42,67
12/23/2021,PAO,CA,AWP,WE,Towers with Radar,0,0,9,0,9,0,0,12,0,12,0,0,21,0,21,194,0,194,215
12/24/2021,PAO,CA,AWP,WE,Towers with Radar,0,0,6,0,6,0,0,49,0,49,0,0,55,0,55,271,0,271,326
12/25/2021,PAO,CA,AWP,WE,Towers with Radar,0,1,4,0,5,0,1,1,0,2,0,2,5,0,7,20,0,20,27
12/26/2021,PAO,CA,AWP,WE,Towers with Radar,0,0,4,0,4,0,1,21,0,22,0,1,25,0,26,134,0,134,160
12/27/2021,PAO,CA,AWP,WE,Towers with Radar,0,0,4,0,4,0,0,21,0,21,0,0,25,0,25,162,0,162,187
12/28/2021,PAO,CA,AWP,WE,Towers with Radar,0,0,9,0,9,0,0,32,0,32,0,0,41,0,41,270,0,270,311
12/29/2021,PAO,CA,AWP,WE,Towers with Radar,0,0,7,0,7,0,0,17,0,17,0,0,24,0,24,236,0,236,260
12/30/2021,PAO,CA,AWP,WE,Towers with Radar,0,0,13,0,13,0,3,155,0,158,0,3,168,0,171,357,0,357,528
12/31/2021,PAO,CA,AWP,WE,Towers with Radar,0,0,7,0,7,0,1,162,0,163,0,1,169,0,170,264,0,264,434
01/01/2022,PAO,CA,AWP,WE,Towers with Radar,0,0,7,0,7,0,2,145,0,147,0,2,152,0,154,198,0,198,352
01/02/2022,PAO,CA,AWP,WE,Towers with Radar,0,0,11,0,11,0,1,173,0,174,0,1,184,0,185,252,0,252,437
01/03/2022,PAO,CA,AWP,WE,Towers with Radar,0,0,8,0,8,0,0,45,0,45,0,0,53,0,53,424,0,424,477
01/04/2022,PAO,CA,AWP,WE,Towers with Radar,0,1,21,0,22,0,3,82,0,85,0,4,103,0,107,368,0,368,475
01/05/2022,PAO,CA,AWP,WE,Towers with Radar,0,0,15,1,16,0,0,65,0,65,0,0,80,1,81,330,0,330,411
01/06/2022,PAO,CA,AWP,WE,Towers with Radar,0,0,39,0,39,0,0,2,0,2,0,0,41,0,41,0,0,0,41
01/07/2022,PAO,CA,AWP,WE,Towers with Radar,0,0,32,0,32,0,0,38,0,38,0,0,70,0,70,278,0,278,348
01/08/2022,PAO,CA,AWP,WE,Towers with Radar,0,0,47,0,47,0,2,113,0,115,0,2,160,0,162,424,0,424,586
01/09/2022,PAO,CA,AWP,WE,Towers with Radar,0,0,6,0,6,0,2,205,0,207,0,2,211,0,213,218,0,218,431
01/10/2022,PAO,CA,AWP,WE,Towers with Radar,0,0,0,0,0,0,0,97,0,97,0,0,97,0,97,418,0,418,515
01/11/2022,PAO,CA,AWP,WE,Towers with Radar,0,1,2,0,3,0,2,179,0,181,0,3,181,0,184,304,0,304,488
01/12/2022,PAO,CA,AWP,WE,Towers with Radar,0,1,9,0,10,0,1,168,0,169,0,2,177,0,179,258,0,258,437
01/13/2022,PAO,CA,AWP,WE,Towers with Radar,0,0,9,0,9,0,2,105,0,107,0,2,114,0,116,440,0,440,556
01/14/2022,PAO,CA,AWP,WE,Towers with Radar,0,0,6,0,6,0,8,178,0,186,0,8,184,0,192,282,0,282,474
01/15/2022,PAO,CA,AWP,WE,Towers with Radar,0,0,7,0,7,0,1,228,0,229,0,1,235,0,236,228,0,228,464
01/16/2022,PAO,CA,AWP,WE,Towers with Radar,0,0,8,0,8,0,2,191,0,193,0,2,199,0,201,290,0,290,491
01/17/2022,PAO,CA,AWP,WE,Towers with Radar,0,0,9,0,9,0,2,209,0,211,0,2,218,0,220,289,0,289,509
01/18/2022,PAO,CA,AWP,WE,Towers with Radar,0,1,19,0,20,0,0,86,0,86,0,1,105,0,106,272,0,272,378
01/19/2022,PAO,CA,AWP,WE,Towers with Radar,0,2,12,0,14,0,2,44,0,46,0,4,56,0,60,0,0,0,60
01/20/2022,PAO,CA,AWP,WE,Towers with Radar,0,0,14,0,14,0,1,41,0,42,0,1,55,0,56,0,0,0,56
01/21/2022,PAO,CA,AWP,WE,Towers with Radar,0,0,4,0,4,0,4,53,0,57,0,4,57,0,61,0,0,0,61
01/22/2022,PAO,CA,AWP,WE,Towers with Radar,0,0,7,0,7,0,0,83,0,83,0,0,90,0,90,0,0,0,90
01/23/2022,PAO,CA,AWP,WE,Towers with Radar,0,1,7,0,8,0,1,64,0,65,0,2,71,0,73,0,0,0,73
01/24/2022,PAO,CA,AWP,WE,Towers with Radar,0,0,4,0,4,0,0,148,0,148,0,0,152,0,152,224,0,224,376
01/25/2022,PAO,CA,AWP,WE,Towers with Radar,0,0,10,0,10,0,0,121,0,121,0,0,131,0,131,288,0,288,419
01/26/2022,PAO,CA,AWP,WE,Towers with Radar,0,1,8,0,9,0,1,155,0,156,0,2,163,0,165,272,0,272,437
01/27/2022,PAO,CA,AWP,WE,Towers with Radar,0,0,8,0,8,0,0,160,0,160,0,0,168,0,168,284,10,294,462
01/28/2022,PAO,CA,AWP,WE,Towers with Radar,0,0,2,0,2,0,1,181,0,182,0,1,183,0,184,318,0,318,502
01/29/2022,PAO,CA,AWP,WE,Towers with Radar,0,0,13,0,13,0,0,191,0,191,0,0,204,0,204,214,0,214,418
01/30/2022,PAO,CA,AWP,WE,Towers with Radar,0,1,15,0,16,0,2,239,0,241,0,3,254,0,257,244,0,244,501
01/31/2022,PAO,CA,AWP,WE,Towers with Radar,0,0,8,0,8,0,3,136,1,140,0,3,144,1,148,324,0,324,472
02/01/2022,PAO,CA,AWP,WE,Towers with Radar,0,0,3,0,3,0,1,107,0,108,0,1,110,0,111,295,0,295,406
02/02/2022,PAO,CA,AWP,WE,Towers with Radar,0,0,7,0,7,0,0,86,0,86,0,0,93,0,93,268,0,268,361
02/03/2022,PAO,CA,AWP,WE,Towers with Radar,0,0,8,0,8,0,0,170,2,172,0,0,178,2,180,312,0,312,492
02/04/2022,PAO,CA,AWP,WE,Towers with Radar,0,0,9,0,9,0,4,220,0,224,0,4,229,0,233,358,0,358,591
02/05/2022,PAO,CA,AWP,WE,Towers with Radar,0,0,4,0,4,0,7,252,0,259,0,7,256,0,263,322,0,322,585
02/06/2022,PAO,CA,AWP,WE,Towers with Radar,0,1,8,0,9,0,1,242,0,243,0,2,250,0,252,190,0,190,442
02/07/2022,PAO,CA,AWP,WE,Towers with Radar,0,0,5,0,5,0,0,113,0,113,0,0,118,0,118,190,0,190,308
02/08/2022,PAO,CA,AWP,WE,Towers with Radar,0,1,4,0,5,0,0,196,0,196,0,1,200,0,201,332,0,332,533
02/09/2022,PAO,CA,AWP,WE,Towers with Radar,0,1,11,0,12,0,2,163,0,165,0,3,174,0,177,340,0,340,517
02/10/2022,PAO,CA,AWP,WE,Towers with Radar,0,0,4,0,4,0,1,182,0,183,0,1,186,0,187,408,0,408,595
02/11/2022,PAO,CA,AWP,WE,Towers with Radar,0,0,10,0,10,0,3,235,0,238,0,3,245,0,248,296,0,296,544
02/12/2022,PAO,CA,AWP,WE,Towers with Radar,0,0,5,0,5,0,0,239,0,239,0,0,244,0,244,286,0,286,530
02/13/2022,PAO,CA,AWP,WE,Towers with Radar,0,0,13,0,13,0,3,195,1,199,0,3,208,1,212,302,0,302,514
02/14/2022,PAO,CA,AWP,WE,Towers with Radar,0,0,35,0,35,0,2,55,0,57,0,2,90,0,92,218,0,218,310
02/15/2022,PAO,CA,AWP,WE,Towers with Radar,0,0,4,0,4,0,0,110,0,110,0,0,114,0,114,312,0,312,426
02/16/2022,PAO,CA,AWP,WE,Towers with Radar,0,0,6,0,6,0,4,154,0,158,0,4,160,0,164,428,0,428,592
02/17/2022,PAO,CA,AWP,WE,Towers with Radar,0,1,7,0,8,0,2,192,0,194,0,3,199,0,202,390,0,390,592
02/18/2022,PAO,CA,AWP,WE,Towers with Radar,0,0,10,0,10,0,1,233,0,234,0,1,243,0,244,330,0,330,574
02/19/2022,PAO,CA,AWP,WE,Towers with Radar,0,0,7,0,7,0,6,229,1,236,0,6,236,1,243,290,0,290,533
02/20/2022,PAO,CA,AWP,WE,Towers with Radar,0,0,20,0,20,0,4,166,0,170,0,4,186,0,190,266,0,266,456
02/21/2022,PAO,CA,AWP,WE,Towers with Radar,0,0,2,0,2,0,0,200,0,200,0,0,202,0,202,311,0,311,513
02/22/2022,PAO,CA,AWP,WE,Towers with Radar,0,0,6,0,6,0,1,69,0,70,0,1,75,0,76,147,0,147,223
02/23/2022,PAO,CA,AWP,WE,Towers with Radar,0,0,5,0,5,0,2,208,0,210,0,2,213,0,215,324,0,324,539
02/24/2022,PAO,CA,AWP,WE,Towers with Radar,0,0,1,0,1,0,3,174,0,177,0,3,175,0,178,290,0,290,468
02/25/2022,PAO,CA,AWP,WE,Towers with Radar,0,0,4,0,4,0,1,191,1,193,0,1,195,1,197,320,0,320,517
02/26/2022,PAO,CA,AWP,WE,Towers with Radar,0,0,4,0,4,0,0,181,0,181,0,0,185,0,185,330,0,330,515
02/27/2022,PAO,CA,AWP,WE,Towers with Radar,0,0,2,0,2,0,2,219,0,221,0,2,221,0,223,301,0,301,524
02/28/2022,PAO,CA,AWP,WE,Towers with Radar,0,0,2,0,2,0,1,145,0,146,0,1,147,0,148,320,0,320,468
03/01/2022,PAO,CA,AWP,WE,Towers with Radar,0,0,9,0,9,0,1,138,0,139,0,1,147,0,148,290,0,290,438
03/02/2022,PAO,CA,AWP,WE,Towers with Radar,0,0,8,0,8,0,0,136,0,136,0,0,144,0,144,234,0,234,378
03/03/2022,PAO,CA,AWP,WE,Towers with Radar,0,0,20,0,20,0,0,52,0,52,0,0,72,0,72,410,0,410,482
03/04/2022,PAO,CA,AWP,WE,Towers with Radar,0,0,13,0,13,0,2,31,0,33,0,2,44,0,46,154,0,154,200
03/05/2022,PAO,CA,AWP,WE,Towers with Radar,0,0,6,0,6,0,0,158,0,158,0,0,164,0,164,338,0,338,502
03/06/2022,PAO,CA,AWP,WE,Towers with Radar,0,2,10,0,12,0,1,216,0,217,0,3,226,0,229,358,0,358,587
03/07/2022,PAO,CA,AWP,WE,Towers with Radar,0,1,7,0,8,0,1,134,0,135,0,2,141,0,143,326,0,326,469
03/08/2022,PAO,CA,AWP,WE,Towers with Radar,0,0,5,0,5,0,1,162,0,163,0,1,167,0,168,300,0,300,468
03/09/2022,PAO,CA,AWP,WE,Towers with Radar,0,0,6,0,6,0,1,230,0,231,0,1,236,0,237,254,0,254,491
03/10/2022,PAO,CA,AWP,WE,Towers with Radar,0,0,5,0,5,0,1,114,0,115,0,1,119,0,120,340,0,340,460
03/11/2022,PAO,CA,AWP,WE,Towers with Radar,0,0,7,0,7,0,2,356,0,358,0,2,363,0,365,292,0,292,657
03/12/2022,PAO,CA,AWP,WE,Towers with Radar,0,0,6,0,6,0,0,271,1,272,0,0,277,1,278,310,0,310,588
03/13/2022,PAO,CA,AWP,WE,Towers with Radar,0,0,10,0,10,0,3,190,0,193,0,3,200,0,203,270,0,270,473
03/14/2022,PAO,CA,AWP,WE,Towers with Radar,0,0,3,0,3,0,0,175,0,175,0,0,178,0,178,286,0,286,464
03/15/2022,PAO,CA,AWP,WE,Towers with Radar,0,0,19,0,19,0,2,81,0,83,0,2,100,0,102,268,0,268,370
03/16/2022,PAO,CA,AWP,WE,Towers with Radar,0,0,6,0,6,0,0,143,0,143,0,0,149,0,149,314,0,314,463
03/17/2022,PAO,CA,AWP,WE,Towers with Radar,0,0,11,0,11,0,0,120,0,120,0,0,131,0,131,402,0,402,533
03/18/2022,PAO,CA,AWP,WE,Towers with Radar,0,0,13,0,13,0,0,241,0,241,0,0,254,0,254,330,0,330,584
03/19/2022,PAO,CA,AWP,WE,Towers with Radar,0,0,20,0,20,0,0,45,0,45,0,0,65,0,65,280,0,280,345
03/20/2022,PAO,CA,AWP,WE,Towers with Radar,0,0,3,0,3,0,0,209,1,210,0,0,212,1,213,298,0,298,511
03/21/2022,PAO,CA,AWP,WE,Towers with Radar,0,0,9,0,9,0,0,149,0,149,0,0,158,0,158,314,0,314,472
03/22/2022,PAO,CA,AWP,WE,Towers with Radar,0,2,7,0,9,0,2,193,0,195,0,4,200,0,204,332,0,332,536
03/23/2022,PAO,CA,AWP,WE,Towers with Radar,0,0,11,0,11,0,0,218,0,218,0,0,229,0,229,308,0,308,537
03/24/2022,PAO,CA,AWP,WE,Towers with Radar,0,1,11,0,12,0,2,166,0,168,0,3,177,0,180,320,0,320,500
03/25/2022,PAO,CA,AWP,WE,Towers with Radar,0,2,16,0,18,0,3,160,0,163,0,5,176,0,181,374,0,374,555
03/26/2022,PAO,CA,AWP,WE,Towers with Radar,0,0,5,0,5,0,0,235,0,235,0,0,240,0,240,258,0,258,498
03/27/2022,PAO,CA,AWP,WE,Towers with Radar,0,0,13,0,13,0,2,102,0,104,0,2,115,0,117,143,0,143,260
03/28/2022,PAO,CA,AWP,WE,Towers with Radar,0,3,7,0,10,0,1,41,0,42,0,4,48,0,52,280,0,280,332
03/29/2022,PAO,CA,AWP,WE,Towers with Radar,0,0,25,0,25,0,0,86,0,86,0,0,111,0,111,532,0,532,643
03/30/2022,PAO,CA,AWP,WE,Towers with Radar,0,2,25,0,27,0,0,81,0,81,0,2,106,0,108,384,0,384,492
03/31/2022,PAO,CA,AWP,WE,Towers with Radar,0,0,10,0,10,0,1,161,2,164,0,1,171,2,174,404,0,404,578
04/01/2022,PAO,CA,AWP,WE,Towers with Radar,0,0,8,0,8,0,1,212,0,213,0,1,220,0,221,338,0,338,559
04/02/2022,PAO,CA,AWP,WE,Towers with Radar,0,0,8,0,8,0,2,197,0,199,0,2,205,0,207,378,0,378,585
04/03/2022,PAO,CA,AWP,WE,Towers with Radar,0,0,5,0,5,0,1,230,0,231,0,1,235,0,236,198,0,198,434
04/04/2022,PAO,CA,AWP,WE,Towers with Radar,0,0,8,0,8,0,1,128,0,129,0,1,136,0,137,344,0,344,481
04/05/2022,PAO,CA,AWP,WE,Towers with Radar,0,1,4,0,5,0,5,174,0,179,0,6,178,0,184,316,0,316,500
04/06/2022,PAO,CA,AWP,WE,Towers with Radar,0,2,2,0,4,0,0,160,0,160,0,2,162,0,164,282,0,282,446
04/07/2022,PAO,CA,AWP,WE,Towers with Radar,0,0,10,0,10,0,2,162,2,166,0,2,172,2,176,260,0,260,436
04/08/2022,PAO,CA,AWP,WE,Towers with Radar,0,0,6,0,6,0,3,201,0,204,0,3,207,0,210,358,0,358,568
04/09/2022,PAO,CA,AWP,WE,Towers with Radar,0,1,3,0,4,0,0,214,1,215,0,1,217,1,219,290,0,290,509
04/10/2022,PAO,CA,AWP,WE,Towers with Radar,0,0,10,0,10,0,0,132,0,132,0,0,142,0,142,244,0,244,386
04/11/2022,PAO,CA,AWP,WE,Towers with Radar,0,2,6,0,8,0,0,7,0,7,0,2,13,0,15,20,0,20,35
04/12/2022,PAO,CA,AWP,WE,Towers with Radar,0,0,3,0,3,0,4,98,0,102,0,4,101,0,105,318,0,318,423
04/13/2022,PAO,CA,AWP,WE,Towers with Radar,0,1,6,0,7,0,2,165,1,168,0,3,171,1,175,428,0,428,603
04/14/2022,PAO,CA,AWP,WE,Towers with Radar,0,2,14,0,16,0,0,22,0,22,0,2,36,0,38,214,0,214,252
04/15/2022,PAO,CA,AWP,WE,Towers with Radar,0,0,14,0,14,0,4,208,0,212,0,4,222,0,226,306,0,306,532
04/16/2022,PAO,CA,AWP,WE,Towers with Radar,0,1,15,0,16,0,0,69,2,71,0,1,84,2,87,202,0,202,289
04/17/2022,PAO,CA,AWP,WE,Towers with Radar,0,0,10,0,10,0,0,219,0,219,0,0,229,0,229,260,0,260,489
04/18/2022,PAO,CA,AWP,WE,Towers with Radar,0,0,7,0,7,0,0,154,0,154,0,0,161,0,161,258,0,258,419
04/19/2022,PAO,CA,AWP,WE,Towers with Radar,0,1,11,0,12,0,1,105,0,106,0,2,116,0,118,320,0,320,438
04/20/2022,PAO,CA,AWP,WE,Towers with Radar,0,2,5,0,7,0,4,110,0,114,0,6,115,0,121,282,0,282,403
04/21/2022,PAO,CA,AWP,WE,Towers with Radar,0,1,11,0,12,0,2,35,0,37,0,3,46,0,49,210,0,210,259
04/22/2022,PAO,CA,AWP,WE,Towers with Radar,0,2,12,0,14,0,0,117,0,117,0,2,129,0,131,272,0,272,403
04/23/2022,PAO,CA,AWP,WE,Towers with Radar,0,0,8,0,8,0,2,235,0,237,0,2,243,0,245,210,0,210,455
04/24/2022,PAO,CA,AWP,WE,Towers with Radar,0,0,10,0,10,0,3,255,1,259,0,3,265,1,269,190,0,190,459
04/25/2022,PAO,CA,AWP,WE,Towers with Radar,0,0,1,0,1,0,1,164,0,165,0,1,165,0,166,252,0,252,418
04/26/2022,PAO,CA,AWP,WE,Towers with Radar,0,1,2,0,3,0,0,158,0,158,0,1,160,0,161,306,0,306,467
04/27/2022,PAO,CA,AWP,WE,Towers with Radar,0,2,2,0,4,0,4,218,0,222,0,6,220,0,226,406,0,406,632
04/28/2022,PAO,CA,AWP,WE,Towers with Radar,0,0,13,0,13,0,0,83,0,83,0,0,96,0,96,95,0,95,191
04/29/2022,PAO,CA,AWP,WE,Towers with Radar,0,0,6,0,6,0,2,248,0,250,0,2,254,0,256,306,0,306,562
04/30/2022,PAO,CA,AWP,WE,Towers with Radar,0,0,15,0,15,0,0,170,0,170,0,0,185,0,185,235,0,235,420
05/01/2022,PAO,CA,AWP,WE,Towers with Radar,0,0,4,0,4,0,0,258,0,258,0,0,262,0,262,305,0,305,567
05/02/2022,PAO,CA,AWP,WE,Towers with Radar,0,0,18,0,18,0,0,62,0,62,0,0,80,0,80,372,0,372,452
05/03/2022,PAO,CA,AWP,WE,Towers with Radar,0,1,7,0,8,0,0,174,2,176,0,1,181,2,184,365,0,365,549
05/04/2022,PAO,CA,AWP,WE,Towers with Radar,0,0,7,0,7,0,0,200,0,200,0,0,207,0,207,456,0,456,663
05/05/2022,PAO,CA,AWP,WE,Towers with Radar,0,1,5,0,6,0,3,141,1,145,0,4,146,1,151,440,0,440,591
05/06/2022,PAO,CA,AWP,WE,Towers with Radar,0,1,16,0,17,0,2,123,0,125,0,3,139,0,142,392,0,392,534
05/07/2022,PAO,CA,AWP,WE,Towers with Radar,0,0,9,0,9,0,0,150,0,150,0,0,159,0,159,272,0,272,431
05/08/2022,PAO,CA,AWP,WE,Towers with Radar,0,0,9,0,9,0,0,69,0,69,0,0,78,0,78,152,0,152,230
05/09/2022,PAO,CA,AWP,WE,Towers with Radar,0,0,7,0,7,0,0,97,0,97,0,0,104,0,104,308,0,308,412
05/10/2022,PAO,CA,AWP,WE,Towers with Radar,0,0,10,0,10,0,0,117,0,117,0,0,127,0,127,432,0,432,559
05/11/2022,PAO,CA,AWP,WE,Towers with Radar,0,0,4,0,4,0,1,193,0,194,0,1,197,0,198,388,0,388,586
05/12/2022,PAO,CA,AWP,WE,Towers with Radar,0,1,7,0,8,0,0,170,0,170,0,1,177,0,178,290,0,290,468
05/13/2022,PAO,CA,AWP,WE,Towers with Radar,0,0,8,0,8,0,1,208,0,209,0,1,216,0,217,252,0,252,469
05/14/2022,PAO,CA,AWP,WE,Towers with Radar,0,0,5,0,5,0,3,242,0,245,0,3,247,0,250,346,0,346,596
05/15/2022,PAO,CA,AWP,WE,Towers with Radar,0,0,7,0,7,0,0,168,1,169,0,0,175,1,176,300,0,300,476
05/16/2022,PAO,CA,AWP,WE,Towers with Radar,0,0,8,0,8,0,1,109,0,110,0,1,117,0,118,348,0,348,466
05/17/2022,PAO,CA,AWP,WE,Towers with Radar,0,0,6,0,6,0,0,157,0,157,0,0,163,0,163,256,0,256,419
05/18/2022,PAO,CA,AWP,WE,Towers with Radar,0,0,8,0,8,0,1,166,0,167,0,1,174,0,175,462,0,462,637
05/19/2022,PAO,CA,AWP,WE,Towers with Radar,0,0,7,0,7,0,2,122,0,124,0,2,129,0,131,482,0,482,613
05/20/2022,PAO,CA,AWP,WE,Towers with Radar,0,0,9,0,9,0,0,169,0,169,0,0,178,0,178,370,0,370,548
05/21/2022,PAO,CA,AWP,WE,Towers with Radar,0,0,6,0,6,0,0,196,0,196,0,0,202,0,202,261,0,261,463
05/22/2022,PAO,CA,AWP,WE,Towers with Radar,0,0,9,0,9,0,2,168,0,170,0,2,177,0,179,228,0,228,407
05/23/2022,PAO,CA,AWP,WE,Towers with Radar,0,0,2,0,2,0,2,149,0,151,0,2,151,0,153,415,0,415,568
05/24/2022,PAO,CA,AWP,WE,Towers with Radar,0,1,5,0,6,0,0,139,0,139,0,1,144,0,145,342,0,342,487
05/25/2022,PAO,CA,AWP,WE,Towers with Radar,0,1,7,0,8,0,0,164,0,164,0,1,171,0,172,408,0,408,580
05/26/2022,PAO,CA,AWP,WE,Towers with Radar,0,3,12,0,15,0,1,124,0,125,0,4,136,0,140,432,0,432,572
05/27/2022,PAO,CA,AWP,WE,Towers with Radar,0,3,11,0,14,0,0,145,0,145,0,3,156,0,159,408,0,408,567
05/28/2022,PAO,CA,AWP,WE,Towers with Radar,0,1,19,0,20,0,1,151,0,152,0,2,170,0,172,257,0,257,429
05/29/2022,PAO,CA,AWP,WE,Towers with Radar,0,0,7,0,7,0,4,134,0,138,0,4,141,0,145,226,0,226,371
05/30/2022,PAO,CA,AWP,WE,Towers with Radar,0,0,14,0,14,0,5,204,0,209,0,5,218,0,223,342,0,342,565
05/31/2022,PAO,CA,AWP,WE,Towers with Radar,0,0,1,0,1,0,5,139,0,144,0,5,140,0,145,396,0,396,541
06/01/2022,PAO,CA,AWP,WE,Towers with Radar,0,0,3,0,3,0,1,189,0,190,0,1,192,0,193,340,0,340,533
06/02/2022,PAO,CA,AWP,WE,Towers with Radar,0,0,13,0,13,0,2,159,0,161,0,2,172,0,174,346,0,346,520
06/03/2022,PAO,CA,AWP,WE,Towers with Radar,0,0,24,0,24,0,1,80,0,81,0,1,104,0,105,404,0,404,509
06/04/2022,PAO,CA,AWP,WE,Towers with Radar,0,1,6,0,7,0,0,158,0,158,0,1,164,0,165,270,0,270,435
06/05/2022,PAO,CA,AWP,WE,Towers with Radar,0,0,27,0,27,0,0,95,0,95,0,0,122,0,122,278,0,278,400
06/06/2022,PAO,CA,AWP,WE,Towers with Radar,0,1,5,0,6,0,3,170,0,173,0,4,175,0,179,340,0,340,519
06/07/2022,PAO,CA,AWP,WE,Towers with Radar,0,0,5,0,5,0,3,176,0,179,0,3,181,0,184,340,0,340,524
06/08/2022,PAO,CA,AWP,WE,Towers with Radar,0,1,9,0,10,0,2,166,0,168,0,3,175,0,178,282,0,282,460
06/09/2022,PAO,CA,AWP,WE,Towers with Radar,0,0,1,0,1,0,0,151,0,151,0,0,152,0,152,385,0,385,537
06/10/2022,PAO,CA,AWP,WE,Towers with Radar,0,1,3,0,4,0,1,159,1,161,0,2,162,1,165,328,0,328,493
06/11/2022,PAO,CA,AWP,WE,Towers with Radar,0,0,3,0,3,0,1,184,0,185,0,1,187,0,188,305,0,305,493
06/12/2022,PAO,CA,AWP,WE,Towers with Radar,0,0,31,0,31,0,2,72,0,74,0,2,103,0,105,306,0,306,411
06/13/2022,PAO,CA,AWP,WE,Towers with Radar,0,0,5,0,5,0,0,129,0,129,0,0,134,0,134,450,0,450,584
06/14/2022,PAO,CA,AWP,WE,Towers with Radar,0,0,5,0,5,0,3,219,0,222,0,3,224,0,227,328,0,328,555
06/15/2022,PAO,CA,AWP,WE,Towers with Radar,0,0,2,0,2,0,0,163,1,164,0,0,165,1,166,427,0,427,593
06/16/2022,PAO,CA,AWP,WE,Towers with Radar,0,0,4,0,4,0,0,172,0,172,0,0,176,0,176,274,0,274,450
06/17/2022,PAO,CA,AWP,WE,Towers with Radar,0,0,18,0,18,0,1,116,0,117,0,1,134,0,135,414,0,414,549
06/18/2022,PAO,CA,AWP,WE,Towers with Radar,0,0,4,0,4,0,0,163,0,163,0,0,167,0,167,314,0,314,481
06/19/2022,PAO,CA,AWP,WE,Towers with Radar,0,0,4,0,4,0,3,188,0,191,0,3,192,0,195,158,0,158,353
06/20/2022,PAO,CA,AWP,WE,Towers with Radar,0,0,12,0,12,0,1,213,0,214,0,1,225,0,226,340,0,340,566
06/21/2022,PAO,CA,AWP,WE,Towers with Radar,0,0,3,0,3,0,0,152,0,152,0,0,155,0,155,300,0,300,455
06/22/2022,PAO,CA,AWP,WE,Towers with Radar,0,0,5,0,5,0,3,130,0,133,0,3,135,0,138,352,0,352,490
06/23/2022,PAO,CA,AWP,WE,Towers with Radar,0,0,6,0,6,0,5,163,0,168,0,5,169,0,174,346,0,346,520
06/24/2022,PAO,CA,AWP,WE,Towers with Radar,0,0,3,0,3,0,0,186,0,186,0,0,189,0,189,434,0,434,623
06/25/2022,PAO,CA,AWP,WE,Towers with Radar,0,0,7,0,7,0,4,196,0,200,0,4,203,0,207,303,0,303,510
06/26/2022,PAO,CA,AWP,WE,Towers with Radar,0,0,8,0,8,0,2,185,0,187,0,2,193,0,195,244,0,244,439
06/27/2022,PAO,CA,AWP,WE,Towers with Radar,0,0,12,0,12,0,0,128,0,128,0,0,140,0,140,352,0,352,492
06/28/2022,PAO,CA,AWP,WE,Towers with Radar,0,0,5,0,5,0,0,187,0,187,0,0,192,0,192,476,0,476,668
06/29/2022,PAO,CA,AWP,WE,Towers with Radar,0,0,5,0,5,0,0,163,0,163,0,0,168,0,168,375,0,375,543
06/30/2022,PAO,CA,AWP,WE,Towers with Radar,0,0,10,0,10,0,0,157,0,157,0,0,167,0,167,376,0,376,543
07/01/2022,PAO,CA,AWP,WE,Towers with Radar,0,0,12,0,12,0,2,194,0,196,0,2,206,0,208,252,0,252,460
07/02/2022,PAO,CA,AWP,WE,Towers with Radar,0,0,22,0,22,0,2,93,0,95,0,2,115,0,117,164,0,164,281
07/03/2022,PAO,CA,AWP,WE,Towers with Radar,0,0,19,0,19,0,1,78,0,79,0,1,97,0,98,256,0,256,354
07/04/2022,PAO,CA,AWP,WE,Towers with Radar,0,0,8,0,8,0,2,100,0,102,0,2,108,0,110,118,0,118,228
07/05/2022,PAO,CA,AWP,WE,Towers with Radar,0,3,13,0,16,0,0,92,0,92,0,3,105,0,108,304,0,304,412
07/06/2022,PAO,CA,AWP,WE,Towers with Radar,0,1,14,0,15,0,0,54,0,54,0,1,68,0,69,188,0,188,257
07/07/2022,PAO,CA,AWP,WE,Towers with Radar,0,0,15,0,15,0,2,138,0,140,0,2,153,0,155,318,0,318,473
07/08/2022,PAO,CA,AWP,WE,Towers with Radar,0,0,7,0,7,0,7,166,0,173,0,7,173,0,180,442,0,442,622
07/09/2022,PAO,CA,AWP,WE,Towers with Radar,0,0,9,0,9,0,1,154,0,155,0,1,163,0,164,302,0,302,466
07/10/2022,PAO,CA,AWP,WE,Towers with Radar,0,0,10,0,10,0,3,174,0,177,0,3,184,0,187,194,0,194,381
07/11/2022,PAO,CA,AWP,WE,Towers with Radar,0,0,1,0,1,0,2,144,0,146,0,2,145,0,147,300,0,300,447
07/12/2022,PAO,CA,AWP,WE,Towers with Radar,0,0,19,0,19,0,3,123,0,126,0,3,142,0,145,266,0,266,411
07/13/2022,PAO,CA,AWP,WE,Towers with Radar,0,0,16,0,16,0,0,136,0,136,0,0,152,0,152,350,0,350,502
07/14/2022,PAO,CA,AWP,WE,Towers with Radar,0,0,17,0,17,0,4,148,0,152,0,4,165,0,169,290,0,290,459
07/15/2022,PAO,CA,AWP,WE,Towers with Radar,0,0,9,0,9,0,4,182,0,186,0,4,191,0,195,356,0,356,551
07/16/2022,PAO,CA,AWP,WE,Towers with Radar,0,0,10,0,10,0,0,180,0,180,0,0,190,0,190,300,0,300,490
07/17/2022,PAO,CA,AWP,WE,Towers with Radar,0,0,6,0,6,0,1,177,0,178,0,1,183,0,184,310,0,310,494
07/18/2022,PAO,CA,AWP,WE,Towers with Radar,0,0,5,0,5,0,0,117,0,117,0,0,122,0,122,340,0,340,462
07/19/2022,PAO,CA,AWP,WE,Towers with Radar,0,2,8,0,10,0,0,134,0,134,0,2,142,0,144,360,0,360,504
07/20/2022,PAO,CA,AWP,WE,Towers with Radar,0,0,14,0,14,0,4,153,0,157,0,4,167,0,171,238,0,238,409
07/21/2022,PAO,CA,AWP,WE,Towers with Radar,0,0,7,0,7,0,0,138,0,138,0,0,145,0,145,274,0,274,419
07/22/2022,PAO,CA,AWP,WE,Towers with Radar,0,0,5,0,5,0,2,153,0,155,0,2,158,0,160,276,0,276,436
07/23/2022,PAO,CA,AWP,WE,Towers with Radar,0,0,10,0,10,0,0,139,0,139,0,0,149,0,149,220,0,220,369
07/24/2022,PAO,CA,AWP,WE,Towers with Radar,0,0,12,0,12,0,4,171,1,176,0,4,183,1,188,314,0,314,502
07/25/2022,PAO,CA,AWP,WE,Towers with Radar,0,0,11,0,11,0,1,84,0,85,0,1,95,0,96,264,0,264,360
07/26/2022,PAO,CA,AWP,WE,Towers with Radar,0,1,11,0,12,0,3,161,0,164,0,4,172,0,176,350,0,350,526
07/27/2022,PAO,CA,AWP,WE,Towers with Radar,0,0,18,0,18,0,1,157,0,158,0,1,175,0,176,368,0,368,544
07/28/2022,PAO,CA,AWP,WE,Towers with Radar,0,1,12,0,13,0,2,130,0,132,0,3,142,0,145,430,0,430,575
07/29/2022,PAO,CA,AWP,WE,Towers with Radar,0,0,23,0,23,0,3,154,0,157,0,3,177,0,180,302,0,302,482
07/30/2022,PAO,CA,AWP,WE,Towers with Radar,0,0,26,0,26,0,1,165,0,166,0,1,191,0,192,246,0,246,438
07/31/2022,PAO,CA,AWP,WE,Towers with Radar,0,2,20,0,22,0,2,128,0,130,0,4,148,0,152,186,0,186,338
08/01/2022,PAO,CA,AWP,WE,Towers with Radar,0,0,6,0,6,0,2,110,0,112,0,2,116,0,118,360,0,360,478
08/02/2022,PAO,CA,AWP,WE,Towers with Radar,0,0,6,0,6,0,6,176,0,182,0,6,182,0,188,290,0,290,478
08/03/2022,PAO,CA,AWP,WE,Towers with Radar,0,0,5,0,5,0,2,169,0,171,0,2,174,0,176,422,0,422,598
08/04/2022,PAO,CA,AWP,WE,Towers with Radar,0,0,9,0,9,0,3,167,0,170,0,3,176,0,179,376,0,376,555
08/05/2022,PAO,CA,AWP,WE,Towers with Radar,0,0,18,0,18,0,3,165,0,168,0,3,183,0,186,320,0,320,506
08/06/2022,PAO,CA,AWP,WE,Towers with Radar,0,1,12,0,13,0,5,165,0,170,0,6,177,0,183,352,0,352,535
08/07/2022,PAO,CA,AWP,WE,Towers with Radar,0,0,15,0,15,0,2,158,0,160,0,2,173,0,175,160,0,160,335
08/08/2022,PAO,CA,AWP,WE,Towers with Radar,0,0,8,0,8,0,1,150,0,151,0,1,158,0,159,330,0,330,489
08/09/2022,PAO,CA,AWP,WE,Towers with Radar,0,3,16,0,19,0,4,135,0,139,0,7,151,0,158,398,0,398,556
08/10/2022,PAO,CA,AWP,WE,Towers with Radar,0,0,5,0,5,0,6,165,0,171,0,6,170,0,176,338,0,338,514
08/11/2022,PAO,CA,AWP,WE,Towers with Radar,0,0,6,0,6,0,2,193,0,195,0,2,199,0,201,312,0,312,513
08/12/2022,PAO,CA,AWP,WE,Towers with Radar,0,0,6,0,6,0,10,182,0,192,0,10,188,0,198,372,0,372,570
08/13/2022,PAO,CA,AWP,WE,Towers with Radar,0,0,4,0,4,0,1,192,0,193,0,1,196,0,197,289,0,289,486
08/14/2022,PAO,CA,AWP,WE,Towers with Radar,0,0,9,0,9,0,2,174,0,176,0,2,183,0,185,280,0,280,465
08/15/2022,PAO,CA,AWP,WE,Towers with Radar,0,0,7,0,7,0,1,134,0,135,0,1,141,0,142,358,0,358,500
08/16/2022,PAO,CA,AWP,WE,Towers with Radar,0,0,7,0,7,0,5,138,0,143,0,5,145,0,150,376,0,376,526
08/17/2022,PAO,CA,AWP,WE,Towers with Radar,0,0,7,0,7,0,1,158,0,159,0,1,165,0,166,475,0,475,641
08/18/2022,PAO,CA,AWP,WE,Towers with Radar,0,0,7,0,7,0,2,147,0,149,0,2,154,0,156,307,0,307,463
08/19/2022,PAO,CA,AWP,WE,Towers with Radar,0,0,15,0,15,0,0,175,0,175,0,0,190,0,190,298,0,298,488
08/20/2022,PAO,CA,AWP,WE,Towers with Radar,0,0,3,0,3,0,0,231,1,232,0,0,234,1,235,386,0,386,621
08/21/2022,PAO,CA,AWP,WE,Towers with Radar,0,0,14,0,14,0,0,184,0,184,0,0,198,0,198,321,0,321,519
08/22/2022,PAO,CA,AWP,WE,Towers with Radar,0,0,6,0,6,0,0,171,0,171,0,0,177,0,177,312,0,312,489
08/23/2022,PAO,CA,AWP,WE,Towers with Radar,0,0,16,0,16,0,1,139,0,140,0,1,155,0,156,298,0,298,454
08/24/2022,PAO,CA,AWP,WE,Towers with Radar,0,0,15,0,15,0,1,158,0,159,0,1,173,0,174,348,0,348,522
08/25/2022,PAO,CA,AWP,WE,Towers with Radar,0,0,9,0,9,0,2,124,0,126,0,2,133,0,135,348,0,348,483
08/26/2022,PAO,CA,AWP,WE,Towers with Radar,0,0,18,0,18,0,2,150,0,152,0,2,168,0,170,438,0,438,608
08/27/2022,PAO,CA,AWP,WE,Towers with Radar,0,0,9,0,9,0,0,150,0,150,0,0,159,0,159,244,0,244,403
08/28/2022,PAO,CA,AWP,WE,Towers with Radar,0,0,14,0,14,0,1,188,0,189,0,1,202,0,203,250,0,250,453
08/29/2022,PAO,CA,AWP,WE,Towers with Radar,0,1,10,0,11,0,2,133,0,135,0,3,143,0,146,366,0,366,512
08/30/2022,PAO,CA,AWP,WE,Towers with Radar,0,0,12,0,12,0,3,135,0,138,0,3,147,0,150,396,0,396,546
08/31/2022,PAO,CA,AWP,WE,Towers with Radar,0,0,7,0,7,0,0,141,0,141,0,0,148,0,148,384,0,384,532
09/01/2022,PAO,CA,AWP,WE,Towers with Radar,0,0,4,0,4,0,1,140,0,141,0,1,144,0,145,413,0,413,558
09/02/2022,PAO,CA,AWP,WE,Towers with Radar,0,0,15,0,15,0,0,186,0,186,0,0,201,0,201,278,0,278,479
09/03/2022,PAO,CA,AWP,WE,Towers with Radar,0,0,2,0,2,0,2,149,0,151,0,2,151,0,153,194,0,194,347
09/04/2022,PAO,CA,AWP,WE,Towers with Radar,0,0,4,0,4,0,3,140,0,143,0,3,144,0,147,96,0,96,243
09/05/2022,PAO,CA,AWP,WE,Towers with Radar,0,0,1,0,1,0,2,163,0,165,0,2,164,0,166,160,0,160,326
09/06/2022,PAO,CA,AWP,WE,Towers with Radar,0,0,6,0,6,0,0,127,2,129,0,0,133,2,135,260,0,260,395
09/07/2022,PAO,CA,AWP,WE,Towers with Radar,0,0,8,0,8,0,1,120,0,121,0,1,128,0,129,342,0,342,471
09/08/2022,PAO,CA,AWP,WE,Towers with Radar,0,0,6,0,6,0,3,120,0,123,0,3,126,0,129,308,0,308,437
09/09/2022,PAO,CA,AWP,WE,Towers with Radar,0,0,10,0,10,0,3,144,0,147,0,3,154,0,157,433,0,433,590
09/10/2022,PAO,CA,AWP,WE,Towers with Radar,0,0,5,0,5,0,0,172,0,172,0,0,177,0,177,108,0,108,285
09/11/2022,PAO,CA,AWP,WE,Towers with Radar,0,0,10,0,10,0,12,139,0,151,0,12,149,0,161,176,0,176,337
09/12/2022,PAO,CA,AWP,WE,Towers with Radar,0,0,6,0,6,0,0,145,1,146,0,0,151,1,152,349,0,349,501
09/13/2022,PAO,CA,AWP,WE,Towers with Radar,0,0,10,0,10,0,0,143,0,143,0,0,153,0,153,436,0,436,589
09/14/2022,PAO,CA,AWP,WE,Towers with Radar,0,0,9,0,9,0,2,144,0,146,0,2,153,0,155,398,0,398,553
09/15/2022,PAO,CA,AWP,WE,Towers with Radar,0,0,14,0,14,0,2,128,0,130,0,2,142,0,144,386,0,386,530
09/16/2022,PAO,CA,AWP,WE,Towers with Radar,0,0,11,0,11,0,0,205,0,205,0,0,216,0,216,336,0,336,552
09/17/2022,PAO,CA,AWP,WE,Towers with Radar,0,2,21,0,23,0,0,218,0,218,0,2,239,0,241,248,0,248,489
09/18/2022,PAO,CA,AWP,WE,Towers with Radar,0,0,14,0,14,0,0,13,0,13,0,0,27,0,27,16,0,16,43
09/19/2022,PAO,CA,AWP,WE,Towers with Radar,0,0,17,0,17,0,1,81,0,82,0,1,98,0,99,418,0,418,517
09/20/2022,PAO,CA,AWP,WE,Towers with Radar,0,0,7,0,7,0,0,111,0,111,0,0,118,0,118,488,0,488,606
09/21/2022,PAO,CA,AWP,WE,Towers with Radar,0,0,14,0,14,0,0,128,0,128,0,0,142,0,142,452,0,452,594
09/22/2022,PAO,CA,AWP,WE,Towers with Radar,0,0,9,0,9,0,1,162,0,163,0,1,171,0,172,460,0,460,632
09/23/2022,PAO,CA,AWP,WE,Towers with Radar,0,0,5,0,5,0,4,285,0,289,0,4,290,0,294,320,0,320,614
09/24/2022,PAO,CA,AWP,WE,Towers with Radar,0,0,7,0,7,0,0,292,0,292,0,0,299,0,299,212,0,212,511
09/25/2022,PAO,CA,AWP,WE,Towers with Radar,0,0,22,0,22,0,1,212,0,213,0,1,234,0,235,206,0,206,441
09/26/2022,PAO,CA,AWP,WE,Towers with Radar,0,0,10,0,10,0,2,112,0,114,0,2,122,0,124,368,0,368,492
09/27/2022,PAO,CA,AWP,WE,Towers with Radar,0,0,12,0,12,0,0,121,0,121,0,0,133,0,133,388,0,388,521
09/28/2022,PAO,CA,AWP,WE,Towers with Radar,0,0,7,0,7,0,1,170,0,171,0,1,177,0,178,338,0,338,516
09/29/2022,PAO,CA,AWP,WE,Towers with Radar,0,0,8,0,8,0,2,121,0,123,0,2,129,0,131,396,0,396,527
09/30/2022,PAO,CA,AWP,WE,Towers with Radar,0,0,12,0,12,0,2,318,0,320,0,2,330,0,332,352,0,352,684
10/01/2022,PAO,CA,AWP,WE,Towers with Radar,0,0,27,0,27,0,2,197,0,199,0,2,224,0,226,276,0,276,502
10/02/2022,PAO,CA,AWP,WE,Towers with Radar,0,0,17,0,17,0,0,260,0,260,0,0,277,0,277,183,0,183,460
10/03/2022,PAO,CA,AWP,WE,Towers with Radar,0,0,2,0,2,0,0,165,0,165,0,0,167,0,167,240,0,240,407
10/04/2022,PAO,CA,AWP,WE,Towers with Radar,0,1,18,0,19,0,1,110,0,111,0,2,128,0,130,284,0,284,414
10/05/2022,PAO,CA,AWP,WE,Towers with Radar,0,0,14,0,14,0,0,126,0,126,0,0,140,0,140,306,0,306,446
10/06/2022,PAO,CA,AWP,WE,Towers with Radar,0,0,18,0,18,0,4,135,0,139,0,4,153,0,157,294,0,294,451
10/07/2022,PAO,CA,AWP,WE,Towers with Radar,0,0,9,0,9,0,0,163,0,163,0,0,172,0,172,142,0,142,314
10/08/2022,PAO,CA,AWP,WE,Towers with Radar,0,0,30,0,30,0,2,207,0,209,0,2,237,0,239,122,0,122,361
10/09/2022,PAO,CA,AWP,WE,Towers with Radar,0,0,21,0,21,0,0,191,0,191,0,0,212,0,212,136,0,136,348
10/10/2022,PAO,CA,AWP,WE,Towers with Radar,0,5,19,0,24,0,5,168,0,173,0,10,187,0,197,182,0,182,379
10/11/2022,PAO,CA,AWP,WE,Towers with Radar,0,0,14,0,14,0,0,135,0,135,0,0,149,0,149,292,0,292,441
10/12/2022,PAO,CA,AWP,WE,Towers with Radar,0,0,21,0,21,0,0,97,0,97,0,0,118,0,118,262,0,262,380
10/13/2022,PAO,CA,AWP,WE,Towers with Radar,0,0,18,0,18,0,1,97,0,98,0,1,115,0,116,396,0,396,512
10/14/2022,PAO,CA,AWP,WE,Towers with Radar,0,3,22,0,25,0,0,129,0,129,0,3,151,0,154,266,0,266,420
10/15/2022,PAO,CA,AWP,WE,Towers with Radar,0,0,30,0,30,0,0,190,0,190,0,0,220,0,220,310,0,310,530
10/16/2022,PAO,CA,AWP,WE,Towers with Radar,0,1,29,0,30,0,0,102,0,102,0,1,131,0,132,364,0,364,496
10/17/2022,PAO,CA,AWP,WE,Towers with Radar,0,1,5,0,6,0,1,156,0,157,0,2,161,0,163,312,0,312,475
10/18/2022,PAO,CA,AWP,WE,Towers with Radar,0,0,4,0,4,0,0,172,0,172,0,0,176,0,176,334,0,334,510
10/19/2022,PAO,CA,AWP,WE,Towers with Radar,0,0,4,0,4,0,6,192,0,198,0,6,196,0,202,280,0,280,482
10/20/2022,PAO,CA,AWP,WE,Towers with Radar,0,2,12,0,14,0,1,160,0,161,0,3,172,0,175,434,0,434,609
10/21/2022,PAO,CA,AWP,WE,Towers with Radar,0,0,25,0,25,0,0,157,0,157,0,0,182,0,182,326,0,326,508
10/22/2022,PAO,CA,AWP,WE,Towers with Radar,0,0,19,0,19,0,0,142,0,142,0,0,161,0,161,274,0,274,435
10/23/2022,PAO,CA,AWP,WE,Towers with Radar,0,0,12,0,12,0,2,311,0,313,0,2,323,0,325,234,0,234,559
10/24/2022,PAO,CA,AWP,WE,Towers with Radar,0,2,10,0,12,0,1,166,0,167,0,3,176,0,179,236,0,236,415
10/25/2022,PAO,CA,AWP,WE,Towers with Radar,0,0,13,0,13,0,1,147,0,148,0,1,160,0,161,364,0,364,525
10/26/2022,PAO,CA,AWP,WE,Towers with Radar,0,0,3,0,3,0,6,209,0,215,0,6,212,0,218,349,0,349,567
10/27/2022,PAO,CA,AWP,WE,Towers with Radar,0,0,7,0,7,0,3,154,0,157,0,3,161,0,164,414,0,414,578
10/28/2022,PAO,CA,AWP,WE,Towers with Radar,0,0,12,0,12,0,0,212,0,212,0,0,224,0,224,330,0,330,554
10/29/2022,PAO,CA,AWP,WE,Towers with Radar,0,0,5,0,5,0,0,178,0,178,0,0,183,0,183,206,0,206,389
10/30/2022,PAO,CA,AWP,WE,Towers with Radar,0,0,15,0,15,0,0,159,0,159,0,0,174,0,174,118,0,118,292
10/31/2022,PAO,CA,AWP,WE,Towers with Radar,0,0,5,0,5,0,2,110,0,112,0,2,115,0,117,308,0,308,425
11/01/2022,PAO,CA,AWP,WE,Towers with Radar,0,2,15,0,17,0,0,21,0,21,0,2,36,0,38,108,0,108,146
11/02/2022,PAO,CA,AWP,WE,Towers with Radar,0,0,8,0,8,0,0,79,0,79,0,0,87,0,87,394,0,394,481
11/03/2022,PAO,CA,AWP,WE,Towers with Radar,0,2,2,0,4,0,2,192,0,194,0,4,194,0,198,268,0,268,466
11/04/2022,PAO,CA,AWP,WE,Towers with Radar,0,0,10,0,10,0,2,156,0,158,0,2,166,0,168,356,0,356,524
11/05/2022,PAO,CA,AWP,WE,Towers with Radar,0,0,18,0,18,0,0,38,0,38,0,0,56,0,56,238,0,238,294
11/06/2022,PAO,CA,AWP,WE,Towers with Radar,0,0,8,0,8,0,0,212,3,215,0,0,220,3,223,226,0,226,449
11/07/2022,PAO,CA,AWP,WE,Towers with Radar,0,0,7,0,7,0,0,51,0,51,0,0,58,0,58,142,0,142,200
11/08/2022,PAO,CA,AWP,WE,Towers with Radar,0,0,2,0,2,0,1,18,0,19,0,1,20,0,21,94,0,94,115
11/09/2022,PAO,CA,AWP,WE,Towers with Radar,0,0,4,0,4,0,4,158,0,162,0,4,162,0,166,314,0,314,480
11/10/2022,PAO,CA,AWP,WE,Towers with Radar,0,0,7,0,7,0,3,216,0,219,0,3,223,0,226,378,0,378,604
11/11/2022,PAO,CA,AWP,WE,Towers with Radar,0,0,14,0,14,0,0,217,0,217,0,0,231,0,231,246,0,246,477
11/12/2022,PAO,CA,AWP,WE,Towers with Radar,0,0,11,0,11,0,0,210,0,210,0,0,221,0,221,204,0,204,425
11/13/2022,PAO,CA,AWP,WE,Towers with Radar,0,0,6,0,6,0,0,211,0,211,0,0,217,0,217,274,0,274,491
11/14/2022,PAO,CA,AWP,WE,Towers with Radar,0,1,4,0,5,0,0,170,0,170,0,1,174,0,175,108,0,108,283
11/15/2022,PAO,CA,AWP,WE,Towers with Radar,0,0,7,0,7,0,6,184,0,190,0,6,191,0,197,248,0,248,445
11/16/2022,PAO,CA,AWP,WE,Towers with Radar,0,0,10,0,10,0,2,184,0,186,0,2,194,0,196,301,0,301,497
11/17/2022,PAO,CA,AWP,WE,Towers with Radar,0,0,3,0,3,0,1,160,0,161,0,1,163,0,164,174,0,174,338
11/18/2022,PAO,CA,AWP,WE,Towers with Radar,0,0,9,0,9,0,0,188,0,188,0,0,197,0,197,236,0,236,433
11/19/2022,PAO,CA,AWP,WE,Towers with Radar,0,2,4,0,6,0,2,233,0,235,0,4,237,0,241,190,0,190,431
11/20/2022,PAO,CA,AWP,WE,Towers with Radar,0,0,6,0,6,0,7,192,0,199,0,7,198,0,205,216,0,216,421
11/21/2022,PAO,CA,AWP,WE,Towers with Radar,0,0,6,0,6,0,5,155,0,160,0,5,161,0,166,220,0,220,386
11/22/2022,PAO,CA,AWP,WE,Towers with Radar,0,0,8,0,8,0,5,154,0,159,0,5,162,0,167,369,0,369,536
11/23/2022,PAO,CA,AWP,WE,Towers with Radar,0,0,12,0,12,0,1,186,1,188,0,1,198,1,200,198,0,198,398
11/24/2022,PAO,CA,AWP,WE,Towers with Radar,0,0,2,0,2,0,2,75,0,77,0,2,77,0,79,92,0,92,171
11/25/2022,PAO,CA,AWP,WE,Towers with Radar,0,0,3,0,3,0,3,123,0,126,0,3,126,0,129,254,0,254,383
11/26/2022,PAO,CA,AWP,WE,Towers with Radar,0,0,5,0,5,0,2,166,0,168,0,2,171,0,173,204,0,204,377
11/27/2022,PAO,CA,AWP,WE,Towers with Radar,0,0,7,0,7,0,4,168,0,172,0,4,175,0,179,152,0,152,331
11/28/2022,PAO,CA,AWP,WE,Towers with Radar,0,0,2,0,2,0,6,81,0,87,0,6,83,0,89,158,0,158,247
11/29/2022,PAO,CA,AWP,WE,Towers with Radar,0,0,2,0,2,0,4,145,0,149,0,4,147,0,151,294,0,294,445
11/30/2022,PAO,CA,AWP,WE,Towers with Radar,0,0,4,0,4,0,0,185,2,187,0,0,189,2,191,249,0,249,440
12/01/2022,PAO,CA,AWP,WE,Towers with Radar,0,0,6,0,6,0,0,7,0,7,0,0,13,0,13,10,0,10,23
12/02/2022,PAO,CA,AWP,WE,Towers with Radar,0,0,6,0,6,0,1,216,0,217,0,1,222,0,223,275,0,275,498
12/03/2022,PAO,CA,AWP,WE,Towers with Radar,0,2,12,0,14,0,0,0,0,0,0,2,12,0,14,0,0,0,14
12/04/2022,PAO,CA,AWP,WE,Towers with Radar,0,0,10,0,10,0,4,63,0,67,0,4,73,0,77,292,0,292,369
12/05/2022,PAO,CA,AWP,WE,Towers with Radar,0,0,6,0,6,0,0,53,0,53,0,0,59,0,59,228,0,228,287
12/06/2022,PAO,CA,AWP,WE,Towers with Radar,0,0,10,0,10,0,0,76,0,76,0,0,86,0,86,420,0,420,506
12/07/2022,PAO,CA,AWP,WE,Towers with Radar,0,0,3,0,3,0,2,175,2,179,0,2,178,2,182,272,0,272,454
12/08/2022,PAO,CA,AWP,WE,Towers with Radar,0,0,4,0,4,0,0,82,0,82,0,0,86,0,86,334,0,334,420
12/09/2022,PAO,CA,AWP,WE,Towers with Radar,0,0,11,0,11,0,0,121,0,121,0,0,132,0,132,292,0,292,424
12/10/2022,PAO,CA,AWP,WE,Towers with Radar,0,0,0,0,0,0,0,0,0,0,0,0,0,0,0,26,0,26,26
12/11/2022,PAO,CA,AWP,WE,Towers with Radar,0,0,10,0,10,0,1,60,0,61,0,1,70,0,71,123,0,123,194
12/12/2022,PAO,CA,AWP,WE,Towers with Radar,0,0,5,0,5,0,0,130,0,130,0,0,135,0,135,332,0,332,467
12/13/2022,PAO,CA,AWP,WE,Towers with Radar,0,1,5,0,6,0,0,178,0,178,0,1,183,0,184,332,0,332,516
12/14/2022,PAO,CA,AWP,WE,Towers with Radar,0,1,5,0,6,0,4,129,0,133,0,5,134,0,139,254,0,254,393
12/15/2022,PAO,CA,AWP,WE,Towers with Radar,0,1,3,0,4,0,2,154,0,156,0,3,157,0,160,214,0,214,374
12/16/2022,PAO,CA,AWP,WE,Towers with Radar,0,0,12,0,12,0,0,148,0,148,0,0,160,0,160,200,0,200,360
12/17/2022,PAO,CA,AWP,WE,Towers with Radar,0,0,8,0,8,0,0,180,0,180,0,0,188,0,188,229,0,229,417
12/18/2022,PAO,CA,AWP,WE,Towers with Radar,0,0,14,0,14,0,2,161,0,163,0,2,175,0,177,276,0,276,453
12/19/2022,PAO,CA,AWP,WE,Towers with Radar,0,0,10,0,10,0,0,53,0,53,0,0,63,0,63,105,0,105,168
12/20/2022,PAO,CA,AWP,WE,Towers with Radar,0,0,9,0,9,0,3,137,0,140,0,3,146,0,149,344,0,344,493
12/21/2022,PAO,CA,AWP,WE,Towers with Radar,0,0,10,0,10,0,0,150,0,150,0,0,160,0,160,276,0,276,436
12/22/2022,PAO,CA,AWP,WE,Towers with Radar,0,1,13,0,14,0,0,137,0,137,0,1,150,0,151,296,0,296,447
12/23/2022,PAO,CA,AWP,WE,Towers with Radar,0,1,19,0,20,0,0,105,0,105,0,1,124,0,125,406,0,406,531
12/24/2022,PAO,CA,AWP,WE,Towers with Radar,0,0,5,0,5,0,0,87,0,87,0,0,92,0,92,164,0,164,256
12/25/2022,PAO,CA,AWP,WE,Towers with Radar,0,0,1,0,1,0,0,53,0,53,0,0,54,0,54,66,0,66,120
12/26/2022,PAO,CA,AWP,WE,Towers with Radar,0,0,19,0,19,0,1,46,0,47,0,1,65,0,66,58,0,58,124
12/27/2022,PAO,CA,AWP,WE,Towers with Radar,0,0,5,0,5,0,0,3,0,3,0,0,8,0,8,52,0,52,60
12/28/2022,PAO,CA,AWP,WE,Towers with Radar,0,0,21,0,21,0,0,161,0,161,0,0,182,0,182,212,0,212,394
12/29/2022,PAO,CA,AWP,WE,Towers with Radar,0,0,17,0,17,0,0,4,0,4,0,0,21,0,21,138,0,138,159
12/30/2022,PAO,CA,AWP,WE,Towers with Radar,0,0,15,0,15,0,0,0,0,0,0,0,15,0,15,4,0,4,19
12/31/2022,PAO,CA,AWP,WE,Towers with Radar,0,0,2,0,2,0,0,0,0,0,0,0,2,0,2,0,0,0,2
01/01/2023,PAO,CA,AWP,WE,Towers with Radar,0,0,5,0,5,0,0,169,0,169,0,0,174,0,174,256,0,256,430
01/02/2023,PAO,CA,AWP,WE,Towers with Radar,0,0,8,0,8,0,1,26,0,27,0,1,34,0,35,122,0,122,157
01/03/2023,PAO,CA,AWP,WE,Towers with Radar,0,0,14,0,14,0,1,80,0,81,0,1,94,0,95,452,0,452,547
01/04/2023,PAO,CA,AWP,WE,Towers with Radar,0,0,2,0,2,0,0,0,0,0,0,0,2,0,2,0,0,0,2
01/05/2023,PAO,CA,AWP,WE,Towers with Radar,0,0,3,0,3,0,0,5,0,5,0,0,8,0,8,92,0,92,100
01/06/2023,PAO,CA,AWP,WE,Towers with Radar,0,0,10,0,10,0,3,162,1,166,0,3,172,1,176,369,0,369,545
01/07/2023,PAO,CA,AWP,WE,Towers with Radar,0,0,5,0,5,0,0,23,0,23,0,0,28,0,28,136,0,136,164
01/08/2023,PAO,CA,AWP,WE,Towers with Radar,0,0,6,0,6,0,0,101,0,101,0,0,107,0,107,218,0,218,325
01/09/2023,PAO,CA,AWP,WE,Towers with Radar,0,0,9,0,9,0,0,22,0,22,0,0,31,0,31,56,0,56,87
01/10/2023,PAO,CA,AWP,WE,Towers with Radar,0,0,3,0,3,0,1,2,1,4,0,1,5,1,7,6,0,6,13
01/11/2023,PAO,CA,AWP,WE,Towers with Radar,0,0,6,0,6,0,0,6,0,6,0,0,12,0,12,28,0,28,40
01/12/2023,PAO,CA,AWP,WE,Towers with Radar,2,1,5,0,8,0,0,164,0,164,2,1,169,0,172,261,0,261,433
01/13/2023,PAO,CA,AWP,WE,Towers with Radar,0,2,12,0,14,0,0,6,0,6,0,2,18,0,20,0,0,0,20
01/14/2023,PAO,CA,AWP,WE,Towers with Radar,0,6,0,0,6,0,0,4,0,4,0,6,4,0,10,20,0,20,30
01/15/2023,PAO,CA,AWP,WE,Towers with Radar,0,0,10,0,10,0,2,22,0,24,0,2,32,0,34,210,0,210,244
01/16/2023,PAO,CA,AWP,WE,Towers with Radar,0,0,4,0,4,0,3,19,0,22,0,3,23,0,26,126,0,126,152
01/17/2023,PAO,CA,AWP,WE,Towers with Radar,0,0,5,0,5,0,1,171,0,172,0,1,176,0,177,268,0,268,445
01/18/2023,PAO,CA,AWP,WE,Towers with Radar,0,0,7,0,7,0,2,92,0,94,0,2,99,0,101,206,0,206,307
01/19/2023,PAO,CA,AWP,WE,Towers with Radar,0,1,3,0,4,0,1,57,0,58,0,2,60,0,62,162,0,162,224
01/20/2023,PAO,CA,AWP,WE,Towers with Radar,0,0,10,0,10,0,1,201,0,202,0,1,211,0,212,236,0,236,448
01/21/2023,PAO,CA,AWP,WE,Towers with Radar,0,0,5,0,5,0,2,232,1,235,0,2,237,1,240,222,0,222,462
01/22/2023,PAO,CA,AWP,WE,Towers with Radar,0,0,1,0,1,0,2,154,0,156,0,2,155,0,157,158,0,158,315
01/23/2023,PAO,CA,AWP,WE,Towers with Radar,0,2,4,0,6,0,0,96,0,96,0,2,100,0,102,288,0,288,390
01/24/2023,PAO,CA,AWP,WE,Towers with Radar,0,0,1,0,1,0,0,174,0,174,0,0,175,0,175,270,0,270,445
01/25/2023,PAO,CA,AWP,WE,Towers with Radar,0,1,8,0,9,0,3,153,0,156,0,4,161,0,165,266,0,266,431
01/26/2023,PAO,CA,AWP,WE,Towers with Radar,0,1,6,0,7,0,0,172,0,172,0,1,178,0,179,288,0,288,467
01/27/2023,PAO,CA,AWP,WE,Towers with Radar,0,0,11,0,11,0,1,169,0,170,0,1,180,0,181,218,0,218,399
01/28/2023,PAO,CA,AWP,WE,Towers with Radar,0,0,11,0,11,0,0,149,0,149,0,0,160,0,160,130,0,130,290
01/29/2023,PAO,CA,AWP,WE,Towers with Radar,0,0,18,0,18,0,1,47,0,48,0,1,65,0,66,238,0,238,304
01/30/2023,PAO,CA,AWP,WE,Towers with Radar,0,0,7,0,7,0,2,119,0,121,0,2,126,0,128,210,0,210,338
01/31/2023,PAO,CA,AWP,WE,Towers with Radar,0,0,3,0,3,0,0,181,0,181,0,0,184,0,184,258,0,258,442
02/01/2023,PAO,CA,AWP,WE,Towers with Radar,0,0,4,0,4,0,0,136,0,136,0,0,140,0,140,244,0,244,384
02/02/2023,PAO,CA,AWP,WE,Towers with Radar,0,0,13,0,13,0,2,123,0,125,0,2,136,0,138,180,0,180,318
02/03/2023,PAO,CA,AWP,WE,Towers with Radar,0,3,18,0,21,0,0,28,0,28,0,3,46,0,49,254,0,254,303
02/04/2023,PAO,CA,AWP,WE,Towers with Radar,0,0,15,0,15,0,1,30,0,31,0,1,45,0,46,282,0,282,328
02/05/2023,PAO,CA,AWP,WE,Towers with Radar,0,2,19,0,21,0,0,25,0,25,0,2,44,0,46,136,0,136,182
02/06/2023,PAO,CA,AWP,WE,Towers with Radar,0,3,6,0,9,0,0,156,0,156,0,3,162,0,165,248,0,248,413
02/07/2023,PAO,CA,AWP,WE,Towers with Radar,0,0,4,0,4,0,2,151,0,153,0,2,155,0,157,268,0,268,425
02/08/2023,PAO,CA,AWP,WE,Towers with Radar,0,0,13,0,13,0,2,174,0,176,0,2,187,0,189,260,0,260,449
02/09/2023,PAO,CA,AWP,WE,Towers with Radar,0,0,10,0,10,0,0,160,0,160,0,0,170,0,170,282,0,282,452
02/10/2023,PAO,CA,AWP,WE,Towers with Radar,0,2,31,0,33,0,2,102,0,104,0,4,133,0,137,340,0,340,477
02/11/2023,PAO,CA,AWP,WE,Towers with Radar,0,1,11,0,12,0,0,103,0,103,0,1,114,0,115,376,0,376,491
02/12/2023,PAO,CA,AWP,WE,Towers with Radar,0,2,4,0,6,0,2,221,0,223,0,4,225,0,229,206,0,206,435
02/13/2023,PAO,CA,AWP,WE,Towers with Radar,0,2,10,0,12,0,4,89,0,93,0,6,99,0,105,227,0,227,332
02/14/2023,PAO,CA,AWP,WE,Towers with Radar,0,1,6,0,7,0,2,55,0,57,0,3,61,0,64,274,0,274,338
02/15/2023,PAO,CA,AWP,WE,Towers with Radar,0,0,7,0,7,0,5,148,0,153,0,5,155,0,160,226,0,226,386
02/16/2023,PAO,CA,AWP,WE,Towers with Radar,0,1,9,0,10,0,4,146,0,150,0,5,155,0,160,324,0,324,484
02/17/2023,PAO,CA,AWP,WE,Towers with Radar,0,1,23,0,24,0,2,219,0,221,0,3,242,0,245,236,0,236,481
02/18/2023,PAO,CA,AWP,WE,Towers with Radar,0,0,10,0,10,0,0,218,0,218,0,0,228,0,228,208,0,208,436
02/19/2023,PAO,CA,AWP,WE,Towers with Radar,0,0,4,0,4,0,0,188,1,189,0,0,192,1,193,194,0,194,387
02/20/2023,PAO,CA,AWP,WE,Towers with Radar,0,0,9,0,9,0,3,187,0,190,0,3,196,0,199,170,0,170,369
02/21/2023,PAO,CA,AWP,WE,Towers with Radar,0,0,4,0,4,0,2,24,0,26,0,2,28,0,30,126,0,126,156
02/22/2023,PAO,CA,AWP,WE,Towers with Radar,0,0,7,0,7,0,2,22,0,24,0,2,29,0,31,102,0,102,133
02/23/2023,PAO,CA,AWP,WE,Towers with Radar,0,0,6,0,6,0,0,38,0,38,0,0,44,0,44,102,0,102,146
02/24/2023,PAO,CA,AWP,WE,Towers with Radar,0,0,5,0,5,0,0,46,0,46,0,0,51,0,51,292,0,292,343
02/25/2023,PAO,CA,AWP,WE,Towers with Radar,0,0,8,0,8,0,2,97,0,99,0,2,105,0,107,392,0,392,499
02/26/2023,PAO,CA,AWP,WE,Towers with Radar,0,1,8,0,9,0,0,31,0,31,0,1,39,0,40,177,0,177,217
02/27/2023,PAO,CA,AWP,WE,Towers with Radar,0,1,9,0,10,0,1,8,0,9,0,2,17,0,19,2,0,2,21
02/28/2023,PAO,CA,AWP,WE,Towers with Radar,0,0,4,0,4,0,0,10,0,10,0,0,14,0,14,54,0,54,68
03/01/2023,PAO,CA,AWP,WE,Towers with Radar,0,0,5,0,5,0,0,104,0,104,0,0,109,0,109,263,0,263,372
03/02/2023,PAO,CA,AWP,WE,Towers with Radar,0,0,5,0,5,0,1,238,0,239,0,1,243,0,244,362,0,362,606
03/03/2023,PAO,CA,AWP,WE,Towers with Radar,0,0,21,0,21,0,0,142,0,142,0,0,163,0,163,402,0,402,565
03/04/2023,PAO,CA,AWP,WE,Towers with Radar,0,0,4,0,4,0,0,24,0,24,0,0,28,0,28,150,0,150,178
03/05/2023,PAO,CA,AWP,WE,Towers with Radar,0,0,4,0,4,0,4,58,0,62,0,4,62,0,66,204,0,204,270
03/06/2023,PAO,CA,AWP,WE,Towers with Radar,0,0,6,0,6,0,0,43,0,43,0,0,49,0,49,390,0,390,439
03/07/2023,PAO,CA,AWP,WE,Towers with Radar,0,0,9,0,9,0,0,165,0,165,0,0,174,0,174,300,0,300,474
03/08/2023,PAO,CA,AWP,WE,Towers with Radar,0,0,14,0,14,0,0,101,2,103,0,0,115,2,117,353,0,353,470
03/09/2023,PAO,CA,AWP,WE,Towers with Radar,0,0,7,0,7,0,0,16,0,16,0,0,23,0,23,126,0,126,149
03/10/2023,PAO,CA,AWP,WE,Towers with Radar,0,0,8,0,8,0,1,15,0,16,0,1,23,0,24,104,0,104,128
03/11/2023,PAO,CA,AWP,WE,Towers with Radar,0,0,28,0,28,0,0,32,0,32,0,0,60,0,60,269,0,269,329
03/12/2023,PAO,CA,AWP,WE,Towers with Radar,0,0,8,0,8,0,0,17,0,17,0,0,25,0,25,14,0,14,39
03/13/2023,PAO,CA,AWP,WE,Towers with Radar,0,0,3,0,3,0,0,52,0,52,0,0,55,0,55,272,0,272,327
03/14/2023,PAO,CA,AWP,WE,Towers with Radar,0,0,6,0,6,0,0,0,0,0,0,0,6,0,6,0,0,0,6
03/15/2023,PAO,CA,AWP,WE,Towers with Radar,0,0,13,0,13,0,6,183,0,189,0,6,196,0,202,422,0,422,624
03/16/2023,PAO,CA,AWP,WE,Towers with Radar,1,2,15,0,18,0,1,205,0,206,1,3,220,0,224,296,0,296,520
03/17/2023,PAO,CA,AWP,WE,Towers with Radar,0,1,7,0,8,0,6,175,0,181,0,7,182,0,189,392,0,392,581
03/18/2023,PAO,CA,AWP,WE,Towers with Radar,0,0,9,0,9,0,3,239,0,242,0,3,248,0,251,264,0,264,515
03/19/2023,PAO,CA,AWP,WE,Towers with Radar,0,1,13,0,14,0,2,15,0,17,0,3,28,0,31,46,0,46,77
03/20/2023,PAO,CA,AWP,WE,Towers with Radar,0,2,12,0,14,0,0,62,0,62,0,2,74,0,76,462,0,462,538
03/21/2023,PAO,CA,AWP,WE,Towers with Radar,0,0,2,0,2,0,0,0,1,1,0,0,2,1,3,0,0,0,3
03/22/2023,PAO,CA,AWP,WE,Towers with Radar,0,2,4,0,6,0,2,60,0,62,0,4,64,0,68,324,0,324,392
03/23/2023,PAO,CA,AWP,WE,Towers with Radar,1,0,15,0,16,0,0,100,0,100,1,0,115,0,116,288,0,288,404
03/24/2023,PAO,CA,AWP,WE,Towers with Radar,0,0,7,0,7,0,0,209,0,209,0,0,216,0,216,288,0,288,504
03/25/2023,PAO,CA,AWP,WE,Towers with Radar,0,0,15,0,15,0,1,210,0,211,0,1,225,0,226,262,0,262,488
03/26/2023,PAO,CA,AWP,WE,Towers with Radar,0,2,12,0,14,0,0,230,0,230,0,2,242,0,244,256,0,256,500
03/27/2023,PAO,CA,AWP,WE,Towers with Radar,0,0,13,0,13,0,0,133,0,133,0,0,146,0,146,294,0,294,440
03/28/2023,PAO,CA,AWP,WE,Towers with Radar,0,0,0,0,0,0,0,1,0,1,0,0,1,0,1,0,0,0,1
03/29/2023,PAO,CA,AWP,WE,Towers with Radar,0,0,3,0,3,0,0,5,0,5,0,0,8,0,8,184,0,184,192
03/30/2023,PAO,CA,AWP,WE,Towers with Radar,0,0,15,0,15,0,1,147,0,148,0,1,162,0,163,389,0,389,552
03/31/2023,PAO,CA,AWP,WE,Towers with Radar,0,0,6,0,6,0,0,211,0,211,0,0,217,0,217,358,0,358,575
04/01/2023,PAO,CA,AWP,WE,Towers with Radar,0,0,3,0,3,0,2,232,0,234,0,2,235,0,237,266,0,266,503
04/02/2023,PAO,CA,AWP,WE,Towers with Radar,0,1,20,0,21,0,0,106,0,106,0,1,126,0,127,223,0,223,350
04/03/2023,PAO,CA,AWP,WE,Towers with Radar,0,0,3,0,3,0,0,54,0,54,0,0,57,0,57,136,0,136,193
04/04/2023,PAO,CA,AWP,WE,Towers with Radar,0,0,7,0,7,0,0,156,0,156,0,0,163,0,163,272,0,272,435
04/05/2023,PAO,CA,AWP,WE,Towers with Radar,0,1,6,0,7,0,2,203,0,205,0,3,209,0,212,320,0,320,532
04/06/2023,PAO,CA,AWP,WE,Towers with Radar,0,0,3,0,3,0,0,170,1,171,0,0,173,1,174,361,0,361,535
04/07/2023,PAO,CA,AWP,WE,Towers with Radar,0,0,22,0,22,0,2,46,0,48,0,2,68,0,70,304,0,304,374
04/08/2023,PAO,CA,AWP,WE,Towers with Radar,0,0,27,0,27,0,0,155,0,155,0,0,182,0,182,264,0,264,446
04/09/2023,PAO,CA,AWP,WE,Towers with Radar,0,0,4,0,4,0,3,199,0,202,0,3,203,0,206,228,0,228,434
04/10/2023,PAO,CA,AWP,WE,Towers with Radar,0,1,5,0,6,0,1,152,0,153,0,2,157,0,159,292,0,292,451
04/11/2023,PAO,CA,AWP,WE,Towers with Radar,0,0,21,0,21,0,0,102,0,102,0,0,123,0,123,232,0,232,355
04/12/2023,PAO,CA,AWP,WE,Towers with Radar,0,0,5,0,5,0,3,130,0,133,0,3,135,0,138,206,0,206,344
04/13/2023,PAO,CA,AWP,WE,Towers with Radar,0,0,4,0,4,0,0,186,0,186,0,0,190,0,190,266,0,266,456
04/14/2023,PAO,CA,AWP,WE,Towers with Radar,0,0,11,0,11,0,1,221,0,222,0,1,232,0,233,324,0,324,557
04/15/2023,PAO,CA,AWP,WE,Towers with Radar,0,2,15,0,17,0,6,175,0,181,0,8,190,0,198,292,0,292,490
04/16/2023,PAO,CA,AWP,WE,Towers with Radar,0,0,28,0,28,0,2,179,0,181,0,2,207,0,209,172,0,172,381
04/17/2023,PAO,CA,AWP,WE,Towers with Radar,0,0,10,0,10,0,2,113,0,115,0,2,123,0,125,358,0,358,483
04/18/2023,PAO,CA,AWP,WE,Towers with Radar,0,0,7,0,7,0,2,159,0,161,0,2,166,0,168,345,0,345,513
04/19/2023,PAO,CA,AWP,WE,Towers with Radar,0,0,13,0,13,0,1,158,1,160,0,1,171,1,173,306,0,306,479
04/20/2023,PAO,CA,AWP,WE,Towers with Radar,0,0,1,0,1,0,3,164,0,167,0,3,165,0,168,356,0,356,524
04/21/2023,PAO,CA,AWP,WE,Towers with Radar,0,2,2,0,4,0,0,184,0,184,0,2,186,0,188,282,0,282,470
04/22/2023,PAO,CA,AWP,WE,Towers with Radar,0,0,4,0,4,0,2,230,0,232,0,2,234,0,236,180,0,180,416
04/23/2023,PAO,CA,AWP,WE,Towers with Radar,0,0,15,0,15,0,3,199,0,202,0,3,214,0,217,204,0,204,421
04/24/2023,PAO,CA,AWP,WE,Towers with Radar,0,0,3,0,3,0,0,157,0,157,0,0,160,0,160,342,0,342,502
04/25/2023,PAO,CA,AWP,WE,Towers with Radar,0,0,5,0,5,0,2,171,0,173,0,2,176,0,178,396,0,396,574
04/26/2023,PAO,CA,AWP,WE,Towers with Radar,0,0,8,0,8,0,2,176,0,178,0,2,184,0,186,344,0,344,530
04/27/2023,PAO,CA,AWP,WE,Towers with Radar,0,0,8,0,8,0,1,221,0,222,0,1,229,0,230,252,0,252,482
04/28/2023,PAO,CA,AWP,WE,Towers with Radar,0,0,10,0,10,0,0,195,0,195,0,0,205,0,205,406,0,406,611
04/29/2023,PAO,CA,AWP,WE,Towers with Radar,0,0,18,0,18,0,0,155,0,155,0,0,173,0,173,164,0,164,337
04/30/2023,PAO,CA,AWP,WE,Towers with Radar,0,2,19,0,21,0,2,85,0,87,0,4,104,0,108,286,0,286,394
05/01/2023,PAO,CA,AWP,WE,Towers with Radar,0,0,18,0,18,0,0,35,0,35,0,0,53,0,53,238,0,238,291
05/02/2023,PAO,CA,AWP,WE,Towers with Radar,0,0,12,0,12,0,0,26,0,26,0,0,38,0,38,370,0,370,408
05/03/2023,PAO,CA,AWP,WE,Towers with Radar,1,1,11,0,13,0,1,39,2,42,1,2,50,2,55,302,0,302,357
05/04/2023,PAO,CA,AWP,WE,Towers with Radar,0,1,28,0,29,0,0,49,0,49,0,1,77,0,78,447,0,447,525
05/05/2023,PAO,CA,AWP,WE,Towers with Radar,0,0,23,0,23,0,5,130,0,135,0,5,153,0,158,423,0,423,581
05/06/2023,PAO,CA,AWP,WE,Towers with Radar,0,0,29,0,29,0,2,63,1,66,0,2,92,1,95,318,0,318,413
05/07/2023,PAO,CA,AWP,WE,Towers with Radar,0,3,29,0,32,0,3,172,0,175,0,6,201,0,207,330,0,330,537
05/08/2023,PAO,CA,AWP,WE,Towers with Radar,0,0,15,0,15,0,0,62,0,62,0,0,77,0,77,272,0,272,349
05/09/2023,PAO,CA,AWP,WE,Towers with Radar,0,0,9,0,9,0,0,145,0,145,0,0,154,0,154,386,0,386,540
05/10/2023,PAO,CA,AWP,WE,Towers with Radar,0,0,18,0,18,0,1,121,0,122,0,1,139,0,140,374,0,374,514
05/11/2023,PAO,CA,AWP,WE,Towers with Radar,0,0,14,0,14,0,2,183,0,185,0,2,197,0,199,465,0,465,664
05/12/2023,PAO,CA,AWP,WE,Towers with Radar,0,2,8,0,10,0,0,155,0,155,0,2,163,0,165,513,0,513,678
05/13/2023,PAO,CA,AWP,WE,Towers with Radar,0,0,14,0,14,0,0,210,0,210,0,0,224,0,224,260,0,260,484
05/14/2023,PAO,CA,AWP,WE,Towers with Radar,0,3,10,0,13,0,4,140,0,144,0,7,150,0,157,208,0,208,365
05/15/2023,PAO,CA,AWP,WE,Towers with Radar,0,0,15,0,15,0,0,117,0,117,0,0,132,0,132,310,0,310,442
05/16/2023,PAO,CA,AWP,WE,Towers with Radar,0,2,12,0,14,0,2,147,0,149,0,4,159,0,163,250,0,250,413
05/17/2023,PAO,CA,AWP,WE,Towers with Radar,0,0,16,0,16,0,3,82,0,85,0,3,98,0,101,0,0,0,101
05/18/2023,PAO,CA,AWP,WE,Towers with Radar,0,0,11,0,11,0,0,158,0,158,0,0,169,0,169,338,0,338,507
05/19/2023,PAO,CA,AWP,WE,Towers with Radar,0,0,14,0,14,0,0,158,0,158,0,0,172,0,172,254,0,254,426
05/20/2023,PAO,CA,AWP,WE,Towers with Radar,0,0,28,0,28,0,1,142,0,143,0,1,170,0,171,448,0,448,619
05/21/2023,PAO,CA,AWP,WE,Towers with Radar,0,0,25,0,25,0,0,156,0,156,0,0,181,0,181,226,0,226,407
05/22/2023,PAO,CA,AWP,WE,Towers with Radar,0,0,10,0,10,0,0,146,0,146,0,0,156,0,156,196,0,196,352
05/23/2023,PAO,CA,AWP,WE,Towers with Radar,0,0,14,0,14,0,2,147,0,149,0,2,161,0,163,388,0,388,551
05/24/2023,PAO,CA,AWP,WE,Towers with Radar,0,0,19,0,19,0,1,132,0,133,0,1,151,0,152,416,0,416,568
05/25/2023,PAO,CA,AWP,WE,Towers with Radar,0,0,20,0,20,0,2,111,0,113,0,2,131,0,133,394,0,394,527
05/26/2023,PAO,CA,AWP,WE,Towers with Radar,0,2,21,0,23,0,3,153,0,156,0,5,174,0,179,396,0,396,575
05/27/2023,PAO,CA,AWP,WE,Towers with Radar,0,1,21,0,22,0,0,141,0,141,0,1,162,0,163,288,0,288,451
05/28/2023,PAO,CA,AWP,WE,Towers with Radar,0,0,24,0,24,0,0,69,0,69,0,0,93,0,93,366,0,366,459
05/29/2023,PAO,CA,AWP,WE,Towers with Radar,0,2,16,0,18,0,7,135,0,142,0,9,151,0,160,248,0,248,408
05/30/2023,PAO,CA,AWP,WE,Towers with Radar,0,0,10,0,10,0,2,121,0,123,0,2,131,0,133,414,0,414,547
05/31/2023,PAO,CA,AWP,WE,Towers with Radar,0,0,8,0,8,0,1,136,0,137,0,1,144,0,145,458,0,458,603
06/01/2023,PAO,CA,AWP,WE,Towers with Radar,0,0,10,0,10,0,4,144,0,148,0,4,154,0,158,342,0,342,500
06/02/2023,PAO,CA,AWP,WE,Towers with Radar,0,0,4,0,4,0,2,204,0,206,0,2,208,0,210,270,0,270,480
06/03/2023,PAO,CA,AWP,WE,Towers with Radar,0,0,9,0,9,0,1,189,0,190,0,1,198,0,199,274,0,274,473
06/04/2023,PAO,CA,AWP,WE,Towers with Radar,0,0,12,0,12,0,0,176,0,176,0,0,188,0,188,212,0,212,400
06/05/2023,PAO,CA,AWP,WE,Towers with Radar,0,0,6,0,6,0,2,83,0,85,0,2,89,0,91,302,0,302,393
06/06/2023,PAO,CA,AWP,WE,Towers with Radar,0,0,10,0,10,0,0,70,0,70,0,0,80,0,80,383,0,383,463
06/07/2023,PAO,CA,AWP,WE,Towers with Radar,1,2,16,0,19,0,0,129,0,129,1,2,145,0,148,390,0,390,538
06/08/2023,PAO,CA,AWP,WE,Towers with Radar,0,1,9,0,10,0,2,204,0,206,0,3,213,0,216,354,0,354,570
06/09/2023,PAO,CA,AWP,WE,Towers with Radar,0,1,19,0,20,0,0,114,0,114,0,1,133,0,134,434,0,434,568
06/10/2023,PAO,CA,AWP,WE,Towers with Radar,0,0,28,0,28,0,0,154,0,154,0,0,182,0,182,380,0,380,562
06/11/2023,PAO,CA,AWP,WE,Towers with Radar,0,0,13,0,13,0,0,154,0,154,0,0,167,0,167,294,0,294,461
06/12/2023,PAO,CA,AWP,WE,Towers with Radar,0,0,6,0,6,0,2,140,0,142,0,2,146,0,148,342,0,342,490
06/13/2023,PAO,CA,AWP,WE,Towers with Radar,0,0,8,0,8,0,5,174,0,179,0,5,182,0,187,456,0,456,643
06/14/2023,PAO,CA,AWP,WE,Towers with Radar,0,2,12,0,14,0,3,181,0,184,0,5,193,0,198,420,0,420,618
06/15/2023,PAO,CA,AWP,WE,Towers with Radar,0,0,14,0,14,0,1,200,0,201,0,1,214,0,215,358,0,358,573
06/16/2023,PAO,CA,AWP,WE,Towers with Radar,0,0,18,0,18,0,0,168,0,168,0,0,186,0,186,386,0,386,572
06/17/2023,PAO,CA,AWP,WE,Towers with Radar,0,0,15,0,15,0,0,214,0,214,0,0,229,0,229,272,0,272,501
06/18/2023,PAO,CA,AWP,WE,Towers with Radar,0,0,13,0,13,0,8,134,0,142,0,8,147,0,155,230,0,230,385
06/19/2023,PAO,CA,AWP,WE,Towers with Radar,0,0,8,0,8,0,3,28,0,31,0,3,36,0,39,130,0,130,169
06/20/2023,PAO,CA,AWP,WE,Towers with Radar,0,0,9,0,9,0,0,58,0,58,0,0,67,0,67,0,0,0,67
06/21/2023,PAO,CA,AWP,WE,Towers with Radar,0,0,11,0,11,0,0,136,0,136,0,0,147,0,147,304,0,304,451
06/22/2023,PAO,CA,AWP,WE,Towers with Radar,0,0,16,0,16,0,0,162,0,162,0,0,178,0,178,330,0,330,508
06/23/2023,PAO,CA,AWP,WE,Towers with Radar,0,0,17,0,17,0,7,162,0,169,0,7,179,0,186,398,0,398,584
06/24/2023,PAO,CA,AWP,WE,Towers with Radar,0,0,19,0,19,0,3,173,0,176,0,3,192,0,195,272,0,272,467
06/25/2023,PAO,CA,AWP,WE,Towers with Radar,0,0,27,0,27,0,0,117,0,117,0,0,144,0,144,306,0,306,450
06/26/2023,PAO,CA,AWP,WE,Towers with Radar,0,0,10,0,10,0,0,124,0,124,0,0,134,0,134,398,0,398,532
06/27/2023,PAO,CA,AWP,WE,Towers with Radar,0,0,6,0,6,0,0,123,0,123,0,0,129,0,129,530,0,530,659
06/28/2023,PAO,CA,AWP,WE,Towers with Radar,0,0,24,0,24,0,3,175,0,178,0,3,199,0,202,400,0,400,602
06/29/2023,PAO,CA,AWP,WE,Towers with Radar,0,0,19,0,19,1,2,186,0,189,1,2,205,0,208,398,0,398,606
06/30/2023,PAO,CA,AWP,WE,Towers with Radar,0,0,11,0,11,0,0,225,0,225,0,0,236,0,236,360,0,360,596
07/01/2023,PAO,CA,AWP,WE,Towers with Radar,0,0,3,0,3,0,2,180,0,182,0,2,183,0,185,278,0,278,463
07/02/2023,PAO,CA,AWP,WE,Towers with Radar,0,0,4,0,4,0,3,137,0,140,0,3,141,0,144,236,0,236,380
07/03/2023,PAO,CA,AWP,WE,Towers with Radar,0,0,9,0,9,0,5,135,0,140,0,5,144,0,149,242,0,242,391
07/04/2023,PAO,CA,AWP,WE,Towers with Radar,0,0,9,0,9,0,0,123,0,123,0,0,132,0,132,332,0,332,464
07/05/2023,PAO,CA,AWP,WE,Towers with Radar,0,1,16,0,17,0,1,162,0,163,0,2,178,0,180,381,0,381,561
07/06/2023,PAO,CA,AWP,WE,Towers with Radar,0,0,12,0,12,0,7,157,0,164,0,7,169,0,176,478,0,478,654
07/07/2023,PAO,CA,AWP,WE,Towers with Radar,0,0,11,0,11,0,1,151,0,152,0,1,162,0,163,494,0,494,657
07/08/2023,PAO,CA,AWP,WE,Towers with Radar,0,0,15,0,15,0,0,133,0,133,0,0,148,0,148,362,0,362,510
07/09/2023,PAO,CA,AWP,WE,Towers with Radar,0,0,20,0,20,0,6,139,0,145,0,6,159,0,165,380,0,380,545
07/10/2023,PAO,CA,AWP,WE,Towers with Radar,0,1,6,0,7,0,2,127,0,129,0,3,133,0,136,542,0,542,678
07/11/2023,PAO,CA,AWP,WE,Towers with Radar,0,0,5,0,5,0,1,188,0,189,0,1,193,0,194,404,0,404,598
07/12/2023,PAO,CA,AWP,WE,Towers with Radar,0,0,17,0,17,0,0,167,0,167,0,0,184,0,184,384,0,384,568
07/13/2023,PAO,CA,AWP,WE,Towers with Radar,0,0,6,0,6,0,5,179,0,184,0,5,185,0,190,354,0,354,544
07/14/2023,PAO,CA,AWP,WE,Towers with Radar,0,0,14,0,14,0,1,177,0,178,0,1,191,0,192,312,0,312,504
07/15/2023,PAO,CA,AWP,WE,Towers with Radar,0,0,18,0,18,0,0,155,0,155,0,0,173,0,173,62,0,62,235
07/16/2023,PAO,CA,AWP,WE,Towers with Radar,0,0,6,0,6,0,1,169,1,171,0,1,175,1,177,262,0,262,439
07/17/2023,PAO,CA,AWP,WE,Towers with Radar,0,0,8,0,8,0,1,117,0,118,0,1,125,0,126,266,0,266,392
07/18/2023,PAO,CA,AWP,WE,Towers with Radar,0,0,6,0,6,0,1,161,0,162,0,1,167,0,168,318,0,318,486
07/19/2023,PAO,CA,AWP,WE,Towers with Radar,0,0,7,0,7,0,2,193,0,195,0,2,200,0,202,392,0,392,594
07/20/2023,PAO,CA,AWP,WE,Towers with Radar,0,0,10,0,10,0,1,173,0,174,0,1,183,0,184,408,0,408,592
07/21/2023,PAO,CA,AWP,WE,Towers with Radar,0,2,11,0,13,0,2,219,0,221,0,4,230,0,234,364,0,364,598
07/22/2023,PAO,CA,AWP,WE,Towers with Radar,0,0,9,0,9,0,1,188,0,189,0,1,197,0,198,252,0,252,450
07/23/2023,PAO,CA,AWP,WE,Towers with Radar,0,0,9,0,9,0,5,183,0,188,0,5,192,0,197,252,0,252,449
07/24/2023,PAO,CA,AWP,WE,Towers with Radar,0,0,9,0,9,0,2,122,0,124,0,2,131,0,133,274,0,274,407
07/25/2023,PAO,CA,AWP,WE,Towers with Radar,0,0,7,0,7,0,2,152,0,154,0,2,159,0,161,236,0,236,397
07/26/2023,PAO,CA,AWP,WE,Towers with Radar,0,0,10,0,10,0,4,143,0,147,0,4,153,0,157,366,0,366,523
07/27/2023,PAO,CA,AWP,WE,Towers with Radar,0,1,11,0,12,0,3,149,0,152,0,4,160,0,164,264,0,264,428
07/28/2023,PAO,CA,AWP,WE,Towers with Radar,0,2,9,0,11,0,7,169,0,176,0,9,178,0,187,301,0,301,488
07/29/2023,PAO,CA,AWP,WE,Towers with Radar,0,0,15,0,15,0,4,181,0,185,0,4,196,0,200,266,0,266,466
07/30/2023,PAO,CA,AWP,WE,Towers with Radar,0,2,10,0,12,0,2,168,0,170,0,4,178,0,182,146,0,146,328
07/31/2023,PAO,CA,AWP,WE,Towers with Radar,0,1,9,0,10,0,6,55,0,61,0,7,64,0,71,0,0,0,71
08/01/2023,PAO,CA,AWP,WE,Towers with Radar,0,1,17,0,18,0,3,128,0,131,0,4,145,0,149,412,0,412,561
08/02/2023,PAO,CA,AWP,WE,Towers with Radar,0,0,12,0,12,0,1,110,0,111,0,1,122,0,123,444,0,444,567
08/03/2023,PAO,CA,AWP,WE,Towers with Radar,0,0,8,0,8,0,2,162,0,164,0,2,170,0,172,398,0,398,570
08/04/2023,PAO,CA,AWP,WE,Towers with Radar,0,1,9,0,10,0,9,185,0,194,0,10,194,0,204,354,0,354,558
08/05/2023,PAO,CA,AWP,WE,Towers with Radar,0,0,19,0,19,0,2,189,1,192,0,2,208,1,211,204,0,204,415
08/06/2023,PAO,CA,AWP,WE,Towers with Radar,0,0,12,0,12,0,1,172,0,173,0,1,184,0,185,250,0,250,435
08/07/2023,PAO,CA,AWP,WE,Towers with Radar,0,0,7,0,7,0,1,117,0,118,0,1,124,0,125,260,0,260,385
08/08/2023,PAO,CA,AWP,WE,Towers with Radar,0,0,6,0,6,0,1,132,0,133,0,1,138,0,139,308,0,308,447
08/09/2023,PAO,CA,AWP,WE,Towers with Radar,0,0,10,0,10,0,2,176,0,178,0,2,186,0,188,292,0,292,480
08/10/2023,PAO,CA,AWP,WE,Towers with Radar,0,2,18,0,20,0,1,135,0,136,0,3,153,0,156,330,0,330,486
08/11/2023,PAO,CA,AWP,WE,Towers with Radar,0,0,10,0,10,0,0,156,0,156,0,0,166,0,166,390,0,390,556
08/12/2023,PAO,CA,AWP,WE,Towers with Radar,0,0,6,0,6,0,4,159,0,163,0,4,165,0,169,292,0,292,461
08/13/2023,PAO,CA,AWP,WE,Towers with Radar,0,0,10,0,10,0,2,188,0,190,0,2,198,0,200,218,0,218,418
08/14/2023,PAO,CA,AWP,WE,Towers with Radar,0,0,14,0,14,0,0,141,0,141,0,0,155,0,155,222,0,222,377
08/15/2023,PAO,CA,AWP,WE,Towers with Radar,0,0,8,0,8,0,0,172,0,172,0,0,180,0,180,328,0,328,508
08/16/2023,PAO,CA,AWP,WE,Towers with Radar,0,0,13,0,13,0,5,155,0,160,0,5,168,0,173,262,0,262,435
08/17/2023,PAO,CA,AWP,WE,Towers with Radar,0,0,23,0,23,0,2,142,0,144,0,2,165,0,167,292,0,292,459
08/18/2023,PAO,CA,AWP,WE,Towers with Radar,0,3,11,0,14,0,0,167,0,167,0,3,178,0,181,414,0,414,595
08/19/2023,PAO,CA,AWP,WE,Towers with Radar,0,0,18,0,18,0,8,179,0,187,0,8,197,0,205,296,0,296,501
08/20/2023,PAO,CA,AWP,WE,Towers with Radar,0,0,15,0,15,0,1,192,0,193,0,1,207,0,208,278,0,278,486
08/21/2023,PAO,CA,AWP,WE,Towers with Radar,0,0,5,0,5,0,0,72,0,72,0,0,77,0,77,250,0,250,327
08/22/2023,PAO,CA,AWP,WE,Towers with Radar,0,0,14,0,14,0,1,114,1,116,0,1,128,1,130,198,0,198,328
08/23/2023,PAO,CA,AWP,WE,Towers with Radar,0,0,3,0,3,0,2,169,0,171,0,2,172,0,174,166,0,166,340
08/24/2023,PAO,CA,AWP,WE,Towers with Radar,0,0,15,0,15,0,3,200,0,203,0,3,215,0,218,256,0,256,474
08/25/2023,PAO,CA,AWP,WE,Towers with Radar,0,0,23,0,23,0,0,115,0,115,0,0,138,0,138,416,0,416,554
08/26/2023,PAO,CA,AWP,WE,Towers with Radar,0,0,30,0,30,0,1,131,1,133,0,1,161,1,163,268,0,268,431
08/27/2023,PAO,CA,AWP,WE,Towers with Radar,0,3,19,0,22,0,4,206,0,210,0,7,225,0,232,218,0,218,450
08/28/2023,PAO,CA,AWP,WE,Towers with Radar,0,1,5,0,6,0,4,137,0,141,0,5,142,0,147,239,0,239,386
08/29/2023,PAO,CA,AWP,WE,Towers with Radar,0,2,6,0,8,0,1,156,0,157,0,3,162,0,165,320,0,320,485
08/30/2023,PAO,CA,AWP,WE,Towers with Radar,0,4,11,0,15,0,0,148,0,148,0,4,159,0,163,397,0,397,560
08/31/2023,PAO,CA,AWP,WE,Towers with Radar,0,2,10,0,12,0,0,145,0,145,0,2,155,0,157,378,0,378,535
01/01/2020,PAO,CA,AWP,WE,Towers with Radar,0,1,5,0,6,0,1,33,0,34,0,2,38,0,40,110,0,110,150
01/02/2020,PAO,CA,AWP,WE,Towers with Radar,0,0,7,0,7,0,0,141,0,141,0,0,148,0,148,228,0,228,376
01/03/2020,PAO,CA,AWP,WE,Towers with Radar,0,1,10,0,11,0,4,167,0,171,0,5,177,0,182,246,0,246,428
01/04/2020,PAO,CA,AWP,WE,Towers with Radar,0,1,18,0,19,0,2,97,0,99,0,3,115,0,118,259,0,259,377
01/05/2020,PAO,CA,AWP,WE,Towers with Radar,0,0,6,0,6,0,2,194,0,196,0,2,200,0,202,211,0,211,413
01/06/2020,PAO,CA,AWP,WE,Towers with Radar,0,0,1,0,1,0,2,150,1,153,0,2,151,1,154,163,0,163,317
01/07/2020,PAO,CA,AWP,WE,Towers with Radar,0,0,5,1,6,0,1,128,0,129,0,1,133,1,135,309,0,309,444
01/08/2020,PAO,CA,AWP,WE,Towers with Radar,0,3,16,0,19,0,2,107,0,109,0,5,123,0,128,382,0,382,510
01/09/2020,PAO,CA,AWP,WE,Towers with Radar,0,0,26,0,26,0,0,42,0,42,0,0,68,0,68,266,2,268,336
01/10/2020,PAO,CA,AWP,WE,Towers with Radar,0,0,7,0,7,0,3,203,0,206,0,3,210,0,213,207,0,207,420
01/11/2020,PAO,CA,AWP,WE,Towers with Radar,0,0,14,0,14,0,0,123,0,123,0,0,137,0,137,301,0,301,438
01/12/2020,PAO,CA,AWP,WE,Towers with Radar,0,0,11,0,11,0,1,159,0,160,0,1,170,0,171,267,0,267,438
01/13/2020,PAO,CA,AWP,WE,Towers with Radar,0,1,12,0,13,0,0,93,0,93,0,1,105,0,106,344,0,344,450
01/14/2020,PAO,CA,AWP,WE,Towers with Radar,0,0,9,0,9,0,2,139,0,141,0,2,148,0,150,317,0,317,467
01/15/2020,PAO,CA,AWP,WE,Towers with Radar,0,0,2,0,2,0,8,147,0,155,0,8,149,0,157,279,0,279,436
01/16/2020,PAO,CA,AWP,WE,Towers with Radar,0,0,5,0,5,0,0,13,0,13,0,0,18,0,18,127,0,127,145
01/17/2020,PAO,CA,AWP,WE,Towers with Radar,0,3,12,0,15,0,2,162,3,167,0,5,174,3,182,255,0,255,437
01/18/2020,PAO,CA,AWP,WE,Towers with Radar,0,0,5,0,5,0,0,194,0,194,0,0,199,0,199,181,0,181,380
01/19/2020,PAO,CA,AWP,WE,Towers with Radar,0,0,3,0,3,0,0,144,0,144,0,0,147,0,147,201,0,201,348
01/20/2020,PAO,CA,AWP,WE,Towers with Radar,0,2,15,0,17,0,2,212,0,214,0,4,227,0,231,298,0,298,529
01/21/2020,PAO,CA,AWP,WE,Towers with Radar,0,0,13,0,13,0,0,81,0,81,0,0,94,0,94,290,0,290,384
01/22/2020,PAO,CA,AWP,WE,Towers with Radar,0,0,26,0,26,0,0,94,0,94,0,0,120,0,120,153,0,153,273
01/23/2020,PAO,CA,AWP,WE,Towers with Radar,0,1,5,0,6,0,3,167,0,170,0,4,172,0,176,351,0,351,527
01/24/2020,PAO,CA,AWP,WE,Towers with Radar,0,1,15,0,16,0,1,181,0,182,0,2,196,0,198,206,0,206,404
01/25/2020,PAO,CA,AWP,WE,Towers with Radar,0,0,22,0,22,0,2,110,0,112,0,2,132,0,134,211,0,211,345
01/26/2020,PAO,CA,AWP,WE,Towers with Radar,0,1,18,0,19,0,4,95,0,99,0,5,113,0,118,235,0,235,353
01/27/2020,PAO,CA,AWP,WE,Towers with Radar,0,0,27,0,27,0,4,71,1,76,0,4,98,1,103,290,0,290,393
01/28/2020,PAO,CA,AWP,WE,Towers with Radar,0,1,33,0,34,0,1,62,0,63,0,2,95,0,97,341,0,341,438
01/29/2020,PAO,CA,AWP,WE,Towers with Radar,0,0,8,0,8,0,1,188,0,189,0,1,196,0,197,297,0,297,494
01/30/2020,PAO,CA,AWP,WE,Towers with Radar,0,1,39,0,40,0,2,91,0,93,0,3,130,0,133,211,0,211,344
01/31/2020,PAO,CA,AWP,WE,Towers with Radar,0,0,7,0,7,0,0,160,0,160,0,0,167,0,167,275,0,275,442
02/01/2020,PAO,CA,AWP,WE,Towers with Radar,0,0,5,0,5,0,0,204,0,204,0,0,209,0,209,361,0,361,570
02/02/2020,PAO,CA,AWP,WE,Towers with Radar,1,0,4,0,5,0,2,56,0,58,1,2,60,0,63,178,0,178,241
02/03/2020,PAO,CA,AWP,WE,Towers with Radar,0,0,6,0,6,0,0,107,0,107,0,0,113,0,113,157,0,157,270
02/04/2020,PAO,CA,AWP,WE,Towers with Radar,0,0,3,0,3,0,2,163,0,165,0,2,166,0,168,308,0,308,476
02/05/2020,PAO,CA,AWP,WE,Towers with Radar,0,2,7,0,9,0,1,166,1,168,0,3,173,1,177,267,0,267,444
02/06/2020,PAO,CA,AWP,WE,Towers with Radar,0,0,4,0,4,0,2,200,0,202,0,2,204,0,206,309,0,309,515
02/07/2020,PAO,CA,AWP,WE,Towers with Radar,0,1,15,0,16,0,2,151,0,153,0,3,166,0,169,139,0,139,308
02/08/2020,PAO,CA,AWP,WE,Towers with Radar,0,0,12,0,12,0,0,186,0,186,0,0,198,0,198,199,0,199,397
02/09/2020,PAO,CA,AWP,WE,Towers with Radar,0,0,0,0,0,0,0,26,0,26,0,0,26,0,26,7,0,7,33
02/10/2020,PAO,CA,AWP,WE,Towers with Radar,0,0,5,0,5,0,2,124,0,126,0,2,129,0,131,345,0,345,476
02/11/2020,PAO,CA,AWP,WE,Towers with Radar,0,0,5,0,5,0,0,181,0,181,0,0,186,0,186,297,0,297,483
02/12/2020,PAO,CA,AWP,WE,Towers with Radar,0,0,4,0,4,0,1,214,0,215,0,1,218,0,219,440,0,440,659
02/13/2020,PAO,CA,AWP,WE,Towers with Radar,0,0,22,0,22,0,0,142,0,142,0,0,164,0,164,520,0,520,684
02/14/2020,PAO,CA,AWP,WE,Towers with Radar,0,0,26,0,26,0,1,164,0,165,0,1,190,0,191,256,0,256,447
02/15/2020,PAO,CA,AWP,WE,Towers with Radar,0,0,14,0,14,0,0,196,0,196,0,0,210,0,210,246,2,248,458
02/16/2020,PAO,CA,AWP,WE,Towers with Radar,0,0,7,0,7,0,4,180,0,184,0,4,187,0,191,158,0,158,349
02/17/2020,PAO,CA,AWP,WE,Towers with Radar,0,0,10,0,10,0,2,158,0,160,0,2,168,0,170,205,0,205,375
02/18/2020,PAO,CA,AWP,WE,Towers with Radar,0,0,5,0,5,0,1,197,0,198,0,1,202,0,203,343,0,343,546
02/19/2020,PAO,CA,AWP,WE,Towers with Radar,0,1,8,0,9,0,4,173,0,177,0,5,181,0,186,246,0,246,432
02/20/2020,PAO,CA,AWP,WE,Towers with Radar,0,1,6,0,7,0,3,187,0,190,0,4,193,0,197,275,0,275,472
02/21/2020,PAO,CA,AWP,WE,Towers with Radar,0,1,7,0,8,0,0,146,0,146,0,1,153,0,154,264,0,264,418
02/22/2020,PAO,CA,AWP,WE,Towers with Radar,0,0,15,0,15,0,0,195,0,195,0,0,210,0,210,360,0,360,570
02/23/2020,PAO,CA,AWP,WE,Towers with Radar,0,0,26,0,26,0,2,122,1,125,0,2,148,1,151,309,0,309,460
02/24/2020,PAO,CA,AWP,WE,Towers with Radar,0,0,9,0,9,0,1,148,0,149,0,1,157,0,158,253,0,253,411
02/25/2020,PAO,CA,AWP,WE,Towers with Radar,0,0,7,0,7,0,7,171,0,178,0,7,178,0,185,353,0,353,538
02/26/2020,PAO,CA,AWP,WE,Towers with Radar,0,0,2,0,2,0,2,194,2,198,0,2,196,2,200,340,18,358,558
02/27/2020,PAO,CA,AWP,WE,Towers with Radar,0,1,14,0,15,0,0,183,0,183,0,1,197,0,198,213,0,213,411
02/28/2020,PAO,CA,AWP,WE,Towers with Radar,0,0,7,0,7,0,3,176,0,179,0,3,183,0,186,404,0,404,590
02/29/2020,PAO,CA,AWP,WE,Towers with Radar,0,0,13,0,13,0,2,138,0,140,0,2,151,0,153,232,0,232,385
03/01/2020,PAO,CA,AWP,WE,Towers with Radar,0,1,14,0,15,0,2,154,0,156,0,3,168,0,171,193,0,193,364
03/02/2020,PAO,CA,AWP,WE,Towers with Radar,0,1,2,0,3,0,1,135,0,136,0,2,137,0,139,207,0,207,346
03/03/2020,PAO,CA,AWP,WE,Towers with Radar,0,0,6,0,6,0,3,185,0,188,0,3,191,0,194,397,0,397,591
03/04/2020,PAO,CA,AWP,WE,Towers with Radar,0,0,7,0,7,0,2,210,0,212,0,2,217,0,219,302,0,302,521
03/05/2020,PAO,CA,AWP,WE,Towers with Radar,0,0,19,0,19,0,1,110,1,112,0,1,129,1,131,223,0,223,354
03/06/2020,PAO,CA,AWP,WE,Towers with Radar,0,0,23,0,23,0,0,100,0,100,0,0,123,0,123,299,0,299,422
03/07/2020,PAO,CA,AWP,WE,Towers with Radar,0,0,7,0,7,0,0,43,0,43,0,0,50,0,50,410,0,410,460
03/08/2020,PAO,CA,AWP,WE,Towers with Radar,0,0,21,0,21,0,0,132,0,132,0,0,153,0,153,275,0,275,428
03/09/2020,PAO,CA,AWP,WE,Towers with Radar,0,1,7,0,8,0,0,111,0,111,0,1,118,0,119,300,0,300,419
03/10/2020,PAO,CA,AWP,WE,Towers with Radar,0,0,3,0,3,0,0,125,0,125,0,0,128,0,128,285,0,285,413
03/11/2020,PAO,CA,AWP,WE,Towers with Radar,0,1,7,0,8,0,3,175,2,180,0,4,182,2,188,328,0,328,516
03/12/2020,PAO,CA,AWP,WE,Towers with Radar,0,0,9,0,9,0,1,119,0,120,0,1,128,0,129,351,0,351,480
03/13/2020,PAO,CA,AWP,WE,Towers with Radar,0,0,22,0,22,0,2,117,0,119,0,2,139,0,141,229,0,229,370
03/14/2020,PAO,CA,AWP,WE,Towers with Radar,0,0,10,0,10,0,1,13,0,14,0,1,23,0,24,164,0,164,188
03/15/2020,PAO,CA,AWP,WE,Towers with Radar,0,0,7,0,7,0,1,32,0,33,0,1,39,0,40,175,0,175,215
03/16/2020,PAO,CA,AWP,WE,Towers with Radar,0,2,6,0,8,0,2,46,0,48,0,4,52,0,56,172,0,172,228
03/17/2020,PAO,CA,AWP,WE,Towers with Radar,0,0,5,0,5,0,0,19,0,19,0,0,24,0,24,65,0,65,89
03/18/2020,PAO,CA,AWP,WE,Towers with Radar,0,0,3,0,3,0,0,6,0,6,0,0,9,0,9,9,0,9,18
03/19/2020,PAO,CA,AWP,WE,Towers with Radar,0,0,4,0,4,0,3,25,2,30,0,3,29,2,34,2,3,5,39
03/20/2020,PAO,CA,AWP,WE,Towers with Radar,0,0,5,0,5,0,0,34,0,34,0,0,39,0,39,48,0,48,87
03/21/2020,PAO,CA,AWP,WE,Towers with Radar,0,0,1,0,1,0,0,26,0,26,0,0,27,0,27,6,0,6,33
03/22/2020,PAO,CA,AWP,WE,Towers with Radar,0,0,3,0,3,0,0,13,0,13,0,0,16,0,16,6,0,6,22
03/23/2020,PAO,CA,AWP,WE,Towers with Radar,0,0,7,0,7,0,0,7,0,7,0,0,14,0,14,81,0,81,95
03/24/2020,PAO,CA,AWP,WE,Towers with Radar,0,0,3,0,3,0,1,12,0,13,0,1,15,0,16,26,0,26,42
03/25/2020,PAO,CA,AWP,WE,Towers with Radar,0,0,1,0,1,0,0,13,2,15,0,0,14,2,16,21,0,21,37
03/26/2020,PAO,CA,AWP,WE,Towers with Radar,0,0,0,0,0,0,0,45,0,45,0,0,45,0,45,131,0,131,176
03/27/2020,PAO,CA,AWP,WE,Towers with Radar,0,0,1,0,1,0,0,63,0,63,0,0,64,0,64,134,0,134,198
03/28/2020,PAO,CA,AWP,WE,Towers with Radar,0,0,0,0,0,0,0,6,0,6,0,0,6,0,6,52,0,52,58
03/29/2020,PAO,CA,AWP,WE,Towers with Radar,0,0,4,0,4,0,0,14,0,14,0,0,18,0,18,80,0,80,98
03/30/2020,PAO,CA,AWP,WE,Towers with Radar,0,0,1,0,1,0,0,46,0,46,0,0,47,0,47,33,0,33,80
03/31/2020,PAO,CA,AWP,WE,Towers with Radar,0,0,4,0,4,0,1,48,0,49,0,1,52,0,53,117,0,117,170
04/01/2020,PAO,CA,AWP,WE,Towers with Radar,0,0,3,0,3,0,0,51,0,51,0,0,54,0,54,32,1,33,87
04/02/2020,PAO,CA,AWP,WE,Towers with Radar,0,0,3,0,3,0,2,82,0,84,0,2,85,0,87,102,0,102,189
04/03/2020,PAO,CA,AWP,WE,Towers with Radar,0,0,2,0,2,0,4,79,0,83,0,4,81,0,85,50,0,50,135
04/04/2020,PAO,CA,AWP,WE,Towers with Radar,0,2,11,0,13,0,1,8,0,9,0,3,19,0,22,6,0,6,28
04/05/2020,PAO,CA,AWP,WE,Towers with Radar,0,0,5,0,5,0,0,1,0,1,0,0,6,0,6,0,0,0,6
04/06/2020,PAO,CA,AWP,WE,Towers with Radar,0,0,4,0,4,0,0,4,0,4,0,0,8,0,8,0,0,0,8
04/07/2020,PAO,CA,AWP,WE,Towers with Radar,0,0,6,0,6,0,0,68,0,68,0,0,74,0,74,103,0,103,177
04/08/2020,PAO,CA,AWP,WE,Towers with Radar,0,0,8,0,8,0,4,23,0,27,0,4,31,0,35,23,0,23,58
04/09/2020,PAO,CA,AWP,WE,Towers with Radar,0,0,3,0,3,0,0,19,0,19,0,0,22,0,22,90,0,90,112
04/10/2020,PAO,CA,AWP,WE,Towers with Radar,0,0,10,0,10,0,0,30,0,30,0,0,40,0,40,156,0,156,196
04/11/2020,PAO,CA,AWP,WE,Towers with Radar,0,0,14,0,14,0,5,19,0,24,0,5,33,0,38,114,0,114,152
04/12/2020,PAO,CA,AWP,WE,Towers with Radar,0,0,16,0,16,0,2,37,0,39,0,2,53,0,55,163,0,163,218
04/13/2020,PAO,CA,AWP,WE,Towers with Radar,0,0,6,0,6,0,0,62,0,62,0,0,68,0,68,123,0,123,191
04/14/2020,PAO,CA,AWP,WE,Towers with Radar,0,0,6,0,6,0,1,78,0,79,0,1,84,0,85,136,0,136,221
04/15/2020,PAO,CA,AWP,WE,Towers with Radar,0,0,4,0,4,0,3,81,0,84,0,3,85,0,88,114,0,114,202
04/16/2020,PAO,CA,AWP,WE,Towers with Radar,0,0,7,0,7,0,0,24,0,24,0,0,31,0,31,74,0,74,105
04/17/2020,PAO,CA,AWP,WE,Towers with Radar,0,0,13,0,13,0,0,24,0,24,0,0,37,0,37,80,1,81,118
04/18/2020,PAO,CA,AWP,WE,Towers with Radar,0,0,15,0,15,0,0,72,0,72,0,0,87,0,87,202,0,202,289
04/19/2020,PAO,CA,AWP,WE,Towers with Radar,0,0,10,0,10,0,0,54,1,55,0,0,64,1,65,135,0,135,200
04/20/2020,PAO,CA,AWP,WE,Towers with Radar,0,0,3,0,3,0,0,28,0,28,0,0,31,0,31,33,0,33,64
04/21/2020,PAO,CA,AWP,WE,Towers with Radar,0,0,5,0,5,0,0,31,0,31,0,0,36,0,36,60,0,60,96
04/22/2020,PAO,CA,AWP,WE,Towers with Radar,0,0,1,0,1,0,1,61,0,62,0,1,62,0,63,84,0,84,147
04/23/2020,PAO,CA,AWP,WE,Towers with Radar,0,0,4,0,4,0,0,41,0,41,0,0,45,0,45,53,0,53,98
04/24/2020,PAO,CA,AWP,WE,Towers with Radar,0,0,3,0,3,0,0,67,0,67,0,0,70,0,70,99,0,99,169
04/25/2020,PAO,CA,AWP,WE,Towers with Radar,0,0,3,0,3,0,0,80,0,80,0,0,83,0,83,104,0,104,187
04/26/2020,PAO,CA,AWP,WE,Towers with Radar,0,0,8,0,8,0,0,103,0,103,0,0,111,0,111,115,0,115,226
04/27/2020,PAO,CA,AWP,WE,Towers with Radar,0,0,3,0,3,0,0,48,0,48,0,0,51,0,51,73,0,73,124
04/28/2020,PAO,CA,AWP,WE,Towers with Radar,0,0,3,0,3,0,2,52,0,54,0,2,55,0,57,90,0,90,147
04/29/2020,PAO,CA,AWP,WE,Towers with Radar,0,0,4,0,4,0,2,26,0,28,0,2,30,0,32,42,0,42,74
04/30/2020,PAO,CA,AWP,WE,Towers with Radar,0,0,3,0,3,0,0,29,0,29,0,0,32,0,32,57,0,57,89
05/01/2020,PAO,CA,AWP,WE,Towers with Radar,0,0,3,0,3,0,0,74,0,74,0,0,77,0,77,101,0,101,178
05/02/2020,PAO,CA,AWP,WE,Towers with Radar,0,1,5,0,6,0,2,38,0,40,0,3,43,0,46,54,0,54,100
05/03/2020,PAO,CA,AWP,WE,Towers with Radar,0,0,10,0,10,0,0,91,0,91,0,0,101,0,101,57,0,57,158
05/04/2020,PAO,CA,AWP,WE,Towers with Radar,0,0,1,0,1,0,3,30,0,33,0,3,31,0,34,53,0,53,87
05/05/2020,PAO,CA,AWP,WE,Towers with Radar,0,0,1,0,1,0,0,35,0,35,0,0,36,0,36,80,0,80,116
05/06/2020,PAO,CA,AWP,WE,Towers with Radar,0,0,3,0,3,0,0,35,0,35,0,0,38,0,38,60,0,60,98
05/07/2020,PAO,CA,AWP,WE,Towers with Radar,0,0,1,0,1,0,0,48,0,48,0,0,49,0,49,30,0,30,79
05/08/2020,PAO,CA,AWP,WE,Towers with Radar,0,0,4,0,4,0,0,50,0,50,0,0,54,0,54,44,0,44,98
05/09/2020,PAO,CA,AWP,WE,Towers with Radar,0,0,10,0,10,0,1,79,0,80,0,1,89,0,90,72,0,72,162
05/10/2020,PAO,CA,AWP,WE,Towers with Radar,0,0,1,0,1,0,0,47,0,47,0,0,48,0,48,106,0,106,154
05/11/2020,PAO,CA,AWP,WE,Towers with Radar,0,0,1,0,1,0,0,18,0,18,0,0,19,0,19,39,0,39,58
05/12/2020,PAO,CA,AWP,WE,Towers with Radar,0,0,4,0,4,0,0,6,0,6,0,0,10,0,10,16,0,16,26
05/13/2020,PAO,CA,AWP,WE,Towers with Radar,0,0,2,0,2,0,0,24,0,24,0,0,26,0,26,104,0,104,130
05/14/2020,PAO,CA,AWP,WE,Towers with Radar,0,0,6,0,6,0,0,32,0,32,0,0,38,0,38,87,0,87,125
05/15/2020,PAO,CA,AWP,WE,Towers with Radar,0,0,8,0,8,0,0,70,0,70,0,0,78,0,78,112,0,112,190
05/16/2020,PAO,CA,AWP,WE,Towers with Radar,0,0,2,0,2,0,0,106,0,106,0,0,108,0,108,116,0,116,224
05/17/2020,PAO,CA,AWP,WE,Towers with Radar,0,0,12,0,12,0,1,14,0,15,0,1,26,0,27,8,0,8,35
05/18/2020,PAO,CA,AWP,WE,Towers with Radar,0,0,3,0,3,0,0,10,0,10,0,0,13,0,13,14,0,14,27
05/19/2020,PAO,CA,AWP,WE,Towers with Radar,0,0,4,0,4,0,0,32,0,32,0,0,36,0,36,73,0,73,109
05/20/2020,PAO,CA,AWP,WE,Towers with Radar,0,0,9,0,9,0,0,46,0,46,0,0,55,0,55,65,0,65,120
05/21/2020,PAO,CA,AWP,WE,Towers with Radar,0,0,1,0,1,0,1,68,0,69,0,1,69,0,70,47,0,47,117
05/22/2020,PAO,CA,AWP,WE,Towers with Radar,0,0,3,0,3,0,0,85,0,85,0,0,88,0,88,143,0,143,231
05/23/2020,PAO,CA,AWP,WE,Towers with Radar,0,0,2,0,2,0,1,112,0,113,0,1,114,0,115,130,0,130,245
05/24/2020,PAO,CA,AWP,WE,Towers with Radar,0,0,2,0,2,0,0,91,0,91,0,0,93,0,93,115,0,115,208
05/25/2020,PAO,CA,AWP,WE,Towers with Radar,0,0,3,0,3,0,0,110,0,110,0,0,113,0,113,100,0,100,213
05/26/2020,PAO,CA,AWP,WE,Towers with Radar,0,0,4,0,4,0,0,58,0,58,0,0,62,0,62,62,0,62,124
05/27/2020,PAO,CA,AWP,WE,Towers with Radar,0,0,5,0,5,0,0,68,0,68,0,0,73,0,73,97,0,97,170
05/28/2020,PAO,CA,AWP,WE,Towers with Radar,0,0,6,0,6,0,0,48,0,48,0,0,54,0,54,132,0,132,186
05/29/2020,PAO,CA,AWP,WE,Towers with Radar,0,0,16,0,16,0,0,42,0,42,0,0,58,0,58,137,0,137,195
05/30/2020,PAO,CA,AWP,WE,Towers with Radar,0,0,5,0,5,0,0,22,0,22,0,0,27,0,27,135,0,135,162
05/31/2020,PAO,CA,AWP,WE,Towers with Radar,0,1,18,0,19,0,0,48,0,48,0,1,66,0,67,148,0,148,215
06/01/2020,PAO,CA,AWP,WE,Towers with Radar,0,0,4,0,4,0,0,63,0,63,0,0,67,0,67,118,0,118,185
06/02/2020,PAO,CA,AWP,WE,Towers with Radar,0,0,0,0,0,0,0,76,0,76,0,0,76,0,76,113,0,113,189
06/03/2020,PAO,CA,AWP,WE,Towers with Radar,0,0,4,0,4,0,0,65,0,65,0,0,69,0,69,156,0,156,225
06/04/2020,PAO,CA,AWP,WE,Towers with Radar,0,0,1,0,1,0,1,57,0,58,0,1,58,0,59,140,0,140,199
06/05/2020,PAO,CA,AWP,WE,Towers with Radar,0,0,13,0,13,0,0,61,0,61,0,0,74,0,74,157,0,157,231
06/06/2020,PAO,CA,AWP,WE,Towers with Radar,0,0,11,0,11,0,0,59,0,59,0,0,70,0,70,120,0,120,190
06/07/2020,PAO,CA,AWP,WE,Towers with Radar,0,0,2,0,2,0,1,87,0,88,0,1,89,0,90,105,0,105,195
06/08/2020,PAO,CA,AWP,WE,Towers with Radar,0,0,2,0,2,0,0,78,0,78,0,0,80,0,80,73,0,73,153
06/09/2020,PAO,CA,AWP,WE,Towers with Radar,0,0,5,0,5,0,3,75,0,78,0,3,80,0,83,120,0,120,203
06/10/2020,PAO,CA,AWP,WE,Towers with Radar,0,0,4,0,4,0,2,104,0,106,0,2,108,0,110,196,0,196,306
06/11/2020,PAO,CA,AWP,WE,Towers with Radar,0,0,4,0,4,0,1,92,0,93,0,1,96,0,97,187,0,187,284
06/12/2020,PAO,CA,AWP,WE,Towers with Radar,0,0,8,0,8,0,1,65,0,66,0,1,73,0,74,163,0,163,237
06/13/2020,PAO,CA,AWP,WE,Towers with Radar,0,0,12,0,12,0,2,90,0,92,0,2,102,0,104,152,0,152,256
06/14/2020,PAO,CA,AWP,WE,Towers with Radar,0,0,14,0,14,0,0,82,0,82,0,0,96,0,96,198,0,198,294
06/15/2020,PAO,CA,AWP,WE,Towers with Radar,0,0,1,0,1,0,0,71,0,71,0,0,72,0,72,63,0,63,135
06/16/2020,PAO,CA,AWP,WE,Towers with Radar,0,0,4,0,4,0,0,75,0,75,0,0,79,0,79,148,0,148,227
06/17/2020,PAO,CA,AWP,WE,Towers with Radar,0,0,1,0,1,0,1,115,0,116,0,1,116,0,117,130,0,130,247
06/18/2020,PAO,CA,AWP,WE,Towers with Radar,0,1,3,0,4,0,0,76,0,76,0,1,79,0,80,185,0,185,265
06/19/2020,PAO,CA,AWP,WE,Towers with Radar,0,0,4,0,4,0,2,125,0,127,0,2,129,0,131,199,0,199,330
06/20/2020,PAO,CA,AWP,WE,Towers with Radar,0,0,9,0,9,0,0,94,0,94,0,0,103,0,103,251,0,251,354
06/21/2020,PAO,CA,AWP,WE,Towers with Radar,0,0,9,0,9,0,0,100,0,100,0,0,109,0,109,111,0,111,220
06/22/2020,PAO,CA,AWP,WE,Towers with Radar,0,0,11,0,11,0,1,78,0,79,0,1,89,0,90,166,0,166,256
06/23/2020,PAO,CA,AWP,WE,Towers with Radar,0,0,3,0,3,0,0,71,0,71,0,0,74,0,74,94,0,94,168
06/24/2020,PAO,CA,AWP,WE,Towers with Radar,0,1,3,0,4,0,2,103,0,105,0,3,106,0,109,153,0,153,262
06/25/2020,PAO,CA,AWP,WE,Towers with Radar,0,1,10,0,11,0,0,81,0,81,0,1,91,0,92,162,0,162,254
06/26/2020,PAO,CA,AWP,WE,Towers with Radar,0,1,14,0,15,0,3,102,0,105,0,4,116,0,120,221,0,221,341
06/27/2020,PAO,CA,AWP,WE,Towers with Radar,0,1,14,0,15,0,1,111,0,112,0,2,125,0,127,227,0,227,354
06/28/2020,PAO,CA,AWP,WE,Towers with Radar,0,0,5,0,5,0,1,74,0,75,0,1,79,0,80,100,0,100,180
06/29/2020,PAO,CA,AWP,WE,Towers with Radar,0,0,2,0,2,0,0,54,0,54,0,0,56,0,56,190,0,190,246
06/30/2020,PAO,CA,AWP,WE,Towers with Radar,0,0,6,0,6,0,1,108,0,109,0,1,114,0,115,212,0,212,327
07/01/2020,PAO,CA,AWP,WE,Towers with Radar,0,0,4,0,4,0,0,104,0,104,0,0,108,0,108,215,0,215,323
07/02/2020,PAO,CA,AWP,WE,Towers with Radar,0,0,6,0,6,0,1,95,0,96,0,1,101,0,102,222,0,222,324
07/03/2020,PAO,CA,AWP,WE,Towers with Radar,0,1,10,0,11,0,3,124,0,127,0,4,134,0,138,243,0,243,381
07/04/2020,PAO,CA,AWP,WE,Towers with Radar,0,0,3,0,3,0,0,81,0,81,0,0,84,0,84,150,0,150,234
07/05/2020,PAO,CA,AWP,WE,Towers with Radar,0,1,1,0,2,0,0,85,0,85,0,1,86,0,87,74,0,74,161
07/06/2020,PAO,CA,AWP,WE,Towers with Radar,0,0,2,0,2,0,1,69,0,70,0,1,71,0,72,218,0,218,290
07/07/2020,PAO,CA,AWP,WE,Towers with Radar,0,0,3,0,3,0,0,93,0,93,0,0,96,0,96,225,0,225,321
07/08/2020,PAO,CA,AWP,WE,Towers with Radar,0,0,1,0,1,0,0,90,0,90,0,0,91,0,91,224,0,224,315
07/09/2020,PAO,CA,AWP,WE,Towers with Radar,0,1,6,0,7,0,2,106,0,108,0,3,112,0,115,240,0,240,355
07/10/2020,PAO,CA,AWP,WE,Towers with Radar,0,0,10,0,10,0,2,80,0,82,0,2,90,0,92,150,0,150,242
07/11/2020,PAO,CA,AWP,WE,Towers with Radar,0,0,5,0,5,0,2,113,0,115,0,2,118,0,120,195,0,195,315
07/12/2020,PAO,CA,AWP,WE,Towers with Radar,0,0,4,0,4,0,0,129,0,129,0,0,133,0,133,132,0,132,265
07/13/2020,PAO,CA,AWP,WE,Towers with Radar,0,0,5,0,5,0,0,65,1,66,0,0,70,1,71,160,0,160,231
07/14/2020,PAO,CA,AWP,WE,Towers with Radar,0,0,4,0,4,0,0,95,0,95,0,0,99,0,99,200,0,200,299
07/15/2020,PAO,CA,AWP,WE,Towers with Radar,0,0,8,0,8,0,0,94,0,94,0,0,102,0,102,172,0,172,274
07/16/2020,PAO,CA,AWP,WE,Towers with Radar,0,0,5,0,5,0,1,83,0,84,0,1,88,0,89,242,0,242,331
07/17/2020,PAO,CA,AWP,WE,Towers with Radar,0,2,6,0,8,0,0,84,0,84,0,2,90,0,92,225,0,225,317
07/18/2020,PAO,CA,AWP,WE,Towers with Radar,0,0,12,0,12,0,1,111,0,112,0,1,123,0,124,222,0,222,346
07/19/2020,PAO,CA,AWP,WE,Towers with Radar,0,0,22,0,22,0,4,137,0,141,0,4,159,0,163,244,0,244,407
07/20/2020,PAO,CA,AWP,WE,Towers with Radar,0,0,13,0,13,0,1,97,0,98,0,1,110,0,111,298,0,298,409
07/21/2020,PAO,CA,AWP,WE,Towers with Radar,0,1,13,0,14,0,0,119,2,121,0,1,132,2,135,244,2,246,381
07/22/2020,PAO,CA,AWP,WE,Towers with Radar,0,0,12,0,12,0,0,95,2,97,0,0,107,2,109,317,0,317,426
07/23/2020,PAO,CA,AWP,WE,Towers with Radar,0,0,13,0,13,0,0,128,0,128,0,0,141,0,141,256,0,256,397
07/24/2020,PAO,CA,AWP,WE,Towers with Radar,0,3,8,0,11,0,3,127,0,130,0,6,135,0,141,216,0,216,357
07/25/2020,PAO,CA,AWP,WE,Towers with Radar,0,0,17,0,17,0,0,137,0,137,0,0,154,0,154,218,0,218,372
07/26/2020,PAO,CA,AWP,WE,Towers with Radar,0,0,11,0,11,0,1,140,1,142,0,1,151,1,153,204,0,204,357
07/27/2020,PAO,CA,AWP,WE,Towers with Radar,0,1,14,0,15,0,2,93,0,95,0,3,107,0,110,228,0,228,338
07/28/2020,PAO,CA,AWP,WE,Towers with Radar,0,0,13,0,13,0,2,111,0,113,0,2,124,0,126,323,0,323,449
07/29/2020,PAO,CA,AWP,WE,Towers with Radar,0,0,12,0,12,0,0,95,0,95,0,0,107,0,107,387,0,387,494
07/30/2020,PAO,CA,AWP,WE,Towers with Radar,0,0,10,0,10,0,1,107,0,108,0,1,117,0,118,274,0,274,392
07/31/2020,PAO,CA,AWP,WE,Towers with Radar,0,0,16,0,16,0,0,125,1,126,0,0,141,1,142,185,0,185,327
08/01/2020,PAO,CA,AWP,WE,Towers with Radar,0,0,9,0,9,0,4,136,0,140,0,4,145,0,149,235,0,235,384
08/02/2020,PAO,CA,AWP,WE,Towers with Radar,0,1,12,0,13,0,0,142,0,142,0,1,154,0,155,144,0,144,299
08/03/2020,PAO,CA,AWP,WE,Towers with Radar,0,0,5,0,5,0,3,144,0,147,0,3,149,0,152,180,0,180,332
08/04/2020,PAO,CA,AWP,WE,Towers with Radar,0,0,9,0,9,0,3,112,0,115,0,3,121,0,124,323,0,323,447
08/05/2020,PAO,CA,AWP,WE,Towers with Radar,0,4,39,0,43,0,0,38,0,38,0,4,77,0,81,280,0,280,361
08/06/2020,PAO,CA,AWP,WE,Towers with Radar,0,1,12,0,13,0,4,101,0,105,0,5,113,0,118,263,0,263,381
08/07/2020,PAO,CA,AWP,WE,Towers with Radar,0,0,14,0,14,0,0,162,0,162,0,0,176,0,176,283,0,283,459
08/08/2020,PAO,CA,AWP,WE,Towers with Radar,0,1,9,0,10,0,0,132,0,132,0,1,141,0,142,234,0,234,376
08/09/2020,PAO,CA,AWP,WE,Towers with Radar,0,0,13,0,13,0,1,148,0,149,0,1,161,0,162,279,0,279,441
08/10/2020,PAO,CA,AWP,WE,Towers with Radar,0,0,9,0,9,0,2,127,1,130,0,2,136,1,139,206,0,206,345
08/11/2020,PAO,CA,AWP,WE,Towers with Radar,0,0,10,0,10,0,1,101,0,102,0,1,111,0,112,254,0,254,366
08/12/2020,PAO,CA,AWP,WE,Towers with Radar,0,0,17,0,17,0,1,128,0,129,0,1,145,0,146,284,0,284,430
08/13/2020,PAO,CA,AWP,WE,Towers with Radar,0,0,8,0,8,0,4,137,0,141,0,4,145,0,149,252,0,252,401
08/14/2020,PAO,CA,AWP,WE,Towers with Radar,0,0,9,0,9,0,0,94,0,94,0,0,103,0,103,177,0,177,280
08/15/2020,PAO,CA,AWP,WE,Towers with Radar,0,1,5,0,6,0,0,160,0,160,0,1,165,0,166,152,0,152,318
08/16/2020,PAO,CA,AWP,WE,Towers with Radar,0,0,6,0,6,0,1,46,1,48,0,1,52,1,54,114,0,114,168
08/17/2020,PAO,CA,AWP,WE,Towers with Radar,0,0,8,0,8,0,1,75,0,76,0,1,83,0,84,170,0,170,254
08/18/2020,PAO,CA,AWP,WE,Towers with Radar,0,0,7,0,7,0,2,105,0,107,0,2,112,0,114,221,0,221,335
08/19/2020,PAO,CA,AWP,WE,Towers with Radar,0,0,17,0,17,0,2,13,0,15,0,2,30,0,32,80,0,80,112
08/20/2020,PAO,CA,AWP,WE,Towers with Radar,0,0,19,0,19,0,1,69,0,70,0,1,88,0,89,317,0,317,406
08/21/2020,PAO,CA,AWP,WE,Towers with Radar,0,0,13,0,13,0,1,49,0,50,0,1,62,0,63,277,0,277,340
08/22/2020,PAO,CA,AWP,WE,Towers with Radar,0,0,14,0,14,0,2,40,0,42,0,2,54,0,56,304,0,304,360
08/23/2020,PAO,CA,AWP,WE,Towers with Radar,0,2,22,0,24,0,0,3,0,3,0,2,25,0,27,202,0,202,229
08/24/2020,PAO,CA,AWP,WE,Towers with Radar,0,1,37,0,38,0,0,11,0,11,0,1,48,0,49,50,0,50,99
08/25/2020,PAO,CA,AWP,WE,Towers with Radar,0,2,17,0,19,0,0,10,0,10,0,2,27,0,29,29,0,29,58
08/26/2020,PAO,CA,AWP,WE,Towers with Radar,0,3,18,0,21,0,3,67,0,70,0,6,85,0,91,253,0,253,344
08/27/2020,PAO,CA,AWP,WE,Towers with Radar,0,0,8,0,8,0,2,102,0,104,0,2,110,0,112,373,0,373,485
08/28/2020,PAO,CA,AWP,WE,Towers with Radar,0,4,37,0,41,0,3,28,0,31,0,7,65,0,72,100,0,100,172
08/29/2020,PAO,CA,AWP,WE,Towers with Radar,0,3,26,0,29,0,0,41,0,41,0,3,67,0,70,238,0,238,308
08/30/2020,PAO,CA,AWP,WE,Towers with Radar,0,0,25,0,25,0,0,68,0,68,0,0,93,0,93,309,0,309,402
08/31/2020,PAO,CA,AWP,WE,Towers with Radar,0,2,15,0,17,0,0,49,0,49,0,2,64,0,66,186,0,186,252
09/01/2020,PAO,CA,AWP,WE,Towers with Radar,0,0,21,0,21,0,0,41,0,41,0,0,62,0,62,370,0,370,432
09/02/2020,PAO,CA,AWP,WE,Towers with Radar,0,0,18,0,18,0,2,77,0,79,0,2,95,0,97,360,0,360,457
09/03/2020,PAO,CA,AWP,WE,Towers with Radar,0,0,19,0,19,0,1,80,0,81,0,1,99,0,100,260,0,260,360
09/04/2020,PAO,CA,AWP,WE,Towers with Radar,0,0,30,0,30,0,1,130,0,131,0,1,160,0,161,256,0,256,417
09/05/2020,PAO,CA,AWP,WE,Towers with Radar,0,0,9,0,9,0,0,113,0,113,0,0,122,0,122,181,0,181,303
09/06/2020,PAO,CA,AWP,WE,Towers with Radar,0,0,11,0,11,0,0,51,0,51,0,0,62,0,62,220,0,220,282
09/07/2020,PAO,CA,AWP,WE,Towers with Radar,0,0,16,0,16,0,0,100,0,100,0,0,116,0,116,124,0,124,240
09/08/2020,PAO,CA,AWP,WE,Towers with Radar,0,4,23,0,27,0,0,36,0,36,0,4,59,0,63,322,0,322,385
09/09/2020,PAO,CA,AWP,WE,Towers with Radar,0,3,14,0,17,0,0,8,0,8,0,3,22,0,25,240,0,240,265
09/10/2020,PAO,CA,AWP,WE,Towers with Radar,0,3,21,0,24,0,0,2,0,2,0,3,23,0,26,188,0,188,214
09/11/2020,PAO,CA,AWP,WE,Towers with Radar,0,0,6,0,6,0,0,0,0,0,0,0,6,0,6,0,0,0,6
09/12/2020,PAO,CA,AWP,WE,Towers with Radar,0,0,7,0,7,0,0,1,0,1,0,0,8,0,8,0,0,0,8
09/13/2020,PAO,CA,AWP,WE,Towers with Radar,0,0,31,0,31,0,0,1,0,1,0,0,32,0,32,0,0,0,32
09/14/2020,PAO,CA,AWP,WE,Towers with Radar,0,4,24,0,28,0,0,2,0,2,0,4,26,0,30,0,0,0,30
09/15/2020,PAO,CA,AWP,WE,Towers with Radar,0,5,13,0,18,0,0,61,0,61,0,5,74,0,79,326,0,326,405
09/16/2020,PAO,CA,AWP,WE,Towers with Radar,0,1,24,0,25,0,1,89,0,90,0,2,113,0,115,258,0,258,373
09/17/2020,PAO,CA,AWP,WE,Towers with Radar,0,4,10,0,14,0,1,123,0,124,0,5,133,0,138,186,0,186,324
09/18/2020,PAO,CA,AWP,WE,Towers with Radar,0,3,21,0,24,0,1,141,0,142,0,4,162,0,166,251,0,251,417
09/19/2020,PAO,CA,AWP,WE,Towers with Radar,0,0,8,0,8,0,5,196,0,201,0,5,204,0,209,228,0,228,437
09/20/2020,PAO,CA,AWP,WE,Towers with Radar,0,1,14,0,15,0,2,160,0,162,0,3,174,0,177,240,0,240,417
09/21/2020,PAO,CA,AWP,WE,Towers with Radar,0,6,4,0,10,0,0,95,0,95,0,6,99,0,105,144,0,144,249
09/22/2020,PAO,CA,AWP,WE,Towers with Radar,0,0,7,0,7,0,0,135,0,135,0,0,142,0,142,324,0,324,466
09/23/2020,PAO,CA,AWP,WE,Towers with Radar,0,4,14,0,18,0,2,150,0,152,0,6,164,0,170,230,0,230,400
09/24/2020,PAO,CA,AWP,WE,Towers with Radar,0,4,9,0,13,0,3,141,0,144,0,7,150,0,157,209,0,209,366
09/25/2020,PAO,CA,AWP,WE,Towers with Radar,0,3,7,0,10,0,3,175,0,178,0,6,182,0,188,211,0,211,399
09/26/2020,PAO,CA,AWP,WE,Towers with Radar,0,0,11,0,11,0,0,164,0,164,0,0,175,0,175,254,0,254,429
09/27/2020,PAO,CA,AWP,WE,Towers with Radar,0,0,8,0,8,0,6,144,0,150,0,6,152,0,158,122,0,122,280
09/28/2020,PAO,CA,AWP,WE,Towers with Radar,0,0,1,0,1,0,2,66,0,68,0,2,67,0,69,174,0,174,243
09/29/2020,PAO,CA,AWP,WE,Towers with Radar,0,2,8,0,10,0,0,91,0,91,0,2,99,0,101,302,0,302,403
09/30/2020,PAO,CA,AWP,WE,Towers with Radar,0,2,20,0,22,0,0,66,0,66,0,2,86,0,88,200,0,200,288
10/01/2020,PAO,CA,AWP,WE,Towers with Radar,0,3,15,0,18,0,4,33,0,37,0,7,48,0,55,216,0,216,271
10/02/2020,PAO,CA,AWP,WE,Towers with Radar,0,5,30,0,35,0,0,14,0,14,0,5,44,0,49,68,0,68,117
10/03/2020,PAO,CA,AWP,WE,Towers with Radar,0,1,14,0,15,0,0,48,0,48,0,1,62,0,63,225,0,225,288
10/04/2020,PAO,CA,AWP,WE,Towers with Radar,0,0,8,0,8,0,0,170,0,170,0,0,178,0,178,190,0,190,368
10/05/2020,PAO,CA,AWP,WE,Towers with Radar,0,0,13,0,13,0,2,89,0,91,0,2,102,0,104,160,0,160,264
10/06/2020,PAO,CA,AWP,WE,Towers with Radar,0,4,4,0,8,0,0,99,0,99,0,4,103,0,107,248,0,248,355
10/07/2020,PAO,CA,AWP,WE,Towers with Radar,0,4,16,0,20,0,0,69,0,69,0,4,85,0,89,214,0,214,303
10/08/2020,PAO,CA,AWP,WE,Towers with Radar,0,5,13,0,18,0,1,64,0,65,0,6,77,0,83,292,0,292,375
10/09/2020,PAO,CA,AWP,WE,Towers with Radar,0,3,18,0,21,0,0,93,0,93,0,3,111,0,114,322,0,322,436
10/10/2020,PAO,CA,AWP,WE,Towers with Radar,0,0,11,0,11,0,1,143,0,144,0,1,154,0,155,326,0,326,481
10/11/2020,PAO,CA,AWP,WE,Towers with Radar,0,0,3,0,3,0,0,210,0,210,0,0,213,0,213,178,0,178,391
10/12/2020,PAO,CA,AWP,WE,Towers with Radar,0,2,4,0,6,0,1,164,0,165,0,3,168,0,171,210,0,210,381
10/13/2020,PAO,CA,AWP,WE,Towers with Radar,0,4,5,0,9,0,4,142,0,146,0,8,147,0,155,238,0,238,393
10/14/2020,PAO,CA,AWP,WE,Towers with Radar,0,4,2,0,6,0,3,147,0,150,0,7,149,0,156,212,0,212,368
10/15/2020,PAO,CA,AWP,WE,Towers with Radar,0,4,3,0,7,0,2,123,0,125,0,6,126,0,132,390,0,390,522
10/16/2020,PAO,CA,AWP,WE,Towers with Radar,0,3,8,0,11,0,1,187,0,188,0,4,195,0,199,220,0,220,419
10/17/2020,PAO,CA,AWP,WE,Towers with Radar,0,0,8,0,8,0,4,178,0,182,0,4,186,0,190,112,0,112,302
10/18/2020,PAO,CA,AWP,WE,Towers with Radar,0,0,11,0,11,0,2,192,0,194,0,2,203,0,205,172,0,172,377
10/19/2020,PAO,CA,AWP,WE,Towers with Radar,0,4,6,0,10,0,0,109,0,109,0,4,115,0,119,132,0,132,251
10/20/2020,PAO,CA,AWP,WE,Towers with Radar,0,4,5,0,9,0,3,145,0,148,0,7,150,0,157,260,0,260,417
10/21/2020,PAO,CA,AWP,WE,Towers with Radar,0,4,9,0,13,0,0,114,0,114,0,4,123,0,127,244,0,244,371
10/22/2020,PAO,CA,AWP,WE,Towers with Radar,0,5,9,0,14,0,1,168,0,169,0,6,177,0,183,275,0,275,458
10/23/2020,PAO,CA,AWP,WE,Towers with Radar,0,3,12,0,15,0,2,130,0,132,0,5,142,0,147,317,0,317,464
10/24/2020,PAO,CA,AWP,WE,Towers with Radar,0,0,14,0,14,0,0,125,1,126,0,0,139,1,140,270,0,270,410
10/25/2020,PAO,CA,AWP,WE,Towers with Radar,0,0,16,0,16,0,0,112,0,112,0,0,128,0,128,248,0,248,376
10/26/2020,PAO,CA,AWP,WE,Towers with Radar,0,3,3,0,6,0,4,77,0,81,0,7,80,0,87,226,0,226,313
10/27/2020,PAO,CA,AWP,WE,Towers with Radar,0,4,6,0,10,0,5,131,0,136,0,9,137,0,146,371,0,371,517
10/28/2020,PAO,CA,AWP,WE,Towers with Radar,0,4,8,0,12,0,4,145,2,151,0,8,153,2,163,203,0,203,366
10/29/2020,PAO,CA,AWP,WE,Towers with Radar,0,4,9,0,13,0,0,145,0,145,0,4,154,0,158,280,0,280,438
10/30/2020,PAO,CA,AWP,WE,Towers with Radar,0,5,4,0,9,0,2,161,0,163,0,7,165,0,172,207,0,207,379
10/31/2020,PAO,CA,AWP,WE,Towers with Radar,0,0,11,0,11,0,1,182,0,183,0,1,193,0,194,166,0,166,360
11/01/2020,PAO,CA,AWP,WE,Towers with Radar,0,0,8,0,8,0,1,155,0,156,0,1,163,0,164,228,0,228,392
11/02/2020,PAO,CA,AWP,WE,Towers with Radar,0,3,7,0,10,0,2,111,0,113,0,5,118,0,123,246,0,246,369
11/03/2020,PAO,CA,AWP,WE,Towers with Radar,0,9,10,0,19,0,1,141,0,142,0,10,151,0,161,322,0,322,483
11/04/2020,PAO,CA,AWP,WE,Towers with Radar,0,3,11,0,14,0,1,154,1,156,0,4,165,1,170,242,0,242,412
11/05/2020,PAO,CA,AWP,WE,Towers with Radar,0,2,7,0,9,0,0,125,1,126,0,2,132,1,135,182,0,182,317
11/06/2020,PAO,CA,AWP,WE,Towers with Radar,0,1,8,0,9,0,0,47,0,47,0,1,55,0,56,170,0,170,226
11/07/2020,PAO,CA,AWP,WE,Towers with Radar,0,0,11,0,11,0,1,155,0,156,0,1,166,0,167,270,0,270,437
11/08/2020,PAO,CA,AWP,WE,Towers with Radar,0,0,5,0,5,0,0,39,0,39,0,0,44,0,44,106,0,106,150
11/09/2020,PAO,CA,AWP,WE,Towers with Radar,0,2,5,0,7,0,0,113,0,113,0,2,118,0,120,328,0,328,448
11/10/2020,PAO,CA,AWP,WE,Towers with Radar,0,1,2,0,3,0,0,131,3,134,0,1,133,3,137,320,0,320,457
11/11/2020,PAO,CA,AWP,WE,Towers with Radar,0,0,17,0,17,0,3,126,0,129,0,3,143,0,146,226,0,226,372
11/12/2020,PAO,CA,AWP,WE,Towers with Radar,0,0,6,0,6,0,0,182,0,182,0,0,188,0,188,296,0,296,484
11/13/2020,PAO,CA,AWP,WE,Towers with Radar,0,0,20,0,20,0,1,60,0,61,0,1,80,0,81,286,0,286,367
11/14/2020,PAO,CA,AWP,WE,Towers with Radar,0,0,22,0,22,0,1,80,0,81,0,1,102,0,103,214,0,214,317
11/15/2020,PAO,CA,AWP,WE,Towers with Radar,0,0,12,0,12,0,0,303,1,304,0,0,315,1,316,310,0,310,626
11/16/2020,PAO,CA,AWP,WE,Towers with Radar,0,0,13,0,13,0,0,135,1,136,0,0,148,1,149,224,0,224,373
11/17/2020,PAO,CA,AWP,WE,Towers with Radar,0,0,11,0,11,0,0,7,0,7,0,0,18,0,18,32,0,32,50
11/18/2020,PAO,CA,AWP,WE,Towers with Radar,0,1,16,0,17,0,0,32,0,32,0,1,48,0,49,286,0,286,335
11/19/2020,PAO,CA,AWP,WE,Towers with Radar,0,0,13,0,13,0,1,118,0,119,0,1,131,0,132,384,0,384,516
11/20/2020,PAO,CA,AWP,WE,Towers with Radar,0,0,3,0,3,0,1,173,0,174,0,1,176,0,177,422,0,422,599
11/21/2020,PAO,CA,AWP,WE,Towers with Radar,0,0,5,0,5,0,0,208,0,208,0,0,213,0,213,194,0,194,407
11/22/2020,PAO,CA,AWP,WE,Towers with Radar,0,0,16,0,16,0,2,172,0,174,0,2,188,0,190,288,0,288,478
11/23/2020,PAO,CA,AWP,WE,Towers with Radar,0,0,18,0,18,0,3,99,0,102,0,3,117,0,120,204,0,204,324
11/24/2020,PAO,CA,AWP,WE,Towers with Radar,0,0,2,0,2,0,0,160,0,160,0,0,162,0,162,295,0,295,457
11/25/2020,PAO,CA,AWP,WE,Towers with Radar,0,0,17,0,17,0,3,111,0,114,0,3,128,0,131,304,0,304,435
11/26/2020,PAO,CA,AWP,WE,Towers with Radar,0,0,1,0,1,0,0,67,0,67,0,0,68,0,68,92,0,92,160
11/27/2020,PAO,CA,AWP,WE,Towers with Radar,0,0,13,0,13,0,5,128,0,133,0,5,141,0,146,248,0,248,394
11/28/2020,PAO,CA,AWP,WE,Towers with Radar,0,0,9,0,9,0,1,126,0,127,0,1,135,0,136,163,0,163,299
11/29/2020,PAO,CA,AWP,WE,Towers with Radar,0,0,12,0,12,0,2,185,1,188,0,2,197,1,200,168,0,168,368
11/30/2020,PAO,CA,AWP,WE,Towers with Radar,0,0,1,0,1,0,0,88,0,88,0,0,89,0,89,210,0,210,299
12/01/2020,PAO,CA,AWP,WE,Towers with Radar,0,0,12,0,12,0,1,113,0,114,0,1,125,0,126,222,0,222,348
12/02/2020,PAO,CA,AWP,WE,Towers with Radar,0,1,7,0,8,0,2,145,0,147,0,3,152,0,155,246,0,246,401
12/03/2020,PAO,CA,AWP,WE,Towers with Radar,0,1,7,0,8,0,5,133,0,138,0,6,140,0,146,244,0,244,390
12/04/2020,PAO,CA,AWP,WE,Towers with Radar,0,0,4,0,4,0,2,147,0,149,0,2,151,0,153,294,0,294,447
12/05/2020,PAO,CA,AWP,WE,Towers with Radar,0,0,7,0,7,0,2,179,1,182,0,2,186,1,189,286,0,286,475
12/06/2020,PAO,CA,AWP,WE,Towers with Radar,0,0,10,0,10,0,3,117,0,120,0,3,127,0,130,213,0,213,343
12/07/2020,PAO,CA,AWP,WE,Towers with Radar,0,0,3,0,3,0,2,100,0,102,0,2,103,0,105,175,0,175,280
12/08/2020,PAO,CA,AWP,WE,Towers with Radar,0,0,5,0,5,0,2,138,0,140,0,2,143,0,145,318,0,318,463
12/09/2020,PAO,CA,AWP,WE,Towers with Radar,0,0,4,0,4,0,0,103,0,103,0,0,107,0,107,330,0,330,437
12/10/2020,PAO,CA,AWP,WE,Towers with Radar,0,0,1,0,1,0,1,142,1,144,0,1,143,1,145,334,0,334,479
12/11/2020,PAO,CA,AWP,WE,Towers with Radar,0,1,10,0,11,0,0,118,0,118,0,1,128,0,129,326,0,326,455
12/12/2020,PAO,CA,AWP,WE,Towers with Radar,0,2,24,0,26,0,2,26,0,28,0,4,50,0,54,323,0,323,377
12/13/2020,PAO,CA,AWP,WE,Towers with Radar,0,0,16,0,16,0,0,8,0,8,0,0,24,0,24,138,0,138,162
12/14/2020,PAO,CA,AWP,WE,Towers with Radar,0,1,6,0,7,0,0,124,0,124,0,1,130,0,131,232,0,232,363
12/15/2020,PAO,CA,AWP,WE,Towers with Radar,0,0,5,0,5,0,1,151,0,152,0,1,156,0,157,212,0,212,369
12/16/2020,PAO,CA,AWP,WE,Towers with Radar,0,0,4,0,4,0,0,92,0,92,0,0,96,0,96,224,0,224,320
12/17/2020,PAO,CA,AWP,WE,Towers with Radar,0,0,13,0,13,0,0,42,0,42,0,0,55,0,55,296,0,296,351
12/18/2020,PAO,CA,AWP,WE,Towers with Radar,0,0,7,0,7,0,4,195,0,199,0,4,202,0,206,254,0,254,460
12/19/2020,PAO,CA,AWP,WE,Towers with Radar,0,0,13,0,13,0,0,182,0,182,0,0,195,0,195,258,0,258,453
12/20/2020,PAO,CA,AWP,WE,Towers with Radar,0,0,6,0,6,0,1,169,0,170,0,1,175,0,176,229,0,229,405
12/21/2020,PAO,CA,AWP,WE,Towers with Radar,0,0,7,0,7,0,1,112,0,113,0,1,119,0,120,288,0,288,408
12/22/2020,PAO,CA,AWP,WE,Towers with Radar,0,0,13,0,13,0,2,131,0,133,0,2,144,0,146,233,0,233,379
12/23/2020,PAO,CA,AWP,WE,Towers with Radar,0,0,10,0,10,0,0,155,3,158,0,0,165,3,168,272,0,272,440
12/24/2020,PAO,CA,AWP,WE,Towers with Radar,0,0,7,0,7,0,0,80,0,80,0,0,87,0,87,224,0,224,311
12/25/2020,PAO,CA,AWP,WE,Towers with Radar,0,0,2,0,2,0,0,10,0,10,0,0,12,0,12,22,0,22,34
12/26/2020,PAO,CA,AWP,WE,Towers with Radar,0,0,7,0,7,0,0,64,0,64,0,0,71,0,71,176,0,176,247
12/27/2020,PAO,CA,AWP,WE,Towers with Radar,0,0,6,0,6,0,2,113,0,115,0,2,119,0,121,176,0,176,297
12/28/2020,PAO,CA,AWP,WE,Towers with Radar,0,0,7,0,7,0,2,74,0,76,0,2,81,0,83,308,0,308,391
12/29/2020,PAO,CA,AWP,WE,Towers with Radar,0,0,12,0,12,0,1,221,2,224,0,1,233,2,236,258,0,258,494
12/30/2020,PAO,CA,AWP,WE,Towers with Radar,0,0,3,0,3,0,0,130,0,130,0,0,133,0,133,234,0,234,367
12/31/2020,PAO,CA,AWP,WE,Towers with Radar,0,0,11,0,11,0,0,113,0,113,0,0,124,0,124,324,0,324,448
01/01/2021,PAO,CA,AWP,WE,Towers with Radar,0,0,2,0,2,0,0,94,0,94,0,0,96,0,96,116,0,116,212
01/02/2021,PAO,CA,AWP,WE,Towers with Radar,0,0,25,0,25,0,0,8,0,8,0,0,33,0,33,278,0,278,311
01/03/2021,PAO,CA,AWP,WE,Towers with Radar,0,4,18,0,22,0,0,11,0,11,0,4,29,0,33,44,0,44,77
01/04/2021,PAO,CA,AWP,WE,Towers with Radar,0,0,5,0,5,0,0,12,0,12,0,0,17,0,17,50,0,50,67
01/05/2021,PAO,CA,AWP,WE,Towers with Radar,0,2,8,0,10,0,3,144,0,147,0,5,152,0,157,240,0,240,397
01/06/2021,PAO,CA,AWP,WE,Towers with Radar,0,0,7,0,7,0,2,70,0,72,0,2,77,0,79,240,0,240,319
01/07/2021,PAO,CA,AWP,WE,Towers with Radar,0,1,12,0,13,0,2,87,0,89,0,3,99,0,102,238,0,238,340
01/08/2021,PAO,CA,AWP,WE,Towers with Radar,0,0,12,0,12,0,1,136,0,137,0,1,148,0,149,318,0,318,467
01/09/2021,PAO,CA,AWP,WE,Towers with Radar,0,0,6,0,6,0,0,206,0,206,0,0,212,0,212,206,0,206,418
01/10/2021,PAO,CA,AWP,WE,Towers with Radar,0,0,19,0,19,0,1,144,0,145,0,1,163,0,164,312,0,312,476
01/11/2021,PAO,CA,AWP,WE,Towers with Radar,0,0,9,0,9,0,2,114,0,116,0,2,123,0,125,108,0,108,233
01/12/2021,PAO,CA,AWP,WE,Towers with Radar,0,0,3,0,3,0,0,97,0,97,0,0,100,0,100,200,0,200,300
01/13/2021,PAO,CA,AWP,WE,Towers with Radar,0,0,7,0,7,0,0,127,0,127,0,0,134,0,134,158,0,158,292
01/14/2021,PAO,CA,AWP,WE,Towers with Radar,0,0,12,0,12,0,6,165,1,172,0,6,177,1,184,278,0,278,462
01/15/2021,PAO,CA,AWP,WE,Towers with Radar,0,0,10,0,10,0,3,186,0,189,0,3,196,0,199,268,0,268,467
01/16/2021,PAO,CA,AWP,WE,Towers with Radar,0,0,5,0,5,0,0,199,0,199,0,0,204,0,204,301,0,301,505
01/17/2021,PAO,CA,AWP,WE,Towers with Radar,0,0,13,0,13,0,0,212,0,212,0,0,225,0,225,256,0,256,481
01/18/2021,PAO,CA,AWP,WE,Towers with Radar,0,0,4,0,4,0,0,85,0,85,0,0,89,0,89,198,0,198,287
01/19/2021,PAO,CA,AWP,WE,Towers with Radar,0,0,4,0,4,0,0,14,0,14,0,0,18,0,18,36,0,36,54
01/20/2021,PAO,CA,AWP,WE,Towers with Radar,0,0,6,0,6,0,1,193,1,195,0,1,199,1,201,222,0,222,423
01/21/2021,PAO,CA,AWP,WE,Towers with Radar,0,1,8,0,9,0,2,152,0,154,0,3,160,0,163,252,0,252,415
01/22/2021,PAO,CA,AWP,WE,Towers with Radar,0,0,10,0,10,0,2,13,0,15,0,2,23,0,25,140,0,140,165
01/23/2021,PAO,CA,AWP,WE,Towers with Radar,0,1,27,0,28,0,0,166,0,166,0,1,193,0,194,434,0,434,628
01/24/2021,PAO,CA,AWP,WE,Towers with Radar,0,2,9,0,11,0,0,17,0,17,0,2,26,0,28,248,0,248,276
01/25/2021,PAO,CA,AWP,WE,Towers with Radar,0,0,7,0,7,0,1,30,0,31,0,1,37,0,38,56,0,56,94
01/26/2021,PAO,CA,AWP,WE,Towers with Radar,0,0,7,0,7,0,3,63,0,66,0,3,70,0,73,226,0,226,299
01/27/2021,PAO,CA,AWP,WE,Towers with Radar,0,2,2,0,4,0,0,3,0,3,0,2,5,0,7,66,0,66,73
01/28/2021,PAO,CA,AWP,WE,Towers with Radar,0,0,6,0,6,0,0,2,0,2,0,0,8,0,8,56,0,56,64
01/29/2021,PAO,CA,AWP,WE,Towers with Radar,0,0,10,0,10,0,0,122,0,122,0,0,132,0,132,390,0,390,522
01/30/2021,PAO,CA,AWP,WE,Towers with Radar,0,0,5,0,5,0,0,188,1,189,0,0,193,1,194,276,0,276,470
01/31/2021,PAO,CA,AWP,WE,Towers with Radar,0,0,11,0,11,0,0,167,0,167,0,0,178,0,178,132,0,132,310
02/01/2021,PAO,CA,AWP,WE,Towers with Radar,0,0,3,0,3,0,0,68,0,68,0,0,71,0,71,191,0,191,262
02/02/2021,PAO,CA,AWP,WE,Towers with Radar,0,1,13,0,14,0,0,36,0,36,0,1,49,0,50,200,0,200,250
02/03/2021,PAO,CA,AWP,WE,Towers with Radar,0,0,16,0,16,0,0,94,0,94,0,0,110,0,110,352,0,352,462
02/04/2021,PAO,CA,AWP,WE,Towers with Radar,0,0,6,0,6,0,0,142,0,142,0,0,148,0,148,214,0,214,362
02/05/2021,PAO,CA,AWP,WE,Towers with Radar,0,0,5,0,5,0,2,219,0,221,0,2,224,0,226,272,0,272,498
02/06/2021,PAO,CA,AWP,WE,Towers with Radar,0,0,9,0,9,0,2,248,0,250,0,2,257,0,259,250,0,250,509
02/07/2021,PAO,CA,AWP,WE,Towers with Radar,0,0,8,0,8,0,0,218,0,218,0,0,226,0,226,238,0,238,464
02/08/2021,PAO,CA,AWP,WE,Towers with Radar,0,0,11,0,11,0,0,102,1,103,0,0,113,1,114,250,0,250,364
02/09/2021,PAO,CA,AWP,WE,Towers with Radar,0,0,6,0,6,0,0,92,0,92,0,0,98,0,98,378,0,378,476
02/10/2021,PAO,CA,AWP,WE,Towers with Radar,0,0,6,0,6,0,0,145,0,145,0,0,151,0,151,310,0,310,461
02/11/2021,PAO,CA,AWP,WE,Towers with Radar,0,0,14,0,14,0,0,93,0,93,0,0,107,0,107,228,0,228,335
02/12/2021,PAO,CA,AWP,WE,Towers with Radar,0,1,15,0,16,0,2,112,0,114,0,3,127,0,130,318,0,318,448
02/13/2021,PAO,CA,AWP,WE,Towers with Radar,0,1,8,0,9,0,0,70,0,70,0,1,78,0,79,208,0,208,287
02/14/2021,PAO,CA,AWP,WE,Towers with Radar,0,0,14,0,14,0,0,107,0,107,0,0,121,0,121,228,0,228,349
02/15/2021,PAO,CA,AWP,WE,Towers with Radar,0,1,22,0,23,0,0,15,0,15,0,1,37,0,38,160,0,160,198
02/16/2021,PAO,CA,AWP,WE,Towers with Radar,0,0,3,0,3,0,0,102,0,102,0,0,105,0,105,216,0,216,321
02/17/2021,PAO,CA,AWP,WE,Towers with Radar,0,0,11,0,11,0,2,140,0,142,0,2,151,0,153,289,0,289,442
02/18/2021,PAO,CA,AWP,WE,Towers with Radar,0,1,2,0,3,0,0,135,0,135,0,1,137,0,138,316,0,316,454
02/19/2021,PAO,CA,AWP,WE,Towers with Radar,0,1,29,0,30,0,5,56,0,61,0,6,85,0,91,471,0,471,562
02/20/2021,PAO,CA,AWP,WE,Towers with Radar,0,0,14,0,14,0,5,103,0,108,0,5,117,0,122,332,0,332,454
02/21/2021,PAO,CA,AWP,WE,Towers with Radar,0,0,7,0,7,0,2,222,0,224,0,2,229,0,231,226,0,226,457
02/22/2021,PAO,CA,AWP,WE,Towers with Radar,0,0,5,0,5,0,2,151,0,153,0,2,156,0,158,280,0,280,438
02/23/2021,PAO,CA,AWP,WE,Towers with Radar,0,0,0,0,0,0,1,107,0,108,0,1,107,0,108,210,0,210,318
02/24/2021,PAO,CA,AWP,WE,Towers with Radar,0,0,6,0,6,0,0,110,0,110,0,0,116,0,116,292,0,292,408
02/25/2021,PAO,CA,AWP,WE,Towers with Radar,0,0,14,0,14,0,0,118,0,118,0,0,132,0,132,328,0,328,460
02/26/2021,PAO,CA,AWP,WE,Towers with Radar,0,0,5,0,5,0,0,166,0,166,0,0,171,0,171,394,0,394,565
02/27/2021,PAO,CA,AWP,WE,Towers with Radar,0,0,3,0,3,0,0,144,0,144,0,0,147,0,147,196,0,196,343
02/28/2021,PAO,CA,AWP,WE,Towers with Radar,0,0,10,0,10,0,0,240,0,240,0,0,250,0,250,275,0,275,525
03/01/2021,PAO,CA,AWP,WE,Towers with Radar,0,0,4,0,4,0,8,122,0,130,0,8,126,0,134,278,0,278,412
03/02/2021,PAO,CA,AWP,WE,Towers with Radar,0,0,5,0,5,0,3,129,0,132,0,3,134,0,137,273,0,273,410
03/03/2021,PAO,CA,AWP,WE,Towers with Radar,0,0,5,0,5,0,0,145,0,145,0,0,150,0,150,208,0,208,358
03/04/2021,PAO,CA,AWP,WE,Towers with Radar,0,0,9,0,9,0,0,155,0,155,0,0,164,0,164,390,0,390,554
03/05/2021,PAO,CA,AWP,WE,Towers with Radar,0,0,11,0,11,0,5,182,0,187,0,5,193,0,198,238,0,238,436
03/06/2021,PAO,CA,AWP,WE,Towers with Radar,0,0,7,0,7,0,1,157,0,158,0,1,164,0,165,272,0,272,437
03/07/2021,PAO,CA,AWP,WE,Towers with Radar,0,0,8,0,8,0,1,202,0,203,0,1,210,0,211,275,0,275,486
03/08/2021,PAO,CA,AWP,WE,Towers with Radar,0,0,9,0,9,0,1,92,0,93,0,1,101,0,102,190,0,190,292
03/09/2021,PAO,CA,AWP,WE,Towers with Radar,0,0,3,0,3,0,2,29,1,32,0,2,32,1,35,148,0,148,183
03/10/2021,PAO,CA,AWP,WE,Towers with Radar,0,0,10,0,10,0,0,33,0,33,0,0,43,0,43,231,0,231,274
03/11/2021,PAO,CA,AWP,WE,Towers with Radar,0,0,16,0,16,0,0,96,0,96,0,0,112,0,112,380,0,380,492
03/12/2021,PAO,CA,AWP,WE,Towers with Radar,0,0,8,0,8,0,1,244,2,247,0,1,252,2,255,350,0,350,605
03/13/2021,PAO,CA,AWP,WE,Towers with Radar,0,0,28,0,28,0,2,106,0,108,0,2,134,0,136,452,0,452,588
03/14/2021,PAO,CA,AWP,WE,Towers with Radar,0,0,17,0,17,0,0,69,0,69,0,0,86,0,86,203,0,203,289
03/15/2021,PAO,CA,AWP,WE,Towers with Radar,0,0,4,0,4,0,0,24,0,24,0,0,28,0,28,53,0,53,81
03/16/2021,PAO,CA,AWP,WE,Towers with Radar,0,0,6,0,6,0,0,174,0,174,0,0,180,0,180,329,0,329,509
03/17/2021,PAO,CA,AWP,WE,Towers with Radar,0,1,11,0,12,0,1,131,0,132,0,2,142,0,144,246,0,246,390
03/18/2021,PAO,CA,AWP,WE,Towers with Radar,0,0,17,0,17,0,0,11,0,11,0,0,28,0,28,98,0,98,126
03/19/2021,PAO,CA,AWP,WE,Towers with Radar,0,1,28,0,29,0,1,98,0,99,0,2,126,0,128,418,0,418,546
03/20/2021,PAO,CA,AWP,WE,Towers with Radar,0,0,19,0,19,0,2,151,0,153,0,2,170,0,172,242,0,242,414
03/21/2021,PAO,CA,AWP,WE,Towers with Radar,0,0,11,0,11,0,2,205,0,207,0,2,216,0,218,291,0,291,509
03/22/2021,PAO,CA,AWP,WE,Towers with Radar,0,0,2,0,2,0,3,119,0,122,0,3,121,0,124,179,0,179,303
03/23/2021,PAO,CA,AWP,WE,Towers with Radar,0,0,1,0,1,0,0,93,0,93,0,0,94,0,94,182,0,182,276
03/24/2021,PAO,CA,AWP,WE,Towers with Radar,0,0,12,0,12,0,0,198,0,198,0,0,210,0,210,352,0,352,562
03/25/2021,PAO,CA,AWP,WE,Towers with Radar,0,2,15,0,17,0,0,88,0,88,0,2,103,0,105,306,0,306,411
03/26/2021,PAO,CA,AWP,WE,Towers with Radar,0,0,8,0,8,0,6,176,0,182,0,6,184,0,190,452,0,452,642
03/27/2021,PAO,CA,AWP,WE,Towers with Radar,0,0,8,0,8,0,1,212,0,213,0,1,220,0,221,300,0,300,521
03/28/2021,PAO,CA,AWP,WE,Towers with Radar,0,0,9,0,9,0,0,196,0,196,0,0,205,0,205,292,0,292,497
03/29/2021,PAO,CA,AWP,WE,Towers with Radar,0,0,4,0,4,0,2,134,0,136,0,2,138,0,140,236,0,236,376
03/30/2021,PAO,CA,AWP,WE,Towers with Radar,0,0,11,0,11,0,0,163,0,163,0,0,174,0,174,388,0,388,562
03/31/2021,PAO,CA,AWP,WE,Towers with Radar,0,1,6,0,7,0,1,197,1,199,0,2,203,1,206,377,0,377,583
04/01/2021,PAO,CA,AWP,WE,Towers with Radar,0,0,3,0,3,0,4,171,0,175,0,4,174,0,178,328,0,328,506
04/02/2021,PAO,CA,AWP,WE,Towers with Radar,0,0,16,0,16,0,2,165,0,167,0,2,181,0,183,334,0,334,517
04/03/2021,PAO,CA,AWP,WE,Towers with Radar,0,0,18,0,18,0,4,171,0,175,0,4,189,0,193,344,0,344,537
04/04/2021,PAO,CA,AWP,WE,Towers with Radar,0,0,15,0,15,0,0,150,0,150,0,0,165,0,165,184,0,184,349
04/05/2021,PAO,CA,AWP,WE,Towers with Radar,1,0,10,0,11,0,2,83,0,85,1,2,93,0,96,213,0,213,309
04/06/2021,PAO,CA,AWP,WE,Towers with Radar,0,0,15,0,15,0,2,140,0,142,0,2,155,0,157,303,0,303,460
04/07/2021,PAO,CA,AWP,WE,Towers with Radar,0,0,11,0,11,0,1,118,0,119,0,1,129,0,130,250,0,250,380
04/08/2021,PAO,CA,AWP,WE,Towers with Radar,0,0,14,0,14,0,2,131,0,133,0,2,145,0,147,298,0,298,445
04/09/2021,PAO,CA,AWP,WE,Towers with Radar,0,0,9,0,9,0,2,157,0,159,0,2,166,0,168,324,0,324,492
04/10/2021,PAO,CA,AWP,WE,Towers with Radar,0,0,6,0,6,0,0,203,1,204,0,0,209,1,210,234,0,234,444
04/11/2021,PAO,CA,AWP,WE,Towers with Radar,0,0,7,0,7,0,0,218,1,219,0,0,225,1,226,218,0,218,444
04/12/2021,PAO,CA,AWP,WE,Towers with Radar,0,1,8,0,9,0,0,117,0,117,0,1,125,0,126,341,0,341,467
04/13/2021,PAO,CA,AWP,WE,Towers with Radar,0,0,10,0,10,0,1,113,0,114,0,1,123,0,124,331,0,331,455
04/14/2021,PAO,CA,AWP,WE,Towers with Radar,0,0,3,0,3,0,0,150,0,150,0,0,153,0,153,312,0,312,465
04/15/2021,PAO,CA,AWP,WE,Towers with Radar,0,0,6,0,6,0,8,160,0,168,0,8,166,0,174,272,0,272,446
04/16/2021,PAO,CA,AWP,WE,Towers with Radar,0,0,16,0,16,0,4,187,0,191,0,4,203,0,207,446,0,446,653
04/17/2021,PAO,CA,AWP,WE,Towers with Radar,0,0,26,0,26,0,0,184,1,185,0,0,210,1,211,328,0,328,539
04/18/2021,PAO,CA,AWP,WE,Towers with Radar,0,0,5,0,5,0,1,206,0,207,0,1,211,0,212,289,0,289,501
04/19/2021,PAO,CA,AWP,WE,Towers with Radar,0,0,16,0,16,0,0,106,0,106,0,0,122,0,122,212,0,212,334
04/20/2021,PAO,CA,AWP,WE,Towers with Radar,0,0,15,0,15,0,0,80,0,80,0,0,95,0,95,233,0,233,328
04/21/2021,PAO,CA,AWP,WE,Towers with Radar,0,2,9,0,11,0,2,152,0,154,0,4,161,0,165,375,0,375,540
04/22/2021,PAO,CA,AWP,WE,Towers with Radar,0,1,20,0,21,0,1,92,0,93,0,2,112,0,114,334,0,334,448
04/23/2021,PAO,CA,AWP,WE,Towers with Radar,0,0,18,0,18,0,2,151,0,153,0,2,169,0,171,356,0,356,527
04/24/2021,PAO,CA,AWP,WE,Towers with Radar,0,0,23,0,23,0,0,136,0,136,0,0,159,0,159,344,0,344,503
04/25/2021,PAO,CA,AWP,WE,Towers with Radar,0,0,22,0,22,0,0,36,0,36,0,0,58,0,58,222,0,222,280
04/26/2021,PAO,CA,AWP,WE,Towers with Radar,0,0,11,0,11,0,0,88,0,88,0,0,99,0,99,303,0,303,402
04/27/2021,PAO,CA,AWP,WE,Towers with Radar,0,0,5,0,5,0,0,160,0,160,0,0,165,0,165,342,0,342,507
04/28/2021,PAO,CA,AWP,WE,Towers with Radar,0,0,5,0,5,0,2,204,0,206,0,2,209,0,211,392,0,392,603
04/29/2021,PAO,CA,AWP,WE,Towers with Radar,0,0,13,0,13,0,1,146,0,147,0,1,159,0,160,334,0,334,494
04/30/2021,PAO,CA,AWP,WE,Towers with Radar,0,0,16,0,16,0,0,140,0,140,0,0,156,0,156,322,0,322,478
05/01/2021,PAO,CA,AWP,WE,Towers with Radar,0,0,8,0,8,0,1,123,0,124,0,1,131,0,132,300,0,300,432
05/02/2021,PAO,CA,AWP,WE,Towers with Radar,0,0,4,0,4,0,0,156,0,156,0,0,160,0,160,227,0,227,387
05/03/2021,PAO,CA,AWP,WE,Towers with Radar,0,0,6,0,6,0,3,97,0,100,0,3,103,0,106,332,0,332,438
05/04/2021,PAO,CA,AWP,WE,Towers with Radar,0,0,0,0,0,0,4,143,0,147,0,4,143,0,147,288,0,288,435
05/05/2021,PAO,CA,AWP,WE,Towers with Radar,0,0,7,0,7,0,0,164,0,164,0,0,171,0,171,362,0,362,533
05/06/2021,PAO,CA,AWP,WE,Towers with Radar,0,0,10,0,10,0,0,125,0,125,0,0,135,0,135,236,0,236,371
05/07/2021,PAO,CA,AWP,WE,Towers with Radar,0,0,17,0,17,0,2,176,0,178,0,2,193,0,195,194,0,194,389
05/08/2021,PAO,CA,AWP,WE,Towers with Radar,0,2,11,0,13,0,0,177,1,178,0,2,188,1,191,236,0,236,427
05/09/2021,PAO,CA,AWP,WE,Towers with Radar,0,1,6,0,7,0,1,159,0,160,0,2,165,0,167,251,0,251,418
05/10/2021,PAO,CA,AWP,WE,Towers with Radar,0,0,6,0,6,0,5,115,0,120,0,5,121,0,126,208,0,208,334
05/11/2021,PAO,CA,AWP,WE,Towers with Radar,0,0,5,0,5,0,0,133,0,133,0,0,138,0,138,286,0,286,424
05/12/2021,PAO,CA,AWP,WE,Towers with Radar,0,0,23,0,23,0,0,99,0,99,0,0,122,0,122,158,0,158,280
05/13/2021,PAO,CA,AWP,WE,Towers with Radar,0,0,16,0,16,0,0,144,0,144,0,0,160,0,160,193,0,193,353
05/14/2021,PAO,CA,AWP,WE,Towers with Radar,0,2,29,0,31,0,0,109,0,109,0,2,138,0,140,247,0,247,387
05/15/2021,PAO,CA,AWP,WE,Towers with Radar,0,0,28,0,28,0,0,108,0,108,0,0,136,0,136,372,0,372,508
05/16/2021,PAO,CA,AWP,WE,Towers with Radar,0,2,23,0,25,0,1,144,0,145,0,3,167,0,170,358,0,358,528
05/17/2021,PAO,CA,AWP,WE,Towers with Radar,0,0,13,0,13,0,1,85,0,86,0,1,98,0,99,208,0,208,307
05/18/2021,PAO,CA,AWP,WE,Towers with Radar,0,0,12,0,12,0,3,174,0,177,0,3,186,0,189,282,0,282,471
05/19/2021,PAO,CA,AWP,WE,Towers with Radar,0,0,5,0,5,0,0,78,0,78,0,0,83,0,83,152,0,152,235
05/20/2021,PAO,CA,AWP,WE,Towers with Radar,0,0,6,0,6,0,0,101,0,101,0,0,107,0,107,228,0,228,335
05/21/2021,PAO,CA,AWP,WE,Towers with Radar,0,1,9,0,10,0,8,182,0,190,0,9,191,0,200,368,0,368,568
05/22/2021,PAO,CA,AWP,WE,Towers with Radar,0,1,9,0,10,0,1,187,0,188,0,2,196,0,198,305,0,305,503
05/23/2021,PAO,CA,AWP,WE,Towers with Radar,0,2,13,0,15,0,2,166,0,168,0,4,179,0,183,250,0,250,433
05/24/2021,PAO,CA,AWP,WE,Towers with Radar,0,1,14,0,15,0,0,138,0,138,0,1,152,0,153,224,0,224,377
05/25/2021,PAO,CA,AWP,WE,Towers with Radar,0,0,7,0,7,0,0,144,0,144,0,0,151,0,151,290,0,290,441
05/26/2021,PAO,CA,AWP,WE,Towers with Radar,0,0,7,0,7,0,0,166,0,166,0,0,173,0,173,350,0,350,523
05/27/2021,PAO,CA,AWP,WE,Towers with Radar,0,0,9,0,9,0,0,156,0,156,0,0,165,0,165,268,0,268,433
05/28/2021,PAO,CA,AWP,WE,Towers with Radar,0,0,15,0,15,0,1,157,0,158,0,1,172,0,173,363,0,363,536
05/29/2021,PAO,CA,AWP,WE,Towers with Radar,0,0,23,0,23,0,2,147,0,149,0,2,170,0,172,348,0,348,520
05/30/2021,PAO,CA,AWP,WE,Towers with Radar,0,0,8,0,8,0,1,145,0,146,0,1,153,0,154,232,0,232,386
05/31/2021,PAO,CA,AWP,WE,Towers with Radar,0,0,3,0,3,0,1,194,0,195,0,1,197,0,198,261,0,261,459
06/01/2021,PAO,CA,AWP,WE,Towers with Radar,0,0,6,0,6,0,0,151,0,151,0,0,157,0,157,296,0,296,453
06/02/2021,PAO,CA,AWP,WE,Towers with Radar,0,2,22,0,24,0,1,121,0,122,0,3,143,0,146,294,0,294,440
06/03/2021,PAO,CA,AWP,WE,Towers with Radar,0,1,15,0,16,0,0,159,0,159,0,1,174,0,175,287,0,287,462
06/04/2021,PAO,CA,AWP,WE,Towers with Radar,0,1,14,0,15,0,0,158,0,158,0,1,172,0,173,257,0,257,430
06/05/2021,PAO,CA,AWP,WE,Towers with Radar,0,0,14,0,14,0,1,176,0,177,0,1,190,0,191,352,0,352,543
06/06/2021,PAO,CA,AWP,WE,Towers with Radar,0,0,6,0,6,0,2,183,0,185,0,2,189,0,191,229,0,229,420
06/07/2021,PAO,CA,AWP,WE,Towers with Radar,0,0,10,0,10,0,3,102,0,105,0,3,112,0,115,212,0,212,327
06/08/2021,PAO,CA,AWP,WE,Towers with Radar,0,0,9,0,9,0,2,158,0,160,0,2,167,0,169,336,0,336,505
06/09/2021,PAO,CA,AWP,WE,Towers with Radar,0,0,13,0,13,0,1,102,0,103,0,1,115,0,116,272,0,272,388
06/10/2021,PAO,CA,AWP,WE,Towers with Radar,0,0,0,0,0,0,1,213,0,214,0,1,213,0,214,402,0,402,616
06/11/2021,PAO,CA,AWP,WE,Towers with Radar,0,1,4,0,5,0,4,195,0,199,0,5,199,0,204,358,0,358,562
06/12/2021,PAO,CA,AWP,WE,Towers with Radar,0,0,26,0,26,0,3,171,0,174,0,3,197,0,200,250,0,250,450
06/13/2021,PAO,CA,AWP,WE,Towers with Radar,0,0,11,0,11,0,2,128,0,130,0,2,139,0,141,272,0,272,413
06/14/2021,PAO,CA,AWP,WE,Towers with Radar,0,2,14,0,16,0,0,101,0,101,0,2,115,0,117,248,0,248,365
06/15/2021,PAO,CA,AWP,WE,Towers with Radar,0,0,7,0,7,0,0,162,0,162,0,0,169,0,169,267,0,267,436
06/16/2021,PAO,CA,AWP,WE,Towers with Radar,0,0,5,0,5,0,0,184,0,184,0,0,189,0,189,294,0,294,483
06/17/2021,PAO,CA,AWP,WE,Towers with Radar,0,0,5,0,5,0,3,159,0,162,0,3,164,0,167,230,0,230,397
06/18/2021,PAO,CA,AWP,WE,Towers with Radar,0,0,10,0,10,0,7,182,0,189,0,7,192,0,199,336,0,336,535
06/19/2021,PAO,CA,AWP,WE,Towers with Radar,0,1,13,0,14,0,3,200,0,203,0,4,213,0,217,294,0,294,511
06/20/2021,PAO,CA,AWP,WE,Towers with Radar,0,0,19,0,19,0,0,106,0,106,0,0,125,0,125,160,0,160,285
06/21/2021,PAO,CA,AWP,WE,Towers with Radar,0,0,12,0,12,0,0,124,2,126,0,0,136,2,138,310,0,310,448
06/22/2021,PAO,CA,AWP,WE,Towers with Radar,0,2,17,0,19,0,2,153,0,155,0,4,170,0,174,332,0,332,506
06/23/2021,PAO,CA,AWP,WE,Towers with Radar,0,0,11,0,11,0,1,107,0,108,0,1,118,0,119,251,0,251,370
06/24/2021,PAO,CA,AWP,WE,Towers with Radar,0,0,15,0,15,0,4,156,0,160,0,4,171,0,175,502,0,502,677
06/25/2021,PAO,CA,AWP,WE,Towers with Radar,0,0,24,0,24,0,0,142,0,142,0,0,166,0,166,408,0,408,574
06/26/2021,PAO,CA,AWP,WE,Towers with Radar,0,2,18,0,20,0,1,190,0,191,0,3,208,0,211,228,0,228,439
06/27/2021,PAO,CA,AWP,WE,Towers with Radar,0,2,20,0,22,0,0,111,0,111,0,2,131,0,133,276,0,276,409
06/28/2021,PAO,CA,AWP,WE,Towers with Radar,0,3,16,0,19,0,6,149,0,155,0,9,165,0,174,368,0,368,542
06/29/2021,PAO,CA,AWP,WE,Towers with Radar,0,3,10,0,13,0,1,148,0,149,0,4,158,0,162,354,0,354,516
06/30/2021,PAO,CA,AWP,WE,Towers with Radar,0,0,20,0,20,0,1,127,0,128,0,1,147,0,148,426,0,426,574
07/01/2021,PAO,CA,AWP,WE,Towers with Radar,0,0,18,0,18,0,0,154,0,154,0,0,172,0,172,358,0,358,530
07/02/2021,PAO,CA,AWP,WE,Towers with Radar,0,0,27,0,27,0,2,156,0,158,0,2,183,0,185,340,0,340,525
07/03/2021,PAO,CA,AWP,WE,Towers with Radar,0,0,17,0,17,0,1,114,0,115,0,1,131,0,132,234,0,234,366
07/04/2021,PAO,CA,AWP,WE,Towers with Radar,0,0,8,0,8,0,0,75,1,76,0,0,83,1,84,167,0,167,251
07/05/2021,PAO,CA,AWP,WE,Towers with Radar,0,0,22,0,22,0,3,181,0,184,0,3,203,0,206,335,0,335,541
07/06/2021,PAO,CA,AWP,WE,Towers with Radar,0,1,13,0,14,0,3,112,0,115,0,4,125,0,129,308,0,308,437
07/07/2021,PAO,CA,AWP,WE,Towers with Radar,0,0,18,0,18,0,4,153,0,157,0,4,171,0,175,406,0,406,581
07/08/2021,PAO,CA,AWP,WE,Towers with Radar,0,0,8,0,8,0,1,144,1,146,0,1,152,1,154,376,0,376,530
07/09/2021,PAO,CA,AWP,WE,Towers with Radar,0,3,9,0,12,0,2,222,0,224,0,5,231,0,236,450,0,450,686
07/10/2021,PAO,CA,AWP,WE,Towers with Radar,0,0,5,0,5,0,2,154,0,156,0,2,159,0,161,289,0,289,450
07/11/2021,PAO,CA,AWP,WE,Towers with Radar,0,0,9,0,9,0,0,168,0,168,0,0,177,0,177,314,0,314,491
07/12/2021,PAO,CA,AWP,WE,Towers with Radar,0,0,22,0,22,0,0,123,0,123,0,0,145,0,145,254,0,254,399
07/13/2021,PAO,CA,AWP,WE,Towers with Radar,0,0,12,0,12,0,0,106,0,106,0,0,118,0,118,280,0,280,398
07/14/2021,PAO,CA,AWP,WE,Towers with Radar,0,0,8,0,8,0,1,181,1,183,0,1,189,1,191,412,0,412,603
07/15/2021,PAO,CA,AWP,WE,Towers with Radar,0,0,14,0,14,0,1,151,0,152,0,1,165,0,166,414,0,414,580
07/16/2021,PAO,CA,AWP,WE,Towers with Radar,0,1,23,0,24,0,3,169,0,172,0,4,192,0,196,361,0,361,557
07/17/2021,PAO,CA,AWP,WE,Towers with Radar,0,0,15,0,15,0,1,191,0,192,0,1,206,0,207,230,0,230,437
07/18/2021,PAO,CA,AWP,WE,Towers with Radar,0,0,14,0,14,0,2,150,0,152,0,2,164,0,166,230,0,230,396
07/19/2021,PAO,CA,AWP,WE,Towers with Radar,0,0,4,0,4,0,1,143,0,144,0,1,147,0,148,230,0,230,378
07/20/2021,PAO,CA,AWP,WE,Towers with Radar,0,0,7,0,7,0,1,149,0,150,0,1,156,0,157,340,0,340,497
07/21/2021,PAO,CA,AWP,WE,Towers with Radar,0,0,1,0,1,0,0,181,0,181,0,0,182,0,182,332,0,332,514
07/22/2021,PAO,CA,AWP,WE,Towers with Radar,0,0,9,0,9,0,0,178,0,178,0,0,187,0,187,389,0,389,576
07/23/2021,PAO,CA,AWP,WE,Towers with Radar,0,0,8,0,8,0,4,181,0,185,0,4,189,0,193,554,0,554,747
07/24/2021,PAO,CA,AWP,WE,Towers with Radar,0,0,12,0,12,0,2,159,0,161,0,2,171,0,173,268,0,268,441
07/25/2021,PAO,CA,AWP,WE,Towers with Radar,0,0,15,0,15,0,0,147,0,147,0,0,162,0,162,256,0,256,418
07/26/2021,PAO,CA,AWP,WE,Towers with Radar,0,4,15,0,19,0,2,95,0,97,0,6,110,0,116,206,0,206,322
07/27/2021,PAO,CA,AWP,WE,Towers with Radar,0,0,7,0,7,0,0,142,0,142,0,0,149,0,149,333,0,333,482
07/28/2021,PAO,CA,AWP,WE,Towers with Radar,0,0,9,0,9,0,0,146,0,146,0,0,155,0,155,232,0,232,387
07/29/2021,PAO,CA,AWP,WE,Towers with Radar,0,2,19,0,21,0,0,104,0,104,0,2,123,0,125,392,0,392,517
07/30/2021,PAO,CA,AWP,WE,Towers with Radar,0,3,16,0,19,0,0,124,0,124,0,3,140,0,143,266,0,266,409
07/31/2021,PAO,CA,AWP,WE,Towers with Radar,0,0,6,0,6,0,1,136,0,137,0,1,142,0,143,246,0,246,389
08/01/2021,PAO,CA,AWP,WE,Towers with Radar,0,0,13,0,13,0,0,148,0,148,0,0,161,0,161,242,0,242,403
08/02/2021,PAO,CA,AWP,WE,Towers with Radar,0,0,6,0,6,0,1,121,0,122,0,1,127,0,128,288,0,288,416
08/03/2021,PAO,CA,AWP,WE,Towers with Radar,0,0,5,0,5,0,3,140,0,143,0,3,145,0,148,349,0,349,497
08/04/2021,PAO,CA,AWP,WE,Towers with Radar,0,0,23,0,23,0,2,130,0,132,0,2,153,0,155,314,0,314,469
08/05/2021,PAO,CA,AWP,WE,Towers with Radar,0,0,15,0,15,0,1,115,0,116,0,1,130,0,131,348,0,348,479
08/06/2021,PAO,CA,AWP,WE,Towers with Radar,0,2,12,0,14,0,4,117,0,121,0,6,129,0,135,438,0,438,573
08/07/2021,PAO,CA,AWP,WE,Towers with Radar,0,3,17,0,20,0,1,131,0,132,0,4,148,0,152,352,0,352,504
08/08/2021,PAO,CA,AWP,WE,Towers with Radar,0,0,23,0,23,0,0,148,0,148,0,0,171,0,171,336,0,336,507
08/09/2021,PAO,CA,AWP,WE,Towers with Radar,0,0,6,0,6,0,2,123,0,125,0,2,129,0,131,358,0,358,489
08/10/2021,PAO,CA,AWP,WE,Towers with Radar,0,1,6,0,7,0,2,144,0,146,0,3,150,0,153,416,0,416,569
08/11/2021,PAO,CA,AWP,WE,Towers with Radar,0,0,14,0,14,0,1,171,0,172,0,1,185,0,186,302,0,302,488
08/12/2021,PAO,CA,AWP,WE,Towers with Radar,0,1,17,0,18,0,3,147,0,150,0,4,164,0,168,365,0,365,533
08/13/2021,PAO,CA,AWP,WE,Towers with Radar,0,0,8,0,8,0,2,182,0,184,0,2,190,0,192,346,0,346,538
08/14/2021,PAO,CA,AWP,WE,Towers with Radar,0,0,30,0,30,0,4,171,0,175,0,4,201,0,205,274,0,274,479
08/15/2021,PAO,CA,AWP,WE,Towers with Radar,0,0,29,0,29,0,2,132,0,134,0,2,161,0,163,330,0,330,493
08/16/2021,PAO,CA,AWP,WE,Towers with Radar,0,4,13,0,17,0,2,92,0,94,0,6,105,0,111,318,0,318,429
08/17/2021,PAO,CA,AWP,WE,Towers with Radar,0,2,15,0,17,0,3,100,0,103,0,5,115,0,120,374,0,374,494
08/18/2021,PAO,CA,AWP,WE,Towers with Radar,0,0,15,0,15,0,1,66,0,67,0,1,81,0,82,538,0,538,620
08/19/2021,PAO,CA,AWP,WE,Towers with Radar,0,2,13,0,15,0,0,79,0,79,0,2,92,0,94,526,0,526,620
08/20/2021,PAO,CA,AWP,WE,Towers with Radar,0,2,24,0,26,0,0,51,0,51,0,2,75,0,77,368,0,368,445
08/21/2021,PAO,CA,AWP,WE,Towers with Radar,0,0,18,0,18,0,1,132,0,133,0,1,150,0,151,344,0,344,495
08/22/2021,PAO,CA,AWP,WE,Towers with Radar,0,0,21,0,21,0,1,143,0,144,0,1,164,0,165,398,0,398,563
08/23/2021,PAO,CA,AWP,WE,Towers with Radar,0,1,15,0,16,0,0,125,0,125,0,1,140,0,141,336,0,336,477
08/24/2021,PAO,CA,AWP,WE,Towers with Radar,0,2,10,0,12,0,3,123,0,126,0,5,133,0,138,460,0,460,598
08/25/2021,PAO,CA,AWP,WE,Towers with Radar,0,0,17,0,17,0,0,129,0,129,0,0,146,0,146,420,0,420,566
08/26/2021,PAO,CA,AWP,WE,Towers with Radar,0,0,16,0,16,0,0,118,0,118,0,0,134,0,134,358,0,358,492
08/27/2021,PAO,CA,AWP,WE,Towers with Radar,0,1,11,0,12,0,0,132,0,132,0,1,143,0,144,408,0,408,552
08/28/2021,PAO,CA,AWP,WE,Towers with Radar,0,1,11,0,12,0,1,89,0,90,0,2,100,0,102,464,0,464,566
08/29/2021,PAO,CA,AWP,WE,Towers with Radar,0,0,16,0,16,0,4,125,0,129,0,4,141,0,145,376,0,376,521
08/30/2021,PAO,CA,AWP,WE,Towers with Radar,0,0,14,0,14,0,0,75,0,75,0,0,89,0,89,327,0,327,416
08/31/2021,PAO,CA,AWP,WE,Towers with Radar,0,0,6,0,6,0,0,135,0,135,0,0,141,0,141,442,0,442,583
09/01/2021,PAO,CA,AWP,WE,Towers with Radar,0,0,11,0,11,0,1,158,0,159,0,1,169,0,170,372,0,372,542
09/02/2021,PAO,CA,AWP,WE,Towers with Radar,0,3,11,0,14,0,1,86,0,87,0,4,97,0,101,490,0,490,591
09/03/2021,PAO,CA,AWP,WE,Towers with Radar,0,0,17,0,17,0,1,94,0,95,0,1,111,0,112,458,0,458,570
09/04/2021,PAO,CA,AWP,WE,Towers with Radar,0,0,29,0,29,0,1,112,0,113,0,1,141,0,142,234,0,234,376
09/05/2021,PAO,CA,AWP,WE,Towers with Radar,0,0,16,0,16,0,0,122,0,122,0,0,138,0,138,158,0,158,296
09/06/2021,PAO,CA,AWP,WE,Towers with Radar,0,0,7,0,7,0,0,150,0,150,0,0,157,0,157,309,0,309,466
09/07/2021,PAO,CA,AWP,WE,Towers with Radar,0,1,4,0,5,0,6,134,0,140,0,7,138,0,145,325,0,325,470
09/08/2021,PAO,CA,AWP,WE,Towers with Radar,0,0,11,0,11,0,0,161,0,161,0,0,172,0,172,298,0,298,470
09/09/2021,PAO,CA,AWP,WE,Towers with Radar,1,0,6,0,7,0,2,114,0,116,1,2,120,0,123,389,0,389,512
09/10/2021,PAO,CA,AWP,WE,Towers with Radar,0,1,13,0,14,0,3,146,0,149,0,4,159,0,163,356,0,356,519
09/11/2021,PAO,CA,AWP,WE,Towers with Radar,0,0,17,0,17,0,0,191,0,191,0,0,208,0,208,312,0,312,520
09/12/2021,PAO,CA,AWP,WE,Towers with Radar,0,1,8,0,9,0,0,183,0,183,0,1,191,0,192,168,0,168,360
09/13/2021,PAO,CA,AWP,WE,Towers with Radar,0,0,12,0,12,1,2,108,0,111,1,2,120,0,123,239,0,239,362
09/14/2021,PAO,CA,AWP,WE,Towers with Radar,0,4,3,0,7,0,2,174,0,176,0,6,177,0,183,312,0,312,495
09/15/2021,PAO,CA,AWP,WE,Towers with Radar,0,0,22,0,22,0,1,98,0,99,0,1,120,0,121,410,0,410,531
09/16/2021,PAO,CA,AWP,WE,Towers with Radar,0,0,12,0,12,0,1,141,1,143,0,1,153,1,155,228,0,228,383
09/17/2021,PAO,CA,AWP,WE,Towers with Radar,0,0,14,0,14,0,1,154,0,155,0,1,168,0,169,332,0,332,501
09/18/2021,PAO,CA,AWP,WE,Towers with Radar,0,0,16,0,16,0,4,135,0,139,0,4,151,0,155,340,0,340,495
09/19/2021,PAO,CA,AWP,WE,Towers with Radar,0,0,12,0,12,0,0,177,0,177,0,0,189,0,189,364,0,364,553
09/20/2021,PAO,CA,AWP,WE,Towers with Radar,0,0,5,0,5,1,1,113,0,115,1,1,118,0,120,330,0,330,450
09/21/2021,PAO,CA,AWP,WE,Towers with Radar,0,0,6,0,6,0,1,136,0,137,0,1,142,0,143,360,0,360,503
09/22/2021,PAO,CA,AWP,WE,Towers with Radar,0,0,8,0,8,0,0,186,0,186,0,0,194,0,194,420,0,420,614
09/23/2021,PAO,CA,AWP,WE,Towers with Radar,0,0,12,0,12,0,2,152,0,154,0,2,164,0,166,341,0,341,507
09/24/2021,PAO,CA,AWP,WE,Towers with Radar,0,0,14,0,14,0,2,189,0,191,0,2,203,0,205,280,0,280,485
09/25/2021,PAO,CA,AWP,WE,Towers with Radar,0,2,37,0,39,0,2,124,0,126,0,4,161,0,165,315,0,315,480
09/26/2021,PAO,CA,AWP,WE,Towers with Radar,0,0,18,0,18,0,0,170,0,170,0,0,188,0,188,310,0,310,498
09/27/2021,PAO,CA,AWP,WE,Towers with Radar,0,1,24,0,25,0,0,72,0,72,0,1,96,0,97,473,0,473,570
09/28/2021,PAO,CA,AWP,WE,Towers with Radar,0,0,5,0,5,0,1,160,0,161,0,1,165,0,166,348,0,348,514
09/29/2021,PAO,CA,AWP,WE,Towers with Radar,0,0,5,0,5,0,1,190,0,191,0,1,195,0,196,400,0,400,596
09/30/2021,PAO,CA,AWP,WE,Towers with Radar,0,0,3,0,3,0,1,152,0,153,0,1,155,0,156,230,0,230,386
10/01/2021,PAO,CA,AWP,WE,Towers with Radar,0,0,9,0,9,0,0,155,0,155,0,0,164,0,164,224,0,224,388
10/02/2021,PAO,CA,AWP,WE,Towers with Radar,0,0,9,0,9,0,3,210,0,213,0,3,219,0,222,178,0,178,400
10/03/2021,PAO,CA,AWP,WE,Towers with Radar,0,0,12,0,12,0,1,224,0,225,0,1,236,0,237,194,0,194,431
10/04/2021,PAO,CA,AWP,WE,Towers with Radar,0,0,4,0,4,0,0,123,0,123,0,0,127,0,127,264,0,264,391
10/05/2021,PAO,CA,AWP,WE,Towers with Radar,0,1,7,0,8,0,1,142,0,143,0,2,149,0,151,330,0,330,481
10/06/2021,PAO,CA,AWP,WE,Towers with Radar,0,0,16,0,16,0,0,136,0,136,0,0,152,0,152,324,0,324,476
10/07/2021,PAO,CA,AWP,WE,Towers with Radar,0,0,10,0,10,0,1,142,0,143,0,1,152,0,153,322,0,322,475
10/08/2021,PAO,CA,AWP,WE,Towers with Radar,0,0,14,0,14,0,0,137,0,137,0,0,151,0,151,226,0,226,377
10/09/2021,PAO,CA,AWP,WE,Towers with Radar,0,0,7,0,7,0,1,167,0,168,0,1,174,0,175,280,0,280,455
10/10/2021,PAO,CA,AWP,WE,Towers with Radar,0,0,9,0,9,0,1,193,0,194,0,1,202,0,203,246,0,246,449
10/11/2021,PAO,CA,AWP,WE,Towers with Radar,0,0,3,0,3,0,1,67,0,68,0,1,70,0,71,72,0,72,143
10/12/2021,PAO,CA,AWP,WE,Towers with Radar,0,0,1,0,1,0,3,115,0,118,0,3,116,0,119,252,0,252,371
10/13/2021,PAO,CA,AWP,WE,Towers with Radar,0,0,15,0,15,0,4,118,0,122,0,4,133,0,137,472,0,472,609
10/14/2021,PAO,CA,AWP,WE,Towers with Radar,0,1,5,0,6,0,2,199,0,201,0,3,204,0,207,332,0,332,539
10/15/2021,PAO,CA,AWP,WE,Towers with Radar,0,1,6,0,7,0,1,169,0,170,0,2,175,0,177,266,0,266,443
10/16/2021,PAO,CA,AWP,WE,Towers with Radar,0,0,6,0,6,1,3,225,0,229,1,3,231,0,235,212,0,212,447
10/17/2021,PAO,CA,AWP,WE,Towers with Radar,0,1,17,0,18,0,4,164,1,169,0,5,181,1,187,250,0,250,437
10/18/2021,PAO,CA,AWP,WE,Towers with Radar,0,0,12,0,12,0,1,125,0,126,0,1,137,0,138,391,0,391,529
10/19/2021,PAO,CA,AWP,WE,Towers with Radar,0,0,5,0,5,0,2,129,0,131,0,2,134,0,136,337,0,337,473
10/20/2021,PAO,CA,AWP,WE,Towers with Radar,0,0,15,0,15,0,1,37,0,38,0,1,52,0,53,452,0,452,505
10/21/2021,PAO,CA,AWP,WE,Towers with Radar,0,0,17,0,17,0,0,61,0,61,0,0,78,0,78,346,0,346,424
10/22/2021,PAO,CA,AWP,WE,Towers with Radar,0,0,27,0,27,0,0,85,0,85,0,0,112,0,112,440,0,440,552
10/23/2021,PAO,CA,AWP,WE,Towers with Radar,0,0,21,0,21,0,5,135,0,140,0,5,156,0,161,299,0,299,460
10/24/2021,PAO,CA,AWP,WE,Towers with Radar,0,0,7,0,7,0,0,0,0,0,0,0,7,0,7,0,0,0,7
10/25/2021,PAO,CA,AWP,WE,Towers with Radar,0,2,18,0,20,0,0,58,0,58,0,2,76,0,78,234,0,234,312
10/26/2021,PAO,CA,AWP,WE,Towers with Radar,0,2,6,0,8,0,1,115,0,116,0,3,121,0,124,433,0,433,557
10/27/2021,PAO,CA,AWP,WE,Towers with Radar,0,0,14,0,14,0,4,207,1,212,0,4,221,1,226,434,0,434,660
10/28/2021,PAO,CA,AWP,WE,Towers with Radar,0,1,7,0,8,0,1,235,1,237,0,2,242,1,245,358,0,358,603
10/29/2021,PAO,CA,AWP,WE,Towers with Radar,0,0,12,0,12,0,2,179,0,181,0,2,191,0,193,318,0,318,511
10/30/2021,PAO,CA,AWP,WE,Towers with Radar,0,0,34,0,34,0,1,63,0,64,0,1,97,0,98,340,0,340,438
10/31/2021,PAO,CA,AWP,WE,Towers with Radar,0,0,15,0,15,0,2,161,1,164,0,2,176,1,179,268,0,268,447
11/01/2021,PAO,CA,AWP,WE,Towers with Radar,0,0,22,0,22,0,0,13,0,13,0,0,35,0,35,204,0,204,239
11/02/2021,PAO,CA,AWP,WE,Towers with Radar,0,3,26,0,29,0,1,86,0,87,0,4,112,0,116,334,0,334,450
11/03/2021,PAO,CA,AWP,WE,Towers with Radar,0,2,6,0,8,0,0,130,0,130,0,2,136,0,138,238,0,238,376
11/04/2021,PAO,CA,AWP,WE,Towers with Radar,0,0,15,0,15,0,2,101,0,103,0,2,116,0,118,504,0,504,622
11/05/2021,PAO,CA,AWP,WE,Towers with Radar,0,0,17,0,17,0,0,159,0,159,0,0,176,0,176,427,0,427,603
11/06/2021,PAO,CA,AWP,WE,Towers with Radar,0,0,30,0,30,0,2,104,0,106,0,2,134,0,136,368,0,368,504
11/07/2021,PAO,CA,AWP,WE,Towers with Radar,0,0,11,0,11,0,1,206,0,207,0,1,217,0,218,234,0,234,452
11/08/2021,PAO,CA,AWP,WE,Towers with Radar,0,0,6,0,6,0,0,136,0,136,0,0,142,0,142,244,0,244,386
11/09/2021,PAO,CA,AWP,WE,Towers with Radar,0,1,18,0,19,0,0,29,0,29,0,1,47,0,48,308,0,308,356
11/10/2021,PAO,CA,AWP,WE,Towers with Radar,0,1,16,0,17,0,1,133,0,134,0,2,149,0,151,356,0,356,507
11/11/2021,PAO,CA,AWP,WE,Towers with Radar,0,0,3,0,3,0,0,175,0,175,0,0,178,0,178,454,0,454,632
11/12/2021,PAO,CA,AWP,WE,Towers with Radar,0,0,14,0,14,0,0,135,0,135,0,0,149,0,149,190,0,190,339
11/13/2021,PAO,CA,AWP,WE,Towers with Radar,0,0,16,0,16,0,0,194,0,194,0,0,210,0,210,212,0,212,422
11/14/2021,PAO,CA,AWP,WE,Towers with Radar,0,0,16,0,16,0,0,204,0,204,0,0,220,0,220,302,0,302,522
11/15/2021,PAO,CA,AWP,WE,Towers with Radar,0,1,11,0,12,0,2,89,0,91,0,3,100,0,103,450,0,450,553
11/16/2021,PAO,CA,AWP,WE,Towers with Radar,0,0,26,0,26,0,0,51,0,51,0,0,77,0,77,246,0,246,323
11/17/2021,PAO,CA,AWP,WE,Towers with Radar,0,1,4,0,5,0,2,195,0,197,0,3,199,0,202,408,0,408,610
11/18/2021,PAO,CA,AWP,WE,Towers with Radar,0,0,16,0,16,0,2,127,0,129,0,2,143,0,145,291,0,291,436
11/19/2021,PAO,CA,AWP,WE,Towers with Radar,0,0,44,0,44,0,1,46,0,47,0,1,90,0,91,344,0,344,435
11/20/2021,PAO,CA,AWP,WE,Towers with Radar,0,0,11,0,11,0,0,247,0,247,0,0,258,0,258,198,0,198,456
11/21/2021,PAO,CA,AWP,WE,Towers with Radar,0,0,11,0,11,0,0,196,0,196,0,0,207,0,207,242,0,242,449
11/22/2021,PAO,CA,AWP,WE,Towers with Radar,0,0,4,0,4,0,1,144,0,145,0,1,148,0,149,290,0,290,439
11/23/2021,PAO,CA,AWP,WE,Towers with Radar,0,0,14,0,14,0,3,163,0,166,0,3,177,0,180,362,0,362,542
11/24/2021,PAO,CA,AWP,WE,Towers with Radar,0,0,8,0,8,0,1,136,0,137,0,1,144,0,145,276,0,276,421
11/25/2021,PAO,CA,AWP,WE,Towers with Radar,0,0,4,0,4,0,0,80,0,80,0,0,84,0,84,150,0,150,234
11/26/2021,PAO,CA,AWP,WE,Towers with Radar,0,0,8,0,8,0,1,132,0,133,0,1,140,0,141,170,0,170,311
11/27/2021,PAO,CA,AWP,WE,Towers with Radar,0,0,5,0,5,0,2,139,0,141,0,2,144,0,146,160,0,160,306
11/28/2021,PAO,CA,AWP,WE,Towers with Radar,0,0,10,0,10,0,0,216,0,216,0,0,226,0,226,344,0,344,570
11/29/2021,PAO,CA,AWP,WE,Towers with Radar,0,0,10,0,10,0,0,128,0,128,0,0,138,0,138,328,0,328,466
11/30/2021,PAO,CA,AWP,WE,Towers with Radar,0,0,5,0,5,0,2,72,0,74,0,2,77,0,79,248,0,248,327
12/01/2021,PAO,CA,AWP,WE,Towers with Radar,0,2,5,0,7,0,0,122,0,122,0,2,127,0,129,314,0,314,443
12/02/2021,PAO,CA,AWP,WE,Towers with Radar,0,0,9,0,9,0,1,136,0,137,0,1,145,0,146,373,0,373,519
12/03/2021,PAO,CA,AWP,WE,Towers with Radar,0,0,48,0,48,0,0,6,0,6,0,0,54,0,54,0,0,0,54
12/04/2021,PAO,CA,AWP,WE,Towers with Radar,0,0,27,0,27,0,0,109,0,109,0,0,136,0,136,370,0,370,506
12/05/2021,PAO,CA,AWP,WE,Towers with Radar,0,0,23,0,23,0,0,133,1,134,0,0,156,1,157,194,0,194,351
12/06/2021,PAO,CA,AWP,WE,Towers with Radar,0,0,13,0,13,0,0,0,0,0,0,0,13,0,13,0,0,0,13
12/07/2021,PAO,CA,AWP,WE,Towers with Radar,0,0,16,0,16,0,0,123,0,123,0,0,139,0,139,316,0,316,455
12/08/2021,PAO,CA,AWP,WE,Towers with Radar,0,0,33,0,33,0,0,23,0,23,0,0,56,0,56,333,0,333,389
12/09/2021,PAO,CA,AWP,WE,Towers with Radar,0,0,11,0,11,0,0,128,0,128,0,0,139,0,139,392,0,392,531
12/10/2021,PAO,CA,AWP,WE,Towers with Radar,0,0,4,0,4,0,0,209,0,209,0,0,213,0,213,352,0,352,565
12/11/2021,PAO,CA,AWP,WE,Towers with Radar,0,0,10,0,10,0,0,265,0,265,0,0,275,0,275,182,0,182,457
12/12/2021,PAO,CA,AWP,WE,Towers with Radar,0,0,4,0,4,0,0,25,0,25,0,0,29,0,29,240,0,240,269
12/13/2021,PAO,CA,AWP,WE,Towers with Radar,0,0,4,0,4,0,0,2,0,2,0,0,6,0,6,48,0,48,54
12/14/2021,PAO,CA,AWP,WE,Towers with Radar,0,1,8,0,9,0,0,74,0,74,0,1,82,0,83,326,0,326,409
12/15/2021,PAO,CA,AWP,WE,Towers with Radar,0,2,5,0,7,0,2,85,0,87,0,4,90,0,94,236,0,236,330
12/16/2021,PAO,CA,AWP,WE,Towers with Radar,0,1,15,0,16,0,1,98,0,99,0,2,113,0,115,432,0,432,547
12/17/2021,PAO,CA,AWP,WE,Towers with Radar,0,2,3,0,5,0,7,222,0,229,0,9,225,0,234,314,0,314,548
12/18/2021,PAO,CA,AWP,WE,Towers with Radar,0,0,15,0,15,0,2,200,0,202,0,2,215,0,217,281,0,281,498
12/19/2021,PAO,CA,AWP,WE,Towers with Radar,0,0,25,0,25,0,1,99,0,100,0,1,124,0,125,224,0,224,349
12/20/2021,PAO,CA,AWP,WE,Towers with Radar,0,0,9,0,9,0,0,86,0,86,0,0,95,0,95,280,0,280,375
12/21/2021,PAO,CA,AWP,WE,Towers with Radar,0,0,3,0,3,0,0,68,0,68,0,0,71,0,71,318,0,318,389
12/22/2021,PAO,CA,AWP,WE,Towers with Radar,0,0,20,0,20,0,0,5,0,5,0,0,25,0,25,42,0,42,67
12/23/2021,PAO,CA,AWP,WE,Towers with Radar,0,0,9,0,9,0,0,12,0,12,0,0,21,0,21,194,0,194,215
12/24/2021,PAO,CA,AWP,WE,Towers with Radar,0,0,6,0,6,0,0,49,0,49,0,0,55,0,55,271,0,271,326
12/25/2021,PAO,CA,AWP,WE,Towers with Radar,0,1,4,0,5,0,1,1,0,2,0,2,5,0,7,20,0,20,27
12/26/2021,PAO,CA,AWP,WE,Towers with Radar,0,0,4,0,4,0,1,21,0,22,0,1,25,0,26,134,0,134,160
12/27/2021,PAO,CA,AWP,WE,Towers with Radar,0,0,4,0,4,0,0,21,0,21,0,0,25,0,25,162,0,162,187
12/28/2021,PAO,CA,AWP,WE,Towers with Radar,0,0,9,0,9,0,0,32,0,32,0,0,41,0,41,270,0,270,311
12/29/2021,PAO,CA,AWP,WE,Towers with Radar,0,0,7,0,7,0,0,17,0,17,0,0,24,0,24,236,0,236,260
12/30/2021,PAO,CA,AWP,WE,Towers with Radar,0,0,13,0,13,0,3,155,0,158,0,3,168,0,171,357,0,357,528
12/31/2021,PAO,CA,AWP,WE,Towers with Radar,0,0,7,0,7,0,1,162,0,163,0,1,169,0,170,264,0,264,434
01/01/2022,PAO,CA,AWP,WE,Towers with Radar,0,0,7,0,7,0,2,145,0,147,0,2,152,0,154,198,0,198,352
01/02/2022,PAO,CA,AWP,WE,Towers with Radar,0,0,11,0,11,0,1,173,0,174,0,1,184,0,185,252,0,252,437
01/03/2022,PAO,CA,AWP,WE,Towers with Radar,0,0,8,0,8,0,0,45,0,45,0,0,53,0,53,424,0,424,477
01/04/2022,PAO,CA,AWP,WE,Towers with Radar,0,1,21,0,22,0,3,82,0,85,0,4,103,0,107,368,0,368,475
01/05/2022,PAO,CA,AWP,WE,Towers with Radar,0,0,15,1,16,0,0,65,0,65,0,0,80,1,81,330,0,330,411
01/06/2022,PAO,CA,AWP,WE,Towers with Radar,0,0,39,0,39,0,0,2,0,2,0,0,41,0,41,0,0,0,41
01/07/2022,PAO,CA,AWP,WE,Towers with Radar,0,0,32,0,32,0,0,38,0,38,0,0,70,0,70,278,0,278,348
01/08/2022,PAO,CA,AWP,WE,Towers with Radar,0,0,47,0,47,0,2,113,0,115,0,2,160,0,162,424,0,424,586
01/09/2022,PAO,CA,AWP,WE,Towers with Radar,0,0,6,0,6,0,2,205,0,207,0,2,211,0,213,218,0,218,431
01/10/2022,PAO,CA,AWP,WE,Towers with Radar,0,0,0,0,0,0,0,97,0,97,0,0,97,0,97,418,0,418,515
01/11/2022,PAO,CA,AWP,WE,Towers with Radar,0,1,2,0,3,0,2,179,0,181,0,3,181,0,184,304,0,304,488
01/12/2022,PAO,CA,AWP,WE,Towers with Radar,0,1,9,0,10,0,1,168,0,169,0,2,177,0,179,258,0,258,437
01/13/2022,PAO,CA,AWP,WE,Towers with Radar,0,0,9,0,9,0,2,105,0,107,0,2,114,0,116,440,0,440,556
01/14/2022,PAO,CA,AWP,WE,Towers with Radar,0,0,6,0,6,0,8,178,0,186,0,8,184,0,192,282,0,282,474
01/15/2022,PAO,CA,AWP,WE,Towers with Radar,0,0,7,0,7,0,1,228,0,229,0,1,235,0,236,228,0,228,464
01/16/2022,PAO,CA,AWP,WE,Towers with Radar,0,0,8,0,8,0,2,191,0,193,0,2,199,0,201,290,0,290,491
01/17/2022,PAO,CA,AWP,WE,Towers with Radar,0,0,9,0,9,0,2,209,0,211,0,2,218,0,220,289,0,289,509
01/18/2022,PAO,CA,AWP,WE,Towers with Radar,0,1,19,0,20,0,0,86,0,86,0,1,105,0,106,272,0,272,378
01/19/2022,PAO,CA,AWP,WE,Towers with Radar,0,2,12,0,14,0,2,44,0,46,0,4,56,0,60,0,0,0,60
01/20/2022,PAO,CA,AWP,WE,Towers with Radar,0,0,14,0,14,0,1,41,0,42,0,1,55,0,56,0,0,0,56
01/21/2022,PAO,CA,AWP,WE,Towers with Radar,0,0,4,0,4,0,4,53,0,57,0,4,57,0,61,0,0,0,61
01/22/2022,PAO,CA,AWP,WE,Towers with Radar,0,0,7,0,7,0,0,83,0,83,0,0,90,0,90,0,0,0,90
01/23/2022,PAO,CA,AWP,WE,Towers with Radar,0,1,7,0,8,0,1,64,0,65,0,2,71,0,73,0,0,0,73
01/24/2022,PAO,CA,AWP,WE,Towers with Radar,0,0,4,0,4,0,0,148,0,148,0,0,152,0,152,224,0,224,376
01/25/2022,PAO,CA,AWP,WE,Towers with Radar,0,0,10,0,10,0,0,121,0,121,0,0,131,0,131,288,0,288,419
01/26/2022,PAO,CA,AWP,WE,Towers with Radar,0,1,8,0,9,0,1,155,0,156,0,2,163,0,165,272,0,272,437
01/27/2022,PAO,CA,AWP,WE,Towers with Radar,0,0,8,0,8,0,0,160,0,160,0,0,168,0,168,284,10,294,462
01/28/2022,PAO,CA,AWP,WE,Towers with Radar,0,0,2,0,2,0,1,181,0,182,0,1,183,0,184,318,0,318,502
01/29/2022,PAO,CA,AWP,WE,Towers with Radar,0,0,13,0,13,0,0,191,0,191,0,0,204,0,204,214,0,214,418
01/30/2022,PAO,CA,AWP,WE,Towers with Radar,0,1,15,0,16,0,2,239,0,241,0,3,254,0,257,244,0,244,501
01/31/2022,PAO,CA,AWP,WE,Towers with Radar,0,0,8,0,8,0,3,136,1,140,0,3,144,1,148,324,0,324,472
02/01/2022,PAO,CA,AWP,WE,Towers with Radar,0,0,3,0,3,0,1,107,0,108,0,1,110,0,111,295,0,295,406
02/02/2022,PAO,CA,AWP,WE,Towers with Radar,0,0,7,0,7,0,0,86,0,86,0,0,93,0,93,268,0,268,361
02/03/2022,PAO,CA,AWP,WE,Towers with Radar,0,0,8,0,8,0,0,170,2,172,0,0,178,2,180,312,0,312,492
02/04/2022,PAO,CA,AWP,WE,Towers with Radar,0,0,9,0,9,0,4,220,0,224,0,4,229,0,233,358,0,358,591
02/05/2022,PAO,CA,AWP,WE,Towers with Radar,0,0,4,0,4,0,7,252,0,259,0,7,256,0,263,322,0,322,585
02/06/2022,PAO,CA,AWP,WE,Towers with Radar,0,1,8,0,9,0,1,242,0,243,0,2,250,0,252,190,0,190,442
02/07/2022,PAO,CA,AWP,WE,Towers with Radar,0,0,5,0,5,0,0,113,0,113,0,0,118,0,118,190,0,190,308
02/08/2022,PAO,CA,AWP,WE,Towers with Radar,0,1,4,0,5,0,0,196,0,196,0,1,200,0,201,332,0,332,533
02/09/2022,PAO,CA,AWP,WE,Towers with Radar,0,1,11,0,12,0,2,163,0,165,0,3,174,0,177,340,0,340,517
02/10/2022,PAO,CA,AWP,WE,Towers with Radar,0,0,4,0,4,0,1,182,0,183,0,1,186,0,187,408,0,408,595
02/11/2022,PAO,CA,AWP,WE,Towers with Radar,0,0,10,0,10,0,3,235,0,238,0,3,245,0,248,296,0,296,544
02/12/2022,PAO,CA,AWP,WE,Towers with Radar,0,0,5,0,5,0,0,239,0,239,0,0,244,0,244,286,0,286,530
02/13/2022,PAO,CA,AWP,WE,Towers with Radar,0,0,13,0,13,0,3,195,1,199,0,3,208,1,212,302,0,302,514
02/14/2022,PAO,CA,AWP,WE,Towers with Radar,0,0,35,0,35,0,2,55,0,57,0,2,90,0,92,218,0,218,310
02/15/2022,PAO,CA,AWP,WE,Towers with Radar,0,0,4,0,4,0,0,110,0,110,0,0,114,0,114,312,0,312,426
02/16/2022,PAO,CA,AWP,WE,Towers with Radar,0,0,6,0,6,0,4,154,0,158,0,4,160,0,164,428,0,428,592
02/17/2022,PAO,CA,AWP,WE,Towers with Radar,0,1,7,0,8,0,2,192,0,194,0,3,199,0,202,390,0,390,592
02/18/2022,PAO,CA,AWP,WE,Towers with Radar,0,0,10,0,10,0,1,233,0,234,0,1,243,0,244,330,0,330,574
02/19/2022,PAO,CA,AWP,WE,Towers with Radar,0,0,7,0,7,0,6,229,1,236,0,6,236,1,243,290,0,290,533
02/20/2022,PAO,CA,AWP,WE,Towers with Radar,0,0,20,0,20,0,4,166,0,170,0,4,186,0,190,266,0,266,456
02/21/2022,PAO,CA,AWP,WE,Towers with Radar,0,0,2,0,2,0,0,200,0,200,0,0,202,0,202,311,0,311,513
02/22/2022,PAO,CA,AWP,WE,Towers with Radar,0,0,6,0,6,0,1,69,0,70,0,1,75,0,76,147,0,147,223
02/23/2022,PAO,CA,AWP,WE,Towers with Radar,0,0,5,0,5,0,2,208,0,210,0,2,213,0,215,324,0,324,539
02/24/2022,PAO,CA,AWP,WE,Towers with Radar,0,0,1,0,1,0,3,174,0,177,0,3,175,0,178,290,0,290,468
02/25/2022,PAO,CA,AWP,WE,Towers with Radar,0,0,4,0,4,0,1,191,1,193,0,1,195,1,197,320,0,320,517
02/26/2022,PAO,CA,AWP,WE,Towers with Radar,0,0,4,0,4,0,0,181,0,181,0,0,185,0,185,330,0,330,515
02/27/2022,PAO,CA,AWP,WE,Towers with Radar,0,0,2,0,2,0,2,219,0,221,0,2,221,0,223,301,0,301,524
02/28/2022,PAO,CA,AWP,WE,Towers with Radar,0,0,2,0,2,0,1,145,0,146,0,1,147,0,148,320,0,320,468
03/01/2022,PAO,CA,AWP,WE,Towers with Radar,0,0,9,0,9,0,1,138,0,139,0,1,147,0,148,290,0,290,438
03/02/2022,PAO,CA,AWP,WE,Towers with Radar,0,0,8,0,8,0,0,136,0,136,0,0,144,0,144,234,0,234,378
03/03/2022,PAO,CA,AWP,WE,Towers with Radar,0,0,20,0,20,0,0,52,0,52,0,0,72,0,72,410,0,410,482
03/04/2022,PAO,CA,AWP,WE,Towers with Radar,0,0,13,0,13,0,2,31,0,33,0,2,44,0,46,154,0,154,200
03/05/2022,PAO,CA,AWP,WE,Towers with Radar,0,0,6,0,6,0,0,158,0,158,0,0,164,0,164,338,0,338,502
03/06/2022,PAO,CA,AWP,WE,Towers with Radar,0,2,10,0,12,0,1,216,0,217,0,3,226,0,229,358,0,358,587
03/07/2022,PAO,CA,AWP,WE,Towers with Radar,0,1,7,0,8,0,1,134,0,135,0,2,141,0,143,326,0,326,469
03/08/2022,PAO,CA,AWP,WE,Towers with Radar,0,0,5,0,5,0,1,162,0,163,0,1,167,0,168,300,0,300,468
03/09/2022,PAO,CA,AWP,WE,Towers with Radar,0,0,6,0,6,0,1,230,0,231,0,1,236,0,237,254,0,254,491
03/10/2022,PAO,CA,AWP,WE,Towers with Radar,0,0,5,0,5,0,1,114,0,115,0,1,119,0,120,340,0,340,460
03/11/2022,PAO,CA,AWP,WE,Towers with Radar,0,0,7,0,7,0,2,356,0,358,0,2,363,0,365,292,0,292,657
03/12/2022,PAO,CA,AWP,WE,Towers with Radar,0,0,6,0,6,0,0,271,1,272,0,0,277,1,278,310,0,310,588
03/13/2022,PAO,CA,AWP,WE,Towers with Radar,0,0,10,0,10,0,3,190,0,193,0,3,200,0,203,270,0,270,473
03/14/2022,PAO,CA,AWP,WE,Towers with Radar,0,0,3,0,3,0,0,175,0,175,0,0,178,0,178,286,0,286,464
03/15/2022,PAO,CA,AWP,WE,Towers with Radar,0,0,19,0,19,0,2,81,0,83,0,2,100,0,102,268,0,268,370
03/16/2022,PAO,CA,AWP,WE,Towers with Radar,0,0,6,0,6,0,0,143,0,143,0,0,149,0,149,314,0,314,463
03/17/2022,PAO,CA,AWP,WE,Towers with Radar,0,0,11,0,11,0,0,120,0,120,0,0,131,0,131,402,0,402,533
03/18/2022,PAO,CA,AWP,WE,Towers with Radar,0,0,13,0,13,0,0,241,0,241,0,0,254,0,254,330,0,330,584
03/19/2022,PAO,CA,AWP,WE,Towers with Radar,0,0,20,0,20,0,0,45,0,45,0,0,65,0,65,280,0,280,345
03/20/2022,PAO,CA,AWP,WE,Towers with Radar,0,0,3,0,3,0,0,209,1,210,0,0,212,1,213,298,0,298,511
03/21/2022,PAO,CA,AWP,WE,Towers with Radar,0,0,9,0,9,0,0,149,0,149,0,0,158,0,158,314,0,314,472
03/22/2022,PAO,CA,AWP,WE,Towers with Radar,0,2,7,0,9,0,2,193,0,195,0,4,200,0,204,332,0,332,536
03/23/2022,PAO,CA,AWP,WE,Towers with Radar,0,0,11,0,11,0,0,218,0,218,0,0,229,0,229,308,0,308,537
03/24/2022,PAO,CA,AWP,WE,Towers with Radar,0,1,11,0,12,0,2,166,0,168,0,3,177,0,180,320,0,320,500
03/25/2022,PAO,CA,AWP,WE,Towers with Radar,0,2,16,0,18,0,3,160,0,163,0,5,176,0,181,374,0,374,555
03/26/2022,PAO,CA,AWP,WE,Towers with Radar,0,0,5,0,5,0,0,235,0,235,0,0,240,0,240,258,0,258,498
03/27/2022,PAO,CA,AWP,WE,Towers with Radar,0,0,13,0,13,0,2,102,0,104,0,2,115,0,117,143,0,143,260
03/28/2022,PAO,CA,AWP,WE,Towers with Radar,0,3,7,0,10,0,1,41,0,42,0,4,48,0,52,280,0,280,332
03/29/2022,PAO,CA,AWP,WE,Towers with Radar,0,0,25,0,25,0,0,86,0,86,0,0,111,0,111,532,0,532,643
03/30/2022,PAO,CA,AWP,WE,Towers with Radar,0,2,25,0,27,0,0,81,0,81,0,2,106,0,108,384,0,384,492
03/31/2022,PAO,CA,AWP,WE,Towers with Radar,0,0,10,0,10,0,1,161,2,164,0,1,171,2,174,404,0,404,578
04/01/2022,PAO,CA,AWP,WE,Towers with Radar,0,0,8,0,8,0,1,212,0,213,0,1,220,0,221,338,0,338,559
04/02/2022,PAO,CA,AWP,WE,Towers with Radar,0,0,8,0,8,0,2,197,0,199,0,2,205,0,207,378,0,378,585
04/03/2022,PAO,CA,AWP,WE,Towers with Radar,0,0,5,0,5,0,1,230,0,231,0,1,235,0,236,198,0,198,434
04/04/2022,PAO,CA,AWP,WE,Towers with Radar,0,0,8,0,8,0,1,128,0,129,0,1,136,0,137,344,0,344,481
04/05/2022,PAO,CA,AWP,WE,Towers with Radar,0,1,4,0,5,0,5,174,0,179,0,6,178,0,184,316,0,316,500
04/06/2022,PAO,CA,AWP,WE,Towers with Radar,0,2,2,0,4,0,0,160,0,160,0,2,162,0,164,282,0,282,446
04/07/2022,PAO,CA,AWP,WE,Towers with Radar,0,0,10,0,10,0,2,162,2,166,0,2,172,2,176,260,0,260,436
04/08/2022,PAO,CA,AWP,WE,Towers with Radar,0,0,6,0,6,0,3,201,0,204,0,3,207,0,210,358,0,358,568
04/09/2022,PAO,CA,AWP,WE,Towers with Radar,0,1,3,0,4,0,0,214,1,215,0,1,217,1,219,290,0,290,509
04/10/2022,PAO,CA,AWP,WE,Towers with Radar,0,0,10,0,10,0,0,132,0,132,0,0,142,0,142,244,0,244,386
04/11/2022,PAO,CA,AWP,WE,Towers with Radar,0,2,6,0,8,0,0,7,0,7,0,2,13,0,15,20,0,20,35
04/12/2022,PAO,CA,AWP,WE,Towers with Radar,0,0,3,0,3,0,4,98,0,102,0,4,101,0,105,318,0,318,423
04/13/2022,PAO,CA,AWP,WE,Towers with Radar,0,1,6,0,7,0,2,165,1,168,0,3,171,1,175,428,0,428,603
04/14/2022,PAO,CA,AWP,WE,Towers with Radar,0,2,14,0,16,0,0,22,0,22,0,2,36,0,38,214,0,214,252
04/15/2022,PAO,CA,AWP,WE,Towers with Radar,0,0,14,0,14,0,4,208,0,212,0,4,222,0,226,306,0,306,532
04/16/2022,PAO,CA,AWP,WE,Towers with Radar,0,1,15,0,16,0,0,69,2,71,0,1,84,2,87,202,0,202,289
04/17/2022,PAO,CA,AWP,WE,Towers with Radar,0,0,10,0,10,0,0,219,0,219,0,0,229,0,229,260,0,260,489
04/18/2022,PAO,CA,AWP,WE,Towers with Radar,0,0,7,0,7,0,0,154,0,154,0,0,161,0,161,258,0,258,419
04/19/2022,PAO,CA,AWP,WE,Towers with Radar,0,1,11,0,12,0,1,105,0,106,0,2,116,0,118,320,0,320,438
04/20/2022,PAO,CA,AWP,WE,Towers with Radar,0,2,5,0,7,0,4,110,0,114,0,6,115,0,121,282,0,282,403
04/21/2022,PAO,CA,AWP,WE,Towers with Radar,0,1,11,0,12,0,2,35,0,37,0,3,46,0,49,210,0,210,259
04/22/2022,PAO,CA,AWP,WE,Towers with Radar,0,2,12,0,14,0,0,117,0,117,0,2,129,0,131,272,0,272,403
04/23/2022,PAO,CA,AWP,WE,Towers with Radar,0,0,8,0,8,0,2,235,0,237,0,2,243,0,245,210,0,210,455
04/24/2022,PAO,CA,AWP,WE,Towers with Radar,0,0,10,0,10,0,3,255,1,259,0,3,265,1,269,190,0,190,459
04/25/2022,PAO,CA,AWP,WE,Towers with Radar,0,0,1,0,1,0,1,164,0,165,0,1,165,0,166,252,0,252,418
04/26/2022,PAO,CA,AWP,WE,Towers with Radar,0,1,2,0,3,0,0,158,0,158,0,1,160,0,161,306,0,306,467
04/27/2022,PAO,CA,AWP,WE,Towers with Radar,0,2,2,0,4,0,4,218,0,222,0,6,220,0,226,406,0,406,632
04/28/2022,PAO,CA,AWP,WE,Towers with Radar,0,0,13,0,13,0,0,83,0,83,0,0,96,0,96,95,0,95,191
04/29/2022,PAO,CA,AWP,WE,Towers with Radar,0,0,6,0,6,0,2,248,0,250,0,2,254,0,256,306,0,306,562
04/30/2022,PAO,CA,AWP,WE,Towers with Radar,0,0,15,0,15,0,0,170,0,170,0,0,185,0,185,235,0,235,420
05/01/2022,PAO,CA,AWP,WE,Towers with Radar,0,0,4,0,4,0,0,258,0,258,0,0,262,0,262,305,0,305,567
05/02/2022,PAO,CA,AWP,WE,Towers with Radar,0,0,18,0,18,0,0,62,0,62,0,0,80,0,80,372,0,372,452
05/03/2022,PAO,CA,AWP,WE,Towers with Radar,0,1,7,0,8,0,0,174,2,176,0,1,181,2,184,365,0,365,549
05/04/2022,PAO,CA,AWP,WE,Towers with Radar,0,0,7,0,7,0,0,200,0,200,0,0,207,0,207,456,0,456,663
05/05/2022,PAO,CA,AWP,WE,Towers with Radar,0,1,5,0,6,0,3,141,1,145,0,4,146,1,151,440,0,440,591
05/06/2022,PAO,CA,AWP,WE,Towers with Radar,0,1,16,0,17,0,2,123,0,125,0,3,139,0,142,392,0,392,534
05/07/2022,PAO,CA,AWP,WE,Towers with Radar,0,0,9,0,9,0,0,150,0,150,0,0,159,0,159,272,0,272,431
05/08/2022,PAO,CA,AWP,WE,Towers with Radar,0,0,9,0,9,0,0,69,0,69,0,0,78,0,78,152,0,152,230
05/09/2022,PAO,CA,AWP,WE,Towers with Radar,0,0,7,0,7,0,0,97,0,97,0,0,104,0,104,308,0,308,412
05/10/2022,PAO,CA,AWP,WE,Towers with Radar,0,0,10,0,10,0,0,117,0,117,0,0,127,0,127,432,0,432,559
05/11/2022,PAO,CA,AWP,WE,Towers with Radar,0,0,4,0,4,0,1,193,0,194,0,1,197,0,198,388,0,388,586
05/12/2022,PAO,CA,AWP,WE,Towers with Radar,0,1,7,0,8,0,0,170,0,170,0,1,177,0,178,290,0,290,468
05/13/2022,PAO,CA,AWP,WE,Towers with Radar,0,0,8,0,8,0,1,208,0,209,0,1,216,0,217,252,0,252,469
05/14/2022,PAO,CA,AWP,WE,Towers with Radar,0,0,5,0,5,0,3,242,0,245,0,3,247,0,250,346,0,346,596
05/15/2022,PAO,CA,AWP,WE,Towers with Radar,0,0,7,0,7,0,0,168,1,169,0,0,175,1,176,300,0,300,476
05/16/2022,PAO,CA,AWP,WE,Towers with Radar,0,0,8,0,8,0,1,109,0,110,0,1,117,0,118,348,0,348,466
05/17/2022,PAO,CA,AWP,WE,Towers with Radar,0,0,6,0,6,0,0,157,0,157,0,0,163,0,163,256,0,256,419
05/18/2022,PAO,CA,AWP,WE,Towers with Radar,0,0,8,0,8,0,1,166,0,167,0,1,174,0,175,462,0,462,637
05/19/2022,PAO,CA,AWP,WE,Towers with Radar,0,0,7,0,7,0,2,122,0,124,0,2,129,0,131,482,0,482,613
05/20/2022,PAO,CA,AWP,WE,Towers with Radar,0,0,9,0,9,0,0,169,0,169,0,0,178,0,178,370,0,370,548
05/21/2022,PAO,CA,AWP,WE,Towers with Radar,0,0,6,0,6,0,0,196,0,196,0,0,202,0,202,261,0,261,463
05/22/2022,PAO,CA,AWP,WE,Towers with Radar,0,0,9,0,9,0,2,168,0,170,0,2,177,0,179,228,0,228,407
05/23/2022,PAO,CA,AWP,WE,Towers with Radar,0,0,2,0,2,0,2,149,0,151,0,2,151,0,153,415,0,415,568
05/24/2022,PAO,CA,AWP,WE,Towers with Radar,0,1,5,0,6,0,0,139,0,139,0,1,144,0,145,342,0,342,487
05/25/2022,PAO,CA,AWP,WE,Towers with Radar,0,1,7,0,8,0,0,164,0,164,0,1,171,0,172,408,0,408,580
05/26/2022,PAO,CA,AWP,WE,Towers with Radar,0,3,12,0,15,0,1,124,0,125,0,4,136,0,140,432,0,432,572
05/27/2022,PAO,CA,AWP,WE,Towers with Radar,0,3,11,0,14,0,0,145,0,145,0,3,156,0,159,408,0,408,567
05/28/2022,PAO,CA,AWP,WE,Towers with Radar,0,1,19,0,20,0,1,151,0,152,0,2,170,0,172,257,0,257,429
05/29/2022,PAO,CA,AWP,WE,Towers with Radar,0,0,7,0,7,0,4,134,0,138,0,4,141,0,145,226,0,226,371
05/30/2022,PAO,CA,AWP,WE,Towers with Radar,0,0,14,0,14,0,5,204,0,209,0,5,218,0,223,342,0,342,565
05/31/2022,PAO,CA,AWP,WE,Towers with Radar,0,0,1,0,1,0,5,139,0,144,0,5,140,0,145,396,0,396,541
06/01/2022,PAO,CA,AWP,WE,Towers with Radar,0,0,3,0,3,0,1,189,0,190,0,1,192,0,193,340,0,340,533
06/02/2022,PAO,CA,AWP,WE,Towers with Radar,0,0,13,0,13,0,2,159,0,161,0,2,172,0,174,346,0,346,520
06/03/2022,PAO,CA,AWP,WE,Towers with Radar,0,0,24,0,24,0,1,80,0,81,0,1,104,0,105,404,0,404,509
06/04/2022,PAO,CA,AWP,WE,Towers with Radar,0,1,6,0,7,0,0,158,0,158,0,1,164,0,165,270,0,270,435
06/05/2022,PAO,CA,AWP,WE,Towers with Radar,0,0,27,0,27,0,0,95,0,95,0,0,122,0,122,278,0,278,400
06/06/2022,PAO,CA,AWP,WE,Towers with Radar,0,1,5,0,6,0,3,170,0,173,0,4,175,0,179,340,0,340,519
06/07/2022,PAO,CA,AWP,WE,Towers with Radar,0,0,5,0,5,0,3,176,0,179,0,3,181,0,184,340,0,340,524
06/08/2022,PAO,CA,AWP,WE,Towers with Radar,0,1,9,0,10,0,2,166,0,168,0,3,175,0,178,282,0,282,460
06/09/2022,PAO,CA,AWP,WE,Towers with Radar,0,0,1,0,1,0,0,151,0,151,0,0,152,0,152,385,0,385,537
06/10/2022,PAO,CA,AWP,WE,Towers with Radar,0,1,3,0,4,0,1,159,1,161,0,2,162,1,165,328,0,328,493
06/11/2022,PAO,CA,AWP,WE,Towers with Radar,0,0,3,0,3,0,1,184,0,185,0,1,187,0,188,305,0,305,493
06/12/2022,PAO,CA,AWP,WE,Towers with Radar,0,0,31,0,31,0,2,72,0,74,0,2,103,0,105,306,0,306,411
06/13/2022,PAO,CA,AWP,WE,Towers with Radar,0,0,5,0,5,0,0,129,0,129,0,0,134,0,134,450,0,450,584
06/14/2022,PAO,CA,AWP,WE,Towers with Radar,0,0,5,0,5,0,3,219,0,222,0,3,224,0,227,328,0,328,555
06/15/2022,PAO,CA,AWP,WE,Towers with Radar,0,0,2,0,2,0,0,163,1,164,0,0,165,1,166,427,0,427,593
06/16/2022,PAO,CA,AWP,WE,Towers with Radar,0,0,4,0,4,0,0,172,0,172,0,0,176,0,176,274,0,274,450
06/17/2022,PAO,CA,AWP,WE,Towers with Radar,0,0,18,0,18,0,1,116,0,117,0,1,134,0,135,414,0,414,549
06/18/2022,PAO,CA,AWP,WE,Towers with Radar,0,0,4,0,4,0,0,163,0,163,0,0,167,0,167,314,0,314,481
06/19/2022,PAO,CA,AWP,WE,Towers with Radar,0,0,4,0,4,0,3,188,0,191,0,3,192,0,195,158,0,158,353
06/20/2022,PAO,CA,AWP,WE,Towers with Radar,0,0,12,0,12,0,1,213,0,214,0,1,225,0,226,340,0,340,566
06/21/2022,PAO,CA,AWP,WE,Towers with Radar,0,0,3,0,3,0,0,152,0,152,0,0,155,0,155,300,0,300,455
06/22/2022,PAO,CA,AWP,WE,Towers with Radar,0,0,5,0,5,0,3,130,0,133,0,3,135,0,138,352,0,352,490
06/23/2022,PAO,CA,AWP,WE,Towers with Radar,0,0,6,0,6,0,5,163,0,168,0,5,169,0,174,346,0,346,520
06/24/2022,PAO,CA,AWP,WE,Towers with Radar,0,0,3,0,3,0,0,186,0,186,0,0,189,0,189,434,0,434,623
06/25/2022,PAO,CA,AWP,WE,Towers with Radar,0,0,7,0,7,0,4,196,0,200,0,4,203,0,207,303,0,303,510
06/26/2022,PAO,CA,AWP,WE,Towers with Radar,0,0,8,0,8,0,2,185,0,187,0,2,193,0,195,244,0,244,439
06/27/2022,PAO,CA,AWP,WE,Towers with Radar,0,0,12,0,12,0,0,128,0,128,0,0,140,0,140,352,0,352,492
06/28/2022,PAO,CA,AWP,WE,Towers with Radar,0,0,5,0,5,0,0,187,0,187,0,0,192,0,192,476,0,476,668
06/29/2022,PAO,CA,AWP,WE,Towers with Radar,0,0,5,0,5,0,0,163,0,163,0,0,168,0,168,375,0,375,543
06/30/2022,PAO,CA,AWP,WE,Towers with Radar,0,0,10,0,10,0,0,157,0,157,0,0,167,0,167,376,0,376,543
07/01/2022,PAO,CA,AWP,WE,Towers with Radar,0,0,12,0,12,0,2,194,0,196,0,2,206,0,208,252,0,252,460
07/02/2022,PAO,CA,AWP,WE,Towers with Radar,0,0,22,0,22,0,2,93,0,95,0,2,115,0,117,164,0,164,281
07/03/2022,PAO,CA,AWP,WE,Towers with Radar,0,0,19,0,19,0,1,78,0,79,0,1,97,0,98,256,0,256,354
07/04/2022,PAO,CA,AWP,WE,Towers with Radar,0,0,8,0,8,0,2,100,0,102,0,2,108,0,110,118,0,118,228
07/05/2022,PAO,CA,AWP,WE,Towers with Radar,0,3,13,0,16,0,0,92,0,92,0,3,105,0,108,304,0,304,412
07/06/2022,PAO,CA,AWP,WE,Towers with Radar,0,1,14,0,15,0,0,54,0,54,0,1,68,0,69,188,0,188,257
07/07/2022,PAO,CA,AWP,WE,Towers with Radar,0,0,15,0,15,0,2,138,0,140,0,2,153,0,155,318,0,318,473
07/08/2022,PAO,CA,AWP,WE,Towers with Radar,0,0,7,0,7,0,7,166,0,173,0,7,173,0,180,442,0,442,622
07/09/2022,PAO,CA,AWP,WE,Towers with Radar,0,0,9,0,9,0,1,154,0,155,0,1,163,0,164,302,0,302,466
07/10/2022,PAO,CA,AWP,WE,Towers with Radar,0,0,10,0,10,0,3,174,0,177,0,3,184,0,187,194,0,194,381
07/11/2022,PAO,CA,AWP,WE,Towers with Radar,0,0,1,0,1,0,2,144,0,146,0,2,145,0,147,300,0,300,447
07/12/2022,PAO,CA,AWP,WE,Towers with Radar,0,0,19,0,19,0,3,123,0,126,0,3,142,0,145,266,0,266,411
07/13/2022,PAO,CA,AWP,WE,Towers with Radar,0,0,16,0,16,0,0,136,0,136,0,0,152,0,152,350,0,350,502
07/14/2022,PAO,CA,AWP,WE,Towers with Radar,0,0,17,0,17,0,4,148,0,152,0,4,165,0,169,290,0,290,459
07/15/2022,PAO,CA,AWP,WE,Towers with Radar,0,0,9,0,9,0,4,182,0,186,0,4,191,0,195,356,0,356,551
07/16/2022,PAO,CA,AWP,WE,Towers with Radar,0,0,10,0,10,0,0,180,0,180,0,0,190,0,190,300,0,300,490
07/17/2022,PAO,CA,AWP,WE,Towers with Radar,0,0,6,0,6,0,1,177,0,178,0,1,183,0,184,310,0,310,494
07/18/2022,PAO,CA,AWP,WE,Towers with Radar,0,0,5,0,5,0,0,117,0,117,0,0,122,0,122,340,0,340,462
07/19/2022,PAO,CA,AWP,WE,Towers with Radar,0,2,8,0,10,0,0,134,0,134,0,2,142,0,144,360,0,360,504
07/20/2022,PAO,CA,AWP,WE,Towers with Radar,0,0,14,0,14,0,4,153,0,157,0,4,167,0,171,238,0,238,409
07/21/2022,PAO,CA,AWP,WE,Towers with Radar,0,0,7,0,7,0,0,138,0,138,0,0,145,0,145,274,0,274,419
07/22/2022,PAO,CA,AWP,WE,Towers with Radar,0,0,5,0,5,0,2,153,0,155,0,2,158,0,160,276,0,276,436
07/23/2022,PAO,CA,AWP,WE,Towers with Radar,0,0,10,0,10,0,0,139,0,139,0,0,149,0,149,220,0,220,369
07/24/2022,PAO,CA,AWP,WE,Towers with Radar,0,0,12,0,12,0,4,171,1,176,0,4,183,1,188,314,0,314,502
07/25/2022,PAO,CA,AWP,WE,Towers with Radar,0,0,11,0,11,0,1,84,0,85,0,1,95,0,96,264,0,264,360
07/26/2022,PAO,CA,AWP,WE,Towers with Radar,0,1,11,0,12,0,3,161,0,164,0,4,172,0,176,350,0,350,526
07/27/2022,PAO,CA,AWP,WE,Towers with Radar,0,0,18,0,18,0,1,157,0,158,0,1,175,0,176,368,0,368,544
07/28/2022,PAO,CA,AWP,WE,Towers with Radar,0,1,12,0,13,0,2,130,0,132,0,3,142,0,145,430,0,430,575
07/29/2022,PAO,CA,AWP,WE,Towers with Radar,0,0,23,0,23,0,3,154,0,157,0,3,177,0,180,302,0,302,482
07/30/2022,PAO,CA,AWP,WE,Towers with Radar,0,0,26,0,26,0,1,165,0,166,0,1,191,0,192,246,0,246,438
07/31/2022,PAO,CA,AWP,WE,Towers with Radar,0,2,20,0,22,0,2,128,0,130,0,4,148,0,152,186,0,186,338
08/01/2022,PAO,CA,AWP,WE,Towers with Radar,0,0,6,0,6,0,2,110,0,112,0,2,116,0,118,360,0,360,478
08/02/2022,PAO,CA,AWP,WE,Towers with Radar,0,0,6,0,6,0,6,176,0,182,0,6,182,0,188,290,0,290,478
08/03/2022,PAO,CA,AWP,WE,Towers with Radar,0,0,5,0,5,0,2,169,0,171,0,2,174,0,176,422,0,422,598
08/04/2022,PAO,CA,AWP,WE,Towers with Radar,0,0,9,0,9,0,3,167,0,170,0,3,176,0,179,376,0,376,555
08/05/2022,PAO,CA,AWP,WE,Towers with Radar,0,0,18,0,18,0,3,165,0,168,0,3,183,0,186,320,0,320,506
08/06/2022,PAO,CA,AWP,WE,Towers with Radar,0,1,12,0,13,0,5,165,0,170,0,6,177,0,183,352,0,352,535
08/07/2022,PAO,CA,AWP,WE,Towers with Radar,0,0,15,0,15,0,2,158,0,160,0,2,173,0,175,160,0,160,335
08/08/2022,PAO,CA,AWP,WE,Towers with Radar,0,0,8,0,8,0,1,150,0,151,0,1,158,0,159,330,0,330,489
08/09/2022,PAO,CA,AWP,WE,Towers with Radar,0,3,16,0,19,0,4,135,0,139,0,7,151,0,158,398,0,398,556
08/10/2022,PAO,CA,AWP,WE,Towers with Radar,0,0,5,0,5,0,6,165,0,171,0,6,170,0,176,338,0,338,514
08/11/2022,PAO,CA,AWP,WE,Towers with Radar,0,0,6,0,6,0,2,193,0,195,0,2,199,0,201,312,0,312,513
08/12/2022,PAO,CA,AWP,WE,Towers with Radar,0,0,6,0,6,0,10,182,0,192,0,10,188,0,198,372,0,372,570
08/13/2022,PAO,CA,AWP,WE,Towers with Radar,0,0,4,0,4,0,1,192,0,193,0,1,196,0,197,289,0,289,486
08/14/2022,PAO,CA,AWP,WE,Towers with Radar,0,0,9,0,9,0,2,174,0,176,0,2,183,0,185,280,0,280,465
08/15/2022,PAO,CA,AWP,WE,Towers with Radar,0,0,7,0,7,0,1,134,0,135,0,1,141,0,142,358,0,358,500
08/16/2022,PAO,CA,AWP,WE,Towers with Radar,0,0,7,0,7,0,5,138,0,143,0,5,145,0,150,376,0,376,526
08/17/2022,PAO,CA,AWP,WE,Towers with Radar,0,0,7,0,7,0,1,158,0,159,0,1,165,0,166,475,0,475,641
08/18/2022,PAO,CA,AWP,WE,Towers with Radar,0,0,7,0,7,0,2,147,0,149,0,2,154,0,156,307,0,307,463
08/19/2022,PAO,CA,AWP,WE,Towers with Radar,0,0,15,0,15,0,0,175,0,175,0,0,190,0,190,298,0,298,488
08/20/2022,PAO,CA,AWP,WE,Towers with Radar,0,0,3,0,3,0,0,231,1,232,0,0,234,1,235,386,0,386,621
08/21/2022,PAO,CA,AWP,WE,Towers with Radar,0,0,14,0,14,0,0,184,0,184,0,0,198,0,198,321,0,321,519
08/22/2022,PAO,CA,AWP,WE,Towers with Radar,0,0,6,0,6,0,0,171,0,171,0,0,177,0,177,312,0,312,489
08/23/2022,PAO,CA,AWP,WE,Towers with Radar,0,0,16,0,16,0,1,139,0,140,0,1,155,0,156,298,0,298,454
08/24/2022,PAO,CA,AWP,WE,Towers with Radar,0,0,15,0,15,0,1,158,0,159,0,1,173,0,174,348,0,348,522
08/25/2022,PAO,CA,AWP,WE,Towers with Radar,0,0,9,0,9,0,2,124,0,126,0,2,133,0,135,348,0,348,483
08/26/2022,PAO,CA,AWP,WE,Towers with Radar,0,0,18,0,18,0,2,150,0,152,0,2,168,0,170,438,0,438,608
08/27/2022,PAO,CA,AWP,WE,Towers with Radar,0,0,9,0,9,0,0,150,0,150,0,0,159,0,159,244,0,244,403
08/28/2022,PAO,CA,AWP,WE,Towers with Radar,0,0,14,0,14,0,1,188,0,189,0,1,202,0,203,250,0,250,453
08/29/2022,PAO,CA,AWP,WE,Towers with Radar,0,1,10,0,11,0,2,133,0,135,0,3,143,0,146,366,0,366,512
08/30/2022,PAO,CA,AWP,WE,Towers with Radar,0,0,12,0,12,0,3,135,0,138,0,3,147,0,150,396,0,396,546
08/31/2022,PAO,CA,AWP,WE,Towers with Radar,0,0,7,0,7,0,0,141,0,141,0,0,148,0,148,384,0,384,532
09/01/2022,PAO,CA,AWP,WE,Towers with Radar,0,0,4,0,4,0,1,140,0,141,0,1,144,0,145,413,0,413,558
09/02/2022,PAO,CA,AWP,WE,Towers with Radar,0,0,15,0,15,0,0,186,0,186,0,0,201,0,201,278,0,278,479
09/03/2022,PAO,CA,AWP,WE,Towers with Radar,0,0,2,0,2,0,2,149,0,151,0,2,151,0,153,194,0,194,347
09/04/2022,PAO,CA,AWP,WE,Towers with Radar,0,0,4,0,4,0,3,140,0,143,0,3,144,0,147,96,0,96,243
09/05/2022,PAO,CA,AWP,WE,Towers with Radar,0,0,1,0,1,0,2,163,0,165,0,2,164,0,166,160,0,160,326
09/06/2022,PAO,CA,AWP,WE,Towers with Radar,0,0,6,0,6,0,0,127,2,129,0,0,133,2,135,260,0,260,395
09/07/2022,PAO,CA,AWP,WE,Towers with Radar,0,0,8,0,8,0,1,120,0,121,0,1,128,0,129,342,0,342,471
09/08/2022,PAO,CA,AWP,WE,Towers with Radar,0,0,6,0,6,0,3,120,0,123,0,3,126,0,129,308,0,308,437
09/09/2022,PAO,CA,AWP,WE,Towers with Radar,0,0,10,0,10,0,3,144,0,147,0,3,154,0,157,433,0,433,590
09/10/2022,PAO,CA,AWP,WE,Towers with Radar,0,0,5,0,5,0,0,172,0,172,0,0,177,0,177,108,0,108,285
09/11/2022,PAO,CA,AWP,WE,Towers with Radar,0,0,10,0,10,0,12,139,0,151,0,12,149,0,161,176,0,176,337
09/12/2022,PAO,CA,AWP,WE,Towers with Radar,0,0,6,0,6,0,0,145,1,146,0,0,151,1,152,349,0,349,501
09/13/2022,PAO,CA,AWP,WE,Towers with Radar,0,0,10,0,10,0,0,143,0,143,0,0,153,0,153,436,0,436,589
09/14/2022,PAO,CA,AWP,WE,Towers with Radar,0,0,9,0,9,0,2,144,0,146,0,2,153,0,155,398,0,398,553
09/15/2022,PAO,CA,AWP,WE,Towers with Radar,0,0,14,0,14,0,2,128,0,130,0,2,142,0,144,386,0,386,530
09/16/2022,PAO,CA,AWP,WE,Towers with Radar,0,0,11,0,11,0,0,205,0,205,0,0,216,0,216,336,0,336,552
09/17/2022,PAO,CA,AWP,WE,Towers with Radar,0,2,21,0,23,0,0,218,0,218,0,2,239,0,241,248,0,248,489
09/18/2022,PAO,CA,AWP,WE,Towers with Radar,0,0,14,0,14,0,0,13,0,13,0,0,27,0,27,16,0,16,43
09/19/2022,PAO,CA,AWP,WE,Towers with Radar,0,0,17,0,17,0,1,81,0,82,0,1,98,0,99,418,0,418,517
09/20/2022,PAO,CA,AWP,WE,Towers with Radar,0,0,7,0,7,0,0,111,0,111,0,0,118,0,118,488,0,488,606
09/21/2022,PAO,CA,AWP,WE,Towers with Radar,0,0,14,0,14,0,0,128,0,128,0,0,142,0,142,452,0,452,594
09/22/2022,PAO,CA,AWP,WE,Towers with Radar,0,0,9,0,9,0,1,162,0,163,0,1,171,0,172,460,0,460,632
09/23/2022,PAO,CA,AWP,WE,Towers with Radar,0,0,5,0,5,0,4,285,0,289,0,4,290,0,294,320,0,320,614
09/24/2022,PAO,CA,AWP,WE,Towers with Radar,0,0,7,0,7,0,0,292,0,292,0,0,299,0,299,212,0,212,511
09/25/2022,PAO,CA,AWP,WE,Towers with Radar,0,0,22,0,22,0,1,212,0,213,0,1,234,0,235,206,0,206,441
09/26/2022,PAO,CA,AWP,WE,Towers with Radar,0,0,10,0,10,0,2,112,0,114,0,2,122,0,124,368,0,368,492
09/27/2022,PAO,CA,AWP,WE,Towers with Radar,0,0,12,0,12,0,0,121,0,121,0,0,133,0,133,388,0,388,521
09/28/2022,PAO,CA,AWP,WE,Towers with Radar,0,0,7,0,7,0,1,170,0,171,0,1,177,0,178,338,0,338,516
09/29/2022,PAO,CA,AWP,WE,Towers with Radar,0,0,8,0,8,0,2,121,0,123,0,2,129,0,131,396,0,396,527
09/30/2022,PAO,CA,AWP,WE,Towers with Radar,0,0,12,0,12,0,2,318,0,320,0,2,330,0,332,352,0,352,684
10/01/2022,PAO,CA,AWP,WE,Towers with Radar,0,0,27,0,27,0,2,197,0,199,0,2,224,0,226,276,0,276,502
10/02/2022,PAO,CA,AWP,WE,Towers with Radar,0,0,17,0,17,0,0,260,0,260,0,0,277,0,277,183,0,183,460
10/03/2022,PAO,CA,AWP,WE,Towers with Radar,0,0,2,0,2,0,0,165,0,165,0,0,167,0,167,240,0,240,407
10/04/2022,PAO,CA,AWP,WE,Towers with Radar,0,1,18,0,19,0,1,110,0,111,0,2,128,0,130,284,0,284,414
10/05/2022,PAO,CA,AWP,WE,Towers with Radar,0,0,14,0,14,0,0,126,0,126,0,0,140,0,140,306,0,306,446
10/06/2022,PAO,CA,AWP,WE,Towers with Radar,0,0,18,0,18,0,4,135,0,139,0,4,153,0,157,294,0,294,451
10/07/2022,PAO,CA,AWP,WE,Towers with Radar,0,0,9,0,9,0,0,163,0,163,0,0,172,0,172,142,0,142,314
10/08/2022,PAO,CA,AWP,WE,Towers with Radar,0,0,30,0,30,0,2,207,0,209,0,2,237,0,239,122,0,122,361
10/09/2022,PAO,CA,AWP,WE,Towers with Radar,0,0,21,0,21,0,0,191,0,191,0,0,212,0,212,136,0,136,348
10/10/2022,PAO,CA,AWP,WE,Towers with Radar,0,5,19,0,24,0,5,168,0,173,0,10,187,0,197,182,0,182,379
10/11/2022,PAO,CA,AWP,WE,Towers with Radar,0,0,14,0,14,0,0,135,0,135,0,0,149,0,149,292,0,292,441
10/12/2022,PAO,CA,AWP,WE,Towers with Radar,0,0,21,0,21,0,0,97,0,97,0,0,118,0,118,262,0,262,380
10/13/2022,PAO,CA,AWP,WE,Towers with Radar,0,0,18,0,18,0,1,97,0,98,0,1,115,0,116,396,0,396,512
10/14/2022,PAO,CA,AWP,WE,Towers with Radar,0,3,22,0,25,0,0,129,0,129,0,3,151,0,154,266,0,266,420
10/15/2022,PAO,CA,AWP,WE,Towers with Radar,0,0,30,0,30,0,0,190,0,190,0,0,220,0,220,310,0,310,530
10/16/2022,PAO,CA,AWP,WE,Towers with Radar,0,1,29,0,30,0,0,102,0,102,0,1,131,0,132,364,0,364,496
10/17/2022,PAO,CA,AWP,WE,Towers with Radar,0,1,5,0,6,0,1,156,0,157,0,2,161,0,163,312,0,312,475
10/18/2022,PAO,CA,AWP,WE,Towers with Radar,0,0,4,0,4,0,0,172,0,172,0,0,176,0,176,334,0,334,510
10/19/2022,PAO,CA,AWP,WE,Towers with Radar,0,0,4,0,4,0,6,192,0,198,0,6,196,0,202,280,0,280,482
10/20/2022,PAO,CA,AWP,WE,Towers with Radar,0,2,12,0,14,0,1,160,0,161,0,3,172,0,175,434,0,434,609
10/21/2022,PAO,CA,AWP,WE,Towers with Radar,0,0,25,0,25,0,0,157,0,157,0,0,182,0,182,326,0,326,508
10/22/2022,PAO,CA,AWP,WE,Towers with Radar,0,0,19,0,19,0,0,142,0,142,0,0,161,0,161,274,0,274,435
10/23/2022,PAO,CA,AWP,WE,Towers with Radar,0,0,12,0,12,0,2,311,0,313,0,2,323,0,325,234,0,234,559
10/24/2022,PAO,CA,AWP,WE,Towers with Radar,0,2,10,0,12,0,1,166,0,167,0,3,176,0,179,236,0,236,415
10/25/2022,PAO,CA,AWP,WE,Towers with Radar,0,0,13,0,13,0,1,147,0,148,0,1,160,0,161,364,0,364,525
10/26/2022,PAO,CA,AWP,WE,Towers with Radar,0,0,3,0,3,0,6,209,0,215,0,6,212,0,218,349,0,349,567
10/27/2022,PAO,CA,AWP,WE,Towers with Radar,0,0,7,0,7,0,3,154,0,157,0,3,161,0,164,414,0,414,578
10/28/2022,PAO,CA,AWP,WE,Towers with Radar,0,0,12,0,12,0,0,212,0,212,0,0,224,0,224,330,0,330,554
10/29/2022,PAO,CA,AWP,WE,Towers with Radar,0,0,5,0,5,0,0,178,0,178,0,0,183,0,183,206,0,206,389
10/30/2022,PAO,CA,AWP,WE,Towers with Radar,0,0,15,0,15,0,0,159,0,159,0,0,174,0,174,118,0,118,292
10/31/2022,PAO,CA,AWP,WE,Towers with Radar,0,0,5,0,5,0,2,110,0,112,0,2,115,0,117,308,0,308,425
11/01/2022,PAO,CA,AWP,WE,Towers with Radar,0,2,15,0,17,0,0,21,0,21,0,2,36,0,38,108,0,108,146
11/02/2022,PAO,CA,AWP,WE,Towers with Radar,0,0,8,0,8,0,0,79,0,79,0,0,87,0,87,394,0,394,481
11/03/2022,PAO,CA,AWP,WE,Towers with Radar,0,2,2,0,4,0,2,192,0,194,0,4,194,0,198,268,0,268,466
11/04/2022,PAO,CA,AWP,WE,Towers with Radar,0,0,10,0,10,0,2,156,0,158,0,2,166,0,168,356,0,356,524
11/05/2022,PAO,CA,AWP,WE,Towers with Radar,0,0,18,0,18,0,0,38,0,38,0,0,56,0,56,238,0,238,294
11/06/2022,PAO,CA,AWP,WE,Towers with Radar,0,0,8,0,8,0,0,212,3,215,0,0,220,3,223,226,0,226,449
11/07/2022,PAO,CA,AWP,WE,Towers with Radar,0,0,7,0,7,0,0,51,0,51,0,0,58,0,58,142,0,142,200
11/08/2022,PAO,CA,AWP,WE,Towers with Radar,0,0,2,0,2,0,1,18,0,19,0,1,20,0,21,94,0,94,115
11/09/2022,PAO,CA,AWP,WE,Towers with Radar,0,0,4,0,4,0,4,158,0,162,0,4,162,0,166,314,0,314,480
11/10/2022,PAO,CA,AWP,WE,Towers with Radar,0,0,7,0,7,0,3,216,0,219,0,3,223,0,226,378,0,378,604
11/11/2022,PAO,CA,AWP,WE,Towers with Radar,0,0,14,0,14,0,0,217,0,217,0,0,231,0,231,246,0,246,477
11/12/2022,PAO,CA,AWP,WE,Towers with Radar,0,0,11,0,11,0,0,210,0,210,0,0,221,0,221,204,0,204,425
11/13/2022,PAO,CA,AWP,WE,Towers with Radar,0,0,6,0,6,0,0,211,0,211,0,0,217,0,217,274,0,274,491
11/14/2022,PAO,CA,AWP,WE,Towers with Radar,0,1,4,0,5,0,0,170,0,170,0,1,174,0,175,108,0,108,283
11/15/2022,PAO,CA,AWP,WE,Towers with Radar,0,0,7,0,7,0,6,184,0,190,0,6,191,0,197,248,0,248,445
11/16/2022,PAO,CA,AWP,WE,Towers with Radar,0,0,10,0,10,0,2,184,0,186,0,2,194,0,196,301,0,301,497
11/17/2022,PAO,CA,AWP,WE,Towers with Radar,0,0,3,0,3,0,1,160,0,161,0,1,163,0,164,174,0,174,338
11/18/2022,PAO,CA,AWP,WE,Towers with Radar,0,0,9,0,9,0,0,188,0,188,0,0,197,0,197,236,0,236,433
11/19/2022,PAO,CA,AWP,WE,Towers with Radar,0,2,4,0,6,0,2,233,0,235,0,4,237,0,241,190,0,190,431
11/20/2022,PAO,CA,AWP,WE,Towers with Radar,0,0,6,0,6,0,7,192,0,199,0,7,198,0,205,216,0,216,421
11/21/2022,PAO,CA,AWP,WE,Towers with Radar,0,0,6,0,6,0,5,155,0,160,0,5,161,0,166,220,0,220,386
11/22/2022,PAO,CA,AWP,WE,Towers with Radar,0,0,8,0,8,0,5,154,0,159,0,5,162,0,167,369,0,369,536
11/23/2022,PAO,CA,AWP,WE,Towers with Radar,0,0,12,0,12,0,1,186,1,188,0,1,198,1,200,198,0,198,398
11/24/2022,PAO,CA,AWP,WE,Towers with Radar,0,0,2,0,2,0,2,75,0,77,0,2,77,0,79,92,0,92,171
11/25/2022,PAO,CA,AWP,WE,Towers with Radar,0,0,3,0,3,0,3,123,0,126,0,3,126,0,129,254,0,254,383
11/26/2022,PAO,CA,AWP,WE,Towers with Radar,0,0,5,0,5,0,2,166,0,168,0,2,171,0,173,204,0,204,377
11/27/2022,PAO,CA,AWP,WE,Towers with Radar,0,0,7,0,7,0,4,168,0,172,0,4,175,0,179,152,0,152,331
11/28/2022,PAO,CA,AWP,WE,Towers with Radar,0,0,2,0,2,0,6,81,0,87,0,6,83,0,89,158,0,158,247
11/29/2022,PAO,CA,AWP,WE,Towers with Radar,0,0,2,0,2,0,4,145,0,149,0,4,147,0,151,294,0,294,445
11/30/2022,PAO,CA,AWP,WE,Towers with Radar,0,0,4,0,4,0,0,185,2,187,0,0,189,2,191,249,0,249,440
12/01/2022,PAO,CA,AWP,WE,Towers with Radar,0,0,6,0,6,0,0,7,0,7,0,0,13,0,13,10,0,10,23
12/02/2022,PAO,CA,AWP,WE,Towers with Radar,0,0,6,0,6,0,1,216,0,217,0,1,222,0,223,275,0,275,498
12/03/2022,PAO,CA,AWP,WE,Towers with Radar,0,2,12,0,14,0,0,0,0,0,0,2,12,0,14,0,0,0,14
12/04/2022,PAO,CA,AWP,WE,Towers with Radar,0,0,10,0,10,0,4,63,0,67,0,4,73,0,77,292,0,292,369
12/05/2022,PAO,CA,AWP,WE,Towers with Radar,0,0,6,0,6,0,0,53,0,53,0,0,59,0,59,228,0,228,287
12/06/2022,PAO,CA,AWP,WE,Towers with Radar,0,0,10,0,10,0,0,76,0,76,0,0,86,0,86,420,0,420,506
12/07/2022,PAO,CA,AWP,WE,Towers with Radar,0,0,3,0,3,0,2,175,2,179,0,2,178,2,182,272,0,272,454
12/08/2022,PAO,CA,AWP,WE,Towers with Radar,0,0,4,0,4,0,0,82,0,82,0,0,86,0,86,334,0,334,420
12/09/2022,PAO,CA,AWP,WE,Towers with Radar,0,0,11,0,11,0,0,121,0,121,0,0,132,0,132,292,0,292,424
12/10/2022,PAO,CA,AWP,WE,Towers with Radar,0,0,0,0,0,0,0,0,0,0,0,0,0,0,0,26,0,26,26
12/11/2022,PAO,CA,AWP,WE,Towers with Radar,0,0,10,0,10,0,1,60,0,61,0,1,70,0,71,123,0,123,194
12/12/2022,PAO,CA,AWP,WE,Towers with Radar,0,0,5,0,5,0,0,130,0,130,0,0,135,0,135,332,0,332,467
12/13/2022,PAO,CA,AWP,WE,Towers with Radar,0,1,5,0,6,0,0,178,0,178,0,1,183,0,184,332,0,332,516
12/14/2022,PAO,CA,AWP,WE,Towers with Radar,0,1,5,0,6,0,4,129,0,133,0,5,134,0,139,254,0,254,393
12/15/2022,PAO,CA,AWP,WE,Towers with Radar,0,1,3,0,4,0,2,154,0,156,0,3,157,0,160,214,0,214,374
12/16/2022,PAO,CA,AWP,WE,Towers with Radar,0,0,12,0,12,0,0,148,0,148,0,0,160,0,160,200,0,200,360
12/17/2022,PAO,CA,AWP,WE,Towers with Radar,0,0,8,0,8,0,0,180,0,180,0,0,188,0,188,229,0,229,417
12/18/2022,PAO,CA,AWP,WE,Towers with Radar,0,0,14,0,14,0,2,161,0,163,0,2,175,0,177,276,0,276,453
12/19/2022,PAO,CA,AWP,WE,Towers with Radar,0,0,10,0,10,0,0,53,0,53,0,0,63,0,63,105,0,105,168
12/20/2022,PAO,CA,AWP,WE,Towers with Radar,0,0,9,0,9,0,3,137,0,140,0,3,146,0,149,344,0,344,493
12/21/2022,PAO,CA,AWP,WE,Towers with Radar,0,0,10,0,10,0,0,150,0,150,0,0,160,0,160,276,0,276,436
12/22/2022,PAO,CA,AWP,WE,Towers with Radar,0,1,13,0,14,0,0,137,0,137,0,1,150,0,151,296,0,296,447
12/23/2022,PAO,CA,AWP,WE,Towers with Radar,0,1,19,0,20,0,0,105,0,105,0,1,124,0,125,406,0,406,531
12/24/2022,PAO,CA,AWP,WE,Towers with Radar,0,0,5,0,5,0,0,87,0,87,0,0,92,0,92,164,0,164,256
12/25/2022,PAO,CA,AWP,WE,Towers with Radar,0,0,1,0,1,0,0,53,0,53,0,0,54,0,54,66,0,66,120
12/26/2022,PAO,CA,AWP,WE,Towers with Radar,0,0,19,0,19,0,1,46,0,47,0,1,65,0,66,58,0,58,124
12/27/2022,PAO,CA,AWP,WE,Towers with Radar,0,0,5,0,5,0,0,3,0,3,0,0,8,0,8,52,0,52,60
12/28/2022,PAO,CA,AWP,WE,Towers with Radar,0,0,21,0,21,0,0,161,0,161,0,0,182,0,182,212,0,212,394
12/29/2022,PAO,CA,AWP,WE,Towers with Radar,0,0,17,0,17,0,0,4,0,4,0,0,21,0,21,138,0,138,159
12/30/2022,PAO,CA,AWP,WE,Towers with Radar,0,0,15,0,15,0,0,0,0,0,0,0,15,0,15,4,0,4,19
12/31/2022,PAO,CA,AWP,WE,Towers with Radar,0,0,2,0,2,0,0,0,0,0,0,0,2,0,2,0,0,0,2
01/01/2023,PAO,CA,AWP,WE,Towers with Radar,0,0,5,0,5,0,0,169,0,169,0,0,174,0,174,256,0,256,430
01/02/2023,PAO,CA,AWP,WE,Towers with Radar,0,0,8,0,8,0,1,26,0,27,0,1,34,0,35,122,0,122,157
01/03/2023,PAO,CA,AWP,WE,Towers with Radar,0,0,14,0,14,0,1,80,0,81,0,1,94,0,95,452,0,452,547
01/04/2023,PAO,CA,AWP,WE,Towers with Radar,0,0,2,0,2,0,0,0,0,0,0,0,2,0,2,0,0,0,2
01/05/2023,PAO,CA,AWP,WE,Towers with Radar,0,0,3,0,3,0,0,5,0,5,0,0,8,0,8,92,0,92,100
01/06/2023,PAO,CA,AWP,WE,Towers with Radar,0,0,10,0,10,0,3,162,1,166,0,3,172,1,176,369,0,369,545
01/07/2023,PAO,CA,AWP,WE,Towers with Radar,0,0,5,0,5,0,0,23,0,23,0,0,28,0,28,136,0,136,164
01/08/2023,PAO,CA,AWP,WE,Towers with Radar,0,0,6,0,6,0,0,101,0,101,0,0,107,0,107,218,0,218,325
01/09/2023,PAO,CA,AWP,WE,Towers with Radar,0,0,9,0,9,0,0,22,0,22,0,0,31,0,31,56,0,56,87
01/10/2023,PAO,CA,AWP,WE,Towers with Radar,0,0,3,0,3,0,1,2,1,4,0,1,5,1,7,6,0,6,13
01/11/2023,PAO,CA,AWP,WE,Towers with Radar,0,0,6,0,6,0,0,6,0,6,0,0,12,0,12,28,0,28,40
01/12/2023,PAO,CA,AWP,WE,Towers with Radar,2,1,5,0,8,0,0,164,0,164,2,1,169,0,172,261,0,261,433
01/13/2023,PAO,CA,AWP,WE,Towers with Radar,0,2,12,0,14,0,0,6,0,6,0,2,18,0,20,0,0,0,20
01/14/2023,PAO,CA,AWP,WE,Towers with Radar,0,6,0,0,6,0,0,4,0,4,0,6,4,0,10,20,0,20,30
01/15/2023,PAO,CA,AWP,WE,Towers with Radar,0,0,10,0,10,0,2,22,0,24,0,2,32,0,34,210,0,210,244
01/16/2023,PAO,CA,AWP,WE,Towers with Radar,0,0,4,0,4,0,3,19,0,22,0,3,23,0,26,126,0,126,152
01/17/2023,PAO,CA,AWP,WE,Towers with Radar,0,0,5,0,5,0,1,171,0,172,0,1,176,0,177,268,0,268,445
01/18/2023,PAO,CA,AWP,WE,Towers with Radar,0,0,7,0,7,0,2,92,0,94,0,2,99,0,101,206,0,206,307
01/19/2023,PAO,CA,AWP,WE,Towers with Radar,0,1,3,0,4,0,1,57,0,58,0,2,60,0,62,162,0,162,224
01/20/2023,PAO,CA,AWP,WE,Towers with Radar,0,0,10,0,10,0,1,201,0,202,0,1,211,0,212,236,0,236,448
01/21/2023,PAO,CA,AWP,WE,Towers with Radar,0,0,5,0,5,0,2,232,1,235,0,2,237,1,240,222,0,222,462
01/22/2023,PAO,CA,AWP,WE,Towers with Radar,0,0,1,0,1,0,2,154,0,156,0,2,155,0,157,158,0,158,315
01/23/2023,PAO,CA,AWP,WE,Towers with Radar,0,2,4,0,6,0,0,96,0,96,0,2,100,0,102,288,0,288,390
01/24/2023,PAO,CA,AWP,WE,Towers with Radar,0,0,1,0,1,0,0,174,0,174,0,0,175,0,175,270,0,270,445
01/25/2023,PAO,CA,AWP,WE,Towers with Radar,0,1,8,0,9,0,3,153,0,156,0,4,161,0,165,266,0,266,431
01/26/2023,PAO,CA,AWP,WE,Towers with Radar,0,1,6,0,7,0,0,172,0,172,0,1,178,0,179,288,0,288,467
01/27/2023,PAO,CA,AWP,WE,Towers with Radar,0,0,11,0,11,0,1,169,0,170,0,1,180,0,181,218,0,218,399
01/28/2023,PAO,CA,AWP,WE,Towers with Radar,0,0,11,0,11,0,0,149,0,149,0,0,160,0,160,130,0,130,290
01/29/2023,PAO,CA,AWP,WE,Towers with Radar,0,0,18,0,18,0,1,47,0,48,0,1,65,0,66,238,0,238,304
01/30/2023,PAO,CA,AWP,WE,Towers with Radar,0,0,7,0,7,0,2,119,0,121,0,2,126,0,128,210,0,210,338
01/31/2023,PAO,CA,AWP,WE,Towers with Radar,0,0,3,0,3,0,0,181,0,181,0,0,184,0,184,258,0,258,442
02/01/2023,PAO,CA,AWP,WE,Towers with Radar,0,0,4,0,4,0,0,136,0,136,0,0,140,0,140,244,0,244,384
02/02/2023,PAO,CA,AWP,WE,Towers with Radar,0,0,13,0,13,0,2,123,0,125,0,2,136,0,138,180,0,180,318
02/03/2023,PAO,CA,AWP,WE,Towers with Radar,0,3,18,0,21,0,0,28,0,28,0,3,46,0,49,254,0,254,303
02/04/2023,PAO,CA,AWP,WE,Towers with Radar,0,0,15,0,15,0,1,30,0,31,0,1,45,0,46,282,0,282,328
02/05/2023,PAO,CA,AWP,WE,Towers with Radar,0,2,19,0,21,0,0,25,0,25,0,2,44,0,46,136,0,136,182
02/06/2023,PAO,CA,AWP,WE,Towers with Radar,0,3,6,0,9,0,0,156,0,156,0,3,162,0,165,248,0,248,413
02/07/2023,PAO,CA,AWP,WE,Towers with Radar,0,0,4,0,4,0,2,151,0,153,0,2,155,0,157,268,0,268,425
02/08/2023,PAO,CA,AWP,WE,Towers with Radar,0,0,13,0,13,0,2,174,0,176,0,2,187,0,189,260,0,260,449
02/09/2023,PAO,CA,AWP,WE,Towers with Radar,0,0,10,0,10,0,0,160,0,160,0,0,170,0,170,282,0,282,452
02/10/2023,PAO,CA,AWP,WE,Towers with Radar,0,2,31,0,33,0,2,102,0,104,0,4,133,0,137,340,0,340,477
02/11/2023,PAO,CA,AWP,WE,Towers with Radar,0,1,11,0,12,0,0,103,0,103,0,1,114,0,115,376,0,376,491
02/12/2023,PAO,CA,AWP,WE,Towers with Radar,0,2,4,0,6,0,2,221,0,223,0,4,225,0,229,206,0,206,435
02/13/2023,PAO,CA,AWP,WE,Towers with Radar,0,2,10,0,12,0,4,89,0,93,0,6,99,0,105,227,0,227,332
02/14/2023,PAO,CA,AWP,WE,Towers with Radar,0,1,6,0,7,0,2,55,0,57,0,3,61,0,64,274,0,274,338
02/15/2023,PAO,CA,AWP,WE,Towers with Radar,0,0,7,0,7,0,5,148,0,153,0,5,155,0,160,226,0,226,386
02/16/2023,PAO,CA,AWP,WE,Towers with Radar,0,1,9,0,10,0,4,146,0,150,0,5,155,0,160,324,0,324,484
02/17/2023,PAO,CA,AWP,WE,Towers with Radar,0,1,23,0,24,0,2,219,0,221,0,3,242,0,245,236,0,236,481
02/18/2023,PAO,CA,AWP,WE,Towers with Radar,0,0,10,0,10,0,0,218,0,218,0,0,228,0,228,208,0,208,436
02/19/2023,PAO,CA,AWP,WE,Towers with Radar,0,0,4,0,4,0,0,188,1,189,0,0,192,1,193,194,0,194,387
02/20/2023,PAO,CA,AWP,WE,Towers with Radar,0,0,9,0,9,0,3,187,0,190,0,3,196,0,199,170,0,170,369
02/21/2023,PAO,CA,AWP,WE,Towers with Radar,0,0,4,0,4,0,2,24,0,26,0,2,28,0,30,126,0,126,156
02/22/2023,PAO,CA,AWP,WE,Towers with Radar,0,0,7,0,7,0,2,22,0,24,0,2,29,0,31,102,0,102,133
02/23/2023,PAO,CA,AWP,WE,Towers with Radar,0,0,6,0,6,0,0,38,0,38,0,0,44,0,44,102,0,102,146
02/24/2023,PAO,CA,AWP,WE,Towers with Radar,0,0,5,0,5,0,0,46,0,46,0,0,51,0,51,292,0,292,343
02/25/2023,PAO,CA,AWP,WE,Towers with Radar,0,0,8,0,8,0,2,97,0,99,0,2,105,0,107,392,0,392,499
02/26/2023,PAO,CA,AWP,WE,Towers with Radar,0,1,8,0,9,0,0,31,0,31,0,1,39,0,40,177,0,177,217
02/27/2023,PAO,CA,AWP,WE,Towers with Radar,0,1,9,0,10,0,1,8,0,9,0,2,17,0,19,2,0,2,21
02/28/2023,PAO,CA,AWP,WE,Towers with Radar,0,0,4,0,4,0,0,10,0,10,0,0,14,0,14,54,0,54,68
03/01/2023,PAO,CA,AWP,WE,Towers with Radar,0,0,5,0,5,0,0,104,0,104,0,0,109,0,109,263,0,263,372
03/02/2023,PAO,CA,AWP,WE,Towers with Radar,0,0,5,0,5,0,1,238,0,239,0,1,243,0,244,362,0,362,606
03/03/2023,PAO,CA,AWP,WE,Towers with Radar,0,0,21,0,21,0,0,142,0,142,0,0,163,0,163,402,0,402,565
03/04/2023,PAO,CA,AWP,WE,Towers with Radar,0,0,4,0,4,0,0,24,0,24,0,0,28,0,28,150,0,150,178
03/05/2023,PAO,CA,AWP,WE,Towers with Radar,0,0,4,0,4,0,4,58,0,62,0,4,62,0,66,204,0,204,270
03/06/2023,PAO,CA,AWP,WE,Towers with Radar,0,0,6,0,6,0,0,43,0,43,0,0,49,0,49,390,0,390,439
03/07/2023,PAO,CA,AWP,WE,Towers with Radar,0,0,9,0,9,0,0,165,0,165,0,0,174,0,174,300,0,300,474
03/08/2023,PAO,CA,AWP,WE,Towers with Radar,0,0,14,0,14,0,0,101,2,103,0,0,115,2,117,353,0,353,470
03/09/2023,PAO,CA,AWP,WE,Towers with Radar,0,0,7,0,7,0,0,16,0,16,0,0,23,0,23,126,0,126,149
03/10/2023,PAO,CA,AWP,WE,Towers with Radar,0,0,8,0,8,0,1,15,0,16,0,1,23,0,24,104,0,104,128
03/11/2023,PAO,CA,AWP,WE,Towers with Radar,0,0,28,0,28,0,0,32,0,32,0,0,60,0,60,269,0,269,329
03/12/2023,PAO,CA,AWP,WE,Towers with Radar,0,0,8,0,8,0,0,17,0,17,0,0,25,0,25,14,0,14,39
03/13/2023,PAO,CA,AWP,WE,Towers with Radar,0,0,3,0,3,0,0,52,0,52,0,0,55,0,55,272,0,272,327
03/14/2023,PAO,CA,AWP,WE,Towers with Radar,0,0,6,0,6,0,0,0,0,0,0,0,6,0,6,0,0,0,6
03/15/2023,PAO,CA,AWP,WE,Towers with Radar,0,0,13,0,13,0,6,183,0,189,0,6,196,0,202,422,0,422,624
03/16/2023,PAO,CA,AWP,WE,Towers with Radar,1,2,15,0,18,0,1,205,0,206,1,3,220,0,224,296,0,296,520
03/17/2023,PAO,CA,AWP,WE,Towers with Radar,0,1,7,0,8,0,6,175,0,181,0,7,182,0,189,392,0,392,581
03/18/2023,PAO,CA,AWP,WE,Towers with Radar,0,0,9,0,9,0,3,239,0,242,0,3,248,0,251,264,0,264,515
03/19/2023,PAO,CA,AWP,WE,Towers with Radar,0,1,13,0,14,0,2,15,0,17,0,3,28,0,31,46,0,46,77
03/20/2023,PAO,CA,AWP,WE,Towers with Radar,0,2,12,0,14,0,0,62,0,62,0,2,74,0,76,462,0,462,538
03/21/2023,PAO,CA,AWP,WE,Towers with Radar,0,0,2,0,2,0,0,0,1,1,0,0,2,1,3,0,0,0,3
03/22/2023,PAO,CA,AWP,WE,Towers with Radar,0,2,4,0,6,0,2,60,0,62,0,4,64,0,68,324,0,324,392
03/23/2023,PAO,CA,AWP,WE,Towers with Radar,1,0,15,0,16,0,0,100,0,100,1,0,115,0,116,288,0,288,404
03/24/2023,PAO,CA,AWP,WE,Towers with Radar,0,0,7,0,7,0,0,209,0,209,0,0,216,0,216,288,0,288,504
03/25/2023,PAO,CA,AWP,WE,Towers with Radar,0,0,15,0,15,0,1,210,0,211,0,1,225,0,226,262,0,262,488
03/26/2023,PAO,CA,AWP,WE,Towers with Radar,0,2,12,0,14,0,0,230,0,230,0,2,242,0,244,256,0,256,500
03/27/2023,PAO,CA,AWP,WE,Towers with Radar,0,0,13,0,13,0,0,133,0,133,0,0,146,0,146,294,0,294,440
03/28/2023,PAO,CA,AWP,WE,Towers with Radar,0,0,0,0,0,0,0,1,0,1,0,0,1,0,1,0,0,0,1
03/29/2023,PAO,CA,AWP,WE,Towers with Radar,0,0,3,0,3,0,0,5,0,5,0,0,8,0,8,184,0,184,192
03/30/2023,PAO,CA,AWP,WE,Towers with Radar,0,0,15,0,15,0,1,147,0,148,0,1,162,0,163,389,0,389,552
03/31/2023,PAO,CA,AWP,WE,Towers with Radar,0,0,6,0,6,0,0,211,0,211,0,0,217,0,217,358,0,358,575
04/01/2023,PAO,CA,AWP,WE,Towers with Radar,0,0,3,0,3,0,2,232,0,234,0,2,235,0,237,266,0,266,503
04/02/2023,PAO,CA,AWP,WE,Towers with Radar,0,1,20,0,21,0,0,106,0,106,0,1,126,0,127,223,0,223,350
04/03/2023,PAO,CA,AWP,WE,Towers with Radar,0,0,3,0,3,0,0,54,0,54,0,0,57,0,57,136,0,136,193
04/04/2023,PAO,CA,AWP,WE,Towers with Radar,0,0,7,0,7,0,0,156,0,156,0,0,163,0,163,272,0,272,435
04/05/2023,PAO,CA,AWP,WE,Towers with Radar,0,1,6,0,7,0,2,203,0,205,0,3,209,0,212,320,0,320,532
04/06/2023,PAO,CA,AWP,WE,Towers with Radar,0,0,3,0,3,0,0,170,1,171,0,0,173,1,174,361,0,361,535
04/07/2023,PAO,CA,AWP,WE,Towers with Radar,0,0,22,0,22,0,2,46,0,48,0,2,68,0,70,304,0,304,374
04/08/2023,PAO,CA,AWP,WE,Towers with Radar,0,0,27,0,27,0,0,155,0,155,0,0,182,0,182,264,0,264,446
04/09/2023,PAO,CA,AWP,WE,Towers with Radar,0,0,4,0,4,0,3,199,0,202,0,3,203,0,206,228,0,228,434
04/10/2023,PAO,CA,AWP,WE,Towers with Radar,0,1,5,0,6,0,1,152,0,153,0,2,157,0,159,292,0,292,451
04/11/2023,PAO,CA,AWP,WE,Towers with Radar,0,0,21,0,21,0,0,102,0,102,0,0,123,0,123,232,0,232,355
04/12/2023,PAO,CA,AWP,WE,Towers with Radar,0,0,5,0,5,0,3,130,0,133,0,3,135,0,138,206,0,206,344
04/13/2023,PAO,CA,AWP,WE,Towers with Radar,0,0,4,0,4,0,0,186,0,186,0,0,190,0,190,266,0,266,456
04/14/2023,PAO,CA,AWP,WE,Towers with Radar,0,0,11,0,11,0,1,221,0,222,0,1,232,0,233,324,0,324,557
04/15/2023,PAO,CA,AWP,WE,Towers with Radar,0,2,15,0,17,0,6,175,0,181,0,8,190,0,198,292,0,292,490
04/16/2023,PAO,CA,AWP,WE,Towers with Radar,0,0,28,0,28,0,2,179,0,181,0,2,207,0,209,172,0,172,381
04/17/2023,PAO,CA,AWP,WE,Towers with Radar,0,0,10,0,10,0,2,113,0,115,0,2,123,0,125,358,0,358,483
04/18/2023,PAO,CA,AWP,WE,Towers with Radar,0,0,7,0,7,0,2,159,0,161,0,2,166,0,168,345,0,345,513
04/19/2023,PAO,CA,AWP,WE,Towers with Radar,0,0,13,0,13,0,1,158,1,160,0,1,171,1,173,306,0,306,479
04/20/2023,PAO,CA,AWP,WE,Towers with Radar,0,0,1,0,1,0,3,164,0,167,0,3,165,0,168,356,0,356,524
04/21/2023,PAO,CA,AWP,WE,Towers with Radar,0,2,2,0,4,0,0,184,0,184,0,2,186,0,188,282,0,282,470
04/22/2023,PAO,CA,AWP,WE,Towers with Radar,0,0,4,0,4,0,2,230,0,232,0,2,234,0,236,180,0,180,416
04/23/2023,PAO,CA,AWP,WE,Towers with Radar,0,0,15,0,15,0,3,199,0,202,0,3,214,0,217,204,0,204,421
04/24/2023,PAO,CA,AWP,WE,Towers with Radar,0,0,3,0,3,0,0,157,0,157,0,0,160,0,160,342,0,342,502
04/25/2023,PAO,CA,AWP,WE,Towers with Radar,0,0,5,0,5,0,2,171,0,173,0,2,176,0,178,396,0,396,574
04/26/2023,PAO,CA,AWP,WE,Towers with Radar,0,0,8,0,8,0,2,176,0,178,0,2,184,0,186,344,0,344,530
04/27/2023,PAO,CA,AWP,WE,Towers with Radar,0,0,8,0,8,0,1,221,0,222,0,1,229,0,230,252,0,252,482
04/28/2023,PAO,CA,AWP,WE,Towers with Radar,0,0,10,0,10,0,0,195,0,195,0,0,205,0,205,406,0,406,611
04/29/2023,PAO,CA,AWP,WE,Towers with Radar,0,0,18,0,18,0,0,155,0,155,0,0,173,0,173,164,0,164,337
04/30/2023,PAO,CA,AWP,WE,Towers with Radar,0,2,19,0,21,0,2,85,0,87,0,4,104,0,108,286,0,286,394
05/01/2023,PAO,CA,AWP,WE,Towers with Radar,0,0,18,0,18,0,0,35,0,35,0,0,53,0,53,238,0,238,291
05/02/2023,PAO,CA,AWP,WE,Towers with Radar,0,0,12,0,12,0,0,26,0,26,0,0,38,0,38,370,0,370,408
05/03/2023,PAO,CA,AWP,WE,Towers with Radar,1,1,11,0,13,0,1,39,2,42,1,2,50,2,55,302,0,302,357
05/04/2023,PAO,CA,AWP,WE,Towers with Radar,0,1,28,0,29,0,0,49,0,49,0,1,77,0,78,447,0,447,525
05/05/2023,PAO,CA,AWP,WE,Towers with Radar,0,0,23,0,23,0,5,130,0,135,0,5,153,0,158,423,0,423,581
05/06/2023,PAO,CA,AWP,WE,Towers with Radar,0,0,29,0,29,0,2,63,1,66,0,2,92,1,95,318,0,318,413
05/07/2023,PAO,CA,AWP,WE,Towers with Radar,0,3,29,0,32,0,3,172,0,175,0,6,201,0,207,330,0,330,537
05/08/2023,PAO,CA,AWP,WE,Towers with Radar,0,0,15,0,15,0,0,62,0,62,0,0,77,0,77,272,0,272,349
05/09/2023,PAO,CA,AWP,WE,Towers with Radar,0,0,9,0,9,0,0,145,0,145,0,0,154,0,154,386,0,386,540
05/10/2023,PAO,CA,AWP,WE,Towers with Radar,0,0,18,0,18,0,1,121,0,122,0,1,139,0,140,374,0,374,514
05/11/2023,PAO,CA,AWP,WE,Towers with Radar,0,0,14,0,14,0,2,183,0,185,0,2,197,0,199,465,0,465,664
05/12/2023,PAO,CA,AWP,WE,Towers with Radar,0,2,8,0,10,0,0,155,0,155,0,2,163,0,165,513,0,513,678
05/13/2023,PAO,CA,AWP,WE,Towers with Radar,0,0,14,0,14,0,0,210,0,210,0,0,224,0,224,260,0,260,484
05/14/2023,PAO,CA,AWP,WE,Towers with Radar,0,3,10,0,13,0,4,140,0,144,0,7,150,0,157,208,0,208,365
05/15/2023,PAO,CA,AWP,WE,Towers with Radar,0,0,15,0,15,0,0,117,0,117,0,0,132,0,132,310,0,310,442
05/16/2023,PAO,CA,AWP,WE,Towers with Radar,0,2,12,0,14,0,2,147,0,149,0,4,159,0,163,250,0,250,413
05/17/2023,PAO,CA,AWP,WE,Towers with Radar,0,0,16,0,16,0,3,82,0,85,0,3,98,0,101,0,0,0,101
05/18/2023,PAO,CA,AWP,WE,Towers with Radar,0,0,11,0,11,0,0,158,0,158,0,0,169,0,169,338,0,338,507
05/19/2023,PAO,CA,AWP,WE,Towers with Radar,0,0,14,0,14,0,0,158,0,158,0,0,172,0,172,254,0,254,426
05/20/2023,PAO,CA,AWP,WE,Towers with Radar,0,0,28,0,28,0,1,142,0,143,0,1,170,0,171,448,0,448,619
05/21/2023,PAO,CA,AWP,WE,Towers with Radar,0,0,25,0,25,0,0,156,0,156,0,0,181,0,181,226,0,226,407
05/22/2023,PAO,CA,AWP,WE,Towers with Radar,0,0,10,0,10,0,0,146,0,146,0,0,156,0,156,196,0,196,352
05/23/2023,PAO,CA,AWP,WE,Towers with Radar,0,0,14,0,14,0,2,147,0,149,0,2,161,0,163,388,0,388,551
05/24/2023,PAO,CA,AWP,WE,Towers with Radar,0,0,19,0,19,0,1,132,0,133,0,1,151,0,152,416,0,416,568
05/25/2023,PAO,CA,AWP,WE,Towers with Radar,0,0,20,0,20,0,2,111,0,113,0,2,131,0,133,394,0,394,527
05/26/2023,PAO,CA,AWP,WE,Towers with Radar,0,2,21,0,23,0,3,153,0,156,0,5,174,0,179,396,0,396,575
05/27/2023,PAO,CA,AWP,WE,Towers with Radar,0,1,21,0,22,0,0,141,0,141,0,1,162,0,163,288,0,288,451
05/28/2023,PAO,CA,AWP,WE,Towers with Radar,0,0,24,0,24,0,0,69,0,69,0,0,93,0,93,366,0,366,459
05/29/2023,PAO,CA,AWP,WE,Towers with Radar,0,2,16,0,18,0,7,135,0,142,0,9,151,0,160,248,0,248,408
05/30/2023,PAO,CA,AWP,WE,Towers with Radar,0,0,10,0,10,0,2,121,0,123,0,2,131,0,133,414,0,414,547
05/31/2023,PAO,CA,AWP,WE,Towers with Radar,0,0,8,0,8,0,1,136,0,137,0,1,144,0,145,458,0,458,603
06/01/2023,PAO,CA,AWP,WE,Towers with Radar,0,0,10,0,10,0,4,144,0,148,0,4,154,0,158,342,0,342,500
06/02/2023,PAO,CA,AWP,WE,Towers with Radar,0,0,4,0,4,0,2,204,0,206,0,2,208,0,210,270,0,270,480
06/03/2023,PAO,CA,AWP,WE,Towers with Radar,0,0,9,0,9,0,1,189,0,190,0,1,198,0,199,274,0,274,473
06/04/2023,PAO,CA,AWP,WE,Towers with Radar,0,0,12,0,12,0,0,176,0,176,0,0,188,0,188,212,0,212,400
06/05/2023,PAO,CA,AWP,WE,Towers with Radar,0,0,6,0,6,0,2,83,0,85,0,2,89,0,91,302,0,302,393
06/06/2023,PAO,CA,AWP,WE,Towers with Radar,0,0,10,0,10,0,0,70,0,70,0,0,80,0,80,383,0,383,463
06/07/2023,PAO,CA,AWP,WE,Towers with Radar,1,2,16,0,19,0,0,129,0,129,1,2,145,0,148,390,0,390,538
06/08/2023,PAO,CA,AWP,WE,Towers with Radar,0,1,9,0,10,0,2,204,0,206,0,3,213,0,216,354,0,354,570
06/09/2023,PAO,CA,AWP,WE,Towers with Radar,0,1,19,0,20,0,0,114,0,114,0,1,133,0,134,434,0,434,568
06/10/2023,PAO,CA,AWP,WE,Towers with Radar,0,0,28,0,28,0,0,154,0,154,0,0,182,0,182,380,0,380,562
06/11/2023,PAO,CA,AWP,WE,Towers with Radar,0,0,13,0,13,0,0,154,0,154,0,0,167,0,167,294,0,294,461
06/12/2023,PAO,CA,AWP,WE,Towers with Radar,0,0,6,0,6,0,2,140,0,142,0,2,146,0,148,342,0,342,490
06/13/2023,PAO,CA,AWP,WE,Towers with Radar,0,0,8,0,8,0,5,174,0,179,0,5,182,0,187,456,0,456,643
06/14/2023,PAO,CA,AWP,WE,Towers with Radar,0,2,12,0,14,0,3,181,0,184,0,5,193,0,198,420,0,420,618
06/15/2023,PAO,CA,AWP,WE,Towers with Radar,0,0,14,0,14,0,1,200,0,201,0,1,214,0,215,358,0,358,573
06/16/2023,PAO,CA,AWP,WE,Towers with Radar,0,0,18,0,18,0,0,168,0,168,0,0,186,0,186,386,0,386,572
06/17/2023,PAO,CA,AWP,WE,Towers with Radar,0,0,15,0,15,0,0,214,0,214,0,0,229,0,229,272,0,272,501
06/18/2023,PAO,CA,AWP,WE,Towers with Radar,0,0,13,0,13,0,8,134,0,142,0,8,147,0,155,230,0,230,385
06/19/2023,PAO,CA,AWP,WE,Towers with Radar,0,0,8,0,8,0,3,28,0,31,0,3,36,0,39,130,0,130,169
06/20/2023,PAO,CA,AWP,WE,Towers with Radar,0,0,9,0,9,0,0,58,0,58,0,0,67,0,67,0,0,0,67
06/21/2023,PAO,CA,AWP,WE,Towers with Radar,0,0,11,0,11,0,0,136,0,136,0,0,147,0,147,304,0,304,451
06/22/2023,PAO,CA,AWP,WE,Towers with Radar,0,0,16,0,16,0,0,162,0,162,0,0,178,0,178,330,0,330,508
06/23/2023,PAO,CA,AWP,WE,Towers with Radar,0,0,17,0,17,0,7,162,0,169,0,7,179,0,186,398,0,398,584
06/24/2023,PAO,CA,AWP,WE,Towers with Radar,0,0,19,0,19,0,3,173,0,176,0,3,192,0,195,272,0,272,467
06/25/2023,PAO,CA,AWP,WE,Towers with Radar,0,0,27,0,27,0,0,117,0,117,0,0,144,0,144,306,0,306,450
06/26/2023,PAO,CA,AWP,WE,Towers with Radar,0,0,10,0,10,0,0,124,0,124,0,0,134,0,134,398,0,398,532
06/27/2023,PAO,CA,AWP,WE,Towers with Radar,0,0,6,0,6,0,0,123,0,123,0,0,129,0,129,530,0,530,659
06/28/2023,PAO,CA,AWP,WE,Towers with Radar,0,0,24,0,24,0,3,175,0,178,0,3,199,0,202,400,0,400,602
06/29/2023,PAO,CA,AWP,WE,Towers with Radar,0,0,19,0,19,1,2,186,0,189,1,2,205,0,208,398,0,398,606
06/30/2023,PAO,CA,AWP,WE,Towers with Radar,0,0,11,0,11,0,0,225,0,225,0,0,236,0,236,360,0,360,596
07/01/2023,PAO,CA,AWP,WE,Towers with Radar,0,0,3,0,3,0,2,180,0,182,0,2,183,0,185,278,0,278,463
07/02/2023,PAO,CA,AWP,WE,Towers with Radar,0,0,4,0,4,0,3,137,0,140,0,3,141,0,144,236,0,236,380
07/03/2023,PAO,CA,AWP,WE,Towers with Radar,0,0,9,0,9,0,5,135,0,140,0,5,144,0,149,242,0,242,391
07/04/2023,PAO,CA,AWP,WE,Towers with Radar,0,0,9,0,9,0,0,123,0,123,0,0,132,0,132,332,0,332,464
07/05/2023,PAO,CA,AWP,WE,Towers with Radar,0,1,16,0,17,0,1,162,0,163,0,2,178,0,180,381,0,381,561
07/06/2023,PAO,CA,AWP,WE,Towers with Radar,0,0,12,0,12,0,7,157,0,164,0,7,169,0,176,478,0,478,654
07/07/2023,PAO,CA,AWP,WE,Towers with Radar,0,0,11,0,11,0,1,151,0,152,0,1,162,0,163,494,0,494,657
07/08/2023,PAO,CA,AWP,WE,Towers with Radar,0,0,15,0,15,0,0,133,0,133,0,0,148,0,148,362,0,362,510
07/09/2023,PAO,CA,AWP,WE,Towers with Radar,0,0,20,0,20,0,6,139,0,145,0,6,159,0,165,380,0,380,545
07/10/2023,PAO,CA,AWP,WE,Towers with Radar,0,1,6,0,7,0,2,127,0,129,0,3,133,0,136,542,0,542,678
07/11/2023,PAO,CA,AWP,WE,Towers with Radar,0,0,5,0,5,0,1,188,0,189,0,1,193,0,194,404,0,404,598
07/12/2023,PAO,CA,AWP,WE,Towers with Radar,0,0,17,0,17,0,0,167,0,167,0,0,184,0,184,384,0,384,568
07/13/2023,PAO,CA,AWP,WE,Towers with Radar,0,0,6,0,6,0,5,179,0,184,0,5,185,0,190,354,0,354,544
07/14/2023,PAO,CA,AWP,WE,Towers with Radar,0,0,14,0,14,0,1,177,0,178,0,1,191,0,192,312,0,312,504
07/15/2023,PAO,CA,AWP,WE,Towers with Radar,0,0,18,0,18,0,0,155,0,155,0,0,173,0,173,62,0,62,235
07/16/2023,PAO,CA,AWP,WE,Towers with Radar,0,0,6,0,6,0,1,169,1,171,0,1,175,1,177,262,0,262,439
07/17/2023,PAO,CA,AWP,WE,Towers with Radar,0,0,8,0,8,0,1,117,0,118,0,1,125,0,126,266,0,266,392
07/18/2023,PAO,CA,AWP,WE,Towers with Radar,0,0,6,0,6,0,1,161,0,162,0,1,167,0,168,318,0,318,486
07/19/2023,PAO,CA,AWP,WE,Towers with Radar,0,0,7,0,7,0,2,193,0,195,0,2,200,0,202,392,0,392,594
07/20/2023,PAO,CA,AWP,WE,Towers with Radar,0,0,10,0,10,0,1,173,0,174,0,1,183,0,184,408,0,408,592
07/21/2023,PAO,CA,AWP,WE,Towers with Radar,0,2,11,0,13,0,2,219,0,221,0,4,230,0,234,364,0,364,598
07/22/2023,PAO,CA,AWP,WE,Towers with Radar,0,0,9,0,9,0,1,188,0,189,0,1,197,0,198,252,0,252,450
07/23/2023,PAO,CA,AWP,WE,Towers with Radar,0,0,9,0,9,0,5,183,0,188,0,5,192,0,197,252,0,252,449
07/24/2023,PAO,CA,AWP,WE,Towers with Radar,0,0,9,0,9,0,2,122,0,124,0,2,131,0,133,274,0,274,407
07/25/2023,PAO,CA,AWP,WE,Towers with Radar,0,0,7,0,7,0,2,152,0,154,0,2,159,0,161,236,0,236,397
07/26/2023,PAO,CA,AWP,WE,Towers with Radar,0,0,10,0,10,0,4,143,0,147,0,4,153,0,157,366,0,366,523
07/27/2023,PAO,CA,AWP,WE,Towers with Radar,0,1,11,0,12,0,3,149,0,152,0,4,160,0,164,264,0,264,428
07/28/2023,PAO,CA,AWP,WE,Towers with Radar,0,2,9,0,11,0,7,169,0,176,0,9,178,0,187,301,0,301,488
07/29/2023,PAO,CA,AWP,WE,Towers with Radar,0,0,15,0,15,0,4,181,0,185,0,4,196,0,200,266,0,266,466
07/30/2023,PAO,CA,AWP,WE,Towers with Radar,0,2,10,0,12,0,2,168,0,170,0,4,178,0,182,146,0,146,328
07/31/2023,PAO,CA,AWP,WE,Towers with Radar,0,1,9,0,10,0,6,55,0,61,0,7,64,0,71,0,0,0,71
08/01/2023,PAO,CA,AWP,WE,Towers with Radar,0,1,17,0,18,0,3,128,0,131,0,4,145,0,149,412,0,412,561
08/02/2023,PAO,CA,AWP,WE,Towers with Radar,0,0,12,0,12,0,1,110,0,111,0,1,122,0,123,444,0,444,567
08/03/2023,PAO,CA,AWP,WE,Towers with Radar,0,0,8,0,8,0,2,162,0,164,0,2,170,0,172,398,0,398,570
08/04/2023,PAO,CA,AWP,WE,Towers with Radar,0,1,9,0,10,0,9,185,0,194,0,10,194,0,204,354,0,354,558
08/05/2023,PAO,CA,AWP,WE,Towers with Radar,0,0,19,0,19,0,2,189,1,192,0,2,208,1,211,204,0,204,415
08/06/2023,PAO,CA,AWP,WE,Towers with Radar,0,0,12,0,12,0,1,172,0,173,0,1,184,0,185,250,0,250,435
08/07/2023,PAO,CA,AWP,WE,Towers with Radar,0,0,7,0,7,0,1,117,0,118,0,1,124,0,125,260,0,260,385
08/08/2023,PAO,CA,AWP,WE,Towers with Radar,0,0,6,0,6,0,1,132,0,133,0,1,138,0,139,308,0,308,447
08/09/2023,PAO,CA,AWP,WE,Towers with Radar,0,0,10,0,10,0,2,176,0,178,0,2,186,0,188,292,0,292,480
08/10/2023,PAO,CA,AWP,WE,Towers with Radar,0,2,18,0,20,0,1,135,0,136,0,3,153,0,156,330,0,330,486
08/11/2023,PAO,CA,AWP,WE,Towers with Radar,0,0,10,0,10,0,0,156,0,156,0,0,166,0,166,390,0,390,556
08/12/2023,PAO,CA,AWP,WE,Towers with Radar,0,0,6,0,6,0,4,159,0,163,0,4,165,0,169,292,0,292,461
08/13/2023,PAO,CA,AWP,WE,Towers with Radar,0,0,10,0,10,0,2,188,0,190,0,2,198,0,200,218,0,218,418
08/14/2023,PAO,CA,AWP,WE,Towers with Radar,0,0,14,0,14,0,0,141,0,141,0,0,155,0,155,222,0,222,377
08/15/2023,PAO,CA,AWP,WE,Towers with Radar,0,0,8,0,8,0,0,172,0,172,0,0,180,0,180,328,0,328,508
08/16/2023,PAO,CA,AWP,WE,Towers with Radar,0,0,13,0,13,0,5,155,0,160,0,5,168,0,173,262,0,262,435
08/17/2023,PAO,CA,AWP,WE,Towers with Radar,0,0,23,0,23,0,2,142,0,144,0,2,165,0,167,292,0,292,459
08/18/2023,PAO,CA,AWP,WE,Towers with Radar,0,3,11,0,14,0,0,167,0,167,0,3,178,0,181,414,0,414,595
08/19/2023,PAO,CA,AWP,WE,Towers with Radar,0,0,18,0,18,0,8,179,0,187,0,8,197,0,205,296,0,296,501
08/20/2023,PAO,CA,AWP,WE,Towers with Radar,0,0,15,0,15,0,1,192,0,193,0,1,207,0,208,278,0,278,486
08/21/2023,PAO,CA,AWP,WE,Towers with Radar,0,0,5,0,5,0,0,72,0,72,0,0,77,0,77,250,0,250,327
08/22/2023,PAO,CA,AWP,WE,Towers with Radar,0,0,14,0,14,0,1,114,1,116,0,1,128,1,130,198,0,198,328
08/23/2023,PAO,CA,AWP,WE,Towers with Radar,0,0,3,0,3,0,2,169,0,171,0,2,172,0,174,166,0,166,340
08/24/2023,PAO,CA,AWP,WE,Towers with Radar,0,0,15,0,15,0,3,200,0,203,0,3,215,0,218,256,0,256,474
08/25/2023,PAO,CA,AWP,WE,Towers with Radar,0,0,23,0,23,0,0,115,0,115,0,0,138,0,138,416,0,416,554
08/26/2023,PAO,CA,AWP,WE,Towers with Radar,0,0,30,0,30,0,1,131,1,133,0,1,161,1,163,268,0,268,431
08/27/2023,PAO,CA,AWP,WE,Towers with Radar,0,3,19,0,22,0,4,206,0,210,0,7,225,0,232,218,0,218,450
08/28/2023,PAO,CA,AWP,WE,Towers with Radar,0,1,5,0,6,0,4,137,0,141,0,5,142,0,147,239,0,239,386
08/29/2023,PAO,CA,AWP,WE,Towers with Radar,0,2,6,0,8,0,1,156,0,157,0,3,162,0,165,320,0,320,485
08/30/2023,PAO,CA,AWP,WE,Towers with Radar,0,4,11,0,15,0,0,148,0,148,0,4,159,0,163,397,0,397,560
08/31/2023,PAO,CA,AWP,WE,Towers with Radar,0,2,10,0,12,0,0,145,0,145,0,2,155,0,157,378,0,378,535
