01/01/2020,PBI,FL,ASO,ES,Combined TRACON& Tower with Radar,199,30,24,1,254,0,2,6,1,9,199,32,30,2,263,0,0,0,263
01/02/2020,PBI,FL,ASO,ES,Combined TRACON& Tower with Radar,218,24,25,2,269,0,7,9,4,20,218,31,34,6,289,0,0,0,289
01/03/2020,PBI,FL,ASO,ES,Combined TRACON& Tower with Radar,243,27,15,8,293,0,3,11,11,25,243,30,26,19,318,0,0,0,318
01/04/2020,PBI,FL,ASO,ES,Combined TRACON& Tower with Radar,206,47,27,5,285,0,3,3,4,10,206,50,30,9,295,0,0,0,295
01/05/2020,PBI,FL,ASO,ES,Combined TRACON& Tower with Radar,209,55,62,5,331,0,5,11,4,20,209,60,73,9,351,0,0,0,351
01/06/2020,PBI,FL,ASO,ES,Combined TRACON& Tower with Radar,205,129,118,2,454,0,5,61,1,67,205,134,179,3,521,0,0,0,521
01/07/2020,PBI,FL,ASO,ES,Combined TRACON& Tower with Radar,169,88,106,0,363,0,6,74,2,82,169,94,180,2,445,0,0,0,445
01/08/2020,PBI,FL,ASO,ES,Combined TRACON& Tower with Radar,183,83,118,0,384,0,12,79,2,93,183,95,197,2,477,0,0,0,477
01/09/2020,PBI,FL,ASO,ES,Combined TRACON& Tower with Radar,187,117,113,1,418,0,11,65,0,76,187,128,178,1,494,0,0,0,494
01/10/2020,PBI,FL,ASO,ES,Combined TRACON& Tower with Radar,202,129,141,9,481,0,2,58,1,61,202,131,199,10,542,0,0,0,542
01/11/2020,PBI,FL,ASO,ES,Combined TRACON& Tower with Radar,161,79,64,2,306,0,1,32,3,36,161,80,96,5,342,0,0,0,342
01/12/2020,PBI,FL,ASO,ES,Combined TRACON& Tower with Radar,176,144,138,1,459,0,4,34,0,38,176,148,172,1,497,0,0,0,497
01/13/2020,PBI,FL,ASO,ES,Combined TRACON& Tower with Radar,194,102,81,0,377,0,3,49,0,52,194,105,130,0,429,0,0,0,429
01/14/2020,PBI,FL,ASO,ES,Combined TRACON& Tower with Radar,174,98,113,3,388,0,3,58,1,62,174,101,171,4,450,0,0,0,450
01/15/2020,PBI,FL,ASO,ES,Combined TRACON& Tower with Radar,185,96,133,1,415,0,16,55,4,75,185,112,188,5,490,0,0,0,490
01/16/2020,PBI,FL,ASO,ES,Combined TRACON& Tower with Radar,185,150,131,2,468,0,5,72,4,81,185,155,203,6,549,0,0,0,549
01/17/2020,PBI,FL,ASO,ES,Combined TRACON& Tower with Radar,202,128,113,2,445,1,6,40,6,53,203,134,153,8,498,0,0,0,498
01/18/2020,PBI,FL,ASO,ES,Combined TRACON& Tower with Radar,166,22,20,0,208,0,3,7,2,12,166,25,27,2,220,0,0,0,220
01/19/2020,PBI,FL,ASO,ES,Combined TRACON& Tower with Radar,163,74,71,4,312,0,1,24,1,26,163,75,95,5,338,0,0,0,338
01/20/2020,PBI,FL,ASO,ES,Combined TRACON& Tower with Radar,193,163,178,6,540,0,7,44,1,52,193,170,222,7,592,0,0,0,592
01/21/2020,PBI,FL,ASO,ES,Combined TRACON& Tower with Radar,175,109,110,2,396,0,6,69,0,75,175,115,179,2,471,0,0,0,471
01/22/2020,PBI,FL,ASO,ES,Combined TRACON& Tower with Radar,188,103,115,0,406,0,4,45,0,49,188,107,160,0,455,0,0,0,455
01/23/2020,PBI,FL,ASO,ES,Combined TRACON& Tower with Radar,196,126,166,0,488,1,0,54,0,55,197,126,220,0,543,0,0,0,543
01/24/2020,PBI,FL,ASO,ES,Combined TRACON& Tower with Radar,202,130,144,0,476,0,4,37,0,41,202,134,181,0,517,0,0,0,517
01/25/2020,PBI,FL,ASO,ES,Combined TRACON& Tower with Radar,172,73,83,0,328,0,5,37,0,42,172,78,120,0,370,0,0,0,370
01/26/2020,PBI,FL,ASO,ES,Combined TRACON& Tower with Radar,171,153,173,0,497,0,4,54,0,58,171,157,227,0,555,0,0,0,555
01/27/2020,PBI,FL,ASO,ES,Combined TRACON& Tower with Radar,198,124,121,1,444,0,6,56,0,62,198,130,177,1,506,0,0,0,506
01/28/2020,PBI,FL,ASO,ES,Combined TRACON& Tower with Radar,190,113,124,1,428,0,5,71,0,76,190,118,195,1,504,0,0,0,504
01/29/2020,PBI,FL,ASO,ES,Combined TRACON& Tower with Radar,185,119,198,12,514,0,2,73,2,77,185,121,271,14,591,0,0,0,591
01/30/2020,PBI,FL,ASO,ES,Combined TRACON& Tower with Radar,190,154,220,3,567,0,5,37,2,44,190,159,257,5,611,0,0,0,611
01/31/2020,PBI,FL,ASO,ES,Combined TRACON& Tower with Radar,202,90,107,2,401,0,2,60,0,62,202,92,167,2,463,0,0,0,463
02/01/2020,PBI,FL,ASO,ES,Combined TRACON& Tower with Radar,180,20,32,0,232,0,1,9,0,10,180,21,41,0,242,0,0,0,242
02/02/2020,PBI,FL,ASO,ES,Combined TRACON& Tower with Radar,175,53,47,2,277,0,4,14,1,19,175,57,61,3,296,0,0,0,296
02/03/2020,PBI,FL,ASO,ES,Combined TRACON& Tower with Radar,195,166,190,3,554,0,7,64,2,73,195,173,254,5,627,0,0,0,627
02/04/2020,PBI,FL,ASO,ES,Combined TRACON& Tower with Radar,174,119,108,5,406,0,2,57,1,60,174,121,165,6,466,0,0,0,466
02/05/2020,PBI,FL,ASO,ES,Combined TRACON& Tower with Radar,184,113,141,0,438,0,4,75,2,81,184,117,216,2,519,0,0,0,519
02/06/2020,PBI,FL,ASO,ES,Combined TRACON& Tower with Radar,174,131,160,2,467,0,5,47,0,52,174,136,207,2,519,0,0,0,519
02/07/2020,PBI,FL,ASO,ES,Combined TRACON& Tower with Radar,197,127,141,0,465,0,0,42,0,42,197,127,183,0,507,0,0,0,507
02/08/2020,PBI,FL,ASO,ES,Combined TRACON& Tower with Radar,179,102,104,1,386,0,7,28,1,36,179,109,132,2,422,0,0,0,422
02/09/2020,PBI,FL,ASO,ES,Combined TRACON& Tower with Radar,167,145,169,2,483,0,2,28,1,31,167,147,197,3,514,0,0,0,514
02/10/2020,PBI,FL,ASO,ES,Combined TRACON& Tower with Radar,189,103,158,7,457,0,9,54,2,65,189,112,212,9,522,0,0,0,522
02/11/2020,PBI,FL,ASO,ES,Combined TRACON& Tower with Radar,179,94,115,0,388,0,4,49,2,55,179,98,164,2,443,0,0,0,443
02/12/2020,PBI,FL,ASO,ES,Combined TRACON& Tower with Radar,189,134,156,8,487,0,5,55,4,64,189,139,211,12,551,0,0,0,551
02/13/2020,PBI,FL,ASO,ES,Combined TRACON& Tower with Radar,199,176,223,6,604,0,5,36,0,41,199,181,259,6,645,0,0,0,645
02/14/2020,PBI,FL,ASO,ES,Combined TRACON& Tower with Radar,218,125,129,1,473,0,0,36,2,38,218,125,165,3,511,0,0,0,511
02/15/2020,PBI,FL,ASO,ES,Combined TRACON& Tower with Radar,204,30,27,0,261,0,0,10,2,12,204,30,37,2,273,0,0,0,273
02/16/2020,PBI,FL,ASO,ES,Combined TRACON& Tower with Radar,188,100,77,8,373,0,4,9,0,13,188,104,86,8,386,0,0,0,386
02/17/2020,PBI,FL,ASO,ES,Combined TRACON& Tower with Radar,214,161,198,4,577,0,9,59,3,71,214,170,257,7,648,0,0,0,648
02/18/2020,PBI,FL,ASO,ES,Combined TRACON& Tower with Radar,198,141,155,7,501,0,13,73,1,87,198,154,228,8,588,0,0,0,588
02/19/2020,PBI,FL,ASO,ES,Combined TRACON& Tower with Radar,211,153,133,4,501,0,10,60,1,71,211,163,193,5,572,0,0,0,572
02/20/2020,PBI,FL,ASO,ES,Combined TRACON& Tower with Radar,207,141,185,3,536,0,9,76,0,85,207,150,261,3,621,0,0,0,621
02/21/2020,PBI,FL,ASO,ES,Combined TRACON& Tower with Radar,219,146,149,0,514,0,2,20,0,22,219,148,169,0,536,0,0,0,536
02/22/2020,PBI,FL,ASO,ES,Combined TRACON& Tower with Radar,219,95,92,0,406,0,2,21,0,23,219,97,113,0,429,0,0,0,429
02/23/2020,PBI,FL,ASO,ES,Combined TRACON& Tower with Radar,199,182,199,0,580,0,8,50,0,58,199,190,249,0,638,0,0,0,638
02/24/2020,PBI,FL,ASO,ES,Combined TRACON& Tower with Radar,215,147,148,2,512,0,3,62,1,66,215,150,210,3,578,0,0,0,578
02/25/2020,PBI,FL,ASO,ES,Combined TRACON& Tower with Radar,201,110,119,3,433,0,8,48,1,57,201,118,167,4,490,0,0,0,490
02/26/2020,PBI,FL,ASO,ES,Combined TRACON& Tower with Radar,202,103,138,0,443,0,3,39,1,43,202,106,177,1,486,0,0,0,486
02/27/2020,PBI,FL,ASO,ES,Combined TRACON& Tower with Radar,208,158,168,3,537,0,5,43,0,48,208,163,211,3,585,0,0,0,585
02/28/2020,PBI,FL,ASO,ES,Combined TRACON& Tower with Radar,216,152,155,4,527,0,9,41,3,53,216,161,196,7,580,0,0,0,580
02/29/2020,PBI,FL,ASO,ES,Combined TRACON& Tower with Radar,206,98,95,0,399,0,3,46,2,51,206,101,141,2,450,0,0,0,450
03/01/2020,PBI,FL,ASO,ES,Combined TRACON& Tower with Radar,200,185,193,0,578,0,0,42,2,44,200,185,235,2,622,16,0,16,638
03/02/2020,PBI,FL,ASO,ES,Combined TRACON& Tower with Radar,209,124,156,3,492,0,20,53,1,74,209,144,209,4,566,16,0,16,582
03/03/2020,PBI,FL,ASO,ES,Combined TRACON& Tower with Radar,198,102,131,2,433,0,15,48,1,64,198,117,179,3,497,0,0,0,497
03/04/2020,PBI,FL,ASO,ES,Combined TRACON& Tower with Radar,205,113,127,4,449,0,6,64,2,72,205,119,191,6,521,6,0,6,527
03/05/2020,PBI,FL,ASO,ES,Combined TRACON& Tower with Radar,204,174,170,3,551,0,8,45,0,53,204,182,215,3,604,0,0,0,604
03/06/2020,PBI,FL,ASO,ES,Combined TRACON& Tower with Radar,214,134,140,3,491,0,4,30,1,35,214,138,170,4,526,0,0,0,526
03/07/2020,PBI,FL,ASO,ES,Combined TRACON& Tower with Radar,214,47,22,4,287,0,1,9,3,13,214,48,31,7,300,0,0,0,300
03/08/2020,PBI,FL,ASO,ES,Combined TRACON& Tower with Radar,199,56,61,0,316,0,8,4,1,13,199,64,65,1,329,0,0,0,329
03/09/2020,PBI,FL,ASO,ES,Combined TRACON& Tower with Radar,217,95,83,4,399,0,6,40,2,48,217,101,123,6,447,0,0,0,447
03/10/2020,PBI,FL,ASO,ES,Combined TRACON& Tower with Radar,201,120,131,2,454,0,6,50,0,56,201,126,181,2,510,0,0,0,510
03/11/2020,PBI,FL,ASO,ES,Combined TRACON& Tower with Radar,209,126,138,0,473,0,9,54,0,63,209,135,192,0,536,0,0,0,536
03/12/2020,PBI,FL,ASO,ES,Combined TRACON& Tower with Radar,215,194,171,1,581,0,4,58,0,62,215,198,229,1,643,0,0,0,643
03/13/2020,PBI,FL,ASO,ES,Combined TRACON& Tower with Radar,211,201,190,1,603,0,6,64,4,74,211,207,254,5,677,0,0,0,677
03/14/2020,PBI,FL,ASO,ES,Combined TRACON& Tower with Radar,220,160,132,0,512,0,13,30,0,43,220,173,162,0,555,0,0,0,555
03/15/2020,PBI,FL,ASO,ES,Combined TRACON& Tower with Radar,192,187,197,0,576,0,7,43,0,50,192,194,240,0,626,0,0,0,626
03/16/2020,PBI,FL,ASO,ES,Combined TRACON& Tower with Radar,213,160,165,2,540,0,2,67,0,69,213,162,232,2,609,0,0,0,609
03/17/2020,PBI,FL,ASO,ES,Combined TRACON& Tower with Radar,195,140,172,0,507,0,6,48,2,56,195,146,220,2,563,0,0,0,563
03/18/2020,PBI,FL,ASO,ES,Combined TRACON& Tower with Radar,208,140,135,0,483,0,10,36,2,48,208,150,171,2,531,0,0,0,531
03/19/2020,PBI,FL,ASO,ES,Combined TRACON& Tower with Radar,196,101,114,1,412,0,13,31,1,45,196,114,145,2,457,0,0,0,457
03/20/2020,PBI,FL,ASO,ES,Combined TRACON& Tower with Radar,190,113,119,0,422,0,3,43,0,46,190,116,162,0,468,0,0,0,468
03/21/2020,PBI,FL,ASO,ES,Combined TRACON& Tower with Radar,175,96,88,0,359,0,5,33,0,38,175,101,121,0,397,0,0,0,397
03/22/2020,PBI,FL,ASO,ES,Combined TRACON& Tower with Radar,153,86,78,0,317,0,7,20,1,28,153,93,98,1,345,0,0,0,345
03/23/2020,PBI,FL,ASO,ES,Combined TRACON& Tower with Radar,129,74,57,0,260,0,2,31,0,33,129,76,88,0,293,0,0,0,293
03/24/2020,PBI,FL,ASO,ES,Combined TRACON& Tower with Radar,116,40,51,4,211,0,2,25,0,27,116,42,76,4,238,0,0,0,238
03/25/2020,PBI,FL,ASO,ES,Combined TRACON& Tower with Radar,116,28,52,0,196,0,3,37,0,40,116,31,89,0,236,0,0,0,236
03/26/2020,PBI,FL,ASO,ES,Combined TRACON& Tower with Radar,105,36,30,0,171,0,2,52,0,54,105,38,82,0,225,0,0,0,225
03/27/2020,PBI,FL,ASO,ES,Combined TRACON& Tower with Radar,90,44,54,0,188,0,1,33,0,34,90,45,87,0,222,0,0,0,222
03/28/2020,PBI,FL,ASO,ES,Combined TRACON& Tower with Radar,84,32,26,0,142,0,3,22,0,25,84,35,48,0,167,0,0,0,167
03/29/2020,PBI,FL,ASO,ES,Combined TRACON& Tower with Radar,77,47,34,0,158,0,1,30,0,31,77,48,64,0,189,0,0,0,189
03/30/2020,PBI,FL,ASO,ES,Combined TRACON& Tower with Radar,70,34,20,0,124,0,6,25,0,31,70,40,45,0,155,0,0,0,155
03/31/2020,PBI,FL,ASO,ES,Combined TRACON& Tower with Radar,75,42,38,2,157,0,0,25,3,28,75,42,63,5,185,0,0,0,185
04/01/2020,PBI,FL,ASO,ES,Combined TRACON& Tower with Radar,70,43,21,0,134,0,0,32,0,32,70,43,53,0,166,0,0,0,166
04/02/2020,PBI,FL,ASO,ES,Combined TRACON& Tower with Radar,69,40,20,0,129,0,3,31,0,34,69,43,51,0,163,0,0,0,163
04/03/2020,PBI,FL,ASO,ES,Combined TRACON& Tower with Radar,68,44,23,0,135,0,1,30,4,35,68,45,53,4,170,10,0,10,180
04/04/2020,PBI,FL,ASO,ES,Combined TRACON& Tower with Radar,66,27,22,0,115,0,5,18,2,25,66,32,40,2,140,0,0,0,140
04/05/2020,PBI,FL,ASO,ES,Combined TRACON& Tower with Radar,61,37,30,4,132,0,0,5,0,5,61,37,35,4,137,0,0,0,137
04/06/2020,PBI,FL,ASO,ES,Combined TRACON& Tower with Radar,55,39,24,0,118,0,2,14,0,16,55,41,38,0,134,0,0,0,134
04/07/2020,PBI,FL,ASO,ES,Combined TRACON& Tower with Radar,57,30,38,0,125,0,0,25,0,25,57,30,63,0,150,0,0,0,150
04/08/2020,PBI,FL,ASO,ES,Combined TRACON& Tower with Radar,60,29,39,1,129,0,4,42,1,47,60,33,81,2,176,0,0,0,176
04/09/2020,PBI,FL,ASO,ES,Combined TRACON& Tower with Radar,71,39,18,0,128,0,1,29,0,30,71,40,47,0,158,0,0,0,158
04/10/2020,PBI,FL,ASO,ES,Combined TRACON& Tower with Radar,72,30,34,0,136,0,3,28,0,31,72,33,62,0,167,0,0,0,167
04/11/2020,PBI,FL,ASO,ES,Combined TRACON& Tower with Radar,67,30,17,0,114,0,0,23,0,23,67,30,40,0,137,0,0,0,137
04/12/2020,PBI,FL,ASO,ES,Combined TRACON& Tower with Radar,49,34,16,0,99,0,6,17,0,23,49,40,33,0,122,0,0,0,122
04/13/2020,PBI,FL,ASO,ES,Combined TRACON& Tower with Radar,47,17,30,2,96,0,4,27,0,31,47,21,57,2,127,0,0,0,127
04/14/2020,PBI,FL,ASO,ES,Combined TRACON& Tower with Radar,48,32,25,2,107,0,5,59,1,65,48,37,84,3,172,0,0,0,172
04/15/2020,PBI,FL,ASO,ES,Combined TRACON& Tower with Radar,43,33,46,5,127,0,1,34,8,43,43,34,80,13,170,0,0,0,170
04/16/2020,PBI,FL,ASO,ES,Combined TRACON& Tower with Radar,37,35,32,0,104,0,0,20,2,22,37,35,52,2,126,0,0,0,126
04/17/2020,PBI,FL,ASO,ES,Combined TRACON& Tower with Radar,42,29,31,0,102,0,2,20,0,22,42,31,51,0,124,0,0,0,124
04/18/2020,PBI,FL,ASO,ES,Combined TRACON& Tower with Radar,36,25,21,0,82,0,0,13,0,13,36,25,34,0,95,0,0,0,95
04/19/2020,PBI,FL,ASO,ES,Combined TRACON& Tower with Radar,28,27,23,0,78,0,0,20,2,22,28,27,43,2,100,0,0,0,100
04/20/2020,PBI,FL,ASO,ES,Combined TRACON& Tower with Radar,29,25,26,0,80,0,2,29,0,31,29,27,55,0,111,6,0,6,117
04/21/2020,PBI,FL,ASO,ES,Combined TRACON& Tower with Radar,31,20,38,4,93,0,1,35,2,38,31,21,73,6,131,0,0,0,131
04/22/2020,PBI,FL,ASO,ES,Combined TRACON& Tower with Radar,37,40,37,2,116,0,2,33,4,39,37,42,70,6,155,0,0,0,155
04/23/2020,PBI,FL,ASO,ES,Combined TRACON& Tower with Radar,38,39,34,12,123,0,4,39,0,43,38,43,73,12,166,0,0,0,166
04/24/2020,PBI,FL,ASO,ES,Combined TRACON& Tower with Radar,39,32,32,1,104,0,0,26,0,26,39,32,58,1,130,0,0,0,130
04/25/2020,PBI,FL,ASO,ES,Combined TRACON& Tower with Radar,33,45,27,0,105,0,0,32,0,32,33,45,59,0,137,0,0,0,137
04/26/2020,PBI,FL,ASO,ES,Combined TRACON& Tower with Radar,22,33,29,0,84,0,10,25,2,37,22,43,54,2,121,0,0,0,121
04/27/2020,PBI,FL,ASO,ES,Combined TRACON& Tower with Radar,34,33,40,0,107,0,5,42,4,51,34,38,82,4,158,0,0,0,158
04/28/2020,PBI,FL,ASO,ES,Combined TRACON& Tower with Radar,37,42,34,2,115,0,3,56,0,59,37,45,90,2,174,0,0,0,174
04/29/2020,PBI,FL,ASO,ES,Combined TRACON& Tower with Radar,36,60,43,0,139,0,0,41,2,43,36,60,84,2,182,0,0,0,182
04/30/2020,PBI,FL,ASO,ES,Combined TRACON& Tower with Radar,37,47,53,0,137,0,0,11,2,13,37,47,64,2,150,0,0,0,150
05/01/2020,PBI,FL,ASO,ES,Combined TRACON& Tower with Radar,34,72,70,0,176,0,4,52,2,58,34,76,122,2,234,0,0,0,234
05/02/2020,PBI,FL,ASO,ES,Combined TRACON& Tower with Radar,21,48,19,12,100,0,0,22,0,22,21,48,41,12,122,0,0,0,122
05/03/2020,PBI,FL,ASO,ES,Combined TRACON& Tower with Radar,32,47,43,0,122,0,1,31,2,34,32,48,74,2,156,0,0,0,156
05/04/2020,PBI,FL,ASO,ES,Combined TRACON& Tower with Radar,28,46,43,0,117,0,3,30,2,35,28,49,73,2,152,0,0,0,152
05/05/2020,PBI,FL,ASO,ES,Combined TRACON& Tower with Radar,31,45,50,2,128,0,2,51,3,56,31,47,101,5,184,0,0,0,184
05/06/2020,PBI,FL,ASO,ES,Combined TRACON& Tower with Radar,30,64,61,6,161,0,2,48,0,50,30,66,109,6,211,0,0,0,211
05/07/2020,PBI,FL,ASO,ES,Combined TRACON& Tower with Radar,35,58,64,2,159,0,0,54,4,58,35,58,118,6,217,0,0,0,217
05/08/2020,PBI,FL,ASO,ES,Combined TRACON& Tower with Radar,35,72,76,0,183,0,4,63,2,69,35,76,139,2,252,0,0,0,252
05/09/2020,PBI,FL,ASO,ES,Combined TRACON& Tower with Radar,18,61,54,0,133,0,2,35,1,38,18,63,89,1,171,0,0,0,171
05/10/2020,PBI,FL,ASO,ES,Combined TRACON& Tower with Radar,27,59,34,0,120,0,0,4,1,5,27,59,38,1,125,0,0,0,125
05/11/2020,PBI,FL,ASO,ES,Combined TRACON& Tower with Radar,30,65,71,0,166,0,3,29,0,32,30,68,100,0,198,0,0,0,198
05/12/2020,PBI,FL,ASO,ES,Combined TRACON& Tower with Radar,26,75,47,0,148,0,4,47,4,55,26,79,94,4,203,0,0,0,203
05/13/2020,PBI,FL,ASO,ES,Combined TRACON& Tower with Radar,31,70,64,0,165,0,0,55,0,55,31,70,119,0,220,0,0,0,220
05/14/2020,PBI,FL,ASO,ES,Combined TRACON& Tower with Radar,41,66,68,0,175,0,2,27,2,31,41,68,95,2,206,0,0,0,206
05/15/2020,PBI,FL,ASO,ES,Combined TRACON& Tower with Radar,36,87,70,1,194,0,1,16,3,20,36,88,86,4,214,0,0,0,214
05/16/2020,PBI,FL,ASO,ES,Combined TRACON& Tower with Radar,21,80,61,0,162,0,1,24,0,25,21,81,85,0,187,0,0,0,187
05/17/2020,PBI,FL,ASO,ES,Combined TRACON& Tower with Radar,29,61,60,0,150,0,3,38,0,41,29,64,98,0,191,0,0,0,191
05/18/2020,PBI,FL,ASO,ES,Combined TRACON& Tower with Radar,32,69,65,2,168,0,0,17,2,19,32,69,82,4,187,0,0,0,187
05/19/2020,PBI,FL,ASO,ES,Combined TRACON& Tower with Radar,30,82,73,0,185,0,1,42,0,43,30,83,115,0,228,0,0,0,228
05/20/2020,PBI,FL,ASO,ES,Combined TRACON& Tower with Radar,31,99,100,0,230,0,3,39,0,42,31,102,139,0,272,0,0,0,272
05/21/2020,PBI,FL,ASO,ES,Combined TRACON& Tower with Radar,40,95,105,0,240,0,9,39,0,48,40,104,144,0,288,0,0,0,288
05/22/2020,PBI,FL,ASO,ES,Combined TRACON& Tower with Radar,38,113,100,7,258,0,6,45,3,54,38,119,145,10,312,0,0,0,312
05/23/2020,PBI,FL,ASO,ES,Combined TRACON& Tower with Radar,16,75,46,0,137,0,5,32,3,40,16,80,78,3,177,0,0,0,177
05/24/2020,PBI,FL,ASO,ES,Combined TRACON& Tower with Radar,30,51,51,0,132,0,0,6,0,6,30,51,57,0,138,0,0,0,138
05/25/2020,PBI,FL,ASO,ES,Combined TRACON& Tower with Radar,27,75,63,1,166,0,0,4,0,4,27,75,67,1,170,0,0,0,170
05/26/2020,PBI,FL,ASO,ES,Combined TRACON& Tower with Radar,24,105,108,0,237,0,1,28,0,29,24,106,136,0,266,0,0,0,266
05/27/2020,PBI,FL,ASO,ES,Combined TRACON& Tower with Radar,33,126,83,0,242,0,4,70,2,76,33,130,153,2,318,0,0,0,318
05/28/2020,PBI,FL,ASO,ES,Combined TRACON& Tower with Radar,44,93,93,0,230,0,4,43,0,47,44,97,136,0,277,0,0,0,277
05/29/2020,PBI,FL,ASO,ES,Combined TRACON& Tower with Radar,34,105,108,0,247,0,6,41,0,47,34,111,149,0,294,0,0,0,294
05/30/2020,PBI,FL,ASO,ES,Combined TRACON& Tower with Radar,17,96,77,0,190,0,5,35,0,40,17,101,112,0,230,0,0,0,230
05/31/2020,PBI,FL,ASO,ES,Combined TRACON& Tower with Radar,42,101,98,0,241,0,2,44,1,47,42,103,142,1,288,0,0,0,288
06/01/2020,PBI,FL,ASO,ES,Combined TRACON& Tower with Radar,38,127,118,0,283,0,0,33,3,36,38,127,151,3,319,0,0,0,319
06/02/2020,PBI,FL,ASO,ES,Combined TRACON& Tower with Radar,35,94,91,0,220,0,1,27,1,29,35,95,118,1,249,0,0,0,249
06/03/2020,PBI,FL,ASO,ES,Combined TRACON& Tower with Radar,40,98,82,0,220,0,2,14,0,16,40,100,96,0,236,0,0,0,236
06/04/2020,PBI,FL,ASO,ES,Combined TRACON& Tower with Radar,51,117,110,0,278,0,0,30,0,30,51,117,140,0,308,0,0,0,308
06/05/2020,PBI,FL,ASO,ES,Combined TRACON& Tower with Radar,50,92,92,0,234,0,4,52,3,59,50,96,144,3,293,0,0,0,293
06/06/2020,PBI,FL,ASO,ES,Combined TRACON& Tower with Radar,33,84,77,0,194,0,2,20,2,24,33,86,97,2,218,0,0,0,218
06/07/2020,PBI,FL,ASO,ES,Combined TRACON& Tower with Radar,49,72,91,0,212,0,2,19,0,21,49,74,110,0,233,0,0,0,233
06/08/2020,PBI,FL,ASO,ES,Combined TRACON& Tower with Radar,49,86,83,0,218,0,1,62,6,69,49,87,145,6,287,0,0,0,287
06/09/2020,PBI,FL,ASO,ES,Combined TRACON& Tower with Radar,40,117,83,0,240,0,19,36,4,59,40,136,119,4,299,0,0,0,299
06/10/2020,PBI,FL,ASO,ES,Combined TRACON& Tower with Radar,47,96,95,2,240,0,5,55,2,62,47,101,150,4,302,0,0,0,302
06/11/2020,PBI,FL,ASO,ES,Combined TRACON& Tower with Radar,59,108,104,0,271,0,20,68,0,88,59,128,172,0,359,0,0,0,359
06/12/2020,PBI,FL,ASO,ES,Combined TRACON& Tower with Radar,54,82,100,4,240,0,2,40,0,42,54,84,140,4,282,0,0,0,282
06/13/2020,PBI,FL,ASO,ES,Combined TRACON& Tower with Radar,34,97,67,0,198,0,4,45,2,51,34,101,112,2,249,0,0,0,249
06/14/2020,PBI,FL,ASO,ES,Combined TRACON& Tower with Radar,52,89,69,0,210,0,3,18,0,21,52,92,87,0,231,0,0,0,231
06/15/2020,PBI,FL,ASO,ES,Combined TRACON& Tower with Radar,52,119,94,0,265,0,2,34,0,36,52,121,128,0,301,0,0,0,301
06/16/2020,PBI,FL,ASO,ES,Combined TRACON& Tower with Radar,44,115,124,0,283,0,9,67,0,76,44,124,191,0,359,0,0,0,359
06/17/2020,PBI,FL,ASO,ES,Combined TRACON& Tower with Radar,47,123,107,2,279,0,10,40,0,50,47,133,147,2,329,0,0,0,329
06/18/2020,PBI,FL,ASO,ES,Combined TRACON& Tower with Radar,58,91,98,0,247,0,3,23,0,26,58,94,121,0,273,0,0,0,273
06/19/2020,PBI,FL,ASO,ES,Combined TRACON& Tower with Radar,60,96,95,0,251,0,4,44,0,48,60,100,139,0,299,0,0,0,299
06/20/2020,PBI,FL,ASO,ES,Combined TRACON& Tower with Radar,39,81,72,0,192,0,0,38,0,38,39,81,110,0,230,0,0,0,230
06/21/2020,PBI,FL,ASO,ES,Combined TRACON& Tower with Radar,51,65,76,0,192,0,2,34,0,36,51,67,110,0,228,0,0,0,228
06/22/2020,PBI,FL,ASO,ES,Combined TRACON& Tower with Radar,56,88,125,0,269,0,5,42,0,47,56,93,167,0,316,0,0,0,316
06/23/2020,PBI,FL,ASO,ES,Combined TRACON& Tower with Radar,45,107,95,3,250,0,1,41,1,43,45,108,136,4,293,0,0,0,293
06/24/2020,PBI,FL,ASO,ES,Combined TRACON& Tower with Radar,47,115,80,0,242,0,8,33,2,43,47,123,113,2,285,0,0,0,285
06/25/2020,PBI,FL,ASO,ES,Combined TRACON& Tower with Radar,61,102,98,0,261,0,21,57,2,80,61,123,155,2,341,8,0,8,349
06/26/2020,PBI,FL,ASO,ES,Combined TRACON& Tower with Radar,61,88,94,4,247,0,2,43,0,45,61,90,137,4,292,16,0,16,308
06/27/2020,PBI,FL,ASO,ES,Combined TRACON& Tower with Radar,39,73,53,2,167,0,2,29,2,33,39,75,82,4,200,0,0,0,200
06/28/2020,PBI,FL,ASO,ES,Combined TRACON& Tower with Radar,51,78,68,4,201,0,6,26,0,32,51,84,94,4,233,0,0,0,233
06/29/2020,PBI,FL,ASO,ES,Combined TRACON& Tower with Radar,57,83,93,0,233,0,7,45,0,52,57,90,138,0,285,0,0,0,285
06/30/2020,PBI,FL,ASO,ES,Combined TRACON& Tower with Radar,50,99,82,4,235,0,1,40,0,41,50,100,122,4,276,0,0,0,276
07/01/2020,PBI,FL,ASO,ES,Combined TRACON& Tower with Radar,64,87,117,1,269,0,7,49,2,58,64,94,166,3,327,0,0,0,327
07/02/2020,PBI,FL,ASO,ES,Combined TRACON& Tower with Radar,78,117,111,0,306,0,10,54,3,67,78,127,165,3,373,10,0,10,383
07/03/2020,PBI,FL,ASO,ES,Combined TRACON& Tower with Radar,64,77,89,0,230,0,2,34,2,38,64,79,123,2,268,0,0,0,268
07/04/2020,PBI,FL,ASO,ES,Combined TRACON& Tower with Radar,45,31,25,0,101,0,4,33,0,37,45,35,58,0,138,0,0,0,138
07/05/2020,PBI,FL,ASO,ES,Combined TRACON& Tower with Radar,62,39,48,0,149,0,3,27,0,30,62,42,75,0,179,0,0,0,179
07/06/2020,PBI,FL,ASO,ES,Combined TRACON& Tower with Radar,69,77,76,0,222,0,3,48,0,51,69,80,124,0,273,0,0,0,273
07/07/2020,PBI,FL,ASO,ES,Combined TRACON& Tower with Radar,68,69,57,0,194,0,1,46,0,47,68,70,103,0,241,0,0,0,241
07/08/2020,PBI,FL,ASO,ES,Combined TRACON& Tower with Radar,71,77,65,0,213,0,6,45,0,51,71,83,110,0,264,0,0,0,264
07/09/2020,PBI,FL,ASO,ES,Combined TRACON& Tower with Radar,75,87,63,0,225,0,1,36,1,38,75,88,99,1,263,0,0,0,263
07/10/2020,PBI,FL,ASO,ES,Combined TRACON& Tower with Radar,89,71,98,8,266,0,3,16,2,21,89,74,114,10,287,0,0,0,287
07/11/2020,PBI,FL,ASO,ES,Combined TRACON& Tower with Radar,67,50,58,0,175,0,2,25,0,27,67,52,83,0,202,0,0,0,202
07/12/2020,PBI,FL,ASO,ES,Combined TRACON& Tower with Radar,75,56,63,0,194,0,0,21,0,21,75,56,84,0,215,14,0,14,229
07/13/2020,PBI,FL,ASO,ES,Combined TRACON& Tower with Radar,69,58,76,0,203,0,4,41,0,45,69,62,117,0,248,0,0,0,248
07/14/2020,PBI,FL,ASO,ES,Combined TRACON& Tower with Radar,65,50,62,0,177,0,1,50,0,51,65,51,112,0,228,0,0,0,228
07/15/2020,PBI,FL,ASO,ES,Combined TRACON& Tower with Radar,66,63,80,0,209,0,3,43,0,46,66,66,123,0,255,0,0,0,255
07/16/2020,PBI,FL,ASO,ES,Combined TRACON& Tower with Radar,71,60,71,2,204,0,5,44,2,51,71,65,115,4,255,0,0,0,255
07/17/2020,PBI,FL,ASO,ES,Combined TRACON& Tower with Radar,70,59,71,0,200,0,5,19,0,24,70,64,90,0,224,0,0,0,224
07/18/2020,PBI,FL,ASO,ES,Combined TRACON& Tower with Radar,56,41,51,0,148,0,2,21,0,23,56,43,72,0,171,0,0,0,171
07/19/2020,PBI,FL,ASO,ES,Combined TRACON& Tower with Radar,64,42,77,0,183,0,1,44,2,47,64,43,121,2,230,0,0,0,230
07/20/2020,PBI,FL,ASO,ES,Combined TRACON& Tower with Radar,65,44,67,2,178,0,1,31,0,32,65,45,98,2,210,0,0,0,210
07/21/2020,PBI,FL,ASO,ES,Combined TRACON& Tower with Radar,61,53,66,8,188,0,1,55,0,56,61,54,121,8,244,0,0,0,244
07/22/2020,PBI,FL,ASO,ES,Combined TRACON& Tower with Radar,68,65,69,0,202,0,0,36,0,36,68,65,105,0,238,0,0,0,238
07/23/2020,PBI,FL,ASO,ES,Combined TRACON& Tower with Radar,76,41,63,0,180,0,6,34,1,41,76,47,97,1,221,0,0,0,221
07/24/2020,PBI,FL,ASO,ES,Combined TRACON& Tower with Radar,68,58,67,0,193,0,6,39,2,47,68,64,106,2,240,0,0,0,240
07/25/2020,PBI,FL,ASO,ES,Combined TRACON& Tower with Radar,55,65,51,0,171,0,2,24,0,26,55,67,75,0,197,20,0,20,217
07/26/2020,PBI,FL,ASO,ES,Combined TRACON& Tower with Radar,64,36,64,0,164,0,0,20,0,20,64,36,84,0,184,0,0,0,184
07/27/2020,PBI,FL,ASO,ES,Combined TRACON& Tower with Radar,62,56,74,0,192,0,2,26,2,30,62,58,100,2,222,0,0,0,222
07/28/2020,PBI,FL,ASO,ES,Combined TRACON& Tower with Radar,56,56,63,2,177,0,5,56,0,61,56,61,119,2,238,0,0,0,238
07/29/2020,PBI,FL,ASO,ES,Combined TRACON& Tower with Radar,55,60,70,2,187,0,9,51,0,60,55,69,121,2,247,0,0,0,247
07/30/2020,PBI,FL,ASO,ES,Combined TRACON& Tower with Radar,68,68,65,0,201,0,9,45,2,56,68,77,110,2,257,0,0,0,257
07/31/2020,PBI,FL,ASO,ES,Combined TRACON& Tower with Radar,67,76,105,0,248,0,3,49,0,52,67,79,154,0,300,0,0,0,300
08/01/2020,PBI,FL,ASO,ES,Combined TRACON& Tower with Radar,37,38,34,0,109,0,2,6,0,8,37,40,40,0,117,0,0,0,117
08/02/2020,PBI,FL,ASO,ES,Combined TRACON& Tower with Radar,45,14,24,0,83,0,0,0,0,0,45,14,24,0,83,0,0,0,83
08/03/2020,PBI,FL,ASO,ES,Combined TRACON& Tower with Radar,60,48,82,0,190,0,3,20,0,23,60,51,102,0,213,0,0,0,213
08/04/2020,PBI,FL,ASO,ES,Combined TRACON& Tower with Radar,45,44,70,0,159,0,3,57,0,60,45,47,127,0,219,0,0,0,219
08/05/2020,PBI,FL,ASO,ES,Combined TRACON& Tower with Radar,49,50,65,2,166,0,1,33,0,34,49,51,98,2,200,0,0,0,200
08/06/2020,PBI,FL,ASO,ES,Combined TRACON& Tower with Radar,68,47,59,0,174,0,10,35,3,48,68,57,94,3,222,0,0,0,222
08/07/2020,PBI,FL,ASO,ES,Combined TRACON& Tower with Radar,63,50,64,8,185,0,3,35,3,41,63,53,99,11,226,0,0,0,226
08/08/2020,PBI,FL,ASO,ES,Combined TRACON& Tower with Radar,51,41,39,0,131,0,4,30,0,34,51,45,69,0,165,0,0,0,165
08/09/2020,PBI,FL,ASO,ES,Combined TRACON& Tower with Radar,66,43,63,0,172,0,2,42,0,44,66,45,105,0,216,0,0,0,216
08/10/2020,PBI,FL,ASO,ES,Combined TRACON& Tower with Radar,58,54,68,16,196,0,3,44,0,47,58,57,112,16,243,0,0,0,243
08/11/2020,PBI,FL,ASO,ES,Combined TRACON& Tower with Radar,57,59,59,0,175,1,10,40,0,51,58,69,99,0,226,0,0,0,226
08/12/2020,PBI,FL,ASO,ES,Combined TRACON& Tower with Radar,49,62,46,0,157,0,10,35,0,45,49,72,81,0,202,0,0,0,202
08/13/2020,PBI,FL,ASO,ES,Combined TRACON& Tower with Radar,66,58,53,1,178,0,8,65,0,73,66,66,118,1,251,0,0,0,251
08/14/2020,PBI,FL,ASO,ES,Combined TRACON& Tower with Radar,63,58,62,0,183,0,1,47,1,49,63,59,109,1,232,0,0,0,232
08/15/2020,PBI,FL,ASO,ES,Combined TRACON& Tower with Radar,52,36,66,0,154,0,6,27,0,33,52,42,93,0,187,0,0,0,187
08/16/2020,PBI,FL,ASO,ES,Combined TRACON& Tower with Radar,60,42,64,1,167,0,1,23,0,24,60,43,87,1,191,0,0,0,191
08/17/2020,PBI,FL,ASO,ES,Combined TRACON& Tower with Radar,58,52,87,2,199,0,2,31,0,33,58,54,118,2,232,0,0,0,232
08/18/2020,PBI,FL,ASO,ES,Combined TRACON& Tower with Radar,50,43,76,3,172,0,3,31,0,34,50,46,107,3,206,0,0,0,206
08/19/2020,PBI,FL,ASO,ES,Combined TRACON& Tower with Radar,47,69,60,1,177,0,3,18,2,23,47,72,78,3,200,0,0,0,200
08/20/2020,PBI,FL,ASO,ES,Combined TRACON& Tower with Radar,68,68,73,1,210,0,4,31,4,39,68,72,104,5,249,0,0,0,249
08/21/2020,PBI,FL,ASO,ES,Combined TRACON& Tower with Radar,60,64,78,2,204,0,1,45,2,48,60,65,123,4,252,0,0,0,252
08/22/2020,PBI,FL,ASO,ES,Combined TRACON& Tower with Radar,57,45,70,1,173,0,3,41,0,44,57,48,111,1,217,0,0,0,217
08/23/2020,PBI,FL,ASO,ES,Combined TRACON& Tower with Radar,64,36,59,0,159,0,2,13,0,15,64,38,72,0,174,0,0,0,174
08/24/2020,PBI,FL,ASO,ES,Combined TRACON& Tower with Radar,59,40,52,24,175,0,5,22,0,27,59,45,74,24,202,0,0,0,202
08/25/2020,PBI,FL,ASO,ES,Combined TRACON& Tower with Radar,49,55,69,16,189,0,2,25,2,29,49,57,94,18,218,0,0,0,218
08/26/2020,PBI,FL,ASO,ES,Combined TRACON& Tower with Radar,45,61,52,1,159,0,4,36,0,40,45,65,88,1,199,0,0,0,199
08/27/2020,PBI,FL,ASO,ES,Combined TRACON& Tower with Radar,65,55,40,0,160,0,10,37,0,47,65,65,77,0,207,0,0,0,207
08/28/2020,PBI,FL,ASO,ES,Combined TRACON& Tower with Radar,63,60,75,1,199,0,3,41,0,44,63,63,116,1,243,0,0,0,243
08/29/2020,PBI,FL,ASO,ES,Combined TRACON& Tower with Radar,55,39,43,0,137,0,1,24,0,25,55,40,67,0,162,0,0,0,162
08/30/2020,PBI,FL,ASO,ES,Combined TRACON& Tower with Radar,58,45,64,0,167,0,1,17,0,18,58,46,81,0,185,0,0,0,185
08/31/2020,PBI,FL,ASO,ES,Combined TRACON& Tower with Radar,58,38,61,0,157,0,4,35,0,39,58,42,96,0,196,0,0,0,196
09/01/2020,PBI,FL,ASO,ES,Combined TRACON& Tower with Radar,49,71,63,2,185,0,3,62,0,65,49,74,125,2,250,0,0,0,250
09/02/2020,PBI,FL,ASO,ES,Combined TRACON& Tower with Radar,45,45,44,0,134,0,1,52,0,53,45,46,96,0,187,0,0,0,187
09/03/2020,PBI,FL,ASO,ES,Combined TRACON& Tower with Radar,69,63,59,3,194,0,2,43,1,46,69,65,102,4,240,0,0,0,240
09/04/2020,PBI,FL,ASO,ES,Combined TRACON& Tower with Radar,60,59,79,0,198,0,2,25,6,33,60,61,104,6,231,0,0,0,231
09/05/2020,PBI,FL,ASO,ES,Combined TRACON& Tower with Radar,54,42,45,0,141,0,0,23,2,25,54,42,68,2,166,0,0,0,166
09/06/2020,PBI,FL,ASO,ES,Combined TRACON& Tower with Radar,53,37,36,3,129,0,2,19,1,22,53,39,55,4,151,0,0,0,151
09/07/2020,PBI,FL,ASO,ES,Combined TRACON& Tower with Radar,51,62,74,2,189,0,1,17,0,18,51,63,91,2,207,0,0,0,207
09/08/2020,PBI,FL,ASO,ES,Combined TRACON& Tower with Radar,49,54,50,4,157,0,0,26,4,30,49,54,76,8,187,0,0,0,187
09/09/2020,PBI,FL,ASO,ES,Combined TRACON& Tower with Radar,44,61,76,2,183,0,2,41,5,48,44,63,117,7,231,0,0,0,231
09/10/2020,PBI,FL,ASO,ES,Combined TRACON& Tower with Radar,59,61,78,0,198,0,1,32,1,34,59,62,110,1,232,0,0,0,232
09/11/2020,PBI,FL,ASO,ES,Combined TRACON& Tower with Radar,51,67,80,0,198,0,4,37,2,43,51,71,117,2,241,0,0,0,241
09/12/2020,PBI,FL,ASO,ES,Combined TRACON& Tower with Radar,45,60,51,0,156,0,0,9,0,9,45,60,60,0,165,0,0,0,165
09/13/2020,PBI,FL,ASO,ES,Combined TRACON& Tower with Radar,50,74,62,0,186,0,2,15,0,17,50,76,77,0,203,0,0,0,203
09/14/2020,PBI,FL,ASO,ES,Combined TRACON& Tower with Radar,44,50,56,0,150,0,4,38,0,42,44,54,94,0,192,0,0,0,192
09/15/2020,PBI,FL,ASO,ES,Combined TRACON& Tower with Radar,46,62,50,2,160,0,3,63,0,66,46,65,113,2,226,0,0,0,226
09/16/2020,PBI,FL,ASO,ES,Combined TRACON& Tower with Radar,42,66,74,0,182,0,2,58,2,62,42,68,132,2,244,0,0,0,244
09/17/2020,PBI,FL,ASO,ES,Combined TRACON& Tower with Radar,60,66,70,10,206,0,4,36,0,40,60,70,106,10,246,0,0,0,246
09/18/2020,PBI,FL,ASO,ES,Combined TRACON& Tower with Radar,51,64,95,2,212,0,0,35,0,35,51,64,130,2,247,0,0,0,247
09/19/2020,PBI,FL,ASO,ES,Combined TRACON& Tower with Radar,43,47,42,0,132,0,2,32,0,34,43,49,74,0,166,0,0,0,166
09/20/2020,PBI,FL,ASO,ES,Combined TRACON& Tower with Radar,50,53,74,0,177,0,6,32,0,38,50,59,106,0,215,0,0,0,215
09/21/2020,PBI,FL,ASO,ES,Combined TRACON& Tower with Radar,43,55,63,3,164,0,1,3,0,4,43,56,66,3,168,0,0,0,168
09/22/2020,PBI,FL,ASO,ES,Combined TRACON& Tower with Radar,46,48,48,0,142,0,5,50,0,55,46,53,98,0,197,0,0,0,197
09/23/2020,PBI,FL,ASO,ES,Combined TRACON& Tower with Radar,45,62,63,2,172,0,2,46,3,51,45,64,109,5,223,0,0,0,223
09/24/2020,PBI,FL,ASO,ES,Combined TRACON& Tower with Radar,61,66,81,0,208,1,0,26,0,27,62,66,107,0,235,0,0,0,235
09/25/2020,PBI,FL,ASO,ES,Combined TRACON& Tower with Radar,56,74,58,2,190,0,1,20,2,23,56,75,78,4,213,0,0,0,213
09/26/2020,PBI,FL,ASO,ES,Combined TRACON& Tower with Radar,53,55,51,0,159,0,8,32,0,40,53,63,83,0,199,0,0,0,199
09/27/2020,PBI,FL,ASO,ES,Combined TRACON& Tower with Radar,53,42,53,0,148,0,3,19,0,22,53,45,72,0,170,0,0,0,170
09/28/2020,PBI,FL,ASO,ES,Combined TRACON& Tower with Radar,42,61,53,5,161,0,1,22,2,25,42,62,75,7,186,0,0,0,186
09/29/2020,PBI,FL,ASO,ES,Combined TRACON& Tower with Radar,48,53,76,4,181,0,9,33,0,42,48,62,109,4,223,0,0,0,223
09/30/2020,PBI,FL,ASO,ES,Combined TRACON& Tower with Radar,47,77,79,0,203,0,0,34,5,39,47,77,113,5,242,0,0,0,242
10/01/2020,PBI,FL,ASO,ES,Combined TRACON& Tower with Radar,82,83,71,0,236,0,1,19,0,20,82,84,90,0,256,0,0,0,256
10/02/2020,PBI,FL,ASO,ES,Combined TRACON& Tower with Radar,66,77,68,0,211,0,1,20,0,21,66,78,88,0,232,0,0,0,232
10/03/2020,PBI,FL,ASO,ES,Combined TRACON& Tower with Radar,53,57,45,1,156,0,0,15,3,18,53,57,60,4,174,0,0,0,174
10/04/2020,PBI,FL,ASO,ES,Combined TRACON& Tower with Radar,68,68,100,0,236,0,1,31,0,32,68,69,131,0,268,0,0,0,268
10/05/2020,PBI,FL,ASO,ES,Combined TRACON& Tower with Radar,65,74,75,0,214,0,0,25,0,25,65,74,100,0,239,0,0,0,239
10/06/2020,PBI,FL,ASO,ES,Combined TRACON& Tower with Radar,57,53,77,0,187,0,2,50,1,53,57,55,127,1,240,0,0,0,240
10/07/2020,PBI,FL,ASO,ES,Combined TRACON& Tower with Radar,56,70,69,0,195,0,4,67,2,73,56,74,136,2,268,0,0,0,268
10/08/2020,PBI,FL,ASO,ES,Combined TRACON& Tower with Radar,90,75,103,4,272,0,5,54,1,60,90,80,157,5,332,0,0,0,332
10/09/2020,PBI,FL,ASO,ES,Combined TRACON& Tower with Radar,76,85,95,2,258,0,2,43,0,45,76,87,138,2,303,0,0,0,303
10/10/2020,PBI,FL,ASO,ES,Combined TRACON& Tower with Radar,62,67,74,1,204,0,0,30,0,30,62,67,104,1,234,0,0,0,234
10/11/2020,PBI,FL,ASO,ES,Combined TRACON& Tower with Radar,72,59,59,0,190,0,2,23,0,25,72,61,82,0,215,0,0,0,215
10/12/2020,PBI,FL,ASO,ES,Combined TRACON& Tower with Radar,77,85,92,0,254,0,0,33,0,33,77,85,125,0,287,0,0,0,287
10/13/2020,PBI,FL,ASO,ES,Combined TRACON& Tower with Radar,58,94,87,1,240,0,2,53,0,55,58,96,140,1,295,0,0,0,295
10/14/2020,PBI,FL,ASO,ES,Combined TRACON& Tower with Radar,58,110,105,0,273,0,13,49,5,67,58,123,154,5,340,0,0,0,340
10/15/2020,PBI,FL,ASO,ES,Combined TRACON& Tower with Radar,86,122,133,0,341,0,2,48,4,54,86,124,181,4,395,0,0,0,395
10/16/2020,PBI,FL,ASO,ES,Combined TRACON& Tower with Radar,85,113,85,0,283,0,4,31,0,35,85,117,116,0,318,0,0,0,318
10/17/2020,PBI,FL,ASO,ES,Combined TRACON& Tower with Radar,65,85,90,0,240,0,5,31,0,36,65,90,121,0,276,0,0,0,276
10/18/2020,PBI,FL,ASO,ES,Combined TRACON& Tower with Radar,80,96,103,0,279,0,3,19,4,26,80,99,122,4,305,0,0,0,305
10/19/2020,PBI,FL,ASO,ES,Combined TRACON& Tower with Radar,82,89,112,0,283,0,2,26,0,28,82,91,138,0,311,0,0,0,311
10/20/2020,PBI,FL,ASO,ES,Combined TRACON& Tower with Radar,61,91,102,6,260,0,2,29,2,33,61,93,131,8,293,0,0,0,293
10/21/2020,PBI,FL,ASO,ES,Combined TRACON& Tower with Radar,60,103,111,4,278,0,0,11,1,12,60,103,122,5,290,0,0,0,290
10/22/2020,PBI,FL,ASO,ES,Combined TRACON& Tower with Radar,87,107,135,7,336,0,0,18,0,18,87,107,153,7,354,0,0,0,354
10/23/2020,PBI,FL,ASO,ES,Combined TRACON& Tower with Radar,76,97,99,2,274,0,4,44,1,49,76,101,143,3,323,0,0,0,323
10/24/2020,PBI,FL,ASO,ES,Combined TRACON& Tower with Radar,70,44,56,8,178,0,0,15,2,17,70,44,71,10,195,0,0,0,195
10/25/2020,PBI,FL,ASO,ES,Combined TRACON& Tower with Radar,79,90,116,2,287,0,1,19,0,20,79,91,135,2,307,0,0,0,307
10/26/2020,PBI,FL,ASO,ES,Combined TRACON& Tower with Radar,75,81,91,2,249,0,3,32,1,36,75,84,123,3,285,0,0,0,285
10/27/2020,PBI,FL,ASO,ES,Combined TRACON& Tower with Radar,60,102,93,6,261,0,8,29,4,41,60,110,122,10,302,0,0,0,302
10/28/2020,PBI,FL,ASO,ES,Combined TRACON& Tower with Radar,58,134,112,0,304,0,5,37,4,46,58,139,149,4,350,0,0,0,350
10/29/2020,PBI,FL,ASO,ES,Combined TRACON& Tower with Radar,90,145,112,2,349,0,5,49,0,54,90,150,161,2,403,0,0,0,403
10/30/2020,PBI,FL,ASO,ES,Combined TRACON& Tower with Radar,75,110,141,4,330,0,1,43,0,44,75,111,184,4,374,0,0,0,374
10/31/2020,PBI,FL,ASO,ES,Combined TRACON& Tower with Radar,57,101,85,0,243,0,2,30,0,32,57,103,115,0,275,0,0,0,275
11/01/2020,PBI,FL,ASO,ES,Combined TRACON& Tower with Radar,84,128,142,0,354,0,2,25,0,27,84,130,167,0,381,0,0,0,381
11/02/2020,PBI,FL,ASO,ES,Combined TRACON& Tower with Radar,75,110,87,1,273,0,3,32,0,35,75,113,119,1,308,0,0,0,308
11/03/2020,PBI,FL,ASO,ES,Combined TRACON& Tower with Radar,56,92,74,1,223,0,2,41,0,43,56,94,115,1,266,0,0,0,266
11/04/2020,PBI,FL,ASO,ES,Combined TRACON& Tower with Radar,54,117,106,0,277,0,2,35,0,37,54,119,141,0,314,0,0,0,314
11/05/2020,PBI,FL,ASO,ES,Combined TRACON& Tower with Radar,101,115,120,0,336,0,0,28,0,28,101,115,148,0,364,0,0,0,364
11/06/2020,PBI,FL,ASO,ES,Combined TRACON& Tower with Radar,87,101,115,0,303,0,2,39,0,41,87,103,154,0,344,0,0,0,344
11/07/2020,PBI,FL,ASO,ES,Combined TRACON& Tower with Radar,79,100,95,0,274,0,0,6,0,6,79,100,101,0,280,0,0,0,280
11/08/2020,PBI,FL,ASO,ES,Combined TRACON& Tower with Radar,98,75,76,0,249,0,0,1,0,1,98,75,77,0,250,0,0,0,250
11/09/2020,PBI,FL,ASO,ES,Combined TRACON& Tower with Radar,78,71,63,0,212,0,0,4,0,4,78,71,67,0,216,0,0,0,216
11/10/2020,PBI,FL,ASO,ES,Combined TRACON& Tower with Radar,71,112,92,0,275,0,0,34,0,34,71,112,126,0,309,0,0,0,309
11/11/2020,PBI,FL,ASO,ES,Combined TRACON& Tower with Radar,64,106,94,0,264,0,4,24,0,28,64,110,118,0,292,0,0,0,292
11/12/2020,PBI,FL,ASO,ES,Combined TRACON& Tower with Radar,103,103,124,0,330,0,2,37,0,39,103,105,161,0,369,0,0,0,369
11/13/2020,PBI,FL,ASO,ES,Combined TRACON& Tower with Radar,92,104,129,0,325,0,1,54,0,55,92,105,183,0,380,0,0,0,380
11/14/2020,PBI,FL,ASO,ES,Combined TRACON& Tower with Radar,79,87,111,0,277,0,1,49,0,50,79,88,160,0,327,0,0,0,327
11/15/2020,PBI,FL,ASO,ES,Combined TRACON& Tower with Radar,96,113,142,0,351,0,1,31,0,32,96,114,173,0,383,0,0,0,383
11/16/2020,PBI,FL,ASO,ES,Combined TRACON& Tower with Radar,87,127,126,1,341,0,8,33,1,42,87,135,159,2,383,0,0,0,383
11/17/2020,PBI,FL,ASO,ES,Combined TRACON& Tower with Radar,74,114,98,0,286,0,8,45,0,53,74,122,143,0,339,0,0,0,339
11/18/2020,PBI,FL,ASO,ES,Combined TRACON& Tower with Radar,76,125,123,0,324,0,3,58,0,61,76,128,181,0,385,0,0,0,385
11/19/2020,PBI,FL,ASO,ES,Combined TRACON& Tower with Radar,118,140,140,0,398,0,3,40,0,43,118,143,180,0,441,0,0,0,441
11/20/2020,PBI,FL,ASO,ES,Combined TRACON& Tower with Radar,119,120,152,1,392,0,2,36,0,38,119,122,188,1,430,0,0,0,430
11/21/2020,PBI,FL,ASO,ES,Combined TRACON& Tower with Radar,119,137,178,1,435,0,2,24,0,26,119,139,202,1,461,0,0,0,461
11/22/2020,PBI,FL,ASO,ES,Combined TRACON& Tower with Radar,115,152,162,1,430,0,1,28,0,29,115,153,190,1,459,0,0,0,459
11/23/2020,PBI,FL,ASO,ES,Combined TRACON& Tower with Radar,113,123,139,2,377,0,2,28,0,30,113,125,167,2,407,0,0,0,407
11/24/2020,PBI,FL,ASO,ES,Combined TRACON& Tower with Radar,122,154,174,2,452,0,7,46,0,53,122,161,220,2,505,0,0,0,505
11/25/2020,PBI,FL,ASO,ES,Combined TRACON& Tower with Radar,122,115,143,1,381,0,8,52,0,60,122,123,195,1,441,0,0,0,441
11/26/2020,PBI,FL,ASO,ES,Combined TRACON& Tower with Radar,42,59,41,0,142,0,2,27,0,29,42,61,68,0,171,0,0,0,171
11/27/2020,PBI,FL,ASO,ES,Combined TRACON& Tower with Radar,106,92,83,0,281,0,6,26,0,32,106,98,109,0,313,0,0,0,313
11/28/2020,PBI,FL,ASO,ES,Combined TRACON& Tower with Radar,140,116,116,0,372,0,5,27,0,32,140,121,143,0,404,0,0,0,404
11/29/2020,PBI,FL,ASO,ES,Combined TRACON& Tower with Radar,133,199,253,0,585,0,2,41,0,43,133,201,294,0,628,0,0,0,628
11/30/2020,PBI,FL,ASO,ES,Combined TRACON& Tower with Radar,124,118,127,0,369,0,3,31,0,34,124,121,158,0,403,0,0,0,403
12/01/2020,PBI,FL,ASO,ES,Combined TRACON& Tower with Radar,107,148,123,10,388,0,15,34,1,50,107,163,157,11,438,0,0,0,438
12/02/2020,PBI,FL,ASO,ES,Combined TRACON& Tower with Radar,80,135,122,0,337,0,9,51,1,61,80,144,173,1,398,0,0,0,398
12/03/2020,PBI,FL,ASO,ES,Combined TRACON& Tower with Radar,111,112,125,0,348,0,2,50,0,52,111,114,175,0,400,0,0,0,400
12/04/2020,PBI,FL,ASO,ES,Combined TRACON& Tower with Radar,99,126,100,0,325,0,10,49,0,59,99,136,149,0,384,0,0,0,384
12/05/2020,PBI,FL,ASO,ES,Combined TRACON& Tower with Radar,77,102,98,0,277,0,5,39,0,44,77,107,137,0,321,0,0,0,321
12/06/2020,PBI,FL,ASO,ES,Combined TRACON& Tower with Radar,98,129,149,0,376,0,4,40,0,44,98,133,189,0,420,0,0,0,420
12/07/2020,PBI,FL,ASO,ES,Combined TRACON& Tower with Radar,93,110,117,2,322,0,3,30,2,35,93,113,147,4,357,0,0,0,357
12/08/2020,PBI,FL,ASO,ES,Combined TRACON& Tower with Radar,73,96,131,0,300,0,2,64,0,66,73,98,195,0,366,0,0,0,366
12/09/2020,PBI,FL,ASO,ES,Combined TRACON& Tower with Radar,70,112,140,2,324,0,4,49,0,53,70,116,189,2,377,0,0,0,377
12/10/2020,PBI,FL,ASO,ES,Combined TRACON& Tower with Radar,107,134,138,0,379,0,4,55,0,59,107,138,193,0,438,0,0,0,438
12/11/2020,PBI,FL,ASO,ES,Combined TRACON& Tower with Radar,95,139,126,1,361,0,2,50,0,52,95,141,176,1,413,0,0,0,413
12/12/2020,PBI,FL,ASO,ES,Combined TRACON& Tower with Radar,73,114,98,3,288,0,3,33,0,36,73,117,131,3,324,0,0,0,324
12/13/2020,PBI,FL,ASO,ES,Combined TRACON& Tower with Radar,99,145,166,4,414,0,5,28,0,33,99,150,194,4,447,0,0,0,447
12/14/2020,PBI,FL,ASO,ES,Combined TRACON& Tower with Radar,93,129,117,11,350,0,9,43,0,52,93,138,160,11,402,0,0,0,402
12/15/2020,PBI,FL,ASO,ES,Combined TRACON& Tower with Radar,77,135,150,0,362,0,5,32,0,37,77,140,182,0,399,0,0,0,399
12/16/2020,PBI,FL,ASO,ES,Combined TRACON& Tower with Radar,71,119,137,0,327,0,6,45,0,51,71,125,182,0,378,0,0,0,378
12/17/2020,PBI,FL,ASO,ES,Combined TRACON& Tower with Radar,123,138,152,0,413,0,4,35,0,39,123,142,187,0,452,0,0,0,452
12/18/2020,PBI,FL,ASO,ES,Combined TRACON& Tower with Radar,148,169,210,0,527,1,8,66,1,76,149,177,276,1,603,0,0,0,603
12/19/2020,PBI,FL,ASO,ES,Combined TRACON& Tower with Radar,159,169,165,0,493,0,4,49,0,53,159,173,214,0,546,0,0,0,546
12/20/2020,PBI,FL,ASO,ES,Combined TRACON& Tower with Radar,149,174,196,0,519,0,1,34,0,35,149,175,230,0,554,0,0,0,554
12/21/2020,PBI,FL,ASO,ES,Combined TRACON& Tower with Radar,136,132,153,4,425,0,0,35,2,37,136,132,188,6,462,0,0,0,462
12/22/2020,PBI,FL,ASO,ES,Combined TRACON& Tower with Radar,152,129,155,5,441,0,1,68,9,78,152,130,223,14,519,0,0,0,519
12/23/2020,PBI,FL,ASO,ES,Combined TRACON& Tower with Radar,164,102,108,4,378,0,0,27,2,29,164,102,135,6,407,0,0,0,407
12/24/2020,PBI,FL,ASO,ES,Combined TRACON& Tower with Radar,114,22,22,2,160,0,3,0,0,3,114,25,22,2,163,0,0,0,163
12/25/2020,PBI,FL,ASO,ES,Combined TRACON& Tower with Radar,85,22,12,1,120,0,4,8,1,13,85,26,20,2,133,0,0,0,133
12/26/2020,PBI,FL,ASO,ES,Combined TRACON& Tower with Radar,153,28,54,0,235,0,2,7,0,9,153,30,61,0,244,0,0,0,244
12/27/2020,PBI,FL,ASO,ES,Combined TRACON& Tower with Radar,153,29,41,1,224,0,1,6,0,7,153,30,47,1,231,0,0,0,231
12/28/2020,PBI,FL,ASO,ES,Combined TRACON& Tower with Radar,139,32,26,2,199,0,5,5,3,13,139,37,31,5,212,0,0,0,212
12/29/2020,PBI,FL,ASO,ES,Combined TRACON& Tower with Radar,147,34,20,0,201,0,1,7,0,8,147,35,27,0,209,0,0,0,209
12/30/2020,PBI,FL,ASO,ES,Combined TRACON& Tower with Radar,153,31,21,0,205,0,2,15,2,19,153,33,36,2,224,0,0,0,224
12/31/2020,PBI,FL,ASO,ES,Combined TRACON& Tower with Radar,119,52,34,2,207,0,1,18,2,21,119,53,52,4,228,0,0,0,228
01/01/2021,PBI,FL,ASO,ES,Combined TRACON& Tower with Radar,115,98,73,7,293,0,3,24,1,28,115,101,97,8,321,0,0,0,321
01/02/2021,PBI,FL,ASO,ES,Combined TRACON& Tower with Radar,160,176,203,1,540,0,3,33,0,36,160,179,236,1,576,0,0,0,576
01/03/2021,PBI,FL,ASO,ES,Combined TRACON& Tower with Radar,156,193,233,0,582,0,8,46,0,54,156,201,279,0,636,0,0,0,636
01/04/2021,PBI,FL,ASO,ES,Combined TRACON& Tower with Radar,143,159,172,0,474,0,1,47,0,48,143,160,219,0,522,0,0,0,522
01/05/2021,PBI,FL,ASO,ES,Combined TRACON& Tower with Radar,104,162,168,0,434,0,2,35,0,37,104,164,203,0,471,0,0,0,471
01/06/2021,PBI,FL,ASO,ES,Combined TRACON& Tower with Radar,105,145,174,0,424,0,4,39,0,43,105,149,213,0,467,0,0,0,467
01/07/2021,PBI,FL,ASO,ES,Combined TRACON& Tower with Radar,115,147,127,0,389,0,5,39,0,44,115,152,166,0,433,0,0,0,433
01/08/2021,PBI,FL,ASO,ES,Combined TRACON& Tower with Radar,117,133,139,0,389,0,3,36,0,39,117,136,175,0,428,0,0,0,428
01/09/2021,PBI,FL,ASO,ES,Combined TRACON& Tower with Radar,98,130,120,0,348,0,6,31,0,37,98,136,151,0,385,0,0,0,385
01/10/2021,PBI,FL,ASO,ES,Combined TRACON& Tower with Radar,113,152,172,0,437,0,2,35,0,37,113,154,207,0,474,0,0,0,474
01/11/2021,PBI,FL,ASO,ES,Combined TRACON& Tower with Radar,107,103,132,0,342,0,2,29,0,31,107,105,161,0,373,0,0,0,373
01/12/2021,PBI,FL,ASO,ES,Combined TRACON& Tower with Radar,93,127,132,0,352,0,5,45,0,50,93,132,177,0,402,0,0,0,402
01/13/2021,PBI,FL,ASO,ES,Combined TRACON& Tower with Radar,97,148,141,0,386,0,0,22,0,22,97,148,163,0,408,0,0,0,408
01/14/2021,PBI,FL,ASO,ES,Combined TRACON& Tower with Radar,112,175,190,0,477,0,3,49,0,52,112,178,239,0,529,0,0,0,529
01/15/2021,PBI,FL,ASO,ES,Combined TRACON& Tower with Radar,121,138,187,2,448,0,4,42,0,46,121,142,229,2,494,0,0,0,494
01/16/2021,PBI,FL,ASO,ES,Combined TRACON& Tower with Radar,96,99,130,0,325,0,4,37,1,42,96,103,167,1,367,0,0,0,367
01/17/2021,PBI,FL,ASO,ES,Combined TRACON& Tower with Radar,112,144,162,2,420,0,1,36,0,37,112,145,198,2,457,0,0,0,457
01/18/2021,PBI,FL,ASO,ES,Combined TRACON& Tower with Radar,107,166,192,1,466,0,6,44,1,51,107,172,236,2,517,0,0,0,517
01/19/2021,PBI,FL,ASO,ES,Combined TRACON& Tower with Radar,98,114,131,4,347,0,7,35,0,42,98,121,166,4,389,0,0,0,389
01/20/2021,PBI,FL,ASO,ES,Combined TRACON& Tower with Radar,94,139,97,5,335,0,9,17,1,27,94,148,114,6,362,0,0,0,362
01/21/2021,PBI,FL,ASO,ES,Combined TRACON& Tower with Radar,112,152,155,3,422,0,4,46,2,52,112,156,201,5,474,0,0,0,474
01/22/2021,PBI,FL,ASO,ES,Combined TRACON& Tower with Radar,117,126,153,2,398,0,8,59,0,67,117,134,212,2,465,0,0,0,465
01/23/2021,PBI,FL,ASO,ES,Combined TRACON& Tower with Radar,97,117,85,2,301,0,1,29,0,30,97,118,114,2,331,0,0,0,331
01/24/2021,PBI,FL,ASO,ES,Combined TRACON& Tower with Radar,112,145,180,1,438,2,3,25,2,32,114,148,205,3,470,0,0,0,470
01/25/2021,PBI,FL,ASO,ES,Combined TRACON& Tower with Radar,106,116,147,3,372,0,3,48,2,53,106,119,195,5,425,0,0,0,425
01/26/2021,PBI,FL,ASO,ES,Combined TRACON& Tower with Radar,91,107,119,1,318,0,9,44,0,53,91,116,163,1,371,0,0,0,371
01/27/2021,PBI,FL,ASO,ES,Combined TRACON& Tower with Radar,92,122,170,0,384,0,5,53,0,58,92,127,223,0,442,0,0,0,442
01/28/2021,PBI,FL,ASO,ES,Combined TRACON& Tower with Radar,119,163,142,0,424,0,2,35,0,37,119,165,177,0,461,0,0,0,461
01/29/2021,PBI,FL,ASO,ES,Combined TRACON& Tower with Radar,119,173,153,0,445,0,6,38,0,44,119,179,191,0,489,0,0,0,489
01/30/2021,PBI,FL,ASO,ES,Combined TRACON& Tower with Radar,97,137,122,0,356,0,1,46,0,47,97,138,168,0,403,0,0,0,403
01/31/2021,PBI,FL,ASO,ES,Combined TRACON& Tower with Radar,97,172,226,0,495,2,3,33,1,39,99,175,259,1,534,0,0,0,534
02/01/2021,PBI,FL,ASO,ES,Combined TRACON& Tower with Radar,79,85,106,0,270,0,1,30,2,33,79,86,136,2,303,0,0,0,303
02/02/2021,PBI,FL,ASO,ES,Combined TRACON& Tower with Radar,90,105,127,0,322,0,1,34,0,35,90,106,161,0,357,0,0,0,357
02/03/2021,PBI,FL,ASO,ES,Combined TRACON& Tower with Radar,95,146,183,2,426,0,8,55,2,65,95,154,238,4,491,0,0,0,491
02/04/2021,PBI,FL,ASO,ES,Combined TRACON& Tower with Radar,109,146,162,0,417,0,3,47,0,50,109,149,209,0,467,0,0,0,467
02/05/2021,PBI,FL,ASO,ES,Combined TRACON& Tower with Radar,116,155,139,0,410,0,8,56,0,64,116,163,195,0,474,0,0,0,474
02/06/2021,PBI,FL,ASO,ES,Combined TRACON& Tower with Radar,97,157,140,0,394,0,5,14,0,19,97,162,154,0,413,0,0,0,413
02/07/2021,PBI,FL,ASO,ES,Combined TRACON& Tower with Radar,104,131,152,0,387,0,5,26,0,31,104,136,178,0,418,0,0,0,418
02/08/2021,PBI,FL,ASO,ES,Combined TRACON& Tower with Radar,106,143,177,0,426,0,1,34,0,35,106,144,211,0,461,0,0,0,461
02/09/2021,PBI,FL,ASO,ES,Combined TRACON& Tower with Radar,91,130,116,0,337,0,9,46,0,55,91,139,162,0,392,0,0,0,392
02/10/2021,PBI,FL,ASO,ES,Combined TRACON& Tower with Radar,95,142,228,6,471,0,4,41,0,45,95,146,269,6,516,0,0,0,516
02/11/2021,PBI,FL,ASO,ES,Combined TRACON& Tower with Radar,135,206,205,6,552,0,2,64,0,66,135,208,269,6,618,0,0,0,618
02/12/2021,PBI,FL,ASO,ES,Combined TRACON& Tower with Radar,133,184,217,1,535,0,6,46,2,54,133,190,263,3,589,0,0,0,589
02/13/2021,PBI,FL,ASO,ES,Combined TRACON& Tower with Radar,113,146,146,0,405,0,2,37,9,48,113,148,183,9,453,0,0,0,453
02/14/2021,PBI,FL,ASO,ES,Combined TRACON& Tower with Radar,122,154,171,0,447,0,3,37,0,40,122,157,208,0,487,0,0,0,487
02/15/2021,PBI,FL,ASO,ES,Combined TRACON& Tower with Radar,112,162,212,0,486,0,2,58,0,60,112,164,270,0,546,0,0,0,546
02/16/2021,PBI,FL,ASO,ES,Combined TRACON& Tower with Radar,100,158,180,0,438,0,1,22,0,23,100,159,202,0,461,0,0,0,461
02/17/2021,PBI,FL,ASO,ES,Combined TRACON& Tower with Radar,102,201,207,1,511,0,4,52,3,59,102,205,259,4,570,0,0,0,570
02/18/2021,PBI,FL,ASO,ES,Combined TRACON& Tower with Radar,112,166,146,2,426,0,8,57,0,65,112,174,203,2,491,0,0,0,491
02/19/2021,PBI,FL,ASO,ES,Combined TRACON& Tower with Radar,128,161,161,1,451,0,10,45,0,55,128,171,206,1,506,0,0,0,506
02/20/2021,PBI,FL,ASO,ES,Combined TRACON& Tower with Radar,115,143,154,2,414,0,2,40,0,42,115,145,194,2,456,0,0,0,456
02/21/2021,PBI,FL,ASO,ES,Combined TRACON& Tower with Radar,130,206,239,3,578,0,5,26,0,31,130,211,265,3,609,0,0,0,609
02/22/2021,PBI,FL,ASO,ES,Combined TRACON& Tower with Radar,123,138,139,2,402,0,1,29,0,30,123,139,168,2,432,0,0,0,432
02/23/2021,PBI,FL,ASO,ES,Combined TRACON& Tower with Radar,109,122,148,0,379,0,9,37,0,46,109,131,185,0,425,0,0,0,425
02/24/2021,PBI,FL,ASO,ES,Combined TRACON& Tower with Radar,105,166,173,0,444,0,10,43,0,53,105,176,216,0,497,0,0,0,497
02/25/2021,PBI,FL,ASO,ES,Combined TRACON& Tower with Radar,137,178,206,0,521,0,7,36,0,43,137,185,242,0,564,0,0,0,564
02/26/2021,PBI,FL,ASO,ES,Combined TRACON& Tower with Radar,134,178,179,1,492,0,2,54,3,59,134,180,233,4,551,0,0,0,551
02/27/2021,PBI,FL,ASO,ES,Combined TRACON& Tower with Radar,110,138,127,0,375,0,3,36,0,39,110,141,163,0,414,0,0,0,414
02/28/2021,PBI,FL,ASO,ES,Combined TRACON& Tower with Radar,128,216,248,0,592,0,1,52,0,53,128,217,300,0,645,0,0,0,645
03/01/2021,PBI,FL,ASO,ES,Combined TRACON& Tower with Radar,127,159,176,0,462,0,3,53,2,58,127,162,229,2,520,0,0,0,520
03/02/2021,PBI,FL,ASO,ES,Combined TRACON& Tower with Radar,119,147,117,2,385,0,1,46,0,47,119,148,163,2,432,0,0,0,432
03/03/2021,PBI,FL,ASO,ES,Combined TRACON& Tower with Radar,116,141,142,2,401,0,11,41,0,52,116,152,183,2,453,0,0,0,453
03/04/2021,PBI,FL,ASO,ES,Combined TRACON& Tower with Radar,153,192,200,5,550,0,9,66,8,83,153,201,266,13,633,0,0,0,633
03/05/2021,PBI,FL,ASO,ES,Combined TRACON& Tower with Radar,147,172,188,3,510,0,8,62,0,70,147,180,250,3,580,0,0,0,580
03/06/2021,PBI,FL,ASO,ES,Combined TRACON& Tower with Radar,135,128,101,2,366,0,11,33,3,47,135,139,134,5,413,0,0,0,413
03/07/2021,PBI,FL,ASO,ES,Combined TRACON& Tower with Radar,151,176,215,2,544,0,9,37,0,46,151,185,252,2,590,0,0,0,590
03/08/2021,PBI,FL,ASO,ES,Combined TRACON& Tower with Radar,150,150,144,0,444,0,2,39,0,41,150,152,183,0,485,0,0,0,485
03/09/2021,PBI,FL,ASO,ES,Combined TRACON& Tower with Radar,131,142,172,0,445,0,5,49,0,54,131,147,221,0,499,16,0,16,515
03/10/2021,PBI,FL,ASO,ES,Combined TRACON& Tower with Radar,137,165,162,0,464,0,1,55,0,56,137,166,217,0,520,0,0,0,520
03/11/2021,PBI,FL,ASO,ES,Combined TRACON& Tower with Radar,171,173,224,2,570,0,7,60,0,67,171,180,284,2,637,0,0,0,637
03/12/2021,PBI,FL,ASO,ES,Combined TRACON& Tower with Radar,168,216,224,1,609,0,4,40,0,44,168,220,264,1,653,0,0,0,653
03/13/2021,PBI,FL,ASO,ES,Combined TRACON& Tower with Radar,148,162,181,0,491,0,9,38,0,47,148,171,219,0,538,0,0,0,538
03/14/2021,PBI,FL,ASO,ES,Combined TRACON& Tower with Radar,157,190,222,1,570,0,2,36,0,38,157,192,258,1,608,0,0,0,608
03/15/2021,PBI,FL,ASO,ES,Combined TRACON& Tower with Radar,156,171,169,1,497,0,9,43,0,52,156,180,212,1,549,0,0,0,549
03/16/2021,PBI,FL,ASO,ES,Combined TRACON& Tower with Radar,140,158,137,11,446,0,2,58,0,60,140,160,195,11,506,0,0,0,506
03/17/2021,PBI,FL,ASO,ES,Combined TRACON& Tower with Radar,144,190,189,2,525,0,1,63,1,65,144,191,252,3,590,0,0,0,590
03/18/2021,PBI,FL,ASO,ES,Combined TRACON& Tower with Radar,167,192,203,2,564,0,7,56,0,63,167,199,259,2,627,0,0,0,627
03/19/2021,PBI,FL,ASO,ES,Combined TRACON& Tower with Radar,169,211,222,2,604,0,4,55,0,59,169,215,277,2,663,0,0,0,663
03/20/2021,PBI,FL,ASO,ES,Combined TRACON& Tower with Radar,148,200,183,0,531,0,2,45,0,47,148,202,228,0,578,0,0,0,578
03/21/2021,PBI,FL,ASO,ES,Combined TRACON& Tower with Radar,158,224,262,1,645,0,7,39,0,46,158,231,301,1,691,0,0,0,691
03/22/2021,PBI,FL,ASO,ES,Combined TRACON& Tower with Radar,158,179,179,0,516,1,11,59,0,71,159,190,238,0,587,0,0,0,587
03/23/2021,PBI,FL,ASO,ES,Combined TRACON& Tower with Radar,143,158,167,0,468,0,15,65,0,80,143,173,232,0,548,0,0,0,548
03/24/2021,PBI,FL,ASO,ES,Combined TRACON& Tower with Radar,146,179,183,3,511,0,13,56,3,72,146,192,239,6,583,0,0,0,583
03/25/2021,PBI,FL,ASO,ES,Combined TRACON& Tower with Radar,163,237,257,0,657,0,7,79,1,87,163,244,336,1,744,0,0,0,744
03/26/2021,PBI,FL,ASO,ES,Combined TRACON& Tower with Radar,170,196,289,0,655,0,6,67,0,73,170,202,356,0,728,0,0,0,728
03/27/2021,PBI,FL,ASO,ES,Combined TRACON& Tower with Radar,153,212,247,0,612,0,7,62,0,69,153,219,309,0,681,0,0,0,681
03/28/2021,PBI,FL,ASO,ES,Combined TRACON& Tower with Radar,160,218,273,2,653,0,4,65,0,69,160,222,338,2,722,0,0,0,722
03/29/2021,PBI,FL,ASO,ES,Combined TRACON& Tower with Radar,169,156,204,0,529,0,8,42,0,50,169,164,246,0,579,0,0,0,579
03/30/2021,PBI,FL,ASO,ES,Combined TRACON& Tower with Radar,147,185,135,0,467,0,3,39,0,42,147,188,174,0,509,0,0,0,509
03/31/2021,PBI,FL,ASO,ES,Combined TRACON& Tower with Radar,150,171,195,4,520,0,5,52,0,57,150,176,247,4,577,0,0,0,577
04/01/2021,PBI,FL,ASO,ES,Combined TRACON& Tower with Radar,168,203,239,0,610,0,2,44,0,46,168,205,283,0,656,0,0,0,656
04/02/2021,PBI,FL,ASO,ES,Combined TRACON& Tower with Radar,165,195,167,0,527,0,2,38,1,41,165,197,205,1,568,0,0,0,568
04/03/2021,PBI,FL,ASO,ES,Combined TRACON& Tower with Radar,154,187,172,0,513,0,3,40,0,43,154,190,212,0,556,0,0,0,556
04/04/2021,PBI,FL,ASO,ES,Combined TRACON& Tower with Radar,161,186,209,0,556,0,4,36,0,40,161,190,245,0,596,0,0,0,596
04/05/2021,PBI,FL,ASO,ES,Combined TRACON& Tower with Radar,164,216,251,0,631,0,7,43,0,50,164,223,294,0,681,0,0,0,681
04/06/2021,PBI,FL,ASO,ES,Combined TRACON& Tower with Radar,152,177,188,0,517,0,3,70,0,73,152,180,258,0,590,0,0,0,590
04/07/2021,PBI,FL,ASO,ES,Combined TRACON& Tower with Radar,147,164,182,2,495,0,4,65,2,71,147,168,247,4,566,0,0,0,566
04/08/2021,PBI,FL,ASO,ES,Combined TRACON& Tower with Radar,165,191,208,2,566,1,4,70,3,78,166,195,278,5,644,0,0,0,644
04/09/2021,PBI,FL,ASO,ES,Combined TRACON& Tower with Radar,163,163,187,0,513,0,6,58,0,64,163,169,245,0,577,0,0,0,577
04/10/2021,PBI,FL,ASO,ES,Combined TRACON& Tower with Radar,154,149,158,0,461,0,6,57,0,63,154,155,215,0,524,0,0,0,524
04/11/2021,PBI,FL,ASO,ES,Combined TRACON& Tower with Radar,118,107,190,0,415,0,4,35,0,39,118,111,225,0,454,0,0,0,454
04/12/2021,PBI,FL,ASO,ES,Combined TRACON& Tower with Radar,142,190,208,3,543,0,3,42,0,45,142,193,250,3,588,6,0,6,594
04/13/2021,PBI,FL,ASO,ES,Combined TRACON& Tower with Radar,133,149,119,1,402,0,16,59,4,79,133,165,178,5,481,0,0,0,481
04/14/2021,PBI,FL,ASO,ES,Combined TRACON& Tower with Radar,133,159,183,1,476,0,3,51,2,56,133,162,234,3,532,0,0,0,532
04/15/2021,PBI,FL,ASO,ES,Combined TRACON& Tower with Radar,160,147,211,0,518,0,3,52,0,55,160,150,263,0,573,0,0,0,573
04/16/2021,PBI,FL,ASO,ES,Combined TRACON& Tower with Radar,157,157,147,0,461,0,0,53,2,55,157,157,200,2,516,0,0,0,516
04/17/2021,PBI,FL,ASO,ES,Combined TRACON& Tower with Radar,146,121,120,1,388,0,4,44,4,52,146,125,164,5,440,0,0,0,440
04/18/2021,PBI,FL,ASO,ES,Combined TRACON& Tower with Radar,151,182,216,1,550,2,1,68,0,71,153,183,284,1,621,0,0,0,621
04/19/2021,PBI,FL,ASO,ES,Combined TRACON& Tower with Radar,154,147,134,0,435,0,0,37,0,37,154,147,171,0,472,0,0,0,472
04/20/2021,PBI,FL,ASO,ES,Combined TRACON& Tower with Radar,135,149,144,4,432,0,3,38,0,41,135,152,182,4,473,0,0,0,473
04/21/2021,PBI,FL,ASO,ES,Combined TRACON& Tower with Radar,132,170,160,0,462,0,7,45,0,52,132,177,205,0,514,0,0,0,514
04/22/2021,PBI,FL,ASO,ES,Combined TRACON& Tower with Radar,159,169,183,0,511,0,5,67,0,72,159,174,250,0,583,0,0,0,583
04/23/2021,PBI,FL,ASO,ES,Combined TRACON& Tower with Radar,161,140,183,2,486,0,4,79,0,83,161,144,262,2,569,0,0,0,569
04/24/2021,PBI,FL,ASO,ES,Combined TRACON& Tower with Radar,140,127,119,0,386,0,2,31,0,33,140,129,150,0,419,0,0,0,419
04/25/2021,PBI,FL,ASO,ES,Combined TRACON& Tower with Radar,154,176,217,0,547,0,6,50,0,56,154,182,267,0,603,16,0,16,619
04/26/2021,PBI,FL,ASO,ES,Combined TRACON& Tower with Radar,150,149,168,0,467,0,9,45,0,54,150,158,213,0,521,0,0,0,521
04/27/2021,PBI,FL,ASO,ES,Combined TRACON& Tower with Radar,127,149,126,3,405,0,1,52,0,53,127,150,178,3,458,0,0,0,458
04/28/2021,PBI,FL,ASO,ES,Combined TRACON& Tower with Radar,128,148,155,0,431,0,7,78,0,85,128,155,233,0,516,0,0,0,516
04/29/2021,PBI,FL,ASO,ES,Combined TRACON& Tower with Radar,152,163,167,0,482,0,3,60,1,64,152,166,227,1,546,0,0,0,546
04/30/2021,PBI,FL,ASO,ES,Combined TRACON& Tower with Radar,154,154,193,1,502,0,5,50,1,56,154,159,243,2,558,0,0,0,558
05/01/2021,PBI,FL,ASO,ES,Combined TRACON& Tower with Radar,136,143,160,3,442,0,1,45,0,46,136,144,205,3,488,0,0,0,488
05/02/2021,PBI,FL,ASO,ES,Combined TRACON& Tower with Radar,141,164,204,5,514,0,8,47,0,55,141,172,251,5,569,0,0,0,569
05/03/2021,PBI,FL,ASO,ES,Combined TRACON& Tower with Radar,141,160,143,2,446,0,2,44,0,46,141,162,187,2,492,0,0,0,492
05/04/2021,PBI,FL,ASO,ES,Combined TRACON& Tower with Radar,119,158,141,2,420,0,10,62,0,72,119,168,203,2,492,0,0,0,492
05/05/2021,PBI,FL,ASO,ES,Combined TRACON& Tower with Radar,118,156,164,0,438,0,9,53,0,62,118,165,217,0,500,0,0,0,500
05/06/2021,PBI,FL,ASO,ES,Combined TRACON& Tower with Radar,130,168,145,0,443,0,1,46,2,49,130,169,191,2,492,0,0,0,492
05/07/2021,PBI,FL,ASO,ES,Combined TRACON& Tower with Radar,142,175,189,3,509,0,9,47,2,58,142,184,236,5,567,0,0,0,567
05/08/2021,PBI,FL,ASO,ES,Combined TRACON& Tower with Radar,119,140,116,0,375,0,1,40,1,42,119,141,156,1,417,0,0,0,417
05/09/2021,PBI,FL,ASO,ES,Combined TRACON& Tower with Radar,126,135,141,1,403,0,2,41,0,43,126,137,182,1,446,0,0,0,446
05/10/2021,PBI,FL,ASO,ES,Combined TRACON& Tower with Radar,130,144,168,0,442,0,13,55,0,68,130,157,223,0,510,0,0,0,510
05/11/2021,PBI,FL,ASO,ES,Combined TRACON& Tower with Radar,114,128,115,3,360,0,5,67,0,72,114,133,182,3,432,0,0,0,432
05/12/2021,PBI,FL,ASO,ES,Combined TRACON& Tower with Radar,124,138,133,0,395,0,4,49,2,55,124,142,182,2,450,0,0,0,450
05/13/2021,PBI,FL,ASO,ES,Combined TRACON& Tower with Radar,141,151,177,0,469,0,4,51,0,55,141,155,228,0,524,0,0,0,524
05/14/2021,PBI,FL,ASO,ES,Combined TRACON& Tower with Radar,130,167,158,0,455,0,4,57,2,63,130,171,215,2,518,0,0,0,518
05/15/2021,PBI,FL,ASO,ES,Combined TRACON& Tower with Radar,121,125,153,1,400,0,3,38,0,41,121,128,191,1,441,0,0,0,441
05/16/2021,PBI,FL,ASO,ES,Combined TRACON& Tower with Radar,125,137,201,1,464,0,5,49,0,54,125,142,250,1,518,0,0,0,518
05/17/2021,PBI,FL,ASO,ES,Combined TRACON& Tower with Radar,130,151,151,0,432,0,2,49,0,51,130,153,200,0,483,0,0,0,483
05/18/2021,PBI,FL,ASO,ES,Combined TRACON& Tower with Radar,117,127,138,1,383,0,4,60,3,67,117,131,198,4,450,0,0,0,450
05/19/2021,PBI,FL,ASO,ES,Combined TRACON& Tower with Radar,119,131,134,2,386,0,1,46,0,47,119,132,180,2,433,52,0,52,485
05/20/2021,PBI,FL,ASO,ES,Combined TRACON& Tower with Radar,126,128,179,2,435,0,4,63,1,68,126,132,242,3,503,0,0,0,503
05/21/2021,PBI,FL,ASO,ES,Combined TRACON& Tower with Radar,136,116,156,3,411,0,1,42,3,46,136,117,198,6,457,0,0,0,457
05/22/2021,PBI,FL,ASO,ES,Combined TRACON& Tower with Radar,120,109,94,1,324,0,6,40,0,46,120,115,134,1,370,0,0,0,370
05/23/2021,PBI,FL,ASO,ES,Combined TRACON& Tower with Radar,126,126,140,6,398,0,2,47,2,51,126,128,187,8,449,0,0,0,449
05/24/2021,PBI,FL,ASO,ES,Combined TRACON& Tower with Radar,126,110,140,0,376,0,7,44,2,53,126,117,184,2,429,0,0,0,429
05/25/2021,PBI,FL,ASO,ES,Combined TRACON& Tower with Radar,120,129,112,0,361,0,5,73,0,78,120,134,185,0,439,0,0,0,439
05/26/2021,PBI,FL,ASO,ES,Combined TRACON& Tower with Radar,120,141,185,0,446,0,10,68,2,80,120,151,253,2,526,0,0,0,526
05/27/2021,PBI,FL,ASO,ES,Combined TRACON& Tower with Radar,131,137,191,0,459,0,5,73,0,78,131,142,264,0,537,0,0,0,537
05/28/2021,PBI,FL,ASO,ES,Combined TRACON& Tower with Radar,131,142,180,0,453,0,6,58,0,64,131,148,238,0,517,0,0,0,517
05/29/2021,PBI,FL,ASO,ES,Combined TRACON& Tower with Radar,119,93,85,0,297,0,6,42,0,48,119,99,127,0,345,0,0,0,345
05/30/2021,PBI,FL,ASO,ES,Combined TRACON& Tower with Radar,116,89,87,0,292,0,5,21,0,26,116,94,108,0,318,0,0,0,318
05/31/2021,PBI,FL,ASO,ES,Combined TRACON& Tower with Radar,129,124,167,0,420,0,5,52,0,57,129,129,219,0,477,0,0,0,477
06/01/2021,PBI,FL,ASO,ES,Combined TRACON& Tower with Radar,119,121,172,2,414,0,0,37,0,37,119,121,209,2,451,0,0,0,451
06/02/2021,PBI,FL,ASO,ES,Combined TRACON& Tower with Radar,118,132,157,0,407,0,3,37,0,40,118,135,194,0,447,0,0,0,447
06/03/2021,PBI,FL,ASO,ES,Combined TRACON& Tower with Radar,120,107,130,0,357,0,0,55,0,55,120,107,185,0,412,0,0,0,412
06/04/2021,PBI,FL,ASO,ES,Combined TRACON& Tower with Radar,124,119,120,1,364,0,1,37,0,38,124,120,157,1,402,0,0,0,402
06/05/2021,PBI,FL,ASO,ES,Combined TRACON& Tower with Radar,109,110,86,2,307,0,6,52,0,58,109,116,138,2,365,0,0,0,365
06/06/2021,PBI,FL,ASO,ES,Combined TRACON& Tower with Radar,111,93,132,0,336,0,4,34,0,38,111,97,166,0,374,0,0,0,374
06/07/2021,PBI,FL,ASO,ES,Combined TRACON& Tower with Radar,113,123,118,0,354,0,2,53,0,55,113,125,171,0,409,0,0,0,409
06/08/2021,PBI,FL,ASO,ES,Combined TRACON& Tower with Radar,100,105,121,2,328,0,5,65,1,71,100,110,186,3,399,0,0,0,399
06/09/2021,PBI,FL,ASO,ES,Combined TRACON& Tower with Radar,104,102,108,2,316,0,7,64,2,73,104,109,172,4,389,0,0,0,389
06/10/2021,PBI,FL,ASO,ES,Combined TRACON& Tower with Radar,113,123,134,0,370,0,15,51,2,68,113,138,185,2,438,9,0,9,447
06/11/2021,PBI,FL,ASO,ES,Combined TRACON& Tower with Radar,125,101,111,0,337,0,4,51,3,58,125,105,162,3,395,0,0,0,395
06/12/2021,PBI,FL,ASO,ES,Combined TRACON& Tower with Radar,110,82,100,1,293,0,2,33,0,35,110,84,133,1,328,0,0,0,328
06/13/2021,PBI,FL,ASO,ES,Combined TRACON& Tower with Radar,129,92,136,2,359,0,3,32,0,35,129,95,168,2,394,0,0,0,394
06/14/2021,PBI,FL,ASO,ES,Combined TRACON& Tower with Radar,122,98,107,0,327,0,5,35,0,40,122,103,142,0,367,0,0,0,367
06/15/2021,PBI,FL,ASO,ES,Combined TRACON& Tower with Radar,105,86,118,1,310,0,2,58,4,64,105,88,176,5,374,0,0,0,374
06/16/2021,PBI,FL,ASO,ES,Combined TRACON& Tower with Radar,105,86,102,1,294,0,3,33,2,38,105,89,135,3,332,0,0,0,332
06/17/2021,PBI,FL,ASO,ES,Combined TRACON& Tower with Radar,115,98,111,2,326,0,3,41,0,44,115,101,152,2,370,0,0,0,370
06/18/2021,PBI,FL,ASO,ES,Combined TRACON& Tower with Radar,121,79,114,1,315,0,4,42,0,46,121,83,156,1,361,0,0,0,361
06/19/2021,PBI,FL,ASO,ES,Combined TRACON& Tower with Radar,111,74,73,0,258,0,4,38,0,42,111,78,111,0,300,0,0,0,300
06/20/2021,PBI,FL,ASO,ES,Combined TRACON& Tower with Radar,111,56,108,0,275,0,2,26,0,28,111,58,134,0,303,0,0,0,303
06/21/2021,PBI,FL,ASO,ES,Combined TRACON& Tower with Radar,111,72,111,0,294,0,3,61,4,68,111,75,172,4,362,0,0,0,362
06/22/2021,PBI,FL,ASO,ES,Combined TRACON& Tower with Radar,109,92,104,4,309,0,2,48,0,50,109,94,152,4,359,0,0,0,359
06/23/2021,PBI,FL,ASO,ES,Combined TRACON& Tower with Radar,109,88,105,0,302,0,5,45,0,50,109,93,150,0,352,0,0,0,352
06/24/2021,PBI,FL,ASO,ES,Combined TRACON& Tower with Radar,132,66,122,0,320,0,2,51,0,53,132,68,173,0,373,0,0,0,373
06/25/2021,PBI,FL,ASO,ES,Combined TRACON& Tower with Radar,122,89,97,4,312,0,0,57,0,57,122,89,154,4,369,0,0,0,369
06/26/2021,PBI,FL,ASO,ES,Combined TRACON& Tower with Radar,109,77,76,1,263,0,3,35,0,38,109,80,111,1,301,0,0,0,301
06/27/2021,PBI,FL,ASO,ES,Combined TRACON& Tower with Radar,109,69,124,1,303,0,1,43,0,44,109,70,167,1,347,0,0,0,347
06/28/2021,PBI,FL,ASO,ES,Combined TRACON& Tower with Radar,119,76,85,0,280,0,11,55,0,66,119,87,140,0,346,0,0,0,346
06/29/2021,PBI,FL,ASO,ES,Combined TRACON& Tower with Radar,121,80,55,2,258,0,2,21,0,23,121,82,76,2,281,0,0,0,281
06/30/2021,PBI,FL,ASO,ES,Combined TRACON& Tower with Radar,126,88,97,0,311,0,10,34,0,44,126,98,131,0,355,0,0,0,355
07/01/2021,PBI,FL,ASO,ES,Combined TRACON& Tower with Radar,116,90,129,0,335,0,9,46,0,55,116,99,175,0,390,0,0,0,390
07/02/2021,PBI,FL,ASO,ES,Combined TRACON& Tower with Radar,117,103,86,0,306,0,2,50,1,53,117,105,136,1,359,0,0,0,359
07/03/2021,PBI,FL,ASO,ES,Combined TRACON& Tower with Radar,106,67,48,0,221,0,8,33,0,41,106,75,81,0,262,0,0,0,262
07/04/2021,PBI,FL,ASO,ES,Combined TRACON& Tower with Radar,97,52,45,0,194,0,2,24,0,26,97,54,69,0,220,0,0,0,220
07/05/2021,PBI,FL,ASO,ES,Combined TRACON& Tower with Radar,130,72,103,0,305,0,2,27,0,29,130,74,130,0,334,0,0,0,334
07/06/2021,PBI,FL,ASO,ES,Combined TRACON& Tower with Radar,101,56,81,8,246,0,1,19,0,20,101,57,100,8,266,0,0,0,266
07/07/2021,PBI,FL,ASO,ES,Combined TRACON& Tower with Radar,113,76,97,6,292,1,11,42,0,54,114,87,139,6,346,0,0,0,346
07/08/2021,PBI,FL,ASO,ES,Combined TRACON& Tower with Radar,109,70,93,0,272,0,14,42,0,56,109,84,135,0,328,0,0,0,328
07/09/2021,PBI,FL,ASO,ES,Combined TRACON& Tower with Radar,116,84,96,0,296,0,17,39,0,56,116,101,135,0,352,0,0,0,352
07/10/2021,PBI,FL,ASO,ES,Combined TRACON& Tower with Radar,107,65,70,0,242,0,6,24,0,30,107,71,94,0,272,0,0,0,272
07/11/2021,PBI,FL,ASO,ES,Combined TRACON& Tower with Radar,110,79,111,0,300,0,0,25,0,25,110,79,136,0,325,0,0,0,325
07/12/2021,PBI,FL,ASO,ES,Combined TRACON& Tower with Radar,125,78,85,1,289,0,10,23,0,33,125,88,108,1,322,0,0,0,322
07/13/2021,PBI,FL,ASO,ES,Combined TRACON& Tower with Radar,121,58,83,1,263,0,3,26,0,29,121,61,109,1,292,0,0,0,292
07/14/2021,PBI,FL,ASO,ES,Combined TRACON& Tower with Radar,108,85,89,1,283,0,5,51,0,56,108,90,140,1,339,0,0,0,339
07/15/2021,PBI,FL,ASO,ES,Combined TRACON& Tower with Radar,110,68,83,0,261,0,0,50,2,52,110,68,133,2,313,0,0,0,313
07/16/2021,PBI,FL,ASO,ES,Combined TRACON& Tower with Radar,118,71,102,5,296,0,1,59,2,62,118,72,161,7,358,0,0,0,358
07/17/2021,PBI,FL,ASO,ES,Combined TRACON& Tower with Radar,99,55,53,1,208,0,0,35,1,36,99,55,88,2,244,0,0,0,244
07/18/2021,PBI,FL,ASO,ES,Combined TRACON& Tower with Radar,102,64,88,1,255,0,1,43,0,44,102,65,131,1,299,0,0,0,299
07/19/2021,PBI,FL,ASO,ES,Combined TRACON& Tower with Radar,112,73,100,2,287,0,5,49,3,57,112,78,149,5,344,0,8,8,352
07/20/2021,PBI,FL,ASO,ES,Combined TRACON& Tower with Radar,105,52,64,3,224,0,2,35,0,37,105,54,99,3,261,0,0,0,261
07/21/2021,PBI,FL,ASO,ES,Combined TRACON& Tower with Radar,106,46,91,0,243,0,9,43,0,52,106,55,134,0,295,0,0,0,295
07/22/2021,PBI,FL,ASO,ES,Combined TRACON& Tower with Radar,120,75,77,2,274,0,8,38,4,50,120,83,115,6,324,0,0,0,324
07/23/2021,PBI,FL,ASO,ES,Combined TRACON& Tower with Radar,122,72,93,0,287,0,0,40,0,40,122,72,133,0,327,0,0,0,327
07/24/2021,PBI,FL,ASO,ES,Combined TRACON& Tower with Radar,111,57,67,0,235,0,2,24,0,26,111,59,91,0,261,0,0,0,261
07/25/2021,PBI,FL,ASO,ES,Combined TRACON& Tower with Radar,105,75,83,0,263,0,1,42,0,43,105,76,125,0,306,0,0,0,306
07/26/2021,PBI,FL,ASO,ES,Combined TRACON& Tower with Radar,112,69,86,1,268,0,2,30,0,32,112,71,116,1,300,0,0,0,300
07/27/2021,PBI,FL,ASO,ES,Combined TRACON& Tower with Radar,105,67,81,2,255,0,5,57,1,63,105,72,138,3,318,0,0,0,318
07/28/2021,PBI,FL,ASO,ES,Combined TRACON& Tower with Radar,118,65,91,1,275,0,4,47,0,51,118,69,138,1,326,0,0,0,326
07/29/2021,PBI,FL,ASO,ES,Combined TRACON& Tower with Radar,116,67,93,0,276,0,1,57,1,59,116,68,150,1,335,0,0,0,335
07/30/2021,PBI,FL,ASO,ES,Combined TRACON& Tower with Radar,120,80,82,0,282,0,1,50,0,51,120,81,132,0,333,0,0,0,333
07/31/2021,PBI,FL,ASO,ES,Combined TRACON& Tower with Radar,105,51,72,0,228,0,2,35,0,37,105,53,107,0,265,0,0,0,265
08/01/2021,PBI,FL,ASO,ES,Combined TRACON& Tower with Radar,104,78,99,0,281,0,0,44,0,44,104,78,143,0,325,0,0,0,325
08/02/2021,PBI,FL,ASO,ES,Combined TRACON& Tower with Radar,111,71,80,0,262,0,8,51,0,59,111,79,131,0,321,0,0,0,321
08/03/2021,PBI,FL,ASO,ES,Combined TRACON& Tower with Radar,98,70,70,0,238,0,7,30,4,41,98,77,100,4,279,0,0,0,279
08/04/2021,PBI,FL,ASO,ES,Combined TRACON& Tower with Radar,104,51,85,5,245,0,6,39,3,48,104,57,124,8,293,0,0,0,293
08/05/2021,PBI,FL,ASO,ES,Combined TRACON& Tower with Radar,114,77,79,13,283,1,5,56,1,63,115,82,135,14,346,0,0,0,346
08/06/2021,PBI,FL,ASO,ES,Combined TRACON& Tower with Radar,116,53,77,0,246,0,2,44,0,46,116,55,121,0,292,0,0,0,292
08/07/2021,PBI,FL,ASO,ES,Combined TRACON& Tower with Radar,103,56,55,0,214,0,1,25,0,26,103,57,80,0,240,0,0,0,240
08/08/2021,PBI,FL,ASO,ES,Combined TRACON& Tower with Radar,103,63,87,0,253,0,3,63,2,68,103,66,150,2,321,0,0,0,321
08/09/2021,PBI,FL,ASO,ES,Combined TRACON& Tower with Radar,113,81,72,1,267,0,4,36,0,40,113,85,108,1,307,0,0,0,307
08/10/2021,PBI,FL,ASO,ES,Combined TRACON& Tower with Radar,102,60,59,0,221,0,13,57,0,70,102,73,116,0,291,0,0,0,291
08/11/2021,PBI,FL,ASO,ES,Combined TRACON& Tower with Radar,109,60,70,0,239,0,6,47,0,53,109,66,117,0,292,0,0,0,292
08/12/2021,PBI,FL,ASO,ES,Combined TRACON& Tower with Radar,120,55,77,2,254,0,4,51,2,57,120,59,128,4,311,0,0,0,311
08/13/2021,PBI,FL,ASO,ES,Combined TRACON& Tower with Radar,121,98,62,0,281,0,2,33,2,37,121,100,95,2,318,0,0,0,318
08/14/2021,PBI,FL,ASO,ES,Combined TRACON& Tower with Radar,128,57,47,0,232,0,3,12,0,15,128,60,59,0,247,0,0,0,247
08/15/2021,PBI,FL,ASO,ES,Combined TRACON& Tower with Radar,110,71,76,0,257,0,2,23,0,25,110,73,99,0,282,0,0,0,282
08/16/2021,PBI,FL,ASO,ES,Combined TRACON& Tower with Radar,109,86,73,1,269,0,3,44,2,49,109,89,117,3,318,0,0,0,318
08/17/2021,PBI,FL,ASO,ES,Combined TRACON& Tower with Radar,98,65,72,1,236,0,4,44,2,50,98,69,116,3,286,0,0,0,286
08/18/2021,PBI,FL,ASO,ES,Combined TRACON& Tower with Radar,105,59,85,1,250,0,5,55,0,60,105,64,140,1,310,0,0,0,310
08/19/2021,PBI,FL,ASO,ES,Combined TRACON& Tower with Radar,114,72,78,0,264,0,1,47,0,48,114,73,125,0,312,0,0,0,312
08/20/2021,PBI,FL,ASO,ES,Combined TRACON& Tower with Radar,112,57,67,1,237,0,3,65,2,70,112,60,132,3,307,0,0,0,307
08/21/2021,PBI,FL,ASO,ES,Combined TRACON& Tower with Radar,106,62,77,0,245,0,2,35,0,37,106,64,112,0,282,0,0,0,282
08/22/2021,PBI,FL,ASO,ES,Combined TRACON& Tower with Radar,89,60,85,0,234,0,4,44,2,50,89,64,129,2,284,0,0,0,284
08/23/2021,PBI,FL,ASO,ES,Combined TRACON& Tower with Radar,98,68,73,0,239,0,6,47,0,53,98,74,120,0,292,0,0,0,292
08/24/2021,PBI,FL,ASO,ES,Combined TRACON& Tower with Radar,110,76,60,0,246,0,16,46,0,62,110,92,106,0,308,0,0,0,308
08/25/2021,PBI,FL,ASO,ES,Combined TRACON& Tower with Radar,101,66,79,0,246,0,4,38,0,42,101,70,117,0,288,0,0,0,288
08/26/2021,PBI,FL,ASO,ES,Combined TRACON& Tower with Radar,109,49,73,0,231,0,6,29,0,35,109,55,102,0,266,0,0,0,266
08/27/2021,PBI,FL,ASO,ES,Combined TRACON& Tower with Radar,104,55,87,0,246,0,1,41,0,42,104,56,128,0,288,0,0,0,288
08/28/2021,PBI,FL,ASO,ES,Combined TRACON& Tower with Radar,98,55,59,0,212,0,2,34,0,36,98,57,93,0,248,0,0,0,248
08/29/2021,PBI,FL,ASO,ES,Combined TRACON& Tower with Radar,105,55,67,0,227,0,0,36,0,36,105,55,103,0,263,0,0,0,263
08/30/2021,PBI,FL,ASO,ES,Combined TRACON& Tower with Radar,105,51,66,2,224,0,5,47,0,52,105,56,113,2,276,0,0,0,276
08/31/2021,PBI,FL,ASO,ES,Combined TRACON& Tower with Radar,98,44,62,0,204,0,3,49,0,52,98,47,111,0,256,0,0,0,256
09/01/2021,PBI,FL,ASO,ES,Combined TRACON& Tower with Radar,90,53,90,2,235,0,6,43,0,49,90,59,133,2,284,0,0,0,284
09/02/2021,PBI,FL,ASO,ES,Combined TRACON& Tower with Radar,106,70,112,10,298,0,1,37,0,38,106,71,149,10,336,0,0,0,336
09/03/2021,PBI,FL,ASO,ES,Combined TRACON& Tower with Radar,109,69,83,0,261,0,2,42,1,45,109,71,125,1,306,0,0,0,306
09/04/2021,PBI,FL,ASO,ES,Combined TRACON& Tower with Radar,100,41,38,4,183,0,5,29,0,34,100,46,67,4,217,0,0,0,217
09/05/2021,PBI,FL,ASO,ES,Combined TRACON& Tower with Radar,95,52,59,2,208,0,4,30,3,37,95,56,89,5,245,0,0,0,245
09/06/2021,PBI,FL,ASO,ES,Combined TRACON& Tower with Radar,99,93,107,2,301,0,6,36,0,42,99,99,143,2,343,0,0,0,343
09/07/2021,PBI,FL,ASO,ES,Combined TRACON& Tower with Radar,93,85,90,2,270,0,7,37,0,44,93,92,127,2,314,0,0,0,314
09/08/2021,PBI,FL,ASO,ES,Combined TRACON& Tower with Radar,106,59,72,4,241,0,2,38,5,45,106,61,110,9,286,0,0,0,286
09/09/2021,PBI,FL,ASO,ES,Combined TRACON& Tower with Radar,109,73,128,0,310,0,10,58,2,70,109,83,186,2,380,20,0,20,400
09/10/2021,PBI,FL,ASO,ES,Combined TRACON& Tower with Radar,113,61,75,0,249,0,7,45,1,53,113,68,120,1,302,0,0,0,302
09/11/2021,PBI,FL,ASO,ES,Combined TRACON& Tower with Radar,95,67,63,2,227,0,3,32,0,35,95,70,95,2,262,0,0,0,262
09/12/2021,PBI,FL,ASO,ES,Combined TRACON& Tower with Radar,106,87,75,0,268,0,5,18,0,23,106,92,93,0,291,0,0,0,291
09/13/2021,PBI,FL,ASO,ES,Combined TRACON& Tower with Radar,102,68,58,1,229,0,16,37,0,53,102,84,95,1,282,0,0,0,282
09/14/2021,PBI,FL,ASO,ES,Combined TRACON& Tower with Radar,95,56,58,0,209,0,13,44,0,57,95,69,102,0,266,0,0,0,266
09/15/2021,PBI,FL,ASO,ES,Combined TRACON& Tower with Radar,98,88,94,0,280,0,13,52,0,65,98,101,146,0,345,0,0,0,345
09/16/2021,PBI,FL,ASO,ES,Combined TRACON& Tower with Radar,109,82,94,0,285,0,6,35,2,43,109,88,129,2,328,0,0,0,328
09/17/2021,PBI,FL,ASO,ES,Combined TRACON& Tower with Radar,111,74,87,0,272,0,9,49,0,58,111,83,136,0,330,0,0,0,330
09/18/2021,PBI,FL,ASO,ES,Combined TRACON& Tower with Radar,91,60,45,0,196,0,6,29,2,37,91,66,74,2,233,0,0,0,233
09/19/2021,PBI,FL,ASO,ES,Combined TRACON& Tower with Radar,104,80,101,0,285,1,1,31,0,33,105,81,132,0,318,0,0,0,318
09/20/2021,PBI,FL,ASO,ES,Combined TRACON& Tower with Radar,99,86,72,0,257,0,7,46,4,57,99,93,118,4,314,0,0,0,314
09/21/2021,PBI,FL,ASO,ES,Combined TRACON& Tower with Radar,96,63,69,0,228,0,3,32,0,35,96,66,101,0,263,0,0,0,263
09/22/2021,PBI,FL,ASO,ES,Combined TRACON& Tower with Radar,97,62,94,12,265,0,4,40,0,44,97,66,134,12,309,0,0,0,309
09/23/2021,PBI,FL,ASO,ES,Combined TRACON& Tower with Radar,104,83,111,0,298,0,1,43,2,46,104,84,154,2,344,0,0,0,344
09/24/2021,PBI,FL,ASO,ES,Combined TRACON& Tower with Radar,111,93,93,0,297,0,2,45,0,47,111,95,138,0,344,0,0,0,344
09/25/2021,PBI,FL,ASO,ES,Combined TRACON& Tower with Radar,90,69,63,0,222,0,3,26,2,31,90,72,89,2,253,0,0,0,253
09/26/2021,PBI,FL,ASO,ES,Combined TRACON& Tower with Radar,104,84,99,0,287,0,1,47,0,48,104,85,146,0,335,0,0,0,335
09/27/2021,PBI,FL,ASO,ES,Combined TRACON& Tower with Radar,100,83,94,0,277,0,15,49,0,64,100,98,143,0,341,0,0,0,341
09/28/2021,PBI,FL,ASO,ES,Combined TRACON& Tower with Radar,95,74,87,2,258,0,19,61,0,80,95,93,148,2,338,0,0,0,338
09/29/2021,PBI,FL,ASO,ES,Combined TRACON& Tower with Radar,101,91,94,4,290,0,7,54,3,64,101,98,148,7,354,0,0,0,354
09/30/2021,PBI,FL,ASO,ES,Combined TRACON& Tower with Radar,105,101,79,0,285,0,8,56,0,64,105,109,135,0,349,0,0,0,349
10/01/2021,PBI,FL,ASO,ES,Combined TRACON& Tower with Radar,107,94,88,5,294,0,2,40,1,43,107,96,128,6,337,0,0,0,337
10/02/2021,PBI,FL,ASO,ES,Combined TRACON& Tower with Radar,95,70,57,0,222,0,5,21,1,27,95,75,78,1,249,0,0,0,249
10/03/2021,PBI,FL,ASO,ES,Combined TRACON& Tower with Radar,101,108,116,0,325,0,8,29,0,37,101,116,145,0,362,0,0,0,362
10/04/2021,PBI,FL,ASO,ES,Combined TRACON& Tower with Radar,104,88,103,4,299,0,10,39,0,49,104,98,142,4,348,0,0,0,348
10/05/2021,PBI,FL,ASO,ES,Combined TRACON& Tower with Radar,100,83,97,6,286,0,8,63,0,71,100,91,160,6,357,0,0,0,357
10/06/2021,PBI,FL,ASO,ES,Combined TRACON& Tower with Radar,112,98,119,0,329,0,8,58,0,66,112,106,177,0,395,0,0,0,395
10/07/2021,PBI,FL,ASO,ES,Combined TRACON& Tower with Radar,133,91,155,3,382,0,3,53,4,60,133,94,208,7,442,0,0,0,442
10/08/2021,PBI,FL,ASO,ES,Combined TRACON& Tower with Radar,111,100,126,6,343,0,7,49,0,56,111,107,175,6,399,0,0,0,399
10/09/2021,PBI,FL,ASO,ES,Combined TRACON& Tower with Radar,112,73,84,0,269,0,3,22,0,25,112,76,106,0,294,0,0,0,294
10/10/2021,PBI,FL,ASO,ES,Combined TRACON& Tower with Radar,120,101,111,0,332,0,3,27,0,30,120,104,138,0,362,0,0,0,362
10/11/2021,PBI,FL,ASO,ES,Combined TRACON& Tower with Radar,117,98,121,0,336,0,3,56,0,59,117,101,177,0,395,0,0,0,395
10/12/2021,PBI,FL,ASO,ES,Combined TRACON& Tower with Radar,120,111,123,0,354,0,4,57,1,62,120,115,180,1,416,0,0,0,416
10/13/2021,PBI,FL,ASO,ES,Combined TRACON& Tower with Radar,120,102,143,0,365,0,3,51,0,54,120,105,194,0,419,0,0,0,419
10/14/2021,PBI,FL,ASO,ES,Combined TRACON& Tower with Radar,135,108,132,1,376,0,5,48,1,54,135,113,180,2,430,0,0,0,430
10/15/2021,PBI,FL,ASO,ES,Combined TRACON& Tower with Radar,121,131,112,0,364,0,7,41,0,48,121,138,153,0,412,0,0,0,412
10/16/2021,PBI,FL,ASO,ES,Combined TRACON& Tower with Radar,107,100,85,0,292,0,2,31,0,33,107,102,116,0,325,0,0,0,325
10/17/2021,PBI,FL,ASO,ES,Combined TRACON& Tower with Radar,123,111,132,0,366,0,3,28,0,31,123,114,160,0,397,0,0,0,397
10/18/2021,PBI,FL,ASO,ES,Combined TRACON& Tower with Radar,123,142,103,0,368,0,10,45,0,55,123,152,148,0,423,0,0,0,423
10/19/2021,PBI,FL,ASO,ES,Combined TRACON& Tower with Radar,116,110,118,0,344,0,7,42,0,49,116,117,160,0,393,0,0,0,393
10/20/2021,PBI,FL,ASO,ES,Combined TRACON& Tower with Radar,123,139,156,3,421,0,3,79,0,82,123,142,235,3,503,0,0,0,503
10/21/2021,PBI,FL,ASO,ES,Combined TRACON& Tower with Radar,136,133,155,2,426,0,9,67,3,79,136,142,222,5,505,0,0,0,505
10/22/2021,PBI,FL,ASO,ES,Combined TRACON& Tower with Radar,127,140,135,0,402,0,3,35,0,38,127,143,170,0,440,0,0,0,440
10/23/2021,PBI,FL,ASO,ES,Combined TRACON& Tower with Radar,109,119,73,0,301,0,0,42,0,42,109,119,115,0,343,0,0,0,343
10/24/2021,PBI,FL,ASO,ES,Combined TRACON& Tower with Radar,118,129,168,0,415,0,2,28,0,30,118,131,196,0,445,0,0,0,445
10/25/2021,PBI,FL,ASO,ES,Combined TRACON& Tower with Radar,116,150,157,2,425,0,1,29,2,32,116,151,186,4,457,0,0,0,457
10/26/2021,PBI,FL,ASO,ES,Combined TRACON& Tower with Radar,118,138,141,0,397,0,10,55,0,65,118,148,196,0,462,0,0,0,462
10/27/2021,PBI,FL,ASO,ES,Combined TRACON& Tower with Radar,125,155,190,0,470,0,8,42,0,50,125,163,232,0,520,0,0,0,520
10/28/2021,PBI,FL,ASO,ES,Combined TRACON& Tower with Radar,132,179,152,1,464,0,15,31,4,50,132,194,183,5,514,0,0,0,514
10/29/2021,PBI,FL,ASO,ES,Combined TRACON& Tower with Radar,120,132,158,0,410,0,10,50,2,62,120,142,208,2,472,0,0,0,472
10/30/2021,PBI,FL,ASO,ES,Combined TRACON& Tower with Radar,103,113,90,1,307,0,7,30,0,37,103,120,120,1,344,0,0,0,344
10/31/2021,PBI,FL,ASO,ES,Combined TRACON& Tower with Radar,115,157,164,0,436,0,4,28,2,34,115,161,192,2,470,0,0,0,470
11/01/2021,PBI,FL,ASO,ES,Combined TRACON& Tower with Radar,129,169,150,0,448,0,10,49,2,61,129,179,199,2,509,0,0,0,509
11/02/2021,PBI,FL,ASO,ES,Combined TRACON& Tower with Radar,152,158,117,0,427,0,2,47,1,50,152,160,164,1,477,0,0,0,477
11/03/2021,PBI,FL,ASO,ES,Combined TRACON& Tower with Radar,158,179,142,0,479,0,12,51,0,63,158,191,193,0,542,0,0,0,542
11/04/2021,PBI,FL,ASO,ES,Combined TRACON& Tower with Radar,161,160,186,0,507,0,10,53,0,63,161,170,239,0,570,0,0,0,570
11/05/2021,PBI,FL,ASO,ES,Combined TRACON& Tower with Radar,157,173,160,3,493,0,2,6,0,8,157,175,166,3,501,0,0,0,501
11/06/2021,PBI,FL,ASO,ES,Combined TRACON& Tower with Radar,142,114,110,2,368,0,2,39,1,42,142,116,149,3,410,0,0,0,410
11/07/2021,PBI,FL,ASO,ES,Combined TRACON& Tower with Radar,155,187,186,1,529,0,8,48,1,57,155,195,234,2,586,0,0,0,586
11/08/2021,PBI,FL,ASO,ES,Combined TRACON& Tower with Radar,156,154,141,0,451,0,9,47,0,56,156,163,188,0,507,0,0,0,507
11/09/2021,PBI,FL,ASO,ES,Combined TRACON& Tower with Radar,140,148,161,2,451,0,12,69,0,81,140,160,230,2,532,0,0,0,532
11/10/2021,PBI,FL,ASO,ES,Combined TRACON& Tower with Radar,149,154,176,0,479,0,9,48,0,57,149,163,224,0,536,0,0,0,536
11/11/2021,PBI,FL,ASO,ES,Combined TRACON& Tower with Radar,167,164,202,1,534,0,2,43,0,45,167,166,245,1,579,0,0,0,579
11/12/2021,PBI,FL,ASO,ES,Combined TRACON& Tower with Radar,163,147,167,4,481,0,6,49,1,56,163,153,216,5,537,0,0,0,537
11/13/2021,PBI,FL,ASO,ES,Combined TRACON& Tower with Radar,133,131,118,1,383,0,1,45,2,48,133,132,163,3,431,0,0,0,431
11/14/2021,PBI,FL,ASO,ES,Combined TRACON& Tower with Radar,155,216,226,1,598,0,3,46,2,51,155,219,272,3,649,0,0,0,649
11/15/2021,PBI,FL,ASO,ES,Combined TRACON& Tower with Radar,152,158,181,4,495,0,17,54,0,71,152,175,235,4,566,0,0,0,566
11/16/2021,PBI,FL,ASO,ES,Combined TRACON& Tower with Radar,143,156,179,0,478,0,11,74,0,85,143,167,253,0,563,0,0,0,563
11/17/2021,PBI,FL,ASO,ES,Combined TRACON& Tower with Radar,147,173,188,2,510,0,5,70,0,75,147,178,258,2,585,0,0,0,585
11/18/2021,PBI,FL,ASO,ES,Combined TRACON& Tower with Radar,171,151,193,2,517,0,2,49,0,51,171,153,242,2,568,0,0,0,568
11/19/2021,PBI,FL,ASO,ES,Combined TRACON& Tower with Radar,170,168,208,2,548,0,2,27,0,29,170,170,235,2,577,0,0,0,577
11/20/2021,PBI,FL,ASO,ES,Combined TRACON& Tower with Radar,150,195,171,0,516,0,2,20,0,22,150,197,191,0,538,0,0,0,538
11/21/2021,PBI,FL,ASO,ES,Combined TRACON& Tower with Radar,171,222,220,0,613,0,6,26,1,33,171,228,246,1,646,0,0,0,646
11/22/2021,PBI,FL,ASO,ES,Combined TRACON& Tower with Radar,174,184,166,2,526,0,5,48,0,53,174,189,214,2,579,0,0,0,579
11/23/2021,PBI,FL,ASO,ES,Combined TRACON& Tower with Radar,173,204,209,3,589,0,9,43,3,55,173,213,252,6,644,0,0,0,644
11/24/2021,PBI,FL,ASO,ES,Combined TRACON& Tower with Radar,175,162,182,1,520,0,8,58,0,66,175,170,240,1,586,0,0,0,586
11/25/2021,PBI,FL,ASO,ES,Combined TRACON& Tower with Radar,103,72,51,0,226,0,2,21,0,23,103,74,72,0,249,0,0,0,249
11/26/2021,PBI,FL,ASO,ES,Combined TRACON& Tower with Radar,134,149,134,0,417,0,7,36,0,43,134,156,170,0,460,0,0,0,460
11/27/2021,PBI,FL,ASO,ES,Combined TRACON& Tower with Radar,169,207,173,0,549,0,10,40,0,50,169,217,213,0,599,0,0,0,599
11/28/2021,PBI,FL,ASO,ES,Combined TRACON& Tower with Radar,165,237,270,0,672,0,4,55,1,60,165,241,325,1,732,0,0,0,732
11/29/2021,PBI,FL,ASO,ES,Combined TRACON& Tower with Radar,162,196,172,0,530,0,16,43,0,59,162,212,215,0,589,0,0,0,589
11/30/2021,PBI,FL,ASO,ES,Combined TRACON& Tower with Radar,154,176,173,0,503,0,7,52,0,59,154,183,225,0,562,0,0,0,562
12/01/2021,PBI,FL,ASO,ES,Combined TRACON& Tower with Radar,156,194,154,0,504,0,12,54,0,66,156,206,208,0,570,0,0,0,570
12/02/2021,PBI,FL,ASO,ES,Combined TRACON& Tower with Radar,164,166,193,0,523,0,17,73,0,90,164,183,266,0,613,0,0,0,613
12/03/2021,PBI,FL,ASO,ES,Combined TRACON& Tower with Radar,165,172,174,0,511,0,8,66,4,78,165,180,240,4,589,0,0,0,589
12/04/2021,PBI,FL,ASO,ES,Combined TRACON& Tower with Radar,140,142,133,0,415,0,8,41,0,49,140,150,174,0,464,0,0,0,464
12/05/2021,PBI,FL,ASO,ES,Combined TRACON& Tower with Radar,152,206,224,0,582,0,3,33,4,40,152,209,257,4,622,0,0,0,622
12/06/2021,PBI,FL,ASO,ES,Combined TRACON& Tower with Radar,148,167,181,0,496,0,5,38,1,44,148,172,219,1,540,0,0,0,540
12/07/2021,PBI,FL,ASO,ES,Combined TRACON& Tower with Radar,147,160,174,0,481,0,3,62,0,65,147,163,236,0,546,0,0,0,546
12/08/2021,PBI,FL,ASO,ES,Combined TRACON& Tower with Radar,154,172,173,3,502,0,10,44,5,59,154,182,217,8,561,0,0,0,561
12/09/2021,PBI,FL,ASO,ES,Combined TRACON& Tower with Radar,172,171,191,0,534,0,8,48,3,59,172,179,239,3,593,0,0,0,593
12/10/2021,PBI,FL,ASO,ES,Combined TRACON& Tower with Radar,164,168,195,0,527,1,7,56,0,64,165,175,251,0,591,0,0,0,591
12/11/2021,PBI,FL,ASO,ES,Combined TRACON& Tower with Radar,135,116,106,0,357,0,6,42,0,48,135,122,148,0,405,0,0,0,405
12/12/2021,PBI,FL,ASO,ES,Combined TRACON& Tower with Radar,150,144,168,2,464,0,7,49,0,56,150,151,217,2,520,0,0,0,520
12/13/2021,PBI,FL,ASO,ES,Combined TRACON& Tower with Radar,150,142,169,1,462,0,4,49,7,60,150,146,218,8,522,0,0,0,522
12/14/2021,PBI,FL,ASO,ES,Combined TRACON& Tower with Radar,151,128,147,0,426,0,5,42,0,47,151,133,189,0,473,0,0,0,473
12/15/2021,PBI,FL,ASO,ES,Combined TRACON& Tower with Radar,155,170,178,0,503,0,2,51,2,55,155,172,229,2,558,0,0,0,558
12/16/2021,PBI,FL,ASO,ES,Combined TRACON& Tower with Radar,176,166,188,0,530,0,4,63,0,67,176,170,251,0,597,0,0,0,597
12/17/2021,PBI,FL,ASO,ES,Combined TRACON& Tower with Radar,169,212,216,4,601,0,1,66,5,72,169,213,282,9,673,0,0,0,673
12/18/2021,PBI,FL,ASO,ES,Combined TRACON& Tower with Radar,179,166,186,0,531,0,1,36,0,37,179,167,222,0,568,0,0,0,568
12/19/2021,PBI,FL,ASO,ES,Combined TRACON& Tower with Radar,184,192,198,0,574,0,3,31,0,34,184,195,229,0,608,0,0,0,608
12/20/2021,PBI,FL,ASO,ES,Combined TRACON& Tower with Radar,181,171,153,0,505,0,5,47,0,52,181,176,200,0,557,0,0,0,557
12/21/2021,PBI,FL,ASO,ES,Combined TRACON& Tower with Radar,214,151,146,0,511,0,1,17,0,18,214,152,163,0,529,0,0,0,529
12/22/2021,PBI,FL,ASO,ES,Combined TRACON& Tower with Radar,199,170,188,0,557,0,3,80,0,83,199,173,268,0,640,0,0,0,640
12/23/2021,PBI,FL,ASO,ES,Combined TRACON& Tower with Radar,208,178,174,0,560,0,10,60,1,71,208,188,234,1,631,0,0,0,631
12/24/2021,PBI,FL,ASO,ES,Combined TRACON& Tower with Radar,167,127,66,0,360,0,3,51,0,54,167,130,117,0,414,0,0,0,414
12/25/2021,PBI,FL,ASO,ES,Combined TRACON& Tower with Radar,157,162,87,0,406,0,9,22,0,31,157,171,109,0,437,0,0,0,437
12/26/2021,PBI,FL,ASO,ES,Combined TRACON& Tower with Radar,158,261,238,0,657,2,5,72,1,80,160,266,310,1,737,0,0,0,737
12/27/2021,PBI,FL,ASO,ES,Combined TRACON& Tower with Radar,170,222,229,0,621,0,12,50,0,62,170,234,279,0,683,0,0,0,683
12/28/2021,PBI,FL,ASO,ES,Combined TRACON& Tower with Radar,194,226,200,2,622,0,14,41,0,55,194,240,241,2,677,0,0,0,677
12/29/2021,PBI,FL,ASO,ES,Combined TRACON& Tower with Radar,193,197,176,2,568,0,10,49,0,59,193,207,225,2,627,0,0,0,627
12/30/2021,PBI,FL,ASO,ES,Combined TRACON& Tower with Radar,203,203,160,0,566,0,6,42,0,48,203,209,202,0,614,0,0,0,614
12/31/2021,PBI,FL,ASO,ES,Combined TRACON& Tower with Radar,159,168,118,0,445,0,5,41,0,46,159,173,159,0,491,0,0,0,491
01/01/2022,PBI,FL,ASO,ES,Combined TRACON& Tower with Radar,146,180,137,0,463,0,6,26,0,32,146,186,163,0,495,0,0,0,495
01/02/2022,PBI,FL,ASO,ES,Combined TRACON& Tower with Radar,167,209,272,0,648,0,10,51,0,61,167,219,323,0,709,0,0,0,709
01/03/2022,PBI,FL,ASO,ES,Combined TRACON& Tower with Radar,177,214,225,0,616,0,3,50,0,53,177,217,275,0,669,0,0,0,669
01/04/2022,PBI,FL,ASO,ES,Combined TRACON& Tower with Radar,170,196,175,0,541,0,4,45,0,49,170,200,220,0,590,0,0,0,590
01/05/2022,PBI,FL,ASO,ES,Combined TRACON& Tower with Radar,153,172,171,0,496,0,4,50,0,54,153,176,221,0,550,0,0,0,550
01/06/2022,PBI,FL,ASO,ES,Combined TRACON& Tower with Radar,174,182,152,2,510,0,6,55,2,63,174,188,207,4,573,0,0,0,573
01/07/2022,PBI,FL,ASO,ES,Combined TRACON& Tower with Radar,156,138,146,2,442,0,4,36,2,42,156,142,182,4,484,0,0,0,484
01/08/2022,PBI,FL,ASO,ES,Combined TRACON& Tower with Radar,145,175,154,1,475,0,1,35,0,36,145,176,189,1,511,0,0,0,511
01/09/2022,PBI,FL,ASO,ES,Combined TRACON& Tower with Radar,161,232,177,0,570,0,5,26,0,31,161,237,203,0,601,0,0,0,601
01/10/2022,PBI,FL,ASO,ES,Combined TRACON& Tower with Radar,171,151,174,0,496,0,2,28,0,30,171,153,202,0,526,0,0,0,526
01/11/2022,PBI,FL,ASO,ES,Combined TRACON& Tower with Radar,146,121,148,2,417,0,8,30,0,38,146,129,178,2,455,0,0,0,455
01/12/2022,PBI,FL,ASO,ES,Combined TRACON& Tower with Radar,158,150,156,0,464,0,3,41,0,44,158,153,197,0,508,0,0,0,508
01/13/2022,PBI,FL,ASO,ES,Combined TRACON& Tower with Radar,174,194,198,2,568,0,6,47,0,53,174,200,245,2,621,0,0,0,621
01/14/2022,PBI,FL,ASO,ES,Combined TRACON& Tower with Radar,175,212,217,0,604,0,12,66,0,78,175,224,283,0,682,0,0,0,682
01/15/2022,PBI,FL,ASO,ES,Combined TRACON& Tower with Radar,151,156,140,0,447,0,9,33,0,42,151,165,173,0,489,0,0,0,489
01/16/2022,PBI,FL,ASO,ES,Combined TRACON& Tower with Radar,142,148,144,0,434,0,6,17,0,23,142,154,161,0,457,0,0,0,457
01/17/2022,PBI,FL,ASO,ES,Combined TRACON& Tower with Radar,169,210,206,0,585,0,21,43,0,64,169,231,249,0,649,24,0,24,673
01/18/2022,PBI,FL,ASO,ES,Combined TRACON& Tower with Radar,153,164,121,0,438,0,6,48,0,54,153,170,169,0,492,3,0,3,495
01/19/2022,PBI,FL,ASO,ES,Combined TRACON& Tower with Radar,167,156,175,1,499,0,11,49,2,62,167,167,224,3,561,0,0,0,561
01/20/2022,PBI,FL,ASO,ES,Combined TRACON& Tower with Radar,191,178,188,20,577,0,7,47,0,54,191,185,235,20,631,0,0,0,631
01/21/2022,PBI,FL,ASO,ES,Combined TRACON& Tower with Radar,181,171,176,1,529,0,5,29,0,34,181,176,205,1,563,0,0,0,563
01/22/2022,PBI,FL,ASO,ES,Combined TRACON& Tower with Radar,153,137,128,0,418,0,2,21,2,25,153,139,149,2,443,0,0,0,443
01/23/2022,PBI,FL,ASO,ES,Combined TRACON& Tower with Radar,170,222,236,0,628,0,4,35,0,39,170,226,271,0,667,0,0,0,667
01/24/2022,PBI,FL,ASO,ES,Combined TRACON& Tower with Radar,171,152,183,0,506,0,9,57,0,66,171,161,240,0,572,0,0,0,572
01/25/2022,PBI,FL,ASO,ES,Combined TRACON& Tower with Radar,157,123,145,2,427,0,1,39,1,41,157,124,184,3,468,0,0,0,468
01/26/2022,PBI,FL,ASO,ES,Combined TRACON& Tower with Radar,159,132,171,0,462,0,2,26,0,28,159,134,197,0,490,4,0,4,494
01/27/2022,PBI,FL,ASO,ES,Combined TRACON& Tower with Radar,181,184,211,2,578,0,11,55,0,66,181,195,266,2,644,0,0,0,644
01/28/2022,PBI,FL,ASO,ES,Combined TRACON& Tower with Radar,162,181,198,0,541,0,5,25,1,31,162,186,223,1,572,2,0,2,574
01/29/2022,PBI,FL,ASO,ES,Combined TRACON& Tower with Radar,80,97,68,0,245,0,8,29,0,37,80,105,97,0,282,0,0,0,282
01/30/2022,PBI,FL,ASO,ES,Combined TRACON& Tower with Radar,129,221,237,2,589,0,8,42,0,50,129,229,279,2,639,0,0,0,639
01/31/2022,PBI,FL,ASO,ES,Combined TRACON& Tower with Radar,148,171,189,1,509,0,5,60,0,65,148,176,249,1,574,0,0,0,574
02/01/2022,PBI,FL,ASO,ES,Combined TRACON& Tower with Radar,150,154,206,4,514,0,8,45,0,53,150,162,251,4,567,0,0,0,567
02/02/2022,PBI,FL,ASO,ES,Combined TRACON& Tower with Radar,152,145,171,0,468,0,2,63,0,65,152,147,234,0,533,0,0,0,533
02/03/2022,PBI,FL,ASO,ES,Combined TRACON& Tower with Radar,159,215,159,2,535,0,5,82,0,87,159,220,241,2,622,0,0,0,622
02/04/2022,PBI,FL,ASO,ES,Combined TRACON& Tower with Radar,147,170,195,2,514,0,10,61,2,73,147,180,256,4,587,0,0,0,587
02/05/2022,PBI,FL,ASO,ES,Combined TRACON& Tower with Radar,149,131,124,9,413,0,3,23,2,28,149,134,147,11,441,0,0,0,441
02/06/2022,PBI,FL,ASO,ES,Combined TRACON& Tower with Radar,178,208,235,2,623,0,7,39,0,46,178,215,274,2,669,0,0,0,669
02/07/2022,PBI,FL,ASO,ES,Combined TRACON& Tower with Radar,166,153,183,0,502,0,6,45,0,51,166,159,228,0,553,0,0,0,553
02/08/2022,PBI,FL,ASO,ES,Combined TRACON& Tower with Radar,157,162,201,0,520,0,3,39,0,42,157,165,240,0,562,0,0,0,562
02/09/2022,PBI,FL,ASO,ES,Combined TRACON& Tower with Radar,161,183,207,0,551,0,4,17,1,22,161,187,224,1,573,0,0,0,573
02/10/2022,PBI,FL,ASO,ES,Combined TRACON& Tower with Radar,178,211,257,0,646,0,6,71,0,77,178,217,328,0,723,0,0,0,723
02/11/2022,PBI,FL,ASO,ES,Combined TRACON& Tower with Radar,186,217,220,2,625,0,9,61,1,71,186,226,281,3,696,0,0,0,696
02/12/2022,PBI,FL,ASO,ES,Combined TRACON& Tower with Radar,161,156,130,0,447,0,1,62,0,63,161,157,192,0,510,0,0,0,510
02/13/2022,PBI,FL,ASO,ES,Combined TRACON& Tower with Radar,159,191,236,0,586,0,2,29,0,31,159,193,265,0,617,0,0,0,617
02/14/2022,PBI,FL,ASO,ES,Combined TRACON& Tower with Radar,186,167,213,0,566,0,3,48,0,51,186,170,261,0,617,0,0,0,617
02/15/2022,PBI,FL,ASO,ES,Combined TRACON& Tower with Radar,157,194,187,1,539,0,6,53,0,59,157,200,240,1,598,0,0,0,598
02/16/2022,PBI,FL,ASO,ES,Combined TRACON& Tower with Radar,172,232,232,1,637,0,7,44,0,51,172,239,276,1,688,0,0,0,688
02/17/2022,PBI,FL,ASO,ES,Combined TRACON& Tower with Radar,186,232,249,3,670,0,13,65,1,79,186,245,314,4,749,0,0,0,749
02/18/2022,PBI,FL,ASO,ES,Combined TRACON& Tower with Radar,194,243,225,0,662,0,7,47,0,54,194,250,272,0,716,0,0,0,716
02/19/2022,PBI,FL,ASO,ES,Combined TRACON& Tower with Radar,181,157,169,0,507,0,3,38,0,41,181,160,207,0,548,0,0,0,548
02/20/2022,PBI,FL,ASO,ES,Combined TRACON& Tower with Radar,188,203,237,0,628,0,8,46,0,54,188,211,283,0,682,0,0,0,682
02/21/2022,PBI,FL,ASO,ES,Combined TRACON& Tower with Radar,194,243,263,0,700,0,11,65,0,76,194,254,328,0,776,0,0,0,776
02/22/2022,PBI,FL,ASO,ES,Combined TRACON& Tower with Radar,176,240,222,3,641,0,2,50,1,53,176,242,272,4,694,1,0,1,695
02/23/2022,PBI,FL,ASO,ES,Combined TRACON& Tower with Radar,182,218,217,1,618,0,8,49,0,57,182,226,266,1,675,0,0,0,675
02/24/2022,PBI,FL,ASO,ES,Combined TRACON& Tower with Radar,185,209,230,2,626,0,9,55,0,64,185,218,285,2,690,0,0,0,690
02/25/2022,PBI,FL,ASO,ES,Combined TRACON& Tower with Radar,169,209,194,2,574,0,6,63,1,70,169,215,257,3,644,0,0,0,644
02/26/2022,PBI,FL,ASO,ES,Combined TRACON& Tower with Radar,195,178,183,3,559,0,3,40,0,43,195,181,223,3,602,0,0,0,602
02/27/2022,PBI,FL,ASO,ES,Combined TRACON& Tower with Radar,175,255,259,1,690,0,7,44,1,52,175,262,303,2,742,0,0,0,742
02/28/2022,PBI,FL,ASO,ES,Combined TRACON& Tower with Radar,182,221,188,0,591,0,11,52,0,63,182,232,240,0,654,0,0,0,654
03/01/2022,PBI,FL,ASO,ES,Combined TRACON& Tower with Radar,178,172,200,1,551,0,9,54,6,69,178,181,254,7,620,0,0,0,620
03/02/2022,PBI,FL,ASO,ES,Combined TRACON& Tower with Radar,168,166,216,1,551,0,11,58,2,71,168,177,274,3,622,0,0,0,622
03/03/2022,PBI,FL,ASO,ES,Combined TRACON& Tower with Radar,185,206,196,0,587,0,10,65,3,78,185,216,261,3,665,0,0,0,665
03/04/2022,PBI,FL,ASO,ES,Combined TRACON& Tower with Radar,188,210,203,0,601,0,11,54,0,65,188,221,257,0,666,0,0,0,666
03/05/2022,PBI,FL,ASO,ES,Combined TRACON& Tower with Radar,183,163,168,0,514,0,5,38,0,43,183,168,206,0,557,0,0,0,557
03/06/2022,PBI,FL,ASO,ES,Combined TRACON& Tower with Radar,177,210,238,2,627,0,6,45,2,53,177,216,283,4,680,0,0,0,680
03/07/2022,PBI,FL,ASO,ES,Combined TRACON& Tower with Radar,183,188,201,2,574,0,9,46,1,56,183,197,247,3,630,0,0,0,630
03/08/2022,PBI,FL,ASO,ES,Combined TRACON& Tower with Radar,179,166,201,0,546,0,6,38,1,45,179,172,239,1,591,0,0,0,591
03/09/2022,PBI,FL,ASO,ES,Combined TRACON& Tower with Radar,167,175,207,14,563,0,3,77,1,81,167,178,284,15,644,0,0,0,644
03/10/2022,PBI,FL,ASO,ES,Combined TRACON& Tower with Radar,206,204,254,0,664,0,1,49,0,50,206,205,303,0,714,0,0,0,714
03/11/2022,PBI,FL,ASO,ES,Combined TRACON& Tower with Radar,182,233,215,0,630,0,9,72,0,81,182,242,287,0,711,0,0,0,711
03/12/2022,PBI,FL,ASO,ES,Combined TRACON& Tower with Radar,154,164,168,2,488,0,6,30,0,36,154,170,198,2,524,0,0,0,524
03/13/2022,PBI,FL,ASO,ES,Combined TRACON& Tower with Radar,167,241,268,0,676,0,6,68,0,74,167,247,336,0,750,0,0,0,750
03/14/2022,PBI,FL,ASO,ES,Combined TRACON& Tower with Radar,191,197,200,0,588,0,21,57,2,80,191,218,257,2,668,0,0,0,668
03/15/2022,PBI,FL,ASO,ES,Combined TRACON& Tower with Radar,183,143,151,1,478,0,1,32,3,36,183,144,183,4,514,0,0,0,514
03/16/2022,PBI,FL,ASO,ES,Combined TRACON& Tower with Radar,183,204,174,2,563,0,14,39,2,55,183,218,213,4,618,0,0,0,618
03/17/2022,PBI,FL,ASO,ES,Combined TRACON& Tower with Radar,184,171,185,1,541,0,15,45,5,65,184,186,230,6,606,22,0,22,628
03/18/2022,PBI,FL,ASO,ES,Combined TRACON& Tower with Radar,187,189,216,0,592,0,15,67,4,86,187,204,283,4,678,0,0,0,678
03/19/2022,PBI,FL,ASO,ES,Combined TRACON& Tower with Radar,203,219,189,0,611,1,16,66,2,85,204,235,255,2,696,0,0,0,696
03/20/2022,PBI,FL,ASO,ES,Combined TRACON& Tower with Radar,184,245,231,0,660,0,10,46,2,58,184,255,277,2,718,12,0,12,730
03/21/2022,PBI,FL,ASO,ES,Combined TRACON& Tower with Radar,179,168,200,2,549,0,7,42,3,52,179,175,242,5,601,0,0,0,601
03/22/2022,PBI,FL,ASO,ES,Combined TRACON& Tower with Radar,184,164,166,0,514,0,6,75,2,83,184,170,241,2,597,0,0,0,597
03/23/2022,PBI,FL,ASO,ES,Combined TRACON& Tower with Radar,180,180,220,0,580,0,11,71,2,84,180,191,291,2,664,0,0,0,664
03/24/2022,PBI,FL,ASO,ES,Combined TRACON& Tower with Radar,187,181,220,1,589,0,10,60,0,70,187,191,280,1,659,0,0,0,659
03/25/2022,PBI,FL,ASO,ES,Combined TRACON& Tower with Radar,203,207,225,2,637,0,11,62,0,73,203,218,287,2,710,0,0,0,710
03/26/2022,PBI,FL,ASO,ES,Combined TRACON& Tower with Radar,196,195,203,2,596,0,10,63,1,74,196,205,266,3,670,0,0,0,670
03/27/2022,PBI,FL,ASO,ES,Combined TRACON& Tower with Radar,175,237,282,1,695,0,19,79,0,98,175,256,361,1,793,0,0,0,793
03/28/2022,PBI,FL,ASO,ES,Combined TRACON& Tower with Radar,180,166,210,0,556,0,11,62,0,73,180,177,272,0,629,0,0,0,629
03/29/2022,PBI,FL,ASO,ES,Combined TRACON& Tower with Radar,182,165,180,0,527,0,9,43,0,52,182,174,223,0,579,0,0,0,579
03/30/2022,PBI,FL,ASO,ES,Combined TRACON& Tower with Radar,169,172,181,0,522,0,8,42,2,52,169,180,223,2,574,0,0,0,574
03/31/2022,PBI,FL,ASO,ES,Combined TRACON& Tower with Radar,186,165,205,0,556,0,8,33,0,41,186,173,238,0,597,0,0,0,597
04/01/2022,PBI,FL,ASO,ES,Combined TRACON& Tower with Radar,156,158,158,0,472,0,6,40,0,46,156,164,198,0,518,0,0,0,518
04/02/2022,PBI,FL,ASO,ES,Combined TRACON& Tower with Radar,111,137,150,0,398,0,6,22,0,28,111,143,172,0,426,0,0,0,426
04/03/2022,PBI,FL,ASO,ES,Combined TRACON& Tower with Radar,139,244,229,0,612,0,8,41,0,49,139,252,270,0,661,0,0,0,661
04/04/2022,PBI,FL,ASO,ES,Combined TRACON& Tower with Radar,170,188,208,0,566,0,1,30,0,31,170,189,238,0,597,0,0,0,597
04/05/2022,PBI,FL,ASO,ES,Combined TRACON& Tower with Radar,169,133,182,1,485,0,10,67,1,78,169,143,249,2,563,0,0,0,563
04/06/2022,PBI,FL,ASO,ES,Combined TRACON& Tower with Radar,161,146,234,1,542,0,7,53,1,61,161,153,287,2,603,0,0,0,603
04/07/2022,PBI,FL,ASO,ES,Combined TRACON& Tower with Radar,147,146,203,0,496,0,4,61,0,65,147,150,264,0,561,4,0,4,565
04/08/2022,PBI,FL,ASO,ES,Combined TRACON& Tower with Radar,153,211,258,0,622,0,10,72,0,82,153,221,330,0,704,0,0,0,704
04/09/2022,PBI,FL,ASO,ES,Combined TRACON& Tower with Radar,165,161,159,0,485,0,4,57,0,61,165,165,216,0,546,0,0,0,546
04/10/2022,PBI,FL,ASO,ES,Combined TRACON& Tower with Radar,154,197,242,0,593,0,15,48,0,63,154,212,290,0,656,0,0,0,656
04/11/2022,PBI,FL,ASO,ES,Combined TRACON& Tower with Radar,172,185,206,0,563,0,6,69,0,75,172,191,275,0,638,0,0,0,638
04/12/2022,PBI,FL,ASO,ES,Combined TRACON& Tower with Radar,162,158,158,0,478,0,6,45,0,51,162,164,203,0,529,0,0,0,529
04/13/2022,PBI,FL,ASO,ES,Combined TRACON& Tower with Radar,163,207,239,0,609,0,8,83,1,92,163,215,322,1,701,0,0,0,701
04/14/2022,PBI,FL,ASO,ES,Combined TRACON& Tower with Radar,159,241,223,2,625,1,9,58,0,68,160,250,281,2,693,0,0,0,693
04/15/2022,PBI,FL,ASO,ES,Combined TRACON& Tower with Radar,166,166,157,0,489,0,10,41,0,51,166,176,198,0,540,0,0,0,540
04/16/2022,PBI,FL,ASO,ES,Combined TRACON& Tower with Radar,171,158,116,0,445,0,9,75,2,86,171,167,191,2,531,0,0,0,531
04/17/2022,PBI,FL,ASO,ES,Combined TRACON& Tower with Radar,156,219,156,0,531,1,10,53,0,64,157,229,209,0,595,0,0,0,595
04/18/2022,PBI,FL,ASO,ES,Combined TRACON& Tower with Radar,171,217,292,6,686,0,3,53,2,58,171,220,345,8,744,0,0,0,744
04/19/2022,PBI,FL,ASO,ES,Combined TRACON& Tower with Radar,169,177,177,0,523,0,10,72,2,84,169,187,249,2,607,0,0,0,607
04/20/2022,PBI,FL,ASO,ES,Combined TRACON& Tower with Radar,160,177,167,0,504,0,5,57,0,62,160,182,224,0,566,0,0,0,566
04/21/2022,PBI,FL,ASO,ES,Combined TRACON& Tower with Radar,163,172,181,0,516,0,6,71,0,77,163,178,252,0,593,0,0,0,593
04/22/2022,PBI,FL,ASO,ES,Combined TRACON& Tower with Radar,178,156,183,4,521,0,7,60,1,68,178,163,243,5,589,0,0,0,589
04/23/2022,PBI,FL,ASO,ES,Combined TRACON& Tower with Radar,154,151,141,0,446,0,5,30,1,36,154,156,171,1,482,0,0,0,482
04/24/2022,PBI,FL,ASO,ES,Combined TRACON& Tower with Radar,148,192,239,0,579,0,4,44,0,48,148,196,283,0,627,0,0,0,627
04/25/2022,PBI,FL,ASO,ES,Combined TRACON& Tower with Radar,163,162,194,4,523,0,4,48,0,52,163,166,242,4,575,0,0,0,575
04/26/2022,PBI,FL,ASO,ES,Combined TRACON& Tower with Radar,157,143,165,2,467,0,11,66,1,78,157,154,231,3,545,0,0,0,545
04/27/2022,PBI,FL,ASO,ES,Combined TRACON& Tower with Radar,153,173,163,0,489,0,6,61,1,68,153,179,224,1,557,0,0,0,557
04/28/2022,PBI,FL,ASO,ES,Combined TRACON& Tower with Radar,168,158,233,1,560,0,3,46,0,49,168,161,279,1,609,0,0,0,609
04/29/2022,PBI,FL,ASO,ES,Combined TRACON& Tower with Radar,169,152,163,0,484,0,3,40,0,43,169,155,203,0,527,0,0,0,527
04/30/2022,PBI,FL,ASO,ES,Combined TRACON& Tower with Radar,146,130,133,0,409,0,3,20,0,23,146,133,153,0,432,0,0,0,432
05/01/2022,PBI,FL,ASO,ES,Combined TRACON& Tower with Radar,142,226,169,0,537,0,2,50,0,52,142,228,219,0,589,40,0,40,629
05/02/2022,PBI,FL,ASO,ES,Combined TRACON& Tower with Radar,162,161,142,0,465,0,18,62,0,80,162,179,204,0,545,0,0,0,545
05/03/2022,PBI,FL,ASO,ES,Combined TRACON& Tower with Radar,151,134,134,0,419,0,1,70,0,71,151,135,204,0,490,0,0,0,490
05/04/2022,PBI,FL,ASO,ES,Combined TRACON& Tower with Radar,142,184,170,0,496,0,10,66,0,76,142,194,236,0,572,0,0,0,572
05/05/2022,PBI,FL,ASO,ES,Combined TRACON& Tower with Radar,148,174,215,0,537,0,3,62,4,69,148,177,277,4,606,0,0,0,606
05/06/2022,PBI,FL,ASO,ES,Combined TRACON& Tower with Radar,145,182,153,1,481,0,0,66,1,67,145,182,219,2,548,0,0,0,548
05/07/2022,PBI,FL,ASO,ES,Combined TRACON& Tower with Radar,135,125,104,0,364,0,2,38,0,40,135,127,142,0,404,0,0,0,404
05/08/2022,PBI,FL,ASO,ES,Combined TRACON& Tower with Radar,147,162,179,1,489,0,4,48,1,53,147,166,227,2,542,0,0,0,542
05/09/2022,PBI,FL,ASO,ES,Combined TRACON& Tower with Radar,146,163,169,0,478,0,10,72,0,82,146,173,241,0,560,20,0,20,580
05/10/2022,PBI,FL,ASO,ES,Combined TRACON& Tower with Radar,139,147,130,0,416,0,9,46,3,58,139,156,176,3,474,0,0,0,474
05/11/2022,PBI,FL,ASO,ES,Combined TRACON& Tower with Radar,142,141,148,0,431,0,11,42,1,54,142,152,190,1,485,0,0,0,485
05/12/2022,PBI,FL,ASO,ES,Combined TRACON& Tower with Radar,144,137,182,3,466,0,12,48,0,60,144,149,230,3,526,2,0,2,528
05/13/2022,PBI,FL,ASO,ES,Combined TRACON& Tower with Radar,142,145,135,1,423,0,1,42,0,43,142,146,177,1,466,0,0,0,466
05/14/2022,PBI,FL,ASO,ES,Combined TRACON& Tower with Radar,132,136,102,0,370,0,1,44,0,45,132,137,146,0,415,0,0,0,415
05/15/2022,PBI,FL,ASO,ES,Combined TRACON& Tower with Radar,127,163,208,0,498,0,4,42,0,46,127,167,250,0,544,0,0,0,544
05/16/2022,PBI,FL,ASO,ES,Combined TRACON& Tower with Radar,137,152,136,0,425,0,8,41,1,50,137,160,177,1,475,0,0,0,475
05/17/2022,PBI,FL,ASO,ES,Combined TRACON& Tower with Radar,134,132,127,0,393,0,7,42,6,55,134,139,169,6,448,0,0,0,448
05/18/2022,PBI,FL,ASO,ES,Combined TRACON& Tower with Radar,141,151,141,0,433,0,5,60,2,67,141,156,201,2,500,0,0,0,500
05/19/2022,PBI,FL,ASO,ES,Combined TRACON& Tower with Radar,142,140,124,1,407,0,7,66,3,76,142,147,190,4,483,0,0,0,483
05/20/2022,PBI,FL,ASO,ES,Combined TRACON& Tower with Radar,140,141,117,0,398,0,9,29,0,38,140,150,146,0,436,0,0,0,436
05/21/2022,PBI,FL,ASO,ES,Combined TRACON& Tower with Radar,135,117,97,0,349,0,3,30,0,33,135,120,127,0,382,0,0,0,382
05/22/2022,PBI,FL,ASO,ES,Combined TRACON& Tower with Radar,118,144,115,1,378,0,7,57,0,64,118,151,172,1,442,0,0,0,442
05/23/2022,PBI,FL,ASO,ES,Combined TRACON& Tower with Radar,137,135,145,1,418,0,3,65,0,68,137,138,210,1,486,0,0,0,486
05/24/2022,PBI,FL,ASO,ES,Combined TRACON& Tower with Radar,142,117,120,2,381,0,11,70,0,81,142,128,190,2,462,36,0,36,498
05/25/2022,PBI,FL,ASO,ES,Combined TRACON& Tower with Radar,137,124,127,2,390,0,4,67,1,72,137,128,194,3,462,0,0,0,462
05/26/2022,PBI,FL,ASO,ES,Combined TRACON& Tower with Radar,140,141,142,0,423,0,5,70,1,76,140,146,212,1,499,0,0,0,499
05/27/2022,PBI,FL,ASO,ES,Combined TRACON& Tower with Radar,134,139,161,0,434,0,4,59,0,63,134,143,220,0,497,0,0,0,497
05/28/2022,PBI,FL,ASO,ES,Combined TRACON& Tower with Radar,131,112,80,0,323,0,4,35,0,39,131,116,115,0,362,0,0,0,362
05/29/2022,PBI,FL,ASO,ES,Combined TRACON& Tower with Radar,153,84,81,0,318,1,1,21,0,23,154,85,102,0,341,0,0,0,341
05/30/2022,PBI,FL,ASO,ES,Combined TRACON& Tower with Radar,142,123,126,0,391,0,2,56,0,58,142,125,182,0,449,2,0,2,451
05/31/2022,PBI,FL,ASO,ES,Combined TRACON& Tower with Radar,135,129,144,0,408,0,3,51,0,54,135,132,195,0,462,0,0,0,462
06/01/2022,PBI,FL,ASO,ES,Combined TRACON& Tower with Radar,161,89,127,2,379,0,3,47,0,50,161,92,174,2,429,0,0,0,429
06/02/2022,PBI,FL,ASO,ES,Combined TRACON& Tower with Radar,120,119,126,0,365,0,4,81,1,86,120,123,207,1,451,18,0,18,469
06/03/2022,PBI,FL,ASO,ES,Combined TRACON& Tower with Radar,121,88,87,0,296,0,0,12,0,12,121,88,99,0,308,0,0,0,308
06/04/2022,PBI,FL,ASO,ES,Combined TRACON& Tower with Radar,95,49,35,0,179,0,0,6,0,6,95,49,41,0,185,0,0,0,185
06/05/2022,PBI,FL,ASO,ES,Combined TRACON& Tower with Radar,121,120,109,0,350,0,1,41,0,42,121,121,150,0,392,0,0,0,392
06/06/2022,PBI,FL,ASO,ES,Combined TRACON& Tower with Radar,120,106,87,0,313,0,6,53,0,59,120,112,140,0,372,0,0,0,372
06/07/2022,PBI,FL,ASO,ES,Combined TRACON& Tower with Radar,122,76,85,4,287,0,4,41,1,46,122,80,126,5,333,0,0,0,333
06/08/2022,PBI,FL,ASO,ES,Combined TRACON& Tower with Radar,123,96,106,3,328,0,12,52,4,68,123,108,158,7,396,0,0,0,396
06/09/2022,PBI,FL,ASO,ES,Combined TRACON& Tower with Radar,133,118,125,2,378,0,1,51,1,53,133,119,176,3,431,2,0,2,433
06/10/2022,PBI,FL,ASO,ES,Combined TRACON& Tower with Radar,120,97,121,3,341,0,3,56,5,64,120,100,177,8,405,20,0,20,425
06/11/2022,PBI,FL,ASO,ES,Combined TRACON& Tower with Radar,122,95,64,0,281,0,5,53,0,58,122,100,117,0,339,0,0,0,339
06/12/2022,PBI,FL,ASO,ES,Combined TRACON& Tower with Radar,107,85,99,0,291,0,4,44,6,54,107,89,143,6,345,0,0,0,345
06/13/2022,PBI,FL,ASO,ES,Combined TRACON& Tower with Radar,110,91,104,1,306,0,6,52,1,59,110,97,156,2,365,2,0,2,367
06/14/2022,PBI,FL,ASO,ES,Combined TRACON& Tower with Radar,114,52,95,0,261,0,7,55,1,63,114,59,150,1,324,0,0,0,324
06/15/2022,PBI,FL,ASO,ES,Combined TRACON& Tower with Radar,114,99,119,0,332,0,7,79,0,86,114,106,198,0,418,8,0,8,426
06/16/2022,PBI,FL,ASO,ES,Combined TRACON& Tower with Radar,102,101,96,0,299,0,15,55,0,70,102,116,151,0,369,4,0,4,373
06/17/2022,PBI,FL,ASO,ES,Combined TRACON& Tower with Radar,109,85,110,3,307,0,6,75,0,81,109,91,185,3,388,0,0,0,388
06/18/2022,PBI,FL,ASO,ES,Combined TRACON& Tower with Radar,117,62,60,0,239,0,4,38,2,44,117,66,98,2,283,0,0,0,283
06/19/2022,PBI,FL,ASO,ES,Combined TRACON& Tower with Radar,110,77,86,0,273,0,5,40,1,46,110,82,126,1,319,0,0,0,319
06/20/2022,PBI,FL,ASO,ES,Combined TRACON& Tower with Radar,111,96,102,0,309,0,3,54,4,61,111,99,156,4,370,0,0,0,370
06/21/2022,PBI,FL,ASO,ES,Combined TRACON& Tower with Radar,117,66,70,1,254,0,7,67,0,74,117,73,137,1,328,0,0,0,328
06/22/2022,PBI,FL,ASO,ES,Combined TRACON& Tower with Radar,97,48,77,0,222,0,9,58,0,67,97,57,135,0,289,0,0,0,289
06/23/2022,PBI,FL,ASO,ES,Combined TRACON& Tower with Radar,123,82,92,1,298,0,6,64,0,70,123,88,156,1,368,18,0,18,386
06/24/2022,PBI,FL,ASO,ES,Combined TRACON& Tower with Radar,111,70,79,1,261,0,4,70,0,74,111,74,149,1,335,42,0,42,377
06/25/2022,PBI,FL,ASO,ES,Combined TRACON& Tower with Radar,114,65,53,0,232,0,5,24,0,29,114,70,77,0,261,0,0,0,261
06/26/2022,PBI,FL,ASO,ES,Combined TRACON& Tower with Radar,101,73,70,0,244,0,1,37,0,38,101,74,107,0,282,0,0,0,282
06/27/2022,PBI,FL,ASO,ES,Combined TRACON& Tower with Radar,106,85,70,0,261,0,13,51,0,64,106,98,121,0,325,0,0,0,325
06/28/2022,PBI,FL,ASO,ES,Combined TRACON& Tower with Radar,113,57,78,0,248,0,8,54,0,62,113,65,132,0,310,0,0,0,310
06/29/2022,PBI,FL,ASO,ES,Combined TRACON& Tower with Radar,112,83,94,0,289,0,6,45,0,51,112,89,139,0,340,0,0,0,340
06/30/2022,PBI,FL,ASO,ES,Combined TRACON& Tower with Radar,123,88,97,0,308,0,1,61,2,64,123,89,158,2,372,0,0,0,372
07/01/2022,PBI,FL,ASO,ES,Combined TRACON& Tower with Radar,110,79,91,0,280,0,4,70,0,74,110,83,161,0,354,10,0,10,364
07/02/2022,PBI,FL,ASO,ES,Combined TRACON& Tower with Radar,109,57,53,0,219,0,6,30,1,37,109,63,83,1,256,22,0,22,278
07/03/2022,PBI,FL,ASO,ES,Combined TRACON& Tower with Radar,105,50,36,1,192,0,6,46,0,52,105,56,82,1,244,0,0,0,244
07/04/2022,PBI,FL,ASO,ES,Combined TRACON& Tower with Radar,101,40,43,0,184,0,2,46,0,48,101,42,89,0,232,0,0,0,232
07/05/2022,PBI,FL,ASO,ES,Combined TRACON& Tower with Radar,111,78,86,0,275,0,10,59,2,71,111,88,145,2,346,0,0,0,346
07/06/2022,PBI,FL,ASO,ES,Combined TRACON& Tower with Radar,108,68,73,0,249,0,4,54,2,60,108,72,127,2,309,0,0,0,309
07/07/2022,PBI,FL,ASO,ES,Combined TRACON& Tower with Radar,124,67,83,0,274,0,8,52,0,60,124,75,135,0,334,0,0,0,334
07/08/2022,PBI,FL,ASO,ES,Combined TRACON& Tower with Radar,118,69,83,0,270,0,3,69,0,72,118,72,152,0,342,38,0,38,380
07/09/2022,PBI,FL,ASO,ES,Combined TRACON& Tower with Radar,109,43,49,0,201,0,5,45,0,50,109,48,94,0,251,18,0,18,269
07/10/2022,PBI,FL,ASO,ES,Combined TRACON& Tower with Radar,113,67,77,0,257,0,5,34,0,39,113,72,111,0,296,0,0,0,296
07/11/2022,PBI,FL,ASO,ES,Combined TRACON& Tower with Radar,115,65,63,0,243,0,4,52,0,56,115,69,115,0,299,0,0,0,299
07/12/2022,PBI,FL,ASO,ES,Combined TRACON& Tower with Radar,111,73,67,0,251,0,0,50,0,50,111,73,117,0,301,0,0,0,301
07/13/2022,PBI,FL,ASO,ES,Combined TRACON& Tower with Radar,112,69,87,0,268,0,7,64,1,72,112,76,151,1,340,0,0,0,340
07/14/2022,PBI,FL,ASO,ES,Combined TRACON& Tower with Radar,120,83,105,0,308,0,5,52,4,61,120,88,157,4,369,4,0,4,373
07/15/2022,PBI,FL,ASO,ES,Combined TRACON& Tower with Radar,111,78,69,1,259,0,9,43,1,53,111,87,112,2,312,2,0,2,314
07/16/2022,PBI,FL,ASO,ES,Combined TRACON& Tower with Radar,106,57,40,0,203,0,2,27,1,30,106,59,67,1,233,0,0,0,233
07/17/2022,PBI,FL,ASO,ES,Combined TRACON& Tower with Radar,114,71,87,0,272,0,7,34,0,41,114,78,121,0,313,0,0,0,313
07/18/2022,PBI,FL,ASO,ES,Combined TRACON& Tower with Radar,105,69,81,0,255,0,7,46,0,53,105,76,127,0,308,0,0,0,308
07/19/2022,PBI,FL,ASO,ES,Combined TRACON& Tower with Radar,124,56,82,2,264,0,18,52,2,72,124,74,134,4,336,18,0,18,354
07/20/2022,PBI,FL,ASO,ES,Combined TRACON& Tower with Radar,114,75,92,1,282,0,15,53,3,71,114,90,145,4,353,2,0,2,355
07/21/2022,PBI,FL,ASO,ES,Combined TRACON& Tower with Radar,111,66,81,0,258,0,10,61,0,71,111,76,142,0,329,14,0,14,343
07/22/2022,PBI,FL,ASO,ES,Combined TRACON& Tower with Radar,119,68,69,1,257,0,3,36,0,39,119,71,105,1,296,0,0,0,296
07/23/2022,PBI,FL,ASO,ES,Combined TRACON& Tower with Radar,105,56,40,7,208,0,10,22,0,32,105,66,62,7,240,0,0,0,240
07/24/2022,PBI,FL,ASO,ES,Combined TRACON& Tower with Radar,115,68,79,1,263,0,1,46,0,47,115,69,125,1,310,0,0,0,310
07/25/2022,PBI,FL,ASO,ES,Combined TRACON& Tower with Radar,109,70,67,3,249,0,4,34,0,38,109,74,101,3,287,0,0,0,287
07/26/2022,PBI,FL,ASO,ES,Combined TRACON& Tower with Radar,125,76,77,0,278,0,6,38,0,44,125,82,115,0,322,0,0,0,322
07/27/2022,PBI,FL,ASO,ES,Combined TRACON& Tower with Radar,114,69,90,2,275,0,10,50,0,60,114,79,140,2,335,0,0,0,335
07/28/2022,PBI,FL,ASO,ES,Combined TRACON& Tower with Radar,114,61,80,0,255,0,5,66,0,71,114,66,146,0,326,0,0,0,326
07/29/2022,PBI,FL,ASO,ES,Combined TRACON& Tower with Radar,115,75,83,3,276,0,13,55,13,81,115,88,138,16,357,20,0,20,377
07/30/2022,PBI,FL,ASO,ES,Combined TRACON& Tower with Radar,110,68,49,0,227,0,2,35,1,38,110,70,84,1,265,0,0,0,265
07/31/2022,PBI,FL,ASO,ES,Combined TRACON& Tower with Radar,109,78,74,0,261,0,0,32,0,32,109,78,106,0,293,0,0,0,293
08/01/2022,PBI,FL,ASO,ES,Combined TRACON& Tower with Radar,113,79,101,0,293,0,8,35,2,45,113,87,136,2,338,4,0,4,342
08/02/2022,PBI,FL,ASO,ES,Combined TRACON& Tower with Radar,117,68,83,1,269,0,3,44,0,47,117,71,127,1,316,0,0,0,316
08/03/2022,PBI,FL,ASO,ES,Combined TRACON& Tower with Radar,116,52,90,0,258,0,1,47,0,48,116,53,137,0,306,0,0,0,306
08/04/2022,PBI,FL,ASO,ES,Combined TRACON& Tower with Radar,110,81,91,0,282,0,8,67,0,75,110,89,158,0,357,0,0,0,357
08/05/2022,PBI,FL,ASO,ES,Combined TRACON& Tower with Radar,93,73,74,0,240,0,4,41,1,46,93,77,115,1,286,0,0,0,286
08/06/2022,PBI,FL,ASO,ES,Combined TRACON& Tower with Radar,113,60,64,0,237,0,5,40,0,45,113,65,104,0,282,0,0,0,282
08/07/2022,PBI,FL,ASO,ES,Combined TRACON& Tower with Radar,106,74,83,0,263,0,1,29,0,30,106,75,112,0,293,0,0,0,293
08/08/2022,PBI,FL,ASO,ES,Combined TRACON& Tower with Radar,113,74,88,1,276,0,2,50,0,52,113,76,138,1,328,2,0,2,330
08/09/2022,PBI,FL,ASO,ES,Combined TRACON& Tower with Radar,108,63,62,0,233,0,3,51,0,54,108,66,113,0,287,0,0,0,287
08/10/2022,PBI,FL,ASO,ES,Combined TRACON& Tower with Radar,103,64,87,0,254,0,7,46,0,53,103,71,133,0,307,0,0,0,307
08/11/2022,PBI,FL,ASO,ES,Combined TRACON& Tower with Radar,120,68,93,0,281,0,8,68,2,78,120,76,161,2,359,18,0,18,377
08/12/2022,PBI,FL,ASO,ES,Combined TRACON& Tower with Radar,114,75,65,0,254,0,3,50,1,54,114,78,115,1,308,0,0,0,308
08/13/2022,PBI,FL,ASO,ES,Combined TRACON& Tower with Radar,114,62,47,0,223,0,3,20,0,23,114,65,67,0,246,0,0,0,246
08/14/2022,PBI,FL,ASO,ES,Combined TRACON& Tower with Radar,112,105,88,0,305,0,8,47,2,57,112,113,135,2,362,0,0,0,362
08/15/2022,PBI,FL,ASO,ES,Combined TRACON& Tower with Radar,105,74,73,1,253,0,6,39,3,48,105,80,112,4,301,10,0,10,311
08/16/2022,PBI,FL,ASO,ES,Combined TRACON& Tower with Radar,113,57,69,2,241,0,4,40,1,45,113,61,109,3,286,0,0,0,286
08/17/2022,PBI,FL,ASO,ES,Combined TRACON& Tower with Radar,99,73,74,0,246,0,7,43,5,55,99,80,117,5,301,8,0,8,309
08/18/2022,PBI,FL,ASO,ES,Combined TRACON& Tower with Radar,123,70,75,0,268,0,5,50,4,59,123,75,125,4,327,0,0,0,327
08/19/2022,PBI,FL,ASO,ES,Combined TRACON& Tower with Radar,120,91,79,1,291,0,7,53,0,60,120,98,132,1,351,2,0,2,353
08/20/2022,PBI,FL,ASO,ES,Combined TRACON& Tower with Radar,107,63,47,0,217,0,2,32,0,34,107,65,79,0,251,0,0,0,251
08/21/2022,PBI,FL,ASO,ES,Combined TRACON& Tower with Radar,104,101,76,0,281,0,5,39,2,46,104,106,115,2,327,0,0,0,327
08/22/2022,PBI,FL,ASO,ES,Combined TRACON& Tower with Radar,98,66,75,1,240,0,27,42,0,69,98,93,117,1,309,0,0,0,309
08/23/2022,PBI,FL,ASO,ES,Combined TRACON& Tower with Radar,101,64,58,2,225,0,14,49,1,64,101,78,107,3,289,13,0,13,302
08/24/2022,PBI,FL,ASO,ES,Combined TRACON& Tower with Radar,105,67,74,0,246,0,6,46,0,52,105,73,120,0,298,0,0,0,298
08/25/2022,PBI,FL,ASO,ES,Combined TRACON& Tower with Radar,112,80,82,0,274,0,5,55,0,60,112,85,137,0,334,0,0,0,334
08/26/2022,PBI,FL,ASO,ES,Combined TRACON& Tower with Radar,109,76,47,1,233,0,8,34,1,43,109,84,81,2,276,0,0,0,276
08/27/2022,PBI,FL,ASO,ES,Combined TRACON& Tower with Radar,115,44,48,0,207,0,4,31,2,37,115,48,79,2,244,0,0,0,244
08/28/2022,PBI,FL,ASO,ES,Combined TRACON& Tower with Radar,105,59,60,0,224,0,4,39,0,43,105,63,99,0,267,0,0,0,267
08/29/2022,PBI,FL,ASO,ES,Combined TRACON& Tower with Radar,106,66,74,0,246,0,5,35,2,42,106,71,109,2,288,0,0,0,288
08/30/2022,PBI,FL,ASO,ES,Combined TRACON& Tower with Radar,99,61,73,0,233,0,4,51,0,55,99,65,124,0,288,0,0,0,288
08/31/2022,PBI,FL,ASO,ES,Combined TRACON& Tower with Radar,112,75,88,0,275,0,2,55,0,57,112,77,143,0,332,0,0,0,332
09/01/2022,PBI,FL,ASO,ES,Combined TRACON& Tower with Radar,117,87,108,0,312,0,8,58,2,68,117,95,166,2,380,4,0,4,384
09/02/2022,PBI,FL,ASO,ES,Combined TRACON& Tower with Radar,116,71,100,0,287,0,6,46,2,54,116,77,146,2,341,2,0,2,343
09/03/2022,PBI,FL,ASO,ES,Combined TRACON& Tower with Radar,106,61,39,0,206,0,3,28,0,31,106,64,67,0,237,0,0,0,237
09/04/2022,PBI,FL,ASO,ES,Combined TRACON& Tower with Radar,108,64,51,0,223,0,1,31,0,32,108,65,82,0,255,0,0,0,255
09/05/2022,PBI,FL,ASO,ES,Combined TRACON& Tower with Radar,104,95,79,0,278,0,3,51,0,54,104,98,130,0,332,12,0,12,344
09/06/2022,PBI,FL,ASO,ES,Combined TRACON& Tower with Radar,113,93,74,0,280,0,9,41,4,54,113,102,115,4,334,0,0,0,334
09/07/2022,PBI,FL,ASO,ES,Combined TRACON& Tower with Radar,103,79,62,0,244,0,3,52,0,55,103,82,114,0,299,0,0,0,299
09/08/2022,PBI,FL,ASO,ES,Combined TRACON& Tower with Radar,118,76,77,0,271,0,6,32,2,40,118,82,109,2,311,0,0,0,311
09/09/2022,PBI,FL,ASO,ES,Combined TRACON& Tower with Radar,115,94,69,2,280,0,1,29,2,32,115,95,98,4,312,0,0,0,312
09/10/2022,PBI,FL,ASO,ES,Combined TRACON& Tower with Radar,105,64,27,0,196,0,5,38,3,46,105,69,65,3,242,0,0,0,242
09/11/2022,PBI,FL,ASO,ES,Combined TRACON& Tower with Radar,107,89,78,1,275,0,1,37,0,38,107,90,115,1,313,0,0,0,313
09/12/2022,PBI,FL,ASO,ES,Combined TRACON& Tower with Radar,113,86,91,0,290,0,6,52,4,62,113,92,143,4,352,0,0,0,352
09/13/2022,PBI,FL,ASO,ES,Combined TRACON& Tower with Radar,113,76,86,1,276,1,2,59,2,64,114,78,145,3,340,0,0,0,340
09/14/2022,PBI,FL,ASO,ES,Combined TRACON& Tower with Radar,118,77,92,0,287,1,4,47,1,53,119,81,139,1,340,0,0,0,340
09/15/2022,PBI,FL,ASO,ES,Combined TRACON& Tower with Radar,118,83,88,0,289,0,3,43,0,46,118,86,131,0,335,0,0,0,335
09/16/2022,PBI,FL,ASO,ES,Combined TRACON& Tower with Radar,111,96,72,0,279,0,11,32,3,46,111,107,104,3,325,0,0,0,325
09/17/2022,PBI,FL,ASO,ES,Combined TRACON& Tower with Radar,101,51,50,0,202,0,3,21,0,24,101,54,71,0,226,0,0,0,226
09/18/2022,PBI,FL,ASO,ES,Combined TRACON& Tower with Radar,107,89,70,0,266,0,1,31,0,32,107,90,101,0,298,0,0,0,298
09/19/2022,PBI,FL,ASO,ES,Combined TRACON& Tower with Radar,111,81,86,0,278,0,2,39,0,41,111,83,125,0,319,0,0,0,319
09/20/2022,PBI,FL,ASO,ES,Combined TRACON& Tower with Radar,102,84,63,0,249,0,8,45,0,53,102,92,108,0,302,0,0,0,302
09/21/2022,PBI,FL,ASO,ES,Combined TRACON& Tower with Radar,101,86,96,0,283,0,6,47,2,55,101,92,143,2,338,0,0,0,338
09/22/2022,PBI,FL,ASO,ES,Combined TRACON& Tower with Radar,114,113,99,0,326,0,7,47,2,56,114,120,146,2,382,0,0,0,382
09/23/2022,PBI,FL,ASO,ES,Combined TRACON& Tower with Radar,117,107,94,0,318,0,3,47,0,50,117,110,141,0,368,4,0,4,372
09/24/2022,PBI,FL,ASO,ES,Combined TRACON& Tower with Radar,97,72,38,0,207,0,2,23,2,27,97,74,61,2,234,0,0,0,234
09/25/2022,PBI,FL,ASO,ES,Combined TRACON& Tower with Radar,105,89,78,0,272,1,5,39,1,46,106,94,117,1,318,6,0,6,324
09/26/2022,PBI,FL,ASO,ES,Combined TRACON& Tower with Radar,111,104,81,0,296,0,8,26,2,36,111,112,107,2,332,0,0,0,332
09/27/2022,PBI,FL,ASO,ES,Combined TRACON& Tower with Radar,106,70,43,12,231,0,0,7,7,14,106,70,50,19,245,0,0,0,245
09/28/2022,PBI,FL,ASO,ES,Combined TRACON& Tower with Radar,72,12,11,2,97,0,0,2,3,5,72,12,13,5,102,0,0,0,102
09/29/2022,PBI,FL,ASO,ES,Combined TRACON& Tower with Radar,114,36,27,8,185,0,2,18,4,24,114,38,45,12,209,0,0,0,209
09/30/2022,PBI,FL,ASO,ES,Combined TRACON& Tower with Radar,120,108,75,4,307,0,7,37,6,50,120,115,112,10,357,0,0,0,357
10/01/2022,PBI,FL,ASO,ES,Combined TRACON& Tower with Radar,107,88,69,2,266,0,4,28,2,34,107,92,97,4,300,0,0,0,300
10/02/2022,PBI,FL,ASO,ES,Combined TRACON& Tower with Radar,115,109,53,1,278,0,3,39,1,43,115,112,92,2,321,0,0,0,321
10/03/2022,PBI,FL,ASO,ES,Combined TRACON& Tower with Radar,112,99,96,0,307,0,14,71,4,89,112,113,167,4,396,2,0,2,398
10/04/2022,PBI,FL,ASO,ES,Combined TRACON& Tower with Radar,107,84,90,0,281,0,18,59,2,79,107,102,149,2,360,0,0,0,360
10/05/2022,PBI,FL,ASO,ES,Combined TRACON& Tower with Radar,111,107,92,1,311,0,9,57,0,66,111,116,149,1,377,0,0,0,377
10/06/2022,PBI,FL,ASO,ES,Combined TRACON& Tower with Radar,133,130,95,0,358,0,7,69,2,78,133,137,164,2,436,0,0,0,436
10/07/2022,PBI,FL,ASO,ES,Combined TRACON& Tower with Radar,130,126,114,0,370,0,4,60,9,73,130,130,174,9,443,0,0,0,443
10/08/2022,PBI,FL,ASO,ES,Combined TRACON& Tower with Radar,115,93,85,0,293,0,7,23,3,33,115,100,108,3,326,0,0,0,326
10/09/2022,PBI,FL,ASO,ES,Combined TRACON& Tower with Radar,136,124,87,0,347,0,2,36,1,39,136,126,123,1,386,0,0,0,386
10/10/2022,PBI,FL,ASO,ES,Combined TRACON& Tower with Radar,121,115,103,0,339,0,5,42,5,52,121,120,145,5,391,0,0,0,391
10/11/2022,PBI,FL,ASO,ES,Combined TRACON& Tower with Radar,122,107,98,0,327,0,4,41,2,47,122,111,139,2,374,0,0,0,374
10/12/2022,PBI,FL,ASO,ES,Combined TRACON& Tower with Radar,118,134,120,0,372,0,3,60,2,65,118,137,180,2,437,0,0,0,437
10/13/2022,PBI,FL,ASO,ES,Combined TRACON& Tower with Radar,137,129,116,3,385,0,5,28,0,33,137,134,144,3,418,0,0,0,418
10/14/2022,PBI,FL,ASO,ES,Combined TRACON& Tower with Radar,125,126,116,2,369,0,4,46,2,52,125,130,162,4,421,0,0,0,421
10/15/2022,PBI,FL,ASO,ES,Combined TRACON& Tower with Radar,121,125,63,0,309,0,3,24,1,28,121,128,87,1,337,0,0,0,337
10/16/2022,PBI,FL,ASO,ES,Combined TRACON& Tower with Radar,132,129,124,0,385,0,6,47,2,55,132,135,171,2,440,0,0,0,440
10/17/2022,PBI,FL,ASO,ES,Combined TRACON& Tower with Radar,120,146,115,0,381,0,3,45,0,48,120,149,160,0,429,0,0,0,429
10/18/2022,PBI,FL,ASO,ES,Combined TRACON& Tower with Radar,126,123,113,0,362,0,6,41,0,47,126,129,154,0,409,0,0,0,409
10/19/2022,PBI,FL,ASO,ES,Combined TRACON& Tower with Radar,120,142,117,0,379,0,7,49,2,58,120,149,166,2,437,0,0,0,437
10/20/2022,PBI,FL,ASO,ES,Combined TRACON& Tower with Radar,136,173,130,0,439,0,7,42,4,53,136,180,172,4,492,0,0,0,492
10/21/2022,PBI,FL,ASO,ES,Combined TRACON& Tower with Radar,128,138,114,1,381,0,6,59,4,69,128,144,173,5,450,2,0,2,452
10/22/2022,PBI,FL,ASO,ES,Combined TRACON& Tower with Radar,119,103,54,1,277,0,7,34,2,43,119,110,88,3,320,0,0,0,320
10/23/2022,PBI,FL,ASO,ES,Combined TRACON& Tower with Radar,137,155,131,1,424,0,3,37,0,40,137,158,168,1,464,0,0,0,464
10/24/2022,PBI,FL,ASO,ES,Combined TRACON& Tower with Radar,123,131,138,1,393,0,8,57,0,65,123,139,195,1,458,0,0,0,458
10/25/2022,PBI,FL,ASO,ES,Combined TRACON& Tower with Radar,118,137,143,0,398,0,15,65,2,82,118,152,208,2,480,0,0,0,480
10/26/2022,PBI,FL,ASO,ES,Combined TRACON& Tower with Radar,121,153,154,4,432,0,11,67,2,80,121,164,221,6,512,0,0,0,512
10/27/2022,PBI,FL,ASO,ES,Combined TRACON& Tower with Radar,138,194,159,1,492,0,9,55,3,67,138,203,214,4,559,0,0,0,559
10/28/2022,PBI,FL,ASO,ES,Combined TRACON& Tower with Radar,125,148,131,0,404,0,4,73,2,79,125,152,204,2,483,0,0,0,483
10/29/2022,PBI,FL,ASO,ES,Combined TRACON& Tower with Radar,119,111,91,0,321,0,3,36,0,39,119,114,127,0,360,0,0,0,360
10/30/2022,PBI,FL,ASO,ES,Combined TRACON& Tower with Radar,145,142,141,0,428,0,1,61,0,62,145,143,202,0,490,0,0,0,490
10/31/2022,PBI,FL,ASO,ES,Combined TRACON& Tower with Radar,127,108,107,0,342,0,2,66,0,68,127,110,173,0,410,16,0,16,426
11/01/2022,PBI,FL,ASO,ES,Combined TRACON& Tower with Radar,142,185,142,3,472,0,2,48,1,51,142,187,190,4,523,0,0,0,523
11/02/2022,PBI,FL,ASO,ES,Combined TRACON& Tower with Radar,141,173,164,3,481,0,11,64,2,77,141,184,228,5,558,0,0,0,558
11/03/2022,PBI,FL,ASO,ES,Combined TRACON& Tower with Radar,160,176,158,2,496,0,7,46,0,53,160,183,204,2,549,0,0,0,549
11/04/2022,PBI,FL,ASO,ES,Combined TRACON& Tower with Radar,142,178,132,7,459,0,4,53,5,62,142,182,185,12,521,0,0,0,521
11/05/2022,PBI,FL,ASO,ES,Combined TRACON& Tower with Radar,147,131,94,0,372,0,6,26,1,33,147,137,120,1,405,0,0,0,405
11/06/2022,PBI,FL,ASO,ES,Combined TRACON& Tower with Radar,163,191,175,3,532,0,8,38,6,52,163,199,213,9,584,0,0,0,584
11/07/2022,PBI,FL,ASO,ES,Combined TRACON& Tower with Radar,155,168,126,1,450,0,8,55,1,64,155,176,181,2,514,0,0,0,514
11/08/2022,PBI,FL,ASO,ES,Combined TRACON& Tower with Radar,162,161,143,0,466,0,3,26,0,29,162,164,169,0,495,0,0,0,495
11/09/2022,PBI,FL,ASO,ES,Combined TRACON& Tower with Radar,27,10,19,0,56,0,0,3,0,3,27,10,22,0,59,0,0,0,59
11/10/2022,PBI,FL,ASO,ES,Combined TRACON& Tower with Radar,142,68,79,1,290,0,2,21,1,24,142,70,100,2,314,0,0,0,314
11/11/2022,PBI,FL,ASO,ES,Combined TRACON& Tower with Radar,162,200,166,0,528,0,16,65,0,81,162,216,231,0,609,0,0,0,609
11/12/2022,PBI,FL,ASO,ES,Combined TRACON& Tower with Radar,155,123,100,0,378,0,3,37,0,40,155,126,137,0,418,0,0,0,418
11/13/2022,PBI,FL,ASO,ES,Combined TRACON& Tower with Radar,166,156,177,0,499,0,0,41,0,41,166,156,218,0,540,0,0,0,540
11/14/2022,PBI,FL,ASO,ES,Combined TRACON& Tower with Radar,164,129,151,0,444,0,2,53,0,55,164,131,204,0,499,16,0,16,515
11/15/2022,PBI,FL,ASO,ES,Combined TRACON& Tower with Radar,164,125,124,2,415,0,10,62,0,72,164,135,186,2,487,0,0,0,487
11/16/2022,PBI,FL,ASO,ES,Combined TRACON& Tower with Radar,163,183,150,0,496,0,6,63,0,69,163,189,213,0,565,0,0,0,565
11/17/2022,PBI,FL,ASO,ES,Combined TRACON& Tower with Radar,178,199,166,0,543,0,4,47,0,51,178,203,213,0,594,0,0,0,594
11/18/2022,PBI,FL,ASO,ES,Combined TRACON& Tower with Radar,172,201,174,0,547,0,4,79,2,85,172,205,253,2,632,0,0,0,632
11/19/2022,PBI,FL,ASO,ES,Combined TRACON& Tower with Radar,161,174,159,0,494,0,12,63,0,75,161,186,222,0,569,0,0,0,569
11/20/2022,PBI,FL,ASO,ES,Combined TRACON& Tower with Radar,180,162,154,0,496,0,1,5,2,8,180,163,159,2,504,0,0,0,504
11/21/2022,PBI,FL,ASO,ES,Combined TRACON& Tower with Radar,174,190,141,0,505,0,3,52,0,55,174,193,193,0,560,0,0,0,560
11/22/2022,PBI,FL,ASO,ES,Combined TRACON& Tower with Radar,183,227,152,0,562,0,4,28,0,32,183,231,180,0,594,0,0,0,594
11/23/2022,PBI,FL,ASO,ES,Combined TRACON& Tower with Radar,190,161,146,0,497,0,10,36,0,46,190,171,182,0,543,0,0,0,543
11/24/2022,PBI,FL,ASO,ES,Combined TRACON& Tower with Radar,108,80,32,0,220,0,5,39,0,44,108,85,71,0,264,0,0,0,264
11/25/2022,PBI,FL,ASO,ES,Combined TRACON& Tower with Radar,158,152,118,0,428,0,4,64,0,68,158,156,182,0,496,0,0,0,496
11/26/2022,PBI,FL,ASO,ES,Combined TRACON& Tower with Radar,179,214,133,0,526,0,7,44,0,51,179,221,177,0,577,4,0,4,581
11/27/2022,PBI,FL,ASO,ES,Combined TRACON& Tower with Radar,169,228,234,0,631,0,7,42,0,49,169,235,276,0,680,0,0,0,680
11/28/2022,PBI,FL,ASO,ES,Combined TRACON& Tower with Radar,183,197,159,0,539,0,13,51,1,65,183,210,210,1,604,0,0,0,604
11/29/2022,PBI,FL,ASO,ES,Combined TRACON& Tower with Radar,167,183,147,0,497,0,7,65,0,72,167,190,212,0,569,6,0,6,575
11/30/2022,PBI,FL,ASO,ES,Combined TRACON& Tower with Radar,165,193,159,0,517,0,7,38,0,45,165,200,197,0,562,6,0,6,568
12/01/2022,PBI,FL,ASO,ES,Combined TRACON& Tower with Radar,173,215,169,0,557,0,9,52,2,63,173,224,221,2,620,0,0,0,620
12/02/2022,PBI,FL,ASO,ES,Combined TRACON& Tower with Radar,168,206,137,0,511,0,6,54,3,63,168,212,191,3,574,0,0,0,574
12/03/2022,PBI,FL,ASO,ES,Combined TRACON& Tower with Radar,147,128,92,1,368,0,3,30,0,33,147,131,122,1,401,0,0,0,401
12/04/2022,PBI,FL,ASO,ES,Combined TRACON& Tower with Radar,159,199,166,2,526,0,1,49,2,52,159,200,215,4,578,0,0,0,578
12/05/2022,PBI,FL,ASO,ES,Combined TRACON& Tower with Radar,166,158,140,1,465,0,1,51,2,54,166,159,191,3,519,0,0,0,519
12/06/2022,PBI,FL,ASO,ES,Combined TRACON& Tower with Radar,159,156,145,2,462,0,6,63,0,69,159,162,208,2,531,14,0,14,545
12/07/2022,PBI,FL,ASO,ES,Combined TRACON& Tower with Radar,158,170,142,4,474,0,7,64,1,72,158,177,206,5,546,0,0,0,546
12/08/2022,PBI,FL,ASO,ES,Combined TRACON& Tower with Radar,172,197,190,0,559,0,9,69,0,78,172,206,259,0,637,20,0,20,657
12/09/2022,PBI,FL,ASO,ES,Combined TRACON& Tower with Radar,171,159,146,8,484,0,2,52,5,59,171,161,198,13,543,0,0,0,543
12/10/2022,PBI,FL,ASO,ES,Combined TRACON& Tower with Radar,148,109,83,0,340,0,5,31,0,36,148,114,114,0,376,0,0,0,376
12/11/2022,PBI,FL,ASO,ES,Combined TRACON& Tower with Radar,159,189,159,2,509,1,3,53,0,57,160,192,212,2,566,0,0,0,566
12/12/2022,PBI,FL,ASO,ES,Combined TRACON& Tower with Radar,168,146,144,1,459,0,9,53,0,62,168,155,197,1,521,31,0,31,552
12/13/2022,PBI,FL,ASO,ES,Combined TRACON& Tower with Radar,169,148,140,0,457,0,5,48,0,53,169,153,188,0,510,0,0,0,510
12/14/2022,PBI,FL,ASO,ES,Combined TRACON& Tower with Radar,162,161,144,1,468,0,4,43,5,52,162,165,187,6,520,51,0,51,571
12/15/2022,PBI,FL,ASO,ES,Combined TRACON& Tower with Radar,179,192,138,0,509,0,1,47,0,48,179,193,185,0,557,0,0,0,557
12/16/2022,PBI,FL,ASO,ES,Combined TRACON& Tower with Radar,189,179,180,1,549,0,7,46,0,53,189,186,226,1,602,0,0,0,602
12/17/2022,PBI,FL,ASO,ES,Combined TRACON& Tower with Radar,177,205,141,0,523,0,4,12,1,17,177,209,153,1,540,0,0,0,540
12/18/2022,PBI,FL,ASO,ES,Combined TRACON& Tower with Radar,179,214,156,1,550,0,3,47,0,50,179,217,203,1,600,14,0,14,614
12/19/2022,PBI,FL,ASO,ES,Combined TRACON& Tower with Radar,177,181,120,0,478,0,5,75,2,82,177,186,195,2,560,20,0,20,580
12/20/2022,PBI,FL,ASO,ES,Combined TRACON& Tower with Radar,180,146,115,4,445,0,6,55,1,62,180,152,170,5,507,0,0,0,507
12/21/2022,PBI,FL,ASO,ES,Combined TRACON& Tower with Radar,191,209,134,2,536,0,4,54,0,58,191,213,188,2,594,0,0,0,594
12/22/2022,PBI,FL,ASO,ES,Combined TRACON& Tower with Radar,200,195,150,0,545,0,3,55,0,58,200,198,205,0,603,0,0,0,603
12/23/2022,PBI,FL,ASO,ES,Combined TRACON& Tower with Radar,190,162,96,2,450,0,11,40,0,51,190,173,136,2,501,0,0,0,501
12/24/2022,PBI,FL,ASO,ES,Combined TRACON& Tower with Radar,151,123,75,0,349,0,4,25,2,31,151,127,100,2,380,0,0,0,380
12/25/2022,PBI,FL,ASO,ES,Combined TRACON& Tower with Radar,139,159,83,0,381,0,3,17,0,20,139,162,100,0,401,0,0,0,401
12/26/2022,PBI,FL,ASO,ES,Combined TRACON& Tower with Radar,177,279,210,0,666,0,9,49,2,60,177,288,259,2,726,0,0,0,726
12/27/2022,PBI,FL,ASO,ES,Combined TRACON& Tower with Radar,195,230,230,0,655,0,13,43,0,56,195,243,273,0,711,0,0,0,711
12/28/2022,PBI,FL,ASO,ES,Combined TRACON& Tower with Radar,190,252,170,2,614,0,18,62,2,82,190,270,232,4,696,0,0,0,696
12/29/2022,PBI,FL,ASO,ES,Combined TRACON& Tower with Radar,209,226,143,1,579,0,3,44,1,48,209,229,187,2,627,0,0,0,627
12/30/2022,PBI,FL,ASO,ES,Combined TRACON& Tower with Radar,214,178,163,0,555,0,5,51,0,56,214,183,214,0,611,0,0,0,611
12/31/2022,PBI,FL,ASO,ES,Combined TRACON& Tower with Radar,170,151,66,0,387,0,2,34,0,36,170,153,100,0,423,0,0,0,423
01/01/2023,PBI,FL,ASO,ES,Combined TRACON& Tower with Radar,183,209,145,0,537,0,8,43,0,51,183,217,188,0,588,2,0,2,590
01/02/2023,PBI,FL,ASO,ES,Combined TRACON& Tower with Radar,191,239,244,0,674,0,13,101,3,117,191,252,345,3,791,0,0,0,791
01/03/2023,PBI,FL,ASO,ES,Combined TRACON& Tower with Radar,179,217,180,0,576,0,12,57,1,70,179,229,237,1,646,0,0,0,646
01/04/2023,PBI,FL,ASO,ES,Combined TRACON& Tower with Radar,169,176,157,0,502,0,13,62,0,75,169,189,219,0,577,0,0,0,577
01/05/2023,PBI,FL,ASO,ES,Combined TRACON& Tower with Radar,174,162,180,1,517,0,1,52,0,53,174,163,232,1,570,0,0,0,570
01/06/2023,PBI,FL,ASO,ES,Combined TRACON& Tower with Radar,182,193,175,3,553,0,10,70,1,81,182,203,245,4,634,0,0,0,634
01/07/2023,PBI,FL,ASO,ES,Combined TRACON& Tower with Radar,180,153,124,0,457,0,7,47,0,54,180,160,171,0,511,0,0,0,511
01/08/2023,PBI,FL,ASO,ES,Combined TRACON& Tower with Radar,185,226,183,0,594,0,7,41,0,48,185,233,224,0,642,4,0,4,646
01/09/2023,PBI,FL,ASO,ES,Combined TRACON& Tower with Radar,175,130,111,0,416,0,7,57,0,64,175,137,168,0,480,0,0,0,480
01/10/2023,PBI,FL,ASO,ES,Combined TRACON& Tower with Radar,165,156,141,0,462,0,4,41,0,45,165,160,182,0,507,0,0,0,507
01/11/2023,PBI,FL,ASO,ES,Combined TRACON& Tower with Radar,153,180,127,0,460,0,17,54,0,71,153,197,181,0,531,15,0,15,546
01/12/2023,PBI,FL,ASO,ES,Combined TRACON& Tower with Radar,184,240,191,0,615,0,5,61,0,66,184,245,252,0,681,0,0,0,681
01/13/2023,PBI,FL,ASO,ES,Combined TRACON& Tower with Radar,189,213,151,0,553,0,7,47,3,57,189,220,198,3,610,0,0,0,610
01/14/2023,PBI,FL,ASO,ES,Combined TRACON& Tower with Radar,166,165,120,0,451,0,6,40,2,48,166,171,160,2,499,0,0,0,499
01/15/2023,PBI,FL,ASO,ES,Combined TRACON& Tower with Radar,178,167,153,0,498,0,1,46,0,47,178,168,199,0,545,0,0,0,545
01/16/2023,PBI,FL,ASO,ES,Combined TRACON& Tower with Radar,167,206,170,0,543,0,12,67,0,79,167,218,237,0,622,0,0,0,622
01/17/2023,PBI,FL,ASO,ES,Combined TRACON& Tower with Radar,168,152,128,0,448,0,16,84,0,100,168,168,212,0,548,0,0,0,548
01/18/2023,PBI,FL,ASO,ES,Combined TRACON& Tower with Radar,166,186,158,0,510,0,8,69,10,87,166,194,227,10,597,0,0,0,597
01/19/2023,PBI,FL,ASO,ES,Combined TRACON& Tower with Radar,187,193,158,0,538,0,8,74,5,87,187,201,232,5,625,0,0,0,625
01/20/2023,PBI,FL,ASO,ES,Combined TRACON& Tower with Radar,187,180,169,0,536,0,17,76,0,93,187,197,245,0,629,0,0,0,629
01/21/2023,PBI,FL,ASO,ES,Combined TRACON& Tower with Radar,173,149,124,1,447,0,3,43,0,46,173,152,167,1,493,0,0,0,493
01/22/2023,PBI,FL,ASO,ES,Combined TRACON& Tower with Radar,179,208,144,1,532,0,5,27,0,32,179,213,171,1,564,0,0,0,564
01/23/2023,PBI,FL,ASO,ES,Combined TRACON& Tower with Radar,167,153,143,0,463,0,8,52,4,64,167,161,195,4,527,0,0,0,527
01/24/2023,PBI,FL,ASO,ES,Combined TRACON& Tower with Radar,167,136,138,0,441,0,4,56,2,62,167,140,194,2,503,0,0,0,503
01/25/2023,PBI,FL,ASO,ES,Combined TRACON& Tower with Radar,162,176,143,1,482,0,5,54,0,59,162,181,197,1,541,0,0,0,541
01/26/2023,PBI,FL,ASO,ES,Combined TRACON& Tower with Radar,183,201,175,0,559,0,5,54,0,59,183,206,229,0,618,0,0,0,618
01/27/2023,PBI,FL,ASO,ES,Combined TRACON& Tower with Radar,187,181,176,0,544,0,6,57,0,63,187,187,233,0,607,0,0,0,607
01/28/2023,PBI,FL,ASO,ES,Combined TRACON& Tower with Radar,171,146,108,2,427,0,0,29,0,29,171,146,137,2,456,0,0,0,456
01/29/2023,PBI,FL,ASO,ES,Combined TRACON& Tower with Radar,181,232,189,0,602,0,2,64,0,66,181,234,253,0,668,0,0,0,668
01/30/2023,PBI,FL,ASO,ES,Combined TRACON& Tower with Radar,170,202,149,1,522,0,12,64,1,77,170,214,213,2,599,4,0,4,603
01/31/2023,PBI,FL,ASO,ES,Combined TRACON& Tower with Radar,157,143,129,0,429,0,9,62,2,73,157,152,191,2,502,0,0,0,502
02/01/2023,PBI,FL,ASO,ES,Combined TRACON& Tower with Radar,159,180,163,0,502,0,11,72,1,84,159,191,235,1,586,0,0,0,586
02/02/2023,PBI,FL,ASO,ES,Combined TRACON& Tower with Radar,183,225,170,0,578,0,12,35,4,51,183,237,205,4,629,0,0,0,629
02/03/2023,PBI,FL,ASO,ES,Combined TRACON& Tower with Radar,186,182,170,1,539,2,6,35,2,45,188,188,205,3,584,0,0,0,584
02/04/2023,PBI,FL,ASO,ES,Combined TRACON& Tower with Radar,176,138,101,0,415,0,3,12,0,15,176,141,113,0,430,0,0,0,430
02/05/2023,PBI,FL,ASO,ES,Combined TRACON& Tower with Radar,194,221,170,2,587,0,2,30,2,34,194,223,200,4,621,0,0,0,621
02/06/2023,PBI,FL,ASO,ES,Combined TRACON& Tower with Radar,180,163,175,3,521,0,16,54,0,70,180,179,229,3,591,0,0,0,591
02/07/2023,PBI,FL,ASO,ES,Combined TRACON& Tower with Radar,164,163,146,0,473,0,8,62,0,70,164,171,208,0,543,0,0,0,543
02/08/2023,PBI,FL,ASO,ES,Combined TRACON& Tower with Radar,164,204,168,0,536,0,8,62,0,70,164,212,230,0,606,4,0,4,610
02/09/2023,PBI,FL,ASO,ES,Combined TRACON& Tower with Radar,187,246,198,0,631,1,11,73,1,86,188,257,271,1,717,0,0,0,717
02/10/2023,PBI,FL,ASO,ES,Combined TRACON& Tower with Radar,187,202,189,2,580,0,6,62,0,68,187,208,251,2,648,0,0,0,648
02/11/2023,PBI,FL,ASO,ES,Combined TRACON& Tower with Radar,179,167,125,1,472,0,5,45,0,50,179,172,170,1,522,0,0,0,522
02/12/2023,PBI,FL,ASO,ES,Combined TRACON& Tower with Radar,187,202,174,0,563,0,2,56,0,58,187,204,230,0,621,0,0,0,621
02/13/2023,PBI,FL,ASO,ES,Combined TRACON& Tower with Radar,175,174,179,0,528,0,8,50,2,60,175,182,229,2,588,0,0,0,588
02/14/2023,PBI,FL,ASO,ES,Combined TRACON& Tower with Radar,168,174,119,0,461,0,11,64,0,75,168,185,183,0,536,0,0,0,536
02/15/2023,PBI,FL,ASO,ES,Combined TRACON& Tower with Radar,170,245,168,0,583,0,7,82,0,89,170,252,250,0,672,0,0,0,672
02/16/2023,PBI,FL,ASO,ES,Combined TRACON& Tower with Radar,198,289,224,2,713,0,6,85,2,93,198,295,309,4,806,0,0,0,806
02/17/2023,PBI,FL,ASO,ES,Combined TRACON& Tower with Radar,198,250,220,1,669,0,10,63,1,74,198,260,283,2,743,0,0,0,743
02/18/2023,PBI,FL,ASO,ES,Combined TRACON& Tower with Radar,202,180,132,1,515,0,3,23,1,27,202,183,155,2,542,0,0,0,542
02/19/2023,PBI,FL,ASO,ES,Combined TRACON& Tower with Radar,196,215,191,0,602,0,5,53,0,58,196,220,244,0,660,0,0,0,660
02/20/2023,PBI,FL,ASO,ES,Combined TRACON& Tower with Radar,194,260,223,3,680,0,16,70,0,86,194,276,293,3,766,0,0,0,766
02/21/2023,PBI,FL,ASO,ES,Combined TRACON& Tower with Radar,187,241,169,2,599,0,7,68,0,75,187,248,237,2,674,0,0,0,674
02/22/2023,PBI,FL,ASO,ES,Combined TRACON& Tower with Radar,185,206,174,2,567,0,3,57,3,63,185,209,231,5,630,0,0,0,630
02/23/2023,PBI,FL,ASO,ES,Combined TRACON& Tower with Radar,197,215,183,1,596,0,11,52,2,65,197,226,235,3,661,0,0,0,661
02/24/2023,PBI,FL,ASO,ES,Combined TRACON& Tower with Radar,200,227,206,2,635,0,12,80,0,92,200,239,286,2,727,0,0,0,727
02/25/2023,PBI,FL,ASO,ES,Combined TRACON& Tower with Radar,197,159,135,0,491,0,4,42,2,48,197,163,177,2,539,0,0,0,539
02/26/2023,PBI,FL,ASO,ES,Combined TRACON& Tower with Radar,195,246,220,3,664,0,8,57,2,67,195,254,277,5,731,0,0,0,731
02/27/2023,PBI,FL,ASO,ES,Combined TRACON& Tower with Radar,192,197,164,6,559,0,3,64,4,71,192,200,228,10,630,0,0,0,630
02/28/2023,PBI,FL,ASO,ES,Combined TRACON& Tower with Radar,184,183,130,16,513,0,6,59,4,69,184,189,189,20,582,0,0,0,582
03/01/2023,PBI,FL,ASO,ES,Combined TRACON& Tower with Radar,190,196,159,8,553,0,8,43,3,54,190,204,202,11,607,0,0,0,607
03/02/2023,PBI,FL,ASO,ES,Combined TRACON& Tower with Radar,200,195,203,8,606,0,12,51,2,65,200,207,254,10,671,0,0,0,671
03/03/2023,PBI,FL,ASO,ES,Combined TRACON& Tower with Radar,202,192,152,8,554,0,3,65,1,69,202,195,217,9,623,0,0,0,623
03/04/2023,PBI,FL,ASO,ES,Combined TRACON& Tower with Radar,193,180,139,1,513,0,10,44,0,54,193,190,183,1,567,0,0,0,567
03/05/2023,PBI,FL,ASO,ES,Combined TRACON& Tower with Radar,208,242,213,3,666,0,13,71,0,84,208,255,284,3,750,0,0,0,750
03/06/2023,PBI,FL,ASO,ES,Combined TRACON& Tower with Radar,201,182,169,0,552,0,6,54,1,61,201,188,223,1,613,0,0,0,613
03/07/2023,PBI,FL,ASO,ES,Combined TRACON& Tower with Radar,182,180,154,0,516,0,9,56,3,68,182,189,210,3,584,0,0,0,584
03/08/2023,PBI,FL,ASO,ES,Combined TRACON& Tower with Radar,191,215,155,0,561,0,18,69,1,88,191,233,224,1,649,4,0,4,653
03/09/2023,PBI,FL,ASO,ES,Combined TRACON& Tower with Radar,211,243,161,2,617,0,8,57,1,66,211,251,218,3,683,0,0,0,683
03/10/2023,PBI,FL,ASO,ES,Combined TRACON& Tower with Radar,203,212,175,0,590,0,10,65,6,81,203,222,240,6,671,0,0,0,671
03/11/2023,PBI,FL,ASO,ES,Combined TRACON& Tower with Radar,208,185,162,0,555,0,7,51,2,60,208,192,213,2,615,0,0,0,615
03/12/2023,PBI,FL,ASO,ES,Combined TRACON& Tower with Radar,203,219,175,3,600,0,11,60,0,71,203,230,235,3,671,0,0,0,671
03/13/2023,PBI,FL,ASO,ES,Combined TRACON& Tower with Radar,203,195,122,0,520,0,9,56,0,65,203,204,178,0,585,0,0,0,585
03/14/2023,PBI,FL,ASO,ES,Combined TRACON& Tower with Radar,185,134,138,4,461,0,6,45,0,51,185,140,183,4,512,0,0,0,512
03/15/2023,PBI,FL,ASO,ES,Combined TRACON& Tower with Radar,194,171,156,0,521,0,6,54,0,60,194,177,210,0,581,0,0,0,581
03/16/2023,PBI,FL,ASO,ES,Combined TRACON& Tower with Radar,211,229,186,1,627,0,7,65,0,72,211,236,251,1,699,0,0,0,699
03/17/2023,PBI,FL,ASO,ES,Combined TRACON& Tower with Radar,208,207,187,0,602,0,10,79,0,89,208,217,266,0,691,0,0,0,691
03/18/2023,PBI,FL,ASO,ES,Combined TRACON& Tower with Radar,215,230,145,0,590,0,12,67,2,81,215,242,212,2,671,0,0,0,671
03/19/2023,PBI,FL,ASO,ES,Combined TRACON& Tower with Radar,205,260,206,0,671,0,18,28,0,46,205,278,234,0,717,0,0,0,717
03/20/2023,PBI,FL,ASO,ES,Combined TRACON& Tower with Radar,207,183,128,2,520,0,8,33,0,41,207,191,161,2,561,0,0,0,561
03/21/2023,PBI,FL,ASO,ES,Combined TRACON& Tower with Radar,193,176,147,0,516,0,8,69,2,79,193,184,216,2,595,0,0,0,595
03/22/2023,PBI,FL,ASO,ES,Combined TRACON& Tower with Radar,195,208,149,1,553,0,7,70,0,77,195,215,219,1,630,0,0,0,630
03/23/2023,PBI,FL,ASO,ES,Combined TRACON& Tower with Radar,209,194,225,1,629,0,1,77,1,79,209,195,302,2,708,0,0,0,708
03/24/2023,PBI,FL,ASO,ES,Combined TRACON& Tower with Radar,206,218,205,0,629,0,14,63,5,82,206,232,268,5,711,0,0,0,711
03/25/2023,PBI,FL,ASO,ES,Combined TRACON& Tower with Radar,207,199,177,1,584,0,4,40,0,44,207,203,217,1,628,0,0,0,628
03/26/2023,PBI,FL,ASO,ES,Combined TRACON& Tower with Radar,205,247,217,0,669,0,17,66,1,84,205,264,283,1,753,0,0,0,753
03/27/2023,PBI,FL,ASO,ES,Combined TRACON& Tower with Radar,199,200,182,1,582,0,16,60,1,77,199,216,242,2,659,0,0,0,659
03/28/2023,PBI,FL,ASO,ES,Combined TRACON& Tower with Radar,197,163,143,2,505,0,5,53,1,59,197,168,196,3,564,0,0,0,564
03/29/2023,PBI,FL,ASO,ES,Combined TRACON& Tower with Radar,204,174,149,1,528,1,0,48,1,50,205,174,197,2,578,0,0,0,578
03/30/2023,PBI,FL,ASO,ES,Combined TRACON& Tower with Radar,207,188,177,1,573,0,7,75,1,83,207,195,252,2,656,0,0,0,656
03/31/2023,PBI,FL,ASO,ES,Combined TRACON& Tower with Radar,205,205,174,0,584,0,12,87,2,101,205,217,261,2,685,0,0,0,685
04/01/2023,PBI,FL,ASO,ES,Combined TRACON& Tower with Radar,188,207,135,0,530,0,11,59,0,70,188,218,194,0,600,0,0,0,600
04/02/2023,PBI,FL,ASO,ES,Combined TRACON& Tower with Radar,204,233,210,1,648,0,8,57,0,65,204,241,267,1,713,0,0,0,713
04/03/2023,PBI,FL,ASO,ES,Combined TRACON& Tower with Radar,205,172,143,2,522,0,9,54,0,63,205,181,197,2,585,0,0,0,585
04/04/2023,PBI,FL,ASO,ES,Combined TRACON& Tower with Radar,187,155,157,2,501,0,11,46,1,58,187,166,203,3,559,0,0,0,559
04/05/2023,PBI,FL,ASO,ES,Combined TRACON& Tower with Radar,194,182,155,2,533,0,16,84,0,100,194,198,239,2,633,0,0,0,633
04/06/2023,PBI,FL,ASO,ES,Combined TRACON& Tower with Radar,210,239,183,0,632,0,11,63,0,74,210,250,246,0,706,0,0,0,706
04/07/2023,PBI,FL,ASO,ES,Combined TRACON& Tower with Radar,197,205,149,2,553,0,10,78,1,89,197,215,227,3,642,0,0,0,642
04/08/2023,PBI,FL,ASO,ES,Combined TRACON& Tower with Radar,204,170,116,1,491,0,3,28,0,31,204,173,144,1,522,0,0,0,522
04/09/2023,PBI,FL,ASO,ES,Combined TRACON& Tower with Radar,224,214,133,1,572,1,6,37,0,44,225,220,170,1,616,0,0,0,616
04/10/2023,PBI,FL,ASO,ES,Combined TRACON& Tower with Radar,210,226,187,0,623,0,4,35,0,39,210,230,222,0,662,0,0,0,662
04/11/2023,PBI,FL,ASO,ES,Combined TRACON& Tower with Radar,196,178,152,0,526,0,3,25,5,33,196,181,177,5,559,0,0,0,559
04/12/2023,PBI,FL,ASO,ES,Combined TRACON& Tower with Radar,204,160,153,5,522,0,4,19,1,24,204,164,172,6,546,0,0,0,546
04/13/2023,PBI,FL,ASO,ES,Combined TRACON& Tower with Radar,223,210,148,0,581,0,0,55,4,59,223,210,203,4,640,0,0,0,640
04/14/2023,PBI,FL,ASO,ES,Combined TRACON& Tower with Radar,214,233,174,0,621,1,7,87,3,98,215,240,261,3,719,0,0,0,719
04/15/2023,PBI,FL,ASO,ES,Combined TRACON& Tower with Radar,190,176,101,0,467,0,13,53,0,66,190,189,154,0,533,0,0,0,533
04/16/2023,PBI,FL,ASO,ES,Combined TRACON& Tower with Radar,163,213,190,0,566,0,1,38,0,39,163,214,228,0,605,0,0,0,605
04/17/2023,PBI,FL,ASO,ES,Combined TRACON& Tower with Radar,210,197,154,0,561,0,9,36,2,47,210,206,190,2,608,0,0,0,608
04/18/2023,PBI,FL,ASO,ES,Combined TRACON& Tower with Radar,208,160,126,2,496,0,16,58,1,75,208,176,184,3,571,0,0,0,571
04/19/2023,PBI,FL,ASO,ES,Combined TRACON& Tower with Radar,186,182,136,3,507,0,7,64,6,77,186,189,200,9,584,0,0,0,584
04/20/2023,PBI,FL,ASO,ES,Combined TRACON& Tower with Radar,202,179,144,0,525,0,6,74,0,80,202,185,218,0,605,0,0,0,605
04/21/2023,PBI,FL,ASO,ES,Combined TRACON& Tower with Radar,204,162,135,2,503,0,11,64,0,75,204,173,199,2,578,0,0,0,578
04/22/2023,PBI,FL,ASO,ES,Combined TRACON& Tower with Radar,182,122,94,2,400,0,10,33,0,43,182,132,127,2,443,0,0,0,443
04/23/2023,PBI,FL,ASO,ES,Combined TRACON& Tower with Radar,199,196,165,2,562,0,6,50,0,56,199,202,215,2,618,0,0,0,618
04/24/2023,PBI,FL,ASO,ES,Combined TRACON& Tower with Radar,193,176,138,0,507,0,9,34,0,43,193,185,172,0,550,0,0,0,550
04/25/2023,PBI,FL,ASO,ES,Combined TRACON& Tower with Radar,185,156,119,0,460,0,3,42,0,45,185,159,161,0,505,0,0,0,505
04/26/2023,PBI,FL,ASO,ES,Combined TRACON& Tower with Radar,186,163,128,0,477,0,7,69,0,76,186,170,197,0,553,0,0,0,553
04/27/2023,PBI,FL,ASO,ES,Combined TRACON& Tower with Radar,186,140,149,3,478,0,8,75,0,83,186,148,224,3,561,0,0,0,561
04/28/2023,PBI,FL,ASO,ES,Combined TRACON& Tower with Radar,203,157,125,5,490,0,4,47,3,54,203,161,172,8,544,0,0,0,544
04/29/2023,PBI,FL,ASO,ES,Combined TRACON& Tower with Radar,178,132,96,0,406,0,6,41,1,48,178,138,137,1,454,0,0,0,454
04/30/2023,PBI,FL,ASO,ES,Combined TRACON& Tower with Radar,179,185,128,0,492,0,3,22,0,25,179,188,150,0,517,0,0,0,517
05/01/2023,PBI,FL,ASO,ES,Combined TRACON& Tower with Radar,197,173,130,0,500,0,14,80,0,94,197,187,210,0,594,31,0,31,625
05/02/2023,PBI,FL,ASO,ES,Combined TRACON& Tower with Radar,178,119,120,0,417,0,4,61,2,67,178,123,181,2,484,0,0,0,484
05/03/2023,PBI,FL,ASO,ES,Combined TRACON& Tower with Radar,180,189,161,0,530,0,8,74,0,82,180,197,235,0,612,0,0,0,612
05/04/2023,PBI,FL,ASO,ES,Combined TRACON& Tower with Radar,192,191,159,1,543,0,5,87,0,92,192,196,246,1,635,0,0,0,635
05/05/2023,PBI,FL,ASO,ES,Combined TRACON& Tower with Radar,170,170,135,7,482,0,12,77,4,93,170,182,212,11,575,0,0,0,575
05/06/2023,PBI,FL,ASO,ES,Combined TRACON& Tower with Radar,147,109,95,0,351,0,5,43,2,50,147,114,138,2,401,0,0,0,401
05/07/2023,PBI,FL,ASO,ES,Combined TRACON& Tower with Radar,154,175,159,3,491,0,1,56,0,57,154,176,215,3,548,0,0,0,548
05/08/2023,PBI,FL,ASO,ES,Combined TRACON& Tower with Radar,160,169,128,3,460,0,3,71,1,75,160,172,199,4,535,0,0,0,535
05/09/2023,PBI,FL,ASO,ES,Combined TRACON& Tower with Radar,149,146,132,4,431,0,16,47,2,65,149,162,179,6,496,0,0,0,496
05/10/2023,PBI,FL,ASO,ES,Combined TRACON& Tower with Radar,152,162,128,0,442,0,15,70,0,85,152,177,198,0,527,38,0,38,565
05/11/2023,PBI,FL,ASO,ES,Combined TRACON& Tower with Radar,156,149,152,0,457,0,5,64,0,69,156,154,216,0,526,10,0,10,536
05/12/2023,PBI,FL,ASO,ES,Combined TRACON& Tower with Radar,158,154,118,4,434,0,2,73,2,77,158,156,191,6,511,0,0,0,511
05/13/2023,PBI,FL,ASO,ES,Combined TRACON& Tower with Radar,144,117,84,3,348,0,4,54,2,60,144,121,138,5,408,6,0,6,414
05/14/2023,PBI,FL,ASO,ES,Combined TRACON& Tower with Radar,152,150,111,1,414,0,5,43,0,48,152,155,154,1,462,0,0,0,462
05/15/2023,PBI,FL,ASO,ES,Combined TRACON& Tower with Radar,154,158,98,1,411,0,6,55,2,63,154,164,153,3,474,2,0,2,476
05/16/2023,PBI,FL,ASO,ES,Combined TRACON& Tower with Radar,149,136,136,0,421,0,5,49,3,57,149,141,185,3,478,0,0,0,478
05/17/2023,PBI,FL,ASO,ES,Combined TRACON& Tower with Radar,152,155,136,1,444,1,1,59,3,64,153,156,195,4,508,0,0,0,508
05/18/2023,PBI,FL,ASO,ES,Combined TRACON& Tower with Radar,159,146,121,0,426,0,10,52,2,64,159,156,173,2,490,0,0,0,490
05/19/2023,PBI,FL,ASO,ES,Combined TRACON& Tower with Radar,160,138,122,0,420,0,9,57,6,72,160,147,179,6,492,0,0,0,492
05/20/2023,PBI,FL,ASO,ES,Combined TRACON& Tower with Radar,143,108,89,1,341,0,2,34,0,36,143,110,123,1,377,0,0,0,377
05/21/2023,PBI,FL,ASO,ES,Combined TRACON& Tower with Radar,157,143,111,1,412,0,3,45,1,49,157,146,156,2,461,4,0,4,465
05/22/2023,PBI,FL,ASO,ES,Combined TRACON& Tower with Radar,152,154,115,1,422,1,2,65,1,69,153,156,180,2,491,0,0,0,491
05/23/2023,PBI,FL,ASO,ES,Combined TRACON& Tower with Radar,147,117,117,1,382,0,9,42,5,56,147,126,159,6,438,0,0,0,438
05/24/2023,PBI,FL,ASO,ES,Combined TRACON& Tower with Radar,143,146,110,0,399,0,9,45,3,57,143,155,155,3,456,0,0,0,456
05/25/2023,PBI,FL,ASO,ES,Combined TRACON& Tower with Radar,158,167,111,0,436,0,8,70,0,78,158,175,181,0,514,0,0,0,514
05/26/2023,PBI,FL,ASO,ES,Combined TRACON& Tower with Radar,157,139,130,0,426,0,7,51,4,62,157,146,181,4,488,0,0,0,488
05/27/2023,PBI,FL,ASO,ES,Combined TRACON& Tower with Radar,136,117,58,0,311,0,7,40,3,50,136,124,98,3,361,0,0,0,361
05/28/2023,PBI,FL,ASO,ES,Combined TRACON& Tower with Radar,145,96,56,0,297,0,2,53,2,57,145,98,109,2,354,0,0,0,354
05/29/2023,PBI,FL,ASO,ES,Combined TRACON& Tower with Radar,143,138,111,0,392,0,5,74,11,90,143,143,185,11,482,0,0,0,482
05/30/2023,PBI,FL,ASO,ES,Combined TRACON& Tower with Radar,150,126,116,0,392,0,4,44,2,50,150,130,160,2,442,0,0,0,442
05/31/2023,PBI,FL,ASO,ES,Combined TRACON& Tower with Radar,160,87,99,0,346,0,0,41,1,42,160,87,140,1,388,0,0,0,388
06/01/2023,PBI,FL,ASO,ES,Combined TRACON& Tower with Radar,150,113,77,0,340,0,4,54,0,58,150,117,131,0,398,0,0,0,398
06/02/2023,PBI,FL,ASO,ES,Combined TRACON& Tower with Radar,139,107,91,0,337,0,5,58,1,64,139,112,149,1,401,32,0,32,433
06/03/2023,PBI,FL,ASO,ES,Combined TRACON& Tower with Radar,135,90,61,2,288,0,7,21,0,28,135,97,82,2,316,17,0,17,333
06/04/2023,PBI,FL,ASO,ES,Combined TRACON& Tower with Radar,137,105,74,1,317,0,2,38,2,42,137,107,112,3,359,0,0,0,359
06/05/2023,PBI,FL,ASO,ES,Combined TRACON& Tower with Radar,136,78,81,3,298,0,8,49,1,58,136,86,130,4,356,0,0,0,356
06/06/2023,PBI,FL,ASO,ES,Combined TRACON& Tower with Radar,135,105,77,0,317,0,6,75,2,83,135,111,152,2,400,0,0,0,400
06/07/2023,PBI,FL,ASO,ES,Combined TRACON& Tower with Radar,131,110,91,2,334,0,4,49,0,53,131,114,140,2,387,0,0,0,387
06/08/2023,PBI,FL,ASO,ES,Combined TRACON& Tower with Radar,161,114,95,0,370,0,25,44,1,70,161,139,139,1,440,10,0,10,450
06/09/2023,PBI,FL,ASO,ES,Combined TRACON& Tower with Radar,139,90,93,0,322,0,2,74,1,77,139,92,167,1,399,0,0,0,399
06/10/2023,PBI,FL,ASO,ES,Combined TRACON& Tower with Radar,132,68,65,0,265,0,10,46,0,56,132,78,111,0,321,0,0,0,321
06/11/2023,PBI,FL,ASO,ES,Combined TRACON& Tower with Radar,132,92,90,0,314,0,3,35,1,39,132,95,125,1,353,0,0,0,353
06/12/2023,PBI,FL,ASO,ES,Combined TRACON& Tower with Radar,129,82,74,0,285,0,2,39,0,41,129,84,113,0,326,0,0,0,326
06/13/2023,PBI,FL,ASO,ES,Combined TRACON& Tower with Radar,141,85,89,0,315,0,4,49,0,53,141,89,138,0,368,0,0,0,368
06/14/2023,PBI,FL,ASO,ES,Combined TRACON& Tower with Radar,129,97,74,3,303,0,6,54,2,62,129,103,128,5,365,0,0,0,365
06/15/2023,PBI,FL,ASO,ES,Combined TRACON& Tower with Radar,136,98,86,0,320,0,6,60,0,66,136,104,146,0,386,0,0,0,386
06/16/2023,PBI,FL,ASO,ES,Combined TRACON& Tower with Radar,124,94,96,0,314,0,6,39,2,47,124,100,135,2,361,0,0,0,361
06/17/2023,PBI,FL,ASO,ES,Combined TRACON& Tower with Radar,165,94,76,1,336,1,2,30,2,35,166,96,106,3,371,0,0,0,371
06/18/2023,PBI,FL,ASO,ES,Combined TRACON& Tower with Radar,131,87,74,0,292,0,2,28,3,33,131,89,102,3,325,0,0,0,325
06/19/2023,PBI,FL,ASO,ES,Combined TRACON& Tower with Radar,151,81,99,0,331,2,8,47,1,58,153,89,146,1,389,0,0,0,389
06/20/2023,PBI,FL,ASO,ES,Combined TRACON& Tower with Radar,136,77,74,0,287,0,8,48,2,58,136,85,122,2,345,0,0,0,345
06/21/2023,PBI,FL,ASO,ES,Combined TRACON& Tower with Radar,125,93,82,0,300,0,5,58,2,65,125,98,140,2,365,0,0,0,365
06/22/2023,PBI,FL,ASO,ES,Combined TRACON& Tower with Radar,144,88,78,20,330,0,9,54,2,65,144,97,132,22,395,0,0,0,395
06/23/2023,PBI,FL,ASO,ES,Combined TRACON& Tower with Radar,130,88,59,0,277,0,6,39,0,45,130,94,98,0,322,0,0,0,322
06/24/2023,PBI,FL,ASO,ES,Combined TRACON& Tower with Radar,119,66,73,0,258,0,4,35,0,39,119,70,108,0,297,0,0,0,297
06/25/2023,PBI,FL,ASO,ES,Combined TRACON& Tower with Radar,130,82,63,0,275,1,0,40,0,41,131,82,103,0,316,0,0,0,316
06/26/2023,PBI,FL,ASO,ES,Combined TRACON& Tower with Radar,124,84,45,0,253,0,1,54,0,55,124,85,99,0,308,0,0,0,308
06/27/2023,PBI,FL,ASO,ES,Combined TRACON& Tower with Radar,109,84,69,2,264,0,15,56,3,74,109,99,125,5,338,0,0,0,338
06/28/2023,PBI,FL,ASO,ES,Combined TRACON& Tower with Radar,115,106,72,0,293,0,1,71,0,72,115,107,143,0,365,0,0,0,365
06/29/2023,PBI,FL,ASO,ES,Combined TRACON& Tower with Radar,137,99,91,4,331,0,6,57,5,68,137,105,148,9,399,0,0,0,399
06/30/2023,PBI,FL,ASO,ES,Combined TRACON& Tower with Radar,131,97,99,4,331,0,8,73,0,81,131,105,172,4,412,0,0,0,412
07/01/2023,PBI,FL,ASO,ES,Combined TRACON& Tower with Radar,129,88,89,0,306,0,11,44,3,58,129,99,133,3,364,0,0,0,364
07/02/2023,PBI,FL,ASO,ES,Combined TRACON& Tower with Radar,121,60,38,0,219,0,3,46,1,50,121,63,84,1,269,0,0,0,269
07/03/2023,PBI,FL,ASO,ES,Combined TRACON& Tower with Radar,114,65,41,1,221,0,2,52,0,54,114,67,93,1,275,0,0,0,275
07/04/2023,PBI,FL,ASO,ES,Combined TRACON& Tower with Radar,109,41,23,0,173,0,4,32,2,38,109,45,55,2,211,0,0,0,211
07/05/2023,PBI,FL,ASO,ES,Combined TRACON& Tower with Radar,125,75,77,0,277,0,29,92,1,122,125,104,169,1,399,0,0,0,399
07/06/2023,PBI,FL,ASO,ES,Combined TRACON& Tower with Radar,136,86,68,0,290,0,1,44,4,49,136,87,112,4,339,0,0,0,339
07/07/2023,PBI,FL,ASO,ES,Combined TRACON& Tower with Radar,120,63,63,4,250,0,3,54,6,63,120,66,117,10,313,0,0,0,313
07/08/2023,PBI,FL,ASO,ES,Combined TRACON& Tower with Radar,123,51,55,0,229,0,2,44,1,47,123,53,99,1,276,0,0,0,276
07/09/2023,PBI,FL,ASO,ES,Combined TRACON& Tower with Radar,103,75,51,2,231,0,1,45,1,47,103,76,96,3,278,0,0,0,278
07/10/2023,PBI,FL,ASO,ES,Combined TRACON& Tower with Radar,111,71,74,0,256,0,8,61,2,71,111,79,135,2,327,67,0,67,394
07/11/2023,PBI,FL,ASO,ES,Combined TRACON& Tower with Radar,126,72,58,0,256,0,13,70,6,89,126,85,128,6,345,0,0,0,345
07/12/2023,PBI,FL,ASO,ES,Combined TRACON& Tower with Radar,124,69,72,0,265,0,17,53,2,72,124,86,125,2,337,0,0,0,337
07/13/2023,PBI,FL,ASO,ES,Combined TRACON& Tower with Radar,135,73,93,0,301,1,3,56,8,68,136,76,149,8,369,4,0,4,373
07/14/2023,PBI,FL,ASO,ES,Combined TRACON& Tower with Radar,125,77,64,0,266,0,7,63,2,72,125,84,127,2,338,0,0,0,338
07/15/2023,PBI,FL,ASO,ES,Combined TRACON& Tower with Radar,119,86,56,0,261,0,8,38,0,46,119,94,94,0,307,0,0,0,307
07/16/2023,PBI,FL,ASO,ES,Combined TRACON& Tower with Radar,111,81,66,0,258,0,5,25,0,30,111,86,91,0,288,0,0,0,288
07/17/2023,PBI,FL,ASO,ES,Combined TRACON& Tower with Radar,114,88,89,0,291,0,5,34,0,39,114,93,123,0,330,0,0,0,330
07/18/2023,PBI,FL,ASO,ES,Combined TRACON& Tower with Radar,127,85,50,0,262,0,8,48,4,60,127,93,98,4,322,0,0,0,322
07/19/2023,PBI,FL,ASO,ES,Combined TRACON& Tower with Radar,122,69,73,2,266,0,6,62,4,72,122,75,135,6,338,0,0,0,338
07/20/2023,PBI,FL,ASO,ES,Combined TRACON& Tower with Radar,131,84,57,0,272,0,53,45,0,98,131,137,102,0,370,0,0,0,370
07/21/2023,PBI,FL,ASO,ES,Combined TRACON& Tower with Radar,124,79,72,1,276,0,6,49,2,57,124,85,121,3,333,42,0,42,375
07/22/2023,PBI,FL,ASO,ES,Combined TRACON& Tower with Radar,132,40,51,1,224,0,4,42,2,48,132,44,93,3,272,0,0,0,272
07/23/2023,PBI,FL,ASO,ES,Combined TRACON& Tower with Radar,129,70,47,0,246,0,2,34,0,36,129,72,81,0,282,0,0,0,282
07/24/2023,PBI,FL,ASO,ES,Combined TRACON& Tower with Radar,125,81,66,2,274,0,5,42,0,47,125,86,108,2,321,0,0,0,321
07/25/2023,PBI,FL,ASO,ES,Combined TRACON& Tower with Radar,113,59,54,0,226,0,8,60,4,72,113,67,114,4,298,0,0,0,298
07/26/2023,PBI,FL,ASO,ES,Combined TRACON& Tower with Radar,141,80,57,0,278,0,0,37,4,41,141,80,94,4,319,0,0,0,319
07/27/2023,PBI,FL,ASO,ES,Combined TRACON& Tower with Radar,140,88,81,1,310,0,1,26,6,33,140,89,107,7,343,0,0,0,343
07/28/2023,PBI,FL,ASO,ES,Combined TRACON& Tower with Radar,125,92,61,0,278,0,4,67,1,72,125,96,128,1,350,0,0,0,350
07/29/2023,PBI,FL,ASO,ES,Combined TRACON& Tower with Radar,113,68,50,2,233,0,2,58,1,61,113,70,108,3,294,0,0,0,294
07/30/2023,PBI,FL,ASO,ES,Combined TRACON& Tower with Radar,127,82,59,0,268,0,24,50,1,75,127,106,109,1,343,0,0,0,343
07/31/2023,PBI,FL,ASO,ES,Combined TRACON& Tower with Radar,128,54,47,0,229,0,2,34,2,38,128,56,81,2,267,0,0,0,267
08/01/2023,PBI,FL,ASO,ES,Combined TRACON& Tower with Radar,123,72,59,0,254,0,15,69,4,88,123,87,128,4,342,0,0,0,342
08/02/2023,PBI,FL,ASO,ES,Combined TRACON& Tower with Radar,126,86,70,0,282,0,5,70,2,77,126,91,140,2,359,4,0,4,363
08/03/2023,PBI,FL,ASO,ES,Combined TRACON& Tower with Radar,135,81,75,1,292,0,32,54,4,90,135,113,129,5,382,0,0,0,382
08/04/2023,PBI,FL,ASO,ES,Combined TRACON& Tower with Radar,128,72,49,1,250,0,7,55,4,66,128,79,104,5,316,0,0,0,316
08/05/2023,PBI,FL,ASO,ES,Combined TRACON& Tower with Radar,125,61,48,0,234,0,3,32,0,35,125,64,80,0,269,0,0,0,269
08/06/2023,PBI,FL,ASO,ES,Combined TRACON& Tower with Radar,124,81,69,0,274,0,7,53,0,60,124,88,122,0,334,0,0,0,334
08/07/2023,PBI,FL,ASO,ES,Combined TRACON& Tower with Radar,103,86,73,2,264,0,14,56,0,70,103,100,129,2,334,0,0,0,334
08/08/2023,PBI,FL,ASO,ES,Combined TRACON& Tower with Radar,122,70,51,0,243,0,12,51,3,66,122,82,102,3,309,0,0,0,309
08/09/2023,PBI,FL,ASO,ES,Combined TRACON& Tower with Radar,121,86,74,0,281,0,4,59,3,66,121,90,133,3,347,0,0,0,347
08/10/2023,PBI,FL,ASO,ES,Combined TRACON& Tower with Radar,129,60,79,1,269,0,2,47,3,52,129,62,126,4,321,0,0,0,321
08/11/2023,PBI,FL,ASO,ES,Combined TRACON& Tower with Radar,127,70,80,5,282,0,11,62,3,76,127,81,142,8,358,0,0,0,358
08/12/2023,PBI,FL,ASO,ES,Combined TRACON& Tower with Radar,114,60,57,4,235,0,4,33,0,37,114,64,90,4,272,0,0,0,272
08/13/2023,PBI,FL,ASO,ES,Combined TRACON& Tower with Radar,132,67,53,1,253,0,5,42,3,50,132,72,95,4,303,0,0,0,303
08/14/2023,PBI,FL,ASO,ES,Combined TRACON& Tower with Radar,120,50,71,2,243,0,5,56,4,65,120,55,127,6,308,13,0,13,321
08/15/2023,PBI,FL,ASO,ES,Combined TRACON& Tower with Radar,141,65,64,0,270,1,6,67,3,77,142,71,131,3,347,0,0,0,347
08/16/2023,PBI,FL,ASO,ES,Combined TRACON& Tower with Radar,123,63,63,0,249,0,6,29,1,36,123,69,92,1,285,0,0,0,285
08/17/2023,PBI,FL,ASO,ES,Combined TRACON& Tower with Radar,159,79,55,0,293,0,5,43,3,51,159,84,98,3,344,0,0,0,344
08/18/2023,PBI,FL,ASO,ES,Combined TRACON& Tower with Radar,131,63,58,0,252,0,8,51,0,59,131,71,109,0,311,0,0,0,311
08/19/2023,PBI,FL,ASO,ES,Combined TRACON& Tower with Radar,126,52,31,0,209,0,3,18,0,21,126,55,49,0,230,0,0,0,230
08/20/2023,PBI,FL,ASO,ES,Combined TRACON& Tower with Radar,117,86,61,0,264,0,3,39,1,43,117,89,100,1,307,0,0,0,307
08/21/2023,PBI,FL,ASO,ES,Combined TRACON& Tower with Radar,119,79,46,0,244,0,6,44,0,50,119,85,90,0,294,0,0,0,294
08/22/2023,PBI,FL,ASO,ES,Combined TRACON& Tower with Radar,116,77,62,1,256,0,14,36,6,56,116,91,98,7,312,0,0,0,312
08/23/2023,PBI,FL,ASO,ES,Combined TRACON& Tower with Radar,119,71,53,0,243,0,12,37,1,50,119,83,90,1,293,0,0,0,293
08/24/2023,PBI,FL,ASO,ES,Combined TRACON& Tower with Radar,123,82,68,0,273,0,11,48,0,59,123,93,116,0,332,0,0,0,332
08/25/2023,PBI,FL,ASO,ES,Combined TRACON& Tower with Radar,120,72,48,1,241,0,9,72,2,83,120,81,120,3,324,0,0,0,324
08/26/2023,PBI,FL,ASO,ES,Combined TRACON& Tower with Radar,120,55,54,0,229,0,4,41,1,46,120,59,95,1,275,0,0,0,275
08/27/2023,PBI,FL,ASO,ES,Combined TRACON& Tower with Radar,116,86,55,0,257,0,2,34,0,36,116,88,89,0,293,0,0,0,293
08/28/2023,PBI,FL,ASO,ES,Combined TRACON& Tower with Radar,125,77,57,0,259,0,8,25,0,33,125,85,82,0,292,0,0,0,292
08/29/2023,PBI,FL,ASO,ES,Combined TRACON& Tower with Radar,129,64,59,6,258,0,0,42,2,44,129,64,101,8,302,0,0,0,302
08/30/2023,PBI,FL,ASO,ES,Combined TRACON& Tower with Radar,121,38,33,2,194,0,4,22,6,32,121,42,55,8,226,0,0,0,226
08/31/2023,PBI,FL,ASO,ES,Combined TRACON& Tower with Radar,136,85,85,4,310,0,8,34,1,43,136,93,119,5,353,0,0,0,353
01/01/2020,PBI,FL,ASO,ES,Combined TRACON& Tower with Radar,199,30,24,1,254,0,2,6,1,9,199,32,30,2,263,0,0,0,263
01/02/2020,PBI,FL,ASO,ES,Combined TRACON& Tower with Radar,218,24,25,2,269,0,7,9,4,20,218,31,34,6,289,0,0,0,289
01/03/2020,PBI,FL,ASO,ES,Combined TRACON& Tower with Radar,243,27,15,8,293,0,3,11,11,25,243,30,26,19,318,0,0,0,318
01/04/2020,PBI,FL,ASO,ES,Combined TRACON& Tower with Radar,206,47,27,5,285,0,3,3,4,10,206,50,30,9,295,0,0,0,295
01/05/2020,PBI,FL,ASO,ES,Combined TRACON& Tower with Radar,209,55,62,5,331,0,5,11,4,20,209,60,73,9,351,0,0,0,351
01/06/2020,PBI,FL,ASO,ES,Combined TRACON& Tower with Radar,205,129,118,2,454,0,5,61,1,67,205,134,179,3,521,0,0,0,521
01/07/2020,PBI,FL,ASO,ES,Combined TRACON& Tower with Radar,169,88,106,0,363,0,6,74,2,82,169,94,180,2,445,0,0,0,445
01/08/2020,PBI,FL,ASO,ES,Combined TRACON& Tower with Radar,183,83,118,0,384,0,12,79,2,93,183,95,197,2,477,0,0,0,477
01/09/2020,PBI,FL,ASO,ES,Combined TRACON& Tower with Radar,187,117,113,1,418,0,11,65,0,76,187,128,178,1,494,0,0,0,494
01/10/2020,PBI,FL,ASO,ES,Combined TRACON& Tower with Radar,202,129,141,9,481,0,2,58,1,61,202,131,199,10,542,0,0,0,542
01/11/2020,PBI,FL,ASO,ES,Combined TRACON& Tower with Radar,161,79,64,2,306,0,1,32,3,36,161,80,96,5,342,0,0,0,342
01/12/2020,PBI,FL,ASO,ES,Combined TRACON& Tower with Radar,176,144,138,1,459,0,4,34,0,38,176,148,172,1,497,0,0,0,497
01/13/2020,PBI,FL,ASO,ES,Combined TRACON& Tower with Radar,194,102,81,0,377,0,3,49,0,52,194,105,130,0,429,0,0,0,429
01/14/2020,PBI,FL,ASO,ES,Combined TRACON& Tower with Radar,174,98,113,3,388,0,3,58,1,62,174,101,171,4,450,0,0,0,450
01/15/2020,PBI,FL,ASO,ES,Combined TRACON& Tower with Radar,185,96,133,1,415,0,16,55,4,75,185,112,188,5,490,0,0,0,490
01/16/2020,PBI,FL,ASO,ES,Combined TRACON& Tower with Radar,185,150,131,2,468,0,5,72,4,81,185,155,203,6,549,0,0,0,549
01/17/2020,PBI,FL,ASO,ES,Combined TRACON& Tower with Radar,202,128,113,2,445,1,6,40,6,53,203,134,153,8,498,0,0,0,498
01/18/2020,PBI,FL,ASO,ES,Combined TRACON& Tower with Radar,166,22,20,0,208,0,3,7,2,12,166,25,27,2,220,0,0,0,220
01/19/2020,PBI,FL,ASO,ES,Combined TRACON& Tower with Radar,163,74,71,4,312,0,1,24,1,26,163,75,95,5,338,0,0,0,338
01/20/2020,PBI,FL,ASO,ES,Combined TRACON& Tower with Radar,193,163,178,6,540,0,7,44,1,52,193,170,222,7,592,0,0,0,592
01/21/2020,PBI,FL,ASO,ES,Combined TRACON& Tower with Radar,175,109,110,2,396,0,6,69,0,75,175,115,179,2,471,0,0,0,471
01/22/2020,PBI,FL,ASO,ES,Combined TRACON& Tower with Radar,188,103,115,0,406,0,4,45,0,49,188,107,160,0,455,0,0,0,455
01/23/2020,PBI,FL,ASO,ES,Combined TRACON& Tower with Radar,196,126,166,0,488,1,0,54,0,55,197,126,220,0,543,0,0,0,543
01/24/2020,PBI,FL,ASO,ES,Combined TRACON& Tower with Radar,202,130,144,0,476,0,4,37,0,41,202,134,181,0,517,0,0,0,517
01/25/2020,PBI,FL,ASO,ES,Combined TRACON& Tower with Radar,172,73,83,0,328,0,5,37,0,42,172,78,120,0,370,0,0,0,370
01/26/2020,PBI,FL,ASO,ES,Combined TRACON& Tower with Radar,171,153,173,0,497,0,4,54,0,58,171,157,227,0,555,0,0,0,555
01/27/2020,PBI,FL,ASO,ES,Combined TRACON& Tower with Radar,198,124,121,1,444,0,6,56,0,62,198,130,177,1,506,0,0,0,506
01/28/2020,PBI,FL,ASO,ES,Combined TRACON& Tower with Radar,190,113,124,1,428,0,5,71,0,76,190,118,195,1,504,0,0,0,504
01/29/2020,PBI,FL,ASO,ES,Combined TRACON& Tower with Radar,185,119,198,12,514,0,2,73,2,77,185,121,271,14,591,0,0,0,591
01/30/2020,PBI,FL,ASO,ES,Combined TRACON& Tower with Radar,190,154,220,3,567,0,5,37,2,44,190,159,257,5,611,0,0,0,611
01/31/2020,PBI,FL,ASO,ES,Combined TRACON& Tower with Radar,202,90,107,2,401,0,2,60,0,62,202,92,167,2,463,0,0,0,463
02/01/2020,PBI,FL,ASO,ES,Combined TRACON& Tower with Radar,180,20,32,0,232,0,1,9,0,10,180,21,41,0,242,0,0,0,242
02/02/2020,PBI,FL,ASO,ES,Combined TRACON& Tower with Radar,175,53,47,2,277,0,4,14,1,19,175,57,61,3,296,0,0,0,296
02/03/2020,PBI,FL,ASO,ES,Combined TRACON& Tower with Radar,195,166,190,3,554,0,7,64,2,73,195,173,254,5,627,0,0,0,627
02/04/2020,PBI,FL,ASO,ES,Combined TRACON& Tower with Radar,174,119,108,5,406,0,2,57,1,60,174,121,165,6,466,0,0,0,466
02/05/2020,PBI,FL,ASO,ES,Combined TRACON& Tower with Radar,184,113,141,0,438,0,4,75,2,81,184,117,216,2,519,0,0,0,519
02/06/2020,PBI,FL,ASO,ES,Combined TRACON& Tower with Radar,174,131,160,2,467,0,5,47,0,52,174,136,207,2,519,0,0,0,519
02/07/2020,PBI,FL,ASO,ES,Combined TRACON& Tower with Radar,197,127,141,0,465,0,0,42,0,42,197,127,183,0,507,0,0,0,507
02/08/2020,PBI,FL,ASO,ES,Combined TRACON& Tower with Radar,179,102,104,1,386,0,7,28,1,36,179,109,132,2,422,0,0,0,422
02/09/2020,PBI,FL,ASO,ES,Combined TRACON& Tower with Radar,167,145,169,2,483,0,2,28,1,31,167,147,197,3,514,0,0,0,514
02/10/2020,PBI,FL,ASO,ES,Combined TRACON& Tower with Radar,189,103,158,7,457,0,9,54,2,65,189,112,212,9,522,0,0,0,522
02/11/2020,PBI,FL,ASO,ES,Combined TRACON& Tower with Radar,179,94,115,0,388,0,4,49,2,55,179,98,164,2,443,0,0,0,443
02/12/2020,PBI,FL,ASO,ES,Combined TRACON& Tower with Radar,189,134,156,8,487,0,5,55,4,64,189,139,211,12,551,0,0,0,551
02/13/2020,PBI,FL,ASO,ES,Combined TRACON& Tower with Radar,199,176,223,6,604,0,5,36,0,41,199,181,259,6,645,0,0,0,645
02/14/2020,PBI,FL,ASO,ES,Combined TRACON& Tower with Radar,218,125,129,1,473,0,0,36,2,38,218,125,165,3,511,0,0,0,511
02/15/2020,PBI,FL,ASO,ES,Combined TRACON& Tower with Radar,204,30,27,0,261,0,0,10,2,12,204,30,37,2,273,0,0,0,273
02/16/2020,PBI,FL,ASO,ES,Combined TRACON& Tower with Radar,188,100,77,8,373,0,4,9,0,13,188,104,86,8,386,0,0,0,386
02/17/2020,PBI,FL,ASO,ES,Combined TRACON& Tower with Radar,214,161,198,4,577,0,9,59,3,71,214,170,257,7,648,0,0,0,648
02/18/2020,PBI,FL,ASO,ES,Combined TRACON& Tower with Radar,198,141,155,7,501,0,13,73,1,87,198,154,228,8,588,0,0,0,588
02/19/2020,PBI,FL,ASO,ES,Combined TRACON& Tower with Radar,211,153,133,4,501,0,10,60,1,71,211,163,193,5,572,0,0,0,572
02/20/2020,PBI,FL,ASO,ES,Combined TRACON& Tower with Radar,207,141,185,3,536,0,9,76,0,85,207,150,261,3,621,0,0,0,621
02/21/2020,PBI,FL,ASO,ES,Combined TRACON& Tower with Radar,219,146,149,0,514,0,2,20,0,22,219,148,169,0,536,0,0,0,536
02/22/2020,PBI,FL,ASO,ES,Combined TRACON& Tower with Radar,219,95,92,0,406,0,2,21,0,23,219,97,113,0,429,0,0,0,429
02/23/2020,PBI,FL,ASO,ES,Combined TRACON& Tower with Radar,199,182,199,0,580,0,8,50,0,58,199,190,249,0,638,0,0,0,638
02/24/2020,PBI,FL,ASO,ES,Combined TRACON& Tower with Radar,215,147,148,2,512,0,3,62,1,66,215,150,210,3,578,0,0,0,578
02/25/2020,PBI,FL,ASO,ES,Combined TRACON& Tower with Radar,201,110,119,3,433,0,8,48,1,57,201,118,167,4,490,0,0,0,490
02/26/2020,PBI,FL,ASO,ES,Combined TRACON& Tower with Radar,202,103,138,0,443,0,3,39,1,43,202,106,177,1,486,0,0,0,486
02/27/2020,PBI,FL,ASO,ES,Combined TRACON& Tower with Radar,208,158,168,3,537,0,5,43,0,48,208,163,211,3,585,0,0,0,585
02/28/2020,PBI,FL,ASO,ES,Combined TRACON& Tower with Radar,216,152,155,4,527,0,9,41,3,53,216,161,196,7,580,0,0,0,580
02/29/2020,PBI,FL,ASO,ES,Combined TRACON& Tower with Radar,206,98,95,0,399,0,3,46,2,51,206,101,141,2,450,0,0,0,450
03/01/2020,PBI,FL,ASO,ES,Combined TRACON& Tower with Radar,200,185,193,0,578,0,0,42,2,44,200,185,235,2,622,16,0,16,638
03/02/2020,PBI,FL,ASO,ES,Combined TRACON& Tower with Radar,209,124,156,3,492,0,20,53,1,74,209,144,209,4,566,16,0,16,582
03/03/2020,PBI,FL,ASO,ES,Combined TRACON& Tower with Radar,198,102,131,2,433,0,15,48,1,64,198,117,179,3,497,0,0,0,497
03/04/2020,PBI,FL,ASO,ES,Combined TRACON& Tower with Radar,205,113,127,4,449,0,6,64,2,72,205,119,191,6,521,6,0,6,527
03/05/2020,PBI,FL,ASO,ES,Combined TRACON& Tower with Radar,204,174,170,3,551,0,8,45,0,53,204,182,215,3,604,0,0,0,604
03/06/2020,PBI,FL,ASO,ES,Combined TRACON& Tower with Radar,214,134,140,3,491,0,4,30,1,35,214,138,170,4,526,0,0,0,526
03/07/2020,PBI,FL,ASO,ES,Combined TRACON& Tower with Radar,214,47,22,4,287,0,1,9,3,13,214,48,31,7,300,0,0,0,300
03/08/2020,PBI,FL,ASO,ES,Combined TRACON& Tower with Radar,199,56,61,0,316,0,8,4,1,13,199,64,65,1,329,0,0,0,329
03/09/2020,PBI,FL,ASO,ES,Combined TRACON& Tower with Radar,217,95,83,4,399,0,6,40,2,48,217,101,123,6,447,0,0,0,447
03/10/2020,PBI,FL,ASO,ES,Combined TRACON& Tower with Radar,201,120,131,2,454,0,6,50,0,56,201,126,181,2,510,0,0,0,510
03/11/2020,PBI,FL,ASO,ES,Combined TRACON& Tower with Radar,209,126,138,0,473,0,9,54,0,63,209,135,192,0,536,0,0,0,536
03/12/2020,PBI,FL,ASO,ES,Combined TRACON& Tower with Radar,215,194,171,1,581,0,4,58,0,62,215,198,229,1,643,0,0,0,643
03/13/2020,PBI,FL,ASO,ES,Combined TRACON& Tower with Radar,211,201,190,1,603,0,6,64,4,74,211,207,254,5,677,0,0,0,677
03/14/2020,PBI,FL,ASO,ES,Combined TRACON& Tower with Radar,220,160,132,0,512,0,13,30,0,43,220,173,162,0,555,0,0,0,555
03/15/2020,PBI,FL,ASO,ES,Combined TRACON& Tower with Radar,192,187,197,0,576,0,7,43,0,50,192,194,240,0,626,0,0,0,626
03/16/2020,PBI,FL,ASO,ES,Combined TRACON& Tower with Radar,213,160,165,2,540,0,2,67,0,69,213,162,232,2,609,0,0,0,609
03/17/2020,PBI,FL,ASO,ES,Combined TRACON& Tower with Radar,195,140,172,0,507,0,6,48,2,56,195,146,220,2,563,0,0,0,563
03/18/2020,PBI,FL,ASO,ES,Combined TRACON& Tower with Radar,208,140,135,0,483,0,10,36,2,48,208,150,171,2,531,0,0,0,531
03/19/2020,PBI,FL,ASO,ES,Combined TRACON& Tower with Radar,196,101,114,1,412,0,13,31,1,45,196,114,145,2,457,0,0,0,457
03/20/2020,PBI,FL,ASO,ES,Combined TRACON& Tower with Radar,190,113,119,0,422,0,3,43,0,46,190,116,162,0,468,0,0,0,468
03/21/2020,PBI,FL,ASO,ES,Combined TRACON& Tower with Radar,175,96,88,0,359,0,5,33,0,38,175,101,121,0,397,0,0,0,397
03/22/2020,PBI,FL,ASO,ES,Combined TRACON& Tower with Radar,153,86,78,0,317,0,7,20,1,28,153,93,98,1,345,0,0,0,345
03/23/2020,PBI,FL,ASO,ES,Combined TRACON& Tower with Radar,129,74,57,0,260,0,2,31,0,33,129,76,88,0,293,0,0,0,293
03/24/2020,PBI,FL,ASO,ES,Combined TRACON& Tower with Radar,116,40,51,4,211,0,2,25,0,27,116,42,76,4,238,0,0,0,238
03/25/2020,PBI,FL,ASO,ES,Combined TRACON& Tower with Radar,116,28,52,0,196,0,3,37,0,40,116,31,89,0,236,0,0,0,236
03/26/2020,PBI,FL,ASO,ES,Combined TRACON& Tower with Radar,105,36,30,0,171,0,2,52,0,54,105,38,82,0,225,0,0,0,225
03/27/2020,PBI,FL,ASO,ES,Combined TRACON& Tower with Radar,90,44,54,0,188,0,1,33,0,34,90,45,87,0,222,0,0,0,222
03/28/2020,PBI,FL,ASO,ES,Combined TRACON& Tower with Radar,84,32,26,0,142,0,3,22,0,25,84,35,48,0,167,0,0,0,167
03/29/2020,PBI,FL,ASO,ES,Combined TRACON& Tower with Radar,77,47,34,0,158,0,1,30,0,31,77,48,64,0,189,0,0,0,189
03/30/2020,PBI,FL,ASO,ES,Combined TRACON& Tower with Radar,70,34,20,0,124,0,6,25,0,31,70,40,45,0,155,0,0,0,155
03/31/2020,PBI,FL,ASO,ES,Combined TRACON& Tower with Radar,75,42,38,2,157,0,0,25,3,28,75,42,63,5,185,0,0,0,185
04/01/2020,PBI,FL,ASO,ES,Combined TRACON& Tower with Radar,70,43,21,0,134,0,0,32,0,32,70,43,53,0,166,0,0,0,166
04/02/2020,PBI,FL,ASO,ES,Combined TRACON& Tower with Radar,69,40,20,0,129,0,3,31,0,34,69,43,51,0,163,0,0,0,163
04/03/2020,PBI,FL,ASO,ES,Combined TRACON& Tower with Radar,68,44,23,0,135,0,1,30,4,35,68,45,53,4,170,10,0,10,180
04/04/2020,PBI,FL,ASO,ES,Combined TRACON& Tower with Radar,66,27,22,0,115,0,5,18,2,25,66,32,40,2,140,0,0,0,140
04/05/2020,PBI,FL,ASO,ES,Combined TRACON& Tower with Radar,61,37,30,4,132,0,0,5,0,5,61,37,35,4,137,0,0,0,137
04/06/2020,PBI,FL,ASO,ES,Combined TRACON& Tower with Radar,55,39,24,0,118,0,2,14,0,16,55,41,38,0,134,0,0,0,134
04/07/2020,PBI,FL,ASO,ES,Combined TRACON& Tower with Radar,57,30,38,0,125,0,0,25,0,25,57,30,63,0,150,0,0,0,150
04/08/2020,PBI,FL,ASO,ES,Combined TRACON& Tower with Radar,60,29,39,1,129,0,4,42,1,47,60,33,81,2,176,0,0,0,176
04/09/2020,PBI,FL,ASO,ES,Combined TRACON& Tower with Radar,71,39,18,0,128,0,1,29,0,30,71,40,47,0,158,0,0,0,158
04/10/2020,PBI,FL,ASO,ES,Combined TRACON& Tower with Radar,72,30,34,0,136,0,3,28,0,31,72,33,62,0,167,0,0,0,167
04/11/2020,PBI,FL,ASO,ES,Combined TRACON& Tower with Radar,67,30,17,0,114,0,0,23,0,23,67,30,40,0,137,0,0,0,137
04/12/2020,PBI,FL,ASO,ES,Combined TRACON& Tower with Radar,49,34,16,0,99,0,6,17,0,23,49,40,33,0,122,0,0,0,122
04/13/2020,PBI,FL,ASO,ES,Combined TRACON& Tower with Radar,47,17,30,2,96,0,4,27,0,31,47,21,57,2,127,0,0,0,127
04/14/2020,PBI,FL,ASO,ES,Combined TRACON& Tower with Radar,48,32,25,2,107,0,5,59,1,65,48,37,84,3,172,0,0,0,172
04/15/2020,PBI,FL,ASO,ES,Combined TRACON& Tower with Radar,43,33,46,5,127,0,1,34,8,43,43,34,80,13,170,0,0,0,170
04/16/2020,PBI,FL,ASO,ES,Combined TRACON& Tower with Radar,37,35,32,0,104,0,0,20,2,22,37,35,52,2,126,0,0,0,126
04/17/2020,PBI,FL,ASO,ES,Combined TRACON& Tower with Radar,42,29,31,0,102,0,2,20,0,22,42,31,51,0,124,0,0,0,124
04/18/2020,PBI,FL,ASO,ES,Combined TRACON& Tower with Radar,36,25,21,0,82,0,0,13,0,13,36,25,34,0,95,0,0,0,95
04/19/2020,PBI,FL,ASO,ES,Combined TRACON& Tower with Radar,28,27,23,0,78,0,0,20,2,22,28,27,43,2,100,0,0,0,100
04/20/2020,PBI,FL,ASO,ES,Combined TRACON& Tower with Radar,29,25,26,0,80,0,2,29,0,31,29,27,55,0,111,6,0,6,117
04/21/2020,PBI,FL,ASO,ES,Combined TRACON& Tower with Radar,31,20,38,4,93,0,1,35,2,38,31,21,73,6,131,0,0,0,131
04/22/2020,PBI,FL,ASO,ES,Combined TRACON& Tower with Radar,37,40,37,2,116,0,2,33,4,39,37,42,70,6,155,0,0,0,155
04/23/2020,PBI,FL,ASO,ES,Combined TRACON& Tower with Radar,38,39,34,12,123,0,4,39,0,43,38,43,73,12,166,0,0,0,166
04/24/2020,PBI,FL,ASO,ES,Combined TRACON& Tower with Radar,39,32,32,1,104,0,0,26,0,26,39,32,58,1,130,0,0,0,130
04/25/2020,PBI,FL,ASO,ES,Combined TRACON& Tower with Radar,33,45,27,0,105,0,0,32,0,32,33,45,59,0,137,0,0,0,137
04/26/2020,PBI,FL,ASO,ES,Combined TRACON& Tower with Radar,22,33,29,0,84,0,10,25,2,37,22,43,54,2,121,0,0,0,121
04/27/2020,PBI,FL,ASO,ES,Combined TRACON& Tower with Radar,34,33,40,0,107,0,5,42,4,51,34,38,82,4,158,0,0,0,158
04/28/2020,PBI,FL,ASO,ES,Combined TRACON& Tower with Radar,37,42,34,2,115,0,3,56,0,59,37,45,90,2,174,0,0,0,174
04/29/2020,PBI,FL,ASO,ES,Combined TRACON& Tower with Radar,36,60,43,0,139,0,0,41,2,43,36,60,84,2,182,0,0,0,182
04/30/2020,PBI,FL,ASO,ES,Combined TRACON& Tower with Radar,37,47,53,0,137,0,0,11,2,13,37,47,64,2,150,0,0,0,150
05/01/2020,PBI,FL,ASO,ES,Combined TRACON& Tower with Radar,34,72,70,0,176,0,4,52,2,58,34,76,122,2,234,0,0,0,234
05/02/2020,PBI,FL,ASO,ES,Combined TRACON& Tower with Radar,21,48,19,12,100,0,0,22,0,22,21,48,41,12,122,0,0,0,122
05/03/2020,PBI,FL,ASO,ES,Combined TRACON& Tower with Radar,32,47,43,0,122,0,1,31,2,34,32,48,74,2,156,0,0,0,156
05/04/2020,PBI,FL,ASO,ES,Combined TRACON& Tower with Radar,28,46,43,0,117,0,3,30,2,35,28,49,73,2,152,0,0,0,152
05/05/2020,PBI,FL,ASO,ES,Combined TRACON& Tower with Radar,31,45,50,2,128,0,2,51,3,56,31,47,101,5,184,0,0,0,184
05/06/2020,PBI,FL,ASO,ES,Combined TRACON& Tower with Radar,30,64,61,6,161,0,2,48,0,50,30,66,109,6,211,0,0,0,211
05/07/2020,PBI,FL,ASO,ES,Combined TRACON& Tower with Radar,35,58,64,2,159,0,0,54,4,58,35,58,118,6,217,0,0,0,217
05/08/2020,PBI,FL,ASO,ES,Combined TRACON& Tower with Radar,35,72,76,0,183,0,4,63,2,69,35,76,139,2,252,0,0,0,252
05/09/2020,PBI,FL,ASO,ES,Combined TRACON& Tower with Radar,18,61,54,0,133,0,2,35,1,38,18,63,89,1,171,0,0,0,171
05/10/2020,PBI,FL,ASO,ES,Combined TRACON& Tower with Radar,27,59,34,0,120,0,0,4,1,5,27,59,38,1,125,0,0,0,125
05/11/2020,PBI,FL,ASO,ES,Combined TRACON& Tower with Radar,30,65,71,0,166,0,3,29,0,32,30,68,100,0,198,0,0,0,198
05/12/2020,PBI,FL,ASO,ES,Combined TRACON& Tower with Radar,26,75,47,0,148,0,4,47,4,55,26,79,94,4,203,0,0,0,203
05/13/2020,PBI,FL,ASO,ES,Combined TRACON& Tower with Radar,31,70,64,0,165,0,0,55,0,55,31,70,119,0,220,0,0,0,220
05/14/2020,PBI,FL,ASO,ES,Combined TRACON& Tower with Radar,41,66,68,0,175,0,2,27,2,31,41,68,95,2,206,0,0,0,206
05/15/2020,PBI,FL,ASO,ES,Combined TRACON& Tower with Radar,36,87,70,1,194,0,1,16,3,20,36,88,86,4,214,0,0,0,214
05/16/2020,PBI,FL,ASO,ES,Combined TRACON& Tower with Radar,21,80,61,0,162,0,1,24,0,25,21,81,85,0,187,0,0,0,187
05/17/2020,PBI,FL,ASO,ES,Combined TRACON& Tower with Radar,29,61,60,0,150,0,3,38,0,41,29,64,98,0,191,0,0,0,191
05/18/2020,PBI,FL,ASO,ES,Combined TRACON& Tower with Radar,32,69,65,2,168,0,0,17,2,19,32,69,82,4,187,0,0,0,187
05/19/2020,PBI,FL,ASO,ES,Combined TRACON& Tower with Radar,30,82,73,0,185,0,1,42,0,43,30,83,115,0,228,0,0,0,228
05/20/2020,PBI,FL,ASO,ES,Combined TRACON& Tower with Radar,31,99,100,0,230,0,3,39,0,42,31,102,139,0,272,0,0,0,272
05/21/2020,PBI,FL,ASO,ES,Combined TRACON& Tower with Radar,40,95,105,0,240,0,9,39,0,48,40,104,144,0,288,0,0,0,288
05/22/2020,PBI,FL,ASO,ES,Combined TRACON& Tower with Radar,38,113,100,7,258,0,6,45,3,54,38,119,145,10,312,0,0,0,312
05/23/2020,PBI,FL,ASO,ES,Combined TRACON& Tower with Radar,16,75,46,0,137,0,5,32,3,40,16,80,78,3,177,0,0,0,177
05/24/2020,PBI,FL,ASO,ES,Combined TRACON& Tower with Radar,30,51,51,0,132,0,0,6,0,6,30,51,57,0,138,0,0,0,138
05/25/2020,PBI,FL,ASO,ES,Combined TRACON& Tower with Radar,27,75,63,1,166,0,0,4,0,4,27,75,67,1,170,0,0,0,170
05/26/2020,PBI,FL,ASO,ES,Combined TRACON& Tower with Radar,24,105,108,0,237,0,1,28,0,29,24,106,136,0,266,0,0,0,266
05/27/2020,PBI,FL,ASO,ES,Combined TRACON& Tower with Radar,33,126,83,0,242,0,4,70,2,76,33,130,153,2,318,0,0,0,318
05/28/2020,PBI,FL,ASO,ES,Combined TRACON& Tower with Radar,44,93,93,0,230,0,4,43,0,47,44,97,136,0,277,0,0,0,277
05/29/2020,PBI,FL,ASO,ES,Combined TRACON& Tower with Radar,34,105,108,0,247,0,6,41,0,47,34,111,149,0,294,0,0,0,294
05/30/2020,PBI,FL,ASO,ES,Combined TRACON& Tower with Radar,17,96,77,0,190,0,5,35,0,40,17,101,112,0,230,0,0,0,230
05/31/2020,PBI,FL,ASO,ES,Combined TRACON& Tower with Radar,42,101,98,0,241,0,2,44,1,47,42,103,142,1,288,0,0,0,288
06/01/2020,PBI,FL,ASO,ES,Combined TRACON& Tower with Radar,38,127,118,0,283,0,0,33,3,36,38,127,151,3,319,0,0,0,319
06/02/2020,PBI,FL,ASO,ES,Combined TRACON& Tower with Radar,35,94,91,0,220,0,1,27,1,29,35,95,118,1,249,0,0,0,249
06/03/2020,PBI,FL,ASO,ES,Combined TRACON& Tower with Radar,40,98,82,0,220,0,2,14,0,16,40,100,96,0,236,0,0,0,236
06/04/2020,PBI,FL,ASO,ES,Combined TRACON& Tower with Radar,51,117,110,0,278,0,0,30,0,30,51,117,140,0,308,0,0,0,308
06/05/2020,PBI,FL,ASO,ES,Combined TRACON& Tower with Radar,50,92,92,0,234,0,4,52,3,59,50,96,144,3,293,0,0,0,293
06/06/2020,PBI,FL,ASO,ES,Combined TRACON& Tower with Radar,33,84,77,0,194,0,2,20,2,24,33,86,97,2,218,0,0,0,218
06/07/2020,PBI,FL,ASO,ES,Combined TRACON& Tower with Radar,49,72,91,0,212,0,2,19,0,21,49,74,110,0,233,0,0,0,233
06/08/2020,PBI,FL,ASO,ES,Combined TRACON& Tower with Radar,49,86,83,0,218,0,1,62,6,69,49,87,145,6,287,0,0,0,287
06/09/2020,PBI,FL,ASO,ES,Combined TRACON& Tower with Radar,40,117,83,0,240,0,19,36,4,59,40,136,119,4,299,0,0,0,299
06/10/2020,PBI,FL,ASO,ES,Combined TRACON& Tower with Radar,47,96,95,2,240,0,5,55,2,62,47,101,150,4,302,0,0,0,302
06/11/2020,PBI,FL,ASO,ES,Combined TRACON& Tower with Radar,59,108,104,0,271,0,20,68,0,88,59,128,172,0,359,0,0,0,359
06/12/2020,PBI,FL,ASO,ES,Combined TRACON& Tower with Radar,54,82,100,4,240,0,2,40,0,42,54,84,140,4,282,0,0,0,282
06/13/2020,PBI,FL,ASO,ES,Combined TRACON& Tower with Radar,34,97,67,0,198,0,4,45,2,51,34,101,112,2,249,0,0,0,249
06/14/2020,PBI,FL,ASO,ES,Combined TRACON& Tower with Radar,52,89,69,0,210,0,3,18,0,21,52,92,87,0,231,0,0,0,231
06/15/2020,PBI,FL,ASO,ES,Combined TRACON& Tower with Radar,52,119,94,0,265,0,2,34,0,36,52,121,128,0,301,0,0,0,301
06/16/2020,PBI,FL,ASO,ES,Combined TRACON& Tower with Radar,44,115,124,0,283,0,9,67,0,76,44,124,191,0,359,0,0,0,359
06/17/2020,PBI,FL,ASO,ES,Combined TRACON& Tower with Radar,47,123,107,2,279,0,10,40,0,50,47,133,147,2,329,0,0,0,329
06/18/2020,PBI,FL,ASO,ES,Combined TRACON& Tower with Radar,58,91,98,0,247,0,3,23,0,26,58,94,121,0,273,0,0,0,273
06/19/2020,PBI,FL,ASO,ES,Combined TRACON& Tower with Radar,60,96,95,0,251,0,4,44,0,48,60,100,139,0,299,0,0,0,299
06/20/2020,PBI,FL,ASO,ES,Combined TRACON& Tower with Radar,39,81,72,0,192,0,0,38,0,38,39,81,110,0,230,0,0,0,230
06/21/2020,PBI,FL,ASO,ES,Combined TRACON& Tower with Radar,51,65,76,0,192,0,2,34,0,36,51,67,110,0,228,0,0,0,228
06/22/2020,PBI,FL,ASO,ES,Combined TRACON& Tower with Radar,56,88,125,0,269,0,5,42,0,47,56,93,167,0,316,0,0,0,316
06/23/2020,PBI,FL,ASO,ES,Combined TRACON& Tower with Radar,45,107,95,3,250,0,1,41,1,43,45,108,136,4,293,0,0,0,293
06/24/2020,PBI,FL,ASO,ES,Combined TRACON& Tower with Radar,47,115,80,0,242,0,8,33,2,43,47,123,113,2,285,0,0,0,285
06/25/2020,PBI,FL,ASO,ES,Combined TRACON& Tower with Radar,61,102,98,0,261,0,21,57,2,80,61,123,155,2,341,8,0,8,349
06/26/2020,PBI,FL,ASO,ES,Combined TRACON& Tower with Radar,61,88,94,4,247,0,2,43,0,45,61,90,137,4,292,16,0,16,308
06/27/2020,PBI,FL,ASO,ES,Combined TRACON& Tower with Radar,39,73,53,2,167,0,2,29,2,33,39,75,82,4,200,0,0,0,200
06/28/2020,PBI,FL,ASO,ES,Combined TRACON& Tower with Radar,51,78,68,4,201,0,6,26,0,32,51,84,94,4,233,0,0,0,233
06/29/2020,PBI,FL,ASO,ES,Combined TRACON& Tower with Radar,57,83,93,0,233,0,7,45,0,52,57,90,138,0,285,0,0,0,285
06/30/2020,PBI,FL,ASO,ES,Combined TRACON& Tower with Radar,50,99,82,4,235,0,1,40,0,41,50,100,122,4,276,0,0,0,276
07/01/2020,PBI,FL,ASO,ES,Combined TRACON& Tower with Radar,64,87,117,1,269,0,7,49,2,58,64,94,166,3,327,0,0,0,327
07/02/2020,PBI,FL,ASO,ES,Combined TRACON& Tower with Radar,78,117,111,0,306,0,10,54,3,67,78,127,165,3,373,10,0,10,383
07/03/2020,PBI,FL,ASO,ES,Combined TRACON& Tower with Radar,64,77,89,0,230,0,2,34,2,38,64,79,123,2,268,0,0,0,268
07/04/2020,PBI,FL,ASO,ES,Combined TRACON& Tower with Radar,45,31,25,0,101,0,4,33,0,37,45,35,58,0,138,0,0,0,138
07/05/2020,PBI,FL,ASO,ES,Combined TRACON& Tower with Radar,62,39,48,0,149,0,3,27,0,30,62,42,75,0,179,0,0,0,179
07/06/2020,PBI,FL,ASO,ES,Combined TRACON& Tower with Radar,69,77,76,0,222,0,3,48,0,51,69,80,124,0,273,0,0,0,273
07/07/2020,PBI,FL,ASO,ES,Combined TRACON& Tower with Radar,68,69,57,0,194,0,1,46,0,47,68,70,103,0,241,0,0,0,241
07/08/2020,PBI,FL,ASO,ES,Combined TRACON& Tower with Radar,71,77,65,0,213,0,6,45,0,51,71,83,110,0,264,0,0,0,264
07/09/2020,PBI,FL,ASO,ES,Combined TRACON& Tower with Radar,75,87,63,0,225,0,1,36,1,38,75,88,99,1,263,0,0,0,263
07/10/2020,PBI,FL,ASO,ES,Combined TRACON& Tower with Radar,89,71,98,8,266,0,3,16,2,21,89,74,114,10,287,0,0,0,287
07/11/2020,PBI,FL,ASO,ES,Combined TRACON& Tower with Radar,67,50,58,0,175,0,2,25,0,27,67,52,83,0,202,0,0,0,202
07/12/2020,PBI,FL,ASO,ES,Combined TRACON& Tower with Radar,75,56,63,0,194,0,0,21,0,21,75,56,84,0,215,14,0,14,229
07/13/2020,PBI,FL,ASO,ES,Combined TRACON& Tower with Radar,69,58,76,0,203,0,4,41,0,45,69,62,117,0,248,0,0,0,248
07/14/2020,PBI,FL,ASO,ES,Combined TRACON& Tower with Radar,65,50,62,0,177,0,1,50,0,51,65,51,112,0,228,0,0,0,228
07/15/2020,PBI,FL,ASO,ES,Combined TRACON& Tower with Radar,66,63,80,0,209,0,3,43,0,46,66,66,123,0,255,0,0,0,255
07/16/2020,PBI,FL,ASO,ES,Combined TRACON& Tower with Radar,71,60,71,2,204,0,5,44,2,51,71,65,115,4,255,0,0,0,255
07/17/2020,PBI,FL,ASO,ES,Combined TRACON& Tower with Radar,70,59,71,0,200,0,5,19,0,24,70,64,90,0,224,0,0,0,224
07/18/2020,PBI,FL,ASO,ES,Combined TRACON& Tower with Radar,56,41,51,0,148,0,2,21,0,23,56,43,72,0,171,0,0,0,171
07/19/2020,PBI,FL,ASO,ES,Combined TRACON& Tower with Radar,64,42,77,0,183,0,1,44,2,47,64,43,121,2,230,0,0,0,230
07/20/2020,PBI,FL,ASO,ES,Combined TRACON& Tower with Radar,65,44,67,2,178,0,1,31,0,32,65,45,98,2,210,0,0,0,210
07/21/2020,PBI,FL,ASO,ES,Combined TRACON& Tower with Radar,61,53,66,8,188,0,1,55,0,56,61,54,121,8,244,0,0,0,244
07/22/2020,PBI,FL,ASO,ES,Combined TRACON& Tower with Radar,68,65,69,0,202,0,0,36,0,36,68,65,105,0,238,0,0,0,238
07/23/2020,PBI,FL,ASO,ES,Combined TRACON& Tower with Radar,76,41,63,0,180,0,6,34,1,41,76,47,97,1,221,0,0,0,221
07/24/2020,PBI,FL,ASO,ES,Combined TRACON& Tower with Radar,68,58,67,0,193,0,6,39,2,47,68,64,106,2,240,0,0,0,240
07/25/2020,PBI,FL,ASO,ES,Combined TRACON& Tower with Radar,55,65,51,0,171,0,2,24,0,26,55,67,75,0,197,20,0,20,217
07/26/2020,PBI,FL,ASO,ES,Combined TRACON& Tower with Radar,64,36,64,0,164,0,0,20,0,20,64,36,84,0,184,0,0,0,184
07/27/2020,PBI,FL,ASO,ES,Combined TRACON& Tower with Radar,62,56,74,0,192,0,2,26,2,30,62,58,100,2,222,0,0,0,222
07/28/2020,PBI,FL,ASO,ES,Combined TRACON& Tower with Radar,56,56,63,2,177,0,5,56,0,61,56,61,119,2,238,0,0,0,238
07/29/2020,PBI,FL,ASO,ES,Combined TRACON& Tower with Radar,55,60,70,2,187,0,9,51,0,60,55,69,121,2,247,0,0,0,247
07/30/2020,PBI,FL,ASO,ES,Combined TRACON& Tower with Radar,68,68,65,0,201,0,9,45,2,56,68,77,110,2,257,0,0,0,257
07/31/2020,PBI,FL,ASO,ES,Combined TRACON& Tower with Radar,67,76,105,0,248,0,3,49,0,52,67,79,154,0,300,0,0,0,300
08/01/2020,PBI,FL,ASO,ES,Combined TRACON& Tower with Radar,37,38,34,0,109,0,2,6,0,8,37,40,40,0,117,0,0,0,117
08/02/2020,PBI,FL,ASO,ES,Combined TRACON& Tower with Radar,45,14,24,0,83,0,0,0,0,0,45,14,24,0,83,0,0,0,83
08/03/2020,PBI,FL,ASO,ES,Combined TRACON& Tower with Radar,60,48,82,0,190,0,3,20,0,23,60,51,102,0,213,0,0,0,213
08/04/2020,PBI,FL,ASO,ES,Combined TRACON& Tower with Radar,45,44,70,0,159,0,3,57,0,60,45,47,127,0,219,0,0,0,219
08/05/2020,PBI,FL,ASO,ES,Combined TRACON& Tower with Radar,49,50,65,2,166,0,1,33,0,34,49,51,98,2,200,0,0,0,200
08/06/2020,PBI,FL,ASO,ES,Combined TRACON& Tower with Radar,68,47,59,0,174,0,10,35,3,48,68,57,94,3,222,0,0,0,222
08/07/2020,PBI,FL,ASO,ES,Combined TRACON& Tower with Radar,63,50,64,8,185,0,3,35,3,41,63,53,99,11,226,0,0,0,226
08/08/2020,PBI,FL,ASO,ES,Combined TRACON& Tower with Radar,51,41,39,0,131,0,4,30,0,34,51,45,69,0,165,0,0,0,165
08/09/2020,PBI,FL,ASO,ES,Combined TRACON& Tower with Radar,66,43,63,0,172,0,2,42,0,44,66,45,105,0,216,0,0,0,216
08/10/2020,PBI,FL,ASO,ES,Combined TRACON& Tower with Radar,58,54,68,16,196,0,3,44,0,47,58,57,112,16,243,0,0,0,243
08/11/2020,PBI,FL,ASO,ES,Combined TRACON& Tower with Radar,57,59,59,0,175,1,10,40,0,51,58,69,99,0,226,0,0,0,226
08/12/2020,PBI,FL,ASO,ES,Combined TRACON& Tower with Radar,49,62,46,0,157,0,10,35,0,45,49,72,81,0,202,0,0,0,202
08/13/2020,PBI,FL,ASO,ES,Combined TRACON& Tower with Radar,66,58,53,1,178,0,8,65,0,73,66,66,118,1,251,0,0,0,251
08/14/2020,PBI,FL,ASO,ES,Combined TRACON& Tower with Radar,63,58,62,0,183,0,1,47,1,49,63,59,109,1,232,0,0,0,232
08/15/2020,PBI,FL,ASO,ES,Combined TRACON& Tower with Radar,52,36,66,0,154,0,6,27,0,33,52,42,93,0,187,0,0,0,187
08/16/2020,PBI,FL,ASO,ES,Combined TRACON& Tower with Radar,60,42,64,1,167,0,1,23,0,24,60,43,87,1,191,0,0,0,191
08/17/2020,PBI,FL,ASO,ES,Combined TRACON& Tower with Radar,58,52,87,2,199,0,2,31,0,33,58,54,118,2,232,0,0,0,232
08/18/2020,PBI,FL,ASO,ES,Combined TRACON& Tower with Radar,50,43,76,3,172,0,3,31,0,34,50,46,107,3,206,0,0,0,206
08/19/2020,PBI,FL,ASO,ES,Combined TRACON& Tower with Radar,47,69,60,1,177,0,3,18,2,23,47,72,78,3,200,0,0,0,200
08/20/2020,PBI,FL,ASO,ES,Combined TRACON& Tower with Radar,68,68,73,1,210,0,4,31,4,39,68,72,104,5,249,0,0,0,249
08/21/2020,PBI,FL,ASO,ES,Combined TRACON& Tower with Radar,60,64,78,2,204,0,1,45,2,48,60,65,123,4,252,0,0,0,252
08/22/2020,PBI,FL,ASO,ES,Combined TRACON& Tower with Radar,57,45,70,1,173,0,3,41,0,44,57,48,111,1,217,0,0,0,217
08/23/2020,PBI,FL,ASO,ES,Combined TRACON& Tower with Radar,64,36,59,0,159,0,2,13,0,15,64,38,72,0,174,0,0,0,174
08/24/2020,PBI,FL,ASO,ES,Combined TRACON& Tower with Radar,59,40,52,24,175,0,5,22,0,27,59,45,74,24,202,0,0,0,202
08/25/2020,PBI,FL,ASO,ES,Combined TRACON& Tower with Radar,49,55,69,16,189,0,2,25,2,29,49,57,94,18,218,0,0,0,218
08/26/2020,PBI,FL,ASO,ES,Combined TRACON& Tower with Radar,45,61,52,1,159,0,4,36,0,40,45,65,88,1,199,0,0,0,199
08/27/2020,PBI,FL,ASO,ES,Combined TRACON& Tower with Radar,65,55,40,0,160,0,10,37,0,47,65,65,77,0,207,0,0,0,207
08/28/2020,PBI,FL,ASO,ES,Combined TRACON& Tower with Radar,63,60,75,1,199,0,3,41,0,44,63,63,116,1,243,0,0,0,243
08/29/2020,PBI,FL,ASO,ES,Combined TRACON& Tower with Radar,55,39,43,0,137,0,1,24,0,25,55,40,67,0,162,0,0,0,162
08/30/2020,PBI,FL,ASO,ES,Combined TRACON& Tower with Radar,58,45,64,0,167,0,1,17,0,18,58,46,81,0,185,0,0,0,185
08/31/2020,PBI,FL,ASO,ES,Combined TRACON& Tower with Radar,58,38,61,0,157,0,4,35,0,39,58,42,96,0,196,0,0,0,196
09/01/2020,PBI,FL,ASO,ES,Combined TRACON& Tower with Radar,49,71,63,2,185,0,3,62,0,65,49,74,125,2,250,0,0,0,250
09/02/2020,PBI,FL,ASO,ES,Combined TRACON& Tower with Radar,45,45,44,0,134,0,1,52,0,53,45,46,96,0,187,0,0,0,187
09/03/2020,PBI,FL,ASO,ES,Combined TRACON& Tower with Radar,69,63,59,3,194,0,2,43,1,46,69,65,102,4,240,0,0,0,240
09/04/2020,PBI,FL,ASO,ES,Combined TRACON& Tower with Radar,60,59,79,0,198,0,2,25,6,33,60,61,104,6,231,0,0,0,231
09/05/2020,PBI,FL,ASO,ES,Combined TRACON& Tower with Radar,54,42,45,0,141,0,0,23,2,25,54,42,68,2,166,0,0,0,166
09/06/2020,PBI,FL,ASO,ES,Combined TRACON& Tower with Radar,53,37,36,3,129,0,2,19,1,22,53,39,55,4,151,0,0,0,151
09/07/2020,PBI,FL,ASO,ES,Combined TRACON& Tower with Radar,51,62,74,2,189,0,1,17,0,18,51,63,91,2,207,0,0,0,207
09/08/2020,PBI,FL,ASO,ES,Combined TRACON& Tower with Radar,49,54,50,4,157,0,0,26,4,30,49,54,76,8,187,0,0,0,187
09/09/2020,PBI,FL,ASO,ES,Combined TRACON& Tower with Radar,44,61,76,2,183,0,2,41,5,48,44,63,117,7,231,0,0,0,231
09/10/2020,PBI,FL,ASO,ES,Combined TRACON& Tower with Radar,59,61,78,0,198,0,1,32,1,34,59,62,110,1,232,0,0,0,232
09/11/2020,PBI,FL,ASO,ES,Combined TRACON& Tower with Radar,51,67,80,0,198,0,4,37,2,43,51,71,117,2,241,0,0,0,241
09/12/2020,PBI,FL,ASO,ES,Combined TRACON& Tower with Radar,45,60,51,0,156,0,0,9,0,9,45,60,60,0,165,0,0,0,165
09/13/2020,PBI,FL,ASO,ES,Combined TRACON& Tower with Radar,50,74,62,0,186,0,2,15,0,17,50,76,77,0,203,0,0,0,203
09/14/2020,PBI,FL,ASO,ES,Combined TRACON& Tower with Radar,44,50,56,0,150,0,4,38,0,42,44,54,94,0,192,0,0,0,192
09/15/2020,PBI,FL,ASO,ES,Combined TRACON& Tower with Radar,46,62,50,2,160,0,3,63,0,66,46,65,113,2,226,0,0,0,226
09/16/2020,PBI,FL,ASO,ES,Combined TRACON& Tower with Radar,42,66,74,0,182,0,2,58,2,62,42,68,132,2,244,0,0,0,244
09/17/2020,PBI,FL,ASO,ES,Combined TRACON& Tower with Radar,60,66,70,10,206,0,4,36,0,40,60,70,106,10,246,0,0,0,246
09/18/2020,PBI,FL,ASO,ES,Combined TRACON& Tower with Radar,51,64,95,2,212,0,0,35,0,35,51,64,130,2,247,0,0,0,247
09/19/2020,PBI,FL,ASO,ES,Combined TRACON& Tower with Radar,43,47,42,0,132,0,2,32,0,34,43,49,74,0,166,0,0,0,166
09/20/2020,PBI,FL,ASO,ES,Combined TRACON& Tower with Radar,50,53,74,0,177,0,6,32,0,38,50,59,106,0,215,0,0,0,215
09/21/2020,PBI,FL,ASO,ES,Combined TRACON& Tower with Radar,43,55,63,3,164,0,1,3,0,4,43,56,66,3,168,0,0,0,168
09/22/2020,PBI,FL,ASO,ES,Combined TRACON& Tower with Radar,46,48,48,0,142,0,5,50,0,55,46,53,98,0,197,0,0,0,197
09/23/2020,PBI,FL,ASO,ES,Combined TRACON& Tower with Radar,45,62,63,2,172,0,2,46,3,51,45,64,109,5,223,0,0,0,223
09/24/2020,PBI,FL,ASO,ES,Combined TRACON& Tower with Radar,61,66,81,0,208,1,0,26,0,27,62,66,107,0,235,0,0,0,235
09/25/2020,PBI,FL,ASO,ES,Combined TRACON& Tower with Radar,56,74,58,2,190,0,1,20,2,23,56,75,78,4,213,0,0,0,213
09/26/2020,PBI,FL,ASO,ES,Combined TRACON& Tower with Radar,53,55,51,0,159,0,8,32,0,40,53,63,83,0,199,0,0,0,199
09/27/2020,PBI,FL,ASO,ES,Combined TRACON& Tower with Radar,53,42,53,0,148,0,3,19,0,22,53,45,72,0,170,0,0,0,170
09/28/2020,PBI,FL,ASO,ES,Combined TRACON& Tower with Radar,42,61,53,5,161,0,1,22,2,25,42,62,75,7,186,0,0,0,186
09/29/2020,PBI,FL,ASO,ES,Combined TRACON& Tower with Radar,48,53,76,4,181,0,9,33,0,42,48,62,109,4,223,0,0,0,223
09/30/2020,PBI,FL,ASO,ES,Combined TRACON& Tower with Radar,47,77,79,0,203,0,0,34,5,39,47,77,113,5,242,0,0,0,242
10/01/2020,PBI,FL,ASO,ES,Combined TRACON& Tower with Radar,82,83,71,0,236,0,1,19,0,20,82,84,90,0,256,0,0,0,256
10/02/2020,PBI,FL,ASO,ES,Combined TRACON& Tower with Radar,66,77,68,0,211,0,1,20,0,21,66,78,88,0,232,0,0,0,232
10/03/2020,PBI,FL,ASO,ES,Combined TRACON& Tower with Radar,53,57,45,1,156,0,0,15,3,18,53,57,60,4,174,0,0,0,174
10/04/2020,PBI,FL,ASO,ES,Combined TRACON& Tower with Radar,68,68,100,0,236,0,1,31,0,32,68,69,131,0,268,0,0,0,268
10/05/2020,PBI,FL,ASO,ES,Combined TRACON& Tower with Radar,65,74,75,0,214,0,0,25,0,25,65,74,100,0,239,0,0,0,239
10/06/2020,PBI,FL,ASO,ES,Combined TRACON& Tower with Radar,57,53,77,0,187,0,2,50,1,53,57,55,127,1,240,0,0,0,240
10/07/2020,PBI,FL,ASO,ES,Combined TRACON& Tower with Radar,56,70,69,0,195,0,4,67,2,73,56,74,136,2,268,0,0,0,268
10/08/2020,PBI,FL,ASO,ES,Combined TRACON& Tower with Radar,90,75,103,4,272,0,5,54,1,60,90,80,157,5,332,0,0,0,332
10/09/2020,PBI,FL,ASO,ES,Combined TRACON& Tower with Radar,76,85,95,2,258,0,2,43,0,45,76,87,138,2,303,0,0,0,303
10/10/2020,PBI,FL,ASO,ES,Combined TRACON& Tower with Radar,62,67,74,1,204,0,0,30,0,30,62,67,104,1,234,0,0,0,234
10/11/2020,PBI,FL,ASO,ES,Combined TRACON& Tower with Radar,72,59,59,0,190,0,2,23,0,25,72,61,82,0,215,0,0,0,215
10/12/2020,PBI,FL,ASO,ES,Combined TRACON& Tower with Radar,77,85,92,0,254,0,0,33,0,33,77,85,125,0,287,0,0,0,287
10/13/2020,PBI,FL,ASO,ES,Combined TRACON& Tower with Radar,58,94,87,1,240,0,2,53,0,55,58,96,140,1,295,0,0,0,295
10/14/2020,PBI,FL,ASO,ES,Combined TRACON& Tower with Radar,58,110,105,0,273,0,13,49,5,67,58,123,154,5,340,0,0,0,340
10/15/2020,PBI,FL,ASO,ES,Combined TRACON& Tower with Radar,86,122,133,0,341,0,2,48,4,54,86,124,181,4,395,0,0,0,395
10/16/2020,PBI,FL,ASO,ES,Combined TRACON& Tower with Radar,85,113,85,0,283,0,4,31,0,35,85,117,116,0,318,0,0,0,318
10/17/2020,PBI,FL,ASO,ES,Combined TRACON& Tower with Radar,65,85,90,0,240,0,5,31,0,36,65,90,121,0,276,0,0,0,276
10/18/2020,PBI,FL,ASO,ES,Combined TRACON& Tower with Radar,80,96,103,0,279,0,3,19,4,26,80,99,122,4,305,0,0,0,305
10/19/2020,PBI,FL,ASO,ES,Combined TRACON& Tower with Radar,82,89,112,0,283,0,2,26,0,28,82,91,138,0,311,0,0,0,311
10/20/2020,PBI,FL,ASO,ES,Combined TRACON& Tower with Radar,61,91,102,6,260,0,2,29,2,33,61,93,131,8,293,0,0,0,293
10/21/2020,PBI,FL,ASO,ES,Combined TRACON& Tower with Radar,60,103,111,4,278,0,0,11,1,12,60,103,122,5,290,0,0,0,290
10/22/2020,PBI,FL,ASO,ES,Combined TRACON& Tower with Radar,87,107,135,7,336,0,0,18,0,18,87,107,153,7,354,0,0,0,354
10/23/2020,PBI,FL,ASO,ES,Combined TRACON& Tower with Radar,76,97,99,2,274,0,4,44,1,49,76,101,143,3,323,0,0,0,323
10/24/2020,PBI,FL,ASO,ES,Combined TRACON& Tower with Radar,70,44,56,8,178,0,0,15,2,17,70,44,71,10,195,0,0,0,195
10/25/2020,PBI,FL,ASO,ES,Combined TRACON& Tower with Radar,79,90,116,2,287,0,1,19,0,20,79,91,135,2,307,0,0,0,307
10/26/2020,PBI,FL,ASO,ES,Combined TRACON& Tower with Radar,75,81,91,2,249,0,3,32,1,36,75,84,123,3,285,0,0,0,285
10/27/2020,PBI,FL,ASO,ES,Combined TRACON& Tower with Radar,60,102,93,6,261,0,8,29,4,41,60,110,122,10,302,0,0,0,302
10/28/2020,PBI,FL,ASO,ES,Combined TRACON& Tower with Radar,58,134,112,0,304,0,5,37,4,46,58,139,149,4,350,0,0,0,350
10/29/2020,PBI,FL,ASO,ES,Combined TRACON& Tower with Radar,90,145,112,2,349,0,5,49,0,54,90,150,161,2,403,0,0,0,403
10/30/2020,PBI,FL,ASO,ES,Combined TRACON& Tower with Radar,75,110,141,4,330,0,1,43,0,44,75,111,184,4,374,0,0,0,374
10/31/2020,PBI,FL,ASO,ES,Combined TRACON& Tower with Radar,57,101,85,0,243,0,2,30,0,32,57,103,115,0,275,0,0,0,275
11/01/2020,PBI,FL,ASO,ES,Combined TRACON& Tower with Radar,84,128,142,0,354,0,2,25,0,27,84,130,167,0,381,0,0,0,381
11/02/2020,PBI,FL,ASO,ES,Combined TRACON& Tower with Radar,75,110,87,1,273,0,3,32,0,35,75,113,119,1,308,0,0,0,308
11/03/2020,PBI,FL,ASO,ES,Combined TRACON& Tower with Radar,56,92,74,1,223,0,2,41,0,43,56,94,115,1,266,0,0,0,266
11/04/2020,PBI,FL,ASO,ES,Combined TRACON& Tower with Radar,54,117,106,0,277,0,2,35,0,37,54,119,141,0,314,0,0,0,314
11/05/2020,PBI,FL,ASO,ES,Combined TRACON& Tower with Radar,101,115,120,0,336,0,0,28,0,28,101,115,148,0,364,0,0,0,364
11/06/2020,PBI,FL,ASO,ES,Combined TRACON& Tower with Radar,87,101,115,0,303,0,2,39,0,41,87,103,154,0,344,0,0,0,344
11/07/2020,PBI,FL,ASO,ES,Combined TRACON& Tower with Radar,79,100,95,0,274,0,0,6,0,6,79,100,101,0,280,0,0,0,280
11/08/2020,PBI,FL,ASO,ES,Combined TRACON& Tower with Radar,98,75,76,0,249,0,0,1,0,1,98,75,77,0,250,0,0,0,250
11/09/2020,PBI,FL,ASO,ES,Combined TRACON& Tower with Radar,78,71,63,0,212,0,0,4,0,4,78,71,67,0,216,0,0,0,216
11/10/2020,PBI,FL,ASO,ES,Combined TRACON& Tower with Radar,71,112,92,0,275,0,0,34,0,34,71,112,126,0,309,0,0,0,309
11/11/2020,PBI,FL,ASO,ES,Combined TRACON& Tower with Radar,64,106,94,0,264,0,4,24,0,28,64,110,118,0,292,0,0,0,292
11/12/2020,PBI,FL,ASO,ES,Combined TRACON& Tower with Radar,103,103,124,0,330,0,2,37,0,39,103,105,161,0,369,0,0,0,369
11/13/2020,PBI,FL,ASO,ES,Combined TRACON& Tower with Radar,92,104,129,0,325,0,1,54,0,55,92,105,183,0,380,0,0,0,380
11/14/2020,PBI,FL,ASO,ES,Combined TRACON& Tower with Radar,79,87,111,0,277,0,1,49,0,50,79,88,160,0,327,0,0,0,327
11/15/2020,PBI,FL,ASO,ES,Combined TRACON& Tower with Radar,96,113,142,0,351,0,1,31,0,32,96,114,173,0,383,0,0,0,383
11/16/2020,PBI,FL,ASO,ES,Combined TRACON& Tower with Radar,87,127,126,1,341,0,8,33,1,42,87,135,159,2,383,0,0,0,383
11/17/2020,PBI,FL,ASO,ES,Combined TRACON& Tower with Radar,74,114,98,0,286,0,8,45,0,53,74,122,143,0,339,0,0,0,339
11/18/2020,PBI,FL,ASO,ES,Combined TRACON& Tower with Radar,76,125,123,0,324,0,3,58,0,61,76,128,181,0,385,0,0,0,385
11/19/2020,PBI,FL,ASO,ES,Combined TRACON& Tower with Radar,118,140,140,0,398,0,3,40,0,43,118,143,180,0,441,0,0,0,441
11/20/2020,PBI,FL,ASO,ES,Combined TRACON& Tower with Radar,119,120,152,1,392,0,2,36,0,38,119,122,188,1,430,0,0,0,430
11/21/2020,PBI,FL,ASO,ES,Combined TRACON& Tower with Radar,119,137,178,1,435,0,2,24,0,26,119,139,202,1,461,0,0,0,461
11/22/2020,PBI,FL,ASO,ES,Combined TRACON& Tower with Radar,115,152,162,1,430,0,1,28,0,29,115,153,190,1,459,0,0,0,459
11/23/2020,PBI,FL,ASO,ES,Combined TRACON& Tower with Radar,113,123,139,2,377,0,2,28,0,30,113,125,167,2,407,0,0,0,407
11/24/2020,PBI,FL,ASO,ES,Combined TRACON& Tower with Radar,122,154,174,2,452,0,7,46,0,53,122,161,220,2,505,0,0,0,505
11/25/2020,PBI,FL,ASO,ES,Combined TRACON& Tower with Radar,122,115,143,1,381,0,8,52,0,60,122,123,195,1,441,0,0,0,441
11/26/2020,PBI,FL,ASO,ES,Combined TRACON& Tower with Radar,42,59,41,0,142,0,2,27,0,29,42,61,68,0,171,0,0,0,171
11/27/2020,PBI,FL,ASO,ES,Combined TRACON& Tower with Radar,106,92,83,0,281,0,6,26,0,32,106,98,109,0,313,0,0,0,313
11/28/2020,PBI,FL,ASO,ES,Combined TRACON& Tower with Radar,140,116,116,0,372,0,5,27,0,32,140,121,143,0,404,0,0,0,404
11/29/2020,PBI,FL,ASO,ES,Combined TRACON& Tower with Radar,133,199,253,0,585,0,2,41,0,43,133,201,294,0,628,0,0,0,628
11/30/2020,PBI,FL,ASO,ES,Combined TRACON& Tower with Radar,124,118,127,0,369,0,3,31,0,34,124,121,158,0,403,0,0,0,403
12/01/2020,PBI,FL,ASO,ES,Combined TRACON& Tower with Radar,107,148,123,10,388,0,15,34,1,50,107,163,157,11,438,0,0,0,438
12/02/2020,PBI,FL,ASO,ES,Combined TRACON& Tower with Radar,80,135,122,0,337,0,9,51,1,61,80,144,173,1,398,0,0,0,398
12/03/2020,PBI,FL,ASO,ES,Combined TRACON& Tower with Radar,111,112,125,0,348,0,2,50,0,52,111,114,175,0,400,0,0,0,400
12/04/2020,PBI,FL,ASO,ES,Combined TRACON& Tower with Radar,99,126,100,0,325,0,10,49,0,59,99,136,149,0,384,0,0,0,384
12/05/2020,PBI,FL,ASO,ES,Combined TRACON& Tower with Radar,77,102,98,0,277,0,5,39,0,44,77,107,137,0,321,0,0,0,321
12/06/2020,PBI,FL,ASO,ES,Combined TRACON& Tower with Radar,98,129,149,0,376,0,4,40,0,44,98,133,189,0,420,0,0,0,420
12/07/2020,PBI,FL,ASO,ES,Combined TRACON& Tower with Radar,93,110,117,2,322,0,3,30,2,35,93,113,147,4,357,0,0,0,357
12/08/2020,PBI,FL,ASO,ES,Combined TRACON& Tower with Radar,73,96,131,0,300,0,2,64,0,66,73,98,195,0,366,0,0,0,366
12/09/2020,PBI,FL,ASO,ES,Combined TRACON& Tower with Radar,70,112,140,2,324,0,4,49,0,53,70,116,189,2,377,0,0,0,377
12/10/2020,PBI,FL,ASO,ES,Combined TRACON& Tower with Radar,107,134,138,0,379,0,4,55,0,59,107,138,193,0,438,0,0,0,438
12/11/2020,PBI,FL,ASO,ES,Combined TRACON& Tower with Radar,95,139,126,1,361,0,2,50,0,52,95,141,176,1,413,0,0,0,413
12/12/2020,PBI,FL,ASO,ES,Combined TRACON& Tower with Radar,73,114,98,3,288,0,3,33,0,36,73,117,131,3,324,0,0,0,324
12/13/2020,PBI,FL,ASO,ES,Combined TRACON& Tower with Radar,99,145,166,4,414,0,5,28,0,33,99,150,194,4,447,0,0,0,447
12/14/2020,PBI,FL,ASO,ES,Combined TRACON& Tower with Radar,93,129,117,11,350,0,9,43,0,52,93,138,160,11,402,0,0,0,402
12/15/2020,PBI,FL,ASO,ES,Combined TRACON& Tower with Radar,77,135,150,0,362,0,5,32,0,37,77,140,182,0,399,0,0,0,399
12/16/2020,PBI,FL,ASO,ES,Combined TRACON& Tower with Radar,71,119,137,0,327,0,6,45,0,51,71,125,182,0,378,0,0,0,378
12/17/2020,PBI,FL,ASO,ES,Combined TRACON& Tower with Radar,123,138,152,0,413,0,4,35,0,39,123,142,187,0,452,0,0,0,452
12/18/2020,PBI,FL,ASO,ES,Combined TRACON& Tower with Radar,148,169,210,0,527,1,8,66,1,76,149,177,276,1,603,0,0,0,603
12/19/2020,PBI,FL,ASO,ES,Combined TRACON& Tower with Radar,159,169,165,0,493,0,4,49,0,53,159,173,214,0,546,0,0,0,546
12/20/2020,PBI,FL,ASO,ES,Combined TRACON& Tower with Radar,149,174,196,0,519,0,1,34,0,35,149,175,230,0,554,0,0,0,554
12/21/2020,PBI,FL,ASO,ES,Combined TRACON& Tower with Radar,136,132,153,4,425,0,0,35,2,37,136,132,188,6,462,0,0,0,462
12/22/2020,PBI,FL,ASO,ES,Combined TRACON& Tower with Radar,152,129,155,5,441,0,1,68,9,78,152,130,223,14,519,0,0,0,519
12/23/2020,PBI,FL,ASO,ES,Combined TRACON& Tower with Radar,164,102,108,4,378,0,0,27,2,29,164,102,135,6,407,0,0,0,407
12/24/2020,PBI,FL,ASO,ES,Combined TRACON& Tower with Radar,114,22,22,2,160,0,3,0,0,3,114,25,22,2,163,0,0,0,163
12/25/2020,PBI,FL,ASO,ES,Combined TRACON& Tower with Radar,85,22,12,1,120,0,4,8,1,13,85,26,20,2,133,0,0,0,133
12/26/2020,PBI,FL,ASO,ES,Combined TRACON& Tower with Radar,153,28,54,0,235,0,2,7,0,9,153,30,61,0,244,0,0,0,244
12/27/2020,PBI,FL,ASO,ES,Combined TRACON& Tower with Radar,153,29,41,1,224,0,1,6,0,7,153,30,47,1,231,0,0,0,231
12/28/2020,PBI,FL,ASO,ES,Combined TRACON& Tower with Radar,139,32,26,2,199,0,5,5,3,13,139,37,31,5,212,0,0,0,212
12/29/2020,PBI,FL,ASO,ES,Combined TRACON& Tower with Radar,147,34,20,0,201,0,1,7,0,8,147,35,27,0,209,0,0,0,209
12/30/2020,PBI,FL,ASO,ES,Combined TRACON& Tower with Radar,153,31,21,0,205,0,2,15,2,19,153,33,36,2,224,0,0,0,224
12/31/2020,PBI,FL,ASO,ES,Combined TRACON& Tower with Radar,119,52,34,2,207,0,1,18,2,21,119,53,52,4,228,0,0,0,228
01/01/2021,PBI,FL,ASO,ES,Combined TRACON& Tower with Radar,115,98,73,7,293,0,3,24,1,28,115,101,97,8,321,0,0,0,321
01/02/2021,PBI,FL,ASO,ES,Combined TRACON& Tower with Radar,160,176,203,1,540,0,3,33,0,36,160,179,236,1,576,0,0,0,576
01/03/2021,PBI,FL,ASO,ES,Combined TRACON& Tower with Radar,156,193,233,0,582,0,8,46,0,54,156,201,279,0,636,0,0,0,636
01/04/2021,PBI,FL,ASO,ES,Combined TRACON& Tower with Radar,143,159,172,0,474,0,1,47,0,48,143,160,219,0,522,0,0,0,522
01/05/2021,PBI,FL,ASO,ES,Combined TRACON& Tower with Radar,104,162,168,0,434,0,2,35,0,37,104,164,203,0,471,0,0,0,471
01/06/2021,PBI,FL,ASO,ES,Combined TRACON& Tower with Radar,105,145,174,0,424,0,4,39,0,43,105,149,213,0,467,0,0,0,467
01/07/2021,PBI,FL,ASO,ES,Combined TRACON& Tower with Radar,115,147,127,0,389,0,5,39,0,44,115,152,166,0,433,0,0,0,433
01/08/2021,PBI,FL,ASO,ES,Combined TRACON& Tower with Radar,117,133,139,0,389,0,3,36,0,39,117,136,175,0,428,0,0,0,428
01/09/2021,PBI,FL,ASO,ES,Combined TRACON& Tower with Radar,98,130,120,0,348,0,6,31,0,37,98,136,151,0,385,0,0,0,385
01/10/2021,PBI,FL,ASO,ES,Combined TRACON& Tower with Radar,113,152,172,0,437,0,2,35,0,37,113,154,207,0,474,0,0,0,474
01/11/2021,PBI,FL,ASO,ES,Combined TRACON& Tower with Radar,107,103,132,0,342,0,2,29,0,31,107,105,161,0,373,0,0,0,373
01/12/2021,PBI,FL,ASO,ES,Combined TRACON& Tower with Radar,93,127,132,0,352,0,5,45,0,50,93,132,177,0,402,0,0,0,402
01/13/2021,PBI,FL,ASO,ES,Combined TRACON& Tower with Radar,97,148,141,0,386,0,0,22,0,22,97,148,163,0,408,0,0,0,408
01/14/2021,PBI,FL,ASO,ES,Combined TRACON& Tower with Radar,112,175,190,0,477,0,3,49,0,52,112,178,239,0,529,0,0,0,529
01/15/2021,PBI,FL,ASO,ES,Combined TRACON& Tower with Radar,121,138,187,2,448,0,4,42,0,46,121,142,229,2,494,0,0,0,494
01/16/2021,PBI,FL,ASO,ES,Combined TRACON& Tower with Radar,96,99,130,0,325,0,4,37,1,42,96,103,167,1,367,0,0,0,367
01/17/2021,PBI,FL,ASO,ES,Combined TRACON& Tower with Radar,112,144,162,2,420,0,1,36,0,37,112,145,198,2,457,0,0,0,457
01/18/2021,PBI,FL,ASO,ES,Combined TRACON& Tower with Radar,107,166,192,1,466,0,6,44,1,51,107,172,236,2,517,0,0,0,517
01/19/2021,PBI,FL,ASO,ES,Combined TRACON& Tower with Radar,98,114,131,4,347,0,7,35,0,42,98,121,166,4,389,0,0,0,389
01/20/2021,PBI,FL,ASO,ES,Combined TRACON& Tower with Radar,94,139,97,5,335,0,9,17,1,27,94,148,114,6,362,0,0,0,362
01/21/2021,PBI,FL,ASO,ES,Combined TRACON& Tower with Radar,112,152,155,3,422,0,4,46,2,52,112,156,201,5,474,0,0,0,474
01/22/2021,PBI,FL,ASO,ES,Combined TRACON& Tower with Radar,117,126,153,2,398,0,8,59,0,67,117,134,212,2,465,0,0,0,465
01/23/2021,PBI,FL,ASO,ES,Combined TRACON& Tower with Radar,97,117,85,2,301,0,1,29,0,30,97,118,114,2,331,0,0,0,331
01/24/2021,PBI,FL,ASO,ES,Combined TRACON& Tower with Radar,112,145,180,1,438,2,3,25,2,32,114,148,205,3,470,0,0,0,470
01/25/2021,PBI,FL,ASO,ES,Combined TRACON& Tower with Radar,106,116,147,3,372,0,3,48,2,53,106,119,195,5,425,0,0,0,425
01/26/2021,PBI,FL,ASO,ES,Combined TRACON& Tower with Radar,91,107,119,1,318,0,9,44,0,53,91,116,163,1,371,0,0,0,371
01/27/2021,PBI,FL,ASO,ES,Combined TRACON& Tower with Radar,92,122,170,0,384,0,5,53,0,58,92,127,223,0,442,0,0,0,442
01/28/2021,PBI,FL,ASO,ES,Combined TRACON& Tower with Radar,119,163,142,0,424,0,2,35,0,37,119,165,177,0,461,0,0,0,461
01/29/2021,PBI,FL,ASO,ES,Combined TRACON& Tower with Radar,119,173,153,0,445,0,6,38,0,44,119,179,191,0,489,0,0,0,489
01/30/2021,PBI,FL,ASO,ES,Combined TRACON& Tower with Radar,97,137,122,0,356,0,1,46,0,47,97,138,168,0,403,0,0,0,403
01/31/2021,PBI,FL,ASO,ES,Combined TRACON& Tower with Radar,97,172,226,0,495,2,3,33,1,39,99,175,259,1,534,0,0,0,534
02/01/2021,PBI,FL,ASO,ES,Combined TRACON& Tower with Radar,79,85,106,0,270,0,1,30,2,33,79,86,136,2,303,0,0,0,303
02/02/2021,PBI,FL,ASO,ES,Combined TRACON& Tower with Radar,90,105,127,0,322,0,1,34,0,35,90,106,161,0,357,0,0,0,357
02/03/2021,PBI,FL,ASO,ES,Combined TRACON& Tower with Radar,95,146,183,2,426,0,8,55,2,65,95,154,238,4,491,0,0,0,491
02/04/2021,PBI,FL,ASO,ES,Combined TRACON& Tower with Radar,109,146,162,0,417,0,3,47,0,50,109,149,209,0,467,0,0,0,467
02/05/2021,PBI,FL,ASO,ES,Combined TRACON& Tower with Radar,116,155,139,0,410,0,8,56,0,64,116,163,195,0,474,0,0,0,474
02/06/2021,PBI,FL,ASO,ES,Combined TRACON& Tower with Radar,97,157,140,0,394,0,5,14,0,19,97,162,154,0,413,0,0,0,413
02/07/2021,PBI,FL,ASO,ES,Combined TRACON& Tower with Radar,104,131,152,0,387,0,5,26,0,31,104,136,178,0,418,0,0,0,418
02/08/2021,PBI,FL,ASO,ES,Combined TRACON& Tower with Radar,106,143,177,0,426,0,1,34,0,35,106,144,211,0,461,0,0,0,461
02/09/2021,PBI,FL,ASO,ES,Combined TRACON& Tower with Radar,91,130,116,0,337,0,9,46,0,55,91,139,162,0,392,0,0,0,392
02/10/2021,PBI,FL,ASO,ES,Combined TRACON& Tower with Radar,95,142,228,6,471,0,4,41,0,45,95,146,269,6,516,0,0,0,516
02/11/2021,PBI,FL,ASO,ES,Combined TRACON& Tower with Radar,135,206,205,6,552,0,2,64,0,66,135,208,269,6,618,0,0,0,618
02/12/2021,PBI,FL,ASO,ES,Combined TRACON& Tower with Radar,133,184,217,1,535,0,6,46,2,54,133,190,263,3,589,0,0,0,589
02/13/2021,PBI,FL,ASO,ES,Combined TRACON& Tower with Radar,113,146,146,0,405,0,2,37,9,48,113,148,183,9,453,0,0,0,453
02/14/2021,PBI,FL,ASO,ES,Combined TRACON& Tower with Radar,122,154,171,0,447,0,3,37,0,40,122,157,208,0,487,0,0,0,487
02/15/2021,PBI,FL,ASO,ES,Combined TRACON& Tower with Radar,112,162,212,0,486,0,2,58,0,60,112,164,270,0,546,0,0,0,546
02/16/2021,PBI,FL,ASO,ES,Combined TRACON& Tower with Radar,100,158,180,0,438,0,1,22,0,23,100,159,202,0,461,0,0,0,461
02/17/2021,PBI,FL,ASO,ES,Combined TRACON& Tower with Radar,102,201,207,1,511,0,4,52,3,59,102,205,259,4,570,0,0,0,570
02/18/2021,PBI,FL,ASO,ES,Combined TRACON& Tower with Radar,112,166,146,2,426,0,8,57,0,65,112,174,203,2,491,0,0,0,491
02/19/2021,PBI,FL,ASO,ES,Combined TRACON& Tower with Radar,128,161,161,1,451,0,10,45,0,55,128,171,206,1,506,0,0,0,506
02/20/2021,PBI,FL,ASO,ES,Combined TRACON& Tower with Radar,115,143,154,2,414,0,2,40,0,42,115,145,194,2,456,0,0,0,456
02/21/2021,PBI,FL,ASO,ES,Combined TRACON& Tower with Radar,130,206,239,3,578,0,5,26,0,31,130,211,265,3,609,0,0,0,609
02/22/2021,PBI,FL,ASO,ES,Combined TRACON& Tower with Radar,123,138,139,2,402,0,1,29,0,30,123,139,168,2,432,0,0,0,432
02/23/2021,PBI,FL,ASO,ES,Combined TRACON& Tower with Radar,109,122,148,0,379,0,9,37,0,46,109,131,185,0,425,0,0,0,425
02/24/2021,PBI,FL,ASO,ES,Combined TRACON& Tower with Radar,105,166,173,0,444,0,10,43,0,53,105,176,216,0,497,0,0,0,497
02/25/2021,PBI,FL,ASO,ES,Combined TRACON& Tower with Radar,137,178,206,0,521,0,7,36,0,43,137,185,242,0,564,0,0,0,564
02/26/2021,PBI,FL,ASO,ES,Combined TRACON& Tower with Radar,134,178,179,1,492,0,2,54,3,59,134,180,233,4,551,0,0,0,551
02/27/2021,PBI,FL,ASO,ES,Combined TRACON& Tower with Radar,110,138,127,0,375,0,3,36,0,39,110,141,163,0,414,0,0,0,414
02/28/2021,PBI,FL,ASO,ES,Combined TRACON& Tower with Radar,128,216,248,0,592,0,1,52,0,53,128,217,300,0,645,0,0,0,645
03/01/2021,PBI,FL,ASO,ES,Combined TRACON& Tower with Radar,127,159,176,0,462,0,3,53,2,58,127,162,229,2,520,0,0,0,520
03/02/2021,PBI,FL,ASO,ES,Combined TRACON& Tower with Radar,119,147,117,2,385,0,1,46,0,47,119,148,163,2,432,0,0,0,432
03/03/2021,PBI,FL,ASO,ES,Combined TRACON& Tower with Radar,116,141,142,2,401,0,11,41,0,52,116,152,183,2,453,0,0,0,453
03/04/2021,PBI,FL,ASO,ES,Combined TRACON& Tower with Radar,153,192,200,5,550,0,9,66,8,83,153,201,266,13,633,0,0,0,633
03/05/2021,PBI,FL,ASO,ES,Combined TRACON& Tower with Radar,147,172,188,3,510,0,8,62,0,70,147,180,250,3,580,0,0,0,580
03/06/2021,PBI,FL,ASO,ES,Combined TRACON& Tower with Radar,135,128,101,2,366,0,11,33,3,47,135,139,134,5,413,0,0,0,413
03/07/2021,PBI,FL,ASO,ES,Combined TRACON& Tower with Radar,151,176,215,2,544,0,9,37,0,46,151,185,252,2,590,0,0,0,590
03/08/2021,PBI,FL,ASO,ES,Combined TRACON& Tower with Radar,150,150,144,0,444,0,2,39,0,41,150,152,183,0,485,0,0,0,485
03/09/2021,PBI,FL,ASO,ES,Combined TRACON& Tower with Radar,131,142,172,0,445,0,5,49,0,54,131,147,221,0,499,16,0,16,515
03/10/2021,PBI,FL,ASO,ES,Combined TRACON& Tower with Radar,137,165,162,0,464,0,1,55,0,56,137,166,217,0,520,0,0,0,520
03/11/2021,PBI,FL,ASO,ES,Combined TRACON& Tower with Radar,171,173,224,2,570,0,7,60,0,67,171,180,284,2,637,0,0,0,637
03/12/2021,PBI,FL,ASO,ES,Combined TRACON& Tower with Radar,168,216,224,1,609,0,4,40,0,44,168,220,264,1,653,0,0,0,653
03/13/2021,PBI,FL,ASO,ES,Combined TRACON& Tower with Radar,148,162,181,0,491,0,9,38,0,47,148,171,219,0,538,0,0,0,538
03/14/2021,PBI,FL,ASO,ES,Combined TRACON& Tower with Radar,157,190,222,1,570,0,2,36,0,38,157,192,258,1,608,0,0,0,608
03/15/2021,PBI,FL,ASO,ES,Combined TRACON& Tower with Radar,156,171,169,1,497,0,9,43,0,52,156,180,212,1,549,0,0,0,549
03/16/2021,PBI,FL,ASO,ES,Combined TRACON& Tower with Radar,140,158,137,11,446,0,2,58,0,60,140,160,195,11,506,0,0,0,506
03/17/2021,PBI,FL,ASO,ES,Combined TRACON& Tower with Radar,144,190,189,2,525,0,1,63,1,65,144,191,252,3,590,0,0,0,590
03/18/2021,PBI,FL,ASO,ES,Combined TRACON& Tower with Radar,167,192,203,2,564,0,7,56,0,63,167,199,259,2,627,0,0,0,627
03/19/2021,PBI,FL,ASO,ES,Combined TRACON& Tower with Radar,169,211,222,2,604,0,4,55,0,59,169,215,277,2,663,0,0,0,663
03/20/2021,PBI,FL,ASO,ES,Combined TRACON& Tower with Radar,148,200,183,0,531,0,2,45,0,47,148,202,228,0,578,0,0,0,578
03/21/2021,PBI,FL,ASO,ES,Combined TRACON& Tower with Radar,158,224,262,1,645,0,7,39,0,46,158,231,301,1,691,0,0,0,691
03/22/2021,PBI,FL,ASO,ES,Combined TRACON& Tower with Radar,158,179,179,0,516,1,11,59,0,71,159,190,238,0,587,0,0,0,587
03/23/2021,PBI,FL,ASO,ES,Combined TRACON& Tower with Radar,143,158,167,0,468,0,15,65,0,80,143,173,232,0,548,0,0,0,548
03/24/2021,PBI,FL,ASO,ES,Combined TRACON& Tower with Radar,146,179,183,3,511,0,13,56,3,72,146,192,239,6,583,0,0,0,583
03/25/2021,PBI,FL,ASO,ES,Combined TRACON& Tower with Radar,163,237,257,0,657,0,7,79,1,87,163,244,336,1,744,0,0,0,744
03/26/2021,PBI,FL,ASO,ES,Combined TRACON& Tower with Radar,170,196,289,0,655,0,6,67,0,73,170,202,356,0,728,0,0,0,728
03/27/2021,PBI,FL,ASO,ES,Combined TRACON& Tower with Radar,153,212,247,0,612,0,7,62,0,69,153,219,309,0,681,0,0,0,681
03/28/2021,PBI,FL,ASO,ES,Combined TRACON& Tower with Radar,160,218,273,2,653,0,4,65,0,69,160,222,338,2,722,0,0,0,722
03/29/2021,PBI,FL,ASO,ES,Combined TRACON& Tower with Radar,169,156,204,0,529,0,8,42,0,50,169,164,246,0,579,0,0,0,579
03/30/2021,PBI,FL,ASO,ES,Combined TRACON& Tower with Radar,147,185,135,0,467,0,3,39,0,42,147,188,174,0,509,0,0,0,509
03/31/2021,PBI,FL,ASO,ES,Combined TRACON& Tower with Radar,150,171,195,4,520,0,5,52,0,57,150,176,247,4,577,0,0,0,577
04/01/2021,PBI,FL,ASO,ES,Combined TRACON& Tower with Radar,168,203,239,0,610,0,2,44,0,46,168,205,283,0,656,0,0,0,656
04/02/2021,PBI,FL,ASO,ES,Combined TRACON& Tower with Radar,165,195,167,0,527,0,2,38,1,41,165,197,205,1,568,0,0,0,568
04/03/2021,PBI,FL,ASO,ES,Combined TRACON& Tower with Radar,154,187,172,0,513,0,3,40,0,43,154,190,212,0,556,0,0,0,556
04/04/2021,PBI,FL,ASO,ES,Combined TRACON& Tower with Radar,161,186,209,0,556,0,4,36,0,40,161,190,245,0,596,0,0,0,596
04/05/2021,PBI,FL,ASO,ES,Combined TRACON& Tower with Radar,164,216,251,0,631,0,7,43,0,50,164,223,294,0,681,0,0,0,681
04/06/2021,PBI,FL,ASO,ES,Combined TRACON& Tower with Radar,152,177,188,0,517,0,3,70,0,73,152,180,258,0,590,0,0,0,590
04/07/2021,PBI,FL,ASO,ES,Combined TRACON& Tower with Radar,147,164,182,2,495,0,4,65,2,71,147,168,247,4,566,0,0,0,566
04/08/2021,PBI,FL,ASO,ES,Combined TRACON& Tower with Radar,165,191,208,2,566,1,4,70,3,78,166,195,278,5,644,0,0,0,644
04/09/2021,PBI,FL,ASO,ES,Combined TRACON& Tower with Radar,163,163,187,0,513,0,6,58,0,64,163,169,245,0,577,0,0,0,577
04/10/2021,PBI,FL,ASO,ES,Combined TRACON& Tower with Radar,154,149,158,0,461,0,6,57,0,63,154,155,215,0,524,0,0,0,524
04/11/2021,PBI,FL,ASO,ES,Combined TRACON& Tower with Radar,118,107,190,0,415,0,4,35,0,39,118,111,225,0,454,0,0,0,454
04/12/2021,PBI,FL,ASO,ES,Combined TRACON& Tower with Radar,142,190,208,3,543,0,3,42,0,45,142,193,250,3,588,6,0,6,594
04/13/2021,PBI,FL,ASO,ES,Combined TRACON& Tower with Radar,133,149,119,1,402,0,16,59,4,79,133,165,178,5,481,0,0,0,481
04/14/2021,PBI,FL,ASO,ES,Combined TRACON& Tower with Radar,133,159,183,1,476,0,3,51,2,56,133,162,234,3,532,0,0,0,532
04/15/2021,PBI,FL,ASO,ES,Combined TRACON& Tower with Radar,160,147,211,0,518,0,3,52,0,55,160,150,263,0,573,0,0,0,573
04/16/2021,PBI,FL,ASO,ES,Combined TRACON& Tower with Radar,157,157,147,0,461,0,0,53,2,55,157,157,200,2,516,0,0,0,516
04/17/2021,PBI,FL,ASO,ES,Combined TRACON& Tower with Radar,146,121,120,1,388,0,4,44,4,52,146,125,164,5,440,0,0,0,440
04/18/2021,PBI,FL,ASO,ES,Combined TRACON& Tower with Radar,151,182,216,1,550,2,1,68,0,71,153,183,284,1,621,0,0,0,621
04/19/2021,PBI,FL,ASO,ES,Combined TRACON& Tower with Radar,154,147,134,0,435,0,0,37,0,37,154,147,171,0,472,0,0,0,472
04/20/2021,PBI,FL,ASO,ES,Combined TRACON& Tower with Radar,135,149,144,4,432,0,3,38,0,41,135,152,182,4,473,0,0,0,473
04/21/2021,PBI,FL,ASO,ES,Combined TRACON& Tower with Radar,132,170,160,0,462,0,7,45,0,52,132,177,205,0,514,0,0,0,514
04/22/2021,PBI,FL,ASO,ES,Combined TRACON& Tower with Radar,159,169,183,0,511,0,5,67,0,72,159,174,250,0,583,0,0,0,583
04/23/2021,PBI,FL,ASO,ES,Combined TRACON& Tower with Radar,161,140,183,2,486,0,4,79,0,83,161,144,262,2,569,0,0,0,569
04/24/2021,PBI,FL,ASO,ES,Combined TRACON& Tower with Radar,140,127,119,0,386,0,2,31,0,33,140,129,150,0,419,0,0,0,419
04/25/2021,PBI,FL,ASO,ES,Combined TRACON& Tower with Radar,154,176,217,0,547,0,6,50,0,56,154,182,267,0,603,16,0,16,619
04/26/2021,PBI,FL,ASO,ES,Combined TRACON& Tower with Radar,150,149,168,0,467,0,9,45,0,54,150,158,213,0,521,0,0,0,521
04/27/2021,PBI,FL,ASO,ES,Combined TRACON& Tower with Radar,127,149,126,3,405,0,1,52,0,53,127,150,178,3,458,0,0,0,458
04/28/2021,PBI,FL,ASO,ES,Combined TRACON& Tower with Radar,128,148,155,0,431,0,7,78,0,85,128,155,233,0,516,0,0,0,516
04/29/2021,PBI,FL,ASO,ES,Combined TRACON& Tower with Radar,152,163,167,0,482,0,3,60,1,64,152,166,227,1,546,0,0,0,546
04/30/2021,PBI,FL,ASO,ES,Combined TRACON& Tower with Radar,154,154,193,1,502,0,5,50,1,56,154,159,243,2,558,0,0,0,558
05/01/2021,PBI,FL,ASO,ES,Combined TRACON& Tower with Radar,136,143,160,3,442,0,1,45,0,46,136,144,205,3,488,0,0,0,488
05/02/2021,PBI,FL,ASO,ES,Combined TRACON& Tower with Radar,141,164,204,5,514,0,8,47,0,55,141,172,251,5,569,0,0,0,569
05/03/2021,PBI,FL,ASO,ES,Combined TRACON& Tower with Radar,141,160,143,2,446,0,2,44,0,46,141,162,187,2,492,0,0,0,492
05/04/2021,PBI,FL,ASO,ES,Combined TRACON& Tower with Radar,119,158,141,2,420,0,10,62,0,72,119,168,203,2,492,0,0,0,492
05/05/2021,PBI,FL,ASO,ES,Combined TRACON& Tower with Radar,118,156,164,0,438,0,9,53,0,62,118,165,217,0,500,0,0,0,500
05/06/2021,PBI,FL,ASO,ES,Combined TRACON& Tower with Radar,130,168,145,0,443,0,1,46,2,49,130,169,191,2,492,0,0,0,492
05/07/2021,PBI,FL,ASO,ES,Combined TRACON& Tower with Radar,142,175,189,3,509,0,9,47,2,58,142,184,236,5,567,0,0,0,567
05/08/2021,PBI,FL,ASO,ES,Combined TRACON& Tower with Radar,119,140,116,0,375,0,1,40,1,42,119,141,156,1,417,0,0,0,417
05/09/2021,PBI,FL,ASO,ES,Combined TRACON& Tower with Radar,126,135,141,1,403,0,2,41,0,43,126,137,182,1,446,0,0,0,446
05/10/2021,PBI,FL,ASO,ES,Combined TRACON& Tower with Radar,130,144,168,0,442,0,13,55,0,68,130,157,223,0,510,0,0,0,510
05/11/2021,PBI,FL,ASO,ES,Combined TRACON& Tower with Radar,114,128,115,3,360,0,5,67,0,72,114,133,182,3,432,0,0,0,432
05/12/2021,PBI,FL,ASO,ES,Combined TRACON& Tower with Radar,124,138,133,0,395,0,4,49,2,55,124,142,182,2,450,0,0,0,450
05/13/2021,PBI,FL,ASO,ES,Combined TRACON& Tower with Radar,141,151,177,0,469,0,4,51,0,55,141,155,228,0,524,0,0,0,524
05/14/2021,PBI,FL,ASO,ES,Combined TRACON& Tower with Radar,130,167,158,0,455,0,4,57,2,63,130,171,215,2,518,0,0,0,518
05/15/2021,PBI,FL,ASO,ES,Combined TRACON& Tower with Radar,121,125,153,1,400,0,3,38,0,41,121,128,191,1,441,0,0,0,441
05/16/2021,PBI,FL,ASO,ES,Combined TRACON& Tower with Radar,125,137,201,1,464,0,5,49,0,54,125,142,250,1,518,0,0,0,518
05/17/2021,PBI,FL,ASO,ES,Combined TRACON& Tower with Radar,130,151,151,0,432,0,2,49,0,51,130,153,200,0,483,0,0,0,483
05/18/2021,PBI,FL,ASO,ES,Combined TRACON& Tower with Radar,117,127,138,1,383,0,4,60,3,67,117,131,198,4,450,0,0,0,450
05/19/2021,PBI,FL,ASO,ES,Combined TRACON& Tower with Radar,119,131,134,2,386,0,1,46,0,47,119,132,180,2,433,52,0,52,485
05/20/2021,PBI,FL,ASO,ES,Combined TRACON& Tower with Radar,126,128,179,2,435,0,4,63,1,68,126,132,242,3,503,0,0,0,503
05/21/2021,PBI,FL,ASO,ES,Combined TRACON& Tower with Radar,136,116,156,3,411,0,1,42,3,46,136,117,198,6,457,0,0,0,457
05/22/2021,PBI,FL,ASO,ES,Combined TRACON& Tower with Radar,120,109,94,1,324,0,6,40,0,46,120,115,134,1,370,0,0,0,370
05/23/2021,PBI,FL,ASO,ES,Combined TRACON& Tower with Radar,126,126,140,6,398,0,2,47,2,51,126,128,187,8,449,0,0,0,449
05/24/2021,PBI,FL,ASO,ES,Combined TRACON& Tower with Radar,126,110,140,0,376,0,7,44,2,53,126,117,184,2,429,0,0,0,429
05/25/2021,PBI,FL,ASO,ES,Combined TRACON& Tower with Radar,120,129,112,0,361,0,5,73,0,78,120,134,185,0,439,0,0,0,439
05/26/2021,PBI,FL,ASO,ES,Combined TRACON& Tower with Radar,120,141,185,0,446,0,10,68,2,80,120,151,253,2,526,0,0,0,526
05/27/2021,PBI,FL,ASO,ES,Combined TRACON& Tower with Radar,131,137,191,0,459,0,5,73,0,78,131,142,264,0,537,0,0,0,537
05/28/2021,PBI,FL,ASO,ES,Combined TRACON& Tower with Radar,131,142,180,0,453,0,6,58,0,64,131,148,238,0,517,0,0,0,517
05/29/2021,PBI,FL,ASO,ES,Combined TRACON& Tower with Radar,119,93,85,0,297,0,6,42,0,48,119,99,127,0,345,0,0,0,345
05/30/2021,PBI,FL,ASO,ES,Combined TRACON& Tower with Radar,116,89,87,0,292,0,5,21,0,26,116,94,108,0,318,0,0,0,318
05/31/2021,PBI,FL,ASO,ES,Combined TRACON& Tower with Radar,129,124,167,0,420,0,5,52,0,57,129,129,219,0,477,0,0,0,477
06/01/2021,PBI,FL,ASO,ES,Combined TRACON& Tower with Radar,119,121,172,2,414,0,0,37,0,37,119,121,209,2,451,0,0,0,451
06/02/2021,PBI,FL,ASO,ES,Combined TRACON& Tower with Radar,118,132,157,0,407,0,3,37,0,40,118,135,194,0,447,0,0,0,447
06/03/2021,PBI,FL,ASO,ES,Combined TRACON& Tower with Radar,120,107,130,0,357,0,0,55,0,55,120,107,185,0,412,0,0,0,412
06/04/2021,PBI,FL,ASO,ES,Combined TRACON& Tower with Radar,124,119,120,1,364,0,1,37,0,38,124,120,157,1,402,0,0,0,402
06/05/2021,PBI,FL,ASO,ES,Combined TRACON& Tower with Radar,109,110,86,2,307,0,6,52,0,58,109,116,138,2,365,0,0,0,365
06/06/2021,PBI,FL,ASO,ES,Combined TRACON& Tower with Radar,111,93,132,0,336,0,4,34,0,38,111,97,166,0,374,0,0,0,374
06/07/2021,PBI,FL,ASO,ES,Combined TRACON& Tower with Radar,113,123,118,0,354,0,2,53,0,55,113,125,171,0,409,0,0,0,409
06/08/2021,PBI,FL,ASO,ES,Combined TRACON& Tower with Radar,100,105,121,2,328,0,5,65,1,71,100,110,186,3,399,0,0,0,399
06/09/2021,PBI,FL,ASO,ES,Combined TRACON& Tower with Radar,104,102,108,2,316,0,7,64,2,73,104,109,172,4,389,0,0,0,389
06/10/2021,PBI,FL,ASO,ES,Combined TRACON& Tower with Radar,113,123,134,0,370,0,15,51,2,68,113,138,185,2,438,9,0,9,447
06/11/2021,PBI,FL,ASO,ES,Combined TRACON& Tower with Radar,125,101,111,0,337,0,4,51,3,58,125,105,162,3,395,0,0,0,395
06/12/2021,PBI,FL,ASO,ES,Combined TRACON& Tower with Radar,110,82,100,1,293,0,2,33,0,35,110,84,133,1,328,0,0,0,328
06/13/2021,PBI,FL,ASO,ES,Combined TRACON& Tower with Radar,129,92,136,2,359,0,3,32,0,35,129,95,168,2,394,0,0,0,394
06/14/2021,PBI,FL,ASO,ES,Combined TRACON& Tower with Radar,122,98,107,0,327,0,5,35,0,40,122,103,142,0,367,0,0,0,367
06/15/2021,PBI,FL,ASO,ES,Combined TRACON& Tower with Radar,105,86,118,1,310,0,2,58,4,64,105,88,176,5,374,0,0,0,374
06/16/2021,PBI,FL,ASO,ES,Combined TRACON& Tower with Radar,105,86,102,1,294,0,3,33,2,38,105,89,135,3,332,0,0,0,332
06/17/2021,PBI,FL,ASO,ES,Combined TRACON& Tower with Radar,115,98,111,2,326,0,3,41,0,44,115,101,152,2,370,0,0,0,370
06/18/2021,PBI,FL,ASO,ES,Combined TRACON& Tower with Radar,121,79,114,1,315,0,4,42,0,46,121,83,156,1,361,0,0,0,361
06/19/2021,PBI,FL,ASO,ES,Combined TRACON& Tower with Radar,111,74,73,0,258,0,4,38,0,42,111,78,111,0,300,0,0,0,300
06/20/2021,PBI,FL,ASO,ES,Combined TRACON& Tower with Radar,111,56,108,0,275,0,2,26,0,28,111,58,134,0,303,0,0,0,303
06/21/2021,PBI,FL,ASO,ES,Combined TRACON& Tower with Radar,111,72,111,0,294,0,3,61,4,68,111,75,172,4,362,0,0,0,362
06/22/2021,PBI,FL,ASO,ES,Combined TRACON& Tower with Radar,109,92,104,4,309,0,2,48,0,50,109,94,152,4,359,0,0,0,359
06/23/2021,PBI,FL,ASO,ES,Combined TRACON& Tower with Radar,109,88,105,0,302,0,5,45,0,50,109,93,150,0,352,0,0,0,352
06/24/2021,PBI,FL,ASO,ES,Combined TRACON& Tower with Radar,132,66,122,0,320,0,2,51,0,53,132,68,173,0,373,0,0,0,373
06/25/2021,PBI,FL,ASO,ES,Combined TRACON& Tower with Radar,122,89,97,4,312,0,0,57,0,57,122,89,154,4,369,0,0,0,369
06/26/2021,PBI,FL,ASO,ES,Combined TRACON& Tower with Radar,109,77,76,1,263,0,3,35,0,38,109,80,111,1,301,0,0,0,301
06/27/2021,PBI,FL,ASO,ES,Combined TRACON& Tower with Radar,109,69,124,1,303,0,1,43,0,44,109,70,167,1,347,0,0,0,347
06/28/2021,PBI,FL,ASO,ES,Combined TRACON& Tower with Radar,119,76,85,0,280,0,11,55,0,66,119,87,140,0,346,0,0,0,346
06/29/2021,PBI,FL,ASO,ES,Combined TRACON& Tower with Radar,121,80,55,2,258,0,2,21,0,23,121,82,76,2,281,0,0,0,281
06/30/2021,PBI,FL,ASO,ES,Combined TRACON& Tower with Radar,126,88,97,0,311,0,10,34,0,44,126,98,131,0,355,0,0,0,355
07/01/2021,PBI,FL,ASO,ES,Combined TRACON& Tower with Radar,116,90,129,0,335,0,9,46,0,55,116,99,175,0,390,0,0,0,390
07/02/2021,PBI,FL,ASO,ES,Combined TRACON& Tower with Radar,117,103,86,0,306,0,2,50,1,53,117,105,136,1,359,0,0,0,359
07/03/2021,PBI,FL,ASO,ES,Combined TRACON& Tower with Radar,106,67,48,0,221,0,8,33,0,41,106,75,81,0,262,0,0,0,262
07/04/2021,PBI,FL,ASO,ES,Combined TRACON& Tower with Radar,97,52,45,0,194,0,2,24,0,26,97,54,69,0,220,0,0,0,220
07/05/2021,PBI,FL,ASO,ES,Combined TRACON& Tower with Radar,130,72,103,0,305,0,2,27,0,29,130,74,130,0,334,0,0,0,334
07/06/2021,PBI,FL,ASO,ES,Combined TRACON& Tower with Radar,101,56,81,8,246,0,1,19,0,20,101,57,100,8,266,0,0,0,266
07/07/2021,PBI,FL,ASO,ES,Combined TRACON& Tower with Radar,113,76,97,6,292,1,11,42,0,54,114,87,139,6,346,0,0,0,346
07/08/2021,PBI,FL,ASO,ES,Combined TRACON& Tower with Radar,109,70,93,0,272,0,14,42,0,56,109,84,135,0,328,0,0,0,328
07/09/2021,PBI,FL,ASO,ES,Combined TRACON& Tower with Radar,116,84,96,0,296,0,17,39,0,56,116,101,135,0,352,0,0,0,352
07/10/2021,PBI,FL,ASO,ES,Combined TRACON& Tower with Radar,107,65,70,0,242,0,6,24,0,30,107,71,94,0,272,0,0,0,272
07/11/2021,PBI,FL,ASO,ES,Combined TRACON& Tower with Radar,110,79,111,0,300,0,0,25,0,25,110,79,136,0,325,0,0,0,325
07/12/2021,PBI,FL,ASO,ES,Combined TRACON& Tower with Radar,125,78,85,1,289,0,10,23,0,33,125,88,108,1,322,0,0,0,322
07/13/2021,PBI,FL,ASO,ES,Combined TRACON& Tower with Radar,121,58,83,1,263,0,3,26,0,29,121,61,109,1,292,0,0,0,292
07/14/2021,PBI,FL,ASO,ES,Combined TRACON& Tower with Radar,108,85,89,1,283,0,5,51,0,56,108,90,140,1,339,0,0,0,339
07/15/2021,PBI,FL,ASO,ES,Combined TRACON& Tower with Radar,110,68,83,0,261,0,0,50,2,52,110,68,133,2,313,0,0,0,313
07/16/2021,PBI,FL,ASO,ES,Combined TRACON& Tower with Radar,118,71,102,5,296,0,1,59,2,62,118,72,161,7,358,0,0,0,358
07/17/2021,PBI,FL,ASO,ES,Combined TRACON& Tower with Radar,99,55,53,1,208,0,0,35,1,36,99,55,88,2,244,0,0,0,244
07/18/2021,PBI,FL,ASO,ES,Combined TRACON& Tower with Radar,102,64,88,1,255,0,1,43,0,44,102,65,131,1,299,0,0,0,299
07/19/2021,PBI,FL,ASO,ES,Combined TRACON& Tower with Radar,112,73,100,2,287,0,5,49,3,57,112,78,149,5,344,0,8,8,352
07/20/2021,PBI,FL,ASO,ES,Combined TRACON& Tower with Radar,105,52,64,3,224,0,2,35,0,37,105,54,99,3,261,0,0,0,261
07/21/2021,PBI,FL,ASO,ES,Combined TRACON& Tower with Radar,106,46,91,0,243,0,9,43,0,52,106,55,134,0,295,0,0,0,295
07/22/2021,PBI,FL,ASO,ES,Combined TRACON& Tower with Radar,120,75,77,2,274,0,8,38,4,50,120,83,115,6,324,0,0,0,324
07/23/2021,PBI,FL,ASO,ES,Combined TRACON& Tower with Radar,122,72,93,0,287,0,0,40,0,40,122,72,133,0,327,0,0,0,327
07/24/2021,PBI,FL,ASO,ES,Combined TRACON& Tower with Radar,111,57,67,0,235,0,2,24,0,26,111,59,91,0,261,0,0,0,261
07/25/2021,PBI,FL,ASO,ES,Combined TRACON& Tower with Radar,105,75,83,0,263,0,1,42,0,43,105,76,125,0,306,0,0,0,306
07/26/2021,PBI,FL,ASO,ES,Combined TRACON& Tower with Radar,112,69,86,1,268,0,2,30,0,32,112,71,116,1,300,0,0,0,300
07/27/2021,PBI,FL,ASO,ES,Combined TRACON& Tower with Radar,105,67,81,2,255,0,5,57,1,63,105,72,138,3,318,0,0,0,318
07/28/2021,PBI,FL,ASO,ES,Combined TRACON& Tower with Radar,118,65,91,1,275,0,4,47,0,51,118,69,138,1,326,0,0,0,326
07/29/2021,PBI,FL,ASO,ES,Combined TRACON& Tower with Radar,116,67,93,0,276,0,1,57,1,59,116,68,150,1,335,0,0,0,335
07/30/2021,PBI,FL,ASO,ES,Combined TRACON& Tower with Radar,120,80,82,0,282,0,1,50,0,51,120,81,132,0,333,0,0,0,333
07/31/2021,PBI,FL,ASO,ES,Combined TRACON& Tower with Radar,105,51,72,0,228,0,2,35,0,37,105,53,107,0,265,0,0,0,265
08/01/2021,PBI,FL,ASO,ES,Combined TRACON& Tower with Radar,104,78,99,0,281,0,0,44,0,44,104,78,143,0,325,0,0,0,325
08/02/2021,PBI,FL,ASO,ES,Combined TRACON& Tower with Radar,111,71,80,0,262,0,8,51,0,59,111,79,131,0,321,0,0,0,321
08/03/2021,PBI,FL,ASO,ES,Combined TRACON& Tower with Radar,98,70,70,0,238,0,7,30,4,41,98,77,100,4,279,0,0,0,279
08/04/2021,PBI,FL,ASO,ES,Combined TRACON& Tower with Radar,104,51,85,5,245,0,6,39,3,48,104,57,124,8,293,0,0,0,293
08/05/2021,PBI,FL,ASO,ES,Combined TRACON& Tower with Radar,114,77,79,13,283,1,5,56,1,63,115,82,135,14,346,0,0,0,346
08/06/2021,PBI,FL,ASO,ES,Combined TRACON& Tower with Radar,116,53,77,0,246,0,2,44,0,46,116,55,121,0,292,0,0,0,292
08/07/2021,PBI,FL,ASO,ES,Combined TRACON& Tower with Radar,103,56,55,0,214,0,1,25,0,26,103,57,80,0,240,0,0,0,240
08/08/2021,PBI,FL,ASO,ES,Combined TRACON& Tower with Radar,103,63,87,0,253,0,3,63,2,68,103,66,150,2,321,0,0,0,321
08/09/2021,PBI,FL,ASO,ES,Combined TRACON& Tower with Radar,113,81,72,1,267,0,4,36,0,40,113,85,108,1,307,0,0,0,307
08/10/2021,PBI,FL,ASO,ES,Combined TRACON& Tower with Radar,102,60,59,0,221,0,13,57,0,70,102,73,116,0,291,0,0,0,291
08/11/2021,PBI,FL,ASO,ES,Combined TRACON& Tower with Radar,109,60,70,0,239,0,6,47,0,53,109,66,117,0,292,0,0,0,292
08/12/2021,PBI,FL,ASO,ES,Combined TRACON& Tower with Radar,120,55,77,2,254,0,4,51,2,57,120,59,128,4,311,0,0,0,311
08/13/2021,PBI,FL,ASO,ES,Combined TRACON& Tower with Radar,121,98,62,0,281,0,2,33,2,37,121,100,95,2,318,0,0,0,318
08/14/2021,PBI,FL,ASO,ES,Combined TRACON& Tower with Radar,128,57,47,0,232,0,3,12,0,15,128,60,59,0,247,0,0,0,247
08/15/2021,PBI,FL,ASO,ES,Combined TRACON& Tower with Radar,110,71,76,0,257,0,2,23,0,25,110,73,99,0,282,0,0,0,282
08/16/2021,PBI,FL,ASO,ES,Combined TRACON& Tower with Radar,109,86,73,1,269,0,3,44,2,49,109,89,117,3,318,0,0,0,318
08/17/2021,PBI,FL,ASO,ES,Combined TRACON& Tower with Radar,98,65,72,1,236,0,4,44,2,50,98,69,116,3,286,0,0,0,286
08/18/2021,PBI,FL,ASO,ES,Combined TRACON& Tower with Radar,105,59,85,1,250,0,5,55,0,60,105,64,140,1,310,0,0,0,310
08/19/2021,PBI,FL,ASO,ES,Combined TRACON& Tower with Radar,114,72,78,0,264,0,1,47,0,48,114,73,125,0,312,0,0,0,312
08/20/2021,PBI,FL,ASO,ES,Combined TRACON& Tower with Radar,112,57,67,1,237,0,3,65,2,70,112,60,132,3,307,0,0,0,307
08/21/2021,PBI,FL,ASO,ES,Combined TRACON& Tower with Radar,106,62,77,0,245,0,2,35,0,37,106,64,112,0,282,0,0,0,282
08/22/2021,PBI,FL,ASO,ES,Combined TRACON& Tower with Radar,89,60,85,0,234,0,4,44,2,50,89,64,129,2,284,0,0,0,284
08/23/2021,PBI,FL,ASO,ES,Combined TRACON& Tower with Radar,98,68,73,0,239,0,6,47,0,53,98,74,120,0,292,0,0,0,292
08/24/2021,PBI,FL,ASO,ES,Combined TRACON& Tower with Radar,110,76,60,0,246,0,16,46,0,62,110,92,106,0,308,0,0,0,308
08/25/2021,PBI,FL,ASO,ES,Combined TRACON& Tower with Radar,101,66,79,0,246,0,4,38,0,42,101,70,117,0,288,0,0,0,288
08/26/2021,PBI,FL,ASO,ES,Combined TRACON& Tower with Radar,109,49,73,0,231,0,6,29,0,35,109,55,102,0,266,0,0,0,266
08/27/2021,PBI,FL,ASO,ES,Combined TRACON& Tower with Radar,104,55,87,0,246,0,1,41,0,42,104,56,128,0,288,0,0,0,288
08/28/2021,PBI,FL,ASO,ES,Combined TRACON& Tower with Radar,98,55,59,0,212,0,2,34,0,36,98,57,93,0,248,0,0,0,248
08/29/2021,PBI,FL,ASO,ES,Combined TRACON& Tower with Radar,105,55,67,0,227,0,0,36,0,36,105,55,103,0,263,0,0,0,263
08/30/2021,PBI,FL,ASO,ES,Combined TRACON& Tower with Radar,105,51,66,2,224,0,5,47,0,52,105,56,113,2,276,0,0,0,276
08/31/2021,PBI,FL,ASO,ES,Combined TRACON& Tower with Radar,98,44,62,0,204,0,3,49,0,52,98,47,111,0,256,0,0,0,256
09/01/2021,PBI,FL,ASO,ES,Combined TRACON& Tower with Radar,90,53,90,2,235,0,6,43,0,49,90,59,133,2,284,0,0,0,284
09/02/2021,PBI,FL,ASO,ES,Combined TRACON& Tower with Radar,106,70,112,10,298,0,1,37,0,38,106,71,149,10,336,0,0,0,336
09/03/2021,PBI,FL,ASO,ES,Combined TRACON& Tower with Radar,109,69,83,0,261,0,2,42,1,45,109,71,125,1,306,0,0,0,306
09/04/2021,PBI,FL,ASO,ES,Combined TRACON& Tower with Radar,100,41,38,4,183,0,5,29,0,34,100,46,67,4,217,0,0,0,217
09/05/2021,PBI,FL,ASO,ES,Combined TRACON& Tower with Radar,95,52,59,2,208,0,4,30,3,37,95,56,89,5,245,0,0,0,245
09/06/2021,PBI,FL,ASO,ES,Combined TRACON& Tower with Radar,99,93,107,2,301,0,6,36,0,42,99,99,143,2,343,0,0,0,343
09/07/2021,PBI,FL,ASO,ES,Combined TRACON& Tower with Radar,93,85,90,2,270,0,7,37,0,44,93,92,127,2,314,0,0,0,314
09/08/2021,PBI,FL,ASO,ES,Combined TRACON& Tower with Radar,106,59,72,4,241,0,2,38,5,45,106,61,110,9,286,0,0,0,286
09/09/2021,PBI,FL,ASO,ES,Combined TRACON& Tower with Radar,109,73,128,0,310,0,10,58,2,70,109,83,186,2,380,20,0,20,400
09/10/2021,PBI,FL,ASO,ES,Combined TRACON& Tower with Radar,113,61,75,0,249,0,7,45,1,53,113,68,120,1,302,0,0,0,302
09/11/2021,PBI,FL,ASO,ES,Combined TRACON& Tower with Radar,95,67,63,2,227,0,3,32,0,35,95,70,95,2,262,0,0,0,262
09/12/2021,PBI,FL,ASO,ES,Combined TRACON& Tower with Radar,106,87,75,0,268,0,5,18,0,23,106,92,93,0,291,0,0,0,291
09/13/2021,PBI,FL,ASO,ES,Combined TRACON& Tower with Radar,102,68,58,1,229,0,16,37,0,53,102,84,95,1,282,0,0,0,282
09/14/2021,PBI,FL,ASO,ES,Combined TRACON& Tower with Radar,95,56,58,0,209,0,13,44,0,57,95,69,102,0,266,0,0,0,266
09/15/2021,PBI,FL,ASO,ES,Combined TRACON& Tower with Radar,98,88,94,0,280,0,13,52,0,65,98,101,146,0,345,0,0,0,345
09/16/2021,PBI,FL,ASO,ES,Combined TRACON& Tower with Radar,109,82,94,0,285,0,6,35,2,43,109,88,129,2,328,0,0,0,328
09/17/2021,PBI,FL,ASO,ES,Combined TRACON& Tower with Radar,111,74,87,0,272,0,9,49,0,58,111,83,136,0,330,0,0,0,330
09/18/2021,PBI,FL,ASO,ES,Combined TRACON& Tower with Radar,91,60,45,0,196,0,6,29,2,37,91,66,74,2,233,0,0,0,233
09/19/2021,PBI,FL,ASO,ES,Combined TRACON& Tower with Radar,104,80,101,0,285,1,1,31,0,33,105,81,132,0,318,0,0,0,318
09/20/2021,PBI,FL,ASO,ES,Combined TRACON& Tower with Radar,99,86,72,0,257,0,7,46,4,57,99,93,118,4,314,0,0,0,314
09/21/2021,PBI,FL,ASO,ES,Combined TRACON& Tower with Radar,96,63,69,0,228,0,3,32,0,35,96,66,101,0,263,0,0,0,263
09/22/2021,PBI,FL,ASO,ES,Combined TRACON& Tower with Radar,97,62,94,12,265,0,4,40,0,44,97,66,134,12,309,0,0,0,309
09/23/2021,PBI,FL,ASO,ES,Combined TRACON& Tower with Radar,104,83,111,0,298,0,1,43,2,46,104,84,154,2,344,0,0,0,344
09/24/2021,PBI,FL,ASO,ES,Combined TRACON& Tower with Radar,111,93,93,0,297,0,2,45,0,47,111,95,138,0,344,0,0,0,344
09/25/2021,PBI,FL,ASO,ES,Combined TRACON& Tower with Radar,90,69,63,0,222,0,3,26,2,31,90,72,89,2,253,0,0,0,253
09/26/2021,PBI,FL,ASO,ES,Combined TRACON& Tower with Radar,104,84,99,0,287,0,1,47,0,48,104,85,146,0,335,0,0,0,335
09/27/2021,PBI,FL,ASO,ES,Combined TRACON& Tower with Radar,100,83,94,0,277,0,15,49,0,64,100,98,143,0,341,0,0,0,341
09/28/2021,PBI,FL,ASO,ES,Combined TRACON& Tower with Radar,95,74,87,2,258,0,19,61,0,80,95,93,148,2,338,0,0,0,338
09/29/2021,PBI,FL,ASO,ES,Combined TRACON& Tower with Radar,101,91,94,4,290,0,7,54,3,64,101,98,148,7,354,0,0,0,354
09/30/2021,PBI,FL,ASO,ES,Combined TRACON& Tower with Radar,105,101,79,0,285,0,8,56,0,64,105,109,135,0,349,0,0,0,349
10/01/2021,PBI,FL,ASO,ES,Combined TRACON& Tower with Radar,107,94,88,5,294,0,2,40,1,43,107,96,128,6,337,0,0,0,337
10/02/2021,PBI,FL,ASO,ES,Combined TRACON& Tower with Radar,95,70,57,0,222,0,5,21,1,27,95,75,78,1,249,0,0,0,249
10/03/2021,PBI,FL,ASO,ES,Combined TRACON& Tower with Radar,101,108,116,0,325,0,8,29,0,37,101,116,145,0,362,0,0,0,362
10/04/2021,PBI,FL,ASO,ES,Combined TRACON& Tower with Radar,104,88,103,4,299,0,10,39,0,49,104,98,142,4,348,0,0,0,348
10/05/2021,PBI,FL,ASO,ES,Combined TRACON& Tower with Radar,100,83,97,6,286,0,8,63,0,71,100,91,160,6,357,0,0,0,357
10/06/2021,PBI,FL,ASO,ES,Combined TRACON& Tower with Radar,112,98,119,0,329,0,8,58,0,66,112,106,177,0,395,0,0,0,395
10/07/2021,PBI,FL,ASO,ES,Combined TRACON& Tower with Radar,133,91,155,3,382,0,3,53,4,60,133,94,208,7,442,0,0,0,442
10/08/2021,PBI,FL,ASO,ES,Combined TRACON& Tower with Radar,111,100,126,6,343,0,7,49,0,56,111,107,175,6,399,0,0,0,399
10/09/2021,PBI,FL,ASO,ES,Combined TRACON& Tower with Radar,112,73,84,0,269,0,3,22,0,25,112,76,106,0,294,0,0,0,294
10/10/2021,PBI,FL,ASO,ES,Combined TRACON& Tower with Radar,120,101,111,0,332,0,3,27,0,30,120,104,138,0,362,0,0,0,362
10/11/2021,PBI,FL,ASO,ES,Combined TRACON& Tower with Radar,117,98,121,0,336,0,3,56,0,59,117,101,177,0,395,0,0,0,395
10/12/2021,PBI,FL,ASO,ES,Combined TRACON& Tower with Radar,120,111,123,0,354,0,4,57,1,62,120,115,180,1,416,0,0,0,416
10/13/2021,PBI,FL,ASO,ES,Combined TRACON& Tower with Radar,120,102,143,0,365,0,3,51,0,54,120,105,194,0,419,0,0,0,419
10/14/2021,PBI,FL,ASO,ES,Combined TRACON& Tower with Radar,135,108,132,1,376,0,5,48,1,54,135,113,180,2,430,0,0,0,430
10/15/2021,PBI,FL,ASO,ES,Combined TRACON& Tower with Radar,121,131,112,0,364,0,7,41,0,48,121,138,153,0,412,0,0,0,412
10/16/2021,PBI,FL,ASO,ES,Combined TRACON& Tower with Radar,107,100,85,0,292,0,2,31,0,33,107,102,116,0,325,0,0,0,325
10/17/2021,PBI,FL,ASO,ES,Combined TRACON& Tower with Radar,123,111,132,0,366,0,3,28,0,31,123,114,160,0,397,0,0,0,397
10/18/2021,PBI,FL,ASO,ES,Combined TRACON& Tower with Radar,123,142,103,0,368,0,10,45,0,55,123,152,148,0,423,0,0,0,423
10/19/2021,PBI,FL,ASO,ES,Combined TRACON& Tower with Radar,116,110,118,0,344,0,7,42,0,49,116,117,160,0,393,0,0,0,393
10/20/2021,PBI,FL,ASO,ES,Combined TRACON& Tower with Radar,123,139,156,3,421,0,3,79,0,82,123,142,235,3,503,0,0,0,503
10/21/2021,PBI,FL,ASO,ES,Combined TRACON& Tower with Radar,136,133,155,2,426,0,9,67,3,79,136,142,222,5,505,0,0,0,505
10/22/2021,PBI,FL,ASO,ES,Combined TRACON& Tower with Radar,127,140,135,0,402,0,3,35,0,38,127,143,170,0,440,0,0,0,440
10/23/2021,PBI,FL,ASO,ES,Combined TRACON& Tower with Radar,109,119,73,0,301,0,0,42,0,42,109,119,115,0,343,0,0,0,343
10/24/2021,PBI,FL,ASO,ES,Combined TRACON& Tower with Radar,118,129,168,0,415,0,2,28,0,30,118,131,196,0,445,0,0,0,445
10/25/2021,PBI,FL,ASO,ES,Combined TRACON& Tower with Radar,116,150,157,2,425,0,1,29,2,32,116,151,186,4,457,0,0,0,457
10/26/2021,PBI,FL,ASO,ES,Combined TRACON& Tower with Radar,118,138,141,0,397,0,10,55,0,65,118,148,196,0,462,0,0,0,462
10/27/2021,PBI,FL,ASO,ES,Combined TRACON& Tower with Radar,125,155,190,0,470,0,8,42,0,50,125,163,232,0,520,0,0,0,520
10/28/2021,PBI,FL,ASO,ES,Combined TRACON& Tower with Radar,132,179,152,1,464,0,15,31,4,50,132,194,183,5,514,0,0,0,514
10/29/2021,PBI,FL,ASO,ES,Combined TRACON& Tower with Radar,120,132,158,0,410,0,10,50,2,62,120,142,208,2,472,0,0,0,472
10/30/2021,PBI,FL,ASO,ES,Combined TRACON& Tower with Radar,103,113,90,1,307,0,7,30,0,37,103,120,120,1,344,0,0,0,344
10/31/2021,PBI,FL,ASO,ES,Combined TRACON& Tower with Radar,115,157,164,0,436,0,4,28,2,34,115,161,192,2,470,0,0,0,470
11/01/2021,PBI,FL,ASO,ES,Combined TRACON& Tower with Radar,129,169,150,0,448,0,10,49,2,61,129,179,199,2,509,0,0,0,509
11/02/2021,PBI,FL,ASO,ES,Combined TRACON& Tower with Radar,152,158,117,0,427,0,2,47,1,50,152,160,164,1,477,0,0,0,477
11/03/2021,PBI,FL,ASO,ES,Combined TRACON& Tower with Radar,158,179,142,0,479,0,12,51,0,63,158,191,193,0,542,0,0,0,542
11/04/2021,PBI,FL,ASO,ES,Combined TRACON& Tower with Radar,161,160,186,0,507,0,10,53,0,63,161,170,239,0,570,0,0,0,570
11/05/2021,PBI,FL,ASO,ES,Combined TRACON& Tower with Radar,157,173,160,3,493,0,2,6,0,8,157,175,166,3,501,0,0,0,501
11/06/2021,PBI,FL,ASO,ES,Combined TRACON& Tower with Radar,142,114,110,2,368,0,2,39,1,42,142,116,149,3,410,0,0,0,410
11/07/2021,PBI,FL,ASO,ES,Combined TRACON& Tower with Radar,155,187,186,1,529,0,8,48,1,57,155,195,234,2,586,0,0,0,586
11/08/2021,PBI,FL,ASO,ES,Combined TRACON& Tower with Radar,156,154,141,0,451,0,9,47,0,56,156,163,188,0,507,0,0,0,507
11/09/2021,PBI,FL,ASO,ES,Combined TRACON& Tower with Radar,140,148,161,2,451,0,12,69,0,81,140,160,230,2,532,0,0,0,532
11/10/2021,PBI,FL,ASO,ES,Combined TRACON& Tower with Radar,149,154,176,0,479,0,9,48,0,57,149,163,224,0,536,0,0,0,536
11/11/2021,PBI,FL,ASO,ES,Combined TRACON& Tower with Radar,167,164,202,1,534,0,2,43,0,45,167,166,245,1,579,0,0,0,579
11/12/2021,PBI,FL,ASO,ES,Combined TRACON& Tower with Radar,163,147,167,4,481,0,6,49,1,56,163,153,216,5,537,0,0,0,537
11/13/2021,PBI,FL,ASO,ES,Combined TRACON& Tower with Radar,133,131,118,1,383,0,1,45,2,48,133,132,163,3,431,0,0,0,431
11/14/2021,PBI,FL,ASO,ES,Combined TRACON& Tower with Radar,155,216,226,1,598,0,3,46,2,51,155,219,272,3,649,0,0,0,649
11/15/2021,PBI,FL,ASO,ES,Combined TRACON& Tower with Radar,152,158,181,4,495,0,17,54,0,71,152,175,235,4,566,0,0,0,566
11/16/2021,PBI,FL,ASO,ES,Combined TRACON& Tower with Radar,143,156,179,0,478,0,11,74,0,85,143,167,253,0,563,0,0,0,563
11/17/2021,PBI,FL,ASO,ES,Combined TRACON& Tower with Radar,147,173,188,2,510,0,5,70,0,75,147,178,258,2,585,0,0,0,585
11/18/2021,PBI,FL,ASO,ES,Combined TRACON& Tower with Radar,171,151,193,2,517,0,2,49,0,51,171,153,242,2,568,0,0,0,568
11/19/2021,PBI,FL,ASO,ES,Combined TRACON& Tower with Radar,170,168,208,2,548,0,2,27,0,29,170,170,235,2,577,0,0,0,577
11/20/2021,PBI,FL,ASO,ES,Combined TRACON& Tower with Radar,150,195,171,0,516,0,2,20,0,22,150,197,191,0,538,0,0,0,538
11/21/2021,PBI,FL,ASO,ES,Combined TRACON& Tower with Radar,171,222,220,0,613,0,6,26,1,33,171,228,246,1,646,0,0,0,646
11/22/2021,PBI,FL,ASO,ES,Combined TRACON& Tower with Radar,174,184,166,2,526,0,5,48,0,53,174,189,214,2,579,0,0,0,579
11/23/2021,PBI,FL,ASO,ES,Combined TRACON& Tower with Radar,173,204,209,3,589,0,9,43,3,55,173,213,252,6,644,0,0,0,644
11/24/2021,PBI,FL,ASO,ES,Combined TRACON& Tower with Radar,175,162,182,1,520,0,8,58,0,66,175,170,240,1,586,0,0,0,586
11/25/2021,PBI,FL,ASO,ES,Combined TRACON& Tower with Radar,103,72,51,0,226,0,2,21,0,23,103,74,72,0,249,0,0,0,249
11/26/2021,PBI,FL,ASO,ES,Combined TRACON& Tower with Radar,134,149,134,0,417,0,7,36,0,43,134,156,170,0,460,0,0,0,460
11/27/2021,PBI,FL,ASO,ES,Combined TRACON& Tower with Radar,169,207,173,0,549,0,10,40,0,50,169,217,213,0,599,0,0,0,599
11/28/2021,PBI,FL,ASO,ES,Combined TRACON& Tower with Radar,165,237,270,0,672,0,4,55,1,60,165,241,325,1,732,0,0,0,732
11/29/2021,PBI,FL,ASO,ES,Combined TRACON& Tower with Radar,162,196,172,0,530,0,16,43,0,59,162,212,215,0,589,0,0,0,589
11/30/2021,PBI,FL,ASO,ES,Combined TRACON& Tower with Radar,154,176,173,0,503,0,7,52,0,59,154,183,225,0,562,0,0,0,562
12/01/2021,PBI,FL,ASO,ES,Combined TRACON& Tower with Radar,156,194,154,0,504,0,12,54,0,66,156,206,208,0,570,0,0,0,570
12/02/2021,PBI,FL,ASO,ES,Combined TRACON& Tower with Radar,164,166,193,0,523,0,17,73,0,90,164,183,266,0,613,0,0,0,613
12/03/2021,PBI,FL,ASO,ES,Combined TRACON& Tower with Radar,165,172,174,0,511,0,8,66,4,78,165,180,240,4,589,0,0,0,589
12/04/2021,PBI,FL,ASO,ES,Combined TRACON& Tower with Radar,140,142,133,0,415,0,8,41,0,49,140,150,174,0,464,0,0,0,464
12/05/2021,PBI,FL,ASO,ES,Combined TRACON& Tower with Radar,152,206,224,0,582,0,3,33,4,40,152,209,257,4,622,0,0,0,622
12/06/2021,PBI,FL,ASO,ES,Combined TRACON& Tower with Radar,148,167,181,0,496,0,5,38,1,44,148,172,219,1,540,0,0,0,540
12/07/2021,PBI,FL,ASO,ES,Combined TRACON& Tower with Radar,147,160,174,0,481,0,3,62,0,65,147,163,236,0,546,0,0,0,546
12/08/2021,PBI,FL,ASO,ES,Combined TRACON& Tower with Radar,154,172,173,3,502,0,10,44,5,59,154,182,217,8,561,0,0,0,561
12/09/2021,PBI,FL,ASO,ES,Combined TRACON& Tower with Radar,172,171,191,0,534,0,8,48,3,59,172,179,239,3,593,0,0,0,593
12/10/2021,PBI,FL,ASO,ES,Combined TRACON& Tower with Radar,164,168,195,0,527,1,7,56,0,64,165,175,251,0,591,0,0,0,591
12/11/2021,PBI,FL,ASO,ES,Combined TRACON& Tower with Radar,135,116,106,0,357,0,6,42,0,48,135,122,148,0,405,0,0,0,405
12/12/2021,PBI,FL,ASO,ES,Combined TRACON& Tower with Radar,150,144,168,2,464,0,7,49,0,56,150,151,217,2,520,0,0,0,520
12/13/2021,PBI,FL,ASO,ES,Combined TRACON& Tower with Radar,150,142,169,1,462,0,4,49,7,60,150,146,218,8,522,0,0,0,522
12/14/2021,PBI,FL,ASO,ES,Combined TRACON& Tower with Radar,151,128,147,0,426,0,5,42,0,47,151,133,189,0,473,0,0,0,473
12/15/2021,PBI,FL,ASO,ES,Combined TRACON& Tower with Radar,155,170,178,0,503,0,2,51,2,55,155,172,229,2,558,0,0,0,558
12/16/2021,PBI,FL,ASO,ES,Combined TRACON& Tower with Radar,176,166,188,0,530,0,4,63,0,67,176,170,251,0,597,0,0,0,597
12/17/2021,PBI,FL,ASO,ES,Combined TRACON& Tower with Radar,169,212,216,4,601,0,1,66,5,72,169,213,282,9,673,0,0,0,673
12/18/2021,PBI,FL,ASO,ES,Combined TRACON& Tower with Radar,179,166,186,0,531,0,1,36,0,37,179,167,222,0,568,0,0,0,568
12/19/2021,PBI,FL,ASO,ES,Combined TRACON& Tower with Radar,184,192,198,0,574,0,3,31,0,34,184,195,229,0,608,0,0,0,608
12/20/2021,PBI,FL,ASO,ES,Combined TRACON& Tower with Radar,181,171,153,0,505,0,5,47,0,52,181,176,200,0,557,0,0,0,557
12/21/2021,PBI,FL,ASO,ES,Combined TRACON& Tower with Radar,214,151,146,0,511,0,1,17,0,18,214,152,163,0,529,0,0,0,529
12/22/2021,PBI,FL,ASO,ES,Combined TRACON& Tower with Radar,199,170,188,0,557,0,3,80,0,83,199,173,268,0,640,0,0,0,640
12/23/2021,PBI,FL,ASO,ES,Combined TRACON& Tower with Radar,208,178,174,0,560,0,10,60,1,71,208,188,234,1,631,0,0,0,631
12/24/2021,PBI,FL,ASO,ES,Combined TRACON& Tower with Radar,167,127,66,0,360,0,3,51,0,54,167,130,117,0,414,0,0,0,414
12/25/2021,PBI,FL,ASO,ES,Combined TRACON& Tower with Radar,157,162,87,0,406,0,9,22,0,31,157,171,109,0,437,0,0,0,437
12/26/2021,PBI,FL,ASO,ES,Combined TRACON& Tower with Radar,158,261,238,0,657,2,5,72,1,80,160,266,310,1,737,0,0,0,737
12/27/2021,PBI,FL,ASO,ES,Combined TRACON& Tower with Radar,170,222,229,0,621,0,12,50,0,62,170,234,279,0,683,0,0,0,683
12/28/2021,PBI,FL,ASO,ES,Combined TRACON& Tower with Radar,194,226,200,2,622,0,14,41,0,55,194,240,241,2,677,0,0,0,677
12/29/2021,PBI,FL,ASO,ES,Combined TRACON& Tower with Radar,193,197,176,2,568,0,10,49,0,59,193,207,225,2,627,0,0,0,627
12/30/2021,PBI,FL,ASO,ES,Combined TRACON& Tower with Radar,203,203,160,0,566,0,6,42,0,48,203,209,202,0,614,0,0,0,614
12/31/2021,PBI,FL,ASO,ES,Combined TRACON& Tower with Radar,159,168,118,0,445,0,5,41,0,46,159,173,159,0,491,0,0,0,491
01/01/2022,PBI,FL,ASO,ES,Combined TRACON& Tower with Radar,146,180,137,0,463,0,6,26,0,32,146,186,163,0,495,0,0,0,495
01/02/2022,PBI,FL,ASO,ES,Combined TRACON& Tower with Radar,167,209,272,0,648,0,10,51,0,61,167,219,323,0,709,0,0,0,709
01/03/2022,PBI,FL,ASO,ES,Combined TRACON& Tower with Radar,177,214,225,0,616,0,3,50,0,53,177,217,275,0,669,0,0,0,669
01/04/2022,PBI,FL,ASO,ES,Combined TRACON& Tower with Radar,170,196,175,0,541,0,4,45,0,49,170,200,220,0,590,0,0,0,590
01/05/2022,PBI,FL,ASO,ES,Combined TRACON& Tower with Radar,153,172,171,0,496,0,4,50,0,54,153,176,221,0,550,0,0,0,550
01/06/2022,PBI,FL,ASO,ES,Combined TRACON& Tower with Radar,174,182,152,2,510,0,6,55,2,63,174,188,207,4,573,0,0,0,573
01/07/2022,PBI,FL,ASO,ES,Combined TRACON& Tower with Radar,156,138,146,2,442,0,4,36,2,42,156,142,182,4,484,0,0,0,484
01/08/2022,PBI,FL,ASO,ES,Combined TRACON& Tower with Radar,145,175,154,1,475,0,1,35,0,36,145,176,189,1,511,0,0,0,511
01/09/2022,PBI,FL,ASO,ES,Combined TRACON& Tower with Radar,161,232,177,0,570,0,5,26,0,31,161,237,203,0,601,0,0,0,601
01/10/2022,PBI,FL,ASO,ES,Combined TRACON& Tower with Radar,171,151,174,0,496,0,2,28,0,30,171,153,202,0,526,0,0,0,526
01/11/2022,PBI,FL,ASO,ES,Combined TRACON& Tower with Radar,146,121,148,2,417,0,8,30,0,38,146,129,178,2,455,0,0,0,455
01/12/2022,PBI,FL,ASO,ES,Combined TRACON& Tower with Radar,158,150,156,0,464,0,3,41,0,44,158,153,197,0,508,0,0,0,508
01/13/2022,PBI,FL,ASO,ES,Combined TRACON& Tower with Radar,174,194,198,2,568,0,6,47,0,53,174,200,245,2,621,0,0,0,621
01/14/2022,PBI,FL,ASO,ES,Combined TRACON& Tower with Radar,175,212,217,0,604,0,12,66,0,78,175,224,283,0,682,0,0,0,682
01/15/2022,PBI,FL,ASO,ES,Combined TRACON& Tower with Radar,151,156,140,0,447,0,9,33,0,42,151,165,173,0,489,0,0,0,489
01/16/2022,PBI,FL,ASO,ES,Combined TRACON& Tower with Radar,142,148,144,0,434,0,6,17,0,23,142,154,161,0,457,0,0,0,457
01/17/2022,PBI,FL,ASO,ES,Combined TRACON& Tower with Radar,169,210,206,0,585,0,21,43,0,64,169,231,249,0,649,24,0,24,673
01/18/2022,PBI,FL,ASO,ES,Combined TRACON& Tower with Radar,153,164,121,0,438,0,6,48,0,54,153,170,169,0,492,3,0,3,495
01/19/2022,PBI,FL,ASO,ES,Combined TRACON& Tower with Radar,167,156,175,1,499,0,11,49,2,62,167,167,224,3,561,0,0,0,561
01/20/2022,PBI,FL,ASO,ES,Combined TRACON& Tower with Radar,191,178,188,20,577,0,7,47,0,54,191,185,235,20,631,0,0,0,631
01/21/2022,PBI,FL,ASO,ES,Combined TRACON& Tower with Radar,181,171,176,1,529,0,5,29,0,34,181,176,205,1,563,0,0,0,563
01/22/2022,PBI,FL,ASO,ES,Combined TRACON& Tower with Radar,153,137,128,0,418,0,2,21,2,25,153,139,149,2,443,0,0,0,443
01/23/2022,PBI,FL,ASO,ES,Combined TRACON& Tower with Radar,170,222,236,0,628,0,4,35,0,39,170,226,271,0,667,0,0,0,667
01/24/2022,PBI,FL,ASO,ES,Combined TRACON& Tower with Radar,171,152,183,0,506,0,9,57,0,66,171,161,240,0,572,0,0,0,572
01/25/2022,PBI,FL,ASO,ES,Combined TRACON& Tower with Radar,157,123,145,2,427,0,1,39,1,41,157,124,184,3,468,0,0,0,468
01/26/2022,PBI,FL,ASO,ES,Combined TRACON& Tower with Radar,159,132,171,0,462,0,2,26,0,28,159,134,197,0,490,4,0,4,494
01/27/2022,PBI,FL,ASO,ES,Combined TRACON& Tower with Radar,181,184,211,2,578,0,11,55,0,66,181,195,266,2,644,0,0,0,644
01/28/2022,PBI,FL,ASO,ES,Combined TRACON& Tower with Radar,162,181,198,0,541,0,5,25,1,31,162,186,223,1,572,2,0,2,574
01/29/2022,PBI,FL,ASO,ES,Combined TRACON& Tower with Radar,80,97,68,0,245,0,8,29,0,37,80,105,97,0,282,0,0,0,282
01/30/2022,PBI,FL,ASO,ES,Combined TRACON& Tower with Radar,129,221,237,2,589,0,8,42,0,50,129,229,279,2,639,0,0,0,639
01/31/2022,PBI,FL,ASO,ES,Combined TRACON& Tower with Radar,148,171,189,1,509,0,5,60,0,65,148,176,249,1,574,0,0,0,574
02/01/2022,PBI,FL,ASO,ES,Combined TRACON& Tower with Radar,150,154,206,4,514,0,8,45,0,53,150,162,251,4,567,0,0,0,567
02/02/2022,PBI,FL,ASO,ES,Combined TRACON& Tower with Radar,152,145,171,0,468,0,2,63,0,65,152,147,234,0,533,0,0,0,533
02/03/2022,PBI,FL,ASO,ES,Combined TRACON& Tower with Radar,159,215,159,2,535,0,5,82,0,87,159,220,241,2,622,0,0,0,622
02/04/2022,PBI,FL,ASO,ES,Combined TRACON& Tower with Radar,147,170,195,2,514,0,10,61,2,73,147,180,256,4,587,0,0,0,587
02/05/2022,PBI,FL,ASO,ES,Combined TRACON& Tower with Radar,149,131,124,9,413,0,3,23,2,28,149,134,147,11,441,0,0,0,441
02/06/2022,PBI,FL,ASO,ES,Combined TRACON& Tower with Radar,178,208,235,2,623,0,7,39,0,46,178,215,274,2,669,0,0,0,669
02/07/2022,PBI,FL,ASO,ES,Combined TRACON& Tower with Radar,166,153,183,0,502,0,6,45,0,51,166,159,228,0,553,0,0,0,553
02/08/2022,PBI,FL,ASO,ES,Combined TRACON& Tower with Radar,157,162,201,0,520,0,3,39,0,42,157,165,240,0,562,0,0,0,562
02/09/2022,PBI,FL,ASO,ES,Combined TRACON& Tower with Radar,161,183,207,0,551,0,4,17,1,22,161,187,224,1,573,0,0,0,573
02/10/2022,PBI,FL,ASO,ES,Combined TRACON& Tower with Radar,178,211,257,0,646,0,6,71,0,77,178,217,328,0,723,0,0,0,723
02/11/2022,PBI,FL,ASO,ES,Combined TRACON& Tower with Radar,186,217,220,2,625,0,9,61,1,71,186,226,281,3,696,0,0,0,696
02/12/2022,PBI,FL,ASO,ES,Combined TRACON& Tower with Radar,161,156,130,0,447,0,1,62,0,63,161,157,192,0,510,0,0,0,510
02/13/2022,PBI,FL,ASO,ES,Combined TRACON& Tower with Radar,159,191,236,0,586,0,2,29,0,31,159,193,265,0,617,0,0,0,617
02/14/2022,PBI,FL,ASO,ES,Combined TRACON& Tower with Radar,186,167,213,0,566,0,3,48,0,51,186,170,261,0,617,0,0,0,617
02/15/2022,PBI,FL,ASO,ES,Combined TRACON& Tower with Radar,157,194,187,1,539,0,6,53,0,59,157,200,240,1,598,0,0,0,598
02/16/2022,PBI,FL,ASO,ES,Combined TRACON& Tower with Radar,172,232,232,1,637,0,7,44,0,51,172,239,276,1,688,0,0,0,688
02/17/2022,PBI,FL,ASO,ES,Combined TRACON& Tower with Radar,186,232,249,3,670,0,13,65,1,79,186,245,314,4,749,0,0,0,749
02/18/2022,PBI,FL,ASO,ES,Combined TRACON& Tower with Radar,194,243,225,0,662,0,7,47,0,54,194,250,272,0,716,0,0,0,716
02/19/2022,PBI,FL,ASO,ES,Combined TRACON& Tower with Radar,181,157,169,0,507,0,3,38,0,41,181,160,207,0,548,0,0,0,548
02/20/2022,PBI,FL,ASO,ES,Combined TRACON& Tower with Radar,188,203,237,0,628,0,8,46,0,54,188,211,283,0,682,0,0,0,682
02/21/2022,PBI,FL,ASO,ES,Combined TRACON& Tower with Radar,194,243,263,0,700,0,11,65,0,76,194,254,328,0,776,0,0,0,776
02/22/2022,PBI,FL,ASO,ES,Combined TRACON& Tower with Radar,176,240,222,3,641,0,2,50,1,53,176,242,272,4,694,1,0,1,695
02/23/2022,PBI,FL,ASO,ES,Combined TRACON& Tower with Radar,182,218,217,1,618,0,8,49,0,57,182,226,266,1,675,0,0,0,675
02/24/2022,PBI,FL,ASO,ES,Combined TRACON& Tower with Radar,185,209,230,2,626,0,9,55,0,64,185,218,285,2,690,0,0,0,690
02/25/2022,PBI,FL,ASO,ES,Combined TRACON& Tower with Radar,169,209,194,2,574,0,6,63,1,70,169,215,257,3,644,0,0,0,644
02/26/2022,PBI,FL,ASO,ES,Combined TRACON& Tower with Radar,195,178,183,3,559,0,3,40,0,43,195,181,223,3,602,0,0,0,602
02/27/2022,PBI,FL,ASO,ES,Combined TRACON& Tower with Radar,175,255,259,1,690,0,7,44,1,52,175,262,303,2,742,0,0,0,742
02/28/2022,PBI,FL,ASO,ES,Combined TRACON& Tower with Radar,182,221,188,0,591,0,11,52,0,63,182,232,240,0,654,0,0,0,654
03/01/2022,PBI,FL,ASO,ES,Combined TRACON& Tower with Radar,178,172,200,1,551,0,9,54,6,69,178,181,254,7,620,0,0,0,620
03/02/2022,PBI,FL,ASO,ES,Combined TRACON& Tower with Radar,168,166,216,1,551,0,11,58,2,71,168,177,274,3,622,0,0,0,622
03/03/2022,PBI,FL,ASO,ES,Combined TRACON& Tower with Radar,185,206,196,0,587,0,10,65,3,78,185,216,261,3,665,0,0,0,665
03/04/2022,PBI,FL,ASO,ES,Combined TRACON& Tower with Radar,188,210,203,0,601,0,11,54,0,65,188,221,257,0,666,0,0,0,666
03/05/2022,PBI,FL,ASO,ES,Combined TRACON& Tower with Radar,183,163,168,0,514,0,5,38,0,43,183,168,206,0,557,0,0,0,557
03/06/2022,PBI,FL,ASO,ES,Combined TRACON& Tower with Radar,177,210,238,2,627,0,6,45,2,53,177,216,283,4,680,0,0,0,680
03/07/2022,PBI,FL,ASO,ES,Combined TRACON& Tower with Radar,183,188,201,2,574,0,9,46,1,56,183,197,247,3,630,0,0,0,630
03/08/2022,PBI,FL,ASO,ES,Combined TRACON& Tower with Radar,179,166,201,0,546,0,6,38,1,45,179,172,239,1,591,0,0,0,591
03/09/2022,PBI,FL,ASO,ES,Combined TRACON& Tower with Radar,167,175,207,14,563,0,3,77,1,81,167,178,284,15,644,0,0,0,644
03/10/2022,PBI,FL,ASO,ES,Combined TRACON& Tower with Radar,206,204,254,0,664,0,1,49,0,50,206,205,303,0,714,0,0,0,714
03/11/2022,PBI,FL,ASO,ES,Combined TRACON& Tower with Radar,182,233,215,0,630,0,9,72,0,81,182,242,287,0,711,0,0,0,711
03/12/2022,PBI,FL,ASO,ES,Combined TRACON& Tower with Radar,154,164,168,2,488,0,6,30,0,36,154,170,198,2,524,0,0,0,524
03/13/2022,PBI,FL,ASO,ES,Combined TRACON& Tower with Radar,167,241,268,0,676,0,6,68,0,74,167,247,336,0,750,0,0,0,750
03/14/2022,PBI,FL,ASO,ES,Combined TRACON& Tower with Radar,191,197,200,0,588,0,21,57,2,80,191,218,257,2,668,0,0,0,668
03/15/2022,PBI,FL,ASO,ES,Combined TRACON& Tower with Radar,183,143,151,1,478,0,1,32,3,36,183,144,183,4,514,0,0,0,514
03/16/2022,PBI,FL,ASO,ES,Combined TRACON& Tower with Radar,183,204,174,2,563,0,14,39,2,55,183,218,213,4,618,0,0,0,618
03/17/2022,PBI,FL,ASO,ES,Combined TRACON& Tower with Radar,184,171,185,1,541,0,15,45,5,65,184,186,230,6,606,22,0,22,628
03/18/2022,PBI,FL,ASO,ES,Combined TRACON& Tower with Radar,187,189,216,0,592,0,15,67,4,86,187,204,283,4,678,0,0,0,678
03/19/2022,PBI,FL,ASO,ES,Combined TRACON& Tower with Radar,203,219,189,0,611,1,16,66,2,85,204,235,255,2,696,0,0,0,696
03/20/2022,PBI,FL,ASO,ES,Combined TRACON& Tower with Radar,184,245,231,0,660,0,10,46,2,58,184,255,277,2,718,12,0,12,730
03/21/2022,PBI,FL,ASO,ES,Combined TRACON& Tower with Radar,179,168,200,2,549,0,7,42,3,52,179,175,242,5,601,0,0,0,601
03/22/2022,PBI,FL,ASO,ES,Combined TRACON& Tower with Radar,184,164,166,0,514,0,6,75,2,83,184,170,241,2,597,0,0,0,597
03/23/2022,PBI,FL,ASO,ES,Combined TRACON& Tower with Radar,180,180,220,0,580,0,11,71,2,84,180,191,291,2,664,0,0,0,664
03/24/2022,PBI,FL,ASO,ES,Combined TRACON& Tower with Radar,187,181,220,1,589,0,10,60,0,70,187,191,280,1,659,0,0,0,659
03/25/2022,PBI,FL,ASO,ES,Combined TRACON& Tower with Radar,203,207,225,2,637,0,11,62,0,73,203,218,287,2,710,0,0,0,710
03/26/2022,PBI,FL,ASO,ES,Combined TRACON& Tower with Radar,196,195,203,2,596,0,10,63,1,74,196,205,266,3,670,0,0,0,670
03/27/2022,PBI,FL,ASO,ES,Combined TRACON& Tower with Radar,175,237,282,1,695,0,19,79,0,98,175,256,361,1,793,0,0,0,793
03/28/2022,PBI,FL,ASO,ES,Combined TRACON& Tower with Radar,180,166,210,0,556,0,11,62,0,73,180,177,272,0,629,0,0,0,629
03/29/2022,PBI,FL,ASO,ES,Combined TRACON& Tower with Radar,182,165,180,0,527,0,9,43,0,52,182,174,223,0,579,0,0,0,579
03/30/2022,PBI,FL,ASO,ES,Combined TRACON& Tower with Radar,169,172,181,0,522,0,8,42,2,52,169,180,223,2,574,0,0,0,574
03/31/2022,PBI,FL,ASO,ES,Combined TRACON& Tower with Radar,186,165,205,0,556,0,8,33,0,41,186,173,238,0,597,0,0,0,597
04/01/2022,PBI,FL,ASO,ES,Combined TRACON& Tower with Radar,156,158,158,0,472,0,6,40,0,46,156,164,198,0,518,0,0,0,518
04/02/2022,PBI,FL,ASO,ES,Combined TRACON& Tower with Radar,111,137,150,0,398,0,6,22,0,28,111,143,172,0,426,0,0,0,426
04/03/2022,PBI,FL,ASO,ES,Combined TRACON& Tower with Radar,139,244,229,0,612,0,8,41,0,49,139,252,270,0,661,0,0,0,661
04/04/2022,PBI,FL,ASO,ES,Combined TRACON& Tower with Radar,170,188,208,0,566,0,1,30,0,31,170,189,238,0,597,0,0,0,597
04/05/2022,PBI,FL,ASO,ES,Combined TRACON& Tower with Radar,169,133,182,1,485,0,10,67,1,78,169,143,249,2,563,0,0,0,563
04/06/2022,PBI,FL,ASO,ES,Combined TRACON& Tower with Radar,161,146,234,1,542,0,7,53,1,61,161,153,287,2,603,0,0,0,603
04/07/2022,PBI,FL,ASO,ES,Combined TRACON& Tower with Radar,147,146,203,0,496,0,4,61,0,65,147,150,264,0,561,4,0,4,565
04/08/2022,PBI,FL,ASO,ES,Combined TRACON& Tower with Radar,153,211,258,0,622,0,10,72,0,82,153,221,330,0,704,0,0,0,704
04/09/2022,PBI,FL,ASO,ES,Combined TRACON& Tower with Radar,165,161,159,0,485,0,4,57,0,61,165,165,216,0,546,0,0,0,546
04/10/2022,PBI,FL,ASO,ES,Combined TRACON& Tower with Radar,154,197,242,0,593,0,15,48,0,63,154,212,290,0,656,0,0,0,656
04/11/2022,PBI,FL,ASO,ES,Combined TRACON& Tower with Radar,172,185,206,0,563,0,6,69,0,75,172,191,275,0,638,0,0,0,638
04/12/2022,PBI,FL,ASO,ES,Combined TRACON& Tower with Radar,162,158,158,0,478,0,6,45,0,51,162,164,203,0,529,0,0,0,529
04/13/2022,PBI,FL,ASO,ES,Combined TRACON& Tower with Radar,163,207,239,0,609,0,8,83,1,92,163,215,322,1,701,0,0,0,701
04/14/2022,PBI,FL,ASO,ES,Combined TRACON& Tower with Radar,159,241,223,2,625,1,9,58,0,68,160,250,281,2,693,0,0,0,693
04/15/2022,PBI,FL,ASO,ES,Combined TRACON& Tower with Radar,166,166,157,0,489,0,10,41,0,51,166,176,198,0,540,0,0,0,540
04/16/2022,PBI,FL,ASO,ES,Combined TRACON& Tower with Radar,171,158,116,0,445,0,9,75,2,86,171,167,191,2,531,0,0,0,531
04/17/2022,PBI,FL,ASO,ES,Combined TRACON& Tower with Radar,156,219,156,0,531,1,10,53,0,64,157,229,209,0,595,0,0,0,595
04/18/2022,PBI,FL,ASO,ES,Combined TRACON& Tower with Radar,171,217,292,6,686,0,3,53,2,58,171,220,345,8,744,0,0,0,744
04/19/2022,PBI,FL,ASO,ES,Combined TRACON& Tower with Radar,169,177,177,0,523,0,10,72,2,84,169,187,249,2,607,0,0,0,607
04/20/2022,PBI,FL,ASO,ES,Combined TRACON& Tower with Radar,160,177,167,0,504,0,5,57,0,62,160,182,224,0,566,0,0,0,566
04/21/2022,PBI,FL,ASO,ES,Combined TRACON& Tower with Radar,163,172,181,0,516,0,6,71,0,77,163,178,252,0,593,0,0,0,593
04/22/2022,PBI,FL,ASO,ES,Combined TRACON& Tower with Radar,178,156,183,4,521,0,7,60,1,68,178,163,243,5,589,0,0,0,589
04/23/2022,PBI,FL,ASO,ES,Combined TRACON& Tower with Radar,154,151,141,0,446,0,5,30,1,36,154,156,171,1,482,0,0,0,482
04/24/2022,PBI,FL,ASO,ES,Combined TRACON& Tower with Radar,148,192,239,0,579,0,4,44,0,48,148,196,283,0,627,0,0,0,627
04/25/2022,PBI,FL,ASO,ES,Combined TRACON& Tower with Radar,163,162,194,4,523,0,4,48,0,52,163,166,242,4,575,0,0,0,575
04/26/2022,PBI,FL,ASO,ES,Combined TRACON& Tower with Radar,157,143,165,2,467,0,11,66,1,78,157,154,231,3,545,0,0,0,545
04/27/2022,PBI,FL,ASO,ES,Combined TRACON& Tower with Radar,153,173,163,0,489,0,6,61,1,68,153,179,224,1,557,0,0,0,557
04/28/2022,PBI,FL,ASO,ES,Combined TRACON& Tower with Radar,168,158,233,1,560,0,3,46,0,49,168,161,279,1,609,0,0,0,609
04/29/2022,PBI,FL,ASO,ES,Combined TRACON& Tower with Radar,169,152,163,0,484,0,3,40,0,43,169,155,203,0,527,0,0,0,527
04/30/2022,PBI,FL,ASO,ES,Combined TRACON& Tower with Radar,146,130,133,0,409,0,3,20,0,23,146,133,153,0,432,0,0,0,432
05/01/2022,PBI,FL,ASO,ES,Combined TRACON& Tower with Radar,142,226,169,0,537,0,2,50,0,52,142,228,219,0,589,40,0,40,629
05/02/2022,PBI,FL,ASO,ES,Combined TRACON& Tower with Radar,162,161,142,0,465,0,18,62,0,80,162,179,204,0,545,0,0,0,545
05/03/2022,PBI,FL,ASO,ES,Combined TRACON& Tower with Radar,151,134,134,0,419,0,1,70,0,71,151,135,204,0,490,0,0,0,490
05/04/2022,PBI,FL,ASO,ES,Combined TRACON& Tower with Radar,142,184,170,0,496,0,10,66,0,76,142,194,236,0,572,0,0,0,572
05/05/2022,PBI,FL,ASO,ES,Combined TRACON& Tower with Radar,148,174,215,0,537,0,3,62,4,69,148,177,277,4,606,0,0,0,606
05/06/2022,PBI,FL,ASO,ES,Combined TRACON& Tower with Radar,145,182,153,1,481,0,0,66,1,67,145,182,219,2,548,0,0,0,548
05/07/2022,PBI,FL,ASO,ES,Combined TRACON& Tower with Radar,135,125,104,0,364,0,2,38,0,40,135,127,142,0,404,0,0,0,404
05/08/2022,PBI,FL,ASO,ES,Combined TRACON& Tower with Radar,147,162,179,1,489,0,4,48,1,53,147,166,227,2,542,0,0,0,542
05/09/2022,PBI,FL,ASO,ES,Combined TRACON& Tower with Radar,146,163,169,0,478,0,10,72,0,82,146,173,241,0,560,20,0,20,580
05/10/2022,PBI,FL,ASO,ES,Combined TRACON& Tower with Radar,139,147,130,0,416,0,9,46,3,58,139,156,176,3,474,0,0,0,474
05/11/2022,PBI,FL,ASO,ES,Combined TRACON& Tower with Radar,142,141,148,0,431,0,11,42,1,54,142,152,190,1,485,0,0,0,485
05/12/2022,PBI,FL,ASO,ES,Combined TRACON& Tower with Radar,144,137,182,3,466,0,12,48,0,60,144,149,230,3,526,2,0,2,528
05/13/2022,PBI,FL,ASO,ES,Combined TRACON& Tower with Radar,142,145,135,1,423,0,1,42,0,43,142,146,177,1,466,0,0,0,466
05/14/2022,PBI,FL,ASO,ES,Combined TRACON& Tower with Radar,132,136,102,0,370,0,1,44,0,45,132,137,146,0,415,0,0,0,415
05/15/2022,PBI,FL,ASO,ES,Combined TRACON& Tower with Radar,127,163,208,0,498,0,4,42,0,46,127,167,250,0,544,0,0,0,544
05/16/2022,PBI,FL,ASO,ES,Combined TRACON& Tower with Radar,137,152,136,0,425,0,8,41,1,50,137,160,177,1,475,0,0,0,475
05/17/2022,PBI,FL,ASO,ES,Combined TRACON& Tower with Radar,134,132,127,0,393,0,7,42,6,55,134,139,169,6,448,0,0,0,448
05/18/2022,PBI,FL,ASO,ES,Combined TRACON& Tower with Radar,141,151,141,0,433,0,5,60,2,67,141,156,201,2,500,0,0,0,500
05/19/2022,PBI,FL,ASO,ES,Combined TRACON& Tower with Radar,142,140,124,1,407,0,7,66,3,76,142,147,190,4,483,0,0,0,483
05/20/2022,PBI,FL,ASO,ES,Combined TRACON& Tower with Radar,140,141,117,0,398,0,9,29,0,38,140,150,146,0,436,0,0,0,436
05/21/2022,PBI,FL,ASO,ES,Combined TRACON& Tower with Radar,135,117,97,0,349,0,3,30,0,33,135,120,127,0,382,0,0,0,382
05/22/2022,PBI,FL,ASO,ES,Combined TRACON& Tower with Radar,118,144,115,1,378,0,7,57,0,64,118,151,172,1,442,0,0,0,442
05/23/2022,PBI,FL,ASO,ES,Combined TRACON& Tower with Radar,137,135,145,1,418,0,3,65,0,68,137,138,210,1,486,0,0,0,486
05/24/2022,PBI,FL,ASO,ES,Combined TRACON& Tower with Radar,142,117,120,2,381,0,11,70,0,81,142,128,190,2,462,36,0,36,498
05/25/2022,PBI,FL,ASO,ES,Combined TRACON& Tower with Radar,137,124,127,2,390,0,4,67,1,72,137,128,194,3,462,0,0,0,462
05/26/2022,PBI,FL,ASO,ES,Combined TRACON& Tower with Radar,140,141,142,0,423,0,5,70,1,76,140,146,212,1,499,0,0,0,499
05/27/2022,PBI,FL,ASO,ES,Combined TRACON& Tower with Radar,134,139,161,0,434,0,4,59,0,63,134,143,220,0,497,0,0,0,497
05/28/2022,PBI,FL,ASO,ES,Combined TRACON& Tower with Radar,131,112,80,0,323,0,4,35,0,39,131,116,115,0,362,0,0,0,362
05/29/2022,PBI,FL,ASO,ES,Combined TRACON& Tower with Radar,153,84,81,0,318,1,1,21,0,23,154,85,102,0,341,0,0,0,341
05/30/2022,PBI,FL,ASO,ES,Combined TRACON& Tower with Radar,142,123,126,0,391,0,2,56,0,58,142,125,182,0,449,2,0,2,451
05/31/2022,PBI,FL,ASO,ES,Combined TRACON& Tower with Radar,135,129,144,0,408,0,3,51,0,54,135,132,195,0,462,0,0,0,462
06/01/2022,PBI,FL,ASO,ES,Combined TRACON& Tower with Radar,161,89,127,2,379,0,3,47,0,50,161,92,174,2,429,0,0,0,429
06/02/2022,PBI,FL,ASO,ES,Combined TRACON& Tower with Radar,120,119,126,0,365,0,4,81,1,86,120,123,207,1,451,18,0,18,469
06/03/2022,PBI,FL,ASO,ES,Combined TRACON& Tower with Radar,121,88,87,0,296,0,0,12,0,12,121,88,99,0,308,0,0,0,308
06/04/2022,PBI,FL,ASO,ES,Combined TRACON& Tower with Radar,95,49,35,0,179,0,0,6,0,6,95,49,41,0,185,0,0,0,185
06/05/2022,PBI,FL,ASO,ES,Combined TRACON& Tower with Radar,121,120,109,0,350,0,1,41,0,42,121,121,150,0,392,0,0,0,392
06/06/2022,PBI,FL,ASO,ES,Combined TRACON& Tower with Radar,120,106,87,0,313,0,6,53,0,59,120,112,140,0,372,0,0,0,372
06/07/2022,PBI,FL,ASO,ES,Combined TRACON& Tower with Radar,122,76,85,4,287,0,4,41,1,46,122,80,126,5,333,0,0,0,333
06/08/2022,PBI,FL,ASO,ES,Combined TRACON& Tower with Radar,123,96,106,3,328,0,12,52,4,68,123,108,158,7,396,0,0,0,396
06/09/2022,PBI,FL,ASO,ES,Combined TRACON& Tower with Radar,133,118,125,2,378,0,1,51,1,53,133,119,176,3,431,2,0,2,433
06/10/2022,PBI,FL,ASO,ES,Combined TRACON& Tower with Radar,120,97,121,3,341,0,3,56,5,64,120,100,177,8,405,20,0,20,425
06/11/2022,PBI,FL,ASO,ES,Combined TRACON& Tower with Radar,122,95,64,0,281,0,5,53,0,58,122,100,117,0,339,0,0,0,339
06/12/2022,PBI,FL,ASO,ES,Combined TRACON& Tower with Radar,107,85,99,0,291,0,4,44,6,54,107,89,143,6,345,0,0,0,345
06/13/2022,PBI,FL,ASO,ES,Combined TRACON& Tower with Radar,110,91,104,1,306,0,6,52,1,59,110,97,156,2,365,2,0,2,367
06/14/2022,PBI,FL,ASO,ES,Combined TRACON& Tower with Radar,114,52,95,0,261,0,7,55,1,63,114,59,150,1,324,0,0,0,324
06/15/2022,PBI,FL,ASO,ES,Combined TRACON& Tower with Radar,114,99,119,0,332,0,7,79,0,86,114,106,198,0,418,8,0,8,426
06/16/2022,PBI,FL,ASO,ES,Combined TRACON& Tower with Radar,102,101,96,0,299,0,15,55,0,70,102,116,151,0,369,4,0,4,373
06/17/2022,PBI,FL,ASO,ES,Combined TRACON& Tower with Radar,109,85,110,3,307,0,6,75,0,81,109,91,185,3,388,0,0,0,388
06/18/2022,PBI,FL,ASO,ES,Combined TRACON& Tower with Radar,117,62,60,0,239,0,4,38,2,44,117,66,98,2,283,0,0,0,283
06/19/2022,PBI,FL,ASO,ES,Combined TRACON& Tower with Radar,110,77,86,0,273,0,5,40,1,46,110,82,126,1,319,0,0,0,319
06/20/2022,PBI,FL,ASO,ES,Combined TRACON& Tower with Radar,111,96,102,0,309,0,3,54,4,61,111,99,156,4,370,0,0,0,370
06/21/2022,PBI,FL,ASO,ES,Combined TRACON& Tower with Radar,117,66,70,1,254,0,7,67,0,74,117,73,137,1,328,0,0,0,328
06/22/2022,PBI,FL,ASO,ES,Combined TRACON& Tower with Radar,97,48,77,0,222,0,9,58,0,67,97,57,135,0,289,0,0,0,289
06/23/2022,PBI,FL,ASO,ES,Combined TRACON& Tower with Radar,123,82,92,1,298,0,6,64,0,70,123,88,156,1,368,18,0,18,386
06/24/2022,PBI,FL,ASO,ES,Combined TRACON& Tower with Radar,111,70,79,1,261,0,4,70,0,74,111,74,149,1,335,42,0,42,377
06/25/2022,PBI,FL,ASO,ES,Combined TRACON& Tower with Radar,114,65,53,0,232,0,5,24,0,29,114,70,77,0,261,0,0,0,261
06/26/2022,PBI,FL,ASO,ES,Combined TRACON& Tower with Radar,101,73,70,0,244,0,1,37,0,38,101,74,107,0,282,0,0,0,282
06/27/2022,PBI,FL,ASO,ES,Combined TRACON& Tower with Radar,106,85,70,0,261,0,13,51,0,64,106,98,121,0,325,0,0,0,325
06/28/2022,PBI,FL,ASO,ES,Combined TRACON& Tower with Radar,113,57,78,0,248,0,8,54,0,62,113,65,132,0,310,0,0,0,310
06/29/2022,PBI,FL,ASO,ES,Combined TRACON& Tower with Radar,112,83,94,0,289,0,6,45,0,51,112,89,139,0,340,0,0,0,340
06/30/2022,PBI,FL,ASO,ES,Combined TRACON& Tower with Radar,123,88,97,0,308,0,1,61,2,64,123,89,158,2,372,0,0,0,372
07/01/2022,PBI,FL,ASO,ES,Combined TRACON& Tower with Radar,110,79,91,0,280,0,4,70,0,74,110,83,161,0,354,10,0,10,364
07/02/2022,PBI,FL,ASO,ES,Combined TRACON& Tower with Radar,109,57,53,0,219,0,6,30,1,37,109,63,83,1,256,22,0,22,278
07/03/2022,PBI,FL,ASO,ES,Combined TRACON& Tower with Radar,105,50,36,1,192,0,6,46,0,52,105,56,82,1,244,0,0,0,244
07/04/2022,PBI,FL,ASO,ES,Combined TRACON& Tower with Radar,101,40,43,0,184,0,2,46,0,48,101,42,89,0,232,0,0,0,232
07/05/2022,PBI,FL,ASO,ES,Combined TRACON& Tower with Radar,111,78,86,0,275,0,10,59,2,71,111,88,145,2,346,0,0,0,346
07/06/2022,PBI,FL,ASO,ES,Combined TRACON& Tower with Radar,108,68,73,0,249,0,4,54,2,60,108,72,127,2,309,0,0,0,309
07/07/2022,PBI,FL,ASO,ES,Combined TRACON& Tower with Radar,124,67,83,0,274,0,8,52,0,60,124,75,135,0,334,0,0,0,334
07/08/2022,PBI,FL,ASO,ES,Combined TRACON& Tower with Radar,118,69,83,0,270,0,3,69,0,72,118,72,152,0,342,38,0,38,380
07/09/2022,PBI,FL,ASO,ES,Combined TRACON& Tower with Radar,109,43,49,0,201,0,5,45,0,50,109,48,94,0,251,18,0,18,269
07/10/2022,PBI,FL,ASO,ES,Combined TRACON& Tower with Radar,113,67,77,0,257,0,5,34,0,39,113,72,111,0,296,0,0,0,296
07/11/2022,PBI,FL,ASO,ES,Combined TRACON& Tower with Radar,115,65,63,0,243,0,4,52,0,56,115,69,115,0,299,0,0,0,299
07/12/2022,PBI,FL,ASO,ES,Combined TRACON& Tower with Radar,111,73,67,0,251,0,0,50,0,50,111,73,117,0,301,0,0,0,301
07/13/2022,PBI,FL,ASO,ES,Combined TRACON& Tower with Radar,112,69,87,0,268,0,7,64,1,72,112,76,151,1,340,0,0,0,340
07/14/2022,PBI,FL,ASO,ES,Combined TRACON& Tower with Radar,120,83,105,0,308,0,5,52,4,61,120,88,157,4,369,4,0,4,373
07/15/2022,PBI,FL,ASO,ES,Combined TRACON& Tower with Radar,111,78,69,1,259,0,9,43,1,53,111,87,112,2,312,2,0,2,314
07/16/2022,PBI,FL,ASO,ES,Combined TRACON& Tower with Radar,106,57,40,0,203,0,2,27,1,30,106,59,67,1,233,0,0,0,233
07/17/2022,PBI,FL,ASO,ES,Combined TRACON& Tower with Radar,114,71,87,0,272,0,7,34,0,41,114,78,121,0,313,0,0,0,313
07/18/2022,PBI,FL,ASO,ES,Combined TRACON& Tower with Radar,105,69,81,0,255,0,7,46,0,53,105,76,127,0,308,0,0,0,308
07/19/2022,PBI,FL,ASO,ES,Combined TRACON& Tower with Radar,124,56,82,2,264,0,18,52,2,72,124,74,134,4,336,18,0,18,354
07/20/2022,PBI,FL,ASO,ES,Combined TRACON& Tower with Radar,114,75,92,1,282,0,15,53,3,71,114,90,145,4,353,2,0,2,355
07/21/2022,PBI,FL,ASO,ES,Combined TRACON& Tower with Radar,111,66,81,0,258,0,10,61,0,71,111,76,142,0,329,14,0,14,343
07/22/2022,PBI,FL,ASO,ES,Combined TRACON& Tower with Radar,119,68,69,1,257,0,3,36,0,39,119,71,105,1,296,0,0,0,296
07/23/2022,PBI,FL,ASO,ES,Combined TRACON& Tower with Radar,105,56,40,7,208,0,10,22,0,32,105,66,62,7,240,0,0,0,240
07/24/2022,PBI,FL,ASO,ES,Combined TRACON& Tower with Radar,115,68,79,1,263,0,1,46,0,47,115,69,125,1,310,0,0,0,310
07/25/2022,PBI,FL,ASO,ES,Combined TRACON& Tower with Radar,109,70,67,3,249,0,4,34,0,38,109,74,101,3,287,0,0,0,287
07/26/2022,PBI,FL,ASO,ES,Combined TRACON& Tower with Radar,125,76,77,0,278,0,6,38,0,44,125,82,115,0,322,0,0,0,322
07/27/2022,PBI,FL,ASO,ES,Combined TRACON& Tower with Radar,114,69,90,2,275,0,10,50,0,60,114,79,140,2,335,0,0,0,335
07/28/2022,PBI,FL,ASO,ES,Combined TRACON& Tower with Radar,114,61,80,0,255,0,5,66,0,71,114,66,146,0,326,0,0,0,326
07/29/2022,PBI,FL,ASO,ES,Combined TRACON& Tower with Radar,115,75,83,3,276,0,13,55,13,81,115,88,138,16,357,20,0,20,377
07/30/2022,PBI,FL,ASO,ES,Combined TRACON& Tower with Radar,110,68,49,0,227,0,2,35,1,38,110,70,84,1,265,0,0,0,265
07/31/2022,PBI,FL,ASO,ES,Combined TRACON& Tower with Radar,109,78,74,0,261,0,0,32,0,32,109,78,106,0,293,0,0,0,293
08/01/2022,PBI,FL,ASO,ES,Combined TRACON& Tower with Radar,113,79,101,0,293,0,8,35,2,45,113,87,136,2,338,4,0,4,342
08/02/2022,PBI,FL,ASO,ES,Combined TRACON& Tower with Radar,117,68,83,1,269,0,3,44,0,47,117,71,127,1,316,0,0,0,316
08/03/2022,PBI,FL,ASO,ES,Combined TRACON& Tower with Radar,116,52,90,0,258,0,1,47,0,48,116,53,137,0,306,0,0,0,306
08/04/2022,PBI,FL,ASO,ES,Combined TRACON& Tower with Radar,110,81,91,0,282,0,8,67,0,75,110,89,158,0,357,0,0,0,357
08/05/2022,PBI,FL,ASO,ES,Combined TRACON& Tower with Radar,93,73,74,0,240,0,4,41,1,46,93,77,115,1,286,0,0,0,286
08/06/2022,PBI,FL,ASO,ES,Combined TRACON& Tower with Radar,113,60,64,0,237,0,5,40,0,45,113,65,104,0,282,0,0,0,282
08/07/2022,PBI,FL,ASO,ES,Combined TRACON& Tower with Radar,106,74,83,0,263,0,1,29,0,30,106,75,112,0,293,0,0,0,293
08/08/2022,PBI,FL,ASO,ES,Combined TRACON& Tower with Radar,113,74,88,1,276,0,2,50,0,52,113,76,138,1,328,2,0,2,330
08/09/2022,PBI,FL,ASO,ES,Combined TRACON& Tower with Radar,108,63,62,0,233,0,3,51,0,54,108,66,113,0,287,0,0,0,287
08/10/2022,PBI,FL,ASO,ES,Combined TRACON& Tower with Radar,103,64,87,0,254,0,7,46,0,53,103,71,133,0,307,0,0,0,307
08/11/2022,PBI,FL,ASO,ES,Combined TRACON& Tower with Radar,120,68,93,0,281,0,8,68,2,78,120,76,161,2,359,18,0,18,377
08/12/2022,PBI,FL,ASO,ES,Combined TRACON& Tower with Radar,114,75,65,0,254,0,3,50,1,54,114,78,115,1,308,0,0,0,308
08/13/2022,PBI,FL,ASO,ES,Combined TRACON& Tower with Radar,114,62,47,0,223,0,3,20,0,23,114,65,67,0,246,0,0,0,246
08/14/2022,PBI,FL,ASO,ES,Combined TRACON& Tower with Radar,112,105,88,0,305,0,8,47,2,57,112,113,135,2,362,0,0,0,362
08/15/2022,PBI,FL,ASO,ES,Combined TRACON& Tower with Radar,105,74,73,1,253,0,6,39,3,48,105,80,112,4,301,10,0,10,311
08/16/2022,PBI,FL,ASO,ES,Combined TRACON& Tower with Radar,113,57,69,2,241,0,4,40,1,45,113,61,109,3,286,0,0,0,286
08/17/2022,PBI,FL,ASO,ES,Combined TRACON& Tower with Radar,99,73,74,0,246,0,7,43,5,55,99,80,117,5,301,8,0,8,309
08/18/2022,PBI,FL,ASO,ES,Combined TRACON& Tower with Radar,123,70,75,0,268,0,5,50,4,59,123,75,125,4,327,0,0,0,327
08/19/2022,PBI,FL,ASO,ES,Combined TRACON& Tower with Radar,120,91,79,1,291,0,7,53,0,60,120,98,132,1,351,2,0,2,353
08/20/2022,PBI,FL,ASO,ES,Combined TRACON& Tower with Radar,107,63,47,0,217,0,2,32,0,34,107,65,79,0,251,0,0,0,251
08/21/2022,PBI,FL,ASO,ES,Combined TRACON& Tower with Radar,104,101,76,0,281,0,5,39,2,46,104,106,115,2,327,0,0,0,327
08/22/2022,PBI,FL,ASO,ES,Combined TRACON& Tower with Radar,98,66,75,1,240,0,27,42,0,69,98,93,117,1,309,0,0,0,309
08/23/2022,PBI,FL,ASO,ES,Combined TRACON& Tower with Radar,101,64,58,2,225,0,14,49,1,64,101,78,107,3,289,13,0,13,302
08/24/2022,PBI,FL,ASO,ES,Combined TRACON& Tower with Radar,105,67,74,0,246,0,6,46,0,52,105,73,120,0,298,0,0,0,298
08/25/2022,PBI,FL,ASO,ES,Combined TRACON& Tower with Radar,112,80,82,0,274,0,5,55,0,60,112,85,137,0,334,0,0,0,334
08/26/2022,PBI,FL,ASO,ES,Combined TRACON& Tower with Radar,109,76,47,1,233,0,8,34,1,43,109,84,81,2,276,0,0,0,276
08/27/2022,PBI,FL,ASO,ES,Combined TRACON& Tower with Radar,115,44,48,0,207,0,4,31,2,37,115,48,79,2,244,0,0,0,244
08/28/2022,PBI,FL,ASO,ES,Combined TRACON& Tower with Radar,105,59,60,0,224,0,4,39,0,43,105,63,99,0,267,0,0,0,267
08/29/2022,PBI,FL,ASO,ES,Combined TRACON& Tower with Radar,106,66,74,0,246,0,5,35,2,42,106,71,109,2,288,0,0,0,288
08/30/2022,PBI,FL,ASO,ES,Combined TRACON& Tower with Radar,99,61,73,0,233,0,4,51,0,55,99,65,124,0,288,0,0,0,288
08/31/2022,PBI,FL,ASO,ES,Combined TRACON& Tower with Radar,112,75,88,0,275,0,2,55,0,57,112,77,143,0,332,0,0,0,332
09/01/2022,PBI,FL,ASO,ES,Combined TRACON& Tower with Radar,117,87,108,0,312,0,8,58,2,68,117,95,166,2,380,4,0,4,384
09/02/2022,PBI,FL,ASO,ES,Combined TRACON& Tower with Radar,116,71,100,0,287,0,6,46,2,54,116,77,146,2,341,2,0,2,343
09/03/2022,PBI,FL,ASO,ES,Combined TRACON& Tower with Radar,106,61,39,0,206,0,3,28,0,31,106,64,67,0,237,0,0,0,237
09/04/2022,PBI,FL,ASO,ES,Combined TRACON& Tower with Radar,108,64,51,0,223,0,1,31,0,32,108,65,82,0,255,0,0,0,255
09/05/2022,PBI,FL,ASO,ES,Combined TRACON& Tower with Radar,104,95,79,0,278,0,3,51,0,54,104,98,130,0,332,12,0,12,344
09/06/2022,PBI,FL,ASO,ES,Combined TRACON& Tower with Radar,113,93,74,0,280,0,9,41,4,54,113,102,115,4,334,0,0,0,334
09/07/2022,PBI,FL,ASO,ES,Combined TRACON& Tower with Radar,103,79,62,0,244,0,3,52,0,55,103,82,114,0,299,0,0,0,299
09/08/2022,PBI,FL,ASO,ES,Combined TRACON& Tower with Radar,118,76,77,0,271,0,6,32,2,40,118,82,109,2,311,0,0,0,311
09/09/2022,PBI,FL,ASO,ES,Combined TRACON& Tower with Radar,115,94,69,2,280,0,1,29,2,32,115,95,98,4,312,0,0,0,312
09/10/2022,PBI,FL,ASO,ES,Combined TRACON& Tower with Radar,105,64,27,0,196,0,5,38,3,46,105,69,65,3,242,0,0,0,242
09/11/2022,PBI,FL,ASO,ES,Combined TRACON& Tower with Radar,107,89,78,1,275,0,1,37,0,38,107,90,115,1,313,0,0,0,313
09/12/2022,PBI,FL,ASO,ES,Combined TRACON& Tower with Radar,113,86,91,0,290,0,6,52,4,62,113,92,143,4,352,0,0,0,352
09/13/2022,PBI,FL,ASO,ES,Combined TRACON& Tower with Radar,113,76,86,1,276,1,2,59,2,64,114,78,145,3,340,0,0,0,340
09/14/2022,PBI,FL,ASO,ES,Combined TRACON& Tower with Radar,118,77,92,0,287,1,4,47,1,53,119,81,139,1,340,0,0,0,340
09/15/2022,PBI,FL,ASO,ES,Combined TRACON& Tower with Radar,118,83,88,0,289,0,3,43,0,46,118,86,131,0,335,0,0,0,335
09/16/2022,PBI,FL,ASO,ES,Combined TRACON& Tower with Radar,111,96,72,0,279,0,11,32,3,46,111,107,104,3,325,0,0,0,325
09/17/2022,PBI,FL,ASO,ES,Combined TRACON& Tower with Radar,101,51,50,0,202,0,3,21,0,24,101,54,71,0,226,0,0,0,226
09/18/2022,PBI,FL,ASO,ES,Combined TRACON& Tower with Radar,107,89,70,0,266,0,1,31,0,32,107,90,101,0,298,0,0,0,298
09/19/2022,PBI,FL,ASO,ES,Combined TRACON& Tower with Radar,111,81,86,0,278,0,2,39,0,41,111,83,125,0,319,0,0,0,319
09/20/2022,PBI,FL,ASO,ES,Combined TRACON& Tower with Radar,102,84,63,0,249,0,8,45,0,53,102,92,108,0,302,0,0,0,302
09/21/2022,PBI,FL,ASO,ES,Combined TRACON& Tower with Radar,101,86,96,0,283,0,6,47,2,55,101,92,143,2,338,0,0,0,338
09/22/2022,PBI,FL,ASO,ES,Combined TRACON& Tower with Radar,114,113,99,0,326,0,7,47,2,56,114,120,146,2,382,0,0,0,382
09/23/2022,PBI,FL,ASO,ES,Combined TRACON& Tower with Radar,117,107,94,0,318,0,3,47,0,50,117,110,141,0,368,4,0,4,372
09/24/2022,PBI,FL,ASO,ES,Combined TRACON& Tower with Radar,97,72,38,0,207,0,2,23,2,27,97,74,61,2,234,0,0,0,234
09/25/2022,PBI,FL,ASO,ES,Combined TRACON& Tower with Radar,105,89,78,0,272,1,5,39,1,46,106,94,117,1,318,6,0,6,324
09/26/2022,PBI,FL,ASO,ES,Combined TRACON& Tower with Radar,111,104,81,0,296,0,8,26,2,36,111,112,107,2,332,0,0,0,332
09/27/2022,PBI,FL,ASO,ES,Combined TRACON& Tower with Radar,106,70,43,12,231,0,0,7,7,14,106,70,50,19,245,0,0,0,245
09/28/2022,PBI,FL,ASO,ES,Combined TRACON& Tower with Radar,72,12,11,2,97,0,0,2,3,5,72,12,13,5,102,0,0,0,102
09/29/2022,PBI,FL,ASO,ES,Combined TRACON& Tower with Radar,114,36,27,8,185,0,2,18,4,24,114,38,45,12,209,0,0,0,209
09/30/2022,PBI,FL,ASO,ES,Combined TRACON& Tower with Radar,120,108,75,4,307,0,7,37,6,50,120,115,112,10,357,0,0,0,357
10/01/2022,PBI,FL,ASO,ES,Combined TRACON& Tower with Radar,107,88,69,2,266,0,4,28,2,34,107,92,97,4,300,0,0,0,300
10/02/2022,PBI,FL,ASO,ES,Combined TRACON& Tower with Radar,115,109,53,1,278,0,3,39,1,43,115,112,92,2,321,0,0,0,321
10/03/2022,PBI,FL,ASO,ES,Combined TRACON& Tower with Radar,112,99,96,0,307,0,14,71,4,89,112,113,167,4,396,2,0,2,398
10/04/2022,PBI,FL,ASO,ES,Combined TRACON& Tower with Radar,107,84,90,0,281,0,18,59,2,79,107,102,149,2,360,0,0,0,360
10/05/2022,PBI,FL,ASO,ES,Combined TRACON& Tower with Radar,111,107,92,1,311,0,9,57,0,66,111,116,149,1,377,0,0,0,377
10/06/2022,PBI,FL,ASO,ES,Combined TRACON& Tower with Radar,133,130,95,0,358,0,7,69,2,78,133,137,164,2,436,0,0,0,436
10/07/2022,PBI,FL,ASO,ES,Combined TRACON& Tower with Radar,130,126,114,0,370,0,4,60,9,73,130,130,174,9,443,0,0,0,443
10/08/2022,PBI,FL,ASO,ES,Combined TRACON& Tower with Radar,115,93,85,0,293,0,7,23,3,33,115,100,108,3,326,0,0,0,326
10/09/2022,PBI,FL,ASO,ES,Combined TRACON& Tower with Radar,136,124,87,0,347,0,2,36,1,39,136,126,123,1,386,0,0,0,386
10/10/2022,PBI,FL,ASO,ES,Combined TRACON& Tower with Radar,121,115,103,0,339,0,5,42,5,52,121,120,145,5,391,0,0,0,391
10/11/2022,PBI,FL,ASO,ES,Combined TRACON& Tower with Radar,122,107,98,0,327,0,4,41,2,47,122,111,139,2,374,0,0,0,374
10/12/2022,PBI,FL,ASO,ES,Combined TRACON& Tower with Radar,118,134,120,0,372,0,3,60,2,65,118,137,180,2,437,0,0,0,437
10/13/2022,PBI,FL,ASO,ES,Combined TRACON& Tower with Radar,137,129,116,3,385,0,5,28,0,33,137,134,144,3,418,0,0,0,418
10/14/2022,PBI,FL,ASO,ES,Combined TRACON& Tower with Radar,125,126,116,2,369,0,4,46,2,52,125,130,162,4,421,0,0,0,421
10/15/2022,PBI,FL,ASO,ES,Combined TRACON& Tower with Radar,121,125,63,0,309,0,3,24,1,28,121,128,87,1,337,0,0,0,337
10/16/2022,PBI,FL,ASO,ES,Combined TRACON& Tower with Radar,132,129,124,0,385,0,6,47,2,55,132,135,171,2,440,0,0,0,440
10/17/2022,PBI,FL,ASO,ES,Combined TRACON& Tower with Radar,120,146,115,0,381,0,3,45,0,48,120,149,160,0,429,0,0,0,429
10/18/2022,PBI,FL,ASO,ES,Combined TRACON& Tower with Radar,126,123,113,0,362,0,6,41,0,47,126,129,154,0,409,0,0,0,409
10/19/2022,PBI,FL,ASO,ES,Combined TRACON& Tower with Radar,120,142,117,0,379,0,7,49,2,58,120,149,166,2,437,0,0,0,437
10/20/2022,PBI,FL,ASO,ES,Combined TRACON& Tower with Radar,136,173,130,0,439,0,7,42,4,53,136,180,172,4,492,0,0,0,492
10/21/2022,PBI,FL,ASO,ES,Combined TRACON& Tower with Radar,128,138,114,1,381,0,6,59,4,69,128,144,173,5,450,2,0,2,452
10/22/2022,PBI,FL,ASO,ES,Combined TRACON& Tower with Radar,119,103,54,1,277,0,7,34,2,43,119,110,88,3,320,0,0,0,320
10/23/2022,PBI,FL,ASO,ES,Combined TRACON& Tower with Radar,137,155,131,1,424,0,3,37,0,40,137,158,168,1,464,0,0,0,464
10/24/2022,PBI,FL,ASO,ES,Combined TRACON& Tower with Radar,123,131,138,1,393,0,8,57,0,65,123,139,195,1,458,0,0,0,458
10/25/2022,PBI,FL,ASO,ES,Combined TRACON& Tower with Radar,118,137,143,0,398,0,15,65,2,82,118,152,208,2,480,0,0,0,480
10/26/2022,PBI,FL,ASO,ES,Combined TRACON& Tower with Radar,121,153,154,4,432,0,11,67,2,80,121,164,221,6,512,0,0,0,512
10/27/2022,PBI,FL,ASO,ES,Combined TRACON& Tower with Radar,138,194,159,1,492,0,9,55,3,67,138,203,214,4,559,0,0,0,559
10/28/2022,PBI,FL,ASO,ES,Combined TRACON& Tower with Radar,125,148,131,0,404,0,4,73,2,79,125,152,204,2,483,0,0,0,483
10/29/2022,PBI,FL,ASO,ES,Combined TRACON& Tower with Radar,119,111,91,0,321,0,3,36,0,39,119,114,127,0,360,0,0,0,360
10/30/2022,PBI,FL,ASO,ES,Combined TRACON& Tower with Radar,145,142,141,0,428,0,1,61,0,62,145,143,202,0,490,0,0,0,490
10/31/2022,PBI,FL,ASO,ES,Combined TRACON& Tower with Radar,127,108,107,0,342,0,2,66,0,68,127,110,173,0,410,16,0,16,426
11/01/2022,PBI,FL,ASO,ES,Combined TRACON& Tower with Radar,142,185,142,3,472,0,2,48,1,51,142,187,190,4,523,0,0,0,523
11/02/2022,PBI,FL,ASO,ES,Combined TRACON& Tower with Radar,141,173,164,3,481,0,11,64,2,77,141,184,228,5,558,0,0,0,558
11/03/2022,PBI,FL,ASO,ES,Combined TRACON& Tower with Radar,160,176,158,2,496,0,7,46,0,53,160,183,204,2,549,0,0,0,549
11/04/2022,PBI,FL,ASO,ES,Combined TRACON& Tower with Radar,142,178,132,7,459,0,4,53,5,62,142,182,185,12,521,0,0,0,521
11/05/2022,PBI,FL,ASO,ES,Combined TRACON& Tower with Radar,147,131,94,0,372,0,6,26,1,33,147,137,120,1,405,0,0,0,405
11/06/2022,PBI,FL,ASO,ES,Combined TRACON& Tower with Radar,163,191,175,3,532,0,8,38,6,52,163,199,213,9,584,0,0,0,584
11/07/2022,PBI,FL,ASO,ES,Combined TRACON& Tower with Radar,155,168,126,1,450,0,8,55,1,64,155,176,181,2,514,0,0,0,514
11/08/2022,PBI,FL,ASO,ES,Combined TRACON& Tower with Radar,162,161,143,0,466,0,3,26,0,29,162,164,169,0,495,0,0,0,495
11/09/2022,PBI,FL,ASO,ES,Combined TRACON& Tower with Radar,27,10,19,0,56,0,0,3,0,3,27,10,22,0,59,0,0,0,59
11/10/2022,PBI,FL,ASO,ES,Combined TRACON& Tower with Radar,142,68,79,1,290,0,2,21,1,24,142,70,100,2,314,0,0,0,314
11/11/2022,PBI,FL,ASO,ES,Combined TRACON& Tower with Radar,162,200,166,0,528,0,16,65,0,81,162,216,231,0,609,0,0,0,609
11/12/2022,PBI,FL,ASO,ES,Combined TRACON& Tower with Radar,155,123,100,0,378,0,3,37,0,40,155,126,137,0,418,0,0,0,418
11/13/2022,PBI,FL,ASO,ES,Combined TRACON& Tower with Radar,166,156,177,0,499,0,0,41,0,41,166,156,218,0,540,0,0,0,540
11/14/2022,PBI,FL,ASO,ES,Combined TRACON& Tower with Radar,164,129,151,0,444,0,2,53,0,55,164,131,204,0,499,16,0,16,515
11/15/2022,PBI,FL,ASO,ES,Combined TRACON& Tower with Radar,164,125,124,2,415,0,10,62,0,72,164,135,186,2,487,0,0,0,487
11/16/2022,PBI,FL,ASO,ES,Combined TRACON& Tower with Radar,163,183,150,0,496,0,6,63,0,69,163,189,213,0,565,0,0,0,565
11/17/2022,PBI,FL,ASO,ES,Combined TRACON& Tower with Radar,178,199,166,0,543,0,4,47,0,51,178,203,213,0,594,0,0,0,594
11/18/2022,PBI,FL,ASO,ES,Combined TRACON& Tower with Radar,172,201,174,0,547,0,4,79,2,85,172,205,253,2,632,0,0,0,632
11/19/2022,PBI,FL,ASO,ES,Combined TRACON& Tower with Radar,161,174,159,0,494,0,12,63,0,75,161,186,222,0,569,0,0,0,569
11/20/2022,PBI,FL,ASO,ES,Combined TRACON& Tower with Radar,180,162,154,0,496,0,1,5,2,8,180,163,159,2,504,0,0,0,504
11/21/2022,PBI,FL,ASO,ES,Combined TRACON& Tower with Radar,174,190,141,0,505,0,3,52,0,55,174,193,193,0,560,0,0,0,560
11/22/2022,PBI,FL,ASO,ES,Combined TRACON& Tower with Radar,183,227,152,0,562,0,4,28,0,32,183,231,180,0,594,0,0,0,594
11/23/2022,PBI,FL,ASO,ES,Combined TRACON& Tower with Radar,190,161,146,0,497,0,10,36,0,46,190,171,182,0,543,0,0,0,543
11/24/2022,PBI,FL,ASO,ES,Combined TRACON& Tower with Radar,108,80,32,0,220,0,5,39,0,44,108,85,71,0,264,0,0,0,264
11/25/2022,PBI,FL,ASO,ES,Combined TRACON& Tower with Radar,158,152,118,0,428,0,4,64,0,68,158,156,182,0,496,0,0,0,496
11/26/2022,PBI,FL,ASO,ES,Combined TRACON& Tower with Radar,179,214,133,0,526,0,7,44,0,51,179,221,177,0,577,4,0,4,581
11/27/2022,PBI,FL,ASO,ES,Combined TRACON& Tower with Radar,169,228,234,0,631,0,7,42,0,49,169,235,276,0,680,0,0,0,680
11/28/2022,PBI,FL,ASO,ES,Combined TRACON& Tower with Radar,183,197,159,0,539,0,13,51,1,65,183,210,210,1,604,0,0,0,604
11/29/2022,PBI,FL,ASO,ES,Combined TRACON& Tower with Radar,167,183,147,0,497,0,7,65,0,72,167,190,212,0,569,6,0,6,575
11/30/2022,PBI,FL,ASO,ES,Combined TRACON& Tower with Radar,165,193,159,0,517,0,7,38,0,45,165,200,197,0,562,6,0,6,568
12/01/2022,PBI,FL,ASO,ES,Combined TRACON& Tower with Radar,173,215,169,0,557,0,9,52,2,63,173,224,221,2,620,0,0,0,620
12/02/2022,PBI,FL,ASO,ES,Combined TRACON& Tower with Radar,168,206,137,0,511,0,6,54,3,63,168,212,191,3,574,0,0,0,574
12/03/2022,PBI,FL,ASO,ES,Combined TRACON& Tower with Radar,147,128,92,1,368,0,3,30,0,33,147,131,122,1,401,0,0,0,401
12/04/2022,PBI,FL,ASO,ES,Combined TRACON& Tower with Radar,159,199,166,2,526,0,1,49,2,52,159,200,215,4,578,0,0,0,578
12/05/2022,PBI,FL,ASO,ES,Combined TRACON& Tower with Radar,166,158,140,1,465,0,1,51,2,54,166,159,191,3,519,0,0,0,519
12/06/2022,PBI,FL,ASO,ES,Combined TRACON& Tower with Radar,159,156,145,2,462,0,6,63,0,69,159,162,208,2,531,14,0,14,545
12/07/2022,PBI,FL,ASO,ES,Combined TRACON& Tower with Radar,158,170,142,4,474,0,7,64,1,72,158,177,206,5,546,0,0,0,546
12/08/2022,PBI,FL,ASO,ES,Combined TRACON& Tower with Radar,172,197,190,0,559,0,9,69,0,78,172,206,259,0,637,20,0,20,657
12/09/2022,PBI,FL,ASO,ES,Combined TRACON& Tower with Radar,171,159,146,8,484,0,2,52,5,59,171,161,198,13,543,0,0,0,543
12/10/2022,PBI,FL,ASO,ES,Combined TRACON& Tower with Radar,148,109,83,0,340,0,5,31,0,36,148,114,114,0,376,0,0,0,376
12/11/2022,PBI,FL,ASO,ES,Combined TRACON& Tower with Radar,159,189,159,2,509,1,3,53,0,57,160,192,212,2,566,0,0,0,566
12/12/2022,PBI,FL,ASO,ES,Combined TRACON& Tower with Radar,168,146,144,1,459,0,9,53,0,62,168,155,197,1,521,31,0,31,552
12/13/2022,PBI,FL,ASO,ES,Combined TRACON& Tower with Radar,169,148,140,0,457,0,5,48,0,53,169,153,188,0,510,0,0,0,510
12/14/2022,PBI,FL,ASO,ES,Combined TRACON& Tower with Radar,162,161,144,1,468,0,4,43,5,52,162,165,187,6,520,51,0,51,571
12/15/2022,PBI,FL,ASO,ES,Combined TRACON& Tower with Radar,179,192,138,0,509,0,1,47,0,48,179,193,185,0,557,0,0,0,557
12/16/2022,PBI,FL,ASO,ES,Combined TRACON& Tower with Radar,189,179,180,1,549,0,7,46,0,53,189,186,226,1,602,0,0,0,602
12/17/2022,PBI,FL,ASO,ES,Combined TRACON& Tower with Radar,177,205,141,0,523,0,4,12,1,17,177,209,153,1,540,0,0,0,540
12/18/2022,PBI,FL,ASO,ES,Combined TRACON& Tower with Radar,179,214,156,1,550,0,3,47,0,50,179,217,203,1,600,14,0,14,614
12/19/2022,PBI,FL,ASO,ES,Combined TRACON& Tower with Radar,177,181,120,0,478,0,5,75,2,82,177,186,195,2,560,20,0,20,580
12/20/2022,PBI,FL,ASO,ES,Combined TRACON& Tower with Radar,180,146,115,4,445,0,6,55,1,62,180,152,170,5,507,0,0,0,507
12/21/2022,PBI,FL,ASO,ES,Combined TRACON& Tower with Radar,191,209,134,2,536,0,4,54,0,58,191,213,188,2,594,0,0,0,594
12/22/2022,PBI,FL,ASO,ES,Combined TRACON& Tower with Radar,200,195,150,0,545,0,3,55,0,58,200,198,205,0,603,0,0,0,603
12/23/2022,PBI,FL,ASO,ES,Combined TRACON& Tower with Radar,190,162,96,2,450,0,11,40,0,51,190,173,136,2,501,0,0,0,501
12/24/2022,PBI,FL,ASO,ES,Combined TRACON& Tower with Radar,151,123,75,0,349,0,4,25,2,31,151,127,100,2,380,0,0,0,380
12/25/2022,PBI,FL,ASO,ES,Combined TRACON& Tower with Radar,139,159,83,0,381,0,3,17,0,20,139,162,100,0,401,0,0,0,401
12/26/2022,PBI,FL,ASO,ES,Combined TRACON& Tower with Radar,177,279,210,0,666,0,9,49,2,60,177,288,259,2,726,0,0,0,726
12/27/2022,PBI,FL,ASO,ES,Combined TRACON& Tower with Radar,195,230,230,0,655,0,13,43,0,56,195,243,273,0,711,0,0,0,711
12/28/2022,PBI,FL,ASO,ES,Combined TRACON& Tower with Radar,190,252,170,2,614,0,18,62,2,82,190,270,232,4,696,0,0,0,696
12/29/2022,PBI,FL,ASO,ES,Combined TRACON& Tower with Radar,209,226,143,1,579,0,3,44,1,48,209,229,187,2,627,0,0,0,627
12/30/2022,PBI,FL,ASO,ES,Combined TRACON& Tower with Radar,214,178,163,0,555,0,5,51,0,56,214,183,214,0,611,0,0,0,611
12/31/2022,PBI,FL,ASO,ES,Combined TRACON& Tower with Radar,170,151,66,0,387,0,2,34,0,36,170,153,100,0,423,0,0,0,423
01/01/2023,PBI,FL,ASO,ES,Combined TRACON& Tower with Radar,183,209,145,0,537,0,8,43,0,51,183,217,188,0,588,2,0,2,590
01/02/2023,PBI,FL,ASO,ES,Combined TRACON& Tower with Radar,191,239,244,0,674,0,13,101,3,117,191,252,345,3,791,0,0,0,791
01/03/2023,PBI,FL,ASO,ES,Combined TRACON& Tower with Radar,179,217,180,0,576,0,12,57,1,70,179,229,237,1,646,0,0,0,646
01/04/2023,PBI,FL,ASO,ES,Combined TRACON& Tower with Radar,169,176,157,0,502,0,13,62,0,75,169,189,219,0,577,0,0,0,577
01/05/2023,PBI,FL,ASO,ES,Combined TRACON& Tower with Radar,174,162,180,1,517,0,1,52,0,53,174,163,232,1,570,0,0,0,570
01/06/2023,PBI,FL,ASO,ES,Combined TRACON& Tower with Radar,182,193,175,3,553,0,10,70,1,81,182,203,245,4,634,0,0,0,634
01/07/2023,PBI,FL,ASO,ES,Combined TRACON& Tower with Radar,180,153,124,0,457,0,7,47,0,54,180,160,171,0,511,0,0,0,511
01/08/2023,PBI,FL,ASO,ES,Combined TRACON& Tower with Radar,185,226,183,0,594,0,7,41,0,48,185,233,224,0,642,4,0,4,646
01/09/2023,PBI,FL,ASO,ES,Combined TRACON& Tower with Radar,175,130,111,0,416,0,7,57,0,64,175,137,168,0,480,0,0,0,480
01/10/2023,PBI,FL,ASO,ES,Combined TRACON& Tower with Radar,165,156,141,0,462,0,4,41,0,45,165,160,182,0,507,0,0,0,507
01/11/2023,PBI,FL,ASO,ES,Combined TRACON& Tower with Radar,153,180,127,0,460,0,17,54,0,71,153,197,181,0,531,15,0,15,546
01/12/2023,PBI,FL,ASO,ES,Combined TRACON& Tower with Radar,184,240,191,0,615,0,5,61,0,66,184,245,252,0,681,0,0,0,681
01/13/2023,PBI,FL,ASO,ES,Combined TRACON& Tower with Radar,189,213,151,0,553,0,7,47,3,57,189,220,198,3,610,0,0,0,610
01/14/2023,PBI,FL,ASO,ES,Combined TRACON& Tower with Radar,166,165,120,0,451,0,6,40,2,48,166,171,160,2,499,0,0,0,499
01/15/2023,PBI,FL,ASO,ES,Combined TRACON& Tower with Radar,178,167,153,0,498,0,1,46,0,47,178,168,199,0,545,0,0,0,545
01/16/2023,PBI,FL,ASO,ES,Combined TRACON& Tower with Radar,167,206,170,0,543,0,12,67,0,79,167,218,237,0,622,0,0,0,622
01/17/2023,PBI,FL,ASO,ES,Combined TRACON& Tower with Radar,168,152,128,0,448,0,16,84,0,100,168,168,212,0,548,0,0,0,548
01/18/2023,PBI,FL,ASO,ES,Combined TRACON& Tower with Radar,166,186,158,0,510,0,8,69,10,87,166,194,227,10,597,0,0,0,597
01/19/2023,PBI,FL,ASO,ES,Combined TRACON& Tower with Radar,187,193,158,0,538,0,8,74,5,87,187,201,232,5,625,0,0,0,625
01/20/2023,PBI,FL,ASO,ES,Combined TRACON& Tower with Radar,187,180,169,0,536,0,17,76,0,93,187,197,245,0,629,0,0,0,629
01/21/2023,PBI,FL,ASO,ES,Combined TRACON& Tower with Radar,173,149,124,1,447,0,3,43,0,46,173,152,167,1,493,0,0,0,493
01/22/2023,PBI,FL,ASO,ES,Combined TRACON& Tower with Radar,179,208,144,1,532,0,5,27,0,32,179,213,171,1,564,0,0,0,564
01/23/2023,PBI,FL,ASO,ES,Combined TRACON& Tower with Radar,167,153,143,0,463,0,8,52,4,64,167,161,195,4,527,0,0,0,527
01/24/2023,PBI,FL,ASO,ES,Combined TRACON& Tower with Radar,167,136,138,0,441,0,4,56,2,62,167,140,194,2,503,0,0,0,503
01/25/2023,PBI,FL,ASO,ES,Combined TRACON& Tower with Radar,162,176,143,1,482,0,5,54,0,59,162,181,197,1,541,0,0,0,541
01/26/2023,PBI,FL,ASO,ES,Combined TRACON& Tower with Radar,183,201,175,0,559,0,5,54,0,59,183,206,229,0,618,0,0,0,618
01/27/2023,PBI,FL,ASO,ES,Combined TRACON& Tower with Radar,187,181,176,0,544,0,6,57,0,63,187,187,233,0,607,0,0,0,607
01/28/2023,PBI,FL,ASO,ES,Combined TRACON& Tower with Radar,171,146,108,2,427,0,0,29,0,29,171,146,137,2,456,0,0,0,456
01/29/2023,PBI,FL,ASO,ES,Combined TRACON& Tower with Radar,181,232,189,0,602,0,2,64,0,66,181,234,253,0,668,0,0,0,668
01/30/2023,PBI,FL,ASO,ES,Combined TRACON& Tower with Radar,170,202,149,1,522,0,12,64,1,77,170,214,213,2,599,4,0,4,603
01/31/2023,PBI,FL,ASO,ES,Combined TRACON& Tower with Radar,157,143,129,0,429,0,9,62,2,73,157,152,191,2,502,0,0,0,502
02/01/2023,PBI,FL,ASO,ES,Combined TRACON& Tower with Radar,159,180,163,0,502,0,11,72,1,84,159,191,235,1,586,0,0,0,586
02/02/2023,PBI,FL,ASO,ES,Combined TRACON& Tower with Radar,183,225,170,0,578,0,12,35,4,51,183,237,205,4,629,0,0,0,629
02/03/2023,PBI,FL,ASO,ES,Combined TRACON& Tower with Radar,186,182,170,1,539,2,6,35,2,45,188,188,205,3,584,0,0,0,584
02/04/2023,PBI,FL,ASO,ES,Combined TRACON& Tower with Radar,176,138,101,0,415,0,3,12,0,15,176,141,113,0,430,0,0,0,430
02/05/2023,PBI,FL,ASO,ES,Combined TRACON& Tower with Radar,194,221,170,2,587,0,2,30,2,34,194,223,200,4,621,0,0,0,621
02/06/2023,PBI,FL,ASO,ES,Combined TRACON& Tower with Radar,180,163,175,3,521,0,16,54,0,70,180,179,229,3,591,0,0,0,591
02/07/2023,PBI,FL,ASO,ES,Combined TRACON& Tower with Radar,164,163,146,0,473,0,8,62,0,70,164,171,208,0,543,0,0,0,543
02/08/2023,PBI,FL,ASO,ES,Combined TRACON& Tower with Radar,164,204,168,0,536,0,8,62,0,70,164,212,230,0,606,4,0,4,610
02/09/2023,PBI,FL,ASO,ES,Combined TRACON& Tower with Radar,187,246,198,0,631,1,11,73,1,86,188,257,271,1,717,0,0,0,717
02/10/2023,PBI,FL,ASO,ES,Combined TRACON& Tower with Radar,187,202,189,2,580,0,6,62,0,68,187,208,251,2,648,0,0,0,648
02/11/2023,PBI,FL,ASO,ES,Combined TRACON& Tower with Radar,179,167,125,1,472,0,5,45,0,50,179,172,170,1,522,0,0,0,522
02/12/2023,PBI,FL,ASO,ES,Combined TRACON& Tower with Radar,187,202,174,0,563,0,2,56,0,58,187,204,230,0,621,0,0,0,621
02/13/2023,PBI,FL,ASO,ES,Combined TRACON& Tower with Radar,175,174,179,0,528,0,8,50,2,60,175,182,229,2,588,0,0,0,588
02/14/2023,PBI,FL,ASO,ES,Combined TRACON& Tower with Radar,168,174,119,0,461,0,11,64,0,75,168,185,183,0,536,0,0,0,536
02/15/2023,PBI,FL,ASO,ES,Combined TRACON& Tower with Radar,170,245,168,0,583,0,7,82,0,89,170,252,250,0,672,0,0,0,672
02/16/2023,PBI,FL,ASO,ES,Combined TRACON& Tower with Radar,198,289,224,2,713,0,6,85,2,93,198,295,309,4,806,0,0,0,806
02/17/2023,PBI,FL,ASO,ES,Combined TRACON& Tower with Radar,198,250,220,1,669,0,10,63,1,74,198,260,283,2,743,0,0,0,743
02/18/2023,PBI,FL,ASO,ES,Combined TRACON& Tower with Radar,202,180,132,1,515,0,3,23,1,27,202,183,155,2,542,0,0,0,542
02/19/2023,PBI,FL,ASO,ES,Combined TRACON& Tower with Radar,196,215,191,0,602,0,5,53,0,58,196,220,244,0,660,0,0,0,660
02/20/2023,PBI,FL,ASO,ES,Combined TRACON& Tower with Radar,194,260,223,3,680,0,16,70,0,86,194,276,293,3,766,0,0,0,766
02/21/2023,PBI,FL,ASO,ES,Combined TRACON& Tower with Radar,187,241,169,2,599,0,7,68,0,75,187,248,237,2,674,0,0,0,674
02/22/2023,PBI,FL,ASO,ES,Combined TRACON& Tower with Radar,185,206,174,2,567,0,3,57,3,63,185,209,231,5,630,0,0,0,630
02/23/2023,PBI,FL,ASO,ES,Combined TRACON& Tower with Radar,197,215,183,1,596,0,11,52,2,65,197,226,235,3,661,0,0,0,661
02/24/2023,PBI,FL,ASO,ES,Combined TRACON& Tower with Radar,200,227,206,2,635,0,12,80,0,92,200,239,286,2,727,0,0,0,727
02/25/2023,PBI,FL,ASO,ES,Combined TRACON& Tower with Radar,197,159,135,0,491,0,4,42,2,48,197,163,177,2,539,0,0,0,539
02/26/2023,PBI,FL,ASO,ES,Combined TRACON& Tower with Radar,195,246,220,3,664,0,8,57,2,67,195,254,277,5,731,0,0,0,731
02/27/2023,PBI,FL,ASO,ES,Combined TRACON& Tower with Radar,192,197,164,6,559,0,3,64,4,71,192,200,228,10,630,0,0,0,630
02/28/2023,PBI,FL,ASO,ES,Combined TRACON& Tower with Radar,184,183,130,16,513,0,6,59,4,69,184,189,189,20,582,0,0,0,582
03/01/2023,PBI,FL,ASO,ES,Combined TRACON& Tower with Radar,190,196,159,8,553,0,8,43,3,54,190,204,202,11,607,0,0,0,607
03/02/2023,PBI,FL,ASO,ES,Combined TRACON& Tower with Radar,200,195,203,8,606,0,12,51,2,65,200,207,254,10,671,0,0,0,671
03/03/2023,PBI,FL,ASO,ES,Combined TRACON& Tower with Radar,202,192,152,8,554,0,3,65,1,69,202,195,217,9,623,0,0,0,623
03/04/2023,PBI,FL,ASO,ES,Combined TRACON& Tower with Radar,193,180,139,1,513,0,10,44,0,54,193,190,183,1,567,0,0,0,567
03/05/2023,PBI,FL,ASO,ES,Combined TRACON& Tower with Radar,208,242,213,3,666,0,13,71,0,84,208,255,284,3,750,0,0,0,750
03/06/2023,PBI,FL,ASO,ES,Combined TRACON& Tower with Radar,201,182,169,0,552,0,6,54,1,61,201,188,223,1,613,0,0,0,613
03/07/2023,PBI,FL,ASO,ES,Combined TRACON& Tower with Radar,182,180,154,0,516,0,9,56,3,68,182,189,210,3,584,0,0,0,584
03/08/2023,PBI,FL,ASO,ES,Combined TRACON& Tower with Radar,191,215,155,0,561,0,18,69,1,88,191,233,224,1,649,4,0,4,653
03/09/2023,PBI,FL,ASO,ES,Combined TRACON& Tower with Radar,211,243,161,2,617,0,8,57,1,66,211,251,218,3,683,0,0,0,683
03/10/2023,PBI,FL,ASO,ES,Combined TRACON& Tower with Radar,203,212,175,0,590,0,10,65,6,81,203,222,240,6,671,0,0,0,671
03/11/2023,PBI,FL,ASO,ES,Combined TRACON& Tower with Radar,208,185,162,0,555,0,7,51,2,60,208,192,213,2,615,0,0,0,615
03/12/2023,PBI,FL,ASO,ES,Combined TRACON& Tower with Radar,203,219,175,3,600,0,11,60,0,71,203,230,235,3,671,0,0,0,671
03/13/2023,PBI,FL,ASO,ES,Combined TRACON& Tower with Radar,203,195,122,0,520,0,9,56,0,65,203,204,178,0,585,0,0,0,585
03/14/2023,PBI,FL,ASO,ES,Combined TRACON& Tower with Radar,185,134,138,4,461,0,6,45,0,51,185,140,183,4,512,0,0,0,512
03/15/2023,PBI,FL,ASO,ES,Combined TRACON& Tower with Radar,194,171,156,0,521,0,6,54,0,60,194,177,210,0,581,0,0,0,581
03/16/2023,PBI,FL,ASO,ES,Combined TRACON& Tower with Radar,211,229,186,1,627,0,7,65,0,72,211,236,251,1,699,0,0,0,699
03/17/2023,PBI,FL,ASO,ES,Combined TRACON& Tower with Radar,208,207,187,0,602,0,10,79,0,89,208,217,266,0,691,0,0,0,691
03/18/2023,PBI,FL,ASO,ES,Combined TRACON& Tower with Radar,215,230,145,0,590,0,12,67,2,81,215,242,212,2,671,0,0,0,671
03/19/2023,PBI,FL,ASO,ES,Combined TRACON& Tower with Radar,205,260,206,0,671,0,18,28,0,46,205,278,234,0,717,0,0,0,717
03/20/2023,PBI,FL,ASO,ES,Combined TRACON& Tower with Radar,207,183,128,2,520,0,8,33,0,41,207,191,161,2,561,0,0,0,561
03/21/2023,PBI,FL,ASO,ES,Combined TRACON& Tower with Radar,193,176,147,0,516,0,8,69,2,79,193,184,216,2,595,0,0,0,595
03/22/2023,PBI,FL,ASO,ES,Combined TRACON& Tower with Radar,195,208,149,1,553,0,7,70,0,77,195,215,219,1,630,0,0,0,630
03/23/2023,PBI,FL,ASO,ES,Combined TRACON& Tower with Radar,209,194,225,1,629,0,1,77,1,79,209,195,302,2,708,0,0,0,708
03/24/2023,PBI,FL,ASO,ES,Combined TRACON& Tower with Radar,206,218,205,0,629,0,14,63,5,82,206,232,268,5,711,0,0,0,711
03/25/2023,PBI,FL,ASO,ES,Combined TRACON& Tower with Radar,207,199,177,1,584,0,4,40,0,44,207,203,217,1,628,0,0,0,628
03/26/2023,PBI,FL,ASO,ES,Combined TRACON& Tower with Radar,205,247,217,0,669,0,17,66,1,84,205,264,283,1,753,0,0,0,753
03/27/2023,PBI,FL,ASO,ES,Combined TRACON& Tower with Radar,199,200,182,1,582,0,16,60,1,77,199,216,242,2,659,0,0,0,659
03/28/2023,PBI,FL,ASO,ES,Combined TRACON& Tower with Radar,197,163,143,2,505,0,5,53,1,59,197,168,196,3,564,0,0,0,564
03/29/2023,PBI,FL,ASO,ES,Combined TRACON& Tower with Radar,204,174,149,1,528,1,0,48,1,50,205,174,197,2,578,0,0,0,578
03/30/2023,PBI,FL,ASO,ES,Combined TRACON& Tower with Radar,207,188,177,1,573,0,7,75,1,83,207,195,252,2,656,0,0,0,656
03/31/2023,PBI,FL,ASO,ES,Combined TRACON& Tower with Radar,205,205,174,0,584,0,12,87,2,101,205,217,261,2,685,0,0,0,685
04/01/2023,PBI,FL,ASO,ES,Combined TRACON& Tower with Radar,188,207,135,0,530,0,11,59,0,70,188,218,194,0,600,0,0,0,600
04/02/2023,PBI,FL,ASO,ES,Combined TRACON& Tower with Radar,204,233,210,1,648,0,8,57,0,65,204,241,267,1,713,0,0,0,713
04/03/2023,PBI,FL,ASO,ES,Combined TRACON& Tower with Radar,205,172,143,2,522,0,9,54,0,63,205,181,197,2,585,0,0,0,585
04/04/2023,PBI,FL,ASO,ES,Combined TRACON& Tower with Radar,187,155,157,2,501,0,11,46,1,58,187,166,203,3,559,0,0,0,559
04/05/2023,PBI,FL,ASO,ES,Combined TRACON& Tower with Radar,194,182,155,2,533,0,16,84,0,100,194,198,239,2,633,0,0,0,633
04/06/2023,PBI,FL,ASO,ES,Combined TRACON& Tower with Radar,210,239,183,0,632,0,11,63,0,74,210,250,246,0,706,0,0,0,706
04/07/2023,PBI,FL,ASO,ES,Combined TRACON& Tower with Radar,197,205,149,2,553,0,10,78,1,89,197,215,227,3,642,0,0,0,642
04/08/2023,PBI,FL,ASO,ES,Combined TRACON& Tower with Radar,204,170,116,1,491,0,3,28,0,31,204,173,144,1,522,0,0,0,522
04/09/2023,PBI,FL,ASO,ES,Combined TRACON& Tower with Radar,224,214,133,1,572,1,6,37,0,44,225,220,170,1,616,0,0,0,616
04/10/2023,PBI,FL,ASO,ES,Combined TRACON& Tower with Radar,210,226,187,0,623,0,4,35,0,39,210,230,222,0,662,0,0,0,662
04/11/2023,PBI,FL,ASO,ES,Combined TRACON& Tower with Radar,196,178,152,0,526,0,3,25,5,33,196,181,177,5,559,0,0,0,559
04/12/2023,PBI,FL,ASO,ES,Combined TRACON& Tower with Radar,204,160,153,5,522,0,4,19,1,24,204,164,172,6,546,0,0,0,546
04/13/2023,PBI,FL,ASO,ES,Combined TRACON& Tower with Radar,223,210,148,0,581,0,0,55,4,59,223,210,203,4,640,0,0,0,640
04/14/2023,PBI,FL,ASO,ES,Combined TRACON& Tower with Radar,214,233,174,0,621,1,7,87,3,98,215,240,261,3,719,0,0,0,719
04/15/2023,PBI,FL,ASO,ES,Combined TRACON& Tower with Radar,190,176,101,0,467,0,13,53,0,66,190,189,154,0,533,0,0,0,533
04/16/2023,PBI,FL,ASO,ES,Combined TRACON& Tower with Radar,163,213,190,0,566,0,1,38,0,39,163,214,228,0,605,0,0,0,605
04/17/2023,PBI,FL,ASO,ES,Combined TRACON& Tower with Radar,210,197,154,0,561,0,9,36,2,47,210,206,190,2,608,0,0,0,608
04/18/2023,PBI,FL,ASO,ES,Combined TRACON& Tower with Radar,208,160,126,2,496,0,16,58,1,75,208,176,184,3,571,0,0,0,571
04/19/2023,PBI,FL,ASO,ES,Combined TRACON& Tower with Radar,186,182,136,3,507,0,7,64,6,77,186,189,200,9,584,0,0,0,584
04/20/2023,PBI,FL,ASO,ES,Combined TRACON& Tower with Radar,202,179,144,0,525,0,6,74,0,80,202,185,218,0,605,0,0,0,605
04/21/2023,PBI,FL,ASO,ES,Combined TRACON& Tower with Radar,204,162,135,2,503,0,11,64,0,75,204,173,199,2,578,0,0,0,578
04/22/2023,PBI,FL,ASO,ES,Combined TRACON& Tower with Radar,182,122,94,2,400,0,10,33,0,43,182,132,127,2,443,0,0,0,443
04/23/2023,PBI,FL,ASO,ES,Combined TRACON& Tower with Radar,199,196,165,2,562,0,6,50,0,56,199,202,215,2,618,0,0,0,618
04/24/2023,PBI,FL,ASO,ES,Combined TRACON& Tower with Radar,193,176,138,0,507,0,9,34,0,43,193,185,172,0,550,0,0,0,550
04/25/2023,PBI,FL,ASO,ES,Combined TRACON& Tower with Radar,185,156,119,0,460,0,3,42,0,45,185,159,161,0,505,0,0,0,505
04/26/2023,PBI,FL,ASO,ES,Combined TRACON& Tower with Radar,186,163,128,0,477,0,7,69,0,76,186,170,197,0,553,0,0,0,553
04/27/2023,PBI,FL,ASO,ES,Combined TRACON& Tower with Radar,186,140,149,3,478,0,8,75,0,83,186,148,224,3,561,0,0,0,561
04/28/2023,PBI,FL,ASO,ES,Combined TRACON& Tower with Radar,203,157,125,5,490,0,4,47,3,54,203,161,172,8,544,0,0,0,544
04/29/2023,PBI,FL,ASO,ES,Combined TRACON& Tower with Radar,178,132,96,0,406,0,6,41,1,48,178,138,137,1,454,0,0,0,454
04/30/2023,PBI,FL,ASO,ES,Combined TRACON& Tower with Radar,179,185,128,0,492,0,3,22,0,25,179,188,150,0,517,0,0,0,517
05/01/2023,PBI,FL,ASO,ES,Combined TRACON& Tower with Radar,197,173,130,0,500,0,14,80,0,94,197,187,210,0,594,31,0,31,625
05/02/2023,PBI,FL,ASO,ES,Combined TRACON& Tower with Radar,178,119,120,0,417,0,4,61,2,67,178,123,181,2,484,0,0,0,484
05/03/2023,PBI,FL,ASO,ES,Combined TRACON& Tower with Radar,180,189,161,0,530,0,8,74,0,82,180,197,235,0,612,0,0,0,612
05/04/2023,PBI,FL,ASO,ES,Combined TRACON& Tower with Radar,192,191,159,1,543,0,5,87,0,92,192,196,246,1,635,0,0,0,635
05/05/2023,PBI,FL,ASO,ES,Combined TRACON& Tower with Radar,170,170,135,7,482,0,12,77,4,93,170,182,212,11,575,0,0,0,575
05/06/2023,PBI,FL,ASO,ES,Combined TRACON& Tower with Radar,147,109,95,0,351,0,5,43,2,50,147,114,138,2,401,0,0,0,401
05/07/2023,PBI,FL,ASO,ES,Combined TRACON& Tower with Radar,154,175,159,3,491,0,1,56,0,57,154,176,215,3,548,0,0,0,548
05/08/2023,PBI,FL,ASO,ES,Combined TRACON& Tower with Radar,160,169,128,3,460,0,3,71,1,75,160,172,199,4,535,0,0,0,535
05/09/2023,PBI,FL,ASO,ES,Combined TRACON& Tower with Radar,149,146,132,4,431,0,16,47,2,65,149,162,179,6,496,0,0,0,496
05/10/2023,PBI,FL,ASO,ES,Combined TRACON& Tower with Radar,152,162,128,0,442,0,15,70,0,85,152,177,198,0,527,38,0,38,565
05/11/2023,PBI,FL,ASO,ES,Combined TRACON& Tower with Radar,156,149,152,0,457,0,5,64,0,69,156,154,216,0,526,10,0,10,536
05/12/2023,PBI,FL,ASO,ES,Combined TRACON& Tower with Radar,158,154,118,4,434,0,2,73,2,77,158,156,191,6,511,0,0,0,511
05/13/2023,PBI,FL,ASO,ES,Combined TRACON& Tower with Radar,144,117,84,3,348,0,4,54,2,60,144,121,138,5,408,6,0,6,414
05/14/2023,PBI,FL,ASO,ES,Combined TRACON& Tower with Radar,152,150,111,1,414,0,5,43,0,48,152,155,154,1,462,0,0,0,462
05/15/2023,PBI,FL,ASO,ES,Combined TRACON& Tower with Radar,154,158,98,1,411,0,6,55,2,63,154,164,153,3,474,2,0,2,476
05/16/2023,PBI,FL,ASO,ES,Combined TRACON& Tower with Radar,149,136,136,0,421,0,5,49,3,57,149,141,185,3,478,0,0,0,478
05/17/2023,PBI,FL,ASO,ES,Combined TRACON& Tower with Radar,152,155,136,1,444,1,1,59,3,64,153,156,195,4,508,0,0,0,508
05/18/2023,PBI,FL,ASO,ES,Combined TRACON& Tower with Radar,159,146,121,0,426,0,10,52,2,64,159,156,173,2,490,0,0,0,490
05/19/2023,PBI,FL,ASO,ES,Combined TRACON& Tower with Radar,160,138,122,0,420,0,9,57,6,72,160,147,179,6,492,0,0,0,492
05/20/2023,PBI,FL,ASO,ES,Combined TRACON& Tower with Radar,143,108,89,1,341,0,2,34,0,36,143,110,123,1,377,0,0,0,377
05/21/2023,PBI,FL,ASO,ES,Combined TRACON& Tower with Radar,157,143,111,1,412,0,3,45,1,49,157,146,156,2,461,4,0,4,465
05/22/2023,PBI,FL,ASO,ES,Combined TRACON& Tower with Radar,152,154,115,1,422,1,2,65,1,69,153,156,180,2,491,0,0,0,491
05/23/2023,PBI,FL,ASO,ES,Combined TRACON& Tower with Radar,147,117,117,1,382,0,9,42,5,56,147,126,159,6,438,0,0,0,438
05/24/2023,PBI,FL,ASO,ES,Combined TRACON& Tower with Radar,143,146,110,0,399,0,9,45,3,57,143,155,155,3,456,0,0,0,456
05/25/2023,PBI,FL,ASO,ES,Combined TRACON& Tower with Radar,158,167,111,0,436,0,8,70,0,78,158,175,181,0,514,0,0,0,514
05/26/2023,PBI,FL,ASO,ES,Combined TRACON& Tower with Radar,157,139,130,0,426,0,7,51,4,62,157,146,181,4,488,0,0,0,488
05/27/2023,PBI,FL,ASO,ES,Combined TRACON& Tower with Radar,136,117,58,0,311,0,7,40,3,50,136,124,98,3,361,0,0,0,361
05/28/2023,PBI,FL,ASO,ES,Combined TRACON& Tower with Radar,145,96,56,0,297,0,2,53,2,57,145,98,109,2,354,0,0,0,354
05/29/2023,PBI,FL,ASO,ES,Combined TRACON& Tower with Radar,143,138,111,0,392,0,5,74,11,90,143,143,185,11,482,0,0,0,482
05/30/2023,PBI,FL,ASO,ES,Combined TRACON& Tower with Radar,150,126,116,0,392,0,4,44,2,50,150,130,160,2,442,0,0,0,442
05/31/2023,PBI,FL,ASO,ES,Combined TRACON& Tower with Radar,160,87,99,0,346,0,0,41,1,42,160,87,140,1,388,0,0,0,388
06/01/2023,PBI,FL,ASO,ES,Combined TRACON& Tower with Radar,150,113,77,0,340,0,4,54,0,58,150,117,131,0,398,0,0,0,398
06/02/2023,PBI,FL,ASO,ES,Combined TRACON& Tower with Radar,139,107,91,0,337,0,5,58,1,64,139,112,149,1,401,32,0,32,433
06/03/2023,PBI,FL,ASO,ES,Combined TRACON& Tower with Radar,135,90,61,2,288,0,7,21,0,28,135,97,82,2,316,17,0,17,333
06/04/2023,PBI,FL,ASO,ES,Combined TRACON& Tower with Radar,137,105,74,1,317,0,2,38,2,42,137,107,112,3,359,0,0,0,359
06/05/2023,PBI,FL,ASO,ES,Combined TRACON& Tower with Radar,136,78,81,3,298,0,8,49,1,58,136,86,130,4,356,0,0,0,356
06/06/2023,PBI,FL,ASO,ES,Combined TRACON& Tower with Radar,135,105,77,0,317,0,6,75,2,83,135,111,152,2,400,0,0,0,400
06/07/2023,PBI,FL,ASO,ES,Combined TRACON& Tower with Radar,131,110,91,2,334,0,4,49,0,53,131,114,140,2,387,0,0,0,387
06/08/2023,PBI,FL,ASO,ES,Combined TRACON& Tower with Radar,161,114,95,0,370,0,25,44,1,70,161,139,139,1,440,10,0,10,450
06/09/2023,PBI,FL,ASO,ES,Combined TRACON& Tower with Radar,139,90,93,0,322,0,2,74,1,77,139,92,167,1,399,0,0,0,399
06/10/2023,PBI,FL,ASO,ES,Combined TRACON& Tower with Radar,132,68,65,0,265,0,10,46,0,56,132,78,111,0,321,0,0,0,321
06/11/2023,PBI,FL,ASO,ES,Combined TRACON& Tower with Radar,132,92,90,0,314,0,3,35,1,39,132,95,125,1,353,0,0,0,353
06/12/2023,PBI,FL,ASO,ES,Combined TRACON& Tower with Radar,129,82,74,0,285,0,2,39,0,41,129,84,113,0,326,0,0,0,326
06/13/2023,PBI,FL,ASO,ES,Combined TRACON& Tower with Radar,141,85,89,0,315,0,4,49,0,53,141,89,138,0,368,0,0,0,368
06/14/2023,PBI,FL,ASO,ES,Combined TRACON& Tower with Radar,129,97,74,3,303,0,6,54,2,62,129,103,128,5,365,0,0,0,365
06/15/2023,PBI,FL,ASO,ES,Combined TRACON& Tower with Radar,136,98,86,0,320,0,6,60,0,66,136,104,146,0,386,0,0,0,386
06/16/2023,PBI,FL,ASO,ES,Combined TRACON& Tower with Radar,124,94,96,0,314,0,6,39,2,47,124,100,135,2,361,0,0,0,361
06/17/2023,PBI,FL,ASO,ES,Combined TRACON& Tower with Radar,165,94,76,1,336,1,2,30,2,35,166,96,106,3,371,0,0,0,371
06/18/2023,PBI,FL,ASO,ES,Combined TRACON& Tower with Radar,131,87,74,0,292,0,2,28,3,33,131,89,102,3,325,0,0,0,325
06/19/2023,PBI,FL,ASO,ES,Combined TRACON& Tower with Radar,151,81,99,0,331,2,8,47,1,58,153,89,146,1,389,0,0,0,389
06/20/2023,PBI,FL,ASO,ES,Combined TRACON& Tower with Radar,136,77,74,0,287,0,8,48,2,58,136,85,122,2,345,0,0,0,345
06/21/2023,PBI,FL,ASO,ES,Combined TRACON& Tower with Radar,125,93,82,0,300,0,5,58,2,65,125,98,140,2,365,0,0,0,365
06/22/2023,PBI,FL,ASO,ES,Combined TRACON& Tower with Radar,144,88,78,20,330,0,9,54,2,65,144,97,132,22,395,0,0,0,395
06/23/2023,PBI,FL,ASO,ES,Combined TRACON& Tower with Radar,130,88,59,0,277,0,6,39,0,45,130,94,98,0,322,0,0,0,322
06/24/2023,PBI,FL,ASO,ES,Combined TRACON& Tower with Radar,119,66,73,0,258,0,4,35,0,39,119,70,108,0,297,0,0,0,297
06/25/2023,PBI,FL,ASO,ES,Combined TRACON& Tower with Radar,130,82,63,0,275,1,0,40,0,41,131,82,103,0,316,0,0,0,316
06/26/2023,PBI,FL,ASO,ES,Combined TRACON& Tower with Radar,124,84,45,0,253,0,1,54,0,55,124,85,99,0,308,0,0,0,308
06/27/2023,PBI,FL,ASO,ES,Combined TRACON& Tower with Radar,109,84,69,2,264,0,15,56,3,74,109,99,125,5,338,0,0,0,338
06/28/2023,PBI,FL,ASO,ES,Combined TRACON& Tower with Radar,115,106,72,0,293,0,1,71,0,72,115,107,143,0,365,0,0,0,365
06/29/2023,PBI,FL,ASO,ES,Combined TRACON& Tower with Radar,137,99,91,4,331,0,6,57,5,68,137,105,148,9,399,0,0,0,399
06/30/2023,PBI,FL,ASO,ES,Combined TRACON& Tower with Radar,131,97,99,4,331,0,8,73,0,81,131,105,172,4,412,0,0,0,412
07/01/2023,PBI,FL,ASO,ES,Combined TRACON& Tower with Radar,129,88,89,0,306,0,11,44,3,58,129,99,133,3,364,0,0,0,364
07/02/2023,PBI,FL,ASO,ES,Combined TRACON& Tower with Radar,121,60,38,0,219,0,3,46,1,50,121,63,84,1,269,0,0,0,269
07/03/2023,PBI,FL,ASO,ES,Combined TRACON& Tower with Radar,114,65,41,1,221,0,2,52,0,54,114,67,93,1,275,0,0,0,275
07/04/2023,PBI,FL,ASO,ES,Combined TRACON& Tower with Radar,109,41,23,0,173,0,4,32,2,38,109,45,55,2,211,0,0,0,211
07/05/2023,PBI,FL,ASO,ES,Combined TRACON& Tower with Radar,125,75,77,0,277,0,29,92,1,122,125,104,169,1,399,0,0,0,399
07/06/2023,PBI,FL,ASO,ES,Combined TRACON& Tower with Radar,136,86,68,0,290,0,1,44,4,49,136,87,112,4,339,0,0,0,339
07/07/2023,PBI,FL,ASO,ES,Combined TRACON& Tower with Radar,120,63,63,4,250,0,3,54,6,63,120,66,117,10,313,0,0,0,313
07/08/2023,PBI,FL,ASO,ES,Combined TRACON& Tower with Radar,123,51,55,0,229,0,2,44,1,47,123,53,99,1,276,0,0,0,276
07/09/2023,PBI,FL,ASO,ES,Combined TRACON& Tower with Radar,103,75,51,2,231,0,1,45,1,47,103,76,96,3,278,0,0,0,278
07/10/2023,PBI,FL,ASO,ES,Combined TRACON& Tower with Radar,111,71,74,0,256,0,8,61,2,71,111,79,135,2,327,67,0,67,394
07/11/2023,PBI,FL,ASO,ES,Combined TRACON& Tower with Radar,126,72,58,0,256,0,13,70,6,89,126,85,128,6,345,0,0,0,345
07/12/2023,PBI,FL,ASO,ES,Combined TRACON& Tower with Radar,124,69,72,0,265,0,17,53,2,72,124,86,125,2,337,0,0,0,337
07/13/2023,PBI,FL,ASO,ES,Combined TRACON& Tower with Radar,135,73,93,0,301,1,3,56,8,68,136,76,149,8,369,4,0,4,373
07/14/2023,PBI,FL,ASO,ES,Combined TRACON& Tower with Radar,125,77,64,0,266,0,7,63,2,72,125,84,127,2,338,0,0,0,338
07/15/2023,PBI,FL,ASO,ES,Combined TRACON& Tower with Radar,119,86,56,0,261,0,8,38,0,46,119,94,94,0,307,0,0,0,307
07/16/2023,PBI,FL,ASO,ES,Combined TRACON& Tower with Radar,111,81,66,0,258,0,5,25,0,30,111,86,91,0,288,0,0,0,288
07/17/2023,PBI,FL,ASO,ES,Combined TRACON& Tower with Radar,114,88,89,0,291,0,5,34,0,39,114,93,123,0,330,0,0,0,330
07/18/2023,PBI,FL,ASO,ES,Combined TRACON& Tower with Radar,127,85,50,0,262,0,8,48,4,60,127,93,98,4,322,0,0,0,322
07/19/2023,PBI,FL,ASO,ES,Combined TRACON& Tower with Radar,122,69,73,2,266,0,6,62,4,72,122,75,135,6,338,0,0,0,338
07/20/2023,PBI,FL,ASO,ES,Combined TRACON& Tower with Radar,131,84,57,0,272,0,53,45,0,98,131,137,102,0,370,0,0,0,370
07/21/2023,PBI,FL,ASO,ES,Combined TRACON& Tower with Radar,124,79,72,1,276,0,6,49,2,57,124,85,121,3,333,42,0,42,375
07/22/2023,PBI,FL,ASO,ES,Combined TRACON& Tower with Radar,132,40,51,1,224,0,4,42,2,48,132,44,93,3,272,0,0,0,272
07/23/2023,PBI,FL,ASO,ES,Combined TRACON& Tower with Radar,129,70,47,0,246,0,2,34,0,36,129,72,81,0,282,0,0,0,282
07/24/2023,PBI,FL,ASO,ES,Combined TRACON& Tower with Radar,125,81,66,2,274,0,5,42,0,47,125,86,108,2,321,0,0,0,321
07/25/2023,PBI,FL,ASO,ES,Combined TRACON& Tower with Radar,113,59,54,0,226,0,8,60,4,72,113,67,114,4,298,0,0,0,298
07/26/2023,PBI,FL,ASO,ES,Combined TRACON& Tower with Radar,141,80,57,0,278,0,0,37,4,41,141,80,94,4,319,0,0,0,319
07/27/2023,PBI,FL,ASO,ES,Combined TRACON& Tower with Radar,140,88,81,1,310,0,1,26,6,33,140,89,107,7,343,0,0,0,343
07/28/2023,PBI,FL,ASO,ES,Combined TRACON& Tower with Radar,125,92,61,0,278,0,4,67,1,72,125,96,128,1,350,0,0,0,350
07/29/2023,PBI,FL,ASO,ES,Combined TRACON& Tower with Radar,113,68,50,2,233,0,2,58,1,61,113,70,108,3,294,0,0,0,294
07/30/2023,PBI,FL,ASO,ES,Combined TRACON& Tower with Radar,127,82,59,0,268,0,24,50,1,75,127,106,109,1,343,0,0,0,343
07/31/2023,PBI,FL,ASO,ES,Combined TRACON& Tower with Radar,128,54,47,0,229,0,2,34,2,38,128,56,81,2,267,0,0,0,267
08/01/2023,PBI,FL,ASO,ES,Combined TRACON& Tower with Radar,123,72,59,0,254,0,15,69,4,88,123,87,128,4,342,0,0,0,342
08/02/2023,PBI,FL,ASO,ES,Combined TRACON& Tower with Radar,126,86,70,0,282,0,5,70,2,77,126,91,140,2,359,4,0,4,363
08/03/2023,PBI,FL,ASO,ES,Combined TRACON& Tower with Radar,135,81,75,1,292,0,32,54,4,90,135,113,129,5,382,0,0,0,382
08/04/2023,PBI,FL,ASO,ES,Combined TRACON& Tower with Radar,128,72,49,1,250,0,7,55,4,66,128,79,104,5,316,0,0,0,316
08/05/2023,PBI,FL,ASO,ES,Combined TRACON& Tower with Radar,125,61,48,0,234,0,3,32,0,35,125,64,80,0,269,0,0,0,269
08/06/2023,PBI,FL,ASO,ES,Combined TRACON& Tower with Radar,124,81,69,0,274,0,7,53,0,60,124,88,122,0,334,0,0,0,334
08/07/2023,PBI,FL,ASO,ES,Combined TRACON& Tower with Radar,103,86,73,2,264,0,14,56,0,70,103,100,129,2,334,0,0,0,334
08/08/2023,PBI,FL,ASO,ES,Combined TRACON& Tower with Radar,122,70,51,0,243,0,12,51,3,66,122,82,102,3,309,0,0,0,309
08/09/2023,PBI,FL,ASO,ES,Combined TRACON& Tower with Radar,121,86,74,0,281,0,4,59,3,66,121,90,133,3,347,0,0,0,347
08/10/2023,PBI,FL,ASO,ES,Combined TRACON& Tower with Radar,129,60,79,1,269,0,2,47,3,52,129,62,126,4,321,0,0,0,321
08/11/2023,PBI,FL,ASO,ES,Combined TRACON& Tower with Radar,127,70,80,5,282,0,11,62,3,76,127,81,142,8,358,0,0,0,358
08/12/2023,PBI,FL,ASO,ES,Combined TRACON& Tower with Radar,114,60,57,4,235,0,4,33,0,37,114,64,90,4,272,0,0,0,272
08/13/2023,PBI,FL,ASO,ES,Combined TRACON& Tower with Radar,132,67,53,1,253,0,5,42,3,50,132,72,95,4,303,0,0,0,303
08/14/2023,PBI,FL,ASO,ES,Combined TRACON& Tower with Radar,120,50,71,2,243,0,5,56,4,65,120,55,127,6,308,13,0,13,321
08/15/2023,PBI,FL,ASO,ES,Combined TRACON& Tower with Radar,141,65,64,0,270,1,6,67,3,77,142,71,131,3,347,0,0,0,347
08/16/2023,PBI,FL,ASO,ES,Combined TRACON& Tower with Radar,123,63,63,0,249,0,6,29,1,36,123,69,92,1,285,0,0,0,285
08/17/2023,PBI,FL,ASO,ES,Combined TRACON& Tower with Radar,159,79,55,0,293,0,5,43,3,51,159,84,98,3,344,0,0,0,344
08/18/2023,PBI,FL,ASO,ES,Combined TRACON& Tower with Radar,131,63,58,0,252,0,8,51,0,59,131,71,109,0,311,0,0,0,311
08/19/2023,PBI,FL,ASO,ES,Combined TRACON& Tower with Radar,126,52,31,0,209,0,3,18,0,21,126,55,49,0,230,0,0,0,230
08/20/2023,PBI,FL,ASO,ES,Combined TRACON& Tower with Radar,117,86,61,0,264,0,3,39,1,43,117,89,100,1,307,0,0,0,307
08/21/2023,PBI,FL,ASO,ES,Combined TRACON& Tower with Radar,119,79,46,0,244,0,6,44,0,50,119,85,90,0,294,0,0,0,294
08/22/2023,PBI,FL,ASO,ES,Combined TRACON& Tower with Radar,116,77,62,1,256,0,14,36,6,56,116,91,98,7,312,0,0,0,312
08/23/2023,PBI,FL,ASO,ES,Combined TRACON& Tower with Radar,119,71,53,0,243,0,12,37,1,50,119,83,90,1,293,0,0,0,293
08/24/2023,PBI,FL,ASO,ES,Combined TRACON& Tower with Radar,123,82,68,0,273,0,11,48,0,59,123,93,116,0,332,0,0,0,332
08/25/2023,PBI,FL,ASO,ES,Combined TRACON& Tower with Radar,120,72,48,1,241,0,9,72,2,83,120,81,120,3,324,0,0,0,324
08/26/2023,PBI,FL,ASO,ES,Combined TRACON& Tower with Radar,120,55,54,0,229,0,4,41,1,46,120,59,95,1,275,0,0,0,275
08/27/2023,PBI,FL,ASO,ES,Combined TRACON& Tower with Radar,116,86,55,0,257,0,2,34,0,36,116,88,89,0,293,0,0,0,293
08/28/2023,PBI,FL,ASO,ES,Combined TRACON& Tower with Radar,125,77,57,0,259,0,8,25,0,33,125,85,82,0,292,0,0,0,292
08/29/2023,PBI,FL,ASO,ES,Combined TRACON& Tower with Radar,129,64,59,6,258,0,0,42,2,44,129,64,101,8,302,0,0,0,302
08/30/2023,PBI,FL,ASO,ES,Combined TRACON& Tower with Radar,121,38,33,2,194,0,4,22,6,32,121,42,55,8,226,0,0,0,226
08/31/2023,PBI,FL,ASO,ES,Combined TRACON& Tower with Radar,136,85,85,4,310,0,8,34,1,43,136,93,119,5,353,0,0,0,353
