01/01/2020,PDK,GA,ASO,ES,Towers with Radar,0,26,60,0,86,0,4,96,1,101,0,30,156,1,187,24,0,24,211
01/02/2020,PDK,GA,ASO,ES,Towers with Radar,0,45,88,0,133,0,1,14,0,15,0,46,102,0,148,110,0,110,258
01/03/2020,PDK,GA,ASO,ES,Towers with Radar,0,38,65,0,103,0,0,0,0,0,0,38,65,0,103,0,0,0,103
01/04/2020,PDK,GA,ASO,ES,Towers with Radar,0,56,62,0,118,0,4,65,0,69,0,60,127,0,187,26,0,26,213
01/05/2020,PDK,GA,ASO,ES,Towers with Radar,0,58,88,0,146,0,2,165,0,167,0,60,253,0,313,158,0,158,471
01/06/2020,PDK,GA,ASO,ES,Towers with Radar,0,40,107,0,147,0,2,192,0,194,0,42,299,0,341,258,0,258,599
01/07/2020,PDK,GA,ASO,ES,Towers with Radar,0,42,106,0,148,0,8,91,0,99,0,50,197,0,247,14,0,14,261
01/08/2020,PDK,GA,ASO,ES,Towers with Radar,0,72,115,1,188,0,4,231,2,237,0,76,346,3,425,156,0,156,581
01/09/2020,PDK,GA,ASO,ES,Towers with Radar,0,69,134,0,203,0,6,183,0,189,0,75,317,0,392,128,0,128,520
01/10/2020,PDK,GA,ASO,ES,Towers with Radar,0,64,147,4,215,0,2,149,0,151,0,66,296,4,366,168,0,168,534
01/11/2020,PDK,GA,ASO,ES,Towers with Radar,0,23,41,1,65,0,0,2,0,2,0,23,43,1,67,8,0,8,75
01/12/2020,PDK,GA,ASO,ES,Towers with Radar,0,39,127,0,166,0,3,201,0,204,0,42,328,0,370,168,0,168,538
01/13/2020,PDK,GA,ASO,ES,Towers with Radar,0,49,95,0,144,0,0,0,0,0,0,49,95,0,144,0,0,0,144
01/14/2020,PDK,GA,ASO,ES,Towers with Radar,0,53,100,0,153,0,0,0,0,0,0,53,100,0,153,0,0,0,153
01/15/2020,PDK,GA,ASO,ES,Towers with Radar,0,54,130,0,184,0,0,79,0,79,0,54,209,0,263,192,0,192,455
01/16/2020,PDK,GA,ASO,ES,Towers with Radar,0,66,162,0,228,0,6,171,0,177,0,72,333,0,405,100,0,100,505
01/17/2020,PDK,GA,ASO,ES,Towers with Radar,1,77,183,1,262,0,4,223,4,231,1,81,406,5,493,148,0,148,641
01/18/2020,PDK,GA,ASO,ES,Towers with Radar,0,31,66,0,97,0,0,25,0,25,0,31,91,0,122,142,0,142,264
01/19/2020,PDK,GA,ASO,ES,Towers with Radar,0,46,84,0,130,0,0,109,2,111,0,46,193,2,241,50,0,50,291
01/20/2020,PDK,GA,ASO,ES,Towers with Radar,0,85,143,0,228,0,4,248,0,252,0,89,391,0,480,242,0,242,722
01/21/2020,PDK,GA,ASO,ES,Towers with Radar,0,73,146,0,219,0,3,167,0,170,0,76,313,0,389,346,0,346,735
01/22/2020,PDK,GA,ASO,ES,Towers with Radar,0,50,143,0,193,0,0,202,0,202,0,50,345,0,395,208,0,208,603
01/23/2020,PDK,GA,ASO,ES,Towers with Radar,0,60,166,0,226,0,5,139,0,144,0,65,305,0,370,148,0,148,518
01/24/2020,PDK,GA,ASO,ES,Towers with Radar,0,59,137,0,196,0,0,22,0,22,0,59,159,0,218,6,0,6,224
01/25/2020,PDK,GA,ASO,ES,Towers with Radar,0,27,83,0,110,0,4,186,2,192,0,31,269,2,302,222,0,222,524
01/26/2020,PDK,GA,ASO,ES,Towers with Radar,0,51,92,0,143,0,4,218,0,222,0,55,310,0,365,258,0,258,623
01/27/2020,PDK,GA,ASO,ES,Towers with Radar,1,45,145,0,191,0,4,49,0,53,1,49,194,0,244,182,0,182,426
01/28/2020,PDK,GA,ASO,ES,Towers with Radar,0,56,190,0,246,0,2,236,0,238,0,58,426,0,484,216,0,216,700
01/29/2020,PDK,GA,ASO,ES,Towers with Radar,0,72,146,0,218,0,5,151,0,156,0,77,297,0,374,258,0,258,632
01/30/2020,PDK,GA,ASO,ES,Towers with Radar,0,70,159,2,231,0,2,222,0,224,0,72,381,2,455,192,0,192,647
01/31/2020,PDK,GA,ASO,ES,Towers with Radar,0,45,136,0,181,0,0,7,0,7,0,45,143,0,188,14,0,14,202
02/01/2020,PDK,GA,ASO,ES,Towers with Radar,0,32,69,0,101,0,2,33,0,35,0,34,102,0,136,56,0,56,192
02/02/2020,PDK,GA,ASO,ES,Towers with Radar,1,41,74,0,116,0,2,184,0,186,1,43,258,0,302,128,0,128,430
02/03/2020,PDK,GA,ASO,ES,Towers with Radar,0,52,148,0,200,0,5,187,0,192,0,57,335,0,392,168,0,168,560
02/04/2020,PDK,GA,ASO,ES,Towers with Radar,0,68,150,1,219,0,0,77,3,80,0,68,227,4,299,184,0,184,483
02/05/2020,PDK,GA,ASO,ES,Towers with Radar,0,66,144,0,210,0,1,12,0,13,0,67,156,0,223,62,0,62,285
02/06/2020,PDK,GA,ASO,ES,Towers with Radar,1,50,63,0,114,0,0,0,0,0,1,50,63,0,114,0,0,0,114
02/07/2020,PDK,GA,ASO,ES,Towers with Radar,0,59,134,1,194,0,2,73,0,75,0,61,207,1,269,126,0,126,395
02/08/2020,PDK,GA,ASO,ES,Towers with Radar,0,34,73,0,107,0,0,22,0,22,0,34,95,0,129,0,0,0,129
02/09/2020,PDK,GA,ASO,ES,Towers with Radar,0,46,108,1,155,0,5,150,0,155,0,51,258,1,310,190,0,190,500
02/10/2020,PDK,GA,ASO,ES,Towers with Radar,0,56,128,0,184,0,0,20,0,20,0,56,148,0,204,32,0,32,236
02/11/2020,PDK,GA,ASO,ES,Towers with Radar,0,60,131,0,191,0,0,19,0,19,0,60,150,0,210,38,0,38,248
02/12/2020,PDK,GA,ASO,ES,Towers with Radar,0,82,159,0,241,0,1,70,0,71,0,83,229,0,312,202,0,202,514
02/13/2020,PDK,GA,ASO,ES,Towers with Radar,0,86,130,0,216,0,1,25,0,26,0,87,155,0,242,36,0,36,278
02/14/2020,PDK,GA,ASO,ES,Towers with Radar,0,68,166,1,235,0,0,271,0,271,0,68,437,1,506,86,0,86,592
02/15/2020,PDK,GA,ASO,ES,Towers with Radar,0,28,97,0,125,0,4,264,0,268,0,32,361,0,393,116,0,116,509
02/16/2020,PDK,GA,ASO,ES,Towers with Radar,0,44,135,2,181,0,0,14,0,14,0,44,149,2,195,16,0,16,211
02/17/2020,PDK,GA,ASO,ES,Towers with Radar,0,60,143,2,205,0,0,26,0,26,0,60,169,2,231,40,0,40,271
02/18/2020,PDK,GA,ASO,ES,Towers with Radar,1,51,79,0,131,0,0,0,0,0,1,51,79,0,131,0,0,0,131
02/19/2020,PDK,GA,ASO,ES,Towers with Radar,0,73,159,0,232,0,0,24,0,24,0,73,183,0,256,184,0,184,440
02/20/2020,PDK,GA,ASO,ES,Towers with Radar,1,57,109,0,167,0,0,3,0,3,1,57,112,0,170,10,0,10,180
02/21/2020,PDK,GA,ASO,ES,Towers with Radar,0,71,152,0,223,0,0,188,0,188,0,71,340,0,411,294,0,294,705
02/22/2020,PDK,GA,ASO,ES,Towers with Radar,0,38,72,2,112,0,4,210,7,221,0,42,282,9,333,274,0,274,607
02/23/2020,PDK,GA,ASO,ES,Towers with Radar,1,52,110,0,163,0,7,252,0,259,1,59,362,0,422,234,0,234,656
02/24/2020,PDK,GA,ASO,ES,Towers with Radar,0,36,113,0,149,0,0,9,0,9,0,36,122,0,158,36,0,36,194
02/25/2020,PDK,GA,ASO,ES,Towers with Radar,0,51,161,2,214,0,3,91,0,94,0,54,252,2,308,224,0,224,532
02/26/2020,PDK,GA,ASO,ES,Towers with Radar,0,71,130,0,201,0,3,87,2,92,0,74,217,2,293,84,0,84,377
02/27/2020,PDK,GA,ASO,ES,Towers with Radar,0,83,168,0,251,0,10,171,0,181,0,93,339,0,432,56,0,56,488
02/28/2020,PDK,GA,ASO,ES,Towers with Radar,0,86,144,0,230,0,0,150,0,150,0,86,294,0,380,80,0,80,460
02/29/2020,PDK,GA,ASO,ES,Towers with Radar,0,37,74,0,111,0,1,126,0,127,0,38,200,0,238,32,0,32,270
03/01/2020,PDK,GA,ASO,ES,Towers with Radar,0,74,109,0,183,0,20,222,0,242,0,94,331,0,425,254,0,254,679
03/02/2020,PDK,GA,ASO,ES,Towers with Radar,0,58,97,2,157,0,0,43,0,43,0,58,140,2,200,130,0,130,330
03/03/2020,PDK,GA,ASO,ES,Towers with Radar,0,79,110,0,189,0,1,30,0,31,0,80,140,0,220,18,0,18,238
03/04/2020,PDK,GA,ASO,ES,Towers with Radar,0,50,110,2,162,0,0,21,0,21,0,50,131,2,183,140,0,140,323
03/05/2020,PDK,GA,ASO,ES,Towers with Radar,0,44,117,0,161,0,1,3,0,4,0,45,120,0,165,0,0,0,165
03/06/2020,PDK,GA,ASO,ES,Towers with Radar,0,46,107,3,156,0,2,95,0,97,0,48,202,3,253,36,0,36,289
03/07/2020,PDK,GA,ASO,ES,Towers with Radar,0,53,90,1,144,0,2,222,0,224,0,55,312,1,368,298,0,298,666
03/08/2020,PDK,GA,ASO,ES,Towers with Radar,0,51,117,2,170,0,0,261,0,261,0,51,378,2,431,354,0,354,785
03/09/2020,PDK,GA,ASO,ES,Towers with Radar,0,46,120,0,166,0,4,218,0,222,0,50,338,0,388,324,0,324,712
03/10/2020,PDK,GA,ASO,ES,Towers with Radar,0,67,154,2,223,0,0,68,0,68,0,67,222,2,291,158,0,158,449
03/11/2020,PDK,GA,ASO,ES,Towers with Radar,0,55,164,1,220,0,2,81,0,83,0,57,245,1,303,139,0,139,442
03/12/2020,PDK,GA,ASO,ES,Towers with Radar,0,95,158,0,253,0,0,56,0,56,0,95,214,0,309,106,0,106,415
03/13/2020,PDK,GA,ASO,ES,Towers with Radar,0,56,134,1,191,0,1,112,0,113,0,57,246,1,304,208,0,208,512
03/14/2020,PDK,GA,ASO,ES,Towers with Radar,0,58,70,0,128,0,4,189,0,193,0,62,259,0,321,192,0,192,513
03/15/2020,PDK,GA,ASO,ES,Towers with Radar,0,32,91,0,123,0,2,40,0,42,0,34,131,0,165,98,0,98,263
03/16/2020,PDK,GA,ASO,ES,Towers with Radar,0,45,112,0,157,0,0,1,0,1,0,45,113,0,158,8,0,8,166
03/17/2020,PDK,GA,ASO,ES,Towers with Radar,0,24,66,0,90,0,3,30,0,33,0,27,96,0,123,38,0,38,161
03/18/2020,PDK,GA,ASO,ES,Towers with Radar,0,31,83,2,116,0,2,68,0,70,0,33,151,2,186,242,0,242,428
03/19/2020,PDK,GA,ASO,ES,Towers with Radar,0,28,68,0,96,0,3,102,0,105,0,31,170,0,201,186,0,186,387
03/20/2020,PDK,GA,ASO,ES,Towers with Radar,0,25,57,0,82,0,1,118,2,121,0,26,175,2,203,140,0,140,343
03/21/2020,PDK,GA,ASO,ES,Towers with Radar,0,41,77,0,118,0,2,94,0,96,0,43,171,0,214,108,0,108,322
03/22/2020,PDK,GA,ASO,ES,Towers with Radar,0,26,37,0,63,0,1,30,0,31,0,27,67,0,94,132,0,132,226
03/23/2020,PDK,GA,ASO,ES,Towers with Radar,0,22,18,0,40,0,0,0,0,0,0,22,18,0,40,0,0,0,40
03/24/2020,PDK,GA,ASO,ES,Towers with Radar,0,18,16,0,34,0,2,11,0,13,0,20,27,0,47,12,0,12,59
03/25/2020,PDK,GA,ASO,ES,Towers with Radar,0,21,67,0,88,0,3,150,0,153,0,24,217,0,241,155,0,155,396
03/26/2020,PDK,GA,ASO,ES,Towers with Radar,0,30,77,0,107,0,1,109,0,110,0,31,186,0,217,162,0,162,379
03/27/2020,PDK,GA,ASO,ES,Towers with Radar,0,15,60,5,80,0,0,188,0,188,0,15,248,5,268,208,0,208,476
03/28/2020,PDK,GA,ASO,ES,Towers with Radar,0,6,47,0,53,0,2,126,1,129,0,8,173,1,182,186,0,186,368
03/29/2020,PDK,GA,ASO,ES,Towers with Radar,0,18,29,0,47,0,0,56,0,56,0,18,85,0,103,40,0,40,143
03/30/2020,PDK,GA,ASO,ES,Towers with Radar,0,21,32,0,53,0,2,134,0,136,0,23,166,0,189,73,0,73,262
03/31/2020,PDK,GA,ASO,ES,Towers with Radar,0,17,32,0,49,0,2,43,0,45,0,19,75,0,94,8,0,8,102
04/01/2020,PDK,GA,ASO,ES,Towers with Radar,0,23,35,0,58,0,0,115,0,115,0,23,150,0,173,34,0,34,207
04/02/2020,PDK,GA,ASO,ES,Towers with Radar,0,20,37,0,57,0,3,196,0,199,0,23,233,0,256,90,0,90,346
04/03/2020,PDK,GA,ASO,ES,Towers with Radar,0,15,29,0,44,0,2,175,0,177,0,17,204,0,221,16,0,16,237
04/04/2020,PDK,GA,ASO,ES,Towers with Radar,0,18,23,2,43,0,4,78,0,82,0,22,101,2,125,24,0,24,149
04/05/2020,PDK,GA,ASO,ES,Towers with Radar,0,13,18,0,31,0,0,79,0,79,0,13,97,0,110,30,0,30,140
04/06/2020,PDK,GA,ASO,ES,Towers with Radar,0,7,28,0,35,0,0,94,0,94,0,7,122,0,129,2,0,2,131
04/07/2020,PDK,GA,ASO,ES,Towers with Radar,0,18,31,2,51,0,0,52,0,52,0,18,83,2,103,0,0,0,103
04/08/2020,PDK,GA,ASO,ES,Towers with Radar,0,16,22,0,38,0,0,19,0,19,0,16,41,0,57,8,0,8,65
04/09/2020,PDK,GA,ASO,ES,Towers with Radar,0,27,42,0,69,0,5,50,0,55,0,32,92,0,124,6,0,6,130
04/10/2020,PDK,GA,ASO,ES,Towers with Radar,0,16,35,0,51,0,5,68,0,73,0,21,103,0,124,0,0,0,124
04/11/2020,PDK,GA,ASO,ES,Towers with Radar,0,6,20,0,26,0,0,156,1,157,0,6,176,1,183,40,0,40,223
04/12/2020,PDK,GA,ASO,ES,Towers with Radar,0,15,15,2,32,0,0,3,0,3,0,15,18,2,35,0,0,0,35
04/13/2020,PDK,GA,ASO,ES,Towers with Radar,0,10,42,0,52,0,3,62,1,66,0,13,104,1,118,16,0,16,134
04/14/2020,PDK,GA,ASO,ES,Towers with Radar,0,16,33,0,49,0,1,118,0,119,0,17,151,0,168,26,0,26,194
04/15/2020,PDK,GA,ASO,ES,Towers with Radar,0,18,34,0,52,0,3,69,0,72,0,21,103,0,124,6,0,6,130
04/16/2020,PDK,GA,ASO,ES,Towers with Radar,0,13,41,0,54,0,7,166,2,175,0,20,207,2,229,32,0,32,261
04/17/2020,PDK,GA,ASO,ES,Towers with Radar,0,18,52,1,71,0,2,123,0,125,0,20,175,1,196,6,0,6,202
04/18/2020,PDK,GA,ASO,ES,Towers with Radar,0,11,22,2,35,0,3,100,0,103,0,14,122,2,138,4,0,4,142
04/19/2020,PDK,GA,ASO,ES,Towers with Radar,0,10,23,1,34,0,1,2,0,3,0,11,25,1,37,0,0,0,37
04/20/2020,PDK,GA,ASO,ES,Towers with Radar,0,9,36,0,45,0,1,62,0,63,0,10,98,0,108,26,0,26,134
04/21/2020,PDK,GA,ASO,ES,Towers with Radar,0,16,52,3,71,0,0,136,0,136,0,16,188,3,207,64,0,64,271
04/22/2020,PDK,GA,ASO,ES,Towers with Radar,0,30,57,0,87,0,3,201,0,204,0,33,258,0,291,92,0,92,383
04/23/2020,PDK,GA,ASO,ES,Towers with Radar,0,19,26,0,45,0,3,1,0,4,0,22,27,0,49,0,0,0,49
04/24/2020,PDK,GA,ASO,ES,Towers with Radar,0,30,106,0,136,0,4,125,0,129,0,34,231,0,265,130,0,130,395
04/25/2020,PDK,GA,ASO,ES,Towers with Radar,0,15,37,0,52,0,2,89,0,91,0,17,126,0,143,94,0,94,237
04/26/2020,PDK,GA,ASO,ES,Towers with Radar,0,13,23,0,36,0,4,37,0,41,0,17,60,0,77,46,0,46,123
04/27/2020,PDK,GA,ASO,ES,Towers with Radar,1,15,60,0,76,0,0,156,0,156,1,15,216,0,232,114,0,114,346
04/28/2020,PDK,GA,ASO,ES,Towers with Radar,0,34,54,0,88,0,6,190,0,196,0,40,244,0,284,188,0,188,472
04/29/2020,PDK,GA,ASO,ES,Towers with Radar,0,13,51,0,64,0,1,84,0,85,0,14,135,0,149,60,0,60,209
04/30/2020,PDK,GA,ASO,ES,Towers with Radar,0,19,88,1,108,0,5,76,0,81,0,24,164,1,189,54,0,54,243
05/01/2020,PDK,GA,ASO,ES,Towers with Radar,0,26,66,3,95,0,3,153,0,156,0,29,219,3,251,64,0,64,315
05/02/2020,PDK,GA,ASO,ES,Towers with Radar,0,9,38,0,47,0,2,193,0,195,0,11,231,0,242,194,0,194,436
05/03/2020,PDK,GA,ASO,ES,Towers with Radar,0,19,50,1,70,0,0,159,0,159,0,19,209,1,229,72,0,72,301
05/04/2020,PDK,GA,ASO,ES,Towers with Radar,0,27,63,0,90,0,2,153,0,155,0,29,216,0,245,160,0,160,405
05/05/2020,PDK,GA,ASO,ES,Towers with Radar,0,27,78,0,105,0,0,119,0,119,0,27,197,0,224,124,0,124,348
05/06/2020,PDK,GA,ASO,ES,Towers with Radar,0,24,75,0,99,0,4,120,0,124,0,28,195,0,223,40,0,40,263
05/07/2020,PDK,GA,ASO,ES,Towers with Radar,0,36,92,0,128,0,2,196,0,198,0,38,288,0,326,158,0,158,484
05/08/2020,PDK,GA,ASO,ES,Towers with Radar,0,33,74,0,107,0,2,50,0,52,0,35,124,0,159,28,0,28,187
05/09/2020,PDK,GA,ASO,ES,Towers with Radar,0,30,49,0,79,0,0,221,0,221,0,30,270,0,300,172,0,172,472
05/10/2020,PDK,GA,ASO,ES,Towers with Radar,0,21,51,0,72,0,2,153,0,155,0,23,204,0,227,52,0,52,279
05/11/2020,PDK,GA,ASO,ES,Towers with Radar,0,50,63,0,113,0,2,145,2,149,0,52,208,2,262,60,0,60,322
05/12/2020,PDK,GA,ASO,ES,Towers with Radar,0,24,72,0,96,0,6,232,0,238,0,30,304,0,334,114,0,114,448
05/13/2020,PDK,GA,ASO,ES,Towers with Radar,0,32,78,0,110,0,3,206,0,209,0,35,284,0,319,54,0,54,373
05/14/2020,PDK,GA,ASO,ES,Towers with Radar,0,28,117,4,149,0,3,132,0,135,0,31,249,4,284,202,0,202,486
05/15/2020,PDK,GA,ASO,ES,Towers with Radar,0,33,86,0,119,0,4,196,0,200,0,37,282,0,319,118,0,118,437
05/16/2020,PDK,GA,ASO,ES,Towers with Radar,0,17,53,0,70,0,0,180,0,180,0,17,233,0,250,118,0,118,368
05/17/2020,PDK,GA,ASO,ES,Towers with Radar,0,27,80,0,107,0,1,155,0,156,0,28,235,0,263,70,0,70,333
05/18/2020,PDK,GA,ASO,ES,Towers with Radar,0,32,54,0,86,0,0,18,0,18,0,32,72,0,104,122,0,122,226
05/19/2020,PDK,GA,ASO,ES,Towers with Radar,0,33,99,0,132,3,1,157,0,161,3,34,256,0,293,104,0,104,397
05/20/2020,PDK,GA,ASO,ES,Towers with Radar,0,55,99,0,154,0,0,16,0,16,0,55,115,0,170,22,0,22,192
05/21/2020,PDK,GA,ASO,ES,Towers with Radar,0,64,121,0,185,0,4,80,0,84,0,68,201,0,269,170,0,170,439
05/22/2020,PDK,GA,ASO,ES,Towers with Radar,0,46,116,0,162,0,1,130,1,132,0,47,246,1,294,188,0,188,482
05/23/2020,PDK,GA,ASO,ES,Towers with Radar,0,38,75,1,114,0,0,146,0,146,0,38,221,1,260,106,0,106,366
05/24/2020,PDK,GA,ASO,ES,Towers with Radar,0,28,32,0,60,0,4,179,0,183,0,32,211,0,243,134,0,134,377
05/25/2020,PDK,GA,ASO,ES,Towers with Radar,0,37,99,0,136,0,3,111,1,115,0,40,210,1,251,150,0,150,401
05/26/2020,PDK,GA,ASO,ES,Towers with Radar,0,52,103,1,156,0,2,38,0,40,0,54,141,1,196,112,0,112,308
05/27/2020,PDK,GA,ASO,ES,Towers with Radar,0,40,83,0,123,0,1,3,2,6,0,41,86,2,129,4,4,8,137
05/28/2020,PDK,GA,ASO,ES,Towers with Radar,0,37,96,0,133,0,1,107,0,108,0,38,203,0,241,88,0,88,329
05/29/2020,PDK,GA,ASO,ES,Towers with Radar,0,31,94,0,125,0,1,135,0,136,0,32,229,0,261,140,0,140,401
05/30/2020,PDK,GA,ASO,ES,Towers with Radar,0,20,68,0,88,0,4,262,0,266,0,24,330,0,354,230,0,230,584
05/31/2020,PDK,GA,ASO,ES,Towers with Radar,0,27,69,1,97,0,2,198,0,200,0,29,267,1,297,160,0,160,457
06/01/2020,PDK,GA,ASO,ES,Towers with Radar,0,36,100,0,136,0,3,184,2,189,0,39,284,2,325,200,0,200,525
06/02/2020,PDK,GA,ASO,ES,Towers with Radar,0,31,105,0,136,0,0,212,0,212,0,31,317,0,348,124,0,124,472
06/03/2020,PDK,GA,ASO,ES,Towers with Radar,0,31,105,0,136,0,2,183,2,187,0,33,288,2,323,254,0,254,577
06/04/2020,PDK,GA,ASO,ES,Towers with Radar,0,42,77,0,119,0,4,120,0,124,0,46,197,0,243,88,0,88,331
06/05/2020,PDK,GA,ASO,ES,Towers with Radar,0,23,84,0,107,0,2,104,0,106,0,25,188,0,213,176,0,176,389
06/06/2020,PDK,GA,ASO,ES,Towers with Radar,0,28,66,0,94,0,3,164,0,167,0,31,230,0,261,116,0,116,377
06/07/2020,PDK,GA,ASO,ES,Towers with Radar,0,42,77,0,119,0,3,140,0,143,0,45,217,0,262,86,0,86,348
06/08/2020,PDK,GA,ASO,ES,Towers with Radar,0,42,95,0,137,0,4,66,0,70,0,46,161,0,207,136,0,136,343
06/09/2020,PDK,GA,ASO,ES,Towers with Radar,0,55,100,0,155,0,1,41,0,42,0,56,141,0,197,150,0,150,347
06/10/2020,PDK,GA,ASO,ES,Towers with Radar,0,43,125,0,168,0,1,19,0,20,0,44,144,0,188,68,0,68,256
06/11/2020,PDK,GA,ASO,ES,Towers with Radar,0,71,122,0,193,0,3,209,3,215,0,74,331,3,408,148,0,148,556
06/12/2020,PDK,GA,ASO,ES,Towers with Radar,0,55,118,3,176,0,1,188,0,189,0,56,306,3,365,128,0,128,493
06/13/2020,PDK,GA,ASO,ES,Towers with Radar,0,41,62,1,104,0,0,178,2,180,0,41,240,3,284,136,0,136,420
06/14/2020,PDK,GA,ASO,ES,Towers with Radar,0,56,87,0,143,0,2,138,0,140,0,58,225,0,283,156,0,156,439
06/15/2020,PDK,GA,ASO,ES,Towers with Radar,0,53,97,0,150,0,2,104,1,107,0,55,201,1,257,142,0,142,399
06/16/2020,PDK,GA,ASO,ES,Towers with Radar,0,66,116,0,182,0,2,129,0,131,0,68,245,0,313,326,0,326,639
06/17/2020,PDK,GA,ASO,ES,Towers with Radar,0,67,136,0,203,0,0,136,0,136,0,67,272,0,339,100,0,100,439
06/18/2020,PDK,GA,ASO,ES,Towers with Radar,0,43,122,0,165,0,0,140,0,140,0,43,262,0,305,130,2,132,437
06/19/2020,PDK,GA,ASO,ES,Towers with Radar,0,46,106,0,152,0,2,168,0,170,0,48,274,0,322,162,0,162,484
06/20/2020,PDK,GA,ASO,ES,Towers with Radar,1,37,57,0,95,0,6,144,0,150,1,43,201,0,245,138,0,138,383
06/21/2020,PDK,GA,ASO,ES,Towers with Radar,0,46,68,2,116,0,2,116,0,118,0,48,184,2,234,66,0,66,300
06/22/2020,PDK,GA,ASO,ES,Towers with Radar,0,53,100,2,155,0,3,122,0,125,0,56,222,2,280,116,0,116,396
06/23/2020,PDK,GA,ASO,ES,Towers with Radar,0,57,133,0,190,0,5,67,0,72,0,62,200,0,262,102,0,102,364
06/24/2020,PDK,GA,ASO,ES,Towers with Radar,0,55,138,0,193,0,3,80,0,83,0,58,218,0,276,170,0,170,446
06/25/2020,PDK,GA,ASO,ES,Towers with Radar,0,57,100,2,159,0,1,69,0,70,0,58,169,2,229,191,0,191,420
06/26/2020,PDK,GA,ASO,ES,Towers with Radar,0,64,126,2,192,0,2,148,2,152,0,66,274,4,344,128,0,128,472
06/27/2020,PDK,GA,ASO,ES,Towers with Radar,0,54,83,0,137,0,8,154,0,162,0,62,237,0,299,154,0,154,453
06/28/2020,PDK,GA,ASO,ES,Towers with Radar,1,50,107,0,158,0,2,74,0,76,1,52,181,0,234,56,0,56,290
06/29/2020,PDK,GA,ASO,ES,Towers with Radar,1,54,93,0,148,0,3,114,0,117,1,57,207,0,265,120,0,120,385
06/30/2020,PDK,GA,ASO,ES,Towers with Radar,0,49,90,0,139,0,2,143,2,147,0,51,233,2,286,200,0,200,486
07/01/2020,PDK,GA,ASO,ES,Towers with Radar,0,71,100,0,171,0,0,110,0,110,0,71,210,0,281,142,0,142,423
07/02/2020,PDK,GA,ASO,ES,Towers with Radar,0,52,110,0,162,0,2,157,0,159,0,54,267,0,321,126,0,126,447
07/03/2020,PDK,GA,ASO,ES,Towers with Radar,0,40,72,0,112,0,0,158,0,158,0,40,230,0,270,98,0,98,368
07/04/2020,PDK,GA,ASO,ES,Towers with Radar,0,25,34,0,59,0,2,109,0,111,0,27,143,0,170,40,0,40,210
07/05/2020,PDK,GA,ASO,ES,Towers with Radar,0,41,81,1,123,0,8,74,0,82,0,49,155,1,205,46,0,46,251
07/06/2020,PDK,GA,ASO,ES,Towers with Radar,0,39,113,0,152,0,1,16,0,17,0,40,129,0,169,65,0,65,234
07/07/2020,PDK,GA,ASO,ES,Towers with Radar,0,38,109,0,147,0,2,35,0,37,0,40,144,0,184,116,0,116,300
07/08/2020,PDK,GA,ASO,ES,Towers with Radar,0,35,100,0,135,0,2,86,0,88,0,37,186,0,223,154,0,154,377
07/09/2020,PDK,GA,ASO,ES,Towers with Radar,0,53,127,0,180,0,0,122,0,122,0,53,249,0,302,138,0,138,440
07/10/2020,PDK,GA,ASO,ES,Towers with Radar,0,48,92,0,140,0,4,149,0,153,0,52,241,0,293,194,0,194,487
07/11/2020,PDK,GA,ASO,ES,Towers with Radar,0,37,61,0,98,0,0,168,2,170,0,37,229,2,268,70,0,70,338
07/12/2020,PDK,GA,ASO,ES,Towers with Radar,0,54,79,1,134,0,4,133,2,139,0,58,212,3,273,132,0,132,405
07/13/2020,PDK,GA,ASO,ES,Towers with Radar,1,45,75,0,121,0,2,119,0,121,1,47,194,0,242,118,0,118,360
07/14/2020,PDK,GA,ASO,ES,Towers with Radar,0,49,106,0,155,0,7,173,2,182,0,56,279,2,337,157,0,157,494
07/15/2020,PDK,GA,ASO,ES,Towers with Radar,0,46,116,1,163,0,1,87,0,88,0,47,203,1,251,114,0,114,365
07/16/2020,PDK,GA,ASO,ES,Towers with Radar,1,48,92,4,145,0,1,156,0,157,1,49,248,4,302,140,0,140,442
07/17/2020,PDK,GA,ASO,ES,Towers with Radar,0,56,100,0,156,0,6,191,1,198,0,62,291,1,354,124,0,124,478
07/18/2020,PDK,GA,ASO,ES,Towers with Radar,0,35,62,0,97,0,4,137,0,141,0,39,199,0,238,116,0,116,354
07/19/2020,PDK,GA,ASO,ES,Towers with Radar,0,44,96,2,142,0,2,165,0,167,0,46,261,2,309,98,0,98,407
07/20/2020,PDK,GA,ASO,ES,Towers with Radar,0,40,82,0,122,0,2,135,0,137,0,42,217,0,259,100,0,100,359
07/21/2020,PDK,GA,ASO,ES,Towers with Radar,0,40,90,0,130,0,2,84,0,86,0,42,174,0,216,194,0,194,410
07/22/2020,PDK,GA,ASO,ES,Towers with Radar,1,38,126,0,165,0,8,95,0,103,1,46,221,0,268,146,0,146,414
07/23/2020,PDK,GA,ASO,ES,Towers with Radar,0,52,108,1,161,0,7,137,0,144,0,59,245,1,305,142,0,142,447
07/24/2020,PDK,GA,ASO,ES,Towers with Radar,0,46,96,0,142,0,2,143,0,145,0,48,239,0,287,206,0,206,493
07/25/2020,PDK,GA,ASO,ES,Towers with Radar,0,36,59,1,96,0,6,112,0,118,0,42,171,1,214,104,0,104,318
07/26/2020,PDK,GA,ASO,ES,Towers with Radar,0,55,87,0,142,0,6,125,0,131,0,61,212,0,273,118,0,118,391
07/27/2020,PDK,GA,ASO,ES,Towers with Radar,1,39,73,0,113,0,2,121,0,123,1,41,194,0,236,202,0,202,438
07/28/2020,PDK,GA,ASO,ES,Towers with Radar,0,39,86,0,125,0,4,150,0,154,0,43,236,0,279,138,0,138,417
07/29/2020,PDK,GA,ASO,ES,Towers with Radar,1,68,161,0,230,0,2,54,0,56,1,70,215,0,286,150,0,150,436
07/30/2020,PDK,GA,ASO,ES,Towers with Radar,0,50,121,0,171,0,0,73,0,73,0,50,194,0,244,118,0,118,362
07/31/2020,PDK,GA,ASO,ES,Towers with Radar,0,45,120,0,165,0,2,129,0,131,0,47,249,0,296,230,0,230,526
08/01/2020,PDK,GA,ASO,ES,Towers with Radar,1,40,69,0,110,0,0,157,0,157,1,40,226,0,267,162,0,162,429
08/02/2020,PDK,GA,ASO,ES,Towers with Radar,0,56,75,0,131,0,0,143,0,143,0,56,218,0,274,187,0,187,461
08/03/2020,PDK,GA,ASO,ES,Towers with Radar,0,34,85,0,119,0,2,70,0,72,0,36,155,0,191,150,0,150,341
08/04/2020,PDK,GA,ASO,ES,Towers with Radar,0,53,97,0,150,0,4,150,0,154,0,57,247,0,304,136,0,136,440
08/05/2020,PDK,GA,ASO,ES,Towers with Radar,0,39,112,0,151,0,0,133,0,133,0,39,245,0,284,106,0,106,390
08/06/2020,PDK,GA,ASO,ES,Towers with Radar,0,55,118,2,175,0,0,116,9,125,0,55,234,11,300,122,0,122,422
08/07/2020,PDK,GA,ASO,ES,Towers with Radar,0,54,106,0,160,0,1,138,0,139,0,55,244,0,299,138,0,138,437
08/08/2020,PDK,GA,ASO,ES,Towers with Radar,0,27,84,0,111,0,4,168,0,172,0,31,252,0,283,82,0,82,365
08/09/2020,PDK,GA,ASO,ES,Towers with Radar,0,28,80,0,108,0,0,148,0,148,0,28,228,0,256,70,0,70,326
08/10/2020,PDK,GA,ASO,ES,Towers with Radar,0,22,86,2,110,0,0,109,0,109,0,22,195,2,219,112,0,112,331
08/11/2020,PDK,GA,ASO,ES,Towers with Radar,0,53,117,0,170,0,2,150,0,152,0,55,267,0,322,222,0,222,544
08/12/2020,PDK,GA,ASO,ES,Towers with Radar,0,55,116,0,171,0,2,172,0,174,0,57,288,0,345,216,0,216,561
08/13/2020,PDK,GA,ASO,ES,Towers with Radar,0,69,125,0,194,0,2,152,0,154,0,71,277,0,348,208,0,208,556
08/14/2020,PDK,GA,ASO,ES,Towers with Radar,0,52,119,0,171,0,1,47,0,48,0,53,166,0,219,14,0,14,233
08/15/2020,PDK,GA,ASO,ES,Towers with Radar,0,27,71,0,98,0,0,53,0,53,0,27,124,0,151,24,0,24,175
08/16/2020,PDK,GA,ASO,ES,Towers with Radar,0,58,97,0,155,0,5,161,0,166,0,63,258,0,321,82,0,82,403
08/17/2020,PDK,GA,ASO,ES,Towers with Radar,0,39,116,2,157,0,8,141,1,150,0,47,257,3,307,122,0,122,429
08/18/2020,PDK,GA,ASO,ES,Towers with Radar,0,46,92,0,138,0,2,147,0,149,0,48,239,0,287,120,0,120,407
08/19/2020,PDK,GA,ASO,ES,Towers with Radar,0,49,109,1,159,0,4,125,0,129,0,53,234,1,288,214,0,214,502
08/20/2020,PDK,GA,ASO,ES,Towers with Radar,0,63,123,2,188,0,2,60,0,62,0,65,183,2,250,110,0,110,360
08/21/2020,PDK,GA,ASO,ES,Towers with Radar,0,33,107,0,140,0,1,23,0,24,0,34,130,0,164,38,0,38,202
08/22/2020,PDK,GA,ASO,ES,Towers with Radar,0,24,83,0,107,0,2,86,0,88,0,26,169,0,195,120,0,120,315
08/23/2020,PDK,GA,ASO,ES,Towers with Radar,0,39,96,0,135,0,2,69,2,73,0,41,165,2,208,164,0,164,372
08/24/2020,PDK,GA,ASO,ES,Towers with Radar,0,44,115,0,159,0,0,30,0,30,0,44,145,0,189,64,0,64,253
08/25/2020,PDK,GA,ASO,ES,Towers with Radar,0,49,91,0,140,0,0,2,0,2,0,49,93,0,142,0,0,0,142
08/26/2020,PDK,GA,ASO,ES,Towers with Radar,0,44,142,0,186,0,1,106,0,107,0,45,248,0,293,200,0,200,493
08/27/2020,PDK,GA,ASO,ES,Towers with Radar,1,55,114,0,170,0,4,150,0,154,1,59,264,0,324,116,0,116,440
08/28/2020,PDK,GA,ASO,ES,Towers with Radar,2,43,139,0,184,0,2,93,0,95,2,45,232,0,279,119,0,119,398
08/29/2020,PDK,GA,ASO,ES,Towers with Radar,0,24,77,0,101,0,2,95,0,97,0,26,172,0,198,32,0,32,230
08/30/2020,PDK,GA,ASO,ES,Towers with Radar,0,48,101,2,151,0,0,82,0,82,0,48,183,2,233,100,0,100,333
08/31/2020,PDK,GA,ASO,ES,Towers with Radar,0,54,123,0,177,0,0,54,0,54,0,54,177,0,231,128,0,128,359
09/01/2020,PDK,GA,ASO,ES,Towers with Radar,0,56,149,4,209,0,4,187,0,191,0,60,336,4,400,260,0,260,660
09/02/2020,PDK,GA,ASO,ES,Towers with Radar,0,66,129,2,197,0,2,215,0,217,0,68,344,2,414,176,0,176,590
09/03/2020,PDK,GA,ASO,ES,Towers with Radar,0,65,168,2,235,0,3,232,0,235,0,68,400,2,470,162,0,162,632
09/04/2020,PDK,GA,ASO,ES,Towers with Radar,0,77,145,0,222,0,2,198,0,200,0,79,343,0,422,84,0,84,506
09/05/2020,PDK,GA,ASO,ES,Towers with Radar,0,31,74,0,105,0,4,184,0,188,0,35,258,0,293,84,0,84,377
09/06/2020,PDK,GA,ASO,ES,Towers with Radar,0,28,46,0,74,0,2,173,0,175,0,30,219,0,249,110,0,110,359
09/07/2020,PDK,GA,ASO,ES,Towers with Radar,0,83,151,0,234,0,8,175,0,183,0,91,326,0,417,120,0,120,537
09/08/2020,PDK,GA,ASO,ES,Towers with Radar,0,66,145,0,211,0,0,161,0,161,0,66,306,0,372,134,0,134,506
09/09/2020,PDK,GA,ASO,ES,Towers with Radar,0,76,128,4,208,0,3,157,0,160,0,79,285,4,368,180,0,180,548
09/10/2020,PDK,GA,ASO,ES,Towers with Radar,0,76,200,0,276,0,0,65,0,65,0,76,265,0,341,82,0,82,423
09/11/2020,PDK,GA,ASO,ES,Towers with Radar,0,32,138,0,170,0,4,144,0,148,0,36,282,0,318,190,0,190,508
09/12/2020,PDK,GA,ASO,ES,Towers with Radar,0,36,82,0,118,0,0,43,0,43,0,36,125,0,161,72,0,72,233
09/13/2020,PDK,GA,ASO,ES,Towers with Radar,0,66,97,0,163,0,4,86,0,90,0,70,183,0,253,66,0,66,319
09/14/2020,PDK,GA,ASO,ES,Towers with Radar,0,52,120,0,172,0,2,129,0,131,0,54,249,0,303,94,0,94,397
09/15/2020,PDK,GA,ASO,ES,Towers with Radar,0,49,119,2,170,0,0,37,0,37,0,49,156,2,207,170,0,170,377
09/16/2020,PDK,GA,ASO,ES,Towers with Radar,0,53,110,0,163,0,0,10,0,10,0,53,120,0,173,6,0,6,179
09/17/2020,PDK,GA,ASO,ES,Towers with Radar,3,44,70,0,117,0,2,2,0,4,3,46,72,0,121,26,0,26,147
09/18/2020,PDK,GA,ASO,ES,Towers with Radar,0,64,120,6,190,0,2,212,0,214,0,66,332,6,404,280,0,280,684
09/19/2020,PDK,GA,ASO,ES,Towers with Radar,0,32,78,0,110,0,4,157,0,161,0,36,235,0,271,208,0,208,479
09/20/2020,PDK,GA,ASO,ES,Towers with Radar,0,55,119,3,177,0,3,156,0,159,0,58,275,3,336,142,0,142,478
09/21/2020,PDK,GA,ASO,ES,Towers with Radar,0,47,92,0,139,0,3,163,1,167,0,50,255,1,306,100,0,100,406
09/22/2020,PDK,GA,ASO,ES,Towers with Radar,0,59,129,2,190,0,1,208,0,209,0,60,337,2,399,292,0,292,691
09/23/2020,PDK,GA,ASO,ES,Towers with Radar,0,86,152,0,238,0,7,180,0,187,0,93,332,0,425,90,0,90,515
09/24/2020,PDK,GA,ASO,ES,Towers with Radar,0,90,165,2,257,0,0,40,0,40,0,90,205,2,297,74,0,74,371
09/25/2020,PDK,GA,ASO,ES,Towers with Radar,0,53,136,0,189,0,0,24,0,24,0,53,160,0,213,0,0,0,213
09/26/2020,PDK,GA,ASO,ES,Towers with Radar,0,37,92,0,129,0,2,113,0,115,0,39,205,0,244,164,0,164,408
09/27/2020,PDK,GA,ASO,ES,Towers with Radar,0,42,134,0,176,0,0,110,0,110,0,42,244,0,286,216,0,216,502
09/28/2020,PDK,GA,ASO,ES,Towers with Radar,0,61,112,6,179,0,5,93,0,98,0,66,205,6,277,100,0,100,377
09/29/2020,PDK,GA,ASO,ES,Towers with Radar,0,56,115,0,171,0,1,36,0,37,0,57,151,0,208,12,0,12,220
09/30/2020,PDK,GA,ASO,ES,Towers with Radar,0,77,189,4,270,0,3,221,2,226,0,80,410,6,496,136,0,136,632
10/01/2020,PDK,GA,ASO,ES,Towers with Radar,0,86,140,0,226,0,9,231,2,242,0,95,371,2,468,160,0,160,628
10/02/2020,PDK,GA,ASO,ES,Towers with Radar,0,66,135,3,204,0,5,227,3,235,0,71,362,6,439,236,0,236,675
10/03/2020,PDK,GA,ASO,ES,Towers with Radar,0,41,78,0,119,0,4,212,0,216,0,45,290,0,335,182,0,182,517
10/04/2020,PDK,GA,ASO,ES,Towers with Radar,0,53,133,0,186,0,4,145,0,149,0,57,278,0,335,211,0,211,546
10/05/2020,PDK,GA,ASO,ES,Towers with Radar,0,54,107,0,161,0,7,183,0,190,0,61,290,0,351,100,0,100,451
10/06/2020,PDK,GA,ASO,ES,Towers with Radar,0,67,125,0,192,0,2,204,0,206,0,69,329,0,398,214,0,214,612
10/07/2020,PDK,GA,ASO,ES,Towers with Radar,0,65,166,0,231,0,5,170,0,175,0,70,336,0,406,240,0,240,646
10/08/2020,PDK,GA,ASO,ES,Towers with Radar,0,73,175,1,249,0,1,223,0,224,0,74,398,1,473,306,0,306,779
10/09/2020,PDK,GA,ASO,ES,Towers with Radar,0,66,153,0,219,0,1,117,0,118,0,67,270,0,337,188,0,188,525
10/10/2020,PDK,GA,ASO,ES,Towers with Radar,0,46,68,0,114,0,0,3,0,3,0,46,71,0,117,0,0,0,117
10/11/2020,PDK,GA,ASO,ES,Towers with Radar,0,55,88,0,143,0,0,14,0,14,0,55,102,0,157,18,0,18,175
10/12/2020,PDK,GA,ASO,ES,Towers with Radar,0,68,112,0,180,0,5,94,2,101,0,73,206,2,281,180,0,180,461
10/13/2020,PDK,GA,ASO,ES,Towers with Radar,0,68,145,0,213,0,3,111,0,114,0,71,256,0,327,93,0,93,420
10/14/2020,PDK,GA,ASO,ES,Towers with Radar,0,77,129,0,206,0,5,158,0,163,0,82,287,0,369,78,0,78,447
10/15/2020,PDK,GA,ASO,ES,Towers with Radar,0,87,178,0,265,0,0,99,4,103,0,87,277,4,368,74,0,74,442
10/16/2020,PDK,GA,ASO,ES,Towers with Radar,0,51,144,0,195,0,4,180,0,184,0,55,324,0,379,48,0,48,427
10/17/2020,PDK,GA,ASO,ES,Towers with Radar,0,21,65,0,86,0,2,233,0,235,0,23,298,0,321,20,0,20,341
10/18/2020,PDK,GA,ASO,ES,Towers with Radar,0,62,96,0,158,0,4,190,0,194,0,66,286,0,352,82,0,82,434
10/19/2020,PDK,GA,ASO,ES,Towers with Radar,0,56,109,0,165,0,0,136,0,136,0,56,245,0,301,92,0,92,393
10/20/2020,PDK,GA,ASO,ES,Towers with Radar,0,66,135,0,201,0,2,156,0,158,0,68,291,0,359,104,0,104,463
10/21/2020,PDK,GA,ASO,ES,Towers with Radar,0,60,163,0,223,0,1,159,0,160,0,61,322,0,383,106,0,106,489
10/22/2020,PDK,GA,ASO,ES,Towers with Radar,0,64,161,0,225,0,2,124,0,126,0,66,285,0,351,126,0,126,477
10/23/2020,PDK,GA,ASO,ES,Towers with Radar,0,47,124,6,177,0,2,151,0,153,0,49,275,6,330,112,0,112,442
10/24/2020,PDK,GA,ASO,ES,Towers with Radar,0,30,59,0,89,0,0,56,2,58,0,30,115,2,147,164,0,164,311
10/25/2020,PDK,GA,ASO,ES,Towers with Radar,0,69,115,0,184,0,0,31,0,31,0,69,146,0,215,14,0,14,229
10/26/2020,PDK,GA,ASO,ES,Towers with Radar,1,46,126,0,173,0,2,17,0,19,1,48,143,0,192,8,0,8,200
10/27/2020,PDK,GA,ASO,ES,Towers with Radar,0,60,157,0,217,0,1,28,0,29,0,61,185,0,246,52,0,52,298
10/28/2020,PDK,GA,ASO,ES,Towers with Radar,0,67,123,0,190,0,0,2,0,2,0,67,125,0,192,0,0,0,192
10/29/2020,PDK,GA,ASO,ES,Towers with Radar,0,68,105,0,173,0,3,42,0,45,0,71,147,0,218,10,0,10,228
10/30/2020,PDK,GA,ASO,ES,Towers with Radar,0,65,142,0,207,0,3,118,0,121,0,68,260,0,328,52,0,52,380
10/31/2020,PDK,GA,ASO,ES,Towers with Radar,0,32,65,1,98,0,1,137,0,138,0,33,202,1,236,86,0,86,322
11/01/2020,PDK,GA,ASO,ES,Towers with Radar,0,57,111,1,169,0,4,48,0,52,0,61,159,1,221,10,0,10,231
11/02/2020,PDK,GA,ASO,ES,Towers with Radar,0,34,103,3,140,0,3,125,1,129,0,37,228,4,269,144,0,144,413
11/03/2020,PDK,GA,ASO,ES,Towers with Radar,0,52,118,2,172,0,2,160,0,162,0,54,278,2,334,180,0,180,514
11/04/2020,PDK,GA,ASO,ES,Towers with Radar,0,59,121,0,180,0,2,131,0,133,0,61,252,0,313,125,0,125,438
11/05/2020,PDK,GA,ASO,ES,Towers with Radar,0,85,162,0,247,0,3,129,2,134,0,88,291,2,381,202,0,202,583
11/06/2020,PDK,GA,ASO,ES,Towers with Radar,0,57,147,0,204,0,0,141,0,141,0,57,288,0,345,128,0,128,473
11/07/2020,PDK,GA,ASO,ES,Towers with Radar,0,39,74,2,115,0,0,72,0,72,0,39,146,2,187,122,0,122,309
11/08/2020,PDK,GA,ASO,ES,Towers with Radar,1,71,120,0,192,0,4,56,0,60,1,75,176,0,252,34,0,34,286
11/09/2020,PDK,GA,ASO,ES,Towers with Radar,1,60,114,0,175,0,2,70,0,72,1,62,184,0,247,108,0,108,355
11/10/2020,PDK,GA,ASO,ES,Towers with Radar,0,74,120,0,194,0,0,0,0,0,0,74,120,0,194,0,0,0,194
11/11/2020,PDK,GA,ASO,ES,Towers with Radar,0,52,101,0,153,0,1,34,0,35,0,53,135,0,188,102,0,102,290
11/12/2020,PDK,GA,ASO,ES,Towers with Radar,0,47,127,0,174,0,5,60,0,65,0,52,187,0,239,34,0,34,273
11/13/2020,PDK,GA,ASO,ES,Towers with Radar,0,40,108,1,149,0,6,198,0,204,0,46,306,1,353,192,0,192,545
11/14/2020,PDK,GA,ASO,ES,Towers with Radar,0,32,69,0,101,0,8,162,0,170,0,40,231,0,271,138,0,138,409
11/15/2020,PDK,GA,ASO,ES,Towers with Radar,0,42,114,0,156,0,0,46,0,46,0,42,160,0,202,102,0,102,304
11/16/2020,PDK,GA,ASO,ES,Towers with Radar,0,39,122,2,163,0,3,160,0,163,0,42,282,2,326,90,0,90,416
11/17/2020,PDK,GA,ASO,ES,Towers with Radar,0,51,97,1,149,0,5,114,4,123,0,56,211,5,272,4,0,4,276
11/18/2020,PDK,GA,ASO,ES,Towers with Radar,0,43,133,1,177,0,4,197,1,202,0,47,330,2,379,276,0,276,655
11/19/2020,PDK,GA,ASO,ES,Towers with Radar,1,69,138,0,208,0,6,205,2,213,1,75,343,2,421,184,0,184,605
11/20/2020,PDK,GA,ASO,ES,Towers with Radar,0,79,134,1,214,0,2,181,0,183,0,81,315,1,397,262,0,262,659
11/21/2020,PDK,GA,ASO,ES,Towers with Radar,0,63,108,1,172,0,3,207,1,211,0,66,315,2,383,86,0,86,469
11/22/2020,PDK,GA,ASO,ES,Towers with Radar,2,75,120,0,197,0,4,112,0,116,2,79,232,0,313,128,0,128,441
11/23/2020,PDK,GA,ASO,ES,Towers with Radar,0,90,91,2,183,0,4,177,0,181,0,94,268,2,364,112,0,112,476
11/24/2020,PDK,GA,ASO,ES,Towers with Radar,0,89,127,0,216,0,2,145,0,147,0,91,272,0,363,154,0,154,517
11/25/2020,PDK,GA,ASO,ES,Towers with Radar,0,73,153,0,226,0,3,23,0,26,0,76,176,0,252,76,0,76,328
11/26/2020,PDK,GA,ASO,ES,Towers with Radar,0,29,30,0,59,0,4,46,0,50,0,33,76,0,109,38,0,38,147
11/27/2020,PDK,GA,ASO,ES,Towers with Radar,0,43,70,0,113,0,0,181,0,181,0,43,251,0,294,152,0,152,446
11/28/2020,PDK,GA,ASO,ES,Towers with Radar,0,64,96,0,160,0,4,167,0,171,0,68,263,0,331,130,0,130,461
11/29/2020,PDK,GA,ASO,ES,Towers with Radar,0,63,114,0,177,0,0,0,0,0,0,63,114,0,177,0,0,0,177
11/30/2020,PDK,GA,ASO,ES,Towers with Radar,0,62,84,0,146,0,2,9,0,11,0,64,93,0,157,8,0,8,165
12/01/2020,PDK,GA,ASO,ES,Towers with Radar,1,61,116,0,178,0,4,111,0,115,1,65,227,0,293,42,0,42,335
12/02/2020,PDK,GA,ASO,ES,Towers with Radar,0,47,128,1,176,0,3,136,1,140,0,50,264,2,316,159,0,159,475
12/03/2020,PDK,GA,ASO,ES,Towers with Radar,0,61,123,0,184,0,1,126,0,127,0,62,249,0,311,206,0,206,517
12/04/2020,PDK,GA,ASO,ES,Towers with Radar,0,42,98,0,140,0,0,8,0,8,0,42,106,0,148,2,0,2,150
12/05/2020,PDK,GA,ASO,ES,Towers with Radar,0,34,55,0,89,0,1,139,0,140,0,35,194,0,229,170,0,170,399
12/06/2020,PDK,GA,ASO,ES,Towers with Radar,0,43,76,2,121,0,5,174,0,179,0,48,250,2,300,191,0,191,491
12/07/2020,PDK,GA,ASO,ES,Towers with Radar,0,48,104,0,152,0,2,61,2,65,0,50,165,2,217,42,0,42,259
12/08/2020,PDK,GA,ASO,ES,Towers with Radar,0,52,140,0,192,0,5,157,0,162,0,57,297,0,354,102,0,102,456
12/09/2020,PDK,GA,ASO,ES,Towers with Radar,0,66,153,2,221,0,5,179,3,187,0,71,332,5,408,140,0,140,548
12/10/2020,PDK,GA,ASO,ES,Towers with Radar,0,48,127,0,175,0,5,200,0,205,0,53,327,0,380,207,0,207,587
12/11/2020,PDK,GA,ASO,ES,Towers with Radar,0,39,91,0,130,0,6,157,0,163,0,45,248,0,293,144,0,144,437
12/12/2020,PDK,GA,ASO,ES,Towers with Radar,0,54,70,0,124,0,3,81,0,84,0,57,151,0,208,72,0,72,280
12/13/2020,PDK,GA,ASO,ES,Towers with Radar,1,31,80,0,112,0,4,118,2,124,1,35,198,2,236,150,0,150,386
12/14/2020,PDK,GA,ASO,ES,Towers with Radar,0,48,97,0,145,0,3,37,0,40,0,51,134,0,185,16,0,16,201
12/15/2020,PDK,GA,ASO,ES,Towers with Radar,0,48,144,3,195,0,0,88,1,89,0,48,232,4,284,66,0,66,350
12/16/2020,PDK,GA,ASO,ES,Towers with Radar,0,46,93,0,139,0,0,0,0,0,0,46,93,0,139,0,0,0,139
12/17/2020,PDK,GA,ASO,ES,Towers with Radar,0,82,125,2,209,0,1,43,0,44,0,83,168,2,253,60,0,60,313
12/18/2020,PDK,GA,ASO,ES,Towers with Radar,0,84,125,2,211,0,4,213,1,218,0,88,338,3,429,208,0,208,637
12/19/2020,PDK,GA,ASO,ES,Towers with Radar,0,61,120,0,181,0,6,164,0,170,0,67,284,0,351,126,0,126,477
12/20/2020,PDK,GA,ASO,ES,Towers with Radar,0,60,94,0,154,0,3,34,0,37,0,63,128,0,191,96,0,96,287
12/21/2020,PDK,GA,ASO,ES,Towers with Radar,0,67,108,0,175,0,4,102,0,106,0,71,210,0,281,88,0,88,369
12/22/2020,PDK,GA,ASO,ES,Towers with Radar,0,54,109,0,163,0,3,154,0,157,0,57,263,0,320,34,0,34,354
12/23/2020,PDK,GA,ASO,ES,Towers with Radar,0,73,119,0,192,0,4,175,0,179,0,77,294,0,371,88,0,88,459
12/24/2020,PDK,GA,ASO,ES,Towers with Radar,0,28,19,0,47,0,1,1,0,2,0,29,20,0,49,0,0,0,49
12/25/2020,PDK,GA,ASO,ES,Towers with Radar,0,44,23,0,67,0,2,15,0,17,0,46,38,0,84,0,0,0,84
12/26/2020,PDK,GA,ASO,ES,Towers with Radar,0,58,87,0,145,0,5,128,0,133,0,63,215,0,278,90,0,90,368
12/27/2020,PDK,GA,ASO,ES,Towers with Radar,0,58,100,0,158,0,4,108,0,112,0,62,208,0,270,78,0,78,348
12/28/2020,PDK,GA,ASO,ES,Towers with Radar,0,62,111,0,173,0,0,135,2,137,0,62,246,2,310,244,0,244,554
12/29/2020,PDK,GA,ASO,ES,Towers with Radar,0,57,96,3,156,0,2,156,2,160,0,59,252,5,316,128,0,128,444
12/30/2020,PDK,GA,ASO,ES,Towers with Radar,0,57,114,0,171,0,2,17,2,21,0,59,131,2,192,90,0,90,282
12/31/2020,PDK,GA,ASO,ES,Towers with Radar,0,32,47,0,79,0,0,0,0,0,0,32,47,0,79,0,0,0,79
01/01/2021,PDK,GA,ASO,ES,Towers with Radar,0,18,31,0,49,0,0,3,0,3,0,18,34,0,52,0,0,0,52
01/02/2021,PDK,GA,ASO,ES,Towers with Radar,0,66,108,0,174,0,1,103,2,106,0,67,211,2,280,166,0,166,446
01/03/2021,PDK,GA,ASO,ES,Towers with Radar,0,68,145,0,213,0,3,88,0,91,0,71,233,0,304,72,0,72,376
01/04/2021,PDK,GA,ASO,ES,Towers with Radar,0,51,103,0,154,0,6,101,0,107,0,57,204,0,261,132,0,132,393
01/05/2021,PDK,GA,ASO,ES,Towers with Radar,0,35,86,0,121,0,6,132,0,138,0,41,218,0,259,94,0,94,353
01/06/2021,PDK,GA,ASO,ES,Towers with Radar,0,53,84,0,137,0,2,157,0,159,0,55,241,0,296,134,0,134,430
01/07/2021,PDK,GA,ASO,ES,Towers with Radar,0,51,94,0,145,0,1,54,0,55,0,52,148,0,200,76,0,76,276
01/08/2021,PDK,GA,ASO,ES,Towers with Radar,0,35,89,0,124,0,1,6,0,7,0,36,95,0,131,0,0,0,131
01/09/2021,PDK,GA,ASO,ES,Towers with Radar,0,35,92,0,127,0,0,53,0,53,0,35,145,0,180,40,0,40,220
01/10/2021,PDK,GA,ASO,ES,Towers with Radar,0,40,118,0,158,0,1,164,0,165,0,41,282,0,323,230,0,230,553
01/11/2021,PDK,GA,ASO,ES,Towers with Radar,0,43,93,0,136,0,1,13,0,14,0,44,106,0,150,30,0,30,180
01/12/2021,PDK,GA,ASO,ES,Towers with Radar,0,51,99,0,150,0,1,34,0,35,0,52,133,0,185,38,0,38,223
01/13/2021,PDK,GA,ASO,ES,Towers with Radar,0,52,110,0,162,0,2,88,0,90,0,54,198,0,252,106,0,106,358
01/14/2021,PDK,GA,ASO,ES,Towers with Radar,0,55,127,2,184,0,5,148,0,153,0,60,275,2,337,102,0,102,439
01/15/2021,PDK,GA,ASO,ES,Towers with Radar,0,53,132,0,185,0,3,91,0,94,0,56,223,0,279,72,0,72,351
01/16/2021,PDK,GA,ASO,ES,Towers with Radar,0,37,48,0,85,0,8,83,2,93,0,45,131,2,178,86,0,86,264
01/17/2021,PDK,GA,ASO,ES,Towers with Radar,0,50,87,0,137,0,3,132,0,135,0,53,219,0,272,134,0,134,406
01/18/2021,PDK,GA,ASO,ES,Towers with Radar,0,46,118,0,164,0,6,147,0,153,0,52,265,0,317,156,0,156,473
01/19/2021,PDK,GA,ASO,ES,Towers with Radar,0,43,94,0,137,0,2,169,0,171,0,45,263,0,308,186,0,186,494
01/20/2021,PDK,GA,ASO,ES,Towers with Radar,0,37,98,0,135,0,4,147,0,151,0,41,245,0,286,76,0,76,362
01/21/2021,PDK,GA,ASO,ES,Towers with Radar,0,54,105,0,159,0,0,10,0,10,0,54,115,0,169,6,0,6,175
01/22/2021,PDK,GA,ASO,ES,Towers with Radar,0,47,119,0,166,0,2,113,0,115,0,49,232,0,281,147,0,147,428
01/23/2021,PDK,GA,ASO,ES,Towers with Radar,0,40,69,0,109,0,2,231,0,233,0,42,300,0,342,124,0,124,466
01/24/2021,PDK,GA,ASO,ES,Towers with Radar,0,49,81,0,130,0,1,121,0,122,0,50,202,0,252,86,0,86,338
01/25/2021,PDK,GA,ASO,ES,Towers with Radar,0,37,112,0,149,0,0,17,0,17,0,37,129,0,166,60,0,60,226
01/26/2021,PDK,GA,ASO,ES,Towers with Radar,0,29,110,0,139,0,4,150,0,154,0,33,260,0,293,236,0,236,529
01/27/2021,PDK,GA,ASO,ES,Towers with Radar,0,42,130,2,174,0,0,5,0,5,0,42,135,2,179,8,0,8,187
01/28/2021,PDK,GA,ASO,ES,Towers with Radar,0,59,128,3,190,0,7,89,6,102,0,66,217,9,292,0,0,0,292
01/29/2021,PDK,GA,ASO,ES,Towers with Radar,0,55,95,0,150,0,3,225,0,228,0,58,320,0,378,190,0,190,568
01/30/2021,PDK,GA,ASO,ES,Towers with Radar,0,56,69,2,127,0,2,193,0,195,0,58,262,2,322,242,0,242,564
01/31/2021,PDK,GA,ASO,ES,Towers with Radar,0,43,76,0,119,0,0,0,0,0,0,43,76,0,119,0,0,0,119
02/01/2021,PDK,GA,ASO,ES,Towers with Radar,0,46,84,0,130,0,7,30,0,37,0,53,114,0,167,20,0,20,187
02/02/2021,PDK,GA,ASO,ES,Towers with Radar,0,42,88,0,130,0,2,32,0,34,0,44,120,0,164,22,0,22,186
02/03/2021,PDK,GA,ASO,ES,Towers with Radar,0,43,156,0,199,0,1,130,0,131,0,44,286,0,330,162,0,162,492
02/04/2021,PDK,GA,ASO,ES,Towers with Radar,0,63,112,0,175,0,4,138,0,142,0,67,250,0,317,180,0,180,497
02/05/2021,PDK,GA,ASO,ES,Towers with Radar,1,63,121,0,185,0,0,114,0,114,1,63,235,0,299,76,0,76,375
02/06/2021,PDK,GA,ASO,ES,Towers with Radar,0,40,63,0,103,0,6,107,0,113,0,46,170,0,216,178,2,180,396
02/07/2021,PDK,GA,ASO,ES,Towers with Radar,0,39,97,0,136,0,1,84,0,85,0,40,181,0,221,46,0,46,267
02/08/2021,PDK,GA,ASO,ES,Towers with Radar,0,52,98,1,151,0,6,147,3,156,0,58,245,4,307,120,0,120,427
02/09/2021,PDK,GA,ASO,ES,Towers with Radar,0,54,120,0,174,0,0,114,0,114,0,54,234,0,288,46,0,46,334
02/10/2021,PDK,GA,ASO,ES,Towers with Radar,0,62,105,0,167,0,1,100,0,101,0,63,205,0,268,136,0,136,404
02/11/2021,PDK,GA,ASO,ES,Towers with Radar,0,67,97,0,164,0,0,1,0,1,0,67,98,0,165,0,0,0,165
02/12/2021,PDK,GA,ASO,ES,Towers with Radar,0,80,103,0,183,0,0,0,0,0,0,80,103,0,183,0,0,0,183
02/13/2021,PDK,GA,ASO,ES,Towers with Radar,0,31,71,0,102,0,0,20,0,20,0,31,91,0,122,0,0,0,122
02/14/2021,PDK,GA,ASO,ES,Towers with Radar,0,41,78,0,119,0,0,41,0,41,0,41,119,0,160,0,0,0,160
02/15/2021,PDK,GA,ASO,ES,Towers with Radar,0,29,88,0,117,0,0,0,0,0,0,29,88,0,117,0,0,0,117
02/16/2021,PDK,GA,ASO,ES,Towers with Radar,0,60,101,0,161,0,8,80,0,88,0,68,181,0,249,16,0,16,265
02/17/2021,PDK,GA,ASO,ES,Towers with Radar,0,69,144,1,214,0,3,176,1,180,0,72,320,2,394,126,0,126,520
02/18/2021,PDK,GA,ASO,ES,Towers with Radar,0,39,110,0,149,0,0,0,0,0,0,39,110,0,149,0,0,0,149
02/19/2021,PDK,GA,ASO,ES,Towers with Radar,0,61,161,0,222,0,1,82,4,87,0,62,243,4,309,24,0,24,333
02/20/2021,PDK,GA,ASO,ES,Towers with Radar,0,44,66,0,110,0,0,233,2,235,0,44,299,2,345,148,0,148,493
02/21/2021,PDK,GA,ASO,ES,Towers with Radar,0,47,116,0,163,0,3,145,0,148,0,50,261,0,311,80,0,80,391
02/22/2021,PDK,GA,ASO,ES,Towers with Radar,0,48,131,0,179,0,6,41,0,47,0,54,172,0,226,18,0,18,244
02/23/2021,PDK,GA,ASO,ES,Towers with Radar,0,35,133,0,168,0,0,140,0,140,0,35,273,0,308,132,0,132,440
02/24/2021,PDK,GA,ASO,ES,Towers with Radar,0,60,139,0,199,0,5,173,0,178,0,65,312,0,377,210,0,210,587
02/25/2021,PDK,GA,ASO,ES,Towers with Radar,0,72,173,0,245,0,5,217,1,223,0,77,390,1,468,142,0,142,610
02/26/2021,PDK,GA,ASO,ES,Towers with Radar,1,81,143,2,227,0,0,5,0,5,1,81,148,2,232,0,0,0,232
02/27/2021,PDK,GA,ASO,ES,Towers with Radar,0,63,112,1,176,0,1,37,0,38,0,64,149,1,214,44,0,44,258
02/28/2021,PDK,GA,ASO,ES,Towers with Radar,0,50,109,1,160,0,4,64,0,68,0,54,173,1,228,30,0,30,258
03/01/2021,PDK,GA,ASO,ES,Towers with Radar,0,67,121,0,188,0,2,38,0,40,0,69,159,0,228,104,0,104,332
03/02/2021,PDK,GA,ASO,ES,Towers with Radar,0,54,87,0,141,0,3,130,0,133,0,57,217,0,274,114,0,114,388
03/03/2021,PDK,GA,ASO,ES,Towers with Radar,0,78,124,0,202,0,5,145,0,150,0,83,269,0,352,132,0,132,484
03/04/2021,PDK,GA,ASO,ES,Towers with Radar,0,79,138,0,217,0,4,174,0,178,0,83,312,0,395,68,0,68,463
03/05/2021,PDK,GA,ASO,ES,Towers with Radar,0,52,144,2,198,0,5,182,1,188,0,57,326,3,386,119,0,119,505
03/06/2021,PDK,GA,ASO,ES,Towers with Radar,0,57,117,0,174,0,0,161,0,161,0,57,278,0,335,214,0,214,549
03/07/2021,PDK,GA,ASO,ES,Towers with Radar,0,57,111,0,168,0,6,183,0,189,0,63,294,0,357,74,0,74,431
03/08/2021,PDK,GA,ASO,ES,Towers with Radar,0,56,118,0,174,0,2,168,2,172,0,58,286,2,346,172,0,172,518
03/09/2021,PDK,GA,ASO,ES,Towers with Radar,0,65,120,0,185,0,7,197,0,204,0,72,317,0,389,214,0,214,603
03/10/2021,PDK,GA,ASO,ES,Towers with Radar,1,39,129,0,169,0,4,179,0,183,1,43,308,0,352,236,0,236,588
03/11/2021,PDK,GA,ASO,ES,Towers with Radar,1,75,154,0,230,0,4,151,0,155,1,79,305,0,385,152,0,152,537
03/12/2021,PDK,GA,ASO,ES,Towers with Radar,0,73,153,0,226,0,1,150,0,151,0,74,303,0,377,94,0,94,471
03/13/2021,PDK,GA,ASO,ES,Towers with Radar,0,49,67,0,116,0,0,172,0,172,0,49,239,0,288,169,0,169,457
03/14/2021,PDK,GA,ASO,ES,Towers with Radar,2,55,113,0,170,0,7,172,2,181,2,62,285,2,351,152,0,152,503
03/15/2021,PDK,GA,ASO,ES,Towers with Radar,0,49,126,2,177,0,2,64,0,66,0,51,190,2,243,46,0,46,289
03/16/2021,PDK,GA,ASO,ES,Towers with Radar,1,45,114,0,160,0,0,0,0,0,1,45,114,0,160,0,0,0,160
03/17/2021,PDK,GA,ASO,ES,Towers with Radar,0,37,57,0,94,0,0,0,0,0,0,37,57,0,94,0,0,0,94
03/18/2021,PDK,GA,ASO,ES,Towers with Radar,0,56,124,0,180,0,3,39,0,42,0,59,163,0,222,0,0,0,222
03/19/2021,PDK,GA,ASO,ES,Towers with Radar,0,48,96,0,144,0,1,13,0,14,0,49,109,0,158,100,0,100,258
03/20/2021,PDK,GA,ASO,ES,Towers with Radar,0,37,80,0,117,0,0,185,4,189,0,37,265,4,306,132,0,132,438
03/21/2021,PDK,GA,ASO,ES,Towers with Radar,1,61,119,0,181,0,4,121,0,125,1,65,240,0,306,190,0,190,496
03/22/2021,PDK,GA,ASO,ES,Towers with Radar,0,51,125,0,176,0,3,168,0,171,0,54,293,0,347,216,0,216,563
03/23/2021,PDK,GA,ASO,ES,Towers with Radar,0,54,129,0,183,0,2,121,0,123,0,56,250,0,306,140,0,140,446
03/24/2021,PDK,GA,ASO,ES,Towers with Radar,0,77,165,0,242,0,3,106,2,111,0,80,271,2,353,176,0,176,529
03/25/2021,PDK,GA,ASO,ES,Towers with Radar,0,56,111,0,167,0,1,33,0,34,0,57,144,0,201,62,0,62,263
03/26/2021,PDK,GA,ASO,ES,Towers with Radar,0,68,147,0,215,0,3,121,0,124,0,71,268,0,339,204,0,204,543
03/27/2021,PDK,GA,ASO,ES,Towers with Radar,0,36,92,0,128,0,0,50,0,50,0,36,142,0,178,46,0,46,224
03/28/2021,PDK,GA,ASO,ES,Towers with Radar,0,48,102,0,150,0,2,22,0,24,0,50,124,0,174,6,0,6,180
03/29/2021,PDK,GA,ASO,ES,Towers with Radar,0,58,112,1,171,0,4,226,4,234,0,62,338,5,405,218,0,218,623
03/30/2021,PDK,GA,ASO,ES,Towers with Radar,0,61,158,2,221,0,2,123,2,127,0,63,281,4,348,176,0,176,524
03/31/2021,PDK,GA,ASO,ES,Towers with Radar,0,42,107,0,149,0,1,4,0,5,0,43,111,0,154,18,0,18,172
04/01/2021,PDK,GA,ASO,ES,Towers with Radar,0,103,146,1,250,0,6,62,0,68,0,109,208,1,318,12,0,12,330
04/02/2021,PDK,GA,ASO,ES,Towers with Radar,0,96,133,0,229,0,6,183,0,189,0,102,316,0,418,172,0,172,590
04/03/2021,PDK,GA,ASO,ES,Towers with Radar,0,48,63,0,111,0,0,161,2,163,0,48,224,2,274,242,0,242,516
04/04/2021,PDK,GA,ASO,ES,Towers with Radar,0,63,89,0,152,0,4,155,2,161,0,67,244,2,313,244,0,244,557
04/05/2021,PDK,GA,ASO,ES,Towers with Radar,0,91,170,0,261,0,3,193,2,198,0,94,363,2,459,40,0,40,499
04/06/2021,PDK,GA,ASO,ES,Towers with Radar,0,71,145,4,220,0,6,143,0,149,0,77,288,4,369,6,0,6,375
04/07/2021,PDK,GA,ASO,ES,Towers with Radar,0,76,143,1,220,0,7,168,1,176,0,83,311,2,396,8,0,8,404
04/08/2021,PDK,GA,ASO,ES,Towers with Radar,0,89,131,2,222,0,0,93,0,93,0,89,224,2,315,20,0,20,335
04/09/2021,PDK,GA,ASO,ES,Towers with Radar,0,72,119,0,191,0,4,80,0,84,0,76,199,0,275,30,0,30,305
04/10/2021,PDK,GA,ASO,ES,Towers with Radar,0,61,83,0,144,0,1,30,0,31,0,62,113,0,175,12,0,12,187
04/11/2021,PDK,GA,ASO,ES,Towers with Radar,1,53,150,0,204,0,4,151,0,155,1,57,301,0,359,72,0,72,431
04/12/2021,PDK,GA,ASO,ES,Towers with Radar,0,70,152,2,224,0,5,145,0,150,0,75,297,2,374,26,0,26,400
04/13/2021,PDK,GA,ASO,ES,Towers with Radar,0,52,121,0,173,0,10,194,4,208,0,62,315,4,381,43,0,43,424
04/14/2021,PDK,GA,ASO,ES,Towers with Radar,0,54,176,0,230,0,3,123,0,126,0,57,299,0,356,22,0,22,378
04/15/2021,PDK,GA,ASO,ES,Towers with Radar,0,92,184,0,276,0,5,109,0,114,0,97,293,0,390,10,0,10,400
04/16/2021,PDK,GA,ASO,ES,Towers with Radar,1,70,154,1,226,0,3,216,1,220,1,73,370,2,446,16,0,16,462
04/17/2021,PDK,GA,ASO,ES,Towers with Radar,0,60,96,4,160,0,4,142,3,149,0,64,238,7,309,20,2,22,331
04/18/2021,PDK,GA,ASO,ES,Towers with Radar,0,87,135,8,230,0,5,203,6,214,0,92,338,14,444,30,0,30,474
04/19/2021,PDK,GA,ASO,ES,Towers with Radar,0,50,138,0,188,0,6,181,1,188,0,56,319,1,376,10,0,10,386
04/20/2021,PDK,GA,ASO,ES,Towers with Radar,0,52,117,0,169,0,4,185,2,191,0,56,302,2,360,24,0,24,384
04/21/2021,PDK,GA,ASO,ES,Towers with Radar,1,67,171,0,239,0,2,68,0,70,1,69,239,0,309,0,0,0,309
04/22/2021,PDK,GA,ASO,ES,Towers with Radar,0,108,188,0,296,0,8,187,0,195,0,116,375,0,491,0,0,0,491
04/23/2021,PDK,GA,ASO,ES,Towers with Radar,0,80,141,0,221,0,2,194,0,196,0,82,335,0,417,0,0,0,417
04/24/2021,PDK,GA,ASO,ES,Towers with Radar,0,22,57,0,79,0,0,3,0,3,0,22,60,0,82,0,0,0,82
04/25/2021,PDK,GA,ASO,ES,Towers with Radar,0,102,141,0,243,0,8,121,2,131,0,110,262,2,374,10,0,10,384
04/26/2021,PDK,GA,ASO,ES,Towers with Radar,1,83,154,0,238,0,6,163,2,171,1,89,317,2,409,10,0,10,419
04/27/2021,PDK,GA,ASO,ES,Towers with Radar,0,83,154,0,237,0,4,198,0,202,0,87,352,0,439,16,0,16,455
04/28/2021,PDK,GA,ASO,ES,Towers with Radar,0,94,203,0,297,0,5,179,2,186,0,99,382,2,483,12,0,12,495
04/29/2021,PDK,GA,ASO,ES,Towers with Radar,0,106,166,0,272,0,4,74,3,81,0,110,240,3,353,0,0,0,353
04/30/2021,PDK,GA,ASO,ES,Towers with Radar,0,88,132,0,220,0,6,113,0,119,0,94,245,0,339,6,0,6,345
05/01/2021,PDK,GA,ASO,ES,Towers with Radar,0,64,94,0,158,0,2,233,1,236,0,66,327,1,394,48,0,48,442
05/02/2021,PDK,GA,ASO,ES,Towers with Radar,0,99,169,0,268,0,7,148,1,156,0,106,317,1,424,0,0,0,424
05/03/2021,PDK,GA,ASO,ES,Towers with Radar,0,62,96,0,158,0,0,3,0,3,0,62,99,0,161,0,0,0,161
05/04/2021,PDK,GA,ASO,ES,Towers with Radar,0,54,107,0,161,0,0,7,0,7,0,54,114,0,168,2,0,2,170
05/05/2021,PDK,GA,ASO,ES,Towers with Radar,0,79,207,0,286,0,7,83,0,90,0,86,290,0,376,8,0,8,384
05/06/2021,PDK,GA,ASO,ES,Towers with Radar,0,66,124,0,190,0,3,175,2,180,0,69,299,2,370,4,0,4,374
05/07/2021,PDK,GA,ASO,ES,Towers with Radar,0,69,141,0,210,0,4,102,0,106,0,73,243,0,316,16,0,16,332
05/08/2021,PDK,GA,ASO,ES,Towers with Radar,0,42,95,0,137,0,4,211,2,217,0,46,306,2,354,2,0,2,356
05/09/2021,PDK,GA,ASO,ES,Towers with Radar,0,51,101,0,152,0,2,101,0,103,0,53,202,0,255,10,0,10,265
05/10/2021,PDK,GA,ASO,ES,Towers with Radar,0,68,138,0,206,0,1,32,4,37,0,69,170,4,243,0,0,0,243
05/11/2021,PDK,GA,ASO,ES,Towers with Radar,0,67,131,0,198,0,3,139,1,143,0,70,270,1,341,4,0,4,345
05/12/2021,PDK,GA,ASO,ES,Towers with Radar,0,64,145,0,209,0,1,5,0,6,0,65,150,0,215,0,0,0,215
05/13/2021,PDK,GA,ASO,ES,Towers with Radar,0,83,141,1,225,0,10,178,1,189,0,93,319,2,414,14,0,14,428
05/14/2021,PDK,GA,ASO,ES,Towers with Radar,1,61,143,0,205,0,7,212,0,219,1,68,355,0,424,4,0,4,428
05/15/2021,PDK,GA,ASO,ES,Towers with Radar,1,50,83,0,134,0,3,222,0,225,1,53,305,0,359,6,0,6,365
05/16/2021,PDK,GA,ASO,ES,Towers with Radar,1,68,135,1,205,0,4,178,0,182,1,72,313,1,387,0,0,0,387
05/17/2021,PDK,GA,ASO,ES,Towers with Radar,0,58,117,0,175,0,2,179,2,183,0,60,296,2,358,16,0,16,374
05/18/2021,PDK,GA,ASO,ES,Towers with Radar,0,62,118,4,184,0,1,170,3,174,0,63,288,7,358,8,1,9,367
05/19/2021,PDK,GA,ASO,ES,Towers with Radar,0,66,161,0,227,0,6,135,0,141,0,72,296,0,368,6,0,6,374
05/20/2021,PDK,GA,ASO,ES,Towers with Radar,0,86,155,3,244,0,7,128,0,135,0,93,283,3,379,8,0,8,387
05/21/2021,PDK,GA,ASO,ES,Towers with Radar,0,76,139,2,217,0,3,208,0,211,0,79,347,2,428,28,0,28,456
05/22/2021,PDK,GA,ASO,ES,Towers with Radar,0,54,81,1,136,0,2,222,1,225,0,56,303,2,361,0,0,0,361
05/23/2021,PDK,GA,ASO,ES,Towers with Radar,0,60,117,0,177,0,5,217,2,224,0,65,334,2,401,10,0,10,411
05/24/2021,PDK,GA,ASO,ES,Towers with Radar,0,62,116,0,178,0,6,186,2,194,0,68,302,2,372,164,0,164,536
05/25/2021,PDK,GA,ASO,ES,Towers with Radar,0,78,112,0,190,0,0,192,0,192,0,78,304,0,382,158,0,158,540
05/26/2021,PDK,GA,ASO,ES,Towers with Radar,0,94,141,3,238,0,7,196,3,206,0,101,337,6,444,156,0,156,600
05/27/2021,PDK,GA,ASO,ES,Towers with Radar,0,89,197,2,288,0,3,165,0,168,0,92,362,2,456,165,0,165,621
05/28/2021,PDK,GA,ASO,ES,Towers with Radar,0,64,144,1,209,0,3,137,0,140,0,67,281,1,349,70,0,70,419
05/29/2021,PDK,GA,ASO,ES,Towers with Radar,0,64,88,0,152,0,5,97,0,102,0,69,185,0,254,152,0,152,406
05/30/2021,PDK,GA,ASO,ES,Towers with Radar,0,36,59,0,95,0,2,165,0,167,0,38,224,0,262,172,0,172,434
05/31/2021,PDK,GA,ASO,ES,Towers with Radar,1,47,129,0,177,0,4,154,2,160,1,51,283,2,337,178,0,178,515
06/01/2021,PDK,GA,ASO,ES,Towers with Radar,0,85,152,0,237,0,2,200,0,202,0,87,352,0,439,208,0,208,647
06/02/2021,PDK,GA,ASO,ES,Towers with Radar,1,66,169,0,236,0,3,135,1,139,1,69,304,1,375,146,0,146,521
06/03/2021,PDK,GA,ASO,ES,Towers with Radar,0,82,148,0,230,0,1,123,0,124,0,83,271,0,354,227,0,227,581
06/04/2021,PDK,GA,ASO,ES,Towers with Radar,0,74,143,0,217,0,1,181,3,185,0,75,324,3,402,147,0,147,549
06/05/2021,PDK,GA,ASO,ES,Towers with Radar,0,61,105,0,166,0,6,158,1,165,0,67,263,1,331,214,0,214,545
06/06/2021,PDK,GA,ASO,ES,Towers with Radar,0,70,156,0,226,0,2,74,0,76,0,72,230,0,302,178,0,178,480
06/07/2021,PDK,GA,ASO,ES,Towers with Radar,0,63,127,0,190,0,2,24,0,26,0,65,151,0,216,75,0,75,291
06/08/2021,PDK,GA,ASO,ES,Towers with Radar,0,57,168,2,227,0,0,47,0,47,0,57,215,2,274,194,0,194,468
06/09/2021,PDK,GA,ASO,ES,Towers with Radar,0,76,211,0,287,0,1,59,0,60,0,77,270,0,347,176,0,176,523
06/10/2021,PDK,GA,ASO,ES,Towers with Radar,0,80,201,0,281,0,2,45,0,47,0,82,246,0,328,190,0,190,518
06/11/2021,PDK,GA,ASO,ES,Towers with Radar,0,79,180,0,259,0,1,44,0,45,0,80,224,0,304,22,0,22,326
06/12/2021,PDK,GA,ASO,ES,Towers with Radar,1,47,105,0,153,0,2,138,2,142,1,49,243,2,295,88,0,88,383
06/13/2021,PDK,GA,ASO,ES,Towers with Radar,0,85,167,2,254,0,3,156,4,163,0,88,323,6,417,164,0,164,581
06/14/2021,PDK,GA,ASO,ES,Towers with Radar,0,70,115,2,187,0,6,148,0,154,0,76,263,2,341,128,0,128,469
06/15/2021,PDK,GA,ASO,ES,Towers with Radar,0,64,118,0,182,0,1,159,0,160,0,65,277,0,342,108,0,108,450
06/16/2021,PDK,GA,ASO,ES,Towers with Radar,0,84,150,2,236,0,3,263,0,266,0,87,413,2,502,139,0,139,641
06/17/2021,PDK,GA,ASO,ES,Towers with Radar,0,29,89,0,118,0,6,239,0,245,0,35,328,0,363,22,0,22,385
06/18/2021,PDK,GA,ASO,ES,Towers with Radar,0,33,81,0,114,0,8,224,0,232,0,41,305,0,346,56,0,56,402
06/19/2021,PDK,GA,ASO,ES,Towers with Radar,0,11,47,0,58,0,5,73,0,78,0,16,120,0,136,106,0,106,242
06/20/2021,PDK,GA,ASO,ES,Towers with Radar,1,26,59,0,86,0,3,22,0,25,1,29,81,0,111,4,0,4,115
06/21/2021,PDK,GA,ASO,ES,Towers with Radar,0,61,132,0,193,0,2,52,0,54,0,63,184,0,247,184,0,184,431
06/22/2021,PDK,GA,ASO,ES,Towers with Radar,0,45,127,0,172,0,3,87,2,92,0,48,214,2,264,78,0,78,342
06/23/2021,PDK,GA,ASO,ES,Towers with Radar,0,50,138,3,191,0,5,259,0,264,0,55,397,3,455,252,0,252,707
06/24/2021,PDK,GA,ASO,ES,Towers with Radar,0,26,98,0,124,0,0,153,0,153,0,26,251,0,277,134,0,134,411
06/25/2021,PDK,GA,ASO,ES,Towers with Radar,0,40,86,0,126,0,4,227,4,235,0,44,313,4,361,121,0,121,482
06/26/2021,PDK,GA,ASO,ES,Towers with Radar,0,15,79,0,94,0,4,183,2,189,0,19,262,2,283,56,0,56,339
06/27/2021,PDK,GA,ASO,ES,Towers with Radar,0,17,90,0,107,0,4,102,2,108,0,21,192,2,215,62,0,62,277
06/28/2021,PDK,GA,ASO,ES,Towers with Radar,0,75,109,0,184,0,4,230,0,234,0,79,339,0,418,325,0,325,743
06/29/2021,PDK,GA,ASO,ES,Towers with Radar,0,82,141,0,223,0,3,58,0,61,0,85,199,0,284,152,0,152,436
06/30/2021,PDK,GA,ASO,ES,Towers with Radar,1,61,114,2,178,0,2,231,0,233,1,63,345,2,411,263,0,263,674
07/01/2021,PDK,GA,ASO,ES,Towers with Radar,0,86,160,0,246,0,4,183,0,187,0,90,343,0,433,334,0,334,767
07/02/2021,PDK,GA,ASO,ES,Towers with Radar,0,52,123,0,175,0,3,41,0,44,0,55,164,0,219,32,0,32,251
07/03/2021,PDK,GA,ASO,ES,Towers with Radar,0,53,87,0,140,0,5,176,0,181,0,58,263,0,321,246,0,246,567
07/04/2021,PDK,GA,ASO,ES,Towers with Radar,0,35,44,0,79,0,3,114,2,119,0,38,158,2,198,156,0,156,354
07/05/2021,PDK,GA,ASO,ES,Towers with Radar,0,70,98,0,168,0,8,134,0,142,0,78,232,0,310,216,0,216,526
07/06/2021,PDK,GA,ASO,ES,Towers with Radar,0,67,120,0,187,0,2,204,2,208,0,69,324,2,395,183,0,183,578
07/07/2021,PDK,GA,ASO,ES,Towers with Radar,0,61,109,0,170,0,4,98,0,102,0,65,207,0,272,226,0,226,498
07/08/2021,PDK,GA,ASO,ES,Towers with Radar,0,75,124,0,199,0,2,118,0,120,0,77,242,0,319,154,0,154,473
07/09/2021,PDK,GA,ASO,ES,Towers with Radar,0,56,128,0,184,0,4,50,0,54,0,60,178,0,238,117,0,117,355
07/10/2021,PDK,GA,ASO,ES,Towers with Radar,0,55,118,2,175,0,0,88,0,88,0,55,206,2,263,184,0,184,447
07/11/2021,PDK,GA,ASO,ES,Towers with Radar,0,61,127,2,190,0,2,72,0,74,0,63,199,2,264,152,0,152,416
07/12/2021,PDK,GA,ASO,ES,Towers with Radar,0,59,129,0,188,0,1,68,2,71,0,60,197,2,259,154,0,154,413
07/13/2021,PDK,GA,ASO,ES,Towers with Radar,0,72,160,0,232,0,3,109,0,112,0,75,269,0,344,218,0,218,562
07/14/2021,PDK,GA,ASO,ES,Towers with Radar,0,81,180,0,261,0,6,195,0,201,0,87,375,0,462,278,0,278,740
07/15/2021,PDK,GA,ASO,ES,Towers with Radar,0,78,186,0,264,0,6,224,1,231,0,84,410,1,495,175,0,175,670
07/16/2021,PDK,GA,ASO,ES,Towers with Radar,1,56,176,1,234,0,6,140,0,146,1,62,316,1,380,186,0,186,566
07/17/2021,PDK,GA,ASO,ES,Towers with Radar,0,73,89,0,162,0,0,199,0,199,0,73,288,0,361,138,0,138,499
07/18/2021,PDK,GA,ASO,ES,Towers with Radar,0,69,130,1,200,0,3,106,0,109,0,72,236,1,309,187,0,187,496
07/19/2021,PDK,GA,ASO,ES,Towers with Radar,0,85,138,0,223,0,0,4,0,4,0,85,142,0,227,21,0,21,248
07/20/2021,PDK,GA,ASO,ES,Towers with Radar,0,87,163,0,250,0,0,10,0,10,0,87,173,0,260,10,0,10,270
07/21/2021,PDK,GA,ASO,ES,Towers with Radar,0,77,163,0,240,0,3,82,1,86,0,80,245,1,326,256,0,256,582
07/22/2021,PDK,GA,ASO,ES,Towers with Radar,0,67,156,2,225,0,13,247,0,260,0,80,403,2,485,176,0,176,661
07/23/2021,PDK,GA,ASO,ES,Towers with Radar,0,77,163,3,243,0,6,181,3,190,0,83,344,6,433,258,0,258,691
07/24/2021,PDK,GA,ASO,ES,Towers with Radar,0,64,85,5,154,0,4,156,0,160,0,68,241,5,314,174,0,174,488
07/25/2021,PDK,GA,ASO,ES,Towers with Radar,0,82,147,1,230,0,3,122,2,127,0,85,269,3,357,252,0,252,609
07/26/2021,PDK,GA,ASO,ES,Towers with Radar,0,66,118,0,184,0,2,116,0,118,0,68,234,0,302,187,0,187,489
07/27/2021,PDK,GA,ASO,ES,Towers with Radar,0,75,143,0,218,0,3,105,0,108,0,78,248,0,326,186,0,186,512
07/28/2021,PDK,GA,ASO,ES,Towers with Radar,1,82,149,0,232,0,7,157,4,168,1,89,306,4,400,188,0,188,588
07/29/2021,PDK,GA,ASO,ES,Towers with Radar,0,87,149,3,239,0,6,223,0,229,0,93,372,3,468,218,0,218,686
07/30/2021,PDK,GA,ASO,ES,Towers with Radar,0,63,143,4,210,0,3,152,0,155,0,66,295,4,365,268,0,268,633
07/31/2021,PDK,GA,ASO,ES,Towers with Radar,0,54,110,0,164,0,4,181,2,187,0,58,291,2,351,86,0,86,437
08/01/2021,PDK,GA,ASO,ES,Towers with Radar,0,86,119,0,205,0,4,119,0,123,0,90,238,0,328,124,0,124,452
08/02/2021,PDK,GA,ASO,ES,Towers with Radar,1,100,127,0,228,0,6,169,6,181,1,106,296,6,409,256,0,256,665
08/03/2021,PDK,GA,ASO,ES,Towers with Radar,0,71,123,4,198,0,5,122,0,127,0,76,245,4,325,223,0,223,548
08/04/2021,PDK,GA,ASO,ES,Towers with Radar,0,83,148,3,234,0,8,172,1,181,0,91,320,4,415,261,0,261,676
08/05/2021,PDK,GA,ASO,ES,Towers with Radar,0,79,150,0,229,0,7,181,0,188,0,86,331,0,417,234,0,234,651
08/06/2021,PDK,GA,ASO,ES,Towers with Radar,0,75,118,0,193,0,2,180,0,182,0,77,298,0,375,208,0,208,583
08/07/2021,PDK,GA,ASO,ES,Towers with Radar,1,49,85,0,135,0,2,146,0,148,1,51,231,0,283,269,0,269,552
08/08/2021,PDK,GA,ASO,ES,Towers with Radar,0,63,116,4,183,0,2,196,0,198,0,65,312,4,381,160,0,160,541
08/09/2021,PDK,GA,ASO,ES,Towers with Radar,0,56,116,0,172,0,2,171,0,173,0,58,287,0,345,189,0,189,534
08/10/2021,PDK,GA,ASO,ES,Towers with Radar,0,74,114,0,188,0,2,159,0,161,0,76,273,0,349,252,0,252,601
08/11/2021,PDK,GA,ASO,ES,Towers with Radar,2,47,151,2,202,0,3,113,0,116,2,50,264,2,318,162,0,162,480
08/12/2021,PDK,GA,ASO,ES,Towers with Radar,0,75,134,0,209,0,5,223,0,228,0,80,357,0,437,200,0,200,637
08/13/2021,PDK,GA,ASO,ES,Towers with Radar,0,87,118,4,209,0,4,175,0,179,0,91,293,4,388,274,0,274,662
08/14/2021,PDK,GA,ASO,ES,Towers with Radar,0,28,72,0,100,0,7,173,0,180,0,35,245,0,280,134,0,134,414
08/15/2021,PDK,GA,ASO,ES,Towers with Radar,2,65,132,0,199,0,2,56,0,58,2,67,188,0,257,146,0,146,403
08/16/2021,PDK,GA,ASO,ES,Towers with Radar,0,45,118,0,163,0,1,44,0,45,0,46,162,0,208,84,0,84,292
08/17/2021,PDK,GA,ASO,ES,Towers with Radar,0,56,82,0,138,0,1,9,0,10,0,57,91,0,148,0,0,0,148
08/18/2021,PDK,GA,ASO,ES,Towers with Radar,0,69,151,2,222,0,3,174,0,177,0,72,325,2,399,319,0,319,718
08/19/2021,PDK,GA,ASO,ES,Towers with Radar,0,74,137,0,211,0,2,138,0,140,0,76,275,0,351,146,0,146,497
08/20/2021,PDK,GA,ASO,ES,Towers with Radar,0,53,133,2,188,0,3,90,0,93,0,56,223,2,281,246,0,246,527
08/21/2021,PDK,GA,ASO,ES,Towers with Radar,0,39,89,0,128,0,3,56,0,59,0,42,145,0,187,92,0,92,279
08/22/2021,PDK,GA,ASO,ES,Towers with Radar,0,50,115,0,165,0,1,33,0,34,0,51,148,0,199,74,0,74,273
08/23/2021,PDK,GA,ASO,ES,Towers with Radar,0,59,153,0,212,0,4,167,0,171,0,63,320,0,383,116,0,116,499
08/24/2021,PDK,GA,ASO,ES,Towers with Radar,0,52,132,0,184,0,7,174,0,181,0,59,306,0,365,60,0,60,425
08/25/2021,PDK,GA,ASO,ES,Towers with Radar,0,61,145,0,206,0,2,163,0,165,0,63,308,0,371,84,0,84,455
08/26/2021,PDK,GA,ASO,ES,Towers with Radar,0,61,169,0,230,0,4,149,0,153,0,65,318,0,383,132,0,132,515
08/27/2021,PDK,GA,ASO,ES,Towers with Radar,0,60,127,0,187,0,6,160,0,166,0,66,287,0,353,142,0,142,495
08/28/2021,PDK,GA,ASO,ES,Towers with Radar,0,33,103,2,138,0,0,124,0,124,0,33,227,2,262,112,0,112,374
08/29/2021,PDK,GA,ASO,ES,Towers with Radar,0,57,122,2,181,0,2,115,0,117,0,59,237,2,298,98,0,98,396
08/30/2021,PDK,GA,ASO,ES,Towers with Radar,0,63,116,0,179,0,5,99,0,104,0,68,215,0,283,192,0,192,475
08/31/2021,PDK,GA,ASO,ES,Towers with Radar,0,53,89,0,142,0,0,2,0,2,0,53,91,0,144,0,0,0,144
09/01/2021,PDK,GA,ASO,ES,Towers with Radar,1,67,157,0,225,0,6,106,0,112,1,73,263,0,337,118,0,118,455
09/02/2021,PDK,GA,ASO,ES,Towers with Radar,0,76,196,0,272,0,15,218,0,233,0,91,414,0,505,170,0,170,675
09/03/2021,PDK,GA,ASO,ES,Towers with Radar,1,102,204,0,307,0,7,240,0,247,1,109,444,0,554,154,0,154,708
09/04/2021,PDK,GA,ASO,ES,Towers with Radar,0,62,115,0,177,0,4,181,0,185,0,66,296,0,362,142,0,142,504
09/05/2021,PDK,GA,ASO,ES,Towers with Radar,0,85,74,0,159,0,4,185,2,191,0,89,259,2,350,120,0,120,470
09/06/2021,PDK,GA,ASO,ES,Towers with Radar,0,88,141,0,229,0,1,76,0,77,0,89,217,0,306,194,0,194,500
09/07/2021,PDK,GA,ASO,ES,Towers with Radar,0,83,165,0,248,0,0,44,0,44,0,83,209,0,292,64,0,64,356
09/08/2021,PDK,GA,ASO,ES,Towers with Radar,0,54,140,0,194,0,0,50,1,51,0,54,190,1,245,100,0,100,345
09/09/2021,PDK,GA,ASO,ES,Towers with Radar,0,74,146,1,221,0,4,143,0,147,0,78,289,1,368,95,0,95,463
09/10/2021,PDK,GA,ASO,ES,Towers with Radar,0,58,140,6,204,0,3,198,0,201,0,61,338,6,405,222,0,222,627
09/11/2021,PDK,GA,ASO,ES,Towers with Radar,0,43,109,0,152,0,4,178,0,182,0,47,287,0,334,180,0,180,514
09/12/2021,PDK,GA,ASO,ES,Towers with Radar,0,93,128,1,222,0,2,171,0,173,0,95,299,1,395,148,0,148,543
09/13/2021,PDK,GA,ASO,ES,Towers with Radar,0,67,138,0,205,0,9,159,4,172,0,76,297,4,377,200,0,200,577
09/14/2021,PDK,GA,ASO,ES,Towers with Radar,0,66,134,1,201,0,4,181,4,189,0,70,315,5,390,66,0,66,456
09/15/2021,PDK,GA,ASO,ES,Towers with Radar,1,72,159,0,232,0,1,62,0,63,1,73,221,0,295,128,0,128,423
09/16/2021,PDK,GA,ASO,ES,Towers with Radar,0,69,156,0,225,0,2,9,0,11,0,71,165,0,236,10,0,10,246
09/17/2021,PDK,GA,ASO,ES,Towers with Radar,0,55,159,2,216,0,2,34,2,38,0,57,193,4,254,142,0,142,396
09/18/2021,PDK,GA,ASO,ES,Towers with Radar,1,48,70,0,119,0,4,126,0,130,1,52,196,0,249,210,0,210,459
09/19/2021,PDK,GA,ASO,ES,Towers with Radar,0,72,134,0,206,0,0,38,0,38,0,72,172,0,244,38,0,38,282
09/20/2021,PDK,GA,ASO,ES,Towers with Radar,0,63,135,2,200,0,0,0,0,0,0,63,135,2,200,0,0,0,200
09/21/2021,PDK,GA,ASO,ES,Towers with Radar,0,46,157,0,203,0,3,34,0,37,0,49,191,0,240,66,0,66,306
09/22/2021,PDK,GA,ASO,ES,Towers with Radar,0,51,155,0,206,0,3,35,0,38,0,54,190,0,244,42,0,42,286
09/23/2021,PDK,GA,ASO,ES,Towers with Radar,0,84,177,0,261,0,7,183,2,192,0,91,360,2,453,82,0,82,535
09/24/2021,PDK,GA,ASO,ES,Towers with Radar,0,78,188,2,268,0,4,208,0,212,0,82,396,2,480,186,0,186,666
09/25/2021,PDK,GA,ASO,ES,Towers with Radar,0,45,117,0,162,0,3,224,0,227,0,48,341,0,389,210,0,210,599
09/26/2021,PDK,GA,ASO,ES,Towers with Radar,1,84,136,0,221,0,10,246,2,258,1,94,382,2,479,112,0,112,591
09/27/2021,PDK,GA,ASO,ES,Towers with Radar,0,52,127,2,181,0,2,172,0,174,0,54,299,2,355,112,0,112,467
09/28/2021,PDK,GA,ASO,ES,Towers with Radar,0,75,154,0,229,0,9,208,0,217,0,84,362,0,446,174,0,174,620
09/29/2021,PDK,GA,ASO,ES,Towers with Radar,0,86,148,0,234,0,5,203,2,210,0,91,351,2,444,124,0,124,568
09/30/2021,PDK,GA,ASO,ES,Towers with Radar,1,114,203,1,319,0,6,185,2,193,1,120,388,3,512,209,0,209,721
10/01/2021,PDK,GA,ASO,ES,Towers with Radar,0,84,148,5,237,0,3,228,3,234,0,87,376,8,471,90,0,90,561
10/02/2021,PDK,GA,ASO,ES,Towers with Radar,0,57,118,0,175,0,14,114,0,128,0,71,232,0,303,196,0,196,499
10/03/2021,PDK,GA,ASO,ES,Towers with Radar,0,95,168,0,263,0,0,80,2,82,0,95,248,2,345,208,0,208,553
10/04/2021,PDK,GA,ASO,ES,Towers with Radar,0,61,143,0,204,0,1,30,0,31,0,62,173,0,235,122,0,122,357
10/05/2021,PDK,GA,ASO,ES,Towers with Radar,0,57,136,0,193,0,0,5,0,5,0,57,141,0,198,28,0,28,226
10/06/2021,PDK,GA,ASO,ES,Towers with Radar,0,75,177,0,252,0,0,18,0,18,0,75,195,0,270,28,0,28,298
10/07/2021,PDK,GA,ASO,ES,Towers with Radar,0,77,174,0,251,0,0,28,0,28,0,77,202,0,279,64,0,64,343
10/08/2021,PDK,GA,ASO,ES,Towers with Radar,0,52,106,0,158,0,4,87,0,91,0,56,193,0,249,112,0,112,361
10/09/2021,PDK,GA,ASO,ES,Towers with Radar,2,47,119,0,168,0,4,171,0,175,2,51,290,0,343,158,0,158,501
10/10/2021,PDK,GA,ASO,ES,Towers with Radar,0,42,143,0,185,0,6,188,0,194,0,48,331,0,379,146,0,146,525
10/11/2021,PDK,GA,ASO,ES,Towers with Radar,0,80,178,0,258,0,4,173,0,177,0,84,351,0,435,146,0,146,581
10/12/2021,PDK,GA,ASO,ES,Towers with Radar,0,71,215,0,286,0,3,64,0,67,0,74,279,0,353,117,0,117,470
10/13/2021,PDK,GA,ASO,ES,Towers with Radar,0,68,185,0,253,0,5,147,0,152,0,73,332,0,405,126,0,126,531
10/14/2021,PDK,GA,ASO,ES,Towers with Radar,1,87,168,0,256,0,7,196,0,203,1,94,364,0,459,140,0,140,599
10/15/2021,PDK,GA,ASO,ES,Towers with Radar,1,66,144,0,211,0,4,204,0,208,1,70,348,0,419,170,0,170,589
10/16/2021,PDK,GA,ASO,ES,Towers with Radar,0,53,85,0,138,0,4,80,2,86,0,57,165,2,224,36,0,36,260
10/17/2021,PDK,GA,ASO,ES,Towers with Radar,0,61,144,0,205,0,7,197,0,204,0,68,341,0,409,86,0,86,495
10/18/2021,PDK,GA,ASO,ES,Towers with Radar,0,85,151,0,236,0,7,171,0,178,0,92,322,0,414,200,0,200,614
10/19/2021,PDK,GA,ASO,ES,Towers with Radar,0,67,165,4,236,0,8,163,0,171,0,75,328,4,407,148,0,148,555
10/20/2021,PDK,GA,ASO,ES,Towers with Radar,0,77,168,0,245,0,6,213,2,221,0,83,381,2,466,164,0,164,630
10/21/2021,PDK,GA,ASO,ES,Towers with Radar,0,100,229,0,329,0,4,123,0,127,0,104,352,0,456,124,0,124,580
10/22/2021,PDK,GA,ASO,ES,Towers with Radar,0,90,190,0,280,0,1,183,0,184,0,91,373,0,464,90,0,90,554
10/23/2021,PDK,GA,ASO,ES,Towers with Radar,0,65,107,0,172,0,6,205,0,211,0,71,312,0,383,192,0,192,575
10/24/2021,PDK,GA,ASO,ES,Towers with Radar,1,89,120,0,210,0,8,163,0,171,1,97,283,0,381,184,0,184,565
10/25/2021,PDK,GA,ASO,ES,Towers with Radar,0,83,152,2,237,0,1,101,2,104,0,84,253,4,341,212,0,212,553
10/26/2021,PDK,GA,ASO,ES,Towers with Radar,0,71,154,0,225,0,8,110,0,118,0,79,264,0,343,58,0,58,401
10/27/2021,PDK,GA,ASO,ES,Towers with Radar,0,85,197,0,282,0,7,198,2,207,0,92,395,2,489,171,0,171,660
10/28/2021,PDK,GA,ASO,ES,Towers with Radar,0,69,151,0,220,0,0,4,0,4,0,69,155,0,224,10,0,10,234
10/29/2021,PDK,GA,ASO,ES,Towers with Radar,1,89,222,0,312,0,0,30,0,30,1,89,252,0,342,26,0,26,368
10/30/2021,PDK,GA,ASO,ES,Towers with Radar,0,60,136,0,196,0,0,3,0,3,0,60,139,0,199,38,0,38,237
10/31/2021,PDK,GA,ASO,ES,Towers with Radar,0,76,219,0,295,0,4,76,2,82,0,80,295,2,377,126,0,126,503
11/01/2021,PDK,GA,ASO,ES,Towers with Radar,0,86,174,0,260,1,2,159,0,162,1,88,333,0,422,160,0,160,582
11/02/2021,PDK,GA,ASO,ES,Towers with Radar,0,66,133,0,199,0,8,187,2,197,0,74,320,2,396,152,0,152,548
11/03/2021,PDK,GA,ASO,ES,Towers with Radar,0,81,139,0,220,0,8,156,0,164,0,89,295,0,384,172,0,172,556
11/04/2021,PDK,GA,ASO,ES,Towers with Radar,0,86,191,0,277,0,0,6,0,6,0,86,197,0,283,0,0,0,283
11/05/2021,PDK,GA,ASO,ES,Towers with Radar,1,98,208,0,307,0,5,191,2,198,1,103,399,2,505,154,0,154,659
11/06/2021,PDK,GA,ASO,ES,Towers with Radar,0,54,81,0,135,0,4,200,2,206,0,58,281,2,341,164,0,164,505
11/07/2021,PDK,GA,ASO,ES,Towers with Radar,0,73,148,2,223,0,0,219,2,221,0,73,367,4,444,120,0,120,564
11/08/2021,PDK,GA,ASO,ES,Towers with Radar,0,88,107,1,196,0,4,178,0,182,0,92,285,1,378,159,0,159,537
11/09/2021,PDK,GA,ASO,ES,Towers with Radar,0,92,160,2,254,0,6,161,1,168,0,98,321,3,422,140,0,140,562
11/10/2021,PDK,GA,ASO,ES,Towers with Radar,0,87,168,0,255,0,3,186,2,191,0,90,354,2,446,144,0,144,590
11/11/2021,PDK,GA,ASO,ES,Towers with Radar,0,94,192,0,286,0,1,49,0,50,0,95,241,0,336,170,0,170,506
11/12/2021,PDK,GA,ASO,ES,Towers with Radar,0,94,175,4,273,0,3,193,0,196,0,97,368,4,469,108,0,108,577
11/13/2021,PDK,GA,ASO,ES,Towers with Radar,0,52,98,0,150,0,5,181,0,186,0,57,279,0,336,96,0,96,432
11/14/2021,PDK,GA,ASO,ES,Towers with Radar,0,68,145,0,213,0,2,51,0,53,0,70,196,0,266,156,0,156,422
11/15/2021,PDK,GA,ASO,ES,Towers with Radar,0,83,141,0,224,0,4,178,0,182,0,87,319,0,406,98,0,98,504
11/16/2021,PDK,GA,ASO,ES,Towers with Radar,0,82,193,0,275,0,9,161,6,176,0,91,354,6,451,148,0,148,599
11/17/2021,PDK,GA,ASO,ES,Towers with Radar,0,85,163,0,248,0,0,140,0,140,0,85,303,0,388,68,0,68,456
11/18/2021,PDK,GA,ASO,ES,Towers with Radar,0,92,184,0,276,0,7,159,2,168,0,99,343,2,444,134,0,134,578
11/19/2021,PDK,GA,ASO,ES,Towers with Radar,0,90,180,0,270,0,2,204,2,208,0,92,384,2,478,98,0,98,576
11/20/2021,PDK,GA,ASO,ES,Towers with Radar,1,68,112,0,181,0,6,177,0,183,1,74,289,0,364,94,0,94,458
11/21/2021,PDK,GA,ASO,ES,Towers with Radar,0,66,120,0,186,0,2,70,2,74,0,68,190,2,260,116,0,116,376
11/22/2021,PDK,GA,ASO,ES,Towers with Radar,0,68,126,0,194,0,3,61,0,64,0,71,187,0,258,44,0,44,302
11/23/2021,PDK,GA,ASO,ES,Towers with Radar,0,88,165,0,253,0,5,207,2,214,0,93,372,2,467,64,0,64,531
11/24/2021,PDK,GA,ASO,ES,Towers with Radar,0,73,176,0,249,0,4,142,2,148,0,77,318,2,397,89,0,89,486
11/25/2021,PDK,GA,ASO,ES,Towers with Radar,0,21,35,0,56,0,4,62,0,66,0,25,97,0,122,14,0,14,136
11/26/2021,PDK,GA,ASO,ES,Towers with Radar,0,54,113,0,167,0,0,81,0,81,0,54,194,0,248,0,0,0,248
11/27/2021,PDK,GA,ASO,ES,Towers with Radar,1,102,121,0,224,0,6,153,0,159,1,108,274,0,383,134,0,134,517
11/28/2021,PDK,GA,ASO,ES,Towers with Radar,0,79,201,0,280,0,4,136,0,140,0,83,337,0,420,36,0,36,456
11/29/2021,PDK,GA,ASO,ES,Towers with Radar,0,92,154,0,246,0,2,119,0,121,0,94,273,0,367,44,0,44,411
11/30/2021,PDK,GA,ASO,ES,Towers with Radar,1,89,183,1,274,0,6,126,0,132,1,95,309,1,406,115,0,115,521
12/01/2021,PDK,GA,ASO,ES,Towers with Radar,0,70,194,3,267,0,0,128,4,132,0,70,322,7,399,156,0,156,555
12/02/2021,PDK,GA,ASO,ES,Towers with Radar,0,99,162,2,263,0,7,167,4,178,0,106,329,6,441,66,0,66,507
12/03/2021,PDK,GA,ASO,ES,Towers with Radar,0,106,206,3,315,0,4,233,2,239,0,110,439,5,554,158,0,158,712
12/04/2021,PDK,GA,ASO,ES,Towers with Radar,0,74,184,0,258,0,2,183,0,185,0,76,367,0,443,179,0,179,622
12/05/2021,PDK,GA,ASO,ES,Towers with Radar,0,92,190,3,285,0,2,64,0,66,0,94,254,3,351,104,0,104,455
12/06/2021,PDK,GA,ASO,ES,Towers with Radar,1,70,135,0,206,0,1,1,0,2,1,71,136,0,208,0,0,0,208
12/07/2021,PDK,GA,ASO,ES,Towers with Radar,0,97,154,0,251,0,1,121,2,124,0,98,275,2,375,116,0,116,491
12/08/2021,PDK,GA,ASO,ES,Towers with Radar,0,95,158,0,253,0,1,45,0,46,0,96,203,0,299,32,0,32,331
12/09/2021,PDK,GA,ASO,ES,Towers with Radar,0,108,196,0,304,0,1,152,0,153,0,109,348,0,457,158,0,158,615
12/10/2021,PDK,GA,ASO,ES,Towers with Radar,0,56,67,0,123,0,0,0,0,0,0,56,67,0,123,0,0,0,123
12/11/2021,PDK,GA,ASO,ES,Towers with Radar,0,36,76,0,112,0,1,0,0,1,0,37,76,0,113,20,0,20,133
12/12/2021,PDK,GA,ASO,ES,Towers with Radar,0,72,141,0,213,0,4,181,0,185,0,76,322,0,398,160,0,160,558
12/13/2021,PDK,GA,ASO,ES,Towers with Radar,0,96,147,0,243,0,6,206,0,212,0,102,353,0,455,168,0,168,623
12/14/2021,PDK,GA,ASO,ES,Towers with Radar,0,88,151,0,239,0,3,232,0,235,0,91,383,0,474,110,0,110,584
12/15/2021,PDK,GA,ASO,ES,Towers with Radar,0,96,181,0,277,0,7,150,0,157,0,103,331,0,434,262,0,262,696
12/16/2021,PDK,GA,ASO,ES,Towers with Radar,0,101,200,4,305,0,0,63,0,63,0,101,263,4,368,152,0,152,520
12/17/2021,PDK,GA,ASO,ES,Towers with Radar,1,69,179,2,251,0,1,47,0,48,1,70,226,2,299,90,0,90,389
12/18/2021,PDK,GA,ASO,ES,Towers with Radar,0,48,104,0,152,0,0,0,0,0,0,48,104,0,152,12,0,12,164
12/19/2021,PDK,GA,ASO,ES,Towers with Radar,1,64,135,0,200,0,3,37,0,40,1,67,172,0,240,19,0,19,259
12/20/2021,PDK,GA,ASO,ES,Towers with Radar,0,79,133,0,212,0,9,163,2,174,0,88,296,2,386,180,0,180,566
12/21/2021,PDK,GA,ASO,ES,Towers with Radar,0,54,123,2,179,0,0,49,0,49,0,54,172,2,228,132,0,132,360
12/22/2021,PDK,GA,ASO,ES,Towers with Radar,0,62,106,0,168,0,6,136,2,144,0,68,242,2,312,54,0,54,366
12/23/2021,PDK,GA,ASO,ES,Towers with Radar,1,56,124,0,181,0,3,208,0,211,1,59,332,0,392,144,0,144,536
12/24/2021,PDK,GA,ASO,ES,Towers with Radar,0,42,66,0,108,0,0,100,0,100,0,42,166,0,208,208,0,208,416
12/25/2021,PDK,GA,ASO,ES,Towers with Radar,0,41,28,0,69,0,2,25,0,27,0,43,53,0,96,0,0,0,96
12/26/2021,PDK,GA,ASO,ES,Towers with Radar,1,47,143,0,191,0,7,115,0,122,1,54,258,0,313,150,0,150,463
12/27/2021,PDK,GA,ASO,ES,Towers with Radar,0,68,143,0,211,0,3,52,0,55,0,71,195,0,266,56,0,56,322
12/28/2021,PDK,GA,ASO,ES,Towers with Radar,0,73,113,0,186,0,2,52,2,56,0,75,165,2,242,152,0,152,394
12/29/2021,PDK,GA,ASO,ES,Towers with Radar,0,54,114,0,168,0,0,32,0,32,0,54,146,0,200,62,0,62,262
12/30/2021,PDK,GA,ASO,ES,Towers with Radar,0,79,92,0,171,0,0,0,0,0,0,79,92,0,171,0,0,0,171
12/31/2021,PDK,GA,ASO,ES,Towers with Radar,0,30,71,0,101,0,0,13,0,13,0,30,84,0,114,0,0,0,114
01/01/2022,PDK,GA,ASO,ES,Towers with Radar,0,46,74,0,120,0,7,25,0,32,0,53,99,0,152,10,0,10,162
01/02/2022,PDK,GA,ASO,ES,Towers with Radar,0,58,102,0,160,0,0,12,0,12,0,58,114,0,172,30,0,30,202
01/03/2022,PDK,GA,ASO,ES,Towers with Radar,0,56,108,0,164,0,1,45,2,48,0,57,153,2,212,40,0,40,252
01/04/2022,PDK,GA,ASO,ES,Towers with Radar,0,62,94,0,156,0,3,172,0,175,0,65,266,0,331,131,0,131,462
01/05/2022,PDK,GA,ASO,ES,Towers with Radar,0,57,128,1,186,0,5,102,1,108,0,62,230,2,294,308,0,308,602
01/06/2022,PDK,GA,ASO,ES,Towers with Radar,0,44,118,2,164,0,0,64,0,64,0,44,182,2,228,84,0,84,312
01/07/2022,PDK,GA,ASO,ES,Towers with Radar,0,54,111,0,165,0,2,167,0,169,0,56,278,0,334,194,0,194,528
01/08/2022,PDK,GA,ASO,ES,Towers with Radar,0,52,73,0,125,0,4,182,0,186,0,56,255,0,311,160,0,160,471
01/09/2022,PDK,GA,ASO,ES,Towers with Radar,1,73,110,0,184,0,0,7,0,7,1,73,117,0,191,10,0,10,201
01/10/2022,PDK,GA,ASO,ES,Towers with Radar,0,74,173,2,249,0,5,157,2,164,0,79,330,4,413,66,0,66,479
01/11/2022,PDK,GA,ASO,ES,Towers with Radar,0,56,103,0,159,0,3,75,0,78,0,59,178,0,237,100,0,100,337
01/12/2022,PDK,GA,ASO,ES,Towers with Radar,0,59,144,0,203,0,4,159,2,165,0,63,303,2,368,296,4,300,668
01/13/2022,PDK,GA,ASO,ES,Towers with Radar,0,84,149,2,235,0,4,198,0,202,0,88,347,2,437,128,0,128,565
01/14/2022,PDK,GA,ASO,ES,Towers with Radar,0,67,186,1,254,0,3,216,2,221,0,70,402,3,475,166,0,166,641
01/15/2022,PDK,GA,ASO,ES,Towers with Radar,0,55,97,0,152,0,1,164,0,165,0,56,261,0,317,188,0,188,505
01/16/2022,PDK,GA,ASO,ES,Towers with Radar,0,12,7,0,19,0,0,0,0,0,0,12,7,0,19,0,0,0,19
01/17/2022,PDK,GA,ASO,ES,Towers with Radar,0,41,100,0,141,0,3,17,0,20,0,44,117,0,161,2,0,2,163
01/18/2022,PDK,GA,ASO,ES,Towers with Radar,0,66,102,3,171,0,2,189,0,191,0,68,291,3,362,322,0,322,684
01/19/2022,PDK,GA,ASO,ES,Towers with Radar,1,59,146,2,208,0,2,184,0,186,1,61,330,2,394,270,0,270,664
01/20/2022,PDK,GA,ASO,ES,Towers with Radar,0,58,120,2,180,0,0,3,0,3,0,58,123,2,183,0,0,0,183
01/21/2022,PDK,GA,ASO,ES,Towers with Radar,0,54,67,0,121,0,0,4,0,4,0,54,71,0,125,24,0,24,149
01/22/2022,PDK,GA,ASO,ES,Towers with Radar,0,38,79,0,117,0,1,130,0,131,0,39,209,0,248,276,0,276,524
01/23/2022,PDK,GA,ASO,ES,Towers with Radar,0,70,102,0,172,0,3,185,0,188,0,73,287,0,360,145,0,145,505
01/24/2022,PDK,GA,ASO,ES,Towers with Radar,0,54,119,0,173,0,0,192,0,192,0,54,311,0,365,222,0,222,587
01/25/2022,PDK,GA,ASO,ES,Towers with Radar,0,53,137,0,190,0,0,173,2,175,0,53,310,2,365,180,0,180,545
01/26/2022,PDK,GA,ASO,ES,Towers with Radar,0,73,166,0,239,0,0,236,1,237,0,73,402,1,476,168,0,168,644
01/27/2022,PDK,GA,ASO,ES,Towers with Radar,0,84,178,1,263,0,2,154,1,157,0,86,332,2,420,283,0,283,703
01/28/2022,PDK,GA,ASO,ES,Towers with Radar,1,67,137,0,205,0,1,149,0,150,1,68,286,0,355,112,0,112,467
01/29/2022,PDK,GA,ASO,ES,Towers with Radar,0,29,56,0,85,0,3,82,0,85,0,32,138,0,170,18,0,18,188
01/30/2022,PDK,GA,ASO,ES,Towers with Radar,1,69,124,6,200,0,3,152,0,155,1,72,276,6,355,74,0,74,429
01/31/2022,PDK,GA,ASO,ES,Towers with Radar,0,54,94,0,148,0,6,164,0,170,0,60,258,0,318,148,0,148,466
02/01/2022,PDK,GA,ASO,ES,Towers with Radar,1,76,119,0,196,0,2,186,2,190,1,78,305,2,386,191,0,191,577
02/02/2022,PDK,GA,ASO,ES,Towers with Radar,0,65,140,0,205,0,2,71,0,73,0,67,211,0,278,96,0,96,374
02/03/2022,PDK,GA,ASO,ES,Towers with Radar,0,77,125,0,202,0,0,0,0,0,0,77,125,0,202,0,0,0,202
02/04/2022,PDK,GA,ASO,ES,Towers with Radar,0,61,120,2,183,0,0,2,0,2,0,61,122,2,185,6,0,6,191
02/05/2022,PDK,GA,ASO,ES,Towers with Radar,0,54,90,1,145,0,5,239,0,244,0,59,329,1,389,200,0,200,589
02/06/2022,PDK,GA,ASO,ES,Towers with Radar,0,94,108,1,203,0,1,190,2,193,0,95,298,3,396,240,0,240,636
02/07/2022,PDK,GA,ASO,ES,Towers with Radar,0,70,125,1,196,0,0,146,0,146,0,70,271,1,342,294,0,294,636
02/08/2022,PDK,GA,ASO,ES,Towers with Radar,0,64,131,0,195,0,3,148,0,151,0,67,279,0,346,221,0,221,567
02/09/2022,PDK,GA,ASO,ES,Towers with Radar,0,83,132,0,215,0,1,191,0,192,0,84,323,0,407,170,0,170,577
02/10/2022,PDK,GA,ASO,ES,Towers with Radar,0,86,168,1,255,0,6,215,2,223,0,92,383,3,478,300,0,300,778
02/11/2022,PDK,GA,ASO,ES,Towers with Radar,1,80,146,2,229,0,2,237,1,240,1,82,383,3,469,252,0,252,721
02/12/2022,PDK,GA,ASO,ES,Towers with Radar,0,33,84,2,119,0,8,350,4,362,0,41,434,6,481,262,0,262,743
02/13/2022,PDK,GA,ASO,ES,Towers with Radar,0,73,79,0,152,0,7,125,0,132,0,80,204,0,284,62,0,62,346
02/14/2022,PDK,GA,ASO,ES,Towers with Radar,0,53,118,0,171,0,4,191,0,195,0,57,309,0,366,118,0,118,484
02/15/2022,PDK,GA,ASO,ES,Towers with Radar,0,64,156,0,220,0,6,243,2,251,0,70,399,2,471,216,0,216,687
02/16/2022,PDK,GA,ASO,ES,Towers with Radar,0,75,158,2,235,0,2,57,0,59,0,77,215,2,294,268,0,268,562
02/17/2022,PDK,GA,ASO,ES,Towers with Radar,0,68,172,0,240,0,0,10,0,10,0,68,182,0,250,20,0,20,270
02/18/2022,PDK,GA,ASO,ES,Towers with Radar,1,102,196,0,299,0,4,75,0,79,1,106,271,0,378,96,0,96,474
02/19/2022,PDK,GA,ASO,ES,Towers with Radar,0,60,103,0,163,0,5,184,6,195,0,65,287,6,358,68,0,68,426
02/20/2022,PDK,GA,ASO,ES,Towers with Radar,0,67,130,2,199,0,4,295,0,299,0,71,425,2,498,292,0,292,790
02/21/2022,PDK,GA,ASO,ES,Towers with Radar,0,60,183,0,243,0,1,51,0,52,0,61,234,0,295,198,0,198,493
02/22/2022,PDK,GA,ASO,ES,Towers with Radar,0,75,182,0,257,0,7,54,0,61,0,82,236,0,318,200,0,200,518
02/23/2022,PDK,GA,ASO,ES,Towers with Radar,0,65,141,0,206,0,1,47,0,48,0,66,188,0,254,83,0,83,337
02/24/2022,PDK,GA,ASO,ES,Towers with Radar,0,72,208,0,280,0,2,130,1,133,0,74,338,1,413,202,0,202,615
02/25/2022,PDK,GA,ASO,ES,Towers with Radar,0,76,161,0,237,0,2,105,6,113,0,78,266,6,350,66,0,66,416
02/26/2022,PDK,GA,ASO,ES,Towers with Radar,0,52,89,2,143,0,6,265,0,271,0,58,354,2,414,322,0,322,736
02/27/2022,PDK,GA,ASO,ES,Towers with Radar,0,59,138,0,197,0,0,0,0,0,0,59,138,0,197,0,0,0,197
02/28/2022,PDK,GA,ASO,ES,Towers with Radar,0,66,157,0,223,1,3,166,0,170,1,69,323,0,393,228,0,228,621
03/01/2022,PDK,GA,ASO,ES,Towers with Radar,0,83,136,0,219,0,7,237,0,244,0,90,373,0,463,372,0,372,835
03/02/2022,PDK,GA,ASO,ES,Towers with Radar,0,86,141,2,229,0,8,209,1,218,0,94,350,3,447,300,0,300,747
03/03/2022,PDK,GA,ASO,ES,Towers with Radar,0,96,184,0,280,0,4,209,0,213,0,100,393,0,493,300,0,300,793
03/04/2022,PDK,GA,ASO,ES,Towers with Radar,0,67,145,3,215,0,3,241,2,246,0,70,386,5,461,280,0,280,741
03/05/2022,PDK,GA,ASO,ES,Towers with Radar,0,57,104,0,161,0,2,185,0,187,0,59,289,0,348,111,0,111,459
03/06/2022,PDK,GA,ASO,ES,Towers with Radar,0,104,122,1,227,0,5,202,0,207,0,109,324,1,434,240,0,240,674
03/07/2022,PDK,GA,ASO,ES,Towers with Radar,0,66,128,0,194,0,3,45,0,48,0,69,173,0,242,142,0,142,384
03/08/2022,PDK,GA,ASO,ES,Towers with Radar,0,78,141,0,219,0,1,77,0,78,0,79,218,0,297,114,0,114,411
03/09/2022,PDK,GA,ASO,ES,Towers with Radar,0,56,116,1,173,0,5,2,0,7,0,61,118,1,180,0,0,0,180
03/10/2022,PDK,GA,ASO,ES,Towers with Radar,0,90,182,1,273,0,5,111,1,117,0,95,293,2,390,268,0,268,658
03/11/2022,PDK,GA,ASO,ES,Towers with Radar,0,67,140,0,207,0,1,1,0,2,0,68,141,0,209,0,0,0,209
03/12/2022,PDK,GA,ASO,ES,Towers with Radar,0,45,75,0,120,0,1,27,0,28,0,46,102,0,148,2,0,2,150
03/13/2022,PDK,GA,ASO,ES,Towers with Radar,0,69,163,0,232,0,5,218,3,226,0,74,381,3,458,254,0,254,712
03/14/2022,PDK,GA,ASO,ES,Towers with Radar,0,64,157,2,223,0,6,234,0,240,0,70,391,2,463,116,0,116,579
03/15/2022,PDK,GA,ASO,ES,Towers with Radar,0,58,134,3,195,0,2,121,0,123,0,60,255,3,318,242,0,242,560
03/16/2022,PDK,GA,ASO,ES,Towers with Radar,0,54,158,0,212,0,0,2,0,2,0,54,160,0,214,2,0,2,216
03/17/2022,PDK,GA,ASO,ES,Towers with Radar,1,76,149,2,228,0,4,154,0,158,1,80,303,2,386,194,0,194,580
03/18/2022,PDK,GA,ASO,ES,Towers with Radar,0,74,100,0,174,0,1,27,0,28,0,75,127,0,202,76,0,76,278
03/19/2022,PDK,GA,ASO,ES,Towers with Radar,0,43,133,1,177,0,5,189,4,198,0,48,322,5,375,140,0,140,515
03/20/2022,PDK,GA,ASO,ES,Towers with Radar,0,75,125,0,200,0,0,174,1,175,0,75,299,1,375,112,0,112,487
03/21/2022,PDK,GA,ASO,ES,Towers with Radar,0,84,170,3,257,0,2,233,0,235,0,86,403,3,492,260,0,260,752
03/22/2022,PDK,GA,ASO,ES,Towers with Radar,0,64,143,0,207,0,6,156,2,164,0,70,299,2,371,186,0,186,557
03/23/2022,PDK,GA,ASO,ES,Towers with Radar,0,73,133,0,206,0,2,12,0,14,0,75,145,0,220,16,0,16,236
03/24/2022,PDK,GA,ASO,ES,Towers with Radar,1,102,166,0,269,0,5,150,0,155,1,107,316,0,424,148,0,148,572
03/25/2022,PDK,GA,ASO,ES,Towers with Radar,0,99,153,7,259,0,3,164,0,167,0,102,317,7,426,134,0,134,560
03/26/2022,PDK,GA,ASO,ES,Towers with Radar,0,40,54,0,94,0,1,42,0,43,0,41,96,0,137,30,0,30,167
03/27/2022,PDK,GA,ASO,ES,Towers with Radar,0,73,109,1,183,0,8,106,3,117,0,81,215,4,300,58,0,58,358
03/28/2022,PDK,GA,ASO,ES,Towers with Radar,0,86,155,2,243,0,3,203,0,206,0,89,358,2,449,182,0,182,631
03/29/2022,PDK,GA,ASO,ES,Towers with Radar,0,85,140,0,225,0,5,237,2,244,0,90,377,2,469,228,0,228,697
03/30/2022,PDK,GA,ASO,ES,Towers with Radar,0,72,145,0,217,0,2,55,0,57,0,74,200,0,274,52,0,52,326
03/31/2022,PDK,GA,ASO,ES,Towers with Radar,0,82,146,0,228,0,6,87,1,94,0,88,233,1,322,80,0,80,402
04/01/2022,PDK,GA,ASO,ES,Towers with Radar,0,82,152,0,234,0,3,227,3,233,0,85,379,3,467,184,0,184,651
04/02/2022,PDK,GA,ASO,ES,Towers with Radar,0,58,96,0,154,0,3,245,0,248,0,61,341,0,402,266,0,266,668
04/03/2022,PDK,GA,ASO,ES,Towers with Radar,0,71,183,0,254,0,3,158,6,167,0,74,341,6,421,112,0,112,533
04/04/2022,PDK,GA,ASO,ES,Towers with Radar,0,70,144,0,214,0,7,231,0,238,0,77,375,0,452,336,0,336,788
04/05/2022,PDK,GA,ASO,ES,Towers with Radar,0,70,82,0,152,0,1,18,2,21,0,71,100,2,173,33,0,33,206
04/06/2022,PDK,GA,ASO,ES,Towers with Radar,0,71,127,0,198,0,0,1,0,1,0,71,128,0,199,4,0,4,203
04/07/2022,PDK,GA,ASO,ES,Towers with Radar,0,104,207,1,312,0,5,105,0,110,0,109,312,1,422,36,0,36,458
04/08/2022,PDK,GA,ASO,ES,Towers with Radar,0,102,183,0,285,0,2,81,0,83,0,104,264,0,368,66,0,66,434
04/09/2022,PDK,GA,ASO,ES,Towers with Radar,0,69,130,4,203,0,5,107,0,112,0,74,237,4,315,88,0,88,403
04/10/2022,PDK,GA,ASO,ES,Towers with Radar,0,90,174,2,266,0,4,31,2,37,0,94,205,4,303,0,0,0,303
04/11/2022,PDK,GA,ASO,ES,Towers with Radar,0,73,146,0,219,0,3,199,2,204,0,76,345,2,423,258,0,258,681
04/12/2022,PDK,GA,ASO,ES,Towers with Radar,0,90,153,0,243,0,4,218,0,222,0,94,371,0,465,150,0,150,615
04/13/2022,PDK,GA,ASO,ES,Towers with Radar,0,92,197,5,294,0,2,93,0,95,0,94,290,5,389,158,0,158,547
04/14/2022,PDK,GA,ASO,ES,Towers with Radar,0,108,222,2,332,0,7,101,0,108,0,115,323,2,440,100,0,100,540
04/15/2022,PDK,GA,ASO,ES,Towers with Radar,0,79,144,2,225,0,3,269,2,274,0,82,413,4,499,238,0,238,737
04/16/2022,PDK,GA,ASO,ES,Towers with Radar,0,53,88,0,141,0,0,30,0,30,0,53,118,0,171,60,0,60,231
04/17/2022,PDK,GA,ASO,ES,Towers with Radar,0,70,94,0,164,0,1,62,0,63,0,71,156,0,227,64,0,64,291
04/18/2022,PDK,GA,ASO,ES,Towers with Radar,0,93,204,0,297,0,1,53,0,54,0,94,257,0,351,128,0,128,479
04/19/2022,PDK,GA,ASO,ES,Towers with Radar,0,78,163,1,242,0,3,135,1,139,0,81,298,2,381,90,0,90,471
04/20/2022,PDK,GA,ASO,ES,Towers with Radar,0,74,206,5,285,0,6,208,4,218,0,80,414,9,503,158,0,158,661
04/21/2022,PDK,GA,ASO,ES,Towers with Radar,0,105,195,0,300,0,5,171,0,176,0,110,366,0,476,402,0,402,878
04/22/2022,PDK,GA,ASO,ES,Towers with Radar,0,60,193,0,253,0,0,243,7,250,0,60,436,7,503,278,0,278,781
04/23/2022,PDK,GA,ASO,ES,Towers with Radar,0,52,105,0,157,0,2,241,2,245,0,54,346,2,402,186,0,186,588
04/24/2022,PDK,GA,ASO,ES,Towers with Radar,0,86,143,2,231,0,1,185,0,186,0,87,328,2,417,186,0,186,603
04/25/2022,PDK,GA,ASO,ES,Towers with Radar,0,74,143,0,217,0,4,162,0,166,0,78,305,0,383,172,0,172,555
04/26/2022,PDK,GA,ASO,ES,Towers with Radar,0,75,170,2,247,0,8,73,1,82,0,83,243,3,329,139,0,139,468
04/27/2022,PDK,GA,ASO,ES,Towers with Radar,0,95,185,2,282,0,4,264,0,268,0,99,449,2,550,286,0,286,836
04/28/2022,PDK,GA,ASO,ES,Towers with Radar,1,99,155,0,255,0,9,246,0,255,1,108,401,0,510,222,0,222,732
04/29/2022,PDK,GA,ASO,ES,Towers with Radar,0,76,143,1,220,0,6,235,4,245,0,82,378,5,465,294,0,294,759
04/30/2022,PDK,GA,ASO,ES,Towers with Radar,0,39,89,0,128,0,2,223,0,225,0,41,312,0,353,264,0,264,617
05/01/2022,PDK,GA,ASO,ES,Towers with Radar,0,76,138,1,215,0,2,39,0,41,0,78,177,1,256,46,0,46,302
05/02/2022,PDK,GA,ASO,ES,Towers with Radar,0,91,152,0,243,0,3,164,0,167,0,94,316,0,410,272,0,272,682
05/03/2022,PDK,GA,ASO,ES,Towers with Radar,0,59,138,2,199,0,6,209,0,215,0,65,347,2,414,190,0,190,604
05/04/2022,PDK,GA,ASO,ES,Towers with Radar,0,59,188,2,249,0,3,116,2,121,0,62,304,4,370,146,0,146,516
05/05/2022,PDK,GA,ASO,ES,Towers with Radar,0,99,183,0,282,0,7,215,2,224,0,106,398,2,506,178,0,178,684
05/06/2022,PDK,GA,ASO,ES,Towers with Radar,0,95,129,0,224,0,1,16,0,17,0,96,145,0,241,8,0,8,249
05/07/2022,PDK,GA,ASO,ES,Towers with Radar,0,58,109,0,167,0,3,62,0,65,0,61,171,0,232,86,0,86,318
05/08/2022,PDK,GA,ASO,ES,Towers with Radar,0,82,154,0,236,0,3,125,4,132,0,85,279,4,368,146,0,146,514
05/09/2022,PDK,GA,ASO,ES,Towers with Radar,0,98,162,0,260,0,3,229,0,232,0,101,391,0,492,290,0,290,782
05/10/2022,PDK,GA,ASO,ES,Towers with Radar,0,73,143,0,216,0,0,194,0,194,0,73,337,0,410,244,0,244,654
05/11/2022,PDK,GA,ASO,ES,Towers with Radar,0,83,173,0,256,0,2,203,1,206,0,85,376,1,462,234,0,234,696
05/12/2022,PDK,GA,ASO,ES,Towers with Radar,0,83,167,4,254,0,2,241,0,243,0,85,408,4,497,134,0,134,631
05/13/2022,PDK,GA,ASO,ES,Towers with Radar,0,68,139,6,213,0,2,123,2,127,0,70,262,8,340,104,0,104,444
05/14/2022,PDK,GA,ASO,ES,Towers with Radar,0,26,37,0,63,0,4,98,4,106,0,30,135,4,169,0,0,0,169
05/15/2022,PDK,GA,ASO,ES,Towers with Radar,0,65,107,7,179,0,1,210,0,211,0,66,317,7,390,180,0,180,570
05/16/2022,PDK,GA,ASO,ES,Towers with Radar,0,61,136,0,197,0,1,196,2,199,0,62,332,2,396,144,0,144,540
05/17/2022,PDK,GA,ASO,ES,Towers with Radar,0,78,173,0,251,0,4,198,0,202,0,82,371,0,453,166,0,166,619
05/18/2022,PDK,GA,ASO,ES,Towers with Radar,0,84,161,1,246,0,6,170,1,177,0,90,331,2,423,202,0,202,625
05/19/2022,PDK,GA,ASO,ES,Towers with Radar,0,97,167,0,264,0,1,160,2,163,0,98,327,2,427,190,0,190,617
05/20/2022,PDK,GA,ASO,ES,Towers with Radar,1,88,142,1,232,0,5,140,5,150,1,93,282,6,382,166,0,166,548
05/21/2022,PDK,GA,ASO,ES,Towers with Radar,1,75,85,0,161,0,3,123,2,128,1,78,208,2,289,242,0,242,531
05/22/2022,PDK,GA,ASO,ES,Towers with Radar,0,78,108,0,186,0,6,122,1,129,0,84,230,1,315,208,0,208,523
05/23/2022,PDK,GA,ASO,ES,Towers with Radar,0,82,141,0,223,0,1,4,0,5,0,83,145,0,228,0,0,0,228
05/24/2022,PDK,GA,ASO,ES,Towers with Radar,1,93,170,0,264,0,1,91,2,94,1,94,261,2,358,158,0,158,516
05/25/2022,PDK,GA,ASO,ES,Towers with Radar,0,81,138,0,219,0,1,7,0,8,0,82,145,0,227,4,0,4,231
05/26/2022,PDK,GA,ASO,ES,Towers with Radar,0,91,116,0,207,0,1,11,0,12,0,92,127,0,219,10,0,10,229
05/27/2022,PDK,GA,ASO,ES,Towers with Radar,0,54,185,0,239,0,1,156,2,159,0,55,341,2,398,188,0,188,586
05/28/2022,PDK,GA,ASO,ES,Towers with Radar,0,44,87,0,131,0,4,208,0,212,0,48,295,0,343,324,0,324,667
05/29/2022,PDK,GA,ASO,ES,Towers with Radar,0,34,39,0,73,0,3,193,0,196,0,37,232,0,269,202,0,202,471
05/30/2022,PDK,GA,ASO,ES,Towers with Radar,0,51,103,0,154,0,4,187,0,191,0,55,290,0,345,232,0,232,577
05/31/2022,PDK,GA,ASO,ES,Towers with Radar,0,87,150,0,237,0,4,112,0,116,0,91,262,0,353,194,0,194,547
06/01/2022,PDK,GA,ASO,ES,Towers with Radar,0,78,148,0,226,0,4,229,2,235,0,82,377,2,461,241,0,241,702
06/02/2022,PDK,GA,ASO,ES,Towers with Radar,0,88,140,2,230,0,2,173,4,179,0,90,313,6,409,194,0,194,603
06/03/2022,PDK,GA,ASO,ES,Towers with Radar,0,67,123,2,192,0,2,186,0,188,0,69,309,2,380,150,0,150,530
06/04/2022,PDK,GA,ASO,ES,Towers with Radar,0,35,59,0,94,0,2,206,0,208,0,37,265,0,302,122,0,122,424
06/05/2022,PDK,GA,ASO,ES,Towers with Radar,0,35,74,0,109,0,1,187,2,190,0,36,261,2,299,108,0,108,407
06/06/2022,PDK,GA,ASO,ES,Towers with Radar,1,62,148,2,213,0,1,32,0,33,1,63,180,2,246,180,0,180,426
06/07/2022,PDK,GA,ASO,ES,Towers with Radar,0,75,141,0,216,0,0,61,0,61,0,75,202,0,277,226,0,226,503
06/08/2022,PDK,GA,ASO,ES,Towers with Radar,0,100,133,2,235,0,2,112,0,114,0,102,245,2,349,64,0,64,413
06/09/2022,PDK,GA,ASO,ES,Towers with Radar,1,93,166,0,260,0,5,130,0,135,1,98,296,0,395,146,0,146,541
06/10/2022,PDK,GA,ASO,ES,Towers with Radar,0,86,122,1,209,0,7,261,0,268,0,93,383,1,477,178,0,178,655
06/11/2022,PDK,GA,ASO,ES,Towers with Radar,0,47,79,0,126,0,6,195,0,201,0,53,274,0,327,234,0,234,561
06/12/2022,PDK,GA,ASO,ES,Towers with Radar,1,83,131,4,219,0,7,165,2,174,1,90,296,6,393,170,0,170,563
06/13/2022,PDK,GA,ASO,ES,Towers with Radar,0,70,114,0,184,0,2,168,2,172,0,72,282,2,356,178,0,178,534
06/14/2022,PDK,GA,ASO,ES,Towers with Radar,0,70,101,0,171,0,3,184,0,187,0,73,285,0,358,298,0,298,656
06/15/2022,PDK,GA,ASO,ES,Towers with Radar,0,77,112,0,189,0,2,180,0,182,0,79,292,0,371,122,0,122,493
06/16/2022,PDK,GA,ASO,ES,Towers with Radar,1,62,168,0,231,0,2,185,2,189,1,64,353,2,420,224,0,224,644
06/17/2022,PDK,GA,ASO,ES,Towers with Radar,0,111,159,1,271,0,2,179,0,181,0,113,338,1,452,236,0,236,688
06/18/2022,PDK,GA,ASO,ES,Towers with Radar,0,50,84,0,134,0,4,199,6,209,0,54,283,6,343,164,0,164,507
06/19/2022,PDK,GA,ASO,ES,Towers with Radar,1,65,81,0,147,0,2,193,0,195,1,67,274,0,342,184,0,184,526
06/20/2022,PDK,GA,ASO,ES,Towers with Radar,0,67,120,1,188,0,2,230,0,232,0,69,350,1,420,174,0,174,594
06/21/2022,PDK,GA,ASO,ES,Towers with Radar,0,87,98,2,187,0,5,191,2,198,0,92,289,4,385,152,0,152,537
06/22/2022,PDK,GA,ASO,ES,Towers with Radar,1,55,155,0,211,0,7,189,0,196,1,62,344,0,407,146,0,146,553
06/23/2022,PDK,GA,ASO,ES,Towers with Radar,0,90,129,1,220,0,11,261,0,272,0,101,390,1,492,134,0,134,626
06/24/2022,PDK,GA,ASO,ES,Towers with Radar,0,71,140,2,213,0,2,144,2,148,0,73,284,4,361,212,0,212,573
06/25/2022,PDK,GA,ASO,ES,Towers with Radar,0,41,91,0,132,0,1,141,2,144,0,42,232,2,276,90,0,90,366
06/26/2022,PDK,GA,ASO,ES,Towers with Radar,0,83,94,2,179,0,5,178,2,185,0,88,272,4,364,244,0,244,608
06/27/2022,PDK,GA,ASO,ES,Towers with Radar,0,68,122,0,190,0,4,148,0,152,0,72,270,0,342,188,0,188,530
06/28/2022,PDK,GA,ASO,ES,Towers with Radar,1,56,135,0,192,0,2,142,0,144,1,58,277,0,336,182,0,182,518
06/29/2022,PDK,GA,ASO,ES,Towers with Radar,0,92,158,0,250,0,0,59,0,59,0,92,217,0,309,112,0,112,421
06/30/2022,PDK,GA,ASO,ES,Towers with Radar,0,62,169,0,231,0,3,85,0,88,0,65,254,0,319,136,0,136,455
07/01/2022,PDK,GA,ASO,ES,Towers with Radar,0,72,136,0,208,0,4,77,0,81,0,76,213,0,289,230,0,230,519
07/02/2022,PDK,GA,ASO,ES,Towers with Radar,0,39,84,0,123,0,2,105,2,109,0,41,189,2,232,158,0,158,390
07/03/2022,PDK,GA,ASO,ES,Towers with Radar,0,28,66,0,94,0,5,91,0,96,0,33,157,0,190,188,0,188,378
07/04/2022,PDK,GA,ASO,ES,Towers with Radar,0,33,54,0,87,0,2,72,0,74,0,35,126,0,161,192,0,192,353
07/05/2022,PDK,GA,ASO,ES,Towers with Radar,0,71,121,0,192,0,1,115,0,116,0,72,236,0,308,198,0,198,506
07/06/2022,PDK,GA,ASO,ES,Towers with Radar,0,57,111,0,168,0,5,204,0,209,0,62,315,0,377,288,0,288,665
07/07/2022,PDK,GA,ASO,ES,Towers with Radar,1,51,119,0,171,0,3,156,4,163,1,54,275,4,334,228,0,228,562
07/08/2022,PDK,GA,ASO,ES,Towers with Radar,0,62,107,2,171,0,2,168,3,173,0,64,275,5,344,192,0,192,536
07/09/2022,PDK,GA,ASO,ES,Towers with Radar,0,35,67,0,102,0,0,28,0,28,0,35,95,0,130,78,0,78,208
07/10/2022,PDK,GA,ASO,ES,Towers with Radar,0,59,125,1,185,0,2,40,0,42,0,61,165,1,227,146,0,146,373
07/11/2022,PDK,GA,ASO,ES,Towers with Radar,0,79,140,0,219,0,5,79,2,86,0,84,219,2,305,100,0,100,405
07/12/2022,PDK,GA,ASO,ES,Towers with Radar,0,70,147,0,217,0,5,182,2,189,0,75,329,2,406,268,0,268,674
07/13/2022,PDK,GA,ASO,ES,Towers with Radar,0,82,127,0,209,0,4,78,2,84,0,86,205,2,293,140,0,140,433
07/14/2022,PDK,GA,ASO,ES,Towers with Radar,0,67,133,0,200,0,4,192,0,196,0,71,325,0,396,260,0,260,656
07/15/2022,PDK,GA,ASO,ES,Towers with Radar,0,65,120,0,185,0,6,241,0,247,0,71,361,0,432,322,0,322,754
07/16/2022,PDK,GA,ASO,ES,Towers with Radar,0,61,90,0,151,0,2,167,0,169,0,63,257,0,320,278,0,278,598
07/17/2022,PDK,GA,ASO,ES,Towers with Radar,0,51,125,4,180,0,4,186,2,192,0,55,311,6,372,186,0,186,558
07/18/2022,PDK,GA,ASO,ES,Towers with Radar,0,53,124,0,177,0,3,181,0,184,0,56,305,0,361,116,0,116,477
07/19/2022,PDK,GA,ASO,ES,Towers with Radar,0,47,125,0,172,0,10,34,0,44,0,57,159,0,216,70,0,70,286
07/20/2022,PDK,GA,ASO,ES,Towers with Radar,0,64,161,0,225,0,14,143,2,159,0,78,304,2,384,182,0,182,566
07/21/2022,PDK,GA,ASO,ES,Towers with Radar,0,75,143,0,218,0,2,0,2,4,0,77,143,2,222,0,0,0,222
07/22/2022,PDK,GA,ASO,ES,Towers with Radar,0,80,118,3,201,0,2,7,0,9,0,82,125,3,210,0,0,0,210
07/23/2022,PDK,GA,ASO,ES,Towers with Radar,0,37,77,0,114,0,2,8,0,10,0,39,85,0,124,0,0,0,124
07/24/2022,PDK,GA,ASO,ES,Towers with Radar,0,44,112,2,158,0,4,10,4,18,0,48,122,6,176,0,0,0,176
07/25/2022,PDK,GA,ASO,ES,Towers with Radar,3,60,108,0,171,0,2,9,0,11,3,62,117,0,182,0,0,0,182
07/26/2022,PDK,GA,ASO,ES,Towers with Radar,0,69,110,0,179,0,2,13,5,20,0,71,123,5,199,0,0,0,199
07/27/2022,PDK,GA,ASO,ES,Towers with Radar,0,99,158,0,257,0,4,19,0,23,0,103,177,0,280,0,0,0,280
07/28/2022,PDK,GA,ASO,ES,Towers with Radar,1,74,151,0,226,0,3,14,0,17,1,77,165,0,243,0,0,0,243
07/29/2022,PDK,GA,ASO,ES,Towers with Radar,0,54,121,0,175,0,2,8,0,10,0,56,129,0,185,0,0,0,185
07/30/2022,PDK,GA,ASO,ES,Towers with Radar,0,37,119,0,156,0,6,10,0,16,0,43,129,0,172,0,0,0,172
07/31/2022,PDK,GA,ASO,ES,Towers with Radar,0,59,138,0,197,0,3,4,0,7,0,62,142,0,204,0,0,0,204
08/01/2022,PDK,GA,ASO,ES,Towers with Radar,0,60,114,0,174,0,4,149,0,153,0,64,263,0,327,232,0,232,559
08/02/2022,PDK,GA,ASO,ES,Towers with Radar,0,65,144,0,209,0,4,158,5,167,0,69,302,5,376,268,0,268,644
08/03/2022,PDK,GA,ASO,ES,Towers with Radar,0,60,141,2,203,0,7,201,0,208,0,67,342,2,411,270,0,270,681
08/04/2022,PDK,GA,ASO,ES,Towers with Radar,0,55,154,0,209,0,2,145,0,147,0,57,299,0,356,186,0,186,542
08/05/2022,PDK,GA,ASO,ES,Towers with Radar,0,63,127,0,190,0,4,152,2,158,0,67,279,2,348,186,0,186,534
08/06/2022,PDK,GA,ASO,ES,Towers with Radar,0,53,92,0,145,0,1,73,2,76,0,54,165,2,221,128,0,128,349
08/07/2022,PDK,GA,ASO,ES,Towers with Radar,0,43,117,2,162,0,5,80,2,87,0,48,197,4,249,140,0,140,389
08/08/2022,PDK,GA,ASO,ES,Towers with Radar,0,65,93,0,158,0,1,111,0,112,0,66,204,0,270,176,0,176,446
08/09/2022,PDK,GA,ASO,ES,Towers with Radar,0,72,107,0,179,0,4,87,0,91,0,76,194,0,270,46,0,46,316
08/10/2022,PDK,GA,ASO,ES,Towers with Radar,0,61,145,0,206,0,2,53,0,55,0,63,198,0,261,24,0,24,285
08/11/2022,PDK,GA,ASO,ES,Towers with Radar,0,83,148,0,231,0,3,128,2,133,0,86,276,2,364,182,0,182,546
08/12/2022,PDK,GA,ASO,ES,Towers with Radar,0,62,127,0,189,0,5,140,0,145,0,67,267,0,334,162,0,162,496
08/13/2022,PDK,GA,ASO,ES,Towers with Radar,0,45,68,0,113,0,0,166,0,166,0,45,234,0,279,186,0,186,465
08/14/2022,PDK,GA,ASO,ES,Towers with Radar,0,63,109,0,172,0,7,204,0,211,0,70,313,0,383,196,0,196,579
08/15/2022,PDK,GA,ASO,ES,Towers with Radar,0,47,168,0,215,0,4,171,0,175,0,51,339,0,390,143,0,143,533
08/16/2022,PDK,GA,ASO,ES,Towers with Radar,0,74,133,0,207,0,2,153,0,155,0,76,286,0,362,132,0,132,494
08/17/2022,PDK,GA,ASO,ES,Towers with Radar,0,65,167,0,232,0,6,77,1,84,0,71,244,1,316,160,0,160,476
08/18/2022,PDK,GA,ASO,ES,Towers with Radar,0,77,170,1,248,0,2,113,2,117,0,79,283,3,365,234,0,234,599
08/19/2022,PDK,GA,ASO,ES,Towers with Radar,1,66,107,0,174,0,1,10,0,11,1,67,117,0,185,8,0,8,193
08/20/2022,PDK,GA,ASO,ES,Towers with Radar,0,41,100,0,141,0,0,60,0,60,0,41,160,0,201,282,0,282,483
08/21/2022,PDK,GA,ASO,ES,Towers with Radar,0,62,130,0,192,0,0,38,0,38,0,62,168,0,230,70,0,70,300
08/22/2022,PDK,GA,ASO,ES,Towers with Radar,0,79,147,0,226,0,7,66,1,74,0,86,213,1,300,172,0,172,472
08/23/2022,PDK,GA,ASO,ES,Towers with Radar,0,73,178,2,253,0,4,153,2,159,0,77,331,4,412,164,0,164,576
08/24/2022,PDK,GA,ASO,ES,Towers with Radar,0,81,147,0,228,0,7,185,0,192,0,88,332,0,420,252,0,252,672
08/25/2022,PDK,GA,ASO,ES,Towers with Radar,1,85,162,0,248,0,1,51,0,52,1,86,213,0,300,132,0,132,432
08/26/2022,PDK,GA,ASO,ES,Towers with Radar,0,55,166,6,227,0,3,191,2,196,0,58,357,8,423,194,16,210,633
08/27/2022,PDK,GA,ASO,ES,Towers with Radar,0,39,94,0,133,0,4,6,2,12,0,43,100,2,145,0,0,0,145
08/28/2022,PDK,GA,ASO,ES,Towers with Radar,0,95,113,0,208,0,4,176,0,180,0,99,289,0,388,155,0,155,543
08/29/2022,PDK,GA,ASO,ES,Towers with Radar,0,80,97,2,179,0,12,167,0,179,0,92,264,2,358,248,0,248,606
08/30/2022,PDK,GA,ASO,ES,Towers with Radar,0,61,125,0,186,0,5,75,0,80,0,66,200,0,266,86,0,86,352
08/31/2022,PDK,GA,ASO,ES,Towers with Radar,0,67,132,0,199,0,6,211,0,217,0,73,343,0,416,232,0,232,648
09/01/2022,PDK,GA,ASO,ES,Towers with Radar,1,98,158,2,259,0,3,224,0,227,1,101,382,2,486,192,0,192,678
09/02/2022,PDK,GA,ASO,ES,Towers with Radar,0,93,170,0,263,0,3,107,1,111,0,96,277,1,374,108,0,108,482
09/03/2022,PDK,GA,ASO,ES,Towers with Radar,0,42,78,0,120,0,2,109,6,117,0,44,187,6,237,198,0,198,435
09/04/2022,PDK,GA,ASO,ES,Towers with Radar,0,37,69,1,107,0,0,16,0,16,0,37,85,1,123,4,0,4,127
09/05/2022,PDK,GA,ASO,ES,Towers with Radar,0,77,135,0,212,0,0,37,0,37,0,77,172,0,249,160,0,160,409
09/06/2022,PDK,GA,ASO,ES,Towers with Radar,0,89,162,0,251,0,14,118,0,132,0,103,280,0,383,280,0,280,663
09/07/2022,PDK,GA,ASO,ES,Towers with Radar,0,63,133,2,198,0,11,196,0,207,0,74,329,2,405,316,0,316,721
09/08/2022,PDK,GA,ASO,ES,Towers with Radar,0,87,153,0,240,0,3,163,2,168,0,90,316,2,408,232,0,232,640
09/09/2022,PDK,GA,ASO,ES,Towers with Radar,0,64,142,0,206,0,7,51,2,60,0,71,193,2,266,24,0,24,290
09/10/2022,PDK,GA,ASO,ES,Towers with Radar,0,32,84,0,116,0,0,0,0,0,0,32,84,0,116,0,0,0,116
09/11/2022,PDK,GA,ASO,ES,Towers with Radar,0,81,130,2,213,0,4,39,0,43,0,85,169,2,256,88,0,88,344
09/12/2022,PDK,GA,ASO,ES,Towers with Radar,0,81,144,0,225,0,1,133,0,134,0,82,277,0,359,160,0,160,519
09/13/2022,PDK,GA,ASO,ES,Towers with Radar,0,64,137,0,201,0,5,190,0,195,0,69,327,0,396,138,0,138,534
09/14/2022,PDK,GA,ASO,ES,Towers with Radar,1,74,157,2,234,0,6,246,0,252,1,80,403,2,486,212,0,212,698
09/15/2022,PDK,GA,ASO,ES,Towers with Radar,0,91,162,0,253,0,7,212,2,221,0,98,374,2,474,122,0,122,596
09/16/2022,PDK,GA,ASO,ES,Towers with Radar,0,68,143,0,211,0,4,259,0,263,0,72,402,0,474,134,0,134,608
09/17/2022,PDK,GA,ASO,ES,Towers with Radar,1,40,77,0,118,0,5,194,0,199,1,45,271,0,317,168,0,168,485
09/18/2022,PDK,GA,ASO,ES,Towers with Radar,0,71,115,0,186,0,2,191,1,194,0,73,306,1,380,168,0,168,548
09/19/2022,PDK,GA,ASO,ES,Towers with Radar,0,71,127,2,200,0,4,197,0,201,0,75,324,2,401,272,0,272,673
09/20/2022,PDK,GA,ASO,ES,Towers with Radar,0,49,121,0,170,0,6,190,0,196,0,55,311,0,366,198,0,198,564
09/21/2022,PDK,GA,ASO,ES,Towers with Radar,0,78,127,1,206,0,10,212,0,222,0,88,339,1,428,192,0,192,620
09/22/2022,PDK,GA,ASO,ES,Towers with Radar,1,97,164,2,264,0,5,181,0,186,1,102,345,2,450,140,0,140,590
09/23/2022,PDK,GA,ASO,ES,Towers with Radar,0,79,142,6,227,0,3,253,1,257,0,82,395,7,484,228,0,228,712
09/24/2022,PDK,GA,ASO,ES,Towers with Radar,0,62,71,0,133,0,4,194,0,198,0,66,265,0,331,234,0,234,565
09/25/2022,PDK,GA,ASO,ES,Towers with Radar,0,83,122,0,205,0,4,208,0,212,0,87,330,0,417,232,0,232,649
09/26/2022,PDK,GA,ASO,ES,Towers with Radar,0,81,119,0,200,0,7,214,8,229,0,88,333,8,429,151,0,151,580
09/27/2022,PDK,GA,ASO,ES,Towers with Radar,1,81,146,2,230,0,6,202,0,208,1,87,348,2,438,118,0,118,556
09/28/2022,PDK,GA,ASO,ES,Towers with Radar,0,89,155,0,244,0,3,204,0,207,0,92,359,0,451,254,0,254,705
09/29/2022,PDK,GA,ASO,ES,Towers with Radar,1,73,95,0,169,0,2,78,2,82,1,75,173,2,251,6,0,6,257
09/30/2022,PDK,GA,ASO,ES,Towers with Radar,0,58,95,0,153,0,2,65,0,67,0,60,160,0,220,4,0,4,224
10/01/2022,PDK,GA,ASO,ES,Towers with Radar,0,44,71,0,115,0,4,118,0,122,0,48,189,0,237,128,0,128,365
10/02/2022,PDK,GA,ASO,ES,Towers with Radar,0,73,99,0,172,0,6,164,0,170,0,79,263,0,342,184,0,184,526
10/03/2022,PDK,GA,ASO,ES,Towers with Radar,0,77,101,0,178,0,4,166,0,170,0,81,267,0,348,230,0,230,578
10/04/2022,PDK,GA,ASO,ES,Towers with Radar,0,62,162,0,224,0,0,199,3,202,0,62,361,3,426,252,0,252,678
10/05/2022,PDK,GA,ASO,ES,Towers with Radar,0,86,129,0,215,0,4,218,0,222,0,90,347,0,437,162,0,162,599
10/06/2022,PDK,GA,ASO,ES,Towers with Radar,0,92,152,0,244,0,7,246,2,255,0,99,398,2,499,138,0,138,637
10/07/2022,PDK,GA,ASO,ES,Towers with Radar,0,94,169,0,263,0,7,217,0,224,0,101,386,0,487,100,0,100,587
10/08/2022,PDK,GA,ASO,ES,Towers with Radar,0,42,69,1,112,0,0,10,2,12,0,42,79,3,124,0,0,0,124
10/09/2022,PDK,GA,ASO,ES,Towers with Radar,0,76,141,0,217,0,6,159,0,165,0,82,300,0,382,292,0,292,674
10/10/2022,PDK,GA,ASO,ES,Towers with Radar,0,74,108,1,183,0,2,214,0,216,0,76,322,1,399,240,0,240,639
10/11/2022,PDK,GA,ASO,ES,Towers with Radar,0,98,167,0,265,0,2,133,0,135,0,100,300,0,400,256,0,256,656
10/12/2022,PDK,GA,ASO,ES,Towers with Radar,0,79,144,2,225,0,0,7,0,7,0,79,151,2,232,0,0,0,232
10/13/2022,PDK,GA,ASO,ES,Towers with Radar,0,110,196,2,308,0,3,84,2,89,0,113,280,4,397,120,0,120,517
10/14/2022,PDK,GA,ASO,ES,Towers with Radar,0,130,132,4,266,0,2,212,1,215,0,132,344,5,481,91,0,91,572
10/15/2022,PDK,GA,ASO,ES,Towers with Radar,0,48,95,2,145,0,0,213,0,213,0,48,308,2,358,170,0,170,528
10/16/2022,PDK,GA,ASO,ES,Towers with Radar,0,91,136,5,232,0,3,149,0,152,0,94,285,5,384,113,0,113,497
10/17/2022,PDK,GA,ASO,ES,Towers with Radar,1,85,126,2,214,0,3,159,0,162,1,88,285,2,376,106,0,106,482
10/18/2022,PDK,GA,ASO,ES,Towers with Radar,0,76,120,0,196,0,3,123,2,128,0,79,243,2,324,56,0,56,380
10/19/2022,PDK,GA,ASO,ES,Towers with Radar,0,85,150,2,237,0,4,186,0,190,0,89,336,2,427,136,0,136,563
10/20/2022,PDK,GA,ASO,ES,Towers with Radar,0,104,162,0,266,0,2,194,0,196,0,106,356,0,462,280,0,280,742
10/21/2022,PDK,GA,ASO,ES,Towers with Radar,0,76,151,2,229,0,2,230,0,232,0,78,381,2,461,196,0,196,657
10/22/2022,PDK,GA,ASO,ES,Towers with Radar,1,65,108,0,174,0,2,176,2,180,1,67,284,2,354,243,0,243,597
10/23/2022,PDK,GA,ASO,ES,Towers with Radar,0,85,156,5,246,0,6,275,2,283,0,91,431,7,529,248,10,258,787
10/24/2022,PDK,GA,ASO,ES,Towers with Radar,0,79,153,2,234,0,0,211,0,211,0,79,364,2,445,130,0,130,575
10/25/2022,PDK,GA,ASO,ES,Towers with Radar,0,95,147,0,242,0,2,181,2,185,0,97,328,2,427,154,0,154,581
10/26/2022,PDK,GA,ASO,ES,Towers with Radar,0,91,186,2,279,0,4,137,0,141,0,95,323,2,420,238,0,238,658
10/27/2022,PDK,GA,ASO,ES,Towers with Radar,0,126,177,2,305,0,10,196,0,206,0,136,373,2,511,206,0,206,717
10/28/2022,PDK,GA,ASO,ES,Towers with Radar,0,82,142,2,226,0,4,181,0,185,0,86,323,2,411,238,0,238,649
10/29/2022,PDK,GA,ASO,ES,Towers with Radar,0,47,121,0,168,0,2,58,0,60,0,49,179,0,228,142,0,142,370
10/30/2022,PDK,GA,ASO,ES,Towers with Radar,0,79,124,0,203,0,0,0,0,0,0,79,124,0,203,0,0,0,203
10/31/2022,PDK,GA,ASO,ES,Towers with Radar,0,42,78,0,120,0,5,39,0,44,0,47,117,0,164,60,0,60,224
11/01/2022,PDK,GA,ASO,ES,Towers with Radar,1,80,173,0,254,0,3,144,0,147,1,83,317,0,401,208,0,208,609
11/02/2022,PDK,GA,ASO,ES,Towers with Radar,1,75,167,0,243,0,3,179,2,184,1,78,346,2,427,228,0,228,655
11/03/2022,PDK,GA,ASO,ES,Towers with Radar,0,76,160,0,236,0,5,174,2,181,0,81,334,2,417,294,0,294,711
11/04/2022,PDK,GA,ASO,ES,Towers with Radar,0,97,163,3,263,0,2,261,7,270,0,99,424,10,533,260,0,260,793
11/05/2022,PDK,GA,ASO,ES,Towers with Radar,0,48,81,0,129,0,0,53,0,53,0,48,134,0,182,94,0,94,276
11/06/2022,PDK,GA,ASO,ES,Towers with Radar,0,75,168,3,246,0,0,121,0,121,0,75,289,3,367,348,0,348,715
11/07/2022,PDK,GA,ASO,ES,Towers with Radar,0,67,158,1,226,0,4,108,0,112,0,71,266,1,338,170,0,170,508
11/08/2022,PDK,GA,ASO,ES,Towers with Radar,0,93,156,0,249,0,1,181,0,182,0,94,337,0,431,228,0,228,659
11/09/2022,PDK,GA,ASO,ES,Towers with Radar,0,93,167,0,260,0,0,153,0,153,0,93,320,0,413,86,0,86,499
11/10/2022,PDK,GA,ASO,ES,Towers with Radar,0,75,107,0,182,0,0,9,0,9,0,75,116,0,191,10,0,10,201
11/11/2022,PDK,GA,ASO,ES,Towers with Radar,0,51,100,0,151,0,0,3,0,3,0,51,103,0,154,0,0,0,154
11/12/2022,PDK,GA,ASO,ES,Towers with Radar,0,53,140,0,193,0,2,25,0,27,0,55,165,0,220,58,0,58,278
11/13/2022,PDK,GA,ASO,ES,Towers with Radar,0,68,145,0,213,0,9,130,0,139,0,77,275,0,352,36,0,36,388
11/14/2022,PDK,GA,ASO,ES,Towers with Radar,0,74,143,0,217,0,5,170,0,175,0,79,313,0,392,105,0,105,497
11/15/2022,PDK,GA,ASO,ES,Towers with Radar,0,79,108,0,187,0,0,0,0,0,0,79,108,0,187,0,0,0,187
11/16/2022,PDK,GA,ASO,ES,Towers with Radar,0,69,162,0,231,0,4,181,0,185,0,73,343,0,416,54,0,54,470
11/17/2022,PDK,GA,ASO,ES,Towers with Radar,0,98,141,0,239,0,5,204,4,213,0,103,345,4,452,132,0,132,584
11/18/2022,PDK,GA,ASO,ES,Towers with Radar,0,111,158,0,269,0,2,195,3,200,0,113,353,3,469,124,0,124,593
11/19/2022,PDK,GA,ASO,ES,Towers with Radar,0,55,93,3,151,0,4,202,2,208,0,59,295,5,359,256,0,256,615
11/20/2022,PDK,GA,ASO,ES,Towers with Radar,1,74,101,2,178,0,4,166,2,172,1,78,267,4,350,154,0,154,504
11/21/2022,PDK,GA,ASO,ES,Towers with Radar,0,94,108,0,202,0,3,219,0,222,0,97,327,0,424,170,0,170,594
11/22/2022,PDK,GA,ASO,ES,Towers with Radar,0,89,114,0,203,0,6,197,0,203,0,95,311,0,406,254,0,254,660
11/23/2022,PDK,GA,ASO,ES,Towers with Radar,0,70,133,3,206,0,5,190,2,197,0,75,323,5,403,100,0,100,503
11/24/2022,PDK,GA,ASO,ES,Towers with Radar,0,32,24,0,56,0,1,48,0,49,0,33,72,0,105,32,0,32,137
11/25/2022,PDK,GA,ASO,ES,Towers with Radar,0,54,73,0,127,0,1,36,0,37,0,55,109,0,164,70,0,70,234
11/26/2022,PDK,GA,ASO,ES,Towers with Radar,0,84,127,0,211,0,1,127,0,128,0,85,254,0,339,269,0,269,608
11/27/2022,PDK,GA,ASO,ES,Towers with Radar,0,100,173,0,273,1,3,57,0,61,1,103,230,0,334,57,0,57,391
11/28/2022,PDK,GA,ASO,ES,Towers with Radar,0,66,122,0,188,0,7,168,0,175,0,73,290,0,363,212,0,212,575
11/29/2022,PDK,GA,ASO,ES,Towers with Radar,0,74,131,0,205,0,3,182,0,185,0,77,313,0,390,233,0,233,623
11/30/2022,PDK,GA,ASO,ES,Towers with Radar,1,63,135,0,199,0,1,57,2,60,1,64,192,2,259,10,0,10,269
12/01/2022,PDK,GA,ASO,ES,Towers with Radar,0,100,181,1,282,0,2,159,0,161,0,102,340,1,443,148,0,148,591
12/02/2022,PDK,GA,ASO,ES,Towers with Radar,0,92,164,0,256,0,4,144,5,153,0,96,308,5,409,330,0,330,739
12/03/2022,PDK,GA,ASO,ES,Towers with Radar,0,65,141,0,206,0,0,13,0,13,0,65,154,0,219,88,0,88,307
12/04/2022,PDK,GA,ASO,ES,Towers with Radar,0,77,153,2,232,0,4,166,0,170,0,81,319,2,402,166,0,166,568
12/05/2022,PDK,GA,ASO,ES,Towers with Radar,0,60,126,0,186,0,0,7,0,7,0,60,133,0,193,14,0,14,207
12/06/2022,PDK,GA,ASO,ES,Towers with Radar,0,29,55,0,84,0,0,0,0,0,0,29,55,0,84,0,0,0,84
12/07/2022,PDK,GA,ASO,ES,Towers with Radar,1,70,141,0,212,0,3,16,0,19,1,73,157,0,231,44,0,44,275
12/08/2022,PDK,GA,ASO,ES,Towers with Radar,0,75,163,0,238,0,3,87,0,90,0,78,250,0,328,198,0,198,526
12/09/2022,PDK,GA,ASO,ES,Towers with Radar,0,50,110,0,160,0,0,0,0,0,0,50,110,0,160,0,0,0,160
12/10/2022,PDK,GA,ASO,ES,Towers with Radar,0,48,88,0,136,0,0,14,0,14,0,48,102,0,150,12,0,12,162
12/11/2022,PDK,GA,ASO,ES,Towers with Radar,0,15,79,0,94,0,0,0,0,0,0,15,79,0,94,0,0,0,94
12/12/2022,PDK,GA,ASO,ES,Towers with Radar,0,73,133,0,206,0,4,90,4,98,0,77,223,4,304,228,0,228,532
12/13/2022,PDK,GA,ASO,ES,Towers with Radar,0,88,192,0,280,0,1,66,0,67,0,89,258,0,347,256,0,256,603
12/14/2022,PDK,GA,ASO,ES,Towers with Radar,0,48,118,0,166,0,0,3,0,3,0,48,121,0,169,20,0,20,189
12/15/2022,PDK,GA,ASO,ES,Towers with Radar,0,53,129,0,182,0,5,97,4,106,0,58,226,4,288,142,0,142,430
12/16/2022,PDK,GA,ASO,ES,Towers with Radar,0,80,149,1,230,0,7,234,4,245,0,87,383,5,475,152,0,152,627
12/17/2022,PDK,GA,ASO,ES,Towers with Radar,0,39,101,0,140,0,2,231,0,233,0,41,332,0,373,211,0,211,584
12/18/2022,PDK,GA,ASO,ES,Towers with Radar,0,51,94,1,146,0,7,174,3,184,0,58,268,4,330,94,0,94,424
12/19/2022,PDK,GA,ASO,ES,Towers with Radar,0,55,118,0,173,0,6,202,3,211,0,61,320,3,384,146,0,146,530
12/20/2022,PDK,GA,ASO,ES,Towers with Radar,1,62,123,2,188,0,0,5,0,5,1,62,128,2,193,0,0,0,193
12/21/2022,PDK,GA,ASO,ES,Towers with Radar,0,72,140,0,212,0,4,153,0,157,0,76,293,0,369,260,0,260,629
12/22/2022,PDK,GA,ASO,ES,Towers with Radar,0,69,59,0,128,0,0,0,0,0,0,69,59,0,128,0,0,0,128
12/23/2022,PDK,GA,ASO,ES,Towers with Radar,0,35,50,0,85,0,2,21,0,23,0,37,71,0,108,0,0,0,108
12/24/2022,PDK,GA,ASO,ES,Towers with Radar,0,21,46,0,67,0,0,20,2,22,0,21,66,2,89,28,0,28,117
12/25/2022,PDK,GA,ASO,ES,Towers with Radar,1,41,21,0,63,0,1,22,2,25,1,42,43,2,88,0,2,2,90
12/26/2022,PDK,GA,ASO,ES,Towers with Radar,0,58,120,0,178,0,2,135,0,137,0,60,255,0,315,120,0,120,435
12/27/2022,PDK,GA,ASO,ES,Towers with Radar,1,68,125,0,194,0,9,188,0,197,1,77,313,0,391,96,0,96,487
12/28/2022,PDK,GA,ASO,ES,Towers with Radar,0,76,114,0,190,0,3,183,0,186,0,79,297,0,376,122,0,122,498
12/29/2022,PDK,GA,ASO,ES,Towers with Radar,0,55,93,0,148,0,6,159,0,165,0,61,252,0,313,118,0,118,431
12/30/2022,PDK,GA,ASO,ES,Towers with Radar,0,62,129,0,191,0,1,65,0,66,0,63,194,0,257,86,0,86,343
12/31/2022,PDK,GA,ASO,ES,Towers with Radar,0,43,52,0,95,0,0,3,0,3,0,43,55,0,98,0,0,0,98
01/01/2023,PDK,GA,ASO,ES,Towers with Radar,0,46,78,0,124,0,3,89,0,92,0,49,167,0,216,26,0,26,242
01/02/2023,PDK,GA,ASO,ES,Towers with Radar,0,71,139,0,210,0,1,9,0,10,0,72,148,0,220,24,0,24,244
01/03/2023,PDK,GA,ASO,ES,Towers with Radar,0,44,78,0,122,0,0,5,0,5,0,44,83,0,127,0,0,0,127
01/04/2023,PDK,GA,ASO,ES,Towers with Radar,0,66,87,0,153,0,3,77,0,80,0,69,164,0,233,158,0,158,391
01/05/2023,PDK,GA,ASO,ES,Towers with Radar,0,59,119,2,180,0,3,184,3,190,0,62,303,5,370,153,0,153,523
01/06/2023,PDK,GA,ASO,ES,Towers with Radar,0,60,99,0,159,0,6,237,0,243,0,66,336,0,402,303,0,303,705
01/07/2023,PDK,GA,ASO,ES,Towers with Radar,0,54,70,0,124,0,3,242,0,245,0,57,312,0,369,240,0,240,609
01/08/2023,PDK,GA,ASO,ES,Towers with Radar,0,59,124,0,183,0,1,97,0,98,0,60,221,0,281,282,0,282,563
01/09/2023,PDK,GA,ASO,ES,Towers with Radar,0,61,76,0,137,0,2,141,0,143,0,63,217,0,280,274,0,274,554
01/10/2023,PDK,GA,ASO,ES,Towers with Radar,0,60,142,0,202,0,7,177,5,189,0,67,319,5,391,342,0,342,733
01/11/2023,PDK,GA,ASO,ES,Towers with Radar,0,75,148,8,231,0,7,67,0,74,0,82,215,8,305,280,0,280,585
01/12/2023,PDK,GA,ASO,ES,Towers with Radar,0,71,119,0,190,0,0,4,2,6,0,71,123,2,196,0,0,0,196
01/13/2023,PDK,GA,ASO,ES,Towers with Radar,0,63,146,0,209,0,5,27,0,32,0,68,173,0,241,4,0,4,245
01/14/2023,PDK,GA,ASO,ES,Towers with Radar,0,34,56,2,92,0,0,71,0,71,0,34,127,2,163,10,0,10,173
01/15/2023,PDK,GA,ASO,ES,Towers with Radar,1,42,96,0,139,0,20,129,0,149,1,62,225,0,288,222,0,222,510
01/16/2023,PDK,GA,ASO,ES,Towers with Radar,0,71,129,0,200,0,6,285,0,291,0,77,414,0,491,316,0,316,807
01/17/2023,PDK,GA,ASO,ES,Towers with Radar,0,59,123,0,182,0,0,4,0,4,0,59,127,0,186,0,0,0,186
01/18/2023,PDK,GA,ASO,ES,Towers with Radar,0,53,88,0,141,0,0,0,0,0,0,53,88,0,141,0,0,0,141
01/19/2023,PDK,GA,ASO,ES,Towers with Radar,0,71,125,1,197,0,2,42,1,45,0,73,167,2,242,96,0,96,338
01/20/2023,PDK,GA,ASO,ES,Towers with Radar,0,68,133,2,203,0,5,182,1,188,0,73,315,3,391,110,0,110,501
01/21/2023,PDK,GA,ASO,ES,Towers with Radar,0,44,65,0,109,0,1,257,2,260,0,45,322,2,369,250,0,250,619
01/22/2023,PDK,GA,ASO,ES,Towers with Radar,0,41,63,2,106,0,0,0,0,0,0,41,63,2,106,0,0,0,106
01/23/2023,PDK,GA,ASO,ES,Towers with Radar,0,77,125,1,203,0,6,84,2,92,0,83,209,3,295,90,0,90,385
01/24/2023,PDK,GA,ASO,ES,Towers with Radar,0,106,136,0,242,0,3,267,0,270,0,109,403,0,512,262,0,262,774
01/25/2023,PDK,GA,ASO,ES,Towers with Radar,0,85,137,0,222,0,3,19,0,22,0,88,156,0,244,16,0,16,260
01/26/2023,PDK,GA,ASO,ES,Towers with Radar,0,80,151,2,233,0,6,106,0,112,0,86,257,2,345,78,0,78,423
01/27/2023,PDK,GA,ASO,ES,Towers with Radar,0,88,146,4,238,0,2,238,2,242,0,90,384,6,480,132,0,132,612
01/28/2023,PDK,GA,ASO,ES,Towers with Radar,1,67,92,2,162,0,5,290,8,303,1,72,382,10,465,292,0,292,757
01/29/2023,PDK,GA,ASO,ES,Towers with Radar,0,65,116,0,181,0,1,59,0,60,0,66,175,0,241,242,0,242,483
01/30/2023,PDK,GA,ASO,ES,Towers with Radar,0,54,108,1,163,0,0,0,0,0,0,54,108,1,163,0,0,0,163
01/31/2023,PDK,GA,ASO,ES,Towers with Radar,0,54,84,0,138,0,0,7,0,7,0,54,91,0,145,18,0,18,163
02/01/2023,PDK,GA,ASO,ES,Towers with Radar,0,63,136,2,201,0,4,68,0,72,0,67,204,2,273,182,0,182,455
02/02/2023,PDK,GA,ASO,ES,Towers with Radar,0,65,116,0,181,0,0,2,0,2,0,65,118,0,183,0,0,0,183
02/03/2023,PDK,GA,ASO,ES,Towers with Radar,1,87,101,0,189,0,3,115,0,118,1,90,216,0,307,96,0,96,403
02/04/2023,PDK,GA,ASO,ES,Towers with Radar,0,41,89,0,130,0,2,233,0,235,0,43,322,0,365,212,0,212,577
02/05/2023,PDK,GA,ASO,ES,Towers with Radar,1,51,126,0,178,0,0,172,0,172,1,51,298,0,350,306,0,306,656
02/06/2023,PDK,GA,ASO,ES,Towers with Radar,0,72,137,0,209,0,3,245,0,248,0,75,382,0,457,216,0,216,673
02/07/2023,PDK,GA,ASO,ES,Towers with Radar,1,80,153,0,234,0,6,230,0,236,1,86,383,0,470,144,0,144,614
02/08/2023,PDK,GA,ASO,ES,Towers with Radar,0,90,181,2,273,0,4,178,0,182,0,94,359,2,455,315,0,315,770
02/09/2023,PDK,GA,ASO,ES,Towers with Radar,0,80,133,0,213,0,1,35,0,36,0,81,168,0,249,42,0,42,291
02/10/2023,PDK,GA,ASO,ES,Towers with Radar,0,87,112,1,200,0,4,130,3,137,0,91,242,4,337,246,0,246,583
02/11/2023,PDK,GA,ASO,ES,Towers with Radar,0,34,71,0,105,0,1,37,0,38,0,35,108,0,143,28,0,28,171
02/12/2023,PDK,GA,ASO,ES,Towers with Radar,0,39,71,0,110,0,1,21,0,22,0,40,92,0,132,6,0,6,138
02/13/2023,PDK,GA,ASO,ES,Towers with Radar,0,67,140,0,207,0,2,269,0,271,0,69,409,0,478,134,0,134,612
02/14/2023,PDK,GA,ASO,ES,Towers with Radar,0,61,102,0,163,0,3,338,0,341,0,64,440,0,504,152,0,152,656
02/15/2023,PDK,GA,ASO,ES,Towers with Radar,0,86,159,0,245,0,0,58,1,59,0,86,217,1,304,82,0,82,386
02/16/2023,PDK,GA,ASO,ES,Towers with Radar,0,85,147,0,232,0,3,93,0,96,0,88,240,0,328,238,0,238,566
02/17/2023,PDK,GA,ASO,ES,Towers with Radar,0,61,122,1,184,0,1,26,0,27,0,62,148,1,211,16,0,16,227
02/18/2023,PDK,GA,ASO,ES,Towers with Radar,0,53,59,2,114,0,5,255,2,262,0,58,314,4,376,184,0,184,560
02/19/2023,PDK,GA,ASO,ES,Towers with Radar,0,56,101,1,158,0,2,181,2,185,0,58,282,3,343,292,0,292,635
02/20/2023,PDK,GA,ASO,ES,Towers with Radar,0,68,153,0,221,0,2,150,0,152,0,70,303,0,373,82,0,82,455
02/21/2023,PDK,GA,ASO,ES,Towers with Radar,0,75,156,0,231,0,1,49,0,50,0,76,205,0,281,104,0,104,385
02/22/2023,PDK,GA,ASO,ES,Towers with Radar,0,100,137,0,237,0,3,134,0,137,0,103,271,0,374,189,0,189,563
02/23/2023,PDK,GA,ASO,ES,Towers with Radar,1,103,158,0,262,0,2,62,0,64,1,105,220,0,326,179,0,179,505
02/24/2023,PDK,GA,ASO,ES,Towers with Radar,0,63,148,0,211,0,2,81,0,83,0,65,229,0,294,146,0,146,440
02/25/2023,PDK,GA,ASO,ES,Towers with Radar,0,41,94,0,135,0,0,2,0,2,0,41,96,0,137,0,0,0,137
02/26/2023,PDK,GA,ASO,ES,Towers with Radar,0,72,126,0,198,0,5,80,0,85,0,77,206,0,283,41,0,41,324
02/27/2023,PDK,GA,ASO,ES,Towers with Radar,0,49,111,0,160,0,12,51,0,63,0,61,162,0,223,42,0,42,265
02/28/2023,PDK,GA,ASO,ES,Towers with Radar,0,68,163,0,231,0,14,264,0,278,0,82,427,0,509,216,0,216,725
03/01/2023,PDK,GA,ASO,ES,Towers with Radar,0,85,159,0,244,0,2,87,0,89,0,87,246,0,333,148,0,148,481
03/02/2023,PDK,GA,ASO,ES,Towers with Radar,0,89,134,0,223,0,0,26,0,26,0,89,160,0,249,36,0,36,285
03/03/2023,PDK,GA,ASO,ES,Towers with Radar,0,76,111,0,187,0,1,5,0,6,0,77,116,0,193,0,0,0,193
03/04/2023,PDK,GA,ASO,ES,Towers with Radar,0,64,82,0,146,0,5,264,0,269,0,69,346,0,415,180,0,180,595
03/05/2023,PDK,GA,ASO,ES,Towers with Radar,1,72,112,0,185,16,2,243,0,261,17,74,355,0,446,220,0,220,666
03/06/2023,PDK,GA,ASO,ES,Towers with Radar,0,69,145,0,214,0,0,165,0,165,0,69,310,0,379,226,0,226,605
03/07/2023,PDK,GA,ASO,ES,Towers with Radar,0,72,122,0,194,0,11,183,0,194,0,83,305,0,388,162,0,162,550
03/08/2023,PDK,GA,ASO,ES,Towers with Radar,0,74,131,2,207,0,4,263,0,267,0,78,394,2,474,190,0,190,664
03/09/2023,PDK,GA,ASO,ES,Towers with Radar,0,84,144,0,228,0,5,134,0,139,0,89,278,0,367,392,0,392,759
03/10/2023,PDK,GA,ASO,ES,Towers with Radar,0,77,91,0,168,0,3,58,0,61,0,80,149,0,229,52,0,52,281
03/11/2023,PDK,GA,ASO,ES,Towers with Radar,0,48,69,0,117,0,2,218,0,220,0,50,287,0,337,295,0,295,632
03/12/2023,PDK,GA,ASO,ES,Towers with Radar,0,49,74,0,123,0,0,0,0,0,0,49,74,0,123,0,0,0,123
03/13/2023,PDK,GA,ASO,ES,Towers with Radar,0,61,109,4,174,0,2,137,1,140,0,63,246,5,314,44,0,44,358
03/14/2023,PDK,GA,ASO,ES,Towers with Radar,0,47,118,0,165,0,4,190,0,194,0,51,308,0,359,136,0,136,495
03/15/2023,PDK,GA,ASO,ES,Towers with Radar,0,69,127,0,196,0,0,187,0,187,0,69,314,0,383,312,0,312,695
03/16/2023,PDK,GA,ASO,ES,Towers with Radar,0,105,119,5,229,0,4,246,5,255,0,109,365,10,484,320,0,320,804
03/17/2023,PDK,GA,ASO,ES,Towers with Radar,0,46,103,0,149,0,0,3,0,3,0,46,106,0,152,0,0,0,152
03/18/2023,PDK,GA,ASO,ES,Towers with Radar,0,40,65,3,108,0,3,101,0,104,0,43,166,3,212,72,0,72,284
03/19/2023,PDK,GA,ASO,ES,Towers with Radar,0,57,108,0,165,0,3,132,0,135,0,60,240,0,300,32,0,32,332
03/20/2023,PDK,GA,ASO,ES,Towers with Radar,0,69,95,4,168,0,10,215,0,225,0,79,310,4,393,342,0,342,735
03/21/2023,PDK,GA,ASO,ES,Towers with Radar,0,78,126,0,204,0,17,187,0,204,0,95,313,0,408,250,0,250,658
03/22/2023,PDK,GA,ASO,ES,Towers with Radar,0,79,155,5,239,0,2,172,0,174,0,81,327,5,413,454,0,454,867
03/23/2023,PDK,GA,ASO,ES,Towers with Radar,0,65,112,4,181,0,2,220,0,222,0,67,332,4,403,212,0,212,615
03/24/2023,PDK,GA,ASO,ES,Towers with Radar,0,74,146,0,220,0,4,171,0,175,0,78,317,0,395,102,0,102,497
03/25/2023,PDK,GA,ASO,ES,Towers with Radar,0,37,76,0,113,0,3,3,0,6,0,40,79,0,119,0,0,0,119
03/26/2023,PDK,GA,ASO,ES,Towers with Radar,0,64,128,0,192,0,0,15,0,15,0,64,143,0,207,42,0,42,249
03/27/2023,PDK,GA,ASO,ES,Towers with Radar,2,56,95,0,153,0,12,126,0,138,2,68,221,0,291,40,0,40,331
03/28/2023,PDK,GA,ASO,ES,Towers with Radar,0,71,131,0,202,0,2,143,2,147,0,73,274,2,349,221,0,221,570
03/29/2023,PDK,GA,ASO,ES,Towers with Radar,0,68,129,0,197,0,1,265,2,268,0,69,394,2,465,310,0,310,775
03/30/2023,PDK,GA,ASO,ES,Towers with Radar,0,73,157,0,230,1,3,265,0,269,1,76,422,0,499,296,0,296,795
03/31/2023,PDK,GA,ASO,ES,Towers with Radar,0,67,145,2,214,0,1,133,1,135,0,68,278,3,349,246,4,250,599
04/01/2023,PDK,GA,ASO,ES,Towers with Radar,0,52,76,1,129,0,0,20,0,20,0,52,96,1,149,10,0,10,159
04/02/2023,PDK,GA,ASO,ES,Towers with Radar,0,96,114,2,212,0,3,225,2,230,0,99,339,4,442,228,0,228,670
04/03/2023,PDK,GA,ASO,ES,Towers with Radar,0,72,86,0,158,0,1,52,0,53,0,73,138,0,211,130,0,130,341
04/04/2023,PDK,GA,ASO,ES,Towers with Radar,0,81,140,0,221,0,1,60,0,61,0,82,200,0,282,130,0,130,412
04/05/2023,PDK,GA,ASO,ES,Towers with Radar,0,79,161,2,242,0,2,148,0,150,0,81,309,2,392,190,0,190,582
04/06/2023,PDK,GA,ASO,ES,Towers with Radar,0,99,177,1,277,0,2,182,0,184,0,101,359,1,461,294,0,294,755
04/07/2023,PDK,GA,ASO,ES,Towers with Radar,0,67,147,0,214,0,0,57,0,57,0,67,204,0,271,156,0,156,427
04/08/2023,PDK,GA,ASO,ES,Towers with Radar,0,26,27,0,53,0,0,2,0,2,0,26,29,0,55,0,0,0,55
04/09/2023,PDK,GA,ASO,ES,Towers with Radar,0,74,65,0,139,0,3,91,0,94,0,77,156,0,233,52,0,52,285
04/10/2023,PDK,GA,ASO,ES,Towers with Radar,0,97,146,0,243,0,2,152,0,154,0,99,298,0,397,140,2,142,539
04/11/2023,PDK,GA,ASO,ES,Towers with Radar,0,91,144,0,235,0,35,251,0,286,0,126,395,0,521,306,0,306,827
04/12/2023,PDK,GA,ASO,ES,Towers with Radar,0,77,156,0,233,0,19,311,0,330,0,96,467,0,563,240,0,240,803
04/13/2023,PDK,GA,ASO,ES,Towers with Radar,0,86,158,2,246,0,1,54,0,55,0,87,212,2,301,48,0,48,349
04/14/2023,PDK,GA,ASO,ES,Towers with Radar,0,73,125,0,198,0,2,32,0,34,0,75,157,0,232,44,0,44,276
04/15/2023,PDK,GA,ASO,ES,Towers with Radar,0,41,69,2,112,0,3,287,0,290,0,44,356,2,402,214,0,214,616
04/16/2023,PDK,GA,ASO,ES,Towers with Radar,0,77,105,6,188,0,0,30,0,30,0,77,135,6,218,32,0,32,250
04/17/2023,PDK,GA,ASO,ES,Towers with Radar,0,71,130,0,201,0,5,131,0,136,0,76,261,0,337,18,0,18,355
04/18/2023,PDK,GA,ASO,ES,Towers with Radar,0,81,177,0,258,0,3,227,0,230,0,84,404,0,488,214,0,214,702
04/19/2023,PDK,GA,ASO,ES,Towers with Radar,0,69,163,11,243,0,4,248,1,253,0,73,411,12,496,338,0,338,834
04/20/2023,PDK,GA,ASO,ES,Towers with Radar,0,115,179,0,294,0,4,263,0,267,0,119,442,0,561,206,0,206,767
04/21/2023,PDK,GA,ASO,ES,Towers with Radar,0,56,169,5,230,0,2,212,1,215,0,58,381,6,445,188,0,188,633
04/22/2023,PDK,GA,ASO,ES,Towers with Radar,0,52,86,0,138,0,1,65,0,66,0,53,151,0,204,10,0,10,214
04/23/2023,PDK,GA,ASO,ES,Towers with Radar,0,87,137,2,226,0,5,190,0,195,0,92,327,2,421,168,0,168,589
04/24/2023,PDK,GA,ASO,ES,Towers with Radar,0,85,131,0,216,0,4,224,0,228,0,89,355,0,444,190,0,190,634
04/25/2023,PDK,GA,ASO,ES,Towers with Radar,0,85,152,0,237,0,6,212,0,218,0,91,364,0,455,328,0,328,783
04/26/2023,PDK,GA,ASO,ES,Towers with Radar,1,102,168,0,271,0,0,43,0,43,1,102,211,0,314,124,0,124,438
04/27/2023,PDK,GA,ASO,ES,Towers with Radar,0,71,115,0,186,0,0,0,0,0,0,71,115,0,186,0,0,0,186
04/28/2023,PDK,GA,ASO,ES,Towers with Radar,0,85,179,0,264,0,5,94,1,100,0,90,273,1,364,175,0,175,539
04/29/2023,PDK,GA,ASO,ES,Towers with Radar,1,66,105,0,172,0,7,259,4,270,1,73,364,4,442,212,0,212,654
04/30/2023,PDK,GA,ASO,ES,Towers with Radar,0,81,129,0,210,0,1,22,0,23,0,82,151,0,233,2,0,2,235
05/01/2023,PDK,GA,ASO,ES,Towers with Radar,0,78,137,0,215,0,10,104,0,114,0,88,241,0,329,21,0,21,350
05/02/2023,PDK,GA,ASO,ES,Towers with Radar,0,68,104,0,172,0,5,75,0,80,0,73,179,0,252,0,0,0,252
05/03/2023,PDK,GA,ASO,ES,Towers with Radar,0,109,153,0,262,0,7,90,0,97,0,116,243,0,359,0,0,0,359
05/04/2023,PDK,GA,ASO,ES,Towers with Radar,0,117,177,0,294,0,6,270,0,276,0,123,447,0,570,10,0,10,580
05/05/2023,PDK,GA,ASO,ES,Towers with Radar,0,88,145,0,233,0,8,180,0,188,0,96,325,0,421,2,0,2,423
05/06/2023,PDK,GA,ASO,ES,Towers with Radar,0,63,92,0,155,0,0,152,0,152,0,63,244,0,307,23,0,23,330
05/07/2023,PDK,GA,ASO,ES,Towers with Radar,0,83,152,2,237,0,6,84,0,90,0,89,236,2,327,0,0,0,327
05/08/2023,PDK,GA,ASO,ES,Towers with Radar,1,87,137,0,225,0,7,112,1,120,1,94,249,1,345,0,0,0,345
05/09/2023,PDK,GA,ASO,ES,Towers with Radar,1,82,163,2,248,0,4,112,5,121,1,86,275,7,369,10,0,10,379
05/10/2023,PDK,GA,ASO,ES,Towers with Radar,1,79,165,0,245,0,4,226,0,230,1,83,391,0,475,0,0,0,475
05/11/2023,PDK,GA,ASO,ES,Towers with Radar,0,86,185,1,272,0,6,198,0,204,0,92,383,1,476,32,0,32,508
05/12/2023,PDK,GA,ASO,ES,Towers with Radar,0,80,150,0,230,0,1,19,0,20,0,81,169,0,250,0,0,0,250
05/13/2023,PDK,GA,ASO,ES,Towers with Radar,0,49,80,0,129,0,4,116,0,120,0,53,196,0,249,79,0,79,328
05/14/2023,PDK,GA,ASO,ES,Towers with Radar,0,70,89,0,159,0,6,172,0,178,0,76,261,0,337,196,0,196,533
05/15/2023,PDK,GA,ASO,ES,Towers with Radar,0,77,153,0,230,0,3,143,0,146,0,80,296,0,376,237,0,237,613
05/16/2023,PDK,GA,ASO,ES,Towers with Radar,1,92,176,0,269,0,1,83,0,84,1,93,259,0,353,144,0,144,497
05/17/2023,PDK,GA,ASO,ES,Towers with Radar,0,105,193,0,298,0,4,93,0,97,0,109,286,0,395,130,0,130,525
05/18/2023,PDK,GA,ASO,ES,Towers with Radar,0,109,183,2,294,0,0,14,0,14,0,109,197,2,308,26,0,26,334
05/19/2023,PDK,GA,ASO,ES,Towers with Radar,0,87,173,2,262,0,1,111,0,112,0,88,284,2,374,200,10,210,584
05/20/2023,PDK,GA,ASO,ES,Towers with Radar,0,64,75,1,140,0,1,53,0,54,0,65,128,1,194,185,0,185,379
05/21/2023,PDK,GA,ASO,ES,Towers with Radar,0,85,112,1,198,0,1,83,0,84,0,86,195,1,282,200,0,200,482
05/22/2023,PDK,GA,ASO,ES,Towers with Radar,0,61,136,0,197,0,4,102,0,106,0,65,238,0,303,140,0,140,443
05/23/2023,PDK,GA,ASO,ES,Towers with Radar,0,74,135,0,209,0,2,171,0,173,0,76,306,0,382,198,0,198,580
05/24/2023,PDK,GA,ASO,ES,Towers with Radar,0,89,157,2,248,0,19,258,0,277,0,108,415,2,525,216,0,216,741
05/25/2023,PDK,GA,ASO,ES,Towers with Radar,0,97,162,2,261,0,4,244,1,249,0,101,406,3,510,132,0,132,642
05/26/2023,PDK,GA,ASO,ES,Towers with Radar,0,81,130,2,213,0,4,224,0,228,0,85,354,2,441,144,0,144,585
05/27/2023,PDK,GA,ASO,ES,Towers with Radar,0,51,51,0,102,0,1,129,0,130,0,52,180,0,232,84,0,84,316
05/28/2023,PDK,GA,ASO,ES,Towers with Radar,0,34,48,2,84,0,9,163,0,172,0,43,211,2,256,146,0,146,402
05/29/2023,PDK,GA,ASO,ES,Towers with Radar,0,65,91,0,156,0,8,146,0,154,0,73,237,0,310,248,0,248,558
05/30/2023,PDK,GA,ASO,ES,Towers with Radar,0,86,125,0,211,0,4,194,0,198,0,90,319,0,409,290,0,290,699
05/31/2023,PDK,GA,ASO,ES,Towers with Radar,0,85,172,0,257,0,6,112,0,118,0,91,284,0,375,200,0,200,575
06/01/2023,PDK,GA,ASO,ES,Towers with Radar,0,85,119,0,204,0,14,230,0,244,0,99,349,0,448,222,0,222,670
06/02/2023,PDK,GA,ASO,ES,Towers with Radar,0,65,103,0,168,0,7,256,0,263,0,72,359,0,431,178,0,178,609
06/03/2023,PDK,GA,ASO,ES,Towers with Radar,0,32,64,0,96,0,6,200,0,206,0,38,264,0,302,144,0,144,446
06/04/2023,PDK,GA,ASO,ES,Towers with Radar,0,66,114,0,180,0,4,88,0,92,0,70,202,0,272,139,0,139,411
06/05/2023,PDK,GA,ASO,ES,Towers with Radar,1,76,115,2,194,0,4,113,0,117,1,80,228,2,311,113,0,113,424
06/06/2023,PDK,GA,ASO,ES,Towers with Radar,0,64,127,0,191,0,9,128,1,138,0,73,255,1,329,184,0,184,513
06/07/2023,PDK,GA,ASO,ES,Towers with Radar,0,66,109,1,176,0,6,198,0,204,0,72,307,1,380,116,0,116,496
06/08/2023,PDK,GA,ASO,ES,Towers with Radar,0,72,122,3,197,0,4,192,0,196,0,76,314,3,393,146,0,146,539
06/09/2023,PDK,GA,ASO,ES,Towers with Radar,0,97,104,1,202,0,5,200,0,205,0,102,304,1,407,152,0,152,559
06/10/2023,PDK,GA,ASO,ES,Towers with Radar,0,46,81,1,128,0,3,240,0,243,0,49,321,1,371,131,0,131,502
06/11/2023,PDK,GA,ASO,ES,Towers with Radar,0,83,84,0,167,0,1,30,0,31,0,84,114,0,198,136,0,136,334
06/12/2023,PDK,GA,ASO,ES,Towers with Radar,1,73,110,0,184,0,7,86,0,93,1,80,196,0,277,34,0,34,311
06/13/2023,PDK,GA,ASO,ES,Towers with Radar,0,91,119,4,214,0,9,203,0,212,0,100,322,4,426,258,0,258,684
06/14/2023,PDK,GA,ASO,ES,Towers with Radar,0,77,131,0,208,0,1,23,2,26,0,78,154,2,234,12,0,12,246
06/15/2023,PDK,GA,ASO,ES,Towers with Radar,0,88,129,0,217,0,3,106,0,109,0,91,235,0,326,220,0,220,546
06/16/2023,PDK,GA,ASO,ES,Towers with Radar,0,87,120,0,207,0,5,163,0,168,0,92,283,0,375,105,0,105,480
06/17/2023,PDK,GA,ASO,ES,Towers with Radar,0,65,71,0,136,0,8,237,0,245,0,73,308,0,381,151,0,151,532
06/18/2023,PDK,GA,ASO,ES,Towers with Radar,0,66,64,0,130,0,6,191,0,197,0,72,255,0,327,128,0,128,455
06/19/2023,PDK,GA,ASO,ES,Towers with Radar,0,65,95,0,160,0,3,28,0,31,0,68,123,0,191,46,0,46,237
06/20/2023,PDK,GA,ASO,ES,Towers with Radar,0,51,124,0,175,0,2,64,0,66,0,53,188,0,241,98,0,98,339
06/21/2023,PDK,GA,ASO,ES,Towers with Radar,0,72,129,0,201,0,0,0,0,0,0,72,129,0,201,0,0,0,201
06/22/2023,PDK,GA,ASO,ES,Towers with Radar,0,63,131,2,196,0,0,13,0,13,0,63,144,2,209,20,2,22,231
06/23/2023,PDK,GA,ASO,ES,Towers with Radar,1,74,131,0,206,1,6,100,6,113,2,80,231,6,319,94,0,94,413
06/24/2023,PDK,GA,ASO,ES,Towers with Radar,0,43,92,0,135,0,6,235,0,241,0,49,327,0,376,222,0,222,598
06/25/2023,PDK,GA,ASO,ES,Towers with Radar,0,46,73,0,119,0,3,127,2,132,0,49,200,2,251,182,0,182,433
06/26/2023,PDK,GA,ASO,ES,Towers with Radar,0,73,132,0,205,0,6,136,0,142,0,79,268,0,347,138,0,138,485
06/27/2023,PDK,GA,ASO,ES,Towers with Radar,0,80,101,1,182,0,7,175,0,182,0,87,276,1,364,110,0,110,474
06/28/2023,PDK,GA,ASO,ES,Towers with Radar,0,75,129,2,206,0,0,220,0,220,0,75,349,2,426,158,0,158,584
06/29/2023,PDK,GA,ASO,ES,Towers with Radar,0,76,186,0,262,0,8,166,0,174,0,84,352,0,436,258,0,258,694
06/30/2023,PDK,GA,ASO,ES,Towers with Radar,1,94,128,2,225,0,2,92,0,94,1,96,220,2,319,134,0,134,453
07/01/2023,PDK,GA,ASO,ES,Towers with Radar,0,72,91,2,165,0,3,148,1,152,0,75,239,3,317,148,0,148,465
07/02/2023,PDK,GA,ASO,ES,Towers with Radar,0,53,55,0,108,0,2,91,2,95,0,55,146,2,203,164,0,164,367
07/03/2023,PDK,GA,ASO,ES,Towers with Radar,0,29,70,0,99,0,4,111,0,115,0,33,181,0,214,185,0,185,399
07/04/2023,PDK,GA,ASO,ES,Towers with Radar,0,39,30,0,69,0,5,60,0,65,0,44,90,0,134,78,0,78,212
07/05/2023,PDK,GA,ASO,ES,Towers with Radar,0,62,101,0,163,0,5,117,0,122,0,67,218,0,285,99,0,99,384
07/06/2023,PDK,GA,ASO,ES,Towers with Radar,0,50,111,2,163,0,6,162,4,172,0,56,273,6,335,233,0,233,568
07/07/2023,PDK,GA,ASO,ES,Towers with Radar,0,60,96,0,156,0,5,160,0,165,0,65,256,0,321,148,0,148,469
07/08/2023,PDK,GA,ASO,ES,Towers with Radar,0,70,82,0,152,0,4,193,1,198,0,74,275,1,350,257,0,257,607
07/09/2023,PDK,GA,ASO,ES,Towers with Radar,0,77,99,0,176,0,4,125,0,129,0,81,224,0,305,210,0,210,515
07/10/2023,PDK,GA,ASO,ES,Towers with Radar,0,63,104,0,167,0,4,91,0,95,0,67,195,0,262,142,0,142,404
07/11/2023,PDK,GA,ASO,ES,Towers with Radar,0,72,138,0,210,0,6,211,1,218,0,78,349,1,428,276,0,276,704
07/12/2023,PDK,GA,ASO,ES,Towers with Radar,0,70,152,0,222,0,4,207,0,211,0,74,359,0,433,194,0,194,627
07/13/2023,PDK,GA,ASO,ES,Towers with Radar,0,92,120,2,214,0,5,179,0,184,0,97,299,2,398,203,0,203,601
07/14/2023,PDK,GA,ASO,ES,Towers with Radar,0,51,153,1,205,0,4,149,4,157,0,55,302,5,362,124,0,124,486
07/15/2023,PDK,GA,ASO,ES,Towers with Radar,0,53,75,0,128,0,4,161,0,165,0,57,236,0,293,136,0,136,429
07/16/2023,PDK,GA,ASO,ES,Towers with Radar,0,86,110,5,201,0,11,174,0,185,0,97,284,5,386,142,8,150,536
07/17/2023,PDK,GA,ASO,ES,Towers with Radar,0,68,127,0,195,0,7,115,0,122,0,75,242,0,317,194,0,194,511
07/18/2023,PDK,GA,ASO,ES,Towers with Radar,0,89,133,2,224,0,1,112,0,113,0,90,245,2,337,188,0,188,525
07/19/2023,PDK,GA,ASO,ES,Towers with Radar,1,74,123,0,198,0,2,186,0,188,1,76,309,0,386,176,0,176,562
07/20/2023,PDK,GA,ASO,ES,Towers with Radar,0,61,145,0,206,0,0,169,0,169,0,61,314,0,375,75,0,75,450
07/21/2023,PDK,GA,ASO,ES,Towers with Radar,0,56,104,2,162,0,2,128,0,130,0,58,232,2,292,96,0,96,388
07/22/2023,PDK,GA,ASO,ES,Towers with Radar,1,64,104,2,171,0,1,140,0,141,1,65,244,2,312,164,0,164,476
07/23/2023,PDK,GA,ASO,ES,Towers with Radar,0,69,113,2,184,0,5,200,0,205,0,74,313,2,389,112,0,112,501
07/24/2023,PDK,GA,ASO,ES,Towers with Radar,0,65,107,4,176,0,6,139,0,145,0,71,246,4,321,278,0,278,599
07/25/2023,PDK,GA,ASO,ES,Towers with Radar,0,69,126,0,195,0,13,180,1,194,0,82,306,1,389,294,0,294,683
07/26/2023,PDK,GA,ASO,ES,Towers with Radar,1,82,139,0,222,0,7,181,0,188,1,89,320,0,410,128,0,128,538
07/27/2023,PDK,GA,ASO,ES,Towers with Radar,1,71,157,0,229,0,7,195,0,202,1,78,352,0,431,208,0,208,639
07/28/2023,PDK,GA,ASO,ES,Towers with Radar,0,66,110,2,178,0,3,182,0,185,0,69,292,2,363,197,0,197,560
07/29/2023,PDK,GA,ASO,ES,Towers with Radar,1,56,70,0,127,0,0,158,0,158,1,56,228,0,285,230,0,230,515
07/30/2023,PDK,GA,ASO,ES,Towers with Radar,0,73,94,0,167,0,2,144,0,146,0,75,238,0,313,130,0,130,443
07/31/2023,PDK,GA,ASO,ES,Towers with Radar,0,76,101,4,181,0,8,167,0,175,0,84,268,4,356,164,0,164,520
08/01/2023,PDK,GA,ASO,ES,Towers with Radar,0,81,100,4,185,0,4,171,1,176,0,85,271,5,361,232,0,232,593
08/02/2023,PDK,GA,ASO,ES,Towers with Radar,0,75,131,2,208,0,3,191,1,195,0,78,322,3,403,262,0,262,665
08/03/2023,PDK,GA,ASO,ES,Towers with Radar,0,80,114,0,194,0,0,70,0,70,0,80,184,0,264,166,0,166,430
08/04/2023,PDK,GA,ASO,ES,Towers with Radar,0,59,106,0,165,0,2,99,7,108,0,61,205,7,273,154,0,154,427
08/05/2023,PDK,GA,ASO,ES,Towers with Radar,0,44,90,0,134,0,2,128,0,130,0,46,218,0,264,210,0,210,474
08/06/2023,PDK,GA,ASO,ES,Towers with Radar,0,63,82,0,145,0,1,94,0,95,0,64,176,0,240,94,0,94,334
08/07/2023,PDK,GA,ASO,ES,Towers with Radar,0,11,48,0,59,0,2,75,0,77,0,13,123,0,136,112,2,114,250
08/08/2023,PDK,GA,ASO,ES,Towers with Radar,0,18,80,0,98,0,9,112,0,121,0,27,192,0,219,186,0,186,405
08/09/2023,PDK,GA,ASO,ES,Towers with Radar,0,23,59,0,82,0,3,175,0,178,0,26,234,0,260,180,0,180,440
08/10/2023,PDK,GA,ASO,ES,Towers with Radar,0,9,36,0,45,0,3,93,1,97,0,12,129,1,142,132,0,132,274
08/11/2023,PDK,GA,ASO,ES,Towers with Radar,0,20,42,0,62,0,5,102,0,107,0,25,144,0,169,140,0,140,309
08/12/2023,PDK,GA,ASO,ES,Towers with Radar,0,13,37,0,50,0,5,146,0,151,0,18,183,0,201,306,0,306,507
08/13/2023,PDK,GA,ASO,ES,Towers with Radar,0,7,45,0,52,0,2,181,0,183,0,9,226,0,235,198,0,198,433
08/14/2023,PDK,GA,ASO,ES,Towers with Radar,0,10,61,0,71,0,0,137,0,137,0,10,198,0,208,180,0,180,388
08/15/2023,PDK,GA,ASO,ES,Towers with Radar,0,9,52,0,61,0,5,118,0,123,0,14,170,0,184,118,0,118,302
08/16/2023,PDK,GA,ASO,ES,Towers with Radar,0,20,58,0,78,0,7,207,0,214,0,27,265,0,292,219,0,219,511
08/17/2023,PDK,GA,ASO,ES,Towers with Radar,0,13,60,0,73,0,5,194,0,199,0,18,254,0,272,192,0,192,464
08/18/2023,PDK,GA,ASO,ES,Towers with Radar,0,15,66,0,81,0,4,208,0,212,0,19,274,0,293,157,0,157,450
08/19/2023,PDK,GA,ASO,ES,Towers with Radar,0,11,55,0,66,0,4,240,0,244,0,15,295,0,310,174,0,174,484
08/20/2023,PDK,GA,ASO,ES,Towers with Radar,0,26,72,0,98,0,3,172,0,175,0,29,244,0,273,141,0,141,414
08/21/2023,PDK,GA,ASO,ES,Towers with Radar,1,59,128,2,190,0,6,160,0,166,1,65,288,2,356,108,0,108,464
08/22/2023,PDK,GA,ASO,ES,Towers with Radar,0,53,151,0,204,0,10,203,0,213,0,63,354,0,417,196,0,196,613
08/23/2023,PDK,GA,ASO,ES,Towers with Radar,1,76,150,0,227,0,9,173,0,182,1,85,323,0,409,144,0,144,553
08/24/2023,PDK,GA,ASO,ES,Towers with Radar,0,65,148,2,215,0,5,193,0,198,0,70,341,2,413,178,0,178,591
08/25/2023,PDK,GA,ASO,ES,Towers with Radar,0,42,125,0,167,0,10,190,4,204,0,52,315,4,371,194,0,194,565
08/26/2023,PDK,GA,ASO,ES,Towers with Radar,0,39,58,0,97,0,8,149,1,158,0,47,207,1,255,130,0,130,385
08/27/2023,PDK,GA,ASO,ES,Towers with Radar,0,72,99,0,171,0,6,140,2,148,0,78,239,2,319,216,0,216,535
08/28/2023,PDK,GA,ASO,ES,Towers with Radar,0,60,106,0,166,0,1,99,0,100,0,61,205,0,266,78,0,78,344
08/29/2023,PDK,GA,ASO,ES,Towers with Radar,0,66,129,0,195,0,0,32,0,32,0,66,161,0,227,78,0,78,305
08/30/2023,PDK,GA,ASO,ES,Towers with Radar,0,53,65,0,118,0,3,20,0,23,0,56,85,0,141,112,0,112,253
08/31/2023,PDK,GA,ASO,ES,Towers with Radar,0,104,171,0,275,0,4,212,0,216,0,108,383,0,491,220,0,220,711
01/01/2020,PDK,GA,ASO,ES,Towers with Radar,0,26,60,0,86,0,4,96,1,101,0,30,156,1,187,24,0,24,211
01/02/2020,PDK,GA,ASO,ES,Towers with Radar,0,45,88,0,133,0,1,14,0,15,0,46,102,0,148,110,0,110,258
01/03/2020,PDK,GA,ASO,ES,Towers with Radar,0,38,65,0,103,0,0,0,0,0,0,38,65,0,103,0,0,0,103
01/04/2020,PDK,GA,ASO,ES,Towers with Radar,0,56,62,0,118,0,4,65,0,69,0,60,127,0,187,26,0,26,213
01/05/2020,PDK,GA,ASO,ES,Towers with Radar,0,58,88,0,146,0,2,165,0,167,0,60,253,0,313,158,0,158,471
01/06/2020,PDK,GA,ASO,ES,Towers with Radar,0,40,107,0,147,0,2,192,0,194,0,42,299,0,341,258,0,258,599
01/07/2020,PDK,GA,ASO,ES,Towers with Radar,0,42,106,0,148,0,8,91,0,99,0,50,197,0,247,14,0,14,261
01/08/2020,PDK,GA,ASO,ES,Towers with Radar,0,72,115,1,188,0,4,231,2,237,0,76,346,3,425,156,0,156,581
01/09/2020,PDK,GA,ASO,ES,Towers with Radar,0,69,134,0,203,0,6,183,0,189,0,75,317,0,392,128,0,128,520
01/10/2020,PDK,GA,ASO,ES,Towers with Radar,0,64,147,4,215,0,2,149,0,151,0,66,296,4,366,168,0,168,534
01/11/2020,PDK,GA,ASO,ES,Towers with Radar,0,23,41,1,65,0,0,2,0,2,0,23,43,1,67,8,0,8,75
01/12/2020,PDK,GA,ASO,ES,Towers with Radar,0,39,127,0,166,0,3,201,0,204,0,42,328,0,370,168,0,168,538
01/13/2020,PDK,GA,ASO,ES,Towers with Radar,0,49,95,0,144,0,0,0,0,0,0,49,95,0,144,0,0,0,144
01/14/2020,PDK,GA,ASO,ES,Towers with Radar,0,53,100,0,153,0,0,0,0,0,0,53,100,0,153,0,0,0,153
01/15/2020,PDK,GA,ASO,ES,Towers with Radar,0,54,130,0,184,0,0,79,0,79,0,54,209,0,263,192,0,192,455
01/16/2020,PDK,GA,ASO,ES,Towers with Radar,0,66,162,0,228,0,6,171,0,177,0,72,333,0,405,100,0,100,505
01/17/2020,PDK,GA,ASO,ES,Towers with Radar,1,77,183,1,262,0,4,223,4,231,1,81,406,5,493,148,0,148,641
01/18/2020,PDK,GA,ASO,ES,Towers with Radar,0,31,66,0,97,0,0,25,0,25,0,31,91,0,122,142,0,142,264
01/19/2020,PDK,GA,ASO,ES,Towers with Radar,0,46,84,0,130,0,0,109,2,111,0,46,193,2,241,50,0,50,291
01/20/2020,PDK,GA,ASO,ES,Towers with Radar,0,85,143,0,228,0,4,248,0,252,0,89,391,0,480,242,0,242,722
01/21/2020,PDK,GA,ASO,ES,Towers with Radar,0,73,146,0,219,0,3,167,0,170,0,76,313,0,389,346,0,346,735
01/22/2020,PDK,GA,ASO,ES,Towers with Radar,0,50,143,0,193,0,0,202,0,202,0,50,345,0,395,208,0,208,603
01/23/2020,PDK,GA,ASO,ES,Towers with Radar,0,60,166,0,226,0,5,139,0,144,0,65,305,0,370,148,0,148,518
01/24/2020,PDK,GA,ASO,ES,Towers with Radar,0,59,137,0,196,0,0,22,0,22,0,59,159,0,218,6,0,6,224
01/25/2020,PDK,GA,ASO,ES,Towers with Radar,0,27,83,0,110,0,4,186,2,192,0,31,269,2,302,222,0,222,524
01/26/2020,PDK,GA,ASO,ES,Towers with Radar,0,51,92,0,143,0,4,218,0,222,0,55,310,0,365,258,0,258,623
01/27/2020,PDK,GA,ASO,ES,Towers with Radar,1,45,145,0,191,0,4,49,0,53,1,49,194,0,244,182,0,182,426
01/28/2020,PDK,GA,ASO,ES,Towers with Radar,0,56,190,0,246,0,2,236,0,238,0,58,426,0,484,216,0,216,700
01/29/2020,PDK,GA,ASO,ES,Towers with Radar,0,72,146,0,218,0,5,151,0,156,0,77,297,0,374,258,0,258,632
01/30/2020,PDK,GA,ASO,ES,Towers with Radar,0,70,159,2,231,0,2,222,0,224,0,72,381,2,455,192,0,192,647
01/31/2020,PDK,GA,ASO,ES,Towers with Radar,0,45,136,0,181,0,0,7,0,7,0,45,143,0,188,14,0,14,202
02/01/2020,PDK,GA,ASO,ES,Towers with Radar,0,32,69,0,101,0,2,33,0,35,0,34,102,0,136,56,0,56,192
02/02/2020,PDK,GA,ASO,ES,Towers with Radar,1,41,74,0,116,0,2,184,0,186,1,43,258,0,302,128,0,128,430
02/03/2020,PDK,GA,ASO,ES,Towers with Radar,0,52,148,0,200,0,5,187,0,192,0,57,335,0,392,168,0,168,560
02/04/2020,PDK,GA,ASO,ES,Towers with Radar,0,68,150,1,219,0,0,77,3,80,0,68,227,4,299,184,0,184,483
02/05/2020,PDK,GA,ASO,ES,Towers with Radar,0,66,144,0,210,0,1,12,0,13,0,67,156,0,223,62,0,62,285
02/06/2020,PDK,GA,ASO,ES,Towers with Radar,1,50,63,0,114,0,0,0,0,0,1,50,63,0,114,0,0,0,114
02/07/2020,PDK,GA,ASO,ES,Towers with Radar,0,59,134,1,194,0,2,73,0,75,0,61,207,1,269,126,0,126,395
02/08/2020,PDK,GA,ASO,ES,Towers with Radar,0,34,73,0,107,0,0,22,0,22,0,34,95,0,129,0,0,0,129
02/09/2020,PDK,GA,ASO,ES,Towers with Radar,0,46,108,1,155,0,5,150,0,155,0,51,258,1,310,190,0,190,500
02/10/2020,PDK,GA,ASO,ES,Towers with Radar,0,56,128,0,184,0,0,20,0,20,0,56,148,0,204,32,0,32,236
02/11/2020,PDK,GA,ASO,ES,Towers with Radar,0,60,131,0,191,0,0,19,0,19,0,60,150,0,210,38,0,38,248
02/12/2020,PDK,GA,ASO,ES,Towers with Radar,0,82,159,0,241,0,1,70,0,71,0,83,229,0,312,202,0,202,514
02/13/2020,PDK,GA,ASO,ES,Towers with Radar,0,86,130,0,216,0,1,25,0,26,0,87,155,0,242,36,0,36,278
02/14/2020,PDK,GA,ASO,ES,Towers with Radar,0,68,166,1,235,0,0,271,0,271,0,68,437,1,506,86,0,86,592
02/15/2020,PDK,GA,ASO,ES,Towers with Radar,0,28,97,0,125,0,4,264,0,268,0,32,361,0,393,116,0,116,509
02/16/2020,PDK,GA,ASO,ES,Towers with Radar,0,44,135,2,181,0,0,14,0,14,0,44,149,2,195,16,0,16,211
02/17/2020,PDK,GA,ASO,ES,Towers with Radar,0,60,143,2,205,0,0,26,0,26,0,60,169,2,231,40,0,40,271
02/18/2020,PDK,GA,ASO,ES,Towers with Radar,1,51,79,0,131,0,0,0,0,0,1,51,79,0,131,0,0,0,131
02/19/2020,PDK,GA,ASO,ES,Towers with Radar,0,73,159,0,232,0,0,24,0,24,0,73,183,0,256,184,0,184,440
02/20/2020,PDK,GA,ASO,ES,Towers with Radar,1,57,109,0,167,0,0,3,0,3,1,57,112,0,170,10,0,10,180
02/21/2020,PDK,GA,ASO,ES,Towers with Radar,0,71,152,0,223,0,0,188,0,188,0,71,340,0,411,294,0,294,705
02/22/2020,PDK,GA,ASO,ES,Towers with Radar,0,38,72,2,112,0,4,210,7,221,0,42,282,9,333,274,0,274,607
02/23/2020,PDK,GA,ASO,ES,Towers with Radar,1,52,110,0,163,0,7,252,0,259,1,59,362,0,422,234,0,234,656
02/24/2020,PDK,GA,ASO,ES,Towers with Radar,0,36,113,0,149,0,0,9,0,9,0,36,122,0,158,36,0,36,194
02/25/2020,PDK,GA,ASO,ES,Towers with Radar,0,51,161,2,214,0,3,91,0,94,0,54,252,2,308,224,0,224,532
02/26/2020,PDK,GA,ASO,ES,Towers with Radar,0,71,130,0,201,0,3,87,2,92,0,74,217,2,293,84,0,84,377
02/27/2020,PDK,GA,ASO,ES,Towers with Radar,0,83,168,0,251,0,10,171,0,181,0,93,339,0,432,56,0,56,488
02/28/2020,PDK,GA,ASO,ES,Towers with Radar,0,86,144,0,230,0,0,150,0,150,0,86,294,0,380,80,0,80,460
02/29/2020,PDK,GA,ASO,ES,Towers with Radar,0,37,74,0,111,0,1,126,0,127,0,38,200,0,238,32,0,32,270
03/01/2020,PDK,GA,ASO,ES,Towers with Radar,0,74,109,0,183,0,20,222,0,242,0,94,331,0,425,254,0,254,679
03/02/2020,PDK,GA,ASO,ES,Towers with Radar,0,58,97,2,157,0,0,43,0,43,0,58,140,2,200,130,0,130,330
03/03/2020,PDK,GA,ASO,ES,Towers with Radar,0,79,110,0,189,0,1,30,0,31,0,80,140,0,220,18,0,18,238
03/04/2020,PDK,GA,ASO,ES,Towers with Radar,0,50,110,2,162,0,0,21,0,21,0,50,131,2,183,140,0,140,323
03/05/2020,PDK,GA,ASO,ES,Towers with Radar,0,44,117,0,161,0,1,3,0,4,0,45,120,0,165,0,0,0,165
03/06/2020,PDK,GA,ASO,ES,Towers with Radar,0,46,107,3,156,0,2,95,0,97,0,48,202,3,253,36,0,36,289
03/07/2020,PDK,GA,ASO,ES,Towers with Radar,0,53,90,1,144,0,2,222,0,224,0,55,312,1,368,298,0,298,666
03/08/2020,PDK,GA,ASO,ES,Towers with Radar,0,51,117,2,170,0,0,261,0,261,0,51,378,2,431,354,0,354,785
03/09/2020,PDK,GA,ASO,ES,Towers with Radar,0,46,120,0,166,0,4,218,0,222,0,50,338,0,388,324,0,324,712
03/10/2020,PDK,GA,ASO,ES,Towers with Radar,0,67,154,2,223,0,0,68,0,68,0,67,222,2,291,158,0,158,449
03/11/2020,PDK,GA,ASO,ES,Towers with Radar,0,55,164,1,220,0,2,81,0,83,0,57,245,1,303,139,0,139,442
03/12/2020,PDK,GA,ASO,ES,Towers with Radar,0,95,158,0,253,0,0,56,0,56,0,95,214,0,309,106,0,106,415
03/13/2020,PDK,GA,ASO,ES,Towers with Radar,0,56,134,1,191,0,1,112,0,113,0,57,246,1,304,208,0,208,512
03/14/2020,PDK,GA,ASO,ES,Towers with Radar,0,58,70,0,128,0,4,189,0,193,0,62,259,0,321,192,0,192,513
03/15/2020,PDK,GA,ASO,ES,Towers with Radar,0,32,91,0,123,0,2,40,0,42,0,34,131,0,165,98,0,98,263
03/16/2020,PDK,GA,ASO,ES,Towers with Radar,0,45,112,0,157,0,0,1,0,1,0,45,113,0,158,8,0,8,166
03/17/2020,PDK,GA,ASO,ES,Towers with Radar,0,24,66,0,90,0,3,30,0,33,0,27,96,0,123,38,0,38,161
03/18/2020,PDK,GA,ASO,ES,Towers with Radar,0,31,83,2,116,0,2,68,0,70,0,33,151,2,186,242,0,242,428
03/19/2020,PDK,GA,ASO,ES,Towers with Radar,0,28,68,0,96,0,3,102,0,105,0,31,170,0,201,186,0,186,387
03/20/2020,PDK,GA,ASO,ES,Towers with Radar,0,25,57,0,82,0,1,118,2,121,0,26,175,2,203,140,0,140,343
03/21/2020,PDK,GA,ASO,ES,Towers with Radar,0,41,77,0,118,0,2,94,0,96,0,43,171,0,214,108,0,108,322
03/22/2020,PDK,GA,ASO,ES,Towers with Radar,0,26,37,0,63,0,1,30,0,31,0,27,67,0,94,132,0,132,226
03/23/2020,PDK,GA,ASO,ES,Towers with Radar,0,22,18,0,40,0,0,0,0,0,0,22,18,0,40,0,0,0,40
03/24/2020,PDK,GA,ASO,ES,Towers with Radar,0,18,16,0,34,0,2,11,0,13,0,20,27,0,47,12,0,12,59
03/25/2020,PDK,GA,ASO,ES,Towers with Radar,0,21,67,0,88,0,3,150,0,153,0,24,217,0,241,155,0,155,396
03/26/2020,PDK,GA,ASO,ES,Towers with Radar,0,30,77,0,107,0,1,109,0,110,0,31,186,0,217,162,0,162,379
03/27/2020,PDK,GA,ASO,ES,Towers with Radar,0,15,60,5,80,0,0,188,0,188,0,15,248,5,268,208,0,208,476
03/28/2020,PDK,GA,ASO,ES,Towers with Radar,0,6,47,0,53,0,2,126,1,129,0,8,173,1,182,186,0,186,368
03/29/2020,PDK,GA,ASO,ES,Towers with Radar,0,18,29,0,47,0,0,56,0,56,0,18,85,0,103,40,0,40,143
03/30/2020,PDK,GA,ASO,ES,Towers with Radar,0,21,32,0,53,0,2,134,0,136,0,23,166,0,189,73,0,73,262
03/31/2020,PDK,GA,ASO,ES,Towers with Radar,0,17,32,0,49,0,2,43,0,45,0,19,75,0,94,8,0,8,102
04/01/2020,PDK,GA,ASO,ES,Towers with Radar,0,23,35,0,58,0,0,115,0,115,0,23,150,0,173,34,0,34,207
04/02/2020,PDK,GA,ASO,ES,Towers with Radar,0,20,37,0,57,0,3,196,0,199,0,23,233,0,256,90,0,90,346
04/03/2020,PDK,GA,ASO,ES,Towers with Radar,0,15,29,0,44,0,2,175,0,177,0,17,204,0,221,16,0,16,237
04/04/2020,PDK,GA,ASO,ES,Towers with Radar,0,18,23,2,43,0,4,78,0,82,0,22,101,2,125,24,0,24,149
04/05/2020,PDK,GA,ASO,ES,Towers with Radar,0,13,18,0,31,0,0,79,0,79,0,13,97,0,110,30,0,30,140
04/06/2020,PDK,GA,ASO,ES,Towers with Radar,0,7,28,0,35,0,0,94,0,94,0,7,122,0,129,2,0,2,131
04/07/2020,PDK,GA,ASO,ES,Towers with Radar,0,18,31,2,51,0,0,52,0,52,0,18,83,2,103,0,0,0,103
04/08/2020,PDK,GA,ASO,ES,Towers with Radar,0,16,22,0,38,0,0,19,0,19,0,16,41,0,57,8,0,8,65
04/09/2020,PDK,GA,ASO,ES,Towers with Radar,0,27,42,0,69,0,5,50,0,55,0,32,92,0,124,6,0,6,130
04/10/2020,PDK,GA,ASO,ES,Towers with Radar,0,16,35,0,51,0,5,68,0,73,0,21,103,0,124,0,0,0,124
04/11/2020,PDK,GA,ASO,ES,Towers with Radar,0,6,20,0,26,0,0,156,1,157,0,6,176,1,183,40,0,40,223
04/12/2020,PDK,GA,ASO,ES,Towers with Radar,0,15,15,2,32,0,0,3,0,3,0,15,18,2,35,0,0,0,35
04/13/2020,PDK,GA,ASO,ES,Towers with Radar,0,10,42,0,52,0,3,62,1,66,0,13,104,1,118,16,0,16,134
04/14/2020,PDK,GA,ASO,ES,Towers with Radar,0,16,33,0,49,0,1,118,0,119,0,17,151,0,168,26,0,26,194
04/15/2020,PDK,GA,ASO,ES,Towers with Radar,0,18,34,0,52,0,3,69,0,72,0,21,103,0,124,6,0,6,130
04/16/2020,PDK,GA,ASO,ES,Towers with Radar,0,13,41,0,54,0,7,166,2,175,0,20,207,2,229,32,0,32,261
04/17/2020,PDK,GA,ASO,ES,Towers with Radar,0,18,52,1,71,0,2,123,0,125,0,20,175,1,196,6,0,6,202
04/18/2020,PDK,GA,ASO,ES,Towers with Radar,0,11,22,2,35,0,3,100,0,103,0,14,122,2,138,4,0,4,142
04/19/2020,PDK,GA,ASO,ES,Towers with Radar,0,10,23,1,34,0,1,2,0,3,0,11,25,1,37,0,0,0,37
04/20/2020,PDK,GA,ASO,ES,Towers with Radar,0,9,36,0,45,0,1,62,0,63,0,10,98,0,108,26,0,26,134
04/21/2020,PDK,GA,ASO,ES,Towers with Radar,0,16,52,3,71,0,0,136,0,136,0,16,188,3,207,64,0,64,271
04/22/2020,PDK,GA,ASO,ES,Towers with Radar,0,30,57,0,87,0,3,201,0,204,0,33,258,0,291,92,0,92,383
04/23/2020,PDK,GA,ASO,ES,Towers with Radar,0,19,26,0,45,0,3,1,0,4,0,22,27,0,49,0,0,0,49
04/24/2020,PDK,GA,ASO,ES,Towers with Radar,0,30,106,0,136,0,4,125,0,129,0,34,231,0,265,130,0,130,395
04/25/2020,PDK,GA,ASO,ES,Towers with Radar,0,15,37,0,52,0,2,89,0,91,0,17,126,0,143,94,0,94,237
04/26/2020,PDK,GA,ASO,ES,Towers with Radar,0,13,23,0,36,0,4,37,0,41,0,17,60,0,77,46,0,46,123
04/27/2020,PDK,GA,ASO,ES,Towers with Radar,1,15,60,0,76,0,0,156,0,156,1,15,216,0,232,114,0,114,346
04/28/2020,PDK,GA,ASO,ES,Towers with Radar,0,34,54,0,88,0,6,190,0,196,0,40,244,0,284,188,0,188,472
04/29/2020,PDK,GA,ASO,ES,Towers with Radar,0,13,51,0,64,0,1,84,0,85,0,14,135,0,149,60,0,60,209
04/30/2020,PDK,GA,ASO,ES,Towers with Radar,0,19,88,1,108,0,5,76,0,81,0,24,164,1,189,54,0,54,243
05/01/2020,PDK,GA,ASO,ES,Towers with Radar,0,26,66,3,95,0,3,153,0,156,0,29,219,3,251,64,0,64,315
05/02/2020,PDK,GA,ASO,ES,Towers with Radar,0,9,38,0,47,0,2,193,0,195,0,11,231,0,242,194,0,194,436
05/03/2020,PDK,GA,ASO,ES,Towers with Radar,0,19,50,1,70,0,0,159,0,159,0,19,209,1,229,72,0,72,301
05/04/2020,PDK,GA,ASO,ES,Towers with Radar,0,27,63,0,90,0,2,153,0,155,0,29,216,0,245,160,0,160,405
05/05/2020,PDK,GA,ASO,ES,Towers with Radar,0,27,78,0,105,0,0,119,0,119,0,27,197,0,224,124,0,124,348
05/06/2020,PDK,GA,ASO,ES,Towers with Radar,0,24,75,0,99,0,4,120,0,124,0,28,195,0,223,40,0,40,263
05/07/2020,PDK,GA,ASO,ES,Towers with Radar,0,36,92,0,128,0,2,196,0,198,0,38,288,0,326,158,0,158,484
05/08/2020,PDK,GA,ASO,ES,Towers with Radar,0,33,74,0,107,0,2,50,0,52,0,35,124,0,159,28,0,28,187
05/09/2020,PDK,GA,ASO,ES,Towers with Radar,0,30,49,0,79,0,0,221,0,221,0,30,270,0,300,172,0,172,472
05/10/2020,PDK,GA,ASO,ES,Towers with Radar,0,21,51,0,72,0,2,153,0,155,0,23,204,0,227,52,0,52,279
05/11/2020,PDK,GA,ASO,ES,Towers with Radar,0,50,63,0,113,0,2,145,2,149,0,52,208,2,262,60,0,60,322
05/12/2020,PDK,GA,ASO,ES,Towers with Radar,0,24,72,0,96,0,6,232,0,238,0,30,304,0,334,114,0,114,448
05/13/2020,PDK,GA,ASO,ES,Towers with Radar,0,32,78,0,110,0,3,206,0,209,0,35,284,0,319,54,0,54,373
05/14/2020,PDK,GA,ASO,ES,Towers with Radar,0,28,117,4,149,0,3,132,0,135,0,31,249,4,284,202,0,202,486
05/15/2020,PDK,GA,ASO,ES,Towers with Radar,0,33,86,0,119,0,4,196,0,200,0,37,282,0,319,118,0,118,437
05/16/2020,PDK,GA,ASO,ES,Towers with Radar,0,17,53,0,70,0,0,180,0,180,0,17,233,0,250,118,0,118,368
05/17/2020,PDK,GA,ASO,ES,Towers with Radar,0,27,80,0,107,0,1,155,0,156,0,28,235,0,263,70,0,70,333
05/18/2020,PDK,GA,ASO,ES,Towers with Radar,0,32,54,0,86,0,0,18,0,18,0,32,72,0,104,122,0,122,226
05/19/2020,PDK,GA,ASO,ES,Towers with Radar,0,33,99,0,132,3,1,157,0,161,3,34,256,0,293,104,0,104,397
05/20/2020,PDK,GA,ASO,ES,Towers with Radar,0,55,99,0,154,0,0,16,0,16,0,55,115,0,170,22,0,22,192
05/21/2020,PDK,GA,ASO,ES,Towers with Radar,0,64,121,0,185,0,4,80,0,84,0,68,201,0,269,170,0,170,439
05/22/2020,PDK,GA,ASO,ES,Towers with Radar,0,46,116,0,162,0,1,130,1,132,0,47,246,1,294,188,0,188,482
05/23/2020,PDK,GA,ASO,ES,Towers with Radar,0,38,75,1,114,0,0,146,0,146,0,38,221,1,260,106,0,106,366
05/24/2020,PDK,GA,ASO,ES,Towers with Radar,0,28,32,0,60,0,4,179,0,183,0,32,211,0,243,134,0,134,377
05/25/2020,PDK,GA,ASO,ES,Towers with Radar,0,37,99,0,136,0,3,111,1,115,0,40,210,1,251,150,0,150,401
05/26/2020,PDK,GA,ASO,ES,Towers with Radar,0,52,103,1,156,0,2,38,0,40,0,54,141,1,196,112,0,112,308
05/27/2020,PDK,GA,ASO,ES,Towers with Radar,0,40,83,0,123,0,1,3,2,6,0,41,86,2,129,4,4,8,137
05/28/2020,PDK,GA,ASO,ES,Towers with Radar,0,37,96,0,133,0,1,107,0,108,0,38,203,0,241,88,0,88,329
05/29/2020,PDK,GA,ASO,ES,Towers with Radar,0,31,94,0,125,0,1,135,0,136,0,32,229,0,261,140,0,140,401
05/30/2020,PDK,GA,ASO,ES,Towers with Radar,0,20,68,0,88,0,4,262,0,266,0,24,330,0,354,230,0,230,584
05/31/2020,PDK,GA,ASO,ES,Towers with Radar,0,27,69,1,97,0,2,198,0,200,0,29,267,1,297,160,0,160,457
06/01/2020,PDK,GA,ASO,ES,Towers with Radar,0,36,100,0,136,0,3,184,2,189,0,39,284,2,325,200,0,200,525
06/02/2020,PDK,GA,ASO,ES,Towers with Radar,0,31,105,0,136,0,0,212,0,212,0,31,317,0,348,124,0,124,472
06/03/2020,PDK,GA,ASO,ES,Towers with Radar,0,31,105,0,136,0,2,183,2,187,0,33,288,2,323,254,0,254,577
06/04/2020,PDK,GA,ASO,ES,Towers with Radar,0,42,77,0,119,0,4,120,0,124,0,46,197,0,243,88,0,88,331
06/05/2020,PDK,GA,ASO,ES,Towers with Radar,0,23,84,0,107,0,2,104,0,106,0,25,188,0,213,176,0,176,389
06/06/2020,PDK,GA,ASO,ES,Towers with Radar,0,28,66,0,94,0,3,164,0,167,0,31,230,0,261,116,0,116,377
06/07/2020,PDK,GA,ASO,ES,Towers with Radar,0,42,77,0,119,0,3,140,0,143,0,45,217,0,262,86,0,86,348
06/08/2020,PDK,GA,ASO,ES,Towers with Radar,0,42,95,0,137,0,4,66,0,70,0,46,161,0,207,136,0,136,343
06/09/2020,PDK,GA,ASO,ES,Towers with Radar,0,55,100,0,155,0,1,41,0,42,0,56,141,0,197,150,0,150,347
06/10/2020,PDK,GA,ASO,ES,Towers with Radar,0,43,125,0,168,0,1,19,0,20,0,44,144,0,188,68,0,68,256
06/11/2020,PDK,GA,ASO,ES,Towers with Radar,0,71,122,0,193,0,3,209,3,215,0,74,331,3,408,148,0,148,556
06/12/2020,PDK,GA,ASO,ES,Towers with Radar,0,55,118,3,176,0,1,188,0,189,0,56,306,3,365,128,0,128,493
06/13/2020,PDK,GA,ASO,ES,Towers with Radar,0,41,62,1,104,0,0,178,2,180,0,41,240,3,284,136,0,136,420
06/14/2020,PDK,GA,ASO,ES,Towers with Radar,0,56,87,0,143,0,2,138,0,140,0,58,225,0,283,156,0,156,439
06/15/2020,PDK,GA,ASO,ES,Towers with Radar,0,53,97,0,150,0,2,104,1,107,0,55,201,1,257,142,0,142,399
06/16/2020,PDK,GA,ASO,ES,Towers with Radar,0,66,116,0,182,0,2,129,0,131,0,68,245,0,313,326,0,326,639
06/17/2020,PDK,GA,ASO,ES,Towers with Radar,0,67,136,0,203,0,0,136,0,136,0,67,272,0,339,100,0,100,439
06/18/2020,PDK,GA,ASO,ES,Towers with Radar,0,43,122,0,165,0,0,140,0,140,0,43,262,0,305,130,2,132,437
06/19/2020,PDK,GA,ASO,ES,Towers with Radar,0,46,106,0,152,0,2,168,0,170,0,48,274,0,322,162,0,162,484
06/20/2020,PDK,GA,ASO,ES,Towers with Radar,1,37,57,0,95,0,6,144,0,150,1,43,201,0,245,138,0,138,383
06/21/2020,PDK,GA,ASO,ES,Towers with Radar,0,46,68,2,116,0,2,116,0,118,0,48,184,2,234,66,0,66,300
06/22/2020,PDK,GA,ASO,ES,Towers with Radar,0,53,100,2,155,0,3,122,0,125,0,56,222,2,280,116,0,116,396
06/23/2020,PDK,GA,ASO,ES,Towers with Radar,0,57,133,0,190,0,5,67,0,72,0,62,200,0,262,102,0,102,364
06/24/2020,PDK,GA,ASO,ES,Towers with Radar,0,55,138,0,193,0,3,80,0,83,0,58,218,0,276,170,0,170,446
06/25/2020,PDK,GA,ASO,ES,Towers with Radar,0,57,100,2,159,0,1,69,0,70,0,58,169,2,229,191,0,191,420
06/26/2020,PDK,GA,ASO,ES,Towers with Radar,0,64,126,2,192,0,2,148,2,152,0,66,274,4,344,128,0,128,472
06/27/2020,PDK,GA,ASO,ES,Towers with Radar,0,54,83,0,137,0,8,154,0,162,0,62,237,0,299,154,0,154,453
06/28/2020,PDK,GA,ASO,ES,Towers with Radar,1,50,107,0,158,0,2,74,0,76,1,52,181,0,234,56,0,56,290
06/29/2020,PDK,GA,ASO,ES,Towers with Radar,1,54,93,0,148,0,3,114,0,117,1,57,207,0,265,120,0,120,385
06/30/2020,PDK,GA,ASO,ES,Towers with Radar,0,49,90,0,139,0,2,143,2,147,0,51,233,2,286,200,0,200,486
07/01/2020,PDK,GA,ASO,ES,Towers with Radar,0,71,100,0,171,0,0,110,0,110,0,71,210,0,281,142,0,142,423
07/02/2020,PDK,GA,ASO,ES,Towers with Radar,0,52,110,0,162,0,2,157,0,159,0,54,267,0,321,126,0,126,447
07/03/2020,PDK,GA,ASO,ES,Towers with Radar,0,40,72,0,112,0,0,158,0,158,0,40,230,0,270,98,0,98,368
07/04/2020,PDK,GA,ASO,ES,Towers with Radar,0,25,34,0,59,0,2,109,0,111,0,27,143,0,170,40,0,40,210
07/05/2020,PDK,GA,ASO,ES,Towers with Radar,0,41,81,1,123,0,8,74,0,82,0,49,155,1,205,46,0,46,251
07/06/2020,PDK,GA,ASO,ES,Towers with Radar,0,39,113,0,152,0,1,16,0,17,0,40,129,0,169,65,0,65,234
07/07/2020,PDK,GA,ASO,ES,Towers with Radar,0,38,109,0,147,0,2,35,0,37,0,40,144,0,184,116,0,116,300
07/08/2020,PDK,GA,ASO,ES,Towers with Radar,0,35,100,0,135,0,2,86,0,88,0,37,186,0,223,154,0,154,377
07/09/2020,PDK,GA,ASO,ES,Towers with Radar,0,53,127,0,180,0,0,122,0,122,0,53,249,0,302,138,0,138,440
07/10/2020,PDK,GA,ASO,ES,Towers with Radar,0,48,92,0,140,0,4,149,0,153,0,52,241,0,293,194,0,194,487
07/11/2020,PDK,GA,ASO,ES,Towers with Radar,0,37,61,0,98,0,0,168,2,170,0,37,229,2,268,70,0,70,338
07/12/2020,PDK,GA,ASO,ES,Towers with Radar,0,54,79,1,134,0,4,133,2,139,0,58,212,3,273,132,0,132,405
07/13/2020,PDK,GA,ASO,ES,Towers with Radar,1,45,75,0,121,0,2,119,0,121,1,47,194,0,242,118,0,118,360
07/14/2020,PDK,GA,ASO,ES,Towers with Radar,0,49,106,0,155,0,7,173,2,182,0,56,279,2,337,157,0,157,494
07/15/2020,PDK,GA,ASO,ES,Towers with Radar,0,46,116,1,163,0,1,87,0,88,0,47,203,1,251,114,0,114,365
07/16/2020,PDK,GA,ASO,ES,Towers with Radar,1,48,92,4,145,0,1,156,0,157,1,49,248,4,302,140,0,140,442
07/17/2020,PDK,GA,ASO,ES,Towers with Radar,0,56,100,0,156,0,6,191,1,198,0,62,291,1,354,124,0,124,478
07/18/2020,PDK,GA,ASO,ES,Towers with Radar,0,35,62,0,97,0,4,137,0,141,0,39,199,0,238,116,0,116,354
07/19/2020,PDK,GA,ASO,ES,Towers with Radar,0,44,96,2,142,0,2,165,0,167,0,46,261,2,309,98,0,98,407
07/20/2020,PDK,GA,ASO,ES,Towers with Radar,0,40,82,0,122,0,2,135,0,137,0,42,217,0,259,100,0,100,359
07/21/2020,PDK,GA,ASO,ES,Towers with Radar,0,40,90,0,130,0,2,84,0,86,0,42,174,0,216,194,0,194,410
07/22/2020,PDK,GA,ASO,ES,Towers with Radar,1,38,126,0,165,0,8,95,0,103,1,46,221,0,268,146,0,146,414
07/23/2020,PDK,GA,ASO,ES,Towers with Radar,0,52,108,1,161,0,7,137,0,144,0,59,245,1,305,142,0,142,447
07/24/2020,PDK,GA,ASO,ES,Towers with Radar,0,46,96,0,142,0,2,143,0,145,0,48,239,0,287,206,0,206,493
07/25/2020,PDK,GA,ASO,ES,Towers with Radar,0,36,59,1,96,0,6,112,0,118,0,42,171,1,214,104,0,104,318
07/26/2020,PDK,GA,ASO,ES,Towers with Radar,0,55,87,0,142,0,6,125,0,131,0,61,212,0,273,118,0,118,391
07/27/2020,PDK,GA,ASO,ES,Towers with Radar,1,39,73,0,113,0,2,121,0,123,1,41,194,0,236,202,0,202,438
07/28/2020,PDK,GA,ASO,ES,Towers with Radar,0,39,86,0,125,0,4,150,0,154,0,43,236,0,279,138,0,138,417
07/29/2020,PDK,GA,ASO,ES,Towers with Radar,1,68,161,0,230,0,2,54,0,56,1,70,215,0,286,150,0,150,436
07/30/2020,PDK,GA,ASO,ES,Towers with Radar,0,50,121,0,171,0,0,73,0,73,0,50,194,0,244,118,0,118,362
07/31/2020,PDK,GA,ASO,ES,Towers with Radar,0,45,120,0,165,0,2,129,0,131,0,47,249,0,296,230,0,230,526
08/01/2020,PDK,GA,ASO,ES,Towers with Radar,1,40,69,0,110,0,0,157,0,157,1,40,226,0,267,162,0,162,429
08/02/2020,PDK,GA,ASO,ES,Towers with Radar,0,56,75,0,131,0,0,143,0,143,0,56,218,0,274,187,0,187,461
08/03/2020,PDK,GA,ASO,ES,Towers with Radar,0,34,85,0,119,0,2,70,0,72,0,36,155,0,191,150,0,150,341
08/04/2020,PDK,GA,ASO,ES,Towers with Radar,0,53,97,0,150,0,4,150,0,154,0,57,247,0,304,136,0,136,440
08/05/2020,PDK,GA,ASO,ES,Towers with Radar,0,39,112,0,151,0,0,133,0,133,0,39,245,0,284,106,0,106,390
08/06/2020,PDK,GA,ASO,ES,Towers with Radar,0,55,118,2,175,0,0,116,9,125,0,55,234,11,300,122,0,122,422
08/07/2020,PDK,GA,ASO,ES,Towers with Radar,0,54,106,0,160,0,1,138,0,139,0,55,244,0,299,138,0,138,437
08/08/2020,PDK,GA,ASO,ES,Towers with Radar,0,27,84,0,111,0,4,168,0,172,0,31,252,0,283,82,0,82,365
08/09/2020,PDK,GA,ASO,ES,Towers with Radar,0,28,80,0,108,0,0,148,0,148,0,28,228,0,256,70,0,70,326
08/10/2020,PDK,GA,ASO,ES,Towers with Radar,0,22,86,2,110,0,0,109,0,109,0,22,195,2,219,112,0,112,331
08/11/2020,PDK,GA,ASO,ES,Towers with Radar,0,53,117,0,170,0,2,150,0,152,0,55,267,0,322,222,0,222,544
08/12/2020,PDK,GA,ASO,ES,Towers with Radar,0,55,116,0,171,0,2,172,0,174,0,57,288,0,345,216,0,216,561
08/13/2020,PDK,GA,ASO,ES,Towers with Radar,0,69,125,0,194,0,2,152,0,154,0,71,277,0,348,208,0,208,556
08/14/2020,PDK,GA,ASO,ES,Towers with Radar,0,52,119,0,171,0,1,47,0,48,0,53,166,0,219,14,0,14,233
08/15/2020,PDK,GA,ASO,ES,Towers with Radar,0,27,71,0,98,0,0,53,0,53,0,27,124,0,151,24,0,24,175
08/16/2020,PDK,GA,ASO,ES,Towers with Radar,0,58,97,0,155,0,5,161,0,166,0,63,258,0,321,82,0,82,403
08/17/2020,PDK,GA,ASO,ES,Towers with Radar,0,39,116,2,157,0,8,141,1,150,0,47,257,3,307,122,0,122,429
08/18/2020,PDK,GA,ASO,ES,Towers with Radar,0,46,92,0,138,0,2,147,0,149,0,48,239,0,287,120,0,120,407
08/19/2020,PDK,GA,ASO,ES,Towers with Radar,0,49,109,1,159,0,4,125,0,129,0,53,234,1,288,214,0,214,502
08/20/2020,PDK,GA,ASO,ES,Towers with Radar,0,63,123,2,188,0,2,60,0,62,0,65,183,2,250,110,0,110,360
08/21/2020,PDK,GA,ASO,ES,Towers with Radar,0,33,107,0,140,0,1,23,0,24,0,34,130,0,164,38,0,38,202
08/22/2020,PDK,GA,ASO,ES,Towers with Radar,0,24,83,0,107,0,2,86,0,88,0,26,169,0,195,120,0,120,315
08/23/2020,PDK,GA,ASO,ES,Towers with Radar,0,39,96,0,135,0,2,69,2,73,0,41,165,2,208,164,0,164,372
08/24/2020,PDK,GA,ASO,ES,Towers with Radar,0,44,115,0,159,0,0,30,0,30,0,44,145,0,189,64,0,64,253
08/25/2020,PDK,GA,ASO,ES,Towers with Radar,0,49,91,0,140,0,0,2,0,2,0,49,93,0,142,0,0,0,142
08/26/2020,PDK,GA,ASO,ES,Towers with Radar,0,44,142,0,186,0,1,106,0,107,0,45,248,0,293,200,0,200,493
08/27/2020,PDK,GA,ASO,ES,Towers with Radar,1,55,114,0,170,0,4,150,0,154,1,59,264,0,324,116,0,116,440
08/28/2020,PDK,GA,ASO,ES,Towers with Radar,2,43,139,0,184,0,2,93,0,95,2,45,232,0,279,119,0,119,398
08/29/2020,PDK,GA,ASO,ES,Towers with Radar,0,24,77,0,101,0,2,95,0,97,0,26,172,0,198,32,0,32,230
08/30/2020,PDK,GA,ASO,ES,Towers with Radar,0,48,101,2,151,0,0,82,0,82,0,48,183,2,233,100,0,100,333
08/31/2020,PDK,GA,ASO,ES,Towers with Radar,0,54,123,0,177,0,0,54,0,54,0,54,177,0,231,128,0,128,359
09/01/2020,PDK,GA,ASO,ES,Towers with Radar,0,56,149,4,209,0,4,187,0,191,0,60,336,4,400,260,0,260,660
09/02/2020,PDK,GA,ASO,ES,Towers with Radar,0,66,129,2,197,0,2,215,0,217,0,68,344,2,414,176,0,176,590
09/03/2020,PDK,GA,ASO,ES,Towers with Radar,0,65,168,2,235,0,3,232,0,235,0,68,400,2,470,162,0,162,632
09/04/2020,PDK,GA,ASO,ES,Towers with Radar,0,77,145,0,222,0,2,198,0,200,0,79,343,0,422,84,0,84,506
09/05/2020,PDK,GA,ASO,ES,Towers with Radar,0,31,74,0,105,0,4,184,0,188,0,35,258,0,293,84,0,84,377
09/06/2020,PDK,GA,ASO,ES,Towers with Radar,0,28,46,0,74,0,2,173,0,175,0,30,219,0,249,110,0,110,359
09/07/2020,PDK,GA,ASO,ES,Towers with Radar,0,83,151,0,234,0,8,175,0,183,0,91,326,0,417,120,0,120,537
09/08/2020,PDK,GA,ASO,ES,Towers with Radar,0,66,145,0,211,0,0,161,0,161,0,66,306,0,372,134,0,134,506
09/09/2020,PDK,GA,ASO,ES,Towers with Radar,0,76,128,4,208,0,3,157,0,160,0,79,285,4,368,180,0,180,548
09/10/2020,PDK,GA,ASO,ES,Towers with Radar,0,76,200,0,276,0,0,65,0,65,0,76,265,0,341,82,0,82,423
09/11/2020,PDK,GA,ASO,ES,Towers with Radar,0,32,138,0,170,0,4,144,0,148,0,36,282,0,318,190,0,190,508
09/12/2020,PDK,GA,ASO,ES,Towers with Radar,0,36,82,0,118,0,0,43,0,43,0,36,125,0,161,72,0,72,233
09/13/2020,PDK,GA,ASO,ES,Towers with Radar,0,66,97,0,163,0,4,86,0,90,0,70,183,0,253,66,0,66,319
09/14/2020,PDK,GA,ASO,ES,Towers with Radar,0,52,120,0,172,0,2,129,0,131,0,54,249,0,303,94,0,94,397
09/15/2020,PDK,GA,ASO,ES,Towers with Radar,0,49,119,2,170,0,0,37,0,37,0,49,156,2,207,170,0,170,377
09/16/2020,PDK,GA,ASO,ES,Towers with Radar,0,53,110,0,163,0,0,10,0,10,0,53,120,0,173,6,0,6,179
09/17/2020,PDK,GA,ASO,ES,Towers with Radar,3,44,70,0,117,0,2,2,0,4,3,46,72,0,121,26,0,26,147
09/18/2020,PDK,GA,ASO,ES,Towers with Radar,0,64,120,6,190,0,2,212,0,214,0,66,332,6,404,280,0,280,684
09/19/2020,PDK,GA,ASO,ES,Towers with Radar,0,32,78,0,110,0,4,157,0,161,0,36,235,0,271,208,0,208,479
09/20/2020,PDK,GA,ASO,ES,Towers with Radar,0,55,119,3,177,0,3,156,0,159,0,58,275,3,336,142,0,142,478
09/21/2020,PDK,GA,ASO,ES,Towers with Radar,0,47,92,0,139,0,3,163,1,167,0,50,255,1,306,100,0,100,406
09/22/2020,PDK,GA,ASO,ES,Towers with Radar,0,59,129,2,190,0,1,208,0,209,0,60,337,2,399,292,0,292,691
09/23/2020,PDK,GA,ASO,ES,Towers with Radar,0,86,152,0,238,0,7,180,0,187,0,93,332,0,425,90,0,90,515
09/24/2020,PDK,GA,ASO,ES,Towers with Radar,0,90,165,2,257,0,0,40,0,40,0,90,205,2,297,74,0,74,371
09/25/2020,PDK,GA,ASO,ES,Towers with Radar,0,53,136,0,189,0,0,24,0,24,0,53,160,0,213,0,0,0,213
09/26/2020,PDK,GA,ASO,ES,Towers with Radar,0,37,92,0,129,0,2,113,0,115,0,39,205,0,244,164,0,164,408
09/27/2020,PDK,GA,ASO,ES,Towers with Radar,0,42,134,0,176,0,0,110,0,110,0,42,244,0,286,216,0,216,502
09/28/2020,PDK,GA,ASO,ES,Towers with Radar,0,61,112,6,179,0,5,93,0,98,0,66,205,6,277,100,0,100,377
09/29/2020,PDK,GA,ASO,ES,Towers with Radar,0,56,115,0,171,0,1,36,0,37,0,57,151,0,208,12,0,12,220
09/30/2020,PDK,GA,ASO,ES,Towers with Radar,0,77,189,4,270,0,3,221,2,226,0,80,410,6,496,136,0,136,632
10/01/2020,PDK,GA,ASO,ES,Towers with Radar,0,86,140,0,226,0,9,231,2,242,0,95,371,2,468,160,0,160,628
10/02/2020,PDK,GA,ASO,ES,Towers with Radar,0,66,135,3,204,0,5,227,3,235,0,71,362,6,439,236,0,236,675
10/03/2020,PDK,GA,ASO,ES,Towers with Radar,0,41,78,0,119,0,4,212,0,216,0,45,290,0,335,182,0,182,517
10/04/2020,PDK,GA,ASO,ES,Towers with Radar,0,53,133,0,186,0,4,145,0,149,0,57,278,0,335,211,0,211,546
10/05/2020,PDK,GA,ASO,ES,Towers with Radar,0,54,107,0,161,0,7,183,0,190,0,61,290,0,351,100,0,100,451
10/06/2020,PDK,GA,ASO,ES,Towers with Radar,0,67,125,0,192,0,2,204,0,206,0,69,329,0,398,214,0,214,612
10/07/2020,PDK,GA,ASO,ES,Towers with Radar,0,65,166,0,231,0,5,170,0,175,0,70,336,0,406,240,0,240,646
10/08/2020,PDK,GA,ASO,ES,Towers with Radar,0,73,175,1,249,0,1,223,0,224,0,74,398,1,473,306,0,306,779
10/09/2020,PDK,GA,ASO,ES,Towers with Radar,0,66,153,0,219,0,1,117,0,118,0,67,270,0,337,188,0,188,525
10/10/2020,PDK,GA,ASO,ES,Towers with Radar,0,46,68,0,114,0,0,3,0,3,0,46,71,0,117,0,0,0,117
10/11/2020,PDK,GA,ASO,ES,Towers with Radar,0,55,88,0,143,0,0,14,0,14,0,55,102,0,157,18,0,18,175
10/12/2020,PDK,GA,ASO,ES,Towers with Radar,0,68,112,0,180,0,5,94,2,101,0,73,206,2,281,180,0,180,461
10/13/2020,PDK,GA,ASO,ES,Towers with Radar,0,68,145,0,213,0,3,111,0,114,0,71,256,0,327,93,0,93,420
10/14/2020,PDK,GA,ASO,ES,Towers with Radar,0,77,129,0,206,0,5,158,0,163,0,82,287,0,369,78,0,78,447
10/15/2020,PDK,GA,ASO,ES,Towers with Radar,0,87,178,0,265,0,0,99,4,103,0,87,277,4,368,74,0,74,442
10/16/2020,PDK,GA,ASO,ES,Towers with Radar,0,51,144,0,195,0,4,180,0,184,0,55,324,0,379,48,0,48,427
10/17/2020,PDK,GA,ASO,ES,Towers with Radar,0,21,65,0,86,0,2,233,0,235,0,23,298,0,321,20,0,20,341
10/18/2020,PDK,GA,ASO,ES,Towers with Radar,0,62,96,0,158,0,4,190,0,194,0,66,286,0,352,82,0,82,434
10/19/2020,PDK,GA,ASO,ES,Towers with Radar,0,56,109,0,165,0,0,136,0,136,0,56,245,0,301,92,0,92,393
10/20/2020,PDK,GA,ASO,ES,Towers with Radar,0,66,135,0,201,0,2,156,0,158,0,68,291,0,359,104,0,104,463
10/21/2020,PDK,GA,ASO,ES,Towers with Radar,0,60,163,0,223,0,1,159,0,160,0,61,322,0,383,106,0,106,489
10/22/2020,PDK,GA,ASO,ES,Towers with Radar,0,64,161,0,225,0,2,124,0,126,0,66,285,0,351,126,0,126,477
10/23/2020,PDK,GA,ASO,ES,Towers with Radar,0,47,124,6,177,0,2,151,0,153,0,49,275,6,330,112,0,112,442
10/24/2020,PDK,GA,ASO,ES,Towers with Radar,0,30,59,0,89,0,0,56,2,58,0,30,115,2,147,164,0,164,311
10/25/2020,PDK,GA,ASO,ES,Towers with Radar,0,69,115,0,184,0,0,31,0,31,0,69,146,0,215,14,0,14,229
10/26/2020,PDK,GA,ASO,ES,Towers with Radar,1,46,126,0,173,0,2,17,0,19,1,48,143,0,192,8,0,8,200
10/27/2020,PDK,GA,ASO,ES,Towers with Radar,0,60,157,0,217,0,1,28,0,29,0,61,185,0,246,52,0,52,298
10/28/2020,PDK,GA,ASO,ES,Towers with Radar,0,67,123,0,190,0,0,2,0,2,0,67,125,0,192,0,0,0,192
10/29/2020,PDK,GA,ASO,ES,Towers with Radar,0,68,105,0,173,0,3,42,0,45,0,71,147,0,218,10,0,10,228
10/30/2020,PDK,GA,ASO,ES,Towers with Radar,0,65,142,0,207,0,3,118,0,121,0,68,260,0,328,52,0,52,380
10/31/2020,PDK,GA,ASO,ES,Towers with Radar,0,32,65,1,98,0,1,137,0,138,0,33,202,1,236,86,0,86,322
11/01/2020,PDK,GA,ASO,ES,Towers with Radar,0,57,111,1,169,0,4,48,0,52,0,61,159,1,221,10,0,10,231
11/02/2020,PDK,GA,ASO,ES,Towers with Radar,0,34,103,3,140,0,3,125,1,129,0,37,228,4,269,144,0,144,413
11/03/2020,PDK,GA,ASO,ES,Towers with Radar,0,52,118,2,172,0,2,160,0,162,0,54,278,2,334,180,0,180,514
11/04/2020,PDK,GA,ASO,ES,Towers with Radar,0,59,121,0,180,0,2,131,0,133,0,61,252,0,313,125,0,125,438
11/05/2020,PDK,GA,ASO,ES,Towers with Radar,0,85,162,0,247,0,3,129,2,134,0,88,291,2,381,202,0,202,583
11/06/2020,PDK,GA,ASO,ES,Towers with Radar,0,57,147,0,204,0,0,141,0,141,0,57,288,0,345,128,0,128,473
11/07/2020,PDK,GA,ASO,ES,Towers with Radar,0,39,74,2,115,0,0,72,0,72,0,39,146,2,187,122,0,122,309
11/08/2020,PDK,GA,ASO,ES,Towers with Radar,1,71,120,0,192,0,4,56,0,60,1,75,176,0,252,34,0,34,286
11/09/2020,PDK,GA,ASO,ES,Towers with Radar,1,60,114,0,175,0,2,70,0,72,1,62,184,0,247,108,0,108,355
11/10/2020,PDK,GA,ASO,ES,Towers with Radar,0,74,120,0,194,0,0,0,0,0,0,74,120,0,194,0,0,0,194
11/11/2020,PDK,GA,ASO,ES,Towers with Radar,0,52,101,0,153,0,1,34,0,35,0,53,135,0,188,102,0,102,290
11/12/2020,PDK,GA,ASO,ES,Towers with Radar,0,47,127,0,174,0,5,60,0,65,0,52,187,0,239,34,0,34,273
11/13/2020,PDK,GA,ASO,ES,Towers with Radar,0,40,108,1,149,0,6,198,0,204,0,46,306,1,353,192,0,192,545
11/14/2020,PDK,GA,ASO,ES,Towers with Radar,0,32,69,0,101,0,8,162,0,170,0,40,231,0,271,138,0,138,409
11/15/2020,PDK,GA,ASO,ES,Towers with Radar,0,42,114,0,156,0,0,46,0,46,0,42,160,0,202,102,0,102,304
11/16/2020,PDK,GA,ASO,ES,Towers with Radar,0,39,122,2,163,0,3,160,0,163,0,42,282,2,326,90,0,90,416
11/17/2020,PDK,GA,ASO,ES,Towers with Radar,0,51,97,1,149,0,5,114,4,123,0,56,211,5,272,4,0,4,276
11/18/2020,PDK,GA,ASO,ES,Towers with Radar,0,43,133,1,177,0,4,197,1,202,0,47,330,2,379,276,0,276,655
11/19/2020,PDK,GA,ASO,ES,Towers with Radar,1,69,138,0,208,0,6,205,2,213,1,75,343,2,421,184,0,184,605
11/20/2020,PDK,GA,ASO,ES,Towers with Radar,0,79,134,1,214,0,2,181,0,183,0,81,315,1,397,262,0,262,659
11/21/2020,PDK,GA,ASO,ES,Towers with Radar,0,63,108,1,172,0,3,207,1,211,0,66,315,2,383,86,0,86,469
11/22/2020,PDK,GA,ASO,ES,Towers with Radar,2,75,120,0,197,0,4,112,0,116,2,79,232,0,313,128,0,128,441
11/23/2020,PDK,GA,ASO,ES,Towers with Radar,0,90,91,2,183,0,4,177,0,181,0,94,268,2,364,112,0,112,476
11/24/2020,PDK,GA,ASO,ES,Towers with Radar,0,89,127,0,216,0,2,145,0,147,0,91,272,0,363,154,0,154,517
11/25/2020,PDK,GA,ASO,ES,Towers with Radar,0,73,153,0,226,0,3,23,0,26,0,76,176,0,252,76,0,76,328
11/26/2020,PDK,GA,ASO,ES,Towers with Radar,0,29,30,0,59,0,4,46,0,50,0,33,76,0,109,38,0,38,147
11/27/2020,PDK,GA,ASO,ES,Towers with Radar,0,43,70,0,113,0,0,181,0,181,0,43,251,0,294,152,0,152,446
11/28/2020,PDK,GA,ASO,ES,Towers with Radar,0,64,96,0,160,0,4,167,0,171,0,68,263,0,331,130,0,130,461
11/29/2020,PDK,GA,ASO,ES,Towers with Radar,0,63,114,0,177,0,0,0,0,0,0,63,114,0,177,0,0,0,177
11/30/2020,PDK,GA,ASO,ES,Towers with Radar,0,62,84,0,146,0,2,9,0,11,0,64,93,0,157,8,0,8,165
12/01/2020,PDK,GA,ASO,ES,Towers with Radar,1,61,116,0,178,0,4,111,0,115,1,65,227,0,293,42,0,42,335
12/02/2020,PDK,GA,ASO,ES,Towers with Radar,0,47,128,1,176,0,3,136,1,140,0,50,264,2,316,159,0,159,475
12/03/2020,PDK,GA,ASO,ES,Towers with Radar,0,61,123,0,184,0,1,126,0,127,0,62,249,0,311,206,0,206,517
12/04/2020,PDK,GA,ASO,ES,Towers with Radar,0,42,98,0,140,0,0,8,0,8,0,42,106,0,148,2,0,2,150
12/05/2020,PDK,GA,ASO,ES,Towers with Radar,0,34,55,0,89,0,1,139,0,140,0,35,194,0,229,170,0,170,399
12/06/2020,PDK,GA,ASO,ES,Towers with Radar,0,43,76,2,121,0,5,174,0,179,0,48,250,2,300,191,0,191,491
12/07/2020,PDK,GA,ASO,ES,Towers with Radar,0,48,104,0,152,0,2,61,2,65,0,50,165,2,217,42,0,42,259
12/08/2020,PDK,GA,ASO,ES,Towers with Radar,0,52,140,0,192,0,5,157,0,162,0,57,297,0,354,102,0,102,456
12/09/2020,PDK,GA,ASO,ES,Towers with Radar,0,66,153,2,221,0,5,179,3,187,0,71,332,5,408,140,0,140,548
12/10/2020,PDK,GA,ASO,ES,Towers with Radar,0,48,127,0,175,0,5,200,0,205,0,53,327,0,380,207,0,207,587
12/11/2020,PDK,GA,ASO,ES,Towers with Radar,0,39,91,0,130,0,6,157,0,163,0,45,248,0,293,144,0,144,437
12/12/2020,PDK,GA,ASO,ES,Towers with Radar,0,54,70,0,124,0,3,81,0,84,0,57,151,0,208,72,0,72,280
12/13/2020,PDK,GA,ASO,ES,Towers with Radar,1,31,80,0,112,0,4,118,2,124,1,35,198,2,236,150,0,150,386
12/14/2020,PDK,GA,ASO,ES,Towers with Radar,0,48,97,0,145,0,3,37,0,40,0,51,134,0,185,16,0,16,201
12/15/2020,PDK,GA,ASO,ES,Towers with Radar,0,48,144,3,195,0,0,88,1,89,0,48,232,4,284,66,0,66,350
12/16/2020,PDK,GA,ASO,ES,Towers with Radar,0,46,93,0,139,0,0,0,0,0,0,46,93,0,139,0,0,0,139
12/17/2020,PDK,GA,ASO,ES,Towers with Radar,0,82,125,2,209,0,1,43,0,44,0,83,168,2,253,60,0,60,313
12/18/2020,PDK,GA,ASO,ES,Towers with Radar,0,84,125,2,211,0,4,213,1,218,0,88,338,3,429,208,0,208,637
12/19/2020,PDK,GA,ASO,ES,Towers with Radar,0,61,120,0,181,0,6,164,0,170,0,67,284,0,351,126,0,126,477
12/20/2020,PDK,GA,ASO,ES,Towers with Radar,0,60,94,0,154,0,3,34,0,37,0,63,128,0,191,96,0,96,287
12/21/2020,PDK,GA,ASO,ES,Towers with Radar,0,67,108,0,175,0,4,102,0,106,0,71,210,0,281,88,0,88,369
12/22/2020,PDK,GA,ASO,ES,Towers with Radar,0,54,109,0,163,0,3,154,0,157,0,57,263,0,320,34,0,34,354
12/23/2020,PDK,GA,ASO,ES,Towers with Radar,0,73,119,0,192,0,4,175,0,179,0,77,294,0,371,88,0,88,459
12/24/2020,PDK,GA,ASO,ES,Towers with Radar,0,28,19,0,47,0,1,1,0,2,0,29,20,0,49,0,0,0,49
12/25/2020,PDK,GA,ASO,ES,Towers with Radar,0,44,23,0,67,0,2,15,0,17,0,46,38,0,84,0,0,0,84
12/26/2020,PDK,GA,ASO,ES,Towers with Radar,0,58,87,0,145,0,5,128,0,133,0,63,215,0,278,90,0,90,368
12/27/2020,PDK,GA,ASO,ES,Towers with Radar,0,58,100,0,158,0,4,108,0,112,0,62,208,0,270,78,0,78,348
12/28/2020,PDK,GA,ASO,ES,Towers with Radar,0,62,111,0,173,0,0,135,2,137,0,62,246,2,310,244,0,244,554
12/29/2020,PDK,GA,ASO,ES,Towers with Radar,0,57,96,3,156,0,2,156,2,160,0,59,252,5,316,128,0,128,444
12/30/2020,PDK,GA,ASO,ES,Towers with Radar,0,57,114,0,171,0,2,17,2,21,0,59,131,2,192,90,0,90,282
12/31/2020,PDK,GA,ASO,ES,Towers with Radar,0,32,47,0,79,0,0,0,0,0,0,32,47,0,79,0,0,0,79
01/01/2021,PDK,GA,ASO,ES,Towers with Radar,0,18,31,0,49,0,0,3,0,3,0,18,34,0,52,0,0,0,52
01/02/2021,PDK,GA,ASO,ES,Towers with Radar,0,66,108,0,174,0,1,103,2,106,0,67,211,2,280,166,0,166,446
01/03/2021,PDK,GA,ASO,ES,Towers with Radar,0,68,145,0,213,0,3,88,0,91,0,71,233,0,304,72,0,72,376
01/04/2021,PDK,GA,ASO,ES,Towers with Radar,0,51,103,0,154,0,6,101,0,107,0,57,204,0,261,132,0,132,393
01/05/2021,PDK,GA,ASO,ES,Towers with Radar,0,35,86,0,121,0,6,132,0,138,0,41,218,0,259,94,0,94,353
01/06/2021,PDK,GA,ASO,ES,Towers with Radar,0,53,84,0,137,0,2,157,0,159,0,55,241,0,296,134,0,134,430
01/07/2021,PDK,GA,ASO,ES,Towers with Radar,0,51,94,0,145,0,1,54,0,55,0,52,148,0,200,76,0,76,276
01/08/2021,PDK,GA,ASO,ES,Towers with Radar,0,35,89,0,124,0,1,6,0,7,0,36,95,0,131,0,0,0,131
01/09/2021,PDK,GA,ASO,ES,Towers with Radar,0,35,92,0,127,0,0,53,0,53,0,35,145,0,180,40,0,40,220
01/10/2021,PDK,GA,ASO,ES,Towers with Radar,0,40,118,0,158,0,1,164,0,165,0,41,282,0,323,230,0,230,553
01/11/2021,PDK,GA,ASO,ES,Towers with Radar,0,43,93,0,136,0,1,13,0,14,0,44,106,0,150,30,0,30,180
01/12/2021,PDK,GA,ASO,ES,Towers with Radar,0,51,99,0,150,0,1,34,0,35,0,52,133,0,185,38,0,38,223
01/13/2021,PDK,GA,ASO,ES,Towers with Radar,0,52,110,0,162,0,2,88,0,90,0,54,198,0,252,106,0,106,358
01/14/2021,PDK,GA,ASO,ES,Towers with Radar,0,55,127,2,184,0,5,148,0,153,0,60,275,2,337,102,0,102,439
01/15/2021,PDK,GA,ASO,ES,Towers with Radar,0,53,132,0,185,0,3,91,0,94,0,56,223,0,279,72,0,72,351
01/16/2021,PDK,GA,ASO,ES,Towers with Radar,0,37,48,0,85,0,8,83,2,93,0,45,131,2,178,86,0,86,264
01/17/2021,PDK,GA,ASO,ES,Towers with Radar,0,50,87,0,137,0,3,132,0,135,0,53,219,0,272,134,0,134,406
01/18/2021,PDK,GA,ASO,ES,Towers with Radar,0,46,118,0,164,0,6,147,0,153,0,52,265,0,317,156,0,156,473
01/19/2021,PDK,GA,ASO,ES,Towers with Radar,0,43,94,0,137,0,2,169,0,171,0,45,263,0,308,186,0,186,494
01/20/2021,PDK,GA,ASO,ES,Towers with Radar,0,37,98,0,135,0,4,147,0,151,0,41,245,0,286,76,0,76,362
01/21/2021,PDK,GA,ASO,ES,Towers with Radar,0,54,105,0,159,0,0,10,0,10,0,54,115,0,169,6,0,6,175
01/22/2021,PDK,GA,ASO,ES,Towers with Radar,0,47,119,0,166,0,2,113,0,115,0,49,232,0,281,147,0,147,428
01/23/2021,PDK,GA,ASO,ES,Towers with Radar,0,40,69,0,109,0,2,231,0,233,0,42,300,0,342,124,0,124,466
01/24/2021,PDK,GA,ASO,ES,Towers with Radar,0,49,81,0,130,0,1,121,0,122,0,50,202,0,252,86,0,86,338
01/25/2021,PDK,GA,ASO,ES,Towers with Radar,0,37,112,0,149,0,0,17,0,17,0,37,129,0,166,60,0,60,226
01/26/2021,PDK,GA,ASO,ES,Towers with Radar,0,29,110,0,139,0,4,150,0,154,0,33,260,0,293,236,0,236,529
01/27/2021,PDK,GA,ASO,ES,Towers with Radar,0,42,130,2,174,0,0,5,0,5,0,42,135,2,179,8,0,8,187
01/28/2021,PDK,GA,ASO,ES,Towers with Radar,0,59,128,3,190,0,7,89,6,102,0,66,217,9,292,0,0,0,292
01/29/2021,PDK,GA,ASO,ES,Towers with Radar,0,55,95,0,150,0,3,225,0,228,0,58,320,0,378,190,0,190,568
01/30/2021,PDK,GA,ASO,ES,Towers with Radar,0,56,69,2,127,0,2,193,0,195,0,58,262,2,322,242,0,242,564
01/31/2021,PDK,GA,ASO,ES,Towers with Radar,0,43,76,0,119,0,0,0,0,0,0,43,76,0,119,0,0,0,119
02/01/2021,PDK,GA,ASO,ES,Towers with Radar,0,46,84,0,130,0,7,30,0,37,0,53,114,0,167,20,0,20,187
02/02/2021,PDK,GA,ASO,ES,Towers with Radar,0,42,88,0,130,0,2,32,0,34,0,44,120,0,164,22,0,22,186
02/03/2021,PDK,GA,ASO,ES,Towers with Radar,0,43,156,0,199,0,1,130,0,131,0,44,286,0,330,162,0,162,492
02/04/2021,PDK,GA,ASO,ES,Towers with Radar,0,63,112,0,175,0,4,138,0,142,0,67,250,0,317,180,0,180,497
02/05/2021,PDK,GA,ASO,ES,Towers with Radar,1,63,121,0,185,0,0,114,0,114,1,63,235,0,299,76,0,76,375
02/06/2021,PDK,GA,ASO,ES,Towers with Radar,0,40,63,0,103,0,6,107,0,113,0,46,170,0,216,178,2,180,396
02/07/2021,PDK,GA,ASO,ES,Towers with Radar,0,39,97,0,136,0,1,84,0,85,0,40,181,0,221,46,0,46,267
02/08/2021,PDK,GA,ASO,ES,Towers with Radar,0,52,98,1,151,0,6,147,3,156,0,58,245,4,307,120,0,120,427
02/09/2021,PDK,GA,ASO,ES,Towers with Radar,0,54,120,0,174,0,0,114,0,114,0,54,234,0,288,46,0,46,334
02/10/2021,PDK,GA,ASO,ES,Towers with Radar,0,62,105,0,167,0,1,100,0,101,0,63,205,0,268,136,0,136,404
02/11/2021,PDK,GA,ASO,ES,Towers with Radar,0,67,97,0,164,0,0,1,0,1,0,67,98,0,165,0,0,0,165
02/12/2021,PDK,GA,ASO,ES,Towers with Radar,0,80,103,0,183,0,0,0,0,0,0,80,103,0,183,0,0,0,183
02/13/2021,PDK,GA,ASO,ES,Towers with Radar,0,31,71,0,102,0,0,20,0,20,0,31,91,0,122,0,0,0,122
02/14/2021,PDK,GA,ASO,ES,Towers with Radar,0,41,78,0,119,0,0,41,0,41,0,41,119,0,160,0,0,0,160
02/15/2021,PDK,GA,ASO,ES,Towers with Radar,0,29,88,0,117,0,0,0,0,0,0,29,88,0,117,0,0,0,117
02/16/2021,PDK,GA,ASO,ES,Towers with Radar,0,60,101,0,161,0,8,80,0,88,0,68,181,0,249,16,0,16,265
02/17/2021,PDK,GA,ASO,ES,Towers with Radar,0,69,144,1,214,0,3,176,1,180,0,72,320,2,394,126,0,126,520
02/18/2021,PDK,GA,ASO,ES,Towers with Radar,0,39,110,0,149,0,0,0,0,0,0,39,110,0,149,0,0,0,149
02/19/2021,PDK,GA,ASO,ES,Towers with Radar,0,61,161,0,222,0,1,82,4,87,0,62,243,4,309,24,0,24,333
02/20/2021,PDK,GA,ASO,ES,Towers with Radar,0,44,66,0,110,0,0,233,2,235,0,44,299,2,345,148,0,148,493
02/21/2021,PDK,GA,ASO,ES,Towers with Radar,0,47,116,0,163,0,3,145,0,148,0,50,261,0,311,80,0,80,391
02/22/2021,PDK,GA,ASO,ES,Towers with Radar,0,48,131,0,179,0,6,41,0,47,0,54,172,0,226,18,0,18,244
02/23/2021,PDK,GA,ASO,ES,Towers with Radar,0,35,133,0,168,0,0,140,0,140,0,35,273,0,308,132,0,132,440
02/24/2021,PDK,GA,ASO,ES,Towers with Radar,0,60,139,0,199,0,5,173,0,178,0,65,312,0,377,210,0,210,587
02/25/2021,PDK,GA,ASO,ES,Towers with Radar,0,72,173,0,245,0,5,217,1,223,0,77,390,1,468,142,0,142,610
02/26/2021,PDK,GA,ASO,ES,Towers with Radar,1,81,143,2,227,0,0,5,0,5,1,81,148,2,232,0,0,0,232
02/27/2021,PDK,GA,ASO,ES,Towers with Radar,0,63,112,1,176,0,1,37,0,38,0,64,149,1,214,44,0,44,258
02/28/2021,PDK,GA,ASO,ES,Towers with Radar,0,50,109,1,160,0,4,64,0,68,0,54,173,1,228,30,0,30,258
03/01/2021,PDK,GA,ASO,ES,Towers with Radar,0,67,121,0,188,0,2,38,0,40,0,69,159,0,228,104,0,104,332
03/02/2021,PDK,GA,ASO,ES,Towers with Radar,0,54,87,0,141,0,3,130,0,133,0,57,217,0,274,114,0,114,388
03/03/2021,PDK,GA,ASO,ES,Towers with Radar,0,78,124,0,202,0,5,145,0,150,0,83,269,0,352,132,0,132,484
03/04/2021,PDK,GA,ASO,ES,Towers with Radar,0,79,138,0,217,0,4,174,0,178,0,83,312,0,395,68,0,68,463
03/05/2021,PDK,GA,ASO,ES,Towers with Radar,0,52,144,2,198,0,5,182,1,188,0,57,326,3,386,119,0,119,505
03/06/2021,PDK,GA,ASO,ES,Towers with Radar,0,57,117,0,174,0,0,161,0,161,0,57,278,0,335,214,0,214,549
03/07/2021,PDK,GA,ASO,ES,Towers with Radar,0,57,111,0,168,0,6,183,0,189,0,63,294,0,357,74,0,74,431
03/08/2021,PDK,GA,ASO,ES,Towers with Radar,0,56,118,0,174,0,2,168,2,172,0,58,286,2,346,172,0,172,518
03/09/2021,PDK,GA,ASO,ES,Towers with Radar,0,65,120,0,185,0,7,197,0,204,0,72,317,0,389,214,0,214,603
03/10/2021,PDK,GA,ASO,ES,Towers with Radar,1,39,129,0,169,0,4,179,0,183,1,43,308,0,352,236,0,236,588
03/11/2021,PDK,GA,ASO,ES,Towers with Radar,1,75,154,0,230,0,4,151,0,155,1,79,305,0,385,152,0,152,537
03/12/2021,PDK,GA,ASO,ES,Towers with Radar,0,73,153,0,226,0,1,150,0,151,0,74,303,0,377,94,0,94,471
03/13/2021,PDK,GA,ASO,ES,Towers with Radar,0,49,67,0,116,0,0,172,0,172,0,49,239,0,288,169,0,169,457
03/14/2021,PDK,GA,ASO,ES,Towers with Radar,2,55,113,0,170,0,7,172,2,181,2,62,285,2,351,152,0,152,503
03/15/2021,PDK,GA,ASO,ES,Towers with Radar,0,49,126,2,177,0,2,64,0,66,0,51,190,2,243,46,0,46,289
03/16/2021,PDK,GA,ASO,ES,Towers with Radar,1,45,114,0,160,0,0,0,0,0,1,45,114,0,160,0,0,0,160
03/17/2021,PDK,GA,ASO,ES,Towers with Radar,0,37,57,0,94,0,0,0,0,0,0,37,57,0,94,0,0,0,94
03/18/2021,PDK,GA,ASO,ES,Towers with Radar,0,56,124,0,180,0,3,39,0,42,0,59,163,0,222,0,0,0,222
03/19/2021,PDK,GA,ASO,ES,Towers with Radar,0,48,96,0,144,0,1,13,0,14,0,49,109,0,158,100,0,100,258
03/20/2021,PDK,GA,ASO,ES,Towers with Radar,0,37,80,0,117,0,0,185,4,189,0,37,265,4,306,132,0,132,438
03/21/2021,PDK,GA,ASO,ES,Towers with Radar,1,61,119,0,181,0,4,121,0,125,1,65,240,0,306,190,0,190,496
03/22/2021,PDK,GA,ASO,ES,Towers with Radar,0,51,125,0,176,0,3,168,0,171,0,54,293,0,347,216,0,216,563
03/23/2021,PDK,GA,ASO,ES,Towers with Radar,0,54,129,0,183,0,2,121,0,123,0,56,250,0,306,140,0,140,446
03/24/2021,PDK,GA,ASO,ES,Towers with Radar,0,77,165,0,242,0,3,106,2,111,0,80,271,2,353,176,0,176,529
03/25/2021,PDK,GA,ASO,ES,Towers with Radar,0,56,111,0,167,0,1,33,0,34,0,57,144,0,201,62,0,62,263
03/26/2021,PDK,GA,ASO,ES,Towers with Radar,0,68,147,0,215,0,3,121,0,124,0,71,268,0,339,204,0,204,543
03/27/2021,PDK,GA,ASO,ES,Towers with Radar,0,36,92,0,128,0,0,50,0,50,0,36,142,0,178,46,0,46,224
03/28/2021,PDK,GA,ASO,ES,Towers with Radar,0,48,102,0,150,0,2,22,0,24,0,50,124,0,174,6,0,6,180
03/29/2021,PDK,GA,ASO,ES,Towers with Radar,0,58,112,1,171,0,4,226,4,234,0,62,338,5,405,218,0,218,623
03/30/2021,PDK,GA,ASO,ES,Towers with Radar,0,61,158,2,221,0,2,123,2,127,0,63,281,4,348,176,0,176,524
03/31/2021,PDK,GA,ASO,ES,Towers with Radar,0,42,107,0,149,0,1,4,0,5,0,43,111,0,154,18,0,18,172
04/01/2021,PDK,GA,ASO,ES,Towers with Radar,0,103,146,1,250,0,6,62,0,68,0,109,208,1,318,12,0,12,330
04/02/2021,PDK,GA,ASO,ES,Towers with Radar,0,96,133,0,229,0,6,183,0,189,0,102,316,0,418,172,0,172,590
04/03/2021,PDK,GA,ASO,ES,Towers with Radar,0,48,63,0,111,0,0,161,2,163,0,48,224,2,274,242,0,242,516
04/04/2021,PDK,GA,ASO,ES,Towers with Radar,0,63,89,0,152,0,4,155,2,161,0,67,244,2,313,244,0,244,557
04/05/2021,PDK,GA,ASO,ES,Towers with Radar,0,91,170,0,261,0,3,193,2,198,0,94,363,2,459,40,0,40,499
04/06/2021,PDK,GA,ASO,ES,Towers with Radar,0,71,145,4,220,0,6,143,0,149,0,77,288,4,369,6,0,6,375
04/07/2021,PDK,GA,ASO,ES,Towers with Radar,0,76,143,1,220,0,7,168,1,176,0,83,311,2,396,8,0,8,404
04/08/2021,PDK,GA,ASO,ES,Towers with Radar,0,89,131,2,222,0,0,93,0,93,0,89,224,2,315,20,0,20,335
04/09/2021,PDK,GA,ASO,ES,Towers with Radar,0,72,119,0,191,0,4,80,0,84,0,76,199,0,275,30,0,30,305
04/10/2021,PDK,GA,ASO,ES,Towers with Radar,0,61,83,0,144,0,1,30,0,31,0,62,113,0,175,12,0,12,187
04/11/2021,PDK,GA,ASO,ES,Towers with Radar,1,53,150,0,204,0,4,151,0,155,1,57,301,0,359,72,0,72,431
04/12/2021,PDK,GA,ASO,ES,Towers with Radar,0,70,152,2,224,0,5,145,0,150,0,75,297,2,374,26,0,26,400
04/13/2021,PDK,GA,ASO,ES,Towers with Radar,0,52,121,0,173,0,10,194,4,208,0,62,315,4,381,43,0,43,424
04/14/2021,PDK,GA,ASO,ES,Towers with Radar,0,54,176,0,230,0,3,123,0,126,0,57,299,0,356,22,0,22,378
04/15/2021,PDK,GA,ASO,ES,Towers with Radar,0,92,184,0,276,0,5,109,0,114,0,97,293,0,390,10,0,10,400
04/16/2021,PDK,GA,ASO,ES,Towers with Radar,1,70,154,1,226,0,3,216,1,220,1,73,370,2,446,16,0,16,462
04/17/2021,PDK,GA,ASO,ES,Towers with Radar,0,60,96,4,160,0,4,142,3,149,0,64,238,7,309,20,2,22,331
04/18/2021,PDK,GA,ASO,ES,Towers with Radar,0,87,135,8,230,0,5,203,6,214,0,92,338,14,444,30,0,30,474
04/19/2021,PDK,GA,ASO,ES,Towers with Radar,0,50,138,0,188,0,6,181,1,188,0,56,319,1,376,10,0,10,386
04/20/2021,PDK,GA,ASO,ES,Towers with Radar,0,52,117,0,169,0,4,185,2,191,0,56,302,2,360,24,0,24,384
04/21/2021,PDK,GA,ASO,ES,Towers with Radar,1,67,171,0,239,0,2,68,0,70,1,69,239,0,309,0,0,0,309
04/22/2021,PDK,GA,ASO,ES,Towers with Radar,0,108,188,0,296,0,8,187,0,195,0,116,375,0,491,0,0,0,491
04/23/2021,PDK,GA,ASO,ES,Towers with Radar,0,80,141,0,221,0,2,194,0,196,0,82,335,0,417,0,0,0,417
04/24/2021,PDK,GA,ASO,ES,Towers with Radar,0,22,57,0,79,0,0,3,0,3,0,22,60,0,82,0,0,0,82
04/25/2021,PDK,GA,ASO,ES,Towers with Radar,0,102,141,0,243,0,8,121,2,131,0,110,262,2,374,10,0,10,384
04/26/2021,PDK,GA,ASO,ES,Towers with Radar,1,83,154,0,238,0,6,163,2,171,1,89,317,2,409,10,0,10,419
04/27/2021,PDK,GA,ASO,ES,Towers with Radar,0,83,154,0,237,0,4,198,0,202,0,87,352,0,439,16,0,16,455
04/28/2021,PDK,GA,ASO,ES,Towers with Radar,0,94,203,0,297,0,5,179,2,186,0,99,382,2,483,12,0,12,495
04/29/2021,PDK,GA,ASO,ES,Towers with Radar,0,106,166,0,272,0,4,74,3,81,0,110,240,3,353,0,0,0,353
04/30/2021,PDK,GA,ASO,ES,Towers with Radar,0,88,132,0,220,0,6,113,0,119,0,94,245,0,339,6,0,6,345
05/01/2021,PDK,GA,ASO,ES,Towers with Radar,0,64,94,0,158,0,2,233,1,236,0,66,327,1,394,48,0,48,442
05/02/2021,PDK,GA,ASO,ES,Towers with Radar,0,99,169,0,268,0,7,148,1,156,0,106,317,1,424,0,0,0,424
05/03/2021,PDK,GA,ASO,ES,Towers with Radar,0,62,96,0,158,0,0,3,0,3,0,62,99,0,161,0,0,0,161
05/04/2021,PDK,GA,ASO,ES,Towers with Radar,0,54,107,0,161,0,0,7,0,7,0,54,114,0,168,2,0,2,170
05/05/2021,PDK,GA,ASO,ES,Towers with Radar,0,79,207,0,286,0,7,83,0,90,0,86,290,0,376,8,0,8,384
05/06/2021,PDK,GA,ASO,ES,Towers with Radar,0,66,124,0,190,0,3,175,2,180,0,69,299,2,370,4,0,4,374
05/07/2021,PDK,GA,ASO,ES,Towers with Radar,0,69,141,0,210,0,4,102,0,106,0,73,243,0,316,16,0,16,332
05/08/2021,PDK,GA,ASO,ES,Towers with Radar,0,42,95,0,137,0,4,211,2,217,0,46,306,2,354,2,0,2,356
05/09/2021,PDK,GA,ASO,ES,Towers with Radar,0,51,101,0,152,0,2,101,0,103,0,53,202,0,255,10,0,10,265
05/10/2021,PDK,GA,ASO,ES,Towers with Radar,0,68,138,0,206,0,1,32,4,37,0,69,170,4,243,0,0,0,243
05/11/2021,PDK,GA,ASO,ES,Towers with Radar,0,67,131,0,198,0,3,139,1,143,0,70,270,1,341,4,0,4,345
05/12/2021,PDK,GA,ASO,ES,Towers with Radar,0,64,145,0,209,0,1,5,0,6,0,65,150,0,215,0,0,0,215
05/13/2021,PDK,GA,ASO,ES,Towers with Radar,0,83,141,1,225,0,10,178,1,189,0,93,319,2,414,14,0,14,428
05/14/2021,PDK,GA,ASO,ES,Towers with Radar,1,61,143,0,205,0,7,212,0,219,1,68,355,0,424,4,0,4,428
05/15/2021,PDK,GA,ASO,ES,Towers with Radar,1,50,83,0,134,0,3,222,0,225,1,53,305,0,359,6,0,6,365
05/16/2021,PDK,GA,ASO,ES,Towers with Radar,1,68,135,1,205,0,4,178,0,182,1,72,313,1,387,0,0,0,387
05/17/2021,PDK,GA,ASO,ES,Towers with Radar,0,58,117,0,175,0,2,179,2,183,0,60,296,2,358,16,0,16,374
05/18/2021,PDK,GA,ASO,ES,Towers with Radar,0,62,118,4,184,0,1,170,3,174,0,63,288,7,358,8,1,9,367
05/19/2021,PDK,GA,ASO,ES,Towers with Radar,0,66,161,0,227,0,6,135,0,141,0,72,296,0,368,6,0,6,374
05/20/2021,PDK,GA,ASO,ES,Towers with Radar,0,86,155,3,244,0,7,128,0,135,0,93,283,3,379,8,0,8,387
05/21/2021,PDK,GA,ASO,ES,Towers with Radar,0,76,139,2,217,0,3,208,0,211,0,79,347,2,428,28,0,28,456
05/22/2021,PDK,GA,ASO,ES,Towers with Radar,0,54,81,1,136,0,2,222,1,225,0,56,303,2,361,0,0,0,361
05/23/2021,PDK,GA,ASO,ES,Towers with Radar,0,60,117,0,177,0,5,217,2,224,0,65,334,2,401,10,0,10,411
05/24/2021,PDK,GA,ASO,ES,Towers with Radar,0,62,116,0,178,0,6,186,2,194,0,68,302,2,372,164,0,164,536
05/25/2021,PDK,GA,ASO,ES,Towers with Radar,0,78,112,0,190,0,0,192,0,192,0,78,304,0,382,158,0,158,540
05/26/2021,PDK,GA,ASO,ES,Towers with Radar,0,94,141,3,238,0,7,196,3,206,0,101,337,6,444,156,0,156,600
05/27/2021,PDK,GA,ASO,ES,Towers with Radar,0,89,197,2,288,0,3,165,0,168,0,92,362,2,456,165,0,165,621
05/28/2021,PDK,GA,ASO,ES,Towers with Radar,0,64,144,1,209,0,3,137,0,140,0,67,281,1,349,70,0,70,419
05/29/2021,PDK,GA,ASO,ES,Towers with Radar,0,64,88,0,152,0,5,97,0,102,0,69,185,0,254,152,0,152,406
05/30/2021,PDK,GA,ASO,ES,Towers with Radar,0,36,59,0,95,0,2,165,0,167,0,38,224,0,262,172,0,172,434
05/31/2021,PDK,GA,ASO,ES,Towers with Radar,1,47,129,0,177,0,4,154,2,160,1,51,283,2,337,178,0,178,515
06/01/2021,PDK,GA,ASO,ES,Towers with Radar,0,85,152,0,237,0,2,200,0,202,0,87,352,0,439,208,0,208,647
06/02/2021,PDK,GA,ASO,ES,Towers with Radar,1,66,169,0,236,0,3,135,1,139,1,69,304,1,375,146,0,146,521
06/03/2021,PDK,GA,ASO,ES,Towers with Radar,0,82,148,0,230,0,1,123,0,124,0,83,271,0,354,227,0,227,581
06/04/2021,PDK,GA,ASO,ES,Towers with Radar,0,74,143,0,217,0,1,181,3,185,0,75,324,3,402,147,0,147,549
06/05/2021,PDK,GA,ASO,ES,Towers with Radar,0,61,105,0,166,0,6,158,1,165,0,67,263,1,331,214,0,214,545
06/06/2021,PDK,GA,ASO,ES,Towers with Radar,0,70,156,0,226,0,2,74,0,76,0,72,230,0,302,178,0,178,480
06/07/2021,PDK,GA,ASO,ES,Towers with Radar,0,63,127,0,190,0,2,24,0,26,0,65,151,0,216,75,0,75,291
06/08/2021,PDK,GA,ASO,ES,Towers with Radar,0,57,168,2,227,0,0,47,0,47,0,57,215,2,274,194,0,194,468
06/09/2021,PDK,GA,ASO,ES,Towers with Radar,0,76,211,0,287,0,1,59,0,60,0,77,270,0,347,176,0,176,523
06/10/2021,PDK,GA,ASO,ES,Towers with Radar,0,80,201,0,281,0,2,45,0,47,0,82,246,0,328,190,0,190,518
06/11/2021,PDK,GA,ASO,ES,Towers with Radar,0,79,180,0,259,0,1,44,0,45,0,80,224,0,304,22,0,22,326
06/12/2021,PDK,GA,ASO,ES,Towers with Radar,1,47,105,0,153,0,2,138,2,142,1,49,243,2,295,88,0,88,383
06/13/2021,PDK,GA,ASO,ES,Towers with Radar,0,85,167,2,254,0,3,156,4,163,0,88,323,6,417,164,0,164,581
06/14/2021,PDK,GA,ASO,ES,Towers with Radar,0,70,115,2,187,0,6,148,0,154,0,76,263,2,341,128,0,128,469
06/15/2021,PDK,GA,ASO,ES,Towers with Radar,0,64,118,0,182,0,1,159,0,160,0,65,277,0,342,108,0,108,450
06/16/2021,PDK,GA,ASO,ES,Towers with Radar,0,84,150,2,236,0,3,263,0,266,0,87,413,2,502,139,0,139,641
06/17/2021,PDK,GA,ASO,ES,Towers with Radar,0,29,89,0,118,0,6,239,0,245,0,35,328,0,363,22,0,22,385
06/18/2021,PDK,GA,ASO,ES,Towers with Radar,0,33,81,0,114,0,8,224,0,232,0,41,305,0,346,56,0,56,402
06/19/2021,PDK,GA,ASO,ES,Towers with Radar,0,11,47,0,58,0,5,73,0,78,0,16,120,0,136,106,0,106,242
06/20/2021,PDK,GA,ASO,ES,Towers with Radar,1,26,59,0,86,0,3,22,0,25,1,29,81,0,111,4,0,4,115
06/21/2021,PDK,GA,ASO,ES,Towers with Radar,0,61,132,0,193,0,2,52,0,54,0,63,184,0,247,184,0,184,431
06/22/2021,PDK,GA,ASO,ES,Towers with Radar,0,45,127,0,172,0,3,87,2,92,0,48,214,2,264,78,0,78,342
06/23/2021,PDK,GA,ASO,ES,Towers with Radar,0,50,138,3,191,0,5,259,0,264,0,55,397,3,455,252,0,252,707
06/24/2021,PDK,GA,ASO,ES,Towers with Radar,0,26,98,0,124,0,0,153,0,153,0,26,251,0,277,134,0,134,411
06/25/2021,PDK,GA,ASO,ES,Towers with Radar,0,40,86,0,126,0,4,227,4,235,0,44,313,4,361,121,0,121,482
06/26/2021,PDK,GA,ASO,ES,Towers with Radar,0,15,79,0,94,0,4,183,2,189,0,19,262,2,283,56,0,56,339
06/27/2021,PDK,GA,ASO,ES,Towers with Radar,0,17,90,0,107,0,4,102,2,108,0,21,192,2,215,62,0,62,277
06/28/2021,PDK,GA,ASO,ES,Towers with Radar,0,75,109,0,184,0,4,230,0,234,0,79,339,0,418,325,0,325,743
06/29/2021,PDK,GA,ASO,ES,Towers with Radar,0,82,141,0,223,0,3,58,0,61,0,85,199,0,284,152,0,152,436
06/30/2021,PDK,GA,ASO,ES,Towers with Radar,1,61,114,2,178,0,2,231,0,233,1,63,345,2,411,263,0,263,674
07/01/2021,PDK,GA,ASO,ES,Towers with Radar,0,86,160,0,246,0,4,183,0,187,0,90,343,0,433,334,0,334,767
07/02/2021,PDK,GA,ASO,ES,Towers with Radar,0,52,123,0,175,0,3,41,0,44,0,55,164,0,219,32,0,32,251
07/03/2021,PDK,GA,ASO,ES,Towers with Radar,0,53,87,0,140,0,5,176,0,181,0,58,263,0,321,246,0,246,567
07/04/2021,PDK,GA,ASO,ES,Towers with Radar,0,35,44,0,79,0,3,114,2,119,0,38,158,2,198,156,0,156,354
07/05/2021,PDK,GA,ASO,ES,Towers with Radar,0,70,98,0,168,0,8,134,0,142,0,78,232,0,310,216,0,216,526
07/06/2021,PDK,GA,ASO,ES,Towers with Radar,0,67,120,0,187,0,2,204,2,208,0,69,324,2,395,183,0,183,578
07/07/2021,PDK,GA,ASO,ES,Towers with Radar,0,61,109,0,170,0,4,98,0,102,0,65,207,0,272,226,0,226,498
07/08/2021,PDK,GA,ASO,ES,Towers with Radar,0,75,124,0,199,0,2,118,0,120,0,77,242,0,319,154,0,154,473
07/09/2021,PDK,GA,ASO,ES,Towers with Radar,0,56,128,0,184,0,4,50,0,54,0,60,178,0,238,117,0,117,355
07/10/2021,PDK,GA,ASO,ES,Towers with Radar,0,55,118,2,175,0,0,88,0,88,0,55,206,2,263,184,0,184,447
07/11/2021,PDK,GA,ASO,ES,Towers with Radar,0,61,127,2,190,0,2,72,0,74,0,63,199,2,264,152,0,152,416
07/12/2021,PDK,GA,ASO,ES,Towers with Radar,0,59,129,0,188,0,1,68,2,71,0,60,197,2,259,154,0,154,413
07/13/2021,PDK,GA,ASO,ES,Towers with Radar,0,72,160,0,232,0,3,109,0,112,0,75,269,0,344,218,0,218,562
07/14/2021,PDK,GA,ASO,ES,Towers with Radar,0,81,180,0,261,0,6,195,0,201,0,87,375,0,462,278,0,278,740
07/15/2021,PDK,GA,ASO,ES,Towers with Radar,0,78,186,0,264,0,6,224,1,231,0,84,410,1,495,175,0,175,670
07/16/2021,PDK,GA,ASO,ES,Towers with Radar,1,56,176,1,234,0,6,140,0,146,1,62,316,1,380,186,0,186,566
07/17/2021,PDK,GA,ASO,ES,Towers with Radar,0,73,89,0,162,0,0,199,0,199,0,73,288,0,361,138,0,138,499
07/18/2021,PDK,GA,ASO,ES,Towers with Radar,0,69,130,1,200,0,3,106,0,109,0,72,236,1,309,187,0,187,496
07/19/2021,PDK,GA,ASO,ES,Towers with Radar,0,85,138,0,223,0,0,4,0,4,0,85,142,0,227,21,0,21,248
07/20/2021,PDK,GA,ASO,ES,Towers with Radar,0,87,163,0,250,0,0,10,0,10,0,87,173,0,260,10,0,10,270
07/21/2021,PDK,GA,ASO,ES,Towers with Radar,0,77,163,0,240,0,3,82,1,86,0,80,245,1,326,256,0,256,582
07/22/2021,PDK,GA,ASO,ES,Towers with Radar,0,67,156,2,225,0,13,247,0,260,0,80,403,2,485,176,0,176,661
07/23/2021,PDK,GA,ASO,ES,Towers with Radar,0,77,163,3,243,0,6,181,3,190,0,83,344,6,433,258,0,258,691
07/24/2021,PDK,GA,ASO,ES,Towers with Radar,0,64,85,5,154,0,4,156,0,160,0,68,241,5,314,174,0,174,488
07/25/2021,PDK,GA,ASO,ES,Towers with Radar,0,82,147,1,230,0,3,122,2,127,0,85,269,3,357,252,0,252,609
07/26/2021,PDK,GA,ASO,ES,Towers with Radar,0,66,118,0,184,0,2,116,0,118,0,68,234,0,302,187,0,187,489
07/27/2021,PDK,GA,ASO,ES,Towers with Radar,0,75,143,0,218,0,3,105,0,108,0,78,248,0,326,186,0,186,512
07/28/2021,PDK,GA,ASO,ES,Towers with Radar,1,82,149,0,232,0,7,157,4,168,1,89,306,4,400,188,0,188,588
07/29/2021,PDK,GA,ASO,ES,Towers with Radar,0,87,149,3,239,0,6,223,0,229,0,93,372,3,468,218,0,218,686
07/30/2021,PDK,GA,ASO,ES,Towers with Radar,0,63,143,4,210,0,3,152,0,155,0,66,295,4,365,268,0,268,633
07/31/2021,PDK,GA,ASO,ES,Towers with Radar,0,54,110,0,164,0,4,181,2,187,0,58,291,2,351,86,0,86,437
08/01/2021,PDK,GA,ASO,ES,Towers with Radar,0,86,119,0,205,0,4,119,0,123,0,90,238,0,328,124,0,124,452
08/02/2021,PDK,GA,ASO,ES,Towers with Radar,1,100,127,0,228,0,6,169,6,181,1,106,296,6,409,256,0,256,665
08/03/2021,PDK,GA,ASO,ES,Towers with Radar,0,71,123,4,198,0,5,122,0,127,0,76,245,4,325,223,0,223,548
08/04/2021,PDK,GA,ASO,ES,Towers with Radar,0,83,148,3,234,0,8,172,1,181,0,91,320,4,415,261,0,261,676
08/05/2021,PDK,GA,ASO,ES,Towers with Radar,0,79,150,0,229,0,7,181,0,188,0,86,331,0,417,234,0,234,651
08/06/2021,PDK,GA,ASO,ES,Towers with Radar,0,75,118,0,193,0,2,180,0,182,0,77,298,0,375,208,0,208,583
08/07/2021,PDK,GA,ASO,ES,Towers with Radar,1,49,85,0,135,0,2,146,0,148,1,51,231,0,283,269,0,269,552
08/08/2021,PDK,GA,ASO,ES,Towers with Radar,0,63,116,4,183,0,2,196,0,198,0,65,312,4,381,160,0,160,541
08/09/2021,PDK,GA,ASO,ES,Towers with Radar,0,56,116,0,172,0,2,171,0,173,0,58,287,0,345,189,0,189,534
08/10/2021,PDK,GA,ASO,ES,Towers with Radar,0,74,114,0,188,0,2,159,0,161,0,76,273,0,349,252,0,252,601
08/11/2021,PDK,GA,ASO,ES,Towers with Radar,2,47,151,2,202,0,3,113,0,116,2,50,264,2,318,162,0,162,480
08/12/2021,PDK,GA,ASO,ES,Towers with Radar,0,75,134,0,209,0,5,223,0,228,0,80,357,0,437,200,0,200,637
08/13/2021,PDK,GA,ASO,ES,Towers with Radar,0,87,118,4,209,0,4,175,0,179,0,91,293,4,388,274,0,274,662
08/14/2021,PDK,GA,ASO,ES,Towers with Radar,0,28,72,0,100,0,7,173,0,180,0,35,245,0,280,134,0,134,414
08/15/2021,PDK,GA,ASO,ES,Towers with Radar,2,65,132,0,199,0,2,56,0,58,2,67,188,0,257,146,0,146,403
08/16/2021,PDK,GA,ASO,ES,Towers with Radar,0,45,118,0,163,0,1,44,0,45,0,46,162,0,208,84,0,84,292
08/17/2021,PDK,GA,ASO,ES,Towers with Radar,0,56,82,0,138,0,1,9,0,10,0,57,91,0,148,0,0,0,148
08/18/2021,PDK,GA,ASO,ES,Towers with Radar,0,69,151,2,222,0,3,174,0,177,0,72,325,2,399,319,0,319,718
08/19/2021,PDK,GA,ASO,ES,Towers with Radar,0,74,137,0,211,0,2,138,0,140,0,76,275,0,351,146,0,146,497
08/20/2021,PDK,GA,ASO,ES,Towers with Radar,0,53,133,2,188,0,3,90,0,93,0,56,223,2,281,246,0,246,527
08/21/2021,PDK,GA,ASO,ES,Towers with Radar,0,39,89,0,128,0,3,56,0,59,0,42,145,0,187,92,0,92,279
08/22/2021,PDK,GA,ASO,ES,Towers with Radar,0,50,115,0,165,0,1,33,0,34,0,51,148,0,199,74,0,74,273
08/23/2021,PDK,GA,ASO,ES,Towers with Radar,0,59,153,0,212,0,4,167,0,171,0,63,320,0,383,116,0,116,499
08/24/2021,PDK,GA,ASO,ES,Towers with Radar,0,52,132,0,184,0,7,174,0,181,0,59,306,0,365,60,0,60,425
08/25/2021,PDK,GA,ASO,ES,Towers with Radar,0,61,145,0,206,0,2,163,0,165,0,63,308,0,371,84,0,84,455
08/26/2021,PDK,GA,ASO,ES,Towers with Radar,0,61,169,0,230,0,4,149,0,153,0,65,318,0,383,132,0,132,515
08/27/2021,PDK,GA,ASO,ES,Towers with Radar,0,60,127,0,187,0,6,160,0,166,0,66,287,0,353,142,0,142,495
08/28/2021,PDK,GA,ASO,ES,Towers with Radar,0,33,103,2,138,0,0,124,0,124,0,33,227,2,262,112,0,112,374
08/29/2021,PDK,GA,ASO,ES,Towers with Radar,0,57,122,2,181,0,2,115,0,117,0,59,237,2,298,98,0,98,396
08/30/2021,PDK,GA,ASO,ES,Towers with Radar,0,63,116,0,179,0,5,99,0,104,0,68,215,0,283,192,0,192,475
08/31/2021,PDK,GA,ASO,ES,Towers with Radar,0,53,89,0,142,0,0,2,0,2,0,53,91,0,144,0,0,0,144
09/01/2021,PDK,GA,ASO,ES,Towers with Radar,1,67,157,0,225,0,6,106,0,112,1,73,263,0,337,118,0,118,455
09/02/2021,PDK,GA,ASO,ES,Towers with Radar,0,76,196,0,272,0,15,218,0,233,0,91,414,0,505,170,0,170,675
09/03/2021,PDK,GA,ASO,ES,Towers with Radar,1,102,204,0,307,0,7,240,0,247,1,109,444,0,554,154,0,154,708
09/04/2021,PDK,GA,ASO,ES,Towers with Radar,0,62,115,0,177,0,4,181,0,185,0,66,296,0,362,142,0,142,504
09/05/2021,PDK,GA,ASO,ES,Towers with Radar,0,85,74,0,159,0,4,185,2,191,0,89,259,2,350,120,0,120,470
09/06/2021,PDK,GA,ASO,ES,Towers with Radar,0,88,141,0,229,0,1,76,0,77,0,89,217,0,306,194,0,194,500
09/07/2021,PDK,GA,ASO,ES,Towers with Radar,0,83,165,0,248,0,0,44,0,44,0,83,209,0,292,64,0,64,356
09/08/2021,PDK,GA,ASO,ES,Towers with Radar,0,54,140,0,194,0,0,50,1,51,0,54,190,1,245,100,0,100,345
09/09/2021,PDK,GA,ASO,ES,Towers with Radar,0,74,146,1,221,0,4,143,0,147,0,78,289,1,368,95,0,95,463
09/10/2021,PDK,GA,ASO,ES,Towers with Radar,0,58,140,6,204,0,3,198,0,201,0,61,338,6,405,222,0,222,627
09/11/2021,PDK,GA,ASO,ES,Towers with Radar,0,43,109,0,152,0,4,178,0,182,0,47,287,0,334,180,0,180,514
09/12/2021,PDK,GA,ASO,ES,Towers with Radar,0,93,128,1,222,0,2,171,0,173,0,95,299,1,395,148,0,148,543
09/13/2021,PDK,GA,ASO,ES,Towers with Radar,0,67,138,0,205,0,9,159,4,172,0,76,297,4,377,200,0,200,577
09/14/2021,PDK,GA,ASO,ES,Towers with Radar,0,66,134,1,201,0,4,181,4,189,0,70,315,5,390,66,0,66,456
09/15/2021,PDK,GA,ASO,ES,Towers with Radar,1,72,159,0,232,0,1,62,0,63,1,73,221,0,295,128,0,128,423
09/16/2021,PDK,GA,ASO,ES,Towers with Radar,0,69,156,0,225,0,2,9,0,11,0,71,165,0,236,10,0,10,246
09/17/2021,PDK,GA,ASO,ES,Towers with Radar,0,55,159,2,216,0,2,34,2,38,0,57,193,4,254,142,0,142,396
09/18/2021,PDK,GA,ASO,ES,Towers with Radar,1,48,70,0,119,0,4,126,0,130,1,52,196,0,249,210,0,210,459
09/19/2021,PDK,GA,ASO,ES,Towers with Radar,0,72,134,0,206,0,0,38,0,38,0,72,172,0,244,38,0,38,282
09/20/2021,PDK,GA,ASO,ES,Towers with Radar,0,63,135,2,200,0,0,0,0,0,0,63,135,2,200,0,0,0,200
09/21/2021,PDK,GA,ASO,ES,Towers with Radar,0,46,157,0,203,0,3,34,0,37,0,49,191,0,240,66,0,66,306
09/22/2021,PDK,GA,ASO,ES,Towers with Radar,0,51,155,0,206,0,3,35,0,38,0,54,190,0,244,42,0,42,286
09/23/2021,PDK,GA,ASO,ES,Towers with Radar,0,84,177,0,261,0,7,183,2,192,0,91,360,2,453,82,0,82,535
09/24/2021,PDK,GA,ASO,ES,Towers with Radar,0,78,188,2,268,0,4,208,0,212,0,82,396,2,480,186,0,186,666
09/25/2021,PDK,GA,ASO,ES,Towers with Radar,0,45,117,0,162,0,3,224,0,227,0,48,341,0,389,210,0,210,599
09/26/2021,PDK,GA,ASO,ES,Towers with Radar,1,84,136,0,221,0,10,246,2,258,1,94,382,2,479,112,0,112,591
09/27/2021,PDK,GA,ASO,ES,Towers with Radar,0,52,127,2,181,0,2,172,0,174,0,54,299,2,355,112,0,112,467
09/28/2021,PDK,GA,ASO,ES,Towers with Radar,0,75,154,0,229,0,9,208,0,217,0,84,362,0,446,174,0,174,620
09/29/2021,PDK,GA,ASO,ES,Towers with Radar,0,86,148,0,234,0,5,203,2,210,0,91,351,2,444,124,0,124,568
09/30/2021,PDK,GA,ASO,ES,Towers with Radar,1,114,203,1,319,0,6,185,2,193,1,120,388,3,512,209,0,209,721
10/01/2021,PDK,GA,ASO,ES,Towers with Radar,0,84,148,5,237,0,3,228,3,234,0,87,376,8,471,90,0,90,561
10/02/2021,PDK,GA,ASO,ES,Towers with Radar,0,57,118,0,175,0,14,114,0,128,0,71,232,0,303,196,0,196,499
10/03/2021,PDK,GA,ASO,ES,Towers with Radar,0,95,168,0,263,0,0,80,2,82,0,95,248,2,345,208,0,208,553
10/04/2021,PDK,GA,ASO,ES,Towers with Radar,0,61,143,0,204,0,1,30,0,31,0,62,173,0,235,122,0,122,357
10/05/2021,PDK,GA,ASO,ES,Towers with Radar,0,57,136,0,193,0,0,5,0,5,0,57,141,0,198,28,0,28,226
10/06/2021,PDK,GA,ASO,ES,Towers with Radar,0,75,177,0,252,0,0,18,0,18,0,75,195,0,270,28,0,28,298
10/07/2021,PDK,GA,ASO,ES,Towers with Radar,0,77,174,0,251,0,0,28,0,28,0,77,202,0,279,64,0,64,343
10/08/2021,PDK,GA,ASO,ES,Towers with Radar,0,52,106,0,158,0,4,87,0,91,0,56,193,0,249,112,0,112,361
10/09/2021,PDK,GA,ASO,ES,Towers with Radar,2,47,119,0,168,0,4,171,0,175,2,51,290,0,343,158,0,158,501
10/10/2021,PDK,GA,ASO,ES,Towers with Radar,0,42,143,0,185,0,6,188,0,194,0,48,331,0,379,146,0,146,525
10/11/2021,PDK,GA,ASO,ES,Towers with Radar,0,80,178,0,258,0,4,173,0,177,0,84,351,0,435,146,0,146,581
10/12/2021,PDK,GA,ASO,ES,Towers with Radar,0,71,215,0,286,0,3,64,0,67,0,74,279,0,353,117,0,117,470
10/13/2021,PDK,GA,ASO,ES,Towers with Radar,0,68,185,0,253,0,5,147,0,152,0,73,332,0,405,126,0,126,531
10/14/2021,PDK,GA,ASO,ES,Towers with Radar,1,87,168,0,256,0,7,196,0,203,1,94,364,0,459,140,0,140,599
10/15/2021,PDK,GA,ASO,ES,Towers with Radar,1,66,144,0,211,0,4,204,0,208,1,70,348,0,419,170,0,170,589
10/16/2021,PDK,GA,ASO,ES,Towers with Radar,0,53,85,0,138,0,4,80,2,86,0,57,165,2,224,36,0,36,260
10/17/2021,PDK,GA,ASO,ES,Towers with Radar,0,61,144,0,205,0,7,197,0,204,0,68,341,0,409,86,0,86,495
10/18/2021,PDK,GA,ASO,ES,Towers with Radar,0,85,151,0,236,0,7,171,0,178,0,92,322,0,414,200,0,200,614
10/19/2021,PDK,GA,ASO,ES,Towers with Radar,0,67,165,4,236,0,8,163,0,171,0,75,328,4,407,148,0,148,555
10/20/2021,PDK,GA,ASO,ES,Towers with Radar,0,77,168,0,245,0,6,213,2,221,0,83,381,2,466,164,0,164,630
10/21/2021,PDK,GA,ASO,ES,Towers with Radar,0,100,229,0,329,0,4,123,0,127,0,104,352,0,456,124,0,124,580
10/22/2021,PDK,GA,ASO,ES,Towers with Radar,0,90,190,0,280,0,1,183,0,184,0,91,373,0,464,90,0,90,554
10/23/2021,PDK,GA,ASO,ES,Towers with Radar,0,65,107,0,172,0,6,205,0,211,0,71,312,0,383,192,0,192,575
10/24/2021,PDK,GA,ASO,ES,Towers with Radar,1,89,120,0,210,0,8,163,0,171,1,97,283,0,381,184,0,184,565
10/25/2021,PDK,GA,ASO,ES,Towers with Radar,0,83,152,2,237,0,1,101,2,104,0,84,253,4,341,212,0,212,553
10/26/2021,PDK,GA,ASO,ES,Towers with Radar,0,71,154,0,225,0,8,110,0,118,0,79,264,0,343,58,0,58,401
10/27/2021,PDK,GA,ASO,ES,Towers with Radar,0,85,197,0,282,0,7,198,2,207,0,92,395,2,489,171,0,171,660
10/28/2021,PDK,GA,ASO,ES,Towers with Radar,0,69,151,0,220,0,0,4,0,4,0,69,155,0,224,10,0,10,234
10/29/2021,PDK,GA,ASO,ES,Towers with Radar,1,89,222,0,312,0,0,30,0,30,1,89,252,0,342,26,0,26,368
10/30/2021,PDK,GA,ASO,ES,Towers with Radar,0,60,136,0,196,0,0,3,0,3,0,60,139,0,199,38,0,38,237
10/31/2021,PDK,GA,ASO,ES,Towers with Radar,0,76,219,0,295,0,4,76,2,82,0,80,295,2,377,126,0,126,503
11/01/2021,PDK,GA,ASO,ES,Towers with Radar,0,86,174,0,260,1,2,159,0,162,1,88,333,0,422,160,0,160,582
11/02/2021,PDK,GA,ASO,ES,Towers with Radar,0,66,133,0,199,0,8,187,2,197,0,74,320,2,396,152,0,152,548
11/03/2021,PDK,GA,ASO,ES,Towers with Radar,0,81,139,0,220,0,8,156,0,164,0,89,295,0,384,172,0,172,556
11/04/2021,PDK,GA,ASO,ES,Towers with Radar,0,86,191,0,277,0,0,6,0,6,0,86,197,0,283,0,0,0,283
11/05/2021,PDK,GA,ASO,ES,Towers with Radar,1,98,208,0,307,0,5,191,2,198,1,103,399,2,505,154,0,154,659
11/06/2021,PDK,GA,ASO,ES,Towers with Radar,0,54,81,0,135,0,4,200,2,206,0,58,281,2,341,164,0,164,505
11/07/2021,PDK,GA,ASO,ES,Towers with Radar,0,73,148,2,223,0,0,219,2,221,0,73,367,4,444,120,0,120,564
11/08/2021,PDK,GA,ASO,ES,Towers with Radar,0,88,107,1,196,0,4,178,0,182,0,92,285,1,378,159,0,159,537
11/09/2021,PDK,GA,ASO,ES,Towers with Radar,0,92,160,2,254,0,6,161,1,168,0,98,321,3,422,140,0,140,562
11/10/2021,PDK,GA,ASO,ES,Towers with Radar,0,87,168,0,255,0,3,186,2,191,0,90,354,2,446,144,0,144,590
11/11/2021,PDK,GA,ASO,ES,Towers with Radar,0,94,192,0,286,0,1,49,0,50,0,95,241,0,336,170,0,170,506
11/12/2021,PDK,GA,ASO,ES,Towers with Radar,0,94,175,4,273,0,3,193,0,196,0,97,368,4,469,108,0,108,577
11/13/2021,PDK,GA,ASO,ES,Towers with Radar,0,52,98,0,150,0,5,181,0,186,0,57,279,0,336,96,0,96,432
11/14/2021,PDK,GA,ASO,ES,Towers with Radar,0,68,145,0,213,0,2,51,0,53,0,70,196,0,266,156,0,156,422
11/15/2021,PDK,GA,ASO,ES,Towers with Radar,0,83,141,0,224,0,4,178,0,182,0,87,319,0,406,98,0,98,504
11/16/2021,PDK,GA,ASO,ES,Towers with Radar,0,82,193,0,275,0,9,161,6,176,0,91,354,6,451,148,0,148,599
11/17/2021,PDK,GA,ASO,ES,Towers with Radar,0,85,163,0,248,0,0,140,0,140,0,85,303,0,388,68,0,68,456
11/18/2021,PDK,GA,ASO,ES,Towers with Radar,0,92,184,0,276,0,7,159,2,168,0,99,343,2,444,134,0,134,578
11/19/2021,PDK,GA,ASO,ES,Towers with Radar,0,90,180,0,270,0,2,204,2,208,0,92,384,2,478,98,0,98,576
11/20/2021,PDK,GA,ASO,ES,Towers with Radar,1,68,112,0,181,0,6,177,0,183,1,74,289,0,364,94,0,94,458
11/21/2021,PDK,GA,ASO,ES,Towers with Radar,0,66,120,0,186,0,2,70,2,74,0,68,190,2,260,116,0,116,376
11/22/2021,PDK,GA,ASO,ES,Towers with Radar,0,68,126,0,194,0,3,61,0,64,0,71,187,0,258,44,0,44,302
11/23/2021,PDK,GA,ASO,ES,Towers with Radar,0,88,165,0,253,0,5,207,2,214,0,93,372,2,467,64,0,64,531
11/24/2021,PDK,GA,ASO,ES,Towers with Radar,0,73,176,0,249,0,4,142,2,148,0,77,318,2,397,89,0,89,486
11/25/2021,PDK,GA,ASO,ES,Towers with Radar,0,21,35,0,56,0,4,62,0,66,0,25,97,0,122,14,0,14,136
11/26/2021,PDK,GA,ASO,ES,Towers with Radar,0,54,113,0,167,0,0,81,0,81,0,54,194,0,248,0,0,0,248
11/27/2021,PDK,GA,ASO,ES,Towers with Radar,1,102,121,0,224,0,6,153,0,159,1,108,274,0,383,134,0,134,517
11/28/2021,PDK,GA,ASO,ES,Towers with Radar,0,79,201,0,280,0,4,136,0,140,0,83,337,0,420,36,0,36,456
11/29/2021,PDK,GA,ASO,ES,Towers with Radar,0,92,154,0,246,0,2,119,0,121,0,94,273,0,367,44,0,44,411
11/30/2021,PDK,GA,ASO,ES,Towers with Radar,1,89,183,1,274,0,6,126,0,132,1,95,309,1,406,115,0,115,521
12/01/2021,PDK,GA,ASO,ES,Towers with Radar,0,70,194,3,267,0,0,128,4,132,0,70,322,7,399,156,0,156,555
12/02/2021,PDK,GA,ASO,ES,Towers with Radar,0,99,162,2,263,0,7,167,4,178,0,106,329,6,441,66,0,66,507
12/03/2021,PDK,GA,ASO,ES,Towers with Radar,0,106,206,3,315,0,4,233,2,239,0,110,439,5,554,158,0,158,712
12/04/2021,PDK,GA,ASO,ES,Towers with Radar,0,74,184,0,258,0,2,183,0,185,0,76,367,0,443,179,0,179,622
12/05/2021,PDK,GA,ASO,ES,Towers with Radar,0,92,190,3,285,0,2,64,0,66,0,94,254,3,351,104,0,104,455
12/06/2021,PDK,GA,ASO,ES,Towers with Radar,1,70,135,0,206,0,1,1,0,2,1,71,136,0,208,0,0,0,208
12/07/2021,PDK,GA,ASO,ES,Towers with Radar,0,97,154,0,251,0,1,121,2,124,0,98,275,2,375,116,0,116,491
12/08/2021,PDK,GA,ASO,ES,Towers with Radar,0,95,158,0,253,0,1,45,0,46,0,96,203,0,299,32,0,32,331
12/09/2021,PDK,GA,ASO,ES,Towers with Radar,0,108,196,0,304,0,1,152,0,153,0,109,348,0,457,158,0,158,615
12/10/2021,PDK,GA,ASO,ES,Towers with Radar,0,56,67,0,123,0,0,0,0,0,0,56,67,0,123,0,0,0,123
12/11/2021,PDK,GA,ASO,ES,Towers with Radar,0,36,76,0,112,0,1,0,0,1,0,37,76,0,113,20,0,20,133
12/12/2021,PDK,GA,ASO,ES,Towers with Radar,0,72,141,0,213,0,4,181,0,185,0,76,322,0,398,160,0,160,558
12/13/2021,PDK,GA,ASO,ES,Towers with Radar,0,96,147,0,243,0,6,206,0,212,0,102,353,0,455,168,0,168,623
12/14/2021,PDK,GA,ASO,ES,Towers with Radar,0,88,151,0,239,0,3,232,0,235,0,91,383,0,474,110,0,110,584
12/15/2021,PDK,GA,ASO,ES,Towers with Radar,0,96,181,0,277,0,7,150,0,157,0,103,331,0,434,262,0,262,696
12/16/2021,PDK,GA,ASO,ES,Towers with Radar,0,101,200,4,305,0,0,63,0,63,0,101,263,4,368,152,0,152,520
12/17/2021,PDK,GA,ASO,ES,Towers with Radar,1,69,179,2,251,0,1,47,0,48,1,70,226,2,299,90,0,90,389
12/18/2021,PDK,GA,ASO,ES,Towers with Radar,0,48,104,0,152,0,0,0,0,0,0,48,104,0,152,12,0,12,164
12/19/2021,PDK,GA,ASO,ES,Towers with Radar,1,64,135,0,200,0,3,37,0,40,1,67,172,0,240,19,0,19,259
12/20/2021,PDK,GA,ASO,ES,Towers with Radar,0,79,133,0,212,0,9,163,2,174,0,88,296,2,386,180,0,180,566
12/21/2021,PDK,GA,ASO,ES,Towers with Radar,0,54,123,2,179,0,0,49,0,49,0,54,172,2,228,132,0,132,360
12/22/2021,PDK,GA,ASO,ES,Towers with Radar,0,62,106,0,168,0,6,136,2,144,0,68,242,2,312,54,0,54,366
12/23/2021,PDK,GA,ASO,ES,Towers with Radar,1,56,124,0,181,0,3,208,0,211,1,59,332,0,392,144,0,144,536
12/24/2021,PDK,GA,ASO,ES,Towers with Radar,0,42,66,0,108,0,0,100,0,100,0,42,166,0,208,208,0,208,416
12/25/2021,PDK,GA,ASO,ES,Towers with Radar,0,41,28,0,69,0,2,25,0,27,0,43,53,0,96,0,0,0,96
12/26/2021,PDK,GA,ASO,ES,Towers with Radar,1,47,143,0,191,0,7,115,0,122,1,54,258,0,313,150,0,150,463
12/27/2021,PDK,GA,ASO,ES,Towers with Radar,0,68,143,0,211,0,3,52,0,55,0,71,195,0,266,56,0,56,322
12/28/2021,PDK,GA,ASO,ES,Towers with Radar,0,73,113,0,186,0,2,52,2,56,0,75,165,2,242,152,0,152,394
12/29/2021,PDK,GA,ASO,ES,Towers with Radar,0,54,114,0,168,0,0,32,0,32,0,54,146,0,200,62,0,62,262
12/30/2021,PDK,GA,ASO,ES,Towers with Radar,0,79,92,0,171,0,0,0,0,0,0,79,92,0,171,0,0,0,171
12/31/2021,PDK,GA,ASO,ES,Towers with Radar,0,30,71,0,101,0,0,13,0,13,0,30,84,0,114,0,0,0,114
01/01/2022,PDK,GA,ASO,ES,Towers with Radar,0,46,74,0,120,0,7,25,0,32,0,53,99,0,152,10,0,10,162
01/02/2022,PDK,GA,ASO,ES,Towers with Radar,0,58,102,0,160,0,0,12,0,12,0,58,114,0,172,30,0,30,202
01/03/2022,PDK,GA,ASO,ES,Towers with Radar,0,56,108,0,164,0,1,45,2,48,0,57,153,2,212,40,0,40,252
01/04/2022,PDK,GA,ASO,ES,Towers with Radar,0,62,94,0,156,0,3,172,0,175,0,65,266,0,331,131,0,131,462
01/05/2022,PDK,GA,ASO,ES,Towers with Radar,0,57,128,1,186,0,5,102,1,108,0,62,230,2,294,308,0,308,602
01/06/2022,PDK,GA,ASO,ES,Towers with Radar,0,44,118,2,164,0,0,64,0,64,0,44,182,2,228,84,0,84,312
01/07/2022,PDK,GA,ASO,ES,Towers with Radar,0,54,111,0,165,0,2,167,0,169,0,56,278,0,334,194,0,194,528
01/08/2022,PDK,GA,ASO,ES,Towers with Radar,0,52,73,0,125,0,4,182,0,186,0,56,255,0,311,160,0,160,471
01/09/2022,PDK,GA,ASO,ES,Towers with Radar,1,73,110,0,184,0,0,7,0,7,1,73,117,0,191,10,0,10,201
01/10/2022,PDK,GA,ASO,ES,Towers with Radar,0,74,173,2,249,0,5,157,2,164,0,79,330,4,413,66,0,66,479
01/11/2022,PDK,GA,ASO,ES,Towers with Radar,0,56,103,0,159,0,3,75,0,78,0,59,178,0,237,100,0,100,337
01/12/2022,PDK,GA,ASO,ES,Towers with Radar,0,59,144,0,203,0,4,159,2,165,0,63,303,2,368,296,4,300,668
01/13/2022,PDK,GA,ASO,ES,Towers with Radar,0,84,149,2,235,0,4,198,0,202,0,88,347,2,437,128,0,128,565
01/14/2022,PDK,GA,ASO,ES,Towers with Radar,0,67,186,1,254,0,3,216,2,221,0,70,402,3,475,166,0,166,641
01/15/2022,PDK,GA,ASO,ES,Towers with Radar,0,55,97,0,152,0,1,164,0,165,0,56,261,0,317,188,0,188,505
01/16/2022,PDK,GA,ASO,ES,Towers with Radar,0,12,7,0,19,0,0,0,0,0,0,12,7,0,19,0,0,0,19
01/17/2022,PDK,GA,ASO,ES,Towers with Radar,0,41,100,0,141,0,3,17,0,20,0,44,117,0,161,2,0,2,163
01/18/2022,PDK,GA,ASO,ES,Towers with Radar,0,66,102,3,171,0,2,189,0,191,0,68,291,3,362,322,0,322,684
01/19/2022,PDK,GA,ASO,ES,Towers with Radar,1,59,146,2,208,0,2,184,0,186,1,61,330,2,394,270,0,270,664
01/20/2022,PDK,GA,ASO,ES,Towers with Radar,0,58,120,2,180,0,0,3,0,3,0,58,123,2,183,0,0,0,183
01/21/2022,PDK,GA,ASO,ES,Towers with Radar,0,54,67,0,121,0,0,4,0,4,0,54,71,0,125,24,0,24,149
01/22/2022,PDK,GA,ASO,ES,Towers with Radar,0,38,79,0,117,0,1,130,0,131,0,39,209,0,248,276,0,276,524
01/23/2022,PDK,GA,ASO,ES,Towers with Radar,0,70,102,0,172,0,3,185,0,188,0,73,287,0,360,145,0,145,505
01/24/2022,PDK,GA,ASO,ES,Towers with Radar,0,54,119,0,173,0,0,192,0,192,0,54,311,0,365,222,0,222,587
01/25/2022,PDK,GA,ASO,ES,Towers with Radar,0,53,137,0,190,0,0,173,2,175,0,53,310,2,365,180,0,180,545
01/26/2022,PDK,GA,ASO,ES,Towers with Radar,0,73,166,0,239,0,0,236,1,237,0,73,402,1,476,168,0,168,644
01/27/2022,PDK,GA,ASO,ES,Towers with Radar,0,84,178,1,263,0,2,154,1,157,0,86,332,2,420,283,0,283,703
01/28/2022,PDK,GA,ASO,ES,Towers with Radar,1,67,137,0,205,0,1,149,0,150,1,68,286,0,355,112,0,112,467
01/29/2022,PDK,GA,ASO,ES,Towers with Radar,0,29,56,0,85,0,3,82,0,85,0,32,138,0,170,18,0,18,188
01/30/2022,PDK,GA,ASO,ES,Towers with Radar,1,69,124,6,200,0,3,152,0,155,1,72,276,6,355,74,0,74,429
01/31/2022,PDK,GA,ASO,ES,Towers with Radar,0,54,94,0,148,0,6,164,0,170,0,60,258,0,318,148,0,148,466
02/01/2022,PDK,GA,ASO,ES,Towers with Radar,1,76,119,0,196,0,2,186,2,190,1,78,305,2,386,191,0,191,577
02/02/2022,PDK,GA,ASO,ES,Towers with Radar,0,65,140,0,205,0,2,71,0,73,0,67,211,0,278,96,0,96,374
02/03/2022,PDK,GA,ASO,ES,Towers with Radar,0,77,125,0,202,0,0,0,0,0,0,77,125,0,202,0,0,0,202
02/04/2022,PDK,GA,ASO,ES,Towers with Radar,0,61,120,2,183,0,0,2,0,2,0,61,122,2,185,6,0,6,191
02/05/2022,PDK,GA,ASO,ES,Towers with Radar,0,54,90,1,145,0,5,239,0,244,0,59,329,1,389,200,0,200,589
02/06/2022,PDK,GA,ASO,ES,Towers with Radar,0,94,108,1,203,0,1,190,2,193,0,95,298,3,396,240,0,240,636
02/07/2022,PDK,GA,ASO,ES,Towers with Radar,0,70,125,1,196,0,0,146,0,146,0,70,271,1,342,294,0,294,636
02/08/2022,PDK,GA,ASO,ES,Towers with Radar,0,64,131,0,195,0,3,148,0,151,0,67,279,0,346,221,0,221,567
02/09/2022,PDK,GA,ASO,ES,Towers with Radar,0,83,132,0,215,0,1,191,0,192,0,84,323,0,407,170,0,170,577
02/10/2022,PDK,GA,ASO,ES,Towers with Radar,0,86,168,1,255,0,6,215,2,223,0,92,383,3,478,300,0,300,778
02/11/2022,PDK,GA,ASO,ES,Towers with Radar,1,80,146,2,229,0,2,237,1,240,1,82,383,3,469,252,0,252,721
02/12/2022,PDK,GA,ASO,ES,Towers with Radar,0,33,84,2,119,0,8,350,4,362,0,41,434,6,481,262,0,262,743
02/13/2022,PDK,GA,ASO,ES,Towers with Radar,0,73,79,0,152,0,7,125,0,132,0,80,204,0,284,62,0,62,346
02/14/2022,PDK,GA,ASO,ES,Towers with Radar,0,53,118,0,171,0,4,191,0,195,0,57,309,0,366,118,0,118,484
02/15/2022,PDK,GA,ASO,ES,Towers with Radar,0,64,156,0,220,0,6,243,2,251,0,70,399,2,471,216,0,216,687
02/16/2022,PDK,GA,ASO,ES,Towers with Radar,0,75,158,2,235,0,2,57,0,59,0,77,215,2,294,268,0,268,562
02/17/2022,PDK,GA,ASO,ES,Towers with Radar,0,68,172,0,240,0,0,10,0,10,0,68,182,0,250,20,0,20,270
02/18/2022,PDK,GA,ASO,ES,Towers with Radar,1,102,196,0,299,0,4,75,0,79,1,106,271,0,378,96,0,96,474
02/19/2022,PDK,GA,ASO,ES,Towers with Radar,0,60,103,0,163,0,5,184,6,195,0,65,287,6,358,68,0,68,426
02/20/2022,PDK,GA,ASO,ES,Towers with Radar,0,67,130,2,199,0,4,295,0,299,0,71,425,2,498,292,0,292,790
02/21/2022,PDK,GA,ASO,ES,Towers with Radar,0,60,183,0,243,0,1,51,0,52,0,61,234,0,295,198,0,198,493
02/22/2022,PDK,GA,ASO,ES,Towers with Radar,0,75,182,0,257,0,7,54,0,61,0,82,236,0,318,200,0,200,518
02/23/2022,PDK,GA,ASO,ES,Towers with Radar,0,65,141,0,206,0,1,47,0,48,0,66,188,0,254,83,0,83,337
02/24/2022,PDK,GA,ASO,ES,Towers with Radar,0,72,208,0,280,0,2,130,1,133,0,74,338,1,413,202,0,202,615
02/25/2022,PDK,GA,ASO,ES,Towers with Radar,0,76,161,0,237,0,2,105,6,113,0,78,266,6,350,66,0,66,416
02/26/2022,PDK,GA,ASO,ES,Towers with Radar,0,52,89,2,143,0,6,265,0,271,0,58,354,2,414,322,0,322,736
02/27/2022,PDK,GA,ASO,ES,Towers with Radar,0,59,138,0,197,0,0,0,0,0,0,59,138,0,197,0,0,0,197
02/28/2022,PDK,GA,ASO,ES,Towers with Radar,0,66,157,0,223,1,3,166,0,170,1,69,323,0,393,228,0,228,621
03/01/2022,PDK,GA,ASO,ES,Towers with Radar,0,83,136,0,219,0,7,237,0,244,0,90,373,0,463,372,0,372,835
03/02/2022,PDK,GA,ASO,ES,Towers with Radar,0,86,141,2,229,0,8,209,1,218,0,94,350,3,447,300,0,300,747
03/03/2022,PDK,GA,ASO,ES,Towers with Radar,0,96,184,0,280,0,4,209,0,213,0,100,393,0,493,300,0,300,793
03/04/2022,PDK,GA,ASO,ES,Towers with Radar,0,67,145,3,215,0,3,241,2,246,0,70,386,5,461,280,0,280,741
03/05/2022,PDK,GA,ASO,ES,Towers with Radar,0,57,104,0,161,0,2,185,0,187,0,59,289,0,348,111,0,111,459
03/06/2022,PDK,GA,ASO,ES,Towers with Radar,0,104,122,1,227,0,5,202,0,207,0,109,324,1,434,240,0,240,674
03/07/2022,PDK,GA,ASO,ES,Towers with Radar,0,66,128,0,194,0,3,45,0,48,0,69,173,0,242,142,0,142,384
03/08/2022,PDK,GA,ASO,ES,Towers with Radar,0,78,141,0,219,0,1,77,0,78,0,79,218,0,297,114,0,114,411
03/09/2022,PDK,GA,ASO,ES,Towers with Radar,0,56,116,1,173,0,5,2,0,7,0,61,118,1,180,0,0,0,180
03/10/2022,PDK,GA,ASO,ES,Towers with Radar,0,90,182,1,273,0,5,111,1,117,0,95,293,2,390,268,0,268,658
03/11/2022,PDK,GA,ASO,ES,Towers with Radar,0,67,140,0,207,0,1,1,0,2,0,68,141,0,209,0,0,0,209
03/12/2022,PDK,GA,ASO,ES,Towers with Radar,0,45,75,0,120,0,1,27,0,28,0,46,102,0,148,2,0,2,150
03/13/2022,PDK,GA,ASO,ES,Towers with Radar,0,69,163,0,232,0,5,218,3,226,0,74,381,3,458,254,0,254,712
03/14/2022,PDK,GA,ASO,ES,Towers with Radar,0,64,157,2,223,0,6,234,0,240,0,70,391,2,463,116,0,116,579
03/15/2022,PDK,GA,ASO,ES,Towers with Radar,0,58,134,3,195,0,2,121,0,123,0,60,255,3,318,242,0,242,560
03/16/2022,PDK,GA,ASO,ES,Towers with Radar,0,54,158,0,212,0,0,2,0,2,0,54,160,0,214,2,0,2,216
03/17/2022,PDK,GA,ASO,ES,Towers with Radar,1,76,149,2,228,0,4,154,0,158,1,80,303,2,386,194,0,194,580
03/18/2022,PDK,GA,ASO,ES,Towers with Radar,0,74,100,0,174,0,1,27,0,28,0,75,127,0,202,76,0,76,278
03/19/2022,PDK,GA,ASO,ES,Towers with Radar,0,43,133,1,177,0,5,189,4,198,0,48,322,5,375,140,0,140,515
03/20/2022,PDK,GA,ASO,ES,Towers with Radar,0,75,125,0,200,0,0,174,1,175,0,75,299,1,375,112,0,112,487
03/21/2022,PDK,GA,ASO,ES,Towers with Radar,0,84,170,3,257,0,2,233,0,235,0,86,403,3,492,260,0,260,752
03/22/2022,PDK,GA,ASO,ES,Towers with Radar,0,64,143,0,207,0,6,156,2,164,0,70,299,2,371,186,0,186,557
03/23/2022,PDK,GA,ASO,ES,Towers with Radar,0,73,133,0,206,0,2,12,0,14,0,75,145,0,220,16,0,16,236
03/24/2022,PDK,GA,ASO,ES,Towers with Radar,1,102,166,0,269,0,5,150,0,155,1,107,316,0,424,148,0,148,572
03/25/2022,PDK,GA,ASO,ES,Towers with Radar,0,99,153,7,259,0,3,164,0,167,0,102,317,7,426,134,0,134,560
03/26/2022,PDK,GA,ASO,ES,Towers with Radar,0,40,54,0,94,0,1,42,0,43,0,41,96,0,137,30,0,30,167
03/27/2022,PDK,GA,ASO,ES,Towers with Radar,0,73,109,1,183,0,8,106,3,117,0,81,215,4,300,58,0,58,358
03/28/2022,PDK,GA,ASO,ES,Towers with Radar,0,86,155,2,243,0,3,203,0,206,0,89,358,2,449,182,0,182,631
03/29/2022,PDK,GA,ASO,ES,Towers with Radar,0,85,140,0,225,0,5,237,2,244,0,90,377,2,469,228,0,228,697
03/30/2022,PDK,GA,ASO,ES,Towers with Radar,0,72,145,0,217,0,2,55,0,57,0,74,200,0,274,52,0,52,326
03/31/2022,PDK,GA,ASO,ES,Towers with Radar,0,82,146,0,228,0,6,87,1,94,0,88,233,1,322,80,0,80,402
04/01/2022,PDK,GA,ASO,ES,Towers with Radar,0,82,152,0,234,0,3,227,3,233,0,85,379,3,467,184,0,184,651
04/02/2022,PDK,GA,ASO,ES,Towers with Radar,0,58,96,0,154,0,3,245,0,248,0,61,341,0,402,266,0,266,668
04/03/2022,PDK,GA,ASO,ES,Towers with Radar,0,71,183,0,254,0,3,158,6,167,0,74,341,6,421,112,0,112,533
04/04/2022,PDK,GA,ASO,ES,Towers with Radar,0,70,144,0,214,0,7,231,0,238,0,77,375,0,452,336,0,336,788
04/05/2022,PDK,GA,ASO,ES,Towers with Radar,0,70,82,0,152,0,1,18,2,21,0,71,100,2,173,33,0,33,206
04/06/2022,PDK,GA,ASO,ES,Towers with Radar,0,71,127,0,198,0,0,1,0,1,0,71,128,0,199,4,0,4,203
04/07/2022,PDK,GA,ASO,ES,Towers with Radar,0,104,207,1,312,0,5,105,0,110,0,109,312,1,422,36,0,36,458
04/08/2022,PDK,GA,ASO,ES,Towers with Radar,0,102,183,0,285,0,2,81,0,83,0,104,264,0,368,66,0,66,434
04/09/2022,PDK,GA,ASO,ES,Towers with Radar,0,69,130,4,203,0,5,107,0,112,0,74,237,4,315,88,0,88,403
04/10/2022,PDK,GA,ASO,ES,Towers with Radar,0,90,174,2,266,0,4,31,2,37,0,94,205,4,303,0,0,0,303
04/11/2022,PDK,GA,ASO,ES,Towers with Radar,0,73,146,0,219,0,3,199,2,204,0,76,345,2,423,258,0,258,681
04/12/2022,PDK,GA,ASO,ES,Towers with Radar,0,90,153,0,243,0,4,218,0,222,0,94,371,0,465,150,0,150,615
04/13/2022,PDK,GA,ASO,ES,Towers with Radar,0,92,197,5,294,0,2,93,0,95,0,94,290,5,389,158,0,158,547
04/14/2022,PDK,GA,ASO,ES,Towers with Radar,0,108,222,2,332,0,7,101,0,108,0,115,323,2,440,100,0,100,540
04/15/2022,PDK,GA,ASO,ES,Towers with Radar,0,79,144,2,225,0,3,269,2,274,0,82,413,4,499,238,0,238,737
04/16/2022,PDK,GA,ASO,ES,Towers with Radar,0,53,88,0,141,0,0,30,0,30,0,53,118,0,171,60,0,60,231
04/17/2022,PDK,GA,ASO,ES,Towers with Radar,0,70,94,0,164,0,1,62,0,63,0,71,156,0,227,64,0,64,291
04/18/2022,PDK,GA,ASO,ES,Towers with Radar,0,93,204,0,297,0,1,53,0,54,0,94,257,0,351,128,0,128,479
04/19/2022,PDK,GA,ASO,ES,Towers with Radar,0,78,163,1,242,0,3,135,1,139,0,81,298,2,381,90,0,90,471
04/20/2022,PDK,GA,ASO,ES,Towers with Radar,0,74,206,5,285,0,6,208,4,218,0,80,414,9,503,158,0,158,661
04/21/2022,PDK,GA,ASO,ES,Towers with Radar,0,105,195,0,300,0,5,171,0,176,0,110,366,0,476,402,0,402,878
04/22/2022,PDK,GA,ASO,ES,Towers with Radar,0,60,193,0,253,0,0,243,7,250,0,60,436,7,503,278,0,278,781
04/23/2022,PDK,GA,ASO,ES,Towers with Radar,0,52,105,0,157,0,2,241,2,245,0,54,346,2,402,186,0,186,588
04/24/2022,PDK,GA,ASO,ES,Towers with Radar,0,86,143,2,231,0,1,185,0,186,0,87,328,2,417,186,0,186,603
04/25/2022,PDK,GA,ASO,ES,Towers with Radar,0,74,143,0,217,0,4,162,0,166,0,78,305,0,383,172,0,172,555
04/26/2022,PDK,GA,ASO,ES,Towers with Radar,0,75,170,2,247,0,8,73,1,82,0,83,243,3,329,139,0,139,468
04/27/2022,PDK,GA,ASO,ES,Towers with Radar,0,95,185,2,282,0,4,264,0,268,0,99,449,2,550,286,0,286,836
04/28/2022,PDK,GA,ASO,ES,Towers with Radar,1,99,155,0,255,0,9,246,0,255,1,108,401,0,510,222,0,222,732
04/29/2022,PDK,GA,ASO,ES,Towers with Radar,0,76,143,1,220,0,6,235,4,245,0,82,378,5,465,294,0,294,759
04/30/2022,PDK,GA,ASO,ES,Towers with Radar,0,39,89,0,128,0,2,223,0,225,0,41,312,0,353,264,0,264,617
05/01/2022,PDK,GA,ASO,ES,Towers with Radar,0,76,138,1,215,0,2,39,0,41,0,78,177,1,256,46,0,46,302
05/02/2022,PDK,GA,ASO,ES,Towers with Radar,0,91,152,0,243,0,3,164,0,167,0,94,316,0,410,272,0,272,682
05/03/2022,PDK,GA,ASO,ES,Towers with Radar,0,59,138,2,199,0,6,209,0,215,0,65,347,2,414,190,0,190,604
05/04/2022,PDK,GA,ASO,ES,Towers with Radar,0,59,188,2,249,0,3,116,2,121,0,62,304,4,370,146,0,146,516
05/05/2022,PDK,GA,ASO,ES,Towers with Radar,0,99,183,0,282,0,7,215,2,224,0,106,398,2,506,178,0,178,684
05/06/2022,PDK,GA,ASO,ES,Towers with Radar,0,95,129,0,224,0,1,16,0,17,0,96,145,0,241,8,0,8,249
05/07/2022,PDK,GA,ASO,ES,Towers with Radar,0,58,109,0,167,0,3,62,0,65,0,61,171,0,232,86,0,86,318
05/08/2022,PDK,GA,ASO,ES,Towers with Radar,0,82,154,0,236,0,3,125,4,132,0,85,279,4,368,146,0,146,514
05/09/2022,PDK,GA,ASO,ES,Towers with Radar,0,98,162,0,260,0,3,229,0,232,0,101,391,0,492,290,0,290,782
05/10/2022,PDK,GA,ASO,ES,Towers with Radar,0,73,143,0,216,0,0,194,0,194,0,73,337,0,410,244,0,244,654
05/11/2022,PDK,GA,ASO,ES,Towers with Radar,0,83,173,0,256,0,2,203,1,206,0,85,376,1,462,234,0,234,696
05/12/2022,PDK,GA,ASO,ES,Towers with Radar,0,83,167,4,254,0,2,241,0,243,0,85,408,4,497,134,0,134,631
05/13/2022,PDK,GA,ASO,ES,Towers with Radar,0,68,139,6,213,0,2,123,2,127,0,70,262,8,340,104,0,104,444
05/14/2022,PDK,GA,ASO,ES,Towers with Radar,0,26,37,0,63,0,4,98,4,106,0,30,135,4,169,0,0,0,169
05/15/2022,PDK,GA,ASO,ES,Towers with Radar,0,65,107,7,179,0,1,210,0,211,0,66,317,7,390,180,0,180,570
05/16/2022,PDK,GA,ASO,ES,Towers with Radar,0,61,136,0,197,0,1,196,2,199,0,62,332,2,396,144,0,144,540
05/17/2022,PDK,GA,ASO,ES,Towers with Radar,0,78,173,0,251,0,4,198,0,202,0,82,371,0,453,166,0,166,619
05/18/2022,PDK,GA,ASO,ES,Towers with Radar,0,84,161,1,246,0,6,170,1,177,0,90,331,2,423,202,0,202,625
05/19/2022,PDK,GA,ASO,ES,Towers with Radar,0,97,167,0,264,0,1,160,2,163,0,98,327,2,427,190,0,190,617
05/20/2022,PDK,GA,ASO,ES,Towers with Radar,1,88,142,1,232,0,5,140,5,150,1,93,282,6,382,166,0,166,548
05/21/2022,PDK,GA,ASO,ES,Towers with Radar,1,75,85,0,161,0,3,123,2,128,1,78,208,2,289,242,0,242,531
05/22/2022,PDK,GA,ASO,ES,Towers with Radar,0,78,108,0,186,0,6,122,1,129,0,84,230,1,315,208,0,208,523
05/23/2022,PDK,GA,ASO,ES,Towers with Radar,0,82,141,0,223,0,1,4,0,5,0,83,145,0,228,0,0,0,228
05/24/2022,PDK,GA,ASO,ES,Towers with Radar,1,93,170,0,264,0,1,91,2,94,1,94,261,2,358,158,0,158,516
05/25/2022,PDK,GA,ASO,ES,Towers with Radar,0,81,138,0,219,0,1,7,0,8,0,82,145,0,227,4,0,4,231
05/26/2022,PDK,GA,ASO,ES,Towers with Radar,0,91,116,0,207,0,1,11,0,12,0,92,127,0,219,10,0,10,229
05/27/2022,PDK,GA,ASO,ES,Towers with Radar,0,54,185,0,239,0,1,156,2,159,0,55,341,2,398,188,0,188,586
05/28/2022,PDK,GA,ASO,ES,Towers with Radar,0,44,87,0,131,0,4,208,0,212,0,48,295,0,343,324,0,324,667
05/29/2022,PDK,GA,ASO,ES,Towers with Radar,0,34,39,0,73,0,3,193,0,196,0,37,232,0,269,202,0,202,471
05/30/2022,PDK,GA,ASO,ES,Towers with Radar,0,51,103,0,154,0,4,187,0,191,0,55,290,0,345,232,0,232,577
05/31/2022,PDK,GA,ASO,ES,Towers with Radar,0,87,150,0,237,0,4,112,0,116,0,91,262,0,353,194,0,194,547
06/01/2022,PDK,GA,ASO,ES,Towers with Radar,0,78,148,0,226,0,4,229,2,235,0,82,377,2,461,241,0,241,702
06/02/2022,PDK,GA,ASO,ES,Towers with Radar,0,88,140,2,230,0,2,173,4,179,0,90,313,6,409,194,0,194,603
06/03/2022,PDK,GA,ASO,ES,Towers with Radar,0,67,123,2,192,0,2,186,0,188,0,69,309,2,380,150,0,150,530
06/04/2022,PDK,GA,ASO,ES,Towers with Radar,0,35,59,0,94,0,2,206,0,208,0,37,265,0,302,122,0,122,424
06/05/2022,PDK,GA,ASO,ES,Towers with Radar,0,35,74,0,109,0,1,187,2,190,0,36,261,2,299,108,0,108,407
06/06/2022,PDK,GA,ASO,ES,Towers with Radar,1,62,148,2,213,0,1,32,0,33,1,63,180,2,246,180,0,180,426
06/07/2022,PDK,GA,ASO,ES,Towers with Radar,0,75,141,0,216,0,0,61,0,61,0,75,202,0,277,226,0,226,503
06/08/2022,PDK,GA,ASO,ES,Towers with Radar,0,100,133,2,235,0,2,112,0,114,0,102,245,2,349,64,0,64,413
06/09/2022,PDK,GA,ASO,ES,Towers with Radar,1,93,166,0,260,0,5,130,0,135,1,98,296,0,395,146,0,146,541
06/10/2022,PDK,GA,ASO,ES,Towers with Radar,0,86,122,1,209,0,7,261,0,268,0,93,383,1,477,178,0,178,655
06/11/2022,PDK,GA,ASO,ES,Towers with Radar,0,47,79,0,126,0,6,195,0,201,0,53,274,0,327,234,0,234,561
06/12/2022,PDK,GA,ASO,ES,Towers with Radar,1,83,131,4,219,0,7,165,2,174,1,90,296,6,393,170,0,170,563
06/13/2022,PDK,GA,ASO,ES,Towers with Radar,0,70,114,0,184,0,2,168,2,172,0,72,282,2,356,178,0,178,534
06/14/2022,PDK,GA,ASO,ES,Towers with Radar,0,70,101,0,171,0,3,184,0,187,0,73,285,0,358,298,0,298,656
06/15/2022,PDK,GA,ASO,ES,Towers with Radar,0,77,112,0,189,0,2,180,0,182,0,79,292,0,371,122,0,122,493
06/16/2022,PDK,GA,ASO,ES,Towers with Radar,1,62,168,0,231,0,2,185,2,189,1,64,353,2,420,224,0,224,644
06/17/2022,PDK,GA,ASO,ES,Towers with Radar,0,111,159,1,271,0,2,179,0,181,0,113,338,1,452,236,0,236,688
06/18/2022,PDK,GA,ASO,ES,Towers with Radar,0,50,84,0,134,0,4,199,6,209,0,54,283,6,343,164,0,164,507
06/19/2022,PDK,GA,ASO,ES,Towers with Radar,1,65,81,0,147,0,2,193,0,195,1,67,274,0,342,184,0,184,526
06/20/2022,PDK,GA,ASO,ES,Towers with Radar,0,67,120,1,188,0,2,230,0,232,0,69,350,1,420,174,0,174,594
06/21/2022,PDK,GA,ASO,ES,Towers with Radar,0,87,98,2,187,0,5,191,2,198,0,92,289,4,385,152,0,152,537
06/22/2022,PDK,GA,ASO,ES,Towers with Radar,1,55,155,0,211,0,7,189,0,196,1,62,344,0,407,146,0,146,553
06/23/2022,PDK,GA,ASO,ES,Towers with Radar,0,90,129,1,220,0,11,261,0,272,0,101,390,1,492,134,0,134,626
06/24/2022,PDK,GA,ASO,ES,Towers with Radar,0,71,140,2,213,0,2,144,2,148,0,73,284,4,361,212,0,212,573
06/25/2022,PDK,GA,ASO,ES,Towers with Radar,0,41,91,0,132,0,1,141,2,144,0,42,232,2,276,90,0,90,366
06/26/2022,PDK,GA,ASO,ES,Towers with Radar,0,83,94,2,179,0,5,178,2,185,0,88,272,4,364,244,0,244,608
06/27/2022,PDK,GA,ASO,ES,Towers with Radar,0,68,122,0,190,0,4,148,0,152,0,72,270,0,342,188,0,188,530
06/28/2022,PDK,GA,ASO,ES,Towers with Radar,1,56,135,0,192,0,2,142,0,144,1,58,277,0,336,182,0,182,518
06/29/2022,PDK,GA,ASO,ES,Towers with Radar,0,92,158,0,250,0,0,59,0,59,0,92,217,0,309,112,0,112,421
06/30/2022,PDK,GA,ASO,ES,Towers with Radar,0,62,169,0,231,0,3,85,0,88,0,65,254,0,319,136,0,136,455
07/01/2022,PDK,GA,ASO,ES,Towers with Radar,0,72,136,0,208,0,4,77,0,81,0,76,213,0,289,230,0,230,519
07/02/2022,PDK,GA,ASO,ES,Towers with Radar,0,39,84,0,123,0,2,105,2,109,0,41,189,2,232,158,0,158,390
07/03/2022,PDK,GA,ASO,ES,Towers with Radar,0,28,66,0,94,0,5,91,0,96,0,33,157,0,190,188,0,188,378
07/04/2022,PDK,GA,ASO,ES,Towers with Radar,0,33,54,0,87,0,2,72,0,74,0,35,126,0,161,192,0,192,353
07/05/2022,PDK,GA,ASO,ES,Towers with Radar,0,71,121,0,192,0,1,115,0,116,0,72,236,0,308,198,0,198,506
07/06/2022,PDK,GA,ASO,ES,Towers with Radar,0,57,111,0,168,0,5,204,0,209,0,62,315,0,377,288,0,288,665
07/07/2022,PDK,GA,ASO,ES,Towers with Radar,1,51,119,0,171,0,3,156,4,163,1,54,275,4,334,228,0,228,562
07/08/2022,PDK,GA,ASO,ES,Towers with Radar,0,62,107,2,171,0,2,168,3,173,0,64,275,5,344,192,0,192,536
07/09/2022,PDK,GA,ASO,ES,Towers with Radar,0,35,67,0,102,0,0,28,0,28,0,35,95,0,130,78,0,78,208
07/10/2022,PDK,GA,ASO,ES,Towers with Radar,0,59,125,1,185,0,2,40,0,42,0,61,165,1,227,146,0,146,373
07/11/2022,PDK,GA,ASO,ES,Towers with Radar,0,79,140,0,219,0,5,79,2,86,0,84,219,2,305,100,0,100,405
07/12/2022,PDK,GA,ASO,ES,Towers with Radar,0,70,147,0,217,0,5,182,2,189,0,75,329,2,406,268,0,268,674
07/13/2022,PDK,GA,ASO,ES,Towers with Radar,0,82,127,0,209,0,4,78,2,84,0,86,205,2,293,140,0,140,433
07/14/2022,PDK,GA,ASO,ES,Towers with Radar,0,67,133,0,200,0,4,192,0,196,0,71,325,0,396,260,0,260,656
07/15/2022,PDK,GA,ASO,ES,Towers with Radar,0,65,120,0,185,0,6,241,0,247,0,71,361,0,432,322,0,322,754
07/16/2022,PDK,GA,ASO,ES,Towers with Radar,0,61,90,0,151,0,2,167,0,169,0,63,257,0,320,278,0,278,598
07/17/2022,PDK,GA,ASO,ES,Towers with Radar,0,51,125,4,180,0,4,186,2,192,0,55,311,6,372,186,0,186,558
07/18/2022,PDK,GA,ASO,ES,Towers with Radar,0,53,124,0,177,0,3,181,0,184,0,56,305,0,361,116,0,116,477
07/19/2022,PDK,GA,ASO,ES,Towers with Radar,0,47,125,0,172,0,10,34,0,44,0,57,159,0,216,70,0,70,286
07/20/2022,PDK,GA,ASO,ES,Towers with Radar,0,64,161,0,225,0,14,143,2,159,0,78,304,2,384,182,0,182,566
07/21/2022,PDK,GA,ASO,ES,Towers with Radar,0,75,143,0,218,0,2,0,2,4,0,77,143,2,222,0,0,0,222
07/22/2022,PDK,GA,ASO,ES,Towers with Radar,0,80,118,3,201,0,2,7,0,9,0,82,125,3,210,0,0,0,210
07/23/2022,PDK,GA,ASO,ES,Towers with Radar,0,37,77,0,114,0,2,8,0,10,0,39,85,0,124,0,0,0,124
07/24/2022,PDK,GA,ASO,ES,Towers with Radar,0,44,112,2,158,0,4,10,4,18,0,48,122,6,176,0,0,0,176
07/25/2022,PDK,GA,ASO,ES,Towers with Radar,3,60,108,0,171,0,2,9,0,11,3,62,117,0,182,0,0,0,182
07/26/2022,PDK,GA,ASO,ES,Towers with Radar,0,69,110,0,179,0,2,13,5,20,0,71,123,5,199,0,0,0,199
07/27/2022,PDK,GA,ASO,ES,Towers with Radar,0,99,158,0,257,0,4,19,0,23,0,103,177,0,280,0,0,0,280
07/28/2022,PDK,GA,ASO,ES,Towers with Radar,1,74,151,0,226,0,3,14,0,17,1,77,165,0,243,0,0,0,243
07/29/2022,PDK,GA,ASO,ES,Towers with Radar,0,54,121,0,175,0,2,8,0,10,0,56,129,0,185,0,0,0,185
07/30/2022,PDK,GA,ASO,ES,Towers with Radar,0,37,119,0,156,0,6,10,0,16,0,43,129,0,172,0,0,0,172
07/31/2022,PDK,GA,ASO,ES,Towers with Radar,0,59,138,0,197,0,3,4,0,7,0,62,142,0,204,0,0,0,204
08/01/2022,PDK,GA,ASO,ES,Towers with Radar,0,60,114,0,174,0,4,149,0,153,0,64,263,0,327,232,0,232,559
08/02/2022,PDK,GA,ASO,ES,Towers with Radar,0,65,144,0,209,0,4,158,5,167,0,69,302,5,376,268,0,268,644
08/03/2022,PDK,GA,ASO,ES,Towers with Radar,0,60,141,2,203,0,7,201,0,208,0,67,342,2,411,270,0,270,681
08/04/2022,PDK,GA,ASO,ES,Towers with Radar,0,55,154,0,209,0,2,145,0,147,0,57,299,0,356,186,0,186,542
08/05/2022,PDK,GA,ASO,ES,Towers with Radar,0,63,127,0,190,0,4,152,2,158,0,67,279,2,348,186,0,186,534
08/06/2022,PDK,GA,ASO,ES,Towers with Radar,0,53,92,0,145,0,1,73,2,76,0,54,165,2,221,128,0,128,349
08/07/2022,PDK,GA,ASO,ES,Towers with Radar,0,43,117,2,162,0,5,80,2,87,0,48,197,4,249,140,0,140,389
08/08/2022,PDK,GA,ASO,ES,Towers with Radar,0,65,93,0,158,0,1,111,0,112,0,66,204,0,270,176,0,176,446
08/09/2022,PDK,GA,ASO,ES,Towers with Radar,0,72,107,0,179,0,4,87,0,91,0,76,194,0,270,46,0,46,316
08/10/2022,PDK,GA,ASO,ES,Towers with Radar,0,61,145,0,206,0,2,53,0,55,0,63,198,0,261,24,0,24,285
08/11/2022,PDK,GA,ASO,ES,Towers with Radar,0,83,148,0,231,0,3,128,2,133,0,86,276,2,364,182,0,182,546
08/12/2022,PDK,GA,ASO,ES,Towers with Radar,0,62,127,0,189,0,5,140,0,145,0,67,267,0,334,162,0,162,496
08/13/2022,PDK,GA,ASO,ES,Towers with Radar,0,45,68,0,113,0,0,166,0,166,0,45,234,0,279,186,0,186,465
08/14/2022,PDK,GA,ASO,ES,Towers with Radar,0,63,109,0,172,0,7,204,0,211,0,70,313,0,383,196,0,196,579
08/15/2022,PDK,GA,ASO,ES,Towers with Radar,0,47,168,0,215,0,4,171,0,175,0,51,339,0,390,143,0,143,533
08/16/2022,PDK,GA,ASO,ES,Towers with Radar,0,74,133,0,207,0,2,153,0,155,0,76,286,0,362,132,0,132,494
08/17/2022,PDK,GA,ASO,ES,Towers with Radar,0,65,167,0,232,0,6,77,1,84,0,71,244,1,316,160,0,160,476
08/18/2022,PDK,GA,ASO,ES,Towers with Radar,0,77,170,1,248,0,2,113,2,117,0,79,283,3,365,234,0,234,599
08/19/2022,PDK,GA,ASO,ES,Towers with Radar,1,66,107,0,174,0,1,10,0,11,1,67,117,0,185,8,0,8,193
08/20/2022,PDK,GA,ASO,ES,Towers with Radar,0,41,100,0,141,0,0,60,0,60,0,41,160,0,201,282,0,282,483
08/21/2022,PDK,GA,ASO,ES,Towers with Radar,0,62,130,0,192,0,0,38,0,38,0,62,168,0,230,70,0,70,300
08/22/2022,PDK,GA,ASO,ES,Towers with Radar,0,79,147,0,226,0,7,66,1,74,0,86,213,1,300,172,0,172,472
08/23/2022,PDK,GA,ASO,ES,Towers with Radar,0,73,178,2,253,0,4,153,2,159,0,77,331,4,412,164,0,164,576
08/24/2022,PDK,GA,ASO,ES,Towers with Radar,0,81,147,0,228,0,7,185,0,192,0,88,332,0,420,252,0,252,672
08/25/2022,PDK,GA,ASO,ES,Towers with Radar,1,85,162,0,248,0,1,51,0,52,1,86,213,0,300,132,0,132,432
08/26/2022,PDK,GA,ASO,ES,Towers with Radar,0,55,166,6,227,0,3,191,2,196,0,58,357,8,423,194,16,210,633
08/27/2022,PDK,GA,ASO,ES,Towers with Radar,0,39,94,0,133,0,4,6,2,12,0,43,100,2,145,0,0,0,145
08/28/2022,PDK,GA,ASO,ES,Towers with Radar,0,95,113,0,208,0,4,176,0,180,0,99,289,0,388,155,0,155,543
08/29/2022,PDK,GA,ASO,ES,Towers with Radar,0,80,97,2,179,0,12,167,0,179,0,92,264,2,358,248,0,248,606
08/30/2022,PDK,GA,ASO,ES,Towers with Radar,0,61,125,0,186,0,5,75,0,80,0,66,200,0,266,86,0,86,352
08/31/2022,PDK,GA,ASO,ES,Towers with Radar,0,67,132,0,199,0,6,211,0,217,0,73,343,0,416,232,0,232,648
09/01/2022,PDK,GA,ASO,ES,Towers with Radar,1,98,158,2,259,0,3,224,0,227,1,101,382,2,486,192,0,192,678
09/02/2022,PDK,GA,ASO,ES,Towers with Radar,0,93,170,0,263,0,3,107,1,111,0,96,277,1,374,108,0,108,482
09/03/2022,PDK,GA,ASO,ES,Towers with Radar,0,42,78,0,120,0,2,109,6,117,0,44,187,6,237,198,0,198,435
09/04/2022,PDK,GA,ASO,ES,Towers with Radar,0,37,69,1,107,0,0,16,0,16,0,37,85,1,123,4,0,4,127
09/05/2022,PDK,GA,ASO,ES,Towers with Radar,0,77,135,0,212,0,0,37,0,37,0,77,172,0,249,160,0,160,409
09/06/2022,PDK,GA,ASO,ES,Towers with Radar,0,89,162,0,251,0,14,118,0,132,0,103,280,0,383,280,0,280,663
09/07/2022,PDK,GA,ASO,ES,Towers with Radar,0,63,133,2,198,0,11,196,0,207,0,74,329,2,405,316,0,316,721
09/08/2022,PDK,GA,ASO,ES,Towers with Radar,0,87,153,0,240,0,3,163,2,168,0,90,316,2,408,232,0,232,640
09/09/2022,PDK,GA,ASO,ES,Towers with Radar,0,64,142,0,206,0,7,51,2,60,0,71,193,2,266,24,0,24,290
09/10/2022,PDK,GA,ASO,ES,Towers with Radar,0,32,84,0,116,0,0,0,0,0,0,32,84,0,116,0,0,0,116
09/11/2022,PDK,GA,ASO,ES,Towers with Radar,0,81,130,2,213,0,4,39,0,43,0,85,169,2,256,88,0,88,344
09/12/2022,PDK,GA,ASO,ES,Towers with Radar,0,81,144,0,225,0,1,133,0,134,0,82,277,0,359,160,0,160,519
09/13/2022,PDK,GA,ASO,ES,Towers with Radar,0,64,137,0,201,0,5,190,0,195,0,69,327,0,396,138,0,138,534
09/14/2022,PDK,GA,ASO,ES,Towers with Radar,1,74,157,2,234,0,6,246,0,252,1,80,403,2,486,212,0,212,698
09/15/2022,PDK,GA,ASO,ES,Towers with Radar,0,91,162,0,253,0,7,212,2,221,0,98,374,2,474,122,0,122,596
09/16/2022,PDK,GA,ASO,ES,Towers with Radar,0,68,143,0,211,0,4,259,0,263,0,72,402,0,474,134,0,134,608
09/17/2022,PDK,GA,ASO,ES,Towers with Radar,1,40,77,0,118,0,5,194,0,199,1,45,271,0,317,168,0,168,485
09/18/2022,PDK,GA,ASO,ES,Towers with Radar,0,71,115,0,186,0,2,191,1,194,0,73,306,1,380,168,0,168,548
09/19/2022,PDK,GA,ASO,ES,Towers with Radar,0,71,127,2,200,0,4,197,0,201,0,75,324,2,401,272,0,272,673
09/20/2022,PDK,GA,ASO,ES,Towers with Radar,0,49,121,0,170,0,6,190,0,196,0,55,311,0,366,198,0,198,564
09/21/2022,PDK,GA,ASO,ES,Towers with Radar,0,78,127,1,206,0,10,212,0,222,0,88,339,1,428,192,0,192,620
09/22/2022,PDK,GA,ASO,ES,Towers with Radar,1,97,164,2,264,0,5,181,0,186,1,102,345,2,450,140,0,140,590
09/23/2022,PDK,GA,ASO,ES,Towers with Radar,0,79,142,6,227,0,3,253,1,257,0,82,395,7,484,228,0,228,712
09/24/2022,PDK,GA,ASO,ES,Towers with Radar,0,62,71,0,133,0,4,194,0,198,0,66,265,0,331,234,0,234,565
09/25/2022,PDK,GA,ASO,ES,Towers with Radar,0,83,122,0,205,0,4,208,0,212,0,87,330,0,417,232,0,232,649
09/26/2022,PDK,GA,ASO,ES,Towers with Radar,0,81,119,0,200,0,7,214,8,229,0,88,333,8,429,151,0,151,580
09/27/2022,PDK,GA,ASO,ES,Towers with Radar,1,81,146,2,230,0,6,202,0,208,1,87,348,2,438,118,0,118,556
09/28/2022,PDK,GA,ASO,ES,Towers with Radar,0,89,155,0,244,0,3,204,0,207,0,92,359,0,451,254,0,254,705
09/29/2022,PDK,GA,ASO,ES,Towers with Radar,1,73,95,0,169,0,2,78,2,82,1,75,173,2,251,6,0,6,257
09/30/2022,PDK,GA,ASO,ES,Towers with Radar,0,58,95,0,153,0,2,65,0,67,0,60,160,0,220,4,0,4,224
10/01/2022,PDK,GA,ASO,ES,Towers with Radar,0,44,71,0,115,0,4,118,0,122,0,48,189,0,237,128,0,128,365
10/02/2022,PDK,GA,ASO,ES,Towers with Radar,0,73,99,0,172,0,6,164,0,170,0,79,263,0,342,184,0,184,526
10/03/2022,PDK,GA,ASO,ES,Towers with Radar,0,77,101,0,178,0,4,166,0,170,0,81,267,0,348,230,0,230,578
10/04/2022,PDK,GA,ASO,ES,Towers with Radar,0,62,162,0,224,0,0,199,3,202,0,62,361,3,426,252,0,252,678
10/05/2022,PDK,GA,ASO,ES,Towers with Radar,0,86,129,0,215,0,4,218,0,222,0,90,347,0,437,162,0,162,599
10/06/2022,PDK,GA,ASO,ES,Towers with Radar,0,92,152,0,244,0,7,246,2,255,0,99,398,2,499,138,0,138,637
10/07/2022,PDK,GA,ASO,ES,Towers with Radar,0,94,169,0,263,0,7,217,0,224,0,101,386,0,487,100,0,100,587
10/08/2022,PDK,GA,ASO,ES,Towers with Radar,0,42,69,1,112,0,0,10,2,12,0,42,79,3,124,0,0,0,124
10/09/2022,PDK,GA,ASO,ES,Towers with Radar,0,76,141,0,217,0,6,159,0,165,0,82,300,0,382,292,0,292,674
10/10/2022,PDK,GA,ASO,ES,Towers with Radar,0,74,108,1,183,0,2,214,0,216,0,76,322,1,399,240,0,240,639
10/11/2022,PDK,GA,ASO,ES,Towers with Radar,0,98,167,0,265,0,2,133,0,135,0,100,300,0,400,256,0,256,656
10/12/2022,PDK,GA,ASO,ES,Towers with Radar,0,79,144,2,225,0,0,7,0,7,0,79,151,2,232,0,0,0,232
10/13/2022,PDK,GA,ASO,ES,Towers with Radar,0,110,196,2,308,0,3,84,2,89,0,113,280,4,397,120,0,120,517
10/14/2022,PDK,GA,ASO,ES,Towers with Radar,0,130,132,4,266,0,2,212,1,215,0,132,344,5,481,91,0,91,572
10/15/2022,PDK,GA,ASO,ES,Towers with Radar,0,48,95,2,145,0,0,213,0,213,0,48,308,2,358,170,0,170,528
10/16/2022,PDK,GA,ASO,ES,Towers with Radar,0,91,136,5,232,0,3,149,0,152,0,94,285,5,384,113,0,113,497
10/17/2022,PDK,GA,ASO,ES,Towers with Radar,1,85,126,2,214,0,3,159,0,162,1,88,285,2,376,106,0,106,482
10/18/2022,PDK,GA,ASO,ES,Towers with Radar,0,76,120,0,196,0,3,123,2,128,0,79,243,2,324,56,0,56,380
10/19/2022,PDK,GA,ASO,ES,Towers with Radar,0,85,150,2,237,0,4,186,0,190,0,89,336,2,427,136,0,136,563
10/20/2022,PDK,GA,ASO,ES,Towers with Radar,0,104,162,0,266,0,2,194,0,196,0,106,356,0,462,280,0,280,742
10/21/2022,PDK,GA,ASO,ES,Towers with Radar,0,76,151,2,229,0,2,230,0,232,0,78,381,2,461,196,0,196,657
10/22/2022,PDK,GA,ASO,ES,Towers with Radar,1,65,108,0,174,0,2,176,2,180,1,67,284,2,354,243,0,243,597
10/23/2022,PDK,GA,ASO,ES,Towers with Radar,0,85,156,5,246,0,6,275,2,283,0,91,431,7,529,248,10,258,787
10/24/2022,PDK,GA,ASO,ES,Towers with Radar,0,79,153,2,234,0,0,211,0,211,0,79,364,2,445,130,0,130,575
10/25/2022,PDK,GA,ASO,ES,Towers with Radar,0,95,147,0,242,0,2,181,2,185,0,97,328,2,427,154,0,154,581
10/26/2022,PDK,GA,ASO,ES,Towers with Radar,0,91,186,2,279,0,4,137,0,141,0,95,323,2,420,238,0,238,658
10/27/2022,PDK,GA,ASO,ES,Towers with Radar,0,126,177,2,305,0,10,196,0,206,0,136,373,2,511,206,0,206,717
10/28/2022,PDK,GA,ASO,ES,Towers with Radar,0,82,142,2,226,0,4,181,0,185,0,86,323,2,411,238,0,238,649
10/29/2022,PDK,GA,ASO,ES,Towers with Radar,0,47,121,0,168,0,2,58,0,60,0,49,179,0,228,142,0,142,370
10/30/2022,PDK,GA,ASO,ES,Towers with Radar,0,79,124,0,203,0,0,0,0,0,0,79,124,0,203,0,0,0,203
10/31/2022,PDK,GA,ASO,ES,Towers with Radar,0,42,78,0,120,0,5,39,0,44,0,47,117,0,164,60,0,60,224
11/01/2022,PDK,GA,ASO,ES,Towers with Radar,1,80,173,0,254,0,3,144,0,147,1,83,317,0,401,208,0,208,609
11/02/2022,PDK,GA,ASO,ES,Towers with Radar,1,75,167,0,243,0,3,179,2,184,1,78,346,2,427,228,0,228,655
11/03/2022,PDK,GA,ASO,ES,Towers with Radar,0,76,160,0,236,0,5,174,2,181,0,81,334,2,417,294,0,294,711
11/04/2022,PDK,GA,ASO,ES,Towers with Radar,0,97,163,3,263,0,2,261,7,270,0,99,424,10,533,260,0,260,793
11/05/2022,PDK,GA,ASO,ES,Towers with Radar,0,48,81,0,129,0,0,53,0,53,0,48,134,0,182,94,0,94,276
11/06/2022,PDK,GA,ASO,ES,Towers with Radar,0,75,168,3,246,0,0,121,0,121,0,75,289,3,367,348,0,348,715
11/07/2022,PDK,GA,ASO,ES,Towers with Radar,0,67,158,1,226,0,4,108,0,112,0,71,266,1,338,170,0,170,508
11/08/2022,PDK,GA,ASO,ES,Towers with Radar,0,93,156,0,249,0,1,181,0,182,0,94,337,0,431,228,0,228,659
11/09/2022,PDK,GA,ASO,ES,Towers with Radar,0,93,167,0,260,0,0,153,0,153,0,93,320,0,413,86,0,86,499
11/10/2022,PDK,GA,ASO,ES,Towers with Radar,0,75,107,0,182,0,0,9,0,9,0,75,116,0,191,10,0,10,201
11/11/2022,PDK,GA,ASO,ES,Towers with Radar,0,51,100,0,151,0,0,3,0,3,0,51,103,0,154,0,0,0,154
11/12/2022,PDK,GA,ASO,ES,Towers with Radar,0,53,140,0,193,0,2,25,0,27,0,55,165,0,220,58,0,58,278
11/13/2022,PDK,GA,ASO,ES,Towers with Radar,0,68,145,0,213,0,9,130,0,139,0,77,275,0,352,36,0,36,388
11/14/2022,PDK,GA,ASO,ES,Towers with Radar,0,74,143,0,217,0,5,170,0,175,0,79,313,0,392,105,0,105,497
11/15/2022,PDK,GA,ASO,ES,Towers with Radar,0,79,108,0,187,0,0,0,0,0,0,79,108,0,187,0,0,0,187
11/16/2022,PDK,GA,ASO,ES,Towers with Radar,0,69,162,0,231,0,4,181,0,185,0,73,343,0,416,54,0,54,470
11/17/2022,PDK,GA,ASO,ES,Towers with Radar,0,98,141,0,239,0,5,204,4,213,0,103,345,4,452,132,0,132,584
11/18/2022,PDK,GA,ASO,ES,Towers with Radar,0,111,158,0,269,0,2,195,3,200,0,113,353,3,469,124,0,124,593
11/19/2022,PDK,GA,ASO,ES,Towers with Radar,0,55,93,3,151,0,4,202,2,208,0,59,295,5,359,256,0,256,615
11/20/2022,PDK,GA,ASO,ES,Towers with Radar,1,74,101,2,178,0,4,166,2,172,1,78,267,4,350,154,0,154,504
11/21/2022,PDK,GA,ASO,ES,Towers with Radar,0,94,108,0,202,0,3,219,0,222,0,97,327,0,424,170,0,170,594
11/22/2022,PDK,GA,ASO,ES,Towers with Radar,0,89,114,0,203,0,6,197,0,203,0,95,311,0,406,254,0,254,660
11/23/2022,PDK,GA,ASO,ES,Towers with Radar,0,70,133,3,206,0,5,190,2,197,0,75,323,5,403,100,0,100,503
11/24/2022,PDK,GA,ASO,ES,Towers with Radar,0,32,24,0,56,0,1,48,0,49,0,33,72,0,105,32,0,32,137
11/25/2022,PDK,GA,ASO,ES,Towers with Radar,0,54,73,0,127,0,1,36,0,37,0,55,109,0,164,70,0,70,234
11/26/2022,PDK,GA,ASO,ES,Towers with Radar,0,84,127,0,211,0,1,127,0,128,0,85,254,0,339,269,0,269,608
11/27/2022,PDK,GA,ASO,ES,Towers with Radar,0,100,173,0,273,1,3,57,0,61,1,103,230,0,334,57,0,57,391
11/28/2022,PDK,GA,ASO,ES,Towers with Radar,0,66,122,0,188,0,7,168,0,175,0,73,290,0,363,212,0,212,575
11/29/2022,PDK,GA,ASO,ES,Towers with Radar,0,74,131,0,205,0,3,182,0,185,0,77,313,0,390,233,0,233,623
11/30/2022,PDK,GA,ASO,ES,Towers with Radar,1,63,135,0,199,0,1,57,2,60,1,64,192,2,259,10,0,10,269
12/01/2022,PDK,GA,ASO,ES,Towers with Radar,0,100,181,1,282,0,2,159,0,161,0,102,340,1,443,148,0,148,591
12/02/2022,PDK,GA,ASO,ES,Towers with Radar,0,92,164,0,256,0,4,144,5,153,0,96,308,5,409,330,0,330,739
12/03/2022,PDK,GA,ASO,ES,Towers with Radar,0,65,141,0,206,0,0,13,0,13,0,65,154,0,219,88,0,88,307
12/04/2022,PDK,GA,ASO,ES,Towers with Radar,0,77,153,2,232,0,4,166,0,170,0,81,319,2,402,166,0,166,568
12/05/2022,PDK,GA,ASO,ES,Towers with Radar,0,60,126,0,186,0,0,7,0,7,0,60,133,0,193,14,0,14,207
12/06/2022,PDK,GA,ASO,ES,Towers with Radar,0,29,55,0,84,0,0,0,0,0,0,29,55,0,84,0,0,0,84
12/07/2022,PDK,GA,ASO,ES,Towers with Radar,1,70,141,0,212,0,3,16,0,19,1,73,157,0,231,44,0,44,275
12/08/2022,PDK,GA,ASO,ES,Towers with Radar,0,75,163,0,238,0,3,87,0,90,0,78,250,0,328,198,0,198,526
12/09/2022,PDK,GA,ASO,ES,Towers with Radar,0,50,110,0,160,0,0,0,0,0,0,50,110,0,160,0,0,0,160
12/10/2022,PDK,GA,ASO,ES,Towers with Radar,0,48,88,0,136,0,0,14,0,14,0,48,102,0,150,12,0,12,162
12/11/2022,PDK,GA,ASO,ES,Towers with Radar,0,15,79,0,94,0,0,0,0,0,0,15,79,0,94,0,0,0,94
12/12/2022,PDK,GA,ASO,ES,Towers with Radar,0,73,133,0,206,0,4,90,4,98,0,77,223,4,304,228,0,228,532
12/13/2022,PDK,GA,ASO,ES,Towers with Radar,0,88,192,0,280,0,1,66,0,67,0,89,258,0,347,256,0,256,603
12/14/2022,PDK,GA,ASO,ES,Towers with Radar,0,48,118,0,166,0,0,3,0,3,0,48,121,0,169,20,0,20,189
12/15/2022,PDK,GA,ASO,ES,Towers with Radar,0,53,129,0,182,0,5,97,4,106,0,58,226,4,288,142,0,142,430
12/16/2022,PDK,GA,ASO,ES,Towers with Radar,0,80,149,1,230,0,7,234,4,245,0,87,383,5,475,152,0,152,627
12/17/2022,PDK,GA,ASO,ES,Towers with Radar,0,39,101,0,140,0,2,231,0,233,0,41,332,0,373,211,0,211,584
12/18/2022,PDK,GA,ASO,ES,Towers with Radar,0,51,94,1,146,0,7,174,3,184,0,58,268,4,330,94,0,94,424
12/19/2022,PDK,GA,ASO,ES,Towers with Radar,0,55,118,0,173,0,6,202,3,211,0,61,320,3,384,146,0,146,530
12/20/2022,PDK,GA,ASO,ES,Towers with Radar,1,62,123,2,188,0,0,5,0,5,1,62,128,2,193,0,0,0,193
12/21/2022,PDK,GA,ASO,ES,Towers with Radar,0,72,140,0,212,0,4,153,0,157,0,76,293,0,369,260,0,260,629
12/22/2022,PDK,GA,ASO,ES,Towers with Radar,0,69,59,0,128,0,0,0,0,0,0,69,59,0,128,0,0,0,128
12/23/2022,PDK,GA,ASO,ES,Towers with Radar,0,35,50,0,85,0,2,21,0,23,0,37,71,0,108,0,0,0,108
12/24/2022,PDK,GA,ASO,ES,Towers with Radar,0,21,46,0,67,0,0,20,2,22,0,21,66,2,89,28,0,28,117
12/25/2022,PDK,GA,ASO,ES,Towers with Radar,1,41,21,0,63,0,1,22,2,25,1,42,43,2,88,0,2,2,90
12/26/2022,PDK,GA,ASO,ES,Towers with Radar,0,58,120,0,178,0,2,135,0,137,0,60,255,0,315,120,0,120,435
12/27/2022,PDK,GA,ASO,ES,Towers with Radar,1,68,125,0,194,0,9,188,0,197,1,77,313,0,391,96,0,96,487
12/28/2022,PDK,GA,ASO,ES,Towers with Radar,0,76,114,0,190,0,3,183,0,186,0,79,297,0,376,122,0,122,498
12/29/2022,PDK,GA,ASO,ES,Towers with Radar,0,55,93,0,148,0,6,159,0,165,0,61,252,0,313,118,0,118,431
12/30/2022,PDK,GA,ASO,ES,Towers with Radar,0,62,129,0,191,0,1,65,0,66,0,63,194,0,257,86,0,86,343
12/31/2022,PDK,GA,ASO,ES,Towers with Radar,0,43,52,0,95,0,0,3,0,3,0,43,55,0,98,0,0,0,98
01/01/2023,PDK,GA,ASO,ES,Towers with Radar,0,46,78,0,124,0,3,89,0,92,0,49,167,0,216,26,0,26,242
01/02/2023,PDK,GA,ASO,ES,Towers with Radar,0,71,139,0,210,0,1,9,0,10,0,72,148,0,220,24,0,24,244
01/03/2023,PDK,GA,ASO,ES,Towers with Radar,0,44,78,0,122,0,0,5,0,5,0,44,83,0,127,0,0,0,127
01/04/2023,PDK,GA,ASO,ES,Towers with Radar,0,66,87,0,153,0,3,77,0,80,0,69,164,0,233,158,0,158,391
01/05/2023,PDK,GA,ASO,ES,Towers with Radar,0,59,119,2,180,0,3,184,3,190,0,62,303,5,370,153,0,153,523
01/06/2023,PDK,GA,ASO,ES,Towers with Radar,0,60,99,0,159,0,6,237,0,243,0,66,336,0,402,303,0,303,705
01/07/2023,PDK,GA,ASO,ES,Towers with Radar,0,54,70,0,124,0,3,242,0,245,0,57,312,0,369,240,0,240,609
01/08/2023,PDK,GA,ASO,ES,Towers with Radar,0,59,124,0,183,0,1,97,0,98,0,60,221,0,281,282,0,282,563
01/09/2023,PDK,GA,ASO,ES,Towers with Radar,0,61,76,0,137,0,2,141,0,143,0,63,217,0,280,274,0,274,554
01/10/2023,PDK,GA,ASO,ES,Towers with Radar,0,60,142,0,202,0,7,177,5,189,0,67,319,5,391,342,0,342,733
01/11/2023,PDK,GA,ASO,ES,Towers with Radar,0,75,148,8,231,0,7,67,0,74,0,82,215,8,305,280,0,280,585
01/12/2023,PDK,GA,ASO,ES,Towers with Radar,0,71,119,0,190,0,0,4,2,6,0,71,123,2,196,0,0,0,196
01/13/2023,PDK,GA,ASO,ES,Towers with Radar,0,63,146,0,209,0,5,27,0,32,0,68,173,0,241,4,0,4,245
01/14/2023,PDK,GA,ASO,ES,Towers with Radar,0,34,56,2,92,0,0,71,0,71,0,34,127,2,163,10,0,10,173
01/15/2023,PDK,GA,ASO,ES,Towers with Radar,1,42,96,0,139,0,20,129,0,149,1,62,225,0,288,222,0,222,510
01/16/2023,PDK,GA,ASO,ES,Towers with Radar,0,71,129,0,200,0,6,285,0,291,0,77,414,0,491,316,0,316,807
01/17/2023,PDK,GA,ASO,ES,Towers with Radar,0,59,123,0,182,0,0,4,0,4,0,59,127,0,186,0,0,0,186
01/18/2023,PDK,GA,ASO,ES,Towers with Radar,0,53,88,0,141,0,0,0,0,0,0,53,88,0,141,0,0,0,141
01/19/2023,PDK,GA,ASO,ES,Towers with Radar,0,71,125,1,197,0,2,42,1,45,0,73,167,2,242,96,0,96,338
01/20/2023,PDK,GA,ASO,ES,Towers with Radar,0,68,133,2,203,0,5,182,1,188,0,73,315,3,391,110,0,110,501
01/21/2023,PDK,GA,ASO,ES,Towers with Radar,0,44,65,0,109,0,1,257,2,260,0,45,322,2,369,250,0,250,619
01/22/2023,PDK,GA,ASO,ES,Towers with Radar,0,41,63,2,106,0,0,0,0,0,0,41,63,2,106,0,0,0,106
01/23/2023,PDK,GA,ASO,ES,Towers with Radar,0,77,125,1,203,0,6,84,2,92,0,83,209,3,295,90,0,90,385
01/24/2023,PDK,GA,ASO,ES,Towers with Radar,0,106,136,0,242,0,3,267,0,270,0,109,403,0,512,262,0,262,774
01/25/2023,PDK,GA,ASO,ES,Towers with Radar,0,85,137,0,222,0,3,19,0,22,0,88,156,0,244,16,0,16,260
01/26/2023,PDK,GA,ASO,ES,Towers with Radar,0,80,151,2,233,0,6,106,0,112,0,86,257,2,345,78,0,78,423
01/27/2023,PDK,GA,ASO,ES,Towers with Radar,0,88,146,4,238,0,2,238,2,242,0,90,384,6,480,132,0,132,612
01/28/2023,PDK,GA,ASO,ES,Towers with Radar,1,67,92,2,162,0,5,290,8,303,1,72,382,10,465,292,0,292,757
01/29/2023,PDK,GA,ASO,ES,Towers with Radar,0,65,116,0,181,0,1,59,0,60,0,66,175,0,241,242,0,242,483
01/30/2023,PDK,GA,ASO,ES,Towers with Radar,0,54,108,1,163,0,0,0,0,0,0,54,108,1,163,0,0,0,163
01/31/2023,PDK,GA,ASO,ES,Towers with Radar,0,54,84,0,138,0,0,7,0,7,0,54,91,0,145,18,0,18,163
02/01/2023,PDK,GA,ASO,ES,Towers with Radar,0,63,136,2,201,0,4,68,0,72,0,67,204,2,273,182,0,182,455
02/02/2023,PDK,GA,ASO,ES,Towers with Radar,0,65,116,0,181,0,0,2,0,2,0,65,118,0,183,0,0,0,183
02/03/2023,PDK,GA,ASO,ES,Towers with Radar,1,87,101,0,189,0,3,115,0,118,1,90,216,0,307,96,0,96,403
02/04/2023,PDK,GA,ASO,ES,Towers with Radar,0,41,89,0,130,0,2,233,0,235,0,43,322,0,365,212,0,212,577
02/05/2023,PDK,GA,ASO,ES,Towers with Radar,1,51,126,0,178,0,0,172,0,172,1,51,298,0,350,306,0,306,656
02/06/2023,PDK,GA,ASO,ES,Towers with Radar,0,72,137,0,209,0,3,245,0,248,0,75,382,0,457,216,0,216,673
02/07/2023,PDK,GA,ASO,ES,Towers with Radar,1,80,153,0,234,0,6,230,0,236,1,86,383,0,470,144,0,144,614
02/08/2023,PDK,GA,ASO,ES,Towers with Radar,0,90,181,2,273,0,4,178,0,182,0,94,359,2,455,315,0,315,770
02/09/2023,PDK,GA,ASO,ES,Towers with Radar,0,80,133,0,213,0,1,35,0,36,0,81,168,0,249,42,0,42,291
02/10/2023,PDK,GA,ASO,ES,Towers with Radar,0,87,112,1,200,0,4,130,3,137,0,91,242,4,337,246,0,246,583
02/11/2023,PDK,GA,ASO,ES,Towers with Radar,0,34,71,0,105,0,1,37,0,38,0,35,108,0,143,28,0,28,171
02/12/2023,PDK,GA,ASO,ES,Towers with Radar,0,39,71,0,110,0,1,21,0,22,0,40,92,0,132,6,0,6,138
02/13/2023,PDK,GA,ASO,ES,Towers with Radar,0,67,140,0,207,0,2,269,0,271,0,69,409,0,478,134,0,134,612
02/14/2023,PDK,GA,ASO,ES,Towers with Radar,0,61,102,0,163,0,3,338,0,341,0,64,440,0,504,152,0,152,656
02/15/2023,PDK,GA,ASO,ES,Towers with Radar,0,86,159,0,245,0,0,58,1,59,0,86,217,1,304,82,0,82,386
02/16/2023,PDK,GA,ASO,ES,Towers with Radar,0,85,147,0,232,0,3,93,0,96,0,88,240,0,328,238,0,238,566
02/17/2023,PDK,GA,ASO,ES,Towers with Radar,0,61,122,1,184,0,1,26,0,27,0,62,148,1,211,16,0,16,227
02/18/2023,PDK,GA,ASO,ES,Towers with Radar,0,53,59,2,114,0,5,255,2,262,0,58,314,4,376,184,0,184,560
02/19/2023,PDK,GA,ASO,ES,Towers with Radar,0,56,101,1,158,0,2,181,2,185,0,58,282,3,343,292,0,292,635
02/20/2023,PDK,GA,ASO,ES,Towers with Radar,0,68,153,0,221,0,2,150,0,152,0,70,303,0,373,82,0,82,455
02/21/2023,PDK,GA,ASO,ES,Towers with Radar,0,75,156,0,231,0,1,49,0,50,0,76,205,0,281,104,0,104,385
02/22/2023,PDK,GA,ASO,ES,Towers with Radar,0,100,137,0,237,0,3,134,0,137,0,103,271,0,374,189,0,189,563
02/23/2023,PDK,GA,ASO,ES,Towers with Radar,1,103,158,0,262,0,2,62,0,64,1,105,220,0,326,179,0,179,505
02/24/2023,PDK,GA,ASO,ES,Towers with Radar,0,63,148,0,211,0,2,81,0,83,0,65,229,0,294,146,0,146,440
02/25/2023,PDK,GA,ASO,ES,Towers with Radar,0,41,94,0,135,0,0,2,0,2,0,41,96,0,137,0,0,0,137
02/26/2023,PDK,GA,ASO,ES,Towers with Radar,0,72,126,0,198,0,5,80,0,85,0,77,206,0,283,41,0,41,324
02/27/2023,PDK,GA,ASO,ES,Towers with Radar,0,49,111,0,160,0,12,51,0,63,0,61,162,0,223,42,0,42,265
02/28/2023,PDK,GA,ASO,ES,Towers with Radar,0,68,163,0,231,0,14,264,0,278,0,82,427,0,509,216,0,216,725
03/01/2023,PDK,GA,ASO,ES,Towers with Radar,0,85,159,0,244,0,2,87,0,89,0,87,246,0,333,148,0,148,481
03/02/2023,PDK,GA,ASO,ES,Towers with Radar,0,89,134,0,223,0,0,26,0,26,0,89,160,0,249,36,0,36,285
03/03/2023,PDK,GA,ASO,ES,Towers with Radar,0,76,111,0,187,0,1,5,0,6,0,77,116,0,193,0,0,0,193
03/04/2023,PDK,GA,ASO,ES,Towers with Radar,0,64,82,0,146,0,5,264,0,269,0,69,346,0,415,180,0,180,595
03/05/2023,PDK,GA,ASO,ES,Towers with Radar,1,72,112,0,185,16,2,243,0,261,17,74,355,0,446,220,0,220,666
03/06/2023,PDK,GA,ASO,ES,Towers with Radar,0,69,145,0,214,0,0,165,0,165,0,69,310,0,379,226,0,226,605
03/07/2023,PDK,GA,ASO,ES,Towers with Radar,0,72,122,0,194,0,11,183,0,194,0,83,305,0,388,162,0,162,550
03/08/2023,PDK,GA,ASO,ES,Towers with Radar,0,74,131,2,207,0,4,263,0,267,0,78,394,2,474,190,0,190,664
03/09/2023,PDK,GA,ASO,ES,Towers with Radar,0,84,144,0,228,0,5,134,0,139,0,89,278,0,367,392,0,392,759
03/10/2023,PDK,GA,ASO,ES,Towers with Radar,0,77,91,0,168,0,3,58,0,61,0,80,149,0,229,52,0,52,281
03/11/2023,PDK,GA,ASO,ES,Towers with Radar,0,48,69,0,117,0,2,218,0,220,0,50,287,0,337,295,0,295,632
03/12/2023,PDK,GA,ASO,ES,Towers with Radar,0,49,74,0,123,0,0,0,0,0,0,49,74,0,123,0,0,0,123
03/13/2023,PDK,GA,ASO,ES,Towers with Radar,0,61,109,4,174,0,2,137,1,140,0,63,246,5,314,44,0,44,358
03/14/2023,PDK,GA,ASO,ES,Towers with Radar,0,47,118,0,165,0,4,190,0,194,0,51,308,0,359,136,0,136,495
03/15/2023,PDK,GA,ASO,ES,Towers with Radar,0,69,127,0,196,0,0,187,0,187,0,69,314,0,383,312,0,312,695
03/16/2023,PDK,GA,ASO,ES,Towers with Radar,0,105,119,5,229,0,4,246,5,255,0,109,365,10,484,320,0,320,804
03/17/2023,PDK,GA,ASO,ES,Towers with Radar,0,46,103,0,149,0,0,3,0,3,0,46,106,0,152,0,0,0,152
03/18/2023,PDK,GA,ASO,ES,Towers with Radar,0,40,65,3,108,0,3,101,0,104,0,43,166,3,212,72,0,72,284
03/19/2023,PDK,GA,ASO,ES,Towers with Radar,0,57,108,0,165,0,3,132,0,135,0,60,240,0,300,32,0,32,332
03/20/2023,PDK,GA,ASO,ES,Towers with Radar,0,69,95,4,168,0,10,215,0,225,0,79,310,4,393,342,0,342,735
03/21/2023,PDK,GA,ASO,ES,Towers with Radar,0,78,126,0,204,0,17,187,0,204,0,95,313,0,408,250,0,250,658
03/22/2023,PDK,GA,ASO,ES,Towers with Radar,0,79,155,5,239,0,2,172,0,174,0,81,327,5,413,454,0,454,867
03/23/2023,PDK,GA,ASO,ES,Towers with Radar,0,65,112,4,181,0,2,220,0,222,0,67,332,4,403,212,0,212,615
03/24/2023,PDK,GA,ASO,ES,Towers with Radar,0,74,146,0,220,0,4,171,0,175,0,78,317,0,395,102,0,102,497
03/25/2023,PDK,GA,ASO,ES,Towers with Radar,0,37,76,0,113,0,3,3,0,6,0,40,79,0,119,0,0,0,119
03/26/2023,PDK,GA,ASO,ES,Towers with Radar,0,64,128,0,192,0,0,15,0,15,0,64,143,0,207,42,0,42,249
03/27/2023,PDK,GA,ASO,ES,Towers with Radar,2,56,95,0,153,0,12,126,0,138,2,68,221,0,291,40,0,40,331
03/28/2023,PDK,GA,ASO,ES,Towers with Radar,0,71,131,0,202,0,2,143,2,147,0,73,274,2,349,221,0,221,570
03/29/2023,PDK,GA,ASO,ES,Towers with Radar,0,68,129,0,197,0,1,265,2,268,0,69,394,2,465,310,0,310,775
03/30/2023,PDK,GA,ASO,ES,Towers with Radar,0,73,157,0,230,1,3,265,0,269,1,76,422,0,499,296,0,296,795
03/31/2023,PDK,GA,ASO,ES,Towers with Radar,0,67,145,2,214,0,1,133,1,135,0,68,278,3,349,246,4,250,599
04/01/2023,PDK,GA,ASO,ES,Towers with Radar,0,52,76,1,129,0,0,20,0,20,0,52,96,1,149,10,0,10,159
04/02/2023,PDK,GA,ASO,ES,Towers with Radar,0,96,114,2,212,0,3,225,2,230,0,99,339,4,442,228,0,228,670
04/03/2023,PDK,GA,ASO,ES,Towers with Radar,0,72,86,0,158,0,1,52,0,53,0,73,138,0,211,130,0,130,341
04/04/2023,PDK,GA,ASO,ES,Towers with Radar,0,81,140,0,221,0,1,60,0,61,0,82,200,0,282,130,0,130,412
04/05/2023,PDK,GA,ASO,ES,Towers with Radar,0,79,161,2,242,0,2,148,0,150,0,81,309,2,392,190,0,190,582
04/06/2023,PDK,GA,ASO,ES,Towers with Radar,0,99,177,1,277,0,2,182,0,184,0,101,359,1,461,294,0,294,755
04/07/2023,PDK,GA,ASO,ES,Towers with Radar,0,67,147,0,214,0,0,57,0,57,0,67,204,0,271,156,0,156,427
04/08/2023,PDK,GA,ASO,ES,Towers with Radar,0,26,27,0,53,0,0,2,0,2,0,26,29,0,55,0,0,0,55
04/09/2023,PDK,GA,ASO,ES,Towers with Radar,0,74,65,0,139,0,3,91,0,94,0,77,156,0,233,52,0,52,285
04/10/2023,PDK,GA,ASO,ES,Towers with Radar,0,97,146,0,243,0,2,152,0,154,0,99,298,0,397,140,2,142,539
04/11/2023,PDK,GA,ASO,ES,Towers with Radar,0,91,144,0,235,0,35,251,0,286,0,126,395,0,521,306,0,306,827
04/12/2023,PDK,GA,ASO,ES,Towers with Radar,0,77,156,0,233,0,19,311,0,330,0,96,467,0,563,240,0,240,803
04/13/2023,PDK,GA,ASO,ES,Towers with Radar,0,86,158,2,246,0,1,54,0,55,0,87,212,2,301,48,0,48,349
04/14/2023,PDK,GA,ASO,ES,Towers with Radar,0,73,125,0,198,0,2,32,0,34,0,75,157,0,232,44,0,44,276
04/15/2023,PDK,GA,ASO,ES,Towers with Radar,0,41,69,2,112,0,3,287,0,290,0,44,356,2,402,214,0,214,616
04/16/2023,PDK,GA,ASO,ES,Towers with Radar,0,77,105,6,188,0,0,30,0,30,0,77,135,6,218,32,0,32,250
04/17/2023,PDK,GA,ASO,ES,Towers with Radar,0,71,130,0,201,0,5,131,0,136,0,76,261,0,337,18,0,18,355
04/18/2023,PDK,GA,ASO,ES,Towers with Radar,0,81,177,0,258,0,3,227,0,230,0,84,404,0,488,214,0,214,702
04/19/2023,PDK,GA,ASO,ES,Towers with Radar,0,69,163,11,243,0,4,248,1,253,0,73,411,12,496,338,0,338,834
04/20/2023,PDK,GA,ASO,ES,Towers with Radar,0,115,179,0,294,0,4,263,0,267,0,119,442,0,561,206,0,206,767
04/21/2023,PDK,GA,ASO,ES,Towers with Radar,0,56,169,5,230,0,2,212,1,215,0,58,381,6,445,188,0,188,633
04/22/2023,PDK,GA,ASO,ES,Towers with Radar,0,52,86,0,138,0,1,65,0,66,0,53,151,0,204,10,0,10,214
04/23/2023,PDK,GA,ASO,ES,Towers with Radar,0,87,137,2,226,0,5,190,0,195,0,92,327,2,421,168,0,168,589
04/24/2023,PDK,GA,ASO,ES,Towers with Radar,0,85,131,0,216,0,4,224,0,228,0,89,355,0,444,190,0,190,634
04/25/2023,PDK,GA,ASO,ES,Towers with Radar,0,85,152,0,237,0,6,212,0,218,0,91,364,0,455,328,0,328,783
04/26/2023,PDK,GA,ASO,ES,Towers with Radar,1,102,168,0,271,0,0,43,0,43,1,102,211,0,314,124,0,124,438
04/27/2023,PDK,GA,ASO,ES,Towers with Radar,0,71,115,0,186,0,0,0,0,0,0,71,115,0,186,0,0,0,186
04/28/2023,PDK,GA,ASO,ES,Towers with Radar,0,85,179,0,264,0,5,94,1,100,0,90,273,1,364,175,0,175,539
04/29/2023,PDK,GA,ASO,ES,Towers with Radar,1,66,105,0,172,0,7,259,4,270,1,73,364,4,442,212,0,212,654
04/30/2023,PDK,GA,ASO,ES,Towers with Radar,0,81,129,0,210,0,1,22,0,23,0,82,151,0,233,2,0,2,235
05/01/2023,PDK,GA,ASO,ES,Towers with Radar,0,78,137,0,215,0,10,104,0,114,0,88,241,0,329,21,0,21,350
05/02/2023,PDK,GA,ASO,ES,Towers with Radar,0,68,104,0,172,0,5,75,0,80,0,73,179,0,252,0,0,0,252
05/03/2023,PDK,GA,ASO,ES,Towers with Radar,0,109,153,0,262,0,7,90,0,97,0,116,243,0,359,0,0,0,359
05/04/2023,PDK,GA,ASO,ES,Towers with Radar,0,117,177,0,294,0,6,270,0,276,0,123,447,0,570,10,0,10,580
05/05/2023,PDK,GA,ASO,ES,Towers with Radar,0,88,145,0,233,0,8,180,0,188,0,96,325,0,421,2,0,2,423
05/06/2023,PDK,GA,ASO,ES,Towers with Radar,0,63,92,0,155,0,0,152,0,152,0,63,244,0,307,23,0,23,330
05/07/2023,PDK,GA,ASO,ES,Towers with Radar,0,83,152,2,237,0,6,84,0,90,0,89,236,2,327,0,0,0,327
05/08/2023,PDK,GA,ASO,ES,Towers with Radar,1,87,137,0,225,0,7,112,1,120,1,94,249,1,345,0,0,0,345
05/09/2023,PDK,GA,ASO,ES,Towers with Radar,1,82,163,2,248,0,4,112,5,121,1,86,275,7,369,10,0,10,379
05/10/2023,PDK,GA,ASO,ES,Towers with Radar,1,79,165,0,245,0,4,226,0,230,1,83,391,0,475,0,0,0,475
05/11/2023,PDK,GA,ASO,ES,Towers with Radar,0,86,185,1,272,0,6,198,0,204,0,92,383,1,476,32,0,32,508
05/12/2023,PDK,GA,ASO,ES,Towers with Radar,0,80,150,0,230,0,1,19,0,20,0,81,169,0,250,0,0,0,250
05/13/2023,PDK,GA,ASO,ES,Towers with Radar,0,49,80,0,129,0,4,116,0,120,0,53,196,0,249,79,0,79,328
05/14/2023,PDK,GA,ASO,ES,Towers with Radar,0,70,89,0,159,0,6,172,0,178,0,76,261,0,337,196,0,196,533
05/15/2023,PDK,GA,ASO,ES,Towers with Radar,0,77,153,0,230,0,3,143,0,146,0,80,296,0,376,237,0,237,613
05/16/2023,PDK,GA,ASO,ES,Towers with Radar,1,92,176,0,269,0,1,83,0,84,1,93,259,0,353,144,0,144,497
05/17/2023,PDK,GA,ASO,ES,Towers with Radar,0,105,193,0,298,0,4,93,0,97,0,109,286,0,395,130,0,130,525
05/18/2023,PDK,GA,ASO,ES,Towers with Radar,0,109,183,2,294,0,0,14,0,14,0,109,197,2,308,26,0,26,334
05/19/2023,PDK,GA,ASO,ES,Towers with Radar,0,87,173,2,262,0,1,111,0,112,0,88,284,2,374,200,10,210,584
05/20/2023,PDK,GA,ASO,ES,Towers with Radar,0,64,75,1,140,0,1,53,0,54,0,65,128,1,194,185,0,185,379
05/21/2023,PDK,GA,ASO,ES,Towers with Radar,0,85,112,1,198,0,1,83,0,84,0,86,195,1,282,200,0,200,482
05/22/2023,PDK,GA,ASO,ES,Towers with Radar,0,61,136,0,197,0,4,102,0,106,0,65,238,0,303,140,0,140,443
05/23/2023,PDK,GA,ASO,ES,Towers with Radar,0,74,135,0,209,0,2,171,0,173,0,76,306,0,382,198,0,198,580
05/24/2023,PDK,GA,ASO,ES,Towers with Radar,0,89,157,2,248,0,19,258,0,277,0,108,415,2,525,216,0,216,741
05/25/2023,PDK,GA,ASO,ES,Towers with Radar,0,97,162,2,261,0,4,244,1,249,0,101,406,3,510,132,0,132,642
05/26/2023,PDK,GA,ASO,ES,Towers with Radar,0,81,130,2,213,0,4,224,0,228,0,85,354,2,441,144,0,144,585
05/27/2023,PDK,GA,ASO,ES,Towers with Radar,0,51,51,0,102,0,1,129,0,130,0,52,180,0,232,84,0,84,316
05/28/2023,PDK,GA,ASO,ES,Towers with Radar,0,34,48,2,84,0,9,163,0,172,0,43,211,2,256,146,0,146,402
05/29/2023,PDK,GA,ASO,ES,Towers with Radar,0,65,91,0,156,0,8,146,0,154,0,73,237,0,310,248,0,248,558
05/30/2023,PDK,GA,ASO,ES,Towers with Radar,0,86,125,0,211,0,4,194,0,198,0,90,319,0,409,290,0,290,699
05/31/2023,PDK,GA,ASO,ES,Towers with Radar,0,85,172,0,257,0,6,112,0,118,0,91,284,0,375,200,0,200,575
06/01/2023,PDK,GA,ASO,ES,Towers with Radar,0,85,119,0,204,0,14,230,0,244,0,99,349,0,448,222,0,222,670
06/02/2023,PDK,GA,ASO,ES,Towers with Radar,0,65,103,0,168,0,7,256,0,263,0,72,359,0,431,178,0,178,609
06/03/2023,PDK,GA,ASO,ES,Towers with Radar,0,32,64,0,96,0,6,200,0,206,0,38,264,0,302,144,0,144,446
06/04/2023,PDK,GA,ASO,ES,Towers with Radar,0,66,114,0,180,0,4,88,0,92,0,70,202,0,272,139,0,139,411
06/05/2023,PDK,GA,ASO,ES,Towers with Radar,1,76,115,2,194,0,4,113,0,117,1,80,228,2,311,113,0,113,424
06/06/2023,PDK,GA,ASO,ES,Towers with Radar,0,64,127,0,191,0,9,128,1,138,0,73,255,1,329,184,0,184,513
06/07/2023,PDK,GA,ASO,ES,Towers with Radar,0,66,109,1,176,0,6,198,0,204,0,72,307,1,380,116,0,116,496
06/08/2023,PDK,GA,ASO,ES,Towers with Radar,0,72,122,3,197,0,4,192,0,196,0,76,314,3,393,146,0,146,539
06/09/2023,PDK,GA,ASO,ES,Towers with Radar,0,97,104,1,202,0,5,200,0,205,0,102,304,1,407,152,0,152,559
06/10/2023,PDK,GA,ASO,ES,Towers with Radar,0,46,81,1,128,0,3,240,0,243,0,49,321,1,371,131,0,131,502
06/11/2023,PDK,GA,ASO,ES,Towers with Radar,0,83,84,0,167,0,1,30,0,31,0,84,114,0,198,136,0,136,334
06/12/2023,PDK,GA,ASO,ES,Towers with Radar,1,73,110,0,184,0,7,86,0,93,1,80,196,0,277,34,0,34,311
06/13/2023,PDK,GA,ASO,ES,Towers with Radar,0,91,119,4,214,0,9,203,0,212,0,100,322,4,426,258,0,258,684
06/14/2023,PDK,GA,ASO,ES,Towers with Radar,0,77,131,0,208,0,1,23,2,26,0,78,154,2,234,12,0,12,246
06/15/2023,PDK,GA,ASO,ES,Towers with Radar,0,88,129,0,217,0,3,106,0,109,0,91,235,0,326,220,0,220,546
06/16/2023,PDK,GA,ASO,ES,Towers with Radar,0,87,120,0,207,0,5,163,0,168,0,92,283,0,375,105,0,105,480
06/17/2023,PDK,GA,ASO,ES,Towers with Radar,0,65,71,0,136,0,8,237,0,245,0,73,308,0,381,151,0,151,532
06/18/2023,PDK,GA,ASO,ES,Towers with Radar,0,66,64,0,130,0,6,191,0,197,0,72,255,0,327,128,0,128,455
06/19/2023,PDK,GA,ASO,ES,Towers with Radar,0,65,95,0,160,0,3,28,0,31,0,68,123,0,191,46,0,46,237
06/20/2023,PDK,GA,ASO,ES,Towers with Radar,0,51,124,0,175,0,2,64,0,66,0,53,188,0,241,98,0,98,339
06/21/2023,PDK,GA,ASO,ES,Towers with Radar,0,72,129,0,201,0,0,0,0,0,0,72,129,0,201,0,0,0,201
06/22/2023,PDK,GA,ASO,ES,Towers with Radar,0,63,131,2,196,0,0,13,0,13,0,63,144,2,209,20,2,22,231
06/23/2023,PDK,GA,ASO,ES,Towers with Radar,1,74,131,0,206,1,6,100,6,113,2,80,231,6,319,94,0,94,413
06/24/2023,PDK,GA,ASO,ES,Towers with Radar,0,43,92,0,135,0,6,235,0,241,0,49,327,0,376,222,0,222,598
06/25/2023,PDK,GA,ASO,ES,Towers with Radar,0,46,73,0,119,0,3,127,2,132,0,49,200,2,251,182,0,182,433
06/26/2023,PDK,GA,ASO,ES,Towers with Radar,0,73,132,0,205,0,6,136,0,142,0,79,268,0,347,138,0,138,485
06/27/2023,PDK,GA,ASO,ES,Towers with Radar,0,80,101,1,182,0,7,175,0,182,0,87,276,1,364,110,0,110,474
06/28/2023,PDK,GA,ASO,ES,Towers with Radar,0,75,129,2,206,0,0,220,0,220,0,75,349,2,426,158,0,158,584
06/29/2023,PDK,GA,ASO,ES,Towers with Radar,0,76,186,0,262,0,8,166,0,174,0,84,352,0,436,258,0,258,694
06/30/2023,PDK,GA,ASO,ES,Towers with Radar,1,94,128,2,225,0,2,92,0,94,1,96,220,2,319,134,0,134,453
07/01/2023,PDK,GA,ASO,ES,Towers with Radar,0,72,91,2,165,0,3,148,1,152,0,75,239,3,317,148,0,148,465
07/02/2023,PDK,GA,ASO,ES,Towers with Radar,0,53,55,0,108,0,2,91,2,95,0,55,146,2,203,164,0,164,367
07/03/2023,PDK,GA,ASO,ES,Towers with Radar,0,29,70,0,99,0,4,111,0,115,0,33,181,0,214,185,0,185,399
07/04/2023,PDK,GA,ASO,ES,Towers with Radar,0,39,30,0,69,0,5,60,0,65,0,44,90,0,134,78,0,78,212
07/05/2023,PDK,GA,ASO,ES,Towers with Radar,0,62,101,0,163,0,5,117,0,122,0,67,218,0,285,99,0,99,384
07/06/2023,PDK,GA,ASO,ES,Towers with Radar,0,50,111,2,163,0,6,162,4,172,0,56,273,6,335,233,0,233,568
07/07/2023,PDK,GA,ASO,ES,Towers with Radar,0,60,96,0,156,0,5,160,0,165,0,65,256,0,321,148,0,148,469
07/08/2023,PDK,GA,ASO,ES,Towers with Radar,0,70,82,0,152,0,4,193,1,198,0,74,275,1,350,257,0,257,607
07/09/2023,PDK,GA,ASO,ES,Towers with Radar,0,77,99,0,176,0,4,125,0,129,0,81,224,0,305,210,0,210,515
07/10/2023,PDK,GA,ASO,ES,Towers with Radar,0,63,104,0,167,0,4,91,0,95,0,67,195,0,262,142,0,142,404
07/11/2023,PDK,GA,ASO,ES,Towers with Radar,0,72,138,0,210,0,6,211,1,218,0,78,349,1,428,276,0,276,704
07/12/2023,PDK,GA,ASO,ES,Towers with Radar,0,70,152,0,222,0,4,207,0,211,0,74,359,0,433,194,0,194,627
07/13/2023,PDK,GA,ASO,ES,Towers with Radar,0,92,120,2,214,0,5,179,0,184,0,97,299,2,398,203,0,203,601
07/14/2023,PDK,GA,ASO,ES,Towers with Radar,0,51,153,1,205,0,4,149,4,157,0,55,302,5,362,124,0,124,486
07/15/2023,PDK,GA,ASO,ES,Towers with Radar,0,53,75,0,128,0,4,161,0,165,0,57,236,0,293,136,0,136,429
07/16/2023,PDK,GA,ASO,ES,Towers with Radar,0,86,110,5,201,0,11,174,0,185,0,97,284,5,386,142,8,150,536
07/17/2023,PDK,GA,ASO,ES,Towers with Radar,0,68,127,0,195,0,7,115,0,122,0,75,242,0,317,194,0,194,511
07/18/2023,PDK,GA,ASO,ES,Towers with Radar,0,89,133,2,224,0,1,112,0,113,0,90,245,2,337,188,0,188,525
07/19/2023,PDK,GA,ASO,ES,Towers with Radar,1,74,123,0,198,0,2,186,0,188,1,76,309,0,386,176,0,176,562
07/20/2023,PDK,GA,ASO,ES,Towers with Radar,0,61,145,0,206,0,0,169,0,169,0,61,314,0,375,75,0,75,450
07/21/2023,PDK,GA,ASO,ES,Towers with Radar,0,56,104,2,162,0,2,128,0,130,0,58,232,2,292,96,0,96,388
07/22/2023,PDK,GA,ASO,ES,Towers with Radar,1,64,104,2,171,0,1,140,0,141,1,65,244,2,312,164,0,164,476
07/23/2023,PDK,GA,ASO,ES,Towers with Radar,0,69,113,2,184,0,5,200,0,205,0,74,313,2,389,112,0,112,501
07/24/2023,PDK,GA,ASO,ES,Towers with Radar,0,65,107,4,176,0,6,139,0,145,0,71,246,4,321,278,0,278,599
07/25/2023,PDK,GA,ASO,ES,Towers with Radar,0,69,126,0,195,0,13,180,1,194,0,82,306,1,389,294,0,294,683
07/26/2023,PDK,GA,ASO,ES,Towers with Radar,1,82,139,0,222,0,7,181,0,188,1,89,320,0,410,128,0,128,538
07/27/2023,PDK,GA,ASO,ES,Towers with Radar,1,71,157,0,229,0,7,195,0,202,1,78,352,0,431,208,0,208,639
07/28/2023,PDK,GA,ASO,ES,Towers with Radar,0,66,110,2,178,0,3,182,0,185,0,69,292,2,363,197,0,197,560
07/29/2023,PDK,GA,ASO,ES,Towers with Radar,1,56,70,0,127,0,0,158,0,158,1,56,228,0,285,230,0,230,515
07/30/2023,PDK,GA,ASO,ES,Towers with Radar,0,73,94,0,167,0,2,144,0,146,0,75,238,0,313,130,0,130,443
07/31/2023,PDK,GA,ASO,ES,Towers with Radar,0,76,101,4,181,0,8,167,0,175,0,84,268,4,356,164,0,164,520
08/01/2023,PDK,GA,ASO,ES,Towers with Radar,0,81,100,4,185,0,4,171,1,176,0,85,271,5,361,232,0,232,593
08/02/2023,PDK,GA,ASO,ES,Towers with Radar,0,75,131,2,208,0,3,191,1,195,0,78,322,3,403,262,0,262,665
08/03/2023,PDK,GA,ASO,ES,Towers with Radar,0,80,114,0,194,0,0,70,0,70,0,80,184,0,264,166,0,166,430
08/04/2023,PDK,GA,ASO,ES,Towers with Radar,0,59,106,0,165,0,2,99,7,108,0,61,205,7,273,154,0,154,427
08/05/2023,PDK,GA,ASO,ES,Towers with Radar,0,44,90,0,134,0,2,128,0,130,0,46,218,0,264,210,0,210,474
08/06/2023,PDK,GA,ASO,ES,Towers with Radar,0,63,82,0,145,0,1,94,0,95,0,64,176,0,240,94,0,94,334
08/07/2023,PDK,GA,ASO,ES,Towers with Radar,0,11,48,0,59,0,2,75,0,77,0,13,123,0,136,112,2,114,250
08/08/2023,PDK,GA,ASO,ES,Towers with Radar,0,18,80,0,98,0,9,112,0,121,0,27,192,0,219,186,0,186,405
08/09/2023,PDK,GA,ASO,ES,Towers with Radar,0,23,59,0,82,0,3,175,0,178,0,26,234,0,260,180,0,180,440
08/10/2023,PDK,GA,ASO,ES,Towers with Radar,0,9,36,0,45,0,3,93,1,97,0,12,129,1,142,132,0,132,274
08/11/2023,PDK,GA,ASO,ES,Towers with Radar,0,20,42,0,62,0,5,102,0,107,0,25,144,0,169,140,0,140,309
08/12/2023,PDK,GA,ASO,ES,Towers with Radar,0,13,37,0,50,0,5,146,0,151,0,18,183,0,201,306,0,306,507
08/13/2023,PDK,GA,ASO,ES,Towers with Radar,0,7,45,0,52,0,2,181,0,183,0,9,226,0,235,198,0,198,433
08/14/2023,PDK,GA,ASO,ES,Towers with Radar,0,10,61,0,71,0,0,137,0,137,0,10,198,0,208,180,0,180,388
08/15/2023,PDK,GA,ASO,ES,Towers with Radar,0,9,52,0,61,0,5,118,0,123,0,14,170,0,184,118,0,118,302
08/16/2023,PDK,GA,ASO,ES,Towers with Radar,0,20,58,0,78,0,7,207,0,214,0,27,265,0,292,219,0,219,511
08/17/2023,PDK,GA,ASO,ES,Towers with Radar,0,13,60,0,73,0,5,194,0,199,0,18,254,0,272,192,0,192,464
08/18/2023,PDK,GA,ASO,ES,Towers with Radar,0,15,66,0,81,0,4,208,0,212,0,19,274,0,293,157,0,157,450
08/19/2023,PDK,GA,ASO,ES,Towers with Radar,0,11,55,0,66,0,4,240,0,244,0,15,295,0,310,174,0,174,484
08/20/2023,PDK,GA,ASO,ES,Towers with Radar,0,26,72,0,98,0,3,172,0,175,0,29,244,0,273,141,0,141,414
08/21/2023,PDK,GA,ASO,ES,Towers with Radar,1,59,128,2,190,0,6,160,0,166,1,65,288,2,356,108,0,108,464
08/22/2023,PDK,GA,ASO,ES,Towers with Radar,0,53,151,0,204,0,10,203,0,213,0,63,354,0,417,196,0,196,613
08/23/2023,PDK,GA,ASO,ES,Towers with Radar,1,76,150,0,227,0,9,173,0,182,1,85,323,0,409,144,0,144,553
08/24/2023,PDK,GA,ASO,ES,Towers with Radar,0,65,148,2,215,0,5,193,0,198,0,70,341,2,413,178,0,178,591
08/25/2023,PDK,GA,ASO,ES,Towers with Radar,0,42,125,0,167,0,10,190,4,204,0,52,315,4,371,194,0,194,565
08/26/2023,PDK,GA,ASO,ES,Towers with Radar,0,39,58,0,97,0,8,149,1,158,0,47,207,1,255,130,0,130,385
08/27/2023,PDK,GA,ASO,ES,Towers with Radar,0,72,99,0,171,0,6,140,2,148,0,78,239,2,319,216,0,216,535
08/28/2023,PDK,GA,ASO,ES,Towers with Radar,0,60,106,0,166,0,1,99,0,100,0,61,205,0,266,78,0,78,344
08/29/2023,PDK,GA,ASO,ES,Towers with Radar,0,66,129,0,195,0,0,32,0,32,0,66,161,0,227,78,0,78,305
08/30/2023,PDK,GA,ASO,ES,Towers with Radar,0,53,65,0,118,0,3,20,0,23,0,56,85,0,141,112,0,112,253
08/31/2023,PDK,GA,ASO,ES,Towers with Radar,0,104,171,0,275,0,4,212,0,216,0,108,383,0,491,220,0,220,711
